0st_vol,0capacity,0net_inf,0st_rof,0lt_rof,0rest_demand,0unrest_demand,0unfulf_demand,0wastewater,0treat_capacity,0agg_price,0res_price,0gross_rev,0drought_cost,0cont_contrib,0debt_serv,0infra_npv,1st_vol,1capacity,1net_inf,1st_rof,1lt_rof,1rest_demand,1unrest_demand,1unfulf_demand,1wastewater,1treat_capacity,1agg_price,1res_price,1gross_rev,1drought_cost,1cont_contrib,1debt_serv,1infra_npv
85.139,85.139,7.46894,0.05,0,2.16737,2.46977,0,0,4.47552,4.30939e+06,2.70226e+06,9.34005e+06,0,0,0,0,99.3022,98.274,8.49716,0,1,1.73502,1.43262,0,0,2.1168,8.95579e+06,3.61194e+06,1.55384e+07,0,0,0,0
85.139,85.139,6.1862,0.05,0,2.189,2.47066,0,0.406166,4.47552,4.30939e+06,2.70226e+06,9.43324e+06,0,0,0,0,99.3022,98.274,4.66376,0,1,1.7148,1.43313,0,1.34047,2.1168,8.95579e+06,3.61194e+06,1.53573e+07,0,0,0,0
85.139,85.139,5.24133,0.05,0,2.1904,2.47155,0,0.410218,4.47552,4.30939e+06,2.70226e+06,9.43929e+06,0,0,0,0,99.3022,98.274,4.07485,0,1,1.7148,1.43365,0,1.32485,2.1168,8.95579e+06,3.61194e+06,1.53573e+07,0,0,0,0
85.139,85.139,4.83755,0.05,0,2.1918,2.47244,0,0.410481,4.47552,4.30939e+06,2.70226e+06,9.44534e+06,0,0,0,0,99.3022,98.274,3.9217,0,1,1.7148,1.43416,0,1.32485,2.1168,8.95579e+06,3.61194e+06,1.53573e+07,0,0,0,0
85.139,85.139,5.23282,0.05,0,2.43445,2.71457,0,0.410744,4.47552,4.30939e+06,2.70226e+06,1.0491e+07,0,0,0,0,99.3022,98.274,4.19484,0,1,1.88348,1.60337,0,1.32485,2.1168,8.95579e+06,3.61194e+06,1.68681e+07,0,0,0,0
85.139,85.139,6.01641,0.05,0,2.60463,2.71554,0,0.456216,4.47552,4.30939e+06,2.70226e+06,1.12244e+07,0,0,0,0,99.3022,98.274,6.49419,0,1,1.71486,1.60394,0,1.45518,2.1168,8.95579e+06,3.61194e+06,1.53579e+07,0,0,0,0
85.139,85.139,5.66418,0.05,0,2.60618,2.71652,0,0.488108,4.47552,4.30939e+06,2.70226e+06,1.12311e+07,0,0,0,0,99.3022,98.274,4.67214,0,1,1.71486,1.60452,0,1.3249,2.1168,8.95579e+06,3.61194e+06,1.53579e+07,0,0,0,0
85.139,85.139,9.69166,0.05,0,2.60774,2.7175,0,0.488399,4.47552,4.30939e+06,2.70226e+06,1.12377e+07,0,0,0,0,99.3022,98.274,6.39389,0,1,1.71486,1.6051,0,1.3249,2.1168,8.95579e+06,3.61194e+06,1.53579e+07,0,0,0,0
85.139,85.139,5.16799,0.05,0,2.2647,2.37389,0,0.48869,4.47552,4.30939e+06,2.70226e+06,9.75949e+06,0,0,0,0,99.3022,98.274,5.12111,0,1,1.48815,1.37897,0,1.3249,2.1168,8.95579e+06,3.61194e+06,1.33276e+07,0,0,0,0
85.139,85.139,6.94178,0.05,0,2.07234,2.37474,0,0.424406,4.47552,4.30939e+06,2.70226e+06,8.93053e+06,0,0,0,0,99.3022,98.274,6.13575,0,1,1.68186,1.37946,0,1.14974,2.1168,8.95579e+06,3.61194e+06,1.50624e+07,0,0,0,0
85.139,85.139,5.32529,0.05,0,2.0732,2.3756,0,0.388357,4.47552,4.30939e+06,2.70226e+06,8.93421e+06,0,0,0,0,99.3022,98.274,4.78457,0,1,1.68236,1.37996,0,1.29941,2.1168,8.95579e+06,3.61194e+06,1.50668e+07,0,0,0,0
85.139,85.139,6.45395,0.05,0,2.07405,2.37645,0,0.388517,4.47552,4.30939e+06,2.70226e+06,8.93788e+06,0,0,0,0,99.3022,98.274,5.2864,0,1,1.68285,1.38045,0,1.29979,2.1168,8.95579e+06,3.61194e+06,1.50713e+07,0,0,0,0
85.139,85.139,5.65402,0.05,0,2.0749,2.3773,0,0.388677,4.47552,4.30939e+06,2.70226e+06,8.94156e+06,0,0,0,0,99.3022,98.274,5.91182,0,1,1.68335,1.38095,0,1.30017,2.1168,8.95579e+06,3.61194e+06,1.50757e+07,0,0,0,0
85.139,85.139,6.15145,0.05,0,2.16265,2.46505,0,0.388837,4.47552,4.30939e+06,2.70226e+06,9.3197e+06,0,0,0,0,99.3022,98.274,4.01163,0,1,1.7394,1.437,0,1.30055,2.1168,8.95579e+06,3.61194e+06,1.55777e+07,0,0,0,0
85.139,85.139,4.54527,0.05,0,2.18866,2.46593,0,0.40528,4.47552,4.30939e+06,2.70226e+06,9.43178e+06,0,0,0,0,99.3022,98.274,4.15453,0,1,1.7148,1.43752,0,1.34386,2.1168,8.95579e+06,3.61194e+06,1.53574e+07,0,0,0,0
85.139,85.139,3.73653,0.05,0,2.19006,2.46682,0,0.410155,4.47552,4.30939e+06,2.70226e+06,9.43782e+06,0,0,0,0,99.3022,98.274,4.32228,0,1,1.7148,1.43804,0,1.32485,2.1168,8.95579e+06,3.61194e+06,1.53574e+07,0,0,0,0
85.139,85.139,3.46711,0.05,0,2.19146,2.46771,0,0.410417,4.47552,4.30939e+06,2.70226e+06,9.44386e+06,0,0,0,0,99.3022,98.274,4.62515,0,1,1.7148,1.43855,0,1.32485,2.1168,8.95579e+06,3.61194e+06,1.53574e+07,0,0,0,0
85.139,85.139,3.27943,0.05,0,2.15884,2.43457,0,0.41068,4.47552,4.30939e+06,2.70226e+06,9.30328e+06,0,0,0,0,99.3022,98.274,4.73271,0,1,1.69319,1.41746,0,1.32485,2.1168,8.95579e+06,3.61194e+06,1.51638e+07,0,0,0,0
85.139,85.139,3.73268,0.05,0,2.13862,2.43544,0,0.404567,4.47552,4.30939e+06,2.70226e+06,9.21615e+06,0,0,0,0,99.3022,98.274,4.77073,0,1,1.71479,1.41797,0,1.30816,2.1168,8.95579e+06,3.61194e+06,1.53573e+07,0,0,0,0
85.139,85.139,3.20398,0.05,0,2.14,2.43632,0,0.400778,4.47552,4.30939e+06,2.70226e+06,9.22211e+06,0,0,0,0,99.3022,98.274,4.59476,0,1,1.71479,1.41848,0,1.32485,2.1168,8.95579e+06,3.61194e+06,1.53573e+07,0,0,0,0
85.139,85.139,3.1755,0.04,0,2.14139,2.43719,0,0.401037,4.47552,4.30939e+06,2.70226e+06,9.22807e+06,0,0,0,0,99.3022,98.274,4.52671,0,1,1.71479,1.41899,0,1.32485,2.1168,8.95579e+06,3.61194e+06,1.53573e+07,0,0,0,0
85.139,85.139,2.69205,0.04,0,2.25843,2.55372,0,0.401296,4.47552,4.30939e+06,2.70226e+06,9.73243e+06,0,0,0,0,99.3022,98.274,3.96013,0,1,1.79153,1.49624,0,1.32485,2.1168,8.95579e+06,3.61194e+06,1.60446e+07,0,0,0,0
84.9097,85.139,2.48987,0.03,0,2.3366,2.55464,0,0.423229,4.47552,4.30939e+06,2.70226e+06,1.00693e+07,0,0,0,0,99.3022,98.274,3.39398,0,1,1.71482,1.49678,0,1.38414,2.1168,8.95579e+06,3.61194e+06,1.53575e+07,0,0,0,0
84.4546,85.139,2.18799,0.05,0,2.33805,2.55555,0,0.437878,4.47552,4.30939e+06,2.70226e+06,1.00756e+07,0,0,0,0,99.3022,98.274,3.26148,0,1,1.71482,1.49731,0,1.32487,2.1168,8.95579e+06,3.61194e+06,1.53575e+07,0,0,0,0
83.9406,85.139,2.12133,0.04,0,2.3395,2.55647,0,0.43815,4.47552,4.30939e+06,2.70226e+06,1.00818e+07,0,0,0,0,99.3022,98.274,3.2844,0,1,1.71482,1.49785,0,1.32487,2.1168,8.95579e+06,3.61194e+06,1.53575e+07,0,0,0,0
83.3528,85.139,2.03188,0.04,0,2.34096,2.55739,0,0.438423,4.47552,4.30939e+06,2.70226e+06,1.00881e+07,0,0,0,0,99.3022,98.274,3.05292,0,1,1.71482,1.49839,0,1.32487,2.1168,8.95579e+06,3.61194e+06,1.53575e+07,0,0,0,0
82.7989,85.139,2.00233,0.02,0,2.3195,2.53539,0,0.438695,4.47552,4.30939e+06,2.70226e+06,9.99562e+06,0,0,0,0,99.3022,98.274,2.64749,0,1,1.75707,1.54118,0,1.32487,2.1168,8.95579e+06,3.61194e+06,1.5736e+07,0,0,0,0
82.0484,85.139,1.83304,0.02,0,2.3632,2.5363,0,0.434674,4.47552,4.30939e+06,2.70226e+06,1.0184e+07,0,0,0,0,99.3022,98.274,2.32365,0,1,1.71483,1.54174,0,1.35752,2.1168,8.95579e+06,3.61194e+06,1.53577e+07,0,0,0,0
81.1805,85.139,1.68293,0.03,0,2.36466,2.53721,0,0.442864,4.47552,4.30939e+06,2.70226e+06,1.01903e+07,0,0,0,0,99.2352,98.274,2.28884,0,1,1.71483,1.54229,0,1.32488,2.1168,8.95579e+06,3.61194e+06,1.53577e+07,0,0,0,0
80.2309,85.139,1.57417,0.03,0,2.36613,2.53812,0,0.443138,4.47552,4.30939e+06,2.70226e+06,1.01966e+07,0,0,0,0,99.1004,98.274,2.21045,0,1,1.71483,1.54284,0,1.32488,2.1168,8.95579e+06,3.61194e+06,1.53577e+07,0,0,0,0
79.0849,85.139,1.43114,0.03,0,2.42684,2.59828,0,0.443412,4.47552,4.30939e+06,2.70226e+06,1.04582e+07,0,0,0,0,98.8984,98.274,2.01101,0,1,1.75255,1.58111,0,1.32488,2.1168,8.95579e+06,3.61194e+06,1.56954e+07,0,0,0,0
77.7504,85.139,1.25045,0.04,0,2.46604,2.59922,0,0.454791,4.47552,4.30939e+06,2.70226e+06,1.06271e+07,0,0,0,0,98.5426,98.274,1.86389,0,1,1.71485,1.58167,0,1.35402,2.1168,8.95579e+06,3.61194e+06,1.53578e+07,0,0,0,0
76.3338,85.139,1.15875,0.04,0,2.46754,2.60015,0,0.462136,4.47552,4.30939e+06,2.70226e+06,1.06336e+07,0,0,0,0,98.239,98.274,1.65754,0,1,1.71485,1.58224,0,1.32489,2.1168,8.95579e+06,3.61194e+06,1.53578e+07,0,0,0,0
74.9532,85.139,1.17929,0.04,0,2.46904,2.60108,0,0.462417,4.47552,4.30939e+06,2.70226e+06,1.06401e+07,0,0,0,0,97.9561,98.274,1.87784,0,1,1.71485,1.58281,0,1.32489,2.1168,8.95579e+06,3.61194e+06,1.53578e+07,0,0,0,0
73.3952,85.139,1.13851,0.04,0,2.64432,2.77579,0,0.462698,4.47552,4.30939e+06,2.70226e+06,1.13954e+07,0,0,0,0,97.6112,98.274,1.92655,0,1,1.85117,1.7197,0,1.32489,2.1168,8.95579e+06,3.61194e+06,1.65787e+07,0,0,0,0
71.4686,85.139,0.888922,0.04,0,2.77678,2.77678,0,0.495545,4.47552,4.30939e+06,2.70226e+06,1.19662e+07,0,0,0,0,97.2814,98.274,1.7602,0,1,1.72031,1.72031,0,1.43021,2.1168,8.95579e+06,3.61194e+06,1.54068e+07,0,0,0,0
69.6624,85.139,0.992623,0.04,0,2.77778,2.77778,0,0.520369,4.47552,4.30939e+06,2.70226e+06,1.19705e+07,0,0,0,0,96.9164,98.274,1.74414,0,1,1.72093,1.72093,0,1.32911,2.1168,8.95579e+06,3.61194e+06,1.54123e+07,0,0,0,0
67.6036,85.139,0.732761,0.04,0,2.77877,2.77877,0,0.520555,4.47552,4.30939e+06,2.70226e+06,1.19748e+07,0,0,0,0,96.4865,98.274,1.58916,0,1,1.72155,1.72155,0,1.32959,2.1168,8.95579e+06,3.61194e+06,1.54178e+07,0,0,0,0
65.6206,85.139,0.792269,0.07,0,2.77977,2.77977,0,0.520742,4.47552,4.30939e+06,2.70226e+06,1.19791e+07,0,0,0,0,95.9325,98.274,1.58357,0,1,1.72216,1.72216,0,1.33007,2.1168,8.95579e+06,3.61194e+06,1.54233e+07,0,0,0,0
63.6945,85.139,0.856241,0.08,0,2.69592,2.69592,0,0.520929,4.47552,4.30939e+06,2.70226e+06,1.16178e+07,0,0,0,0,95.6939,98.274,1.37376,0,1,1.63989,1.63989,0,1.33054,2.1168,8.95579e+06,3.61194e+06,1.46865e+07,0,0,0,0
61.9647,85.139,0.990215,0.08,0,2.62249,2.69688,0,0.505215,4.47552,4.30939e+06,2.70226e+06,1.13013e+07,0,0,0,0,95.5533,98.274,2.2951,0,1,1.71487,1.64048,0,1.26698,2.1168,8.95579e+06,3.61194e+06,1.5358e+07,0,0,0,0
60.2181,85.139,0.953704,0.12,0,2.62405,2.69785,0,0.491455,4.47552,4.30939e+06,2.70226e+06,1.1308e+07,0,0,0,0,95.3703,98.274,2.18756,0,1,1.71487,1.64106,0,1.32491,2.1168,8.95579e+06,3.61194e+06,1.5358e+07,0,0,0,0
58.4753,85.139,0.937874,0.12,0,2.6256,2.69882,0,0.491746,4.47552,4.30939e+06,2.70226e+06,1.13147e+07,0,0,0,0,95.2573,98.274,2.59503,0,1,1.71487,1.64165,0,1.32491,2.1168,8.95579e+06,3.61194e+06,1.5358e+07,0,0,0,0
56.9281,85.139,1.08357,0.13,0,2.55741,2.63004,0,0.492038,4.47552,4.30939e+06,2.70226e+06,1.10209e+07,0,0,0,0,95.162,98.274,2.32058,0,1,1.63931,1.56668,0,1.32491,2.1168,8.95579e+06,3.61194e+06,1.46813e+07,0,0,0,0
55.3616,85.139,0.967617,0.13,0,2.48338,2.63098,0,0.479259,4.47552,4.30939e+06,2.70226e+06,1.07019e+07,0,0,0,0,94.9898,98.274,2.13548,0,1,1.71484,1.56724,0,1.26653,2.1168,8.95579e+06,3.61194e+06,1.53578e+07,0,0,0,0
54.1713,85.139,1.37802,0.14,0,2.48488,2.63192,0,0.465386,4.47552,4.30939e+06,2.70226e+06,1.07083e+07,0,0,0,0,94.9677,98.274,2.60088,0,1,1.71484,1.5678,0,1.32489,2.1168,8.95579e+06,3.61194e+06,1.53578e+07,0,0,0,0
54.4804,85.139,2.90191,0.14,0,2.48639,2.63287,0,0.465667,4.47552,4.30939e+06,2.70226e+06,1.07148e+07,0,0,0,0,95.6283,98.274,4.18609,0,1,1.71484,1.56836,0,1.32489,2.1168,8.95579e+06,3.61194e+06,1.53578e+07,0,0,0,0
54.5539,85.139,2.51783,0.14,0,2.28954,2.43545,0,0.465949,4.47552,4.30939e+06,2.70226e+06,9.8665e+06,0,0,0,0,95.7098,98.274,2.6476,0,1,1.55725,1.41133,0,1.32489,2.1168,8.95579e+06,3.61194e+06,1.39464e+07,0,0,0,0
55.6495,85.139,3.48682,0.14,0,2.13392,2.43632,0,0.429059,4.47552,4.30939e+06,2.70226e+06,9.19591e+06,0,0,0,0,95.7274,98.274,2.80734,0,1,1.71424,1.41184,0,1.20313,2.1168,8.95579e+06,3.61194e+06,1.53523e+07,0,0,0,0
57.0885,85.139,3.85187,0.15,0,2.1348,2.4372,0,0.399897,4.47552,4.30939e+06,2.70226e+06,9.19966e+06,0,0,0,0,95.7729,98.274,2.97496,0,1,1.71474,1.41234,0,1.32442,2.1168,8.95579e+06,3.61194e+06,1.53569e+07,0,0,0,0
58.2408,85.139,3.53734,0.13,0,2.13613,2.43807,0,0.400061,4.47552,4.30939e+06,2.70226e+06,9.20541e+06,0,0,0,0,95.7179,98.274,2.44091,0,1,1.71479,1.41285,0,1.32481,2.1168,8.95579e+06,3.61194e+06,1.53573e+07,0,0,0,0
60.198,85.139,4.37445,0.14,0,2.13751,2.43894,0,0.40031,4.47552,4.30939e+06,2.70226e+06,9.21134e+06,0,0,0,0,96.0237,98.274,3.24599,0,1,1.71479,1.41335,0,1.32484,2.1168,8.95579e+06,3.61194e+06,1.53573e+07,0,0,0,0
61.6792,85.139,4.06299,0.14,0,2.2153,2.51623,0,0.400569,4.47552,4.30939e+06,2.70226e+06,9.54658e+06,0,0,0,0,96.3775,98.274,2.87851,0,1,1.76049,1.45956,0,1.32484,2.1168,8.95579e+06,3.61194e+06,1.57666e+07,0,0,0,0
62.2498,85.139,3.16991,0.15,0,2.26238,2.5171,0,0.415147,4.47552,4.30939e+06,2.70226e+06,9.74948e+06,0,0,0,0,96.6178,98.274,2.65055,0,1,1.71479,1.46007,0,1.36016,2.1168,8.95579e+06,3.61194e+06,1.53573e+07,0,0,0,0
64.9418,85.139,5.38536,0.15,0,2.26376,2.51797,0,0.42397,4.47552,4.30939e+06,2.70226e+06,9.75542e+06,0,0,0,0,96.977,98.274,3.14163,0,1,1.71479,1.46057,0,1.32484,2.1168,8.95579e+06,3.61194e+06,1.53573e+07,0,0,0,0
69.354,85.139,7.13741,0.11,0,2.26514,2.51884,0,0.424229,4.47552,4.30939e+06,2.70226e+06,9.76136e+06,0,0,0,0,98.2486,98.274,7.58695,0,1,1.71479,1.46108,0,1.32484,2.1168,8.95579e+06,3.61194e+06,1.53573e+07,0,0,0,0
73.6318,85.139,7.35525,0.08,0,2.51229,2.76548,0,0.424487,4.47552,4.30939e+06,2.70226e+06,1.08264e+07,0,0,0,0,99.3022,98.274,6.3287,0,1,1.88664,1.63344,0,1.32484,2.1168,8.95579e+06,3.61194e+06,1.68963e+07,0,0,0,0
77.9608,85.139,7.63022,0.08,0,2.6856,2.76644,0,0.470802,4.47552,4.30939e+06,2.70226e+06,1.15733e+07,0,0,0,0,99.3022,98.274,6.98485,0,1,1.71485,1.634,0,1.45762,2.1168,8.95579e+06,3.61194e+06,1.53578e+07,0,0,0,0
83.5031,85.139,8.96719,0.05,0,2.68713,2.7674,0,0.503282,4.47552,4.30939e+06,2.70226e+06,1.15799e+07,0,0,0,0,99.3022,98.274,7.30964,0,1,1.71485,1.63457,0,1.32489,2.1168,8.95579e+06,3.61194e+06,1.53578e+07,0,0,0,0
85.139,85.139,7.85821,0.04,0,2.68865,2.76836,0,0.503567,4.47552,4.30939e+06,2.70226e+06,1.15864e+07,0,0,0,0,99.3022,98.274,9.07872,0,1,1.71485,1.63514,0,1.32489,2.1168,8.95579e+06,3.61194e+06,1.53578e+07,0,0,0,0
85.139,85.139,5.5147,0.04,0,2.33915,2.41829,0,0.503853,4.47552,4.30939e+06,2.70226e+06,1.00803e+07,0,0,0,0,99.3022,98.274,5.81687,0,1,1.4839,1.40476,0,1.32489,2.1168,8.95579e+06,3.61194e+06,1.32895e+07,0,0,0,0
85.139,85.139,4.45538,0.04,0,2.11673,2.41913,0,0.438356,4.47552,4.30939e+06,2.70226e+06,9.1218e+06,0,0,0,0,99.3022,98.274,4.76777,0,1,1.70764,1.40524,0,1.14646,2.1168,8.95579e+06,3.61194e+06,1.52933e+07,0,0,0,0
85.139,85.139,3.91054,0.04,0,2.11756,2.41996,0,0.396675,4.47552,4.30939e+06,2.70226e+06,9.12541e+06,0,0,0,0,99.3022,98.274,3.96689,0,1,1.70813,1.40573,0,1.31933,2.1168,8.95579e+06,3.61194e+06,1.52976e+07,0,0,0,0
85.139,85.139,3.35404,0.04,0,2.1184,2.4208,0,0.396832,4.47552,4.30939e+06,2.70226e+06,9.12902e+06,0,0,0,0,99.3022,98.274,4.42672,0,1,1.70862,1.40622,0,1.3197,2.1168,8.95579e+06,3.61194e+06,1.5302e+07,0,0,0,0
85.139,85.139,5.10023,0.04,0,2.11924,2.42164,0,0.396989,4.47552,4.30939e+06,2.70226e+06,9.13263e+06,0,0,0,0,99.3022,98.274,3.83944,0,1,1.7091,1.4067,0,1.32008,2.1168,8.95579e+06,3.61194e+06,1.53064e+07,0,0,0,0
85.139,85.139,6.89454,0.04,0,2.20859,2.51099,0,0.397146,4.47552,4.30939e+06,2.70226e+06,9.51768e+06,0,0,0,0,99.3022,98.274,7.59199,0,1,1.76619,1.46379,0,1.32045,2.1168,8.95579e+06,3.61194e+06,1.58176e+07,0,0,0,0
85.139,85.139,5.25645,0.05,0,2.26137,2.51186,0,0.41389,4.47552,4.30939e+06,2.70226e+06,9.74511e+06,0,0,0,0,99.3022,98.274,5.86688,0,1,1.71479,1.46429,0,1.36456,2.1168,8.95579e+06,3.61194e+06,1.53573e+07,0,0,0,0
85.139,85.139,4.26665,0.05,0,2.26274,2.51273,0,0.42378,4.47552,4.30939e+06,2.70226e+06,9.75104e+06,0,0,0,0,99.3022,98.274,4.70602,0,1,1.71479,1.4648,0,1.32484,2.1168,8.95579e+06,3.61194e+06,1.53573e+07,0,0,0,0
85.139,85.139,3.86807,0.05,0,2.26412,2.5136,0,0.424038,4.47552,4.30939e+06,2.70226e+06,9.75697e+06,0,0,0,0,99.3022,98.274,4.23115,0,1,1.71479,1.46531,0,1.32484,2.1168,8.95579e+06,3.61194e+06,1.53573e+07,0,0,0,0
85.139,85.139,3.30376,0.05,0,2.23084,2.47981,0,0.424296,4.47552,4.30939e+06,2.70226e+06,9.61356e+06,0,0,0,0,99.3022,98.274,4.27174,0,1,1.69278,1.4438,0,1.32484,2.1168,8.95579e+06,3.61194e+06,1.51601e+07,0,0,0,0
85.139,85.139,2.90317,0.05,0,2.21019,2.48067,0,0.418059,4.47552,4.30939e+06,2.70226e+06,9.52458e+06,0,0,0,0,99.3022,98.274,3.89784,0,1,1.71478,1.4443,0,1.30784,2.1168,8.95579e+06,3.61194e+06,1.53572e+07,0,0,0,0
85.139,85.139,2.79669,0.05,0,2.21155,2.48153,0,0.41419,4.47552,4.30939e+06,2.70226e+06,9.53043e+06,0,0,0,0,99.3022,98.274,4.07159,0,1,1.71478,1.4448,0,1.32484,2.1168,8.95579e+06,3.61194e+06,1.53572e+07,0,0,0,0
85.139,85.139,2.58834,0.04,0,2.21291,2.48239,0,0.414445,4.47552,4.30939e+06,2.70226e+06,9.53629e+06,0,0,0,0,99.3022,98.274,3.82163,0,1,1.71478,1.4453,0,1.32484,2.1168,8.95579e+06,3.61194e+06,1.53572e+07,0,0,0,0
85.1167,85.139,2.64881,0.04,0,2.33207,2.60104,0,0.414699,4.47552,4.30939e+06,2.70226e+06,1.00498e+07,0,0,0,0,99.3022,98.274,3.70335,0,1,1.79295,1.52397,0,1.32484,2.1168,8.95579e+06,3.61194e+06,1.60573e+07,0,0,0,0
84.6607,85.139,2.23381,0.06,0,2.41163,2.60194,0,0.437029,4.47552,4.30939e+06,2.70226e+06,1.03927e+07,0,0,0,0,99.3022,98.274,3.21484,0,1,1.71481,1.5245,0,1.38523,2.1168,8.95579e+06,3.61194e+06,1.53574e+07,0,0,0,0
83.9925,85.139,2.01114,0.05,0,2.41306,2.60284,0,0.45194,4.47552,4.30939e+06,2.70226e+06,1.03988e+07,0,0,0,0,99.3022,98.274,2.98289,0,1,1.71481,1.52502,0,1.32486,2.1168,8.95579e+06,3.61194e+06,1.53574e+07,0,0,0,0
83.2712,85.139,1.94861,0.04,0,2.41449,2.60374,0,0.452207,4.47552,4.30939e+06,2.70226e+06,1.0405e+07,0,0,0,0,99.3022,98.274,2.69812,0,1,1.71481,1.52555,0,1.32486,2.1168,8.95579e+06,3.61194e+06,1.53575e+07,0,0,0,0
82.3603,85.139,1.72364,0.05,0,2.41591,2.60464,0,0.452475,4.47552,4.30939e+06,2.70226e+06,1.04111e+07,0,0,0,0,99.3022,98.274,2.54902,0,1,1.71481,1.52608,0,1.32486,2.1168,8.95579e+06,3.61194e+06,1.53575e+07,0,0,0,0
81.9479,85.139,2.21163,0.03,0,2.39401,2.58221,0,0.452742,4.47552,4.30939e+06,2.70226e+06,1.03167e+07,0,0,0,0,99.0871,98.274,2.15316,0,1,1.75784,1.56964,0,1.32486,2.1168,8.95579e+06,3.61194e+06,1.57429e+07,0,0,0,0
81.3961,85.139,2.09774,0.03,0,2.43846,2.5831,0,0.448637,4.47552,4.30939e+06,2.70226e+06,1.05083e+07,0,0,0,0,98.8319,98.274,1.93905,0,1,1.71482,1.57018,0,1.35811,2.1168,8.95579e+06,3.61194e+06,1.53576e+07,0,0,0,0
80.7828,85.139,2.02353,0.03,0,2.4399,2.58399,0,0.456968,4.47552,4.30939e+06,2.70226e+06,1.05145e+07,0,0,0,0,98.6762,98.274,1.85516,0,1,1.71482,1.57073,0,1.32487,2.1168,8.95579e+06,3.61194e+06,1.53576e+07,0,0,0,0
80.3406,85.139,2.16941,0.03,0,2.44133,2.58489,0,0.457237,4.47552,4.30939e+06,2.70226e+06,1.05207e+07,0,0,0,0,98.2594,98.274,2.08353,0,1,1.71482,1.57127,0,1.32487,2.1168,8.95579e+06,3.61194e+06,1.53576e+07,0,0,0,0
79.6312,85.139,1.94413,0.03,0,2.50312,2.64613,0,0.457506,4.47552,4.30939e+06,2.70226e+06,1.07869e+07,0,0,0,0,97.5409,98.274,1.57686,0,1,1.75323,1.61022,0,1.32487,2.1168,8.95579e+06,3.61194e+06,1.57016e+07,0,0,0,0
78.7412,85.139,1.77603,0.03,0,2.54298,2.64704,0,0.469084,4.47552,4.30939e+06,2.70226e+06,1.09587e+07,0,0,0,0,96.7496,98.274,1.22782,0,1,1.71484,1.61078,0,1.35455,2.1168,8.95579e+06,3.61194e+06,1.53577e+07,0,0,0,0
77.6342,85.139,1.55054,0.04,0,2.54445,2.64796,0,0.476555,4.47552,4.30939e+06,2.70226e+06,1.0965e+07,0,0,0,0,95.9029,98.274,1.14216,0,1,1.71484,1.61133,0,1.32488,2.1168,8.95579e+06,3.61194e+06,1.53577e+07,0,0,0,0
76.4158,85.139,1.42948,0.04,0,2.54593,2.64887,0,0.476831,4.47552,4.30939e+06,2.70226e+06,1.09714e+07,0,0,0,0,95.0502,98.274,1.10119,0,1,1.71484,1.61189,0,1.32488,2.1168,8.95579e+06,3.61194e+06,1.53577e+07,0,0,0,0
74.9227,85.139,1.27676,0.04,0,2.72437,2.82675,0,0.477106,4.47552,4.30939e+06,2.70226e+06,1.17403e+07,0,0,0,0,94.1058,98.274,1.08909,0,1,1.85366,1.75127,0,1.32488,2.1168,8.95579e+06,3.61194e+06,1.6601e+07,0,0,0,0
73.8755,85.139,1.81956,0.04,0,2.82773,2.82773,0,0.510546,4.47552,4.30939e+06,2.70226e+06,1.21858e+07,0,0,0,0,93.2099,98.274,1.14481,0,1,1.75188,1.75188,0,1.43214,2.1168,8.95579e+06,3.61194e+06,1.56894e+07,0,0,0,0
72.5278,85.139,1.53144,0.04,0,2.82871,2.82871,0,0.529917,4.47552,4.30939e+06,2.70226e+06,1.219e+07,0,0,0,0,92.4424,98.274,1.00773,0,1,1.75248,1.75248,0,1.3535,2.1168,8.95579e+06,3.61194e+06,1.56949e+07,0,0,0,0
71.3417,85.139,1.66973,0.05,0,2.82968,2.82968,0,0.5301,4.47552,4.30939e+06,2.70226e+06,1.21942e+07,0,0,0,0,91.7385,98.274,1.32701,0,1,1.75309,1.75309,0,1.35397,2.1168,8.95579e+06,3.61194e+06,1.57003e+07,0,0,0,0
70.0488,85.139,1.55334,0.06,0,2.83066,2.83066,0,0.530283,4.47552,4.30939e+06,2.70226e+06,1.21984e+07,0,0,0,0,91.1655,98.274,1.19943,0,1,1.75369,1.75369,0,1.35444,2.1168,8.95579e+06,3.61194e+06,1.57057e+07,0,0,0,0
68.894,85.139,1.60296,0.06,0,2.74524,2.74524,0,0.530466,4.47552,4.30939e+06,2.70226e+06,1.18303e+07,0,0,0,0,90.9389,98.274,1.24082,0,1,1.66989,1.66989,0,1.3549,2.1168,8.95579e+06,3.61194e+06,1.49552e+07,0,0,0,0
67.61,85.139,1.42877,0.05,0,2.7018,2.74619,0,0.514458,4.47552,4.30939e+06,2.70226e+06,1.16431e+07,0,0,0,0,90.2542,98.274,2.08592,0,1,1.71486,1.67047,0,1.29016,2.1168,8.95579e+06,3.61194e+06,1.53579e+07,0,0,0,0
66.1017,85.139,1.19253,0.09,0,2.70333,2.74714,0,0.506318,4.47552,4.30939e+06,2.70226e+06,1.16497e+07,0,0,0,0,89.6429,98.274,1.10504,0,1,1.71486,1.67104,0,1.3249,2.1168,8.95579e+06,3.61194e+06,1.53579e+07,0,0,0,0
65.0552,85.139,1.70103,0.09,0,2.70485,2.74809,0,0.506603,4.47552,4.30939e+06,2.70226e+06,1.16563e+07,0,0,0,0,89.2709,98.274,1.26473,0,1,1.71486,1.67162,0,1.3249,2.1168,8.95579e+06,3.61194e+06,1.53579e+07,0,0,0,0
64.2438,85.139,2.00015,0.1,0,2.63536,2.67802,0,0.506889,4.47552,4.30939e+06,2.70226e+06,1.13568e+07,0,0,0,0,89.1746,98.274,1.62457,0,1,1.63792,1.59526,0,1.3249,2.1168,8.95579e+06,3.61194e+06,1.46689e+07,0,0,0,0
63.4363,85.139,1.92518,0.1,0,2.55993,2.67894,0,0.493867,4.47552,4.30939e+06,2.70226e+06,1.10317e+07,0,0,0,0,88.9586,98.274,1.86176,0,1,1.71483,1.59581,0,1.26546,2.1168,8.95579e+06,3.61194e+06,1.53577e+07,0,0,0,0
64.4327,85.139,3.77312,0.1,0,2.5614,2.67987,0,0.47973,4.47552,4.30939e+06,2.70226e+06,1.10381e+07,0,0,0,0,89.0608,98.274,3.07949,0,1,1.71483,1.59636,0,1.32488,2.1168,8.95579e+06,3.61194e+06,1.53577e+07,0,0,0,0
64.5047,85.139,2.81281,0.11,0,2.56288,2.68079,0,0.480006,4.47552,4.30939e+06,2.70226e+06,1.10444e+07,0,0,0,0,89.1981,98.274,3.30117,0,1,1.71483,1.59691,0,1.32488,2.1168,8.95579e+06,3.61194e+06,1.53577e+07,0,0,0,0
64.5773,85.139,2.70402,0.11,0,2.36239,2.47975,0,0.480283,4.47552,4.30939e+06,2.70226e+06,1.01804e+07,0,0,0,0,89.2506,98.274,2.51101,0,1,1.55437,1.437,0,1.32488,2.1168,8.95579e+06,3.61194e+06,1.39206e+07,0,0,0,0
65.5809,85.139,3.52953,0.12,0,2.20333,2.48061,0,0.442711,4.47552,4.30939e+06,2.70226e+06,9.49502e+06,0,0,0,0,89.1986,98.274,2.90622,0,1,1.71478,1.4375,0,1.20091,2.1168,8.95579e+06,3.61194e+06,1.53572e+07,0,0,0,0
66.5511,85.139,3.52808,0.12,0,2.20469,2.48147,0,0.412905,4.47552,4.30939e+06,2.70226e+06,9.50085e+06,0,0,0,0,89.4253,98.274,4.44078,0,1,1.71478,1.438,0,1.32484,2.1168,8.95579e+06,3.61194e+06,1.53572e+07,0,0,0,0
66.3608,85.139,2.29763,0.12,0,2.20604,2.48232,0,0.413158,4.47552,4.30939e+06,2.70226e+06,9.50667e+06,0,0,0,0,89.0572,98.274,2.08059,0,1,1.71478,1.43849,0,1.32484,2.1168,8.95579e+06,3.61194e+06,1.53572e+07,0,0,0,0
65.8186,85.139,1.94639,0.12,0,2.20739,2.48318,0,0.413411,4.47552,4.30939e+06,2.70226e+06,9.5125e+06,0,0,0,0,88.9936,98.274,1.95022,0,1,1.71478,1.43899,0,1.32484,2.1168,8.95579e+06,3.61194e+06,1.53572e+07,0,0,0,0
66.9289,85.139,3.76214,0.12,0,2.28654,2.56183,0,0.413665,4.47552,4.30939e+06,2.70226e+06,9.85359e+06,0,0,0,0,89.0985,98.274,2.37944,0,1,1.76131,1.48602,0,1.32484,2.1168,8.95579e+06,3.61194e+06,1.57739e+07,0,0,0,0
68.7804,85.139,4.68956,0.12,0,2.33442,2.56269,0,0.428498,4.47552,4.30939e+06,2.70226e+06,1.00599e+07,0,0,0,0,89.3573,98.274,2.80452,0,1,1.71478,1.48651,0,1.36079,2.1168,8.95579e+06,3.61194e+06,1.53572e+07,0,0,0,0
69.6741,85.139,3.60997,0.07,0,2.33577,2.56354,0,0.437471,4.47552,4.30939e+06,2.70226e+06,1.00658e+07,0,0,0,0,89.3992,98.274,3.19987,0,1,1.71478,1.48701,0,1.32484,2.1168,8.95579e+06,3.61194e+06,1.53572e+07,0,0,0,0
69.4979,85.139,2.52809,0.09,0,2.33713,2.5644,0,0.437724,4.47552,4.30939e+06,2.70226e+06,1.00716e+07,0,0,0,0,89.4388,98.274,1.92542,0,1,1.71478,1.4875,0,1.32484,2.1168,8.95579e+06,3.61194e+06,1.53572e+07,0,0,0,0
69.6246,85.139,3.15931,0.09,0,2.58868,2.81546,0,0.437977,4.47552,4.30939e+06,2.70226e+06,1.11556e+07,0,0,0,0,89.5015,98.274,2.41163,0,1,1.88973,1.66296,0,1.32484,2.1168,8.95579e+06,3.61194e+06,1.6924e+07,0,0,0,0
71.1797,85.139,4.86355,0.09,0,2.76508,2.8164,0,0.485119,4.47552,4.30939e+06,2.70226e+06,1.19158e+07,0,0,0,0,89.8492,98.274,3.21093,0,1,1.71483,1.66351,0,1.46001,2.1168,8.95579e+06,3.61194e+06,1.53577e+07,0,0,0,0
71.1442,85.139,3.16479,0.1,0,2.76657,2.81734,0,0.518175,4.47552,4.30939e+06,2.70226e+06,1.19222e+07,0,0,0,0,90.1056,98.274,2.67057,0,1,1.71483,1.66407,0,1.32488,2.1168,8.95579e+06,3.61194e+06,1.53577e+07,0,0,0,0
71.4968,85.139,3.52602,0.1,0,2.76806,2.81828,0,0.518455,4.47552,4.30939e+06,2.70226e+06,1.19287e+07,0,0,0,0,90.2307,98.274,2.80453,0,1,1.71483,1.66462,0,1.32488,2.1168,8.95579e+06,3.61194e+06,1.53577e+07,0,0,0,0
72.0585,85.139,3.42918,0.11,0,2.4122,2.46186,0,0.518735,4.47552,4.30939e+06,2.70226e+06,1.03951e+07,0,0,0,0,90.7029,98.274,2.58985,0,1,1.47973,1.43007,0,1.32488,2.1168,8.95579e+06,3.61194e+06,1.32521e+07,0,0,0,0
73.4506,85.139,4.17095,0.11,0,2.17847,2.46268,0,0.452047,4.47552,4.30939e+06,2.70226e+06,9.38787e+06,0,0,0,0,91.366,98.274,3.78556,0,1,1.71476,1.43054,0,1.14324,2.1168,8.95579e+06,3.61194e+06,1.5357e+07,0,0,0,0
75.0856,85.139,4.36418,0.12,0,2.17977,2.4635,0,0.408245,4.47552,4.30939e+06,2.70226e+06,9.39346e+06,0,0,0,0,91.4056,98.274,3.08668,0,1,1.71476,1.43102,0,1.32482,2.1168,8.95579e+06,3.61194e+06,1.5357e+07,0,0,0,0
75.867,85.139,3.56061,0.08,0,2.18106,2.46432,0,0.408488,4.47552,4.30939e+06,2.70226e+06,9.39905e+06,0,0,0,0,91.1364,98.274,2.20585,0,1,1.71476,1.4315,0,1.32482,2.1168,8.95579e+06,3.61194e+06,1.5357e+07,0,0,0,0
75.6012,85.139,2.45144,0.09,0,2.18236,2.46514,0,0.408731,4.47552,4.30939e+06,2.70226e+06,9.40464e+06,0,0,0,0,91.2087,98.274,1.7453,0,1,1.71476,1.43197,0,1.32482,2.1168,8.95579e+06,3.61194e+06,1.5357e+07,0,0,0,0
78.4657,85.139,5.85124,0.1,0,2.27376,2.55607,0,0.408974,4.47552,4.30939e+06,2.70226e+06,9.79852e+06,0,0,0,0,91.9659,98.274,4.1207,0,1,1.77237,1.49006,0,1.32482,2.1168,8.95579e+06,3.61194e+06,1.5873e+07,0,0,0,0
80.1781,85.139,4.76268,0.11,0,2.3327,2.55692,0,0.426103,4.47552,4.30939e+06,2.70226e+06,1.00525e+07,0,0,0,0,92.6987,98.274,3.98692,0,1,1.71478,1.49056,0,1.36933,2.1168,8.95579e+06,3.61194e+06,1.53572e+07,0,0,0,0
81.1281,85.139,3.8912,0.08,0,2.33405,2.55777,0,0.437148,4.47552,4.30939e+06,2.70226e+06,1.00583e+07,0,0,0,0,93.2667,98.274,3.5507,0,1,1.71478,1.49106,0,1.32484,2.1168,8.95579e+06,3.61194e+06,1.53572e+07,0,0,0,0
81.6481,85.139,3.37468,0.08,0,2.3354,2.55862,0,0.437401,4.47552,4.30939e+06,2.70226e+06,1.00641e+07,0,0,0,0,93.7016,98.274,3.17842,0,1,1.71478,1.49155,0,1.32484,2.1168,8.95579e+06,3.61194e+06,1.53572e+07,0,0,0,0
82.0846,85.139,3.21478,0.07,0,2.30147,2.5242,0,0.437653,4.47552,4.30939e+06,2.70226e+06,9.91792e+06,0,0,0,0,93.6482,98.274,2.82027,0,1,1.69237,1.46964,0,1.32484,2.1168,8.95579e+06,3.61194e+06,1.51565e+07,0,0,0,0
81.8353,85.139,2.44861,0.07,0,2.2804,2.52504,0,0.431295,4.47552,4.30939e+06,2.70226e+06,9.82713e+06,0,0,0,0,93.6488,98.274,2.08848,0,1,1.71477,1.47013,0,1.30753,2.1168,8.95579e+06,3.61194e+06,1.53571e+07,0,0,0,0
81.3621,85.139,2.18421,0.07,0,2.28173,2.52588,0,0.427347,4.47552,4.30939e+06,2.70226e+06,9.83286e+06,0,0,0,0,93.4642,98.274,1.85464,0,1,1.71477,1.47062,0,1.32483,2.1168,8.95579e+06,3.61194e+06,1.53571e+07,0,0,0,0
80.8258,85.139,2.05429,0.07,0,2.28306,2.52672,0,0.427596,4.47552,4.30939e+06,2.70226e+06,9.83859e+06,0,0,0,0,93.2935,98.274,1.83494,0,1,1.71477,1.47111,0,1.32483,2.1168,8.95579e+06,3.61194e+06,1.53571e+07,0,0,0,0
80.1187,85.139,1.98113,0.07,0,2.40429,2.64746,0,0.427845,4.47552,4.30939e+06,2.70226e+06,1.0361e+07,0,0,0,0,92.9945,98.274,1.89279,0,1,1.79433,1.55116,0,1.32483,2.1168,8.95579e+06,3.61194e+06,1.60697e+07,0,0,0,0
79.3547,85.139,2.01963,0.07,0,2.48522,2.64834,0,0.450564,4.47552,4.30939e+06,2.70226e+06,1.07098e+07,0,0,0,0,92.9095,98.274,1.88225,0,1,1.7148,1.55168,0,1.3863,2.1168,8.95579e+06,3.61194e+06,1.53574e+07,0,0,0,0
78.437,85.139,1.80638,0.09,0,2.48662,2.64922,0,0.465731,4.47552,4.30939e+06,2.70226e+06,1.07158e+07,0,0,0,0,92.6758,98.274,1.69852,0,1,1.7148,1.5522,0,1.32485,2.1168,8.95579e+06,3.61194e+06,1.53574e+07,0,0,0,0
77.4382,85.139,1.69515,0.09,0,2.48802,2.6501,0,0.465993,4.47552,4.30939e+06,2.70226e+06,1.07218e+07,0,0,0,0,92.4171,98.274,1.72862,0,1,1.7148,1.55271,0,1.32485,2.1168,8.95579e+06,3.61194e+06,1.53574e+07,0,0,0,0
76.3835,85.139,1.62655,0.09,0,2.48942,2.65098,0,0.466255,4.47552,4.30939e+06,2.70226e+06,1.07279e+07,0,0,0,0,92.5413,98.274,1.69271,0,1,1.7148,1.55323,0,1.32485,2.1168,8.95579e+06,3.61194e+06,1.53574e+07,0,0,0,0
75.7151,85.139,1.97812,0.07,0,2.46706,2.62811,0,0.466517,4.47552,4.30939e+06,2.70226e+06,1.06315e+07,0,0,0,0,92.5126,98.274,2.11707,0,1,1.7586,1.59755,0,1.32485,2.1168,8.95579e+06,3.61194e+06,1.57496e+07,0,0,0,0
75.0094,85.139,1.97199,0.06,0,2.51226,2.62899,0,0.462328,4.47552,4.30939e+06,2.70226e+06,1.08263e+07,0,0,0,0,92.4948,98.274,2.09531,0,1,1.71481,1.59808,0,1.35869,2.1168,8.95579e+06,3.61194e+06,1.53575e+07,0,0,0,0
74.1484,85.139,1.81154,0.06,0,2.51366,2.62986,0,0.470797,4.47552,4.30939e+06,2.70226e+06,1.08323e+07,0,0,0,0,92.2651,98.274,2.10061,0,1,1.71481,1.59861,0,1.32486,2.1168,8.95579e+06,3.61194e+06,1.53575e+07,0,0,0,0
73.1463,85.139,1.65877,0.05,0,2.51507,2.63074,0,0.47106,4.47552,4.30939e+06,2.70226e+06,1.08384e+07,0,0,0,0,92.0871,98.274,1.8632,0,1,1.71481,1.59914,0,1.32486,2.1168,8.95579e+06,3.61194e+06,1.53575e+07,0,0,0,0
72.0061,85.139,1.55122,0.06,0,2.57789,2.69303,0,0.471324,4.47552,4.30939e+06,2.70226e+06,1.11091e+07,0,0,0,0,91.7402,98.274,1.85838,0,1,1.7539,1.63876,0,1.32486,2.1168,8.95579e+06,3.61194e+06,1.57076e+07,0,0,0,0
70.8206,85.139,1.50794,0.05,0,2.61841,2.69392,0,0.483097,4.47552,4.30939e+06,2.70226e+06,1.12837e+07,0,0,0,0,91.7004,98.274,1.74289,0,1,1.71482,1.63931,0,1.35506,2.1168,8.95579e+06,3.61194e+06,1.53576e+07,0,0,0,0
69.5801,85.139,1.43719,0.04,0,2.61985,2.69482,0,0.490689,4.47552,4.30939e+06,2.70226e+06,1.12899e+07,0,0,0,0,91.3958,98.274,1.86092,0,1,1.71483,1.63985,0,1.32487,2.1168,8.95579e+06,3.61194e+06,1.53576e+07,0,0,0,0
68.5525,85.139,1.6554,0.05,0,2.62129,2.69572,0,0.490959,4.47552,4.30939e+06,2.70226e+06,1.12961e+07,0,0,0,0,91.1624,98.274,1.93089,0,1,1.71483,1.6404,0,1.32487,2.1168,8.95579e+06,3.61194e+06,1.53576e+07,0,0,0,0
67.1639,85.139,1.42937,0.05,0,2.80282,2.87671,0,0.491229,4.47552,4.30939e+06,2.70226e+06,1.20785e+07,0,0,0,0,90.6247,98.274,1.6957,0,1,1.8561,1.78222,0,1.32487,2.1168,8.95579e+06,3.61194e+06,1.66229e+07,0,0,0,0
65.3363,85.139,0.992304,0.09,0,2.87766,2.87766,0,0.525249,4.47552,4.30939e+06,2.70226e+06,1.2401e+07,0,0,0,0,90.1211,98.274,1.48928,0,1,1.78281,1.78281,0,1.43403,2.1168,8.95579e+06,3.61194e+06,1.59665e+07,0,0,0,0
63.6044,85.139,1.06916,0.1,0,2.87862,2.87862,0,0.539274,4.47552,4.30939e+06,2.70226e+06,1.24051e+07,0,0,0,0,89.8076,98.274,1.50847,0,1,1.78341,1.78341,0,1.3774,2.1168,8.95579e+06,3.61194e+06,1.59718e+07,0,0,0,0
62.4231,85.139,1.65587,0.11,0,2.87958,2.87958,0,0.539453,4.47552,4.30939e+06,2.70226e+06,1.24092e+07,0,0,0,0,89.5652,98.274,1.79341,0,1,1.784,1.784,0,1.37786,2.1168,8.95579e+06,3.61194e+06,1.59771e+07,0,0,0,0
61.8012,85.139,2.23338,0.15,0,2.88053,2.88053,0,0.539633,4.47552,4.30939e+06,2.70226e+06,1.24133e+07,0,0,0,0,89.3666,98.274,1.98194,0,1,1.78459,1.78459,0,1.37832,2.1168,8.95579e+06,3.61194e+06,1.59824e+07,0,0,0,0
61.3105,85.139,2.23169,0.15,0,2.79357,2.79357,0,0.539812,4.47552,4.30939e+06,2.70226e+06,1.20386e+07,0,0,0,0,89.157,98.274,1.78341,0,1,1.69929,1.69929,0,1.37877,2.1168,8.95579e+06,3.61194e+06,1.52185e+07,0,0,0,0
60.9722,85.139,2.4093,0.15,0,2.77951,2.7945,0,0.523515,4.47552,4.30939e+06,2.70226e+06,1.1978e+07,0,0,0,0,89.2591,98.274,1.83975,0,1,1.71484,1.69985,0,1.31287,2.1168,8.95579e+06,3.61194e+06,1.53578e+07,0,0,0,0
60.9052,85.139,2.72354,0.14,0,2.781,2.79543,0,0.52088,4.47552,4.30939e+06,2.70226e+06,1.19844e+07,0,0,0,0,89.5918,98.274,2.56082,0,1,1.71484,1.70042,0,1.32489,2.1168,8.95579e+06,3.61194e+06,1.53578e+07,0,0,0,0
60.7127,85.139,2.63143,0.14,0,2.7825,2.79636,0,0.52116,4.47552,4.30939e+06,2.70226e+06,1.19909e+07,0,0,0,0,89.8966,98.274,2.44513,0,1,1.71484,1.70098,0,1.32489,2.1168,8.95579e+06,3.61194e+06,1.53578e+07,0,0,0,0
60.5009,85.139,2.60524,0.14,0,2.71173,2.72503,0,0.52144,4.47552,4.30939e+06,2.70226e+06,1.16859e+07,0,0,0,0,90.0817,98.274,2.39715,0,1,1.63656,1.62326,0,1.32489,2.1168,8.95579e+06,3.61194e+06,1.46567e+07,0,0,0,0
59.5297,85.139,1.70544,0.15,0,2.63491,2.72593,0,0.508178,4.47552,4.30939e+06,2.70226e+06,1.13549e+07,0,0,0,0,89.9456,98.274,1.75851,0,1,1.71482,1.6238,0,1.2644,2.1168,8.95579e+06,3.61194e+06,1.53576e+07,0,0,0,0
61.949,85.139,5.28365,0.15,0,2.63636,2.72684,0,0.493782,4.47552,4.30939e+06,2.70226e+06,1.13611e+07,0,0,0,0,90.7217,98.274,5.48135,0,1,1.71482,1.62434,0,1.32487,2.1168,8.95579e+06,3.61194e+06,1.53576e+07,0,0,0,0
63.4173,85.139,4.33547,0.15,0,2.6378,2.72774,0,0.494053,4.47552,4.30939e+06,2.70226e+06,1.13673e+07,0,0,0,0,91.313,98.274,3.10072,0,1,1.71482,1.62488,0,1.32487,2.1168,8.95579e+06,3.61194e+06,1.53576e+07,0,0,0,0
64.2241,85.139,3.4688,0.13,0,2.43375,2.52315,0,0.494324,4.47552,4.30939e+06,2.70226e+06,1.0488e+07,0,0,0,0,91.8282,98.274,3.28666,0,1,1.55155,1.46215,0,1.32487,2.1168,8.95579e+06,3.61194e+06,1.38954e+07,0,0,0,0
65.5616,85.139,3.94675,0.13,0,2.27186,2.52399,0,0.456084,4.47552,4.30939e+06,2.70226e+06,9.79031e+06,0,0,0,0,92.3773,98.274,3.79139,0,1,1.71477,1.46264,0,1.19873,2.1168,8.95579e+06,3.61194e+06,1.53571e+07,0,0,0,0
67.3306,85.139,4.43451,0.13,0,2.27318,2.52482,0,0.425746,4.47552,4.30939e+06,2.70226e+06,9.79601e+06,0,0,0,0,92.9415,98.274,3.6585,0,1,1.71477,1.46312,0,1.32483,2.1168,8.95579e+06,3.61194e+06,1.53571e+07,0,0,0,0
68.4726,85.139,3.806,0.13,0,2.2745,2.52566,0,0.425994,4.47552,4.30939e+06,2.70226e+06,9.80172e+06,0,0,0,0,93.4887,98.274,3.56252,0,1,1.71477,1.46361,0,1.32483,2.1168,8.95579e+06,3.61194e+06,1.53571e+07,0,0,0,0
71.4102,85.139,5.60039,0.09,0,2.27583,2.5265,0,0.426242,4.47552,4.30939e+06,2.70226e+06,9.80742e+06,0,0,0,0,93.9693,98.274,3.76858,0,1,1.71477,1.46409,0,1.32483,2.1168,8.95579e+06,3.61194e+06,1.53571e+07,0,0,0,0
79.3125,85.139,10.8675,0.09,0,2.35631,2.60649,0,0.42649,4.47552,4.30939e+06,2.70226e+06,1.01542e+07,0,0,0,0,94.9362,98.274,6.37219,0,1,1.76211,1.51192,0,1.32483,2.1168,8.95579e+06,3.61194e+06,1.57811e+07,0,0,0,0
83.2785,85.139,7.05767,0.04,0,2.40497,2.60733,0,0.441572,4.47552,4.30939e+06,2.70226e+06,1.0364e+07,0,0,0,0,95.7999,98.274,5.49592,0,1,1.71476,1.51241,0,1.36141,2.1168,8.95579e+06,3.61194e+06,1.53571e+07,0,0,0,0
85.139,85.139,7.18725,0.03,0,2.40629,2.60816,0,0.450692,4.47552,4.30939e+06,2.70226e+06,1.03696e+07,0,0,0,0,96.7393,98.274,5.41812,0,1,1.71476,1.51289,0,1.32483,2.1168,8.95579e+06,3.61194e+06,1.53571e+07,0,0,0,0
85.139,85.139,8.93198,0.03,0,2.40761,2.609,0,0.450939,4.47552,4.30939e+06,2.70226e+06,1.03753e+07,0,0,0,0,98.8904,98.274,7.3494,0,1,1.71476,1.51338,0,1.32483,2.1168,8.95579e+06,3.61194e+06,1.53571e+07,0,0,0,0
85.139,85.139,5.50134,0.03,0,2.66349,2.86439,0,0.451186,4.47552,4.30939e+06,2.70226e+06,1.1478e+07,0,0,0,0,99.3022,98.274,4.59108,0,1,1.89276,1.69186,0,1.32483,2.1168,8.95579e+06,3.61194e+06,1.69512e+07,0,0,0,0
85.139,85.139,5.80085,0.04,0,2.84289,2.86531,0,0.499138,4.47552,4.30939e+06,2.70226e+06,1.22511e+07,0,0,0,0,99.3022,98.274,6.23261,0,1,1.71482,1.6924,0,1.46235,2.1168,8.95579e+06,3.61194e+06,1.53576e+07,0,0,0,0
85.139,85.139,6.75106,0.04,0,2.84435,2.86623,0,0.532757,4.47552,4.30939e+06,2.70226e+06,1.22574e+07,0,0,0,0,99.3022,98.274,5.82213,0,1,1.71482,1.69294,0,1.32487,2.1168,8.95579e+06,3.61194e+06,1.53576e+07,0,0,0,0
85.139,85.139,5.39672,0.04,0,2.84581,2.86714,0,0.533031,4.47552,4.30939e+06,2.70226e+06,1.22637e+07,0,0,0,0,99.3022,98.274,5.57655,0,1,1.71482,1.69348,0,1.32487,2.1168,8.95579e+06,3.61194e+06,1.53576e+07,0,0,0,0
85.139,85.139,6.05853,0.04,0,2.48372,2.50452,0,0.533304,4.47552,4.30939e+06,2.70226e+06,1.07033e+07,0,0,0,0,99.3022,98.274,6.39955,0,1,1.47564,1.45485,0,1.32487,2.1168,8.95579e+06,3.61194e+06,1.32155e+07,0,0,0,0
85.139,85.139,8.83036,0.04,0,2.24588,2.50532,0,0.465449,4.47552,4.30939e+06,2.70226e+06,9.67839e+06,0,0,0,0,99.3022,98.274,12.071,0,1,1.71475,1.45531,0,1.14008,2.1168,8.95579e+06,3.61194e+06,1.53569e+07,0,0,0,0
85.139,85.139,10.0009,0.04,0,2.24715,2.50612,0,0.420879,4.47552,4.30939e+06,2.70226e+06,9.68385e+06,0,0,0,0,99.3022,98.274,12.9614,0,1,1.71475,1.45578,0,1.32481,2.1168,8.95579e+06,3.61194e+06,1.53569e+07,0,0,0,0
85.139,85.139,7.32026,0.04,0,2.24842,2.50692,0,0.421116,4.47552,4.30939e+06,2.70226e+06,9.68931e+06,0,0,0,0,99.3022,98.274,10.5384,0,1,1.71475,1.45624,0,1.32481,2.1168,8.95579e+06,3.61194e+06,1.53569e+07,0,0,0,0
85.139,85.139,6.48142,0.04,0,2.24969,2.50772,0,0.421354,4.47552,4.30939e+06,2.70226e+06,9.69478e+06,0,0,0,0,99.3022,98.274,9.37021,0,1,1.71475,1.45671,0,1.32481,2.1168,8.95579e+06,3.61194e+06,1.53569e+07,0,0,0,0
85.139,85.139,6.7207,0.05,0,2.34261,2.60018,0,0.421591,4.47552,4.30939e+06,2.70226e+06,1.00952e+07,0,0,0,0,99.3022,98.274,7.31011,0,1,1.77335,1.51578,0,1.32481,2.1168,8.95579e+06,3.61194e+06,1.58818e+07,0,0,0,0
85.139,85.139,9.21855,0.05,0,2.40252,2.60102,0,0.439005,4.47552,4.30939e+06,2.70226e+06,1.03534e+07,0,0,0,0,99.3022,98.274,11.1382,0,1,1.71476,1.51627,0,1.37009,2.1168,8.95579e+06,3.61194e+06,1.53571e+07,0,0,0,0
85.139,85.139,7.04941,0.06,0,2.40383,2.60185,0,0.450232,4.47552,4.30939e+06,2.70226e+06,1.03591e+07,0,0,0,0,99.3022,98.274,8.15038,0,1,1.71477,1.51675,0,1.32483,2.1168,8.95579e+06,3.61194e+06,1.53571e+07,0,0,0,0
85.139,85.139,6.03333,0.07,0,2.40515,2.60268,0,0.450478,4.47552,4.30939e+06,2.70226e+06,1.03647e+07,0,0,0,0,99.3022,98.274,6.27389,0,1,1.71477,1.51724,0,1.32483,2.1168,8.95579e+06,3.61194e+06,1.53571e+07,0,0,0,0
85.139,85.139,5.53267,0.07,0,2.37059,2.56763,0,0.450725,4.47552,4.30939e+06,2.70226e+06,1.02158e+07,0,0,0,0,99.3022,98.274,5.622,0,1,1.69197,1.49493,0,1.32483,2.1168,8.95579e+06,3.61194e+06,1.5153e+07,0,0,0,0
85.139,85.139,5.07156,0.07,0,2.3491,2.56845,0,0.444248,4.47552,4.30939e+06,2.70226e+06,1.01232e+07,0,0,0,0,99.3022,98.274,5.00311,0,1,1.71476,1.49541,0,1.30722,2.1168,8.95579e+06,3.61194e+06,1.5357e+07,0,0,0,0
85.139,85.139,4.49818,0.06,0,2.3504,2.56927,0,0.440222,4.47552,4.30939e+06,2.70226e+06,1.01288e+07,0,0,0,0,99.3022,98.274,4.74396,0,1,1.71476,1.49589,0,1.32482,2.1168,8.95579e+06,3.61194e+06,1.5357e+07,0,0,0,0
85.139,85.139,4.21343,0.05,0,2.3517,2.57009,0,0.440465,4.47552,4.30939e+06,2.70226e+06,1.01344e+07,0,0,0,0,99.3022,98.274,4.49092,0,1,1.71476,1.49637,0,1.32482,2.1168,8.95579e+06,3.61194e+06,1.5357e+07,0,0,0,0
85.139,85.139,3.87106,0.05,0,2.47496,2.69287,0,0.440709,4.47552,4.30939e+06,2.70226e+06,1.06656e+07,0,0,0,0,99.3022,98.274,4.50653,0,1,1.79569,1.57777,0,1.32482,2.1168,8.95579e+06,3.61194e+06,1.60818e+07,0,0,0,0
85.139,85.139,3.7835,0.04,0,2.55722,2.69373,0,0.463807,4.47552,4.30939e+06,2.70226e+06,1.10201e+07,0,0,0,0,99.3022,98.274,3.9513,0,1,1.71478,1.57828,0,1.38735,2.1168,8.95579e+06,3.61194e+06,1.53572e+07,0,0,0,0
85.139,85.139,3.46765,0.04,0,2.55859,2.69459,0,0.479224,4.47552,4.30939e+06,2.70226e+06,1.1026e+07,0,0,0,0,99.3022,98.274,3.47406,0,1,1.71478,1.57878,0,1.32484,2.1168,8.95579e+06,3.61194e+06,1.53572e+07,0,0,0,0
85.139,85.139,3.16062,0.04,0,2.55996,2.69546,0,0.47948,4.47552,4.30939e+06,2.70226e+06,1.10318e+07,0,0,0,0,99.3022,98.274,2.78528,0,1,1.71478,1.57928,0,1.32484,2.1168,8.95579e+06,3.61194e+06,1.53572e+07,0,0,0,0
85.0433,85.139,2.77791,0.03,0,2.56132,2.69632,0,0.479736,4.47552,4.30939e+06,2.70226e+06,1.10377e+07,0,0,0,0,99.3022,98.274,2.84872,0,1,1.71478,1.57979,0,1.32484,2.1168,8.95579e+06,3.61194e+06,1.53572e+07,0,0,0,0
85.1113,85.139,2.94348,0.06,0,2.53853,2.67302,0,0.479992,4.47552,4.30939e+06,2.70226e+06,1.09395e+07,0,0,0,0,99.3022,98.274,3.0679,0,1,1.75934,1.62484,0,1.32484,2.1168,8.95579e+06,3.61194e+06,1.57562e+07,0,0,0,0
85.1373,85.139,2.91853,0.05,0,2.58444,2.67388,0,0.475721,4.47552,4.30939e+06,2.70226e+06,1.11374e+07,0,0,0,0,99.3022,98.274,3.07086,0,1,1.7148,1.62536,0,1.35926,2.1168,8.95579e+06,3.61194e+06,1.53574e+07,0,0,0,0
85.0337,85.139,2.76658,0.04,0,2.58581,2.67473,0,0.484324,4.47552,4.30939e+06,2.70226e+06,1.11433e+07,0,0,0,0,99.3022,98.274,2.97082,0,1,1.7148,1.62588,0,1.32485,2.1168,8.95579e+06,3.61194e+06,1.53574e+07,0,0,0,0
84.7543,85.139,2.57596,0.04,0,2.58719,2.67559,0,0.484582,4.47552,4.30939e+06,2.70226e+06,1.11492e+07,0,0,0,0,99.3022,98.274,2.77122,0,1,1.7148,1.6264,0,1.32485,2.1168,8.95579e+06,3.61194e+06,1.53574e+07,0,0,0,0
84.2088,85.139,2.34329,0.04,0,2.65103,2.7389,0,0.484839,4.47552,4.30939e+06,2.70226e+06,1.14243e+07,0,0,0,0,99.2088,98.274,2.4844,0,1,1.75455,1.66668,0,1.32485,2.1168,8.95579e+06,3.61194e+06,1.57134e+07,0,0,0,0
83.6493,85.139,2.38056,0.04,0,2.69218,2.73978,0,0.496802,4.47552,4.30939e+06,2.70226e+06,1.16016e+07,0,0,0,0,99.2558,98.274,2.61705,0,1,1.71481,1.66721,0,1.35557,2.1168,8.95579e+06,3.61194e+06,1.53575e+07,0,0,0,0
82.9426,85.139,2.19838,0.04,0,2.69358,2.74065,0,0.504514,4.47552,4.30939e+06,2.70226e+06,1.16077e+07,0,0,0,0,99.1986,98.274,2.64965,0,1,1.71481,1.66774,0,1.32486,2.1168,8.95579e+06,3.61194e+06,1.53575e+07,0,0,0,0
82.0866,85.139,2.03881,0.04,0,2.69499,2.74153,0,0.504777,4.47552,4.30939e+06,2.70226e+06,1.16138e+07,0,0,0,0,99.0922,98.274,2.35914,0,1,1.71481,1.66827,0,1.32486,2.1168,8.95579e+06,3.61194e+06,1.53575e+07,0,0,0,0
81.126,85.139,2.07164,0.04,0,2.87955,2.92556,0,0.505041,4.47552,4.30939e+06,2.70226e+06,1.24091e+07,0,0,0,0,98.964,98.274,2.67681,0,1,1.85849,1.81248,0,1.32486,2.1168,8.95579e+06,3.61194e+06,1.66442e+07,0,0,0,0
79.5032,85.139,1.37481,0.04,0,2.92649,2.92649,0,0.539628,4.47552,4.30939e+06,2.70226e+06,1.26114e+07,0,0,0,0,98.7167,98.274,2.29279,0,1,1.81306,1.81306,0,1.43587,2.1168,8.95579e+06,3.61194e+06,1.62374e+07,0,0,0,0
77.8372,85.139,1.30908,0.04,0,2.92743,2.92743,0,0.548425,4.47552,4.30939e+06,2.70226e+06,1.26154e+07,0,0,0,0,98.4405,98.274,2.19482,0,1,1.81364,1.81364,0,1.40077,2.1168,8.95579e+06,3.61194e+06,1.62426e+07,0,0,0,0
76.7806,85.139,1.96257,0.06,0,2.92836,2.92836,0,0.5486,4.47552,4.30939e+06,2.70226e+06,1.26194e+07,0,0,0,0,98.2634,98.274,2.60677,0,1,1.81422,1.81422,0,1.40122,2.1168,8.95579e+06,3.61194e+06,1.62478e+07,0,0,0,0
76.4603,85.139,2.74927,0.06,0,2.9293,2.9293,0,0.548775,4.47552,4.30939e+06,2.70226e+06,1.26235e+07,0,0,0,0,98.2654,98.274,2.8795,0,1,1.8148,1.8148,0,1.40167,2.1168,8.95579e+06,3.61194e+06,1.6253e+07,0,0,0,0
76.0398,85.139,2.52402,0.06,0,2.84083,2.84083,0,0.54895,4.47552,4.30939e+06,2.70226e+06,1.22422e+07,0,0,0,0,98.3848,98.274,3.49705,0,1,1.72803,1.72803,0,1.40212,2.1168,8.95579e+06,3.61194e+06,1.54759e+07,0,0,0,0
74.6242,85.139,1.55526,0.06,0,2.84173,2.84173,0,0.532371,4.47552,4.30939e+06,2.70226e+06,1.22461e+07,0,0,0,0,98.2204,98.274,2.55518,0,1,1.72859,1.72859,0,1.33508,2.1168,8.95579e+06,3.61194e+06,1.54809e+07,0,0,0,0
72.9744,85.139,1.22594,0.06,0,2.84264,2.84264,0,0.532541,4.47552,4.30939e+06,2.70226e+06,1.225e+07,0,0,0,0,98.0097,98.274,1.88548,0,1,1.72914,1.72914,0,1.33551,2.1168,8.95579e+06,3.61194e+06,1.54858e+07,0,0,0,0
72.8815,85.139,2.88151,0.09,0,2.84355,2.84355,0,0.532711,4.47552,4.30939e+06,2.70226e+06,1.2254e+07,0,0,0,0,98.0833,98.274,3.95296,0,1,1.72969,1.72969,0,1.33593,2.1168,8.95579e+06,3.61194e+06,1.54907e+07,0,0,0,0
72.6502,85.139,2.8196,0.1,0,2.77098,2.77098,0,0.532881,4.47552,4.30939e+06,2.70226e+06,1.19412e+07,0,0,0,0,98.3682,98.274,3.54168,0,1,1.65063,1.65063,0,1.33636,2.1168,8.95579e+06,3.61194e+06,1.47827e+07,0,0,0,0
72.2194,85.139,2.47444,0.1,0,2.70821,2.77186,0,0.519281,4.47552,4.30939e+06,2.70226e+06,1.16707e+07,0,0,0,0,98.4849,98.274,3.35411,0,1,1.71481,1.65116,0,1.27528,2.1168,8.95579e+06,3.61194e+06,1.53574e+07,0,0,0,0
72.5454,85.139,3.26698,0.1,0,2.70962,2.77274,0,0.507519,4.47552,4.30939e+06,2.70226e+06,1.16768e+07,0,0,0,0,98.8479,98.274,3.54843,0,1,1.71481,1.65169,0,1.32486,2.1168,8.95579e+06,3.61194e+06,1.53574e+07,0,0,0,0
73.8971,85.139,4.3351,0.13,0,2.71104,2.77363,0,0.507784,4.47552,4.30939e+06,2.70226e+06,1.16829e+07,0,0,0,0,99.3022,98.274,4.21325,0,1,1.71481,1.65221,0,1.32486,2.1168,8.95579e+06,3.61194e+06,1.53574e+07,0,0,0,0
75.0769,85.139,4.16926,0.07,0,2.5035,2.56556,0,0.508048,4.47552,4.30939e+06,2.70226e+06,1.07885e+07,0,0,0,0,99.3022,98.274,4.99332,0,1,1.54879,1.48673,0,1.32486,2.1168,8.95579e+06,3.61194e+06,1.38707e+07,0,0,0,0
76.8644,85.139,4.78293,0.07,0,2.33883,2.56638,0,0.469155,4.47552,4.30939e+06,2.70226e+06,1.00789e+07,0,0,0,0,99.3022,98.274,5.52978,0,1,1.71475,1.4872,0,1.1966,2.1168,8.95579e+06,3.61194e+06,1.5357e+07,0,0,0,0
79.2041,85.139,5.37628,0.07,0,2.34012,2.5672,0,0.438296,4.47552,4.30939e+06,2.70226e+06,1.00845e+07,0,0,0,0,99.3022,98.274,5.76233,0,1,1.71475,1.48768,0,1.32482,2.1168,8.95579e+06,3.61194e+06,1.5357e+07,0,0,0,0
81.3869,85.139,5.29952,0.07,0,2.34141,2.56802,0,0.438539,4.47552,4.30939e+06,2.70226e+06,1.00901e+07,0,0,0,0,99.3022,98.274,6.93559,0,1,1.71475,1.48815,0,1.32482,2.1168,8.95579e+06,3.61194e+06,1.5357e+07,0,0,0,0
82.951,85.139,4.58416,0.03,0,2.34271,2.56884,0,0.438781,4.47552,4.30939e+06,2.70226e+06,1.00956e+07,0,0,0,0,99.3022,98.274,4.94697,0,1,1.71475,1.48863,0,1.32482,2.1168,8.95579e+06,3.61194e+06,1.5357e+07,0,0,0,0
84.1845,85.139,4.24761,0.04,0,2.42448,2.65014,0,0.439023,4.47552,4.30939e+06,2.70226e+06,1.0448e+07,0,0,0,0,99.3022,98.274,5.18879,0,1,1.76289,1.53724,0,1.32482,2.1168,8.95579e+06,3.61194e+06,1.57881e+07,0,0,0,0
84.9753,85.139,3.80721,0.04,0,2.47391,2.65095,0,0.454348,4.47552,4.30939e+06,2.70226e+06,1.0661e+07,0,0,0,0,99.3022,98.274,3.25274,0,1,1.71475,1.53771,0,1.36201,2.1168,8.95579e+06,3.61194e+06,1.5357e+07,0,0,0,0
85.0099,85.139,3.01958,0.04,0,2.4752,2.65177,0,0.463611,4.47552,4.30939e+06,2.70226e+06,1.06666e+07,0,0,0,0,99.3022,98.274,3.57899,0,1,1.71475,1.53818,0,1.32482,2.1168,8.95579e+06,3.61194e+06,1.5357e+07,0,0,0,0
84.4116,85.139,2.29484,0.06,0,2.47648,2.65258,0,0.463852,4.47552,4.30939e+06,2.70226e+06,1.06721e+07,0,0,0,0,99.1019,98.274,3.10309,0,1,1.71475,1.53866,0,1.32482,2.1168,8.95579e+06,3.61194e+06,1.5357e+07,0,0,0,0
83.3674,85.139,2.15534,0.06,0,2.73658,2.9122,0,0.464093,4.47552,4.30939e+06,2.70226e+06,1.1793e+07,0,0,0,0,99.2566,98.274,2.40391,0,1,1.89572,1.7201,0,1.32482,2.1168,8.95579e+06,3.61194e+06,1.69777e+07,0,0,0,0
85.139,85.139,6.27295,0.07,0,2.9131,2.9131,0,0.512835,4.47552,4.30939e+06,2.70226e+06,1.25537e+07,0,0,0,0,99.3022,98.274,7.40803,0,1,1.72063,1.72063,0,1.46463,2.1168,8.95579e+06,3.61194e+06,1.54096e+07,0,0,0,0
85.139,85.139,6.22818,0.04,0,2.91399,2.91399,0,0.545914,4.47552,4.30939e+06,2.70226e+06,1.25575e+07,0,0,0,0,99.3022,98.274,7.26692,0,1,1.72116,1.72116,0,1.32936,2.1168,8.95579e+06,3.61194e+06,1.54143e+07,0,0,0,0
85.139,85.139,4.20717,0.04,0,2.91489,2.91489,0,0.546082,4.47552,4.30939e+06,2.70226e+06,1.25614e+07,0,0,0,0,99.1186,98.274,3.74508,0,1,1.72168,1.72168,0,1.32976,2.1168,8.95579e+06,3.61194e+06,1.5419e+07,0,0,0,0
85.139,85.139,3.53644,0.04,0,2.54619,2.54619,0,0.54625,4.47552,4.30939e+06,2.70226e+06,1.09725e+07,0,0,0,0,99.3022,98.274,2.73466,0,1,1.47905,1.47905,0,1.33017,2.1168,8.95579e+06,3.61194e+06,1.32461e+07,0,0,0,0
85.139,85.139,7.69904,0.04,0,2.31174,2.54697,0,0.477156,4.47552,4.30939e+06,2.70226e+06,9.9622e+06,0,0,0,0,99.3022,98.274,13.4387,0,1,1.71473,1.47951,0,1.14272,2.1168,8.95579e+06,3.61194e+06,1.53568e+07,0,0,0,0
85.139,85.139,6.15322,0.04,0,2.31298,2.54775,0,0.433221,4.47552,4.30939e+06,2.70226e+06,9.96753e+06,0,0,0,0,99.3022,98.274,8.14383,0,1,1.71473,1.47996,0,1.3248,2.1168,8.95579e+06,3.61194e+06,1.53568e+07,0,0,0,0
85.139,85.139,7.43718,0.04,0,2.31422,2.54854,0,0.433453,4.47552,4.30939e+06,2.70226e+06,9.97286e+06,0,0,0,0,99.3022,98.274,9.9416,0,1,1.71473,1.48042,0,1.3248,2.1168,8.95579e+06,3.61194e+06,1.53568e+07,0,0,0,0
85.139,85.139,8.84232,0.04,0,2.31545,2.54932,0,0.433684,4.47552,4.30939e+06,2.70226e+06,9.9782e+06,0,0,0,0,99.3022,98.274,12.9081,0,1,1.71473,1.48087,0,1.3248,2.1168,8.95579e+06,3.61194e+06,1.53568e+07,0,0,0,0
85.139,85.139,7.06595,0.05,0,2.40987,2.64328,0,0.433916,4.47552,4.30939e+06,2.70226e+06,1.03851e+07,0,0,0,0,99.3022,98.274,13.0015,0,1,1.77431,1.5409,0,1.3248,2.1168,8.95579e+06,3.61194e+06,1.58904e+07,0,0,0,0
85.139,85.139,10.2497,0.07,0,2.47071,2.64409,0,0.451609,4.47552,4.30939e+06,2.70226e+06,1.06473e+07,0,0,0,0,99.3022,98.274,18.8242,0,1,1.71475,1.54138,0,1.37083,2.1168,8.95579e+06,3.61194e+06,1.5357e+07,0,0,0,0
85.139,85.139,8.01037,0.07,0,2.472,2.6449,0,0.463011,4.47552,4.30939e+06,2.70226e+06,1.06528e+07,0,0,0,0,99.3022,98.274,17.4126,0,1,1.71475,1.54185,0,1.32482,2.1168,8.95579e+06,3.61194e+06,1.5357e+07,0,0,0,0
85.139,85.139,6.39268,0.07,0,2.47328,2.64571,0,0.463252,4.47552,4.30939e+06,2.70226e+06,1.06583e+07,0,0,0,0,99.3022,98.274,13.483,0,1,1.71475,1.54232,0,1.32482,2.1168,8.95579e+06,3.61194e+06,1.5357e+07,0,0,0,0
85.139,85.139,6.03193,0.07,0,2.43809,2.61005,0,0.463493,4.47552,4.30939e+06,2.70226e+06,1.05067e+07,0,0,0,0,99.3022,98.274,12.4139,0,1,1.69159,1.51963,0,1.32482,2.1168,8.95579e+06,3.61194e+06,1.51495e+07,0,0,0,0
85.139,85.139,4.95486,0.07,0,2.4162,2.61085,0,0.456899,4.47552,4.30939e+06,2.70226e+06,1.04123e+07,0,0,0,0,99.3022,98.274,7.57917,0,1,1.71475,1.52009,0,1.30692,2.1168,8.95579e+06,3.61194e+06,1.53569e+07,0,0,0,0
85.139,85.139,4.53642,0.07,0,2.41747,2.61165,0,0.452796,4.47552,4.30939e+06,2.70226e+06,1.04178e+07,0,0,0,0,99.3022,98.274,6.39568,0,1,1.71475,1.52056,0,1.32481,2.1168,8.95579e+06,3.61194e+06,1.53569e+07,0,0,0,0
85.139,85.139,4.23741,0.07,0,2.41874,2.61245,0,0.453033,4.47552,4.30939e+06,2.70226e+06,1.04233e+07,0,0,0,0,99.3022,98.274,5.65794,0,1,1.71475,1.52103,0,1.32481,2.1168,8.95579e+06,3.61194e+06,1.53569e+07,0,0,0,0
85.139,85.139,3.85822,0.07,0,2.54397,2.73722,0,0.453271,4.47552,4.30939e+06,2.70226e+06,1.0963e+07,0,0,0,0,99.3022,98.274,5.32583,0,1,1.79701,1.60376,0,1.32481,2.1168,8.95579e+06,3.61194e+06,1.60936e+07,0,0,0,0
85.139,85.139,3.60625,0.06,0,2.62754,2.73806,0,0.47674,4.47552,4.30939e+06,2.70226e+06,1.13231e+07,0,0,0,0,99.3022,98.274,4.11177,0,1,1.71477,1.60425,0,1.38837,2.1168,8.95579e+06,3.61194e+06,1.53571e+07,0,0,0,0
85.1274,85.139,2.96364,0.05,0,2.62887,2.7389,0,0.4924,4.47552,4.30939e+06,2.70226e+06,1.13288e+07,0,0,0,0,99.3022,98.274,3.54811,0,1,1.71477,1.60474,0,1.32483,2.1168,8.95579e+06,3.61194e+06,1.53571e+07,0,0,0,0
85.0121,85.139,2.81536,0.08,0,2.6302,2.73974,0,0.49265,4.47552,4.30939e+06,2.70226e+06,1.13346e+07,0,0,0,0,99.3022,98.274,3.28655,0,1,1.71477,1.60523,0,1.32483,2.1168,8.95579e+06,3.61194e+06,1.53571e+07,0,0,0,0
84.8251,85.139,2.73477,0.07,0,2.63153,2.74058,0,0.4929,4.47552,4.30939e+06,2.70226e+06,1.13403e+07,0,0,0,0,99.3022,98.274,3.45909,0,1,1.71477,1.60572,0,1.32483,2.1168,8.95579e+06,3.61194e+06,1.53571e+07,0,0,0,0
84.1302,85.139,2.15622,0.06,0,2.60831,2.71687,0,0.493149,4.47552,4.30939e+06,2.70226e+06,1.12402e+07,0,0,0,0,98.982,98.274,2.51344,0,1,1.76005,1.6515,0,1.32483,2.1168,8.95579e+06,3.61194e+06,1.57627e+07,0,0,0,0
83.1184,85.139,1.84435,0.06,0,2.65492,2.7177,0,0.488798,4.47552,4.30939e+06,2.70226e+06,1.14411e+07,0,0,0,0,98.7037,98.274,1.80448,0,1,1.71479,1.652,0,1.35982,2.1168,8.95579e+06,3.61194e+06,1.53573e+07,0,0,0,0
81.9725,85.139,1.7034,0.05,0,2.65626,2.71854,0,0.497532,4.47552,4.30939e+06,2.70226e+06,1.14469e+07,0,0,0,0,98.2795,98.274,1.78883,0,1,1.71479,1.65251,0,1.32484,2.1168,8.95579e+06,3.61194e+06,1.53573e+07,0,0,0,0
80.6907,85.139,1.55686,0.04,0,2.6576,2.71937,0,0.497783,4.47552,4.30939e+06,2.70226e+06,1.14526e+07,0,0,0,0,97.8552,98.274,1.60719,0,1,1.71479,1.65302,0,1.32484,2.1168,8.95579e+06,3.61194e+06,1.53573e+07,0,0,0,0
79.2564,85.139,1.42613,0.04,0,2.72243,2.78369,0,0.498034,4.47552,4.30939e+06,2.70226e+06,1.1732e+07,0,0,0,0,97.3352,98.274,1.55745,0,1,1.75519,1.69393,0,1.32484,2.1168,8.95579e+06,3.61194e+06,1.57191e+07,0,0,0,0
77.6883,85.139,1.30642,0.04,0,2.76419,2.78454,0,0.510183,4.47552,4.30939e+06,2.70226e+06,1.1912e+07,0,0,0,0,96.8474,98.274,1.50787,0,1,1.7148,1.69445,0,1.35606,2.1168,8.95579e+06,3.61194e+06,1.53574e+07,0,0,0,0
76.0261,85.139,1.19753,0.05,0,2.76556,2.78539,0,0.518009,4.47552,4.30939e+06,2.70226e+06,1.19179e+07,0,0,0,0,96.2468,98.274,1.46508,0,1,1.7148,1.69497,0,1.32485,2.1168,8.95579e+06,3.61194e+06,1.53574e+07,0,0,0,0
74.2692,85.139,1.08751,0.05,0,2.76694,2.78625,0,0.518267,4.47552,4.30939e+06,2.70226e+06,1.19238e+07,0,0,0,0,95.6144,98.274,1.34829,0,1,1.7148,1.69549,0,1.32485,2.1168,8.95579e+06,3.61194e+06,1.53574e+07,0,0,0,0
72.2572,85.139,0.957554,0.06,0,2.95445,2.97324,0,0.518524,4.47552,4.30939e+06,2.70226e+06,1.27319e+07,0,0,0,0,94.7012,98.274,1.33507,0,1,1.86082,1.84203,0,1.32485,2.1168,8.95579e+06,3.61194e+06,1.66651e+07,0,0,0,0
70.1987,85.139,0.918398,0.09,0,2.97415,2.97415,0,0.553664,4.47552,4.30939e+06,2.70226e+06,1.28168e+07,0,0,0,0,93.8294,98.274,1.15617,0,1,1.84259,1.84259,0,1.43767,2.1168,8.95579e+06,3.61194e+06,1.65019e+07,0,0,0,0
68.2791,85.139,1.0425,0.09,0,2.97506,2.97506,0,0.557356,4.47552,4.30939e+06,2.70226e+06,1.28207e+07,0,0,0,0,92.8605,98.274,1.25231,0,1,1.84316,1.84316,0,1.42359,2.1168,8.95579e+06,3.61194e+06,1.65069e+07,0,0,0,0
66.1825,85.139,0.860216,0.09,0,2.97598,2.97598,0,0.557527,4.47552,4.30939e+06,2.70226e+06,1.28246e+07,0,0,0,0,92.0646,98.274,1.00217,0,1,1.84372,1.84372,0,1.42402,2.1168,8.95579e+06,3.61194e+06,1.6512e+07,0,0,0,0
64.2498,85.139,0.994378,0.13,0,2.97689,2.97689,0,0.557698,4.47552,4.30939e+06,2.70226e+06,1.28286e+07,0,0,0,0,91.3942,98.274,1.49512,0,1,1.84429,1.84429,0,1.42446,2.1168,8.95579e+06,3.61194e+06,1.6517e+07,0,0,0,0
62.4383,85.139,1.05022,0.13,0,2.88694,2.88694,0,0.557869,4.47552,4.30939e+06,2.70226e+06,1.2441e+07,0,0,0,0,91.2379,98.274,1.3888,0,1,1.75609,1.75609,0,1.4249,2.1168,8.95579e+06,3.61194e+06,1.57271e+07,0,0,0,0
61.3146,85.139,1.71921,0.13,0,2.88783,2.88783,0,0.541013,4.47552,4.30939e+06,2.70226e+06,1.24448e+07,0,0,0,0,91.2129,98.274,2.32077,0,1,1.75663,1.75663,0,1.35675,2.1168,8.95579e+06,3.61194e+06,1.5732e+07,0,0,0,0
59.8006,85.139,1.35645,0.16,0,2.88871,2.88871,0,0.541179,4.47552,4.30939e+06,2.70226e+06,1.24486e+07,0,0,0,0,90.5928,98.274,2.04412,0,1,1.75716,1.75716,0,1.35717,2.1168,8.95579e+06,3.61194e+06,1.57368e+07,0,0,0,0
57.8912,85.139,0.899775,0.16,0,2.8896,2.8896,0,0.541345,4.47552,4.30939e+06,2.70226e+06,1.24524e+07,0,0,0,0,90.3404,98.274,1.36765,0,1,1.7577,1.7577,0,1.35758,2.1168,8.95579e+06,3.61194e+06,1.57416e+07,0,0,0,0
56.8084,85.139,1.70608,0.15,0,2.81582,2.81582,0,0.541511,4.47552,4.30939e+06,2.70226e+06,1.21344e+07,0,0,0,0,90.0407,98.274,2.05769,0,1,1.67734,1.67734,0,1.358,2.1168,8.95579e+06,3.61194e+06,1.50219e+07,0,0,0,0
55.1711,85.139,1.13809,0.15,0,2.77974,2.81668,0,0.527684,4.47552,4.30939e+06,2.70226e+06,1.1979e+07,0,0,0,0,90.024,98.274,1.6074,0,1,1.71479,1.67786,0,1.29592,2.1168,8.95579e+06,3.61194e+06,1.53573e+07,0,0,0,0
54.9213,85.139,2.56708,0.18,0,2.78112,2.81754,0,0.520924,4.47552,4.30939e+06,2.70226e+06,1.19849e+07,0,0,0,0,90.2344,98.274,2.22847,0,1,1.71479,1.67837,0,1.32485,2.1168,8.95579e+06,3.61194e+06,1.53573e+07,0,0,0,0
56.1031,85.139,4.04272,0.16,0,2.7825,2.8184,0,0.521182,4.47552,4.30939e+06,2.70226e+06,1.19909e+07,0,0,0,0,91.198,98.274,4.06578,0,1,1.71479,1.67889,0,1.32485,2.1168,8.95579e+06,3.61194e+06,1.53573e+07,0,0,0,0
56.0485,85.139,2.60533,0.16,0,2.57155,2.60694,0,0.52144,4.47552,4.30939e+06,2.70226e+06,1.10818e+07,0,0,0,0,91.87,98.274,3.39494,0,1,1.5461,1.51071,0,1.32485,2.1168,8.95579e+06,3.61194e+06,1.38466e+07,0,0,0,0
56.2483,85.139,2.78731,0.16,0,2.40417,2.60774,0,0.481908,4.47552,4.30939e+06,2.70226e+06,1.03605e+07,0,0,0,0,92.1288,98.274,2.66553,0,1,1.71474,1.51117,0,1.19452,2.1168,8.95579e+06,3.61194e+06,1.53569e+07,0,0,0,0
57.3911,85.139,3.82053,0.17,0,2.40543,2.60854,0,0.450542,4.47552,4.30939e+06,2.70226e+06,1.03659e+07,0,0,0,0,92.6176,98.274,3.96133,0,1,1.71474,1.51163,0,1.32481,2.1168,8.95579e+06,3.61194e+06,1.53569e+07,0,0,0,0
58.2432,85.139,3.53463,0.16,0,2.40669,2.60934,0,0.450778,4.47552,4.30939e+06,2.70226e+06,1.03714e+07,0,0,0,0,92.9674,98.274,3.30945,0,1,1.71474,1.5121,0,1.32481,2.1168,8.95579e+06,3.61194e+06,1.53569e+07,0,0,0,0
59.1329,85.139,3.54545,0.17,0,2.40796,2.61014,0,0.451014,4.47552,4.30939e+06,2.70226e+06,1.03768e+07,0,0,0,0,93.2754,98.274,3.24967,0,1,1.71474,1.51256,0,1.32481,2.1168,8.95579e+06,3.61194e+06,1.53569e+07,0,0,0,0
61.1614,85.139,4.77211,0.16,0,2.49099,2.69271,0,0.451251,4.47552,4.30939e+06,2.70226e+06,1.07347e+07,0,0,0,0,94.151,98.274,4.4316,0,1,1.76365,1.56193,0,1.32481,2.1168,8.95579e+06,3.61194e+06,1.57949e+07,0,0,0,0
63.7548,85.139,5.41651,0.17,0.02,2.54116,2.69351,0,0.466812,4.47552,4.30939e+06,2.70226e+06,1.09508e+07,0,0,0,0,94.7123,98.274,3.81393,0,1,1.71474,1.56239,0,1.3626,2.1168,8.95579e+06,3.61194e+06,1.53569e+07,0,0,0,0
67.2206,85.139,6.41797,0.14,0.02,2.54241,2.6943,0,0.476213,4.47552,4.30939e+06,2.70226e+06,1.09563e+07,0,0,0,0,95.2248,98.274,3.66795,0,1,1.71474,1.56286,0,1.32481,2.1168,8.95579e+06,3.61194e+06,1.53569e+07,0,0,0,0
69.0317,85.139,4.68812,0.15,0.02,2.54367,2.69509,0,0.476448,4.47552,4.30939e+06,2.70226e+06,1.09617e+07,0,0,0,0,95.4088,98.274,3.18877,0,1,1.71474,1.56332,0,1.32481,2.1168,8.95579e+06,3.61194e+06,1.53569e+07,0,0,0,0
70.0862,85.139,4.13613,0.12,0.02,2.80787,2.95884,0,0.476683,4.47552,4.30939e+06,2.70226e+06,1.21002e+07,0,0,0,0,95.5493,98.274,2.58153,0,1,1.89861,1.74764,0,1.32481,2.1168,8.95579e+06,3.61194e+06,1.70035e+07,0,0,0,0
72.3523,85.139,5.6631,0.12,0.02,2.95971,2.95971,0,0.526196,4.47552,4.30939e+06,2.70226e+06,1.27545e+07,0,0,0,0,96.006,98.274,3.61329,0,1,1.74816,1.74816,0,1.46686,2.1168,8.95579e+06,3.61194e+06,1.56561e+07,0,0,0,0
75.0265,85.139,6.0924,0.11,0.02,2.96058,2.96058,0,0.55465,4.47552,4.30939e+06,2.70226e+06,1.27583e+07,0,0,0,0,96.338,98.274,3.33989,0,1,1.74867,1.74867,0,1.35063,2.1168,8.95579e+06,3.61194e+06,1.56608e+07,0,0,0,0
77.9646,85.139,6.36529,0.09,0.02,2.96145,2.96145,0,0.554813,4.47552,4.30939e+06,2.70226e+06,1.27621e+07,0,0,0,0,96.6191,98.274,2.97736,0,1,1.74919,1.74919,0,1.35103,2.1168,8.95579e+06,3.61194e+06,1.56654e+07,0,0,0,0
80.2155,85.139,5.35418,0.09,0.02,2.58683,2.58683,0,0.554977,4.47552,4.30939e+06,2.70226e+06,1.11477e+07,0,0,0,0,97.1536,98.274,3.27525,0,1,1.50266,1.50266,0,1.35142,2.1168,8.95579e+06,3.61194e+06,1.34575e+07,0,0,0,0
84.1511,85.139,7.00745,0.06,0.02,2.37598,2.5876,0,0.484773,4.47552,4.30939e+06,2.70226e+06,1.0239e+07,0,0,0,0,98.3742,98.274,4.65671,0,1,1.71472,1.50311,0,1.16096,2.1168,8.95579e+06,3.61194e+06,1.53567e+07,0,0,0,0
85.139,85.139,6.53792,0.06,0.02,2.37718,2.58836,0,0.445258,4.47552,4.30939e+06,2.70226e+06,1.02442e+07,0,0,0,0,98.8904,98.274,3.43982,0,1,1.71472,1.50355,0,1.32479,2.1168,8.95579e+06,3.61194e+06,1.53567e+07,0,0,0,0
85.139,85.139,4.69512,0.04,0.02,2.37839,2.58912,0,0.445484,4.47552,4.30939e+06,2.70226e+06,1.02494e+07,0,0,0,0,98.7762,98.274,2.74582,0,1,1.71472,1.50399,0,1.32479,2.1168,8.95579e+06,3.61194e+06,1.53567e+07,0,0,0,0
85.139,85.139,4.19121,0.05,0.02,2.37959,2.58988,0,0.44571,4.47552,4.30939e+06,2.70226e+06,1.02546e+07,0,0,0,0,98.9665,98.274,2.03965,0,1,1.71472,1.50443,0,1.32479,2.1168,8.95579e+06,3.61194e+06,1.53567e+07,0,0,0,0
85.139,85.139,5.32144,0.06,0.02,2.47546,2.6853,0,0.445936,4.47552,4.30939e+06,2.70226e+06,1.06677e+07,0,0,0,0,99.1027,98.274,2.8564,0,1,1.77525,1.5654,0,1.32479,2.1168,8.95579e+06,3.61194e+06,1.58987e+07,0,0,0,0
85.139,85.139,4.8073,0.07,0.02,2.53722,2.68609,0,0.463901,4.47552,4.30939e+06,2.70226e+06,1.09338e+07,0,0,0,0,99.2086,98.274,2.64192,0,1,1.71474,1.56586,0,1.37156,2.1168,8.95579e+06,3.61194e+06,1.53569e+07,0,0,0,0
85.139,85.139,3.49835,0.07,0.02,2.53847,2.68688,0,0.475474,4.47552,4.30939e+06,2.70226e+06,1.09392e+07,0,0,0,0,99.1672,98.274,2.58112,0,1,1.71474,1.56632,0,1.32481,2.1168,8.95579e+06,3.61194e+06,1.53569e+07,0,0,0,0
85.139,85.139,3.20458,0.06,0.02,2.53972,2.68768,0,0.475709,4.47552,4.30939e+06,2.70226e+06,1.09446e+07,0,0,0,0,99.3022,98.274,2.67459,0,1,1.71474,1.56679,0,1.32481,2.1168,8.95579e+06,3.61194e+06,1.53569e+07,0,0,0,0
85.139,85.139,2.96771,0.06,0.02,2.50392,2.65141,0,0.475943,4.47552,4.30939e+06,2.70226e+06,1.07904e+07,0,0,0,0,99.3022,98.274,3.14075,0,1,1.69121,1.54371,0,1.32481,2.1168,8.95579e+06,3.61194e+06,1.51461e+07,0,0,0,0
84.8535,85.139,2.58846,0.06,0.02,2.48163,2.65219,0,0.469234,4.47552,4.30939e+06,2.70226e+06,1.06943e+07,0,0,0,0,99.3022,98.274,2.93308,0,1,1.71473,1.54417,0,1.30663,2.1168,8.95579e+06,3.61194e+06,1.53568e+07,0,0,0,0
84.9684,85.139,2.99379,0.09,0.02,2.48286,2.65297,0,0.465057,4.47552,4.30939e+06,2.70226e+06,1.06996e+07,0,0,0,0,99.3022,98.274,2.95397,0,1,1.71473,1.54462,0,1.3248,2.1168,8.95579e+06,3.61194e+06,1.53568e+07,0,0,0,0
85.139,85.139,3.36788,0.08,0.02,2.4841,2.65376,0,0.465288,4.47552,4.30939e+06,2.70226e+06,1.07049e+07,0,0,0,0,99.3022,98.274,3.04788,0,1,1.71473,1.54508,0,1.3248,2.1168,8.95579e+06,3.61194e+06,1.53568e+07,0,0,0,0
84.5405,85.139,2.31686,0.06,0.02,2.61126,2.78046,0,0.46552,4.47552,4.30939e+06,2.70226e+06,1.12529e+07,0,0,0,0,99.3022,98.274,2.63765,0,1,1.79829,1.62909,0,1.3248,2.1168,8.95579e+06,3.61194e+06,1.61051e+07,0,0,0,0
83.8096,85.139,2.2331,0.07,0.02,2.69609,2.78128,0,0.489349,4.47552,4.30939e+06,2.70226e+06,1.16185e+07,0,0,0,0,99.3022,98.274,2.71764,0,1,1.71476,1.62957,0,1.38936,2.1168,8.95579e+06,3.61194e+06,1.5357e+07,0,0,0,0
83.0818,85.139,2.21862,0.07,0.02,2.69739,2.7821,0,0.505247,4.47552,4.30939e+06,2.70226e+06,1.16241e+07,0,0,0,0,99.3022,98.274,2.51032,0,1,1.71476,1.63005,0,1.32482,2.1168,8.95579e+06,3.61194e+06,1.5357e+07,0,0,0,0
82.156,85.139,1.97384,0.07,0.02,2.69868,2.78292,0,0.50549,4.47552,4.30939e+06,2.70226e+06,1.16297e+07,0,0,0,0,99.2999,98.274,2.40076,0,1,1.71476,1.63053,0,1.32482,2.1168,8.95579e+06,3.61194e+06,1.5357e+07,0,0,0,0
81.1568,85.139,1.86947,0.06,0.02,2.69998,2.78373,0,0.505733,4.47552,4.30939e+06,2.70226e+06,1.16353e+07,0,0,0,0,99.3022,98.274,2.28267,0,1,1.71476,1.63101,0,1.32482,2.1168,8.95579e+06,3.61194e+06,1.5357e+07,0,0,0,0
80.4192,85.139,2.09265,0.04,0.02,2.67634,2.75961,0,0.505977,4.47552,4.30939e+06,2.70226e+06,1.15334e+07,0,0,0,0,99.2661,98.274,2.25646,0,1,1.76075,1.67748,0,1.32482,2.1168,8.95579e+06,3.61194e+06,1.57689e+07,0,0,0,0
80.0082,85.139,2.43973,0.04,0.02,2.72363,2.76043,0,0.501546,4.47552,4.30939e+06,2.70226e+06,1.17372e+07,0,0,0,0,99.2236,98.274,2.2742,0,1,1.71477,1.67797,0,1.36036,2.1168,8.95579e+06,3.61194e+06,1.53571e+07,0,0,0,0
79.4412,85.139,2.28087,0.03,0.02,2.72493,2.76124,0,0.510408,4.47552,4.30939e+06,2.70226e+06,1.17428e+07,0,0,0,0,99.1549,98.274,2.19322,0,1,1.71477,1.67847,0,1.32483,2.1168,8.95579e+06,3.61194e+06,1.53571e+07,0,0,0,0
78.6725,85.139,2.07482,0.05,0.02,2.72624,2.76205,0,0.510652,4.47552,4.30939e+06,2.70226e+06,1.17484e+07,0,0,0,0,98.9583,98.274,2.08674,0,1,1.71477,1.67896,0,1.32483,2.1168,8.95579e+06,3.61194e+06,1.53571e+07,0,0,0,0
77.6824,85.139,1.8858,0.04,0.02,2.79202,2.82734,0,0.510897,4.47552,4.30939e+06,2.70226e+06,1.20319e+07,0,0,0,0,98.6018,98.274,1.92304,0,1,1.75581,1.72049,0,1.32483,2.1168,8.95579e+06,3.61194e+06,1.57247e+07,0,0,0,0
76.6858,85.139,1.89121,0.05,0.02,2.82817,2.82817,0,0.523225,4.47552,4.30939e+06,2.70226e+06,1.21877e+07,0,0,0,0,98.2595,98.274,1.63801,0,1,1.721,1.721,0,1.35654,2.1168,8.95579e+06,3.61194e+06,1.54129e+07,0,0,0,0
75.6511,85.139,1.84692,0.04,0.02,2.82901,2.82901,0,0.53,4.47552,4.30939e+06,2.70226e+06,1.21913e+07,0,0,0,0,97.8316,98.274,1.70496,0,1,1.72151,1.72151,0,1.32964,2.1168,8.95579e+06,3.61194e+06,1.54174e+07,0,0,0,0
74.51,85.139,1.72523,0.04,0.02,2.82984,2.82984,0,0.530156,4.47552,4.30939e+06,2.70226e+06,1.21949e+07,0,0,0,0,97.2891,98.274,1.61043,0,1,1.72201,1.72201,0,1.33004,2.1168,8.95579e+06,3.61194e+06,1.5422e+07,0,0,0,0
73.0853,85.139,1.58353,0.04,0.02,3.01972,3.01972,0,0.530311,4.47552,4.30939e+06,2.70226e+06,1.30131e+07,0,0,0,0,96.8878,98.274,1.51273,0,1,1.87082,1.87082,0,1.33043,2.1168,8.95579e+06,3.61194e+06,1.67547e+07,0,0,0,0
71.9012,85.139,1.82594,0.07,0.02,3.02061,3.02061,0,0.565895,4.47552,4.30939e+06,2.70226e+06,1.3017e+07,0,0,0,0,96.4678,98.274,1.76837,0,1,1.87137,1.87137,0,1.4454,2.1168,8.95579e+06,3.61194e+06,1.67596e+07,0,0,0,0
70.8597,85.139,2.00324,0.08,0.02,3.02149,3.02149,0,0.566061,4.47552,4.30939e+06,2.70226e+06,1.30208e+07,0,0,0,0,95.7705,98.274,1.88143,0,1,1.87192,1.87192,0,1.44582,2.1168,8.95579e+06,3.61194e+06,1.67645e+07,0,0,0,0
69.4291,85.139,1.60959,0.08,0.02,3.02238,3.02238,0,0.566228,4.47552,4.30939e+06,2.70226e+06,1.30246e+07,0,0,0,0,95.3486,98.274,1.36468,0,1,1.87247,1.87247,0,1.44625,2.1168,8.95579e+06,3.61194e+06,1.67695e+07,0,0,0,0
68.3668,85.139,1.95301,0.08,0.02,3.02327,3.02327,0,0.566394,4.47552,4.30939e+06,2.70226e+06,1.30284e+07,0,0,0,0,94.9841,98.274,2.36445,0,1,1.87302,1.87302,0,1.44667,2.1168,8.95579e+06,3.61194e+06,1.67744e+07,0,0,0,0
66.8705,85.139,1.4144,0.09,0.02,2.93189,2.93189,0,0.566561,4.47552,4.30939e+06,2.70226e+06,1.26346e+07,0,0,0,0,94.6214,98.274,1.65909,0,1,1.78343,1.78343,0,1.4471,2.1168,8.95579e+06,3.61194e+06,1.5972e+07,0,0,0,0
65.1048,85.139,1.10604,0.13,0.02,2.93275,2.93275,0,0.549436,4.47552,4.30939e+06,2.70226e+06,1.26384e+07,0,0,0,0,94.2569,98.274,2.71435,0,1,1.78395,1.78395,0,1.37787,2.1168,8.95579e+06,3.61194e+06,1.59767e+07,0,0,0,0
63.1753,85.139,0.923971,0.13,0.02,2.93361,2.93361,0,0.549597,4.47552,4.30939e+06,2.70226e+06,1.26421e+07,0,0,0,0,93.8497,98.274,1.43196,0,1,1.78447,1.78447,0,1.37828,2.1168,8.95579e+06,3.61194e+06,1.59814e+07,0,0,0,0
61.6007,85.139,1.31636,0.12,0.02,2.93447,2.93447,0,0.549759,4.47552,4.30939e+06,2.70226e+06,1.26458e+07,0,0,0,0,93.4975,98.274,1.63911,0,1,1.785,1.785,0,1.37868,2.1168,8.95579e+06,3.61194e+06,1.59861e+07,0,0,0,0
61.8611,85.139,3.24689,0.14,0.02,2.85951,2.85951,0,0.54992,4.47552,4.30939e+06,2.70226e+06,1.23227e+07,0,0,0,0,93.5938,98.274,2.82486,0,1,1.70337,1.70337,0,1.37909,2.1168,8.95579e+06,3.61194e+06,1.5255e+07,0,0,0,0
61.8314,85.139,2.87495,0.14,0.02,2.84944,2.86035,0,0.535872,4.47552,4.30939e+06,2.70226e+06,1.22793e+07,0,0,0,0,93.8995,98.274,3.05498,0,1,1.71478,1.70387,0,1.31602,2.1168,8.95579e+06,3.61194e+06,1.53572e+07,0,0,0,0
61.1598,85.139,2.21122,0.13,0.02,2.85078,2.86119,0,0.533985,4.47552,4.30939e+06,2.70226e+06,1.22851e+07,0,0,0,0,94.4185,98.274,4.33541,0,1,1.71478,1.70437,0,1.32484,2.1168,8.95579e+06,3.61194e+06,1.53572e+07,0,0,0,0
60.2735,85.139,2.01367,0.13,0.02,2.85212,2.86203,0,0.534236,4.47552,4.30939e+06,2.70226e+06,1.22909e+07,0,0,0,0,94.6298,98.274,3.08236,0,1,1.71478,1.70487,0,1.32484,2.1168,8.95579e+06,3.61194e+06,1.53572e+07,0,0,0,0
64.0325,85.139,6.7827,0.13,0.02,2.63786,2.64726,0,0.534488,4.47552,4.30939e+06,2.70226e+06,1.13675e+07,0,0,0,0,95.3292,98.274,5.31653,0,1,1.54348,1.53407,0,1.32484,2.1168,8.95579e+06,3.61194e+06,1.38231e+07,0,0,0,0
67.0963,85.139,5.86342,0.12,0.02,2.46784,2.64804,0,0.494334,4.47552,4.30939e+06,2.70226e+06,1.06349e+07,0,0,0,0,95.6069,98.274,4.0049,0,1,1.71473,1.53453,0,1.19249,2.1168,8.95579e+06,3.61194e+06,1.53568e+07,0,0,0,0
68.8174,85.139,4.63004,0.12,0.02,2.46906,2.64882,0,0.462472,4.47552,4.30939e+06,2.70226e+06,1.06402e+07,0,0,0,0,96.186,98.274,4.97743,0,1,1.71473,1.53498,0,1.3248,2.1168,8.95579e+06,3.61194e+06,1.53568e+07,0,0,0,0
71.3944,85.139,5.5969,0.1,0.02,2.47029,2.6496,0,0.462703,4.47552,4.30939e+06,2.70226e+06,1.06454e+07,0,0,0,0,97.0451,98.274,5.68529,0,1,1.71473,1.53543,0,1.3248,2.1168,8.95579e+06,3.61194e+06,1.53568e+07,0,0,0,0
73.1017,85.139,4.85202,0.11,0.02,2.47152,2.65037,0,0.462933,4.47552,4.30939e+06,2.70226e+06,1.06507e+07,0,0,0,0,97.2866,98.274,3.8874,0,1,1.71473,1.53588,0,1.3248,2.1168,8.95579e+06,3.61194e+06,1.53568e+07,0,0,0,0
74.2592,85.139,4.19012,0.11,0.02,2.47197,2.65037,0,0.463163,4.47552,4.30939e+06,2.70226e+06,1.06527e+07,0,0,0,0,97.175,98.274,2.71502,0,1,1.71428,1.53588,0,1.3248,2.1168,8.95579e+06,3.61194e+06,1.53527e+07,0,0,0,0
74.3029,85.139,3.02444,0.07,0.02,2.55578,2.73419,0,0.463248,4.47552,4.30939e+06,2.70226e+06,1.10139e+07,0,0,0,0,98.2101,98.274,6.63888,0,1,1.7644,1.58599,0,1.32445,2.1168,8.95579e+06,3.61194e+06,1.58016e+07,0,0,0,0
75.0008,85.139,3.90068,0.08,0.02,2.60667,2.73496,0,0.478954,4.47552,4.30939e+06,2.70226e+06,1.12332e+07,0,0,0,0,99.1492,98.274,5.74732,0,1,1.71473,1.58644,0,1.36317,2.1168,8.95579e+06,3.61194e+06,1.53567e+07,0,0,0,0
74.9645,85.139,2.98537,0.09,0.02,2.60789,2.73573,0,0.48849,4.47552,4.30939e+06,2.70226e+06,1.12384e+07,0,0,0,0,99.3022,98.274,4.88219,0,1,1.71473,1.58689,0,1.3248,2.1168,8.95579e+06,3.61194e+06,1.53567e+07,0,0,0,0
74.4173,85.139,2.42088,0.09,0.02,2.60911,2.7365,0,0.488719,4.47552,4.30939e+06,2.70226e+06,1.12437e+07,0,0,0,0,99.3022,98.274,4.25585,0,1,1.71473,1.58734,0,1.3248,2.1168,8.95579e+06,3.61194e+06,1.53567e+07,0,0,0,0
74.6196,85.139,3.57738,0.09,0.02,2.87732,3.00426,0,0.488948,4.47552,4.30939e+06,2.70226e+06,1.23995e+07,0,0,0,0,99.3022,98.274,5.90005,0,1,1.90142,1.77447,0,1.3248,2.1168,8.95579e+06,3.61194e+06,1.70287e+07,0,0,0,0
75.2578,85.139,4.13406,0.09,0.02,3.00511,3.00511,0,0.53921,4.47552,4.30939e+06,2.70226e+06,1.29502e+07,0,0,0,0,99.3022,98.274,6.09327,0,1,1.77498,1.77498,0,1.46904,2.1168,8.95579e+06,3.61194e+06,1.58963e+07,0,0,0,0
76.0801,85.139,4.30811,0.09,0.02,3.00596,3.00596,0,0.563158,4.47552,4.30939e+06,2.70226e+06,1.29539e+07,0,0,0,0,99.3022,98.274,5.49558,0,1,1.77548,1.77548,0,1.37135,2.1168,8.95579e+06,3.61194e+06,1.59008e+07,0,0,0,0
76.2548,85.139,3.63214,0.11,0.02,3.00681,3.00681,0,0.563317,4.47552,4.30939e+06,2.70226e+06,1.29575e+07,0,0,0,0,99.3022,98.274,6.02207,0,1,1.77598,1.77598,0,1.37173,2.1168,8.95579e+06,3.61194e+06,1.59053e+07,0,0,0,0
77.5983,85.139,4.55055,0.11,0.02,2.62642,2.62642,0,0.563476,4.47552,4.30939e+06,2.70226e+06,1.13183e+07,0,0,0,0,99.3022,98.274,6.75343,0,1,1.52566,1.52566,0,1.37212,2.1168,8.95579e+06,3.61194e+06,1.36635e+07,0,0,0,0
77.7491,85.139,3.1762,0.11,0.02,2.43854,2.62716,0,0.492191,4.47552,4.30939e+06,2.70226e+06,1.05086e+07,0,0,0,0,99.3022,98.274,3.91511,0,1,1.71471,1.52609,0,1.17872,2.1168,8.95579e+06,3.61194e+06,1.53566e+07,0,0,0,0
82.0133,85.139,7.57815,0.12,0.02,2.43971,2.6279,0,0.456982,4.47552,4.30939e+06,2.70226e+06,1.05137e+07,0,0,0,0,99.3022,98.274,5.53978,0,1,1.71471,1.52652,0,1.32479,2.1168,8.95579e+06,3.61194e+06,1.53566e+07,0,0,0,0
85.139,85.139,6.74319,0.1,0.02,2.44088,2.62864,0,0.457201,4.47552,4.30939e+06,2.70226e+06,1.05187e+07,0,0,0,0,99.3022,98.274,7.42189,0,1,1.71471,1.52695,0,1.32479,2.1168,8.95579e+06,3.61194e+06,1.53566e+07,0,0,0,0
85.139,85.139,4.59794,0.08,0.02,2.44205,2.62938,0,0.457421,4.47552,4.30939e+06,2.70226e+06,1.05238e+07,0,0,0,0,99.3022,98.274,4.5504,0,1,1.71471,1.52738,0,1.32479,2.1168,8.95579e+06,3.61194e+06,1.53566e+07,0,0,0,0
85.139,85.139,6.11009,0.07,0.02,2.53932,2.72623,0,0.457641,4.47552,4.30939e+06,2.70226e+06,1.09429e+07,0,0,0,0,99.3022,98.274,8.75831,0,1,1.77616,1.58926,0,1.32479,2.1168,8.95579e+06,3.61194e+06,1.59069e+07,0,0,0,0
85.139,85.139,6.4014,0.07,0.02,2.60197,2.72699,0,0.475869,4.47552,4.30939e+06,2.70226e+06,1.12129e+07,0,0,0,0,99.3022,98.274,9.00079,0,1,1.71473,1.58971,0,1.37226,2.1168,8.95579e+06,3.61194e+06,1.53567e+07,0,0,0,0
85.139,85.139,6.47219,0.08,0.02,2.60319,2.72776,0,0.48761,4.47552,4.30939e+06,2.70226e+06,1.12182e+07,0,0,0,0,99.3022,98.274,8.56637,0,1,1.71473,1.59015,0,1.3248,2.1168,8.95579e+06,3.61194e+06,1.53567e+07,0,0,0,0
85.139,85.139,4.61846,0.07,0.02,2.60441,2.72853,0,0.487838,4.47552,4.30939e+06,2.70226e+06,1.12234e+07,0,0,0,0,99.3022,98.274,7.27451,0,1,1.71473,1.5906,0,1.3248,2.1168,8.95579e+06,3.61194e+06,1.53567e+07,0,0,0,0
85.139,85.139,4.16498,0.06,0.02,2.56801,2.69169,0,0.488066,4.47552,4.30939e+06,2.70226e+06,1.10666e+07,0,0,0,0,99.3022,98.274,5.4587,0,1,1.69084,1.56716,0,1.3248,2.1168,8.95579e+06,3.61194e+06,1.51428e+07,0,0,0,0
85.139,85.139,3.52293,0.06,0.02,2.54533,2.69245,0,0.481245,4.47552,4.30939e+06,2.70226e+06,1.09688e+07,0,0,0,0,99.3022,98.274,4.91113,0,1,1.71472,1.5676,0,1.30634,2.1168,8.95579e+06,3.61194e+06,1.53567e+07,0,0,0,0
85.139,85.139,3.11716,0.06,0.02,2.54653,2.69321,0,0.476994,4.47552,4.30939e+06,2.70226e+06,1.0974e+07,0,0,0,0,99.3022,98.274,4.31004,0,1,1.71472,1.56804,0,1.32479,2.1168,8.95579e+06,3.61194e+06,1.53567e+07,0,0,0,0
85.0299,85.139,2.83946,0.06,0.02,2.54773,2.69396,0,0.477219,4.47552,4.30939e+06,2.70226e+06,1.09792e+07,0,0,0,0,99.3022,98.274,3.94505,0,1,1.71472,1.56849,0,1.32479,2.1168,8.95579e+06,3.61194e+06,1.53567e+07,0,0,0,0
84.6978,85.139,2.68447,0.07,0.02,2.67676,2.82255,0,0.477444,4.47552,4.30939e+06,2.70226e+06,1.15352e+07,0,0,0,0,99.3022,98.274,3.79969,0,1,1.79955,1.65375,0,1.32479,2.1168,8.95579e+06,3.61194e+06,1.61164e+07,0,0,0,0
84.1953,85.139,2.53323,0.07,0.02,2.76282,2.82335,0,0.501625,4.47552,4.30939e+06,2.70226e+06,1.19061e+07,0,0,0,0,99.3022,98.274,3.50076,0,1,1.71475,1.65422,0,1.39033,2.1168,8.95579e+06,3.61194e+06,1.53569e+07,0,0,0,0
83.6587,85.139,2.48607,0.07,0.02,2.76408,2.82415,0,0.517753,4.47552,4.30939e+06,2.70226e+06,1.19115e+07,0,0,0,0,99.3022,98.274,3.5363,0,1,1.71475,1.65469,0,1.32481,2.1168,8.95579e+06,3.61194e+06,1.53569e+07,0,0,0,0
82.87,85.139,2.23222,0.07,0.02,2.76535,2.82494,0,0.517989,4.47552,4.30939e+06,2.70226e+06,1.1917e+07,0,0,0,0,99.3022,98.274,3.58274,0,1,1.71475,1.65515,0,1.32481,2.1168,8.95579e+06,3.61194e+06,1.53569e+07,0,0,0,0
81.9595,85.139,2.09761,0.05,0.02,2.76661,2.82574,0,0.518226,4.47552,4.30939e+06,2.70226e+06,1.19224e+07,0,0,0,0,99.3022,98.274,3.5077,0,1,1.71475,1.65562,0,1.32481,2.1168,8.95579e+06,3.61194e+06,1.53569e+07,0,0,0,0
80.9344,85.139,1.89473,0.04,0.02,2.74256,2.80122,0,0.518463,4.47552,4.30939e+06,2.70226e+06,1.18187e+07,0,0,0,0,99.3022,98.274,3.49783,0,1,1.76143,1.70277,0,1.32481,2.1168,8.95579e+06,3.61194e+06,1.5775e+07,0,0,0,0
79.7542,85.139,1.76,0.03,0.02,2.7905,2.80201,0,0.513955,4.47552,4.30939e+06,2.70226e+06,1.20254e+07,0,0,0,0,99.3022,98.274,3.20954,0,1,1.71476,1.70325,0,1.36088,2.1168,8.95579e+06,3.61194e+06,1.5357e+07,0,0,0,0
78.5374,85.139,1.70253,0.03,0.02,2.79177,2.8028,0,0.52294,4.47552,4.30939e+06,2.70226e+06,1.20308e+07,0,0,0,0,99.3022,98.274,3.00529,0,1,1.71476,1.70373,0,1.32482,2.1168,8.95579e+06,3.61194e+06,1.5357e+07,0,0,0,0
77.3616,85.139,1.70276,0.05,0.02,2.79304,2.80359,0,0.523178,4.47552,4.30939e+06,2.70226e+06,1.20363e+07,0,0,0,0,99.3022,98.274,3.01488,0,1,1.71476,1.70421,0,1.32482,2.1168,8.95579e+06,3.61194e+06,1.5357e+07,0,0,0,0
75.9567,85.139,1.53687,0.05,0.02,2.85976,2.86983,0,0.523416,4.47552,4.30939e+06,2.70226e+06,1.23238e+07,0,0,0,0,99.3022,98.274,3.10717,0,1,1.75642,1.74635,0,1.32482,2.1168,8.95579e+06,3.61194e+06,1.57301e+07,0,0,0,0
74.3435,85.139,1.30039,0.04,0.02,2.87064,2.87064,0,0.535919,4.47552,4.30939e+06,2.70226e+06,1.23707e+07,0,0,0,0,99.1751,98.274,2.80987,0,1,1.74684,1.74684,0,1.35701,2.1168,8.95579e+06,3.61194e+06,1.56443e+07,0,0,0,0
72.6399,85.139,1.1942,0.04,0.02,2.87144,2.87144,0,0.537957,4.47552,4.30939e+06,2.70226e+06,1.23742e+07,0,0,0,0,99.001,98.274,2.45211,0,1,1.74733,1.74733,0,1.34961,2.1168,8.95579e+06,3.61194e+06,1.56487e+07,0,0,0,0
71.0192,85.139,1.25453,0.08,0.02,2.87225,2.87225,0,0.538109,4.47552,4.30939e+06,2.70226e+06,1.23777e+07,0,0,0,0,98.9102,98.274,2.9314,0,1,1.74782,1.74782,0,1.34999,2.1168,8.95579e+06,3.61194e+06,1.56531e+07,0,0,0,0
69.2439,85.139,1.23793,0.08,0.02,3.06494,3.06494,0,0.53826,4.47552,4.30939e+06,2.70226e+06,1.3208e+07,0,0,0,0,98.7127,98.274,2.88783,0,1,1.89884,1.89884,0,1.35037,2.1168,8.95579e+06,3.61194e+06,1.70056e+07,0,0,0,0
67.4413,85.139,1.19409,0.1,0.02,3.06581,3.06581,0,0.57437,4.47552,4.30939e+06,2.70226e+06,1.32117e+07,0,0,0,0,98.4657,98.274,2.80993,0,1,1.89937,1.89937,0,1.46704,2.1168,8.95579e+06,3.61194e+06,1.70104e+07,0,0,0,0
65.4577,85.139,1.01709,0.14,0.02,3.06667,3.06667,0,0.574532,4.47552,4.30939e+06,2.70226e+06,1.32155e+07,0,0,0,0,98.1391,98.274,2.47607,0,1,1.89991,1.89991,0,1.46746,2.1168,8.95579e+06,3.61194e+06,1.70152e+07,0,0,0,0
63.5896,85.139,1.1002,0.14,0.02,3.06753,3.06753,0,0.574694,4.47552,4.30939e+06,2.70226e+06,1.32192e+07,0,0,0,0,98.0161,98.274,3.2593,0,1,1.90044,1.90044,0,1.46787,2.1168,8.95579e+06,3.61194e+06,1.702e+07,0,0,0,0
61.6872,85.139,1.05954,0.14,0.02,3.0684,3.0684,0,0.574856,4.47552,4.30939e+06,2.70226e+06,1.32229e+07,0,0,0,0,97.7664,98.274,2.97259,0,1,1.90098,1.90098,0,1.46828,2.1168,8.95579e+06,3.61194e+06,1.70248e+07,0,0,0,0
59.9981,85.139,1.22977,0.16,0.02,2.97561,2.97561,0,0.575018,4.47552,4.30939e+06,2.70226e+06,1.28231e+07,0,0,0,0,97.6505,98.274,2.80756,0,1,1.81002,1.81002,0,1.4687,2.1168,8.95579e+06,3.61194e+06,1.62102e+07,0,0,0,0
58.2024,85.139,1.0894,0.16,0.02,2.97645,2.97645,0,0.55763,4.47552,4.30939e+06,2.70226e+06,1.28267e+07,0,0,0,0,97.8346,98.274,4.42115,0,1,1.81053,1.81053,0,1.39842,2.1168,8.95579e+06,3.61194e+06,1.62148e+07,0,0,0,0
56.3093,85.139,0.974092,0.16,0.02,2.97729,2.97729,0,0.557787,4.47552,4.30939e+06,2.70226e+06,1.28303e+07,0,0,0,0,97.6031,98.274,2.66552,0,1,1.81104,1.81104,0,1.39882,2.1168,8.95579e+06,3.61194e+06,1.62193e+07,0,0,0,0
54.3056,85.139,0.833223,0.17,0.02,2.97813,2.97813,0,0.557944,4.47552,4.30939e+06,2.70226e+06,1.28339e+07,0,0,0,0,97.3252,98.274,2.43098,0,1,1.81155,1.81155,0,1.39921,2.1168,8.95579e+06,3.61194e+06,1.62239e+07,0,0,0,0
52.4232,85.139,0.967548,0.18,0.02,2.90201,2.90201,0,0.558101,4.47552,4.30939e+06,2.70226e+06,1.25059e+07,0,0,0,0,96.7613,98.274,2.24617,0,1,1.72869,1.72869,0,1.39961,2.1168,8.95579e+06,3.61194e+06,1.54818e+07,0,0,0,0
50.439,85.139,0.865844,0.17,0.02,2.90283,2.90283,0,0.543837,4.47552,4.30939e+06,2.70226e+06,1.25094e+07,0,0,0,0,96.621,98.274,1.34909,0,1,1.72918,1.72918,0,1.33559,2.1168,8.95579e+06,3.61194e+06,1.54861e+07,0,0,0,0
49.5988,85.139,2.05365,0.21,0.02,2.90365,2.90365,0,0.54399,4.47552,4.30939e+06,2.70226e+06,1.25129e+07,0,0,0,0,96.9198,98.274,3.48551,0,1,1.72966,1.72966,0,1.33596,2.1168,8.95579e+06,3.61194e+06,1.54905e+07,0,0,0,0
49.5021,85.139,2.88082,0.2,0.02,2.90446,2.90446,0,0.544143,4.47552,4.30939e+06,2.70226e+06,1.25165e+07,0,0,0,0,97.5839,98.274,5.74608,0,1,1.73015,1.73015,0,1.33634,2.1168,8.95579e+06,3.61194e+06,1.54949e+07,0,0,0,0
48.973,85.139,2.15583,0.21,0.02,2.68648,2.68648,0,0.544297,4.47552,4.30939e+06,2.70226e+06,1.15771e+07,0,0,0,0,97.9663,98.274,3.48449,0,1,1.5568,1.5568,0,1.33671,2.1168,8.95579e+06,3.61194e+06,1.39424e+07,0,0,0,0
48.3491,85.139,1.95759,0.2,0.02,2.52976,2.68724,0,0.503446,4.47552,4.30939e+06,2.70226e+06,1.09017e+07,0,0,0,0,98.1737,98.274,3.5588,0,1,1.71472,1.55724,0,1.20278,2.1168,8.95579e+06,3.61194e+06,1.53567e+07,0,0,0,0
48.5329,85.139,2.82744,0.22,0.02,2.53095,2.68799,0,0.474076,4.47552,4.30939e+06,2.70226e+06,1.09069e+07,0,0,0,0,98.7433,98.274,4.76784,0,1,1.71472,1.55768,0,1.32479,2.1168,8.95579e+06,3.61194e+06,1.53567e+07,0,0,0,0
48.7613,85.139,2.86724,0.22,0.02,2.53215,2.68875,0,0.4743,4.47552,4.30939e+06,2.70226e+06,1.0912e+07,0,0,0,0,99.2534,98.274,4.27049,0,1,1.71472,1.55812,0,1.32479,2.1168,8.95579e+06,3.61194e+06,1.53567e+07,0,0,0,0
49.7024,85.139,3.64515,0.26,0.02,2.53334,2.68951,0,0.474524,4.47552,4.30939e+06,2.70226e+06,1.09171e+07,0,0,0,0,99.3022,98.274,6.41933,0,1,1.71472,1.55855,0,1.32479,2.1168,8.95579e+06,3.61194e+06,1.53567e+07,0,0,0,0
51.1332,85.139,4.26571,0.28,0.04,2.61879,2.77452,0,0.474748,4.47552,4.30939e+06,2.70226e+06,1.12854e+07,0,0,0,0,99.3022,98.274,2.66526,0,1,1.76512,1.60939,0,1.32479,2.1168,8.95579e+06,3.61194e+06,1.5808e+07,0,0,0,0
54.1923,85.139,5.94324,0.25,0.04,2.67038,2.77527,0,0.490762,4.47552,4.30939e+06,2.70226e+06,1.15077e+07,0,0,0,0,99.3022,98.274,5.93429,0,1,1.71471,1.60982,0,1.36373,2.1168,8.95579e+06,3.61194e+06,1.53566e+07,0,0,0,0
58.2516,85.139,7.09106,0.25,0.04,2.67156,2.77602,0,0.500429,4.47552,4.30939e+06,2.70226e+06,1.15128e+07,0,0,0,0,99.3022,98.274,5.83364,0,1,1.71471,1.61026,0,1.32479,2.1168,8.95579e+06,3.61194e+06,1.53566e+07,0,0,0,0
60.823,85.139,5.63435,0.22,0.04,2.67275,2.77677,0,0.500651,4.47552,4.30939e+06,2.70226e+06,1.15179e+07,0,0,0,0,99.3022,98.274,5.5197,0,1,1.71471,1.61069,0,1.32479,2.1168,8.95579e+06,3.61194e+06,1.53566e+07,0,0,0,0
61.9881,85.139,4.39226,0.22,0.04,2.94485,3.04843,0,0.500873,4.47552,4.30939e+06,2.70226e+06,1.26905e+07,0,0,0,0,99.3022,98.274,4.24578,0,1,1.90415,1.80056,0,1.32479,2.1168,8.95579e+06,3.61194e+06,1.70532e+07,0,0,0,0
64.5627,85.139,5.94849,0.24,0.04,3.04926,3.04926,0,0.551864,4.47552,4.30939e+06,2.70226e+06,1.31404e+07,0,0,0,0,99.3022,98.274,5.22623,0,1,1.80105,1.80105,0,1.47115,2.1168,8.95579e+06,3.61194e+06,1.61298e+07,0,0,0,0
68.5897,85.139,7.61389,0.19,0.04,3.05008,3.05008,0,0.571431,4.47552,4.30939e+06,2.70226e+06,1.3144e+07,0,0,0,0,99.3022,98.274,5.54003,0,1,1.80154,1.80154,0,1.39149,2.1168,8.95579e+06,3.61194e+06,1.61342e+07,0,0,0,0
70.3587,85.139,5.20161,0.14,0.04,3.0509,3.0509,0,0.571585,4.47552,4.30939e+06,2.70226e+06,1.31475e+07,0,0,0,0,99.3022,98.274,4.74533,0,1,1.80202,1.80202,0,1.39187,2.1168,8.95579e+06,3.61194e+06,1.61385e+07,0,0,0,0
72.4924,85.139,5.28895,0.16,0.04,2.6649,2.6649,0,0.571739,4.47552,4.30939e+06,2.70226e+06,1.14841e+07,0,0,0,0,99.0414,98.274,4.17583,0,1,1.54801,1.54801,0,1.39224,2.1168,8.95579e+06,3.61194e+06,1.38637e+07,0,0,0,0
73.4347,85.139,3.93785,0.17,0.04,2.49935,2.66562,0,0.499402,4.47552,4.30939e+06,2.70226e+06,1.07707e+07,0,0,0,0,99.3022,98.274,2.56473,0,1,1.7147,1.54843,0,1.19599,2.1168,8.95579e+06,3.61194e+06,1.53565e+07,0,0,0,0
75.9377,85.139,5.56072,0.2,0.04,2.50049,2.66634,0,0.468378,4.47552,4.30939e+06,2.70226e+06,1.07756e+07,0,0,0,0,99.3022,98.274,3.77676,0,1,1.7147,1.54885,0,1.32478,2.1168,8.95579e+06,3.61194e+06,1.53565e+07,0,0,0,0
79.0358,85.139,6.18891,0.17,0.04,2.50163,2.66706,0,0.468592,4.47552,4.30939e+06,2.70226e+06,1.07805e+07,0,0,0,0,99.3022,98.274,7.66526,0,1,1.7147,1.54927,0,1.32478,2.1168,8.95579e+06,3.61194e+06,1.53565e+07,0,0,0,0
80.7566,85.139,4.77036,0.18,0.04,2.50277,2.66778,0,0.468805,4.47552,4.30939e+06,2.70226e+06,1.07854e+07,0,0,0,0,99.3022,98.274,4.14311,0,1,1.7147,1.54968,0,1.32478,2.1168,8.95579e+06,3.61194e+06,1.53565e+07,0,0,0,0
82.8338,85.139,5.2389,0.13,0.04,2.6014,2.766,0,0.469018,4.47552,4.30939e+06,2.70226e+06,1.12105e+07,0,0,0,0,99.3022,98.274,5.69729,0,1,1.77704,1.61245,0,1.32478,2.1168,8.95579e+06,3.61194e+06,1.59148e+07,0,0,0,0
83.5778,85.139,3.92412,0.14,0.04,2.66491,2.76675,0,0.487503,4.47552,4.30939e+06,2.70226e+06,1.14841e+07,0,0,0,0,99.3022,98.274,3.36407,0,1,1.71472,1.61288,0,1.37294,2.1168,8.95579e+06,3.61194e+06,1.53566e+07,0,0,0,0
84.006,85.139,3.58279,0.14,0.04,2.6661,2.76749,0,0.499405,4.47552,4.30939e+06,2.70226e+06,1.14892e+07,0,0,0,0,99.3022,98.274,2.88158,0,1,1.71472,1.61332,0,1.32479,2.1168,8.95579e+06,3.61194e+06,1.53566e+07,0,0,0,0
84.3441,85.139,3.43493,0.14,0.04,2.66728,2.76824,0,0.499626,4.47552,4.30939e+06,2.70226e+06,1.14943e+07,0,0,0,0,99.3022,98.274,2.72514,0,1,1.71472,1.61375,0,1.32479,2.1168,8.95579e+06,3.61194e+06,1.53566e+07,0,0,0,0
84.352,85.139,3.03408,0.12,0.04,2.6303,2.73082,0,0.499848,4.47552,4.30939e+06,2.70226e+06,1.1335e+07,0,0,0,0,99.2944,98.274,2.58393,0,1,1.69048,1.58995,0,1.32479,2.1168,8.95579e+06,3.61194e+06,1.51395e+07,0,0,0,0
84.0366,85.139,2.67895,0.13,0.04,2.60723,2.73156,0,0.492917,4.47552,4.30939e+06,2.70226e+06,1.12356e+07,0,0,0,0,99.3022,98.274,2.78812,0,1,1.71471,1.59038,0,1.30606,2.1168,8.95579e+06,3.61194e+06,1.53566e+07,0,0,0,0
83.7737,85.139,2.72408,0.13,0.04,2.60839,2.7323,0,0.488595,4.47552,4.30939e+06,2.70226e+06,1.12406e+07,0,0,0,0,99.2205,98.274,2.34835,0,1,1.71471,1.5908,0,1.32478,2.1168,8.95579e+06,3.61194e+06,1.53566e+07,0,0,0,0
83.5998,85.139,2.78853,0.12,0.04,2.60956,2.73304,0,0.488813,4.47552,4.30939e+06,2.70226e+06,1.12456e+07,0,0,0,0,99.1119,98.274,2.44769,0,1,1.71471,1.59123,0,1.32478,2.1168,8.95579e+06,3.61194e+06,1.53566e+07,0,0,0,0
82.9688,85.139,2.36494,0.09,0.04,2.74041,2.86346,0,0.489032,4.47552,4.30939e+06,2.70226e+06,1.18095e+07,0,0,0,0,98.9318,98.274,2.37191,0,1,1.80076,1.67772,0,1.32478,2.1168,8.95579e+06,3.61194e+06,1.61273e+07,0,0,0,0
82.2937,85.139,2.39078,0.08,0.04,2.82766,2.86423,0,0.513553,4.47552,4.30939e+06,2.70226e+06,1.21855e+07,0,0,0,0,98.7855,98.274,2.25862,0,1,1.71473,1.67817,0,1.39127,2.1168,8.95579e+06,3.61194e+06,1.53568e+07,0,0,0,0
81.5878,85.139,2.34713,0.07,0.04,2.82889,2.865,0,0.529904,4.47552,4.30939e+06,2.70226e+06,1.21908e+07,0,0,0,0,98.6406,98.274,2.28233,0,1,1.71473,1.67862,0,1.3248,2.1168,8.95579e+06,3.61194e+06,1.53568e+07,0,0,0,0
80.643,85.139,2.1065,0.07,0.04,2.83011,2.86577,0,0.530134,4.47552,4.30939e+06,2.70226e+06,1.21961e+07,0,0,0,0,98.4784,98.274,2.31826,0,1,1.71473,1.67907,0,1.3248,2.1168,8.95579e+06,3.61194e+06,1.53568e+07,0,0,0,0
79.6421,85.139,2.03902,0.07,0.04,2.83134,2.86655,0,0.530364,4.47552,4.30939e+06,2.70226e+06,1.22013e+07,0,0,0,0,98.321,98.274,2.25822,0,1,1.71473,1.67953,0,1.3248,2.1168,8.95579e+06,3.61194e+06,1.53568e+07,0,0,0,0
78.7187,85.139,2.04053,0.05,0.04,2.80689,2.84164,0,0.530593,4.47552,4.30939e+06,2.70226e+06,1.2096e+07,0,0,0,0,98.2234,98.274,2.23634,0,1,1.76209,1.72734,0,1.3248,2.1168,8.95579e+06,3.61194e+06,1.57809e+07,0,0,0,0
77.6069,85.139,1.86824,0.08,0.04,2.8424,2.8424,0,0.52601,4.47552,4.30939e+06,2.70226e+06,1.2249e+07,0,0,0,0,98.1112,98.274,1.97245,0,1,1.72781,1.72781,0,1.36139,2.1168,8.95579e+06,3.61194e+06,1.54739e+07,0,0,0,0
76.3792,85.139,1.71505,0.07,0.04,2.84317,2.84317,0,0.532667,4.47552,4.30939e+06,2.70226e+06,1.22523e+07,0,0,0,0,97.8963,98.274,1.9382,0,1,1.72827,1.72827,0,1.3349,2.1168,8.95579e+06,3.61194e+06,1.5478e+07,0,0,0,0
75.0724,85.139,1.60396,0.07,0.04,2.84394,2.84394,0,0.53281,4.47552,4.30939e+06,2.70226e+06,1.22556e+07,0,0,0,0,97.6616,98.274,1.87028,0,1,1.72874,1.72874,0,1.33526,2.1168,8.95579e+06,3.61194e+06,1.54822e+07,0,0,0,0
73.8602,85.139,1.74999,0.07,0.04,2.91109,2.91109,0,0.532954,4.47552,4.30939e+06,2.70226e+06,1.2545e+07,0,0,0,0,97.44,98.274,2.02237,0,1,1.77146,1.77146,0,1.33562,2.1168,8.95579e+06,3.61194e+06,1.58648e+07,0,0,0,0
72.5758,85.139,1.66682,0.06,0.04,2.91188,2.91188,0,0.545539,4.47552,4.30939e+06,2.70226e+06,1.25484e+07,0,0,0,0,97.1514,98.274,2.01459,0,1,1.77194,1.77194,0,1.36863,2.1168,8.95579e+06,3.61194e+06,1.58691e+07,0,0,0,0
71.1596,85.139,1.51981,0.12,0.04,2.91266,2.91266,0,0.545686,4.47552,4.30939e+06,2.70226e+06,1.25518e+07,0,0,0,0,96.8511,98.274,1.85713,0,1,1.77241,1.77241,0,1.369,2.1168,8.95579e+06,3.61194e+06,1.58734e+07,0,0,0,0
69.576,85.139,1.32345,0.12,0.04,2.91345,2.91345,0,0.545833,4.47552,4.30939e+06,2.70226e+06,1.25552e+07,0,0,0,0,96.5255,98.274,1.84369,0,1,1.77289,1.77289,0,1.36937,2.1168,8.95579e+06,3.61194e+06,1.58776e+07,0,0,0,0
67.87,85.139,1.30355,0.11,0.04,3.03731,3.10886,0,0.54598,4.47552,4.30939e+06,2.94905e+06,1.30889e+07,0,0,0,0,95.8806,98.274,1.81637,1,1,1.88172,1.92605,0,1.36974,2.1168,8.95579e+06,3.94181e+06,1.68523e+07,0,0,0,0
66.3595,85.139,1.50842,0.16,0.04,3.03812,3.1097,0,0.569191,4.47552,4.30939e+06,2.94905e+06,1.30925e+07,0,0,0,0,95.5511,98.274,1.42603,1,1,1.88222,1.92657,0,1.45381,2.1168,8.95579e+06,3.94181e+06,1.68568e+07,0,0,0,0
65.1603,85.139,1.79003,0.15,0.04,3.03894,3.11054,0,0.569345,4.47552,4.30939e+06,2.94905e+06,1.3096e+07,0,0,0,0,95.2379,98.274,2.3212,1,1,1.88273,1.92709,0,1.45421,2.1168,8.95579e+06,3.94181e+06,1.68613e+07,0,0,0,0
63.6414,85.139,1.44836,0.14,0.04,3.03976,3.11138,0,0.569498,4.47552,4.30939e+06,2.94905e+06,1.30995e+07,0,0,0,0,94.8179,98.274,1.7097,1,1,1.88324,1.92761,0,1.4546,2.1168,8.95579e+06,3.94181e+06,1.68659e+07,0,0,0,0
62.2307,85.139,1.54217,0.14,0.04,3.04058,3.11221,0,0.569651,4.47552,4.30939e+06,2.94905e+06,1.3103e+07,0,0,0,0,94.6112,98.274,1.74629,1,1,1.88375,1.92813,0,1.45499,2.1168,8.95579e+06,3.94181e+06,1.68704e+07,0,0,0,0
61.3629,85.139,2.14827,0.17,0.04,3.01807,3.01807,0,0.569805,4.47552,4.30939e+06,2.70226e+06,1.3006e+07,0,0,0,0,94.8192,98.274,2.72381,0,1,1.83585,1.83585,0,1.45538,2.1168,8.95579e+06,3.61194e+06,1.64415e+07,0,0,0,0
60.5754,85.139,2.25829,0.17,0.04,3.01888,3.01888,0,0.565586,4.47552,4.30939e+06,2.70226e+06,1.30095e+07,0,0,0,0,94.8447,98.274,2.31395,0,1,1.83634,1.83634,0,1.41838,2.1168,8.95579e+06,3.61194e+06,1.64459e+07,0,0,0,0
59.6587,85.139,2.12246,0.17,0.04,3.0197,3.0197,0,0.565739,4.47552,4.30939e+06,2.70226e+06,1.3013e+07,0,0,0,0,94.9639,98.274,2.50489,0,1,1.83684,1.83684,0,1.41876,2.1168,8.95579e+06,3.61194e+06,1.64503e+07,0,0,0,0
58.4843,85.139,1.8145,0.17,0.04,3.02051,3.02051,0,0.565891,4.47552,4.30939e+06,2.70226e+06,1.30166e+07,0,0,0,0,94.7055,98.274,2.28674,0,1,1.83733,1.83733,0,1.41914,2.1168,8.95579e+06,3.61194e+06,1.64548e+07,0,0,0,0
58.1221,85.139,2.68614,0.16,0.04,2.94328,2.94328,0,0.566044,4.47552,4.30939e+06,2.70226e+06,1.26837e+07,0,0,0,0,94.8328,98.274,1.9361,0,1,1.75327,1.75327,0,1.41952,2.1168,8.95579e+06,3.61194e+06,1.57019e+07,0,0,0,0
57.9291,85.139,2.83911,0.16,0.04,2.94407,2.94407,0,0.55157,4.47552,4.30939e+06,2.70226e+06,1.26871e+07,0,0,0,0,94.9133,98.274,2.05425,0,1,1.75374,1.75374,0,1.35458,2.1168,8.95579e+06,3.61194e+06,1.57061e+07,0,0,0,0
62.0607,85.139,7.37282,0.14,0.04,2.94486,2.94486,0,0.551718,4.47552,4.30939e+06,2.70226e+06,1.26906e+07,0,0,0,0,96.3049,98.274,6.4001,0,1,1.75421,1.75421,0,1.35494,2.1168,8.95579e+06,3.61194e+06,1.57104e+07,0,0,0,0
63.9724,85.139,5.12298,0.14,0.04,2.94565,2.94565,0,0.551867,4.47552,4.30939e+06,2.70226e+06,1.2694e+07,0,0,0,0,97.0304,98.274,4.30508,0,1,1.75469,1.75469,0,1.35531,2.1168,8.95579e+06,3.61194e+06,1.57146e+07,0,0,0,0
66.169,85.139,5.15751,0.13,0.04,2.72455,2.72455,0,0.552015,4.47552,4.30939e+06,2.70226e+06,1.17411e+07,0,0,0,0,98.1107,98.274,4.70201,0,1,1.57886,1.57886,0,1.35567,2.1168,8.95579e+06,3.61194e+06,1.41399e+07,0,0,0,0
65.9246,85.139,2.74343,0.14,0.04,2.58986,2.72528,0,0.51058,4.47552,4.30939e+06,2.70226e+06,1.11607e+07,0,0,0,0,99.2922,98.274,4.27197,0,1,1.71471,1.57928,0,1.21983,2.1168,8.95579e+06,3.61194e+06,1.53565e+07,0,0,0,0
67.6761,85.139,4.77977,0.14,0.04,2.59102,2.72601,0,0.485339,4.47552,4.30939e+06,2.70226e+06,1.11657e+07,0,0,0,0,99.3022,98.274,6.39105,0,1,1.71471,1.57971,0,1.32478,2.1168,8.95579e+06,3.61194e+06,1.53565e+07,0,0,0,0
67.805,85.139,3.10576,0.16,0.04,2.59218,2.72675,0,0.485557,4.47552,4.30939e+06,2.70226e+06,1.11707e+07,0,0,0,0,99.3022,98.274,3.16727,0,1,1.71471,1.58013,0,1.32478,2.1168,8.95579e+06,3.61194e+06,1.53565e+07,0,0,0,0
67.7302,85.139,3.06396,0.16,0.04,2.59334,2.72748,0,0.485774,4.47552,4.30939e+06,2.70226e+06,1.11757e+07,0,0,0,0,99.3022,98.274,2.82968,0,1,1.71471,1.58056,0,1.32478,2.1168,8.95579e+06,3.61194e+06,1.53565e+07,0,0,0,0
68.7494,85.139,4.18469,0.16,0.04,2.67994,2.81366,0,0.485991,4.47552,4.30939e+06,2.70226e+06,1.15489e+07,0,0,0,0,99.3022,98.274,3.31196,0,1,1.76581,1.63209,0,1.32478,2.1168,8.95579e+06,3.61194e+06,1.58143e+07,0,0,0,0
71.8219,85.139,6.38484,0.11,0.04,2.7322,2.81439,0,0.502221,4.47552,4.30939e+06,2.70226e+06,1.17741e+07,0,0,0,0,99.3022,98.274,3.91296,0,1,1.7147,1.63252,0,1.36427,2.1168,8.95579e+06,3.61194e+06,1.53565e+07,0,0,0,0
72.9871,85.139,4.36724,0.12,0.04,2.73335,2.81512,0,0.512015,4.47552,4.30939e+06,2.70226e+06,1.17791e+07,0,0,0,0,99.1283,98.274,3.09235,0,1,1.7147,1.63294,0,1.32478,2.1168,8.95579e+06,3.61194e+06,1.53565e+07,0,0,0,0
72.8657,85.139,2.9745,0.12,0.04,2.7345,2.81584,0,0.51223,4.47552,4.30939e+06,2.70226e+06,1.1784e+07,0,0,0,0,99.3022,98.274,2.48976,0,1,1.7147,1.63336,0,1.32478,2.1168,8.95579e+06,3.61194e+06,1.53565e+07,0,0,0,0
73.2055,85.139,3.75354,0.12,0.04,3.01037,3.09129,0,0.512445,4.47552,4.30939e+06,2.70226e+06,1.29729e+07,0,0,0,0,99.3022,98.274,3.18654,0,1,1.9068,1.82588,0,1.32478,2.1168,8.95579e+06,3.61194e+06,1.70769e+07,0,0,0,0
73.8908,85.139,4.23069,0.12,0.04,3.09209,3.09209,0,0.564143,4.47552,4.30939e+06,2.70226e+06,1.3325e+07,0,0,0,0,99.3022,98.274,3.93944,0,1,1.82635,1.82635,0,1.47319,2.1168,8.95579e+06,3.61194e+06,1.63564e+07,0,0,0,0
75.1005,85.139,4.71019,0.11,0.04,3.09289,3.09289,0,0.579458,4.47552,4.30939e+06,2.70226e+06,1.33285e+07,0,0,0,0,99.3022,98.274,3.8484,0,1,1.82682,1.82682,0,1.41104,2.1168,8.95579e+06,3.61194e+06,1.63606e+07,0,0,0,0
77.016,85.139,5.54822,0.11,0.04,3.09369,3.09369,0,0.579607,4.47552,4.30939e+06,2.70226e+06,1.33319e+07,0,0,0,0,99.3022,98.274,3.68912,0,1,1.82729,1.82729,0,1.4114,2.1168,8.95579e+06,3.61194e+06,1.63648e+07,0,0,0,0
78.6735,85.139,4.92795,0.11,0.04,2.70224,2.70224,0,0.579757,4.47552,4.30939e+06,2.70226e+06,1.1645e+07,0,0,0,0,99.3022,98.274,4.68782,0,1,1.5697,1.5697,0,1.41177,2.1168,8.95579e+06,3.61194e+06,1.40579e+07,0,0,0,0
78.7471,85.139,3.10455,0.13,0.04,2.55835,2.70294,0,0.506399,4.47552,4.30939e+06,2.70226e+06,1.10249e+07,0,0,0,0,99.3022,98.274,3.6548,0,1,1.71468,1.5701,0,1.21275,2.1168,8.95579e+06,3.61194e+06,1.53564e+07,0,0,0,0
79.6114,85.139,4.03487,0.16,0.04,2.55946,2.70363,0,0.479436,4.47552,4.30939e+06,2.70226e+06,1.10297e+07,0,0,0,0,99.3022,98.274,4.25157,0,1,1.71469,1.57051,0,1.32477,2.1168,8.95579e+06,3.61194e+06,1.53564e+07,0,0,0,0
81.8704,85.139,5.48961,0.12,0.04,2.56056,2.70433,0,0.479642,4.47552,4.30939e+06,2.70226e+06,1.10344e+07,0,0,0,0,99.3022,98.274,4.2924,0,1,1.71469,1.57091,0,1.32477,2.1168,8.95579e+06,3.61194e+06,1.53564e+07,0,0,0,0
82.7443,85.139,4.02357,0.13,0.04,2.56166,2.70503,0,0.479849,4.47552,4.30939e+06,2.70226e+06,1.10392e+07,0,0,0,0,99.3022,98.274,4.28196,0,1,1.71469,1.57132,0,1.32477,2.1168,8.95579e+06,3.61194e+06,1.53564e+07,0,0,0,0
83.9176,85.139,4.43214,0.14,0.04,2.66163,2.80459,0,0.480056,4.47552,4.30939e+06,2.70226e+06,1.147e+07,0,0,0,0,99.3022,98.274,5.43213,0,1,1.7779,1.63494,0,1.32477,2.1168,8.95579e+06,3.61194e+06,1.59225e+07,0,0,0,0
84.5587,85.139,3.99844,0.15,0.04,2.72597,2.80531,0,0.498789,4.47552,4.30939e+06,2.70226e+06,1.17473e+07,0,0,0,0,99.3022,98.274,4.80161,0,1,1.7147,1.63536,0,1.3736,2.1168,8.95579e+06,3.61194e+06,1.53565e+07,0,0,0,0
85.139,85.139,4.76977,0.16,0.04,2.72711,2.80603,0,0.510847,4.47552,4.30939e+06,2.70226e+06,1.17522e+07,0,0,0,0,99.3022,98.274,5.96651,0,1,1.7147,1.63578,0,1.32478,2.1168,8.95579e+06,3.61194e+06,1.53565e+07,0,0,0,0
85.139,85.139,5.12102,0.08,0.04,2.72826,2.80676,0,0.511061,4.47552,4.30939e+06,2.70226e+06,1.17571e+07,0,0,0,0,99.3022,98.274,7.23321,0,1,1.7147,1.6362,0,1.32478,2.1168,8.95579e+06,3.61194e+06,1.53565e+07,0,0,0,0
85.139,85.139,3.94375,0.09,0.04,2.69071,2.76879,0,0.511276,4.47552,4.30939e+06,2.70226e+06,1.15953e+07,0,0,0,0,99.3022,98.274,4.85947,0,1,1.69013,1.61205,0,1.32478,2.1168,8.95579e+06,3.61194e+06,1.51364e+07,0,0,0,0
85.139,85.139,3.23413,0.07,0.04,2.66727,2.7695,0,0.504239,4.47552,4.30939e+06,2.70226e+06,1.14943e+07,0,0,0,0,99.3022,98.274,4.01973,0,1,1.7147,1.61246,0,1.30579,2.1168,8.95579e+06,3.61194e+06,1.53565e+07,0,0,0,0
84.7616,85.139,2.68727,0.07,0.04,2.6684,2.77022,0,0.499846,4.47552,4.30939e+06,2.70226e+06,1.14992e+07,0,0,0,0,99.3022,98.274,3.66942,0,1,1.7147,1.61288,0,1.32477,2.1168,8.95579e+06,3.61194e+06,1.53565e+07,0,0,0,0
84.1428,85.139,2.43868,0.13,0.04,2.66953,2.77093,0,0.500058,4.47552,4.30939e+06,2.70226e+06,1.1504e+07,0,0,0,0,99.2843,98.274,2.91542,0,1,1.7147,1.6133,0,1.32477,2.1168,8.95579e+06,3.61194e+06,1.53565e+07,0,0,0,0
84.0651,85.139,3.09801,0.11,0.04,2.80214,2.90312,0,0.50027,4.47552,4.30939e+06,2.70226e+06,1.20755e+07,0,0,0,0,99.3022,98.274,3.57106,0,1,1.80194,1.70096,0,1.32477,2.1168,8.95579e+06,3.61194e+06,1.61378e+07,0,0,0,0
83.6293,85.139,2.73449,0.09,0.04,2.89055,2.90387,0,0.525121,4.47552,4.30939e+06,2.70226e+06,1.24565e+07,0,0,0,0,99.3022,98.274,3.47345,0,1,1.71472,1.7014,0,1.39218,2.1168,8.95579e+06,3.61194e+06,1.53567e+07,0,0,0,0
82.8595,85.139,2.38436,0.08,0.04,2.89174,2.90462,0,0.541689,4.47552,4.30939e+06,2.70226e+06,1.24616e+07,0,0,0,0,99.3022,98.274,3.41474,0,1,1.71472,1.70184,0,1.32479,2.1168,8.95579e+06,3.61194e+06,1.53567e+07,0,0,0,0
81.8721,85.139,2.14966,0.07,0.04,2.89292,2.90537,0,0.541911,4.47552,4.30939e+06,2.70226e+06,1.24667e+07,0,0,0,0,99.2908,98.274,2.94011,0,1,1.71472,1.70227,0,1.32479,2.1168,8.95579e+06,3.61194e+06,1.53567e+07,0,0,0,0
80.7761,85.139,2.00278,0.07,0.04,2.89411,2.90612,0,0.542134,4.47552,4.30939e+06,2.70226e+06,1.24718e+07,0,0,0,0,99.2418,98.274,2.92712,0,1,1.71472,1.70271,0,1.32479,2.1168,8.95579e+06,3.61194e+06,1.53567e+07,0,0,0,0
80.0424,85.139,2.27954,0.05,0.04,2.86926,2.88083,0,0.542356,4.47552,4.30939e+06,2.70226e+06,1.23648e+07,0,0,0,0,99.1513,98.274,2.38441,0,1,1.76273,1.75117,0,1.32479,2.1168,8.95579e+06,3.61194e+06,1.57867e+07,0,0,0,0
79.1302,85.139,2.10441,0.04,0.04,2.88157,2.88157,0,0.5377,4.47552,4.30939e+06,2.70226e+06,1.24178e+07,0,0,0,0,99.0504,98.274,2.36889,0,1,1.75162,1.75162,0,1.36189,2.1168,8.95579e+06,3.61194e+06,1.56871e+07,0,0,0,0
78.0475,85.139,1.92271,0.09,0.04,2.88232,2.88232,0,0.540007,4.47552,4.30939e+06,2.70226e+06,1.2421e+07,0,0,0,0,98.9106,98.274,2.10814,0,1,1.75207,1.75207,0,1.3533,2.1168,8.95579e+06,3.61194e+06,1.56911e+07,0,0,0,0
76.8414,85.139,1.76341,0.09,0.04,2.88306,2.88306,0,0.540146,4.47552,4.30939e+06,2.70226e+06,1.24242e+07,0,0,0,0,98.6997,98.274,2.06894,0,1,1.75252,1.75252,0,1.35365,2.1168,8.95579e+06,3.61194e+06,1.56952e+07,0,0,0,0
75.5918,85.139,1.75808,0.08,0.04,2.9511,2.9511,0,0.540285,4.47552,4.30939e+06,2.70226e+06,1.27175e+07,0,0,0,0,98.2971,98.274,1.89703,0,1,1.79581,1.79581,0,1.354,2.1168,8.95579e+06,3.61194e+06,1.60829e+07,0,0,0,0
74.1298,85.139,1.51906,0.08,0.04,2.95186,2.95186,0,0.553037,4.47552,4.30939e+06,2.70226e+06,1.27207e+07,0,0,0,0,97.7251,98.274,1.6898,0,1,1.79627,1.79627,0,1.38744,2.1168,8.95579e+06,3.61194e+06,1.6087e+07,0,0,0,0
72.5855,85.139,1.42169,0.07,0.04,2.95262,2.95262,0,0.553179,4.47552,4.30939e+06,2.70226e+06,1.2724e+07,0,0,0,0,97.2332,98.274,1.54234,0,1,1.79673,1.79673,0,1.3878,2.1168,8.95579e+06,3.61194e+06,1.60911e+07,0,0,0,0
71.0346,85.139,1.39684,0.13,0.04,2.95338,2.95338,0,0.553322,4.47552,4.30939e+06,2.70226e+06,1.27273e+07,0,0,0,0,96.8116,98.274,1.65925,0,1,1.79719,1.79719,0,1.38815,2.1168,8.95579e+06,3.61194e+06,1.60953e+07,0,0,0,0
69.4825,85.139,1.46893,0.13,0.04,3.0789,3.15144,0,0.553464,4.47552,4.30939e+06,2.94905e+06,1.32682e+07,0,0,0,0,96.1141,98.274,1.80366,1,1,1.90749,1.95243,0,1.38851,2.1168,8.95579e+06,3.94181e+06,1.70831e+07,0,0,0,0
67.5859,85.139,1.08473,0.13,0.04,3.0797,3.15225,0,0.576987,4.47552,4.30939e+06,2.94905e+06,1.32716e+07,0,0,0,0,95.3934,98.274,1.44006,1,1,1.90798,1.95293,0,1.47373,2.1168,8.95579e+06,3.94181e+06,1.70875e+07,0,0,0,0
65.6838,85.139,1.0562,0.16,0.04,3.08049,3.15306,0,0.577135,4.47552,4.30939e+06,2.94905e+06,1.3275e+07,0,0,0,0,94.8308,98.274,1.3647,1,1,1.90847,1.95343,0,1.47411,2.1168,8.95579e+06,3.94181e+06,1.70919e+07,0,0,0,0
64.2422,85.139,1.51047,0.16,0.04,3.08128,3.15388,0,0.577284,4.47552,4.30939e+06,2.94905e+06,1.32785e+07,0,0,0,0,94.3349,98.274,1.59095,1,1,1.90896,1.95394,0,1.47448,2.1168,8.95579e+06,3.94181e+06,1.70963e+07,0,0,0,0
63.4165,85.139,2.19366,0.15,0.04,3.08208,3.15469,0,0.577433,4.47552,4.30939e+06,2.94905e+06,1.32819e+07,0,0,0,0,93.9142,98.274,1.79768,1,1,1.90945,1.95444,0,1.47486,2.1168,8.95579e+06,3.94181e+06,1.71007e+07,0,0,0,0
62.2256,85.139,1.72967,0.15,0.04,3.05922,3.05922,0,0.577581,4.47552,4.30939e+06,2.70226e+06,1.31834e+07,0,0,0,0,93.5881,98.274,2.3858,0,1,1.86088,1.86088,0,1.47524,2.1168,8.95579e+06,3.61194e+06,1.66657e+07,0,0,0,0
60.8089,85.139,1.47687,0.17,0.04,3.06001,3.06001,0,0.573298,4.47552,4.30939e+06,2.70226e+06,1.31868e+07,0,0,0,0,93.4836,98.274,4.08572,0,1,1.86136,1.86136,0,1.43772,2.1168,8.95579e+06,3.61194e+06,1.667e+07,0,0,0,0
59.1714,85.139,1.2378,0.17,0.04,3.0608,3.0608,0,0.573446,4.47552,4.30939e+06,2.70226e+06,1.31902e+07,0,0,0,0,93.0661,98.274,2.17544,0,1,1.86184,1.86184,0,1.43809,2.1168,8.95579e+06,3.61194e+06,1.66742e+07,0,0,0,0
58.0071,85.139,1.7553,0.17,0.04,3.06159,3.06159,0,0.573594,4.47552,4.30939e+06,2.70226e+06,1.31936e+07,0,0,0,0,92.7782,98.274,2.48497,0,1,1.86232,1.86232,0,1.43846,2.1168,8.95579e+06,3.61194e+06,1.66785e+07,0,0,0,0
58.0904,85.139,3.23283,0.17,0.04,2.98327,2.98327,0,0.573741,4.47552,4.30939e+06,2.70226e+06,1.28561e+07,0,0,0,0,93.1763,98.274,4.66505,0,1,1.77709,1.77709,0,1.43883,2.1168,8.95579e+06,3.61194e+06,1.59153e+07,0,0,0,0
58.3284,85.139,3.35975,0.16,0.04,2.98403,2.98403,0,0.559064,4.47552,4.30939e+06,2.70226e+06,1.28594e+07,0,0,0,0,93.5333,98.274,3.51629,0,1,1.77755,1.77755,0,1.37298,2.1168,8.95579e+06,3.61194e+06,1.59194e+07,0,0,0,0
58.8394,85.139,3.48275,0.16,0.04,2.9848,2.9848,0,0.559208,4.47552,4.30939e+06,2.70226e+06,1.28627e+07,0,0,0,0,93.737,98.274,3.5826,0,1,1.77801,1.77801,0,1.37333,2.1168,8.95579e+06,3.61194e+06,1.59234e+07,0,0,0,0
59.1195,85.139,3.27719,0.14,0.04,2.98557,2.98557,0,0.559352,4.47552,4.30939e+06,2.70226e+06,1.2866e+07,0,0,0,0,94.2421,98.274,4.74463,0,1,1.77846,1.77846,0,1.37369,2.1168,8.95579e+06,3.61194e+06,1.59275e+07,0,0,0,0
59.5005,85.139,3.2486,0.14,0.04,2.76143,2.76143,0,0.559496,4.47552,4.30939e+06,2.70226e+06,1.19001e+07,0,0,0,0,94.7243,98.274,3.74919,0,1,1.60023,1.60023,0,1.37404,2.1168,8.95579e+06,3.61194e+06,1.43314e+07,0,0,0,0
60.4208,85.139,3.7951,0.16,0.04,2.6481,2.76214,0,0.517492,4.47552,4.30939e+06,2.70226e+06,1.14117e+07,0,0,0,0,96.099,98.274,7.32504,0,1,1.71469,1.60065,0,1.23634,2.1168,8.95579e+06,3.61194e+06,1.53564e+07,0,0,0,0
60.65,85.139,3.12462,0.18,0.04,2.64922,2.76285,0,0.496254,4.47552,4.30939e+06,2.70226e+06,1.14165e+07,0,0,0,0,96.4321,98.274,4.7997,0,1,1.71469,1.60106,0,1.32477,2.1168,8.95579e+06,3.61194e+06,1.53564e+07,0,0,0,0
60.2953,85.139,2.48464,0.19,0.04,2.65034,2.76356,0,0.496464,4.47552,4.30939e+06,2.70226e+06,1.14214e+07,0,0,0,0,96.6433,98.274,4.11935,0,1,1.71469,1.60147,0,1.32477,2.1168,8.95579e+06,3.61194e+06,1.53564e+07,0,0,0,0
59.6411,85.139,2.18024,0.19,0.04,2.65147,2.76428,0,0.496674,4.47552,4.30939e+06,2.70226e+06,1.14262e+07,0,0,0,0,96.8826,98.274,4.8594,0,1,1.71469,1.60188,0,1.32477,2.1168,8.95579e+06,3.61194e+06,1.53564e+07,0,0,0,0
59.6285,85.139,2.91733,0.22,0.04,2.73919,2.85159,0,0.496885,4.47552,4.30939e+06,2.70226e+06,1.18042e+07,0,0,0,0,97.3267,98.274,4.56819,0,1,1.76649,1.65409,0,1.32477,2.1168,8.95579e+06,3.61194e+06,1.58203e+07,0,0,0,0
59.3583,85.139,2.68366,0.24,0.04,2.7921,2.85229,0,0.513324,4.47552,4.30939e+06,2.70226e+06,1.20323e+07,0,0,0,0,97.6646,98.274,3.74463,0,1,1.71469,1.6545,0,1.36479,2.1168,8.95579e+06,3.61194e+06,1.53564e+07,0,0,0,0
58.811,85.139,2.39275,0.25,0.04,2.79321,2.85299,0,0.52324,4.47552,4.30939e+06,2.70226e+06,1.2037e+07,0,0,0,0,97.8485,98.274,3.24482,0,1,1.71469,1.65491,0,1.32477,2.1168,8.95579e+06,3.61194e+06,1.53564e+07,0,0,0,0
58.6318,85.139,2.73702,0.26,0.04,2.79432,2.8537,0,0.523448,4.47552,4.30939e+06,2.70226e+06,1.20418e+07,0,0,0,0,98.843,98.274,4.89833,0,1,1.71469,1.65532,0,1.32477,2.1168,8.95579e+06,3.61194e+06,1.53564e+07,0,0,0,0
57.713,85.139,2.22137,0.29,0.04,3.07385,3.13281,0,0.523656,4.47552,4.30939e+06,2.70226e+06,1.32464e+07,0,0,0,0,99.3022,98.274,4.60106,0,1,1.90937,1.8504,0,1.32477,2.1168,8.95579e+06,3.61194e+06,1.70999e+07,0,0,0,0
57.2118,85.139,2.71867,0.29,0.04,3.13358,3.13358,0,0.576039,4.47552,4.30939e+06,2.70226e+06,1.35038e+07,0,0,0,0,99.3022,98.274,5.40016,0,1,1.85086,1.85086,0,1.47518,2.1168,8.95579e+06,3.61194e+06,1.65759e+07,0,0,0,0
57.056,85.139,3.08193,0.33,0.04,3.13436,3.13436,0,0.587234,4.47552,4.30939e+06,2.70226e+06,1.35072e+07,0,0,0,0,99.3022,98.274,5.11065,0,1,1.85131,1.85131,0,1.42997,2.1168,8.95579e+06,3.61194e+06,1.658e+07,0,0,0,0
56.5643,85.139,2.69397,0.36,0.04,3.13513,3.13513,0,0.587378,4.47552,4.30939e+06,2.70226e+06,1.35105e+07,0,0,0,0,99.3022,98.274,4.46624,0,1,1.85177,1.85177,0,1.43032,2.1168,8.95579e+06,3.61194e+06,1.65841e+07,0,0,0,0
58.3062,85.139,4.54371,0.41,0.04,2.42326,2.7384,0,0.587523,4.47552,4.30939e+06,3.53887e+06,1.04428e+07,0,0,0,0,99.3022,98.274,6.75587,0,1,1.40764,1.59071,0,1.43068,2.1168,8.95579e+06,4.73018e+06,1.26066e+07,0,0,0,0
62.3209,85.139,7.11622,0.39,0.04,2.55246,2.73908,0,0.454118,4.47552,4.30939e+06,2.94905e+06,1.09996e+07,0,0,0,0,99.3022,98.274,10.8294,0,1,1.67805,1.5911,0,1.08754,2.1168,8.95579e+06,3.94181e+06,1.50283e+07,0,0,0,0
65.6204,85.139,6.16037,0.43,0.04,2.30127,2.73975,0,0.478332,4.47552,4.30939e+06,3.53887e+06,9.91708e+06,0,0,0,0,99.3022,98.274,9.93688,0,1,1.53152,1.59149,0,1.29646,2.1168,8.95579e+06,4.73018e+06,1.37159e+07,0,0,0,0
69.574,85.139,7.1544,0.37,0.04,2.61764,2.74043,0,0.431258,4.47552,4.30939e+06,2.70226e+06,1.12804e+07,0,0,0,0,99.3022,98.274,10.8883,0,1,1.71467,1.59188,0,1.18325,2.1168,8.95579e+06,3.61194e+06,1.53562e+07,0,0,0,0
74.3946,85.139,8.15206,0.3,0.04,2.61871,2.7411,0,0.490546,4.47552,4.30939e+06,2.70226e+06,1.1285e+07,0,0,0,0,99.3022,98.274,11.2827,0,1,1.71467,1.59228,0,1.32476,2.1168,8.95579e+06,3.61194e+06,1.53562e+07,0,0,0,0
78.1022,85.139,7.04505,0.25,0.04,2.71995,2.84196,0,0.490746,4.47552,4.30939e+06,2.70226e+06,1.17213e+07,0,0,0,0,99.3022,98.274,10.2579,0,1,1.77873,1.65672,0,1.32476,2.1168,8.95579e+06,3.61194e+06,1.59299e+07,0,0,0,0
79.8341,85.139,5.07377,0.27,0.04,2.7851,2.84266,0,0.509719,4.47552,4.30939e+06,2.70226e+06,1.20021e+07,0,0,0,0,99.3022,98.274,9.2068,0,1,1.71469,1.65713,0,1.37425,2.1168,8.95579e+06,3.61194e+06,1.53564e+07,0,0,0,0
80.6304,85.139,4.04643,0.17,0.04,2.78621,2.84336,0,0.521928,4.47552,4.30939e+06,2.70226e+06,1.20069e+07,0,0,0,0,99.3022,98.274,7.60364,0,1,1.71469,1.65754,0,1.32477,2.1168,8.95579e+06,3.61194e+06,1.53564e+07,0,0,0,0
81.264,85.139,3.88165,0.19,0.04,2.78732,2.84406,0,0.522136,4.47552,4.30939e+06,2.70226e+06,1.20116e+07,0,0,0,0,99.3022,98.274,7.74208,0,1,1.71469,1.65795,0,1.32477,2.1168,8.95579e+06,3.61194e+06,1.53564e+07,0,0,0,0
82.0351,85.139,3.98598,0.18,0.04,2.74922,2.80555,0,0.522344,4.47552,4.30939e+06,2.70226e+06,1.18475e+07,0,0,0,0,99.3022,98.274,6.98087,0,1,1.68979,1.63345,0,1.32477,2.1168,8.95579e+06,3.61194e+06,1.51334e+07,0,0,0,0
82.4913,85.139,3.6061,0.16,0.04,2.72542,2.80624,0,0.515204,4.47552,4.30939e+06,2.70226e+06,1.17449e+07,0,0,0,0,99.3022,98.274,5.27879,0,1,1.71468,1.63386,0,1.30553,2.1168,8.95579e+06,3.61194e+06,1.53563e+07,0,0,0,0
82.8037,85.139,3.48226,0.14,0.04,2.72651,2.80693,0,0.510743,4.47552,4.30939e+06,2.70226e+06,1.17496e+07,0,0,0,0,99.3022,98.274,5.35426,0,1,1.71468,1.63426,0,1.32476,2.1168,8.95579e+06,3.61194e+06,1.53563e+07,0,0,0,0
82.8954,85.139,3.22331,0.13,0.04,2.7276,2.80762,0,0.510948,4.47552,4.30939e+06,2.70226e+06,1.17543e+07,0,0,0,0,99.3022,98.274,4.57843,0,1,1.71468,1.63466,0,1.32476,2.1168,8.95579e+06,3.61194e+06,1.53563e+07,0,0,0,0
82.7501,85.139,3.02715,0.13,0.04,2.86191,2.94153,0,0.511153,4.47552,4.30939e+06,2.70226e+06,1.23331e+07,0,0,0,0,99.3022,98.274,4.6202,0,1,1.80308,1.72346,0,1.32476,2.1168,8.95579e+06,3.61194e+06,1.6148e+07,0,0,0,0
82.2847,85.139,2.73149,0.1,0.04,2.94226,2.94226,0,0.536323,4.47552,4.30939e+06,2.70226e+06,1.26793e+07,0,0,0,0,99.3022,98.274,3.81017,0,1,1.72389,1.72389,0,1.39306,2.1168,8.95579e+06,3.61194e+06,1.54388e+07,0,0,0,0
81.7185,85.139,2.61132,0.09,0.04,2.94298,2.94298,0,0.551379,4.47552,4.30939e+06,2.70226e+06,1.26824e+07,0,0,0,0,99.3022,98.274,3.85594,0,1,1.72431,1.72431,0,1.33188,2.1168,8.95579e+06,3.61194e+06,1.54426e+07,0,0,0,0
81.0454,85.139,2.49239,0.08,0.04,2.94371,2.94371,0,0.551515,4.47552,4.30939e+06,2.70226e+06,1.26856e+07,0,0,0,0,99.3022,98.274,3.73675,0,1,1.72474,1.72474,0,1.3322,2.1168,8.95579e+06,3.61194e+06,1.54464e+07,0,0,0,0
80.223,85.139,2.32993,0.07,0.04,2.94443,2.94443,0,0.55165,4.47552,4.30939e+06,2.70226e+06,1.26887e+07,0,0,0,0,99.3022,98.274,3.52097,0,1,1.72516,1.72516,0,1.33253,2.1168,8.95579e+06,3.61194e+06,1.54502e+07,0,0,0,0
78.7966,85.139,1.60687,0.06,0.04,2.91878,2.91878,0,0.551786,4.47552,4.30939e+06,2.70226e+06,1.25781e+07,0,0,0,0,99.2147,98.274,2.83321,0,1,1.77423,1.77423,0,1.33286,2.1168,8.95579e+06,3.61194e+06,1.58896e+07,0,0,0,0
77.1833,85.139,1.4059,0.11,0.04,2.91949,2.91949,0,0.546979,4.47552,4.30939e+06,2.70226e+06,1.25812e+07,0,0,0,0,99.0634,98.274,2.61606,0,1,1.77467,1.77467,0,1.37077,2.1168,8.95579e+06,3.61194e+06,1.58935e+07,0,0,0,0
75.4574,85.139,1.2808,0.09,0.04,2.92021,2.92021,0,0.547113,4.47552,4.30939e+06,2.70226e+06,1.25843e+07,0,0,0,0,98.8864,98.274,2.48827,0,1,1.7751,1.7751,0,1.37111,2.1168,8.95579e+06,3.61194e+06,1.58975e+07,0,0,0,0
73.6418,85.139,1.16338,0.1,0.04,2.92093,2.92093,0,0.547248,4.47552,4.30939e+06,2.70226e+06,1.25874e+07,0,0,0,0,98.6685,98.274,2.28358,0,1,1.77554,1.77554,0,1.37145,2.1168,8.95579e+06,3.61194e+06,1.59014e+07,0,0,0,0
71.7266,85.139,1.06911,0.16,0.04,2.98984,2.98984,0,0.547383,4.47552,4.30939e+06,2.70226e+06,1.28844e+07,0,0,0,0,98.2986,98.274,2.12893,0,1,1.81937,1.81937,0,1.37178,2.1168,8.95579e+06,3.61194e+06,1.62939e+07,0,0,0,0
69.8727,85.139,1.13062,0.15,0.04,2.99057,2.99057,0,0.560295,4.47552,4.30939e+06,2.70226e+06,1.28875e+07,0,0,0,0,98.0072,98.274,2.27608,0,1,1.81982,1.81982,0,1.40565,2.1168,8.95579e+06,3.61194e+06,1.62979e+07,0,0,0,0
67.951,85.139,1.03204,0.13,0.04,2.99131,2.99131,0,0.560433,4.47552,4.30939e+06,2.70226e+06,1.28907e+07,0,0,0,0,97.6367,98.274,2.28956,0,1,1.82027,1.82027,0,1.40599,2.1168,8.95579e+06,3.61194e+06,1.6302e+07,0,0,0,0
65.9648,85.139,0.94752,0.19,0.04,2.99204,2.99204,0,0.560571,4.47552,4.30939e+06,2.70226e+06,1.28939e+07,0,0,0,0,97.2348,98.274,1.99214,0,1,1.82072,1.82072,0,1.40634,2.1168,8.95579e+06,3.61194e+06,1.6306e+07,0,0,0,0
63.9528,85.139,0.995883,0.18,0.04,3.11917,3.19265,0,0.560709,4.47552,4.30939e+06,2.94905e+06,1.34417e+07,0,0,0,0,96.8224,98.274,2.38264,1,1,1.93243,1.97796,0,1.40669,2.1168,8.95579e+06,3.94181e+06,1.73065e+07,0,0,0,0
62.0664,85.139,1.06874,0.18,0.04,3.11994,3.19344,0,0.584532,4.47552,4.30939e+06,2.94905e+06,1.3445e+07,0,0,0,0,96.3533,98.274,2.05713,1,1,1.93291,1.97845,0,1.493,2.1168,8.95579e+06,3.94181e+06,1.73107e+07,0,0,0,0
60.0005,85.139,0.881428,0.21,0.04,3.1207,3.19422,0,0.584676,4.47552,4.30939e+06,2.94905e+06,1.34483e+07,0,0,0,0,95.8143,98.274,1.64597,1,1,1.93338,1.97893,0,1.49337,2.1168,8.95579e+06,3.94181e+06,1.7315e+07,0,0,0,0
58.1057,85.139,1.01934,0.21,0.04,3.12147,3.19501,0,0.58482,4.47552,4.30939e+06,2.94905e+06,1.34516e+07,0,0,0,0,95.4553,98.274,2.47137,1,1,1.93386,1.97942,0,1.49373,2.1168,8.95579e+06,3.94181e+06,1.73192e+07,0,0,0,0
56.0727,85.139,0.856628,0.2,0.04,3.12224,3.1958,0,0.584964,4.47552,4.30939e+06,2.94905e+06,1.34549e+07,0,0,0,0,94.9769,98.274,1.94773,1,1,1.93434,1.97991,0,1.4941,2.1168,8.95579e+06,3.94181e+06,1.73235e+07,0,0,0,0
54.4281,85.139,1.19034,0.23,0.04,3.09905,3.09905,0,0.585107,4.47552,4.30939e+06,2.70226e+06,1.3355e+07,0,0,0,0,94.6363,98.274,2.53336,0,1,1.88511,1.88511,0,1.49447,2.1168,8.95579e+06,3.61194e+06,1.68826e+07,0,0,0,0
52.8929,85.139,1.30135,0.22,0.04,3.09981,3.09981,0,0.580762,4.47552,4.30939e+06,2.70226e+06,1.33583e+07,0,0,0,0,94.3579,98.274,2.61861,0,1,1.88557,1.88557,0,1.45643,2.1168,8.95579e+06,3.61194e+06,1.68868e+07,0,0,0,0
51.9747,85.139,1.9292,0.22,0.04,3.10057,3.10057,0,0.580905,4.47552,4.30939e+06,2.70226e+06,1.33616e+07,0,0,0,0,94.1786,98.274,3.1759,0,1,1.88603,1.88603,0,1.45679,2.1168,8.95579e+06,3.61194e+06,1.68909e+07,0,0,0,0
51.7112,85.139,2.66751,0.22,0.04,3.10134,3.10134,0,0.581047,4.47552,4.30939e+06,2.70226e+06,1.33649e+07,0,0,0,0,94.397,98.274,5.1484,0,1,1.8865,1.8865,0,1.45715,2.1168,8.95579e+06,3.61194e+06,1.68951e+07,0,0,0,0
51.0615,85.139,2.26905,0.22,0.04,3.02196,3.02196,0,0.58119,4.47552,4.30939e+06,2.70226e+06,1.30228e+07,0,0,0,0,94.4802,98.274,3.67145,0,1,1.80014,1.80014,0,1.45751,2.1168,8.95579e+06,3.61194e+06,1.61217e+07,0,0,0,0
53.0871,85.139,5.06029,0.27,0.04,3.02271,3.02271,0,0.566316,4.47552,4.30939e+06,2.70226e+06,1.3026e+07,0,0,0,0,95.1931,98.274,4.64329,0,1,1.80059,1.80059,0,1.39079,2.1168,8.95579e+06,3.61194e+06,1.61257e+07,0,0,0,0
54.8014,85.139,4.77487,0.23,0.04,3.02345,3.02345,0,0.566455,4.47552,4.30939e+06,2.70226e+06,1.30292e+07,0,0,0,0,95.6142,98.274,4.25786,0,1,1.80103,1.80103,0,1.39113,2.1168,8.95579e+06,3.61194e+06,1.61296e+07,0,0,0,0
56.7281,85.139,5.05951,0.23,0.04,3.02419,3.02419,0,0.566594,4.47552,4.30939e+06,2.70226e+06,1.30324e+07,0,0,0,0,96.5858,98.274,5.30668,0,1,1.80147,1.80147,0,1.39147,2.1168,8.95579e+06,3.61194e+06,1.61336e+07,0,0,0,0
58.7438,85.139,4.93551,0.24,0.04,2.79712,2.79712,0,0.566734,4.47552,4.30939e+06,2.70226e+06,1.20539e+07,0,0,0,0,97.7245,98.274,6.10524,0,1,1.62092,1.62092,0,1.39182,2.1168,8.95579e+06,3.61194e+06,1.45166e+07,0,0,0,0
64.1739,85.139,8.65361,0.17,0.04,2.70445,2.79781,0,0.524181,4.47552,4.30939e+06,2.70226e+06,1.16545e+07,0,0,0,0,99.3022,98.274,7.65055,0,1,1.71468,1.62132,0,1.25232,2.1168,8.95579e+06,3.61194e+06,1.53563e+07,0,0,0,0
67.0228,85.139,6.00596,0.16,0.04,2.70553,2.7985,0,0.506814,4.47552,4.30939e+06,2.70226e+06,1.16592e+07,0,0,0,0,99.3022,98.274,6.05281,0,1,1.71468,1.62171,0,1.32476,2.1168,8.95579e+06,3.61194e+06,1.53563e+07,0,0,0,0
69.5002,85.139,5.74381,0.17,0.04,2.70662,2.79919,0,0.507017,4.47552,4.30939e+06,2.70226e+06,1.16639e+07,0,0,0,0,99.3022,98.274,7.54916,0,1,1.71468,1.62211,0,1.32476,2.1168,8.95579e+06,3.61194e+06,1.53563e+07,0,0,0,0
74.6743,85.139,8.59674,0.15,0.04,2.70771,2.79987,0,0.507221,4.47552,4.30939e+06,2.70226e+06,1.16686e+07,0,0,0,0,99.3022,98.274,10.7694,0,1,1.71468,1.62251,0,1.32476,2.1168,8.95579e+06,3.61194e+06,1.53563e+07,0,0,0,0
80.1704,85.139,9.02766,0.11,0.04,2.79651,2.88828,0,0.507424,4.47552,4.30939e+06,2.70226e+06,1.20512e+07,0,0,0,0,99.3022,98.274,7.15408,0,1,1.76714,1.67537,0,1.32476,2.1168,8.95579e+06,3.61194e+06,1.58262e+07,0,0,0,0
81.6028,85.139,4.93119,0.09,0.04,2.85005,2.88896,0,0.524066,4.47552,4.30939e+06,2.70226e+06,1.2282e+07,0,0,0,0,99.3022,98.274,3.84819,0,1,1.71467,1.67577,0,1.3653,2.1168,8.95579e+06,3.61194e+06,1.53563e+07,0,0,0,0
82.8104,85.139,4.71179,0.09,0.04,2.85113,2.88964,0,0.5341,4.47552,4.30939e+06,2.70226e+06,1.22866e+07,0,0,0,0,99.3022,98.274,3.26071,0,1,1.71467,1.67616,0,1.32476,2.1168,8.95579e+06,3.61194e+06,1.53563e+07,0,0,0,0
84.2394,85.139,4.86882,0.09,0.04,2.8522,2.89032,0,0.534302,4.47552,4.30939e+06,2.70226e+06,1.22913e+07,0,0,0,0,99.3022,98.274,4.00556,0,1,1.71467,1.67656,0,1.32476,2.1168,8.95579e+06,3.61194e+06,1.53563e+07,0,0,0,0
85.139,85.139,5.02978,0.09,0.04,3.13526,3.17298,0,0.534503,4.47552,4.30939e+06,2.70226e+06,1.35111e+07,0,0,0,0,99.3022,98.274,4.50802,0,1,1.91185,1.87413,0,1.32476,2.1168,8.95579e+06,3.61194e+06,1.71221e+07,0,0,0,0
85.139,85.139,5.42904,0.07,0.04,3.17373,3.17373,0,0.587548,4.47552,4.30939e+06,2.70226e+06,1.36768e+07,0,0,0,0,99.3022,98.274,5.36918,0,1,1.87457,1.87457,0,1.47709,2.1168,8.95579e+06,3.61194e+06,1.67883e+07,0,0,0,0
85.139,85.139,4.86739,0.07,0.04,3.17448,3.17448,0,0.594757,4.47552,4.30939e+06,2.70226e+06,1.36801e+07,0,0,0,0,99.3022,98.274,3.18392,0,1,1.87501,1.87501,0,1.44829,2.1168,8.95579e+06,3.61194e+06,1.67922e+07,0,0,0,0
85.139,85.139,5.76265,0.08,0.04,3.17523,3.17523,0,0.594897,4.47552,4.30939e+06,2.70226e+06,1.36833e+07,0,0,0,0,99.3022,98.274,4.39855,0,1,1.87545,1.87545,0,1.44863,2.1168,8.95579e+06,3.61194e+06,1.67962e+07,0,0,0,0
85.139,85.139,5.94294,0.07,0.04,2.7734,2.7734,0,0.595037,4.47552,4.30939e+06,2.70226e+06,1.19517e+07,0,0,0,0,99.3022,98.274,7.80971,0,1,1.61104,1.61104,0,1.44898,2.1168,8.95579e+06,3.61194e+06,1.44281e+07,0,0,0,0
85.139,85.139,4.76597,0.07,0.04,2.67081,2.77405,0,0.519735,4.47552,4.30939e+06,2.70226e+06,1.15095e+07,0,0,0,0,99.3022,98.274,5.52078,0,1,1.71466,1.61142,0,1.24469,2.1168,8.95579e+06,3.61194e+06,1.53561e+07,0,0,0,0
85.139,85.139,5.45957,0.08,0.04,2.67184,2.7747,0,0.500509,4.47552,4.30939e+06,2.70226e+06,1.1514e+07,0,0,0,0,99.3022,98.274,6.07352,0,1,1.71466,1.61179,0,1.32475,2.1168,8.95579e+06,3.61194e+06,1.53561e+07,0,0,0,0
85.139,85.139,6.24032,0.09,0.04,2.67287,2.77536,0,0.500703,4.47552,4.30939e+06,2.70226e+06,1.15184e+07,0,0,0,0,99.3022,98.274,5.93215,0,1,1.71466,1.61217,0,1.32475,2.1168,8.95579e+06,3.61194e+06,1.53561e+07,0,0,0,0
85.139,85.139,5.20711,0.09,0.04,2.67391,2.77601,0,0.500896,4.47552,4.30939e+06,2.70226e+06,1.15229e+07,0,0,0,0,99.3022,98.274,6.53575,0,1,1.71466,1.61255,0,1.32475,2.1168,8.95579e+06,3.61194e+06,1.53561e+07,0,0,0,0
85.139,85.139,9.31203,0.09,0.04,2.77639,2.87812,0,0.50109,4.47552,4.30939e+06,2.70226e+06,1.19646e+07,0,0,0,0,99.3022,98.274,9.19035,0,1,1.77953,1.6778,0,1.32475,2.1168,8.95579e+06,3.61194e+06,1.59371e+07,0,0,0,0
85.139,85.139,6.60228,0.11,0.04,2.84232,2.8788,0,0.520296,4.47552,4.30939e+06,2.70226e+06,1.22487e+07,0,0,0,0,99.3022,98.274,7.07935,0,1,1.71468,1.6782,0,1.37487,2.1168,8.95579e+06,3.61194e+06,1.53563e+07,0,0,0,0
85.139,85.139,5.27438,0.12,0.04,2.84339,2.87947,0,0.532651,4.47552,4.30939e+06,2.70226e+06,1.22533e+07,0,0,0,0,99.3022,98.274,6.32589,0,1,1.71468,1.67859,0,1.32476,2.1168,8.95579e+06,3.61194e+06,1.53563e+07,0,0,0,0
85.139,85.139,4.6025,0.1,0.04,2.84447,2.88015,0,0.532852,4.47552,4.30939e+06,2.70226e+06,1.22579e+07,0,0,0,0,99.3022,98.274,5.90336,0,1,1.71468,1.67899,0,1.32476,2.1168,8.95579e+06,3.61194e+06,1.53563e+07,0,0,0,0
85.139,85.139,5.1945,0.11,0.04,2.80583,2.84113,0,0.533053,4.47552,4.30939e+06,2.70226e+06,1.20914e+07,0,0,0,0,99.3022,98.274,5.7372,0,1,1.68946,1.65417,0,1.32476,2.1168,8.95579e+06,3.61194e+06,1.51304e+07,0,0,0,0
85.139,85.139,4.92407,0.1,0.04,2.78168,2.84179,0,0.525813,4.47552,4.30939e+06,2.70226e+06,1.19873e+07,0,0,0,0,99.3022,98.274,5.41196,0,1,1.71467,1.65456,0,1.30527,2.1168,8.95579e+06,3.61194e+06,1.53562e+07,0,0,0,0
85.139,85.139,4.33393,0.09,0.04,2.78274,2.84246,0,0.521287,4.47552,4.30939e+06,2.70226e+06,1.19919e+07,0,0,0,0,99.3022,98.274,4.27893,0,1,1.71467,1.65494,0,1.32475,2.1168,8.95579e+06,3.61194e+06,1.53562e+07,0,0,0,0
85.139,85.139,3.86568,0.08,0.04,2.7838,2.84313,0,0.521485,4.47552,4.30939e+06,2.70226e+06,1.19965e+07,0,0,0,0,99.3022,98.274,3.97033,0,1,1.71467,1.65533,0,1.32475,2.1168,8.95579e+06,3.61194e+06,1.53562e+07,0,0,0,0
85.139,85.139,3.67748,0.07,0.04,2.91976,2.9787,0,0.521683,4.47552,4.30939e+06,2.70226e+06,1.25824e+07,0,0,0,0,99.3022,98.274,3.95311,0,1,1.80419,1.74524,0,1.32475,2.1168,8.95579e+06,3.61194e+06,1.61579e+07,0,0,0,0
85.139,85.139,3.49345,0.07,0.04,2.9794,2.9794,0,0.547162,4.47552,4.30939e+06,2.70226e+06,1.28394e+07,0,0,0,0,99.3022,98.274,3.42142,0,1,1.74565,1.74565,0,1.39391,2.1168,8.95579e+06,3.61194e+06,1.56337e+07,0,0,0,0
85.139,85.139,3.42901,0.07,0.04,2.9801,2.9801,0,0.55834,4.47552,4.30939e+06,2.70226e+06,1.28424e+07,0,0,0,0,99.3022,98.274,3.45855,0,1,1.74606,1.74606,0,1.34869,2.1168,8.95579e+06,3.61194e+06,1.56374e+07,0,0,0,0
84.9739,85.139,3.0782,0.06,0.04,2.98081,2.98081,0,0.558471,4.47552,4.30939e+06,2.70226e+06,1.28454e+07,0,0,0,0,99.3022,98.274,3.51646,0,1,1.74647,1.74647,0,1.34901,2.1168,8.95579e+06,3.61194e+06,1.5641e+07,0,0,0,0
84.6832,85.139,2.93884,0.08,0.04,2.98151,2.98151,0,0.558603,4.47552,4.30939e+06,2.70226e+06,1.28485e+07,0,0,0,0,99.3022,98.274,3.46569,0,1,1.74688,1.74688,0,1.34933,2.1168,8.95579e+06,3.61194e+06,1.56447e+07,0,0,0,0
84.23,85.139,2.70749,0.07,0.04,2.9555,2.9555,0,0.558734,4.47552,4.30939e+06,2.70226e+06,1.27364e+07,0,0,0,0,99.2341,98.274,2.67415,0,1,1.79655,1.79655,0,1.34964,2.1168,8.95579e+06,3.61194e+06,1.60895e+07,0,0,0,0
83.6198,85.139,2.51949,0.07,0.04,2.95619,2.95619,0,0.55386,4.47552,4.30939e+06,2.70226e+06,1.27394e+07,0,0,0,0,99.0488,98.274,2.28598,0,1,1.79698,1.79698,0,1.38802,2.1168,8.95579e+06,3.61194e+06,1.60933e+07,0,0,0,0
82.8967,85.139,2.38898,0.07,0.04,2.95689,2.95689,0,0.553991,4.47552,4.30939e+06,2.70226e+06,1.27424e+07,0,0,0,0,98.8351,98.274,2.19655,0,1,1.7974,1.7974,0,1.38834,2.1168,8.95579e+06,3.61194e+06,1.60971e+07,0,0,0,0
82.0124,85.139,2.21492,0.07,0.04,2.95758,2.95758,0,0.554121,4.47552,4.30939e+06,2.70226e+06,1.27454e+07,0,0,0,0,98.4548,98.274,2.05101,0,1,1.79782,1.79782,0,1.38867,2.1168,8.95579e+06,3.61194e+06,1.61009e+07,0,0,0,0
80.9097,85.139,2.0279,0.06,0.04,3.02732,3.02732,0,0.554251,4.47552,4.30939e+06,2.70226e+06,1.30459e+07,0,0,0,0,98.0108,98.274,1.80653,0,1,1.84219,1.84219,0,1.389,2.1168,8.95579e+06,3.61194e+06,1.64982e+07,0,0,0,0
79.8833,85.139,2.09516,0.06,0.04,3.02803,3.02803,0,0.56732,4.47552,4.30939e+06,2.70226e+06,1.3049e+07,0,0,0,0,97.6663,98.274,1.83912,0,1,1.84262,1.84262,0,1.42327,2.1168,8.95579e+06,3.61194e+06,1.65021e+07,0,0,0,0
78.6876,85.139,1.89237,0.07,0.04,3.02874,3.02874,0,0.567453,4.47552,4.30939e+06,2.70226e+06,1.3052e+07,0,0,0,0,97.0291,98.274,1.76775,0,1,1.84305,1.84305,0,1.42361,2.1168,8.95579e+06,3.61194e+06,1.6506e+07,0,0,0,0
77.3383,85.139,1.72367,0.11,0.04,3.02946,3.02946,0,0.567587,4.47552,4.30939e+06,2.70226e+06,1.30551e+07,0,0,0,0,96.6774,98.274,1.53459,0,1,1.84349,1.84349,0,1.42394,2.1168,8.95579e+06,3.61194e+06,1.65099e+07,0,0,0,0
76.0422,85.139,1.86818,0.11,0.04,3.15814,3.23254,0,0.56772,4.47552,4.30939e+06,2.94905e+06,1.36096e+07,0,0,0,0,96.0741,98.274,1.92723,1,1,1.95658,2.00267,0,1.42428,2.1168,8.95579e+06,3.94181e+06,1.75227e+07,0,0,0,0
74.4853,85.139,1.62617,0.11,0.04,3.15888,3.2333,0,0.591835,4.47552,4.30939e+06,2.94905e+06,1.36128e+07,0,0,0,0,95.4527,98.274,1.61836,1,1,1.95704,2.00314,0,1.51165,2.1168,8.95579e+06,3.94181e+06,1.75268e+07,0,0,0,0
72.7457,85.139,1.43821,0.12,0.04,3.15962,3.23406,0,0.591974,4.47552,4.30939e+06,2.94905e+06,1.3616e+07,0,0,0,0,94.8875,98.274,1.46832,1,1,1.9575,2.00361,0,1.51201,2.1168,8.95579e+06,3.94181e+06,1.75309e+07,0,0,0,0
71.208,85.139,1.6274,0.15,0.04,3.16037,3.23482,0,0.592113,4.47552,4.30939e+06,2.94905e+06,1.36192e+07,0,0,0,0,94.3004,98.274,1.60975,1,1,1.95796,2.00409,0,1.51236,2.1168,8.95579e+06,3.94181e+06,1.75351e+07,0,0,0,0
69.6678,85.139,1.60464,0.14,0.04,3.16111,3.23558,0,0.592253,4.47552,4.30939e+06,2.94905e+06,1.36225e+07,0,0,0,0,93.9129,98.274,1.54944,1,1,1.95842,2.00456,0,1.51272,2.1168,8.95579e+06,3.94181e+06,1.75392e+07,0,0,0,0
68.2928,85.139,1.78915,0.14,0.04,3.06538,3.1376,0,0.592392,4.47552,4.30939e+06,2.94905e+06,1.32099e+07,0,0,0,0,93.6559,98.274,2.06522,1,1,1.86463,1.90856,0,1.51307,2.1168,8.95579e+06,3.94181e+06,1.66992e+07,0,0,0,0
68.0673,85.139,2.98478,0.14,0.04,3.0661,3.13834,0,0.574452,4.47552,4.30939e+06,2.94905e+06,1.3213e+07,0,0,0,0,93.8978,98.274,3.84563,1,1,1.86507,1.90901,0,1.44061,2.1168,8.95579e+06,3.94181e+06,1.67031e+07,0,0,0,0
67.7867,85.139,2.98756,0.18,0.04,3.06682,3.13907,0,0.574587,4.47552,4.30939e+06,2.94905e+06,1.32161e+07,0,0,0,0,94.0323,98.274,3.3875,1,1,1.8655,1.90945,0,1.44095,2.1168,8.95579e+06,3.94181e+06,1.67071e+07,0,0,0,0
67.4627,85.139,2.91985,0.18,0.04,3.06754,3.13981,0,0.574722,4.47552,4.30939e+06,2.94905e+06,1.32192e+07,0,0,0,0,94.0772,98.274,3.18825,1,1,1.86594,1.9099,0,1.44129,2.1168,8.95579e+06,3.94181e+06,1.6711e+07,0,0,0,0
66.9774,85.139,2.91306,0.17,0.04,3.05942,3.05942,0,0.574858,4.47552,4.30939e+06,2.70226e+06,1.31842e+07,0,0,0,0,94.3998,98.274,3.94512,0,1,1.82246,1.82246,0,1.44163,2.1168,8.95579e+06,3.61194e+06,1.63215e+07,0,0,0,0
67.4626,85.139,4.05964,0.17,0.04,3.06014,3.06014,0,0.573336,4.47552,4.30939e+06,2.70226e+06,1.31873e+07,0,0,0,0,95.8371,98.274,7.57917,0,1,1.82288,1.82288,0,1.40803,2.1168,8.95579e+06,3.61194e+06,1.63254e+07,0,0,0,0
67.4502,85.139,3.45119,0.15,0.04,3.06086,3.06086,0,0.57347,4.47552,4.30939e+06,2.70226e+06,1.31904e+07,0,0,0,0,97.0248,98.274,6.65514,0,1,1.82331,1.82331,0,1.40836,2.1168,8.95579e+06,3.61194e+06,1.63292e+07,0,0,0,0
68.4228,85.139,4.6957,0.15,0.04,3.06158,3.06158,0,0.573605,4.47552,4.30939e+06,2.70226e+06,1.31935e+07,0,0,0,0,99.0929,98.274,10.3296,0,1,1.82374,1.82374,0,1.40869,2.1168,8.95579e+06,3.61194e+06,1.6333e+07,0,0,0,0
69.2456,85.139,4.27728,0.13,0.04,2.83167,2.83167,0,0.57374,4.47552,4.30939e+06,2.70226e+06,1.22028e+07,0,0,0,0,99.3022,98.274,8.27027,0,1,1.64094,1.64094,0,1.40902,2.1168,8.95579e+06,3.61194e+06,1.46959e+07,0,0,0,0
70.5077,85.139,4.38869,0.14,0.04,2.759,2.83234,0,0.530655,4.47552,4.30939e+06,2.70226e+06,1.18896e+07,0,0,0,0,99.3022,98.274,5.56624,0,1,1.71467,1.64132,0,1.26779,2.1168,8.95579e+06,3.61194e+06,1.53562e+07,0,0,0,0
72.9094,85.139,5.56135,0.14,0.04,2.76005,2.833,0,0.517036,4.47552,4.30939e+06,2.70226e+06,1.18941e+07,0,0,0,0,99.3022,98.274,6.25881,0,1,1.71467,1.64171,0,1.32475,2.1168,8.95579e+06,3.61194e+06,1.53562e+07,0,0,0,0
75.1136,85.139,5.485,0.15,0.04,2.7611,2.83367,0,0.517233,4.47552,4.30939e+06,2.70226e+06,1.18986e+07,0,0,0,0,99.3022,98.274,6.44258,0,1,1.71467,1.6421,0,1.32475,2.1168,8.95579e+06,3.61194e+06,1.53562e+07,0,0,0,0
81.2847,85.139,9.61027,0.12,0.04,2.76215,2.83433,0,0.51743,4.47552,4.30939e+06,2.70226e+06,1.19032e+07,0,0,0,0,99.3022,98.274,14.8179,0,1,1.71467,1.64248,0,1.32475,2.1168,8.95579e+06,3.61194e+06,1.53562e+07,0,0,0,0
85.139,85.139,8.65925,0.1,0.04,2.852,2.9238,0,0.517627,4.47552,4.30939e+06,2.70226e+06,1.22904e+07,0,0,0,0,99.3022,98.274,9.44101,0,1,1.76778,1.69598,0,1.32475,2.1168,8.95579e+06,3.61194e+06,1.58318e+07,0,0,0,0
85.139,85.139,7.53838,0.07,0.04,2.90615,2.92446,0,0.534464,4.47552,4.30939e+06,2.70226e+06,1.25237e+07,0,0,0,0,99.3022,98.274,8.80298,0,1,1.71466,1.69636,0,1.36578,2.1168,8.95579e+06,3.61194e+06,1.53562e+07,0,0,0,0
85.139,85.139,8.07971,0.08,0.04,2.9072,2.92512,0,0.544613,4.47552,4.30939e+06,2.70226e+06,1.25282e+07,0,0,0,0,99.3022,98.274,10.5499,0,1,1.71466,1.69674,0,1.32475,2.1168,8.95579e+06,3.61194e+06,1.53562e+07,0,0,0,0
85.139,85.139,8.37927,0.09,0.04,2.90824,2.92577,0,0.544809,4.47552,4.30939e+06,2.70226e+06,1.25327e+07,0,0,0,0,99.3022,98.274,8.0969,0,1,1.71466,1.69713,0,1.32475,2.1168,8.95579e+06,3.61194e+06,1.53562e+07,0,0,0,0
85.139,85.139,11.7509,0.09,0.04,3.19472,3.21187,0,0.545004,4.47552,4.30939e+06,2.70226e+06,1.37673e+07,0,0,0,0,99.3022,98.274,12.4218,0,1,1.91425,1.8971,0,1.32475,2.1168,8.95579e+06,3.61194e+06,1.71436e+07,0,0,0,0
85.139,85.139,9.1303,0.09,0.04,3.2126,3.2126,0,0.59869,4.47552,4.30939e+06,2.70226e+06,1.38443e+07,0,0,0,0,99.3022,98.274,8.85478,0,1,1.89753,1.89753,0,1.47895,2.1168,8.95579e+06,3.61194e+06,1.69938e+07,0,0,0,0
85.139,85.139,7.652,0.09,0.04,3.21332,3.21332,0,0.60204,4.47552,4.30939e+06,2.70226e+06,1.38474e+07,0,0,0,0,99.3022,98.274,7.2365,0,1,1.89795,1.89795,0,1.46603,2.1168,8.95579e+06,3.61194e+06,1.69977e+07,0,0,0,0
85.139,85.139,9.02707,0.09,0.04,3.21404,3.21404,0,0.602176,4.47552,4.30939e+06,2.70226e+06,1.38506e+07,0,0,0,0,99.3022,98.274,8.82206,0,1,1.89838,1.89838,0,1.46636,2.1168,8.95579e+06,3.61194e+06,1.70015e+07,0,0,0,0
85.139,85.139,12.3728,0.09,0.04,2.80728,2.80728,0,0.602312,4.47552,4.30939e+06,2.70226e+06,1.20976e+07,0,0,0,0,99.3022,98.274,14.2973,0,1,1.63071,1.63071,0,1.46669,2.1168,8.95579e+06,3.61194e+06,1.46043e+07,0,0,0,0
85.139,85.139,6.0594,0.1,0.04,2.72434,2.80791,0,0.526084,4.47552,4.30939e+06,2.70226e+06,1.17403e+07,0,0,0,0,99.3022,98.274,7.13279,0,1,1.71465,1.63108,0,1.25989,2.1168,8.95579e+06,3.61194e+06,1.5356e+07,0,0,0,0
85.139,85.139,5.49338,0.11,0.04,2.72534,2.80854,0,0.510542,4.47552,4.30939e+06,2.70226e+06,1.17446e+07,0,0,0,0,99.3022,98.274,5.63575,0,1,1.71465,1.63145,0,1.32474,2.1168,8.95579e+06,3.61194e+06,1.5356e+07,0,0,0,0
85.139,85.139,7.37758,0.12,0.04,2.72634,2.80917,0,0.510729,4.47552,4.30939e+06,2.70226e+06,1.17489e+07,0,0,0,0,99.3022,98.274,8.95337,0,1,1.71465,1.63182,0,1.32474,2.1168,8.95579e+06,3.61194e+06,1.5356e+07,0,0,0,0
85.139,85.139,9.61676,0.13,0.04,2.72734,2.80981,0,0.510917,4.47552,4.30939e+06,2.70226e+06,1.17532e+07,0,0,0,0,99.3022,98.274,11.1003,0,1,1.71465,1.63218,0,1.32474,2.1168,8.95579e+06,3.61194e+06,1.5356e+07,0,0,0,0
85.139,85.139,10.2673,0.14,0.04,2.83103,2.91313,0,0.511104,4.47552,4.30939e+06,2.70226e+06,1.22e+07,0,0,0,0,99.3022,98.274,10.8498,0,1,1.78031,1.69821,0,1.32474,2.1168,8.95579e+06,3.61194e+06,1.59441e+07,0,0,0,0
85.139,85.139,7.09708,0.15,0.04,2.89772,2.91378,0,0.530535,4.47552,4.30939e+06,2.70226e+06,1.24874e+07,0,0,0,0,99.3022,98.274,6.50204,0,1,1.71466,1.6986,0,1.37547,2.1168,8.95579e+06,3.61194e+06,1.53562e+07,0,0,0,0
85.139,85.139,6.75683,0.14,0.04,2.89875,2.91444,0,0.543032,4.47552,4.30939e+06,2.70226e+06,1.24919e+07,0,0,0,0,99.3022,98.274,11.5353,0,1,1.71466,1.69898,0,1.32475,2.1168,8.95579e+06,3.61194e+06,1.53562e+07,0,0,0,0
85.139,85.139,5.74569,0.13,0.04,2.89979,2.9151,0,0.543227,4.47552,4.30939e+06,2.70226e+06,1.24963e+07,0,0,0,0,99.3022,98.274,9.39023,0,1,1.71466,1.69936,0,1.32475,2.1168,8.95579e+06,3.61194e+06,1.53562e+07,0,0,0,0
85.139,85.139,5.71907,0.13,0.04,2.86065,2.87557,0,0.543421,4.47552,4.30939e+06,2.70226e+06,1.23276e+07,0,0,0,0,99.3022,98.274,5.58489,0,1,1.68914,1.67422,0,1.32475,2.1168,8.95579e+06,3.61194e+06,1.51276e+07,0,0,0,0
85.139,85.139,6.05447,0.13,0.04,2.83615,2.87621,0,0.536085,4.47552,4.30939e+06,2.70226e+06,1.22221e+07,0,0,0,0,99.3022,98.274,5.48958,0,1,1.71466,1.6746,0,1.30503,2.1168,8.95579e+06,3.61194e+06,1.53561e+07,0,0,0,0
85.139,85.139,4.88996,0.13,0.04,2.83718,2.87686,0,0.531495,4.47552,4.30939e+06,2.70226e+06,1.22265e+07,0,0,0,0,99.3022,98.274,5.91744,0,1,1.71466,1.67497,0,1.32474,2.1168,8.95579e+06,3.61194e+06,1.53561e+07,0,0,0,0
85.139,85.139,6.32911,0.1,0.04,2.8382,2.87751,0,0.531687,4.47552,4.30939e+06,2.70226e+06,1.22309e+07,0,0,0,0,99.3022,98.274,7.16881,0,1,1.71466,1.67535,0,1.32474,2.1168,8.95579e+06,3.61194e+06,1.53561e+07,0,0,0,0
85.139,85.139,4.68586,0.09,0.04,2.97576,3.01469,0,0.531879,4.47552,4.30939e+06,2.70226e+06,1.28237e+07,0,0,0,0,99.3022,98.274,6.28423,0,1,1.80526,1.76633,0,1.32474,2.1168,8.95579e+06,3.61194e+06,1.61675e+07,0,0,0,0
85.139,85.139,4.17801,0.08,0.04,3.01537,3.01537,0,0.557657,4.47552,4.30939e+06,2.70226e+06,1.29944e+07,0,0,0,0,99.3022,98.274,4.6656,0,1,1.76672,1.76672,0,1.39474,2.1168,8.95579e+06,3.61194e+06,1.58224e+07,0,0,0,0
85.139,85.139,4.09288,0.07,0.04,3.01605,3.01605,0,0.56508,4.47552,4.30939e+06,2.70226e+06,1.29973e+07,0,0,0,0,99.3022,98.274,5.26101,0,1,1.76712,1.76712,0,1.36497,2.1168,8.95579e+06,3.61194e+06,1.5826e+07,0,0,0,0
85.139,85.139,3.91113,0.07,0.04,3.01673,3.01673,0,0.565207,4.47552,4.30939e+06,2.70226e+06,1.30002e+07,0,0,0,0,99.3022,98.274,4.68004,0,1,1.76752,1.76752,0,1.36528,2.1168,8.95579e+06,3.61194e+06,1.58295e+07,0,0,0,0
85.139,85.139,3.64983,0.06,0.04,3.0174,3.0174,0,0.565334,4.47552,4.30939e+06,2.70226e+06,1.30032e+07,0,0,0,0,99.3022,98.274,4.22521,0,1,1.76792,1.76792,0,1.36559,2.1168,8.95579e+06,3.61194e+06,1.58331e+07,0,0,0,0
85.139,85.139,3.29245,0.05,0.04,2.99105,2.99105,0,0.565462,4.47552,4.30939e+06,2.70226e+06,1.28896e+07,0,0,0,0,99.3022,98.274,3.36364,0,1,1.81817,1.81817,0,1.36589,2.1168,8.95579e+06,3.61194e+06,1.62831e+07,0,0,0,0
84.8447,85.139,2.91551,0.04,0.04,2.99173,2.99173,0,0.560523,4.47552,4.30939e+06,2.70226e+06,1.28925e+07,0,0,0,0,99.3022,98.274,2.95977,0,1,1.81857,1.81857,0,1.40471,2.1168,8.95579e+06,3.61194e+06,1.62868e+07,0,0,0,0
84.2936,85.139,2.65436,0.1,0.04,2.9924,2.9924,0,0.560649,4.47552,4.30939e+06,2.70226e+06,1.28954e+07,0,0,0,0,99.3022,98.274,2.81672,0,1,1.81898,1.81898,0,1.40503,2.1168,8.95579e+06,3.61194e+06,1.62904e+07,0,0,0,0
83.5279,85.139,2.41167,0.09,0.04,2.99307,2.99307,0,0.560776,4.47552,4.30939e+06,2.70226e+06,1.28983e+07,0,0,0,0,99.3022,98.274,2.609,0,1,1.81939,1.81939,0,1.40535,2.1168,8.95579e+06,3.61194e+06,1.62941e+07,0,0,0,0
82.6047,85.139,2.26775,0.09,0.04,3.06361,3.06361,0,0.560902,4.47552,4.30939e+06,2.70226e+06,1.32023e+07,0,0,0,0,99.116,98.274,2.50108,0,1,1.86427,1.86427,0,1.40566,2.1168,8.95579e+06,3.61194e+06,1.6696e+07,0,0,0,0
81.5054,85.139,2.06386,0.08,0.04,3.0643,3.0643,0,0.574121,4.47552,4.30939e+06,2.70226e+06,1.32053e+07,0,0,0,0,99.2111,98.274,2.12739,0,1,1.86469,1.86469,0,1.44034,2.1168,8.95579e+06,3.61194e+06,1.66998e+07,0,0,0,0
80.5321,85.139,2.21462,0.08,0.04,3.06499,3.06499,0,0.574251,4.47552,4.30939e+06,2.70226e+06,1.32083e+07,0,0,0,0,99.3022,98.274,2.46717,0,1,1.86511,1.86511,0,1.44066,2.1168,8.95579e+06,3.61194e+06,1.67035e+07,0,0,0,0
79.4259,85.139,2.04376,0.08,0.04,3.06568,3.06568,0,0.57438,4.47552,4.30939e+06,2.70226e+06,1.32112e+07,0,0,0,0,99.1506,98.274,2.32661,0,1,1.86553,1.86553,0,1.44098,2.1168,8.95579e+06,3.61194e+06,1.67073e+07,0,0,0,0
78.0444,85.139,1.8602,0.14,0.04,3.19587,3.27116,0,0.574509,4.47552,4.30939e+06,2.94905e+06,1.37723e+07,0,0,0,0,98.9644,98.274,2.05417,1,1,1.97995,2.0266,0,1.44131,2.1168,8.95579e+06,3.94181e+06,1.7732e+07,0,0,0,0
76.5918,85.139,1.76095,0.14,0.04,3.19659,3.2719,0,0.598906,4.47552,4.30939e+06,2.94905e+06,1.37754e+07,0,0,0,0,98.7923,98.274,2.00343,1,1,1.9804,2.02706,0,1.52971,2.1168,8.95579e+06,3.94181e+06,1.7736e+07,0,0,0,0
75.3328,85.139,1.95465,0.14,0.04,3.19731,3.27264,0,0.599041,4.47552,4.30939e+06,2.94905e+06,1.37785e+07,0,0,0,0,98.3855,98.274,2.20695,1,1,1.98084,2.02751,0,1.53006,2.1168,8.95579e+06,3.94181e+06,1.774e+07,0,0,0,0
73.7002,85.139,1.58228,0.14,0.04,3.19803,3.27337,0,0.599176,4.47552,4.30939e+06,2.94905e+06,1.37816e+07,0,0,0,0,98.1178,98.274,1.66557,1,1,1.98129,2.02797,0,1.5304,2.1168,8.95579e+06,3.94181e+06,1.7744e+07,0,0,0,0
72.396,85.139,1.88305,0.17,0.04,3.19875,3.27411,0,0.599311,4.47552,4.30939e+06,2.94905e+06,1.37847e+07,0,0,0,0,98.0489,98.274,2.7047,1,1,1.98174,2.02842,0,1.53074,2.1168,8.95579e+06,3.94181e+06,1.7748e+07,0,0,0,0
70.8945,85.139,1.58536,0.17,0.04,3.10185,3.17493,0,0.599445,4.47552,4.30939e+06,2.94905e+06,1.33671e+07,0,0,0,0,97.6522,98.274,1.92338,1,1,1.88681,1.93126,0,1.53109,2.1168,8.95579e+06,3.94181e+06,1.68979e+07,0,0,0,0
69.3198,85.139,1.54605,0.18,0.04,3.10255,3.17564,0,0.581286,4.47552,4.30939e+06,2.94905e+06,1.33701e+07,0,0,0,0,97.4172,98.274,1.73973,1,1,1.88723,1.9317,0,1.45775,2.1168,8.95579e+06,3.94181e+06,1.69017e+07,0,0,0,0
67.8781,85.139,1.72602,0.18,0.04,3.10324,3.17635,0,0.581417,4.47552,4.30939e+06,2.94905e+06,1.33731e+07,0,0,0,0,97.3729,98.274,2.32639,1,1,1.88766,1.93213,0,1.45808,2.1168,8.95579e+06,3.94181e+06,1.69055e+07,0,0,0,0
66.347,85.139,1.64688,0.19,0.04,3.10394,3.17707,0,0.581548,4.47552,4.30939e+06,2.94905e+06,1.33761e+07,0,0,0,0,97.3402,98.274,2.30017,1,1,1.88808,1.93257,0,1.45841,2.1168,8.95579e+06,3.94181e+06,1.69093e+07,0,0,0,0
65.0266,85.139,1.90557,0.19,0.04,3.09569,3.09569,0,0.581679,4.47552,4.30939e+06,2.70226e+06,1.33405e+07,0,0,0,0,97.3093,98.274,2.80131,0,1,1.84406,1.84406,0,1.45873,2.1168,8.95579e+06,3.61194e+06,1.6515e+07,0,0,0,0
62.669,85.139,0.762653,0.19,0.04,3.09639,3.09639,0,0.580133,4.47552,4.30939e+06,2.70226e+06,1.33435e+07,0,0,0,0,97.0865,98.274,1.5917,0,1,1.84448,1.84448,0,1.42472,2.1168,8.95579e+06,3.61194e+06,1.65188e+07,0,0,0,0
60.5927,85.139,1.05112,0.18,0.04,3.09708,3.09708,0,0.580263,4.47552,4.30939e+06,2.70226e+06,1.33465e+07,0,0,0,0,96.9216,98.274,2.10901,0,1,1.84489,1.84489,0,1.42504,2.1168,8.95579e+06,3.61194e+06,1.65225e+07,0,0,0,0
59.0572,85.139,1.63941,0.23,0.04,3.09778,3.09778,0,0.580394,4.47552,4.30939e+06,2.70226e+06,1.33495e+07,0,0,0,0,97.0259,98.274,2.6638,0,1,1.84531,1.84531,0,1.42536,2.1168,8.95579e+06,3.61194e+06,1.65262e+07,0,0,0,0
58.709,85.139,2.64432,0.24,0.04,2.86513,2.86513,0,0.580524,4.47552,4.30939e+06,2.70226e+06,1.23469e+07,0,0,0,0,97.5392,98.274,3.42914,0,1,1.66033,1.66033,0,1.42568,2.1168,8.95579e+06,3.61194e+06,1.48695e+07,0,0,0,0
58.4641,85.139,2.71427,0.23,0.04,2.81182,2.86577,0,0.536925,4.47552,4.30939e+06,2.70226e+06,1.21172e+07,0,0,0,0,97.5858,98.274,2.72383,0,1,1.71465,1.6607,0,1.28277,2.1168,8.95579e+06,3.61194e+06,1.53561e+07,0,0,0,0
58.9233,85.139,3.47432,0.24,0.04,2.81283,2.86642,0,0.526934,4.47552,4.30939e+06,2.70226e+06,1.21216e+07,0,0,0,0,97.6731,98.274,2.43918,0,1,1.71465,1.66107,0,1.32474,2.1168,8.95579e+06,3.61194e+06,1.53561e+07,0,0,0,0
58.5692,85.139,2.68117,0.25,0.04,2.81385,2.86706,0,0.527125,4.47552,4.30939e+06,2.70226e+06,1.2126e+07,0,0,0,0,97.2788,98.274,2.95669,0,1,1.71465,1.66145,0,1.32474,2.1168,8.95579e+06,3.61194e+06,1.53561e+07,0,0,0,0
57.3969,85.139,1.74682,0.28,0.04,2.81487,2.8677,0,0.527316,4.47552,4.30939e+06,2.70226e+06,1.21304e+07,0,0,0,0,97.1142,98.274,1.5599,0,1,1.71465,1.66182,0,1.32474,2.1168,8.95579e+06,3.61194e+06,1.53561e+07,0,0,0,0
57.6468,85.139,3.21186,0.29,0.04,2.81524,2.8677,0,0.527507,4.47552,4.30939e+06,2.70226e+06,1.2132e+07,0,0,0,0,97.0593,98.274,2.67674,0,1,1.71428,1.66182,0,1.32474,2.1168,8.95579e+06,3.61194e+06,1.53527e+07,0,0,0,0
60.8175,85.139,6.51337,0.3,0.04,2.90573,2.95819,0,0.527577,4.47552,4.30939e+06,2.70226e+06,1.25219e+07,0,0,0,0,98.0499,98.274,5.48482,0,1,1.76839,1.71593,0,1.32445,2.1168,8.95579e+06,3.61194e+06,1.58373e+07,0,0,0,0
62.7132,85.139,5.16055,0.32,0.04,2.95883,2.95883,0,0.544534,4.47552,4.30939e+06,2.70226e+06,1.27507e+07,0,0,0,0,98.5552,98.274,4.39724,0,1,1.7163,1.7163,0,1.36626,2.1168,8.95579e+06,3.61194e+06,1.53708e+07,0,0,0,0
64.026,85.139,4.56178,0.27,0.04,2.95947,2.95947,0,0.554484,4.47552,4.30939e+06,2.70226e+06,1.27535e+07,0,0,0,0,98.9425,98.274,3.83619,0,1,1.71667,1.71667,0,1.32601,2.1168,8.95579e+06,3.61194e+06,1.53741e+07,0,0,0,0
66.2497,85.139,5.50797,0.29,0.04,2.9601,2.9601,0,0.554604,4.47552,4.30939e+06,2.70226e+06,1.27562e+07,0,0,0,0,99.3022,98.274,4.55243,0,1,1.71704,1.71704,0,1.3263,2.1168,8.95579e+06,3.61194e+06,1.53774e+07,0,0,0,0
66.5688,85.139,3.75216,0.3,0.04,3.17473,3.24952,0,0.554723,4.47552,4.30939e+06,2.94905e+06,1.36811e+07,0,0,0,0,99.3022,98.274,3.73836,1,1,1.87516,1.91934,0,1.32658,2.1168,8.95579e+06,3.94181e+06,1.67935e+07,0,0,0,0
66.4438,85.139,3.3196,0.33,0.04,3.17541,3.25022,0,0.594945,4.47552,4.30939e+06,2.94905e+06,1.36841e+07,0,0,0,0,99.3022,98.274,3.65676,1,1,1.87556,1.91975,0,1.44875,2.1168,8.95579e+06,3.94181e+06,1.67972e+07,0,0,0,0
66.2675,85.139,3.23883,0.35,0.04,3.1761,3.25092,0,0.595073,4.47552,4.30939e+06,2.94905e+06,1.3687e+07,0,0,0,0,99.3022,98.274,3.70562,1,1,1.87597,1.92017,0,1.44906,2.1168,8.95579e+06,3.94181e+06,1.68008e+07,0,0,0,0
67.6001,85.139,4.89224,0.36,0.04,3.17678,3.25162,0,0.595201,4.47552,4.30939e+06,2.94905e+06,1.369e+07,0,0,0,0,99.3022,98.274,4.9329,1,1,1.87637,1.92058,0,1.44937,2.1168,8.95579e+06,3.94181e+06,1.68044e+07,0,0,0,0
68.8587,85.139,4.3955,0.39,0.04,2.7747,2.84007,0,0.595329,4.47552,4.30939e+06,2.94905e+06,1.19573e+07,0,0,0,0,99.3022,98.274,4.15267,0,1,1.61179,1.64977,0,1.44969,2.1168,8.95579e+06,3.94181e+06,1.44349e+07,0,0,0,0
69.9015,85.139,4.20865,0.35,0.04,2.77617,2.84068,0,0.519979,4.47552,4.30939e+06,2.70226e+06,1.19636e+07,0,0,0,0,99.3022,98.274,4.18441,0,1,1.71464,1.65012,0,1.24527,2.1168,8.95579e+06,3.61194e+06,1.53559e+07,0,0,0,0
74.1007,85.139,7.61189,0.35,0.04,2.77714,2.8413,0,0.520254,4.47552,4.30939e+06,2.70226e+06,1.19678e+07,0,0,0,0,99.3022,98.274,7.27693,0,1,1.71464,1.65048,0,1.32473,2.1168,8.95579e+06,3.61194e+06,1.53559e+07,0,0,0,0
77.9103,85.139,7.28157,0.3,0.04,2.7781,2.84191,0,0.520435,4.47552,4.30939e+06,2.70226e+06,1.19719e+07,0,0,0,0,99.3022,98.274,9.00019,0,1,1.71464,1.65083,0,1.32473,2.1168,8.95579e+06,3.61194e+06,1.53559e+07,0,0,0,0
79.2186,85.139,4.71424,0.33,0.04,2.77907,2.84252,0,0.520616,4.47552,4.30939e+06,2.70226e+06,1.19761e+07,0,0,0,0,99.3022,98.274,4.98488,0,1,1.71464,1.65119,0,1.32473,2.1168,8.95579e+06,3.61194e+06,1.53559e+07,0,0,0,0
79.0107,85.139,3.08006,0.35,0.04,2.88392,2.94701,0,0.520798,4.47552,4.30939e+06,2.70226e+06,1.24279e+07,0,0,0,0,99.2049,98.274,3.92417,0,1,1.78106,1.71797,0,1.32473,2.1168,8.95579e+06,3.61194e+06,1.59508e+07,0,0,0,0
79.267,85.139,3.68109,0.36,0.04,2.94765,2.94765,0,0.540447,4.47552,4.30939e+06,2.70226e+06,1.27026e+07,0,0,0,0,99.3022,98.274,2.90783,0,1,1.71834,1.71834,0,1.37605,2.1168,8.95579e+06,3.61194e+06,1.53891e+07,0,0,0,0
78.9455,85.139,3.03128,0.38,0.04,2.94828,2.94828,0,0.552389,4.47552,4.30939e+06,2.70226e+06,1.27053e+07,0,0,0,0,99.3022,98.274,4.62222,0,1,1.71871,1.71871,0,1.32759,2.1168,8.95579e+06,3.61194e+06,1.53924e+07,0,0,0,0
78.7858,85.139,3.21892,0.39,0.04,2.88104,2.94892,0,0.552508,4.47552,4.30939e+06,2.94905e+06,1.24155e+07,0,0,0,0,99.3022,98.274,4.44144,0,1,1.67951,1.71908,0,1.32787,2.1168,8.95579e+06,3.94181e+06,1.50413e+07,0,0,0,0
78.1992,85.139,2.60396,0.39,0.04,2.84194,2.9089,0,0.539907,4.47552,4.30939e+06,2.94905e+06,1.2247e+07,0,0,0,0,99.3022,98.274,3.35939,0,1,1.65464,1.69363,0,1.29759,2.1168,8.95579e+06,3.94181e+06,1.48186e+07,0,0,0,0
77.4023,85.139,2.35807,0.39,0.04,2.8219,2.90952,0,0.53258,4.47552,4.30939e+06,2.94905e+06,1.21607e+07,0,0,0,0,99.3022,98.274,2.84043,0,1,1.67565,1.69399,0,1.27838,2.1168,8.95579e+06,3.94181e+06,1.50068e+07,0,0,0,0
77.0081,85.139,2.809,0.37,0.04,2.88986,2.91015,0,0.528824,4.47552,4.30939e+06,2.70226e+06,1.24535e+07,0,0,0,0,99.3022,98.274,2.94851,0,1,1.71464,1.69435,0,1.29461,2.1168,8.95579e+06,3.61194e+06,1.5356e+07,0,0,0,0
76.0622,85.139,2.15117,0.37,0.04,2.89085,2.91078,0,0.54156,4.47552,4.30939e+06,2.70226e+06,1.24578e+07,0,0,0,0,99.3022,98.274,2.79546,0,1,1.71464,1.69472,0,1.32473,2.1168,8.95579e+06,3.61194e+06,1.5356e+07,0,0,0,0
74.996,85.139,2.10345,0.32,0.04,3.02995,3.04951,0,0.541746,4.47552,4.30939e+06,2.70226e+06,1.30572e+07,0,0,0,0,99.3022,98.274,2.76861,0,1,1.80629,1.78673,0,1.32473,2.1168,8.95579e+06,3.61194e+06,1.61767e+07,0,0,0,0
73.9009,85.139,2.09302,0.28,0.04,3.05017,3.05017,0,0.567813,4.47552,4.30939e+06,2.70226e+06,1.31444e+07,0,0,0,0,99.3022,98.274,2.63838,0,1,1.78711,1.78711,0,1.39554,2.1168,8.95579e+06,3.61194e+06,1.6005e+07,0,0,0,0
72.6081,85.139,1.8515,0.26,0.04,3.05082,3.05082,0,0.571601,4.47552,4.30939e+06,2.70226e+06,1.31472e+07,0,0,0,0,99.3022,98.274,2.49182,0,1,1.7875,1.7875,0,1.38072,2.1168,8.95579e+06,3.61194e+06,1.60085e+07,0,0,0,0
71.2597,85.139,1.74989,0.37,0.04,3.05148,3.05148,0,0.571724,4.47552,4.30939e+06,2.70226e+06,1.315e+07,0,0,0,0,99.3022,98.274,2.37512,0,1,1.78788,1.78788,0,1.38102,2.1168,8.95579e+06,3.61194e+06,1.60119e+07,0,0,0,0
70.1367,85.139,1.97521,0.32,0.04,3.05214,3.05214,0,0.571847,4.47552,4.30939e+06,2.70226e+06,1.31528e+07,0,0,0,0,99.3022,98.274,2.76445,0,1,1.78827,1.78827,0,1.38132,2.1168,8.95579e+06,3.61194e+06,1.60153e+07,0,0,0,0
69.3678,85.139,2.30907,0.3,0.04,3.02545,3.02545,0,0.57197,4.47552,4.30939e+06,2.70226e+06,1.30378e+07,0,0,0,0,99.3022,98.274,3.40886,0,1,1.83908,1.83908,0,1.38161,2.1168,8.95579e+06,3.61194e+06,1.64704e+07,0,0,0,0
68.4022,85.139,2.1035,0.27,0.04,3.0261,3.0261,0,0.56697,4.47552,4.30939e+06,2.70226e+06,1.30407e+07,0,0,0,0,99.3022,98.274,3.24296,0,1,1.83947,1.83947,0,1.42087,2.1168,8.95579e+06,3.61194e+06,1.64739e+07,0,0,0,0
67.2743,85.139,1.91069,0.24,0.04,3.02675,3.02675,0,0.567092,4.47552,4.30939e+06,2.70226e+06,1.30435e+07,0,0,0,0,99.3022,98.274,2.9843,0,1,1.83987,1.83987,0,1.42118,2.1168,8.95579e+06,3.61194e+06,1.64775e+07,0,0,0,0
66.0909,85.139,1.8077,0.31,0.04,3.0274,3.0274,0,0.567214,4.47552,4.30939e+06,2.70226e+06,1.30463e+07,0,0,0,0,99.2942,98.274,2.94819,0,1,1.84026,1.84026,0,1.42148,2.1168,8.95579e+06,3.61194e+06,1.6481e+07,0,0,0,0
65.0644,85.139,2.0189,0.28,0.04,3.09872,3.09872,0,0.567336,4.47552,4.30939e+06,2.70226e+06,1.33536e+07,0,0,0,0,99.3022,98.274,3.13967,0,1,1.88564,1.88564,0,1.42179,2.1168,8.95579e+06,3.61194e+06,1.68874e+07,0,0,0,0
64.0648,85.139,2.07009,0.24,0.04,3.09939,3.09939,0,0.580701,4.47552,4.30939e+06,2.70226e+06,1.33565e+07,0,0,0,0,99.2752,98.274,3.36301,0,1,1.88604,1.88604,0,1.45684,2.1168,8.95579e+06,3.61194e+06,1.6891e+07,0,0,0,0
62.9535,85.139,1.91681,0.24,0.04,3.10006,3.10006,0,0.580826,4.47552,4.30939e+06,2.70226e+06,1.33594e+07,0,0,0,0,99.1901,98.274,3.23831,0,1,1.88645,1.88645,0,1.45716,2.1168,8.95579e+06,3.61194e+06,1.68946e+07,0,0,0,0
61.6932,85.139,1.74532,0.24,0.04,3.10072,3.10072,0,0.580951,4.47552,4.30939e+06,2.70226e+06,1.33622e+07,0,0,0,0,99.0663,98.274,2.83876,0,1,1.88685,1.88685,0,1.45747,2.1168,8.95579e+06,3.61194e+06,1.68983e+07,0,0,0,0
60.1457,85.139,1.50689,0.27,0.04,3.23237,3.30852,0,0.581076,4.47552,4.30939e+06,2.94905e+06,1.39295e+07,0,0,0,0,98.8521,98.274,3.03166,1,1,2.00256,2.04974,0,1.45778,2.1168,8.95579e+06,3.94181e+06,1.79345e+07,0,0,0,0
58.2817,85.139,1.14075,0.27,0.04,3.23306,3.30923,0,0.605746,4.47552,4.30939e+06,2.94905e+06,1.39325e+07,0,0,0,0,98.4579,98.274,2.01574,1,1,2.003,2.05018,0,1.54718,2.1168,8.95579e+06,3.94181e+06,1.79384e+07,0,0,0,0
56.9614,85.139,1.68603,0.26,0.04,3.23376,3.30994,0,0.605876,4.47552,4.30939e+06,2.94905e+06,1.39355e+07,0,0,0,0,98.1673,98.274,2.39411,1,1,2.00343,2.05062,0,1.54751,2.1168,8.95579e+06,3.94181e+06,1.79423e+07,0,0,0,0
56.3206,85.139,2.40836,0.25,0.04,3.23445,3.31065,0,0.606006,4.47552,4.30939e+06,2.94905e+06,1.39385e+07,0,0,0,0,98.0799,98.274,2.68003,1,1,2.00386,2.05107,0,1.54785,2.1168,8.95579e+06,3.94181e+06,1.79461e+07,0,0,0,0
55.4929,85.139,2.22871,0.29,0.04,3.23515,3.31137,0,0.606137,4.47552,4.30939e+06,2.94905e+06,1.39415e+07,0,0,0,0,97.8917,98.274,2.4768,1,1,2.00429,2.05151,0,1.54818,2.1168,8.95579e+06,3.94181e+06,1.795e+07,0,0,0,0
54.5298,85.139,2.05262,0.28,0.04,3.13711,3.21102,0,0.606267,4.47552,4.30939e+06,2.94905e+06,1.3519e+07,0,0,0,0,98.0145,98.274,2.31246,1,1,1.90826,1.95322,0,1.54851,2.1168,8.95579e+06,3.94181e+06,1.709e+07,0,0,0,0
55.4355,85.139,3.92196,0.3,0.04,3.13779,3.21171,0,0.587895,4.47552,4.30939e+06,2.94905e+06,1.3522e+07,0,0,0,0,98.6191,98.274,4.13964,1,1,1.90867,1.95364,0,1.47432,2.1168,8.95579e+06,3.94181e+06,1.70937e+07,0,0,0,0
54.2773,85.139,1.84338,0.3,0.04,3.13846,3.2124,0,0.588022,4.47552,4.30939e+06,2.94905e+06,1.35249e+07,0,0,0,0,98.5535,98.274,2.31393,1,1,1.90908,1.95406,0,1.47464,2.1168,8.95579e+06,3.94181e+06,1.70973e+07,0,0,0,0
53.3552,85.139,2.03028,0.31,0.04,3.13914,3.21309,0,0.588148,4.47552,4.30939e+06,2.94905e+06,1.35278e+07,0,0,0,0,98.3268,98.274,2.42576,1,1,1.90949,1.95448,0,1.47496,2.1168,8.95579e+06,3.94181e+06,1.7101e+07,0,0,0,0
51.4619,85.139,1.15872,0.32,0.04,3.13076,3.13076,0,0.588275,4.47552,4.30939e+06,2.70226e+06,1.34917e+07,0,0,0,0,98.3571,98.274,1.82882,0,1,1.86495,1.86495,0,1.47527,2.1168,8.95579e+06,3.61194e+06,1.67021e+07,0,0,0,0
50.1449,85.139,1.72335,0.31,0.04,3.13144,3.13144,0,0.586705,4.47552,4.30939e+06,2.70226e+06,1.34946e+07,0,0,0,0,98.5543,98.274,2.55314,0,1,1.86536,1.86536,0,1.44086,2.1168,8.95579e+06,3.61194e+06,1.67057e+07,0,0,0,0
51.0939,85.139,4.15855,0.38,0.04,3.13211,3.13211,0,0.586831,4.47552,4.30939e+06,2.70226e+06,1.34975e+07,0,0,0,0,99.3022,98.274,6.08184,0,1,1.86576,1.86576,0,1.44117,2.1168,8.95579e+06,3.61194e+06,1.67093e+07,0,0,0,0
51.1668,85.139,3.16948,0.32,0.04,3.13278,3.13278,0,0.586957,4.47552,4.30939e+06,2.70226e+06,1.35004e+07,0,0,0,0,99.3022,98.274,4.1474,0,1,1.86616,1.86616,0,1.44148,2.1168,8.95579e+06,3.61194e+06,1.67129e+07,0,0,0,0
50.8513,85.139,2.63546,0.32,0.04,2.89747,2.89747,0,0.587084,4.47552,4.30939e+06,2.70226e+06,1.24863e+07,0,0,0,0,99.3022,98.274,4.20501,0,1,1.67907,1.67907,0,1.44179,2.1168,8.95579e+06,3.61194e+06,1.50374e+07,0,0,0,0
50.2186,85.139,2.26997,0.38,0.04,2.86288,2.89809,0,0.542986,4.47552,4.30939e+06,2.70226e+06,1.23373e+07,0,0,0,0,99.2441,98.274,2.98133,0,1,1.71464,1.67943,0,1.29725,2.1168,8.95579e+06,3.61194e+06,1.5356e+07,0,0,0,0
49.2488,85.139,1.92218,0.38,0.04,2.86387,2.89872,0,0.536504,4.47552,4.30939e+06,2.70226e+06,1.23415e+07,0,0,0,0,99.3022,98.274,2.88046,0,1,1.71464,1.67979,0,1.32473,2.1168,8.95579e+06,3.61194e+06,1.5356e+07,0,0,0,0
49.6807,85.139,3.04688,0.4,0.04,2.53118,2.89934,0,0.536689,4.47552,4.30939e+06,3.53887e+06,1.09078e+07,0,0,0,0,99.3022,98.274,3.1581,0,1,1.52128,1.68015,0,1.32473,2.1168,8.95579e+06,4.73018e+06,1.36243e+07,0,0,0,0
51.4212,85.139,4.52395,0.44,0.04,2.53209,2.89996,0,0.474343,4.47552,4.30939e+06,3.53887e+06,1.09118e+07,0,0,0,0,99.3022,98.274,5.16727,0,1,1.52124,1.68051,0,1.17534,2.1168,8.95579e+06,4.73018e+06,1.36239e+07,0,0,0,0
58.8013,85.139,10.5163,0.39,0.06,2.88882,2.99144,0,0.474514,4.47552,4.30939e+06,2.94905e+06,1.2449e+07,0,0,0,0,99.3022,98.274,10.8064,0,1,1.72904,1.73521,0,1.17531,2.1168,8.95579e+06,3.94181e+06,1.54849e+07,0,0,0,0
61.9604,85.139,6.65233,0.35,0.06,2.99205,2.99205,0,0.541364,4.47552,4.30939e+06,2.70226e+06,1.28939e+07,0,0,0,0,99.3022,98.274,5.95502,0,1,1.73557,1.73557,0,1.33586,2.1168,8.95579e+06,3.61194e+06,1.55434e+07,0,0,0,0
64.8828,85.139,6.4036,0.37,0.06,2.99267,2.99267,0,0.560711,4.47552,4.30939e+06,2.70226e+06,1.28966e+07,0,0,0,0,99.3022,98.274,5.0279,0,1,1.73593,1.73593,0,1.3409,2.1168,8.95579e+06,3.61194e+06,1.55466e+07,0,0,0,0
68.2124,85.139,6.78402,0.32,0.06,2.99328,2.99328,0,0.560826,4.47552,4.30939e+06,2.70226e+06,1.28992e+07,0,0,0,0,99.3022,98.274,7.00118,0,1,1.73628,1.73628,0,1.34118,2.1168,8.95579e+06,3.61194e+06,1.55498e+07,0,0,0,0
69.8936,85.139,5.25789,0.26,0.06,3.21029,3.28592,0,0.560941,4.47552,4.30939e+06,2.94905e+06,1.38344e+07,0,0,0,0,99.3022,98.274,6.23022,1,1,1.89616,1.94083,0,1.34145,2.1168,8.95579e+06,3.94181e+06,1.69816e+07,0,0,0,0
70.608,85.139,4.23306,0.29,0.06,3.21095,3.28659,0,0.601607,4.47552,4.30939e+06,2.94905e+06,1.38372e+07,0,0,0,0,99.3022,98.274,6.16006,1,1,1.89655,1.94123,0,1.46497,2.1168,8.95579e+06,3.94181e+06,1.69851e+07,0,0,0,0
71.5482,85.139,4.44894,0.3,0.06,3.21161,3.28727,0,0.601731,4.47552,4.30939e+06,2.94905e+06,1.38401e+07,0,0,0,0,99.3022,98.274,6.46217,1,1,1.89694,1.94163,0,1.46528,2.1168,8.95579e+06,3.94181e+06,1.69886e+07,0,0,0,0
72.7609,85.139,4.72071,0.31,0.06,3.21227,3.28794,0,0.601855,4.47552,4.30939e+06,2.94905e+06,1.38429e+07,0,0,0,0,99.3022,98.274,7.14426,1,1,1.89733,1.94203,0,1.46558,2.1168,8.95579e+06,3.94181e+06,1.69921e+07,0,0,0,0
75.7606,85.139,6.36926,0.34,0.06,2.87177,2.87177,0,0.601979,4.47552,4.30939e+06,2.70226e+06,1.23756e+07,0,0,0,0,99.3022,98.274,9.63122,0,1,1.66818,1.66818,0,1.46588,2.1168,8.95579e+06,3.61194e+06,1.49398e+07,0,0,0,0
79.7018,85.139,7.268,0.26,0.06,2.82625,2.87236,0,0.538169,4.47552,4.30939e+06,2.70226e+06,1.21794e+07,0,0,0,0,99.3022,98.274,8.42251,0,1,1.71462,1.66852,0,1.28883,2.1168,8.95579e+06,3.61194e+06,1.53558e+07,0,0,0,0
82.2661,85.139,5.95025,0.21,0.06,2.82719,2.87295,0,0.52964,4.47552,4.30939e+06,2.70226e+06,1.21834e+07,0,0,0,0,99.3022,98.274,5.69633,0,1,1.71462,1.66886,0,1.32472,2.1168,8.95579e+06,3.61194e+06,1.53558e+07,0,0,0,0
83.1444,85.139,4.24938,0.24,0.06,2.82812,2.87354,0,0.529815,4.47552,4.30939e+06,2.70226e+06,1.21875e+07,0,0,0,0,99.3022,98.274,4.65527,0,1,1.71462,1.66921,0,1.32472,2.1168,8.95579e+06,3.61194e+06,1.53558e+07,0,0,0,0
85.139,85.139,5.49628,0.28,0.06,2.82905,2.87413,0,0.52999,4.47552,4.30939e+06,2.70226e+06,1.21915e+07,0,0,0,0,99.3022,98.274,4.40519,0,1,1.71462,1.66955,0,1.32472,2.1168,8.95579e+06,3.61194e+06,1.53558e+07,0,0,0,0
85.139,85.139,5.77373,0.16,0.06,2.93502,2.97975,0,0.530165,4.47552,4.30939e+06,2.70226e+06,1.26482e+07,0,0,0,0,99.3022,98.274,4.6613,0,1,1.78178,1.73705,0,1.32472,2.1168,8.95579e+06,3.61194e+06,1.59573e+07,0,0,0,0
85.139,85.139,6.13801,0.17,0.06,2.98037,2.98037,0,0.550023,4.47552,4.30939e+06,2.70226e+06,1.28436e+07,0,0,0,0,99.3022,98.274,6.15834,0,1,1.73741,1.73741,0,1.37661,2.1168,8.95579e+06,3.61194e+06,1.55599e+07,0,0,0,0
85.139,85.139,5.20288,0.18,0.06,2.98098,2.98098,0,0.558521,4.47552,4.30939e+06,2.70226e+06,1.28462e+07,0,0,0,0,99.3022,98.274,4.95672,0,1,1.73777,1.73777,0,1.34232,2.1168,8.95579e+06,3.61194e+06,1.55631e+07,0,0,0,0
85.139,85.139,4.17906,0.18,0.06,2.98159,2.98159,0,0.558636,4.47552,4.30939e+06,2.70226e+06,1.28488e+07,0,0,0,0,99.3022,98.274,3.53184,0,1,1.73812,1.73812,0,1.3426,2.1168,8.95579e+06,3.61194e+06,1.55663e+07,0,0,0,0
85.139,85.139,4.72838,0.16,0.06,2.9411,2.9411,0,0.55875,4.47552,4.30939e+06,2.70226e+06,1.26744e+07,0,0,0,0,99.3022,98.274,4.1665,0,1,1.71237,1.71237,0,1.34287,2.1168,8.95579e+06,3.61194e+06,1.53357e+07,0,0,0,0
85.139,85.139,4.25412,0.14,0.06,2.9398,2.94171,0,0.551163,4.47552,4.30939e+06,2.70226e+06,1.26687e+07,0,0,0,0,99.3022,98.274,3.94414,0,1,1.71463,1.71273,0,1.32298,2.1168,8.95579e+06,3.61194e+06,1.53559e+07,0,0,0,0
85.139,85.139,4.01357,0.13,0.06,2.94076,2.94231,0,0.550919,4.47552,4.30939e+06,2.70226e+06,1.26729e+07,0,0,0,0,99.3022,98.274,3.82827,0,1,1.71463,1.71308,0,1.32472,2.1168,8.95579e+06,3.61194e+06,1.53559e+07,0,0,0,0
85.139,85.139,3.80172,0.11,0.06,2.94171,2.94292,0,0.551098,4.47552,4.30939e+06,2.70226e+06,1.2677e+07,0,0,0,0,99.3022,98.274,4.61154,0,1,1.71463,1.71343,0,1.32472,2.1168,8.95579e+06,3.61194e+06,1.53559e+07,0,0,0,0
85.139,85.139,3.47639,0.09,0.06,3.0823,3.08315,0,0.551277,4.47552,4.30939e+06,2.70226e+06,1.32828e+07,0,0,0,0,99.3022,98.274,3.604,0,1,1.80729,1.80644,0,1.32472,2.1168,8.95579e+06,3.61194e+06,1.61857e+07,0,0,0,0
84.885,85.139,3.05063,0.08,0.06,3.08379,3.08379,0,0.577623,4.47552,4.30939e+06,2.70226e+06,1.32892e+07,0,0,0,0,99.3022,98.274,2.95799,0,1,1.80681,1.80681,0,1.39631,2.1168,8.95579e+06,3.61194e+06,1.61814e+07,0,0,0,0
84.4391,85.139,2.81917,0.16,0.06,3.08442,3.08442,0,0.577901,4.47552,4.30939e+06,2.70226e+06,1.3292e+07,0,0,0,0,99.3022,98.274,2.97393,0,1,1.80718,1.80718,0,1.39594,2.1168,8.95579e+06,3.61194e+06,1.61847e+07,0,0,0,0
83.9124,85.139,2.72836,0.14,0.06,3.08505,3.08505,0,0.57802,4.47552,4.30939e+06,2.70226e+06,1.32947e+07,0,0,0,0,99.3022,98.274,2.97171,0,1,1.80755,1.80755,0,1.39623,2.1168,8.95579e+06,3.61194e+06,1.61881e+07,0,0,0,0
83.1828,85.139,2.5214,0.14,0.06,3.08569,3.08569,0,0.578139,4.47552,4.30939e+06,2.70226e+06,1.32974e+07,0,0,0,0,99.3022,98.274,3.04182,0,1,1.80792,1.80792,0,1.39651,2.1168,8.95579e+06,3.61194e+06,1.61914e+07,0,0,0,0
82.2595,85.139,2.2897,0.14,0.06,3.05868,3.05868,0,0.578258,4.47552,4.30939e+06,2.70226e+06,1.3181e+07,0,0,0,0,99.3022,98.274,3.60088,0,1,1.85927,1.85927,0,1.3968,2.1168,8.95579e+06,3.61194e+06,1.66512e+07,0,0,0,0
81.2416,85.139,2.16979,0.13,0.06,3.05931,3.05931,0,0.573196,4.47552,4.30939e+06,2.70226e+06,1.31837e+07,0,0,0,0,99.3022,98.274,3.49088,0,1,1.85965,1.85965,0,1.43647,2.1168,8.95579e+06,3.61194e+06,1.66547e+07,0,0,0,0
80.0962,85.139,2.0246,0.11,0.06,3.05993,3.05993,0,0.573314,4.47552,4.30939e+06,2.70226e+06,1.31864e+07,0,0,0,0,99.3022,98.274,3.24154,0,1,1.86004,1.86004,0,1.43677,2.1168,8.95579e+06,3.61194e+06,1.66581e+07,0,0,0,0
78.8503,85.139,1.91128,0.12,0.06,3.06056,3.06056,0,0.573432,4.47552,4.30939e+06,2.70226e+06,1.31892e+07,0,0,0,0,99.3022,98.274,3.04699,0,1,1.86042,1.86042,0,1.43706,2.1168,8.95579e+06,3.61194e+06,1.66615e+07,0,0,0,0
77.6552,85.139,1.93746,0.16,0.06,3.06053,3.13263,0,0.573549,4.47552,4.30939e+06,2.94905e+06,1.3189e+07,0,0,0,0,99.3022,98.274,3.15509,1,1,1.86239,1.90627,0,1.43736,2.1168,8.95579e+06,3.94181e+06,1.66792e+07,0,0,0,0
76.4446,85.139,1.90495,0.16,0.06,3.06116,3.13328,0,0.573543,4.47552,4.30939e+06,2.94905e+06,1.31917e+07,0,0,0,0,99.3022,98.274,3.21424,1,1,1.86278,1.90666,0,1.43888,2.1168,8.95579e+06,3.94181e+06,1.66826e+07,0,0,0,0
75.0093,85.139,1.6656,0.16,0.06,3.06179,3.13392,0,0.573661,4.47552,4.30939e+06,2.94905e+06,1.31944e+07,0,0,0,0,99.3022,98.274,2.98293,1,1,1.86316,1.90705,0,1.43918,2.1168,8.95579e+06,3.94181e+06,1.6686e+07,0,0,0,0
73.4612,85.139,1.53624,0.16,0.06,3.06241,3.13456,0,0.573779,4.47552,4.30939e+06,2.94905e+06,1.31971e+07,0,0,0,0,99.3022,98.274,2.87192,1,1,1.86354,1.90744,0,1.43948,2.1168,8.95579e+06,3.94181e+06,1.66895e+07,0,0,0,0
71.561,85.139,1.31516,0.2,0.06,3.26761,3.34459,0,0.573896,4.47552,4.30939e+06,2.94905e+06,1.40814e+07,0,0,0,0,99.3022,98.274,2.63299,1,1,2.0244,2.07209,0,1.43977,2.1168,8.95579e+06,3.94181e+06,1.81301e+07,0,0,0,0
69.8842,85.139,1.54186,0.2,0.06,3.26828,3.34528,0,0.61235,4.47552,4.30939e+06,2.94905e+06,1.40843e+07,0,0,0,0,99.3022,98.274,3.03662,1,1,2.02481,2.07252,0,1.56405,2.1168,8.95579e+06,3.94181e+06,1.81338e+07,0,0,0,0
67.9162,85.139,1.23843,0.2,0.06,3.26895,3.34597,0,0.612476,4.47552,4.30939e+06,2.94905e+06,1.40872e+07,0,0,0,0,99.1574,98.274,2.20455,1,1,2.02523,2.07294,0,1.56437,2.1168,8.95579e+06,3.94181e+06,1.81375e+07,0,0,0,0
66.2416,85.139,1.5033,0.24,0.06,3.26962,3.34665,0,0.612602,4.47552,4.30939e+06,2.94905e+06,1.40901e+07,0,0,0,0,99.3022,98.274,3.79624,1,1,2.02565,2.07337,0,1.56469,2.1168,8.95579e+06,3.94181e+06,1.81413e+07,0,0,0,0
64.3958,85.139,1.30541,0.24,0.06,3.27029,3.34734,0,0.612727,4.47552,4.30939e+06,2.94905e+06,1.4093e+07,0,0,0,0,99.3022,98.274,3.00228,1,1,2.02606,2.07379,0,1.56501,2.1168,8.95579e+06,3.94181e+06,1.8145e+07,0,0,0,0
63.3016,85.139,1.98725,0.24,0.06,3.17116,3.24587,0,0.612853,4.47552,4.30939e+06,2.94905e+06,1.36658e+07,0,0,0,0,99.3022,98.274,4.06331,1,1,1.92897,1.97442,0,1.56534,2.1168,8.95579e+06,3.94181e+06,1.72755e+07,0,0,0,0
62.8523,85.139,2.66018,0.24,0.06,3.17182,3.24654,0,0.594276,4.47552,4.30939e+06,2.94905e+06,1.36686e+07,0,0,0,0,99.3022,98.274,5.18933,1,1,1.92937,1.97482,0,1.49033,2.1168,8.95579e+06,3.94181e+06,1.7279e+07,0,0,0,0
63.0651,85.139,3.44906,0.24,0.06,3.17247,3.24721,0,0.594398,4.47552,4.30939e+06,2.94905e+06,1.36714e+07,0,0,0,0,99.3022,98.274,7.7261,1,1,1.92977,1.97523,0,1.49063,2.1168,8.95579e+06,3.94181e+06,1.72826e+07,0,0,0,0
63.0074,85.139,3.18544,0.23,0.06,3.17312,3.24787,0,0.59452,4.47552,4.30939e+06,2.94905e+06,1.36742e+07,0,0,0,0,99.3022,98.274,5.1388,1,1,1.93016,1.97564,0,1.49094,2.1168,8.95579e+06,3.94181e+06,1.72861e+07,0,0,0,0
62.2013,85.139,2.4559,0.23,0.06,3.16462,3.16462,0,0.594642,4.47552,4.30939e+06,2.70226e+06,1.36376e+07,0,0,0,0,99.3022,98.274,4.0529,0,1,1.88512,1.88512,0,1.49124,2.1168,8.95579e+06,3.61194e+06,1.68828e+07,0,0,0,0
61.4033,85.139,2.48981,0.27,0.06,3.16527,3.16527,0,0.59305,4.47552,4.30939e+06,2.70226e+06,1.36404e+07,0,0,0,0,99.3022,98.274,6.13004,0,1,1.88551,1.88551,0,1.45645,2.1168,8.95579e+06,3.61194e+06,1.68862e+07,0,0,0,0
60.2271,85.139,2.08828,0.28,0.06,3.16592,3.16592,0,0.593172,4.47552,4.30939e+06,2.70226e+06,1.36432e+07,0,0,0,0,99.3022,98.274,5.21833,0,1,1.8859,1.8859,0,1.45674,2.1168,8.95579e+06,3.61194e+06,1.68897e+07,0,0,0,0
60.864,85.139,4.07114,0.29,0.06,3.16657,3.16657,0,0.593294,4.47552,4.30939e+06,2.70226e+06,1.3646e+07,0,0,0,0,99.3022,98.274,8.30028,0,1,1.88628,1.88628,0,1.45704,2.1168,8.95579e+06,3.61194e+06,1.68932e+07,0,0,0,0
64.4033,85.139,6.79172,0.3,0.06,2.92869,2.92869,0,0.593415,4.47552,4.30939e+06,2.70226e+06,1.26209e+07,0,0,0,0,99.3022,98.274,5.42745,0,1,1.69716,1.69716,0,1.45734,2.1168,8.95579e+06,3.61194e+06,1.51994e+07,0,0,0,0
65.6707,85.139,4.48538,0.23,0.06,2.91217,2.92929,0,0.548837,4.47552,4.30939e+06,2.70226e+06,1.25497e+07,0,0,0,0,99.3022,98.274,5.78586,0,1,1.71463,1.69751,0,1.31123,2.1168,8.95579e+06,3.61194e+06,1.53558e+07,0,0,0,0
65.4674,85.139,2.90328,0.22,0.06,2.91312,2.92989,0,0.545741,4.47552,4.30939e+06,2.70226e+06,1.25538e+07,0,0,0,0,99.3022,98.274,3.3446,0,1,1.71463,1.69786,0,1.32472,2.1168,8.95579e+06,3.61194e+06,1.53558e+07,0,0,0,0
65.819,85.139,3.47797,0.26,0.06,2.91407,2.93049,0,0.545919,4.47552,4.30939e+06,2.70226e+06,1.25579e+07,0,0,0,0,99.3022,98.274,3.82263,0,1,1.71463,1.69821,0,1.32472,2.1168,8.95579e+06,3.61194e+06,1.53558e+07,0,0,0,0
66.2567,85.139,3.684,0.28,0.06,2.91502,2.9311,0,0.546097,4.47552,4.30939e+06,2.70226e+06,1.2562e+07,0,0,0,0,99.3022,98.274,4.2124,0,1,1.71463,1.69855,0,1.32472,2.1168,8.95579e+06,3.61194e+06,1.53558e+07,0,0,0,0
65.858,85.139,2.96033,0.28,0.06,3.0078,3.02352,0,0.546275,4.47552,4.30939e+06,2.70226e+06,1.29618e+07,0,0,0,0,99.3022,98.274,4.92801,0,1,1.76955,1.75383,0,1.32472,2.1168,8.95579e+06,3.61194e+06,1.58477e+07,0,0,0,0
71.9655,85.139,9.72251,0.32,0.06,3.02412,3.02412,0,0.563661,4.47552,4.30939e+06,2.70226e+06,1.30321e+07,0,0,0,0,99.3022,98.274,8.5789,0,1,1.75417,1.75417,0,1.36716,2.1168,8.95579e+06,3.61194e+06,1.571e+07,0,0,0,0
73.5233,85.139,5.1133,0.25,0.06,3.02471,3.02471,0,0.566719,4.47552,4.30939e+06,2.70226e+06,1.30346e+07,0,0,0,0,99.3022,98.274,5.67815,0,1,1.75451,1.75451,0,1.35527,2.1168,8.95579e+06,3.61194e+06,1.5713e+07,0,0,0,0
74.8306,85.139,4.81478,0.26,0.06,3.0253,3.0253,0,0.56683,4.47552,4.30939e+06,2.70226e+06,1.30372e+07,0,0,0,0,99.3022,98.274,10.2312,0,1,1.75486,1.75486,0,1.35554,2.1168,8.95579e+06,3.61194e+06,1.57161e+07,0,0,0,0
75.6153,85.139,4.46554,0.2,0.06,3.24459,3.32103,0,0.566942,4.47552,4.30939e+06,2.94905e+06,1.39822e+07,0,0,0,0,99.3022,98.274,6.04374,1,1,1.91643,1.96158,0,1.3558,2.1168,8.95579e+06,3.94181e+06,1.71631e+07,0,0,0,0
75.9396,85.139,4.04483,0.22,0.06,3.24523,3.32168,0,0.608037,4.47552,4.30939e+06,2.94905e+06,1.3985e+07,0,0,0,0,99.3022,98.274,5.33961,1,1,1.9168,1.96196,0,1.48063,2.1168,8.95579e+06,3.94181e+06,1.71665e+07,0,0,0,0
76.5341,85.139,4.24187,0.24,0.06,3.24587,3.32233,0,0.608156,4.47552,4.30939e+06,2.94905e+06,1.39877e+07,0,0,0,0,99.3022,98.274,4.26924,1,1,1.91718,1.96234,0,1.48092,2.1168,8.95579e+06,3.94181e+06,1.71698e+07,0,0,0,0
76.3982,85.139,3.54943,0.26,0.06,3.2465,3.32299,0,0.608275,4.47552,4.30939e+06,2.94905e+06,1.39904e+07,0,0,0,0,99.3022,98.274,4.67769,1,1,1.91755,1.96273,0,1.48121,2.1168,8.95579e+06,3.94181e+06,1.71732e+07,0,0,0,0
80.0055,85.139,7.10971,0.29,0.06,2.90234,2.90234,0,0.608394,4.47552,4.30939e+06,2.70226e+06,1.25073e+07,0,0,0,0,99.3022,98.274,8.20604,0,1,1.68594,1.68594,0,1.4815,2.1168,8.95579e+06,3.61194e+06,1.50989e+07,0,0,0,0
83.4832,85.139,7.11298,0.21,0.06,2.87457,2.90291,0,0.543899,4.47552,4.30939e+06,2.70226e+06,1.23876e+07,0,0,0,0,99.3022,98.274,9.40064,0,1,1.71461,1.68627,0,1.30256,2.1168,8.95579e+06,3.61194e+06,1.53557e+07,0,0,0,0
85.139,85.139,9.02517,0.23,0.06,2.87547,2.90348,0,0.538695,4.47552,4.30939e+06,2.70226e+06,1.23915e+07,0,0,0,0,99.3022,98.274,15.4076,0,1,1.71461,1.6866,0,1.32471,2.1168,8.95579e+06,3.61194e+06,1.53557e+07,0,0,0,0
85.139,85.139,6.11667,0.17,0.06,2.87637,2.90405,0,0.538863,4.47552,4.30939e+06,2.70226e+06,1.23954e+07,0,0,0,0,99.3022,98.274,8.40248,0,1,1.71461,1.68693,0,1.32471,2.1168,8.95579e+06,3.61194e+06,1.53557e+07,0,0,0,0
85.139,85.139,7.01817,0.16,0.06,2.87727,2.90462,0,0.539032,4.47552,4.30939e+06,2.70226e+06,1.23993e+07,0,0,0,0,99.3022,98.274,12.5225,0,1,1.71461,1.68726,0,1.32471,2.1168,8.95579e+06,3.61194e+06,1.53557e+07,0,0,0,0
85.139,85.139,8.83568,0.19,0.06,2.98432,3.01134,0,0.5392,4.47552,4.30939e+06,2.70226e+06,1.28606e+07,0,0,0,0,99.3022,98.274,9.36237,0,1,1.78248,1.75546,0,1.32471,2.1168,8.95579e+06,3.61194e+06,1.59635e+07,0,0,0,0
85.139,85.139,5.87536,0.23,0.06,3.01193,3.01193,0,0.559261,4.47552,4.30939e+06,2.70226e+06,1.29796e+07,0,0,0,0,99.3022,98.274,6.60492,0,1,1.75581,1.75581,0,1.37715,2.1168,8.95579e+06,3.61194e+06,1.57246e+07,0,0,0,0
85.139,85.139,6.31418,0.22,0.06,3.01252,3.01252,0,0.564435,4.47552,4.30939e+06,2.70226e+06,1.29821e+07,0,0,0,0,99.3022,98.274,7.05064,0,1,1.75615,1.75615,0,1.35654,2.1168,8.95579e+06,3.61194e+06,1.57277e+07,0,0,0,0
85.139,85.139,5.59179,0.21,0.06,3.01311,3.01311,0,0.564546,4.47552,4.30939e+06,2.70226e+06,1.29847e+07,0,0,0,0,99.3022,98.274,7.27704,0,1,1.7565,1.7565,0,1.3568,2.1168,8.95579e+06,3.61194e+06,1.57308e+07,0,0,0,0
85.139,85.139,5.14031,0.18,0.06,2.97216,2.97216,0,0.564656,4.47552,4.30939e+06,2.70226e+06,1.28082e+07,0,0,0,0,99.3022,98.274,4.6718,0,1,1.73046,1.73046,0,1.35707,2.1168,8.95579e+06,3.61194e+06,1.54976e+07,0,0,0,0
85.139,85.139,4.38053,0.17,0.06,2.97274,2.97274,0,0.556983,4.47552,4.30939e+06,2.70226e+06,1.28107e+07,0,0,0,0,99.3022,98.274,4.84005,0,1,1.7308,1.7308,0,1.33695,2.1168,8.95579e+06,3.61194e+06,1.55006e+07,0,0,0,0
85.139,85.139,3.95849,0.16,0.06,2.97333,2.97333,0,0.557092,4.47552,4.30939e+06,2.70226e+06,1.28132e+07,0,0,0,0,99.3022,98.274,4.22105,0,1,1.73114,1.73114,0,1.33721,2.1168,8.95579e+06,3.61194e+06,1.55037e+07,0,0,0,0
85.139,85.139,4.61663,0.14,0.06,2.97391,2.97391,0,0.557201,4.47552,4.30939e+06,2.70226e+06,1.28157e+07,0,0,0,0,99.3022,98.274,4.29772,0,1,1.73147,1.73147,0,1.33748,2.1168,8.95579e+06,3.61194e+06,1.55067e+07,0,0,0,0
85.139,85.139,4.02824,0.12,0.06,3.11559,3.11559,0,0.55731,4.47552,4.30939e+06,2.70226e+06,1.34263e+07,0,0,0,0,99.3022,98.274,4.36167,0,1,1.82544,1.82544,0,1.33774,2.1168,8.95579e+06,3.61194e+06,1.63483e+07,0,0,0,0
85.139,85.139,3.66418,0.1,0.06,3.1162,3.1162,0,0.583862,4.47552,4.30939e+06,2.70226e+06,1.34289e+07,0,0,0,0,99.3022,98.274,4.21432,0,1,1.8258,1.8258,0,1.41034,2.1168,8.95579e+06,3.61194e+06,1.63515e+07,0,0,0,0
85.139,85.139,3.33593,0.09,0.06,3.11681,3.11681,0,0.583976,4.47552,4.30939e+06,2.70226e+06,1.34315e+07,0,0,0,0,99.3022,98.274,4.21616,0,1,1.82616,1.82616,0,1.41061,2.1168,8.95579e+06,3.61194e+06,1.63547e+07,0,0,0,0
84.9824,85.139,3.12951,0.09,0.06,3.11742,3.11742,0,0.58409,4.47552,4.30939e+06,2.70226e+06,1.34342e+07,0,0,0,0,99.3022,98.274,3.23087,0,1,1.82652,1.82652,0,1.41089,2.1168,8.95579e+06,3.61194e+06,1.63579e+07,0,0,0,0
84.4914,85.139,2.77612,0.15,0.06,3.11803,3.11803,0,0.584205,4.47552,4.30939e+06,2.70226e+06,1.34368e+07,0,0,0,0,99.3022,98.274,3.01151,0,1,1.82687,1.82687,0,1.41117,2.1168,8.95579e+06,3.61194e+06,1.63611e+07,0,0,0,0
83.7036,85.139,2.42397,0.15,0.06,3.09071,3.09071,0,0.584319,4.47552,4.30939e+06,2.70226e+06,1.33191e+07,0,0,0,0,99.2456,98.274,2.62382,0,1,1.87874,1.87874,0,1.41144,2.1168,8.95579e+06,3.61194e+06,1.68256e+07,0,0,0,0
82.8139,85.139,2.29286,0.14,0.06,3.09131,3.09131,0,0.579199,4.47552,4.30939e+06,2.70226e+06,1.33217e+07,0,0,0,0,99.136,98.274,2.53936,0,1,1.87911,1.87911,0,1.45152,2.1168,8.95579e+06,3.61194e+06,1.68289e+07,0,0,0,0
81.8105,85.139,2.16163,0.15,0.06,3.09192,3.09192,0,0.579312,4.47552,4.30939e+06,2.70226e+06,1.33243e+07,0,0,0,0,98.9467,98.274,2.39461,0,1,1.87948,1.87948,0,1.4518,2.1168,8.95579e+06,3.61194e+06,1.68322e+07,0,0,0,0
80.6733,85.139,2.0165,0.14,0.06,3.09252,3.09252,0,0.579426,4.47552,4.30939e+06,2.70226e+06,1.33269e+07,0,0,0,0,98.696,98.274,2.24526,0,1,1.87985,1.87985,0,1.45209,2.1168,8.95579e+06,3.61194e+06,1.68355e+07,0,0,0,0
79.3256,85.139,1.77165,0.13,0.06,3.09246,3.16532,0,0.579539,4.47552,4.30939e+06,2.94905e+06,1.33266e+07,0,0,0,0,98.4208,98.274,2.03815,1,1,1.88182,1.92616,0,1.45237,2.1168,8.95579e+06,3.94181e+06,1.68532e+07,0,0,0,0
77.9831,85.139,1.79176,0.18,0.06,3.09307,3.16594,0,0.579527,4.47552,4.30939e+06,2.94905e+06,1.33292e+07,0,0,0,0,98.1619,98.274,2.27928,1,1,1.88219,1.92654,0,1.4539,2.1168,8.95579e+06,3.94181e+06,1.68565e+07,0,0,0,0
76.5366,85.139,1.65445,0.18,0.06,3.09367,3.16656,0,0.579641,4.47552,4.30939e+06,2.94905e+06,1.33318e+07,0,0,0,0,97.8141,98.274,2.17404,1,1,1.88256,1.92691,0,1.45418,2.1168,8.95579e+06,3.94181e+06,1.68598e+07,0,0,0,0
74.9587,85.139,1.5058,0.18,0.06,3.09428,3.16718,0,0.579754,4.47552,4.30939e+06,2.94905e+06,1.33344e+07,0,0,0,0,97.4609,98.274,1.89787,1,1,1.88293,1.92729,0,1.45447,2.1168,8.95579e+06,3.94181e+06,1.68631e+07,0,0,0,0
73.3824,85.139,1.66245,0.18,0.06,3.30158,3.37936,0,0.579867,4.47552,4.30939e+06,2.94905e+06,1.42278e+07,0,0,0,0,97.0807,98.274,2.40372,1,1,2.04544,2.09363,0,1.45475,2.1168,8.95579e+06,3.94181e+06,1.83185e+07,0,0,0,0
71.7797,85.139,1.63731,0.22,0.06,3.30222,3.38002,0,0.618715,4.47552,4.30939e+06,2.94905e+06,1.42306e+07,0,0,0,0,96.6416,98.274,2.08831,1,1,2.04584,2.09404,0,1.58031,2.1168,8.95579e+06,3.94181e+06,1.83221e+07,0,0,0,0
69.9992,85.139,1.46621,0.22,0.06,3.30287,3.38068,0,0.618836,4.47552,4.30939e+06,2.94905e+06,1.42333e+07,0,0,0,0,96.1859,98.274,2.00099,1,1,2.04624,2.09445,0,1.58062,2.1168,8.95579e+06,3.94181e+06,1.83257e+07,0,0,0,0
68.2638,85.139,1.48272,0.22,0.06,3.30351,3.38134,0,0.618957,4.47552,4.30939e+06,2.94905e+06,1.42361e+07,0,0,0,0,95.81,98.274,2.15936,1,1,2.04664,2.09486,0,1.58093,2.1168,8.95579e+06,3.94181e+06,1.83293e+07,0,0,0,0
66.5561,85.139,1.49653,0.2,0.06,3.30416,3.382,0,0.619079,4.47552,4.30939e+06,2.94905e+06,1.42389e+07,0,0,0,0,95.4475,98.274,2.54943,1,1,2.04704,2.09527,0,1.58124,2.1168,8.95579e+06,3.94181e+06,1.83329e+07,0,0,0,0
65.9204,85.139,2.5024,0.24,0.06,3.20397,3.27946,0,0.6192,4.47552,4.30939e+06,2.94905e+06,1.38072e+07,0,0,0,0,95.6121,98.274,4.00539,1,1,1.94893,1.99485,0,1.58155,2.1168,8.95579e+06,3.94181e+06,1.74542e+07,0,0,0,0
65.1878,85.139,2.42476,0.24,0.06,3.2046,3.2801,0,0.600425,4.47552,4.30939e+06,2.94905e+06,1.38099e+07,0,0,0,0,95.7562,98.274,3.91115,1,1,1.94931,1.99524,0,1.50574,2.1168,8.95579e+06,3.94181e+06,1.74576e+07,0,0,0,0
64.8024,85.139,2.89192,0.24,0.06,3.20523,3.28074,0,0.600542,4.47552,4.30939e+06,2.94905e+06,1.38126e+07,0,0,0,0,96.2726,98.274,5.04248,1,1,1.94969,1.99563,0,1.50604,2.1168,8.95579e+06,3.94181e+06,1.7461e+07,0,0,0,0
64.3884,85.139,2.96447,0.24,0.06,3.20585,3.28138,0,0.60066,4.47552,4.30939e+06,2.94905e+06,1.38153e+07,0,0,0,0,96.5643,98.274,4.02227,1,1,1.95008,1.99602,0,1.50633,2.1168,8.95579e+06,3.94181e+06,1.74645e+07,0,0,0,0
63.0828,85.139,1.89854,0.23,0.06,3.19724,3.19724,0,0.600777,4.47552,4.30939e+06,2.70226e+06,1.37782e+07,0,0,0,0,96.3228,98.274,2.24578,0,1,1.90455,1.90455,0,1.50663,2.1168,8.95579e+06,3.61194e+06,1.70568e+07,0,0,0,0
61.7448,85.139,1.89785,0.25,0.06,3.19787,3.19787,0,0.599163,4.47552,4.30939e+06,2.70226e+06,1.37808e+07,0,0,0,0,95.8353,98.274,1.80182,0,1,1.90493,1.90493,0,1.47146,2.1168,8.95579e+06,3.61194e+06,1.70601e+07,0,0,0,0
60.116,85.139,1.52352,0.3,0.06,3.12487,3.19849,0,0.59928,4.47552,4.30939e+06,2.94905e+06,1.34663e+07,0,0,0,0,95.7152,98.274,1.51548,1,1,1.86144,1.9053,0,1.47175,2.1168,8.95579e+06,3.94181e+06,1.66707e+07,0,0,0,0
59.7573,85.139,2.85726,0.3,0.06,3.12548,3.19912,0,0.585601,4.47552,4.30939e+06,2.94905e+06,1.34689e+07,0,0,0,0,96.292,98.274,4.31396,1,1,1.86181,1.90567,0,1.43815,2.1168,8.95579e+06,3.94181e+06,1.6674e+07,0,0,0,0
61.7998,85.139,5.28829,0.32,0.06,2.95876,2.95876,0,0.585715,4.47552,4.30939e+06,2.70226e+06,1.27505e+07,0,0,0,0,98.0986,98.274,6.01926,0,1,1.71459,1.71459,0,1.43843,2.1168,8.95579e+06,3.61194e+06,1.53555e+07,0,0,0,0
61.4075,85.139,2.71675,0.31,0.06,2.95934,2.95934,0,0.554472,4.47552,4.30939e+06,2.70226e+06,1.2753e+07,0,0,0,0,98.3845,98.274,2.90089,0,1,1.71492,1.71492,0,1.32469,2.1168,8.95579e+06,3.61194e+06,1.53585e+07,0,0,0,0
60.8287,85.139,2.5221,0.33,0.06,2.95992,2.95992,0,0.554581,4.47552,4.30939e+06,2.70226e+06,1.27555e+07,0,0,0,0,99.0168,98.274,3.77385,0,1,1.71526,1.71526,0,1.32495,2.1168,8.95579e+06,3.61194e+06,1.53615e+07,0,0,0,0
59.6552,85.139,1.86881,0.34,0.06,2.9605,2.9605,0,0.554689,4.47552,4.30939e+06,2.70226e+06,1.27579e+07,0,0,0,0,98.9329,98.274,2.29913,0,1,1.71559,1.71559,0,1.32521,2.1168,8.95579e+06,3.61194e+06,1.53645e+07,0,0,0,0
59.0236,85.139,2.42368,0.34,0.06,2.96108,2.96108,0,0.554798,4.47552,4.30939e+06,2.70226e+06,1.27604e+07,0,0,0,0,98.8396,98.274,2.30311,0,1,1.71593,1.71593,0,1.32547,2.1168,8.95579e+06,3.61194e+06,1.53675e+07,0,0,0,0
60.0831,85.139,4.19922,0.38,0.06,3.05442,3.05442,0,0.554906,4.47552,4.30939e+06,2.70226e+06,1.31627e+07,0,0,0,0,99.3022,98.274,3.76256,0,1,1.77175,1.77175,0,1.32573,2.1168,8.95579e+06,3.61194e+06,1.58674e+07,0,0,0,0
60.4911,85.139,3.57091,0.39,0.06,2.98468,3.05499,0,0.572399,4.47552,4.30939e+06,2.94905e+06,1.28621e+07,0,0,0,0,99.3022,98.274,3.34078,0,1,1.73129,1.77208,0,1.36885,2.1168,8.95579e+06,3.94181e+06,1.55051e+07,0,0,0,0
61.5541,85.139,4.09688,0.43,0.06,2.70391,3.05556,0,0.559328,4.47552,4.30939e+06,3.53887e+06,1.16522e+07,0,0,0,0,99.3022,98.274,3.19671,0,1,1.56843,1.77241,0,1.3376,2.1168,8.95579e+06,4.73018e+06,1.40465e+07,0,0,0,0
61.9461,85.139,3.37184,0.44,0.06,2.70442,3.05613,0,0.506713,4.47552,4.30939e+06,3.53887e+06,1.16544e+07,0,0,0,0,98.8186,98.274,2.85779,0,1,1.56872,1.77274,0,1.21177,2.1168,8.95579e+06,4.73018e+06,1.40492e+07,0,0,0,0
61.3555,85.139,2.52838,0.46,0.06,2.96875,3.35484,0,0.506808,4.47552,4.30939e+06,2.94905e+06,1.27935e+07,0,0,0,0,98.251,98.274,1.98322,1,1,1.7535,1.98154,0,1.212,2.1168,8.95579e+06,3.94181e+06,1.5704e+07,0,0,0,0
59.7655,85.139,1.46509,0.47,0.06,2.96931,3.35547,0,0.556344,4.47552,4.30939e+06,2.94905e+06,1.27959e+07,0,0,0,0,98.3178,98.274,1.62554,1,1,1.75383,1.98191,0,1.35475,2.1168,8.95579e+06,3.94181e+06,1.57069e+07,0,0,0,0
59.9523,85.139,3.28652,0.5,0.06,2.96986,3.35609,0,0.556448,4.47552,4.30939e+06,2.94905e+06,1.27983e+07,0,0,0,0,98.7934,98.274,3.46664,1,1,1.75415,1.98228,0,1.35501,2.1168,8.95579e+06,3.94181e+06,1.57098e+07,0,0,0,0
59.8183,85.139,2.96285,0.5,0.06,2.97041,3.35672,0,0.556551,4.47552,4.30939e+06,2.94905e+06,1.28007e+07,0,0,0,0,98.6142,98.274,2.65452,1,1,1.75448,1.98265,0,1.35526,2.1168,8.95579e+06,3.94181e+06,1.57127e+07,0,0,0,0
60.0023,85.139,3.0051,0.53,0.06,2.59438,2.93178,0,0.556655,4.47552,4.30939e+06,3.53887e+06,1.11802e+07,0,0,0,0,99.0694,98.274,2.49552,0,1,1.50704,1.70304,0,1.35551,2.1168,8.95579e+06,4.73018e+06,1.34968e+07,0,0,0,0
62.0591,85.139,5.00041,0.56,0.06,2.58361,2.93232,0,0.486186,4.47552,4.30939e+06,3.53887e+06,1.11338e+07,0,0,0,0,99.3022,98.274,3.76306,0,1,1.51857,1.70335,0,1.16434,2.1168,8.95579e+06,4.73018e+06,1.36e+07,0,0,0,0
63.6269,85.139,4.47482,0.59,0.06,2.58441,2.93287,0,0.484169,4.47552,4.30939e+06,3.53887e+06,1.11372e+07,0,0,0,0,99.3022,98.274,3.23459,0,1,1.51853,1.70367,0,1.17325,2.1168,8.95579e+06,4.73018e+06,1.35996e+07,0,0,0,0
64.4772,85.139,3.79268,0.57,0.06,2.58522,2.93341,0,0.484319,4.47552,4.30939e+06,3.53887e+06,1.11407e+07,0,0,0,0,99.3022,98.274,3.56044,0,1,1.51849,1.70399,0,1.17322,2.1168,8.95579e+06,4.73018e+06,1.35993e+07,0,0,0,0
65.4391,85.139,3.90105,0.64,0.06,2.58602,2.93396,0,0.484469,4.47552,4.30939e+06,3.53887e+06,1.11441e+07,0,0,0,0,99.3022,98.274,4.13397,0,1,1.51846,1.7043,0,1.17319,2.1168,8.95579e+06,4.73018e+06,1.3599e+07,0,0,0,0
66.9239,85.139,4.62784,0.66,0.06,2.6817,3.04173,0,0.484619,4.47552,4.30939e+06,3.53887e+06,1.15565e+07,0,0,0,0,99.3022,98.274,3.64885,0,1,1.57909,1.77318,0,1.17316,2.1168,8.95579e+06,4.73018e+06,1.4142e+07,0,0,0,0
67.6552,85.139,3.81387,0.68,0.06,2.69217,3.04229,0,0.50255,4.47552,4.30939e+06,3.53887e+06,1.16016e+07,0,0,0,0,99.3022,98.274,5.92121,0,1,1.56941,1.77351,0,1.22001,2.1168,8.95579e+06,4.73018e+06,1.40553e+07,0,0,0,0
68.4651,85.139,4.01422,0.69,0.06,2.69267,3.04286,0,0.504513,4.47552,4.30939e+06,3.53887e+06,1.16038e+07,0,0,0,0,99.3022,98.274,5.60537,0,1,1.5697,1.77384,0,1.21252,2.1168,8.95579e+06,4.73018e+06,1.40579e+07,0,0,0,0
68.3742,85.139,2.87902,0.65,0.06,2.69318,3.04343,0,0.504607,4.47552,4.30939e+06,3.53887e+06,1.16059e+07,0,0,0,0,99.3022,98.274,3.61014,0,1,1.56999,1.77417,0,1.21275,2.1168,8.95579e+06,4.73018e+06,1.40605e+07,0,0,0,0
68.3161,85.139,2.88851,0.62,0.06,2.65655,3.00204,0,0.504701,4.47552,4.30939e+06,3.53887e+06,1.14481e+07,0,0,0,0,99.3022,98.274,3.43589,0,1,1.5467,1.74785,0,1.21298,2.1168,8.95579e+06,4.73018e+06,1.38519e+07,0,0,0,0
67.8914,85.139,2.53438,0.6,0.06,2.65705,3.0026,0,0.497838,4.47552,4.30939e+06,3.53887e+06,1.14502e+07,0,0,0,0,99.3022,98.274,3.22316,0,1,1.54699,1.74818,0,1.19498,2.1168,8.95579e+06,4.73018e+06,1.38545e+07,0,0,0,0
67.333,85.139,2.3078,0.72,0.06,2.65754,3.00316,0,0.49793,4.47552,4.30939e+06,3.53887e+06,1.14524e+07,0,0,0,0,99.3022,98.274,2.88637,0,1,1.54728,1.7485,0,1.19521,2.1168,8.95579e+06,4.73018e+06,1.38571e+07,0,0,0,0
66.7377,85.139,2.24886,0.75,0.06,2.65803,3.00372,0,0.498023,4.47552,4.30939e+06,3.53887e+06,1.14545e+07,0,0,0,0,99.3022,98.274,3.15862,0,1,1.54757,1.74883,0,1.19543,2.1168,8.95579e+06,4.73018e+06,1.38597e+07,0,0,0,0
65.9505,85.139,2.1267,0.72,0.06,2.78464,3.14679,0,0.498116,4.47552,4.30939e+06,3.53887e+06,1.20001e+07,0,0,0,0,99.3022,98.274,2.88882,0,1,1.63154,1.84372,0,1.19565,2.1168,8.95579e+06,4.73018e+06,1.46117e+07,0,0,0,0
65.253,85.139,2.16795,0.69,0.06,2.78516,3.14737,0,0.521842,4.47552,4.30939e+06,3.53887e+06,1.20023e+07,0,0,0,0,99.3022,98.274,2.94494,0,1,1.63184,1.84407,0,1.26053,2.1168,8.95579e+06,4.73018e+06,1.46144e+07,0,0,0,0
64.2836,85.139,1.87754,0.66,0.06,2.78568,3.14796,0,0.521939,4.47552,4.30939e+06,3.53887e+06,1.20046e+07,0,0,0,0,99.3022,98.274,2.65158,0,1,1.63215,1.84441,0,1.26076,2.1168,8.95579e+06,4.73018e+06,1.46172e+07,0,0,0,0
63.1251,85.139,1.67328,0.63,0.06,2.7862,3.14854,0,0.522036,4.47552,4.30939e+06,3.53887e+06,1.20068e+07,0,0,0,0,99.3022,98.274,2.4323,0,1,1.63245,1.84475,0,1.261,2.1168,8.95579e+06,4.73018e+06,1.46199e+07,0,0,0,0
61.8589,85.139,1.53747,0.55,0.06,2.78672,3.14913,0,0.522133,4.47552,4.30939e+06,3.53887e+06,1.2009e+07,0,0,0,0,99.1195,98.274,2.39605,0,1,1.63275,1.8451,0,1.26123,2.1168,8.95579e+06,4.73018e+06,1.46226e+07,0,0,0,0
60.7282,85.139,1.62627,0.67,0.06,2.76227,3.12151,0,0.52223,4.47552,4.30939e+06,3.53887e+06,1.19037e+07,0,0,0,0,98.7967,98.274,1.80929,0,1,1.6791,1.89746,0,1.26147,2.1168,8.95579e+06,4.73018e+06,1.50376e+07,0,0,0,0
59.4692,85.139,1.48325,0.6,0.06,2.76278,3.12209,0,0.517649,4.47552,4.30939e+06,3.53887e+06,1.19059e+07,0,0,0,0,98.4329,98.274,1.65861,0,1,1.67941,1.89782,0,1.29727,2.1168,8.95579e+06,4.73018e+06,1.50404e+07,0,0,0,0
58.1148,85.139,1.35452,0.55,0.06,2.7633,3.12267,0,0.517746,4.47552,4.30939e+06,3.53887e+06,1.19081e+07,0,0,0,0,98.0252,98.274,1.58906,0,1,1.67972,1.89817,0,1.29751,2.1168,8.95579e+06,4.73018e+06,1.50432e+07,0,0,0,0
56.7233,85.139,1.27363,0.46,0.06,2.76381,3.12325,0,0.517842,4.47552,4.30939e+06,3.53887e+06,1.19103e+07,0,0,0,0,97.6094,98.274,1.53562,0,1,1.68003,1.89852,0,1.29775,2.1168,8.95579e+06,4.73018e+06,1.5046e+07,0,0,0,0
55.3242,85.139,1.30745,0.58,0.06,2.82884,3.19673,0,0.517938,4.47552,4.30939e+06,2.94905e+06,1.21906e+07,0,0,0,0,97.2279,98.274,1.62184,1,1,1.72141,1.94528,0,1.29799,2.1168,8.95579e+06,3.94181e+06,1.54165e+07,0,0,0,0
54.0106,85.139,1.37633,0.5,0.06,2.82937,3.19733,0,0.530125,4.47552,4.30939e+06,2.94905e+06,1.21928e+07,0,0,0,0,96.8291,98.274,1.71748,1,1,1.72173,1.94564,0,1.32996,2.1168,8.95579e+06,3.94181e+06,1.54194e+07,0,0,0,0
52.5838,85.139,1.2416,0.46,0.06,2.82989,3.19792,0,0.530223,4.47552,4.30939e+06,2.94905e+06,1.21951e+07,0,0,0,0,96.3024,98.274,1.65693,1,1,1.72205,1.946,0,1.33021,2.1168,8.95579e+06,3.94181e+06,1.54223e+07,0,0,0,0
51.0715,85.139,1.13223,0.41,0.06,2.83042,3.19852,0,0.530322,4.47552,4.30939e+06,2.94905e+06,1.21974e+07,0,0,0,0,95.7487,98.274,1.52625,1,1,1.72237,1.94636,0,1.33045,2.1168,8.95579e+06,3.94181e+06,1.54251e+07,0,0,0,0
49.3569,85.139,1.0376,0.49,0.06,3.02001,3.41277,0,0.53042,4.47552,4.30939e+06,2.94905e+06,1.30144e+07,0,0,0,0,94.9702,98.274,1.46048,1,1,1.871,2.11433,0,1.3307,2.1168,8.95579e+06,3.94181e+06,1.67563e+07,0,0,0,0
47.8169,85.139,1.21213,0.45,0.06,3.02057,3.4134,0,0.56595,4.47552,4.30939e+06,2.94905e+06,1.30168e+07,0,0,0,0,93.9671,98.274,1.34408,1,1,1.87135,2.11472,0,1.44554,2.1168,8.95579e+06,3.94181e+06,1.67594e+07,0,0,0,0
46.1042,85.139,1.00571,0.42,0.06,3.02113,3.41404,0,0.566055,4.47552,4.30939e+06,2.94905e+06,1.30192e+07,0,0,0,0,93.4099,98.274,0.95215,1,1,1.8717,2.11511,0,1.44581,2.1168,8.95579e+06,3.94181e+06,1.67625e+07,0,0,0,0
44.6497,85.139,1.2307,0.4,0.06,3.0217,3.41467,0,0.566161,4.47552,4.30939e+06,2.94905e+06,1.30217e+07,0,0,0,0,92.6876,98.274,1.7713,1,1,1.87205,2.11551,0,1.44607,2.1168,8.95579e+06,3.94181e+06,1.67656e+07,0,0,0,0
43.0122,85.139,1.02371,0.42,0.06,3.02226,3.41531,0,0.566266,4.47552,4.30939e+06,2.94905e+06,1.30241e+07,0,0,0,0,92.3646,98.274,1.29478,1,1,1.87239,2.1159,0,1.44634,2.1168,8.95579e+06,3.94181e+06,1.67688e+07,0,0,0,0
41.5891,85.139,1.19987,0.42,0.06,2.93059,3.31172,0,0.566371,4.47552,4.30939e+06,2.94905e+06,1.26291e+07,0,0,0,0,91.9632,98.274,1.91213,1,1,1.78264,2.01447,0,1.44661,2.1168,8.95579e+06,3.94181e+06,1.59649e+07,0,0,0,0
39.9337,85.139,0.947771,0.42,0.06,2.93114,3.31233,0,0.549193,4.47552,4.30939e+06,2.94905e+06,1.26314e+07,0,0,0,0,91.4156,98.274,1.57247,1,1,1.78297,2.01484,0,1.37726,2.1168,8.95579e+06,3.94181e+06,1.59679e+07,0,0,0,0
38.3765,85.139,1.05241,0.41,0.06,2.93168,3.31295,0,0.549295,4.47552,4.30939e+06,2.94905e+06,1.26337e+07,0,0,0,0,91.1037,98.274,1.53779,1,1,1.7833,2.01522,0,1.37752,2.1168,8.95579e+06,3.94181e+06,1.59709e+07,0,0,0,0
39.4683,85.139,3.73696,0.45,0.06,2.93223,3.31356,0,0.549397,4.47552,4.30939e+06,2.94905e+06,1.26361e+07,0,0,0,0,91.0876,98.274,3.13958,1,1,1.78363,2.01559,0,1.37778,2.1168,8.95579e+06,3.94181e+06,1.59738e+07,0,0,0,0
40.7793,85.139,4.17127,0.45,0.06,2.85701,3.22857,0,0.549499,4.47552,4.30939e+06,2.94905e+06,1.2312e+07,0,0,0,0,91.4119,98.274,3.61172,1,1,1.70188,1.92321,0,1.37803,2.1168,8.95579e+06,3.94181e+06,1.52417e+07,0,0,0,0
41.1872,85.139,3.14722,0.42,0.06,2.85754,3.22917,0,0.535404,4.47552,4.30939e+06,2.94905e+06,1.23143e+07,0,0,0,0,91.4915,98.274,2.71648,1,1,1.7022,1.92357,0,1.31487,2.1168,8.95579e+06,3.94181e+06,1.52445e+07,0,0,0,0
42.325,85.139,3.82983,0.42,0.06,2.85807,3.22977,0,0.535503,4.47552,4.30939e+06,2.94905e+06,1.23165e+07,0,0,0,0,91.6982,98.274,3.64436,1,1,1.70252,1.92393,0,1.31512,2.1168,8.95579e+06,3.94181e+06,1.52474e+07,0,0,0,0
43.0996,85.139,3.505,0.42,0.06,2.8586,3.23037,0,0.535603,4.47552,4.30939e+06,2.94905e+06,1.23188e+07,0,0,0,0,91.9111,98.274,3.34087,1,1,1.70283,1.92429,0,1.31536,2.1168,8.95579e+06,3.94181e+06,1.52502e+07,0,0,0,0
44.64,85.139,4.12411,0.43,0.06,2.64381,2.98764,0,0.535702,4.47552,4.30939e+06,3.53887e+06,1.13932e+07,0,0,0,0,92.1237,98.274,2.75108,0,1,1.53207,1.73132,0,1.31561,2.1168,8.95579e+06,4.73018e+06,1.37209e+07,0,0,0,0
47.1952,85.139,5.18572,0.47,0.06,2.6443,2.98819,0,0.49545,4.47552,4.30939e+06,3.53887e+06,1.13953e+07,0,0,0,0,92.2639,98.274,2.73975,0,1,1.53236,1.73164,0,1.18368,2.1168,8.95579e+06,4.73018e+06,1.37235e+07,0,0,0,0
50.0389,85.139,5.62276,0.4,0.06,2.64479,2.98875,0,0.495542,4.47552,4.30939e+06,3.53887e+06,1.13974e+07,0,0,0,0,92.492,98.274,2.82926,0,1,1.53264,1.73196,0,1.1839,2.1168,8.95579e+06,4.73018e+06,1.3726e+07,0,0,0,0
55.2357,85.139,8.09956,0.43,0.06,2.64528,2.9893,0,0.495634,4.47552,4.30939e+06,3.53887e+06,1.13996e+07,0,0,0,0,93.9923,98.274,6.62794,0,1,1.53293,1.73229,0,1.18412,2.1168,8.95579e+06,4.73018e+06,1.37286e+07,0,0,0,0
61.0367,85.139,8.87266,0.41,0.06,2.64577,2.98986,0,0.495726,4.47552,4.30939e+06,3.53887e+06,1.14017e+07,0,0,0,0,94.6903,98.274,4.81635,0,1,1.53321,1.73261,0,1.18434,2.1168,8.95579e+06,4.73018e+06,1.37311e+07,0,0,0,0
62.8724,85.139,5.2009,0.38,0.08,3.08408,3.08408,0,0.495818,4.47552,4.30939e+06,2.70226e+06,1.32905e+07,0,0,0,0,95.0004,98.274,3.95514,0,1,1.78895,1.78895,0,1.18456,2.1168,8.95579e+06,3.61194e+06,1.60215e+07,0,0,0,0
65.5602,85.139,6.28421,0.33,0.08,3.08463,3.08463,0,0.577957,4.47552,4.30939e+06,2.70226e+06,1.32929e+07,0,0,0,0,95.6165,98.274,5.26214,0,1,1.78927,1.78927,0,1.38214,2.1168,8.95579e+06,3.61194e+06,1.60243e+07,0,0,0,0
68.0633,85.139,5.9512,0.35,0.08,3.08517,3.08517,0,0.578059,4.47552,4.30939e+06,2.70226e+06,1.32952e+07,0,0,0,0,96.2229,98.274,5.12509,0,1,1.78958,1.78958,0,1.38239,2.1168,8.95579e+06,3.61194e+06,1.60271e+07,0,0,0,0
70.9761,85.139,6.40987,0.37,0.08,3.08571,3.08571,0,0.578161,4.47552,4.30939e+06,2.70226e+06,1.32975e+07,0,0,0,0,97.5033,98.274,7.32878,0,1,1.7899,1.7899,0,1.38263,2.1168,8.95579e+06,3.61194e+06,1.603e+07,0,0,0,0
74.5925,85.139,7.42611,0.32,0.08,3.30932,3.38729,0,0.578263,4.47552,4.30939e+06,2.94905e+06,1.42612e+07,0,0,0,0,98.1951,98.274,5.43936,1,1,1.95466,2.00071,0,1.38288,2.1168,8.95579e+06,3.94181e+06,1.75055e+07,0,0,0,0
79.1532,85.139,8.66616,0.25,0.08,3.3099,3.38788,0,0.620167,4.47552,4.30939e+06,2.94905e+06,1.42637e+07,0,0,0,0,99.3022,98.274,8.37835,1,1,1.955,2.00106,0,1.51017,2.1168,8.95579e+06,3.94181e+06,1.75086e+07,0,0,0,0
82.8256,85.139,7.70473,0.28,0.08,3.31049,3.38848,0,0.620276,4.47552,4.30939e+06,2.94905e+06,1.42662e+07,0,0,0,0,99.3022,98.274,7.06405,1,1,1.95535,2.00141,0,1.51043,2.1168,8.95579e+06,3.94181e+06,1.75117e+07,0,0,0,0
85.139,85.139,11.42,0.17,0.08,3.31107,3.38908,0,0.620386,4.47552,4.30939e+06,2.94905e+06,1.42687e+07,0,0,0,0,99.3022,98.274,10.8407,1,1,1.95569,2.00177,0,1.5107,2.1168,8.95579e+06,3.94181e+06,1.75148e+07,0,0,0,0
85.139,85.139,11.2334,0.13,0.08,2.96001,2.96001,0,0.620495,4.47552,4.30939e+06,2.70226e+06,1.27558e+07,0,0,0,0,99.3022,98.274,14.2798,0,1,1.71944,1.71944,0,1.51097,2.1168,8.95579e+06,3.61194e+06,1.53989e+07,0,0,0,0
85.139,85.139,6.89848,0.13,0.08,2.96054,2.96054,0,0.554707,4.47552,4.30939e+06,2.70226e+06,1.27581e+07,0,0,0,0,99.3022,98.274,9.70442,0,1,1.71974,1.71974,0,1.32844,2.1168,8.95579e+06,3.61194e+06,1.54016e+07,0,0,0,0
85.139,85.139,4.91236,0.17,0.08,2.96106,2.96106,0,0.554804,4.47552,4.30939e+06,2.70226e+06,1.27604e+07,0,0,0,0,99.3022,98.274,8.06079,0,1,1.72004,1.72004,0,1.32867,2.1168,8.95579e+06,3.61194e+06,1.54044e+07,0,0,0,0
85.139,85.139,5.36757,0.18,0.08,2.96158,2.96158,0,0.554902,4.47552,4.30939e+06,2.70226e+06,1.27626e+07,0,0,0,0,99.3022,98.274,7.28854,0,1,1.72035,1.72035,0,1.32891,2.1168,8.95579e+06,3.61194e+06,1.54071e+07,0,0,0,0
85.139,85.139,6.00566,0.21,0.08,2.9621,2.9621,0,0.555,4.47552,4.30939e+06,2.70226e+06,1.27649e+07,0,0,0,0,99.3022,98.274,9.18457,0,1,1.72065,1.72065,0,1.32914,2.1168,8.95579e+06,3.61194e+06,1.54098e+07,0,0,0,0
85.139,85.139,8.57736,0.23,0.08,3.07087,3.07087,0,0.555098,4.47552,4.30939e+06,2.70226e+06,1.32336e+07,0,0,0,0,99.3022,98.274,16.2755,0,1,1.79017,1.79017,0,1.32938,2.1168,8.95579e+06,3.61194e+06,1.60324e+07,0,0,0,0
85.139,85.139,6.84472,0.23,0.08,3.07141,3.07141,0,0.575482,4.47552,4.30939e+06,2.70226e+06,1.32359e+07,0,0,0,0,99.3022,98.274,13.2781,0,1,1.79049,1.79049,0,1.38309,2.1168,8.95579e+06,3.61194e+06,1.60352e+07,0,0,0,0
85.139,85.139,6.04004,0.25,0.08,3.07196,3.07196,0,0.575583,4.47552,4.30939e+06,2.70226e+06,1.32383e+07,0,0,0,0,99.3022,98.274,13.0641,0,1,1.7908,1.7908,0,1.38333,2.1168,8.95579e+06,3.61194e+06,1.6038e+07,0,0,0,0
85.139,85.139,5.51442,0.25,0.08,3.0725,3.0725,0,0.575685,4.47552,4.30939e+06,2.70226e+06,1.32406e+07,0,0,0,0,99.3022,98.274,13.143,0,1,1.79112,1.79112,0,1.38357,2.1168,8.95579e+06,3.61194e+06,1.60409e+07,0,0,0,0
85.139,85.139,5.28505,0.24,0.08,3.03069,3.03069,0,0.575786,4.47552,4.30939e+06,2.70226e+06,1.30604e+07,0,0,0,0,99.3022,98.274,10.5383,0,1,1.76453,1.76453,0,1.38382,2.1168,8.95579e+06,3.61194e+06,1.58028e+07,0,0,0,0
85.139,85.139,4.4412,0.22,0.08,3.03122,3.03122,0,0.567951,4.47552,4.30939e+06,2.70226e+06,1.30627e+07,0,0,0,0,99.3022,98.274,8.50663,0,1,1.76484,1.76484,0,1.36328,2.1168,8.95579e+06,3.61194e+06,1.58056e+07,0,0,0,0
85.139,85.139,4.03377,0.18,0.08,3.03175,3.03175,0,0.568051,4.47552,4.30939e+06,2.70226e+06,1.3065e+07,0,0,0,0,99.3022,98.274,7.37256,0,1,1.76515,1.76515,0,1.36352,2.1168,8.95579e+06,3.61194e+06,1.58084e+07,0,0,0,0
85.139,85.139,3.88872,0.17,0.08,3.03229,3.03229,0,0.568151,4.47552,4.30939e+06,2.70226e+06,1.30673e+07,0,0,0,0,99.3022,98.274,6.88406,0,1,1.76547,1.76547,0,1.36376,2.1168,8.95579e+06,3.61194e+06,1.58111e+07,0,0,0,0
85.139,85.139,3.71564,0.15,0.08,3.17669,3.17669,0,0.568251,4.47552,4.30939e+06,2.70226e+06,1.36896e+07,0,0,0,0,99.3022,98.274,6.69567,0,1,1.86124,1.86124,0,1.364,2.1168,8.95579e+06,3.61194e+06,1.66689e+07,0,0,0,0
84.7734,85.139,3.17187,0.13,0.08,3.17725,3.17725,0,0.595312,4.47552,4.30939e+06,2.70226e+06,1.3692e+07,0,0,0,0,99.3022,98.274,5.26485,0,1,1.86157,1.86157,0,1.438,2.1168,8.95579e+06,3.61194e+06,1.66719e+07,0,0,0,0
84.4241,85.139,3.15827,0.23,0.08,3.17781,3.17781,0,0.595417,4.47552,4.30939e+06,2.70226e+06,1.36944e+07,0,0,0,0,99.3022,98.274,6.27128,0,1,1.8619,1.8619,0,1.43825,2.1168,8.95579e+06,3.61194e+06,1.66748e+07,0,0,0,0
83.9256,85.139,2.98693,0.21,0.08,3.17837,3.17837,0,0.595522,4.47552,4.30939e+06,2.70226e+06,1.36968e+07,0,0,0,0,99.3022,98.274,5.3513,0,1,1.86223,1.86223,0,1.4385,2.1168,8.95579e+06,3.61194e+06,1.66777e+07,0,0,0,0
83.2455,85.139,2.77979,0.18,0.08,3.17893,3.17893,0,0.595627,4.47552,4.30939e+06,2.70226e+06,1.36993e+07,0,0,0,0,99.3022,98.274,4.74507,0,1,1.86256,1.86256,0,1.43876,2.1168,8.95579e+06,3.61194e+06,1.66807e+07,0,0,0,0
83.538,85.139,3.60919,0.18,0.08,3.07849,3.15102,0,0.595732,4.47552,4.30939e+06,2.94905e+06,1.32664e+07,0,0,0,0,99.3022,98.274,4.49531,1,1,1.87132,1.9154,0,1.43901,2.1168,8.95579e+06,3.94181e+06,1.67591e+07,0,0,0,0
83.8305,85.139,3.59857,0.18,0.08,3.07903,3.15157,0,0.576909,4.47552,4.30939e+06,2.94905e+06,1.32687e+07,0,0,0,0,99.3022,98.274,4.54233,1,1,1.87165,1.91574,0,1.44578,2.1168,8.95579e+06,3.94181e+06,1.67621e+07,0,0,0,0
83.7405,85.139,3.17925,0.18,0.08,3.07958,3.15213,0,0.577011,4.47552,4.30939e+06,2.94905e+06,1.32711e+07,0,0,0,0,99.3022,98.274,4.09942,1,1,1.87198,1.91608,0,1.44603,2.1168,8.95579e+06,3.94181e+06,1.6765e+07,0,0,0,0
83.5237,85.139,3.03672,0.17,0.08,3.08012,3.15268,0,0.577112,4.47552,4.30939e+06,2.94905e+06,1.32734e+07,0,0,0,0,99.3022,98.274,4.25467,1,1,1.87231,1.91642,0,1.44629,2.1168,8.95579e+06,3.94181e+06,1.6768e+07,0,0,0,0
83.2142,85.139,2.99631,0.18,0.08,3.15256,3.22683,0,0.577214,4.47552,4.30939e+06,2.94905e+06,1.35856e+07,0,0,0,0,99.3022,98.274,3.98458,1,1,1.91839,1.96359,0,1.44654,2.1168,8.95579e+06,3.94181e+06,1.71807e+07,0,0,0,0
82.9986,85.139,3.08112,0.17,0.08,3.15311,3.2274,0,0.590789,4.47552,4.30939e+06,2.94905e+06,1.3588e+07,0,0,0,0,99.3022,98.274,3.6967,1,1,1.91873,1.96394,0,1.48215,2.1168,8.95579e+06,3.94181e+06,1.71838e+07,0,0,0,0
82.45,85.139,2.7378,0.17,0.08,3.15367,3.22797,0,0.590893,4.47552,4.30939e+06,2.94905e+06,1.35904e+07,0,0,0,0,99.2985,98.274,3.46681,1,1,1.91907,1.96428,0,1.48241,2.1168,8.95579e+06,3.94181e+06,1.71868e+07,0,0,0,0
81.668,85.139,2.49206,0.17,0.08,3.15422,3.22854,0,0.590997,4.47552,4.30939e+06,2.94905e+06,1.35928e+07,0,0,0,0,99.2706,98.274,3.2848,1,1,1.91941,1.96463,0,1.48267,2.1168,8.95579e+06,3.94181e+06,1.71898e+07,0,0,0,0
80.371,85.139,2.12612,0.17,0.08,3.36547,3.44476,0,0.591102,4.47552,4.30939e+06,2.94905e+06,1.45031e+07,0,0,0,0,99.1292,98.274,3.25644,1,1,2.08503,2.13415,0,1.48294,2.1168,8.95579e+06,3.94181e+06,1.86731e+07,0,0,0,0
79.5056,85.139,2.5514,0.17,0.08,3.36607,3.44537,0,0.63069,4.47552,4.30939e+06,2.94905e+06,1.45057e+07,0,0,0,0,98.8301,98.274,2.97528,1,1,2.0854,2.13453,0,1.61089,2.1168,8.95579e+06,3.94181e+06,1.86764e+07,0,0,0,0
78.8831,85.139,2.82298,0.18,0.08,3.36666,3.44598,0,0.630801,4.47552,4.30939e+06,2.94905e+06,1.45083e+07,0,0,0,0,98.7001,98.274,3.65144,1,1,2.08576,2.1349,0,1.61118,2.1168,8.95579e+06,3.94181e+06,1.86797e+07,0,0,0,0
77.7406,85.139,2.29504,0.21,0.08,3.36725,3.44658,0,0.630912,4.47552,4.30939e+06,2.94905e+06,1.45108e+07,0,0,0,0,98.327,98.274,2.59158,1,1,2.08613,2.13528,0,1.61146,2.1168,8.95579e+06,3.94181e+06,1.86829e+07,0,0,0,0
77.1322,85.139,2.80745,0.2,0.08,3.36785,3.44719,0,0.631023,4.47552,4.30939e+06,2.94905e+06,1.45134e+07,0,0,0,0,98.4079,98.274,4.70689,1,1,2.0865,2.13565,0,1.61175,2.1168,8.95579e+06,3.94181e+06,1.86862e+07,0,0,0,0
76.0145,85.139,2.17657,0.2,0.08,3.26567,3.3426,0,0.631135,4.47552,4.30939e+06,2.94905e+06,1.4073e+07,0,0,0,0,97.9415,98.274,2.75948,1,1,1.98646,2.03326,0,1.61203,2.1168,8.95579e+06,3.94181e+06,1.77903e+07,0,0,0,0
74.8346,85.139,2.19129,0.2,0.08,3.26624,3.34319,0,0.611986,4.47552,4.30939e+06,2.94905e+06,1.40755e+07,0,0,0,0,97.5025,98.274,2.95093,1,1,1.98681,2.03362,0,1.53474,2.1168,8.95579e+06,3.94181e+06,1.77934e+07,0,0,0,0
73.8263,85.139,2.37515,0.2,0.08,3.26682,3.34378,0,0.612094,4.47552,4.30939e+06,2.94905e+06,1.4078e+07,0,0,0,0,97.1622,98.274,3.17518,1,1,1.98716,2.03397,0,1.53501,2.1168,8.95579e+06,3.94181e+06,1.77966e+07,0,0,0,0
72.8674,85.139,2.46746,0.19,0.08,3.26739,3.34437,0,0.612201,4.47552,4.30939e+06,2.94905e+06,1.40805e+07,0,0,0,0,96.8377,98.274,3.36516,1,1,1.98751,2.03433,0,1.53528,2.1168,8.95579e+06,3.94181e+06,1.77997e+07,0,0,0,0
72.4829,85.139,3.20465,0.23,0.08,3.18355,3.25855,0,0.612309,4.47552,4.30939e+06,2.94905e+06,1.37191e+07,0,0,0,0,96.9776,98.274,4.54774,1,1,1.8964,1.94107,0,1.53555,2.1168,8.95579e+06,3.94181e+06,1.69837e+07,0,0,0,0
74.4568,85.139,5.69496,0.22,0.08,3.18411,3.25912,0,0.596597,4.47552,4.30939e+06,2.94905e+06,1.37216e+07,0,0,0,0,98.1362,98.274,7.7488,1,1,1.89673,1.94142,0,1.46516,2.1168,8.95579e+06,3.94181e+06,1.69867e+07,0,0,0,0
74.1391,85.139,3.23066,0.18,0.08,3.18467,3.2597,0,0.596702,4.47552,4.30939e+06,2.94905e+06,1.3724e+07,0,0,0,0,98.4149,98.274,4.00216,1,1,1.89707,1.94176,0,1.46541,2.1168,8.95579e+06,3.94181e+06,1.69897e+07,0,0,0,0
73.86,85.139,3.21384,0.17,0.08,3.18523,3.26027,0,0.596807,4.47552,4.30939e+06,2.94905e+06,1.37264e+07,0,0,0,0,98.7158,98.274,4.35524,1,1,1.8974,1.9421,0,1.46567,2.1168,8.95579e+06,3.94181e+06,1.69927e+07,0,0,0,0
74.493,85.139,4.06617,0.18,0.08,3.01527,3.01527,0,0.596912,4.47552,4.30939e+06,2.70226e+06,1.2994e+07,0,0,0,0,99.3022,98.274,5.35589,0,1,1.74733,1.74733,0,1.46593,2.1168,8.95579e+06,3.61194e+06,1.56487e+07,0,0,0,0
74.9224,85.139,3.90069,0.18,0.08,3.0158,3.0158,0,0.565061,4.47552,4.30939e+06,2.70226e+06,1.29962e+07,0,0,0,0,99.3022,98.274,5.49569,0,1,1.74764,1.74764,0,1.34999,2.1168,8.95579e+06,3.61194e+06,1.56515e+07,0,0,0,0
78.2598,85.139,7.23312,0.2,0.08,3.01633,3.01633,0,0.56516,4.47552,4.30939e+06,2.70226e+06,1.29985e+07,0,0,0,0,99.3022,98.274,7.40003,0,1,1.74795,1.74795,0,1.35023,2.1168,8.95579e+06,3.61194e+06,1.56542e+07,0,0,0,0
80.721,85.139,6.40644,0.2,0.08,3.01686,3.01686,0,0.56526,4.47552,4.30939e+06,2.70226e+06,1.30008e+07,0,0,0,0,99.3022,98.274,9.39685,0,1,1.74825,1.74825,0,1.35046,2.1168,8.95579e+06,3.61194e+06,1.5657e+07,0,0,0,0
82.1225,85.139,5.08201,0.18,0.08,3.01739,3.01739,0,0.56536,4.47552,4.30939e+06,2.70226e+06,1.30031e+07,0,0,0,0,99.3022,98.274,5.69209,0,1,1.74856,1.74856,0,1.3507,2.1168,8.95579e+06,3.61194e+06,1.56597e+07,0,0,0,0
84.949,85.139,6.597,0.17,0.08,3.11245,3.11245,0,0.565459,4.47552,4.30939e+06,2.70226e+06,1.34128e+07,0,0,0,0,99.3022,98.274,6.85895,0,1,1.80541,1.80541,0,1.35094,2.1168,8.95579e+06,3.61194e+06,1.61689e+07,0,0,0,0
85.139,85.139,4.65939,0.17,0.08,3.11297,3.11297,0,0.583273,4.47552,4.30939e+06,2.70226e+06,1.3415e+07,0,0,0,0,99.3022,98.274,3.87859,0,1,1.80571,1.80571,0,1.39486,2.1168,8.95579e+06,3.61194e+06,1.61716e+07,0,0,0,0
85.139,85.139,4.66172,0.13,0.08,3.11349,3.11349,0,0.58337,4.47552,4.30939e+06,2.70226e+06,1.34172e+07,0,0,0,0,99.3022,98.274,3.89402,0,1,1.80601,1.80601,0,1.39509,2.1168,8.95579e+06,3.61194e+06,1.61742e+07,0,0,0,0
85.139,85.139,4.61788,0.13,0.08,3.11401,3.11401,0,0.583468,4.47552,4.30939e+06,2.70226e+06,1.34195e+07,0,0,0,0,99.3022,98.274,4.69443,0,1,1.80631,1.80631,0,1.39532,2.1168,8.95579e+06,3.61194e+06,1.61769e+07,0,0,0,0
85.139,85.139,4.92116,0.13,0.08,3.33963,3.41831,0,0.583565,4.47552,4.30939e+06,2.94905e+06,1.43918e+07,0,0,0,0,99.3022,98.274,5.7107,1,1,1.97256,2.01903,0,1.39556,2.1168,8.95579e+06,3.94181e+06,1.76658e+07,0,0,0,0
85.139,85.139,5.29831,0.11,0.08,3.34019,3.41888,0,0.625847,4.47552,4.30939e+06,2.94905e+06,1.43942e+07,0,0,0,0,99.3022,98.274,5.69617,1,1,1.97289,2.01937,0,1.524,2.1168,8.95579e+06,3.94181e+06,1.76688e+07,0,0,0,0
85.139,85.139,5.3515,0.12,0.08,3.34075,3.41945,0,0.625952,4.47552,4.30939e+06,2.94905e+06,1.43966e+07,0,0,0,0,99.3022,98.274,6.70318,1,1,1.97322,2.01971,0,1.52425,2.1168,8.95579e+06,3.94181e+06,1.76717e+07,0,0,0,0
85.139,85.139,4.75637,0.14,0.08,3.3413,3.42002,0,0.626056,4.47552,4.30939e+06,2.94905e+06,1.4399e+07,0,0,0,0,99.3022,98.274,4.41747,1,1,1.97355,2.02004,0,1.52451,2.1168,8.95579e+06,3.94181e+06,1.76747e+07,0,0,0,0
85.139,85.139,6.30498,0.13,0.08,2.98701,2.98701,0,0.62616,4.47552,4.30939e+06,2.70226e+06,1.28722e+07,0,0,0,0,99.3022,98.274,5.85931,0,1,1.73512,1.73512,0,1.52476,2.1168,8.95579e+06,3.61194e+06,1.55394e+07,0,0,0,0
85.139,85.139,6.34367,0.16,0.08,2.98751,2.98751,0,0.559766,4.47552,4.30939e+06,2.70226e+06,1.28743e+07,0,0,0,0,99.3022,98.274,8.14225,0,1,1.73541,1.73541,0,1.34055,2.1168,8.95579e+06,3.61194e+06,1.5542e+07,0,0,0,0
85.139,85.139,7.26608,0.19,0.08,2.98801,2.98801,0,0.559859,4.47552,4.30939e+06,2.70226e+06,1.28765e+07,0,0,0,0,99.3022,98.274,9.36564,0,1,1.7357,1.7357,0,1.34078,2.1168,8.95579e+06,3.61194e+06,1.55446e+07,0,0,0,0
85.139,85.139,10.5995,0.22,0.08,2.98851,2.98851,0,0.559953,4.47552,4.30939e+06,2.70226e+06,1.28786e+07,0,0,0,0,99.3022,98.274,16.9067,0,1,1.73599,1.73599,0,1.341,2.1168,8.95579e+06,3.61194e+06,1.55471e+07,0,0,0,0
85.139,85.139,8.36452,0.26,0.08,2.989,2.989,0,0.560046,4.47552,4.30939e+06,2.70226e+06,1.28808e+07,0,0,0,0,99.3022,98.274,12.7907,0,1,1.73628,1.73628,0,1.34122,2.1168,8.95579e+06,3.61194e+06,1.55497e+07,0,0,0,0
85.139,85.139,7.81183,0.26,0.08,3.09873,3.09873,0,0.560139,4.47552,4.30939e+06,2.70226e+06,1.33536e+07,0,0,0,0,99.3022,98.274,12.7434,0,1,1.80641,1.80641,0,1.34145,2.1168,8.95579e+06,3.61194e+06,1.61778e+07,0,0,0,0
85.139,85.139,5.69269,0.27,0.08,3.09925,3.09925,0,0.580702,4.47552,4.30939e+06,2.70226e+06,1.33559e+07,0,0,0,0,99.3022,98.274,12.0265,0,1,1.80671,1.80671,0,1.39563,2.1168,8.95579e+06,3.61194e+06,1.61805e+07,0,0,0,0
85.139,85.139,6.24546,0.28,0.08,3.09977,3.09977,0,0.580799,4.47552,4.30939e+06,2.70226e+06,1.33581e+07,0,0,0,0,99.3022,98.274,13.8296,0,1,1.80701,1.80701,0,1.39587,2.1168,8.95579e+06,3.61194e+06,1.61832e+07,0,0,0,0
85.139,85.139,5.61782,0.28,0.08,3.10028,3.10028,0,0.580896,4.47552,4.30939e+06,2.70226e+06,1.33603e+07,0,0,0,0,99.3022,98.274,12.9188,0,1,1.80731,1.80731,0,1.3961,2.1168,8.95579e+06,3.61194e+06,1.61859e+07,0,0,0,0
85.139,85.139,5.04377,0.26,0.08,3.05806,3.05806,0,0.580993,4.47552,4.30939e+06,2.70226e+06,1.31784e+07,0,0,0,0,99.3022,98.274,10.206,0,1,1.78047,1.78047,0,1.39633,2.1168,8.95579e+06,3.61194e+06,1.59455e+07,0,0,0,0
85.139,85.139,4.58469,0.24,0.08,3.05857,3.05857,0,0.573081,4.47552,4.30939e+06,2.70226e+06,1.31806e+07,0,0,0,0,99.3022,98.274,6.44177,0,1,1.78077,1.78077,0,1.37559,2.1168,8.95579e+06,3.61194e+06,1.59482e+07,0,0,0,0
85.139,85.139,4.28508,0.21,0.08,3.05908,3.05908,0,0.573176,4.47552,4.30939e+06,2.70226e+06,1.31828e+07,0,0,0,0,99.3022,98.274,5.69153,0,1,1.78107,1.78107,0,1.37582,2.1168,8.95579e+06,3.61194e+06,1.59508e+07,0,0,0,0
85.139,85.139,3.90144,0.2,0.08,3.05959,3.05959,0,0.573272,4.47552,4.30939e+06,2.70226e+06,1.3185e+07,0,0,0,0,99.3022,98.274,5.35489,0,1,1.78136,1.78136,0,1.37605,2.1168,8.95579e+06,3.61194e+06,1.59535e+07,0,0,0,0
85.139,85.139,3.6923,0.18,0.08,3.20526,3.20526,0,0.573368,4.47552,4.30939e+06,2.70226e+06,1.38127e+07,0,0,0,0,99.3022,98.274,5.50567,0,1,1.87799,1.87799,0,1.37628,2.1168,8.95579e+06,3.61194e+06,1.68188e+07,0,0,0,0
85.0001,85.139,3.33796,0.17,0.08,3.2058,3.2058,0,0.600667,4.47552,4.30939e+06,2.70226e+06,1.3815e+07,0,0,0,0,99.3022,98.274,4.41602,0,1,1.8783,1.8783,0,1.45093,2.1168,8.95579e+06,3.61194e+06,1.68216e+07,0,0,0,0
84.7023,85.139,3.15992,0.27,0.08,3.20633,3.20633,0,0.600767,4.47552,4.30939e+06,2.70226e+06,1.38173e+07,0,0,0,0,99.3022,98.274,3.97681,0,1,1.87861,1.87861,0,1.45117,2.1168,8.95579e+06,3.61194e+06,1.68244e+07,0,0,0,0
84.1636,85.139,2.8601,0.24,0.08,3.20687,3.20687,0,0.600867,4.47552,4.30939e+06,2.70226e+06,1.38196e+07,0,0,0,0,99.3022,98.274,3.83616,0,1,1.87892,1.87892,0,1.45142,2.1168,8.95579e+06,3.61194e+06,1.68272e+07,0,0,0,0
83.4937,85.139,2.70633,0.23,0.08,3.2074,3.2074,0,0.600967,4.47552,4.30939e+06,2.70226e+06,1.38219e+07,0,0,0,0,99.3022,98.274,3.61754,0,1,1.87924,1.87924,0,1.45166,2.1168,8.95579e+06,3.61194e+06,1.68301e+07,0,0,0,0
83.1715,85.139,2.96057,0.2,0.08,3.10603,3.1792,0,0.601067,4.47552,4.30939e+06,2.94905e+06,1.33851e+07,0,0,0,0,99.3022,98.274,3.85249,1,1,1.88806,1.93254,0,1.4519,2.1168,8.95579e+06,3.94181e+06,1.6909e+07,0,0,0,0
82.8853,85.139,2.96159,0.2,0.08,3.10655,3.17973,0,0.58207,4.47552,4.30939e+06,2.94905e+06,1.33873e+07,0,0,0,0,99.3022,98.274,3.8256,1,1,1.88837,1.93286,0,1.45871,2.1168,8.95579e+06,3.94181e+06,1.69118e+07,0,0,0,0
82.4656,85.139,2.81031,0.2,0.08,3.10706,3.18026,0,0.582167,4.47552,4.30939e+06,2.94905e+06,1.33896e+07,0,0,0,0,99.3022,98.274,3.70045,1,1,1.88869,1.93318,0,1.45896,2.1168,8.95579e+06,3.94181e+06,1.69147e+07,0,0,0,0
81.8644,85.139,2.61683,0.2,0.08,3.10758,3.18079,0,0.582264,4.47552,4.30939e+06,2.94905e+06,1.33918e+07,0,0,0,0,99.2588,98.274,3.46097,1,1,1.889,1.9335,0,1.4592,2.1168,8.95579e+06,3.94181e+06,1.69175e+07,0,0,0,0
80.9489,85.139,2.34102,0.2,0.08,3.18064,3.25557,0,0.582361,4.47552,4.30939e+06,2.94905e+06,1.37066e+07,0,0,0,0,99.0894,98.274,3.0486,1,1,1.93548,1.98108,0,1.45944,2.1168,8.95579e+06,3.94181e+06,1.73338e+07,0,0,0,0
80.0016,85.139,2.30144,0.19,0.08,3.18117,3.25611,0,0.596051,4.47552,4.30939e+06,2.94905e+06,1.37089e+07,0,0,0,0,99.0304,98.274,3.13613,1,1,1.9358,1.98141,0,1.49535,2.1168,8.95579e+06,3.94181e+06,1.73367e+07,0,0,0,0
78.8649,85.139,2.08195,0.19,0.08,3.1817,3.25666,0,0.596151,4.47552,4.30939e+06,2.94905e+06,1.37112e+07,0,0,0,0,98.8271,98.274,3.01826,1,1,1.93613,1.98174,0,1.4956,2.1168,8.95579e+06,3.94181e+06,1.73395e+07,0,0,0,0
77.5564,85.139,1.89579,0.22,0.08,3.18223,3.2572,0,0.59625,4.47552,4.30939e+06,2.94905e+06,1.37135e+07,0,0,0,0,98.5781,98.274,2.61815,1,1,1.93645,1.98207,0,1.49585,2.1168,8.95579e+06,3.94181e+06,1.73424e+07,0,0,0,0
76.2473,85.139,2.05672,0.22,0.08,3.39532,3.47531,0,0.596349,4.47552,4.30939e+06,2.94905e+06,1.46318e+07,0,0,0,0,98.3452,98.274,3.28122,1,1,2.10352,2.15308,0,1.4961,2.1168,8.95579e+06,3.94181e+06,1.88387e+07,0,0,0,0
74.7862,85.139,1.90178,0.22,0.08,3.39589,3.47589,0,0.636283,4.47552,4.30939e+06,2.94905e+06,1.46342e+07,0,0,0,0,98.1794,98.274,3.45281,1,1,2.10387,2.15344,0,1.62518,2.1168,8.95579e+06,3.94181e+06,1.88418e+07,0,0,0,0
73.087,85.139,1.64659,0.22,0.08,3.39645,3.47647,0,0.636389,4.47552,4.30939e+06,2.94905e+06,1.46366e+07,0,0,0,0,97.9386,98.274,3.26862,1,1,2.10422,2.15379,0,1.62545,2.1168,8.95579e+06,3.94181e+06,1.8845e+07,0,0,0,0
71.5027,85.139,1.7413,0.24,0.08,3.39702,3.47705,0,0.636495,4.47552,4.30939e+06,2.94905e+06,1.46391e+07,0,0,0,0,97.6923,98.274,3.24024,1,1,2.10457,2.15415,0,1.62572,2.1168,8.95579e+06,3.94181e+06,1.88481e+07,0,0,0,0
70.7529,85.139,2.61151,0.24,0.08,3.39758,3.47763,0,0.636601,4.47552,4.30939e+06,2.94905e+06,1.46415e+07,0,0,0,0,97.5862,98.274,3.84103,1,1,2.10492,2.15451,0,1.62599,2.1168,8.95579e+06,3.94181e+06,1.88512e+07,0,0,0,0
70.2768,85.139,2.80956,0.24,0.08,3.29447,3.37208,0,0.636707,4.47552,4.30939e+06,2.94905e+06,1.41971e+07,0,0,0,0,97.6216,98.274,3.77407,1,1,2.00398,2.05119,0,1.62626,2.1168,8.95579e+06,3.94181e+06,1.79472e+07,0,0,0,0
69.8807,85.139,2.83325,0.24,0.08,3.29502,3.37264,0,0.617383,4.47552,4.30939e+06,2.94905e+06,1.41995e+07,0,0,0,0,97.7745,98.274,4.79018,1,1,2.00431,2.05153,0,1.54827,2.1168,8.95579e+06,3.94181e+06,1.79502e+07,0,0,0,0
68.8115,85.139,2.19297,0.24,0.08,3.29557,3.37321,0,0.617486,4.47552,4.30939e+06,2.94905e+06,1.42019e+07,0,0,0,0,97.7168,98.274,4.3501,1,1,2.00465,2.05187,0,1.54853,2.1168,8.95579e+06,3.94181e+06,1.79532e+07,0,0,0,0
67.0589,85.139,1.45795,0.24,0.08,3.29611,3.37377,0,0.617589,4.47552,4.30939e+06,2.94905e+06,1.42042e+07,0,0,0,0,97.4706,98.274,2.84735,1,1,2.00498,2.05222,0,1.54879,2.1168,8.95579e+06,3.94181e+06,1.79562e+07,0,0,0,0
65.8208,85.139,1.93417,0.28,0.08,3.2115,3.28716,0,0.617692,4.47552,4.30939e+06,2.94905e+06,1.38396e+07,0,0,0,0,97.3693,98.274,3.48379,1,1,1.91305,1.95812,0,1.54905,2.1168,8.95579e+06,3.94181e+06,1.71329e+07,0,0,0,0
64.2738,85.139,1.64831,0.29,0.08,3.21204,3.28771,0,0.601836,4.47552,4.30939e+06,2.94905e+06,1.38419e+07,0,0,0,0,96.8803,98.274,1.96112,1,1,1.91337,1.95845,0,1.47802,2.1168,8.95579e+06,3.94181e+06,1.71357e+07,0,0,0,0
62.7777,85.139,1.75233,0.28,0.08,3.21257,3.28826,0,0.601936,4.47552,4.30939e+06,2.94905e+06,1.38442e+07,0,0,0,0,96.6786,98.274,1.48509,1,1,1.91369,1.95877,0,1.47827,2.1168,8.95579e+06,3.94181e+06,1.71386e+07,0,0,0,0
61.5793,85.139,2.04512,0.29,0.08,3.21311,3.28881,0,0.602036,4.47552,4.30939e+06,2.94905e+06,1.38465e+07,0,0,0,0,96.8219,98.274,3.10224,1,1,1.91401,1.9591,0,1.47851,2.1168,8.95579e+06,3.94181e+06,1.71414e+07,0,0,0,0
63.7838,85.139,5.48406,0.35,0.08,3.04163,3.04163,0,0.602136,4.47552,4.30939e+06,2.70226e+06,1.31076e+07,0,0,0,0,98.3153,98.274,6.31262,0,1,1.76261,1.76261,0,1.47876,2.1168,8.95579e+06,3.61194e+06,1.57855e+07,0,0,0,0
64.6897,85.139,4.08898,0.31,0.08,3.04213,3.04213,0,0.570001,4.47552,4.30939e+06,2.70226e+06,1.31097e+07,0,0,0,0,99,98.274,5.06766,0,1,1.7629,1.7629,0,1.36179,2.1168,8.95579e+06,3.61194e+06,1.57882e+07,0,0,0,0
66.1038,85.139,4.72147,0.31,0.08,3.04264,3.04264,0,0.570096,4.47552,4.30939e+06,2.70226e+06,1.31119e+07,0,0,0,0,99.3022,98.274,5.49342,0,1,1.76319,1.76319,0,1.36202,2.1168,8.95579e+06,3.61194e+06,1.57908e+07,0,0,0,0
67.1606,85.139,4.3157,0.31,0.08,3.04315,3.04315,0,0.570191,4.47552,4.30939e+06,2.70226e+06,1.31141e+07,0,0,0,0,99.3022,98.274,5.18693,0,1,1.76349,1.76349,0,1.36224,2.1168,8.95579e+06,3.61194e+06,1.57934e+07,0,0,0,0
69.3153,85.139,5.4517,0.32,0.08,3.04365,3.04365,0,0.570286,4.47552,4.30939e+06,2.70226e+06,1.31163e+07,0,0,0,0,99.3022,98.274,5.20431,0,1,1.76378,1.76378,0,1.36247,2.1168,8.95579e+06,3.61194e+06,1.5796e+07,0,0,0,0
73.9989,85.139,8.06629,0.29,0.08,3.04365,3.04365,0,0.570381,4.47552,4.30939e+06,2.70226e+06,1.31163e+07,0,0,0,0,99.3022,98.274,11.2008,0,1,1.76378,1.76378,0,1.3627,2.1168,8.95579e+06,3.61194e+06,1.5796e+07,0,0,0,0
77.9227,85.139,7.67556,0.24,0.08,3.13951,3.13951,0,0.570381,4.47552,4.30939e+06,2.70226e+06,1.35294e+07,0,0,0,0,99.3022,98.274,10.514,0,1,1.8211,1.8211,0,1.3627,2.1168,8.95579e+06,3.61194e+06,1.63094e+07,0,0,0,0
81.4195,85.139,7.29799,0.26,0.08,3.14,3.14,0,0.588344,4.47552,4.30939e+06,2.70226e+06,1.35315e+07,0,0,0,0,99.3022,98.274,8.84746,0,1,1.82139,1.82139,0,1.40699,2.1168,8.95579e+06,3.61194e+06,1.6312e+07,0,0,0,0
84.3897,85.139,6.71048,0.2,0.08,3.1405,3.1405,0,0.588437,4.47552,4.30939e+06,2.70226e+06,1.35336e+07,0,0,0,0,99.3022,98.274,8.04317,0,1,1.82168,1.82168,0,1.40721,2.1168,8.95579e+06,3.61194e+06,1.63146e+07,0,0,0,0
85.139,85.139,7.34242,0.21,0.08,3.14099,3.14099,0,0.588529,4.47552,4.30939e+06,2.70226e+06,1.35358e+07,0,0,0,0,99.3022,98.274,11.4698,0,1,1.82196,1.82196,0,1.40743,2.1168,8.95579e+06,3.61194e+06,1.63171e+07,0,0,0,0
85.139,85.139,5.59847,0.14,0.08,3.36854,3.4479,0,0.588622,4.47552,4.30939e+06,2.94905e+06,1.45164e+07,0,0,0,0,99.3022,98.274,7.3934,1,1,1.98964,2.03651,0,1.40765,2.1168,8.95579e+06,3.94181e+06,1.78188e+07,0,0,0,0
85.139,85.139,5.49717,0.13,0.08,3.36907,3.44844,0,0.631264,4.47552,4.30939e+06,2.94905e+06,1.45186e+07,0,0,0,0,99.3022,98.274,7.12908,1,1,1.98995,2.03683,0,1.53719,2.1168,8.95579e+06,3.94181e+06,1.78216e+07,0,0,0,0
85.139,85.139,6.63061,0.15,0.08,3.3696,3.44899,0,0.631364,4.47552,4.30939e+06,2.94905e+06,1.45209e+07,0,0,0,0,99.3022,98.274,6.60459,1,1,1.99026,2.03715,0,1.53743,2.1168,8.95579e+06,3.94181e+06,1.78244e+07,0,0,0,0
85.139,85.139,7.06137,0.17,0.08,3.37013,3.44953,0,0.631463,4.47552,4.30939e+06,2.94905e+06,1.45232e+07,0,0,0,0,99.3022,98.274,10.4347,1,1,1.99057,2.03747,0,1.53768,2.1168,8.95579e+06,3.94181e+06,1.78272e+07,0,0,0,0
85.139,85.139,5.73709,0.18,0.08,3.01275,3.01275,0,0.631563,4.47552,4.30939e+06,2.70226e+06,1.29831e+07,0,0,0,0,99.3022,98.274,7.14214,0,1,1.75007,1.75007,0,1.53792,2.1168,8.95579e+06,3.61194e+06,1.56733e+07,0,0,0,0
85.139,85.139,4.53159,0.21,0.08,3.01323,3.01323,0,0.56459,4.47552,4.30939e+06,2.70226e+06,1.29852e+07,0,0,0,0,99.3022,98.274,4.32028,0,1,1.75035,1.75035,0,1.35211,2.1168,8.95579e+06,3.61194e+06,1.56758e+07,0,0,0,0
85.139,85.139,3.95265,0.25,0.08,3.0137,3.0137,0,0.564679,4.47552,4.30939e+06,2.70226e+06,1.29872e+07,0,0,0,0,99.3022,98.274,4.28183,0,1,1.75062,1.75062,0,1.35232,2.1168,8.95579e+06,3.61194e+06,1.56782e+07,0,0,0,0
85.139,85.139,6.71607,0.27,0.08,3.01417,3.01417,0,0.564767,4.47552,4.30939e+06,2.70226e+06,1.29893e+07,0,0,0,0,99.3022,98.274,6.81871,0,1,1.7509,1.7509,0,1.35253,2.1168,8.95579e+06,3.61194e+06,1.56807e+07,0,0,0,0
85.139,85.139,6.57735,0.29,0.08,3.01465,3.01465,0,0.564856,4.47552,4.30939e+06,2.70226e+06,1.29913e+07,0,0,0,0,99.3022,98.274,5.67856,0,1,1.75118,1.75118,0,1.35275,2.1168,8.95579e+06,3.61194e+06,1.56832e+07,0,0,0,0
85.139,85.139,5.7067,0.31,0.08,3.12529,3.12529,0,0.564945,4.47552,4.30939e+06,2.70226e+06,1.34681e+07,0,0,0,0,99.3022,98.274,5.40699,0,1,1.82189,1.82189,0,1.35296,2.1168,8.95579e+06,3.61194e+06,1.63165e+07,0,0,0,0
85.139,85.139,6.35471,0.31,0.08,3.12578,3.12578,0,0.585679,4.47552,4.30939e+06,2.70226e+06,1.34702e+07,0,0,0,0,99.3022,98.274,5.27214,0,1,1.82218,1.82218,0,1.40759,2.1168,8.95579e+06,3.61194e+06,1.6319e+07,0,0,0,0
85.139,85.139,5.17756,0.3,0.08,3.12627,3.12627,0,0.585771,4.47552,4.30939e+06,2.70226e+06,1.34723e+07,0,0,0,0,99.3022,98.274,4.88401,0,1,1.82247,1.82247,0,1.40782,2.1168,8.95579e+06,3.61194e+06,1.63216e+07,0,0,0,0
85.139,85.139,4.42687,0.29,0.08,3.12676,3.12676,0,0.585863,4.47552,4.30939e+06,2.70226e+06,1.34744e+07,0,0,0,0,99.3022,98.274,3.90957,0,1,1.82275,1.82275,0,1.40804,2.1168,8.95579e+06,3.61194e+06,1.63242e+07,0,0,0,0
85.139,85.139,4.22051,0.27,0.08,3.08415,3.08415,0,0.585956,4.47552,4.30939e+06,2.70226e+06,1.32908e+07,0,0,0,0,99.3022,98.274,4.34732,0,1,1.79566,1.79566,0,1.40826,2.1168,8.95579e+06,3.61194e+06,1.60816e+07,0,0,0,0
85.139,85.139,3.43629,0.24,0.08,3.08464,3.08464,0,0.577971,4.47552,4.30939e+06,2.70226e+06,1.32929e+07,0,0,0,0,99.3022,98.274,3.89952,0,1,1.79595,1.79595,0,1.38733,2.1168,8.95579e+06,3.61194e+06,1.60841e+07,0,0,0,0
84.8677,85.139,3.07835,0.22,0.08,3.08512,3.08512,0,0.578061,4.47552,4.30939e+06,2.70226e+06,1.3295e+07,0,0,0,0,99.3022,98.274,3.13542,0,1,1.79623,1.79623,0,1.38755,2.1168,8.95579e+06,3.61194e+06,1.60866e+07,0,0,0,0
85.139,85.139,3.73019,0.36,0.08,3.08561,3.08561,0,0.578152,4.47552,4.30939e+06,2.70226e+06,1.32971e+07,0,0,0,0,99.3022,98.274,3.33232,0,1,1.79651,1.79651,0,1.38777,2.1168,8.95579e+06,3.61194e+06,1.60892e+07,0,0,0,0
84.7964,85.139,3.05259,0.19,0.08,3.23249,3.23249,0,0.578243,4.47552,4.30939e+06,2.70226e+06,1.39301e+07,0,0,0,0,99.3022,98.274,3.21466,0,1,1.89394,1.89394,0,1.38798,2.1168,8.95579e+06,3.61194e+06,1.69617e+07,0,0,0,0
84.3336,85.139,2.90589,0.29,0.08,3.233,3.233,0,0.605769,4.47552,4.30939e+06,2.70226e+06,1.39322e+07,0,0,0,0,99.3022,98.274,2.92396,0,1,1.89423,1.89423,0,1.46326,2.1168,8.95579e+06,3.61194e+06,1.69644e+07,0,0,0,0
83.7992,85.139,2.82349,0.25,0.08,3.23351,3.23351,0,0.605864,4.47552,4.30939e+06,2.70226e+06,1.39344e+07,0,0,0,0,99.3022,98.274,3.04174,0,1,1.89453,1.89453,0,1.46349,2.1168,8.95579e+06,3.61194e+06,1.6967e+07,0,0,0,0
83.0028,85.139,2.56902,0.25,0.08,3.23402,3.23402,0,0.605959,4.47552,4.30939e+06,2.70226e+06,1.39366e+07,0,0,0,0,99.3022,98.274,2.89879,0,1,1.89483,1.89483,0,1.46372,2.1168,8.95579e+06,3.61194e+06,1.69697e+07,0,0,0,0
82.1173,85.139,2.44844,0.21,0.08,3.23452,3.23452,0,0.606054,4.47552,4.30939e+06,2.70226e+06,1.39388e+07,0,0,0,0,99.3022,98.274,2.64629,0,1,1.89513,1.89513,0,1.46395,2.1168,8.95579e+06,3.61194e+06,1.69724e+07,0,0,0,0
81.1854,85.139,2.28349,0.21,0.08,3.13226,3.20606,0,0.60615,4.47552,4.30939e+06,2.94905e+06,1.34981e+07,0,0,0,0,99.2651,98.274,2.33383,1,1,1.904,1.94886,0,1.46418,2.1168,8.95579e+06,3.94181e+06,1.70519e+07,0,0,0,0
80.0656,85.139,2.08894,0.21,0.08,3.13276,3.20656,0,0.586986,4.47552,4.30939e+06,2.94905e+06,1.35003e+07,0,0,0,0,99.1359,98.274,2.32095,1,1,1.9043,1.94917,0,1.47103,2.1168,8.95579e+06,3.94181e+06,1.70545e+07,0,0,0,0
78.7655,85.139,1.88921,0.21,0.08,3.13325,3.20707,0,0.587079,4.47552,4.30939e+06,2.94905e+06,1.35024e+07,0,0,0,0,99.0062,98.274,2.08787,1,1,1.9046,1.94947,0,1.47126,2.1168,8.95579e+06,3.94181e+06,1.70572e+07,0,0,0,0
77.4306,85.139,1.81064,0.24,0.08,3.13374,3.20757,0,0.587171,4.47552,4.30939e+06,2.94905e+06,1.35045e+07,0,0,0,0,98.6377,98.274,2.10984,1,1,1.9049,1.94978,0,1.4715,2.1168,8.95579e+06,3.94181e+06,1.70599e+07,0,0,0,0
75.8348,85.139,1.61235,0.24,0.08,3.20738,3.28294,0,0.587263,4.47552,4.30939e+06,2.94905e+06,1.38219e+07,0,0,0,0,98.2413,98.274,1.88001,1,1,1.95176,1.99774,0,1.47173,2.1168,8.95579e+06,3.94181e+06,1.74795e+07,0,0,0,0
74.1543,85.139,1.49642,0.23,0.08,3.20789,3.28346,0,0.601063,4.47552,4.30939e+06,2.94905e+06,1.3824e+07,0,0,0,0,97.6726,98.274,1.79826,1,1,1.95206,1.99805,0,1.50793,2.1168,8.95579e+06,3.94181e+06,1.74823e+07,0,0,0,0
72.3598,85.139,1.3625,0.22,0.08,3.20839,3.28398,0,0.601158,4.47552,4.30939e+06,2.94905e+06,1.38262e+07,0,0,0,0,97.4555,98.274,1.59855,1,1,1.95237,1.99837,0,1.50816,2.1168,8.95579e+06,3.94181e+06,1.7485e+07,0,0,0,0
70.8157,85.139,1.59026,0.26,0.08,3.20889,3.28449,0,0.601252,4.47552,4.30939e+06,2.94905e+06,1.38284e+07,0,0,0,0,97.331,98.274,2.20475,1,1,1.95268,1.99868,0,1.5084,2.1168,8.95579e+06,3.94181e+06,1.74878e+07,0,0,0,0
69.4231,85.139,1.91185,0.25,0.08,3.42374,3.5044,0,0.601347,4.47552,4.30939e+06,2.94905e+06,1.47542e+07,0,0,0,0,97.212,98.274,2.4293,1,1,2.1168,2.1711,0.00432683,1.50864,2.1168,8.95579e+06,3.94181e+06,1.89576e+07,0,0,0,0
68.2117,85.139,2.08079,0.25,0.08,3.42428,3.50495,0,0.641609,4.47552,4.30939e+06,2.94905e+06,1.47565e+07,0,0,0,0,96.8244,98.274,2.26448,1,1,2.1168,2.17144,0.00466015,1.63544,2.1168,8.95579e+06,3.94181e+06,1.89576e+07,0,0,0,0
66.3541,85.139,1.42586,0.25,0.08,3.42482,3.5055,0,0.64171,4.47552,4.30939e+06,2.94905e+06,1.47589e+07,0,0,0,0,96.3195,98.274,1.80606,1,1,2.1168,2.17178,0.00499371,1.63544,2.1168,8.95579e+06,3.94181e+06,1.89576e+07,0,0,0,0
64.3239,85.139,1.2672,0.28,0.08,3.42536,3.50605,0,0.641811,4.47552,4.30939e+06,2.94905e+06,1.47612e+07,0,0,0,0,95.9636,98.274,1.84011,1,1,2.1168,2.17212,0.00532703,1.63544,2.1168,8.95579e+06,3.94181e+06,1.89576e+07,0,0,0,0
62.2868,85.139,1.2172,0.28,0.08,3.42589,3.5066,0,0.641912,4.47552,4.30939e+06,2.94905e+06,1.47635e+07,0,0,0,0,95.6261,98.274,2.29657,1,1,2.1168,2.17246,0.00566059,1.63544,2.1168,8.95579e+06,3.94181e+06,1.89576e+07,0,0,0,0
60.2565,85.139,1.08358,0.34,0.08,3.32189,3.40015,0,0.642013,4.47552,4.30939e+06,2.94905e+06,1.43153e+07,0,0,0,0,95.2801,98.274,2.3692,1,1,2.02066,2.06826,0,1.63544,2.1168,8.95579e+06,3.94181e+06,1.80966e+07,0,0,0,0
58.2222,85.139,1.0508,0.34,0.08,3.32241,3.40068,0,0.622522,4.47552,4.30939e+06,2.94905e+06,1.43176e+07,0,0,0,0,94.8956,98.274,2.18374,1,1,2.02097,2.06859,0,1.56116,2.1168,8.95579e+06,3.94181e+06,1.80994e+07,0,0,0,0
57.1173,85.139,2.14797,0.34,0.08,3.32293,3.40122,0,0.62262,4.47552,4.30939e+06,2.94905e+06,1.43198e+07,0,0,0,0,95.1875,98.274,3.67141,1,1,2.02129,2.06891,0,1.56141,2.1168,8.95579e+06,3.94181e+06,1.81023e+07,0,0,0,0
57.1872,85.139,3.32477,0.34,0.08,3.32345,3.40175,0,0.622717,4.47552,4.30939e+06,2.94905e+06,1.43221e+07,0,0,0,0,95.3681,98.274,3.78657,1,1,2.02161,2.06924,0,1.56165,2.1168,8.95579e+06,3.94181e+06,1.81051e+07,0,0,0,0
57.7336,85.139,3.83587,0.34,0.08,3.23811,3.3144,0,0.622815,4.47552,4.30939e+06,2.94905e+06,1.39543e+07,0,0,0,0,95.8102,98.274,4.23905,1,1,1.9289,1.97434,0,1.5619,2.1168,8.95579e+06,3.94181e+06,1.72748e+07,0,0,0,0
56.4351,85.139,1.87406,0.35,0.08,3.23862,3.31492,0,0.606822,4.47552,4.30939e+06,2.94905e+06,1.39565e+07,0,0,0,0,95.6877,98.274,2.68014,1,1,1.9292,1.97465,0,1.49027,2.1168,8.95579e+06,3.94181e+06,1.72775e+07,0,0,0,0
55.0639,85.139,1.76412,0.39,0.08,3.23913,3.31544,0,0.606917,4.47552,4.30939e+06,2.94905e+06,1.39587e+07,0,0,0,0,95.5421,98.274,2.69273,1,1,1.92951,1.97496,0,1.4905,2.1168,8.95579e+06,3.94181e+06,1.72802e+07,0,0,0,0
54.3343,85.139,2.47095,0.38,0.08,3.23964,3.31596,0,0.607012,4.47552,4.30939e+06,2.94905e+06,1.39609e+07,0,0,0,0,95.6199,98.274,3.43007,1,1,1.92981,1.97527,0,1.49074,2.1168,8.95579e+06,3.94181e+06,1.7283e+07,0,0,0,0
54.3048,85.139,3.09706,0.38,0.08,3.06671,3.06671,0,0.607108,4.47552,4.30939e+06,2.70226e+06,1.32157e+07,0,0,0,0,96.2199,98.274,3.74147,0,1,1.77714,1.77714,0,1.49097,2.1168,8.95579e+06,3.61194e+06,1.59157e+07,0,0,0,0
54.0763,85.139,2.90031,0.37,0.08,3.06719,3.06719,0,0.574702,4.47552,4.30939e+06,2.70226e+06,1.32177e+07,0,0,0,0,97.2615,98.274,4.74018,0,1,1.77742,1.77742,0,1.37302,2.1168,8.95579e+06,3.61194e+06,1.59182e+07,0,0,0,0
54.396,85.139,3.22661,0.42,0.08,2.71463,3.06767,0,0.574792,4.47552,4.30939e+06,3.53887e+06,1.16984e+07,0,0,0,0,98.6582,98.274,5.14559,0,1,1.57312,1.7777,0,1.37324,2.1168,8.95579e+06,4.73018e+06,1.40885e+07,0,0,0,0
57.7728,85.139,6.36325,0.47,0.08,2.71506,3.06816,0,0.508722,4.47552,4.30939e+06,3.53887e+06,1.17002e+07,0,0,0,0,99.3022,98.274,7.52529,0,1,1.57336,1.77798,0,1.21539,2.1168,8.95579e+06,4.73018e+06,1.40907e+07,0,0,0,0
60.0917,85.139,5.46765,0.4,0.08,2.71549,3.06864,0,0.508802,4.47552,4.30939e+06,3.53887e+06,1.17021e+07,0,0,0,0,99.3022,98.274,6.2352,0,1,1.57361,1.77826,0,1.21558,2.1168,8.95579e+06,4.73018e+06,1.40929e+07,0,0,0,0
60.676,85.139,3.66381,0.44,1,2.80098,3.16525,0,0.508882,4.47552,4.30939e+06,3.53887e+06,1.20705e+07,0,0,0,0,99.3022,98.274,5.02293,0,1,1.62474,1.83604,0,1.21577,2.1168,8.95579e+06,4.73018e+06,1.45508e+07,0,0,0,0
60.9483,85.139,3.33021,0.49,1,2.8014,3.16572,0,0.524904,4.47552,4.30939e+06,3.53887e+06,1.20723e+07,0,0,0,0,99.3022,98.274,4.57943,0,1,1.62498,1.83631,0,1.25527,2.1168,8.95579e+06,4.73018e+06,1.4553e+07,0,0,0,0
61.1507,85.139,3.26574,0.51,1,2.80181,3.16619,0,0.524982,4.47552,4.30939e+06,3.53887e+06,1.20741e+07,0,0,0,0,99.3022,98.274,4.66273,0,1,1.62522,1.83658,0,1.25546,2.1168,8.95579e+06,4.73018e+06,1.45551e+07,0,0,0,0
61.2875,85.139,3.26172,0.53,1,2.80223,3.16666,0,0.525059,4.47552,4.30939e+06,3.53887e+06,1.20759e+07,0,0,0,0,99.3022,98.274,4.48917,0,1,1.62546,1.83685,0,1.25564,2.1168,8.95579e+06,4.73018e+06,1.45573e+07,0,0,0,0
63.0055,85.139,5.1071,0.54,1,3.076,3.47604,0,0.525137,4.47552,4.30939e+06,2.94905e+06,1.32557e+07,0,0,0,0,99.3022,98.274,6.41982,1,1,1.81685,2.05313,0,1.25583,2.1168,8.95579e+06,3.94181e+06,1.62713e+07,0,0,0,0
63.5625,85.139,3.87468,0.48,1,3.07646,3.47656,0,0.576443,4.47552,4.30939e+06,2.94905e+06,1.32577e+07,0,0,0,0,99.3022,98.274,4.54933,1,1,1.81712,2.05343,0,1.4037,2.1168,8.95579e+06,3.94181e+06,1.62737e+07,0,0,0,0
63.4777,85.139,3.20053,0.49,1,3.07691,3.47707,0,0.576528,4.47552,4.30939e+06,2.94905e+06,1.32596e+07,0,0,0,0,99.3022,98.274,3.99043,1,1,1.81739,2.05374,0,1.4039,2.1168,8.95579e+06,3.94181e+06,1.62761e+07,0,0,0,0
63.5004,85.139,3.38752,0.5,1,3.07737,3.47758,0,0.576614,4.47552,4.30939e+06,2.94905e+06,1.32616e+07,0,0,0,0,99.3022,98.274,4.24349,1,1,1.81765,2.05404,0,1.40411,2.1168,8.95579e+06,3.94181e+06,1.62785e+07,0,0,0,0
64.4251,85.139,3.92331,0.53,1,2.68769,3.03723,0,0.576699,4.47552,4.30939e+06,3.53887e+06,1.15823e+07,0,0,0,0,99.3022,98.274,4.19132,0,1,1.56125,1.76429,0,1.40432,2.1168,8.95579e+06,4.73018e+06,1.39822e+07,0,0,0,0
65.6366,85.139,4.24744,0.56,1,2.68809,3.03768,0,0.503673,4.47552,4.30939e+06,3.53887e+06,1.1584e+07,0,0,0,0,99.3022,98.274,4.36475,0,1,1.56148,1.76455,0,1.20622,2.1168,8.95579e+06,4.73018e+06,1.39843e+07,0,0,0,0
67.0895,85.139,4.58922,0.6,1,2.68849,3.03813,0,0.503748,4.47552,4.30939e+06,3.53887e+06,1.15857e+07,0,0,0,0,99.3022,98.274,5.06754,0,1,1.56171,1.76481,0,1.2064,2.1168,8.95579e+06,4.73018e+06,1.39864e+07,0,0,0,0
69.8403,85.139,6.05528,0.65,1,2.68888,3.03858,0,0.503822,4.47552,4.30939e+06,3.53887e+06,1.15874e+07,0,0,0,0,99.3022,98.274,5.1478,0,1,1.56194,1.76507,0,1.20658,2.1168,8.95579e+06,4.73018e+06,1.39884e+07,0,0,0,0
72.0188,85.139,5.37603,0.64,1,2.68928,3.03903,0,0.503897,4.47552,4.30939e+06,3.53887e+06,1.15892e+07,0,0,0,0,99.3022,98.274,5.17195,0,1,1.56217,1.76534,0,1.20676,2.1168,8.95579e+06,4.73018e+06,1.39905e+07,0,0,0,0
73.5043,85.139,4.71583,0.66,1,2.78796,3.15053,0,0.503971,4.47552,4.30939e+06,3.53887e+06,1.20144e+07,0,0,0,0,99.3022,98.274,5.38744,0,1,1.62524,1.83661,0,1.20694,2.1168,8.95579e+06,4.73018e+06,1.45553e+07,0,0,0,0
74.1194,85.139,3.80361,0.68,1,2.78837,3.151,0,0.522463,4.47552,4.30939e+06,3.53887e+06,1.20162e+07,0,0,0,0,99.3022,98.274,3.99087,0,1,1.62548,1.83688,0,1.25566,2.1168,8.95579e+06,4.73018e+06,1.45575e+07,0,0,0,0
74.0733,85.139,3.13644,0.58,1,2.78878,3.15146,0,0.52254,4.47552,4.30939e+06,3.53887e+06,1.20179e+07,0,0,0,0,99.3022,98.274,3.60987,0,1,1.62572,1.83715,0,1.25585,2.1168,8.95579e+06,4.73018e+06,1.45596e+07,0,0,0,0
73.8946,85.139,2.97301,0.58,1,2.78919,3.15193,0,0.522617,4.47552,4.30939e+06,3.53887e+06,1.20197e+07,0,0,0,0,99.3022,98.274,3.24437,0,1,1.62596,1.83742,0,1.25603,2.1168,8.95579e+06,4.73018e+06,1.45618e+07,0,0,0,0
73.8906,85.139,3.03222,0.59,1,2.75116,3.10895,0,0.522695,4.47552,4.30939e+06,3.53887e+06,1.18558e+07,0,0,0,0,99.3022,98.274,3.53286,0,1,1.60178,1.8101,0,1.25622,2.1168,8.95579e+06,4.73018e+06,1.43452e+07,0,0,0,0
73.5758,85.139,2.69047,0.56,1,2.75156,3.10941,0,0.515567,4.47552,4.30939e+06,3.53887e+06,1.18576e+07,0,0,0,0,99.3022,98.274,3.10732,0,1,1.60202,1.81037,0,1.23754,2.1168,8.95579e+06,4.73018e+06,1.43474e+07,0,0,0,0
73.0668,85.139,2.4668,0.65,1,2.75197,3.10987,0,0.515643,4.47552,4.30939e+06,3.53887e+06,1.18593e+07,0,0,0,0,99.3022,98.274,2.86204,0,1,1.60226,1.81063,0,1.23772,2.1168,8.95579e+06,4.73018e+06,1.43495e+07,0,0,0,0
72.4444,85.139,2.32292,0.65,1,2.75238,3.11033,0,0.51572,4.47552,4.30939e+06,3.53887e+06,1.18611e+07,0,0,0,0,99.3022,98.274,2.90247,0,1,1.6025,1.8109,0,1.23791,2.1168,8.95579e+06,4.73018e+06,1.43516e+07,0,0,0,0
71.6268,85.139,2.18819,0.65,1,2.88337,3.25836,0,0.515796,4.47552,4.30939e+06,2.94905e+06,1.24256e+07,0,0,0,0,99.3022,98.274,3.03303,1,1,1.68939,1.90909,0,1.23809,2.1168,8.95579e+06,3.94181e+06,1.51298e+07,0,0,0,0
70.5511,85.139,1.89045,0.6,1,2.8838,3.25884,0,0.540344,4.47552,4.30939e+06,2.94905e+06,1.24274e+07,0,0,0,0,99.3022,98.274,2.50943,1,1,1.68964,1.90937,0,1.30522,2.1168,8.95579e+06,3.94181e+06,1.5132e+07,0,0,0,0
69.2436,85.139,1.63938,0.54,1,2.88422,3.25932,0,0.540423,4.47552,4.30939e+06,2.94905e+06,1.24292e+07,0,0,0,0,99.2849,98.274,2.29959,1,1,1.68989,1.90966,0,1.30541,2.1168,8.95579e+06,3.94181e+06,1.51343e+07,0,0,0,0
67.796,85.139,1.48076,0.5,1,2.88465,3.2598,0,0.540503,4.47552,4.30939e+06,2.94905e+06,1.24311e+07,0,0,0,0,99.2168,98.274,2.04408,1,1,1.69013,1.90994,0,1.30561,2.1168,8.95579e+06,3.94181e+06,1.51365e+07,0,0,0,0
66.4466,85.139,1.52681,0.57,1,2.88508,3.26028,0,0.540583,4.47552,4.30939e+06,2.94905e+06,1.24329e+07,0,0,0,0,99.134,98.274,2.09099,1,1,1.69038,1.91022,0,1.3058,2.1168,8.95579e+06,3.94181e+06,1.51387e+07,0,0,0,0
65.2455,85.139,1.61705,0.54,1,2.85966,3.23156,0,0.540663,4.47552,4.30939e+06,2.94905e+06,1.23234e+07,0,0,0,0,98.9772,98.274,2.05972,1,1,1.7383,1.96436,0,1.30599,2.1168,8.95579e+06,3.94181e+06,1.55678e+07,0,0,0,0
63.8781,85.139,1.45967,0.45,1,2.86008,3.23204,0,0.5359,4.47552,4.30939e+06,2.94905e+06,1.23252e+07,0,0,0,0,98.7254,98.274,1.89236,1,1,1.73855,1.96465,0,1.34301,2.1168,8.95579e+06,3.94181e+06,1.55701e+07,0,0,0,0
62.4182,85.139,1.34611,0.4,1,2.86051,3.23252,0,0.535979,4.47552,4.30939e+06,2.94905e+06,1.2327e+07,0,0,0,0,98.3942,98.274,1.82417,1,1,1.73881,1.96494,0,1.34321,2.1168,8.95579e+06,3.94181e+06,1.55724e+07,0,0,0,0
60.8866,85.139,1.25137,0.48,1,2.86093,3.233,0,0.536059,4.47552,4.30939e+06,2.94905e+06,1.23289e+07,0,0,0,0,97.8141,98.274,1.7148,1,1,1.73907,1.96523,0,1.3434,2.1168,8.95579e+06,3.94181e+06,1.55747e+07,0,0,0,0
59.2344,85.139,1.14584,0.45,1,2.92813,3.30894,0,0.536138,4.47552,4.30939e+06,2.94905e+06,1.26184e+07,0,0,0,0,97.2656,98.274,1.48836,1,1,1.78183,2.01355,0,1.3436,2.1168,8.95579e+06,3.94181e+06,1.59577e+07,0,0,0,0
57.5042,85.139,1.03466,0.41,1,2.92856,3.30943,0,0.548731,4.47552,4.30939e+06,2.94905e+06,1.26203e+07,0,0,0,0,96.5243,98.274,1.40578,1,1,1.78209,2.01385,0,1.37664,2.1168,8.95579e+06,3.94181e+06,1.596e+07,0,0,0,0
55.4691,85.139,0.942477,0.39,1,3.23373,3.30991,0,0.548813,4.47552,4.30939e+06,2.94905e+06,1.39354e+07,0,0,0,0,95.7583,98.274,1.2297,1,1,1.96779,2.01415,0,1.37684,2.1168,8.95579e+06,3.94181e+06,1.76231e+07,0,0,0,0
53.7796,85.139,1.02133,0.44,1,2.92943,3.3104,0,0.606001,4.47552,4.30939e+06,2.94905e+06,1.2624e+07,0,0,0,0,95.095,98.274,1.53149,1,1,1.78262,2.01445,0,1.52031,2.1168,8.95579e+06,3.94181e+06,1.59647e+07,0,0,0,0
51.9885,85.139,1.05082,0.42,1,3.12553,3.53201,0,0.548975,4.47552,4.30939e+06,2.94905e+06,1.34691e+07,0,0,0,0,94.2243,98.274,1.34251,1,1,1.93638,2.18821,0,1.37725,2.1168,8.95579e+06,3.94181e+06,1.73418e+07,0,0,0,0
50.1466,85.139,0.993115,0.4,1,3.126,3.53254,0,0.585725,4.47552,4.30939e+06,2.94905e+06,1.34711e+07,0,0,0,0,93.5848,98.274,1.27616,1,1,1.93666,2.18853,0,1.49605,2.1168,8.95579e+06,3.94181e+06,1.73444e+07,0,0,0,0
48.278,85.139,0.934054,0.42,1,3.12646,3.53306,0,0.585812,4.47552,4.30939e+06,2.94905e+06,1.34731e+07,0,0,0,0,92.9203,98.274,1.49245,1,1,1.93695,2.18885,0,1.49627,2.1168,8.95579e+06,3.94181e+06,1.73469e+07,0,0,0,0
46.4064,85.139,0.895772,0.42,1,3.12692,3.53358,0,0.585898,4.47552,4.30939e+06,2.94905e+06,1.34751e+07,0,0,0,0,92.3162,98.274,1.46758,1,1,1.93724,2.18918,0,1.49649,2.1168,8.95579e+06,3.94181e+06,1.73495e+07,0,0,0,0
44.5881,85.139,0.948927,0.42,1,3.12738,3.5341,0,0.585985,4.47552,4.30939e+06,2.94905e+06,1.34771e+07,0,0,0,0,91.9875,98.274,1.57652,1,1,1.93752,2.1895,0,1.49671,2.1168,8.95579e+06,3.94181e+06,1.7352e+07,0,0,0,0
43.0928,85.139,1.21176,0.44,1,3.03241,3.42678,0,0.586072,4.47552,4.30939e+06,2.94905e+06,1.30678e+07,0,0,0,0,91.8473,98.274,2.10472,1,1,1.84457,2.08446,0,1.49693,2.1168,8.95579e+06,3.94181e+06,1.65196e+07,0,0,0,0
41.4061,85.139,1.01383,0.44,1,3.03286,3.42729,0,0.568274,4.47552,4.30939e+06,2.94905e+06,1.30698e+07,0,0,0,0,91.9565,98.274,3.39447,1,1,1.84485,2.08477,0,1.42512,2.1168,8.95579e+06,3.94181e+06,1.6522e+07,0,0,0,0
39.5766,85.139,0.869304,0.44,1,3.03331,3.42779,0,0.568358,4.47552,4.30939e+06,2.94905e+06,1.30717e+07,0,0,0,0,91.6745,98.274,1.84437,1,1,1.84512,2.08508,0,1.42533,2.1168,8.95579e+06,3.94181e+06,1.65245e+07,0,0,0,0
37.8657,85.139,1.01111,0.52,1,3.03376,3.4283,0,0.568442,4.47552,4.30939e+06,2.94905e+06,1.30736e+07,0,0,0,0,91.4207,98.274,1.88914,1,1,1.84539,2.08539,0,1.42554,2.1168,8.95579e+06,3.94181e+06,1.65269e+07,0,0,0,0
36.5504,85.139,1.31839,0.53,1,2.95582,3.34023,0,0.568526,4.47552,4.30939e+06,2.94905e+06,1.27378e+07,0,0,0,0,91.1651,98.274,2.11383,1,1,1.76075,1.98973,0,1.42575,2.1168,8.95579e+06,3.94181e+06,1.57689e+07,0,0,0,0
35.2653,85.139,1.39055,0.53,1,2.95626,3.34073,0,0.553921,4.47552,4.30939e+06,2.94905e+06,1.27397e+07,0,0,0,0,91.1177,98.274,1.55561,1,1,1.76101,1.99003,0,1.36035,2.1168,8.95579e+06,3.94181e+06,1.57712e+07,0,0,0,0
34.0218,85.139,1.43098,0.55,1,2.9567,3.34122,0,0.554003,4.47552,4.30939e+06,2.94905e+06,1.27416e+07,0,0,0,0,91.1751,98.274,2.73802,1,1,1.76127,1.99032,0,1.36055,2.1168,8.95579e+06,3.94181e+06,1.57735e+07,0,0,0,0
35.2573,85.139,4.02746,0.6,1,2.95713,3.34171,0,0.554085,4.47552,4.30939e+06,2.94905e+06,1.27434e+07,0,0,0,0,92.6718,98.274,6.2619,1,1,1.76153,1.99061,0,1.36075,2.1168,8.95579e+06,3.94181e+06,1.57759e+07,0,0,0,0
36.0039,85.139,3.3052,0.57,1,2.73483,3.0905,0,0.554167,4.47552,4.30939e+06,3.53887e+06,1.17855e+07,0,0,0,0,93.7993,98.274,3.87612,0,1,1.58482,1.79093,0,1.36095,2.1168,8.95579e+06,4.73018e+06,1.41933e+07,0,0,0,0
36.7888,85.139,3.39494,0.57,1,2.73524,3.09096,0,0.512508,4.47552,4.30939e+06,3.53887e+06,1.17872e+07,0,0,0,0,95.5112,98.274,5.58423,0,1,1.58505,1.79119,0,1.22443,2.1168,8.95579e+06,4.73018e+06,1.41954e+07,0,0,0,0
37.3936,85.139,3.22083,0.59,1,2.73564,3.09141,0,0.512583,4.47552,4.30939e+06,3.53887e+06,1.17889e+07,0,0,0,0,96.9496,98.274,4.93809,0,1,1.58529,1.79146,0,1.22461,2.1168,8.95579e+06,4.73018e+06,1.41975e+07,0,0,0,0
39.433,85.139,4.68993,0.62,1,2.73605,3.09187,0,0.512659,4.47552,4.30939e+06,3.53887e+06,1.17907e+07,0,0,0,0,98.9132,98.274,6.51501,0,1,1.58552,1.79172,0,1.22479,2.1168,8.95579e+06,4.73018e+06,1.41996e+07,0,0,0,0
41.918,85.139,5.21682,0.63,1,2.73645,3.09233,0,0.512735,4.47552,4.30939e+06,3.53887e+06,1.17924e+07,0,0,0,0,99.3022,98.274,6.32091,0,1,1.58576,1.79199,0,1.22498,2.1168,8.95579e+06,4.73018e+06,1.42017e+07,0,0,0,0
42.3538,85.139,3.12266,0.61,1,2.82258,3.18966,0,0.512811,4.47552,4.30939e+06,3.53887e+06,1.21636e+07,0,0,0,0,99.2533,98.274,2.66499,0,1,1.63727,1.85019,0,1.22516,2.1168,8.95579e+06,4.73018e+06,1.4663e+07,0,0,0,0
42.191,85.139,2.52932,0.63,1,2.82297,3.1901,0,0.528951,4.47552,4.30939e+06,3.53887e+06,1.21653e+07,0,0,0,0,99.3022,98.274,2.59228,0,1,1.63749,1.85045,0,1.26495,2.1168,8.95579e+06,4.73018e+06,1.4665e+07,0,0,0,0
43.3378,85.139,4.01484,0.66,1,2.82336,3.19054,0,0.529025,4.47552,4.30939e+06,3.53887e+06,1.2167e+07,0,0,0,0,99.3022,98.274,4.96006,0,1,1.63772,1.85071,0,1.26513,2.1168,8.95579e+06,4.73018e+06,1.46671e+07,0,0,0,0
44.0558,85.139,3.50333,0.69,1,2.82375,3.19098,0,0.529098,4.47552,4.30939e+06,3.53887e+06,1.21686e+07,0,0,0,0,99.3022,98.274,3.94324,0,1,1.63795,1.85096,0,1.2653,2.1168,8.95579e+06,4.73018e+06,1.46691e+07,0,0,0,0
43.4351,85.139,2.37345,0.69,1,3.0996,3.50271,0,0.529171,4.47552,4.30939e+06,2.94905e+06,1.33574e+07,0,0,0,0,99.3022,98.274,3.05595,1,1,1.83079,2.06888,0,1.26548,2.1168,8.95579e+06,3.94181e+06,1.63961e+07,0,0,0,0
42.9318,85.139,2.52667,0.71,1,3.10003,3.5032,0,0.580866,4.47552,4.30939e+06,2.94905e+06,1.33593e+07,0,0,0,0,99.3022,98.274,3.44847,1,1,1.83104,2.06917,0,1.41447,2.1168,8.95579e+06,3.94181e+06,1.63984e+07,0,0,0,0
43.1918,85.139,3.36402,0.73,1,3.10046,3.50368,0,0.580946,4.47552,4.30939e+06,2.94905e+06,1.33611e+07,0,0,0,0,99.3022,98.274,3.66455,1,1,1.8313,2.06946,0,1.41466,2.1168,8.95579e+06,3.94181e+06,1.64007e+07,0,0,0,0
43.0126,85.139,2.88353,0.75,1,3.10089,3.50417,0,0.581027,4.47552,4.30939e+06,2.94905e+06,1.3363e+07,0,0,0,0,99.3022,98.274,3.62766,1,1,1.83155,2.06974,0,1.41486,2.1168,8.95579e+06,3.94181e+06,1.6403e+07,0,0,0,0
44.5754,85.139,4.42261,0.75,1,2.70821,3.06042,0,0.581107,4.47552,4.30939e+06,3.53887e+06,1.16707e+07,0,0,0,0,99.3022,98.274,4.22034,0,1,1.57317,1.77776,0,1.41505,2.1168,8.95579e+06,4.73018e+06,1.4089e+07,0,0,0,0
46.2562,85.139,4.59545,0.78,1,2.70859,3.06084,0,0.507519,4.47552,4.30939e+06,3.53887e+06,1.16724e+07,0,0,0,0,99.3022,98.274,4.32476,0,1,1.57339,1.77801,0,1.21543,2.1168,8.95579e+06,4.73018e+06,1.40909e+07,0,0,0,0
49.1524,85.139,5.9141,0.75,1,2.70896,3.06127,0,0.507589,4.47552,4.30939e+06,3.53887e+06,1.1674e+07,0,0,0,0,99.3022,98.274,4.87723,0,1,1.57361,1.77825,0,1.2156,2.1168,8.95579e+06,4.73018e+06,1.40929e+07,0,0,0,0
51.713,85.139,5.68032,0.79,1,2.70934,3.06169,0,0.507659,4.47552,4.30939e+06,3.53887e+06,1.16756e+07,0,0,0,0,99.3022,98.274,4.71709,0,1,1.57382,1.7785,0,1.21577,2.1168,8.95579e+06,4.73018e+06,1.40948e+07,0,0,0,0
55.9154,85.139,7.59052,0.79,1,2.70971,3.06211,0,0.50773,4.47552,4.30939e+06,3.53887e+06,1.16772e+07,0,0,0,0,99.3022,98.274,5.72773,0,1,1.57404,1.77875,0,1.21594,2.1168,8.95579e+06,4.73018e+06,1.40968e+07,0,0,0,0
56.9311,85.139,4.07474,0.82,1,2.80911,3.17444,0,0.5078,4.47552,4.30939e+06,3.53887e+06,1.21055e+07,0,0,0,0,99.3022,98.274,3.97938,0,1,1.63757,1.85054,0,1.2161,2.1168,8.95579e+06,4.73018e+06,1.46658e+07,0,0,0,0
57.8083,85.139,4.12719,0.78,1,2.8095,3.17488,0,0.526427,4.47552,4.30939e+06,3.53887e+06,1.21072e+07,0,0,0,0,99.3022,98.274,4.05629,0,1,1.6378,1.8508,0,1.26519,2.1168,8.95579e+06,4.73018e+06,1.46678e+07,0,0,0,0
58.6261,85.139,3.91152,0.81,1,2.80989,3.17532,0,0.5265,4.47552,4.30939e+06,3.53887e+06,1.21089e+07,0,0,0,0,99.3022,98.274,4.35975,0,1,1.63803,1.85106,0,1.26537,2.1168,8.95579e+06,4.73018e+06,1.46698e+07,0,0,0,0
59.8157,85.139,4.22411,0.84,1,2.81028,3.17576,0,0.526573,4.47552,4.30939e+06,3.53887e+06,1.21106e+07,0,0,0,0,99.3022,98.274,5.16743,0,1,1.63826,1.85131,0,1.26554,2.1168,8.95579e+06,4.73018e+06,1.46719e+07,0,0,0,0
60.2857,85.139,3.45118,0.85,1,2.77193,3.13242,0,0.526646,4.47552,4.30939e+06,3.53887e+06,1.19453e+07,0,0,0,0,99.3022,98.274,3.27061,0,1,1.61388,1.82376,0,1.26572,2.1168,8.95579e+06,4.73018e+06,1.44535e+07,0,0,0,0
60.3971,85.139,3.062,0.86,1,2.77231,3.13285,0,0.519459,4.47552,4.30939e+06,3.53887e+06,1.1947e+07,0,0,0,0,99.3022,98.274,2.87413,0,1,1.6141,1.82402,0,1.24688,2.1168,8.95579e+06,4.73018e+06,1.44556e+07,0,0,0,0
60.2809,85.139,2.80747,0.86,1,2.7727,3.13329,0,0.519531,4.47552,4.30939e+06,3.53887e+06,1.19486e+07,0,0,0,0,99.3022,98.274,2.64938,0,1,1.61433,1.82427,0,1.24705,2.1168,8.95579e+06,4.73018e+06,1.44576e+07,0,0,0,0
60.0285,85.139,2.64365,0.86,1,2.77308,3.13372,0,0.519603,4.47552,4.30939e+06,3.53887e+06,1.19503e+07,0,0,0,0,99.3022,98.274,2.6913,0,1,1.61455,1.82452,0,1.24723,2.1168,8.95579e+06,4.73018e+06,1.44596e+07,0,0,0,0
59.58,85.139,2.52459,0.86,1,2.90503,3.28283,0,0.519675,4.47552,4.30939e+06,2.94905e+06,1.25189e+07,0,0,0,0,99.3022,98.274,2.92256,1,1,1.70208,1.92343,0,1.2474,2.1168,8.95579e+06,3.94181e+06,1.52434e+07,0,0,0,0
58.8756,85.139,2.20457,0.84,1,2.90543,3.28329,0,0.544403,4.47552,4.30939e+06,2.94905e+06,1.25206e+07,0,0,0,0,99.3022,98.274,2.6003,1,1,1.70231,1.9237,0,1.31502,2.1168,8.95579e+06,3.94181e+06,1.52455e+07,0,0,0,0
58.1543,85.139,2.17502,0.83,1,2.90583,3.28374,0,0.544478,4.47552,4.30939e+06,2.94905e+06,1.25224e+07,0,0,0,0,99.3022,98.274,2.63696,1,1,1.70255,1.92397,0,1.31521,2.1168,8.95579e+06,3.94181e+06,1.52477e+07,0,0,0,0
57.314,85.139,2.03722,0.79,1,2.90624,3.2842,0,0.544553,4.47552,4.30939e+06,2.94905e+06,1.25241e+07,0,0,0,0,99.3022,98.274,2.51614,1,1,1.70278,1.92423,0,1.31539,2.1168,8.95579e+06,3.94181e+06,1.52498e+07,0,0,0,0
56.4987,85.139,2.03666,0.76,1,2.90664,3.28465,0,0.544629,4.47552,4.30939e+06,2.94905e+06,1.25258e+07,0,0,0,0,99.2721,98.274,2.25315,1,1,1.70302,1.9245,0,1.31557,2.1168,8.95579e+06,3.94181e+06,1.52519e+07,0,0,0,0
55.9383,85.139,2.24151,0.85,1,2.88101,3.25568,0,0.544704,4.47552,4.30939e+06,2.94905e+06,1.24154e+07,0,0,0,0,99.0645,98.274,1.97534,1,1,1.75127,1.97903,0,1.31575,2.1168,8.95579e+06,3.94181e+06,1.5684e+07,0,0,0,0
55.2041,85.139,2.05899,0.8,1,2.88141,3.25614,0,0.539901,4.47552,4.30939e+06,2.94905e+06,1.24171e+07,0,0,0,0,98.726,98.274,1.98648,1,1,1.75151,1.9793,0,1.35303,2.1168,8.95579e+06,3.94181e+06,1.56862e+07,0,0,0,0
54.3132,85.139,1.88528,0.76,1,2.8818,3.25659,0,0.539975,4.47552,4.30939e+06,2.94905e+06,1.24188e+07,0,0,0,0,98.4032,98.274,1.74965,1,1,1.75176,1.97957,0,1.35322,2.1168,8.95579e+06,3.94181e+06,1.56884e+07,0,0,0,0
53.3064,85.139,1.73057,0.66,1,2.8822,3.25704,0,0.54005,4.47552,4.30939e+06,2.94905e+06,1.24205e+07,0,0,0,0,98.1332,98.274,1.72064,1,1,1.752,1.97985,0,1.35341,2.1168,8.95579e+06,3.94181e+06,1.56905e+07,0,0,0,0
52.6125,85.139,2.08853,0.63,1,2.94988,3.33351,0,0.540125,4.47552,4.30939e+06,2.94905e+06,1.27122e+07,0,0,0,0,97.8469,98.274,2.08728,1,1,1.79506,2.02851,0,1.35359,2.1168,8.95579e+06,3.94181e+06,1.60762e+07,0,0,0,0
51.8364,85.139,1.9944,0.53,1,2.95029,3.33397,0,0.552807,4.47552,4.30939e+06,2.94905e+06,1.27139e+07,0,0,0,0,97.5604,98.274,2.1496,1,1,1.79531,2.02879,0,1.38686,2.1168,8.95579e+06,3.94181e+06,1.60784e+07,0,0,0,0
50.8543,85.139,1.77069,0.49,1,2.95069,3.33444,0,0.552884,4.47552,4.30939e+06,2.94905e+06,1.27157e+07,0,0,0,0,97.2462,98.274,1.95573,1,1,1.79556,2.02907,0,1.38705,2.1168,8.95579e+06,3.94181e+06,1.60806e+07,0,0,0,0
49.7341,85.139,1.60513,0.57,1,2.9511,3.3349,0,0.55296,4.47552,4.30939e+06,2.94905e+06,1.27174e+07,0,0,0,0,96.9237,98.274,1.91077,1,1,1.7958,2.02935,0,1.38725,2.1168,8.95579e+06,3.94181e+06,1.60828e+07,0,0,0,0
48.2871,85.139,1.39824,0.52,1,3.14863,3.55811,0,0.553037,4.47552,4.30939e+06,2.94905e+06,1.35687e+07,0,0,0,0,96.5163,98.274,1.92625,1,1,1.95069,2.20438,0,1.38744,2.1168,8.95579e+06,3.94181e+06,1.74699e+07,0,0,0,0
46.8,85.139,1.32289,0.48,1,3.14907,3.55861,0,0.590053,4.47552,4.30939e+06,2.94905e+06,1.35706e+07,0,0,0,0,96.0795,98.274,1.87198,1,1,1.95096,2.20468,0,1.5071,2.1168,8.95579e+06,3.94181e+06,1.74724e+07,0,0,0,0
45.4018,85.139,1.39654,0.44,1,3.1495,3.5591,0,0.590135,4.47552,4.30939e+06,2.94905e+06,1.35724e+07,0,0,0,0,95.6415,98.274,1.85676,1,1,1.95123,2.20499,0,1.50731,2.1168,8.95579e+06,3.94181e+06,1.74748e+07,0,0,0,0
44.6536,85.139,2.09405,0.5,1,3.14994,3.55959,0,0.590217,4.47552,4.30939e+06,2.94905e+06,1.35743e+07,0,0,0,0,95.2918,98.274,2.19914,1,1,1.9515,2.20529,0,1.50752,2.1168,8.95579e+06,3.94181e+06,1.74772e+07,0,0,0,0
44.6788,85.139,2.89013,0.47,1,3.15037,3.56008,0,0.590298,4.47552,4.30939e+06,2.94905e+06,1.35762e+07,0,0,0,0,95.0567,98.274,2.37659,1,1,1.95177,2.2056,0,1.50773,2.1168,8.95579e+06,3.94181e+06,1.74796e+07,0,0,0,0
43.878,85.139,1.87484,0.47,1,3.05468,3.45194,0,0.59038,4.47552,4.30939e+06,2.94905e+06,1.31638e+07,0,0,0,0,94.5563,98.274,1.76386,1,1,1.85812,2.09977,0,1.50794,2.1168,8.95579e+06,3.94181e+06,1.66409e+07,0,0,0,0
43.0894,85.139,1.94881,0.47,1,3.0551,3.45242,0,0.572446,4.47552,4.30939e+06,2.94905e+06,1.31656e+07,0,0,0,0,94.2066,98.274,2.14612,1,1,1.85837,2.10006,0,1.43558,2.1168,8.95579e+06,3.94181e+06,1.66432e+07,0,0,0,0
42.2997,85.139,1.967,0.46,1,3.05552,3.4529,0,0.572526,4.47552,4.30939e+06,2.94905e+06,1.31674e+07,0,0,0,0,93.9045,98.274,2.24008,1,1,1.85863,2.10035,0,1.43578,2.1168,8.95579e+06,3.94181e+06,1.66455e+07,0,0,0,0
41.6473,85.139,2.15607,0.48,1,3.05595,3.45337,0,0.572605,4.47552,4.30939e+06,2.94905e+06,1.31693e+07,0,0,0,0,93.6275,98.274,2.3982,1,1,1.85889,2.10064,0,1.43598,2.1168,8.95579e+06,3.94181e+06,1.66478e+07,0,0,0,0
40.3663,85.139,1.46886,0.49,1,2.97741,3.36463,0,0.572684,4.47552,4.30939e+06,2.94905e+06,1.28308e+07,0,0,0,0,93.4373,98.274,2.10994,1,1,1.77361,2.00427,0,1.43618,2.1168,8.95579e+06,3.94181e+06,1.5884e+07,0,0,0,0
39.8042,85.139,2.20381,0.48,1,2.97783,3.3651,0,0.557968,4.47552,4.30939e+06,2.94905e+06,1.28326e+07,0,0,0,0,93.2908,98.274,2.41345,1,1,1.77385,2.00454,0,1.37029,2.1168,8.95579e+06,3.94181e+06,1.58862e+07,0,0,0,0
42.1532,85.139,5.32196,0.49,1,2.97824,3.36556,0,0.558045,4.47552,4.30939e+06,2.94905e+06,1.28344e+07,0,0,0,0,93.8918,98.274,5.94619,1,1,1.7741,2.00482,0,1.37048,2.1168,8.95579e+06,3.94181e+06,1.58884e+07,0,0,0,0
43.3901,85.139,4.07017,0.51,1,2.97865,3.36603,0,0.558122,4.47552,4.30939e+06,2.94905e+06,1.28362e+07,0,0,0,0,94.1412,98.274,4.02404,1,1,1.77434,2.0051,0,1.37067,2.1168,8.95579e+06,3.94181e+06,1.58906e+07,0,0,0,0
44.3716,85.139,3.72854,0.56,1,2.75471,3.11296,0,0.558199,4.47552,4.30939e+06,3.53887e+06,1.18711e+07,0,0,0,0,94.6235,98.274,4.51581,0,1,1.59634,1.80394,0,1.37086,2.1168,8.95579e+06,4.73018e+06,1.42965e+07,0,0,0,0
45.3707,85.139,3.97821,0.56,1,2.75509,3.11339,0,0.516232,4.47552,4.30939e+06,3.53887e+06,1.18727e+07,0,0,0,0,95.2387,98.274,3.93746,0,1,1.59656,1.80419,0,1.23333,2.1168,8.95579e+06,4.73018e+06,1.42984e+07,0,0,0,0
47.341,85.139,4.88349,0.58,1,2.75547,3.11382,0,0.516303,4.47552,4.30939e+06,3.53887e+06,1.18744e+07,0,0,0,0,96.1273,98.274,4.46442,0,1,1.59678,1.80444,0,1.2335,2.1168,8.95579e+06,4.73018e+06,1.43004e+07,0,0,0,0
51.9838,85.139,7.79081,0.57,1,2.75585,3.11425,0,0.516375,4.47552,4.30939e+06,3.53887e+06,1.1876e+07,0,0,0,0,97.7486,98.274,7.29579,0,1,1.597,1.80469,0,1.23367,2.1168,8.95579e+06,4.73018e+06,1.43024e+07,0,0,0,0
53.6408,85.139,4.79782,0.53,1,2.75623,3.11468,0,0.516446,4.47552,4.30939e+06,3.53887e+06,1.18777e+07,0,0,0,0,99.3022,98.274,7.39053,0,1,1.59722,1.80494,0,1.23384,2.1168,8.95579e+06,4.73018e+06,1.43044e+07,0,0,0,0
55.2864,85.139,4.71312,0.55,1,2.84296,3.21269,0,0.516518,4.47552,4.30939e+06,3.53887e+06,1.22514e+07,0,0,0,0,99.3022,98.274,3.85136,0,1,1.64909,1.86355,0,1.23401,2.1168,8.95579e+06,4.73018e+06,1.47689e+07,0,0,0,0
57.4461,85.139,5.22316,0.59,1,2.84332,3.2131,0,0.53277,4.47552,4.30939e+06,3.53887e+06,1.2253e+07,0,0,0,0,99.3022,98.274,5.27979,0,1,1.6493,1.86379,0,1.27408,2.1168,8.95579e+06,4.73018e+06,1.47708e+07,0,0,0,0
60.7015,85.139,6.24599,0.55,1,2.84369,3.21352,0,0.532839,4.47552,4.30939e+06,3.53887e+06,1.22546e+07,0,0,0,0,99.3022,98.274,4.4193,0,1,1.64951,1.86403,0,1.27425,2.1168,8.95579e+06,4.73018e+06,1.47727e+07,0,0,0,0
66.3727,85.139,9.08561,0.58,1,2.84406,3.21393,0,0.532908,4.47552,4.30939e+06,3.53887e+06,1.22562e+07,0,0,0,0,99.3022,98.274,5.27578,0,1,1.64973,1.86427,0,1.27441,2.1168,8.95579e+06,4.73018e+06,1.47746e+07,0,0,0,0
68.0398,85.139,5.20025,0.51,1,3.12187,3.52787,0,0.532977,4.47552,4.30939e+06,2.94905e+06,1.34533e+07,0,0,0,0,99.3022,98.274,4.73011,1,1,1.84394,2.08374,0,1.27458,2.1168,8.95579e+06,3.94181e+06,1.65139e+07,0,0,0,0
68.0144,85.139,3.28224,0.53,1,3.12227,3.52833,0,0.585038,4.47552,4.30939e+06,2.94905e+06,1.34551e+07,0,0,0,0,99.3022,98.274,3.23557,1,1,1.84418,2.08401,0,1.42463,2.1168,8.95579e+06,3.94181e+06,1.6516e+07,0,0,0,0
68.7387,85.139,4.11211,0.53,1,3.12267,3.52878,0,0.585113,4.47552,4.30939e+06,2.94905e+06,1.34568e+07,0,0,0,0,99.3022,98.274,3.4524,1,1,1.84441,2.08428,0,1.42481,2.1168,8.95579e+06,3.94181e+06,1.65182e+07,0,0,0,0
69.4692,85.139,4.1066,0.46,1,3.12308,3.52924,0,0.585189,4.47552,4.30939e+06,2.94905e+06,1.34586e+07,0,0,0,0,99.3022,98.274,3.62116,1,1,1.84465,2.08455,0,1.42499,2.1168,8.95579e+06,3.94181e+06,1.65203e+07,0,0,0,0
70.5596,85.139,4.11267,0.48,1,2.72756,3.08228,0,0.585265,4.47552,4.30939e+06,3.53887e+06,1.17541e+07,0,0,0,0,99.3022,98.274,3.17445,0,1,1.58441,1.79046,0,1.42518,2.1168,8.95579e+06,4.73018e+06,1.41896e+07,0,0,0,0
72.0538,85.139,4.56586,0.52,1,2.72791,3.08268,0,0.511145,4.47552,4.30939e+06,3.53887e+06,1.17556e+07,0,0,0,0,99.3022,98.274,3.3623,0,1,1.58461,1.79069,0,1.22411,2.1168,8.95579e+06,4.73018e+06,1.41915e+07,0,0,0,0
75.2634,85.139,6.42345,0.58,1,2.72827,3.08308,0,0.511211,4.47552,4.30939e+06,3.53887e+06,1.17572e+07,0,0,0,0,99.3022,98.274,3.62115,0,1,1.58482,1.79093,0,1.22427,2.1168,8.95579e+06,4.73018e+06,1.41933e+07,0,0,0,0
78.4664,85.139,6.36701,0.51,1,2.72862,3.08348,0,0.511277,4.47552,4.30939e+06,3.53887e+06,1.17587e+07,0,0,0,0,99.3022,98.274,3.5455,0,1,1.58502,1.79116,0,1.22443,2.1168,8.95579e+06,4.73018e+06,1.41951e+07,0,0,0,0
81.8325,85.139,6.60445,0.58,1,2.72897,3.08388,0,0.511343,4.47552,4.30939e+06,3.53887e+06,1.17602e+07,0,0,0,0,99.3022,98.274,4.21521,0,1,1.58523,1.79139,0,1.22459,2.1168,8.95579e+06,4.73018e+06,1.4197e+07,0,0,0,0
83.3198,85.139,4.94457,0.47,1,2.82905,3.19697,0,0.511409,4.47552,4.30939e+06,3.53887e+06,1.21915e+07,0,0,0,0,99.3022,98.274,4.58524,0,1,1.6492,1.86368,0,1.22475,2.1168,8.95579e+06,4.73018e+06,1.47699e+07,0,0,0,0
84.0883,85.139,4.16665,0.49,1,2.82941,3.19738,0,0.530164,4.47552,4.30939e+06,3.53887e+06,1.2193e+07,0,0,0,0,99.3022,98.274,3.80766,0,1,1.64941,1.86392,0,1.27417,2.1168,8.95579e+06,4.73018e+06,1.47718e+07,0,0,0,0
85.139,85.139,4.44245,0.46,1,2.82978,3.1978,0,0.530232,4.47552,4.30939e+06,3.53887e+06,1.21946e+07,0,0,0,0,99.3022,98.274,3.6735,0,1,1.64963,1.86416,0,1.27434,2.1168,8.95579e+06,4.73018e+06,1.47737e+07,0,0,0,0
85.139,85.139,4.57037,0.33,1,3.19821,3.19821,0,0.530301,4.47552,4.30939e+06,2.70226e+06,1.37823e+07,0,0,0,0,99.3022,98.274,4.50841,0,1,1.8644,1.8644,0,1.2745,2.1168,8.95579e+06,3.61194e+06,1.66972e+07,0,0,0,0
85.139,85.139,3.78523,0.3,1,3.15454,3.15454,0,0.599345,4.47552,4.30939e+06,2.70226e+06,1.35941e+07,0,0,0,0,99.3022,98.274,4.11817,0,1,1.83664,1.83664,0,1.44044,2.1168,8.95579e+06,3.61194e+06,1.64486e+07,0,0,0,0
85.1331,85.139,3.54606,0.28,1,3.15495,3.15495,0,0.59116,4.47552,4.30939e+06,2.70226e+06,1.35959e+07,0,0,0,0,99.3022,98.274,3.5401,0,1,1.83688,1.83688,0,1.41899,2.1168,8.95579e+06,3.61194e+06,1.64507e+07,0,0,0,0
84.7972,85.139,2.87333,0.41,1,2.79222,3.15535,0,0.591237,4.47552,4.30939e+06,3.53887e+06,1.20328e+07,0,0,0,0,99.3022,98.274,3.00765,0,1,1.62569,1.83712,0,1.41917,2.1168,8.95579e+06,4.73018e+06,1.45594e+07,0,0,0,0
84.3912,85.139,2.78122,0.41,1,2.79258,3.15576,0,0.523262,4.47552,4.30939e+06,3.53887e+06,1.20343e+07,0,0,0,0,99.2662,98.274,2.62099,0,1,1.6259,1.83735,0,1.25601,2.1168,8.95579e+06,4.73018e+06,1.45612e+07,0,0,0,0
83.378,85.139,2.48386,0.35,1,3.2298,3.30589,0,0.52333,4.47552,4.30939e+06,2.94905e+06,1.39185e+07,0,0,0,0,99.0195,98.274,2.73163,1,1,1.89236,1.93694,0,1.25617,2.1168,8.95579e+06,3.94181e+06,1.69476e+07,0,0,0,0
82.4288,85.139,2.49855,0.32,1,3.23022,3.30632,0,0.605264,4.47552,4.30939e+06,2.94905e+06,1.39203e+07,0,0,0,0,98.7962,98.274,2.57233,1,1,1.8926,1.93719,0,1.46204,2.1168,8.95579e+06,3.94181e+06,1.69498e+07,0,0,0,0
81.2266,85.139,2.22521,0.31,1,3.23063,3.30674,0,0.605342,4.47552,4.30939e+06,2.94905e+06,1.39221e+07,0,0,0,0,98.5263,98.274,2.35729,1,1,1.89285,1.93744,0,1.46223,2.1168,8.95579e+06,3.94181e+06,1.6952e+07,0,0,0,0
79.9656,85.139,2.09513,0.28,1,3.23105,3.30717,0,0.605421,4.47552,4.30939e+06,2.94905e+06,1.39239e+07,0,0,0,0,98.2038,98.274,2.26572,1,1,1.89309,1.93769,0,1.46241,2.1168,8.95579e+06,3.94181e+06,1.69541e+07,0,0,0,0
78.5767,85.139,1.95371,0.26,1,3.23147,3.3076,0,0.605499,4.47552,4.30939e+06,2.94905e+06,1.39257e+07,0,0,0,0,97.8027,98.274,2.12683,1,1,1.89334,1.93794,0,1.4626,2.1168,8.95579e+06,3.94181e+06,1.69563e+07,0,0,0,0
76.9739,85.139,1.67934,0.32,1,3.20294,3.2784,0,0.605577,4.47552,4.30939e+06,2.94905e+06,1.38027e+07,0,0,0,0,97.5293,98.274,1.95838,1,1,1.94696,1.99283,0,1.46279,2.1168,8.95579e+06,3.94181e+06,1.74366e+07,0,0,0,0
75.3163,85.139,1.587,0.32,1,3.20335,3.27882,0,0.600231,4.47552,4.30939e+06,2.94905e+06,1.38045e+07,0,0,0,0,97.156,98.274,1.88998,1,1,1.94722,1.99309,0,1.50422,2.1168,8.95579e+06,3.94181e+06,1.74389e+07,0,0,0,0
73.5967,85.139,1.50272,0.28,1,3.20377,3.27925,0,0.600308,4.47552,4.30939e+06,2.94905e+06,1.38063e+07,0,0,0,0,96.689,98.274,1.79174,1,1,1.94747,1.99335,0,1.50442,2.1168,8.95579e+06,3.94181e+06,1.74411e+07,0,0,0,0
71.7873,85.139,1.39457,0.33,1,3.20418,3.27967,0,0.600386,4.47552,4.30939e+06,2.94905e+06,1.38081e+07,0,0,0,0,96.1133,98.274,1.67368,1,1,1.94772,1.99361,0,1.50461,2.1168,8.95579e+06,3.94181e+06,1.74434e+07,0,0,0,0
69.9305,85.139,1.36803,0.31,1,3.27938,3.35664,0,0.600464,4.47552,4.30939e+06,2.94905e+06,1.41321e+07,0,0,0,0,95.4696,98.274,1.5754,1,1,1.99557,2.04259,0,1.50481,2.1168,8.95579e+06,3.94181e+06,1.78719e+07,0,0,0,0
68.0718,85.139,1.3355,0.31,1,3.27981,3.35708,0,0.614557,4.47552,4.30939e+06,2.94905e+06,1.4134e+07,0,0,0,0,94.7845,98.274,1.58179,1,1,1.99583,2.04285,0,1.54178,2.1168,8.95579e+06,3.94181e+06,1.78742e+07,0,0,0,0
66.0865,85.139,1.18695,0.35,1,3.28023,3.35751,0,0.614636,4.47552,4.30939e+06,2.94905e+06,1.41358e+07,0,0,0,0,94.0102,98.274,1.48153,1,1,1.99609,2.04311,0,1.54198,2.1168,8.95579e+06,3.94181e+06,1.78765e+07,0,0,0,0
64.0187,85.139,1.08054,0.35,1,3.28066,3.35795,0,0.614716,4.47552,4.30939e+06,2.94905e+06,1.41376e+07,0,0,0,0,93.1717,98.274,1.40485,1,1,1.99635,2.04338,0,1.54218,2.1168,8.95579e+06,3.94181e+06,1.78788e+07,0,0,0,0
61.7343,85.139,0.999936,0.34,1,3.50021,3.58267,0,0.614795,4.47552,4.30939e+06,2.94905e+06,1.50838e+07,0,0,0,0,92.0924,98.274,1.33782,1,1,2.1168,2.21959,0.051702,1.54238,2.1168,8.95579e+06,3.94181e+06,1.89576e+07,0,0,0,0
59.5652,85.139,1.08419,0.39,1,3.50066,3.58313,0,0.655939,4.47552,4.30939e+06,2.94905e+06,1.50857e+07,0,0,0,0,91.1494,98.274,1.1709,1,1,2.1168,2.21988,0.0519822,1.63544,2.1168,8.95579e+06,3.94181e+06,1.89576e+07,0,0,0,0
57.4906,85.139,1.16575,0.38,1,3.50111,3.5836,0,0.656024,4.47552,4.30939e+06,2.94905e+06,1.50877e+07,0,0,0,0,89.9997,98.274,1.43299,1,1,2.1168,2.22016,0.0522624,1.63544,2.1168,8.95579e+06,3.94181e+06,1.89576e+07,0,0,0,0
55.2499,85.139,0.965504,0.38,1,3.50157,3.58406,0,0.656109,4.47552,4.30939e+06,2.94905e+06,1.50896e+07,0,0,0,0,89.3436,98.274,1.01081,1,1,2.1168,2.22045,0.0525426,1.63544,2.1168,8.95579e+06,3.94181e+06,1.89576e+07,0,0,0,0
53.5176,85.139,1.18605,0.44,1,3.172,3.58452,0,0.656194,4.47552,4.30939e+06,2.94905e+06,1.36694e+07,0,0,0,0,88.863,98.274,1.89062,1,1,1.96517,2.22074,0,1.63544,2.1168,8.95579e+06,3.94181e+06,1.75996e+07,0,0,0,0
52.736,85.139,2.07357,0.43,1,3.07562,3.4756,0,0.594433,4.47552,4.30939e+06,2.94905e+06,1.3254e+07,0,0,0,0,88.3076,98.274,1.53987,1,1,1.87085,2.11416,0,1.51829,2.1168,8.95579e+06,3.94181e+06,1.6755e+07,0,0,0,0
51.6807,85.139,1.80625,0.43,1,3.07601,3.47605,0,0.576371,4.47552,4.30939e+06,2.94905e+06,1.32557e+07,0,0,0,0,88.1195,98.274,1.43902,1,1,1.8711,2.11443,0,1.44542,2.1168,8.95579e+06,3.94181e+06,1.67571e+07,0,0,0,0
50.9064,85.139,2.08903,0.42,1,3.07641,3.4765,0,0.576445,4.47552,4.30939e+06,2.94905e+06,1.32575e+07,0,0,0,0,88.1998,98.274,2.41729,1,1,1.87134,2.11471,0,1.44561,2.1168,8.95579e+06,3.94181e+06,1.67593e+07,0,0,0,0
50.0708,85.139,2.01219,0.45,1,3.07681,3.47695,0,0.57652,4.47552,4.30939e+06,2.94905e+06,1.32592e+07,0,0,0,0,88.2184,98.274,2.29199,1,1,1.87158,2.11498,0,1.4458,2.1168,8.95579e+06,3.94181e+06,1.67615e+07,0,0,0,0
49.7985,85.139,2.59403,0.47,1,2.99772,3.38757,0,0.576594,4.47552,4.30939e+06,2.94905e+06,1.29183e+07,0,0,0,0,88.2878,98.274,2.21501,1,1,1.7857,2.01793,0,1.44598,2.1168,8.95579e+06,3.94181e+06,1.59923e+07,0,0,0,0
52.3183,85.139,5.49679,0.4,1,2.9981,3.38801,0,0.561772,4.47552,4.30939e+06,2.94905e+06,1.292e+07,0,0,0,0,88.7807,98.274,3.66128,1,1,1.78593,2.01819,0,1.37963,2.1168,8.95579e+06,3.94181e+06,1.59944e+07,0,0,0,0
54.6226,85.139,5.52725,0.22,1,3.31046,3.38845,0,0.561844,4.47552,4.30939e+06,2.94905e+06,1.4266e+07,0,0,0,0,89.613,98.274,4.41049,1,1,1.97199,2.01845,0,1.37981,2.1168,8.95579e+06,3.94181e+06,1.76608e+07,0,0,0,0
56.7366,85.139,5.46942,0.23,1,3.31088,3.38888,0,0.620379,4.47552,4.30939e+06,2.94905e+06,1.42679e+07,0,0,0,0,90.0859,98.274,4.06181,1,1,1.97225,2.01871,0,1.52356,2.1168,8.95579e+06,3.94181e+06,1.7663e+07,0,0,0,0
56.8641,85.139,3.34605,0.26,1,3.13407,3.13407,0,0.620459,4.47552,4.30939e+06,2.70226e+06,1.35059e+07,0,0,0,0,90.2198,98.274,2.68624,0,1,1.81617,1.81617,0,1.52376,2.1168,8.95579e+06,3.61194e+06,1.62653e+07,0,0,0,0
56.0396,85.139,2.27822,0,1,3.13447,3.13447,0,0.587324,4.47552,4.30939e+06,2.70226e+06,1.35077e+07,0,0,0,0,90.2726,98.274,2.26412,0,1,1.81641,1.81641,0,1.40318,2.1168,8.95579e+06,3.61194e+06,1.62674e+07,0,0,0,0
57.657,85.139,4.85219,0.27,1,3.13488,3.13488,0,0.5874,4.47552,4.30939e+06,2.70226e+06,1.35094e+07,0,0,0,0,90.7496,98.274,3.7668,0,1,1.81664,1.81664,0,1.40336,2.1168,8.95579e+06,3.61194e+06,1.62695e+07,0,0,0,0
58.5877,85.139,4.16419,0,1,3.13528,3.13528,0,0.587476,4.47552,4.30939e+06,2.70226e+06,1.35111e+07,0,0,0,0,91.0715,98.274,2.92128,0,1,1.81688,1.81688,0,1.40354,2.1168,8.95579e+06,3.61194e+06,1.62716e+07,0,0,0,0
61.5783,85.139,6.29087,0,1,3.13569,3.13569,0,0.587552,4.47552,4.30939e+06,2.70226e+06,1.35129e+07,0,0,0,0,92.0974,98.274,5.06497,0,1,1.81711,1.81711,0,1.40372,2.1168,8.95579e+06,3.61194e+06,1.62737e+07,0,0,0,0
63.3844,85.139,5.41223,0.25,1,3.23432,3.23432,0,0.587628,4.47552,4.30939e+06,2.70226e+06,1.3938e+07,0,0,0,0,92.9624,98.274,4.75549,0,1,1.8761,1.8761,0,1.4039,2.1168,8.95579e+06,3.61194e+06,1.6802e+07,0,0,0,0
64.7593,85.139,4.94394,0,1,3.23471,3.23471,0,0.606112,4.47552,4.30939e+06,2.70226e+06,1.39396e+07,0,0,0,0,93.7666,98.274,4.45227,0,1,1.87633,1.87633,0,1.44948,2.1168,8.95579e+06,3.61194e+06,1.6804e+07,0,0,0,0
70.8227,85.139,9.86544,0,1,3.2351,3.2351,0,0.606185,4.47552,4.30939e+06,2.70226e+06,1.39413e+07,0,0,0,0,95.2666,98.274,6.40947,0,1,1.87655,1.87655,0,1.44965,2.1168,8.95579e+06,3.61194e+06,1.6806e+07,0,0,0,0
80.3516,85.139,13.836,0.01,1,3.23549,3.23549,0,0.606258,4.47552,4.30939e+06,2.70226e+06,1.3943e+07,0,0,0,0,96.7128,98.274,7.24976,0,1,1.87678,1.87678,0,1.44982,2.1168,8.95579e+06,3.61194e+06,1.6808e+07,0,0,0,0
85.139,85.139,14.0835,0,1,3.89312,3.5515,0,0.606331,4.47552,4.30939e+06,2.94905e+06,1.6777e+07,0,0,0,0,99.3022,98.274,8.79595,1,1,1.62606,2.0977,0,1.45,2.1168,8.95579e+06,3.94181e+06,1.45626e+07,0,0,0,0
85.139,85.139,22.306,0.11,1,3.47017,3.55193,0,0.72957,4.47552,4.30939e+06,2.94905e+06,1.49543e+07,0,0,0,0,99.3022,98.274,14.9331,1,1,2.04967,2.09795,0,1.25629,2.1168,8.95579e+06,3.94181e+06,1.83564e+07,0,0,0,0
85.139,85.139,9.24931,0.22,1,3.47059,3.55236,0,0.650311,4.47552,4.30939e+06,2.94905e+06,1.49561e+07,0,0,0,0,99.3022,98.274,7.61565,1,1,2.04991,2.09821,0,1.58357,2.1168,8.95579e+06,3.94181e+06,1.83586e+07,0,0,0,0
85.139,85.139,7.5393,0.23,1,3.47101,3.55278,0,0.650389,4.47552,4.30939e+06,2.94905e+06,1.49579e+07,0,0,0,0,99.3022,98.274,7.71476,1,1,2.05016,2.09846,0,1.58376,2.1168,8.95579e+06,3.94181e+06,1.83608e+07,0,0,0,0
85.139,85.139,7.65925,0.25,1,3.10282,3.10282,0,0.650467,4.47552,4.30939e+06,2.70226e+06,1.33713e+07,0,0,0,0,99.3022,98.274,13.2561,0,1,1.80239,1.80239,0,1.58395,2.1168,8.95579e+06,3.61194e+06,1.61418e+07,0,0,0,0
85.139,85.139,6.37743,0.29,1,3.10319,3.10319,0,0.581468,4.47552,4.30939e+06,2.70226e+06,1.33729e+07,0,0,0,0,99.3022,98.274,6.96217,0,1,1.80261,1.80261,0,1.39253,2.1168,8.95579e+06,3.61194e+06,1.61438e+07,0,0,0,0
85.139,85.139,9.11326,0.3,1,3.10357,3.10357,0,0.581538,4.47552,4.30939e+06,2.70226e+06,1.33745e+07,0,0,0,0,99.3022,98.274,12.0801,0,1,1.80283,1.80283,0,1.3927,2.1168,8.95579e+06,3.61194e+06,1.61457e+07,0,0,0,0
85.139,85.139,11.0386,0.32,1,3.10394,3.10394,0,0.581608,4.47552,4.30939e+06,2.70226e+06,1.33761e+07,0,0,0,0,99.3022,98.274,14.3957,0,1,1.80304,1.80304,0,1.39286,2.1168,8.95579e+06,3.61194e+06,1.61477e+07,0,0,0,0
85.139,85.139,7.05252,0.33,1,3.10431,3.10431,0,0.581678,4.47552,4.30939e+06,2.70226e+06,1.33777e+07,0,0,0,0,99.3022,98.274,5.89265,0,1,1.80326,1.80326,0,1.39303,2.1168,8.95579e+06,3.61194e+06,1.61496e+07,0,0,0,0
85.139,85.139,9.30828,0.36,1,3.21813,3.21813,0,0.581748,4.47552,4.30939e+06,2.70226e+06,1.38682e+07,0,0,0,0,99.3022,98.274,17.634,0,1,1.87601,1.87601,0,1.3932,2.1168,8.95579e+06,3.61194e+06,1.68012e+07,0,0,0,0
85.139,85.139,9.46722,0.36,1,3.21851,3.21851,0,0.603077,4.47552,4.30939e+06,2.70226e+06,1.38698e+07,0,0,0,0,99.3022,98.274,15.2516,0,1,1.87624,1.87624,0,1.44941,2.1168,8.95579e+06,3.61194e+06,1.68032e+07,0,0,0,0
85.139,85.139,7.5217,0.36,1,3.2189,3.2189,0,0.603149,4.47552,4.30939e+06,2.70226e+06,1.38715e+07,0,0,0,0,99.3022,98.274,12.7124,0,1,1.87646,1.87646,0,1.44958,2.1168,8.95579e+06,3.61194e+06,1.68052e+07,0,0,0,0
85.139,85.139,6.6371,0.36,1,3.21929,3.21929,0,0.603222,4.47552,4.30939e+06,2.70226e+06,1.38732e+07,0,0,0,0,99.3022,98.274,11.8837,0,1,1.87669,1.87669,0,1.44976,2.1168,8.95579e+06,3.61194e+06,1.68072e+07,0,0,0,0
85.139,85.139,6.45348,0.36,1,3.1753,3.1753,0,0.603294,4.47552,4.30939e+06,2.70226e+06,1.36836e+07,0,0,0,0,99.3022,98.274,8.84303,0,1,1.84873,1.84873,0,1.44993,2.1168,8.95579e+06,3.61194e+06,1.65568e+07,0,0,0,0
85.139,85.139,5.71732,0.33,1,3.17568,3.17568,0,0.595051,4.47552,4.30939e+06,2.70226e+06,1.36852e+07,0,0,0,0,99.3022,98.274,7.73405,0,1,1.84895,1.84895,0,1.42833,2.1168,8.95579e+06,3.61194e+06,1.65588e+07,0,0,0,0
85.139,85.139,5.5237,0.31,1,3.17606,3.17606,0,0.595123,4.47552,4.30939e+06,2.70226e+06,1.36869e+07,0,0,0,0,99.3022,98.274,7.2059,0,1,1.84917,1.84917,0,1.4285,2.1168,8.95579e+06,3.61194e+06,1.65608e+07,0,0,0,0
85.139,85.139,5.13398,0.29,1,3.17645,3.17645,0,0.595194,4.47552,4.30939e+06,2.70226e+06,1.36885e+07,0,0,0,0,99.3022,98.274,7.29672,0,1,1.8494,1.8494,0,1.42867,2.1168,8.95579e+06,3.61194e+06,1.65628e+07,0,0,0,0
85.139,85.139,4.91189,0.27,1,3.25094,3.32753,0,0.595266,4.47552,4.30939e+06,2.94905e+06,1.40096e+07,0,0,0,0,99.3022,98.274,6.78919,1,1,1.90475,1.94962,0,1.42884,2.1168,8.95579e+06,3.94181e+06,1.70585e+07,0,0,0,0
85.139,85.139,4.49279,0.25,1,3.25133,3.32793,0,0.609226,4.47552,4.30939e+06,2.94905e+06,1.40112e+07,0,0,0,0,99.3022,98.274,5.88742,1,1,1.90497,1.94985,0,1.47161,2.1168,8.95579e+06,3.94181e+06,1.70606e+07,0,0,0,0
85.139,85.139,4.15479,0.23,1,3.25172,3.32833,0,0.609299,4.47552,4.30939e+06,2.94905e+06,1.40129e+07,0,0,0,0,99.3022,98.274,5.66357,1,1,1.9052,1.95009,0,1.47178,2.1168,8.95579e+06,3.94181e+06,1.70626e+07,0,0,0,0
85.139,85.139,3.89215,0.22,1,3.25211,3.32873,0,0.609372,4.47552,4.30939e+06,2.94905e+06,1.40146e+07,0,0,0,0,99.3022,98.274,5.13379,1,1,1.90543,1.95032,0,1.47196,2.1168,8.95579e+06,3.94181e+06,1.70647e+07,0,0,0,0
85.139,85.139,3.68264,0.23,1,3.2525,3.32913,0,0.609446,4.47552,4.30939e+06,2.94905e+06,1.40163e+07,0,0,0,0,99.3022,98.274,4.82618,1,1,1.90566,1.95056,0,1.47214,2.1168,8.95579e+06,3.94181e+06,1.70667e+07,0,0,0,0
85.139,85.139,5.8447,0.22,1,3.22376,3.29971,0,0.609519,4.47552,4.30939e+06,2.94905e+06,1.38924e+07,0,0,0,0,99.3022,98.274,5.59989,1,1,1.95962,2.00579,0,1.47231,2.1168,8.95579e+06,3.94181e+06,1.75499e+07,0,0,0,0
85.139,85.139,5.24632,0.23,1,3.22415,3.30011,0,0.604133,4.47552,4.30939e+06,2.94905e+06,1.38941e+07,0,0,0,0,99.3022,98.274,5.1346,1,1,1.95986,2.00603,0,1.514,2.1168,8.95579e+06,3.94181e+06,1.75521e+07,0,0,0,0
85.139,85.139,4.81295,0.23,1,3.22454,3.3005,0,0.604205,4.47552,4.30939e+06,2.94905e+06,1.38958e+07,0,0,0,0,99.3022,98.274,5.09199,1,1,1.96009,2.00627,0,1.51419,2.1168,8.95579e+06,3.94181e+06,1.75542e+07,0,0,0,0
85.139,85.139,4.64614,0.22,1,3.22492,3.3009,0,0.604278,4.47552,4.30939e+06,2.94905e+06,1.38975e+07,0,0,0,0,99.3022,98.274,4.89812,1,1,1.96033,2.00651,0,1.51437,2.1168,8.95579e+06,3.94181e+06,1.75563e+07,0,0,0,0
85.139,85.139,4.38643,0.22,1,3.30058,3.37834,0,0.604351,4.47552,4.30939e+06,2.94905e+06,1.42235e+07,0,0,0,0,99.3022,98.274,4.0539,1,1,2.00847,2.05579,0,1.51455,2.1168,8.95579e+06,3.94181e+06,1.79874e+07,0,0,0,0
85.139,85.139,4.18131,0.22,1,3.30098,3.37875,0,0.618529,4.47552,4.30939e+06,2.94905e+06,1.42252e+07,0,0,0,0,99.2603,98.274,3.5628,1,1,2.00871,2.05604,0,1.55175,2.1168,8.95579e+06,3.94181e+06,1.79896e+07,0,0,0,0
85.139,85.139,3.87919,0.23,1,3.30138,3.37916,0,0.618604,4.47552,4.30939e+06,2.94905e+06,1.42269e+07,0,0,0,0,99.1567,98.274,3.41601,1,1,2.00895,2.05628,0,1.55193,2.1168,8.95579e+06,3.94181e+06,1.79918e+07,0,0,0,0
85.139,85.139,3.53207,0.23,1,3.30178,3.37956,0,0.618678,4.47552,4.30939e+06,2.94905e+06,1.42286e+07,0,0,0,0,99.0119,98.274,3.00959,1,1,2.0092,2.05653,0,1.55212,2.1168,8.95579e+06,3.94181e+06,1.79939e+07,0,0,0,0
85.139,85.139,4.13384,0.23,1,3.52271,3.6057,0,0.618753,4.47552,4.30939e+06,2.94905e+06,1.51807e+07,0,0,0,0,98.9865,98.274,4.09621,1,1,2.1168,2.23386,0.0656419,1.55231,2.1168,8.95579e+06,3.94181e+06,1.89576e+07,0,0,0,0
85.139,85.139,4.31925,0.23,1,3.52313,3.60614,0,0.660156,4.47552,4.30939e+06,2.94905e+06,1.51826e+07,0,0,0,0,98.7906,98.274,3.29929,1,1,2.1168,2.23413,0.0659044,1.63544,2.1168,8.95579e+06,3.94181e+06,1.89576e+07,0,0,0,0
85.139,85.139,3.8749,0.23,1,3.52356,3.60657,0,0.660235,4.47552,4.30939e+06,2.94905e+06,1.51844e+07,0,0,0,0,98.5684,98.274,3.16069,1,1,2.1168,2.2344,0.066167,1.63544,2.1168,8.95579e+06,3.94181e+06,1.89576e+07,0,0,0,0
85.139,85.139,3.9151,0.22,1,3.52398,3.607,0,0.660315,4.47552,4.30939e+06,2.94905e+06,1.51862e+07,0,0,0,0,98.4541,98.274,3.40105,1,1,2.1168,2.23466,0.0664297,1.63544,2.1168,8.95579e+06,3.94181e+06,1.89576e+07,0,0,0,0
85.139,85.139,3.95164,0.21,1,3.52441,3.60744,0,0.660394,4.47552,4.30939e+06,2.94905e+06,1.5188e+07,0,0,0,0,98.3532,98.274,4.04314,1,1,2.1168,2.23493,0.0666922,1.63544,2.1168,8.95579e+06,3.94181e+06,1.89576e+07,0,0,0,0
85.139,85.139,4.18284,0.2,1,3.41728,3.49779,0,0.660474,4.47552,4.30939e+06,2.94905e+06,1.47264e+07,0,0,0,0,98.2807,98.274,4.32254,1,1,2.07868,2.12766,0,1.63544,2.1168,8.95579e+06,3.94181e+06,1.86163e+07,0,0,0,0
84.7889,85.139,3.34617,0.19,1,3.41769,3.49821,0,0.640399,4.47552,4.30939e+06,2.94905e+06,1.47282e+07,0,0,0,0,97.998,98.274,3.51611,1,1,2.07893,2.12791,0,1.60599,2.1168,8.95579e+06,3.94181e+06,1.86185e+07,0,0,0,0
84.6635,85.139,3.58562,0.24,1,3.4181,3.49863,0,0.640476,4.47552,4.30939e+06,2.94905e+06,1.47299e+07,0,0,0,0,97.7286,98.274,3.71853,1,1,2.07918,2.12817,0,1.60618,2.1168,8.95579e+06,3.94181e+06,1.86207e+07,0,0,0,0
85.139,85.139,5.22588,0.22,1,3.41852,3.49905,0,0.640553,4.47552,4.30939e+06,2.94905e+06,1.47317e+07,0,0,0,0,97.7724,98.274,4.92447,1,1,2.07943,2.12842,0,1.60638,2.1168,8.95579e+06,3.94181e+06,1.8623e+07,0,0,0,0
85.139,85.139,5.03809,0.17,1,3.33061,3.40907,0,0.64063,4.47552,4.30939e+06,2.94905e+06,1.43529e+07,0,0,0,0,98.0559,98.274,4.79056,1,1,1.984,2.03074,0,1.60657,2.1168,8.95579e+06,3.94181e+06,1.77683e+07,0,0,0,0
85.139,85.139,4.14477,0.17,1,3.33101,3.40948,0,0.624156,4.47552,4.30939e+06,2.94905e+06,1.43546e+07,0,0,0,0,99.0824,98.274,5.35971,1,1,1.98424,2.03098,0,1.53284,2.1168,8.95579e+06,3.94181e+06,1.77704e+07,0,0,0,0
85.0821,85.139,3.78139,0.17,1,3.33141,3.40989,0,0.624231,4.47552,4.30939e+06,2.94905e+06,1.43563e+07,0,0,0,0,99.3022,98.274,5.84567,1,1,1.98448,2.03123,0,1.53302,2.1168,8.95579e+06,3.94181e+06,1.77725e+07,0,0,0,0
85.139,85.139,4.33857,0.22,1,3.33181,3.4103,0,0.624306,4.47552,4.30939e+06,2.94905e+06,1.43581e+07,0,0,0,0,99.3022,98.274,6.62428,1,1,1.98471,2.03147,0,1.53321,2.1168,8.95579e+06,3.94181e+06,1.77747e+07,0,0,0,0
85.139,85.139,6.19468,0.2,1,3.15385,3.15385,0,0.624381,4.47552,4.30939e+06,2.70226e+06,1.35912e+07,0,0,0,0,99.3022,98.274,5.16841,0,1,1.82764,1.82764,0,1.53339,2.1168,8.95579e+06,3.61194e+06,1.63679e+07,0,0,0,0
85.139,85.139,8.52329,0.2,1,3.15423,3.15423,0,0.591031,4.47552,4.30939e+06,2.70226e+06,1.35928e+07,0,0,0,0,99.3022,98.274,7.76162,0,1,1.82786,1.82786,0,1.41203,2.1168,8.95579e+06,3.61194e+06,1.63699e+07,0,0,0,0
85.139,85.139,9.52476,0.21,1,3.15461,3.15461,0,0.591102,4.47552,4.30939e+06,2.70226e+06,1.35944e+07,0,0,0,0,99.3022,98.274,8.56728,0,1,1.82808,1.82808,0,1.4122,2.1168,8.95579e+06,3.61194e+06,1.63719e+07,0,0,0,0
85.139,85.139,9.5547,0.21,1,3.15499,3.15499,0,0.591173,4.47552,4.30939e+06,2.70226e+06,1.35961e+07,0,0,0,0,99.3022,98.274,11.5648,0,1,1.8283,1.8283,0,1.41237,2.1168,8.95579e+06,3.61194e+06,1.63738e+07,0,0,0,0
85.139,85.139,10.6171,0.21,1,3.15537,3.15537,0,0.591244,4.47552,4.30939e+06,2.70226e+06,1.35977e+07,0,0,0,0,99.3022,98.274,12.496,0,1,1.82852,1.82852,0,1.41254,2.1168,8.95579e+06,3.61194e+06,1.63758e+07,0,0,0,0
85.139,85.139,7.144,0.2,1,3.25459,3.25459,0,0.591315,4.47552,4.30939e+06,2.70226e+06,1.40253e+07,0,0,0,0,99.3022,98.274,6.31986,0,1,1.88786,1.88786,0,1.41271,2.1168,8.95579e+06,3.61194e+06,1.69073e+07,0,0,0,0
85.139,85.139,6.44056,0.21,1,3.25496,3.25496,0,0.60991,6.048,4.30939e+06,2.70226e+06,1.40269e+07,0,0,0,0,99.3022,98.274,4.53514,0,1,1.88807,1.88807,0,1.45856,2.1168,8.95579e+06,3.61194e+06,1.69092e+07,0,0,0,0
85.139,85.139,4.08837,0.21,1,3.25532,3.25532,0,0.609979,6.048,4.30939e+06,2.70226e+06,1.40284e+07,0,0,0,0,99.3022,98.274,4.46802,0,1,1.88828,1.88828,0,1.45872,2.1168,8.95579e+06,3.61194e+06,1.6911e+07,0,0,0,0
84.6459,85.139,3.43251,0.23,1,3.25568,3.25568,0,0.610047,6.048,4.30939e+06,2.70226e+06,1.403e+07,0,0,0,0,99.3022,98.274,3.95652,0,1,1.88849,1.88849,0,1.45889,2.1168,8.95579e+06,3.61194e+06,1.69129e+07,0,0,0,0
84.683,85.139,4.06754,0.36,1,3.49138,3.57363,0,0.610115,6.048,4.30939e+06,2.94905e+06,1.50457e+07,0,0,0,0,99.3022,98.274,4.75878,1,1,2.06219,2.11077,0,1.45905,2.1168,8.95579e+06,3.94181e+06,1.84685e+07,0,0,0,0
85.139,85.139,5.82301,0.35,1,3.49177,3.57403,0,0.654284,6.048,4.30939e+06,2.94905e+06,1.50474e+07,0,0,0,0,99.3022,98.274,6.79826,1,1,2.06242,2.11101,0,1.59325,2.1168,8.95579e+06,3.94181e+06,1.84706e+07,0,0,0,0
85.139,85.139,6.52496,0.26,1,3.49216,3.57443,0,0.654358,6.048,4.30939e+06,2.94905e+06,1.50491e+07,0,0,0,0,99.3022,98.274,7.55787,1,1,2.06265,2.11125,0,1.59343,2.1168,8.95579e+06,3.94181e+06,1.84727e+07,0,0,0,0
85.139,85.139,7.64376,0.26,1,3.49255,3.57483,0,0.654431,6.048,4.30939e+06,2.94905e+06,1.50508e+07,0,0,0,0,99.3022,98.274,7.6352,1,1,2.06288,2.11148,0,1.5936,2.1168,8.95579e+06,3.94181e+06,1.84747e+07,0,0,0,0
85.139,85.139,7.35455,0.28,1,3.12205,3.12205,0,0.654504,6.048,4.30939e+06,2.70226e+06,1.34541e+07,0,0,0,0,99.3022,98.274,9.56713,0,1,1.81356,1.81356,0,1.59378,2.1168,8.95579e+06,3.61194e+06,1.62419e+07,0,0,0,0
85.139,85.139,6.22624,0.29,1,3.1224,3.1224,0,0.585072,6.048,4.30939e+06,2.70226e+06,1.34556e+07,0,0,0,0,99.3022,98.274,8.87633,0,1,1.81376,1.81376,0,1.40116,2.1168,8.95579e+06,3.61194e+06,1.62437e+07,0,0,0,0
85.139,85.139,5.16248,0.34,1,3.12274,3.12274,0,0.585137,6.048,4.30939e+06,2.70226e+06,1.34571e+07,0,0,0,0,99.3022,98.274,7.83737,0,1,1.81397,1.81397,0,1.40131,2.1168,8.95579e+06,3.61194e+06,1.62455e+07,0,0,0,0
85.139,85.139,4.85919,0.35,1,3.12309,3.12309,0,0.585202,6.048,4.30939e+06,2.70226e+06,1.34586e+07,0,0,0,0,99.3022,98.274,8.15453,0,1,1.81417,1.81417,0,1.40147,2.1168,8.95579e+06,3.61194e+06,1.62473e+07,0,0,0,0
85.139,85.139,7.08691,0.37,1,3.12344,3.12344,0,0.585268,6.048,4.30939e+06,2.70226e+06,1.34601e+07,0,0,0,0,99.3022,98.274,9.33561,0,1,1.81437,1.81437,0,1.40163,2.1168,8.95579e+06,3.61194e+06,1.62491e+07,0,0,0,0
85.139,85.139,5.65815,0.4,1,2.86529,3.23793,0,0.585333,6.048,4.30939e+06,3.53887e+06,1.23477e+07,0,0,0,0,99.3022,98.274,8.02967,0,1,1.67033,1.88755,0,1.40178,2.1168,8.95579e+06,4.73018e+06,1.49591e+07,0,0,0,0
85.139,85.139,4.04767,0.4,1,2.86561,3.23829,0,0.536956,6.048,4.30939e+06,3.53887e+06,1.2349e+07,0,0,0,0,99.3022,98.274,6.77099,0,1,1.67051,1.88777,0,1.29049,2.1168,8.95579e+06,4.73018e+06,1.49608e+07,0,0,0,0
85.139,85.139,3.47397,0.4,1,2.86593,3.23865,0,0.537016,6.048,4.30939e+06,3.53887e+06,1.23504e+07,0,0,0,0,99.3022,98.274,5.85339,0,1,1.6707,1.88798,0,1.29064,2.1168,8.95579e+06,4.73018e+06,1.49624e+07,0,0,0,0
84.8796,85.139,3.45494,0.36,1,3.23901,3.23901,0,0.537076,6.048,4.30939e+06,2.70226e+06,1.39582e+07,0,0,0,0,99.3022,98.274,6.66974,0,1,1.88819,1.88819,0,1.29078,2.1168,8.95579e+06,3.61194e+06,1.69102e+07,0,0,0,0
85.139,85.139,3.65847,0.51,1,2.82706,3.19473,0,0.606991,6.048,4.30939e+06,3.53887e+06,1.21829e+07,0,0,0,0,99.3022,98.274,5.81071,0,1,1.64598,1.86004,0,1.45881,2.1168,8.95579e+06,4.73018e+06,1.4741e+07,0,0,0,0
85.0887,85.139,3.49766,0.38,1,3.19508,3.19508,0,0.529792,6.048,4.30939e+06,2.70226e+06,1.37689e+07,0,0,0,0,99.3022,98.274,4.91677,0,1,1.86025,1.86025,0,1.27168,2.1168,8.95579e+06,3.61194e+06,1.666e+07,0,0,0,0
85.139,85.139,3.27059,0.48,1,2.82769,3.19544,0,0.598759,6.048,4.30939e+06,3.53887e+06,1.21856e+07,0,0,0,0,99.3022,98.274,4.82189,0,1,1.64635,1.86046,0,1.43723,2.1168,8.95579e+06,4.73018e+06,1.47443e+07,0,0,0,0
84.7528,85.139,3.12961,0.32,1,3.1958,3.1958,0,0.52991,6.048,4.30939e+06,2.70226e+06,1.37719e+07,0,0,0,0,99.3022,98.274,5.89523,0,1,1.86066,1.86066,0,1.27197,2.1168,8.95579e+06,3.61194e+06,1.66637e+07,0,0,0,0
84.4076,85.139,2.95504,0.44,1,2.96249,3.34777,0,0.598892,6.048,4.30939e+06,2.94905e+06,1.27665e+07,0,0,0,0,99.3022,98.274,4.96999,1,1,1.73574,1.96148,0,1.43755,2.1168,8.95579e+06,3.94181e+06,1.5545e+07,0,0,0,0
83.8196,85.139,2.95749,0.38,1,3.27108,3.34814,0,0.555171,6.048,4.30939e+06,2.94905e+06,1.40964e+07,0,0,0,0,99.3022,98.274,4.51356,1,1,1.91655,1.9617,0,1.34104,2.1168,8.95579e+06,3.94181e+06,1.71642e+07,0,0,0,0
82.9887,85.139,2.69824,0.37,1,3.27144,3.34852,0,0.613,6.048,4.30939e+06,2.94905e+06,1.40979e+07,0,0,0,0,99.3022,98.274,4.05105,1,1,1.91676,1.96192,0,1.48072,2.1168,8.95579e+06,3.94181e+06,1.71661e+07,0,0,0,0
81.8662,85.139,2.36657,0.35,1,3.27181,3.34889,0,0.613069,6.048,4.30939e+06,2.94905e+06,1.40995e+07,0,0,0,0,99.3022,98.274,3.70627,1,1,1.91697,1.96214,0,1.48089,2.1168,8.95579e+06,3.94181e+06,1.7168e+07,0,0,0,0
80.6288,85.139,2.1951,0.32,1,3.27217,3.34926,0,0.613137,6.048,4.30939e+06,2.94905e+06,1.41011e+07,0,0,0,0,99.3022,98.274,3.6333,1,1,1.91719,1.96236,0,1.48105,2.1168,8.95579e+06,3.94181e+06,1.71699e+07,0,0,0,0
79.7864,85.139,2.47077,0.29,1,3.24323,3.31964,0,0.613206,6.048,4.30939e+06,2.94905e+06,1.39763e+07,0,0,0,0,99.3022,98.274,3.11521,1,1,1.97146,2.0179,0,1.48122,2.1168,8.95579e+06,3.94181e+06,1.76559e+07,0,0,0,0
78.9371,85.139,2.44764,0.27,1,3.24359,3.32001,0,0.607781,6.048,4.30939e+06,2.94905e+06,1.39779e+07,0,0,0,0,99.2743,98.274,2.77398,1,1,1.97168,2.01813,0,1.52315,2.1168,8.95579e+06,3.94181e+06,1.76579e+07,0,0,0,0
77.8938,85.139,2.24602,0.32,1,3.24395,3.32038,0,0.607849,6.048,4.30939e+06,2.94905e+06,1.39795e+07,0,0,0,0,99.2263,98.274,2.78432,1,1,1.9719,2.01835,0,1.52332,2.1168,8.95579e+06,3.94181e+06,1.76599e+07,0,0,0,0
76.6745,85.139,2.05572,0.31,1,3.24432,3.32075,0,0.607917,6.048,4.30939e+06,2.94905e+06,1.3981e+07,0,0,0,0,99.125,98.274,2.46106,1,1,1.97212,2.01858,0,1.52349,2.1168,8.95579e+06,3.94181e+06,1.76619e+07,0,0,0,0
75.2706,85.139,1.89451,0.31,1,3.3204,3.39863,0,0.607985,6.048,4.30939e+06,2.94905e+06,1.43089e+07,0,0,0,0,98.8282,98.274,2.1206,1,1,2.02053,2.06813,0,1.52366,2.1168,8.95579e+06,3.94181e+06,1.80955e+07,0,0,0,0
74.1421,85.139,2.17152,0.3,1,3.32077,3.39901,0,0.622243,6.048,4.30939e+06,2.94905e+06,1.43105e+07,0,0,0,0,98.5746,98.274,2.33001,1,1,2.02076,2.06836,0,1.56106,2.1168,8.95579e+06,3.94181e+06,1.80975e+07,0,0,0,0
72.838,85.139,1.96454,0.3,1,3.32114,3.39939,0,0.622313,6.048,4.30939e+06,2.94905e+06,1.43121e+07,0,0,0,0,98.2012,98.274,2.22936,1,1,2.02098,2.06859,0,1.56124,2.1168,8.95579e+06,3.94181e+06,1.80995e+07,0,0,0,0
71.3752,85.139,1.78884,0.34,1,3.32151,3.39977,0,0.622382,6.048,4.30939e+06,2.94905e+06,1.43137e+07,0,0,0,0,97.7907,98.274,1.93864,1,1,2.02121,2.06883,0,1.56141,2.1168,8.95579e+06,3.94181e+06,1.81015e+07,0,0,0,0
69.9013,85.139,1.94074,0.33,1,3.54374,3.62723,0,0.622452,6.048,4.30939e+06,2.94905e+06,1.52714e+07,0,0,0,0,97.4287,98.274,2.42124,1,1,2.1168,2.24719,0.0786705,1.56159,2.1168,8.95579e+06,3.94181e+06,1.89576e+07,0,0,0,0
68.7037,85.139,2.22712,0.31,1,3.54414,3.62763,0,0.664097,6.048,4.30939e+06,2.94905e+06,1.52731e+07,0,0,0,0,97.0031,98.274,2.1201,1,1,2.1168,2.24744,0.0789153,1.63544,2.1168,8.95579e+06,3.94181e+06,1.89576e+07,0,0,0,0
67.6549,85.139,2.39514,0.32,1,3.54453,3.62804,0,0.664171,6.048,4.30939e+06,2.94905e+06,1.52748e+07,0,0,0,0,96.6692,98.274,2.59387,1,1,2.1168,2.2477,0.0791603,1.63544,2.1168,8.95579e+06,3.94181e+06,1.89576e+07,0,0,0,0
66.2176,85.139,1.98396,0.37,1,3.54493,3.62844,0,0.664245,6.048,4.30939e+06,2.94905e+06,1.52765e+07,0,0,0,0,96.1885,98.274,1.8261,1,1,2.1168,2.24795,0.0794054,1.63544,2.1168,8.95579e+06,3.94181e+06,1.89576e+07,0,0,0,0
65.2511,85.139,2.43646,0.38,1,3.54532,3.62885,0,0.664319,6.048,4.30939e+06,2.94905e+06,1.52782e+07,0,0,0,0,96.0649,98.274,3.43122,1,1,2.1168,2.2482,0.0796506,1.63544,2.1168,8.95579e+06,3.94181e+06,1.89576e+07,0,0,0,0
63.522,85.139,1.53242,0.39,1,3.43753,3.51852,0,0.664393,6.048,4.30939e+06,2.94905e+06,1.48137e+07,0,0,0,0,95.5517,98.274,2.04763,1,1,2.091,2.14027,0,1.63544,2.1168,8.95579e+06,3.94181e+06,1.87266e+07,0,0,0,0
61.8262,85.139,1.54351,0.39,1,3.43792,3.51891,0,0.644194,6.048,4.30939e+06,2.94905e+06,1.48153e+07,0,0,0,0,94.988,98.274,1.91453,1,1,2.09124,2.1405,0,1.61551,2.1168,8.95579e+06,3.94181e+06,1.87287e+07,0,0,0,0
60.8449,85.139,2.01434,0.42,1,3.11429,3.5193,0,0.644266,6.048,4.30939e+06,2.94905e+06,1.34207e+07,0,0,0,0,94.5942,98.274,2.01235,1,1,1.89438,2.14074,0,1.61569,2.1168,8.95579e+06,3.94181e+06,1.69656e+07,0,0,0,0
60.7069,85.139,2.90249,0.42,1,3.11464,3.5197,0,0.583617,6.048,4.30939e+06,2.94905e+06,1.34222e+07,0,0,0,0,94.4679,98.274,3.39693,1,1,1.89459,2.14098,0,1.4636,2.1168,8.95579e+06,3.94181e+06,1.69675e+07,0,0,0,0
59.8255,85.139,2.11991,0.43,1,3.03451,3.42916,0,0.583683,6.048,4.30939e+06,2.94905e+06,1.30769e+07,0,0,0,0,94.12,98.274,2.29229,1,1,1.80762,2.0427,0,1.46376,2.1168,8.95579e+06,3.94181e+06,1.61887e+07,0,0,0,0
58.5316,85.139,1.68801,0.44,1,3.03485,3.42954,0,0.568668,6.048,4.30939e+06,2.94905e+06,1.30784e+07,0,0,0,0,93.6451,98.274,1.81618,1,1,1.80782,2.04293,0,1.39657,2.1168,8.95579e+06,3.94181e+06,1.61905e+07,0,0,0,0
57.5394,85.139,2.07083,0.43,1,3.03519,3.42992,0,0.568732,6.048,4.30939e+06,2.94905e+06,1.30798e+07,0,0,0,0,93.4704,98.274,1.40507,1,1,1.80802,2.04316,0,1.39672,2.1168,8.95579e+06,3.94181e+06,1.61923e+07,0,0,0,0
56.6193,85.139,2.13078,0.43,1,3.03553,3.43031,0,0.568795,6.048,4.30939e+06,2.94905e+06,1.30813e+07,0,0,0,0,93.3588,98.274,2.49138,1,1,1.80823,2.04339,0,1.39688,2.1168,8.95579e+06,3.94181e+06,1.61941e+07,0,0,0,0
59.5441,85.139,6.00237,0.49,1,2.80723,3.17232,0,0.568858,6.048,4.30939e+06,3.53887e+06,1.20975e+07,0,0,0,0,94.4607,98.274,5.59995,0,1,1.62678,1.83834,0,1.39703,2.1168,8.95579e+06,4.73018e+06,1.45691e+07,0,0,0,0
59.1986,85.139,2.67798,0.41,1,2.80755,3.17267,0,0.526076,6.048,4.30939e+06,3.53887e+06,1.20988e+07,0,0,0,0,95.172,98.274,4.72278,0,1,1.62696,1.83855,0,1.25685,2.1168,8.95579e+06,4.73018e+06,1.45707e+07,0,0,0,0
61.0756,85.139,5.00213,0.46,1,2.80786,3.17303,0,0.526134,6.048,4.30939e+06,3.53887e+06,1.21002e+07,0,0,0,0,95.6941,98.274,4.85953,0,1,1.62714,1.83875,0,1.25699,2.1168,8.95579e+06,4.73018e+06,1.45723e+07,0,0,0,0
62.8699,85.139,5.09056,0.5,1,2.80817,3.17338,0,0.526193,6.048,4.30939e+06,3.53887e+06,1.21015e+07,0,0,0,0,96.6729,98.274,5.33572,0,1,1.62732,1.83896,0,1.25713,2.1168,8.95579e+06,4.73018e+06,1.45739e+07,0,0,0,0
62.6336,85.139,2.83448,0.43,1,2.80849,3.17373,0,0.526252,6.048,4.30939e+06,3.53887e+06,1.21029e+07,0,0,0,0,96.8726,98.274,3.25954,0,1,1.6275,1.83916,0,1.25727,2.1168,8.95579e+06,4.73018e+06,1.45756e+07,0,0,0,0
63.5083,85.139,3.95265,0.48,1,2.80849,3.17373,0,0.52631,6.048,4.30939e+06,3.53887e+06,1.21029e+07,0,0,0,0,97.4006,98.274,3.66117,0,1,1.6275,1.83916,0,1.25741,2.1168,8.95579e+06,4.73018e+06,1.45756e+07,0,0,0,0
68.2298,85.139,8.01837,0.51,0.02,2.89678,3.27351,0,0.52631,6.048,4.30939e+06,3.53887e+06,1.24834e+07,0,0,0,0,98.5549,98.274,5.44529,0,1,1.68031,1.89883,0,1.25741,2.1168,8.95579e+06,4.73018e+06,1.50485e+07,0,0,0,0
70.4952,85.139,5.48302,0.43,0.02,2.89708,3.27385,0,0.542857,6.048,4.30939e+06,3.53887e+06,1.24846e+07,0,0,0,0,99.3022,98.274,4.2641,0,1,1.68048,1.89903,0,1.2982,2.1168,8.95579e+06,4.73018e+06,1.505e+07,0,0,0,0
71.1042,85.139,3.74043,0.47,0.02,2.89738,3.27418,0,0.542912,6.048,4.30939e+06,3.53887e+06,1.24859e+07,0,0,0,0,99.3022,98.274,3.45103,0,1,1.68065,1.89922,0,1.29834,2.1168,8.95579e+06,4.73018e+06,1.50516e+07,0,0,0,0
71.3859,85.139,3.48592,0.48,0.02,2.89768,3.27452,0,0.542969,6.048,4.30939e+06,3.53887e+06,1.24872e+07,0,0,0,0,99.3022,98.274,3.98059,0,1,1.68083,1.89942,0,1.29847,2.1168,8.95579e+06,4.73018e+06,1.50531e+07,0,0,0,0
76.2616,85.139,8.4493,0.51,0.02,3.18064,3.59428,0,0.543025,6.048,4.30939e+06,2.94905e+06,1.37066e+07,0,0,0,0,99.3022,98.274,3.86858,1,1,1.87865,2.12297,0,1.29861,2.1168,8.95579e+06,3.94181e+06,1.68248e+07,0,0,0,0
76.6469,85.139,3.84943,0.42,0.02,3.18096,3.59465,0,0.596051,6.048,4.30939e+06,2.94905e+06,1.3708e+07,0,0,0,0,99.1227,98.274,2.48274,1,1,1.87884,2.12319,0,1.45144,2.1168,8.95579e+06,3.94181e+06,1.68265e+07,0,0,0,0
77.1098,85.139,3.87453,0.44,0.02,3.18129,3.59502,0,0.596113,6.048,4.30939e+06,2.94905e+06,1.37094e+07,0,0,0,0,99.1645,98.274,2.30295,1,1,1.87904,2.12341,0,1.45159,2.1168,8.95579e+06,3.94181e+06,1.68283e+07,0,0,0,0
77.3977,85.139,3.74693,0.45,0.02,3.18162,3.59539,0,0.596174,6.048,4.30939e+06,2.94905e+06,1.37108e+07,0,0,0,0,99.3022,98.274,3.09561,1,1,1.87923,2.12363,0,1.45174,2.1168,8.95579e+06,3.94181e+06,1.683e+07,0,0,0,0
78.2751,85.139,4.11271,0.49,0.02,2.77862,3.13998,0,0.596236,6.048,4.30939e+06,3.53887e+06,1.19741e+07,0,0,0,0,99.1265,98.274,4.0747,0,1,1.61407,1.82398,0,1.45189,2.1168,8.95579e+06,4.73018e+06,1.44552e+07,0,0,0,0
79.1321,85.139,4.14172,0.54,0.02,2.7789,3.1403,0,0.520713,6.048,4.30939e+06,3.53887e+06,1.19754e+07,0,0,0,0,99.2517,98.274,3.07745,0,1,1.61423,1.82417,0,1.24703,2.1168,8.95579e+06,4.73018e+06,1.44567e+07,0,0,0,0
81.0155,85.139,5.20289,0.58,0.02,2.77919,3.14063,0,0.520767,6.048,4.30939e+06,3.53887e+06,1.19766e+07,0,0,0,0,99.3022,98.274,3.3928,0,1,1.6144,1.82435,0,1.24716,2.1168,8.95579e+06,4.73018e+06,1.44582e+07,0,0,0,0
83.8251,85.139,6.15614,0.5,0.02,2.77948,3.14095,0,0.52082,6.048,4.30939e+06,3.53887e+06,1.19778e+07,0,0,0,0,99.3022,98.274,5.28483,0,1,1.61457,1.82454,0,1.24729,2.1168,8.95579e+06,4.73018e+06,1.44597e+07,0,0,0,0
85.139,85.139,5.3641,0.54,0.02,2.77976,3.14128,0,0.520874,6.048,4.30939e+06,3.53887e+06,1.19791e+07,0,0,0,0,99.3022,98.274,7.52067,0,1,1.61473,1.82473,0,1.24741,2.1168,8.95579e+06,4.73018e+06,1.44612e+07,0,0,0,0
85.139,85.139,4.06601,0.41,0.02,2.88163,3.25639,0,0.520928,6.048,4.30939e+06,3.53887e+06,1.24181e+07,0,0,0,0,99.3022,98.274,4.37503,0,1,1.67985,1.89832,0,1.24754,2.1168,8.95579e+06,4.73018e+06,1.50444e+07,0,0,0,0
85.139,85.139,4.20396,0.41,0.02,2.88192,3.25672,0,0.540017,6.048,4.30939e+06,3.53887e+06,1.24193e+07,0,0,0,0,99.3022,98.274,3.11863,0,1,1.68002,1.89851,0,1.29785,2.1168,8.95579e+06,4.73018e+06,1.50459e+07,0,0,0,0
84.965,85.139,3.42443,0.38,0.02,3.25706,3.25706,0,0.540073,6.048,4.30939e+06,2.70226e+06,1.40359e+07,0,0,0,0,99.2013,98.274,3.07507,0,1,1.89871,1.89871,0,1.29799,2.1168,8.95579e+06,3.61194e+06,1.70044e+07,0,0,0,0
84.644,85.139,2.88502,0.53,0.02,2.88252,3.25739,0,0.610373,6.048,4.30939e+06,3.53887e+06,1.24219e+07,0,0,0,0,99.286,98.274,2.43497,0,1,1.68037,1.8989,0,1.46694,2.1168,8.95579e+06,4.73018e+06,1.5049e+07,0,0,0,0
84.464,85.139,2.97538,0.52,0.02,2.84308,3.21283,0,0.540184,6.048,4.30939e+06,3.53887e+06,1.2252e+07,0,0,0,0,99.1745,98.274,2.7237,0,1,1.65531,1.87058,0,1.29825,2.1168,8.95579e+06,4.73018e+06,1.48246e+07,0,0,0,0
84.1402,85.139,2.80048,0.49,0.02,2.84338,3.21316,0,0.532794,6.048,4.30939e+06,3.53887e+06,1.22532e+07,0,0,0,0,99.2228,98.274,2.50935,0,1,1.65548,1.87077,0,1.27889,2.1168,8.95579e+06,4.73018e+06,1.48261e+07,0,0,0,0
83.6561,85.139,2.63491,0.45,0.02,2.84367,3.21349,0,0.532849,6.048,4.30939e+06,3.53887e+06,1.22545e+07,0,0,0,0,99.3022,98.274,2.3849,0,1,1.65565,1.87097,0,1.27902,2.1168,8.95579e+06,4.73018e+06,1.48276e+07,0,0,0,0
82.8749,85.139,2.35282,0.45,0.02,2.84396,3.21382,0,0.532904,6.048,4.30939e+06,3.53887e+06,1.22557e+07,0,0,0,0,99.3022,98.274,2.64538,0,1,1.65582,1.87116,0,1.27915,2.1168,8.95579e+06,4.73018e+06,1.48292e+07,0,0,0,0
81.8173,85.139,2.36369,0.38,0.02,3.28914,3.36663,0,0.532959,6.048,4.30939e+06,2.94905e+06,1.41742e+07,0,0,0,0,99.117,98.274,2.38864,1,1,1.92713,1.97253,0,1.27929,2.1168,8.95579e+06,3.94181e+06,1.72589e+07,0,0,0,0
80.6997,85.139,2.28406,0.39,0.02,3.28948,3.36697,0,0.616384,6.048,4.30939e+06,2.94905e+06,1.41756e+07,0,0,0,0,98.9711,98.274,2.15088,1,1,1.92733,1.97273,0,1.4889,2.1168,8.95579e+06,3.94181e+06,1.72607e+07,0,0,0,0
79.3821,85.139,2.03198,0.35,0.02,3.28981,3.36732,0,0.616448,6.048,4.30939e+06,2.94905e+06,1.41771e+07,0,0,0,0,98.6806,98.274,2.05638,1,1,1.92752,1.97293,0,1.48905,2.1168,8.95579e+06,3.94181e+06,1.72625e+07,0,0,0,0
78.253,85.139,1.9246,0.41,0.02,2.9801,3.36767,0,0.616511,6.048,4.30939e+06,2.94905e+06,1.28424e+07,0,0,0,0,98.4236,98.274,1.95408,1,1,1.74606,1.97314,0,1.4892,2.1168,8.95579e+06,3.94181e+06,1.56374e+07,0,0,0,0
77.1499,85.139,2.21872,0.38,0.02,3.29049,3.36801,0,0.558471,6.048,4.30939e+06,2.94905e+06,1.418e+07,0,0,0,0,98.0493,98.274,1.79368,1,1,1.92792,1.97334,0,1.34901,2.1168,8.95579e+06,3.94181e+06,1.72661e+07,0,0,0,0
76.1467,85.139,2.28318,0.33,0.02,3.26136,3.33819,0,0.616638,6.048,4.30939e+06,2.94905e+06,1.40545e+07,0,0,0,0,97.4962,98.274,1.74878,1,1,1.98248,2.02918,0,1.48951,2.1168,8.95579e+06,3.94181e+06,1.77546e+07,0,0,0,0
74.9155,85.139,2.01539,0.32,0.02,3.26169,3.33854,0,0.611179,6.048,4.30939e+06,2.94905e+06,1.40559e+07,0,0,0,0,96.9453,98.274,1.57794,1,1,1.98268,2.02939,0,1.53166,2.1168,8.95579e+06,3.94181e+06,1.77565e+07,0,0,0,0
73.6121,85.139,1.92605,0.31,0.02,3.26203,3.33888,0,0.611242,6.048,4.30939e+06,2.94905e+06,1.40574e+07,0,0,0,0,96.3192,98.274,1.63689,1,1,1.98288,2.0296,0,1.53182,2.1168,8.95579e+06,3.94181e+06,1.77583e+07,0,0,0,0
72.179,85.139,1.77844,0.35,0.02,3.26237,3.33923,0,0.611305,6.048,4.30939e+06,2.94905e+06,1.40588e+07,0,0,0,0,95.4757,98.274,1.52234,1,1,1.98309,2.02981,0,1.53198,2.1168,8.95579e+06,3.94181e+06,1.77601e+07,0,0,0,0
70.5848,85.139,1.65832,0.35,0.02,3.33885,3.41751,0,0.611368,6.048,4.30939e+06,2.94905e+06,1.43884e+07,0,0,0,0,94.5064,98.274,1.2793,1,1,2.03176,2.07962,0,1.53213,2.1168,8.95579e+06,3.94181e+06,1.8196e+07,0,0,0,0
68.9039,85.139,1.55272,0.35,0.02,3.33919,3.41786,0,0.6257,6.048,4.30939e+06,2.94905e+06,1.43899e+07,0,0,0,0,93.4754,98.274,1.27352,1,1,2.03197,2.07984,0,1.56973,2.1168,8.95579e+06,3.94181e+06,1.81979e+07,0,0,0,0
67.067,85.139,1.37713,0.34,0.02,3.33954,3.41821,0,0.625765,6.048,4.30939e+06,2.94905e+06,1.43914e+07,0,0,0,0,92.402,98.274,1.16261,1,1,2.03217,2.08005,0,1.5699,2.1168,8.95579e+06,3.94181e+06,1.81997e+07,0,0,0,0
65.1301,85.139,1.24736,0.39,0.02,3.33988,3.41857,0,0.625829,6.048,4.30939e+06,2.94905e+06,1.43928e+07,0,0,0,0,91.3959,98.274,1.13745,1,1,2.03238,2.08027,0,1.57006,2.1168,8.95579e+06,3.94181e+06,1.82016e+07,0,0,0,0
63.0227,85.139,1.24401,0.37,0.02,3.5633,3.64725,0,0.625894,6.048,4.30939e+06,2.94905e+06,1.53557e+07,0,0,0,0,90.2871,98.274,1.21054,1,1,2.1168,2.2596,0.0907917,1.57022,2.1168,8.95579e+06,3.94181e+06,1.89576e+07,0,0,0,0
60.8539,85.139,1.15556,0.37,0.02,3.56367,3.64763,0,0.667763,6.048,4.30939e+06,2.94905e+06,1.53572e+07,0,0,0,0,89.241,98.274,1.142,1,1,2.1168,2.25983,0.0910193,1.63544,2.1168,8.95579e+06,3.94181e+06,1.89576e+07,0,0,0,0
59.1929,85.139,1.37343,0.44,0.02,3.22818,3.64801,0,0.667832,6.048,4.30939e+06,2.94905e+06,1.39115e+07,0,0,0,0,88.4693,98.274,1.23739,1,1,1.99997,2.26007,0,1.63544,2.1168,8.95579e+06,3.94181e+06,1.79113e+07,0,0,0,0
58.4632,85.139,2.34551,0.43,0.02,3.22851,3.64838,0,0.60496,6.048,4.30939e+06,2.94905e+06,1.39129e+07,0,0,0,0,87.8208,98.274,1.4772,1,1,2.00017,2.2603,0,1.54518,2.1168,8.95579e+06,3.94181e+06,1.79131e+07,0,0,0,0
57.8646,85.139,2.47228,0.45,0.02,3.22884,3.64876,0,0.605023,6.048,4.30939e+06,2.94905e+06,1.39143e+07,0,0,0,0,87.2055,98.274,1.41729,1,1,2.00038,2.26053,0,1.54533,2.1168,8.95579e+06,3.94181e+06,1.7915e+07,0,0,0,0
57.0202,85.139,2.16815,0.45,0.02,3.13065,3.53779,0,0.605085,6.048,4.30939e+06,2.94905e+06,1.34912e+07,0,0,0,0,86.9025,98.274,1.43888,1,1,1.90433,2.15199,0,1.54549,2.1168,8.95579e+06,3.94181e+06,1.70548e+07,0,0,0,0
56.1234,85.139,2.12349,0.44,0.02,3.13097,3.53816,0,0.586684,6.048,4.30939e+06,2.94905e+06,1.34926e+07,0,0,0,0,86.7084,98.274,1.90366,1,1,1.90453,2.15221,0,1.47129,2.1168,8.95579e+06,3.94181e+06,1.70565e+07,0,0,0,0
55.2936,85.139,2.17956,0.46,0.02,3.13129,3.53852,0,0.586744,6.048,4.30939e+06,2.94905e+06,1.3494e+07,0,0,0,0,86.66,98.274,2.43706,1,1,1.90472,2.15243,0,1.47144,2.1168,8.95579e+06,3.94181e+06,1.70583e+07,0,0,0,0
54.282,85.139,1.97571,0.48,0.02,3.13162,3.53889,0,0.586805,6.048,4.30939e+06,2.94905e+06,1.34954e+07,0,0,0,0,86.167,98.274,1.81256,1,1,1.90492,2.15266,0,1.47159,2.1168,8.95579e+06,3.94181e+06,1.706e+07,0,0,0,0
53.2583,85.139,1.88983,0.48,0.02,3.05103,3.44783,0,0.586865,6.048,4.30939e+06,2.94905e+06,1.31481e+07,0,0,0,0,86.0085,98.274,1.48584,1,1,1.81746,2.05382,0,1.47174,2.1168,8.95579e+06,3.94181e+06,1.62768e+07,0,0,0,0
53.182,85.139,2.82929,0.47,0.02,3.05135,3.44818,0,0.571764,6.048,4.30939e+06,2.94905e+06,1.31495e+07,0,0,0,0,86.1299,98.274,2.708,1,1,1.81765,2.05404,0,1.40417,2.1168,8.95579e+06,3.94181e+06,1.62785e+07,0,0,0,0
52.0536,85.139,1.76956,0.48,0.02,3.05166,3.44854,0,0.571823,6.048,4.30939e+06,2.94905e+06,1.31508e+07,0,0,0,0,85.9976,98.274,2.12157,1,1,1.81784,2.05425,0,1.40431,2.1168,8.95579e+06,3.94181e+06,1.62801e+07,0,0,0,0
54.2073,85.139,5.21574,0.51,0.02,3.05198,3.44889,0,0.571882,6.048,4.30939e+06,2.94905e+06,1.31522e+07,0,0,0,0,86.0285,98.274,2.59081,1,1,1.81802,2.05446,0,1.40446,2.1168,8.95579e+06,3.94181e+06,1.62818e+07,0,0,0,0
57.0382,85.139,5.81314,0.52,0.02,2.82242,3.18948,0,0.571941,6.048,4.30939e+06,3.53887e+06,1.21629e+07,0,0,0,0,86.2058,98.274,3.07335,0,1,1.63558,1.84829,0,1.4046,2.1168,8.95579e+06,4.73018e+06,1.46479e+07,0,0,0,0
57.7955,85.139,3.75621,0.48,0.02,2.82271,3.18981,0,0.528921,6.048,4.30939e+06,3.53887e+06,1.21642e+07,0,0,0,0,86.322,98.274,2.97195,0,1,1.63575,1.84848,0,1.26365,2.1168,8.95579e+06,4.73018e+06,1.46494e+07,0,0,0,0
59.3822,85.139,4.56837,0.51,0.02,2.823,3.19014,0,0.528976,6.048,4.30939e+06,3.53887e+06,1.21654e+07,0,0,0,0,86.4136,98.274,2.86733,0,1,1.63591,1.84867,0,1.26378,2.1168,8.95579e+06,4.73018e+06,1.46509e+07,0,0,0,0
62.0414,85.139,5.73618,0.55,0.02,2.82329,3.19046,0,0.52903,6.048,4.30939e+06,3.53887e+06,1.21667e+07,0,0,0,0,86.5806,98.274,3.50867,0,1,1.63608,1.84886,0,1.26391,2.1168,8.95579e+06,4.73018e+06,1.46524e+07,0,0,0,0
66.5121,85.139,7.66503,0.57,0.02,2.82358,3.19079,0,0.529085,6.048,4.30939e+06,3.53887e+06,1.21679e+07,0,0,0,0,87.2874,98.274,5.93247,0,1,1.63625,1.84905,0,1.26404,2.1168,8.95579e+06,4.73018e+06,1.46539e+07,0,0,0,0
68.2749,85.139,5.01022,0.53,0.02,2.91233,3.29108,0,0.52914,6.048,4.30939e+06,2.94905e+06,1.25503e+07,0,0,0,0,87.6703,98.274,3.56538,1,1,1.68932,1.90902,0,1.26417,2.1168,8.95579e+06,3.94181e+06,1.51292e+07,0,0,0,0
69.1363,85.139,4.08003,0.45,0.02,2.9126,3.29139,0,0.54577,6.048,4.30939e+06,2.94905e+06,1.25515e+07,0,0,0,0,87.9479,98.274,3.07326,1,1,1.68948,1.9092,0,1.30517,2.1168,8.95579e+06,3.94181e+06,1.51307e+07,0,0,0,0
70.6625,85.139,4.81699,0.48,0.02,2.91288,3.2917,0,0.545822,6.048,4.30939e+06,2.94905e+06,1.25527e+07,0,0,0,0,88.4996,98.274,3.75734,1,1,1.68964,1.90938,0,1.3053,2.1168,8.95579e+06,3.94181e+06,1.51321e+07,0,0,0,0
72.49,85.139,5.12645,0.51,0.02,2.91315,3.29201,0,0.545873,6.048,4.30939e+06,2.94905e+06,1.25539e+07,0,0,0,0,88.7897,98.274,3.29211,1,1,1.6898,1.90957,0,1.30542,2.1168,8.95579e+06,3.94181e+06,1.51335e+07,0,0,0,0
76.8018,85.139,8.30354,0.54,0.02,3.1976,3.61345,0,0.545925,6.048,4.30939e+06,2.94905e+06,1.37797e+07,0,0,0,0,89.71,98.274,5.85032,1,1,1.88867,2.13429,0,1.30554,2.1168,8.95579e+06,3.94181e+06,1.69145e+07,0,0,0,0
78.1507,85.139,5.04341,0.45,0.02,3.1979,3.61379,0,0.59923,6.048,4.30939e+06,2.94905e+06,1.3781e+07,0,0,0,0,90.113,98.274,3.97419,1,1,1.88885,2.13449,0,1.45919,2.1168,8.95579e+06,3.94181e+06,1.69161e+07,0,0,0,0
78.5924,85.139,4.04139,0.46,0.02,3.19821,3.61414,0,0.599287,6.048,4.30939e+06,2.94905e+06,1.37823e+07,0,0,0,0,90.0114,98.274,2.61043,1,1,1.88903,2.1347,0,1.45932,2.1168,8.95579e+06,3.94181e+06,1.69177e+07,0,0,0,0
78.5117,85.139,3.45836,0.47,0.02,3.19851,3.61448,0,0.599344,6.048,4.30939e+06,2.94905e+06,1.37836e+07,0,0,0,0,90.2337,98.274,2.18431,1,1,1.88921,2.1349,0,1.45946,2.1168,8.95579e+06,3.94181e+06,1.69193e+07,0,0,0,0
80.456,85.139,5.38203,0.5,0.02,2.79334,3.15662,0,0.599401,6.048,4.30939e+06,3.53887e+06,1.20376e+07,0,0,0,0,91.0759,98.274,3.47974,0,1,1.62262,1.83364,0,1.4596,2.1168,8.95579e+06,4.73018e+06,1.45318e+07,0,0,0,0
81.8402,85.139,4.6945,0.42,0.02,2.79361,3.15692,0,0.523472,6.048,4.30939e+06,3.53887e+06,1.20387e+07,0,0,0,0,91.7004,98.274,3.41285,0,1,1.62277,1.83382,0,1.25364,2.1168,8.95579e+06,4.73018e+06,1.45332e+07,0,0,0,0
82.0259,85.139,3.48744,0.46,0.02,2.79387,3.15722,0,0.523522,6.048,4.30939e+06,3.53887e+06,1.20399e+07,0,0,0,0,92.2624,98.274,2.61571,0,1,1.62293,1.83399,0,1.25376,2.1168,8.95579e+06,4.73018e+06,1.45346e+07,0,0,0,0
83.1986,85.139,4.49886,0.51,0.02,2.79414,3.15752,0,0.523571,6.048,4.30939e+06,3.53887e+06,1.2041e+07,0,0,0,0,92.9271,98.274,2.91437,0,1,1.62308,1.83417,0,1.25387,2.1168,8.95579e+06,4.73018e+06,1.4536e+07,0,0,0,0
83.6981,85.139,3.83977,0.55,0.02,2.7944,3.15782,0,0.523621,6.048,4.30939e+06,3.53887e+06,1.20422e+07,0,0,0,0,93.7122,98.274,3.77545,0,1,1.62324,1.83434,0,1.25399,2.1168,8.95579e+06,4.73018e+06,1.45374e+07,0,0,0,0
84.0812,85.139,3.78446,0.55,0.02,2.89678,3.27351,0,0.523671,6.048,4.30939e+06,2.94905e+06,1.24833e+07,0,0,0,0,94.3867,98.274,3.88646,1,1,1.68868,1.9083,0,1.25411,2.1168,8.95579e+06,3.94181e+06,1.51235e+07,0,0,0,0
84.1774,85.139,3.45663,0.59,0.02,2.89705,3.27382,0,0.542856,6.048,4.30939e+06,2.94905e+06,1.24845e+07,0,0,0,0,94.8869,98.274,3.37502,1,1,1.68884,1.90848,0,1.30467,2.1168,8.95579e+06,3.94181e+06,1.51249e+07,0,0,0,0
84.1623,85.139,3.2865,0.56,0.02,2.89733,3.27413,0,0.542907,6.048,4.30939e+06,2.94905e+06,1.24857e+07,0,0,0,0,95.3284,98.274,3.17583,1,1,1.689,1.90866,0,1.3048,2.1168,8.95579e+06,3.94181e+06,1.51263e+07,0,0,0,0
83.4967,85.139,2.57986,0.53,0.02,2.8976,3.27444,0,0.542959,6.048,4.30939e+06,2.94905e+06,1.24869e+07,0,0,0,0,95.5952,98.274,2.86028,1,1,1.68916,1.90884,0,1.30492,2.1168,8.95579e+06,3.94181e+06,1.51278e+07,0,0,0,0
82.408,85.139,2.09815,0.53,0.02,2.85793,3.22961,0,0.54301,6.048,4.30939e+06,3.53887e+06,1.2316e+07,0,0,0,0,95.9818,98.274,3.03409,0,1,1.66395,1.88035,0,1.30505,2.1168,8.95579e+06,4.73018e+06,1.4902e+07,0,0,0,0
82.2274,85.139,3.02356,0.5,0.02,2.8582,3.22992,0,0.535577,6.048,4.30939e+06,3.53887e+06,1.23171e+07,0,0,0,0,96.5338,98.274,3.39083,0,1,1.66411,1.88053,0,1.28557,2.1168,8.95579e+06,4.73018e+06,1.49034e+07,0,0,0,0
81.3595,85.139,2.29297,0.46,0.02,2.85848,3.23022,0,0.535628,6.048,4.30939e+06,3.53887e+06,1.23183e+07,0,0,0,0,96.9767,98.274,3.06637,0,1,1.66427,1.88071,0,1.28569,2.1168,8.95579e+06,4.73018e+06,1.49048e+07,0,0,0,0
80.1172,85.139,1.86288,0.43,0.02,2.85875,3.23053,0,0.535678,6.048,4.30939e+06,3.53887e+06,1.23194e+07,0,0,0,0,97.2752,98.274,2.6891,0,1,1.66443,1.88089,0,1.28581,2.1168,8.95579e+06,4.73018e+06,1.49062e+07,0,0,0,0
78.4193,85.139,1.76284,0.37,0.02,3.30621,3.3841,0,0.535729,6.048,4.30939e+06,2.94905e+06,1.42477e+07,0,0,0,0,97.3246,98.274,2.63304,1,1,1.93713,1.98276,0,1.28593,2.1168,8.95579e+06,3.94181e+06,1.73485e+07,0,0,0,0
76.9237,85.139,1.67937,0.51,0.02,2.99492,3.38442,0,0.619583,6.048,4.30939e+06,2.94905e+06,1.29063e+07,0,0,0,0,97.409,98.274,2.38028,1,1,1.75475,1.98295,0,1.49662,2.1168,8.95579e+06,3.94181e+06,1.57151e+07,0,0,0,0
75.3267,85.139,1.51973,0.44,0.02,2.99521,3.38474,0,0.561249,6.048,4.30939e+06,2.94905e+06,1.29075e+07,0,0,0,0,97.4196,98.274,2.29393,1,1,1.75491,1.98314,0,1.35572,2.1168,8.95579e+06,3.94181e+06,1.57166e+07,0,0,0,0
73.4185,85.139,1.43826,0.39,0.02,3.30714,3.38506,0,0.561302,6.048,4.30939e+06,2.94905e+06,1.42518e+07,0,0,0,0,97.297,98.274,2.16557,1,1,1.93768,1.98333,0,1.35584,2.1168,8.95579e+06,3.94181e+06,1.73534e+07,0,0,0,0
72.1783,85.139,1.83131,0.48,0.02,2.99577,3.38538,0,0.619759,6.048,4.30939e+06,2.94905e+06,1.291e+07,0,0,0,0,97.2809,98.274,2.34699,1,1,1.75524,1.98352,0,1.49705,2.1168,8.95579e+06,3.94181e+06,1.57196e+07,0,0,0,0
71.1695,85.139,2.02734,0.42,0.02,2.96922,3.35538,0,0.561408,6.048,4.30939e+06,2.94905e+06,1.27955e+07,0,0,0,0,97.2203,98.274,2.44031,1,1,1.8049,2.03963,0,1.3561,2.1168,8.95579e+06,3.94181e+06,1.61643e+07,0,0,0,0
69.7445,85.139,1.85492,0.38,0.02,3.27846,3.35569,0,0.556433,6.048,4.30939e+06,2.94905e+06,1.41281e+07,0,0,0,0,97.0373,98.274,2.42761,1,1,1.99287,2.03982,0,1.39446,2.1168,8.95579e+06,3.94181e+06,1.78477e+07,0,0,0,0
68.1666,85.139,1.67757,0.35,0.02,3.27877,3.35601,0,0.614383,6.048,4.30939e+06,2.94905e+06,1.41295e+07,0,0,0,0,96.8064,98.274,2.1788,1,1,1.99306,2.04001,0,1.53969,2.1168,8.95579e+06,3.94181e+06,1.78494e+07,0,0,0,0
66.6263,85.139,1.66986,0.34,0.02,3.27908,3.35633,0,0.614441,6.048,4.30939e+06,2.94905e+06,1.41308e+07,0,0,0,0,96.5012,98.274,2.18578,1,1,1.99325,2.04021,0,1.53984,2.1168,8.95579e+06,3.94181e+06,1.78511e+07,0,0,0,0
65.5518,85.139,1.93724,0.42,0.02,3.03967,3.43498,0,0.614499,6.048,4.30939e+06,2.94905e+06,1.30991e+07,0,0,0,0,96.3897,98.274,2.38612,1,1,1.8497,2.09026,0,1.53998,2.1168,8.95579e+06,3.94181e+06,1.65655e+07,0,0,0,0
64.3313,85.139,1.77477,0.4,0.02,3.03996,3.43531,0,0.569634,6.048,4.30939e+06,2.94905e+06,1.31004e+07,0,0,0,0,96.2357,98.274,2.31928,1,1,1.84988,2.09045,0,1.42908,2.1168,8.95579e+06,3.94181e+06,1.65671e+07,0,0,0,0
62.9643,85.139,1.61044,0.4,0.02,3.04025,3.43563,0,0.569688,6.048,4.30939e+06,2.94905e+06,1.31016e+07,0,0,0,0,96.0524,98.274,2.12817,1,1,1.85005,2.09065,0,1.42921,2.1168,8.95579e+06,3.94181e+06,1.65687e+07,0,0,0,0
61.1811,85.139,1.41541,0.39,0.02,3.35688,3.43596,0,0.569742,6.048,4.30939e+06,2.94905e+06,1.44661e+07,0,0,0,0,95.684,98.274,2.10511,1,1,2.04273,2.09085,0,1.42935,2.1168,8.95579e+06,3.94181e+06,1.82942e+07,0,0,0,0
59.5405,85.139,1.45066,0.44,0.02,3.24391,3.66578,0,0.629078,6.048,4.30939e+06,2.94905e+06,1.39793e+07,0,0,0,0,95.3781,98.274,2.02015,1,1,2.00971,2.27108,0,1.57821,2.1168,8.95579e+06,3.94181e+06,1.79986e+07,0,0,0,0
58.1863,85.139,1.73219,0.43,0.02,3.24421,3.66613,0,0.607908,6.048,4.30939e+06,2.94905e+06,1.39806e+07,0,0,0,0,94.9969,98.274,2.38082,1,1,2.0099,2.27129,0,1.5527,2.1168,8.95579e+06,3.94181e+06,1.80003e+07,0,0,0,0
56.5102,85.139,1.4021,0.44,0.02,3.24452,3.66647,0,0.607966,6.048,4.30939e+06,2.94905e+06,1.39819e+07,0,0,0,0,94.6357,98.274,1.79936,1,1,2.01009,2.27151,0,1.55285,2.1168,8.95579e+06,3.94181e+06,1.8002e+07,0,0,0,0
55.1365,85.139,1.66874,0.47,0.02,3.24483,3.66682,0,0.608023,6.048,4.30939e+06,2.94905e+06,1.39832e+07,0,0,0,0,94.5754,98.274,2.9166,1,1,2.01028,2.27172,0,1.553,2.1168,8.95579e+06,3.94181e+06,1.80037e+07,0,0,0,0
53.5651,85.139,1.4243,0.46,0.02,3.24514,3.66717,0,0.608081,6.048,4.30939e+06,2.94905e+06,1.39845e+07,0,0,0,0,94.3177,98.274,2.35934,1,1,2.01047,2.27194,0,1.55315,2.1168,8.95579e+06,3.94181e+06,1.80054e+07,0,0,0,0
52.0229,85.139,1.31726,0.46,0.02,3.14642,3.55562,0,0.608138,6.048,4.30939e+06,2.94905e+06,1.35591e+07,0,0,0,0,94.085,98.274,2.20631,1,1,1.91392,2.16283,0,1.55329,2.1168,8.95579e+06,3.94181e+06,1.71407e+07,0,0,0,0
50.5444,85.139,1.36995,0.46,0.02,3.14672,3.55595,0,0.589639,6.048,4.30939e+06,2.94905e+06,1.35604e+07,0,0,0,0,93.8455,98.274,2.14184,1,1,1.9141,2.16304,0,1.4787,2.1168,8.95579e+06,3.94181e+06,1.71423e+07,0,0,0,0
51.5126,85.139,3.97997,0.5,0.02,3.14702,3.55629,0,0.589695,6.048,4.30939e+06,2.94905e+06,1.35617e+07,0,0,0,0,94.4901,98.274,3.98984,1,1,1.91429,2.16324,0,1.47884,2.1168,8.95579e+06,3.94181e+06,1.71439e+07,0,0,0,0
51.4478,85.139,2.94354,0.49,0.02,3.14731,3.55663,0,0.589751,6.048,4.30939e+06,2.94905e+06,1.3563e+07,0,0,0,0,94.7311,98.274,3.36503,1,1,1.91447,2.16344,0,1.47898,2.1168,8.95579e+06,3.94181e+06,1.71456e+07,0,0,0,0
52.4068,85.139,3.99286,0.44,0.02,3.0663,3.46508,0,0.589807,6.048,4.30939e+06,2.94905e+06,1.32139e+07,0,0,0,0,94.9457,98.274,2.61992,1,1,1.82655,2.0641,0,1.47912,2.1168,8.95579e+06,3.94181e+06,1.63582e+07,0,0,0,0
54.9945,85.139,5.65038,0.42,0.02,3.06659,3.46541,0,0.574625,6.048,4.30939e+06,2.94905e+06,1.32151e+07,0,0,0,0,95.8322,98.274,4.40668,1,1,1.82673,2.0643,0,1.4112,2.1168,8.95579e+06,3.94181e+06,1.63598e+07,0,0,0,0
58.5632,85.139,6.67153,0.48,0.02,3.06688,3.46573,0,0.574679,6.048,4.30939e+06,2.94905e+06,1.32164e+07,0,0,0,0,96.9591,98.274,5.18751,1,1,1.8269,2.06449,0,1.41133,2.1168,8.95579e+06,3.94181e+06,1.63613e+07,0,0,0,0
59.6297,85.139,4.5559,0.3,0.02,3.38628,3.46606,0,0.574734,6.048,4.30939e+06,2.94905e+06,1.45928e+07,0,0,0,0,97.3147,98.274,3.71382,1,1,2.01716,2.06469,0,1.41146,2.1168,8.95579e+06,3.94181e+06,1.80653e+07,0,0,0,0
66.1145,85.139,10.2129,0.37,0.02,3.20533,3.20533,0,0.63459,6.048,4.30939e+06,2.70226e+06,1.3813e+07,0,0,0,0,99.3022,98.274,13.7186,0,1,1.85747,1.85747,0,1.55846,2.1168,8.95579e+06,3.61194e+06,1.66351e+07,0,0,0,0
74.6119,85.139,12.4016,0.39,0.02,3.13185,3.20563,0,0.600679,6.048,4.30939e+06,2.94905e+06,1.34964e+07,0,0,0,0,99.3022,98.274,11.3068,0,1,1.81489,1.85765,0,1.43508,2.1168,8.95579e+06,3.94181e+06,1.62538e+07,0,0,0,0
85.0121,85.139,14.3463,0.17,0.02,3.20594,3.20594,0,0.586909,6.048,4.30939e+06,2.70226e+06,1.38156e+07,0,0,0,0,99.3022,98.274,11.4285,0,1,1.85782,1.85782,0,1.40218,2.1168,8.95579e+06,3.61194e+06,1.66383e+07,0,0,0,0
85.139,85.139,14.4818,0.25,0.02,3.20624,3.20624,0,0.600793,6.048,4.30939e+06,2.70226e+06,1.38169e+07,0,0,0,0,99.3022,98.274,18.7739,0,1,1.858,1.858,0,1.43535,2.1168,8.95579e+06,3.61194e+06,1.66398e+07,0,0,0,0
85.139,85.139,9.9701,0.21,0.02,3.20654,3.20654,0,0.60085,6.048,4.30939e+06,2.70226e+06,1.38182e+07,0,0,0,0,99.3022,98.274,10.1987,0,1,1.85817,1.85817,0,1.43549,2.1168,8.95579e+06,3.61194e+06,1.66414e+07,0,0,0,0
85.139,85.139,4.12956,0.2,0.02,3.23117,3.3073,0,0.600906,6.048,4.30939e+06,2.94905e+06,1.39244e+07,0,0,0,0,99.3022,98.274,5.04784,1,1,1.87427,1.91843,0,1.43563,2.1168,8.95579e+06,3.94181e+06,1.67856e+07,0,0,0,0
85.139,85.139,5.31789,0.21,0.02,3.23145,3.30758,0,0.605522,6.048,4.30939e+06,2.94905e+06,1.39256e+07,0,0,0,0,99.3022,98.274,5.4467,1,1,1.87444,1.9186,0,1.44806,2.1168,8.95579e+06,3.94181e+06,1.67871e+07,0,0,0,0
85.139,85.139,4.2541,0.22,0.02,3.23173,3.30787,0,0.605574,6.048,4.30939e+06,2.94905e+06,1.39268e+07,0,0,0,0,99.3022,98.274,4.60131,1,1,1.8746,1.91876,0,1.44819,2.1168,8.95579e+06,3.94181e+06,1.67885e+07,0,0,0,0
84.28,85.139,2.72916,0.25,0.02,3.23201,3.30815,0,0.605627,6.048,4.30939e+06,2.94905e+06,1.3928e+07,0,0,0,0,99.3022,98.274,3.58544,1,1,1.87476,1.91893,0,1.44832,2.1168,8.95579e+06,3.94181e+06,1.679e+07,0,0,0,0
83.6465,85.139,3.28509,0.37,0.02,3.54756,3.63114,0,0.605679,6.048,4.30939e+06,2.94905e+06,1.52878e+07,0,0,0,0,99.3022,98.274,4.13255,1,1,2.09537,2.14474,0,1.44844,2.1168,8.95579e+06,3.94181e+06,1.87657e+07,0,0,0,0
84.9866,85.139,5.47537,0.36,0.02,3.54787,3.63145,0,0.664813,6.048,4.30939e+06,2.94905e+06,1.52891e+07,0,0,0,0,99.3022,98.274,4.16821,1,1,2.09556,2.14492,0,1.61889,2.1168,8.95579e+06,3.94181e+06,1.87674e+07,0,0,0,0
85.139,85.139,6.42556,0.37,0.02,3.54817,3.63177,0,0.66487,6.048,4.30939e+06,2.94905e+06,1.52905e+07,0,0,0,0,99.3022,98.274,5.41459,1,1,2.09574,2.14511,0,1.61903,2.1168,8.95579e+06,3.94181e+06,1.8769e+07,0,0,0,0
85.139,85.139,5.66395,0.28,0.02,3.54848,3.63208,0,0.664928,6.048,4.30939e+06,2.94905e+06,1.52918e+07,0,0,0,0,99.3022,98.274,3.53829,1,1,2.09592,2.1453,0,1.61917,2.1168,8.95579e+06,3.94181e+06,1.87706e+07,0,0,0,0
84.005,85.139,2.46809,0.29,0.02,3.17197,3.17197,0,0.664985,6.048,4.30939e+06,2.70226e+06,1.36692e+07,0,0,0,0,99.2299,98.274,2.73896,0,1,1.84256,1.84256,0,1.61931,2.1168,8.95579e+06,3.61194e+06,1.65016e+07,0,0,0,0
83.0968,85.139,2.33873,0.43,0.02,2.80716,3.17224,0,0.594426,6.048,4.30939e+06,3.53887e+06,1.20972e+07,0,0,0,0,99.2931,98.274,3.04574,0,1,1.63065,1.84272,0,1.42356,2.1168,8.95579e+06,4.73018e+06,1.46038e+07,0,0,0,0
85.139,85.139,7.40657,0.46,0.02,2.80741,3.17251,0,0.526063,6.048,4.30939e+06,3.53887e+06,1.20982e+07,0,0,0,0,99.3022,98.274,7.42238,0,1,1.63079,1.84288,0,1.25984,2.1168,8.95579e+06,4.73018e+06,1.4605e+07,0,0,0,0
85.139,85.139,7.69751,0.37,0.02,3.17279,3.17279,0,0.526108,6.048,4.30939e+06,2.70226e+06,1.36728e+07,0,0,0,0,99.3022,98.274,7.82421,0,1,1.84304,1.84304,0,1.25995,2.1168,8.95579e+06,3.61194e+06,1.65058e+07,0,0,0,0
85.139,85.139,7.59441,0.39,0.02,3.10003,3.17306,0,0.594581,6.048,4.30939e+06,2.94905e+06,1.33592e+07,0,0,0,0,99.3022,98.274,5.93706,0,1,1.80077,1.8432,0,1.42393,2.1168,8.95579e+06,3.94181e+06,1.61273e+07,0,0,0,0
85.139,85.139,7.32051,0.39,0.02,3.21358,3.28928,0,0.580945,6.048,4.30939e+06,2.94905e+06,1.38485e+07,0,0,0,0,99.3022,98.274,5.97306,1,1,1.87336,1.91749,0,1.39128,2.1168,8.95579e+06,3.94181e+06,1.67774e+07,0,0,0,0
85.139,85.139,7.39198,0.41,0.02,2.91099,3.28957,0,0.602224,6.048,4.30939e+06,2.94905e+06,1.25446e+07,0,0,0,0,99.3022,98.274,6.24745,1,1,1.69697,1.91766,0,1.44736,2.1168,8.95579e+06,3.94181e+06,1.51977e+07,0,0,0,0
85.139,85.139,6.30317,0.37,0.02,3.21413,3.28985,0,0.54552,6.048,4.30939e+06,2.94905e+06,1.38509e+07,0,0,0,0,99.3022,98.274,4.78267,1,1,1.87368,1.91783,0,1.31108,2.1168,8.95579e+06,3.94181e+06,1.67803e+07,0,0,0,0
85.139,85.139,5.7416,0.36,0.02,3.21441,3.29014,0,0.602328,6.048,4.30939e+06,2.94905e+06,1.38521e+07,0,0,0,0,99.2934,98.274,4.26006,1,1,1.87385,1.91799,0,1.44761,2.1168,8.95579e+06,3.94181e+06,1.67818e+07,0,0,0,0
85.139,85.139,4.62105,0.36,0.02,3.24507,3.24507,0,0.60238,6.048,4.30939e+06,2.70226e+06,1.39843e+07,0,0,0,0,99.3022,98.274,3.88835,0,1,1.88935,1.88935,0,1.44773,2.1168,8.95579e+06,3.61194e+06,1.69206e+07,0,0,0,0
85.139,85.139,4.37599,0.33,0.02,3.24535,3.24535,0,0.608127,6.048,4.30939e+06,2.70226e+06,1.39855e+07,0,0,0,0,99.2981,98.274,3.72484,0,1,1.88952,1.88952,0,1.45971,2.1168,8.95579e+06,3.61194e+06,1.69221e+07,0,0,0,0
85.139,85.139,4.09964,0.32,0.02,3.24563,3.24563,0,0.608179,6.048,4.30939e+06,2.70226e+06,1.39867e+07,0,0,0,0,99.3022,98.274,4.40117,0,1,1.88968,1.88968,0,1.45984,2.1168,8.95579e+06,3.61194e+06,1.69236e+07,0,0,0,0
85.139,85.139,3.81756,0.3,0.02,3.24591,3.24591,0,0.608232,6.048,4.30939e+06,2.70226e+06,1.39879e+07,0,0,0,0,99.3022,98.274,3.9048,0,1,1.88984,1.88984,0,1.45997,2.1168,8.95579e+06,3.61194e+06,1.6925e+07,0,0,0,0
85.139,85.139,4.13017,0.3,0.02,3.32192,3.40018,0,0.608284,6.048,4.30939e+06,2.94905e+06,1.43155e+07,0,0,0,0,99.3022,98.274,3.70293,1,1,1.94634,1.99219,0,1.46009,2.1168,8.95579e+06,3.94181e+06,1.7431e+07,0,0,0,0
85.1179,85.139,3.56945,0.27,0.02,3.32221,3.40048,0,0.622528,6.048,4.30939e+06,2.94905e+06,1.43167e+07,0,0,0,0,99.235,98.274,3.39362,1,1,1.9465,1.99236,0,1.50374,2.1168,8.95579e+06,3.94181e+06,1.74325e+07,0,0,0,0
85.064,85.139,3.50869,0.34,0.02,3.3225,3.40077,0,0.622582,6.048,4.30939e+06,2.94905e+06,1.43179e+07,0,0,0,0,99.2938,98.274,3.20219,1,1,1.94667,1.99253,0,1.50387,2.1168,8.95579e+06,3.94181e+06,1.7434e+07,0,0,0,0
84.542,85.139,3.04461,0.3,0.02,3.32278,3.40107,0,0.622636,6.048,4.30939e+06,2.94905e+06,1.43192e+07,0,0,0,0,99.0401,98.274,2.55559,1,1,1.94684,1.99271,0,1.504,2.1168,8.95579e+06,3.94181e+06,1.74355e+07,0,0,0,0
83.4053,85.139,2.34048,0.3,0.02,3.32307,3.40136,0,0.62269,6.048,4.30939e+06,2.94905e+06,1.43204e+07,0,0,0,0,98.449,98.274,1.96209,1,1,1.94701,1.99288,0,1.50413,2.1168,8.95579e+06,3.94181e+06,1.7437e+07,0,0,0,0
81.5978,85.139,1.55591,0.26,0.02,3.29359,3.37119,0,0.622744,6.048,4.30939e+06,2.94905e+06,1.41934e+07,0,0,0,0,97.7517,98.274,1.56897,1,1,2.00207,2.04924,0,1.50426,2.1168,8.95579e+06,3.94181e+06,1.79301e+07,0,0,0,0
79.6659,85.139,1.41718,0.26,0.02,3.29388,3.37148,0,0.617219,6.048,4.30939e+06,2.94905e+06,1.41946e+07,0,0,0,0,96.9428,98.274,1.49255,1,1,2.00224,2.04941,0,1.5468,2.1168,8.95579e+06,3.94181e+06,1.79317e+07,0,0,0,0
77.6346,85.139,1.28736,0.26,0.02,3.29416,3.37177,0,0.617273,6.048,4.30939e+06,2.94905e+06,1.41958e+07,0,0,0,0,96.1148,98.274,1.37371,1,1,2.00242,2.04959,0,1.54693,2.1168,8.95579e+06,3.94181e+06,1.79332e+07,0,0,0,0
75.5849,85.139,1.21808,0.3,0.02,3.29445,3.37206,0,0.617326,6.048,4.30939e+06,2.94905e+06,1.41971e+07,0,0,0,0,95.2524,98.274,1.35715,1,1,2.00259,2.04977,0,1.54707,2.1168,8.95579e+06,3.94181e+06,1.79348e+07,0,0,0,0
73.4989,85.139,1.23181,0.3,0.02,3.37163,3.45106,0,0.61738,6.048,4.30939e+06,2.94905e+06,1.45296e+07,0,0,0,0,94.5702,98.274,1.50053,1,1,2.0517,2.10004,0,1.5472,2.1168,8.95579e+06,3.94181e+06,1.83746e+07,0,0,0,0
71.4429,85.139,1.26387,0.34,0.02,3.37192,3.45136,0,0.631843,6.048,4.30939e+06,2.94905e+06,1.45309e+07,0,0,0,0,93.8775,98.274,1.60449,1,1,2.05188,2.10022,0,1.58514,2.1168,8.95579e+06,3.94181e+06,1.83762e+07,0,0,0,0
69.331,85.139,1.16983,0.33,0.02,3.37221,3.45165,0,0.631897,6.048,4.30939e+06,2.94905e+06,1.45322e+07,0,0,0,0,92.9957,98.274,1.54362,1,1,2.05206,2.1004,0,1.58528,2.1168,8.95579e+06,3.94181e+06,1.83778e+07,0,0,0,0
67.1415,85.139,1.06516,0.34,0.02,3.3725,3.45195,0,0.631952,6.048,4.30939e+06,2.94905e+06,1.45334e+07,0,0,0,0,92.1757,98.274,1.35525,1,1,2.05223,2.10058,0,1.58542,2.1168,8.95579e+06,3.94181e+06,1.83794e+07,0,0,0,0
65.0209,85.139,1.0083,0.41,0.02,3.25898,3.68281,0,0.632006,6.048,4.30939e+06,2.94905e+06,1.40442e+07,0,0,0,0,91.2202,98.274,1.4629,1,1,2.01905,2.28163,0,1.58556,2.1168,8.95579e+06,3.94181e+06,1.80822e+07,0,0,0,0
62.8603,85.139,0.955804,0.4,0.02,3.25926,3.68313,0,0.610733,6.048,4.30939e+06,2.94905e+06,1.40454e+07,0,0,0,0,90.0656,98.274,1.27589,1,1,2.01923,2.28183,0,1.55992,2.1168,8.95579e+06,3.94181e+06,1.80838e+07,0,0,0,0
60.537,85.139,0.77169,0.4,0.02,3.25954,3.68345,0,0.610785,6.048,4.30939e+06,2.94905e+06,1.40466e+07,0,0,0,0,89.2571,98.274,0.926953,1,1,2.0194,2.28203,0,1.56005,2.1168,8.95579e+06,3.94181e+06,1.80853e+07,0,0,0,0
58.4079,85.139,0.930839,0.45,0.02,3.25982,3.68377,0,0.610838,6.048,4.30939e+06,2.94905e+06,1.40478e+07,0,0,0,0,88.3054,98.274,1.59738,1,1,2.01957,2.28222,0,1.56019,2.1168,8.95579e+06,3.94181e+06,1.80869e+07,0,0,0,0
56.1915,85.139,0.818421,0.45,0.02,3.26011,3.68409,0,0.610891,6.048,4.30939e+06,2.94905e+06,1.40491e+07,0,0,0,0,87.827,98.274,1.16653,1,1,2.01975,2.28242,0,1.56032,2.1168,8.95579e+06,3.94181e+06,1.80884e+07,0,0,0,0
54.2035,85.139,0.958021,0.46,0.02,3.16091,3.57199,0,0.610944,6.048,4.30939e+06,2.94905e+06,1.36216e+07,0,0,0,0,87.1588,98.274,2.05473,1,1,1.92274,2.17279,0,1.56046,2.1168,8.95579e+06,3.94181e+06,1.72196e+07,0,0,0,0
52.1164,85.139,0.831057,0.46,0.02,3.16118,3.5723,0,0.592354,6.048,4.30939e+06,2.94905e+06,1.36228e+07,0,0,0,0,86.2124,98.274,1.17115,1,1,1.9229,2.17298,0,1.48551,2.1168,8.95579e+06,3.94181e+06,1.72211e+07,0,0,0,0
50.079,85.139,0.860586,0.47,0.02,3.16146,3.57261,0,0.592406,6.048,4.30939e+06,2.94905e+06,1.36239e+07,0,0,0,0,85.6278,98.274,1.13713,1,1,1.92307,2.17317,0,1.48563,2.1168,8.95579e+06,3.94181e+06,1.72226e+07,0,0,0,0
49.4832,85.139,2.50513,0.53,0.02,3.16173,3.57292,0,0.592457,6.048,4.30939e+06,2.94905e+06,1.36251e+07,0,0,0,0,85.3555,98.274,2.16916,1,1,1.92323,2.17335,0,1.48576,2.1168,8.95579e+06,3.94181e+06,1.72241e+07,0,0,0,0
47.777,85.139,1.21331,0.53,0.02,3.08032,3.48092,0,0.592508,6.048,4.30939e+06,2.94905e+06,1.32743e+07,0,0,0,0,84.4388,98.274,1.33247,1,1,1.83491,2.07354,0,1.48589,2.1168,8.95579e+06,3.94181e+06,1.6433e+07,0,0,0,0
45.7263,85.139,0.823376,0.54,0.02,3.08059,3.48122,0,0.577252,6.048,4.30939e+06,2.94905e+06,1.32754e+07,0,0,0,0,84.0285,98.274,0.840781,1,1,1.83506,2.07372,0,1.41765,2.1168,8.95579e+06,3.94181e+06,1.64344e+07,0,0,0,0
43.9542,85.139,1.08772,0.57,0.02,3.08085,3.48152,0,0.577302,6.048,4.30939e+06,2.94905e+06,1.32766e+07,0,0,0,0,83.9684,98.274,1.9933,1,1,1.83522,2.0739,0,1.41777,2.1168,8.95579e+06,3.94181e+06,1.64359e+07,0,0,0,0
43.8933,85.139,2.97362,0.63,0.02,3.08112,3.48182,0,0.577352,6.048,4.30939e+06,2.94905e+06,1.32777e+07,0,0,0,0,84.1605,98.274,3.87405,1,1,1.83538,2.07407,0,1.41789,2.1168,8.95579e+06,3.94181e+06,1.64373e+07,0,0,0,0
42.9553,85.139,1.8878,0.63,0.02,2.84932,3.21988,0,0.577402,6.048,4.30939e+06,3.53887e+06,1.22788e+07,0,0,0,0,83.8481,98.274,1.50533,0,1,1.65117,1.8659,0,1.41802,2.1168,8.95579e+06,4.73018e+06,1.47875e+07,0,0,0,0
41.7164,85.139,1.48271,0.65,0.02,2.84957,3.22016,0,0.533963,6.048,4.30939e+06,3.53887e+06,1.22799e+07,0,0,0,0,83.3113,98.274,1.34343,0,1,1.65131,1.86606,0,1.27569,2.1168,8.95579e+06,4.73018e+06,1.47888e+07,0,0,0,0
40.7684,85.139,1.6758,0.68,0.02,2.84981,3.22043,0,0.534009,6.048,4.30939e+06,3.53887e+06,1.2281e+07,0,0,0,0,83.3186,98.274,1.41835,0,1,1.65145,1.86622,0,1.2758,2.1168,8.95579e+06,4.73018e+06,1.479e+07,0,0,0,0
42.5008,85.139,4.5671,0.71,0.02,2.85006,3.22071,0,0.534055,6.048,4.30939e+06,3.53887e+06,1.2282e+07,0,0,0,0,83.8149,98.274,3.08608,0,1,1.65159,1.86639,0,1.27591,2.1168,8.95579e+06,4.73018e+06,1.47913e+07,0,0,0,0
44.1374,85.139,4.76495,0.73,0.02,2.85031,3.22099,0,0.534101,6.048,4.30939e+06,3.53887e+06,1.22831e+07,0,0,0,0,84.4864,98.274,3.75946,0,1,1.65174,1.86655,0,1.27602,2.1168,8.95579e+06,4.73018e+06,1.47926e+07,0,0,0,0
42.9871,85.139,1.64136,0.76,0.02,2.93984,3.32217,0,0.534147,6.048,4.30939e+06,2.94905e+06,1.26689e+07,0,0,0,0,84.8768,98.274,3.42571,1,1,1.70528,1.92706,0,1.27613,2.1168,8.95579e+06,3.94181e+06,1.52722e+07,0,0,0,0
42.8066,85.139,2.65537,0.77,0.02,2.94007,3.32243,0,0.550926,6.048,4.30939e+06,2.94905e+06,1.26699e+07,0,0,0,0,85.716,98.274,4.09409,1,1,1.70542,1.92721,0,1.3175,2.1168,8.95579e+06,3.94181e+06,1.52734e+07,0,0,0,0
42.2341,85.139,2.30158,0.78,0.02,2.9403,3.32269,0,0.550969,6.048,4.30939e+06,2.94905e+06,1.26709e+07,0,0,0,0,86.3233,98.274,3.39054,1,1,1.70555,1.92736,0,1.31761,2.1168,8.95579e+06,3.94181e+06,1.52746e+07,0,0,0,0
41.3848,85.139,1.89974,0.54,0.02,2.94053,3.32295,0,0.551013,6.048,4.30939e+06,2.94905e+06,1.26719e+07,0,0,0,0,86.7926,98.274,2.96159,1,1,1.70569,1.92751,0,1.31771,2.1168,8.95579e+06,3.94181e+06,1.52758e+07,0,0,0,0
40.5954,85.139,2.12666,0.42,0.02,3.2276,3.64735,0,0.551056,6.048,4.30939e+06,2.94905e+06,1.3909e+07,0,0,0,0,87.1696,98.274,3.65585,1,1,1.90639,2.15432,0,1.31781,2.1168,8.95579e+06,3.94181e+06,1.70732e+07,0,0,0,0
40.7399,85.139,3.33701,0.39,0.02,3.56368,3.64764,0,0.604852,6.048,4.30939e+06,2.94905e+06,1.53573e+07,0,0,0,0,87.4695,98.274,4.48978,1,1,2.1049,2.15448,0,1.47288,2.1168,8.95579e+06,3.94181e+06,1.8851e+07,0,0,0,0
41.3545,85.139,4.02706,0.01,0.02,3.56396,3.64792,0,0.667834,6.048,4.30939e+06,2.94905e+06,1.53585e+07,0,0,0,0,88.5521,98.274,6.38288,1,1,2.10506,2.15465,0,1.62624,2.1168,8.95579e+06,3.94181e+06,1.88525e+07,0,0,0,0
41.6246,85.139,3.90452,0,0.02,3.9876,3.64821,0,0.667886,6.048,4.30939e+06,2.94905e+06,1.71841e+07,0,0,0,0,89.3904,98.274,5.30326,1,1,1.68187,2.15482,0,1.62637,2.1168,8.95579e+06,3.94181e+06,1.50624e+07,0,0,0,0
42.8192,85.139,4.36727,0,0.02,3.18603,3.18603,0,0.747276,6.048,4.30939e+06,2.70226e+06,1.37298e+07,0,0,0,0,90.1334,98.274,5.48838,0,1,1.85073,1.85073,0,1.29941,2.1168,8.95579e+06,3.61194e+06,1.65747e+07,0,0,0,0
44.5804,85.139,4.91504,0,0.02,3.18628,3.18628,0,0.597061,6.048,4.30939e+06,2.70226e+06,1.37309e+07,0,0,0,0,91.4736,98.274,6.87906,0,1,1.85087,1.85087,0,1.42987,2.1168,8.95579e+06,3.61194e+06,1.6576e+07,0,0,0,0
46.3874,85.139,5.03049,0.04,0.02,3.18653,3.18653,0,0.597108,6.048,4.30939e+06,2.70226e+06,1.3732e+07,0,0,0,0,93.254,98.274,7.92838,0,1,1.85102,1.85102,0,1.42998,2.1168,8.95579e+06,3.61194e+06,1.65773e+07,0,0,0,0
47.8546,85.139,4.74288,0,0.02,3.18678,3.18678,0,0.597155,6.048,4.30939e+06,2.70226e+06,1.37331e+07,0,0,0,0,94.728,98.274,7.22484,0,1,1.85116,1.85116,0,1.4301,2.1168,8.95579e+06,3.61194e+06,1.65786e+07,0,0,0,0
50.0825,85.139,5.55277,0,0.02,3.18703,3.18703,0,0.597202,6.048,4.30939e+06,2.70226e+06,1.37341e+07,0,0,0,0,97.8714,98.274,10.6934,0,1,1.85131,1.85131,0,1.43021,2.1168,8.95579e+06,3.61194e+06,1.65799e+07,0,0,0,0
50.7994,85.139,4.46914,0,0.02,3.65105,3.30373,0,0.597249,6.048,4.30939e+06,2.94905e+06,1.57338e+07,0,0,0,0,99.3022,98.274,6.78701,1,1,1.45823,1.92592,0,1.43032,2.1168,8.95579e+06,3.94181e+06,1.30596e+07,0,0,0,0
51.1552,85.139,4.16349,0,0.02,3.6513,3.30399,0,0.684207,6.048,4.30939e+06,2.94905e+06,1.57349e+07,0,0,0,0,99.3022,98.274,5.61972,1,1,1.45838,1.92607,0,1.12663,2.1168,8.95579e+06,3.94181e+06,1.30609e+07,0,0,0,0
53.463,85.139,6.05801,0,0.02,3.65156,3.30425,0,0.684254,6.048,4.30939e+06,2.94905e+06,1.5736e+07,0,0,0,0,99.3022,98.274,7.07362,1,1,1.45852,1.92622,0,1.12674,2.1168,8.95579e+06,3.94181e+06,1.30622e+07,0,0,0,0
55.2414,85.139,5.46705,0,0.02,3.65181,3.30451,0,0.684302,6.048,4.30939e+06,2.94905e+06,1.57371e+07,0,0,0,0,99.3022,98.274,5.40754,1,1,1.45867,1.92637,0,1.12685,2.1168,8.95579e+06,3.94181e+06,1.30635e+07,0,0,0,0
55.4899,85.139,3.56499,0,0.02,3.25922,3.25922,0,0.684349,6.048,4.30939e+06,2.70226e+06,1.40453e+07,0,0,0,0,99.3022,98.274,4.7395,0,1,1.89759,1.89759,0,1.12697,2.1168,8.95579e+06,3.61194e+06,1.69944e+07,0,0,0,0
55.5656,85.139,3.37654,0,0.02,3.25948,3.25948,0,0.610778,6.048,4.30939e+06,2.70226e+06,1.40464e+07,0,0,0,0,99.3022,98.274,4.55679,0,1,1.89774,1.89774,0,1.46608,2.1168,8.95579e+06,3.61194e+06,1.69958e+07,0,0,0,0
55.415,85.139,3.12569,0,0.02,3.25973,3.25973,0,0.610826,6.048,4.30939e+06,2.70226e+06,1.40475e+07,0,0,0,0,99.3022,98.274,5.18921,0,1,1.89789,1.89789,0,1.46619,2.1168,8.95579e+06,3.61194e+06,1.69971e+07,0,0,0,0
55.0911,85.139,2.94252,0,0.02,3.25999,3.25999,0,0.610874,6.048,4.30939e+06,2.70226e+06,1.40486e+07,0,0,0,0,99.3022,98.274,4.9457,0,1,1.89804,1.89804,0,1.46631,2.1168,8.95579e+06,3.61194e+06,1.69984e+07,0,0,0,0
54.0493,85.139,2.49254,0,0.02,3.75966,3.4149,0,0.610922,6.048,4.30939e+06,2.94905e+06,1.62018e+07,0,0,0,0,99.3022,98.274,3.83278,1,1,1.5314,2.00081,0,1.46642,2.1168,8.95579e+06,3.94181e+06,1.37149e+07,0,0,0,0
52.7709,85.139,2.19213,0,0.02,3.75992,3.41517,0,0.70456,6.048,4.30939e+06,2.94905e+06,1.6203e+07,0,0,0,0,99.3022,98.274,3.38434,1,1,1.53155,2.00097,0,1.18316,2.1168,8.95579e+06,3.94181e+06,1.37163e+07,0,0,0,0
51.4083,85.139,2.0819,0,0.02,3.76018,3.41544,0,0.704609,6.048,4.30939e+06,2.94905e+06,1.62041e+07,0,0,0,0,99.3022,98.274,3.53609,1,1,1.53171,2.00113,0,1.18328,2.1168,8.95579e+06,3.94181e+06,1.37176e+07,0,0,0,0
49.9199,85.139,1.93208,0,0.02,3.76044,3.4157,0,0.704658,6.048,4.30939e+06,2.94905e+06,1.62052e+07,0,0,0,0,99.3022,98.274,3.40244,1,1,1.53186,2.00128,0,1.1834,2.1168,8.95579e+06,3.94181e+06,1.3719e+07,0,0,0,0
48.5793,85.139,2.00632,0,0.02,3.76071,3.41597,0,0.704707,6.048,4.30939e+06,2.94905e+06,1.62063e+07,0,0,0,0,99.3022,98.274,3.4314,1,1,1.53201,2.00144,0,1.18351,2.1168,8.95579e+06,3.94181e+06,1.37204e+07,0,0,0,0
47.585,85.139,2.32745,0,0.02,3.73108,3.38564,0,0.704756,6.048,4.30939e+06,2.94905e+06,1.60787e+07,0,0,0,0,99.3022,98.274,3.63047,1,1,1.58729,2.05802,0,1.18363,2.1168,8.95579e+06,3.94181e+06,1.42155e+07,0,0,0,0
46.4243,85.139,2.13104,0,0.02,3.73133,3.38591,0,0.699203,6.048,4.30939e+06,2.94905e+06,1.60798e+07,0,0,0,0,99.3022,98.274,3.2041,1,1,1.58745,2.05819,0,1.22634,2.1168,8.95579e+06,3.94181e+06,1.42169e+07,0,0,0,0
45.1422,85.139,1.95621,0,0.02,3.73159,3.38617,0,0.699252,6.048,4.30939e+06,2.94905e+06,1.60809e+07,0,0,0,0,99.3022,98.274,3.14763,1,1,1.58761,2.05835,0,1.22647,2.1168,8.95579e+06,3.94181e+06,1.42183e+07,0,0,0,0
43.7852,85.139,1.82934,0,0.02,3.73185,3.38644,0,0.699301,6.048,4.30939e+06,2.94905e+06,1.6082e+07,0,0,0,0,99.3022,98.274,3.03727,1,1,1.58777,2.05851,0,1.22659,2.1168,8.95579e+06,3.94181e+06,1.42197e+07,0,0,0,0
42.6012,85.139,2.02667,0,0.02,3.80933,3.46574,0,0.699349,6.048,4.30939e+06,2.94905e+06,1.64159e+07,0,0,0,0,99.3022,98.274,3.12011,1,1,1.63707,2.10897,0,1.22671,2.1168,8.95579e+06,3.94181e+06,1.46613e+07,0,0,0,0
41.2657,85.139,1.83753,0,0.02,3.8096,3.46601,0,0.713869,6.048,4.30939e+06,2.94905e+06,1.6417e+07,0,0,0,0,99.3022,98.274,2.97389,1,1,1.63723,2.10914,0,1.2648,2.1168,8.95579e+06,3.94181e+06,1.46627e+07,0,0,0,0
39.8199,85.139,1.68273,0,0.02,3.80986,3.46629,0,0.713919,6.048,4.30939e+06,2.94905e+06,1.64182e+07,0,0,0,0,99.3022,98.274,2.77939,1,1,1.6374,2.1093,0,1.26493,2.1168,8.95579e+06,3.94181e+06,1.46642e+07,0,0,0,0
38.2036,85.139,1.45376,0,0.02,3.81013,3.46656,0,0.713968,6.048,4.30939e+06,2.94905e+06,1.64193e+07,0,0,0,0,99.2947,98.274,2.7569,1,1,1.63756,2.10947,0,1.26505,2.1168,8.95579e+06,3.94181e+06,1.46656e+07,0,0,0,0
36.3819,85.139,1.3384,0,0.02,4.0366,3.69836,0,0.714018,6.048,4.30939e+06,2.94905e+06,1.73953e+07,0,0,0,0,99.0912,98.274,2.50524,1,1,1.81517,2.29127,0,1.26518,2.1168,8.95579e+06,3.94181e+06,1.62563e+07,0,0,0,0
34.8903,85.139,1.6051,0,0.02,4.03688,3.69865,0,0.756459,6.048,4.30939e+06,2.94905e+06,1.73965e+07,0,0,0,0,98.9114,98.274,2.77054,1,1,1.81534,2.29145,0,1.4024,2.1168,8.95579e+06,3.94181e+06,1.62578e+07,0,0,0,0
33.1457,85.139,1.29925,0,0.02,4.03717,3.69895,0,0.756512,6.048,4.30939e+06,2.94905e+06,1.73977e+07,0,0,0,0,98.5703,98.274,2.0885,1,1,1.81552,2.29163,0,1.40253,2.1168,8.95579e+06,3.94181e+06,1.62594e+07,0,0,0,0
31.7393,85.139,1.54632,0,0.02,4.03745,3.69923,0,0.756565,6.048,4.30939e+06,2.94905e+06,1.73989e+07,0,0,0,0,98.5272,98.274,3.41129,1,1,1.81569,2.29181,0,1.40267,2.1168,8.95579e+06,3.94181e+06,1.6261e+07,0,0,0,0
30.0802,85.139,1.2138,0,0.02,4.03773,3.69953,0,0.756618,6.048,4.30939e+06,2.94905e+06,1.74002e+07,0,0,0,0,98.2634,98.274,2.45091,1,1,1.81587,2.29198,0,1.40281,2.1168,8.95579e+06,3.94181e+06,1.62626e+07,0,0,0,0
28.4283,85.139,1.06051,0,0.02,3.92773,3.58693,0,0.756671,6.048,4.30939e+06,2.94905e+06,1.69261e+07,0,0,0,0,98.0358,98.274,2.17276,1,1,1.7083,2.18188,0,1.40294,2.1168,8.95579e+06,3.94181e+06,1.52992e+07,0,0,0,0
27.263,85.139,1.47282,0,0.02,3.928,3.58721,0,0.736057,6.048,4.30939e+06,2.94905e+06,1.69273e+07,0,0,0,0,97.8762,98.274,2.39361,1,1,1.70847,2.18205,0,1.31983,2.1168,8.95579e+06,3.94181e+06,1.53007e+07,0,0,0,0
26.6949,85.139,2.06463,0,0.02,3.92828,3.58749,0,0.736108,6.048,4.30939e+06,2.94905e+06,1.69285e+07,0,0,0,0,98.0826,98.274,3.94919,1,1,1.70863,2.18222,0,1.31996,2.1168,8.95579e+06,3.94181e+06,1.53022e+07,0,0,0,0
25.8837,85.139,1.81876,0,0.02,3.92855,3.58777,0,0.73616,6.048,4.30939e+06,2.94905e+06,1.69297e+07,0,0,0,0,98.0471,98.274,2.84495,1,1,1.7088,2.18239,0,1.32009,2.1168,8.95579e+06,3.94181e+06,1.53036e+07,0,0,0,0
24.7757,85.139,1.40826,0,0.02,3.83827,3.49537,0,0.736211,6.048,4.30939e+06,2.94905e+06,1.65406e+07,0,0,0,0,97.6419,98.274,2.49381,1,1,1.61086,2.08214,0,1.32022,2.1168,8.95579e+06,3.94181e+06,1.44265e+07,0,0,0,0
23.3112,85.139,0.940493,0,0.02,3.83854,3.49564,0,0.719292,6.048,4.30939e+06,2.94905e+06,1.65418e+07,0,0,0,0,97.6977,98.274,1.51435,1,1,1.61102,2.08231,0,1.24455,2.1168,8.95579e+06,3.94181e+06,1.44279e+07,0,0,0,0
22.9847,85.139,1.9862,0,0.02,3.83881,3.49591,0,0.719343,6.048,4.30939e+06,2.94905e+06,1.65429e+07,0,0,0,0,97.9565,98.274,2.7514,1,1,1.61118,2.08247,0,1.24467,2.1168,8.95579e+06,3.94181e+06,1.44294e+07,0,0,0,0
24.7899,85.139,4.23431,0,0.02,3.83908,3.49619,0,0.719393,6.048,4.30939e+06,2.94905e+06,1.65441e+07,0,0,0,0,99.137,98.274,6.08084,1,1,1.61134,2.08263,0,1.2448,2.1168,8.95579e+06,3.94181e+06,1.44308e+07,0,0,0,0
25.8504,85.139,3.28813,0,0.02,3.23314,3.23314,0,0.719443,6.048,4.30939e+06,2.70226e+06,1.39329e+07,0,0,0,0,99.3022,98.274,4.18179,0,1,1.87359,1.87359,0,1.24492,2.1168,8.95579e+06,3.61194e+06,1.67794e+07,0,0,0,0
26.8927,85.139,3.361,0,0.02,3.23339,3.23339,0,0.60589,6.048,4.30939e+06,2.70226e+06,1.39339e+07,0,0,0,0,99.3022,98.274,5.32652,0,1,1.87373,1.87373,0,1.44753,2.1168,8.95579e+06,3.61194e+06,1.67808e+07,0,0,0,0
30.4207,85.139,6.29821,0,0.02,3.23365,3.23365,0,0.605938,6.048,4.30939e+06,2.70226e+06,1.3935e+07,0,0,0,0,99.3022,98.274,8.84016,0,1,1.87388,1.87388,0,1.44765,2.1168,8.95579e+06,3.61194e+06,1.67821e+07,0,0,0,0
32.988,85.139,5.26536,0,0.02,3.2339,3.2339,0,0.605985,6.048,4.30939e+06,2.70226e+06,1.39361e+07,0,0,0,0,99.3022,98.274,7.46142,0,1,1.87403,1.87403,0,1.44776,2.1168,8.95579e+06,3.61194e+06,1.67834e+07,0,0,0,0
34.7332,85.139,4.53896,0,0.02,3.23415,3.23415,0,0.606033,6.048,4.30939e+06,2.70226e+06,1.39372e+07,0,0,0,0,99.3022,98.274,5.23334,0,1,1.87417,1.87417,0,1.44787,2.1168,8.95579e+06,3.61194e+06,1.67847e+07,0,0,0,0
42.3564,85.139,10.9285,0,0.02,3.6823,3.33572,0,0.60608,6.048,4.30939e+06,2.94905e+06,1.58685e+07,0,0,0,0,99.3022,98.274,9.55468,1,1,1.46702,1.93492,0,1.44799,2.1168,8.95579e+06,3.94181e+06,1.31383e+07,0,0,0,0
50.5106,85.139,11.7421,0,0.02,3.68253,3.33595,0,0.690063,6.048,4.30939e+06,2.94905e+06,1.58695e+07,0,0,0,0,99.3022,98.274,12.8677,1,1,1.46716,1.93505,0,1.13342,2.1168,8.95579e+06,3.94181e+06,1.31395e+07,0,0,0,0
59.0631,85.139,12.869,0,0.02,3.68276,3.33619,0,0.690106,6.048,4.30939e+06,2.94905e+06,1.58704e+07,0,0,0,0,99.3022,98.274,18.9438,1,1,1.46729,1.93519,0,1.13352,2.1168,8.95579e+06,3.94181e+06,1.31407e+07,0,0,0,0
63.6396,85.139,8.70484,0,0.02,3.68299,3.33642,0,0.690149,6.048,4.30939e+06,2.94905e+06,1.58714e+07,0,0,0,0,99.3022,98.274,13.3348,1,1,1.46742,1.93533,0,1.13363,2.1168,8.95579e+06,3.94181e+06,1.31419e+07,0,0,0,0
69.6531,85.139,10.5206,0,0.02,4.00118,3.66211,0,0.690192,6.048,4.30939e+06,2.94905e+06,1.72426e+07,0,0,0,0,99.3022,98.274,19.5369,1,1,1.68989,2.16303,0,1.13373,2.1168,8.95579e+06,3.94181e+06,1.51343e+07,0,0,0,0
73.1088,85.139,7.95738,0,0.02,4.00143,3.66237,0,0.749821,6.048,4.30939e+06,2.94905e+06,1.72437e+07,0,0,0,0,99.3022,98.274,11.2467,1,1,1.69004,2.16318,0,1.30561,2.1168,8.95579e+06,3.94181e+06,1.51356e+07,0,0,0,0
75.2801,85.139,6.53584,0,0.02,4.00168,3.66263,0,0.749868,6.048,4.30939e+06,2.94905e+06,1.72448e+07,0,0,0,0,99.3022,98.274,9.48888,1,1,1.69018,2.16334,0,1.30572,2.1168,8.95579e+06,3.94181e+06,1.51369e+07,0,0,0,0
77.9248,85.139,7.01946,0,0.02,4.00194,3.66288,0,0.749916,6.048,4.30939e+06,2.94905e+06,1.72459e+07,0,0,0,0,99.3022,98.274,11.93,1,1,1.69033,2.16349,0,1.30584,2.1168,8.95579e+06,3.94181e+06,1.51383e+07,0,0,0,0
83.3098,85.139,9.32783,0,0.02,3.19882,3.19882,0,0.749963,6.048,4.30939e+06,2.70226e+06,1.37849e+07,0,0,0,0,99.3022,98.274,15.6753,0,1,1.85816,1.85816,0,1.30595,2.1168,8.95579e+06,3.61194e+06,1.66412e+07,0,0,0,0
85.139,85.139,8.93895,0,0.02,3.19904,3.19904,0,0.599458,6.048,4.30939e+06,2.70226e+06,1.37859e+07,0,0,0,0,99.3022,98.274,14.4203,0,1,1.85829,1.85829,0,1.43561,2.1168,8.95579e+06,3.61194e+06,1.66424e+07,0,0,0,0
85.139,85.139,9.04297,0,0.02,3.19927,3.19927,0,0.5995,6.048,4.30939e+06,2.70226e+06,1.37869e+07,0,0,0,0,99.3022,98.274,13.888,0,1,1.85842,1.85842,0,1.43571,2.1168,8.95579e+06,3.61194e+06,1.66436e+07,0,0,0,0
85.139,85.139,8.68267,0.2,0.02,3.19949,3.19949,0,0.599543,6.048,4.30939e+06,2.70226e+06,1.37879e+07,0,0,0,0,99.3022,98.274,13.2335,0,1,1.85855,1.85855,0,1.43581,2.1168,8.95579e+06,3.61194e+06,1.66448e+07,0,0,0,0
85.139,85.139,7.22062,0.39,0.02,3.12607,3.19972,0,0.599585,6.048,4.30939e+06,2.94905e+06,1.34715e+07,0,0,0,0,99.3022,98.274,10.2526,0,1,1.8159,1.85868,0,1.43591,2.1168,8.95579e+06,3.94181e+06,1.62628e+07,0,0,0,0
85.139,85.139,7.20974,0.43,0.02,2.93514,3.31686,0,0.585826,6.048,4.30939e+06,2.94905e+06,1.26487e+07,0,0,0,0,99.3022,98.274,10.6591,1,1,1.71105,1.93357,0,1.40296,2.1168,8.95579e+06,3.94181e+06,1.53238e+07,0,0,0,0
85.139,85.139,5.15512,0.44,0.02,2.93535,3.3171,0,0.550046,6.048,4.30939e+06,2.94905e+06,1.26496e+07,0,0,0,0,99.3022,98.274,6.58182,1,1,1.71117,1.93371,0,1.32195,2.1168,8.95579e+06,3.94181e+06,1.53249e+07,0,0,0,0
85.139,85.139,4.83851,0.42,0.02,2.93556,3.31733,0,0.550085,6.048,4.30939e+06,2.94905e+06,1.26505e+07,0,0,0,0,99.3022,98.274,7.02972,1,1,1.71129,1.93384,0,1.32205,2.1168,8.95579e+06,3.94181e+06,1.53259e+07,0,0,0,0
85.139,85.139,4.50084,0.37,0.02,3.2412,3.31756,0,0.550123,6.048,4.30939e+06,2.94905e+06,1.39676e+07,0,0,0,0,99.3022,98.274,7.24671,1,1,1.88947,1.93398,0,1.32214,2.1168,8.95579e+06,3.94181e+06,1.69217e+07,0,0,0,0
85.139,85.139,4.32993,0.37,0.02,3.27207,3.27207,0,0.607402,6.048,4.30939e+06,2.70226e+06,1.41006e+07,0,0,0,0,99.3022,98.274,6.32934,0,1,1.90507,1.90507,0,1.4598,2.1168,8.95579e+06,3.61194e+06,1.70614e+07,0,0,0,0
85.139,85.139,3.84668,0.35,0.02,3.19698,3.2723,0,0.613186,6.048,4.30939e+06,2.94905e+06,1.3777e+07,0,0,0,0,99.3022,98.274,6.09049,1,1,1.86135,1.90521,0,1.47186,2.1168,8.95579e+06,3.94181e+06,1.66699e+07,0,0,0,0
85.139,85.139,4.57787,0.31,0.02,3.19721,3.27253,0,0.599115,6.048,4.30939e+06,2.94905e+06,1.3778e+07,0,0,0,0,99.3022,98.274,6.48096,1,1,1.86149,1.90534,0,1.43808,2.1168,8.95579e+06,3.94181e+06,1.66711e+07,0,0,0,0
85.139,85.139,3.88476,0.3,0.02,3.19743,3.27276,0,0.599157,6.048,4.30939e+06,2.94905e+06,1.3779e+07,0,0,0,0,99.3022,98.274,6.0906,1,1,1.86162,1.90547,0,1.43818,2.1168,8.95579e+06,3.94181e+06,1.66722e+07,0,0,0,0
85.139,85.139,3.83376,0.29,0.02,3.34935,3.42825,0,0.599199,6.048,4.30939e+06,2.94905e+06,1.44336e+07,0,0,0,0,99.3022,98.274,5.99745,1,1,1.9624,2.00864,0,1.43828,2.1168,8.95579e+06,3.94181e+06,1.75749e+07,0,0,0,0
85.1153,85.139,3.57955,0.25,0.02,3.34958,3.42849,0,0.627667,6.048,4.30939e+06,2.94905e+06,1.44347e+07,0,0,0,0,99.3022,98.274,5.6516,1,1,1.96254,2.00878,0,1.51615,2.1168,8.95579e+06,3.94181e+06,1.75761e+07,0,0,0,0
84.75,85.139,3.22451,0.34,0.02,3.34982,3.42874,0,0.627712,6.048,4.30939e+06,2.94905e+06,1.44357e+07,0,0,0,0,99.3022,98.274,4.84604,1,1,1.96268,2.00892,0,1.51626,2.1168,8.95579e+06,3.94181e+06,1.75773e+07,0,0,0,0
84.199,85.139,3.00294,0.29,0.02,3.35005,3.42898,0,0.627756,6.048,4.30939e+06,2.94905e+06,1.44367e+07,0,0,0,0,99.3022,98.274,4.80787,1,1,1.96282,2.00906,0,1.51637,2.1168,8.95579e+06,3.94181e+06,1.75786e+07,0,0,0,0
83.5939,85.139,2.93138,0.28,0.02,3.35029,3.42922,0,0.6278,6.048,4.30939e+06,2.94905e+06,1.44377e+07,0,0,0,0,99.3022,98.274,4.34345,1,1,1.96296,2.0092,0,1.51647,2.1168,8.95579e+06,3.94181e+06,1.75798e+07,0,0,0,0
83.3772,85.139,3.27556,0.25,0.02,3.32052,3.39875,0,0.627844,6.048,4.30939e+06,2.94905e+06,1.43094e+07,0,0,0,0,99.3022,98.274,4.01315,1,1,2.01844,2.06599,0,1.51658,2.1168,8.95579e+06,3.94181e+06,1.80767e+07,0,0,0,0
82.8831,85.139,2.98998,0.25,0.02,3.32075,3.39899,0,0.622265,6.048,4.30939e+06,2.94905e+06,1.43104e+07,0,0,0,0,99.3022,98.274,3.59645,1,1,2.01858,2.06613,0,1.55944,2.1168,8.95579e+06,3.94181e+06,1.8078e+07,0,0,0,0
82.1789,85.139,2.74401,0.25,0.02,3.32099,3.39923,0,0.622309,6.048,4.30939e+06,2.94905e+06,1.43114e+07,0,0,0,0,99.3022,98.274,3.51613,1,1,2.01872,2.06628,0,1.55955,2.1168,8.95579e+06,3.94181e+06,1.80792e+07,0,0,0,0
81.3418,85.139,2.57137,0.23,0.02,3.32122,3.39946,0,0.622353,6.048,4.30939e+06,2.94905e+06,1.43124e+07,0,0,0,0,99.3022,98.274,3.385,1,1,2.01886,2.06643,0,1.55966,2.1168,8.95579e+06,3.94181e+06,1.80805e+07,0,0,0,0
80.5202,85.139,2.65016,0.24,0.02,3.39897,3.47905,0,0.622397,6.048,4.30939e+06,2.94905e+06,1.46475e+07,0,0,0,0,99.3022,98.274,3.09263,1,1,2.06834,2.11707,0,1.55977,2.1168,8.95579e+06,3.94181e+06,1.85236e+07,0,0,0,0
79.7352,85.139,2.67456,0.23,0.02,3.39921,3.47929,0,0.636967,6.048,4.30939e+06,2.94905e+06,1.46485e+07,0,0,0,0,99.2856,98.274,3.03682,1,1,2.06849,2.11722,0,1.598,2.1168,8.95579e+06,3.94181e+06,1.85249e+07,0,0,0,0
78.6641,85.139,2.37551,0.23,0.02,3.39945,3.47954,0,0.637012,6.048,4.30939e+06,2.94905e+06,1.46495e+07,0,0,0,0,99.2114,98.274,2.84799,1,1,2.06863,2.11737,0,1.59811,2.1168,8.95579e+06,3.94181e+06,1.85262e+07,0,0,0,0
77.3944,85.139,2.16174,0.27,0.02,3.39969,3.47978,0,0.637057,6.048,4.30939e+06,2.94905e+06,1.46506e+07,0,0,0,0,99.1134,98.274,2.70377,1,1,2.06878,2.11752,0,1.59823,2.1168,8.95579e+06,3.94181e+06,1.85275e+07,0,0,0,0
75.8504,85.139,2.0507,0.27,0.02,3.62699,3.71244,0,0.637102,6.048,4.30939e+06,2.94905e+06,1.56301e+07,0,0,0,0,98.9215,98.274,2.51425,1,1,2.1168,2.29999,0.13025,1.59834,2.1168,8.95579e+06,3.94181e+06,1.89576e+07,0,0,0,0
74.7182,85.139,2.48603,0.27,0.02,3.62725,3.7127,0,0.679699,6.048,4.30939e+06,2.94905e+06,1.56312e+07,0,0,0,0,98.5317,98.274,2.52842,1,1,2.1168,2.30015,0.130408,1.63544,2.1168,8.95579e+06,3.94181e+06,1.89576e+07,0,0,0,0
73.178,85.139,2.05724,0.26,0.02,3.62751,3.71297,0,0.679747,6.048,4.30939e+06,2.94905e+06,1.56323e+07,0,0,0,0,98.1062,98.274,1.78572,1,1,2.1168,2.30031,0.130566,1.63544,2.1168,8.95579e+06,3.94181e+06,1.89576e+07,0,0,0,0
72.1297,85.139,2.53177,0.32,0.02,3.62776,3.71323,0,0.679795,6.048,4.30939e+06,2.94905e+06,1.56334e+07,0,0,0,0,98.1004,98.274,3.33293,1,1,2.1168,2.30047,0.130725,1.63544,2.1168,8.95579e+06,3.94181e+06,1.89576e+07,0,0,0,0
70.7005,85.139,2.11365,0.33,0.02,3.62802,3.71349,0,0.679842,6.048,4.30939e+06,2.94905e+06,1.56345e+07,0,0,0,0,97.8671,98.274,2.4164,1,1,2.1168,2.30064,0.130883,1.63544,2.1168,8.95579e+06,3.94181e+06,1.89576e+07,0,0,0,0
70.1491,85.139,2.86487,0.34,0.02,3.51757,3.60044,0,0.67989,6.048,4.30939e+06,2.94905e+06,1.51586e+07,0,0,0,0,97.6321,98.274,2.54265,1,1,2.1168,2.1901,0.0228877,1.63544,2.1168,8.95579e+06,3.94181e+06,1.89576e+07,0,0,0,0
69.9381,85.139,3.25032,0.25,0.02,3.51782,3.60069,0,0.659193,6.048,4.30939e+06,2.94905e+06,1.51596e+07,0,0,0,0,97.7576,98.274,3.52368,1,1,2.1168,2.19025,0.0230384,1.63544,2.1168,8.95579e+06,3.94181e+06,1.89576e+07,0,0,0,0
69.5761,85.139,3.11592,0.19,0.02,3.51807,3.60095,0,0.659239,6.048,4.30939e+06,2.94905e+06,1.51607e+07,0,0,0,0,97.853,98.274,3.35442,1,1,2.1168,2.19041,0.0231893,1.63544,2.1168,8.95579e+06,3.94181e+06,1.89576e+07,0,0,0,0
69.5936,85.139,3.57714,0.19,0.02,3.51831,3.6012,0,0.659285,6.048,4.30939e+06,2.94905e+06,1.51618e+07,0,0,0,0,98.2853,98.274,4.2267,1,1,2.1168,2.19056,0.02334,1.63544,2.1168,8.95579e+06,3.94181e+06,1.89576e+07,0,0,0,0
69.4803,85.139,3.45798,0.19,0.02,3.42767,3.50842,0,0.659332,6.048,4.30939e+06,2.94905e+06,1.47712e+07,0,0,0,0,98.4642,98.274,3.15612,1,1,2.04182,2.08992,0,1.63544,2.1168,8.95579e+06,3.94181e+06,1.82861e+07,0,0,0,0
69.1646,85.139,3.17567,0.17,0.02,3.42791,3.50867,0,0.642345,6.048,4.30939e+06,2.94905e+06,1.47722e+07,0,0,0,0,98.4571,98.274,2.40361,1,1,2.04196,2.09007,0,1.57751,2.1168,8.95579e+06,3.94181e+06,1.82874e+07,0,0,0,0
70.1688,85.139,4.51965,0.16,0.02,3.42815,3.50892,0,0.64239,6.048,4.30939e+06,2.94905e+06,1.47732e+07,0,0,0,0,98.405,98.274,2.22627,1,1,2.0421,2.09021,0,1.57762,2.1168,8.95579e+06,3.94181e+06,1.82886e+07,0,0,0,0
78.2592,85.139,11.7902,0.17,0.02,3.42839,3.50916,0,0.642436,6.048,4.30939e+06,2.94905e+06,1.47743e+07,0,0,0,0,99.3022,98.274,7.04122,1,1,2.04225,2.09036,0,1.57773,2.1168,8.95579e+06,3.94181e+06,1.82899e+07,0,0,0,0
81.8579,85.139,7.20488,0.15,0.02,3.24511,3.24511,0,0.642481,6.048,4.30939e+06,2.70226e+06,1.39844e+07,0,0,0,0,99.3022,98.274,4.32147,0,1,1.88052,1.88052,0,1.57784,2.1168,8.95579e+06,3.61194e+06,1.68416e+07,0,0,0,0
83.9312,85.139,5.80622,0.14,0.02,3.24534,3.24534,0,0.608134,6.048,4.30939e+06,2.70226e+06,1.39854e+07,0,0,0,0,99.3022,98.274,3.59489,0,1,1.88066,1.88066,0,1.45289,2.1168,8.95579e+06,3.61194e+06,1.68428e+07,0,0,0,0
85.139,85.139,6.81587,0.14,0.02,3.24557,3.24557,0,0.608177,6.048,4.30939e+06,2.70226e+06,1.39864e+07,0,0,0,0,99.3022,98.274,4.67806,0,1,1.88079,1.88079,0,1.453,2.1168,8.95579e+06,3.61194e+06,1.68439e+07,0,0,0,0
85.139,85.139,11.4759,0.1,0.02,3.2458,3.2458,0,0.608219,6.048,4.30939e+06,2.70226e+06,1.39874e+07,0,0,0,0,99.3022,98.274,4.68609,0,1,1.88092,1.88092,0,1.4531,2.1168,8.95579e+06,3.61194e+06,1.68451e+07,0,0,0,0
85.139,85.139,11.4199,0.22,0.02,3.24603,3.24603,0,0.608262,6.048,4.30939e+06,2.70226e+06,1.39884e+07,0,0,0,0,99.3022,98.274,4.88239,0,1,1.88105,1.88105,0,1.4532,2.1168,8.95579e+06,3.61194e+06,1.68463e+07,0,0,0,0
85.139,85.139,3.62833,0.21,0.02,3.27088,3.34794,0,0.608305,6.048,4.30939e+06,2.94905e+06,1.40955e+07,0,0,0,0,99.3022,98.274,2.48873,1,1,1.89731,1.94201,0,1.4533,2.1168,8.95579e+06,3.94181e+06,1.69919e+07,0,0,0,0
85.0117,85.139,3.52203,0.21,0.02,3.27108,3.34815,0,0.612963,6.048,4.30939e+06,2.94905e+06,1.40964e+07,0,0,0,0,99.3022,98.274,2.45425,1,1,1.89743,1.94213,0,1.46586,2.1168,8.95579e+06,3.94181e+06,1.69929e+07,0,0,0,0
85.139,85.139,5.18862,0.33,0.02,3.27129,3.34836,0,0.613001,6.048,4.30939e+06,2.94905e+06,1.40973e+07,0,0,0,0,99.3022,98.274,6.63422,1,1,1.89754,1.94225,0,1.46595,2.1168,8.95579e+06,3.94181e+06,1.6994e+07,0,0,0,0
85.139,85.139,4.39738,0.24,0.02,3.27149,3.34857,0,0.613039,6.048,4.30939e+06,2.94905e+06,1.40981e+07,0,0,0,0,99.2519,98.274,4.23904,1,1,1.89766,1.94237,0,1.46604,2.1168,8.95579e+06,3.94181e+06,1.69951e+07,0,0,0,0
83.6946,85.139,2.41395,0.27,0.02,3.59081,3.67541,0,0.613078,6.048,4.30939e+06,2.94905e+06,1.54742e+07,0,0,0,0,99.3022,98.274,3.13363,1,1,2.1168,2.17089,0.00411999,1.46613,2.1168,8.95579e+06,3.94181e+06,1.89576e+07,0,0,0,0
83.3082,85.139,3.49027,0.39,0.02,3.59104,3.67564,0,0.672918,6.048,4.30939e+06,2.94905e+06,1.54752e+07,0,0,0,0,99.3022,98.274,4.54427,1,1,2.1168,2.17102,0.00425276,1.63544,2.1168,8.95579e+06,3.94181e+06,1.89576e+07,0,0,0,0
82.8725,85.139,3.14576,0.4,0.02,3.25283,3.67587,0,0.67296,6.048,4.30939e+06,2.94905e+06,1.40177e+07,0,0,0,0,98.9262,98.274,3.40999,1,1,1.92129,2.17116,0,1.63544,2.1168,8.95579e+06,3.94181e+06,1.72067e+07,0,0,0,0
81.1779,85.139,1.78666,0.41,0.02,3.25304,3.6761,0,0.609581,6.048,4.30939e+06,2.94905e+06,1.40186e+07,0,0,0,0,99.0397,98.274,2.18107,1,1,1.92141,2.17129,0,1.48439,2.1168,8.95579e+06,3.94181e+06,1.72078e+07,0,0,0,0
81.3559,85.139,3.50521,0.4,0.02,2.84087,3.21033,0,0.609619,6.048,4.30939e+06,3.53887e+06,1.22424e+07,0,0,0,0,99.3022,98.274,3.84569,0,1,1.65023,1.86484,0,1.48448,2.1168,8.95579e+06,4.73018e+06,1.47791e+07,0,0,0,0
83.3967,85.139,5.54337,0.46,0.02,2.84105,3.21053,0,0.532379,6.048,4.30939e+06,3.53887e+06,1.22432e+07,0,0,0,0,99.3022,98.274,7.09964,0,1,1.65033,1.86496,0,1.27497,2.1168,8.95579e+06,4.73018e+06,1.478e+07,0,0,0,0
85.0914,85.139,5.28763,0.48,0.02,2.84123,3.21073,0,0.532413,6.048,4.30939e+06,3.53887e+06,1.22439e+07,0,0,0,0,99.3022,98.274,7.44697,0,1,1.65044,1.86508,0,1.27505,2.1168,8.95579e+06,4.73018e+06,1.4781e+07,0,0,0,0
85.139,85.139,5.41184,0.55,0.02,2.8414,3.21093,0,0.532446,6.048,4.30939e+06,3.53887e+06,1.22447e+07,0,0,0,0,99.3022,98.274,8.74897,0,1,1.65054,1.86519,0,1.27513,2.1168,8.95579e+06,4.73018e+06,1.47819e+07,0,0,0,0
85.139,85.139,8.63654,0.4,0.02,2.84158,3.21113,0,0.532479,6.048,4.30939e+06,3.53887e+06,1.22455e+07,0,0,0,0,99.3022,98.274,14.4042,0,1,1.65064,1.86531,0,1.27521,2.1168,8.95579e+06,4.73018e+06,1.47828e+07,0,0,0,0
84.5597,85.139,2.80118,0.42,0.02,2.94559,3.32867,0,0.532512,6.048,4.30939e+06,2.94905e+06,1.26937e+07,0,0,0,0,99.3022,98.274,3.46444,1,1,1.71714,1.94045,0,1.27529,2.1168,8.95579e+06,3.94181e+06,1.53783e+07,0,0,0,0
85.139,85.139,4.16957,0.63,0.02,2.94578,3.32888,0,0.552004,6.048,4.30939e+06,2.94905e+06,1.26945e+07,0,0,0,0,99.3022,98.274,4.92714,1,1,1.71724,1.94057,0,1.32666,2.1168,8.95579e+06,3.94181e+06,1.53793e+07,0,0,0,0
84.4595,85.139,2.70395,0.41,0.02,2.94596,3.32909,0,0.552038,6.048,4.30939e+06,2.94905e+06,1.26953e+07,0,0,0,0,99.3022,98.274,3.96584,1,1,1.71735,1.9407,0,1.32674,2.1168,8.95579e+06,3.94181e+06,1.53802e+07,0,0,0,0
84.7327,85.139,3.82568,0.59,0.02,2.94614,3.32929,0,0.552073,6.048,4.30939e+06,2.94905e+06,1.26961e+07,0,0,0,0,99.2208,98.274,7.18462,1,1,1.71746,1.94082,0,1.32683,2.1168,8.95579e+06,3.94181e+06,1.53812e+07,0,0,0,0
83.8486,85.139,2.45135,0.53,0.02,2.90572,3.28361,0,0.552107,6.048,4.30939e+06,2.94905e+06,1.25219e+07,0,0,0,0,98.9349,98.274,2.84113,1,1,1.69177,1.91179,0,1.32691,2.1168,8.95579e+06,3.94181e+06,1.51512e+07,0,0,0,0
82.6501,85.139,2.09535,0.5,0.02,2.9059,3.28382,0,0.544532,6.048,4.30939e+06,2.94905e+06,1.25227e+07,0,0,0,0,98.8399,98.274,2.13042,1,1,1.69188,1.91191,0,1.30707,2.1168,8.95579e+06,3.94181e+06,1.51521e+07,0,0,0,0
81.3882,85.139,1.92848,0.45,0.02,2.90608,3.28402,0,0.544566,6.048,4.30939e+06,2.94905e+06,1.25234e+07,0,0,0,0,98.9482,98.274,1.92924,1,1,1.69199,1.91203,0,1.30715,2.1168,8.95579e+06,3.94181e+06,1.51531e+07,0,0,0,0
80.0909,85.139,1.87997,0.45,0.02,2.90627,3.28423,0,0.5446,6.048,4.30939e+06,2.94905e+06,1.25242e+07,0,0,0,0,98.8608,98.274,2.17373,1,1,1.69209,1.91215,0,1.30723,2.1168,8.95579e+06,3.94181e+06,1.5154e+07,0,0,0,0
78.5379,85.139,1.71755,0.42,0.02,3.04432,3.44024,0,0.544634,6.048,4.30939e+06,2.94905e+06,1.31192e+07,0,0,0,0,98.6307,98.274,1.92106,1,1,1.78369,2.01566,0,1.30731,2.1168,8.95579e+06,3.94181e+06,1.59743e+07,0,0,0,0
76.9161,85.139,1.62979,0.49,0.02,3.04451,3.44045,0,0.570506,6.048,4.30939e+06,2.94905e+06,1.312e+07,0,0,0,0,98.3135,98.274,1.77886,1,1,1.7838,2.01578,0,1.37808,2.1168,8.95579e+06,3.94181e+06,1.59753e+07,0,0,0,0
75.1622,85.139,1.42716,0.44,0.02,3.0447,3.44067,0,0.570541,6.048,4.30939e+06,2.94905e+06,1.31208e+07,0,0,0,0,97.9508,98.274,1.60603,1,1,1.78391,2.01591,0,1.37816,2.1168,8.95579e+06,3.94181e+06,1.59763e+07,0,0,0,0
73.1094,85.139,1.36428,0.38,0.02,3.36169,3.44088,0,0.570577,6.048,4.30939e+06,2.94905e+06,1.44868e+07,0,0,0,0,97.3897,98.274,1.63388,1,1,1.96963,2.01604,0,1.37825,2.1168,8.95579e+06,3.94181e+06,1.76396e+07,0,0,0,0
71.2795,85.139,1.30207,0.46,0.02,3.04508,3.4411,0,0.62998,6.048,4.30939e+06,2.94905e+06,1.31224e+07,0,0,0,0,97.0637,98.274,1.59185,1,1,1.78413,2.01616,0,1.52174,2.1168,8.95579e+06,3.94181e+06,1.59783e+07,0,0,0,0
69.2374,85.139,0.998149,0.42,0.02,3.018,3.41049,0,0.570648,6.048,4.30939e+06,2.94905e+06,1.30057e+07,0,0,0,0,96.5988,98.274,1.57911,1,1,1.83454,2.07313,0,1.37842,2.1168,8.95579e+06,3.94181e+06,1.64298e+07,0,0,0,0
66.8759,85.139,0.91434,0.38,0.02,3.3322,3.41071,0,0.565573,6.048,4.30939e+06,2.94905e+06,1.43598e+07,0,0,0,0,95.8531,98.274,1.58193,1,1,2.02554,2.07326,0,1.41737,2.1168,8.95579e+06,3.94181e+06,1.81403e+07,0,0,0,0
64.7101,85.139,0.826055,0.47,0.02,3.01838,3.41092,0,0.624455,6.048,4.30939e+06,2.94905e+06,1.30074e+07,0,0,0,0,95.2522,98.274,1.4188,1,1,1.83477,2.07339,0,1.56493,2.1168,8.95579e+06,3.94181e+06,1.64318e+07,0,0,0,0
62.3013,85.139,0.785951,0.35,0.02,3.33262,3.41113,0,0.565644,6.048,4.30939e+06,2.94905e+06,1.43616e+07,0,0,0,0,94.4033,98.274,1.37689,1,1,2.02579,2.07352,0,1.41755,2.1168,8.95579e+06,3.94181e+06,1.81426e+07,0,0,0,0
60.1525,85.139,0.810642,0.5,0.02,3.0892,3.49096,0,0.624533,6.048,4.30939e+06,2.94905e+06,1.33126e+07,0,0,0,0,93.809,98.274,1.44046,1,1,1.87984,2.12432,0,1.56513,2.1168,8.95579e+06,3.94181e+06,1.68355e+07,0,0,0,0
57.8249,85.139,0.85474,0.27,0.02,3.41082,3.49118,0,0.578917,6.048,4.30939e+06,2.94905e+06,1.46986e+07,0,0,0,0,93.0388,98.274,1.56923,1,1,2.07555,2.12445,0,1.45237,2.1168,8.95579e+06,3.94181e+06,1.85882e+07,0,0,0,0
55.4378,85.139,0.760463,0.23,0.02,3.41104,3.4914,0,0.639188,6.048,4.30939e+06,2.94905e+06,1.46995e+07,0,0,0,0,92.2006,98.274,1.4879,1,1,2.07568,2.12458,0,1.60357,2.1168,8.95579e+06,3.94181e+06,1.85894e+07,0,0,0,0
53.0252,85.139,0.696843,0.26,0.02,3.41125,3.49161,0,0.639228,6.048,4.30939e+06,2.94905e+06,1.47004e+07,0,0,0,0,91.339,98.274,1.39707,1,1,2.07581,2.12472,0,1.60367,2.1168,8.95579e+06,3.94181e+06,1.85905e+07,0,0,0,0
50.0677,85.139,0.589838,0,0.02,4.06266,3.72504,0,0.639268,6.048,4.30939e+06,2.94905e+06,1.75076e+07,0,0,0,0,90.6982,98.274,1.38945,1,1,1.83131,2.30779,0,1.60377,2.1168,8.95579e+06,3.94181e+06,1.64008e+07,0,0,0,0
47.3431,85.139,0.433798,0.26,0.02,3.63953,3.72527,0,0.761342,6.048,4.30939e+06,2.94905e+06,1.56841e+07,0,0,0,0,89.7006,98.274,1.35266,1,1,2.1168,2.30793,0.138014,1.41487,2.1168,8.95579e+06,3.94181e+06,1.89576e+07,0,0,0,0
44.3247,85.139,0.388762,0,0.02,4.06311,3.7255,0,0.682047,6.048,4.30939e+06,2.94905e+06,1.75095e+07,0,0,0,0,89.031,98.274,1.25431,1,1,1.83159,2.30808,0,1.63544,2.1168,8.95579e+06,3.94181e+06,1.64034e+07,0,0,0,0
41.4519,85.139,0.459026,0,0.02,4.06334,3.72574,0,0.761428,6.048,4.30939e+06,2.94905e+06,1.75105e+07,0,0,0,0,88.5267,98.274,1.35792,1,1,1.83174,2.30822,0,1.41509,2.1168,8.95579e+06,3.94181e+06,1.64046e+07,0,0,0,0
38.9433,85.139,0.78296,0,0.02,4.06357,3.72597,0,0.76147,6.048,4.30939e+06,2.94905e+06,1.75115e+07,0,0,0,0,87.8833,98.274,1.63312,1,1,1.83188,2.30837,0,1.4152,2.1168,8.95579e+06,3.94181e+06,1.64059e+07,0,0,0,0
36.6918,85.139,0.88573,0,0.02,3.95272,3.61251,0,0.761513,6.048,4.30939e+06,2.94905e+06,1.70338e+07,0,0,0,0,87.3846,98.274,1.40639,1,1,1.7235,2.19744,0,1.41531,2.1168,8.95579e+06,3.94181e+06,1.54353e+07,0,0,0,0
34.3909,85.139,0.785102,0,0.02,3.95294,3.61274,0,0.74074,6.048,4.30939e+06,2.94905e+06,1.70348e+07,0,0,0,0,86.5632,98.274,1.35274,1,1,1.72364,2.19758,0,1.33158,2.1168,8.95579e+06,3.94181e+06,1.54365e+07,0,0,0,0
31.9049,85.139,0.476137,0,0.02,3.95316,3.61296,0,0.740782,6.048,4.30939e+06,2.94905e+06,1.70357e+07,0,0,0,0,85.6159,98.274,0.857621,1,1,1.72377,2.19771,0,1.33168,2.1168,8.95579e+06,3.94181e+06,1.54377e+07,0,0,0,0
29.6671,85.139,0.635276,0,0.02,3.95338,3.61319,0,0.740823,6.048,4.30939e+06,2.94905e+06,1.70367e+07,0,0,0,0,85.6249,98.274,1.0914,1,1,1.7239,2.19785,0,1.33178,2.1168,8.95579e+06,3.94181e+06,1.54389e+07,0,0,0,0
28.7101,85.139,1.79572,0,0.02,3.86241,3.52007,0,0.740864,6.048,4.30939e+06,2.94905e+06,1.66446e+07,0,0,0,0,85.6636,98.274,2.48063,1,1,1.62524,2.09686,0,1.33189,2.1168,8.95579e+06,3.94181e+06,1.45553e+07,0,0,0,0
27.3938,85.139,1.35819,0,0.02,3.86263,3.52029,0,0.723816,6.048,4.30939e+06,2.94905e+06,1.66456e+07,0,0,0,0,85.7189,98.274,1.60539,1,1,1.62536,2.09699,0,1.25566,2.1168,8.95579e+06,3.94181e+06,1.45564e+07,0,0,0,0
26.7323,85.139,1.97923,0,0.02,3.86284,3.52051,0,0.723856,6.048,4.30939e+06,2.94905e+06,1.66465e+07,0,0,0,0,85.9516,98.274,2.5687,1,1,1.62549,2.09712,0,1.25576,2.1168,8.95579e+06,3.94181e+06,1.45576e+07,0,0,0,0
27.9871,85.139,3.91342,0,0.02,3.86306,3.52073,0,0.723896,6.048,4.30939e+06,2.94905e+06,1.66474e+07,0,0,0,0,86.755,98.274,3.55276,1,1,1.62562,2.09725,0,1.25586,2.1168,8.95579e+06,3.94181e+06,1.45587e+07,0,0,0,0
29.6213,85.139,4.05473,0,0.02,3.25578,3.25578,0,0.723937,6.048,4.30939e+06,2.70226e+06,1.40304e+07,0,0,0,0,87.151,98.274,3.27963,0,1,1.88671,1.88671,0,1.25595,2.1168,8.95579e+06,3.61194e+06,1.6897e+07,0,0,0,0
32.7487,85.139,5.8239,0,0.02,3.25599,3.25599,0,0.610134,6.048,4.30939e+06,2.70226e+06,1.40313e+07,0,0,0,0,88.0583,98.274,4.92781,0,1,1.88683,1.88683,0,1.45767,2.1168,8.95579e+06,3.61194e+06,1.6898e+07,0,0,0,0
33.3128,85.139,3.29094,0,0.02,3.25619,3.25619,0,0.610172,6.048,4.30939e+06,2.70226e+06,1.40322e+07,0,0,0,0,88.2385,98.274,3.20423,0,1,1.88695,1.88695,0,1.45776,2.1168,8.95579e+06,3.61194e+06,1.68991e+07,0,0,0,0
33.1332,85.139,2.49581,0,0.02,3.25639,3.25639,0,0.61021,6.048,4.30939e+06,2.70226e+06,1.40331e+07,0,0,0,0,88.1738,98.274,2.27828,0,1,1.88706,1.88706,0,1.45785,2.1168,8.95579e+06,3.61194e+06,1.69001e+07,0,0,0,0
34.4935,85.139,4.1375,0,0.02,3.2566,3.2566,0,0.610248,6.048,4.30939e+06,2.70226e+06,1.40339e+07,0,0,0,0,88.4939,98.274,3.49828,0,1,1.88718,1.88718,0,1.45794,2.1168,8.95579e+06,3.61194e+06,1.69012e+07,0,0,0,0
40.6244,85.139,9.08702,0,0.02,3.2566,3.2566,0,0.610287,6.048,4.30939e+06,2.70226e+06,1.40339e+07,0,0,0,0,89.3278,98.274,5.3318,0,1,1.88718,1.88718,0,1.45804,2.1168,8.95579e+06,3.61194e+06,1.69012e+07,0,0,0,0
44.7004,85.139,7.51429,0,0.02,3.70487,3.35882,0,0.610287,6.048,4.30939e+06,2.94905e+06,1.59657e+07,0,0,0,0,90.1418,98.274,4.81842,1,1,1.48011,1.94832,0,1.45804,2.1168,8.95579e+06,3.94181e+06,1.32556e+07,0,0,0,0
54.1048,85.139,13.3198,0,0.02,3.70505,3.359,0,0.694292,6.048,4.30939e+06,2.94905e+06,1.59665e+07,0,0,0,0,93.6955,98.274,10.7888,1,1,1.48022,1.94842,0,1.14353,2.1168,8.95579e+06,3.94181e+06,1.32565e+07,0,0,0,0
58.8722,85.139,8.97659,0,0.02,3.70523,3.35918,0,0.694326,6.048,4.30939e+06,2.94905e+06,1.59673e+07,0,0,0,0,95.971,98.274,8.00502,1,1,1.48032,1.94853,0,1.14361,2.1168,8.95579e+06,3.94181e+06,1.32574e+07,0,0,0,0
67.0505,85.139,12.2021,0,0.02,3.70541,3.35937,0,0.694359,6.048,4.30939e+06,2.94905e+06,1.5968e+07,0,0,0,0,99.2251,98.274,10.3727,1,1,1.48042,1.94864,0,1.1437,2.1168,8.95579e+06,3.94181e+06,1.32584e+07,0,0,0,0
71.1109,85.139,8.62359,0,0.02,4.02573,3.68723,0,0.694393,6.048,4.30939e+06,2.94905e+06,1.73484e+07,0,0,0,0,99.3022,98.274,8.57217,1,1,1.70438,2.17787,0,1.14378,2.1168,8.95579e+06,3.94181e+06,1.52641e+07,0,0,0,0
74.9359,85.139,8.3696,0,0.02,4.02592,3.68744,0,0.754421,6.048,4.30939e+06,2.94905e+06,1.73493e+07,0,0,0,0,99.3022,98.274,8.57105,1,1,1.7045,2.17799,0,1.31681,2.1168,8.95579e+06,3.94181e+06,1.52652e+07,0,0,0,0
78.8654,85.139,8.61894,0,0.02,4.02612,3.68764,0,0.754458,6.048,4.30939e+06,2.94905e+06,1.73501e+07,0,0,0,0,99.3022,98.274,9.28415,1,1,1.70462,2.17811,0,1.3169,2.1168,8.95579e+06,3.94181e+06,1.52662e+07,0,0,0,0
80.9619,85.139,6.65533,0,0.02,4.02632,3.68784,0,0.754495,6.048,4.30939e+06,2.94905e+06,1.7351e+07,0,0,0,0,99.3022,98.274,7.07063,1,1,1.70473,2.17823,0,1.31699,2.1168,8.95579e+06,3.94181e+06,1.52672e+07,0,0,0,0
82.6124,85.139,5.49095,0,0.02,3.22056,3.22056,0,0.754532,6.048,4.30939e+06,2.70226e+06,1.38786e+07,0,0,0,0,99.3022,98.274,5.64522,0,1,1.87079,1.87079,0,1.31708,2.1168,8.95579e+06,3.61194e+06,1.67544e+07,0,0,0,0
84.9731,85.139,6.29689,0,0.02,3.22073,3.22073,0,0.603533,6.048,4.30939e+06,2.70226e+06,1.38794e+07,0,0,0,0,99.3022,98.274,6.9835,0,1,1.87089,1.87089,0,1.44537,2.1168,8.95579e+06,3.61194e+06,1.67553e+07,0,0,0,0
85.139,85.139,5.40169,0,0.02,3.22091,3.22091,0,0.603566,6.048,4.30939e+06,2.70226e+06,1.38802e+07,0,0,0,0,99.3022,98.274,5.5075,0,1,1.87099,1.87099,0,1.44545,2.1168,8.95579e+06,3.61194e+06,1.67562e+07,0,0,0,0
85.139,85.139,4.78712,0,0.02,3.22109,3.22109,0,0.603599,6.048,4.30939e+06,2.70226e+06,1.38809e+07,0,0,0,0,99.3022,98.274,4.60998,0,1,1.87109,1.87109,0,1.44553,2.1168,8.95579e+06,3.61194e+06,1.67571e+07,0,0,0,0
85.139,85.139,6.47866,0,0.02,3.22126,3.22126,0,0.603632,6.048,4.30939e+06,2.70226e+06,1.38817e+07,0,0,0,0,99.3022,98.274,6.771,0,1,1.87119,1.87119,0,1.44561,2.1168,8.95579e+06,3.61194e+06,1.6758e+07,0,0,0,0
85.139,85.139,5.87543,0,0.02,3.68565,3.33914,0,0.603665,6.048,4.30939e+06,2.94905e+06,1.58829e+07,0,0,0,0,99.3022,98.274,7.90125,1,1,1.4784,1.94656,0,1.44569,2.1168,8.95579e+06,3.94181e+06,1.32402e+07,0,0,0,0
85.139,85.139,6.5435,0,0.02,3.68583,3.33933,0,0.69069,6.048,4.30939e+06,2.94905e+06,1.58837e+07,0,0,0,0,99.3022,98.274,7.57862,1,1,1.4785,1.94667,0,1.14221,2.1168,8.95579e+06,3.94181e+06,1.32411e+07,0,0,0,0
85.139,85.139,5.335,0,0.02,3.686,3.33951,0,0.690724,6.048,4.30939e+06,2.94905e+06,1.58844e+07,0,0,0,0,99.3022,98.274,7.1443,1,1,1.4786,1.94677,0,1.14229,2.1168,8.95579e+06,3.94181e+06,1.32421e+07,0,0,0,0
85.139,85.139,5.07571,0.12,0.02,3.26282,3.33969,0,0.690757,6.048,4.30939e+06,2.94905e+06,1.40608e+07,0,0,0,0,99.3022,98.274,6.35119,1,1,1.90207,1.94688,0,1.14237,2.1168,8.95579e+06,3.94181e+06,1.70345e+07,0,0,0,0
85.139,85.139,4.75135,0.2,0.02,3.21803,3.29384,0,0.611453,6.048,4.30939e+06,2.94905e+06,1.38677e+07,0,0,0,0,99.3022,98.274,6.31566,1,1,1.87361,1.91775,0,1.46954,2.1168,8.95579e+06,3.94181e+06,1.67796e+07,0,0,0,0
85.139,85.139,4.16202,0.18,0.02,3.2182,3.29402,0,0.603059,6.048,4.30939e+06,2.94905e+06,1.38685e+07,0,0,0,0,99.3022,98.274,5.76475,1,1,1.87371,1.91785,0,1.44755,2.1168,8.95579e+06,3.94181e+06,1.67805e+07,0,0,0,0
85.139,85.139,3.7323,0.19,0.02,3.21838,3.2942,0,0.603091,6.048,4.30939e+06,2.94905e+06,1.38693e+07,0,0,0,0,99.3022,98.274,5.10578,1,1,1.87381,1.91796,0,1.44763,2.1168,8.95579e+06,3.94181e+06,1.67815e+07,0,0,0,0
85.139,85.139,3.58049,0.17,0.02,3.21856,3.29438,0,0.603124,6.048,4.30939e+06,2.94905e+06,1.387e+07,0,0,0,0,99.3022,98.274,4.89259,1,1,1.87391,1.91806,0,1.44771,2.1168,8.95579e+06,3.94181e+06,1.67824e+07,0,0,0,0
85.139,85.139,3.74853,0.16,0.02,3.37142,3.45085,0,0.603157,6.048,4.30939e+06,2.94905e+06,1.45288e+07,0,0,0,0,99.3022,98.274,5.03832,1,1,1.97534,2.02187,0,1.44779,2.1168,8.95579e+06,3.94181e+06,1.76907e+07,0,0,0,0
85.139,85.139,3.48772,0.13,0.02,3.3716,3.45104,0,0.631804,6.048,4.30939e+06,2.94905e+06,1.45296e+07,0,0,0,0,99.3022,98.274,4.58354,1,1,1.97544,2.02198,0,1.52614,2.1168,8.95579e+06,3.94181e+06,1.76917e+07,0,0,0,0
85.0903,85.139,3.42592,0.12,0.02,3.37179,3.45122,0,0.631838,6.048,4.30939e+06,2.94905e+06,1.45303e+07,0,0,0,0,99.3022,98.274,4.61348,1,1,1.97555,2.02209,0,1.52623,2.1168,8.95579e+06,3.94181e+06,1.76926e+07,0,0,0,0
84.6877,85.139,3.07252,0.23,0.02,3.37197,3.45141,0,0.631873,6.048,4.30939e+06,2.94905e+06,1.45311e+07,0,0,0,0,99.3022,98.274,4.62132,1,1,1.97566,2.02221,0,1.52631,2.1168,8.95579e+06,3.94181e+06,1.76936e+07,0,0,0,0
85.139,85.139,4.84712,0.14,0.02,3.37216,3.4516,0,0.631908,6.048,4.30939e+06,2.94905e+06,1.45319e+07,0,0,0,0,99.3022,98.274,6.09707,1,1,1.97577,2.02232,0,1.5264,2.1168,8.95579e+06,3.94181e+06,1.76946e+07,0,0,0,0
85.139,85.139,4.88186,0.03,0.02,3.34214,3.42088,0,0.631942,6.048,4.30939e+06,2.94905e+06,1.44026e+07,0,0,0,0,99.3022,98.274,6.0972,1,1,2.03158,2.07944,0,1.52648,2.1168,8.95579e+06,3.94181e+06,1.81944e+07,0,0,0,0
85.139,85.139,4.63244,0.09,0.02,3.34232,3.42106,0,0.626317,6.048,4.30939e+06,2.94905e+06,1.44034e+07,0,0,0,0,99.3022,98.274,5.84548,1,1,2.03169,2.07955,0,1.5696,2.1168,8.95579e+06,3.94181e+06,1.81954e+07,0,0,0,0
85.139,85.139,4.29393,0.11,0.02,3.3425,3.42125,0,0.626351,6.048,4.30939e+06,2.94905e+06,1.44041e+07,0,0,0,0,99.3022,98.274,5.39541,1,1,2.0318,2.07967,0,1.56968,2.1168,8.95579e+06,3.94181e+06,1.81964e+07,0,0,0,0
85.139,85.139,3.98182,0.11,0.02,3.34269,3.42144,0,0.626385,6.048,4.30939e+06,2.94905e+06,1.44049e+07,0,0,0,0,99.3022,98.274,4.61521,1,1,2.03191,2.07978,0,1.56977,2.1168,8.95579e+06,3.94181e+06,1.81974e+07,0,0,0,0
85.0479,85.139,3.38142,0.11,0.02,3.42088,3.50148,0,0.626419,6.048,4.30939e+06,2.94905e+06,1.47419e+07,0,0,0,0,99.3022,98.274,3.66586,1,1,2.08168,2.13072,0,1.56985,2.1168,8.95579e+06,3.94181e+06,1.86431e+07,0,0,0,0
84.7466,85.139,3.16343,0.25,0.02,3.42107,3.50167,0,0.641074,6.048,4.30939e+06,2.94905e+06,1.47427e+07,0,0,0,0,99.3022,98.274,3.35318,1,1,2.08179,2.13084,0,1.6083,2.1168,8.95579e+06,3.94181e+06,1.86441e+07,0,0,0,0
84.4065,85.139,3.11255,0.2,0.02,3.42126,3.50186,0,0.641109,6.048,4.30939e+06,2.94905e+06,1.47435e+07,0,0,0,0,99.3022,98.274,3.61767,1,1,2.0819,2.13095,0,1.60839,2.1168,8.95579e+06,3.94181e+06,1.86451e+07,0,0,0,0
84.3217,85.139,3.35215,0.13,0.02,3.42145,3.50205,0,0.641144,6.048,4.30939e+06,2.94905e+06,1.47443e+07,0,0,0,0,99.3022,98.274,3.97393,1,1,2.08202,2.13107,0,1.60848,2.1168,8.95579e+06,3.94181e+06,1.86461e+07,0,0,0,0
84.5797,85.139,3.93426,0.13,0.02,3.65015,3.73614,0,0.641179,6.048,4.30939e+06,2.94905e+06,1.57299e+07,0,0,0,0,99.3022,98.274,3.62329,1,1,2.1168,2.31467,0.144594,1.60857,2.1168,8.95579e+06,3.94181e+06,1.89576e+07,0,0,0,0
85.139,85.139,4.34959,0.13,0.02,3.65035,3.73635,0,0.684038,6.048,4.30939e+06,2.94905e+06,1.57308e+07,0,0,0,0,99.3022,98.274,4.43688,1,1,2.1168,2.3148,0.144718,1.63544,2.1168,8.95579e+06,3.94181e+06,1.89576e+07,0,0,0,0
84.5859,85.139,3.53206,0,0.02,4.07391,3.73655,0,0.684075,6.048,4.30939e+06,2.94905e+06,1.75561e+07,0,0,0,0,99.3022,98.274,3.16774,1,1,1.83828,2.31492,0,1.63544,2.1168,8.95579e+06,3.94181e+06,1.64633e+07,0,0,0,0
85.139,85.139,4.3282,0.13,0.02,3.65075,3.73676,0,0.76345,6.048,4.30939e+06,2.94905e+06,1.57325e+07,0,0,0,0,99.3022,98.274,5.68095,1,1,2.1168,2.31505,0.144965,1.42026,2.1168,8.95579e+06,3.94181e+06,1.89576e+07,0,0,0,0
85.139,85.139,4.23894,0,0.02,4.07431,3.73696,0,0.68415,6.048,4.30939e+06,2.94905e+06,1.75578e+07,0,0,0,0,99.3022,98.274,6.61742,1,1,1.83853,2.31518,0,1.63544,2.1168,8.95579e+06,3.94181e+06,1.64655e+07,0,0,0,0
85.139,85.139,5.00196,0,0.02,3.96311,3.62314,0,0.763525,6.048,4.30939e+06,2.94905e+06,1.70786e+07,0,0,0,0,99.3022,98.274,6.83542,1,1,1.72982,2.2039,0,1.42045,2.1168,8.95579e+06,3.94181e+06,1.54919e+07,0,0,0,0
85.139,85.139,6.6414,0,0.02,3.9633,3.62334,0,0.742686,6.048,4.30939e+06,2.94905e+06,1.70794e+07,0,0,0,0,99.3022,98.274,9.31279,1,1,1.72993,2.20402,0,1.33646,2.1168,8.95579e+06,3.94181e+06,1.54929e+07,0,0,0,0
85.139,85.139,8.81725,0.09,0.02,3.54013,3.62354,0,0.742722,6.048,4.30939e+06,2.94905e+06,1.52558e+07,0,0,0,0,99.3022,98.274,12.8963,1,1,2.1168,2.20414,0.0366125,1.33655,2.1168,8.95579e+06,3.94181e+06,1.89576e+07,0,0,0,0
85.139,85.139,6.44789,0.16,0.02,3.54033,3.62373,0,0.663421,6.048,4.30939e+06,2.94905e+06,1.52566e+07,0,0,0,0,99.3022,98.274,7.23686,1,1,2.1168,2.20427,0.0367303,1.63544,2.1168,8.95579e+06,3.94181e+06,1.89576e+07,0,0,0,0
85.139,85.139,5.0332,0.16,0.02,3.44906,3.53032,0,0.663457,6.048,4.30939e+06,2.94905e+06,1.48633e+07,0,0,0,0,99.3022,98.274,8.79605,1,1,2.05456,2.10296,0,1.63544,2.1168,8.95579e+06,3.94181e+06,1.84002e+07,0,0,0,0
85.0247,85.139,3.65979,0.16,0.02,3.44925,3.53051,0,0.646354,6.048,4.30939e+06,2.94905e+06,1.48642e+07,0,0,0,0,99.3022,98.274,6.43481,1,1,2.05467,2.10308,0,1.58735,2.1168,8.95579e+06,3.94181e+06,1.84012e+07,0,0,0,0
85.139,85.139,4.86598,0.24,0.02,3.44944,3.5307,0,0.646389,6.048,4.30939e+06,2.94905e+06,1.4865e+07,0,0,0,0,99.3022,98.274,7.49705,1,1,2.05478,2.10319,0,1.58744,2.1168,8.95579e+06,3.94181e+06,1.84022e+07,0,0,0,0
85.0528,85.139,3.68477,0.21,0.02,3.44963,3.5309,0,0.646424,6.048,4.30939e+06,2.94905e+06,1.48658e+07,0,0,0,0,99.3022,98.274,4.80723,1,1,2.0549,2.10331,0,1.58753,2.1168,8.95579e+06,3.94181e+06,1.84032e+07,0,0,0,0
85.139,85.139,4.27573,0.27,0.02,3.26516,3.26516,0,0.64646,6.048,4.30939e+06,2.70226e+06,1.40708e+07,0,0,0,0,99.3022,98.274,13.3738,0,1,1.89214,1.89214,0,1.58761,2.1168,8.95579e+06,3.61194e+06,1.69456e+07,0,0,0,0
84.973,85.139,3.46266,0.21,0.02,3.26534,3.26534,0,0.61189,6.048,4.30939e+06,2.70226e+06,1.40716e+07,0,0,0,0,99.3022,98.274,8.09682,0,1,1.89224,1.89224,0,1.46187,2.1168,8.95579e+06,3.61194e+06,1.69465e+07,0,0,0,0
84.842,85.139,3.4849,0.28,0.02,3.26551,3.26551,0,0.611924,6.048,4.30939e+06,2.70226e+06,1.40724e+07,0,0,0,0,99.3022,98.274,5.08305,0,1,1.89235,1.89235,0,1.46195,2.1168,8.95579e+06,3.61194e+06,1.69475e+07,0,0,0,0
84.2933,85.139,3.06928,0.31,0.02,3.26569,3.26569,0,0.611957,6.048,4.30939e+06,2.70226e+06,1.40731e+07,0,0,0,0,99.3022,98.274,4.59348,0,1,1.89245,1.89245,0,1.46203,2.1168,8.95579e+06,3.61194e+06,1.69484e+07,0,0,0,0
85.139,85.139,4.81195,0.31,0.02,3.26587,3.26587,0,0.611991,6.048,4.30939e+06,2.70226e+06,1.40739e+07,0,0,0,0,99.3022,98.274,6.67063,0,1,1.89255,1.89255,0,1.46211,2.1168,8.95579e+06,3.61194e+06,1.69493e+07,0,0,0,0
85.139,85.139,6.52965,0.22,0.04,3.29083,3.36835,0,0.612024,6.048,4.30939e+06,2.94905e+06,1.41814e+07,0,0,0,0,99.3022,98.274,8.88252,1,1,1.90888,1.95385,0,1.46219,2.1168,8.95579e+06,3.94181e+06,1.70955e+07,0,0,0,0
85.139,85.139,5.64404,0.25,0.04,3.29098,3.36851,0,0.616701,6.048,4.30939e+06,2.94905e+06,1.41821e+07,0,0,0,0,99.3022,98.274,5.9988,1,1,1.90897,1.95394,0,1.4748,2.1168,8.95579e+06,3.94181e+06,1.70963e+07,0,0,0,0
85.139,85.139,5.67114,0.27,0.04,3.29113,3.36867,0,0.61673,6.048,4.30939e+06,2.94905e+06,1.41828e+07,0,0,0,0,99.3022,98.274,7.37418,1,1,1.90906,1.95403,0,1.47487,2.1168,8.95579e+06,3.94181e+06,1.70971e+07,0,0,0,0
85.139,85.139,4.22056,0.31,0.04,3.29129,3.36883,0,0.616759,6.048,4.30939e+06,2.94905e+06,1.41834e+07,0,0,0,0,99.3022,98.274,5.27789,1,1,1.90915,1.95412,0,1.47494,2.1168,8.95579e+06,3.94181e+06,1.70979e+07,0,0,0,0
85.139,85.139,4.22749,0.33,0.04,3.61248,3.69759,0,0.616788,6.048,4.30939e+06,2.94905e+06,1.55676e+07,0,0,0,0,99.3022,98.274,5.14914,1,1,2.1168,2.18399,0.0169207,1.47501,2.1168,8.95579e+06,3.94181e+06,1.89576e+07,0,0,0,0
85.139,85.139,4.51323,0.33,0.04,3.61265,3.69776,0,0.676979,6.048,4.30939e+06,2.94905e+06,1.55683e+07,0,0,0,0,99.3022,98.274,5.8838,1,1,2.1168,2.18409,0.0170209,1.63544,2.1168,8.95579e+06,3.94181e+06,1.89576e+07,0,0,0,0
85.139,85.139,4.64131,0.33,0.04,3.61282,3.69794,0,0.677011,6.048,4.30939e+06,2.94905e+06,1.55691e+07,0,0,0,0,99.3022,98.274,5.25555,1,1,2.1168,2.18419,0.017121,1.63544,2.1168,8.95579e+06,3.94181e+06,1.89576e+07,0,0,0,0
85.139,85.139,4.75164,0.34,0.04,3.61299,3.69811,0,0.677043,6.048,4.30939e+06,2.94905e+06,1.55698e+07,0,0,0,0,99.3022,98.274,5.8315,1,1,2.1168,2.1843,0.0172214,1.63544,2.1168,8.95579e+06,3.94181e+06,1.89576e+07,0,0,0,0
85.139,85.139,3.92968,0.35,0.04,3.2295,3.2295,0,0.677075,6.048,4.30939e+06,2.70226e+06,1.39172e+07,0,0,0,0,99.3022,98.274,3.97767,0,1,1.87598,1.87598,0,1.63544,2.1168,8.95579e+06,3.61194e+06,1.68009e+07,0,0,0,0
85.139,85.139,5.56302,0.37,0.04,3.22966,3.22966,0,0.605209,6.048,4.30939e+06,2.70226e+06,1.39178e+07,0,0,0,0,99.3022,98.274,6.44454,0,1,1.87607,1.87607,0,1.44938,2.1168,8.95579e+06,3.61194e+06,1.68017e+07,0,0,0,0
85.139,85.139,4.96182,0.4,0.04,2.85811,3.22981,0,0.605237,6.048,4.30939e+06,3.53887e+06,1.23167e+07,0,0,0,0,99.3022,98.274,4.4227,0,1,1.66024,1.87616,0,1.44945,2.1168,8.95579e+06,4.73018e+06,1.48688e+07,0,0,0,0
85.139,85.139,4.09471,0.44,0.04,2.85824,3.22996,0,0.535609,6.048,4.30939e+06,3.53887e+06,1.23173e+07,0,0,0,0,99.3022,98.274,3.82511,0,1,1.66032,1.87625,0,1.2827,2.1168,8.95579e+06,4.73018e+06,1.48695e+07,0,0,0,0
85.139,85.139,4.10032,0.44,0.04,2.85838,3.23011,0,0.535634,6.048,4.30939e+06,3.53887e+06,1.23179e+07,0,0,0,0,99.3022,98.274,4.39873,0,1,1.6604,1.87633,0,1.28276,2.1168,8.95579e+06,4.73018e+06,1.48702e+07,0,0,0,0
85.139,85.139,4.8318,0.45,0.04,2.96295,3.34829,0,0.53566,6.048,4.30939e+06,2.94905e+06,1.27685e+07,0,0,0,0,99.3022,98.274,4.0702,1,1,1.72726,1.95189,0,1.28282,2.1168,8.95579e+06,3.94181e+06,1.5469e+07,0,0,0,0
85.139,85.139,4.53,0.46,0.04,2.96309,3.34845,0,0.555258,6.048,4.30939e+06,2.94905e+06,1.27691e+07,0,0,0,0,99.3022,98.274,6.63499,1,1,1.72734,1.95198,0,1.33448,2.1168,8.95579e+06,3.94181e+06,1.54697e+07,0,0,0,0
85.139,85.139,3.84736,0.41,0.04,2.96323,3.3486,0,0.555284,6.048,4.30939e+06,2.94905e+06,1.27697e+07,0,0,0,0,99.3022,98.274,6.73933,1,1,1.72742,1.95207,0,1.33454,2.1168,8.95579e+06,3.94181e+06,1.54704e+07,0,0,0,0
84.2392,85.139,2.73853,0.38,0.04,3.27168,3.34876,0,0.55531,6.048,4.30939e+06,2.94905e+06,1.4099e+07,0,0,0,0,99.145,98.274,4.04718,1,1,1.90723,1.95217,0,1.33461,2.1168,8.95579e+06,3.94181e+06,1.70808e+07,0,0,0,0
83.1176,85.139,2.1027,0.53,0.04,2.92267,3.30276,0,0.613113,6.048,4.30939e+06,2.94905e+06,1.25949e+07,0,0,0,0,99.1124,98.274,2.76861,1,1,1.70164,1.92294,0,1.47353,2.1168,8.95579e+06,3.94181e+06,1.52395e+07,0,0,0,0
81.8815,85.139,1.97215,0.49,0.04,2.9228,3.30292,0,0.547708,6.048,4.30939e+06,2.94905e+06,1.25955e+07,0,0,0,0,99.3022,98.274,2.71146,1,1,1.70172,1.92303,0,1.31469,2.1168,8.95579e+06,3.94181e+06,1.52403e+07,0,0,0,0
81.7141,85.139,3.07096,0.47,0.04,2.92294,3.30307,0,0.547733,6.048,4.30939e+06,2.94905e+06,1.25961e+07,0,0,0,0,99.2162,98.274,3.33541,1,1,1.7018,1.92312,0,1.31475,2.1168,8.95579e+06,3.94181e+06,1.5241e+07,0,0,0,0
80.483,85.139,1.91372,0.44,0.04,2.92308,3.30323,0,0.547759,6.048,4.30939e+06,2.94905e+06,1.25967e+07,0,0,0,0,99.1547,98.274,2.67568,1,1,1.70188,1.92321,0,1.31481,2.1168,8.95579e+06,3.94181e+06,1.52417e+07,0,0,0,0
79.001,85.139,2.06286,0.38,0.04,3.38044,3.46009,0,0.547785,6.048,4.30939e+06,2.94905e+06,1.45677e+07,0,0,0,0,99.1487,98.274,2.63303,1,1,1.98062,2.02729,0,1.31487,2.1168,8.95579e+06,3.94181e+06,1.77381e+07,0,0,0,0
77.6625,85.139,1.88266,0.49,0.04,3.06203,3.46025,0,0.633495,6.048,4.30939e+06,2.94905e+06,1.31955e+07,0,0,0,0,99.2528,98.274,2.38597,1,1,1.79406,2.02738,0,1.53023,2.1168,8.95579e+06,3.94181e+06,1.60672e+07,0,0,0,0
76.2252,85.139,1.73905,0.41,0.04,3.06217,3.46041,0,0.573824,6.048,4.30939e+06,2.94905e+06,1.31961e+07,0,0,0,0,99.2062,98.274,2.40033,1,1,1.79415,2.02748,0,1.38609,2.1168,8.95579e+06,3.94181e+06,1.6068e+07,0,0,0,0
74.4838,85.139,1.68234,0.39,0.04,3.38092,3.46057,0,0.573851,6.048,4.30939e+06,2.94905e+06,1.45697e+07,0,0,0,0,99.2296,98.274,2.40528,1,1,1.9809,2.02757,0,1.38616,2.1168,8.95579e+06,3.94181e+06,1.77406e+07,0,0,0,0
72.8668,85.139,1.77955,0.34,0.04,3.38108,3.46074,0,0.633585,6.048,4.30939e+06,2.94905e+06,1.45704e+07,0,0,0,0,98.9478,98.274,2.09769,1,1,1.981,2.02767,0,1.53045,2.1168,8.95579e+06,3.94181e+06,1.77414e+07,0,0,0,0
71.5098,85.139,1.73263,0.42,0.04,3.03517,3.4299,0,0.633614,6.048,4.30939e+06,2.94905e+06,1.30797e+07,0,0,0,0,98.711,98.274,1.82364,1,1,1.84498,2.08493,0,1.53052,2.1168,8.95579e+06,3.94181e+06,1.65233e+07,0,0,0,0
69.7873,85.139,1.58964,0.39,0.04,3.35111,3.43006,0,0.568791,6.048,4.30939e+06,2.94905e+06,1.44412e+07,0,0,0,0,98.2438,98.274,1.78761,1,1,2.03703,2.08503,0,1.42544,2.1168,8.95579e+06,3.94181e+06,1.82432e+07,0,0,0,0
68.0081,85.139,1.489,0.34,0.04,3.35127,3.43022,0,0.627998,6.048,4.30939e+06,2.94905e+06,1.44419e+07,0,0,0,0,97.6124,98.274,1.72617,1,1,2.03713,2.08512,0,1.57381,2.1168,8.95579e+06,3.94181e+06,1.82441e+07,0,0,0,0
66.3097,85.139,1.28628,0.44,0.04,3.0356,3.43038,0,0.628028,6.048,4.30939e+06,2.94905e+06,1.30816e+07,0,0,0,0,97.1659,98.274,1.57478,1,1,1.84524,2.08522,0,1.57389,2.1168,8.95579e+06,3.94181e+06,1.65256e+07,0,0,0,0
64.3378,85.139,1.31772,0.36,0.04,3.4298,3.51061,0,0.568872,6.048,4.30939e+06,2.94905e+06,1.47804e+07,0,0,0,0,96.6074,98.274,1.71098,1,1,2.0871,2.13627,0,1.42564,2.1168,8.95579e+06,3.94181e+06,1.86917e+07,0,0,0,0
62.29,85.139,1.20414,0.22,0.04,3.42997,3.51077,0,0.642745,6.048,4.30939e+06,2.94905e+06,1.47811e+07,0,0,0,0,95.8386,98.274,1.69319,1,1,2.0872,2.13637,0,1.6125,2.1168,8.95579e+06,3.94181e+06,1.86925e+07,0,0,0,0
60.1707,85.139,1.10514,0.27,0.04,3.43013,3.51094,0,0.642775,6.048,4.30939e+06,2.94905e+06,1.47817e+07,0,0,0,0,95.2336,98.274,1.48157,1,1,2.0873,2.13648,0,1.61257,2.1168,8.95579e+06,3.94181e+06,1.86934e+07,0,0,0,0
58.1442,85.139,1.16235,0.24,0.04,3.43029,3.5111,0,0.642806,6.048,4.30939e+06,2.94905e+06,1.47824e+07,0,0,0,0,94.532,98.274,1.76836,1,1,2.0874,2.13658,0,1.61265,2.1168,8.95579e+06,3.94181e+06,1.86943e+07,0,0,0,0
55.3862,85.139,0.935266,0,0.04,4.08291,3.74577,0,0.642836,6.048,4.30939e+06,2.94905e+06,1.75949e+07,0,0,0,0,93.9512,98.274,1.535,1,1,1.84386,2.32063,0,1.61272,2.1168,8.95579e+06,3.94181e+06,1.65132e+07,0,0,0,0
52.8671,85.139,0.794969,0.26,0.04,3.65973,3.74595,0,0.765138,6.048,4.30939e+06,2.94905e+06,1.57712e+07,0,0,0,0,93.1007,98.274,1.40116,1,1,2.1168,2.32074,0.150527,1.42457,2.1168,8.95579e+06,3.94181e+06,1.89576e+07,0,0,0,0
50.1576,85.139,0.882138,0,0.04,4.08326,3.74612,0,0.685833,6.048,4.30939e+06,2.94905e+06,1.75963e+07,0,0,0,0,92.7427,98.274,1.44321,1,1,1.84407,2.32085,0,1.63544,2.1168,8.95579e+06,3.94181e+06,1.65151e+07,0,0,0,0
47.9795,85.139,1.41579,0,0.04,4.08343,3.7463,0,0.765202,6.048,4.30939e+06,2.94905e+06,1.75971e+07,0,0,0,0,92.4337,98.274,1.74722,1,1,1.84418,2.32096,0,1.42473,2.1168,8.95579e+06,3.94181e+06,1.65161e+07,0,0,0,0
46.5325,85.139,2.14657,0,0.04,4.0836,3.74647,0,0.765235,6.048,4.30939e+06,2.94905e+06,1.75978e+07,0,0,0,0,92.2813,98.274,1.98558,1,1,1.84429,2.32107,0,1.42481,2.1168,8.95579e+06,3.94181e+06,1.6517e+07,0,0,0,0
45.3218,85.139,2.28938,0,0.04,3.97209,3.63233,0,0.765267,6.048,4.30939e+06,2.94905e+06,1.71173e+07,0,0,0,0,92.2119,98.274,2.03665,1,1,1.73528,2.2095,0,1.4249,2.1168,8.95579e+06,3.94181e+06,1.55408e+07,0,0,0,0
43.7778,85.139,1.91507,0,0.04,3.97226,3.6325,0,0.74437,6.048,4.30939e+06,2.94905e+06,1.7118e+07,0,0,0,0,92.2952,98.274,3.25612,1,1,1.73538,2.2096,0,1.34068,2.1168,8.95579e+06,3.94181e+06,1.55417e+07,0,0,0,0
42.0026,85.139,1.64156,0,0.04,3.97242,3.63268,0,0.744401,6.048,4.30939e+06,2.94905e+06,1.71187e+07,0,0,0,0,92.1122,98.274,1.77446,1,1,1.73548,2.2097,0,1.34076,2.1168,8.95579e+06,3.94181e+06,1.55426e+07,0,0,0,0
40.8191,85.139,2.23323,0,0.04,3.97259,3.63285,0,0.744432,6.048,4.30939e+06,2.94905e+06,1.71194e+07,0,0,0,0,92.0219,98.274,2.24962,1,1,1.73559,2.20981,0,1.34084,2.1168,8.95579e+06,3.94181e+06,1.55435e+07,0,0,0,0
42.11,85.139,4.78891,0,0.04,3.88107,3.53917,0,0.744463,6.048,4.30939e+06,2.94905e+06,1.6725e+07,0,0,0,0,92.4899,98.274,4.14364,1,1,1.63635,2.10823,0,1.34091,2.1168,8.95579e+06,3.94181e+06,1.46548e+07,0,0,0,0
43.1922,85.139,4.51072,0,0.04,3.88123,3.53933,0,0.727312,6.048,4.30939e+06,2.94905e+06,1.67257e+07,0,0,0,0,92.6546,98.274,2.50468,1,1,1.63645,2.10833,0,1.26424,2.1168,8.95579e+06,3.94181e+06,1.46557e+07,0,0,0,0
44.7094,85.139,4.88885,0,0.04,3.88139,3.5395,0,0.727342,6.048,4.30939e+06,2.94905e+06,1.67264e+07,0,0,0,0,92.7821,98.274,2.89734,1,1,1.63654,2.10843,0,1.26432,2.1168,8.95579e+06,3.94181e+06,1.46565e+07,0,0,0,0
45.8371,85.139,4.55833,0,0.04,3.88155,3.53967,0,0.727373,6.048,4.30939e+06,2.94905e+06,1.67271e+07,0,0,0,0,93.0747,98.274,3.18009,1,1,1.63664,2.10853,0,1.26439,2.1168,8.95579e+06,3.94181e+06,1.46574e+07,0,0,0,0
46.3234,85.139,3.58626,0,0.04,3.27324,3.27324,0,0.727403,6.048,4.30939e+06,2.70226e+06,1.41057e+07,0,0,0,0,93.5122,98.274,3.78635,0,1,1.89683,1.89683,0,1.26447,2.1168,8.95579e+06,3.61194e+06,1.69876e+07,0,0,0,0
50.4111,85.139,7.30622,0,0.04,3.2734,3.2734,0,0.613406,6.048,4.30939e+06,2.70226e+06,1.41063e+07,0,0,0,0,93.8082,98.274,3.95421,0,1,1.89691,1.89691,0,1.46549,2.1168,8.95579e+06,3.61194e+06,1.69884e+07,0,0,0,0
54.3281,85.139,7.36038,0,0.04,3.27355,3.27355,0,0.613434,6.048,4.30939e+06,2.70226e+06,1.4107e+07,0,0,0,0,94.5383,98.274,4.39044,0,1,1.897,1.897,0,1.46556,2.1168,8.95579e+06,3.61194e+06,1.69892e+07,0,0,0,0
55.1812,85.139,4.12682,0,0.04,3.2737,3.2737,0,0.613463,6.048,4.30939e+06,2.70226e+06,1.41077e+07,0,0,0,0,94.5305,98.274,2.61468,0,1,1.89709,1.89709,0,1.46563,2.1168,8.95579e+06,3.61194e+06,1.699e+07,0,0,0,0
55.2381,85.139,3.32626,0,0.04,3.27386,3.27386,0,0.613492,6.048,4.30939e+06,2.70226e+06,1.41083e+07,0,0,0,0,94.6436,98.274,3.08638,0,1,1.89718,1.89718,0,1.46569,2.1168,8.95579e+06,3.61194e+06,1.69908e+07,0,0,0,0
56.7921,85.139,5.25404,0,0.04,3.72221,3.37656,0,0.613521,6.048,4.30939e+06,2.94905e+06,1.60404e+07,0,0,0,0,95.9559,98.274,6.48369,1,1,1.49017,1.95861,0,1.46576,2.1168,8.95579e+06,3.94181e+06,1.33456e+07,0,0,0,0
59.8732,85.139,7.00191,0,0.04,3.72234,3.3767,0,0.697542,6.048,4.30939e+06,2.94905e+06,1.6041e+07,0,0,0,0,97.5994,98.274,8.16451,1,1,1.49024,1.95869,0,1.1513,2.1168,8.95579e+06,3.94181e+06,1.33463e+07,0,0,0,0
60.7482,85.139,4.7473,0,0.04,3.72247,3.37683,0,0.697566,6.048,4.30939e+06,2.94905e+06,1.60416e+07,0,0,0,0,98.4026,98.274,5.07881,1,1,1.49032,1.95876,0,1.15136,2.1168,8.95579e+06,3.94181e+06,1.3347e+07,0,0,0,0
62.2504,85.139,5.41779,0,0.04,3.7226,3.37696,0,0.69759,6.048,4.30939e+06,2.94905e+06,1.60421e+07,0,0,0,0,99.3022,98.274,6.01138,1,1,1.4904,1.95884,0,1.15142,2.1168,8.95579e+06,3.94181e+06,1.33477e+07,0,0,0,0
65.8401,85.139,8.26987,0,0.04,4.04454,3.70649,0,0.697614,6.048,4.30939e+06,2.94905e+06,1.74295e+07,0,0,0,0,99.3022,98.274,9.46407,1,1,1.7155,2.18925,0,1.15148,2.1168,8.95579e+06,3.94181e+06,1.53636e+07,0,0,0,0
68.018,85.139,6.67379,0,0.04,4.04468,3.70664,0,0.757946,6.048,4.30939e+06,2.94905e+06,1.74301e+07,0,0,0,0,99.3022,98.274,6.70512,1,1,1.71558,2.18933,0,1.32539,2.1168,8.95579e+06,3.94181e+06,1.53644e+07,0,0,0,0
69.4954,85.139,5.91064,0,0.04,4.04482,3.70678,0,0.757973,6.048,4.30939e+06,2.94905e+06,1.74307e+07,0,0,0,0,99.3022,98.274,6.78596,1,1,1.71566,2.18942,0,1.32546,2.1168,8.95579e+06,3.94181e+06,1.53651e+07,0,0,0,0
73.3076,85.139,8.32897,0,0.04,4.04496,3.70693,0,0.758,6.048,4.30939e+06,2.94905e+06,1.74313e+07,0,0,0,0,99.3022,98.274,9.17726,1,1,1.71575,2.1895,0,1.32552,2.1168,8.95579e+06,3.94181e+06,1.53659e+07,0,0,0,0
73.5029,85.139,3.8924,0,0.04,3.23718,3.23718,0,0.758026,6.048,4.30939e+06,2.70226e+06,1.39503e+07,0,0,0,0,99.3022,98.274,3.72211,0,1,1.88044,1.88044,0,1.32559,2.1168,8.95579e+06,3.61194e+06,1.68408e+07,0,0,0,0
74.0805,85.139,4.29847,0,0.04,3.2373,3.2373,0,0.606647,6.048,4.30939e+06,2.70226e+06,1.39508e+07,0,0,0,0,99.3022,98.274,5.4339,0,1,1.88051,1.88051,0,1.45283,2.1168,8.95579e+06,3.61194e+06,1.68415e+07,0,0,0,0
74.8165,85.139,4.37179,0,0.04,3.23743,3.23743,0,0.606671,6.048,4.30939e+06,2.70226e+06,1.39514e+07,0,0,0,0,99.3022,98.274,5.57929,0,1,1.88059,1.88059,0,1.45288,2.1168,8.95579e+06,3.61194e+06,1.68421e+07,0,0,0,0
77.2116,85.139,6.26722,0,0.04,3.23756,3.23756,0,0.606695,6.048,4.30939e+06,2.70226e+06,1.39519e+07,0,0,0,0,99.3022,98.274,9.24616,0,1,1.88066,1.88066,0,1.45294,2.1168,8.95579e+06,3.61194e+06,1.68428e+07,0,0,0,0
77.5168,85.139,4.05115,0,0.04,3.23769,3.23769,0,0.606719,6.048,4.30939e+06,2.70226e+06,1.39524e+07,0,0,0,0,99.3022,98.274,6.41353,0,1,1.88074,1.88074,0,1.453,2.1168,8.95579e+06,3.61194e+06,1.68435e+07,0,0,0,0
77.8201,85.139,4.40229,0,0.04,3.70223,3.35612,0,0.606742,6.048,4.30939e+06,2.94905e+06,1.59543e+07,0,0,0,0,99.3022,98.274,5.71555,1,1,1.48806,1.95645,0,1.45306,2.1168,8.95579e+06,3.94181e+06,1.33268e+07,0,0,0,0
78.125,85.139,4.38329,0,0.04,3.70236,3.35625,0,0.693798,6.048,4.30939e+06,2.94905e+06,1.59549e+07,0,0,0,0,99.3022,98.274,5.8763,1,1,1.48814,1.95653,0,1.14968,2.1168,8.95579e+06,3.94181e+06,1.33274e+07,0,0,0,0
79.4667,85.139,5.4663,0,0.04,3.70249,3.35638,0,0.693822,6.048,4.30939e+06,2.94905e+06,1.59555e+07,0,0,0,0,99.3022,98.274,7.32154,1,1,1.48821,1.95661,0,1.14973,2.1168,8.95579e+06,3.94181e+06,1.33281e+07,0,0,0,0
80.4622,85.139,5.08133,0,0.04,3.70262,3.35651,0,0.693846,6.048,4.30939e+06,2.94905e+06,1.5956e+07,0,0,0,0,99.3022,98.274,7.47032,1,1,1.48829,1.95668,0,1.14979,2.1168,8.95579e+06,3.94181e+06,1.33288e+07,0,0,0,0
79.427,85.139,2.81238,0,0.04,3.65755,3.31038,0,0.69387,6.048,4.30939e+06,2.94905e+06,1.57618e+07,0,0,0,0,99.3022,98.274,3.45742,1,1,1.45965,1.92738,0,1.14985,2.1168,8.95579e+06,3.94181e+06,1.30724e+07,0,0,0,0
78.336,85.139,2.74162,0,0.04,3.65767,3.31051,0,0.685424,6.048,4.30939e+06,2.94905e+06,1.57623e+07,0,0,0,0,99.3022,98.274,3.90172,1,1,1.45973,1.92745,0,1.12773,2.1168,8.95579e+06,3.94181e+06,1.3073e+07,0,0,0,0
77.2118,85.139,2.69265,0,0.04,3.6578,3.31064,0,0.685448,6.048,4.30939e+06,2.94905e+06,1.57629e+07,0,0,0,0,99.3022,98.274,3.52399,1,1,1.4598,1.92753,0,1.12779,2.1168,8.95579e+06,3.94181e+06,1.30737e+07,0,0,0,0
75.9362,85.139,2.49505,0,0.04,3.65793,3.31077,0,0.685472,6.048,4.30939e+06,2.94905e+06,1.57634e+07,0,0,0,0,99.3022,98.274,3.24377,1,1,1.45988,1.9276,0,1.12784,2.1168,8.95579e+06,3.94181e+06,1.30743e+07,0,0,0,0
74.471,85.139,2.38305,0,0.04,3.8115,3.46796,0,0.685496,6.048,4.30939e+06,2.94905e+06,1.64252e+07,0,0,0,0,99.3022,98.274,3.19196,1,1,1.56177,2.0319,0,1.1279,2.1168,8.95579e+06,3.94181e+06,1.39869e+07,0,0,0,0
73.002,85.139,2.35651,0,0.04,3.81163,3.4681,0,0.714275,6.048,4.30939e+06,2.94905e+06,1.64258e+07,0,0,0,0,99.3022,98.274,3.21773,1,1,1.56185,2.03198,0,1.20663,2.1168,8.95579e+06,3.94181e+06,1.39876e+07,0,0,0,0
71.306,85.139,2.11527,0,0.04,3.81177,3.46823,0,0.7143,6.048,4.30939e+06,2.94905e+06,1.64264e+07,0,0,0,0,99.3022,98.274,3.25871,1,1,1.56193,2.03206,0,1.20669,2.1168,8.95579e+06,3.94181e+06,1.39883e+07,0,0,0,0
69.5411,85.139,2.01958,0,0.04,3.8119,3.46837,0,0.714325,6.048,4.30939e+06,2.94905e+06,1.6427e+07,0,0,0,0,99.3022,98.274,3.21066,1,1,1.56201,2.03214,0,1.20675,2.1168,8.95579e+06,3.94181e+06,1.3989e+07,0,0,0,0
67.7695,85.139,1.95097,0,0.04,3.81203,3.46851,0,0.71435,6.048,4.30939e+06,2.94905e+06,1.64275e+07,0,0,0,0,99.3022,98.274,3.11545,1,1,1.56208,2.03222,0,1.20681,2.1168,8.95579e+06,3.94181e+06,1.39897e+07,0,0,0,0
66.0111,85.139,1.92374,0,0.04,3.78181,3.43758,0,0.714375,6.048,4.30939e+06,2.94905e+06,1.62973e+07,0,0,0,0,99.3022,98.274,3.22697,1,1,1.61814,2.08959,0,1.20687,2.1168,8.95579e+06,3.94181e+06,1.44917e+07,0,0,0,0
64.2315,85.139,1.87379,0,0.04,3.78195,3.43771,0,0.708712,6.048,4.30939e+06,2.94905e+06,1.62979e+07,0,0,0,0,99.3022,98.274,3.16455,1,1,1.61822,2.08967,0,1.25017,2.1168,8.95579e+06,3.94181e+06,1.44924e+07,0,0,0,0
62.3738,85.139,1.74717,0,0.04,3.78208,3.43785,0,0.708737,6.048,4.30939e+06,2.94905e+06,1.62984e+07,0,0,0,0,99.3022,98.274,3.02607,1,1,1.6183,2.08976,0,1.25023,2.1168,8.95579e+06,3.94181e+06,1.44931e+07,0,0,0,0
60.3398,85.139,1.53219,0,0.04,3.78221,3.43798,0,0.708761,6.048,4.30939e+06,2.94905e+06,1.6299e+07,0,0,0,0,99.3022,98.274,2.85816,1,1,1.61838,2.08984,0,1.2503,2.1168,8.95579e+06,3.94181e+06,1.44938e+07,0,0,0,0
58.2025,85.139,1.44477,0,0.04,3.86073,3.51836,0,0.708786,6.048,4.30939e+06,2.94905e+06,1.66374e+07,0,0,0,0,99.2848,98.274,2.25556,1,1,1.66835,2.14099,0,1.25036,2.1168,8.95579e+06,3.94181e+06,1.49414e+07,0,0,0,0
56.1817,85.139,1.55264,0,0.04,3.86087,3.51849,0,0.723501,6.048,4.30939e+06,2.94905e+06,1.6638e+07,0,0,0,0,99.3022,98.274,2.64331,1,1,1.66843,2.14107,0,1.28897,2.1168,8.95579e+06,3.94181e+06,1.49421e+07,0,0,0,0
54.0967,85.139,1.43145,0,0.04,3.861,3.51863,0,0.723527,6.048,4.30939e+06,2.94905e+06,1.66386e+07,0,0,0,0,99.2518,98.274,2.51881,1,1,1.66851,2.14116,0,1.28903,2.1168,8.95579e+06,3.94181e+06,1.49429e+07,0,0,0,0
51.9266,85.139,1.30296,0,0.04,3.86114,3.51877,0,0.723552,6.048,4.30939e+06,2.94905e+06,1.66391e+07,0,0,0,0,99.1602,98.274,2.20086,1,1,1.6686,2.14124,0,1.28909,2.1168,8.95579e+06,3.94181e+06,1.49436e+07,0,0,0,0
49.7738,85.139,1.46529,0,0.04,4.09088,3.75392,0,0.723577,6.048,4.30939e+06,2.94905e+06,1.76292e+07,0,0,0,0,99.0013,98.274,2.50758,1,1,1.8488,2.32569,0,1.28916,2.1168,8.95579e+06,3.94181e+06,1.65574e+07,0,0,0,0
47.913,85.139,1.73431,0,0.04,4.09102,3.75407,0,0.76663,6.048,4.30939e+06,2.94905e+06,1.76298e+07,0,0,0,0,98.9763,98.274,2.96427,1,1,1.84888,2.32578,0,1.42838,2.1168,8.95579e+06,3.94181e+06,1.65582e+07,0,0,0,0
45.758,85.139,1.40777,0,0.04,4.09117,3.75422,0,0.766657,6.048,4.30939e+06,2.94905e+06,1.76304e+07,0,0,0,0,98.7467,98.274,2.23415,1,1,1.84897,2.32587,0,1.42845,2.1168,8.95579e+06,3.94181e+06,1.6559e+07,0,0,0,0
43.935,85.139,1.67072,0,0.04,4.09131,3.75436,0,0.766684,6.048,4.30939e+06,2.94905e+06,1.7631e+07,0,0,0,0,98.8926,98.274,3.64548,1,1,1.84906,2.32596,0,1.42852,2.1168,8.95579e+06,3.94181e+06,1.65598e+07,0,0,0,0
42.2511,85.139,1.7362,0,0.04,4.09145,3.75451,0,0.766712,6.048,4.30939e+06,2.94905e+06,1.76317e+07,0,0,0,0,98.7683,98.274,2.9069,1,1,1.84915,2.32605,0,1.42859,2.1168,8.95579e+06,3.94181e+06,1.65606e+07,0,0,0,0
41.034,85.139,2.08616,0,0.04,3.97968,3.6401,0,0.766739,6.048,4.30939e+06,2.94905e+06,1.715e+07,0,0,0,0,98.7579,98.274,3.07474,1,1,1.7399,2.21422,0,1.42865,2.1168,8.95579e+06,3.94181e+06,1.55821e+07,0,0,0,0
40.0598,85.139,2.33527,0,0.04,3.97982,3.64024,0,0.745791,6.048,4.30939e+06,2.94905e+06,1.71506e+07,0,0,0,0,99.0854,98.274,4.08678,1,1,1.73998,2.21431,0,1.34424,2.1168,8.95579e+06,3.94181e+06,1.55829e+07,0,0,0,0
38.9766,85.139,2.21722,0,0.04,3.97996,3.64039,0,0.745817,6.048,4.30939e+06,2.94905e+06,1.71512e+07,0,0,0,0,99.3022,98.274,4.02262,1,1,1.74007,2.2144,0,1.34431,2.1168,8.95579e+06,3.94181e+06,1.55837e+07,0,0,0,0
38.1889,85.139,2.54349,0,0.04,3.9801,3.64053,0,0.745844,6.048,4.30939e+06,2.94905e+06,1.71518e+07,0,0,0,0,99.3022,98.274,4.87597,1,1,1.74015,2.21448,0,1.34438,2.1168,8.95579e+06,3.94181e+06,1.55844e+07,0,0,0,0
37.2413,85.139,2.26869,0,0.04,3.88835,3.54662,0,0.74587,6.048,4.30939e+06,2.94905e+06,1.67564e+07,0,0,0,0,99.295,98.274,3.43303,1,1,1.64069,2.11268,0,1.34444,2.1168,8.95579e+06,3.94181e+06,1.46937e+07,0,0,0,0
36.2199,85.139,2.14966,0,0.04,3.88849,3.54676,0,0.728677,6.048,4.30939e+06,2.94905e+06,1.6757e+07,0,0,0,0,99.2654,98.274,2.09792,1,1,1.64077,2.11276,0,1.2676,2.1168,8.95579e+06,3.94181e+06,1.46944e+07,0,0,0,0
37.3866,85.139,4.35468,0,0.04,3.88862,3.5469,0,0.728703,6.048,4.30939e+06,2.94905e+06,1.67576e+07,0,0,0,0,99.3022,98.274,4.74393,1,1,1.64085,2.11284,0,1.26766,2.1168,8.95579e+06,3.94181e+06,1.46951e+07,0,0,0,0
42.6882,85.139,8.67148,0,0.04,3.88876,3.54704,0,0.728728,6.048,4.30939e+06,2.94905e+06,1.67582e+07,0,0,0,0,99.3022,98.274,9.75065,1,1,1.64093,2.11293,0,1.26772,2.1168,8.95579e+06,3.94181e+06,1.46958e+07,0,0,0,0
44.9317,85.139,5.27272,0,0.04,3.28004,3.28004,0,0.728754,6.048,4.30939e+06,2.70226e+06,1.4135e+07,0,0,0,0,99.3022,98.274,6.46936,0,1,1.90076,1.90076,0,1.26778,2.1168,8.95579e+06,3.61194e+06,1.70228e+07,0,0,0,0
47.8093,85.139,6.0514,0,0.04,3.28017,3.28017,0,0.614679,6.048,4.30939e+06,2.70226e+06,1.41355e+07,0,0,0,0,99.3022,98.274,8.1762,0,1,1.90084,1.90084,0,1.46853,2.1168,8.95579e+06,3.61194e+06,1.70235e+07,0,0,0,0
50.3302,85.139,5.70019,0,0.04,3.2803,3.2803,0,0.614703,6.048,4.30939e+06,2.70226e+06,1.41361e+07,0,0,0,0,99.3022,98.274,7.44732,0,1,1.90091,1.90091,0,1.46859,2.1168,8.95579e+06,3.61194e+06,1.70242e+07,0,0,0,0
52.9038,85.139,5.85807,0,0.04,3.28043,3.28043,0,0.614728,6.048,4.30939e+06,2.70226e+06,1.41366e+07,0,0,0,0,99.3022,98.274,6.73176,0,1,1.90099,1.90099,0,1.46865,2.1168,8.95579e+06,3.61194e+06,1.70248e+07,0,0,0,0
55.4648,85.139,5.8382,0,0.04,3.28055,3.28055,0,0.614752,6.048,4.30939e+06,2.70226e+06,1.41372e+07,0,0,0,0,99.3022,98.274,6.58228,0,1,1.90106,1.90106,0,1.4687,2.1168,8.95579e+06,3.61194e+06,1.70255e+07,0,0,0,0
54.2938,85.139,2.41643,0,0.04,3.72893,3.38345,0,0.614776,6.048,4.30939e+06,2.94905e+06,1.60694e+07,0,0,0,0,99.3022,98.274,3.26239,1,1,1.49407,1.9626,0,1.46876,2.1168,8.95579e+06,3.94181e+06,1.33806e+07,0,0,0,0
52.8914,85.139,2.15411,0,0.04,3.72903,3.38355,0,0.698801,6.048,4.30939e+06,2.94905e+06,1.60699e+07,0,0,0,0,99.3022,98.274,2.82802,1,1,1.49413,1.96266,0,1.15432,2.1168,8.95579e+06,3.94181e+06,1.33811e+07,0,0,0,0
51.8447,85.139,2.46482,0,0.04,3.72914,3.38366,0,0.698821,6.048,4.30939e+06,2.94905e+06,1.60703e+07,0,0,0,0,99.3022,98.274,4.24303,1,1,1.49419,1.96273,0,1.15436,2.1168,8.95579e+06,3.94181e+06,1.33817e+07,0,0,0,0
50.5481,85.139,2.21987,0,0.04,3.72924,3.38377,0,0.698841,6.048,4.30939e+06,2.94905e+06,1.60708e+07,0,0,0,0,99.3022,98.274,3.7034,1,1,1.49425,1.96279,0,1.15441,2.1168,8.95579e+06,3.94181e+06,1.33822e+07,0,0,0,0
49.551,85.139,2.79311,0,0.04,4.05181,3.71393,0,0.69886,6.048,4.30939e+06,2.94905e+06,1.74608e+07,0,0,0,0,99.3022,98.274,6.2799,1,1,1.71979,2.19364,0,1.15446,2.1168,8.95579e+06,3.94181e+06,1.54021e+07,0,0,0,0
50.7987,85.139,5.11709,0,0.04,4.05192,3.71405,0,0.759308,6.048,4.30939e+06,2.94905e+06,1.74613e+07,0,0,0,0,99.3022,98.274,6.25185,1,1,1.71986,2.19371,0,1.32871,2.1168,8.95579e+06,3.94181e+06,1.54027e+07,0,0,0,0
49.3781,85.139,2.33184,0,0.04,4.05203,3.71416,0,0.75933,6.048,4.30939e+06,2.94905e+06,1.74618e+07,0,0,0,0,99.3022,98.274,3.74601,1,1,1.71992,2.19378,0,1.32876,2.1168,8.95579e+06,3.94181e+06,1.54033e+07,0,0,0,0
48.3789,85.139,2.70488,0,0.04,4.05215,3.71428,0,0.759351,6.048,4.30939e+06,2.94905e+06,1.74623e+07,0,0,0,0,99.3022,98.274,4.08953,1,1,1.71999,2.19385,0,1.32881,2.1168,8.95579e+06,3.94181e+06,1.54039e+07,0,0,0,0
48.9466,85.139,3.75483,0,0.04,3.24357,3.24357,0,0.759373,6.048,4.30939e+06,2.70226e+06,1.39778e+07,0,0,0,0,99.3022,98.274,4.43165,0,1,1.88416,1.88416,0,1.32887,2.1168,8.95579e+06,3.61194e+06,1.68741e+07,0,0,0,0
50.7072,85.139,5.00641,0,0.04,3.24368,3.24368,0,0.607846,6.048,4.30939e+06,2.70226e+06,1.39783e+07,0,0,0,0,99.3022,98.274,5.50183,0,1,1.88421,1.88421,0,1.4557,2.1168,8.95579e+06,3.61194e+06,1.68746e+07,0,0,0,0
53.0812,85.139,5.78661,0,0.04,3.24378,3.24378,0,0.607865,6.048,4.30939e+06,2.70226e+06,1.39787e+07,0,0,0,0,99.3022,98.274,8.41203,0,1,1.88427,1.88427,0,1.45574,2.1168,8.95579e+06,3.61194e+06,1.68752e+07,0,0,0,0
56.2837,85.139,6.81528,0,0.04,3.24388,3.24388,0,0.607884,6.048,4.30939e+06,2.70226e+06,1.39791e+07,0,0,0,0,99.3022,98.274,8.62923,0,1,1.88433,1.88433,0,1.45579,2.1168,8.95579e+06,3.61194e+06,1.68757e+07,0,0,0,0
58.4468,85.139,5.80208,0,0.04,3.24398,3.24398,0,0.607903,6.048,4.30939e+06,2.70226e+06,1.39796e+07,0,0,0,0,99.3022,98.274,9.34449,0,1,1.88439,1.88439,0,1.45584,2.1168,8.95579e+06,3.61194e+06,1.68762e+07,0,0,0,0
59.9752,85.139,5.52979,0,0.04,3.70858,3.36262,0,0.607922,6.048,4.30939e+06,2.94905e+06,1.59817e+07,0,0,0,0,99.3022,98.274,11.2513,1,1,1.49176,1.96024,0,1.45588,2.1168,8.95579e+06,3.94181e+06,1.33599e+07,0,0,0,0
60.9691,85.139,4.94107,0,0.04,3.70868,3.36272,0,0.694988,6.048,4.30939e+06,2.94905e+06,1.59822e+07,0,0,0,0,99.3022,98.274,10.0687,1,1,1.49183,1.96031,0,1.15254,2.1168,8.95579e+06,3.94181e+06,1.33605e+07,0,0,0,0
62.0462,85.139,5.08491,0,0.04,3.70879,3.36283,0,0.695007,6.048,4.30939e+06,2.94905e+06,1.59826e+07,0,0,0,0,99.3022,98.274,11.6003,1,1,1.49189,1.96037,0,1.15258,2.1168,8.95579e+06,3.94181e+06,1.3361e+07,0,0,0,0
62.9392,85.139,4.87278,0,0.04,3.70889,3.36294,0,0.695027,6.048,4.30939e+06,2.94905e+06,1.59831e+07,0,0,0,0,99.3022,98.274,7.97092,1,1,1.49195,1.96043,0,1.15263,2.1168,8.95579e+06,3.94181e+06,1.33616e+07,0,0,0,0
62.9333,85.139,3.77092,0,0.04,3.66371,3.31669,0,0.695046,6.048,4.30939e+06,2.94905e+06,1.57884e+07,0,0,0,0,99.3022,98.274,6.30266,1,1,1.46324,1.93105,0,1.15268,2.1168,8.95579e+06,3.94181e+06,1.31045e+07,0,0,0,0
62.6955,85.139,3.49299,0,0.04,3.66381,3.3168,0,0.686579,6.048,4.30939e+06,2.94905e+06,1.57888e+07,0,0,0,0,99.3022,98.274,5.98626,1,1,1.4633,1.93111,0,1.1305,2.1168,8.95579e+06,3.94181e+06,1.3105e+07,0,0,0,0
62.2368,85.139,3.24569,0,0.04,3.66392,3.3169,0,0.686599,6.048,4.30939e+06,2.94905e+06,1.57892e+07,0,0,0,0,99.3022,98.274,5.97964,1,1,1.46336,1.93117,0,1.13055,2.1168,8.95579e+06,3.94181e+06,1.31056e+07,0,0,0,0
61.6669,85.139,3.11792,0,0.04,3.66402,3.31701,0,0.686618,6.048,4.30939e+06,2.94905e+06,1.57897e+07,0,0,0,0,99.3022,98.274,7.31607,1,1,1.46342,1.93123,0,1.13059,2.1168,8.95579e+06,3.94181e+06,1.31061e+07,0,0,0,0
60.6042,85.139,2.68052,0,0.04,3.81785,3.47446,0,0.686637,6.048,4.30939e+06,2.94905e+06,1.64526e+07,0,0,0,0,99.3022,98.274,5.0346,1,1,1.56549,2.03571,0,1.13064,2.1168,8.95579e+06,3.94181e+06,1.40202e+07,0,0,0,0
59.358,85.139,2.43306,0,0.04,3.81796,3.47457,0,0.715465,6.048,4.30939e+06,2.94905e+06,1.64531e+07,0,0,0,0,99.3022,98.274,4.68022,1,1,1.56556,2.03577,0,1.2095,2.1168,8.95579e+06,3.94181e+06,1.40208e+07,0,0,0,0
58.0598,85.139,2.35405,0,0.04,3.81807,3.47468,0,0.715486,6.048,4.30939e+06,2.94905e+06,1.64535e+07,0,0,0,0,99.3022,98.274,4.62746,1,1,1.56562,2.03584,0,1.20955,2.1168,8.95579e+06,3.94181e+06,1.40214e+07,0,0,0,0
56.6424,85.139,2.20469,0,0.04,3.81817,3.47479,0,0.715506,6.048,4.30939e+06,2.94905e+06,1.6454e+07,0,0,0,0,99.3022,98.274,4.22252,1,1,1.56568,2.0359,0,1.2096,2.1168,8.95579e+06,3.94181e+06,1.40219e+07,0,0,0,0
55.2187,85.139,2.11385,0,0.04,3.81828,3.4749,0,0.715526,6.048,4.30939e+06,2.94905e+06,1.64545e+07,0,0,0,0,99.3022,98.274,3.84824,1,1,1.56575,2.03597,0,1.20965,2.1168,8.95579e+06,3.94181e+06,1.40225e+07,0,0,0,0
53.7626,85.139,1.99736,0,0.04,3.78798,3.44389,0,0.715546,6.048,4.30939e+06,2.94905e+06,1.63239e+07,0,0,0,0,99.3022,98.274,3.03876,1,1,1.62189,2.09343,0,1.2097,2.1168,8.95579e+06,3.94181e+06,1.45253e+07,0,0,0,0
52.1631,85.139,1.82641,0,0.04,3.78809,3.444,0,0.709868,6.048,4.30939e+06,2.94905e+06,1.63243e+07,0,0,0,0,99.3022,98.274,3.05106,1,1,1.62195,2.0935,0,1.25307,2.1168,8.95579e+06,3.94181e+06,1.45258e+07,0,0,0,0
50.423,85.139,1.64882,0,0.04,3.78819,3.44411,0,0.709887,6.048,4.30939e+06,2.94905e+06,1.63248e+07,0,0,0,0,99.3022,98.274,2.72245,1,1,1.62201,2.09356,0,1.25312,2.1168,8.95579e+06,3.94181e+06,1.45264e+07,0,0,0,0
48.6656,85.139,1.57121,0,0.04,3.7883,3.44421,0,0.709907,6.048,4.30939e+06,2.94905e+06,1.63253e+07,0,0,0,0,99.3022,98.274,2.65189,1,1,1.62208,2.09363,0,1.25317,2.1168,8.95579e+06,3.94181e+06,1.4527e+07,0,0,0,0
46.8824,85.139,1.56347,0,0.04,3.86694,3.52471,0,0.709927,6.048,4.30939e+06,2.94905e+06,1.66641e+07,0,0,0,0,99.2476,98.274,2.77344,1,1,1.67213,2.14485,0,1.25322,2.1168,8.95579e+06,3.94181e+06,1.49752e+07,0,0,0,0
45.1029,85.139,1.52719,0,0.04,3.86705,3.52482,0,0.724664,6.048,4.30939e+06,2.94905e+06,1.66646e+07,0,0,0,0,99.1419,98.274,2.9077,1,1,1.67219,2.14492,0,1.29188,2.1168,8.95579e+06,3.94181e+06,1.49758e+07,0,0,0,0
43.2738,85.139,1.4261,0,0.04,3.86716,3.52493,0,0.724685,6.048,4.30939e+06,2.94905e+06,1.66651e+07,0,0,0,0,98.9917,98.274,2.75078,1,1,1.67226,2.14499,0,1.29194,2.1168,8.95579e+06,3.94181e+06,1.49764e+07,0,0,0,0
41.3821,85.139,1.30892,0,0.04,3.86727,3.52504,0,0.724705,6.048,4.30939e+06,2.94905e+06,1.66655e+07,0,0,0,0,98.836,98.274,2.5755,1,1,1.67232,2.14506,0,1.29199,2.1168,8.95579e+06,3.94181e+06,1.4977e+07,0,0,0,0
39.2693,85.139,1.17217,0,0.04,4.09738,3.76058,0,0.724725,6.048,4.30939e+06,2.94905e+06,1.76572e+07,0,0,0,0,98.5451,98.274,2.77902,1,1,1.85283,2.32981,0,1.29204,2.1168,8.95579e+06,3.94181e+06,1.65935e+07,0,0,0,0
36.884,85.139,0.816263,0,0.04,4.0975,3.7607,0,0.76785,6.048,4.30939e+06,2.94905e+06,1.76577e+07,0,0,0,0,98.109,98.274,2.01471,1,1,1.8529,2.32988,0,1.43149,2.1168,8.95579e+06,3.94181e+06,1.65942e+07,0,0,0,0
34.8795,85.139,1.11264,0,0.04,4.09762,3.76082,0,0.767872,6.048,4.30939e+06,2.94905e+06,1.76582e+07,0,0,0,0,97.7182,98.274,2.27312,1,1,1.85297,2.32996,0,1.43155,2.1168,8.95579e+06,3.94181e+06,1.65948e+07,0,0,0,0
33.4257,85.139,1.63071,0,0.04,4.09773,3.76094,0,0.767893,6.048,4.30939e+06,2.94905e+06,1.76587e+07,0,0,0,0,97.4836,98.274,2.64706,1,1,1.85304,2.33003,0,1.4316,2.1168,8.95579e+06,3.94181e+06,1.65955e+07,0,0,0,0
32.065,85.139,1.68207,0,0.04,4.09785,3.76106,0,0.767915,6.048,4.30939e+06,2.94905e+06,1.76592e+07,0,0,0,0,97.3165,98.274,2.89602,1,1,1.85311,2.33011,0,1.43166,2.1168,8.95579e+06,3.94181e+06,1.65961e+07,0,0,0,0
30.8396,85.139,1.68778,0,0.04,3.98585,3.64642,0,0.767937,6.048,4.30939e+06,2.94905e+06,1.71766e+07,0,0,0,0,97.2729,98.274,3.25437,1,1,1.74365,2.21806,0,1.43172,2.1168,8.95579e+06,3.94181e+06,1.56158e+07,0,0,0,0
29.3934,85.139,1.39092,0,0.04,3.98596,3.64653,0,0.746948,6.048,4.30939e+06,2.94905e+06,1.71771e+07,0,0,0,0,97.1186,98.274,2.8647,1,1,1.74372,2.21813,0,1.34714,2.1168,8.95579e+06,3.94181e+06,1.56164e+07,0,0,0,0
28.439,85.139,1.81326,0,0.04,3.98607,3.64665,0,0.746969,6.048,4.30939e+06,2.94905e+06,1.71775e+07,0,0,0,0,97.1175,98.274,3.45493,1,1,1.74379,2.2182,0,1.3472,2.1168,8.95579e+06,3.94181e+06,1.5617e+07,0,0,0,0
28.3194,85.139,2.62795,0,0.04,3.98619,3.64676,0,0.74699,6.048,4.30939e+06,2.94905e+06,1.7178e+07,0,0,0,0,97.2951,98.274,4.22869,1,1,1.74386,2.21827,0,1.34725,2.1168,8.95579e+06,3.94181e+06,1.56176e+07,0,0,0,0
27.0829,85.139,1.46485,0,0.04,3.89426,3.55267,0,0.747011,6.048,4.30939e+06,2.94905e+06,1.67819e+07,0,0,0,0,97.219,98.274,2.24422,1,1,1.64421,2.11628,0,1.3473,2.1168,8.95579e+06,3.94181e+06,1.47252e+07,0,0,0,0
25.9581,85.139,1.51472,0,0.04,3.89437,3.55278,0,0.729784,6.048,4.30939e+06,2.94905e+06,1.67823e+07,0,0,0,0,97.2017,98.274,2.49721,1,1,1.64427,2.11634,0,1.27031,2.1168,8.95579e+06,3.94181e+06,1.47258e+07,0,0,0,0
25.5078,85.139,2.18631,0,0.04,3.89448,3.55289,0,0.729805,6.048,4.30939e+06,2.94905e+06,1.67828e+07,0,0,0,0,97.383,98.274,3.00108,1,1,1.64434,2.11641,0,1.27037,2.1168,8.95579e+06,3.94181e+06,1.47263e+07,0,0,0,0
27.2049,85.139,4.33028,0,0.04,3.89459,3.55301,0,0.729825,6.048,4.30939e+06,2.94905e+06,1.67833e+07,0,0,0,0,98.1472,98.274,4.54033,1,1,1.6444,2.11648,0,1.27042,2.1168,8.95579e+06,3.94181e+06,1.47269e+07,0,0,0,0
27.7042,85.139,2.90849,0,0.04,3.28553,3.28553,0,0.729846,6.048,4.30939e+06,2.70226e+06,1.41586e+07,0,0,0,0,98.3959,98.274,4.21004,0,1,1.90395,1.90395,0,1.27047,2.1168,8.95579e+06,3.61194e+06,1.70513e+07,0,0,0,0
31.1519,85.139,6.1645,0,0.04,3.28563,3.28563,0,0.615708,6.048,4.30939e+06,2.70226e+06,1.41591e+07,0,0,0,0,98.5878,98.274,5.05133,0,1,1.90401,1.90401,0,1.47099,2.1168,8.95579e+06,3.61194e+06,1.70519e+07,0,0,0,0
34.8522,85.139,6.60995,0,0.04,3.28573,3.28573,0,0.615727,6.048,4.30939e+06,2.70226e+06,1.41595e+07,0,0,0,0,99.1785,98.274,5.4901,0,1,1.90407,1.90407,0,1.47103,2.1168,8.95579e+06,3.61194e+06,1.70524e+07,0,0,0,0
35.8861,85.139,3.96751,0,0.04,3.28584,3.28584,0,0.615747,6.048,4.30939e+06,2.70226e+06,1.416e+07,0,0,0,0,99.1574,98.274,3.64002,0,1,1.90413,1.90413,0,1.47108,2.1168,8.95579e+06,3.61194e+06,1.70529e+07,0,0,0,0
36.1353,85.139,3.08661,0,0.04,3.28594,3.28594,0,0.615766,6.048,4.30939e+06,2.70226e+06,1.41604e+07,0,0,0,0,99.0783,98.274,3.01554,0,1,1.90419,1.90419,0,1.47113,2.1168,8.95579e+06,3.61194e+06,1.70535e+07,0,0,0,0
37.0103,85.139,3.95386,0,0.04,3.73433,3.38898,0,0.615786,6.048,4.30939e+06,2.94905e+06,1.60927e+07,0,0,0,0,99.3022,98.274,3.70799,1,1,1.4972,1.96581,0,1.47117,2.1168,8.95579e+06,3.94181e+06,1.34086e+07,0,0,0,0
37.8971,85.139,4.09608,0,0.04,3.73441,3.38906,0,0.699814,6.048,4.30939e+06,2.94905e+06,1.6093e+07,0,0,0,0,99.3022,98.274,3.30192,1,1,1.49725,1.96586,0,1.15674,2.1168,8.95579e+06,3.94181e+06,1.3409e+07,0,0,0,0
40.4989,85.139,5.90302,0,0.04,3.73449,3.38914,0,0.699829,6.048,4.30939e+06,2.94905e+06,1.60934e+07,0,0,0,0,99.3022,98.274,4.84726,1,1,1.4973,1.9659,0,1.15677,2.1168,8.95579e+06,3.94181e+06,1.34095e+07,0,0,0,0
44.4656,85.139,7.38592,0,0.04,3.73457,3.38922,0,0.699844,6.048,4.30939e+06,2.94905e+06,1.60937e+07,0,0,0,0,99.3022,98.274,6.5127,1,1,1.49734,1.96595,0,1.15681,2.1168,8.95579e+06,3.94181e+06,1.34099e+07,0,0,0,0
48.8442,85.139,8.4385,0,0.04,4.05762,3.71988,0,0.699858,6.048,4.30939e+06,2.94905e+06,1.74859e+07,0,0,0,0,99.3022,98.274,10.8393,1,1,1.72323,2.19716,0,1.15685,2.1168,8.95579e+06,3.94181e+06,1.54328e+07,0,0,0,0
50.835,85.139,5.94074,0,0.04,4.05771,3.71997,0,0.760399,6.048,4.30939e+06,2.94905e+06,1.74863e+07,0,0,0,0,99.3022,98.274,7.42754,1,1,1.72328,2.19721,0,1.33136,2.1168,8.95579e+06,3.94181e+06,1.54333e+07,0,0,0,0
53.6436,85.139,6.72603,0,0.04,4.0578,3.72006,0,0.760415,6.048,4.30939e+06,2.94905e+06,1.74866e+07,0,0,0,0,99.3022,98.274,6.35387,1,1,1.72333,2.19726,0,1.3314,2.1168,8.95579e+06,3.94181e+06,1.54338e+07,0,0,0,0
54.1779,85.139,4.56125,0,0.04,4.05788,3.72015,0,0.760431,6.048,4.30939e+06,2.94905e+06,1.7487e+07,0,0,0,0,99.3022,98.274,5.65096,1,1,1.72338,2.19731,0,1.33144,2.1168,8.95579e+06,3.94181e+06,1.54342e+07,0,0,0,0
58.5236,85.139,7.81473,0,0.04,3.24867,3.24867,0,0.760447,6.048,4.30939e+06,2.70226e+06,1.39998e+07,0,0,0,0,99.3022,98.274,6.81813,0,1,1.88712,1.88712,0,1.33148,2.1168,8.95579e+06,3.61194e+06,1.69006e+07,0,0,0,0
64.6358,85.139,9.83009,0,0.04,3.24875,3.24875,0,0.608802,6.048,4.30939e+06,2.70226e+06,1.40001e+07,0,0,0,0,99.3022,98.274,9.48398,0,1,1.88716,1.88716,0,1.45799,2.1168,8.95579e+06,3.61194e+06,1.6901e+07,0,0,0,0
72.9372,85.139,12.192,0,0.04,3.24883,3.24883,0,0.608816,6.048,4.30939e+06,2.70226e+06,1.40005e+07,0,0,0,0,99.3022,98.274,14.8962,0,1,1.88721,1.88721,0,1.45802,2.1168,8.95579e+06,3.61194e+06,1.69014e+07,0,0,0,0
77.3057,85.139,8.22478,0,0.04,3.24891,3.24891,0,0.608831,6.048,4.30939e+06,2.70226e+06,1.40008e+07,0,0,0,0,99.3022,98.274,8.15992,0,1,1.88725,1.88725,0,1.45806,2.1168,8.95579e+06,3.61194e+06,1.69018e+07,0,0,0,0
81.6034,85.139,8.17488,0,0.04,3.24898,3.24898,0,0.608845,6.048,4.30939e+06,2.70226e+06,1.40011e+07,0,0,0,0,99.3022,98.274,12.8677,0,1,1.8873,1.8873,0,1.45809,2.1168,8.95579e+06,3.61194e+06,1.69022e+07,0,0,0,0
82.7781,85.139,5.3076,0,0.04,3.71362,3.36778,0,0.60886,6.048,4.30939e+06,2.94905e+06,1.60034e+07,0,0,0,0,99.3022,98.274,11.5579,1,1,1.4947,1.96325,0,1.45813,2.1168,8.95579e+06,3.94181e+06,1.33862e+07,0,0,0,0
85.139,85.139,6.6264,0,0.04,3.7137,3.36786,0,0.695932,6.048,4.30939e+06,2.94905e+06,1.60038e+07,0,0,0,0,99.3022,98.274,14.5424,1,1,1.49475,1.9633,0,1.15481,2.1168,8.95579e+06,3.94181e+06,1.33866e+07,0,0,0,0
85.139,85.139,7.31122,0,0.04,3.71378,3.36794,0,0.695947,6.048,4.30939e+06,2.94905e+06,1.60041e+07,0,0,0,0,99.3022,98.274,17.3436,1,1,1.49479,1.96334,0,1.15484,2.1168,8.95579e+06,3.94181e+06,1.33871e+07,0,0,0,0
85.139,85.139,7.31496,0,0.04,3.71386,3.36802,0,0.695962,6.048,4.30939e+06,2.94905e+06,1.60044e+07,0,0,0,0,99.3022,98.274,15.4171,1,1,1.49484,1.96339,0,1.15488,2.1168,8.95579e+06,3.94181e+06,1.33875e+07,0,0,0,0
85.139,85.139,5.38303,0,0.04,3.66858,3.32168,0,0.695976,6.048,4.30939e+06,2.94905e+06,1.58093e+07,0,0,0,0,99.3022,98.274,9.43923,1,1,1.46608,1.93395,0,1.15491,2.1168,8.95579e+06,3.94181e+06,1.31299e+07,0,0,0,0
85.139,85.139,4.27539,0,0.04,3.66866,3.32176,0,0.687492,6.048,4.30939e+06,2.94905e+06,1.58097e+07,0,0,0,0,99.3022,98.274,7.02377,1,1,1.46612,1.934,0,1.13269,2.1168,8.95579e+06,3.94181e+06,1.31303e+07,0,0,0,0
84.9538,85.139,3.74517,0,0.04,3.66874,3.32183,0,0.687507,6.048,4.30939e+06,2.94905e+06,1.581e+07,0,0,0,0,99.3022,98.274,6.32898,1,1,1.46617,1.93405,0,1.13273,2.1168,8.95579e+06,3.94181e+06,1.31307e+07,0,0,0,0
84.7756,85.139,3.35799,0.18,0.04,3.24545,3.32191,0,0.687521,6.048,4.30939e+06,2.94905e+06,1.39859e+07,0,0,0,0,99.3022,98.274,5.61067,1,1,1.88957,1.93409,0,1.13276,2.1168,8.95579e+06,3.94181e+06,1.69226e+07,0,0,0,0
84.5088,85.139,3.37909,0.09,0.04,3.39949,3.47958,0,0.608198,6.048,4.30939e+06,2.94905e+06,1.46497e+07,0,0,0,0,99.3022,98.274,5.31412,1,1,1.99178,2.03871,0,1.45989,2.1168,8.95579e+06,3.94181e+06,1.7838e+07,0,0,0,0
84.1379,85.139,3.24575,0.01,0.04,3.39957,3.47966,0,0.637064,6.048,4.30939e+06,2.94905e+06,1.46501e+07,0,0,0,0,99.3022,98.274,4.7852,1,1,1.99183,2.03876,0,1.53885,2.1168,8.95579e+06,3.94181e+06,1.78384e+07,0,0,0,0
83.1362,85.139,2.90807,0,0.04,3.82301,3.47974,0,0.637079,6.048,4.30939e+06,2.94905e+06,1.64748e+07,0,0,0,0,99.3022,98.274,4.75367,1,1,1.56852,2.0388,0,1.53889,2.1168,8.95579e+06,3.94181e+06,1.40473e+07,0,0,0,0
82.1081,85.139,2.86811,0,0.04,3.82309,3.47983,0,0.716432,6.048,4.30939e+06,2.94905e+06,1.64752e+07,0,0,0,0,99.3022,98.274,4.79184,1,1,1.56856,2.03885,0,1.21184,2.1168,8.95579e+06,3.94181e+06,1.40477e+07,0,0,0,0
81.151,85.139,2.92421,0,0.04,3.82317,3.47991,0,0.716447,6.048,4.30939e+06,2.94905e+06,1.64755e+07,0,0,0,0,99.3022,98.274,4.3307,1,1,1.56861,2.0389,0,1.21187,2.1168,8.95579e+06,3.94181e+06,1.40482e+07,0,0,0,0
80.5426,85.139,3.23511,0,0.04,3.7928,3.44882,0,0.716463,6.048,4.30939e+06,2.94905e+06,1.63447e+07,0,0,0,0,99.3022,98.274,3.65985,1,1,1.62482,2.09643,0,1.21191,2.1168,8.95579e+06,3.94181e+06,1.45515e+07,0,0,0,0
79.7383,85.139,3.02123,0,0.04,3.79288,3.44891,0,0.710771,6.048,4.30939e+06,2.94905e+06,1.6345e+07,0,0,0,0,99.3022,98.274,3.7554,1,1,1.62487,2.09648,0,1.25533,2.1168,8.95579e+06,3.94181e+06,1.4552e+07,0,0,0,0
78.7695,85.139,2.83791,0,0.04,3.79296,3.44899,0,0.710786,6.048,4.30939e+06,2.94905e+06,1.63454e+07,0,0,0,0,99.3022,98.274,3.68324,1,1,1.62491,2.09653,0,1.25537,2.1168,8.95579e+06,3.94181e+06,1.45524e+07,0,0,0,0
77.7431,85.139,2.7599,0,0.04,3.79304,3.44907,0,0.710801,6.048,4.30939e+06,2.94905e+06,1.63457e+07,0,0,0,0,99.3022,98.274,3.45695,1,1,1.62496,2.09658,0,1.25541,2.1168,8.95579e+06,3.94181e+06,1.45528e+07,0,0,0,0
76.3422,85.139,2.41648,0,0.04,3.87177,3.52965,0,0.710816,6.048,4.30939e+06,2.94905e+06,1.6685e+07,0,0,0,0,99.3022,98.274,2.99659,1,1,1.67507,2.14786,0,1.25545,2.1168,8.95579e+06,3.94181e+06,1.50015e+07,0,0,0,0
74.8693,85.139,2.3201,0,0.04,3.87185,3.52973,0,0.725569,6.048,4.30939e+06,2.94905e+06,1.66853e+07,0,0,0,0,99.3022,98.274,2.97718,1,1,1.67511,2.14791,0,1.29416,2.1168,8.95579e+06,3.94181e+06,1.5002e+07,0,0,0,0
73.1226,85.139,2.02626,0,0.04,3.87193,3.52982,0,0.725585,6.048,4.30939e+06,2.94905e+06,1.66857e+07,0,0,0,0,99.3022,98.274,2.75531,1,1,1.67517,2.14796,0,1.29419,2.1168,8.95579e+06,3.94181e+06,1.50024e+07,0,0,0,0
71.2411,85.139,1.86825,0,0.04,3.87201,3.5299,0,0.7256,6.048,4.30939e+06,2.94905e+06,1.6686e+07,0,0,0,0,99.3022,98.274,2.64412,1,1,1.67522,2.14802,0,1.29423,2.1168,8.95579e+06,3.94181e+06,1.50029e+07,0,0,0,0
68.9401,85.139,1.59866,0,0.04,4.10242,3.76574,0,0.725616,6.048,4.30939e+06,2.94905e+06,1.76789e+07,0,0,0,0,99.1589,98.274,2.41184,1,1,1.85595,2.33301,0,1.29427,2.1168,8.95579e+06,3.94181e+06,1.66215e+07,0,0,0,0
66.6958,85.139,1.63199,0,0.04,4.10251,3.76583,0,0.768794,6.048,4.30939e+06,2.94905e+06,1.76793e+07,0,0,0,0,98.9492,98.274,2.26979,1,1,1.856,2.33306,0,1.43391,2.1168,8.95579e+06,3.94181e+06,1.6622e+07,0,0,0,0
64.2883,85.139,1.46046,0,0.04,4.1026,3.76592,0,0.76881,6.048,4.30939e+06,2.94905e+06,1.76797e+07,0,0,0,0,98.7188,98.274,2.17494,1,1,1.85606,2.33312,0,1.43395,2.1168,8.95579e+06,3.94181e+06,1.66224e+07,0,0,0,0
61.9421,85.139,1.47741,0,0.04,4.10269,3.76601,0,0.768827,6.048,4.30939e+06,2.94905e+06,1.76801e+07,0,0,0,0,98.5769,98.274,2.34996,1,1,1.85611,2.33317,0,1.43399,2.1168,8.95579e+06,3.94181e+06,1.66229e+07,0,0,0,0
59.6967,85.139,1.54365,0,0.04,4.10277,3.7661,0,0.768843,6.048,4.30939e+06,2.94905e+06,1.76804e+07,0,0,0,0,98.4424,98.274,2.72006,1,1,1.85616,2.33323,0,1.43403,2.1168,8.95579e+06,3.94181e+06,1.66234e+07,0,0,0,0
57.6111,85.139,1.55694,0,0.04,3.9906,3.65128,0,0.76886,6.048,4.30939e+06,2.94905e+06,1.7197e+07,0,0,0,0,98.7627,98.274,3.98065,1,1,1.74654,2.22102,0,1.43407,2.1168,8.95579e+06,3.94181e+06,1.56416e+07,0,0,0,0
55.3313,85.139,1.3297,0,0.04,3.99068,3.65136,0,0.747838,6.048,4.30939e+06,2.94905e+06,1.71974e+07,0,0,0,0,98.5916,98.274,2.14608,1,1,1.74659,2.22107,0,1.34938,2.1168,8.95579e+06,3.94181e+06,1.56421e+07,0,0,0,0
53.283,85.139,1.55247,0,0.04,3.99077,3.65145,0,0.747854,6.048,4.30939e+06,2.94905e+06,1.71978e+07,0,0,0,0,98.4608,98.274,2.19671,1,1,1.74664,2.22113,0,1.34942,2.1168,8.95579e+06,3.94181e+06,1.56426e+07,0,0,0,0
53.9067,85.139,4.39794,0,0.04,3.99085,3.65154,0,0.747869,6.048,4.30939e+06,2.94905e+06,1.71981e+07,0,0,0,0,99.2497,98.274,4.16953,1,1,1.74669,2.22118,0,1.34946,2.1168,8.95579e+06,3.94181e+06,1.5643e+07,0,0,0,0
52.4105,85.139,2.18483,0,0.04,3.89878,3.55729,0,0.747885,6.048,4.30939e+06,2.94905e+06,1.68013e+07,0,0,0,0,99.3022,98.274,2.67391,1,1,1.6469,2.11903,0,1.3495,2.1168,8.95579e+06,3.94181e+06,1.47493e+07,0,0,0,0
50.576,85.139,1.76689,0,0.04,3.89886,3.55738,0,0.730631,6.048,4.30939e+06,2.94905e+06,1.68017e+07,0,0,0,0,99.29,98.274,2.12499,1,1,1.64695,2.11908,0,1.27239,2.1168,8.95579e+06,3.94181e+06,1.47497e+07,0,0,0,0
49.7035,85.139,2.73152,0,0.04,3.89894,3.55746,0,0.730646,6.048,4.30939e+06,2.94905e+06,1.68021e+07,0,0,0,0,99.3022,98.274,2.60306,1,1,1.647,2.11913,0,1.27243,2.1168,8.95579e+06,3.94181e+06,1.47502e+07,0,0,0,0
52.5131,85.139,6.60158,0,0.04,3.89902,3.55755,0,0.730662,6.048,4.30939e+06,2.94905e+06,1.68024e+07,0,0,0,0,99.3022,98.274,6.44935,1,1,1.64705,2.11918,0,1.27247,2.1168,8.95579e+06,3.94181e+06,1.47506e+07,0,0,0,0
53.9566,85.139,4.96054,0,0.04,3.63734,3.2897,0,0.730677,6.048,4.30939e+06,2.94905e+06,1.56747e+07,0,0,0,0,99.3022,98.274,3.93863,1,1,1.43913,1.90636,0,1.27251,2.1168,8.95579e+06,3.94181e+06,1.28885e+07,0,0,0,0
56.0932,85.139,5.69895,0,0.04,3.63742,3.28978,0,0.681638,6.048,4.30939e+06,2.94905e+06,1.56751e+07,0,0,0,0,99.3022,98.274,4.48474,1,1,1.43917,1.90641,0,1.11187,2.1168,8.95579e+06,3.94181e+06,1.28889e+07,0,0,0,0
59.1336,85.139,6.79915,0,0.04,3.6375,3.28986,0,0.681653,6.048,4.30939e+06,2.94905e+06,1.56754e+07,0,0,0,0,99.3022,98.274,6.77168,1,1,1.43921,1.90646,0,1.1119,2.1168,8.95579e+06,3.94181e+06,1.28893e+07,0,0,0,0
61.9583,85.139,6.5915,0,0.04,3.63757,3.28994,0,0.681667,6.048,4.30939e+06,2.94905e+06,1.56757e+07,0,0,0,0,99.3022,98.274,5.89046,1,1,1.43926,1.9065,0,1.11194,2.1168,8.95579e+06,3.94181e+06,1.28897e+07,0,0,0,0
64.9456,85.139,6.87108,0,0.04,3.63765,3.29002,0,0.681681,6.048,4.30939e+06,2.94905e+06,1.5676e+07,0,0,0,0,99.3022,98.274,5.48281,1,1,1.4393,1.90655,0,1.11197,2.1168,8.95579e+06,3.94181e+06,1.28901e+07,0,0,0,0
62.803,85.139,1.55671,0,0.04,3.73841,3.39315,0,0.681696,6.048,4.30939e+06,2.94905e+06,1.61103e+07,0,0,0,0,99.3022,98.274,3.59491,1,1,1.49957,1.96823,0,1.11201,2.1168,8.95579e+06,3.94181e+06,1.34298e+07,0,0,0,0
60.5571,85.139,1.41271,0,0.04,3.73847,3.39321,0,0.700578,6.048,4.30939e+06,2.94905e+06,1.61105e+07,0,0,0,0,99.3022,98.274,3.6765,1,1,1.4996,1.96826,0,1.15857,2.1168,8.95579e+06,3.94181e+06,1.34301e+07,0,0,0,0
59.3001,85.139,2.38256,0,0.04,3.73852,3.39326,0,0.700589,6.048,4.30939e+06,2.94905e+06,1.61107e+07,0,0,0,0,99.3022,98.274,4.65353,1,1,1.49963,1.9683,0,1.15859,2.1168,8.95579e+06,3.94181e+06,1.34304e+07,0,0,0,0
59.331,85.139,3.75722,0,0.04,3.73857,3.39332,0,0.700599,6.048,4.30939e+06,2.94905e+06,1.6111e+07,0,0,0,0,99.3022,98.274,4.27602,1,1,1.49966,1.96833,0,1.15862,2.1168,8.95579e+06,3.94181e+06,1.34307e+07,0,0,0,0
58.7824,85.139,3.45924,0,0.04,4.06199,3.72435,0,0.700609,6.048,4.30939e+06,2.94905e+06,1.75047e+07,0,0,0,0,99.3022,98.274,4.73517,1,1,1.7258,2.1998,0,1.15864,2.1168,8.95579e+06,3.94181e+06,1.54559e+07,0,0,0,0
57.553,85.139,2.71643,0,0.04,4.06205,3.72441,0,0.761217,6.048,4.30939e+06,2.94905e+06,1.7505e+07,0,0,0,0,99.3022,98.274,5.10496,1,1,1.72584,2.19983,0,1.33336,2.1168,8.95579e+06,3.94181e+06,1.54563e+07,0,0,0,0
56.9587,85.139,3.4089,0,0.04,4.06211,3.72447,0,0.761228,6.048,4.30939e+06,2.94905e+06,1.75052e+07,0,0,0,0,99.3022,98.274,5.4057,1,1,1.72587,2.19987,0,1.33338,2.1168,8.95579e+06,3.94181e+06,1.54566e+07,0,0,0,0
56.3871,85.139,3.401,0,0.04,4.06217,3.72453,0,0.761239,6.048,4.30939e+06,2.94905e+06,1.75055e+07,0,0,0,0,99.3022,98.274,5.71758,1,1,1.72591,2.1999,0,1.33341,2.1168,8.95579e+06,3.94181e+06,1.54569e+07,0,0,0,0
58.0127,85.139,5.01693,0,0.04,3.25248,3.25248,0,0.76125,6.048,4.30939e+06,2.70226e+06,1.40162e+07,0,0,0,0,99.3022,98.274,8.88856,0,1,1.88933,1.88933,0,1.33344,2.1168,8.95579e+06,3.61194e+06,1.69204e+07,0,0,0,0
60.3,85.139,5.72581,0,0.04,3.25253,3.25253,0,0.609514,6.048,4.30939e+06,2.70226e+06,1.40164e+07,0,0,0,0,99.3022,98.274,7.41187,0,1,1.88936,1.88936,0,1.45969,2.1168,8.95579e+06,3.61194e+06,1.69207e+07,0,0,0,0
61.5959,85.139,4.72633,0,0.04,3.25258,3.25258,0,0.609524,6.048,4.30939e+06,2.70226e+06,1.40166e+07,0,0,0,0,99.3022,98.274,5.5238,0,1,1.88939,1.88939,0,1.45972,2.1168,8.95579e+06,3.61194e+06,1.6921e+07,0,0,0,0
63.2261,85.139,5.1121,0,0.04,3.25264,3.25264,0,0.609534,6.048,4.30939e+06,2.70226e+06,1.40169e+07,0,0,0,0,99.3022,98.274,5.91659,0,1,1.88942,1.88942,0,1.45974,2.1168,8.95579e+06,3.61194e+06,1.69212e+07,0,0,0,0
67.0412,85.139,7.52076,0,0.04,3.25269,3.25269,0,0.609544,6.048,4.30939e+06,2.70226e+06,1.40171e+07,0,0,0,0,99.3022,98.274,10.0684,0,1,1.88945,1.88945,0,1.45977,2.1168,8.95579e+06,3.61194e+06,1.69215e+07,0,0,0,0
66.9899,85.139,3.77781,0,0.04,3.71735,3.37159,0,0.609554,6.048,4.30939e+06,2.94905e+06,1.60195e+07,0,0,0,0,99.3022,98.274,5.03746,1,1,1.49687,1.96547,0,1.45979,2.1168,8.95579e+06,3.94181e+06,1.34057e+07,0,0,0,0
66.3798,85.139,3.20431,0,0.04,3.7174,3.37164,0,0.696631,6.048,4.30939e+06,2.94905e+06,1.60197e+07,0,0,0,0,99.3022,98.274,4.42875,1,1,1.49691,1.96551,0,1.15649,2.1168,8.95579e+06,3.94181e+06,1.3406e+07,0,0,0,0
65.6281,85.139,3.02214,0,0.04,3.71745,3.3717,0,0.696641,6.048,4.30939e+06,2.94905e+06,1.60199e+07,0,0,0,0,99.3022,98.274,4.59839,1,1,1.49694,1.96554,0,1.15651,2.1168,8.95579e+06,3.94181e+06,1.34063e+07,0,0,0,0
64.9639,85.139,3.07233,0,0.04,3.71751,3.37175,0,0.696651,6.048,4.30939e+06,2.94905e+06,1.60202e+07,0,0,0,0,99.3022,98.274,4.15726,1,1,1.49697,1.96557,0,1.15653,2.1168,8.95579e+06,3.94181e+06,1.34065e+07,0,0,0,0
64.2223,85.139,2.97502,0,0.04,3.67216,3.32534,0,0.696661,6.048,4.30939e+06,2.94905e+06,1.58248e+07,0,0,0,0,99.3022,98.274,4.21591,1,1,1.46816,1.93608,0,1.15656,2.1168,8.95579e+06,3.94181e+06,1.31485e+07,0,0,0,0
63.315,85.139,2.71764,0,0.04,3.67221,3.32539,0,0.688162,6.048,4.30939e+06,2.94905e+06,1.5825e+07,0,0,0,0,99.3022,98.274,3.80604,1,1,1.46819,1.93612,0,1.1343,2.1168,8.95579e+06,3.94181e+06,1.31488e+07,0,0,0,0
62.3565,85.139,2.6494,0,0.04,3.67226,3.32544,0,0.688172,6.048,4.30939e+06,2.94905e+06,1.58252e+07,0,0,0,0,99.3022,98.274,4.29019,1,1,1.46822,1.93615,0,1.13433,2.1168,8.95579e+06,3.94181e+06,1.31491e+07,0,0,0,0
61.3689,85.139,2.60236,0,0.04,3.67231,3.3255,0,0.688182,6.048,4.30939e+06,2.94905e+06,1.58254e+07,0,0,0,0,99.3022,98.274,3.91906,1,1,1.46825,1.93618,0,1.13435,2.1168,8.95579e+06,3.94181e+06,1.31494e+07,0,0,0,0
59.9247,85.139,2.22817,0,0.04,3.82649,3.48331,0,0.688192,6.048,4.30939e+06,2.94905e+06,1.64898e+07,0,0,0,0,99.3022,98.274,3.30465,1,1,1.57056,2.04089,0,1.13437,2.1168,8.95579e+06,3.94181e+06,1.40656e+07,0,0,0,0
58.1232,85.139,1.78004,0,0.04,3.82655,3.48336,0,0.717084,6.048,4.30939e+06,2.94905e+06,1.64901e+07,0,0,0,0,99.3022,98.274,2.89137,1,1,1.57059,2.04092,0,1.21341,2.1168,8.95579e+06,3.94181e+06,1.40659e+07,0,0,0,0
56.2829,85.139,1.70169,0,0.04,3.8266,3.48342,0,0.717095,6.048,4.30939e+06,2.94905e+06,1.64903e+07,0,0,0,0,99.3022,98.274,2.94232,1,1,1.57062,2.04096,0,1.21344,2.1168,8.95579e+06,3.94181e+06,1.40661e+07,0,0,0,0
54.4006,85.139,1.62415,0,0.04,3.82666,3.48347,0,0.717105,6.048,4.30939e+06,2.94905e+06,1.64905e+07,0,0,0,0,99.3022,98.274,2.86623,1,1,1.57065,2.04099,0,1.21346,2.1168,8.95579e+06,3.94181e+06,1.40664e+07,0,0,0,0
52.414,85.139,1.47528,0,0.04,3.82671,3.48353,0,0.717115,6.048,4.30939e+06,2.94905e+06,1.64908e+07,0,0,0,0,99.0631,98.274,2.56916,1,1,1.57069,2.04102,0,1.21349,2.1168,8.95579e+06,3.94181e+06,1.40667e+07,0,0,0,0
50.2297,85.139,1.1828,0,0.04,3.79628,3.45239,0,0.717126,6.048,4.30939e+06,2.94905e+06,1.63597e+07,0,0,0,0,98.8018,98.274,1.75349,1,1,1.62693,2.0986,0,1.21351,2.1168,8.95579e+06,3.94181e+06,1.45705e+07,0,0,0,0
48.0121,85.139,1.10626,0,0.04,3.79634,3.45244,0,0.711424,6.048,4.30939e+06,2.94905e+06,1.63599e+07,0,0,0,0,98.5239,98.274,1.68963,1,1,1.62697,2.09863,0,1.25697,2.1168,8.95579e+06,3.94181e+06,1.45708e+07,0,0,0,0
45.743,85.139,1.00698,0,0.04,3.79639,3.4525,0,0.711434,6.048,4.30939e+06,2.94905e+06,1.63601e+07,0,0,0,0,98.1329,98.274,1.60795,1,1,1.627,2.09866,0,1.25699,2.1168,8.95579e+06,3.94181e+06,1.45711e+07,0,0,0,0
43.4448,85.139,0.914981,0,0.04,3.79645,3.45255,0,0.711444,6.048,4.30939e+06,2.94905e+06,1.63604e+07,0,0,0,0,97.7485,98.274,1.48204,1,1,1.62703,2.0987,0,1.25702,2.1168,8.95579e+06,3.94181e+06,1.45714e+07,0,0,0,0
41.1257,85.139,0.876454,0,0.04,3.87522,3.53319,0,0.711454,6.048,4.30939e+06,2.94905e+06,1.66998e+07,0,0,0,0,97.2336,98.274,1.45205,1,1,1.67717,2.15001,0,1.25704,2.1168,8.95579e+06,3.94181e+06,1.50204e+07,0,0,0,0
38.8468,85.139,0.850388,0,0.04,3.87528,3.53324,0,0.726217,6.048,4.30939e+06,2.94905e+06,1.67001e+07,0,0,0,0,96.6232,98.274,1.42804,1,1,1.6772,2.15005,0,1.29578,2.1168,8.95579e+06,3.94181e+06,1.50207e+07,0,0,0,0
36.5381,85.139,0.74524,0,0.04,3.87534,3.5333,0,0.726227,6.048,4.30939e+06,2.94905e+06,1.67003e+07,0,0,0,0,96.0139,98.274,1.31554,1,1,1.67724,2.15008,0,1.29581,2.1168,8.95579e+06,3.94181e+06,1.5021e+07,0,0,0,0
34.2605,85.139,0.688288,0,0.04,3.87539,3.53336,0,0.726238,6.048,4.30939e+06,2.94905e+06,1.67006e+07,0,0,0,0,95.4048,98.274,1.27161,1,1,1.67727,2.15012,0,1.29583,2.1168,8.95579e+06,3.94181e+06,1.50213e+07,0,0,0,0
31.7907,85.139,0.540381,0,0.04,4.106,3.7694,0,0.726248,6.048,4.30939e+06,2.94905e+06,1.76943e+07,0,0,0,0,94.5514,98.274,1.25315,1,1,1.85816,2.33527,0,1.29586,2.1168,8.95579e+06,3.94181e+06,1.66413e+07,0,0,0,0
27.7846,85.139,0.424356,0,0.04,4.10606,3.76946,0,0.769464,6.048,4.30939e+06,2.94905e+06,1.76946e+07,0,0,0,0,93.6011,98.274,1.12729,1,1,1.8582,2.33531,0,1.43562,2.1168,8.95579e+06,3.94181e+06,1.66416e+07,0,0,0,0
23.7076,85.139,0.456711,0,0.04,4.10612,3.76952,0,0.769475,6.048,4.30939e+06,2.94905e+06,1.76949e+07,0,0,0,0,92.8308,98.274,1.14169,1,1,1.85824,2.33535,0,1.43564,2.1168,8.95579e+06,3.94181e+06,1.6642e+07,0,0,0,0
24.7211,85.139,0.707609,0,0.04,4.10618,3.76958,0,0.769486,6.048,4.30939e+06,2.94905e+06,1.76951e+07,0,0,0,0,92.1489,98.274,1.35664,1,1,1.85827,2.33539,0,1.43567,2.1168,8.95579e+06,3.94181e+06,1.66423e+07,0,0,0,0
23.2276,85.139,0.953575,0,0.04,4.10624,3.76964,0,0.769497,6.048,4.30939e+06,2.94905e+06,1.76954e+07,0,0,0,0,91.8618,98.274,1.48083,1,1,1.85831,2.33542,0,1.4357,2.1168,8.95579e+06,3.94181e+06,1.66426e+07,0,0,0,0
21.3425,85.139,0.690166,0,0.04,3.99392,3.65468,0,0.769509,6.048,4.30939e+06,2.94905e+06,1.72114e+07,0,0,0,0,91.8294,98.274,2.76607,1,1,1.74856,2.22309,0,1.43573,2.1168,8.95579e+06,3.94181e+06,1.56598e+07,0,0,0,0
19.9584,85.139,0.609651,0.09,0.04,3.57062,3.65474,0,0.748462,6.048,4.30939e+06,2.94905e+06,1.53872e+07,0,0,0,0,91.1353,98.274,1.93294,1,1,2.1168,2.22313,0.0551591,1.35094,2.1168,8.95579e+06,3.94181e+06,1.89576e+07,0,0,0,0
17.6206,85.139,0.499709,0.05,0.04,3.57068,3.6548,0,0.669135,6.048,4.30939e+06,2.94905e+06,1.53875e+07,0,0,0,0,90.5135,98.274,1.53862,1,1,2.1168,2.22316,0.0551943,1.63544,2.1168,8.95579e+06,3.94181e+06,1.89576e+07,0,0,0,0
18.1529,85.139,0.81806,0.03,0.04,3.57074,3.65486,0,0.669146,6.048,4.30939e+06,2.94905e+06,1.53877e+07,0,0,0,0,90.1388,98.274,2.04875,1,1,2.1168,2.2232,0.0552295,1.63544,2.1168,8.95579e+06,3.94181e+06,1.89576e+07,0,0,0,0
18.3642,85.139,1.85821,0.14,0.04,3.47855,3.56051,0,0.669156,6.048,4.30939e+06,2.94905e+06,1.49904e+07,0,0,0,0,90.1771,98.274,3.18216,1,1,2.07213,2.12095,0,1.63544,2.1168,8.95579e+06,3.94181e+06,1.85575e+07,0,0,0,0
18.7442,85.139,1.94291,0.4,0.04,3.1508,3.56056,0,0.651881,6.048,4.30939e+06,2.94905e+06,1.3578e+07,0,0,0,0,91.161,98.274,5.3212,1,1,1.87689,2.12098,0,1.60093,2.1168,8.95579e+06,3.94181e+06,1.6809e+07,0,0,0,0
19.1588,85.139,1.99493,0.4,0.04,3.15085,3.56062,0,0.59046,6.048,4.30939e+06,2.94905e+06,1.35782e+07,0,0,0,0,91.7283,98.274,4.734,1,1,1.87692,2.12101,0,1.45008,2.1168,8.95579e+06,3.94181e+06,1.68093e+07,0,0,0,0
20.6066,85.139,3.20572,0.4,0.04,3.1509,3.56068,0,0.590469,6.048,4.30939e+06,2.94905e+06,1.35785e+07,0,0,0,0,93.3207,98.274,7.13912,1,1,1.87695,2.12105,0,1.45011,2.1168,8.95579e+06,3.94181e+06,1.68096e+07,0,0,0,0
24.4324,85.139,5.71242,0.42,0.04,2.91365,3.29257,0,0.590479,6.048,4.30939e+06,2.94905e+06,1.2556e+07,0,0,0,0,94.3397,98.274,5.42896,1,1,1.68844,1.90803,0,1.45013,2.1168,8.95579e+06,3.94181e+06,1.51213e+07,0,0,0,0
29.5887,85.139,7.63639,0.03,0.04,3.21684,3.29262,0,0.546018,6.048,4.30939e+06,2.94905e+06,1.38626e+07,0,0,0,0,97.2118,98.274,7.04161,1,1,1.86414,1.90806,0,1.30449,2.1168,8.95579e+06,3.94181e+06,1.66948e+07,0,0,0,0
32.3896,85.139,5.8015,0,0.04,3.64025,3.29268,0,0.602836,6.048,4.30939e+06,2.94905e+06,1.56873e+07,0,0,0,0,99.3022,98.274,8.01285,1,1,1.44081,1.90809,0,1.44023,2.1168,8.95579e+06,3.94181e+06,1.29036e+07,0,0,0,0
35.2869,85.139,5.70202,0.14,0.04,3.21694,3.29273,0,0.682183,6.048,4.30939e+06,2.94905e+06,1.38631e+07,0,0,0,0,99.3022,98.274,12.2035,1,1,1.8642,1.90812,0,1.11317,2.1168,8.95579e+06,3.94181e+06,1.66954e+07,0,0,0,0
37.6856,85.139,5.60575,0,0.04,3.64035,3.29278,0,0.602855,6.048,4.30939e+06,2.94905e+06,1.56877e+07,0,0,0,0,99.3022,98.274,10.9312,1,1,1.44087,1.90815,0,1.44028,2.1168,8.95579e+06,3.94181e+06,1.29041e+07,0,0,0,0
39.2748,85.139,5.02027,0,0.04,3.64035,3.29278,0,0.682202,6.048,4.30939e+06,2.94905e+06,1.56877e+07,0,0,0,0,99.3022,98.274,4.85437,1,1,1.44087,1.90815,0,1.11322,2.1168,8.95579e+06,3.94181e+06,1.29041e+07,0,0,0,0
39.4457,85.139,3.49384,0,0.04,3.74118,3.39598,0,0.682202,6.048,4.30939e+06,2.94905e+06,1.61222e+07,0,0,0,0,99.3022,98.274,3.9142,1,1,1.50117,1.96987,0,1.11322,2.1168,8.95579e+06,3.94181e+06,1.34442e+07,0,0,0,0
40.1301,85.139,4.06372,0,0.04,3.74121,3.39601,0,0.701097,6.048,4.30939e+06,2.94905e+06,1.61223e+07,0,0,0,0,99.3022,98.274,4.7473,1,1,1.50119,1.96989,0,1.15981,2.1168,8.95579e+06,3.94181e+06,1.34443e+07,0,0,0,0
42.3114,85.139,5.65173,0,0.04,3.74123,3.39604,0,0.701102,6.048,4.30939e+06,2.94905e+06,1.61224e+07,0,0,0,0,99.3022,98.274,5.34093,1,1,1.50121,1.96991,0,1.15982,2.1168,8.95579e+06,3.94181e+06,1.34445e+07,0,0,0,0
43.7939,85.139,5.20135,0,0.04,3.74126,3.39607,0,0.701107,6.048,4.30939e+06,2.94905e+06,1.61226e+07,0,0,0,0,99.3022,98.274,5.17893,1,1,1.50122,1.96992,0,1.15983,2.1168,8.95579e+06,3.94181e+06,1.34446e+07,0,0,0,0
45.451,85.139,5.50037,0,0.04,4.06492,3.72735,0,0.701113,6.048,4.30939e+06,2.94905e+06,1.75173e+07,0,0,0,0,99.3022,98.274,6.20869,1,1,1.72753,2.20157,0,1.15985,2.1168,8.95579e+06,3.94181e+06,1.54714e+07,0,0,0,0
46.0956,85.139,4.62936,0,0.04,4.06495,3.72738,0,0.761765,6.048,4.30939e+06,2.94905e+06,1.75174e+07,0,0,0,0,99.3022,98.274,5.50299,1,1,1.72755,2.20158,0,1.33469,2.1168,8.95579e+06,3.94181e+06,1.54716e+07,0,0,0,0
46.0145,85.139,3.78284,0,0.04,4.06498,3.72741,0,0.761771,6.048,4.30939e+06,2.94905e+06,1.75176e+07,0,0,0,0,99.3022,98.274,4.40581,1,1,1.72757,2.2016,0,1.33471,2.1168,8.95579e+06,3.94181e+06,1.54717e+07,0,0,0,0
47.7348,85.139,5.60135,0,0.04,4.06501,3.72744,0,0.761777,6.048,4.30939e+06,2.94905e+06,1.75177e+07,0,0,0,0,99.3022,98.274,4.75426,1,1,1.72759,2.20162,0,1.33472,2.1168,8.95579e+06,3.94181e+06,1.54719e+07,0,0,0,0
48.2742,85.139,3.94202,0,0.04,3.25499,3.25499,0,0.761783,6.048,4.30939e+06,2.70226e+06,1.4027e+07,0,0,0,0,99.3022,98.274,4.72805,0,1,1.89079,1.89079,0,1.33473,2.1168,8.95579e+06,3.61194e+06,1.69335e+07,0,0,0,0
50.0976,85.139,5.28416,0,0.04,3.25502,3.25502,0,0.609986,6.048,4.30939e+06,2.70226e+06,1.40272e+07,0,0,0,0,99.3022,98.274,4.48222,0,1,1.89081,1.89081,0,1.46082,2.1168,8.95579e+06,3.61194e+06,1.69337e+07,0,0,0,0
51.1497,85.139,4.5004,0,0.04,3.25505,3.25505,0,0.609991,6.048,4.30939e+06,2.70226e+06,1.40273e+07,0,0,0,0,99.3022,98.274,5.46117,0,1,1.89082,1.89082,0,1.46084,2.1168,8.95579e+06,3.61194e+06,1.69338e+07,0,0,0,0
53.2134,85.139,5.45151,0,0.04,3.25508,3.25508,0,0.609997,6.048,4.30939e+06,2.70226e+06,1.40274e+07,0,0,0,0,99.3022,98.274,4.42133,0,1,1.89084,1.89084,0,1.46085,2.1168,8.95579e+06,3.61194e+06,1.69339e+07,0,0,0,0
54.247,85.139,4.41687,0,0.04,3.25511,3.25511,0,0.610002,6.048,4.30939e+06,2.70226e+06,1.40275e+07,0,0,0,0,99.1873,98.274,3.83086,0,1,1.89085,1.89085,0,1.46086,2.1168,8.95579e+06,3.61194e+06,1.69341e+07,0,0,0,0
55.3187,85.139,4.82804,0,0.04,3.71977,3.37407,0,0.610007,6.048,4.30939e+06,2.94905e+06,1.60299e+07,0,0,0,0,99.3022,98.274,5.1185,1,1,1.49829,1.96692,0,1.46087,2.1168,8.95579e+06,3.94181e+06,1.34184e+07,0,0,0,0
56.0544,85.139,4.55351,0,0.04,3.7198,3.3741,0,0.697085,6.048,4.30939e+06,2.94905e+06,1.60301e+07,0,0,0,0,99.3022,98.274,5.5196,1,1,1.4983,1.96694,0,1.15758,2.1168,8.95579e+06,3.94181e+06,1.34185e+07,0,0,0,0
55.6012,85.139,3.39338,0,0.04,3.71983,3.37413,0,0.69709,6.048,4.30939e+06,2.94905e+06,1.60302e+07,0,0,0,0,99.3022,98.274,5.39951,1,1,1.49832,1.96695,0,1.15759,2.1168,8.95579e+06,3.94181e+06,1.34186e+07,0,0,0,0
55.4221,85.139,3.51577,0,0.04,3.71986,3.37416,0,0.697096,6.048,4.30939e+06,2.94905e+06,1.60303e+07,0,0,0,0,99.3022,98.274,4.69763,1,1,1.49834,1.96697,0,1.1576,2.1168,8.95579e+06,3.94181e+06,1.34188e+07,0,0,0,0
55.2489,85.139,3.43315,0,0.04,3.67445,3.32768,0,0.697101,6.048,4.30939e+06,2.94905e+06,1.58346e+07,0,0,0,0,99.3022,98.274,4.13325,1,1,1.4695,1.93745,0,1.15762,2.1168,8.95579e+06,3.94181e+06,1.31605e+07,0,0,0,0
54.7648,85.139,3.08617,0,0.04,3.67448,3.32771,0,0.688592,6.048,4.30939e+06,2.94905e+06,1.58348e+07,0,0,0,0,99.3022,98.274,3.70159,1,1,1.46951,1.93747,0,1.13533,2.1168,8.95579e+06,3.94181e+06,1.31606e+07,0,0,0,0
54.0802,85.139,2.84527,0,0.04,3.67451,3.32774,0,0.688597,6.048,4.30939e+06,2.94905e+06,1.58349e+07,0,0,0,0,99.3022,98.274,3.51091,1,1,1.46953,1.93748,0,1.13535,2.1168,8.95579e+06,3.94181e+06,1.31608e+07,0,0,0,0
53.3721,85.139,2.78733,0,0.04,3.67453,3.32777,0,0.688603,6.048,4.30939e+06,2.94905e+06,1.5835e+07,0,0,0,0,99.3022,98.274,4.05873,1,1,1.46955,1.9375,0,1.13536,2.1168,8.95579e+06,3.94181e+06,1.31609e+07,0,0,0,0
52.3262,85.139,2.52395,0,0.04,3.82879,3.48566,0,0.688608,6.048,4.30939e+06,2.94905e+06,1.64997e+07,0,0,0,0,99.3022,98.274,3.49097,1,1,1.5719,2.04227,0,1.13537,2.1168,8.95579e+06,3.94181e+06,1.40776e+07,0,0,0,0
51.2076,85.139,2.41749,0,0.04,3.82882,3.48569,0,0.717515,6.048,4.30939e+06,2.94905e+06,1.64999e+07,0,0,0,0,99.3022,98.274,3.48059,1,1,1.57192,2.04229,0,1.21445,2.1168,8.95579e+06,3.94181e+06,1.40778e+07,0,0,0,0
49.9934,85.139,2.29591,0,0.04,3.82885,3.48572,0,0.717521,6.048,4.30939e+06,2.94905e+06,1.65e+07,0,0,0,0,99.3022,98.274,3.63907,1,1,1.57194,2.04231,0,1.21447,2.1168,8.95579e+06,3.94181e+06,1.40779e+07,0,0,0,0
48.6387,85.139,2.13071,0,0.04,3.82888,3.48575,0,0.717526,6.048,4.30939e+06,2.94905e+06,1.65001e+07,0,0,0,0,99.3022,98.274,3.50588,1,1,1.57196,2.04232,0,1.21448,2.1168,8.95579e+06,3.94181e+06,1.40781e+07,0,0,0,0
47.6205,85.139,2.40708,0,0.04,3.82891,3.48578,0,0.717532,6.048,4.30939e+06,2.94905e+06,1.65003e+07,0,0,0,0,99.3022,98.274,2.56713,1,1,1.57197,2.04234,0,1.21449,2.1168,8.95579e+06,3.94181e+06,1.40783e+07,0,0,0,0
46.5702,85.139,2.26709,0,0.04,3.79844,3.45459,0,0.717537,6.048,4.30939e+06,2.94905e+06,1.63689e+07,0,0,0,0,99.3022,98.274,2.55558,1,1,1.62824,2.09993,0,1.21451,2.1168,8.95579e+06,3.94181e+06,1.45822e+07,0,0,0,0
45.3798,85.139,2.09156,0,0.04,3.79846,3.45462,0,0.711827,6.048,4.30939e+06,2.94905e+06,1.63691e+07,0,0,0,0,99.3022,98.274,2.49623,1,1,1.62826,2.09995,0,1.25798,2.1168,8.95579e+06,3.94181e+06,1.45823e+07,0,0,0,0
44.089,85.139,1.9543,0,0.04,3.79849,3.45465,0,0.711832,6.048,4.30939e+06,2.94905e+06,1.63692e+07,0,0,0,0,99.3022,98.274,2.565,1,1,1.62828,2.09997,0,1.25799,2.1168,8.95579e+06,3.94181e+06,1.45825e+07,0,0,0,0
42.7585,85.139,1.87432,0,0.04,3.79852,3.45468,0,0.711838,6.048,4.30939e+06,2.94905e+06,1.63693e+07,0,0,0,0,99.1917,98.274,2.11916,1,1,1.62829,2.09999,0,1.25801,2.1168,8.95579e+06,3.94181e+06,1.45827e+07,0,0,0,0
41.6749,85.139,2.1745,0,0.04,3.87732,3.53534,0,0.711843,6.048,4.30939e+06,2.94905e+06,1.67089e+07,0,0,0,0,99.1073,98.274,2.37063,1,1,1.67845,2.15132,0,1.25802,2.1168,8.95579e+06,3.94181e+06,1.50318e+07,0,0,0,0
40.4393,85.139,1.96487,0,0.04,3.87735,3.53537,0,0.72661,6.048,4.30939e+06,2.94905e+06,1.6709e+07,0,0,0,0,98.9087,98.274,2.27543,1,1,1.67846,2.15134,0,1.29677,2.1168,8.95579e+06,3.94181e+06,1.5032e+07,0,0,0,0
39.0732,85.139,1.78956,0,0.04,3.87738,3.5354,0,0.726616,6.048,4.30939e+06,2.94905e+06,1.67091e+07,0,0,0,0,98.674,98.274,1.97616,1,1,1.67848,2.15136,0,1.29678,2.1168,8.95579e+06,3.94181e+06,1.50321e+07,0,0,0,0
37.8807,85.139,1.91561,0,0.04,3.87741,3.53543,0,0.726621,6.048,4.30939e+06,2.94905e+06,1.67093e+07,0,0,0,0,98.4501,98.274,2.38587,1,1,1.6785,2.15138,0,1.29679,2.1168,8.95579e+06,3.94181e+06,1.50323e+07,0,0,0,0
36.4184,85.139,1.7516,0,0.04,4.10813,3.77158,0,0.726627,6.048,4.30939e+06,2.94905e+06,1.77035e+07,0,0,0,0,98.0686,98.274,1.78748,1,1,1.85948,2.33662,0,1.29681,2.1168,8.95579e+06,3.94181e+06,1.66531e+07,0,0,0,0
35.1753,85.139,1.93867,0,0.04,4.10816,3.77161,0,0.769863,6.048,4.30939e+06,2.94905e+06,1.77036e+07,0,0,0,0,97.5687,98.274,2.19462,1,1,1.8595,2.33664,0,1.43663,2.1168,8.95579e+06,3.94181e+06,1.66533e+07,0,0,0,0
33.6249,85.139,1.57683,0,0.04,4.10819,3.77164,0,0.769869,6.048,4.30939e+06,2.94905e+06,1.77038e+07,0,0,0,0,97.1981,98.274,1.55728,1,1,1.85952,2.33666,0,1.43665,2.1168,8.95579e+06,3.94181e+06,1.66535e+07,0,0,0,0
32.5049,85.139,1.92755,0,0.04,4.10822,3.77167,0,0.769875,6.048,4.30939e+06,2.94905e+06,1.77039e+07,0,0,0,0,97.0334,98.274,2.82826,1,1,1.85954,2.33668,0,1.43667,2.1168,8.95579e+06,3.94181e+06,1.66536e+07,0,0,0,0
30.5398,85.139,1.00844,0,0.04,4.10825,3.77171,0,0.769881,6.048,4.30939e+06,2.94905e+06,1.77041e+07,0,0,0,0,96.3667,98.274,2.14205,1,1,1.85956,2.3367,0,1.43668,2.1168,8.95579e+06,3.94181e+06,1.66538e+07,0,0,0,0
28.5621,85.139,0.82296,0,0.04,3.99585,3.65666,0,0.769887,6.048,4.30939e+06,2.94905e+06,1.72197e+07,0,0,0,0,95.5955,98.274,1.19316,1,1,1.74974,2.22429,0,1.4367,2.1168,8.95579e+06,3.94181e+06,1.56703e+07,0,0,0,0
26.682,85.139,0.796895,0,0.04,3.99588,3.65669,0,0.748823,6.048,4.30939e+06,2.94905e+06,1.72198e+07,0,0,0,0,95.1444,98.274,1.09855,1,1,1.74976,2.22431,0,1.35185,2.1168,8.95579e+06,3.94181e+06,1.56704e+07,0,0,0,0
25.6093,85.139,1.6419,0,0.04,3.99592,3.65672,0,0.748829,6.048,4.30939e+06,2.94905e+06,1.722e+07,0,0,0,0,95.1306,98.274,1.8312,1,1,1.74977,2.22433,0,1.35186,2.1168,8.95579e+06,3.94181e+06,1.56706e+07,0,0,0,0
25.2509,85.139,2.28162,0,0.04,3.99595,3.65675,0,0.748835,6.048,4.30939e+06,2.94905e+06,1.72201e+07,0,0,0,0,94.9345,98.274,2.09477,1,1,1.74979,2.22435,0,1.35188,2.1168,8.95579e+06,3.94181e+06,1.56708e+07,0,0,0,0
24.372,85.139,1.67531,0,0.04,3.90369,3.56232,0,0.74884,6.048,4.30939e+06,2.94905e+06,1.68225e+07,0,0,0,0,94.8294,98.274,1.62558,1,1,1.64982,2.12203,0,1.35189,2.1168,8.95579e+06,3.94181e+06,1.47755e+07,0,0,0,0
25.1226,85.139,3.31919,0,0.04,3.90372,3.56235,0,0.731551,6.048,4.30939e+06,2.94905e+06,1.68226e+07,0,0,0,0,95.2784,98.274,3.81512,1,1,1.64984,2.12205,0,1.27465,2.1168,8.95579e+06,3.94181e+06,1.47756e+07,0,0,0,0
24.6125,85.139,2.03107,0,0.04,3.90375,3.56238,0,0.731557,6.048,4.30939e+06,2.94905e+06,1.68228e+07,0,0,0,0,95.5575,98.274,3.42533,1,1,1.64986,2.12206,0,1.27467,2.1168,8.95579e+06,3.94181e+06,1.47758e+07,0,0,0,0
26.3413,85.139,4.47488,0,0.04,3.90378,3.56241,0,0.731562,6.048,4.30939e+06,2.94905e+06,1.68229e+07,0,0,0,0,95.866,98.274,3.32607,1,1,1.64988,2.12208,0,1.27468,2.1168,8.95579e+06,3.94181e+06,1.4776e+07,0,0,0,0
29.0609,85.139,5.55689,0,0.04,3.64169,3.29415,0,0.731568,6.048,4.30939e+06,2.94905e+06,1.56935e+07,0,0,0,0,96.9526,98.274,4.62902,1,1,1.44164,1.90894,0,1.2747,2.1168,8.95579e+06,3.94181e+06,1.29111e+07,0,0,0,0
30.6569,85.139,4.55499,0,0.04,3.64172,3.29418,0,0.682453,6.048,4.30939e+06,2.94905e+06,1.56936e+07,0,0,0,0,97.8272,98.274,4.5969,1,1,1.44166,1.90896,0,1.11381,2.1168,8.95579e+06,3.94181e+06,1.29112e+07,0,0,0,0
32.0527,85.139,4.52982,0,0.04,3.64175,3.29421,0,0.682458,6.048,4.30939e+06,2.94905e+06,1.56937e+07,0,0,0,0,99.3022,98.274,6.14937,1,1,1.44168,1.90898,0,1.11383,2.1168,8.95579e+06,3.94181e+06,1.29114e+07,0,0,0,0
37.2713,85.139,8.61853,0,0.04,3.64177,3.29424,0,0.682463,6.048,4.30939e+06,2.94905e+06,1.56938e+07,0,0,0,0,99.3022,98.274,7.48991,1,1,1.44169,1.90899,0,1.11384,2.1168,8.95579e+06,3.94181e+06,1.29115e+07,0,0,0,0
38.8475,85.139,4.80001,0,0.04,3.6418,3.29427,0,0.682468,6.048,4.30939e+06,2.94905e+06,1.56939e+07,0,0,0,0,99.3022,98.274,4.02928,1,1,1.44171,1.90901,0,1.11385,2.1168,8.95579e+06,3.94181e+06,1.29116e+07,0,0,0,0
39.5837,85.139,4.08255,0,0.04,3.74264,3.39748,0,0.682474,6.048,4.30939e+06,2.94905e+06,1.61285e+07,0,0,0,0,99.3022,98.274,3.22331,1,1,1.50202,1.97074,0,1.11386,2.1168,8.95579e+06,3.94181e+06,1.34518e+07,0,0,0,0
39.3592,85.139,3.10696,0,0.04,3.74265,3.39749,0,0.701372,6.048,4.30939e+06,2.94905e+06,1.61285e+07,0,0,0,0,99.1887,98.274,2.6073,1,1,1.50203,1.97075,0,1.16046,2.1168,8.95579e+06,3.94181e+06,1.34518e+07,0,0,0,0
39.0715,85.139,2.98717,0,0.04,3.74265,3.39749,0,0.701372,6.048,4.30939e+06,2.94905e+06,1.61285e+07,0,0,0,0,99.3022,98.274,2.23021,1,1,1.50203,1.97075,0,1.16047,2.1168,8.95579e+06,3.94181e+06,1.34519e+07,0,0,0,0
38.7993,85.139,3.03728,0,0.04,3.74266,3.3975,0,0.701373,6.048,4.30939e+06,2.94905e+06,1.61286e+07,0,0,0,0,99.3022,98.274,2.87856,1,1,1.50203,1.97075,0,1.16047,2.1168,8.95579e+06,3.94181e+06,1.34519e+07,0,0,0,0
39.6218,85.139,4.40888,0,0.04,4.06642,3.72888,0,0.701374,6.048,4.30939e+06,2.94905e+06,1.75238e+07,0,0,0,0,99.3022,98.274,3.14509,1,1,1.72842,2.20247,0,1.16047,2.1168,8.95579e+06,3.94181e+06,1.54794e+07,0,0,0,0
40.8211,85.139,4.85004,0,0.04,4.06642,3.72889,0,0.762046,6.048,4.30939e+06,2.94905e+06,1.75238e+07,0,0,0,0,99.2717,98.274,3.09616,1,1,1.72842,2.20248,0,1.33538,2.1168,8.95579e+06,3.94181e+06,1.54794e+07,0,0,0,0
40.9234,85.139,3.74774,0,0.04,4.06643,3.72889,0,0.762047,6.048,4.30939e+06,2.94905e+06,1.75238e+07,0,0,0,0,99.3022,98.274,2.55932,1,1,1.72842,2.20248,0,1.33538,2.1168,8.95579e+06,3.94181e+06,1.54794e+07,0,0,0,0
44.7564,85.139,7.6474,0,0.04,4.06643,3.7289,0,0.762048,6.048,4.30939e+06,2.94905e+06,1.75238e+07,0,0,0,0,99.3022,98.274,6.18141,1,1,1.72843,2.20248,0,1.33538,2.1168,8.95579e+06,3.94181e+06,1.54794e+07,0,0,0,0
47.2681,85.139,5.91164,0,0.04,3.25624,3.25624,0,0.762049,6.048,4.30939e+06,2.70226e+06,1.40324e+07,0,0,0,0,99.3022,98.274,6.94901,0,1,1.89151,1.89151,0,1.33538,2.1168,8.95579e+06,3.61194e+06,1.694e+07,0,0,0,0
50.1589,85.139,6.38852,0,0.04,3.25624,3.25624,0,0.610219,6.048,4.30939e+06,2.70226e+06,1.40324e+07,0,0,0,0,99.3022,98.274,7.47996,0,1,1.89151,1.89151,0,1.46138,2.1168,8.95579e+06,3.61194e+06,1.694e+07,0,0,0,0
54.6104,85.139,8.14288,0,0.04,3.25625,3.25625,0,0.61022,6.048,4.30939e+06,2.70226e+06,1.40324e+07,0,0,0,0,99.3022,98.274,8.10248,0,1,1.89152,1.89152,0,1.46138,2.1168,8.95579e+06,3.61194e+06,1.694e+07,0,0,0,0
60.3868,85.139,9.84285,0,0.04,3.25625,3.25625,0,0.610221,6.048,4.30939e+06,2.70226e+06,1.40325e+07,0,0,0,0,99.3022,98.274,9.2114,0,1,1.89152,1.89152,0,1.46139,2.1168,8.95579e+06,3.61194e+06,1.694e+07,0,0,0,0
66.8557,85.139,10.4899,0,0.04,3.25625,3.25625,0,0.610221,6.048,4.30939e+06,2.70226e+06,1.40325e+07,0,0,0,0,99.3022,98.274,9.26774,0,1,1.89152,1.89152,0,1.46139,2.1168,8.95579e+06,3.61194e+06,1.69401e+07,0,0,0,0
70.3309,85.139,7.78815,0,0.04,3.72091,3.37524,0,0.610222,6.048,4.30939e+06,2.94905e+06,1.60348e+07,0,0,0,0,99.3022,98.274,6.95004,1,1,1.49895,1.9676,0,1.46139,2.1168,8.95579e+06,3.94181e+06,1.34243e+07,0,0,0,0
72.5164,85.139,6.40876,0,0.04,3.72091,3.37524,0,0.697298,6.048,4.30939e+06,2.94905e+06,1.60349e+07,0,0,0,0,99.3022,98.274,5.9238,1,1,1.49895,1.9676,0,1.15809,2.1168,8.95579e+06,3.94181e+06,1.34243e+07,0,0,0,0
74.4706,85.139,6.1269,0,0.04,3.72092,3.37524,0,0.697299,6.048,4.30939e+06,2.94905e+06,1.60349e+07,0,0,0,0,99.3022,98.274,5.73757,1,1,1.49896,1.9676,0,1.15809,2.1168,8.95579e+06,3.94181e+06,1.34243e+07,0,0,0,0
75.8371,85.139,5.45992,0,0.04,3.72092,3.37525,0,0.6973,6.048,4.30939e+06,2.94905e+06,1.60349e+07,0,0,0,0,99.3022,98.274,5.04397,1,1,1.49896,1.96761,0,1.15809,2.1168,8.95579e+06,3.94181e+06,1.34243e+07,0,0,0,0
76.911,85.139,5.11322,0,0.04,3.67547,3.32873,0,0.6973,6.048,4.30939e+06,2.94905e+06,1.5839e+07,0,0,0,0,99.3022,98.274,4.92878,1,1,1.47009,1.93806,0,1.15809,2.1168,8.95579e+06,3.94181e+06,1.31658e+07,0,0,0,0
77.543,85.139,4.65289,0,0.04,3.67548,3.32874,0,0.688784,6.048,4.30939e+06,2.94905e+06,1.58391e+07,0,0,0,0,99.3022,98.274,4.18425,1,1,1.4701,1.93806,0,1.13579,2.1168,8.95579e+06,3.94181e+06,1.31659e+07,0,0,0,0
78.1133,85.139,4.55324,0,0.04,3.67548,3.32874,0,0.688785,6.048,4.30939e+06,2.94905e+06,1.58391e+07,0,0,0,0,99.3022,98.274,4.09317,1,1,1.4701,1.93807,0,1.1358,2.1168,8.95579e+06,3.94181e+06,1.31659e+07,0,0,0,0
78.4589,85.139,4.2608,0,0.04,3.67549,3.32874,0,0.688785,6.048,4.30939e+06,2.94905e+06,1.58391e+07,0,0,0,0,99.3022,98.274,3.93638,1,1,1.4701,1.93807,0,1.1358,2.1168,8.95579e+06,3.94181e+06,1.31659e+07,0,0,0,0
78.0045,85.139,3.49822,0,0.04,3.82976,3.48665,0,0.688786,6.048,4.30939e+06,2.94905e+06,1.65039e+07,0,0,0,0,99.3022,98.274,3.19041,1,1,1.57247,2.04285,0,1.1358,2.1168,8.95579e+06,3.94181e+06,1.40827e+07,0,0,0,0
77.4144,85.139,3.32712,0,0.04,3.82976,3.48666,0,0.717697,6.048,4.30939e+06,2.94905e+06,1.65039e+07,0,0,0,0,99.3022,98.274,3.00652,1,1,1.57247,2.04285,0,1.21489,2.1168,8.95579e+06,3.94181e+06,1.40828e+07,0,0,0,0
76.7245,85.139,3.21188,0,0.04,3.82977,3.48666,0,0.717698,6.048,4.30939e+06,2.94905e+06,1.6504e+07,0,0,0,0,99.3022,98.274,3.22828,1,1,1.57248,2.04286,0,1.21489,2.1168,8.95579e+06,3.94181e+06,1.40828e+07,0,0,0,0
75.771,85.139,2.9526,0,0.04,3.82977,3.48666,0,0.717699,6.048,4.30939e+06,2.94905e+06,1.6504e+07,0,0,0,0,99.3022,98.274,3.06038,1,1,1.57248,2.04286,0,1.2149,2.1168,8.95579e+06,3.94181e+06,1.40828e+07,0,0,0,0
74.4201,85.139,2.48816,0,0.04,3.82978,3.48667,0,0.717699,6.048,4.30939e+06,2.94905e+06,1.6504e+07,0,0,0,0,99.3022,98.274,2.75282,1,1,1.57248,2.04286,0,1.2149,2.1168,8.95579e+06,3.94181e+06,1.40828e+07,0,0,0,0
72.9609,85.139,2.30911,0,0.04,3.79927,3.45545,0,0.7177,6.048,4.30939e+06,2.94905e+06,1.63725e+07,0,0,0,0,99.3022,98.274,2.62493,1,1,1.62875,2.10045,0,1.2149,2.1168,8.95579e+06,3.94181e+06,1.45867e+07,0,0,0,0
71.3979,85.139,2.17584,0,0.04,3.79928,3.45545,0,0.711983,6.048,4.30939e+06,2.94905e+06,1.63726e+07,0,0,0,0,99.2881,98.274,2.47638,1,1,1.62875,2.10046,0,1.25837,2.1168,8.95579e+06,3.94181e+06,1.45867e+07,0,0,0,0
69.7122,85.139,2.0304,0,0.04,3.79928,3.45545,0,0.711984,6.048,4.30939e+06,2.94905e+06,1.63726e+07,0,0,0,0,99.22,98.274,2.32284,1,1,1.62875,2.10046,0,1.25837,2.1168,8.95579e+06,3.94181e+06,1.45868e+07,0,0,0,0
68.0273,85.139,2.01646,0,0.04,3.79928,3.45546,0,0.711985,6.048,4.30939e+06,2.94905e+06,1.63726e+07,0,0,0,0,99.1922,98.274,2.37992,1,1,1.62876,2.10046,0,1.25838,2.1168,8.95579e+06,3.94181e+06,1.45868e+07,0,0,0,0
66.1844,85.139,1.86048,0,0.04,3.87807,3.5361,0,0.711986,6.048,4.30939e+06,2.94905e+06,1.67121e+07,0,0,0,0,99.0719,98.274,2.45986,1,1,1.6789,2.15179,0,1.25838,2.1168,8.95579e+06,3.94181e+06,1.50359e+07,0,0,0,0
64.25,85.139,1.74115,0,0.04,3.87808,3.53611,0,0.726751,6.048,4.30939e+06,2.94905e+06,1.67122e+07,0,0,0,0,98.9066,98.274,2.24932,1,1,1.67891,2.15179,0,1.29712,2.1168,8.95579e+06,3.94181e+06,1.50359e+07,0,0,0,0
62.3178,85.139,1.711,0,0.04,3.87808,3.53611,0,0.726752,6.048,4.30939e+06,2.94905e+06,1.67122e+07,0,0,0,0,98.7882,98.274,2.41783,1,1,1.67891,2.1518,0,1.29712,2.1168,8.95579e+06,3.94181e+06,1.50359e+07,0,0,0,0
60.5522,85.139,1.84106,0,0.04,3.87809,3.53612,0,0.726753,6.048,4.30939e+06,2.94905e+06,1.67122e+07,0,0,0,0,98.6675,98.274,2.66117,1,1,1.67891,2.1518,0,1.29712,2.1168,8.95579e+06,3.94181e+06,1.5036e+07,0,0,0,0
58.1432,85.139,1.36167,0,0.04,4.10882,3.77228,0,0.726753,6.048,4.30939e+06,2.94905e+06,1.77065e+07,0,0,0,0,98.3217,98.274,1.77479,1,1,1.85991,2.33706,0,1.29713,2.1168,8.95579e+06,3.94181e+06,1.6657e+07,0,0,0,0
55.9273,85.139,1.53353,0,0.04,4.10882,3.77229,0,0.769992,6.048,4.30939e+06,2.94905e+06,1.77065e+07,0,0,0,0,97.9045,98.274,2.19307,1,1,1.85991,2.33706,0,1.43697,2.1168,8.95579e+06,3.94181e+06,1.6657e+07,0,0,0,0
53.4482,85.139,1.2354,0,0.04,4.10883,3.77229,0,0.769993,6.048,4.30939e+06,2.94905e+06,1.77065e+07,0,0,0,0,97.55,98.274,1.58842,1,1,1.85991,2.33707,0,1.43697,2.1168,8.95579e+06,3.94181e+06,1.6657e+07,0,0,0,0
51.2858,85.139,1.49423,0,0.04,4.10883,3.7723,0,0.769994,6.048,4.30939e+06,2.94905e+06,1.77065e+07,0,0,0,0,97.4104,98.274,2.7557,1,1,1.85992,2.33707,0,1.43697,2.1168,8.95579e+06,3.94181e+06,1.6657e+07,0,0,0,0
49.0235,85.139,1.40088,0,0.04,4.10883,3.7723,0,0.769995,6.048,4.30939e+06,2.94905e+06,1.77066e+07,0,0,0,0,97.326,98.274,2.58416,1,1,1.85992,2.33707,0,1.43697,2.1168,8.95579e+06,3.94181e+06,1.66571e+07,0,0,0,0
47.2703,85.139,1.80316,0,0.04,3.99639,3.65721,0,0.769996,6.048,4.30939e+06,2.94905e+06,1.7222e+07,0,0,0,0,97.2518,98.274,2.22601,1,1,1.75006,2.22463,0,1.43697,2.1168,8.95579e+06,3.94181e+06,1.56732e+07,0,0,0,0
45.9268,85.139,2.194,0,0.04,3.99639,3.65721,0,0.748924,6.048,4.30939e+06,2.94905e+06,1.7222e+07,0,0,0,0,97.5222,98.274,2.83654,1,1,1.75007,2.22463,0,1.3521,2.1168,8.95579e+06,3.94181e+06,1.56732e+07,0,0,0,0
43.7033,85.139,1.26394,0,0.04,3.9964,3.65722,0,0.748924,6.048,4.30939e+06,2.94905e+06,1.7222e+07,0,0,0,0,97.4049,98.274,2.00136,1,1,1.75007,2.22463,0,1.3521,2.1168,8.95579e+06,3.94181e+06,1.56732e+07,0,0,0,0
42.0242,85.139,1.80646,0,0.04,3.9964,3.65722,0,0.748925,6.048,4.30939e+06,2.94905e+06,1.72221e+07,0,0,0,0,97.4688,98.274,2.41639,1,1,1.75007,2.22464,0,1.3521,2.1168,8.95579e+06,3.94181e+06,1.56733e+07,0,0,0,0
40.5401,85.139,1.91411,0,0.04,3.90411,3.56275,0,0.748926,6.048,4.30939e+06,2.94905e+06,1.68243e+07,0,0,0,0,97.9714,98.274,3.06163,1,1,1.65007,2.12228,0,1.35211,2.1168,8.95579e+06,3.94181e+06,1.47777e+07,0,0,0,0
38.6604,85.139,1.4233,0,0.04,3.90411,3.56275,0,0.73163,6.048,4.30939e+06,2.94905e+06,1.68243e+07,0,0,0,0,98.5277,98.274,3.23457,1,1,1.65008,2.12229,0,1.27485,2.1168,8.95579e+06,3.94181e+06,1.47777e+07,0,0,0,0
37.2082,85.139,1.85083,0,0.04,3.90411,3.56276,0,0.73163,6.048,4.30939e+06,2.94905e+06,1.68243e+07,0,0,0,0,98.7891,98.274,2.59351,1,1,1.65008,2.12229,0,1.27485,2.1168,8.95579e+06,3.94181e+06,1.47778e+07,0,0,0,0
37.9371,85.139,4.29673,0,0.04,3.90412,3.56276,0,0.731631,6.048,4.30939e+06,2.94905e+06,1.68244e+07,0,0,0,0,99.1111,98.274,4.33477,1,1,1.65008,2.12229,0,1.27485,2.1168,8.95579e+06,3.94181e+06,1.47778e+07,0,0,0,0
35.799,85.139,0.900697,0,0.04,3.64198,3.29445,0,0.731632,6.048,4.30939e+06,2.94905e+06,1.56947e+07,0,0,0,0,98.9534,98.274,1.43184,1,1,1.44181,1.90912,0,1.27485,2.1168,8.95579e+06,3.94181e+06,1.29126e+07,0,0,0,0
33.8227,85.139,0.994857,0,0.04,3.64199,3.29445,0,0.682507,6.048,4.30939e+06,2.94905e+06,1.56947e+07,0,0,0,0,98.8217,98.274,2.65674,1,1,1.44182,1.90912,0,1.11395,2.1168,8.95579e+06,3.94181e+06,1.29126e+07,0,0,0,0
32.4286,85.139,1.56461,0,0.04,3.64199,3.29446,0,0.682508,6.048,4.30939e+06,2.94905e+06,1.56947e+07,0,0,0,0,98.6746,98.274,2.40704,1,1,1.44182,1.90912,0,1.11395,2.1168,8.95579e+06,3.94181e+06,1.29126e+07,0,0,0,0
35.5724,85.139,6.56386,0,0.04,3.64199,3.29446,0,0.682509,6.048,4.30939e+06,2.94905e+06,1.56948e+07,0,0,0,0,99.3022,98.274,5.39351,1,1,1.44182,1.90912,0,1.11395,2.1168,8.95579e+06,3.94181e+06,1.29126e+07,0,0,0,0
38.1847,85.139,5.89601,0,0.04,3.642,3.29447,0,0.682509,6.048,4.30939e+06,2.94905e+06,1.56948e+07,0,0,0,0,99.3022,98.274,5.24309,1,1,1.44182,1.90912,0,1.11395,2.1168,8.95579e+06,3.94181e+06,1.29127e+07,0,0,0,0
42.6873,85.139,7.98478,0,0.04,3.74282,3.39766,0,0.68251,6.048,4.30939e+06,2.94905e+06,1.61293e+07,0,0,0,3.97769e+08,99.3022,98.274,7.72026,1,1,1.50213,1.97085,0,1.11395,2.1168,8.95579e+06,3.94181e+06,1.34527e+07,0,0,0,0
45.5973,85.139,6.43677,0,0.04,3.7428,3.39764,0,0.701405,6.048,4.30939e+06,2.94905e+06,1.61292e+07,0,0,0,3.97769e+08,99.3022,98.274,6.02027,1,1,1.50211,1.97084,0,1.16054,2.1168,8.95579e+06,3.94181e+06,1.34526e+07,0,0,0,0
49.6777,85.139,7.78666,0,0.04,3.74278,3.39762,0,0.701401,6.048,4.30939e+06,2.94905e+06,1.61291e+07,0,0,0,3.97769e+08,99.3022,98.274,5.84966,1,1,1.5021,1.97082,0,1.16053,2.1168,8.95579e+06,3.94181e+06,1.34525e+07,0,0,0,0
52.3448,85.139,6.45421,0,0.04,3.74276,3.3976,0,0.701397,6.048,4.30939e+06,2.94905e+06,1.6129e+07,0,0,0,3.97769e+08,99.3022,98.274,5.55199,1,1,1.50209,1.97081,0,1.16052,2.1168,8.95579e+06,3.94181e+06,1.34524e+07,0,0,0,0
59.3871,85.139,11.423,0,0.04,4.0665,3.72897,0,0.701393,6.048,4.30939e+06,2.94905e+06,1.75241e+07,0,0,0,3.97769e+08,99.3022,98.274,8.61987,1,1,1.72847,2.20252,0,1.16052,2.1168,8.95579e+06,3.94181e+06,1.54798e+07,0,0,0,0
75.1848,85.139,20.6497,0,0.04,4.06648,3.72895,0,0.762062,6.048,4.30939e+06,2.94905e+06,1.7524e+07,0,0,0,3.97769e+08,99.3022,98.274,12.4815,1,1,1.72846,2.20251,0,1.33541,2.1168,8.95579e+06,3.94181e+06,1.54797e+07,0,0,0,0
78.8331,85.139,8.54259,0,0.04,4.06646,3.72892,0,0.762058,6.048,4.30939e+06,2.94905e+06,1.75239e+07,0,0,0,3.97769e+08,99.3022,98.274,6.26483,1,1,1.72844,2.2025,0,1.3354,2.1168,8.95579e+06,3.94181e+06,1.54796e+07,0,0,0,0
81.1274,85.139,6.89624,0,0.04,4.06643,3.7289,0,0.762054,6.048,4.30939e+06,2.94905e+06,1.75238e+07,0,0,0,3.97769e+08,99.3022,98.274,5.59805,1,1,1.72843,2.20248,0,1.33539,2.1168,8.95579e+06,3.94181e+06,1.54794e+07,0,0,0,0
85.139,85.139,9.40164,0,0.04,3.25622,3.25622,0,0.762049,6.048,4.30939e+06,2.70226e+06,1.40323e+07,0,0,0,3.97769e+08,99.3022,98.274,5.4804,0,1,1.8915,1.8915,0,1.33538,2.1168,8.95579e+06,3.61194e+06,1.69399e+07,0,0,0,0
85.139,85.139,7.83178,0,0.04,3.2562,3.2562,0,0.610215,6.048,4.30939e+06,2.70226e+06,1.40322e+07,0,0,0,3.97769e+08,99.3022,98.274,5.37678,0,1,1.89149,1.89149,0,1.46137,2.1168,8.95579e+06,3.61194e+06,1.69398e+07,0,0,0,0
85.139,85.139,8.3586,0,0.04,3.25618,3.25618,0,0.610211,6.048,4.30939e+06,2.70226e+06,1.40321e+07,0,0,0,3.97769e+08,99.3022,98.274,7.01252,0,1,1.89148,1.89148,0,1.46136,2.1168,8.95579e+06,3.61194e+06,1.69397e+07,0,0,0,0
85.139,85.139,8.03074,0.19,0.04,3.25616,3.25616,0,0.610207,6.048,4.30939e+06,2.70226e+06,1.4032e+07,0,0,0,3.97769e+08,99.3022,98.274,6.35795,0,1,1.89146,1.89146,0,1.46135,2.1168,8.95579e+06,3.61194e+06,1.69395e+07,0,0,0,0
85.139,85.139,6.10459,0.31,0.04,3.25614,3.25614,0,0.610204,6.048,4.30939e+06,2.70226e+06,1.4032e+07,0,0,0,3.97769e+08,99.3022,98.274,4.86238,0,1,1.89145,1.89145,0,1.46134,2.1168,8.95579e+06,3.61194e+06,1.69394e+07,0,0,0,0
85.139,85.139,5.15135,0.43,0.04,2.98667,3.37509,0,0.6102,6.048,4.30939e+06,2.94905e+06,1.28707e+07,0,0,0,3.97769e+08,99.3022,98.274,4.06422,1,1,1.74108,1.96751,0,1.46134,2.1168,8.95579e+06,3.94181e+06,1.55928e+07,0,0,0,0
85.139,85.139,4.45699,0.42,0.04,2.98665,3.37506,0,0.559701,6.048,4.30939e+06,2.94905e+06,1.28706e+07,0,0,0,3.97769e+08,99.3022,98.274,4.41488,1,1,1.74107,1.9675,0,1.34516,2.1168,8.95579e+06,3.94181e+06,1.55927e+07,0,0,0,0
85.139,85.139,6.0876,0.41,0.04,2.98663,3.37504,0,0.559698,6.048,4.30939e+06,2.94905e+06,1.28705e+07,0,0,0,3.97769e+08,99.3022,98.274,5.62687,1,1,1.74106,1.96749,0,1.34515,2.1168,8.95579e+06,3.94181e+06,1.55926e+07,0,0,0,0
85.139,85.139,4.23193,0.4,0.04,2.98661,3.37502,0,0.559694,6.048,4.30939e+06,2.94905e+06,1.28705e+07,0,0,0,3.97769e+08,99.3022,98.274,3.94144,1,1,1.74105,1.96747,0,1.34514,2.1168,8.95579e+06,3.94181e+06,1.55925e+07,0,0,0,0
85.139,85.139,4.00575,0.36,0.04,3.25187,3.32849,0,0.559691,6.048,4.30939e+06,2.94905e+06,1.40136e+07,0,0,0,3.97769e+08,99.3022,98.274,3.97235,1,1,1.89331,1.93792,0,1.34513,2.1168,8.95579e+06,3.94181e+06,1.69561e+07,0,0,0,0
84.8645,85.139,3.26015,0.34,0.04,3.25185,3.32846,0,0.609401,6.048,4.30939e+06,2.94905e+06,1.40135e+07,0,0,0,3.97769e+08,99.2998,98.274,3.58996,1,1,1.8933,1.93791,0,1.46277,2.1168,8.95579e+06,3.94181e+06,1.6956e+07,0,0,0,0
84.519,85.139,2.91883,0.45,0.04,2.94539,3.32844,0,0.609397,6.048,4.30939e+06,2.94905e+06,1.26928e+07,0,0,0,3.97769e+08,99.2945,98.274,2.79544,1,1,1.71487,1.93789,0,1.46276,2.1168,8.95579e+06,3.94181e+06,1.5358e+07,0,0,0,0
84.7883,85.139,3.53931,0.42,0.04,2.94537,3.32842,0,0.551966,6.048,4.30939e+06,2.94905e+06,1.26928e+07,0,0,0,3.97769e+08,99.3022,98.274,2.88146,1,1,1.71486,1.93788,0,1.32491,2.1168,8.95579e+06,3.94181e+06,1.53579e+07,0,0,0,0
84.1269,85.139,2.87667,0.39,0.04,3.40605,3.48629,0,0.551963,6.048,4.30939e+06,2.94905e+06,1.4678e+07,0,0,0,3.97769e+08,99.0692,98.274,2.64639,1,1,1.99562,2.04264,0,1.3249,2.1168,8.95579e+06,3.94181e+06,1.78724e+07,0,0,0,0
83.3622,85.139,2.75763,0.35,0.04,3.40603,3.48627,0,0.638293,6.048,4.30939e+06,2.94905e+06,1.46779e+07,0,0,0,3.97769e+08,98.8311,98.274,2.63983,1,1,1.99561,2.04263,0,1.54182,2.1168,8.95579e+06,3.94181e+06,1.78723e+07,0,0,0,0
82.4649,85.139,2.61835,0.31,0.04,3.406,3.48625,0,0.638289,6.048,4.30939e+06,2.94905e+06,1.46778e+07,0,0,0,3.97769e+08,98.586,98.274,2.77315,1,1,1.9956,2.04261,0,1.54181,2.1168,8.95579e+06,3.94181e+06,1.78722e+07,0,0,0,0
81.3781,85.139,2.43012,0.29,0.04,3.40598,3.48622,0,0.638285,6.048,4.30939e+06,2.94905e+06,1.46777e+07,0,0,0,3.97769e+08,98.3229,98.274,2.67175,1,1,1.99559,2.0426,0,1.5418,2.1168,8.95579e+06,3.94181e+06,1.78721e+07,0,0,0,0
80.3661,85.139,2.48494,0.27,0.04,3.40596,3.4862,0,0.638281,6.048,4.30939e+06,2.94905e+06,1.46776e+07,0,0,0,3.97769e+08,98.1458,98.274,2.97116,1,1,1.99557,2.04259,0,1.54179,2.1168,8.95579e+06,3.94181e+06,1.78719e+07,0,0,0,0
79.3206,85.139,2.41478,0.24,0.04,3.37543,3.45496,0,0.638277,6.048,4.30939e+06,2.94905e+06,1.45461e+07,0,0,0,3.97769e+08,97.8882,98.274,2.93752,1,1,2.05182,2.10016,0,1.54178,2.1168,8.95579e+06,3.94181e+06,1.83757e+07,0,0,0,0
78.1761,85.139,2.28869,0.35,0.04,3.37541,3.45493,0,0.632556,6.048,4.30939e+06,2.94905e+06,1.4546e+07,0,0,0,3.97769e+08,97.6015,98.274,2.84397,1,1,2.05181,2.10014,0,1.58524,2.1168,8.95579e+06,3.94181e+06,1.83755e+07,0,0,0,0
76.8984,85.139,2.13573,0.34,0.04,3.37539,3.45491,0,0.632552,6.048,4.30939e+06,2.94905e+06,1.45459e+07,0,0,0,3.97769e+08,97.235,98.274,2.6751,1,1,2.05179,2.10013,0,1.58523,2.1168,8.95579e+06,3.94181e+06,1.83754e+07,0,0,0,0
75.4845,85.139,1.98442,0.28,0.04,3.37537,3.45489,0,0.632548,6.048,4.30939e+06,2.94905e+06,1.45458e+07,0,0,0,3.97769e+08,96.8237,98.274,2.43016,1,1,2.05178,2.10012,0,1.58522,2.1168,8.95579e+06,3.94181e+06,1.83753e+07,0,0,0,0
73.831,85.139,1.76983,0.16,0.04,3.45412,3.5355,0,0.632544,6.048,4.30939e+06,2.94905e+06,1.48852e+07,0,0,0,3.97769e+08,96.3448,98.274,2.32764,1,1,2.1019,2.15142,0,1.58521,2.1168,8.95579e+06,3.94181e+06,1.88242e+07,0,0,0,0
72.0667,85.139,1.64014,0.15,0.04,3.4541,3.53548,0,0.647303,6.048,4.30939e+06,2.94905e+06,1.48851e+07,0,0,0,3.97769e+08,95.8317,98.274,2.06852,1,1,2.10189,2.15141,0,1.62393,2.1168,8.95579e+06,3.94181e+06,1.88241e+07,0,0,0,0
70.3569,85.139,1.66898,0.21,0.04,3.45408,3.53545,0,0.647299,6.048,4.30939e+06,2.94905e+06,1.4885e+07,0,0,0,3.97769e+08,95.3722,98.274,2.34738,1,1,2.10188,2.15139,0,1.62392,2.1168,8.95579e+06,3.94181e+06,1.8824e+07,0,0,0,0
68.7384,85.139,1.7349,0.2,0.04,3.45406,3.53543,0,0.647294,6.048,4.30939e+06,2.94905e+06,1.48849e+07,0,0,0,3.97769e+08,94.9573,98.274,2.48166,1,1,2.10186,2.15138,0,1.62391,2.1168,8.95579e+06,3.94181e+06,1.88238e+07,0,0,0,0
66.0906,85.139,1.2014,0,0.04,4.10808,3.77152,0,0.64729,6.048,4.30939e+06,2.94905e+06,1.77033e+07,0,0,0,3.97769e+08,94.5508,98.274,2.02303,1,1,1.85945,2.33659,0,1.6239,2.1168,8.95579e+06,3.94181e+06,1.66528e+07,0,0,0,0
63.872,85.139,1.26416,0.21,0.04,3.68469,3.7715,0,0.769853,6.048,4.30939e+06,2.94905e+06,1.58788e+07,0,0,0,3.97769e+08,94.0422,98.274,2.39907,1,1,2.1168,2.33658,0.165996,1.43661,2.1168,8.95579e+06,3.94181e+06,1.89576e+07,0,0,0,0
61.0971,85.139,1.0277,0,0.04,4.10803,3.77148,0,0.690511,6.048,4.30939e+06,2.94905e+06,1.77031e+07,0,0,0,3.97769e+08,93.5854,98.274,1.808,1,1,1.85942,2.33656,0,1.63544,2.1168,8.95579e+06,3.94181e+06,1.66526e+07,0,0,0,0
58.5634,85.139,1.21776,0,0.04,4.10801,3.77145,0,0.769845,6.048,4.30939e+06,2.94905e+06,1.7703e+07,0,0,0,3.97769e+08,93.3389,98.274,2.95894,1,1,1.85941,2.33655,0,1.43659,2.1168,8.95579e+06,3.94181e+06,1.66525e+07,0,0,0,0
55.8752,85.139,0.987987,0,0.04,4.10798,3.77143,0,0.76984,6.048,4.30939e+06,2.94905e+06,1.77029e+07,0,0,0,3.97769e+08,93.0298,98.274,2.63255,1,1,1.85939,2.33653,0,1.43658,2.1168,8.95579e+06,3.94181e+06,1.66523e+07,0,0,0,0
53.2011,85.139,0.842757,0,0.04,3.99554,3.65634,0,0.769836,6.048,4.30939e+06,2.94905e+06,1.72183e+07,0,0,0,3.97769e+08,92.7757,98.274,2.34987,1,1,1.74955,2.2241,0,1.43657,2.1168,8.95579e+06,3.94181e+06,1.56686e+07,0,0,0,0
50.594,85.139,0.875162,0,0.04,3.99552,3.65631,0,0.748764,6.048,4.30939e+06,2.94905e+06,1.72182e+07,0,0,0,3.97769e+08,92.5208,98.274,2.27936,1,1,1.74953,2.22408,0,1.3517,2.1168,8.95579e+06,3.94181e+06,1.56684e+07,0,0,0,0
49.5263,85.139,2.54428,0,0.04,3.99549,3.65629,0,0.74876,6.048,4.30939e+06,2.94905e+06,1.72181e+07,0,0,0,3.97769e+08,92.9335,98.274,3.99089,1,1,1.74952,2.22407,0,1.35169,2.1168,8.95579e+06,3.94181e+06,1.56683e+07,0,0,0,0
47.8045,85.139,1.84718,0,0.04,3.99547,3.65627,0,0.748755,6.048,4.30939e+06,2.94905e+06,1.7218e+07,0,0,0,3.97769e+08,92.4063,98.274,3.28992,1,1,1.7495,2.22406,0,1.35168,2.1168,8.95579e+06,3.94181e+06,1.56682e+07,0,0,0,0
45.5975,85.139,1.21609,0,0.04,3.90317,3.56179,0,0.748751,6.048,4.30939e+06,2.94905e+06,1.68203e+07,0,0,0,3.97769e+08,92.3298,98.274,1.13064,1,1,1.64952,2.12171,0,1.35167,2.1168,8.95579e+06,3.94181e+06,1.47727e+07,0,0,0,0
43.4799,85.139,1.25134,0,0.04,3.90315,3.56177,0,0.731455,6.048,4.30939e+06,2.94905e+06,1.68202e+07,0,0,0,3.97769e+08,92.2293,98.274,1.96878,1,1,1.6495,2.1217,0,1.27442,2.1168,8.95579e+06,3.94181e+06,1.47726e+07,0,0,0,0
43.5763,85.139,3.52345,0,0.04,3.90313,3.56175,0,0.73145,6.048,4.30939e+06,2.94905e+06,1.68201e+07,0,0,0,3.97769e+08,92.6529,98.274,4.4573,1,1,1.64949,2.12169,0,1.27441,2.1168,8.95579e+06,3.94181e+06,1.47725e+07,0,0,0,0
42.4456,85.139,2.26452,0,0.04,3.90311,3.56173,0,0.731446,6.048,4.30939e+06,2.94905e+06,1.682e+07,0,0,0,3.97769e+08,93.1216,98.274,2.0401,1,1,1.64948,2.12167,0,1.2744,2.1168,8.95579e+06,3.94181e+06,1.47724e+07,0,0,0,0
41.5704,85.139,2.29891,0,0.04,3.64102,3.29347,0,0.731442,6.048,4.30939e+06,2.94905e+06,1.56906e+07,0,0,0,3.97769e+08,93.5453,98.274,3.02749,1,1,1.44126,1.90855,0,1.27439,2.1168,8.95579e+06,3.94181e+06,1.29076e+07,0,0,0,0
43.2139,85.139,4.92721,0,0.04,3.641,3.29345,0,0.682327,6.048,4.30939e+06,2.94905e+06,1.56905e+07,0,0,0,3.97769e+08,94.2054,98.274,4.16986,1,1,1.44125,1.90853,0,1.11352,2.1168,8.95579e+06,3.94181e+06,1.29075e+07,0,0,0,0
44.1345,85.139,4.22769,0,0.04,3.64098,3.29343,0,0.682324,6.048,4.30939e+06,2.94905e+06,1.56904e+07,0,0,0,3.97769e+08,94.7107,98.274,3.29623,1,1,1.44123,1.90852,0,1.11351,2.1168,8.95579e+06,3.94181e+06,1.29074e+07,0,0,0,0
47.1443,85.139,6.39119,0,0.04,3.64096,3.2934,0,0.68232,6.048,4.30939e+06,2.94905e+06,1.56903e+07,0,0,0,3.97769e+08,95.9121,98.274,5.62491,1,1,1.44122,1.90851,0,1.1135,2.1168,8.95579e+06,3.94181e+06,1.29073e+07,0,0,0,0
48.1074,85.139,4.37119,0,0.04,3.64094,3.29338,0,0.682316,6.048,4.30939e+06,2.94905e+06,1.56902e+07,0,0,0,3.97769e+08,96.7193,98.274,4.48718,1,1,1.44121,1.9085,0,1.11349,2.1168,8.95579e+06,3.94181e+06,1.29072e+07,0,0,0,0
46.4008,85.139,1.74966,0,0.04,3.74171,3.39652,0,0.682312,6.048,4.30939e+06,2.94905e+06,1.61245e+07,0,0,0,3.97769e+08,97.4051,98.274,3.06892,1,1,1.50148,1.97019,0,1.11348,2.1168,8.95579e+06,3.94181e+06,1.34469e+07,0,0,0,0
44.6516,85.139,1.63487,0,0.04,3.74166,3.39648,0,0.701196,6.048,4.30939e+06,2.94905e+06,1.61243e+07,0,0,0,3.97769e+08,98.3109,98.274,3.31037,1,1,1.50145,1.97016,0,1.16004,2.1168,8.95579e+06,3.94181e+06,1.34467e+07,0,0,0,0
45.9667,85.139,4.74525,0,0.04,3.74162,3.39643,0,0.701187,6.048,4.30939e+06,2.94905e+06,1.61241e+07,0,0,0,3.97769e+08,99.3022,98.274,4.82062,1,1,1.50143,1.97013,0,1.16002,2.1168,8.95579e+06,3.94181e+06,1.34465e+07,0,0,0,0
52.32,85.139,10.2261,0,0.04,3.74157,3.39638,0,0.701179,6.048,4.30939e+06,2.94905e+06,1.61239e+07,0,0,0,3.97769e+08,99.3022,98.274,9.52755,1,1,1.5014,1.97011,0,1.16,2.1168,8.95579e+06,3.94181e+06,1.34462e+07,0,0,0,0
52.0431,85.139,3.5728,0,0.04,4.06517,3.72761,0,0.70117,6.048,4.30939e+06,2.94905e+06,1.75184e+07,0,0,0,3.97769e+08,99.3022,98.274,6.29796,1,1,1.72768,2.20172,0,1.15998,2.1168,8.95579e+06,3.94181e+06,1.54728e+07,0,0,0,0
51.1235,85.139,2.88737,0,0.04,4.06512,3.72756,0,0.761813,6.048,4.30939e+06,2.94905e+06,1.75182e+07,0,0,0,3.97769e+08,99.3022,98.274,4.62824,1,1,1.72765,2.20169,0,1.33481,2.1168,8.95579e+06,3.94181e+06,1.54725e+07,0,0,0,0
52.0825,85.139,4.92663,0,0.04,4.06507,3.72751,0,0.761804,6.048,4.30939e+06,2.94905e+06,1.7518e+07,0,0,0,3.97769e+08,99.3022,98.274,6.27583,1,1,1.72762,2.20166,0,1.33478,2.1168,8.95579e+06,3.94181e+06,1.54722e+07,0,0,0,0
53.0289,85.139,5.07043,0,0.04,4.06502,3.72745,0,0.761794,6.048,4.30939e+06,2.94905e+06,1.75178e+07,0,0,0,3.97769e+08,99.3022,98.274,6.72067,1,1,1.72759,2.20163,0,1.33476,2.1168,8.95579e+06,3.94181e+06,1.5472e+07,0,0,0,0
58.3975,85.139,8.98023,0,0.04,3.25493,3.25493,0,0.761785,6.048,4.30939e+06,2.70226e+06,1.40268e+07,0,0,0,3.97769e+08,99.3022,98.274,8.85021,0,1,1.89075,1.89075,0,1.33474,2.1168,8.95579e+06,3.61194e+06,1.69332e+07,0,0,0,0
63.9942,85.139,9.32398,0,0.04,3.25489,3.25489,0,0.609974,6.048,4.30939e+06,2.70226e+06,1.40266e+07,0,0,0,3.97769e+08,99.3022,98.274,8.87939,0,1,1.89073,1.89073,0,1.4608,2.1168,8.95579e+06,3.61194e+06,1.69329e+07,0,0,0,0
68.8631,85.139,8.61815,0,0.04,3.25484,3.25484,0,0.609966,6.048,4.30939e+06,2.70226e+06,1.40264e+07,0,0,0,3.97769e+08,99.3022,98.274,8.1847,0,1,1.8907,1.8907,0,1.46078,2.1168,8.95579e+06,3.61194e+06,1.69327e+07,0,0,0,0
72.4786,85.139,7.39153,0,0.04,3.2548,3.2548,0,0.609957,6.048,4.30939e+06,2.70226e+06,1.40262e+07,0,0,0,3.97769e+08,99.3022,98.274,6.55345,0,1,1.89067,1.89067,0,1.46076,2.1168,8.95579e+06,3.61194e+06,1.69325e+07,0,0,0,0
75.9266,85.139,7.22593,0,0.04,3.25475,3.25475,0,0.609949,6.048,4.30939e+06,2.70226e+06,1.4026e+07,0,0,0,3.97769e+08,99.3022,98.274,5.99925,0,1,1.89065,1.89065,0,1.46074,2.1168,8.95579e+06,3.61194e+06,1.69322e+07,0,0,0,0
79.176,85.139,7.47818,0,0.04,3.71934,3.37363,0,0.609941,6.048,4.30939e+06,2.94905e+06,1.60281e+07,0,0,0,3.97769e+08,99.3022,98.274,7.23848,1,1,1.49804,1.96666,0,1.46072,2.1168,8.95579e+06,3.94181e+06,1.34161e+07,0,0,0,0
81.8712,85.139,6.93764,0,0.04,3.71929,3.37358,0,0.697004,6.048,4.30939e+06,2.94905e+06,1.60279e+07,0,0,0,3.97769e+08,99.3022,98.274,6.96364,1,1,1.49801,1.96663,0,1.15738,2.1168,8.95579e+06,3.94181e+06,1.34159e+07,0,0,0,0
83.7869,85.139,6.037,0,0.04,3.71925,3.37353,0,0.696995,6.048,4.30939e+06,2.94905e+06,1.60277e+07,0,0,0,3.97769e+08,99.3022,98.274,5.44747,1,1,1.49798,1.96661,0,1.15736,2.1168,8.95579e+06,3.94181e+06,1.34156e+07,0,0,0,0
84.7149,85.139,4.9689,0,0.04,3.7192,3.37349,0,0.696987,6.048,4.30939e+06,2.94905e+06,1.60275e+07,0,0,0,3.97769e+08,99.3022,98.274,4.29205,1,1,1.49796,1.96658,0,1.15734,2.1168,8.95579e+06,3.94181e+06,1.34154e+07,0,0,0,0
85.0891,85.139,4.25683,0,0.04,3.67373,3.32695,0,0.696978,6.048,4.30939e+06,2.94905e+06,1.58315e+07,0,0,0,3.97769e+08,99.3022,98.274,3.99286,1,1,1.46908,1.93702,0,1.15732,2.1168,8.95579e+06,3.94181e+06,1.31568e+07,0,0,0,0
84.9038,85.139,3.67485,0,0.04,3.67369,3.3269,0,0.688457,6.048,4.30939e+06,2.94905e+06,1.58313e+07,0,0,0,3.97769e+08,99.3022,98.274,3.60665,1,1,1.46905,1.937,0,1.13501,2.1168,8.95579e+06,3.94181e+06,1.31565e+07,0,0,0,0
84.7955,85.139,3.75399,0,0.04,3.67364,3.32686,0,0.688449,6.048,4.30939e+06,2.94905e+06,1.58312e+07,0,0,0,3.97769e+08,99.3022,98.274,3.04052,1,1,1.46903,1.93697,0,1.13499,2.1168,8.95579e+06,3.94181e+06,1.31563e+07,0,0,0,0
84.7834,85.139,3.80363,0,0.04,3.6736,3.32681,0,0.688441,6.048,4.30939e+06,2.94905e+06,1.5831e+07,0,0,0,3.97769e+08,99.3022,98.274,3.28829,1,1,1.469,1.93694,0,1.13497,2.1168,8.95579e+06,3.94181e+06,1.31561e+07,0,0,0,0
84.1103,85.139,3.22944,0,0.04,3.82773,3.48458,0,0.688432,6.048,4.30939e+06,2.94905e+06,1.64952e+07,0,0,0,3.97769e+08,99.3022,98.274,2.72559,1,1,1.57128,2.04164,0,1.13495,2.1168,8.95579e+06,3.94181e+06,1.40721e+07,0,0,0,0
83.1493,85.139,2.88989,0,0.04,3.82769,3.48453,0,0.717317,6.048,4.30939e+06,2.94905e+06,1.6495e+07,0,0,0,3.97769e+08,99.3022,98.274,2.48727,1,1,1.57126,2.04161,0,1.21397,2.1168,8.95579e+06,3.94181e+06,1.40718e+07,0,0,0,0
82.0142,85.139,2.67044,0,0.04,3.82764,3.48448,0,0.717308,6.048,4.30939e+06,2.94905e+06,1.64948e+07,0,0,0,3.97769e+08,99.3022,98.274,2.49879,1,1,1.57123,2.04158,0,1.21395,2.1168,8.95579e+06,3.94181e+06,1.40716e+07,0,0,0,0
80.8093,85.139,2.58427,0,0.04,3.82759,3.48443,0,0.7173,6.048,4.30939e+06,2.94905e+06,1.64946e+07,0,0,0,3.97769e+08,99.3022,98.274,2.47814,1,1,1.5712,2.04155,0,1.21393,2.1168,8.95579e+06,3.94181e+06,1.40714e+07,0,0,0,0
79.3924,85.139,2.36726,0,0.04,3.82755,3.48439,0,0.717291,6.048,4.30939e+06,2.94905e+06,1.64944e+07,0,0,0,3.97769e+08,99.3022,98.274,2.14487,1,1,1.57117,2.04152,0,1.21391,2.1168,8.95579e+06,3.94181e+06,1.40711e+07,0,0,0,0
77.7866,85.139,2.14683,0,0.04,3.79701,3.45313,0,0.717282,6.048,4.30939e+06,2.94905e+06,1.63628e+07,0,0,0,3.97769e+08,99.2043,98.274,2.0216,1,1,1.62737,2.09905,0,1.21389,2.1168,8.95579e+06,3.94181e+06,1.45744e+07,0,0,0,0
76.0041,85.139,1.95425,0,0.04,3.79696,3.45308,0,0.71156,6.048,4.30939e+06,2.94905e+06,1.63626e+07,0,0,0,3.97769e+08,99.0194,98.274,1.92344,1,1,1.62735,2.09902,0,1.25731,2.1168,8.95579e+06,3.94181e+06,1.45742e+07,0,0,0,0
74.078,85.139,1.7757,0,0.04,3.79692,3.45304,0,0.711551,6.048,4.30939e+06,2.94905e+06,1.63624e+07,0,0,0,3.97769e+08,98.8895,98.274,1.76913,1,1,1.62732,2.09899,0,1.25729,2.1168,8.95579e+06,3.94181e+06,1.45739e+07,0,0,0,0
72.1147,85.139,1.68825,0,0.04,3.79687,3.45299,0,0.711542,6.048,4.30939e+06,2.94905e+06,1.63622e+07,0,0,0,3.97769e+08,98.6315,98.274,1.80983,1,1,1.62729,2.09896,0,1.25727,2.1168,8.95579e+06,3.94181e+06,1.45737e+07,0,0,0,0
69.974,85.139,1.56289,0,0.04,3.87555,3.53353,0,0.711534,6.048,4.30939e+06,2.94905e+06,1.67013e+07,0,0,0,3.97769e+08,98.4734,98.274,1.86112,1,1,1.67737,2.15022,0,1.25724,2.1168,8.95579e+06,3.94181e+06,1.50222e+07,0,0,0,0
67.8036,85.139,1.49183,0,0.04,3.87551,3.53348,0,0.726279,6.048,4.30939e+06,2.94905e+06,1.67011e+07,0,0,0,3.97769e+08,98.2983,98.274,1.82527,1,1,1.67734,2.15019,0,1.29594,2.1168,8.95579e+06,3.94181e+06,1.50219e+07,0,0,0,0
65.7778,85.139,1.61347,0,0.04,3.87546,3.53343,0,0.72627,6.048,4.30939e+06,2.94905e+06,1.67009e+07,0,0,0,3.97769e+08,97.9692,98.274,1.97143,1,1,1.67731,2.15016,0,1.29591,2.1168,8.95579e+06,3.94181e+06,1.50216e+07,0,0,0,0
63.6902,85.139,1.54411,0,0.04,3.87541,3.53338,0,0.726261,6.048,4.30939e+06,2.94905e+06,1.67007e+07,0,0,0,3.97769e+08,97.5585,98.274,1.74861,1,1,1.67728,2.15013,0,1.29589,2.1168,8.95579e+06,3.94181e+06,1.50214e+07,0,0,0,0
61.1196,85.139,1.19048,0,0.04,4.10591,3.76931,0,0.726252,6.048,4.30939e+06,2.94905e+06,1.7694e+07,0,0,0,3.97769e+08,97.1215,98.274,1.50762,1,1,1.85811,2.33522,0,1.29587,2.1168,8.95579e+06,3.94181e+06,1.66408e+07,0,0,0,0
58.6512,85.139,1.26683,0,0.04,4.10586,3.76926,0,0.769447,6.048,4.30939e+06,2.94905e+06,1.76937e+07,0,0,0,3.97769e+08,96.4115,98.274,1.73643,1,1,1.85808,2.33519,0,1.43557,2.1168,8.95579e+06,3.94181e+06,1.66405e+07,0,0,0,0
55.9696,85.139,1.01777,0,0.04,4.10581,3.7692,0,0.769438,6.048,4.30939e+06,2.94905e+06,1.76935e+07,0,0,0,3.97769e+08,96.0678,98.274,1.25839,1,1,1.85805,2.33515,0,1.43555,2.1168,8.95579e+06,3.94181e+06,1.66403e+07,0,0,0,0
53.5584,85.139,1.2351,0,0.04,4.10576,3.76915,0,0.769429,6.048,4.30939e+06,2.94905e+06,1.76933e+07,0,0,0,3.97769e+08,95.3971,98.274,2.17686,1,1,1.85801,2.33512,0,1.43553,2.1168,8.95579e+06,3.94181e+06,1.664e+07,0,0,0,0
50.8476,85.139,0.898073,0,0.04,4.10571,3.7691,0,0.769419,6.048,4.30939e+06,2.94905e+06,1.76931e+07,0,0,0,3.97769e+08,94.5876,98.274,1.21772,1,1,1.85798,2.33509,0,1.4355,2.1168,8.95579e+06,3.94181e+06,1.66397e+07,0,0,0,0
48.1432,85.139,0.780831,0,0.04,3.99331,3.65405,0,0.76941,6.048,4.30939e+06,2.94905e+06,1.72087e+07,0,0,0,3.97769e+08,93.532,98.274,1.24894,1,1,1.74819,2.22271,0,1.43548,2.1168,8.95579e+06,3.94181e+06,1.56564e+07,0,0,0,0
45.3735,85.139,0.654073,0,0.04,3.99326,3.654,0,0.748346,6.048,4.30939e+06,2.94905e+06,1.72085e+07,0,0,0,3.97769e+08,92.3387,98.274,0.678543,1,1,1.74816,2.22268,0,1.35065,2.1168,8.95579e+06,3.94181e+06,1.56561e+07,0,0,0,0
42.899,85.139,0.928257,0,0.04,3.99321,3.65395,0,0.748336,6.048,4.30939e+06,2.94905e+06,1.72083e+07,0,0,0,3.97769e+08,91.5014,98.274,0.78375,1,1,1.74813,2.22265,0,1.35063,2.1168,8.95579e+06,3.94181e+06,1.56559e+07,0,0,0,0
41.7047,85.139,2.29857,0,0.04,3.99316,3.6539,0,0.748327,6.048,4.30939e+06,2.94905e+06,1.72081e+07,0,0,0,3.97769e+08,91.2595,98.274,1.45912,1,1,1.7481,2.22262,0,1.3506,2.1168,8.95579e+06,3.94181e+06,1.56556e+07,0,0,0,0
39.9171,85.139,1.57133,0,0.04,3.90089,3.55946,0,0.748318,6.048,4.30939e+06,2.94905e+06,1.68105e+07,0,0,0,3.97769e+08,90.696,98.274,1.64532,1,1,1.64816,2.12032,0,1.35058,2.1168,8.95579e+06,3.94181e+06,1.47606e+07,0,0,0,0
37.7579,85.139,1.07968,0,0.04,3.90085,3.55941,0,0.731028,6.048,4.30939e+06,2.94905e+06,1.68103e+07,0,0,0,3.97769e+08,90.442,98.274,1.186,1,1,1.64813,2.1203,0,1.27337,2.1168,8.95579e+06,3.94181e+06,1.47603e+07,0,0,0,0
36.1135,85.139,1.58455,0,0.04,3.9008,3.55936,0,0.731019,6.048,4.30939e+06,2.94905e+06,1.68101e+07,0,0,0,3.97769e+08,90.4086,98.274,1.89586,1,1,1.6481,2.12027,0,1.27335,2.1168,8.95579e+06,3.94181e+06,1.47601e+07,0,0,0,0
