0st_vol,0capacity,0net_inf,0st_rof,0lt_rof,0rest_demand,0unrest_demand,0unfulf_demand,0wastewater,0treat_capacity,0agg_price,0res_price,0gross_rev,0drought_cost,0cont_contrib,0debt_serv,0infra_npv,1st_vol,1capacity,1net_inf,1st_rof,1lt_rof,1rest_demand,1unrest_demand,1unfulf_demand,1wastewater,1treat_capacity,1agg_price,1res_price,1gross_rev,1drought_cost,1cont_contrib,1debt_serv,1infra_npv
85.139,85.139,5.0673,0.05,0,1.86497,2.46977,0,0,4.47552,4.55416e+06,2.70226e+06,8.49338e+06,0,0,0,0,80.8192,79.791,5.53206,0,0,1.72511,1.12031,0,0,2.1168,9.46447e+06,3.61194e+06,1.63272e+07,0,0,0,0
85.139,85.139,5.0254,0.05,0,1.87652,2.4705,0,0.349496,4.47552,4.55416e+06,2.70226e+06,8.54599e+06,0,0,0,0,80.8192,79.791,4.03003,0,0,1.71461,1.12064,0,1.33282,2.1168,9.46447e+06,3.61194e+06,1.62279e+07,0,0,0,0
85.139,85.139,4.64367,0.05,0,1.87758,2.47122,0,0.351661,4.47552,4.55416e+06,2.70226e+06,8.55079e+06,0,0,0,0,80.8192,79.791,4.24267,0,0,1.71461,1.12096,0,1.32471,2.1168,9.46447e+06,3.61194e+06,1.62279e+07,0,0,0,0
85.139,85.139,4.71554,0.05,0,1.87863,2.47195,0,0.351858,4.47552,4.55416e+06,2.70226e+06,8.55559e+06,0,0,0,0,80.8192,79.791,5.02072,0,0,1.71461,1.12129,0,1.32471,2.1168,9.46447e+06,3.61194e+06,1.62279e+07,0,0,0,0
85.139,85.139,6.69737,0.05,0,2.12087,2.71385,0,0.352056,4.47552,4.55416e+06,2.70226e+06,9.65877e+06,0,0,0,0,80.8192,79.791,7.19703,0,0,1.84649,1.2535,0,1.32471,2.1168,9.46447e+06,3.61194e+06,1.7476e+07,0,0,0,0
85.139,85.139,4.90961,0.05,0,2.25387,2.71465,0,0.39745,4.47552,4.55416e+06,2.70226e+06,1.02645e+07,0,0,0,0,80.8192,79.791,5.80758,0,0,1.71465,1.25387,0,1.4266,2.1168,9.46447e+06,3.61194e+06,1.62282e+07,0,0,0,0
85.139,85.139,3.70781,0.05,0,2.25504,2.71545,0,0.422375,4.47552,4.55416e+06,2.70226e+06,1.02698e+07,0,0,0,0,80.8192,79.791,4.21824,0,0,1.71465,1.25424,0,1.32474,2.1168,9.46447e+06,3.61194e+06,1.62282e+07,0,0,0,0
85.139,85.139,3.72183,0.05,0,2.2562,2.71624,0,0.422594,4.47552,4.55416e+06,2.70226e+06,1.02751e+07,0,0,0,0,80.8192,79.791,4.59653,0,0,1.71465,1.25461,0,1.32474,2.1168,9.46447e+06,3.61194e+06,1.62282e+07,0,0,0,0
85.139,85.139,3.95638,0.05,0,1.91296,2.37264,0,0.422812,4.47552,4.55416e+06,2.70226e+06,8.71195e+06,0,0,0,0,80.8192,79.791,6.3432,0,0,1.53746,1.07778,0,1.32474,2.1168,9.46447e+06,3.61194e+06,1.45512e+07,0,0,0,0
85.139,85.139,6.31004,0.05,0,1.76854,2.37334,0,0.35849,4.47552,4.55416e+06,2.70226e+06,8.05419e+06,0,0,0,0,80.8192,79.791,11.6341,0,0,1.6829,1.0781,0,1.18784,2.1168,9.46447e+06,3.61194e+06,1.59278e+07,0,0,0,0
85.139,85.139,5.86317,0.05,0,1.76923,2.37403,0,0.331424,4.47552,4.55416e+06,2.70226e+06,8.05737e+06,0,0,0,0,80.8192,79.791,8.80246,0,0,1.68322,1.07842,0,1.30021,2.1168,9.46447e+06,3.61194e+06,1.59307e+07,0,0,0,0
85.139,85.139,4.71742,0.05,0,1.76993,2.37473,0,0.331554,4.47552,4.55416e+06,2.70226e+06,8.06054e+06,0,0,0,0,80.8192,79.791,6.30039,0,0,1.68353,1.07873,0,1.30045,2.1168,9.46447e+06,3.61194e+06,1.59337e+07,0,0,0,0
85.139,85.139,3.40089,0.05,0,1.77063,2.37543,0,0.331685,4.47552,4.55416e+06,2.70226e+06,8.06371e+06,0,0,0,0,80.8192,79.791,5.52791,0,0,1.68385,1.07905,0,1.3007,2.1168,9.46447e+06,3.61194e+06,1.59367e+07,0,0,0,0
85.139,85.139,6.10162,0.05,0,1.85814,2.46294,0,0.331815,4.47552,4.55416e+06,2.70226e+06,8.46227e+06,0,0,0,0,80.8192,79.791,10.9667,0,0,1.72758,1.12278,0,1.30094,2.1168,9.46447e+06,3.61194e+06,1.63506e+07,0,0,0,0
85.139,85.139,6.69493,0.05,0,1.87216,2.46366,0,0.348216,4.47552,4.55416e+06,2.70226e+06,8.52612e+06,0,0,0,0,80.8192,79.791,11.5661,0,0,1.71461,1.12311,0,1.33473,2.1168,9.46447e+06,3.61194e+06,1.62279e+07,0,0,0,0
85.139,85.139,4.75808,0.05,0,1.87321,2.46439,0,0.350843,4.47552,4.55416e+06,2.70226e+06,8.53091e+06,0,0,0,0,80.8192,79.791,9.22671,0,0,1.71461,1.12344,0,1.32471,2.1168,9.46447e+06,3.61194e+06,1.62279e+07,0,0,0,0
85.139,85.139,4.19908,0.05,0,1.87427,2.46511,0,0.35104,4.47552,4.55416e+06,2.70226e+06,8.53571e+06,0,0,0,0,80.8192,79.791,9.09688,0,0,1.71461,1.12377,0,1.32471,2.1168,9.46447e+06,3.61194e+06,1.62279e+07,0,0,0,0
85.139,85.139,3.92329,0.05,0,1.84133,2.43185,0,0.351237,4.47552,4.55416e+06,2.70226e+06,8.38573e+06,0,0,0,0,80.8192,79.791,6.95028,0,0,1.69773,1.10721,0,1.32471,2.1168,9.46447e+06,3.61194e+06,1.60681e+07,0,0,0,0
85.139,85.139,3.60765,0.05,0,1.82776,2.43256,0,0.345066,4.47552,4.55416e+06,2.70226e+06,8.32392e+06,0,0,0,0,80.8192,79.791,5.69786,0,0,1.71234,1.10754,0,1.31167,2.1168,9.46447e+06,3.61194e+06,1.62064e+07,0,0,0,0
85.139,85.139,3.2419,0.05,0,1.82848,2.43328,0,0.342523,4.47552,4.55416e+06,2.70226e+06,8.32717e+06,0,0,0,0,80.8192,79.791,5.12476,0,0,1.71266,1.10786,0,1.32295,2.1168,9.46447e+06,3.61194e+06,1.62095e+07,0,0,0,0
85.139,85.139,3.10268,0.04,0,1.82919,2.43399,0,0.342656,4.47552,4.55416e+06,2.70226e+06,8.33042e+06,0,0,0,0,80.8192,79.791,4.91263,0,0,1.71299,1.10819,0,1.3232,2.1168,9.46447e+06,3.61194e+06,1.62125e+07,0,0,0,0
85.139,85.139,2.90183,0.04,0,1.9454,2.5502,0,0.34279,4.47552,4.55416e+06,2.70226e+06,8.85966e+06,0,0,0,0,80.8192,79.791,4.22912,0,0,1.77325,1.16845,0,1.32346,2.1168,9.46447e+06,3.61194e+06,1.67828e+07,0,0,0,0
85.139,85.139,2.6,0.03,0,2.00511,2.55095,0,0.364568,4.47552,4.55416e+06,2.70226e+06,9.13161e+06,0,0,0,0,80.8192,79.791,3.60919,0,0,1.71462,1.16879,0,1.37001,2.1168,9.46447e+06,3.61194e+06,1.6228e+07,0,0,0,0
85.139,85.139,2.44081,0.02,0,2.0062,2.55169,0,0.375758,4.47552,4.55416e+06,2.70226e+06,9.13658e+06,0,0,0,0,80.8192,79.791,3.65708,0,0,1.71462,1.16913,0,1.32472,2.1168,9.46447e+06,3.61194e+06,1.6228e+07,0,0,0,0
85.1238,85.139,2.3428,0.01,0,2.0073,2.55244,0,0.375963,4.47552,4.55416e+06,2.70226e+06,9.14155e+06,0,0,0,0,80.8192,79.791,3.55068,0,0,1.71462,1.16948,0,1.32472,2.1168,9.46447e+06,3.61194e+06,1.6228e+07,0,0,0,0
84.9086,85.139,2.13391,0.04,0,2.00839,2.55319,0,0.376167,4.47552,4.55416e+06,2.70226e+06,9.14652e+06,0,0,0,0,80.8192,79.791,3.1862,0,0,1.71462,1.16982,0,1.32472,2.1168,9.46447e+06,3.61194e+06,1.6228e+07,0,0,0,0
84.2576,85.139,1.65414,0.02,0,1.98661,2.53107,0,0.376372,4.47552,4.55416e+06,2.70226e+06,9.04732e+06,0,0,0,0,80.7777,79.791,2.25838,0,0,1.74761,1.20315,0,1.32472,2.1168,9.46447e+06,3.61194e+06,1.65402e+07,0,0,0,0
83.5621,85.139,1.57102,0.02,0,2.02068,2.53181,0,0.37229,4.47552,4.55416e+06,2.70226e+06,9.2025e+06,0,0,0,0,80.6785,79.791,2.26749,0,0,1.71463,1.2035,0,1.3502,2.1168,9.46447e+06,3.61194e+06,1.62281e+07,0,0,0,0
82.7836,85.139,1.47955,0.02,0,2.02177,2.53255,0,0.378675,4.47552,4.55416e+06,2.70226e+06,9.20748e+06,0,0,0,0,80.5373,79.791,2.16635,0,0,1.71463,1.20386,0,1.32473,2.1168,9.46447e+06,3.61194e+06,1.62281e+07,0,0,0,0
81.9979,85.139,1.4696,0.03,0,2.02287,2.53329,0,0.378881,4.47552,4.55416e+06,2.70226e+06,9.21248e+06,0,0,0,0,80.1717,79.791,2.07295,0,0,1.71463,1.20421,0,1.32473,2.1168,9.46447e+06,3.61194e+06,1.62281e+07,0,0,0,0
80.9467,85.139,1.23341,0.03,0,2.08311,2.59318,0,0.379086,4.47552,4.55416e+06,2.70226e+06,9.4868e+06,0,0,0,0,79.8149,79.791,1.72421,0,0,1.74407,1.234,0,1.32473,2.1168,9.46447e+06,3.61194e+06,1.65067e+07,0,0,0,0
79.9842,85.139,1.34593,0.03,0,2.11365,2.59394,0,0.390374,4.47552,4.55416e+06,2.70226e+06,9.62592e+06,0,0,0,0,79.6241,79.791,1.95333,0,0,1.71464,1.23436,0,1.34747,2.1168,9.46447e+06,3.61194e+06,1.62282e+07,0,0,0,0
78.9258,85.139,1.22986,0.03,0,2.11478,2.5947,0,0.396099,4.47552,4.55416e+06,2.70226e+06,9.63103e+06,0,0,0,0,79.1703,79.791,1.92741,0,0,1.71464,1.23472,0,1.32473,2.1168,9.46447e+06,3.61194e+06,1.62282e+07,0,0,0,0
77.7743,85.139,1.12876,0.04,0,2.1159,2.59546,0,0.396309,4.47552,4.55416e+06,2.70226e+06,9.63614e+06,0,0,0,0,78.8648,79.791,1.68831,0,0,1.71464,1.23508,0,1.32473,2.1168,9.46447e+06,3.61194e+06,1.62282e+07,0,0,0,0
76.5458,85.139,1.1826,0.04,0,2.29041,2.76961,0,0.396519,4.47552,4.55416e+06,2.70226e+06,1.04309e+07,0,0,0,0,78.3602,79.791,1.93591,0,0,1.82101,1.34181,0,1.32473,2.1168,9.46447e+06,3.61194e+06,1.72349e+07,0,0,0,0
75.2326,85.139,1.17975,0.04,0,2.39795,2.77042,0,0.429223,4.47552,4.55416e+06,2.70226e+06,1.09207e+07,0,0,0,0,78.0793,79.791,1.76238,0,0,1.71467,1.3422,0,1.40691,2.1168,9.46447e+06,3.61194e+06,1.62285e+07,0,0,0,0
74.0612,85.139,1.32868,0.04,0,2.39916,2.77123,0,0.449376,4.47552,4.55416e+06,2.70226e+06,1.09262e+07,0,0,0,0,77.6633,79.791,2.17634,0,0,1.71467,1.3426,0,1.32476,2.1168,9.46447e+06,3.61194e+06,1.62285e+07,0,0,0,0
72.6348,85.139,1.07038,0.04,0,2.40037,2.77205,0,0.449602,4.47552,4.55416e+06,2.70226e+06,1.09316e+07,0,0,0,0,77.3505,79.791,1.57729,0,0,1.71467,1.34299,0,1.32476,2.1168,9.46447e+06,3.61194e+06,1.62285e+07,0,0,0,0
71.4507,85.139,1.29461,0.04,0,2.40157,2.77286,0,0.449828,4.47552,4.55416e+06,2.70226e+06,1.09371e+07,0,0,0,0,77.2971,79.791,2.7294,0,0,1.71467,1.34338,0,1.32476,2.1168,9.46447e+06,3.61194e+06,1.62285e+07,0,0,0,0
71.4927,85.139,2.53255,0.05,0,2.31815,2.68905,0,0.450054,4.47552,4.55416e+06,2.70226e+06,1.05572e+07,0,0,0,0,77.361,79.791,3.36636,0,0,1.65002,1.27912,0,1.32476,2.1168,9.46447e+06,3.61194e+06,1.56166e+07,0,0,0,0
71.3176,85.139,2.24751,0.05,0,2.25468,2.68983,0,0.434421,4.47552,4.55416e+06,2.70226e+06,1.02682e+07,0,0,0,0,77.7555,79.791,5.26811,0,0,1.71465,1.2795,0,1.2748,2.1168,9.46447e+06,3.61194e+06,1.62283e+07,0,0,0,0
70.8888,85.139,1.99671,0.05,0,2.25584,2.69062,0,0.422526,4.47552,4.55416e+06,2.70226e+06,1.02735e+07,0,0,0,0,77.6235,79.791,3.18159,0,0,1.71466,1.27987,0,1.32474,2.1168,9.46447e+06,3.61194e+06,1.62283e+07,0,0,0,0
70.1739,85.139,1.70145,0.05,0,2.257,2.69141,0,0.422744,4.47552,4.55416e+06,2.70226e+06,1.02788e+07,0,0,0,0,77.4322,79.791,2.90358,0,0,1.71466,1.28025,0,1.32474,2.1168,9.46447e+06,3.61194e+06,1.62283e+07,0,0,0,0
69.6443,85.139,1.96043,0.05,0,2.18862,2.62265,0,0.422963,4.47552,4.55416e+06,2.70226e+06,9.96734e+06,0,0,0,0,77.4303,79.791,2.84368,0,0,1.65573,1.2217,0,1.32474,2.1168,9.46447e+06,3.61194e+06,1.56706e+07,0,0,0,0
68.4681,85.139,1.3198,0.05,0,2.13084,2.62342,0,0.410148,4.47552,4.55416e+06,2.70226e+06,9.70421e+06,0,0,0,0,77.4081,79.791,2.43114,0,0,1.71464,1.22206,0,1.27922,2.1168,9.46447e+06,3.61194e+06,1.62281e+07,0,0,0,0
67.1435,85.139,1.11795,0.05,0,2.13197,2.62419,0,0.39932,4.47552,4.55416e+06,2.70226e+06,9.70934e+06,0,0,0,0,77.364,79.791,2.39723,0,0,1.71464,1.22242,0,1.32473,2.1168,9.46447e+06,3.61194e+06,1.62281e+07,0,0,0,0
68.1065,85.139,3.46011,0.08,0,2.1331,2.62496,0,0.399532,4.47552,4.55416e+06,2.70226e+06,9.71448e+06,0,0,0,0,77.663,79.791,3.49071,0,0,1.71464,1.22278,0,1.32473,2.1168,9.46447e+06,3.61194e+06,1.62281e+07,0,0,0,0
69.8777,85.139,4.22917,0.08,0,1.93648,2.42798,0,0.399743,4.47552,4.55416e+06,2.70226e+06,8.81904e+06,0,0,0,0,78.5041,79.791,4.99968,0,0,1.59178,1.10028,0,1.32473,2.1168,9.46447e+06,3.61194e+06,1.50653e+07,0,0,0,0
69.4456,85.139,1.89091,0.03,0,1.82389,2.42869,0,0.362896,4.47552,4.55416e+06,2.70226e+06,8.3063e+06,0,0,0,0,78.8928,79.791,4.06284,0,0,1.7054,1.1006,0,1.22981,2.1168,9.46447e+06,3.61194e+06,1.61407e+07,0,0,0,0
68.9596,85.139,1.76529,0.04,0,1.82461,2.42941,0,0.341798,4.47552,4.55416e+06,2.70226e+06,8.30955e+06,0,0,0,0,79.1086,79.791,3.43883,0,0,1.70572,1.10092,0,1.31759,2.1168,9.46447e+06,3.61194e+06,1.61437e+07,0,0,0,0
68.3023,85.139,1.63164,0.04,0,1.82532,2.43012,0,0.341931,4.47552,4.55416e+06,2.70226e+06,8.31279e+06,0,0,0,0,79.3625,79.791,3.61193,0,0,1.70604,1.10124,0,1.31784,2.1168,9.46447e+06,3.61194e+06,1.61468e+07,0,0,0,0
68.701,85.139,2.65771,0.05,0,1.82603,2.43083,0,0.342064,4.47552,4.55416e+06,2.70226e+06,8.31603e+06,0,0,0,0,79.6326,79.791,4.02533,0,0,1.70637,1.10157,0,1.31809,2.1168,9.46447e+06,3.61194e+06,1.61499e+07,0,0,0,0
69.0357,85.139,2.5901,0.04,0,1.9029,2.5077,0,0.342198,4.47552,4.55416e+06,2.70226e+06,8.66613e+06,0,0,0,0,79.9941,79.791,3.16416,0,0,1.74231,1.13751,0,1.31834,2.1168,9.46447e+06,3.61194e+06,1.64901e+07,0,0,0,0
71.9721,85.139,5.39583,0.04,0,1.93165,2.50842,0,0.356604,4.47552,4.55416e+06,2.70226e+06,8.79703e+06,0,0,0,0,80.8192,79.791,5.8478,0,0,1.7146,1.13783,0,1.34611,2.1168,9.46447e+06,3.61194e+06,1.62278e+07,0,0,0,0
76.9536,85.139,7.64962,0.05,0,1.93268,2.50913,0,0.361991,4.47552,4.55416e+06,2.70226e+06,8.80174e+06,0,0,0,0,80.8192,79.791,11.4779,0,0,1.7146,1.13816,0,1.3247,2.1168,9.46447e+06,3.61194e+06,1.62278e+07,0,0,0,0
84.5752,85.139,10.6803,0.06,0,1.93372,2.50984,0,0.362185,4.47552,4.55416e+06,2.70226e+06,8.80646e+06,0,0,0,0,80.8192,79.791,14.2108,0,0,1.7146,1.13848,0,1.3247,2.1168,9.46447e+06,3.61194e+06,1.62278e+07,0,0,0,0
85.139,85.139,7.44544,0.04,0,2.17963,2.75543,0,0.362379,4.47552,4.55416e+06,2.70226e+06,9.92637e+06,0,0,0,0,80.8192,79.791,9.29345,0,0,1.8485,1.2727,0,1.3247,2.1168,9.46447e+06,3.61194e+06,1.74951e+07,0,0,0,0
85.139,85.139,5.4353,0.02,0,2.31463,2.75621,0,0.408462,4.47552,4.55416e+06,2.70226e+06,1.05412e+07,0,0,0,0,80.8192,79.791,8.9225,0,0,1.71464,1.27306,0,1.42815,2.1168,9.46447e+06,3.61194e+06,1.62282e+07,0,0,0,0
85.139,85.139,5.64963,0.03,0,2.31578,2.75699,0,0.433762,4.47552,4.55416e+06,2.70226e+06,1.05464e+07,0,0,0,0,80.8192,79.791,6.44865,0,0,1.71464,1.27343,0,1.32473,2.1168,9.46447e+06,3.61194e+06,1.62282e+07,0,0,0,0
85.139,85.139,9.86938,0.04,0,2.31692,2.75777,0,0.433976,4.47552,4.55416e+06,2.70226e+06,1.05516e+07,0,0,0,0,80.8192,79.791,9.21386,0,0,1.71464,1.27379,0,1.32473,2.1168,9.46447e+06,3.61194e+06,1.62282e+07,0,0,0,0
85.139,85.139,5.49439,0.04,0,1.9684,2.40889,0,0.434191,4.47552,4.55416e+06,2.70226e+06,8.96441e+06,0,0,0,0,80.8192,79.791,9.14401,0,0,1.53474,1.09425,0,1.32473,2.1168,9.46447e+06,3.61194e+06,1.45255e+07,0,0,0,0
85.139,85.139,4.5974,0.04,0,1.80478,2.40958,0,0.368878,4.47552,4.55416e+06,2.70226e+06,8.21924e+06,0,0,0,0,80.8192,79.791,7.60711,0,0,1.69936,1.09456,0,1.18574,2.1168,9.46447e+06,3.61194e+06,1.60836e+07,0,0,0,0
85.139,85.139,3.7738,0.04,0,1.80546,2.41026,0,0.338215,4.47552,4.55416e+06,2.70226e+06,8.22235e+06,0,0,0,0,80.8192,79.791,6.13507,0,0,1.69967,1.09487,0,1.31293,2.1168,9.46447e+06,3.61194e+06,1.60865e+07,0,0,0,0
85.139,85.139,4.73561,0.04,0,1.80614,2.41094,0,0.338343,4.47552,4.55416e+06,2.70226e+06,8.22547e+06,0,0,0,0,80.8192,79.791,7.88909,0,0,1.69998,1.09518,0,1.31317,2.1168,9.46447e+06,3.61194e+06,1.60894e+07,0,0,0,0
85.139,85.139,6.44376,0.04,0,1.80683,2.41163,0,0.338471,4.47552,4.55416e+06,2.70226e+06,8.22858e+06,0,0,0,0,80.8192,79.791,10.7387,0,0,1.70029,1.09549,0,1.31341,2.1168,9.46447e+06,3.61194e+06,1.60924e+07,0,0,0,0
85.139,85.139,4.34054,0.04,0,1.89565,2.50045,0,0.3386,4.47552,4.55416e+06,2.70226e+06,8.63311e+06,0,0,0,0,80.8192,79.791,5.50198,0,0,1.74468,1.13988,0,1.31365,2.1168,9.46447e+06,3.61194e+06,1.65125e+07,0,0,0,0
85.139,85.139,4.82503,0.04,0,1.92676,2.50116,0,0.355245,4.47552,4.55416e+06,2.70226e+06,8.77477e+06,0,0,0,0,80.8192,79.791,6.60323,0,0,1.7146,1.1402,0,1.34794,2.1168,9.46447e+06,3.61194e+06,1.62278e+07,0,0,0,0
85.139,85.139,5.87759,0.05,0,1.92779,2.50187,0,0.361075,4.47552,4.55416e+06,2.70226e+06,8.77948e+06,0,0,0,0,80.8192,79.791,8.2823,0,0,1.7146,1.14052,0,1.3247,2.1168,9.46447e+06,3.61194e+06,1.62278e+07,0,0,0,0
85.139,85.139,6.38961,0.05,0,1.92883,2.50258,0,0.361269,4.47552,4.55416e+06,2.70226e+06,8.78419e+06,0,0,0,0,80.8192,79.791,8.49223,0,0,1.7146,1.14085,0,1.3247,2.1168,9.46447e+06,3.61194e+06,1.62278e+07,0,0,0,0
85.139,85.139,4.30879,0.05,0,1.89536,2.46879,0,0.361462,4.47552,4.55416e+06,2.70226e+06,8.63177e+06,0,0,0,0,80.8192,79.791,5.70714,0,0,1.69747,1.12404,0,1.3247,2.1168,9.46447e+06,3.61194e+06,1.60656e+07,0,0,0,0
85.139,85.139,3.58449,0.05,0,1.87925,2.46949,0,0.35519,4.47552,4.55416e+06,2.70226e+06,8.55839e+06,0,0,0,0,80.8192,79.791,4.58279,0,0,1.7146,1.12435,0,1.31146,2.1168,9.46447e+06,3.61194e+06,1.62278e+07,0,0,0,0
85.139,85.139,3.24088,0.05,0,1.88027,2.47019,0,0.352171,4.47552,4.55416e+06,2.70226e+06,8.56304e+06,0,0,0,0,80.8192,79.791,4.15078,0,0,1.7146,1.12467,0,1.3247,2.1168,9.46447e+06,3.61194e+06,1.62278e+07,0,0,0,0
85.139,85.139,2.98205,0.04,0,1.88129,2.47089,0,0.352362,4.47552,4.55416e+06,2.70226e+06,8.56768e+06,0,0,0,0,80.8192,79.791,3.92555,0,0,1.7146,1.12499,0,1.3247,2.1168,9.46447e+06,3.61194e+06,1.62278e+07,0,0,0,0
85.139,85.139,2.89358,0.04,0,1.99955,2.58884,0,0.352553,4.47552,4.55416e+06,2.70226e+06,9.10628e+06,0,0,0,0,80.8192,79.791,4.5563,0,0,1.77544,1.18615,0,1.3247,2.1168,9.46447e+06,3.61194e+06,1.68036e+07,0,0,0,0
85.139,85.139,2.52258,0.03,0,2.06145,2.58957,0,0.374716,4.47552,4.55416e+06,2.70226e+06,9.38816e+06,0,0,0,0,80.8192,79.791,3.39658,0,0,1.71462,1.18649,0,1.3717,2.1168,9.46447e+06,3.61194e+06,1.62279e+07,0,0,0,0
84.9587,85.139,2.24711,0.03,0,2.06252,2.59031,0,0.386315,4.47552,4.55416e+06,2.70226e+06,9.39303e+06,0,0,0,0,80.8192,79.791,3.11771,0,0,1.71462,1.18682,0,1.32471,2.1168,9.46447e+06,3.61194e+06,1.62279e+07,0,0,0,0
84.7129,85.139,2.11373,0.04,0,2.06359,2.59104,0,0.386516,4.47552,4.55416e+06,2.70226e+06,9.39791e+06,0,0,0,0,80.8192,79.791,2.99549,0,0,1.71462,1.18716,0,1.32471,2.1168,9.46447e+06,3.61194e+06,1.62279e+07,0,0,0,0
84.35,85.139,1.99442,0.04,0,2.06466,2.59178,0,0.386717,4.47552,4.55416e+06,2.70226e+06,9.4028e+06,0,0,0,0,80.8192,79.791,2.82931,0,0,1.71462,1.1875,0,1.32471,2.1168,9.46447e+06,3.61194e+06,1.62279e+07,0,0,0,0
84.0916,85.139,2.09014,0.03,0,2.04251,2.56929,0,0.386917,4.47552,4.55416e+06,2.70226e+06,9.30193e+06,0,0,0,0,80.8192,79.791,2.8577,0,0,1.7481,1.22132,0,1.32471,2.1168,9.46447e+06,3.61194e+06,1.65449e+07,0,0,0,0
83.627,85.139,1.90964,0.03,0,2.07707,2.57002,0,0.382767,4.47552,4.55416e+06,2.70226e+06,9.45929e+06,0,0,0,0,80.8192,79.791,2.80432,0,0,1.71463,1.22167,0,1.35058,2.1168,9.46447e+06,3.61194e+06,1.6228e+07,0,0,0,0
82.9985,85.139,1.73126,0.03,0,2.07814,2.57075,0,0.389242,4.47552,4.55416e+06,2.70226e+06,9.46419e+06,0,0,0,0,80.8192,79.791,2.54733,0,0,1.71463,1.22201,0,1.32472,2.1168,9.46447e+06,3.61194e+06,1.6228e+07,0,0,0,0
82.3218,85.139,1.63722,0.03,0,2.07922,2.57148,0,0.389444,4.47552,4.55416e+06,2.70226e+06,9.46909e+06,0,0,0,0,80.7104,79.791,2.49376,0,0,1.71463,1.22236,0,1.32472,2.1168,9.46447e+06,3.61194e+06,1.6228e+07,0,0,0,0
81.6169,85.139,1.65124,0.03,0,2.14032,2.63224,0,0.389645,4.47552,4.55416e+06,2.70226e+06,9.74737e+06,0,0,0,0,80.7154,79.791,2.58137,0,0,1.7445,1.25259,0,1.32472,2.1168,9.46447e+06,3.61194e+06,1.65108e+07,0,0,0,0
80.8919,85.139,1.64395,0.03,0,2.17129,2.63299,0,0.401097,4.47552,4.55416e+06,2.70226e+06,9.88842e+06,0,0,0,0,80.7882,79.791,2.58974,0,0,1.71464,1.25294,0,1.3478,2.1168,9.46447e+06,3.61194e+06,1.62281e+07,0,0,0,0
80.1273,85.139,1.60071,0.03,0,2.1724,2.63373,0,0.4069,4.47552,4.55416e+06,2.70226e+06,9.89344e+06,0,0,0,0,80.8192,79.791,2.5309,0,0,1.71464,1.2533,0,1.32473,2.1168,9.46447e+06,3.61194e+06,1.62281e+07,0,0,0,0
79.2876,85.139,1.52327,0.03,0,2.1735,2.63448,0,0.407107,4.47552,4.55416e+06,2.70226e+06,9.89846e+06,0,0,0,0,80.7713,79.791,2.37776,0,0,1.71464,1.25365,0,1.32473,2.1168,9.46447e+06,3.61194e+06,1.62281e+07,0,0,0,0
78.1255,85.139,1.32835,0.04,0,2.3506,2.81122,0,0.407314,4.47552,4.55416e+06,2.70226e+06,1.0705e+07,0,0,0,0,80.6001,79.791,2.28011,0,0,1.8226,1.36197,0,1.32473,2.1168,9.46447e+06,3.61194e+06,1.725e+07,0,0,0,0
76.6263,85.139,1.07836,0.04,0,2.45971,2.81202,0,0.440502,4.47552,4.55416e+06,2.70226e+06,1.12019e+07,0,0,0,0,80.5919,79.791,2.55338,0,0,1.71467,1.36236,0,1.40814,2.1168,9.46447e+06,3.61194e+06,1.62284e+07,0,0,0,0
75.0312,85.139,0.966538,0.04,0,2.4609,2.81282,0,0.46095,4.47552,4.55416e+06,2.70226e+06,1.12073e+07,0,0,0,0,80.5053,79.791,2.36985,0,0,1.71467,1.36274,0,1.32475,2.1168,9.46447e+06,3.61194e+06,1.62284e+07,0,0,0,0
73.6224,85.139,1.14618,0.04,0,2.46208,2.81362,0,0.461172,4.47552,4.55416e+06,2.70226e+06,1.12127e+07,0,0,0,0,80.4755,79.791,2.56642,0,0,1.71467,1.36313,0,1.32475,2.1168,9.46447e+06,3.61194e+06,1.62284e+07,0,0,0,0
72.9637,85.139,1.95659,0.05,0,2.46327,2.81441,0,0.461394,4.47552,4.55416e+06,2.70226e+06,1.12181e+07,0,0,0,0,80.6837,79.791,3.07751,0,0,1.71467,1.36352,0,1.32475,2.1168,9.46447e+06,3.61194e+06,1.62284e+07,0,0,0,0
73.2741,85.139,2.94549,0.05,0,2.37855,2.72932,0,0.461616,4.47552,4.55416e+06,2.70226e+06,1.08323e+07,0,0,0,0,80.8192,79.791,6.45988,0,0,1.64904,1.29828,0,1.32475,2.1168,9.46447e+06,3.61194e+06,1.56073e+07,0,0,0,0
75.2432,85.139,4.54341,0.05,0,2.31409,2.73009,0,0.445741,4.47552,4.55416e+06,2.70226e+06,1.05387e+07,0,0,0,0,80.8192,79.791,11.3626,0,0,1.71465,1.29865,0,1.27405,2.1168,9.46447e+06,3.61194e+06,1.62282e+07,0,0,0,0
75.2072,85.139,2.58905,0.04,0,2.31523,2.73087,0,0.433661,4.47552,4.55416e+06,2.70226e+06,1.05439e+07,0,0,0,0,80.8192,79.791,7.60923,0,0,1.71465,1.29902,0,1.32474,2.1168,9.46447e+06,3.61194e+06,1.62282e+07,0,0,0,0
74.9961,85.139,2.34421,0.04,0,2.31638,2.73164,0,0.433875,4.47552,4.55416e+06,2.70226e+06,1.05492e+07,0,0,0,0,80.8192,79.791,6.4051,0,0,1.71465,1.29939,0,1.32474,2.1168,9.46447e+06,3.61194e+06,1.62282e+07,0,0,0,0
74.9156,85.139,2.55592,0.05,0,2.24693,2.66183,0,0.434089,4.47552,4.55416e+06,2.70226e+06,1.02329e+07,0,0,0,0,80.8192,79.791,5.59693,0,0,1.65485,1.23995,0,1.32474,2.1168,9.46447e+06,3.61194e+06,1.56623e+07,0,0,0,0
76.3966,85.139,4.15547,0.04,0,2.18826,2.66258,0,0.421076,4.47552,4.55416e+06,2.70226e+06,9.96567e+06,0,0,0,0,80.8192,79.791,6.44017,0,0,1.71463,1.2403,0,1.27853,2.1168,9.46447e+06,3.61194e+06,1.62281e+07,0,0,0,0
79.4044,85.139,5.81086,0.04,0,2.18936,2.66334,0,0.410079,4.47552,4.55416e+06,2.70226e+06,9.97071e+06,0,0,0,0,80.8192,79.791,10.3032,0,0,1.71463,1.24066,0,1.32472,2.1168,9.46447e+06,3.61194e+06,1.62281e+07,0,0,0,0
81.7651,85.139,5.06124,0.03,0,2.19047,2.66409,0,0.410287,4.47552,4.55416e+06,2.70226e+06,9.97575e+06,0,0,0,0,80.8192,79.791,8.05457,0,0,1.71463,1.24101,0,1.32472,2.1168,9.46447e+06,3.61194e+06,1.62281e+07,0,0,0,0
84.097,85.139,4.88556,0.02,0,1.99088,2.46416,0,0.410494,4.47552,4.55416e+06,2.70226e+06,9.0668e+06,0,0,0,0,80.8192,79.791,7.76972,0,0,1.58994,1.11667,0,1.32472,2.1168,9.46447e+06,3.61194e+06,1.5048e+07,0,0,0,0
85.139,85.139,5.48846,0.02,0,1.86724,2.46485,0,0.373091,4.47552,4.55416e+06,2.70226e+06,8.50372e+06,0,0,0,0,80.8192,79.791,8.28137,0,0,1.7146,1.11698,0,1.22839,2.1168,9.46447e+06,3.61194e+06,1.62278e+07,0,0,0,0
85.139,85.139,7.90632,0.02,0,1.86826,2.46555,0,0.349921,4.47552,4.55416e+06,2.70226e+06,8.50834e+06,0,0,0,0,80.8192,79.791,20.0434,0,0,1.7146,1.1173,0,1.3247,2.1168,9.46447e+06,3.61194e+06,1.62278e+07,0,0,0,0
85.139,85.139,8.66088,0.02,0,1.86927,2.46625,0,0.350111,4.47552,4.55416e+06,2.70226e+06,8.51297e+06,0,0,0,0,80.8192,79.791,14.0474,0,0,1.7146,1.11762,0,1.3247,2.1168,9.46447e+06,3.61194e+06,1.62278e+07,0,0,0,0
85.139,85.139,5.45407,0.02,0,1.87029,2.46695,0,0.350302,4.47552,4.55416e+06,2.70226e+06,8.51759e+06,0,0,0,0,80.8192,79.791,9.11165,0,0,1.7146,1.11793,0,1.3247,2.1168,9.46447e+06,3.61194e+06,1.62278e+07,0,0,0,0
85.139,85.139,5.39161,0.02,0,1.9486,2.54494,0,0.350492,4.47552,4.55416e+06,2.70226e+06,8.87422e+06,0,0,0,0,80.8192,79.791,9.20458,0,1,1.75075,1.1544,0,1.3247,2.1168,9.46447e+06,3.61194e+06,1.65699e+07,0,0,0,0
85.139,85.139,3.06976,0.03,0,1.98576,2.54564,0,0.365167,4.47552,4.55416e+06,2.70226e+06,9.04348e+06,0,0,0,0,80.8192,79.791,4.85745,0,1,1.7146,1.15472,0,1.35263,2.1168,9.46447e+06,3.61194e+06,1.62278e+07,0,0,0,0
85.139,85.139,7.75877,0.03,0,1.98678,2.54634,0,0.372132,4.47552,4.55416e+06,2.70226e+06,9.0481e+06,0,0,0,0,80.8192,79.791,4.88592,0,1,1.7146,1.15504,0,1.3247,2.1168,9.46447e+06,3.61194e+06,1.62278e+07,0,0,0,0
85.139,85.139,5.96492,0.04,0,1.98779,2.54703,0,0.372322,4.47552,4.55416e+06,2.70226e+06,9.05271e+06,0,0,0,0,80.8192,79.791,5.94181,0,1,1.7146,1.15535,0,1.3247,2.1168,9.46447e+06,3.61194e+06,1.62278e+07,0,0,0,0
85.139,85.139,4.84697,0.05,0,2.2373,2.79623,0,0.372512,4.47552,4.55416e+06,2.70226e+06,1.0189e+07,0,0,0,0,80.8192,79.791,5.61653,0,1,1.85048,1.29155,0,1.3247,2.1168,9.46447e+06,3.61194e+06,1.75138e+07,0,0,0,0
85.139,85.139,4.28772,0.05,0,2.37427,2.797,0,0.419271,4.47552,4.55416e+06,2.70226e+06,1.08128e+07,0,0,0,0,80.8192,79.791,4.35431,0,1,1.71463,1.29191,0,1.42968,2.1168,9.46447e+06,3.61194e+06,1.62281e+07,0,0,0,0
85.139,85.139,5.48785,0.05,0,2.37539,2.79776,0,0.444938,4.47552,4.55416e+06,2.70226e+06,1.08179e+07,0,0,0,0,80.8192,79.791,4.64184,0,1,1.71463,1.29226,0,1.32473,2.1168,9.46447e+06,3.61194e+06,1.62281e+07,0,0,0,0
85.139,85.139,4.65675,0.05,0,2.37651,2.79853,0,0.445148,4.47552,4.55416e+06,2.70226e+06,1.0823e+07,0,0,0,0,80.8192,79.791,5.18794,0,1,1.71463,1.29261,0,1.32473,2.1168,9.46447e+06,3.61194e+06,1.62281e+07,0,0,0,0
85.139,85.139,5.34264,0.05,0,2.0228,2.44447,0,0.445358,4.47552,4.55416e+06,2.70226e+06,9.21217e+06,0,0,0,0,80.8192,79.791,8.48072,0,1,1.53208,1.11041,0,1.32473,2.1168,9.46447e+06,3.61194e+06,1.45003e+07,0,0,0,0
85.139,85.139,7.47371,0.05,0,1.84127,2.44514,0,0.379073,4.47552,4.55416e+06,2.70226e+06,8.38544e+06,0,0,0,0,80.8192,79.791,14.3241,0,1,1.71458,1.11072,0,1.18368,2.1168,9.46447e+06,3.61194e+06,1.62276e+07,0,0,0,0
85.139,85.139,6.44599,0.05,0,1.84224,2.44581,0,0.345054,4.47552,4.55416e+06,2.70226e+06,8.38988e+06,0,0,0,0,80.8192,79.791,11.4004,0,1,1.71458,1.11102,0,1.32469,2.1168,9.46447e+06,3.61194e+06,1.62276e+07,0,0,0,0
85.139,85.139,6.97685,0.05,0,1.84322,2.44648,0,0.345237,4.47552,4.55416e+06,2.70226e+06,8.39432e+06,0,0,0,0,80.8192,79.791,11.8916,0,1,1.71458,1.11133,0,1.32469,2.1168,9.46447e+06,3.61194e+06,1.62276e+07,0,0,0,0
85.139,85.139,6.28516,0.05,0,1.84419,2.44715,0,0.345419,4.47552,4.55416e+06,2.70226e+06,8.39876e+06,0,0,0,0,80.8192,79.791,10.4678,0,1,1.71458,1.11163,0,1.32469,2.1168,9.46447e+06,3.61194e+06,1.62276e+07,0,0,0,0
85.139,85.139,7.60909,0.05,0,1.93461,2.53726,0,0.345602,4.47552,4.55416e+06,2.70226e+06,8.81051e+06,0,0,0,0,80.8192,79.791,15.6901,0,1,1.75931,1.15666,0,1.32469,2.1168,9.46447e+06,3.61194e+06,1.66509e+07,0,0,0,0
85.139,85.139,6.11499,0.05,0,1.98033,2.53795,0,0.362545,4.47552,4.55416e+06,2.70226e+06,9.01873e+06,0,0,0,0,80.8192,79.791,13.8185,0,1,1.7146,1.15697,0,1.35924,2.1168,9.46447e+06,3.61194e+06,1.62278e+07,0,0,0,0
85.139,85.139,5.3941,0.05,0,1.98134,2.53865,0,0.371113,4.47552,4.55416e+06,2.70226e+06,9.02334e+06,0,0,0,0,80.8192,79.791,13.4412,0,1,1.7146,1.15729,0,1.3247,2.1168,9.46447e+06,3.61194e+06,1.62278e+07,0,0,0,0
85.139,85.139,4.92907,0.05,0,1.98235,2.53934,0,0.371303,4.47552,4.55416e+06,2.70226e+06,9.02795e+06,0,0,0,0,80.8192,79.791,13.4253,0,1,1.7146,1.15761,0,1.3247,2.1168,9.46447e+06,3.61194e+06,1.62278e+07,0,0,0,0
85.139,85.139,5.15159,0.05,0,1.94836,2.50503,0,0.371493,4.47552,4.55416e+06,2.70226e+06,8.87313e+06,0,0,0,0,80.8192,79.791,10.0058,0,1,1.69721,1.14053,0,1.3247,2.1168,9.46447e+06,3.61194e+06,1.60632e+07,0,0,0,0
85.139,85.139,4.64451,0.05,0,1.93197,2.50572,0,0.365122,4.47552,4.55416e+06,2.70226e+06,8.79851e+06,0,0,0,0,80.8192,79.791,7.1067,0,1,1.71459,1.14085,0,1.31126,2.1168,9.46447e+06,3.61194e+06,1.62277e+07,0,0,0,0
85.139,85.139,4.22553,0.05,0,1.93297,2.5064,0,0.362051,4.47552,4.55416e+06,2.70226e+06,8.80306e+06,0,0,0,0,80.8192,79.791,5.94121,0,1,1.71459,1.14116,0,1.32469,2.1168,9.46447e+06,3.61194e+06,1.62277e+07,0,0,0,0
85.139,85.139,4.24173,0.05,0,1.93397,2.50709,0,0.362239,4.47552,4.55416e+06,2.70226e+06,8.8076e+06,0,0,0,0,80.8192,79.791,6.26588,0,1,1.71459,1.14147,0,1.32469,2.1168,9.46447e+06,3.61194e+06,1.62277e+07,0,0,0,0
85.139,85.139,3.83712,0.04,0,2.05393,2.62674,0,0.362426,4.47552,4.55416e+06,2.70226e+06,9.35392e+06,0,0,0,0,80.8192,79.791,5.54872,0,1,1.77632,1.20352,0,1.32469,2.1168,9.46447e+06,3.61194e+06,1.6812e+07,0,0,0,0
85.139,85.139,3.24067,0.04,0,2.11669,2.62746,0,0.384906,4.47552,4.55416e+06,2.70226e+06,9.63976e+06,0,0,0,0,80.8192,79.791,4.24596,0,1,1.71461,1.20385,0,1.37239,2.1168,9.46447e+06,3.61194e+06,1.62279e+07,0,0,0,0
85.139,85.139,3.18665,0.04,0,2.11774,2.62818,0,0.396668,4.47552,4.55416e+06,2.70226e+06,9.64453e+06,0,0,0,0,80.8192,79.791,4.3614,0,1,1.71461,1.20417,0,1.32471,2.1168,9.46447e+06,3.61194e+06,1.62279e+07,0,0,0,0
85.139,85.139,2.86935,0.02,0,2.11879,2.6289,0,0.396865,4.47552,4.55416e+06,2.70226e+06,9.64931e+06,0,0,0,0,80.8192,79.791,4.31135,0,1,1.71461,1.2045,0,1.32471,2.1168,9.46447e+06,3.61194e+06,1.62279e+07,0,0,0,0
85.139,85.139,2.73331,0.02,0,2.11984,2.62962,0,0.397061,4.47552,4.55416e+06,2.70226e+06,9.65409e+06,0,0,0,0,80.8192,79.791,4.34462,0,1,1.71461,1.20483,0,1.32471,2.1168,9.46447e+06,3.61194e+06,1.62279e+07,0,0,0,0
85.0991,85.139,2.3746,0.02,0,2.09733,2.60678,0,0.397258,4.47552,4.55416e+06,2.70226e+06,9.55159e+06,0,0,0,0,80.6259,79.791,2.34355,0,1,1.74858,1.23914,0,1.32471,2.1168,9.46447e+06,3.61194e+06,1.65494e+07,0,0,0,0
84.7945,85.139,2.13532,0.03,0,2.13235,2.60749,0,0.39304,4.47552,4.55416e+06,2.70226e+06,9.71107e+06,0,0,0,0,80.3205,79.791,2.03635,0,1,1.71462,1.23948,0,1.35096,2.1168,9.46447e+06,3.61194e+06,1.6228e+07,0,0,0,0
84.2957,85.139,1.92866,0.03,0,2.1334,2.60821,0,0.399602,4.47552,4.55416e+06,2.70226e+06,9.71586e+06,0,0,0,0,79.9818,79.791,1.81737,0,1,1.71462,1.23982,0,1.32471,2.1168,9.46447e+06,3.61194e+06,1.6228e+07,0,0,0,0
83.7443,85.139,1.83596,0.03,0,2.13446,2.60892,0,0.3998,4.47552,4.55416e+06,2.70226e+06,9.72066e+06,0,0,0,0,79.5392,79.791,1.76946,0,1,1.71462,1.24016,0,1.32471,2.1168,9.46447e+06,3.61194e+06,1.6228e+07,0,0,0,0
82.9916,85.139,1.66821,0.03,0,2.19641,2.67054,0,0.399997,4.47552,4.55416e+06,2.70226e+06,1.00028e+07,0,0,0,0,79.1254,79.791,1.71866,0,1,1.74493,1.27081,0,1.32471,2.1168,9.46447e+06,3.61194e+06,1.65149e+07,0,0,0,0
82.2033,85.139,1.65285,0.03,0,2.2278,2.67127,0,0.411608,4.47552,4.55416e+06,2.70226e+06,1.01457e+07,0,0,0,0,78.55,79.791,1.79313,0,1,1.71463,1.27116,0,1.34813,2.1168,9.46447e+06,3.61194e+06,1.62281e+07,0,0,0,0
81.2793,85.139,1.50607,0.03,0,2.22888,2.672,0,0.417489,4.47552,4.55416e+06,2.70226e+06,1.01507e+07,0,0,0,0,78.1802,79.791,1.55676,0,1,1.71463,1.2715,0,1.32472,2.1168,9.46447e+06,3.61194e+06,1.62281e+07,0,0,0,0
80.4899,85.139,1.63042,0.03,0,2.22996,2.67273,0,0.417691,4.47552,4.55416e+06,2.70226e+06,1.01556e+07,0,0,0,0,77.8426,79.791,1.94165,0,1,1.71463,1.27185,0,1.32472,2.1168,9.46447e+06,3.61194e+06,1.62281e+07,0,0,0,0
79.5479,85.139,1.61365,0.03,0,2.40958,2.85201,0,0.417894,4.47552,4.55416e+06,2.70226e+06,1.09736e+07,0,0,0,0,77.0238,79.791,1.91256,0,1,1.82416,1.38173,0,1.32472,2.1168,9.46447e+06,3.61194e+06,1.72647e+07,0,0,0,0
78.1989,85.139,1.2655,0.03,0,2.52024,2.85279,0,0.451556,4.47552,4.55416e+06,2.70226e+06,1.14776e+07,0,0,0,0,76.4976,79.791,1.26313,0,1,1.71466,1.38211,0,1.40935,2.1168,9.46447e+06,3.61194e+06,1.62283e+07,0,0,0,0
77.0015,85.139,1.42528,0.04,0,2.5214,2.85357,0,0.472294,4.47552,4.55416e+06,2.70226e+06,1.14829e+07,0,0,0,0,75.6868,79.791,1.56227,0,1,1.71466,1.38249,0,1.32474,2.1168,9.46447e+06,3.61194e+06,1.62283e+07,0,0,0,0
75.5301,85.139,1.14832,0.04,0,2.52256,2.85435,0,0.472511,4.47552,4.55416e+06,2.70226e+06,1.14882e+07,0,0,0,0,75.3079,79.791,1.131,0,1,1.71466,1.38287,0,1.32474,2.1168,9.46447e+06,3.61194e+06,1.62283e+07,0,0,0,0
74.3179,85.139,1.38871,0.04,0,2.52372,2.85514,0,0.472728,4.47552,4.55416e+06,2.70226e+06,1.14934e+07,0,0,0,0,75.0166,79.791,1.96314,0,1,1.71466,1.38325,0,1.32475,2.1168,9.46447e+06,3.61194e+06,1.62283e+07,0,0,0,0
73.0937,85.139,1.27263,0.04,0,2.43775,2.76878,0,0.472946,4.47552,4.55416e+06,2.70226e+06,1.11019e+07,0,0,0,0,74.8987,79.791,2.91881,0,1,1.64809,1.31705,0,1.32475,2.1168,9.46447e+06,3.61194e+06,1.55983e+07,0,0,0,0
71.9039,85.139,1.24178,0.08,0,2.37231,2.76954,0,0.456833,4.47552,4.55416e+06,2.70226e+06,1.08039e+07,0,0,0,0,74.5058,79.791,1.931,0,1,1.71464,1.31741,0,1.27331,2.1168,9.46447e+06,3.61194e+06,1.62282e+07,0,0,0,0
70.519,85.139,1.0341,0.08,0,2.37343,2.7703,0,0.444571,4.47552,4.55416e+06,2.70226e+06,1.0809e+07,0,0,0,0,74.0714,79.791,1.71728,0,1,1.71464,1.31777,0,1.32473,2.1168,9.46447e+06,3.61194e+06,1.62282e+07,0,0,0,0
69.8781,85.139,1.9152,0.08,0,2.37455,2.77105,0,0.44478,4.47552,4.55416e+06,2.70226e+06,1.08141e+07,0,0,0,0,73.8881,79.791,2.28248,0,1,1.71464,1.31813,0,1.32473,2.1168,9.46447e+06,3.61194e+06,1.62282e+07,0,0,0,0
72.1543,85.139,5.02273,0.08,0,2.30406,2.70021,0,0.44499,4.47552,4.55416e+06,2.70226e+06,1.04931e+07,0,0,0,0,74.4464,79.791,4.27868,0,1,1.65398,1.25783,0,1.32473,2.1168,9.46447e+06,3.61194e+06,1.5654e+07,0,0,0,0
74.3809,85.139,4.99068,0.08,0,2.2445,2.70095,0,0.431781,4.47552,4.55416e+06,2.70226e+06,1.02218e+07,0,0,0,0,75.3723,79.791,5.00357,0,1,1.71462,1.25817,0,1.27786,2.1168,9.46447e+06,3.61194e+06,1.6228e+07,0,0,0,0
77.7699,85.139,6.203,0.05,0,2.24558,2.70169,0,0.420619,4.47552,4.55416e+06,2.70226e+06,1.02267e+07,0,0,0,0,76.3307,79.791,5.96626,0,1,1.71462,1.25852,0,1.32472,2.1168,9.46447e+06,3.61194e+06,1.6228e+07,0,0,0,0
79.9145,85.139,4.94625,0.04,0,2.24667,2.70243,0,0.420822,4.47552,4.55416e+06,2.70226e+06,1.02317e+07,0,0,0,0,76.5962,79.791,3.88406,0,1,1.71462,1.25886,0,1.32472,2.1168,9.46447e+06,3.61194e+06,1.6228e+07,0,0,0,0
82.7718,85.139,5.59358,0.02,0,2.04417,2.49959,0,0.421025,4.47552,4.55416e+06,2.70226e+06,9.30948e+06,0,0,0,0,77.2661,79.791,4.74549,0,1,1.58814,1.13272,0,1.32472,2.1168,9.46447e+06,3.61194e+06,1.50309e+07,0,0,0,0
85.139,85.139,7.31974,0.02,0,1.91872,2.50027,0,0.383077,4.47552,4.55416e+06,2.70226e+06,8.73814e+06,0,0,0,0,77.4886,79.791,4.58024,0,1,1.71459,1.13303,0,1.227,2.1168,9.46447e+06,3.61194e+06,1.62277e+07,0,0,0,0
85.139,85.139,10.7238,0.02,0,1.91971,2.50095,0,0.359567,4.47552,4.55416e+06,2.70226e+06,8.74266e+06,0,0,0,0,78.961,79.791,8.31467,0,1,1.71459,1.13334,0,1.32469,2.1168,9.46447e+06,3.61194e+06,1.62277e+07,0,0,0,0
85.139,85.139,8.36784,0.02,0,1.9207,2.50164,0,0.359753,4.47552,4.55416e+06,2.70226e+06,8.74719e+06,0,0,0,0,80.595,79.791,8.33679,0,1,1.71459,1.13365,0,1.32469,2.1168,9.46447e+06,3.61194e+06,1.62277e+07,0,0,0,0
85.139,85.139,9.85193,0.03,0,1.9217,2.50232,0,0.35994,4.47552,4.55416e+06,2.70226e+06,8.75172e+06,0,0,0,0,80.8192,79.791,8.47235,0,1,1.71459,1.13396,0,1.32469,2.1168,9.46447e+06,3.61194e+06,1.62277e+07,0,0,0,0
85.139,85.139,9.20192,0.05,0,2.00109,2.58141,0,0.360126,4.47552,4.55416e+06,2.70226e+06,9.11329e+06,0,0,0,0,80.8192,79.791,5.6697,0,1,1.75126,1.17094,0,1.32469,2.1168,9.46447e+06,3.61194e+06,1.65747e+07,0,0,0,0
85.139,85.139,8.09162,0.06,0,2.03875,2.58209,0,0.375004,4.47552,4.55416e+06,2.70226e+06,9.2848e+06,0,0,0,0,80.8192,79.791,6.1999,0,1,1.71459,1.17125,0,1.35302,2.1168,9.46447e+06,3.61194e+06,1.62277e+07,0,0,0,0
85.139,85.139,9.46852,0.06,0,2.03974,2.58277,0,0.382062,4.47552,4.55416e+06,2.70226e+06,9.28932e+06,0,0,0,0,80.8192,79.791,9.55094,0,1,1.71459,1.17156,0,1.32469,2.1168,9.46447e+06,3.61194e+06,1.62277e+07,0,0,0,0
85.139,85.139,8.2839,0.06,0,2.04073,2.58345,0,0.382248,4.47552,4.55416e+06,2.70226e+06,9.29383e+06,0,0,0,0,80.8192,79.791,5.46671,0,1,1.71459,1.17187,0,1.32469,2.1168,9.46447e+06,3.61194e+06,1.62277e+07,0,0,0,0
85.139,85.139,6.81734,0.06,0,2.29378,2.83618,0,0.382434,4.47552,4.55416e+06,2.70226e+06,1.04462e+07,0,0,0,0,80.8192,79.791,4.72223,0,1,1.85241,1.31001,0,1.32469,2.1168,9.46447e+06,3.61194e+06,1.75321e+07,0,0,0,0
85.139,85.139,7.67385,0.06,0,2.43266,2.83693,0,0.429854,4.47552,4.55416e+06,2.70226e+06,1.10787e+07,0,0,0,0,80.8192,79.791,3.36805,0,1,1.71463,1.31035,0,1.43117,2.1168,9.46447e+06,3.61194e+06,1.6228e+07,0,0,0,0
85.139,85.139,7.04303,0.06,0,2.43375,2.83768,0,0.45588,4.47552,4.55416e+06,2.70226e+06,1.10837e+07,0,0,0,0,80.8192,79.791,3.74114,0,1,1.71463,1.3107,0,1.32472,2.1168,9.46447e+06,3.61194e+06,1.6228e+07,0,0,0,0
85.139,85.139,6.3656,0.06,0,2.43485,2.83843,0,0.456085,4.47552,4.55416e+06,2.70226e+06,1.10887e+07,0,0,0,0,80.8192,79.791,3.31743,0,1,1.71463,1.31104,0,1.32472,2.1168,9.46447e+06,3.61194e+06,1.6228e+07,0,0,0,0
85.139,85.139,9.93182,0.06,0,2.07606,2.4793,0,0.456291,4.47552,4.55416e+06,2.70226e+06,9.45471e+06,0,0,0,0,80.8192,79.791,10.9758,0,1,1.52947,1.12623,0,1.32472,2.1168,9.46447e+06,3.61194e+06,1.44756e+07,0,0,0,0
85.139,85.139,6.34874,0.06,0,1.8919,2.47995,0,0.389054,4.47552,4.55416e+06,2.70226e+06,8.61604e+06,0,0,0,0,80.8192,79.791,5.2065,0,1,1.71458,1.12653,0,1.18167,2.1168,9.46447e+06,3.61194e+06,1.62276e+07,0,0,0,0
85.139,85.139,4.71393,0.06,0,1.89286,2.48061,0,0.354543,4.47552,4.55416e+06,2.70226e+06,8.62037e+06,0,0,0,0,80.8192,79.791,4.89491,0,1,1.71458,1.12683,0,1.32468,2.1168,9.46447e+06,3.61194e+06,1.62276e+07,0,0,0,0
85.139,85.139,9.53369,0.06,0,1.89381,2.48126,0,0.354721,4.47552,4.55416e+06,2.70226e+06,8.62471e+06,0,0,0,0,80.8192,79.791,8.35751,0,1,1.71458,1.12713,0,1.32468,2.1168,9.46447e+06,3.61194e+06,1.62276e+07,0,0,0,0
85.139,85.139,7.42362,0.06,0,1.89476,2.48192,0,0.3549,4.47552,4.55416e+06,2.70226e+06,8.62905e+06,0,0,0,0,80.8192,79.791,7.43462,0,1,1.71458,1.12742,0,1.32468,2.1168,9.46447e+06,3.61194e+06,1.62276e+07,0,0,0,0
85.139,85.139,5.97435,0.06,0,1.98642,2.57328,0,0.355078,4.47552,4.55416e+06,2.70226e+06,9.04649e+06,0,0,0,0,80.8192,79.791,5.07199,0,1,1.75993,1.17308,0,1.32468,2.1168,9.46447e+06,3.61194e+06,1.66568e+07,0,0,0,0
85.139,85.139,4.59579,0.06,0,2.03276,2.57396,0,0.372256,4.47552,4.55416e+06,2.70226e+06,9.25749e+06,0,0,0,0,80.8192,79.791,4.01482,0,1,1.71459,1.17339,0,1.35972,2.1168,9.46447e+06,3.61194e+06,1.62277e+07,0,0,0,0
85.139,85.139,7.46261,0.06,0,2.03374,2.57464,0,0.380938,4.47552,4.55416e+06,2.70226e+06,9.262e+06,0,0,0,0,80.8192,79.791,6.59854,0,1,1.71459,1.1737,0,1.32469,2.1168,9.46447e+06,3.61194e+06,1.62277e+07,0,0,0,0
85.139,85.139,5.86299,0.06,0,2.03473,2.57532,0,0.381124,4.47552,4.55416e+06,2.70226e+06,9.2665e+06,0,0,0,0,80.8192,79.791,5.4453,0,1,1.71459,1.17401,0,1.32469,2.1168,9.46447e+06,3.61194e+06,1.62277e+07,0,0,0,0
85.139,85.139,5.17235,0.06,0,2.00022,2.54049,0,0.381309,4.47552,4.55416e+06,2.70226e+06,9.10932e+06,0,0,0,0,80.8192,79.791,4.43258,0,1,1.69696,1.15668,0,1.32469,2.1168,9.46447e+06,3.61194e+06,1.60608e+07,0,0,0,0
85.139,85.139,4.81685,0.06,0,1.98357,2.54116,0,0.374841,4.47552,4.55416e+06,2.70226e+06,9.03348e+06,0,0,0,0,80.8192,79.791,3.97057,0,1,1.71459,1.15699,0,1.31107,2.1168,9.46447e+06,3.61194e+06,1.62276e+07,0,0,0,0
85.139,85.139,4.24864,0.05,0,1.98454,2.54184,0,0.37172,4.47552,4.55416e+06,2.70226e+06,9.03792e+06,0,0,0,0,80.8192,79.791,3.13306,0,1,1.71459,1.15729,0,1.32469,2.1168,9.46447e+06,3.61194e+06,1.62276e+07,0,0,0,0
85.139,85.139,3.79025,0.05,0,1.98552,2.54251,0,0.371903,4.47552,4.55416e+06,2.70226e+06,9.04237e+06,0,0,0,0,80.8192,79.791,2.91033,0,1,1.71459,1.1576,0,1.32469,2.1168,9.46447e+06,3.61194e+06,1.62276e+07,0,0,0,0
85.139,85.139,3.60436,0.05,0,2.10714,2.66382,0,0.372086,4.47552,4.55416e+06,2.70226e+06,9.59623e+06,0,0,0,0,80.8192,79.791,2.91385,0,1,1.77719,1.22051,0,1.32469,2.1168,9.46447e+06,3.61194e+06,1.68201e+07,0,0,0,0
85.139,85.139,3.36798,0.04,0,2.17075,2.66452,0,0.394877,4.47552,4.55416e+06,2.70226e+06,9.88593e+06,0,0,0,0,80.7881,79.791,2.36569,0,1,1.7146,1.22083,0,1.37306,2.1168,9.46447e+06,3.61194e+06,1.62278e+07,0,0,0,0
85.139,85.139,3.27239,0.04,0,2.17177,2.66522,0,0.406798,4.47552,4.55416e+06,2.70226e+06,9.89059e+06,0,0,0,0,80.7675,79.791,2.49494,0,1,1.7146,1.22115,0,1.3247,2.1168,9.46447e+06,3.61194e+06,1.62278e+07,0,0,0,0
85.139,85.139,2.97758,0.04,0,2.1728,2.66593,0,0.40699,4.47552,4.55416e+06,2.70226e+06,9.89526e+06,0,0,0,0,80.7091,79.791,2.39224,0,1,1.7146,1.22147,0,1.3247,2.1168,9.46447e+06,3.61194e+06,1.62278e+07,0,0,0,0
85.139,85.139,2.83416,0.02,0,2.17382,2.66663,0,0.407182,4.47552,4.55416e+06,2.70226e+06,9.89994e+06,0,0,0,0,80.6368,79.791,2.43405,0,1,1.7146,1.22179,0,1.3247,2.1168,9.46447e+06,3.61194e+06,1.62278e+07,0,0,0,0
85.139,85.139,2.595,0.02,0,2.15096,2.64345,0,0.407374,4.47552,4.55416e+06,2.70226e+06,9.79581e+06,0,0,0,0,80.5436,79.791,2.31815,0,1,1.74906,1.25657,0,1.3247,2.1168,9.46447e+06,3.61194e+06,1.65539e+07,0,0,0,0
85.1343,85.139,2.46755,0.02,0,2.18643,2.64414,0,0.40309,4.47552,4.55416e+06,2.70226e+06,9.95736e+06,0,0,0,0,80.4607,79.791,2.29957,0,1,1.71461,1.2569,0,1.35132,2.1168,9.46447e+06,3.61194e+06,1.62279e+07,0,0,0,0
84.9074,85.139,2.20603,0.04,0,2.18746,2.64484,0,0.409737,4.47552,4.55416e+06,2.70226e+06,9.96205e+06,0,0,0,0,80.3054,79.791,2.12706,0,1,1.71461,1.25723,0,1.32471,2.1168,9.46447e+06,3.61194e+06,1.62279e+07,0,0,0,0
84.5509,85.139,2.06616,0.04,0,2.18849,2.64554,0,0.40993,4.47552,4.55416e+06,2.70226e+06,9.96674e+06,0,0,0,0,80.1253,79.791,2.15763,0,1,1.71461,1.25756,0,1.32471,2.1168,9.46447e+06,3.61194e+06,1.62279e+07,0,0,0,0
84.1637,85.139,2.07997,0.04,0,2.25128,2.70799,0,0.410123,4.47552,4.55416e+06,2.70226e+06,1.02527e+07,0,0,0,0,79.855,79.791,2.13853,0,1,1.74535,1.28863,0,1.32471,2.1168,9.46447e+06,3.61194e+06,1.65188e+07,0,0,0,0
83.798,85.139,2.11899,0.04,0,2.28306,2.70871,0,0.421889,4.47552,4.55416e+06,2.70226e+06,1.03974e+07,0,0,0,0,79.5036,79.791,1.8936,0,1,1.71462,1.28897,0,1.34846,2.1168,9.46447e+06,3.61194e+06,1.6228e+07,0,0,0,0
83.2488,85.139,1.92836,0.04,0,2.28412,2.70942,0,0.427846,4.47552,4.55416e+06,2.70226e+06,1.04022e+07,0,0,0,0,79.1398,79.791,1.79446,0,1,1.71462,1.28931,0,1.32472,2.1168,9.46447e+06,3.61194e+06,1.6228e+07,0,0,0,0
82.4383,85.139,1.64377,0.04,0,2.28517,2.71014,0,0.428043,4.47552,4.55416e+06,2.70226e+06,1.0407e+07,0,0,0,0,78.7356,79.791,1.77962,0,1,1.71462,1.28965,0,1.32472,2.1168,9.46447e+06,3.61194e+06,1.6228e+07,0,0,0,0
81.2758,85.139,1.44524,0.04,0,2.46727,2.8919,0,0.428241,4.47552,4.55416e+06,2.70226e+06,1.12364e+07,0,0,0,0,78.2777,79.791,1.70462,0,1,1.82568,1.40106,0,1.32472,2.1168,9.46447e+06,3.61194e+06,1.72791e+07,0,0,0,0
79.8109,85.139,1.21324,0.04,0,2.57944,2.89266,0,0.462367,4.47552,4.55416e+06,2.70226e+06,1.17472e+07,0,0,0,0,77.8081,79.791,1.69858,0,1,1.71465,1.40143,0,1.41052,2.1168,9.46447e+06,3.61194e+06,1.62283e+07,0,0,0,0
78.2841,85.139,1.13562,0.04,0,2.58057,2.89342,0,0.483387,4.47552,4.55416e+06,2.70226e+06,1.17523e+07,0,0,0,0,77.4316,79.791,1.60753,0,1,1.71465,1.4018,0,1.32474,2.1168,9.46447e+06,3.61194e+06,1.62283e+07,0,0,0,0
77.1738,85.139,1.54866,0.04,0,2.5817,2.89419,0,0.483599,4.47552,4.55416e+06,2.70226e+06,1.17575e+07,0,0,0,0,77.0711,79.791,1.81155,0,1,1.71465,1.40217,0,1.32474,2.1168,9.46447e+06,3.61194e+06,1.62283e+07,0,0,0,0
76.7178,85.139,2.26921,0.05,0,2.58284,2.89495,0,0.483811,4.47552,4.55416e+06,2.70226e+06,1.17627e+07,0,0,0,0,76.8635,79.791,2.12651,0,1,1.71465,1.40254,0,1.32474,2.1168,9.46447e+06,3.61194e+06,1.62283e+07,0,0,0,0
75.9051,85.139,1.7787,0.05,0,2.49562,2.80736,0,0.484024,4.47552,4.55416e+06,2.70226e+06,1.13654e+07,0,0,0,0,76.8136,79.791,3.35463,0,1,1.64715,1.33541,0,1.32474,2.1168,9.46447e+06,3.61194e+06,1.55894e+07,0,0,0,0
74.672,85.139,1.24716,0.05,0,2.42923,2.8081,0,0.467679,4.47552,4.55416e+06,2.70226e+06,1.10631e+07,0,0,0,0,76.3728,79.791,1.96813,0,1,1.71463,1.33576,0,1.27259,2.1168,9.46447e+06,3.61194e+06,1.62281e+07,0,0,0,0
73.2656,85.139,1.06285,0.05,0,2.43032,2.80884,0,0.455238,4.47552,4.55416e+06,2.70226e+06,1.10681e+07,0,0,0,0,75.9047,79.791,1.79361,0,1,1.71463,1.33611,0,1.32472,2.1168,9.46447e+06,3.61194e+06,1.62281e+07,0,0,0,0
72.8995,85.139,2.27001,0.08,0,2.43141,2.80959,0,0.455442,4.47552,4.55416e+06,2.70226e+06,1.10731e+07,0,0,0,0,75.7754,79.791,2.62259,0,1,1.71463,1.33646,0,1.32472,2.1168,9.46447e+06,3.61194e+06,1.62281e+07,0,0,0,0
73.8329,85.139,3.58709,0.09,0,2.35991,2.73773,0,0.455647,4.47552,4.55416e+06,2.70226e+06,1.07474e+07,0,0,0,0,75.7797,79.791,3.11858,0,1,1.65313,1.27531,0,1.32472,2.1168,9.46447e+06,3.61194e+06,1.5646e+07,0,0,0,0
72.7717,85.139,1.54394,0.05,0,2.29948,2.73845,0,0.442247,4.47552,4.55416e+06,2.70226e+06,1.04722e+07,0,0,0,0,75.6174,79.791,2.44661,0,1,1.71462,1.27564,0,1.2772,2.1168,9.46447e+06,3.61194e+06,1.62279e+07,0,0,0,0
73.07,85.139,2.94623,0.09,0,2.30054,2.73917,0,0.430922,4.47552,4.55416e+06,2.70226e+06,1.0477e+07,0,0,0,0,75.9154,79.791,3.61529,0,1,1.71462,1.27598,0,1.32471,2.1168,9.46447e+06,3.61194e+06,1.62279e+07,0,0,0,0
72.8447,85.139,2.40937,0.09,0,2.3016,2.73989,0,0.431121,4.47552,4.55416e+06,2.70226e+06,1.04818e+07,0,0,0,0,76.4415,79.791,5.18795,0,1,1.71462,1.27632,0,1.32471,2.1168,9.46447e+06,3.61194e+06,1.62279e+07,0,0,0,0
72.5521,85.139,2.19717,0.08,0,2.09625,2.53422,0,0.431319,4.47552,4.55416e+06,2.70226e+06,9.54668e+06,0,0,0,0,76.7249,79.791,3.7007,0,1,1.58638,1.14842,0,1.32471,2.1168,9.46447e+06,3.61194e+06,1.50143e+07,0,0,0,0
75.3319,85.139,5.22968,0.08,0,1.96902,2.53489,0,0.392838,4.47552,4.55416e+06,2.70226e+06,8.96725e+06,0,0,0,0,76.6798,79.791,3.56837,0,1,1.71458,1.14872,0,1.22564,2.1168,9.46447e+06,3.61194e+06,1.62276e+07,0,0,0,0
77.4147,85.139,4.54474,0.04,0,1.96999,2.53555,0,0.368995,4.47552,4.55416e+06,2.70226e+06,8.97167e+06,0,0,0,0,76.9144,79.791,4.98691,0,1,1.71458,1.14902,0,1.32469,2.1168,9.46447e+06,3.61194e+06,1.62276e+07,0,0,0,0
77.9853,85.139,2.96214,0.05,0,1.97097,2.53622,0,0.369177,4.47552,4.55416e+06,2.70226e+06,8.9761e+06,0,0,0,0,76.6128,79.791,2.34038,0,1,1.71458,1.14933,0,1.32469,2.1168,9.46447e+06,3.61194e+06,1.62276e+07,0,0,0,0
78.0919,85.139,2.50359,0.07,0,1.97194,2.53689,0,0.369359,4.47552,4.55416e+06,2.70226e+06,8.98052e+06,0,0,0,0,76.4529,79.791,2.18898,0,1,1.71458,1.14963,0,1.32469,2.1168,9.46447e+06,3.61194e+06,1.62276e+07,0,0,0,0
79.2966,85.139,3.74741,0.05,0,2.05239,2.61704,0,0.369541,4.47552,4.55416e+06,2.70226e+06,9.34692e+06,0,0,0,0,76.4992,79.791,2.94378,0,1,1.75176,1.18711,0,1.32469,2.1168,9.46447e+06,3.61194e+06,1.65795e+07,0,0,0,7.47005e+07
83.0961,85.139,6.49591,0.05,0,2.09053,2.61771,0,0.384618,4.47552,4.55416e+06,2.70226e+06,9.52063e+06,0,0,0,0,76.834,79.791,4.43394,0,1,1.71458,1.18741,0,1.35341,2.1168,9.46447e+06,3.61194e+06,1.62276e+07,0,0,0,7.47005e+07
85.139,85.139,5.07068,0.04,0,2.0915,2.61837,0,0.391766,4.47552,4.55416e+06,2.70226e+06,9.52503e+06,0,0,0,0,77.2953,79.791,4.24582,0,1,1.71458,1.18771,0,1.32469,2.1168,9.46447e+06,3.61194e+06,1.62276e+07,0,0,0,7.47005e+07
85.139,85.139,7.85785,0.04,0,2.09247,2.61904,0,0.391947,4.47552,4.55416e+06,2.70226e+06,9.52944e+06,0,0,0,0,78.2622,79.791,5.56705,0,1,1.71458,1.18801,0,1.32469,2.1168,9.46447e+06,3.61194e+06,1.62276e+07,0,0,0,7.47005e+07
85.139,85.139,6.2687,0.04,0,2.34896,2.87522,0,0.392129,4.47552,4.55416e+06,2.70226e+06,1.06975e+07,0,0,0,0,78.6095,79.791,3.97962,0,1,1.8543,1.32804,0,1.32469,2.1168,9.46447e+06,3.61194e+06,1.755e+07,0,0,0,7.47005e+07
85.139,85.139,9.58794,0.04,0,2.48971,2.87595,0,0.440194,4.47552,4.55416e+06,2.70226e+06,1.13385e+07,0,0,0,0,80.0409,79.791,7.25869,0,1,1.71462,1.32837,0,1.43263,2.1168,9.46447e+06,3.61194e+06,1.6228e+07,0,0,0,7.47005e+07
85.139,85.139,10.4514,0.04,0,2.49078,2.87668,0,0.466572,4.47552,4.55416e+06,2.70226e+06,1.13434e+07,0,0,0,0,80.8192,79.791,8.92894,0,1,1.71462,1.32871,0,1.32471,2.1168,9.46447e+06,3.61194e+06,1.6228e+07,0,0,0,7.47005e+07
85.139,85.139,8.04835,0.05,0,2.49185,2.87742,0,0.466772,4.47552,4.55416e+06,2.70226e+06,1.13483e+07,0,0,0,0,80.8192,79.791,6.95611,0,1,1.71462,1.32905,0,1.32471,2.1168,9.46447e+06,3.61194e+06,1.6228e+07,0,0,0,7.47005e+07
85.139,85.139,7.21381,0.05,0,2.12809,2.51332,0,0.466972,4.47552,4.55416e+06,2.70226e+06,9.69167e+06,0,0,0,0,80.8192,79.791,6.38124,0,1,1.52692,1.14169,0,1.32471,2.1168,9.46447e+06,3.61194e+06,1.44515e+07,0,0,0,7.47005e+07
85.139,85.139,8.21946,0.07,0,1.94137,2.51396,0,0.398805,4.47552,4.55416e+06,2.70226e+06,8.84132e+06,0,0,0,0,80.8192,79.791,7.8554,0,1,1.71457,1.14198,0,1.1797,2.1168,9.46447e+06,3.61194e+06,1.62275e+07,0,0,0,7.47005e+07
85.139,85.139,7.51338,0.07,0,1.9423,2.5146,0,0.363813,4.47552,4.55416e+06,2.70226e+06,8.84555e+06,0,0,0,0,80.8192,79.791,9.17017,0,1,1.71457,1.14227,0,1.32468,2.1168,9.46447e+06,3.61194e+06,1.62275e+07,0,0,0,7.47005e+07
85.139,85.139,9.05718,0.07,0,1.94323,2.51524,0,0.363987,4.47552,4.55416e+06,2.70226e+06,8.84978e+06,0,0,0,0,80.8192,79.791,10.3613,0,1,1.71457,1.14256,0,1.32468,2.1168,9.46447e+06,3.61194e+06,1.62275e+07,0,0,0,7.47005e+07
85.139,85.139,7.01132,0.07,0,1.94416,2.51588,0,0.364161,4.47552,4.55416e+06,2.70226e+06,8.85401e+06,0,0,0,0,80.8192,79.791,7.4931,0,1,1.71457,1.14285,0,1.32468,2.1168,9.46447e+06,3.61194e+06,1.62275e+07,0,0,0,7.47005e+07
85.139,85.139,7.51853,0.07,0,2.03704,2.60847,0,0.364335,4.47552,4.55416e+06,2.70226e+06,9.27699e+06,0,0,0,0,80.8192,79.791,9.93475,0,1,1.76055,1.18912,0,1.32468,2.1168,9.46447e+06,3.61194e+06,1.66626e+07,0,0,0,7.47005e+07
85.139,85.139,7.2704,0.07,0,2.08397,2.60913,0,0.381741,4.47552,4.55416e+06,2.70226e+06,9.49072e+06,0,0,0,0,80.8192,79.791,8.49585,0,1,1.71458,1.18942,0,1.3602,2.1168,9.46447e+06,3.61194e+06,1.62276e+07,0,0,0,7.47005e+07
85.139,85.139,5.69581,0.07,0,2.08493,2.60979,0,0.390535,4.47552,4.55416e+06,2.70226e+06,9.49511e+06,0,0,0,0,80.8192,79.791,7.80174,0,1,1.71458,1.18972,0,1.32469,2.1168,9.46447e+06,3.61194e+06,1.62276e+07,0,0,0,7.47005e+07
85.139,85.139,5.801,0.07,0,2.0859,2.61046,0,0.390716,4.47552,4.55416e+06,2.70226e+06,9.49951e+06,0,0,0,0,80.8192,79.791,8.64033,0,1,1.71458,1.19002,0,1.32469,2.1168,9.46447e+06,3.61194e+06,1.62276e+07,0,0,0,7.47005e+07
85.139,85.139,5.10544,0.07,0,2.05087,2.57513,0,0.390897,4.47552,4.55416e+06,2.70226e+06,9.34001e+06,0,0,0,0,80.8192,79.791,6.80999,0,1,1.69671,1.17245,0,1.32469,2.1168,9.46447e+06,3.61194e+06,1.60584e+07,0,0,0,7.47005e+07
85.139,85.139,4.01625,0.07,0,2.03396,2.57578,0,0.384334,4.47552,4.55416e+06,2.70226e+06,9.26296e+06,0,0,0,0,80.8192,79.791,4.66598,0,1,1.71458,1.17275,0,1.31088,2.1168,9.46447e+06,3.61194e+06,1.62276e+07,0,0,0,7.47005e+07
85.139,85.139,3.62987,0.07,0,2.03491,2.57644,0,0.381163,4.47552,4.55416e+06,2.70226e+06,9.2673e+06,0,0,0,0,80.8192,79.791,4.05339,0,1,1.71458,1.17305,0,1.32468,2.1168,9.46447e+06,3.61194e+06,1.62276e+07,0,0,0,7.47005e+07
85.139,85.139,4.23129,0.07,0,2.03586,2.57709,0,0.381342,4.47552,4.55416e+06,2.70226e+06,9.27163e+06,0,0,0,0,80.8192,79.791,4.0665,0,1,1.71458,1.17334,0,1.32468,2.1168,9.46447e+06,3.61194e+06,1.62276e+07,0,0,0,7.47005e+07
85.139,85.139,3.37617,0.05,0,2.15909,2.70003,0,0.38152,4.47552,4.55416e+06,2.70226e+06,9.83286e+06,0,0,0,0,80.8192,79.791,3.96182,0,1,1.77803,1.2371,0,1.32468,2.1168,9.46447e+06,3.61194e+06,1.68281e+07,0,0,0,7.47005e+07
85.139,85.139,2.94795,0.06,0,2.22353,2.70071,0,0.404614,4.47552,4.55416e+06,2.70226e+06,1.01263e+07,0,0,0,0,80.8192,79.791,3.36601,0,1,1.71459,1.23741,0,1.37371,2.1168,9.46447e+06,3.61194e+06,1.62277e+07,0,0,0,7.47005e+07
85.139,85.139,2.8789,0.05,0,2.22453,2.7014,0,0.41669,4.47552,4.55416e+06,2.70226e+06,1.01309e+07,0,0,0,0,80.8192,79.791,3.01362,0,1,1.71459,1.23772,0,1.3247,2.1168,9.46447e+06,3.61194e+06,1.62277e+07,0,0,0,7.47005e+07
85.1026,85.139,2.51593,0.05,0,2.22553,2.70209,0,0.416877,4.47552,4.55416e+06,2.70226e+06,1.01354e+07,0,0,0,0,80.7637,79.791,2.81808,0,1,1.71459,1.23804,0,1.3247,2.1168,9.46447e+06,3.61194e+06,1.62277e+07,0,0,0,7.47005e+07
84.9713,85.139,2.36235,0.06,0,2.22653,2.70277,0,0.417065,4.47552,4.55416e+06,2.70226e+06,1.014e+07,0,0,0,0,80.6501,79.791,2.69116,0,1,1.71459,1.23835,0,1.3247,2.1168,9.46447e+06,3.61194e+06,1.62277e+07,0,0,0,7.47005e+07
84.9139,85.139,2.42744,0.06,0,2.20332,2.67925,0,0.417252,4.47552,4.55416e+06,2.70226e+06,1.00343e+07,0,0,0,0,80.4884,79.791,2.46205,0,1,1.74951,1.27359,0,1.3247,2.1168,9.46447e+06,3.61194e+06,1.65582e+07,0,0,0,7.47005e+07
84.897,85.139,2.50557,0.05,0,2.23923,2.67993,0,0.412902,4.47552,4.55416e+06,2.70226e+06,1.01978e+07,0,0,0,0,80.3409,79.791,2.30966,0,1,1.7146,1.27391,0,1.35167,2.1168,9.46447e+06,3.61194e+06,1.62278e+07,0,0,0,7.47005e+07
84.7018,85.139,2.32709,0.04,0,2.24024,2.68061,0,0.419632,4.47552,4.55416e+06,2.70226e+06,1.02024e+07,0,0,0,0,80.1724,79.791,2.26556,0,1,1.7146,1.27423,0,1.3247,2.1168,9.46447e+06,3.61194e+06,1.62278e+07,0,0,0,7.47005e+07
84.3064,85.139,2.12229,0.04,0,2.24124,2.68129,0,0.419821,4.47552,4.55416e+06,2.70226e+06,1.0207e+07,0,0,0,0,79.8671,79.791,2.07737,0,1,1.7146,1.27456,0,1.3247,2.1168,9.46447e+06,3.61194e+06,1.62278e+07,0,0,0,7.47005e+07
83.6653,85.139,1.89857,0.04,0,2.30484,2.74456,0,0.420009,4.47552,4.55416e+06,2.70226e+06,1.04966e+07,0,0,0,0,79.4378,79.791,1.89677,0,1,1.74576,1.30603,0,1.3247,2.1168,9.46447e+06,3.61194e+06,1.65227e+07,0,0,0,7.47005e+07
82.9416,85.139,1.83049,0.04,0,2.33701,2.74526,0,0.431927,4.47552,4.55416e+06,2.70226e+06,1.06431e+07,0,0,0,0,79.1588,79.791,1.83641,0,1,1.71461,1.30637,0,1.34877,2.1168,9.46447e+06,3.61194e+06,1.62279e+07,0,0,0,7.47005e+07
82.1038,85.139,1.69315,0.04,0,2.33804,2.74595,0,0.437956,4.47552,4.55416e+06,2.70226e+06,1.06478e+07,0,0,0,0,78.628,79.791,1.85366,0,1,1.71461,1.3067,0,1.32471,2.1168,9.46447e+06,3.61194e+06,1.62279e+07,0,0,0,7.47005e+07
81.1501,85.139,1.5693,0.04,0,2.33907,2.74665,0,0.438149,4.47552,4.55416e+06,2.70226e+06,1.06525e+07,0,0,0,0,78.2429,79.791,1.65109,0,1,1.71461,1.30703,0,1.32471,2.1168,9.46447e+06,3.61194e+06,1.62279e+07,0,0,0,7.47005e+07
80.0833,85.139,1.59646,0.04,0,2.52358,2.93083,0,0.438342,4.47552,4.55416e+06,2.70226e+06,1.14928e+07,0,0,0,0,77.4796,79.791,1.87503,0,1,1.82717,1.41992,0,1.32471,2.1168,9.46447e+06,3.61194e+06,1.72932e+07,0,0,0,7.47005e+07
78.5604,85.139,1.2005,0.04,0,2.63722,2.93158,0,0.472919,4.47552,4.55416e+06,2.70226e+06,1.20103e+07,0,0,0,0,76.8443,79.791,1.43594,0,1,1.71464,1.42028,0,1.41167,2.1168,9.46447e+06,3.61194e+06,1.62282e+07,0,0,0,7.47005e+07
76.9704,85.139,1.12759,0.05,0,2.63832,2.93232,0,0.494214,4.47552,4.55416e+06,2.70226e+06,1.20153e+07,0,0,0,0,75.9812,79.791,1.47177,0,1,1.71464,1.42064,0,1.32473,2.1168,9.46447e+06,3.61194e+06,1.62282e+07,0,0,0,7.47005e+07
75.1718,85.139,0.917561,0.06,0,2.63943,2.93307,0,0.494421,4.47552,4.55416e+06,2.70226e+06,1.20204e+07,0,0,0,0,75.5404,79.791,1.11087,0,1,1.71464,1.421,0,1.32473,2.1168,9.46447e+06,3.61194e+06,1.62282e+07,0,0,0,7.47005e+07
73.5633,85.139,1.08619,0.06,0,2.64053,2.93381,0,0.494629,4.47552,4.55416e+06,2.70226e+06,1.20254e+07,0,0,0,0,74.8101,79.791,1.80689,0,1,1.71464,1.42136,0,1.32473,2.1168,9.46447e+06,3.61194e+06,1.62282e+07,0,0,0,7.47005e+07
71.9148,85.139,0.992739,0.08,0,2.5521,2.84502,0,0.494836,4.47552,4.55416e+06,2.70226e+06,1.16227e+07,0,0,0,0,74.1163,79.791,1.27478,0,1,1.64624,1.35332,0,1.32473,2.1168,9.46447e+06,3.61194e+06,1.55808e+07,0,0,0,7.47005e+07
70.6053,85.139,1.29349,0.08,0,2.48478,2.84574,0,0.478264,4.47552,4.55416e+06,2.70226e+06,1.13161e+07,0,0,0,0,73.865,79.791,1.30514,0,1,1.71462,1.35366,0,1.27188,2.1168,9.46447e+06,3.61194e+06,1.6228e+07,0,0,0,7.47005e+07
69.0908,85.139,1.07706,0.09,0,2.48584,2.84646,0,0.465648,4.47552,4.55416e+06,2.70226e+06,1.13209e+07,0,0,0,0,73.1417,79.791,2.0502,0,1,1.71462,1.354,0,1.32472,2.1168,9.46447e+06,3.61194e+06,1.6228e+07,0,0,0,7.47005e+07
67.4185,85.139,0.904982,0.09,0,2.48691,2.84719,0,0.465847,4.47552,4.55416e+06,2.70226e+06,1.13258e+07,0,0,0,0,72.3915,79.791,1.09726,0,1,1.71462,1.35435,0,1.32472,2.1168,9.46447e+06,3.61194e+06,1.6228e+07,0,0,0,7.47005e+07
66.1273,85.139,1.27877,0.11,0,2.41441,2.77434,0,0.466047,4.47552,4.55416e+06,2.70226e+06,1.09956e+07,0,0,0,0,71.5874,79.791,1.26459,0,1,1.65229,1.29236,0,1.32472,2.1168,9.46447e+06,3.61194e+06,1.56381e+07,0,0,0,7.47005e+07
64.5105,85.139,0.882318,0.11,0,2.35313,2.77504,0,0.45246,4.47552,4.55416e+06,2.70226e+06,1.07165e+07,0,0,0,0,70.4823,79.791,0.999004,0,1,1.71461,1.29269,0,1.27656,2.1168,9.46447e+06,3.61194e+06,1.62279e+07,0,0,0,7.47005e+07
62.7355,85.139,0.733257,0.11,0,2.35416,2.77575,0,0.440976,4.47552,4.55416e+06,2.70226e+06,1.07212e+07,0,0,0,0,70.2215,79.791,0.730327,0,1,1.71461,1.29302,0,1.32471,2.1168,9.46447e+06,3.61194e+06,1.62279e+07,0,0,0,7.47005e+07
61.3274,85.139,1.10591,0.12,0,2.35519,2.77645,0,0.44117,4.47552,4.55416e+06,2.70226e+06,1.07259e+07,0,0,0,0,70.0388,79.791,1.95418,0,1,1.71461,1.29335,0,1.32471,2.1168,9.46447e+06,3.61194e+06,1.62279e+07,0,0,0,7.47005e+07
61.5812,85.139,2.68977,0.12,0,2.14707,2.56801,0,0.441363,4.47552,4.55416e+06,2.70226e+06,9.77812e+06,0,0,0,0,70.5274,79.791,3.39867,0,1,1.58466,1.16373,0,1.32471,2.1168,9.46447e+06,3.61194e+06,1.4998e+07,0,0,0,7.47005e+07
61.7404,85.139,2.51085,0.13,0,2.01811,2.56866,0,0.402362,4.47552,4.55416e+06,2.70226e+06,9.19079e+06,0,0,0,0,70.3076,79.791,1.92546,0,1,1.71458,1.16403,0,1.22431,2.1168,9.46447e+06,3.61194e+06,1.62276e+07,0,0,0,7.47005e+07
62.3713,85.139,3.03687,0.13,0,2.01906,2.56931,0,0.378194,4.47552,4.55416e+06,2.70226e+06,9.1951e+06,0,0,0,0,70.1814,79.791,3.44673,0,1,1.71458,1.16432,0,1.32468,2.1168,9.46447e+06,3.61194e+06,1.62276e+07,0,0,0,7.47005e+07
61.9307,85.139,1.8907,0.14,0,2.02,2.56996,0,0.378371,4.47552,4.55416e+06,2.70226e+06,9.19942e+06,0,0,0,0,69.4102,79.791,1.81005,0,1,1.71458,1.16462,0,1.32468,2.1168,9.46447e+06,3.61194e+06,1.62276e+07,0,0,0,7.47005e+07
61.3606,85.139,1.74899,0.15,0,2.02095,2.57061,0,0.378549,4.47552,4.55416e+06,2.70226e+06,9.20373e+06,0,0,0,0,69.1894,79.791,1.47983,0,1,1.71458,1.16491,0,1.32468,2.1168,9.46447e+06,3.61194e+06,1.62276e+07,0,0,0,7.47005e+07
61.282,85.139,2.31897,0.15,0,2.10244,2.6518,0,0.378726,4.47552,4.55416e+06,2.70226e+06,9.57483e+06,0,0,0,0,69.4558,79.791,2.88438,0,1,1.75225,1.20288,0,1.32468,2.1168,9.46447e+06,3.61194e+06,1.65841e+07,0,0,0,7.47005e+07
64.1422,85.139,5.4579,0.15,0.02,2.14105,2.65245,0,0.393996,4.47552,4.55416e+06,2.70226e+06,9.75068e+06,0,0,0,0,70.8714,79.791,6.18603,0,1,1.71457,1.20317,0,1.35378,2.1168,9.46447e+06,3.61194e+06,1.62275e+07,0,0,0,7.47005e+07
66.08,85.139,4.49614,0.13,0.02,2.14199,2.6531,0,0.401233,4.47552,4.55416e+06,2.70226e+06,9.75497e+06,0,0,0,0,72.0506,79.791,5.49998,0,1,1.71457,1.20347,0,1.32468,2.1168,9.46447e+06,3.61194e+06,1.62275e+07,0,0,0,7.47005e+07
67.1518,85.139,3.59044,0.13,0.02,2.14293,2.65375,0,0.401409,4.47552,4.55416e+06,2.70226e+06,9.75927e+06,0,0,0,0,72.7732,79.791,4.07632,0,1,1.71457,1.20376,0,1.32468,2.1168,9.46447e+06,3.61194e+06,1.62275e+07,0,0,0,7.47005e+07
67.7288,85.139,3.30596,0.13,0.02,2.40278,2.9133,0,0.401586,4.47552,4.55416e+06,2.70226e+06,1.09426e+07,0,0,0,0,73.2712,79.791,3.50611,0,1,1.85615,1.34562,0,1.32468,2.1168,9.46447e+06,3.61194e+06,1.75674e+07,0,0,0,7.47005e+07
67.4342,85.139,2.53006,0.14,0.02,2.54536,2.91401,0,0.450281,4.47552,4.55416e+06,2.70226e+06,1.1592e+07,0,0,0,0,73.7511,79.791,3.06674,0,1,1.71461,1.34595,0,1.43406,2.1168,9.46447e+06,3.61194e+06,1.62279e+07,0,0,0,7.47005e+07
67.4657,85.139,2.8789,0.13,0.02,2.5464,2.91473,0,0.477,4.47552,4.55416e+06,2.70226e+06,1.15967e+07,0,0,0,0,74.5389,79.791,4.37575,0,1,1.71461,1.34628,0,1.32471,2.1168,9.46447e+06,3.61194e+06,1.62279e+07,0,0,0,7.47005e+07
68.2165,85.139,3.649,0.14,0.02,2.54744,2.91544,0,0.477195,4.47552,4.55416e+06,2.70226e+06,1.16015e+07,0,0,0,0,75.3649,79.791,4.15155,0,1,1.71461,1.34661,0,1.32471,2.1168,9.46447e+06,3.61194e+06,1.62279e+07,0,0,0,7.47005e+07
68.8617,85.139,3.19976,0.11,0.02,2.17884,2.54651,0,0.47739,4.47552,4.55416e+06,2.70226e+06,9.92279e+06,0,0,0,0,76.1833,79.791,3.76904,0,1,1.52443,1.15676,0,1.32471,2.1168,9.46447e+06,3.61194e+06,1.4428e+07,0,0,0,7.47005e+07
69.1344,85.139,2.65234,0.11,0.02,1.98962,2.54713,0,0.408315,4.47552,4.55416e+06,2.70226e+06,9.06103e+06,0,0,0,0,76.4252,79.791,2.78388,0,1,1.71456,1.15705,0,1.17778,2.1168,9.46447e+06,3.61194e+06,1.62274e+07,0,0,0,7.47005e+07
69.494,85.139,2.76295,0.11,0.02,1.99052,2.54775,0,0.372854,4.47552,4.55416e+06,2.70226e+06,9.06516e+06,0,0,0,0,76.9051,79.791,2.75866,0,1,1.71456,1.15733,0,1.32467,2.1168,9.46447e+06,3.61194e+06,1.62274e+07,0,0,0,7.47005e+07
69.8785,85.139,2.78501,0.15,0.02,1.99143,2.54838,0,0.373024,4.47552,4.55416e+06,2.70226e+06,9.06928e+06,0,0,0,0,77.5254,79.791,3.26435,0,1,1.71456,1.15761,0,1.32467,2.1168,9.46447e+06,3.61194e+06,1.62274e+07,0,0,0,7.47005e+07
71.8523,85.139,4.38701,0.17,0.02,1.99233,2.549,0,0.373193,4.47552,4.55416e+06,2.70226e+06,9.0734e+06,0,0,0,0,78.8287,79.791,4.72243,0,1,1.71456,1.1579,0,1.32467,2.1168,9.46447e+06,3.61194e+06,1.62274e+07,0,0,0,7.47005e+07
73.2015,85.139,3.93283,0.19,0.02,2.0864,2.64278,0,0.373363,4.47552,4.55416e+06,2.70226e+06,9.50178e+06,0,0,0,0,79.809,79.791,4.43861,0,1,1.76114,1.20476,0,1.32467,2.1168,9.46447e+06,3.61194e+06,1.66683e+07,0,0,0,7.47005e+07
73.6271,85.139,3.01979,0.2,0.02,2.13391,2.64343,0,0.390991,4.47552,4.55416e+06,2.70226e+06,9.71815e+06,0,0,0,0,80.3352,79.791,3.32299,0,1,1.71457,1.20505,0,1.36066,2.1168,9.46447e+06,3.61194e+06,1.62275e+07,0,0,0,7.47005e+07
73.6442,85.139,2.59577,0.23,0.02,2.13485,2.64407,0,0.399894,4.47552,4.55416e+06,2.70226e+06,9.72243e+06,0,0,0,0,80.6779,79.791,2.97303,0,1,1.71457,1.20535,0,1.32468,2.1168,9.46447e+06,3.61194e+06,1.62275e+07,0,0,0,7.47005e+07
73.8829,85.139,2.77162,0.24,0.02,2.13579,2.64472,0,0.40007,4.47552,4.55416e+06,2.70226e+06,9.72671e+06,0,0,0,0,80.7137,79.791,2.87299,0,1,1.71457,1.20564,0,1.32468,2.1168,9.46447e+06,3.61194e+06,1.62275e+07,0,0,0,7.47005e+07
73.6892,85.139,2.28117,0.15,0.02,2.10027,2.6089,0,0.400246,4.47552,4.55416e+06,2.70226e+06,9.56495e+06,0,0,0,0,80.8192,79.791,2.60067,0,1,1.69647,1.18783,0,1.32468,2.1168,9.46447e+06,3.61194e+06,1.60561e+07,0,0,0,7.47005e+07
73.9843,85.139,2.77701,0.25,0.02,2.08309,2.60954,0,0.39359,4.47552,4.55416e+06,2.70226e+06,9.48673e+06,0,0,0,0,80.7098,79.791,3.04244,0,1,1.71457,1.18812,0,1.31069,2.1168,9.46447e+06,3.61194e+06,1.62275e+07,0,0,0,7.47005e+07
73.7913,85.139,2.25421,0.13,0.02,2.08402,2.61018,0,0.390371,4.47552,4.55416e+06,2.70226e+06,9.49095e+06,0,0,0,0,80.6459,79.791,2.54148,0,1,1.71457,1.18841,0,1.32468,2.1168,9.46447e+06,3.61194e+06,1.62275e+07,0,0,0,7.47005e+07
73.3793,85.139,1.95155,0.12,0.02,2.08495,2.61082,0,0.390545,4.47552,4.55416e+06,2.70226e+06,9.49518e+06,0,0,0,0,80.4796,79.791,2.23945,0,1,1.71457,1.1887,0,1.32468,2.1168,9.46447e+06,3.61194e+06,1.62275e+07,0,0,0,7.47005e+07
72.6806,85.139,1.74714,0.24,0.02,2.20975,2.73533,0,0.390719,4.47552,4.55416e+06,2.70226e+06,1.00636e+07,0,0,0,0,80.3683,79.791,2.0533,0,1,1.77885,1.25327,0,1.32468,2.1168,9.46447e+06,3.61194e+06,1.68359e+07,0,0,0,7.47005e+07
71.8919,85.139,1.72145,0.21,0.02,2.27499,2.736,0,0.414108,4.47552,4.55416e+06,2.70226e+06,1.03607e+07,0,0,0,0,80.3137,79.791,2.15031,0,1,1.71459,1.25358,0,1.37434,2.1168,9.46447e+06,3.61194e+06,1.62277e+07,0,0,0,7.47005e+07
71.0288,85.139,1.60149,0.17,0.02,2.27597,2.73667,0,0.426334,4.47552,4.55416e+06,2.70226e+06,1.03651e+07,0,0,0,0,80.282,79.791,2.21371,0,1,1.71459,1.25388,0,1.32469,2.1168,9.46447e+06,3.61194e+06,1.62277e+07,0,0,0,7.47005e+07
70.1527,85.139,1.58059,0.16,0.02,2.27694,2.73734,0,0.426517,4.47552,4.55416e+06,2.70226e+06,1.03696e+07,0,0,0,0,80.2646,79.791,2.25538,0,1,1.71459,1.25419,0,1.32469,2.1168,9.46447e+06,3.61194e+06,1.62277e+07,0,0,0,7.47005e+07
69.1878,85.139,1.48057,0.15,0.02,2.27792,2.73801,0,0.426699,4.47552,4.55416e+06,2.70226e+06,1.0374e+07,0,0,0,0,80.2339,79.791,2.14957,0,1,1.71459,1.2545,0,1.32469,2.1168,9.46447e+06,3.61194e+06,1.62277e+07,0,0,0,7.47005e+07
68.2564,85.139,1.47612,0.12,0.02,2.25437,2.71415,0,0.426882,4.47552,4.55416e+06,2.70226e+06,1.02667e+07,0,0,0,0,80.1633,79.791,2.21251,0,1,1.74996,1.29018,0,1.32469,2.1168,9.46447e+06,3.61194e+06,1.65625e+07,0,0,0,7.47005e+07
67.383,85.139,1.54803,0.1,0.02,2.29071,2.71481,0,0.422468,4.47552,4.55416e+06,2.70226e+06,1.04323e+07,0,0,0,0,80.1245,79.791,2.41173,0,1,1.7146,1.29049,0,1.35202,2.1168,9.46447e+06,3.61194e+06,1.62277e+07,0,0,0,7.47005e+07
66.4054,85.139,1.4376,0.15,0.02,2.29169,2.71547,0,0.429279,4.47552,4.55416e+06,2.70226e+06,1.04367e+07,0,0,0,0,80.0613,79.791,2.36297,0,1,1.7146,1.29081,0,1.3247,2.1168,9.46447e+06,3.61194e+06,1.62277e+07,0,0,0,7.47005e+07
65.3107,85.139,1.31094,0.14,0.02,2.29267,2.71614,0,0.429462,4.47552,4.55416e+06,2.70226e+06,1.04412e+07,0,0,0,0,79.9588,79.791,2.1669,0,1,1.7146,1.29112,0,1.3247,2.1168,9.46447e+06,3.61194e+06,1.62277e+07,0,0,0,7.47005e+07
64.0778,85.139,1.1973,0.12,0.02,2.35705,2.78021,0,0.429645,4.47552,4.55416e+06,2.70226e+06,1.07344e+07,0,0,0,0,79.7782,79.791,2.07466,0,1,1.74615,1.323,0,1.3247,2.1168,9.46447e+06,3.61194e+06,1.65264e+07,0,0,0,7.47005e+07
63.1927,85.139,1.56122,0.12,0.02,2.3896,2.78088,0,0.441711,4.47552,4.55416e+06,2.70226e+06,1.08826e+07,0,0,0,0,79.736,79.791,2.62294,0,1,1.7146,1.32332,0,1.34908,2.1168,9.46447e+06,3.61194e+06,1.62278e+07,0,0,0,7.47005e+07
62.1454,85.139,1.38732,0.11,0.02,2.3906,2.78156,0,0.447811,4.47552,4.55416e+06,2.70226e+06,1.08872e+07,0,0,0,0,79.6457,79.791,2.48797,0,1,1.7146,1.32364,0,1.3247,2.1168,9.46447e+06,3.61194e+06,1.62278e+07,0,0,0,7.47005e+07
60.995,85.139,1.27057,0.15,0.02,2.3916,2.78224,0,0.447999,4.47552,4.55416e+06,2.70226e+06,1.08918e+07,0,0,0,0,79.5307,79.791,2.32959,0,1,1.7146,1.32397,0,1.3247,2.1168,9.46447e+06,3.61194e+06,1.62278e+07,0,0,0,7.47005e+07
59.552,85.139,1.09814,0.15,0.02,2.57847,2.96878,0,0.448187,4.47552,4.55416e+06,2.70226e+06,1.17427e+07,0,0,0,0,79.3198,79.791,2.31131,0,1,1.82862,1.4383,0,1.3247,2.1168,9.46447e+06,3.61194e+06,1.73069e+07,0,0,0,7.47005e+07
58.1095,85.139,1.19124,0.15,0.02,2.69353,2.96951,0,0.483205,4.47552,4.55416e+06,2.70226e+06,1.22668e+07,0,0,0,0,79.1224,79.791,2.05015,0,1,1.71463,1.43866,0,1.41279,2.1168,9.46447e+06,3.61194e+06,1.62281e+07,0,0,0,7.47005e+07
57.023,85.139,1.56482,0.15,0.02,2.69461,2.97023,0,0.504768,4.47552,4.55416e+06,2.70226e+06,1.22717e+07,0,0,0,0,78.8988,79.791,2.4029,0,1,1.71463,1.43901,0,1.32472,2.1168,9.46447e+06,3.61194e+06,1.62281e+07,0,0,0,7.47005e+07
55.6407,85.139,1.26063,0.14,0.02,2.69568,2.97096,0,0.504969,4.47552,4.55416e+06,2.70226e+06,1.22766e+07,0,0,0,0,78.6439,79.791,1.74145,0,1,1.71463,1.43936,0,1.32472,2.1168,9.46447e+06,3.61194e+06,1.62281e+07,0,0,0,7.47005e+07
54.5499,85.139,1.52469,0.18,0.02,2.69676,2.97168,0,0.505171,4.47552,4.55416e+06,2.70226e+06,1.22815e+07,0,0,0,0,78.7176,79.791,3.01197,0,1,1.71463,1.43971,0,1.32472,2.1168,9.46447e+06,3.61194e+06,1.62281e+07,0,0,0,7.47005e+07
53.5156,85.139,1.49198,0.17,0.02,2.60715,2.88172,0,0.505373,4.47552,4.55416e+06,2.70226e+06,1.18734e+07,0,0,0,0,79.0272,79.791,3.4643,0,1,1.64534,1.37077,0,1.32472,2.1168,9.46447e+06,3.61194e+06,1.55723e+07,0,0,0,7.47005e+07
53.0493,85.139,1.99662,0.17,0.02,2.53891,2.88242,0,0.488579,4.47552,4.55416e+06,2.70226e+06,1.15626e+07,0,0,0,0,80.0459,79.791,5.86731,0,1,1.71461,1.37111,0,1.27119,2.1168,9.46447e+06,3.61194e+06,1.62279e+07,0,0,0,7.47005e+07
52.5363,85.139,1.93614,0.17,0.02,2.53995,2.88312,0,0.475792,4.47552,4.55416e+06,2.70226e+06,1.15673e+07,0,0,0,0,80.8192,79.791,5.40394,0,1,1.71461,1.37144,0,1.32471,2.1168,9.46447e+06,3.61194e+06,1.62279e+07,0,0,0,7.47005e+07
53.7902,85.139,3.95855,0.17,0.02,2.54099,2.88383,0,0.475987,4.47552,4.55416e+06,2.70226e+06,1.15721e+07,0,0,0,0,80.8192,79.791,9.26283,0,1,1.71461,1.37178,0,1.32471,2.1168,9.46447e+06,3.61194e+06,1.62279e+07,0,0,0,7.47005e+07
57.2168,85.139,6.1259,0.15,0.02,2.46751,2.81002,0,0.476181,4.47552,4.55416e+06,2.70226e+06,1.12375e+07,0,0,0,0,80.8192,79.791,9.48744,0,1,1.65148,1.30898,0,1.32471,2.1168,9.46447e+06,3.61194e+06,1.56304e+07,0,0,0,7.47005e+07
60.5912,85.139,6.068,0.12,0.02,2.4054,2.8107,0,0.462412,4.47552,4.55416e+06,2.70226e+06,1.09546e+07,0,0,0,0,80.8192,79.791,6.03748,0,1,1.7146,1.3093,0,1.27594,2.1168,9.46447e+06,3.61194e+06,1.62278e+07,0,0,0,7.47005e+07
64.1762,85.139,6.33398,0.12,0.02,2.40641,2.81139,0,0.450773,4.47552,4.55416e+06,2.70226e+06,1.09592e+07,0,0,0,0,80.8192,79.791,7.68152,0,1,1.7146,1.30962,0,1.3247,2.1168,9.46447e+06,3.61194e+06,1.62278e+07,0,0,0,7.47005e+07
69.6729,85.139,8.31039,0.12,0.02,2.40742,2.81207,0,0.450961,4.47552,4.55416e+06,2.70226e+06,1.09638e+07,0,0,0,0,80.8192,79.791,8.37421,0,1,1.7146,1.30994,0,1.3247,2.1168,9.46447e+06,3.61194e+06,1.62278e+07,0,0,0,7.47005e+07
72.2674,85.139,5.3833,0.11,0.02,2.19659,2.60093,0,0.45115,4.47552,4.55416e+06,2.70226e+06,1.00036e+07,0,0,0,0,80.8192,79.791,5.70084,0,1,1.58299,1.17865,0,1.3247,2.1168,9.46447e+06,3.61194e+06,1.49822e+07,0,0,0,7.47005e+07
75.5177,85.139,5.86517,0.11,0.02,2.06593,2.60156,0,0.411641,4.47552,4.55416e+06,2.70226e+06,9.40858e+06,0,0,0,0,80.8192,79.791,5.17063,0,1,1.71457,1.17894,0,1.22302,2.1168,9.46447e+06,3.61194e+06,1.62275e+07,0,0,0,7.47005e+07
77.7278,85.139,4.77063,0.06,0.02,2.06685,2.6022,0,0.387156,4.47552,4.55416e+06,2.70226e+06,9.41279e+06,0,0,0,0,80.8192,79.791,6.14662,0,1,1.71457,1.17922,0,1.32467,2.1168,9.46447e+06,3.61194e+06,1.62275e+07,0,0,0,7.47005e+07
79.6697,85.139,4.52251,0.07,0.02,2.06778,2.60283,0,0.387329,4.47552,4.55416e+06,2.70226e+06,9.41699e+06,0,0,0,0,80.8192,79.791,5.43407,0,1,1.71457,1.17951,0,1.32468,2.1168,9.46447e+06,3.61194e+06,1.62275e+07,0,0,0,7.47005e+07
83.6363,85.139,6.60456,0.03,0.02,2.0687,2.60347,0,0.387501,4.47552,4.55416e+06,2.70226e+06,9.42119e+06,0,0,0,0,80.8192,79.791,7.14496,0,1,1.71457,1.1798,0,1.32468,2.1168,9.46447e+06,3.61194e+06,1.62275e+07,0,0,0,7.47005e+07
85.139,85.139,7.40303,0.04,0.02,2.06899,2.60347,0,0.387674,4.47552,4.55416e+06,2.70226e+06,9.4225e+06,0,0,0,0,80.8192,79.791,7.27306,0,1,1.71428,1.1798,0,1.32468,2.1168,9.46447e+06,3.61194e+06,1.62248e+07,0,0,0,7.47005e+07
85.139,85.139,4.95785,0.03,0.02,2.08087,2.68567,0,0.387728,4.47552,4.55416e+06,2.70226e+06,9.47661e+06,0,0,0,0,80.8192,79.791,4.66289,0,1,1.82304,1.21824,0,1.32445,2.96352,9.46447e+06,3.61194e+06,1.72541e+07,0,0,0,7.47005e+07
85.139,85.139,4.11678,0.03,0.02,2.0815,2.6863,0,0.389955,4.47552,4.55416e+06,2.70226e+06,9.47948e+06,0,0,0,0,80.8192,79.791,4.2135,0,1,1.82332,1.21852,0,1.40848,2.96352,9.46447e+06,3.61194e+06,1.72568e+07,0,0,0,7.47005e+07
85.139,85.139,7.90487,0.05,0.02,2.08213,2.68693,0,0.390073,4.47552,4.55416e+06,2.70226e+06,9.48236e+06,0,0,0,0,80.8192,79.791,11.1698,0,1,1.82361,1.21881,0,1.4087,2.96352,9.46447e+06,3.61194e+06,1.72595e+07,0,0,0,7.47005e+07
85.139,85.139,6.38017,0.05,0.02,2.08276,2.68756,0,0.390191,4.47552,4.55416e+06,2.70226e+06,9.48523e+06,0,0,0,0,80.8192,79.791,9.60283,0,1,1.8239,1.2191,0,1.40892,2.96352,9.46447e+06,3.61194e+06,1.72622e+07,0,0,0,7.47005e+07
85.139,85.139,4.94985,0.05,0.02,2.34559,2.95039,0,0.390309,4.47552,4.55416e+06,2.70226e+06,1.06822e+07,0,0,0,0,80.8192,79.791,8.42941,0,1,1.96756,1.36276,0,1.40914,2.96352,9.46447e+06,3.61194e+06,1.86219e+07,0,0,0,7.47005e+07
85.139,85.139,3.54037,0.05,0.02,2.34628,2.95108,0,0.439564,4.47552,4.55416e+06,2.70226e+06,1.06854e+07,0,0,0,0,80.8192,79.791,5.07517,0,1,1.96788,1.36308,0,1.52013,2.96352,9.46447e+06,3.61194e+06,1.86249e+07,0,0,0,7.47005e+07
85.139,85.139,5.42421,0.04,0.02,2.34698,2.95178,0,0.439694,4.47552,4.55416e+06,2.70226e+06,1.06885e+07,0,0,0,0,80.8192,79.791,5.8928,0,1,1.9682,1.3634,0,1.52038,2.96352,9.46447e+06,3.61194e+06,1.86279e+07,0,0,0,7.47005e+07
85.139,85.139,5.97595,0.04,0.02,2.34767,2.95247,0,0.439824,4.47552,4.55416e+06,2.70226e+06,1.06917e+07,0,0,0,0,80.8192,79.791,7.3777,0,1,1.96852,1.36372,0,1.52063,2.96352,9.46447e+06,3.61194e+06,1.8631e+07,0,0,0,7.47005e+07
85.139,85.139,5.08472,0.04,0.02,1.97403,2.57883,0,0.439953,4.47552,4.55416e+06,2.70226e+06,8.99005e+06,0,0,0,0,80.8192,79.791,5.47453,0,1,1.77625,1.17145,0,1.52088,2.96352,9.46447e+06,3.61194e+06,1.68112e+07,0,0,0,7.47005e+07
85.139,85.139,6.75359,0.04,0.02,1.97464,2.57944,0,0.369933,4.47552,4.55416e+06,2.70226e+06,8.99281e+06,0,0,0,0,80.8192,79.791,6.75357,0,1,1.77652,1.17172,0,1.37233,2.96352,9.46447e+06,3.61194e+06,1.68138e+07,0,0,0,7.47005e+07
85.139,85.139,5.78305,0.04,0.02,1.97524,2.58004,0,0.370047,4.47552,4.55416e+06,2.70226e+06,8.99557e+06,0,0,0,0,80.8192,79.791,7.42983,0,1,1.7768,1.172,0,1.37254,2.96352,9.46447e+06,3.61194e+06,1.68164e+07,0,0,0,7.47005e+07
85.139,85.139,8.55945,0.05,0.02,1.97585,2.58065,0,0.37016,4.47552,4.55416e+06,2.70226e+06,8.99832e+06,0,0,0,0,80.8192,79.791,9.27208,0,1,1.77707,1.17227,0,1.37275,2.96352,9.46447e+06,3.61194e+06,1.6819e+07,0,0,0,7.47005e+07
85.139,85.139,8.33338,0.06,0.02,1.97645,2.58125,0,0.370274,4.47552,4.55416e+06,2.70226e+06,9.00108e+06,0,0,0,0,80.8192,79.791,13.2366,0,1,1.77735,1.17255,0,1.37297,2.96352,9.46447e+06,3.61194e+06,1.68217e+07,0,0,0,7.47005e+07
85.139,85.139,8.18431,0.07,0.02,2.07139,2.67619,0,0.370387,4.47552,4.55416e+06,2.70226e+06,9.43346e+06,0,0,0,0,80.8192,79.791,10.1404,0,1,1.82479,1.21999,0,1.37318,2.96352,9.46447e+06,3.61194e+06,1.72707e+07,0,0,0,7.47005e+07
85.139,85.139,8.02275,0.07,0.02,2.07202,2.67682,0,0.388179,4.47552,4.55416e+06,2.70226e+06,9.43632e+06,0,0,0,0,80.8192,79.791,10.0954,0,1,1.82508,1.22028,0,1.40983,2.96352,9.46447e+06,3.61194e+06,1.72734e+07,0,0,0,7.47005e+07
85.139,85.139,7.91511,0.06,0.02,2.07265,2.67745,0,0.388297,4.47552,4.55416e+06,2.70226e+06,9.43918e+06,0,0,0,0,80.8192,79.791,9.57493,0,1,1.82536,1.22056,0,1.41006,2.96352,9.46447e+06,3.61194e+06,1.72761e+07,0,0,0,7.47005e+07
85.139,85.139,6.95053,0.06,0.02,2.07328,2.67808,0,0.388415,4.47552,4.55416e+06,2.70226e+06,9.44204e+06,0,0,0,0,80.8192,79.791,9.12205,0,1,1.82565,1.22085,0,1.41028,2.96352,9.46447e+06,3.61194e+06,1.72788e+07,0,0,0,7.47005e+07
85.139,85.139,6.88576,0.06,0.02,2.03699,2.64179,0,0.388532,4.47552,4.55416e+06,2.70226e+06,9.27677e+06,0,0,0,0,80.8192,79.791,7.46585,0,1,1.8076,1.2028,0,1.4105,2.96352,9.46447e+06,3.61194e+06,1.7108e+07,0,0,0,7.47005e+07
85.139,85.139,5.14582,0.06,0.02,2.03761,2.64241,0,0.381732,4.47552,4.55416e+06,2.70226e+06,9.27959e+06,0,0,0,0,80.8192,79.791,6.21719,0,1,1.80788,1.20308,0,1.39655,2.96352,9.46447e+06,3.61194e+06,1.71107e+07,0,0,0,7.47005e+07
85.139,85.139,4.25848,0.06,0.02,2.03823,2.64303,0,0.381848,4.47552,4.55416e+06,2.70226e+06,9.28242e+06,0,0,0,0,80.8192,79.791,5.49863,0,1,1.80816,1.20336,0,1.39677,2.96352,9.46447e+06,3.61194e+06,1.71133e+07,0,0,0,7.47005e+07
85.139,85.139,3.63324,0.06,0.02,2.03885,2.64365,0,0.381964,4.47552,4.55416e+06,2.70226e+06,9.28524e+06,0,0,0,0,80.8192,79.791,4.93655,0,1,1.80845,1.20365,0,1.39699,2.96352,9.46447e+06,3.61194e+06,1.7116e+07,0,0,0,7.47005e+07
85.139,85.139,3.86189,0.07,0.02,2.1649,2.7697,0,0.38208,4.47552,4.55416e+06,2.70226e+06,9.85932e+06,0,0,0,0,80.8192,79.791,5.50138,0,1,1.87382,1.26902,0,1.39721,2.96352,9.46447e+06,3.61194e+06,1.77347e+07,0,0,0,7.47005e+07
85.139,85.139,3.98614,0.06,0.02,2.16555,2.77035,0,0.405703,4.47552,4.55416e+06,2.70226e+06,9.86228e+06,0,0,0,0,80.8192,79.791,5.2328,0,1,1.87412,1.26932,0,1.44771,2.96352,9.46447e+06,3.61194e+06,1.77375e+07,0,0,0,7.47005e+07
85.139,85.139,3.73929,0.05,0.02,2.1662,2.771,0,0.405825,4.47552,4.55416e+06,2.70226e+06,9.86524e+06,0,0,0,0,80.8192,79.791,4.66496,0,1,1.87442,1.26962,0,1.44794,2.96352,9.46447e+06,3.61194e+06,1.77404e+07,0,0,0,7.47005e+07
85.139,85.139,3.53618,0.05,0.02,2.16685,2.77165,0,0.405947,4.47552,4.55416e+06,2.70226e+06,9.8682e+06,0,0,0,0,80.7686,79.791,4.09703,0,1,1.87471,1.26991,0,1.44817,2.96352,9.46447e+06,3.61194e+06,1.77432e+07,0,0,0,7.47005e+07
85.139,85.139,3.291,0.03,0.02,2.1675,2.7723,0,0.406069,4.47552,4.55416e+06,2.70226e+06,9.87116e+06,0,0,0,0,80.6929,79.791,4.06659,0,1,1.87501,1.27021,0,1.4484,2.96352,9.46447e+06,3.61194e+06,1.7746e+07,0,0,0,7.47005e+07
85.139,85.139,3.17755,0.04,0.02,2.14332,2.74812,0,0.40619,4.47552,4.55416e+06,2.70226e+06,9.76102e+06,0,0,0,0,80.7416,79.791,4.31747,0,1,1.91113,1.30633,0,1.44863,2.96352,9.46447e+06,3.61194e+06,1.80878e+07,0,0,0,7.47005e+07
85.139,85.139,2.98791,0.04,0.02,2.14396,2.74876,0,0.401658,4.47552,4.55416e+06,2.70226e+06,9.76396e+06,0,0,0,0,80.7416,79.791,4.08866,0,1,1.91143,1.30663,0,1.47654,2.96352,9.46447e+06,3.61194e+06,1.80907e+07,0,0,0,7.47005e+07
85.139,85.139,2.73148,0.04,0.02,2.14461,2.74941,0,0.401779,4.47552,4.55416e+06,2.70226e+06,9.76689e+06,0,0,0,0,80.7183,79.791,4.0175,0,1,1.91174,1.30694,0,1.47677,2.96352,9.46447e+06,3.61194e+06,1.80936e+07,0,0,0,7.47005e+07
85.139,85.139,2.47598,0.04,0.02,2.14525,2.75005,0,0.4019,4.47552,4.55416e+06,2.70226e+06,9.76983e+06,0,0,0,0,80.6386,79.791,3.62968,0,1,1.91205,1.30725,0,1.47701,2.96352,9.46447e+06,3.61194e+06,1.80965e+07,0,0,0,7.47005e+07
84.8077,85.139,2.13679,0.04,0.02,2.21009,2.81489,0,0.402021,4.47552,4.55416e+06,2.70226e+06,1.00651e+07,0,0,0,0,80.3121,79.791,3.01272,0,1,1.9443,1.3395,0,1.47725,2.96352,9.46447e+06,3.61194e+06,1.84018e+07,0,0,0,7.47005e+07
84.2859,85.139,1.93635,0.04,0.02,2.21075,2.81555,0,0.414172,4.47552,4.55416e+06,2.70226e+06,1.00681e+07,0,0,0,0,79.9356,79.791,2.87982,0,1,1.94462,1.33982,0,1.50217,2.96352,9.46447e+06,3.61194e+06,1.84048e+07,0,0,0,7.47005e+07
83.5972,85.139,1.75496,0.04,0.02,2.21142,2.81622,0,0.414295,4.47552,4.55416e+06,2.70226e+06,1.00711e+07,0,0,0,0,79.5202,79.791,2.99145,0,1,1.94493,1.34013,0,1.50241,2.96352,9.46447e+06,3.61194e+06,1.84078e+07,0,0,0,7.47005e+07
83.5792,85.139,2.43805,0.04,0.02,2.21208,2.81688,0,0.414419,4.47552,4.55416e+06,2.70226e+06,1.00741e+07,0,0,0,0,79.3664,79.791,3.90974,0,1,1.94525,1.34045,0,1.50265,2.96352,9.46447e+06,3.61194e+06,1.84107e+07,0,0,0,7.47005e+07
83.5274,85.139,2.59374,0.04,0.02,2.40091,3.00571,0,0.414543,4.47552,4.55416e+06,2.70226e+06,1.09341e+07,0,0,0,0,79.1523,79.791,3.73474,0,1,2.06099,1.45619,0,1.5029,2.96352,9.46447e+06,3.61194e+06,1.95062e+07,0,0,0,7.47005e+07
83.2798,85.139,2.35707,0.04,0.02,2.40161,3.00641,0,0.44993,4.47552,4.55416e+06,2.70226e+06,1.09373e+07,0,0,0,0,78.8845,79.791,3.95093,0,1,2.06134,1.45654,0,1.59232,2.96352,9.46447e+06,3.61194e+06,1.95095e+07,0,0,0,7.47005e+07
82.5719,85.139,1.90916,0.04,0.02,2.40232,3.00712,0,0.450062,4.47552,4.55416e+06,2.70226e+06,1.09405e+07,0,0,0,0,78.4318,79.791,2.9751,0,1,2.06168,1.45688,0,1.59259,2.96352,9.46447e+06,3.61194e+06,1.95127e+07,0,0,0,7.47005e+07
82.2472,85.139,2.27071,0.05,0.02,2.40302,3.00782,0,0.450194,4.47552,4.55416e+06,2.70226e+06,1.09438e+07,0,0,0,0,78.3194,79.791,4.87735,0,1,2.06202,1.45722,0,1.59285,2.96352,9.46447e+06,3.61194e+06,1.95159e+07,0,0,0,7.47005e+07
81.4671,85.139,1.80025,0.05,0.02,2.40373,3.00853,0,0.450327,4.47552,4.55416e+06,2.70226e+06,1.0947e+07,0,0,0,0,77.9711,79.791,3.61017,0,1,2.06236,1.45756,0,1.59312,2.96352,9.46447e+06,3.61194e+06,1.95192e+07,0,0,0,7.47005e+07
80.746,85.139,1.75758,0.05,0.02,2.31262,2.91742,0,0.450459,4.47552,4.55416e+06,2.70226e+06,1.0532e+07,0,0,0,0,77.6949,79.791,4.08556,0,1,1.99256,1.38776,0,1.59338,2.96352,9.46447e+06,3.61194e+06,1.88585e+07,0,0,0,7.47005e+07
80.3307,85.139,2.09755,0.05,0.02,2.3133,2.9181,0,0.433385,4.47552,4.55416e+06,2.70226e+06,1.05352e+07,0,0,0,0,77.4633,79.791,4.0922,0,1,1.99288,1.38808,0,1.53945,2.96352,9.46447e+06,3.61194e+06,1.88616e+07,0,0,0,7.47005e+07
80.9855,85.139,3.25881,0.05,0.02,2.31399,2.91879,0,0.433513,4.47552,4.55416e+06,2.70226e+06,1.05383e+07,0,0,0,0,77.7448,79.791,7.12302,0,1,1.99321,1.38841,0,1.5397,2.96352,9.46447e+06,3.61194e+06,1.88647e+07,0,0,0,7.47005e+07
81.1249,85.139,2.84465,0.05,0.02,2.31467,2.91947,0,0.433641,4.47552,4.55416e+06,2.70226e+06,1.05414e+07,0,0,0,0,77.7675,79.791,5.60544,0,1,1.99353,1.38873,0,1.53995,2.96352,9.46447e+06,3.61194e+06,1.88677e+07,0,0,0,7.47005e+07
80.9355,85.139,2.41992,0.05,0.02,2.23992,2.84472,0,0.433769,4.47552,4.55416e+06,2.70226e+06,1.0201e+07,0,0,0,0,77.8651,79.791,4.3386,0,1,1.92995,1.32515,0,1.5402,2.96352,9.46447e+06,3.61194e+06,1.82659e+07,0,0,0,7.47005e+07
80.4325,85.139,2.09137,0.05,0.02,2.24059,2.84539,0,0.419761,4.47552,4.55416e+06,2.70226e+06,1.0204e+07,0,0,0,0,77.9466,79.791,3.80438,0,1,1.93026,1.32546,0,1.49108,2.96352,9.46447e+06,3.61194e+06,1.82689e+07,0,0,0,7.47005e+07
80.5389,85.139,2.78937,0.05,0.02,2.24126,2.84606,0,0.419886,4.47552,4.55416e+06,2.70226e+06,1.0207e+07,0,0,0,0,78.1986,79.791,4.03276,0,1,1.93057,1.32577,0,1.49132,2.96352,9.46447e+06,3.61194e+06,1.82718e+07,0,0,0,7.47005e+07
81.4913,85.139,3.65239,0.03,0.02,2.24192,2.84672,0,0.420011,4.47552,4.55416e+06,2.70226e+06,1.02101e+07,0,0,0,0,78.8204,79.791,4.95143,0,1,1.93088,1.32608,0,1.49156,2.96352,9.46447e+06,3.61194e+06,1.82748e+07,0,0,0,7.47005e+07
82.768,85.139,4.06077,0.02,0.02,2.02815,2.63295,0,0.420136,4.47552,4.55416e+06,2.70226e+06,9.23652e+06,0,0,0,0,80.4002,79.791,6.71449,0,1,1.79796,1.19316,0,1.4918,2.96352,9.46447e+06,3.61194e+06,1.70167e+07,0,0,0,7.47005e+07
84.8119,85.139,5.02434,0.03,0.02,2.02877,2.63357,0,0.380075,4.47552,4.55416e+06,2.70226e+06,9.23933e+06,0,0,0,0,80.8192,79.791,8.40351,0,1,1.79824,1.19344,0,1.3891,2.96352,9.46447e+06,3.61194e+06,1.70194e+07,0,0,0,7.47005e+07
85.139,85.139,3.81548,0.03,0.02,2.02938,2.63418,0,0.380191,4.47552,4.55416e+06,2.70226e+06,9.24214e+06,0,0,0,0,80.8192,79.791,6.5668,0,1,1.79852,1.19372,0,1.38932,2.96352,9.46447e+06,3.61194e+06,1.7022e+07,0,0,0,7.47005e+07
85.139,85.139,3.59632,0.03,0.02,2.03,2.6348,0,0.380306,4.47552,4.55416e+06,2.70226e+06,9.24495e+06,0,0,0,0,80.8192,79.791,7.79468,0,1,1.7988,1.194,0,1.38954,2.96352,9.46447e+06,3.61194e+06,1.70247e+07,0,0,0,7.47005e+07
85.1324,85.139,2.6903,0.03,0.02,2.03062,2.63542,0,0.380422,4.47552,4.55416e+06,2.70226e+06,9.24776e+06,0,0,0,0,80.8192,79.791,4.57735,0,1,1.79908,1.19428,0,1.38975,2.96352,9.46447e+06,3.61194e+06,1.70273e+07,0,0,0,7.47005e+07
85.139,85.139,4.8853,0.04,0.02,2.1138,2.7186,0,0.380538,4.47552,4.55416e+06,2.70226e+06,9.6266e+06,0,0,0,0,80.8192,79.791,6.94512,0,0,1.83798,1.23318,0,1.38997,2.96352,9.46447e+06,3.61194e+06,1.73955e+07,0,0,0,7.47005e+07
85.139,85.139,8.21436,0.04,0.02,2.11441,2.71921,0,0.396127,4.47552,4.55416e+06,2.70226e+06,9.62938e+06,0,0,0,0,80.8192,79.791,8.8811,0,0,1.83825,1.23345,0,1.42002,2.96352,9.46447e+06,3.61194e+06,1.73981e+07,0,0,0,7.47005e+07
85.139,85.139,7.40043,0.05,0.02,2.11503,2.71983,0,0.396241,4.47552,4.55416e+06,2.70226e+06,9.63217e+06,0,0,0,0,80.8192,79.791,10.1871,0,0,1.83853,1.23373,0,1.42024,2.96352,9.46447e+06,3.61194e+06,1.74007e+07,0,0,0,7.47005e+07
85.139,85.139,6.54816,0.05,0.02,2.11564,2.72044,0,0.396356,4.47552,4.55416e+06,2.70226e+06,9.63496e+06,0,0,0,0,80.8192,79.791,9.15096,0,0,1.83881,1.23401,0,1.42045,2.96352,9.46447e+06,3.61194e+06,1.74034e+07,0,0,0,7.47005e+07
85.139,85.139,13.8458,0.05,0.02,2.38166,2.98646,0,0.396471,4.47552,4.55416e+06,2.70226e+06,1.08464e+07,0,0,0,0,80.8192,79.791,12.2604,0,0,1.98421,1.37941,0,1.42066,2.96352,9.46447e+06,3.61194e+06,1.87795e+07,0,0,0,7.47005e+07
85.139,85.139,8.96255,0.05,0.02,2.38233,2.98713,0,0.446322,4.47552,4.55416e+06,2.70226e+06,1.08495e+07,0,0,0,0,80.8192,79.791,9.58404,0,0,1.98452,1.37972,0,1.533,2.96352,9.46447e+06,3.61194e+06,1.87825e+07,0,0,0,7.47005e+07
85.139,85.139,6.41685,0.05,0.02,2.383,2.9878,0,0.446448,4.47552,4.55416e+06,2.70226e+06,1.08526e+07,0,0,0,0,80.8192,79.791,7.31042,0,0,1.98484,1.38004,0,1.53324,2.96352,9.46447e+06,3.61194e+06,1.87854e+07,0,0,0,7.47005e+07
85.139,85.139,5.61504,0.04,0.02,2.38367,2.98847,0,0.446574,4.47552,4.55416e+06,2.70226e+06,1.08556e+07,0,0,0,0,80.8192,79.791,7.80353,0,0,1.98515,1.38035,0,1.53348,2.96352,9.46447e+06,3.61194e+06,1.87884e+07,0,0,0,7.47005e+07
85.139,85.139,8.12771,0.04,0.02,2.00545,2.61025,0,0.4467,4.47552,4.55416e+06,2.70226e+06,9.13315e+06,0,0,0,0,80.8192,79.791,10.7163,0,0,1.79052,1.18572,0,1.53372,2.96352,9.46447e+06,3.61194e+06,1.69463e+07,0,0,0,7.47005e+07
85.139,85.139,7.56668,0.05,0.02,2.00604,2.61084,0,0.375822,4.47552,4.55416e+06,2.70226e+06,9.13583e+06,0,0,0,0,80.8192,79.791,5.7242,0,0,1.79079,1.18599,0,1.38336,2.96352,9.46447e+06,3.61194e+06,1.69489e+07,0,0,0,7.47005e+07
85.139,85.139,8.72954,0.06,0.02,2.00663,2.61143,0,0.375932,4.47552,4.55416e+06,2.70226e+06,9.13851e+06,0,0,0,0,80.8192,79.791,7.45984,0,0,1.79105,1.18625,0,1.38356,2.96352,9.46447e+06,3.61194e+06,1.69514e+07,0,0,0,7.47005e+07
85.139,85.139,9.92536,0.08,0.02,2.00722,2.61202,0,0.376042,4.47552,4.55416e+06,2.70226e+06,9.14118e+06,0,0,0,0,80.8192,79.791,8.63471,0,0,1.79132,1.18652,0,1.38377,2.96352,9.46447e+06,3.61194e+06,1.69539e+07,0,0,0,7.47005e+07
85.139,85.139,8.97923,0.08,0.02,2.0078,2.6126,0,0.376152,4.47552,4.55416e+06,2.70226e+06,9.14386e+06,0,0,0,0,80.8192,79.791,10.0228,0,0,1.79159,1.18679,0,1.38397,2.96352,9.46447e+06,3.61194e+06,1.69564e+07,0,0,0,7.47005e+07
85.139,85.139,6.60971,0.07,0.02,2.10387,2.70867,0,0.376262,4.47552,4.55416e+06,2.70226e+06,9.58137e+06,0,0,0,0,80.8192,79.791,8.69286,0,0,1.8396,1.2348,0,1.38418,2.96352,9.46447e+06,3.61194e+06,1.74108e+07,0,0,0,7.47005e+07
85.139,85.139,4.80856,0.07,0.02,2.10448,2.70928,0,0.394266,4.47552,4.55416e+06,2.70226e+06,9.58415e+06,0,0,0,0,80.8192,79.791,4.75328,0,0,1.83988,1.23508,0,1.42127,2.96352,9.46447e+06,3.61194e+06,1.74134e+07,0,0,0,7.47005e+07
85.139,85.139,4.54288,0.07,0.02,2.10509,2.70989,0,0.39438,4.47552,4.55416e+06,2.70226e+06,9.58692e+06,0,0,0,0,80.8192,79.791,4.21911,0,0,1.84015,1.23535,0,1.42149,2.96352,9.46447e+06,3.61194e+06,1.74161e+07,0,0,0,7.47005e+07
85.139,85.139,3.95881,0.06,0.02,2.1057,2.7105,0,0.394494,4.47552,4.55416e+06,2.70226e+06,9.5897e+06,0,0,0,0,80.8192,79.791,3.63382,0,0,1.84043,1.23563,0,1.4217,2.96352,9.46447e+06,3.61194e+06,1.74187e+07,0,0,0,7.47005e+07
85.139,85.139,4.35396,0.06,0.02,2.06894,2.67374,0,0.394608,4.47552,4.55416e+06,2.70226e+06,9.42231e+06,0,0,0,0,80.8192,79.791,4.24627,0,0,1.82215,1.21735,0,1.42192,2.96352,9.46447e+06,3.61194e+06,1.72457e+07,0,0,0,7.47005e+07
85.139,85.139,4.09555,0.06,0.02,2.06955,2.67435,0,0.38772,4.47552,4.55416e+06,2.70226e+06,9.42505e+06,0,0,0,0,80.8192,79.791,4.65945,0,0,1.82242,1.21762,0,1.40779,2.96352,9.46447e+06,3.61194e+06,1.72483e+07,0,0,0,7.47005e+07
85.139,85.139,4.39599,0.06,0.02,2.07015,2.67495,0,0.387833,4.47552,4.55416e+06,2.70226e+06,9.42779e+06,0,0,0,0,80.8192,79.791,6.00807,0,0,1.8227,1.2179,0,1.408,2.96352,9.46447e+06,3.61194e+06,1.72509e+07,0,0,0,7.47005e+07
85.139,85.139,3.79495,0.07,0.02,2.07075,2.67555,0,0.387946,4.47552,4.55416e+06,2.70226e+06,9.43053e+06,0,0,0,0,80.8192,79.791,5.22463,0,0,1.82297,1.21817,0,1.40822,2.96352,9.46447e+06,3.61194e+06,1.72535e+07,0,0,0,7.47005e+07
85.139,85.139,3.42275,0.07,0.02,2.1983,2.8031,0,0.388059,4.47552,4.55416e+06,2.70226e+06,1.00114e+07,0,0,0,0,80.8192,79.791,4.63096,0,0,1.88912,1.28432,0,1.40843,2.96352,9.46447e+06,3.61194e+06,1.78795e+07,0,0,0,7.47005e+07
85.139,85.139,3.2193,0.07,0.02,2.19893,2.80373,0,0.411962,4.47552,4.55416e+06,2.70226e+06,1.00143e+07,0,0,0,0,80.8192,79.791,3.94821,0,0,1.88941,1.28461,0,1.45954,2.96352,9.46447e+06,3.61194e+06,1.78823e+07,0,0,0,7.47005e+07
85.139,85.139,3.09371,0.06,0.02,2.19956,2.80436,0,0.41208,4.47552,4.55416e+06,2.70226e+06,1.00172e+07,0,0,0,0,80.8192,79.791,3.98187,0,0,1.8897,1.2849,0,1.45976,2.96352,9.46447e+06,3.61194e+06,1.7885e+07,0,0,0,7.47005e+07
85.139,85.139,3.01413,0.06,0.02,2.20019,2.80499,0,0.412198,4.47552,4.55416e+06,2.70226e+06,1.002e+07,0,0,0,0,80.8192,79.791,3.84308,0,0,1.88999,1.28519,0,1.45998,2.96352,9.46447e+06,3.61194e+06,1.78877e+07,0,0,0,7.47005e+07
85.139,85.139,2.87504,0.05,0.02,2.20082,2.80562,0,0.412316,4.47552,4.55416e+06,2.70226e+06,1.00229e+07,0,0,0,0,80.8192,79.791,3.75347,0,0,1.89028,1.28548,0,1.46021,2.96352,9.46447e+06,3.61194e+06,1.78905e+07,0,0,0,7.47005e+07
85.139,85.139,2.654,0.04,0.02,2.17632,2.78112,0,0.412434,4.47552,4.55416e+06,2.70226e+06,9.91132e+06,0,0,0,0,80.8192,79.791,3.45786,0,0,1.92681,1.32201,0,1.46043,2.96352,9.46447e+06,3.61194e+06,1.82363e+07,0,0,0,7.47005e+07
85.1135,85.139,2.43967,0.04,0.02,2.17695,2.78175,0,0.407843,4.47552,4.55416e+06,2.70226e+06,9.91417e+06,0,0,0,0,80.8192,79.791,3.47283,0,0,1.92711,1.32231,0,1.48866,2.96352,9.46447e+06,3.61194e+06,1.82391e+07,0,0,0,7.47005e+07
84.8932,85.139,2.23452,0.05,0.02,2.17757,2.78237,0,0.40796,4.47552,4.55416e+06,2.70226e+06,9.91702e+06,0,0,0,0,80.7728,79.791,3.06732,0,0,1.92741,1.32261,0,1.48889,2.96352,9.46447e+06,3.61194e+06,1.82419e+07,0,0,0,7.47005e+07
84.5262,85.139,2.05057,0.04,0.02,2.1782,2.783,0,0.408077,4.47552,4.55416e+06,2.70226e+06,9.91987e+06,0,0,0,0,80.6362,79.791,3.01137,0,0,1.92771,1.32291,0,1.48912,2.96352,9.46447e+06,3.61194e+06,1.82447e+07,0,0,0,7.47005e+07
84.1495,85.139,2.07766,0.04,0.02,2.24379,2.84859,0,0.408194,4.47552,4.55416e+06,2.70226e+06,1.02186e+07,0,0,0,0,80.3744,79.791,2.62394,0,0,1.96034,1.35554,0,1.48935,2.96352,9.46447e+06,3.61194e+06,1.85536e+07,0,0,0,7.47005e+07
83.725,85.139,2.02505,0.04,0.02,2.24443,2.84923,0,0.420486,4.47552,4.55416e+06,2.70226e+06,1.02215e+07,0,0,0,0,80.0854,79.791,2.55339,0,0,1.96064,1.35584,0,1.51456,2.96352,9.46447e+06,3.61194e+06,1.85564e+07,0,0,0,7.47005e+07
83.056,85.139,1.7717,0.04,0.02,2.24507,2.84987,0,0.420606,4.47552,4.55416e+06,2.70226e+06,1.02244e+07,0,0,0,0,79.7547,79.791,2.36635,0,0,1.96095,1.35615,0,1.51479,2.96352,9.46447e+06,3.61194e+06,1.85593e+07,0,0,0,7.47005e+07
82.2596,85.139,1.63438,0.05,0.02,2.24571,2.85051,0,0.420726,4.47552,4.55416e+06,2.70226e+06,1.02273e+07,0,0,0,0,79.4113,79.791,2.27334,0,0,1.96125,1.35645,0,1.51503,2.96352,9.46447e+06,3.61194e+06,1.85622e+07,0,0,0,7.47005e+07
81.1535,85.139,1.45858,0.05,0.02,2.43677,3.04157,0,0.420846,4.47552,4.55416e+06,2.70226e+06,1.10974e+07,0,0,0,0,79.0239,79.791,2.30489,0,0,2.07837,1.47357,0,1.51526,2.96352,9.46447e+06,3.61194e+06,1.96707e+07,0,0,0,7.47005e+07
80.3833,85.139,1.80871,0.06,0.02,2.43745,3.04225,0,0.456651,4.47552,4.55416e+06,2.70226e+06,1.11006e+07,0,0,0,0,78.6505,79.791,2.81853,0,0,2.0787,1.4739,0,1.60575,2.96352,9.46447e+06,3.61194e+06,1.96738e+07,0,0,0,7.47005e+07
79.2824,85.139,1.49556,0.06,0.02,2.43814,3.04294,0,0.456779,4.47552,4.55416e+06,2.70226e+06,1.11037e+07,0,0,0,0,78.1376,79.791,2.25573,0,0,2.07903,1.47423,0,1.606,2.96352,9.46447e+06,3.61194e+06,1.96769e+07,0,0,0,7.47005e+07
78.4367,85.139,1.72572,0.08,0.02,2.43882,3.04362,0,0.456907,4.47552,4.55416e+06,2.70226e+06,1.11068e+07,0,0,0,0,77.8981,79.791,3.38172,0,0,2.07936,1.47456,0,1.60626,2.96352,9.46447e+06,3.61194e+06,1.96801e+07,0,0,0,7.47005e+07
77.3272,85.139,1.45107,0.09,0.02,2.43951,3.04431,0,0.457035,4.47552,4.55416e+06,2.70226e+06,1.11099e+07,0,0,0,0,77.4694,79.791,2.67521,0,0,2.07969,1.47489,0,1.60652,2.96352,9.46447e+06,3.61194e+06,1.96832e+07,0,0,0,7.47005e+07
77.0123,85.139,2.21807,0.09,0.02,2.34728,2.95208,0,0.457163,4.47552,4.55416e+06,2.70226e+06,1.06899e+07,0,0,0,0,77.1318,79.791,3.22806,0,0,2.00905,1.40425,0,1.60677,2.96352,9.46447e+06,3.61194e+06,1.90146e+07,0,0,0,7.47005e+07
76.4898,85.139,2.03212,0.09,0.02,2.34795,2.95275,0,0.439881,4.47552,4.55416e+06,2.70226e+06,1.06929e+07,0,0,0,0,76.9862,79.791,3.86447,0,0,2.00936,1.40456,0,1.55219,2.96352,9.46447e+06,3.61194e+06,1.90176e+07,0,0,0,7.47005e+07
76.2097,85.139,2.28501,0.09,0.02,2.34861,2.95341,0,0.440006,4.47552,4.55416e+06,2.70226e+06,1.0696e+07,0,0,0,0,77.1825,79.791,5.33088,0,0,2.00968,1.40488,0,1.55243,2.96352,9.46447e+06,3.61194e+06,1.90205e+07,0,0,0,7.47005e+07
75.6877,85.139,2.02659,0.09,0.02,2.34928,2.95408,0,0.44013,4.47552,4.55416e+06,2.70226e+06,1.0699e+07,0,0,0,0,77.1377,79.791,4.27368,0,0,2.00999,1.40519,0,1.55268,2.96352,9.46447e+06,3.61194e+06,1.90235e+07,0,0,0,7.47005e+07
76.8992,85.139,3.84919,0.09,0.02,2.27361,2.87841,0,0.440254,4.47552,4.55416e+06,2.70226e+06,1.03544e+07,0,0,0,0,77.6699,79.791,6.05318,0,0,1.94564,1.34084,0,1.55292,2.96352,9.46447e+06,3.61194e+06,1.84145e+07,0,0,0,7.47005e+07
80.4718,85.139,6.32602,0.11,0.02,2.27426,2.87906,0,0.426075,4.47552,4.55416e+06,2.70226e+06,1.03573e+07,0,0,0,0,79.436,79.791,8.90312,0,0,1.94594,1.34114,0,1.5032,2.96352,9.46447e+06,3.61194e+06,1.84173e+07,0,0,0,7.47005e+07
85.139,85.139,7.44766,0.06,0.02,2.27491,2.87971,0,0.426196,4.47552,4.55416e+06,2.70226e+06,1.03603e+07,0,0,0,0,80.8192,79.791,10.4341,0,0,1.94625,1.34145,0,1.50344,2.96352,9.46447e+06,3.61194e+06,1.84202e+07,0,0,0,7.47005e+07
85.139,85.139,5.17123,0.02,0.02,2.27555,2.88035,0,0.426318,4.47552,4.55416e+06,2.70226e+06,1.03632e+07,0,0,0,0,80.8192,79.791,7.47409,0,0,1.94655,1.34175,0,1.50367,2.96352,9.46447e+06,3.61194e+06,1.8423e+07,0,0,0,7.47005e+07
85.139,85.139,6.70973,0.02,0.02,2.05923,2.66403,0,0.426439,4.47552,4.55416e+06,2.70226e+06,9.37806e+06,0,0,0,0,80.8192,79.791,7.99801,0,0,1.81204,1.20724,0,1.5039,2.96352,9.46447e+06,3.61194e+06,1.715e+07,0,0,0,7.47005e+07
85.139,85.139,11.318,0.02,0.02,2.05983,2.66463,0,0.3859,4.47552,4.55416e+06,2.70226e+06,9.38079e+06,0,0,0,0,80.8192,79.791,10.397,0,0,1.81232,1.20752,0,1.39999,2.96352,9.46447e+06,3.61194e+06,1.71526e+07,0,0,0,7.47005e+07
85.139,85.139,10.5912,0.05,0.02,2.06043,2.66523,0,0.386012,4.47552,4.55416e+06,2.70226e+06,9.38352e+06,0,0,0,0,80.8192,79.791,10.2588,0,0,1.81259,1.20779,0,1.4002,2.96352,9.46447e+06,3.61194e+06,1.71552e+07,0,0,0,7.47005e+07
85.139,85.139,9.16912,0.08,0.02,2.06103,2.66583,0,0.386124,4.47552,4.55416e+06,2.70226e+06,9.38625e+06,0,0,0,0,80.8192,79.791,10.7653,0,0,1.81286,1.20806,0,1.4004,2.96352,9.46447e+06,3.61194e+06,1.71578e+07,0,0,0,7.47005e+07
85.139,85.139,7.75938,0.09,0.02,2.06163,2.66643,0,0.386236,4.47552,4.55416e+06,2.70226e+06,9.38898e+06,0,0,0,0,80.8192,79.791,8.13961,0,0,1.81313,1.20833,0,1.40061,2.96352,9.46447e+06,3.61194e+06,1.71603e+07,0,0,0,7.47005e+07
85.139,85.139,5.66534,0.1,0.02,2.14576,2.75056,0,0.386349,4.47552,4.55416e+06,2.70226e+06,9.77215e+06,0,0,0,0,80.8192,79.791,6.29225,0,0,1.85247,1.24767,0,1.40082,2.96352,9.46447e+06,3.61194e+06,1.75327e+07,0,0,0,7.47005e+07
85.139,85.139,5.21617,0.1,0.02,2.14636,2.75116,0,0.402116,4.47552,4.55416e+06,2.70226e+06,9.77485e+06,0,0,0,0,80.8192,79.791,5.76691,0,0,1.85274,1.24794,0,1.43122,2.96352,9.46447e+06,3.61194e+06,1.75352e+07,0,0,0,7.47005e+07
85.139,85.139,5.11617,0.1,0.02,2.14695,2.75175,0,0.402227,4.47552,4.55416e+06,2.70226e+06,9.77755e+06,0,0,0,0,80.8192,79.791,5.8702,0,0,1.85301,1.24821,0,1.43143,2.96352,9.46447e+06,3.61194e+06,1.75378e+07,0,0,0,7.47005e+07
85.139,85.139,5.11067,0.1,0.02,2.14754,2.75234,0,0.402338,4.47552,4.55416e+06,2.70226e+06,9.78025e+06,0,0,0,0,80.8192,79.791,5.6547,0,0,1.85328,1.24848,0,1.43164,2.96352,9.46447e+06,3.61194e+06,1.75403e+07,0,0,0,7.47005e+07
85.139,85.139,4.74711,0.1,0.02,2.41665,3.02145,0,0.402449,4.47552,4.55416e+06,2.70226e+06,1.10058e+07,0,0,0,0,80.8192,79.791,6.08428,0,0,2.00038,1.39558,0,1.43185,2.96352,9.46447e+06,3.61194e+06,1.89325e+07,0,0,0,7.47005e+07
85.139,85.139,3.28464,0.09,0.02,2.4173,3.0221,0,0.45288,4.47552,4.55416e+06,2.70226e+06,1.10088e+07,0,0,0,0,80.8192,79.791,4.31526,0,0,2.00068,1.39588,0,1.54549,2.96352,9.46447e+06,3.61194e+06,1.89354e+07,0,0,0,7.47005e+07
85.139,85.139,3.95036,0.09,0.02,2.41795,3.02275,0,0.453002,4.47552,4.55416e+06,2.70226e+06,1.10117e+07,0,0,0,0,80.8192,79.791,3.91521,0,0,2.00098,1.39618,0,1.54572,2.96352,9.46447e+06,3.61194e+06,1.89382e+07,0,0,0,7.47005e+07
85.139,85.139,5.19253,0.09,0.02,2.41861,3.02341,0,0.453125,4.47552,4.55416e+06,2.70226e+06,1.10147e+07,0,0,0,0,80.8192,79.791,5.62831,0,0,2.00128,1.39648,0,1.54596,2.96352,9.46447e+06,3.61194e+06,1.89411e+07,0,0,0,7.47005e+07
85.139,85.139,6.82755,0.09,0.02,2.03594,2.64074,0,0.453247,4.47552,4.55416e+06,2.70226e+06,9.27199e+06,0,0,0,0,80.8192,79.791,6.83945,0,0,1.80437,1.19957,0,1.54619,2.96352,9.46447e+06,3.61194e+06,1.70774e+07,0,0,0,7.47005e+07
85.139,85.139,7.22918,0.09,0.02,2.03651,2.64131,0,0.381535,4.47552,4.55416e+06,2.70226e+06,9.27458e+06,0,0,0,0,80.8192,79.791,8.37394,0,0,1.80463,1.19983,0,1.39406,2.96352,9.46447e+06,3.61194e+06,1.70798e+07,0,0,0,7.47005e+07
85.139,85.139,5.99808,0.09,0.02,2.03708,2.64188,0,0.381642,4.47552,4.55416e+06,2.70226e+06,9.27718e+06,0,0,0,0,80.8192,79.791,7.35907,0,0,1.80489,1.20009,0,1.39425,2.96352,9.46447e+06,3.61194e+06,1.70823e+07,0,0,0,7.47005e+07
85.139,85.139,5.64706,0.09,0.02,2.03765,2.64245,0,0.381748,4.47552,4.55416e+06,2.70226e+06,9.27977e+06,0,0,0,0,80.8192,79.791,7.76597,0,0,1.80514,1.20034,0,1.39445,2.96352,9.46447e+06,3.61194e+06,1.70847e+07,0,0,0,7.47005e+07
85.139,85.139,8.23691,0.09,0.02,2.03822,2.64302,0,0.381855,4.47552,4.55416e+06,2.70226e+06,9.28237e+06,0,0,0,0,80.8192,79.791,8.82542,0,0,1.8054,1.2006,0,1.39465,2.96352,9.46447e+06,3.61194e+06,1.70872e+07,0,0,0,7.47005e+07
85.139,85.139,9.68049,0.09,0.02,2.13538,2.74018,0,0.381962,4.47552,4.55416e+06,2.70226e+06,9.72485e+06,0,0,0,0,80.8192,79.791,8.4019,0,0,1.85396,1.24916,0,1.39485,2.96352,9.46447e+06,3.61194e+06,1.75468e+07,0,0,0,7.47005e+07
85.139,85.139,8.24896,0.09,0.02,2.13597,2.74077,0,0.40017,4.47552,4.55416e+06,2.70226e+06,9.72754e+06,0,0,0,0,80.8192,79.791,9.42664,0,0,1.85423,1.24943,0,1.43237,2.96352,9.46447e+06,3.61194e+06,1.75493e+07,0,0,0,7.47005e+07
85.139,85.139,5.94175,0.09,0.02,2.13656,2.74136,0,0.40028,4.47552,4.55416e+06,2.70226e+06,9.73023e+06,0,0,0,0,80.8192,79.791,6.64978,0,0,1.8545,1.2497,0,1.43258,2.96352,9.46447e+06,3.61194e+06,1.75518e+07,0,0,0,7.47005e+07
85.139,85.139,5.41008,0.09,0.02,2.13715,2.74195,0,0.400391,4.47552,4.55416e+06,2.70226e+06,9.73292e+06,0,0,0,0,80.8192,79.791,5.93355,0,0,1.85477,1.24997,0,1.43279,2.96352,9.46447e+06,3.61194e+06,1.75544e+07,0,0,0,7.47005e+07
85.139,85.139,4.80559,0.07,0.02,2.09994,2.70474,0,0.400502,4.47552,4.55416e+06,2.70226e+06,9.56347e+06,0,0,0,0,80.8192,79.791,4.67475,0,0,1.83626,1.23146,0,1.43299,2.96352,9.46447e+06,3.61194e+06,1.73793e+07,0,0,0,7.47005e+07
85.139,85.139,4.46094,0.08,0.02,2.10052,2.70532,0,0.393529,4.47552,4.55416e+06,2.70226e+06,9.56612e+06,0,0,0,0,80.8192,79.791,3.8936,0,0,1.83653,1.23173,0,1.4187,2.96352,9.46447e+06,3.61194e+06,1.73818e+07,0,0,0,7.47005e+07
85.139,85.139,5.0225,0.08,0.02,2.10111,2.70591,0,0.393638,4.47552,4.55416e+06,2.70226e+06,9.56878e+06,0,0,0,0,80.8192,79.791,3.59447,0,0,1.83679,1.23199,0,1.4189,2.96352,9.46447e+06,3.61194e+06,1.73843e+07,0,0,0,7.47005e+07
85.139,85.139,4.25528,0.08,0.02,2.10169,2.70649,0,0.393748,4.47552,4.55416e+06,2.70226e+06,9.57144e+06,0,0,0,0,80.8192,79.791,3.58275,0,0,1.83706,1.23226,0,1.41911,2.96352,9.46447e+06,3.61194e+06,1.73868e+07,0,0,0,7.47005e+07
85.139,85.139,3.76656,0.07,0.02,2.23069,2.83549,0,0.393857,4.47552,4.55416e+06,2.70226e+06,1.01589e+07,0,0,0,0,80.8192,79.791,3.31259,0,0,1.90396,1.29916,0,1.41931,2.96352,9.46447e+06,3.61194e+06,1.802e+07,0,0,0,7.47005e+07
85.139,85.139,4.0465,0.08,0.02,2.2313,2.8361,0,0.418031,4.47552,4.55416e+06,2.70226e+06,1.01617e+07,0,0,0,0,80.8192,79.791,3.6195,0,0,1.90424,1.29944,0,1.471,2.96352,9.46447e+06,3.61194e+06,1.80226e+07,0,0,0,7.47005e+07
85.139,85.139,3.69023,0.07,0.02,2.23191,2.83671,0,0.418146,4.47552,4.55416e+06,2.70226e+06,1.01645e+07,0,0,0,0,80.8192,79.791,3.06121,0,0,1.90452,1.29972,0,1.47122,2.96352,9.46447e+06,3.61194e+06,1.80253e+07,0,0,0,7.47005e+07
85.139,85.139,3.26276,0.06,0.02,2.23252,2.83732,0,0.41826,4.47552,4.55416e+06,2.70226e+06,1.01673e+07,0,0,0,0,80.8192,79.791,2.73176,0,0,1.9048,1.3,0,1.47143,2.96352,9.46447e+06,3.61194e+06,1.80279e+07,0,0,0,7.47005e+07
85.139,85.139,2.97966,0.06,0.02,2.23313,2.83793,0,0.418375,4.47552,4.55416e+06,2.70226e+06,1.01701e+07,0,0,0,0,80.8192,79.791,2.9109,0,0,1.90508,1.30028,0,1.47165,2.96352,9.46447e+06,3.61194e+06,1.80306e+07,0,0,0,7.47005e+07
85.139,85.139,2.92758,0.05,0.02,2.20832,2.81312,0,0.418489,4.47552,4.55416e+06,2.70226e+06,1.00571e+07,0,0,0,0,80.6617,79.791,2.62797,0,0,1.94203,1.33723,0,1.47187,2.96352,9.46447e+06,3.61194e+06,1.83803e+07,0,0,0,7.47005e+07
85.139,85.139,2.777,0.04,0.02,2.20893,2.81373,0,0.41384,4.47552,4.55416e+06,2.70226e+06,1.00598e+07,0,0,0,0,80.4644,79.791,2.46739,0,0,1.94231,1.33751,0,1.50041,2.96352,9.46447e+06,3.61194e+06,1.8383e+07,0,0,0,7.47005e+07
85.139,85.139,2.53769,0.04,0.02,2.20954,2.81434,0,0.413953,4.47552,4.55416e+06,2.70226e+06,1.00626e+07,0,0,0,0,80.2561,79.791,2.47467,0,0,1.9426,1.3378,0,1.50063,2.96352,9.46447e+06,3.61194e+06,1.83857e+07,0,0,0,7.47005e+07
84.9853,85.139,2.29033,0.04,0.02,2.21014,2.81494,0,0.414067,4.47552,4.55416e+06,2.70226e+06,1.00653e+07,0,0,0,0,79.9977,79.791,2.21399,0,0,1.94289,1.33809,0,1.50085,2.96352,9.46447e+06,3.61194e+06,1.83884e+07,0,0,0,7.47005e+07
84.9976,85.139,2.49458,0.05,0.02,2.27646,2.88126,0,0.414181,4.47552,4.55416e+06,2.70226e+06,1.03674e+07,0,0,0,0,79.7723,79.791,2.33093,0,0,1.97588,1.37108,0,1.50108,2.96352,9.46447e+06,3.61194e+06,1.87007e+07,0,0,0,7.47005e+07
85.139,85.139,2.65199,0.05,0.02,2.27708,2.88188,0,0.426608,4.47552,4.55416e+06,2.70226e+06,1.03702e+07,0,0,0,0,79.6179,79.791,2.56092,0,0,1.97618,1.37138,0,1.52657,2.96352,9.46447e+06,3.61194e+06,1.87035e+07,0,0,0,7.47005e+07
85.0229,85.139,2.3539,0.04,0.02,2.2777,2.8825,0,0.426724,4.47552,4.55416e+06,2.70226e+06,1.0373e+07,0,0,0,0,79.4138,79.791,2.42939,0,0,1.97647,1.37167,0,1.5268,2.96352,9.46447e+06,3.61194e+06,1.87063e+07,0,0,0,7.47005e+07
84.7142,85.139,2.15478,0.06,0.02,2.27832,2.88312,0,0.426841,4.47552,4.55416e+06,2.70226e+06,1.03758e+07,0,0,0,0,79.1841,79.791,2.27711,0,0,1.97677,1.37197,0,1.52702,2.96352,9.46447e+06,3.61194e+06,1.87091e+07,0,0,0,7.47005e+07
84.0796,85.139,1.97664,0.06,0.02,2.47153,3.07633,0,0.426957,4.47552,4.55416e+06,2.70226e+06,1.12558e+07,0,0,0,0,78.9592,79.791,2.24874,0,0,2.09521,1.49041,0,1.52725,2.96352,9.46447e+06,3.61194e+06,1.98301e+07,0,0,0,7.47005e+07
83.9148,85.139,2.45873,0.06,0.02,2.4722,3.077,0,0.463166,4.47552,4.55416e+06,2.70226e+06,1.12588e+07,0,0,0,0,78.7729,79.791,2.20816,0,0,2.09553,1.49073,0,1.61876,2.96352,9.46447e+06,3.61194e+06,1.98331e+07,0,0,0,7.47005e+07
83.9817,85.139,2.71441,0.06,0.02,2.47286,3.07766,0,0.46329,4.47552,4.55416e+06,2.70226e+06,1.12618e+07,0,0,0,0,78.654,79.791,2.71847,0,0,2.09585,1.49105,0,1.61901,2.96352,9.46447e+06,3.61194e+06,1.98361e+07,0,0,0,7.47005e+07
83.5354,85.139,2.19966,0.06,0.02,2.47352,3.07832,0,0.463414,4.47552,4.55416e+06,2.70226e+06,1.12648e+07,0,0,0,0,78.3835,79.791,1.93051,0,0,2.09617,1.49137,0,1.61926,2.96352,9.46447e+06,3.61194e+06,1.98392e+07,0,0,0,7.47005e+07
83.6043,85.139,2.70391,0.07,0.02,2.47419,3.07899,0,0.463538,4.47552,4.55416e+06,2.70226e+06,1.12678e+07,0,0,0,0,78.6153,79.791,3.4849,0,0,2.0965,1.4917,0,1.6195,2.96352,9.46447e+06,3.61194e+06,1.98422e+07,0,0,0,7.47005e+07
84.7185,85.139,3.707,0.07,0.02,2.38089,2.98569,0,0.463662,4.47552,4.55416e+06,2.70226e+06,1.08429e+07,0,0,0,0,78.7498,79.791,3.35422,0,0,2.02503,1.42023,0,1.61975,2.96352,9.46447e+06,3.61194e+06,1.91658e+07,0,0,0,7.47005e+07
85.139,85.139,4.18353,0.07,0.02,2.38153,2.98633,0,0.446178,4.47552,4.55416e+06,2.70226e+06,1.08459e+07,0,0,0,0,79.3197,79.791,4.34741,0,0,2.02534,1.42054,0,1.56454,2.96352,9.46447e+06,3.61194e+06,1.91687e+07,0,0,0,7.47005e+07
85.139,85.139,4.21393,0.05,0.02,2.38217,2.98697,0,0.446299,4.47552,4.55416e+06,2.70226e+06,1.08488e+07,0,0,0,0,80.0637,79.791,4.60043,0,0,2.02564,1.42084,0,1.56477,2.96352,9.46447e+06,3.61194e+06,1.91716e+07,0,0,0,7.47005e+07
85.139,85.139,4.59079,0.05,0.02,2.38282,2.98762,0,0.446419,4.47552,4.55416e+06,2.70226e+06,1.08517e+07,0,0,0,0,80.8192,79.791,4.90789,0,0,2.02595,1.42115,0,1.56501,2.96352,9.46447e+06,3.61194e+06,1.91745e+07,0,0,0,7.47005e+07
85.139,85.139,4.4229,0.05,0.02,2.30627,2.91107,0,0.44654,4.47552,4.55416e+06,2.70226e+06,1.05031e+07,0,0,0,0,80.8192,79.791,5.38645,0,0,1.96085,1.35605,0,1.56525,2.96352,9.46447e+06,3.61194e+06,1.85584e+07,0,0,0,7.47005e+07
85.139,85.139,3.43825,0.05,0.02,2.30689,2.91169,0,0.432194,4.47552,4.55416e+06,2.70226e+06,1.0506e+07,0,0,0,0,80.8192,79.791,2.93915,0,0,1.96114,1.35634,0,1.51495,2.96352,9.46447e+06,3.61194e+06,1.85612e+07,0,0,0,7.47005e+07
85.139,85.139,3.26169,0.05,0.02,2.30752,2.91232,0,0.432312,4.47552,4.55416e+06,2.70226e+06,1.05088e+07,0,0,0,0,80.8192,79.791,4.39053,0,0,1.96144,1.35664,0,1.51518,2.96352,9.46447e+06,3.61194e+06,1.8564e+07,0,0,0,7.47005e+07
85.139,85.139,3.35746,0.03,0.02,2.30815,2.91295,0,0.432429,4.47552,4.55416e+06,2.70226e+06,1.05117e+07,0,0,0,0,80.8192,79.791,3.89889,0,0,1.96173,1.35693,0,1.51541,2.96352,9.46447e+06,3.61194e+06,1.85667e+07,0,0,0,7.47005e+07
85.139,85.139,4.32211,0.03,0.02,2.08935,2.69415,0,0.432547,4.47552,4.55416e+06,2.70226e+06,9.51523e+06,0,0,0,0,80.8192,79.791,5.38307,0,0,1.82569,1.22089,0,1.51563,2.96352,9.46447e+06,3.61194e+06,1.72792e+07,0,0,0,7.47005e+07
85.139,85.139,3.00012,0.03,0.02,2.08993,2.69473,0,0.391544,4.47552,4.55416e+06,2.70226e+06,9.51787e+06,0,0,0,0,80.8192,79.791,4.80519,0,0,1.82596,1.22116,0,1.41053,2.96352,9.46447e+06,3.61194e+06,1.72817e+07,0,0,0,7.47005e+07
85.139,85.139,4.44804,0.04,0.02,2.09051,2.69531,0,0.391653,4.47552,4.55416e+06,2.70226e+06,9.52051e+06,0,0,0,0,80.8192,79.791,5.3486,0,0,1.82622,1.22142,0,1.41073,2.96352,9.46447e+06,3.61194e+06,1.72842e+07,0,0,0,7.47005e+07
85.139,85.139,5.82979,0.05,0.02,2.09109,2.69589,0,0.391761,4.47552,4.55416e+06,2.70226e+06,9.52316e+06,0,0,0,0,80.8192,79.791,6.3314,0,0,1.82648,1.22168,0,1.41094,2.96352,9.46447e+06,3.61194e+06,1.72867e+07,0,0,0,7.47005e+07
85.139,85.139,5.33157,0.07,0.02,2.09167,2.69647,0,0.39187,4.47552,4.55416e+06,2.70226e+06,9.5258e+06,0,0,0,0,80.8192,79.791,11.3436,0,0,1.82674,1.22194,0,1.41114,2.96352,9.46447e+06,3.61194e+06,1.72892e+07,0,0,0,7.47005e+07
85.139,85.139,4.07146,0.07,0.04,2.17673,2.78153,0,0.391979,4.47552,4.55416e+06,2.70226e+06,9.91317e+06,0,0,0,0,80.8192,79.791,4.48542,0,0,1.86652,1.26172,0,1.41134,2.96352,9.46447e+06,3.61194e+06,1.76656e+07,0,0,0,7.47005e+07
85.139,85.139,12.0996,0.07,0.04,2.1773,2.7821,0,0.407919,4.47552,4.55416e+06,2.70226e+06,9.91578e+06,0,0,0,0,80.8192,79.791,10.8842,0,0,1.86678,1.26198,0,1.44207,2.96352,9.46447e+06,3.61194e+06,1.76681e+07,0,0,0,7.47005e+07
85.139,85.139,14.9104,0.1,0.04,2.17788,2.78268,0,0.408026,4.47552,4.55416e+06,2.70226e+06,9.9184e+06,0,0,0,0,80.8192,79.791,17.5603,0,0,1.86704,1.26224,0,1.44228,2.96352,9.46447e+06,3.61194e+06,1.76706e+07,0,0,0,7.47005e+07
85.139,85.139,9.21034,0.1,0.04,2.17845,2.78325,0,0.408134,4.47552,4.55416e+06,2.70226e+06,9.92101e+06,0,0,0,0,80.8192,79.791,12.729,0,0,1.8673,1.2625,0,1.44248,2.96352,9.46447e+06,3.61194e+06,1.7673e+07,0,0,0,7.47005e+07
85.139,85.139,8.98387,0.1,0.04,2.45055,3.05535,0,0.408242,4.47552,4.55416e+06,2.70226e+06,1.11602e+07,0,0,0,0,80.8192,79.791,9.59561,0,0,2.01604,1.41124,0,1.44268,2.96352,9.46447e+06,3.61194e+06,1.90807e+07,0,0,0,7.47005e+07
85.139,85.139,8.3244,0.1,0.04,2.45118,3.05598,0,0.459234,4.47552,4.55416e+06,2.70226e+06,1.11631e+07,0,0,0,0,80.8192,79.791,9.86915,0,0,2.01633,1.41153,0,1.55759,2.96352,9.46447e+06,3.61194e+06,1.90835e+07,0,0,0,7.47005e+07
85.139,85.139,6.02328,0.09,0.04,2.45181,3.05661,0,0.459352,4.47552,4.55416e+06,2.70226e+06,1.1166e+07,0,0,0,0,80.8192,79.791,6.76763,0,0,2.01662,1.41182,0,1.55781,2.96352,9.46447e+06,3.61194e+06,1.90862e+07,0,0,0,7.47005e+07
85.139,85.139,5.95608,0.09,0.04,2.45244,3.05724,0,0.45947,4.47552,4.55416e+06,2.70226e+06,1.11688e+07,0,0,0,0,80.8192,79.791,6.10478,0,0,2.01691,1.41211,0,1.55804,2.96352,9.46447e+06,3.61194e+06,1.9089e+07,0,0,0,7.47005e+07
85.139,85.139,4.01335,0.09,0.04,2.06547,2.67027,0,0.459588,4.47552,4.55416e+06,2.70226e+06,9.40648e+06,0,0,0,0,80.8192,79.791,4.67813,0,0,1.81778,1.21298,0,1.55826,2.96352,9.46447e+06,3.61194e+06,1.72044e+07,0,0,0,7.47005e+07
85.139,85.139,3.75335,0.09,0.04,2.06602,2.67082,0,0.387069,4.47552,4.55416e+06,2.70226e+06,9.40899e+06,0,0,0,0,80.8192,79.791,6.51458,0,0,1.81803,1.21323,0,1.40442,2.96352,9.46447e+06,3.61194e+06,1.72067e+07,0,0,0,7.47005e+07
85.139,85.139,3.24591,0.09,0.04,2.06657,2.67137,0,0.387172,4.47552,4.55416e+06,2.70226e+06,9.4115e+06,0,0,0,0,80.8192,79.791,3.86942,0,0,1.81828,1.21348,0,1.40461,2.96352,9.46447e+06,3.61194e+06,1.72091e+07,0,0,0,7.47005e+07
85.139,85.139,3.19285,0.09,0.04,2.06712,2.67192,0,0.387275,4.47552,4.55416e+06,2.70226e+06,9.41401e+06,0,0,0,0,80.8192,79.791,4.75137,0,0,1.81853,1.21373,0,1.40481,2.96352,9.46447e+06,3.61194e+06,1.72115e+07,0,0,0,7.47005e+07
85.139,85.139,4.4501,0.09,0.04,2.06767,2.67247,0,0.387379,4.47552,4.55416e+06,2.70226e+06,9.41652e+06,0,0,0,0,80.8192,79.791,6.04858,0,0,1.81878,1.21398,0,1.405,2.96352,9.46447e+06,3.61194e+06,1.72138e+07,0,0,0,7.47005e+07
85.139,85.139,4.52419,0.09,0.04,2.16589,2.77069,0,0.387482,4.47552,4.55416e+06,2.70226e+06,9.86382e+06,0,0,0,0,80.8192,79.791,4.67301,0,0,1.86787,1.26307,0,1.40519,2.96352,9.46447e+06,3.61194e+06,1.76784e+07,0,0,0,7.47005e+07
85.139,85.139,2.84663,0.09,0.04,2.16646,2.77126,0,0.405888,4.47552,4.55416e+06,2.70226e+06,9.86642e+06,0,0,0,0,80.7085,79.791,2.99266,0,0,1.86813,1.26333,0,1.44312,2.96352,9.46447e+06,3.61194e+06,1.76809e+07,0,0,0,7.47005e+07
84.7173,85.139,2.25103,0.09,0.04,2.16703,2.77183,0,0.405995,4.47552,4.55416e+06,2.70226e+06,9.86902e+06,0,0,0,0,80.5716,79.791,2.47808,0,0,1.86839,1.26359,0,1.44332,2.96352,9.46447e+06,3.61194e+06,1.76833e+07,0,0,0,7.47005e+07
84.2914,85.139,2.21215,0.16,0.04,2.16761,2.77241,0,0.406102,4.47552,4.55416e+06,2.70226e+06,9.87162e+06,0,0,0,0,80.6323,79.791,2.36154,0,0,1.86865,1.26385,0,1.44352,2.96352,9.46447e+06,3.61194e+06,1.76858e+07,0,0,0,7.47005e+07
84.2575,85.139,2.56469,0.14,0.04,2.12996,2.73476,0,0.406209,4.47552,4.55416e+06,2.70226e+06,9.70018e+06,0,0,0,0,80.8192,79.791,2.90823,0,0,1.84993,1.24513,0,1.44372,2.96352,9.46447e+06,3.61194e+06,1.75086e+07,0,0,0,7.47005e+07
84.2024,85.139,2.53151,0.13,0.04,2.13052,2.73532,0,0.399154,4.47552,4.55416e+06,2.70226e+06,9.70274e+06,0,0,0,0,80.8192,79.791,2.93324,0,0,1.85019,1.24539,0,1.42926,2.96352,9.46447e+06,3.61194e+06,1.7511e+07,0,0,0,7.47005e+07
84.0403,85.139,2.34356,0.13,0.04,2.13109,2.73589,0,0.39926,4.47552,4.55416e+06,2.70226e+06,9.70531e+06,0,0,0,0,80.8192,79.791,2.7045,0,0,1.85044,1.24564,0,1.42945,2.96352,9.46447e+06,3.61194e+06,1.75135e+07,0,0,0,7.47005e+07
83.8279,85.139,2.28908,0.13,0.04,2.13165,2.73645,0,0.399366,4.47552,4.55416e+06,2.70226e+06,9.70788e+06,0,0,0,0,80.8192,79.791,3.08089,0,0,1.8507,1.2459,0,1.42965,2.96352,9.46447e+06,3.61194e+06,1.75159e+07,0,0,0,7.47005e+07
83.5245,85.139,2.30512,0.1,0.04,2.26205,2.86685,0,0.399472,4.47552,4.55416e+06,2.70226e+06,1.03017e+07,0,0,0,0,80.8192,79.791,2.77399,0,0,1.91833,1.31353,0,1.42985,2.96352,9.46447e+06,3.61194e+06,1.8156e+07,0,0,0,7.47005e+07
83.2578,85.139,2.29869,0.1,0.04,2.26264,2.86744,0,0.423909,4.47552,4.55416e+06,2.70226e+06,1.03044e+07,0,0,0,0,80.7589,79.791,2.59441,0,0,1.9186,1.3138,0,1.4821,2.96352,9.46447e+06,3.61194e+06,1.81586e+07,0,0,0,7.47005e+07
82.8521,85.139,2.1242,0.09,0.04,2.26323,2.86803,0,0.424019,4.47552,4.55416e+06,2.70226e+06,1.03071e+07,0,0,0,0,80.7068,79.791,2.60837,0,0,1.91887,1.31407,0,1.48231,2.96352,9.46447e+06,3.61194e+06,1.81611e+07,0,0,0,7.47005e+07
82.3854,85.139,2.05571,0.09,0.04,2.26383,2.86863,0,0.42413,4.47552,4.55416e+06,2.70226e+06,1.03098e+07,0,0,0,0,80.6944,79.791,2.59743,0,0,1.91914,1.31434,0,1.48252,2.96352,9.46447e+06,3.61194e+06,1.81637e+07,0,0,0,7.47005e+07
81.7972,85.139,1.92525,0.09,0.04,2.26442,2.86922,0,0.424241,4.47552,4.55416e+06,2.70226e+06,1.03125e+07,0,0,0,0,80.6148,79.791,2.37262,0,0,1.91941,1.31461,0,1.48273,2.96352,9.46447e+06,3.61194e+06,1.81662e+07,0,0,0,7.47005e+07
80.9261,85.139,1.58095,0.07,0.04,2.23931,2.84411,0,0.424352,4.47552,4.55416e+06,2.70226e+06,1.01982e+07,0,0,0,0,80.3271,79.791,2.1333,0,0,1.95675,1.35195,0,1.48294,2.96352,9.46447e+06,3.61194e+06,1.85196e+07,0,0,0,7.47005e+07
79.9406,85.139,1.45766,0.06,0.04,2.23989,2.84469,0,0.419646,4.47552,4.55416e+06,2.70226e+06,1.02008e+07,0,0,0,0,80.0031,79.791,1.96861,0,0,1.95703,1.35223,0,1.51179,2.96352,9.46447e+06,3.61194e+06,1.85223e+07,0,0,0,7.47005e+07
78.8378,85.139,1.33341,0.06,0.04,2.24048,2.84528,0,0.419756,4.47552,4.55416e+06,2.70226e+06,1.02035e+07,0,0,0,0,79.5091,79.791,1.97453,0,0,1.95731,1.35251,0,1.512,2.96352,9.46447e+06,3.61194e+06,1.85249e+07,0,0,0,7.47005e+07
77.6172,85.139,1.20396,0.09,0.04,2.24107,2.84587,0,0.419866,4.47552,4.55416e+06,2.70226e+06,1.02062e+07,0,0,0,0,78.9543,79.791,1.76669,0,0,1.95759,1.35279,0,1.51222,2.96352,9.46447e+06,3.61194e+06,1.85276e+07,0,0,0,7.47005e+07
76.3757,85.139,1.20645,0.09,0.04,2.30808,2.91288,0,0.419976,4.47552,4.55416e+06,2.70226e+06,1.05114e+07,0,0,0,0,78.3347,79.791,1.75229,0,0,1.99093,1.38613,0,1.51243,2.96352,9.46447e+06,3.61194e+06,1.88431e+07,0,0,0,7.47005e+07
75.0905,85.139,1.14653,0.09,0.04,2.30868,2.91348,0,0.432535,4.47552,4.55416e+06,2.70226e+06,1.05141e+07,0,0,0,0,77.7008,79.791,1.73681,0,0,1.99122,1.38642,0,1.53819,2.96352,9.46447e+06,3.61194e+06,1.88458e+07,0,0,0,7.47005e+07
73.7297,85.139,1.06086,0.08,0.04,2.30928,2.91408,0,0.432647,4.47552,4.55416e+06,2.70226e+06,1.05168e+07,0,0,0,0,76.9359,79.791,1.651,0,0,1.9915,1.3867,0,1.53841,2.96352,9.46447e+06,3.61194e+06,1.88485e+07,0,0,0,7.47005e+07
72.3027,85.139,0.977371,0.13,0.04,2.30988,2.91468,0,0.43276,4.47552,4.55416e+06,2.70226e+06,1.05196e+07,0,0,0,0,76.1496,79.791,1.52467,0,0,1.99179,1.38699,0,1.53864,2.96352,9.46447e+06,3.61194e+06,1.88512e+07,0,0,0,7.47005e+07
70.6602,85.139,0.900448,0.12,0.04,2.50519,3.10999,0,0.432872,4.47552,4.55416e+06,2.70226e+06,1.1409e+07,0,0,0,0,75.3908,79.791,1.47087,0,0,2.11151,1.50671,0,1.53886,2.96352,9.46447e+06,3.61194e+06,1.99844e+07,0,0,0,7.47005e+07
68.9918,85.139,0.850193,0.13,0.04,2.50583,3.11063,0,0.469472,4.47552,4.55416e+06,2.70226e+06,1.14119e+07,0,0,0,0,74.6051,79.791,1.55022,0,0,2.11182,1.50702,0,1.63136,2.96352,9.46447e+06,3.61194e+06,1.99873e+07,0,0,0,7.47005e+07
67.2454,85.139,0.754019,0.13,0.04,2.50647,3.11127,0,0.469592,4.47552,4.55416e+06,2.70226e+06,1.14149e+07,0,0,0,0,73.7943,79.791,1.43829,0,0,2.11214,1.50734,0,1.6316,2.96352,9.46447e+06,3.61194e+06,1.99902e+07,0,0,0,7.47005e+07
65.5952,85.139,0.837533,0.15,0.04,2.50711,3.11191,0,0.469712,4.47552,4.55416e+06,2.70226e+06,1.14178e+07,0,0,0,0,73.1947,79.791,1.48095,0,0,2.11245,1.50765,0,1.63184,2.96352,9.46447e+06,3.61194e+06,1.99932e+07,0,0,0,7.47005e+07
64.4093,85.139,1.34381,0.15,0.04,2.50775,3.11255,0,0.469832,4.47552,4.55416e+06,2.70226e+06,1.14207e+07,0,0,0,0,72.2813,79.791,1.79515,0,0,2.11276,1.50796,0,1.63208,2.96352,9.46447e+06,3.61194e+06,1.99961e+07,0,0,0,7.47005e+07
63.3563,85.139,1.3783,0.15,0.04,2.4134,3.0182,0,0.469952,4.47552,4.55416e+06,2.70226e+06,1.0991e+07,0,0,0,0,71.4585,79.791,1.26227,0,0,2.0405,1.4357,0,1.63232,2.96352,9.46447e+06,3.61194e+06,1.93122e+07,0,0,0,7.47005e+07
61.8432,85.139,0.898474,0.14,0.04,2.41403,3.01883,0,0.452272,4.47552,4.55416e+06,2.70226e+06,1.09939e+07,0,0,0,0,70.2942,79.791,1.37644,0,0,2.04079,1.43599,0,1.57649,2.96352,9.46447e+06,3.61194e+06,1.9315e+07,0,0,0,7.47005e+07
60.2427,85.139,0.799351,0.17,0.04,2.41465,3.01945,0,0.452389,4.47552,4.55416e+06,2.70226e+06,1.09967e+07,0,0,0,0,68.9605,79.791,0.852966,0,0,2.04109,1.43629,0,1.57672,2.96352,9.46447e+06,3.61194e+06,1.93178e+07,0,0,0,7.47005e+07
58.5258,85.139,0.665156,0.17,0.04,2.41527,3.02007,0,0.452505,4.47552,4.55416e+06,2.70226e+06,1.09995e+07,0,0,0,0,67.7344,79.791,0.75847,0,0,2.04139,1.43659,0,1.57695,2.96352,9.46447e+06,3.61194e+06,1.93206e+07,0,0,0,7.47005e+07
57.3094,85.139,1.17071,0.17,0.04,2.33786,2.94266,0,0.452622,4.47552,4.55416e+06,2.70226e+06,1.0647e+07,0,0,0,0,66.669,79.791,0.959899,0,0,1.97557,1.37077,0,1.57717,2.96352,9.46447e+06,3.61194e+06,1.86977e+07,0,0,0,7.47005e+07
56.113,85.139,1.23759,0.16,0.04,2.33847,2.94327,0,0.438115,4.47552,4.55416e+06,2.70226e+06,1.06498e+07,0,0,0,0,65.5594,79.791,0.864573,0,0,1.97585,1.37105,0,1.52633,2.96352,9.46447e+06,3.61194e+06,1.87004e+07,0,0,0,7.47005e+07
54.7523,85.139,1.04992,0.2,0.04,2.33908,2.94388,0,0.438229,4.47552,4.55416e+06,2.70226e+06,1.06525e+07,0,0,0,0,65.0821,79.791,1.02948,0,0,1.97614,1.37134,0,1.52654,2.96352,9.46447e+06,3.61194e+06,1.87031e+07,0,0,0,7.47005e+07
55.4992,85.139,3.25095,0.18,0.04,2.33968,2.94448,0,0.438343,4.47552,4.55416e+06,2.70226e+06,1.06553e+07,0,0,0,0,64.6432,79.791,3.22664,0,0,1.97642,1.37162,0,1.52676,2.96352,9.46447e+06,3.61194e+06,1.87058e+07,0,0,0,7.47005e+07
55.827,85.139,2.6677,0.18,0.04,2.11849,2.72329,0,0.438456,4.47552,4.55416e+06,2.70226e+06,9.64794e+06,0,0,0,0,64.6277,79.791,1.78896,0,0,1.8389,1.2341,0,1.52698,2.96352,9.46447e+06,3.61194e+06,1.74042e+07,0,0,0,7.47005e+07
57.5605,85.139,4.07279,0.18,0.04,2.11905,2.72385,0,0.397005,4.47552,4.55416e+06,2.70226e+06,9.6505e+06,0,0,0,0,64.2712,79.791,2.22054,0,0,1.83915,1.23435,0,1.42073,2.96352,9.46447e+06,3.61194e+06,1.74066e+07,0,0,0,7.47005e+07
58.4203,85.139,3.17589,0.16,0.04,2.11961,2.72441,0,0.39711,4.47552,4.55416e+06,2.70226e+06,9.65305e+06,0,0,0,0,64.0807,79.791,2.00468,0,0,1.83941,1.23461,0,1.42093,2.96352,9.46447e+06,3.61194e+06,1.7409e+07,0,0,0,7.47005e+07
58.8174,85.139,2.7519,0.17,0.04,2.12017,2.72497,0,0.397215,4.47552,4.55416e+06,2.70226e+06,9.65561e+06,0,0,0,0,63.9435,79.791,2.54508,0,0,1.83966,1.23486,0,1.42113,2.96352,9.46447e+06,3.61194e+06,1.74114e+07,0,0,0,7.47005e+07
60.2993,85.139,3.89806,0.17,0.04,2.12074,2.72554,0,0.397321,4.47552,4.55416e+06,2.70226e+06,9.65817e+06,0,0,0,0,63.8936,79.791,2.42446,0,0,1.83992,1.23512,0,1.42132,2.96352,9.46447e+06,3.61194e+06,1.74138e+07,0,0,0,7.47005e+07
62.1578,85.139,4.46898,0.21,0.04,2.20669,2.81149,0,0.397426,4.47552,4.55416e+06,2.70226e+06,1.00496e+07,0,0,0,0,64.1963,79.791,3.13901,0,0,1.88011,1.27531,0,1.42152,2.96352,9.46447e+06,3.61194e+06,1.77943e+07,0,0,0,7.47005e+07
65.7079,85.139,6.30377,0.23,0.04,2.20724,2.81204,0,0.413533,4.47552,4.55416e+06,2.70226e+06,1.00521e+07,0,0,0,0,64.6331,79.791,3.5733,0,0,1.88036,1.27556,0,1.45257,2.96352,9.46447e+06,3.61194e+06,1.77966e+07,0,0,0,7.47005e+07
69.0249,85.139,6.09137,0.18,0.04,2.2078,2.8126,0,0.413637,4.47552,4.55416e+06,2.70226e+06,1.00547e+07,0,0,0,0,65.1802,79.791,3.81021,0,0,1.88061,1.27581,0,1.45277,2.96352,9.46447e+06,3.61194e+06,1.7799e+07,0,0,0,7.47005e+07
72.0932,85.139,5.82838,0.15,0.04,2.20835,2.81315,0,0.413741,4.47552,4.55416e+06,2.70226e+06,1.00572e+07,0,0,0,0,65.6988,79.791,3.82919,0,0,1.88087,1.27607,0,1.45296,2.96352,9.46447e+06,3.61194e+06,1.78014e+07,0,0,0,7.47005e+07
77.6959,85.139,8.77814,0.17,0.04,2.48335,3.08815,0,0.413845,4.47552,4.55416e+06,2.70226e+06,1.13096e+07,0,0,0,0,65.8945,79.791,3.91095,0,0,2.03119,1.42639,0,1.45316,2.96352,9.46447e+06,3.61194e+06,1.92241e+07,0,0,0,7.47005e+07
81.8609,85.139,7.40003,0.14,0.04,2.48396,3.08876,0,0.46538,4.47552,4.55416e+06,2.70226e+06,1.13124e+07,0,0,0,0,66.4688,79.791,5.08537,0,0,2.03147,1.42667,0,1.56929,2.96352,9.46447e+06,3.61194e+06,1.92268e+07,0,0,0,7.47005e+07
85.139,85.139,6.65834,0.11,0.04,2.48457,3.08937,0,0.465495,4.47552,4.55416e+06,2.70226e+06,1.13151e+07,0,0,0,0,66.6612,79.791,3.07511,0,0,2.03175,1.42695,0,1.56951,2.96352,9.46447e+06,3.61194e+06,1.92294e+07,0,0,0,7.47005e+07
85.139,85.139,7.88058,0.07,0.04,2.48518,3.08998,0,0.465609,4.47552,4.55416e+06,2.70226e+06,1.13179e+07,0,0,0,0,67.6442,79.791,4.33885,0,0,2.03203,1.42723,0,1.56973,2.96352,9.46447e+06,3.61194e+06,1.92321e+07,0,0,0,7.47005e+07
85.139,85.139,8.24335,0.07,0.04,2.09404,2.69884,0,0.465723,4.47552,4.55416e+06,2.70226e+06,9.5366e+06,0,0,0,0,68.4081,79.791,6.90385,0,0,1.83076,1.22596,0,1.56995,2.96352,9.46447e+06,3.61194e+06,1.73272e+07,0,0,0,7.47005e+07
85.139,85.139,7.12587,0.08,0.04,2.09458,2.69938,0,0.392423,4.47552,4.55416e+06,2.70226e+06,9.53903e+06,0,0,0,0,68.5472,79.791,3.33339,0,0,1.831,1.2262,0,1.41445,2.96352,9.46447e+06,3.61194e+06,1.73295e+07,0,0,0,7.47005e+07
85.139,85.139,7.6623,0.09,0.04,2.09511,2.69991,0,0.392523,4.47552,4.55416e+06,2.70226e+06,9.54146e+06,0,0,0,0,69.0041,79.791,4.08795,0,0,1.83125,1.22645,0,1.41463,2.96352,9.46447e+06,3.61194e+06,1.73318e+07,0,0,0,7.47005e+07
85.139,85.139,7.02308,0.1,0.04,2.09564,2.70044,0,0.392623,4.47552,4.55416e+06,2.70226e+06,9.54389e+06,0,0,0,0,69.2325,79.791,3.46547,0,0,1.83149,1.22669,0,1.41482,2.96352,9.46447e+06,3.61194e+06,1.73341e+07,0,0,0,7.47005e+07
85.139,85.139,8.50275,0.09,0.04,2.09618,2.70098,0,0.392723,4.47552,4.55416e+06,2.70226e+06,9.54632e+06,0,0,0,0,70.4715,79.791,5.89347,0,0,1.83173,1.22693,0,1.41501,2.96352,9.46447e+06,3.61194e+06,1.73364e+07,0,0,0,7.47005e+07
85.139,85.139,8.08752,0.1,0.04,2.19542,2.80022,0,0.392823,4.47552,4.55416e+06,2.70226e+06,9.99828e+06,0,0,0,0,71.1991,79.791,4.47089,0,0,1.88133,1.27653,0,1.4152,2.96352,9.46447e+06,3.61194e+06,1.78058e+07,0,0,0,7.47005e+07
85.139,85.139,4.24518,0.1,0.04,2.19597,2.80077,0,0.411421,4.47552,4.55416e+06,2.70226e+06,1.00008e+07,0,0,0,0,71.3344,79.791,2.76887,0,0,1.88158,1.27678,0,1.45352,2.96352,9.46447e+06,3.61194e+06,1.78082e+07,0,0,0,7.47005e+07
85.139,85.139,4.65241,0.1,0.04,2.19652,2.80132,0,0.411525,4.47552,4.55416e+06,2.70226e+06,1.00033e+07,0,0,0,0,71.4491,79.791,2.76389,0,0,1.88183,1.27703,0,1.45371,2.96352,9.46447e+06,3.61194e+06,1.78106e+07,0,0,0,7.47005e+07
85.139,85.139,3.73351,0.09,0.04,2.19708,2.80188,0,0.411628,4.47552,4.55416e+06,2.70226e+06,1.00058e+07,0,0,0,0,71.4141,79.791,2.4671,0,0,1.88209,1.27729,0,1.45391,2.96352,9.46447e+06,3.61194e+06,1.7813e+07,0,0,0,7.47005e+07
85.139,85.139,3.55039,0.11,0.04,2.15901,2.76381,0,0.411732,4.47552,4.55416e+06,2.70226e+06,9.83246e+06,0,0,0,0,71.344,79.791,2.66244,0,0,1.86315,1.25835,0,1.4541,2.96352,9.46447e+06,3.61194e+06,1.76338e+07,0,0,0,7.47005e+07
85.139,85.139,3.21747,0.1,0.04,2.15955,2.76435,0,0.404598,4.47552,4.55416e+06,2.70226e+06,9.83495e+06,0,0,0,0,71.2578,79.791,2.51548,0,0,1.8634,1.2586,0,1.43947,2.96352,9.46447e+06,3.61194e+06,1.76361e+07,0,0,0,7.47005e+07
85.139,85.139,3.1289,0.09,0.04,2.1601,2.7649,0,0.4047,4.47552,4.55416e+06,2.70226e+06,9.83743e+06,0,0,0,0,71.2471,79.791,2.79411,0,0,1.86365,1.25885,0,1.43967,2.96352,9.46447e+06,3.61194e+06,1.76385e+07,0,0,0,7.47005e+07
85.139,85.139,3.02396,0.09,0.04,2.16064,2.76544,0,0.404802,4.47552,4.55416e+06,2.70226e+06,9.83992e+06,0,0,0,0,71.2395,79.791,2.55634,0,0,1.8639,1.2591,0,1.43986,2.96352,9.46447e+06,3.61194e+06,1.76408e+07,0,0,0,7.47005e+07
85.139,85.139,2.88341,0.09,0.04,2.2924,2.8972,0,0.404905,4.47552,4.55416e+06,2.70226e+06,1.044e+07,0,0,0,0,71.0368,79.791,2.34023,0,0,1.93224,1.32744,0,1.44005,2.96352,9.46447e+06,3.61194e+06,1.82876e+07,0,0,0,7.47005e+07
85.0987,85.139,2.61211,0.09,0.04,2.29297,2.89777,0,0.429596,4.47552,4.55416e+06,2.70226e+06,1.04426e+07,0,0,0,0,70.7491,79.791,2.13432,0,0,1.9325,1.3277,0,1.49285,2.96352,9.46447e+06,3.61194e+06,1.82901e+07,0,0,0,7.47005e+07
84.8756,85.139,2.38326,0.1,0.04,2.29355,2.89835,0,0.429703,4.47552,4.55416e+06,2.70226e+06,1.04452e+07,0,0,0,0,70.452,79.791,2.12339,0,0,1.93276,1.32796,0,1.49305,2.96352,9.46447e+06,3.61194e+06,1.82926e+07,0,0,0,7.47005e+07
84.6084,85.139,2.33307,0.09,0.04,2.29412,2.89892,0,0.42981,4.47552,4.55416e+06,2.70226e+06,1.04478e+07,0,0,0,0,70.1692,79.791,2.15331,0,0,1.93302,1.32822,0,1.49325,2.96352,9.46447e+06,3.61194e+06,1.8295e+07,0,0,0,7.47005e+07
84.1951,85.139,2.17773,0.09,0.04,2.29469,2.89949,0,0.429918,4.47552,4.55416e+06,2.70226e+06,1.04504e+07,0,0,0,0,69.8771,79.791,1.98421,0,0,1.93329,1.32849,0,1.49345,2.96352,9.46447e+06,3.61194e+06,1.82975e+07,0,0,0,7.47005e+07
83.8146,85.139,2.14836,0.08,0.04,2.26929,2.87409,0,0.430025,4.47552,4.55416e+06,2.70226e+06,1.03347e+07,0,0,0,0,69.5622,79.791,2.19556,0,0,1.97101,1.36621,0,1.49366,2.96352,9.46447e+06,3.61194e+06,1.86545e+07,0,0,0,7.47005e+07
83.3457,85.139,2.04386,0.07,0.04,2.26986,2.87466,0,0.425265,4.47552,4.55416e+06,2.70226e+06,1.03373e+07,0,0,0,0,69.2181,79.791,2.18833,0,0,1.97128,1.36648,0,1.5228,2.96352,9.46447e+06,3.61194e+06,1.86571e+07,0,0,0,7.47005e+07
82.705,85.139,1.86943,0.06,0.04,2.27043,2.87523,0,0.425371,4.47552,4.55416e+06,2.70226e+06,1.03399e+07,0,0,0,0,68.8692,79.791,2.18,0,0,1.97155,1.36675,0,1.52301,2.96352,9.46447e+06,3.61194e+06,1.86596e+07,0,0,0,7.47005e+07
81.8988,85.139,1.69073,0.07,0.04,2.27099,2.87579,0,0.425478,4.47552,4.55416e+06,2.70226e+06,1.03425e+07,0,0,0,0,68.405,79.791,1.94819,0,0,1.97182,1.36702,0,1.52322,2.96352,9.46447e+06,3.61194e+06,1.86622e+07,0,0,0,7.47005e+07
80.9017,85.139,1.51661,0.06,0.04,2.33869,2.94349,0,0.425584,4.47552,4.55416e+06,2.70226e+06,1.06508e+07,0,0,0,0,67.6806,79.791,1.75531,0,0,2.0055,1.4007,0,1.52343,2.96352,9.46447e+06,3.61194e+06,1.8981e+07,0,0,0,7.47005e+07
79.9395,85.139,1.56228,0.06,0.04,2.33927,2.94407,0,0.43827,4.47552,4.55416e+06,2.70226e+06,1.06534e+07,0,0,0,0,67.0926,79.791,1.60544,0,0,2.00577,1.40097,0,1.54945,2.96352,9.46447e+06,3.61194e+06,1.89836e+07,0,0,0,7.47005e+07
78.8652,85.139,1.42896,0.06,0.04,2.33985,2.94465,0,0.438379,4.47552,4.55416e+06,2.70226e+06,1.06561e+07,0,0,0,0,66.2553,79.791,1.59986,0,0,2.00605,1.40125,0,1.54966,2.96352,9.46447e+06,3.61194e+06,1.89862e+07,0,0,0,7.47005e+07
77.6824,85.139,1.31108,0.09,0.04,2.34043,2.94523,0,0.438488,4.47552,4.55416e+06,2.70226e+06,1.06587e+07,0,0,0,0,65.6299,79.791,1.39653,0,0,2.00633,1.40153,0,1.54987,2.96352,9.46447e+06,3.61194e+06,1.89888e+07,0,0,0,7.47005e+07
76.4209,85.139,1.37975,0.09,0.04,2.53775,3.14255,0,0.438597,4.47552,4.55416e+06,2.70226e+06,1.15573e+07,0,0,0,0,64.9014,79.791,1.66829,0,0,2.12729,1.52249,0,1.55009,2.96352,9.46447e+06,3.61194e+06,2.01337e+07,0,0,0,7.47005e+07
75.0524,85.139,1.25966,0.1,0.04,2.53837,3.14317,0,0.475575,4.47552,4.55416e+06,2.70226e+06,1.15602e+07,0,0,0,0,64.3271,79.791,1.50177,0,0,2.12759,1.52279,0,1.64355,2.96352,9.46447e+06,3.61194e+06,2.01366e+07,0,0,0,7.47005e+07
73.8099,85.139,1.3818,0.1,0.04,2.539,3.1438,0,0.475691,4.47552,4.55416e+06,2.70226e+06,1.1563e+07,0,0,0,0,63.5307,79.791,1.78514,0,0,2.12789,1.52309,0,1.64378,2.96352,9.46447e+06,3.61194e+06,2.01394e+07,0,0,0,7.47005e+07
72.3056,85.139,1.1204,0.1,0.04,2.53962,3.14442,0,0.475808,4.47552,4.55416e+06,2.70226e+06,1.15658e+07,0,0,0,0,62.9085,79.791,1.34662,0,0,2.1282,1.5234,0,1.64401,2.96352,9.46447e+06,3.61194e+06,2.01422e+07,0,0,0,7.47005e+07
71.0332,85.139,1.33113,0.14,0.04,2.54024,3.14504,0,0.475924,4.47552,4.55416e+06,2.70226e+06,1.15686e+07,0,0,0,0,62.4639,79.791,2.19769,0,0,2.1285,1.5237,0,1.64424,2.96352,9.46447e+06,3.61194e+06,2.01451e+07,0,0,0,7.47005e+07
69.6356,85.139,1.13542,0.13,0.04,2.44488,3.04968,0,0.47604,4.47552,4.55416e+06,2.70226e+06,1.11344e+07,0,0,0,0,61.9457,79.791,2.13565,0,0,2.05547,1.45067,0,1.64448,2.96352,9.46447e+06,3.61194e+06,1.94539e+07,0,0,0,7.47005e+07
68.2958,85.139,1.20538,0.14,0.04,2.44548,3.05028,0,0.458171,4.47552,4.55416e+06,2.70226e+06,1.11371e+07,0,0,0,0,61.3676,79.791,1.84814,0,0,2.05576,1.45096,0,1.58806,2.96352,9.46447e+06,3.61194e+06,1.94567e+07,0,0,0,7.47005e+07
67.942,85.139,2.19277,0.14,0.04,2.44609,3.05089,0,0.458283,4.47552,4.55416e+06,2.70226e+06,1.11399e+07,0,0,0,0,60.9752,79.791,2.3184,0,0,2.05604,1.45124,0,1.58828,2.96352,9.46447e+06,3.61194e+06,1.94594e+07,0,0,0,7.47005e+07
66.4944,85.139,1.08962,0.14,0.04,2.44669,3.05149,0,0.458396,4.47552,4.55416e+06,2.70226e+06,1.11426e+07,0,0,0,0,60.4,79.791,1.78398,0,0,2.05633,1.45153,0,1.5885,2.96352,9.46447e+06,3.61194e+06,1.94621e+07,0,0,0,7.47005e+07
65.5492,85.139,1.55539,0.14,0.04,2.36845,2.97325,0,0.458509,4.47552,4.55416e+06,2.70226e+06,1.07863e+07,0,0,0,0,59.917,79.791,2.15208,0,0,1.98982,1.38502,0,1.58872,2.96352,9.46447e+06,3.61194e+06,1.88326e+07,0,0,0,7.47005e+07
64.325,85.139,1.2855,0.13,0.04,2.36903,2.97383,0,0.443847,4.47552,4.55416e+06,2.70226e+06,1.0789e+07,0,0,0,0,59.4443,79.791,1.93084,0,0,1.99009,1.38529,0,1.53733,2.96352,9.46447e+06,3.61194e+06,1.88352e+07,0,0,0,7.47005e+07
63.7941,85.139,2.01425,0.13,0.04,2.36962,2.97442,0,0.443957,4.47552,4.55416e+06,2.70226e+06,1.07916e+07,0,0,0,0,59.1723,79.791,2.84643,0,0,1.99037,1.38557,0,1.53755,2.96352,9.46447e+06,3.61194e+06,1.88378e+07,0,0,0,7.47005e+07
64.7409,85.139,3.56799,0.13,0.04,2.37021,2.97501,0,0.444067,4.47552,4.55416e+06,2.70226e+06,1.07943e+07,0,0,0,0,59.3115,79.791,3.70426,0,0,1.99064,1.38584,0,1.53776,2.96352,9.46447e+06,3.61194e+06,1.88404e+07,0,0,0,7.47005e+07
66.4571,85.139,4.17663,0.14,0.04,2.1467,2.7515,0,0.444177,4.47552,4.55416e+06,2.70226e+06,9.77641e+06,0,0,0,0,59.454,79.791,3.94816,0,0,1.85168,1.24688,0,1.53797,2.96352,9.46447e+06,3.61194e+06,1.75252e+07,0,0,0,7.47005e+07
66.8395,85.139,2.90462,0.14,0.04,2.14724,2.75204,0,0.402291,4.47552,4.55416e+06,2.70226e+06,9.77889e+06,0,0,0,0,59.8579,79.791,4.37328,0,0,1.85193,1.24713,0,1.43061,2.96352,9.46447e+06,3.61194e+06,1.75275e+07,0,0,0,7.47005e+07
66.4342,85.139,2.09298,0.15,0.04,2.14779,2.75259,0,0.402393,4.47552,4.55416e+06,2.70226e+06,9.78136e+06,0,0,0,0,59.4411,79.791,2.89661,0,0,1.85217,1.24737,0,1.4308,2.96352,9.46447e+06,3.61194e+06,1.75299e+07,0,0,0,7.47005e+07
66.0525,85.139,2.10443,0.16,0.04,2.14833,2.75313,0,0.402495,4.47552,4.55416e+06,2.70226e+06,9.78384e+06,0,0,0,0,58.7409,79.791,1.74891,0,0,1.85242,1.24762,0,1.43099,2.96352,9.46447e+06,3.61194e+06,1.75322e+07,0,0,0,7.47005e+07
65.428,85.139,1.86026,0.16,0.04,2.14887,2.75367,0,0.402597,4.47552,4.55416e+06,2.70226e+06,9.78631e+06,0,0,0,0,58.3651,79.791,1.58578,0,0,1.85267,1.24787,0,1.43118,2.96352,9.46447e+06,3.61194e+06,1.75345e+07,0,0,0,7.47005e+07
66.3116,85.139,3.56193,0.17,0.04,2.23569,2.84049,0,0.402699,4.47552,4.55416e+06,2.70226e+06,1.01817e+07,0,0,0,0,58.7498,79.791,4.38635,0,0,1.89327,1.28847,0,1.43137,2.96352,9.46447e+06,3.61194e+06,1.79188e+07,0,0,0,7.47005e+07
67.9501,85.139,4.3282,0.19,0.04,2.23623,2.84103,0,0.418968,4.47552,4.55416e+06,2.70226e+06,1.01841e+07,0,0,0,0,59.753,79.791,6.24636,0,0,1.89351,1.28871,0,1.46274,2.96352,9.46447e+06,3.61194e+06,1.79211e+07,0,0,0,7.47005e+07
69.2104,85.139,3.93433,0.19,0.04,2.23676,2.84156,0,0.419069,4.47552,4.55416e+06,2.70226e+06,1.01866e+07,0,0,0,0,60.5904,79.791,5.69484,0,0,1.89375,1.28895,0,1.46293,2.96352,9.46447e+06,3.61194e+06,1.79234e+07,0,0,0,7.47005e+07
70.3816,85.139,3.85852,0.16,0.04,2.2373,2.8421,0,0.41917,4.47552,4.55416e+06,2.70226e+06,1.0189e+07,0,0,0,0,61.447,79.791,5.79716,0,0,1.894,1.2892,0,1.46311,2.96352,9.46447e+06,3.61194e+06,1.79257e+07,0,0,0,7.47005e+07
71.247,85.139,3.85407,0.18,0.04,2.51511,3.11991,0,0.419271,4.47552,4.55416e+06,2.70226e+06,1.14542e+07,0,0,0,0,62.1042,79.791,5.59089,0,0,2.04585,1.44105,0,1.4633,2.96352,9.46447e+06,3.61194e+06,1.93629e+07,0,0,0,7.47005e+07
71.1737,85.139,2.8887,0.2,0.04,2.5157,3.1205,0,0.471331,4.47552,4.55416e+06,2.70226e+06,1.14569e+07,0,0,0,0,62.8259,79.791,5.08708,0,0,2.04613,1.44133,0,1.58063,2.96352,9.46447e+06,3.61194e+06,1.93655e+07,0,0,0,7.47005e+07
71.1106,85.139,2.88248,0.2,0.04,2.51629,3.12109,0,0.471442,4.47552,4.55416e+06,2.70226e+06,1.14596e+07,0,0,0,0,63.7101,79.791,5.36449,0,0,2.0464,1.4416,0,1.58084,2.96352,9.46447e+06,3.61194e+06,1.93681e+07,0,0,0,7.47005e+07
71.2727,85.139,3.11821,0.21,0.04,2.51688,3.12168,0,0.471552,4.47552,4.55416e+06,2.70226e+06,1.14623e+07,0,0,0,0,64.9056,79.791,5.84871,0,0,2.04667,1.44187,0,1.58105,2.96352,9.46447e+06,3.61194e+06,1.93707e+07,0,0,0,7.47005e+07
72.6911,85.139,4.165,0.23,0.04,2.1217,2.7265,0,0.471663,4.47552,4.55416e+06,2.70226e+06,9.66258e+06,0,0,0,0,66.6112,79.791,6.83772,0,0,1.84333,1.23853,0,1.58126,2.96352,9.46447e+06,3.61194e+06,1.74461e+07,0,0,0,7.47005e+07
76.7025,85.139,6.94374,0.26,0.04,2.12222,2.72702,0,0.397607,4.47552,4.55416e+06,2.70226e+06,9.66493e+06,0,0,0,0,69.4042,79.791,10.2025,0,0,1.84356,1.23876,0,1.42415,2.96352,9.46447e+06,3.61194e+06,1.74483e+07,0,0,0,7.47005e+07
78.7483,85.139,5.0154,0.2,0.04,2.12274,2.72754,0,0.397704,4.47552,4.55416e+06,2.70226e+06,9.66728e+06,0,0,0,0,71.4582,79.791,8.12155,0,0,1.8438,1.239,0,1.42434,2.96352,9.46447e+06,3.61194e+06,1.74506e+07,0,0,0,7.47005e+07
80.3545,85.139,4.47182,0.22,0.04,2.12325,2.72805,0,0.397801,4.47552,4.55416e+06,2.70226e+06,9.66963e+06,0,0,0,0,72.6087,79.791,6.02596,0,0,1.84403,1.23923,0,1.42452,2.96352,9.46447e+06,3.61194e+06,1.74528e+07,0,0,0,7.47005e+07
82.2094,85.139,4.72035,0.16,0.04,2.12377,2.72857,0,0.397898,4.47552,4.55416e+06,2.70226e+06,9.67199e+06,0,0,0,0,74.3509,79.791,7.77116,0,0,1.84427,1.23947,0,1.4247,2.96352,9.46447e+06,3.61194e+06,1.7455e+07,0,0,0,7.47005e+07
85.139,85.139,6.44579,0.17,0.04,2.224,2.8288,0,0.397994,4.47552,4.55416e+06,2.70226e+06,1.01285e+07,0,0,0,0,76.6918,79.791,9.18283,0,0,1.89436,1.28956,0,1.42488,2.96352,9.46447e+06,3.61194e+06,1.79291e+07,0,0,0,7.47005e+07
85.139,85.139,4.88189,0.1,0.04,2.22454,2.82934,0,0.416778,4.47552,4.55416e+06,2.70226e+06,1.01309e+07,0,0,0,0,78.608,79.791,7.92599,0,0,1.8946,1.2898,0,1.46358,2.96352,9.46447e+06,3.61194e+06,1.79314e+07,0,0,0,7.47005e+07
85.139,85.139,5.47333,0.1,0.04,2.22507,2.82987,0,0.416878,4.47552,4.55416e+06,2.70226e+06,1.01333e+07,0,0,0,0,80.4836,79.791,7.28673,0,0,1.89485,1.29005,0,1.46377,2.96352,9.46447e+06,3.61194e+06,1.79338e+07,0,0,0,7.47005e+07
85.139,85.139,4.39352,0.11,0.04,2.22561,2.83041,0,0.416979,4.47552,4.55416e+06,2.70226e+06,1.01358e+07,0,0,0,0,80.8192,79.791,6.98439,0,0,1.89509,1.29029,0,1.46396,2.96352,9.46447e+06,3.61194e+06,1.79361e+07,0,0,0,7.47005e+07
85.139,85.139,3.82617,0.11,0.04,2.18713,2.79193,0,0.417079,4.47552,4.55416e+06,2.70226e+06,9.96053e+06,0,0,0,0,80.8192,79.791,4.74365,0,0,1.87596,1.27116,0,1.46415,2.96352,9.46447e+06,3.61194e+06,1.7755e+07,0,0,0,7.47005e+07
85.139,85.139,3.24142,0.11,0.04,2.18766,2.79246,0,0.409868,4.47552,4.55416e+06,2.70226e+06,9.96294e+06,0,0,0,0,80.8192,79.791,4.22459,0,0,1.8762,1.2714,0,1.44937,2.96352,9.46447e+06,3.61194e+06,1.77572e+07,0,0,0,7.47005e+07
85.0976,85.139,2.56941,0.09,0.04,2.18819,2.79299,0,0.409967,4.47552,4.55416e+06,2.70226e+06,9.96535e+06,0,0,0,0,80.8192,79.791,3.12794,0,0,1.87644,1.27164,0,1.44955,2.96352,9.46447e+06,3.61194e+06,1.77595e+07,0,0,0,7.47005e+07
84.7619,85.139,2.25094,0.17,0.04,2.18871,2.79351,0,0.410066,4.47552,4.55416e+06,2.70226e+06,9.96776e+06,0,0,0,0,80.8192,79.791,2.82888,0,0,1.87668,1.27188,0,1.44974,2.96352,9.46447e+06,3.61194e+06,1.77618e+07,0,0,0,7.47005e+07
84.1057,85.139,2.01713,0.14,0.04,2.32178,2.92658,0,0.410165,4.47552,4.55416e+06,2.70226e+06,1.05738e+07,0,0,0,0,80.7259,79.791,2.50729,0,0,1.9457,1.3409,0,1.44992,2.96352,9.46447e+06,3.61194e+06,1.8415e+07,0,0,0,7.47005e+07
83.6849,85.139,2.21405,0.11,0.04,2.32234,2.92714,0,0.435102,4.47552,4.55416e+06,2.70226e+06,1.05763e+07,0,0,0,0,80.7266,79.791,2.89411,0,0,1.94595,1.34115,0,1.50325,2.96352,9.46447e+06,3.61194e+06,1.84174e+07,0,0,0,7.47005e+07
83.0574,85.139,1.98997,0.11,0.04,2.32289,2.92769,0,0.435206,4.47552,4.55416e+06,2.70226e+06,1.05788e+07,0,0,0,0,80.6813,79.791,2.89251,0,0,1.94621,1.34141,0,1.50344,2.96352,9.46447e+06,3.61194e+06,1.84198e+07,0,0,0,7.47005e+07
82.2473,85.139,1.79391,0.1,0.04,2.32345,2.92825,0,0.43531,4.47552,4.55416e+06,2.70226e+06,1.05814e+07,0,0,0,0,80.4958,79.791,2.48127,0,0,1.94646,1.34166,0,1.50364,2.96352,9.46447e+06,3.61194e+06,1.84222e+07,0,0,0,7.47005e+07
81.3493,85.139,1.67127,0.09,0.04,2.324,2.9288,0,0.435414,4.47552,4.55416e+06,2.70226e+06,1.05839e+07,0,0,0,0,80.2712,79.791,2.4669,0,0,1.94672,1.34192,0,1.50384,2.96352,9.46447e+06,3.61194e+06,1.84246e+07,0,0,0,7.47005e+07
80.9258,85.139,2.10529,0.08,0.04,2.29832,2.90312,0,0.435518,4.47552,4.55416e+06,2.70226e+06,1.04669e+07,0,0,0,0,80.1907,79.791,2.99024,0,0,1.98481,1.38001,0,1.50403,2.96352,9.46447e+06,3.61194e+06,1.87851e+07,0,0,0,7.47005e+07
80.7801,85.139,2.37815,0.08,0.04,2.29887,2.90367,0,0.430705,4.47552,4.55416e+06,2.70226e+06,1.04694e+07,0,0,0,0,80.2315,79.791,3.4045,0,0,1.98507,1.38027,0,1.53346,2.96352,9.46447e+06,3.61194e+06,1.87876e+07,0,0,0,7.47005e+07
80.444,85.139,2.18543,0.07,0.04,2.29942,2.90422,0,0.430808,4.47552,4.55416e+06,2.70226e+06,1.04719e+07,0,0,0,0,80.249,79.791,3.42011,0,0,1.98533,1.38053,0,1.53366,2.96352,9.46447e+06,3.61194e+06,1.87901e+07,0,0,0,7.47005e+07
79.9344,85.139,2.00143,0.07,0.04,2.29997,2.90477,0,0.430911,4.47552,4.55416e+06,2.70226e+06,1.04744e+07,0,0,0,0,80.205,79.791,3.01713,0,0,1.98559,1.38079,0,1.53387,2.96352,9.46447e+06,3.61194e+06,1.87926e+07,0,0,0,7.47005e+07
79.1939,85.139,1.79161,0.06,0.04,2.36832,2.97312,0,0.431014,4.47552,4.55416e+06,2.70226e+06,1.07857e+07,0,0,0,0,80.0577,79.791,2.85274,0,0,2.0196,1.4148,0,1.53407,2.96352,9.46447e+06,3.61194e+06,1.91144e+07,0,0,0,7.47005e+07
78.3632,85.139,1.70553,0.1,0.04,2.36889,2.97369,0,0.443824,4.47552,4.55416e+06,2.70226e+06,1.07883e+07,0,0,0,0,80.0171,79.791,2.88321,0,0,2.01987,1.41507,0,1.56034,2.96352,9.46447e+06,3.61194e+06,1.9117e+07,0,0,0,7.47005e+07
77.3949,85.139,1.53893,0.09,0.04,2.36945,2.97425,0,0.443929,4.47552,4.55416e+06,2.70226e+06,1.07909e+07,0,0,0,0,79.8093,79.791,2.7439,0,0,2.02013,1.41533,0,1.56055,2.96352,9.46447e+06,3.61194e+06,1.91195e+07,0,0,0,7.47005e+07
76.3016,85.139,1.40202,0.09,0.04,2.37001,2.97481,0,0.444035,4.47552,4.55416e+06,2.70226e+06,1.07934e+07,0,0,0,0,79.5478,79.791,2.39134,0,0,2.0204,1.4156,0,1.56076,2.96352,9.46447e+06,3.61194e+06,1.9122e+07,0,0,0,7.47005e+07
75.1719,85.139,1.51864,0.1,0.04,2.56929,3.17409,0,0.44414,4.47552,4.55416e+06,2.70226e+06,1.1701e+07,0,0,0,0,79.4209,79.791,2.97393,0,0,2.14257,1.53777,0,1.56096,2.96352,9.46447e+06,3.61194e+06,2.02783e+07,0,0,0,7.47005e+07
73.8098,85.139,1.26951,0.1,0.04,2.56989,3.17469,0,0.481485,4.47552,4.55416e+06,2.70226e+06,1.17037e+07,0,0,0,0,79.281,79.791,2.91633,0,0,2.14286,1.53806,0,1.65535,2.96352,9.46447e+06,3.61194e+06,2.02811e+07,0,0,0,7.47005e+07
72.4138,85.139,1.22524,0.1,0.04,2.57049,3.17529,0,0.481597,4.47552,4.55416e+06,2.70226e+06,1.17064e+07,0,0,0,0,79.1253,79.791,2.84239,0,0,2.14315,1.53835,0,1.65558,2.96352,9.46447e+06,3.61194e+06,2.02838e+07,0,0,0,7.47005e+07
71.596,85.139,1.83731,0.15,0.04,2.57109,3.17589,0,0.48171,4.47552,4.55416e+06,2.70226e+06,1.17092e+07,0,0,0,0,79.1303,79.791,3.37932,0,0,2.14344,1.53864,0,1.6558,2.96352,9.46447e+06,3.61194e+06,2.02866e+07,0,0,0,7.47005e+07
71.4766,85.139,2.57635,0.15,0.04,2.57169,3.17649,0,0.481823,4.47552,4.55416e+06,2.70226e+06,1.17119e+07,0,0,0,0,79.4244,79.791,3.78092,0,0,2.14374,1.53894,0,1.65603,2.96352,9.46447e+06,3.61194e+06,2.02893e+07,0,0,0,7.47005e+07
71.0079,85.139,2.09794,0.14,0.04,2.47536,3.08016,0,0.481935,4.47552,4.55416e+06,2.70226e+06,1.12732e+07,0,0,0,0,79.3828,79.791,3.28725,0,0,2.06997,1.46517,0,1.65625,2.96352,9.46447e+06,3.61194e+06,1.95912e+07,0,0,0,7.47005e+07
71.0029,85.139,2.56903,0.14,0.04,2.47594,3.08074,0,0.463882,4.47552,4.55416e+06,2.70226e+06,1.12758e+07,0,0,0,0,79.3909,79.791,3.49128,0,0,2.07025,1.46545,0,1.59926,2.96352,9.46447e+06,3.61194e+06,1.95938e+07,0,0,0,7.47005e+07
71.2874,85.139,2.90952,0.14,0.04,2.47652,3.08132,0,0.463991,4.47552,4.55416e+06,2.70226e+06,1.12785e+07,0,0,0,0,79.8457,79.791,4.83027,0,0,2.07052,1.46572,0,1.59947,2.96352,9.46447e+06,3.61194e+06,1.95964e+07,0,0,0,7.47005e+07
71.4339,85.139,2.79985,0.12,0.04,2.47711,3.08191,0,0.464101,4.47552,4.55416e+06,2.70226e+06,1.12811e+07,0,0,0,0,80.2622,79.791,4.59388,0,0,2.0708,1.466,0,1.59969,2.96352,9.46447e+06,3.61194e+06,1.9599e+07,0,0,0,7.47005e+07
71.9767,85.139,3.25024,0.12,0.04,2.39806,3.00286,0,0.46421,4.47552,4.55416e+06,2.70226e+06,1.09212e+07,0,0,0,0,80.8192,79.791,5.77792,0,0,2.00361,1.39881,0,1.5999,2.96352,9.46447e+06,3.61194e+06,1.89632e+07,0,0,0,7.47005e+07
70.7661,85.139,1.49426,0.12,0.04,2.39863,3.00343,0,0.449397,4.47552,4.55416e+06,2.70226e+06,1.09238e+07,0,0,0,0,80.8192,79.791,3.31769,0,0,2.00388,1.39908,0,1.54799,2.96352,9.46447e+06,3.61194e+06,1.89657e+07,0,0,0,7.47005e+07
70.947,85.139,2.83365,0.12,0.04,2.3992,3.004,0,0.449503,4.47552,4.55416e+06,2.70226e+06,1.09263e+07,0,0,0,0,80.8192,79.791,4.45998,0,0,2.00414,1.39934,0,1.5482,2.96352,9.46447e+06,3.61194e+06,1.89682e+07,0,0,0,7.47005e+07
76.4006,85.139,8.37246,0.13,0.04,2.39977,3.00457,0,0.44961,4.47552,4.55416e+06,2.70226e+06,1.09289e+07,0,0,0,0,80.8192,79.791,7.59191,0,0,2.00441,1.39961,0,1.5484,2.96352,9.46447e+06,3.61194e+06,1.89707e+07,0,0,0,7.47005e+07
78.0754,85.139,4.32259,0.12,0.04,2.17402,2.77882,0,0.449717,4.47552,4.55416e+06,2.70226e+06,9.90082e+06,0,0,0,0,80.8192,79.791,5.34803,0,0,1.86406,1.25926,0,1.54861,2.96352,9.46447e+06,3.61194e+06,1.76424e+07,0,0,0,7.47005e+07
77.8091,85.139,2.35232,0.12,0.04,2.17454,2.77934,0,0.407411,4.47552,4.55416e+06,2.70226e+06,9.90321e+06,0,0,0,0,80.8192,79.791,4.03093,0,0,1.8643,1.2595,0,1.44017,2.96352,9.46447e+06,3.61194e+06,1.76446e+07,0,0,0,7.47005e+07
77.8454,85.139,2.70187,0.13,0.04,2.17507,2.77987,0,0.407509,4.47552,4.55416e+06,2.70226e+06,9.90561e+06,0,0,0,0,80.8192,79.791,5.80377,0,0,1.86454,1.25974,0,1.44036,2.96352,9.46447e+06,3.61194e+06,1.76469e+07,0,0,0,7.47005e+07
78.0731,85.139,2.92971,0.13,0.04,2.17559,2.78039,0,0.407608,4.47552,4.55416e+06,2.70226e+06,9.908e+06,0,0,0,0,80.8192,79.791,5.84088,0,0,1.86478,1.25998,0,1.44054,2.96352,9.46447e+06,3.61194e+06,1.76491e+07,0,0,0,7.47005e+07
79.3836,85.139,3.99539,0.13,0.04,2.17612,2.78092,0,0.407706,4.47552,4.55416e+06,2.70226e+06,9.9104e+06,0,0,0,0,80.8192,79.791,5.50306,0,0,1.86501,1.26021,0,1.44073,2.96352,9.46447e+06,3.61194e+06,1.76514e+07,0,0,0,7.47005e+07
81.1478,85.139,4.60068,0.12,0.04,2.17612,2.78092,0,0.407805,4.47552,4.55416e+06,2.70226e+06,9.9104e+06,0,0,0,0,80.8192,79.791,8.65058,0,0,1.86501,1.26021,0,1.44091,2.96352,9.46447e+06,3.61194e+06,1.76514e+07,0,0,0,7.47005e+07
80.7968,85.139,2.33146,0.1,0.04,2.26377,2.86857,0,0.407805,5.32224,4.55416e+06,2.70226e+06,1.03096e+07,0,0,0,0,80.8192,79.791,4.55988,0,0,1.906,1.3012,0,1.44091,2.96352,9.46447e+06,3.61194e+06,1.80393e+07,0,0,0,7.47005e+07
80.4737,85.139,2.44545,0.1,0.04,2.26429,2.86909,0,0.424231,5.32224,4.55416e+06,2.70226e+06,1.03119e+07,0,0,0,0,80.8192,79.791,4.09835,0,0,1.90624,1.30144,0,1.47258,2.96352,9.46447e+06,3.61194e+06,1.80416e+07,0,0,0,7.47005e+07
81.1599,85.139,3.50709,0.1,0.04,2.26481,2.86961,0,0.424328,5.32224,4.55416e+06,2.70226e+06,1.03143e+07,0,0,0,0,80.8192,79.791,6.14051,0,0,1.90648,1.30168,0,1.47276,2.96352,9.46447e+06,3.61194e+06,1.80438e+07,0,0,0,7.47005e+07
82.6785,85.139,4.37226,0.1,0.04,2.26533,2.87013,0,0.424426,5.32224,4.55416e+06,2.70226e+06,1.03167e+07,0,0,0,0,80.8192,79.791,8.23794,0,0,1.90671,1.30191,0,1.47294,2.96352,9.46447e+06,3.61194e+06,1.8046e+07,0,0,0,7.47005e+07
81.8508,85.139,2.19338,0.11,0.04,2.54585,3.15065,0,0.424523,5.32224,4.55416e+06,2.70226e+06,1.15942e+07,0,0,0,0,80.8192,79.791,3.91664,0,0,2.06005,1.45525,0,1.47313,2.96352,9.46447e+06,3.61194e+06,1.94973e+07,0,0,0,7.47005e+07
80.3464,85.139,1.43315,0.11,0.04,2.54642,3.15122,0,0.477092,5.32224,4.55416e+06,2.70226e+06,1.15968e+07,0,0,0,0,80.8192,79.791,4.63647,0,0,2.06032,1.45552,0,1.5916,2.96352,9.46447e+06,3.61194e+06,1.94998e+07,0,0,0,7.47005e+07
81.7925,85.139,4.5191,0.13,0.04,2.54699,3.15179,0,0.477199,5.32224,4.55416e+06,2.70226e+06,1.15994e+07,0,0,0,0,80.8192,79.791,5.01901,0,0,2.06058,1.45578,0,1.5918,2.96352,9.46447e+06,3.61194e+06,1.95023e+07,0,0,0,7.47005e+07
80.905,85.139,2.06561,0.13,0.04,2.54756,3.15236,0,0.477306,5.32224,4.55416e+06,2.70226e+06,1.1602e+07,0,0,0,0,80.8192,79.791,3.22056,0,0,2.06085,1.45605,0,1.59201,2.96352,9.46447e+06,3.61194e+06,1.95048e+07,0,0,0,7.47005e+07
80.9244,85.139,2.68054,0.13,0.04,2.14848,2.75328,0,0.477414,5.32224,4.55416e+06,2.70226e+06,9.78453e+06,0,0,0,0,80.8192,79.791,3.22779,0,0,1.85549,1.25069,0,1.59221,2.96352,9.46447e+06,3.61194e+06,1.75612e+07,0,0,0,7.47005e+07
81.8281,85.139,3.6247,0.14,0.04,2.14898,2.75378,0,0.402625,5.32224,4.55416e+06,2.70226e+06,9.7868e+06,0,0,0,0,80.8192,79.791,4.3452,0,0,1.85572,1.25092,0,1.43355,2.96352,9.46447e+06,3.61194e+06,1.75634e+07,0,0,0,7.47005e+07
83.1911,85.139,4.21959,0.16,0.04,2.14948,2.75428,0,0.402719,5.32224,4.55416e+06,2.70226e+06,9.78908e+06,0,0,0,0,80.8192,79.791,6.62107,0,0,1.85595,1.25115,0,1.43373,2.96352,9.46447e+06,3.61194e+06,1.75655e+07,0,0,0,7.47005e+07
85.139,85.139,4.99509,0.16,0.04,2.14998,2.75478,0,0.402813,5.32224,4.55416e+06,2.70226e+06,9.79135e+06,0,0,0,0,80.8192,79.791,6.74974,0,0,1.85617,1.25137,0,1.4339,2.96352,9.46447e+06,3.61194e+06,1.75677e+07,0,0,0,7.47005e+07
85.139,85.139,4.84123,0.11,0.04,2.15048,2.75528,0,0.402906,5.32224,4.55416e+06,2.70226e+06,9.79363e+06,0,0,0,0,80.8192,79.791,6.28803,0,0,1.8564,1.2516,0,1.43408,2.96352,9.46447e+06,3.61194e+06,1.75698e+07,0,0,0,7.47005e+07
85.139,85.139,5.00947,0.11,0.04,2.25167,2.85647,0,0.403,5.32224,4.55416e+06,2.70226e+06,1.02545e+07,0,0,0,0,80.8192,79.791,6.41771,0,0,1.90697,1.30217,0,1.43425,2.96352,9.46447e+06,3.61194e+06,1.80485e+07,0,0,0,7.47005e+07
85.139,85.139,3.74886,0.11,0.04,2.25219,2.85699,0,0.421963,5.32224,4.55416e+06,2.70226e+06,1.02568e+07,0,0,0,0,80.8192,79.791,5.01416,0,0,1.90721,1.30241,0,1.47333,2.96352,9.46447e+06,3.61194e+06,1.80507e+07,0,0,0,7.47005e+07
85.139,85.139,3.19124,0.13,0.04,2.25271,2.85751,0,0.42206,5.32224,4.55416e+06,2.70226e+06,1.02592e+07,0,0,0,0,80.8192,79.791,4.03881,0,0,1.90745,1.30265,0,1.47351,2.96352,9.46447e+06,3.61194e+06,1.8053e+07,0,0,0,7.47005e+07
85.139,85.139,2.88687,0.11,0.04,2.25322,2.85802,0,0.422157,5.32224,4.55416e+06,2.70226e+06,1.02615e+07,0,0,0,0,80.8192,79.791,4.01604,0,0,1.90768,1.30288,0,1.47369,2.96352,9.46447e+06,3.61194e+06,1.80552e+07,0,0,0,7.47005e+07
85.139,85.139,3.05951,0.11,0.04,2.21434,2.81914,0,0.422254,5.32224,4.55416e+06,2.70226e+06,1.00845e+07,0,0,0,0,80.8192,79.791,3.94166,0,0,1.88835,1.28355,0,1.47388,2.96352,9.46447e+06,3.61194e+06,1.78722e+07,0,0,0,7.47005e+07
85.139,85.139,2.82022,0.1,0.04,2.21485,2.81965,0,0.414968,5.32224,4.55416e+06,2.70226e+06,1.00868e+07,0,0,0,0,80.8192,79.791,3.69161,0,0,1.88858,1.28378,0,1.45894,2.96352,9.46447e+06,3.61194e+06,1.78744e+07,0,0,0,7.47005e+07
85.139,85.139,2.71117,0.1,0.04,2.21537,2.82017,0,0.415064,5.32224,4.55416e+06,2.70226e+06,1.00891e+07,0,0,0,0,80.8192,79.791,3.42622,0,0,1.88882,1.28402,0,1.45912,2.96352,9.46447e+06,3.61194e+06,1.78766e+07,0,0,0,7.47005e+07
84.8692,85.139,2.36729,0.09,0.04,2.21588,2.82068,0,0.41516,5.32224,4.55416e+06,2.70226e+06,1.00915e+07,0,0,0,0,80.8192,79.791,3.48553,0,0,1.88905,1.28425,0,1.4593,2.96352,9.46447e+06,3.61194e+06,1.78788e+07,0,0,0,7.47005e+07
84.5173,85.139,2.35817,0.12,0.04,2.35022,2.95502,0,0.415255,5.32224,4.55416e+06,2.70226e+06,1.07033e+07,0,0,0,0,80.8192,79.791,3.6643,0,0,1.95873,1.35393,0,1.45948,2.96352,9.46447e+06,3.61194e+06,1.85383e+07,0,0,0,7.47005e+07
84.0919,85.139,2.24451,0.11,0.04,2.35075,2.95555,0,0.440431,5.32224,4.55416e+06,2.70226e+06,1.07057e+07,0,0,0,0,80.8192,79.791,3.2291,0,0,1.95897,1.35417,0,1.51331,2.96352,9.46447e+06,3.61194e+06,1.85406e+07,0,0,0,7.47005e+07
83.6124,85.139,2.17949,0.1,0.04,2.35129,2.95609,0,0.440531,5.32224,4.55416e+06,2.70226e+06,1.07081e+07,0,0,0,0,80.8192,79.791,3.38183,0,0,1.95922,1.35442,0,1.5135,2.96352,9.46447e+06,3.61194e+06,1.8543e+07,0,0,0,7.47005e+07
82.9313,85.139,1.98504,0.09,0.04,2.35183,2.95663,0,0.440632,5.32224,4.55416e+06,2.70226e+06,1.07106e+07,0,0,0,0,80.8192,79.791,3.23264,0,0,1.95946,1.35466,0,1.51369,2.96352,9.46447e+06,3.61194e+06,1.85453e+07,0,0,0,7.47005e+07
82.1022,85.139,1.77478,0.09,0.04,2.35236,2.95716,0,0.440732,5.32224,4.55416e+06,2.70226e+06,1.0713e+07,0,0,0,0,80.7609,79.791,2.76298,0,0,1.95971,1.35491,0,1.51388,2.96352,9.46447e+06,3.61194e+06,1.85476e+07,0,0,0,7.47005e+07
81.1347,85.139,1.55546,0.08,0.04,2.32641,2.93121,0,0.440833,5.32224,4.55416e+06,2.70226e+06,1.05948e+07,0,0,0,0,80.432,79.791,2.14569,0,0,1.99816,1.39336,0,1.51407,2.96352,9.46447e+06,3.61194e+06,1.89115e+07,0,0,0,7.47005e+07
80.0188,85.139,1.40887,0.07,0.04,2.32694,2.93174,0,0.435969,5.32224,4.55416e+06,2.70226e+06,1.05973e+07,0,0,0,0,80.0431,79.791,1.94188,0,0,1.99841,1.39361,0,1.54378,2.96352,9.46447e+06,3.61194e+06,1.89139e+07,0,0,0,7.47005e+07
78.8056,85.139,1.29521,0.07,0.04,2.32747,2.93227,0,0.436068,5.32224,4.55416e+06,2.70226e+06,1.05997e+07,0,0,0,0,79.584,79.791,1.95888,0,0,1.99866,1.39386,0,1.54397,2.96352,9.46447e+06,3.61194e+06,1.89163e+07,0,0,0,7.47005e+07
77.5752,85.139,1.25695,0.1,0.04,2.328,2.9328,0,0.436168,5.32224,4.55416e+06,2.70226e+06,1.06021e+07,0,0,0,0,79.1645,79.791,1.83695,0,0,1.99892,1.39412,0,1.54417,2.96352,9.46447e+06,3.61194e+06,1.89187e+07,0,0,0,7.47005e+07
76.3123,85.139,1.25118,0.1,0.04,2.39699,3.00179,0,0.436268,5.32224,4.55416e+06,2.70226e+06,1.09163e+07,0,0,0,0,78.8049,79.791,2.01674,0,0,2.03324,1.42844,0,1.54436,2.96352,9.46447e+06,3.61194e+06,1.92435e+07,0,0,0,7.47005e+07
75.0275,85.139,1.22248,0.1,0.04,2.39754,3.00234,0,0.449196,5.32224,4.55416e+06,2.70226e+06,1.09188e+07,0,0,0,0,78.3968,79.791,2.0892,0,0,2.0335,1.4287,0,1.57088,2.96352,9.46447e+06,3.61194e+06,1.9246e+07,0,0,0,7.47005e+07
73.677,85.139,1.14106,0.11,0.04,2.39808,3.00288,0,0.449298,5.32224,4.55416e+06,2.70226e+06,1.09212e+07,0,0,0,0,77.9071,79.791,1.97319,0,0,2.03376,1.42896,0,1.57108,2.96352,9.46447e+06,3.61194e+06,1.92485e+07,0,0,0,7.47005e+07
72.2472,85.139,1.04726,0.17,0.04,2.39862,3.00342,0,0.4494,5.32224,4.55416e+06,2.70226e+06,1.09237e+07,0,0,0,0,77.3718,79.791,1.856,0,0,2.03402,1.42922,0,1.57128,2.96352,9.46447e+06,3.61194e+06,1.92509e+07,0,0,0,7.47005e+07
70.7158,85.139,1.10292,0.16,0.04,2.59979,3.20459,0,0.449502,5.32224,4.55416e+06,2.70226e+06,1.18399e+07,0,0,0,0,76.4702,79.791,1.81615,0,0,2.15735,1.55255,0,1.57148,2.96352,9.46447e+06,3.61194e+06,2.04182e+07,0,0,0,7.47005e+07
69.0991,85.139,1.01515,0.16,0.04,2.60037,3.20517,0,0.487201,5.32224,4.55416e+06,2.70226e+06,1.18425e+07,0,0,0,0,75.4039,79.791,1.33327,0,0,2.15763,1.55283,0,1.66677,2.96352,9.46447e+06,3.61194e+06,2.04208e+07,0,0,0,7.47005e+07
67.3248,85.139,0.858897,0.16,0.04,2.60095,3.20575,0,0.48731,5.32224,4.55416e+06,2.70226e+06,1.18452e+07,0,0,0,0,74.5134,79.791,1.17341,0,0,2.15791,1.55311,0,1.66698,2.96352,9.46447e+06,3.61194e+06,2.04235e+07,0,0,0,7.47005e+07
65.6484,85.139,0.933188,0.21,0.04,2.60153,3.20633,0,0.487419,5.32224,4.55416e+06,2.70226e+06,1.18478e+07,0,0,0,0,73.7666,79.791,1.5501,0,0,2.15819,1.55339,0,1.6672,2.96352,9.46447e+06,3.61194e+06,2.04262e+07,0,0,0,7.47005e+07
64.1305,85.139,1.1213,0.2,0.04,2.60212,3.20692,0,0.487527,5.32224,4.55416e+06,2.70226e+06,1.18504e+07,0,0,0,0,72.9533,79.791,1.56725,0,0,2.15847,1.55367,0,1.66742,2.96352,9.46447e+06,3.61194e+06,2.04288e+07,0,0,0,7.47005e+07
62.733,85.139,1.2413,0.2,0.04,2.50483,3.10963,0,0.487636,5.32224,4.55416e+06,2.70226e+06,1.14074e+07,0,0,0,0,72.6406,79.791,1.60997,0,0,2.08399,1.47919,0,1.66764,2.96352,9.46447e+06,3.61194e+06,1.97238e+07,0,0,0,7.47005e+07
61.5179,85.139,1.43538,0.2,0.04,2.5054,3.1102,0,0.469406,5.32224,4.55416e+06,2.70226e+06,1.141e+07,0,0,0,0,72.7914,79.791,2.71605,0,0,2.08426,1.47946,0,1.61009,2.96352,9.46447e+06,3.61194e+06,1.97264e+07,0,0,0,7.47005e+07
60.2668,85.139,1.38228,0.22,0.04,2.50596,3.11076,0,0.469511,5.32224,4.55416e+06,2.70226e+06,1.14125e+07,0,0,0,0,72.8569,79.791,2.56152,0,0,2.08452,1.47972,0,1.6103,2.96352,9.46447e+06,3.61194e+06,1.97289e+07,0,0,0,7.47005e+07
59.0079,85.139,1.35908,0.21,0.04,2.50652,3.11132,0,0.469617,5.32224,4.55416e+06,2.70226e+06,1.14151e+07,0,0,0,0,72.7141,79.791,3.01254,0,0,2.08479,1.47999,0,1.6105,2.96352,9.46447e+06,3.61194e+06,1.97315e+07,0,0,0,7.47005e+07
57.5212,85.139,1.03703,0.21,0.04,2.4267,3.0315,0,0.469722,5.32224,4.55416e+06,2.70226e+06,1.10516e+07,0,0,0,0,71.6617,79.791,1.52973,0,0,2.01695,1.41215,0,1.61071,2.96352,9.46447e+06,3.61194e+06,1.90894e+07,0,0,0,7.47005e+07
55.7779,85.139,0.76149,0.2,0.04,2.42725,3.03205,0,0.454763,5.32224,4.55416e+06,2.70226e+06,1.10541e+07,0,0,0,0,71.1716,79.791,0.916469,0,0,2.01721,1.41241,0,1.5583,2.96352,9.46447e+06,3.61194e+06,1.90918e+07,0,0,0,7.47005e+07
54.4146,85.139,1.14895,0.25,0.04,2.4278,3.0326,0,0.454866,5.32224,4.55416e+06,2.70226e+06,1.10566e+07,0,0,0,0,70.9549,79.791,2.44098,0,0,2.01747,1.41267,0,1.5585,2.96352,9.46447e+06,3.61194e+06,1.90943e+07,0,0,0,7.47005e+07
54.5896,85.139,2.79715,0.24,0.04,2.42835,3.03315,0,0.454969,5.32224,4.55416e+06,2.70226e+06,1.10591e+07,0,0,0,0,71.1795,79.791,4.26463,0,0,2.01772,1.41292,0,1.55869,2.96352,9.46447e+06,3.61194e+06,1.90967e+07,0,0,0,7.47005e+07
53.7604,85.139,1.55873,0.23,0.04,2.20043,2.80523,0,0.455072,5.32224,4.55416e+06,2.70226e+06,1.00211e+07,0,0,0,0,71.1025,79.791,1.73996,0,0,1.87603,1.27123,0,1.55889,2.96352,9.46447e+06,3.61194e+06,1.77556e+07,0,0,0,7.47005e+07
54.3251,85.139,3.05032,0.25,0.04,2.20093,2.80573,0,0.41236,5.32224,4.55416e+06,2.70226e+06,1.00234e+07,0,0,0,0,70.855,79.791,2.75667,0,0,1.87626,1.27146,0,1.44942,2.96352,9.46447e+06,3.61194e+06,1.77578e+07,0,0,0,7.47005e+07
54.4764,85.139,2.62027,0.25,0.04,2.20144,2.80624,0,0.412455,5.32224,4.55416e+06,2.70226e+06,1.00257e+07,0,0,0,0,70.796,79.791,2.18342,0,0,1.87649,1.27169,0,1.4496,2.96352,9.46447e+06,3.61194e+06,1.776e+07,0,0,0,7.47005e+07
55.9026,85.139,3.94655,0.28,0.04,2.20195,2.80675,0,0.41255,5.32224,4.55416e+06,2.70226e+06,1.0028e+07,0,0,0,0,71.1981,79.791,3.7362,0,0,1.87672,1.27192,0,1.44978,2.96352,9.46447e+06,3.61194e+06,1.77622e+07,0,0,0,7.47005e+07
57.2589,85.139,3.90087,0.3,0.04,2.20246,2.80726,0,0.412646,5.32224,4.55416e+06,2.70226e+06,1.00304e+07,0,0,0,0,71.4326,79.791,3.549,0,0,1.87695,1.27215,0,1.44995,2.96352,9.46447e+06,3.61194e+06,1.77643e+07,0,0,0,7.47005e+07
56.8944,85.139,2.2332,0.26,0,2.29092,2.89572,0,0.412741,5.32224,4.55416e+06,2.70226e+06,1.04332e+07,0,0,0,0,71.4628,79.791,2.92025,0,0,1.91832,1.31352,0,1.45013,2.96352,9.46447e+06,3.61194e+06,1.81559e+07,0,0,0,7.47005e+07
57.8521,85.139,3.60982,0.28,0,2.29142,2.89622,0,0.429318,5.32224,4.55416e+06,2.70226e+06,1.04355e+07,0,0,0,0,71.7934,79.791,3.64798,0,0,1.91855,1.31375,0,1.48209,2.96352,9.46447e+06,3.61194e+06,1.8158e+07,0,0,0,7.47005e+07
62.3575,85.139,7.20695,0.29,0,2.29192,2.89672,0,0.429412,5.32224,4.55416e+06,2.70226e+06,1.04378e+07,0,0,0,0,73.0298,79.791,5.51698,0,0,1.91877,1.31397,0,1.48227,2.96352,9.46447e+06,3.61194e+06,1.81602e+07,0,0,0,7.47005e+07
68.2317,85.139,8.68728,0.3,0,2.29242,2.89722,0,0.429506,5.32224,4.55416e+06,2.70226e+06,1.04401e+07,0,0,0,0,74.2959,79.791,5.55788,0,0,1.919,1.3142,0,1.48244,2.96352,9.46447e+06,3.61194e+06,1.81623e+07,0,0,0,7.47005e+07
71.9953,85.139,6.93305,0.23,0,2.57556,3.18036,0,0.4296,5.32224,4.55416e+06,2.70226e+06,1.17295e+07,0,0,0,0,75.3395,79.791,5.81914,0,0,2.07378,1.46898,0,1.48262,2.96352,9.46447e+06,3.61194e+06,1.96272e+07,0,0,0,7.47005e+07
73.1917,85.139,4.23956,0.24,0,2.57612,3.18092,0,0.482661,5.32224,4.55416e+06,2.70226e+06,1.1732e+07,0,0,0,0,75.6104,79.791,3.3361,0,0,2.07403,1.46923,0,1.6022,2.96352,9.46447e+06,3.61194e+06,1.96296e+07,0,0,0,7.47005e+07
76.8387,85.139,6.83953,0.26,0,2.57667,3.18147,0,0.482764,5.32224,4.55416e+06,2.70226e+06,1.17346e+07,0,0,0,0,76.6271,79.791,6.12653,0,0,2.07429,1.46949,0,1.6024,2.96352,9.46447e+06,3.61194e+06,1.9632e+07,0,0,0,7.47005e+07
80.9108,85.139,7.29219,0.2,0,2.57722,3.18202,0,0.482868,5.32224,4.55416e+06,2.70226e+06,1.17371e+07,0,0,0,0,78.119,79.791,8.66725,0,0,2.07454,1.46974,0,1.60259,2.96352,9.46447e+06,3.61194e+06,1.96345e+07,0,0,0,7.47005e+07
85.139,85.139,8.94109,0.15,0,2.17436,2.77916,0,0.482971,5.32224,4.55416e+06,2.70226e+06,9.90238e+06,0,0,0,0,80.3869,79.791,10.1718,0,0,1.86725,1.26245,0,1.60279,2.96352,9.46447e+06,3.61194e+06,1.76725e+07,0,0,0,7.47005e+07
85.139,85.139,5.30819,0.11,0,2.17484,2.77964,0,0.407475,5.32224,4.55416e+06,2.70226e+06,9.90458e+06,0,0,0,0,80.8192,79.791,6.85408,0,0,1.86747,1.26267,0,1.44264,2.96352,9.46447e+06,3.61194e+06,1.76746e+07,0,0,0,7.47005e+07
85.139,85.139,6.84049,0.12,0,2.17532,2.78012,0,0.407565,5.32224,4.55416e+06,2.70226e+06,9.90678e+06,0,0,0,0,80.8192,79.791,7.67463,0,0,1.86769,1.26289,0,1.4428,2.96352,9.46447e+06,3.61194e+06,1.76767e+07,0,0,0,7.47005e+07
85.139,85.139,5.7334,0.14,0,2.17581,2.78061,0,0.407656,5.32224,4.55416e+06,2.70226e+06,9.90897e+06,0,0,0,0,80.8192,79.791,8.72579,0,0,1.8679,1.2631,0,1.44297,2.96352,9.46447e+06,3.61194e+06,1.76787e+07,0,0,0,7.47005e+07
85.139,85.139,6.54821,0.13,0,2.17629,2.78109,0,0.407746,5.32224,4.55416e+06,2.70226e+06,9.91117e+06,0,0,0,0,80.8192,79.791,6.5661,0,0,1.86812,1.26332,0,1.44314,2.96352,9.46447e+06,3.61194e+06,1.76808e+07,0,0,0,7.47005e+07
85.139,85.139,4.12712,0.14,0,2.2784,2.8832,0,0.407836,5.32224,4.55416e+06,2.70226e+06,1.03762e+07,0,0,0,0,80.8192,79.791,3.65713,0,0,1.91916,1.31436,0,1.44331,2.96352,9.46447e+06,3.61194e+06,1.81638e+07,0,0,0,7.47005e+07
85.139,85.139,5.58369,0.15,0,2.2789,2.8837,0,0.426973,5.32224,4.55416e+06,2.70226e+06,1.03785e+07,0,0,0,0,80.8192,79.791,4.43879,0,0,1.91939,1.31459,0,1.48274,2.96352,9.46447e+06,3.61194e+06,1.8166e+07,0,0,0,7.47005e+07
85.139,85.139,5.83709,0.15,0,2.2794,2.8842,0,0.427067,5.32224,4.55416e+06,2.70226e+06,1.03808e+07,0,0,0,0,80.8192,79.791,6.16625,0,0,1.91962,1.31482,0,1.48292,2.96352,9.46447e+06,3.61194e+06,1.81682e+07,0,0,0,7.47005e+07
85.139,85.139,4.11682,0.15,0,2.2799,2.8847,0,0.42716,5.32224,4.55416e+06,2.70226e+06,1.0383e+07,0,0,0,0,80.8192,79.791,3.45014,0,0,1.91984,1.31504,0,1.4831,2.96352,9.46447e+06,3.61194e+06,1.81703e+07,0,0,0,7.47005e+07
85.139,85.139,3.63771,0.13,0,2.24064,2.84544,0,0.427254,5.32224,4.55416e+06,2.70226e+06,1.02042e+07,0,0,0,0,80.8192,79.791,3.72438,0,0,1.90032,1.29552,0,1.48327,2.96352,9.46447e+06,3.61194e+06,1.79855e+07,0,0,0,7.47005e+07
85.139,85.139,2.87699,0.13,0,2.24113,2.84593,0,0.419896,5.32224,4.55416e+06,2.70226e+06,1.02065e+07,0,0,0,0,80.7277,79.791,2.92553,0,0,1.90055,1.29575,0,1.46819,2.96352,9.46447e+06,3.61194e+06,1.79877e+07,0,0,0,7.47005e+07
85.0219,85.139,2.48379,0.12,0,2.24163,2.84643,0,0.419988,5.32224,4.55416e+06,2.70226e+06,1.02087e+07,0,0,0,0,80.5305,79.791,2.64075,0,0,1.90077,1.29597,0,1.46836,2.96352,9.46447e+06,3.61194e+06,1.79898e+07,0,0,0,7.47005e+07
84.956,85.139,2.53724,0.19,0,2.24212,2.84692,0,0.420081,5.32224,4.55416e+06,2.70226e+06,1.0211e+07,0,0,0,0,80.3344,79.791,2.21255,0,0,1.901,1.2962,0,1.46854,2.96352,9.46447e+06,3.61194e+06,1.79919e+07,0,0,0,7.47005e+07
84.9468,85.139,2.67498,0.17,0,2.37769,2.98249,0,0.420173,5.32224,4.55416e+06,2.70226e+06,1.08284e+07,0,0,0,0,80.1144,79.791,2.37034,0,0,1.97131,1.36651,0,1.46871,2.96352,9.46447e+06,3.61194e+06,1.86574e+07,0,0,0,7.47005e+07
84.6252,85.139,2.30912,0.13,0,2.3782,2.983,0,0.445578,5.32224,4.55416e+06,2.70226e+06,1.08307e+07,0,0,0,0,79.8087,79.791,2.27542,0,0,1.97155,1.36675,0,1.52304,2.96352,9.46447e+06,3.61194e+06,1.86597e+07,0,0,0,7.47005e+07
84.2384,85.139,2.23248,0.13,0,2.37872,2.98352,0,0.445675,5.32224,4.55416e+06,2.70226e+06,1.08331e+07,0,0,0,0,79.4157,79.791,2.04438,0,0,1.97179,1.36699,0,1.52322,2.96352,9.46447e+06,3.61194e+06,1.86619e+07,0,0,0,7.47005e+07
83.649,85.139,1.98625,0.11,0,2.37924,2.98404,0,0.445772,5.32224,4.55416e+06,2.70226e+06,1.08354e+07,0,0,0,0,78.9659,79.791,1.95492,0,0,1.97202,1.36722,0,1.5234,2.96352,9.46447e+06,3.61194e+06,1.86642e+07,0,0,0,7.47005e+07
82.997,85.139,1.91609,0.1,0,2.37975,2.98455,0,0.445869,5.32224,4.55416e+06,2.70226e+06,1.08378e+07,0,0,0,0,78.5195,79.791,1.96028,0,0,1.97226,1.36746,0,1.52358,2.96352,9.46447e+06,3.61194e+06,1.86664e+07,0,0,0,7.47005e+07
82.2392,85.139,1.82562,0.1,0,2.35354,2.95834,0,0.445966,5.32224,4.55416e+06,2.70226e+06,1.07184e+07,0,0,0,0,78.1002,79.791,2.00093,0,0,2.01105,1.40625,0,1.52377,2.96352,9.46447e+06,3.61194e+06,1.90336e+07,0,0,0,7.47005e+07
81.3257,85.139,1.65299,0.08,0,2.35405,2.95885,0,0.441053,5.32224,4.55416e+06,2.70226e+06,1.07207e+07,0,0,0,0,77.516,79.791,1.9227,0,0,2.0113,1.4065,0,1.55374,2.96352,9.46447e+06,3.61194e+06,1.90359e+07,0,0,0,7.47005e+07
80.363,85.139,1.58885,0.07,0,2.35456,2.95936,0,0.441149,5.32224,4.55416e+06,2.70226e+06,1.07231e+07,0,0,0,0,76.8338,79.791,1.73342,0,0,2.01154,1.40674,0,1.55393,2.96352,9.46447e+06,3.61194e+06,1.90382e+07,0,0,0,7.47005e+07
79.3544,85.139,1.52125,0.07,0,2.35508,2.95988,0,0.441245,5.32224,4.55416e+06,2.70226e+06,1.07254e+07,0,0,0,0,76.0906,79.791,1.65089,0,0,2.01178,1.40698,0,1.55412,2.96352,9.46447e+06,3.61194e+06,1.90405e+07,0,0,0,7.47005e+07
78.2329,85.139,1.47114,0.12,0,2.42468,3.02948,0,0.441341,5.32224,4.55416e+06,2.70226e+06,1.10424e+07,0,0,0,0,75.4017,79.791,1.64432,0,0,2.04642,1.44162,0,1.55431,2.96352,9.46447e+06,3.61194e+06,1.93682e+07,0,0,0,7.47005e+07
76.9764,85.139,1.30964,0.11,0,2.4252,3.03,0,0.454385,5.32224,4.55416e+06,2.70226e+06,1.10448e+07,0,0,0,0,74.5042,79.791,1.57546,0,0,2.04667,1.44187,0,1.58106,2.96352,9.46447e+06,3.61194e+06,1.93706e+07,0,0,0,7.47005e+07
75.6249,85.139,1.20275,0.11,0,2.42573,3.03053,0,0.454483,5.32224,4.55416e+06,2.70226e+06,1.10472e+07,0,0,0,0,73.75,79.791,1.38182,0,0,2.04692,1.44212,0,1.58125,2.96352,9.46447e+06,3.61194e+06,1.9373e+07,0,0,0,7.47005e+07
74.3526,85.139,1.2634,0.11,0,2.42625,3.03105,0,0.454581,5.32224,4.55416e+06,2.70226e+06,1.10495e+07,0,0,0,0,73.0474,79.791,1.64496,0,0,2.04717,1.44237,0,1.58145,2.96352,9.46447e+06,3.61194e+06,1.93753e+07,0,0,0,7.47005e+07
72.7817,85.139,1.14315,0.11,0,2.62925,3.23405,0,0.45468,5.32224,4.55416e+06,2.70226e+06,1.1974e+07,0,0,0,0,72.3733,79.791,1.61167,0,0,2.17162,1.56682,0,1.58164,2.96352,9.46447e+06,3.61194e+06,2.05532e+07,0,0,0,7.47005e+07
70.9961,85.139,0.943632,0.17,0,2.62981,3.23461,0,0.492721,5.32224,4.55416e+06,2.70226e+06,1.19766e+07,0,0,0,0,71.7069,79.791,1.57029,0,0,2.17189,1.56709,0,1.67779,2.96352,9.46447e+06,3.61194e+06,2.05558e+07,0,0,0,7.47005e+07
69.3927,85.139,1.11069,0.16,0,2.63037,3.23517,0,0.492826,5.32224,4.55416e+06,2.70226e+06,1.19791e+07,0,0,0,0,71.0052,79.791,1.63276,0,0,2.17216,1.56736,0,1.678,2.96352,9.46447e+06,3.61194e+06,2.05584e+07,0,0,0,7.47005e+07
67.5365,85.139,0.846091,0.17,0,2.63093,3.23573,0,0.492931,5.32224,4.55416e+06,2.70226e+06,1.19817e+07,0,0,0,0,70.1637,79.791,1.47838,0,0,2.17243,1.56763,0,1.67821,2.96352,9.46447e+06,3.61194e+06,2.05609e+07,0,0,0,7.47005e+07
65.7462,85.139,0.909342,0.21,0,2.63149,3.23629,0,0.493036,5.32224,4.55416e+06,2.70226e+06,1.19842e+07,0,0,0,0,69.232,79.791,1.37138,0,0,2.1727,1.5679,0,1.67842,2.96352,9.46447e+06,3.61194e+06,2.05635e+07,0,0,0,7.47005e+07
64.2104,85.139,1.11298,0.21,0,2.53329,3.13809,0,0.493141,5.32224,4.55416e+06,2.70226e+06,1.1537e+07,0,0,0,0,68.3719,79.791,1.15367,0,0,2.09752,1.49272,0,1.67863,2.96352,9.46447e+06,3.61194e+06,1.9852e+07,0,0,0,7.47005e+07
62.5725,85.139,1.01839,0.2,0,2.53383,3.13863,0,0.474738,5.32224,4.55416e+06,2.70226e+06,1.15395e+07,0,0,0,0,67.8614,79.791,1.38715,0,0,2.09778,1.49298,0,1.62055,2.96352,9.46447e+06,3.61194e+06,1.98544e+07,0,0,0,7.47005e+07
61.0665,85.139,1.14506,0.2,0,2.53438,3.13918,0,0.47484,5.32224,4.55416e+06,2.70226e+06,1.1542e+07,0,0,0,0,67.347,79.791,1.91909,0,0,2.09804,1.49324,0,1.62075,2.96352,9.46447e+06,3.61194e+06,1.98569e+07,0,0,0,7.47005e+07
59.4581,85.139,1.01499,0.23,0,2.53492,3.13972,0,0.474942,5.32224,4.55416e+06,2.70226e+06,1.15444e+07,0,0,0,0,66.8819,79.791,1.53635,0,0,2.0983,1.4935,0,1.62095,2.96352,9.46447e+06,3.61194e+06,1.98593e+07,0,0,0,7.47005e+07
58.0032,85.139,1.1191,0.22,0,2.45434,3.05914,0,0.475044,5.32224,4.55416e+06,2.70226e+06,1.11775e+07,0,0,0,0,66.463,79.791,2.02352,0,0,2.02983,1.42503,0,1.62115,2.96352,9.46447e+06,3.61194e+06,1.92113e+07,0,0,0,7.47005e+07
57.7354,85.139,2.38663,0.2,0,2.45487,3.05967,0,0.459944,5.32224,4.55416e+06,2.70226e+06,1.11799e+07,0,0,0,0,66.0143,79.791,1.81532,0,0,2.03008,1.42528,0,1.56825,2.96352,9.46447e+06,3.61194e+06,1.92136e+07,0,0,0,7.47005e+07
59.6984,85.139,4.73301,0.21,0,2.4554,3.0602,0,0.460043,5.32224,4.55416e+06,2.70226e+06,1.11823e+07,0,0,0,0,66.1781,79.791,4.26084,0,0,2.03033,1.42553,0,1.56844,2.96352,9.46447e+06,3.61194e+06,1.9216e+07,0,0,0,7.47005e+07
59.9239,85.139,2.89658,0.19,0,2.45593,3.06073,0,0.460143,5.32224,4.55416e+06,2.70226e+06,1.11847e+07,0,0,0,0,66.1708,79.791,3.83196,0,0,2.03057,1.42577,0,1.56863,2.96352,9.46447e+06,3.61194e+06,1.92183e+07,0,0,0,7.47005e+07
60.4953,85.139,3.14358,0.2,0,2.22592,2.83072,0,0.460242,5.32224,4.55416e+06,2.70226e+06,1.01372e+07,0,0,0,0,66.2524,79.791,3.93376,0,0,1.88758,1.28278,0,1.56882,2.96352,9.46447e+06,3.61194e+06,1.7865e+07,0,0,0,7.47005e+07
62.1807,85.139,4.3083,0.21,0,2.22641,2.83121,0,0.417137,5.32224,4.55416e+06,2.70226e+06,1.01394e+07,0,0,0,0,66.5387,79.791,4.81955,0,0,1.8878,1.283,0,1.45835,2.96352,9.46447e+06,3.61194e+06,1.78671e+07,0,0,0,7.47005e+07
64.5137,85.139,5.01615,0.21,0,2.2269,2.8317,0,0.417229,5.32224,4.55416e+06,2.70226e+06,1.01417e+07,0,0,0,0,66.994,79.791,6.19515,0,0,1.88803,1.28323,0,1.45852,2.96352,9.46447e+06,3.61194e+06,1.78692e+07,0,0,0,7.47005e+07
68.4395,85.139,6.61772,0.19,0,2.22739,2.83219,0,0.417321,5.32224,4.55416e+06,2.70226e+06,1.01439e+07,0,0,0,0,67.3705,79.791,5.43515,0,0,1.88825,1.28345,0,1.45869,2.96352,9.46447e+06,3.61194e+06,1.78713e+07,0,0,0,7.47005e+07
73.1862,85.139,7.72336,0.18,0,2.22788,2.83268,0,0.417413,5.32224,4.55416e+06,2.70226e+06,1.01461e+07,0,0,0,0,69.1395,79.791,9.29666,0,0,1.88847,1.28367,0,1.45886,2.96352,9.46447e+06,3.61194e+06,1.78734e+07,0,0,0,7.47005e+07
72.257,85.139,1.89292,0.17,0,2.31712,2.92192,0,0.417505,5.32224,4.55416e+06,2.70226e+06,1.05525e+07,0,0,0,2.61704e+08,68.9882,79.791,2.99932,0,0,1.9302,1.3254,0,1.45903,2.96352,9.46447e+06,3.61194e+06,1.82683e+07,0,0,0,7.47005e+07
72.2439,85.139,2.87072,0.18,0,2.3176,2.9224,0,0.434227,5.32224,4.55416e+06,2.70226e+06,1.05547e+07,0,0,0,2.61704e+08,69.0541,79.791,3.59258,0,0,1.93042,1.32562,0,1.49127,2.96352,9.46447e+06,3.61194e+06,1.82704e+07,0,0,0,7.47005e+07
74.2306,85.139,4.9213,0.21,0,2.31808,2.92288,0,0.434318,5.32224,4.55416e+06,2.70226e+06,1.05569e+07,0,0,0,2.61704e+08,69.704,79.791,4.8694,0,0,1.93064,1.32584,0,1.49144,2.96352,9.46447e+06,3.61194e+06,1.82725e+07,0,0,0,7.47005e+07
78.4479,85.139,7.22106,0.18,0,2.31857,2.92337,0,0.434409,5.32224,4.55416e+06,2.70226e+06,1.05591e+07,0,0,0,2.61704e+08,70.5424,79.791,5.59859,0,0,1.93086,1.32606,0,1.49161,2.96352,9.46447e+06,3.61194e+06,1.82746e+07,0,0,0,7.47005e+07
82.0126,85.139,6.81868,0.18,0,2.60424,3.20904,0,0.4345,5.32224,4.55416e+06,2.70226e+06,1.18601e+07,0,0,0,2.61704e+08,71.3251,79.791,5.52676,0,0,2.08702,1.48222,0,1.49178,2.96352,9.46447e+06,3.61194e+06,1.97526e+07,0,0,0,7.47005e+07
83.9047,85.139,5.07241,0.16,0,2.60477,3.20957,0,0.488034,5.32224,4.55416e+06,2.70226e+06,1.18625e+07,0,0,0,2.61704e+08,71.6506,79.791,4.69386,0,0,2.08727,1.48247,0,1.61243,2.96352,9.46447e+06,3.61194e+06,1.97549e+07,0,0,0,7.47005e+07
85.139,85.139,5.34226,0.16,0,2.6053,3.2101,0,0.488134,5.32224,4.55416e+06,2.70226e+06,1.1865e+07,0,0,0,2.61704e+08,71.9275,79.791,4.94735,0,0,2.08751,1.48271,0,1.61262,2.96352,9.46447e+06,3.61194e+06,1.97572e+07,0,0,0,7.47005e+07
85.139,85.139,5.51567,0.13,0,2.60583,3.21063,0,0.488233,5.32224,4.55416e+06,2.70226e+06,1.18674e+07,0,0,0,2.61704e+08,72.2285,79.791,4.77926,0,0,2.08776,1.48296,0,1.61281,2.96352,9.46447e+06,3.61194e+06,1.97595e+07,0,0,0,7.47005e+07
85.139,85.139,4.96715,0.13,0,2.19933,2.80413,0,0.488333,5.32224,4.55416e+06,2.70226e+06,1.00161e+07,0,0,0,2.61704e+08,72.4671,79.791,4.49695,0,0,1.87859,1.27379,0,1.613,2.96352,9.46447e+06,3.61194e+06,1.77799e+07,0,0,0,7.47005e+07
85.139,85.139,6.08809,0.14,0,2.19979,2.80459,0,0.412154,5.32224,4.55416e+06,2.70226e+06,1.00182e+07,0,0,0,2.61704e+08,72.7862,79.791,5.41852,0,0,1.8788,1.274,0,1.4514,2.96352,9.46447e+06,3.61194e+06,1.77818e+07,0,0,0,7.47005e+07
85.139,85.139,5.90813,0.14,0,2.20026,2.80506,0,0.412241,5.32224,4.55416e+06,2.70226e+06,1.00203e+07,0,0,0,2.61704e+08,72.9528,79.791,5.18309,0,0,1.87901,1.27421,0,1.45156,2.96352,9.46447e+06,3.61194e+06,1.77838e+07,0,0,0,7.47005e+07
85.139,85.139,5.40929,0.16,0,2.20072,2.80552,0,0.412328,5.32224,4.55416e+06,2.70226e+06,1.00224e+07,0,0,0,2.61704e+08,73.2088,79.791,5.38952,0,0,1.87922,1.27442,0,1.45172,2.96352,9.46447e+06,3.61194e+06,1.77858e+07,0,0,0,7.47005e+07
85.139,85.139,7.41462,0.14,0,2.20118,2.80598,0,0.412415,5.32224,4.55416e+06,2.70226e+06,1.00245e+07,0,0,0,2.61704e+08,73.9156,79.791,6.17509,0,0,1.87943,1.27463,0,1.45189,2.96352,9.46447e+06,3.61194e+06,1.77878e+07,0,0,0,7.47005e+07
85.139,85.139,6.54611,0.14,0,2.30419,2.90899,0,0.412502,5.32224,4.55416e+06,2.70226e+06,1.04937e+07,0,0,0,2.61704e+08,74.0372,79.791,5.05668,0,0,1.93092,1.32612,0,1.45205,2.96352,9.46447e+06,3.61194e+06,1.82751e+07,0,0,0,7.47005e+07
85.139,85.139,7.39481,0.16,0,2.30467,2.90947,0,0.431805,5.32224,4.55416e+06,2.70226e+06,1.04958e+07,0,0,0,2.61704e+08,74.2348,79.791,5.34259,0,0,1.93114,1.32634,0,1.49183,2.96352,9.46447e+06,3.61194e+06,1.82772e+07,0,0,0,7.47005e+07
85.139,85.139,7.31944,0.15,0,2.30515,2.90995,0,0.431896,5.32224,4.55416e+06,2.70226e+06,1.0498e+07,0,0,0,2.61704e+08,74.8401,79.791,6.29094,0,0,1.93136,1.32656,0,1.492,2.96352,9.46447e+06,3.61194e+06,1.82793e+07,0,0,0,7.47005e+07
85.139,85.139,5.60684,0.15,0,2.30564,2.91044,0,0.431986,5.32224,4.55416e+06,2.70226e+06,1.05002e+07,0,0,0,2.61704e+08,74.8764,79.791,4.64539,0,0,1.93158,1.32678,0,1.49217,2.96352,9.46447e+06,3.61194e+06,1.82813e+07,0,0,0,7.47005e+07
85.139,85.139,5.10762,0.16,0,2.266,2.8708,0,0.432076,5.32224,4.55416e+06,2.70226e+06,1.03197e+07,0,0,0,2.61704e+08,74.8765,79.791,3.18465,0,0,1.91187,1.30707,0,1.49233,2.96352,9.46447e+06,3.61194e+06,1.80948e+07,0,0,0,7.47005e+07
85.139,85.139,4.2812,0.15,0,2.26647,2.87127,0,0.424648,5.32224,4.55416e+06,2.70226e+06,1.03219e+07,0,0,0,2.61704e+08,74.7469,79.791,2.85902,0,0,1.91208,1.30728,0,1.47711,2.96352,9.46447e+06,3.61194e+06,1.80969e+07,0,0,0,7.47005e+07
85.139,85.139,4.6396,0.13,0,2.26695,2.87175,0,0.424737,5.32224,4.55416e+06,2.70226e+06,1.0324e+07,0,0,0,2.61704e+08,74.8023,79.791,4.33389,0,0,1.9123,1.3075,0,1.47728,2.96352,9.46447e+06,3.61194e+06,1.80989e+07,0,0,0,7.47005e+07
85.139,85.139,4.09252,0.12,0,2.26742,2.87222,0,0.424826,5.32224,4.55416e+06,2.70226e+06,1.03262e+07,0,0,0,2.61704e+08,74.7144,79.791,3.83794,0,0,1.91252,1.30772,0,1.47744,2.96352,9.46447e+06,3.61194e+06,1.8101e+07,0,0,0,7.47005e+07
85.139,85.139,3.55947,0.11,0,2.40417,3.00897,0,0.424915,5.32224,4.55416e+06,2.70226e+06,1.0949e+07,0,0,0,2.61704e+08,74.5187,79.791,3.16499,0,0,1.98345,1.37865,0,1.47761,2.96352,9.46447e+06,3.61194e+06,1.87723e+07,0,0,0,7.47005e+07
85.139,85.139,3.14298,0.1,0,2.40467,3.00947,0,0.450542,5.32224,4.55416e+06,2.70226e+06,1.09513e+07,0,0,0,2.61704e+08,74.2431,79.791,2.539,0,0,1.98368,1.37888,0,1.53241,2.96352,9.46447e+06,3.61194e+06,1.87744e+07,0,0,0,7.47005e+07
85.139,85.139,3.0245,0.1,0,2.40517,3.00997,0,0.450635,5.32224,4.55416e+06,2.70226e+06,1.09535e+07,0,0,0,2.61704e+08,73.9446,79.791,2.47089,0,0,1.9839,1.3791,0,1.53259,2.96352,9.46447e+06,3.61194e+06,1.87766e+07,0,0,0,7.47005e+07
85.139,85.139,2.90255,0.08,0,2.40567,3.01047,0,0.450728,5.32224,4.55416e+06,2.70226e+06,1.09558e+07,0,0,0,2.61704e+08,73.6156,79.791,2.52195,0,0,1.98413,1.37933,0,1.53276,2.96352,9.46447e+06,3.61194e+06,1.87788e+07,0,0,0,7.47005e+07
85.139,85.139,2.72093,0.06,0,2.40616,3.01096,0,0.450822,5.32224,4.55416e+06,2.70226e+06,1.09581e+07,0,0,0,2.61704e+08,73.026,79.791,2.3347,0,0,1.98436,1.37956,0,1.53294,2.96352,9.46447e+06,3.61194e+06,1.87809e+07,0,0,0,7.47005e+07
84.4697,85.139,1.95579,0.05,0,2.37969,2.98449,0,0.450915,5.32224,4.55416e+06,2.70226e+06,1.08375e+07,0,0,0,2.61704e+08,72.4614,79.791,1.72428,0,0,2.02349,1.41869,0,1.53312,2.96352,9.46447e+06,3.61194e+06,1.91512e+07,0,0,0,7.47005e+07
83.7469,85.139,1.89143,0.09,0,2.38018,2.98498,0,0.445954,5.32224,4.55416e+06,2.70226e+06,1.08397e+07,0,0,0,2.61704e+08,71.9015,79.791,1.81463,0,0,2.02372,1.41892,0,1.56335,2.96352,9.46447e+06,3.61194e+06,1.91535e+07,0,0,0,7.47005e+07
82.9858,85.139,1.84223,0.08,0,2.38068,2.98548,0,0.446047,5.32224,4.55416e+06,2.70226e+06,1.0842e+07,0,0,0,2.61704e+08,71.2483,79.791,1.78782,0,0,2.02396,1.41916,0,1.56353,2.96352,9.46447e+06,3.61194e+06,1.91557e+07,0,0,0,7.47005e+07
82.1334,85.139,1.71777,0.09,0,2.38117,2.98597,0,0.446139,5.32224,4.55416e+06,2.70226e+06,1.08442e+07,0,0,0,2.61704e+08,70.4193,79.791,1.70584,0,0,2.02419,1.41939,0,1.56371,2.96352,9.46447e+06,3.61194e+06,1.91579e+07,0,0,0,7.47005e+07
81.0606,85.139,1.55468,0.08,0,2.45136,3.05616,0,0.446232,5.32224,4.55416e+06,2.70226e+06,1.11639e+07,0,0,0,2.61704e+08,69.593,79.791,1.55909,0,0,2.05911,1.45431,0,1.56389,2.96352,9.46447e+06,3.61194e+06,1.94884e+07,0,0,0,7.47005e+07
79.8753,85.139,1.4219,0.08,0,2.45187,3.05667,0,0.459386,5.32224,4.55416e+06,2.70226e+06,1.11662e+07,0,0,0,2.61704e+08,68.6479,79.791,1.47922,0,0,2.05936,1.45456,0,1.59087,2.96352,9.46447e+06,3.61194e+06,1.94907e+07,0,0,0,7.47005e+07
78.6099,85.139,1.3308,0.08,0,2.45238,3.05718,0,0.459481,5.32224,4.55416e+06,2.70226e+06,1.11685e+07,0,0,0,2.61704e+08,67.746,79.791,1.35177,0,0,2.0596,1.4548,0,1.59106,2.96352,9.46447e+06,3.61194e+06,1.9493e+07,0,0,0,7.47005e+07
77.3346,85.139,1.30743,0.13,0,2.45288,3.05768,0,0.459575,5.32224,4.55416e+06,2.70226e+06,1.11708e+07,0,0,0,2.61704e+08,66.915,79.791,1.45413,0,0,2.05984,1.45504,0,1.59124,2.96352,9.46447e+06,3.61194e+06,1.94953e+07,0,0,0,7.47005e+07
75.9241,85.139,1.32325,0.14,0,2.65763,3.26243,0,0.45967,5.32224,4.55416e+06,2.70226e+06,1.21033e+07,0,0,0,2.61704e+08,65.9775,79.791,1.53936,0,0,2.18537,1.58057,0,1.59143,2.96352,9.46447e+06,3.61194e+06,2.06834e+07,0,0,0,7.47005e+07
74.1957,85.139,0.998529,0.14,0,2.65817,3.26297,0,0.49804,5.32224,4.55416e+06,2.70226e+06,1.21057e+07,0,0,0,2.61704e+08,64.9696,79.791,1.32855,0,0,2.18563,1.58083,0,1.68842,2.96352,9.46447e+06,3.61194e+06,2.06859e+07,0,0,0,7.47005e+07
72.459,85.139,0.972077,0.13,0,2.65871,3.26351,0,0.498141,5.32224,4.55416e+06,2.70226e+06,1.21082e+07,0,0,0,2.61704e+08,64.0926,79.791,1.25815,0,0,2.18589,1.58109,0,1.68862,2.96352,9.46447e+06,3.61194e+06,2.06883e+07,0,0,0,7.47005e+07
71.1413,85.139,1.38949,0.18,0,2.65925,3.26405,0,0.498243,5.32224,4.55416e+06,2.70226e+06,1.21107e+07,0,0,0,2.61704e+08,63.3459,79.791,1.46499,0,0,2.18616,1.58136,0,1.68882,2.96352,9.46447e+06,3.61194e+06,2.06908e+07,0,0,0,7.47005e+07
70.3821,85.139,2.01842,0.18,0,2.65979,3.26459,0,0.498344,5.32224,4.55416e+06,2.70226e+06,1.21131e+07,0,0,0,2.61704e+08,62.6281,79.791,1.67441,0,0,2.18642,1.58162,0,1.68902,2.96352,9.46447e+06,3.61194e+06,2.06933e+07,0,0,0,7.47005e+07
69.2478,85.139,1.53428,0.17,0,2.56071,3.16551,0,0.498445,5.32224,4.55416e+06,2.70226e+06,1.16619e+07,0,0,0,2.61704e+08,62.029,79.791,1.35834,0,0,2.11057,1.50577,0,1.68923,2.96352,9.46447e+06,3.61194e+06,1.99754e+07,0,0,0,7.47005e+07
68.0673,85.139,1.50184,0.17,0,2.56123,3.16603,0,0.479877,5.32224,4.55416e+06,2.70226e+06,1.16643e+07,0,0,0,2.61704e+08,61.5507,79.791,1.78847,0,0,2.11082,1.50602,0,1.63062,2.96352,9.46447e+06,3.61194e+06,1.99778e+07,0,0,0,7.47005e+07
66.9339,85.139,1.54106,0.2,0,2.56176,3.16656,0,0.479975,5.32224,4.55416e+06,2.70226e+06,1.16666e+07,0,0,0,2.61704e+08,61.1869,79.791,2.28121,0,0,2.11107,1.50627,0,1.63082,2.96352,9.46447e+06,3.61194e+06,1.99801e+07,0,0,0,7.47005e+07
65.6781,85.139,1.39826,0.2,0,2.56228,3.16708,0,0.480073,5.32224,4.55416e+06,2.70226e+06,1.1669e+07,0,0,0,2.61704e+08,60.7162,79.791,1.79066,0,0,2.11132,1.50652,0,1.63101,2.96352,9.46447e+06,3.61194e+06,1.99825e+07,0,0,0,7.47005e+07
65.5783,85.139,2.5292,0.19,0,2.48098,3.08578,0,0.480171,5.32224,4.55416e+06,2.70226e+06,1.12988e+07,0,0,0,2.61704e+08,60.3815,79.791,2.69767,0,0,2.04224,1.43744,0,1.6312,2.96352,9.46447e+06,3.61194e+06,1.93287e+07,0,0,0,7.47005e+07
66.4766,85.139,3.6299,0.19,0,2.48149,3.08629,0,0.464935,5.32224,4.55416e+06,2.70226e+06,1.13011e+07,0,0,0,2.61704e+08,60.0888,79.791,2.39876,0,0,2.04248,1.43768,0,1.57783,2.96352,9.46447e+06,3.61194e+06,1.9331e+07,0,0,0,7.47005e+07
68.4781,85.139,4.75765,0.17,0,2.482,3.0868,0,0.465031,5.32224,4.55416e+06,2.70226e+06,1.13034e+07,0,0,0,2.61704e+08,59.9263,79.791,2.92989,0,0,2.04271,1.43791,0,1.57802,2.96352,9.46447e+06,3.61194e+06,1.93332e+07,0,0,0,7.47005e+07
70.1397,85.139,4.57645,0.15,0,2.48251,3.08731,0,0.465127,5.32224,4.55416e+06,2.70226e+06,1.13057e+07,0,0,0,2.61704e+08,60.0889,79.791,3.30082,0,0,2.04295,1.43815,0,1.5782,2.96352,9.46447e+06,3.61194e+06,1.93355e+07,0,0,0,7.47005e+07
71.4557,85.139,4.0045,0.16,0,2.25047,2.85527,0,0.465222,5.32224,4.55416e+06,2.70226e+06,1.0249e+07,0,0,0,2.61704e+08,60.4229,79.791,3.95989,0,0,1.89871,1.29391,0,1.57838,2.96352,9.46447e+06,3.61194e+06,1.79703e+07,0,0,0,7.47005e+07
72.8354,85.139,4.11399,0.17,0,2.25094,2.85574,0,0.421738,5.32224,4.55416e+06,2.70226e+06,1.02512e+07,0,0,0,2.61704e+08,60.735,79.791,4.87569,0,0,1.89892,1.29412,0,1.46694,2.96352,9.46447e+06,3.61194e+06,1.79723e+07,0,0,0,7.47005e+07
74.1295,85.139,4.05994,0.17,0,2.25142,2.85622,0,0.421827,5.32224,4.55416e+06,2.70226e+06,1.02533e+07,0,0,0,2.61704e+08,60.9793,79.791,4.07654,0,0,1.89914,1.29434,0,1.46711,2.96352,9.46447e+06,3.61194e+06,1.79743e+07,0,0,0,7.47005e+07
75.5006,85.139,4.16321,0.16,0,2.25189,2.85669,0,0.421915,5.32224,4.55416e+06,2.70226e+06,1.02555e+07,0,0,0,2.61704e+08,61.1694,79.791,3.85369,0,0,1.89935,1.29455,0,1.46727,2.96352,9.46447e+06,3.61194e+06,1.79764e+07,0,0,0,7.47005e+07
77.3351,85.139,4.60059,0.16,0,2.25236,2.85716,0,0.422004,5.32224,4.55416e+06,2.70226e+06,1.02576e+07,0,0,0,2.61704e+08,61.5373,79.791,4.0508,0,0,1.89956,1.29476,0,1.46744,2.96352,9.46447e+06,3.61194e+06,1.79784e+07,0,0,0,7.47005e+07
78.7507,85.139,4.27828,0.16,0,2.34235,2.94715,0,0.422093,5.32224,4.55416e+06,2.70226e+06,1.06674e+07,0,0,0,2.61704e+08,61.657,79.791,4.54491,0,0,1.94165,1.33685,0,1.4676,2.96352,9.46447e+06,3.61194e+06,1.83767e+07,0,0,0,7.47005e+07
83.1479,85.139,7.436,0.16,0,2.34281,2.94761,0,0.438955,5.32224,4.55416e+06,2.70226e+06,1.06695e+07,0,0,0,2.61704e+08,62.0518,79.791,5.85395,0,0,1.94186,1.33706,0,1.50012,2.96352,9.46447e+06,3.61194e+06,1.83786e+07,0,0,0,7.47005e+07
85.139,85.139,6.93434,0.13,0,2.34327,2.94807,0,0.439043,5.32224,4.55416e+06,2.70226e+06,1.06716e+07,0,0,0,2.61704e+08,62.6388,79.791,6.44584,0,0,1.94207,1.33727,0,1.50028,2.96352,9.46447e+06,3.61194e+06,1.83806e+07,0,0,0,7.47005e+07
85.139,85.139,9.21773,0.11,0,2.34374,2.94854,0,0.43913,5.32224,4.55416e+06,2.70226e+06,1.06738e+07,0,0,0,2.61704e+08,64.9465,79.791,11.2523,0,0,1.94228,1.33748,0,1.50044,2.96352,9.46447e+06,3.61194e+06,1.83826e+07,0,0,0,7.47005e+07
85.139,85.139,5.27468,0.12,0,2.63184,3.23664,0,0.439217,5.32224,4.55416e+06,2.70226e+06,1.19858e+07,0,0,0,2.61704e+08,65.6741,79.791,6.30296,0,0,2.09977,1.49497,0,1.5006,2.96352,9.46447e+06,3.61194e+06,1.98732e+07,0,0,0,7.47005e+07
85.139,85.139,4.48215,0.13,0,2.63235,3.23715,0,0.493207,5.32224,4.55416e+06,2.70226e+06,1.19882e+07,0,0,0,2.61704e+08,66.1851,79.791,4.73718,0,0,2.10001,1.49521,0,1.62228,2.96352,9.46447e+06,3.61194e+06,1.98755e+07,0,0,0,7.47005e+07
85.139,85.139,6.64982,0.13,0,2.63286,3.23766,0,0.493303,5.32224,4.55416e+06,2.70226e+06,1.19905e+07,0,0,0,2.61704e+08,66.9086,79.791,5.88427,0,0,2.10024,1.49544,0,1.62247,2.96352,9.46447e+06,3.61194e+06,1.98777e+07,0,0,0,7.47005e+07
85.139,85.139,4.86689,0.13,0,2.63337,3.23817,0,0.493398,5.32224,4.55416e+06,2.70226e+06,1.19928e+07,0,0,0,2.61704e+08,67.4646,79.791,4.83,0,0,2.10048,1.49568,0,1.62265,2.96352,9.46447e+06,3.61194e+06,1.98799e+07,0,0,0,7.47005e+07
85.139,85.139,8.06025,0.14,0,2.22336,2.82816,0,0.493494,5.32224,4.55416e+06,2.70226e+06,1.01255e+07,0,0,0,2.61704e+08,70.52,79.791,11.6229,0,0,1.88951,1.28471,0,1.62283,2.96352,9.46447e+06,3.61194e+06,1.78832e+07,0,0,0,7.47005e+07
85.139,85.139,8.35424,0.15,0,2.22381,2.82861,0,0.416658,5.32224,4.55416e+06,2.70226e+06,1.01276e+07,0,0,0,2.61704e+08,73.4162,79.791,11.5307,0,0,1.88971,1.28491,0,1.45983,2.96352,9.46447e+06,3.61194e+06,1.78851e+07,0,0,0,7.47005e+07
85.139,85.139,8.39169,0.16,0,2.22425,2.82905,0,0.416741,5.32224,4.55416e+06,2.70226e+06,1.01296e+07,0,0,0,2.61704e+08,75.4635,79.791,9.13623,0,0,1.88991,1.28511,0,1.45999,2.96352,9.46447e+06,3.61194e+06,1.7887e+07,0,0,0,7.47005e+07
85.139,85.139,5.87815,0.17,0,2.2247,2.8295,0,0.416825,5.32224,4.55416e+06,2.70226e+06,1.01316e+07,0,0,0,2.61704e+08,76.566,79.791,6.23057,0,0,1.89011,1.28531,0,1.46014,2.96352,9.46447e+06,3.61194e+06,1.78889e+07,0,0,0,7.47005e+07
85.139,85.139,5.50884,0.17,0,2.22514,2.82994,0,0.416908,5.32224,4.55416e+06,2.70226e+06,1.01337e+07,0,0,0,2.61704e+08,77.8165,79.791,5.81182,0,0,1.89032,1.28552,0,1.4603,2.96352,9.46447e+06,3.61194e+06,1.78908e+07,0,0,0,7.47005e+07
85.139,85.139,7.2667,0.18,0,2.329,2.9338,0,0.416992,5.32224,4.55416e+06,2.70226e+06,1.06067e+07,0,0,0,2.61704e+08,80.7761,79.791,9.28416,0,0,1.94223,1.33743,0,1.46046,2.96352,9.46447e+06,3.61194e+06,1.83822e+07,0,0,0,7.47005e+07
85.139,85.139,10.3454,0.18,0,2.32947,2.93427,0,0.436456,5.32224,4.55416e+06,2.70226e+06,1.06088e+07,0,0,0,2.61704e+08,80.8192,79.791,11.1856,0,0,1.94244,1.33764,0,1.50057,2.96352,9.46447e+06,3.61194e+06,1.83842e+07,0,0,0,7.47005e+07
85.139,85.139,7.90772,0.18,0,2.32993,2.93473,0,0.436542,5.32224,4.55416e+06,2.70226e+06,1.06109e+07,0,0,0,2.61704e+08,80.8192,79.791,9.29893,0,0,1.94265,1.33785,0,1.50073,2.96352,9.46447e+06,3.61194e+06,1.83862e+07,0,0,0,7.47005e+07
85.139,85.139,6.22918,0.17,0,2.33039,2.93519,0,0.436629,5.32224,4.55416e+06,2.70226e+06,1.0613e+07,0,0,0,2.61704e+08,80.8192,79.791,7.74677,0,0,1.94286,1.33806,0,1.50089,2.96352,9.46447e+06,3.61194e+06,1.83882e+07,0,0,0,7.47005e+07
85.139,85.139,5.25525,0.17,0,2.29039,2.89519,0,0.436715,5.32224,4.55416e+06,2.70226e+06,1.04308e+07,0,0,0,2.61704e+08,80.8192,79.791,6.31961,0,0,1.92298,1.31818,0,1.50105,2.96352,9.46447e+06,3.61194e+06,1.81999e+07,0,0,0,7.47005e+07
85.139,85.139,4.46392,0.16,0,2.29085,2.89565,0,0.42922,5.32224,4.55416e+06,2.70226e+06,1.04329e+07,0,0,0,2.61704e+08,80.8192,79.791,5.28428,0,0,1.92318,1.31838,0,1.48569,2.96352,9.46447e+06,3.61194e+06,1.82019e+07,0,0,0,7.47005e+07
85.139,85.139,4.22132,0.14,0,2.29131,2.89611,0,0.429305,5.32224,4.55416e+06,2.70226e+06,1.0435e+07,0,0,0,2.61704e+08,80.8192,79.791,4.9317,0,0,1.92339,1.31859,0,1.48585,2.96352,9.46447e+06,3.61194e+06,1.82039e+07,0,0,0,7.47005e+07
85.139,85.139,3.93066,0.13,0,2.29176,2.89656,0,0.429391,5.32224,4.55416e+06,2.70226e+06,1.04371e+07,0,0,0,2.61704e+08,80.8192,79.791,4.9063,0,0,1.9236,1.3188,0,1.48601,2.96352,9.46447e+06,3.61194e+06,1.82058e+07,0,0,0,7.47005e+07
85.139,85.139,3.74638,0.12,0,2.42964,3.03444,0,0.429476,5.32224,4.55416e+06,2.70226e+06,1.1065e+07,0,0,0,2.61704e+08,80.8192,79.791,4.69117,0,0,1.99512,1.39032,0,1.48617,2.96352,9.46447e+06,3.61194e+06,1.88827e+07,0,0,0,7.47005e+07
85.139,85.139,3.41974,0.1,0,2.43012,3.03492,0,0.455315,5.32224,4.55416e+06,2.70226e+06,1.10672e+07,0,0,0,2.61704e+08,80.8192,79.791,4.22211,0,0,1.99534,1.39054,0,1.54143,2.96352,9.46447e+06,3.61194e+06,1.88848e+07,0,0,0,7.47005e+07
85.139,85.139,3.27348,0.1,0,2.4306,3.0354,0,0.455405,5.32224,4.55416e+06,2.70226e+06,1.10693e+07,0,0,0,2.61704e+08,80.8192,79.791,4.53669,0,0,1.99556,1.39076,0,1.5416,2.96352,9.46447e+06,3.61194e+06,1.88869e+07,0,0,0,7.47005e+07
85.139,85.139,3.0191,0.09,0,2.43108,3.03588,0,0.455495,5.32224,4.55416e+06,2.70226e+06,1.10715e+07,0,0,0,2.61704e+08,80.8192,79.791,4.2826,0,0,1.99578,1.39098,0,1.54177,2.96352,9.46447e+06,3.61194e+06,1.8889e+07,0,0,0,7.47005e+07
85.139,85.139,2.85072,0.07,0,2.43156,3.03636,0,0.455584,5.32224,4.55416e+06,2.70226e+06,1.10737e+07,0,0,0,2.61704e+08,80.8192,79.791,4.30549,0,0,1.99599,1.39119,0,1.54194,2.96352,9.46447e+06,3.61194e+06,1.8891e+07,0,0,0,7.47005e+07
85.139,85.139,3.53486,0.06,0,2.40484,3.00964,0,0.455674,5.32224,4.55416e+06,2.70226e+06,1.0952e+07,0,0,0,2.61704e+08,80.8192,79.791,3.20274,0,0,2.03544,1.43064,0,1.54211,2.96352,9.46447e+06,3.61194e+06,1.92644e+07,0,0,0,7.47005e+07
85.139,85.139,3.34596,0.06,0,2.40531,3.01011,0,0.450666,5.32224,4.55416e+06,2.70226e+06,1.09542e+07,0,0,0,2.61704e+08,80.8192,79.791,3.12093,0,0,2.03566,1.43086,0,1.57258,2.96352,9.46447e+06,3.61194e+06,1.92665e+07,0,0,0,7.47005e+07
85.139,85.139,3.1921,0.06,0,2.40579,3.01059,0,0.450755,5.32224,4.55416e+06,2.70226e+06,1.09563e+07,0,0,0,2.61704e+08,80.8192,79.791,3.02438,0,0,2.03589,1.43109,0,1.57275,2.96352,9.46447e+06,3.61194e+06,1.92686e+07,0,0,0,7.47005e+07
85.139,85.139,3.02399,0.06,0,2.40626,3.01106,0,0.450844,5.32224,4.55416e+06,2.70226e+06,1.09585e+07,0,0,0,2.61704e+08,80.8192,79.791,2.98256,0,0,2.03612,1.43132,0,1.57293,2.96352,9.46447e+06,3.61194e+06,1.92708e+07,0,0,0,7.47005e+07
85.139,85.139,2.89033,0.06,0,2.47702,3.08182,0,0.450933,5.32224,4.55416e+06,2.70226e+06,1.12807e+07,0,0,0,2.61704e+08,80.8192,79.791,3.05695,0,0,2.07132,1.46652,0,1.5731,2.96352,9.46447e+06,3.61194e+06,1.9604e+07,0,0,0,7.47005e+07
85.139,85.139,2.8117,0.06,0,2.4775,3.0823,0,0.464193,5.32224,4.55416e+06,2.70226e+06,1.12829e+07,0,0,0,2.61704e+08,80.7961,79.791,3.18584,0,0,2.07155,1.46675,0,1.6003,2.96352,9.46447e+06,3.61194e+06,1.96062e+07,0,0,0,7.47005e+07
84.9896,85.139,2.56134,0.06,0,2.47799,3.08279,0,0.464284,5.32224,4.55416e+06,2.70226e+06,1.12852e+07,0,0,0,2.61704e+08,80.7069,79.791,2.785,0,0,2.07178,1.46698,0,1.60048,2.96352,9.46447e+06,3.61194e+06,1.96083e+07,0,0,0,7.47005e+07
85.0609,85.139,2.77508,0.09,0,2.47847,3.08327,0,0.464375,5.32224,4.55416e+06,2.70226e+06,1.12874e+07,0,0,0,2.61704e+08,80.7814,79.791,3.47237,0,0,2.07201,1.46721,0,1.60066,2.96352,9.46447e+06,3.61194e+06,1.96105e+07,0,0,0,7.47005e+07
84.8363,85.139,2.63654,0.1,0,2.68491,3.28971,0,0.464466,5.32224,4.55416e+06,2.70226e+06,1.22275e+07,0,0,0,2.61704e+08,80.6552,79.791,3.18951,0,0,2.19859,1.59379,0,1.60084,2.96352,9.46447e+06,3.61194e+06,2.08085e+07,0,0,0,7.47005e+07
84.166,85.139,2.17652,0.1,0,2.68543,3.29023,0,0.503152,5.32224,4.55416e+06,2.70226e+06,1.22299e+07,0,0,0,2.61704e+08,80.1411,79.791,2.01568,0,0,2.19884,1.59404,0,1.69863,2.96352,9.46447e+06,3.61194e+06,2.08108e+07,0,0,0,7.47005e+07
83.1342,85.139,1.83838,0.1,0,2.68595,3.29075,0,0.503249,5.32224,4.55416e+06,2.70226e+06,1.22322e+07,0,0,0,2.61704e+08,79.7697,79.791,1.77325,0,0,2.19909,1.59429,0,1.69882,2.96352,9.46447e+06,3.61194e+06,2.08132e+07,0,0,0,7.47005e+07
82.2887,85.139,1.99967,0.11,0,2.68647,3.29127,0,0.503346,5.32224,4.55416e+06,2.70226e+06,1.22346e+07,0,0,0,2.61704e+08,79.6011,79.791,2.34292,0,0,2.19934,1.59454,0,1.69902,2.96352,9.46447e+06,3.61194e+06,2.08156e+07,0,0,0,7.47005e+07
81.311,85.139,1.86081,0.12,0,2.68698,3.29178,0,0.503444,5.32224,4.55416e+06,2.70226e+06,1.2237e+07,0,0,0,2.61704e+08,79.3089,79.791,2.09937,0,0,2.19959,1.59479,0,1.69921,2.96352,9.46447e+06,3.61194e+06,2.0818e+07,0,0,0,7.47005e+07
80.9387,85.139,2.64166,0.12,0,2.58705,3.19185,0,0.503541,5.32224,4.55416e+06,2.70226e+06,1.17818e+07,0,0,0,2.61704e+08,80.6791,79.791,4.3333,0,0,2.1231,1.5183,0,1.6994,2.96352,9.46447e+06,3.61194e+06,2.0094e+07,0,0,0,7.47005e+07
80.1282,85.139,2.15672,0.12,0,2.58755,3.19235,0,0.484813,5.32224,4.55416e+06,2.70226e+06,1.17841e+07,0,0,0,2.61704e+08,80.8192,79.791,3.49845,0,0,2.12334,1.51854,0,1.64031,2.96352,9.46447e+06,3.61194e+06,2.00963e+07,0,0,0,7.47005e+07
79.5493,85.139,2.37009,0.12,0,2.58806,3.19286,0,0.484907,5.32224,4.55416e+06,2.70226e+06,1.17864e+07,0,0,0,2.61704e+08,80.8192,79.791,3.43812,0,0,2.12358,1.51878,0,1.64049,2.96352,9.46447e+06,3.61194e+06,2.00985e+07,0,0,0,7.47005e+07
84.7344,85.139,8.27671,0.13,0,2.58856,3.19336,0,0.485002,5.32224,4.55416e+06,2.70226e+06,1.17887e+07,0,0,0,2.61704e+08,80.8192,79.791,7.17351,0,0,2.12382,1.51902,0,1.64067,2.96352,9.46447e+06,3.61194e+06,2.01008e+07,0,0,0,7.47005e+07
85.139,85.139,7.52334,0.14,0,2.50656,3.11136,0,0.485096,5.32224,4.55416e+06,2.70226e+06,1.14153e+07,0,0,0,2.61704e+08,80.8192,79.791,6.76016,0,0,2.05415,1.44935,0,1.64086,2.96352,9.46447e+06,3.61194e+06,1.94415e+07,0,0,0,7.47005e+07
85.139,85.139,5.41461,0.12,0,2.50705,3.11185,0,0.469729,5.32224,4.55416e+06,2.70226e+06,1.14175e+07,0,0,0,2.61704e+08,80.8192,79.791,6.22843,0,0,2.05438,1.44958,0,1.58704,2.96352,9.46447e+06,3.61194e+06,1.94436e+07,0,0,0,7.47005e+07
85.139,85.139,4.31379,0.12,0,2.50754,3.11234,0,0.46982,5.32224,4.55416e+06,2.70226e+06,1.14197e+07,0,0,0,2.61704e+08,80.8192,79.791,4.96962,0,0,2.05461,1.44981,0,1.58722,2.96352,9.46447e+06,3.61194e+06,1.94458e+07,0,0,0,7.47005e+07
85.139,85.139,4.38717,0.12,0,2.50803,3.11283,0,0.469912,5.32224,4.55416e+06,2.70226e+06,1.1422e+07,0,0,0,2.61704e+08,80.8192,79.791,5.8245,0,0,2.05484,1.45004,0,1.58739,2.96352,9.46447e+06,3.61194e+06,1.9448e+07,0,0,0,7.47005e+07
85.139,85.139,7.85968,0.12,0,2.27405,2.87885,0,0.470004,5.32224,4.55416e+06,2.70226e+06,1.03564e+07,0,0,0,2.61704e+08,80.8192,79.791,10.7874,0,0,1.90939,1.30459,0,1.58757,2.96352,9.46447e+06,3.61194e+06,1.80714e+07,0,0,0,7.47005e+07
85.139,85.139,5.45051,0.11,0,2.2745,2.8793,0,0.426157,5.32224,4.55416e+06,2.70226e+06,1.03584e+07,0,0,0,2.61704e+08,80.8192,79.791,4.57858,0,0,1.9096,1.3048,0,1.4752,2.96352,9.46447e+06,3.61194e+06,1.80733e+07,0,0,0,7.47005e+07
85.139,85.139,10.7211,0.11,0,2.27495,2.87975,0,0.426242,5.32224,4.55416e+06,2.70226e+06,1.03605e+07,0,0,0,2.61704e+08,80.8192,79.791,6.83012,0,0,1.9098,1.305,0,1.47536,2.96352,9.46447e+06,3.61194e+06,1.80753e+07,0,0,0,7.47005e+07
85.139,85.139,7.99108,0.11,0,2.27541,2.88021,0,0.426327,5.32224,4.55416e+06,2.70226e+06,1.03626e+07,0,0,0,2.61704e+08,80.8192,79.791,7.09555,0,0,1.91001,1.30521,0,1.47551,2.96352,9.46447e+06,3.61194e+06,1.80772e+07,0,0,0,7.47005e+07
85.139,85.139,9.50288,0.11,0,2.27586,2.88066,0,0.426412,5.32224,4.55416e+06,2.70226e+06,1.03646e+07,0,0,0,2.61704e+08,80.8192,79.791,5.99183,0,0,1.91021,1.30541,0,1.47567,2.96352,9.46447e+06,3.61194e+06,1.80792e+07,0,0,0,7.47005e+07
85.139,85.139,12.5455,0.12,0,2.36656,2.97136,0,0.426496,5.32224,4.55416e+06,2.70226e+06,1.07777e+07,0,0,0,2.61704e+08,80.8192,79.791,6.4007,0,0,1.95263,1.34783,0,1.47583,2.96352,9.46447e+06,3.61194e+06,1.84806e+07,0,0,0,7.47005e+07
85.139,85.139,5.99348,0.12,0,2.36701,2.97181,0,0.443494,5.32224,4.55416e+06,2.70226e+06,1.07797e+07,0,0,0,2.61704e+08,80.746,79.791,3.35251,0,0,1.95283,1.34803,0,1.5086,2.96352,9.46447e+06,3.61194e+06,1.84825e+07,0,0,0,7.47005e+07
85.139,85.139,4.74399,0.12,0,2.36745,2.97225,0,0.443577,5.32224,4.55416e+06,2.70226e+06,1.07817e+07,0,0,0,2.61704e+08,80.5538,79.791,2.64515,0,0,1.95303,1.34823,0,1.50876,2.96352,9.46447e+06,3.61194e+06,1.84844e+07,0,0,0,7.47005e+07
85.139,85.139,4.1897,0.12,0,2.3679,2.9727,0,0.44366,5.32224,4.55416e+06,2.70226e+06,1.07838e+07,0,0,0,2.61704e+08,80.5722,79.791,2.37605,0,0,1.95324,1.34844,0,1.50891,2.96352,9.46447e+06,3.61194e+06,1.84863e+07,0,0,0,7.47005e+07
85.139,85.139,4.72298,0.12,0,2.65833,3.26313,0,0.443744,5.32224,4.55416e+06,2.70226e+06,1.21065e+07,0,0,0,2.61704e+08,80.8192,79.791,2.97514,0,0,2.11201,1.50721,0,1.50907,2.96352,9.46447e+06,3.61194e+06,1.9989e+07,0,0,0,7.47005e+07
85.139,85.139,3.97361,0.13,0,2.65882,3.26362,0,0.498172,5.32224,4.55416e+06,2.70226e+06,1.21087e+07,0,0,0,2.61704e+08,80.8192,79.791,2.73169,0,0,2.11223,1.50743,0,1.63174,2.96352,9.46447e+06,3.61194e+06,1.99912e+07,0,0,0,7.47005e+07
85.139,85.139,4.4153,0.13,0,2.65931,3.26411,0,0.498263,5.32224,4.55416e+06,2.70226e+06,1.21109e+07,0,0,0,2.61704e+08,80.8192,79.791,3.05907,0,0,2.11246,1.50766,0,1.63191,2.96352,9.46447e+06,3.61194e+06,1.99933e+07,0,0,0,7.47005e+07
85.139,85.139,5.87048,0.13,0,2.6598,3.2646,0,0.498354,5.32224,4.55416e+06,2.70226e+06,1.21131e+07,0,0,0,2.61704e+08,80.8192,79.791,3.26284,0,0,2.11268,1.50788,0,1.63209,2.96352,9.46447e+06,3.61194e+06,1.99954e+07,0,0,0,7.47005e+07
85.139,85.139,6.65646,0.13,0,2.24641,2.85121,0,0.498446,5.32224,4.55416e+06,2.70226e+06,1.02305e+07,0,0,0,2.61704e+08,80.8192,79.791,4.13275,0,0,1.89998,1.29518,0,1.63226,2.96352,9.46447e+06,3.61194e+06,1.79823e+07,0,0,0,7.47005e+07
85.139,85.139,10.1155,0.15,0,2.24684,2.85164,0,0.420978,5.32224,4.55416e+06,2.70226e+06,1.02325e+07,0,0,0,2.61704e+08,80.8192,79.791,8.14874,0,0,1.90017,1.29537,0,1.46792,2.96352,9.46447e+06,3.61194e+06,1.79841e+07,0,0,0,7.47005e+07
85.139,85.139,9.63055,0.16,0,2.24727,2.85207,0,0.421058,5.32224,4.55416e+06,2.70226e+06,1.02344e+07,0,0,0,2.61704e+08,80.8192,79.791,8.5338,0,0,1.90037,1.29557,0,1.46807,2.96352,9.46447e+06,3.61194e+06,1.7986e+07,0,0,0,7.47005e+07
85.139,85.139,9.69312,0.16,0,2.24769,2.85249,0,0.421138,5.32224,4.55416e+06,2.70226e+06,1.02364e+07,0,0,0,2.61704e+08,80.8192,79.791,7.65796,0,0,1.90056,1.29576,0,1.46822,2.96352,9.46447e+06,3.61194e+06,1.79878e+07,0,0,0,7.47005e+07
85.139,85.139,11.809,0.18,0,2.24812,2.85292,0,0.421218,5.32224,4.55416e+06,2.70226e+06,1.02383e+07,0,0,0,2.61704e+08,80.8192,79.791,10.586,0,0,1.90075,1.29595,0,1.46837,2.96352,9.46447e+06,3.61194e+06,1.79896e+07,0,0,0,7.47005e+07
85.139,85.139,9.0376,0.2,0,2.3528,2.9576,0,0.421298,5.32224,4.55416e+06,2.70226e+06,1.0715e+07,0,0,0,2.61704e+08,80.8192,79.791,7.70063,0,0,1.95308,1.34828,0,1.46852,2.96352,9.46447e+06,3.61194e+06,1.84848e+07,0,0,0,7.47005e+07
85.139,85.139,6.57262,0.21,0,2.35324,2.95804,0,0.440915,5.32224,4.55416e+06,2.70226e+06,1.07171e+07,0,0,0,2.61704e+08,80.8192,79.791,5.87328,0,0,1.95328,1.34848,0,1.50895,2.96352,9.46447e+06,3.61194e+06,1.84868e+07,0,0,0,7.47005e+07
85.139,85.139,5.77887,0.23,0,2.35369,2.95849,0,0.440998,5.32224,4.55416e+06,2.70226e+06,1.07191e+07,0,0,0,2.61704e+08,80.8192,79.791,4.78858,0,0,1.95348,1.34868,0,1.5091,2.96352,9.46447e+06,3.61194e+06,1.84887e+07,0,0,0,7.47005e+07
85.139,85.139,5.04903,0.22,0,2.35413,2.95893,0,0.441081,5.32224,4.55416e+06,2.70226e+06,1.07211e+07,0,0,0,2.61704e+08,80.8192,79.791,4.90779,0,0,1.95368,1.34888,0,1.50926,2.96352,9.46447e+06,3.61194e+06,1.84906e+07,0,0,0,7.47005e+07
85.139,85.139,5.31943,0.2,0,2.31378,2.91858,0,0.441164,5.32224,4.55416e+06,2.70226e+06,1.05373e+07,0,0,0,2.61704e+08,80.8192,79.791,4.00602,0,0,1.93362,1.32882,0,1.50941,2.96352,9.46447e+06,3.61194e+06,1.83007e+07,0,0,0,7.47005e+07
85.139,85.139,4.15061,0.19,0,2.31422,2.91902,0,0.433603,5.32224,4.55416e+06,2.70226e+06,1.05393e+07,0,0,0,2.61704e+08,80.7909,79.791,3.16549,0,0,1.93382,1.32902,0,1.49392,2.96352,9.46447e+06,3.61194e+06,1.83026e+07,0,0,0,7.47005e+07
85.139,85.139,3.74992,0.17,0,2.31466,2.91946,0,0.433685,5.32224,4.55416e+06,2.70226e+06,1.05413e+07,0,0,0,2.61704e+08,80.7613,79.791,3.06607,0,0,1.93402,1.32922,0,1.49407,2.96352,9.46447e+06,3.61194e+06,1.83045e+07,0,0,0,7.47005e+07
85.139,85.139,4.22128,0.15,0,2.31509,2.91989,0,0.433767,5.32224,4.55416e+06,2.70226e+06,1.05433e+07,0,0,0,2.61704e+08,80.63,79.791,2.83593,0,0,1.93422,1.32942,0,1.49423,2.96352,9.46447e+06,3.61194e+06,1.83064e+07,0,0,0,7.47005e+07
85.139,85.139,3.555,0.13,0,2.45406,3.05886,0,0.433849,5.32224,4.55416e+06,2.70226e+06,1.11762e+07,0,0,0,2.61704e+08,80.4477,79.791,2.72035,0,0,2.00631,1.40151,0,1.49438,2.96352,9.46447e+06,3.61194e+06,1.89886e+07,0,0,0,7.47005e+07
85.139,85.139,2.84136,0.12,0,2.45452,3.05932,0,0.459891,5.32224,4.55416e+06,2.70226e+06,1.11783e+07,0,0,0,2.61704e+08,80.2627,79.791,2.29635,0,0,2.00652,1.40172,0,1.55007,2.96352,9.46447e+06,3.61194e+06,1.89906e+07,0,0,0,7.47005e+07
85.139,85.139,2.87138,0.1,0,2.45498,3.05978,0,0.459977,5.32224,4.55416e+06,2.70226e+06,1.11804e+07,0,0,0,2.61704e+08,80.0422,79.791,2.42353,0,0,2.00672,1.40192,0,1.55023,2.96352,9.46447e+06,3.61194e+06,1.89926e+07,0,0,0,7.47005e+07
85.0218,85.139,2.52721,0.1,0,2.45543,3.06023,0,0.460063,5.32224,4.55416e+06,2.70226e+06,1.11824e+07,0,0,0,2.61704e+08,79.5895,79.791,2.05601,0,0,2.00693,1.40213,0,1.5504,2.96352,9.46447e+06,3.61194e+06,1.89946e+07,0,0,0,7.47005e+07
84.7931,85.139,2.40501,0.16,0,2.45589,3.06069,0,0.460148,5.32224,4.55416e+06,2.70226e+06,1.11845e+07,0,0,0,2.61704e+08,79.0307,79.791,1.80683,0,0,2.00714,1.40234,0,1.55056,2.96352,9.46447e+06,3.61194e+06,1.89966e+07,0,0,0,7.47005e+07
84.4377,85.139,2.30384,0.13,0,2.42893,3.03373,0,0.460234,5.32224,4.55416e+06,2.70226e+06,1.10617e+07,0,0,0,2.61704e+08,78.5779,79.791,1.87563,0,0,2.04689,1.44209,0,1.55072,2.96352,9.46447e+06,3.61194e+06,1.93728e+07,0,0,0,7.47005e+07
84.0481,85.139,2.26891,0.13,0,2.42939,3.03419,0,0.455182,5.32224,4.55416e+06,2.70226e+06,1.10638e+07,0,0,0,2.61704e+08,78.1028,79.791,1.90313,0,0,2.04711,1.44231,0,1.58143,2.96352,9.46447e+06,3.61194e+06,1.93748e+07,0,0,0,7.47005e+07
83.5719,85.139,2.15737,0.11,0,2.42984,3.03464,0,0.455267,5.32224,4.55416e+06,2.70226e+06,1.10659e+07,0,0,0,2.61704e+08,77.5087,79.791,1.86986,0,0,2.04732,1.44252,0,1.5816,2.96352,9.46447e+06,3.61194e+06,1.93768e+07,0,0,0,7.47005e+07
82.8457,85.139,1.87689,0.12,0,2.43029,3.03509,0,0.455352,5.32224,4.55416e+06,2.70226e+06,1.10679e+07,0,0,0,2.61704e+08,76.82,79.791,1.75619,0,0,2.04754,1.44274,0,1.58176,2.96352,9.46447e+06,3.61194e+06,1.93789e+07,0,0,0,7.47005e+07
81.9561,85.139,1.75519,0.11,0,2.50159,3.10639,0,0.455437,5.32224,4.55416e+06,2.70226e+06,1.13926e+07,0,0,0,2.61704e+08,76.1578,79.791,1.69167,0,0,2.08301,1.47821,0,1.58193,2.96352,9.46447e+06,3.61194e+06,1.97146e+07,0,0,0,7.47005e+07
80.9892,85.139,1.71224,0.11,0,2.50205,3.10685,0,0.468798,5.32224,4.55416e+06,2.70226e+06,1.13948e+07,0,0,0,2.61704e+08,75.4841,79.791,1.70875,0,0,2.08324,1.47844,0,1.60934,2.96352,9.46447e+06,3.61194e+06,1.97167e+07,0,0,0,7.47005e+07
79.922,85.139,1.57514,0.11,0,2.50252,3.10732,0,0.468885,5.32224,4.55416e+06,2.70226e+06,1.13969e+07,0,0,0,2.61704e+08,74.5857,79.791,1.63269,0,0,2.08346,1.47866,0,1.60951,2.96352,9.46447e+06,3.61194e+06,1.97188e+07,0,0,0,7.47005e+07
78.7288,85.139,1.43396,0.11,0,2.50298,3.10778,0,0.468972,5.32224,4.55416e+06,2.70226e+06,1.1399e+07,0,0,0,2.61704e+08,73.9709,79.791,1.42283,0,0,2.08368,1.47888,0,1.60968,2.96352,9.46447e+06,3.61194e+06,1.97209e+07,0,0,0,7.47005e+07
77.5514,85.139,1.61086,0.17,0,2.71103,3.31583,0,0.469059,5.32224,4.55416e+06,2.70226e+06,1.23465e+07,0,0,0,2.61704e+08,73.0229,79.791,1.88718,0,0,2.21124,1.60644,0,1.60985,2.96352,9.46447e+06,3.61194e+06,2.09282e+07,0,0,0,7.47005e+07
76.0319,85.139,1.2324,0.17,0,2.71153,3.31633,0,0.508048,5.32224,4.55416e+06,2.70226e+06,1.23487e+07,0,0,0,2.61704e+08,72.1639,79.791,1.26619,0,0,2.21148,1.60668,0,1.70841,2.96352,9.46447e+06,3.61194e+06,2.09305e+07,0,0,0,7.47005e+07
74.6612,85.139,1.38966,0.18,0,2.71203,3.31683,0,0.508141,5.32224,4.55416e+06,2.70226e+06,1.2351e+07,0,0,0,2.61704e+08,71.0808,79.791,1.56011,0,0,2.21172,1.60692,0,1.70859,2.96352,9.46447e+06,3.61194e+06,2.09328e+07,0,0,0,7.47005e+07
73.029,85.139,1.12289,0.18,0,2.71252,3.31732,0,0.508234,5.32224,4.55416e+06,2.70226e+06,1.23533e+07,0,0,0,2.61704e+08,70.3738,79.791,1.13187,0,0,2.21196,1.60716,0,1.70878,2.96352,9.46447e+06,3.61194e+06,2.09351e+07,0,0,0,7.47005e+07
71.6497,85.139,1.35316,0.2,0,2.71302,3.31782,0,0.508327,5.32224,4.55416e+06,2.70226e+06,1.23555e+07,0,0,0,2.61704e+08,69.375,79.791,1.95839,0,0,2.2122,1.6074,0,1.70896,2.96352,9.46447e+06,3.61194e+06,2.09373e+07,0,0,0,7.47005e+07
69.9592,85.139,0.932139,0.2,0,2.61227,3.21707,0,0.508419,5.32224,4.55416e+06,2.70226e+06,1.18967e+07,0,0,0,2.61704e+08,68.0802,79.791,1.11218,0,0,2.13509,1.53029,0,1.70915,2.96352,9.46447e+06,3.61194e+06,2.02075e+07,0,0,0,7.47005e+07
68.2539,85.139,0.920514,0.19,0,2.61275,3.21755,0,0.489539,5.32224,4.55416e+06,2.70226e+06,1.18989e+07,0,0,0,2.61704e+08,66.8963,79.791,1.03176,0,0,2.13532,1.53052,0,1.64957,2.96352,9.46447e+06,3.61194e+06,2.02097e+07,0,0,0,7.47005e+07
66.8873,85.139,1.27909,0.19,0,2.61323,3.21803,0,0.489629,5.32224,4.55416e+06,2.70226e+06,1.19011e+07,0,0,0,2.61704e+08,66.2063,79.791,1.13567,0,0,2.13555,1.53075,0,1.64975,2.96352,9.46447e+06,3.61194e+06,2.02119e+07,0,0,0,7.47005e+07
65.9848,85.139,1.79155,0.21,0,2.61371,3.21851,0,0.489719,5.32224,4.55416e+06,2.70226e+06,1.19033e+07,0,0,0,2.61704e+08,65.3669,79.791,1.87425,0,0,2.13578,1.53098,0,1.64993,2.96352,9.46447e+06,3.61194e+06,2.0214e+07,0,0,0,7.47005e+07
64.7855,85.139,1.43476,0.21,0,2.53104,3.13584,0,0.489809,5.32224,4.55416e+06,2.70226e+06,1.15267e+07,0,0,0,2.61704e+08,64.0735,79.791,1.34803,0,0,2.06556,1.46076,0,1.6501,2.96352,9.46447e+06,3.61194e+06,1.95494e+07,0,0,0,7.47005e+07
63.4619,85.139,1.26335,0.2,0,2.53151,3.13631,0,0.474316,5.32224,4.55416e+06,2.70226e+06,1.15289e+07,0,0,0,2.61704e+08,63.474,79.791,0.857342,0,0,2.06578,1.46098,0,1.59585,2.96352,9.46447e+06,3.61194e+06,1.95515e+07,0,0,0,7.47005e+07
62.353,85.139,1.47444,0.2,0,2.53197,3.13677,0,0.474404,5.32224,4.55416e+06,2.70226e+06,1.1531e+07,0,0,0,2.61704e+08,63.0477,79.791,1.8416,0,0,2.06599,1.46119,0,1.59602,2.96352,9.46447e+06,3.61194e+06,1.95535e+07,0,0,0,7.47005e+07
63.6139,85.139,3.95132,0.23,0,2.53244,3.13724,0,0.474492,5.32224,4.55416e+06,2.70226e+06,1.15332e+07,0,0,0,2.61704e+08,63.0532,79.791,3.71897,0,0,2.06621,1.46141,0,1.59619,2.96352,9.46447e+06,3.61194e+06,1.95556e+07,0,0,0,7.47005e+07
63.434,85.139,2.29427,0.2,0,2.29661,2.90141,0,0.47458,5.32224,4.55416e+06,2.70226e+06,1.04591e+07,0,0,0,2.61704e+08,62.9601,79.791,1.91373,0,0,1.91961,1.31481,0,1.59636,2.96352,9.46447e+06,3.61194e+06,1.81681e+07,0,0,0,7.47005e+07
63.2091,85.139,2.30761,0.21,0,2.29704,2.90184,0,0.430384,5.32224,4.55416e+06,2.70226e+06,1.04611e+07,0,0,0,2.61704e+08,62.4797,79.791,1.86228,0,0,1.91981,1.31501,0,1.48309,2.96352,9.46447e+06,3.61194e+06,1.817e+07,0,0,0,7.47005e+07
63.2546,85.139,2.6915,0.21,0,2.29747,2.90227,0,0.430465,5.32224,4.55416e+06,2.70226e+06,1.04631e+07,0,0,0,2.61704e+08,61.9966,79.791,1.962,0,0,1.92001,1.31521,0,1.48325,2.96352,9.46447e+06,3.61194e+06,1.81719e+07,0,0,0,7.47005e+07
63.1099,85.139,2.44992,0.23,0,2.29791,2.90271,0,0.430547,5.32224,4.55416e+06,2.70226e+06,1.0465e+07,0,0,0,2.61704e+08,61.544,79.791,1.85058,0,0,1.9202,1.3154,0,1.4834,2.96352,9.46447e+06,3.61194e+06,1.81737e+07,0,0,0,7.47005e+07
63.5837,85.139,3.08781,0.23,0,2.29834,2.90314,0,0.430628,5.32224,4.55416e+06,2.70226e+06,1.0467e+07,0,0,0,2.61704e+08,61.2284,79.791,1.86128,0,0,1.9204,1.3156,0,1.48355,2.96352,9.46447e+06,3.61194e+06,1.81756e+07,0,0,0,7.47005e+07
72.2406,85.139,11.7724,0.24,0,2.38972,2.99452,0,0.430709,5.32224,4.55416e+06,2.70226e+06,1.08832e+07,0,0,0,2.61704e+08,61.5259,79.791,4.29361,0,0,1.96314,1.35834,0,1.4837,2.96352,9.46447e+06,3.61194e+06,1.85801e+07,0,0,0,7.47005e+07
76.3013,85.139,7.02551,0.21,0,2.39015,2.99495,0,0.447834,5.32224,4.55416e+06,2.70226e+06,1.08851e+07,0,0,0,2.61704e+08,61.8917,79.791,3.87801,0,0,1.96333,1.35853,0,1.51672,2.96352,9.46447e+06,3.61194e+06,1.85819e+07,0,0,0,7.47005e+07
78.0809,85.139,4.68262,0.2,0,2.39057,2.99537,0,0.447914,5.32224,4.55416e+06,2.70226e+06,1.08871e+07,0,0,0,2.61704e+08,62.4311,79.791,4.07495,0,0,1.96352,1.35872,0,1.51687,2.96352,9.46447e+06,3.61194e+06,1.85837e+07,0,0,0,7.47005e+07
85.139,85.139,17.249,0.21,0,2.391,2.9958,0,0.447993,5.32224,4.55416e+06,2.70226e+06,1.0889e+07,0,0,0,2.61704e+08,65.4441,79.791,11.9854,0,0,1.96371,1.35891,0,1.51702,2.96352,9.46447e+06,3.61194e+06,1.85855e+07,0,0,0,7.47005e+07
85.139,85.139,9.03996,0.14,0,2.68367,3.28847,0,0.448073,5.32224,4.55416e+06,2.70226e+06,1.22218e+07,0,0,0,2.61704e+08,66.8616,79.791,6.65863,0,0,2.12371,1.51891,0,1.51717,2.96352,9.46447e+06,3.61194e+06,2.00998e+07,0,0,0,7.47005e+07
85.139,85.139,11.7181,0.14,0,2.68413,3.28893,0,0.502919,5.32224,4.55416e+06,2.70226e+06,1.2224e+07,0,0,0,2.61704e+08,69.3689,79.791,9.46002,0,0,2.12392,1.51912,0,1.64078,2.96352,9.46447e+06,3.61194e+06,2.01018e+07,0,0,0,7.47005e+07
85.139,85.139,10.0402,0.14,0,2.6846,3.2894,0,0.503006,5.32224,4.55416e+06,2.70226e+06,1.22261e+07,0,0,0,2.61704e+08,71.4337,79.791,7.82159,0,0,2.12414,1.51934,0,1.64094,2.96352,9.46447e+06,3.61194e+06,2.01039e+07,0,0,0,7.47005e+07
85.139,85.139,10.6967,0.14,0,2.68506,3.28986,0,0.503093,5.32224,4.55416e+06,2.70226e+06,1.22282e+07,0,0,0,2.61704e+08,73.8247,79.791,9.45544,0,0,2.12435,1.51955,0,1.64111,2.96352,9.46447e+06,3.61194e+06,2.01059e+07,0,0,0,7.47005e+07
85.139,85.139,14.9065,0.14,0,2.26846,2.87326,0,0.503181,5.32224,4.55416e+06,2.70226e+06,1.03309e+07,0,0,0,2.61704e+08,77.7039,79.791,13.0811,0,0,1.90999,1.30519,0,1.64128,2.96352,9.46447e+06,3.61194e+06,1.80771e+07,0,0,0,7.47005e+07
85.139,85.139,7.46376,0.16,0,2.26886,2.87366,0,0.425109,5.32224,4.55416e+06,2.70226e+06,1.03328e+07,0,0,0,2.61704e+08,79.8563,79.791,7.95306,0,0,1.91018,1.30538,0,1.47566,2.96352,9.46447e+06,3.61194e+06,1.80788e+07,0,0,0,7.47005e+07
85.139,85.139,6.57588,0.17,0,2.26927,2.87407,0,0.425185,5.32224,4.55416e+06,2.70226e+06,1.03346e+07,0,0,0,2.61704e+08,80.8192,79.791,6.2637,0,0,1.91036,1.30556,0,1.4758,2.96352,9.46447e+06,3.61194e+06,1.80806e+07,0,0,0,7.47005e+07
85.139,85.139,6.83079,0.18,0,2.26968,2.87448,0,0.425262,5.32224,4.55416e+06,2.70226e+06,1.03365e+07,0,0,0,2.61704e+08,80.8192,79.791,6.27886,0,0,1.91055,1.30575,0,1.47595,2.96352,9.46447e+06,3.61194e+06,1.80823e+07,0,0,0,7.47005e+07
85.139,85.139,6.33264,0.18,0,2.27009,2.87489,0,0.425338,5.32224,4.55416e+06,2.70226e+06,1.03383e+07,0,0,0,2.61704e+08,80.8192,79.791,5.77767,0,0,1.91073,1.30593,0,1.47609,2.96352,9.46447e+06,3.61194e+06,1.80841e+07,0,0,0,7.47005e+07
85.139,85.139,8.15571,0.22,0,2.37555,2.98035,0,0.425414,5.32224,4.55416e+06,2.70226e+06,1.08186e+07,0,0,0,2.61704e+08,80.8192,79.791,9.30753,0,0,1.96345,1.35865,0,1.47623,2.96352,9.46447e+06,3.61194e+06,1.8583e+07,0,0,0,7.47005e+07
85.139,85.139,7.13292,0.24,0,2.37597,2.98077,0,0.445178,5.32224,4.55416e+06,2.70226e+06,1.08206e+07,0,0,0,2.61704e+08,80.8192,79.791,8.80855,0,0,1.96364,1.35884,0,1.51696,2.96352,9.46447e+06,3.61194e+06,1.85848e+07,0,0,0,7.47005e+07
85.139,85.139,6.12058,0.24,0,2.37639,2.98119,0,0.445257,5.32224,4.55416e+06,2.70226e+06,1.08225e+07,0,0,0,2.61704e+08,80.8192,79.791,8.41122,0,0,1.96383,1.35903,0,1.51711,2.96352,9.46447e+06,3.61194e+06,1.85866e+07,0,0,0,7.47005e+07
85.139,85.139,5.625,0.23,0,2.37682,2.98162,0,0.445336,5.32224,4.55416e+06,2.70226e+06,1.08244e+07,0,0,0,2.61704e+08,80.8192,79.791,8.68495,0,0,1.96402,1.35922,0,1.51726,2.96352,9.46447e+06,3.61194e+06,1.85884e+07,0,0,0,7.47005e+07
85.139,85.139,5.16077,0.2,0,2.33614,2.94094,0,0.445415,5.32224,4.55416e+06,2.70226e+06,1.06391e+07,0,0,0,2.61704e+08,80.8192,79.791,7.13092,0,0,1.9438,1.339,0,1.5174,2.96352,9.46447e+06,3.61194e+06,1.83971e+07,0,0,0,7.47005e+07
85.139,85.139,4.00468,0.2,0,2.33655,2.94135,0,0.437792,5.32224,4.55416e+06,2.70226e+06,1.0641e+07,0,0,0,2.61704e+08,80.8192,79.791,4.94812,0,0,1.94399,1.33919,0,1.50178,2.96352,9.46447e+06,3.61194e+06,1.83989e+07,0,0,0,7.47005e+07
85.139,85.139,3.65787,0.19,0,2.33697,2.94177,0,0.43787,5.32224,4.55416e+06,2.70226e+06,1.06429e+07,0,0,0,2.61704e+08,80.8192,79.791,4.47452,0,0,1.94418,1.33938,0,1.50193,2.96352,9.46447e+06,3.61194e+06,1.84007e+07,0,0,0,7.47005e+07
85.139,85.139,3.53348,0.16,0,2.33739,2.94219,0,0.437948,5.32224,4.55416e+06,2.70226e+06,1.06448e+07,0,0,0,2.61704e+08,80.8192,79.791,4.40364,0,0,1.94437,1.33957,0,1.50207,2.96352,9.46447e+06,3.61194e+06,1.84024e+07,0,0,0,7.47005e+07
85.139,85.139,3.28816,0.15,0,2.47739,3.08219,0,0.438026,5.32224,4.55416e+06,2.70226e+06,1.12824e+07,0,0,0,2.61704e+08,80.8192,79.791,3.91922,0,0,2.01699,1.41219,0,1.50222,2.96352,9.46447e+06,3.61194e+06,1.90898e+07,0,0,0,7.47005e+07
85.139,85.139,3.65567,0.13,0,2.47783,3.08263,0,0.464263,5.32224,4.55416e+06,2.70226e+06,1.12844e+07,0,0,0,2.61704e+08,80.8192,79.791,5.01546,0,0,2.01719,1.41239,0,1.55833,2.96352,9.46447e+06,3.61194e+06,1.90917e+07,0,0,0,7.47005e+07
85.139,85.139,3.36781,0.12,0,2.47826,3.08306,0,0.464345,5.32224,4.55416e+06,2.70226e+06,1.12864e+07,0,0,0,2.61704e+08,80.8192,79.791,4.08809,0,0,2.01739,1.41259,0,1.55848,2.96352,9.46447e+06,3.61194e+06,1.90936e+07,0,0,0,7.47005e+07
85.139,85.139,3.06796,0.11,0,2.4787,3.0835,0,0.464427,5.32224,4.55416e+06,2.70226e+06,1.12884e+07,0,0,0,2.61704e+08,80.8192,79.791,3.40161,0,0,2.01759,1.41279,0,1.55864,2.96352,9.46447e+06,3.61194e+06,1.90955e+07,0,0,0,7.47005e+07
84.9993,85.139,2.70683,0.11,0,2.47914,3.08394,0,0.464508,5.32224,4.55416e+06,2.70226e+06,1.12904e+07,0,0,0,2.61704e+08,80.8192,79.791,3.53522,0,0,2.01779,1.41299,0,1.55879,2.96352,9.46447e+06,3.61194e+06,1.90974e+07,0,0,0,7.47005e+07
85.139,85.139,3.02607,0.16,0,2.45195,3.05675,0,0.46459,5.32224,4.55416e+06,2.70226e+06,1.11666e+07,0,0,0,2.61704e+08,80.8192,79.791,5.45346,0,0,2.05783,1.45303,0,1.55895,2.96352,9.46447e+06,3.61194e+06,1.94763e+07,0,0,0,7.47005e+07
85.139,85.139,3.05779,0.09,0,2.45238,3.05718,0,0.459495,5.32224,4.55416e+06,2.70226e+06,1.11685e+07,0,0,0,2.61704e+08,80.8192,79.791,5.80484,0,0,2.05804,1.45324,0,1.58988,2.96352,9.46447e+06,3.61194e+06,1.94783e+07,0,0,0,7.47005e+07
85.139,85.139,2.89767,0.1,0,2.45281,3.05761,0,0.459576,5.32224,4.55416e+06,2.70226e+06,1.11705e+07,0,0,0,2.61704e+08,80.8192,79.791,5.52598,0,0,2.05825,1.45345,0,1.59004,2.96352,9.46447e+06,3.61194e+06,1.94802e+07,0,0,0,7.47005e+07
85.047,85.139,2.68022,0.08,0,2.45325,3.05805,0,0.459657,5.32224,4.55416e+06,2.70226e+06,1.11725e+07,0,0,0,2.61704e+08,80.8192,79.791,5.14579,0,0,2.05845,1.45365,0,1.5902,2.96352,9.46447e+06,3.61194e+06,1.94822e+07,0,0,0,7.47005e+07
84.9081,85.139,2.67986,0.15,0,2.52506,3.12986,0,0.459738,5.32224,4.55416e+06,2.70226e+06,1.14995e+07,0,0,0,2.61704e+08,80.8192,79.791,4.897,0,0,2.09418,1.48938,0,1.59036,2.96352,9.46447e+06,3.61194e+06,1.98203e+07,0,0,0,7.47005e+07
84.9437,85.139,2.82888,0.14,0,2.5255,3.1303,0,0.473196,5.32224,4.55416e+06,2.70226e+06,1.15015e+07,0,0,0,2.61704e+08,80.8192,79.791,4.94283,0,0,2.09439,1.48959,0,1.61797,2.96352,9.46447e+06,3.61194e+06,1.98223e+07,0,0,0,7.47005e+07
84.7162,85.139,2.55389,0.14,0,2.52594,3.13074,0,0.473279,5.32224,4.55416e+06,2.70226e+06,1.15036e+07,0,0,0,2.61704e+08,80.8192,79.791,4.75048,0,0,2.0946,1.4898,0,1.61813,2.96352,9.46447e+06,3.61194e+06,1.98243e+07,0,0,0,7.47005e+07
84.2783,85.139,2.33016,0.15,0,2.52639,3.13119,0,0.473362,5.32224,4.55416e+06,2.70226e+06,1.15056e+07,0,0,0,2.61704e+08,80.8192,79.791,4.38915,0,0,2.09481,1.49001,0,1.61829,2.96352,9.46447e+06,3.61194e+06,1.98263e+07,0,0,0,7.47005e+07
83.3925,85.139,2.03345,0.15,0,2.73598,3.34078,0,0.473445,5.32224,4.55416e+06,2.70226e+06,1.24601e+07,0,0,0,2.61704e+08,80.8192,79.791,4.35684,0,0,2.22333,1.61853,0,1.61845,2.96352,9.46447e+06,3.61194e+06,2.10426e+07,0,0,0,7.47005e+07
82.3701,85.139,1.85444,0.16,0,2.73645,3.34125,0,0.512722,5.32224,4.55416e+06,2.70226e+06,1.24622e+07,0,0,0,2.61704e+08,80.8192,79.791,3.40747,0,0,2.22356,1.61876,0,1.71774,2.96352,9.46447e+06,3.61194e+06,2.10448e+07,0,0,0,7.47005e+07
81.5792,85.139,2.10691,0.16,0,2.73692,3.34172,0,0.512811,5.32224,4.55416e+06,2.70226e+06,1.24644e+07,0,0,0,2.61704e+08,80.8192,79.791,4.00696,0,0,2.22379,1.61899,0,1.71792,2.96352,9.46447e+06,3.61194e+06,2.1047e+07,0,0,0,7.47005e+07
80.3834,85.139,1.70292,0.15,0,2.7374,3.3422,0,0.5129,5.32224,4.55416e+06,2.70226e+06,1.24665e+07,0,0,0,2.61704e+08,80.7971,79.791,2.90386,0,0,2.22402,1.61922,0,1.7181,2.96352,9.46447e+06,3.61194e+06,2.10491e+07,0,0,0,7.47005e+07
79.5613,85.139,2.05143,0.14,0,2.73787,3.34267,0,0.512988,5.32224,4.55416e+06,2.70226e+06,1.24687e+07,0,0,0,2.61704e+08,80.8192,79.791,5.0187,0,0,2.22424,1.61944,0,1.71827,2.96352,9.46447e+06,3.61194e+06,2.10513e+07,0,0,0,7.47005e+07
78.6106,85.139,1.80453,0.15,0,2.63634,3.24114,0,0.513077,5.32224,4.55416e+06,2.70226e+06,1.20063e+07,0,0,0,2.61704e+08,80.8192,79.791,3.62604,0,0,2.14654,1.54174,0,1.71845,2.96352,9.46447e+06,3.61194e+06,2.03159e+07,0,0,0,7.47005e+07
77.8939,85.139,2.08201,0.17,0,2.6368,3.2416,0,0.49405,5.32224,4.55416e+06,2.70226e+06,1.20084e+07,0,0,0,2.61704e+08,80.8192,79.791,4.46917,0,0,2.14676,1.54196,0,1.65842,2.96352,9.46447e+06,3.61194e+06,2.0318e+07,0,0,0,7.47005e+07
77.1774,85.139,2.10381,0.17,0,2.63726,3.24206,0,0.494136,5.32224,4.55416e+06,2.70226e+06,1.20105e+07,0,0,0,2.61704e+08,80.8192,79.791,4.70026,0,0,2.14698,1.54218,0,1.65859,2.96352,9.46447e+06,3.61194e+06,2.032e+07,0,0,0,7.47005e+07
76.6103,85.139,2.31362,0.16,0,2.63772,3.24252,0,0.494222,5.32224,4.55416e+06,2.70226e+06,1.20126e+07,0,0,0,2.61704e+08,80.8192,79.791,5.01676,0,0,2.1472,1.5424,0,1.65876,2.96352,9.46447e+06,3.61194e+06,2.03221e+07,0,0,0,7.47005e+07
76.1235,85.139,2.54956,0.15,0,2.5544,3.1592,0,0.494308,5.32224,4.55416e+06,2.70226e+06,1.16331e+07,0,0,0,2.61704e+08,80.8192,79.791,6.30706,0,0,2.07644,1.47164,0,1.65893,2.96352,9.46447e+06,3.61194e+06,1.96524e+07,0,0,0,7.47005e+07
75.1967,85.139,1.83375,0.15,0,2.55485,3.15965,0,0.478695,5.32224,4.55416e+06,2.70226e+06,1.16352e+07,0,0,0,2.61704e+08,80.8192,79.791,3.73733,0,0,2.07665,1.47185,0,1.60426,2.96352,9.46447e+06,3.61194e+06,1.96544e+07,0,0,0,7.47005e+07
74.9378,85.139,2.65312,0.15,0,2.55529,3.16009,0,0.478778,5.32224,4.55416e+06,2.70226e+06,1.16372e+07,0,0,0,2.61704e+08,80.8192,79.791,4.93002,0,0,2.07686,1.47206,0,1.60442,2.96352,9.46447e+06,3.61194e+06,1.96564e+07,0,0,0,7.47005e+07
77.0903,85.139,5.19963,0.15,0,2.55574,3.16054,0,0.478862,5.32224,4.55416e+06,2.70226e+06,1.16393e+07,0,0,0,2.61704e+08,80.8192,79.791,7.26826,0,0,2.07707,1.47227,0,1.60458,2.96352,9.46447e+06,3.61194e+06,1.96583e+07,0,0,0,7.47005e+07
79.0039,85.139,4.87545,0.16,0,2.31813,2.92293,0,0.478946,5.32224,4.55416e+06,2.70226e+06,1.05571e+07,0,0,0,2.61704e+08,80.8192,79.791,6.99856,0,0,1.92937,1.32457,0,1.60474,2.96352,9.46447e+06,3.61194e+06,1.82605e+07,0,0,0,7.47005e+07
79.8927,85.139,3.74167,0.17,0,2.31854,2.92334,0,0.434418,5.32224,4.55416e+06,2.70226e+06,1.0559e+07,0,0,0,2.61704e+08,80.8192,79.791,7.56921,0,0,1.92956,1.32476,0,1.49063,2.96352,9.46447e+06,3.61194e+06,1.82622e+07,0,0,0,7.47005e+07
81.0401,85.139,4.14296,0.16,0,2.31896,2.92376,0,0.434495,5.32224,4.55416e+06,2.70226e+06,1.05609e+07,0,0,0,2.61704e+08,80.8192,79.791,7.30867,0,0,1.92974,1.32494,0,1.49078,2.96352,9.46447e+06,3.61194e+06,1.8264e+07,0,0,0,7.47005e+07
80.2582,85.139,2.0448,0.16,0,2.31937,2.92417,0,0.434573,5.32224,4.55416e+06,2.70226e+06,1.05628e+07,0,0,0,2.61704e+08,80.8192,79.791,4.27512,0,0,1.92993,1.32513,0,1.49092,2.96352,9.46447e+06,3.61194e+06,1.82658e+07,0,0,0,7.47005e+07
80.1467,85.139,2.66891,0.16,0,2.31978,2.92458,0,0.43465,5.32224,4.55416e+06,2.70226e+06,1.05647e+07,0,0,0,2.61704e+08,80.8192,79.791,4.73575,0,0,1.93012,1.32532,0,1.49106,2.96352,9.46447e+06,3.61194e+06,1.82676e+07,0,0,0,7.47005e+07
81.3725,85.139,4.05687,0.16,0,2.31978,2.92458,0,0.434728,5.32224,4.55416e+06,2.70226e+06,1.05647e+07,0,0,0,2.61704e+08,80.8192,79.791,6.00917,0,0,1.93012,1.32532,0,1.49121,2.96352,9.46447e+06,3.61194e+06,1.82676e+07,0,0,0,7.47005e+07
82.2706,85.139,3.81684,0.16,0.02,2.41182,3.01662,0,0.434728,5.32224,4.55416e+06,2.70226e+06,1.09838e+07,0,0,0,2.61704e+08,80.8192,79.791,3.2991,0,0,1.97316,1.36836,0,1.49121,2.96352,9.46447e+06,3.61194e+06,1.86749e+07,0,0,0,7.47005e+07
82.5855,85.139,3.24302,0.16,0.02,2.41222,3.01702,0,0.451975,5.32224,4.55416e+06,2.70226e+06,1.09857e+07,0,0,0,2.61704e+08,80.8192,79.791,3.98115,0,0,1.97334,1.36854,0,1.52446,2.96352,9.46447e+06,3.61194e+06,1.86767e+07,0,0,0,7.47005e+07
82.3098,85.139,2.55155,0.17,0.02,2.41263,3.01743,0,0.452051,5.32224,4.55416e+06,2.70226e+06,1.09875e+07,0,0,0,2.61704e+08,80.4005,79.791,3.49729,0,0,1.97353,1.36873,0,1.5246,2.96352,9.46447e+06,3.61194e+06,1.86784e+07,0,0,0,7.47005e+07
81.5951,85.139,2.17122,0.17,0.02,2.41303,3.01783,0,0.452126,5.32224,4.55416e+06,2.70226e+06,1.09893e+07,0,0,0,2.61704e+08,80.6482,79.791,2.42631,0,0,1.97371,1.36891,0,1.52475,2.96352,9.46447e+06,3.61194e+06,1.86801e+07,0,0,0,7.47005e+07
82.6204,85.139,4.26384,0.18,0.02,2.70783,3.31263,0,0.452202,5.32224,4.55416e+06,2.70226e+06,1.23319e+07,0,0,0,2.61704e+08,80.8192,79.791,4.56286,0,0,2.13487,1.53007,0,1.52489,2.96352,9.46447e+06,3.61194e+06,2.02054e+07,0,0,0,7.47005e+07
84.7617,85.139,5.56082,0.17,0.02,2.70827,3.31307,0,0.507446,5.32224,4.55416e+06,2.70226e+06,1.23339e+07,0,0,0,2.61704e+08,80.8192,79.791,5.39218,0,0,2.13507,1.53027,0,1.6494,2.96352,9.46447e+06,3.61194e+06,2.02073e+07,0,0,0,7.47005e+07
85.139,85.139,5.04411,0.19,0.02,2.70871,3.31351,0,0.507529,5.32224,4.55416e+06,2.70226e+06,1.23359e+07,0,0,0,2.61704e+08,80.8192,79.791,5.56936,0,0,2.13528,1.53048,0,1.64956,2.96352,9.46447e+06,3.61194e+06,2.02093e+07,0,0,0,7.47005e+07
85.139,85.139,8.06313,0.14,0.02,2.70915,3.31395,0,0.507613,5.32224,4.55416e+06,2.70226e+06,1.23379e+07,0,0,0,2.61704e+08,80.8192,79.791,4.95446,0,0,2.13548,1.53068,0,1.64972,2.96352,9.46447e+06,3.61194e+06,2.02112e+07,0,0,0,7.47005e+07
85.139,85.139,4.53309,0.17,0.02,2.28948,2.89428,0,0.507696,5.32224,4.55416e+06,2.70226e+06,1.04266e+07,0,0,0,2.61704e+08,80.8192,79.791,7.31457,0,0,1.91954,1.31474,0,1.64987,2.96352,9.46447e+06,3.61194e+06,1.81674e+07,0,0,0,7.47005e+07
85.139,85.139,4.90628,0.17,0.02,2.28986,2.89466,0,0.429048,5.32224,4.55416e+06,2.70226e+06,1.04284e+07,0,0,0,2.61704e+08,80.8192,79.791,6.8333,0,0,1.91972,1.31492,0,1.48304,2.96352,9.46447e+06,3.61194e+06,1.81691e+07,0,0,0,7.47005e+07
85.139,85.139,5.20276,0.18,0.02,2.29025,2.89505,0,0.42912,5.32224,4.55416e+06,2.70226e+06,1.04302e+07,0,0,0,2.61704e+08,80.8192,79.791,7.45378,0,0,1.91989,1.31509,0,1.48317,2.96352,9.46447e+06,3.61194e+06,1.81708e+07,0,0,0,7.47005e+07
85.139,85.139,4.41964,0.21,0.02,2.29064,2.89544,0,0.429193,5.32224,4.55416e+06,2.70226e+06,1.04319e+07,0,0,0,2.61704e+08,80.8192,79.791,5.67952,0,0,1.92007,1.31527,0,1.48331,2.96352,9.46447e+06,3.61194e+06,1.81724e+07,0,0,0,7.47005e+07
85.139,85.139,6.10397,0.23,0.02,2.29102,2.89582,0,0.429266,5.32224,4.55416e+06,2.70226e+06,1.04337e+07,0,0,0,2.61704e+08,80.8192,79.791,10.5638,0,0,1.92024,1.31544,0,1.48344,2.96352,9.46447e+06,3.61194e+06,1.81741e+07,0,0,0,7.47005e+07
85.139,85.139,5.34041,0.26,0.02,2.39723,3.00203,0,0.429338,5.32224,4.55416e+06,2.70226e+06,1.09174e+07,0,0,0,2.61704e+08,80.8192,79.791,7.07899,0,0,1.97333,1.36853,0,1.48358,2.96352,9.46447e+06,3.61194e+06,1.86765e+07,0,0,0,7.47005e+07
85.139,85.139,4.76588,0.25,0.02,2.39763,3.00243,0,0.449242,5.32224,4.55416e+06,2.70226e+06,1.09192e+07,0,0,0,2.61704e+08,80.8192,79.791,5.87018,0,0,1.97351,1.36871,0,1.5246,2.96352,9.46447e+06,3.61194e+06,1.86783e+07,0,0,0,7.47005e+07
85.139,85.139,4.40393,0.25,0.02,2.39804,3.00284,0,0.449317,5.32224,4.55416e+06,2.70226e+06,1.0921e+07,0,0,0,2.61704e+08,80.8192,79.791,4.99239,0,0,1.9737,1.3689,0,1.52474,2.96352,9.46447e+06,3.61194e+06,1.868e+07,0,0,0,7.47005e+07
85.139,85.139,3.91656,0.24,0.02,2.39844,3.00324,0,0.449392,5.32224,4.55416e+06,2.70226e+06,1.09229e+07,0,0,0,2.61704e+08,80.8192,79.791,4.59248,0,0,1.97388,1.36908,0,1.52488,2.96352,9.46447e+06,3.61194e+06,1.86817e+07,0,0,0,7.47005e+07
85.139,85.139,4.17879,0.22,0.02,2.35744,2.96224,0,0.449467,5.32224,4.55416e+06,2.70226e+06,1.07362e+07,0,0,0,2.61704e+08,80.8192,79.791,3.87237,0,0,1.9535,1.3487,0,1.52502,2.96352,9.46447e+06,3.61194e+06,1.84889e+07,0,0,0,7.47005e+07
85.139,85.139,3.79477,0.2,0.02,2.35784,2.96264,0,0.441785,5.32224,4.55416e+06,2.70226e+06,1.0738e+07,0,0,0,2.61704e+08,80.8192,79.791,3.77627,0,0,1.95368,1.34888,0,1.50928,2.96352,9.46447e+06,3.61194e+06,1.84906e+07,0,0,0,7.47005e+07
85.139,85.139,3.36023,0.19,0.02,2.35823,2.96303,0,0.441859,5.32224,4.55416e+06,2.70226e+06,1.07398e+07,0,0,0,2.61704e+08,80.8192,79.791,4.06827,0,0,1.95386,1.34906,0,1.50941,2.96352,9.46447e+06,3.61194e+06,1.84923e+07,0,0,0,7.47005e+07
85.139,85.139,3.41543,0.15,0.02,2.35863,2.96343,0,0.441933,5.32224,4.55416e+06,2.70226e+06,1.07416e+07,0,0,0,2.61704e+08,80.8192,79.791,3.44458,0,0,1.95404,1.34924,0,1.50955,2.96352,9.46447e+06,3.61194e+06,1.8494e+07,0,0,0,7.47005e+07
85.139,85.139,3.19412,0.13,0.02,2.49962,3.10442,0,0.442007,5.32224,4.55416e+06,2.70226e+06,1.13837e+07,0,0,0,2.61704e+08,80.8192,79.791,3.4805,0,0,2.02718,1.42238,0,1.50969,2.96352,9.46447e+06,3.61194e+06,1.91862e+07,0,0,0,7.47005e+07
85.139,85.139,2.89182,0.12,0.02,2.50004,3.10484,0,0.468429,5.32224,4.55416e+06,2.70226e+06,1.13856e+07,0,0,0,2.61704e+08,80.8192,79.791,3.19273,0,0,2.02737,1.42257,0,1.5662,2.96352,9.46447e+06,3.61194e+06,1.9188e+07,0,0,0,7.47005e+07
85.05,85.139,2.73668,0.11,0.02,2.50045,3.10525,0,0.468507,5.32224,4.55416e+06,2.70226e+06,1.13875e+07,0,0,0,2.61704e+08,80.7923,79.791,2.88078,0,0,2.02756,1.42276,0,1.56635,2.96352,9.46447e+06,3.61194e+06,1.91898e+07,0,0,0,7.47005e+07
84.7577,85.139,2.47652,0.18,0.02,2.50087,3.10567,0,0.468585,5.32224,4.55416e+06,2.70226e+06,1.13893e+07,0,0,0,2.61704e+08,80.7018,79.791,2.7772,0,0,2.02775,1.42295,0,1.56649,2.96352,9.46447e+06,3.61194e+06,1.91916e+07,0,0,0,7.47005e+07
84.0665,85.139,2.04013,0.17,0.02,2.50128,3.10608,0,0.468662,5.32224,4.55416e+06,2.70226e+06,1.13912e+07,0,0,0,2.61704e+08,80.2483,79.791,2.25095,0,0,2.02794,1.42314,0,1.56664,2.96352,9.46447e+06,3.61194e+06,1.91934e+07,0,0,0,7.47005e+07
83.0849,85.139,1.71082,0.16,0.02,2.47387,3.07867,0,0.46874,5.32224,4.55416e+06,2.70226e+06,1.12664e+07,0,0,0,2.61704e+08,79.7235,79.791,1.83416,0,0,2.06826,1.46346,0,1.56679,2.96352,9.46447e+06,3.61194e+06,1.9575e+07,0,0,0,7.47005e+07
81.9789,85.139,1.57959,0.17,0.02,2.47429,3.07909,0,0.463604,5.32224,4.55416e+06,2.70226e+06,1.12683e+07,0,0,0,2.61704e+08,79.0347,79.791,1.82017,0,0,2.06845,1.46365,0,1.59793,2.96352,9.46447e+06,3.61194e+06,1.95768e+07,0,0,0,7.47005e+07
80.7469,85.139,1.44337,0.15,0.02,2.4747,3.0795,0,0.463681,5.32224,4.55416e+06,2.70226e+06,1.12702e+07,0,0,0,2.61704e+08,78.3053,79.791,1.62632,0,0,2.06865,1.46385,0,1.59809,2.96352,9.46447e+06,3.61194e+06,1.95787e+07,0,0,0,7.47005e+07
79.4479,85.139,1.34592,0.16,0.02,2.47511,3.07991,0,0.463758,5.32224,4.55416e+06,2.70226e+06,1.1272e+07,0,0,0,2.61704e+08,77.5679,79.791,1.58243,0,0,2.06884,1.46404,0,1.59824,2.96352,9.46447e+06,3.61194e+06,1.95805e+07,0,0,0,7.47005e+07
78.1576,85.139,1.38944,0.21,0.02,2.54741,3.15221,0,0.463835,5.32224,4.55416e+06,2.70226e+06,1.16013e+07,0,0,0,2.61704e+08,76.612,79.791,1.57244,0,0,2.10482,1.50002,0,1.59839,2.96352,9.46447e+06,3.61194e+06,1.9921e+07,0,0,0,7.47005e+07
76.7769,85.139,1.28789,0.21,0.02,2.54783,3.15263,0,0.477384,5.32224,4.55416e+06,2.70226e+06,1.16032e+07,0,0,0,2.61704e+08,75.7825,79.791,1.39933,0,0,2.10502,1.50022,0,1.62618,2.96352,9.46447e+06,3.61194e+06,1.99229e+07,0,0,0,7.47005e+07
75.4356,85.139,1.31001,0.2,0.02,2.54825,3.15305,0,0.477463,5.32224,4.55416e+06,2.70226e+06,1.16051e+07,0,0,0,2.61704e+08,75.0585,79.791,1.59318,0,0,2.10522,1.50042,0,1.62634,2.96352,9.46447e+06,3.61194e+06,1.99248e+07,0,0,0,7.47005e+07
74.1634,85.139,1.36143,0.2,0.02,2.54867,3.15347,0,0.477542,5.32224,4.55416e+06,2.70226e+06,1.16071e+07,0,0,0,2.61704e+08,74.1958,79.791,1.68433,0,0,2.10542,1.50062,0,1.62649,2.96352,9.46447e+06,3.61194e+06,1.99267e+07,0,0,0,7.47005e+07
72.3794,85.139,0.998861,0.2,0.02,2.75973,3.36453,0,0.477621,5.32224,4.55416e+06,2.70226e+06,1.25683e+07,0,0,0,2.61704e+08,73.1405,79.791,1.3833,0,0,2.23484,1.63004,0,1.62665,2.96352,9.46447e+06,3.61194e+06,2.11515e+07,0,0,0,7.47005e+07
70.4096,85.139,0.78618,0.2,0.02,2.76018,3.36498,0,0.517173,5.32224,4.55416e+06,2.70226e+06,1.25703e+07,0,0,0,2.61704e+08,72.1267,79.791,1.22197,0,0,2.23505,1.63025,0,1.72663,2.96352,9.46447e+06,3.61194e+06,2.11536e+07,0,0,0,7.47005e+07
68.5975,85.139,0.931481,0.2,0.02,2.76063,3.36543,0,0.517258,5.32224,4.55416e+06,2.70226e+06,1.25724e+07,0,0,0,2.61704e+08,71.2799,79.791,1.32471,0,0,2.23527,1.63047,0,1.7268,2.96352,9.46447e+06,3.61194e+06,2.11557e+07,0,0,0,7.47005e+07
67.3956,85.139,1.58982,0.2,0.02,2.76108,3.36588,0,0.517342,5.32224,4.55416e+06,2.70226e+06,1.25744e+07,0,0,0,2.61704e+08,70.5604,79.791,1.57568,0,0,2.23549,1.63069,0,1.72697,2.96352,9.46447e+06,3.61194e+06,2.11577e+07,0,0,0,7.47005e+07
66.1999,85.139,1.59435,0.21,0.02,2.76153,3.36633,0,0.517426,5.32224,4.55416e+06,2.70226e+06,1.25764e+07,0,0,0,2.61704e+08,69.8198,79.791,1.63565,0,0,2.23571,1.63091,0,1.72714,2.96352,9.46447e+06,3.61194e+06,2.11598e+07,0,0,0,7.47005e+07
64.5938,85.139,1.08151,0.21,0.02,2.65926,3.26406,0,0.517511,5.32224,4.55416e+06,2.70226e+06,1.21107e+07,0,0,0,2.61704e+08,69.0797,79.791,1.43347,0,0,2.15744,1.55264,0,1.72731,2.96352,9.46447e+06,3.61194e+06,2.04191e+07,0,0,0,7.47005e+07
62.9069,85.139,0.988734,0.21,0.02,2.65969,3.26449,0,0.498344,5.32224,4.55416e+06,2.70226e+06,1.21127e+07,0,0,0,2.61704e+08,68.6083,79.791,1.60957,0,0,2.15765,1.55285,0,1.66684,2.96352,9.46447e+06,3.61194e+06,2.0421e+07,0,0,0,7.47005e+07
61.735,85.139,1.63405,0.22,0.02,2.66013,3.26493,0,0.498426,5.32224,4.55416e+06,2.70226e+06,1.21146e+07,0,0,0,2.61704e+08,68.298,79.791,2.32651,0,0,2.15786,1.55306,0,1.667,2.96352,9.46447e+06,3.61194e+06,2.0423e+07,0,0,0,7.47005e+07
61.7012,85.139,2.80941,0.27,0.02,2.66056,3.26536,0,0.498508,5.32224,4.55416e+06,2.70226e+06,1.21166e+07,0,0,0,2.61704e+08,68.0248,79.791,2.40094,0,0,2.15807,1.55327,0,1.66716,2.96352,9.46447e+06,3.61194e+06,2.0425e+07,0,0,0,7.47005e+07
61.219,85.139,2.2654,0.27,0.02,2.57664,3.18144,0,0.49859,5.32224,4.55416e+06,2.70226e+06,1.17344e+07,0,0,0,2.61704e+08,67.8486,79.791,2.66353,0,0,2.0868,1.482,0,1.66732,2.96352,9.46447e+06,3.61194e+06,1.97505e+07,0,0,0,7.47005e+07
60.9103,85.139,2.5184,0.26,0.02,2.57706,3.18186,0,0.482862,5.32224,4.55416e+06,2.70226e+06,1.17364e+07,0,0,0,2.61704e+08,67.6214,79.791,2.74724,0,0,2.087,1.4822,0,1.61226,2.96352,9.46447e+06,3.61194e+06,1.97523e+07,0,0,0,7.47005e+07
60.9366,85.139,2.91499,0.26,0.02,2.57749,3.18229,0,0.482941,5.32224,4.55416e+06,2.70226e+06,1.17383e+07,0,0,0,2.61704e+08,67.8668,79.791,3.44809,0,0,2.0872,1.4824,0,1.61241,2.96352,9.46447e+06,3.61194e+06,1.97542e+07,0,0,0,7.47005e+07
60.7686,85.139,2.78985,0.28,0.02,2.57791,3.18271,0,0.483021,5.32224,4.55416e+06,2.70226e+06,1.17402e+07,0,0,0,2.61704e+08,68.3481,79.791,4.00951,0,0,2.08739,1.48259,0,1.61257,2.96352,9.46447e+06,3.61194e+06,1.97561e+07,0,0,0,7.47005e+07
61.9174,85.139,3.93434,0.28,0.02,2.33861,2.94341,0,0.483101,5.32224,4.55416e+06,2.70226e+06,1.06504e+07,0,0,0,2.61704e+08,69.0182,79.791,5.19157,0,0,1.93865,1.33385,0,1.61272,2.96352,9.46447e+06,3.61194e+06,1.83483e+07,0,0,0,7.47005e+07
65.6945,85.139,6.87132,0.29,0.02,2.339,2.9438,0,0.438256,5.32224,4.55416e+06,2.70226e+06,1.06522e+07,0,0,0,2.61704e+08,70.2783,79.791,6.55204,0,0,1.93883,1.33403,0,1.4978,2.96352,9.46447e+06,3.61194e+06,1.835e+07,0,0,0,7.47005e+07
69.4757,85.139,7.06578,0.25,0.02,2.3394,2.9442,0,0.438329,5.32224,4.55416e+06,2.70226e+06,1.0654e+07,0,0,0,2.61704e+08,72.9542,79.791,9.24328,0,0,1.93901,1.33421,0,1.49794,2.96352,9.46447e+06,3.61194e+06,1.83517e+07,0,0,0,7.47005e+07
72.3007,85.139,5.87442,0.21,0.02,2.33979,2.94459,0,0.438403,5.32224,4.55416e+06,2.70226e+06,1.06558e+07,0,0,0,2.61704e+08,73.6316,79.791,5.70698,0,0,1.93918,1.33438,0,1.49808,2.96352,9.46447e+06,3.61194e+06,1.83534e+07,0,0,0,7.47005e+07
77.6551,85.139,8.53942,0.22,0.02,2.34018,2.94498,0,0.438477,5.32224,4.55416e+06,2.70226e+06,1.06576e+07,0,0,0,2.61704e+08,74.8231,79.791,8.26885,0,0,1.93936,1.33456,0,1.49821,2.96352,9.46447e+06,3.61194e+06,1.83551e+07,0,0,0,7.47005e+07
83.1197,85.139,8.7767,0.2,0.02,2.43284,3.03764,0,0.438551,5.32224,4.55416e+06,2.70226e+06,1.10795e+07,0,0,0,2.61704e+08,76.4352,79.791,11.6662,0,0,1.98269,1.37789,0,1.49835,2.96352,9.46447e+06,3.61194e+06,1.87652e+07,0,0,0,7.47005e+07
85.139,85.139,7.6396,0.16,0.02,2.43322,3.03802,0,0.455914,5.32224,4.55416e+06,2.70226e+06,1.10813e+07,0,0,0,2.61704e+08,77.9633,79.791,7.88966,0,0,1.98287,1.37807,0,1.53183,2.96352,9.46447e+06,3.61194e+06,1.87668e+07,0,0,0,7.47005e+07
85.139,85.139,7.71827,0.14,0.02,2.4336,3.0384,0,0.455986,5.32224,4.55416e+06,2.70226e+06,1.1083e+07,0,0,0,2.61704e+08,78.371,79.791,5.54679,0,0,1.98304,1.37824,0,1.53196,2.96352,9.46447e+06,3.61194e+06,1.87684e+07,0,0,0,7.47005e+07
85.139,85.139,6.05106,0.15,0.02,2.43399,3.03879,0,0.456057,5.32224,4.55416e+06,2.70226e+06,1.10848e+07,0,0,0,2.61704e+08,79.1481,79.791,6.09987,0,0,1.98321,1.37841,0,1.5321,2.96352,9.46447e+06,3.61194e+06,1.87701e+07,0,0,0,7.47005e+07
85.139,85.139,9.24256,0.15,0.02,2.7308,3.3356,0,0.456129,5.32224,4.55416e+06,2.70226e+06,1.24365e+07,0,0,0,2.61704e+08,80.7319,79.791,9.03965,0,0,2.14548,1.54068,0,1.53223,2.96352,9.46447e+06,3.61194e+06,2.03058e+07,0,0,0,7.47005e+07
85.139,85.139,10.798,0.16,0.02,2.73122,3.33602,0,0.511752,5.32224,4.55416e+06,2.70226e+06,1.24384e+07,0,0,0,2.61704e+08,80.8192,79.791,11.9615,0,0,2.14568,1.54088,0,1.6576,2.96352,9.46447e+06,3.61194e+06,2.03077e+07,0,0,0,7.47005e+07
85.139,85.139,10.4027,0.15,0.02,2.73164,3.33644,0,0.511831,5.32224,4.55416e+06,2.70226e+06,1.24403e+07,0,0,0,2.61704e+08,80.8192,79.791,13.4624,0,0,2.14587,1.54107,0,1.65775,2.96352,9.46447e+06,3.61194e+06,2.03095e+07,0,0,0,7.47005e+07
85.139,85.139,9.50824,0.15,0.02,2.73206,3.33686,0,0.51191,5.32224,4.55416e+06,2.70226e+06,1.24423e+07,0,0,0,2.61704e+08,80.8192,79.791,11.2177,0,0,2.14606,1.54126,0,1.6579,2.96352,9.46447e+06,3.61194e+06,2.03114e+07,0,0,0,7.47005e+07
85.139,85.139,6.53633,0.17,0.02,2.30946,2.91426,0,0.511989,5.32224,4.55416e+06,2.70226e+06,1.05177e+07,0,0,0,2.61704e+08,80.8192,79.791,10.2995,0,0,1.92862,1.32382,0,1.65805,2.96352,9.46447e+06,3.61194e+06,1.82533e+07,0,0,0,7.47005e+07
85.139,85.139,5.51169,0.18,0.02,2.30983,2.91463,0,0.432793,5.32224,4.55416e+06,2.70226e+06,1.05193e+07,0,0,0,2.61704e+08,80.8192,79.791,10.136,0,0,1.92878,1.32398,0,1.49005,2.96352,9.46447e+06,3.61194e+06,1.82549e+07,0,0,0,7.47005e+07
85.139,85.139,7.09542,0.19,0.02,2.3102,2.915,0,0.432862,5.32224,4.55416e+06,2.70226e+06,1.0521e+07,0,0,0,2.61704e+08,80.8192,79.791,11.3674,0,0,1.92895,1.32415,0,1.49018,2.96352,9.46447e+06,3.61194e+06,1.82565e+07,0,0,0,7.47005e+07
85.139,85.139,6.81188,0.22,0.02,2.31056,2.91536,0,0.432931,5.32224,4.55416e+06,2.70226e+06,1.05227e+07,0,0,0,2.61704e+08,80.8192,79.791,11.0304,0,0,1.92912,1.32432,0,1.49031,2.96352,9.46447e+06,3.61194e+06,1.82581e+07,0,0,0,7.47005e+07
85.139,85.139,13.5047,0.24,0.02,2.31093,2.91573,0,0.432999,5.32224,4.55416e+06,2.70226e+06,1.05243e+07,0,0,0,2.61704e+08,80.8192,79.791,15.5232,0,0,1.92928,1.32448,0,1.49044,2.96352,9.46447e+06,3.61194e+06,1.82597e+07,0,0,0,7.47005e+07
85.139,85.139,11.8606,0.26,0.02,2.41784,3.02264,0,0.433068,5.32224,4.55416e+06,2.70226e+06,1.10113e+07,0,0,0,2.61704e+08,80.8192,79.791,13.1561,0,0,1.98273,1.37793,0,1.49057,2.96352,9.46447e+06,3.61194e+06,1.87655e+07,0,0,0,7.47005e+07
85.139,85.139,9.39365,0.27,0.02,2.41823,3.02303,0,0.453104,5.32224,4.55416e+06,2.70226e+06,1.1013e+07,0,0,0,2.61704e+08,80.8192,79.791,11.6552,0,0,1.9829,1.3781,0,1.53186,2.96352,9.46447e+06,3.61194e+06,1.87671e+07,0,0,0,7.47005e+07
85.139,85.139,8.80563,0.29,0.02,2.41861,3.02341,0,0.453175,5.32224,4.55416e+06,2.70226e+06,1.10147e+07,0,0,0,2.61704e+08,80.8192,79.791,12.7691,0,0,1.98307,1.37827,0,1.53199,2.96352,9.46447e+06,3.61194e+06,1.87688e+07,0,0,0,7.47005e+07
85.139,85.139,7.89489,0.26,0.02,2.41899,3.02379,0,0.453247,5.32224,4.55416e+06,2.70226e+06,1.10165e+07,0,0,0,2.61704e+08,80.8192,79.791,10.8012,0,0,1.98325,1.37845,0,1.53212,2.96352,9.46447e+06,3.61194e+06,1.87704e+07,0,0,0,7.47005e+07
85.139,85.139,4.81294,0.24,0.02,2.37769,2.98249,0,0.453318,5.32224,4.55416e+06,2.70226e+06,1.08284e+07,0,0,0,2.61704e+08,80.8192,79.791,4.94005,0,0,1.96272,1.35792,0,1.53226,2.96352,9.46447e+06,3.61194e+06,1.85761e+07,0,0,0,7.47005e+07
85.139,85.139,5.73513,0.22,0.02,2.37806,2.98286,0,0.445579,5.32224,4.55416e+06,2.70226e+06,1.08301e+07,0,0,0,2.61704e+08,80.8192,79.791,5.23317,0,0,1.96289,1.35809,0,1.5164,2.96352,9.46447e+06,3.61194e+06,1.85777e+07,0,0,0,7.47005e+07
85.139,85.139,4.86268,0.2,0.02,2.37844,2.98324,0,0.445649,5.32224,4.55416e+06,2.70226e+06,1.08318e+07,0,0,0,2.61704e+08,80.8192,79.791,4.93731,0,0,1.96306,1.35826,0,1.51653,2.96352,9.46447e+06,3.61194e+06,1.85793e+07,0,0,0,7.47005e+07
85.139,85.139,4.54457,0.17,0.02,2.37881,2.98361,0,0.445719,5.32224,4.55416e+06,2.70226e+06,1.08335e+07,0,0,0,2.61704e+08,80.8192,79.791,4.82353,0,0,1.96323,1.35843,0,1.51666,2.96352,9.46447e+06,3.61194e+06,1.8581e+07,0,0,0,7.47005e+07
85.139,85.139,4.46431,0.16,0.02,2.52074,3.12554,0,0.44579,5.32224,4.55416e+06,2.70226e+06,1.14799e+07,0,0,0,2.61704e+08,80.8192,79.791,4.72019,0,0,2.03686,1.43206,0,1.51679,2.96352,9.46447e+06,3.61194e+06,1.92778e+07,0,0,0,7.47005e+07
85.139,85.139,4.35401,0.14,0.02,2.52113,3.12593,0,0.472387,5.32224,4.55416e+06,2.70226e+06,1.14817e+07,0,0,0,2.61704e+08,80.8192,79.791,4.16343,0,0,2.03704,1.43224,0,1.57368,2.96352,9.46447e+06,3.61194e+06,1.92795e+07,0,0,0,7.47005e+07
85.139,85.139,4.08235,0.13,0.02,2.52153,3.12633,0,0.472461,5.32224,4.55416e+06,2.70226e+06,1.14834e+07,0,0,0,2.61704e+08,80.8192,79.791,3.69603,0,0,2.03722,1.43242,0,1.57381,2.96352,9.46447e+06,3.61194e+06,1.92812e+07,0,0,0,7.47005e+07
85.139,85.139,3.81562,0.11,0.02,2.52192,3.12672,0,0.472534,5.32224,4.55416e+06,2.70226e+06,1.14852e+07,0,0,0,2.61704e+08,80.8192,79.791,3.44148,0,0,2.0374,1.4326,0,1.57395,2.96352,9.46447e+06,3.61194e+06,1.92829e+07,0,0,0,7.47005e+07
85.139,85.139,3.56607,0.12,0.02,2.52232,3.12712,0,0.472608,5.32224,4.55416e+06,2.70226e+06,1.1487e+07,0,0,0,2.61704e+08,80.8192,79.791,3.45858,0,0,2.03758,1.43278,0,1.57409,2.96352,9.46447e+06,3.61194e+06,1.92846e+07,0,0,0,7.47005e+07
85.139,85.139,3.38722,0.1,0.02,2.4947,3.0995,0,0.472682,5.32224,4.55416e+06,2.70226e+06,1.13613e+07,0,0,0,2.61704e+08,80.8192,79.791,3.71536,0,0,2.07815,1.47335,0,1.57423,2.96352,9.46447e+06,3.61194e+06,1.96686e+07,0,0,0,7.47005e+07
85.139,85.139,3.12299,0.11,0.02,2.49509,3.09989,0,0.467506,5.32224,4.55416e+06,2.70226e+06,1.1363e+07,0,0,0,2.61704e+08,80.8192,79.791,3.57372,0,0,2.07834,1.47354,0,1.60558,2.96352,9.46447e+06,3.61194e+06,1.96704e+07,0,0,0,7.47005e+07
85.139,85.139,2.91966,0.1,0.02,2.49548,3.10028,0,0.46758,5.32224,4.55416e+06,2.70226e+06,1.13648e+07,0,0,0,2.61704e+08,80.8192,79.791,3.68247,0,0,2.07853,1.47373,0,1.60573,2.96352,9.46447e+06,3.61194e+06,1.96722e+07,0,0,0,7.47005e+07
85.139,85.139,2.78764,0.11,0.02,2.49587,3.10067,0,0.467653,5.32224,4.55416e+06,2.70226e+06,1.13666e+07,0,0,0,2.61704e+08,80.8192,79.791,3.57197,0,0,2.07871,1.47391,0,1.60587,2.96352,9.46447e+06,3.61194e+06,1.96739e+07,0,0,0,7.47005e+07
85.139,85.139,2.90804,0.11,0.02,2.56863,3.17343,0,0.467726,5.32224,4.55416e+06,2.70226e+06,1.1698e+07,0,0,0,2.61704e+08,80.7947,79.791,3.47536,0,0,2.11492,1.51012,0,1.60601,2.96352,9.46447e+06,3.61194e+06,2.00166e+07,0,0,0,7.47005e+07
85.0285,85.139,2.66389,0.11,0.02,2.56903,3.17383,0,0.481362,5.32224,4.55416e+06,2.70226e+06,1.16998e+07,0,0,0,2.61704e+08,80.7148,79.791,3.37934,0,0,2.11511,1.51031,0,1.63399,2.96352,9.46447e+06,3.61194e+06,2.00184e+07,0,0,0,7.47005e+07
84.679,85.139,2.41688,0.17,0.02,2.56943,3.17423,0,0.481436,5.32224,4.55416e+06,2.70226e+06,1.17016e+07,0,0,0,2.61704e+08,80.5964,79.791,3.09117,0,0,2.1153,1.5105,0,1.63413,2.96352,9.46447e+06,3.61194e+06,2.00202e+07,0,0,0,7.47005e+07
84.0583,85.139,2.12342,0.17,0.02,2.56983,3.17463,0,0.481511,5.32224,4.55416e+06,2.70226e+06,1.17034e+07,0,0,0,2.61704e+08,80.4646,79.791,3.05427,0,0,2.11549,1.51069,0,1.63428,2.96352,9.46447e+06,3.61194e+06,2.0022e+07,0,0,0,7.47005e+07
83.0492,85.139,1.9033,0.17,0.02,2.78228,3.38708,0,0.481586,5.32224,4.55416e+06,2.70226e+06,1.26709e+07,0,0,0,2.61704e+08,80.3311,79.791,3.18684,0,0,2.24576,1.64096,0,1.63443,2.96352,9.46447e+06,3.61194e+06,2.12549e+07,0,0,0,7.47005e+07
81.9018,85.139,1.74276,0.17,0.02,2.7827,3.3875,0,0.521399,5.32224,4.55416e+06,2.70226e+06,1.26729e+07,0,0,0,2.61704e+08,80.1139,79.791,3.12808,0,0,2.24596,1.64116,0,1.73507,2.96352,9.46447e+06,3.61194e+06,2.12569e+07,0,0,0,7.47005e+07
80.8661,85.139,1.8409,0.17,0.02,2.78313,3.38793,0,0.521479,5.32224,4.55416e+06,2.70226e+06,1.26748e+07,0,0,0,2.61704e+08,79.8908,79.791,3.09782,0,0,2.24617,1.64137,0,1.73523,2.96352,9.46447e+06,3.61194e+06,2.12588e+07,0,0,0,7.47005e+07
80.696,85.139,2.76054,0.17,0.02,2.78356,3.38836,0,0.521558,5.32224,4.55416e+06,2.70226e+06,1.26768e+07,0,0,0,2.61704e+08,79.8156,79.791,3.67913,0,0,2.24638,1.64158,0,1.73539,2.96352,9.46447e+06,3.61194e+06,2.12608e+07,0,0,0,7.47005e+07
81.304,85.139,3.57824,0.17,0.02,2.78398,3.38878,0,0.521638,5.32224,4.55416e+06,2.70226e+06,1.26787e+07,0,0,0,2.61704e+08,79.9673,79.791,4.06019,0,0,2.24658,1.64178,0,1.73555,2.96352,9.46447e+06,3.61194e+06,2.12627e+07,0,0,0,7.47005e+07
80.9576,85.139,2.49416,0.16,0.02,2.681,3.2858,0,0.521718,5.32224,4.55416e+06,2.70226e+06,1.22097e+07,0,0,0,2.61704e+08,79.8784,79.791,3.66186,0,0,2.16779,1.56299,0,1.73571,2.96352,9.46447e+06,3.61194e+06,2.0517e+07,0,0,0,7.47005e+07
80.9038,85.139,2.82411,0.16,0.02,2.68141,3.28621,0,0.502419,5.32224,4.55416e+06,2.70226e+06,1.22116e+07,0,0,0,2.61704e+08,79.804,79.791,3.43239,0,0,2.16798,1.56318,0,1.67483,2.96352,9.46447e+06,3.61194e+06,2.05188e+07,0,0,0,7.47005e+07
82.3581,85.139,4.40302,0.15,0.02,2.68183,3.28663,0,0.502497,5.32224,4.55416e+06,2.70226e+06,1.22135e+07,0,0,0,2.61704e+08,80.312,79.791,5.87411,0,0,2.16818,1.56338,0,1.67498,2.96352,9.46447e+06,3.61194e+06,2.05207e+07,0,0,0,7.47005e+07
83.4647,85.139,4.21406,0.15,0.02,2.68224,3.28704,0,0.502574,5.32224,4.55416e+06,2.70226e+06,1.22154e+07,0,0,0,2.61704e+08,80.7013,79.791,5.31915,0,0,2.16838,1.56358,0,1.67514,2.96352,9.46447e+06,3.61194e+06,2.05226e+07,0,0,0,7.47005e+07
83.6208,85.139,3.25052,0.15,0.02,2.59773,3.20253,0,0.502652,5.32224,4.55416e+06,2.70226e+06,1.18305e+07,0,0,0,2.61704e+08,80.8192,79.791,5.42825,0,0,2.09663,1.49183,0,1.67529,2.96352,9.46447e+06,3.61194e+06,1.98435e+07,0,0,0,7.47005e+07
84.3036,85.139,3.62956,0.15,0.02,2.59814,3.20294,0,0.486815,5.32224,4.55416e+06,2.70226e+06,1.18323e+07,0,0,0,2.61704e+08,80.8192,79.791,5.73157,0,0,2.09681,1.49201,0,1.61985,2.96352,9.46447e+06,3.61194e+06,1.98452e+07,0,0,0,7.47005e+07
84.8302,85.139,3.60402,0.15,0.02,2.59854,3.20334,0,0.486891,5.32224,4.55416e+06,2.70226e+06,1.18342e+07,0,0,0,2.61704e+08,80.8192,79.791,4.18506,0,0,2.097,1.4922,0,1.62,2.96352,9.46447e+06,3.61194e+06,1.9847e+07,0,0,0,7.47005e+07
85.139,85.139,3.52226,0.15,0.02,2.59894,3.20374,0,0.486966,5.32224,4.55416e+06,2.70226e+06,1.1836e+07,0,0,0,2.61704e+08,80.8192,79.791,4.37399,0,0,2.09719,1.49239,0,1.62014,2.96352,9.46447e+06,3.61194e+06,1.98488e+07,0,0,0,7.47005e+07
85.139,85.139,5.87171,0.14,0.02,2.35804,2.96284,0,0.487042,5.32224,4.55416e+06,2.70226e+06,1.07389e+07,0,0,0,2.61704e+08,80.8192,79.791,6.93313,0,0,1.94745,1.34265,0,1.62029,2.96352,9.46447e+06,3.61194e+06,1.84316e+07,0,0,0,7.47005e+07
85.139,85.139,6.18811,0.15,0.02,2.35841,2.96321,0,0.441896,5.32224,4.55416e+06,2.70226e+06,1.07406e+07,0,0,0,2.61704e+08,80.8192,79.791,10.2322,0,0,1.94762,1.34282,0,1.5046,2.96352,9.46447e+06,3.61194e+06,1.84332e+07,0,0,0,7.47005e+07
85.139,85.139,5.17459,0.14,0.02,2.35878,2.96358,0,0.441966,5.32224,4.55416e+06,2.70226e+06,1.07423e+07,0,0,0,2.61704e+08,80.8192,79.791,7.81357,0,0,1.94779,1.34299,0,1.50473,2.96352,9.46447e+06,3.61194e+06,1.84348e+07,0,0,0,7.47005e+07
85.139,85.139,6.93603,0.15,0.02,2.35915,2.96395,0,0.442036,5.32224,4.55416e+06,2.70226e+06,1.0744e+07,0,0,0,2.61704e+08,80.8192,79.791,10.4882,0,0,1.94796,1.34316,0,1.50486,2.96352,9.46447e+06,3.61194e+06,1.84364e+07,0,0,0,7.47005e+07
85.139,85.139,6.24345,0.14,0.02,2.35953,2.96433,0,0.442106,5.32224,4.55416e+06,2.70226e+06,1.07457e+07,0,0,0,2.61704e+08,80.8192,79.791,8.24764,0,0,1.94813,1.34333,0,1.50499,2.96352,9.46447e+06,3.61194e+06,1.8438e+07,0,0,0,7.47005e+07
85.139,85.139,8.50036,0.15,0.02,2.45277,3.05757,0,0.442176,5.32224,4.55416e+06,2.70226e+06,1.11703e+07,0,0,0,2.61704e+08,80.8192,79.791,10.2667,0,0,1.99173,1.38693,0,1.50512,2.96352,9.46447e+06,3.61194e+06,1.88507e+07,0,0,0,7.47005e+07
85.139,85.139,6.68953,0.16,0.02,2.45313,3.05793,0,0.459648,5.32224,4.55416e+06,2.70226e+06,1.11719e+07,0,0,0,2.61704e+08,80.8192,79.791,7.27144,0,0,1.9919,1.3871,0,1.53881,2.96352,9.46447e+06,3.61194e+06,1.88523e+07,0,0,0,7.47005e+07
85.139,85.139,4.71436,0.15,0.02,2.45349,3.05829,0,0.459716,5.32224,4.55416e+06,2.70226e+06,1.11736e+07,0,0,0,2.61704e+08,80.8192,79.791,5.76838,0,0,1.99206,1.38726,0,1.53894,2.96352,9.46447e+06,3.61194e+06,1.88538e+07,0,0,0,7.47005e+07
85.139,85.139,4.62608,0.15,0.02,2.45385,3.05865,0,0.459784,5.32224,4.55416e+06,2.70226e+06,1.11752e+07,0,0,0,2.61704e+08,80.8192,79.791,5.6607,0,0,1.99222,1.38742,0,1.53907,2.96352,9.46447e+06,3.61194e+06,1.88554e+07,0,0,0,7.47005e+07
85.139,85.139,7.57012,0.15,0.02,2.75258,3.35738,0,0.459851,5.32224,4.55416e+06,2.70226e+06,1.25357e+07,0,0,0,2.61704e+08,80.8192,79.791,9.40633,0,0,2.15554,1.55074,0,1.53919,2.96352,9.46447e+06,3.61194e+06,2.0401e+07,0,0,0,7.47005e+07
85.139,85.139,6.18181,0.16,0.02,2.75298,3.35778,0,0.515833,5.32224,4.55416e+06,2.70226e+06,1.25375e+07,0,0,0,2.61704e+08,80.8192,79.791,7.29324,0,0,2.15572,1.55092,0,1.66537,2.96352,9.46447e+06,3.61194e+06,2.04028e+07,0,0,0,7.47005e+07
85.139,85.139,5.56693,0.17,0.02,2.75337,3.35817,0,0.515908,5.32224,4.55416e+06,2.70226e+06,1.25393e+07,0,0,0,2.61704e+08,80.8192,79.791,5.40842,0,0,2.15591,1.55111,0,1.66551,2.96352,9.46447e+06,3.61194e+06,2.04045e+07,0,0,0,7.47005e+07
85.139,85.139,4.37427,0.16,0.02,2.75377,3.35857,0,0.515982,5.32224,4.55416e+06,2.70226e+06,1.25411e+07,0,0,0,2.61704e+08,80.8192,79.791,4.90029,0,0,2.15609,1.55129,0,1.66565,2.96352,9.46447e+06,3.61194e+06,2.04062e+07,0,0,0,7.47005e+07
85.139,85.139,3.41259,0.17,0.02,2.3284,2.9332,0,0.516056,5.32224,4.55416e+06,2.70226e+06,1.06039e+07,0,0,0,2.61704e+08,80.8192,79.791,3.68341,0,0,1.93722,1.33242,0,1.66579,2.96352,9.46447e+06,3.61194e+06,1.83348e+07,0,0,0,7.47005e+07
85.139,85.139,4.79469,0.2,0.02,2.32874,2.93354,0,0.436341,5.32224,4.55416e+06,2.70226e+06,1.06055e+07,0,0,0,2.61704e+08,80.8192,79.791,4.69449,0,0,1.93738,1.33258,0,1.49669,2.96352,9.46447e+06,3.61194e+06,1.83362e+07,0,0,0,7.47005e+07
85.139,85.139,4.14088,0.21,0.02,2.32909,2.93389,0,0.436406,5.32224,4.55416e+06,2.70226e+06,1.0607e+07,0,0,0,2.61704e+08,80.8192,79.791,5.17326,0,0,1.93753,1.33273,0,1.49682,2.96352,9.46447e+06,3.61194e+06,1.83377e+07,0,0,0,7.47005e+07
85.139,85.139,6.04838,0.25,0.02,2.32943,2.93423,0,0.436471,5.32224,4.55416e+06,2.70226e+06,1.06086e+07,0,0,0,2.61704e+08,80.8192,79.791,6.41425,0,0,1.93769,1.33289,0,1.49694,2.96352,9.46447e+06,3.61194e+06,1.83392e+07,0,0,0,7.47005e+07
85.139,85.139,6.73555,0.27,0.02,2.32978,2.93458,0,0.436536,5.32224,4.55416e+06,2.70226e+06,1.06102e+07,0,0,0,2.61704e+08,80.8192,79.791,9.39151,0,0,1.93785,1.33305,0,1.49706,2.96352,9.46447e+06,3.61194e+06,1.83407e+07,0,0,0,7.47005e+07
85.139,85.139,5.82502,0.27,0.02,2.43736,3.04216,0,0.436601,5.32224,4.55416e+06,2.70226e+06,1.11001e+07,0,0,0,2.61704e+08,80.8192,79.791,6.40883,0,0,1.99163,1.38683,0,1.49718,2.96352,9.46447e+06,3.61194e+06,1.88497e+07,0,0,0,7.47005e+07
85.139,85.139,4.86631,0.3,0.02,2.43772,3.04252,0,0.456762,5.32224,4.55416e+06,2.70226e+06,1.11018e+07,0,0,0,2.61704e+08,80.8192,79.791,5.87284,0,0,1.99179,1.38699,0,1.53873,2.96352,9.46447e+06,3.61194e+06,1.88512e+07,0,0,0,7.47005e+07
85.139,85.139,4.33191,0.3,0.02,2.43808,3.04288,0,0.456829,5.32224,4.55416e+06,2.70226e+06,1.11034e+07,0,0,0,2.61704e+08,80.8192,79.791,5.41244,0,0,1.99195,1.38715,0,1.53886,2.96352,9.46447e+06,3.61194e+06,1.88528e+07,0,0,0,7.47005e+07
85.139,85.139,4.98789,0.28,0.02,2.43844,3.04324,0,0.456897,5.32224,4.55416e+06,2.70226e+06,1.11051e+07,0,0,0,2.61704e+08,80.8192,79.791,5.55714,0,0,1.99212,1.38732,0,1.53898,2.96352,9.46447e+06,3.61194e+06,1.88543e+07,0,0,0,7.47005e+07
85.139,85.139,3.91123,0.26,0.02,2.39685,3.00165,0,0.456964,5.32224,4.55416e+06,2.70226e+06,1.09156e+07,0,0,0,2.61704e+08,80.8192,79.791,4.0562,0,0,1.97145,1.36665,0,1.53911,2.96352,9.46447e+06,3.61194e+06,1.86587e+07,0,0,0,7.47005e+07
85.139,85.139,3.51939,0.24,0.02,2.39721,3.00201,0,0.44917,5.32224,4.55416e+06,2.70226e+06,1.09173e+07,0,0,0,2.61704e+08,80.8192,79.791,4.19673,0,0,1.97161,1.36681,0,1.52314,2.96352,9.46447e+06,3.61194e+06,1.86602e+07,0,0,0,7.47005e+07
85.139,85.139,3.81101,0.22,0.02,2.39756,3.00236,0,0.449236,5.32224,4.55416e+06,2.70226e+06,1.09189e+07,0,0,0,2.61704e+08,80.8192,79.791,3.71554,0,0,1.97177,1.36697,0,1.52326,2.96352,9.46447e+06,3.61194e+06,1.86617e+07,0,0,0,7.47005e+07
85.139,85.139,3.44003,0.2,0.02,2.39792,3.00272,0,0.449303,5.32224,4.55416e+06,2.70226e+06,1.09205e+07,0,0,0,2.61704e+08,80.8192,79.791,3.71493,0,0,1.97193,1.36713,0,1.52339,2.96352,9.46447e+06,3.61194e+06,1.86633e+07,0,0,0,7.47005e+07
85.139,85.139,3.03053,0.18,0.02,2.54073,3.14553,0,0.449369,5.32224,4.55416e+06,2.70226e+06,1.15709e+07,0,0,0,2.61704e+08,80.8192,79.791,3.40342,0,0,2.04601,1.44121,0,1.52351,2.96352,9.46447e+06,3.61194e+06,1.93644e+07,0,0,0,7.47005e+07
85.139,85.139,2.99809,0.16,0.02,2.5411,3.1459,0,0.476132,5.32224,4.55416e+06,2.70226e+06,1.15726e+07,0,0,0,2.61704e+08,80.8192,79.791,3.28634,0,0,2.04618,1.44138,0,1.58075,2.96352,9.46447e+06,3.61194e+06,1.93661e+07,0,0,0,7.47005e+07
85.1081,85.139,2.8644,0.16,0.02,2.54147,3.14627,0,0.476202,5.32224,4.55416e+06,2.70226e+06,1.15743e+07,0,0,0,2.61704e+08,80.8192,79.791,3.43592,0,0,2.04635,1.44155,0,1.58088,2.96352,9.46447e+06,3.61194e+06,1.93677e+07,0,0,0,7.47005e+07
84.844,85.139,2.65074,0.21,0.02,2.54184,3.14664,0,0.476271,5.32224,4.55416e+06,2.70226e+06,1.15759e+07,0,0,0,2.61704e+08,80.8192,79.791,3.27415,0,0,2.04652,1.44172,0,1.58101,2.96352,9.46447e+06,3.61194e+06,1.93693e+07,0,0,0,7.47005e+07
84.6582,85.139,2.63766,0.23,0.02,2.54221,3.14701,0,0.476341,5.32224,4.55416e+06,2.70226e+06,1.15776e+07,0,0,0,2.61704e+08,80.8192,79.791,3.24555,0,0,2.04669,1.44189,0,1.58114,2.96352,9.46447e+06,3.61194e+06,1.93709e+07,0,0,0,7.47005e+07
84.6226,85.139,2.75315,0.22,0.02,2.51439,3.11919,0,0.476411,5.32224,4.55416e+06,2.70226e+06,1.1451e+07,0,0,0,2.61704e+08,80.8192,79.791,3.16633,0,0,2.08752,1.48272,0,1.58128,2.96352,9.46447e+06,3.61194e+06,1.97573e+07,0,0,0,7.47005e+07
84.3645,85.139,2.52067,0.2,0.02,2.51476,3.11956,0,0.471198,5.32224,4.55416e+06,2.70226e+06,1.14526e+07,0,0,0,2.61704e+08,80.8192,79.791,2.81795,0,0,2.08769,1.48289,0,1.61282,2.96352,9.46447e+06,3.61194e+06,1.97589e+07,0,0,0,7.47005e+07
83.9364,85.139,2.31397,0.2,0.02,2.51513,3.11993,0,0.471267,5.32224,4.55416e+06,2.70226e+06,1.14543e+07,0,0,0,2.61704e+08,80.8192,79.791,2.75414,0,0,2.08787,1.48307,0,1.61295,2.96352,9.46447e+06,3.61194e+06,1.97606e+07,0,0,0,7.47005e+07
83.3888,85.139,2.16408,0.19,0.02,2.5155,3.1203,0,0.471336,5.32224,4.55416e+06,2.70226e+06,1.1456e+07,0,0,0,2.61704e+08,80.7826,79.791,2.64801,0,0,2.08804,1.48324,0,1.61309,2.96352,9.46447e+06,3.61194e+06,1.97622e+07,0,0,0,7.47005e+07
82.8181,85.139,2.20438,0.18,0.02,2.5887,3.1935,0,0.471405,5.32224,4.55416e+06,2.70226e+06,1.17893e+07,0,0,0,2.61704e+08,80.5812,79.791,2.34956,0,0,2.12447,1.51967,0,1.61322,2.96352,9.46447e+06,3.61194e+06,2.0107e+07,0,0,0,7.47005e+07
82.2344,85.139,2.18076,0.18,0.02,2.58907,3.19387,0,0.485122,5.32224,4.55416e+06,2.70226e+06,1.17911e+07,0,0,0,2.61704e+08,80.35,79.791,2.34169,0,0,2.12465,1.51985,0,1.64136,2.96352,9.46447e+06,3.61194e+06,2.01087e+07,0,0,0,7.47005e+07
81.4178,85.139,1.938,0.18,0.02,2.58945,3.19425,0,0.485193,5.32224,4.55416e+06,2.70226e+06,1.17928e+07,0,0,0,2.61704e+08,80.0721,79.791,2.19593,0,0,2.12483,1.52003,0,1.6415,2.96352,9.46447e+06,3.61194e+06,2.01103e+07,0,0,0,7.47005e+07
80.4384,85.139,1.76419,0.19,0.02,2.58983,3.19463,0,0.485263,5.32224,4.55416e+06,2.70226e+06,1.17945e+07,0,0,0,2.61704e+08,79.7785,79.791,2.08477,0,0,2.125,1.5202,0,1.64164,2.96352,9.46447e+06,3.61194e+06,2.0112e+07,0,0,0,7.47005e+07
79.1901,85.139,1.64769,0.19,0.02,2.80359,3.40839,0,0.485334,5.32224,4.55416e+06,2.70226e+06,1.2768e+07,0,0,0,2.61704e+08,79.5113,79.791,2.22393,0,0,2.25608,1.65128,0,1.64178,2.96352,9.46447e+06,3.61194e+06,2.13526e+07,0,0,0,7.47005e+07
77.9109,85.139,1.61412,0.2,0.02,2.80399,3.40879,0,0.525392,5.32224,4.55416e+06,2.70226e+06,1.27698e+07,0,0,0,2.61704e+08,79.2412,79.791,2.31098,0,0,2.25628,1.65148,0,1.74305,2.96352,9.46447e+06,3.61194e+06,2.13545e+07,0,0,0,7.47005e+07
76.6076,85.139,1.57307,0.2,0.02,2.80439,3.40919,0,0.525468,5.32224,4.55416e+06,2.70226e+06,1.27716e+07,0,0,0,2.61704e+08,78.9279,79.791,2.18473,0,0,2.25647,1.65167,0,1.7432,2.96352,9.46447e+06,3.61194e+06,2.13563e+07,0,0,0,7.47005e+07
75.9824,85.139,2.25593,0.2,0.02,2.80479,3.40959,0,0.525543,5.32224,4.55416e+06,2.70226e+06,1.27735e+07,0,0,0,2.61704e+08,78.7087,79.791,2.54401,0,0,2.25667,1.65187,0,1.74335,2.96352,9.46447e+06,3.61194e+06,2.13582e+07,0,0,0,7.47005e+07
75.9614,85.139,2.92683,0.2,0.02,2.8052,3.41,0,0.525618,5.32224,4.55416e+06,2.70226e+06,1.27753e+07,0,0,0,2.61704e+08,79.0188,79.791,3.95486,0,0,2.25686,1.65206,0,1.7435,2.96352,9.46447e+06,3.61194e+06,2.136e+07,0,0,0,7.47005e+07
74.6726,85.139,1.42293,0.19,0.02,2.70154,3.30634,0,0.525694,5.32224,4.55416e+06,2.70226e+06,1.23033e+07,0,0,0,2.61704e+08,78.6786,79.791,2.28779,0,0,2.17756,1.57276,0,1.74365,2.96352,9.46447e+06,3.61194e+06,2.06095e+07,0,0,0,7.47005e+07
73.1415,85.139,1.1661,0.19,0.02,2.70193,3.30673,0,0.506269,5.32224,4.55416e+06,2.70226e+06,1.2305e+07,0,0,0,2.61704e+08,78.2564,79.791,1.82522,0,0,2.17775,1.57295,0,1.68238,2.96352,9.46447e+06,3.61194e+06,2.06112e+07,0,0,0,7.47005e+07
72.2602,85.139,1.90945,0.21,0.02,2.70232,3.30712,0,0.506342,5.32224,4.55416e+06,2.70226e+06,1.23068e+07,0,0,0,2.61704e+08,78.1624,79.791,2.45139,0,0,2.17793,1.57313,0,1.68253,2.96352,9.46447e+06,3.61194e+06,2.0613e+07,0,0,0,7.47005e+07
73.5501,85.139,4.29394,0.22,0.02,2.70271,3.30751,0,0.506416,5.32224,4.55416e+06,2.70226e+06,1.23086e+07,0,0,0,2.61704e+08,78.5788,79.791,3.65277,0,0,2.17812,1.57332,0,1.68267,2.96352,9.46447e+06,3.61194e+06,2.06147e+07,0,0,0,7.47005e+07
73.6687,85.139,3.04264,0.22,0.02,2.61765,3.22245,0,0.506489,5.32224,4.55416e+06,2.70226e+06,1.19212e+07,0,0,0,2.61704e+08,78.6795,79.791,3.0778,0,0,2.10591,1.50111,0,1.68281,2.96352,9.46447e+06,3.61194e+06,1.99313e+07,0,0,0,7.47005e+07
75.8566,85.139,5.15906,0.21,0.02,2.61803,3.22283,0,0.490548,5.32224,4.55416e+06,2.70226e+06,1.19229e+07,0,0,0,2.61704e+08,78.963,79.791,3.63641,0,0,2.10608,1.50128,0,1.62702,2.96352,9.46447e+06,3.61194e+06,1.9933e+07,0,0,0,7.47005e+07
77.9214,85.139,5.04894,0.16,0.02,2.61841,3.22321,0,0.49062,5.32224,4.55416e+06,2.70226e+06,1.19247e+07,0,0,0,2.61704e+08,79.1107,79.791,3.52661,0,0,2.10626,1.50146,0,1.62716,2.96352,9.46447e+06,3.61194e+06,1.99346e+07,0,0,0,7.47005e+07
80.2401,85.139,5.35091,0.17,0.02,2.61879,3.22359,0,0.490691,5.32224,4.55416e+06,2.70226e+06,1.19264e+07,0,0,0,2.61704e+08,80.1778,79.791,5.27276,0,0,2.10644,1.50164,0,1.6273,2.96352,9.46447e+06,3.61194e+06,1.99363e+07,0,0,0,7.47005e+07
81.7654,85.139,4.36283,0.17,0.02,2.37637,2.98117,0,0.490762,5.32224,4.55416e+06,2.70226e+06,1.08224e+07,0,0,0,2.61704e+08,80.4259,79.791,3.81799,0,0,1.95576,1.35096,0,1.62743,2.96352,9.46447e+06,3.61194e+06,1.85103e+07,0,0,0,7.47005e+07
83.8118,85.139,5.04852,0.17,0.02,2.37672,2.98152,0,0.445332,5.32224,4.55416e+06,2.70226e+06,1.0824e+07,0,0,0,2.61704e+08,80.8192,79.791,4.60599,0,0,1.95592,1.35112,0,1.51102,2.96352,9.46447e+06,3.61194e+06,1.85118e+07,0,0,0,7.47005e+07
85.139,85.139,6.16953,0.18,0.02,2.37708,2.98188,0,0.445398,5.32224,4.55416e+06,2.70226e+06,1.08256e+07,0,0,0,2.61704e+08,80.8192,79.791,4.68654,0,0,1.95608,1.35128,0,1.51115,2.96352,9.46447e+06,3.61194e+06,1.85133e+07,0,0,0,7.47005e+07
85.139,85.139,5.19288,0.15,0.02,2.37743,2.98223,0,0.445464,5.32224,4.55416e+06,2.70226e+06,1.08272e+07,0,0,0,2.61704e+08,80.8192,79.791,3.31616,0,0,1.95624,1.35144,0,1.51127,2.96352,9.46447e+06,3.61194e+06,1.85148e+07,0,0,0,7.47005e+07
85.139,85.139,8.89269,0.16,0.02,2.37778,2.98258,0,0.44553,5.32224,4.55416e+06,2.70226e+06,1.08288e+07,0,0,0,2.61704e+08,80.8192,79.791,6.04411,0,0,1.9564,1.3516,0,1.51139,2.96352,9.46447e+06,3.61194e+06,1.85163e+07,0,0,0,7.47005e+07
85.139,85.139,4.82098,0.15,0.02,2.47157,3.07637,0,0.445596,5.32224,4.55416e+06,2.70226e+06,1.12559e+07,0,0,0,2.61704e+08,80.8192,79.791,4.63351,0,0,2.00026,1.39546,0,1.51151,2.96352,9.46447e+06,3.61194e+06,1.89314e+07,0,0,0,7.47005e+07
85.139,85.139,5.28231,0.16,0.02,2.47191,3.07671,0,0.463172,5.32224,4.55416e+06,2.70226e+06,1.12575e+07,0,0,0,2.61704e+08,80.8192,79.791,4.31865,0,0,2.00042,1.39562,0,1.5454,2.96352,9.46447e+06,3.61194e+06,1.89329e+07,0,0,0,7.47005e+07
85.139,85.139,7.57778,0.17,0.02,2.47225,3.07705,0,0.463236,5.32224,4.55416e+06,2.70226e+06,1.1259e+07,0,0,0,2.61704e+08,80.8192,79.791,4.56005,0,0,2.00057,1.39577,0,1.54552,2.96352,9.46447e+06,3.61194e+06,1.89343e+07,0,0,0,7.47005e+07
85.139,85.139,10.9509,0.16,0.02,2.47259,3.07739,0,0.463299,5.32224,4.55416e+06,2.70226e+06,1.12606e+07,0,0,0,2.61704e+08,80.8192,79.791,8.66826,0,0,2.00072,1.39592,0,1.54564,2.96352,9.46447e+06,3.61194e+06,1.89358e+07,0,0,0,7.47005e+07
85.139,85.139,9.03449,0.16,0.02,2.77312,3.37792,0,0.463363,5.32224,4.55416e+06,2.70226e+06,1.26292e+07,0,0,0,2.61704e+08,80.8192,79.791,9.05082,0,0,2.16503,1.56023,0,1.54576,2.96352,9.46447e+06,3.61194e+06,2.04908e+07,0,0,0,7.47005e+07
85.139,85.139,5.40127,0.16,0.02,2.77349,3.37829,0,0.519683,5.32224,4.55416e+06,2.70226e+06,1.26309e+07,0,0,0,2.61704e+08,80.8192,79.791,4.64023,0,0,2.1652,1.5604,0,1.6727,2.96352,9.46447e+06,3.61194e+06,2.04925e+07,0,0,0,7.47005e+07
85.139,85.139,6.36052,0.17,0.02,2.77387,3.37867,0,0.519753,5.32224,4.55416e+06,2.70226e+06,1.26326e+07,0,0,0,2.61704e+08,80.8192,79.791,4.6762,0,0,2.16537,1.56057,0,1.67283,2.96352,9.46447e+06,3.61194e+06,2.04941e+07,0,0,0,7.47005e+07
85.139,85.139,6.72412,0.18,0.02,2.77424,3.37904,0,0.519822,5.32224,4.55416e+06,2.70226e+06,1.26343e+07,0,0,0,2.61704e+08,80.8192,79.791,4.99978,0,0,2.16554,1.56074,0,1.67297,2.96352,9.46447e+06,3.61194e+06,2.04957e+07,0,0,0,7.47005e+07
85.139,85.139,6.13028,0.19,0.02,2.34625,2.95105,0,0.519892,5.32224,4.55416e+06,2.70226e+06,1.06852e+07,0,0,0,2.61704e+08,80.8192,79.791,4.5738,0,0,1.94533,1.34053,0,1.6731,2.96352,9.46447e+06,3.61194e+06,1.84115e+07,0,0,0,7.47005e+07
85.139,85.139,6.56492,0.22,0.02,2.34657,2.95137,0,0.439687,5.32224,4.55416e+06,2.70226e+06,1.06867e+07,0,0,0,2.61704e+08,80.8192,79.791,5.25354,0,0,1.94548,1.34068,0,1.50296,2.96352,9.46447e+06,3.61194e+06,1.84129e+07,0,0,0,7.47005e+07
85.139,85.139,7.1773,0.23,0.02,2.3469,2.9517,0,0.439748,5.32224,4.55416e+06,2.70226e+06,1.06882e+07,0,0,0,2.61704e+08,80.8192,79.791,4.9616,0,0,1.94562,1.34082,0,1.50308,2.96352,9.46447e+06,3.61194e+06,1.84143e+07,0,0,0,7.47005e+07
85.139,85.139,6.46784,0.25,0.02,2.34723,2.95203,0,0.439809,5.32224,4.55416e+06,2.70226e+06,1.06896e+07,0,0,0,2.61704e+08,80.8192,79.791,5.01886,0,0,1.94577,1.34097,0,1.50319,2.96352,9.46447e+06,3.61194e+06,1.84157e+07,0,0,0,7.47005e+07
85.139,85.139,7.43214,0.29,0.02,2.34755,2.95235,0,0.43987,5.32224,4.55416e+06,2.70226e+06,1.06911e+07,0,0,0,2.61704e+08,80.8192,79.791,4.49451,0,0,1.94592,1.34112,0,1.5033,2.96352,9.46447e+06,3.61194e+06,1.84171e+07,0,0,0,7.47005e+07
85.139,85.139,5.33195,0.32,0.02,2.45576,3.06056,0,0.439931,5.32224,4.55416e+06,2.70226e+06,1.11839e+07,0,0,0,2.61704e+08,80.8192,79.791,4.15355,0,0,2.00001,1.39521,0,1.50342,2.96352,9.46447e+06,3.61194e+06,1.89291e+07,0,0,0,7.47005e+07
85.139,85.139,5.84002,0.32,0.02,2.4561,3.0609,0,0.46021,5.32224,4.55416e+06,2.70226e+06,1.11855e+07,0,0,0,2.61704e+08,80.8192,79.791,4.14359,0,0,2.00017,1.39537,0,1.54521,2.96352,9.46447e+06,3.61194e+06,1.89305e+07,0,0,0,7.47005e+07
85.139,85.139,4.68818,0.32,0.02,2.45644,3.06124,0,0.460273,5.32224,4.55416e+06,2.70226e+06,1.1187e+07,0,0,0,2.61704e+08,80.8192,79.791,3.68971,0,0,2.00032,1.39552,0,1.54533,2.96352,9.46447e+06,3.61194e+06,1.8932e+07,0,0,0,7.47005e+07
85.139,85.139,4.60741,0.3,0.02,2.45677,3.06157,0,0.460336,5.32224,4.55416e+06,2.70226e+06,1.11885e+07,0,0,0,2.61704e+08,80.8192,79.791,3.86531,0,0,2.00047,1.39567,0,1.54545,2.96352,9.46447e+06,3.61194e+06,1.89334e+07,0,0,0,7.47005e+07
85.139,85.139,3.90731,0.27,0.02,2.41491,3.01971,0,0.460399,5.32224,4.55416e+06,2.70226e+06,1.09979e+07,0,0,0,2.61704e+08,80.8192,79.791,3.08317,0,0,1.97967,1.37487,0,1.54557,2.96352,9.46447e+06,3.61194e+06,1.87365e+07,0,0,0,7.47005e+07
85.139,85.139,3.47077,0.25,0.02,2.41524,3.02004,0,0.452554,5.32224,4.55416e+06,2.70226e+06,1.09994e+07,0,0,0,2.61704e+08,80.7838,79.791,2.82072,0,0,1.97982,1.37502,0,1.52949,2.96352,9.46447e+06,3.61194e+06,1.87379e+07,0,0,0,7.47005e+07
85.139,85.139,3.39012,0.24,0.02,2.41558,3.02038,0,0.452617,5.32224,4.55416e+06,2.70226e+06,1.10009e+07,0,0,0,2.61704e+08,80.8192,79.791,3.21124,0,0,1.97997,1.37517,0,1.52961,2.96352,9.46447e+06,3.61194e+06,1.87394e+07,0,0,0,7.47005e+07
85.139,85.139,3.36453,0.22,0.02,2.41591,3.02071,0,0.452679,5.32224,4.55416e+06,2.70226e+06,1.10024e+07,0,0,0,2.61704e+08,80.8192,79.791,2.87674,0,0,1.98012,1.37532,0,1.52973,2.96352,9.46447e+06,3.61194e+06,1.87408e+07,0,0,0,7.47005e+07
85.139,85.139,3.06565,0.19,0.02,2.55955,3.16435,0,0.452742,5.32224,4.55416e+06,2.70226e+06,1.16566e+07,0,0,0,2.61704e+08,80.7168,79.791,2.69379,0,0,2.05464,1.44984,0,1.52984,2.96352,9.46447e+06,3.61194e+06,1.94461e+07,0,0,0,7.47005e+07
85.139,85.139,2.98182,0.17,0.02,2.5599,3.1647,0,0.47966,5.32224,4.55416e+06,2.70226e+06,1.16582e+07,0,0,0,2.61704e+08,80.6077,79.791,2.64595,0,0,2.0548,1.45,0,1.58741,2.96352,9.46447e+06,3.61194e+06,1.94476e+07,0,0,0,7.47005e+07
84.9375,85.139,2.62091,0.18,0.02,2.56025,3.16505,0,0.479725,5.32224,4.55416e+06,2.70226e+06,1.16598e+07,0,0,0,2.61704e+08,80.3825,79.791,2.51845,0,0,2.05496,1.45016,0,1.58754,2.96352,9.46447e+06,3.61194e+06,1.94491e+07,0,0,0,7.47005e+07
84.6637,85.139,2.54168,0.25,0.02,2.5606,3.1654,0,0.479791,5.32224,4.55416e+06,2.70226e+06,1.16614e+07,0,0,0,2.61704e+08,80.1996,79.791,2.54821,0,0,2.05512,1.45032,0,1.58766,2.96352,9.46447e+06,3.61194e+06,1.94506e+07,0,0,0,7.47005e+07
84.2437,85.139,2.38203,0.23,0.02,2.56095,3.16575,0,0.479856,5.32224,4.55416e+06,2.70226e+06,1.1663e+07,0,0,0,2.61704e+08,80.0031,79.791,2.48732,0,0,2.05528,1.45048,0,1.58778,2.96352,9.46447e+06,3.61194e+06,1.94521e+07,0,0,0,7.47005e+07
83.5237,85.139,2.0197,0.22,0.02,2.53294,3.13774,0,0.479922,5.32224,4.55416e+06,2.70226e+06,1.15354e+07,0,0,0,2.61704e+08,79.8067,79.791,2.66338,0,0,2.09633,1.49153,0,1.58791,2.96352,9.46447e+06,3.61194e+06,1.98407e+07,0,0,0,7.47005e+07
82.678,85.139,1.88166,0.22,0.02,2.53329,3.13809,0,0.474673,5.32224,4.55416e+06,2.70226e+06,1.1537e+07,0,0,0,2.61704e+08,79.6116,79.791,2.72509,0,0,2.0965,1.4917,0,1.61963,2.96352,9.46447e+06,3.61194e+06,1.98423e+07,0,0,0,7.47005e+07
81.7127,85.139,1.75054,0.22,0.02,2.53363,3.13843,0,0.474738,5.32224,4.55416e+06,2.70226e+06,1.15386e+07,0,0,0,2.61704e+08,79.4063,79.791,2.69633,0,0,2.09666,1.49186,0,1.61975,2.96352,9.46447e+06,3.61194e+06,1.98438e+07,0,0,0,7.47005e+07
80.7269,85.139,1.71331,0.21,0.02,2.53398,3.13878,0,0.474803,5.32224,4.55416e+06,2.70226e+06,1.15401e+07,0,0,0,2.61704e+08,79.1114,79.791,2.55217,0,0,2.09683,1.49203,0,1.61988,2.96352,9.46447e+06,3.61194e+06,1.98454e+07,0,0,0,7.47005e+07
79.631,85.139,1.65243,0.21,0.02,2.60759,3.21239,0,0.474868,5.32224,4.55416e+06,2.70226e+06,1.18754e+07,0,0,0,2.61704e+08,78.7825,79.791,2.39973,0,0,2.13345,1.52865,0,1.62001,2.96352,9.46447e+06,3.61194e+06,2.0192e+07,0,0,0,7.47005e+07
78.5125,85.139,1.61479,0.2,0.02,2.60794,3.21274,0,0.488662,5.32224,4.55416e+06,2.70226e+06,1.1877e+07,0,0,0,2.61704e+08,78.437,79.791,2.42532,0,0,2.13362,1.52882,0,1.64831,2.96352,9.46447e+06,3.61194e+06,2.01936e+07,0,0,0,7.47005e+07
77.2256,85.139,1.43494,0.2,0.02,2.60829,3.21309,0,0.488728,5.32224,4.55416e+06,2.70226e+06,1.18786e+07,0,0,0,2.61704e+08,78.0548,79.791,2.26922,0,0,2.13379,1.52899,0,1.64844,2.96352,9.46447e+06,3.61194e+06,2.01952e+07,0,0,0,7.47005e+07
75.8226,85.139,1.30617,0.2,0.02,2.60865,3.21345,0,0.488794,5.32224,4.55416e+06,2.70226e+06,1.18802e+07,0,0,0,2.61704e+08,77.6578,79.791,2.14736,0,0,2.13396,1.52916,0,1.64857,2.96352,9.46447e+06,3.61194e+06,2.01968e+07,0,0,0,7.47005e+07
74.0415,85.139,1.07319,0.2,0.02,2.82364,3.42844,0,0.488861,5.32224,4.55416e+06,2.70226e+06,1.28593e+07,0,0,0,2.61704e+08,77.06,79.791,1.98037,0,0,2.2658,1.661,0,1.6487,2.96352,9.46447e+06,3.61194e+06,2.14446e+07,0,0,0,7.47005e+07
72.1157,85.139,0.914936,0.2,0.02,2.82402,3.42882,0,0.52915,5.32224,4.55416e+06,2.70226e+06,1.2861e+07,0,0,0,2.61704e+08,76.36,79.791,1.65525,0,0,2.26598,1.66118,0,1.75055,2.96352,9.46447e+06,3.61194e+06,2.14463e+07,0,0,0,7.47005e+07
70.0983,85.139,0.822198,0.21,0.02,2.82439,3.42919,0,0.529221,5.32224,4.55416e+06,2.70226e+06,1.28627e+07,0,0,0,2.61704e+08,75.7047,79.791,1.58625,0,0,2.26616,1.66136,0,1.7507,2.96352,9.46447e+06,3.61194e+06,2.1448e+07,0,0,0,7.47005e+07
68.1131,85.139,0.830055,0.21,0.02,2.82477,3.42957,0,0.529292,5.32224,4.55416e+06,2.70226e+06,1.28645e+07,0,0,0,2.61704e+08,75.2359,79.791,1.71485,0,0,2.26635,1.66155,0,1.75084,2.96352,9.46447e+06,3.61194e+06,2.14498e+07,0,0,0,7.47005e+07
66.1503,85.139,0.837819,0.21,0.02,2.82515,3.42995,0,0.529362,5.32224,4.55416e+06,2.70226e+06,1.28662e+07,0,0,0,2.61704e+08,74.7788,79.791,2.01597,0,0,2.26653,1.66173,0,1.75098,2.96352,9.46447e+06,3.61194e+06,2.14515e+07,0,0,0,7.47005e+07
64.6912,85.139,1.22598,0.25,0.02,2.72087,3.32567,0,0.529433,5.32224,4.55416e+06,2.70226e+06,1.23913e+07,0,0,0,2.61704e+08,74.6188,79.791,3.09693,0,0,2.18675,1.58195,0,1.75112,2.96352,9.46447e+06,3.61194e+06,2.06964e+07,0,0,0,7.47005e+07
62.6115,85.139,0.582069,0.25,0.02,2.72123,3.32603,0,0.50989,5.32224,4.55416e+06,2.70226e+06,1.23929e+07,0,0,0,2.61704e+08,74.0253,79.791,1.72237,0,0,2.18693,1.58213,0,1.68948,2.96352,9.46447e+06,3.61194e+06,2.06981e+07,0,0,0,7.47005e+07
60.6185,85.139,0.637228,0.26,0.02,2.7216,3.3264,0,0.509959,5.32224,4.55416e+06,2.70226e+06,1.23946e+07,0,0,0,2.61704e+08,73.6994,79.791,1.75306,0,0,2.1871,1.5823,0,1.68962,2.96352,9.46447e+06,3.61194e+06,2.06997e+07,0,0,0,7.47005e+07
59.6357,85.139,1.76512,0.29,0.02,2.72197,3.32677,0,0.510028,5.32224,4.55416e+06,2.70226e+06,1.23963e+07,0,0,0,2.61704e+08,73.8694,79.791,4.04797,0,0,2.18727,1.58247,0,1.68975,2.96352,9.46447e+06,3.61194e+06,2.07014e+07,0,0,0,7.47005e+07
58.4047,85.139,1.46716,0.3,0.02,2.63638,3.24118,0,0.510096,5.32224,4.55416e+06,2.70226e+06,1.20065e+07,0,0,0,2.61704e+08,73.6785,79.791,2.39313,0,0,2.11463,1.50983,0,1.68989,2.96352,9.46447e+06,3.61194e+06,2.00139e+07,0,0,0,7.47005e+07
57.0836,85.139,1.34335,0.29,0.02,2.63674,3.24154,0,0.494058,5.32224,4.55416e+06,2.70226e+06,1.20081e+07,0,0,0,2.61704e+08,73.3241,79.791,1.90253,0,0,2.1148,1.51,0,1.63376,2.96352,9.46447e+06,3.61194e+06,2.00154e+07,0,0,0,7.47005e+07
56.1861,85.139,1.77341,0.3,0.02,2.6371,3.2419,0,0.494125,5.32224,4.55416e+06,2.70226e+06,1.20098e+07,0,0,0,2.61704e+08,73.6353,79.791,4.58819,0,0,2.11496,1.51016,0,1.63389,2.96352,9.46447e+06,3.61194e+06,2.0017e+07,0,0,0,7.47005e+07
58.1748,85.139,4.82384,0.34,0.02,2.63746,3.24226,0,0.494192,5.32224,4.55416e+06,2.70226e+06,1.20114e+07,0,0,0,2.61704e+08,75.5175,79.791,8.88601,0,0,2.11513,1.51033,0,1.63402,2.96352,9.46447e+06,3.61194e+06,2.00186e+07,0,0,0,7.47005e+07
58.2559,85.139,2.67028,0.31,0.02,2.39361,2.99841,0,0.494259,5.32224,4.55416e+06,2.70226e+06,1.09009e+07,0,0,0,2.61704e+08,75.7643,79.791,2.96873,0,0,1.96357,1.35877,0,1.63415,2.96352,9.46447e+06,3.61194e+06,1.85842e+07,0,0,0,7.47005e+07
59.0967,85.139,3.48985,0.31,0.02,2.39394,2.99874,0,0.448562,5.32224,4.55416e+06,2.70226e+06,1.09024e+07,0,0,0,2.61704e+08,75.5946,79.791,2.75724,0,0,1.96372,1.35892,0,1.51706,2.96352,9.46447e+06,3.61194e+06,1.85856e+07,0,0,0,7.47005e+07
60.5352,85.139,4.1294,0.32,0.02,2.39427,2.99907,0,0.448624,5.32224,4.55416e+06,2.70226e+06,1.09039e+07,0,0,0,2.61704e+08,75.6657,79.791,3.5286,0,0,1.96387,1.35907,0,1.51717,2.96352,9.46447e+06,3.61194e+06,1.8587e+07,0,0,0,7.47005e+07
61.4885,85.139,3.60051,0.34,0.02,2.3946,2.9994,0,0.448686,5.32224,4.55416e+06,2.70226e+06,1.09054e+07,0,0,0,2.61704e+08,75.4851,79.791,2.59207,0,0,1.96402,1.35922,0,1.51729,2.96352,9.46447e+06,3.61194e+06,1.85884e+07,0,0,0,7.47005e+07
62.8672,85.139,4.04268,0.36,0.02,2.39493,2.99973,0,0.448748,5.32224,4.55416e+06,2.70226e+06,1.09069e+07,0,0,0,2.61704e+08,75.6908,79.791,3.42122,0,0,1.96417,1.35937,0,1.5174,2.96352,9.46447e+06,3.61194e+06,1.85899e+07,0,0,0,7.47005e+07
69.8731,85.139,10.2507,0.34,0.02,2.48923,3.09403,0,0.44881,5.32224,4.55416e+06,2.70226e+06,1.13364e+07,0,0,0,2.61704e+08,77.3325,79.791,9.10505,0,0,2.00828,1.40348,0,1.51752,2.96352,9.46447e+06,3.61194e+06,1.90073e+07,0,0,0,7.47005e+07
75.1616,85.139,8.57904,0.29,0.02,2.48955,3.09435,0,0.466483,5.32224,4.55416e+06,2.70226e+06,1.13378e+07,0,0,0,2.61704e+08,79.7038,79.791,8.27661,0,0,2.00842,1.40362,0,1.55159,2.96352,9.46447e+06,3.61194e+06,1.90086e+07,0,0,0,7.47005e+07
81.4504,85.139,9.63893,0.27,0.02,2.48987,3.09467,0,0.466542,5.32224,4.55416e+06,2.70226e+06,1.13393e+07,0,0,0,2.61704e+08,80.8192,79.791,6.1326,0,0,2.00856,1.40376,0,1.55171,2.96352,9.46447e+06,3.61194e+06,1.901e+07,0,0,0,7.47005e+07
85.139,85.139,7.8071,0.22,0.02,2.49019,3.09499,0,0.466602,5.32224,4.55416e+06,2.70226e+06,1.13407e+07,0,0,0,2.61704e+08,80.8192,79.791,5.16852,0,0,2.00871,1.40391,0,1.55182,2.96352,9.46447e+06,3.61194e+06,1.90114e+07,0,0,0,7.47005e+07
85.139,85.139,6.62908,0.17,0.02,2.79242,3.39722,0,0.466661,5.32224,4.55416e+06,2.70226e+06,1.27171e+07,0,0,0,2.61704e+08,80.8192,79.791,5.59843,0,0,2.17394,1.56914,0,1.55193,2.96352,9.46447e+06,3.61194e+06,2.05752e+07,0,0,0,7.47005e+07
85.139,85.139,8.45659,0.16,0.02,2.79276,3.39756,0,0.523299,5.32224,4.55416e+06,2.70226e+06,1.27187e+07,0,0,0,2.61704e+08,80.8192,79.791,6.89213,0,0,2.1741,1.5693,0,1.67959,2.96352,9.46447e+06,3.61194e+06,2.05767e+07,0,0,0,7.47005e+07
85.139,85.139,11.6363,0.18,0.02,2.79311,3.39791,0,0.523364,5.32224,4.55416e+06,2.70226e+06,1.27203e+07,0,0,0,2.61704e+08,80.8192,79.791,11.1701,0,0,2.17426,1.56946,0,1.67971,2.96352,9.46447e+06,3.61194e+06,2.05782e+07,0,0,0,7.47005e+07
85.139,85.139,9.35195,0.19,0.02,2.79346,3.39826,0,0.52343,5.32224,4.55416e+06,2.70226e+06,1.27219e+07,0,0,0,2.61704e+08,80.8192,79.791,8.87103,0,0,2.17442,1.56962,0,1.67983,2.96352,9.46447e+06,3.61194e+06,2.05798e+07,0,0,0,7.47005e+07
85.139,85.139,8.47579,0.21,0.02,2.36302,2.96782,0,0.523495,5.32224,4.55416e+06,2.70226e+06,1.07616e+07,0,0,0,2.61704e+08,80.8192,79.791,7.70631,0,0,1.95295,1.34815,0,1.67996,2.96352,9.46447e+06,3.61194e+06,1.84836e+07,0,0,0,7.47005e+07
85.139,85.139,7.58629,0.23,0.02,2.36332,2.96812,0,0.442829,5.32224,4.55416e+06,2.70226e+06,1.07629e+07,0,0,0,2.61704e+08,80.8192,79.791,6.51134,0,0,1.95308,1.34828,0,1.50885,2.96352,9.46447e+06,3.61194e+06,1.84849e+07,0,0,0,7.47005e+07
85.139,85.139,6.6577,0.25,0.02,2.36363,2.96843,0,0.442886,5.32224,4.55416e+06,2.70226e+06,1.07643e+07,0,0,0,2.61704e+08,80.8192,79.791,6.54322,0,0,1.95322,1.34842,0,1.50895,2.96352,9.46447e+06,3.61194e+06,1.84862e+07,0,0,0,7.47005e+07
85.139,85.139,12.205,0.28,0.02,2.36393,2.96873,0,0.442944,5.32224,4.55416e+06,2.70226e+06,1.07657e+07,0,0,0,2.61704e+08,80.8192,79.791,11.2357,0,0,1.95336,1.34856,0,1.50906,2.96352,9.46447e+06,3.61194e+06,1.84875e+07,0,0,0,7.47005e+07
85.139,85.139,11.439,0.33,0.02,2.36424,2.96904,0,0.443001,5.32224,4.55416e+06,2.70226e+06,1.07671e+07,0,0,0,2.61704e+08,80.8192,79.791,10.354,0,0,1.9535,1.3487,0,1.50917,2.96352,9.46447e+06,3.61194e+06,1.84888e+07,0,0,0,7.47005e+07
85.139,85.139,12.0686,0.34,0.02,2.47304,3.07784,0,0.443058,5.32224,4.55416e+06,2.70226e+06,1.12626e+07,0,0,0,2.61704e+08,80.8192,79.791,11.6074,0,0,2.00789,1.40309,0,1.50927,2.96352,9.46447e+06,3.61194e+06,1.90036e+07,0,0,0,7.47005e+07
85.139,85.139,10.1454,0.33,0.02,2.47335,3.07815,0,0.463447,5.32224,4.55416e+06,2.70226e+06,1.1264e+07,0,0,0,2.61704e+08,80.8192,79.791,11.9522,0,0,2.00803,1.40323,0,1.55129,2.96352,9.46447e+06,3.61194e+06,1.9005e+07,0,0,0,7.47005e+07
85.139,85.139,7.57033,0.33,0.02,2.47367,3.07847,0,0.463506,5.32224,4.55416e+06,2.70226e+06,1.12655e+07,0,0,0,2.61704e+08,80.8192,79.791,8.60116,0,0,2.00818,1.40338,0,1.55141,2.96352,9.46447e+06,3.61194e+06,1.90063e+07,0,0,0,7.47005e+07
85.139,85.139,7.0669,0.32,0.02,2.47398,3.07878,0,0.463565,5.32224,4.55416e+06,2.70226e+06,1.12669e+07,0,0,0,2.61704e+08,80.8192,79.791,7.80432,0,0,2.00832,1.40352,0,1.55152,2.96352,9.46447e+06,3.61194e+06,1.90077e+07,0,0,0,7.47005e+07
85.139,85.139,5.55459,0.28,0.02,2.43186,3.03666,0,0.463625,5.32224,4.55416e+06,2.70226e+06,1.10751e+07,0,0,0,2.61704e+08,80.8192,79.791,5.10666,0,0,1.98739,1.38259,0,1.55163,2.96352,9.46447e+06,3.61194e+06,1.88096e+07,0,0,0,7.47005e+07
85.139,85.139,5.35267,0.26,0.02,2.43217,3.03697,0,0.455731,5.32224,4.55416e+06,2.70226e+06,1.10765e+07,0,0,0,2.61704e+08,80.8192,79.791,3.82901,0,0,1.98753,1.38273,0,1.53545,2.96352,9.46447e+06,3.61194e+06,1.88109e+07,0,0,0,7.47005e+07
85.139,85.139,4.6157,0.25,0.02,2.43249,3.03729,0,0.45579,5.32224,4.55416e+06,2.70226e+06,1.10779e+07,0,0,0,2.61704e+08,80.8192,79.791,3.47737,0,0,1.98767,1.38287,0,1.53556,2.96352,9.46447e+06,3.61194e+06,1.88122e+07,0,0,0,7.47005e+07
85.139,85.139,4.42697,0.25,0.02,2.4328,3.0376,0,0.455848,5.32224,4.55416e+06,2.70226e+06,1.10794e+07,0,0,0,2.61704e+08,80.8192,79.791,3.84368,0,0,1.98781,1.38301,0,1.53567,2.96352,9.46447e+06,3.61194e+06,1.88136e+07,0,0,0,7.47005e+07
85.139,85.139,4.55231,0.2,0.02,2.57722,3.18202,0,0.455906,5.32224,4.55416e+06,2.70226e+06,1.17371e+07,0,0,0,2.61704e+08,80.8192,79.791,3.47282,0,0,2.06273,1.45793,0,1.53578,2.96352,9.46447e+06,3.61194e+06,1.95227e+07,0,0,0,7.47005e+07
85.139,85.139,4.8025,0.18,0.02,2.57755,3.18235,0,0.482971,5.32224,4.55416e+06,2.70226e+06,1.17386e+07,0,0,0,2.61704e+08,80.8192,79.791,3.39565,0,0,2.06288,1.45808,0,1.59367,2.96352,9.46447e+06,3.61194e+06,1.95241e+07,0,0,0,7.47005e+07
85.139,85.139,4.17647,0.18,0.02,2.57787,3.18267,0,0.483032,5.32224,4.55416e+06,2.70226e+06,1.17401e+07,0,0,0,2.61704e+08,80.8192,79.791,3.31922,0,0,2.06303,1.45823,0,1.59378,2.96352,9.46447e+06,3.61194e+06,1.95255e+07,0,0,0,7.47005e+07
85.139,85.139,3.78932,0.17,0.02,2.5782,3.183,0,0.483094,5.32224,4.55416e+06,2.70226e+06,1.17415e+07,0,0,0,2.61704e+08,80.8192,79.791,2.94949,0,0,2.06318,1.45838,0,1.5939,2.96352,9.46447e+06,3.61194e+06,1.95269e+07,0,0,0,7.47005e+07
85.139,85.139,3.55722,0.16,0.02,2.57853,3.18333,0,0.483155,5.32224,4.55416e+06,2.70226e+06,1.1743e+07,0,0,0,2.61704e+08,80.8192,79.791,2.75137,0,0,2.06333,1.45853,0,1.59402,2.96352,9.46447e+06,3.61194e+06,1.95284e+07,0,0,0,7.47005e+07
85.139,85.139,3.13118,0.17,0.02,2.55034,3.15514,0,0.483216,5.32224,4.55416e+06,2.70226e+06,1.16147e+07,0,0,0,2.61704e+08,80.8192,79.791,3.22138,0,0,2.10461,1.49981,0,1.59413,2.96352,9.46447e+06,3.61194e+06,1.9919e+07,0,0,0,7.47005e+07
85.139,85.139,2.97281,0.15,0.02,2.55067,3.15547,0,0.477934,5.32224,4.55416e+06,2.70226e+06,1.16161e+07,0,0,0,2.61704e+08,80.8192,79.791,3.03406,0,0,2.10476,1.49996,0,1.62602,2.96352,9.46447e+06,3.61194e+06,1.99204e+07,0,0,0,7.47005e+07
85.0284,85.139,2.71969,0.16,0.02,2.55099,3.15579,0,0.477995,5.32224,4.55416e+06,2.70226e+06,1.16176e+07,0,0,0,2.61704e+08,80.8192,79.791,3.03489,0,0,2.10491,1.50011,0,1.62614,2.96352,9.46447e+06,3.61194e+06,1.99219e+07,0,0,0,7.47005e+07
84.6673,85.139,2.45577,0.21,0.02,2.55131,3.15611,0,0.478055,5.32224,4.55416e+06,2.70226e+06,1.16191e+07,0,0,0,2.61704e+08,80.8192,79.791,2.73026,0,0,2.10507,1.50027,0,1.62626,2.96352,9.46447e+06,3.61194e+06,1.99234e+07,0,0,0,7.47005e+07
84.2569,85.139,2.41471,0.21,0.02,2.6253,3.2301,0,0.478116,5.32224,4.55416e+06,2.70226e+06,1.1956e+07,0,0,0,2.61704e+08,80.8035,79.791,2.44227,0,0,2.14189,1.53709,0,1.62638,2.96352,9.46447e+06,3.61194e+06,2.02718e+07,0,0,0,7.47005e+07
84.2974,85.139,2.88887,0.2,0.02,2.62563,3.23043,0,0.491982,5.32224,4.55416e+06,2.70226e+06,1.19576e+07,0,0,0,2.61704e+08,80.8192,79.791,3.05451,0,0,2.14204,1.53724,0,1.65482,2.96352,9.46447e+06,3.61194e+06,2.02733e+07,0,0,0,7.47005e+07
84.0946,85.139,2.61012,0.2,0.02,2.62597,3.23077,0,0.492044,5.32224,4.55416e+06,2.70226e+06,1.19591e+07,0,0,0,2.61704e+08,80.8192,79.791,2.85233,0,0,2.1422,1.5374,0,1.65494,2.96352,9.46447e+06,3.61194e+06,2.02748e+07,0,0,0,7.47005e+07
83.6699,85.139,2.37729,0.2,0.02,2.6263,3.2311,0,0.492106,5.32224,4.55416e+06,2.70226e+06,1.19606e+07,0,0,0,2.61704e+08,80.8163,79.791,2.50754,0,0,2.14236,1.53756,0,1.65506,2.96352,9.46447e+06,3.61194e+06,2.02763e+07,0,0,0,7.47005e+07
83.1612,85.139,2.45659,0.2,0.02,2.84244,3.44724,0,0.492168,5.32224,4.55416e+06,2.70226e+06,1.29449e+07,0,0,0,2.61704e+08,80.8192,79.791,3.08565,0,0,2.27491,1.67011,0,1.65519,2.96352,9.46447e+06,3.61194e+06,2.15308e+07,0,0,0,7.47005e+07
81.8289,85.139,1.57354,0.2,0.02,2.8428,3.4476,0,0.532674,5.32224,4.55416e+06,2.70226e+06,1.29466e+07,0,0,0,2.61704e+08,80.8192,79.791,2.64566,0,0,2.27508,1.67028,0,1.75759,2.96352,9.46447e+06,3.61194e+06,2.15324e+07,0,0,0,7.47005e+07
80.599,85.139,1.66194,0.2,0.02,2.84315,3.44795,0,0.53274,5.32224,4.55416e+06,2.70226e+06,1.29482e+07,0,0,0,2.61704e+08,80.8192,79.791,2.62332,0,0,2.27525,1.67045,0,1.75773,2.96352,9.46447e+06,3.61194e+06,2.15341e+07,0,0,0,7.47005e+07
80.1505,85.139,2.49214,0.19,0.02,2.84351,3.44831,0,0.532807,5.32224,4.55416e+06,2.70226e+06,1.29498e+07,0,0,0,2.61704e+08,80.8192,79.791,3.11181,0,0,2.27542,1.67062,0,1.75786,2.96352,9.46447e+06,3.61194e+06,2.15357e+07,0,0,0,7.47005e+07
80.6484,85.139,3.49456,0.19,0.02,2.84386,3.44866,0,0.532873,5.32224,4.55416e+06,2.70226e+06,1.29514e+07,0,0,0,2.61704e+08,80.8192,79.791,3.54808,0,0,2.27559,1.67079,0,1.75799,2.96352,9.46447e+06,3.61194e+06,2.15373e+07,0,0,0,7.47005e+07
79.9914,85.139,2.20947,0.19,0.02,2.73898,3.34378,0,0.532939,5.32224,4.55416e+06,2.70226e+06,1.24738e+07,0,0,0,2.61704e+08,80.8192,79.791,2.99288,0,0,2.19537,1.59057,0,1.75812,2.96352,9.46447e+06,3.61194e+06,2.0778e+07,0,0,0,7.47005e+07
79.4582,85.139,2.35269,0.17,0.02,2.73932,3.34412,0,0.513285,5.32224,4.55416e+06,2.70226e+06,1.24753e+07,0,0,0,2.61704e+08,80.8192,79.791,2.75208,0,0,2.19553,1.59073,0,1.69614,2.96352,9.46447e+06,3.61194e+06,2.07795e+07,0,0,0,7.47005e+07
79.68,85.139,3.14939,0.19,0.02,2.73967,3.34447,0,0.513349,5.32224,4.55416e+06,2.70226e+06,1.24769e+07,0,0,0,2.61704e+08,80.8192,79.791,3.5177,0,0,2.1957,1.5909,0,1.69627,2.96352,9.46447e+06,3.61194e+06,2.07811e+07,0,0,0,7.47005e+07
80.6804,85.139,4.07787,0.16,0.02,2.74001,3.34481,0,0.513414,5.32224,4.55416e+06,2.70226e+06,1.24785e+07,0,0,0,2.61704e+08,80.8192,79.791,5.25266,0,0,2.19586,1.59106,0,1.69639,2.96352,9.46447e+06,3.61194e+06,2.07826e+07,0,0,0,7.47005e+07
81.0693,85.139,3.48996,0.15,0.02,2.65394,3.25874,0,0.513478,5.32224,4.55416e+06,2.70226e+06,1.20865e+07,0,0,0,2.61704e+08,80.8192,79.791,3.93402,0,0,2.12281,1.51801,0,1.69652,2.96352,9.46447e+06,3.61194e+06,2.00913e+07,0,0,0,7.47005e+07
81.1182,85.139,3.12779,0.15,0.02,2.65428,3.25908,0,0.497349,5.32224,4.55416e+06,2.70226e+06,1.2088e+07,0,0,0,2.61704e+08,80.8192,79.791,2.96569,0,0,2.12297,1.51817,0,1.64008,2.96352,9.46447e+06,3.61194e+06,2.00928e+07,0,0,0,7.47005e+07
81.4765,85.139,3.31147,0.16,0.02,2.65461,3.25941,0,0.497411,5.32224,4.55416e+06,2.70226e+06,1.20895e+07,0,0,0,2.61704e+08,80.8192,79.791,3.3868,0,0,2.12312,1.51832,0,1.6402,2.96352,9.46447e+06,3.61194e+06,2.00942e+07,0,0,0,7.47005e+07
81.6023,85.139,3.1042,0.16,0.02,2.65495,3.25975,0,0.497474,5.32224,4.55416e+06,2.70226e+06,1.2091e+07,0,0,0,2.61704e+08,80.8192,79.791,3.73855,0,0,2.12328,1.51848,0,1.64032,2.96352,9.46447e+06,3.61194e+06,2.00957e+07,0,0,0,7.47005e+07
82.1479,85.139,3.40848,0.17,0.02,2.40976,3.01456,0,0.497537,5.32224,4.55416e+06,2.70226e+06,1.09744e+07,0,0,0,2.61704e+08,80.8192,79.791,3.23037,0,0,1.97089,1.36609,0,1.64044,2.96352,9.46447e+06,3.61194e+06,1.86535e+07,0,0,0,7.47005e+07
84.4041,85.139,5.3951,0.18,0.02,2.41007,3.01487,0,0.451589,5.32224,4.55416e+06,2.70226e+06,1.09758e+07,0,0,0,2.61704e+08,80.8192,79.791,7.62968,0,0,1.97103,1.36623,0,1.52271,2.96352,9.46447e+06,3.61194e+06,1.86548e+07,0,0,0,7.47005e+07
85.139,85.139,4.68578,0.18,0.02,2.41038,3.01518,0,0.451647,5.32224,4.55416e+06,2.70226e+06,1.09773e+07,0,0,0,2.61704e+08,80.8192,79.791,6.60324,0,0,1.97117,1.36637,0,1.52282,2.96352,9.46447e+06,3.61194e+06,1.86561e+07,0,0,0,7.47005e+07
85.139,85.139,4.52255,0.16,0.02,2.41069,3.01549,0,0.451705,5.32224,4.55416e+06,2.70226e+06,1.09787e+07,0,0,0,2.61704e+08,80.8192,79.791,6.50343,0,0,1.97131,1.36651,0,1.52293,2.96352,9.46447e+06,3.61194e+06,1.86574e+07,0,0,0,7.47005e+07
85.139,85.139,6.16473,0.16,0.02,2.411,3.0158,0,0.451763,5.32224,4.55416e+06,2.70226e+06,1.09801e+07,0,0,0,2.61704e+08,80.8192,79.791,8.76733,0,0,1.97145,1.36665,0,1.52304,2.96352,9.46447e+06,3.61194e+06,1.86588e+07,0,0,0,7.47005e+07
85.139,85.139,7.84825,0.16,0.02,2.50578,3.11058,0,0.451821,5.32224,4.55416e+06,2.70226e+06,1.14117e+07,0,0,0,2.61704e+08,80.8192,79.791,8.29561,0,0,2.01578,1.41098,0,1.52314,2.96352,9.46447e+06,3.61194e+06,1.90783e+07,0,0,0,7.47005e+07
85.139,85.139,7.16531,0.16,0.04,2.50608,3.11088,0,0.469584,6.048,4.55416e+06,2.70226e+06,1.14131e+07,0,0,0,2.61704e+08,80.8192,79.791,7.10782,0,0,2.01592,1.41112,0,1.55739,2.96352,9.46447e+06,3.61194e+06,1.90796e+07,0,0,0,7.47005e+07
85.139,85.139,7.75744,0.17,0.04,2.50638,3.11118,0,0.46964,6.048,4.55416e+06,2.70226e+06,1.14144e+07,0,0,0,2.61704e+08,80.8192,79.791,6.48952,0,0,2.01605,1.41125,0,1.5575,2.96352,9.46447e+06,3.61194e+06,1.90809e+07,0,0,0,7.47005e+07
85.139,85.139,7.67053,0.18,0.04,2.50668,3.11148,0,0.469695,6.048,4.55416e+06,2.70226e+06,1.14158e+07,0,0,0,2.61704e+08,80.8192,79.791,8.23884,0,0,2.01619,1.41139,0,1.5576,2.96352,9.46447e+06,3.61194e+06,1.90821e+07,0,0,0,7.47005e+07
85.139,85.139,5.80736,0.19,0.04,2.81049,3.41529,0,0.469751,6.048,4.55416e+06,2.70226e+06,1.27994e+07,0,0,0,2.61704e+08,80.8192,79.791,5.91361,0,0,2.18229,1.57749,0,1.55771,2.96352,9.46447e+06,3.61194e+06,2.06542e+07,0,0,0,7.47005e+07
85.139,85.139,10.1406,0.24,0.04,2.81081,3.41561,0,0.526685,6.048,4.55416e+06,2.70226e+06,1.28009e+07,0,0,0,2.61704e+08,80.8192,79.791,10.1517,0,0,2.18244,1.57764,0,1.68603,2.96352,9.46447e+06,3.61194e+06,2.06556e+07,0,0,0,7.47005e+07
85.139,85.139,6.91696,0.34,0.04,2.81114,3.41594,0,0.526746,6.048,4.55416e+06,2.70226e+06,1.28024e+07,0,0,0,2.61704e+08,80.8192,79.791,7.18377,0,0,2.18259,1.57779,0,1.68615,2.96352,9.46447e+06,3.61194e+06,2.0657e+07,0,0,0,7.47005e+07
85.139,85.139,7.14524,0.35,0.04,2.81147,3.41627,0,0.526807,6.048,4.55416e+06,2.70226e+06,1.28039e+07,0,0,0,2.61704e+08,80.8192,79.791,5.65014,0,0,2.18274,1.57794,0,1.68627,2.96352,9.46447e+06,3.61194e+06,2.06585e+07,0,0,0,7.47005e+07
85.139,85.139,5.54368,0.36,0.04,2.37872,2.98352,0,0.526869,6.048,4.55416e+06,2.70226e+06,1.08331e+07,0,0,0,2.61704e+08,80.8192,79.791,4.82472,0,0,1.96008,1.35528,0,1.68638,2.96352,9.46447e+06,3.61194e+06,1.85511e+07,0,0,0,7.47005e+07
85.139,85.139,6.02162,0.35,0.04,2.379,2.9838,0,0.445771,6.048,4.55416e+06,2.70226e+06,1.08344e+07,0,0,0,2.61704e+08,80.8192,79.791,4.36213,0,0,1.96021,1.35541,0,1.51436,2.96352,9.46447e+06,3.61194e+06,1.85523e+07,0,0,0,7.47005e+07
85.139,85.139,6.47314,0.35,0.04,2.37929,2.98409,0,0.445825,6.048,4.55416e+06,2.70226e+06,1.08356e+07,0,0,0,2.61704e+08,80.8192,79.791,5.44909,0,0,1.96034,1.35554,0,1.51446,2.96352,9.46447e+06,3.61194e+06,1.85535e+07,0,0,0,7.47005e+07
85.139,85.139,5.94278,0.35,0.04,2.37957,2.98437,0,0.445878,6.048,4.55416e+06,2.70226e+06,1.08369e+07,0,0,0,2.61704e+08,80.8192,79.791,4.57683,0,0,1.96046,1.35566,0,1.51456,2.96352,9.46447e+06,3.61194e+06,1.85548e+07,0,0,0,7.47005e+07
85.139,85.139,7.18154,0.35,0.04,2.37986,2.98466,0,0.445932,6.048,4.55416e+06,2.70226e+06,1.08382e+07,0,0,0,2.61704e+08,80.8192,79.791,8.06779,0,0,1.96059,1.35579,0,1.51466,2.96352,9.46447e+06,3.61194e+06,1.8556e+07,0,0,0,7.47005e+07
85.139,85.139,5.59207,0.35,0.04,2.4892,3.094,0,0.445985,6.048,4.55416e+06,2.70226e+06,1.13362e+07,0,0,0,2.61704e+08,80.8192,79.791,4.23217,0,0,2.01526,1.41046,0,1.51476,2.96352,9.46447e+06,3.61194e+06,1.90734e+07,0,0,0,7.47005e+07
85.139,85.139,5.27844,0.34,0.04,2.4895,3.0943,0,0.466477,6.048,4.55416e+06,2.70226e+06,1.13376e+07,0,0,0,2.61704e+08,80.8192,79.791,3.77786,0,0,2.01539,1.41059,0,1.55699,2.96352,9.46447e+06,3.61194e+06,1.90746e+07,0,0,0,7.47005e+07
85.139,85.139,5.44844,0.34,0.04,2.48979,3.09459,0,0.466532,6.048,4.55416e+06,2.70226e+06,1.13389e+07,0,0,0,2.61704e+08,80.8192,79.791,4.23626,0,0,2.01553,1.41073,0,1.55709,2.96352,9.46447e+06,3.61194e+06,1.90759e+07,0,0,0,7.47005e+07
85.139,85.139,7.72541,0.34,0.04,2.49009,3.09489,0,0.466587,6.048,4.55416e+06,2.70226e+06,1.13403e+07,0,0,0,2.61704e+08,80.8192,79.791,5.5626,0,0,2.01566,1.41086,0,1.5572,2.96352,9.46447e+06,3.61194e+06,1.90772e+07,0,0,0,7.47005e+07
85.139,85.139,5.68007,0.31,0.04,2.44773,3.05253,0,0.466643,6.048,4.55416e+06,2.70226e+06,1.11473e+07,0,0,0,2.61704e+08,80.8192,79.791,4.51062,0,0,1.99461,1.38981,0,1.5573,2.96352,9.46447e+06,3.61194e+06,1.88779e+07,0,0,0,7.47005e+07
85.139,85.139,4.90006,0.3,0.04,2.44802,3.05282,0,0.458704,6.048,4.55416e+06,2.70226e+06,1.11487e+07,0,0,0,2.61704e+08,80.8192,79.791,4.16766,0,0,1.99474,1.38994,0,1.54103,2.96352,9.46447e+06,3.61194e+06,1.88792e+07,0,0,0,7.47005e+07
85.139,85.139,4.62322,0.27,0.04,2.44831,3.05311,0,0.458758,6.048,4.55416e+06,2.70226e+06,1.115e+07,0,0,0,2.61704e+08,80.8192,79.791,4.04675,0,0,1.99487,1.39007,0,1.54114,2.96352,9.46447e+06,3.61194e+06,1.88804e+07,0,0,0,7.47005e+07
85.139,85.139,4.37933,0.25,0.04,2.4486,3.0534,0,0.458813,6.048,4.55416e+06,2.70226e+06,1.11513e+07,0,0,0,2.61704e+08,80.8192,79.791,4.87861,0,0,1.99501,1.39021,0,1.54124,2.96352,9.46447e+06,3.61194e+06,1.88817e+07,0,0,0,7.47005e+07
85.139,85.139,4.08604,0.21,0.04,2.59375,3.19855,0,0.458867,6.048,4.55416e+06,2.70226e+06,1.18123e+07,0,0,0,2.61704e+08,80.8192,79.791,4.15106,0,0,2.07031,1.46551,0,1.54134,2.96352,9.46447e+06,3.61194e+06,1.95944e+07,0,0,0,7.47005e+07
85.139,85.139,3.95662,0.19,0.04,2.59405,3.19885,0,0.486068,6.048,4.55416e+06,2.70226e+06,1.18137e+07,0,0,0,2.61704e+08,80.8192,79.791,4.3195,0,0,2.07045,1.46565,0,1.59952,2.96352,9.46447e+06,3.61194e+06,1.95957e+07,0,0,0,7.47005e+07
85.139,85.139,3.99959,0.18,0.04,2.59436,3.19916,0,0.486126,6.048,4.55416e+06,2.70226e+06,1.18151e+07,0,0,0,2.61704e+08,80.8192,79.791,4.54344,0,0,2.07059,1.46579,0,1.59963,2.96352,9.46447e+06,3.61194e+06,1.9597e+07,0,0,0,7.47005e+07
85.139,85.139,3.52103,0.18,0.04,2.59466,3.19946,0,0.486183,6.048,4.55416e+06,2.70226e+06,1.18165e+07,0,0,0,2.61704e+08,80.8192,79.791,3.84821,0,0,2.07073,1.46593,0,1.59974,2.96352,9.46447e+06,3.61194e+06,1.95983e+07,0,0,0,7.47005e+07
85.139,85.139,3.34971,0.16,0.04,2.59497,3.19977,0,0.48624,6.048,4.55416e+06,2.70226e+06,1.18179e+07,0,0,0,2.61704e+08,80.8192,79.791,3.36389,0,0,2.07087,1.46607,0,1.59984,2.96352,9.46447e+06,3.61194e+06,1.95997e+07,0,0,0,7.47005e+07
85.139,85.139,2.84587,0.18,0.04,2.56661,3.17141,0,0.486297,6.048,4.55416e+06,2.70226e+06,1.16888e+07,0,0,0,2.61704e+08,80.8192,79.791,3.10652,0,0,2.11234,1.50754,0,1.59995,2.96352,9.46447e+06,3.61194e+06,1.99922e+07,0,0,0,7.47005e+07
85.1191,85.139,2.76295,0.16,0.04,2.56692,3.17172,0,0.480983,6.048,4.55416e+06,2.70226e+06,1.16901e+07,0,0,0,2.61704e+08,80.8192,79.791,3.21781,0,0,2.11248,1.50768,0,1.63199,2.96352,9.46447e+06,3.61194e+06,1.99935e+07,0,0,0,7.47005e+07
84.9998,85.139,2.64957,0.23,0.04,2.56722,3.17202,0,0.48104,6.048,4.55416e+06,2.70226e+06,1.16915e+07,0,0,0,2.61704e+08,80.8105,79.791,3.20436,0,0,2.11263,1.50783,0,1.63211,2.96352,9.46447e+06,3.61194e+06,1.99949e+07,0,0,0,7.47005e+07
84.6076,85.139,2.34027,0.21,0.04,2.56752,3.17232,0,0.481097,6.048,4.55416e+06,2.70226e+06,1.16929e+07,0,0,0,2.61704e+08,80.7085,79.791,2.88664,0,0,2.11277,1.50797,0,1.63222,2.96352,9.46447e+06,3.61194e+06,1.99963e+07,0,0,0,7.47005e+07
84.0709,85.139,2.25806,0.21,0.04,2.64187,3.24667,0,0.481153,6.048,4.55416e+06,2.70226e+06,1.20315e+07,0,0,0,2.61704e+08,80.5649,79.791,2.87198,0,0,2.14977,1.54497,0,1.63233,2.96352,9.46447e+06,3.61194e+06,2.03464e+07,0,0,0,7.47005e+07
83.823,85.139,2.56271,0.2,0.04,2.64218,3.24698,0,0.495086,6.048,4.55416e+06,2.70226e+06,1.20329e+07,0,0,0,2.61704e+08,80.59,79.791,3.24507,0,0,2.14991,1.54511,0,1.66091,2.96352,9.46447e+06,3.61194e+06,2.03478e+07,0,0,0,7.47005e+07
83.4502,85.139,2.41897,0.2,0.04,2.64249,3.24729,0,0.495144,6.048,4.55416e+06,2.70226e+06,1.20343e+07,0,0,0,2.61704e+08,80.5096,79.791,3.34631,0,0,2.15006,1.54526,0,1.66102,2.96352,9.46447e+06,3.61194e+06,2.03492e+07,0,0,0,7.47005e+07
82.9303,85.139,2.26348,0.2,0.04,2.6428,3.2476,0,0.495202,6.048,4.55416e+06,2.70226e+06,1.20357e+07,0,0,0,2.61704e+08,80.3623,79.791,3.05989,0,0,2.15021,1.54541,0,1.66114,2.96352,9.46447e+06,3.61194e+06,2.03506e+07,0,0,0,7.47005e+07
82.2009,85.139,2.22551,0.2,0.04,2.86002,3.46482,0,0.49526,6.048,4.55416e+06,2.70226e+06,1.3025e+07,0,0,0,2.61704e+08,80.2833,79.791,3.29121,0,0,2.28342,1.67862,0,1.66125,2.96352,9.46447e+06,3.61194e+06,2.16114e+07,0,0,0,7.47005e+07
81.7745,85.139,2.54176,0.2,0.04,2.86035,3.46515,0,0.535968,6.048,4.55416e+06,2.70226e+06,1.30265e+07,0,0,0,2.61704e+08,80.2166,79.791,2.72346,0,0,2.28358,1.67878,0,1.76417,2.96352,9.46447e+06,3.61194e+06,2.16129e+07,0,0,0,7.47005e+07
81.1858,85.139,2.38239,0.2,0.04,2.86068,3.46548,0,0.536029,6.048,4.55416e+06,2.70226e+06,1.3028e+07,0,0,0,2.61704e+08,80.1504,79.791,3.04714,0,0,2.28374,1.67894,0,1.7643,2.96352,9.46447e+06,3.61194e+06,2.16144e+07,0,0,0,7.47005e+07
80.4618,85.139,2.24013,0.2,0.04,2.86101,3.46581,0,0.536091,6.048,4.55416e+06,2.70226e+06,1.30295e+07,0,0,0,2.61704e+08,80.0667,79.791,3.61338,0,0,2.2839,1.6791,0,1.76442,2.96352,9.46447e+06,3.61194e+06,2.16159e+07,0,0,0,7.47005e+07
79.658,85.139,2.14846,0.19,0.04,2.86134,3.46614,0,0.536153,6.048,4.55416e+06,2.70226e+06,1.3031e+07,0,0,0,2.61704e+08,79.9699,79.791,3.55259,0,0,2.28406,1.67926,0,1.76454,2.96352,9.46447e+06,3.61194e+06,2.16175e+07,0,0,0,7.47005e+07
79.6851,85.139,2.84058,0.19,0.04,2.75591,3.36071,0,0.536215,6.048,4.55416e+06,2.70226e+06,1.25508e+07,0,0,0,2.61704e+08,79.693,79.791,3.49254,0,0,2.20342,1.59862,0,1.76467,2.96352,9.46447e+06,3.61194e+06,2.08542e+07,0,0,0,7.47005e+07
79.7064,85.139,2.89065,0.18,0.04,2.75623,3.36103,0,0.516457,6.048,4.55416e+06,2.70226e+06,1.25523e+07,0,0,0,2.61704e+08,79.4266,79.791,3.38673,0,0,2.20357,1.59877,0,1.70236,2.96352,9.46447e+06,3.61194e+06,2.08556e+07,0,0,0,7.47005e+07
80.0499,85.139,3.26701,0.18,0.04,2.75655,3.36135,0,0.516517,6.048,4.55416e+06,2.70226e+06,1.25538e+07,0,0,0,2.61704e+08,79.5074,79.791,4.66939,0,0,2.20372,1.59892,0,1.70248,2.96352,9.46447e+06,3.61194e+06,2.08571e+07,0,0,0,7.47005e+07
80.241,85.139,3.15791,0.17,0.04,2.75687,3.36167,0,0.516577,6.048,4.55416e+06,2.70226e+06,1.25552e+07,0,0,0,2.61704e+08,79.5593,79.791,4.43361,0,0,2.20388,1.59908,0,1.7026,2.96352,9.46447e+06,3.61194e+06,2.08585e+07,0,0,0,7.47005e+07
80.3781,85.139,3.13002,0.16,0.04,2.67034,3.27514,0,0.516637,6.048,4.55416e+06,2.70226e+06,1.21612e+07,0,0,0,2.61704e+08,79.6786,79.791,4.70045,0,0,2.13045,1.52565,0,1.70271,2.96352,9.46447e+06,3.61194e+06,2.01636e+07,0,0,0,7.47005e+07
79.8418,85.139,2.39388,0.16,0.04,2.67065,3.27545,0,0.500422,6.048,4.55416e+06,2.70226e+06,1.21626e+07,0,0,0,2.61704e+08,79.5804,79.791,3.50306,0,0,2.13059,1.52579,0,1.64598,2.96352,9.46447e+06,3.61194e+06,2.01649e+07,0,0,0,7.47005e+07
80.0275,85.139,3.19736,0.16,0.04,2.67096,3.27576,0,0.50048,6.048,4.55416e+06,2.70226e+06,1.2164e+07,0,0,0,2.61704e+08,79.6294,79.791,3.70577,0,0,2.13074,1.52594,0,1.6461,2.96352,9.46447e+06,3.61194e+06,2.01663e+07,0,0,0,7.47005e+07
81.2029,85.139,4.20213,0.17,0.04,2.67128,3.27608,0,0.500539,6.048,4.55416e+06,2.70226e+06,1.21654e+07,0,0,0,2.61704e+08,79.9785,79.791,4.53296,0,0,2.13089,1.52609,0,1.64621,2.96352,9.46447e+06,3.61194e+06,2.01677e+07,0,0,0,7.47005e+07
82.0152,85.139,3.77616,0.17,0.04,2.42484,3.02964,0,0.500597,6.048,4.55416e+06,2.70226e+06,1.10431e+07,0,0,0,2.61704e+08,80.8192,79.791,5.26386,0,0,1.97773,1.37293,0,1.64632,2.96352,9.46447e+06,3.61194e+06,1.87181e+07,0,0,0,7.47005e+07
85.139,85.139,6.2084,0.18,0.04,2.42513,3.02993,0,0.454415,6.048,4.55416e+06,2.70226e+06,1.10444e+07,0,0,0,2.61704e+08,80.8192,79.791,7.10714,0,0,1.97786,1.37306,0,1.52799,2.96352,9.46447e+06,3.61194e+06,1.87194e+07,0,0,0,7.47005e+07
85.139,85.139,6.42219,0.16,0.04,2.42542,3.03022,0,0.454469,6.048,4.55416e+06,2.70226e+06,1.10457e+07,0,0,0,2.61704e+08,80.8192,79.791,9.69303,0,0,1.97799,1.37319,0,1.52809,2.96352,9.46447e+06,3.61194e+06,1.87206e+07,0,0,0,7.47005e+07
85.139,85.139,7.88056,0.17,0.04,2.42571,3.03051,0,0.454523,6.048,4.55416e+06,2.70226e+06,1.10471e+07,0,0,0,2.61704e+08,80.8192,79.791,9.0107,0,0,1.97812,1.37332,0,1.52819,2.96352,9.46447e+06,3.61194e+06,1.87219e+07,0,0,0,7.47005e+07
85.139,85.139,5.77683,0.17,0.04,2.426,3.0308,0,0.454577,6.048,4.55416e+06,2.70226e+06,1.10484e+07,0,0,0,2.61704e+08,80.8192,79.791,6.39324,0,0,1.97825,1.37345,0,1.52829,2.96352,9.46447e+06,3.61194e+06,1.87231e+07,0,0,0,7.47005e+07
85.139,85.139,9.83647,0.18,0.04,2.426,3.0308,0,0.454632,6.048,4.55416e+06,2.70226e+06,1.10484e+07,0,0,0,2.61704e+08,80.8192,79.791,10.2128,0,0,1.97825,1.37345,0,1.5284,2.96352,9.46447e+06,3.61194e+06,1.87231e+07,0,0,0,7.47005e+07
85.139,85.139,4.69386,0.19,0.02,2.52123,3.12603,0,0.454632,6.048,4.55416e+06,2.70226e+06,1.14821e+07,0,0,0,2.61704e+08,80.8192,79.791,5.30843,0,0,2.02279,1.41799,0,1.5284,2.96352,9.46447e+06,3.61194e+06,1.91446e+07,0,0,0,7.47005e+07
85.139,85.139,4.56934,0.19,0.02,2.52151,3.12631,0,0.472479,6.048,4.55416e+06,2.70226e+06,1.14833e+07,0,0,0,2.61704e+08,80.8192,79.791,5.07873,0,0,2.02291,1.41811,0,1.56281,2.96352,9.46447e+06,3.61194e+06,1.91458e+07,0,0,0,7.47005e+07
85.139,85.139,4.63333,0.2,0.02,2.52178,3.12658,0,0.47253,6.048,4.55416e+06,2.70226e+06,1.14846e+07,0,0,0,2.61704e+08,80.8192,79.791,5.31833,0,0,2.02304,1.41824,0,1.5629,2.96352,9.46447e+06,3.61194e+06,1.9147e+07,0,0,0,7.47005e+07
85.139,85.139,5.03395,0.2,0.02,2.52206,3.12686,0,0.472582,6.048,4.55416e+06,2.70226e+06,1.14859e+07,0,0,0,2.61704e+08,80.8192,79.791,7.84927,0,0,2.02317,1.41837,0,1.563,2.96352,9.46447e+06,3.61194e+06,1.91482e+07,0,0,0,7.47005e+07
85.139,85.139,5.36844,0.22,0.02,2.82735,3.43215,0,0.472634,6.048,4.55416e+06,2.70226e+06,1.28762e+07,0,0,0,2.61704e+08,80.8192,79.791,7.11269,0,0,2.19007,1.58527,0,1.5631,2.96352,9.46447e+06,3.61194e+06,2.07279e+07,0,0,0,7.47005e+07
85.139,85.139,6.60537,0.25,0.02,2.82765,3.43245,0,0.529845,6.048,4.55416e+06,2.70226e+06,1.28776e+07,0,0,0,2.61704e+08,80.8192,79.791,7.0265,0,0,2.19021,1.58541,0,1.69205,2.96352,9.46447e+06,3.61194e+06,2.07292e+07,0,0,0,7.47005e+07
85.139,85.139,5.66935,0.26,0.02,2.82795,3.43275,0,0.529902,6.048,4.55416e+06,2.70226e+06,1.2879e+07,0,0,0,2.61704e+08,80.8192,79.791,8.80774,0,0,2.19035,1.58555,0,1.69216,2.96352,9.46447e+06,3.61194e+06,2.07305e+07,0,0,0,7.47005e+07
85.139,85.139,5.14914,0.32,0.02,2.82826,3.43306,0,0.529958,6.048,4.55416e+06,2.70226e+06,1.28803e+07,0,0,0,2.61704e+08,80.8192,79.791,6.8768,0,0,2.19049,1.58569,0,1.69227,2.96352,9.46447e+06,3.61194e+06,2.07319e+07,0,0,0,7.47005e+07
84.5113,85.139,2.29872,0.32,0.02,2.39336,2.99816,0,0.530015,6.048,4.55416e+06,2.70226e+06,1.08997e+07,0,0,0,2.61704e+08,80.512,79.791,4.80929,0,0,1.96673,1.36193,0,1.69238,2.96352,9.46447e+06,3.61194e+06,1.8614e+07,0,0,0,7.47005e+07
84.3207,85.139,2.6829,0.39,0.02,2.33929,2.99842,0,0.448515,6.048,4.55416e+06,3.11656e+06,1.06535e+07,0,0,0,2.61704e+08,80.7678,79.791,4.83133,0,0,1.94217,1.36205,0,1.51949,2.96352,9.46447e+06,4.16571e+06,1.83816e+07,0,0,0,7.47005e+07
85.139,85.139,4.07259,0.39,0.02,2.33955,2.99869,0,0.438383,6.048,4.55416e+06,3.11656e+06,1.06547e+07,0,0,0,2.61704e+08,80.8192,79.791,6.84595,0,0,1.94229,1.36217,0,1.50052,2.96352,9.46447e+06,4.16571e+06,1.83827e+07,0,0,0,7.47005e+07
85.139,85.139,3.84033,0.31,0.02,2.39415,2.99895,0,0.438432,6.048,4.55416e+06,2.70226e+06,1.09034e+07,0,0,0,2.61704e+08,80.8192,79.791,5.85825,0,0,1.96709,1.36229,0,1.50061,2.96352,9.46447e+06,3.61194e+06,1.86175e+07,0,0,0,7.47005e+07
85.139,85.139,3.73128,0.34,0.02,2.39442,2.99922,0,0.448664,6.048,4.55416e+06,2.70226e+06,1.09046e+07,0,0,0,2.61704e+08,80.8192,79.791,5.21196,0,0,1.96721,1.36241,0,1.51977,2.96352,9.46447e+06,3.61194e+06,1.86186e+07,0,0,0,7.47005e+07
85.139,85.139,3.60924,0.34,0.02,2.50428,3.10908,0,0.448714,6.048,4.55416e+06,2.70226e+06,1.14049e+07,0,0,0,2.61704e+08,80.8192,79.791,4.78564,0,0,2.02213,1.41733,0,1.51987,2.96352,9.46447e+06,3.61194e+06,1.91384e+07,0,0,0,7.47005e+07
85.139,85.139,5.64745,0.33,0.02,2.50455,3.10935,0,0.469301,6.048,4.55416e+06,2.70226e+06,1.14061e+07,0,0,0,2.61704e+08,80.8192,79.791,8.10564,0,0,2.02225,1.41745,0,1.5623,2.96352,9.46447e+06,3.61194e+06,1.91396e+07,0,0,0,7.47005e+07
85.139,85.139,4.97267,0.34,0.02,2.50482,3.10962,0,0.469353,6.048,4.55416e+06,2.70226e+06,1.14074e+07,0,0,0,2.61704e+08,80.8192,79.791,7.47402,0,0,2.02238,1.41758,0,1.56239,2.96352,9.46447e+06,3.61194e+06,1.91407e+07,0,0,0,7.47005e+07
85.139,85.139,3.53982,0.32,0.02,2.5051,3.1099,0,0.469404,6.048,4.55416e+06,2.70226e+06,1.14086e+07,0,0,0,2.61704e+08,80.8192,79.791,5.00511,0,0,2.0225,1.4177,0,1.56249,2.96352,9.46447e+06,3.61194e+06,1.91419e+07,0,0,0,7.47005e+07
85.0285,85.139,2.77759,0.3,0.02,2.46251,3.06731,0,0.469455,6.048,4.55416e+06,2.70226e+06,1.12147e+07,0,0,0,2.61704e+08,80.8192,79.791,4.07645,0,0,2.00134,1.39654,0,1.56259,2.96352,9.46447e+06,3.61194e+06,1.89416e+07,0,0,0,7.47005e+07
85.0089,85.139,2.52925,0.44,0.02,2.18485,3.06758,0,0.461474,6.048,4.55416e+06,3.73987e+06,9.95015e+06,0,0,0,2.61704e+08,80.777,79.791,3.65746,0,0,1.87492,1.39666,0,1.54623,2.96352,9.46447e+06,4.99885e+06,1.77451e+07,0,0,0,7.47005e+07
84.9443,85.139,2.46463,0.42,0.02,2.1851,3.06785,0,0.409441,6.048,4.55416e+06,3.73987e+06,9.95128e+06,0,0,0,2.61704e+08,80.8049,79.791,3.99875,0,0,1.87503,1.39678,0,1.44856,2.96352,9.46447e+06,4.99885e+06,1.77462e+07,0,0,0,7.47005e+07
84.5424,85.139,2.30027,0.39,0.02,2.40772,3.06812,0,0.409487,6.048,4.55416e+06,3.11656e+06,1.09652e+07,0,0,0,2.61704e+08,80.803,79.791,3.6514,0,0,1.97639,1.39691,0,1.44865,2.96352,9.46447e+06,4.16571e+06,1.87055e+07,0,0,0,7.47005e+07
83.9428,85.139,2.26869,0.34,0.02,2.60914,3.21394,0,0.451207,6.048,4.55416e+06,2.70226e+06,1.18825e+07,0,0,0,2.61704e+08,80.6928,79.791,3.37623,0,0,2.07736,1.47256,0,1.52696,2.96352,9.46447e+06,3.61194e+06,1.96611e+07,0,0,0,7.47005e+07
83.17,85.139,2.07503,0.32,0.02,2.60943,3.21423,0,0.488954,6.048,4.55416e+06,2.70226e+06,1.18838e+07,0,0,0,2.61704e+08,80.5163,79.791,3.06496,0,0,2.07749,1.47269,0,1.60497,2.96352,9.46447e+06,3.61194e+06,1.96624e+07,0,0,0,7.47005e+07
82.3072,85.139,1.92097,0.3,0.02,2.60971,3.21451,0,0.489007,6.048,4.55416e+06,2.70226e+06,1.1885e+07,0,0,0,2.61704e+08,80.2814,79.791,2.95118,0,0,2.07762,1.47282,0,1.60507,2.96352,9.46447e+06,3.61194e+06,1.96636e+07,0,0,0,7.47005e+07
81.3512,85.139,1.81424,0.23,0.02,2.60999,3.21479,0,0.48906,6.048,4.55416e+06,2.70226e+06,1.18863e+07,0,0,0,2.61704e+08,80.0115,79.791,2.77824,0,0,2.07775,1.47295,0,1.60517,2.96352,9.46447e+06,3.61194e+06,1.96648e+07,0,0,0,7.47005e+07
80.1478,85.139,1.5608,0.25,0.02,2.61028,3.21508,0,0.489113,6.048,4.55416e+06,2.70226e+06,1.18876e+07,0,0,0,2.61704e+08,79.6603,79.791,2.188,0,0,2.07788,1.47308,0,1.60527,2.96352,9.46447e+06,3.61194e+06,1.9666e+07,0,0,0,7.47005e+07
78.7681,85.139,1.35024,0.23,0.02,2.58176,3.18656,0,0.489166,6.048,4.55416e+06,2.70226e+06,1.17578e+07,0,0,0,2.61704e+08,79.2041,79.791,1.9793,0,0,2.11954,1.51474,0,1.60537,2.96352,9.46447e+06,3.61194e+06,2.00603e+07,0,0,0,7.47005e+07
77.2816,85.139,1.22379,0.25,0.02,2.58204,3.18684,0,0.483823,6.048,4.55416e+06,2.70226e+06,1.1759e+07,0,0,0,2.61704e+08,78.7215,79.791,1.79045,0,0,2.11968,1.51488,0,1.63756,2.96352,9.46447e+06,3.61194e+06,2.00616e+07,0,0,0,7.47005e+07
75.7775,85.139,1.1564,0.23,0.02,2.58233,3.18713,0,0.483875,6.048,4.55416e+06,2.70226e+06,1.17603e+07,0,0,0,2.61704e+08,78.0433,79.791,1.76023,0,0,2.11981,1.51501,0,1.63766,2.96352,9.46447e+06,3.61194e+06,2.00629e+07,0,0,0,7.47005e+07
74.1409,85.139,1.00859,0.23,0.02,2.58261,3.18741,0,0.483928,6.048,4.55416e+06,2.70226e+06,1.17616e+07,0,0,0,2.61704e+08,77.1,79.791,1.62089,0,0,2.11994,1.51514,0,1.63776,2.96352,9.46447e+06,3.61194e+06,2.00641e+07,0,0,0,7.47005e+07
72.3289,85.139,0.877724,0.21,0.02,2.65728,3.26208,0,0.483981,6.048,4.55416e+06,2.70226e+06,1.21017e+07,0,0,0,2.61704e+08,75.9977,79.791,1.31561,0,0,2.1571,1.5523,0,1.63787,2.96352,9.46447e+06,3.61194e+06,2.04158e+07,0,0,0,7.47005e+07
70.4766,85.139,0.820143,0.25,0.02,2.65757,3.26237,0,0.497975,6.048,4.55416e+06,2.70226e+06,1.2103e+07,0,0,0,2.61704e+08,74.8805,79.791,1.20377,0,0,2.15724,1.55244,0,1.66658,2.96352,9.46447e+06,3.61194e+06,2.04171e+07,0,0,0,7.47005e+07
68.5774,85.139,0.745679,0.24,0.02,2.65786,3.26266,0,0.498029,6.048,4.55416e+06,2.70226e+06,1.21043e+07,0,0,0,2.61704e+08,73.7304,79.791,1.14663,0,0,2.15738,1.55258,0,1.66668,2.96352,9.46447e+06,3.61194e+06,2.04184e+07,0,0,0,7.47005e+07
66.6364,85.139,0.678522,0.23,0.02,2.65815,3.26295,0,0.498082,6.048,4.55416e+06,2.70226e+06,1.21056e+07,0,0,0,2.61704e+08,72.5925,79.791,1.10566,0,0,2.15751,1.55271,0,1.66679,2.96352,9.46447e+06,3.61194e+06,2.04197e+07,0,0,0,7.47005e+07
64.5794,85.139,0.730663,0.27,0.02,2.87637,3.48117,0,0.498136,6.048,4.55416e+06,2.70226e+06,1.30995e+07,0,0,0,2.61704e+08,71.2682,79.791,1.10481,0,0,2.29134,1.68654,0,1.6669,2.96352,9.46447e+06,3.61194e+06,2.16864e+07,0,0,0,7.47005e+07
62.4023,85.139,0.602185,0.26,0.02,2.87668,3.48148,0,0.539032,6.048,4.55416e+06,2.70226e+06,1.31008e+07,0,0,0,2.61704e+08,70.209,79.791,0.852865,0,0,2.29149,1.68669,0,1.77029,2.96352,9.46447e+06,3.61194e+06,2.16878e+07,0,0,0,7.47005e+07
60.3447,85.139,0.691366,0.29,0.02,2.87698,3.48178,0,0.539089,6.048,4.55416e+06,2.70226e+06,1.31022e+07,0,0,0,2.61704e+08,69.0646,79.791,1.27984,0,0,2.29164,1.68684,0,1.77041,2.96352,9.46447e+06,3.61194e+06,2.16892e+07,0,0,0,7.47005e+07
58.2007,85.139,0.582063,0.29,0.02,2.87729,3.48209,0,0.539147,6.048,4.55416e+06,2.70226e+06,1.31036e+07,0,0,0,2.61704e+08,68.3748,79.791,1.00963,0,0,2.29179,1.68699,0,1.77052,2.96352,9.46447e+06,3.61194e+06,2.16906e+07,0,0,0,7.47005e+07
56.0887,85.139,0.618791,0.31,0.02,2.8776,3.4824,0,0.539204,6.048,4.55416e+06,2.70226e+06,1.3105e+07,0,0,0,2.61704e+08,67.8923,79.791,2.5202,0,0,2.29194,1.68714,0,1.77064,2.96352,9.46447e+06,3.61194e+06,2.1692e+07,0,0,0,7.47005e+07
54.0269,85.139,0.596227,0.32,0.02,2.77164,3.37644,0,0.539262,6.048,4.55416e+06,2.70226e+06,1.26225e+07,0,0,0,2.61704e+08,67.2668,79.791,2.06677,0,0,2.21091,1.60611,0,1.77075,2.96352,9.46447e+06,3.61194e+06,2.09251e+07,0,0,0,7.47005e+07
51.8934,85.139,0.492542,0.33,0.02,2.77194,3.37674,0,0.519406,6.048,4.55416e+06,2.70226e+06,1.26239e+07,0,0,0,2.61704e+08,66.5932,79.791,1.63407,0,0,2.21105,1.60625,0,1.70815,2.96352,9.46447e+06,3.61194e+06,2.09264e+07,0,0,0,7.47005e+07
50.0102,85.139,0.798711,0.34,0.02,2.77224,3.37704,0,0.519462,6.048,4.55416e+06,2.70226e+06,1.26252e+07,0,0,0,2.61704e+08,66.0936,79.791,2.13619,0,0,2.21119,1.60639,0,1.70825,2.96352,9.46447e+06,3.61194e+06,2.09277e+07,0,0,0,7.47005e+07
49.0385,85.139,1.86925,0.37,0.02,2.77254,3.37734,0,0.519518,6.048,4.55416e+06,2.70226e+06,1.26266e+07,0,0,0,2.61704e+08,65.8413,79.791,3.02013,0,0,2.21133,1.60653,0,1.70836,2.96352,9.46447e+06,3.61194e+06,2.09291e+07,0,0,0,7.47005e+07
47.7596,85.139,1.3756,0.37,0.02,2.68558,3.29038,0,0.519573,6.048,4.55416e+06,2.70226e+06,1.22306e+07,0,0,0,2.61704e+08,65.56,79.791,3.03891,0,0,2.13755,1.53275,0,1.70847,2.96352,9.46447e+06,3.61194e+06,2.02308e+07,0,0,0,7.47005e+07
46.5978,85.139,1.47747,0.38,0.02,2.68587,3.29067,0,0.503278,6.048,4.55416e+06,2.70226e+06,1.22319e+07,0,0,0,2.61704e+08,65.1211,79.791,1.92589,0,0,2.13768,1.53288,0,1.65147,2.96352,9.46447e+06,3.61194e+06,2.02321e+07,0,0,0,7.47005e+07
47.4401,85.139,3.55231,0.38,0.02,2.68616,3.29096,0,0.503333,6.048,4.55416e+06,2.70226e+06,1.22332e+07,0,0,0,2.61704e+08,65.4315,79.791,5.11347,0,0,2.13782,1.53302,0,1.65157,2.96352,9.46447e+06,3.61194e+06,2.02333e+07,0,0,0,7.47005e+07
49.7862,85.139,4.97136,0.4,0.02,2.38826,3.29125,0,0.503387,6.048,4.55416e+06,3.73987e+06,1.08765e+07,0,0,0,2.61704e+08,66.206,79.791,8.58152,0,0,1.99905,1.53315,0,1.65168,2.96352,9.46447e+06,4.99885e+06,1.89199e+07,0,0,0,7.47005e+07
51.7991,85.139,4.47872,0.41,0.02,2.16309,3.04365,0,0.44756,6.048,4.55416e+06,3.73987e+06,9.85107e+06,0,0,0,2.61704e+08,67.4029,79.791,6.27343,0,0,1.85911,1.37928,0,1.54446,2.96352,9.46447e+06,4.99885e+06,1.75955e+07,0,0,0,7.47005e+07
52.8686,85.139,3.66267,0.39,0.02,2.38396,3.04392,0,0.405363,6.048,4.55416e+06,3.11656e+06,1.0857e+07,0,0,0,2.61704e+08,68.3655,79.791,5.56029,0,0,1.9592,1.3794,0,1.43635,2.96352,9.46447e+06,4.16571e+06,1.85428e+07,0,0,0,7.47005e+07
56.2307,85.139,5.93554,0.42,0.02,2.16358,3.04419,0,0.446755,6.048,4.55416e+06,3.73987e+06,9.85329e+06,0,0,0,2.61704e+08,70.2295,79.791,7.91686,0,0,1.85933,1.37952,0,1.51368,2.96352,9.46447e+06,4.99885e+06,1.75976e+07,0,0,0,7.47005e+07
59.5871,85.139,6.14299,0.44,0.02,2.16382,3.04446,0,0.405455,6.048,4.55416e+06,3.73987e+06,9.8544e+06,0,0,0,2.61704e+08,71.7522,79.791,7.21455,0,0,1.85944,1.37964,0,1.43652,2.96352,9.46447e+06,4.99885e+06,1.75986e+07,0,0,0,7.47005e+07
66.8609,85.139,10.304,0.41,0.02,2.16407,3.04473,0,0.405501,6.048,4.55416e+06,3.73987e+06,9.85551e+06,0,0,0,2.61704e+08,74.755,79.791,13.3852,0,0,1.85955,1.37976,0,1.43661,2.96352,9.46447e+06,4.99885e+06,1.75997e+07,0,0,0,7.47005e+07
66.1485,85.139,1.91991,0.41,0.02,2.25105,3.14038,0,0.405546,6.048,4.55416e+06,3.73987e+06,1.02517e+07,0,0,0,2.61704e+08,75.1313,79.791,3.28517,0,0,1.90023,1.4245,0,1.43669,2.96352,9.46447e+06,4.99885e+06,1.79847e+07,0,0,0,7.47005e+07
66.031,85.139,2.57778,0.4,0.02,2.25128,3.14063,0,0.421847,6.048,4.55416e+06,3.73987e+06,1.02527e+07,0,0,0,2.61704e+08,75.9644,79.791,4.47465,0,0,1.90034,1.42461,0,1.46812,2.96352,9.46447e+06,4.99885e+06,1.79857e+07,0,0,0,7.47005e+07
65.4043,85.139,1.9856,0.42,0.02,2.25152,3.14089,0,0.421891,6.048,4.55416e+06,3.73987e+06,1.02538e+07,0,0,0,2.61704e+08,76.5954,79.791,3.87304,0,0,1.90044,1.42473,0,1.4682,2.96352,9.46447e+06,4.99885e+06,1.79867e+07,0,0,0,7.47005e+07
64.9388,85.139,2.15321,0.45,0.02,2.25175,3.14114,0,0.421934,6.048,4.55416e+06,3.73987e+06,1.02548e+07,0,0,0,2.61704e+08,77.2051,79.791,3.80317,0,0,1.90055,1.42484,0,1.46828,2.96352,9.46447e+06,4.99885e+06,1.79877e+07,0,0,0,7.47005e+07
64.7722,85.139,2.7725,0.47,0.02,2.53062,3.4478,0,0.421977,6.048,4.55416e+06,3.73987e+06,1.15249e+07,0,0,0,2.61704e+08,78.1933,79.791,4.70852,0,0,2.05302,1.5925,0,1.46836,2.96352,9.46447e+06,4.99885e+06,1.94308e+07,0,0,0,7.47005e+07
63.6087,85.139,1.69619,0.51,0.02,2.53088,3.44808,0,0.474239,6.048,4.55416e+06,3.73987e+06,1.1526e+07,0,0,0,2.61704e+08,77.7928,79.791,2.64684,0,0,2.05314,1.59263,0,1.58616,2.96352,9.46447e+06,4.99885e+06,1.94319e+07,0,0,0,7.47005e+07
62.0343,85.139,1.18171,0.54,0.02,2.53113,3.44836,0,0.474286,6.048,4.55416e+06,3.73987e+06,1.15272e+07,0,0,0,2.61704e+08,77.6757,79.791,1.971,0,0,2.05325,1.59276,0,1.58625,2.96352,9.46447e+06,4.99885e+06,1.9433e+07,0,0,0,7.47005e+07
60.8473,85.139,1.59588,0.61,0.02,2.53139,3.44864,0,0.474334,6.048,4.55416e+06,3.73987e+06,1.15283e+07,0,0,0,2.61704e+08,78.0463,79.791,3.0386,0,0,2.05337,1.59289,0,1.58634,2.96352,9.46447e+06,4.99885e+06,1.94341e+07,0,0,0,7.47005e+07
61.7251,85.139,3.52427,0.64,0.02,2.13408,3.01175,0,0.474382,6.048,4.55416e+06,3.73987e+06,9.71892e+06,0,0,0,2.61704e+08,78.3382,79.791,3.23401,0,0,1.84895,1.3681,0,1.58644,2.96352,9.46447e+06,4.99885e+06,1.74993e+07,0,0,0,7.47005e+07
63.5219,85.139,4.38192,0.66,0.02,2.1343,3.01199,0,0.399926,6.048,4.55416e+06,3.73987e+06,9.71994e+06,0,0,0,2.61704e+08,78.7702,79.791,3.84995,0,0,1.84905,1.36821,0,1.4285,2.96352,9.46447e+06,4.99885e+06,1.75003e+07,0,0,0,7.47005e+07
65.4777,85.139,4.753,0.64,0.02,2.13452,3.01223,0,0.399967,6.048,4.55416e+06,3.73987e+06,9.72095e+06,0,0,0,2.61704e+08,79.8017,79.791,5.91655,0,0,1.84915,1.36832,0,1.42858,2.96352,9.46447e+06,4.99885e+06,1.75012e+07,0,0,0,7.47005e+07
67.8252,85.139,5.08073,0.69,0.02,2.13474,3.01248,0,0.400009,6.048,4.55416e+06,3.73987e+06,9.72196e+06,0,0,0,2.61704e+08,80.6873,79.791,4.90746,0,0,1.84925,1.36843,0,1.42865,2.96352,9.46447e+06,4.99885e+06,1.75022e+07,0,0,0,7.47005e+07
69.5774,85.139,4.65244,0.71,0.02,2.13496,3.01272,0,0.400051,6.048,4.55416e+06,3.73987e+06,9.72297e+06,0,0,0,2.61704e+08,80.8192,79.791,3.55958,0,0,1.84935,1.36854,0,1.42873,2.96352,9.46447e+06,4.99885e+06,1.75031e+07,0,0,0,7.47005e+07
72.1062,85.139,5.35208,0.67,0.02,2.2353,3.12305,0,0.400092,6.048,4.55416e+06,3.73987e+06,1.01799e+07,0,0,0,2.61704e+08,80.8192,79.791,7.46054,0,0,1.89951,1.4237,0,1.42881,2.96352,9.46447e+06,4.99885e+06,1.79779e+07,0,0,0,7.47005e+07
73.077,85.139,3.753,0.7,0.02,2.23553,3.12331,0,0.418895,6.048,4.55416e+06,3.73987e+06,1.0181e+07,0,0,0,2.61704e+08,80.8192,79.791,3.65697,0,0,1.89962,1.42382,0,1.46756,2.96352,9.46447e+06,4.99885e+06,1.79789e+07,0,0,0,7.47005e+07
75.3594,85.139,5.19628,0.7,0.02,2.23576,3.12356,0,0.418938,6.048,4.55416e+06,3.73987e+06,1.0182e+07,0,0,0,2.61704e+08,80.8192,79.791,6.18517,0,0,1.89972,1.42393,0,1.46764,2.96352,9.46447e+06,4.99885e+06,1.79799e+07,0,0,0,7.47005e+07
76.4382,85.139,3.8403,0.62,0.02,2.23599,3.12381,0,0.418981,6.048,4.55416e+06,3.73987e+06,1.01831e+07,0,0,0,2.61704e+08,80.5997,79.791,3.60525,0,0,1.89983,1.42405,0,1.46772,2.96352,9.46447e+06,4.99885e+06,1.79809e+07,0,0,0,7.47005e+07
76.1732,85.139,2.3524,0.59,0.02,2.19706,3.08101,0,0.419025,6.048,4.55416e+06,3.73987e+06,1.00058e+07,0,0,0,2.61704e+08,80.4922,79.791,2.47084,0,0,1.88048,1.40278,0,1.46781,2.96352,9.46447e+06,4.99885e+06,1.77978e+07,0,0,0,7.47005e+07
75.8209,85.139,2.15684,0.55,0.02,2.19729,3.08126,0,0.41173,6.048,4.55416e+06,3.73987e+06,1.00068e+07,0,0,0,2.61704e+08,80.4878,79.791,2.21062,0,0,1.88059,1.40289,0,1.45286,2.96352,9.46447e+06,4.99885e+06,1.77988e+07,0,0,0,7.47005e+07
75.4163,85.139,2.09722,0.52,0.02,2.19752,3.08151,0,0.411772,6.048,4.55416e+06,3.73987e+06,1.00079e+07,0,0,0,2.61704e+08,80.3469,79.791,2.45364,0,0,1.88069,1.403,0,1.45294,2.96352,9.46447e+06,4.99885e+06,1.77997e+07,0,0,0,7.47005e+07
74.9508,85.139,2.02614,0.5,0.02,2.19775,3.08176,0,0.411815,6.048,4.55416e+06,3.73987e+06,1.00089e+07,0,0,0,2.61704e+08,80.0317,79.791,2.27454,0,0,1.88079,1.40312,0,1.45302,2.96352,9.46447e+06,4.99885e+06,1.78007e+07,0,0,0,7.47005e+07
74.114,85.139,1.73817,0.49,0.02,2.33093,3.22821,0,0.411858,6.048,4.55416e+06,3.73987e+06,1.06154e+07,0,0,0,2.61704e+08,79.4533,79.791,1.80151,0,0,1.94989,1.4791,0,1.4531,2.96352,9.46447e+06,4.99885e+06,1.84547e+07,0,0,0,7.47005e+07
73.122,85.139,1.52543,0.45,0.02,2.33117,3.22847,0,0.436816,6.048,4.55416e+06,3.73987e+06,1.06165e+07,0,0,0,2.61704e+08,78.9295,79.791,1.7375,0,0,1.95,1.47922,0,1.50648,2.96352,9.46447e+06,4.99885e+06,1.84557e+07,0,0,0,7.47005e+07
72.1185,85.139,1.50397,0.5,0.02,2.3314,3.22873,0,0.436861,6.048,4.55416e+06,3.73987e+06,1.06176e+07,0,0,0,2.61704e+08,78.4099,79.791,1.78538,0,0,1.95011,1.47934,0,1.50657,2.96352,9.46447e+06,4.99885e+06,1.84567e+07,0,0,0,7.47005e+07
71.0314,85.139,1.4066,0.47,0.02,2.33164,3.22899,0,0.436905,6.048,4.55416e+06,3.73987e+06,1.06187e+07,0,0,0,2.61704e+08,77.7567,79.791,1.67663,0,0,1.95022,1.47946,0,1.50665,2.96352,9.46447e+06,4.99885e+06,1.84578e+07,0,0,0,7.47005e+07
69.8769,85.139,1.32653,0.44,0.02,2.33188,3.22926,0,0.43695,6.048,4.55416e+06,3.73987e+06,1.06198e+07,0,0,0,2.61704e+08,77.0135,79.791,1.45622,0,0,1.95032,1.47958,0,1.50674,2.96352,9.46447e+06,4.99885e+06,1.84588e+07,0,0,0,7.47005e+07
68.6404,85.139,1.21378,0.4,0.02,2.30581,3.20059,0,0.436994,6.048,4.55416e+06,3.73987e+06,1.0501e+07,0,0,0,2.61704e+08,76.1066,79.791,1.38594,0,0,1.98837,1.52141,0,1.50682,2.96352,9.46447e+06,4.99885e+06,1.88189e+07,0,0,0,7.47005e+07
67.0705,85.139,1.09757,0.33,0.02,2.59605,3.20085,0,0.43211,6.048,4.55416e+06,2.70226e+06,1.18228e+07,0,0,0,2.61704e+08,75.1115,79.791,1.2462,0,0,2.12633,1.52153,0,1.53621,2.96352,9.46447e+06,3.61194e+06,2.01246e+07,0,0,0,7.47005e+07
65.7245,85.139,1.04166,0.4,0.02,2.30629,3.20111,0,0.4865,6.048,4.55416e+06,3.73987e+06,1.05032e+07,0,0,0,2.61704e+08,74.0801,79.791,1.22162,0,0,1.98859,1.52166,0,1.64281,2.96352,9.46447e+06,4.99885e+06,1.8821e+07,0,0,0,7.47005e+07
64.1062,85.139,0.932415,0.39,0.02,2.53856,3.20137,0,0.432198,6.048,4.55416e+06,3.11656e+06,1.1561e+07,0,0,0,2.61704e+08,72.9596,79.791,1.16058,0,0,2.09901,1.52178,0,1.53639,2.96352,9.46447e+06,4.16571e+06,1.9866e+07,0,0,0,7.47005e+07
62.5175,85.139,1.05242,0.31,0.02,2.67155,3.27635,0,0.475726,6.048,4.55416e+06,2.70226e+06,1.21667e+07,0,0,0,2.61704e+08,71.9865,79.791,1.29622,0,0,2.16389,1.55909,0,1.62169,2.96352,9.46447e+06,3.61194e+06,2.04801e+07,0,0,0,7.47005e+07
60.8765,85.139,0.972956,0.31,0.02,2.67182,3.27662,0,0.500649,6.048,4.55416e+06,2.70226e+06,1.21679e+07,0,0,0,2.61704e+08,70.8892,79.791,1.28718,0,0,2.16402,1.55922,0,1.67182,2.96352,9.46447e+06,3.61194e+06,2.04813e+07,0,0,0,7.47005e+07
59.1829,85.139,0.901962,0.33,0.02,2.67208,3.27688,0,0.500698,6.048,4.55416e+06,2.70226e+06,1.21691e+07,0,0,0,2.61704e+08,69.8532,79.791,1.1514,0,0,2.16415,1.55935,0,1.67192,2.96352,9.46447e+06,3.61194e+06,2.04825e+07,0,0,0,7.47005e+07
57.5288,85.139,0.91723,0.32,0.02,2.67235,3.27715,0,0.500748,6.048,4.55416e+06,2.70226e+06,1.21703e+07,0,0,0,2.61704e+08,68.7405,79.791,1.304,0,0,2.16427,1.55947,0,1.67202,2.96352,9.46447e+06,3.61194e+06,2.04837e+07,0,0,0,7.47005e+07
55.6077,85.139,0.773684,0.3,0.02,2.8915,3.4963,0,0.500798,6.048,4.55416e+06,2.70226e+06,1.31683e+07,0,0,0,2.61704e+08,67.6566,79.791,1.20711,0,0,2.29867,1.69387,0,1.67212,2.96352,9.46447e+06,3.61194e+06,2.17557e+07,0,0,0,7.47005e+07
53.7743,85.139,0.852163,0.36,0.02,2.89178,3.49658,0,0.541867,6.048,4.55416e+06,2.70226e+06,1.31696e+07,0,0,0,2.61704e+08,66.4949,79.791,1.25506,0,0,2.29881,1.69401,0,1.77595,2.96352,9.46447e+06,3.61194e+06,2.1757e+07,0,0,0,7.47005e+07
51.9429,85.139,0.824213,0.34,0.02,2.89206,3.49686,0,0.54192,6.048,4.55416e+06,2.70226e+06,1.31709e+07,0,0,0,2.61704e+08,65.1521,79.791,1.01524,0,0,2.29895,1.69415,0,1.77606,2.96352,9.46447e+06,3.61194e+06,2.17583e+07,0,0,0,7.47005e+07
49.8561,85.139,0.563818,0.33,0.02,2.89235,3.49715,0,0.541973,6.048,4.55416e+06,2.70226e+06,1.31722e+07,0,0,0,2.61704e+08,63.7241,79.791,0.862819,0,0,2.29909,1.69429,0,1.77617,2.96352,9.46447e+06,3.61194e+06,2.17596e+07,0,0,0,7.47005e+07
47.8619,85.139,0.660259,0.35,0.02,2.89263,3.49743,0,0.542026,6.048,4.55416e+06,2.70226e+06,1.31735e+07,0,0,0,2.61704e+08,62.2514,79.791,0.892041,0,0,2.29922,1.69442,0,1.77627,2.96352,9.46447e+06,3.61194e+06,2.17609e+07,0,0,0,7.47005e+07
46.1877,85.139,0.887396,0.35,0.02,2.7862,3.391,0,0.542079,6.048,4.55416e+06,2.70226e+06,1.26888e+07,0,0,0,2.61704e+08,60.891,79.791,0.903225,0,0,2.21783,1.61303,0,1.77638,2.96352,9.46447e+06,3.61194e+06,2.09906e+07,0,0,0,7.47005e+07
44.684,85.139,1.05636,0.35,0.02,2.78647,3.39127,0,0.522133,6.048,4.55416e+06,2.70226e+06,1.269e+07,0,0,0,2.61704e+08,59.8771,79.791,0.881694,0,0,2.21796,1.61316,0,1.71349,2.96352,9.46447e+06,3.61194e+06,2.09918e+07,0,0,0,7.47005e+07
43.9611,85.139,1.64376,0.41,0.02,2.47947,3.39155,0,0.522185,6.048,4.55416e+06,3.73987e+06,1.12919e+07,0,0,0,2.61704e+08,59.0173,79.791,1.53362,0,0,2.07192,1.61329,0,1.71359,2.96352,9.46447e+06,4.99885e+06,1.96096e+07,0,0,0,7.47005e+07
42.9954,85.139,1.44449,0.41,0.02,2.47972,3.39182,0,0.464652,6.048,4.55416e+06,3.73987e+06,1.1293e+07,0,0,0,2.61704e+08,58.2245,79.791,1.19869,0,0,2.07204,1.61342,0,1.60077,2.96352,9.46447e+06,4.99885e+06,1.96108e+07,0,0,0,7.47005e+07
41.7167,85.139,1.04528,0.4,0.02,2.40028,3.30447,0,0.464699,6.048,4.55416e+06,3.73987e+06,1.09313e+07,0,0,0,2.61704e+08,57.0276,79.791,1.15788,0,0,2.00465,1.53931,0,1.60086,2.96352,9.46447e+06,4.99885e+06,1.89729e+07,0,0,0,7.47005e+07
40.5338,85.139,1.12211,0.41,0.02,2.40052,3.30474,0,0.449812,6.048,4.55416e+06,3.73987e+06,1.09324e+07,0,0,0,2.61704e+08,56.4882,79.791,0.775328,0,0,2.00476,1.53944,0,1.54879,2.96352,9.46447e+06,4.99885e+06,1.8974e+07,0,0,0,7.47005e+07
40.8534,85.139,2.68213,0.42,0.02,2.40077,3.305,0,0.449858,6.048,4.55416e+06,3.73987e+06,1.09335e+07,0,0,0,2.61704e+08,56.3533,79.791,1.96336,0,0,2.00487,1.53956,0,1.54888,2.96352,9.46447e+06,4.99885e+06,1.89751e+07,0,0,0,7.47005e+07
42.1362,85.139,3.75736,0.46,0.02,2.40101,3.30527,0,0.449903,6.048,4.55416e+06,3.73987e+06,1.09346e+07,0,0,0,2.61704e+08,56.4073,79.791,3.16943,0,0,2.00499,1.53969,0,1.54897,2.96352,9.46447e+06,4.99885e+06,1.89761e+07,0,0,0,7.47005e+07
42.8518,85.139,3.03444,0.46,0.02,2.17486,3.0566,0,0.449949,6.048,4.55416e+06,3.73987e+06,9.90467e+06,0,0,0,2.61704e+08,56.4226,79.791,2.66065,0,0,1.86444,1.38514,0,1.54905,2.96352,9.46447e+06,4.99885e+06,1.7646e+07,0,0,0,7.47005e+07
43.7155,85.139,3.27804,0.48,0.02,2.17509,3.05684,0,0.407569,6.048,4.55416e+06,3.73987e+06,9.9057e+06,0,0,0,2.61704e+08,56.7111,79.791,3.31601,0,0,1.86455,1.38525,0,1.44047,2.96352,9.46447e+06,4.99885e+06,1.7647e+07,0,0,0,7.47005e+07
45.0091,85.139,3.90708,0.51,0.02,2.17531,3.05709,0,0.407611,6.048,4.55416e+06,3.73987e+06,9.90672e+06,0,0,0,2.61704e+08,56.5334,79.791,3.38189,0,0,1.86465,1.38537,0,1.44055,2.96352,9.46447e+06,4.99885e+06,1.76479e+07,0,0,0,7.47005e+07
45.533,85.139,2.9996,0.52,0.02,2.17554,3.05734,0,0.407654,6.048,4.55416e+06,3.73987e+06,9.90775e+06,0,0,0,2.61704e+08,56.0052,79.791,1.52309,0,0,1.86475,1.38548,0,1.44063,2.96352,9.46447e+06,4.99885e+06,1.76489e+07,0,0,0,7.47005e+07
46.3381,85.139,3.42166,0.5,0.02,2.17576,3.05759,0,0.407696,6.048,4.55416e+06,3.73987e+06,9.90878e+06,0,0,0,2.61704e+08,55.2973,79.791,1.8013,0,0,1.86485,1.38559,0,1.44071,2.96352,9.46447e+06,4.99885e+06,1.76499e+07,0,0,0,7.47005e+07
45.2388,85.139,1.16007,0.53,0.02,2.2631,3.15362,0,0.407738,6.048,4.55416e+06,3.73987e+06,1.03065e+07,0,0,0,2.61704e+08,54.7834,79.791,1.62541,0,0,1.9057,1.4305,0,1.44079,2.96352,9.46447e+06,4.99885e+06,1.80364e+07,0,0,0,7.47005e+07
45.1827,85.139,2.23073,0.63,0.02,2.26331,3.15385,0,0.424104,6.048,4.55416e+06,3.73987e+06,1.03075e+07,0,0,0,2.61704e+08,54.3179,79.791,1.9198,0,0,1.90579,1.43061,0,1.47234,2.96352,9.46447e+06,4.99885e+06,1.80373e+07,0,0,0,7.47005e+07
45.921,85.139,3.13603,0.65,0.02,2.26352,3.15409,0,0.424144,6.048,4.55416e+06,3.73987e+06,1.03084e+07,0,0,0,2.61704e+08,53.8252,79.791,1.86675,0,0,1.90589,1.43072,0,1.47242,2.96352,9.46447e+06,4.99885e+06,1.80382e+07,0,0,0,7.47005e+07
45.5391,85.139,2.00236,0.62,0.02,2.26373,3.15432,0,0.424184,6.048,4.55416e+06,3.73987e+06,1.03094e+07,0,0,0,2.61704e+08,53.2048,79.791,1.76721,0,0,1.90599,1.43082,0,1.47249,2.96352,9.46447e+06,4.99885e+06,1.80392e+07,0,0,0,7.47005e+07
45.0828,85.139,2.08314,0.63,0.02,2.54376,3.46224,0,0.424224,6.048,4.55416e+06,3.73987e+06,1.15847e+07,0,0,0,2.61704e+08,52.6178,79.791,1.5377,0,0,2.05909,1.59917,0,1.47257,2.96352,9.46447e+06,4.99885e+06,1.94882e+07,0,0,0,7.47005e+07
44.6727,85.139,2.12188,0.72,0.02,2.54399,3.4625,0,0.4767,6.048,4.55416e+06,3.73987e+06,1.15857e+07,0,0,0,2.61704e+08,51.8521,79.791,1.68967,0,0,2.05919,1.59929,0,1.59085,2.96352,9.46447e+06,4.99885e+06,1.94892e+07,0,0,0,7.47005e+07
44.713,85.139,2.59794,0.76,0.02,2.54422,3.46275,0,0.476744,6.048,4.55416e+06,3.73987e+06,1.15868e+07,0,0,0,2.61704e+08,51.0973,79.791,1.74105,0,0,2.0593,1.59941,0,1.59093,2.96352,9.46447e+06,4.99885e+06,1.94902e+07,0,0,0,7.47005e+07
44.9231,85.139,2.77238,0.78,0.02,2.54446,3.46301,0,0.476787,6.048,4.55416e+06,3.73987e+06,1.15879e+07,0,0,0,2.61704e+08,50.3317,79.791,1.69428,0,0,2.05941,1.59953,0,1.59102,2.96352,9.46447e+06,4.99885e+06,1.94912e+07,0,0,0,7.47005e+07
44.707,85.139,1.97371,0.8,0.02,2.14547,3.02428,0,0.476831,6.048,4.55416e+06,3.73987e+06,9.77082e+06,0,0,0,2.61704e+08,49.731,79.791,1.61169,0,0,1.85412,1.37379,0,1.5911,2.96352,9.46447e+06,4.99885e+06,1.75483e+07,0,0,0,7.47005e+07
45.0031,85.139,2.55644,0.82,0.02,2.14567,3.0245,0,0.402061,6.048,4.55416e+06,3.73987e+06,9.77175e+06,0,0,0,2.61704e+08,49.6559,79.791,1.5577,0,0,1.85422,1.37389,0,1.4325,2.96352,9.46447e+06,4.99885e+06,1.75492e+07,0,0,0,7.47005e+07
45.8467,85.139,3.07924,0.84,0.02,2.14588,3.02472,0,0.402099,6.048,4.55416e+06,3.73987e+06,9.77267e+06,0,0,0,2.61704e+08,49.304,79.791,2.58592,0,0,1.85431,1.374,0,1.43257,2.96352,9.46447e+06,4.99885e+06,1.75501e+07,0,0,0,7.47005e+07
45.8749,85.139,2.2989,0.82,0.02,2.14608,3.02495,0,0.402138,6.048,4.55416e+06,3.73987e+06,9.7736e+06,0,0,0,2.61704e+08,49.1411,79.791,1.62271,0,0,1.8544,1.3741,0,1.43264,2.96352,9.46447e+06,4.99885e+06,1.75509e+07,0,0,0,7.47005e+07
46.1995,85.139,2.64591,0.85,0.02,2.14629,3.02517,0,0.402176,6.048,4.55416e+06,3.73987e+06,9.77453e+06,0,0,0,2.61704e+08,49.061,79.791,2.29827,0,0,1.85449,1.3742,0,1.43271,2.96352,9.46447e+06,4.99885e+06,1.75518e+07,0,0,0,7.47005e+07
46.7728,85.139,2.97718,0.88,0.02,2.24702,3.13594,0,0.402214,6.048,4.55416e+06,3.73987e+06,1.02333e+07,0,0,0,2.61704e+08,48.8065,79.791,2.11776,0,0,1.90485,1.42957,0,1.43278,2.96352,9.46447e+06,4.99885e+06,1.80284e+07,0,0,0,7.47005e+07
46.9368,85.139,2.56015,0.89,0.02,2.24723,3.13617,0,0.421091,6.048,4.55416e+06,3.73987e+06,1.02342e+07,0,0,0,2.61704e+08,48.4163,79.791,1.8969,0,0,1.90495,1.42968,0,1.47169,2.96352,9.46447e+06,4.99885e+06,1.80293e+07,0,0,0,7.47005e+07
47.3025,85.139,2.73377,0.9,0.02,2.24744,3.1364,0,0.42113,6.048,4.55416e+06,3.73987e+06,1.02352e+07,0,0,0,2.61704e+08,47.9836,79.791,1.83117,0,0,1.90504,1.42979,0,1.47176,2.96352,9.46447e+06,4.99885e+06,1.80302e+07,0,0,0,7.47005e+07
47.0985,85.139,2.12881,0.9,0.02,2.24765,3.13663,0,0.42117,6.048,4.55416e+06,3.73987e+06,1.02362e+07,0,0,0,2.61704e+08,47.5907,79.791,1.62124,0,0,1.90514,1.42989,0,1.47184,2.96352,9.46447e+06,4.99885e+06,1.80312e+07,0,0,0,7.47005e+07
46.7805,85.139,1.96876,0.92,0.02,2.20854,3.09363,0,0.42121,6.048,4.55416e+06,3.73987e+06,1.00581e+07,0,0,0,2.61704e+08,47.0886,79.791,1.70888,0,0,1.88571,1.40852,0,1.47191,2.96352,9.46447e+06,4.99885e+06,1.78472e+07,0,0,0,7.47005e+07
46.3808,85.139,1.80523,0.92,0.02,2.20875,3.09386,0,0.413881,6.048,4.55416e+06,3.73987e+06,1.0059e+07,0,0,0,2.61704e+08,46.739,79.791,1.53768,0,0,1.8858,1.40863,0,1.4569,2.96352,9.46447e+06,4.99885e+06,1.78481e+07,0,0,0,7.47005e+07
45.9407,85.139,1.75548,0.92,0.02,2.20896,3.09409,0,0.41392,6.048,4.55416e+06,3.73987e+06,1.006e+07,0,0,0,2.61704e+08,46.2288,79.791,1.70902,0,0,1.8859,1.40873,0,1.45697,2.96352,9.46447e+06,4.99885e+06,1.7849e+07,0,0,0,7.47005e+07
45.4533,85.139,1.69647,0.9,0.02,2.20917,3.09432,0,0.413959,6.048,4.55416e+06,3.73987e+06,1.00609e+07,0,0,0,2.61704e+08,45.838,79.791,1.56802,0,0,1.88599,1.40884,0,1.45705,2.96352,9.46447e+06,4.99885e+06,1.78499e+07,0,0,0,7.47005e+07
44.7104,85.139,1.52639,0.91,0.02,2.34287,3.24135,0,0.413998,6.048,4.55416e+06,3.73987e+06,1.06698e+07,0,0,0,2.61704e+08,45.3108,79.791,1.60897,0,0,1.95536,1.48512,0,1.45712,2.96352,9.46447e+06,4.99885e+06,1.85065e+07,0,0,0,7.47005e+07
43.8933,85.139,1.43129,0.97,0.02,2.34309,3.24159,0,0.439054,6.048,4.55416e+06,3.73987e+06,1.06708e+07,0,0,0,2.61704e+08,44.8529,79.791,1.53341,0,0,1.95546,1.48523,0,1.51071,2.96352,9.46447e+06,4.99885e+06,1.85074e+07,0,0,0,7.47005e+07
42.9612,85.139,1.27335,0.97,0.02,2.34331,3.24183,0,0.439095,6.048,4.55416e+06,3.73987e+06,1.06718e+07,0,0,0,2.61704e+08,44.2853,79.791,1.46615,0,0,1.95556,1.48534,0,1.51079,2.96352,9.46447e+06,4.99885e+06,1.85084e+07,0,0,0,7.47005e+07
41.9957,85.139,1.20605,0.95,0.02,2.34353,3.24207,0,0.439136,6.048,4.55416e+06,3.73987e+06,1.06728e+07,0,0,0,2.61704e+08,43.6628,79.791,1.39282,0,0,1.95566,1.48545,0,1.51087,2.96352,9.46447e+06,4.99885e+06,1.85093e+07,0,0,0,7.47005e+07
41.0358,85.139,1.18737,0.94,0.02,2.34375,3.24231,0,0.439177,6.048,4.55416e+06,3.73987e+06,1.06738e+07,0,0,0,2.61704e+08,43.08,79.791,1.3413,0,0,1.95576,1.48556,0,1.51094,2.96352,9.46447e+06,4.99885e+06,1.85103e+07,0,0,0,7.47005e+07
40.0516,85.139,1.11674,0.94,0.02,2.31756,3.2135,0,0.439218,6.048,4.55416e+06,3.73987e+06,1.05545e+07,0,0,0,2.61704e+08,42.4581,79.791,1.36024,0,0,1.99395,1.52755,0,1.51102,2.96352,9.46447e+06,4.99885e+06,1.88717e+07,0,0,0,7.47005e+07
38.9826,85.139,1.0082,0.91,0.02,2.31777,3.21374,0,0.43431,6.048,4.55416e+06,3.73987e+06,1.05555e+07,0,0,0,2.61704e+08,41.8305,79.791,1.22295,0,0,1.99405,1.52766,0,1.54053,2.96352,9.46447e+06,4.99885e+06,1.88727e+07,0,0,0,7.47005e+07
37.9082,85.139,0.960676,0.95,0.02,2.31799,3.21398,0,0.43435,6.048,4.55416e+06,3.73987e+06,1.05565e+07,0,0,0,2.61704e+08,41.1421,79.791,1.18519,0,0,1.99416,1.52777,0,1.5406,2.96352,9.46447e+06,4.99885e+06,1.88736e+07,0,0,0,7.47005e+07
36.7637,85.139,0.857268,0.95,0.02,2.3182,3.21422,0,0.434391,6.048,4.55416e+06,3.73987e+06,1.05575e+07,0,0,0,2.61704e+08,40.4171,79.791,1.14254,0,0,1.99426,1.52789,0,1.54068,2.96352,9.46447e+06,4.99885e+06,1.88746e+07,0,0,0,7.47005e+07
35.6261,85.139,0.873833,0.93,0.02,2.38664,3.28948,0,0.434431,6.048,4.55416e+06,3.73987e+06,1.08692e+07,0,0,0,2.61704e+08,39.8716,79.791,1.15281,0,0,2.02832,1.56534,0,1.54076,2.96352,9.46447e+06,4.99885e+06,1.91969e+07,0,0,0,7.47005e+07
34.5683,85.139,0.936623,0.9,0.02,2.38686,3.28972,0,0.447257,6.048,4.55416e+06,3.73987e+06,1.08702e+07,0,0,0,2.61704e+08,39.3314,79.791,1.34263,0,0,2.02842,1.56545,0,1.56708,2.96352,9.46447e+06,4.99885e+06,1.91979e+07,0,0,0,7.47005e+07
33.4783,85.139,0.865003,0.85,0.02,2.38709,3.28996,0,0.447298,6.048,4.55416e+06,3.73987e+06,1.08712e+07,0,0,0,2.61704e+08,38.6182,79.791,1.27154,0,0,2.02853,1.56557,0,1.56716,2.96352,9.46447e+06,4.99885e+06,1.91989e+07,0,0,0,7.47005e+07
32.3438,85.139,0.78726,0.93,0.02,2.38731,3.29021,0,0.44734,6.048,4.55416e+06,3.73987e+06,1.08722e+07,0,0,0,2.61704e+08,37.9852,79.791,1.11789,0,0,2.02863,1.56569,0,1.56724,2.96352,9.46447e+06,4.99885e+06,1.91999e+07,0,0,0,7.47005e+07
31.1603,85.139,0.821705,0.88,0.02,2.58737,3.5102,0,0.447381,6.048,4.55416e+06,3.73987e+06,1.17833e+07,0,0,0,2.61704e+08,37.1702,79.791,1.17042,0,0,2.15133,1.70061,0,1.56732,2.96352,9.46447e+06,4.99885e+06,2.03612e+07,0,0,0,7.47005e+07
30.0413,85.139,0.84833,0.82,0.02,2.58761,3.51046,0,0.484874,6.048,4.55416e+06,3.73987e+06,1.17844e+07,0,0,0,2.61704e+08,36.3427,79.791,1.00459,0,0,2.15145,1.70074,0,1.66212,2.96352,9.46447e+06,4.99885e+06,2.03623e+07,0,0,0,7.47005e+07
28.8039,85.139,0.697714,0.75,0.02,2.58785,3.51072,0,0.484918,6.048,4.55416e+06,3.73987e+06,1.17855e+07,0,0,0,2.61704e+08,35.7225,79.791,0.80181,0,0,2.15156,1.70086,0,1.66221,2.96352,9.46447e+06,4.99885e+06,2.03634e+07,0,0,0,7.47005e+07
27.7334,85.139,0.808799,0.69,0.02,2.58808,3.51098,0,0.484962,6.048,4.55416e+06,3.73987e+06,1.17865e+07,0,0,0,2.61704e+08,35.1939,79.791,1.20397,0,0,2.15168,1.70099,0,1.6623,2.96352,9.46447e+06,4.99885e+06,2.03645e+07,0,0,0,7.47005e+07
27.1109,85.139,1.23727,0.79,0.02,2.58832,3.51124,0,0.485007,6.048,4.55416e+06,3.73987e+06,1.17876e+07,0,0,0,2.61704e+08,35.0264,79.791,1.39191,0,0,2.15179,1.70111,0,1.66238,2.96352,9.46447e+06,4.99885e+06,2.03656e+07,0,0,0,7.47005e+07
26.6604,85.139,1.41264,0.75,0.02,2.49112,3.40436,0,0.485051,6.048,4.55416e+06,3.73987e+06,1.1345e+07,0,0,0,2.61704e+08,35.3876,79.791,1.87688,0,0,2.07747,1.61939,0,1.66247,2.96352,9.46447e+06,4.99885e+06,1.96621e+07,0,0,0,7.47005e+07
27.4832,85.139,2.67687,0.7,0.02,2.49135,3.40462,0,0.466836,6.048,4.55416e+06,3.73987e+06,1.1346e+07,0,0,0,2.61704e+08,35.8384,79.791,3.36347,0,0,2.07758,1.61951,0,1.60505,2.96352,9.46447e+06,4.99885e+06,1.96632e+07,0,0,0,7.47005e+07
26.8846,85.139,1.26929,0.7,0.02,2.49158,3.40487,0,0.466879,6.048,4.55416e+06,3.73987e+06,1.13471e+07,0,0,0,2.61704e+08,35.794,79.791,1.88752,0,0,2.07769,1.61963,0,1.60514,2.96352,9.46447e+06,4.99885e+06,1.96642e+07,0,0,0,7.47005e+07
26.461,85.139,1.39065,0.65,0.02,2.49181,3.40512,0,0.466922,6.048,4.55416e+06,3.73987e+06,1.13481e+07,0,0,0,2.61704e+08,36.2606,79.791,1.98427,0,0,2.07779,1.61975,0,1.60522,2.96352,9.46447e+06,4.99885e+06,1.96652e+07,0,0,0,7.47005e+07
27.0072,85.139,2.50808,0.65,0.02,2.41204,3.3174,0,0.466965,6.048,4.55416e+06,3.73987e+06,1.09848e+07,0,0,0,2.61704e+08,36.9804,79.791,3.34609,0,0,2.01013,1.54534,0,1.6053,2.96352,9.46447e+06,4.99885e+06,1.90248e+07,0,0,0,7.47005e+07
28.5336,85.139,3.53296,0.64,0.02,2.41226,3.31765,0,0.452017,6.048,4.55416e+06,3.73987e+06,1.09858e+07,0,0,0,2.61704e+08,37.6489,79.791,3.62755,0,0,2.01023,1.54545,0,1.55302,2.96352,9.46447e+06,4.99885e+06,1.90258e+07,0,0,0,7.47005e+07
29.9975,85.139,3.5414,0.56,0.02,2.41249,3.31789,0,0.452058,6.048,4.55416e+06,3.73987e+06,1.09869e+07,0,0,0,2.61704e+08,38.3198,79.791,3.74907,0,0,2.01033,1.54557,0,1.5531,2.96352,9.46447e+06,4.99885e+06,1.90268e+07,0,0,0,7.47005e+07
31.7084,85.139,3.85503,0.56,0.02,2.41271,3.31814,0,0.4521,6.048,4.55416e+06,3.73987e+06,1.09879e+07,0,0,0,2.61704e+08,39.9815,79.791,5.46148,0,0,2.01044,1.54568,0,1.55318,2.96352,9.46447e+06,4.99885e+06,1.90277e+07,0,0,0,7.47005e+07
32.5306,85.139,2.89914,0.58,0.02,2.18566,3.06847,0,0.452142,6.048,4.55416e+06,3.73987e+06,9.95387e+06,0,0,0,2.61704e+08,40.9188,79.791,4.10992,0,0,1.86934,1.39052,0,1.55326,2.96352,9.46447e+06,4.99885e+06,1.76923e+07,0,0,0,7.47005e+07
34.5048,85.139,4.12161,0.6,0.02,2.18587,3.0687,0,0.409594,6.048,4.55416e+06,3.73987e+06,9.95481e+06,0,0,0,2.61704e+08,42.3613,79.791,4.42771,0,0,1.86943,1.39063,0,1.44425,2.96352,9.46447e+06,4.99885e+06,1.76932e+07,0,0,0,7.47005e+07
37.5897,85.139,5.40264,0.57,0.02,2.18608,3.06893,0,0.409632,6.048,4.55416e+06,3.73987e+06,9.95575e+06,0,0,0,2.61704e+08,44.2257,79.791,5.24647,0,0,1.86953,1.39073,0,1.44432,2.96352,9.46447e+06,4.99885e+06,1.76941e+07,0,0,0,7.47005e+07
40.1114,85.139,4.94312,0.59,0.02,2.18628,3.06916,0,0.409671,6.048,4.55416e+06,3.73987e+06,9.95669e+06,0,0,0,2.61704e+08,48.6836,79.791,9.49942,0,0,1.86962,1.39083,0,1.4444,2.96352,9.46447e+06,4.99885e+06,1.7695e+07,0,0,0,7.47005e+07
41.6989,85.139,3.8489,0.55,0.02,2.18649,3.06938,0,0.40971,6.048,4.55416e+06,3.73987e+06,9.95763e+06,0,0,0,2.61704e+08,49.8876,79.791,4.44232,0,0,1.86971,1.39094,0,1.44447,2.96352,9.46447e+06,4.99885e+06,1.76959e+07,0,0,0,7.47005e+07
40.8603,85.139,1.37113,0.59,0.02,2.27414,3.16576,0,0.409748,6.048,4.55416e+06,3.73987e+06,1.03568e+07,0,0,0,2.61704e+08,50.0288,79.791,2.37355,0,0,1.91071,1.43601,0,1.44454,2.96352,9.46447e+06,4.99885e+06,1.80838e+07,0,0,0,7.47005e+07
41.2392,85.139,2.63152,0.63,0.02,2.27433,3.16598,0,0.426174,6.048,4.55416e+06,3.73987e+06,1.03577e+07,0,0,0,2.61704e+08,50.224,79.791,2.79547,0,0,1.9108,1.43611,0,1.47621,2.96352,9.46447e+06,4.99885e+06,1.80847e+07,0,0,0,7.47005e+07
42.5487,85.139,3.70208,0.65,0.02,2.27453,3.16619,0,0.42621,6.048,4.55416e+06,3.73987e+06,1.03586e+07,0,0,0,2.61704e+08,50.3727,79.791,2.71706,0,0,1.91088,1.43621,0,1.47628,2.96352,9.46447e+06,4.99885e+06,1.80855e+07,0,0,0,7.47005e+07
42.5389,85.139,2.36833,0.67,0.02,2.27472,3.1664,0,0.426246,6.048,4.55416e+06,3.73987e+06,1.03594e+07,0,0,0,2.61704e+08,50.5731,79.791,2.57793,0,0,1.91097,1.4363,0,1.47635,2.96352,9.46447e+06,4.99885e+06,1.80863e+07,0,0,0,7.47005e+07
43.1834,85.139,3.23049,0.69,0.02,2.5558,3.47548,0,0.426283,6.048,4.55416e+06,3.73987e+06,1.16395e+07,0,0,0,2.61704e+08,51.1536,79.791,4.98361,0,0,2.06465,1.60529,0,1.47642,2.96352,9.46447e+06,4.99885e+06,1.95408e+07,0,0,0,7.47005e+07
43.9823,85.139,3.39203,0.71,0.02,2.55601,3.47571,0,0.478956,6.048,4.55416e+06,3.73987e+06,1.16405e+07,0,0,0,2.61704e+08,51.5909,79.791,5.37875,0,0,2.06475,1.6054,0,1.59515,2.96352,9.46447e+06,4.99885e+06,1.95417e+07,0,0,0,7.47005e+07
44.4364,85.139,3.09348,0.75,0.02,2.55622,3.47595,0,0.478996,6.048,4.55416e+06,3.73987e+06,1.16414e+07,0,0,0,2.61704e+08,51.6946,79.791,3.43685,0,0,2.06484,1.6055,0,1.59522,2.96352,9.46447e+06,4.99885e+06,1.95427e+07,0,0,0,7.47005e+07
45.3078,85.139,3.53285,0.77,0.02,2.55643,3.47618,0,0.479036,6.048,4.55416e+06,3.73987e+06,1.16424e+07,0,0,0,2.61704e+08,51.8968,79.791,4.00077,0,0,2.06494,1.60561,0,1.5953,2.96352,9.46447e+06,4.99885e+06,1.95436e+07,0,0,0,7.47005e+07
46.5748,85.139,3.72464,0.8,0.02,2.15591,3.03576,0,0.479075,6.048,4.55416e+06,3.73987e+06,9.81837e+06,0,0,0,2.61704e+08,52.12,79.791,3.91164,0,0,1.85887,1.37901,0,1.59537,2.96352,9.46447e+06,4.99885e+06,1.75932e+07,0,0,0,7.47005e+07
47.2744,85.139,3.21152,0.78,0.02,2.1561,3.03596,0,0.404018,6.048,4.55416e+06,3.73987e+06,9.81921e+06,0,0,0,2.61704e+08,52.306,79.791,3.73225,0,0,1.85895,1.3791,0,1.43616,2.96352,9.46447e+06,4.99885e+06,1.7594e+07,0,0,0,7.47005e+07
47.9605,85.139,3.20374,0.8,0.02,2.15628,3.03616,0,0.404053,6.048,4.55416e+06,3.73987e+06,9.82006e+06,0,0,0,2.61704e+08,52.4728,79.791,3.73112,0,0,1.85904,1.37919,0,1.43623,2.96352,9.46447e+06,4.99885e+06,1.75948e+07,0,0,0,7.47005e+07
49.6344,85.139,4.21454,0.82,0.02,2.15647,3.03637,0,0.404087,6.048,4.55416e+06,3.73987e+06,9.8209e+06,0,0,0,2.61704e+08,53.4545,79.791,5.91597,0,0,1.85912,1.37929,0,1.43629,2.96352,9.46447e+06,4.99885e+06,1.75956e+07,0,0,0,7.47005e+07
52.7066,85.139,5.66898,0.85,0.02,2.15665,3.03657,0,0.404122,6.048,4.55416e+06,3.73987e+06,9.82175e+06,0,0,0,2.61704e+08,55.4033,79.791,8.39231,0,0,1.8592,1.37938,0,1.43636,2.96352,9.46447e+06,4.99885e+06,1.75964e+07,0,0,0,7.47005e+07
55.642,85.139,5.67548,0.85,0.02,2.25774,3.14773,0,0.404157,6.048,4.55416e+06,3.73987e+06,1.02821e+07,0,0,0,2.61704e+08,56.8856,79.791,7.92494,0,0,1.90974,1.43495,0,1.43642,2.96352,9.46447e+06,4.99885e+06,1.80747e+07,0,0,0,7.47005e+07
57.7826,85.139,5.08631,0.86,0.02,2.25794,3.14795,0,0.423101,6.048,4.55416e+06,3.73987e+06,1.0283e+07,0,0,0,2.61704e+08,57.6887,79.791,5.75651,0,0,1.90983,1.43505,0,1.47547,2.96352,9.46447e+06,4.99885e+06,1.80755e+07,0,0,0,7.47005e+07
58.8216,85.139,3.73234,0.82,0.02,2.25813,3.14816,0,0.423137,6.048,4.55416e+06,3.73987e+06,1.02839e+07,0,0,0,2.61704e+08,58.305,79.791,4.91077,0,0,1.90992,1.43515,0,1.47554,2.96352,9.46447e+06,4.99885e+06,1.80764e+07,0,0,0,7.47005e+07
59.9823,85.139,3.87408,0.82,0.02,2.25832,3.14837,0,0.423173,6.048,4.55416e+06,3.73987e+06,1.02848e+07,0,0,0,2.61704e+08,59.0516,79.791,5.51573,0,0,1.91001,1.43524,0,1.4756,2.96352,9.46447e+06,4.99885e+06,1.80772e+07,0,0,0,7.47005e+07
60.3037,85.139,2.84198,0.83,0.02,2.21905,3.10519,0,0.423209,6.048,4.55416e+06,3.73987e+06,1.01059e+07,0,0,0,2.61704e+08,59.15,79.791,3.69,0,0,1.89049,1.41378,0,1.47567,2.96352,9.46447e+06,4.99885e+06,1.78925e+07,0,0,0,7.47005e+07
60.3696,85.139,2.56973,0.82,0.02,2.21924,3.10539,0,0.41585,6.048,4.55416e+06,3.73987e+06,1.01068e+07,0,0,0,2.61704e+08,59.1647,79.791,3.20239,0,0,1.89058,1.41388,0,1.46059,2.96352,9.46447e+06,4.99885e+06,1.78933e+07,0,0,0,7.47005e+07
60.8452,85.139,2.99116,0.82,0.02,2.21943,3.1056,0,0.415886,6.048,4.55416e+06,3.73987e+06,1.01076e+07,0,0,0,2.61704e+08,59.1231,79.791,3.21812,0,0,1.89067,1.41397,0,1.46066,2.96352,9.46447e+06,4.99885e+06,1.78942e+07,0,0,0,7.47005e+07
60.8068,85.139,2.38439,0.82,0.02,2.21962,3.10581,0,0.415921,6.048,4.55416e+06,3.73987e+06,1.01085e+07,0,0,0,2.61704e+08,59.0459,79.791,3.13543,0,0,1.89075,1.41407,0,1.46073,2.96352,9.46447e+06,4.99885e+06,1.7895e+07,0,0,0,7.47005e+07
60.4996,85.139,2.1883,0.82,0.02,2.3538,3.25336,0,0.415957,6.048,4.55416e+06,3.73987e+06,1.07196e+07,0,0,0,2.61704e+08,58.9245,79.791,2.84406,0,0,1.96037,1.49062,0,1.46079,2.96352,9.46447e+06,4.99885e+06,1.85539e+07,0,0,0,7.47005e+07
59.9746,85.139,1.96608,0.78,0.02,2.354,3.25358,0,0.441102,6.048,4.55416e+06,3.73987e+06,1.07205e+07,0,0,0,2.61704e+08,58.765,79.791,2.79941,0,0,1.96046,1.49072,0,1.51458,2.96352,9.46447e+06,4.99885e+06,1.85547e+07,0,0,0,7.47005e+07
59.3589,85.139,1.84471,0.74,0.02,2.3542,3.2538,0,0.441139,6.048,4.55416e+06,3.73987e+06,1.07214e+07,0,0,0,2.61704e+08,58.6309,79.791,2.83477,0,0,1.96055,1.49082,0,1.51465,2.96352,9.46447e+06,4.99885e+06,1.85556e+07,0,0,0,7.47005e+07
58.683,85.139,1.76973,0.72,0.02,2.3544,3.25402,0,0.441177,6.048,4.55416e+06,3.73987e+06,1.07223e+07,0,0,0,2.61704e+08,58.5107,79.791,2.7499,0,0,1.96064,1.49092,0,1.51472,2.96352,9.46447e+06,4.99885e+06,1.85564e+07,0,0,0,7.47005e+07
57.9898,85.139,1.73562,0.65,0.02,2.3546,3.25424,0,0.441214,6.048,4.55416e+06,3.73987e+06,1.07232e+07,0,0,0,2.61704e+08,58.1736,79.791,2.37496,0,0,1.96073,1.49102,0,1.51479,2.96352,9.46447e+06,4.99885e+06,1.85573e+07,0,0,0,7.47005e+07
57.3969,85.139,1.79859,0.59,0.02,2.32829,3.22531,0,0.441251,6.048,4.55416e+06,3.73987e+06,1.06034e+07,0,0,0,2.61704e+08,57.6407,79.791,1.8726,0,0,1.99905,1.53316,0,1.51486,2.96352,9.46447e+06,4.99885e+06,1.892e+07,0,0,0,7.47005e+07
56.6665,85.139,1.64739,0.57,0.02,2.32848,3.22552,0,0.436321,6.048,4.55416e+06,3.73987e+06,1.06043e+07,0,0,0,2.61704e+08,57.1187,79.791,1.65787,0,0,1.99915,1.53326,0,1.54447,2.96352,9.46447e+06,4.99885e+06,1.89209e+07,0,0,0,7.47005e+07
55.8355,85.139,1.51175,0.61,0.02,2.32868,3.22574,0,0.436358,6.048,4.55416e+06,3.73987e+06,1.06052e+07,0,0,0,2.61704e+08,56.5128,79.791,1.62535,0,0,1.99924,1.53336,0,1.54454,2.96352,9.46447e+06,4.99885e+06,1.89217e+07,0,0,0,7.47005e+07
54.9365,85.139,1.41303,0.58,0.02,2.32888,3.22596,0,0.436395,6.048,4.55416e+06,3.73987e+06,1.06061e+07,0,0,0,2.61704e+08,55.7627,79.791,1.56582,0,0,1.99933,1.53347,0,1.54461,2.96352,9.46447e+06,4.99885e+06,1.89226e+07,0,0,0,7.47005e+07
53.9015,85.139,1.3168,0.55,0.02,2.39755,3.30147,0,0.436432,6.048,4.55416e+06,3.73987e+06,1.09188e+07,0,0,0,2.61704e+08,55.023,79.791,1.39921,0,0,2.0335,1.57104,0,1.54468,2.96352,9.46447e+06,4.99885e+06,1.92461e+07,0,0,0,7.47005e+07
52.8265,85.139,1.26245,0.5,0.02,2.39775,3.30169,0,0.4493,6.048,4.55416e+06,3.73987e+06,1.09197e+07,0,0,0,2.61704e+08,54.2226,79.791,1.39453,0,0,2.0336,1.57115,0,1.57109,2.96352,9.46447e+06,4.99885e+06,1.9247e+07,0,0,0,7.47005e+07
51.6887,85.139,1.17823,0.45,0.02,2.39795,3.30191,0,0.449338,6.048,4.55416e+06,3.73987e+06,1.09207e+07,0,0,0,2.61704e+08,53.3331,79.791,1.3166,0,0,2.0337,1.57126,0,1.57116,2.96352,9.46447e+06,4.99885e+06,1.92479e+07,0,0,0,7.47005e+07
50.4747,85.139,1.08136,0.43,0.02,2.39815,3.30213,0,0.449376,6.048,4.55416e+06,3.73987e+06,1.09216e+07,0,0,0,2.61704e+08,52.6116,79.791,1.23784,0,0,2.03379,1.57136,0,1.57123,2.96352,9.46447e+06,4.99885e+06,1.92488e+07,0,0,0,7.47005e+07
49.1638,85.139,1.11241,0.49,0.02,2.59892,3.5229,0,0.449414,6.048,4.55416e+06,3.73987e+06,1.18359e+07,0,0,0,2.61704e+08,51.5854,79.791,1.44899,0,0,2.15693,1.70676,0,1.57131,2.96352,9.46447e+06,4.99885e+06,2.04142e+07,0,0,0,7.47005e+07
47.5562,85.139,0.79167,0.41,0.02,2.59914,3.52314,0,0.487038,6.048,4.55416e+06,3.73987e+06,1.18369e+07,0,0,0,2.61704e+08,50.5725,79.791,1.09839,0,0,2.15703,1.70688,0,1.66644,2.96352,9.46447e+06,4.99885e+06,2.04152e+07,0,0,0,7.47005e+07
45.9571,85.139,0.770203,0.4,0.02,2.59935,3.52338,0,0.487078,6.048,4.55416e+06,3.73987e+06,1.18379e+07,0,0,0,2.61704e+08,49.6797,79.791,1.03838,0,0,2.15714,1.70699,0,1.66652,2.96352,9.46447e+06,4.99885e+06,2.04162e+07,0,0,0,7.47005e+07
44.4726,85.139,1.09872,0.38,0.02,2.91881,3.52361,0,0.487119,6.048,4.55416e+06,2.70226e+06,1.32927e+07,0,0,0,2.61704e+08,48.9401,79.791,1.20944,0,0,2.31191,1.70711,0,1.6666,2.96352,9.46447e+06,3.61194e+06,2.1881e+07,0,0,0,7.47005e+07
43.6191,85.139,1.54207,0.4,0.02,2.59978,3.52385,0,0.546986,6.048,4.55416e+06,3.73987e+06,1.18398e+07,0,0,0,2.61704e+08,48.5853,79.791,1.62831,0,0,2.15734,1.70722,0,1.78618,2.96352,9.46447e+06,4.99885e+06,2.04181e+07,0,0,0,7.47005e+07
43.0473,85.139,1.73167,0.4,0.02,2.50222,3.41656,0,0.487199,6.048,4.55416e+06,3.73987e+06,1.13955e+07,0,0,0,2.61704e+08,48.5386,79.791,3.23857,0,0,2.08274,1.62519,0,1.66676,2.96352,9.46447e+06,4.99885e+06,1.97121e+07,0,0,0,7.47005e+07
42.6843,85.139,1.95169,0.41,0.02,2.50243,3.41679,0,0.468915,6.048,4.55416e+06,3.73987e+06,1.13964e+07,0,0,0,2.61704e+08,48.4979,79.791,3.07453,0,0,2.08284,1.6253,0,1.60913,2.96352,9.46447e+06,4.99885e+06,1.9713e+07,0,0,0,7.47005e+07
43.182,85.139,3.04475,0.39,0.02,2.75031,3.41702,0,0.468955,6.048,4.55416e+06,3.11656e+06,1.25253e+07,0,0,0,2.61704e+08,48.9899,79.791,5.25092,0,0,2.20075,1.62541,0,1.6092,2.96352,9.46447e+06,4.16571e+06,2.0829e+07,0,0,0,7.47005e+07
43.613,85.139,2.95326,0.41,0.02,2.50284,3.41725,0,0.515407,6.048,4.55416e+06,3.73987e+06,1.13984e+07,0,0,0,2.61704e+08,49.3855,79.791,4.76973,0,0,2.08304,1.62552,0,1.7003,2.96352,9.46447e+06,4.99885e+06,1.97149e+07,0,0,0,7.47005e+07
44.3867,85.139,3.3312,0.42,0.02,2.42277,3.3292,0,0.469033,6.048,4.55416e+06,3.73987e+06,1.10337e+07,0,0,0,2.61704e+08,50.4865,79.791,6.57182,0,0,2.01512,1.55083,0,1.60936,2.96352,9.46447e+06,4.99885e+06,1.90721e+07,0,0,0,7.47005e+07
45.8282,85.139,3.89746,0.42,0.02,2.42297,3.32942,0,0.454027,6.048,4.55416e+06,3.73987e+06,1.10346e+07,0,0,0,2.61704e+08,51.7894,79.791,6.78175,0,0,2.01522,1.55094,0,1.55688,2.96352,9.46447e+06,4.99885e+06,1.9073e+07,0,0,0,7.47005e+07
47.5043,85.139,4.39707,0.38,0.02,2.72485,3.32965,0,0.454065,6.048,4.55416e+06,2.70226e+06,1.24094e+07,0,0,0,2.61704e+08,52.9736,79.791,6.13163,0,0,2.15584,1.55104,0,1.55696,2.96352,9.46447e+06,3.61194e+06,2.04039e+07,0,0,0,7.47005e+07
48.1783,85.139,3.45301,0.39,0.02,2.66473,3.32987,0,0.510636,6.048,4.55416e+06,3.11656e+06,1.21356e+07,0,0,0,2.61704e+08,53.8538,79.791,5.24712,0,0,2.12784,1.55114,0,1.6656,2.96352,9.46447e+06,4.16571e+06,2.01389e+07,0,0,0,7.47005e+07
51.0611,85.139,5.42506,0.42,0.02,2.19551,3.0793,0,0.499371,6.048,4.55416e+06,3.73987e+06,9.99871e+06,0,0,0,2.61704e+08,56.8096,79.791,9.49346,0,0,1.8738,1.39543,0,1.64397,2.96352,9.46447e+06,4.99885e+06,1.77345e+07,0,0,0,7.47005e+07
54.9997,85.139,6.54972,0.44,0.02,2.1957,3.07951,0,0.411439,6.048,4.55416e+06,3.73987e+06,9.99957e+06,0,0,0,2.61704e+08,62.1346,79.791,12.4248,0,0,1.87389,1.39552,0,1.4477,2.96352,9.46447e+06,4.99885e+06,1.77354e+07,0,0,0,7.47005e+07
58.9327,85.139,6.89615,0.43,0.02,2.19589,3.07971,0,0.411474,6.048,4.55416e+06,3.73987e+06,1.00004e+07,0,0,0,2.61704e+08,66.841,79.791,12.8456,0,0,1.87397,1.39562,0,1.44777,2.96352,9.46447e+06,4.99885e+06,1.77362e+07,0,0,0,7.47005e+07
66.8447,85.139,10.8458,0.4,0.02,2.19608,3.07992,0,0.411509,6.048,4.55416e+06,3.73987e+06,1.00013e+07,0,0,0,2.61704e+08,72.9843,79.791,15.5053,0,0,1.87406,1.39571,0,1.44783,2.96352,9.46447e+06,4.99885e+06,1.7737e+07,0,0,0,7.47005e+07
74.2194,85.139,11.0629,0.38,0.02,2.47533,3.08013,0,0.411545,6.048,4.55416e+06,2.70226e+06,1.1273e+07,0,0,0,2.61704e+08,78.6716,79.791,14.8108,0,0,2.00061,1.39581,0,1.4479,2.96352,9.46447e+06,3.61194e+06,1.89347e+07,0,0,0,7.47005e+07
78.4125,85.139,7.48764,0.28,0.02,2.57203,3.17683,0,0.463877,6.048,4.55416e+06,2.70226e+06,1.17134e+07,0,0,0,2.61704e+08,78.9382,79.791,3.85298,0,0,2.04583,1.44103,0,1.54567,2.96352,9.46447e+06,3.61194e+06,1.93627e+07,0,0,0,7.47005e+07
82.7534,110.355,7.73089,0.35,0.02,2.57222,3.17702,0,0.481998,6.048,4.55416e+06,2.70226e+06,1.17143e+07,0,0,0,2.61704e+08,79.8115,79.791,5.50018,0,0,2.04592,1.44112,0,1.58061,2.96352,9.46447e+06,3.61194e+06,1.93635e+07,0,0,0,7.47005e+07
83.3097,110.355,3.71945,0.32,0.02,2.57241,3.17721,0,0.482034,6.048,4.55416e+06,2.70226e+06,1.17152e+07,0,0,0,2.61704e+08,80.4294,79.791,4.31674,0,0,2.046,1.4412,0,1.58068,2.96352,9.46447e+06,3.61194e+06,1.93644e+07,0,0,0,7.47005e+07
89.9205,110.355,10.1407,0.34,0.02,2.5726,3.1774,0,0.48207,6.048,4.55416e+06,2.70226e+06,1.1716e+07,0,0,0,2.61704e+08,80.8192,79.791,9.71464,0,0,2.04609,1.44129,0,1.58074,2.96352,9.46447e+06,3.61194e+06,1.93652e+07,0,0,0,7.47005e+07
94.1845,110.355,8.20511,0.27,0.02,2.88273,3.48753,0,0.482106,6.048,4.55416e+06,2.70226e+06,1.31284e+07,0,0,0,2.61704e+08,80.8192,79.791,11.138,0,0,2.21565,1.61085,0,1.58081,2.96352,9.46447e+06,3.61194e+06,2.097e+07,0,0,0,7.47005e+07
96.7434,110.355,6.30856,0.21,0.02,2.88294,3.48774,0,0.540223,6.048,4.55416e+06,2.70226e+06,1.31294e+07,0,0,0,2.61704e+08,80.8192,79.791,7.57012,0,0,2.21575,1.61095,0,1.71181,2.96352,9.46447e+06,3.61194e+06,2.09709e+07,0,0,0,7.47005e+07
98.926,110.355,5.97092,0.17,0.02,2.88315,3.48795,0,0.540263,6.048,4.55416e+06,2.70226e+06,1.31303e+07,0,0,0,2.61704e+08,80.8192,79.791,6.68145,0,0,2.21585,1.61105,0,1.71189,2.96352,9.46447e+06,3.61194e+06,2.09718e+07,0,0,0,7.47005e+07
102.442,110.355,7.31212,0.18,0.02,2.88336,3.48816,0,0.540302,6.048,4.55416e+06,2.70226e+06,1.31313e+07,0,0,0,2.61704e+08,80.8192,79.791,7.51909,0,0,2.21595,1.61115,0,1.71197,2.96352,9.46447e+06,3.61194e+06,2.09728e+07,0,0,0,7.47005e+07
105.44,110.355,6.51946,0.16,0.02,2.4414,3.0462,0,0.540342,6.048,4.55416e+06,2.70226e+06,1.11185e+07,0,0,0,2.61704e+08,80.8192,79.791,8.84,0,0,1.98855,1.38375,0,1.71204,2.96352,9.46447e+06,3.61194e+06,1.88206e+07,0,0,0,7.47005e+07
108.75,110.355,6.80123,0.16,0.02,2.44158,3.04638,0,0.457518,6.048,4.55416e+06,2.70226e+06,1.11194e+07,0,0,0,2.61704e+08,80.8192,79.791,8.801,0,0,1.98863,1.38383,0,1.53635,2.96352,9.46447e+06,3.61194e+06,1.88214e+07,0,0,0,7.47005e+07
110.118,110.355,4.88872,0.13,0.02,2.44177,3.04657,0,0.457553,6.048,4.55416e+06,2.70226e+06,1.11202e+07,0,0,0,2.61704e+08,80.8192,79.791,7.00265,0,0,1.98872,1.38392,0,1.53642,2.96352,9.46447e+06,3.61194e+06,1.88222e+07,0,0,0,7.47005e+07
110.355,110.355,4.36322,0.13,0.02,2.44195,3.04675,0,0.457587,6.048,4.55416e+06,2.70226e+06,1.1121e+07,0,0,0,2.61704e+08,80.8192,79.791,5.2516,0,0,1.9888,1.384,0,1.53648,2.96352,9.46447e+06,3.61194e+06,1.8823e+07,0,0,0,7.47005e+07
110.355,110.355,4.72727,0.13,0.02,2.44214,3.04694,0,0.457622,6.048,4.55416e+06,2.70226e+06,1.11219e+07,0,0,0,2.61704e+08,80.8192,79.791,7.06139,0,0,1.98889,1.38409,0,1.53655,2.96352,9.46447e+06,3.61194e+06,1.88238e+07,0,0,0,7.47005e+07
110.355,110.355,4.95911,0.13,0.02,2.55365,3.15845,0,0.457656,6.048,4.55416e+06,2.70226e+06,1.16298e+07,0,0,0,2.61704e+08,80.8192,79.791,4.72391,0,0,2.04464,1.43984,0,1.53661,2.96352,9.46447e+06,3.61194e+06,1.93514e+07,0,0,0,7.47005e+07
110.355,110.355,4.08801,0.13,0.02,2.55385,3.15865,0,0.478555,6.048,4.55416e+06,2.70226e+06,1.16306e+07,0,0,0,2.61704e+08,80.8192,79.791,7.97139,0,0,2.04473,1.43993,0,1.57969,2.96352,9.46447e+06,3.61194e+06,1.93523e+07,0,0,0,7.47005e+07
110.355,110.355,4.29857,0.13,0.02,2.55404,3.15884,0,0.478591,6.048,4.55416e+06,2.70226e+06,1.16315e+07,0,0,0,2.61704e+08,80.8192,79.791,7.34109,0,0,2.04481,1.44001,0,1.57976,2.96352,9.46447e+06,3.61194e+06,1.93531e+07,0,0,0,7.47005e+07
110.165,110.355,3.08591,0.13,0.02,2.55423,3.15903,0,0.478626,6.048,4.55416e+06,2.70226e+06,1.16324e+07,0,0,0,2.61704e+08,80.8192,79.791,4.72585,0,0,2.0449,1.4401,0,1.57982,2.96352,9.46447e+06,3.61194e+06,1.93539e+07,0,0,0,7.47005e+07
110.355,110.355,3.5326,0.13,0.02,2.51088,3.11568,0,0.478662,6.048,4.55416e+06,2.70226e+06,1.14349e+07,0,0,0,2.61704e+08,80.8192,79.791,5.23044,0,0,2.02336,1.41856,0,1.57989,2.96352,9.46447e+06,3.61194e+06,1.915e+07,0,0,0,7.47005e+07
110.355,110.355,3.33586,0.11,0.02,2.51106,3.11586,0,0.470538,6.048,4.55416e+06,2.70226e+06,1.14358e+07,0,0,0,2.61704e+08,80.8192,79.791,5.1958,0,0,2.02345,1.41865,0,1.56325,2.96352,9.46447e+06,3.61194e+06,1.91509e+07,0,0,0,7.47005e+07
110.193,110.355,3.0022,0.1,0.02,2.51125,3.11605,0,0.470574,6.048,4.55416e+06,2.70226e+06,1.14367e+07,0,0,0,2.61704e+08,80.8192,79.791,5.28482,0,0,2.02353,1.41873,0,1.56331,2.96352,9.46447e+06,3.61194e+06,1.91517e+07,0,0,0,7.47005e+07
109.944,110.355,2.92342,0.09,0.02,2.51144,3.11624,0,0.470609,6.048,4.55416e+06,2.70226e+06,1.14375e+07,0,0,0,2.61704e+08,80.8192,79.791,5.15587,0,0,2.02362,1.41882,0,1.56338,2.96352,9.46447e+06,3.61194e+06,1.91525e+07,0,0,0,7.47005e+07
109.402,110.355,2.71325,0.06,0.02,2.65946,3.26426,0,0.470644,6.048,4.55416e+06,2.70226e+06,1.21116e+07,0,0,0,2.61704e+08,80.8192,79.791,4.3107,0,0,2.10042,1.49562,0,1.56345,2.96352,9.46447e+06,3.61194e+06,1.98793e+07,0,0,0,7.47005e+07
108.688,110.355,2.45277,0.07,0.02,2.65966,3.26446,0,0.498384,6.048,4.55416e+06,2.70226e+06,1.21125e+07,0,0,0,2.61704e+08,80.8192,79.791,4.05547,0,0,2.10051,1.49571,0,1.62278,2.96352,9.46447e+06,3.61194e+06,1.98802e+07,0,0,0,7.47005e+07
107.845,110.355,2.26628,0.07,0.02,2.65986,3.26466,0,0.498421,6.048,4.55416e+06,2.70226e+06,1.21134e+07,0,0,0,2.61704e+08,80.8192,79.791,4.07732,0,0,2.1006,1.4958,0,1.62285,2.96352,9.46447e+06,3.61194e+06,1.9881e+07,0,0,0,7.47005e+07
106.94,110.355,2.19292,0.07,0.02,2.66006,3.26486,0,0.498457,6.048,4.55416e+06,2.70226e+06,1.21143e+07,0,0,0,2.61704e+08,80.8192,79.791,4.03811,0,0,2.10069,1.49589,0,1.62292,2.96352,9.46447e+06,3.61194e+06,1.98819e+07,0,0,0,7.47005e+07
105.921,110.355,2.05237,0.1,0.02,2.66025,3.26505,0,0.498494,6.048,4.55416e+06,2.70226e+06,1.21152e+07,0,0,0,2.61704e+08,80.8192,79.791,3.50267,0,0,2.10078,1.49598,0,1.62299,2.96352,9.46447e+06,3.61194e+06,1.98828e+07,0,0,0,7.47005e+07
104.94,110.355,1.97141,0.1,0.02,2.63121,3.23601,0,0.498531,6.048,4.55416e+06,2.70226e+06,1.19829e+07,0,0,0,2.61704e+08,80.573,79.791,2.22812,0,0,2.14304,1.53824,0,1.62306,2.96352,9.46447e+06,3.61194e+06,2.02828e+07,0,0,0,7.47005e+07
103.838,110.355,1.84399,0.1,0.02,2.6314,3.2362,0,0.493088,6.048,4.55416e+06,2.70226e+06,1.19838e+07,0,0,0,2.61704e+08,80.2741,79.791,2.1485,0,0,2.14314,1.53834,0,1.65572,2.96352,9.46447e+06,3.61194e+06,2.02837e+07,0,0,0,7.47005e+07
102.577,110.355,1.67869,0.1,0.02,2.6316,3.2364,0,0.493125,6.048,4.55416e+06,2.70226e+06,1.19847e+07,0,0,0,2.61704e+08,79.8263,79.791,2.04447,0,0,2.14323,1.53843,0,1.65579,2.96352,9.46447e+06,3.61194e+06,2.02845e+07,0,0,0,7.47005e+07
101.188,110.355,1.52527,0.09,0.02,2.63179,3.23659,0,0.493161,6.048,4.55416e+06,2.70226e+06,1.19856e+07,0,0,0,2.61704e+08,79.3852,79.791,1.88573,0,0,2.14332,1.53852,0,1.65586,2.96352,9.46447e+06,3.61194e+06,2.02854e+07,0,0,0,7.47005e+07
99.7713,110.355,1.50742,0.11,0.02,2.70753,3.31233,0,0.493198,6.048,4.55416e+06,2.70226e+06,1.23305e+07,0,0,0,2.61704e+08,79.0247,79.791,1.98598,0,0,2.18101,1.57621,0,1.65593,2.96352,9.46447e+06,3.61194e+06,2.06421e+07,0,0,0,7.47005e+07
98.3526,110.355,1.52454,0.11,0.02,2.70773,3.31253,0,0.507391,6.048,4.55416e+06,2.70226e+06,1.23314e+07,0,0,0,2.61704e+08,78.591,79.791,2.01183,0,0,2.18111,1.57631,0,1.68505,2.96352,9.46447e+06,3.61194e+06,2.0643e+07,0,0,0,7.47005e+07
96.8502,110.355,1.41301,0.12,0.02,2.70793,3.31273,0,0.507428,6.048,4.55416e+06,2.70226e+06,1.23323e+07,0,0,0,2.61704e+08,77.9587,79.791,1.93175,0,0,2.1812,1.5764,0,1.68512,2.96352,9.46447e+06,3.61194e+06,2.06439e+07,0,0,0,7.47005e+07
95.2359,110.355,1.28657,0.12,0.02,2.70813,3.31293,0,0.507466,6.048,4.55416e+06,2.70226e+06,1.23333e+07,0,0,0,2.61704e+08,77.5119,79.791,1.70485,0,0,2.1813,1.5765,0,1.6852,2.96352,9.46447e+06,3.61194e+06,2.06448e+07,0,0,0,7.47005e+07
93.6057,110.355,1.43156,0.17,0.02,2.9296,3.5344,0,0.507503,6.048,4.55416e+06,2.70226e+06,1.33419e+07,0,0,0,2.61704e+08,76.8932,79.791,2.15583,0,0,2.31713,1.71233,0,1.68527,2.96352,9.46447e+06,3.61194e+06,2.19304e+07,0,0,0,7.47005e+07
91.9157,110.355,1.34029,0.17,0.02,2.92981,3.53461,0,0.549007,6.048,4.55416e+06,2.70226e+06,1.33428e+07,0,0,0,2.61704e+08,76.008,79.791,1.62867,0,0,2.31724,1.71244,0,1.79022,2.96352,9.46447e+06,3.61194e+06,2.19314e+07,0,0,0,7.47005e+07
90.0104,110.355,1.13418,0.17,0.02,2.93003,3.53483,0,0.549047,6.048,4.55416e+06,2.70226e+06,1.33438e+07,0,0,0,2.61704e+08,75.3575,79.791,1.43352,0,0,2.31734,1.71254,0,1.7903,2.96352,9.46447e+06,3.61194e+06,2.19324e+07,0,0,0,7.47005e+07
88.2257,110.355,1.23217,0.19,0.02,2.93024,3.53504,0,0.549087,6.048,4.55416e+06,2.70226e+06,1.33448e+07,0,0,0,2.61704e+08,74.7798,79.791,1.89231,0,0,2.31744,1.71264,0,1.79038,2.96352,9.46447e+06,3.61194e+06,2.19334e+07,0,0,0,7.47005e+07
86.3646,110.355,1.14675,0.18,0.02,2.93045,3.53525,0,0.549127,6.048,4.55416e+06,2.70226e+06,1.33458e+07,0,0,0,2.61704e+08,73.8871,79.791,1.7004,0,0,2.31755,1.71275,0,1.79046,2.96352,9.46447e+06,3.61194e+06,2.19344e+07,0,0,0,7.47005e+07
84.5044,110.355,0.980442,0.1,0.02,2.8228,3.4276,0,0.549167,6.048,4.55416e+06,2.70226e+06,1.28555e+07,0,0,0,2.61704e+08,73.0226,79.791,1.41958,0,0,2.23524,1.63044,0,1.79054,2.96352,9.46447e+06,3.61194e+06,2.11553e+07,0,0,0,7.47005e+07
82.9067,110.355,1.27183,0.17,0.02,2.823,3.4278,0,0.528992,6.048,4.55416e+06,2.70226e+06,1.28564e+07,0,0,0,2.61704e+08,72.5217,79.791,1.48218,0,0,2.23534,1.63054,0,1.72694,2.96352,9.46447e+06,3.61194e+06,2.11563e+07,0,0,0,7.47005e+07
81.832,110.355,1.84342,0.1,0.02,2.82321,3.42801,0,0.529031,6.048,4.55416e+06,2.70226e+06,1.28573e+07,0,0,0,2.61704e+08,72.2615,79.791,2.4986,0,0,2.23543,1.63063,0,1.72702,2.96352,9.46447e+06,3.61194e+06,2.11572e+07,0,0,0,7.47005e+07
80.4693,110.355,1.60909,0.07,0.02,2.82342,3.42822,0,0.52907,6.048,4.55416e+06,2.70226e+06,1.28583e+07,0,0,0,2.61704e+08,71.6943,79.791,1.8811,0,0,2.23553,1.63073,0,1.7271,2.96352,9.46447e+06,3.61194e+06,2.11581e+07,0,0,0,7.47005e+07
78.2953,110.355,1.23401,0,0.02,3.33986,3.33986,0,0.529108,6.048,4.55416e+06,2.70226e+06,1.52103e+07,0,0,0,2.61704e+08,71.5448,79.791,1.61387,0,0,1.5558,1.5558,0,1.72717,2.96352,9.46447e+06,3.61194e+06,1.47248e+07,0,0,0,7.47005e+07
76.8356,110.355,1.4509,0.07,0.02,2.73526,3.34006,0,0.62589,6.048,4.55416e+06,2.70226e+06,1.24568e+07,0,0,0,2.61704e+08,71.1706,79.791,1.79153,0,0,2.16069,1.55589,0,1.20201,2.96352,9.46447e+06,3.61194e+06,2.04498e+07,0,0,0,7.47005e+07
75.8676,110.355,2.5394,0,0.02,3.34026,3.34026,0,0.512588,6.048,4.55416e+06,2.70226e+06,1.52121e+07,0,0,0,2.61704e+08,71.4656,79.791,2.5222,0,0,1.55598,1.55598,0,1.66935,2.96352,9.46447e+06,3.61194e+06,1.47266e+07,0,0,0,7.47005e+07
75.7204,110.355,3.51937,0,0.02,3.34047,3.34047,0,0.625965,6.048,4.55416e+06,2.70226e+06,1.5213e+07,0,0,0,2.61704e+08,71.9145,79.791,3.50539,0,0,1.55608,1.55608,0,1.20215,2.96352,9.46447e+06,3.61194e+06,1.47275e+07,0,0,0,7.47005e+07
75.1325,110.355,2.79363,0,0.02,3.08908,3.08908,0,0.626003,6.048,4.55416e+06,2.70226e+06,1.40681e+07,0,0,0,2.61704e+08,72.078,79.791,2.66237,0,0,1.39986,1.39986,0,1.20223,2.96352,9.46447e+06,3.61194e+06,1.32489e+07,0,0,0,7.47005e+07
74.4013,110.355,2.65377,0,0.02,3.08926,3.08926,0,0.578893,6.048,4.55416e+06,2.70226e+06,1.4069e+07,0,0,0,2.61704e+08,72.1229,79.791,1.98668,0,0,1.39995,1.39995,0,1.08153,2.96352,9.46447e+06,3.61194e+06,1.32497e+07,0,0,0,7.47005e+07
73.6675,110.355,2.67954,0,0.02,3.08945,3.08945,0,0.578928,6.048,4.55416e+06,2.70226e+06,1.40698e+07,0,0,0,2.61704e+08,72.2772,79.791,2.02984,0,0,1.40003,1.40003,0,1.0816,2.96352,9.46447e+06,3.61194e+06,1.32505e+07,0,0,0,7.47005e+07
73.6678,110.355,3.4362,0,0.02,3.08964,3.08964,0,0.578963,6.048,4.55416e+06,2.70226e+06,1.40707e+07,0,0,0,2.61704e+08,72.5516,79.791,2.46379,0,0,1.40011,1.40011,0,1.08166,2.96352,9.46447e+06,3.61194e+06,1.32513e+07,0,0,0,7.47005e+07
74.3158,110.355,4.09423,0,0.02,3.08982,3.08982,0,0.578998,6.048,4.55416e+06,2.70226e+06,1.40715e+07,0,0,0,2.61704e+08,72.9115,79.791,2.97518,0,0,1.4002,1.4002,0,1.08173,2.96352,9.46447e+06,3.61194e+06,1.32521e+07,0,0,0,7.47005e+07
72.8532,110.355,1.96136,0,0.02,3.1868,3.1868,0,0.579033,6.048,4.55416e+06,2.70226e+06,1.45132e+07,0,0,0,2.61704e+08,73.3131,79.791,2.6453,0,0,1.44556,1.44556,0,1.08179,2.96352,9.46447e+06,3.61194e+06,1.36814e+07,0,0,0,7.47005e+07
72.672,110.355,3.2125,0,0.04,3.18697,3.18697,0,0.597207,6.048,4.55416e+06,2.70226e+06,1.4514e+07,0,0,0,2.61704e+08,74.0113,79.791,3.67268,0,0,1.44563,1.44563,0,1.11684,2.96352,9.46447e+06,3.61194e+06,1.36822e+07,0,0,0,7.47005e+07
78.7975,110.355,9.98499,0,0.04,3.18715,3.18715,0,0.597239,6.048,4.55416e+06,2.70226e+06,1.45148e+07,0,0,0,2.61704e+08,75.8214,79.791,6.8689,0,0,1.44571,1.44571,0,1.1169,2.96352,9.46447e+06,3.61194e+06,1.36829e+07,0,0,0,7.47005e+07
80.6339,110.355,5.59339,0,0.04,3.18732,3.18732,0,0.597271,6.048,4.55416e+06,2.70226e+06,1.45155e+07,0,0,0,2.61704e+08,77.3374,79.791,5.65527,0,0,1.44579,1.44579,0,1.11696,2.96352,9.46447e+06,3.61194e+06,1.36836e+07,0,0,0,7.47005e+07
80.2982,110.355,3.46311,0,0.04,3.49839,3.49839,0,0.597303,6.048,4.55416e+06,2.70226e+06,1.59322e+07,0,0,0,2.61704e+08,77.9972,79.791,4.03269,0,0,1.61587,1.61587,0,1.11702,2.96352,9.46447e+06,3.61194e+06,1.52934e+07,0,0,0,7.47005e+07
81.1853,110.355,4.73679,0,0.04,3.49858,3.49858,0,0.655598,6.048,4.55416e+06,2.70226e+06,1.59331e+07,0,0,0,2.61704e+08,78.6788,79.791,4.39551,0,0,1.61596,1.61596,0,1.24842,2.96352,9.46447e+06,3.61194e+06,1.52942e+07,0,0,0,7.47005e+07
83.9215,110.355,6.78603,0,0.04,3.49876,3.49876,0,0.655633,6.048,4.55416e+06,2.70226e+06,1.59339e+07,0,0,0,2.61704e+08,79.7706,79.791,5.25318,0,0,1.61604,1.61604,0,1.24849,2.96352,9.46447e+06,3.61194e+06,1.5295e+07,0,0,0,7.47005e+07
84.429,110.355,4.39485,0,0.04,3.49895,3.49895,0,0.655668,6.048,4.55416e+06,2.70226e+06,1.59348e+07,0,0,0,2.61704e+08,80.4618,79.791,4.15941,0,0,1.61613,1.61613,0,1.24855,2.96352,9.46447e+06,3.61194e+06,1.52958e+07,0,0,0,7.47005e+07
85.7679,110.355,4.95259,0,0.04,3.0556,3.0556,0,0.655703,6.048,4.55416e+06,2.70226e+06,1.39157e+07,0,0,0,2.61704e+08,80.8192,79.791,5.25369,0,0,1.38802,1.38802,0,1.24862,2.96352,9.46447e+06,3.61194e+06,1.31369e+07,0,0,0,7.47005e+07
88.5993,110.355,6.67108,0,0.04,3.05576,3.05576,0,0.572619,6.048,4.55416e+06,2.70226e+06,1.39164e+07,0,0,0,2.61704e+08,80.8192,79.791,7.17603,0,0,1.3881,1.3881,0,1.07239,2.96352,9.46447e+06,3.61194e+06,1.31376e+07,0,0,0,7.47005e+07
90.5121,110.355,5.76238,0,0.04,3.05593,3.05593,0,0.57265,6.048,4.55416e+06,2.70226e+06,1.39172e+07,0,0,0,2.61704e+08,80.8192,79.791,5.79356,0,0,1.38817,1.38817,0,1.07244,2.96352,9.46447e+06,3.61194e+06,1.31383e+07,0,0,0,7.47005e+07
92.4103,110.355,5.78055,0,0.04,3.05609,3.05609,0,0.572681,6.048,4.55416e+06,2.70226e+06,1.39179e+07,0,0,0,2.61704e+08,80.8192,79.791,6.80517,0,0,1.38824,1.38824,0,1.0725,2.96352,9.46447e+06,3.61194e+06,1.3139e+07,0,0,0,7.47005e+07
94.6755,110.355,6.06008,0,0.04,3.05626,3.05626,0,0.572712,6.048,4.55416e+06,2.70226e+06,1.39187e+07,0,0,0,2.61704e+08,80.8192,79.791,6.95528,0,0,1.38832,1.38832,0,1.07256,2.96352,9.46447e+06,3.61194e+06,1.31397e+07,0,0,0,7.47005e+07
98.0477,110.355,7.47334,0,0.04,3.1681,3.1681,0,0.572742,6.048,4.55416e+06,2.70226e+06,1.4428e+07,0,0,0,2.61704e+08,80.8192,79.791,7.75294,0,0,1.44423,1.44423,0,1.07262,2.96352,9.46447e+06,3.61194e+06,1.36689e+07,0,0,0,7.47005e+07
99.6569,110.355,5.55482,0,0.04,3.16827,3.16827,0,0.593701,6.048,4.55416e+06,2.70226e+06,1.44288e+07,0,0,0,2.61704e+08,80.8192,79.791,5.34419,0,0,1.44431,1.44431,0,1.11582,2.96352,9.46447e+06,3.61194e+06,1.36696e+07,0,0,0,7.47005e+07
100.954,110.355,5.3052,0,0.04,3.16844,3.16844,0,0.593733,6.048,4.55416e+06,2.70226e+06,1.44296e+07,0,0,0,2.61704e+08,80.8192,79.791,5.51708,0,0,1.44439,1.44439,0,1.11587,2.96352,9.46447e+06,3.61194e+06,1.36704e+07,0,0,0,7.47005e+07
101.796,110.355,4.74821,0,0.04,3.16861,3.16861,0,0.593765,6.048,4.55416e+06,2.70226e+06,1.44303e+07,0,0,0,2.61704e+08,80.8192,79.791,5.35974,0,0,1.44447,1.44447,0,1.11593,2.96352,9.46447e+06,3.61194e+06,1.36711e+07,0,0,0,7.47005e+07
102.212,110.355,4.19532,0,0.04,3.1251,3.1251,0,0.593797,6.048,4.55416e+06,2.70226e+06,1.42322e+07,0,0,0,2.61704e+08,80.8192,79.791,4.8679,0,0,1.42285,1.42285,0,1.11599,2.96352,9.46447e+06,3.61194e+06,1.34665e+07,0,0,0,7.47005e+07
101.873,110.355,3.39396,0,0.04,3.12527,3.12527,0,0.585644,6.048,4.55416e+06,2.70226e+06,1.4233e+07,0,0,0,2.61704e+08,80.8192,79.791,3.84761,0,0,1.42293,1.42293,0,1.0993,2.96352,9.46447e+06,3.61194e+06,1.34673e+07,0,0,0,7.47005e+07
100.995,110.355,2.81979,0,0.04,3.12544,3.12544,0,0.585675,6.048,4.55416e+06,2.70226e+06,1.42337e+07,0,0,0,2.61704e+08,80.8192,79.791,3.51236,0,0,1.423,1.423,0,1.09935,2.96352,9.46447e+06,3.61194e+06,1.3468e+07,0,0,0,7.47005e+07
99.868,110.355,2.55842,0,0.04,3.1256,3.1256,0,0.585707,6.048,4.55416e+06,2.70226e+06,1.42345e+07,0,0,0,2.61704e+08,80.8192,79.791,2.81082,0,0,1.42308,1.42308,0,1.09941,2.96352,9.46447e+06,3.61194e+06,1.34687e+07,0,0,0,7.47005e+07
99.0968,110.355,3.02802,0,0.04,3.27405,3.27405,0,0.585738,6.048,4.55416e+06,2.70226e+06,1.49105e+07,0,0,0,2.61704e+08,80.8192,79.791,3.19229,0,0,1.5001,1.5001,0,1.09947,2.96352,9.46447e+06,3.61194e+06,1.41977e+07,0,0,0,7.47005e+07
97.8016,110.355,2.38332,0,0.04,3.27423,3.27423,0,0.613557,6.048,4.55416e+06,2.70226e+06,1.49113e+07,0,0,0,2.61704e+08,80.8192,79.791,2.77414,0,0,1.50018,1.50018,0,1.15898,2.96352,9.46447e+06,3.61194e+06,1.41984e+07,0,0,0,7.47005e+07
96.2429,110.355,2.08305,0,0.04,3.2744,3.2744,0,0.61359,6.048,4.55416e+06,2.70226e+06,1.49121e+07,0,0,0,2.61704e+08,80.8192,79.791,2.59279,0,0,1.50026,1.50026,0,1.15904,2.96352,9.46447e+06,3.61194e+06,1.41992e+07,0,0,0,7.47005e+07
94.6475,110.355,1.95548,0,0.04,3.27458,3.27458,0,0.613623,6.048,4.55416e+06,2.70226e+06,1.49129e+07,0,0,0,2.61704e+08,80.8192,79.791,2.47644,0,0,1.50034,1.50034,0,1.1591,2.96352,9.46447e+06,3.61194e+06,1.41999e+07,0,0,0,7.47005e+07
92.964,110.355,1.8571,0,0.04,3.27475,3.27475,0,0.613656,6.048,4.55416e+06,2.70226e+06,1.49137e+07,0,0,0,2.61704e+08,80.8192,79.791,2.32465,0,0,1.50042,1.50042,0,1.15916,2.96352,9.46447e+06,3.61194e+06,1.42007e+07,0,0,0,7.47005e+07
92.4703,110.355,2.9621,0,0.04,3.2456,3.2456,0,0.613689,6.048,4.55416e+06,2.70226e+06,1.4781e+07,0,0,0,2.61704e+08,80.7932,79.791,2.42098,0,0,1.5428,1.5428,0,1.15923,2.96352,9.46447e+06,3.61194e+06,1.46018e+07,0,0,0,7.47005e+07
91.6831,110.355,2.70724,0,0.04,3.24577,3.24577,0,0.608225,6.048,4.55416e+06,2.70226e+06,1.47818e+07,0,0,0,2.61704e+08,80.7528,79.791,2.29105,0,0,1.54289,1.54289,0,1.19197,2.96352,9.46447e+06,3.61194e+06,1.46026e+07,0,0,0,7.47005e+07
90.6166,110.355,2.41714,0,0.04,3.24594,3.24594,0,0.608257,6.048,4.55416e+06,2.70226e+06,1.47826e+07,0,0,0,2.61704e+08,80.7223,79.791,2.1291,0,0,1.54297,1.54297,0,1.19203,2.96352,9.46447e+06,3.61194e+06,1.46034e+07,0,0,0,7.47005e+07
89.4211,110.355,2.27186,0,0.04,3.24612,3.24612,0,0.60829,6.048,4.55416e+06,2.70226e+06,1.47833e+07,0,0,0,2.61704e+08,80.5142,79.791,2.0619,0,0,1.54305,1.54305,0,1.1921,2.96352,9.46447e+06,3.61194e+06,1.46042e+07,0,0,0,7.47005e+07
88.0475,110.355,2.09767,0,0.04,3.32206,3.32206,0,0.608323,6.048,4.55416e+06,2.70226e+06,1.51292e+07,0,0,0,2.61704e+08,80.3025,79.791,1.82597,0,0,1.58084,1.58084,0,1.19216,2.96352,9.46447e+06,3.61194e+06,1.49618e+07,0,0,0,7.47005e+07
86.6702,110.355,2.09627,0,0.04,3.32223,3.32223,0,0.622553,6.048,4.55416e+06,2.70226e+06,1.513e+07,0,0,0,2.61704e+08,80.0457,79.791,1.85251,0,0,1.58093,1.58093,0,1.22136,2.96352,9.46447e+06,3.61194e+06,1.49626e+07,0,0,0,7.47005e+07
85.1699,110.355,1.93715,0,0.04,3.32241,3.32241,0,0.622587,6.048,4.55416e+06,2.70226e+06,1.51308e+07,0,0,0,2.61704e+08,79.5837,79.791,1.75378,0,0,1.58101,1.58101,0,1.22142,2.96352,9.46447e+06,3.61194e+06,1.49634e+07,0,0,0,7.47005e+07
83.5143,110.355,1.76302,0,0.04,3.32259,3.32259,0,0.62262,6.048,4.55416e+06,2.70226e+06,1.51316e+07,0,0,0,2.61704e+08,79.368,79.791,1.54234,0,0,1.5811,1.5811,0,1.22149,2.96352,9.46447e+06,3.61194e+06,1.49642e+07,0,0,0,7.47005e+07
81.885,110.355,1.92495,0,0.04,3.54468,3.54468,0,0.622653,6.048,4.55416e+06,2.70226e+06,1.61431e+07,0,0,0,2.61704e+08,78.6924,79.791,1.92288,0,0,1.71731,1.71731,0,1.22156,2.96352,9.46447e+06,3.61194e+06,1.62535e+07,0,0,0,7.47005e+07
79.9606,110.355,1.5992,0,0.04,3.54487,3.54487,0,0.664273,6.048,4.55416e+06,2.70226e+06,1.61439e+07,0,0,0,2.61704e+08,78.1116,79.791,1.29306,0,0,1.71741,1.71741,0,1.3268,2.96352,9.46447e+06,3.61194e+06,1.62543e+07,0,0,0,7.47005e+07
78.1988,110.355,1.77014,0,0.04,3.54506,3.54506,0,0.664309,6.048,4.55416e+06,2.70226e+06,1.61448e+07,0,0,0,2.61704e+08,77.3354,79.791,1.59082,0,0,1.7175,1.7175,0,1.32687,2.96352,9.46447e+06,3.61194e+06,1.62552e+07,0,0,0,7.47005e+07
76.1232,110.355,1.43996,0,0.04,3.54525,3.54525,0,0.664345,6.048,4.55416e+06,2.70226e+06,1.61456e+07,0,0,0,2.61704e+08,77.0487,79.791,1.1304,0,0,1.71759,1.71759,0,1.32694,2.96352,9.46447e+06,3.61194e+06,1.62561e+07,0,0,0,7.47005e+07
74.3934,110.355,1.75988,0,0.04,3.54544,3.54544,0,0.66438,6.048,4.55416e+06,2.70226e+06,1.61465e+07,0,0,0,2.61704e+08,76.5037,79.791,2.03927,0,0,1.71768,1.71768,0,1.32701,2.96352,9.46447e+06,3.61194e+06,1.6257e+07,0,0,0,7.47005e+07
73.0425,110.355,2.08611,0,0.04,3.43745,3.43745,0,0.664416,6.048,4.55416e+06,2.70226e+06,1.56547e+07,0,0,0,2.61704e+08,76.4266,79.791,1.45731,0,0,1.63513,1.63513,0,1.32708,2.96352,9.46447e+06,3.61194e+06,1.54756e+07,0,0,0,7.47005e+07
71.6502,110.355,2.02761,0,0.04,3.43764,3.43764,0,0.644178,6.048,4.55416e+06,2.70226e+06,1.56555e+07,0,0,0,2.61704e+08,76.1669,79.791,2.31724,0,0,1.63521,1.63521,0,1.2633,2.96352,9.46447e+06,3.61194e+06,1.54764e+07,0,0,0,7.47005e+07
70.0438,110.355,1.80249,0,0.04,3.43782,3.43782,0,0.644213,6.048,4.55416e+06,2.70226e+06,1.56564e+07,0,0,0,2.61704e+08,75.5485,79.791,1.42778,0,0,1.6353,1.6353,0,1.26337,2.96352,9.46447e+06,3.61194e+06,1.54773e+07,0,0,0,7.47005e+07
68.1571,110.355,1.49888,0,0.04,3.438,3.438,0,0.644248,6.048,4.55416e+06,2.70226e+06,1.56572e+07,0,0,0,2.61704e+08,75.1329,79.791,1.26817,0,0,1.63539,1.63539,0,1.26343,2.96352,9.46447e+06,3.61194e+06,1.54781e+07,0,0,0,7.47005e+07
66.9731,110.355,2.16634,0,0.04,3.34937,3.34937,0,0.644282,6.048,4.55416e+06,2.70226e+06,1.52536e+07,0,0,0,2.61704e+08,75.0327,79.791,1.64304,0,0,1.56023,1.56023,0,1.2635,2.96352,9.46447e+06,3.61194e+06,1.47667e+07,0,0,0,7.47005e+07
65.901,110.355,2.32904,0,0.04,3.34955,3.34955,0,0.627672,6.048,4.55416e+06,2.70226e+06,1.52544e+07,0,0,0,2.61704e+08,74.9898,79.791,1.74295,0,0,1.56031,1.56031,0,1.20543,2.96352,9.46447e+06,3.61194e+06,1.47675e+07,0,0,0,7.47005e+07
64.506,110.355,1.97613,0,0.04,3.34973,3.34973,0,0.627706,6.048,4.55416e+06,2.70226e+06,1.52552e+07,0,0,0,2.61704e+08,74.983,79.791,2.07306,0,0,1.5604,1.5604,0,1.2055,2.96352,9.46447e+06,3.61194e+06,1.47683e+07,0,0,0,7.47005e+07
67.0789,110.355,6.11627,0,0.04,3.34991,3.34991,0,0.62774,6.048,4.55416e+06,2.70226e+06,1.5256e+07,0,0,0,2.61704e+08,76.2329,79.791,6.54384,0,0,1.56048,1.56048,0,1.20556,2.96352,9.46447e+06,3.61194e+06,1.47691e+07,0,0,0,7.47005e+07
68.9065,110.355,5.19351,0,0.04,3.09779,3.09779,0,0.627773,6.048,4.55416e+06,2.70226e+06,1.41078e+07,0,0,0,2.61704e+08,77.325,79.791,3.92294,0,0,1.40381,1.40381,0,1.20563,2.96352,9.46447e+06,3.61194e+06,1.32863e+07,0,0,0,7.47005e+07
70.723,110.355,5.33622,0,0.04,3.09796,3.09796,0,0.580526,6.048,4.55416e+06,2.70226e+06,1.41086e+07,0,0,0,2.61704e+08,78.1213,79.791,4.19105,0,0,1.40389,1.40389,0,1.08458,2.96352,9.46447e+06,3.61194e+06,1.3287e+07,0,0,0,7.47005e+07
73.1409,110.355,6.16199,0,0.04,3.09812,3.09812,0,0.580557,6.048,4.55416e+06,2.70226e+06,1.41094e+07,0,0,0,2.61704e+08,79.0552,79.791,4.91132,0,0,1.40396,1.40396,0,1.08464,2.96352,9.46447e+06,3.61194e+06,1.32877e+07,0,0,0,7.47005e+07
75.8439,110.355,6.29018,0,0.04,3.09829,3.09829,0,0.580588,6.048,4.55416e+06,2.70226e+06,1.41101e+07,0,0,0,2.61704e+08,80.0781,79.791,4.15485,0,0,1.40404,1.40404,0,1.0847,2.96352,9.46447e+06,3.61194e+06,1.32885e+07,0,0,0,7.47005e+07
81.3587,110.355,9.02637,0,0.04,3.09846,3.09846,0,0.580619,6.048,4.55416e+06,2.70226e+06,1.41109e+07,0,0,0,2.61704e+08,80.8192,79.791,5.17802,0,0,1.40411,1.40411,0,1.08476,2.96352,9.46447e+06,3.61194e+06,1.32892e+07,0,0,0,7.47005e+07
82.9656,110.355,5.28151,0,0.04,3.09846,3.09846,0,0.580651,6.048,4.55416e+06,2.70226e+06,1.41109e+07,0,0,0,2.61704e+08,80.8192,79.791,4.27498,0,0,1.40411,1.40411,0,1.08482,2.96352,9.46447e+06,3.61194e+06,1.32892e+07,0,0,0,7.47005e+07
83.817,110.355,4.50666,0,0.04,3.19569,3.19569,0,0.580651,6.048,4.55416e+06,2.70226e+06,1.45537e+07,0,0,0,2.61704e+08,80.8192,79.791,3.62608,0,0,1.44959,1.44959,0,1.08482,2.96352,9.46447e+06,3.61194e+06,1.37196e+07,0,0,0,7.47005e+07
85.2057,110.355,4.97646,0,0.04,3.19584,3.19584,0,0.598871,6.048,4.55416e+06,2.70226e+06,1.45543e+07,0,0,0,2.61704e+08,80.8192,79.791,4.45959,0,0,1.44965,1.44965,0,1.11995,2.96352,9.46447e+06,3.61194e+06,1.37202e+07,0,0,0,7.47005e+07
88.2873,110.355,6.94025,0,0.04,3.19599,3.19599,0,0.5989,6.048,4.55416e+06,2.70226e+06,1.4555e+07,0,0,0,2.61704e+08,80.8192,79.791,4.13904,0,0,1.44972,1.44972,0,1.12,2.96352,9.46447e+06,3.61194e+06,1.37208e+07,0,0,0,7.47005e+07
93.3974,110.355,9.23249,0,0.04,3.19614,3.19614,0,0.598928,6.048,4.55416e+06,2.70226e+06,1.45557e+07,0,0,0,2.61704e+08,80.8192,79.791,4.78201,0,0,1.44979,1.44979,0,1.12005,2.96352,9.46447e+06,3.61194e+06,1.37215e+07,0,0,0,7.47005e+07
94.6277,110.355,5.42107,0,0.04,3.50804,3.50804,0,0.598956,6.048,4.55416e+06,2.70226e+06,1.59762e+07,0,0,0,2.61704e+08,80.8192,79.791,4.3897,0,0,1.62033,1.62033,0,1.12011,2.96352,9.46447e+06,3.61194e+06,1.53356e+07,0,0,0,7.47005e+07
93.473,110.355,2.86824,0,0.04,3.50821,3.50821,0,0.657407,6.048,4.55416e+06,2.70226e+06,1.59769e+07,0,0,0,2.61704e+08,80.8192,79.791,2.62261,0,0,1.62041,1.62041,0,1.25187,2.96352,9.46447e+06,3.61194e+06,1.53363e+07,0,0,0,7.47005e+07
93.1091,110.355,3.64424,0,0.04,3.50837,3.50837,0,0.657438,6.048,4.55416e+06,2.70226e+06,1.59777e+07,0,0,0,2.61704e+08,80.8192,79.791,3.28242,0,0,1.62048,1.62048,0,1.25193,2.96352,9.46447e+06,3.61194e+06,1.5337e+07,0,0,0,7.47005e+07
91.859,110.355,2.77402,0,0.04,3.50854,3.50854,0,0.657469,6.048,4.55416e+06,2.70226e+06,1.59784e+07,0,0,0,2.61704e+08,80.4183,79.791,3.05572,0,0,1.62056,1.62056,0,1.25198,2.96352,9.46447e+06,3.61194e+06,1.53377e+07,0,0,0,7.47005e+07
91.1494,110.355,2.97687,0,0.04,3.06395,3.06395,0,0.6575,6.048,4.55416e+06,2.70226e+06,1.39537e+07,0,0,0,2.61704e+08,80.7504,79.791,2.19993,0,0,1.39182,1.39182,0,1.25204,2.96352,9.46447e+06,3.61194e+06,1.31728e+07,0,0,0,7.47005e+07
91.9199,110.355,4.52049,0,0.04,3.0641,3.0641,0,0.574185,6.048,4.55416e+06,2.70226e+06,1.39544e+07,0,0,0,2.61704e+08,80.7484,79.791,3.05723,0,0,1.39188,1.39188,0,1.07532,2.96352,9.46447e+06,3.61194e+06,1.31734e+07,0,0,0,7.47005e+07
92.5015,110.355,4.26481,0,0.04,3.06424,3.06424,0,0.574212,6.048,4.55416e+06,2.70226e+06,1.3955e+07,0,0,0,2.61704e+08,80.8192,79.791,2.64127,0,0,1.39195,1.39195,0,1.07537,2.96352,9.46447e+06,3.61194e+06,1.3174e+07,0,0,0,7.47005e+07
92.4425,110.355,3.66418,0,0.04,3.06438,3.06438,0,0.574239,6.048,4.55416e+06,2.70226e+06,1.39557e+07,0,0,0,2.61704e+08,80.8192,79.791,2.84735,0,0,1.39201,1.39201,0,1.07542,2.96352,9.46447e+06,3.61194e+06,1.31747e+07,0,0,0,7.47005e+07
93.3032,110.355,4.63294,0,0.04,3.06453,3.06453,0,0.574266,6.048,4.55416e+06,2.70226e+06,1.39563e+07,0,0,0,2.61704e+08,80.8192,79.791,3.03019,0,0,1.39208,1.39208,0,1.07547,2.96352,9.46447e+06,3.61194e+06,1.31753e+07,0,0,0,7.47005e+07
95.0765,110.355,5.71821,0,0.04,3.17665,3.17665,0,0.574292,6.048,4.55416e+06,2.70226e+06,1.4467e+07,0,0,0,2.61704e+08,80.796,79.791,3.87028,0,0,1.44813,1.44813,0,1.07552,2.96352,9.46447e+06,3.61194e+06,1.37058e+07,0,0,0,7.47005e+07
95.2355,110.355,4.00623,0,0.04,3.1768,3.1768,0,0.595304,6.048,4.55416e+06,2.70226e+06,1.44676e+07,0,0,0,2.61704e+08,80.6369,79.791,2.64846,0,0,1.4482,1.4482,0,1.11883,2.96352,9.46447e+06,3.61194e+06,1.37065e+07,0,0,0,7.47005e+07
94.9477,110.355,3.4777,0,0.04,3.17695,3.17695,0,0.595332,6.048,4.55416e+06,2.70226e+06,1.44683e+07,0,0,0,2.61704e+08,80.5585,79.791,2.29255,0,0,1.44827,1.44827,0,1.11888,2.96352,9.46447e+06,3.61194e+06,1.37071e+07,0,0,0,7.47005e+07
94.4428,110.355,3.22928,0,0.04,3.1771,3.1771,0,0.59536,6.048,4.55416e+06,2.70226e+06,1.4469e+07,0,0,0,2.61704e+08,80.6144,79.791,2.18788,0,0,1.44834,1.44834,0,1.11893,2.96352,9.46447e+06,3.61194e+06,1.37077e+07,0,0,0,7.47005e+07
93.7166,110.355,2.90182,0,0.04,3.13345,3.13345,0,0.595388,6.048,4.55416e+06,2.70226e+06,1.42703e+07,0,0,0,2.61704e+08,80.5541,79.791,2.3087,0,0,1.42665,1.42665,0,1.11898,2.96352,9.46447e+06,3.61194e+06,1.35025e+07,0,0,0,7.47005e+07
92.7304,110.355,2.62144,0,0.04,3.1336,3.1336,0,0.587209,6.048,4.55416e+06,2.70226e+06,1.42709e+07,0,0,0,2.61704e+08,80.5567,79.791,2.24466,0,0,1.42672,1.42672,0,1.10223,2.96352,9.46447e+06,3.61194e+06,1.35032e+07,0,0,0,7.47005e+07
92.0811,110.355,2.95173,0,0.04,3.13375,3.13375,0,0.587237,6.048,4.55416e+06,2.70226e+06,1.42716e+07,0,0,0,2.61704e+08,80.5706,79.791,2.05753,0,0,1.42679,1.42679,0,1.10228,2.96352,9.46447e+06,3.61194e+06,1.35038e+07,0,0,0,7.47005e+07
91.0396,110.355,2.46498,0,0.04,3.1339,3.1339,0,0.587264,6.048,4.55416e+06,2.70226e+06,1.42723e+07,0,0,0,2.61704e+08,80.3264,79.791,2.01913,0,0,1.42686,1.42686,0,1.10234,2.96352,9.46447e+06,3.61194e+06,1.35044e+07,0,0,0,7.47005e+07
89.4796,110.355,1.9839,0,0.04,3.28271,3.28271,0,0.587292,6.048,4.55416e+06,2.70226e+06,1.495e+07,0,0,0,2.61704e+08,79.9329,79.791,1.70428,0,0,1.50407,1.50407,0,1.10239,2.96352,9.46447e+06,3.61194e+06,1.42352e+07,0,0,0,7.47005e+07
87.7257,110.355,1.76695,0,0.04,3.28287,3.28287,0,0.61518,6.048,4.55416e+06,2.70226e+06,1.49507e+07,0,0,0,2.61704e+08,79.5748,79.791,1.56206,0,0,1.50414,1.50414,0,1.16204,2.96352,9.46447e+06,3.61194e+06,1.42359e+07,0,0,0,7.47005e+07
85.9634,110.355,1.66332,0,0.04,3.28302,3.28302,0,0.615209,6.048,4.55416e+06,2.70226e+06,1.49514e+07,0,0,0,2.61704e+08,79.0846,79.791,1.50116,0,0,1.50421,1.50421,0,1.1621,2.96352,9.46447e+06,3.61194e+06,1.42366e+07,0,0,0,7.47005e+07
84.1203,110.355,1.56849,0,0.04,3.28317,3.28317,0,0.615238,6.048,4.55416e+06,2.70226e+06,1.49521e+07,0,0,0,2.61704e+08,79.0701,79.791,1.41527,0,0,1.50428,1.50428,0,1.16215,2.96352,9.46447e+06,3.61194e+06,1.42372e+07,0,0,0,7.47005e+07
82.404,110.355,1.65867,0,0.04,3.28333,3.28333,0,0.615267,6.048,4.55416e+06,2.70226e+06,1.49528e+07,0,0,0,2.61704e+08,78.9993,79.791,1.949,0,0,1.50435,1.50435,0,1.16221,2.96352,9.46447e+06,3.61194e+06,1.42379e+07,0,0,0,7.47005e+07
80.6532,110.355,1.5845,0,0.04,3.25407,3.25407,0,0.615296,6.048,4.55416e+06,2.70226e+06,1.48196e+07,0,0,0,2.61704e+08,78.8959,79.791,2.11717,0,0,1.54683,1.54683,0,1.16226,2.96352,9.46447e+06,3.61194e+06,1.464e+07,0,0,0,7.47005e+07
78.9083,110.355,1.57181,0,0.04,3.25423,3.25423,0,0.609813,6.048,4.55416e+06,2.70226e+06,1.48203e+07,0,0,0,2.61704e+08,78.7707,79.791,2.13566,0,0,1.54691,1.54691,0,1.19508,2.96352,9.46447e+06,3.61194e+06,1.46406e+07,0,0,0,7.47005e+07
77.1186,110.355,1.49459,0,0.04,3.25438,3.25438,0,0.609842,6.048,4.55416e+06,2.70226e+06,1.4821e+07,0,0,0,2.61704e+08,78.59,79.791,2.09891,0,0,1.54698,1.54698,0,1.19514,2.96352,9.46447e+06,3.61194e+06,1.46413e+07,0,0,0,7.47005e+07
75.2234,110.355,1.35305,0,0.04,3.25453,3.25453,0,0.609871,6.048,4.55416e+06,2.70226e+06,1.48217e+07,0,0,0,2.61704e+08,78.3931,79.791,1.92096,0,0,1.54705,1.54705,0,1.1952,2.96352,9.46447e+06,3.61194e+06,1.4642e+07,0,0,0,7.47005e+07
73.3453,110.355,1.41403,0,0.04,3.33064,3.33064,0,0.609899,6.048,4.55416e+06,2.70226e+06,1.51683e+07,0,0,0,2.61704e+08,78.1593,79.791,1.93762,0,0,1.58493,1.58493,0,1.19525,2.96352,9.46447e+06,3.61194e+06,1.50005e+07,0,0,0,7.47005e+07
71.3701,110.355,1.2959,0,0.04,3.3308,3.3308,0,0.624162,6.048,4.55416e+06,2.70226e+06,1.5169e+07,0,0,0,2.61704e+08,77.8041,79.791,1.88383,0,0,1.585,1.585,0,1.22452,2.96352,9.46447e+06,3.61194e+06,1.50012e+07,0,0,0,7.47005e+07
69.298,110.355,1.1765,0,0.04,3.33096,3.33096,0,0.624192,6.048,4.55416e+06,2.70226e+06,1.51697e+07,0,0,0,2.61704e+08,77.4325,79.791,1.72399,0,0,1.58508,1.58508,0,1.22457,2.96352,9.46447e+06,3.61194e+06,1.50019e+07,0,0,0,7.47005e+07
67.1207,110.355,1.03523,0,0.04,3.33111,3.33111,0,0.624221,6.048,4.55416e+06,2.70226e+06,1.51704e+07,0,0,0,2.61704e+08,76.9517,79.791,1.70363,0,0,1.58515,1.58515,0,1.22463,2.96352,9.46447e+06,3.61194e+06,1.50026e+07,0,0,0,7.47005e+07
64.7303,110.355,0.974856,0,0.04,3.55375,3.55375,0,0.62425,6.048,4.55416e+06,2.70226e+06,1.61843e+07,0,0,0,2.61704e+08,76.5422,79.791,1.51469,0,0,1.72171,1.72171,0,1.22469,2.96352,9.46447e+06,3.61194e+06,1.62951e+07,0,0,0,7.47005e+07
62.4789,110.355,1.09779,0,0.04,3.55392,3.55392,0,0.665973,6.048,4.55416e+06,2.70226e+06,1.61851e+07,0,0,0,2.61704e+08,75.8414,79.791,1.86688,0,0,1.72179,1.72179,0,1.33019,2.96352,9.46447e+06,3.61194e+06,1.62958e+07,0,0,0,7.47005e+07
60.0384,110.355,0.884135,0,0.04,3.55408,3.55408,0,0.666004,6.048,4.55416e+06,2.70226e+06,1.61859e+07,0,0,0,2.61704e+08,75.4161,79.791,1.35408,0,0,1.72187,1.72187,0,1.33025,2.96352,9.46447e+06,3.61194e+06,1.62966e+07,0,0,0,7.47005e+07
57.8231,110.355,1.06971,0,0.04,3.55425,3.55425,0,0.666035,6.048,4.55416e+06,2.70226e+06,1.61866e+07,0,0,0,2.61704e+08,74.9131,79.791,2.34481,0,0,1.72195,1.72195,0,1.33032,2.96352,9.46447e+06,3.61194e+06,1.62973e+07,0,0,0,7.47005e+07
55.502,110.355,0.918021,0,0.04,3.55442,3.55442,0,0.666066,6.048,4.55416e+06,2.70226e+06,1.61874e+07,0,0,0,2.61704e+08,74.5036,79.791,1.48561,0,0,1.72203,1.72203,0,1.33038,2.96352,9.46447e+06,3.61194e+06,1.62981e+07,0,0,0,7.47005e+07
53.5912,110.355,1.21859,0,0.04,3.44613,3.44613,0,0.666098,6.048,4.55416e+06,2.70226e+06,1.56942e+07,0,0,0,2.61704e+08,74.1808,79.791,1.88588,0,0,1.63925,1.63925,0,1.33044,2.96352,9.46447e+06,3.61194e+06,1.55147e+07,0,0,0,7.47005e+07
52.0124,110.355,1.57685,0,0.04,3.44629,3.44629,0,0.645805,6.048,4.55416e+06,2.70226e+06,1.5695e+07,0,0,0,2.61704e+08,74.0667,79.791,2.80995,0,0,1.63933,1.63933,0,1.26649,2.96352,9.46447e+06,3.61194e+06,1.55154e+07,0,0,0,7.47005e+07
50.3118,110.355,1.4575,0,0.04,3.44645,3.44645,0,0.645835,6.048,4.55416e+06,2.70226e+06,1.56957e+07,0,0,0,2.61704e+08,73.5424,79.791,1.8657,0,0,1.63941,1.63941,0,1.26655,2.96352,9.46447e+06,3.61194e+06,1.55161e+07,0,0,0,7.47005e+07
48.3931,110.355,1.23288,0,0.04,3.44661,3.44661,0,0.645865,6.048,4.55416e+06,2.70226e+06,1.56964e+07,0,0,0,2.61704e+08,72.5493,79.791,1.45576,0,0,1.63948,1.63948,0,1.26661,2.96352,9.46447e+06,3.61194e+06,1.55168e+07,0,0,0,7.47005e+07
46.358,110.355,1.01491,0,0.04,3.35774,3.35774,0,0.645896,6.048,4.55416e+06,2.70226e+06,1.52917e+07,0,0,0,2.61704e+08,72.3454,79.791,0.849229,0,0,1.56412,1.56412,0,1.26667,2.96352,9.46447e+06,3.61194e+06,1.48036e+07,0,0,0,7.47005e+07
44.8472,110.355,1.53104,0,0.04,3.35789,3.35789,0,0.62924,6.048,4.55416e+06,2.70226e+06,1.52924e+07,0,0,0,2.61704e+08,72.2403,79.791,2.27395,0,0,1.5642,1.5642,0,1.20844,2.96352,9.46447e+06,3.61194e+06,1.48043e+07,0,0,0,7.47005e+07
45.4083,110.355,3.72597,0,0.04,3.35805,3.35805,0,0.629269,6.048,4.55416e+06,2.70226e+06,1.52931e+07,0,0,0,2.61704e+08,72.5404,79.791,3.87546,0,0,1.56427,1.56427,0,1.2085,2.96352,9.46447e+06,3.61194e+06,1.4805e+07,0,0,0,7.47005e+07
44.4824,110.355,2.1737,0,0.04,3.35821,3.35821,0,0.629299,6.048,4.55416e+06,2.70226e+06,1.52938e+07,0,0,0,2.61704e+08,72.523,79.791,1.91569,0,0,1.56434,1.56434,0,1.20856,2.96352,9.46447e+06,3.61194e+06,1.48057e+07,0,0,0,7.47005e+07
43.2928,110.355,1.64412,0,0.04,3.10544,3.10544,0,0.629329,6.048,4.55416e+06,2.70226e+06,1.41427e+07,0,0,0,2.61704e+08,72.4228,79.791,1.72279,0,0,1.40728,1.40728,0,1.20861,2.96352,9.46447e+06,3.61194e+06,1.33191e+07,0,0,0,7.47005e+07
43.6944,110.355,3.29206,0,0.04,3.10559,3.10559,0,0.58196,6.048,4.55416e+06,2.70226e+06,1.41434e+07,0,0,0,2.61704e+08,72.6342,79.791,3.07749,0,0,1.40734,1.40734,0,1.08726,2.96352,9.46447e+06,3.61194e+06,1.33198e+07,0,0,0,7.47005e+07
44.0764,110.355,3.31146,0,0.04,3.10574,3.10574,0,0.581988,6.048,4.55416e+06,2.70226e+06,1.4144e+07,0,0,0,2.61704e+08,72.9506,79.791,3.12828,0,0,1.40741,1.40741,0,1.08731,2.96352,9.46447e+06,3.61194e+06,1.33204e+07,0,0,0,7.47005e+07
45.3636,110.355,4.25319,0,0.04,3.10588,3.10588,0,0.582015,6.048,4.55416e+06,2.70226e+06,1.41447e+07,0,0,0,2.61704e+08,73.4423,79.791,3.78942,0,0,1.40748,1.40748,0,1.08736,2.96352,9.46447e+06,3.61194e+06,1.3321e+07,0,0,0,7.47005e+07
48.8159,110.355,6.65085,0,0.04,3.10603,3.10603,0,0.582042,6.048,4.55416e+06,2.70226e+06,1.41453e+07,0,0,0,2.61704e+08,74.4522,79.791,5.59754,0,0,1.40754,1.40754,0,1.08742,2.96352,9.46447e+06,3.61194e+06,1.33216e+07,0,0,0,7.47005e+07
55.0019,110.355,9.7974,0,0.04,3.20347,3.20347,0,0.582069,6.048,4.55416e+06,2.70226e+06,1.45891e+07,0,0,0,2.61704e+08,75.8227,79.791,6.70293,0,0,1.45312,1.45312,0,1.08747,2.96352,9.46447e+06,3.61194e+06,1.3753e+07,0,0,0,7.47005e+07
60.0117,110.355,8.64731,0,0.04,3.2036,3.2036,0,0.600331,6.048,4.55416e+06,2.70226e+06,1.45897e+07,0,0,0,2.61704e+08,76.9353,79.791,6.72047,0,0,1.45318,1.45318,0,1.12268,2.96352,9.46447e+06,3.61194e+06,1.37535e+07,0,0,0,7.47005e+07
64.8379,110.355,8.57623,0,0.04,3.20373,3.20373,0,0.600355,6.048,4.55416e+06,2.70226e+06,1.45903e+07,0,0,0,2.61704e+08,78.8704,79.791,6.99169,0,0,1.45324,1.45324,0,1.12272,2.96352,9.46447e+06,3.61194e+06,1.37541e+07,0,0,0,7.47005e+07
70.0252,110.355,8.96891,0,0.04,3.20386,3.20386,0,0.600379,6.048,4.55416e+06,2.70226e+06,1.45909e+07,0,0,0,2.61704e+08,80.5991,79.791,6.90224,0,0,1.45329,1.45329,0,1.12277,2.96352,9.46447e+06,3.61194e+06,1.37547e+07,0,0,0,7.47005e+07
87.6468,110.355,22.0728,0,0.04,3.5165,3.5165,0,0.600403,6.048,4.55416e+06,2.70226e+06,1.60147e+07,0,0,0,2.61704e+08,80.8192,79.791,16.1953,0,0,1.62424,1.62424,0,1.12281,2.96352,9.46447e+06,3.61194e+06,1.53725e+07,0,0,0,7.47005e+07
92.2317,110.355,9.4875,0,0.04,3.51664,3.51664,0,0.658992,6.048,4.55416e+06,2.70226e+06,1.60153e+07,0,0,0,2.61704e+08,80.8192,79.791,8.1901,0,0,1.6243,1.6243,0,1.25488,2.96352,9.46447e+06,3.61194e+06,1.53732e+07,0,0,0,7.47005e+07
94.8268,110.355,7.01942,0,0.04,3.51678,3.51678,0,0.659019,6.048,4.55416e+06,2.70226e+06,1.6016e+07,0,0,0,2.61704e+08,80.8192,79.791,7.07557,0,0,1.62437,1.62437,0,1.25494,2.96352,9.46447e+06,3.61194e+06,1.53738e+07,0,0,0,7.47005e+07
97.7608,110.355,7.48598,0,0.04,3.51693,3.51693,0,0.659045,6.048,4.55416e+06,2.70226e+06,1.60166e+07,0,0,0,2.61704e+08,80.8192,79.791,13.3332,0,0,1.62443,1.62443,0,1.25499,2.96352,9.46447e+06,3.61194e+06,1.53744e+07,0,0,0,7.47005e+07
103.174,110.355,9.85357,0,0.04,3.07126,3.07126,0,0.659072,6.048,4.55416e+06,2.70226e+06,1.3987e+07,0,0,0,2.61704e+08,80.8192,79.791,14.8532,0,0,1.39513,1.39513,0,1.25504,2.96352,9.46447e+06,3.61194e+06,1.32042e+07,0,0,0,7.47005e+07
107.579,110.355,8.58887,0,0.04,3.07138,3.07138,0,0.575553,6.048,4.55416e+06,2.70226e+06,1.39876e+07,0,0,0,2.61704e+08,80.8192,79.791,11.4087,0,0,1.39519,1.39519,0,1.07788,2.96352,9.46447e+06,3.61194e+06,1.32047e+07,0,0,0,7.47005e+07
110.355,110.355,7.83472,0,0.04,3.0715,3.0715,0,0.575577,6.048,4.55416e+06,2.70226e+06,1.39881e+07,0,0,0,2.61704e+08,80.8192,79.791,9.07744,0,0,1.39525,1.39525,0,1.07792,2.96352,9.46447e+06,3.61194e+06,1.32053e+07,0,0,0,7.47005e+07
110.355,110.355,8.441,0,0.04,3.07163,3.07163,0,0.5756,6.048,4.55416e+06,2.70226e+06,1.39887e+07,0,0,0,2.61704e+08,80.8192,79.791,10.0339,0,0,1.3953,1.3953,0,1.07797,2.96352,9.46447e+06,3.61194e+06,1.32058e+07,0,0,0,7.47005e+07
110.355,110.355,8.71237,0,0.04,3.07175,3.07175,0,0.575623,6.048,4.55416e+06,2.70226e+06,1.39893e+07,0,0,0,2.61704e+08,80.8192,79.791,8.87137,0,0,1.39536,1.39536,0,1.07801,2.96352,9.46447e+06,3.61194e+06,1.32063e+07,0,0,0,7.47005e+07
110.355,110.355,7.74775,0.05,0.04,2.57932,3.18412,0,0.575646,6.048,4.55416e+06,2.70226e+06,1.17466e+07,0,0,0,2.61704e+08,80.8192,79.791,9.73419,0,0,2.05634,1.45154,0,1.07805,2.96352,9.46447e+06,3.61194e+06,1.94621e+07,0,0,0,7.47005e+07
110.355,110.355,6.22796,0.08,0.04,2.57944,3.18424,0,0.483364,6.048,4.55416e+06,2.70226e+06,1.17472e+07,0,0,0,2.61704e+08,80.8192,79.791,8.84882,0,0,2.0564,1.4516,0,1.58873,2.96352,9.46447e+06,3.61194e+06,1.94627e+07,0,0,0,7.47005e+07
110.355,110.355,4.89277,0.13,0.04,2.57957,3.18437,0,0.483388,6.048,4.55416e+06,2.70226e+06,1.17478e+07,0,0,0,2.61704e+08,80.8192,79.791,6.57323,0,0,2.05645,1.45165,0,1.58877,2.96352,9.46447e+06,3.61194e+06,1.94633e+07,0,0,0,7.47005e+07
110.355,110.355,4.98211,0.14,0.04,2.5797,3.1845,0,0.483412,6.048,4.55416e+06,2.70226e+06,1.17484e+07,0,0,0,2.61704e+08,80.8192,79.791,6.39761,0,0,2.05651,1.45171,0,1.58882,2.96352,9.46447e+06,3.61194e+06,1.94638e+07,0,0,0,7.47005e+07
110.355,110.355,5.10022,0.13,0.04,2.53594,3.14074,0,0.483436,6.048,4.55416e+06,2.70226e+06,1.15491e+07,0,0,0,2.61704e+08,80.8192,79.791,6.43161,0,0,2.03477,1.42997,0,1.58886,2.96352,9.46447e+06,3.61194e+06,1.9258e+07,0,0,0,7.47005e+07
110.355,110.355,4.66465,0.1,0.04,2.53606,3.14086,0,0.475235,6.048,4.55416e+06,2.70226e+06,1.15496e+07,0,0,0,2.61704e+08,80.8192,79.791,6.04675,0,0,2.03483,1.43003,0,1.57206,2.96352,9.46447e+06,3.61194e+06,1.92586e+07,0,0,0,7.47005e+07
110.355,110.355,4.2419,0.1,0.04,2.53619,3.14099,0,0.475258,6.048,4.55416e+06,2.70226e+06,1.15502e+07,0,0,0,2.61704e+08,80.8192,79.791,5.07153,0,0,2.03489,1.43009,0,1.57211,2.96352,9.46447e+06,3.61194e+06,1.92591e+07,0,0,0,7.47005e+07
110.355,110.355,4.25893,0.09,0.04,2.53632,3.14112,0,0.475282,6.048,4.55416e+06,2.70226e+06,1.15508e+07,0,0,0,2.61704e+08,80.8192,79.791,5.31664,0,0,2.03494,1.43014,0,1.57215,2.96352,9.46447e+06,3.61194e+06,1.92597e+07,0,0,0,7.47005e+07
110.355,110.355,4.01614,0.07,0.04,2.68545,3.29025,0,0.475306,6.048,4.55416e+06,2.70226e+06,1.223e+07,0,0,0,2.61704e+08,80.8192,79.791,5.64609,0,0,2.11233,1.50753,0,1.5722,2.96352,9.46447e+06,3.61194e+06,1.9992e+07,0,0,0,7.47005e+07
110.355,110.355,3.68049,0.07,0.04,2.68559,3.29039,0,0.503254,6.048,4.55416e+06,2.70226e+06,1.22306e+07,0,0,0,2.61704e+08,80.8192,79.791,4.95525,0,0,2.11239,1.50759,0,1.63198,2.96352,9.46447e+06,3.61194e+06,1.99926e+07,0,0,0,7.47005e+07
110.355,110.355,3.3543,0.07,0.04,2.68572,3.29052,0,0.503279,6.048,4.55416e+06,2.70226e+06,1.22312e+07,0,0,0,2.61704e+08,80.8192,79.791,3.9629,0,0,2.11245,1.50765,0,1.63203,2.96352,9.46447e+06,3.61194e+06,1.99932e+07,0,0,0,7.47005e+07
110.078,110.355,2.94842,0.07,0.04,2.68585,3.29065,0,0.503304,6.048,4.55416e+06,2.70226e+06,1.22318e+07,0,0,0,2.61704e+08,80.8192,79.791,4.05648,0,0,2.11251,1.50771,0,1.63208,2.96352,9.46447e+06,3.61194e+06,1.99938e+07,0,0,0,7.47005e+07
110.075,110.355,3.17636,0.07,0.04,2.68599,3.29079,0,0.503329,6.048,4.55416e+06,2.70226e+06,1.22324e+07,0,0,0,2.61704e+08,80.8192,79.791,4.0959,0,0,2.11257,1.50777,0,1.63212,2.96352,9.46447e+06,3.61194e+06,1.99943e+07,0,0,0,7.47005e+07
110.083,110.355,3.1328,0.07,0.04,2.65664,3.26144,0,0.503354,6.048,4.55416e+06,2.70226e+06,1.20988e+07,0,0,0,2.61704e+08,80.8192,79.791,4.30587,0,0,2.15514,1.55034,0,1.63217,2.96352,9.46447e+06,3.61194e+06,2.03972e+07,0,0,0,7.47005e+07
109.917,110.355,2.94226,0.07,0.04,2.65678,3.26158,0,0.497855,6.048,4.55416e+06,2.70226e+06,1.20994e+07,0,0,0,2.61704e+08,80.8192,79.791,4.22309,0,0,2.1552,1.5504,0,1.66506,2.96352,9.46447e+06,3.61194e+06,2.03978e+07,0,0,0,7.47005e+07
109.688,110.355,2.86059,0.08,0.04,2.65691,3.26171,0,0.49788,6.048,4.55416e+06,2.70226e+06,1.21e+07,0,0,0,2.61704e+08,80.8192,79.791,3.96534,0,0,2.15526,1.55046,0,1.66511,2.96352,9.46447e+06,3.61194e+06,2.03984e+07,0,0,0,7.47005e+07
109.257,110.355,2.62959,0.08,0.04,2.65704,3.26184,0,0.497904,6.048,4.55416e+06,2.70226e+06,1.21006e+07,0,0,0,2.61704e+08,80.8192,79.791,3.73044,0,0,2.15532,1.55052,0,1.66516,2.96352,9.46447e+06,3.61194e+06,2.0399e+07,0,0,0,7.47005e+07
108.976,110.355,2.84456,0.05,0.04,2.7333,3.3381,0,0.497929,6.048,4.55416e+06,2.70226e+06,1.24479e+07,0,0,0,2.61704e+08,80.8192,79.791,4.04147,0,0,2.19328,1.58848,0,1.6652,2.96352,9.46447e+06,3.61194e+06,2.07582e+07,0,0,0,7.47005e+07
108.515,110.355,2.63122,0.05,0.04,2.73343,3.33823,0,0.51222,6.048,4.55416e+06,2.70226e+06,1.24485e+07,0,0,0,2.61704e+08,80.8192,79.791,4.10116,0,0,2.19334,1.58854,0,1.69452,2.96352,9.46447e+06,3.61194e+06,2.07588e+07,0,0,0,7.47005e+07
107.871,110.355,2.43871,0.05,0.04,2.73357,3.33837,0,0.512245,6.048,4.55416e+06,2.70226e+06,1.24491e+07,0,0,0,2.61704e+08,80.7743,79.791,3.64834,0,0,2.1934,1.5886,0,1.69457,2.96352,9.46447e+06,3.61194e+06,2.07594e+07,0,0,0,7.47005e+07
107.287,110.355,2.481,0.05,0.04,2.7337,3.3385,0,0.51227,6.048,4.55416e+06,2.70226e+06,1.24497e+07,0,0,0,2.61704e+08,80.8192,79.791,4.14535,0,0,2.19347,1.58867,0,1.69462,2.96352,9.46447e+06,3.61194e+06,2.076e+07,0,0,0,7.47005e+07
105.233,110.355,1.63497,0,0.04,3.56161,3.56161,0,0.512296,6.048,4.55416e+06,2.70226e+06,1.62201e+07,0,0,0,2.61704e+08,80.7987,79.791,3.68733,0,0,1.72552,1.72552,0,1.69467,2.96352,9.46447e+06,3.61194e+06,1.63311e+07,0,0,0,7.47005e+07
103.73,110.355,1.63672,0.05,0.04,2.95695,3.56175,0,0.667446,6.048,4.55416e+06,2.70226e+06,1.34664e+07,0,0,0,2.61704e+08,80.6293,79.791,3.69675,0,0,2.33038,1.72558,0,1.33313,2.96352,9.46447e+06,3.61194e+06,2.20559e+07,0,0,0,7.47005e+07
102.595,110.355,2.62542,0,0.04,3.5619,3.5619,0,0.554133,6.048,4.55416e+06,2.70226e+06,1.62214e+07,0,0,0,2.61704e+08,80.7769,79.791,4.46947,0,0,1.72565,1.72565,0,1.80046,2.96352,9.46447e+06,3.61194e+06,1.63324e+07,0,0,0,7.47005e+07
102.088,110.355,3.28072,0,0.04,3.56204,3.56204,0,0.667499,6.048,4.55416e+06,2.70226e+06,1.62221e+07,0,0,0,2.61704e+08,80.8192,79.791,4.62031,0,0,1.72572,1.72572,0,1.33324,2.96352,9.46447e+06,3.61194e+06,1.63331e+07,0,0,0,7.47005e+07
100.498,110.355,2.11031,0,0.04,3.56218,3.56218,0,0.667526,6.048,4.55416e+06,2.70226e+06,1.62228e+07,0,0,0,2.61704e+08,80.8192,79.791,4.46037,0,0,1.72579,1.72579,0,1.33329,2.96352,9.46447e+06,3.61194e+06,1.63337e+07,0,0,0,7.47005e+07
97.9498,110.355,1.03489,0,0.04,3.45364,3.45364,0,0.667553,6.048,4.55416e+06,2.70226e+06,1.57284e+07,0,0,0,2.61704e+08,80.6632,79.791,2.53038,0,0,1.64282,1.64282,0,1.33335,2.96352,9.46447e+06,3.61194e+06,1.55485e+07,0,0,0,7.47005e+07
95.3508,110.355,0.908963,0,0.04,3.45378,3.45378,0,0.647212,6.048,4.55416e+06,2.70226e+06,1.57291e+07,0,0,0,2.61704e+08,80.5166,79.791,2.08736,0,0,1.64289,1.64289,0,1.26925,2.96352,9.46447e+06,3.61194e+06,1.55491e+07,0,0,0,7.47005e+07
93.97,110.355,2.29996,0,0.04,3.45392,3.45392,0,0.647238,6.048,4.55416e+06,2.70226e+06,1.57297e+07,0,0,0,2.61704e+08,80.8192,79.791,4.90906,0,0,1.64296,1.64296,0,1.2693,2.96352,9.46447e+06,3.61194e+06,1.55497e+07,0,0,0,7.47005e+07
92.0253,110.355,1.86452,0,0.04,3.45405,3.45405,0,0.647264,6.048,4.55416e+06,2.70226e+06,1.57303e+07,0,0,0,2.61704e+08,80.8192,79.791,3.12404,0,0,1.64302,1.64302,0,1.26935,2.96352,9.46447e+06,3.61194e+06,1.55503e+07,0,0,0,7.47005e+07
90.6713,110.355,2.4354,0,0.04,3.36496,3.36496,0,0.64729,6.048,4.55416e+06,2.70226e+06,1.53246e+07,0,0,0,2.61704e+08,80.8192,79.791,4.63693,0,0,1.56749,1.56749,0,1.2694,2.96352,9.46447e+06,3.61194e+06,1.48355e+07,0,0,0,7.47005e+07
89.1542,110.355,2.2312,0,0.04,3.3651,3.3651,0,0.630594,6.048,4.55416e+06,2.70226e+06,1.53252e+07,0,0,0,2.61704e+08,80.8192,79.791,6.10042,0,0,1.56755,1.56755,0,1.21104,2.96352,9.46447e+06,3.61194e+06,1.48361e+07,0,0,0,7.47005e+07
87.7059,110.355,2.40878,0,0.04,3.36524,3.36524,0,0.63062,6.048,4.55416e+06,2.70226e+06,1.53258e+07,0,0,0,2.61704e+08,80.8192,79.791,6.52531,0,0,1.56762,1.56762,0,1.21109,2.96352,9.46447e+06,3.61194e+06,1.48367e+07,0,0,0,7.47005e+07
88.5111,110.355,4.73796,0,0.04,3.36537,3.36537,0,0.630645,6.048,4.55416e+06,2.70226e+06,1.53264e+07,0,0,0,2.61704e+08,80.8192,79.791,7.31096,0,0,1.56768,1.56768,0,1.21114,2.96352,9.46447e+06,3.61194e+06,1.48373e+07,0,0,0,7.47005e+07
90.8974,110.355,6.37052,0,0.04,3.11205,3.11205,0,0.630671,6.048,4.55416e+06,2.70226e+06,1.41728e+07,0,0,0,2.61704e+08,80.8192,79.791,8.0343,0,0,1.41027,1.41027,0,1.21119,2.96352,9.46447e+06,3.61194e+06,1.33475e+07,0,0,0,7.47005e+07
92.4929,110.355,5.54601,0,0.04,3.11217,3.11217,0,0.583197,6.048,4.55416e+06,2.70226e+06,1.41733e+07,0,0,0,2.61704e+08,80.8192,79.791,10.9388,0,0,1.41033,1.41033,0,1.08957,2.96352,9.46447e+06,3.61194e+06,1.3348e+07,0,0,0,7.47005e+07
93.4844,110.355,4.94761,0,0.04,3.1123,3.1123,0,0.583221,6.048,4.55416e+06,2.70226e+06,1.41739e+07,0,0,0,2.61704e+08,80.8192,79.791,9.34656,0,0,1.41038,1.41038,0,1.08962,2.96352,9.46447e+06,3.61194e+06,1.33485e+07,0,0,0,7.47005e+07
94.8647,110.355,5.43102,0,0.04,3.11242,3.11242,0,0.583244,6.048,4.55416e+06,2.70226e+06,1.41745e+07,0,0,0,2.61704e+08,80.8192,79.791,11.0925,0,0,1.41044,1.41044,0,1.08966,2.96352,9.46447e+06,3.61194e+06,1.33491e+07,0,0,0,7.47005e+07
97.8366,110.355,6.94588,0,0.04,3.11255,3.11255,0,0.583268,6.048,4.55416e+06,2.70226e+06,1.4175e+07,0,0,0,2.61704e+08,80.8192,79.791,9.5401,0,0,1.4105,1.4105,0,1.08971,2.96352,9.46447e+06,3.61194e+06,1.33496e+07,0,0,0,7.47005e+07
102.05,110.355,8.52381,0,0.04,3.21018,3.21018,0,0.583291,6.048,4.55416e+06,2.70226e+06,1.46197e+07,0,0,0,2.61704e+08,80.8192,79.791,10.1839,0,0,1.45616,1.45616,0,1.08975,2.96352,9.46447e+06,3.61194e+06,1.37818e+07,0,0,0,7.47005e+07
104.66,110.355,6.89159,0,0.04,3.21029,3.21029,0,0.601587,6.048,4.55416e+06,2.70226e+06,1.46202e+07,0,0,0,2.61704e+08,80.8192,79.791,7.7929,0,0,1.45621,1.45621,0,1.12503,2.96352,9.46447e+06,3.61194e+06,1.37822e+07,0,0,0,7.47005e+07
108.08,110.355,7.70792,0,0.04,3.21039,3.21039,0,0.601607,6.048,4.55416e+06,2.70226e+06,1.46206e+07,0,0,0,2.61704e+08,80.8192,79.791,5.66553,0,0,1.45626,1.45626,0,1.12507,2.96352,9.46447e+06,3.61194e+06,1.37827e+07,0,0,0,7.47005e+07
109.956,110.355,6.16439,0,0.04,3.2105,3.2105,0,0.601628,6.048,4.55416e+06,2.70226e+06,1.46211e+07,0,0,0,2.61704e+08,80.8192,79.791,5.19597,0,0,1.45631,1.45631,0,1.1251,2.96352,9.46447e+06,3.61194e+06,1.37832e+07,0,0,0,7.47005e+07
110.355,110.355,9.23604,0,0.04,3.52377,3.52377,0,0.601648,6.048,4.55416e+06,2.70226e+06,1.60478e+07,0,0,0,2.61704e+08,80.8192,79.791,9.84751,0,0,1.62759,1.62759,0,1.12514,2.96352,9.46447e+06,3.61194e+06,1.54043e+07,0,0,0,7.47005e+07
110.355,110.355,7.15473,0.06,0.04,2.91909,3.52389,0,0.660354,6.048,4.55416e+06,2.70226e+06,1.3294e+07,0,0,0,2.61704e+08,80.8192,79.791,5.4362,0,0,2.23245,1.62765,0,1.25748,2.96352,9.46447e+06,3.61194e+06,2.11289e+07,0,0,0,7.47005e+07
110.355,110.355,5.98015,0.08,0.04,2.9192,3.524,0,0.547037,6.048,4.55416e+06,2.70226e+06,1.32945e+07,0,0,0,2.61704e+08,80.8192,79.791,4.52728,0,0,2.2325,1.6277,0,1.72479,2.96352,9.46447e+06,3.61194e+06,2.11295e+07,0,0,0,7.47005e+07
110.355,110.355,7.8351,0.08,0.04,2.91932,3.52412,0,0.547059,6.048,4.55416e+06,2.70226e+06,1.32951e+07,0,0,0,2.61704e+08,80.8192,79.791,7.13603,0,0,2.23256,1.62776,0,1.72483,2.96352,9.46447e+06,3.61194e+06,2.113e+07,0,0,0,7.47005e+07
110.355,110.355,6.21128,0.13,0.04,2.47272,3.07752,0,0.547081,6.048,4.55416e+06,2.70226e+06,1.12612e+07,0,0,0,2.61704e+08,80.8192,79.791,7.13284,0,0,2.00278,1.39798,0,1.72487,2.96352,9.46447e+06,3.61194e+06,1.89553e+07,0,0,0,7.47005e+07
110.355,110.355,5.76349,0.13,0.04,2.47283,3.07763,0,0.463388,6.048,4.55416e+06,2.70226e+06,1.12616e+07,0,0,0,2.61704e+08,80.8192,79.791,5.41248,0,0,2.00283,1.39803,0,1.54735,2.96352,9.46447e+06,3.61194e+06,1.89557e+07,0,0,0,7.47005e+07
110.355,110.355,4.64962,0.13,0.04,2.47293,3.07773,0,0.463408,6.048,4.55416e+06,2.70226e+06,1.12621e+07,0,0,0,2.61704e+08,80.8192,79.791,3.8562,0,0,2.00287,1.39807,0,1.54738,2.96352,9.46447e+06,3.61194e+06,1.89561e+07,0,0,0,7.47005e+07
110.25,110.355,3.2458,0.14,0.04,2.47303,3.07783,0,0.463427,6.048,4.55416e+06,2.70226e+06,1.12626e+07,0,0,0,2.61704e+08,80.7669,79.791,3.0665,0,0,2.00292,1.39812,0,1.54742,2.96352,9.46447e+06,3.61194e+06,1.89566e+07,0,0,0,7.47005e+07
110.355,110.355,6.71663,0.14,0.04,2.47314,3.07794,0,0.463446,6.048,4.55416e+06,2.70226e+06,1.12631e+07,0,0,0,2.61704e+08,80.8192,79.791,7.11694,0,0,2.00297,1.39817,0,1.54746,2.96352,9.46447e+06,3.61194e+06,1.8957e+07,0,0,0,7.47005e+07
110.355,110.355,6.28807,0.14,0.04,2.58571,3.19051,0,0.463466,6.048,4.55416e+06,2.70226e+06,1.17757e+07,0,0,0,2.61704e+08,80.8192,79.791,5.85472,0,0,2.05925,1.45445,0,1.54749,2.96352,9.46447e+06,3.61194e+06,1.94897e+07,0,0,0,7.47005e+07
110.355,110.355,5.75198,0.13,0.04,2.58581,3.19061,0,0.484561,6.048,4.55416e+06,2.70226e+06,1.17762e+07,0,0,0,2.61704e+08,80.8192,79.791,6.11372,0,0,2.0593,1.4545,0,1.59098,2.96352,9.46447e+06,3.61194e+06,1.94902e+07,0,0,0,7.47005e+07
110.355,110.355,5.49108,0.15,0.04,2.58592,3.19072,0,0.484582,6.048,4.55416e+06,2.70226e+06,1.17767e+07,0,0,0,2.61704e+08,80.8192,79.791,6.39101,0,0,2.05935,1.45455,0,1.59101,2.96352,9.46447e+06,3.61194e+06,1.94906e+07,0,0,0,7.47005e+07
110.355,110.355,4.66144,0.15,0.04,2.58603,3.19083,0,0.484602,6.048,4.55416e+06,2.70226e+06,1.17772e+07,0,0,0,2.61704e+08,80.8192,79.791,4.84076,0,0,2.0594,1.4546,0,1.59105,2.96352,9.46447e+06,3.61194e+06,1.94911e+07,0,0,0,7.47005e+07
110.355,110.355,4.87308,0.14,0.04,2.54216,3.14696,0,0.484622,6.048,4.55416e+06,2.70226e+06,1.15774e+07,0,0,0,2.61704e+08,80.8192,79.791,5.16709,0,0,2.0376,1.4328,0,1.59109,2.96352,9.46447e+06,3.61194e+06,1.92848e+07,0,0,0,7.47005e+07
110.355,110.355,4.61669,0.1,0.04,2.54226,3.14706,0,0.4764,6.048,4.55416e+06,2.70226e+06,1.15779e+07,0,0,0,2.61704e+08,80.8192,79.791,4.97136,0,0,2.03765,1.43285,0,1.57425,2.96352,9.46447e+06,3.61194e+06,1.92853e+07,0,0,0,7.47005e+07
110.355,110.355,4.27534,0.1,0.04,2.54237,3.14717,0,0.47642,6.048,4.55416e+06,2.70226e+06,1.15784e+07,0,0,0,2.61704e+08,80.8192,79.791,5.67094,0,0,2.0377,1.4329,0,1.57429,2.96352,9.46447e+06,3.61194e+06,1.92858e+07,0,0,0,7.47005e+07
110.355,110.355,4.02657,0.09,0.04,2.54248,3.14728,0,0.47644,6.048,4.55416e+06,2.70226e+06,1.15788e+07,0,0,0,2.61704e+08,80.8192,79.791,5.4012,0,0,2.03775,1.43295,0,1.57433,2.96352,9.46447e+06,3.61194e+06,1.92862e+07,0,0,0,7.47005e+07
110.355,110.355,3.9547,0.08,0.04,2.69189,3.29669,0,0.47646,6.048,4.55416e+06,2.70226e+06,1.22593e+07,0,0,0,2.61704e+08,80.8192,79.791,4.54085,0,0,2.11527,1.51047,0,1.57436,2.96352,9.46447e+06,3.61194e+06,2.00199e+07,0,0,0,7.47005e+07
110.355,110.355,3.91481,0.07,0.04,2.692,3.2968,0,0.504459,6.048,4.55416e+06,2.70226e+06,1.22598e+07,0,0,0,2.61704e+08,80.8192,79.791,4.53142,0,0,2.11532,1.51052,0,1.63426,2.96352,9.46447e+06,3.61194e+06,2.00204e+07,0,0,0,7.47005e+07
110.355,110.355,3.51266,0.07,0.04,2.69211,3.29691,0,0.50448,6.048,4.55416e+06,2.70226e+06,1.22603e+07,0,0,0,2.61704e+08,80.8192,79.791,4.5824,0,0,2.11537,1.51057,0,1.6343,2.96352,9.46447e+06,3.61194e+06,2.00209e+07,0,0,0,7.47005e+07
110.355,110.355,3.35444,0.07,0.04,2.69222,3.29702,0,0.504501,6.048,4.55416e+06,2.70226e+06,1.22608e+07,0,0,0,2.61704e+08,80.8192,79.791,4.51437,0,0,2.11542,1.51062,0,1.63434,2.96352,9.46447e+06,3.61194e+06,2.00214e+07,0,0,0,7.47005e+07
110.355,110.355,3.18401,0.07,0.04,2.69233,3.29713,0,0.504522,6.048,4.55416e+06,2.70226e+06,1.22613e+07,0,0,0,2.61704e+08,80.8192,79.791,3.91432,0,0,2.11548,1.51068,0,1.63438,2.96352,9.46447e+06,3.61194e+06,2.00219e+07,0,0,0,7.47005e+07
110.236,110.355,2.93359,0.08,0.04,2.66291,3.26771,0,0.504543,6.048,4.55416e+06,2.70226e+06,1.21273e+07,0,0,0,2.61704e+08,80.8192,79.791,3.42506,0,0,2.15812,1.55332,0,1.63442,2.96352,9.46447e+06,3.61194e+06,2.04254e+07,0,0,0,7.47005e+07
109.926,110.355,2.7265,0.08,0.04,2.66302,3.26782,0,0.499029,6.048,4.55416e+06,2.70226e+06,1.21278e+07,0,0,0,2.61704e+08,80.8192,79.791,3.14761,0,0,2.15817,1.55337,0,1.66736,2.96352,9.46447e+06,3.61194e+06,2.04259e+07,0,0,0,7.47005e+07
109.548,110.355,2.64274,0.08,0.04,2.66313,3.26793,0,0.49905,6.048,4.55416e+06,2.70226e+06,1.21283e+07,0,0,0,2.61704e+08,80.8192,79.791,2.95271,0,0,2.15822,1.55342,0,1.6674,2.96352,9.46447e+06,3.61194e+06,2.04264e+07,0,0,0,7.47005e+07
109.172,110.355,2.59148,0.08,0.04,2.66324,3.26804,0,0.499071,6.048,4.55416e+06,2.70226e+06,1.21288e+07,0,0,0,2.61704e+08,80.8104,79.791,2.77545,0,0,2.15827,1.55347,0,1.66744,2.96352,9.46447e+06,3.61194e+06,2.04269e+07,0,0,0,7.47005e+07
109.192,110.355,3.05135,0.08,0.04,2.73962,3.34442,0,0.499091,6.048,4.55416e+06,2.70226e+06,1.24767e+07,0,0,0,2.61704e+08,80.6499,79.791,2.72913,0,0,2.19629,1.59149,0,1.66748,2.96352,9.46447e+06,3.61194e+06,2.07867e+07,0,0,0,7.47005e+07
108.831,110.355,2.66395,0.08,0.04,2.73974,3.34454,0,0.513406,6.048,4.55416e+06,2.70226e+06,1.24772e+07,0,0,0,2.61704e+08,80.4387,79.791,2.52844,0,0,2.19634,1.59154,0,1.69685,2.96352,9.46447e+06,3.61194e+06,2.07872e+07,0,0,0,7.47005e+07
108.271,110.355,2.45596,0.08,0.04,2.73985,3.34465,0,0.513427,6.048,4.55416e+06,2.70226e+06,1.24777e+07,0,0,0,2.61704e+08,80.2119,79.791,2.42971,0,0,2.19639,1.59159,0,1.69689,2.96352,9.46447e+06,3.61194e+06,2.07877e+07,0,0,0,7.47005e+07
107.347,110.355,2.05336,0.08,0.04,2.73996,3.34476,0,0.513448,6.048,4.55416e+06,2.70226e+06,1.24782e+07,0,0,0,2.61704e+08,79.9765,79.791,2.40901,0,0,2.19645,1.59165,0,1.69693,2.96352,9.46447e+06,3.61194e+06,2.07882e+07,0,0,0,7.47005e+07
106.501,110.355,2.32642,0.08,0.04,2.96347,3.56827,0,0.513469,6.048,4.55416e+06,2.70226e+06,1.34961e+07,0,0,0,2.61704e+08,79.6091,79.791,2.06357,0,0,2.33354,1.72874,0,1.69698,2.96352,9.46447e+06,3.61194e+06,2.20857e+07,0,0,0,7.47005e+07
106.031,110.355,2.6977,0.1,0.04,2.96359,3.56839,0,0.555353,6.048,4.55416e+06,2.70226e+06,1.34966e+07,0,0,0,2.61704e+08,79.1869,79.791,2.25646,0,0,2.3336,1.7288,0,1.80289,2.96352,9.46447e+06,3.61194e+06,2.20863e+07,0,0,0,7.47005e+07
105.053,110.355,2.20672,0.1,0.04,2.96371,3.56851,0,0.555376,6.048,4.55416e+06,2.70226e+06,1.34972e+07,0,0,0,2.61704e+08,78.7181,79.791,1.80324,0,0,2.33366,1.72886,0,1.80294,2.96352,9.46447e+06,3.61194e+06,2.20868e+07,0,0,0,7.47005e+07
104.46,110.355,2.57011,0.1,0.04,2.96383,3.56863,0,0.555399,6.048,4.55416e+06,2.70226e+06,1.34977e+07,0,0,0,2.61704e+08,78.5398,79.791,2.70606,0,0,2.33372,1.72892,0,1.80298,2.96352,9.46447e+06,3.61194e+06,2.20874e+07,0,0,0,7.47005e+07
103.496,110.355,2.17719,0.11,0.04,2.96395,3.56875,0,0.555421,6.048,4.55416e+06,2.70226e+06,1.34983e+07,0,0,0,2.61704e+08,78.2252,79.791,2.22355,0,0,2.33377,1.72897,0,1.80303,2.96352,9.46447e+06,3.61194e+06,2.20879e+07,0,0,0,7.47005e+07
102.872,110.355,2.40717,0.11,0.04,2.85518,3.45998,0,0.555444,6.048,4.55416e+06,2.70226e+06,1.30029e+07,0,0,0,2.61704e+08,78.1643,79.791,2.62995,0,0,2.25064,1.64584,0,1.80307,2.96352,9.46447e+06,3.61194e+06,2.13011e+07,0,0,0,7.47005e+07
102.179,110.355,2.36195,0.11,0.04,2.85529,3.46009,0,0.53506,6.048,4.55416e+06,2.70226e+06,1.30035e+07,0,0,0,2.61704e+08,78.0993,79.791,2.6167,0,0,2.2507,1.6459,0,1.73884,2.96352,9.46447e+06,3.61194e+06,2.13017e+07,0,0,0,7.47005e+07
101.767,110.355,2.76424,0.07,0.04,2.85541,3.46021,0,0.535082,6.048,4.55416e+06,2.70226e+06,1.3004e+07,0,0,0,2.61704e+08,78.4251,79.791,3.41493,0,0,2.25075,1.64595,0,1.73889,2.96352,9.46447e+06,3.61194e+06,2.13022e+07,0,0,0,7.47005e+07
101.297,110.355,2.83611,0.06,0.04,2.85553,3.46033,0,0.535104,6.048,4.55416e+06,2.70226e+06,1.30045e+07,0,0,0,2.61704e+08,78.4098,79.791,2.52691,0,0,2.25081,1.64601,0,1.73893,2.96352,9.46447e+06,3.61194e+06,2.13027e+07,0,0,0,7.47005e+07
99.1727,110.355,1.01185,0.13,0.04,2.76625,3.37105,0,0.535126,6.048,4.55416e+06,2.70226e+06,1.2598e+07,0,0,0,2.61704e+08,78.1428,79.791,1.90608,0,0,2.17513,1.57033,0,1.73897,2.96352,9.46447e+06,3.61194e+06,2.05864e+07,0,0,0,7.47005e+07
97.5893,110.355,1.58801,0.07,0.04,2.76637,3.37117,0,0.518396,6.048,4.55416e+06,2.70226e+06,1.25985e+07,0,0,0,2.61704e+08,78.1921,79.791,2.80261,0,0,2.17518,1.57038,0,1.6805,2.96352,9.46447e+06,3.61194e+06,2.05869e+07,0,0,0,7.47005e+07
97.1103,110.355,2.8001,0.06,0.04,2.76648,3.37128,0,0.518417,6.048,4.55416e+06,2.70226e+06,1.2599e+07,0,0,0,2.61704e+08,78.8909,79.791,3.8073,0,0,2.17523,1.57043,0,1.68054,2.96352,9.46447e+06,3.61194e+06,2.05874e+07,0,0,0,7.47005e+07
97.0907,110.355,3.27112,0.05,0.04,2.76659,3.37139,0,0.518438,6.048,4.55416e+06,2.70226e+06,1.25995e+07,0,0,0,2.61704e+08,79.4429,79.791,3.95474,0,0,2.17529,1.57049,0,1.68059,2.96352,9.46447e+06,3.61194e+06,2.05879e+07,0,0,0,7.47005e+07
96.2666,110.355,2.81389,0,0.04,3.1176,3.1176,0,0.51846,6.048,4.55416e+06,2.70226e+06,1.4198e+07,0,0,0,2.61704e+08,79.938,79.791,2.67586,0,0,1.41278,1.41278,0,1.68063,2.96352,9.46447e+06,3.61194e+06,1.33713e+07,0,0,0,7.47005e+07
97.1425,110.355,4.61964,0,0.04,3.1177,3.1177,0,0.584237,6.048,4.55416e+06,2.70226e+06,1.41985e+07,0,0,0,2.61704e+08,80.7409,79.791,3.63957,0,0,1.41283,1.41283,0,1.09152,2.96352,9.46447e+06,3.61194e+06,1.33717e+07,0,0,0,7.47005e+07
97.4684,110.355,4.04801,0,0.04,3.11781,3.11781,0,0.584257,6.048,4.55416e+06,2.70226e+06,1.4199e+07,0,0,0,2.61704e+08,80.8192,79.791,2.62174,0,0,1.41288,1.41288,0,1.09155,2.96352,9.46447e+06,3.61194e+06,1.33722e+07,0,0,0,7.47005e+07
99.6352,110.355,5.92946,0,0.04,3.11791,3.11791,0,0.584277,6.048,4.55416e+06,2.70226e+06,1.41995e+07,0,0,0,2.61704e+08,80.8192,79.791,5.01905,0,0,1.41293,1.41293,0,1.09159,2.96352,9.46447e+06,3.61194e+06,1.33726e+07,0,0,0,7.47005e+07
103.965,110.355,7.68903,0.07,0.04,2.51322,3.11802,0,0.584296,6.048,4.55416e+06,2.70226e+06,1.14456e+07,0,0,0,2.61704e+08,80.8192,79.791,7.5703,0,0,2.01777,1.41297,0,1.09163,2.96352,9.46447e+06,3.61194e+06,1.90972e+07,0,0,0,7.47005e+07
110.355,110.355,10.8569,0.05,0.04,2.611,3.2158,0,0.470977,6.048,4.55416e+06,2.70226e+06,1.18909e+07,0,0,0,2.61704e+08,80.8192,79.791,10.8116,0,0,2.06351,1.45871,0,1.55893,2.96352,9.46447e+06,3.61194e+06,1.953e+07,0,0,0,7.47005e+07
110.355,110.355,7.16034,0.05,0.04,2.61108,3.21588,0,0.489301,6.048,4.55416e+06,2.70226e+06,1.18913e+07,0,0,0,2.61704e+08,80.8192,79.791,8.03651,0,0,2.06355,1.45875,0,1.59427,2.96352,9.46447e+06,3.61194e+06,1.95304e+07,0,0,0,7.47005e+07
110.355,110.355,6.68824,0.07,0.04,2.61117,3.21597,0,0.489317,6.048,4.55416e+06,2.70226e+06,1.18917e+07,0,0,0,2.61704e+08,80.8192,79.791,7.57643,0,0,2.06359,1.45879,0,1.5943,2.96352,9.46447e+06,3.61194e+06,1.95308e+07,0,0,0,7.47005e+07
110.355,110.355,6.10568,0.11,0.04,2.61126,3.21606,0,0.489333,6.048,4.55416e+06,2.70226e+06,1.18921e+07,0,0,0,2.61704e+08,80.8192,79.791,5.68877,0,0,2.06363,1.45883,0,1.59433,2.96352,9.46447e+06,3.61194e+06,1.95311e+07,0,0,0,7.47005e+07
110.355,110.355,12.3256,0.12,0.04,2.92504,3.52984,0,0.48935,6.048,4.55416e+06,2.70226e+06,1.33211e+07,0,0,0,2.61704e+08,80.8192,79.791,12.8122,0,0,2.2352,1.6304,0,1.59436,2.96352,9.46447e+06,3.61194e+06,2.1155e+07,0,0,0,7.47005e+07
110.355,110.355,10.257,0.13,0.04,2.92514,3.52994,0,0.548152,6.048,4.55416e+06,2.70226e+06,1.33215e+07,0,0,0,2.61704e+08,80.8192,79.791,11.644,0,0,2.23524,1.63044,0,1.72691,2.96352,9.46447e+06,3.61194e+06,2.11554e+07,0,0,0,7.47005e+07
110.355,110.355,9.21244,0.12,0.04,2.92523,3.53003,0,0.54817,6.048,4.55416e+06,2.70226e+06,1.3322e+07,0,0,0,2.61704e+08,80.8192,79.791,12.7327,0,0,2.23529,1.63049,0,1.72695,2.96352,9.46447e+06,3.61194e+06,2.11558e+07,0,0,0,7.47005e+07
110.355,110.355,7.90297,0.12,0.04,2.92533,3.53013,0,0.548188,6.048,4.55416e+06,2.70226e+06,1.33224e+07,0,0,0,2.61704e+08,80.8192,79.791,11.6095,0,0,2.23533,1.63053,0,1.72698,2.96352,9.46447e+06,3.61194e+06,2.11562e+07,0,0,0,7.47005e+07
110.355,110.355,7.44646,0.12,0.04,2.47794,3.08274,0,0.548206,6.048,4.55416e+06,2.70226e+06,1.1285e+07,0,0,0,2.61704e+08,80.8192,79.791,10.529,0,0,2.00515,1.40035,0,1.72702,2.96352,9.46447e+06,3.61194e+06,1.89777e+07,0,0,0,7.47005e+07
110.355,110.355,6.73583,0.11,0.04,2.47803,3.08283,0,0.464367,6.048,4.55416e+06,2.70226e+06,1.12853e+07,0,0,0,2.61704e+08,80.8192,79.791,7.87392,0,0,2.00519,1.40039,0,1.54918,2.96352,9.46447e+06,3.61194e+06,1.89781e+07,0,0,0,7.47005e+07
110.355,110.355,9.15255,0.12,0.04,2.47811,3.08291,0,0.464382,6.048,4.55416e+06,2.70226e+06,1.12857e+07,0,0,0,2.61704e+08,80.8192,79.791,12.3611,0,0,2.00523,1.40043,0,1.54921,2.96352,9.46447e+06,3.61194e+06,1.89784e+07,0,0,0,7.47005e+07
110.355,110.355,11.9704,0.12,0.04,2.4782,3.083,0,0.464398,6.048,4.55416e+06,2.70226e+06,1.12861e+07,0,0,0,2.61704e+08,80.8192,79.791,15.6567,0,0,2.00527,1.40047,0,1.54924,2.96352,9.46447e+06,3.61194e+06,1.89788e+07,0,0,0,7.47005e+07
110.355,110.355,7.85524,0.13,0.04,2.47828,3.08308,0,0.464414,6.048,4.55416e+06,2.70226e+06,1.12865e+07,0,0,0,2.61704e+08,80.8192,79.791,8.17192,0,0,2.0053,1.4005,0,1.54927,2.96352,9.46447e+06,3.61194e+06,1.89791e+07,0,0,0,7.47005e+07
110.355,110.355,6.59549,0.13,0.04,2.59101,3.19581,0,0.464429,6.048,4.55416e+06,2.70226e+06,1.17999e+07,0,0,0,2.61704e+08,80.8192,79.791,6.85119,0,0,2.06167,1.45687,0,1.5493,2.96352,9.46447e+06,3.61194e+06,1.95126e+07,0,0,0,7.47005e+07
110.355,110.355,7.86792,0.14,0.04,2.5911,3.1959,0,0.485556,6.048,4.55416e+06,2.70226e+06,1.18003e+07,0,0,0,2.61704e+08,80.8192,79.791,9.35319,0,0,2.06171,1.45691,0,1.59285,2.96352,9.46447e+06,3.61194e+06,1.9513e+07,0,0,0,7.47005e+07
110.355,110.355,6.53817,0.14,0.04,2.59119,3.19599,0,0.485572,6.048,4.55416e+06,2.70226e+06,1.18007e+07,0,0,0,2.61704e+08,80.8192,79.791,7.32881,0,0,2.06175,1.45695,0,1.59288,2.96352,9.46447e+06,3.61194e+06,1.95134e+07,0,0,0,7.47005e+07
110.355,110.355,5.58896,0.13,0.04,2.59127,3.19607,0,0.485589,6.048,4.55416e+06,2.70226e+06,1.18011e+07,0,0,0,2.61704e+08,80.8192,79.791,6.25135,0,0,2.06179,1.45699,0,1.59291,2.96352,9.46447e+06,3.61194e+06,1.95137e+07,0,0,0,7.47005e+07
110.355,110.355,4.07214,0.13,0.04,2.54731,3.15211,0,0.485605,6.048,4.55416e+06,2.70226e+06,1.16009e+07,0,0,0,2.61704e+08,80.8192,79.791,3.93398,0,0,2.03995,1.43515,0,1.59294,2.96352,9.46447e+06,3.61194e+06,1.9307e+07,0,0,0,7.47005e+07
110.355,110.355,3.61677,0.1,0.04,2.5474,3.1522,0,0.477366,6.048,4.55416e+06,2.70226e+06,1.16012e+07,0,0,0,2.61704e+08,80.8192,79.791,3.29372,0,0,2.03999,1.43519,0,1.57606,2.96352,9.46447e+06,3.61194e+06,1.93074e+07,0,0,0,7.47005e+07
110.355,110.355,4.25399,0.09,0.04,2.54748,3.15228,0,0.477382,6.048,4.55416e+06,2.70226e+06,1.16016e+07,0,0,0,2.61704e+08,80.8192,79.791,3.56295,0,0,2.04003,1.43523,0,1.57609,2.96352,9.46447e+06,3.61194e+06,1.93078e+07,0,0,0,7.47005e+07
110.355,110.355,3.53293,0.08,0.04,2.54757,3.15237,0,0.477398,6.048,4.55416e+06,2.70226e+06,1.1602e+07,0,0,0,2.61704e+08,80.8192,79.791,3.34038,0,0,2.04007,1.43527,0,1.57612,2.96352,9.46447e+06,3.61194e+06,1.93081e+07,0,0,0,7.47005e+07
110.355,110.355,3.31895,0.08,0.04,2.69719,3.30199,0,0.477414,6.048,4.55416e+06,2.70226e+06,1.22835e+07,0,0,0,2.61704e+08,80.8192,79.791,3.07854,0,0,2.1177,1.5129,0,1.57615,2.96352,9.46447e+06,3.61194e+06,2.0043e+07,0,0,0,7.47005e+07
110.275,110.355,3.07784,0.08,0.04,2.69728,3.30208,0,0.505454,6.048,4.55416e+06,2.70226e+06,1.22839e+07,0,0,0,2.61704e+08,80.8192,79.791,2.66655,0,0,2.11775,1.51295,0,1.63614,2.96352,9.46447e+06,3.61194e+06,2.00433e+07,0,0,0,7.47005e+07
110.075,110.355,2.9454,0.08,0.04,2.69737,3.30217,0,0.505471,6.048,4.55416e+06,2.70226e+06,1.22843e+07,0,0,0,2.61704e+08,80.8192,79.791,2.63406,0,0,2.11779,1.51299,0,1.63617,2.96352,9.46447e+06,3.61194e+06,2.00437e+07,0,0,0,7.47005e+07
109.751,110.355,2.81404,0.08,0.04,2.69746,3.30226,0,0.505488,6.048,4.55416e+06,2.70226e+06,1.22847e+07,0,0,0,2.61704e+08,80.8192,79.791,2.76214,0,0,2.11783,1.51303,0,1.6362,2.96352,9.46447e+06,3.61194e+06,2.00441e+07,0,0,0,7.47005e+07
109.068,110.355,2.48409,0.09,0.04,2.69755,3.30235,0,0.505505,6.048,4.55416e+06,2.70226e+06,1.22851e+07,0,0,0,2.61704e+08,80.8192,79.791,2.794,0,0,2.11787,1.51307,0,1.63623,2.96352,9.46447e+06,3.61194e+06,2.00445e+07,0,0,0,7.47005e+07
108.061,110.355,2.10228,0.09,0.04,2.66806,3.27286,0,0.505521,6.048,4.55416e+06,2.70226e+06,1.21508e+07,0,0,0,2.61704e+08,80.8192,79.791,3.09628,0,0,2.16057,1.55577,0,1.63627,2.96352,9.46447e+06,3.61194e+06,2.04486e+07,0,0,0,7.47005e+07
106.875,110.355,1.90103,0.09,0.04,2.66815,3.27295,0,0.499995,6.048,4.55416e+06,2.70226e+06,1.21512e+07,0,0,0,2.61704e+08,80.8192,79.791,2.77953,0,0,2.16061,1.55581,0,1.66925,2.96352,9.46447e+06,3.61194e+06,2.0449e+07,0,0,0,7.47005e+07
105.658,110.355,1.80457,0.11,0.04,2.66824,3.27304,0,0.500012,6.048,4.55416e+06,2.70226e+06,1.21516e+07,0,0,0,2.61704e+08,80.7847,79.791,2.7277,0,0,2.16065,1.55585,0,1.66929,2.96352,9.46447e+06,3.61194e+06,2.04494e+07,0,0,0,7.47005e+07
104.267,110.355,1.60549,0.11,0.04,2.66833,3.27313,0,0.500029,6.048,4.55416e+06,2.70226e+06,1.2152e+07,0,0,0,2.61704e+08,80.5493,79.791,2.61794,0,0,2.16069,1.55589,0,1.66932,2.96352,9.46447e+06,3.61194e+06,2.04498e+07,0,0,0,7.47005e+07
102.626,110.355,1.42811,0.11,0.04,2.74481,3.34961,0,0.500045,6.048,4.55416e+06,2.70226e+06,1.25003e+07,0,0,0,2.61704e+08,80.3544,79.791,2.05675,0,0,2.19875,1.59395,0,1.66935,2.96352,9.46447e+06,3.61194e+06,2.081e+07,0,0,0,7.47005e+07
100.961,110.355,1.39561,0.11,0.04,2.7449,3.3497,0,0.514377,6.048,4.55416e+06,2.70226e+06,1.25007e+07,0,0,0,2.61704e+08,80.0439,79.791,2.1058,0,0,2.1988,1.594,0,1.69876,2.96352,9.46447e+06,3.61194e+06,2.08105e+07,0,0,0,7.47005e+07
99.2212,110.355,1.30231,0.14,0.04,2.74499,3.34979,0,0.514394,6.048,4.55416e+06,2.70226e+06,1.25011e+07,0,0,0,2.61704e+08,79.6144,79.791,1.98504,0,0,2.19884,1.59404,0,1.69879,2.96352,9.46447e+06,3.61194e+06,2.08109e+07,0,0,0,7.47005e+07
97.3922,110.355,1.19519,0.14,0.04,2.74508,3.34988,0,0.514411,6.048,4.55416e+06,2.70226e+06,1.25015e+07,0,0,0,2.61704e+08,79.3249,79.791,1.87619,0,0,2.19888,1.59408,0,1.69882,2.96352,9.46447e+06,3.61194e+06,2.08113e+07,0,0,0,7.47005e+07
95.4092,110.355,1.22063,0.14,0.04,2.9689,3.5737,0,0.514428,6.048,4.55416e+06,2.70226e+06,1.35209e+07,0,0,0,2.61704e+08,79.0565,79.791,2.19398,0,0,2.33617,1.73137,0,1.69886,2.96352,9.46447e+06,3.61194e+06,2.21107e+07,0,0,0,7.47005e+07
93.2694,110.355,1.06501,0.16,0.04,2.969,3.5738,0,0.556373,6.048,4.55416e+06,2.70226e+06,1.35213e+07,0,0,0,2.61704e+08,78.707,79.791,2.0364,0,0,2.33622,1.73142,0,1.80493,2.96352,9.46447e+06,3.61194e+06,2.21111e+07,0,0,0,7.47005e+07
91.0212,110.355,0.962878,0.16,0.04,2.9691,3.5739,0,0.556391,6.048,4.55416e+06,2.70226e+06,1.35217e+07,0,0,0,2.61704e+08,78.3366,79.791,1.95175,0,0,2.33627,1.73147,0,1.80496,2.96352,9.46447e+06,3.61194e+06,2.21116e+07,0,0,0,7.47005e+07
88.8059,110.355,0.969228,0.15,0.04,2.96919,3.57399,0,0.556409,6.048,4.55416e+06,2.70226e+06,1.35222e+07,0,0,0,2.61704e+08,78.0533,79.791,2.11393,0,0,2.33632,1.73152,0,1.805,2.96352,9.46447e+06,3.61194e+06,2.2112e+07,0,0,0,7.47005e+07
86.7929,110.355,1.19421,0.17,0.04,2.96929,3.57409,0,0.556427,6.048,4.55416e+06,2.70226e+06,1.35226e+07,0,0,0,2.61704e+08,77.8675,79.791,2.89013,0,0,2.33636,1.73156,0,1.80504,2.96352,9.46447e+06,3.61194e+06,2.21124e+07,0,0,0,7.47005e+07
84.8192,110.355,1.12073,0.16,0.04,2.86034,3.46514,0,0.556445,6.048,4.55416e+06,2.70226e+06,1.30264e+07,0,0,0,2.61704e+08,77.7333,79.791,2.62831,0,0,2.25309,1.64829,0,1.80507,2.96352,9.46447e+06,3.61194e+06,2.13243e+07,0,0,0,7.47005e+07
83.019,110.355,1.21535,0.16,0.04,2.86043,3.46523,0,0.536027,6.048,4.55416e+06,2.70226e+06,1.30269e+07,0,0,0,2.61704e+08,77.7312,79.791,2.6705,0,0,2.25314,1.64834,0,1.74074,2.96352,9.46447e+06,3.61194e+06,2.13248e+07,0,0,0,7.47005e+07
83.1342,110.355,3.33119,0.18,0.04,2.86052,3.46532,0,0.536045,6.048,4.55416e+06,2.70226e+06,1.30273e+07,0,0,0,2.61704e+08,78.4677,79.791,6.18413,0,0,2.25318,1.64838,0,1.74078,2.96352,9.46447e+06,3.61194e+06,2.13252e+07,0,0,0,7.47005e+07
82.0223,110.355,2.11414,0.18,0.04,2.86062,3.46542,0,0.536062,6.048,4.55416e+06,2.70226e+06,1.30277e+07,0,0,0,2.61704e+08,78.5252,79.791,3.11082,0,0,2.25323,1.64843,0,1.74081,2.96352,9.46447e+06,3.61194e+06,2.13256e+07,0,0,0,7.47005e+07
86.9574,110.355,8.37864,0.17,0.04,2.77119,3.37599,0,0.53608,6.048,4.55416e+06,2.70226e+06,1.26204e+07,0,0,0,2.61704e+08,80.8192,79.791,11.5041,0,0,2.17743,1.57263,0,1.74084,2.96352,9.46447e+06,3.61194e+06,2.06082e+07,0,0,0,7.47005e+07
89.4594,110.355,6.01223,0.15,0.04,2.77128,3.37608,0,0.519321,6.048,4.55416e+06,2.70226e+06,1.26209e+07,0,0,0,2.61704e+08,80.8192,79.791,6.95678,0,0,2.17747,1.57267,0,1.68228,2.96352,9.46447e+06,3.61194e+06,2.06086e+07,0,0,0,7.47005e+07
90.2333,110.355,4.11043,0.15,0.04,2.77137,3.37617,0,0.519338,6.048,4.55416e+06,2.70226e+06,1.26213e+07,0,0,0,2.61704e+08,80.8192,79.791,5.91072,0,0,2.17751,1.57271,0,1.68231,2.96352,9.46447e+06,3.61194e+06,2.0609e+07,0,0,0,7.47005e+07
92.9832,110.355,6.21498,0.15,0.04,2.77146,3.37626,0,0.519355,6.048,4.55416e+06,2.70226e+06,1.26217e+07,0,0,0,2.61704e+08,80.8192,79.791,8.58547,0,0,2.17755,1.57275,0,1.68235,2.96352,9.46447e+06,3.61194e+06,2.06094e+07,0,0,0,7.47005e+07
96.3002,110.355,6.66337,0.15,0.04,2.51728,3.12208,0,0.519372,6.048,4.55416e+06,2.70226e+06,1.14641e+07,0,0,0,2.61704e+08,80.8192,79.791,8.09063,0,0,2.01962,1.41482,0,1.68238,2.96352,9.46447e+06,3.61194e+06,1.91146e+07,0,0,0,7.47005e+07
98.6533,110.355,5.64645,0.12,0.04,2.51736,3.12216,0,0.471738,6.048,4.55416e+06,2.70226e+06,1.14645e+07,0,0,0,2.61704e+08,80.8192,79.791,6.36324,0,0,2.01965,1.41485,0,1.56035,2.96352,9.46447e+06,3.61194e+06,1.9115e+07,0,0,0,7.47005e+07
100.661,110.355,5.39497,0.12,0.04,2.51745,3.12225,0,0.471754,6.048,4.55416e+06,2.70226e+06,1.14649e+07,0,0,0,2.61704e+08,80.8192,79.791,7.95924,0,0,2.01969,1.41489,0,1.56038,2.96352,9.46447e+06,3.61194e+06,1.91153e+07,0,0,0,7.47005e+07
105.181,110.355,8.08345,0.12,0.04,2.51753,3.12233,0,0.471769,6.048,4.55416e+06,2.70226e+06,1.14652e+07,0,0,0,2.61704e+08,80.8192,79.791,11.2659,0,0,2.01973,1.41493,0,1.56041,2.96352,9.46447e+06,3.61194e+06,1.91157e+07,0,0,0,7.47005e+07
110.355,110.355,8.85983,0.1,0.04,2.51762,3.12242,0,0.471785,6.048,4.55416e+06,2.70226e+06,1.14656e+07,0,0,0,2.61704e+08,80.8192,79.791,7.8431,0,0,2.01977,1.41497,0,1.56044,2.96352,9.46447e+06,3.61194e+06,1.9116e+07,0,0,0,7.47005e+07
110.355,110.355,12.7814,0.1,0.04,2.61551,3.22031,0,0.471801,6.048,4.55416e+06,2.70226e+06,1.19115e+07,0,0,0,2.61704e+08,80.8192,79.791,8.38077,0,0,2.06556,1.46076,0,1.56047,2.96352,9.46447e+06,3.61194e+06,1.95494e+07,0,0,0,7.47005e+07
110.355,110.355,12.2916,0.1,0.04,2.61558,3.22038,0,0.490147,6.048,4.55416e+06,2.70226e+06,1.19118e+07,0,0,0,2.61704e+08,80.8192,79.791,9.71648,0,0,2.06559,1.46079,0,1.59585,3.38688,9.46447e+06,3.61194e+06,1.95497e+07,0,0,0,7.47005e+07
110.355,110.355,7.82426,0.11,0.04,2.61564,3.22044,0,0.490159,6.048,4.55416e+06,2.70226e+06,1.19121e+07,0,0,0,2.61704e+08,80.8192,79.791,5.71337,0,0,2.06562,1.46082,0,1.59587,3.38688,9.46447e+06,3.61194e+06,1.955e+07,0,0,0,7.47005e+07
110.355,110.355,6.26092,0.12,0.04,2.61571,3.22051,0,0.490172,6.048,4.55416e+06,2.70226e+06,1.19124e+07,0,0,0,2.61704e+08,80.8192,79.791,3.65634,0,0,2.06565,1.46085,0,1.59589,3.38688,9.46447e+06,3.61194e+06,1.95502e+07,0,0,0,7.47005e+07
110.355,110.355,12.1227,0.13,0.04,2.9299,3.5347,0,0.490184,6.048,4.55416e+06,2.70226e+06,1.33432e+07,0,0,0,2.61704e+08,80.8192,79.791,7.70399,0,0,2.23744,1.63264,0,1.59592,3.38688,9.46447e+06,3.61194e+06,2.11762e+07,0,0,0,7.47005e+07
110.355,110.355,8.9311,0.13,0.04,2.92998,3.53478,0,0.549064,6.048,4.55416e+06,2.70226e+06,1.33436e+07,0,0,0,2.61704e+08,80.8192,79.791,5.89402,0,0,2.23748,1.63268,0,1.72865,3.38688,9.46447e+06,3.61194e+06,2.11765e+07,0,0,0,7.47005e+07
110.355,110.355,6.06286,0.12,0.04,2.93005,3.53485,0,0.549077,6.048,4.55416e+06,2.70226e+06,1.33439e+07,0,0,0,2.61704e+08,80.8192,79.791,4.06306,0,0,2.23751,1.63271,0,1.72867,3.38688,9.46447e+06,3.61194e+06,2.11769e+07,0,0,0,7.47005e+07
110.355,110.355,5.11454,0.13,0.04,2.93012,3.53492,0,0.549091,6.048,4.55416e+06,2.70226e+06,1.33442e+07,0,0,0,2.61704e+08,80.8192,79.791,4.44193,0,0,2.23754,1.63274,0,1.7287,3.38688,9.46447e+06,3.61194e+06,2.11772e+07,0,0,0,7.47005e+07
110.355,110.355,6.89215,0.12,0.04,2.48211,3.08691,0,0.549104,6.048,4.55416e+06,2.70226e+06,1.13039e+07,0,0,0,2.61704e+08,80.8192,79.791,6.81109,0,0,2.00704,1.40224,0,1.72873,3.38688,9.46447e+06,3.61194e+06,1.89956e+07,0,0,0,7.47005e+07
110.355,110.355,6.28435,0.13,0.04,2.48217,3.08697,0,0.465147,6.048,4.55416e+06,2.70226e+06,1.13042e+07,0,0,0,2.61704e+08,80.8192,79.791,5.78077,0,0,2.00707,1.40227,0,1.55064,3.38688,9.46447e+06,3.61194e+06,1.89959e+07,0,0,0,7.47005e+07
110.355,110.355,4.31748,0.14,0.04,2.48224,3.08704,0,0.465159,6.048,4.55416e+06,2.70226e+06,1.13045e+07,0,0,0,2.61704e+08,80.8192,79.791,4.60016,0,0,2.0071,1.4023,0,1.55066,3.38688,9.46447e+06,3.61194e+06,1.89962e+07,0,0,0,7.47005e+07
110.355,110.355,5.74442,0.13,0.04,2.4823,3.0871,0,0.465171,6.048,4.55416e+06,2.70226e+06,1.13048e+07,0,0,0,2.61704e+08,80.8192,79.791,5.42102,0,0,2.00713,1.40233,0,1.55069,3.38688,9.46447e+06,3.61194e+06,1.89964e+07,0,0,0,7.47005e+07
110.355,110.355,6.31782,0.14,0.04,2.48236,3.08716,0,0.465183,6.048,4.55416e+06,2.70226e+06,1.13051e+07,0,0,0,2.61704e+08,80.8192,79.791,7.19806,0,0,2.00716,1.40236,0,1.55071,3.38688,9.46447e+06,3.61194e+06,1.89967e+07,0,0,0,7.47005e+07
110.355,110.355,6.56561,0.16,0.04,2.59523,3.20003,0,0.465195,6.048,4.55416e+06,2.70226e+06,1.18191e+07,0,0,0,2.61704e+08,80.8192,79.791,10.5077,0,0,2.06359,1.45879,0,1.55073,3.38688,9.46447e+06,3.61194e+06,1.95308e+07,0,0,0,7.47005e+07
110.355,110.355,5.6739,0.16,0.04,2.59529,3.20009,0,0.486345,6.048,4.55416e+06,2.70226e+06,1.18194e+07,0,0,0,2.61704e+08,80.8192,79.791,8.01037,0,0,2.06362,1.45882,0,1.59433,3.38688,9.46447e+06,3.61194e+06,1.95311e+07,0,0,0,7.47005e+07
110.355,110.355,5.27504,0.15,0.04,2.59536,3.20016,0,0.486358,6.048,4.55416e+06,2.70226e+06,1.18197e+07,0,0,0,2.61704e+08,80.8192,79.791,7.13469,0,0,2.06365,1.45885,0,1.59435,3.38688,9.46447e+06,3.61194e+06,1.95314e+07,0,0,0,7.47005e+07
110.355,110.355,4.96667,0.14,0.04,2.59542,3.20022,0,0.48637,6.048,4.55416e+06,2.70226e+06,1.182e+07,0,0,0,2.61704e+08,80.8192,79.791,6.43453,0,0,2.06368,1.45888,0,1.59438,3.38688,9.46447e+06,3.61194e+06,1.95316e+07,0,0,0,7.47005e+07
110.355,110.355,4.14299,0.13,0.04,2.55138,3.15618,0,0.486382,6.048,4.55416e+06,2.70226e+06,1.16194e+07,0,0,0,2.61704e+08,80.8192,79.791,4.61843,0,0,2.0418,1.437,0,1.5944,3.38688,9.46447e+06,3.61194e+06,1.93246e+07,0,0,0,7.47005e+07
110.355,110.355,4.00698,0.1,0.04,2.55144,3.15624,0,0.478129,6.048,4.55416e+06,2.70226e+06,1.16197e+07,0,0,0,2.61704e+08,80.8192,79.791,4.03263,0,0,2.04183,1.43703,0,1.5775,3.38688,9.46447e+06,3.61194e+06,1.93249e+07,0,0,0,7.47005e+07
110.355,110.355,3.47012,0.09,0.04,2.55151,3.15631,0,0.478141,6.048,4.55416e+06,2.70226e+06,1.162e+07,0,0,0,2.61704e+08,80.8192,79.791,4.02814,0,0,2.04186,1.43706,0,1.57752,3.38688,9.46447e+06,3.61194e+06,1.93251e+07,0,0,0,7.47005e+07
110.1,110.355,2.97057,0.08,0.04,2.55157,3.15637,0,0.478153,6.048,4.55416e+06,2.70226e+06,1.16203e+07,0,0,0,2.61704e+08,80.8192,79.791,4.02098,0,0,2.04189,1.43709,0,1.57754,3.38688,9.46447e+06,3.61194e+06,1.93254e+07,0,0,0,7.47005e+07
109.576,110.355,2.75247,0.08,0.04,2.70137,3.30617,0,0.478165,6.048,4.55416e+06,2.70226e+06,1.23025e+07,0,0,0,2.61704e+08,80.8192,79.791,3.88645,0,0,2.11962,1.51482,0,1.57756,3.38688,9.46447e+06,3.61194e+06,2.00611e+07,0,0,0,7.47005e+07
109.054,110.355,2.72817,0.08,0.04,2.70144,3.30624,0,0.506237,6.048,4.55416e+06,2.70226e+06,1.23028e+07,0,0,0,2.61704e+08,80.8192,79.791,3.35502,0,0,2.11965,1.51485,0,1.63762,3.38688,9.46447e+06,3.61194e+06,2.00614e+07,0,0,0,7.47005e+07
108.466,110.355,2.65007,0.1,0.04,2.70151,3.30631,0,0.50625,6.048,4.55416e+06,2.70226e+06,1.23031e+07,0,0,0,2.61704e+08,80.8192,79.791,3.53389,0,0,2.11968,1.51488,0,1.63764,3.38688,9.46447e+06,3.61194e+06,2.00617e+07,0,0,0,7.47005e+07
107.62,110.355,2.41227,0.1,0.04,2.70157,3.30637,0,0.506262,6.048,4.55416e+06,2.70226e+06,1.23034e+07,0,0,0,2.61704e+08,80.8192,79.791,3.38649,0,0,2.11971,1.51491,0,1.63766,3.38688,9.46447e+06,3.61194e+06,2.00619e+07,0,0,0,7.47005e+07
106.904,110.355,2.47896,0.1,0.04,2.70164,3.30644,0,0.506275,6.048,4.55416e+06,2.70226e+06,1.23037e+07,0,0,0,2.61704e+08,80.8192,79.791,3.64535,0,0,2.11974,1.51494,0,1.63769,3.38688,9.46447e+06,3.61194e+06,2.00622e+07,0,0,0,7.47005e+07
106.706,110.355,2.91148,0.11,0.04,2.6721,3.2769,0,0.506288,6.048,4.55416e+06,2.70226e+06,1.21691e+07,0,0,0,2.61704e+08,80.8192,79.791,4.29326,0,0,2.16248,1.55768,0,1.63771,3.38688,9.46447e+06,3.61194e+06,2.04667e+07,0,0,0,7.47005e+07
106.434,110.355,2.82512,0.11,0.04,2.67216,3.27696,0,0.500751,6.048,4.55416e+06,2.70226e+06,1.21695e+07,0,0,0,2.61704e+08,80.8192,79.791,4.23218,0,0,2.16251,1.55771,0,1.67073,3.38688,9.46447e+06,3.61194e+06,2.0467e+07,0,0,0,7.47005e+07
105.977,110.355,2.58318,0.11,0.04,2.67223,3.27703,0,0.500763,6.048,4.55416e+06,2.70226e+06,1.21698e+07,0,0,0,2.61704e+08,80.8192,79.791,3.96326,0,0,2.16255,1.55775,0,1.67076,3.38688,9.46447e+06,3.61194e+06,2.04673e+07,0,0,0,7.47005e+07
105.296,110.355,2.33585,0.11,0.04,2.6723,3.2771,0,0.500776,6.048,4.55416e+06,2.70226e+06,1.21701e+07,0,0,0,2.61704e+08,80.8192,79.791,3.96719,0,0,2.16258,1.55778,0,1.67078,3.38688,9.46447e+06,3.61194e+06,2.04677e+07,0,0,0,7.47005e+07
104.474,110.355,2.2424,0.11,0.04,2.74885,3.35365,0,0.500788,6.048,4.55416e+06,2.70226e+06,1.25187e+07,0,0,0,2.61704e+08,80.7303,79.791,3.34201,0,0,2.20067,1.59587,0,1.67081,3.38688,9.46447e+06,3.61194e+06,2.08282e+07,0,0,0,7.47005e+07
103.385,110.355,1.9643,0.11,0.04,2.74891,3.35371,0,0.515134,6.048,4.55416e+06,2.70226e+06,1.2519e+07,0,0,0,2.61704e+08,80.5705,79.791,3.00636,0,0,2.20071,1.59591,0,1.70024,3.38688,9.46447e+06,3.61194e+06,2.08285e+07,0,0,0,7.47005e+07
102.166,110.355,1.81417,0.11,0.04,2.74898,3.35378,0,0.515147,6.048,4.55416e+06,2.70226e+06,1.25193e+07,0,0,0,2.61704e+08,80.3941,79.791,2.90243,0,0,2.20074,1.59594,0,1.70027,3.38688,9.46447e+06,3.61194e+06,2.08288e+07,0,0,0,7.47005e+07
100.655,110.355,1.4954,0.11,0.04,2.74905,3.35385,0,0.515159,6.048,4.55416e+06,2.70226e+06,1.25196e+07,0,0,0,2.61704e+08,80.2156,79.791,2.89258,0,0,2.20077,1.59597,0,1.70029,3.38688,9.46447e+06,3.61194e+06,2.08292e+07,0,0,0,7.47005e+07
99.1958,110.355,1.75183,0.14,0.04,2.97311,3.57791,0,0.515172,6.048,4.55416e+06,2.70226e+06,1.354e+07,0,0,0,2.61704e+08,80.0377,79.791,3.0234,0,0,2.33821,1.73341,0,1.70032,3.38688,9.46447e+06,3.61194e+06,2.213e+07,0,0,0,7.47005e+07
97.7228,110.355,1.75942,0.14,0.04,2.97319,3.57799,0,0.557162,6.048,4.55416e+06,2.70226e+06,1.35404e+07,0,0,0,2.61704e+08,79.7786,79.791,2.74669,0,0,2.33825,1.73345,0,1.8065,3.38688,9.46447e+06,3.61194e+06,2.21303e+07,0,0,0,7.47005e+07
96.2923,110.355,1.77674,0.13,0.04,2.97326,3.57806,0,0.557175,6.048,4.55416e+06,2.70226e+06,1.35407e+07,0,0,0,2.61704e+08,79.6274,79.791,2.96588,0,0,2.33829,1.73349,0,1.80653,3.38688,9.46447e+06,3.61194e+06,2.21306e+07,0,0,0,7.47005e+07
94.8826,110.355,1.79335,0.14,0.04,2.97333,3.57813,0,0.557189,6.048,4.55416e+06,2.70226e+06,1.3541e+07,0,0,0,2.61704e+08,79.4897,79.791,3.49718,0,0,2.33832,1.73352,0,1.80656,3.38688,9.46447e+06,3.61194e+06,2.2131e+07,0,0,0,7.47005e+07
93.3653,110.355,1.64646,0.15,0.04,2.97341,3.57821,0,0.557203,6.048,4.55416e+06,2.70226e+06,1.35414e+07,0,0,0,2.61704e+08,79.3473,79.791,3.14761,0,0,2.33836,1.73356,0,1.80659,3.38688,9.46447e+06,3.61194e+06,2.21313e+07,0,0,0,7.47005e+07
91.6929,110.355,1.36281,0.15,0.04,2.8643,3.4691,0,0.557217,6.048,4.55416e+06,2.70226e+06,1.30445e+07,0,0,0,2.61704e+08,79.3798,79.791,3.79014,0,0,2.25498,1.65018,0,1.80661,3.38688,9.46447e+06,3.61194e+06,2.13422e+07,0,0,0,7.47005e+07
89.836,110.355,1.16283,0.14,0.04,2.86437,3.46917,0,0.53677,6.048,4.55416e+06,2.70226e+06,1.30448e+07,0,0,0,2.61704e+08,79.3242,79.791,3.45445,0,0,2.25502,1.65022,0,1.7422,3.38688,9.46447e+06,3.61194e+06,2.13425e+07,0,0,0,7.47005e+07
89.049,110.355,2.48475,0.16,0.04,2.86445,3.46925,0,0.536784,6.048,4.55416e+06,2.70226e+06,1.30451e+07,0,0,0,2.61704e+08,80.111,79.791,5.2024,0,0,2.25505,1.65025,0,1.74222,3.38688,9.46447e+06,3.61194e+06,2.13429e+07,0,0,0,7.47005e+07
89.8108,110.355,4.14512,0.15,0.04,2.86452,3.46932,0,0.536797,6.048,4.55416e+06,2.70226e+06,1.30455e+07,0,0,0,2.61704e+08,80.8192,79.791,6.36517,0,0,2.25508,1.65028,0,1.74225,3.38688,9.46447e+06,3.61194e+06,2.13432e+07,0,0,0,7.47005e+07
90.2426,110.355,3.7877,0.14,0.04,2.77496,3.37976,0,0.53681,6.048,4.55416e+06,2.70226e+06,1.26376e+07,0,0,0,2.61704e+08,80.8192,79.791,4.493,0,0,2.17919,1.57439,0,1.74228,3.38688,9.46447e+06,3.61194e+06,2.06248e+07,0,0,0,7.47005e+07
92.4876,110.355,5.67112,0.14,0.04,2.77503,3.37983,0,0.520028,6.048,4.55416e+06,2.70226e+06,1.26379e+07,0,0,0,2.61704e+08,80.8192,79.791,4.416,0,0,2.17922,1.57442,0,1.68364,3.38688,9.46447e+06,3.61194e+06,2.06251e+07,0,0,0,7.47005e+07
94.7184,110.355,5.68146,0.15,0.04,2.7751,3.3799,0,0.520041,6.048,4.55416e+06,2.70226e+06,1.26383e+07,0,0,0,2.61704e+08,80.8192,79.791,4.55708,0,0,2.17925,1.57445,0,1.68366,3.38688,9.46447e+06,3.61194e+06,2.06255e+07,0,0,0,7.47005e+07
97.4315,110.355,6.19298,0.15,0.04,2.77517,3.37997,0,0.520054,6.048,4.55416e+06,2.70226e+06,1.26386e+07,0,0,0,2.61704e+08,80.8192,79.791,6.6512,0,0,2.17928,1.57448,0,1.68369,3.38688,9.46447e+06,3.61194e+06,2.06258e+07,0,0,0,7.47005e+07
98.9657,110.355,4.66109,0.13,0.04,2.52069,3.12549,0,0.520067,6.048,4.55416e+06,2.70226e+06,1.14796e+07,0,0,0,2.61704e+08,80.8192,79.791,4.30195,0,0,2.02116,1.41636,0,1.68371,3.38688,9.46447e+06,3.61194e+06,1.91292e+07,0,0,0,7.47005e+07
100.952,110.355,5.22546,0.13,0.04,2.52075,3.12555,0,0.472376,6.048,4.55416e+06,2.70226e+06,1.14799e+07,0,0,0,2.61704e+08,80.8192,79.791,4.73149,0,0,2.02119,1.41639,0,1.56155,3.38688,9.46447e+06,3.61194e+06,1.91295e+07,0,0,0,7.47005e+07
103.235,110.355,5.53874,0.13,0.04,2.52081,3.12561,0,0.472389,6.048,4.55416e+06,2.70226e+06,1.14802e+07,0,0,0,2.61704e+08,80.8192,79.791,4.40237,0,0,2.02122,1.41642,0,1.56157,3.38688,9.46447e+06,3.61194e+06,1.91298e+07,0,0,0,7.47005e+07
104.608,110.355,4.64533,0.1,0.04,2.52088,3.12568,0,0.4724,6.048,4.55416e+06,2.70226e+06,1.14805e+07,0,0,0,2.61704e+08,80.8192,79.791,4.23601,0,0,2.02125,1.41645,0,1.56159,3.38688,9.46447e+06,3.61194e+06,1.913e+07,0,0,0,7.47005e+07
108.901,110.355,7.55869,0.1,0.04,2.52094,3.12574,0,0.472412,6.048,4.55416e+06,2.70226e+06,1.14808e+07,0,0,0,2.61704e+08,80.8192,79.791,4.66202,0,0,2.02128,1.41648,0,1.56162,3.38688,9.46447e+06,3.61194e+06,1.91303e+07,0,0,0,7.47005e+07
110.355,110.355,8.93838,0.1,0.04,2.61892,3.22372,0,0.472424,6.048,4.55416e+06,2.70226e+06,1.1927e+07,0,0,0,2.61704e+08,80.8192,79.791,7.06199,0,0,2.0671,1.4623,0,1.56164,3.38688,9.46447e+06,3.61194e+06,1.9564e+07,0,0,0,7.47005e+07
110.355,110.355,8.71651,0.11,0.04,2.61897,3.22377,0,0.490786,6.048,4.55416e+06,2.70226e+06,1.19272e+07,0,0,0,2.61704e+08,80.8192,79.791,7.45782,0,0,2.06712,1.46232,0,1.59704,3.38688,9.46447e+06,3.61194e+06,1.95642e+07,0,0,0,7.47005e+07
110.355,110.355,8.65823,0.11,0.04,2.61901,3.22381,0,0.490794,6.048,4.55416e+06,2.70226e+06,1.19274e+07,0,0,0,2.61704e+08,80.8192,79.791,8.86046,0,0,2.06714,1.46234,0,1.59706,3.38688,9.46447e+06,3.61194e+06,1.95644e+07,0,0,0,7.47005e+07
110.355,110.355,9.90459,0.12,0.04,2.61906,3.22386,0,0.490803,6.048,4.55416e+06,2.70226e+06,1.19276e+07,0,0,0,2.61704e+08,80.8192,79.791,6.41667,0,0,2.06716,1.46236,0,1.59707,3.38688,9.46447e+06,3.61194e+06,1.95646e+07,0,0,0,7.47005e+07
110.355,110.355,9.54119,0.13,0.04,2.93355,3.53835,0,0.490811,6.048,4.55416e+06,2.70226e+06,1.33599e+07,0,0,0,2.61704e+08,80.8192,79.791,8.5845,0,0,2.23913,1.63433,0,1.59709,3.38688,9.46447e+06,3.61194e+06,2.11922e+07,0,0,0,7.47005e+07
110.355,110.355,5.46541,0.14,0.04,2.9336,3.5384,0,0.549748,6.048,4.55416e+06,2.70226e+06,1.33601e+07,0,0,0,2.61704e+08,80.8192,79.791,4.62149,0,0,2.23915,1.63435,0,1.72995,3.38688,9.46447e+06,3.61194e+06,2.11924e+07,0,0,0,7.47005e+07
110.355,110.355,4.22287,0.14,0.04,2.93365,3.53845,0,0.549757,6.048,4.55416e+06,2.70226e+06,1.33603e+07,0,0,0,2.61704e+08,80.8192,79.791,3.87175,0,0,2.23917,1.63437,0,1.72997,3.38688,9.46447e+06,3.61194e+06,2.11926e+07,0,0,0,7.47005e+07
110.355,110.355,8.24264,0.13,0.04,2.9337,3.5385,0,0.549766,6.048,4.55416e+06,2.70226e+06,1.33605e+07,0,0,0,2.61704e+08,80.8192,79.791,8.00282,0,0,2.2392,1.6344,0,1.72999,3.38688,9.46447e+06,3.61194e+06,2.11928e+07,0,0,0,7.47005e+07
110.355,110.355,10.049,0.13,0.04,2.48522,3.09002,0,0.549775,6.048,4.55416e+06,2.70226e+06,1.13181e+07,0,0,0,2.61704e+08,80.8192,79.791,12.5789,0,0,2.00845,1.40365,0,1.73,3.38688,9.46447e+06,3.61194e+06,1.9009e+07,0,0,0,7.47005e+07
110.355,110.355,9.55822,0.14,0.04,2.48526,3.09006,0,0.465729,6.048,4.55416e+06,2.70226e+06,1.13183e+07,0,0,0,2.61704e+08,80.8192,79.791,7.51098,0,0,2.00847,1.40367,0,1.55173,3.38688,9.46447e+06,3.61194e+06,1.90091e+07,0,0,0,7.47005e+07
110.355,110.355,13.733,0.14,0.04,2.4853,3.0901,0,0.465737,6.048,4.55416e+06,2.70226e+06,1.13185e+07,0,0,0,2.61704e+08,80.8192,79.791,15.0589,0,0,2.00849,1.40369,0,1.55175,3.38688,9.46447e+06,3.61194e+06,1.90093e+07,0,0,0,7.47005e+07
110.355,110.355,16.3582,0.15,0.04,2.48534,3.09014,0,0.465745,6.048,4.55416e+06,2.70226e+06,1.13187e+07,0,0,0,2.61704e+08,80.8192,79.791,14.5443,0,0,2.00851,1.40371,0,1.55176,3.38688,9.46447e+06,3.61194e+06,1.90095e+07,0,0,0,7.47005e+07
110.355,110.355,10.2703,0.14,0.04,2.48539,3.09019,0,0.465753,6.048,4.55416e+06,2.70226e+06,1.13189e+07,0,0,0,2.61704e+08,80.8192,79.791,7.49655,0,0,2.00853,1.40373,0,1.55178,3.38688,9.46447e+06,3.61194e+06,1.90097e+07,0,0,0,7.47005e+07
110.355,110.355,7.894,0.16,0.04,2.59834,3.20314,0,0.465762,6.048,4.55416e+06,2.70226e+06,1.18333e+07,0,0,0,2.61704e+08,80.8192,79.791,11.047,0,0,2.06501,1.46021,0,1.55179,3.38688,9.46447e+06,3.61194e+06,1.95442e+07,0,0,0,7.47005e+07
110.355,110.355,6.61103,0.17,0.04,2.59838,3.20318,0,0.486929,6.048,4.55416e+06,2.70226e+06,1.18335e+07,0,0,0,2.61704e+08,80.8192,79.791,10.0848,0,0,2.06503,1.46023,0,1.59543,3.38688,9.46447e+06,3.61194e+06,1.95444e+07,0,0,0,7.47005e+07
110.355,110.355,5.89187,0.15,0.04,2.59843,3.20323,0,0.486937,6.048,4.55416e+06,2.70226e+06,1.18337e+07,0,0,0,2.61704e+08,80.8192,79.791,9.28698,0,0,2.06505,1.46025,0,1.59544,3.38688,9.46447e+06,3.61194e+06,1.95446e+07,0,0,0,7.47005e+07
110.355,110.355,6.79662,0.15,0.04,2.59847,3.20327,0,0.486946,6.048,4.55416e+06,2.70226e+06,1.18339e+07,0,0,0,2.61704e+08,80.8192,79.791,9.53888,0,0,2.06507,1.46027,0,1.59546,3.38688,9.46447e+06,3.61194e+06,1.95448e+07,0,0,0,7.47005e+07
110.355,110.355,5.40585,0.13,0.04,2.55437,3.15917,0,0.486954,6.048,4.55416e+06,2.70226e+06,1.1633e+07,0,0,0,2.61704e+08,80.8192,79.791,8.10778,0,0,2.04316,1.43836,0,1.59547,3.38688,9.46447e+06,3.61194e+06,1.93375e+07,0,0,0,7.47005e+07
110.355,110.355,4.85477,0.12,0.04,2.55441,3.15921,0,0.478689,6.048,4.55416e+06,2.70226e+06,1.16332e+07,0,0,0,2.61704e+08,80.8192,79.791,7.44485,0,0,2.04318,1.43838,0,1.57855,3.38688,9.46447e+06,3.61194e+06,1.93376e+07,0,0,0,7.47005e+07
110.355,110.355,4.41793,0.09,0.04,2.55446,3.15926,0,0.478697,6.048,4.55416e+06,2.70226e+06,1.16334e+07,0,0,0,2.61704e+08,80.8192,79.791,6.26145,0,0,2.0432,1.4384,0,1.57856,3.38688,9.46447e+06,3.61194e+06,1.93378e+07,0,0,0,7.47005e+07
110.355,110.355,4.39201,0.08,0.04,2.5545,3.1593,0,0.478705,6.048,4.55416e+06,2.70226e+06,1.16336e+07,0,0,0,2.61704e+08,80.8192,79.791,6.36799,0,0,2.04322,1.43842,0,1.57858,3.38688,9.46447e+06,3.61194e+06,1.9338e+07,0,0,0,7.47005e+07
110.355,110.355,4.01934,0.09,0.04,2.70441,3.30921,0,0.478713,6.048,4.55416e+06,2.70226e+06,1.23163e+07,0,0,0,2.61704e+08,80.8192,79.791,5.55519,0,0,2.12101,1.51621,0,1.57859,3.38688,9.46447e+06,3.61194e+06,2.00743e+07,0,0,0,7.47005e+07
110.355,110.355,3.55535,0.1,0.04,2.70446,3.30926,0,0.506807,6.048,4.55416e+06,2.70226e+06,1.23165e+07,0,0,0,2.61704e+08,80.8192,79.791,4.51041,0,0,2.12103,1.51623,0,1.63869,3.38688,9.46447e+06,3.61194e+06,2.00745e+07,0,0,0,7.47005e+07
110.355,110.355,3.49186,0.1,0.04,2.70451,3.30931,0,0.506816,6.048,4.55416e+06,2.70226e+06,1.23168e+07,0,0,0,2.61704e+08,80.8192,79.791,4.55427,0,0,2.12105,1.51625,0,1.63871,3.38688,9.46447e+06,3.61194e+06,2.00747e+07,0,0,0,7.47005e+07
110.277,110.355,3.1322,0.1,0.04,2.70455,3.30935,0,0.506824,6.048,4.55416e+06,2.70226e+06,1.2317e+07,0,0,0,2.61704e+08,80.8192,79.791,4.59388,0,0,2.12108,1.51628,0,1.63873,3.38688,9.46447e+06,3.61194e+06,2.00749e+07,0,0,0,7.47005e+07
110.092,110.355,3.02483,0.1,0.04,2.7046,3.3094,0,0.506833,6.048,4.55416e+06,2.70226e+06,1.23172e+07,0,0,0,2.61704e+08,80.8192,79.791,4.39006,0,0,2.1211,1.5163,0,1.63874,3.38688,9.46447e+06,3.61194e+06,2.00751e+07,0,0,0,7.47005e+07
110.07,110.355,3.10702,0.1,0.04,2.675,3.2798,0,0.506842,6.048,4.55416e+06,2.70226e+06,1.21824e+07,0,0,0,2.61704e+08,80.8192,79.791,3.80741,0,0,2.16386,1.55906,0,1.63876,3.38688,9.46447e+06,3.61194e+06,2.04798e+07,0,0,0,7.47005e+07
109.955,110.355,3.00211,0.09,0.04,2.67505,3.27985,0,0.501296,6.048,4.55416e+06,2.70226e+06,1.21826e+07,0,0,0,2.61704e+08,80.8192,79.791,3.74895,0,0,2.16389,1.55909,0,1.6718,3.38688,9.46447e+06,3.61194e+06,2.048e+07,0,0,0,7.47005e+07
109.591,110.355,2.6858,0.09,0.04,2.67509,3.27989,0,0.501304,6.048,4.55416e+06,2.70226e+06,1.21828e+07,0,0,0,2.61704e+08,80.8192,79.791,3.46679,0,0,2.16391,1.55911,0,1.67182,3.38688,9.46447e+06,3.61194e+06,2.04802e+07,0,0,0,7.47005e+07
109.072,110.355,2.51487,0.09,0.04,2.67514,3.27994,0,0.501313,6.048,4.55416e+06,2.70226e+06,1.2183e+07,0,0,0,2.61704e+08,80.8192,79.791,3.51746,0,0,2.16393,1.55913,0,1.67183,3.38688,9.46447e+06,3.61194e+06,2.04804e+07,0,0,0,7.47005e+07
108.547,110.355,2.56918,0.09,0.04,2.75173,3.35653,0,0.501321,6.048,4.55416e+06,2.70226e+06,1.25318e+07,0,0,0,2.61704e+08,80.8192,79.791,3.53903,0,0,2.20205,1.59725,0,1.67185,3.38688,9.46447e+06,3.61194e+06,2.08412e+07,0,0,0,7.47005e+07
107.884,110.355,2.41905,0.1,0.04,2.75178,3.35658,0,0.515675,6.048,4.55416e+06,2.70226e+06,1.25321e+07,0,0,0,2.61704e+08,80.7611,79.791,3.36104,0,0,2.20207,1.59727,0,1.7013,3.38688,9.46447e+06,3.61194e+06,2.08414e+07,0,0,0,7.47005e+07
107.079,110.355,2.25834,0.1,0.04,2.75183,3.35663,0,0.515684,6.048,4.55416e+06,2.70226e+06,1.25323e+07,0,0,0,2.61704e+08,80.6332,79.791,3.17595,0,0,2.20209,1.59729,0,1.70132,3.38688,9.46447e+06,3.61194e+06,2.08417e+07,0,0,0,7.47005e+07
106.104,110.355,2.07269,0.11,0.04,2.75187,3.35667,0,0.515693,6.048,4.55416e+06,2.70226e+06,1.25325e+07,0,0,0,2.61704e+08,80.4959,79.791,2.98644,0,0,2.20212,1.59732,0,1.70134,3.38688,9.46447e+06,3.61194e+06,2.08419e+07,0,0,0,7.47005e+07
105.261,110.355,2.37749,0.11,0.04,2.9761,3.5809,0,0.515701,6.048,4.55416e+06,2.70226e+06,1.35536e+07,0,0,0,2.61704e+08,80.4712,79.791,3.56285,0,0,2.33966,1.73486,0,1.70135,3.38688,9.46447e+06,3.61194e+06,2.21437e+07,0,0,0,7.47005e+07
104.06,110.355,1.98424,0.12,0.04,2.97615,3.58095,0,0.557722,6.048,4.55416e+06,2.70226e+06,1.35539e+07,0,0,0,2.61704e+08,80.163,79.791,2.56937,0,0,2.33969,1.73489,0,1.80762,3.38688,9.46447e+06,3.61194e+06,2.21439e+07,0,0,0,7.47005e+07
102.987,110.355,2.13433,0.12,0.04,2.9762,3.581,0,0.557731,6.048,4.55416e+06,2.70226e+06,1.35541e+07,0,0,0,2.61704e+08,80.0204,79.791,3.1485,0,0,2.33971,1.73491,0,1.80764,3.38688,9.46447e+06,3.61194e+06,2.21441e+07,0,0,0,7.47005e+07
101.563,110.355,1.76817,0.12,0.04,2.97625,3.58105,0,0.55774,6.048,4.55416e+06,2.70226e+06,1.35543e+07,0,0,0,2.61704e+08,79.6386,79.791,2.21302,0,0,2.33973,1.73493,0,1.80766,3.38688,9.46447e+06,3.61194e+06,2.21444e+07,0,0,0,7.47005e+07
100.551,110.355,2.17083,0.12,0.04,2.9763,3.5811,0,0.55775,6.048,4.55416e+06,2.70226e+06,1.35546e+07,0,0,0,2.61704e+08,79.7279,79.791,4.16224,0,0,2.33976,1.73496,0,1.80768,3.38688,9.46447e+06,3.61194e+06,2.21446e+07,0,0,0,7.47005e+07
99.3283,110.355,1.96354,0.14,0.04,2.86709,3.47189,0,0.557759,6.048,4.55416e+06,2.70226e+06,1.30572e+07,0,0,0,2.61704e+08,79.79,79.791,3.07431,0,0,2.2563,1.6515,0,1.8077,3.38688,9.46447e+06,3.61194e+06,2.13547e+07,0,0,0,7.47005e+07
97.99,110.355,1.82702,0.14,0.04,2.86713,3.47193,0,0.537292,6.048,4.55416e+06,2.70226e+06,1.30574e+07,0,0,0,2.61704e+08,80.3634,79.791,4.82356,0,0,2.25633,1.65153,0,1.74322,3.38688,9.46447e+06,3.61194e+06,2.1355e+07,0,0,0,7.47005e+07
96.4544,110.355,1.62415,0.14,0.04,2.86718,3.47198,0,0.537301,6.048,4.55416e+06,2.70226e+06,1.30576e+07,0,0,0,2.61704e+08,80.2877,79.791,2.99167,0,0,2.25635,1.65155,0,1.74324,3.38688,9.46447e+06,3.61194e+06,2.13552e+07,0,0,0,7.47005e+07
94.661,110.355,1.35059,0.13,0.04,2.86723,3.47203,0,0.53731,6.048,4.55416e+06,2.70226e+06,1.30578e+07,0,0,0,2.61704e+08,80.1055,79.791,2.66017,0,0,2.25637,1.65157,0,1.74326,3.38688,9.46447e+06,3.61194e+06,2.13554e+07,0,0,0,7.47005e+07
92.7356,110.355,1.25192,0.14,0.04,2.77759,3.38239,0,0.537319,6.048,4.55416e+06,2.70226e+06,1.26496e+07,0,0,0,2.61704e+08,79.8226,79.791,2.21362,0,0,2.18041,1.57561,0,1.74327,3.38688,9.46447e+06,3.61194e+06,2.06364e+07,0,0,0,7.47005e+07
91.031,110.355,1.53005,0.14,0.04,2.77763,3.38243,0,0.52052,6.048,4.55416e+06,2.70226e+06,1.26498e+07,0,0,0,2.61704e+08,79.5805,79.791,1.89852,0,0,2.18043,1.57563,0,1.68458,3.38688,9.46447e+06,3.61194e+06,2.06366e+07,0,0,0,7.47005e+07
90.7361,110.355,2.96416,0.15,0.04,2.77768,3.38248,0,0.520529,6.048,4.55416e+06,2.70226e+06,1.265e+07,0,0,0,2.61704e+08,79.7918,79.791,2.70287,0,0,2.18045,1.57565,0,1.6846,3.38688,9.46447e+06,3.61194e+06,2.06368e+07,0,0,0,7.47005e+07
90.9418,110.355,3.4723,0.16,0.04,2.77773,3.38253,0,0.520537,6.048,4.55416e+06,2.70226e+06,1.26502e+07,0,0,0,2.61704e+08,80.6945,79.791,4.67362,0,0,2.18047,1.57567,0,1.68462,3.38688,9.46447e+06,3.61194e+06,2.0637e+07,0,0,0,7.47005e+07
90.8443,110.355,2.94366,0.16,0.04,2.52303,3.12783,0,0.520546,6.048,4.55416e+06,2.70226e+06,1.14903e+07,0,0,0,2.61704e+08,80.8192,79.791,4.31126,0,0,2.02222,1.41742,0,1.68463,3.38688,9.46447e+06,3.61194e+06,1.91393e+07,0,0,0,7.47005e+07
95.0786,110.355,7.54085,0.16,0.04,2.52307,3.12787,0,0.472816,6.048,4.55416e+06,2.70226e+06,1.14905e+07,0,0,0,2.61704e+08,80.8192,79.791,9.87466,0,0,2.02224,1.41744,0,1.56237,3.38688,9.46447e+06,3.61194e+06,1.91394e+07,0,0,0,7.47005e+07
98.003,110.355,6.07948,0.17,0.04,2.52312,3.12792,0,0.472824,6.048,4.55416e+06,2.70226e+06,1.14907e+07,0,0,0,2.61704e+08,80.8192,79.791,6.54101,0,0,2.02226,1.41746,0,1.56238,3.38688,9.46447e+06,3.61194e+06,1.91396e+07,0,0,0,7.47005e+07
99.43,110.355,4.75821,0.13,0.04,2.52316,3.12796,0,0.472832,6.048,4.55416e+06,2.70226e+06,1.14909e+07,0,0,0,2.61704e+08,80.8192,79.791,4.40454,0,0,2.02228,1.41748,0,1.5624,3.38688,9.46447e+06,3.61194e+06,1.91398e+07,0,0,0,7.47005e+07
101.071,110.355,5.0278,0.16,0.04,2.5232,3.128,0,0.47284,6.048,4.55416e+06,2.70226e+06,1.14911e+07,0,0,0,2.61704e+08,80.8192,79.791,4.22703,0,0,2.0223,1.4175,0,1.56241,3.38688,9.46447e+06,3.61194e+06,1.914e+07,0,0,0,7.47005e+07
102.686,110.355,4.85953,0.17,0.04,2.5232,3.128,0,0.472848,6.048,4.55416e+06,2.70226e+06,1.14911e+07,0,0,0,2.61704e+08,80.8192,79.791,5.75588,0,0,2.0223,1.4175,0,1.56243,3.38688,9.46447e+06,3.61194e+06,1.914e+07,0,0,0,7.47005e+07
104.442,110.355,5.24496,0.13,0.04,2.62123,3.22603,0,0.472848,6.048,4.55416e+06,2.70226e+06,1.19375e+07,0,0,0,5.57958e+08,80.8192,79.791,5.87388,0,0,2.06815,1.46335,0,1.56243,3.38688,9.46447e+06,3.61194e+06,1.9574e+07,0,0,0,7.47005e+07
110.355,110.355,10.6749,0.13,0.04,2.62126,3.22606,0,0.491219,6.048,4.55416e+06,2.70226e+06,1.19376e+07,0,0,0,5.57958e+08,80.8192,79.791,13.184,0,0,2.06816,1.46336,0,1.59785,3.38688,9.46447e+06,3.61194e+06,1.95741e+07,0,0,0,7.47005e+07
110.355,110.355,10.9731,0.12,0.04,2.62128,3.22608,0,0.491223,6.048,4.55416e+06,2.70226e+06,1.19377e+07,0,0,0,5.57958e+08,80.8192,79.791,9.12984,0,0,2.06817,1.46337,0,1.59786,3.38688,9.46447e+06,3.61194e+06,1.95742e+07,0,0,0,7.47005e+07
110.355,110.355,12.0359,0.13,0.04,2.6213,3.2261,0,0.491228,6.048,4.55416e+06,2.70226e+06,1.19378e+07,0,0,0,5.57958e+08,80.8192,79.791,10.1364,0,0,2.06818,1.46338,0,1.59787,3.38688,9.46447e+06,3.61194e+06,1.95743e+07,0,0,0,7.47005e+07
110.355,110.355,8.63208,0.14,0.04,2.936,3.5408,0,0.491232,6.048,4.55416e+06,2.70226e+06,1.3371e+07,0,0,0,5.57958e+08,80.8192,79.791,8.1644,0,0,2.24026,1.63546,0,1.59788,3.38688,9.46447e+06,3.61194e+06,2.12029e+07,0,0,0,7.47005e+07
110.355,110.355,6.24727,0.15,0.04,2.93602,3.54082,0,0.550206,6.048,4.55416e+06,2.70226e+06,1.33711e+07,0,0,0,5.57958e+08,80.8192,79.791,5.58565,0,0,2.24027,1.63547,0,1.73082,3.38688,9.46447e+06,3.61194e+06,2.1203e+07,0,0,0,7.47005e+07
110.355,110.355,6.17788,0.15,0.04,2.93605,3.54085,0,0.550211,6.048,4.55416e+06,2.70226e+06,1.33712e+07,0,0,0,5.57958e+08,80.8192,79.791,5.03303,0,0,2.24028,1.63548,0,1.73083,3.38688,9.46447e+06,3.61194e+06,2.12031e+07,0,0,0,7.47005e+07
110.355,110.355,4.37835,0.14,0.04,2.93608,3.54088,0,0.550216,6.048,4.55416e+06,2.70226e+06,1.33714e+07,0,0,0,5.57958e+08,80.8192,79.791,4.27593,0,0,2.24029,1.63549,0,1.73084,3.38688,9.46447e+06,3.61194e+06,2.12032e+07,0,0,0,7.47005e+07
110.355,110.355,4.01277,0.14,0.04,2.48727,3.09207,0,0.550221,6.048,4.55416e+06,2.70226e+06,1.13274e+07,0,0,0,5.57958e+08,80.8192,79.791,4.17942,0,0,2.00939,1.40459,0,1.73085,3.38688,9.46447e+06,3.61194e+06,1.90178e+07,0,0,0,7.47005e+07
110.355,110.355,4.12017,0.14,0.04,2.48729,3.09209,0,0.466114,6.048,4.55416e+06,2.70226e+06,1.13275e+07,0,0,0,5.57958e+08,80.8192,79.791,5.0713,0,0,2.0094,1.4046,0,1.55245,3.38688,9.46447e+06,3.61194e+06,1.90179e+07,0,0,0,7.47005e+07
110.355,110.355,5.70982,0.15,0.04,2.48732,3.09212,0,0.466119,6.048,4.55416e+06,2.70226e+06,1.13276e+07,0,0,0,5.57958e+08,80.8192,79.791,5.33223,0,0,2.00941,1.40461,0,1.55246,3.38688,9.46447e+06,3.61194e+06,1.9018e+07,0,0,0,7.47005e+07
110.355,110.355,6.18141,0.14,0.04,2.48734,3.09214,0,0.466123,6.048,4.55416e+06,2.70226e+06,1.13277e+07,0,0,0,5.57958e+08,80.8192,79.791,5.41718,0,0,2.00942,1.40462,0,1.55247,3.38688,9.46447e+06,3.61194e+06,1.90181e+07,0,0,0,7.47005e+07
110.355,110.355,6.75433,0.16,0.04,2.48736,3.09216,0,0.466127,6.048,4.55416e+06,2.70226e+06,1.13278e+07,0,0,0,5.57958e+08,80.8192,79.791,3.87677,0,0,2.00943,1.40463,0,1.55248,3.38688,9.46447e+06,3.61194e+06,1.90182e+07,0,0,0,7.47005e+07
110.355,110.355,6.31417,0.17,0.04,2.60037,3.20517,0,0.466132,6.048,4.55416e+06,2.70226e+06,1.18425e+07,0,0,0,5.57958e+08,80.8192,79.791,4.22662,0,0,2.06593,1.46113,0,1.55249,3.38688,9.46447e+06,3.61194e+06,1.9553e+07,0,0,0,7.47005e+07
110.355,110.355,5.8148,0.15,0.04,2.60039,3.20519,0,0.487309,6.048,4.55416e+06,2.70226e+06,1.18426e+07,0,0,0,5.57958e+08,80.8192,79.791,4.90507,0,0,2.06594,1.46114,0,1.59614,3.38688,9.46447e+06,3.61194e+06,1.95531e+07,0,0,0,7.47005e+07
110.355,110.355,4.97558,0.15,0.04,2.60041,3.20521,0,0.487313,6.048,4.55416e+06,2.70226e+06,1.18427e+07,0,0,0,5.57958e+08,80.8192,79.791,3.89595,0,0,2.06596,1.46116,0,1.59615,3.38688,9.46447e+06,3.61194e+06,1.95532e+07,0,0,0,7.47005e+07
110.355,110.355,4.05071,0.13,0.04,2.60044,3.20524,0,0.487318,6.048,4.55416e+06,2.70226e+06,1.18428e+07,0,0,0,5.57958e+08,80.7648,79.791,2.75639,0,0,2.06597,1.46117,0,1.59616,3.38688,9.46447e+06,3.61194e+06,1.95533e+07,0,0,0,7.47005e+07
110.355,110.355,3.54751,0.12,0.04,2.55629,3.16109,0,0.487322,6.048,4.55416e+06,2.70226e+06,1.16417e+07,0,0,0,5.57958e+08,80.7718,79.791,2.55856,0,0,2.04403,1.43923,0,1.59617,3.38688,9.46447e+06,3.61194e+06,1.93457e+07,0,0,0,7.47005e+07
110.355,110.355,3.4176,0.09,0.04,2.55631,3.16111,0,0.479048,6.048,4.55416e+06,2.70226e+06,1.16418e+07,0,0,0,5.57958e+08,80.7994,79.791,2.67307,0,0,2.04405,1.43925,0,1.57922,3.38688,9.46447e+06,3.61194e+06,1.93458e+07,0,0,0,7.47005e+07
110.355,110.355,3.16347,0.08,0.04,2.55633,3.16113,0,0.479052,6.048,4.55416e+06,2.70226e+06,1.16419e+07,0,0,0,5.57958e+08,80.696,79.791,2.5074,0,0,2.04406,1.43926,0,1.57923,3.38688,9.46447e+06,3.61194e+06,1.93459e+07,0,0,0,7.47005e+07
110.355,110.355,3.30373,0.09,0.04,2.55636,3.16116,0,0.479057,6.048,4.55416e+06,2.70226e+06,1.16421e+07,0,0,0,5.57958e+08,80.649,79.791,2.48332,0,0,2.04407,1.43927,0,1.57924,3.38688,9.46447e+06,3.61194e+06,1.9346e+07,0,0,0,7.47005e+07
110.113,110.355,2.95686,0.1,0.04,2.70634,3.31114,0,0.479061,6.048,4.55416e+06,2.70226e+06,1.23251e+07,0,0,0,5.57958e+08,80.4416,79.791,2.26245,0,0,2.12189,1.51709,0,1.57925,3.38688,9.46447e+06,3.61194e+06,2.00826e+07,0,0,0,7.47005e+07
109.729,110.355,2.77635,0.1,0.04,2.70636,3.31116,0,0.507167,6.048,4.55416e+06,2.70226e+06,1.23252e+07,0,0,0,5.57958e+08,80.2983,79.791,2.30042,0,0,2.1219,1.5171,0,1.63937,3.38688,9.46447e+06,3.61194e+06,2.00827e+07,0,0,0,7.47005e+07
109.245,110.355,2.66536,0.1,0.04,2.70639,3.31119,0,0.507172,6.048,4.55416e+06,2.70226e+06,1.23253e+07,0,0,0,5.57958e+08,80.0841,79.791,2.24874,0,0,2.12192,1.51712,0,1.63938,3.38688,9.46447e+06,3.61194e+06,2.00828e+07,0,0,0,7.47005e+07
108.603,110.355,2.49744,0.1,0.04,2.70641,3.31121,0,0.507177,6.048,4.55416e+06,2.70226e+06,1.23254e+07,0,0,0,5.57958e+08,79.9324,79.791,2.0938,0,0,2.12193,1.51713,0,1.63939,3.38688,9.46447e+06,3.61194e+06,2.00829e+07,0,0,0,7.47005e+07
107.927,110.355,2.48186,0.1,0.04,2.70643,3.31123,0,0.507181,6.048,4.55416e+06,2.70226e+06,1.23255e+07,0,0,0,5.57958e+08,79.7266,79.791,2.16863,0,0,2.12194,1.51714,0,1.6394,3.38688,9.46447e+06,3.61194e+06,2.0083e+07,0,0,0,7.47005e+07
107.256,110.355,2.34405,0.09,0.04,2.6768,3.2816,0,0.507186,6.048,4.55416e+06,2.70226e+06,1.21906e+07,0,0,0,5.57958e+08,79.4887,79.791,2.18054,0,0,2.16472,1.55992,0,1.63941,3.38688,9.46447e+06,3.61194e+06,2.04879e+07,0,0,0,7.47005e+07
106.444,110.355,2.17203,0.09,0.04,2.67683,3.28163,0,0.501633,6.048,4.55416e+06,2.70226e+06,1.21907e+07,0,0,0,5.57958e+08,79.274,79.791,2.11047,0,0,2.16473,1.55993,0,1.67246,3.38688,9.46447e+06,3.61194e+06,2.0488e+07,0,0,0,7.47005e+07
105.493,110.355,2.01964,0.11,0.04,2.67685,3.28165,0,0.501637,6.048,4.55416e+06,2.70226e+06,1.21908e+07,0,0,0,5.57958e+08,78.9714,79.791,2.16998,0,0,2.16474,1.55994,0,1.67247,3.38688,9.46447e+06,3.61194e+06,2.04881e+07,0,0,0,7.47005e+07
104.503,110.355,1.96185,0.11,0.04,2.67688,3.28168,0,0.501642,6.048,4.55416e+06,2.70226e+06,1.21909e+07,0,0,0,5.57958e+08,78.7971,79.791,2.10066,0,0,2.16475,1.55995,0,1.67248,3.38688,9.46447e+06,3.61194e+06,2.04883e+07,0,0,0,7.47005e+07
103.507,110.355,2.04668,0.11,0.04,2.75349,3.35829,0,0.501646,6.048,4.55416e+06,2.70226e+06,1.25398e+07,0,0,0,5.57958e+08,78.6676,79.791,2.32202,0,0,2.20288,1.59808,0,1.67249,3.38688,9.46447e+06,3.61194e+06,2.08491e+07,0,0,0,7.47005e+07
102.386,110.355,1.89059,0.11,0.04,2.75351,3.35831,0,0.516004,6.048,4.55416e+06,2.70226e+06,1.25399e+07,0,0,0,5.57958e+08,78.3078,79.791,2.19684,0,0,2.2029,1.5981,0,1.70195,3.38688,9.46447e+06,3.61194e+06,2.08492e+07,0,0,0,7.47005e+07
101.108,110.355,1.72069,0.11,0.04,2.75354,3.35834,0,0.516008,6.048,4.55416e+06,2.70226e+06,1.25401e+07,0,0,0,5.57958e+08,78.0377,79.791,1.93322,0,0,2.20291,1.59811,0,1.70196,3.38688,9.46447e+06,3.61194e+06,2.08494e+07,0,0,0,7.47005e+07
100.022,110.355,1.8993,0.14,0.04,2.75356,3.35836,0,0.516013,6.048,4.55416e+06,2.70226e+06,1.25402e+07,0,0,0,5.57958e+08,77.7665,79.791,2.45565,0,0,2.20292,1.59812,0,1.70197,3.38688,9.46447e+06,3.61194e+06,2.08495e+07,0,0,0,7.47005e+07
98.5732,110.355,1.70436,0.14,0.04,2.97788,3.58268,0,0.516018,6.048,4.55416e+06,2.70226e+06,1.35617e+07,0,0,0,5.57958e+08,77.4613,79.791,1.94708,0,0,2.34052,1.73572,0,1.70198,3.38688,9.46447e+06,3.61194e+06,2.21518e+07,0,0,0,7.47005e+07
97.289,110.355,1.88774,0.15,0.04,2.97791,3.58271,0,0.558055,6.048,4.55416e+06,2.70226e+06,1.35619e+07,0,0,0,5.57958e+08,77.052,79.791,2.39364,0,0,2.34054,1.73574,0,1.80829,3.38688,9.46447e+06,3.61194e+06,2.21519e+07,0,0,0,7.47005e+07
95.6631,110.355,1.537,0.14,0.04,2.97793,3.58273,0,0.55806,6.048,4.55416e+06,2.70226e+06,1.3562e+07,0,0,0,5.57958e+08,76.6737,79.791,1.70252,0,0,2.34055,1.73575,0,1.8083,3.38688,9.46447e+06,3.61194e+06,2.21521e+07,0,0,0,7.47005e+07
94.3942,110.355,1.87595,0.16,0.04,2.97796,3.58276,0,0.558065,6.048,4.55416e+06,2.70226e+06,1.35621e+07,0,0,0,5.57958e+08,76.738,79.791,3.06677,0,0,2.34056,1.73576,0,1.80831,3.38688,9.46447e+06,3.61194e+06,2.21522e+07,0,0,0,7.47005e+07
93.8195,110.355,2.45607,0.15,0.04,2.97799,3.58279,0,0.55807,6.048,4.55416e+06,2.70226e+06,1.35622e+07,0,0,0,5.57958e+08,76.3598,79.791,2.34673,0,0,2.34058,1.73578,0,1.80832,3.38688,9.46447e+06,3.61194e+06,2.21523e+07,0,0,0,7.47005e+07
93.1906,110.355,2.44545,0.14,0.04,2.8687,3.4735,0,0.558075,6.048,4.55416e+06,2.70226e+06,1.30645e+07,0,0,0,5.57958e+08,76.0947,79.791,2.499,0,0,2.25707,1.65227,0,1.80833,3.38688,9.46447e+06,3.61194e+06,2.1362e+07,0,0,0,7.47005e+07
92.8574,110.355,2.79341,0.14,0.04,2.86872,3.47352,0,0.537594,6.048,4.55416e+06,2.70226e+06,1.30646e+07,0,0,0,5.57958e+08,76.0898,79.791,3.20501,0,0,2.25708,1.65228,0,1.74381,3.38688,9.46447e+06,3.61194e+06,2.13621e+07,0,0,0,7.47005e+07
92.4122,110.355,2.71707,0.14,0.04,2.86875,3.47355,0,0.537599,6.048,4.55416e+06,2.70226e+06,1.30647e+07,0,0,0,5.57958e+08,76.0668,79.791,3.1317,0,0,2.2571,1.6523,0,1.74382,3.38688,9.46447e+06,3.61194e+06,2.13622e+07,0,0,0,7.47005e+07
91.4523,110.355,2.21639,0.14,0.04,2.86878,3.47358,0,0.537604,6.048,4.55416e+06,2.70226e+06,1.30649e+07,0,0,0,5.57958e+08,76.0385,79.791,3.12816,0,0,2.25711,1.65231,0,1.74383,3.38688,9.46447e+06,3.61194e+06,2.13623e+07,0,0,0,7.47005e+07
90.0485,110.355,1.74178,0.14,0.04,2.77907,3.38387,0,0.537608,6.048,4.55416e+06,2.70226e+06,1.26563e+07,0,0,0,5.57958e+08,75.8635,79.791,2.58374,0,0,2.1811,1.5763,0,1.74384,3.38688,9.46447e+06,3.61194e+06,2.06429e+07,0,0,0,7.47005e+07
88.6461,110.355,1.85234,0.16,0.04,2.77909,3.38389,0,0.520798,6.048,4.55416e+06,2.70226e+06,1.26564e+07,0,0,0,5.57958e+08,75.5005,79.791,1.94453,0,0,2.18111,1.57631,0,1.68512,3.38688,9.46447e+06,3.61194e+06,2.06431e+07,0,0,0,7.47005e+07
87.5455,110.355,2.16174,0.16,0.04,2.77912,3.38392,0,0.520802,6.048,4.55416e+06,2.70226e+06,1.26566e+07,0,0,0,5.57958e+08,75.6019,79.791,4.19136,0,0,2.18112,1.57632,0,1.68513,3.38688,9.46447e+06,3.61194e+06,2.06432e+07,0,0,0,7.47005e+07
89.8246,110.355,5.79572,0.17,0.04,2.77914,3.38394,0,0.520807,6.048,4.55416e+06,2.70226e+06,1.26567e+07,0,0,0,5.57958e+08,76.9743,79.791,8.26699,0,0,2.18113,1.57633,0,1.68513,3.38688,9.46447e+06,3.61194e+06,2.06433e+07,0,0,0,7.47005e+07
91.0778,110.355,4.46334,0.21,0.04,2.52432,3.12912,0,0.520812,6.048,4.55416e+06,2.70226e+06,1.14962e+07,0,0,0,5.57958e+08,77.5182,79.791,4.5867,0,0,2.02281,1.41801,0,1.68514,3.38688,9.46447e+06,3.61194e+06,1.91448e+07,0,0,0,7.47005e+07
92.6257,110.355,4.88043,0.17,0.04,2.52434,3.12914,0,0.473057,6.048,4.55416e+06,2.70226e+06,1.14963e+07,0,0,0,5.57958e+08,78.6742,79.791,5.92897,0,0,2.02282,1.41802,0,1.56282,3.38688,9.46447e+06,3.61194e+06,1.91449e+07,0,0,0,7.47005e+07
95.0096,110.355,5.8563,0.17,0.04,2.52436,3.12916,0,0.473062,6.048,4.55416e+06,2.70226e+06,1.14964e+07,0,0,0,5.57958e+08,79.8961,79.791,5.73509,0,0,2.02283,1.41803,0,1.56283,3.38688,9.46447e+06,3.61194e+06,1.9145e+07,0,0,0,7.47005e+07
96.4231,110.355,4.684,0.22,0.04,2.52439,3.12919,0,0.473066,6.048,4.55416e+06,2.70226e+06,1.14965e+07,0,0,0,5.57958e+08,80.5837,79.791,3.87282,0,0,2.02284,1.41804,0,1.56284,3.38688,9.46447e+06,3.61194e+06,1.91451e+07,0,0,0,7.47005e+07
97.0049,110.355,3.72269,0.17,0.04,2.52441,3.12921,0,0.47307,6.048,4.55416e+06,2.70226e+06,1.14966e+07,0,0,0,5.57958e+08,80.8192,79.791,3.88419,0,0,2.02285,1.41805,0,1.56284,3.38688,9.46447e+06,3.61194e+06,1.91452e+07,0,0,0,7.47005e+07
95.9847,110.355,2.20866,0.16,0.04,2.62246,3.22726,0,0.473075,6.048,4.55416e+06,2.70226e+06,1.19431e+07,0,0,0,5.57958e+08,80.561,79.791,2.28941,0,0,2.06871,1.46391,0,1.56285,3.38688,9.46447e+06,3.61194e+06,1.95792e+07,0,0,0,7.47005e+07
95.5463,110.355,2.83656,0.16,0.04,2.62246,3.22726,0,0.491449,6.048,4.55416e+06,2.70226e+06,1.19431e+07,0,0,0,5.57958e+08,80.3151,79.791,2.63384,0,0,2.06871,1.46391,0,1.59828,3.38688,9.46447e+06,3.61194e+06,1.95792e+07,0,0,0,7.47005e+07
94.3799,110.355,2.03624,0.22,0.04,2.62246,3.22726,0,0.491449,6.048,4.55416e+06,2.70226e+06,1.19431e+07,0,0,0,5.57958e+08,79.9259,79.791,2.26587,0,0,2.06871,1.46391,0,1.59828,3.38688,9.46447e+06,3.61194e+06,1.95792e+07,0,0,0,7.47005e+07
93.2324,110.355,2.04705,0.22,0.04,2.62247,3.22727,0,0.49145,6.048,4.55416e+06,2.70226e+06,1.19431e+07,0,0,0,5.57958e+08,79.5523,79.791,2.03809,0,0,2.06871,1.46391,0,1.59829,3.38688,9.46447e+06,3.61194e+06,1.95793e+07,0,0,0,7.47005e+07
92.2718,110.355,2.53331,0.21,0.04,2.93725,3.54205,0,0.49145,6.048,4.55416e+06,2.70226e+06,1.33767e+07,0,0,0,5.57958e+08,78.9689,79.791,2.08001,0,0,2.24084,1.63604,0,1.59829,3.38688,9.46447e+06,3.61194e+06,2.12083e+07,0,0,0,7.47005e+07
91.6384,110.355,2.87142,0.22,0.04,2.93725,3.54205,0,0.550441,6.048,4.55416e+06,2.70226e+06,1.33767e+07,0,0,0,5.57958e+08,78.0759,79.791,1.94549,0,0,2.24084,1.63604,0,1.73127,3.38688,9.46447e+06,3.61194e+06,2.12084e+07,0,0,0,7.47005e+07
90.7133,110.355,2.51064,0.25,0.04,2.93726,3.54206,0,0.550442,6.048,4.55416e+06,2.70226e+06,1.33767e+07,0,0,0,5.57958e+08,77.6081,79.791,1.68232,0,0,2.24084,1.63604,0,1.73127,3.38688,9.46447e+06,3.61194e+06,2.12084e+07,0,0,0,7.47005e+07
90.5155,110.355,3.36794,0.27,0.04,2.93726,3.54206,0,0.550442,6.048,4.55416e+06,2.70226e+06,1.33768e+07,0,0,0,5.57958e+08,77.5201,79.791,2.61644,0,0,2.24084,1.63604,0,1.73127,3.38688,9.46447e+06,3.61194e+06,2.12084e+07,0,0,0,7.47005e+07
91.2858,110.355,4.05303,0.3,0.04,2.48829,3.09309,0,0.550443,6.048,4.55416e+06,2.70226e+06,1.13321e+07,0,0,0,5.57958e+08,78.2302,79.791,5.27332,0,0,2.00985,1.40505,0,1.73127,3.38688,9.46447e+06,3.61194e+06,1.90222e+07,0,0,0,7.47005e+07
91.6574,110.355,3.54567,0.32,0.04,2.48829,3.09309,0,0.466305,6.048,4.55416e+06,2.70226e+06,1.13321e+07,0,0,0,5.57958e+08,78.5088,79.791,3.73248,0,0,2.00985,1.40505,0,1.55281,3.38688,9.46447e+06,3.61194e+06,1.90222e+07,0,0,0,7.47005e+07
92.1178,110.355,3.61297,0.33,0.04,2.48829,3.09309,0,0.466305,6.048,4.55416e+06,2.70226e+06,1.13321e+07,0,0,0,5.57958e+08,78.7518,79.791,3.63423,0,0,2.00985,1.40505,0,1.55281,3.38688,9.46447e+06,3.61194e+06,1.90222e+07,0,0,0,7.47005e+07
92.8328,110.355,3.88638,0.33,0.04,2.4883,3.0931,0,0.466306,6.048,4.55416e+06,2.70226e+06,1.13321e+07,0,0,0,5.57958e+08,79.0569,79.791,3.90486,0,0,2.00985,1.40505,0,1.55281,3.38688,9.46447e+06,3.61194e+06,1.90222e+07,0,0,0,7.47005e+07
93.2463,110.355,3.70387,0.36,0.04,2.4883,3.0931,0,0.466307,6.048,4.55416e+06,2.70226e+06,1.13321e+07,0,0,0,5.57958e+08,79.2273,79.791,3.23854,0,0,2.00986,1.40506,0,1.55281,3.38688,9.46447e+06,3.61194e+06,1.90222e+07,0,0,0,7.47005e+07
93.887,110.355,4.06219,0.37,0.04,2.60132,3.20612,0,0.466307,6.048,4.55416e+06,2.70226e+06,1.18468e+07,0,0,0,5.57958e+08,80.0189,79.791,6.0472,0,0,2.06637,1.46157,0,1.55281,3.38688,9.46447e+06,3.61194e+06,1.95571e+07,0,0,0,7.47005e+07
94.139,110.355,3.665,0.37,0.04,2.60132,3.20612,0,0.487487,6.048,4.55416e+06,2.70226e+06,1.18468e+07,0,0,0,5.57958e+08,80.6431,79.791,4.68245,0,0,2.06637,1.46157,0,1.59647,3.38688,9.46447e+06,3.61194e+06,1.95571e+07,0,0,0,7.47005e+07
93.7672,110.355,2.80793,0.35,0.04,2.60132,3.20612,0,0.487487,6.048,4.55416e+06,2.70226e+06,1.18468e+07,0,0,0,5.57958e+08,80.8112,79.791,3.2484,0,0,2.06637,1.46157,0,1.59648,3.38688,9.46447e+06,3.61194e+06,1.95571e+07,0,0,0,7.47005e+07
93.2228,110.355,2.65115,0.33,0.04,2.60133,3.20613,0,0.487488,6.048,4.55416e+06,2.70226e+06,1.18469e+07,0,0,0,5.57958e+08,80.8192,79.791,3.12446,0,0,2.06637,1.46157,0,1.59648,3.38688,9.46447e+06,3.61194e+06,1.95571e+07,0,0,0,7.47005e+07
92.4142,110.355,2.39924,0.32,0.04,2.55714,3.16194,0,0.487489,6.048,4.55416e+06,2.70226e+06,1.16456e+07,0,0,0,5.57958e+08,80.7698,79.791,3.0646,0,0,2.04442,1.43962,0,1.59648,3.38688,9.46447e+06,3.61194e+06,1.93494e+07,0,0,0,7.47005e+07
91.5368,110.355,2.18477,0.31,0.04,2.55714,3.16194,0,0.479208,6.048,4.55416e+06,2.70226e+06,1.16456e+07,0,0,0,5.57958e+08,80.5518,79.791,2.74587,0,0,2.04443,1.43963,0,1.57952,3.38688,9.46447e+06,3.61194e+06,1.93494e+07,0,0,0,7.47005e+07
90.6351,110.355,2.12896,0.31,0.04,2.55715,3.16195,0,0.479209,6.048,4.55416e+06,2.70226e+06,1.16457e+07,0,0,0,5.57958e+08,80.3884,79.791,3.00138,0,0,2.04443,1.43963,0,1.57952,3.38688,9.46447e+06,3.61194e+06,1.93494e+07,0,0,0,7.47005e+07
89.6175,110.355,1.98896,0.26,0.04,2.55715,3.16195,0,0.479209,6.048,4.55416e+06,2.70226e+06,1.16457e+07,0,0,0,5.57958e+08,80.1905,79.791,2.76595,0,0,2.04443,1.43963,0,1.57952,3.38688,9.46447e+06,3.61194e+06,1.93494e+07,0,0,0,7.47005e+07
88.4185,110.355,1.88013,0.34,0.04,2.70715,3.31195,0,0.47921,6.048,4.55416e+06,2.70226e+06,1.23288e+07,0,0,0,5.57958e+08,80.0229,79.791,2.76719,0,0,2.12226,1.51746,0,1.57953,3.38688,9.46447e+06,3.61194e+06,2.00861e+07,0,0,0,7.47005e+07
87.0095,110.355,1.64429,0.33,0.04,2.70715,3.31195,0,0.507319,6.048,4.55416e+06,2.70226e+06,1.23288e+07,0,0,0,5.57958e+08,79.762,79.791,2.39246,0,0,2.12227,1.51747,0,1.63966,3.38688,9.46447e+06,3.61194e+06,2.00861e+07,0,0,0,7.47005e+07
85.4061,110.355,1.43298,0.28,0.04,2.70715,3.31195,0,0.50732,6.048,4.55416e+06,2.70226e+06,1.23288e+07,0,0,0,5.57958e+08,79.4534,79.791,2.36977,0,0,2.12227,1.51747,0,1.63966,3.38688,9.46447e+06,3.61194e+06,2.00861e+07,0,0,0,7.47005e+07
83.6905,110.355,1.3007,0.26,0.04,2.70716,3.31196,0,0.507321,6.048,4.55416e+06,2.70226e+06,1.23288e+07,0,0,0,5.57958e+08,79.0752,79.791,2.10853,0,0,2.12227,1.51747,0,1.63966,3.38688,9.46447e+06,3.61194e+06,2.00862e+07,0,0,0,7.47005e+07
82.2979,110.355,1.49295,0.3,0.04,2.70716,3.31196,0,0.507321,6.048,4.55416e+06,2.70226e+06,1.23288e+07,0,0,0,5.57958e+08,78.5576,79.791,2.00197,0,0,2.12227,1.51747,0,1.63966,3.38688,9.46447e+06,3.61194e+06,2.00862e+07,0,0,0,7.47005e+07
80.8972,110.355,1.43808,0.27,0.04,2.6775,3.2823,0,0.507322,6.048,4.55416e+06,2.70226e+06,1.21938e+07,0,0,0,5.57958e+08,78.0536,79.791,1.71304,0,0,2.16505,1.56025,0,1.63967,3.38688,9.46447e+06,3.61194e+06,2.04911e+07,0,0,0,7.47005e+07
79.4146,110.355,1.32031,0.24,0.04,2.6775,3.2823,0,0.501764,6.048,4.55416e+06,2.70226e+06,1.21938e+07,0,0,0,5.57958e+08,77.4537,79.791,1.68276,0,0,2.16505,1.56025,0,1.67272,3.38688,9.46447e+06,3.61194e+06,2.04911e+07,0,0,0,7.47005e+07
77.8772,110.355,1.23498,0.23,0.04,2.67751,3.28231,0,0.501764,6.048,4.55416e+06,2.70226e+06,1.21938e+07,0,0,0,5.57958e+08,76.823,79.791,1.62289,0,0,2.16505,1.56025,0,1.67272,3.38688,9.46447e+06,3.61194e+06,2.04911e+07,0,0,0,7.47005e+07
76.3053,110.355,1.18843,0.26,0.04,2.67751,3.28231,0,0.501765,6.048,4.55416e+06,2.70226e+06,1.21938e+07,0,0,0,5.57958e+08,76.2577,79.791,1.63438,0,0,2.16506,1.56026,0,1.67272,3.38688,9.46447e+06,3.61194e+06,2.04911e+07,0,0,0,7.47005e+07
74.7305,110.355,1.23336,0.25,0.04,2.75412,3.35892,0,0.501766,6.048,4.55416e+06,2.70226e+06,1.25427e+07,0,0,0,5.57958e+08,75.6497,79.791,1.75484,0,0,2.20318,1.59838,0,1.67272,3.38688,9.46447e+06,3.61194e+06,2.0852e+07,0,0,0,7.47005e+07
73.0493,110.355,1.11225,0.23,0.04,2.75412,3.35892,0,0.516121,6.048,4.55416e+06,2.70226e+06,1.25427e+07,0,0,0,5.57958e+08,74.9381,79.791,1.69062,0,0,2.20318,1.59838,0,1.70218,3.38688,9.46447e+06,3.61194e+06,2.0852e+07,0,0,0,7.47005e+07
71.2858,110.355,1.01404,0.27,0.04,2.75412,3.35892,0,0.516122,6.048,4.55416e+06,2.70226e+06,1.25427e+07,0,0,0,5.57958e+08,74.199,79.791,1.55573,0,0,2.20319,1.59839,0,1.70218,3.38688,9.46447e+06,3.61194e+06,2.0852e+07,0,0,0,7.47005e+07
69.421,110.355,0.882728,0.27,0.04,2.75413,3.35893,0,0.516123,6.048,4.55416e+06,2.70226e+06,1.25427e+07,0,0,0,5.57958e+08,73.3161,79.791,1.54365,0,0,2.20319,1.59839,0,1.70218,3.38688,9.46447e+06,3.61194e+06,2.0852e+07,0,0,0,7.47005e+07
67.639,110.355,1.14277,0.27,0.04,2.97846,3.58326,0,0.516123,6.048,4.55416e+06,2.70226e+06,1.35644e+07,0,0,0,5.57958e+08,72.5913,79.791,1.37841,0,0,2.3408,1.736,0,1.70218,3.38688,9.46447e+06,3.61194e+06,2.21545e+07,0,0,0,7.47005e+07
65.9432,110.355,1.22876,0.28,0.04,2.97846,3.58326,0,0.558163,6.048,4.55416e+06,2.70226e+06,1.35644e+07,0,0,0,5.57958e+08,71.6177,79.791,1.68623,0,0,2.34081,1.73601,0,1.80851,3.38688,9.46447e+06,3.61194e+06,2.21545e+07,0,0,0,7.47005e+07
64.0583,110.355,1.01771,0.33,0.04,2.97847,3.58327,0,0.558164,6.048,4.55416e+06,2.70226e+06,1.35644e+07,0,0,0,5.57958e+08,70.9867,79.791,1.18783,0,0,2.34081,1.73601,0,1.80851,3.38688,9.46447e+06,3.61194e+06,2.21545e+07,0,0,0,7.47005e+07
62.4261,110.355,1.25013,0.35,0.04,2.97847,3.58327,0,0.558165,6.048,4.55416e+06,2.70226e+06,1.35644e+07,0,0,0,5.57958e+08,70.4283,79.791,2.22953,0,0,2.34081,1.73601,0,1.80851,3.38688,9.46447e+06,3.61194e+06,2.21545e+07,0,0,0,7.47005e+07
60.5717,110.355,0.971054,0.35,0.04,2.97847,3.58327,0,0.558165,6.048,4.55416e+06,2.70226e+06,1.35644e+07,0,0,0,5.57958e+08,69.8318,79.791,1.55426,0,0,2.34081,1.73601,0,1.80851,3.38688,9.46447e+06,3.61194e+06,2.21545e+07,0,0,0,7.47005e+07
58.7658,110.355,0.986768,0.37,0.04,2.86915,3.47395,0,0.558166,6.048,4.55416e+06,2.70226e+06,1.30666e+07,0,0,0,5.57958e+08,69.3406,79.791,1.81081,0,0,2.25729,1.65249,0,1.80851,3.38688,9.46447e+06,3.61194e+06,2.1364e+07,0,0,0,7.47005e+07
57.0502,110.355,1.0694,0.38,0.04,2.86915,3.47395,0,0.537678,6.048,4.55416e+06,2.70226e+06,1.30666e+07,0,0,0,5.57958e+08,68.9346,79.791,1.96627,0,0,2.25729,1.65249,0,1.74398,3.38688,9.46447e+06,3.61194e+06,2.1364e+07,0,0,0,7.47005e+07
55.4234,110.355,1.10619,0.39,0.04,2.8062,3.47395,0,0.537679,6.048,4.55416e+06,3.11656e+06,1.27799e+07,0,0,0,5.57958e+08,68.5417,79.791,2.0764,0,0,2.22734,1.65249,0,1.74398,3.38688,9.46447e+06,4.16571e+06,2.10806e+07,0,0,0,7.47005e+07
54.6819,110.355,1.95852,0.42,0.04,2.55441,3.47396,0,0.525883,6.048,4.55416e+06,3.73987e+06,1.16332e+07,0,0,0,5.57958e+08,68.4952,79.791,3.01087,0,0,2.10757,1.65249,0,1.72085,3.38688,9.46447e+06,4.99885e+06,1.99471e+07,0,0,0,7.47005e+07
54.8469,110.355,2.78788,0.42,0.04,2.4728,3.38422,0,0.478697,6.048,4.55416e+06,3.73987e+06,1.12615e+07,0,0,0,5.57958e+08,68.3295,79.791,2.809,0,0,2.03843,1.57646,0,1.62831,3.38688,9.46447e+06,4.99885e+06,1.92927e+07,0,0,0,7.47005e+07
55.6589,110.355,3.39524,0.43,0.04,2.47281,3.38422,0,0.463403,6.048,4.55416e+06,3.73987e+06,1.12616e+07,0,0,0,5.57958e+08,68.2961,79.791,3.82503,0,0,2.03843,1.57646,0,1.57489,3.38688,9.46447e+06,4.99885e+06,1.92927e+07,0,0,0,7.47005e+07
56.1408,110.355,3.10584,0.43,0.04,2.47281,3.38423,0,0.463404,6.048,4.55416e+06,3.73987e+06,1.12616e+07,0,0,0,5.57958e+08,68.2703,79.791,3.46742,0,0,2.03843,1.57646,0,1.57489,3.38688,9.46447e+06,4.99885e+06,1.92927e+07,0,0,0,7.47005e+07
56.841,110.355,3.33242,0.41,0.04,2.47281,3.38423,0,0.463405,6.048,4.55416e+06,3.73987e+06,1.12616e+07,0,0,0,5.57958e+08,68.1334,79.791,2.77024,0,0,2.03844,1.57647,0,1.57489,3.38688,9.46447e+06,4.99885e+06,1.92927e+07,0,0,0,7.47005e+07
59.4105,110.355,5.13178,0.41,0.04,2.24104,3.12936,0,0.463405,6.048,4.55416e+06,3.73987e+06,1.0206e+07,0,0,0,5.57958e+08,68.312,79.791,4.20348,0,0,1.89443,1.41812,0,1.57489,3.38688,9.46447e+06,4.99885e+06,1.79298e+07,0,0,0,7.47005e+07
61.1548,110.355,4.32478,0.42,0.04,2.24104,3.12936,0,0.41997,6.048,4.55416e+06,3.73987e+06,1.02061e+07,0,0,0,5.57958e+08,68.1904,79.791,3.01917,0,0,1.89443,1.41812,0,1.46364,3.38688,9.46447e+06,4.99885e+06,1.79298e+07,0,0,0,7.47005e+07
64.3559,110.355,5.84944,0.43,0.04,2.24104,3.12937,0,0.419971,6.048,4.55416e+06,3.73987e+06,1.02061e+07,0,0,0,5.57958e+08,68.6533,79.791,4.20336,0,0,1.89444,1.41812,0,1.46364,3.38688,9.46447e+06,4.99885e+06,1.79298e+07,0,0,0,7.47005e+07
67.7119,110.355,6.13571,0.43,0.04,2.24104,3.12937,0,0.419971,6.048,4.55416e+06,3.73987e+06,1.02061e+07,0,0,0,5.57958e+08,69.1658,79.791,3.62166,0,0,1.89444,1.41812,0,1.46364,3.38688,9.46447e+06,4.99885e+06,1.79298e+07,0,0,0,7.47005e+07
69.232,110.355,4.18322,0.42,0.04,2.24105,3.12937,0,0.419972,6.048,4.55416e+06,3.73987e+06,1.02061e+07,0,0,0,5.57958e+08,69.5873,79.791,3.77278,0,0,1.89444,1.41812,0,1.46364,3.38688,9.46447e+06,4.99885e+06,1.79299e+07,0,0,0,7.47005e+07
67.9505,110.355,1.31492,0.44,0.06,2.3302,3.22741,0,0.419972,6.048,4.55416e+06,3.73987e+06,1.06121e+07,0,0,0,5.57958e+08,69.4717,79.791,2.58724,0,0,1.93614,1.46397,0,1.46364,3.38688,9.46447e+06,4.99885e+06,1.83245e+07,0,0,0,7.47005e+07
67.8428,110.355,2.52848,0.44,0.06,2.33018,3.22739,0,0.436679,6.048,4.55416e+06,3.73987e+06,1.0612e+07,0,0,0,5.57958e+08,69.4698,79.791,3.01371,0,0,1.93613,1.46397,0,1.49586,3.38688,9.46447e+06,4.99885e+06,1.83244e+07,0,0,0,7.47005e+07
68.6292,110.355,3.55461,0.46,0.06,2.33016,3.22737,0,0.436676,6.048,4.55416e+06,3.73987e+06,1.06119e+07,0,0,0,5.57958e+08,69.4342,79.791,2.92527,0,0,1.93612,1.46396,0,1.49585,3.38688,9.46447e+06,4.99885e+06,1.83244e+07,0,0,0,7.47005e+07
68.104,110.355,2.21231,0.49,0.06,2.33015,3.22735,0,0.436673,6.048,4.55416e+06,3.73987e+06,1.06119e+07,0,0,0,5.57958e+08,68.9376,79.791,2.58184,0,0,1.93611,1.46395,0,1.49585,3.38688,9.46447e+06,4.99885e+06,1.83243e+07,0,0,0,7.47005e+07
66.8083,110.355,1.58991,0.51,0.06,2.6164,3.54212,0,0.43667,6.048,4.55416e+06,3.73987e+06,1.19155e+07,0,0,0,5.57958e+08,68.549,79.791,1.7004,0,0,2.09264,1.63607,0,1.49584,3.38688,9.46447e+06,4.99885e+06,1.98057e+07,0,0,0,7.47005e+07
65.9573,110.355,2.05388,0.56,0.06,2.61638,3.5421,0,0.490313,6.048,4.55416e+06,3.73987e+06,1.19154e+07,0,0,0,5.57958e+08,68.0152,79.791,2.20494,0,0,2.09263,1.63606,0,1.61677,3.38688,9.46447e+06,4.99885e+06,1.98057e+07,0,0,0,7.47005e+07
65.3711,110.355,2.32831,0.58,0.06,2.61636,3.54208,0,0.49031,6.048,4.55416e+06,3.73987e+06,1.19153e+07,0,0,0,5.57958e+08,67.4867,79.791,2.07829,0,0,2.09262,1.63605,0,1.61677,3.38688,9.46447e+06,4.99885e+06,1.98056e+07,0,0,0,7.47005e+07
64.7741,110.355,2.27581,0.61,0.06,2.61635,3.54206,0,0.490307,6.048,4.55416e+06,3.73987e+06,1.19153e+07,0,0,0,5.57958e+08,67.2531,79.791,2.08876,0,0,2.09262,1.63604,0,1.61676,3.38688,9.46447e+06,4.99885e+06,1.98055e+07,0,0,0,7.47005e+07
65.8718,110.355,3.79549,0.63,0.06,2.20803,3.09307,0,0.490303,6.048,4.55416e+06,3.73987e+06,1.00557e+07,0,0,0,5.57958e+08,67.663,79.791,4.55194,0,0,1.88254,1.40504,0,1.61675,3.38688,9.46447e+06,4.99885e+06,1.78173e+07,0,0,0,7.47005e+07
66.3852,110.355,3.10284,0.67,0.06,2.20802,3.09305,0,0.413785,6.048,4.55416e+06,3.73987e+06,1.00557e+07,0,0,0,5.57958e+08,67.6553,79.791,3.1235,0,0,1.88254,1.40503,0,1.45445,3.38688,9.46447e+06,4.99885e+06,1.78172e+07,0,0,0,7.47005e+07
66.8993,110.355,3.08105,0.7,0.06,2.208,3.09303,0,0.413782,6.048,4.55416e+06,3.73987e+06,1.00556e+07,0,0,0,5.57958e+08,67.5993,79.791,2.85301,0,0,1.88253,1.40503,0,1.45445,3.38688,9.46447e+06,4.99885e+06,1.78171e+07,0,0,0,7.47005e+07
67.5313,110.355,3.19849,0.73,0.06,2.20798,3.09302,0,0.413779,6.048,4.55416e+06,3.73987e+06,1.00555e+07,0,0,0,5.57958e+08,67.5708,79.791,3.0227,0,0,1.88252,1.40502,0,1.45444,3.38688,9.46447e+06,4.99885e+06,1.78171e+07,0,0,0,7.47005e+07
67.6579,110.355,2.66382,0.68,0.06,2.20797,3.093,0,0.413776,6.048,4.55416e+06,3.73987e+06,1.00554e+07,0,0,0,5.57958e+08,67.3916,79.791,2.75133,0,0,1.88251,1.40501,0,1.45444,3.38688,9.46447e+06,4.99885e+06,1.7817e+07,0,0,0,7.47005e+07
68.4348,110.355,3.48029,0.7,0.06,2.31073,3.206,0,0.413774,6.048,4.55416e+06,3.73987e+06,1.05234e+07,0,0,0,5.57958e+08,67.0046,79.791,2.68172,0,0,1.9339,1.46151,0,1.45443,3.38688,9.46447e+06,4.99885e+06,1.83033e+07,0,0,0,7.47005e+07
68.0171,110.355,2.23537,0.69,0.06,2.31071,3.20598,0,0.43303,6.048,4.55416e+06,3.73987e+06,1.05233e+07,0,0,0,5.57958e+08,66.6928,79.791,2.02275,0,0,1.93389,1.4615,0,1.49413,3.38688,9.46447e+06,4.99885e+06,1.83032e+07,0,0,0,7.47005e+07
67.3436,110.355,1.95957,0.71,0.06,2.31069,3.20596,0,0.433027,6.048,4.55416e+06,3.73987e+06,1.05233e+07,0,0,0,5.57958e+08,66.2551,79.791,2.26896,0,0,1.93388,1.4615,0,1.49412,3.38688,9.46447e+06,4.99885e+06,1.83032e+07,0,0,0,7.47005e+07
66.488,110.355,1.75443,0.81,0.06,2.31068,3.20594,0,0.433024,6.048,4.55416e+06,3.73987e+06,1.05232e+07,0,0,0,5.57958e+08,65.4635,79.791,2.00642,0,0,1.93387,1.46149,0,1.49412,3.38688,9.46447e+06,4.99885e+06,1.83031e+07,0,0,0,7.47005e+07
65.4045,110.355,1.45887,0.81,0.06,2.27048,3.16174,0,0.433021,6.048,4.55416e+06,3.73987e+06,1.03401e+07,0,0,0,5.57958e+08,64.6972,79.791,1.58971,0,0,1.91391,1.43953,0,1.49411,3.38688,9.46447e+06,4.99885e+06,1.81141e+07,0,0,0,7.47005e+07
64.5567,110.355,1.68768,0.81,0.06,2.27047,3.16172,0,0.425488,6.048,4.55416e+06,3.73987e+06,1.03401e+07,0,0,0,5.57958e+08,64.1366,79.791,1.59397,0,0,1.9139,1.43953,0,1.47869,3.38688,9.46447e+06,4.99885e+06,1.81141e+07,0,0,0,7.47005e+07
63.9267,110.355,1.89833,0.82,0.06,2.27045,3.16171,0,0.425485,6.048,4.55416e+06,3.73987e+06,1.034e+07,0,0,0,5.57958e+08,63.3739,79.791,1.6505,0,0,1.91389,1.43952,0,1.47868,3.38688,9.46447e+06,4.99885e+06,1.8114e+07,0,0,0,7.47005e+07
62.767,110.355,1.30576,0.81,0.06,2.27043,3.16169,0,0.425482,6.048,4.55416e+06,3.73987e+06,1.03399e+07,0,0,0,5.57958e+08,62.6287,79.791,1.4248,0,0,1.91389,1.43951,0,1.47867,3.38688,9.46447e+06,4.99885e+06,1.81139e+07,0,0,0,7.47005e+07
61.5688,110.355,1.37068,0.77,0.06,2.40681,3.31165,0,0.425479,6.048,4.55416e+06,3.73987e+06,1.0961e+07,0,0,0,5.57958e+08,61.8775,79.791,1.5227,0,0,1.98466,1.51733,0,1.47867,3.38688,9.46447e+06,4.99885e+06,1.87837e+07,0,0,0,7.47005e+07
60.2974,110.355,1.251,0.85,0.06,2.40679,3.31163,0,0.451036,6.048,4.55416e+06,3.73987e+06,1.09609e+07,0,0,0,5.57958e+08,61.17,79.791,1.42803,0,0,1.98465,1.51732,0,1.53335,3.38688,9.46447e+06,4.99885e+06,1.87837e+07,0,0,0,7.47005e+07
58.9698,110.355,1.1558,0.81,0.06,2.40678,3.31162,0,0.451033,6.048,4.55416e+06,3.73987e+06,1.09609e+07,0,0,0,5.57958e+08,60.402,79.791,1.4342,0,0,1.98464,1.51731,0,1.53334,3.38688,9.46447e+06,4.99885e+06,1.87836e+07,0,0,0,7.47005e+07
57.6224,110.355,1.1183,0.79,0.06,2.40676,3.3116,0,0.45103,6.048,4.55416e+06,3.73987e+06,1.09608e+07,0,0,0,5.57958e+08,59.4919,79.791,1.41705,0,0,1.98463,1.5173,0,1.53333,3.38688,9.46447e+06,4.99885e+06,1.87835e+07,0,0,0,7.47005e+07
56.132,110.355,0.920173,0.75,0.06,2.40674,3.31158,0,0.451027,6.048,4.55416e+06,3.73987e+06,1.09607e+07,0,0,0,5.57958e+08,58.6155,79.791,1.19284,0,0,1.98463,1.5173,0,1.53333,3.38688,9.46447e+06,4.99885e+06,1.87834e+07,0,0,0,7.47005e+07
54.5779,110.355,0.803397,0.68,0.06,2.37976,3.2819,0,0.451024,6.048,4.55416e+06,3.73987e+06,1.08378e+07,0,0,0,5.57958e+08,57.6411,79.791,1.17901,0,0,2.02352,1.56006,0,1.53332,3.38688,9.46447e+06,4.99885e+06,1.91515e+07,0,0,0,7.47005e+07
52.9767,110.355,0.735657,0.79,0.06,2.37974,3.28188,0,0.445966,6.048,4.55416e+06,3.73987e+06,1.08377e+07,0,0,0,5.57958e+08,56.6798,79.791,1.03966,0,0,2.02351,1.56005,0,1.56337,3.38688,9.46447e+06,4.99885e+06,1.91515e+07,0,0,0,7.47005e+07
51.3531,110.355,0.675247,0.71,0.06,2.37972,3.28187,0,0.445963,6.048,4.55416e+06,3.73987e+06,1.08376e+07,0,0,0,5.57958e+08,55.6901,79.791,1.02148,0,0,2.0235,1.56004,0,1.56336,3.38688,9.46447e+06,4.99885e+06,1.91514e+07,0,0,0,7.47005e+07
49.7759,110.355,0.687584,0.69,0.06,2.37971,3.28185,0,0.44596,6.048,4.55416e+06,3.73987e+06,1.08376e+07,0,0,0,5.57958e+08,54.7457,79.791,1.02692,0,0,2.02349,1.56004,0,1.56336,3.38688,9.46447e+06,4.99885e+06,1.91513e+07,0,0,0,7.47005e+07
48.2096,110.355,0.728924,0.77,0.06,2.44934,3.35842,0,0.445957,6.048,4.55416e+06,3.73987e+06,1.11547e+07,0,0,0,5.57958e+08,53.6853,79.791,1.11611,0,0,2.05815,1.59815,0,1.56335,3.38688,9.46447e+06,4.99885e+06,1.94793e+07,0,0,0,7.47005e+07
46.586,110.355,0.647235,0.71,0.06,2.44933,3.3584,0,0.459007,6.048,4.55416e+06,3.73987e+06,1.11546e+07,0,0,0,5.57958e+08,52.6614,79.791,1.01592,0,0,2.05814,1.59814,0,1.59013,3.38688,9.46447e+06,4.99885e+06,1.94793e+07,0,0,0,7.47005e+07
44.9349,110.355,0.586771,0.69,0.06,2.44931,3.35839,0,0.459004,6.048,4.55416e+06,3.73987e+06,1.11546e+07,0,0,0,5.57958e+08,51.6303,79.791,0.992619,0,0,2.05814,1.59813,0,1.59012,3.38688,9.46447e+06,4.99885e+06,1.94792e+07,0,0,0,7.47005e+07
43.2124,110.355,0.486698,0.64,0.06,2.44929,3.35837,0,0.459001,6.048,4.55416e+06,3.73987e+06,1.11545e+07,0,0,0,5.57958e+08,50.533,79.791,0.974873,0,0,2.05813,1.59812,0,1.59012,3.38688,9.46447e+06,4.99885e+06,1.94791e+07,0,0,0,7.47005e+07
41.3182,110.355,0.445946,0.75,0.06,2.65325,3.58264,0,0.458998,6.048,4.55416e+06,3.73987e+06,1.20833e+07,0,0,0,5.57958e+08,49.4625,79.791,0.890555,0,0,2.18325,1.7357,0,1.59011,3.38688,9.46447e+06,4.99885e+06,2.06633e+07,0,0,0,7.47005e+07
39.4812,110.355,0.467511,0.67,0.06,2.65323,3.58262,0,0.497218,6.048,4.55416e+06,3.73987e+06,1.20832e+07,0,0,0,5.57958e+08,48.4031,79.791,0.948829,0,0,2.18324,1.73569,0,1.68678,3.38688,9.46447e+06,4.99885e+06,2.06632e+07,0,0,0,7.47005e+07
37.5343,110.355,0.534699,0.36,0.06,2.9778,3.5826,0,0.497215,6.048,4.55416e+06,2.70226e+06,1.35614e+07,0,0,0,5.57958e+08,47.2516,79.791,0.955857,0,0,2.34048,1.73568,0,1.68677,3.38688,9.46447e+06,3.61194e+06,2.21515e+07,0,0,0,7.47005e+07
35.717,110.355,0.401975,0.59,0.06,2.65319,3.58258,0,0.55804,6.048,4.55416e+06,3.73987e+06,1.20831e+07,0,0,0,5.57958e+08,46.0218,79.791,0.86909,0,0,2.18322,1.73568,0,1.80826,3.38688,9.46447e+06,4.99885e+06,2.0663e+07,0,0,0,7.47005e+07
32.5528,110.355,0.272814,0.33,0.06,2.97776,3.58256,0,0.497208,6.048,4.55416e+06,2.70226e+06,1.35612e+07,0,0,0,5.57958e+08,44.6091,79.791,0.65085,0,0,2.34047,1.73567,0,1.68676,3.38688,9.46447e+06,3.61194e+06,2.21513e+07,0,0,0,7.47005e+07
29.4685,110.355,0.175593,0.39,0.06,2.8055,3.47323,0,0.558032,6.048,4.55416e+06,3.11656e+06,1.27767e+07,0,0,0,5.57958e+08,43.2809,79.791,0.473334,0,0,2.22701,1.65215,0,1.80824,3.38688,9.46447e+06,4.16571e+06,2.10775e+07,0,0,0,7.47005e+07
25.7265,110.355,0.203757,0,0.06,3.47322,3.47322,0,0.52575,6.048,4.55416e+06,2.70226e+06,1.58176e+07,0,0,0,5.57958e+08,42.5279,79.791,0.484715,0,0,1.65214,1.65214,0,1.72059,3.38688,9.46447e+06,3.61194e+06,1.56366e+07,0,0,0,7.47005e+07
23.4639,110.355,0.580073,0.15,0.06,2.8684,3.4732,0,0.650881,6.048,4.55416e+06,2.70226e+06,1.30631e+07,0,0,0,5.57958e+08,41.6861,79.791,0.953682,0,0,2.25693,1.65213,0,1.27644,3.38688,9.46447e+06,3.61194e+06,2.13606e+07,0,0,0,7.47005e+07
25.5345,110.355,0.564342,0.03,0.06,2.86838,3.47318,0,0.537538,6.048,4.55416e+06,2.70226e+06,1.30631e+07,0,0,0,5.57958e+08,41.4996,79.791,0.958413,0,0,2.25692,1.65212,0,1.7437,3.38688,9.46447e+06,3.61194e+06,2.13606e+07,0,0,0,7.47005e+07
25.5579,110.355,2.02099,0.03,0.06,2.77864,3.38344,0,0.537534,6.048,4.55416e+06,2.70226e+06,1.26544e+07,0,0,0,5.57958e+08,41.0253,79.791,2.22415,0,0,2.1809,1.5761,0,1.7437,3.38688,9.46447e+06,3.61194e+06,2.0641e+07,0,0,0,7.47005e+07
24.5214,110.355,0.897337,0.34,0.06,2.77862,3.38342,0,0.520717,6.048,4.55416e+06,2.70226e+06,1.26543e+07,0,0,0,5.57958e+08,40.4798,79.791,1.39408,0,0,2.18089,1.57609,0,1.68496,3.38688,9.46447e+06,3.61194e+06,2.0641e+07,0,0,0,7.47005e+07
23.7065,110.355,1.07189,0.16,0.06,2.7786,3.3834,0,0.520714,6.048,4.55416e+06,2.70226e+06,1.26542e+07,0,0,0,5.57958e+08,40.1987,79.791,1.69197,0,0,2.18088,1.57608,0,1.68495,3.38688,9.46447e+06,3.61194e+06,2.06409e+07,0,0,0,7.47005e+07
23.3691,110.355,1.54573,0.2,0.06,2.77858,3.38338,0,0.52071,6.048,4.55416e+06,2.70226e+06,1.26541e+07,0,0,0,5.57958e+08,40.0311,79.791,2.03926,0,0,2.18087,1.57607,0,1.68495,3.38688,9.46447e+06,3.61194e+06,2.06408e+07,0,0,0,7.47005e+07
25.217,110.355,3.6463,0.33,0.06,2.52376,3.12856,0,0.520707,6.048,4.55416e+06,2.70226e+06,1.14936e+07,0,0,0,5.57958e+08,41.0039,79.791,4.4703,0,0,2.02255,1.41775,0,1.68494,3.38688,9.46447e+06,3.61194e+06,1.91424e+07,0,0,0,7.47005e+07
28.0863,110.355,4.85887,0.36,0.06,2.52374,3.12854,0,0.472952,6.048,4.55416e+06,2.70226e+06,1.14935e+07,0,0,0,5.57958e+08,42.3206,79.791,4.52271,0,0,2.02254,1.41774,0,1.56262,3.38688,9.46447e+06,3.61194e+06,1.91423e+07,0,0,0,7.47005e+07
29.0051,110.355,3.36312,0,0.06,3.12853,3.12853,0,0.472949,6.048,4.55416e+06,2.70226e+06,1.42478e+07,0,0,0,5.57958e+08,43.4637,79.791,4.8074,0,0,1.41774,1.41774,0,1.56262,3.38688,9.46447e+06,3.61194e+06,1.34181e+07,0,0,0,7.47005e+07
28.8298,110.355,2.21381,0,0.06,3.12851,3.12851,0,0.586286,6.048,4.55416e+06,2.70226e+06,1.42477e+07,0,0,0,5.57958e+08,43.9023,79.791,2.48784,0,0,1.41773,1.41773,0,1.09534,3.38688,9.46447e+06,3.61194e+06,1.34181e+07,0,0,0,7.47005e+07
28.8801,110.355,2.46659,0,0.06,3.12849,3.12849,0,0.586282,6.048,4.55416e+06,2.70226e+06,1.42477e+07,0,0,0,5.57958e+08,44.4696,79.791,3.08451,0,0,1.41772,1.41772,0,1.09534,3.38688,9.46447e+06,3.61194e+06,1.3418e+07,0,0,0,7.47005e+07
28.4704,110.355,2.06345,0,0.06,3.22647,3.22647,0,0.586279,6.048,4.55416e+06,2.70226e+06,1.46939e+07,0,0,0,5.57958e+08,45.5294,79.791,4.59743,0,0,1.46355,1.46355,0,1.09533,3.38688,9.46447e+06,3.61194e+06,1.38517e+07,0,0,0,7.47005e+07
28.5569,110.355,2.66309,0,0.08,3.22644,3.22644,0,0.604641,6.048,4.55416e+06,2.70226e+06,1.46937e+07,0,0,0,5.57958e+08,46.4756,79.791,4.00288,0,0,1.46353,1.46353,0,1.13074,3.38688,9.46447e+06,3.61194e+06,1.38516e+07,0,0,0,7.47005e+07
28.1433,110.355,2.03675,0,0.08,3.2264,3.2264,0,0.604634,6.048,4.55416e+06,2.70226e+06,1.46935e+07,0,0,0,5.57958e+08,47.2437,79.791,3.40532,0,0,1.46352,1.46352,0,1.13073,3.38688,9.46447e+06,3.61194e+06,1.38514e+07,0,0,0,7.47005e+07
27.4049,110.355,1.65138,0,0.08,3.22636,3.22636,0,0.604627,6.048,4.55416e+06,2.70226e+06,1.46934e+07,0,0,0,5.57958e+08,47.874,79.791,2.97135,0,0,1.4635,1.4635,0,1.13071,3.38688,9.46447e+06,3.61194e+06,1.38513e+07,0,0,0,7.47005e+07
28.8126,110.355,3.74299,0.39,0.08,2.87205,3.54101,0,0.60462,6.048,4.55416e+06,3.11656e+06,1.30798e+07,0,0,0,5.57958e+08,48.2723,79.791,3.73264,0,0,2.21072,1.63556,0,1.1307,3.38688,9.46447e+06,4.16571e+06,2.09233e+07,0,0,0,7.47005e+07
29.9438,110.355,3.92272,0,0.08,3.54097,3.54097,0,0.538221,6.048,4.55416e+06,2.70226e+06,1.61261e+07,0,0,0,5.57958e+08,49.0055,79.791,4.25764,0,0,1.63554,1.63554,0,1.708,3.38688,9.46447e+06,3.61194e+06,1.54795e+07,0,0,0,7.47005e+07
30.9842,110.355,3.89275,0,0.08,3.54093,3.54093,0,0.663577,6.048,4.55416e+06,2.70226e+06,1.61259e+07,0,0,0,5.57958e+08,49.6751,79.791,3.77867,0,0,1.63552,1.63552,0,1.26362,3.38688,9.46447e+06,3.61194e+06,1.54793e+07,0,0,0,7.47005e+07
32.4832,110.355,4.43582,0,0.08,3.54088,3.54088,0,0.66357,6.048,4.55416e+06,2.70226e+06,1.61258e+07,0,0,0,5.57958e+08,50.4095,79.791,4.39244,0,0,1.6355,1.6355,0,1.2636,3.38688,9.46447e+06,3.61194e+06,1.54791e+07,0,0,0,7.47005e+07
35.4639,110.355,5.77335,0,0.08,3.09202,3.09202,0,0.663562,6.048,4.55416e+06,2.70226e+06,1.40815e+07,0,0,0,5.57958e+08,51.7876,79.791,5.07353,0,0,1.40456,1.40456,0,1.26359,3.38688,9.46447e+06,3.61194e+06,1.32935e+07,0,0,0,7.47005e+07
36.8943,110.355,4.32184,0,0.08,3.09198,3.09198,0,0.579444,6.048,4.55416e+06,2.70226e+06,1.40814e+07,0,0,0,5.57958e+08,52.9712,79.791,4.75023,0,0,1.40455,1.40455,0,1.08517,3.38688,9.46447e+06,3.61194e+06,1.32933e+07,0,0,0,7.47005e+07
41.9883,110.355,8.12859,0,0.08,3.09194,3.09194,0,0.579437,6.048,4.55416e+06,2.70226e+06,1.40812e+07,0,0,0,5.57958e+08,55.003,79.791,7.44377,0,0,1.40453,1.40453,0,1.08515,3.38688,9.46447e+06,3.61194e+06,1.32931e+07,0,0,0,7.47005e+07
44.8899,110.355,6.12093,0,0.08,3.09191,3.09191,0,0.57943,6.048,4.55416e+06,2.70226e+06,1.4081e+07,0,0,0,5.57958e+08,57.3539,79.791,7.52488,0,0,1.40451,1.40451,0,1.08514,3.38688,9.46447e+06,3.61194e+06,1.3293e+07,0,0,0,7.47005e+07
54.4849,110.355,13.0838,0,0.08,3.09187,3.09187,0,0.579424,6.048,4.55416e+06,2.70226e+06,1.40809e+07,0,0,0,5.57958e+08,60.7814,79.791,9.57971,0,0,1.4045,1.4045,0,1.08513,3.38688,9.46447e+06,3.61194e+06,1.32928e+07,0,0,0,7.47005e+07
64.8432,110.355,14.0544,0,0.08,3.2048,3.2048,0,0.579417,6.048,4.55416e+06,2.70226e+06,1.45952e+07,0,0,0,5.57958e+08,63.3264,79.791,7.72742,0,0,1.46097,1.46097,0,1.08512,3.38688,9.46447e+06,3.61194e+06,1.38273e+07,0,0,0,7.47005e+07
70.2309,110.355,8.96866,0,0.08,3.20477,3.20477,0,0.60058,6.048,4.55416e+06,2.70226e+06,1.4595e+07,0,0,0,5.57958e+08,65.0366,79.791,5.71983,0,0,1.46095,1.46095,0,1.12874,3.38688,9.46447e+06,3.61194e+06,1.38271e+07,0,0,0,7.47005e+07
74.3162,110.355,7.66343,0,0.08,3.20473,3.20473,0,0.600573,6.048,4.55416e+06,2.70226e+06,1.45948e+07,0,0,0,5.57958e+08,66.539,79.791,5.47676,0,0,1.46093,1.46093,0,1.12873,3.38688,9.46447e+06,3.61194e+06,1.3827e+07,0,0,0,7.47005e+07
77.5326,110.355,6.78426,0,0.08,3.20469,3.20469,0,0.600566,6.048,4.55416e+06,2.70226e+06,1.45947e+07,0,0,0,5.57958e+08,67.6864,79.791,4.62897,0,0,1.46092,1.46092,0,1.12872,3.38688,9.46447e+06,3.61194e+06,1.38268e+07,0,0,0,7.47005e+07
79.8052,110.355,5.78402,0,0.08,3.16049,3.16049,0,0.600559,6.048,4.55416e+06,2.70226e+06,1.43934e+07,0,0,0,5.57958e+08,68.2716,79.791,3.64517,0,0,1.43896,1.43896,0,1.1287,3.38688,9.46447e+06,3.61194e+06,1.3619e+07,0,0,0,7.47005e+07
81.7562,110.355,5.45853,0,0.08,3.16045,3.16045,0,0.592275,6.048,4.55416e+06,2.70226e+06,1.43932e+07,0,0,0,5.57958e+08,68.8574,79.791,3.53384,0,0,1.43894,1.43894,0,1.11174,3.38688,9.46447e+06,3.61194e+06,1.36189e+07,0,0,0,7.47005e+07
83.4221,110.355,5.17115,0,0.08,3.16041,3.16041,0,0.592268,6.048,4.55416e+06,2.70226e+06,1.4393e+07,0,0,0,5.57958e+08,69.679,79.791,4.25644,0,0,1.43893,1.43893,0,1.11173,3.38688,9.46447e+06,3.61194e+06,1.36187e+07,0,0,0,7.47005e+07
84.7022,110.355,4.77889,0,0.08,3.16037,3.16037,0,0.592261,6.048,4.55416e+06,2.70226e+06,1.43928e+07,0,0,0,5.57958e+08,70.34,79.791,3.627,0,0,1.43891,1.43891,0,1.11172,3.38688,9.46447e+06,3.61194e+06,1.36185e+07,0,0,0,7.47005e+07
85.0372,110.355,3.83049,0,0.08,3.31025,3.31025,0,0.592254,6.048,4.55416e+06,2.70226e+06,1.50754e+07,0,0,0,5.57958e+08,70.6264,79.791,2.81333,0,0,1.51669,1.51669,0,1.1117,3.38688,9.46447e+06,3.61194e+06,1.43547e+07,0,0,0,7.47005e+07
85.1229,110.355,3.56425,0,0.08,3.31021,3.31021,0,0.620341,6.048,4.55416e+06,2.70226e+06,1.50752e+07,0,0,0,5.57958e+08,70.8388,79.791,2.64253,0,0,1.51667,1.51667,0,1.17179,3.38688,9.46447e+06,3.61194e+06,1.43545e+07,0,0,0,7.47005e+07
85.0639,110.355,3.4123,0,0.08,3.31017,3.31017,0,0.620334,6.048,4.55416e+06,2.70226e+06,1.50751e+07,0,0,0,5.57958e+08,71.0638,79.791,2.84024,0,0,1.51665,1.51665,0,1.17178,3.38688,9.46447e+06,3.61194e+06,1.43543e+07,0,0,0,7.47005e+07
84.7194,110.355,3.14539,0,0.08,3.31014,3.31014,0,0.620327,6.048,4.55416e+06,2.70226e+06,1.50749e+07,0,0,0,5.57958e+08,71.2439,79.791,2.68144,0,0,1.51663,1.51663,0,1.17177,3.38688,9.46447e+06,3.61194e+06,1.43541e+07,0,0,0,7.47005e+07
83.9437,110.355,2.64403,0,0.08,3.3101,3.3101,0,0.620319,6.048,4.55416e+06,2.70226e+06,1.50747e+07,0,0,0,5.57958e+08,71.3489,79.791,2.56494,0,0,1.51662,1.51662,0,1.17175,3.38688,9.46447e+06,3.61194e+06,1.4354e+07,0,0,0,7.47005e+07
82.8716,110.355,2.30553,0,0.08,3.28041,3.28041,0,0.620312,6.048,4.55416e+06,2.70226e+06,1.49395e+07,0,0,0,5.57958e+08,71.3566,79.791,2.32885,0,0,1.55935,1.55935,0,1.17174,3.38688,9.46447e+06,3.61194e+06,1.47585e+07,0,0,0,7.47005e+07
81.6429,110.355,2.14074,0,0.08,3.28037,3.28037,0,0.614749,6.048,4.55416e+06,2.70226e+06,1.49393e+07,0,0,0,5.57958e+08,71.3421,79.791,2.28441,0,0,1.55933,1.55933,0,1.20476,3.38688,9.46447e+06,3.61194e+06,1.47583e+07,0,0,0,7.47005e+07
80.238,110.355,1.95185,0,0.08,3.28033,3.28033,0,0.614742,6.048,4.55416e+06,2.70226e+06,1.49392e+07,0,0,0,5.57958e+08,71.2108,79.791,2.09525,0,0,1.55932,1.55932,0,1.20474,3.38688,9.46447e+06,3.61194e+06,1.47581e+07,0,0,0,7.47005e+07
78.6715,110.355,1.75419,0,0.08,3.28029,3.28029,0,0.614734,6.048,4.55416e+06,2.70226e+06,1.4939e+07,0,0,0,5.57958e+08,71.1138,79.791,1.94637,0,0,1.5593,1.5593,0,1.20473,3.38688,9.46447e+06,3.61194e+06,1.47579e+07,0,0,0,7.47005e+07
77.0217,110.355,1.7149,0,0.08,3.35681,3.35681,0,0.614727,6.048,4.55416e+06,2.70226e+06,1.52875e+07,0,0,0,5.57958e+08,71.0461,79.791,2.06919,0,0,1.59738,1.59738,0,1.20471,3.38688,9.46447e+06,3.61194e+06,1.51184e+07,0,0,0,7.47005e+07
75.3012,110.355,1.61772,0,0.08,3.35677,3.35677,0,0.629066,6.048,4.55416e+06,2.70226e+06,1.52873e+07,0,0,0,5.57958e+08,70.898,79.791,2.13277,0,0,1.59736,1.59736,0,1.23414,3.38688,9.46447e+06,3.61194e+06,1.51182e+07,0,0,0,7.47005e+07
73.4959,110.355,1.51396,0,0.08,3.35673,3.35673,0,0.629059,6.048,4.55416e+06,2.70226e+06,1.52871e+07,0,0,0,5.57958e+08,70.7197,79.791,1.94991,0,0,1.59734,1.59734,0,1.23412,3.38688,9.46447e+06,3.61194e+06,1.5118e+07,0,0,0,7.47005e+07
71.6868,110.355,1.48779,0,0.08,3.35669,3.35669,0,0.629051,6.048,4.55416e+06,2.70226e+06,1.52869e+07,0,0,0,5.57958e+08,70.1897,79.791,2.09788,0,0,1.59732,1.59732,0,1.23411,3.38688,9.46447e+06,3.61194e+06,1.51178e+07,0,0,0,7.47005e+07
69.4975,110.355,1.24788,0,0.08,3.58083,3.58083,0,0.629044,6.048,4.55416e+06,2.70226e+06,1.63077e+07,0,0,0,5.57958e+08,69.4182,79.791,1.46719,0,0,1.73483,1.73483,0,1.23409,3.38688,9.46447e+06,3.61194e+06,1.64192e+07,0,0,0,7.47005e+07
67.2836,110.355,1.20202,0,0.08,3.58079,3.58079,0,0.671047,6.048,4.55416e+06,2.70226e+06,1.63075e+07,0,0,0,5.57958e+08,68.5414,79.791,1.31954,0,0,1.73481,1.73481,0,1.34033,3.38688,9.46447e+06,3.61194e+06,1.6419e+07,0,0,0,7.47005e+07
64.8687,110.355,0.989695,0,0.08,3.58074,3.58074,0,0.671039,6.048,4.55416e+06,2.70226e+06,1.63073e+07,0,0,0,5.57958e+08,67.9335,79.791,1.0546,0,0,1.73479,1.73479,0,1.34031,3.38688,9.46447e+06,3.61194e+06,1.64188e+07,0,0,0,7.47005e+07
62.6487,110.355,1.1462,0,0.08,3.5807,3.5807,0,0.671031,6.048,4.55416e+06,2.70226e+06,1.63071e+07,0,0,0,5.57958e+08,67.1545,79.791,1.57943,0,0,1.73477,1.73477,0,1.3403,3.38688,9.46447e+06,3.61194e+06,1.64186e+07,0,0,0,7.47005e+07
60.2512,110.355,0.965897,0,0.08,3.58066,3.58066,0,0.671024,6.048,4.55416e+06,2.70226e+06,1.63069e+07,0,0,0,5.57958e+08,66.6698,79.791,1.13995,0,0,1.73474,1.73474,0,1.34028,3.38688,9.46447e+06,3.61194e+06,1.64184e+07,0,0,0,7.47005e+07
58.844,110.355,1.87891,0,0.08,3.47137,3.47137,0,0.671016,6.048,4.55416e+06,2.70226e+06,1.58092e+07,0,0,0,5.57958e+08,66.1388,79.791,1.8726,0,0,1.65126,1.65126,0,1.34026,3.38688,9.46447e+06,3.61194e+06,1.56283e+07,0,0,0,7.47005e+07
56.5683,110.355,0.992787,0,0.08,3.47133,3.47133,0,0.650534,6.048,4.55416e+06,2.70226e+06,1.5809e+07,0,0,0,5.57958e+08,65.3305,79.791,1.13229,0,0,1.65124,1.65124,0,1.27576,3.38688,9.46447e+06,3.61194e+06,1.56281e+07,0,0,0,7.47005e+07
54.3488,110.355,0.969392,0,0.08,3.47129,3.47129,0,0.650527,6.048,4.55416e+06,2.70226e+06,1.58088e+07,0,0,0,5.57958e+08,65.3486,79.791,1.06729,0,0,1.65122,1.65122,0,1.27575,3.38688,9.46447e+06,3.61194e+06,1.56279e+07,0,0,0,7.47005e+07
53.6589,110.355,2.60431,0,0.08,3.47125,3.47125,0,0.650519,6.048,4.55416e+06,2.70226e+06,1.58086e+07,0,0,0,5.57958e+08,65.5715,79.791,2.45362,0,0,1.6512,1.6512,0,1.27573,3.38688,9.46447e+06,3.61194e+06,1.56277e+07,0,0,0,7.47005e+07
52.9338,110.355,2.61207,0,0.08,3.38154,3.38154,0,0.650511,6.048,4.55416e+06,2.70226e+06,1.54001e+07,0,0,0,5.57958e+08,65.9486,79.791,2.78419,0,0,1.57521,1.57521,0,1.27572,3.38688,9.46447e+06,3.61194e+06,1.49085e+07,0,0,0,7.47005e+07
52.1319,110.355,2.51389,0,0.08,3.38149,3.38149,0,0.6337,6.048,4.55416e+06,2.70226e+06,1.53999e+07,0,0,0,5.57958e+08,66.1212,79.791,2.56629,0,0,1.57519,1.57519,0,1.21701,3.38688,9.46447e+06,3.61194e+06,1.49084e+07,0,0,0,7.47005e+07
51.1917,110.355,2.40192,0,0.08,3.38146,3.38146,0,0.633692,6.048,4.55416e+06,2.70226e+06,1.53997e+07,0,0,0,5.57958e+08,66.9832,79.791,3.80409,0,0,1.57517,1.57517,0,1.21699,3.38688,9.46447e+06,3.61194e+06,1.49082e+07,0,0,0,7.47005e+07
