0cont_fund,0ins_pout,0ins_price,0infra_npv,0debt_serv,0gross_rev,0cont_contrib,0drought_cost,0water_price
0,0,0,0,0.000745969,2.58772e+07,-1.34681e+06,1.34681e+06,1.40073e+07
0,0,0,0,0,2.47921e+07,0,0,1.40073e+07
0,0,0,0,0,2.47975e+07,0,0,1.40073e+07
0,0,0,0,0,2.4803e+07,0,0,1.40073e+07
0,0,0,0,0,2.70201e+07,-479802,479802,1.40073e+07
0,0,0,0,0,2.70261e+07,-479907,479907,1.40073e+07
0,0,0,0,0,2.7032e+07,-480012,480012,1.40073e+07
0,0,0,0,0,2.70379e+07,-480118,480118,1.40073e+07
0,0,0,0,0,2.38163e+07,0,0,1.40073e+07
0,0,0,0,0,2.38215e+07,0,0,1.40073e+07
0,0,0,0,0,2.38268e+07,0,0,1.40073e+07
0,0,0,0,0,2.3832e+07,0,0,1.40073e+07
0,0,0,0,0,2.38372e+07,0,0,1.40073e+07
0,0,0,0,0,2.47616e+07,0,0,1.40073e+07
0,0,0,0,0,2.4767e+07,0,0,1.40073e+07
0,0,0,0,0,2.47725e+07,0,0,1.40073e+07
0,0,0,0,0,2.47779e+07,0,0,1.40073e+07
0,0,0,0,0,2.4425e+07,0,0,1.40073e+07
0,0,0,0,0,2.44304e+07,0,0,1.40073e+07
0,0,0,0,0,2.44358e+07,0,0,1.40073e+07
0,0,0,0,0,2.44411e+07,0,0,1.40073e+07
0,0,0,0,0,2.56949e+07,0,0,1.40073e+07
0,0,0,0,0,2.57005e+07,0,0,1.40073e+07
0,0,0,0,0,2.57062e+07,0,0,1.40073e+07
0,0,0,0,0,2.57118e+07,0,0,1.40073e+07
0,0,0,0,0,2.57175e+07,0,0,1.40073e+07
0,0,0,0,0,2.55634e+07,-453935,453935,1.40073e+07
0,0,0,0,0,2.55691e+07,-454035,454035,1.40073e+07
0,0,0,0,0,2.55747e+07,-454134,454134,1.40073e+07
0,0,0,0,0,2.55803e+07,-454234,454234,1.40073e+07
0,0,0,0,0,2.61987e+07,-465216,465216,1.40073e+07
0,0,0,0,0,2.62045e+07,-465318,465318,1.40073e+07
0,0,0,0,0,2.62102e+07,-465420,465420,1.40073e+07
0,0,0,0,0,2.6216e+07,-465522,465522,1.40073e+07
0,0,0,0,0,2.82557e+07,-501742,501742,1.40073e+07
0,0,0,0,0,2.82619e+07,-501853,501853,1.40073e+07
0,0,0,0,0,2.82682e+07,-501963,501963,1.40073e+07
0,0,0,0,0,2.82744e+07,-502073,502073,1.40073e+07
0,0,0,0,0,2.82806e+07,-502184,502184,1.40073e+07
0,0,0,0,0,2.71435e+07,-481992,481992,1.40073e+07
0,0,0,0,0,2.71494e+07,-482098,482098,1.40073e+07
0,0,0,0,0,2.71554e+07,-482204,482204,1.40073e+07
0,0,0,0,0,2.71614e+07,-482310,482310,1.40073e+07
0,0,0,0,0,2.61595e+07,-464519,464519,1.40073e+07
0,0,0,0,0,2.61652e+07,-464621,464621,1.40073e+07
0,0,0,0,0,2.6171e+07,-464723,464723,1.40073e+07
0,0,0,0,0,2.61767e+07,-464825,464825,1.40073e+07
0,0,0,0,0,2.42701e+07,0,0,1.40073e+07
0,0,0,0,0,2.42754e+07,0,0,1.40073e+07
0,0,0,0,0,2.42807e+07,0,0,1.40073e+07
0,0,0,0,0,2.42861e+07,0,0,1.40073e+07
0,0,0,0,0,2.42914e+07,0,0,1.40073e+07
0,0,0,0,0.000745969,2.50712e+07,0,0,1.40073e+07
0,0,0,0,0,2.50765e+07,0,0,1.40073e+07
0,0,0,0,0,2.50819e+07,0,0,1.40073e+07
0,0,0,0,0,2.50872e+07,0,0,1.40073e+07
0,0,0,0,0,2.73296e+07,-485297,485297,1.40073e+07
0,0,0,0,0,2.73354e+07,-485400,485400,1.40073e+07
0,0,0,0,0,2.73412e+07,-485504,485504,1.40073e+07
0,0,0,0,0,2.73471e+07,-485607,485607,1.40073e+07
0,0,0,0,0,2.40885e+07,0,0,1.40073e+07
0,0,0,0,0,2.40936e+07,0,0,1.40073e+07
0,0,0,0,0,2.40987e+07,0,0,1.40073e+07
0,0,0,0,0,2.41039e+07,0,0,1.40073e+07
0,0,0,0,0,2.4109e+07,0,0,1.40073e+07
0,0,0,0,0,2.50438e+07,0,0,1.40073e+07
0,0,0,0,0,2.50491e+07,0,0,1.40073e+07
0,0,0,0,0,2.50544e+07,0,0,1.40073e+07
0,0,0,0,0,2.50598e+07,0,0,1.40073e+07
0,0,0,0,0,2.47027e+07,0,0,1.40073e+07
0,0,0,0,0,2.4708e+07,0,0,1.40073e+07
0,0,0,0,0,2.47132e+07,0,0,1.40073e+07
0,0,0,0,0,2.47185e+07,0,0,1.40073e+07
0,0,0,0,0,2.59863e+07,0,0,1.40073e+07
0,0,0,0,0,2.59919e+07,0,0,1.40073e+07
0,0,0,0,0,2.59974e+07,0,0,1.40073e+07
0,0,0,0,0,2.6003e+07,0,0,1.40073e+07
0,0,0,0,0,2.60085e+07,0,0,1.40073e+07
0,0,0,0,0,2.58526e+07,-459069,459069,1.40073e+07
0,0,0,0,0,2.58581e+07,-459167,459167,1.40073e+07
0,0,0,0,0,2.58636e+07,-459265,459265,1.40073e+07
0,0,0,0,0,2.58691e+07,-459363,459363,1.40073e+07
0,0,0,0,0,2.64944e+07,-470465,470465,1.40073e+07
0,0,0,0,0,2.65e+07,-470566,470566,1.40073e+07
0,0,0,0,0,2.65057e+07,-470666,470666,1.40073e+07
0,0,0,0,0,2.65113e+07,-470766,470766,1.40073e+07
0,0,0,0,0,2.85058e+07,-575480,575480,1.40073e+07
0,0,0,0,0,2.85084e+07,-579018,579018,1.40073e+07
0,0,0,0,0,2.85111e+07,-582557,582557,1.40073e+07
0,0,0,0,0,2.85138e+07,-586097,586097,1.40073e+07
0,0,0,0,0,2.85164e+07,-589638,589638,1.40073e+07
0,0,0,0,0,2.74482e+07,-487403,487403,1.40073e+07
0,0,0,0,0,2.7454e+07,-487507,487507,1.40073e+07
0,0,0,0,0,2.74599e+07,-487611,487611,1.40073e+07
0,0,0,0,0,2.74658e+07,-487715,487715,1.40073e+07
0,0,0,0,0,2.64525e+07,-469721,469721,1.40073e+07
0,0,0,0,0,2.64581e+07,-469822,469822,1.40073e+07
0,0,0,0,0,2.64638e+07,-469922,469922,1.40073e+07
0,0,0,0,0,2.64694e+07,-470022,470022,1.40073e+07
0,0,0,0,0,2.45412e+07,0,0,1.40073e+07
0,0,0,0,0,2.45465e+07,0,0,1.40073e+07
0,0,0,0,0,2.45517e+07,0,0,1.40073e+07
0,0,0,0,0,2.4557e+07,0,0,1.40073e+07
0,0,0,0,0,2.45622e+07,0,0,1.40073e+07
0,0,0,0,0.000745969,2.53505e+07,0,0,1.40073e+07
0,0,0,0,0,2.53557e+07,0,0,1.40073e+07
0,0,0,0,0,2.5361e+07,0,0,1.40073e+07
0,0,0,0,0,2.53662e+07,0,0,1.40073e+07
0,0,0,0,0,2.76334e+07,-490691,490691,1.40073e+07
0,0,0,0,0,2.76391e+07,-490792,490792,1.40073e+07
0,0,0,0,0,2.76448e+07,-490893,490893,1.40073e+07
0,0,0,0,0,2.76505e+07,-490995,490995,1.40073e+07
0,0,0,0,0,2.43555e+07,0,0,1.40073e+07
0,0,0,0,0,2.43606e+07,0,0,1.40073e+07
0,0,0,0,0,2.43656e+07,0,0,1.40073e+07
0,0,0,0,0,2.43706e+07,0,0,1.40073e+07
0,0,0,0,0,2.43756e+07,0,0,1.40073e+07
0,0,0,0,0,2.53206e+07,0,0,1.40073e+07
0,0,0,0,0,2.53258e+07,0,0,1.40073e+07
0,0,0,0,0,2.5331e+07,0,0,1.40073e+07
0,0,0,0,0,2.53363e+07,0,0,1.40073e+07
0,0,0,0,0,2.49751e+07,0,0,1.40073e+07
0,0,0,0,0,2.49803e+07,0,0,1.40073e+07
0,0,0,0,0,2.49854e+07,0,0,1.40073e+07
0,0,0,0,0,2.49906e+07,0,0,1.40073e+07
0,0,0,0,0,2.58138e+07,-458380,458380,1.40073e+07
0,0,0,0,0,2.58191e+07,-458475,458475,1.40073e+07
0,0,0,0,0,2.58245e+07,-458570,458570,1.40073e+07
0,0,0,0,0,2.58298e+07,-458665,458665,1.40073e+07
0,0,0,0,0,2.58351e+07,-458759,458759,1.40073e+07
0,0,0,0,0,2.61361e+07,-464103,464103,1.40073e+07
0,0,0,0,0,2.61415e+07,-464199,464199,1.40073e+07
0,0,0,0,0,2.61469e+07,-464295,464295,1.40073e+07
0,0,0,0,0,2.61523e+07,-464391,464391,1.40073e+07
0,0,0,0,0,2.67842e+07,-475612,475612,1.40073e+07
0,0,0,0,0,2.67897e+07,-475710,475710,1.40073e+07
0,0,0,0,0,2.67952e+07,-475808,475808,1.40073e+07
0,0,0,0,0,2.68008e+07,-475906,475906,1.40073e+07
0,0,0,0,0,2.86421e+07,-756507,756507,1.40073e+07
0,0,0,0,0,2.86447e+07,-759973,759973,1.40073e+07
0,0,0,0,0,2.86473e+07,-763439,763439,1.40073e+07
0,0,0,0,0,2.86499e+07,-766905,766905,1.40073e+07
0,0,0,0,0,2.86525e+07,-770373,770373,1.40073e+07
0,0,0,0,0,2.77468e+07,-492705,492705,1.40073e+07
0,0,0,0,0,2.77525e+07,-492806,492806,1.40073e+07
0,0,0,0,0,2.77582e+07,-492908,492908,1.40073e+07
0,0,0,0,0,2.7764e+07,-493010,493010,1.40073e+07
0,0,0,0,0,2.67395e+07,-474818,474818,1.40073e+07
0,0,0,0,0,2.6745e+07,-474917,474917,1.40073e+07
0,0,0,0,0,2.67506e+07,-475015,475015,1.40073e+07
0,0,0,0,0,2.67561e+07,-475113,475113,1.40073e+07
0,0,0,0,0,2.48069e+07,0,0,1.40073e+07
0,0,0,0,0,2.4812e+07,0,0,1.40073e+07
0,0,0,0,0,2.48171e+07,0,0,1.40073e+07
0,0,0,0,0,2.48223e+07,0,0,1.40073e+07
0,0,0,0,0,2.48274e+07,0,0,1.40073e+07
0,0,0,0,0.000745969,2.5624e+07,0,0,1.40073e+07
0,0,0,0,0,2.56292e+07,0,0,1.40073e+07
0,0,0,0,0,2.56343e+07,0,0,1.40073e+07
0,0,0,0,0,2.56394e+07,0,0,1.40073e+07
0,0,0,0,0,2.79308e+07,-495972,495972,1.40073e+07
0,0,0,0,0,2.79363e+07,-496071,496071,1.40073e+07
0,0,0,0,0,2.79419e+07,-496170,496170,1.40073e+07
0,0,0,0,0,2.79475e+07,-496269,496269,1.40073e+07
0,0,0,0,0,2.4617e+07,0,0,1.40073e+07
0,0,0,0,0,2.46219e+07,0,0,1.40073e+07
0,0,0,0,0,2.46268e+07,0,0,1.40073e+07
0,0,0,0,0,2.46317e+07,0,0,1.40073e+07
0,0,0,0,0,2.46366e+07,0,0,1.40073e+07
0,0,0,0,0,2.55915e+07,0,0,1.40073e+07
0,0,0,0,0,2.55966e+07,0,0,1.40073e+07
0,0,0,0,0,2.56018e+07,0,0,1.40073e+07
0,0,0,0,0,2.56069e+07,0,0,1.40073e+07
0,0,0,0,0,2.52417e+07,0,0,1.40073e+07
0,0,0,0,0,2.52467e+07,0,0,1.40073e+07
0,0,0,0,0,2.52517e+07,0,0,1.40073e+07
0,0,0,0,0,2.52568e+07,0,0,1.40073e+07
0,0,0,0,0,2.60886e+07,-463260,463260,1.40073e+07
0,0,0,0,0,2.60938e+07,-463353,463353,1.40073e+07
0,0,0,0,0,2.6099e+07,-463445,463445,1.40073e+07
0,0,0,0,0,2.61042e+07,-463538,463538,1.40073e+07
0,0,0,0,0,2.61094e+07,-463630,463630,1.40073e+07
0,0,0,0,0,2.64134e+07,-469028,469028,1.40073e+07
0,0,0,0,0,2.64187e+07,-469122,469122,1.40073e+07
0,0,0,0,0,2.6424e+07,-469215,469215,1.40073e+07
0,0,0,0,0,2.64292e+07,-469309,469309,1.40073e+07
0,0,0,0,0,2.70676e+07,-480645,480645,1.40073e+07
0,0,0,0,0,2.7073e+07,-480741,480741,1.40073e+07
0,0,0,0,0,2.70785e+07,-480837,480837,1.40073e+07
0,0,0,0,0,2.70839e+07,-480933,480933,1.40073e+07
0,0,0,0,0,2.87754e+07,-933541,933541,1.40073e+07
0,0,0,0,0,2.87779e+07,-936927,936927,1.40073e+07
0,0,0,0,0,2.87805e+07,-940314,940314,1.40073e+07
0,0,0,0,0,2.8783e+07,-943700,943700,1.40073e+07
0,0,0,0,0,2.87856e+07,-947089,947089,1.40073e+07
0,0,0,0,0,2.80387e+07,-497889,497889,1.40073e+07
0,0,0,0,0,2.80443e+07,-497988,497988,1.40073e+07
0,0,0,0,0,2.80499e+07,-498088,498088,1.40073e+07
0,0,0,0,0,2.80555e+07,-498187,498187,1.40073e+07
0,0,0,0,0,2.70201e+07,-479801,479801,1.40073e+07
0,0,0,0,0,2.70255e+07,-479897,479897,1.40073e+07
0,0,0,0,0,2.70309e+07,-479993,479993,1.40073e+07
0,0,0,0,0,2.70363e+07,-480089,480089,1.40073e+07
0,0,0,0,0,2.50665e+07,0,0,1.40073e+07
0,0,0,0,0,2.50715e+07,0,0,1.40073e+07
0,0,0,0,0,2.50765e+07,0,0,1.40073e+07
0,0,0,0,0,2.50815e+07,0,0,1.40073e+07
0,0,0,0,0,2.50866e+07,0,0,1.40073e+07
0,0,0,0,0.000745969,2.58913e+07,0,0,1.40073e+07
0,0,0,0,0,2.58963e+07,0,0,1.40073e+07
0,0,0,0,0,2.59013e+07,0,0,1.40073e+07
0,0,0,0,0,2.59063e+07,0,0,1.40073e+07
0,0,0,0,0,2.82213e+07,-501132,501132,1.40073e+07
0,0,0,0,0,2.82268e+07,-501228,501228,1.40073e+07
0,0,0,0,0,2.82322e+07,-501325,501325,1.40073e+07
0,0,0,0,0,2.82377e+07,-501422,501422,1.40073e+07
0,0,0,0,0,2.48724e+07,0,0,1.40073e+07
0,0,0,0,0,2.48772e+07,0,0,1.40073e+07
0,0,0,0,0,2.4882e+07,0,0,1.40073e+07
0,0,0,0,0,2.48868e+07,0,0,1.40073e+07
0,0,0,0,0,2.48916e+07,0,0,1.40073e+07
0,0,0,0,0,2.58562e+07,0,0,1.40073e+07
0,0,0,0,0,2.58612e+07,0,0,1.40073e+07
0,0,0,0,0,2.58662e+07,0,0,1.40073e+07
0,0,0,0,0,2.58712e+07,0,0,1.40073e+07
0,0,0,0,0,2.5502e+07,0,0,1.40073e+07
0,0,0,0,0,2.55069e+07,0,0,1.40073e+07
0,0,0,0,0,2.55118e+07,0,0,1.40073e+07
0,0,0,0,0,2.55168e+07,0,0,1.40073e+07
0,0,0,0,0,2.63569e+07,-468025,468025,1.40073e+07
0,0,0,0,0,2.6362e+07,-468116,468116,1.40073e+07
0,0,0,0,0,2.63671e+07,-468206,468206,1.40073e+07
0,0,0,0,0,2.63722e+07,-468296,468296,1.40073e+07
0,0,0,0,0,2.63773e+07,-468386,468386,1.40073e+07
0,0,0,0,0,2.66842e+07,-473836,473836,1.40073e+07
0,0,0,0,0,2.66893e+07,-473928,473928,1.40073e+07
0,0,0,0,0,2.66945e+07,-474019,474019,1.40073e+07
0,0,0,0,0,2.66996e+07,-474110,474110,1.40073e+07
0,0,0,0,0,2.73444e+07,-485559,485559,1.40073e+07
0,0,0,0,0,2.73497e+07,-485653,485653,1.40073e+07
0,0,0,0,0,2.73549e+07,-485747,485747,1.40073e+07
0,0,0,0,0,2.73602e+07,-485840,485840,1.40073e+07
0,0,0,0,0,2.89055e+07,-1.10635e+06,1.10635e+06,1.40073e+07
0,0,0,0,0,2.8908e+07,-1.10965e+06,1.10965e+06,1.40073e+07
0,0,0,0,0,2.89104e+07,-1.11295e+06,1.11295e+06,1.40073e+07
0,0,0,0,0,2.89129e+07,-1.11626e+06,1.11626e+06,1.40073e+07
0,0,0,0,0,2.89154e+07,-1.11956e+06,1.11956e+06,1.40073e+07
0,0,0,0,0,2.83236e+07,-502948,502948,1.40073e+07
0,0,0,0,0,2.83291e+07,-503045,503045,1.40073e+07
0,0,0,0,0,2.83345e+07,-503142,503142,1.40073e+07
0,0,0,0,0,2.834e+07,-503239,503239,1.40073e+07
0,0,0,0,0,2.72939e+07,-484663,484663,1.40073e+07
0,0,0,0,0,2.72992e+07,-484757,484757,1.40073e+07
0,0,0,0,0,2.73044e+07,-484850,484850,1.40073e+07
0,0,0,0,0,2.73097e+07,-484944,484944,1.40073e+07
0,0,0,0,0,2.53198e+07,0,0,1.40073e+07
0,0,0,0,0,2.53247e+07,0,0,1.40073e+07
0,0,0,0,0,2.53296e+07,0,0,1.40073e+07
0,0,0,0,0,2.53345e+07,0,0,1.40073e+07
0,0,0,0,0,2.53394e+07,0,0,1.40073e+07
0,0,0,0,0,2.61521e+07,0,0,1.40073e+07
0,0,0,0,0.000745969,2.6157e+07,0,0,1.40073e+07
0,0,0,0,0,2.61618e+07,0,0,1.40073e+07
0,0,0,0,0,2.61667e+07,0,0,1.40073e+07
0,0,0,0,0,2.85048e+07,-506165,506165,1.40073e+07
0,0,0,0,0,2.85101e+07,-506259,506259,1.40073e+07
0,0,0,0,0,2.85154e+07,-506353,506353,1.40073e+07
0,0,0,0,0,2.85207e+07,-506448,506448,1.40073e+07
0,0,0,0,0,2.51216e+07,0,0,1.40073e+07
0,0,0,0,0,2.51262e+07,0,0,1.40073e+07
0,0,0,0,0,2.51309e+07,0,0,1.40073e+07
0,0,0,0,0,2.51356e+07,0,0,1.40073e+07
0,0,0,0,0,2.51402e+07,0,0,1.40073e+07
0,0,0,0,0,2.61143e+07,0,0,1.40073e+07
0,0,0,0,0,2.61191e+07,0,0,1.40073e+07
0,0,0,0,0,2.6124e+07,0,0,1.40073e+07
0,0,0,0,0,2.61289e+07,0,0,1.40073e+07
0,0,0,0,0,2.57559e+07,0,0,1.40073e+07
0,0,0,0,0,2.57607e+07,0,0,1.40073e+07
0,0,0,0,0,2.57654e+07,0,0,1.40073e+07
0,0,0,0,0,2.57702e+07,0,0,1.40073e+07
0,0,0,0,0,2.66186e+07,-472671,472671,1.40073e+07
0,0,0,0,0,2.66235e+07,-472759,472759,1.40073e+07
0,0,0,0,0,2.66285e+07,-472847,472847,1.40073e+07
0,0,0,0,0,2.66334e+07,-472935,472935,1.40073e+07
0,0,0,0,0,2.66384e+07,-473023,473023,1.40073e+07
0,0,0,0,0,2.69482e+07,-478524,478524,1.40073e+07
0,0,0,0,0,2.69532e+07,-478613,478613,1.40073e+07
0,0,0,0,0,2.69582e+07,-478702,478702,1.40073e+07
0,0,0,0,0,2.69632e+07,-478791,478791,1.40073e+07
0,0,0,0,0,2.76141e+07,-490349,490349,1.40073e+07
0,0,0,0,0,2.76193e+07,-490441,490441,1.40073e+07
0,0,0,0,0,2.76244e+07,-490532,490532,1.40073e+07
0,0,0,0,0,2.76295e+07,-490623,490623,1.40073e+07
0,0,0,0,0,2.90323e+07,-1.27477e+06,1.27477e+06,1.40073e+07
0,0,0,0,0,2.90347e+07,-1.27799e+06,1.27799e+06,1.40073e+07
0,0,0,0,0,2.90371e+07,-1.28121e+06,1.28121e+06,1.40073e+07
0,0,0,0,0,2.90396e+07,-1.28443e+06,1.28443e+06,1.40073e+07
0,0,0,0,0,2.9042e+07,-1.28765e+06,1.28765e+06,1.40073e+07
0,0,0,0,0,2.86013e+07,-507878,507878,1.40073e+07
0,0,0,0,0,2.86066e+07,-507973,507973,1.40073e+07
0,0,0,0,0,2.86119e+07,-508067,508067,1.40073e+07
0,0,0,0,0,2.86172e+07,-508162,508162,1.40073e+07
0,0,0,0,0,2.75607e+07,-489401,489401,1.40073e+07
0,0,0,0,0,2.75659e+07,-489492,489492,1.40073e+07
0,0,0,0,0,2.7571e+07,-489583,489583,1.40073e+07
0,0,0,0,0,2.75761e+07,-489674,489674,1.40073e+07
0,0,0,0,0,2.55667e+07,0,0,1.40073e+07
0,0,0,0,0,2.55714e+07,0,0,1.40073e+07
0,0,0,0,0,2.55762e+07,0,0,1.40073e+07
0,0,0,0,0,2.55809e+07,0,0,1.40073e+07
0,0,0,0,0,2.55857e+07,0,0,1.40073e+07
0,0,0,0,0,2.55857e+07,0,0,1.40073e+07
0,0,0,0,0.000745969,2.59454e+07,-460718,460718,1.40073e+07
0,0,0,0,0,2.59501e+07,-460800,460800,1.40073e+07
0,0,0,0,0,2.59547e+07,-460883,460883,1.40073e+07
0,0,0,0,0,2.59594e+07,-460965,460965,1.40073e+07
0,0,0,0,0,2.87809e+07,-511068,511068,1.40073e+07
0,0,0,0,0,2.8786e+07,-511159,511159,1.40073e+07
0,0,0,0,0,2.87912e+07,-511251,511251,1.40073e+07
0,0,0,0,0,2.87964e+07,-511343,511343,1.40073e+07
0,0,0,0,0,2.53642e+07,0,0,1.40073e+07
0,0,0,0,0,2.53687e+07,0,0,1.40073e+07
0,0,0,0,0,2.53733e+07,0,0,1.40073e+07
0,0,0,0,0,2.53778e+07,0,0,1.40073e+07
0,0,0,0,0,2.53824e+07,0,0,1.40073e+07
0,0,0,0,0,2.59056e+07,-460011,460011,1.40073e+07
0,0,0,0,0,2.59102e+07,-460093,460093,1.40073e+07
0,0,0,0,0,2.59149e+07,-460176,460176,1.40073e+07
0,0,0,0,0,2.59195e+07,-460258,460258,1.40073e+07
0,0,0,0,0,2.6003e+07,0,0,1.40073e+07
0,0,0,0,0,2.60077e+07,0,0,1.40073e+07
0,0,0,0,0,2.60124e+07,0,0,1.40073e+07
0,0,0,0,0,2.6017e+07,0,0,1.40073e+07
0,0,0,0,0,2.68733e+07,-477194,477194,1.40073e+07
0,0,0,0,0,2.68781e+07,-477280,477280,1.40073e+07
0,0,0,0,0,2.68829e+07,-477365,477365,1.40073e+07
0,0,0,0,0,2.68878e+07,-477451,477451,1.40073e+07
0,0,0,0,0,2.68926e+07,-477537,477537,1.40073e+07
0,0,0,0,0,2.72051e+07,-483086,483086,1.40073e+07
0,0,0,0,0,2.721e+07,-483173,483173,1.40073e+07
0,0,0,0,0,2.72149e+07,-483259,483259,1.40073e+07
0,0,0,0,0,2.72197e+07,-483346,483346,1.40073e+07
0,0,0,0,0,2.78767e+07,-495011,495011,1.40073e+07
0,0,0,0,0,2.78817e+07,-495100,495100,1.40073e+07
0,0,0,0,0,2.78866e+07,-495189,495189,1.40073e+07
0,0,0,0,0,2.78916e+07,-495277,495277,1.40073e+07
0,0,0,0,0,2.91557e+07,-1.43867e+06,1.43867e+06,1.40073e+07
0,0,0,0,0,2.9158e+07,-1.4418e+06,1.4418e+06,1.40073e+07
0,0,0,0,0,2.91604e+07,-1.44492e+06,1.44492e+06,1.40073e+07
0,0,0,0,0,2.91628e+07,-1.44805e+06,1.44805e+06,1.40073e+07
0,0,0,0,0,2.91651e+07,-1.45119e+06,1.45119e+06,1.40073e+07
0,0,0,0,0,2.87662e+07,-617923,617923,1.40073e+07
0,0,0,0,0,2.87684e+07,-620905,620905,1.40073e+07
0,0,0,0,0,2.87707e+07,-623888,623888,1.40073e+07
0,0,0,0,0,2.8773e+07,-626871,626871,1.40073e+07
0,0,0,0,0,2.78203e+07,-494010,494010,1.40073e+07
0,0,0,0,0,2.78253e+07,-494099,494099,1.40073e+07
0,0,0,0,0,2.78303e+07,-494187,494187,1.40073e+07
0,0,0,0,0,2.78352e+07,-494276,494276,1.40073e+07
0,0,0,0,0,2.58067e+07,0,0,1.40073e+07
0,0,0,0,0,2.58113e+07,0,0,1.40073e+07
0,0,0,0,0,2.5816e+07,0,0,1.40073e+07
0,0,0,0,0,2.58206e+07,0,0,1.40073e+07
0,0,0,0,0,2.58252e+07,0,0,1.40073e+07
0,0,0,0,0.000745969,2.61881e+07,-465028,465028,1.40073e+07
0,0,0,0,0,2.61927e+07,-465108,465108,1.40073e+07
0,0,0,0,0,2.61972e+07,-465188,465188,1.40073e+07
0,0,0,0,0,2.62017e+07,-465268,465268,1.40073e+07
0,0,0,0,0,2.90494e+07,-515835,515835,1.40073e+07
0,0,0,0,0,2.90544e+07,-515924,515924,1.40073e+07
0,0,0,0,0,2.90594e+07,-516013,516013,1.40073e+07
0,0,0,0,0,2.90626e+07,-517894,517894,1.40073e+07
0,0,0,0,0,2.56001e+07,0,0,1.40073e+07
0,0,0,0,0,2.56045e+07,0,0,1.40073e+07
0,0,0,0,0,2.56089e+07,0,0,1.40073e+07
0,0,0,0,0,2.56133e+07,0,0,1.40073e+07
0,0,0,0,0,2.56177e+07,0,0,1.40073e+07
0,0,0,0,0,2.61456e+07,-464273,464273,1.40073e+07
0,0,0,0,0,2.61501e+07,-464353,464353,1.40073e+07
0,0,0,0,0,2.61546e+07,-464433,464433,1.40073e+07
0,0,0,0,0,2.61591e+07,-464513,464513,1.40073e+07
0,0,0,0,0,2.62432e+07,0,0,1.40073e+07
0,0,0,0,0,2.62478e+07,0,0,1.40073e+07
0,0,0,0,0,2.62523e+07,0,0,1.40073e+07
0,0,0,0,0,2.62568e+07,0,0,1.40073e+07
0,0,0,0,0,2.71208e+07,-481589,481589,1.40073e+07
0,0,0,0,0,2.71255e+07,-481672,481672,1.40073e+07
0,0,0,0,0,2.71301e+07,-481755,481755,1.40073e+07
0,0,0,0,0,2.71348e+07,-481838,481838,1.40073e+07
0,0,0,0,0,2.71395e+07,-481921,481921,1.40073e+07
0,0,0,0,0,2.74547e+07,-487519,487519,1.40073e+07
0,0,0,0,0,2.74594e+07,-487603,487603,1.40073e+07
0,0,0,0,0,2.74642e+07,-487687,487687,1.40073e+07
0,0,0,0,0,2.74689e+07,-487771,487771,1.40073e+07
0,0,0,0,0,2.81317e+07,-499539,499539,1.40073e+07
0,0,0,0,0,2.81365e+07,-499625,499625,1.40073e+07
0,0,0,0,0,2.81414e+07,-499711,499711,1.40073e+07
0,0,0,0,0,2.81462e+07,-499797,499797,1.40073e+07
0,0,0,0,0,2.92755e+07,-1.59783e+06,1.59783e+06,1.40073e+07
0,0,0,0,0,2.92778e+07,-1.60087e+06,1.60087e+06,1.40073e+07
0,0,0,0,0,2.92801e+07,-1.60391e+06,1.60391e+06,1.40073e+07
0,0,0,0,0,2.92824e+07,-1.60694e+06,1.60694e+06,1.40073e+07
0,0,0,0,0,2.92847e+07,-1.60998e+06,1.60998e+06,1.40073e+07
0,0,0,0,0,2.8882e+07,-769027,769027,1.40073e+07
0,0,0,0,0,2.88842e+07,-771921,771921,1.40073e+07
0,0,0,0,0,2.88864e+07,-774815,774815,1.40073e+07
0,0,0,0,0,2.88887e+07,-777710,777710,1.40073e+07
0,0,0,0,0,2.80722e+07,-498484,498484,1.40073e+07
0,0,0,0,0,2.80771e+07,-498570,498570,1.40073e+07
0,0,0,0,0,2.80819e+07,-498656,498656,1.40073e+07
0,0,0,0,0,2.80868e+07,-498742,498742,1.40073e+07
0,0,0,0,0,2.60397e+07,0,0,1.40073e+07
0,0,0,0,0,2.60442e+07,0,0,1.40073e+07
0,0,0,0,0,2.60487e+07,0,0,1.40073e+07
0,0,0,0,0,2.60532e+07,0,0,1.40073e+07
0,0,0,0,0,2.60577e+07,0,0,1.40073e+07
0,0,0,0,0.000745969,2.64237e+07,-469211,469211,1.40073e+07
0,0,0,0,0,2.64281e+07,-469288,469288,1.40073e+07
0,0,0,0,0,2.64324e+07,-469366,469366,1.40073e+07
0,0,0,0,0,2.64368e+07,-469444,469444,1.40073e+07
0,0,0,0,0,2.91728e+07,-657526,657526,1.40073e+07
0,0,0,0,0,2.9175e+07,-660285,660285,1.40073e+07
0,0,0,0,0,2.91771e+07,-663044,663044,1.40073e+07
0,0,0,0,0,2.91793e+07,-665803,665803,1.40073e+07
0,0,0,0,0,2.58289e+07,0,0,1.40073e+07
0,0,0,0,0,2.58332e+07,0,0,1.40073e+07
0,0,0,0,0,2.58375e+07,0,0,1.40073e+07
0,0,0,0,0,2.58417e+07,0,0,1.40073e+07
0,0,0,0,0,2.5846e+07,0,0,1.40073e+07
0,0,0,0,0,2.63785e+07,-468407,468407,1.40073e+07
0,0,0,0,0,2.63828e+07,-468485,468485,1.40073e+07
0,0,0,0,0,2.63872e+07,-468562,468562,1.40073e+07
0,0,0,0,0,2.63916e+07,-468640,468640,1.40073e+07
0,0,0,0,0,2.60143e+07,-461940,461940,1.40073e+07
0,0,0,0,0,2.60186e+07,-462017,462017,1.40073e+07
0,0,0,0,0,2.60229e+07,-462093,462093,1.40073e+07
0,0,0,0,0,2.60272e+07,-462170,462170,1.40073e+07
0,0,0,0,0,2.73608e+07,-485851,485851,1.40073e+07
0,0,0,0,0,2.73654e+07,-485932,485932,1.40073e+07
0,0,0,0,0,2.73699e+07,-486012,486012,1.40073e+07
0,0,0,0,0,2.73744e+07,-486093,486093,1.40073e+07
0,0,0,0,0,2.73789e+07,-486173,486173,1.40073e+07
0,0,0,0,0,2.76967e+07,-491816,491816,1.40073e+07
0,0,0,0,0,2.77013e+07,-491898,491898,1.40073e+07
0,0,0,0,0,2.77059e+07,-491979,491979,1.40073e+07
0,0,0,0,0,2.77105e+07,-492061,492061,1.40073e+07
0,0,0,0,0,2.83789e+07,-503929,503929,1.40073e+07
0,0,0,0,0,2.83836e+07,-504013,504013,1.40073e+07
0,0,0,0,0,2.83883e+07,-504096,504096,1.40073e+07
0,0,0,0,0,2.8393e+07,-504180,504180,1.40073e+07
0,0,0,0,0,2.93917e+07,-1.75213e+06,1.75213e+06,1.40073e+07
0,0,0,0,0,2.93939e+07,-1.75507e+06,1.75507e+06,1.40073e+07
0,0,0,0,0,2.93961e+07,-1.75802e+06,1.75802e+06,1.40073e+07
0,0,0,0,0,2.93984e+07,-1.76096e+06,1.76096e+06,1.40073e+07
0,0,0,0,0,2.94006e+07,-1.7639e+06,1.7639e+06,1.40073e+07
0,0,0,0,0,2.89943e+07,-915490,915490,1.40073e+07
0,0,0,0,0,2.89964e+07,-918293,918293,1.40073e+07
0,0,0,0,0,2.89986e+07,-921097,921097,1.40073e+07
0,0,0,0,0,2.90007e+07,-923901,923901,1.40073e+07
0,0,0,0,0,2.83164e+07,-502821,502821,1.40073e+07
0,0,0,0,0,2.83211e+07,-502904,502904,1.40073e+07
0,0,0,0,0,2.83258e+07,-502987,502987,1.40073e+07
0,0,0,0,0,2.83305e+07,-503070,503070,1.40073e+07
0,0,0,0,0,2.62655e+07,0,0,1.40073e+07
0,0,0,0,0,2.62699e+07,0,0,1.40073e+07
0,0,0,0,0,2.62742e+07,0,0,1.40073e+07
0,0,0,0,0,2.62786e+07,0,0,1.40073e+07
0,0,0,0,0,2.62829e+07,0,0,1.40073e+07
0,0,0,0,0.000745969,2.66519e+07,-473263,473263,1.40073e+07
0,0,0,0,0,2.66562e+07,-473338,473338,1.40073e+07
0,0,0,0,0,2.66604e+07,-473414,473414,1.40073e+07
0,0,0,0,0,2.66646e+07,-473489,473489,1.40073e+07
0,0,0,0,0,2.92861e+07,-801073,801073,1.40073e+07
0,0,0,0,0,2.92882e+07,-803743,803743,1.40073e+07
0,0,0,0,0,2.92903e+07,-806412,806412,1.40073e+07
0,0,0,0,0,2.92924e+07,-809083,809083,1.40073e+07
0,0,0,0,0,2.60506e+07,0,0,1.40073e+07
0,0,0,0,0,2.60547e+07,0,0,1.40073e+07
0,0,0,0,0,2.60589e+07,0,0,1.40073e+07
0,0,0,0,0,2.6063e+07,0,0,1.40073e+07
0,0,0,0,0,2.60672e+07,0,0,1.40073e+07
0,0,0,0,0,2.6604e+07,-472412,472412,1.40073e+07
0,0,0,0,0,2.66082e+07,-472487,472487,1.40073e+07
0,0,0,0,0,2.66124e+07,-472562,472562,1.40073e+07
0,0,0,0,0,2.66166e+07,-472637,472637,1.40073e+07
0,0,0,0,0,2.6236e+07,-465877,465877,1.40073e+07
0,0,0,0,0,2.62401e+07,-465951,465951,1.40073e+07
0,0,0,0,0,2.62443e+07,-466025,466025,1.40073e+07
0,0,0,0,0,2.62485e+07,-466099,466099,1.40073e+07
0,0,0,0,0,2.75932e+07,-489979,489979,1.40073e+07
0,0,0,0,0,2.75976e+07,-490056,490056,1.40073e+07
0,0,0,0,0,2.7602e+07,-490134,490134,1.40073e+07
0,0,0,0,0,2.76064e+07,-490212,490212,1.40073e+07
0,0,0,0,0,2.76108e+07,-490290,490290,1.40073e+07
0,0,0,0,0,2.79311e+07,-495978,495978,1.40073e+07
0,0,0,0,0,2.79355e+07,-496056,496056,1.40073e+07
0,0,0,0,0,2.794e+07,-496135,496135,1.40073e+07
0,0,0,0,0,2.79444e+07,-496214,496214,1.40073e+07
0,0,0,0,0,2.86182e+07,-508179,508179,1.40073e+07
0,0,0,0,0,2.86228e+07,-508260,508260,1.40073e+07
0,0,0,0,0,2.86273e+07,-508341,508341,1.40073e+07
0,0,0,0,0,2.86319e+07,-508421,508421,1.40073e+07
0,0,0,0,0,2.95042e+07,-1.90149e+06,1.90149e+06,1.40073e+07
0,0,0,0,0,2.95063e+07,-1.90433e+06,1.90433e+06,1.40073e+07
0,0,0,0,0,2.95084e+07,-1.90718e+06,1.90718e+06,1.40073e+07
0,0,0,0,0,2.95106e+07,-1.91003e+06,1.91003e+06,1.40073e+07
0,0,0,0,0,2.95127e+07,-1.91287e+06,1.91287e+06,1.40073e+07
0,0,0,0,0,2.9103e+07,-1.05724e+06,1.05724e+06,1.40073e+07
0,0,0,0,0,2.9105e+07,-1.05995e+06,1.05995e+06,1.40073e+07
0,0,0,0,0,2.91071e+07,-1.06266e+06,1.06266e+06,1.40073e+07
0,0,0,0,0,2.91092e+07,-1.06537e+06,1.06537e+06,1.40073e+07
0,0,0,0,0,2.85528e+07,-507017,507017,1.40073e+07
0,0,0,0,0,2.85573e+07,-507097,507097,1.40073e+07
0,0,0,0,0,2.85618e+07,-507178,507178,1.40073e+07
0,0,0,0,0,2.85664e+07,-507258,507258,1.40073e+07
0,0,0,0,0,2.60219e+07,-462077,462077,1.40073e+07
0,0,0,0,0,2.60261e+07,-462150,462150,1.40073e+07
0,0,0,0,0,2.60302e+07,-462223,462223,1.40073e+07
0,0,0,0,0,2.60343e+07,-462297,462297,1.40073e+07
0,0,0,0,0,2.60385e+07,-462370,462370,1.40073e+07
0,0,0,0,0.000745969,2.68727e+07,-477184,477184,1.40073e+07
0,0,0,0,0,2.68768e+07,-477257,477257,1.40073e+07
0,0,0,0,0,2.68809e+07,-477330,477330,1.40073e+07
0,0,0,0,0,2.6885e+07,-477402,477402,1.40073e+07
0,0,0,0,0,2.93957e+07,-939957,939957,1.40073e+07
0,0,0,0,0,2.93977e+07,-942541,942541,1.40073e+07
0,0,0,0,0,2.93998e+07,-945125,945125,1.40073e+07
0,0,0,0,0,2.94018e+07,-947710,947710,1.40073e+07
0,0,0,0,0,2.62651e+07,0,0,1.40073e+07
0,0,0,0,0,2.62691e+07,0,0,1.40073e+07
0,0,0,0,0,2.62731e+07,0,0,1.40073e+07
0,0,0,0,0,2.62771e+07,0,0,1.40073e+07
0,0,0,0,0,2.62811e+07,0,0,1.40073e+07
0,0,0,0,0,2.68222e+07,-476286,476286,1.40073e+07
0,0,0,0,0,2.68263e+07,-476359,476359,1.40073e+07
0,0,0,0,0,2.68304e+07,-476432,476432,1.40073e+07
0,0,0,0,0,2.68344e+07,-476504,476504,1.40073e+07
0,0,0,0,0,2.64505e+07,-469686,469686,1.40073e+07
0,0,0,0,0,2.64545e+07,-469758,469758,1.40073e+07
0,0,0,0,0,2.64585e+07,-469830,469830,1.40073e+07
0,0,0,0,0,2.64626e+07,-469901,469901,1.40073e+07
0,0,0,0,0,2.78182e+07,-493972,493972,1.40073e+07
0,0,0,0,0,2.78224e+07,-494048,494048,1.40073e+07
0,0,0,0,0,2.78266e+07,-494123,494123,1.40073e+07
0,0,0,0,0,2.78309e+07,-494198,494198,1.40073e+07
0,0,0,0,0,2.78351e+07,-494274,494274,1.40073e+07
0,0,0,0,0,2.81579e+07,-500005,500005,1.40073e+07
0,0,0,0,0,2.81622e+07,-500081,500081,1.40073e+07
0,0,0,0,0,2.81665e+07,-500157,500157,1.40073e+07
0,0,0,0,0,2.81707e+07,-500233,500233,1.40073e+07
0,0,0,0,0,2.87539e+07,-608242,608242,1.40073e+07
0,0,0,0,0,2.87558e+07,-610778,610778,1.40073e+07
0,0,0,0,0,2.87578e+07,-613313,613313,1.40073e+07
0,0,0,0,0,2.87597e+07,-615849,615849,1.40073e+07
0,0,0,0,0,2.9613e+07,-2.04604e+06,2.04604e+06,1.40073e+07
0,0,0,0,0,2.96151e+07,-2.0488e+06,2.0488e+06,1.40073e+07
0,0,0,0,0,2.96171e+07,-2.05155e+06,2.05155e+06,1.40073e+07
0,0,0,0,0,2.96192e+07,-2.05431e+06,2.05431e+06,1.40073e+07
0,0,0,0,0,2.96213e+07,-2.05706e+06,2.05706e+06,1.40073e+07
0,0,0,0,0,2.92082e+07,-1.19443e+06,1.19443e+06,1.40073e+07
0,0,0,0,0,2.92102e+07,-1.19706e+06,1.19706e+06,1.40073e+07
0,0,0,0,0,2.92122e+07,-1.19968e+06,1.19968e+06,1.40073e+07
0,0,0,0,0,2.92142e+07,-1.20231e+06,1.20231e+06,1.40073e+07
0,0,0,0,0,2.87815e+07,-511079,511079,1.40073e+07
0,0,0,0,0,2.87859e+07,-511156,511156,1.40073e+07
0,0,0,0,0,2.87903e+07,-511234,511234,1.40073e+07
0,0,0,0,0,2.87947e+07,-511312,511312,1.40073e+07
0,0,0,0,0,2.62297e+07,-465767,465767,1.40073e+07
0,0,0,0,0,2.62337e+07,-465838,465838,1.40073e+07
0,0,0,0,0,2.62377e+07,-465909,465909,1.40073e+07
0,0,0,0,0,2.62417e+07,-465980,465980,1.40073e+07
0,0,0,0,0,2.62458e+07,-466051,466051,1.40073e+07
0,0,0,0,0,2.70865e+07,-480980,480980,1.40073e+07
0,0,0,0,0.000745969,2.70904e+07,-481050,481050,1.40073e+07
0,0,0,0,0,2.70944e+07,-481121,481121,1.40073e+07
0,0,0,0,0,2.70984e+07,-481191,481191,1.40073e+07
0,0,0,0,0,2.95018e+07,-1.07441e+06,1.07441e+06,1.40073e+07
0,0,0,0,0,2.95038e+07,-1.07691e+06,1.07691e+06,1.40073e+07
0,0,0,0,0,2.95057e+07,-1.07941e+06,1.07941e+06,1.40073e+07
0,0,0,0,0,2.95077e+07,-1.08192e+06,1.08192e+06,1.40073e+07
0,0,0,0,0,2.60109e+07,-461880,461880,1.40073e+07
0,0,0,0,0,2.60147e+07,-461948,461948,1.40073e+07
0,0,0,0,0,2.60185e+07,-462016,462016,1.40073e+07
0,0,0,0,0,2.60223e+07,-462083,462083,1.40073e+07
0,0,0,0,0,2.60261e+07,-462151,462151,1.40073e+07
0,0,0,0,0,2.70334e+07,-480038,480038,1.40073e+07
0,0,0,0,0,2.70374e+07,-480108,480108,1.40073e+07
0,0,0,0,0,2.70413e+07,-480178,480178,1.40073e+07
0,0,0,0,0,2.70453e+07,-480249,480249,1.40073e+07
0,0,0,0,0,2.66582e+07,-473374,473374,1.40073e+07
0,0,0,0,0,2.66621e+07,-473444,473444,1.40073e+07
0,0,0,0,0,2.6666e+07,-473513,473513,1.40073e+07
0,0,0,0,0,2.66699e+07,-473582,473582,1.40073e+07
0,0,0,0,0,2.80359e+07,-497839,497839,1.40073e+07
0,0,0,0,0,2.804e+07,-497912,497912,1.40073e+07
0,0,0,0,0,2.80441e+07,-497985,497985,1.40073e+07
0,0,0,0,0,2.80482e+07,-498058,498058,1.40073e+07
0,0,0,0,0,2.80524e+07,-498131,498131,1.40073e+07
0,0,0,0,0,2.83774e+07,-503904,503904,1.40073e+07
0,0,0,0,0,2.83816e+07,-503977,503977,1.40073e+07
0,0,0,0,0,2.83857e+07,-504051,504051,1.40073e+07
0,0,0,0,0,2.83899e+07,-504125,504125,1.40073e+07
0,0,0,0,0,2.88529e+07,-737465,737465,1.40073e+07
0,0,0,0,0,2.88548e+07,-739920,739920,1.40073e+07
0,0,0,0,0,2.88567e+07,-742375,742375,1.40073e+07
0,0,0,0,0,2.88586e+07,-744830,744830,1.40073e+07
0,0,0,0,0,2.97184e+07,-2.18601e+06,2.18601e+06,1.40073e+07
0,0,0,0,0,2.97204e+07,-2.18867e+06,2.18867e+06,1.40073e+07
0,0,0,0,0,2.97224e+07,-2.19134e+06,2.19134e+06,1.40073e+07
0,0,0,0,0,2.97244e+07,-2.19401e+06,2.19401e+06,1.40073e+07
0,0,0,0,0,2.97264e+07,-2.19668e+06,2.19668e+06,1.40073e+07
0,0,0,0,0,2.931e+07,-1.32728e+06,1.32728e+06,1.40073e+07
0,0,0,0,0,2.9312e+07,-1.32982e+06,1.32982e+06,1.40073e+07
0,0,0,0,0,2.93139e+07,-1.33237e+06,1.33237e+06,1.40073e+07
0,0,0,0,0,2.93158e+07,-1.33491e+06,1.33491e+06,1.40073e+07
0,0,0,0,0,2.89741e+07,-543852,543852,1.40073e+07
0,0,0,0,0,2.8976e+07,-546279,546279,1.40073e+07
0,0,0,0,0,2.89779e+07,-548706,548706,1.40073e+07
0,0,0,0,0,2.89798e+07,-551134,551134,1.40073e+07
0,0,0,0,0,2.6431e+07,-469340,469340,1.40073e+07
0,0,0,0,0,2.64348e+07,-469408,469408,1.40073e+07
0,0,0,0,0,2.64387e+07,-469477,469477,1.40073e+07
0,0,0,0,0,2.64426e+07,-469546,469546,1.40073e+07
0,0,0,0,0,2.64465e+07,-469615,469615,1.40073e+07
0,0,0,0,0,2.64465e+07,-469615,469615,1.40073e+07
0,0,0,0,0.000745969,2.72935e+07,-484655,484655,1.40073e+07
0,0,0,0,0,2.72973e+07,-484723,484723,1.40073e+07
0,0,0,0,0,2.73011e+07,-484791,484791,1.40073e+07
0,0,0,0,0,2.7305e+07,-484859,484859,1.40073e+07
0,0,0,0,0,2.96045e+07,-1.20458e+06,1.20458e+06,1.40073e+07
0,0,0,0,0,2.96064e+07,-1.207e+06,1.207e+06,1.40073e+07
0,0,0,0,0,2.96084e+07,-1.20942e+06,1.20942e+06,1.40073e+07
0,0,0,0,0,2.96103e+07,-1.21184e+06,1.21184e+06,1.40073e+07
0,0,0,0,0,2.62084e+07,-465388,465388,1.40073e+07
0,0,0,0,0,2.62121e+07,-465453,465453,1.40073e+07
0,0,0,0,0,2.62158e+07,-465518,465518,1.40073e+07
0,0,0,0,0,2.62194e+07,-465584,465584,1.40073e+07
0,0,0,0,0,2.62231e+07,-465649,465649,1.40073e+07
0,0,0,0,0,2.72379e+07,-483669,483669,1.40073e+07
0,0,0,0,0,2.72417e+07,-483737,483737,1.40073e+07
0,0,0,0,0,2.72456e+07,-483805,483805,1.40073e+07
0,0,0,0,0,2.72494e+07,-483873,483873,1.40073e+07
0,0,0,0,0,2.68592e+07,-476943,476943,1.40073e+07
0,0,0,0,0,2.68629e+07,-477010,477010,1.40073e+07
0,0,0,0,0,2.68667e+07,-477078,477078,1.40073e+07
0,0,0,0,0,2.68705e+07,-477145,477145,1.40073e+07
0,0,0,0,0,2.82466e+07,-501581,501581,1.40073e+07
0,0,0,0,0,2.82506e+07,-501651,501651,1.40073e+07
0,0,0,0,0,2.82546e+07,-501722,501722,1.40073e+07
0,0,0,0,0,2.82586e+07,-501792,501792,1.40073e+07
0,0,0,0,0,2.82625e+07,-501863,501863,1.40073e+07
0,0,0,0,0,2.85899e+07,-507676,507676,1.40073e+07
0,0,0,0,0,2.85939e+07,-507747,507747,1.40073e+07
0,0,0,0,0,2.85979e+07,-507818,507818,1.40073e+07
0,0,0,0,0,2.86019e+07,-507890,507890,1.40073e+07
0,0,0,0,0,2.89487e+07,-862470,862470,1.40073e+07
0,0,0,0,0,2.89506e+07,-864843,864843,1.40073e+07
0,0,0,0,0,2.89524e+07,-867215,867215,1.40073e+07
0,0,0,0,0,2.89542e+07,-869589,869589,1.40073e+07
0,0,0,0,0,2.98203e+07,-2.32138e+06,2.32138e+06,1.40073e+07
0,0,0,0,0,2.98223e+07,-2.32396e+06,2.32396e+06,1.40073e+07
0,0,0,0,0,2.98242e+07,-2.32654e+06,2.32654e+06,1.40073e+07
0,0,0,0,0,2.98261e+07,-2.32912e+06,2.32912e+06,1.40073e+07
0,0,0,0,0,2.98281e+07,-2.3317e+06,2.3317e+06,1.40073e+07
0,0,0,0,0,2.94085e+07,-1.45575e+06,1.45575e+06,1.40073e+07
0,0,0,0,0,2.94104e+07,-1.45821e+06,1.45821e+06,1.40073e+07
0,0,0,0,0,2.94123e+07,-1.46067e+06,1.46067e+06,1.40073e+07
0,0,0,0,0,2.94141e+07,-1.46313e+06,1.46313e+06,1.40073e+07
0,0,0,0,0,2.90698e+07,-666125,666125,1.40073e+07
0,0,0,0,0,2.90717e+07,-668470,668470,1.40073e+07
0,0,0,0,0,2.90735e+07,-670817,670817,1.40073e+07
0,0,0,0,0,2.90753e+07,-673163,673163,1.40073e+07
0,0,0,0,0,2.66255e+07,-472794,472794,1.40073e+07
0,0,0,0,0,2.66292e+07,-472861,472861,1.40073e+07
0,0,0,0,0,2.6633e+07,-472927,472927,1.40073e+07
0,0,0,0,0,2.66367e+07,-472994,472994,1.40073e+07
0,0,0,0,0,2.66405e+07,-473060,473060,1.40073e+07
0,0,0,0,0.000745969,2.74935e+07,-488208,488208,1.40073e+07
0,0,0,0,0.000745969,2.74972e+07,-488274,488274,1.40073e+07
0,0,0,0,0,2.75009e+07,-488339,488339,1.40073e+07
0,0,0,0,0,2.75046e+07,-488405,488405,1.40073e+07
0,0,0,0,0,2.97038e+07,-1.3304e+06,1.3304e+06,1.40073e+07
0,0,0,0,0,2.97057e+07,-1.33274e+06,1.33274e+06,1.40073e+07
0,0,0,0,0,2.97075e+07,-1.33507e+06,1.33507e+06,1.40073e+07
0,0,0,0,0,2.97094e+07,-1.33741e+06,1.33741e+06,1.40073e+07
0,0,0,0,0,2.63993e+07,-468777,468777,1.40073e+07
0,0,0,0,0,2.64028e+07,-468840,468840,1.40073e+07
0,0,0,0,0,2.64064e+07,-468903,468903,1.40073e+07
0,0,0,0,0,2.64099e+07,-468966,468966,1.40073e+07
0,0,0,0,0,2.64135e+07,-469030,469030,1.40073e+07
0,0,0,0,0,2.74355e+07,-487177,487177,1.40073e+07
0,0,0,0,0,2.74392e+07,-487243,487243,1.40073e+07
0,0,0,0,0,2.74429e+07,-487308,487308,1.40073e+07
0,0,0,0,0,2.74466e+07,-487374,487374,1.40073e+07
0,0,0,0,0,2.70534e+07,-480392,480392,1.40073e+07
0,0,0,0,0,2.7057e+07,-480456,480456,1.40073e+07
0,0,0,0,0,2.70607e+07,-480521,480521,1.40073e+07
0,0,0,0,0,2.70643e+07,-480586,480586,1.40073e+07
0,0,0,0,0,2.84502e+07,-505196,505196,1.40073e+07
0,0,0,0,0,2.8454e+07,-505264,505264,1.40073e+07
0,0,0,0,0,2.84579e+07,-505332,505332,1.40073e+07
0,0,0,0,0,2.84617e+07,-505400,505400,1.40073e+07
0,0,0,0,0,2.84655e+07,-505468,505468,1.40073e+07
0,0,0,0,0,2.87373e+07,-569058,569058,1.40073e+07
0,0,0,0,0,2.8739e+07,-571291,571291,1.40073e+07
0,0,0,0,0,2.87407e+07,-573526,573526,1.40073e+07
0,0,0,0,0,2.87425e+07,-575760,575760,1.40073e+07
0,0,0,0,0,2.90413e+07,-983195,983195,1.40073e+07
0,0,0,0,0,2.9043e+07,-985486,985486,1.40073e+07
0,0,0,0,0,2.90448e+07,-987776,987776,1.40073e+07
0,0,0,0,0,2.90465e+07,-990066,990066,1.40073e+07
0,0,0,0,0,2.99187e+07,-2.45211e+06,2.45211e+06,1.40073e+07
0,0,0,0,0,2.99206e+07,-2.4546e+06,2.4546e+06,1.40073e+07
0,0,0,0,0,2.99225e+07,-2.45709e+06,2.45709e+06,1.40073e+07
0,0,0,0,0,2.99244e+07,-2.45958e+06,2.45958e+06,1.40073e+07
0,0,0,0,0,2.99262e+07,-2.46207e+06,2.46207e+06,1.40073e+07
0,0,0,0,0,2.95036e+07,-1.57979e+06,1.57979e+06,1.40073e+07
0,0,0,0,0,2.95054e+07,-1.58216e+06,1.58216e+06,1.40073e+07
0,0,0,0,0,2.95072e+07,-1.58454e+06,1.58454e+06,1.40073e+07
0,0,0,0,0,2.9509e+07,-1.58691e+06,1.58691e+06,1.40073e+07
0,0,0,0,0,2.91622e+07,-784164,784164,1.40073e+07
0,0,0,0,0,2.9164e+07,-786427,786427,1.40073e+07
0,0,0,0,0,2.91658e+07,-788691,788691,1.40073e+07
0,0,0,0,0,2.91675e+07,-790956,790956,1.40073e+07
0,0,0,0,0,2.68133e+07,-476129,476129,1.40073e+07
0,0,0,0,0,2.68169e+07,-476193,476193,1.40073e+07
0,0,0,0,0,2.68205e+07,-476257,476257,1.40073e+07
0,0,0,0,0,2.68241e+07,-476321,476321,1.40073e+07
0,0,0,0,0,2.68277e+07,-476385,476385,1.40073e+07
0,0,0,0,0,2.76866e+07,-491637,491637,1.40073e+07
0,0,0,0,0,2.76902e+07,-491700,491700,1.40073e+07
0,0,0,0,0,2.76938e+07,-491763,491763,1.40073e+07
0,0,0,0,0,2.76973e+07,-491827,491827,1.40073e+07
0,0,0,0,0,2.97997e+07,-1.45181e+06,1.45181e+06,1.40073e+07
0,0,0,0,0,2.98014e+07,-1.45406e+06,1.45406e+06,1.40073e+07
0,0,0,0,0,2.98032e+07,-1.45631e+06,1.45631e+06,1.40073e+07
0,0,0,0,0,2.9805e+07,-1.45856e+06,1.45856e+06,1.40073e+07
0,0,0,0,0,2.65834e+07,-472047,472047,1.40073e+07
0,0,0,0,0,2.65869e+07,-472108,472108,1.40073e+07
0,0,0,0,0,2.65903e+07,-472169,472169,1.40073e+07
0,0,0,0,0,2.65937e+07,-472230,472230,1.40073e+07
0,0,0,0,0,2.65971e+07,-472291,472291,1.40073e+07
0,0,0,0,0,2.76261e+07,-490561,490561,1.40073e+07
0,0,0,0,0,2.76296e+07,-490624,490624,1.40073e+07
0,0,0,0,0,2.76332e+07,-490688,490688,1.40073e+07
0,0,0,0,0,2.76367e+07,-490751,490751,1.40073e+07
0,0,0,0,0,2.72407e+07,-483717,483717,1.40073e+07
0,0,0,0,0,2.72442e+07,-483780,483780,1.40073e+07
0,0,0,0,0,2.72477e+07,-483842,483842,1.40073e+07
0,0,0,0,0,2.72512e+07,-483904,483904,1.40073e+07
0,0,0,0,0,2.86465e+07,-508681,508681,1.40073e+07
0,0,0,0,0,2.86502e+07,-508747,508747,1.40073e+07
0,0,0,0,0,2.86539e+07,-508812,508812,1.40073e+07
0,0,0,0,0,2.86576e+07,-508878,508878,1.40073e+07
0,0,0,0,0,2.86612e+07,-508943,508943,1.40073e+07
0,0,0,0,0,2.88247e+07,-682983,682983,1.40073e+07
0,0,0,0,0,2.88264e+07,-685134,685134,1.40073e+07
0,0,0,0,0,2.8828e+07,-687286,687286,1.40073e+07
0,0,0,0,0,2.88297e+07,-689438,689438,1.40073e+07
0,0,0,0,0,2.91304e+07,-1.09956e+06,1.09956e+06,1.40073e+07
0,0,0,0,0,2.91321e+07,-1.10177e+06,1.10177e+06,1.40073e+07
0,0,0,0,0,2.91338e+07,-1.10398e+06,1.10398e+06,1.40073e+07
0,0,0,0,0,2.91355e+07,-1.10618e+06,1.10618e+06,1.40073e+07
0,0,0,0,0,3.00136e+07,-2.5781e+06,2.5781e+06,1.40073e+07
0,0,0,0,0,3.00154e+07,-2.5805e+06,2.5805e+06,1.40073e+07
0,0,0,0,0,3.00172e+07,-2.5829e+06,2.5829e+06,1.40073e+07
0,0,0,0,0,3.0019e+07,-2.58529e+06,2.58529e+06,1.40073e+07
0,0,0,0,0,3.00208e+07,-2.58769e+06,2.58769e+06,1.40073e+07
0,0,0,0,0,2.95952e+07,-1.69931e+06,1.69931e+06,1.40073e+07
0,0,0,0,0,2.9597e+07,-1.7016e+06,1.7016e+06,1.40073e+07
0,0,0,0,0,2.95987e+07,-1.70388e+06,1.70388e+06,1.40073e+07
0,0,0,0,0,2.96005e+07,-1.70616e+06,1.70616e+06,1.40073e+07
0,0,0,0,0,2.92512e+07,-897881,897881,1.40073e+07
0,0,0,0,0,2.92529e+07,-900061,900061,1.40073e+07
0,0,0,0,0,2.92546e+07,-902241,902241,1.40073e+07
0,0,0,0,0,2.92563e+07,-904421,904421,1.40073e+07
0,0,0,0,0,2.69942e+07,-479341,479341,1.40073e+07
0,0,0,0,0,2.69976e+07,-479402,479402,1.40073e+07
0,0,0,0,0,2.70011e+07,-479464,479464,1.40073e+07
0,0,0,0,0,2.70046e+07,-479526,479526,1.40073e+07
0,0,0,0,0,2.70081e+07,-479588,479588,1.40073e+07
0,0,0,0,0,2.78726e+07,-494939,494939,1.40073e+07
0,0,0,0,0,2.7876e+07,-494999,494999,1.40073e+07
0,0,0,0,0,2.78794e+07,-495060,495060,1.40073e+07
0,0,0,0,0,2.78828e+07,-495121,495121,1.40073e+07
0,0,0,0,0,2.98919e+07,-1.5687e+06,1.5687e+06,1.40073e+07
0,0,0,0,0,2.98936e+07,-1.57086e+06,1.57086e+06,1.40073e+07
0,0,0,0,0,2.98953e+07,-1.57302e+06,1.57302e+06,1.40073e+07
0,0,0,0,0,2.9897e+07,-1.57518e+06,1.57518e+06,1.40073e+07
0,0,0,0,0,2.67607e+07,-475195,475195,1.40073e+07
0,0,0,0,0,2.6764e+07,-475253,475253,1.40073e+07
0,0,0,0,0,2.67673e+07,-475312,475312,1.40073e+07
0,0,0,0,0,2.67706e+07,-475370,475370,1.40073e+07
0,0,0,0,0,2.67739e+07,-475428,475428,1.40073e+07
0,0,0,0,0,2.78094e+07,-493817,493817,1.40073e+07
0,0,0,0,0,2.78129e+07,-493878,493878,1.40073e+07
0,0,0,0,0,2.78163e+07,-493939,493939,1.40073e+07
0,0,0,0,0,2.78197e+07,-494000,494000,1.40073e+07
0,0,0,0,0,2.74208e+07,-486917,486917,1.40073e+07
0,0,0,0,0,2.74242e+07,-486977,486977,1.40073e+07
0,0,0,0,0,2.74276e+07,-487036,487036,1.40073e+07
0,0,0,0,0,2.74309e+07,-487096,487096,1.40073e+07
0,0,0,0,0,2.88353e+07,-512033,512033,1.40073e+07
0,0,0,0,0,2.88388e+07,-512096,512096,1.40073e+07
0,0,0,0,0,2.88423e+07,-512159,512159,1.40073e+07
0,0,0,0,0,2.88459e+07,-512222,512222,1.40073e+07
0,0,0,0,0,2.88494e+07,-512285,512285,1.40073e+07
0,0,0,0,0,2.89088e+07,-792518,792518,1.40073e+07
0,0,0,0,0,2.89103e+07,-794583,794583,1.40073e+07
0,0,0,0,0,2.89119e+07,-796648,796648,1.40073e+07
0,0,0,0,0,2.89135e+07,-798715,798715,1.40073e+07
0,0,0,0,0,2.92162e+07,-1.21142e+06,1.21142e+06,1.40073e+07
0,0,0,0,0,2.92178e+07,-1.21354e+06,1.21354e+06,1.40073e+07
0,0,0,0,0,2.92194e+07,-1.21566e+06,1.21566e+06,1.40073e+07
0,0,0,0,0,2.9221e+07,-1.21777e+06,1.21777e+06,1.40073e+07
0,0,0,0,0,3.01048e+07,-2.69917e+06,2.69917e+06,1.40073e+07
0,0,0,0,0,3.01065e+07,-2.70147e+06,2.70147e+06,1.40073e+07
0,0,0,0,0,3.01082e+07,-2.70377e+06,2.70377e+06,1.40073e+07
0,0,0,0,0,3.011e+07,-2.70608e+06,2.70608e+06,1.40073e+07
0,0,0,0,0,3.01117e+07,-2.70838e+06,2.70838e+06,1.40073e+07
0,0,0,0,0,2.96833e+07,-1.81413e+06,1.81413e+06,1.40073e+07
0,0,0,0,0,2.96849e+07,-1.81632e+06,1.81632e+06,1.40073e+07
0,0,0,0,0,2.96866e+07,-1.81851e+06,1.81851e+06,1.40073e+07
0,0,0,0,0,2.96883e+07,-1.82071e+06,1.82071e+06,1.40073e+07
0,0,0,0,0,2.93367e+07,-1.0071e+06,1.0071e+06,1.40073e+07
0,0,0,0,0,2.93383e+07,-1.00919e+06,1.00919e+06,1.40073e+07
0,0,0,0,0,2.934e+07,-1.01128e+06,1.01128e+06,1.40073e+07
0,0,0,0,0,2.93416e+07,-1.01337e+06,1.01337e+06,1.40073e+07
0,0,0,0,0,2.71678e+07,-482424,482424,1.40073e+07
0,0,0,0,0,2.71712e+07,-482484,482484,1.40073e+07
0,0,0,0,0,2.71745e+07,-482543,482543,1.40073e+07
0,0,0,0,0,2.71779e+07,-482602,482602,1.40073e+07
0,0,0,0,0,2.71812e+07,-482662,482662,1.40073e+07
0,0,0,0,0,2.8051e+07,-498108,498108,1.40073e+07
0,0,0,0,0,2.80543e+07,-498166,498166,1.40073e+07
0,0,0,0,0,2.80576e+07,-498224,498224,1.40073e+07
0,0,0,0,0,2.80609e+07,-498282,498282,1.40073e+07
0,0,0,0,0,2.99804e+07,-1.68086e+06,1.68086e+06,1.40073e+07
0,0,0,0,0,2.99821e+07,-1.68293e+06,1.68293e+06,1.40073e+07
0,0,0,0,0,2.99837e+07,-1.68499e+06,1.68499e+06,1.40073e+07
0,0,0,0,0,2.99853e+07,-1.68706e+06,1.68706e+06,1.40073e+07
0,0,0,0,0,2.69308e+07,-478215,478215,1.40073e+07
0,0,0,0,0,2.69339e+07,-478270,478270,1.40073e+07
0,0,0,0,0,2.6937e+07,-478326,478326,1.40073e+07
0,0,0,0,0,2.69402e+07,-478382,478382,1.40073e+07
0,0,0,0,0,2.69433e+07,-478438,478438,1.40073e+07
0,0,0,0,0,2.79853e+07,-496940,496940,1.40073e+07
0,0,0,0,0,2.79886e+07,-496998,496998,1.40073e+07
0,0,0,0,0,2.79918e+07,-497057,497057,1.40073e+07
0,0,0,0,0,2.79951e+07,-497115,497115,1.40073e+07
0,0,0,0,0,2.75936e+07,-489984,489984,1.40073e+07
0,0,0,0,0,2.75968e+07,-490041,490041,1.40073e+07
0,0,0,0,0,2.76e+07,-490099,490099,1.40073e+07
0,0,0,0,0,2.76032e+07,-490156,490156,1.40073e+07
0,0,0,0,0,2.90162e+07,-515246,515246,1.40073e+07
0,0,0,0,0,2.90196e+07,-515307,515307,1.40073e+07
0,0,0,0,0,2.9023e+07,-515367,515367,1.40073e+07
0,0,0,0,0,2.90264e+07,-515427,515427,1.40073e+07
0,0,0,0,0,2.90298e+07,-515487,515487,1.40073e+07
0,0,0,0,0,2.89893e+07,-897475,897475,1.40073e+07
0,0,0,0,0,2.89908e+07,-899450,899450,1.40073e+07
0,0,0,0,0,2.89923e+07,-901426,901426,1.40073e+07
0,0,0,0,0,2.89938e+07,-903402,903402,1.40073e+07
0,0,0,0,0,2.92983e+07,-1.31857e+06,1.31857e+06,1.40073e+07
0,0,0,0,0,2.92998e+07,-1.3206e+06,1.3206e+06,1.40073e+07
0,0,0,0,0,2.93014e+07,-1.32262e+06,1.32262e+06,1.40073e+07
0,0,0,0,0,2.93029e+07,-1.32465e+06,1.32465e+06,1.40073e+07
0,0,0,0,0,3.01921e+07,-2.81512e+06,2.81512e+06,1.40073e+07
0,0,0,0,0,3.01937e+07,-2.81732e+06,2.81732e+06,1.40073e+07
0,0,0,0,0,3.01954e+07,-2.81952e+06,2.81952e+06,1.40073e+07
0,0,0,0,0,3.0197e+07,-2.82172e+06,2.82172e+06,1.40073e+07
0,0,0,0,0,3.01987e+07,-2.82392e+06,2.82392e+06,1.40073e+07
0,0,0,0,0,2.97675e+07,-1.92405e+06,1.92405e+06,1.40073e+07
0,0,0,0,0,2.97691e+07,-1.92615e+06,1.92615e+06,1.40073e+07
0,0,0,0,0,2.97707e+07,-1.92824e+06,1.92824e+06,1.40073e+07
0,0,0,0,0,2.97723e+07,-1.93034e+06,1.93034e+06,1.40073e+07
0,0,0,0,0,2.94185e+07,-1.11163e+06,1.11163e+06,1.40073e+07
0,0,0,0,0,2.94201e+07,-1.11363e+06,1.11363e+06,1.40073e+07
0,0,0,0,0,2.94216e+07,-1.11563e+06,1.11563e+06,1.40073e+07
0,0,0,0,0,2.94232e+07,-1.11763e+06,1.11763e+06,1.40073e+07
0,0,0,0,0,2.7334e+07,-485375,485375,1.40073e+07
0,0,0,0,0,2.73372e+07,-485432,485432,1.40073e+07
0,0,0,0,0,2.73404e+07,-485489,485489,1.40073e+07
0,0,0,0,0,2.73436e+07,-485545,485545,1.40073e+07
0,0,0,0,0,2.73468e+07,-485602,485602,1.40073e+07
0,0,0,0,0,2.82218e+07,-501139,501139,1.40073e+07
0,0,0,0,0,2.82249e+07,-501195,501195,1.40073e+07
0,0,0,0,0,2.8228e+07,-501250,501250,1.40073e+07
0,0,0,0,0,2.82311e+07,-501306,501306,1.40073e+07
0,0,0,0,0,3.00651e+07,-1.78813e+06,1.78813e+06,1.40073e+07
0,0,0,0,0,3.00666e+07,-1.7901e+06,1.7901e+06,1.40073e+07
0,0,0,0,0,3.00682e+07,-1.79207e+06,1.79207e+06,1.40073e+07
0,0,0,0,0,3.00698e+07,-1.79404e+06,1.79404e+06,1.40073e+07
0,0,0,0,0,2.70933e+07,-481102,481102,1.40073e+07
0,0,0,0,0,2.70963e+07,-481155,481155,1.40073e+07
0,0,0,0,0,2.70993e+07,-481208,481208,1.40073e+07
0,0,0,0,0,2.71024e+07,-481262,481262,1.40073e+07
0,0,0,0,0,2.71054e+07,-481315,481315,1.40073e+07
0,0,0,0,0,2.81534e+07,-499926,499926,1.40073e+07
0,0,0,0,0,2.81565e+07,-499981,499981,1.40073e+07
0,0,0,0,0,2.81597e+07,-500036,500036,1.40073e+07
0,0,0,0,0,2.81628e+07,-500092,500092,1.40073e+07
0,0,0,0,0,2.77587e+07,-492916,492916,1.40073e+07
0,0,0,0,0,2.77617e+07,-492970,492970,1.40073e+07
0,0,0,0,0,2.77648e+07,-493025,493025,1.40073e+07
0,0,0,0,0,2.77679e+07,-493079,493079,1.40073e+07
0,0,0,0,0,2.91768e+07,-530571,530571,1.40073e+07
0,0,0,0,0,2.91783e+07,-532404,532404,1.40073e+07
0,0,0,0,0,2.91798e+07,-534237,534237,1.40073e+07
0,0,0,0,0,2.91812e+07,-536070,536070,1.40073e+07
0,0,0,0,0,2.91827e+07,-537903,537903,1.40073e+07
0,0,0,0,0,2.90662e+07,-997731,997731,1.40073e+07
0,0,0,0,0,2.90676e+07,-999616,999616,1.40073e+07
0,0,0,0,0,2.90691e+07,-1.0015e+06,1.0015e+06,1.40073e+07
0,0,0,0,0,2.90705e+07,-1.00338e+06,1.00338e+06,1.40073e+07
0,0,0,0,0,2.93767e+07,-1.4209e+06,1.4209e+06,1.40073e+07
0,0,0,0,0,2.93782e+07,-1.42284e+06,1.42284e+06,1.40073e+07
0,0,0,0,0,2.93797e+07,-1.42477e+06,1.42477e+06,1.40073e+07
0,0,0,0,0,2.93811e+07,-1.4267e+06,1.4267e+06,1.40073e+07
0,0,0,0,0,3.02754e+07,-2.92583e+06,2.92583e+06,1.40073e+07
0,0,0,0,0,3.0277e+07,-2.92793e+06,2.92793e+06,1.40073e+07
0,0,0,0,0,3.02786e+07,-2.93003e+06,2.93003e+06,1.40073e+07
0,0,0,0,0,3.02802e+07,-2.93213e+06,2.93213e+06,1.40073e+07
0,0,0,0,0,3.02817e+07,-2.93423e+06,2.93423e+06,1.40073e+07
0,0,0,0,0,2.9848e+07,-2.02898e+06,2.02898e+06,1.40073e+07
0,0,0,0,0,2.98495e+07,-2.03098e+06,2.03098e+06,1.40073e+07
0,0,0,0,0,2.9851e+07,-2.03297e+06,2.03297e+06,1.40073e+07
0,0,0,0,0,2.98526e+07,-2.03497e+06,2.03497e+06,1.40073e+07
0,0,0,0,0,2.94966e+07,-1.21138e+06,1.21138e+06,1.40073e+07
0,0,0,0,0,2.94981e+07,-1.21329e+06,1.21329e+06,1.40073e+07
0,0,0,0,0,2.94996e+07,-1.2152e+06,1.2152e+06,1.40073e+07
0,0,0,0,0,2.95011e+07,-1.21711e+06,1.21711e+06,1.40073e+07
0,0,0,0,0,2.74926e+07,-488191,488191,1.40073e+07
0,0,0,0,0,2.74956e+07,-488245,488245,1.40073e+07
0,0,0,0,0,2.74987e+07,-488299,488299,1.40073e+07
0,0,0,0,0,2.75017e+07,-488353,488353,1.40073e+07
0,0,0,0,0,2.75047e+07,-488407,488407,1.40073e+07
0,0,0,0,0,2.75047e+07,-488407,488407,1.40073e+07
0,0,0,0,0,2.83846e+07,-504031,504031,1.40073e+07
0,0,0,0,0,2.83876e+07,-504084,504084,1.40073e+07
0,0,0,0,0,2.83906e+07,-504137,504137,1.40073e+07
0,0,0,0,0,2.83935e+07,-504189,504189,1.40073e+07
0,0,0,0,0,3.01458e+07,-1.89042e+06,1.89042e+06,1.40073e+07
0,0,0,0,0,3.01473e+07,-1.8923e+06,1.8923e+06,1.40073e+07
0,0,0,0,0,3.01488e+07,-1.89418e+06,1.89418e+06,1.40073e+07
0,0,0,0,0,3.01503e+07,-1.89605e+06,1.89605e+06,1.40073e+07
0,0,0,0,0,2.72484e+07,-483855,483855,1.40073e+07
0,0,0,0,0,2.72512e+07,-483905,483905,1.40073e+07
0,0,0,0,0,2.72541e+07,-483956,483956,1.40073e+07
0,0,0,0,0,2.72569e+07,-484007,484007,1.40073e+07
0,0,0,0,0,2.72598e+07,-484058,484058,1.40073e+07
0,0,0,0,0,2.83137e+07,-502771,502771,1.40073e+07
0,0,0,0,0,2.83166e+07,-502824,502824,1.40073e+07
0,0,0,0,0,2.83196e+07,-502877,502877,1.40073e+07
0,0,0,0,0,2.83226e+07,-502929,502929,1.40073e+07
0,0,0,0,0,2.7916e+07,-495710,495710,1.40073e+07
0,0,0,0,0,2.79189e+07,-495762,495762,1.40073e+07
0,0,0,0,0,2.79218e+07,-495813,495813,1.40073e+07
0,0,0,0,0,2.79248e+07,-495865,495865,1.40073e+07
0,0,0,0,0,2.92511e+07,-623952,623952,1.40073e+07
0,0,0,0,0,2.92525e+07,-625696,625696,1.40073e+07
0,0,0,0,0,2.92539e+07,-627440,627440,1.40073e+07
0,0,0,0,0,2.92553e+07,-629183,629183,1.40073e+07
0,0,0,0,0,2.92567e+07,-630927,630927,1.40073e+07
0,0,0,0,0,2.91395e+07,-1.09324e+06,1.09324e+06,1.40073e+07
0,0,0,0,0,2.91408e+07,-1.09503e+06,1.09503e+06,1.40073e+07
0,0,0,0,0,2.91422e+07,-1.09682e+06,1.09682e+06,1.40073e+07
0,0,0,0,0,2.91436e+07,-1.09862e+06,1.09862e+06,1.40073e+07
0,0,0,0,0,2.94514e+07,-1.51837e+06,1.51837e+06,1.40073e+07
0,0,0,0,0,2.94528e+07,-1.52021e+06,1.52021e+06,1.40073e+07
0,0,0,0,0,2.94542e+07,-1.52204e+06,1.52204e+06,1.40073e+07
0,0,0,0,0,2.94556e+07,-1.52388e+06,1.52388e+06,1.40073e+07
0,0,0,0,0,3.03548e+07,-3.03125e+06,3.03125e+06,1.40073e+07
0,0,0,0,0,3.03563e+07,-3.03325e+06,3.03325e+06,1.40073e+07
0,0,0,0,0,3.03578e+07,-3.03525e+06,3.03525e+06,1.40073e+07
0,0,0,0,0,3.03593e+07,-3.03724e+06,3.03724e+06,1.40073e+07
0,0,0,0,0,3.03608e+07,-3.03924e+06,3.03924e+06,1.40073e+07
0,0,0,0,0,2.99245e+07,-2.12886e+06,2.12886e+06,1.40073e+07
0,0,0,0,0,2.9926e+07,-2.13076e+06,2.13076e+06,1.40073e+07
0,0,0,0,0,2.99275e+07,-2.13267e+06,2.13267e+06,1.40073e+07
0,0,0,0,0,2.99289e+07,-2.13457e+06,2.13457e+06,1.40073e+07
0,0,0,0,0,2.95709e+07,-1.30633e+06,1.30633e+06,1.40073e+07
0,0,0,0,0,2.95723e+07,-1.30814e+06,1.30814e+06,1.40073e+07
0,0,0,0,0,2.95737e+07,-1.30996e+06,1.30996e+06,1.40073e+07
0,0,0,0,0,2.95752e+07,-1.31178e+06,1.31178e+06,1.40073e+07
0,0,0,0,0,2.76434e+07,-490870,490870,1.40073e+07
0,0,0,0,0,2.76463e+07,-490921,490921,1.40073e+07
0,0,0,0,0,2.76492e+07,-490973,490973,1.40073e+07
0,0,0,0,0,2.76521e+07,-491024,491024,1.40073e+07
0,0,0,0,0,2.7655e+07,-491076,491076,1.40073e+07
0,0,0,0,0,2.85395e+07,-506782,506782,1.40073e+07
0,0,0,0,0,2.85423e+07,-506832,506832,1.40073e+07
0,0,0,0,0,2.85452e+07,-506882,506882,1.40073e+07
0,0,0,0,0,2.8548e+07,-506932,506932,1.40073e+07
0,0,0,0,0,3.02226e+07,-1.98771e+06,1.98771e+06,1.40073e+07
0,0,0,0,0,3.0224e+07,-1.98949e+06,1.98949e+06,1.40073e+07
0,0,0,0,0,3.02254e+07,-1.99127e+06,1.99127e+06,1.40073e+07
0,0,0,0,0,3.02268e+07,-1.99305e+06,1.99305e+06,1.40073e+07
0,0,0,0,0,2.73958e+07,-486472,486472,1.40073e+07
0,0,0,0,0,2.73985e+07,-486520,486520,1.40073e+07
0,0,0,0,0,2.74012e+07,-486568,486568,1.40073e+07
0,0,0,0,0,2.74039e+07,-486617,486617,1.40073e+07
0,0,0,0,0,2.74066e+07,-486665,486665,1.40073e+07
0,0,0,0,0,2.8466e+07,-505476,505476,1.40073e+07
0,0,0,0,0,2.84688e+07,-505526,505526,1.40073e+07
0,0,0,0,0,2.84716e+07,-505576,505576,1.40073e+07
0,0,0,0,0,2.84744e+07,-505626,505626,1.40073e+07
0,0,0,0,0,2.80655e+07,-498365,498365,1.40073e+07
0,0,0,0,0,2.80683e+07,-498414,498414,1.40073e+07
0,0,0,0,0,2.80711e+07,-498463,498463,1.40073e+07
0,0,0,0,0,2.80738e+07,-498512,498512,1.40073e+07
0,0,0,0,0,2.93217e+07,-712668,712668,1.40073e+07
0,0,0,0,0,2.9323e+07,-714321,714321,1.40073e+07
0,0,0,0,0,2.93243e+07,-715975,715975,1.40073e+07
0,0,0,0,0,2.93257e+07,-717628,717628,1.40073e+07
0,0,0,0,0,2.9327e+07,-719282,719282,1.40073e+07
0,0,0,0,0,2.9209e+07,-1.18394e+06,1.18394e+06,1.40073e+07
0,0,0,0,0,2.92104e+07,-1.18564e+06,1.18564e+06,1.40073e+07
0,0,0,0,0,2.92117e+07,-1.18734e+06,1.18734e+06,1.40073e+07
0,0,0,0,0,2.9213e+07,-1.18904e+06,1.18904e+06,1.40073e+07
0,0,0,0,0,2.95223e+07,-1.61091e+06,1.61091e+06,1.40073e+07
0,0,0,0,0,2.95237e+07,-1.61265e+06,1.61265e+06,1.40073e+07
0,0,0,0,0,2.9525e+07,-1.61439e+06,1.61439e+06,1.40073e+07
0,0,0,0,0,2.95263e+07,-1.61614e+06,1.61614e+06,1.40073e+07
0,0,0,0,0,3.04301e+07,-3.13132e+06,3.13132e+06,1.40073e+07
0,0,0,0,0,3.04316e+07,-3.13322e+06,3.13322e+06,1.40073e+07
0,0,0,0,0,3.0433e+07,-3.13511e+06,3.13511e+06,1.40073e+07
0,0,0,0,0,3.04344e+07,-3.137e+06,3.137e+06,1.40073e+07
0,0,0,0,0,3.04358e+07,-3.13889e+06,3.13889e+06,1.40073e+07
0,0,0,0,0,2.99972e+07,-2.22365e+06,2.22365e+06,1.40073e+07
0,0,0,0,0,2.99986e+07,-2.22545e+06,2.22545e+06,1.40073e+07
0,0,0,0,0,3e+07,-2.22725e+06,2.22725e+06,1.40073e+07
0,0,0,0,0,3.00014e+07,-2.22906e+06,2.22906e+06,1.40073e+07
0,0,0,0,0,2.96414e+07,-1.3964e+06,1.3964e+06,1.40073e+07
0,0,0,0,0,2.96427e+07,-1.39812e+06,1.39812e+06,1.40073e+07
0,0,0,0,0,2.96441e+07,-1.39984e+06,1.39984e+06,1.40073e+07
0,0,0,0,0,2.96454e+07,-1.40157e+06,1.40157e+06,1.40073e+07
0,0,0,0,0,2.77865e+07,-493411,493411,1.40073e+07
0,0,0,0,0,2.77893e+07,-493459,493459,1.40073e+07
0,0,0,0,0,2.7792e+07,-493508,493508,1.40073e+07
0,0,0,0,0,2.77948e+07,-493557,493557,1.40073e+07
0,0,0,0,0,2.77975e+07,-493606,493606,1.40073e+07
0,0,0,0,0,2.86864e+07,-509390,509390,1.40073e+07
0,0,0,0,0,2.86891e+07,-509437,509437,1.40073e+07
0,0,0,0,0,2.86917e+07,-509484,509484,1.40073e+07
0,0,0,0,0,2.86944e+07,-509532,509532,1.40073e+07
0,0,0,0,0,3.02954e+07,-2.07992e+06,2.07992e+06,1.40073e+07
0,0,0,0,0,3.02967e+07,-2.0816e+06,2.0816e+06,1.40073e+07
0,0,0,0,0,3.0298e+07,-2.08328e+06,2.08328e+06,1.40073e+07
0,0,0,0,0,3.02994e+07,-2.08496e+06,2.08496e+06,1.40073e+07
0,0,0,0,0,2.75354e+07,-488952,488952,1.40073e+07
0,0,0,0,0,2.7538e+07,-488998,488998,1.40073e+07
0,0,0,0,0,2.75406e+07,-489043,489043,1.40073e+07
0,0,0,0,0,2.75431e+07,-489088,489088,1.40073e+07
0,0,0,0,0,2.75457e+07,-489134,489134,1.40073e+07
0,0,0,0,0,2.86102e+07,-508038,508038,1.40073e+07
0,0,0,0,0,2.86129e+07,-508085,508085,1.40073e+07
0,0,0,0,0,2.86156e+07,-508132,508132,1.40073e+07
0,0,0,0,0,2.86182e+07,-508179,508179,1.40073e+07
0,0,0,0,0,2.8207e+07,-500878,500878,1.40073e+07
0,0,0,0,0,2.82097e+07,-500924,500924,1.40073e+07
0,0,0,0,0,2.82123e+07,-500971,500971,1.40073e+07
0,0,0,0,0,2.82149e+07,-501017,501017,1.40073e+07
0,0,0,0,0,2.93885e+07,-796621,796621,1.40073e+07
0,0,0,0,0,2.93897e+07,-798181,798181,1.40073e+07
0,0,0,0,0,2.9391e+07,-799741,799741,1.40073e+07
0,0,0,0,0,2.93922e+07,-801301,801301,1.40073e+07
0,0,0,0,0,2.93935e+07,-802862,802862,1.40073e+07
0,0,0,0,0,2.92749e+07,-1.26974e+06,1.26974e+06,1.40073e+07
0,0,0,0,0,2.92761e+07,-1.27134e+06,1.27134e+06,1.40073e+07
0,0,0,0,0,2.92773e+07,-1.27295e+06,1.27295e+06,1.40073e+07
0,0,0,0,0,2.92786e+07,-1.27455e+06,1.27455e+06,1.40073e+07
0,0,0,0,0,2.95894e+07,-1.69841e+06,1.69841e+06,1.40073e+07
0,0,0,0,0,2.95906e+07,-1.70005e+06,1.70005e+06,1.40073e+07
0,0,0,0,0,2.95919e+07,-1.70169e+06,1.70169e+06,1.40073e+07
0,0,0,0,0,2.95932e+07,-1.70334e+06,1.70334e+06,1.40073e+07
0,0,0,0,0,3.05014e+07,-3.2259e+06,3.2259e+06,1.40073e+07
0,0,0,0,0,3.05027e+07,-3.22769e+06,3.22769e+06,1.40073e+07
0,0,0,0,0,3.0504e+07,-3.22948e+06,3.22948e+06,1.40073e+07
0,0,0,0,0,3.05054e+07,-3.23126e+06,3.23126e+06,1.40073e+07
0,0,0,0,0,3.05067e+07,-3.23305e+06,3.23305e+06,1.40073e+07
0,0,0,0,0,3.00659e+07,-2.31319e+06,2.31319e+06,1.40073e+07
0,0,0,0,0,3.00672e+07,-2.31489e+06,2.31489e+06,1.40073e+07
0,0,0,0,0,3.00685e+07,-2.31659e+06,2.31659e+06,1.40073e+07
0,0,0,0,0,3.00698e+07,-2.3183e+06,2.3183e+06,1.40073e+07
0,0,0,0,0,2.9708e+07,-1.48146e+06,1.48146e+06,1.40073e+07
0,0,0,0,0,2.97092e+07,-1.48309e+06,1.48309e+06,1.40073e+07
0,0,0,0,0,2.97105e+07,-1.48471e+06,1.48471e+06,1.40073e+07
0,0,0,0,0,2.97118e+07,-1.48633e+06,1.48633e+06,1.40073e+07
0,0,0,0,0,2.79216e+07,-495809,495809,1.40073e+07
0,0,0,0,0,2.79242e+07,-495855,495855,1.40073e+07
0,0,0,0,0,2.79268e+07,-495901,495901,1.40073e+07
0,0,0,0,0,2.79294e+07,-495947,495947,1.40073e+07
0,0,0,0,0,2.7932e+07,-495993,495993,1.40073e+07
0,0,0,0,0,2.8825e+07,-511851,511851,1.40073e+07
0,0,0,0,0,2.88275e+07,-511895,511895,1.40073e+07
0,0,0,0,0,2.883e+07,-511940,511940,1.40073e+07
0,0,0,0,0,2.88325e+07,-511984,511984,1.40073e+07
0,0,0,0,0,3.0364e+07,-2.1669e+06,2.1669e+06,1.40073e+07
0,0,0,0,0,3.03653e+07,-2.16848e+06,2.16848e+06,1.40073e+07
0,0,0,0,0,3.03665e+07,-2.17005e+06,2.17005e+06,1.40073e+07
0,0,0,0,0,3.03678e+07,-2.17163e+06,2.17163e+06,1.40073e+07
0,0,0,0,0,2.76671e+07,-491291,491291,1.40073e+07
0,0,0,0,0,2.76695e+07,-491333,491333,1.40073e+07
0,0,0,0,0,2.76719e+07,-491376,491376,1.40073e+07
0,0,0,0,0,2.76743e+07,-491419,491419,1.40073e+07
0,0,0,0,0,2.76767e+07,-491461,491461,1.40073e+07
0,0,0,0,0,2.87462e+07,-510452,510452,1.40073e+07
0,0,0,0,0,2.87487e+07,-510496,510496,1.40073e+07
0,0,0,0,0,2.87512e+07,-510541,510541,1.40073e+07
0,0,0,0,0,2.87537e+07,-510585,510585,1.40073e+07
0,0,0,0,0,2.83404e+07,-503246,503246,1.40073e+07
0,0,0,0,0,2.83429e+07,-503290,503290,1.40073e+07
0,0,0,0,0,2.83453e+07,-503334,503334,1.40073e+07
0,0,0,0,0,2.83478e+07,-503377,503377,1.40073e+07
0,0,0,0,0,2.94514e+07,-875703,875703,1.40073e+07
0,0,0,0,0,2.94526e+07,-877169,877169,1.40073e+07
0,0,0,0,0,2.94537e+07,-878635,878635,1.40073e+07
0,0,0,0,0,2.94549e+07,-880101,880101,1.40073e+07
0,0,0,0,0,2.94561e+07,-881567,881567,1.40073e+07
0,0,0,0,0,2.93368e+07,-1.35053e+06,1.35053e+06,1.40073e+07
0,0,0,0,0,2.9338e+07,-1.35203e+06,1.35203e+06,1.40073e+07
0,0,0,0,0,2.93392e+07,-1.35354e+06,1.35354e+06,1.40073e+07
0,0,0,0,0,2.93403e+07,-1.35505e+06,1.35505e+06,1.40073e+07
0,0,0,0,0,2.96525e+07,-1.78077e+06,1.78077e+06,1.40073e+07
0,0,0,0,0,2.96537e+07,-1.78231e+06,1.78231e+06,1.40073e+07
0,0,0,0,0,2.96549e+07,-1.78386e+06,1.78386e+06,1.40073e+07
0,0,0,0,0,2.9656e+07,-1.7854e+06,1.7854e+06,1.40073e+07
0,0,0,0,0,3.05684e+07,-3.3149e+06,3.3149e+06,1.40073e+07
0,0,0,0,0,3.05696e+07,-3.31658e+06,3.31658e+06,1.40073e+07
0,0,0,0,0,3.05709e+07,-3.31826e+06,3.31826e+06,1.40073e+07
0,0,0,0,0,3.05722e+07,-3.31994e+06,3.31994e+06,1.40073e+07
0,0,0,0,0,3.05734e+07,-3.32162e+06,3.32162e+06,1.40073e+07
0,0,0,0,0,3.01304e+07,-2.39742e+06,2.39742e+06,1.40073e+07
0,0,0,0,0,3.01317e+07,-2.39901e+06,2.39901e+06,1.40073e+07
0,0,0,0,0,3.01329e+07,-2.40061e+06,2.40061e+06,1.40073e+07
0,0,0,0,0,3.01341e+07,-2.40221e+06,2.40221e+06,1.40073e+07
0,0,0,0,0,2.97706e+07,-1.56144e+06,1.56144e+06,1.40073e+07
0,0,0,0,0,2.97718e+07,-1.56297e+06,1.56297e+06,1.40073e+07
0,0,0,0,0,2.9773e+07,-1.56449e+06,1.56449e+06,1.40073e+07
0,0,0,0,0,2.97741e+07,-1.56602e+06,1.56602e+06,1.40073e+07
0,0,0,0,0,2.80486e+07,-498064,498064,1.40073e+07
0,0,0,0,0,2.8051e+07,-498107,498107,1.40073e+07
0,0,0,0,0,2.80534e+07,-498150,498150,1.40073e+07
0,0,0,0,0,2.80559e+07,-498193,498193,1.40073e+07
0,0,0,0,0,2.80583e+07,-498237,498237,1.40073e+07
0,0,0,0,0,2.89552e+07,-514163,514163,1.40073e+07
0,0,0,0,0,2.89575e+07,-514204,514204,1.40073e+07
0,0,0,0,0,2.89599e+07,-514246,514246,1.40073e+07
0,0,0,0,0,2.89622e+07,-514288,514288,1.40073e+07
0,0,0,0,0,3.04285e+07,-2.2486e+06,2.2486e+06,1.40073e+07
0,0,0,0,0,3.04297e+07,-2.25008e+06,2.25008e+06,1.40073e+07
0,0,0,0,0,3.04308e+07,-2.25155e+06,2.25155e+06,1.40073e+07
0,0,0,0,0,3.0432e+07,-2.25303e+06,2.25303e+06,1.40073e+07
0,0,0,0,0,2.77908e+07,-493487,493487,1.40073e+07
0,0,0,0,0,2.77931e+07,-493527,493527,1.40073e+07
0,0,0,0,0,2.77953e+07,-493567,493567,1.40073e+07
0,0,0,0,0,2.77976e+07,-493607,493607,1.40073e+07
0,0,0,0,0,2.77998e+07,-493647,493647,1.40073e+07
0,0,0,0,0,2.88739e+07,-512719,512719,1.40073e+07
0,0,0,0,0,2.88762e+07,-512760,512760,1.40073e+07
0,0,0,0,0,2.88785e+07,-512802,512802,1.40073e+07
0,0,0,0,0,2.88809e+07,-512843,512843,1.40073e+07
0,0,0,0,0,2.84656e+07,-505469,505469,1.40073e+07
0,0,0,0,0,2.84679e+07,-505510,505510,1.40073e+07
0,0,0,0,0,2.84702e+07,-505551,505551,1.40073e+07
0,0,0,0,0,2.84725e+07,-505592,505592,1.40073e+07
0,0,0,0,0,2.95105e+07,-949920,949920,1.40073e+07
0,0,0,0,0,2.95115e+07,-951292,951292,1.40073e+07
0,0,0,0,0,2.95126e+07,-952667,952667,1.40073e+07
0,0,0,0,0,2.95137e+07,-954040,954040,1.40073e+07
0,0,0,0,0,2.95148e+07,-955414,955414,1.40073e+07
0,0,0,0,0,2.9395e+07,-1.42632e+06,1.42632e+06,1.40073e+07
0,0,0,0,0,2.93961e+07,-1.42773e+06,1.42773e+06,1.40073e+07
0,0,0,0,0,2.93972e+07,-1.42914e+06,1.42914e+06,1.40073e+07
0,0,0,0,0,2.93982e+07,-1.43056e+06,1.43056e+06,1.40073e+07
0,0,0,0,0,2.97117e+07,-1.85802e+06,1.85802e+06,1.40073e+07
0,0,0,0,0,2.97128e+07,-1.85947e+06,1.85947e+06,1.40073e+07
0,0,0,0,0,2.97139e+07,-1.86092e+06,1.86092e+06,1.40073e+07
0,0,0,0,0,2.9715e+07,-1.86236e+06,1.86236e+06,1.40073e+07
0,0,0,0,0,3.06312e+07,-3.39837e+06,3.39837e+06,1.40073e+07
0,0,0,0,0,3.06324e+07,-3.39994e+06,3.39994e+06,1.40073e+07
0,0,0,0,0,3.06336e+07,-3.40151e+06,3.40151e+06,1.40073e+07
0,0,0,0,0,3.06348e+07,-3.40308e+06,3.40308e+06,1.40073e+07
0,0,0,0,0,3.06359e+07,-3.40465e+06,3.40465e+06,1.40073e+07
0,0,0,0,0,3.0191e+07,-2.47638e+06,2.47638e+06,1.40073e+07
0,0,0,0,0,3.01921e+07,-2.47787e+06,2.47787e+06,1.40073e+07
0,0,0,0,0,3.01933e+07,-2.47937e+06,2.47937e+06,1.40073e+07
0,0,0,0,0,3.01944e+07,-2.48087e+06,2.48087e+06,1.40073e+07
0,0,0,0,0,2.98292e+07,-1.63641e+06,1.63641e+06,1.40073e+07
0,0,0,0,0,2.98304e+07,-1.63784e+06,1.63784e+06,1.40073e+07
0,0,0,0,0,2.98315e+07,-1.63926e+06,1.63926e+06,1.40073e+07
0,0,0,0,0,2.98326e+07,-1.64069e+06,1.64069e+06,1.40073e+07
0,0,0,0,0,2.81675e+07,-500176,500176,1.40073e+07
0,0,0,0,0,2.81698e+07,-500217,500217,1.40073e+07
0,0,0,0,0,2.81721e+07,-500257,500257,1.40073e+07
0,0,0,0,0,2.81744e+07,-500298,500298,1.40073e+07
0,0,0,0,0,2.81767e+07,-500338,500338,1.40073e+07
0,0,0,0,0,2.90772e+07,-516329,516329,1.40073e+07
0,0,0,0,0,2.90793e+07,-516368,516368,1.40073e+07
0,0,0,0,0,2.90815e+07,-516406,516406,1.40073e+07
0,0,0,0,0,2.90837e+07,-516445,516445,1.40073e+07
0,0,0,0,0,3.04889e+07,-2.32512e+06,2.32512e+06,1.40073e+07
0,0,0,0,0,3.049e+07,-2.3265e+06,2.3265e+06,1.40073e+07
0,0,0,0,0,3.04911e+07,-2.32788e+06,2.32788e+06,1.40073e+07
0,0,0,0,0,3.04922e+07,-2.32926e+06,2.32926e+06,1.40073e+07
0,0,0,0,0,2.79066e+07,-495543,495543,1.40073e+07
0,0,0,0,0,2.79087e+07,-495580,495580,1.40073e+07
0,0,0,0,0,2.79108e+07,-495618,495618,1.40073e+07
0,0,0,0,0,2.79129e+07,-495655,495655,1.40073e+07
0,0,0,0,0,2.7915e+07,-495692,495692,1.40073e+07
0,0,0,0,0,2.89934e+07,-514841,514841,1.40073e+07
0,0,0,0,0,2.89955e+07,-514879,514879,1.40073e+07
0,0,0,0,0,2.89977e+07,-514918,514918,1.40073e+07
0,0,0,0,0,2.89999e+07,-514957,514957,1.40073e+07
0,0,0,0,0,2.85828e+07,-507549,507549,1.40073e+07
0,0,0,0,0,2.85849e+07,-507588,507588,1.40073e+07
0,0,0,0,0,2.85871e+07,-507626,507626,1.40073e+07
0,0,0,0,0,2.85892e+07,-507664,507664,1.40073e+07
0,0,0,0,0,2.95657e+07,-1.01935e+06,1.01935e+06,1.40073e+07
0,0,0,0,0,2.95667e+07,-1.02063e+06,1.02063e+06,1.40073e+07
0,0,0,0,0,2.95677e+07,-1.02191e+06,1.02191e+06,1.40073e+07
0,0,0,0,0,2.95687e+07,-1.02319e+06,1.02319e+06,1.40073e+07
0,0,0,0,0,2.95698e+07,-1.02448e+06,1.02448e+06,1.40073e+07
0,0,0,0,0,2.94494e+07,-1.4972e+06,1.4972e+06,1.40073e+07
0,0,0,0,0,2.94504e+07,-1.49852e+06,1.49852e+06,1.40073e+07
0,0,0,0,0,2.94514e+07,-1.49984e+06,1.49984e+06,1.40073e+07
0,0,0,0,0,2.94524e+07,-1.50115e+06,1.50115e+06,1.40073e+07
0,0,0,0,0,2.97671e+07,-1.93025e+06,1.93025e+06,1.40073e+07
0,0,0,0,0,2.97681e+07,-1.9316e+06,1.9316e+06,1.40073e+07
0,0,0,0,0,2.97691e+07,-1.93295e+06,1.93295e+06,1.40073e+07
0,0,0,0,0,2.97702e+07,-1.9343e+06,1.9343e+06,1.40073e+07
0,0,0,0,0,3.06899e+07,-3.47637e+06,3.47637e+06,1.40073e+07
0,0,0,0,0,3.0691e+07,-3.47784e+06,3.47784e+06,1.40073e+07
0,0,0,0,0,3.06922e+07,-3.47931e+06,3.47931e+06,1.40073e+07
0,0,0,0,0,3.06933e+07,-3.48077e+06,3.48077e+06,1.40073e+07
0,0,0,0,0,3.06944e+07,-3.48224e+06,3.48224e+06,1.40073e+07
0,0,0,0,0,3.02475e+07,-2.55015e+06,2.55015e+06,1.40073e+07
0,0,0,0,0,3.02486e+07,-2.55155e+06,2.55155e+06,1.40073e+07
0,0,0,0,0,3.02497e+07,-2.55294e+06,2.55294e+06,1.40073e+07
0,0,0,0,0,3.02507e+07,-2.55434e+06,2.55434e+06,1.40073e+07
0,0,0,0,0,2.9884e+07,-1.70642e+06,1.70642e+06,1.40073e+07
0,0,0,0,0,2.98851e+07,-1.70776e+06,1.70776e+06,1.40073e+07
0,0,0,0,0,2.98861e+07,-1.70909e+06,1.70909e+06,1.40073e+07
0,0,0,0,0,2.98872e+07,-1.71042e+06,1.71042e+06,1.40073e+07
0,0,0,0,0,2.82786e+07,-502149,502149,1.40073e+07
0,0,0,0,0,2.82807e+07,-502187,502187,1.40073e+07
0,0,0,0,0,2.82829e+07,-502224,502224,1.40073e+07
0,0,0,0,0,2.8285e+07,-502262,502262,1.40073e+07
0,0,0,0,0,2.82871e+07,-502300,502300,1.40073e+07
0,0,0,0,0,2.82871e+07,-502300,502300,1.40073e+07
0,0,0,0,0,2.9191e+07,-518350,518350,1.40073e+07
0,0,0,0,0,2.9193e+07,-518386,518386,1.40073e+07
0,0,0,0,0,2.91951e+07,-518422,518422,1.40073e+07
0,0,0,0,0,2.91971e+07,-518459,518459,1.40073e+07
0,0,0,0,0,3.05452e+07,-2.39651e+06,2.39651e+06,1.40073e+07
0,0,0,0,0,3.05463e+07,-2.39779e+06,2.39779e+06,1.40073e+07
0,0,0,0,0,3.05473e+07,-2.39907e+06,2.39907e+06,1.40073e+07
0,0,0,0,0,3.05483e+07,-2.40035e+06,2.40035e+06,1.40073e+07
0,0,0,0,0,2.80146e+07,-497461,497461,1.40073e+07
0,0,0,0,0,2.80166e+07,-497496,497496,1.40073e+07
0,0,0,0,0,2.80185e+07,-497530,497530,1.40073e+07
0,0,0,0,0,2.80205e+07,-497565,497565,1.40073e+07
0,0,0,0,0,2.80224e+07,-497600,497600,1.40073e+07
0,0,0,0,0,2.91047e+07,-516819,516819,1.40073e+07
0,0,0,0,0,2.91068e+07,-516855,516855,1.40073e+07
0,0,0,0,0,2.91088e+07,-516891,516891,1.40073e+07
0,0,0,0,0,2.91108e+07,-516927,516927,1.40073e+07
0,0,0,0,0,2.86919e+07,-509488,509488,1.40073e+07
0,0,0,0,0,2.86939e+07,-509523,509523,1.40073e+07
0,0,0,0,0,2.86959e+07,-509559,509559,1.40073e+07
0,0,0,0,0,2.86979e+07,-509594,509594,1.40073e+07
0,0,0,0,0,2.96171e+07,-1.08402e+06,1.08402e+06,1.40073e+07
0,0,0,0,0,2.96181e+07,-1.08521e+06,1.08521e+06,1.40073e+07
0,0,0,0,0,2.9619e+07,-1.0864e+06,1.0864e+06,1.40073e+07
0,0,0,0,0,2.962e+07,-1.08759e+06,1.08759e+06,1.40073e+07
0,0,0,0,0,2.96209e+07,-1.08879e+06,1.08879e+06,1.40073e+07
0,0,0,0,0,2.95e+07,-1.56319e+06,1.56319e+06,1.40073e+07
0,0,0,0,0,2.95009e+07,-1.56442e+06,1.56442e+06,1.40073e+07
0,0,0,0,0,2.95019e+07,-1.56564e+06,1.56564e+06,1.40073e+07
0,0,0,0,0,2.95028e+07,-1.56687e+06,1.56687e+06,1.40073e+07
0,0,0,0,0,2.98186e+07,-1.99747e+06,1.99747e+06,1.40073e+07
0,0,0,0,0,2.98195e+07,-1.99872e+06,1.99872e+06,1.40073e+07
0,0,0,0,0,2.98205e+07,-1.99998e+06,1.99998e+06,1.40073e+07
0,0,0,0,0,2.98215e+07,-2.00123e+06,2.00123e+06,1.40073e+07
0,0,0,0,0,3.07446e+07,-3.54895e+06,3.54895e+06,1.40073e+07
0,0,0,0,0,3.07456e+07,-3.55031e+06,3.55031e+06,1.40073e+07
0,0,0,0,0,3.07466e+07,-3.55167e+06,3.55167e+06,1.40073e+07
0,0,0,0,0,3.07477e+07,-3.55303e+06,3.55303e+06,1.40073e+07
0,0,0,0,0,3.07487e+07,-3.5544e+06,3.5544e+06,1.40073e+07
0,0,0,0,0,3.03001e+07,-2.61875e+06,2.61875e+06,1.40073e+07
0,0,0,0,0,3.03011e+07,-2.62005e+06,2.62005e+06,1.40073e+07
0,0,0,0,0,3.03021e+07,-2.62135e+06,2.62135e+06,1.40073e+07
0,0,0,0,0,3.03031e+07,-2.62264e+06,2.62264e+06,1.40073e+07
0,0,0,0,0,2.9935e+07,-1.77151e+06,1.77151e+06,1.40073e+07
0,0,0,0,0,2.99359e+07,-1.77274e+06,1.77274e+06,1.40073e+07
0,0,0,0,0,2.99369e+07,-1.77398e+06,1.77398e+06,1.40073e+07
0,0,0,0,0,2.99379e+07,-1.77522e+06,1.77522e+06,1.40073e+07
0,0,0,0,0,2.83818e+07,-503982,503982,1.40073e+07
0,0,0,0,0,2.83838e+07,-504017,504017,1.40073e+07
0,0,0,0,0,2.83858e+07,-504052,504052,1.40073e+07
0,0,0,0,0,2.83878e+07,-504087,504087,1.40073e+07
0,0,0,0,0,2.83897e+07,-504122,504122,1.40073e+07
0,0,0,0,0,2.92967e+07,-520228,520228,1.40073e+07
0,0,0,0,0,2.92986e+07,-520261,520261,1.40073e+07
0,0,0,0,0,2.92999e+07,-520919,520919,1.40073e+07
0,0,0,0,0,2.93007e+07,-521978,521978,1.40073e+07
0,0,0,0,0,3.05975e+07,-2.46278e+06,2.46278e+06,1.40073e+07
0,0,0,0,0,3.05985e+07,-2.46396e+06,2.46396e+06,1.40073e+07
0,0,0,0,0,3.05994e+07,-2.46515e+06,2.46515e+06,1.40073e+07
0,0,0,0,0,3.06004e+07,-2.46633e+06,2.46633e+06,1.40073e+07
0,0,0,0,0,2.81148e+07,-499241,499241,1.40073e+07
0,0,0,0,0,2.81166e+07,-499272,499272,1.40073e+07
0,0,0,0,0,2.81184e+07,-499304,499304,1.40073e+07
0,0,0,0,0,2.81202e+07,-499336,499336,1.40073e+07
0,0,0,0,0,2.8122e+07,-499368,499368,1.40073e+07
0,0,0,0,0,2.92081e+07,-518653,518653,1.40073e+07
0,0,0,0,0,2.92099e+07,-518686,518686,1.40073e+07
0,0,0,0,0,2.92118e+07,-518719,518719,1.40073e+07
0,0,0,0,0,2.92137e+07,-518753,518753,1.40073e+07
0,0,0,0,0,2.87931e+07,-511285,511285,1.40073e+07
0,0,0,0,0,2.8795e+07,-511318,511318,1.40073e+07
0,0,0,0,0,2.87968e+07,-511350,511350,1.40073e+07
0,0,0,0,0,2.87987e+07,-511383,511383,1.40073e+07
0,0,0,0,0,2.96648e+07,-1.14395e+06,1.14395e+06,1.40073e+07
0,0,0,0,0,2.96657e+07,-1.14505e+06,1.14505e+06,1.40073e+07
0,0,0,0,0,2.96666e+07,-1.14615e+06,1.14615e+06,1.40073e+07
0,0,0,0,0,2.96674e+07,-1.14724e+06,1.14724e+06,1.40073e+07
0,0,0,0,0,2.96683e+07,-1.14834e+06,1.14834e+06,1.40073e+07
0,0,0,0,0,2.95469e+07,-1.62431e+06,1.62431e+06,1.40073e+07
0,0,0,0,0,2.95478e+07,-1.62544e+06,1.62544e+06,1.40073e+07
0,0,0,0,0,2.95486e+07,-1.62657e+06,1.62657e+06,1.40073e+07
0,0,0,0,0,2.95495e+07,-1.6277e+06,1.6277e+06,1.40073e+07
0,0,0,0,0,2.98663e+07,-2.05969e+06,2.05969e+06,1.40073e+07
0,0,0,0,0,2.98671e+07,-2.06085e+06,2.06085e+06,1.40073e+07
0,0,0,0,0,2.9868e+07,-2.06201e+06,2.06201e+06,1.40073e+07
0,0,0,0,0,2.98689e+07,-2.06316e+06,2.06316e+06,1.40073e+07
0,0,0,0,0,3.07951e+07,-3.61609e+06,3.61609e+06,1.40073e+07
0,0,0,0,0,3.07961e+07,-3.61735e+06,3.61735e+06,1.40073e+07
0,0,0,0,0,3.0797e+07,-3.6186e+06,3.6186e+06,1.40073e+07
0,0,0,0,0,3.0798e+07,-3.61986e+06,3.61986e+06,1.40073e+07
0,0,0,0,0,3.07989e+07,-3.62112e+06,3.62112e+06,1.40073e+07
0,0,0,0,0,3.03488e+07,-2.68218e+06,2.68218e+06,1.40073e+07
0,0,0,0,0,3.03497e+07,-2.68338e+06,2.68338e+06,1.40073e+07
0,0,0,0,0,3.03506e+07,-2.68457e+06,2.68457e+06,1.40073e+07
0,0,0,0,0,3.03515e+07,-2.68577e+06,2.68577e+06,1.40073e+07
0,0,0,0,0,2.99821e+07,-1.83165e+06,1.83165e+06,1.40073e+07
0,0,0,0,0,2.99829e+07,-1.8328e+06,1.8328e+06,1.40073e+07
0,0,0,0,0,2.99838e+07,-1.83394e+06,1.83394e+06,1.40073e+07
0,0,0,0,0,2.99847e+07,-1.83508e+06,1.83508e+06,1.40073e+07
0,0,0,0,0,2.84772e+07,-505675,505675,1.40073e+07
0,0,0,0,0,2.8479e+07,-505707,505707,1.40073e+07
0,0,0,0,0,2.84808e+07,-505740,505740,1.40073e+07
0,0,0,0,0,2.84827e+07,-505772,505772,1.40073e+07
0,0,0,0,0,2.84845e+07,-505804,505804,1.40073e+07
0,0,0,0,0,2.93424e+07,-573882,573882,1.40073e+07
0,0,0,0,0,2.93432e+07,-574853,574853,1.40073e+07
0,0,0,0,0,2.9344e+07,-575825,575825,1.40073e+07
0,0,0,0,0,2.93448e+07,-576796,576796,1.40073e+07
0,0,0,0,0,3.06458e+07,-2.52393e+06,2.52393e+06,1.40073e+07
0,0,0,0,0,3.06467e+07,-2.52502e+06,2.52502e+06,1.40073e+07
0,0,0,0,0,3.06475e+07,-2.5261e+06,2.5261e+06,1.40073e+07
0,0,0,0,0,3.06484e+07,-2.52719e+06,2.52719e+06,1.40073e+07
0,0,0,0,0,2.82073e+07,-500882,500882,1.40073e+07
0,0,0,0,0,2.82089e+07,-500911,500911,1.40073e+07
0,0,0,0,0,2.82106e+07,-500940,500940,1.40073e+07
0,0,0,0,0,2.82122e+07,-500970,500970,1.40073e+07
0,0,0,0,0,2.82139e+07,-500999,500999,1.40073e+07
0,0,0,0,0,2.9265e+07,-558592,558592,1.40073e+07
0,0,0,0,0,2.92658e+07,-559561,559561,1.40073e+07
0,0,0,0,0,2.92666e+07,-560532,560532,1.40073e+07
0,0,0,0,0,2.92673e+07,-561503,561503,1.40073e+07
0,0,0,0,0,2.88863e+07,-512940,512940,1.40073e+07
0,0,0,0,0,2.8888e+07,-512970,512970,1.40073e+07
0,0,0,0,0,2.88897e+07,-513001,513001,1.40073e+07
0,0,0,0,0,2.88914e+07,-513031,513031,1.40073e+07
0,0,0,0,0,2.97087e+07,-1.19913e+06,1.19913e+06,1.40073e+07
0,0,0,0,0,2.97095e+07,-1.20013e+06,1.20013e+06,1.40073e+07
0,0,0,0,0,2.97103e+07,-1.20114e+06,1.20114e+06,1.40073e+07
0,0,0,0,0,2.97111e+07,-1.20215e+06,1.20215e+06,1.40073e+07
0,0,0,0,0,2.97119e+07,-1.20316e+06,1.20316e+06,1.40073e+07
0,0,0,0,0,2.959e+07,-1.68055e+06,1.68055e+06,1.40073e+07
0,0,0,0,0,2.95908e+07,-1.68158e+06,1.68158e+06,1.40073e+07
0,0,0,0,0,2.95916e+07,-1.68262e+06,1.68262e+06,1.40073e+07
0,0,0,0,0,2.95924e+07,-1.68366e+06,1.68366e+06,1.40073e+07
0,0,0,0,0,2.99101e+07,-2.11692e+06,2.11692e+06,1.40073e+07
0,0,0,0,0,2.99109e+07,-2.11798e+06,2.11798e+06,1.40073e+07
0,0,0,0,0,2.99117e+07,-2.11904e+06,2.11904e+06,1.40073e+07
0,0,0,0,0,2.99126e+07,-2.1201e+06,2.1201e+06,1.40073e+07
0,0,0,0,0,3.08416e+07,-3.67781e+06,3.67781e+06,1.40073e+07
0,0,0,0,0,3.08425e+07,-3.67896e+06,3.67896e+06,1.40073e+07
0,0,0,0,0,3.08433e+07,-3.68012e+06,3.68012e+06,1.40073e+07
0,0,0,0,0,3.08442e+07,-3.68127e+06,3.68127e+06,1.40073e+07
0,0,0,0,0,3.08451e+07,-3.68243e+06,3.68243e+06,1.40073e+07
0,0,0,0,0,3.03934e+07,-2.74045e+06,2.74045e+06,1.40073e+07
0,0,0,0,0,3.03943e+07,-2.74155e+06,2.74155e+06,1.40073e+07
0,0,0,0,0,3.03951e+07,-2.74265e+06,2.74265e+06,1.40073e+07
0,0,0,0,0,3.0396e+07,-2.74375e+06,2.74375e+06,1.40073e+07
0,0,0,0,0,3.00253e+07,-1.88688e+06,1.88688e+06,1.40073e+07
0,0,0,0,0,3.00261e+07,-1.88793e+06,1.88793e+06,1.40073e+07
0,0,0,0,0,3.00269e+07,-1.88898e+06,1.88898e+06,1.40073e+07
0,0,0,0,0,3.00277e+07,-1.89003e+06,1.89003e+06,1.40073e+07
0,0,0,0,0,2.85647e+07,-507229,507229,1.40073e+07
0,0,0,0,0,2.85664e+07,-507258,507258,1.40073e+07
0,0,0,0,0,2.8568e+07,-507288,507288,1.40073e+07
0,0,0,0,0,2.85697e+07,-507318,507318,1.40073e+07
0,0,0,0,0,2.85714e+07,-507347,507347,1.40073e+07
0,0,0,0,0,2.9383e+07,-624397,624397,1.40073e+07
0,0,0,0,0,2.93837e+07,-625282,625282,1.40073e+07
0,0,0,0,0,2.93844e+07,-626168,626168,1.40073e+07
0,0,0,0,0,2.93851e+07,-627053,627053,1.40073e+07
0,0,0,0,0,3.069e+07,-2.57998e+06,2.57998e+06,1.40073e+07
0,0,0,0,0,3.06908e+07,-2.58097e+06,2.58097e+06,1.40073e+07
0,0,0,0,0,3.06916e+07,-2.58196e+06,2.58196e+06,1.40073e+07
0,0,0,0,0,3.06924e+07,-2.58295e+06,2.58295e+06,1.40073e+07
0,0,0,0,0,2.82919e+07,-502385,502385,1.40073e+07
0,0,0,0,0,2.82934e+07,-502412,502412,1.40073e+07
0,0,0,0,0,2.8295e+07,-502439,502439,1.40073e+07
0,0,0,0,0,2.82965e+07,-502466,502466,1.40073e+07
0,0,0,0,0,2.8298e+07,-502492,502492,1.40073e+07
0,0,0,0,0,2.93044e+07,-607900,607900,1.40073e+07
0,0,0,0,0,2.93051e+07,-608784,608784,1.40073e+07
0,0,0,0,0,2.93059e+07,-609670,609670,1.40073e+07
0,0,0,0,0,2.93066e+07,-610554,610554,1.40073e+07
0,0,0,0,0,2.89717e+07,-514455,514455,1.40073e+07
0,0,0,0,0,2.89732e+07,-514483,514483,1.40073e+07
0,0,0,0,0,2.89748e+07,-514510,514510,1.40073e+07
0,0,0,0,0,2.89763e+07,-514538,514538,1.40073e+07
0,0,0,0,0,2.97489e+07,-1.2496e+06,1.2496e+06,1.40073e+07
0,0,0,0,0,2.97496e+07,-1.25052e+06,1.25052e+06,1.40073e+07
0,0,0,0,0,2.97503e+07,-1.25144e+06,1.25144e+06,1.40073e+07
0,0,0,0,0,2.97511e+07,-1.25235e+06,1.25235e+06,1.40073e+07
0,0,0,0,0,2.97518e+07,-1.25327e+06,1.25327e+06,1.40073e+07
0,0,0,0,0,2.96295e+07,-1.73195e+06,1.73195e+06,1.40073e+07
0,0,0,0,0,2.96302e+07,-1.7329e+06,1.7329e+06,1.40073e+07
0,0,0,0,0,2.96309e+07,-1.73384e+06,1.73384e+06,1.40073e+07
0,0,0,0,0,2.96316e+07,-1.73479e+06,1.73479e+06,1.40073e+07
0,0,0,0,0,2.99502e+07,-2.1692e+06,2.1692e+06,1.40073e+07
0,0,0,0,0,2.99509e+07,-2.17017e+06,2.17017e+06,1.40073e+07
0,0,0,0,0,2.99517e+07,-2.17114e+06,2.17114e+06,1.40073e+07
0,0,0,0,0,2.99524e+07,-2.17211e+06,2.17211e+06,1.40073e+07
0,0,0,0,0,3.0884e+07,-3.73417e+06,3.73417e+06,1.40073e+07
0,0,0,0,0,3.08848e+07,-3.73522e+06,3.73522e+06,1.40073e+07
0,0,0,0,0,3.08856e+07,-3.73628e+06,3.73628e+06,1.40073e+07
0,0,0,0,0,3.08864e+07,-3.73732e+06,3.73732e+06,1.40073e+07
0,0,0,0,0,3.08872e+07,-3.73838e+06,3.73838e+06,1.40073e+07
0,0,0,0,0,3.04342e+07,-2.79363e+06,2.79363e+06,1.40073e+07
0,0,0,0,0,3.0435e+07,-2.79463e+06,2.79463e+06,1.40073e+07
0,0,0,0,0,3.04357e+07,-2.79563e+06,2.79563e+06,1.40073e+07
0,0,0,0,0,3.04365e+07,-2.79663e+06,2.79663e+06,1.40073e+07
0,0,0,0,0,3.00647e+07,-1.93725e+06,1.93725e+06,1.40073e+07
0,0,0,0,0,3.00654e+07,-1.9382e+06,1.9382e+06,1.40073e+07
0,0,0,0,0,3.00662e+07,-1.93916e+06,1.93916e+06,1.40073e+07
0,0,0,0,0,3.00669e+07,-1.94012e+06,1.94012e+06,1.40073e+07
0,0,0,0,0,2.86444e+07,-508645,508645,1.40073e+07
0,0,0,0,0,2.8646e+07,-508672,508672,1.40073e+07
0,0,0,0,0,2.86475e+07,-508699,508699,1.40073e+07
0,0,0,0,0,2.8649e+07,-508726,508726,1.40073e+07
0,0,0,0,0,2.86505e+07,-508753,508753,1.40073e+07
0,0,0,0,0,2.942e+07,-670408,670408,1.40073e+07
0,0,0,0,0,2.94206e+07,-671206,671206,1.40073e+07
0,0,0,0,0,2.94213e+07,-672005,672005,1.40073e+07
0,0,0,0,0,2.94219e+07,-672804,672804,1.40073e+07
0,0,0,0,0,3.07303e+07,-2.63101e+06,2.63101e+06,1.40073e+07
0,0,0,0,0,3.0731e+07,-2.6319e+06,2.6319e+06,1.40073e+07
0,0,0,0,0,3.07317e+07,-2.63279e+06,2.63279e+06,1.40073e+07
0,0,0,0,0,3.07324e+07,-2.63368e+06,2.63368e+06,1.40073e+07
0,0,0,0,0,2.8369e+07,-503753,503753,1.40073e+07
0,0,0,0,0,2.83703e+07,-503777,503777,1.40073e+07
0,0,0,0,0,2.83717e+07,-503801,503801,1.40073e+07
0,0,0,0,0,2.8373e+07,-503826,503826,1.40073e+07
0,0,0,0,0,2.83744e+07,-503850,503850,1.40073e+07
0,0,0,0,0,2.93403e+07,-652709,652709,1.40073e+07
0,0,0,0,0,2.93409e+07,-653507,653507,1.40073e+07
0,0,0,0,0,2.93415e+07,-654306,654306,1.40073e+07
0,0,0,0,0,2.93422e+07,-655104,655104,1.40073e+07
0,0,0,0,0,2.90491e+07,-515831,515831,1.40073e+07
0,0,0,0,0,2.90505e+07,-515856,515856,1.40073e+07
0,0,0,0,0,2.90519e+07,-515881,515881,1.40073e+07
0,0,0,0,0,2.90533e+07,-515905,515905,1.40073e+07
0,0,0,0,0,2.97853e+07,-1.2954e+06,1.2954e+06,1.40073e+07
0,0,0,0,0,2.9786e+07,-1.29623e+06,1.29623e+06,1.40073e+07
0,0,0,0,0,2.97866e+07,-1.29706e+06,1.29706e+06,1.40073e+07
0,0,0,0,0,2.97873e+07,-1.29789e+06,1.29789e+06,1.40073e+07
0,0,0,0,0,2.97879e+07,-1.29871e+06,1.29871e+06,1.40073e+07
0,0,0,0,0,2.96652e+07,-1.77856e+06,1.77856e+06,1.40073e+07
0,0,0,0,0,2.96659e+07,-1.77941e+06,1.77941e+06,1.40073e+07
0,0,0,0,0,2.96665e+07,-1.78026e+06,1.78026e+06,1.40073e+07
0,0,0,0,0,2.96672e+07,-1.78111e+06,1.78111e+06,1.40073e+07
0,0,0,0,0,2.99865e+07,-2.21657e+06,2.21657e+06,1.40073e+07
0,0,0,0,0,2.99872e+07,-2.21744e+06,2.21744e+06,1.40073e+07
0,0,0,0,0,2.99878e+07,-2.21831e+06,2.21831e+06,1.40073e+07
0,0,0,0,0,2.99885e+07,-2.21919e+06,2.21919e+06,1.40073e+07
0,0,0,0,0,3.09225e+07,-3.78519e+06,3.78519e+06,1.40073e+07
0,0,0,0,0,3.09232e+07,-3.78614e+06,3.78614e+06,1.40073e+07
0,0,0,0,0,3.09239e+07,-3.78709e+06,3.78709e+06,1.40073e+07
0,0,0,0,0,3.09246e+07,-3.78804e+06,3.78804e+06,1.40073e+07
0,0,0,0,0,3.09253e+07,-3.78898e+06,3.78898e+06,1.40073e+07
0,0,0,0,0,3.04711e+07,-2.84171e+06,2.84171e+06,1.40073e+07
0,0,0,0,0,3.04718e+07,-2.84262e+06,2.84262e+06,1.40073e+07
0,0,0,0,0,3.04725e+07,-2.84352e+06,2.84352e+06,1.40073e+07
0,0,0,0,0,3.04731e+07,-2.84442e+06,2.84442e+06,1.40073e+07
0,0,0,0,0,3.01003e+07,-1.98276e+06,1.98276e+06,1.40073e+07
0,0,0,0,0,3.0101e+07,-1.98362e+06,1.98362e+06,1.40073e+07
0,0,0,0,0,3.01017e+07,-1.98449e+06,1.98449e+06,1.40073e+07
0,0,0,0,0,3.01023e+07,-1.98535e+06,1.98535e+06,1.40073e+07
0,0,0,0,0,2.87164e+07,-509923,509923,1.40073e+07
0,0,0,0,0,2.87178e+07,-509948,509948,1.40073e+07
0,0,0,0,0,2.87192e+07,-509972,509972,1.40073e+07
0,0,0,0,0,2.87206e+07,-509997,509997,1.40073e+07
0,0,0,0,0,2.8722e+07,-510021,510021,1.40073e+07
0,0,0,0,0,2.94533e+07,-711907,711907,1.40073e+07
0,0,0,0,0,2.94539e+07,-712618,712618,1.40073e+07
0,0,0,0,0,2.94545e+07,-713329,713329,1.40073e+07
0,0,0,0,0,2.9455e+07,-714041,714041,1.40073e+07
0,0,0,0,0,3.07666e+07,-2.67698e+06,2.67698e+06,1.40073e+07
0,0,0,0,0,3.07672e+07,-2.67778e+06,2.67778e+06,1.40073e+07
0,0,0,0,0,3.07679e+07,-2.67857e+06,2.67857e+06,1.40073e+07
0,0,0,0,0,3.07685e+07,-2.67937e+06,2.67937e+06,1.40073e+07
0,0,0,0,0,2.84383e+07,-504985,504985,1.40073e+07
0,0,0,0,0,2.84395e+07,-505006,505006,1.40073e+07
0,0,0,0,0,2.84407e+07,-505027,505027,1.40073e+07
0,0,0,0,0,2.84419e+07,-505049,505049,1.40073e+07
0,0,0,0,0,2.84431e+07,-505070,505070,1.40073e+07
0,0,0,0,0,2.93725e+07,-693004,693004,1.40073e+07
0,0,0,0,0,2.93731e+07,-693714,693714,1.40073e+07
0,0,0,0,0,2.93736e+07,-694426,694426,1.40073e+07
0,0,0,0,0,2.93742e+07,-695136,695136,1.40073e+07
0,0,0,0,0,2.91188e+07,-517067,517067,1.40073e+07
0,0,0,0,0,2.912e+07,-517089,517089,1.40073e+07
0,0,0,0,0,2.91212e+07,-517111,517111,1.40073e+07
0,0,0,0,0,2.91225e+07,-517133,517133,1.40073e+07
0,0,0,0,0,2.9818e+07,-1.33651e+06,1.33651e+06,1.40073e+07
0,0,0,0,0,2.98186e+07,-1.33724e+06,1.33724e+06,1.40073e+07
0,0,0,0,0,2.98192e+07,-1.33798e+06,1.33798e+06,1.40073e+07
0,0,0,0,0,2.98198e+07,-1.33872e+06,1.33872e+06,1.40073e+07
0,0,0,0,0,2.98203e+07,-1.33946e+06,1.33946e+06,1.40073e+07
0,0,0,0,0,2.96973e+07,-1.82034e+06,1.82034e+06,1.40073e+07
0,0,0,0,0,2.96979e+07,-1.8211e+06,1.8211e+06,1.40073e+07
0,0,0,0,0,2.96984e+07,-1.82185e+06,1.82185e+06,1.40073e+07
0,0,0,0,0,2.9699e+07,-1.82261e+06,1.82261e+06,1.40073e+07
0,0,0,0,0,3.0019e+07,-2.25898e+06,2.25898e+06,1.40073e+07
0,0,0,0,0,3.00196e+07,-2.25976e+06,2.25976e+06,1.40073e+07
0,0,0,0,0,3.00202e+07,-2.26054e+06,2.26054e+06,1.40073e+07
0,0,0,0,0,3.00208e+07,-2.26132e+06,2.26132e+06,1.40073e+07
0,0,0,0,0,3.09568e+07,-3.83083e+06,3.83083e+06,1.40073e+07
0,0,0,0,0,3.09575e+07,-3.83168e+06,3.83168e+06,1.40073e+07
0,0,0,0,0,3.09581e+07,-3.83252e+06,3.83252e+06,1.40073e+07
0,0,0,0,0,3.09587e+07,-3.83337e+06,3.83337e+06,1.40073e+07
0,0,0,0,0,3.09594e+07,-3.83421e+06,3.83421e+06,1.40073e+07
0,0,0,0,0,3.0504e+07,-2.88467e+06,2.88467e+06,1.40073e+07
0,0,0,0,0,3.05046e+07,-2.88548e+06,2.88548e+06,1.40073e+07
0,0,0,0,0,3.05052e+07,-2.88628e+06,2.88628e+06,1.40073e+07
0,0,0,0,0,3.05059e+07,-2.88709e+06,2.88709e+06,1.40073e+07
0,0,0,0,0,3.01321e+07,-2.02338e+06,2.02338e+06,1.40073e+07
0,0,0,0,0,3.01327e+07,-2.02415e+06,2.02415e+06,1.40073e+07
0,0,0,0,0,3.01333e+07,-2.02492e+06,2.02492e+06,1.40073e+07
0,0,0,0,0,3.01339e+07,-2.02568e+06,2.02568e+06,1.40073e+07
0,0,0,0,0,2.87806e+07,-511063,511063,1.40073e+07
0,0,0,0,0,2.87819e+07,-511085,511085,1.40073e+07
0,0,0,0,0,2.87831e+07,-511107,511107,1.40073e+07
0,0,0,0,0,2.87843e+07,-511129,511129,1.40073e+07
0,0,0,0,0,2.67409e+07,-2.55575e+06,2.55575e+06,1.40073e+07
0,0,0,0,0,2.67409e+07,-2.55575e+06,2.55575e+06,1.40073e+07
0,0,0,0,0,2.75945e+07,-2.63733e+06,2.63733e+06,1.40073e+07
0,0,0,0,0,2.75955e+07,-2.63743e+06,2.63743e+06,1.40073e+07
0,0,0,0,0,2.75966e+07,-2.63753e+06,2.63753e+06,1.40073e+07
0,0,0,0,0,2.75976e+07,-2.63763e+06,2.63763e+06,1.40073e+07
0,0,0,0,0,2.97488e+07,-3.76798e+06,3.76798e+06,1.40073e+07
0,0,0,0,0,3.07994e+07,-2.71857e+06,2.71857e+06,1.40073e+07
0,0,0,0,0,3.08e+07,-2.71926e+06,2.71926e+06,1.40073e+07
0,0,0,0,0,3.08005e+07,-2.71996e+06,2.71996e+06,1.40073e+07
0,0,0,0,0,2.84999e+07,-506078,506078,1.40073e+07
0,0,0,0,0,2.64766e+07,-2.53049e+06,2.53049e+06,1.40073e+07
0,0,0,0,0,2.64776e+07,-2.53058e+06,2.53058e+06,1.40073e+07
0,0,0,0,0,2.64786e+07,-2.53067e+06,2.53067e+06,1.40073e+07
0,0,0,0,0,2.64795e+07,-2.53077e+06,2.53077e+06,1.40073e+07
0,0,0,0,0,2.75014e+07,-2.62843e+06,2.62843e+06,1.40073e+07
0,0,0,0,0,2.75024e+07,-2.62853e+06,2.62853e+06,1.40073e+07
0,0,0,0,0,2.94021e+07,-729999,729999,1.40073e+07
0,0,0,0,0,2.94026e+07,-730622,730622,1.40073e+07
0,0,0,0,0,2.91804e+07,-518163,518163,1.40073e+07
0,0,0,0,0,2.91815e+07,-518182,518182,1.40073e+07
0,0,0,0,0,2.91826e+07,-518201,518201,1.40073e+07
0,0,0,0,0,2.91837e+07,-518221,518221,1.40073e+07
0,0,0,0,0,2.98469e+07,-1.37289e+06,1.37289e+06,1.40073e+07
0,0,0,0,0,2.98475e+07,-1.37354e+06,1.37354e+06,1.40073e+07
0,0,0,0,0,2.9848e+07,-1.37419e+06,1.37419e+06,1.40073e+07
0,0,0,0,0,2.98485e+07,-1.37483e+06,1.37483e+06,1.40073e+07
0,0,0,0,0,2.9849e+07,-1.37548e+06,1.37548e+06,1.40073e+07
0,0,0,0,0,2.97256e+07,-1.85726e+06,1.85726e+06,1.40073e+07
0,0,0,0,0,2.97261e+07,-1.85793e+06,1.85793e+06,1.40073e+07
190989,0,0,0,0,2.8957e+07,190989,0,1.40073e+07
0,0,0,0,0,2.97271e+07,-1.85926e+06,1.66827e+06,1.40073e+07
0,0,0,0,0,3.00477e+07,-2.29643e+06,2.29643e+06,1.40073e+07
177728,0,0,0,0,2.97038e+07,177728,0,1.40073e+07
355434,0,0,0,0,2.9705e+07,177707,0,1.40073e+07
533120,0,0,0,0,2.97062e+07,177686,0,1.40073e+07
667004,0,0,0,0,3.21729e+07,133884,0,1.40073e+07
800866,0,0,0,0,3.21741e+07,133862,0,1.40073e+07
934705,0,0,0,0,3.21754e+07,133839,0,1.40073e+07
1.06852e+06,0,0,0,0,3.21767e+07,133816,0,1.40073e+07
1.20232e+06,0,0,0,0,3.2178e+07,133794,0,1.40073e+07
1.36067e+06,0,0,0,0,3.07946e+07,158358,0,1.40073e+07
1.51901e+06,0,0,0,0,3.07959e+07,158336,0,1.40073e+07
1.67732e+06,0,0,0,0,3.07971e+07,158315,0,1.40073e+07
1.83562e+06,0,0,0,0,3.07983e+07,158293,0,1.40073e+07
2.01555e+06,0,0,0,0,2.95799e+07,179929,0,1.40073e+07
2.19545e+06,0,0,0,0,2.9581e+07,179908,0,1.40073e+07
2.37534e+06,0,0,0,0,2.95822e+07,179887,0,1.40073e+07
2.55521e+06,0,0,0,0,2.95834e+07,179866,0,1.40073e+07
2.78521e+06,0,0,0,0,2.67599e+07,230004,0,1.40073e+07
3.0152e+06,0,0,0,0,2.67609e+07,229985,0,1.40073e+07
3.24516e+06,0,0,0,0,2.6762e+07,229966,0,1.40073e+07
3.47511e+06,0,0,0,0,2.67631e+07,229947,0,1.40073e+07
3.70504e+06,0,0,0,0,2.67642e+07,229928,0,1.40073e+07
3.91862e+06,0,0,0,0,2.76846e+07,213583,0,1.40073e+07
3.13684e+06,0,0,0,0,2.95094e+07,-781780,0,1.40073e+07
2.35452e+06,0,0,0,0,2.95099e+07,-782317,0,1.40073e+07
1.57167e+06,0,0,0,0,2.95103e+07,-782855,0,1.40073e+07
0,0,0,0,0,3.08271e+07,-2.75367e+06,1.182e+06,1.40073e+07
0,0,0,0,0,3.08276e+07,-2.75427e+06,2.75427e+06,1.40073e+07
0,0,0,0,0,3.08281e+07,-2.75487e+06,2.75487e+06,1.40073e+07
0,0,0,0,0,3.08286e+07,-2.75547e+06,2.75547e+06,1.40073e+07
0,0,0,0,0,2.85538e+07,-507035,507035,1.40073e+07
0,0,0,0,0,2.85547e+07,-507051,507051,1.40073e+07
0,0,0,0,0,2.85556e+07,-507068,507068,1.40073e+07
0,0,0,0,0,2.85565e+07,-507084,507084,1.40073e+07
0,0,0,0,0,2.85574e+07,-507100,507100,1.40073e+07
0,0,0,0,0,2.9426e+07,-759965,759965,1.40073e+07
0,0,0,0,0,2.94264e+07,-760502,760502,1.40073e+07
0,0,0,0,0,2.94269e+07,-761039,761039,1.40073e+07
0,0,0,0,0,2.94273e+07,-761576,761576,1.40073e+07
0,0,0,0,0,2.92342e+07,-519118,519118,1.40073e+07
0,0,0,0,0,2.92352e+07,-519134,519134,1.40073e+07
0,0,0,0,0,2.92361e+07,-519151,519151,1.40073e+07
0,0,0,0,0,2.9237e+07,-519168,519168,1.40073e+07
0,0,0,0,0,2.98722e+07,-1.40458e+06,1.40458e+06,1.40073e+07
0,0,0,0,0,2.98726e+07,-1.40514e+06,1.40514e+06,1.40073e+07
0,0,0,0,0,2.9873e+07,-1.40569e+06,1.40569e+06,1.40073e+07
0,0,0,0,0,2.98735e+07,-1.40625e+06,1.40625e+06,1.40073e+07
0,0,0,0,0,2.98739e+07,-1.40681e+06,1.40681e+06,1.40073e+07
0,0,0,0,0,2.97502e+07,-1.88937e+06,1.88937e+06,1.40073e+07
0,0,0,0,0,2.97507e+07,-1.88994e+06,1.88994e+06,1.40073e+07
0,0,0,0,0,2.97511e+07,-1.89051e+06,1.89051e+06,1.40073e+07
0,0,0,0,0,2.97516e+07,-1.89108e+06,1.89108e+06,1.40073e+07
0,0,0,0,0,3.00726e+07,-2.32894e+06,2.32894e+06,1.40073e+07
0,0,0,0,0,3.00731e+07,-2.32952e+06,2.32952e+06,1.40073e+07
0,0,0,0,0,3.00735e+07,-2.33011e+06,2.33011e+06,1.40073e+07
0,0,0,0,0,3.0074e+07,-2.3307e+06,2.3307e+06,1.40073e+07
0,0,0,0,0,3.10134e+07,-3.90596e+06,3.90596e+06,1.40073e+07
0,0,0,0,0,3.10139e+07,-3.9066e+06,3.9066e+06,1.40073e+07
0,0,0,0,0,3.10144e+07,-3.90724e+06,3.90724e+06,1.40073e+07
0,0,0,0,0,3.10148e+07,-3.90788e+06,3.90788e+06,1.40073e+07
0,0,0,0,0,3.10153e+07,-3.90851e+06,3.90851e+06,1.40073e+07
0,0,0,0,0,3.05581e+07,-2.95522e+06,2.95522e+06,1.40073e+07
0,0,0,0,0,3.05586e+07,-2.95583e+06,2.95583e+06,1.40073e+07
0,0,0,0,0,3.0559e+07,-2.95644e+06,2.95644e+06,1.40073e+07
0,0,0,0,0,3.05595e+07,-2.95704e+06,2.95704e+06,1.40073e+07
0,0,0,0,0,3.01842e+07,-2.08995e+06,2.08995e+06,1.40073e+07
0,0,0,0,0,3.01847e+07,-2.09053e+06,2.09053e+06,1.40073e+07
0,0,0,0,0,3.01851e+07,-2.09111e+06,2.09111e+06,1.40073e+07
178915,0,0,0,0,2.9637e+07,178915,0,1.40073e+07
408056,0,0,0,0,2.68085e+07,229141,0,1.40073e+07
637180,0,0,0,0,2.68094e+07,229124,0,1.40073e+07
866288,0,0,0,0,2.68103e+07,229108,0,1.40073e+07
1.09538e+06,0,0,0,0,2.68113e+07,229091,0,1.40073e+07
1.32445e+06,0,0,0,0,2.68122e+07,229075,0,1.40073e+07
1.53716e+06,0,0,0,0,2.7734e+07,212706,0,1.40073e+07
1.74985e+06,0,0,0,0,2.77348e+07,212692,0,1.40073e+07
1.96253e+06,0,0,0,0,2.77356e+07,212677,0,1.40073e+07
2.17519e+06,0,0,0,0,2.77364e+07,212663,0,1.40073e+07
2.3304e+06,0,0,0,0,3.09718e+07,155211,0,1.40073e+07
2.4856e+06,0,0,0,0,3.09727e+07,155196,0,1.40073e+07
2.64078e+06,0,0,0,0,3.09736e+07,155180,0,1.40073e+07
2.79594e+06,0,0,0,0,3.09745e+07,155164,0,1.40073e+07
3.03016e+06,0,0,0,0,2.65229e+07,234213,0,1.40073e+07
3.26436e+06,0,0,0,0,2.65236e+07,234199,0,1.40073e+07
3.49854e+06,0,0,0,0,2.65244e+07,234186,0,1.40073e+07
3.73271e+06,0,0,0,0,2.65252e+07,234172,0,1.40073e+07
3.96687e+06,0,0,0,0,2.65259e+07,234158,0,1.40073e+07
4.18144e+06,0,0,0,0,2.76294e+07,214564,0,1.40073e+07
4.39598e+06,0,0,0,0,2.76302e+07,214550,0,1.40073e+07
4.61052e+06,0,0,0,0,2.7631e+07,214535,0,1.40073e+07
4.82504e+06,0,0,0,0,2.76318e+07,214521,0,1.40073e+07
5.04718e+06,0,0,0,0,2.7203e+07,222135,0,1.40073e+07
5.2693e+06,0,0,0,0,2.72038e+07,222121,0,1.40073e+07
5.4914e+06,0,0,0,0,2.72046e+07,222107,0,1.40073e+07
5.7135e+06,0,0,0,0,2.72054e+07,222093,0,1.40073e+07
5.90902e+06,0,0,0,0,2.87015e+07,195526,0,1.40073e+07
6.10453e+06,0,0,0,0,2.87024e+07,195511,0,1.40073e+07
6.30003e+06,0,0,0,0,2.87032e+07,195496,0,1.40073e+07
6.49551e+06,0,0,0,0,2.8704e+07,195482,0,1.40073e+07
6.69098e+06,0,0,0,0,2.87048e+07,195467,0,1.40073e+07
6.88018e+06,0,0,0,0,2.90578e+07,189199,0,1.40073e+07
7.06936e+06,0,0,0,0,2.90587e+07,189184,0,1.40073e+07
7.25853e+06,0,0,0,0,2.90595e+07,189169,0,1.40073e+07
7.44769e+06,0,0,0,0,2.90603e+07,189154,0,1.40073e+07
7.62358e+06,0,0,0,0,2.98069e+07,175897,0,1.40073e+07
7.79946e+06,0,0,0,0,2.98078e+07,175882,0,1.40073e+07
7.97533e+06,0,0,0,0,2.98087e+07,175866,0,1.40073e+07
8.15118e+06,0,0,0,0,2.98095e+07,175851,0,1.40073e+07
8.2831e+06,0,0,0,0,3.22838e+07,131914,0,1.40073e+07
8.41499e+06,0,0,0,0,3.22848e+07,131898,0,1.40073e+07
8.54687e+06,0,0,0,0,3.22857e+07,131881,0,1.40073e+07
8.67874e+06,0,0,0,0,3.22866e+07,131865,0,1.40073e+07
8.81059e+06,0,0,0,0,3.22875e+07,131848,0,1.40073e+07
8.96708e+06,0,0,0,0,3.08994e+07,156497,0,1.40073e+07
9.12357e+06,0,0,0,0,3.09003e+07,156482,0,1.40073e+07
9.28003e+06,0,0,0,0,3.09012e+07,156466,0,1.40073e+07
9.43648e+06,0,0,0,0,3.09021e+07,156450,0,1.40073e+07
9.61464e+06,0,0,0,0,2.96795e+07,178161,0,1.40073e+07
9.79279e+06,0,0,0,0,2.96803e+07,178145,0,1.40073e+07
9.97092e+06,0,0,0,0,2.96812e+07,178130,0,1.40073e+07
1.0149e+07,0,0,0,0,2.9682e+07,178115,0,1.40073e+07
1.03774e+07,0,0,0,0,2.68494e+07,228415,0,1.40073e+07
1.06058e+07,0,0,0,0,2.68502e+07,228401,0,1.40073e+07
1.08342e+07,0,0,0,0,2.68509e+07,228387,0,1.40073e+07
1.10626e+07,0,0,0,0,2.68517e+07,228373,0,1.40073e+07
1.1291e+07,0,0,0,0,2.68525e+07,228360,0,1.40073e+07
1.15029e+07,0,0,0,0,2.77754e+07,211970,0,1.40073e+07
1.17149e+07,0,0,0,0,2.77761e+07,211959,0,1.40073e+07
1.19268e+07,0,0,0,0,2.77767e+07,211948,0,1.40073e+07
1.21388e+07,0,0,0,0,2.77774e+07,211936,0,1.40073e+07
1.22932e+07,0,0,0,0,3.10171e+07,154408,0,1.40073e+07
1.24476e+07,0,0,0,0,3.10178e+07,154396,0,1.40073e+07
1.2602e+07,0,0,0,0,3.10185e+07,154383,0,1.40073e+07
1.27563e+07,0,0,0,0,3.10192e+07,154371,0,1.40073e+07
1.29899e+07,0,0,0,0,2.65614e+07,233529,0,1.40073e+07
1.32234e+07,0,0,0,0,2.6562e+07,233518,0,1.40073e+07
1.34569e+07,0,0,0,0,2.65626e+07,233507,0,1.40073e+07
1.36904e+07,0,0,0,0,2.65632e+07,233496,0,1.40073e+07
1.39239e+07,0,0,0,0,2.65638e+07,233485,0,1.40073e+07
1.41377e+07,0,0,0,0,2.76686e+07,213867,0,1.40073e+07
1.43516e+07,0,0,0,0,2.76693e+07,213856,0,1.40073e+07
1.45654e+07,0,0,0,0,2.76699e+07,213844,0,1.40073e+07
1.47793e+07,0,0,0,0,2.76706e+07,213833,0,1.40073e+07
1.50007e+07,0,0,0,0,2.72411e+07,221459,0,1.40073e+07
1.52222e+07,0,0,0,0,2.72417e+07,221448,0,1.40073e+07
1.54436e+07,0,0,0,0,2.72423e+07,221437,0,1.40073e+07
1.5665e+07,0,0,0,0,2.7243e+07,221426,0,1.40073e+07
1.58599e+07,0,0,0,0,2.87409e+07,194827,0,1.40073e+07
1.60547e+07,0,0,0,0,2.87416e+07,194815,0,1.40073e+07
1.62495e+07,0,0,0,0,2.87422e+07,194803,0,1.40073e+07
1.64443e+07,0,0,0,0,2.87429e+07,194791,0,1.40073e+07
1.66391e+07,0,0,0,0,2.87435e+07,194780,0,1.40073e+07
1.68276e+07,0,0,0,0,2.90968e+07,188507,0,1.40073e+07
1.70161e+07,0,0,0,0,2.90975e+07,188495,0,1.40073e+07
1.72045e+07,0,0,0,0,2.90981e+07,188483,0,1.40073e+07
1.7393e+07,0,0,0,0,2.90988e+07,188471,0,1.40073e+07
1.75682e+07,0,0,0,0,2.98462e+07,175200,0,1.40073e+07
1.77434e+07,0,0,0,0,2.98469e+07,175188,0,1.40073e+07
1.79186e+07,0,0,0,0,2.98476e+07,175175,0,1.40073e+07
1.80937e+07,0,0,0,0,2.98483e+07,175163,0,1.40073e+07
1.82249e+07,0,0,0,0,3.23254e+07,131176,0,1.40073e+07
1.83561e+07,0,0,0,0,3.23262e+07,131163,0,1.40073e+07
1.84872e+07,0,0,0,0,3.23269e+07,131149,0,1.40073e+07
1.86184e+07,0,0,0,0,3.23276e+07,131136,0,1.40073e+07
1.87495e+07,0,0,0,0,3.23284e+07,131123,0,1.40073e+07
1.89053e+07,0,0,0,0,3.09384e+07,155804,0,1.40073e+07
1.90611e+07,0,0,0,0,3.09392e+07,155792,0,1.40073e+07
1.92169e+07,0,0,0,0,3.09399e+07,155779,0,1.40073e+07
1.93726e+07,0,0,0,0,3.09406e+07,155766,0,1.40073e+07
1.95501e+07,0,0,0,0,2.97164e+07,177505,0,1.40073e+07
1.97276e+07,0,0,0,0,2.97171e+07,177493,0,1.40073e+07
1.99051e+07,0,0,0,0,2.97177e+07,177481,0,1.40073e+07
2.00826e+07,0,0,0,0,2.97184e+07,177469,0,1.40073e+07
2.03104e+07,0,0,0,0,2.68824e+07,227828,0,1.40073e+07
2.05382e+07,0,0,0,0,2.6883e+07,227817,0,1.40073e+07
2.0766e+07,0,0,0,0,2.68836e+07,227806,0,1.40073e+07
2.02518e+07,0,0,0,0,2.89614e+07,-514273,0,1.40073e+07
1.97375e+07,0,0,0,0,2.8962e+07,-514284,0,1.40073e+07
1.88862e+07,0,0,0,0,2.95653e+07,-851280,0,1.40073e+07
1.80346e+07,0,0,0,0,2.95655e+07,-851554,0,1.40073e+07
1.71828e+07,0,0,0,0,2.95657e+07,-851829,0,1.40073e+07
1.63307e+07,0,0,0,0,2.95659e+07,-852103,0,1.40073e+07
1.35e+07,0,0,0,0,3.0888e+07,-2.83075e+06,0,1.40073e+07
1.06689e+07,0,0,0,0,3.08882e+07,-2.83105e+06,0,1.40073e+07
7.83754e+06,0,0,0,0,3.08884e+07,-2.83136e+06,0,1.40073e+07
5.00588e+06,0,0,0,0,3.08887e+07,-2.83167e+06,0,1.40073e+07
4.49679e+06,0,0,0,0,2.86692e+07,-509085,0,1.40073e+07
3.9877e+06,0,0,0,0,2.86697e+07,-509094,0,1.40073e+07
3.4786e+06,0,0,0,0,2.86702e+07,-509102,0,1.40073e+07
2.96949e+06,0,0,0,0,2.86706e+07,-509110,0,1.40073e+07
2.46037e+06,0,0,0,0,2.86711e+07,-509118,0,1.40073e+07
1.6339e+06,0,0,0,0,2.94792e+07,-826469,0,1.40073e+07
807155,0,0,0,0,2.94794e+07,-826743,0,1.40073e+07
0,0,0,0,0,2.94796e+07,-827017,19862.1,1.40073e+07
0,0,0,0,0,2.94798e+07,-827291,827291,1.40073e+07
0,0,0,0,0,2.92945e+07,-574946,574946,1.40073e+07
0,0,0,0,0,2.92947e+07,-575215,575215,1.40073e+07
0,0,0,0,0,2.92949e+07,-575485,575485,1.40073e+07
0,0,0,0,0,2.92951e+07,-575755,575755,1.40073e+07
0,0,0,0,0,2.99253e+07,-1.47144e+06,1.47144e+06,1.40073e+07
0,0,0,0,0,2.99256e+07,-1.47172e+06,1.47172e+06,1.40073e+07
0,0,0,0,0,2.99258e+07,-1.47201e+06,1.47201e+06,1.40073e+07
0,0,0,0,0,2.9926e+07,-1.47229e+06,1.47229e+06,1.40073e+07
0,0,0,0,0,2.99262e+07,-1.47257e+06,1.47257e+06,1.40073e+07
0,0,0,0,0,2.98019e+07,-1.95667e+06,1.95667e+06,1.40073e+07
0,0,0,0,0,2.98021e+07,-1.95696e+06,1.95696e+06,1.40073e+07
0,0,0,0,0,2.98023e+07,-1.95725e+06,1.95725e+06,1.40073e+07
0,0,0,0,0,2.98025e+07,-1.95755e+06,1.95755e+06,1.40073e+07
0,0,0,0,0,3.01246e+07,-2.39673e+06,2.39673e+06,1.40073e+07
0,0,0,0,0,3.01248e+07,-2.39703e+06,2.39703e+06,1.40073e+07
0,0,0,0,0,3.0125e+07,-2.39733e+06,2.39733e+06,1.40073e+07
0,0,0,0,0,3.01252e+07,-2.39763e+06,2.39763e+06,1.40073e+07
0,0,0,0,0,3.10679e+07,-3.97833e+06,3.97833e+06,1.40073e+07
0,0,0,0,0,3.10681e+07,-3.97866e+06,3.97866e+06,1.40073e+07
0,0,0,0,0,3.10684e+07,-3.97898e+06,3.97898e+06,1.40073e+07
0,0,0,0,0,3.10686e+07,-3.97931e+06,3.97931e+06,1.40073e+07
0,0,0,0,0,3.10689e+07,-3.97963e+06,3.97963e+06,1.40073e+07
0,0,0,0,0,3.06098e+07,-3.02264e+06,3.02264e+06,1.40073e+07
0,0,0,0,0,3.061e+07,-3.02295e+06,3.02295e+06,1.40073e+07
0,0,0,0,0,3.06103e+07,-3.02326e+06,3.02326e+06,1.40073e+07
0,0,0,0,0,3.06105e+07,-3.02357e+06,3.02357e+06,1.40073e+07
0,0,0,0,0,3.02337e+07,-2.15315e+06,2.15315e+06,1.40073e+07
0,0,0,0,0,3.02339e+07,-2.15345e+06,2.15345e+06,1.40073e+07
0,0,0,0,0,3.02341e+07,-2.15374e+06,2.15374e+06,1.40073e+07
0,0,0,0,0,3.02344e+07,-2.15404e+06,2.15404e+06,1.40073e+07
0,0,0,0,0,2.89847e+07,-514686,514686,1.40073e+07
0,0,0,0,0,2.89851e+07,-514694,514694,1.40073e+07
227366,0,0,0,0,2.69084e+07,227366,0,1.40073e+07
454723,0,0,0,0,2.69089e+07,227357,0,1.40073e+07
682072,0,0,0,0,2.69094e+07,227349,0,1.40073e+07
893006,0,0,0,0,2.78339e+07,210933,0,1.40073e+07
1.10393e+06,0,0,0,0,2.78342e+07,210927,0,1.40073e+07
238100,0,0,0,0,2.9577e+07,-865833,0,1.40073e+07
449016,0,0,0,0,2.78348e+07,210916,0,1.40073e+07
0,0,0,0,0,3.09002e+07,-2.8462e+06,2.39718e+06,1.40073e+07
0,0,0,0,0,3.09003e+07,-2.84641e+06,2.84641e+06,1.40073e+07
0,0,0,0,0,3.09005e+07,-2.84662e+06,2.84662e+06,1.40073e+07
0,0,0,0,0,3.09006e+07,-2.84682e+06,2.84682e+06,1.40073e+07
0,0,0,0,0,2.86922e+07,-509492,509492,1.40073e+07
0,0,0,0,0,2.86925e+07,-509498,509498,1.40073e+07
0,0,0,0,0,2.86928e+07,-509503,509503,1.40073e+07
0,0,0,0,0,2.86931e+07,-509509,509509,1.40073e+07
0,0,0,0,0,2.86934e+07,-509515,509515,1.40073e+07
0,0,0,0,0,2.94896e+07,-839485,839485,1.40073e+07
0,0,0,0,0,2.94897e+07,-839672,839672,1.40073e+07
0,0,0,0,0,2.94899e+07,-839858,839858,1.40073e+07
0,0,0,0,0,2.949e+07,-840044,840044,1.40073e+07
0,0,0,0,0,2.93045e+07,-587420,587420,1.40073e+07
0,0,0,0,0,2.93046e+07,-587605,587605,1.40073e+07
0,0,0,0,0,2.93048e+07,-587788,587788,1.40073e+07
0,0,0,0,0,2.93049e+07,-587971,587971,1.40073e+07
0,0,0,0,0,2.99355e+07,-1.48422e+06,1.48422e+06,1.40073e+07
0,0,0,0,0,2.99357e+07,-1.48441e+06,1.48441e+06,1.40073e+07
0,0,0,0,0,2.99358e+07,-1.48461e+06,1.48461e+06,1.40073e+07
0,0,0,0,0,2.9936e+07,-1.4848e+06,1.4848e+06,1.40073e+07
0,0,0,0,0,2.99361e+07,-1.48499e+06,1.48499e+06,1.40073e+07
0,0,0,0,0,2.98116e+07,-1.96934e+06,1.96934e+06,1.40073e+07
0,0,0,0,0,2.98117e+07,-1.96954e+06,1.96954e+06,1.40073e+07
0,0,0,0,0,2.98119e+07,-1.96974e+06,1.96974e+06,1.40073e+07
0,0,0,0,0,2.98121e+07,-1.96994e+06,1.96994e+06,1.40073e+07
0,0,0,0,0,3.01342e+07,-2.40933e+06,2.40933e+06,1.40073e+07
0,0,0,0,0,3.01344e+07,-2.40953e+06,2.40953e+06,1.40073e+07
0,0,0,0,0,3.01345e+07,-2.40974e+06,2.40974e+06,1.40073e+07
0,0,0,0,0,3.01347e+07,-2.40994e+06,2.40994e+06,1.40073e+07
0,0,0,0,0,3.10779e+07,-3.99159e+06,3.99159e+06,1.40073e+07
0,0,0,0,0,3.1078e+07,-3.99181e+06,3.99181e+06,1.40073e+07
0,0,0,0,0,3.10782e+07,-3.99204e+06,3.99204e+06,1.40073e+07
0,0,0,0,0,3.10784e+07,-3.99225e+06,3.99225e+06,1.40073e+07
0,0,0,0,0,3.10785e+07,-3.99248e+06,3.99248e+06,1.40073e+07
0,0,0,0,0,3.06191e+07,-3.03477e+06,3.03477e+06,1.40073e+07
0,0,0,0,0,3.06192e+07,-3.03498e+06,3.03498e+06,1.40073e+07
0,0,0,0,0,3.06194e+07,-3.03519e+06,3.03519e+06,1.40073e+07
0,0,0,0,0,3.06196e+07,-3.0354e+06,3.0354e+06,1.40073e+07
0,0,0,0,0,3.02424e+07,-2.16435e+06,2.16435e+06,1.40073e+07
0,0,0,0,0,3.02426e+07,-2.16455e+06,2.16455e+06,1.40073e+07
0,0,0,0,0,3.02427e+07,-2.16475e+06,2.16475e+06,1.40073e+07
0,0,0,0,0,3.02429e+07,-2.16495e+06,2.16495e+06,1.40073e+07
0,0,0,0,0,2.90019e+07,-514992,514992,1.40073e+07
0,0,0,0,0,2.90022e+07,-514998,514998,1.40073e+07
0,0,0,0,0,2.90026e+07,-515004,515004,1.40073e+07
0,0,0,0,0,2.90029e+07,-515010,515010,1.40073e+07
0,0,0,0,0,2.90032e+07,-515015,515015,1.40073e+07
0,0,0,0,0,2.90032e+07,-515015,515015,1.40073e+07
0,0,0,0,0,2.95844e+07,-875071,875071,1.40073e+07
0,0,0,0,0,2.95845e+07,-875171,875171,1.40073e+07
0,0,0,0,0,2.95846e+07,-875270,875270,1.40073e+07
0,0,0,0,0,2.95846e+07,-875370,875370,1.40073e+07
0,0,0,0,0,3.09083e+07,-2.85655e+06,2.85655e+06,1.40073e+07
0,0,0,0,0,3.09084e+07,-2.85666e+06,2.85666e+06,1.40073e+07
0,0,0,0,0,3.09085e+07,-2.85677e+06,2.85677e+06,1.40073e+07
0,0,0,0,0,3.09086e+07,-2.85688e+06,2.85688e+06,1.40073e+07
0,0,0,0,0,2.87073e+07,-509761,509761,1.40073e+07
0,0,0,0,0,2.87075e+07,-509764,509764,1.40073e+07
0,0,0,0,0,2.87076e+07,-509767,509767,1.40073e+07
0,0,0,0,0,2.87078e+07,-509770,509770,1.40073e+07
0,0,0,0,0,2.8708e+07,-509773,509773,1.40073e+07
0,0,0,0,0,2.94964e+07,-847954,847954,1.40073e+07
0,0,0,0,0,2.94964e+07,-848054,848054,1.40073e+07
0,0,0,0,0,2.94965e+07,-848153,848153,1.40073e+07
0,0,0,0,0,2.94966e+07,-848253,848253,1.40073e+07
0,0,0,0,0,2.93109e+07,-595422,595422,1.40073e+07
0,0,0,0,0,2.93109e+07,-595519,595519,1.40073e+07
0,0,0,0,0,2.9311e+07,-595618,595618,1.40073e+07
0,0,0,0,0,2.93111e+07,-595716,595716,1.40073e+07
0,0,0,0,0,2.99419e+07,-1.49229e+06,1.49229e+06,1.40073e+07
0,0,0,0,0,2.9942e+07,-1.4924e+06,1.4924e+06,1.40073e+07
0,0,0,0,0,2.99421e+07,-1.4925e+06,1.4925e+06,1.40073e+07
0,0,0,0,0,2.99422e+07,-1.4926e+06,1.4926e+06,1.40073e+07
0,0,0,0,0,2.99423e+07,-1.49271e+06,1.49271e+06,1.40073e+07
0,0,0,0,0,2.98176e+07,-1.97717e+06,1.97717e+06,1.40073e+07
0,0,0,0,0,2.98177e+07,-1.97728e+06,1.97728e+06,1.40073e+07
0,0,0,0,0,2.98178e+07,-1.97739e+06,1.97739e+06,1.40073e+07
0,0,0,0,0,2.98178e+07,-1.97749e+06,1.97749e+06,1.40073e+07
0,0,0,0,0,3.01401e+07,-2.41698e+06,2.41698e+06,1.40073e+07
0,0,0,0,0,3.01402e+07,-2.41709e+06,2.41709e+06,1.40073e+07
0,0,0,0,0,3.01402e+07,-2.4172e+06,2.4172e+06,1.40073e+07
0,0,0,0,0,3.01403e+07,-2.4173e+06,2.4173e+06,1.40073e+07
0,0,0,0,0,3.10838e+07,-3.99948e+06,3.99948e+06,1.40073e+07
0,0,0,0,0,3.10839e+07,-3.9996e+06,3.9996e+06,1.40073e+07
0,0,0,0,0,3.1084e+07,-3.99972e+06,3.99972e+06,1.40073e+07
0,0,0,0,0,3.10841e+07,-3.99984e+06,3.99984e+06,1.40073e+07
0,0,0,0,0,3.10842e+07,-3.99996e+06,3.99996e+06,1.40073e+07
0,0,0,0,0,3.06245e+07,-3.04179e+06,3.04179e+06,1.40073e+07
0,0,0,0,0,3.06245e+07,-3.04191e+06,3.04191e+06,1.40073e+07
0,0,0,0,0,3.06246e+07,-3.04202e+06,3.04202e+06,1.40073e+07
0,0,0,0,0,3.06247e+07,-3.04213e+06,3.04213e+06,1.40073e+07
0,0,0,0,0,3.02474e+07,-2.17068e+06,2.17068e+06,1.40073e+07
0,0,0,0,0,3.02475e+07,-2.17078e+06,2.17078e+06,1.40073e+07
0,0,0,0,0,3.02476e+07,-2.17089e+06,2.17089e+06,1.40073e+07
0,0,0,0,0,3.02476e+07,-2.171e+06,2.171e+06,1.40073e+07
0,0,0,0,0,2.90114e+07,-515161,515161,1.40073e+07
0,0,0,0,0,2.90116e+07,-515164,515164,1.40073e+07
0,0,0,0,0,2.90118e+07,-515167,515167,1.40073e+07
0,0,0,0,0,2.90119e+07,-515170,515170,1.40073e+07
0,0,0,0,0,2.90121e+07,-515173,515173,1.40073e+07
0,0,0,0,0,2.95885e+07,-880172,880172,1.40073e+07
0,0,0,0,0,2.95885e+07,-880186,880186,1.40073e+07
0,0,0,0,0,2.95885e+07,-880198,880198,1.40073e+07
0,0,0,0,0,2.95885e+07,-880212,880212,1.40073e+07
0,0,0,0,0,3.09125e+07,-2.86186e+06,2.86186e+06,1.40073e+07
0,0,0,0,0,3.09125e+07,-2.86188e+06,2.86188e+06,1.40073e+07
0,0,0,0,0,3.09125e+07,-2.86189e+06,2.86189e+06,1.40073e+07
0,0,0,0,0,3.09126e+07,-2.86191e+06,2.86191e+06,1.40073e+07
0,0,0,0,0,2.87148e+07,-509894,509894,1.40073e+07
0,0,0,0,0,2.87148e+07,-509895,509895,1.40073e+07
0,0,0,0,0,2.87149e+07,-509895,509895,1.40073e+07
0,0,0,0,0,2.87149e+07,-509896,509896,1.40073e+07
0,0,0,0,0,2.87149e+07,-509896,509896,1.40073e+07
0,0,0,0,0,2.94995e+07,-851927,851927,1.40073e+07
0,0,0,0,0,2.94996e+07,-851940,851940,1.40073e+07
0,0,0,0,0,2.94996e+07,-851954,851954,1.40073e+07
0,0,0,0,0,2.94996e+07,-851967,851967,1.40073e+07
0,0,0,0,0,2.93137e+07,-598995,598995,1.40073e+07
0,0,0,0,0,2.93137e+07,-599009,599009,1.40073e+07
0,0,0,0,0,2.93138e+07,-599021,599021,1.40073e+07
0,0,0,0,0,2.93138e+07,-599035,599035,1.40073e+07
0,0,0,0,0,2.99446e+07,-1.4957e+06,1.4957e+06,1.40073e+07
0,0,0,0,0,2.99447e+07,-1.49572e+06,1.49572e+06,1.40073e+07
0,0,0,0,0,2.99447e+07,-1.49573e+06,1.49573e+06,1.40073e+07
0,0,0,0,0,2.99447e+07,-1.49574e+06,1.49574e+06,1.40073e+07
0,0,0,0,0,2.99447e+07,-1.49576e+06,1.49576e+06,1.40073e+07
0,0,0,0,0,2.98199e+07,-1.98022e+06,1.98022e+06,1.40073e+07
0,0,0,0,0,2.982e+07,-1.98023e+06,1.98023e+06,1.40073e+07
0,0,0,0,0,2.982e+07,-1.98025e+06,1.98025e+06,1.40073e+07
0,0,0,0,0,2.982e+07,-1.98026e+06,1.98026e+06,1.40073e+07
0,0,0,0,0,3.01422e+07,-2.41972e+06,2.41972e+06,1.40073e+07
0,0,0,0,0,3.01422e+07,-2.41973e+06,2.41973e+06,1.40073e+07
0,0,0,0,0,3.01422e+07,-2.41975e+06,2.41975e+06,1.40073e+07
0,0,0,0,0,3.01422e+07,-2.41976e+06,2.41976e+06,1.40073e+07
0,0,0,0,0,3.10857e+07,-4.00205e+06,4.00205e+06,1.40073e+07
0,0,0,0,0,3.10858e+07,-4.00207e+06,4.00207e+06,1.40073e+07
0,0,0,0,0,3.10858e+07,-4.00208e+06,4.00208e+06,1.40073e+07
0,0,0,0,0,3.10858e+07,-4.0021e+06,4.0021e+06,1.40073e+07
0,0,0,0,0,3.10858e+07,-4.00212e+06,4.00212e+06,1.40073e+07
0,0,0,0,0,3.0626e+07,-3.04375e+06,3.04375e+06,1.40073e+07
0,0,0,0,0,3.0626e+07,-3.04377e+06,3.04377e+06,1.40073e+07
0,0,0,0,0,3.0626e+07,-3.04378e+06,3.04378e+06,1.40073e+07
0,0,0,0,0,3.0626e+07,-3.0438e+06,3.0438e+06,1.40073e+07
0,0,0,0,0,3.02486e+07,-2.17217e+06,2.17217e+06,1.40073e+07
0,0,0,0,0,3.02486e+07,-2.17219e+06,2.17219e+06,1.40073e+07
0,0,0,0,0,3.02486e+07,-2.1722e+06,2.1722e+06,1.40073e+07
0,0,0,0,0,3.02486e+07,-2.17222e+06,2.17222e+06,1.40073e+07
0,0,0,0,0,2.90132e+07,-515193,515193,1.40073e+07
0,0,0,0,0,2.90132e+07,-515193,515193,1.40073e+07
0,0,0,0,0,2.90133e+07,-515194,515194,1.40073e+07
0,0,0,0,0,2.90133e+07,-515194,515194,1.40073e+07
0,0,0,0,0,2.90133e+07,-515195,515195,1.40073e+07
0,0,0,0,0,2.9589e+07,-880785,880785,1.40073e+07
0,0,0,0,0,2.95889e+07,-880712,880712,1.40073e+07
0,0,0,0,0,2.95889e+07,-880638,880638,1.40073e+07
0,0,0,0,0,2.95888e+07,-880565,880565,1.40073e+07
0,0,0,0,0,3.09128e+07,-2.86216e+06,2.86216e+06,1.40073e+07
0,0,0,0,0,3.09127e+07,-2.86208e+06,2.86208e+06,1.40073e+07
0,0,0,0,0,3.09126e+07,-2.862e+06,2.862e+06,1.40073e+07
0,0,0,0,0,3.09126e+07,-2.86192e+06,2.86192e+06,1.40073e+07
0,0,0,0,0,2.87147e+07,-509892,509892,1.40073e+07
0,0,0,0,0,2.87146e+07,-509890,509890,1.40073e+07
0,0,0,0,0,2.87144e+07,-509888,509888,1.40073e+07
0,0,0,0,0,2.87143e+07,-509885,509885,1.40073e+07
0,0,0,0,0,2.87142e+07,-509883,509883,1.40073e+07
0,0,0,0,0,2.94991e+07,-851418,851418,1.40073e+07
0,0,0,0,0,2.94991e+07,-851346,851346,1.40073e+07
0,0,0,0,0,2.9499e+07,-851273,851273,1.40073e+07
0,0,0,0,0,2.9499e+07,-851200,851200,1.40073e+07
0,0,0,0,0,2.93131e+07,-598155,598155,1.40073e+07
0,0,0,0,0,2.9313e+07,-598083,598083,1.40073e+07
0,0,0,0,0,2.93129e+07,-598011,598011,1.40073e+07
0,0,0,0,0,2.93129e+07,-597940,597940,1.40073e+07
0,0,0,0,0,2.99437e+07,-1.49446e+06,1.49446e+06,1.40073e+07
0,0,0,0,0,2.99436e+07,-1.49438e+06,1.49438e+06,1.40073e+07
0,0,0,0,0,2.99435e+07,-1.49431e+06,1.49431e+06,1.40073e+07
0,0,0,0,0,2.99435e+07,-1.49423e+06,1.49423e+06,1.40073e+07
0,0,0,0,0,2.99434e+07,-1.49416e+06,1.49416e+06,1.40073e+07
0,0,0,0,0,2.98186e+07,-1.97848e+06,1.97848e+06,1.40073e+07
0,0,0,0,0,2.98185e+07,-1.9784e+06,1.9784e+06,1.40073e+07
0,0,0,0,0,2.98185e+07,-1.97833e+06,1.97833e+06,1.40073e+07
0,0,0,0,0,2.98184e+07,-1.97825e+06,1.97825e+06,1.40073e+07
0,0,0,0,0,3.01405e+07,-2.41756e+06,2.41756e+06,1.40073e+07
0,0,0,0,0,3.01405e+07,-2.41748e+06,2.41748e+06,1.40073e+07
0,0,0,0,0,3.01404e+07,-2.4174e+06,2.4174e+06,1.40073e+07
0,0,0,0,0,3.01403e+07,-2.41732e+06,2.41732e+06,1.40073e+07
0,0,0,0,0,3.10837e+07,-3.9993e+06,3.9993e+06,1.40073e+07
0,0,0,0,0,3.10836e+07,-3.99922e+06,3.99922e+06,1.40073e+07
0,0,0,0,0,3.10835e+07,-3.99913e+06,3.99913e+06,1.40073e+07
0,0,0,0,0,3.10835e+07,-3.99904e+06,3.99904e+06,1.40073e+07
0,0,0,0,0,3.10834e+07,-3.99896e+06,3.99896e+06,1.40073e+07
0,0,0,0,0,3.06236e+07,-3.04065e+06,3.04065e+06,1.40073e+07
0,0,0,0,0,3.06235e+07,-3.04056e+06,3.04056e+06,1.40073e+07
0,0,0,0,0,3.06235e+07,-3.04048e+06,3.04048e+06,1.40073e+07
0,0,0,0,0,3.06234e+07,-3.0404e+06,3.0404e+06,1.40073e+07
0,0,0,0,0,3.0246e+07,-2.16884e+06,2.16884e+06,1.40073e+07
0,0,0,0,0,3.02459e+07,-2.16876e+06,2.16876e+06,1.40073e+07
0,0,0,0,0,3.02458e+07,-2.16868e+06,2.16868e+06,1.40073e+07
0,0,0,0,0,3.02458e+07,-2.1686e+06,2.1686e+06,1.40073e+07
0,0,0,0,0,2.90073e+07,-515088,515088,1.40073e+07
0,0,0,0,0,2.90072e+07,-515086,515086,1.40073e+07
0,0,0,0,0,2.9007e+07,-515084,515084,1.40073e+07
0,0,0,0,0,2.90069e+07,-515081,515081,1.40073e+07
0,0,0,0,0,2.90068e+07,-515079,515079,1.40073e+07
0,0,0,0,0,2.95859e+07,-876911,876911,1.40073e+07
0,0,0,0,0,2.95858e+07,-876752,876752,1.40073e+07
0,0,0,0,0,2.95856e+07,-876595,876595,1.40073e+07
0,0,0,0,0,2.95855e+07,-876436,876436,1.40073e+07
0,0,0,0,0,3.0909e+07,-2.85745e+06,2.85745e+06,1.40073e+07
0,0,0,0,0,3.09089e+07,-2.85728e+06,2.85728e+06,1.40073e+07
0,0,0,0,0,3.09088e+07,-2.8571e+06,2.8571e+06,1.40073e+07
0,0,0,0,0,3.09086e+07,-2.85692e+06,2.85692e+06,1.40073e+07
0,0,0,0,0,2.87069e+07,-509754,509754,1.40073e+07
0,0,0,0,0,2.87067e+07,-509750,509750,1.40073e+07
0,0,0,0,0,2.87064e+07,-509745,509745,1.40073e+07
0,0,0,0,0,2.87061e+07,-509740,509740,1.40073e+07
0,0,0,0,0,2.87059e+07,-509735,509735,1.40073e+07
0,0,0,0,0,2.94952e+07,-846442,846442,1.40073e+07
0,0,0,0,0,2.9495e+07,-846283,846283,1.40073e+07
0,0,0,0,0,2.94949e+07,-846125,846125,1.40073e+07
0,0,0,0,0,2.94948e+07,-845967,845967,1.40073e+07
0,0,0,0,0,2.93089e+07,-592915,592915,1.40073e+07
0,0,0,0,0,2.93087e+07,-592760,592760,1.40073e+07
0,0,0,0,0,2.93086e+07,-592604,592604,1.40073e+07
0,0,0,0,0,2.93085e+07,-592449,592449,1.40073e+07
0,0,0,0,0,2.9939e+07,-1.48858e+06,1.48858e+06,1.40073e+07
0,0,0,0,0,2.99389e+07,-1.48842e+06,1.48842e+06,1.40073e+07
0,0,0,0,0,2.99387e+07,-1.48825e+06,1.48825e+06,1.40073e+07
0,0,0,0,0,2.99386e+07,-1.48809e+06,1.48809e+06,1.40073e+07
0,0,0,0,0,2.99385e+07,-1.48793e+06,1.48793e+06,1.40073e+07
0,0,0,0,0,2.98136e+07,-1.97199e+06,1.97199e+06,1.40073e+07
0,0,0,0,0,2.98135e+07,-1.97182e+06,1.97182e+06,1.40073e+07
0,0,0,0,0,2.98134e+07,-1.97165e+06,1.97165e+06,1.40073e+07
0,0,0,0,0,2.98132e+07,-1.97148e+06,1.97148e+06,1.40073e+07
0,0,0,0,0,3.01351e+07,-2.41054e+06,2.41054e+06,1.40073e+07
0,0,0,0,0,3.0135e+07,-2.41036e+06,2.41036e+06,1.40073e+07
0,0,0,0,0,3.01349e+07,-2.41019e+06,2.41019e+06,1.40073e+07
0,0,0,0,0,3.01347e+07,-2.41002e+06,2.41002e+06,1.40073e+07
0,0,0,0,0,3.10776e+07,-3.99127e+06,3.99127e+06,1.40073e+07
0,0,0,0,0,3.10775e+07,-3.99108e+06,3.99108e+06,1.40073e+07
0,0,0,0,0,3.10773e+07,-3.99089e+06,3.99089e+06,1.40073e+07
0,0,0,0,0,3.10772e+07,-3.9907e+06,3.9907e+06,1.40073e+07
0,0,0,0,0,3.10771e+07,-3.99052e+06,3.99052e+06,1.40073e+07
0,0,0,0,0,3.06173e+07,-3.03251e+06,3.03251e+06,1.40073e+07
0,0,0,0,0,3.06172e+07,-3.03233e+06,3.03233e+06,1.40073e+07
0,0,0,0,0,3.06171e+07,-3.03215e+06,3.03215e+06,1.40073e+07
0,0,0,0,0,3.06169e+07,-3.03198e+06,3.03198e+06,1.40073e+07
0,0,0,0,0,3.02396e+07,-2.16071e+06,2.16071e+06,1.40073e+07
0,0,0,0,0,3.02395e+07,-2.16054e+06,2.16054e+06,1.40073e+07
0,0,0,0,0,3.02393e+07,-2.16037e+06,2.16037e+06,1.40073e+07
