0volume,0demand,0up_spill,0ww_inflow,0catch_inflow,0evap,0ds_spill,0treat_cap,1volume,1demand,1up_spill,1ww_inflow,1catch_inflow,1evap,1ds_spill,1treat_cap,2volume,2s_area,2demand,2up_spill,2ww_inflow,2catch_inflow,2evap,2ds_spill,2treat_cap,2valloc_0,2talloc_0,2valloc_1,2talloc_1,3volume,3demand,3up_spill,3ww_inflow,3catch_inflow,3evap,3ds_spill,3treat_cap,3valloc_0,3talloc_0,3valloc_1,3talloc_1,4demand,4up_spill,4ww_inflow,4catch_inflow,4ds_spill,4treat_cap,11volume,11s_area,11demand,11up_spill,11ww_inflow,11catch_inflow,11evap,11ds_spill,11treat_cap
72.29,1.48081,0,0,5.5414,0.295994,3.7646,3.6288,61.308,0,0,0,0.979932,0.211433,0.768499,0.66528,12.849,1,0.263203,3.7646,0,109.585,3.78493,109.302,0.84672,12.849,0.84672,3695.15,0,36.966,0.42336,0.255649,0,11.6567,1.02059,10.4684,0.42336,36.966,0.42336,423.524,0,1.69344,0,0,1.94909,0.255649,1.028160,1,0,120.539,0,0,0,120.539,0
72.29,1.7384,0,0,6.53611,0.295994,4.50171,3.6288,61.308,0.405024,0,0,0.967352,0.211433,0.350895,0.66528,12.849,1,0.308988,4.50171,0,107.904,3.78493,108.312,0.84672,12.849,0.84672,3695.15,0,36.966,0.42336,1.12689,1.71452,9.66894,1.02059,11.0664,0.42336,36.966,0.42336,423.524,0,1.02816,0,0,2.15505,1.12689,1.028160,1,0,119.729,0,0,0,119.729,0
72.29,1.73923,0,0,6.8349,0.295994,4.79967,3.6288,61.308,0.405591,0,0,1.019,0.211433,0.401978,0.66528,12.849,1,0.309135,4.79967,0,126.989,3.78493,127.695,0.84672,12.849,0.84672,3695.15,0,36.966,0.42336,0.907217,1.5703,9.12151,1.02059,10.1551,0.42336,36.966,0.42336,423.524,0,1.02816,0,0,1.93538,0.907217,1.028160,1,0,138.252,0,0,0,138.252,0
72.29,1.74006,0,0,3.96571,0.295994,1.92965,3.6288,61.308,0.466897,0,0,0.714018,0.211433,0.0356882,0.66528,12.849,1,0.309283,1.92965,0,64.7818,3.78493,62.6172,0.84672,12.849,0.84672,3695.15,0,36.966,0.42336,0.503194,1.57092,7.02821,1.02059,7.65837,0.42336,36.966,0.42336,423.524,0,0.967421,0,0,1.47061,0.503194,1.028160,1,0,70.3113,0,0,0,70.3113,0
72.29,1.90019,0,0,4.22329,0.341578,1.98152,3.6288,61.308,0.543741,0,0,0.910371,0.180175,0.186455,0.66528,12.849,1,0.337745,1.98152,0,79.6309,3.46551,77.8092,0.84672,12.849,0.84672,3695.15,0,36.966,0.42336,0.849848,1.57154,7.10813,0.941167,8.16499,0.42336,36.966,0.42336,423.524,0,1.02816,0,0,1.87801,0.849848,1.028160,1,0,86.1606,0,0,0,86.1606,0
72.29,1.90109,0,0,4.34661,0.361513,2.08401,3.6288,61.308,0.544363,0,0,0.987509,0.156443,0.286703,0.66528,12.849,1,0.337904,2.08401,0,112.755,3.26498,111.236,0.84672,12.849,0.84672,3695.15,0,36.966,0.42336,1.12242,1.71318,8.75137,0.854991,10.3086,0.42336,36.966,0.42336,423.524,0,1.02816,0,0,2.15058,1.12242,1.028160,1,0,121.831,0,0,0,121.831,0
72.29,1.90198,0,0,4.42074,0.361513,2.15725,3.6288,61.2372,0.670585,0,0,0.756216,0.156443,0,0.66528,12.849,1,0.338063,2.15725,0,75.6864,3.26498,74.2406,0.84672,12.849,0.84672,3695.15,0,36.966,0.42336,0.608429,1.71386,8.09888,0.854991,9.14281,0.42336,36.966,0.42336,423.524,0,0.90256,0,0,1.51099,0.608429,1.028160,1,0,83.3834,0,0,0,83.3834,0
72.29,1.90288,0,0,5.85706,0.358916,3.59527,3.6288,61.308,0.545607,0,0,1.13984,0.161903,0.361519,0.66528,12.849,1,0.338222,3.59527,0,109.477,3.39601,109.338,0.84672,12.849,0.84672,3695.15,0,36.966,0.42336,1.45416,1.71453,9.3534,0.895987,11.2027,0.42336,36.966,0.42336,423.524,0,1.02816,0,0,2.48232,1.45416,1.028160,1,0,120.902,0,0,0,120.902,0
72.29,1.65674,0,0,5.68076,0.338677,3.68534,3.6288,61.308,0.351203,0,0,1.14941,0.163404,0.634798,0.66528,12.849,1,0.294473,3.68534,0,124.41,3.65186,124.149,0.84672,12.849,0.84672,3695.15,0,36.966,0.42336,1.32357,1.71521,9.51739,1.00254,11.1303,0.42336,36.966,0.42336,423.524,0,1.02816,0,0,2.35173,1.32357,1.028160,1,0,135.914,0,0,0,135.914,0
72.29,1.65754,0,0,4.77931,0.335186,2.78659,3.6288,61.308,0.351749,0,0,0.865054,0.139577,0.373728,0.66528,12.849,1,0.294615,2.78659,0,128.349,3.25405,127.587,0.84672,12.849,0.84672,3695.15,0,36.966,0.42336,1.14022,1.51069,8.39333,0.897974,9.72291,0.42336,36.966,0.42336,423.524,0,1.02816,0,0,2.16838,1.14022,1.028160,1,0,137.683,0,0,0,137.683,0
72.29,1.65834,0,0,6.63212,0.335186,4.63859,3.6288,61.308,0.352294,0,0,1.00289,0.139577,0.511017,0.66528,12.849,1,0.294757,4.63859,0,162.863,3.25405,163.953,0.84672,12.849,0.84672,3695.15,0,36.966,0.42336,1.39335,1.51129,11.4393,0.897974,13.0226,0.42336,36.966,0.42336,423.524,0,1.02816,0,0,2.42151,1.39335,1.028160,1,0,177.487,0,0,0,177.487,0
72.29,1.65913,0,0,5.73547,0.334027,3.74231,3.6288,61.308,0.35284,0,0,0.89348,0.130619,0.410021,0.66528,12.849,1,0.294898,3.74231,0,158.432,3.1599,158.719,0.84672,12.849,0.84672,3695.15,0,36.966,0.42336,1.27089,1.51189,9.84338,0.890032,11.3128,0.42336,36.966,0.42336,423.524,0,1.02816,0,0,2.29905,1.27089,1.028160,1,0,170.442,0,0,0,170.442,0
72.29,1.65993,0,0,10.1815,0.325074,8.19654,3.6288,61.308,0.353385,0,0,1.39318,0.15575,0.884048,0.66528,12.849,1,0.29504,8.19654,0,299.502,3.84475,303.559,0.84672,12.849,0.84672,3695.15,0,36.966,0.42336,1.95106,1.51248,17.9238,1.04773,19.9162,0.42336,36.966,0.42336,423.524,0,1.02816,0,0,2.97922,1.95106,1.028160,1,0,324.359,0,0,0,324.359,0
72.29,1.73454,0,0,8.38909,0.255704,6.39885,3.6288,61.308,0.409518,0,0,1.68925,0.147959,1.13177,0.66528,12.849,1,0.308302,6.39885,0,215.144,3.81244,217.422,0.84672,12.849,0.84672,3695.15,0,36.966,0.42336,2.70639,1.51308,17.3684,0.989972,20.1745,0.42336,36.966,0.42336,423.524,0,1.02816,0,0,3.73455,2.70639,1.028160,1,0,238.728,0,0,0,238.728,0
72.29,1.73537,0,0,7.16178,0.255704,5.17071,3.6288,61.308,0.410086,0,0,1.34829,0.147959,0.790244,0.66528,12.849,1,0.308449,5.17071,0,167.213,3.81244,168.262,0.84672,12.849,0.84672,3695.15,0,36.966,0.42336,2.05214,1.57292,12.5713,0.989972,14.783,0.42336,36.966,0.42336,423.524,0,1.02816,0,0,3.0803,2.05214,1.028160,1,0,183.836,0,0,0,183.836,0
72.29,1.7362,0,0,5.73196,0.217981,3.77778,3.6288,61.308,0.410654,0,0,0.948352,0.143797,0.393902,0.66528,12.849,1,0.308596,3.77778,0,140.433,4.05957,139.842,0.84672,12.849,0.84672,3695.15,0,36.966,0.42336,1.19374,1.57354,8.77764,1.00604,10.1155,0.42336,36.966,0.42336,423.524,0,1.02816,0,0,2.2219,1.19374,1.028160,1,0,150.352,0,0,0,150.352,0
72.29,1.73702,0,0,4.95137,0.202892,3.01145,3.6288,61.308,0.411222,0,0,0.816566,0.142132,0.263213,0.66528,12.849,1,0.308743,3.01145,0,129.749,4.15842,128.294,0.84672,12.849,0.84672,3695.15,0,36.966,0.42336,0.715072,1.57416,7.52458,1.01247,8.37798,0.42336,36.966,0.42336,423.524,0,1.02816,0,0,1.74323,0.715072,1.028160,1,0,136.935,0,0,0,136.935,0
72.29,1.70895,0,0,4.09127,0.163032,2.2193,3.6288,61.308,0.390167,0,0,0.814104,0.191219,0.232718,0.66528,12.849,1,0.303752,2.2193,0,107.12,4.22395,104.812,0.84672,12.849,0.84672,3695.15,0,36.966,0.42336,0.950011,1.57478,7.18286,1.08445,8.19985,0.42336,36.966,0.42336,423.524,0,1.02816,0,0,1.97817,0.950011,1.028160,1,0,113.245,0,0,0,113.245,0
72.29,1.70976,0,0,3.80297,0.145405,1.94781,3.6288,61.308,0.390727,0,0,0.761521,0.20304,0.167754,0.66528,12.849,1,0.303897,1.94781,0,101.668,4.26731,99.0444,0.84672,12.849,0.84672,3695.15,0,36.966,0.42336,0.9471,1.55232,6.66472,1.09871,7.64207,0.42336,36.966,0.42336,423.524,0,1.02816,0,0,1.97526,0.9471,1.028160,1,0,106.854,0,0,0,106.854,0
72.29,1.71058,0,0,3.49938,0.145405,1.6434,3.6288,61.308,0.391287,0,0,0.754885,0.20304,0.160559,0.66528,12.849,1,0.304043,1.6434,0,91.7974,4.26731,88.8695,0.84672,12.849,0.84672,3695.15,0,36.966,0.42336,0.976951,1.55293,6.36846,1.09871,7.37627,0.42336,36.966,0.42336,423.524,0,1.02816,0,0,2.00511,0.976951,1.028160,1,0,96.4063,0,0,0,96.4063,0
72.29,1.7114,0,0,3.3802,0.150834,1.51797,3.6288,61.308,0.391847,0,0,0.965123,0.191399,0.381876,0.66528,12.849,1,0.304188,1.51797,0,88.6775,4.15664,85.7347,0.84672,12.849,0.84672,3695.15,0,36.966,0.42336,1.39845,1.55354,7.88201,1.05765,9.353,0.42336,36.966,0.42336,423.524,0,1.02816,0,0,2.42661,1.39845,1.028160,1,0,95.4695,0,0,0,95.4695,0
72.29,1.81049,0,0,3.15675,0.14979,1.19648,3.6288,61.308,0.469211,0,0,0.770731,0.171304,0.130216,0.66528,12.849,1,0.3218,1.19648,0,80.7287,4.02768,77.5757,0.84672,12.849,0.84672,3695.15,0,36.966,0.42336,0.955022,1.55416,6.35576,0.936532,7.50504,0.42336,36.966,0.42336,423.524,0,1.02816,0,0,1.98318,0.955022,1.028160,1,0,85.211,0,0,0,85.211,0
72.29,1.81134,0,0,3.03177,0.0619976,1.15843,3.6288,61.308,0.469802,0,0,0.727963,0.249059,0.00910283,0.66528,12.849,1,0.321953,1.15843,0,68.1895,4.98246,64.0435,0.84672,12.849,0.84672,3695.15,0,36.966,0.42336,0.704134,1.6358,5.92648,1.24551,6.59754,0.42336,36.966,0.42336,423.524,0,1.02816,0,0,1.73229,0.704134,1.028160,1,0,70.6501,0,0,0,70.6501,0
72.29,1.8122,0,0,2.90048,0.0619976,1.02628,3.6288,61.284,0.470393,0,0,0.695468,0.249059,0,0.66528,12.849,1,0.322105,1.02628,0,62.8125,4.98246,58.5343,0.84672,12.849,0.84672,3695.15,0,36.966,0.42336,0.640241,1.63644,5.73157,1.24551,6.33939,0.42336,36.966,0.42336,423.524,0,1.02816,0,0,1.6684,0.640241,1.028160,1,0,64.8736,0,0,0,64.8736,0
72.29,1.81306,0,0,2.77728,0.0619976,0.902222,3.6288,61.271,0.470984,0,0,0.70702,0.249021,0,0.66528,12.849,1,0.322257,0.902222,0,59.9301,4.98246,55.5277,0.84672,12.849,0.84672,3695.15,0,36.966,0.42336,0.8424,1.63709,5.45712,1.24551,6.26774,0.42336,36.966,0.42336,423.524,0,1.02816,0,0,1.87056,0.8424,1.028160,1,0,61.7954,0,0,0,61.7954,0
72.29,1.81391,0,0,2.7487,0.093001,0.841789,3.6288,61.2383,0.471575,0,0,0.680841,0.242042,0,0.66528,12.849,1,0.322409,0.841789,0,58.1253,4.50258,54.1421,0.84672,12.849,0.84672,3695.15,0,36.966,0.42336,0.721829,1.63773,5.09271,1.26279,5.76612,0.42336,36.966,0.42336,423.524,0,1.02816,0,0,1.74999,0.721829,1.028160,1,0,59.9082,0,0,0,59.9082,0
72.29,1.75271,0,0,3.67203,0.0942372,1.82508,3.6288,61.2237,0.483971,0,0,0.733363,0.263996,0,0.66528,12.849,1,0.311531,1.82508,0,66.8019,4.60381,63.7116,0.84672,12.849,0.84672,3695.15,0,36.966,0.42336,0.529615,1.63838,5.4357,1.31083,5.86951,0.42336,36.966,0.42336,423.524,0,1.02816,0,0,1.55777,0.529615,1.028160,1,0,69.5811,0,0,0,69.5811,0
72.29,1.75354,0,0,3.47414,0.0773087,1.64329,3.6288,61.1568,0.484568,0,0,0.7053,0.287538,0,0.66528,12.849,1,0.311679,1.64329,0,62.9776,4.62913,59.68,0.84672,12.849,0.84672,3695.15,0,36.966,0.42336,0.478388,1.63445,5.40683,1.38894,5.70736,0.42336,36.966,0.42336,423.524,0,1.02816,0,0,1.50655,0.478388,1.028160,1,0,65.3874,0,0,0,65.3874,0
72.29,1.75437,0,0,3.283,0.0773087,1.45132,3.6288,61.0132,0.485164,0,0,0.628957,0.287417,0,0.66528,12.849,1,0.311827,1.45132,0,57.1093,4.62913,53.6196,0.84672,12.849,0.84672,3695.15,0,36.966,0.42336,0.423654,1.63509,5.22886,1.38894,5.47531,0.42336,36.966,0.42336,423.524,0,1.02816,0,0,1.45181,0.423654,1.028160,1,0,59.0949,0,0,0,59.0949,0
72.29,1.75521,0,0,3.05813,0.0773087,1.22561,3.6288,60.8184,0.485761,0,0,0.578057,0.287155,0,0.66528,12.849,1,0.311975,1.22561,0,54.5838,4.62913,50.8683,0.84672,12.849,0.84672,3695.15,0,36.966,0.42336,0.345574,1.63574,4.88184,1.38894,5.05086,0.42336,36.966,0.42336,423.524,0,1.02816,0,0,1.37373,0.345574,1.028160,1,0,55.9192,0,0,0,55.9192,0
72.29,1.80541,0,0,2.89996,0.0683811,1.02617,3.6288,60.5151,0.536775,0,0,0.540918,0.30738,0,0.66528,12.849,1,0.320898,1.02617,0,47.5795,5.26752,43.0173,0.84672,12.849,0.84672,3695.15,0,36.966,0.42336,0.261274,1.63638,4.58635,1.44187,4.61878,0.42336,36.966,0.42336,423.524,0,1.01475,0,0,1.27602,0.261274,1.028160,1,0,47.6361,0,0,0,47.6361,0
72.29,1.80627,0,0,3.30851,0.0575415,1.4447,3.6288,60.3868,0.523977,0,0,0.716826,0.321193,0,0.66528,12.849,1,0.32105,1.4447,0,61.4085,5.57602,56.9562,0.84672,12.849,0.84672,3695.15,0,36.966,0.42336,0.551517,1.67652,5.31382,1.49452,5.62398,0.42336,36.966,0.42336,423.524,0,1.02816,0,0,1.57968,0.551517,1.028160,1,0,62.5801,0,0,0,62.5801,0
72.29,1.80712,0,0,3.01149,0.0575415,1.14683,3.6288,60.1325,0.524588,0,0,0.591236,0.320931,0,0.66528,12.849,1,0.321202,1.14683,0,49.4617,5.57602,44.7113,0.84672,12.849,0.84672,3695.15,0,36.966,0.42336,0.585645,1.67718,4.93775,1.49452,5.28269,0.42336,36.966,0.42336,423.524,0,1.02816,0,0,1.61381,0.585645,1.028160,1,0,49.994,0,0,0,49.994,0
72.29,1.80797,0,0,2.73894,0.0575415,0.873427,3.6288,59.8375,0.5252,0,0,0.550614,0.320412,0,0.66528,12.849,1,0.321353,0.873427,0,46.1093,5.57602,41.0854,0.84672,12.849,0.84672,3695.15,0,36.966,0.42336,0.334109,1.67784,4.40049,1.49452,4.49456,0.42336,36.966,0.42336,423.524,0,1.02816,0,0,1.36227,0.334109,1.028160,1,0,45.58,0,0,0,45.58,0
72.29,1.95364,0,0,2.80353,0.0676013,0.782295,3.6288,59.4874,0.659602,0,0,0.62315,0.313692,0,0.66528,12.849,1,0.347244,0.782295,0,45.2803,5.57223,40.1432,0.84672,12.849,0.84672,3695.15,0,36.966,0.42336,0.608256,1.6785,5.3217,1.468,5.71709,0.42336,36.966,0.42336,423.524,0,1.02816,0,0,1.63642,0.608256,1.028160,1,0,45.8603,0,0,0,45.8603,0
72.1673,1.95455,0,0,2.30465,0.109904,0.36288,3.6288,59.0719,0.660267,0,0,0.533549,0.288769,0,0.66528,12.849,1,0.347406,0.36288,0,41.9874,5.30103,36.7018,0.84672,12.849,0.84672,3695.15,0,36.966,0.42336,0.254007,1.81449,3.58395,1.34941,3.87968,0.42336,36.966,0.42336,423.524,0,1.02816,0,0,1.28217,0.254007,1.028160,1,0,40.5815,0,0,0,40.5815,0
72.29,1.95496,0,0,2.77903,0.109801,0.59159,3.6288,58.6695,0.660932,0,0,0.546567,0.288002,0,0.66528,12.849,1,0.34807,0.59159,0,41.7754,5.30103,36.7179,0.84672,12.849,0.84672,3695.15,0,36.966,0.42336,0.355424,1.8152,5.17176,1.34941,5.56962,0.42336,36.966,0.42336,423.524,0,1.02816,0,0,1.38358,0.355424,1.028160,1,0,42.2875,0,0,0,42.2875,0
72.29,1.95637,0,0,2.43956,0.109904,0.373282,3.6288,58.2686,0.661597,0,0,0.547902,0.287259,0,0.66528,12.849,1,0.34773,0.373282,0,39.4197,5.30103,34.1443,0.84672,12.849,0.84672,3695.15,0,36.966,0.42336,0.31091,1.81592,3.80183,1.34941,4.15589,0.42336,36.966,0.42336,423.524,0,1.02816,0,0,1.33907,0.31091,1.028160,1,0,38.3002,0,0,0,38.3002,0
71.7881,1.95728,0,0,1.94321,0.12496,0.36288,3.6288,57.7831,0.674332,0,0,0.475625,0.286757,0,0.66528,12.849,1,0.347892,0.36288,0,37.5748,5.36763,32.2222,0.84672,12.849,0.84672,3695.15,0,36.966,0.42336,0.204422,1.81663,3.37826,1.33636,3.63959,0.42336,36.966,0.42336,423.524,0,1.01609,0,0,1.22051,0.204422,1.028160,1,0,35.8618,0,0,0,35.8618,0
72.29,1.88549,0,0,3.694,0.172273,1.13433,3.6288,57.7879,0.581562,0,0,0.826485,0.240106,0,0.66528,12.849,1,0.337475,1.13433,0,90.7762,4.69883,86.8742,0.84672,12.849,0.84672,3695.15,0,36.966,0.42336,0.320916,1.81735,5.72233,1.08516,6.35208,0.42336,36.966,0.42336,423.524,0,1.02816,0,0,1.34908,0.320916,1.028160,1,0,93.2263,0,0,0,93.2263,0
72.29,1.88836,0,0,4.17399,0.203489,2.08214,3.6288,57.8705,0.582195,0,0,0.880969,0.216175,0,0.66528,12.849,1,0.335642,2.08214,0,95.9118,4.4374,93.2209,0.84672,12.849,0.84672,3695.15,0,36.966,0.42336,0.931703,1.73959,7.28335,1.02179,8.50949,0.42336,36.966,0.42336,423.524,0,1.02816,0,0,1.95986,0.931703,1.028160,1,0,101.73,0,0,0,101.73,0
72.29,1.88925,0,0,4.0057,0.203489,1.91296,3.6288,57.9145,0.582829,0,0,0.843091,0.216291,0,0.66528,12.849,1,0.3358,1.91296,0,96.7032,4.4374,93.843,0.84672,12.849,0.84672,3695.15,0,36.966,0.42336,0.503021,1.74028,6.02267,1.02179,6.82082,0.42336,36.966,0.42336,423.524,0,1.02816,0,0,1.53118,0.503021,1.028160,1,0,100.664,0,0,0,100.664,0
72.29,1.89013,0,0,4.16636,0.203489,2.07274,3.6288,58.2595,0.583463,0,0,1.14479,0.216352,0,0.66528,12.849,1,0.335957,2.07274,0,139.278,4.4374,136.577,0.84672,12.849,0.84672,3695.15,0,36.966,0.42336,1.36922,1.74096,10.4158,1.02179,12.0808,0.42336,36.966,0.42336,423.524,0,1.02816,0,0,2.39738,1.36922,1.028160,1,0,148.658,0,0,0,148.658,0
72.29,1.83288,0,0,5.40867,0.178488,3.3973,3.6288,59.2969,0.509917,0,0,1.82052,0.273198,0,0.66528,12.849,1,0.325781,3.3973,0,117.49,5.30255,115.259,0.84672,12.849,0.84672,3695.15,0,36.966,0.42336,2.76139,1.74165,11.0129,1.16709,13.9255,0.42336,36.966,0.42336,423.524,0,1.02816,0,0,3.78955,2.76139,1.028160,1,0,129.184,0,0,0,129.184,0
72.29,1.83375,0,0,5.96424,0.235434,3.89506,3.6288,60.1139,0.510522,0,0,1.56246,0.234927,0,0.66528,12.849,1,0.325934,3.89506,0,98.1965,5.04,96.7257,0.84672,12.849,0.84672,3695.15,0,36.966,0.42336,2.30208,1.67219,8.4401,0.992456,10.9986,0.42336,36.966,0.42336,423.524,0,1.02816,0,0,3.33024,2.30208,1.028160,1,0,107.724,0,0,0,107.724,0
72.29,1.83461,0,0,4.47431,0.265713,2.37399,3.6288,60.8399,0.511127,0,0,1.44005,0.202921,0,0.66528,12.849,1,0.326088,2.37399,0,117.922,4.67544,115.295,0.84672,12.849,0.84672,3695.15,0,36.966,0.42336,1.87192,1.67285,6.34745,0.879009,8.58984,0.42336,36.966,0.42336,423.524,0,1.02816,0,0,2.90008,1.87192,1.028160,1,0,123.884,0,0,0,123.884,0
72.29,1.83547,0,0,5.99565,0.265713,3.89447,3.6288,61.308,0.511733,0,0,1.53832,0.20386,0.354592,0.66528,12.849,1,0.326241,3.89447,0,134.388,4.67544,133.281,0.84672,12.849,0.84672,3695.15,0,36.966,0.42336,1.80404,1.67351,10.7521,0.879009,12.9273,0.42336,36.966,0.42336,423.524,0,1.02816,0,0,2.8322,1.80404,1.028160,1,0,146.563,0,0,0,146.563,0
72.29,1.71191,0,0,7.95357,0.26085,5.98081,3.6288,61.308,0.385543,0,0,3.11997,0.211036,2.52339,0.66528,12.849,1,0.304278,5.98081,0,201.472,4.4643,202.684,0.84672,12.849,0.84672,3695.15,0,36.966,0.42336,3.89722,1.67416,18.9844,0.934941,23.1975,0.42336,36.966,0.42336,423.524,0,1.02816,0,0,4.92538,3.89722,1.028160,1,0,228.405,0,0,0,228.405,0
72.29,1.71272,0,0,6.99866,0.264632,5.02131,3.6288,61.308,0.386099,0,0,2.57949,0.189704,2.00369,0.66528,12.849,1,0.304423,5.02131,0,192.217,3.68697,193.247,0.84672,12.849,0.84672,3695.15,0,36.966,0.42336,2.56624,1.5494,13.6012,0.861104,16.4323,0.42336,36.966,0.42336,423.524,0,1.02816,0,0,3.5944,2.56624,1.028160,1,0,211.683,0,0,0,211.683,0
72.29,1.71354,0,0,7.83121,0.264632,5.85304,3.6288,61.308,0.386655,0,0,2.72316,0.189704,2.1468,0.66528,12.849,1,0.304568,5.85304,0,196.439,3.68697,198.301,0.84672,12.849,0.84672,3695.15,0,36.966,0.42336,2.86818,1.55001,14.2573,0.861104,17.391,0.42336,36.966,0.42336,423.524,0,1.02816,0,0,3.89634,2.86818,1.028160,1,0,217.838,0,0,0,217.838,0
72.29,1.71435,0,0,7.46323,0.264632,5.48425,3.6288,61.308,0.387211,0,0,2.47871,0.189704,1.9018,0.66528,12.849,1,0.304713,5.48425,0,190.524,3.68697,192.017,0.84672,12.849,0.84672,3695.15,0,36.966,0.42336,2.27273,1.55062,10.1848,0.861104,12.7237,0.42336,36.966,0.42336,423.524,0,1.02816,0,0,3.30089,2.27273,1.028160,1,0,206.642,0,0,0,206.642,0
72.29,1.71517,0,0,6.43486,0.263554,4.45615,3.6288,61.308,0.387767,0,0,2.31968,0.202392,1.72952,0.66528,12.849,1,0.304858,4.45615,0,166.025,3.56598,166.61,0.84672,12.849,0.84672,3695.15,0,36.966,0.42336,2.20092,1.55123,9.87699,0.820908,12.3849,0.42336,36.966,0.42336,423.524,0,1.02816,0,0,3.22908,2.20092,1.028160,1,0,180.724,0,0,0,180.724,0
72.29,1.78098,0,0,8.23388,0.339617,6.11328,3.6288,61.308,0.434112,0,0,3.09223,0.18413,2.47399,0.66528,12.849,1,0.316556,6.11328,0,212.564,3.72001,214.641,0.84672,12.849,0.84672,3695.15,0,36.966,0.42336,3.9829,1.55184,14.4637,0.959588,18.6155,0.42336,36.966,0.42336,423.524,0,1.02816,0,0,5.01106,3.9829,1.028160,1,0,235.73,0,0,0,235.73,0
72.29,1.7818,0,0,6.28835,0.353921,4.15263,3.6288,61.308,0.434669,0,0,1.54579,0.179377,0.931745,0.66528,12.849,1,0.316701,4.15263,0,163.098,3.85822,163.076,0.84672,12.849,0.84672,3695.15,0,36.966,0.42336,2.01414,1.60217,8.87484,1.01633,11.0515,0.42336,36.966,0.42336,423.524,0,1.02816,0,0,3.0423,2.01414,1.028160,1,0,175.059,0,0,0,175.059,0
72.29,1.78261,0,0,5.84238,0.353921,3.70584,3.6288,61.308,0.435226,0,0,1.27899,0.179377,0.664385,0.66528,12.849,1,0.316846,3.70584,0,132.831,3.85822,132.362,0.84672,12.849,0.84672,3695.15,0,36.966,0.42336,1.66796,1.60278,7.90733,1.01633,9.73838,0.42336,36.966,0.42336,423.524,0,1.02816,0,0,2.69612,1.66796,1.028160,1,0,142.765,0,0,0,142.765,0
72.29,1.78343,0,0,4.70927,0.317428,2.60841,3.6288,61.308,0.435783,0,0,1.02107,0.189606,0.395678,0.66528,12.849,1,0.316991,2.60841,0,93.4088,4.24063,91.4596,0.84672,12.849,0.84672,3695.15,0,36.966,0.42336,1.28136,1.60339,6.52303,1.11468,7.86973,0.42336,36.966,0.42336,423.524,0,1.02816,0,0,2.30952,1.28136,1.028160,1,0,99.725,0,0,0,99.725,0
72.29,1.94683,0,0,4.55669,0.333196,2.27667,3.6288,61.308,0.576184,0,0,1.18435,0.181539,0.426623,0.66528,12.849,1,0.346034,2.27667,0,100.809,4.12091,98.6187,0.84672,12.849,0.84672,3695.15,0,36.966,0.42336,1.31826,1.604,6.01754,1.0459,7.47053,0.42336,36.966,0.42336,423.524,0,1.02816,0,0,2.34642,1.31826,1.028160,1,0,106.516,0,0,0,106.516,0
72.29,1.94771,0,0,3.9828,0.36233,1.67276,3.6288,61.308,0.576794,0,0,0.993228,0.16851,0.247924,0.66528,12.849,1,0.34619,1.67276,0,89.0317,3.87628,86.482,0.84672,12.849,0.84672,3695.15,0,36.966,0.42336,1.0263,1.74854,6.4766,0.932344,7.89574,0.42336,36.966,0.42336,423.524,0,1.02816,0,0,2.05446,1.0263,1.028160,1,0,94.6257,0,0,0,94.6257,0
72.29,1.94859,0,0,4.37784,0.36233,2.06693,3.6288,61.308,0.577405,0,0,0.936602,0.16851,0.190687,0.66528,12.849,1,0.346346,2.06693,0,98.985,3.87628,96.8293,0.84672,12.849,0.84672,3695.15,0,36.966,0.42336,1.02183,1.7492,6.70525,0.932344,8.12057,0.42336,36.966,0.42336,423.524,0,1.02816,0,0,2.04999,1.02183,1.028160,1,0,105.141,0,0,0,105.141,0
72.29,1.94946,0,0,3.35431,0.36233,1.04251,3.6288,61.308,0.580729,0,0,0.815564,0.16851,0.0663255,0.66528,12.849,1,0.346502,1.04251,0,85.1005,3.87628,81.9203,0.84672,12.849,0.84672,3695.15,0,36.966,0.42336,0.608429,1.74987,6.20162,0.932344,7.20421,0.42336,36.966,0.42336,423.524,0,1.02545,0,0,1.63388,0.608429,1.028160,1,0,89.1908,0,0,0,89.1908,0
72.29,1.69823,0,0,6.30128,0.350674,4.25238,3.6288,61.308,0.379588,0,0,1.37143,0.192006,0.799833,0.66528,12.849,1,0.301848,4.25238,0,93.7151,4.18674,93.4788,0.84672,12.849,0.84672,3695.15,0,36.966,0.42336,2.2484,1.75053,7.10653,1.0441,9.638,0.42336,36.966,0.42336,423.524,0,1.02816,0,0,3.27656,2.2484,1.028160,1,0,103.917,0,0,0,103.917,0
72.29,1.69901,0,0,3.09312,0.353314,1.04079,3.6288,61.308,0.380123,0,0,0.957951,0.184605,0.393223,0.66528,12.849,1,0.301987,1.04079,0,52.5938,3.6834,49.6492,0.84672,12.849,0.84672,3695.15,0,36.966,0.42336,1.18347,1.54178,4.7864,0.906125,6.18216,0.42336,36.966,0.42336,423.524,0,1.02816,0,0,2.21163,1.18347,1.028160,1,0,56.2245,0,0,0,56.2245,0
72.29,1.6998,0,0,4.48978,0.353314,2.43667,3.6288,61.308,0.380659,0,0,1.19747,0.184605,0.632206,0.66528,12.849,1,0.302126,2.43667,0,91.0657,3.6834,89.5168,0.84672,12.849,0.84672,3695.15,0,36.966,0.42336,1.4769,1.54236,5.87441,0.906125,7.5642,0.42336,36.966,0.42336,423.524,0,1.02816,0,0,2.50506,1.4769,1.028160,1,0,97.7132,0,0,0,97.7132,0
72.29,1.70058,0,0,5.7469,0.353314,3.69301,3.6288,61.308,0.381194,0,0,1.06829,0.184605,0.502494,0.66528,12.849,1,0.302265,3.69301,0,97.8074,3.6834,97.5147,0.84672,12.849,0.84672,3695.15,0,36.966,0.42336,1.5883,1.54295,6.75735,0.906125,8.55912,0.42336,36.966,0.42336,423.524,0,1.02816,0,0,2.61646,1.5883,1.028160,1,0,106.576,0,0,0,106.576,0
72.29,1.70136,0,0,4.3889,0.344065,2.34348,3.6288,61.308,0.38173,0,0,1.13596,0.234581,0.51965,0.66528,12.849,1,0.302404,2.34348,0,80.8808,4.79409,78.1278,0.84672,12.849,0.84672,3695.15,0,36.966,0.42336,1.52156,1.54354,6.5116,1.20888,7.94445,0.42336,36.966,0.42336,423.524,0,1.02816,0,0,2.54972,1.52156,1.028160,1,0,86.5919,0,0,0,86.5919,0
72.29,1.77747,0,0,2.74584,0.266969,0.701402,3.6288,61.2544,0.502289,0,0,0.652777,0.204122,0,0.66528,12.849,1,0.315932,0.701402,0,58.0321,3.97572,54.4419,0.84672,12.849,0.84672,3695.15,0,36.966,0.42336,0.558835,1.54412,3.33998,1.02861,3.99097,0.42336,36.966,0.42336,423.524,0,0.964863,0,0,1.5237,0.558835,1.028160,1,0,58.4328,0,0,0,58.4328,0
72.29,1.77828,0,0,3.29148,0.266969,1.24622,3.6288,61.308,0.43955,0,0,0.811927,0.204053,0.11469,0.66528,12.849,1,0.316077,1.24622,0,61.7313,3.97572,58.6858,0.84672,12.849,0.84672,3695.15,0,36.966,0.42336,1.04223,1.60516,4.46469,1.02861,5.66011,0.42336,36.966,0.42336,423.524,0,1.02816,0,0,2.07039,1.04223,1.028160,1,0,64.4606,0,0,0,64.4606,0
72.29,1.7791,0,0,3.87038,0.266969,1.82432,3.6288,61.308,0.440108,0,0,0.895242,0.204122,0.251013,0.66528,12.849,1,0.316221,1.82432,0,71.272,3.97572,68.8043,0.84672,12.849,0.84672,3695.15,0,36.966,0.42336,1.03203,1.60577,4.8224,1.02861,6.00823,0.42336,36.966,0.42336,423.524,0,1.02816,0,0,2.06019,1.03203,1.028160,1,0,75.0636,0,0,0,75.0636,0
72.29,1.77991,0,0,3.37364,0.266969,1.32676,3.6288,61.308,0.440666,0,0,0.721435,0.204122,0.0766472,0.66528,12.849,1,0.316365,1.32676,0,66.3728,3.97572,63.4075,0.84672,12.849,0.84672,3695.15,0,36.966,0.42336,0.6696,1.60638,4.27245,1.02861,5.09646,0.42336,36.966,0.42336,423.524,0,1.02816,0,0,1.69776,0.6696,1.028160,1,0,68.5806,0,0,0,68.5806,0
72.29,1.75123,0,0,3.14298,0.201516,1.19024,3.6288,61.308,0.419158,0,0,0.897664,0.160152,0.318354,0.66528,12.849,1,0.311267,1.19024,0,65.6435,3.72759,62.7949,0.84672,12.849,0.84672,3695.15,0,36.966,0.42336,0.989859,1.60699,4.17117,1.01011,5.33455,0.42336,36.966,0.42336,423.524,0,1.02816,0,0,2.01802,0.989859,1.028160,1,0,68.4478,0,0,0,68.4478,0
72.29,1.75203,0,0,2.72978,0.230236,0.747519,3.6288,61.308,0.419708,0,0,0.954755,0.159125,0.375922,0.66528,12.849,1,0.31141,0.747519,0,55.2819,3.87572,51.8423,0.84672,12.849,0.84672,3695.15,0,36.966,0.42336,0.775933,1.58405,4.03249,1.02913,4.93997,0.42336,36.966,0.42336,423.524,0,1.02816,0,0,1.80409,0.775933,1.028160,1,0,57.1582,0,0,0,57.1582,0
72.29,1.75283,0,0,2.47388,0.166965,0.554088,3.6288,61.308,0.420258,0,0,0.79018,0.195311,0.174611,0.66528,12.849,1,0.311552,0.554088,0,49.9866,4.21173,46.0174,0.84672,12.849,0.84672,3695.15,0,36.966,0.42336,0.633355,1.58465,3.70386,1.0512,4.44731,0.42336,36.966,0.42336,423.524,0,1.02816,0,0,1.66152,0.633355,1.028160,1,0,50.6394,0,0,0,50.6394,0
72.29,1.75363,0,0,2.40227,0.138876,0.509759,3.6288,61.308,0.420808,0,0,0.854297,0.208391,0.225099,0.66528,12.849,1,0.311695,0.509759,0,48.212,4.32705,44.083,0.84672,12.849,0.84672,3695.15,0,36.966,0.42336,0.753131,1.58525,4.09893,1.05809,4.95586,0.42336,36.966,0.42336,423.524,0,1.02816,0,0,1.78129,0.753131,1.028160,1,0,49.264,0,0,0,49.264,0
72.2407,1.81095,0,0,2.26135,0.136809,0.36288,3.6288,61.308,0.469527,0,0,0.819513,0.207346,0.14264,0.66528,12.849,1,0.321882,0.36288,0,43.8688,4.52853,39.3813,0.84672,12.849,0.84672,3695.15,0,36.966,0.42336,0.57831,1.58585,3.7047,1.08833,4.35717,0.42336,36.966,0.42336,423.524,0,1.02816,0,0,1.60647,0.57831,1.028160,1,0,43.8811,0,0,0,43.8811,0
72.0915,1.81158,0,0,2.14049,0.115211,0.36288,3.6288,61.308,0.470096,0,0,0.667613,0.190846,0.00667092,0.66528,12.849,1,0.322215,0.36288,0,40.0885,4.62549,35.5037,0.84672,12.849,0.84672,3695.15,0,36.966,0.42336,0.488246,1.63614,3.1535,1.16684,3.68768,0.42336,36.966,0.42336,423.524,0,1.02816,0,0,1.51641,0.488246,1.028160,1,0,39.198,0,0,0,39.198,0
71.7609,1.81184,0,0,1.92071,0.0766159,0.36288,3.6288,61.2933,0.470665,0,0,0.648708,0.192789,0,0.66528,12.849,1,0.322928,0.36288,0,35.0676,4.69035,30.4172,0.84672,12.849,0.84672,3695.15,0,36.966,0.42336,0.494968,1.63676,2.94745,1.12588,3.52994,0.42336,36.966,0.42336,423.524,0,1.02816,0,0,1.52313,0.494968,1.028160,1,0,33.9471,0,0,0,33.9471,0
71.4068,1.8114,0,0,1.89663,0.0764234,0.36288,3.6288,61.308,0.471233,0,0,0.704609,0.192771,0.0258601,0.66528,12.849,1,0.324337,0.36288,0,33.9119,4.69035,29.2601,0.84672,12.849,0.84672,3695.15,0,36.966,0.42336,0.462974,1.63739,3.23151,1.12588,3.78263,0.42336,36.966,0.42336,423.524,0,1.02816,0,0,1.49113,0.462974,1.028160,1,0,33.0686,0,0,0,33.0686,0
70.9307,1.81086,0,0,1.77383,0.0762172,0.36288,3.6288,61.2936,0.471803,0,0,0.650169,0.192789,0,0.66528,12.849,1,0.325848,0.36288,0,31.7224,4.69035,27.069,0.84672,12.849,0.84672,3695.15,0,36.966,0.42336,0.401466,1.63801,2.83741,1.12588,3.32765,0.42336,36.966,0.42336,423.524,0,1.02816,0,0,1.42963,0.401466,1.028160,1,0,30.3967,0,0,0,30.3967,0
70.4396,1.79041,0,0,1.74739,0.0851959,0.36288,3.6288,61.2619,0.514673,0,0,0.671466,0.188439,0,0.66528,12.849,1,0.324331,0.36288,0,32.6746,4.48266,28.2305,0.84672,12.849,0.84672,3695.15,0,36.966,0.42336,0.34871,1.63863,3.37948,1.04592,3.89754,0.42336,36.966,0.42336,423.524,0,1.02816,0,0,1.37687,0.34871,1.028160,1,0,32.128,0,0,0,32.128,0
69.8788,1.78932,0,0,1.66687,0.0754413,0.36288,3.6288,61.1983,0.515259,0,0,0.655525,0.203941,0,0.66528,12.849,1,0.326392,0.36288,0,30.7258,4.69983,26.0625,0.84672,12.849,0.84672,3695.15,0,36.966,0.42336,0.357307,1.66763,3.38493,1.11941,3.86709,0.42336,36.966,0.42336,423.524,0,1.02816,0,0,1.38547,0.357307,1.028160,1,0,29.9296,0,0,0,29.9296,0
69.1348,1.78792,0,0,1.45872,0.051936,0.36288,3.6288,61.0243,0.554612,0,0,0.61935,0.238677,0,0.66528,12.849,1,0.328754,0.36288,0,28.8719,5.44616,23.4599,0.84672,12.849,0.84672,3695.15,0,36.966,0.42336,0.261274,1.66827,3.29393,1.37861,3.4215,0.42336,36.966,0.42336,423.524,0,0.989392,0,0,1.25067,0.261274,1.028160,1,0,26.8814,0,0,0,26.8814,0
68.3433,1.78575,0,0,1.40915,0.0520393,0.36288,3.6288,60.8844,0.51643,0,0,0.609574,0.233065,0,0.66528,12.849,1,0.331889,0.36288,0,26.5803,5.71736,20.8939,0.84672,12.849,0.84672,3695.15,0,36.966,0.42336,0.315455,1.6689,3.28955,1.4792,3.37135,0.42336,36.966,0.42336,423.524,0,1.02816,0,0,1.34362,0.315455,1.028160,1,0,24.2653,0,0,0,24.2653,0
67.4218,1.83326,0,0,1.33122,0.0565126,0.36288,3.6288,60.5211,0.640888,0,0,0.530831,0.253199,0,0.66528,12.849,1,0.344665,0.36288,0,24.5049,5.61817,18.9049,0.84672,12.849,0.84672,3695.15,0,36.966,0.42336,0.261274,1.66953,2.89557,1.4561,2.94692,0.42336,36.966,0.42336,423.524,0,0.942045,0,0,1.20332,0.261274,1.028160,1,0,21.8518,0,0,0,21.8518,0
66.4645,1.83013,0,0,1.29537,0.0596746,0.36288,3.6288,60.0457,0.708845,0,0,0.501205,0.267837,0,0.66528,12.849,1,0.348779,0.36288,0,22.1711,5.54379,16.6414,0.84672,12.849,0.84672,3695.15,0,36.966,0.42336,0.261274,1.71045,2.63603,1.43877,2.74563,0.42336,36.966,0.42336,423.524,0,0.874688,0,0,1.13596,0.261274,1.028160,1,0,19.387,0,0,0,19.387,0
65.3622,1.82675,0,0,1.14655,0.0592245,0.36288,3.6288,59.5155,0.733603,0,0,0.470428,0.267028,0,0.66528,12.849,1,0.353149,0.36288,0,20.9291,5.54379,15.395,0.84672,12.849,0.84672,3695.15,0,36.966,0.42336,0.227405,1.7111,2.63752,1.43877,2.71389,0.42336,36.966,0.42336,423.524,0,0.85053,0,0,1.07794,0.227405,1.028160,1,0,18.1089,0,0,0,18.1089,0
64.1663,1.82259,0,0,1.04828,0.0587062,0.36288,3.6288,58.8848,0.818945,0,0,0.454427,0.266126,0,0.66528,12.849,1,0.358288,0.36288,0,19.6548,5.54379,14.1156,0.84672,12.849,0.84672,3695.15,0,36.966,0.42336,0.227405,1.71175,2.51298,1.43877,2.59001,0.42336,36.966,0.42336,423.524,0,0.765789,0,0,0.993194,0.227405,1.028160,1,0,16.7056,0,0,0,16.7056,0
62.7131,1.96282,0,0,0.915019,0.0425975,0.36288,3.6288,58.1226,0.930804,0,0,0.442603,0.273975,0,0.66528,12.849,1,0.393045,0.36288,0,18.7052,5.78863,12.8864,0.84672,12.849,0.84672,3695.15,0,36.966,0.42336,0.227405,1.7124,2.46626,1.47787,2.50484,0.42336,36.966,0.42336,423.524,0,0.762636,0,0,0.99004,0.227405,1.028160,1,0,15.3912,0,0,0,15.3912,0
61.243,1.95613,0,0,0.899839,0.0508715,0.36288,3.6288,57.3126,0.902785,0,0,0.370226,0.277443,0,0.66528,12.849,1,0.400783,0.36288,0,17.2361,5.565,11.6332,0.84672,12.849,0.84672,3695.15,0,36.966,0.42336,0.227405,1.82918,2.21355,1.50213,2.34464,0.42336,36.966,0.42336,423.524,0,0.790655,0,0,1.01806,0.227405,1.028160,1,0,13.9778,0,0,0,13.9778,0
59.6788,1.94905,0,0,0.797939,0.0502597,0.36288,3.6288,56.428,0.941933,0,0,0.333312,0.275993,0,0.66528,12.849,1,0.408918,0.36288,0,15.3179,5.565,9.7069,0.84672,12.849,0.84672,3695.15,0,36.966,0.42336,0.204422,1.82938,2.14831,1.50213,2.25662,0.42336,36.966,0.42336,423.524,0,0.751507,0,0,0.95593,0.204422,1.028160,1,0,11.9635,0,0,0,11.9635,0
58.219,1.9411,0,0,0.893817,0.0495711,0.36288,3.6288,55.5802,0.915287,0,0,0.341917,0.274409,0,0.66528,12.849,1,0.417924,0.36288,0,15.226,5.565,9.60597,0.84672,12.849,0.84672,3695.15,0,36.966,0.42336,0.204422,1.82957,2.30257,1.50213,2.41107,0.42336,36.966,0.42336,423.524,0,0.778153,0,0,0.982575,0.204422,1.028160,1,0,12.017,0,0,0,12.017,0
57.2862,1.93338,0,0,1.43048,0.0670196,0.36288,3.6288,55.0276,0.704134,0,0,0.420217,0.268756,0,0.66528,12.849,1,0.426699,0.36288,0,25.2952,5.44626,19.7851,0.84672,12.849,0.84672,3695.15,0,36.966,0.42336,0.204422,1.82977,2.51001,1.48757,2.63327,0.42336,36.966,0.42336,423.524,0,0.989306,0,0,1.19373,0.204422,1.028160,1,0,22.4183,0,0,0,22.4183,0
56.0872,1.85917,0,0,1.07484,0.0518054,0.36288,3.6288,54.764,0.613928,0,0,0.633238,0.282903,0,0.66528,12.849,1,0.417002,0.36288,0,12.214,5.29646,6.86345,0.84672,12.849,0.84672,3695.15,0,36.966,0.42336,0.783017,1.82997,1.76524,1.38458,2.57028,0.42336,36.966,0.42336,423.524,0,1.02816,0,0,1.81118,0.783017,1.028160,1,0,9.43372,0,0,0,9.43372,0
54.5693,1.85275,0,0,0.744327,0.0465691,0.36288,3.6288,54.1019,0.724287,0,0,0.347636,0.285443,0,0.66528,12.849,1,0.424446,0.36288,0,10.9331,5.28633,5.58516,0.84672,12.849,0.84672,3695.15,0,36.966,0.42336,0.216518,1.77457,1.14495,1.36924,1.34343,0.42336,36.966,0.42336,423.524,0,0.918423,0,0,1.13494,0.216518,1.028160,1,0,6.92859,0,0,0,6.92859,0
52.9316,1.84402,0,0,0.615072,0.0458668,0.36288,3.6288,53.2733,0.850673,0,0,0.306261,0.284196,0,0.66528,12.849,1,0.434197,0.36288,0,10.0945,5.28633,4.7369,0.84672,12.849,0.84672,3695.15,0,36.966,0.42336,0.216518,1.77524,1.06033,1.36924,1.25949,0.42336,36.966,0.42336,423.524,0,0.79266,0,0,1.00918,0.216518,1.028160,1,0,5.99638,0,0,0,5.99638,0
51.75,1.83404,0,0,1.14334,0.128048,0.36288,3.6288,52.9234,0.615794,0,0,0.476455,0.210526,0,0.66528,12.849,1,0.445207,0.36288,0,17.8235,4.24818,13.4929,0.84672,12.849,0.84672,3695.15,0,36.966,0.42336,0.232675,1.77591,1.84097,1.04475,2.38145,0.42336,36.966,0.42336,423.524,0,1.02816,0,0,1.26084,0.232675,1.028160,1,0,15.8744,0,0,0,15.8744,0
51.5506,1.77076,0,0,2.10561,0.171378,0.36288,3.6288,52.8661,0.54075,0,0,0.693177,0.209786,0,0.66528,12.849,1,0.439662,0.36288,0,37.4316,3.8439,33.5109,0.84672,12.849,0.84672,3695.15,0,36.966,0.42336,0.511168,1.77659,3.29954,0.923491,4.24044,0.42336,36.966,0.42336,423.524,0,1.02816,0,0,1.53933,0.511168,1.028160,1,0,37.7514,0,0,0,37.7514,0
50.4324,1.7702,0,0,1.20198,0.187135,0.36288,3.6288,52.6464,0.541344,0,0,0.569395,0.247711,0,0.66528,12.849,1,0.441222,0.36288,0,24.0762,3.85854,20.1393,0.84672,12.849,0.84672,3695.15,0,36.966,0.42336,0.273324,1.70571,2.75863,0.934871,3.37943,0.42336,36.966,0.42336,423.524,0,1.02816,0,0,1.30148,0.273324,1.028160,1,0,23.5188,0,0,0,23.5188,0
49.5373,1.7632,0,0,1.416,0.184958,0.36288,3.6288,51.8954,0.939291,0,0,0.435586,0.247275,0,0.66528,12.849,1,0.449222,0.36288,0,27.8789,3.85854,23.934,0.84672,12.849,0.84672,3695.15,0,36.966,0.42336,0.292723,1.70636,2.86712,0.934871,3.50797,0.42336,36.966,0.42336,423.524,0,0.630806,0,0,0.92353,0.292723,1.028160,1,0,27.442,0,0,0,27.442,0
51.4282,1.75754,0,0,4.19448,0.183215,0.36288,3.6288,52.5404,0.542532,0,0,1.43334,0.245786,0,0.66528,12.849,1,0.455872,0.36288,0,52.4055,3.85854,48.454,0.84672,12.849,0.84672,3695.15,0,36.966,0.42336,2.23739,1.707,5.05002,0.934871,7.63618,0.42336,36.966,0.42336,423.524,0,1.02816,0,0,3.26555,2.23739,1.028160,1,0,56.0901,0,0,0,56.0901,0
52.5406,1.65216,0,0,3.32242,0.194985,0.36288,3.6288,52.9363,0.413797,0,0,1.0544,0.244737,0,0.66528,12.849,1,0.412781,0.36288,0,58.6894,3.9654,54.6741,0.84672,12.849,0.84672,3695.15,0,36.966,0.42336,1.81216,1.70765,4.94313,0.959122,7.08046,0.42336,36.966,0.42336,423.524,0,1.02816,0,0,2.84032,1.81216,1.028160,1,0,61.7546,0,0,0,61.7546,0
53.1729,1.65994,0,0,2.90149,0.246336,0.36288,3.6288,52.9479,0.414343,0,0,0.657444,0.231501,0,0.66528,12.849,1,0.405944,0.36288,0,53.7829,4.60656,49.1333,0.84672,12.849,0.84672,3695.15,0,36.966,0.42336,0.665392,1.58036,6.65138,1.10463,7.36915,0.42336,36.966,0.42336,423.524,0,1.02816,0,0,1.69355,0.665392,1.028160,1,0,56.5024,0,0,0,56.5024,0
57.9591,1.66458,0,0,7.06158,0.24794,0.36288,3.6288,54.377,0.414888,0,0,2.0755,0.231522,0,0.66528,12.849,1,0.40224,0.36288,0,138.702,4.60656,134.056,0.84672,12.849,0.84672,3695.15,0,36.966,0.42336,3.70293,1.58096,9.56344,1.10463,13.3193,0.42336,36.966,0.42336,423.524,0,1.02816,0,0,4.73109,3.70293,1.028160,1,0,147.376,0,0,0,147.376,0
61.8226,1.69254,0,0,6.17244,0.25349,0.36288,3.6288,54.4906,0.415434,0,0,0.760216,0.231169,0,0.66528,12.849,1,0.375222,0.36288,0,87.2407,4.45476,82.7736,0.84672,12.849,0.84672,3695.15,0,36.966,0.42336,1.40607,1.58156,7.04822,1.07947,8.53302,0.42336,36.966,0.42336,423.524,0,1.02816,0,0,2.43423,1.40607,1.028160,1,0,91.3066,0,0,0,91.3066,0
64.8731,1.71274,0,0,5.37159,0.245507,0.36288,3.6288,54.9397,0.41598,0,0,1.08934,0.224251,0,0.66528,12.849,1,0.35597,0.36288,0,66.6142,4.07526,62.5459,0.84672,12.849,0.84672,3695.15,0,36.966,0.42336,1.39126,1.58216,6.02838,1.01657,7.56186,0.42336,36.966,0.42336,423.524,0,1.02816,0,0,2.41942,1.39126,1.028160,1,0,70.1077,0,0,0,70.1077,0
71.1119,1.79267,0,0,8.66471,0.270319,0.36288,3.6288,56.6371,0.463226,0,0,2.38789,0.22727,0,0.66528,12.849,1,0.355062,0.36288,0,83.8158,4.56337,79.2602,0.84672,12.849,0.84672,3695.15,0,36.966,0.42336,3.17815,1.58276,8.64035,1.18545,11.7924,0.42336,36.966,0.42336,423.524,0,1.02816,0,0,4.20631,3.17815,1.028160,1,0,91.0527,0,0,0,91.0527,0
72.29,1.81985,0,0,7.65642,0.283882,4.37463,3.6288,57.7205,0.463772,0,0,1.7854,0.238191,0,0.66528,12.849,1,0.328823,4.37463,0,92.073,5.03674,91.0821,0.84672,12.849,0.84672,3695.15,0,36.966,0.42336,2.51117,1.63407,6.51468,1.31044,8.92612,0.42336,36.966,0.42336,423.524,0,1.02816,0,0,3.53933,2.51117,1.028160,1,0,100.008,0,0,0,100.008,0
72.29,1.82519,0,0,5.7887,0.286442,3.67706,3.6288,58.2517,0.464317,0,0,1.23539,0.239872,0,0.66528,12.849,1,0.324415,3.67706,0,100.77,5.03674,99.0859,0.84672,12.849,0.84672,3695.15,0,36.966,0.42336,1.17651,1.63466,5.48231,1.31044,6.55968,0.42336,36.966,0.42336,423.524,0,1.02816,0,0,2.20467,1.17651,1.028160,1,0,105.646,0,0,0,105.646,0
72.29,1.82599,0,0,4.54372,0.286442,2.43128,3.6288,58.5502,0.464863,0,0,1.00401,0.240696,0,0.66528,12.849,1,0.324557,2.43128,0,96.7412,5.03674,93.8112,0.84672,12.849,0.84672,3695.15,0,36.966,0.42336,0.822917,1.63526,4.38336,1.31044,5.10773,0.42336,36.966,0.42336,423.524,0,1.02816,0,0,1.85108,0.822917,1.028160,1,0,98.9189,0,0,0,98.9189,0
72.29,1.99261,0,0,5.17343,0.28386,2.89697,3.6288,58.9012,0.608028,0,0,1.17055,0.211524,0,0.66528,12.849,1,0.354171,2.89697,0,78.7052,4.17976,77.0682,0.84672,12.849,0.84672,3695.15,0,36.966,0.42336,0.739878,1.63586,3.94531,1.09127,4.80642,0.42336,36.966,0.42336,423.524,0,1.02816,0,0,1.76804,0.739878,1.028160,1,0,81.8747,0,0,0,81.8747,0
72.29,1.99347,0,0,4.81315,0.25247,2.56722,3.6288,60.0274,0.608626,0,0,1.90279,0.167982,0,0.66528,12.849,1,0.354324,2.56722,0,105.341,3.71574,103.838,0.84672,12.849,0.84672,3695.15,0,36.966,0.42336,1.91155,1.78324,5.79095,0.995162,8.06722,0.42336,36.966,0.42336,423.524,0,1.02816,0,0,2.93971,1.91155,1.028160,1,0,111.905,0,0,0,111.905,0
72.29,1.99433,0,0,6.67288,0.266929,4.41162,3.6288,60.5414,0.609224,0,0,1.28501,0.161721,0,0.66528,12.849,1,0.354476,4.41162,0,148.729,3.75951,149.027,0.84672,12.849,0.84672,3695.15,0,36.966,0.42336,1.74807,1.78389,4.54357,0.975995,6.67618,0.42336,36.966,0.42336,423.524,0,1.02816,0,0,2.77623,1.74807,1.028160,1,0,155.703,0,0,0,155.703,0
72.29,1.99519,0,0,9.81821,0.323388,7.49964,3.6288,61.2056,0.609822,0,0,1.44476,0.170799,0,0.66528,12.849,1,0.354629,7.49964,0,144.056,3.79346,147.408,0.84672,12.849,0.84672,3695.15,0,36.966,0.42336,3.66229,1.78455,5.9245,0.969191,9.97878,0.42336,36.966,0.42336,423.524,0,1.02816,0,0,4.69045,3.66229,1.028160,1,0,157.387,0,0,0,157.387,0
72.29,1.73895,0,0,6.63614,0.327434,4.56976,3.6288,61.308,0.407443,0,0,1.46546,0.185501,0.770094,0.66528,12.849,1,0.309085,4.56976,0,155.082,3.78074,155.562,0.84672,12.849,0.84672,3695.15,0,36.966,0.42336,1.73626,1.7852,7.56506,0.992099,9.67106,0.42336,36.966,0.42336,423.524,0,1.02816,0,0,2.76442,1.73626,1.028160,1,0,166.003,0,0,0,166.003,0
72.29,1.73971,0,0,5.11919,0.299465,3.08001,3.6288,61.308,0.407968,0,0,1.79555,0.169163,1.21842,0.66528,12.849,1,0.309221,3.08001,0,105.128,3.89046,104.008,0.84672,12.849,0.84672,3695.15,0,36.966,0.42336,1.84637,1.57229,7.99866,0.972284,10.0217,0.42336,36.966,0.42336,423.524,0,1.02816,0,0,2.87453,1.84637,1.028160,1,0,115.248,0,0,0,115.248,0
72.29,1.74048,0,0,4.46087,0.299465,2.42092,3.6288,61.308,0.408492,0,0,1.91595,0.169163,1.33829,0.66528,12.849,1,0.309357,2.42092,0,93.0208,3.89046,91.2419,0.84672,12.849,0.84672,3695.15,0,36.966,0.42336,1.64757,1.57286,6.88706,0.972284,8.71185,0.42336,36.966,0.42336,423.524,0,1.02816,0,0,2.67573,1.64757,1.028160,1,0,101.292,0,0,0,101.292,0
72.29,1.74125,0,0,7.47815,0.298782,5.43812,3.6288,61.308,0.409017,0,0,2.77343,0.163436,2.20098,0.66528,12.849,1,0.309493,5.43812,0,189.181,3.8008,190.509,0.84672,12.849,0.84672,3695.15,0,36.966,0.42336,3.72815,1.57343,11.4047,0.956929,15.326,0.42336,36.966,0.42336,423.524,0,1.02816,0,0,4.75631,3.72815,1.028160,1,0,208.036,0,0,0,208.036,0
72.29,1.74201,0,0,7.57909,0.294685,5.5424,3.6288,61.308,0.409542,0,0,2.6616,0.129074,2.12298,0.66528,12.849,1,0.30963,5.5424,0,189.477,3.26287,191.447,0.84672,12.849,0.84672,3695.15,0,36.966,0.42336,3.3184,1.57401,12.0964,0.864799,15.7007,0.42336,36.966,0.42336,423.524,0,1.02816,0,0,4.34656,3.3184,1.028160,1,0,209.27,0,0,0,209.27,0
72.29,1.81959,0,0,3.58207,0.333588,1.42889,3.6288,61.308,0.467911,0,0,1.14261,0.14095,0.533753,0.66528,12.849,1,0.323419,1.42889,0,65.3181,3.29221,63.1313,0.84672,12.849,0.84672,3695.15,0,36.966,0.42336,1.24682,1.57458,4.59406,0.696282,6.29582,0.42336,36.966,0.42336,423.524,0,1.02816,0,0,2.27498,1.24682,1.028160,1,0,69.9609,0,0,0,69.9609,0
72.29,1.82039,0,0,4.63776,0.335801,2.48157,3.6288,61.308,0.468457,0,0,1.44726,0.16272,0.816083,0.66528,12.849,1,0.32356,2.48157,0,74.5382,3.63132,73.0649,0.84672,12.849,0.84672,3695.15,0,36.966,0.42336,1.79585,1.6368,6.05781,0.867299,8.1998,0.42336,36.966,0.42336,423.524,0,1.02816,0,0,2.82401,1.79585,1.028160,1,0,82.0808,0,0,0,82.0808,0
72.29,1.82118,0,0,3.23681,0.335801,1.07983,3.6288,61.308,0.469003,0,0,1.01893,0.16272,0.387209,0.66528,12.849,1,0.323702,1.07983,0,50.28,3.63132,47.4049,0.84672,12.849,0.84672,3695.15,0,36.966,0.42336,0.635083,1.6374,4.61754,0.867299,5.59937,0.42336,36.966,0.42336,423.524,0,1.02816,0,0,1.66324,0.635083,1.028160,1,0,53.3914,0,0,0,53.3914,0
72.29,1.82198,0,0,4.01523,0.335801,1.85745,3.6288,61.308,0.46955,0,0,2.08094,0.16272,1.44867,0.66528,12.849,1,0.323843,1.85745,0,84.8544,3.63132,82.7567,0.84672,12.849,0.84672,3695.15,0,36.966,0.42336,2.8426,1.638,8.39635,0.867299,11.5863,0.42336,36.966,0.42336,423.524,0,1.02816,0,0,3.87076,2.8426,1.028160,1,0,95.7916,0,0,0,95.7916,0
72.29,1.7927,0,0,3.07408,0.312988,0.968391,3.6288,61.308,0.447597,0,0,1.23911,0.142743,0.648765,0.66528,12.849,1,0.318639,0.968391,0,55.1346,3.80407,51.9803,0.84672,12.849,0.84672,3695.15,0,36.966,0.42336,1.47591,1.6386,4.7904,0.982388,6.49916,0.42336,36.966,0.42336,423.524,0,1.02816,0,0,2.50407,1.47591,1.028160,1,0,59.1282,0,0,0,59.1282,0
72.2112,1.79348,0,0,2.40996,0.332383,0.36288,3.6288,61.308,0.448135,0,0,0.874558,0.146074,0.280349,0.66528,12.849,1,0.318778,0.36288,0,45.3305,4.18414,41.1905,0.84672,12.849,0.84672,3695.15,0,36.966,0.42336,1.08007,1.61517,3.35067,1.0942,4.52835,0.42336,36.966,0.42336,423.524,0,1.02816,0,0,2.10823,1.08007,1.028160,1,0,45.9992,0,0,0,45.9992,0
72.0308,1.79397,0,0,2.21038,0.23393,0.36288,3.6288,61.308,0.448674,0,0,0.748924,0.191851,0.108398,0.66528,12.849,1,0.319213,0.36288,0,41.3838,4.58776,36.8397,0.84672,12.849,0.84672,3695.15,0,36.966,0.42336,0.910717,1.61576,3.12273,1.1183,4.10755,0.42336,36.966,0.42336,423.524,0,1.02816,0,0,1.93888,0.910717,1.028160,1,0,41.0556,0,0,0,41.0556,0
71.7905,1.79408,0,0,2.1503,0.233609,0.36288,3.6288,61.308,0.449213,0,0,0.826096,0.191851,0.185032,0.66528,12.849,1,0.320032,0.36288,0,39.9958,4.58776,35.4509,0.84672,12.849,0.84672,3695.15,0,36.966,0.42336,1.12356,1.61635,3.62066,1.1183,4.81892,0.42336,36.966,0.42336,423.524,0,1.02816,0,0,2.15172,1.12356,1.028160,1,0,40.4548,0,0,0,40.4548,0
71.394,1.85152,0,0,2.04768,0.229787,0.36288,3.6288,61.308,0.498864,0,0,0.834684,0.195027,0.140794,0.66528,12.849,1,0.331383,0.36288,0,38.2795,4.63433,33.6767,0.84672,12.849,0.84672,3695.15,0,36.966,0.42336,0.906587,1.61694,3.17438,1.11489,4.15966,0.42336,36.966,0.42336,423.524,0,1.02816,0,0,1.93475,0.906587,1.028160,1,0,37.9771,0,0,0,37.9771,0
71.092,1.85076,0,0,2.12043,0.208783,0.36288,3.6288,61.308,0.499421,0,0,0.853312,0.214079,0.139812,0.66528,12.849,1,0.333087,0.36288,0,43.524,4.91369,38.6401,0.84672,12.849,0.84672,3695.15,0,36.966,0.42336,0.971931,1.66819,2.98011,1.09444,4.10243,0.42336,36.966,0.42336,423.524,0,1.02816,0,0,2.00009,0.971931,1.028160,1,0,42.8823,0,0,0,42.8823,0
70.5576,1.85037,0,0,1.88709,0.208301,0.36288,3.6288,61.308,0.499978,0,0,0.782914,0.214079,0.0688569,0.66528,12.849,1,0.334431,0.36288,0,39.2494,4.91369,34.3641,0.84672,12.849,0.84672,3695.15,0,36.966,0.42336,0.794984,1.6688,2.87182,1.09444,3.81781,0.42336,36.966,0.42336,423.524,0,1.02816,0,0,1.82314,0.794984,1.028160,1,0,38.2508,0,0,0,38.2508,0
69.9702,1.84903,0,0,1.7823,0.157724,0.36288,3.6288,61.308,0.500535,0,0,0.751896,0.247131,0.00423033,0.66528,12.849,1,0.336721,0.36288,0,34.9832,5.28854,29.7208,0.84672,12.849,0.84672,3695.15,0,36.966,0.42336,0.726235,1.66941,2.73515,1.19022,3.51722,0.42336,36.966,0.42336,423.524,0,1.02816,0,0,1.7544,0.726235,1.028160,1,0,33.2423,0,0,0,33.2423,0
69.2791,1.84745,0,0,1.67621,0.157012,0.36288,3.6288,61.2764,0.501092,0,0,0.716576,0.247131,0,0.66528,12.849,1,0.339256,0.36288,0,34.4778,5.28854,29.2129,0.84672,12.849,0.84672,3695.15,0,36.966,0.42336,0.598666,1.67002,2.81665,1.19022,3.47176,0.42336,36.966,0.42336,423.524,0,1.02816,0,0,1.62683,0.598666,1.028160,1,0,32.6847,0,0,0,32.6847,0
69.1342,1.82567,0,0,2.18528,0.141652,0.36288,3.6288,61.308,0.544777,0,0,0.796392,0.206901,0.0130672,0.66528,12.849,1,0.338601,0.36288,0,35.2227,4.64629,30.6007,0.84672,12.849,0.84672,3695.15,0,36.966,0.42336,0.973806,1.67063,3.53932,1.04762,4.71277,0.42336,36.966,0.42336,423.524,0,1.02816,0,0,2.00197,0.973806,1.028160,1,0,35.3265,0,0,0,35.3265,0
68.8742,1.82586,0,0,2.06781,0.139075,0.36288,3.6288,61.308,0.54535,0,0,0.761573,0.200244,0.0159787,0.66528,12.849,1,0.339348,0.36288,0,34.0502,4.53926,29.5345,0.84672,12.849,0.84672,3695.15,0,36.966,0.42336,0.751671,1.70017,3.44758,1.02385,4.45221,0.42336,36.966,0.42336,423.524,0,1.02816,0,0,1.77983,0.751671,1.028160,1,0,34.0027,0,0,0,34.0027,0
68.4622,1.82558,0,0,1.9014,0.124884,0.36288,3.6288,61.256,0.545923,0,0,0.727099,0.233151,0,0.66528,12.849,1,0.340576,0.36288,0,30.1867,4.9627,25.2463,0.84672,12.849,0.84672,3695.15,0,36.966,0.42336,0.742807,1.70079,3.31731,1.17842,4.15913,0.42336,36.966,0.42336,423.524,0,1.02816,0,0,1.77097,0.742807,1.028160,1,0,29.4054,0,0,0,29.4054,0
67.9557,1.82465,0,0,1.78699,0.105995,0.36288,3.6288,61.1109,0.546497,0,0,0.678292,0.276937,0,0.66528,12.849,1,0.34245,0.36288,0,26.7975,5.52731,21.2906,0.84672,12.849,0.84672,3695.15,0,36.966,0.42336,0.710009,1.70141,3.19353,1.38451,3.79709,0.42336,36.966,0.42336,423.524,0,1.02816,0,0,1.73817,0.710009,1.028160,1,0,25.0877,0,0,0,25.0877,0
67.2582,1.87416,0,0,1.64085,0.101296,0.36288,3.6288,60.8745,0.585562,0,0,0.624802,0.275621,0,0.66528,12.849,1,0.354364,0.36288,0,27.9044,5.43299,22.48,0.84672,12.849,0.84672,3695.15,0,36.966,0.42336,0.690094,1.70203,3.12751,1.37016,3.72611,0.42336,36.966,0.42336,423.524,0,1.02816,0,0,1.71825,0.690094,1.028160,1,0,26.2061,0,0,0,26.2061,0
66.5404,1.87188,0,0,1.61196,0.0950668,0.36288,3.6288,60.6147,0.58615,0,0,0.600093,0.273796,0,0.66528,12.849,1,0.357604,0.36288,0,28.9877,5.30723,23.6858,0.84672,12.849,0.84672,3695.15,0,36.966,0.42336,0.569739,1.74372,3.27465,1.35104,3.81371,0.42336,36.966,0.42336,423.524,0,1.02816,0,0,1.5979,0.569739,1.028160,1,0,27.4995,0,0,0,27.4995,0
65.6797,1.86946,0,0,1.46623,0.0945284,0.36288,3.6288,60.3269,0.586738,0,0,0.572327,0.273345,0,0.66528,12.849,1,0.360994,0.36288,0,23.8311,5.30723,18.5258,0.84672,12.849,0.84672,3695.15,0,36.966,0.42336,0.438394,1.74436,3.08681,1.35104,3.49517,0.42336,36.966,0.42336,423.524,0,1.02816,0,0,1.46655,0.438394,1.028160,1,0,22.0209,0,0,0,22.0209,0
64.7215,1.86631,0,0,1.36199,0.0910356,0.36288,3.6288,60.0085,0.587326,0,0,0.54618,0.277255,0,0.66528,12.849,1,0.365108,0.36288,0,19.6944,5.3167,14.3755,0.84672,12.849,0.84672,3695.15,0,36.966,0.42336,0.431127,1.74499,2.88681,1.42429,3.21528,0.42336,36.966,0.42336,423.524,0,1.02816,0,0,1.45929,0.431127,1.028160,1,0,17.5908,0,0,0,17.5908,0
63.4619,2.01059,0,0,1.2021,0.0882195,0.36288,3.6288,59.5766,0.66528,0,0,0.513376,0.279995,0,0.66528,12.849,1,0.399158,0.36288,0,19.9581,5.32382,14.598,0.84672,12.849,0.84672,3695.15,0,36.966,0.42336,0.317002,1.74563,2.75542,1.47923,2.91546,0.42336,36.966,0.42336,423.524,0,1.02816,0,0,1.34516,0.317002,1.028160,1,0,17.5135,0,0,0,17.5135,0
62.288,2.00486,0,0,1.28555,0.0917524,0.36288,3.6288,59.1512,0.66528,0,0,0.52814,0.288245,0,0.66528,12.849,1,0.40592,0.36288,0,20.8104,5.12757,15.6398,0.84672,12.849,0.84672,3695.15,0,36.966,0.42336,0.570784,1.83928,2.76127,1.54715,3.20082,0.42336,36.966,0.42336,423.524,0,1.02816,0,0,1.59894,0.570784,1.028160,1,0,18.8406,0,0,0,18.8406,0
61.2456,1.99938,0,0,1.41083,0.0908764,0.36288,3.6288,58.8506,0.66528,0,0,0.652165,0.287462,0,0.66528,12.849,1,0.412439,0.36288,0,26.7637,5.12757,21.5866,0.84672,12.849,0.84672,3695.15,0,36.966,0.42336,0.958383,1.83947,3.01222,1.54715,3.83957,0.42336,36.966,0.42336,423.524,0,1.02816,0,0,1.98654,0.958383,1.028160,1,0,25.4261,0,0,0,25.4261,0
59.9316,1.99443,0,0,1.1334,0.0900987,0.36288,3.6288,58.3702,0.66528,0,0,0.471709,0.286908,0,0.66528,12.849,1,0.41842,0.36288,0,26.1525,5.12757,20.9694,0.84672,12.849,0.84672,3695.15,0,36.966,0.42336,0.351,1.83966,2.41812,1.54715,2.63827,0.42336,36.966,0.42336,423.524,0,1.02816,0,0,1.37916,0.351,1.028160,1,0,23.6077,0,0,0,23.6077,0
58.9035,1.98772,0,0,1.41153,0.089078,0.36288,3.6288,58.2251,0.66528,0,0,0.806234,0.286023,0,0.66528,12.849,1,0.426156,0.36288,0,23.8854,5.12757,18.6945,0.84672,12.849,0.84672,3695.15,0,36.966,0.42336,1.58069,1.83986,3.73891,1.54715,5.18894,0.42336,36.966,0.42336,423.524,0,1.02816,0,0,2.60885,1.58069,1.028160,1,0,23.8835,0,0,0,23.8835,0
58.5752,1.91137,0,0,2.04657,0.100626,0.36288,3.6288,58.178,0.645643,0,0,0.873614,0.275011,0,0.66528,12.849,1,0.41694,0.36288,0,36.7629,4.93875,31.77,0.84672,12.849,0.84672,3695.15,0,36.966,0.42336,1.57227,1.84005,5.97677,1.40733,7.55841,0.42336,36.966,0.42336,423.524,0,1.02816,0,0,2.60043,1.57227,1.028160,1,0,39.3285,0,0,0,39.3285,0
58.3999,1.91028,0,0,2.20152,0.103674,0.36288,3.6288,58.6967,0.646252,0,0,1.44498,0.280093,0,0.66528,12.849,1,0.419037,0.36288,0,37.2255,5.12201,32.0474,0.84672,12.849,0.84672,3695.15,0,36.966,0.42336,3.89663,1.80884,7.9577,1.45214,11.7877,0.42336,36.966,0.42336,423.524,0,1.02816,0,0,4.92479,3.89663,1.028160,1,0,43.835,0,0,0,43.835,0
57.9659,1.91007,0,0,1.94251,0.103498,0.36288,3.6288,58.6074,0.646861,0,0,0.838616,0.28103,0,0.66528,12.849,1,0.420248,0.36288,0,38.13,5.12201,32.9507,0.84672,12.849,0.84672,3695.15,0,36.966,0.42336,2.06374,1.8095,6.11242,1.45214,8.11017,0.42336,36.966,0.42336,423.524,0,1.02816,0,0,3.0919,2.06374,1.028160,1,0,41.0608,0,0,0,41.0608,0
57.1969,1.90831,0,0,1.60521,0.103062,0.36288,3.6288,58.4179,0.64747,0,0,0.738806,0.280869,0,0.66528,12.849,1,0.423005,0.36288,0,35.2054,5.12201,30.0233,0.84672,12.849,0.84672,3695.15,0,36.966,0.42336,1.72108,1.81016,5.66051,1.45214,7.31626,0.42336,36.966,0.42336,423.524,0,1.02816,0,0,2.74924,1.72108,1.028160,1,0,37.3395,0,0,0,37.3395,0
57.434,1.84636,0,0,2.62292,0.176606,0.36288,3.6288,58.6546,0.570956,0,0,1.02816,0.220469,0,0.66528,12.849,1,0.414775,0.36288,0,40.8525,4.20893,36.5917,0.84672,12.849,0.84672,3695.15,0,36.966,0.42336,2.27399,1.81082,6.80665,1.12291,9.34519,0.42336,36.966,0.42336,423.524,0,1.02816,0,0,3.30215,2.27399,1.028160,1,0,45.9369,0,0,0,45.9369,0
56.4139,1.84855,0,0,1.37238,0.18103,0.36288,3.6288,58.5172,0.571538,0,0,0.66109,0.226955,0,0.66528,12.849,1,0.413554,0.36288,0,27.7054,4.10634,23.5484,0.84672,12.849,0.84672,3695.15,0,36.966,0.42336,0.326082,1.73855,6.40505,0.981278,7.06504,0.42336,36.966,0.42336,423.524,0,1.02816,0,0,1.35424,0.326082,1.028160,1,0,30.6134,0,0,0,30.6134,0
57.0261,1.84326,0,0,2.99754,0.17922,0.36288,3.6288,58.8663,0.572119,0,0,1.14794,0.226755,0,0.66528,12.849,1,0.419826,0.36288,0,39.0957,4.10634,34.9325,0.84672,12.849,0.84672,3695.15,0,36.966,0.42336,1.62818,1.73918,9.16341,0.981278,11.1261,0.42336,36.966,0.42336,423.524,0,1.02816,0,0,2.65634,1.62818,1.028160,1,0,46.0586,0,0,0,46.0586,0
61.0147,1.84773,0,0,6.37956,0.180306,0.36288,3.6288,60.4457,0.572701,0,0,2.3794,0.227264,0,0.66528,12.849,1,0.416328,0.36288,0,85.4385,4.10634,81.2787,0.84672,12.849,0.84672,3695.15,0,36.966,0.42336,5.32057,1.73982,14.8749,0.981278,20.5306,0.42336,36.966,0.42336,423.524,0,1.02816,0,0,6.34873,5.32057,1.028160,1,0,101.809,0,0,0,101.809,0
64.0272,1.74518,0,0,5.33331,0.212746,0.36288,3.6288,61.308,0.441472,0,0,1.929,0.23877,0.38647,0.66528,12.849,1,0.367516,0.36288,0,45.2172,3.8607,41.3518,0.84672,12.849,0.84672,3695.15,0,36.966,0.42336,3.43762,1.74045,10.5277,0.896429,14.3859,0.42336,36.966,0.42336,423.524,0,1.02816,0,0,4.46578,3.43762,1.028160,1,0,56.1243,0,0,0,56.1243,0
65.4723,1.76035,0,0,3.82736,0.25902,0.36288,3.6288,61.308,0.442006,0,0,1.75363,0.226398,1.08523,0.66528,12.849,1,0.353268,0.36288,0,111.466,4.75419,106.721,0.84672,12.849,0.84672,3695.15,0,36.966,0.42336,3.22961,1.61069,12.1984,1.18783,15.4275,0.42336,36.966,0.42336,423.524,0,1.02816,0,0,4.25777,3.22961,1.028160,1,0,123.234,0,0,0,123.234,0
69.0156,1.76764,0,0,5.93584,0.26205,0.36288,3.6288,61.308,0.44254,0,0,2.21994,0.226398,1.55101,0.66528,12.849,1,0.346901,0.36288,0,96.2073,4.75419,91.4691,0.84672,12.849,0.84672,3695.15,0,36.966,0.42336,5.08054,1.61128,14.2588,1.18783,19.3394,0.42336,36.966,0.42336,423.524,0,1.02816,0,0,6.1087,5.08054,1.028160,1,0,112.359,0,0,0,112.359,0
72.29,1.78343,0,0,7.27453,0.26948,1.94718,3.6288,61.308,0.443074,0,0,2.12063,0.226398,1.45116,0.66528,12.849,1,0.332031,1.94718,0,121.896,4.75419,118.757,0.84672,12.849,0.84672,3695.15,0,36.966,0.42336,4.83976,1.61187,14.6589,1.18783,19.4993,0.42336,36.966,0.42336,423.524,0,1.02816,0,0,5.86792,4.83976,1.028160,1,0,139.707,0,0,0,139.707,0
72.29,1.79699,0,0,10.2369,0.293687,8.14626,3.6288,61.308,0.443609,0,0,3.03261,0.213396,2.3756,0.66528,12.849,1,0.319401,8.14626,0,127.105,3.89504,131.037,0.84672,12.849,0.84672,3695.15,0,36.966,0.42336,4.28938,1.61245,17.8038,1.12854,22.1537,0.42336,36.966,0.42336,423.524,0,1.02816,0,0,5.31754,4.28938,1.028160,1,0,155.566,0,0,0,155.566,0
72.29,1.86533,0,0,7.59472,0.288973,5.44041,3.6288,61.308,0.491736,0,0,2.89564,0.225024,2.17888,0.66528,12.849,1,0.331548,5.44041,0,111.501,4.59741,112.012,0.84672,12.849,0.84672,3695.15,0,36.966,0.42336,4.39609,1.61304,20.458,1.40014,24.6436,0.42336,36.966,0.42336,423.524,0,1.02816,0,0,5.42425,4.39609,1.028160,1,0,138.835,0,0,0,138.835,0
72.29,1.86611,0,0,4.17594,0.272338,2.03749,3.6288,61.308,0.492269,0,0,2.47332,0.238186,1.74287,0.66528,12.849,1,0.331687,2.03749,0,72.5743,5.25567,69.0244,0.84672,12.849,0.84672,3695.15,0,36.966,0.42336,3.77185,1.6653,11.6166,1.59339,15.037,0.42336,36.966,0.42336,423.524,0,1.02816,0,0,4.80001,3.77185,1.028160,1,0,85.8042,0,0,0,85.8042,0
72.29,1.86689,0,0,4.25899,0.272338,2.11976,3.6288,61.308,0.492802,0,0,1.8577,0.238186,1.12672,0.66528,12.849,1,0.331826,2.11976,0,73.7528,5.25567,70.285,0.84672,12.849,0.84672,3695.15,0,36.966,0.42336,3.1225,1.66589,10.0936,1.59339,12.8652,0.42336,36.966,0.42336,423.524,0,1.02816,0,0,4.15066,3.1225,1.028160,1,0,84.277,0,0,0,84.277,0
72.29,1.86767,0,0,3.37833,0.272338,1.23832,3.6288,61.308,0.493336,0,0,1.78904,0.238186,1.05752,0.66528,12.849,1,0.331965,1.23832,0,69.8731,5.25567,65.5238,0.84672,12.849,0.84672,3695.15,0,36.966,0.42336,2.55033,1.66647,7.47222,1.59339,9.67227,0.42336,36.966,0.42336,423.524,0,1.02816,0,0,3.57849,2.55033,1.028160,1,0,76.2536,0,0,0,76.2536,0
72.29,2.03743,0,0,3.4608,0.357368,1.06601,3.6288,61.308,0.639206,0,0,1.8631,0.201759,1.02214,0.66528,12.849,1,0.362137,1.06601,0,69.7219,3.74472,66.681,0.84672,12.849,0.84672,3695.15,0,36.966,0.42336,2.95311,1.66706,7.61402,1.14501,10.6658,0.42336,36.966,0.42336,423.524,0,1.02816,0,0,3.98127,2.95311,1.028160,1,0,78.369,0,0,0,78.369,0
72.29,2.03827,0,0,6.17052,0.270071,3.86218,3.6288,61.308,0.639791,0,0,1.78991,0.184685,0.96543,0.66528,12.849,1,0.362287,3.86218,0,129.311,3.63636,129.175,0.84672,12.849,0.84672,3695.15,0,36.966,0.42336,4.30489,1.81722,12.5239,0.995705,17.2269,0.42336,36.966,0.42336,423.524,0,1.02816,0,0,5.33305,4.30489,1.028160,1,0,147.367,0,0,0,147.367,0
72.29,2.03911,0,0,3.83527,0.270071,1.52609,3.6288,61.308,0.640375,0,0,1.91234,0.184685,1.08728,0.66528,12.849,1,0.362436,1.52609,0,75.8886,3.63636,73.4159,0.84672,12.849,0.84672,3695.15,0,36.966,0.42336,3.45702,1.81786,7.50514,0.995705,11.361,0.42336,36.966,0.42336,423.524,0,1.02816,0,0,4.48518,3.45702,1.028160,1,0,85.8641,0,0,0,85.8641,0
72.29,2.03995,0,0,2.92925,0.270071,0.619225,3.6288,61.308,0.64096,0,0,1.24556,0.184685,0.419914,0.66528,12.849,1,0.362585,0.619225,0,52.9561,3.63636,49.5764,0.84672,12.849,0.84672,3695.15,0,36.966,0.42336,1.17404,1.8185,4.60378,0.995705,6.17725,0.42336,36.966,0.42336,423.524,0,1.02816,0,0,2.2022,1.17404,1.028160,1,0,56.1736,0,0,0,56.1736,0
72.29,1.77881,0,0,2.55009,0.27588,0.495402,3.6288,61.308,0.434712,0,0,1.18854,0.180793,0.573031,0.66528,12.849,1,0.316169,0.495402,0,45.1474,3.63068,41.6959,0.84672,12.849,0.84672,3695.15,0,36.966,0.42336,0.836076,1.81913,4.63685,0.976488,5.89221,0.42336,36.966,0.42336,423.524,0,1.02816,0,0,1.86424,0.836076,1.028160,1,0,48.1612,0,0,0,48.1612,0
72.29,1.77955,0,0,4.77459,0.310731,2.68431,3.6288,61.308,0.435225,0,0,2.56383,0.157439,1.97117,0.66528,12.849,1,0.316302,2.68431,0,104.819,3.59657,103.59,0.84672,12.849,0.84672,3695.15,0,36.966,0.42336,4.04208,1.60215,11.6213,0.861186,15.981,0.42336,36.966,0.42336,423.524,0,1.02816,0,0,5.07024,4.04208,1.028160,1,0,121.542,0,0,0,121.542,0
72.29,1.7803,0,0,5.09153,0.310731,3.0005,3.6288,61.308,0.435737,0,0,1.97463,0.157439,1.38145,0.66528,12.849,1,0.316436,3.0005,0,84.9623,3.59657,84.0498,0.84672,12.849,0.84672,3695.15,0,36.966,0.42336,3.20573,1.60271,9.8763,0.861186,13.4002,0.42336,36.966,0.42336,423.524,0,1.02816,0,0,4.23389,3.20573,1.028160,1,0,98.8314,0,0,0,98.8314,0
72.29,1.78105,0,0,4.04819,0.310731,1.95641,3.6288,61.308,0.43625,0,0,1.49798,0.157439,0.904288,0.66528,12.849,1,0.316569,1.95641,0,96.6393,3.59657,94.6825,0.84672,12.849,0.84672,3695.15,0,36.966,0.42336,1.88398,1.60327,7.27393,0.861186,9.47664,0.42336,36.966,0.42336,423.524,0,1.02816,0,0,2.91214,1.88398,1.028160,1,0,105.063,0,0,0,105.063,0
72.29,1.7818,0,0,2.74285,0.299402,0.66164,3.6288,61.308,0.436763,0,0,1.03516,0.151423,0.446972,0.66528,12.849,1,0.316702,0.66164,0,77.9596,3.50937,74.7952,0.84672,12.849,0.84672,3695.15,0,36.966,0.42336,1.38285,1.60384,6.56873,0.84866,8.2834,0.42336,36.966,0.42336,423.524,0,1.02816,0,0,2.41101,1.38285,1.028160,1,0,83.5255,0,0,0,83.5255,0
72.29,1.81693,0,0,3.40149,0.302661,1.2819,3.6288,61.308,0.466084,0,0,1.33152,0.137751,0.727683,0.66528,12.849,1,0.322946,1.2819,0,60.7001,2.92838,58.7307,0.84672,12.849,0.84672,3695.15,0,36.966,0.42336,2.01612,1.6044,7.05292,0.661857,9.58822,0.42336,36.966,0.42336,423.524,0,1.02816,0,0,3.04428,2.01612,1.028160,1,0,69.0466,0,0,0,69.0466,0
72.29,1.81769,0,0,3.38804,0.331152,1.23919,3.6288,61.308,0.466608,0,0,1.49506,0.146722,0.881727,0.66528,12.849,1,0.323082,1.23919,0,73.8962,2.90524,71.9071,0.84672,12.849,0.84672,3695.15,0,36.966,0.42336,2.39752,1.6348,7.11323,0.617197,10.105,0.42336,36.966,0.42336,423.524,0,1.02816,0,0,3.42568,2.39752,1.028160,1,0,82.8938,0,0,0,82.8938,0
72.29,1.81846,0,0,2.74518,0.331152,0.595569,3.6288,61.308,0.467131,0,0,1.20758,0.146722,0.593725,0.66528,12.849,1,0.323217,0.595569,0,51.3433,2.90524,48.7104,0.84672,12.849,0.84672,3695.15,0,36.966,0.42336,2.33941,1.63538,5.73521,0.617197,8.66944,0.42336,36.966,0.42336,423.524,0,1.02816,0,0,3.36757,2.33941,1.028160,1,0,57.9736,0,0,0,57.9736,0
72.29,1.81922,0,0,2.83395,0.323111,0.691624,3.6288,61.308,0.467655,0,0,1.03683,0.129029,0.440151,0.66528,12.849,1,0.323353,0.691624,0,51.1266,2.55452,48.9404,0.84672,12.849,0.84672,3695.15,0,36.966,0.42336,2.71356,1.63595,4.94627,0.56805,8.30437,0.42336,36.966,0.42336,423.524,0,1.02816,0,0,3.74172,2.71356,1.028160,1,0,57.6849,0,0,0,57.6849,0
72.29,1.83328,0,0,2.52094,0.283988,0.403672,3.6288,61.308,0.475427,0,0,1.04954,0.120295,0.453814,0.66528,12.849,1,0.325852,0.403672,0,47.4731,2.69046,44.8604,0.84672,12.849,0.84672,3695.15,0,36.966,0.42336,2.23302,1.63652,4.44244,0.68019,7.20843,0.42336,36.966,0.42336,423.524,0,1.02816,0,0,3.26118,2.23302,1.028160,1,0,52.5227,0,0,0,52.5227,0
71.875,1.83405,0,0,2.08233,0.30035,0.36288,3.6288,61.308,0.475953,0,0,1.20099,0.188556,0.536477,0.66528,12.849,1,0.325989,0.36288,0,37.8917,4.32711,33.6015,0.84672,12.849,0.84672,3695.15,0,36.966,0.42336,1.93595,1.64563,5.1133,1.02267,7.24885,0.42336,36.966,0.42336,423.524,0,1.02816,0,0,2.96411,1.93595,1.028160,1,0,41.3868,0,0,0,41.3868,0
71.3297,1.83322,0,0,1.88712,0.236333,0.36288,3.6288,61.308,0.47648,0,0,0.993989,0.224743,0.292766,0.66528,12.849,1,0.327723,0.36288,0,34.2623,4.66313,29.6343,0.84672,12.849,0.84672,3695.15,0,36.966,0.42336,1.70173,1.64621,4.69658,1.04474,6.57643,0.42336,36.966,0.42336,423.524,0,1.02816,0,0,2.72989,1.70173,1.028160,1,0,36.5035,0,0,0,36.5035,0
70.76,1.83187,0,0,1.83249,0.207468,0.36288,3.6288,61.308,0.477006,0,0,1.07463,0.237822,0.359798,0.66528,12.849,1,0.329984,0.36288,0,33.0458,4.77844,28.3002,0.84672,12.849,0.84672,3695.15,0,36.966,0.42336,1.89848,1.64678,5.19757,1.05162,7.26785,0.42336,36.966,0.42336,423.524,0,1.02816,0,0,2.92664,1.89848,1.028160,1,0,35.9279,0,0,0,35.9279,0
70.0059,1.88889,0,0,1.70422,0.206564,0.36288,3.6288,61.308,0.527569,0,0,0.994369,0.237822,0.228979,0.66528,12.849,1,0.342996,0.36288,0,30.2274,4.77844,25.4688,0.84672,12.849,0.84672,3695.15,0,36.966,0.42336,1.62225,1.64736,4.79909,1.05162,6.59372,0.42336,36.966,0.42336,423.524,0,1.02816,0,0,2.65041,1.62225,1.028160,1,0,32.2915,0,0,0,32.2915,0
68.9355,1.88656,0,0,1.40175,0.22269,0.36288,3.6288,61.308,0.528113,0,0,1.00586,0.197989,0.279758,0.66528,12.849,1,0.346262,0.36288,0,26.0705,4.69277,21.3944,0.84672,12.849,0.84672,3695.15,0,36.966,0.42336,1.13549,1.69955,4.24837,0.939925,5.72013,0.42336,36.966,0.42336,423.524,0,1.02816,0,0,2.16365,1.13549,1.028160,1,0,27.3943,0,0,0,27.3943,0
67.9761,1.88281,0,0,1.41455,0.128251,0.36288,3.6288,61.308,0.528657,0,0,1.00272,0.231783,0.242284,0.66528,12.849,1,0.35094,0.36288,0,27.0046,5.14619,21.8703,0.84672,12.849,0.84672,3695.15,0,36.966,0.42336,1.30768,1.70014,4.59386,1.03115,6.14718,0.42336,36.966,0.42336,423.524,0,1.02816,0,0,2.33584,1.30768,1.028160,1,0,28.2598,0,0,0,28.2598,0
66.8653,1.87942,0,0,1.24344,0.111976,0.36288,3.6288,61.308,0.529201,0,0,0.825949,0.237415,0.0593331,0.66528,12.849,1,0.355253,0.36288,0,24.2766,5.22175,19.0625,0.84672,12.849,0.84672,3695.15,0,36.966,0.42336,0.977167,1.70074,3.91262,1.04635,5.12082,0.42336,36.966,0.42336,423.524,0,1.02816,0,0,2.00533,0.977167,1.028160,1,0,24.2426,0,0,0,24.2426,0
65.7014,1.87525,0,0,1.18527,0.111,0.36288,3.6288,61.203,0.529746,0,0,0.662118,0.237415,0,0.66528,12.849,1,0.360353,0.36288,0,22.465,5.22175,17.2458,0.84672,12.849,0.84672,3695.15,0,36.966,0.42336,0.781255,1.70133,3.72759,1.04635,4.74047,0.42336,36.966,0.42336,423.524,0,1.02816,0,0,1.80941,0.781255,1.028160,1,0,21.9863,0,0,0,21.9863,0
64.5355,1.85077,0,0,1.16304,0.115273,0.36288,3.6288,61.0523,0.574225,0,0,0.676576,0.253016,0,0.66528,12.849,1,0.361948,0.36288,0,23.5171,4.90795,18.6101,0.84672,12.849,0.84672,3695.15,0,36.966,0.42336,0.532691,1.70193,2.67245,1.02516,3.45855,0.42336,36.966,0.42336,423.524,0,1.02816,0,0,1.56085,0.532691,1.028160,1,0,22.0687,0,0,0,22.0687,0
63.3411,1.84608,0,0,1.13081,0.116298,0.36288,3.6288,60.8796,0.574785,0,0,0.661211,0.259073,0,0.66528,12.849,1,0.367554,0.36288,0,23.0116,4.78243,18.2245,0.84672,12.849,0.84672,3695.15,0,36.966,0.42336,0.410927,1.732,2.29842,1.01668,3.00131,0.42336,36.966,0.42336,423.524,0,1.02816,0,0,1.43909,0.410927,1.028160,1,0,21.2258,0,0,0,21.2258,0
62.0973,1.84109,0,0,1.05304,0.0928815,0.36288,3.6288,60.6547,0.575346,0,0,0.647983,0.297546,0,0.66528,12.849,1,0.373472,0.36288,0,21.8565,5.32536,16.5206,0.84672,12.849,0.84672,3695.15,0,36.966,0.42336,0.330895,1.73261,2.20203,1.20043,2.64175,0.42336,36.966,0.42336,423.524,0,1.02816,0,0,1.35905,0.330895,1.028160,1,0,19.1623,0,0,0,19.1623,0
60.7431,1.83565,0,0,0.928005,0.0836827,0.36288,3.6288,60.3867,0.575906,0,0,0.612491,0.304597,0,0.66528,12.849,1,0.379828,0.36288,0,20.0705,5.94933,14.1042,0.84672,12.849,0.84672,3695.15,0,36.966,0.42336,0.327923,1.73321,2.2047,1.42482,2.41766,0.42336,36.966,0.42336,423.524,0,1.02816,0,0,1.35608,0.327923,1.028160,1,0,16.5218,0,0,0,16.5218,0
59.3435,1.88027,0,0,0.92143,0.0778278,0.36288,3.6288,60.0551,0.615676,0,0,0.593361,0.309269,0,0.66528,12.849,1,0.397735,0.36288,0,19.2752,6.04371,13.1967,0.84672,12.849,0.84672,3695.15,0,36.966,0.42336,0.308301,1.73382,2.19045,1.47053,2.33867,0.42336,36.966,0.42336,423.524,0,1.02816,0,0,1.33646,0.308301,1.028160,1,0,15.5353,0,0,0,15.5353,0
57.9452,1.87334,0,0,0.902284,0.064451,0.36288,3.6288,59.5262,0.734368,0,0,0.530282,0.324887,0,0.66528,12.849,1,0.405613,0.36288,0,18.85,6.11016,12.6971,0.84672,12.849,0.84672,3695.15,0,36.966,0.42336,0.261274,1.77626,2.05116,1.52196,2.14338,0.42336,36.966,0.42336,423.524,0,0.910043,0,0,1.17132,0.261274,1.028160,1,0,14.8405,0,0,0,14.8405,0
56.4973,1.8661,0,0,0.84475,0.0635836,0.36288,3.6288,59.021,0.692754,0,0,0.511359,0.323792,0,0.66528,12.849,1,0.413797,0.36288,0,17.6822,6.11016,11.5211,0.84672,12.849,0.84672,3695.15,0,36.966,0.42336,0.227405,1.77689,2.12159,1.52196,2.18055,0.42336,36.966,0.42336,423.524,0,0.952232,0,0,1.17964,0.227405,1.028160,1,0,13.7017,0,0,0,13.7017,0
54.9605,1.85823,0,0,0.746911,0.0626856,0.36288,3.6288,58.3641,0.81555,0,0,0.481386,0.322746,0,0.66528,12.849,1,0.422611,0.36288,0,16.7032,6.11016,10.5333,0.84672,12.849,0.84672,3695.15,0,36.966,0.42336,0.227405,1.77751,1.99032,1.52196,2.04991,0.42336,36.966,0.42336,423.524,0,0.83001,0,0,1.05742,0.227405,1.028160,1,0,12.5832,0,0,0,12.5832,0
53.2234,1.99585,0,0,0.674948,0.0532753,0.36288,3.6288,57.6193,0.894974,0,0,0.47663,0.32647,0,0.66528,12.849,1,0.466602,0.36288,0,15.8336,6.25971,9.47015,0.84672,12.849,0.84672,3695.15,0,36.966,0.42336,0.227405,1.77813,1.9859,1.55184,2.01623,0.42336,36.966,0.42336,423.524,0,0.798466,0,0,1.02587,0.227405,1.028160,1,0,11.4864,0,0,0,11.4864,0
51.5263,1.98439,0,0,0.692755,0.0426033,0.36288,3.6288,56.8154,0.940404,0,0,0.447428,0.310842,0,0.66528,12.849,1,0.479065,0.36288,0,13.9149,6.14209,7.65661,0.84672,12.849,0.84672,3695.15,0,36.966,0.42336,0.227405,1.84915,2.15548,1.57368,2.235,0.42336,36.966,0.42336,423.524,0,0.753036,0,0,0.980441,0.227405,1.028160,1,0,9.89162,0,0,0,9.89162,0
49.9513,1.97257,0,0,0.804159,0.0436706,0.36288,3.6288,56.3718,0.687234,0,0,0.548411,0.304796,0,0.66528,12.849,1,0.491896,0.36288,0,17.2713,6.06018,11.0821,0.84672,12.849,0.84672,3695.15,0,36.966,0.42336,0.204422,1.84934,2.41186,1.56487,2.4774,0.42336,36.966,0.42336,423.524,0,1.00621,0,0,1.21063,0.204422,1.028160,1,0,13.5595,0,0,0,13.5595,0
48.2198,1.96104,0,0,0.635325,0.0429548,0.36288,3.6288,55.4376,1.03057,0,0,0.400317,0.303916,0,0.66528,12.849,1,0.504438,0.36288,0,17.8234,6.06018,11.6216,0.84672,12.849,0.84672,3695.15,0,36.966,0.42336,0.204422,1.84953,1.91111,1.56487,1.97683,0.42336,36.966,0.42336,423.524,0,0.662869,0,0,0.867292,0.204422,1.028160,1,0,13.5985,0,0,0,13.5985,0
46.654,1.94753,0,0,0.786853,0.0421621,0.36288,3.6288,55.1363,0.66528,0,0,0.665991,0.302064,0,0.66528,12.849,1,0.518953,0.36288,0,15.7955,6.06018,9.57922,0.84672,12.849,0.84672,3695.15,0,36.966,0.42336,0.518772,1.84972,2.87181,1.56487,3.25207,0.42336,36.966,0.42336,423.524,0,1.02816,0,0,1.54693,0.518772,1.028160,1,0,12.8313,0,0,0,12.8313,0
45.0585,1.86551,0,0,0.695327,0.0625297,0.36288,3.6288,54.6216,0.764122,0,0,0.532315,0.282902,0,0.66528,12.849,1,0.51378,0.36288,0,14.2845,5.44639,8.68722,0.84672,12.849,0.84672,3695.15,0,36.966,0.42336,0.204422,1.84991,2.59189,1.31862,2.90424,0.42336,36.966,0.42336,423.524,0,0.929318,0,0,1.13374,0.204422,1.028160,1,0,11.5915,0,0,0,11.5915,0
43.4306,1.85211,0,0,0.66242,0.0752361,0.36288,3.6288,54.4981,0.66528,0,0,0.821375,0.279624,0,0.66528,12.849,1,0.528154,0.36288,0,11.9208,5.30953,6.44597,0.84672,12.849,0.84672,3695.15,0,36.966,0.42336,0.896357,1.83357,2.87463,1.25985,3.92134,0.42336,36.966,0.42336,423.524,0,1.02816,0,0,1.92452,0.896357,1.028160,1,0,10.3673,0,0,0,10.3673,0
41.7408,1.83759,0,0,0.584486,0.0738554,0.36288,3.6288,53.9937,0.701698,0,0,0.476691,0.279396,0,0.66528,12.849,1,0.543653,0.36288,0,12.2104,5.30953,6.72009,0.84672,12.849,0.84672,3695.15,0,36.966,0.42336,0.216518,1.83375,2.208,1.25985,2.57505,0.42336,36.966,0.42336,423.524,0,0.991742,0,0,1.20826,0.216518,1.028160,1,0,9.29514,0,0,0,9.29514,0
39.967,1.82151,0,0,0.482996,0.0724221,0.36288,3.6288,53.2995,0.8356,0,0,0.419956,0.278465,0,0.66528,12.849,1,0.560713,0.36288,0,11.2738,5.30953,5.76645,0.84672,12.849,0.84672,3695.15,0,36.966,0.42336,0.216518,1.83393,2.04479,1.25985,2.41203,0.42336,36.966,0.42336,423.524,0,0.85784,0,0,1.07436,0.216518,1.028160,1,0,8.17848,0,0,0,8.17848,0
38.5303,1.74856,0,0,0.80785,0.133104,0.36288,3.6288,53.1097,0.60522,0,0,0.621612,0.206248,0,0.66528,12.849,1,0.562145,0.36288,0,16.1342,4.34625,11.5886,0.84672,12.849,0.84672,3695.15,0,36.966,0.42336,0.216518,1.83412,2.68036,0.947594,3.36004,0.42336,36.966,0.42336,423.524,0,1.02343,0,0,1.23994,0.216518,1.028160,1,0,14.9487,0,0,0,14.9487,0
37.0081,1.73355,0,0,0.690333,0.116098,0.36288,3.6288,52.4621,0.984246,0,0,0.518956,0.182317,0,0.66528,12.849,1,0.578102,0.36288,0,15.3695,4.39965,10.7547,0.84672,12.849,0.84672,3695.15,0,36.966,0.42336,0.216518,1.77065,2.72258,0.915984,3.37041,0.42336,36.966,0.42336,423.524,0,0.644967,0,0,0.861486,0.216518,1.028160,1,0,14.1251,0,0,0,14.1251,0
35.6361,1.71661,0,0,0.903087,0.195604,0.36288,3.6288,51.5257,1.17702,0,0,0.41049,0.169822,0,0.66528,12.849,1,0.595998,0.36288,0,21.2942,4.51647,16.5446,0.84672,12.849,0.84672,3695.15,0,36.966,0.42336,0.292723,1.77127,2.64227,1.0648,3.2181,0.42336,36.966,0.42336,423.524,0,0.452762,0,0,0.745485,0.292723,1.028160,1,0,19.7627,0,0,0,19.7627,0
34.1478,1.70045,0,0,0.767422,0.192426,0.36288,3.6288,50.8087,1.00916,0,0,0.460685,0.168545,0,0.66528,12.849,1,0.613116,0.36288,0,17.4071,4.51647,12.6404,0.84672,12.849,0.84672,3695.15,0,36.966,0.42336,0.292723,1.77189,2.93687,1.0648,3.51332,0.42336,36.966,0.42336,423.524,0,0.621192,0,0,0.913915,0.292723,1.028160,1,0,16.1537,0,0,0,16.1537,0
34.3906,1.569,0,0,2.36373,0.188978,0.36288,3.6288,51.6469,0.468521,0,0,1.47427,0.167566,0,0.66528,12.849,1,0.590377,0.36288,0,60.3088,4.51647,55.5648,0.84672,12.849,0.84672,3695.15,0,36.966,0.42336,1.89464,1.77251,6.9835,1.0648,9.16249,0.42336,36.966,0.42336,423.524,0,1.02816,0,0,2.9228,1.89464,1.028160,1,0,64.7273,0,0,0,64.7273,0
34.7997,1.57269,0,0,2.52884,0.184241,0.36288,3.6288,53.0473,0.469043,0,0,2.0656,0.196169,0,0.66528,12.849,1,0.587587,0.36288,0,89.8033,4.72176,84.8568,0.84672,12.849,0.84672,3695.15,0,36.966,0.42336,1.31613,1.64034,8.00513,1.05099,9.48726,0.42336,36.966,0.42336,423.524,0,1.02816,0,0,2.34429,1.31613,1.028160,1,0,94.3441,0,0,0,94.3441,0
33.8752,1.57839,0,0,1.20112,0.184274,0.36288,3.6288,53.6399,0.564389,0,0,1.36003,0.203019,0,0.66528,12.849,1,0.582786,0.36288,0,51.677,4.75597,46.7012,0.84672,12.849,0.84672,3695.15,0,36.966,0.42336,0.412474,1.64091,5.5088,1.04869,6.09014,0.42336,36.966,0.42336,423.524,0,0.933336,0,0,1.34581,0.412474,1.028160,1,0,52.7913,0,0,0,52.7913,0
33.8968,1.56751,0,0,2.14417,0.192179,0.36288,3.6288,54.3788,0.470087,0,0,1.42337,0.214361,0,0.66528,12.849,1,0.594564,0.36288,0,46.979,4.28467,42.4626,0.84672,12.849,0.84672,3695.15,0,36.966,0.42336,0.960535,1.64148,5.76719,1.05091,6.89494,0.42336,36.966,0.42336,423.524,0,1.02816,0,0,1.98869,0.960535,1.028160,1,0,49.3575,0,0,0,49.3575,0
34.7025,1.56844,0,0,2.94321,0.206254,0.36288,3.6288,55.6803,0.470609,0,0,1.95923,0.187124,0,0.66528,12.849,1,0.594537,0.36288,0,78.5653,3.5187,74.815,0.84672,12.849,0.84672,3695.15,0,36.966,0.42336,1.94018,1.64206,10.4226,0.940728,12.6408,0.42336,36.966,0.42336,423.524,0,1.02816,0,0,2.96834,1.94018,1.028160,1,0,87.4557,0,0,0,87.4557,0
37.5436,1.59982,0,0,5.01251,0.208679,0.36288,3.6288,57.7065,0.489005,0,0,2.71116,0.19601,0,0.66528,12.849,1,0.592352,0.36288,0,125.723,3.58881,121.905,0.84672,12.849,0.84672,3695.15,0,36.966,0.42336,2.48347,1.64263,12.352,0.926072,15.1287,0.42336,36.966,0.42336,423.524,0,1.02816,0,0,3.51163,2.48347,1.028160,1,0,137.034,0,0,0,137.034,0
40.1426,1.63387,0,0,4.80413,0.208331,0.36288,3.6288,59.4084,0.489514,0,0,2.40005,0.208587,0,0.66528,12.849,1,0.559179,0.36288,0,137.021,3.53776,133.287,0.84672,12.849,0.84672,3695.15,0,36.966,0.42336,1.92936,1.66231,11.7933,0.861349,14.1003,0.42336,36.966,0.42336,423.524,0,1.02816,0,0,2.95752,1.92936,1.028160,1,0,147.387,0,0,0,147.387,0
44.0209,1.66196,0,0,6.11787,0.21474,0.36288,3.6288,61.308,0.490024,0,0,2.71185,0.210884,0.111363,0.66528,12.849,1,0.531967,0.36288,0,156.23,3.53776,152.523,0.84672,12.849,0.84672,3695.15,0,36.966,0.42336,2.22714,1.66287,13.7818,0.861349,16.3871,0.42336,36.966,0.42336,423.524,0,1.02816,0,0,3.2553,2.22714,1.028160,1,0,169.022,0,0,0,169.022,0
46.1722,1.69892,0,0,4.4377,0.22468,0.36288,3.6288,61.308,0.490534,0,0,2.3911,0.213447,1.68712,0.66528,12.849,1,0.495887,0.36288,0,79.2763,3.53776,75.6055,0.84672,12.849,0.84672,3695.15,0,36.966,0.42336,1.75064,1.66343,8.88192,0.861349,11.0113,0.42336,36.966,0.42336,423.524,0,1.02816,0,0,2.7788,1.75064,1.028160,1,0,88.3039,0,0,0,88.3039,0
48.816,1.91752,0,0,5.15445,0.230194,0.36288,3.6288,61.308,0.66528,0,0,2.83806,0.213447,1.95933,0.66528,12.849,1,0.533618,0.36288,0,93.6602,3.53776,89.9517,0.84672,12.849,0.84672,3695.15,0,36.966,0.42336,2.28401,1.66399,13.4837,0.861349,16.147,0.42336,36.966,0.42336,423.524,0,1.02816,0,0,3.31217,2.28401,1.028160,1,0,108.058,0,0,0,108.058,0
51.449,1.94117,0,0,5.21815,0.281125,0.36288,3.6288,61.308,0.66528,0,0,1.79447,0.180888,0.9483,0.66528,12.849,1,0.51094,0.36288,0,143.969,3.54774,140.273,0.84672,12.849,0.84672,3695.15,0,36.966,0.42336,1.04952,1.84703,8.49761,0.95764,10.0132,0.42336,36.966,0.42336,423.524,0,1.02816,0,0,2.07768,1.04952,1.028160,1,0,151.235,0,0,0,151.235,0
56.2692,1.96286,0,0,7.43067,0.284749,0.36288,3.6288,61.308,0.66528,0,0,2.81523,0.191953,1.958,0.66528,12.849,1,0.49021,0.36288,0,200.095,3.80982,196.157,0.84672,12.849,0.84672,3695.15,0,36.966,0.42336,2.16187,1.84721,14.4899,1.03963,17.036,0.42336,36.966,0.42336,423.524,0,1.02816,0,0,3.19003,2.16187,1.028160,1,0,215.151,0,0,0,215.151,0
61.2074,1.99784,0,0,7.58972,0.290767,0.36288,3.6288,61.308,0.66528,0,0,3.22489,0.19723,2.36238,0.66528,12.849,1,0.456204,0.36288,0,187.015,4.14296,182.779,0.84672,12.849,0.84672,3695.15,0,36.966,0.42336,2.66637,1.8474,18.1761,1.10334,21.1632,0.42336,36.966,0.42336,423.524,0,1.02816,0,0,3.69453,2.66637,1.028160,1,0,206.305,0,0,0,206.305,0
65.0324,1.7694,0,0,6.26624,0.30898,0.36288,3.6288,61.308,0.461353,0,0,2.17147,0.16738,1.54274,0.66528,12.849,1,0.371442,0.36288,0,175.292,3.71353,171.57,0.84672,12.849,0.84672,3695.15,0,36.966,0.42336,1.75046,1.84758,11.1581,0.914982,13.4178,0.42336,36.966,0.42336,423.524,0,1.02816,0,0,2.77862,1.75046,1.028160,1,0,186.53,0,0,0,186.53,0
66.3744,1.78836,0,0,3.79441,0.301142,0.36288,3.6288,61.308,0.461853,0,0,2.09847,0.176699,1.45991,0.66528,12.849,1,0.353341,0.36288,0,119.388,3.7149,115.683,0.84672,12.849,0.84672,3695.15,0,36.966,0.42336,1.2246,1.63133,9.98837,0.958129,11.4628,0.42336,36.966,0.42336,423.524,0,1.02816,0,0,2.25276,1.2246,1.028160,1,0,128.606,0,0,0,128.606,0
67.4843,1.79506,0,0,3.57227,0.304387,0.36288,3.6288,61.308,0.462353,0,0,1.91012,0.176699,1.27107,0.66528,12.849,1,0.347495,0.36288,0,97.1801,3.7149,93.4806,0.84672,12.849,0.84672,3695.15,0,36.966,0.42336,1.31061,1.63188,6.63892,0.958129,8.19991,0.42336,36.966,0.42336,423.524,0,1.02816,0,0,2.33877,1.31061,1.028160,1,0,102.952,0,0,0,102.952,0
70.3261,1.80059,0,0,5.28777,0.28257,0.36288,3.6288,61.308,0.462854,0,0,3.17009,0.167372,2.53986,0.66528,12.849,1,0.342832,0.36288,0,163.464,3.53336,159.95,0.84672,12.849,0.84672,3695.15,0,36.966,0.42336,2.91198,1.63242,14.887,0.93921,18.0688,0.42336,36.966,0.42336,423.524,0,1.02816,0,0,3.94014,2.91198,1.028160,1,0,180.559,0,0,0,180.559,0
72.29,1.81303,0,0,4.81412,0.339467,0.697698,3.6288,61.308,0.463354,0,0,3.24871,0.219703,2.56565,0.66528,12.849,1,0.331252,0.697698,0,127.402,4.01359,123.755,0.84672,12.849,0.84672,3695.15,0,36.966,0.42336,2.12255,1.63297,11.2271,1.05116,13.5081,0.42336,36.966,0.42336,423.524,0,1.02816,0,0,3.15071,2.12255,1.028160,1,0,139.829,0,0,0,139.829,0
72.29,1.85641,0,0,4.82369,0.294414,2.67287,3.6288,61.308,0.493186,0,0,2.45524,0.1783,1.78375,0.66528,12.849,1,0.329962,2.67287,0,188.053,3.79712,186.599,0.84672,12.849,0.84672,3695.15,0,36.966,0.42336,2.02535,1.63352,14.1415,1.049,16.328,0.42336,36.966,0.42336,423.524,0,1.02816,0,0,3.05351,2.02535,1.028160,1,0,204.711,0,0,0,204.711,0
72.29,1.85715,0,0,4.7122,0.290757,2.5643,3.6288,61.308,0.493696,0,0,3.50089,0.165296,2.8419,0.66528,12.849,1,0.330094,2.5643,0,152.796,3.89634,151.134,0.84672,12.849,0.84672,3695.15,0,36.966,0.42336,2.35053,1.66445,16.3282,1.08496,18.8349,0.42336,36.966,0.42336,423.524,0,1.02816,0,0,3.37869,2.35053,1.028160,1,0,172.81,0,0,0,172.81,0
72.29,1.85789,0,0,5.86151,0.290757,3.71286,3.6288,61.308,0.494206,0,0,2.73819,0.165296,2.07869,0.66528,12.849,1,0.330226,3.71286,0,151.951,3.89634,151.437,0.84672,12.849,0.84672,3695.15,0,36.966,0.42336,2.42385,1.66501,15.5368,1.08496,18.1173,0.42336,36.966,0.42336,423.524,0,1.02816,0,0,3.45201,2.42385,1.028160,1,0,171.633,0,0,0,171.633,0
72.29,1.85864,0,0,4.73615,0.290757,2.58676,3.6288,61.308,0.494717,0,0,2.00442,0.165296,1.34441,0.66528,12.849,1,0.330359,2.58676,0,126.287,3.89634,124.647,0.84672,12.849,0.84672,3695.15,0,36.966,0.42336,1.66776,1.66557,12.5092,1.08496,14.3342,0.42336,36.966,0.42336,423.524,0,1.02816,0,0,2.69592,1.66776,1.028160,1,0,140.325,0,0,0,140.325,0
72.29,1.8288,0,0,3.79287,0.221363,1.7427,3.6288,61.308,0.472352,0,0,1.7594,0.191129,1.09592,0.66528,12.849,1,0.325055,1.7427,0,112.085,3.96758,109.535,0.84672,12.849,0.84672,3695.15,0,36.966,0.42336,1.40006,1.66613,10.8521,1.10181,12.3931,0.42336,36.966,0.42336,423.524,0,1.02816,0,0,2.42822,1.40006,1.028160,1,0,123.024,0,0,0,123.024,0
72.29,1.82953,0,0,3.2798,0.221618,1.22864,3.6288,61.308,0.472855,0,0,1.50313,0.205354,0.824918,0.66528,12.849,1,0.325186,1.22864,0,81.7828,4.0929,78.5933,0.84672,12.849,0.84672,3695.15,0,36.966,0.42336,1.22671,1.64227,8.74653,1.07534,10.1168,0.42336,36.966,0.42336,423.524,0,1.02816,0,0,2.25487,1.22671,1.028160,1,0,89.5351,0,0,0,89.5351,0
72.29,1.83027,0,0,2.79929,0.221618,0.747405,3.6288,61.308,0.473358,0,0,1.41999,0.205354,0.741281,0.66528,12.849,1,0.325316,0.747405,0,71.7137,4.0929,68.0429,0.84672,12.849,0.84672,3695.15,0,36.966,0.42336,0.989781,1.64282,7.43947,1.07534,8.57337,0.42336,36.966,0.42336,423.524,0,1.02816,0,0,2.01794,0.989781,1.028160,1,0,77.3576,0,0,0,77.3576,0
72.29,1.831,0,0,2.49031,0.221618,0.437687,3.6288,61.308,0.473862,0,0,1.2706,0.205354,0.591383,0.66528,12.849,1,0.325447,0.437687,0,61.4921,4.0929,57.5114,0.84672,12.849,0.84672,3695.15,0,36.966,0.42336,0.737355,1.64337,6.36109,1.07534,7.24311,0.42336,36.966,0.42336,423.524,0,1.02816,0,0,1.76551,0.737355,1.028160,1,0,65.3459,0,0,0,65.3459,0
72.066,1.93568,0,0,2.28317,0.208655,0.36288,3.6288,61.308,0.5556,0,0,1.14964,0.188287,0.405751,0.66528,12.849,1,0.344053,0.36288,0,56.4194,3.73902,52.6992,0.84672,12.849,0.84672,3695.15,0,36.966,0.42336,0.609293,1.64392,5.94446,0.985586,6.78872,0.42336,36.966,0.42336,423.524,0,1.02816,0,0,1.63745,0.609293,1.028160,1,0,59.8937,0,0,0,59.8937,0
71.9167,1.93554,0,0,2.31468,0.165503,0.36288,3.6288,61.308,0.556131,0,0,1.11213,0.231374,0.324628,0.66528,12.849,1,0.345097,0.36288,0,60.8803,4.02822,56.8699,0.84672,12.849,0.84672,3695.15,0,36.966,0.42336,0.635377,1.73017,6.02371,1.09822,6.86768,0.42336,36.966,0.42336,423.524,0,1.02816,0,0,1.66354,0.635377,1.028160,1,0,64.0622,0,0,0,64.0622,0
71.7307,1.9357,0,0,2.27365,0.161063,0.36288,3.6288,61.308,0.556662,0,0,1.01666,0.242348,0.217651,0.66528,12.849,1,0.345842,0.36288,0,56.6631,4.15506,52.5251,0.84672,12.849,0.84672,3695.15,0,36.966,0.42336,0.468901,1.73075,5.75277,1.13694,6.39213,0.42336,36.966,0.42336,423.524,0,1.02816,0,0,1.49706,0.468901,1.028160,1,0,59.1349,0,0,0,59.1349,0
71.3234,1.93571,0,0,2.02346,0.132165,0.36288,3.6288,61.308,0.557193,0,0,0.964976,0.261234,0.146548,0.66528,12.849,1,0.346741,0.36288,0,50.128,4.36926,45.7749,0.84672,12.849,0.84672,3695.15,0,36.966,0.42336,0.405942,1.73133,5.59625,1.19166,6.1185,0.42336,36.966,0.42336,423.524,0,1.02816,0,0,1.4341,0.405942,1.028160,1,0,52.0399,0,0,0,52.0399,0
70.8312,1.9348,0,0,1.91576,0.110319,0.36288,3.6288,61.308,0.557724,0,0,0.924774,0.2754,0.0916501,0.66528,12.849,1,0.348557,0.36288,0,47.7641,4.52991,43.2485,0.84672,12.849,0.84672,3695.15,0,36.966,0.42336,0.321252,1.73191,5.53448,1.23271,5.93158,0.42336,36.966,0.42336,423.524,0,1.02816,0,0,1.34941,0.321252,1.028160,1,0,49.2717,0,0,0,49.2717,0
70.2241,1.91299,0,0,1.788,0.11919,0.36288,3.6288,60.9489,0.761781,0,0,0.669921,0.26728,0,0.66528,12.849,1,0.347023,0.36288,0,38.3386,4.75665,33.5978,0.84672,12.849,0.84672,3695.15,0,36.966,0.42336,0.30119,1.73249,4.47731,1.24671,4.84092,0.42336,36.966,0.42336,423.524,0,0.869357,0,0,1.17055,0.30119,1.028160,1,0,38.4387,0,0,0,38.4387,0
69.4951,1.91122,0,0,1.67063,0.125567,0.36288,3.6288,60.2598,0.896256,0,0,0.467803,0.260597,0,0.66528,12.849,1,0.349698,0.36288,0,31.7704,4.92671,26.8569,0.84672,12.849,0.84672,3695.15,0,36.966,0.42336,0.261274,1.76308,3.71345,1.25722,4.05723,0.42336,36.966,0.42336,423.524,0,0.735428,0,0,0.996702,0.261274,1.028160,1,0,30.9141,0,0,0,30.9141,0
68.62,1.90888,0,0,1.52155,0.124861,0.36288,3.6288,59.5794,0.881674,0,0,0.460688,0.259459,0,0.66528,12.849,1,0.352934,0.36288,0,31.0318,4.92671,26.115,0.84672,12.849,0.84672,3695.15,0,36.966,0.42336,0.261274,1.76367,3.58201,1.25722,3.92637,0.42336,36.966,0.42336,423.524,0,0.750557,0,0,1.01183,0.261274,1.028160,1,0,30.0414,0,0,0,30.0414,0
67.5986,1.90585,0,0,1.3713,0.124014,0.36288,3.6288,58.739,1.01106,0,0,0.429004,0.258336,0,0.66528,12.849,1,0.356867,0.36288,0,28.7619,4.92671,23.8412,0.84672,12.849,0.84672,3695.15,0,36.966,0.42336,0.261274,1.76426,3.41051,1.25722,3.75547,0.42336,36.966,0.42336,423.524,0,0.621717,0,0,0.882991,0.261274,1.028160,1,0,27.5966,0,0,0,27.5966,0
66.4395,1.95476,0,0,1.25931,0.100684,0.36288,3.6288,57.7346,1.092,0,0,0.393519,0.305869,0,0.66528,12.849,1,0.371558,0.36288,0,25.4485,5.6316,19.8082,0.84672,12.849,0.84672,3695.15,0,36.966,0.42336,0.261274,1.76485,3.13966,1.48291,3.25952,0.42336,36.966,0.42336,423.524,0,0.581239,0,0,0.842512,0.261274,1.028160,1,0,23.0678,0,0,0,23.0678,0
65.2681,1.9501,0,0,1.23581,0.0943101,0.36288,3.6288,56.676,1.16366,0,0,0.400366,0.295332,0,0.66528,12.849,1,0.377138,0.36288,0,25.9203,5.90877,19.9973,0.84672,12.849,0.84672,3695.15,0,36.966,0.42336,0.261274,1.80803,2.64736,1.39443,2.89888,0.42336,36.966,0.42336,423.524,0,0.510132,0,0,0.771405,0.261274,1.028160,1,0,22.8962,0,0,0,22.8962,0
64.0378,1.94522,0,0,1.17125,0.0934328,0.36288,3.6288,55.6857,1.05516,0,0,0.358182,0.29331,0,0.66528,12.849,1,0.382945,0.36288,0,22.9028,5.90877,16.974,0.84672,12.849,0.84672,3695.15,0,36.966,0.42336,0.227405,1.80864,2.76508,1.39443,2.98333,0.42336,36.966,0.42336,423.524,0,0.619194,0,0,0.846599,0.227405,1.028160,1,0,19.9573,0,0,0,19.9573,0
62.7374,1.93986,0,0,1.09491,0.0925116,0.36288,3.6288,54.5971,1.12858,0,0,0.331398,0.291419,0,0.66528,12.849,1,0.389227,0.36288,0,21.7772,5.90877,15.8421,0.84672,12.849,0.84672,3695.15,0,36.966,0.42336,0.227405,1.80924,2.42625,1.39443,2.64511,0.42336,36.966,0.42336,423.524,0,0.546333,0,0,0.773738,0.227405,1.028160,1,0,18.4872,0,0,0,18.4872,0
61.2767,2.08655,0,0,1.0802,0.0915378,0.36288,3.6288,53.5713,1.09496,0,0,0.358544,0.289339,0,0.66528,12.849,1,0.427338,0.36288,0,20.2072,5.90877,14.234,0.84672,12.849,0.84672,3695.15,0,36.966,0.42336,0.227405,1.80985,2.7438,1.39443,2.96327,0.42336,36.966,0.42336,423.524,0,0.598484,0,0,0.825889,0.227405,1.028160,1,0,17.1973,0,0,0,17.1973,0
59.7122,2.07894,0,0,0.963835,0.0864858,0.36288,3.6288,52.3163,1.25187,0,0,0.294071,0.297198,0,0.66528,12.849,1,0.43593,0.36288,0,17.2758,6.3266,10.8761,0.84672,12.849,0.84672,3695.15,0,36.966,0.42336,0.227405,1.85879,2.71314,1.50493,2.87105,0.42336,36.966,0.42336,423.524,0,0.441568,0,0,0.668973,0.227405,1.028160,1,0,13.7472,0,0,0,13.7472,0
58.1474,2.07035,0,0,0.958375,0.0899474,0.36288,3.6288,51.1186,1.20461,0,0,0.301634,0.294741,0,0.66528,12.849,1,0.445503,0.36288,0,17.676,6.38904,11.2043,0.84672,12.849,0.84672,3695.15,0,36.966,0.42336,0.204422,1.85898,2.25177,1.52821,2.3636,0.42336,36.966,0.42336,423.524,0,0.488825,0,0,0.693248,0.204422,1.028160,1,0,13.5679,0,0,0,13.5679,0
56.4035,2.06134,0,0,0.768925,0.0885976,0.36288,3.6288,49.7222,1.34175,0,0,0.237184,0.291901,0,0.66528,12.849,1,0.455501,0.36288,0,20.7908,6.38904,14.3091,0.84672,12.849,0.84672,3695.15,0,36.966,0.42336,0.204422,1.85916,1.87054,1.52821,1.98255,0.42336,36.966,0.42336,423.524,0,0.351689,0,0,0.556111,0.204422,1.028160,1,0,16.2917,0,0,0,16.2917,0
54.8135,2.05067,0,0,0.910647,0.0870934,0.36288,3.6288,48.7343,1.0613,0,0,0.362051,0.288591,0,0.66528,12.849,1,0.467153,0.36288,0,17.8452,6.38904,11.3519,0.84672,12.849,0.84672,3695.15,0,36.966,0.42336,0.204422,1.85935,2.52954,1.52821,2.64174,0.42336,36.966,0.42336,423.524,0,0.63214,0,0,0.836562,0.204422,1.028160,1,0,13.9937,0,0,0,13.9937,0
53.3796,1.96777,0,0,0.984675,0.0879248,0.36288,3.6288,47.5327,1.22801,0,0,0.291969,0.265578,0,0.66528,12.849,1,0.461271,0.36288,0,19.923,6.28423,13.5403,0.84672,12.849,0.84672,3695.15,0,36.966,0.42336,0.204422,1.85953,2.61783,1.55833,2.7001,0.42336,36.966,0.42336,423.524,0,0.465427,0,0,0.66985,0.204422,1.028160,1,0,16.2405,0,0,0,16.2405,0
52.2894,1.95855,0,0,1.32078,0.0895509,0.36288,3.6288,46.6133,1.04794,0,0,0.364215,0.235648,0,0.66528,12.849,1,0.471443,0.36288,0,18.2255,6.1445,11.9724,0.84672,12.849,0.84672,3695.15,0,36.966,0.42336,0.216518,1.84289,3.00897,1.59848,3.04654,0.42336,36.966,0.42336,423.524,0,0.645498,0,0,0.862016,0.216518,1.028160,1,0,15.019,0,0,0,15.019,0
51.1294,1.95143,0,0,1.24287,0.0885541,0.36288,3.6288,45.8419,0.909516,0,0,0.371897,0.233812,0,0.66528,12.849,1,0.479522,0.36288,0,24.2043,6.1445,17.9431,0.84672,12.849,0.84672,3695.15,0,36.966,0.42336,0.216518,1.84307,2.79814,1.59848,2.8359,0.42336,36.966,0.42336,423.524,0,0.783924,0,0,1.00044,0.216518,1.028160,1,0,20.779,0,0,0,20.779,0
49.4737,1.9435,0,0,0.73815,0.0874936,0.36288,3.6288,44.5407,1.32313,0,0,0.25411,0.23215,0,0.66528,12.849,1,0.488407,0.36288,0,16.8269,6.1445,10.5569,0.84672,12.849,0.84672,3695.15,0,36.966,0.42336,0.216518,1.84325,1.8189,1.59848,1.85683,0.42336,36.966,0.42336,423.524,0,0.370307,0,0,0.586825,0.216518,1.028160,1,0,12.4137,0,0,0,12.4137,0
48.1361,1.87271,0,0,1.01931,0.121308,0.36288,3.6288,43.463,1.19684,0,0,0.348652,0.229557,0,0.66528,12.849,1,0.486368,0.36288,0,17.7102,5.86978,11.7169,0.84672,12.849,0.84672,3695.15,0,36.966,0.42336,0.216518,1.84343,2.44141,1.54718,2.53082,0.42336,36.966,0.42336,423.524,0,0.460618,0,0,0.677137,0.216518,1.028160,1,0,14.2477,0,0,0,14.2477,0
46.7776,1.86277,0,0,0.94443,0.0772889,0.36288,3.6288,42.4702,1.12719,0,0,0.356925,0.222518,0,0.66528,12.849,1,0.497232,0.36288,0,12.8809,4.06675,8.67984,0.84672,12.849,0.84672,3695.15,0,36.966,0.42336,0.216518,1.80198,2.6826,0.827929,3.44981,0.42336,36.966,0.42336,423.524,0,0.530824,0,0,0.747343,0.216518,1.028160,1,0,12.1296,0,0,0,12.1296,0
45.7292,1.85218,0,0,1.34928,0.182665,0.36288,3.6288,41.3331,1.23908,0,0,0.310096,0.20807,0,0.66528,12.849,1,0.508761,0.36288,0,19.7793,4.20305,15.4304,0.84672,12.849,0.84672,3695.15,0,36.966,0.42336,0.292723,1.80258,2.85536,1.00155,3.52576,0.42336,36.966,0.42336,423.524,0,0.419491,0,0,0.712214,0.292723,1.028160,1,0,18.9561,0,0,0,18.9561,0
44.4575,1.8438,0,0,1.11557,0.180547,0.36288,3.6288,40.2158,1.17871,0,0,0.267195,0.205803,0,0.66528,12.849,1,0.518071,0.36288,0,15.8627,4.20305,11.5045,0.84672,12.849,0.84672,3695.15,0,36.966,0.42336,0.292723,1.80319,2.76969,1.00155,3.44069,0.42336,36.966,0.42336,423.524,0,0.48041,0,0,0.773133,0.292723,1.028160,1,0,14.9452,0,0,0,14.9452,0
45.0427,1.71054,0,0,2.83662,0.177978,0.36288,3.6288,40.3728,0.494913,0,0,0.855443,0.203576,0,0.66528,12.849,1,0.494377,0.36288,0,44.2557,4.20305,39.9212,0.84672,12.849,0.84672,3695.15,0,36.966,0.42336,1.32441,1.80379,6.47274,1.00155,8.17603,0.42336,36.966,0.42336,423.524,0,1.02816,0,0,2.35257,1.32441,1.028160,1,0,48.0972,0,0,0,48.0972,0
46.1267,1.71622,0,0,3.36124,0.198146,0.36288,3.6288,40.507,0.495422,0,0,0.811345,0.181673,0,0.66528,12.849,1,0.489574,0.36288,0,60.5747,4.20109,56.2469,0.84672,12.849,0.84672,3695.15,0,36.966,0.42336,0.464141,1.66927,6.30907,1.11265,6.90647,0.42336,36.966,0.42336,423.524,0,1.02816,0,0,1.4923,0.464141,1.028160,1,0,63.1534,0,0,0,63.1534,0
48.4119,1.72591,0,0,4.58224,0.208255,0.36288,3.6288,40.3899,0.496389,0,0,0.552301,0.173014,0,0.66528,12.849,1,0.480767,0.36288,0,63.3689,4.20031,59.0507,0.84672,12.849,0.84672,3695.15,0,36.966,0.42336,0.412474,1.66982,7.17327,1.1571,7.67511,0.42336,36.966,0.42336,423.524,0,1.0277,0,0,1.44018,0.412474,1.028160,1,0,66.7258,0,0,0,66.7258,0
51.7352,1.70344,0,0,5.60316,0.213557,0.36288,3.6288,40.6596,0.466306,0,0,0.908807,0.172816,0,0.66528,12.849,1,0.452111,0.36288,0,85.4,4.20031,81.1105,0.84672,12.849,0.84672,3695.15,0,36.966,0.42336,1.57252,1.67038,8.67491,1.1571,10.3374,0.42336,36.966,0.42336,423.524,0,1.02816,0,0,2.60068,1.57252,1.028160,1,0,91.4478,0,0,0,91.4478,0
53.0444,1.7274,0,0,3.63539,0.235918,0.36288,3.6288,40.8293,0.466805,0,0,0.821457,0.184975,0,0.66528,12.849,1,0.429018,0.36288,0,59.4977,4.29951,55.1321,0.84672,12.849,0.84672,3695.15,0,36.966,0.42336,1.22801,1.63791,7.17733,1.1766,8.44329,0.42336,36.966,0.42336,423.524,0,1.02816,0,0,2.25617,1.22801,1.028160,1,0,63.5754,0,0,0,63.5754,0
55.6925,1.80168,0,0,5.05836,0.245667,0.36288,3.6288,41.0758,0.515646,0,0,0.970782,0.208625,0,0.66528,12.849,1,0.436422,0.36288,0,72.5371,4.88511,67.5785,0.84672,12.849,0.84672,3695.15,0,36.966,0.42336,1.45962,1.63846,7.88365,1.30382,9.25455,0.42336,36.966,0.42336,423.524,0,1.02816,0,0,2.48778,1.45962,1.028160,1,0,76.833,0,0,0,76.833,0
56.7087,1.81923,0,0,3.42043,0.222133,0.36288,3.6288,41.5497,0.516143,0,0,1.14888,0.158866,0,0.66528,12.849,1,0.419721,0.36288,0,44.5534,3.80639,40.6901,0.84672,12.849,0.84672,3695.15,0,36.966,0.42336,1.20491,1.6915,4.42595,1.03637,5.86264,0.42336,36.966,0.42336,423.524,0,1.02816,0,0,2.23307,1.20491,1.028160,1,0,46.5528,0,0,0,46.5528,0
59.3744,1.82606,0,0,5.06909,0.214457,0.36288,3.6288,42.0295,0.51664,0,0,1.13901,0.142555,0,0.66528,12.849,1,0.413748,0.36288,0,93.2533,3.38509,89.8173,0.84672,12.849,0.84672,3695.15,0,36.966,0.42336,0.915736,1.69205,4.90449,0.923921,6.16499,0.42336,36.966,0.42336,423.524,0,1.02816,0,0,1.9439,0.915736,1.028160,1,0,95.9823,0,0,0,95.9823,0
60.8934,1.84204,0,0,3.94407,0.220102,0.36288,3.6288,42.3432,0.517137,0,0,0.97403,0.143216,0,0.66528,12.849,1,0.398629,0.36288,0,57.4887,3.38509,54.0678,0.84672,12.849,0.84672,3695.15,0,36.966,0.42336,0.610546,1.69259,3.56355,0.923921,4.51941,0.42336,36.966,0.42336,423.524,0,1.02816,0,0,1.63871,0.610546,1.028160,1,0,58.5872,0,0,0,58.5872,0
61.3536,2.0656,0,0,3.11183,0.223165,0.36288,3.6288,42.2998,0.762575,0,0,0.86286,0.143648,0,0.66528,12.849,1,0.435857,0.36288,0,36.6247,3.38509,33.1666,0.84672,12.849,0.84672,3695.15,0,36.966,0.42336,0.503194,1.69314,3.03264,0.923921,3.88169,0.42336,36.966,0.42336,423.524,0,0.930865,0,0,1.43406,0.503194,1.028160,1,0,37.0483,0,0,0,37.0483,0
61.0372,2.06908,0,0,2.36996,0.254379,0.36288,3.6288,42.395,0.705594,0,0,0.943609,0.142772,0,0.66528,12.849,1,0.433317,0.36288,0,36.3783,3.56201,32.7458,0.84672,12.849,0.84672,3695.15,0,36.966,0.42336,0.503194,1.85646,3.70584,0.969102,4.67304,0.42336,36.966,0.42336,423.524,0,0.987846,0,0,1.49104,0.503194,1.028160,1,0,37.4189,0,0,0,37.4189,0
60.49,2.068,0,0,2.14034,0.256745,0.36288,3.6288,42.4481,0.66528,0,0,0.849917,0.131567,0,0.66528,12.849,1,0.435336,0.36288,0,35.494,3.69705,31.7245,0.84672,12.849,0.84672,3695.15,0,36.966,0.42336,0.585576,1.85664,3.8196,1.00016,4.83829,0.42336,36.966,0.42336,423.524,0,1.02816,0,0,1.61374,0.585576,1.028160,1,0,36.5628,0,0,0,36.5628,0
60.6404,2.06553,0,0,2.8344,0.255579,0.36288,3.6288,42.6497,0.66528,0,0,0.998551,0.131634,0,0.66528,12.849,1,0.43875,0.36288,0,49.3607,3.69705,45.5877,0.84672,12.849,0.84672,3695.15,0,36.966,0.42336,0.901238,1.85681,5.00658,1.00016,6.34111,0.42336,36.966,0.42336,423.524,0,1.02816,0,0,1.9294,0.901238,1.028160,1,0,51.9289,0,0,0,51.9289,0
61.2953,1.80344,0,0,3.07713,0.2559,0.36288,3.6288,43.0941,0.487337,0,0,1.06358,0.131888,0,0.66528,12.849,1,0.382128,0.36288,0,53.9395,3.69705,50.2232,0.84672,12.849,0.84672,3695.15,0,36.966,0.42336,0.747973,1.85699,4.60847,1.00016,5.78992,0.42336,36.966,0.42336,423.524,0,1.02816,0,0,1.77613,0.747973,1.028160,1,0,56.0131,0,0,0,56.0131,0
62.6468,1.80751,0,0,3.80412,0.282227,0.36288,3.6288,43.9367,0.487824,0,0,1.48713,0.156703,0,0.66528,12.849,1,0.378898,0.36288,0,56.6241,3.33157,53.2765,0.84672,12.849,0.84672,3695.15,0,36.966,0.42336,1.29834,1.65979,5.83058,0.897473,7.46788,0.42336,36.966,0.42336,423.524,0,1.02816,0,0,2.3265,1.29834,1.028160,1,0,60.7444,0,0,0,60.7444,0
63.7362,1.81499,0,0,3.56339,0.296107,0.36288,3.6288,45.2506,0.488311,0,0,1.96213,0.159931,0,0.66528,12.849,1,0.372258,0.36288,0,72.7955,3.28524,69.5008,0.84672,12.849,0.84672,3695.15,0,36.966,0.42336,1.76522,1.66032,7.7576,0.890122,9.86966,0.42336,36.966,0.42336,423.524,0,1.02816,0,0,2.79338,1.76522,1.028160,1,0,79.3705,0,0,0,79.3705,0
66.426,1.82098,0,0,5.17237,0.298747,0.36288,3.6288,47.0526,0.488799,0,0,2.45276,0.161916,0,0.66528,12.849,1,0.367104,0.36288,0,126.044,3.28524,122.754,0.84672,12.849,0.84672,3695.15,0,36.966,0.42336,2.13587,1.66085,9.52085,0.890122,12.0041,0.42336,36.966,0.42336,423.524,0,1.02816,0,0,3.16403,2.13587,1.028160,1,0,134.758,0,0,0,134.758,0
70.5444,1.83414,0,0,6.62072,0.305268,0.36288,3.6288,48.5869,0.489286,0,0,2.18812,0.1646,0,0.66528,12.849,1,0.354784,0.36288,0,135.374,3.28524,132.097,0.84672,12.849,0.84672,3695.15,0,36.966,0.42336,2.27655,1.66139,10.9522,0.890122,13.5766,0.42336,36.966,0.42336,423.524,0,1.02816,0,0,3.30471,2.27655,1.028160,1,0,145.674,0,0,0,145.674,0
71.6951,1.88785,0,0,3.71326,0.311829,0.36288,3.6288,49.683,0.519614,0,0,1.81256,0.196764,0,0.66528,12.849,1,0.343854,0.36288,0,88.4364,4.07279,84.3827,0.84672,12.849,0.84672,3695.15,0,36.966,0.42336,1.96874,1.66192,8.42806,1.09095,10.5444,0.42336,36.966,0.42336,423.524,0,1.02816,0,0,2.9969,1.96874,1.028160,1,0,94.9271,0,0,0,94.9271,0
72.29,1.89325,0,0,3.95526,0.320726,1.14639,3.6288,51.1655,0.520112,0,0,2.18784,0.185256,0,0.66528,12.849,1,0.339304,1.14639,0,127.664,3.82704,124.644,0.84672,12.849,0.84672,3695.15,0,36.966,0.42336,2.76569,1.69337,7.94975,1.00551,10.9799,0.42336,36.966,0.42336,423.524,0,1.02816,0,0,3.79385,2.76569,1.028160,1,0,135.624,0,0,0,135.624,0
72.29,1.89635,0,0,4.20137,0.32218,1.98284,3.6288,53.3322,0.520609,0,0,2.87484,0.187513,0,0.66528,12.849,1,0.337062,1.98284,0,91.7421,3.82704,89.5609,0.84672,12.849,0.84672,3695.15,0,36.966,0.42336,3.77667,1.69391,7.99692,1.00551,12.0386,0.42336,36.966,0.42336,423.524,0,1.02816,0,0,4.80483,3.77667,1.028160,1,0,101.599,0,0,0,101.599,0
72.29,1.89707,0,0,3.58891,0.266002,1.42583,3.6288,54.5637,0.521107,0,0,1.96817,0.215635,0,0.66528,12.849,1,0.337191,1.42583,0,61.0813,4.05768,58.1122,0.84672,12.849,0.84672,3695.15,0,36.966,0.42336,3.18108,1.69446,7.05508,1.01928,10.488,0.42336,36.966,0.42336,423.524,0,1.02816,0,0,4.20924,3.18108,1.028160,1,0,68.6002,0,0,0,68.6002,0
72.29,1.86669,0,0,2.72407,0.225325,0.632058,3.6288,55.2992,0.498332,0,0,1.46035,0.226461,0,0.66528,12.849,1,0.33179,0.632058,0,50.3063,4.07537,46.5312,0.84672,12.849,0.84672,3695.15,0,36.966,0.42336,2.02804,1.695,5.42302,1.02231,7.70039,0.42336,36.966,0.42336,423.524,0,1.02816,0,0,3.0562,2.02804,1.028160,1,0,54.2316,0,0,0,54.2316,0
72.29,1.8674,0,0,2.60596,0.268836,0.469723,3.6288,56.0794,0.498822,0,0,1.46391,0.184855,0,0.66528,12.849,1,0.331917,0.469723,0,57.1273,3.38217,53.883,0.84672,12.849,0.84672,3695.15,0,36.966,0.42336,2.04519,1.6707,4.41754,1.00276,6.70731,0.42336,36.966,0.42336,423.524,0,1.02816,0,0,3.07335,2.04519,1.028160,1,0,60.5903,0,0,0,60.5903,0
72.1764,1.86812,0,0,2.34394,0.226564,0.36288,3.6288,56.5765,0.499313,0,0,1.21419,0.217842,0,0.66528,12.849,1,0.332044,0.36288,0,51.2476,3.70824,47.5702,0.84672,12.849,0.84672,3695.15,0,36.966,0.42336,1.82562,1.67124,4.04623,1.02624,6.09349,0.42336,36.966,0.42336,423.524,0,1.02816,0,0,2.85378,1.82562,1.028160,1,0,53.6636,0,0,0,53.6636,0
72.0197,1.86839,0,0,2.25882,0.184271,0.36288,3.6288,57.1092,0.499803,0,0,1.27013,0.237582,0,0.66528,12.849,1,0.332615,0.36288,0,49.0802,3.88122,45.2293,0.84672,12.849,0.84672,3695.15,0,36.966,0.42336,1.94521,1.67177,4.29648,1.03657,6.45354,0.42336,36.966,0.42336,423.524,0,1.02816,0,0,2.97337,1.94521,1.028160,1,0,51.6828,0,0,0,51.6828,0
71.591,1.97417,0,0,2.09242,0.184051,0.36288,3.6288,57.4668,0.58293,0,0,1.1789,0.238407,0,0.66528,12.849,1,0.352211,0.36288,0,44.7841,3.88122,40.9135,0.84672,12.849,0.84672,3695.15,0,36.966,0.42336,1.76195,1.67231,4.21676,1.03657,6.19109,0.42336,36.966,0.42336,423.524,0,1.02816,0,0,2.79011,1.76195,1.028160,1,0,47.1046,0,0,0,47.1046,0
70.915,1.97313,0,0,1.85363,0.193613,0.36288,3.6288,57.7087,0.583447,0,0,1.06474,0.239424,0,0.66528,12.849,1,0.354133,0.36288,0,36.3769,3.96312,32.4225,0.84672,12.849,0.84672,3695.15,0,36.966,0.42336,1.25935,1.76003,3.32984,1.10792,4.81794,0.42336,36.966,0.42336,423.524,0,1.02816,0,0,2.28751,1.25935,1.028160,1,0,37.2405,0,0,0,37.2405,0
69.9663,1.97102,0,0,1.5394,0.154157,0.36288,3.6288,57.7082,0.583965,0,0,0.828472,0.244978,0,0.66528,12.849,1,0.357127,0.36288,0,28.5806,4.15506,24.4313,0.84672,12.849,0.84672,3695.15,0,36.966,0.42336,1.09053,1.76059,2.85504,1.08673,4.19608,0.42336,36.966,0.42336,423.524,0,1.02816,0,0,2.11869,1.09053,1.028160,1,0,28.6274,0,0,0,28.6274,0
69.0035,1.96767,0,0,1.52073,0.153036,0.36288,3.6288,57.7721,0.584482,0,0,0.893376,0.244977,0,0.66528,12.849,1,0.361354,0.36288,0,27.7287,4.15506,23.5752,0.84672,12.849,0.84672,3695.15,0,36.966,0.42336,1.05171,1.76116,3.0935,1.08673,4.39629,0.42336,36.966,0.42336,423.524,0,1.02816,0,0,2.07987,1.05171,1.028160,1,0,27.9714,0,0,0,27.9714,0
67.9493,1.96417,0,0,1.4248,0.151898,0.36288,3.6288,57.7803,0.585,0,0,0.838305,0.245078,0,0.66528,12.849,1,0.365744,0.36288,0,25.8719,4.15506,21.714,0.84672,12.849,0.84672,3695.15,0,36.966,0.42336,0.984718,1.76172,2.76607,1.08673,4.00243,0.42336,36.966,0.42336,423.524,0,1.02816,0,0,2.01288,0.984718,1.028160,1,0,25.7164,0,0,0,25.7164,0
67.13,1.93939,0,0,1.61929,0.13635,0.36288,3.6288,57.7388,0.631009,0,0,0.818977,0.229501,0,0.66528,12.849,1,0.366733,0.36288,0,29.4403,4.13377,25.3027,0.84672,12.849,0.84672,3695.15,0,36.966,0.42336,0.858263,1.76229,2.97907,1.1058,4.07047,0.42336,36.966,0.42336,423.524,0,1.02816,0,0,1.88642,0.858263,1.028160,1,0,29.3731,0,0,0,29.3731,0
66.5371,1.93637,0,0,1.82294,0.116526,0.36288,3.6288,57.6944,0.631541,0,0,0.79583,0.208657,0,0.66528,12.849,1,0.370631,0.36288,0,34.6416,4.1054,30.5285,0.84672,12.849,0.84672,3695.15,0,36.966,0.42336,0.88363,1.79338,3.01552,1.13123,4.13794,0.42336,36.966,0.42336,423.524,0,1.02816,0,0,1.91179,0.88363,1.028160,1,0,34.6664,0,0,0,34.6664,0
65.7855,1.93434,0,0,1.66153,0.115981,0.36288,3.6288,57.6114,0.632073,0,0,0.757598,0.208597,0,0.66528,12.849,1,0.373541,0.36288,0,33.2226,4.1054,29.1066,0.84672,12.849,0.84672,3695.15,0,36.966,0.42336,0.764934,1.79396,2.8271,1.13123,3.8314,0.42336,36.966,0.42336,423.524,0,1.02816,0,0,1.79309,0.764934,1.028160,1,0,32.938,0,0,0,32.938,0
65.1617,1.9315,0,0,1.75113,0.0804669,0.36288,3.6288,57.4982,0.632606,0,0,0.761806,0.242313,0,0.66528,12.849,1,0.377254,0.36288,0,32.9724,4.83703,28.121,0.84672,12.849,0.84672,3695.15,0,36.966,0.42336,0.835116,1.79453,2.84901,1.35769,3.69761,0.42336,36.966,0.42336,423.524,0,1.02816,0,0,1.86328,0.835116,1.028160,1,0,31.8186,0,0,0,31.8186,0
64.4839,1.98249,0,0,1.74764,0.0800663,0.36288,3.6288,57.3211,0.66528,0,0,0.730227,0.242135,0,0.66528,12.849,1,0.390921,0.36288,0,29.5498,4.83703,24.6847,0.84672,12.849,0.84672,3695.15,0,36.966,0.42336,0.753399,1.79511,2.74775,1.35769,3.51521,0.42336,36.966,0.42336,423.524,0,1.02816,0,0,1.78156,0.753399,1.028160,1,0,28.1999,0,0,0,28.1999,0
63.8643,1.97982,0,0,1.80458,0.0815803,0.36288,3.6288,57.2034,0.66528,0,0,0.840154,0.292543,0,0.66528,12.849,1,0.394496,0.36288,0,31.0027,5.85512,25.116,0.84672,12.849,0.84672,3695.15,0,36.966,0.42336,0.87321,1.83247,2.97334,1.5165,3.73916,0.42336,36.966,0.42336,423.524,0,1.02816,0,0,1.90137,0.87321,1.028160,1,0,28.8552,0,0,0,28.8552,0
63.1706,1.97738,0,0,1.72779,0.0811726,0.36288,3.6288,57.0671,0.66528,0,0,0.821292,0.292319,0,0.66528,12.849,1,0.397833,0.36288,0,29.0114,5.85512,23.1213,0.84672,12.849,0.84672,3695.15,0,36.966,0.42336,0.911589,1.83264,3.05592,1.5165,3.86029,0.42336,36.966,0.42336,423.524,0,1.02816,0,0,1.93975,0.911589,1.028160,1,0,26.9816,0,0,0,26.9816,0
62.2591,1.97449,0,0,1.50661,0.0807162,0.36288,3.6288,56.8842,0.66528,0,0,0.77449,0.292061,0,0.66528,12.849,1,0.401615,0.36288,0,27.486,5.85512,21.5922,0.84672,12.849,0.84672,3695.15,0,36.966,0.42336,0.731436,1.8328,2.91997,1.5165,3.54435,0.42336,36.966,0.42336,423.524,0,1.02816,0,0,1.7596,0.731436,1.028160,1,0,25.1365,0,0,0,25.1365,0
61.0847,2.12539,0,0,1.38946,0.0755882,0.36288,3.6288,56.6859,0.66528,0,0,0.761193,0.294232,0,0.66528,12.849,1,0.438637,0.36288,0,25.9306,5.92989,19.925,0.84672,12.849,0.84672,3695.15,0,36.966,0.42336,0.653694,1.83297,2.89341,1.53144,3.42527,0.42336,36.966,0.42336,423.524,0,1.02816,0,0,1.68185,0.653694,1.028160,1,0,23.3503,0,0,0,23.3503,0
59.5114,2.11922,0,0,1.00106,0.0923161,0.36288,3.6288,56.431,0.66528,0,0,0.692134,0.281781,0,0.66528,12.849,1,0.445771,0.36288,0,21.0644,6.08492,14.8966,0.84672,12.849,0.84672,3695.15,0,36.966,0.42336,0.529364,1.86819,2.54496,1.44294,3.07621,0.42336,36.966,0.42336,423.524,0,1.02816,0,0,1.55752,0.529364,1.028160,1,0,17.9728,0,0,0,17.9728,0
57.7174,2.11031,0,0,0.796634,0.117434,0.36288,3.6288,56.0771,0.66528,0,0,0.577977,0.266566,0,0.66528,12.849,1,0.455634,0.36288,0,15.5989,5.96495,9.54122,0.84672,12.849,0.84672,3695.15,0,36.966,0.42336,0.32743,1.86837,2.26319,1.36133,2.67429,0.42336,36.966,0.42336,423.524,0,1.02816,0,0,1.35559,0.32743,1.028160,1,0,12.2155,0,0,0,12.2155,0
56.032,2.09951,0,0,0.892365,0.11541,0.36288,3.6288,55.7388,0.66528,0,0,0.592903,0.265951,0,0.66528,12.849,1,0.467391,0.36288,0,15.5053,5.96495,9.43589,0.84672,12.849,0.84672,3695.15,0,36.966,0.42336,0.365187,1.86855,2.42568,1.36133,2.87472,0.42336,36.966,0.42336,423.524,0,1.02816,0,0,1.39335,0.365187,1.028160,1,0,12.3106,0,0,0,12.3106,0
54.8771,2.08885,0,0,1.42815,0.131264,0.36288,3.6288,55.541,0.66528,0,0,0.72868,0.261223,0,0.66528,12.849,1,0.479007,0.36288,0,25.7591,5.84621,19.7968,0.84672,12.849,0.84672,3695.15,0,36.966,0.42336,0.664615,1.86873,2.6442,1.34677,3.40741,0.42336,36.966,0.42336,423.524,0,1.02816,0,0,1.69277,0.664615,1.028160,1,0,23.2042,0,0,0,23.2042,0
54.2811,2.00749,0,0,1.90916,0.134765,0.36288,3.6288,55.511,0.66528,0,0,0.864697,0.229407,0,0.66528,12.849,1,0.470036,0.36288,0,28.1175,5.57567,22.4347,0.84672,12.849,0.84672,3695.15,0,36.966,0.42336,0.727773,1.86891,3.17193,1.29647,4.04878,0.42336,36.966,0.42336,423.524,0,1.02816,0,0,1.75593,0.727773,1.028160,1,0,26.4835,0,0,0,26.4835,0
53.3452,2.00407,0,0,1.62759,0.196577,0.36288,3.6288,55.415,0.66528,0,0,0.740586,0.171261,0,0.66528,12.849,1,0.474387,0.36288,0,26.5635,4.73697,21.715,0.84672,12.849,0.84672,3695.15,0,36.966,0.42336,0.971793,1.85198,4.0742,1.14862,5.32599,0.42336,36.966,0.42336,423.524,0,1.02816,0,0,1.99995,0.971793,1.028160,1,0,27.041,0,0,0,27.041,0
52.4974,1.99811,0,0,1.70795,0.194716,0.36288,3.6288,55.386,0.66528,0,0,0.807391,0.171153,0,0.66528,12.849,1,0.481275,0.36288,0,30.9381,4.73697,26.0827,0.84672,12.849,0.84672,3695.15,0,36.966,0.42336,0.881798,1.85215,3.93168,1.14862,5.09365,0.42336,36.966,0.42336,423.524,0,1.02816,0,0,1.90996,0.881798,1.028160,1,0,31.1764,0,0,0,31.1764,0
52.4733,1.99261,0,0,2.52437,0.19303,0.36288,3.6288,55.6677,0.66528,0,0,1.11811,0.17112,0,0.66528,12.849,1,0.487701,0.36288,0,28.1839,4.73697,23.3221,0.84672,12.849,0.84672,3695.15,0,36.966,0.42336,1.2928,1.85233,4.66542,1.14862,6.23857,0.42336,36.966,0.42336,423.524,0,1.02816,0,0,2.32096,1.2928,1.028160,1,0,29.5607,0,0,0,29.5607,0
52.7548,1.93291,0,0,2.77028,0.192982,0.36288,3.6288,56.6253,0.657378,0,0,1.78644,0.171437,0,0.66528,12.849,1,0.473306,0.36288,0,74.1995,4.73697,69.3521,0.84672,12.849,0.84672,3695.15,0,36.966,0.42336,1.78892,1.8525,6.24318,1.14862,8.31262,0.42336,36.966,0.42336,423.524,0,1.02816,0,0,2.81708,1.78892,1.028160,1,0,77.6648,0,0,0,77.6648,0
51.9415,1.93567,0,0,1.73176,0.246535,0.36288,3.6288,56.8061,0.657918,0,0,1.08441,0.245672,0,0.66528,12.849,1,0.471452,0.36288,0,47.5073,4.9878,42.4109,0.84672,12.849,0.84672,3695.15,0,36.966,0.42336,0.918657,1.83251,4.58326,1.10258,5.80849,0.42336,36.966,0.42336,423.524,0,1.02816,0,0,1.94682,0.918657,1.028160,1,0,48.2194,0,0,0,48.2194,0
50.6716,1.93047,0,0,1.27673,0.253233,0.36288,3.6288,56.7995,0.658458,0,0,0.909973,0.258169,0,0.66528,12.849,1,0.47755,0.36288,0,51.411,5.02961,46.2667,0.84672,12.849,0.84672,3695.15,0,36.966,0.42336,0.662982,1.8331,3.61262,1.0949,4.59043,0.42336,36.966,0.42336,423.524,0,1.02816,0,0,1.69114,0.662982,1.028160,1,0,50.8572,0,0,0,50.8572,0
49.8467,1.92165,0,0,1.70512,0.245536,0.36288,3.6288,56.9689,0.658998,0,0,1.08467,0.256229,0,0.66528,12.849,1,0.48728,0.36288,0,34.845,4.98161,29.739,0.84672,12.849,0.84672,3695.15,0,36.966,0.42336,0.979499,1.83368,4.73778,1.10564,6.02196,0.42336,36.966,0.42336,423.524,0,1.02816,0,0,2.00766,0.979499,1.028160,1,0,35.761,0,0,0,35.761,0
54.4425,1.74632,0,0,6.93795,0.232917,0.36288,3.6288,58.1798,0.490014,0,0,1.92636,0.225505,0,0.66528,12.849,1,0.450149,0.36288,0,108.27,4.2729,103.909,0.84672,12.849,0.84672,3695.15,0,36.966,0.42336,2.23622,1.83427,11.373,1.06235,13.9578,0.42336,36.966,0.42336,423.524,0,1.02816,0,0,3.26438,2.23622,1.028160,1,0,117.867,0,0,0,117.867,0
56.5018,1.77774,0,0,4.4641,0.264208,0.36288,3.6288,59.4932,0.4905,0,0,1.99427,0.190295,0,0.66528,12.849,1,0.419565,0.36288,0,74.0311,3.72696,70.2474,0.84672,12.849,0.84672,3695.15,0,36.966,0.42336,2.39264,1.6639,11.3119,0.902282,14.0428,0.42336,36.966,0.42336,423.524,0,1.02816,0,0,3.4208,2.39264,1.028160,1,0,84.2902,0,0,0,84.2902,0
58.3093,1.79088,0,0,4.22969,0.268417,0.36288,3.6288,60.932,0.490987,0,0,2.11344,0.183673,0,0.66528,12.849,1,0.407262,0.36288,0,52.8471,3.73821,49.0645,0.84672,12.849,0.84672,3695.15,0,36.966,0.42336,1.87618,1.66443,10.2895,0.889904,12.5169,0.42336,36.966,0.42336,423.524,0,1.02816,0,0,2.90434,1.87618,1.028160,1,0,61.5814,0,0,0,61.5814,0
63.6548,1.80191,0,0,7.78351,0.273217,0.36288,3.6288,61.308,0.491473,0,0,2.92492,0.185363,1.8721,0.66528,12.849,1,0.397068,0.36288,0,130.052,3.73821,126.279,0.84672,12.849,0.84672,3695.15,0,36.966,0.42336,3.09048,1.66496,14.7906,0.889904,18.2327,0.42336,36.966,0.42336,423.524,0,1.02816,0,0,4.11864,3.09048,1.028160,1,0,146.384,0,0,0,146.384,0
67.4326,1.83036,0,0,6.25735,0.286307,0.36288,3.6288,61.308,0.491959,0,0,4.22632,0.185805,3.54855,0.66528,12.849,1,0.369465,0.36288,0,118.796,3.73821,115.051,0.84672,12.849,0.84672,3695.15,0,36.966,0.42336,3.57992,1.6655,14.1446,0.889904,18.0768,0.42336,36.966,0.42336,423.524,0,1.02816,0,0,4.60808,3.57992,1.028160,1,0,136.676,0,0,0,136.676,0
70.269,1.84774,0,0,5.34532,0.298328,0.36288,3.6288,61.308,0.491959,0,0,1.96086,0.237112,1.23179,0.66528,12.849,1,0.352079,0.36288,0,79.5839,4.60899,74.9857,0.84672,12.849,0.84672,3695.15,0,36.966,0.42336,2.57137,1.66603,10.6205,1.22987,13.2046,0.42336,36.966,0.42336,423.524,0,1.02816,0,0,3.59953,2.57137,1.028160,1,0,89.4221,0,0,0,89.4221,0
72.29,1.92994,0,0,5.83079,0.304786,1.57503,3.6288,61.308,0.5416,0,0,2.60321,0.199901,1.86171,0.66528,12.849,1,0.352899,1.57503,0,100.742,4.21181,97.7527,0.84672,12.849,0.84672,3695.15,0,36.966,0.42336,3.39743,1.66603,10.3197,1.22825,13.7315,0.42336,36.966,0.42336,423.524,0,1.02816,0,0,4.42559,3.39743,1.028160,1,0,113.346,0,0,0,113.346,0
72.29,1.93903,0,0,9.90187,0.336943,7.6259,3.6288,61.308,0.542083,0,0,3.67963,0.188574,2.94897,0.66528,12.849,1,0.344648,7.6259,0,148.306,3.74094,151.847,0.84672,12.849,0.84672,3695.15,0,36.966,0.42336,4.25825,1.71994,14.3583,1.22923,18.6839,0.42336,36.966,0.42336,423.524,0,1.02816,0,0,5.28641,4.25825,1.028160,1,0,173.48,0,0,0,173.48,0
72.29,1.93974,0,0,8.80079,0.336943,6.52411,3.6288,61.308,0.542567,0,0,4.39576,0.188574,3.66462,0.66528,12.849,1,0.344773,6.52411,0,159.511,3.74094,161.949,0.84672,12.849,0.84672,3695.15,0,36.966,0.42336,4.80182,1.72047,18.169,1.22923,23.0387,0.42336,36.966,0.42336,423.524,0,1.02816,0,0,5.82998,4.80182,1.028160,1,0,188.653,0,0,0,188.653,0
72.29,1.94044,0,0,7.66515,0.336943,5.38776,3.6288,61.308,0.54305,0,0,3.74052,0.188574,3.0089,0.66528,12.849,1,0.344899,5.38776,0,167.504,3.74094,168.806,0.84672,12.849,0.84672,3695.15,0,36.966,0.42336,4.41902,1.721,15.8893,1.22923,20.3767,0.42336,36.966,0.42336,423.524,0,1.02816,0,0,5.44718,4.41902,1.028160,1,0,192.191,0,0,0,192.191,0
72.29,2.16555,0,0,9.69337,0.339962,7.18786,3.6288,61.308,0.66528,0,0,3.89104,0.183803,3.04196,0.66528,12.849,1,0.38491,7.18786,0,152.023,4.09179,154.734,0.84672,12.849,0.84672,3695.15,0,36.966,0.42336,4.72792,1.72153,14.5867,1.20963,19.4031,0.42336,36.966,0.42336,423.524,0,1.02816,0,0,5.75608,4.72792,1.028160,1,0,177.179,0,0,0,177.179,0
72.29,2.16632,0,0,9.47238,0.34117,6.96488,3.6288,61.308,0.66528,0,0,3.88538,0.181895,3.03821,0.66528,12.849,1,0.385048,6.96488,0,148.229,4.23213,150.576,0.84672,12.849,0.84672,3695.15,0,36.966,0.42336,7.52345,1.86565,19.1051,1.20179,26.8691,0.42336,36.966,0.42336,423.524,0,1.02816,0,0,8.55161,7.52345,1.028160,1,0,180.484,0,0,0,180.484,0
72.29,2.1671,0,0,6.48099,0.34117,3.97272,3.6288,61.308,0.66528,0,0,2.98357,0.181895,2.1364,0.66528,12.849,1,0.385186,3.97272,0,150.724,4.23213,150.079,0.84672,12.849,0.84672,3695.15,0,36.966,0.42336,2.42594,1.86582,11.7247,1.20179,14.3913,0.42336,36.966,0.42336,423.524,0,1.02816,0,0,3.4541,2.42594,1.028160,1,0,166.607,0,0,0,166.607,0
72.29,2.16788,0,0,5.07093,0.335251,2.5678,3.6288,61.308,0.66528,0,0,2.12254,0.163713,1.29354,0.66528,12.849,1,0.385324,2.5678,0,96.8207,3.8852,95.118,0.84672,12.849,0.84672,3695.15,0,36.966,0.42336,1.36696,1.86599,7.5587,1.0725,9.29579,0.42336,36.966,0.42336,423.524,0,1.02816,0,0,2.39512,1.36696,1.028160,1,0,105.707,0,0,0,105.707,0
72.29,1.8482,0,0,5.12662,0.322128,2.95629,3.6288,61.308,0.482188,0,0,2.02114,0.182117,1.35683,0.66528,12.849,1,0.328504,2.95629,0,104.603,4.01751,103.213,0.84672,12.849,0.84672,3695.15,0,36.966,0.42336,3.11206,1.86616,10.9846,1.05531,14.4842,0.42336,36.966,0.42336,423.524,0,1.02816,0,0,4.14022,3.11206,1.028160,1,0,119.054,0,0,0,119.054,0
72.29,1.84888,0,0,5.24584,0.334404,3.06255,3.6288,61.308,0.482652,0,0,1.77974,0.164247,1.13285,0.66528,12.849,1,0.328624,3.06255,0,103.324,3.63426,102.424,0.84672,12.849,0.84672,3695.15,0,36.966,0.42336,2.93941,1.65415,9.04202,0.989374,12.2228,0.42336,36.966,0.42336,423.524,0,1.02816,0,0,3.96757,2.93941,1.028160,1,0,115.779,0,0,0,115.779,0
72.29,1.84956,0,0,6.36736,0.330234,4.18757,3.6288,61.308,0.483117,0,0,2.94761,0.170134,2.29435,0.66528,12.849,1,0.328745,4.18757,0,133.866,3.80269,133.922,0.84672,12.849,0.84672,3695.15,0,36.966,0.42336,3.83022,1.65466,14.9196,1.01345,18.9676,0.42336,36.966,0.42336,423.524,0,1.02816,0,0,4.85838,3.83022,1.028160,1,0,155.184,0,0,0,155.184,0
72.29,1.85024,0,0,5.36726,0.305212,3.21181,3.6288,61.308,0.483582,0,0,1.85151,0.205461,1.16247,0.66528,12.849,1,0.328866,3.21181,0,73.5627,4.8133,71.6323,0.84672,12.849,0.84672,3695.15,0,36.966,0.42336,2.73237,1.65516,9.74454,1.15791,12.5508,0.42336,36.966,0.42336,423.524,0,1.02816,0,0,3.76053,2.73237,1.028160,1,0,85.3456,0,0,0,85.3456,0
72.29,1.85092,0,0,4.19881,0.305064,2.04283,3.6288,61.308,0.484047,0,0,1.42482,0.191539,0.749237,0.66528,12.849,1,0.328987,2.04283,0,76.0112,4.38038,73.3446,0.84672,12.849,0.84672,3695.15,0,36.966,0.42336,2.1013,1.65567,6.49748,0.995068,8.83602,0.42336,36.966,0.42336,423.524,0,1.02816,0,0,3.12946,2.1013,1.028160,1,0,82.9299,0,0,0,82.9299,0
72.29,1.93238,0,0,4.12576,0.302863,1.89051,3.6288,61.308,0.54535,0,0,1.21565,0.165214,0.505084,0.66528,12.849,1,0.343467,1.89051,0,52.7883,3.44129,50.8941,0.84672,12.849,0.84672,3695.15,0,36.966,0.42336,2.46584,1.65618,5.40397,0.673292,8.42934,0.42336,36.966,0.42336,423.524,0,1.02816,0,0,3.494,2.46584,1.028160,1,0,59.8285,0,0,0,59.8285,0
72.29,1.93309,0,0,5.23056,0.300423,2.99705,3.6288,61.308,0.545834,0,0,1.3159,0.176523,0.593542,0.66528,12.849,1,0.343592,2.99705,0,92.6611,3.63226,91.6823,0.84672,12.849,0.84672,3695.15,0,36.966,0.42336,1.4166,1.72153,6.86838,0.787065,8.79607,0.42336,36.966,0.42336,423.524,0,1.02816,0,0,2.44476,1.4166,1.028160,1,0,101.072,0,0,0,101.072,0
72.29,1.93379,0,0,3.75988,0.300423,1.52566,3.6288,61.308,0.546317,0,0,1.42939,0.176523,0.706553,0.66528,12.849,1,0.343717,1.52566,0,51.8839,3.63226,49.4336,0.84672,12.849,0.84672,3695.15,0,36.966,0.42336,2.58854,1.72206,6.46535,0.787065,9.56551,0.42336,36.966,0.42336,423.524,0,1.02816,0,0,3.6167,2.58854,1.028160,1,0,59.7056,0,0,0,59.7056,0
72.29,1.9345,0,0,4.80969,0.300423,2.57477,3.6288,61.308,0.546801,0,0,2.07442,0.176523,1.3511,0.66528,12.849,1,0.343843,2.57477,0,101.669,3.63226,100.267,0.84672,12.849,0.84672,3695.15,0,36.966,0.42336,2.98695,1.72258,9.4176,0.787065,12.9167,0.42336,36.966,0.42336,423.524,0,1.02816,0,0,4.01511,2.98695,1.028160,1,0,114.535,0,0,0,114.535,0
72.29,1.90358,0,0,3.61994,0.253718,1.46265,3.6288,61.308,0.523627,0,0,1.37007,0.192023,0.654421,0.66528,12.849,1,0.338346,1.46265,0,64.6774,3.9985,61.8032,0.84672,12.849,0.84672,3695.15,0,36.966,0.42336,1.80972,1.72311,6.63224,0.917509,8.8242,0.42336,36.966,0.42336,423.524,0,1.02816,0,0,2.83788,1.80972,1.028160,1,0,71.2818,0,0,0,71.2818,0
72.29,1.90427,0,0,3.27083,0.253718,1.11284,3.6288,61.308,0.524104,0,0,1.35093,0.192023,0.634806,0.66528,12.849,1,0.33847,1.11284,0,58.1264,3.9985,54.9022,0.84672,12.849,0.84672,3695.15,0,36.966,0.42336,1.81124,1.69839,8.20394,0.917509,10.3727,0.42336,36.966,0.42336,423.524,0,1.02816,0,0,2.8394,1.81124,1.028160,1,0,65.9097,0,0,0,65.9097,0
72.29,1.90497,0,0,4.77479,0.253718,2.61611,3.6288,61.308,0.524581,0,0,1.58083,0.192023,0.864222,0.66528,12.849,1,0.338594,2.61611,0,68.512,3.9985,66.791,0.84672,12.849,0.84672,3695.15,0,36.966,0.42336,2.14593,1.69891,7.38789,0.917509,9.89186,0.42336,36.966,0.42336,423.524,0,1.02816,0,0,3.17409,2.14593,1.028160,1,0,77.5471,0,0,0,77.5471,0
72.29,1.90566,0,0,3.56258,0.215662,1.44126,3.6288,61.308,0.525058,0,0,1.44597,0.200948,0.719967,0.66528,12.849,1,0.338717,1.44126,0,66.4911,4.2694,63.3242,0.84672,12.849,0.84672,3695.15,0,36.966,0.42336,1.82828,1.69943,6.57873,0.867361,8.81571,0.42336,36.966,0.42336,423.524,0,1.02816,0,0,2.85644,1.82828,1.028160,1,0,72.8599,0,0,0,72.8599,0
72.29,2.01384,0,0,3.23292,0.179207,1.03986,3.6288,61.308,0.609536,0,0,1.20904,0.199237,0.400265,0.66528,12.849,1,0.357946,1.03986,0,53.0218,4.42613,49.2776,0.84672,12.849,0.84672,3695.15,0,36.966,0.42336,1.46639,1.69995,5.972,0.985869,7.72911,0.42336,36.966,0.42336,423.524,0,1.02816,0,0,2.49455,1.46639,1.028160,1,0,57.4069,0,0,0,57.4069,0
72.29,2.01457,0,0,3.10676,0.136644,0.955546,3.6288,61.308,0.610039,0,0,1.14057,0.201524,0.329003,0.66528,12.849,1,0.358075,0.955546,0,46.852,4.65202,42.7974,0.84672,12.849,0.84672,3695.15,0,36.966,0.42336,1.36159,1.7891,5.50046,1.05469,7.17309,0.42336,36.966,0.42336,423.524,0,1.02816,0,0,2.38975,1.36159,1.028160,1,0,50.2995,0,0,0,50.2995,0
72.29,2.0153,0,0,3.06783,0.136644,0.915885,3.6288,61.308,0.610542,0,0,1.23886,0.201524,0.426797,0.66528,12.849,1,0.358205,0.915885,0,45.3082,4.65202,41.2138,0.84672,12.849,0.84672,3695.15,0,36.966,0.42336,1.31141,1.78964,6.03059,1.05469,7.65359,0.42336,36.966,0.42336,423.524,0,1.02816,0,0,2.33957,1.31141,1.028160,1,0,49.2942,0,0,0,49.2942,0
72.29,2.01603,0,0,2.86919,0.136644,0.716513,3.6288,61.308,0.611046,0,0,1.14313,0.201524,0.330562,0.66528,12.849,1,0.358334,0.716513,0,42.3824,4.65202,38.0886,0.84672,12.849,0.84672,3695.15,0,36.966,0.42336,1.2149,1.79019,5.29508,1.05469,6.82212,0.42336,36.966,0.42336,423.524,0,1.02816,0,0,2.24306,1.2149,1.028160,1,0,45.2412,0,0,0,45.2412,0
72.29,2.01676,0,0,2.67791,0.121837,0.53931,3.6288,61.308,0.611549,0,0,1.14153,0.21841,0.311566,0.66528,12.849,1,0.358464,0.53931,0,39.8047,4.85766,35.1279,0.84672,12.849,0.84672,3695.15,0,36.966,0.42336,1.15343,1.79074,5.40087,1.09945,6.82224,0.42336,36.966,0.42336,423.524,0,1.02816,0,0,2.18159,1.15343,1.028160,1,0,42.2617,0,0,0,42.2617,0
72.2787,1.9962,0,0,2.46739,0.119596,0.36288,3.6288,61.308,0.658292,0,0,1.24764,0.231159,0.358191,0.66528,12.849,1,0.35481,0.36288,0,40.4093,4.69014,35.7272,0.84672,12.849,0.84672,3695.15,0,36.966,0.42336,1.35891,1.79129,5.64379,1.11457,7.25605,0.42336,36.966,0.42336,423.524,0,1.02816,0,0,2.38707,1.35891,1.028160,1,0,43.3415,0,0,0,43.3415,0
72.0393,1.99688,0,0,2.23997,0.119586,0.36288,3.6288,61.308,0.658809,0,0,1.17863,0.231159,0.288657,0.66528,12.849,1,0.354985,0.36288,0,39.2083,4.69014,34.5261,0.84672,12.849,0.84672,3695.15,0,36.966,0.42336,1.12475,1.82287,5.3051,1.11457,6.71478,0.42336,36.966,0.42336,423.524,0,1.02816,0,0,2.15291,1.12475,1.028160,1,0,41.5295,0,0,0,41.5295,0
71.621,1.9966,0,0,2.05102,0.109867,0.36288,3.6288,61.308,0.659327,0,0,1.12177,0.253097,0.209341,0.66528,12.849,1,0.356115,0.36288,0,34.5768,4.97244,29.6111,0.84672,12.849,0.84672,3695.15,0,36.966,0.42336,1.03639,1.82343,5.15202,1.21762,6.37087,0.42336,36.966,0.42336,423.524,0,1.02816,0,0,2.06455,1.03639,1.028160,1,0,36.1913,0,0,0,36.1913,0
71.1131,1.99556,0,0,1.93635,0.0858383,0.36288,3.6288,61.308,0.659845,0,0,1.04687,0.307942,0.0790778,0.66528,12.849,1,0.358009,0.36288,0,30.7533,5.67819,25.08,0.84672,12.849,0.84672,3695.15,0,36.966,0.42336,1.0003,1.82399,4.91439,1.47523,5.84009,0.42336,36.966,0.42336,423.524,0,1.02816,0,0,2.02846,1.0003,1.028160,1,0,30.9992,0,0,0,30.9992,0
70.6128,2.04902,0,0,1.99632,0.0846951,0.36288,3.6288,61.308,0.66528,0,0,1.00943,0.297361,0.0467879,0.66528,12.849,1,0.370226,0.36288,0,31.7574,5.67018,26.0799,0.84672,12.849,0.84672,3695.15,0,36.966,0.42336,0.977564,1.82455,4.51231,1.41561,5.47545,0.42336,36.966,0.42336,423.524,0,1.02816,0,0,2.00572,0.977564,1.028160,1,0,31.6022,0,0,0,31.6022,0
70.1038,2.04754,0,0,1.98568,0.0842362,0.36288,3.6288,61.308,0.66528,0,0,0.988001,0.295597,0.0271244,0.66528,12.849,1,0.372579,0.36288,0,30.1196,5.66884,24.441,0.84672,12.849,0.84672,3695.15,0,36.966,0.42336,1.01062,1.84106,4.5152,1.40568,5.53784,0.42336,36.966,0.42336,423.524,0,1.02816,0,0,2.03878,1.01062,1.028160,1,0,30.006,0,0,0,30.006,0
69.3378,2.04599,0,0,1.72678,0.0839066,0.36288,3.6288,61.2756,0.66528,0,0,0.928498,0.295597,0,0.66528,12.849,1,0.375,0.36288,0,28.4962,5.66884,22.8152,0.84672,12.849,0.84672,3695.15,0,36.966,0.42336,0.838486,1.84122,4.39396,1.40568,5.24463,0.42336,36.966,0.42336,423.524,0,1.02816,0,0,1.86665,0.838486,1.028160,1,0,28.0599,0,0,0,28.0599,0
68.4384,2.04323,0,0,1.59011,0.0834107,0.36288,3.6288,61.2245,0.66528,0,0,0.909732,0.295536,0,0.66528,12.849,1,0.378632,0.36288,0,26.8761,5.66884,21.1915,0.84672,12.849,0.84672,3695.15,0,36.966,0.42336,0.742487,1.84138,4.34947,1.40568,5.10431,0.42336,36.966,0.42336,423.524,0,1.02816,0,0,1.77065,0.742487,1.028160,1,0,26.2958,0,0,0,26.2958,0
67.2735,2.19981,0,0,1.46092,0.0631827,0.36288,3.6288,61.2047,0.66528,0,0,0.942157,0.296678,0,0.66528,12.849,1,0.413005,0.36288,0,29.6026,5.94828,23.6042,0.84672,12.849,0.84672,3695.15,0,36.966,0.42336,0.974687,1.84155,4.52256,1.46842,5.44702,0.42336,36.966,0.42336,423.524,0,1.02816,0,0,2.00285,0.974687,1.028160,1,0,29.0512,0,0,0,29.0512,0
66.1186,2.19459,0,0,1.47417,0.0715597,0.36288,3.6288,61.1673,0.66528,0,0,0.909688,0.281814,0,0.66528,12.849,1,0.419159,0.36288,0,32.5773,5.75663,26.7644,0.84672,12.849,0.84672,3695.15,0,36.966,0.42336,1.21659,1.87733,4.92733,1.48197,6.11592,0.42336,36.966,0.42336,423.524,0,1.02816,0,0,2.24475,1.21659,1.028160,1,0,32.8803,0,0,0,32.8803,0
64.9385,2.18924,0,0,1.44291,0.0709079,0.36288,3.6288,61.0708,0.66528,0,0,0.850539,0.281747,0,0.66528,12.849,1,0.42544,0.36288,0,29.728,5.75663,23.9088,0.84672,12.849,0.84672,3695.15,0,36.966,0.42336,1.09049,1.87751,4.9455,1.48197,6.00817,0.42336,36.966,0.42336,423.524,0,1.02816,0,0,2.11865,1.09049,1.028160,1,0,29.917,0,0,0,29.917,0
64.4182,2.18356,0,0,2.09633,0.0702417,0.36288,3.6288,61.1013,0.66528,0,0,0.977305,0.281575,0,0.66528,12.849,1,0.432049,0.36288,0,33.8582,5.75663,28.0324,0.84672,12.849,0.84672,3695.15,0,36.966,0.42336,1.46705,1.87768,5.48318,1.48197,6.92258,0.42336,36.966,0.42336,423.524,0,1.02816,0,0,2.49521,1.46705,1.028160,1,0,34.955,0,0,0,34.955,0
64.5595,2.18143,0,0,2.78669,0.101074,0.36288,3.6288,61.308,0.66528,0,0,1.23328,0.273607,0.0876859,0.66528,12.849,1,0.435113,0.36288,0,51.597,5.62595,45.8989,0.84672,12.849,0.84672,3695.15,0,36.966,0.42336,1.57589,1.87785,5.89022,1.45697,7.46364,0.42336,36.966,0.42336,423.524,0,1.02816,0,0,2.60405,1.57589,1.028160,1,0,53.4502,0,0,0,53.4502,0
63.1093,2.10562,0,0,1.12151,0.10311,0.36288,3.6288,61.1049,0.66528,0,0,0.739532,0.27736,0,0.66528,12.849,1,0.419073,0.36288,0,32.3335,5.82131,26.456,0.84672,12.849,0.84672,3695.15,0,36.966,0.42336,0.782533,1.87803,3.18564,1.46347,3.95937,0.42336,36.966,0.42336,423.524,0,1.02816,0,0,1.81069,0.782533,1.028160,1,0,30.4153,0,0,0,30.4153,0
62.7814,2.09837,0,0,2.23519,0.101905,0.36288,3.6288,61.308,0.66528,0,0,1.22596,0.277004,0.0805642,0.66528,12.849,1,0.427227,0.36288,0,34.7271,5.82131,28.8414,0.84672,12.849,0.84672,3695.15,0,36.966,0.42336,2.48181,1.86082,5.21109,1.46347,7.6669,0.42336,36.966,0.42336,423.524,0,1.02816,0,0,3.50997,2.48181,1.028160,1,0,36.5889,0,0,0,36.5889,0
61.2241,2.09727,0,0,1.0045,0.101632,0.36288,3.6288,61.0828,0.66528,0,0,0.717422,0.27736,0,0.66528,12.849,1,0.429233,0.36288,0,29.822,5.82131,23.9343,0.84672,12.849,0.84672,3695.15,0,36.966,0.42336,0.884019,1.86099,2.81708,1.46347,3.67526,0.42336,36.966,0.42336,423.524,0,1.02816,0,0,1.91218,0.884019,1.028160,1,0,27.6096,0,0,0,27.6096,0
59.8086,2.08899,0,0,1.13674,0.100338,0.36288,3.6288,60.9815,0.66528,0,0,0.840974,0.276965,0,0.66528,12.849,1,0.438414,0.36288,0,23.9398,5.82131,18.043,0.84672,12.849,0.84672,3695.15,0,36.966,0.42336,0.771794,1.86116,3.13693,1.46347,3.88306,0.42336,36.966,0.42336,423.524,0,1.02816,0,0,1.79995,0.771794,1.028160,1,0,21.926,0,0,0,21.926,0
58.3766,2.01843,0,0,1.14919,0.199929,0.36288,3.6288,60.7601,0.66528,0,0,0.680633,0.236741,0,0.66528,12.849,1,0.433631,0.36288,0,26.1601,4.10277,21.9866,0.84672,12.849,0.84672,3695.15,0,36.966,0.42336,0.432579,1.86133,3.09131,1.10987,3.85198,0.42336,36.966,0.42336,423.524,0,1.02816,0,0,1.46074,0.432579,1.028160,1,0,25.8386,0,0,0,25.8386,0
57.8489,2.01044,0,0,2.02844,0.182821,0.36288,3.6288,61.2376,0.66528,0,0,1.36281,0.220079,0,0.66528,12.849,1,0.442508,0.36288,0,37.2711,3.79995,33.3915,0.84672,12.849,0.84672,3695.15,0,36.966,0.42336,1.66487,1.84721,4.95881,1.04024,7.00728,0.42336,36.966,0.42336,423.524,0,1.02816,0,0,2.69303,1.66487,1.028160,1,0,40.3988,0,0,0,40.3988,0
56.5397,2.00786,0,0,1.24349,0.181884,0.36288,3.6288,61.308,0.66528,0,0,1.13208,0.220745,0.175636,0.66528,12.849,1,0.445971,0.36288,0,22.243,3.79995,18.3599,0.84672,12.849,0.84672,3695.15,0,36.966,0.42336,1.4364,1.84737,4.98199,1.04024,6.80216,0.42336,36.966,0.42336,423.524,0,1.02816,0,0,2.46456,1.4364,1.028160,1,0,25.3377,0,0,0,25.3377,0
56.0603,2.00016,0,0,2.11927,0.235636,0.36288,3.6288,61.308,0.66528,0,0,1.06618,0.241539,0.15936,0.66528,12.849,1,0.454548,0.36288,0,52.7901,4.14789,48.5506,0.84672,12.849,0.84672,3695.15,0,36.966,0.42336,1.25694,1.84754,6.16076,1.12147,7.72041,0.42336,36.966,0.42336,423.524,0,1.02816,0,0,2.2851,1.25694,1.028160,1,0,56.4304,0,0,0,56.4304,0
57.6019,1.82132,0,0,3.97046,0.244652,0.36288,3.6288,61.308,0.514531,0,0,1.34194,0.237732,0.589676,0.66528,12.849,1,0.417447,0.36288,0,89.9605,4.25534,85.6506,0.84672,12.849,0.84672,3695.15,0,36.966,0.42336,1.7936,1.8477,6.27452,1.12486,8.3676,0.42336,36.966,0.42336,423.524,0,1.02816,0,0,2.82176,1.7936,1.028160,1,0,94.6079,0,0,0,94.6079,0
57.2217,1.83113,0,0,2.06334,0.249525,0.36288,3.6288,61.308,0.515003,0,0,1.55922,0.228058,0.816156,0.66528,12.849,1,0.408461,0.36288,0,72.6996,4.32127,68.3328,0.84672,12.849,0.84672,3695.15,0,36.966,0.42336,1.26168,1.69077,6.63484,1.11134,8.05258,0.42336,36.966,0.42336,423.524,0,1.02816,0,0,2.28984,1.26168,1.028160,1,0,77.2015,0,0,0,77.2015,0
57.3357,1.82958,0,0,2.55308,0.246709,0.36288,3.6288,61.308,0.515476,0,0,1.50494,0.228793,0.760672,0.66528,12.849,1,0.410827,0.36288,0,64.1995,4.21502,59.9366,0.84672,12.849,0.84672,3695.15,0,36.966,0.42336,1.08565,1.69128,9.01144,1.09821,10.2668,0.42336,36.966,0.42336,423.524,0,1.02816,0,0,2.11381,1.08565,1.028160,1,0,70.964,0,0,0,70.964,0
58.0915,1.83091,0,0,3.18659,0.23697,0.36288,3.6288,61.308,0.515949,0,0,1.70132,0.237774,0.947596,0.66528,12.849,1,0.410309,0.36288,0,91.228,3.95228,87.2283,0.84672,12.849,0.84672,3695.15,0,36.966,0.42336,1.69125,1.6918,9.19192,1.04625,11.1054,0.42336,36.966,0.42336,423.524,0,1.02816,0,0,2.71941,1.69125,1.028160,1,0,99.2813,0,0,0,99.2813,0
61.1958,1.83595,0,0,5.54286,0.239726,0.36288,3.6288,61.308,0.516422,0,0,2.89797,0.241202,2.14035,0.66528,12.849,1,0.406086,0.36288,0,134.251,4.23339,129.974,0.84672,12.849,0.84672,3695.15,0,36.966,0.42336,4.94632,1.69232,14.4781,1.06637,19.627,0.42336,36.966,0.42336,423.524,0,1.02816,0,0,5.97448,4.94632,1.028160,1,0,151.742,0,0,0,151.742,0
62.8977,1.92266,0,0,4.24768,0.26027,0.36288,3.6288,61.308,0.56684,0,0,2.16664,0.236269,1.36353,0.66528,12.849,1,0.403693,0.36288,0,90.9835,5.06635,85.8764,0.84672,12.849,0.84672,3695.15,0,36.966,0.42336,3.1111,1.69284,8.56386,1.28317,11.6613,0.42336,36.966,0.42336,423.524,0,1.02816,0,0,4.13926,3.1111,1.028160,1,0,98.9011,0,0,0,98.9011,0
63.2545,1.9324,0,0,2.9161,0.26394,0.36288,3.6288,61.308,0.567309,0,0,1.25454,0.236269,0.450959,0.66528,12.849,1,0.39476,0.36288,0,83.8884,5.06635,78.7901,0.84672,12.849,0.84672,3695.15,0,36.966,0.42336,1.25921,1.74759,5.10229,1.28317,6.40257,0.42336,36.966,0.42336,423.524,0,1.02816,0,0,2.28737,1.25921,1.028160,1,0,85.6436,0,0,0,85.6436,0
63.2527,1.93493,0,0,2.56068,0.264709,0.36288,3.6288,61.308,0.567778,0,0,1.09173,0.236269,0.287686,0.66528,12.849,1,0.393045,0.36288,0,101.334,5.06635,96.2377,0.84672,12.849,0.84672,3695.15,0,36.966,0.42336,1.04657,1.74811,5.86026,1.28317,6.94842,0.42336,36.966,0.42336,423.524,0,1.02816,0,0,2.07473,1.04657,1.028160,1,0,103.474,0,0,0,103.474,0
62.8125,1.93559,0,0,2.12961,0.271341,0.36288,3.6288,61.308,0.568247,0,0,0.882213,0.227496,0.0864697,0.66528,12.849,1,0.393191,0.36288,0,67.3039,4.5868,62.6868,0.84672,12.849,0.84672,3695.15,0,36.966,0.42336,0.591175,1.74862,3.65974,1.15407,4.42211,0.42336,36.966,0.42336,423.524,0,1.02816,0,0,1.61933,0.591175,1.028160,1,0,67.1953,0,0,0,67.1953,0
64.3568,2.15689,0,0,4.30845,0.244342,0.36288,3.6288,61.308,0.66528,0,0,1.55078,0.174396,0.711109,0.66528,12.849,1,0.441216,0.36288,0,124.509,3.0273,121.404,0.84672,12.849,0.84672,3695.15,0,36.966,0.42336,1.82256,1.74914,7.81502,0.855848,10.1075,0.42336,36.966,0.42336,423.524,0,1.02816,0,0,2.85072,1.82256,1.028160,1,0,132.222,0,0,0,132.222,0
68.4598,2.16646,0,0,6.91572,0.283405,0.36288,3.6288,61.308,0.66528,0,0,2.38513,0.190057,1.5298,0.66528,12.849,1,0.432538,0.36288,0,230.66,3.63604,226.955,0.84672,12.849,0.84672,3695.15,0,36.966,0.42336,4.32356,1.87457,13.6502,0.981821,18.4432,0.42336,36.966,0.42336,423.524,0,1.02816,0,0,5.35172,4.32356,1.028160,1,0,246.928,0,0,0,246.928,0
69.3836,2.18903,0,0,3.7685,0.292793,0.36288,3.6288,61.308,0.66528,0,0,1.56025,0.190057,0.704909,0.66528,12.849,1,0.410852,0.36288,0,131.757,3.63604,128.073,0.84672,12.849,0.84672,3695.15,0,36.966,0.42336,1.81393,1.87474,7.32033,0.981821,9.60382,0.42336,36.966,0.42336,423.524,0,1.02816,0,0,2.84209,1.81393,1.028160,1,0,138.382,0,0,0,138.382,0
69.4097,2.1944,0,0,2.87829,0.294906,0.36288,3.6288,61.308,0.66528,0,0,1.24019,0.190057,0.384848,0.66528,12.849,1,0.406375,0.36288,0,90.2223,3.63604,86.5428,0.84672,12.849,0.84672,3695.15,0,36.966,0.42336,1.28728,1.87491,5.64119,0.981821,7.3982,0.42336,36.966,0.42336,423.524,0,1.02816,0,0,2.31544,1.28728,1.028160,1,0,94.3258,0,0,0,94.3258,0
70.1646,1.87173,0,0,3.28541,0.295931,0.36288,3.6288,61.308,0.506303,0,0,1.60161,0.153541,0.94177,0.66528,12.849,1,0.346491,0.36288,0,100.957,3.35547,97.6176,0.84672,12.849,0.84672,3695.15,0,36.966,0.42336,2.29572,1.87507,8.37629,0.837936,11.2858,0.42336,36.966,0.42336,423.524,0,1.02816,0,0,3.32388,2.29572,1.028160,1,0,109.845,0,0,0,109.845,0
72.1828,1.87554,0,0,4.55369,0.297091,0.36288,3.6288,61.308,0.506754,0,0,1.68376,0.133814,1.04319,0.66528,12.849,1,0.34346,0.36288,0,102.048,3.27736,98.79,0.84672,12.849,0.84672,3695.15,0,36.966,0.42336,2.01905,1.68056,9.10907,0.767965,11.6173,0.42336,36.966,0.42336,423.524,0,1.02816,0,0,3.04721,2.01905,1.028160,1,0,111.451,0,0,0,111.451,0
72.29,1.88435,0,0,3.68635,0.301715,1.39307,3.6288,61.308,0.507205,0,0,1.19003,0.133814,0.549011,0.66528,12.849,1,0.335426,1.39307,0,102.309,3.27736,100.089,0.84672,12.849,0.84672,3695.15,0,36.966,0.42336,0.922873,1.68105,6.2498,0.767965,7.66241,0.42336,36.966,0.42336,423.524,0,1.02816,0,0,1.95103,0.922873,1.028160,1,0,108.301,0,0,0,108.301,0
72.29,1.88543,0,0,2.56411,0.301961,0.376721,3.6288,61.308,0.507656,0,0,0.850185,0.133814,0.208714,0.66528,12.849,1,0.335121,0.376721,0,94.8672,3.27736,91.6314,0.84672,12.849,0.84672,3695.15,0,36.966,0.42336,0.700376,1.68155,6.00836,0.767965,7.19896,0.42336,36.966,0.42336,423.524,0,1.02816,0,0,1.72854,0.700376,1.028160,1,0,99.0391,0,0,0,99.0391,0
72.29,1.88609,0,0,2.90231,0.252863,0.763364,3.6288,61.308,0.508108,0,0,0.797973,0.105169,0.184697,0.66528,12.849,1,0.335238,0.763364,0,86.8769,2.73978,84.5653,0.84672,12.849,0.84672,3695.15,0,36.966,0.42336,0.583762,1.68204,5.63368,0.687533,6.78859,0.42336,36.966,0.42336,423.524,0,1.02816,0,0,1.61192,0.583762,1.028160,1,0,91.5386,0,0,0,91.5386,0
72.2838,1.96882,0,0,2.63882,0.313332,0.36288,3.6288,61.308,0.570364,0,0,1.10616,0.134558,0.401239,0.66528,12.849,1,0.349943,0.36288,0,54.9027,2.98273,51.9329,0.84672,12.849,0.84672,3695.15,0,36.966,0.42336,0.689766,1.68253,5.09567,0.724248,6.32037,0.42336,36.966,0.42336,423.524,0,1.02816,0,0,1.71793,0.689766,1.028160,1,0,58.6545,0,0,0,58.6545,0
72.2132,1.96948,0,0,2.57507,0.313317,0.36288,3.6288,61.308,0.570834,0,0,1.01547,0.134558,0.310076,0.66528,12.849,1,0.35009,0.36288,0,47.0566,2.98273,44.0867,0.84672,12.849,0.84672,3695.15,0,36.966,0.42336,0.628283,1.74889,4.72902,0.724248,5.95859,0.42336,36.966,0.42336,423.524,0,1.02816,0,0,1.65644,0.628283,1.028160,1,0,50.3554,0,0,0,50.3554,0
71.9047,1.96987,0,0,2.33744,0.313149,0.36288,3.6288,61.308,0.635153,0,0,0.887172,0.134558,0.117461,0.66528,12.849,1,0.350502,0.36288,0,52.9098,2.98273,49.9394,0.84672,12.849,0.84672,3695.15,0,36.966,0.42336,0.528595,1.74941,4.18312,0.724248,5.31351,0.42336,36.966,0.42336,423.524,0,0.96431,0,0,1.49291,0.528595,1.028160,1,0,55.3704,0,0,0,55.3704,0
71.3673,1.96928,0,0,2.10716,0.312416,0.36288,3.6288,61.308,0.571773,0,0,0.717319,0.134558,0.0109872,0.66528,12.849,1,0.3519,0.36288,0,38.8079,2.98273,35.8361,0.84672,12.849,0.84672,3695.15,0,36.966,0.42336,0.769478,1.74992,3.49184,0.724248,4.86363,0.42336,36.966,0.42336,423.524,0,1.02816,0,0,1.79764,0.769478,1.028160,1,0,40.7107,0,0,0,40.7107,0
70.9695,1.93565,0,0,2.16964,0.26893,0.36288,3.6288,61.308,0.54821,0,0,1.07554,0.183724,0.343608,0.66528,12.849,1,0.348495,0.36288,0,44.7213,4.22144,40.5143,0.84672,12.849,0.84672,3695.15,0,36.966,0.42336,0.925016,1.75043,3.77146,0.909839,5.11371,0.42336,36.966,0.42336,423.524,0,1.02816,0,0,1.95318,0.925016,1.028160,1,0,45.9716,0,0,0,45.9716,0
70.5465,1.93467,0,0,2.11942,0.244878,0.36288,3.6288,61.308,0.548673,0,0,1.24509,0.199548,0.496872,0.66528,12.849,1,0.350271,0.36288,0,43.5904,4.49515,39.1079,0.84672,12.849,0.84672,3695.15,0,36.966,0.42336,1.0932,1.72529,4.33189,0.944788,5.78223,0.42336,36.966,0.42336,423.524,0,1.02816,0,0,2.12136,1.0932,1.028160,1,0,45.387,0,0,0,45.387,0
69.977,1.93357,0,0,1.97105,0.244084,0.36288,3.6288,61.308,0.549136,0,0,1.15209,0.199548,0.403409,0.66528,12.849,1,0.35217,0.36288,0,39.8726,4.49515,35.3881,0.84672,12.849,0.84672,3695.15,0,36.966,0.42336,0.892979,1.7258,3.99981,0.944788,5.25044,0.42336,36.966,0.42336,423.524,0,1.02816,0,0,1.92114,0.892979,1.028160,1,0,41.042,0,0,0,41.042,0
69.4523,1.93182,0,0,2.01237,0.242327,0.36288,3.6288,61.308,0.549599,0,0,1.16446,0.189074,0.425792,0.66528,12.849,1,0.354715,0.36288,0,40.6184,4.18609,36.4404,0.84672,12.849,0.84672,3695.15,0,36.966,0.42336,0.805853,1.7263,3.78005,0.958563,4.93028,0.42336,36.966,0.42336,423.524,0,1.02816,0,0,1.83401,0.805853,1.028160,1,0,41.7965,0,0,0,41.7965,0
68.5095,2.03874,0,0,1.66694,0.208155,0.36288,3.6288,61.308,0.635389,0,0,0.913715,0.191509,0.0868173,0.66528,12.849,1,0.377176,0.36288,0,34.1204,4.32743,29.7787,0.84672,12.849,0.84672,3695.15,0,36.966,0.42336,0.668892,1.72681,3.30642,0.970545,4.30822,0.42336,36.966,0.42336,423.524,0,1.02816,0,0,1.69705,0.668892,1.028160,1,0,34.1737,0,0,0,34.1737,0
67.2788,2.03507,0,0,1.34835,0.181162,0.36288,3.6288,61.2583,0.635877,0,0,0.795407,0.20921,0,0.66528,12.849,1,0.381678,0.36288,0,28.2665,4.93888,23.3089,0.84672,12.849,0.84672,3695.15,0,36.966,0.42336,0.465592,1.81734,2.88035,0.985435,3.75449,0.42336,36.966,0.42336,423.524,0,1.02816,0,0,1.49375,0.465592,1.028160,1,0,27.0633,0,0,0,27.0633,0
66.0153,2.02991,0,0,1.30875,0.17942,0.36288,3.6288,61.2575,0.636365,0,0,0.844698,0.209144,0,0.66528,12.849,1,0.387674,0.36288,0,26.9422,4.93888,21.9785,0.84672,12.849,0.84672,3695.15,0,36.966,0.42336,0.448442,1.81787,3.06411,0.985435,3.92163,0.42336,36.966,0.42336,423.524,0,1.02816,0,0,1.4766,0.448442,1.028160,1,0,25.9001,0,0,0,25.9001,0
64.692,2.02439,0,0,1.24162,0.177632,0.36288,3.6288,61.2324,0.636854,0,0,0.820843,0.209143,0,0.66528,12.849,1,0.394021,0.36288,0,25.3049,4.93888,20.3349,0.84672,12.849,0.84672,3695.15,0,36.966,0.42336,0.385603,1.8184,2.83294,0.985435,3.62815,0.42336,36.966,0.42336,423.524,0,1.02816,0,0,1.41376,0.385603,1.028160,1,0,23.963,0,0,0,23.963,0
63.3019,2.01836,0,0,1.16068,0.169538,0.36288,3.6288,61.0641,0.69466,0,0,0.736748,0.210329,0,0.66528,12.849,1,0.400883,0.36288,0,22.9754,4.89806,18.0393,0.84672,12.849,0.84672,3695.15,0,36.966,0.42336,0.30119,1.81894,2.66623,0.998845,3.36415,0.42336,36.966,0.42336,423.524,0,0.970842,0,0,1.27203,0.30119,1.028160,1,0,21.4035,0,0,0,21.4035,0
61.9258,1.99057,0,0,1.10803,0.130731,0.36288,3.6288,60.3408,1.01235,0,0,0.506452,0.217412,0,0.66528,12.849,1,0.404045,0.36288,0,18.8476,4.65308,14.1534,0.84672,12.849,0.84672,3695.15,0,36.966,0.42336,0.30119,1.81947,2.05633,1.07931,2.67432,0.42336,36.966,0.42336,423.524,0,0.681091,0,0,0.982282,0.30119,1.028160,1,0,16.8277,0,0,0,16.8277,0
60.4575,1.98382,0,0,1.00771,0.129266,0.36288,3.6288,59.6331,0.985141,0,0,0.493852,0.216416,0,0.66528,12.849,1,0.411623,0.36288,0,18.4787,4.65308,13.7769,0.84672,12.849,0.84672,3695.15,0,36.966,0.42336,0.261274,1.83644,1.97033,1.07931,2.56537,0.42336,36.966,0.42336,423.524,0,0.708299,0,0,0.969572,0.261274,1.028160,1,0,16.3423,0,0,0,16.3423,0
58.9053,1.97626,0,0,0.914648,0.127703,0.36288,3.6288,58.7865,1.09449,0,0,0.463311,0.215442,0,0.66528,12.849,1,0.420012,0.36288,0,16.4659,4.65308,11.7557,0.84672,12.849,0.84672,3695.15,0,36.966,0.42336,0.261274,1.8366,1.90604,1.07931,2.50124,0.42336,36.966,0.42336,423.524,0,0.598951,0,0,0.860224,0.261274,1.028160,1,0,14.257,0,0,0,14.257,0
57.3464,1.96785,0,0,0.867741,0.0959508,0.36288,3.6288,57.8401,1.09112,0,0,0.434595,0.289836,0,0.66528,12.849,1,0.429246,0.36288,0,14.8109,5.64113,9.10346,0.84672,12.849,0.84672,3695.15,0,36.966,0.42336,0.261274,1.83675,1.80637,1.43996,2.04107,0.42336,36.966,0.42336,423.524,0,0.60232,0,0,0.863594,0.261274,1.028160,1,0,11.1445,0,0,0,11.1445,0
55.8032,2.01278,0,0,0.930986,0.0985085,0.36288,3.6288,56.8652,1.10362,0,0,0.428909,0.30022,0,0.66528,12.849,1,0.450983,0.36288,0,16.5361,5.61375,10.8342,0.84672,12.849,0.84672,3695.15,0,36.966,0.42336,0.261274,1.8369,1.99283,1.48109,2.18656,0.42336,36.966,0.42336,423.524,0,0.589818,0,0,0.851092,0.261274,1.028160,1,0,13.0208,0,0,0,13.0208,0
54.3092,2.00333,0,0,0.97079,0.098594,0.36288,3.6288,55.9091,1.08287,0,0,0.429975,0.303156,0,0.66528,12.849,1,0.461279,0.36288,0,16.6343,5.6028,10.9331,0.84672,12.849,0.84672,3695.15,0,36.966,0.42336,0.261274,1.8494,2.14212,1.49754,2.33189,0.42336,36.966,0.42336,423.524,0,0.610572,0,0,0.871845,0.261274,1.028160,1,0,13.265,0,0,0,13.265,0
52.6996,1.99376,0,0,0.844232,0.0971264,0.36288,3.6288,54.8893,1.12261,0,0,0.404079,0.301271,0,0.66528,12.849,1,0.471702,0.36288,0,15.7378,5.6028,10.0262,0.84672,12.849,0.84672,3695.15,0,36.966,0.42336,0.227405,1.84956,2.08457,1.49754,2.24064,0.42336,36.966,0.42336,423.524,0,0.570828,0,0,0.798232,0.227405,1.028160,1,0,12.2669,0,0,0,12.2669,0
51.0358,1.98285,0,0,0.777419,0.0955454,0.36288,3.6288,53.8223,1.16366,0,0,0.395915,0.29926,0,0.66528,12.849,1,0.483451,0.36288,0,14.843,5.6028,9.11963,0.84672,12.849,0.84672,3695.15,0,36.966,0.42336,0.227405,1.84972,2.06348,1.49754,2.21971,0.42336,36.966,0.42336,423.524,0,0.529779,0,0,0.757184,0.227405,1.028160,1,0,11.3393,0,0,0,11.3393,0
49.0673,2.12516,0,0,0.597796,0.0782881,0.36288,3.6288,52.6931,1.19031,0,0,0.359694,0.29865,0,0.66528,12.849,1,0.535039,0.36288,0,13.1953,5.67643,7.34667,0.84672,12.849,0.84672,3695.15,0,36.966,0.42336,0.227405,1.84987,2.10818,1.48598,2.27612,0.42336,36.966,0.42336,423.524,0,0.503133,0,0,0.730538,0.227405,1.028160,1,0,9.62279,0,0,0,9.62279,0
47.0472,2.10886,0,0,0.53666,0.0850124,0.36288,3.6288,51.5215,1.18462,0,0,0.291698,0.278654,0,0.66528,12.849,1,0.552238,0.36288,0,10.4224,4.95296,5.28012,0.84672,12.849,0.84672,3695.15,0,36.966,0.42336,0.227405,1.88621,2.64803,1.40361,2.93467,0.42336,36.966,0.42336,423.524,0,0.508818,0,0,0.736223,0.227405,1.028160,1,0,8.21479,0,0,0,8.21479,0
45.4076,2.09095,0,0,0.917637,0.103367,0.36288,3.6288,50.5848,1.0403,0,0,0.374658,0.271019,0,0.66528,12.849,1,0.571057,0.36288,0,17.3209,4.80453,12.3082,0.84672,12.849,0.84672,3695.15,0,36.966,0.42336,0.204422,1.88638,2.93115,1.38541,3.21319,0.42336,36.966,0.42336,423.524,0,0.653141,0,0,0.857563,0.204422,1.028160,1,0,15.5214,0,0,0,15.5214,0
43.7597,2.07558,0,0,0.886518,0.0960012,0.36288,3.6288,49.6257,1.08566,0,0,0.387471,0.260903,0,0.66528,12.849,1,0.587328,0.36288,0,20.4575,5.01249,15.2206,0.84672,12.849,0.84672,3695.15,0,36.966,0.42336,0.204422,1.88655,2.53977,1.37451,2.83287,0.42336,36.966,0.42336,423.524,0,0.607781,0,0,0.812203,0.204422,1.028160,1,0,18.0535,0,0,0,18.0535,0
42.5058,2.05918,0,0,1.26245,0.0942246,0.36288,3.6288,49.2439,0.66528,0,0,0.542287,0.258862,0,0.66528,12.849,1,0.604631,0.36288,0,17.6021,5.01249,12.3479,0.84672,12.849,0.84672,3695.15,0,36.966,0.42336,0.36434,1.88672,3.3988,1.37451,3.85199,0.42336,36.966,0.42336,423.524,0,1.02816,0,0,1.3925,0.36434,1.028160,1,0,16.1998,0,0,0,16.1998,0
40.8337,1.97383,0,0,0.736016,0.0713811,0.36288,3.6288,48.6366,0.687433,0,0,0.352396,0.272234,0,0.66528,12.6516,1,0.596666,0.36288,0,7.66394,4.42208,3.20544,0.84672,12.6516,0.84672,3695.15,0,36.966,0.42336,0.204422,1.88689,1.92572,1.28243,2.31124,0.42336,36.966,0.42336,423.524,0,1.00601,0,0,1.21043,0.204422,1.028160,1,0,5.51668,0,0,0,5.51668,0
39.0765,1.96313,0,0,0.638724,0.0699956,0.36288,3.6288,47.3559,1.20483,0,0,0.195004,0.270871,0,0.66528,12.6482,1,0.608243,0.36288,0,7.8694,4.42208,3.20544,0.84672,12.6482,0.84672,3695.15,0,36.966,0.42336,0.216518,1.8694,1.42839,1.28243,1.80852,0.42336,36.966,0.42336,423.524,0,0.488606,0,0,0.705124,0.216518,1.028160,1,0,5.01396,0,0,0,5.01396,0
37.3231,1.94326,0,0,0.621321,0.068566,0.36288,3.6288,46.0031,1.26517,0,0,0.180401,0.267995,0,0.66528,12.03,1,0.62899,0.36288,0,7.18865,4.42208,3.20544,0.84672,12.03,0.84672,3695.06,0,36.966,0.42336,0.216518,1.86956,1.40352,1.28243,1.78381,0.42336,36.966,0.42336,423.524,0,0.428268,0,0,0.644786,0.216518,1.028160,1,0,4.98925,0,0,0,4.98925,0
36.0986,1.94592,0,0,1.24904,0.164688,0.36288,3.6288,45.2368,0.983189,0,0,0.386918,0.170036,0,0.66528,12.849,1,0.627211,0.36288,0,19.5454,2.96866,15.4066,0.84672,12.849,0.84672,3695.15,0,36.966,0.42336,0.216518,1.86973,3.53636,0.828147,4.3711,0.42336,36.966,0.42336,423.524,0,0.710251,0,0,0.92677,0.216518,1.028160,1,0,19.7777,0,0,0,19.7777,0
35.799,1.84121,0,0,2.08338,0.178905,0.36288,3.6288,44.7692,0.66528,0,0,0.416361,0.218665,0,0.66528,12.849,1,0.655364,0.36288,0,23.4772,4.07249,19.1122,0.84672,12.849,0.84672,3695.15,0,36.966,0.42336,0.285215,1.86989,2.5508,1.00652,3.27602,0.42336,36.966,0.42336,423.524,0,1.02816,0,0,1.31337,0.285215,1.028160,1,0,22.3883,0,0,0,22.3883,0
34.612,1.83781,0,0,1.20435,0.190666,0.36288,3.6288,43.8992,0.899191,0,0,0.284066,0.254925,0,0.66528,12.849,1,0.659626,0.36288,0,14.1391,4.90035,8.942,0.84672,12.849,0.84672,3695.15,0,36.966,0.42336,0.216518,1.85555,2.42775,1.1403,2.93616,0.42336,36.966,0.42336,423.524,0,0.794249,0,0,1.01077,0.216518,1.028160,1,0,11.8782,0,0,0,11.8782,0
33.9735,1.82193,0,0,1.73423,0.187947,0.36288,3.6288,43.442,0.66528,0,0,0.460885,0.252846,0,0.66528,12.849,1,0.676355,0.36288,0,25.4586,4.90035,20.2448,0.84672,12.849,0.84672,3695.15,0,36.966,0.42336,0.581239,1.85571,3.83068,1.1403,4.70396,0.42336,36.966,0.42336,423.524,0,1.02816,0,0,1.6094,0.581239,1.028160,1,0,24.9488,0,0,0,24.9488,0
35.0747,1.81333,0,0,3.50282,0.225397,0.36288,3.6288,43.3206,0.66528,0,0,0.780932,0.236971,0,0.66528,12.849,1,0.685814,0.36288,0,33.1094,4.39992,28.3866,0.84672,12.849,0.84672,3695.15,0,36.966,0.42336,0.862419,1.85587,6.21086,1.06762,7.43817,0.42336,36.966,0.42336,423.524,0,1.02816,0,0,1.89058,0.862419,1.028160,1,0,35.8247,0,0,0,35.8247,0
36.043,1.66858,0,0,3.22518,0.225374,0.36288,3.6288,43.1818,0.538327,0,0,0.620103,0.220592,0,0.66528,12.849,1,0.611255,0.36288,0,34.228,4.31949,29.6601,0.84672,12.849,0.84672,3695.15,0,36.966,0.42336,1.01054,1.85603,3.63632,1.01072,5.06881,0.42336,36.966,0.42336,423.524,0,1.02816,0,0,2.0387,1.01054,1.028160,1,0,34.7289,0,0,0,34.7289,0
36.0612,1.68127,0,0,2.28255,0.220248,0.36288,3.6288,42.9302,0.538786,0,0,0.467224,0.18009,0,0.66528,12.849,1,0.599357,0.36288,0,42.4358,4.11841,38.0809,0.84672,12.849,0.84672,3695.15,0,36.966,0.42336,0.629925,1.71685,2.99693,0.868467,4.05188,0.42336,36.966,0.42336,423.524,0,1.02816,0,0,1.65809,0.629925,1.028160,1,0,42.1328,0,0,0,42.1328,0
35.623,1.68208,0,0,1.82704,0.220296,0.36288,3.6288,42.5884,0.573433,0,0,0.411329,0.179658,0,0.66528,12.849,1,0.599343,0.36288,0,30.7468,4.11841,26.3919,0.84672,12.849,0.84672,3695.15,0,36.966,0.42336,0.412474,1.71735,2.67515,0.868467,3.51315,0.42336,36.966,0.42336,423.524,0,0.993972,0,0,1.40645,0.412474,1.028160,1,0,29.9051,0,0,0,29.9051,0
34.9532,1.67724,0,0,1.58831,0.217956,0.36288,3.6288,42.2925,0.539703,0,0,0.427029,0.183247,0,0.66528,12.849,1,0.604971,0.36288,0,30.6988,4.28407,26.1726,0.84672,12.849,0.84672,3695.15,0,36.966,0.42336,0.525882,1.71785,6.07055,0.90682,6.98411,0.42336,36.966,0.42336,423.524,0,1.02816,0,0,1.55404,0.525882,1.028160,1,0,33.1567,0,0,0,33.1567,0
34.6676,1.66934,0,0,1.95576,0.209152,0.36288,3.6288,41.9887,0.540162,0,0,0.444049,0.207706,0,0.66528,12.849,1,0.61366,0.36288,0,47.5051,5.27804,41.9763,0.84672,12.849,0.84672,3695.15,0,36.966,0.42336,0.542203,1.71836,5.01064,1.13694,5.7109,0.42336,36.966,0.42336,423.524,0,1.02816,0,0,1.57036,0.542203,1.028160,1,0,47.6872,0,0,0,47.6872,0
34.4578,1.72809,0,0,2.08983,0.208645,0.36288,3.6288,41.775,0.591333,0,0,0.537157,0.159464,0,0.66528,12.849,1,0.64049,0.36288,0,71.9237,3.80306,67.843,0.84672,12.849,0.84672,3695.15,0,36.966,0.42336,0.731367,1.71886,4.32376,1.07659,5.27403,0.42336,36.966,0.42336,423.524,0,1.02816,0,0,1.75953,0.731367,1.028160,1,0,73.117,0,0,0,73.117,0
35.4845,1.72582,0,0,3.32664,0.211221,0.36288,3.6288,41.715,0.591788,0,0,0.667872,0.136069,0,0.66528,12.849,1,0.643543,0.36288,0,89.837,3.36472,86.1916,0.84672,12.849,0.84672,3695.15,0,36.966,0.42336,1.04178,1.77443,5.61331,1.01434,6.99182,0.42336,36.966,0.42336,423.524,0,1.02816,0,0,2.06994,1.04178,1.028160,1,0,93.1834,0,0,0,93.1834,0
39.0831,1.74007,0,0,5.91538,0.213869,0.36288,3.6288,42.0976,0.592243,0,0,1.11077,0.13599,0,0.66528,12.849,1,0.630081,0.36288,0,104.935,3.36472,101.303,0.84672,12.849,0.84672,3695.15,0,36.966,0.42336,1.64837,1.77493,5.56803,1.01434,7.55363,0.42336,36.966,0.42336,423.524,0,1.02816,0,0,2.67653,1.64837,1.028160,1,0,108.857,0,0,0,108.857,0
45.5378,1.78432,0,0,8.82507,0.223151,0.36288,3.6288,42.6246,0.592697,0,0,1.25616,0.136492,0,0.66528,12.849,1,0.586614,0.36288,0,120.506,3.36472,116.918,0.84672,12.849,0.84672,3695.15,0,36.966,0.42336,1.94811,1.77543,8.77582,1.01434,11.0617,0.42336,36.966,0.42336,423.524,0,1.02816,0,0,2.97627,1.94811,1.028160,1,0,127.98,0,0,0,127.98,0
53.0586,2.06241,0,0,10.1602,0.214106,0.36288,3.6288,43.2089,0.66528,0,0,1.37256,0.122888,0,0.66528,12.849,1,0.581932,0.36288,0,136.649,3.70368,132.727,0.84672,12.849,0.84672,3695.15,0,36.966,0.42336,2.25985,1.77592,10.1629,1.02657,12.7487,0.42336,36.966,0.42336,423.524,0,1.02816,0,0,3.28801,2.25985,1.028160,1,0,145.475,0,0,0,145.475,0
54.921,2.12951,0,0,4.61881,0.264054,0.36288,3.6288,43.1967,0.66528,0,0,0.785696,0.1327,0,0.66528,12.849,1,0.515695,0.36288,0,80.6319,4.5255,75.9536,0.84672,12.849,0.84672,3695.15,0,36.966,0.42336,0.86502,1.88324,5.15208,1.07515,6.40183,0.42336,36.966,0.42336,423.524,0,1.02816,0,0,1.89318,0.86502,1.028160,1,0,82.3555,0,0,0,82.3555,0
57.3138,2.14438,0,0,5.16917,0.269091,0.36288,3.6288,43.2543,0.66528,0,0,0.855602,0.132685,0,0.66528,12.849,1,0.501686,0.36288,0,91.5175,4.5255,86.8532,0.84672,12.849,0.84672,3695.15,0,36.966,0.42336,1.14942,1.8834,5.70213,1.07515,7.23644,0.42336,36.966,0.42336,423.524,0,1.02816,0,0,2.17758,1.14942,1.028160,1,0,94.0896,0,0,0,94.0896,0
59.7804,2.16219,0,0,5.26722,0.275563,0.36288,3.6288,43.2553,0.66528,0,0,0.799062,0.132758,0,0.66528,12.849,1,0.484735,0.36288,0,93.4088,4.5255,88.7614,0.84672,12.849,0.84672,3695.15,0,36.966,0.42336,0.866246,1.88356,5.60955,1.07515,6.86084,0.42336,36.966,0.42336,423.524,0,1.02816,0,0,1.89441,0.866246,1.028160,1,0,95.6223,0,0,0,95.6223,0
62.1335,1.85894,0,0,4.85896,0.284051,0.36288,3.6288,43.5904,0.529701,0,0,0.998179,0.133354,0,0.66528,12.849,1,0.399555,0.36288,0,103.939,4.14179,99.7607,0.84672,12.849,0.84672,3695.15,0,36.966,0.42336,1.26702,1.88372,6.43286,0.861535,8.29871,0.42336,36.966,0.42336,423.524,0,1.02816,0,0,2.29518,1.26702,1.028160,1,0,108.059,0,0,0,108.059,0
62.9299,1.8721,0,0,3.34255,0.311152,0.36288,3.6288,43.4115,0.840288,0,0,0.83668,0.175287,0,0.66528,12.849,1,0.387145,0.36288,0,89.2037,5.09964,84.0798,0.84672,12.849,0.84672,3695.15,0,36.966,0.42336,0.608429,1.70618,5.07051,1.05429,5.90747,0.42336,36.966,0.42336,423.524,0,0.71801,0,0,1.32644,0.608429,1.028160,1,0,89.9872,0,0,0,89.9872,0
62.9479,1.8768,0,0,2.56852,0.310776,0.36288,3.6288,42.5817,1.19304,0,0,0.543005,0.179811,0,0.66528,12.849,1,0.383204,0.36288,0,64.1769,5.23068,58.9259,0.84672,12.849,0.84672,3695.15,0,36.966,0.42336,0.558835,1.70666,2.84017,1.09528,3.58702,0.42336,36.966,0.42336,423.524,0,0.365697,0,0,0.924532,0.558835,1.028160,1,0,62.5129,0,0,0,62.5129,0
64.3073,1.87751,0,0,3.91062,0.310822,0.36288,3.6288,42.8009,0.531012,0,0,0.928602,0.178394,0,0.66528,12.849,1,0.38324,0.36288,0,55.1865,5.23068,49.9355,0.84672,12.849,0.84672,3695.15,0,36.966,0.42336,0.747127,1.70714,6.71157,1.09528,7.64719,0.42336,36.966,0.42336,423.524,0,1.02816,0,0,1.77529,0.747127,1.028160,1,0,57.5827,0,0,0,57.5827,0
66.834,1.88489,0,0,5.08874,0.314273,0.36288,3.6288,43.0988,0.531449,0,0,1.00809,0.178769,0,0.66528,12.849,1,0.376613,0.36288,0,81.3776,5.23068,76.1332,0.84672,12.849,0.84672,3695.15,0,36.966,0.42336,1.81899,1.70762,6.55519,1.09528,8.56315,0.42336,36.966,0.42336,423.524,0,1.02816,0,0,2.84715,1.81899,1.028160,1,0,84.6963,0,0,0,84.6963,0
68.6045,1.97977,0,0,4.43644,0.323323,0.36288,3.6288,43.7027,0.59463,0,0,1.38984,0.191284,0,0.66528,12.849,1,0.380616,0.36288,0,136.318,4.98761,131.312,0.84672,12.849,0.84672,3695.15,0,36.966,0.42336,2.00573,1.7081,7.07435,1.02836,9.33645,0.42336,36.966,0.42336,423.524,0,1.02816,0,0,3.03389,2.00573,1.028160,1,0,140.649,0,0,0,140.649,0
69.7447,1.9887,0,0,3.81961,0.327854,0.36288,3.6288,44.1563,0.595085,0,0,1.24108,0.192384,0,0.66528,12.849,1,0.372466,0.36288,0,110.156,4.98761,105.158,0.84672,12.849,0.84672,3695.15,0,36.966,0.42336,1.6138,1.77544,5.41635,1.02836,7.35386,0.42336,36.966,0.42336,423.524,0,1.02816,0,0,2.64196,1.6138,1.028160,1,0,112.512,0,0,0,112.512,0
70.9856,1.9945,0,0,3.92904,0.330772,0.36288,3.6288,44.5131,0.59554,0,0,1.14558,0.193211,0,0.66528,12.849,1,0.367445,0.36288,0,87.9301,4.98761,82.938,0.84672,12.849,0.84672,3695.15,0,36.966,0.42336,1.2693,1.77594,6.63566,1.02836,8.22918,0.42336,36.966,0.42336,423.524,0,1.02816,0,0,2.29746,1.2693,1.028160,1,0,91.1672,0,0,0,91.1672,0
72.29,2.0006,0,0,4.17445,0.304068,0.565332,3.6288,45.3901,0.595995,0,0,1.66392,0.190928,0,0.66528,12.849,1,0.362126,0.565332,0,90.4236,5.18531,85.4415,0.84672,12.849,0.84672,3695.15,0,36.966,0.42336,1.59265,1.77644,10.6672,1.04122,12.5717,0.42336,36.966,0.42336,423.524,0,1.02816,0,0,2.62081,1.59265,1.028160,1,0,98.0133,0,0,0,98.0133,0
72.29,1.9742,0,0,3.61201,0.241755,1.39606,3.6288,45.8705,0.572054,0,0,1.25195,0.199506,0,0.66528,12.849,1,0.350899,1.39606,0,90.1886,4.40973,86.8241,0.84672,12.849,0.84672,3695.15,0,36.966,0.42336,1.38963,1.77694,6.08934,1.12851,7.70404,0.42336,36.966,0.42336,423.524,0,1.02816,0,0,2.41779,1.38963,1.028160,1,0,94.5281,0,0,0,94.5281,0
72.29,1.97485,0,0,3.19588,0.224667,0.996363,3.6288,46.4552,0.572502,0,0,1.36129,0.204105,0,0.66528,12.849,1,0.351015,0.996363,0,72.9415,4.04019,69.5466,0.84672,12.849,0.84672,3695.15,0,36.966,0.42336,1.59845,1.75139,5.67431,1.15957,7.44122,0.42336,36.966,0.42336,423.524,0,1.02816,0,0,2.62661,1.59845,1.028160,1,0,76.9879,0,0,0,76.9879,0
72.29,1.97551,0,0,2.88665,0.224667,0.686475,3.6288,46.866,0.572951,0,0,1.18898,0.205212,0,0.66528,12.849,1,0.351132,0.686475,0,67.9864,4.04019,64.2816,0.84672,12.849,0.84672,3695.15,0,36.966,0.42336,1.12063,1.75188,5.31525,1.15957,6.60482,0.42336,36.966,0.42336,423.524,0,1.02816,0,0,2.14879,1.12063,1.028160,1,0,70.8864,0,0,0,70.8864,0
72.29,1.97616,0,0,3.46874,0.206421,1.28616,3.6288,47.2275,0.573399,0,0,1.1489,0.213982,0,0.66528,12.849,1,0.351248,1.28616,0,73.1834,4.74196,69.3763,0.84672,12.849,0.84672,3695.15,0,36.966,0.42336,1.20468,1.75237,7.14049,1.18724,8.48694,0.42336,36.966,0.42336,423.524,0,1.02816,0,0,2.23284,1.20468,1.028160,1,0,77.8633,0,0,0,77.8633,0
72.29,2.08764,0,0,2.62415,0.17042,0.366086,3.6288,47.4129,0.660461,0,0,1.06631,0.220447,0,0.66528,12.849,1,0.371063,0.366086,0,54.4353,5.49041,48.9399,0.84672,12.849,0.84672,3695.15,0,36.966,0.42336,1.26182,1.75286,5.18483,1.22437,6.55178,0.42336,36.966,0.42336,423.524,0,1.02816,0,0,2.28998,1.26182,1.028160,1,0,55.4917,0,0,0,55.4917,0
72.1852,2.08833,0,0,2.48762,0.14124,0.36288,3.6288,47.4357,0.660934,0,0,0.892261,0.208521,0,0.66528,12.849,1,0.371185,0.36288,0,47.2097,5.02226,42.1791,0.84672,12.849,0.84672,3695.15,0,36.966,0.42336,1.18914,1.84473,4.27684,1.22499,5.66236,0.42336,36.966,0.42336,423.524,0,1.02816,0,0,2.2173,1.18914,1.028160,1,0,47.8414,0,0,0,47.8414,0
71.7706,2.08856,0,0,2.17077,0.133935,0.36288,3.6288,47.3908,0.661407,0,0,0.829336,0.212831,0,0.66528,12.849,1,0.371764,0.36288,0,42.1957,5.07581,37.111,0.84672,12.849,0.84672,3695.15,0,36.966,0.42336,1.04273,1.84524,4.13655,1.23868,5.36248,0.42336,36.966,0.42336,423.524,0,1.02816,0,0,2.07089,1.04273,1.028160,1,0,42.4735,0,0,0,42.4735,0
71.2741,2.08742,0,0,2.04435,0.0904946,0.36288,3.6288,47.2854,0.661881,0,0,0.794785,0.238361,0,0.66528,12.849,1,0.373708,0.36288,0,37.8377,5.3971,32.4297,0.84672,12.849,0.84672,3695.15,0,36.966,0.42336,0.948845,1.84576,3.91219,1.32077,4.96267,0.42336,36.966,0.42336,423.524,0,1.02816,0,0,1.977,0.948845,1.028160,1,0,37.3924,0,0,0,37.3924,0
70.6693,2.0859,0,0,1.93407,0.0901524,0.36288,3.6288,47.1391,0.662354,0,0,0.754246,0.23815,0,0.66528,12.849,1,0.376037,0.36288,0,37.9598,5.3971,32.5496,0.84672,12.849,0.84672,3695.15,0,36.966,0.42336,0.798388,1.84628,4.16408,1.32077,5.06462,0.42336,36.966,0.42336,423.524,0,1.02816,0,0,1.82655,0.798388,1.028160,1,0,37.6142,0,0,0,37.6142,0
70.4279,2.06199,0,0,2.2602,0.0766549,0.36288,3.6288,47.0869,0.66528,0,0,0.826848,0.213778,0,0.66528,12.849,1,0.374908,0.36288,0,39.8371,5.58516,34.24,0.84672,12.849,0.84672,3695.15,0,36.966,0.42336,0.661297,1.8468,3.71962,1.30949,4.49486,0.42336,36.966,0.42336,423.524,0,1.02816,0,0,1.68946,0.661297,1.028160,1,0,38.7348,0,0,0,38.7348,0
70.0413,2.06158,0,0,2.11429,0.0765128,0.36288,3.6288,46.9664,0.66528,0,0,0.758419,0.213684,0,0.66528,12.849,1,0.376118,0.36288,0,36.3298,5.58516,30.7314,0.84672,12.849,0.84672,3695.15,0,36.966,0.42336,0.471053,1.84436,3.62463,1.30949,4.20719,0.42336,36.966,0.42336,423.524,0,1.02816,0,0,1.49921,0.471053,1.028160,1,0,34.9386,0,0,0,34.9386,0
69.5909,2.0605,0,0,2.0493,0.0762851,0.36288,3.6288,46.8179,0.66528,0,0,0.730331,0.213468,0,0.66528,12.849,1,0.377997,0.36288,0,32.385,5.58516,26.7847,0.84672,12.849,0.84672,3695.15,0,36.966,0.42336,0.386329,1.84451,3.58682,1.30949,4.08481,0.42336,36.966,0.42336,423.524,0,1.02816,0,0,1.41449,0.386329,1.028160,1,0,30.8695,0,0,0,30.8695,0
69.2631,2.05911,0,0,2.13974,0.0455068,0.36288,3.6288,46.7762,0.66528,0,0,0.860751,0.237181,0,0.66528,12.849,1,0.380187,0.36288,0,31.324,5.81295,25.4937,0.84672,12.849,0.84672,3695.15,0,36.966,0.42336,0.448762,1.84466,3.74419,1.44443,4.16982,0.42336,36.966,0.42336,423.524,0,1.02816,0,0,1.47692,0.448762,1.028160,1,0,29.6635,0,0,0,29.6635,0
68.5976,2.11464,0,0,1.85253,0.0405281,0.36288,3.6288,46.5096,0.66528,0,0,0.666767,0.2681,0,0.66528,12.849,1,0.392287,0.36288,0,35.2677,6.07016,29.1681,0.84672,12.849,0.84672,3695.15,0,36.966,0.42336,0.289526,1.84481,3.26839,1.50166,3.47771,0.42336,36.966,0.42336,423.524,0,1.02816,0,0,1.31769,0.289526,1.028160,1,0,32.6458,0,0,0,32.6458,0
67.9071,2.11213,0,0,1.82498,0.040475,0.36288,3.6288,46.2947,0.66528,0,0,0.738046,0.287655,0,0.66528,12.849,1,0.395622,0.36288,0,32.7614,6.23458,26.4941,0.84672,12.849,0.84672,3695.15,0,36.966,0.42336,0.38842,1.85749,3.11328,1.52772,3.4081,0.42336,36.966,0.42336,423.524,0,1.02816,0,0,1.41658,0.38842,1.028160,1,0,29.9022,0,0,0,29.9022,0
67.0557,2.10943,0,0,1.66116,0.0402568,0.36288,3.6288,45.9511,0.66528,0,0,0.608733,0.287085,0,0.66528,12.849,1,0.399135,0.36288,0,26.3875,6.23458,20.1167,0.84672,12.849,0.84672,3695.15,0,36.966,0.42336,0.419014,1.85764,2.89294,1.52772,3.21851,0.42336,36.966,0.42336,423.524,0,1.02816,0,0,1.44717,0.419014,1.028160,1,0,23.3352,0,0,0,23.3352,0
66.0578,2.10587,0,0,1.51082,0.0399878,0.36288,3.6288,45.5326,0.699235,0,0,0.566905,0.286173,0,0.66528,12.849,1,0.40352,0.36288,0,24.599,6.23458,18.3238,0.84672,12.849,0.84672,3695.15,0,36.966,0.42336,0.227405,1.8578,2.57818,1.52772,2.7123,0.42336,36.966,0.42336,423.524,0,0.994205,0,0,1.22161,0.227405,1.028160,1,0,21.0361,0,0,0,21.0361,0
64.9985,2.26547,0,0,1.5975,0.0284901,0.36288,3.6288,45.1999,0.66528,0,0,0.627297,0.294711,0,0.66528,12.849,1,0.44066,0.36288,0,23.6514,6.44055,17.1331,0.84672,12.849,0.84672,3695.15,0,36.966,0.42336,0.411117,1.85795,3.44696,1.57097,3.7217,0.42336,36.966,0.42336,423.524,0,1.02816,0,0,1.43928,0.411117,1.028160,1,0,20.8548,0,0,0,20.8548,0
63.6005,2.2602,0,0,1.27173,0.0466086,0.36288,3.6288,44.0926,1.18036,0,0,0.34687,0.273772,0,0.66528,12.849,1,0.446801,0.36288,0,15.1546,6.26481,8.80592,0.84672,12.849,0.84672,3695.15,0,36.966,0.42336,0.227405,1.89482,2.22097,1.57856,2.34127,0.42336,36.966,0.42336,423.524,0,0.513078,0,0,0.740483,0.227405,1.028160,1,0,11.1472,0,0,0,11.1472,0
62.3644,2.25276,0,0,1.42103,0.0415079,0.36288,3.6288,43.2777,0.967957,0,0,0.426252,0.273213,0,0.66528,12.849,1,0.455118,0.36288,0,19.284,6.33958,12.8522,0.84672,12.849,0.84672,3695.15,0,36.966,0.42336,0.204422,1.89498,2.35743,1.5935,2.43997,0.42336,36.966,0.42336,423.524,0,0.725483,0,0,0.929906,0.204422,1.028160,1,0,15.2922,0,0,0,15.2922,0
60.837,2.24601,0,0,1.12266,0.0410911,0.36288,3.6288,42.0861,1.23167,0,0,0.311144,0.271113,0,0.66528,12.849,1,0.462748,0.36288,0,19.9004,6.33958,13.461,0.84672,12.849,0.84672,3695.15,0,36.966,0.42336,0.204422,1.89515,1.86796,1.5935,1.95067,0.42336,36.966,0.42336,423.524,0,0.461767,0,0,0.66619,0.204422,1.028160,1,0,15.4116,0,0,0,15.4116,0
59.5869,2.23714,0,0,1.39044,0.0405761,0.36288,3.6288,41.626,0.709642,0,0,0.517639,0.268041,0,0.66528,12.849,1,0.472492,0.36288,0,17.6362,6.33958,11.187,0.84672,12.849,0.84672,3695.15,0,36.966,0.42336,0.204422,1.89531,2.807,1.5935,2.88987,0.42336,36.966,0.42336,423.524,0,0.983798,0,0,1.18822,0.204422,1.028160,1,0,14.0769,0,0,0,14.0769,0
58.6611,2.15105,0,0,1.61875,0.0305643,0.36288,3.6288,41.4584,0.737096,0,0,0.794509,0.225007,0,0.66528,12.849,1,0.463841,0.36288,0,20.9887,5.73505,15.1527,0.84672,12.849,0.84672,3695.15,0,36.966,0.42336,0.204422,1.89547,3.54191,1.41676,3.80168,0.42336,36.966,0.42336,423.524,0,0.956344,0,0,1.16077,0.204422,1.028160,1,0,18.9544,0,0,0,18.9544,0
58.6475,2.14574,0,0,2.52367,0.0287141,0.36288,3.6288,42.0281,0.66528,0,0,1.45258,0.21768,0,0.66528,12.849,1,0.469999,0.36288,0,39.8408,5.6343,34.0993,0.84672,12.849,0.84672,3695.15,0,36.966,0.42336,1.06437,1.87772,7.17466,1.38731,8.30608,0.42336,36.966,0.42336,423.524,0,1.02816,0,0,2.09253,1.06437,1.028160,1,0,42.4054,0,0,0,42.4054,0
58.2111,2.14635,0,0,2.10153,0.0287103,0.36288,3.6288,42.2981,0.66528,0,0,1.15415,0.218879,0,0.66528,12.849,1,0.470241,0.36288,0,59.1196,5.6343,53.378,0.84672,12.849,0.84672,3695.15,0,36.966,0.42336,0.624534,1.87788,5.05128,1.38731,5.74303,0.42336,36.966,0.42336,423.524,0,1.02816,0,0,1.65269,0.624534,1.028160,1,0,59.121,0,0,0,59.121,0
57.7169,2.14416,0,0,2.15351,0.140581,0.36288,3.6288,42.3227,0.66528,0,0,0.875128,0.185216,0,0.66528,12.849,1,0.473283,0.36288,0,37.2745,5.54327,31.6208,0.84672,12.849,0.84672,3695.15,0,36.966,0.42336,0.250197,1.87804,3.62797,1.42817,3.90467,0.42336,36.966,0.42336,423.524,0,1.02816,0,0,1.27836,0.250197,1.028160,1,0,35.5255,0,0,0,35.5255,0
56.7023,2.07727,0,0,1.59563,0.170163,0.36288,3.6288,42.3854,0.66528,0,0,0.904928,0.176913,0,0.66528,12.849,1,0.462445,0.36288,0,28.0625,4.67243,23.2905,0.84672,12.849,0.84672,3695.15,0,36.966,0.42336,0.398731,1.8782,4.62145,1.20728,5.26774,0.42336,36.966,0.42336,423.524,0,1.02816,0,0,1.42689,0.398731,1.028160,1,0,28.5582,0,0,0,28.5582,0
55.1179,2.0712,0,0,1.05809,0.208419,0.36288,3.6288,41.7016,1.06687,0,0,0.548886,0.165884,0,0.66528,12.849,1,0.469344,0.36288,0,43.9665,3.5113,40.3487,0.84672,12.849,0.84672,3695.15,0,36.966,0.42336,0.216518,1.86363,2.7381,0.912755,3.48214,0.42336,36.966,0.42336,423.524,0,0.626574,0,0,0.843092,0.216518,1.028160,1,0,43.8308,0,0,0,43.8308,0
54.6325,2.06093,0,0,2.14364,0.205158,0.36288,3.6288,42.0665,0.66528,0,0,1.19505,0.164796,0,0.66528,12.849,1,0.480442,0.36288,0,69.6458,3.5113,66.017,0.84672,12.849,0.84672,3695.15,0,36.966,0.42336,0.828576,1.86379,5.75438,0.912755,7.11063,0.42336,36.966,0.42336,423.524,0,1.02816,0,0,1.85674,0.828576,1.028160,1,0,73.1276,0,0,0,73.1276,0
53.431,2.05815,0,0,1.42367,0.20416,0.36288,3.6288,42.3899,0.66528,0,0,1.15402,0.165377,0,0.66528,12.849,1,0.484055,0.36288,0,42.8654,3.5113,39.2329,0.84672,12.849,0.84672,3695.15,0,36.966,0.42336,0.885427,1.86394,4.28588,0.912755,5.69914,0.42336,36.966,0.42336,423.524,0,1.02816,0,0,1.91359,0.885427,1.028160,1,0,44.932,0,0,0,44.932,0
52.9411,1.86995,0,0,1.98649,0.243529,0.36288,3.6288,42.3668,0.585885,0,0,0.742325,0.179489,0,0.66528,12.849,1,0.449682,0.36288,0,58.4615,3.81927,54.5555,0.84672,12.849,0.84672,3695.15,0,36.966,0.42336,0.292723,1.8641,7.75999,0.97688,8.51657,0.42336,36.966,0.42336,423.524,0,1.00366,0,0,1.29639,0.292723,1.028160,1,0,63.072,0,0,0,63.072,0
52.7264,1.86722,0,0,2.2551,0.239731,0.36288,3.6288,42.2453,0.561832,0,0,0.617984,0.177685,0,0.66528,12.849,1,0.45318,0.36288,0,56.944,4.04334,52.8104,0.84672,12.849,0.84672,3695.15,0,36.966,0.42336,0.318021,1.74212,7.10312,0.982555,7.75734,0.42336,36.966,0.42336,423.524,0,1.02816,0,0,1.34618,0.318021,1.028160,1,0,60.5677,0,0,0,60.5677,0
52.4779,1.86635,0,0,2.21987,0.239203,0.36288,3.6288,41.7335,0.872607,0,0,0.538247,0.177478,0,0.66528,12.849,1,0.454814,0.36288,0,44.6293,4.04334,40.494,0.84672,12.849,0.84672,3695.15,0,36.966,0.42336,0.412474,1.74261,5.85551,0.982555,6.60468,0.42336,36.966,0.42336,423.524,0,0.717828,0,0,1.1303,0.412474,1.028160,1,0,47.0987,0,0,0,47.0987,0
51.9734,1.86523,0,0,1.9622,0.238592,0.36288,3.6288,41.2468,0.861923,0,0,0.551903,0.176606,0,0.66528,12.849,1,0.456695,0.36288,0,51.7204,4.04334,47.5833,0.84672,12.849,0.84672,3695.15,0,36.966,0.42336,0.412474,1.74309,6.0536,0.982555,6.80325,0.42336,36.966,0.42336,423.524,0,0.728957,0,0,1.14143,0.412474,1.028160,1,0,54.3865,0,0,0,54.3865,0
52.7607,1.86229,0,0,3.24793,0.235387,0.36288,3.6288,40.9475,0.669679,0,0,0.569093,0.198767,0,0.66528,12.849,1,0.460402,0.36288,0,46.7472,4.87021,41.7795,0.84672,12.849,0.84672,3695.15,0,36.966,0.42336,0.412474,1.74358,6.56148,1.23925,7.05492,0.42336,36.966,0.42336,423.524,0,0.921646,0,0,1.33412,0.412474,1.028160,1,0,48.8344,0,0,0,48.8344,0
52.4495,1.93762,0,0,2.20786,0.218584,0.36288,3.6288,40.9575,0.699262,0,0,0.886806,0.177514,0,0.66528,12.849,1,0.471875,0.36288,0,39.3987,4.73761,34.5521,0.84672,12.849,0.84672,3695.15,0,36.966,0.42336,0.412474,1.74407,5.6375,1.21475,6.15592,0.42336,36.966,0.42336,423.524,0,0.943963,0,0,1.35644,0.412474,1.028160,1,0,40.7081,0,0,0,40.7081,0
51.7147,1.93598,0,0,1.81748,0.253369,0.36288,3.6288,41.4335,0.615505,0,0,1.26333,0.171837,0,0.66528,12.849,1,0.474273,0.36288,0,33.9824,3.93414,29.9369,0.84672,12.849,0.84672,3695.15,0,36.966,0.42336,0.610831,1.80043,5.64044,1.04323,6.58512,0.42336,36.966,0.42336,423.524,0,1.02816,0,0,1.63899,0.610831,1.028160,1,0,36.522,0,0,0,36.522,0
51.5891,1.93119,0,0,2.41991,0.25145,0.36288,3.6288,41.6827,0.703909,0,0,1.12568,0.172632,0,0.66528,12.849,1,0.479821,0.36288,0,48.1933,3.93414,44.1422,0.84672,12.849,0.84672,3695.15,0,36.966,0.42336,0.503194,1.80091,7.13527,1.04323,7.97279,0.42336,36.966,0.42336,423.524,0,0.940196,0,0,1.44339,0.503194,1.028160,1,0,52.115,0,0,0,52.115,0
51.6242,1.93086,0,0,2.57996,0.251122,0.36288,3.6288,42.1414,0.616385,0,0,1.2482,0.173049,0,0.66528,12.849,1,0.480908,0.36288,0,51.735,3.93414,47.6829,0.84672,12.849,0.84672,3695.15,0,36.966,0.42336,0.598,1.8014,7.78663,1.04323,8.71944,0.42336,36.966,0.42336,423.524,0,1.02816,0,0,1.62616,0.598,1.028160,1,0,56.4023,0,0,0,56.4023,0
50.9658,2.15321,0,0,2.12205,0.264375,0.36288,3.6288,42.4211,0.66528,0,0,1.12088,0.175911,0,0.66528,12.849,1,0.535923,0.36288,0,40.915,3.92991,36.812,0.84672,12.849,0.84672,3695.15,0,36.966,0.42336,0.518555,1.80188,6.65957,1.05643,7.50022,0.42336,36.966,0.42336,423.524,0,1.02816,0,0,1.54672,0.518555,1.028160,1,0,44.3122,0,0,0,44.3122,0
50.5679,2.14835,0,0,2.40812,0.294853,0.36288,3.6288,42.718,0.66528,0,0,1.14139,0.179238,0,0.66528,12.849,1,0.54162,0.36288,0,47.3859,3.94195,43.2652,0.84672,12.849,0.84672,3695.15,0,36.966,0.42336,0.899156,1.89163,7.1191,1.09448,8.39205,0.42336,36.966,0.42336,423.524,0,1.02816,0,0,1.92732,0.899156,1.028160,1,0,51.6573,0,0,0,51.6573,0
50.1397,2.14561,0,0,2.37165,0.291289,0.36288,3.6288,42.8773,0.66528,0,0,0.989937,0.165305,0,0.66528,12.849,1,0.545187,0.36288,0,47.2403,4.07767,42.9803,0.84672,12.849,0.84672,3695.15,0,36.966,0.42336,0.937207,1.89179,6.97386,1.12474,8.25476,0.42336,36.966,0.42336,423.524,0,1.02816,0,0,1.96537,0.937207,1.028160,1,0,51.2351,0,0,0,51.2351,0
50.3993,2.14257,0,0,3.05503,0.289978,0.36288,3.6288,43.2613,0.66528,0,0,1.21484,0.165557,0,0.66528,12.849,1,0.549063,0.36288,0,63.7858,4.07767,59.5219,0.84672,12.849,0.84672,3695.15,0,36.966,0.42336,1.56139,1.89195,9.52163,1.12474,11.4269,0.42336,36.966,0.42336,423.524,0,1.02816,0,0,2.58955,1.56139,1.028160,1,0,70.9488,0,0,0,70.9488,0
52.574,1.83077,0,0,4.65947,0.291195,0.36288,3.6288,44.243,0.552365,0,0,1.69347,0.159473,0,0.66528,12.849,1,0.466744,0.36288,0,90.541,3.97018,86.4669,0.84672,12.849,0.84672,3695.15,0,36.966,0.42336,1.89908,1.8921,9.33889,1.07339,11.6333,0.42336,36.966,0.42336,423.524,0,1.02816,0,0,2.92724,1.89908,1.028160,1,0,98.1002,0,0,0,98.1002,0
57.7265,1.84687,0,0,7.66126,0.298941,0.36288,3.6288,47.0129,0.552788,0,0,3.46677,0.144078,0,0.66528,12.849,1,0.451372,0.36288,0,162.201,3.70146,158.411,0.84672,12.849,0.84672,3695.15,0,36.966,0.42336,4.72239,1.73101,15.957,0.945033,21.042,0.42336,36.966,0.42336,423.524,0,1.02816,0,0,5.75055,4.72239,1.028160,1,0,179.453,0,0,0,179.453,0
62.4586,1.88042,0,0,7.29017,0.314797,0.36288,3.6288,49.8805,0.553211,0,0,3.56863,0.147807,0,0.66528,12.849,1,0.418551,0.36288,0,155.734,3.70146,151.977,0.84672,12.849,0.84672,3695.15,0,36.966,0.42336,4.9967,1.73147,18.1582,0.945033,23.5179,0.42336,36.966,0.42336,423.524,0,1.02816,0,0,6.02486,4.9967,1.028160,1,0,175.495,0,0,0,175.495,0
67.2272,1.90732,0,0,7.36733,0.328536,0.36288,3.6288,52.3277,0.553633,0,0,3.15221,0.151368,0,0.66528,12.849,1,0.392375,0.36288,0,146.527,3.70146,142.797,0.84672,12.849,0.84672,3695.15,0,36.966,0.42336,4.47021,1.73193,14.86,0.945033,19.6938,0.42336,36.966,0.42336,423.524,0,1.02816,0,0,5.49837,4.47021,1.028160,1,0,162.49,0,0,0,162.49,0
72.29,1.9313,0,0,8.94249,0.337371,1.61102,3.6288,56.8344,0.554056,0,0,5.22069,0.15995,0,0.66528,12.849,1,0.369126,1.61102,0,189.838,3.8699,187.21,0.84672,12.849,0.84672,3695.15,0,36.966,0.42336,5.70479,1.73239,24.5193,0.969109,30.564,0.42336,36.966,0.42336,423.524,0,1.02816,0,0,6.73295,5.70479,1.028160,1,0,217.774,0,0,0,217.774,0
72.29,2.03839,0,0,7.69617,0.303344,5.35443,3.6288,60.294,0.618132,0,0,4.24582,0.168094,0,0.66528,12.849,1,0.362309,5.35443,0,200.915,4.16374,201.744,0.84672,12.849,0.84672,3695.15,0,36.966,0.42336,5.84454,1.73286,19.5305,0.974536,25.71,0.42336,36.966,0.42336,423.524,0,1.02816,0,0,6.8727,5.84454,1.028160,1,0,227.454,0,0,0,227.454,0
72.29,2.03903,0,0,7.09785,0.299597,4.75921,3.6288,61.308,0.618572,0,0,4.18143,0.166536,2.38228,0.66528,12.849,1,0.362423,4.75921,0,204.337,4.04428,204.689,0.84672,12.849,0.84672,3695.15,0,36.966,0.42336,5.47703,1.80115,18.0768,0.951363,23.9802,0.42336,36.966,0.42336,423.524,0,1.02816,0,0,6.50519,5.47703,1.028160,1,0,231.052,0,0,0,231.052,0
72.29,2.03968,0,0,6.24731,0.284508,3.92312,3.6288,61.308,0.619012,0,0,3.15769,0.165945,2.37273,0.66528,12.849,1,0.362537,3.92312,0,152.554,4.14314,151.971,0.84672,12.849,0.84672,3695.15,0,36.966,0.42336,4.36331,1.80164,11.3619,0.957791,16.1457,0.42336,36.966,0.42336,423.524,0,1.02816,0,0,5.39147,4.36331,1.028160,1,0,170.49,0,0,0,170.49,0
72.29,2.04032,0,0,4.98586,0.246785,2.69876,3.6288,61.308,0.619453,0,0,2.39791,0.161783,1.61668,0.66528,12.849,1,0.362651,2.69876,0,143.858,4.39026,141.804,0.84672,12.849,0.84672,3695.15,0,36.966,0.42336,2.81047,1.80212,8.82464,0.97386,12.04,0.42336,36.966,0.42336,423.524,0,1.02816,0,0,3.83863,2.81047,1.028160,1,0,155.46,0,0,0,155.46,0
72.29,2.00787,0,0,4.68729,0.233102,2.44631,3.6288,61.308,0.595145,0,0,2.0628,0.181533,1.28612,0.66528,12.849,1,0.356885,2.44631,0,112.114,4.20426,110,0.84672,12.849,0.84672,3695.15,0,36.966,0.42336,2.45057,1.8026,8.48776,0.997273,11.3203,0.42336,36.966,0.42336,423.524,0,1.02816,0,0,3.47873,2.45057,1.028160,1,0,122.606,0,0,0,122.606,0
72.29,2.00851,0,0,4.56856,0.222839,2.33721,3.6288,61.308,0.595579,0,0,1.83133,0.196345,1.0394,0.66528,12.849,1,0.356997,2.33721,0,108.42,4.06476,106.335,0.84672,12.849,0.84672,3695.15,0,36.966,0.42336,2.48692,1.77666,9.17516,1.01483,12.0005,0.42336,36.966,0.42336,423.524,0,1.02816,0,0,3.51508,2.48692,1.028160,1,0,119.375,0,0,0,119.375,0
72.29,2.00914,0,0,4.1953,0.222839,1.96332,3.6288,61.308,0.596012,0,0,1.66345,0.196345,0.871093,0.66528,12.849,1,0.357109,1.96332,0,95.7779,4.06476,93.3193,0.84672,12.849,0.84672,3695.15,0,36.966,0.42336,2.30604,1.77713,8.24852,1.01483,10.8935,0.42336,36.966,0.42336,423.524,0,1.02816,0,0,3.3342,2.30604,1.028160,1,0,105.084,0,0,0,105.084,0
72.29,2.00977,0,0,3.83896,0.20811,1.62108,3.6288,61.308,0.596447,0,0,1.43914,0.200661,0.642032,0.66528,12.849,1,0.357222,1.62108,0,89.1389,4.11714,86.2856,0.84672,12.849,0.84672,3695.15,0,36.966,0.42336,1.73741,1.77761,7.49442,0.989006,9.59707,0.42336,36.966,0.42336,423.524,0,1.02816,0,0,2.76557,1.73741,1.028160,1,0,96.5247,0,0,0,96.5247,0
72.29,2.12283,0,0,3.77963,0.172781,1.48402,3.6288,61.308,0.66528,0,0,1.38345,0.208702,0.509463,0.66528,12.849,1,0.377316,1.48402,0,86.1831,4.28852,83.0013,0.84672,12.849,0.84672,3695.15,0,36.966,0.42336,1.92459,1.77808,7.49995,0.951635,9.82763,0.42336,36.966,0.42336,423.524,0,1.02816,0,0,2.95275,1.92459,1.028160,1,0,93.3384,0,0,0,93.3384,0
72.29,2.12349,0,0,2.99248,0.147138,0.721854,3.6288,61.308,0.66528,0,0,1.04492,0.206363,0.173279,0.66528,12.849,1,0.377434,0.721854,0,57.2752,4.41011,53.2095,0.84672,12.849,0.84672,3695.15,0,36.966,0.42336,1.49006,1.85622,6.60969,1.0243,8.50831,0.42336,36.966,0.42336,423.524,0,1.02816,0,0,2.51822,1.49006,1.028160,1,0,61.8911,0,0,0,61.8911,0
72.29,2.12415,0,0,2.81267,0.131916,0.556597,3.6288,61.308,0.66528,0,0,1.08821,0.209933,0.212995,0.66528,12.849,1,0.377552,0.556597,0,52.7564,4.51846,48.4169,0.84672,12.849,0.84672,3695.15,0,36.966,0.42336,1.49634,1.85636,6.7176,1.00424,8.64271,0.42336,36.966,0.42336,423.524,0,1.02816,0,0,2.5245,1.49634,1.028160,1,0,57.2726,0,0,0,57.2726,0
72.29,2.12482,0,0,2.7028,0.131916,0.446067,3.6288,61.308,0.66528,0,0,1.10856,0.209933,0.233351,0.66528,12.849,1,0.37767,0.446067,0,49.7343,4.51846,45.2842,0.84672,12.849,0.84672,3695.15,0,36.966,0.42336,1.3707,1.85651,6.69825,1.00424,8.49786,0.42336,36.966,0.42336,423.524,0,1.02816,0,0,2.39886,1.3707,1.028160,1,0,54.0154,0,0,0,54.0154,0
72.2023,2.12548,0,0,2.53254,0.131916,0.36288,3.6288,61.308,0.66528,0,0,1.0317,0.209933,0.156489,0.66528,12.849,1,0.377788,0.36288,0,46.5912,4.51846,42.0578,0.84672,12.849,0.84672,3695.15,0,36.966,0.42336,1.20731,1.85666,6.2106,1.00424,7.84697,0.42336,36.966,0.42336,423.524,0,1.02816,0,0,2.23547,1.20731,1.028160,1,0,50.0613,0,0,0,50.0613,0
72.29,2.1035,0,0,2.88912,0.119183,0.578706,3.6288,61.2824,0.66528,0,0,0.864207,0.224569,0,0.66528,12.849,1,0.374335,0.578706,0,54.444,4.57265,50.0757,0.84672,12.849,0.84672,3695.15,0,36.966,0.42336,0.973849,1.8568,5.18625,1.14658,6.44696,0.42336,36.966,0.42336,423.524,0,1.02816,0,0,2.00201,0.973849,1.028160,1,0,56.5227,0,0,0,56.5227,0
72.29,2.10454,0,0,2.70098,0.117153,0.479284,3.6288,61.214,0.66528,0,0,0.823902,0.226971,0,0.66528,12.849,1,0.374066,0.479284,0,54.8634,4.58167,50.3869,0.84672,12.849,0.84672,3695.15,0,36.966,0.42336,0.900798,1.85203,4.8073,1.1703,5.96648,0.42336,36.966,0.42336,423.524,0,1.02816,0,0,1.92896,0.900798,1.028160,1,0,56.3534,0,0,0,56.3534,0
72.1563,2.1052,0,0,2.45153,0.117153,0.36288,3.6288,61.0948,0.66528,0,0,0.772934,0.226873,0,0.66528,12.849,1,0.374183,0.36288,0,48.8877,4.58167,44.2947,0.84672,12.849,0.84672,3695.15,0,36.966,0.42336,0.68326,1.85218,4.65043,1.1703,5.59221,0.42336,36.966,0.42336,423.524,0,1.02816,0,0,1.71142,0.68326,1.028160,1,0,49.8869,0,0,0,49.8869,0
71.9303,2.10527,0,0,2.32586,0.0837492,0.36288,3.6288,60.8512,0.66528,0,0,0.725034,0.303382,0,0.66528,12.849,1,0.374889,0.36288,0,43.9742,5.56972,38.3925,0.84672,12.849,0.84672,3695.15,0,36.966,0.42336,0.689956,1.85233,4.40728,1.53096,4.99525,0.42336,36.966,0.42336,423.524,0,1.02816,0,0,1.71812,0.689956,1.028160,1,0,43.3877,0,0,0,43.3877,0
71.3379,2.16243,0,0,2.01899,0.086038,0.36288,3.6288,60.5228,0.66528,0,0,0.638819,0.301891,0,0.66528,12.849,1,0.386278,0.36288,0,38.5054,5.6564,32.8256,0.84672,12.849,0.84672,3695.15,0,36.966,0.42336,0.587684,1.85247,4.16915,1.50369,4.68226,0.42336,36.966,0.42336,423.524,0,1.02816,0,0,1.61584,0.587684,1.028160,1,0,37.5078,0,0,0,37.5078,0
70.9268,2.16039,0,0,2.20107,0.0888791,0.36288,3.6288,60.3042,0.66528,0,0,0.7466,0.299901,0,0.66528,12.849,1,0.389117,0.36288,0,45.6644,5.77195,39.8662,0.84672,12.849,0.84672,3695.15,0,36.966,0.42336,0.790569,1.86532,4.64841,1.46732,5.41361,0.42336,36.966,0.42336,423.524,0,1.02816,0,0,1.81873,0.790569,1.028160,1,0,45.2798,0,0,0,45.2798,0
70.3424,2.15915,0,0,2.02619,0.0885998,0.36288,3.6288,59.9724,0.66528,0,0,0.632949,0.299485,0,0.66528,12.849,1,0.391148,0.36288,0,37.5082,5.77195,31.708,0.84672,12.849,0.84672,3695.15,0,36.966,0.42336,0.900841,1.86547,4.49457,1.46732,5.37019,0.42336,36.966,0.42336,423.524,0,1.02816,0,0,1.929,0.900841,1.028160,1,0,37.0782,0,0,0,37.0782,0
69.5895,2.15707,0,0,1.85529,0.0882028,0.36288,3.6288,59.5945,0.66528,0,0,0.586237,0.298853,0,0.66528,12.849,1,0.394019,0.36288,0,35.6511,5.77195,29.8481,0.84672,12.849,0.84672,3695.15,0,36.966,0.42336,0.620793,1.86562,3.95067,1.46732,4.5464,0.42336,36.966,0.42336,423.524,0,1.02816,0,0,1.64895,0.620793,1.028160,1,0,34.3944,0,0,0,34.3944,0
68.7869,2.32188,0,0,1.96023,0.0780901,0.36288,3.6288,59.299,0.66528,0,0,0.672999,0.303257,0,0.66528,12.849,1,0.428711,0.36288,0,34.9654,5.92151,28.9781,0.84672,12.849,0.84672,3695.15,0,36.966,0.42336,0.950599,1.86576,5.22628,1.4972,6.12208,0.42336,36.966,0.42336,423.524,0,1.02816,0,0,1.97876,0.950599,1.028160,1,0,35.1001,0,0,0,35.1001,0
67.4702,2.31838,0,0,1.4554,0.09085,0.36288,3.6288,58.8971,0.66528,0,0,0.579017,0.315665,0,0.66528,12.849,1,0.43306,0.36288,0,30.83,6.41833,24.3415,0.84672,12.849,0.84672,3695.15,0,36.966,0.42336,0.59997,1.90315,4.07979,1.47039,4.68916,0.42336,36.966,0.42336,423.524,0,1.02816,0,0,1.62813,0.59997,1.028160,1,0,29.0307,0,0,0,29.0307,0
66.1912,2.31199,0,0,1.48581,0.0899176,0.36288,3.6288,58.4714,0.66528,0,0,0.554526,0.314853,0,0.66528,12.849,1,0.440294,0.36288,0,28.4437,6.41833,21.948,0.84672,12.849,0.84672,3695.15,0,36.966,0.42336,0.53371,1.90331,4.18253,1.47039,4.72579,0.42336,36.966,0.42336,423.524,0,1.02816,0,0,1.56187,0.53371,1.028160,1,0,26.6738,0,0,0,26.6738,0
65.6431,2.30557,0,0,2.21422,0.0938667,0.36288,3.6288,58.1497,0.66528,0,0,0.6565,0.312939,0,0.66528,12.849,1,0.447557,0.36288,0,36.6145,6.38865,30.1412,0.84672,12.849,0.84672,3695.15,0,36.966,0.42336,0.853468,1.90347,4.58392,1.46675,5.45074,0.42336,36.966,0.42336,423.524,0,1.02816,0,0,1.88163,0.853468,1.028160,1,0,35.5919,0,0,0,35.5919,0
66.0198,2.30316,0,0,3.15813,0.115447,0.36288,3.6288,58.0296,0.66528,0,0,0.848413,0.303236,0,0.66528,12.849,1,0.450821,0.36288,0,53.7097,6.32511,47.2966,0.84672,12.849,0.84672,3695.15,0,36.966,0.42336,0.943039,1.90363,5.01894,1.44336,5.99889,0.42336,36.966,0.42336,423.524,0,1.02816,0,0,1.9712,0.943039,1.028160,1,0,53.2955,0,0,0,53.2955,0
65.7245,2.22485,0,0,2.44736,0.154856,0.36288,3.6288,57.8978,0.66528,0,0,0.839627,0.30613,0,0.66528,12.849,1,0.433008,0.36288,0,55.4144,5.71317,49.6311,0.84672,12.849,0.84672,3695.15,0,36.966,0.42336,1.13702,1.90378,3.97614,1.38179,5.21179,0.42336,36.966,0.42336,423.524,0,1.02816,0,0,2.16518,1.13702,1.028160,1,0,54.8429,0,0,0,54.8429,0
64.8791,2.22391,0,0,1.91513,0.173823,0.36288,3.6288,57.5734,0.66528,0,0,0.649446,0.308583,0,0.66528,12.849,1,0.434769,0.36288,0,39.4033,5.40729,33.9241,0.84672,12.849,0.84672,3695.15,0,36.966,0.42336,0.754039,1.88577,3.08223,1.35799,3.94069,0.42336,36.966,0.42336,423.524,0,1.02816,0,0,1.7822,0.754039,1.028160,1,0,37.8648,0,0,0,37.8648,0
64.0877,2.21987,0,0,1.96406,0.172649,0.36288,3.6288,57.2215,0.66528,0,0,0.621264,0.307936,0,0.66528,12.849,1,0.439634,0.36288,0,42.0593,5.40729,36.5752,0.84672,12.849,0.84672,3695.15,0,36.966,0.42336,0.71871,1.88593,3.70111,1.35799,4.52439,0.42336,36.966,0.42336,423.524,0,1.02816,0,0,1.74687,0.71871,1.028160,1,0,41.0996,0,0,0,41.0996,0
63.6511,2.21603,0,0,2.31385,0.171551,0.36288,3.6288,57.0968,0.66528,0,0,0.847886,0.307234,0,0.66528,12.849,1,0.444293,0.36288,0,42.164,5.40729,36.6753,0.84672,12.849,0.84672,3695.15,0,36.966,0.42336,1.12215,1.88608,4.72352,1.35799,5.9504,0.42336,36.966,0.42336,423.524,0,1.02816,0,0,2.15031,1.12215,1.028160,1,0,42.6257,0,0,0,42.6257,0
64.6965,2.14788,0,0,3.73537,0.179227,0.36288,3.6288,57.2343,0.66528,0,0,1.09251,0.289777,0,0.66528,12.849,1,0.433584,0.36288,0,67.285,5.18545,62.0289,0.84672,12.849,0.84672,3695.15,0,36.966,0.42336,1.21431,1.88623,8.59014,1.23047,10.0368,0.42336,36.966,0.42336,423.524,0,1.02816,0,0,2.24247,1.21431,1.028160,1,0,72.0657,0,0,0,72.0657,0
66.2151,2.15439,0,0,4.26679,0.230903,0.36288,3.6288,57.45,0.66528,0,0,1.08071,0.199712,0,0.66528,12.849,1,0.427872,0.36288,0,82.1237,4.02129,78.0374,0.84672,12.849,0.84672,3695.15,0,36.966,0.42336,0.817188,1.87146,5.06369,0.954263,6.37471,0.42336,36.966,0.42336,423.524,0,1.02816,0,0,1.84535,0.817188,1.028160,1,0,84.4121,0,0,0,84.4121,0
67.335,2.16328,0,0,3.89369,0.24769,0.36288,3.6288,57.4975,0.66528,0,0,0.898819,0.186091,0,0.66528,12.849,1,0.419784,0.36288,0,74.8578,3.82169,70.9792,0.84672,12.849,0.84672,3695.15,0,36.966,0.42336,1.1043,1.87161,5.79072,0.935931,7.40734,0.42336,36.966,0.42336,423.524,0,1.02816,0,0,2.13246,1.1043,1.028160,1,0,78.3866,0,0,0,78.3866,0
70.6018,2.16982,0,0,6.04939,0.249896,0.36288,3.6288,58.0614,0.66528,0,0,1.41532,0.186148,0,0.66528,12.849,1,0.41405,0.36288,0,122.898,3.82169,119.025,0.84672,12.849,0.84672,3695.15,0,36.966,0.42336,1.91658,1.87176,7.73937,0.935931,10.1684,0.42336,36.966,0.42336,423.524,0,1.02816,0,0,2.94474,1.91658,1.028160,1,0,129.194,0,0,0,129.194,0
72.29,1.99505,0,0,5.2697,0.261175,1.32524,3.6288,58.701,0.583699,0,0,1.39967,0.176307,0,0.66528,12.849,1,0.363084,1.32524,0,104.865,3.82675,102,0.84672,12.849,0.84672,3695.15,0,36.966,0.42336,1.83527,1.87191,8.55075,0.96751,10.8671,0.42336,36.966,0.42336,423.524,0,1.02816,0,0,2.86343,1.83527,1.028160,1,0,112.867,0,0,0,112.867,0
72.29,2.00288,0,0,3.41657,0.26878,1.14491,3.6288,59.562,0.584129,0,0,1.64449,0.199418,0,0.66528,12.849,1,0.355996,1.14491,0,98.4459,3.73602,95.4988,0.84672,12.849,0.84672,3695.15,0,36.966,0.42336,1.87294,1.76657,9.46287,0.968453,11.7106,0.42336,36.966,0.42336,423.524,0,1.02816,0,0,2.9011,1.87294,1.028160,1,0,107.209,0,0,0,107.209,0
72.29,2.00351,0,0,7.68128,0.279057,5.39872,3.6288,61.1165,0.584559,0,0,2.37053,0.231407,0,0.66528,12.849,1,0.356108,5.39872,0,195.467,4.16697,196.343,0.84672,12.849,0.84672,3695.15,0,36.966,0.42336,2.87946,1.76704,14.4583,1.07316,17.6083,0.42336,36.966,0.42336,423.524,0,1.02816,0,0,3.90762,2.87946,1.028160,1,0,213.951,0,0,0,213.951,0
72.29,2.00414,0,0,4.69601,0.306961,2.38492,3.6288,61.308,0.584989,0,0,2.04097,0.242948,1.02156,0.66528,12.849,1,0.35622,2.38492,0,169.747,3.92133,167.854,0.84672,12.849,0.84672,3695.15,0,36.966,0.42336,2.46332,1.76752,12.125,0.988315,14.9442,0.42336,36.966,0.42336,423.524,0,1.02816,0,0,3.49148,2.46332,1.028160,1,0,183.82,0,0,0,183.82,0
72.29,2.00477,0,0,5.84904,0.306961,3.53731,3.6288,61.308,0.585419,0,0,2.2949,0.243242,1.46624,0.66528,12.849,1,0.356332,3.53731,0,195.827,3.92133,195.087,0.84672,12.849,0.84672,3695.15,0,36.966,0.42336,2.82756,1.76799,12.9256,0.988315,16.1095,0.42336,36.966,0.42336,423.524,0,1.02816,0,0,3.85572,2.82756,1.028160,1,0,212.663,0,0,0,212.663,0
72.29,2.07947,0,0,6.46537,0.277174,4.10873,3.6288,61.308,0.638025,0,0,1.71322,0.245134,0.830059,0.66528,12.849,1,0.369609,4.10873,0,160.872,4.22397,160.388,0.84672,12.849,0.84672,3695.15,0,36.966,0.42336,2.29828,1.76846,8.97822,1.08068,11.5409,0.42336,36.966,0.42336,423.524,0,1.02816,0,0,3.32644,2.29828,1.028160,1,0,172.759,0,0,0,172.759,0
72.29,2.08009,0,0,4.33967,0.254834,2.00475,3.6288,61.308,0.63845,0,0,1.30725,0.246552,0.422247,0.66528,12.849,1,0.36972,2.00475,0,113.475,4.45095,110.659,0.84672,12.849,0.84672,3695.15,0,36.966,0.42336,1.84082,1.82559,5.77325,1.14995,7.86635,0.42336,36.966,0.42336,423.524,0,1.02816,0,0,2.86898,1.84082,1.028160,1,0,118.948,0,0,0,118.948,0
72.29,2.08071,0,0,3.57405,0.254834,1.2385,3.6288,61.308,0.638876,0,0,1.01166,0.246552,0.126229,0.66528,12.849,1,0.369831,1.2385,0,91.3179,4.45095,87.7356,0.84672,12.849,0.84672,3695.15,0,36.966,0.42336,1.17031,1.82605,4.92451,1.14995,6.34757,0.42336,36.966,0.42336,423.524,0,1.02816,0,0,2.19847,1.17031,1.028160,1,0,94.2094,0,0,0,94.2094,0
72.29,2.08134,0,0,4.58239,0.294904,2.20615,3.6288,61.308,0.639302,0,0,1.00476,0.235842,0.129619,0.66528,12.849,1,0.369942,2.20615,0,120.582,4.56489,117.854,0.84672,12.849,0.84672,3695.15,0,36.966,0.42336,1.3552,1.82652,7.01249,1.34863,8.42223,0.42336,36.966,0.42336,423.524,0,1.02816,0,0,2.38336,1.3552,1.028160,1,0,126.406,0,0,0,126.406,0
72.29,2.32009,0,0,3.30404,0.294797,0.689153,3.6288,61.3026,0.66528,0,0,0.885911,0.226032,0,0.66528,12.849,1,0.412378,0.689153,0,86.9409,4.35505,82.8626,0.84672,12.849,0.84672,3695.15,0,36.966,0.42336,0.914173,1.82699,4.31311,1.31836,5.31255,0.42336,36.966,0.42336,423.524,0,1.02816,0,0,1.94233,0.914173,1.028160,1,0,88.1751,0,0,0,88.1751,0
72.29,2.32077,0,0,3.32841,0.254078,0.75356,3.6288,61.308,0.66528,0,0,1.37329,0.177877,0.524736,0.66528,12.849,1,0.4125,0.75356,0,99.201,2.9821,96.56,0.84672,12.849,0.84672,3695.15,0,36.966,0.42336,1.05507,1.89975,5.84266,0.938077,7.43604,0.42336,36.966,0.42336,423.524,0,1.02816,0,0,2.08323,1.05507,1.028160,1,0,104.521,0,0,0,104.521,0
72.29,2.32146,0,0,4.46394,0.254078,1.8884,3.6288,61.308,0.66528,0,0,0.996244,0.177883,0.153081,0.66528,12.849,1,0.412622,1.8884,0,157.834,2.9821,156.327,0.84672,12.849,0.84672,3695.15,0,36.966,0.42336,1.65568,1.89991,6.08874,0.938077,8.28289,0.42336,36.966,0.42336,423.524,0,1.02816,0,0,2.68384,1.65568,1.028160,1,0,164.763,0,0,0,164.763,0
72.29,2.32214,0,0,4.05843,0.314841,1.42145,3.6288,61.308,0.66528,0,0,1.04083,0.165221,0.210325,0.66528,12.849,1,0.412744,1.42145,0,134.495,3.09756,132.407,0.84672,12.849,0.84672,3695.15,0,36.966,0.42336,2.40797,1.90006,5.80748,0.89155,8.80059,0.42336,36.966,0.42336,423.524,0,1.02816,0,0,3.43613,2.40797,1.028160,1,0,141.417,0,0,0,141.417,0
72.29,1.98283,0,0,6.47776,0.336565,4.15837,3.6288,61.308,0.574294,0,0,0.901238,0.194853,0.132092,0.66528,12.849,1,0.352433,4.15837,0,185.547,2.92963,186.424,0.84672,12.849,0.84672,3695.15,0,36.966,0.42336,1.58681,1.90021,6.55272,0.926456,8.68993,0.42336,36.966,0.42336,423.524,0,1.02816,0,0,2.61497,1.58681,1.028160,1,0,195.246,0,0,0,195.246,0
72.29,1.98343,0,0,5.52263,0.314579,3.22462,3.6288,61.308,0.574703,0,0,1.09256,0.166909,0.350951,0.66528,12.849,1,0.35254,3.22462,0,121.013,2.48818,121.397,0.84672,12.849,0.84672,3695.15,0,36.966,0.42336,2.00231,1.75502,8.71836,0.827549,11.2248,0.42336,36.966,0.42336,423.524,0,1.02816,0,0,3.03047,2.00231,1.028160,1,0,132.972,0,0,0,132.972,0
72.29,1.98403,0,0,3.78956,0.314579,1.49095,3.6288,61.308,0.575112,0,0,0.899407,0.166909,0.157386,0.66528,12.849,1,0.352646,1.49095,0,109.649,2.48818,108.299,0.84672,12.849,0.84672,3695.15,0,36.966,0.42336,1.97102,1.75547,6.85252,0.827549,9.3281,0.42336,36.966,0.42336,423.524,0,1.02816,0,0,2.99918,1.97102,1.028160,1,0,117.784,0,0,0,117.784,0
72.29,1.98463,0,0,5.18249,0.314579,2.88328,3.6288,61.308,0.575522,0,0,0.953666,0.166909,0.211235,0.66528,12.849,1,0.352752,2.88328,0,121.906,2.48818,121.948,0.84672,12.849,0.84672,3695.15,0,36.966,0.42336,1.66667,1.75592,7.81332,0.827549,9.98501,0.42336,36.966,0.42336,423.524,0,1.02816,0,0,2.69483,1.66667,1.028160,1,0,132.145,0,0,0,132.145,0
72.29,1.98523,0,0,4.36294,0.275327,2.10239,3.6288,61.308,0.575931,0,0,1.00425,0.185585,0.242737,0.66528,12.849,1,0.352859,2.10239,0,116.246,3.22009,114.775,0.84672,12.849,0.84672,3695.15,0,36.966,0.42336,2.49898,1.75637,7.15133,1.01301,9.97031,0.42336,36.966,0.42336,423.524,0,1.02816,0,0,3.52714,2.49898,1.028160,1,0,124.988,0,0,0,124.988,0
72.29,2.07152,0,0,4.33822,0.328855,1.93785,3.6288,61.308,0.640873,0,0,1.05992,0.153018,0.26603,0.66528,12.849,1,0.368196,1.93785,0,104.512,2.69703,103.385,0.84672,12.849,0.84672,3695.15,0,36.966,0.42336,1.94005,1.75682,6.90271,0.771085,9.40513,0.42336,36.966,0.42336,423.524,0,1.02816,0,0,2.96821,1.94005,1.028160,1,0,113.056,0,0,0,113.056,0
72.29,2.07214,0,0,7.37717,0.336845,4.96819,3.6288,61.308,0.641299,0,0,1.66294,0.169219,0.852423,0.66528,12.849,1,0.368307,4.96819,0,208.333,3.02261,209.91,0.84672,12.849,0.84672,3695.15,0,36.966,0.42336,2.95785,1.82603,9.7543,0.851346,13.2635,0.42336,36.966,0.42336,423.524,0,1.02816,0,0,3.98601,2.95785,1.028160,1,0,224.026,0,0,0,224.026,0
72.29,2.07276,0,0,5.08188,0.307251,2.70187,3.6288,61.308,0.641725,0,0,1.11278,0.16257,0.308485,0.66528,12.849,1,0.368417,2.70187,0,136.614,3.3202,135.627,0.84672,12.849,0.84672,3695.15,0,36.966,0.42336,2.16399,1.8265,6.5393,0.909141,9.19729,0.42336,36.966,0.42336,423.524,0,1.02816,0,0,3.19215,2.16399,1.028160,1,0,145.133,0,0,0,145.133,0
72.29,2.07338,0,0,4.07627,0.307251,1.69564,3.6288,61.308,0.642151,0,0,1.0302,0.16257,0.225477,0.66528,12.849,1,0.368527,1.69564,0,110.848,3.3202,108.855,0.84672,12.849,0.84672,3695.15,0,36.966,0.42336,1.83749,1.82697,5.6333,0.909141,7.96525,0.42336,36.966,0.42336,423.524,0,1.02816,0,0,2.86565,1.83749,1.028160,1,0,117.045,0,0,0,117.045,0
72.29,2.04046,0,0,3.99175,0.294126,1.65716,3.6288,61.308,0.617489,0,0,1.23311,0.182107,0.433514,0.66528,12.849,1,0.362676,1.65716,0,109.955,3.48877,107.761,0.84672,12.849,0.84672,3695.15,0,36.966,0.42336,2.02944,1.82743,7.72882,0.934689,10.2276,0.42336,36.966,0.42336,423.524,0,1.02816,0,0,3.0576,2.02944,1.028160,1,0,118.422,0,0,0,118.422,0
72.29,2.04107,0,0,3.86284,0.276627,1.54514,3.6288,61.308,0.617909,0,0,1.23191,0.208155,0.405845,0.66528,12.849,1,0.362785,1.54514,0,98.947,3.71353,96.4158,0.84672,12.849,0.84672,3695.15,0,36.966,0.42336,2.02991,1.80111,5.90584,0.968752,8.34475,0.42336,36.966,0.42336,423.524,0,1.02816,0,0,3.05807,2.02991,1.028160,1,0,105.166,0,0,0,105.166,0
72.29,2.04169,0,0,3.68423,0.276627,1.36592,3.6288,61.308,0.618329,0,0,1.41807,0.208155,0.591582,0.66528,12.849,1,0.362894,1.36592,0,94.0283,3.71353,91.3178,0.84672,12.849,0.84672,3695.15,0,36.966,0.42336,2.21711,1.80157,6.2134,0.968752,8.83997,0.42336,36.966,0.42336,423.524,0,1.02816,0,0,3.24527,2.21711,1.028160,1,0,100.749,0,0,0,100.749,0
72.29,2.0423,0,0,3.50247,0.276627,1.18354,3.6288,61.308,0.618749,0,0,1.21825,0.208155,0.391345,0.66528,12.849,1,0.363003,1.18354,0,79.8837,3.71353,76.9907,0.84672,12.849,0.84672,3695.15,0,36.966,0.42336,1.79423,1.80203,5.38718,0.968752,7.59133,0.42336,36.966,0.42336,423.524,0,1.02816,0,0,2.82239,1.79423,1.028160,1,0,84.9734,0,0,0,84.9734,0
72.29,2.15687,0,0,3.14583,0.236175,0.752785,3.6288,61.308,0.66528,0,0,1.00564,0.203368,0.136987,0.66528,12.849,1,0.383368,0.752785,0,73.497,3.61586,70.2506,0.84672,12.849,0.84672,3695.15,0,36.966,0.42336,1.48464,1.80249,4.6106,0.889198,6.58517,0.42336,36.966,0.42336,423.524,0,1.02816,0,0,2.5128,1.48464,1.028160,1,0,76.9727,0,0,0,76.9727,0
72.29,2.15751,0,0,3.05402,0.218806,0.677704,3.6288,61.308,0.66528,0,0,1.04201,0.233516,0.143214,0.66528,12.849,1,0.383482,0.677704,0,72.2097,4.08523,68.4187,0.84672,12.849,0.84672,3695.15,0,36.966,0.42336,2.11451,1.86373,4.93012,1.00111,7.48389,0.42336,36.966,0.42336,423.524,0,1.02816,0,0,3.14267,2.11451,1.028160,1,0,76.0458,0,0,0,76.0458,0
72.29,2.15816,0,0,2.79183,0.218806,0.414872,3.6288,61.308,0.66528,0,0,1.04954,0.233516,0.15074,0.66528,12.849,1,0.383596,0.414872,0,68.7528,4.08523,64.6988,0.84672,12.849,0.84672,3695.15,0,36.966,0.42336,1.57303,1.86387,4.77401,1.00111,6.78645,0.42336,36.966,0.42336,423.524,0,1.02816,0,0,2.60119,1.57303,1.028160,1,0,71.636,0,0,0,71.636,0
72.0878,2.1588,0,0,2.53829,0.218806,0.36288,3.6288,61.308,0.66528,0,0,0.910051,0.233516,0.0112555,0.66528,12.849,1,0.38371,0.36288,0,64.9322,4.08523,60.8261,0.84672,12.849,0.84672,3695.15,0,36.966,0.42336,0.952283,1.86401,4.39392,1.00111,5.78575,0.42336,36.966,0.42336,423.524,0,1.02816,0,0,1.98044,0.952283,1.028160,1,0,66.6231,0,0,0,66.6231,0
71.5843,2.15853,0,0,2.23635,0.21847,0.36288,3.6288,61.2913,0.66528,0,0,0.882084,0.233516,0,0.66528,12.849,1,0.384738,0.36288,0,55.1427,4.08523,51.0356,0.84672,12.849,0.84672,3695.15,0,36.966,0.42336,1.05672,1.86416,4.33064,1.00111,5.82704,0.42336,36.966,0.42336,423.524,0,1.02816,0,0,2.08488,1.05672,1.028160,1,0,56.8627,0,0,0,56.8627,0
70.8904,2.13434,0,0,1.95941,0.156108,0.36288,3.6288,61.1432,0.66528,0,0,0.773876,0.256634,0,0.66528,12.849,1,0.383103,0.36288,0,37.5065,4.75131,32.735,0.84672,12.849,0.84672,3695.15,0,36.966,0.42336,0.751438,1.8643,3.41102,1.20958,4.39381,0.42336,36.966,0.42336,423.524,0,1.02816,0,0,1.7796,0.751438,1.028160,1,0,37.1288,0,0,0,37.1288,0
70.1032,2.1318,0,0,1.83828,0.130802,0.36288,3.6288,60.9292,0.66528,0,0,0.716861,0.265642,0,0.66528,12.849,1,0.386393,0.36288,0,31.8626,5.01774,26.8213,0.84672,12.849,0.84672,3695.15,0,36.966,0.42336,0.570784,1.85946,3.16702,1.29297,3.88093,0.42336,36.966,0.42336,423.524,0,1.02816,0,0,1.59894,0.570784,1.028160,1,0,30.7023,0,0,0,30.7023,0
69.1708,2.12877,0,0,1.68934,0.130012,0.36288,3.6288,60.6949,0.66528,0,0,0.696246,0.265283,0,0.66528,12.849,1,0.390176,0.36288,0,31.3592,5.01774,26.3142,0.84672,12.849,0.84672,3695.15,0,36.966,0.42336,0.57145,1.8596,3.19353,1.29297,3.90825,0.42336,36.966,0.42336,423.524,0,1.02816,0,0,1.59961,0.57145,1.028160,1,0,30.2224,0,0,0,30.2224,0
68.0916,2.12497,0,0,1.5377,0.129077,0.36288,3.6288,60.4159,0.66528,0,0,0.651214,0.264889,0,0.66528,12.849,1,0.394729,0.36288,0,30.1049,5.01774,25.0553,0.84672,12.849,0.84672,3695.15,0,36.966,0.42336,0.357808,1.85974,3.00003,1.29297,3.50125,0.42336,36.966,0.42336,423.524,0,1.02816,0,0,1.38597,0.357808,1.028160,1,0,28.5565,0,0,0,28.5565,0
66.9271,2.17813,0,0,1.49207,0.115552,0.36288,3.6288,60.0752,0.66528,0,0,0.60894,0.284384,0,0.66528,12.849,1,0.411017,0.36288,0,26.9164,5.24397,21.6243,0.84672,12.849,0.84672,3695.15,0,36.966,0.42336,0.360539,1.85988,2.73145,1.39294,3.13557,0.42336,36.966,0.42336,423.524,0,1.02816,0,0,1.3887,0.360539,1.028160,1,0,24.7598,0,0,0,24.7598,0
65.7916,2.17278,0,0,1.49985,0.0996572,0.36288,3.6288,59.6598,0.66528,0,0,0.545314,0.295477,0,0.66528,12.849,1,0.41714,0.36288,0,25.6999,5.31552,20.3302,0.84672,12.849,0.84672,3695.15,0,36.966,0.42336,0.42628,1.8729,2.42237,1.46252,2.83567,0.42336,36.966,0.42336,423.524,0,1.02816,0,0,1.45444,0.42628,1.028160,1,0,23.1658,0,0,0,23.1658,0
64.4888,2.1674,0,0,1.32614,0.0987622,0.36288,3.6288,59.2131,0.66528,0,0,0.51335,0.294695,0,0.66528,12.849,1,0.423289,0.36288,0,24.277,5.31552,18.9011,0.84672,12.849,0.84672,3695.15,0,36.966,0.42336,0.275599,1.87304,2.27249,1.46252,2.53526,0.42336,36.966,0.42336,423.524,0,1.02816,0,0,1.30376,0.275599,1.028160,1,0,21.4363,0,0,0,21.4363,0
63.0748,2.16091,0,0,1.19838,0.0885118,0.36288,3.6288,58.7572,0.66528,0,0,0.508277,0.298966,0,0.66528,12.849,1,0.430548,0.36288,0,23.0131,5.46507,17.4803,0.84672,12.849,0.84672,3695.15,0,36.966,0.42336,0.23671,1.87318,2.26746,1.49239,2.46159,0.42336,36.966,0.42336,423.524,0,1.02816,0,0,1.26487,0.23671,1.028160,1,0,19.9419,0,0,0,19.9419,0
61.2879,2.32084,0,0,0.984122,0.0873259,0.36288,3.6288,58.2894,0.673739,0,0,0.497329,0.291389,0,0.66528,12.849,1,0.472779,0.36288,0,21.6494,5.49524,16.0443,0.84672,12.849,0.84672,3695.15,0,36.966,0.42336,0.227405,1.87333,2.16963,1.38882,2.45819,0.42336,36.966,0.42336,423.524,0,1.0197,0,0,1.24711,0.227405,1.028160,1,0,18.5025,0,0,0,18.5025,0
59.6123,2.31012,0,0,1.07933,0.0819464,0.36288,3.6288,57.6833,0.76566,0,0,0.442614,0.282986,0,0.66528,12.849,1,0.484317,0.36288,0,20.7366,5.39727,15.2179,0.84672,12.849,0.84672,3695.15,0,36.966,0.42336,0.227405,1.91121,1.66365,1.43871,1.9402,0.42336,36.966,0.42336,423.524,0,0.92778,0,0,1.15519,0.227405,1.028160,1,0,17.1581,0,0,0,17.1581,0
57.9165,2.2996,0,0,1.04616,0.0794578,0.36288,3.6288,56.9998,0.819383,0,0,0.417041,0.281167,0,0.66528,12.849,1,0.495662,0.36288,0,19.6785,5.39049,14.1552,0.84672,12.849,0.84672,3695.15,0,36.966,0.42336,0.204422,1.91137,1.57375,1.45197,1.81421,0.42336,36.966,0.42336,423.524,0,0.874057,0,0,1.07848,0.204422,1.028160,1,0,15.9694,0,0,0,15.9694,0
56.4875,2.28839,0,0,1.3004,0.0781644,0.36288,3.6288,56.4665,0.696617,0,0,0.443234,0.279924,0,0.66528,12.849,1,0.507689,0.36288,0,20.1347,5.39049,14.5994,0.84672,12.849,0.84672,3695.15,0,36.966,0.42336,0.204422,1.91152,2.32621,1.45197,2.56682,0.42336,36.966,0.42336,423.524,0,0.996823,0,0,1.20125,0.204422,1.028160,1,0,17.1663,0,0,0,17.1663,0
54.8171,2.2786,0,0,1.04822,0.0770745,0.36288,3.6288,55.7948,0.801576,0,0,0.40878,0.278954,0,0.66528,12.849,1,0.518304,0.36288,0,18.5766,5.39049,13.0307,0.84672,12.849,0.84672,3695.15,0,36.966,0.42336,0.204422,1.91167,1.5818,1.45197,1.82257,0.42336,36.966,0.42336,423.524,0,0.891864,0,0,1.09629,0.204422,1.028160,1,0,14.8533,0,0,0,14.8533,0
53.6185,2.18685,0,0,1.43524,0.0841472,0.36288,3.6288,55.2413,0.726002,0,0,0.427657,0.255134,0,0.66528,12.849,1,0.512592,0.36288,0,24.6846,5.21838,19.3165,0.84672,12.849,0.84672,3695.15,0,36.966,0.42336,0.204422,1.91183,1.39384,1.32729,1.75944,0.42336,36.966,0.42336,423.524,0,0.967438,0,0,1.17186,0.204422,1.028160,1,0,21.0759,0,0,0,21.0759,0
52.4323,2.17825,0,0,1.4676,0.112645,0.36288,3.6288,54.6642,0.815253,0,0,0.460364,0.222192,0,0.66528,12.849,1,0.52199,0.36288,0,22.1246,4.31789,17.6476,0.84672,12.849,0.84672,3695.15,0,36.966,0.42336,0.216518,1.89356,1.37694,1.05896,2.00471,0.42336,36.966,0.42336,423.524,0,0.878187,0,0,1.09471,0.216518,1.028160,1,0,19.6523,0,0,0,19.6523,0
51.522,2.1694,0,0,1.73747,0.115564,0.36288,3.6288,54.5652,0.66528,0,0,0.78656,0.220322,0,0.66528,12.849,1,0.531631,0.36288,0,26.2462,4.2882,21.7893,0.84672,12.849,0.84672,3695.15,0,36.966,0.42336,0.637684,1.89371,1.97256,1.05532,3.02529,0.42336,36.966,0.42336,423.524,0,1.02816,0,0,1.66584,0.637684,1.028160,1,0,24.8146,0,0,0,24.8146,0
50.5724,2.16252,0,0,1.69029,0.11448,0.36288,3.6288,54.3531,0.66528,0,0,0.673402,0.220178,0,0.66528,12.849,1,0.539309,0.36288,0,25.6012,4.2882,21.1366,0.84672,12.849,0.84672,3695.15,0,36.966,0.42336,0.561021,1.89386,1.61159,1.05532,2.5878,0.42336,36.966,0.42336,423.524,0,1.02816,0,0,1.58918,0.561021,1.028160,1,0,23.7244,0,0,0,23.7244,0
49.623,2.09069,0,0,1.62486,0.120652,0.36288,3.6288,54.251,0.66528,0,0,0.777444,0.214304,0,0.66528,12.849,1,0.531185,0.36288,0,25.6657,4.33767,21.1598,0.84672,12.849,0.84672,3695.15,0,36.966,0.42336,0.873262,1.89401,1.97582,1.04201,3.27772,0.42336,36.966,0.42336,423.524,0,1.02816,0,0,1.90142,0.873262,1.028160,1,0,24.4375,0,0,0,24.4375,0
49.0303,2.08323,0,0,2.01621,0.162834,0.36288,3.6288,54.3267,0.66528,0,0,0.921777,0.18079,0,0.66528,12.849,1,0.539416,0.36288,0,25.585,4.63449,20.774,0.84672,12.849,0.84672,3695.15,0,36.966,0.42336,0.30691,1.87903,3.2933,0.962204,4.09367,0.42336,36.966,0.42336,423.524,0,1.02816,0,0,1.33507,0.30691,1.028160,1,0,24.8677,0,0,0,24.8677,0
48.7963,2.07868,0,0,2.36942,0.161801,0.36288,3.6288,55.0021,0.66528,0,0,1.52158,0.180881,0,0.66528,12.849,1,0.544745,0.36288,0,27.6976,4.63449,22.8812,0.84672,12.849,0.84672,3695.15,0,36.966,0.42336,1.46603,1.87917,4.00248,0.962204,5.96212,0.42336,36.966,0.42336,423.524,0,1.02816,0,0,2.49419,1.46603,1.028160,1,0,28.8434,0,0,0,28.8434,0
47.8864,2.07723,0,0,1.70885,0.178652,0.36288,3.6288,55.1569,0.66528,0,0,1.00843,0.188312,0,0.66528,12.849,1,0.546974,0.36288,0,24.7704,4.75047,19.8358,0.84672,12.849,0.84672,3695.15,0,36.966,0.42336,0.712418,1.87932,4.07223,0.989281,5.25133,0.42336,36.966,0.42336,423.524,0,1.02816,0,0,1.74058,0.712418,1.028160,1,0,25.0871,0,0,0,25.0871,0
50.8413,1.88864,0,0,5.42605,0.219618,0.36288,3.6288,55.8752,0.605297,0,0,1.52861,0.20508,0,0.66528,12.849,1,0.506764,0.36288,0,82.8178,5.04042,77.6335,0.84672,12.849,0.84672,3695.15,0,36.966,0.42336,1.8927,1.87946,6.60677,1.05697,8.8986,0.42336,36.966,0.42336,423.524,0,1.02816,0,0,2.92086,1.8927,1.028160,1,0,86.5321,0,0,0,86.5321,0
52.0426,1.91272,0,0,3.68206,0.205148,0.36288,3.6288,56.0061,0.605713,0,0,0.901109,0.164479,0,0.66528,12.849,1,0.483398,0.36288,0,63.5083,3.94944,59.4384,0.84672,12.849,0.84672,3695.15,0,36.966,0.42336,0.841579,1.79025,4.00422,0.902313,5.31037,0.42336,36.966,0.42336,423.524,0,1.02816,0,0,1.86974,0.841579,1.028160,1,0,64.7487,0,0,0,64.7487,0
52.8602,1.92225,0,0,3.30677,0.204098,0.36288,3.6288,56.218,0.606129,0,0,0.975707,0.157686,0,0.66528,12.849,1,0.474591,0.36288,0,78.7787,3.76761,74.8993,0.84672,12.849,0.84672,3695.15,0,36.966,0.42336,0.730979,1.7907,4.9063,0.876537,6.12809,0.42336,36.966,0.42336,423.524,0,1.02816,0,0,1.75914,0.730979,1.028160,1,0,81.0274,0,0,0,81.0274,0
54.6795,1.92873,0,0,4.32015,0.209178,0.36288,3.6288,56.5407,0.606545,0,0,1.13384,0.204561,0,0.66528,12.849,1,0.468827,0.36288,0,58.448,4.49022,53.8518,0.84672,12.849,0.84672,3695.15,0,36.966,0.42336,1.07444,1.79116,4.68823,1.16154,5.96893,0.42336,36.966,0.42336,423.524,0,1.02816,0,0,2.1026,1.07444,1.028160,1,0,59.8207,0,0,0,59.8207,0
56.2009,1.94194,0,0,4.08201,0.255829,0.36288,3.6288,56.7991,0.606962,0,0,1.06993,0.204562,0,0.66528,12.849,1,0.456332,0.36288,0,103.362,4.62,98.6486,0.84672,12.849,0.84672,3695.15,0,36.966,0.42336,1.10242,1.79161,6.46541,1.08692,7.84917,0.42336,36.966,0.42336,423.524,0,1.02816,0,0,2.13058,1.10242,1.028160,1,0,106.498,0,0,0,106.498,0
64.2133,2.02453,0,0,10.6361,0.236225,0.36288,3.6288,58.01,0.660251,0,0,2.07121,0.200044,0,0.66528,12.849,1,0.462861,0.36288,0,135.11,4.08999,130.92,0.84672,12.849,0.84672,3695.15,0,36.966,0.42336,2.3569,1.79207,10.3439,1.02105,13.0484,0.42336,36.966,0.42336,423.524,0,1.02816,0,0,3.38506,2.3569,1.028160,1,0,143.968,0,0,0,143.968,0
67.2795,2.07325,0,0,5.75829,0.256045,0.36288,3.6288,58.5296,0.660663,0,0,1.40362,0.223419,0,0.66528,12.849,1,0.414854,0.36288,0,130.74,4.39026,126.298,0.84672,12.849,0.84672,3695.15,0,36.966,0.42336,1.62769,1.84994,7.35497,1.05822,9.35102,0.42336,36.966,0.42336,423.524,0,1.02816,0,0,2.65585,1.62769,1.028160,1,0,135.649,0,0,0,135.649,0
70.3362,2.08972,0,0,5.77174,0.26239,0.36288,3.6288,58.984,0.661076,0,0,1.33965,0.224168,0,0.66528,12.849,1,0.399094,0.36288,0,103.498,4.38375,99.0777,0.84672,12.849,0.84672,3695.15,0,36.966,0.42336,1.60498,1.85039,7.36681,1.05822,9.3406,0.42336,36.966,0.42336,423.524,0,1.02816,0,0,2.63314,1.60498,1.028160,1,0,108.418,0,0,0,108.418,0
72.29,2.10499,0,0,7.38996,0.294109,3.03708,3.6288,59.7575,0.661488,0,0,1.65201,0.21698,0,0.66528,12.849,1,0.384538,3.03708,0,114.275,4.43942,112.488,0.84672,12.849,0.84672,3695.15,0,36.966,0.42336,2.10065,1.85085,8.70031,1.10889,11.1196,0.42336,36.966,0.42336,423.524,0,1.02816,0,0,3.12881,2.10065,1.028160,1,0,123.608,0,0,0,123.608,0
72.29,2.35571,0,0,5.45352,0.332901,2.7649,3.6288,60.138,0.66528,0,0,1.25328,0.207547,0,0.66528,12.849,1,0.41871,2.7649,0,111.497,4.51364,109.33,0.84672,12.849,0.84672,3695.15,0,36.966,0.42336,1.44832,1.8513,7.1807,1.17644,8.88052,0.42336,36.966,0.42336,423.524,0,1.02816,0,0,2.47648,1.44832,1.028160,1,0,118.211,0,0,0,118.211,0
72.29,2.35638,0,0,4.96447,0.333472,2.27462,3.6288,60.453,0.66528,0,0,1.20816,0.227801,0,0.66528,12.849,1,0.418828,2.27462,0,94.7497,4.14277,92.4627,0.84672,12.849,0.84672,3695.15,0,36.966,0.42336,1.66346,1.90762,9.61381,1.07553,11.686,0.42336,36.966,0.42336,423.524,0,1.02816,0,0,2.69162,1.66346,1.028160,1,0,104.149,0,0,0,104.149,0
72.29,2.35704,0,0,6.07724,0.333472,3.38673,3.6288,60.8555,0.66528,0,0,1.29597,0.228258,0,0.66528,12.849,1,0.418946,3.38673,0,129.154,4.14277,127.979,0.84672,12.849,0.84672,3695.15,0,36.966,0.42336,2.00826,1.90776,10.3702,1.07553,12.7874,0.42336,36.966,0.42336,423.524,0,1.02816,0,0,3.03642,2.00826,1.028160,1,0,140.767,0,0,0,140.767,0
72.29,2.3577,0,0,5.52325,0.341745,2.8238,3.6288,61.308,0.66528,0,0,1.61352,0.213266,0.282452,0.66528,12.849,1,0.419064,2.8238,0,140.034,3.61823,138.82,0.84672,12.849,0.84672,3695.15,0,36.966,0.42336,2.68473,1.90791,10.604,0.899953,13.8734,0.42336,36.966,0.42336,423.524,0,1.02816,0,0,3.71289,2.68473,1.028160,1,0,152.976,0,0,0,152.976,0
72.29,2.01386,0,0,5.04179,0.345054,2.68287,3.6288,61.308,0.595523,0,0,1.40475,0.20763,0.601598,0.66528,12.849,1,0.357949,2.68287,0,126.204,3.40841,125.121,0.84672,12.849,0.84672,3695.15,0,36.966,0.42336,2.22144,1.90806,9.52171,0.829722,12.3981,0.42336,36.966,0.42336,423.524,0,1.02816,0,0,3.2496,2.22144,1.028160,1,0,138.121,0,0,0,138.121,0
72.29,2.01444,0,0,6.22861,0.303273,3.9109,3.6288,61.308,0.59592,0,0,1.84576,0.222221,1.02762,0.66528,12.849,1,0.358052,3.9109,0,148.186,3.62209,148.116,0.84672,12.849,0.84672,3695.15,0,36.966,0.42336,3.32611,1.77827,11.21,0.918716,14.9723,0.42336,36.966,0.42336,423.524,0,1.02816,0,0,4.35427,3.32611,1.028160,1,0,164.116,0,0,0,164.116,0
72.29,2.01502,0,0,5.26059,0.315028,2.93054,3.6288,61.308,0.596316,0,0,2.00419,0.229665,1.17821,0.66528,12.849,1,0.358155,2.93054,0,139.035,3.65074,137.957,0.84672,12.849,0.84672,3695.15,0,36.966,0.42336,3.57379,1.77871,11.8502,0.947261,15.8321,0.42336,36.966,0.42336,423.524,0,1.02816,0,0,4.60195,3.57379,1.028160,1,0,154.967,0,0,0,154.967,0
72.29,2.0156,0,0,5.65892,0.315028,3.32829,3.6288,61.308,0.596713,0,0,2.71172,0.229665,1.88534,0.66528,12.849,1,0.358258,3.32829,0,136.185,3.65074,135.505,0.84672,12.849,0.84672,3695.15,0,36.966,0.42336,4.52517,1.77914,14.1864,0.947261,19.12,0.42336,36.966,0.42336,423.524,0,1.02816,0,0,5.55333,4.52517,1.028160,1,0,156.51,0,0,0,156.51,0
72.29,2.01618,0,0,5.15411,0.303699,2.83423,3.6288,61.308,0.597109,0,0,2.25192,0.223648,1.43116,0.66528,12.849,1,0.358361,2.83423,0,155.636,3.56355,154.548,0.84672,12.849,0.84672,3695.15,0,36.966,0.42336,3.72131,1.77958,12.114,0.934735,16.2568,0.42336,36.966,0.42336,423.524,0,1.02816,0,0,4.74947,3.72131,1.028160,1,0,172.236,0,0,0,172.236,0
72.29,2.10358,0,0,4.63149,0.305689,2.22222,3.6288,61.308,0.662889,0,0,2.93664,0.172037,2.10172,0.66528,12.849,1,0.373896,2.22222,0,116.28,2.8297,115.298,0.84672,12.849,0.84672,3695.15,0,36.966,0.42336,4.86759,1.78001,12.0154,0.763346,17.4763,0.42336,36.966,0.42336,423.524,0,1.02816,0,0,5.89575,4.86759,1.028160,1,0,134.876,0,0,0,134.876,0
72.29,2.10418,0,0,7.58397,0.355717,5.12407,3.6288,61.308,0.663301,0,0,4.81534,0.192219,3.95982,0.66528,12.849,1,0.374003,5.12407,0,220.817,3.49208,222.075,0.84672,12.849,0.84672,3695.15,0,36.966,0.42336,6.24862,1.85012,17.6783,0.876005,24.4777,0.42336,36.966,0.42336,423.524,0,1.02816,0,0,7.27678,6.24862,1.028160,1,0,250.512,0,0,0,250.512,0
72.29,2.10479,0,0,5.38577,0.320203,2.96078,3.6288,61.308,0.663714,0,0,3.32834,0.184241,2.48038,0.66528,12.849,1,0.37411,2.96078,0,144.604,3.8492,143.342,0.84672,12.849,0.84672,3695.15,0,36.966,0.42336,4.93531,1.85057,11.5143,0.945359,16.9314,0.42336,36.966,0.42336,423.524,0,1.02816,0,0,5.96347,4.93531,1.028160,1,0,162.754,0,0,0,162.754,0
72.29,2.10539,0,0,4.25445,0.320203,1.82886,3.6288,61.308,0.664127,0,0,2.89764,0.184241,2.04927,0.66528,12.849,1,0.374216,1.82886,0,119.088,3.8492,116.693,0.84672,12.849,0.84672,3695.15,0,36.966,0.42336,4.32963,1.85102,9.65693,0.945359,14.4689,0.42336,36.966,0.42336,423.524,0,1.02816,0,0,5.35779,4.32963,1.028160,1,0,133.211,0,0,0,133.211,0
72.29,2.07201,0,0,4.3111,0.3066,1.93249,3.6288,61.308,0.639121,0,0,3.26986,0.192715,2.43802,0.66528,12.849,1,0.368284,1.93249,0,117.742,4.0577,115.249,0.84672,12.849,0.84672,3695.15,0,36.966,0.42336,4.3342,1.85148,11.9004,0.984693,16.678,0.42336,36.966,0.42336,423.524,0,1.02816,0,0,5.36236,4.3342,1.028160,1,0,134.365,0,0,0,134.365,0
72.29,2.0726,0,0,3.94019,0.272593,1.595,3.6288,61.308,0.639528,0,0,1.86939,0.213902,1.01596,0.66528,12.849,1,0.368389,1.595,0,100.287,4.57895,96.9347,0.84672,12.849,0.84672,3695.15,0,36.966,0.42336,2.72258,1.82479,6.56338,1.08303,9.60435,0.42336,36.966,0.42336,423.524,0,1.02816,0,0,3.75074,2.72258,1.028160,1,0,107.555,0,0,0,107.555,0
72.29,2.07319,0,0,3.52977,0.272593,1.18398,3.6288,61.308,0.639935,0,0,1.52926,0.213902,0.675426,0.66528,12.849,1,0.368495,1.18398,0,85.225,4.57895,81.4615,0.84672,12.849,0.84672,3695.15,0,36.966,0.42336,1.8487,1.82523,6.78463,1.08303,8.95218,0.42336,36.966,0.42336,423.524,0,1.02816,0,0,2.87686,1.8487,1.028160,1,0,91.0891,0,0,0,91.0891,0
72.29,2.07379,0,0,3.27276,0.260945,0.93803,3.6288,61.308,0.640342,0,0,1.42109,0.219646,0.561102,0.66528,12.849,1,0.3686,0.93803,0,78.8486,4.56042,74.8577,0.84672,12.849,0.84672,3695.15,0,36.966,0.42336,1.9149,1.82568,5.88584,1.07279,8.13027,0.42336,36.966,0.42336,423.524,0,1.02816,0,0,2.94306,1.9149,1.028160,1,0,83.549,0,0,0,83.549,0
72.29,2.18984,0,0,2.88629,0.191055,0.505396,3.6288,61.308,0.66528,0,0,1.33946,0.254109,0.42007,0.66528,12.849,1,0.389227,0.505396,0,73.0806,4.44927,68.7475,0.84672,12.849,0.84672,3695.15,0,36.966,0.42336,2.39579,1.82613,5.60123,1.01138,8.38839,0.42336,36.966,0.42336,423.524,0,1.02816,0,0,3.42395,2.39579,1.028160,1,0,77.5559,0,0,0,77.5559,0
72.29,2.19046,0,0,3.07422,0.190995,0.692772,3.6288,61.308,0.66528,0,0,1.36206,0.255372,0.441409,0.66528,12.849,1,0.389337,0.692772,0,64.5985,4.85679,60.0452,0.84672,12.849,0.84672,3695.15,0,36.966,0.42336,1.91166,1.87101,5.67049,1.09268,7.93712,0.42336,36.966,0.42336,423.524,0,1.02816,0,0,2.93982,1.91166,1.028160,1,0,68.4237,0,0,0,68.4237,0
72.29,2.19108,0,0,2.89352,0.190985,0.511455,3.6288,61.308,0.66528,0,0,1.33969,0.255582,0.41883,0.66528,12.849,1,0.389448,0.511455,0,63.9749,4.92471,59.1722,0.84672,12.849,0.84672,3695.15,0,36.966,0.42336,1.77227,1.87114,5.47429,1.10623,7.58811,0.42336,36.966,0.42336,423.524,0,1.02816,0,0,2.80043,1.77227,1.028160,1,0,67.1791,0,0,0,67.1791,0
72.29,2.1917,0,0,2.80546,0.190985,0.422774,3.6288,61.308,0.66528,0,0,1.22512,0.255582,0.304255,0.66528,12.849,1,0.389558,0.422774,0,58.8143,4.92471,53.9228,0.84672,12.849,0.84672,3695.15,0,36.966,0.42336,1.46229,1.87128,5.09172,1.10623,6.8957,0.42336,36.966,0.42336,423.524,0,1.02816,0,0,2.49045,1.46229,1.028160,1,0,61.1228,0,0,0,61.1228,0
72.0694,2.19232,0,0,2.49678,0.162192,0.36288,3.6288,61.308,0.66528,0,0,1.16286,0.274469,0.223109,0.66528,12.849,1,0.389669,0.36288,0,52.0314,5.13891,46.8657,0.84672,12.849,0.84672,3695.15,0,36.966,0.42336,1.35757,1.87142,4.95315,1.16096,6.59781,0.42336,36.966,0.42336,423.524,0,1.02816,0,0,2.38573,1.35757,1.028160,1,0,53.6866,0,0,0,53.6866,0
72.1779,2.16908,0,0,2.7657,0.125209,0.36288,3.6288,61.308,0.66528,0,0,1.1157,0.271596,0.178825,0.66528,12.849,1,0.386718,0.36288,0,58.0685,5.15982,52.8848,0.84672,12.849,0.84672,3695.15,0,36.966,0.42336,1.40164,1.87155,5.83133,1.17336,7.50781,0.42336,36.966,0.42336,423.524,0,1.02816,0,0,2.4298,1.40164,1.028160,1,0,60.5715,0,0,0,60.5715,0
72.29,2.17019,0,0,2.91701,0.113937,0.520791,3.6288,61.308,0.66528,0,0,1.08588,0.258817,0.161787,0.66528,12.849,1,0.386334,0.520791,0,60.7849,5.05501,55.8643,0.84672,12.849,0.84672,3695.15,0,36.966,0.42336,1.38415,1.86665,6.04031,1.15188,7.71587,0.42336,36.966,0.42336,423.524,0,1.02816,0,0,2.41231,1.38415,1.028160,1,0,63.742,0,0,0,63.742,0
72.29,2.17132,0,0,2.78109,0.114034,0.495734,3.6288,61.308,0.66528,0,0,1.04758,0.258817,0.123485,0.66528,12.849,1,0.385935,0.495734,0,59.1823,5.05501,54.2371,0.84672,12.849,0.84672,3695.15,0,36.966,0.42336,1.31165,1.86678,5.71999,1.15188,7.32318,0.42336,36.966,0.42336,423.524,0,1.02816,0,0,2.33981,1.31165,1.028160,1,0,61.6837,0,0,0,61.6837,0
72.29,2.17194,0,0,2.62723,0.0892645,0.366025,3.6288,61.308,0.66528,0,0,0.997462,0.297878,0.0343043,0.66528,12.849,1,0.386045,0.366025,0,55.8096,5.71385,50.0758,0.84672,12.849,0.84672,3695.15,0,36.966,0.42336,1.303,1.86692,5.55908,1.35422,6.95142,0.42336,36.966,0.42336,423.524,0,1.02816,0,0,2.33116,1.303,1.028160,1,0,57.0615,0,0,0,57.0615,0
72.1031,2.23164,0,0,2.50182,0.0942296,0.36288,3.6288,61.3048,0.66528,0,0,0.95053,0.288445,0,0.66528,12.849,1,0.396658,0.36288,0,54.6884,5.83462,48.82,0.84672,12.849,0.84672,3695.15,0,36.966,0.42336,1.29243,1.86705,5.32583,1.37201,6.68995,0.42336,36.966,0.42336,423.524,0,1.02816,0,0,2.32059,1.29243,1.028160,1,0,55.51,0,0,0,55.51,0
71.9588,2.2314,0,0,2.5435,0.0934792,0.36288,3.6288,61.067,0.66528,0,0,0.72627,0.29881,0,0.66528,12.849,1,0.397643,0.36288,0,47.3291,5.798,41.4964,0.84672,12.849,0.84672,3695.15,0,36.966,0.42336,0.965382,1.88023,4.346,1.5306,5.23765,0.42336,36.966,0.42336,423.524,0,1.02816,0,0,1.99354,0.965382,1.028160,1,0,46.734,0,0,0,46.734,0
71.5967,2.23136,0,0,2.3255,0.0933767,0.36288,3.6288,60.8049,0.66528,0,0,0.701559,0.298361,0,0.66528,12.849,1,0.398432,0.36288,0,44.4473,5.798,38.6137,0.84672,12.849,0.84672,3695.15,0,36.966,0.42336,0.808635,1.88037,4.14082,1.5306,4.87586,0.42336,36.966,0.42336,423.524,0,1.02816,0,0,1.83679,0.808635,1.028160,1,0,43.4896,0,0,0,43.4896,0
70.9223,2.23028,0,0,1.99556,0.0768045,0.36288,3.6288,60.5341,0.66528,0,0,0.6987,0.304207,0,0.66528,12.849,1,0.400254,0.36288,0,42.3967,6.0573,36.3021,0.84672,12.849,0.84672,3695.15,0,36.966,0.42336,0.790664,1.88051,4.11453,1.54588,4.81647,0.42336,36.966,0.42336,423.524,0,1.02816,0,0,1.81882,0.790664,1.028160,1,0,41.1185,0,0,0,41.1185,0
69.8006,2.4004,0,0,1.72838,0.0867619,0.36288,3.6288,60.2357,0.66528,0,0,0.659362,0.292451,0,0.66528,12.849,1,0.434881,0.36288,0,39.3351,5.92043,33.3426,0.84672,12.849,0.84672,3695.15,0,36.966,0.42336,0.741398,1.88065,3.95568,1.42719,4.72717,0.42336,36.966,0.42336,423.524,0,1.02816,0,0,1.76956,0.741398,1.028160,1,0,38.0698,0,0,0,38.0698,0
69.1152,2.39517,0,0,2.1509,0.0782971,0.36288,3.6288,59.863,0.66528,0,0,0.589149,0.2966,0,0.66528,12.849,1,0.440907,0.36288,0,37.7443,5.93107,31.7352,0.84672,12.849,0.84672,3695.15,0,36.966,0.42336,0.660347,1.91902,3.43921,1.5284,4.06682,0.42336,36.966,0.42336,423.524,0,1.02816,0,0,1.68851,0.660347,1.028160,1,0,35.802,0,0,0,35.802,0
68.8637,2.39215,0,0,2.57837,0.074811,0.36288,3.6288,59.6378,0.66528,0,0,0.737846,0.297774,0,0.66528,12.849,1,0.444718,0.36288,0,49.2009,5.93534,43.1837,0.84672,12.849,0.84672,3695.15,0,36.966,0.42336,1.13035,1.91917,3.83256,1.56889,4.88983,0.42336,36.966,0.42336,423.524,0,1.02816,0,0,2.15851,1.13035,1.028160,1,0,48.0736,0,0,0,48.0736,0
68.1559,2.39146,0,0,2.12122,0.0746647,0.36288,3.6288,59.2125,0.66528,0,0,0.537366,0.297346,0,0.66528,12.849,1,0.446212,0.36288,0,45.0759,5.93534,39.0572,0.84672,12.849,0.84672,3695.15,0,36.966,0.42336,0.447068,1.91932,3.13903,1.56889,3.51317,0.42336,36.966,0.42336,423.524,0,1.02816,0,0,1.47523,0.447068,1.028160,1,0,42.5704,0,0,0,42.5704,0
67.974,2.38822,0,0,2.64343,0.074253,0.36288,3.6288,59.1816,0.66528,0,0,0.930872,0.296538,0,0.66528,12.849,1,0.450237,0.36288,0,43.9382,5.93534,37.9155,0.84672,12.849,0.84672,3695.15,0,36.966,0.42336,1.88711,1.91947,4.89583,1.56889,6.71017,0.42336,36.966,0.42336,423.524,0,1.02816,0,0,2.91527,1.88711,1.028160,1,0,44.6257,0,0,0,44.6257,0
67.579,2.30416,0,0,2.37657,0.10457,0.36288,3.6288,59.0187,0.66528,0,0,0.76684,0.264427,0,0.66528,12.849,1,0.435551,0.36288,0,44.4812,4.92803,39.4805,0.84672,12.849,0.84672,3695.15,0,36.966,0.42336,1.31204,1.91962,4.06209,1.1663,5.70408,0.42336,36.966,0.42336,423.524,0,1.02816,0,0,2.3402,1.31204,1.028160,1,0,45.1846,0,0,0,45.1846,0
66.8882,2.30267,0,0,2.10802,0.133268,0.36288,3.6288,58.7812,0.66528,0,0,0.712607,0.284879,0,0.66528,12.849,1,0.437813,0.36288,0,48.5037,5.31016,43.1186,0.84672,12.849,0.84672,3695.15,0,36.966,0.42336,1.28916,1.90111,2.45304,1.3011,3.91885,0.42336,36.966,0.42336,423.524,0,1.02816,0,0,2.31732,1.28916,1.028160,1,0,47.0374,0,0,0,47.0374,0
65.897,2.29952,0,0,1.80377,0.132543,0.36288,3.6288,58.4282,0.66528,0,0,0.596792,0.284445,0,0.66528,12.849,1,0.44173,0.36288,0,44.2082,5.31016,38.8192,0.84672,12.849,0.84672,3695.15,0,36.966,0.42336,0.995311,1.90126,2.29605,1.3011,3.46815,0.42336,36.966,0.42336,423.524,0,1.02816,0,0,2.02347,0.995311,1.028160,1,0,42.2873,0,0,0,42.2873,0
65.5826,2.29461,0,0,2.47463,0.131504,0.36288,3.6288,58.3095,0.66528,0,0,0.830373,0.2838,0,0.66528,12.849,1,0.447416,0.36288,0,52.2121,5.31016,46.8174,0.84672,12.849,0.84672,3695.15,0,36.966,0.42336,1.5478,1.9014,3.6179,1.3011,5.34264,0.42336,36.966,0.42336,423.524,0,1.02816,0,0,2.57596,1.5478,1.028160,1,0,52.1601,0,0,0,52.1601,0
66.5231,2.22507,0,0,3.67493,0.146569,0.36288,3.6288,58.3451,0.66528,0,0,0.974048,0.273219,0,0.66528,12.849,1,0.435937,0.36288,0,76.059,5.14215,70.8438,0.84672,12.849,0.84672,3695.15,0,36.966,0.42336,1.81763,1.90154,6.70956,1.25751,8.74787,0.42336,36.966,0.42336,423.524,0,1.02816,0,0,2.84579,1.81763,1.028160,1,0,79.5917,0,0,0,79.5917,0
65.5034,2.23086,0,0,1.80208,0.228026,0.36288,3.6288,58.2881,0.66528,0,0,0.80574,0.197464,0,0.66528,12.849,1,0.430893,0.36288,0,50.1627,4.05186,46.0428,0.84672,12.849,0.84672,3695.15,0,36.966,0.42336,1.13693,1.88636,4.19126,0.973453,5.81774,0.42336,36.966,0.42336,423.524,0,1.02816,0,0,2.16509,1.13693,1.028160,1,0,51.8606,0,0,0,51.8606,0
66.2474,2.22588,0,0,3.57469,0.241845,0.36288,3.6288,58.6756,0.66528,0,0,1.24068,0.187926,0,0.66528,12.849,1,0.436624,0.36288,0,73.5001,3.83345,69.5929,0.84672,12.849,0.84672,3695.15,0,36.966,0.42336,2.34859,1.8865,8.64403,0.924084,11.5317,0.42336,36.966,0.42336,423.524,0,1.02816,0,0,3.37675,2.34859,1.028160,1,0,81.1246,0,0,0,81.1246,0
66.6077,2.23062,0,0,3.19701,0.243284,0.36288,3.6288,58.9543,0.66528,0,0,1.13241,0.188395,0,0.66528,12.849,1,0.432639,0.36288,0,100.754,3.83345,96.8513,0.84672,12.849,0.84672,3695.15,0,36.966,0.42336,1.82846,1.88664,7.92158,0.924084,10.2892,0.42336,36.966,0.42336,423.524,0,1.02816,0,0,2.85662,1.82846,1.028160,1,0,107.141,0,0,0,107.141,0
68.7048,2.03829,0,0,4.75329,0.254934,0.36288,3.6288,60.5627,0.626212,0,0,2.42727,0.192663,0,0.66528,12.849,1,0.393199,0.36288,0,111.774,3.93136,107.812,0.84672,12.849,0.84672,3695.15,0,36.966,0.42336,2.54019,1.88678,9.66928,0.961587,12.7113,0.42336,36.966,0.42336,423.524,0,1.02816,0,0,3.56835,2.54019,1.028160,1,0,120.524,0,0,0,120.524,0
70.2232,2.04899,0,0,4.24168,0.311477,0.36288,3.6288,61.129,0.626615,0,0,1.43343,0.240536,0,0.66528,12.849,1,0.383197,0.36288,0,108.496,4.29474,104.181,0.84672,12.849,0.84672,3695.15,0,36.966,0.42336,3.25691,1.81317,10.0446,1.0812,13.6101,0.42336,36.966,0.42336,423.524,0,1.02816,0,0,4.28507,3.25691,1.028160,1,0,117.791,0,0,0,117.791,0
71.8295,2.05658,0,0,4.34184,0.316055,0.36288,3.6288,61.308,0.627017,0,0,1.32907,0.235236,0.287778,0.66528,12.849,1,0.376301,0.36288,0,137.326,4.21218,133.1,0.84672,12.849,0.84672,3695.15,0,36.966,0.42336,3.74213,1.81361,10.2624,1.08325,14.3116,0.42336,36.966,0.42336,423.524,0,1.02816,0,0,4.77029,3.74213,1.028160,1,0,147.7,0,0,0,147.7,0
72.29,2.06431,0,0,5.25627,0.319969,2.4115,3.6288,61.308,0.62742,0,0,1.4359,0.235503,0.572976,0.66528,12.849,1,0.369268,2.4115,0,167.075,4.21218,164.905,0.84672,12.849,0.84672,3695.15,0,36.966,0.42336,1.88743,1.81405,8.38417,1.08325,10.579,0.42336,36.966,0.42336,423.524,0,1.02816,0,0,2.91559,1.88743,1.028160,1,0,176.057,0,0,0,176.057,0
72.29,2.0669,0,0,5.31944,0.321091,2.93145,3.6288,61.308,0.627823,0,0,3.75286,0.235503,2.88954,0.66528,12.849,1,0.367375,2.93145,0,168.573,4.21218,166.925,0.84672,12.849,0.84672,3695.15,0,36.966,0.42336,4.15542,1.81449,12.4377,1.08325,16.901,0.42336,36.966,0.42336,423.524,0,1.02816,0,0,5.18358,4.15542,1.028160,1,0,186.716,0,0,0,186.716,0
72.29,2.0669,0,0,3.74047,0.315746,1.35783,3.6288,61.308,0.627823,0,0,1.36656,0.213842,0.524898,0.66528,12.849,1,0.367375,1.35783,0,122.384,3.93444,119.44,0.84672,12.849,0.84672,3695.15,0,36.966,0.42336,2.20583,1.81493,8.39212,0.931785,11.0577,0.42336,36.966,0.42336,423.524,0,1.02816,0,0,3.23399,2.20583,1.028160,1,0,131.023,0,0,0,131.023,0
72.29,2.1435,0,0,4.25604,0.2724,1.84013,3.6288,61.308,0.66528,0,0,1.51185,0.263231,0.583342,0.66528,12.849,1,0.380992,1.84013,0,144.852,4.76059,141.551,0.84672,12.849,0.84672,3695.15,0,36.966,0.42336,3.16247,1.81493,10.3827,1.3058,13.6309,0.42336,36.966,0.42336,423.524,0,1.02816,0,0,4.19063,3.16247,1.028160,1,0,155.765,0,0,0,155.765,0
72.29,2.14409,0,0,5.73485,0.2724,3.31836,3.6288,61.308,0.66528,0,0,2.12616,0.263231,1.19765,0.66528,12.849,1,0.381095,3.31836,0,147.016,4.76059,145.192,0.84672,12.849,0.84672,3695.15,0,36.966,0.42336,4.29968,1.86078,13.7044,1.3058,18.1357,0.42336,36.966,0.42336,423.524,0,1.02816,0,0,5.32784,4.29968,1.028160,1,0,164.526,0,0,0,164.526,0
72.29,2.14467,0,0,10.8193,0.2724,8.40224,3.6288,61.308,0.66528,0,0,3.29328,0.263231,2.36477,0.66528,12.849,1,0.381199,8.40224,0,402.155,4.76059,405.415,0.84672,12.849,0.84672,3695.15,0,36.966,0.42336,4.36373,1.86091,23.9547,1.3058,28.4502,0.42336,36.966,0.42336,423.524,0,1.02816,0,0,5.39189,4.36373,1.028160,1,0,436.23,0,0,0,436.23,0
72.29,2.14526,0,0,4.94726,0.2724,2.52961,3.6288,61.308,0.66528,0,0,1.4425,0.263231,0.513989,0.66528,12.849,1,0.381303,2.52961,0,163.321,4.76059,160.709,0.84672,12.849,0.84672,3695.15,0,36.966,0.42336,2.54182,1.86104,10.3536,1.3058,13.0273,0.42336,36.966,0.42336,423.524,0,1.02816,0,0,3.56998,2.54182,1.028160,1,0,174.25,0,0,0,174.25,0
72.29,2.3902,0,0,4.54545,0.318888,1.83636,3.6288,61.308,0.66528,0,0,1.71583,0.240846,0.809701,0.66528,12.849,1,0.42484,1.83636,0,114.548,4.22437,111.735,0.84672,12.849,0.84672,3695.15,0,36.966,0.42336,1.65993,1.86117,8.66955,1.26632,10.501,0.42336,36.966,0.42336,423.524,0,1.02816,0,0,2.68809,1.65993,1.028160,1,0,123.046,0,0,0,123.046,0
72.29,2.39084,0,0,5.55458,0.326636,2.8371,3.6288,61.308,0.66528,0,0,1.68422,0.237115,0.781826,0.66528,12.849,1,0.424954,2.8371,0,129.633,4.13501,127.91,0.84672,12.849,0.84672,3695.15,0,36.966,0.42336,1.06925,1.91523,9.44991,1.25974,10.7513,0.42336,36.966,0.42336,423.524,0,1.02816,0,0,2.09741,1.06925,1.028160,1,0,139.443,0,0,0,139.443,0
72.29,2.39148,0,0,4.33581,0.326636,1.61769,3.6288,61.308,0.66528,0,0,1.84397,0.237115,0.941571,0.66528,12.849,1,0.425068,1.61769,0,150.536,4.13501,147.594,0.84672,12.849,0.84672,3695.15,0,36.966,0.42336,2.34079,1.91537,11.1363,1.25974,13.7093,0.42336,36.966,0.42336,423.524,0,1.02816,0,0,3.36895,2.34079,1.028160,1,0,162.245,0,0,0,162.245,0
72.29,2.39212,0,0,5.27593,0.326636,2.55717,3.6288,61.308,0.66528,0,0,2.64124,0.237115,1.73884,0.66528,12.849,1,0.425182,2.55717,0,220.082,4.13501,218.079,0.84672,12.849,0.84672,3695.15,0,36.966,0.42336,3.09455,1.91551,17.1402,1.25974,20.4672,0.42336,36.966,0.42336,423.524,0,1.02816,0,0,4.12271,3.09455,1.028160,1,0,240.285,0,0,0,240.285,0
72.29,2.0439,0,0,4.07658,0.305629,1.72705,3.6288,61.308,0.616075,0,0,1.48501,0.187358,0.681576,0.66528,12.849,1,0.363288,1.72705,0,121.646,3.58465,119.425,0.84672,12.849,0.84672,3695.15,0,36.966,0.42336,1.45667,1.91565,10.4485,0.938143,12.4593,0.42336,36.966,0.42336,423.524,0,1.02816,0,0,2.48483,1.45667,1.028160,1,0,132.566,0,0,0,132.566,0
72.29,2.04446,0,0,2.95556,0.295836,0.615264,3.6288,61.308,0.616458,0,0,1.21954,0.187406,0.415681,0.66528,12.849,1,0.363388,0.615264,0,118.632,3.5196,115.365,0.84672,12.849,0.84672,3695.15,0,36.966,0.42336,1.03878,1.80078,7.0446,0.909032,8.55177,0.42336,36.966,0.42336,423.524,0,1.02816,0,0,2.06694,1.03878,1.028160,1,0,124.332,0,0,0,124.332,0
72.29,2.04502,0,0,5.23919,0.284508,2.90966,3.6288,61.308,0.616842,0,0,1.66075,0.18139,0.862524,0.66528,12.849,1,0.363487,2.90966,0,130.994,3.43241,130.108,0.84672,12.849,0.84672,3695.15,0,36.966,0.42336,1.97377,1.8012,14.09,0.896507,16.5451,0.42336,36.966,0.42336,423.524,0,1.02816,0,0,3.00193,1.97377,1.028160,1,0,147.516,0,0,0,147.516,0
72.29,2.04558,0,0,4.44004,0.315962,2.0785,3.6288,61.308,0.617225,0,0,2.1979,0.218983,1.36169,0.66528,12.849,1,0.363587,2.0785,0,158.528,3.74541,156.497,0.84672,12.849,0.84672,3695.15,0,36.966,0.42336,2.70511,1.80162,10.8101,0.977272,13.9162,0.42336,36.966,0.42336,423.524,0,1.02816,0,0,3.73327,2.70511,1.028160,1,0,171.775,0,0,0,171.775,0
72.29,2.04614,0,0,6.52988,0.299508,4.18423,3.6288,61.308,0.617608,0,0,2.42269,0.1972,1.60788,0.66528,12.849,1,0.363687,4.18423,0,151.12,3.35994,151.58,0.84672,12.849,0.84672,3695.15,0,36.966,0.42336,2.92605,1.80204,16.9534,0.826097,20.432,0.42336,36.966,0.42336,423.524,0,1.02816,0,0,3.95421,2.92605,1.028160,1,0,173.62,0,0,0,173.62,0
72.29,2.13462,0,0,4.66913,0.306598,2.22791,3.6288,61.308,0.66528,0,0,2.3577,0.179687,1.51273,0.66528,12.849,1,0.379413,2.22791,0,154.656,3.45192,153.053,0.84672,12.849,0.84672,3695.15,0,36.966,0.42336,2.31485,1.80246,9.93056,0.704515,12.92,0.42336,36.966,0.42336,423.524,0,1.02816,0,0,3.34301,2.31485,1.028160,1,0,167.485,0,0,0,167.485,0
72.29,2.1352,0,0,4.26845,0.288841,1.8444,3.6288,61.308,0.66528,0,0,1.904,0.175698,1.06302,0.66528,12.849,1,0.379516,1.8444,0,105.871,3.63048,103.706,0.84672,12.849,0.84672,3695.15,0,36.966,0.42336,1.38358,1.85882,7.94483,0.739192,10.0247,0.42336,36.966,0.42336,423.524,0,1.02816,0,0,2.41174,1.38358,1.028160,1,0,114.793,0,0,0,114.793,0
72.29,2.13578,0,0,3.80291,0.288841,1.37829,3.6288,61.308,0.66528,0,0,1.56536,0.175698,0.724383,0.66528,12.849,1,0.379619,1.37829,0,93.2265,3.63048,90.5947,0.84672,12.849,0.84672,3695.15,0,36.966,0.42336,1.39396,1.85895,6.54403,0.739192,8.63439,0.42336,36.966,0.42336,423.524,0,1.02816,0,0,2.42212,1.39396,1.028160,1,0,99.9534,0,0,0,99.9534,0
72.29,2.13636,0,0,5.64901,0.293517,3.21913,3.6288,61.308,0.66528,0,0,1.76002,0.162782,0.931958,0.66528,12.849,1,0.379723,3.21913,0,138.083,3.29538,137.627,0.84672,12.849,0.84672,3695.15,0,36.966,0.42336,2.0965,1.85908,17.8122,0.6809,20.6635,0.42336,36.966,0.42336,423.524,0,1.02816,0,0,3.12466,2.0965,1.028160,1,0,159.222,0,0,0,159.222,0
72.29,2.10254,0,0,3.54616,0.250123,1.1935,3.6288,61.308,0.660057,0,0,1.25076,0.209145,0.381559,0.66528,12.849,1,0.37371,1.1935,0,95.5791,4.4761,91.9228,0.84672,12.849,0.84672,3695.15,0,36.966,0.42336,1.00642,1.8592,7.0073,0.956529,8.49304,0.42336,36.966,0.42336,423.524,0,1.02816,0,0,2.03458,1.00642,1.028160,1,0,100.797,0,0,0,100.797,0
72.29,2.10311,0,0,3.32362,0.231293,0.989213,3.6288,61.308,0.66045,0,0,1.13764,0.215386,0.261802,0.66528,12.849,1,0.373812,0.989213,0,88.9445,4.5317,85.0282,0.84672,12.849,0.84672,3695.15,0,36.966,0.42336,0.939704,1.8477,6.42643,0.960411,7.83007,0.42336,36.966,0.42336,423.524,0,1.02816,0,0,1.96786,0.939704,1.028160,1,0,93.1201,0,0,0,93.1201,0
72.29,2.10369,0,0,3.05827,0.231293,0.723296,3.6288,61.308,0.660843,0,0,1.12774,0.215386,0.251507,0.66528,12.849,1,0.373914,0.723296,0,80.3114,4.5317,76.1291,0.84672,12.849,0.84672,3695.15,0,36.966,0.42336,0.969425,1.84813,6.14078,0.960411,7.57457,0.42336,36.966,0.42336,423.524,0,1.02816,0,0,1.99759,0.969425,1.028160,1,0,83.9552,0,0,0,83.9552,0
72.29,2.10426,0,0,2.95414,0.236722,0.613155,3.6288,61.308,0.661237,0,0,1.4418,0.203745,0.576819,0.66528,12.849,1,0.374016,0.613155,0,77.5812,4.42102,73.3993,0.84672,12.849,0.84672,3695.15,0,36.966,0.42336,1.38936,1.84856,7.60026,0.919353,9.49547,0.42336,36.966,0.42336,423.524,0,1.02816,0,0,2.41752,1.38936,1.028160,1,0,83.4716,0,0,0,83.4716,0
72.29,2.22173,0,0,2.87358,0.220591,0.431254,3.6288,61.308,0.66528,0,0,1.20446,0.182478,0.356701,0.66528,12.849,1,0.394896,0.431254,0,73.2724,4.12586,69.1829,0.84672,12.849,0.84672,3695.15,0,36.966,0.42336,1.02544,1.84899,6.21867,0.747956,7.92179,0.42336,36.966,0.42336,423.524,0,1.02816,0,0,2.0536,1.02544,1.028160,1,0,77.4614,0,0,0,77.4614,0
72.1811,2.22233,0,0,2.67739,0.201108,0.36288,3.6288,61.308,0.66528,0,0,1.04935,0.20191,0.182164,0.66528,12.849,1,0.395003,0.36288,0,71.5401,4.2734,67.2345,0.84672,12.849,0.84672,3695.15,0,36.966,0.42336,0.660286,1.87805,5.76767,0.777936,7.1047,0.42336,36.966,0.42336,423.524,0,1.02816,0,0,1.68845,0.660286,1.028160,1,0,74.5214,0,0,0,74.5214,0
71.7537,2.22243,0,0,2.35891,0.200942,0.36288,3.6288,61.308,0.66528,0,0,1.0171,0.20191,0.149911,0.66528,12.849,1,0.395616,0.36288,0,60.753,4.2734,56.4469,0.84672,12.849,0.84672,3695.15,0,36.966,0.42336,0.749321,1.87818,5.68454,0.777936,7.11074,0.42336,36.966,0.42336,423.524,0,1.02816,0,0,1.77748,0.749321,1.028160,1,0,63.7075,0,0,0,63.7075,0
71.2006,2.22103,0,0,2.19231,0.161551,0.36288,3.6288,61.308,0.66528,0,0,1.00076,0.22887,0.106613,0.66528,12.849,1,0.397722,0.36288,0,56.066,4.70645,51.3247,0.84672,12.849,0.84672,3695.15,0,36.966,0.42336,0.809853,1.87831,5.35451,0.885103,6.73421,0.42336,36.966,0.42336,423.524,0,1.02816,0,0,1.83801,0.809853,1.028160,1,0,58.1655,0,0,0,58.1655,0
70.8453,2.21901,0,0,2.36146,0.134833,0.36288,3.6288,61.308,0.66528,0,0,1.07946,0.243416,0.170768,0.66528,12.849,1,0.400448,0.36288,0,57.1283,4.99482,52.0959,0.84672,12.849,0.84672,3695.15,0,36.966,0.42336,0.865935,1.87844,5.5586,1.01258,6.86705,0.42336,36.966,0.42336,423.524,0,1.02816,0,0,1.8941,0.865935,1.028160,1,0,59.1337,0,0,0,59.1337,0
70.8674,2.19484,0,0,2.70021,0.120362,0.36288,3.6288,61.308,0.66528,0,0,1.2571,0.248432,0.343391,0.66528,12.849,1,0.398071,0.36288,0,57.2792,5.14836,52.0957,0.84672,12.849,0.84672,3695.15,0,36.966,0.42336,1.02246,1.87858,5.88211,1.12539,7.2344,0.42336,36.966,0.42336,423.524,0,1.02816,0,0,2.05062,1.02246,1.028160,1,0,59.6735,0,0,0,59.6735,0
70.7531,2.19554,0,0,2.56447,0.120383,0.36288,3.6288,61.308,0.66528,0,0,1.22761,0.248432,0.313902,0.66528,12.849,1,0.398074,0.36288,0,56.0182,5.14836,50.8347,0.84672,12.849,0.84672,3695.15,0,36.966,0.42336,0.936386,1.8736,5.58159,1.12539,6.84283,0.42336,36.966,0.42336,423.524,0,1.02816,0,0,1.96455,0.936386,1.028160,1,0,57.9914,0,0,0,57.9914,0
70.5282,2.19559,0,0,2.43219,0.0985774,0.36288,3.6288,61.308,0.66528,0,0,1.16516,0.283507,0.216378,0.66528,12.849,1,0.398726,0.36288,0,53.3158,5.69494,47.585,0.84672,12.849,0.84672,3695.15,0,36.966,0.42336,0.918657,1.87373,5.35568,1.30006,6.42465,0.42336,36.966,0.42336,423.524,0,1.02816,0,0,1.94682,0.918657,1.028160,1,0,54.226,0,0,0,54.226,0
70.1418,2.19511,0,0,2.27212,0.100632,0.36288,3.6288,61.308,0.66528,0,0,1.14818,0.276331,0.206567,0.66528,12.849,1,0.39991,0.36288,0,52.1045,5.93407,46.1334,0.84672,12.849,0.84672,3695.15,0,36.966,0.42336,0.957416,1.87386,5.29212,1.31908,6.38096,0.42336,36.966,0.42336,423.524,0,1.02816,0,0,1.98558,0.957416,1.028160,1,0,52.7209,0,0,0,52.7209,0
69.5343,2.25339,0,0,2.10245,0.0936161,0.36288,3.6288,61.1951,0.66528,0,0,0.844871,0.292523,0,0.66528,12.849,1,0.41279,0.36288,0,49.1314,5.70623,43.3753,0.84672,12.849,0.84672,3695.15,0,36.966,0.42336,0.569678,1.874,4.48591,1.42671,5.07952,0.42336,36.966,0.42336,423.524,0,1.02816,0,0,1.59784,0.569678,1.028160,1,0,48.4548,0,0,0,48.4548,0
68.7627,2.25095,0,0,1.9354,0.0931775,0.36288,3.6288,60.9537,0.66528,0,0,0.716256,0.292314,0,0.66528,12.849,1,0.415945,0.36288,0,40.3561,5.70623,34.5968,0.84672,12.849,0.84672,3695.15,0,36.966,0.42336,0.666576,1.88733,4.33747,1.42671,5.04131,0.42336,36.966,0.42336,423.524,0,1.02816,0,0,1.69474,0.666576,1.028160,1,0,39.6381,0,0,0,39.6381,0
67.8317,2.24763,0,0,1.77216,0.0926203,0.36288,3.6288,60.66,0.66528,0,0,0.663396,0.291867,0,0.66528,12.849,1,0.419991,0.36288,0,38.3581,5.70623,32.5948,0.84672,12.849,0.84672,3695.15,0,36.966,0.42336,0.420535,1.88747,3.81259,1.42671,4.27053,0.42336,36.966,0.42336,423.524,0,1.02816,0,0,1.44869,0.420535,1.028160,1,0,36.8653,0,0,0,36.8653,0
67.0154,2.24338,0,0,1.87241,0.0824784,0.36288,3.6288,60.4598,0.66528,0,0,0.761581,0.296483,0,0.66528,12.849,1,0.424952,0.36288,0,37.6204,5.85577,31.7025,0.84672,12.849,0.84672,3695.15,0,36.966,0.42336,0.710277,1.8876,5.04363,1.45658,5.76156,0.42336,36.966,0.42336,423.524,0,1.02816,0,0,1.73844,0.710277,1.028160,1,0,37.4641,0,0,0,37.4641,0
65.6483,2.41295,0,0,1.50243,0.0936779,0.36288,3.6288,60.1726,0.66528,0,0,0.65496,0.276851,0,0.66528,12.849,1,0.462639,0.36288,0,31.4485,5.58393,25.7648,0.84672,12.849,0.84672,3695.15,0,36.966,0.42336,0.503677,1.88774,4.52252,1.42123,5.06935,0.42336,36.966,0.42336,423.524,0,1.02816,0,0,1.53184,0.503677,1.028160,1,0,30.8341,0,0,0,30.8341,0
64.1535,2.40553,0,0,1.37264,0.0990331,0.36288,3.6288,59.8223,0.66528,0,0,0.608084,0.293172,0,0.66528,12.849,1,0.470822,0.36288,0,28.1892,5.44792,22.6333,0.84672,12.849,0.84672,3695.15,0,36.966,0.42336,0.421615,1.92657,4.12177,1.38568,4.66092,0.42336,36.966,0.42336,423.524,0,1.02816,0,0,1.44977,0.421615,1.028160,1,0,27.2943,0,0,0,27.2943,0
63.619,2.39703,0,0,2.34707,0.121731,0.36288,3.6288,59.6508,0.66528,0,0,0.781013,0.287205,0,0.66528,12.849,1,0.48009,0.36288,0,46.8469,5.2995,41.4301,0.84672,12.849,0.84672,3695.15,0,36.966,0.42336,0.660554,1.92672,4.56248,1.36747,5.35892,0.42336,36.966,0.42336,423.524,0,1.02816,0,0,1.68871,0.660554,1.028160,1,0,46.7891,0,0,0,46.7891,0
63.0146,2.39431,0,0,2.26747,0.114617,0.36288,3.6288,59.5149,0.66528,0,0,0.807728,0.278296,0,0.66528,12.849,1,0.483575,0.36288,0,55.3306,5.50746,49.7024,0.84672,12.849,0.84672,3695.15,0,36.966,0.42336,0.571216,1.92686,3.95328,1.35658,4.67142,0.42336,36.966,0.42336,423.524,0,1.02816,0,0,1.59938,0.571216,1.028160,1,0,54.3738,0,0,0,54.3738,0
62.993,2.3911,0,0,2.86025,0.127856,0.36288,3.6288,59.5812,0.66528,0,0,1.01227,0.280686,0,0.66528,12.849,1,0.487557,0.36288,0,39.8061,5.51049,34.171,0.84672,12.849,0.84672,3695.15,0,36.966,0.42336,1.25372,1.92701,4.94865,1.34937,6.35665,0.42336,36.966,0.42336,423.524,0,1.02816,0,0,2.28188,1.25372,1.028160,1,0,40.5276,0,0,0,40.5276,0
61.9473,2.3079,0,0,1.78736,0.162329,0.36288,3.6288,59.2406,0.66528,0,0,0.612009,0.287385,0,0.66528,12.849,1,0.470753,0.36288,0,36.5979,5.51806,30.972,0.84672,12.849,0.84672,3695.15,0,36.966,0.42336,0.268237,1.92715,3.30857,1.33134,3.74926,0.42336,36.966,0.42336,423.524,0,1.02816,0,0,1.2964,0.268237,1.028160,1,0,34.7212,0,0,0,34.7212,0
60.6075,2.30193,0,0,1.48595,0.160943,0.36288,3.6288,59.1529,0.66528,0,0,0.864397,0.286759,0,0.66528,12.849,1,0.477463,0.36288,0,33.8073,5.51806,28.1746,0.84672,12.849,0.84672,3695.15,0,36.966,0.42336,1.25668,1.90841,3.75135,1.33134,5.16174,0.42336,36.966,0.42336,423.524,0,1.02816,0,0,2.28484,1.25668,1.028160,1,0,33.3364,0,0,0,33.3364,0
59.0516,2.29384,0,0,1.25996,0.159168,0.36288,3.6288,58.6333,0.702346,0,0,0.469292,0.286599,0,0.66528,12.849,1,0.486302,0.36288,0,33.7598,5.51806,28.1183,0.84672,12.849,0.84672,3695.15,0,36.966,0.42336,0.216518,1.90855,2.77468,1.33134,3.14505,0.42336,36.966,0.42336,423.524,0,0.991094,0,0,1.20761,0.216518,1.028160,1,0,31.2633,0,0,0,31.2633,0
57.6937,2.28393,0,0,1.48111,0.192126,0.36288,3.6288,58.1824,0.671829,0,0,0.476794,0.255834,0,0.66528,12.849,1,0.496959,0.36288,0,34.0061,5.1028,28.7692,0.84672,12.849,0.84672,3695.15,0,36.966,0.42336,0.216518,1.90869,2.89763,1.20154,3.39794,0.42336,36.966,0.42336,423.524,0,1.02161,0,0,1.23813,0.216518,1.028160,1,0,32.1671,0,0,0,32.1671,0
59.0536,2.20726,0,0,4.16892,0.238883,0.36288,3.6288,58.6096,0.66528,0,0,1.35254,0.26004,0,0.66528,12.849,1,0.49158,0.36288,0,73.3009,4.67819,68.494,0.84672,12.849,0.84672,3695.15,0,36.966,0.42336,1.22815,1.90883,5.79417,1.17708,7.3307,0.42336,36.966,0.42336,423.524,0,1.02816,0,0,2.25631,1.22815,1.028160,1,0,75.8247,0,0,0,75.8247,0
58.2433,2.21715,0,0,2.00539,0.23569,0.36288,3.6288,58.3977,0.66528,0,0,0.727298,0.274003,0,0.66528,12.849,1,0.482412,0.36288,0,36.7318,4.78044,31.8318,0.84672,12.849,0.84672,3695.15,0,36.966,0.42336,0.545054,1.89345,2.72537,1.22709,3.51343,0.42336,36.966,0.42336,423.524,0,1.02816,0,0,1.57321,0.545054,1.028160,1,0,35.3452,0,0,0,35.3452,0
57.3351,2.21225,0,0,1.90077,0.233847,0.36288,3.6288,58.1612,0.66528,0,0,0.702451,0.273629,0,0.66528,12.849,1,0.488042,0.36288,0,31.1593,4.78044,26.2537,0.84672,12.849,0.84672,3695.15,0,36.966,0.42336,0.477922,1.89359,4.47234,1.22709,5.1934,0.42336,36.966,0.42336,423.524,0,1.02816,0,0,1.50608,0.477922,1.028160,1,0,31.4471,0,0,0,31.4471,0
57.1453,2.20653,0,0,2.62577,0.246188,0.36288,3.6288,58.1593,0.66528,0,0,0.931833,0.268464,0,0.66528,12.849,1,0.49449,0.36288,0,53.237,4.63746,48.4679,0.84672,12.849,0.84672,3695.15,0,36.966,0.42336,0.939609,1.89372,4.28226,1.20632,5.48591,0.42336,36.966,0.42336,423.524,0,1.02816,0,0,1.96777,0.939609,1.028160,1,0,53.9538,0,0,0,53.9538,0
58.2348,2.01363,0,0,3.73922,0.273155,0.36288,3.6288,58.6627,0.646432,0,0,1.38105,0.231167,0,0.66528,12.849,1,0.45276,0.36288,0,61.8645,4.13571,57.6389,0.84672,12.849,0.84672,3695.15,0,36.966,0.42336,1.57242,1.89386,5.89621,1.08542,7.85371,0.42336,36.966,0.42336,423.524,0,1.02816,0,0,2.60058,1.57242,1.028160,1,0,65.4926,0,0,0,65.4926,0
59.1535,2.02112,0,0,3.57226,0.269621,0.36288,3.6288,59,0.646821,0,0,1.19688,0.21279,0,0.66528,12.849,1,0.445941,0.36288,0,76.8576,4.02748,72.747,0.84672,12.849,0.84672,3695.15,0,36.966,0.42336,1.39661,1.83533,5.97791,1.03369,7.7528,0.42336,36.966,0.42336,423.524,0,1.02816,0,0,2.42477,1.39661,1.028160,1,0,80.4998,0,0,0,80.4998,0
59.7899,2.02736,0,0,3.29873,0.272031,0.36288,3.6288,59.2761,0.64721,0,0,1.13657,0.213251,0,0.66528,12.849,1,0.440372,0.36288,0,58.4955,4.02748,54.3905,0.84672,12.849,0.84672,3695.15,0,36.966,0.42336,1.24893,1.83575,5.73318,1.03369,7.36082,0.42336,36.966,0.42336,423.524,0,1.02816,0,0,2.27709,1.24893,1.028160,1,0,61.7513,0,0,0,61.7513,0
61.3119,2.03177,0,0,4.18987,0.273275,0.36288,3.6288,59.509,0.6476,0,0,1.09941,0.218946,0,0.66528,12.849,1,0.436632,0.36288,0,65.8568,4.19286,61.5902,0.84672,12.849,0.84672,3695.15,0,36.966,0.42336,1.29881,1.83618,5.65662,1.08503,7.28322,0.42336,36.966,0.42336,423.524,0,1.02816,0,0,2.32697,1.29881,1.028160,1,0,68.8734,0,0,0,68.8734,0
63.2909,2.04129,0,0,4.65858,0.275374,0.36288,3.6288,60.1028,0.647989,0,0,1.48431,0.242508,0,0.66528,12.849,1,0.427788,0.36288,0,72.1828,5.01644,67.1014,0.84672,12.849,0.84672,3695.15,0,36.966,0.42336,1.69475,1.83661,6.52977,1.32857,8.3092,0.42336,36.966,0.42336,423.524,0,1.02816,0,0,2.72291,1.69475,1.028160,1,0,75.4107,0,0,0,75.4107,0
66.1548,2.12829,0,0,5.6412,0.286124,0.36288,3.6288,61.308,0.66528,0,0,2.29897,0.190932,0.237559,0.66528,12.849,1,0.432074,0.36288,0,89.7921,4.00438,85.7185,0.84672,12.849,0.84672,3695.15,0,36.966,0.42336,1.90487,1.83703,9.63325,0.941555,12.0102,0.42336,36.966,0.42336,423.524,0,1.02816,0,0,2.93303,1.90487,1.028160,1,0,97.9663,0,0,0,97.9663,0
70.1203,2.14451,0,0,6.7656,0.292797,0.36288,3.6288,61.308,0.66528,0,0,1.85796,0.192398,1.00029,0.66528,12.849,1,0.416519,0.36288,0,159.102,4.00438,155.044,0.84672,12.849,0.84672,3695.15,0,36.966,0.42336,3.05033,1.8675,13.2708,0.941555,16.8237,0.42336,36.966,0.42336,423.524,0,1.02816,0,0,4.07849,3.05033,1.028160,1,0,172.868,0,0,0,172.868,0
72.29,2.16497,0,0,6.11899,0.302037,1.48224,3.6288,61.308,0.66528,0,0,2.48072,0.192398,1.62304,0.66528,12.849,1,0.396715,1.48224,0,170.398,4.00438,167.479,0.84672,12.849,0.84672,3695.15,0,36.966,0.42336,2.95242,1.86763,12.9352,0.941555,16.3903,0.42336,36.966,0.42336,423.524,0,1.02816,0,0,3.98058,2.95242,1.028160,1,0,185.493,0,0,0,185.493,0
72.29,2.17565,0,0,6.62835,0.306872,4.14583,3.6288,61.308,0.66528,0,0,2.20241,0.187227,1.34991,0.66528,12.849,1,0.386705,4.14583,0,177.731,3.93762,177.552,0.84672,12.849,0.84672,3695.15,0,36.966,0.42336,1.89717,1.86775,8.31928,0.927465,10.7334,0.42336,36.966,0.42336,423.524,0,1.02816,0,0,2.92533,1.89717,1.028160,1,0,189.636,0,0,0,189.636,0
72.29,2.42354,0,0,7.38332,0.298859,4.66093,3.6288,61.308,0.66528,0,0,4.00367,0.233052,3.10534,0.66528,12.849,1,0.430765,4.66093,0,244.255,4.13832,244.346,0.84672,12.849,0.84672,3695.15,0,36.966,0.42336,4.31028,1.86787,17.6323,1.17508,22.2121,0.42336,36.966,0.42336,423.524,0,1.02816,0,0,5.33844,4.31028,1.028160,1,0,269.664,0,0,0,269.664,0
72.29,2.42415,0,0,6.66861,0.302743,3.94171,3.6288,61.308,0.66528,0,0,2.97119,0.234844,2.07107,0.66528,12.849,1,0.430875,3.94171,0,186.382,4.07169,185.821,0.84672,12.849,0.84672,3695.15,0,36.966,0.42336,2.71552,1.92259,13.413,1.14617,16.4816,0.42336,36.966,0.42336,423.524,0,1.02816,0,0,3.74368,2.71552,1.028160,1,0,204.374,0,0,0,204.374,0
72.29,2.42477,0,0,7.37251,0.302743,4.645,3.6288,61.308,0.66528,0,0,3.64493,0.234844,2.74481,0.66528,12.849,1,0.430985,4.645,0,190.872,4.07169,191.015,0.84672,12.849,0.84672,3695.15,0,36.966,0.42336,3.64052,1.92272,15.9703,1.14617,19.9641,0.42336,36.966,0.42336,423.524,0,1.02816,0,0,4.66868,3.64052,1.028160,1,0,213.723,0,0,0,213.723,0
72.29,2.42539,0,0,7.41848,0.302743,4.69034,3.6288,61.308,0.66528,0,0,4.44032,0.234844,3.5402,0.66528,12.849,1,0.431095,4.69034,0,191.091,4.07169,191.278,0.84672,12.849,0.84672,3695.15,0,36.966,0.42336,4.38458,1.92286,19.3717,1.14617,24.1096,0.42336,36.966,0.42336,423.524,0,1.02816,0,0,5.41274,4.38458,1.028160,1,0,218.928,0,0,0,218.928,0
72.29,2.07293,0,0,5.5345,0.28027,3.18129,3.6288,61.308,0.635936,0,0,1.63145,0.194109,0.801402,0.66528,12.849,1,0.368448,3.18129,0,137.953,3.57822,137.188,0.84672,12.849,0.84672,3695.15,0,36.966,0.42336,1.74524,1.923,9.74661,1.03367,11.9578,0.42336,36.966,0.42336,423.524,0,1.02816,0,0,2.7734,1.74524,1.028160,1,0,149.947,0,0,0,149.947,0
72.29,2.07347,0,0,5.24038,0.28798,2.87892,3.6288,61.308,0.636306,0,0,1.48374,0.25136,0.596072,0.66528,12.849,1,0.368544,2.87892,0,141.6,4.19031,139.92,0.84672,12.849,0.84672,3695.15,0,36.966,0.42336,1.64922,1.82253,10.6071,1.09612,12.5593,0.42336,36.966,0.42336,423.524,0,1.02816,0,0,2.67738,1.64922,1.028160,1,0,153.076,0,0,0,153.076,0
72.29,2.07402,0,0,4.73259,0.29936,2.35922,3.6288,61.308,0.636676,0,0,2.47115,0.210196,1.62428,0.66528,12.849,1,0.368641,2.35922,0,195.394,3.51824,193.866,0.84672,12.849,0.84672,3695.15,0,36.966,0.42336,2.04209,1.82294,10.2147,0.898789,12.7576,0.42336,36.966,0.42336,423.524,0,1.02816,0,0,3.07025,2.04209,1.028160,1,0,208.248,0,0,0,208.248,0
72.29,2.07456,0,0,5.25371,0.29936,2.87979,3.6288,61.308,0.637046,0,0,1.81648,0.210196,0.96924,0.66528,12.849,1,0.368737,2.87979,0,148.694,3.51824,147.686,0.84672,12.849,0.84672,3695.15,0,36.966,0.42336,2.68885,1.82334,10.6866,0.898789,13.8766,0.42336,36.966,0.42336,423.524,0,1.02816,0,0,3.71701,2.68885,1.028160,1,0,162.532,0,0,0,162.532,0
72.29,2.0751,0,0,8.70249,0.316834,6.31056,3.6288,61.308,0.637416,0,0,3.86112,0.201914,3.02179,0.66528,12.849,1,0.368833,6.31056,0,196.799,3.36392,199.377,0.84672,12.849,0.84672,3695.15,0,36.966,0.42336,4.09172,1.82375,14.5486,0.887766,19.1529,0.42336,36.966,0.42336,423.524,0,1.02816,0,0,5.11988,4.09172,1.028160,1,0,221.552,0,0,0,221.552,0
72.29,2.16461,0,0,7.73194,0.319087,5.24824,3.6288,61.308,0.66528,0,0,3.40848,0.1719,2.5713,0.66528,12.849,1,0.384743,5.24824,0,203.458,3.39476,204.927,0.84672,12.849,0.84672,3695.15,0,36.966,0.42336,4.19079,1.82415,13.4077,0.94112,18.0582,0.42336,36.966,0.42336,423.524,0,1.02816,0,0,5.21895,4.19079,1.028160,1,0,225.556,0,0,0,225.556,0
72.29,2.16517,0,0,5.84602,0.319087,3.36176,3.6288,61.308,0.66528,0,0,2.70297,0.1719,1.86579,0.66528,12.849,1,0.384843,3.36176,0,171.252,3.39476,170.834,0.84672,12.849,0.84672,3695.15,0,36.966,0.42336,3.5901,1.86544,10.8604,0.94112,14.9515,0.42336,36.966,0.42336,423.524,0,1.02816,0,0,4.61826,3.5901,1.028160,1,0,187.651,0,0,0,187.651,0
72.29,2.16573,0,0,5.45645,0.319087,2.97163,3.6288,61.308,0.66528,0,0,3.28387,0.1719,2.44669,0.66528,12.849,1,0.384943,2.97163,0,167.288,3.39476,166.48,0.84672,12.849,0.84672,3695.15,0,36.966,0.42336,3.54866,1.86556,13.6063,0.94112,17.656,0.42336,36.966,0.42336,423.524,0,1.02816,0,0,4.57682,3.54866,1.028160,1,0,186.582,0,0,0,186.582,0
72.29,2.16629,0,0,5.12642,0.291765,2.66836,3.6288,61.308,0.66528,0,0,2.86437,0.194255,2.00483,0.66528,12.849,1,0.385043,2.66836,0,135.433,3.34338,134.373,0.84672,12.849,0.84672,3695.15,0,36.966,0.42336,3.44654,1.86569,10.9939,0.93616,14.9466,0.42336,36.966,0.42336,423.524,0,1.02816,0,0,4.4747,3.44654,1.028160,1,0,151.324,0,0,0,151.324,0
72.29,2.13204,0,0,3.90519,0.292945,1.48021,3.6288,61.308,0.66528,0,0,1.66158,0.168135,0.828161,0.66528,12.849,1,0.378953,1.48021,0,101.55,3.2655,99.386,0.84672,12.849,0.84672,3695.15,0,36.966,0.42336,1.81316,1.86581,7.21907,0.897159,9.57752,0.42336,36.966,0.42336,423.524,0,1.02816,0,0,2.84132,1.81316,1.028160,1,0,109.792,0,0,0,109.792,0
72.29,2.13259,0,0,3.36797,0.292945,0.942432,3.6288,61.308,0.66528,0,0,1.4452,0.168135,0.61178,0.66528,12.849,1,0.379052,0.942432,0,85.7114,3.2655,83.0093,0.84672,12.849,0.84672,3695.15,0,36.966,0.42336,1.26475,1.85825,6.32508,0.897159,8.12756,0.42336,36.966,0.42336,423.524,0,1.02816,0,0,2.29291,1.26475,1.028160,1,0,91.7486,0,0,0,91.7486,0
72.29,2.13314,0,0,3.04859,0.292945,0.6225,3.6288,61.308,0.66528,0,0,1.3474,0.168135,0.513984,0.66528,12.849,1,0.37915,0.6225,0,56.1371,3.2655,53.115,0.84672,12.849,0.84672,3695.15,0,36.966,0.42336,1.0551,1.85837,5.74722,0.897159,7.34017,0.42336,36.966,0.42336,423.524,0,1.02816,0,0,2.08326,1.0551,1.028160,1,0,60.9691,0,0,0,60.9691,0
72.29,2.1337,0,0,2.83351,0.292945,0.406863,3.6288,61.308,0.66528,0,0,1.26696,0.168135,0.433546,0.66528,12.849,1,0.379249,0.406863,0,50.0798,3.2655,46.8419,0.84672,12.849,0.84672,3695.15,0,36.966,0.42336,0.919883,1.85849,5.2792,0.897159,6.73705,0.42336,36.966,0.42336,423.524,0,1.02816,0,0,1.94804,0.919883,1.028160,1,0,54.0125,0,0,0,54.0125,0
72.29,2.25255,0,0,2.87911,0.252719,0.373842,3.6288,61.308,0.66528,0,0,1.23615,0.168377,0.402494,0.66528,12.849,1,0.400373,0.373842,0,52.6716,3.52416,49.1209,0.84672,12.849,0.84672,3695.15,0,36.966,0.42336,0.814873,1.85862,4.96841,0.892579,6.32596,0.42336,36.966,0.42336,423.524,0,1.02816,0,0,1.84303,0.814873,1.028160,1,0,55.8494,0,0,0,55.8494,0
72.1266,2.25313,0,0,2.67512,0.222549,0.36288,3.6288,61.308,0.66528,0,0,1.11574,0.168558,0.281897,0.66528,12.849,1,0.400476,0.36288,0,54.9235,3.71816,51.1678,0.84672,12.849,0.84672,3695.15,0,36.966,0.42336,0.670404,1.88485,4.71444,0.889144,5.95719,0.42336,36.966,0.42336,423.524,0,1.02816,0,0,1.69856,0.670404,1.028160,1,0,57.4069,0,0,0,57.4069,0
71.69,2.25294,0,0,2.40148,0.222273,0.36288,3.6288,61.308,0.66528,0,0,0.969097,0.168558,0.135259,0.66528,12.849,1,0.40135,0.36288,0,51.9242,3.71816,48.1676,0.84672,12.849,0.84672,3695.15,0,36.966,0.42336,0.558645,1.88497,4.65702,0.889144,5.78814,0.42336,36.966,0.42336,423.524,0,1.02816,0,0,1.58681,0.558645,1.028160,1,0,54.091,0,0,0,54.091,0
71.0577,2.25144,0,0,2.18942,0.20735,0.36288,3.6288,61.308,0.66528,0,0,0.935142,0.183375,0.0864865,0.66528,12.849,1,0.403526,0.36288,0,48.0322,4.0116,43.9799,0.84672,12.849,0.84672,3695.15,0,36.966,0.42336,0.540432,1.8851,4.51782,0.969222,5.55077,0.42336,36.966,0.42336,423.524,0,1.02816,0,0,1.56859,0.540432,1.028160,1,0,49.6172,0,0,0,49.6172,0
70.2849,2.24898,0,0,2.02212,0.183041,0.36288,3.6288,61.1737,0.699183,0,0,0.763059,0.198164,0,0.66528,12.849,1,0.406672,0.36288,0,45.5043,4.32855,41.1319,0.84672,12.849,0.84672,3695.15,0,36.966,0.42336,0.30119,1.88523,4.04694,1.05457,4.75543,0.42336,36.966,0.42336,423.524,0,0.994257,0,0,1.29545,0.30119,1.028160,1,0,45.8874,0,0,0,45.8874,0
69.1778,2.22246,0,0,1.64905,0.170807,0.36288,3.6288,60.9068,0.698198,0,0,0.616834,0.185588,0,0.66528,12.849,1,0.406295,0.36288,0,38.5799,4.14277,34.3937,0.84672,12.849,0.84672,3695.15,0,36.966,0.42336,0.30119,1.88536,3.72474,1.00103,4.4869,0.42336,36.966,0.42336,423.524,0,0.995242,0,0,1.29643,0.30119,1.028160,1,0,38.8806,0,0,0,38.8806,0
67.9352,2.21755,0,0,1.50711,0.16935,0.36288,3.6288,60.4515,0.84678,0,0,0.576826,0.185274,0,0.66528,12.849,1,0.411884,0.36288,0,36.2879,4.14277,32.0961,0.84672,12.849,0.84672,3695.15,0,36.966,0.42336,0.261274,1.88032,3.54438,1.00103,4.26158,0.42336,36.966,0.42336,423.524,0,0.84666,0,0,1.10793,0.261274,1.028160,1,0,36.3577,0,0,0,36.3577,0
66.597,2.21178,0,0,1.38582,0.149302,0.36288,3.6288,59.9237,0.846046,0,0,0.546622,0.228379,0,0.66528,12.849,1,0.418328,0.36288,0,32.49,4.70738,27.7272,0.84672,12.849,0.84672,3695.15,0,36.966,0.42336,0.261274,1.88044,3.37476,1.20712,3.886,0.42336,36.966,0.42336,423.524,0,0.847394,0,0,1.10867,0.261274,1.028160,1,0,31.6132,0,0,0,31.6132,0
65.1941,2.2053,0,0,1.29935,0.134071,0.36288,3.6288,59.3033,0.87334,0,0,0.513094,0.260232,0,0.66528,12.849,1,0.425484,0.36288,0,29.2012,5.13082,24.0078,0.84672,12.849,0.84672,3695.15,0,36.966,0.42336,0.261274,1.88057,3.2519,1.36169,3.6087,0.42336,36.966,0.42336,423.524,0,0.8201,0,0,1.08137,0.261274,1.028160,1,0,27.6165,0,0,0,27.6165,0
63.6179,2.25778,0,0,1.16998,0.125503,0.36288,3.6288,58.4501,1.02998,0,0,0.473036,0.296234,0,0.66528,12.849,1,0.444981,0.36288,0,31.5793,5.87224,25.6249,0.84672,12.849,0.84672,3695.15,0,36.966,0.42336,0.261274,1.8807,2.76198,1.39841,3.08218,0.42336,36.966,0.42336,423.524,0,0.663457,0,0,0.924731,0.261274,1.028160,1,0,28.7071,0,0,0,28.7071,0
61.9856,2.24918,0,0,1.10248,0.122752,0.36288,3.6288,57.5519,1.03856,0,0,0.441129,0.300754,0,0.66528,12.849,1,0.45427,0.36288,0,24.8772,5.99582,18.7899,0.84672,12.849,0.84672,3695.15,0,36.966,0.42336,0.261274,1.89419,2.4719,1.40453,2.79947,0.42336,36.966,0.42336,423.524,0,0.654877,0,0,0.916151,0.261274,1.028160,1,0,21.5894,0,0,0,21.5894,0
60.2646,2.23985,0,0,1.00281,0.121124,0.36288,3.6288,56.5192,1.14806,0,0,0.414356,0.299015,0,0.66528,12.849,1,0.464298,0.36288,0,22.8753,5.99582,16.778,0.84672,12.849,0.84672,3695.15,0,36.966,0.42336,0.227405,1.89432,2.26232,1.40453,2.55615,0.42336,36.966,0.42336,423.524,0,0.545383,0,0,0.772788,0.227405,1.028160,1,0,19.3342,0,0,0,19.3342,0
58.6965,2.22949,0,0,1.13456,0.110285,0.36288,3.6288,55.8563,0.875586,0,0,0.503767,0.291012,0,0.66528,12.849,1,0.475349,0.36288,0,23.5246,6.13731,17.2748,0.84672,12.849,0.84672,3695.15,0,36.966,0.42336,0.227405,1.89445,3.3167,1.44141,3.57378,0.42336,36.966,0.42336,423.524,0,0.817854,0,0,1.04526,0.227405,1.028160,1,0,20.8486,0,0,0,20.8486,0
56.7877,2.39108,0,0,0.948681,0.10344,0.36288,3.6288,54.9226,1.04891,0,0,0.400684,0.285517,0,0.66528,12.849,1,0.523421,0.36288,0,20.393,6.46635,13.7661,0.84672,12.849,0.84672,3695.15,0,36.966,0.42336,0.227405,1.89458,2.47525,1.49514,2.67873,0.42336,36.966,0.42336,423.524,0,0.644527,0,0,0.871931,0.227405,1.028160,1,0,16.4448,0,0,0,16.4448,0
54.8274,2.37734,0,0,0.883846,0.104016,0.36288,3.6288,53.9607,1.04986,0,0,0.39749,0.309559,0,0.66528,12.849,1,0.537905,0.36288,0,21.602,6.78237,14.6446,0.84672,12.849,0.84672,3695.15,0,36.966,0.42336,0.227405,1.93387,2.38143,1.51357,2.60578,0.42336,36.966,0.42336,423.524,0,0.643585,0,0,0.87099,0.227405,1.028160,1,0,17.2504,0,0,0,17.2504,0
52.7102,2.36235,0,0,0.710044,0.102004,0.36288,3.6288,52.6474,1.29319,0,0,0.287501,0.307597,0,0.66528,12.849,1,0.553627,0.36288,0,21.1086,6.78237,14.1355,0.84672,12.849,0.84672,3695.15,0,36.966,0.42336,0.204422,1.93401,1.91174,1.51357,2.11324,0.42336,36.966,0.42336,423.524,0,0.400248,0,0,0.60467,0.204422,1.028160,1,0,16.2488,0,0,0,16.2488,0
50.7867,2.34507,0,0,0.884278,0.0998311,0.36288,3.6288,52.0803,0.754032,0,0,0.49139,0.304443,0,0.66528,12.849,1,0.571651,0.36288,0,19.2787,6.78237,12.2875,0.84672,12.849,0.84672,3695.15,0,36.966,0.42336,0.204422,1.93414,2.95593,1.51357,3.15757,0.42336,36.966,0.42336,423.524,0,0.939408,0,0,1.14383,0.204422,1.028160,1,0,15.4451,0,0,0,15.4451,0
48.6794,2.32838,0,0,0.691036,0.106987,0.36288,3.6288,51.1053,1.04497,0,0,0.347588,0.277642,0,0.66528,12.849,1,0.58908,0.36288,0,17.0177,5.69091,11.1006,0.84672,12.849,0.84672,3695.15,0,36.966,0.42336,0.204422,1.93428,2.97414,1.15876,3.53072,0.42336,36.966,0.42336,423.524,0,0.648467,0,0,0.852889,0.204422,1.028160,1,0,14.6313,0,0,0,14.6313,0
46.7161,2.22813,0,0,0.758056,0.130367,0.36288,3.6288,50.516,0.66528,0,0,0.418667,0.342659,0,0.66528,12.849,1,0.588118,0.36288,0,27.1875,5.55651,21.4057,0.84672,12.849,0.84672,3695.15,0,36.966,0.42336,0.442627,1.93442,4.13983,1.52935,4.56416,0.42336,36.966,0.42336,423.524,0,1.02816,0,0,1.47079,0.442627,1.028160,1,0,25.9699,0,0,0,25.9699,0
44.839,2.20931,0,0,0.870005,0.174895,0.36288,3.6288,49.9544,0.66528,0,0,0.406298,0.302611,0,0.66528,12.849,1,0.607658,0.36288,0,23.3035,5.22522,17.8335,0.84672,12.849,0.84672,3695.15,0,36.966,0.42336,0.385223,1.91545,3.0175,1.41557,3.47925,0.42336,36.966,0.42336,423.524,0,1.02816,0,0,1.41338,0.385223,1.028160,1,0,21.3127,0,0,0,21.3127,0
43.4688,2.1901,0,0,1.354,0.171262,0.36288,3.6288,49.6615,0.66528,0,0,0.673642,0.301224,0,0.66528,12.849,1,0.62759,0.36288,0,37.8816,5.22522,32.3916,0.84672,12.849,0.84672,3695.15,0,36.966,0.42336,1.40671,1.91559,5.38248,1.41557,6.86585,0.42336,36.966,0.42336,423.524,0,1.02816,0,0,2.43487,1.40671,1.028160,1,0,39.2575,0,0,0,39.2575,0
42.0074,2.17538,0,0,1.24546,0.16861,0.36288,3.6288,49.3153,0.66528,0,0,0.61957,0.3005,0,0.66528,12.849,1,0.643024,0.36288,0,68.6356,5.22522,63.1303,0.84672,12.849,0.84672,3695.15,0,36.966,0.42336,1.18382,1.91572,4.54954,1.41557,5.81016,0.42336,36.966,0.42336,423.524,0,1.02816,0,0,2.21198,1.18382,1.028160,1,0,68.9404,0,0,0,68.9404,0
41.4825,2.09466,0,0,2.1483,0.215663,0.36288,3.6288,49.197,0.66528,0,0,0.827143,0.28019,0,0.66528,12.849,1,0.640703,0.36288,0,50.2474,4.75524,45.2143,0.84672,12.849,0.84672,3695.15,0,36.966,0.42336,1.47315,1.91586,3.84474,1.26834,5.54205,0.42336,36.966,0.42336,423.524,0,1.02816,0,0,2.50131,1.47315,1.028160,1,0,50.7564,0,0,0,50.7564,0
40.7177,2.089,0,0,1.90251,0.215437,0.36288,3.6288,49.1723,0.66528,0,0,0.919979,0.279428,0,0.66528,12.849,1,0.647059,0.36288,0,43.762,4.58546,38.8924,0.84672,12.849,0.84672,3695.15,0,36.966,0.42336,1.93485,1.9003,6.95319,1.20127,9.1637,0.42336,36.966,0.42336,423.524,0,1.02816,0,0,2.96301,1.93485,1.028160,1,0,48.0561,0,0,0,48.0561,0
40.0417,2.0803,0,0,1.98073,0.213501,0.36288,3.6288,49.1246,0.66528,0,0,0.896944,0.279371,0,0.66528,12.849,1,0.656465,0.36288,0,48.784,4.58546,43.905,0.84672,12.849,0.84672,3695.15,0,36.966,0.42336,1.76369,1.90043,5.92656,1.20127,7.96605,0.42336,36.966,0.42336,423.524,0,1.02816,0,0,2.79185,1.76369,1.028160,1,0,51.871,0,0,0,51.871,0
39.6374,2.07244,0,0,2.24276,0.21179,0.36288,3.6288,49.1533,0.66528,0,0,0.97327,0.279261,0,0.66528,12.849,1,0.665025,0.36288,0,56.7521,4.58546,51.8645,0.84672,12.849,0.84672,3695.15,0,36.966,0.42336,2.04225,1.90056,5.97012,1.20127,8.28829,0.42336,36.966,0.42336,423.524,0,1.02816,0,0,3.07041,2.04225,1.028160,1,0,60.1528,0,0,0,60.1528,0
41.2626,1.88803,0,0,4.09695,0.220842,0.36288,3.6288,49.7031,0.66528,0,0,1.45856,0.243519,0,0.66528,12.849,1,0.612032,0.36288,0,110.938,4.37138,106.318,0.84672,12.849,0.84672,3695.15,0,36.966,0.42336,2.80057,1.90069,8.73787,1.11561,11.9002,0.42336,36.966,0.42336,423.524,0,1.02816,0,0,3.82873,2.80057,1.028160,1,0,118.218,0,0,0,118.218,0
42.7228,1.90691,0,0,3.94904,0.219067,0.36288,3.6288,52.4513,0.66528,0,0,3.62698,0.213502,0,0.66528,12.849,1,0.593804,0.36288,0,81.1006,4.33986,76.5298,0.84672,12.849,0.84672,3695.15,0,36.966,0.42336,5.75745,1.8562,14.4176,1.07333,20.5345,0.42336,36.966,0.42336,423.524,0,1.02816,0,0,6.78561,5.75745,1.028160,1,0,97.0643,0,0,0,97.0643,0
43.4043,1.92301,0,0,3.19029,0.222834,0.36288,3.6288,53.1087,0.66528,0,0,1.54107,0.218323,0,0.66528,12.849,1,0.578351,0.36288,0,68.2506,4.33986,63.6953,0.84672,12.849,0.84672,3695.15,0,36.966,0.42336,4.24895,1.85632,7.8786,1.07333,12.4872,0.42336,36.966,0.42336,423.524,0,1.02816,0,0,5.27711,4.24895,1.028160,1,0,76.1825,0,0,0,76.1825,0
44.1094,1.93052,0,0,3.22167,0.223239,0.36288,3.6288,53.1251,0.66528,0,0,0.907744,0.226123,0,0.66528,12.849,1,0.571492,0.36288,0,65.0971,4.36575,60.5228,0.84672,12.849,0.84672,3695.15,0,36.966,0.42336,1.99729,1.85644,8.4587,1.09331,10.7958,0.42336,36.966,0.42336,423.524,0,1.02816,0,0,3.02545,1.99729,1.028160,1,0,71.3185,0,0,0,71.3185,0
44.3922,1.93809,0,0,2.80068,0.21686,0.36288,3.6288,53.1989,0.66528,0,0,1.00517,0.266041,0,0.66528,12.849,1,0.564564,0.36288,0,69.4913,4.52109,64.7686,0.84672,12.849,0.84672,3695.15,0,36.966,0.42336,1.7089,1.85657,4.84974,1.21318,6.77867,0.42336,36.966,0.42336,423.524,0,1.02816,0,0,2.73706,1.7089,1.028160,1,0,71.5472,0,0,0,71.5472,0
49.3785,2.01248,0,0,7.56236,0.200689,0.36288,3.6288,56.2294,0.66528,0,0,3.90098,0.205195,0,0.66528,12.849,1,0.582497,0.36288,0,190.355,4.1454,185.99,0.84672,12.849,0.84672,3695.15,0,36.966,0.42336,3.38757,1.85669,14.8668,1.18443,18.5032,0.42336,36.966,0.42336,423.524,0,1.02816,0,0,4.41573,3.38757,1.028160,1,0,204.493,0,0,0,204.493,0
51.3212,2.05966,0,0,4.57725,0.212057,0.36288,3.6288,57.016,0.66528,0,0,1.66142,0.209513,0,0.66528,12.849,1,0.535953,0.36288,0,138.915,4.1454,134.596,0.84672,12.849,0.84672,3695.15,0,36.966,0.42336,2.79111,1.87399,11.3009,1.18443,14.3583,0.42336,36.966,0.42336,423.524,0,1.02816,0,0,3.81927,2.79111,1.028160,1,0,148.955,0,0,0,148.955,0
52.8649,2.0764,0,0,4.19943,0.216444,0.36288,3.6288,57.7362,0.66528,0,0,1.59603,0.210589,0,0.66528,12.849,1,0.519856,0.36288,0,116.35,4.1454,112.047,0.84672,12.849,0.84672,3695.15,0,36.966,0.42336,2.49883,1.87411,10.7119,1.18443,13.477,0.42336,36.966,0.42336,423.524,0,1.02816,0,0,3.52699,2.49883,1.028160,1,0,125.524,0,0,0,125.524,0
53.8912,2.08912,0,0,3.70392,0.225569,0.36288,3.6288,57.9108,0.66528,0,0,1.04969,0.20983,0,0.66528,12.849,1,0.507769,0.36288,0,94.7203,4.16439,90.411,0.84672,12.849,0.84672,3695.15,0,36.966,0.42336,1.72372,1.87423,9.96477,1.21754,11.9218,0.42336,36.966,0.42336,423.524,0,1.02816,0,0,2.75188,1.72372,1.028160,1,0,102.333,0,0,0,102.333,0
55.6409,2.33537,0,0,4.67694,0.229068,0.36288,3.6288,58.6362,0.66528,0,0,1.56711,0.176466,0,0.66528,12.849,1,0.556811,0.36288,0,110.284,3.71997,106.37,0.84672,12.849,0.84672,3695.15,0,36.966,0.42336,1.32634,1.87435,10.8501,1.11374,12.5137,0.42336,36.966,0.42336,423.524,0,1.02816,0,0,2.3545,1.32634,1.028160,1,0,118.883,0,0,0,118.883,0
56.423,2.35017,0,0,3.70308,0.207891,0.36288,3.6288,60.1636,0.66528,0,0,2.35257,0.159872,0,0.66528,12.849,1,0.542718,0.36288,0,101.679,3.3012,98.1979,0.84672,12.849,0.84672,3695.15,0,36.966,0.42336,1.74498,1.92968,12.9892,0.886888,15.3536,0.42336,36.966,0.42336,423.524,0,1.02816,0,0,2.77314,1.74498,1.028160,1,0,113.552,0,0,0,113.552,0
58.6149,2.35687,0,0,5.13386,0.222171,0.36288,3.6288,60.9331,0.66528,0,0,1.58876,0.15396,0,0.66528,12.849,1,0.536721,0.36288,0,143.561,3.34497,140.042,0.84672,12.849,0.84672,3695.15,0,36.966,0.42336,1.59074,1.92982,10.1912,0.867722,12.4207,0.42336,36.966,0.42336,423.524,0,1.02816,0,0,2.6189,1.59074,1.028160,1,0,152.462,0,0,0,152.462,0
63.1545,2.37391,0,0,7.55384,0.277491,0.36288,3.6288,61.308,0.66528,0,0,1.78629,0.163284,0.582817,0.66528,12.849,1,0.520385,0.36288,0,139.05,3.37891,135.513,0.84672,12.849,0.84672,3695.15,0,36.966,0.42336,3.39649,1.92995,13.2889,0.860918,17.3311,0.42336,36.966,0.42336,423.524,0,1.02816,0,0,4.42465,3.39649,1.028160,1,0,153.427,0,0,0,153.427,0
67.4065,2.05606,0,0,6.98307,0.312172,0.36288,3.6288,61.308,0.655098,0,0,2.12632,0.167645,1.30358,0.66528,12.849,1,0.418312,0.36288,0,143.2,3.32861,139.816,0.84672,12.849,0.84672,3695.15,0,36.966,0.42336,2.69391,1.93008,12.5294,0.851028,15.879,0.42336,36.966,0.42336,423.524,0,1.02816,0,0,3.72207,2.69391,1.028160,1,0,156.999,0,0,0,156.999,0
71.3061,2.07874,0,0,6.67144,0.33017,0.36288,3.6288,61.308,0.655455,0,0,2.16225,0.155195,1.3516,0.66528,12.849,1,0.396248,0.36288,0,119.068,3.33333,115.701,0.84672,12.849,0.84672,3695.15,0,36.966,0.42336,2.42615,1.84352,9.75663,0.820485,12.7825,0.42336,36.966,0.42336,423.524,0,1.02816,0,0,3.45431,2.42615,1.028160,1,0,129.835,0,0,0,129.835,0
72.29,2.09762,0,0,4.68079,0.340315,1.25897,3.6288,61.308,0.655811,0,0,1.63836,0.155195,0.827354,0.66528,12.849,1,0.37798,1.25897,0,115.938,3.33333,113.485,0.84672,12.849,0.84672,3695.15,0,36.966,0.42336,1.96115,1.84391,8.81133,0.820485,11.3725,0.42336,36.966,0.42336,423.524,0,1.02816,0,0,2.98931,1.96115,1.028160,1,0,125.685,0,0,0,125.685,0
72.29,2.10251,0,0,4.77763,0.286234,2.38889,3.6288,61.308,0.656167,0,0,1.2453,0.125114,0.46402,0.66528,12.849,1,0.373704,2.38889,0,100.875,2.89736,99.9933,0.84672,12.849,0.84672,3695.15,0,36.966,0.42336,1.43413,1.8443,8.02803,0.757857,10.1252,0.42336,36.966,0.42336,423.524,0,1.02816,0,0,2.46229,1.43413,1.028160,1,0,110.583,0,0,0,110.583,0
72.29,2.10303,0,0,4.73386,0.261465,2.36936,3.6288,61.308,0.656524,0,0,1.56676,0.119139,0.791098,0.66528,12.849,1,0.373797,2.36936,0,98.6489,2.84082,97.8037,0.84672,12.849,0.84672,3695.15,0,36.966,0.42336,2.00184,1.84469,8.14415,0.764285,10.803,0.42336,36.966,0.42336,423.524,0,1.02816,0,0,3.03,2.00184,1.028160,1,0,109.398,0,0,0,109.398,0
72.29,2.19354,0,0,5.91088,0.248788,3.46855,3.6288,61.308,0.66528,0,0,1.47362,0.155484,0.652857,0.66528,12.849,1,0.389885,3.46855,0,93.0571,3.54795,92.5878,0.84672,12.849,0.84672,3695.15,0,36.966,0.42336,1.87775,1.84508,7.92979,0.953157,10.2761,0.42336,36.966,0.42336,423.524,0,1.02816,0,0,2.90591,1.87775,1.028160,1,0,103.517,0,0,0,103.517,0
72.29,2.19408,0,0,5.67075,0.248788,3.22788,3.6288,61.308,0.66528,0,0,1.93063,0.155484,1.10986,0.66528,12.849,1,0.389981,3.22788,0,108.798,3.54795,108.088,0.84672,12.849,0.84672,3695.15,0,36.966,0.42336,2.18603,1.87182,11.0843,0.953157,13.7656,0.42336,36.966,0.42336,423.524,0,1.02816,0,0,3.21419,2.18603,1.028160,1,0,122.964,0,0,0,122.964,0
72.29,2.19462,0,0,5.24424,0.248788,2.80083,3.6288,61.308,0.66528,0,0,1.9089,0.155484,1.08813,0.66528,12.849,1,0.390077,2.80083,0,105.073,3.54795,103.936,0.84672,12.849,0.84672,3695.15,0,36.966,0.42336,2.00495,1.87194,10.8345,0.953157,13.3348,0.42336,36.966,0.42336,423.524,0,1.02816,0,0,3.03311,2.00495,1.028160,1,0,118.359,0,0,0,118.359,0
72.29,2.19516,0,0,4.61578,0.233699,2.18692,3.6288,61.308,0.66528,0,0,1.44154,0.153819,0.622441,0.66528,12.849,1,0.390173,2.18692,0,78.4452,3.6468,76.5951,0.84672,12.849,0.84672,3695.15,0,36.966,0.42336,1.48568,1.87206,6.80992,0.959584,8.78472,0.42336,36.966,0.42336,423.524,0,1.02816,0,0,2.51384,1.48568,1.028160,1,0,86.0023,0,0,0,86.0023,0
72.29,2.16049,0,0,3.45367,0.176943,1.11624,3.6288,61.308,0.66528,0,0,1.21442,0.155598,0.393544,0.66528,12.849,1,0.38401,1.11624,0,66.8602,3.90329,63.6891,0.84672,12.849,0.84672,3695.15,0,36.966,0.42336,1.15513,1.87218,5.80922,1.00435,7.40883,0.42336,36.966,0.42336,423.524,0,1.02816,0,0,2.18329,1.15513,1.028160,1,0,71.4915,0,0,0,71.4915,0
72.29,2.16102,0,0,2.76906,0.222444,0.385597,3.6288,61.308,0.66528,0,0,1.14417,0.181006,0.297884,0.66528,12.849,1,0.384105,0.385597,0,52.308,4.23885,48.0707,0.84672,12.849,0.84672,3695.15,0,36.966,0.42336,0.841622,1.86453,5.1048,1.04312,6.34447,0.42336,36.966,0.42336,423.524,0,1.02816,0,0,1.86978,0.841622,1.028160,1,0,54.713,0,0,0,54.713,0
72.1495,2.16155,0,0,2.52215,0.138175,0.36288,3.6288,61.308,0.66528,0,0,0.956491,0.220244,0.0709676,0.66528,12.849,1,0.3842,0.36288,0,47.4697,4.58481,42.8636,0.84672,12.849,0.84672,3695.15,0,36.966,0.42336,0.685187,1.86465,4.71313,1.06377,5.77583,0.42336,36.966,0.42336,423.524,0,1.02816,0,0,1.71335,0.685187,1.028160,1,0,48.7104,0,0,0,48.7104,0
71.96,2.16145,0,0,2.45875,0.123998,0.36288,3.6288,61.308,0.66528,0,0,1.04476,0.226783,0.152694,0.66528,12.849,1,0.384929,0.36288,0,45.9986,4.64247,41.3341,0.84672,12.849,0.84672,3695.15,0,36.966,0.42336,0.839877,1.86476,5.34197,1.06722,6.55604,0.42336,36.966,0.42336,423.524,0,1.02816,0,0,1.86804,0.839877,1.028160,1,0,48.0428,0,0,0,48.0428,0
71.4772,2.28068,0,0,2.27877,0.118001,0.36288,3.6288,61.308,0.66528,0,0,0.96698,0.228966,0.072734,0.66528,12.849,1,0.407233,0.36288,0,41.9059,4.54221,37.3193,0.84672,12.849,0.84672,3695.15,0,36.966,0.42336,0.709223,1.86488,4.60316,1.09175,5.66215,0.42336,36.966,0.42336,423.524,0,1.02816,0,0,1.73738,0.709223,1.028160,1,0,43.0542,0,0,0,43.0542,0
70.9135,2.27891,0,0,2.18797,0.109837,0.36288,3.6288,61.308,0.66528,0,0,1.00128,0.231877,0.104124,0.66528,12.849,1,0.409665,0.36288,0,41.3544,4.40853,36.8991,0.84672,12.849,0.84672,3695.15,0,36.966,0.42336,0.726918,1.8914,4.20193,1.12446,5.27242,0.42336,36.966,0.42336,423.524,0,1.02816,0,0,1.75508,0.726918,1.028160,1,0,42.2756,0,0,0,42.2756,0
70.286,2.27671,0,0,2.12139,0.109365,0.36288,3.6288,61.308,0.66528,0,0,0.91565,0.231877,0.0184931,0.66528,12.849,1,0.412522,0.36288,0,38.0188,4.40853,33.5606,0.84672,12.849,0.84672,3695.15,0,36.966,0.42336,0.532656,1.89153,3.90828,1.12446,4.78464,0.42336,36.966,0.42336,423.524,0,1.02816,0,0,1.56082,0.532656,1.028160,1,0,38.3637,0,0,0,38.3637,0
69.4564,2.27415,0,0,1.88797,0.0804861,0.36288,3.6288,61.2611,0.66528,0,0,0.869115,0.250763,0,0.66528,12.849,1,0.415738,0.36288,0,33.634,4.62273,28.9584,0.84672,12.849,0.84672,3695.15,0,36.966,0.42336,0.467018,1.89165,3.80193,1.17919,4.55804,0.42336,36.966,0.42336,423.524,0,1.02816,0,0,1.49518,0.467018,1.028160,1,0,33.5164,0,0,0,33.5164,0
68.7488,2.27051,0,0,1.98623,0.0604682,0.36288,3.6288,61.2338,0.66528,0,0,0.905083,0.267107,0,0.66528,12.849,1,0.420031,0.36288,0,33.015,4.86996,28.0879,0.84672,12.849,0.84672,3695.15,0,36.966,0.42336,0.439033,1.89177,3.92508,1.23549,4.59704,0.42336,36.966,0.42336,423.524,0,1.02816,0,0,1.46719,0.439033,1.028160,1,0,32.6849,0,0,0,32.6849,0
69.0439,2.24392,0,0,2.97176,0.0698314,0.36288,3.6288,61.308,0.66528,0,0,1.25852,0.280602,0.238405,0.66528,12.849,1,0.419385,0.36288,0,38.3189,5.38944,32.873,0.84672,12.849,0.84672,3695.15,0,36.966,0.42336,0.966298,1.8919,4.84439,1.32696,5.95226,0.42336,36.966,0.42336,423.524,0,1.02816,0,0,1.99446,0.966298,1.028160,1,0,39.0636,0,0,0,39.0636,0
68.9757,2.24599,0,0,2.61068,0.0699921,0.36288,3.6288,61.308,0.66528,0,0,1.09152,0.280734,0.145503,0.66528,12.849,1,0.417976,0.36288,0,55.7,5.38944,50.2555,0.84672,12.849,0.84672,3695.15,0,36.966,0.42336,0.845839,1.88679,5.75054,1.32696,6.73285,0.42336,36.966,0.42336,423.524,0,1.02816,0,0,1.874,0.845839,1.028160,1,0,57.1338,0,0,0,57.1338,0
68.6554,2.24619,0,0,2.35869,0.0699549,0.36288,3.6288,61.308,0.66528,0,0,1.01464,0.280734,0.0686244,0.66528,12.849,1,0.418426,0.36288,0,50.4146,5.38944,44.9696,0.84672,12.849,0.84672,3695.15,0,36.966,0.42336,0.742401,1.88692,5.39921,1.32696,6.2782,0.42336,36.966,0.42336,423.524,0,1.02816,0,0,1.77056,0.742401,1.028160,1,0,51.3164,0,0,0,51.3164,0
68.1864,2.24509,0,0,2.2087,0.0697805,0.36288,3.6288,61.308,0.66528,0,0,0.959973,0.280734,0.013959,0.66528,12.849,1,0.420174,0.36288,0,47.4871,5.38944,42.0403,0.84672,12.849,0.84672,3695.15,0,36.966,0.42336,0.682638,1.88704,5.12662,1.32696,5.94597,0.42336,36.966,0.42336,423.524,0,1.02816,0,0,1.7108,0.682638,1.028160,1,0,48.0003,0,0,0,48.0003,0
67.7053,2.30388,0,0,2.23494,0.04919,0.36288,3.6288,61.308,0.66528,0,0,1.02637,0.328336,0.0327557,0.66528,12.849,1,0.434141,0.36288,0,43.1449,5.91952,37.1541,0.84672,12.849,0.84672,3695.15,0,36.966,0.42336,0.709266,1.88716,4.94236,1.5088,5.60662,0.42336,36.966,0.42336,423.524,0,1.02816,0,0,1.73743,0.709266,1.028160,1,0,42.7935,0,0,0,42.7935,0
67.1009,2.30185,0,0,2.1076,0.047366,0.36288,3.6288,61.2877,0.66528,0,0,0.981469,0.336495,0,0.66528,12.849,1,0.43684,0.36288,0,38.1662,5.97954,32.1127,0.84672,12.849,0.84672,3695.15,0,36.966,0.42336,0.771751,1.90079,3.95034,1.53009,4.66943,0.42336,36.966,0.42336,423.524,0,1.02816,0,0,1.79991,0.771751,1.028160,1,0,36.7821,0,0,0,36.7821,0
66.4599,2.2991,0,0,2.06822,0.047141,0.36288,3.6288,61.2311,0.66528,0,0,0.945104,0.336452,0,0.66528,12.849,1,0.44025,0.36288,0,38.5111,5.97954,32.4542,0.84672,12.849,0.84672,3695.15,0,36.966,0.42336,0.804643,1.90092,4.44687,1.53009,5.19898,0.42336,36.966,0.42336,423.524,0,1.02816,0,0,1.8328,0.804643,1.028160,1,0,37.6531,0,0,0,37.6531,0
65.6801,2.29611,0,0,1.92602,0.0469023,0.36288,3.6288,61.0801,0.66528,0,0,0.850634,0.336332,0,0.66528,12.849,1,0.443916,0.36288,0,37.5993,5.97954,31.5387,0.84672,12.849,0.84672,3695.15,0,36.966,0.42336,0.654316,1.90104,4.22517,1.53009,4.82708,0.42336,36.966,0.42336,423.524,0,1.02816,0,0,1.68248,0.654316,1.028160,1,0,36.3658,0,0,0,36.3658,0
64.4582,2.46899,0,0,1.65171,0.0417597,0.36288,3.6288,60.9174,0.66528,0,0,0.84145,0.338818,0,0.66528,12.849,1,0.48301,0.36288,0,32.0287,5.95832,25.9503,0.84672,12.849,0.84672,3695.15,0,36.966,0.42336,0.588349,1.90117,4.07839,1.53858,4.60597,0.42336,36.966,0.42336,423.524,0,1.02816,0,0,1.61651,0.588349,1.028160,1,0,30.5563,0,0,0,30.5563,0
62.9343,2.46195,0,0,1.34649,0.0454734,0.36288,3.6288,60.8088,0.66528,0,0,0.893039,0.336439,0,0.66528,12.849,1,0.490763,0.36288,0,26.6546,5.64354,20.8832,0.84672,12.849,0.84672,3695.15,0,36.966,0.42336,0.597421,1.9409,4.16802,1.50751,4.77547,0.42336,36.966,0.42336,423.524,0,1.02816,0,0,1.62558,0.597421,1.028160,1,0,25.6586,0,0,0,25.6586,0
61.2811,2.45268,0,0,1.20723,0.0449144,0.36288,3.6288,60.6168,0.66528,0,0,0.809533,0.336207,0,0.66528,12.849,1,0.500752,0.36288,0,23.795,5.64354,18.0136,0.84672,12.849,0.84672,3695.15,0,36.966,0.42336,0.491875,1.94103,4.06445,1.50751,4.56649,0.42336,36.966,0.42336,423.524,0,1.02816,0,0,1.52004,0.491875,1.028160,1,0,22.5801,0,0,0,22.5801,0
59.8767,2.4421,0,0,1.44493,0.044308,0.36288,3.6288,60.4854,0.66528,0,0,0.869651,0.335798,0,0.66528,12.849,1,0.512043,0.36288,0,24.6262,5.64354,18.8335,0.84672,12.849,0.84672,3695.15,0,36.966,0.42336,0.622642,1.94116,4.45822,1.50751,5.09116,0.42336,36.966,0.42336,423.524,0,1.02816,0,0,1.6508,0.622642,1.028160,1,0,23.9246,0,0,0,23.9246,0
59.4849,2.4328,0,0,2.47067,0.066813,0.36288,3.6288,60.6069,0.66528,0,0,1.11699,0.330182,0,0.66528,12.849,1,0.522057,0.36288,0,40.9258,5.49512,35.2715,0.84672,12.849,0.84672,3695.15,0,36.966,0.42336,0.894698,1.9413,4.93491,1.48931,5.85824,0.42336,36.966,0.42336,423.524,0,1.02816,0,0,1.92286,0.894698,1.028160,1,0,41.1297,0,0,0,41.1297,0
58.3849,2.34578,0,0,1.72616,0.117507,0.36288,3.6288,60.7715,0.66528,0,0,1.12806,0.298163,0,0.66528,12.849,1,0.506698,0.36288,0,33.9094,4.63691,29.1287,0.84672,12.849,0.84672,3695.15,0,36.966,0.42336,0.41567,1.94143,5.82712,1.37861,6.38224,0.42336,36.966,0.42336,423.524,0,1.02816,0,0,1.44383,0.41567,1.028160,1,0,35.5109,0,0,0,35.5109,0
57.1801,2.33852,0,0,1.61287,0.116265,0.36288,3.6288,61.308,0.66528,0,0,1.68652,0.298475,0.186289,0.66528,12.849,1,0.514648,0.36288,0,29.0707,4.63691,24.2821,0.84672,12.849,0.84672,3695.15,0,36.966,0.42336,1.37267,1.92224,6.72214,1.37861,8.21508,0.42336,36.966,0.42336,423.524,0,1.02816,0,0,2.40083,1.37267,1.028160,1,0,32.6834,0,0,0,32.6834,0
55.7952,2.33023,0,0,1.42313,0.114904,0.36288,3.6288,61.308,0.66528,0,0,0.978782,0.299491,0.0140117,0.66528,12.849,1,0.523629,0.36288,0,29.7771,4.63691,24.9794,0.84672,12.849,0.84672,3695.15,0,36.966,0.42336,0.479148,1.92237,5.16326,1.37861,5.76281,0.42336,36.966,0.42336,423.524,0,1.02816,0,0,1.50731,0.479148,1.028160,1,0,30.7562,0,0,0,30.7562,0
54.1748,2.32023,0,0,1.17602,0.11334,0.36288,3.6288,61.2055,0.66528,0,0,0.862281,0.299491,0,0.66528,12.849,1,0.534322,0.36288,0,27.4932,4.63691,22.6848,0.84672,12.849,0.84672,3695.15,0,36.966,0.42336,0.312094,1.9225,4.78159,1.37861,5.21421,0.42336,36.966,0.42336,423.524,0,1.02816,0,0,1.34025,0.312094,1.028160,1,0,27.899,0,0,0,27.899,0
52.6152,2.23941,0,0,1.20043,0.157703,0.36288,3.6288,60.7755,0.865006,0,0,0.660077,0.225081,0,0.66528,12.849,1,0.531137,0.36288,0,23.0691,4.35608,18.5448,0.84672,12.849,0.84672,3695.15,0,36.966,0.42336,0.216518,1.92263,4.45125,1.14119,5.02585,0.42336,36.966,0.42336,423.524,0,0.828434,0,0,1.04495,0.216518,1.028160,1,0,23.5707,0,0,0,23.5707,0
51.2433,2.2273,0,0,1.37862,0.160375,0.36288,3.6288,60.7425,0.748068,0,0,0.910436,0.195401,0,0.66528,12.849,1,0.543923,0.36288,0,21.2943,4.50881,16.6045,0.84672,12.849,0.84672,3695.15,0,36.966,0.42336,0.216518,1.90689,5.71915,1.0767,6.3425,0.42336,36.966,0.42336,423.524,0,0.945372,0,0,1.16189,0.216518,1.028160,1,0,22.947,0,0,0,22.947,0
50.1262,2.2162,0,0,1.62015,0.158111,0.36288,3.6288,61.308,0.66528,0,0,1.50285,0.19536,0.0766762,0.66528,12.849,1,0.555701,0.36288,0,23.0525,4.50881,18.3508,0.84672,12.849,0.84672,3695.15,0,36.966,0.42336,1.14248,1.90702,6.9506,1.0767,8.50004,0.42336,36.966,0.42336,423.524,0,1.02816,0,0,2.17064,1.14248,1.028160,1,0,26.9276,0,0,0,26.9276,0
48.5512,2.20688,0,0,1.16847,0.173774,0.36288,3.6288,61.308,0.66528,0,0,0.99603,0.20296,0.12779,0.66528,12.849,1,0.565695,0.36288,0,20.6162,4.62478,15.7886,0.84672,12.849,0.84672,3695.15,0,36.966,0.42336,0.486613,1.90714,7.07181,1.10378,7.93843,0.42336,36.966,0.42336,423.524,0,1.02816,0,0,1.51477,0.486613,1.028160,1,0,23.8548,0,0,0,23.8548,0
48.303,2.00254,0,0,2.32419,0.2069,0.36288,3.6288,61.308,0.66528,0,0,1.50802,0.22559,0.617147,0.66528,12.849,1,0.529969,0.36288,0,53.0526,4.71526,48.1703,0.84672,12.849,0.84672,3695.15,0,36.966,0.42336,1.31226,1.90727,11.6485,1.10978,13.3348,0.42336,36.966,0.42336,423.524,0,1.02816,0,0,2.34042,1.31226,1.028160,1,0,62.1223,0,0,0,62.1223,0
46.9745,2.00088,0,0,1.22412,0.188888,0.36288,3.6288,61.308,0.66528,0,0,1.72416,0.239048,0.819827,0.66528,12.849,1,0.532251,0.36288,0,55.4942,4.21659,51.1082,0.84672,12.849,0.84672,3695.15,0,36.966,0.42336,1.51952,1.86228,10.827,0.955575,12.8298,0.42336,36.966,0.42336,423.524,0,1.02816,0,0,2.54768,1.51952,1.028160,1,0,64.7579,0,0,0,64.7579,0
46.1524,1.98955,0,0,1.71646,0.186158,0.36288,3.6288,61.308,0.66528,0,0,2.13486,0.239048,1.23053,0.66528,12.849,1,0.544205,0.36288,0,60.1393,4.21659,55.7414,0.84672,12.849,0.84672,3695.15,0,36.966,0.42336,2.49323,1.8624,13.3718,0.955575,16.3485,0.42336,36.966,0.42336,423.524,0,1.02816,0,0,3.52139,2.49323,1.028160,1,0,73.3204,0,0,0,73.3204,0
46.3595,1.98246,0,0,2.73262,0.180128,0.36288,3.6288,61.308,0.66528,0,0,2.1332,0.229713,1.23821,0.66528,12.849,1,0.551924,0.36288,0,75.6746,4.08556,71.4,0.84672,12.849,0.84672,3695.15,0,36.966,0.42336,2.54094,1.86252,15.4301,0.941097,18.4691,0.42336,36.966,0.42336,423.524,0,1.02816,0,0,3.5691,2.54094,1.028160,1,0,91.1072,0,0,0,91.1072,0
48.4526,1.98488,0,0,4.59529,0.154438,0.36288,3.6288,61.308,0.66528,0,0,2.03895,0.1737,1.19997,0.66528,12.849,1,0.550128,0.36288,0,76.0752,3.29942,72.5885,0.84672,12.849,0.84672,3695.15,0,36.966,0.42336,2.32671,1.86263,15.9508,0.85423,18.8626,0.42336,36.966,0.42336,423.524,0,1.02816,0,0,3.35487,2.32671,1.028160,1,0,92.6511,0,0,0,92.6511,0
51.1431,2.07741,0,0,5.35045,0.219708,0.36288,3.6288,61.308,0.66528,0,0,2.38693,0.204968,1.51668,0.66528,12.849,1,0.550901,0.36288,0,109.613,3.80728,105.618,0.84672,12.849,0.84672,3695.15,0,36.966,0.42336,2.73608,1.86275,13.1757,0.922093,16.429,0.42336,36.966,0.42336,423.524,0,1.02816,0,0,3.76424,2.73608,1.028160,1,0,123.563,0,0,0,123.563,0
53.4264,2.10106,0,0,5.01618,0.26889,0.36288,3.6288,61.308,0.66528,0,0,1.94747,0.247511,1.03468,0.66528,12.849,1,0.527863,0.36288,0,101.875,4.69192,97.0182,0.84672,12.849,0.84672,3695.15,0,36.966,0.42336,2.25844,1.88023,11.1264,1.18296,13.6588,0.42336,36.966,0.42336,423.524,0,1.02816,0,0,3.2866,2.25844,1.028160,1,0,111.712,0,0,0,111.712,0
56.0426,2.11974,0,0,5.37414,0.275305,0.36288,3.6288,61.308,0.66528,0,0,2.23261,0.247511,1.31982,0.66528,12.849,1,0.509795,0.36288,0,107.902,4.69192,103.063,0.84672,12.849,0.84672,3695.15,0,36.966,0.42336,2.66827,1.88035,12.0632,1.18296,15.0055,0.42336,36.966,0.42336,423.524,0,1.02816,0,0,3.69643,2.66827,1.028160,1,0,119.388,0,0,0,119.388,0
58.1775,2.1396,0,0,4.91996,0.282655,0.36288,3.6288,61.308,0.66528,0,0,2.1956,0.247511,1.28281,0.66528,12.849,1,0.49055,0.36288,0,99.0749,4.69192,94.2553,0.84672,12.849,0.84672,3695.15,0,36.966,0.42336,2.63546,1.88046,12.5093,1.18296,15.4189,0.42336,36.966,0.42336,423.524,0,1.02816,0,0,3.66362,2.63546,1.028160,1,0,110.957,0,0,0,110.957,0
60.3223,2.39885,0,0,5.19731,0.29078,0.36288,3.6288,61.308,0.66528,0,0,1.77934,0.215084,0.898975,0.66528,12.849,1,0.529807,0.36288,0,99.8594,4.0008,95.6917,0.84672,12.849,0.84672,3695.15,0,36.966,0.42336,1.87153,1.88058,11.7335,1.03565,14.0266,0.42336,36.966,0.42336,423.524,0,1.02816,0,0,2.89969,1.87153,1.028160,1,0,110.617,0,0,0,110.617,0
60.9966,2.41494,0,0,3.7719,0.319729,0.36288,3.6288,61.308,0.66528,0,0,1.3102,0.158393,0.486523,0.66528,12.849,1,0.514395,0.36288,0,106.208,3.0094,103.047,0.84672,12.849,0.84672,3695.15,0,36.966,0.42336,0.781125,1.93652,9.71603,0.751228,11.2591,0.42336,36.966,0.42336,423.524,0,1.02816,0,0,1.80929,0.781125,1.028160,1,0,114.793,0,0,0,114.793,0
65.2145,2.42019,0,0,7.31293,0.312029,0.36288,3.6288,61.308,0.66528,0,0,2.49489,0.180524,1.64908,0.66528,12.849,1,0.509815,0.36288,0,162.111,3.53357,158.43,0.84672,12.849,0.84672,3695.15,0,36.966,0.42336,2.69499,1.93665,12.9747,0.915211,16.2678,0.42336,36.966,0.42336,423.524,0,1.02816,0,0,3.72315,2.69499,1.028160,1,0,176.347,0,0,0,176.347,0
70.6523,2.4483,0,0,8.56457,0.315578,0.36288,3.6288,61.308,0.66528,0,0,3.4608,0.197122,2.59839,0.66528,12.849,1,0.482381,0.36288,0,180.039,3.92669,175.992,0.84672,12.849,0.84672,3695.15,0,36.966,0.42336,5.1526,1.93677,16.1855,1.0382,21.8133,0.42336,36.966,0.42336,423.524,0,1.02816,0,0,6.18076,5.1526,1.028160,1,0,200.404,0,0,0,200.404,0
72.29,2.12048,0,0,8.78982,0.324841,4.70676,3.6288,61.308,0.66528,0,0,2.79396,0.169698,1.95898,0.66528,12.849,1,0.385637,4.70676,0,148.084,3.37755,149.028,0.84672,12.849,0.84672,3695.15,0,36.966,0.42336,4.33699,1.9369,15.8212,0.913791,20.758,0.42336,36.966,0.42336,423.524,0,1.02816,0,0,5.36515,4.33699,1.028160,1,0,171.745,0,0,0,171.745,0
72.29,2.1284,0,0,7.51481,0.322857,5.06355,3.6288,61.308,0.66528,0,0,2.70143,0.133134,1.90301,0.66528,12.849,1,0.378307,5.06355,0,137.504,2.64537,139.544,0.84672,12.849,0.84672,3695.15,0,36.966,0.42336,4.71272,1.85734,16.9846,0.747913,22.3834,0.42336,36.966,0.42336,423.524,0,1.02816,0,0,5.74088,4.71272,1.028160,1,0,163.83,0,0,0,163.83,0
72.29,2.1289,0,0,10.4281,0.322857,7.97637,3.6288,61.308,0.66528,0,0,3.13184,0.133134,2.33343,0.66528,12.849,1,0.378396,7.97637,0,174.48,2.64537,179.432,0.84672,12.849,0.84672,3695.15,0,36.966,0.42336,5.38296,1.85745,23.1481,0.747913,29.2173,0.42336,36.966,0.42336,423.524,0,1.02816,0,0,6.41112,5.38296,1.028160,1,0,210.983,0,0,0,210.983,0
72.29,2.1294,0,0,9.01835,0.321698,6.56724,3.6288,61.308,0.66528,0,0,2.79019,0.124176,2.00074,0.66528,12.849,1,0.378485,6.56724,0,169.733,2.55121,173.37,0.84672,12.849,0.84672,3695.15,0,36.966,0.42336,5.05875,1.85756,19.9187,0.739972,25.6716,0.42336,36.966,0.42336,423.524,0,1.02816,0,0,6.08691,5.05875,1.028160,1,0,201.043,0,0,0,201.043,0
72.29,2.1299,0,0,16.3687,0.318388,13.9204,3.6288,61.308,0.66528,0,0,4.60623,0.149275,3.79167,0.66528,12.849,1,0.378574,13.9204,0,321.683,3.30098,331.924,0.84672,12.849,0.84672,3695.15,0,36.966,0.42336,6.91572,1.85767,35.7357,0.918852,43.1669,0.42336,36.966,0.42336,423.524,0,1.02816,0,0,7.94388,6.91572,1.028160,1,0,378.882,0,0,0,378.882,0
72.29,2.22138,0,0,6.82476,0.307892,4.29549,3.6288,61.308,0.66528,0,0,3.09135,0.124784,2.30129,0.66528,12.849,1,0.394833,4.29549,0,146.83,3.81213,146.918,0.84672,12.849,0.84672,3695.15,0,36.966,0.42336,4.38799,1.85778,20.4415,0.987799,25.2761,0.42336,36.966,0.42336,423.524,0,1.02816,0,0,5.41615,4.38799,1.028160,1,0,174.496,0,0,0,174.496,0
72.29,2.2219,0,0,5.13112,0.307892,2.60133,3.6288,61.308,0.66528,0,0,1.90339,0.124784,1.11333,0.66528,12.849,1,0.394925,2.60133,0,91.3827,3.81213,89.777,0.84672,12.849,0.84672,3695.15,0,36.966,0.42336,2.89568,1.87797,16.6264,0.987799,19.9889,0.42336,36.966,0.42336,423.524,0,1.02816,0,0,3.92384,2.89568,1.028160,1,0,110.879,0,0,0,110.879,0
72.29,2.22242,0,0,4.84069,0.307892,2.31038,3.6288,61.308,0.66528,0,0,2.065,0.124784,1.27494,0.66528,12.849,1,0.395017,2.31038,0,105.457,3.81213,103.56,0.84672,12.849,0.84672,3695.15,0,36.966,0.42336,2.9199,1.87808,16.7235,0.987799,20.1103,0.42336,36.966,0.42336,423.524,0,1.02816,0,0,3.94806,2.9199,1.028160,1,0,124.946,0,0,0,124.946,0
72.29,2.22293,0,0,4.32273,0.254324,1.84547,3.6288,61.308,0.66528,0,0,1.94544,0.15333,1.12683,0.66528,12.849,1,0.39511,1.84547,0,97.3469,4.16115,94.6361,0.84672,12.849,0.84672,3695.15,0,36.966,0.42336,2.84868,1.8782,17.255,1.0565,20.502,0.42336,36.966,0.42336,423.524,0,1.02816,0,0,3.87684,2.84868,1.028160,1,0,116.265,0,0,0,116.265,0
72.29,2.18785,0,0,4.53345,0.22839,2.11721,3.6288,61.308,0.66528,0,0,1.8315,0.173799,0.99242,0.66528,12.849,1,0.388874,2.11721,0,88.5323,4.14059,86.1201,0.84672,12.849,0.84672,3695.15,0,36.966,0.42336,2.83752,1.87831,14.4755,0.98538,17.7825,0.42336,36.966,0.42336,423.524,0,1.02816,0,0,3.86568,2.83752,1.028160,1,0,104.895,0,0,0,104.895,0
72.29,2.18837,0,0,4.30958,0.208788,1.91243,3.6288,61.308,0.66528,0,0,1.72533,0.193897,0.866153,0.66528,12.849,1,0.388965,1.91243,0,84.2884,4.28746,81.5244,0.84672,12.849,0.84672,3695.15,0,36.966,0.42336,2.72073,1.87057,12.4288,1.00225,15.5945,0.42336,36.966,0.42336,423.524,0,1.02816,0,0,3.74889,2.72073,1.028160,1,0,97.985,0,0,0,97.985,0
72.29,2.18888,0,0,3.98505,0.208788,1.58739,3.6288,61.308,0.66528,0,0,1.60201,0.193897,0.742834,0.66528,12.849,1,0.389056,1.58739,0,85.0331,4.28746,81.944,0.84672,12.849,0.84672,3695.15,0,36.966,0.42336,2.5337,1.87068,12.5664,1.00225,15.5451,0.42336,36.966,0.42336,423.524,0,1.02816,0,0,3.56186,2.5337,1.028160,1,0,98.232,0,0,0,98.232,0
72.29,2.18939,0,0,3.65949,0.208788,1.26131,3.6288,61.308,0.66528,0,0,1.45517,0.193897,0.595989,0.66528,12.849,1,0.389147,1.26131,0,75.1153,4.28746,71.7,0.84672,12.849,0.84672,3695.15,0,36.966,0.42336,2.35043,1.87079,11.2971,1.00225,14.0927,0.42336,36.966,0.42336,423.524,0,1.02816,0,0,3.37859,2.35043,1.028160,1,0,86.3887,0,0,0,86.3887,0
72.29,2.31084,0,0,3.39943,0.187818,0.900772,3.6288,61.308,0.66528,0,0,1.31439,0.200594,0.448512,0.66528,12.849,1,0.410734,0.900772,0,68.2249,4.4188,64.2961,0.84672,12.849,0.84672,3695.15,0,36.966,0.42336,1.74495,1.87091,10.3198,1.03687,12.4754,0.42336,36.966,0.42336,423.524,0,1.02816,0,0,2.77311,1.74495,1.028160,1,0,77.2201,0,0,0,77.2201,0
72.29,2.31137,0,0,3.39611,0.152575,0.93216,3.6288,61.308,0.66528,0,0,1.42388,0.212301,0.5463,0.66528,12.849,1,0.410829,0.93216,0,59.709,4.68604,55.5443,0.84672,12.849,0.84672,3695.15,0,36.966,0.42336,1.7711,1.89771,10.4535,1.15354,12.5454,0.42336,36.966,0.42336,423.524,0,1.02816,0,0,2.79926,1.7711,1.028160,1,0,68.636,0,0,0,68.636,0
72.29,2.31191,0,0,3.25186,0.152575,0.787379,3.6288,61.308,0.66528,0,0,1.44755,0.212301,0.569965,0.66528,12.849,1,0.410924,0.787379,0,56.9682,4.68604,52.6586,0.84672,12.849,0.84672,3695.15,0,36.966,0.42336,2.11027,1.89783,9.95285,1.15354,12.3841,0.42336,36.966,0.42336,423.524,0,1.02816,0,0,3.13843,2.11027,1.028160,1,0,65.6126,0,0,0,65.6126,0
72.29,2.31244,0,0,2.99542,0.182078,0.500896,3.6288,61.308,0.66528,0,0,1.35651,0.2044,0.486835,0.66528,12.849,1,0.41102,0.500896,0,53.2545,4.17836,49.1661,0.84672,12.849,0.84672,3695.15,0,36.966,0.42336,1.95535,1.89795,9.11373,1.17312,11.3706,0.42336,36.966,0.42336,423.524,0,1.02816,0,0,2.98351,1.95535,1.028160,1,0,61.0234,0,0,0,61.0234,0
72.29,2.31298,0,0,2.83034,0.120337,0.397025,3.6288,61.308,0.66528,0,0,1.36456,0.227988,0.47129,0.66528,12.849,1,0.411115,0.397025,0,49.9052,4.28607,45.605,0.84672,12.849,0.84672,3695.15,0,36.966,0.42336,1.9756,1.89807,9.03727,1.23351,11.2541,0.42336,36.966,0.42336,423.524,0,1.02816,0,0,3.00376,1.9756,1.028160,1,0,57.3303,0,0,0,57.3303,0
72.29,2.28958,0,0,3.32579,0.108419,0.92779,3.6288,61.308,0.66528,0,0,1.07178,0.240762,0.165741,0.66528,12.849,1,0.406955,0.92779,0,55.8206,4.67439,51.6671,0.84672,12.849,0.84672,3695.15,0,36.966,0.42336,1.22082,1.89818,7.32897,1.30379,8.72083,0.42336,36.966,0.42336,423.524,0,1.02816,0,0,2.24898,1.22082,1.028160,1,0,60.5536,0,0,0,60.5536,0
72.29,2.29011,0,0,3.12868,0.108419,0.730154,3.6288,61.308,0.66528,0,0,1.01104,0.240762,0.104993,0.66528,12.849,1,0.40705,0.730154,0,55.4073,4.67439,51.056,0.84672,12.849,0.84672,3695.15,0,36.966,0.42336,1.07175,1.89302,7.65997,1.30379,8.89759,0.42336,36.966,0.42336,423.524,0,1.02816,0,0,2.09991,1.07175,1.028160,1,0,60.0586,0,0,0,60.0586,0
72.29,2.29064,0,0,2.84888,0.108419,0.449816,3.6288,61.308,0.66528,0,0,1.00081,0.240762,0.0947634,0.66528,12.849,1,0.407144,0.449816,0,54.9787,4.67439,50.3469,0.84672,12.849,0.84672,3695.15,0,36.966,0.42336,1.07474,1.89314,7.37243,1.30379,8.61315,0.42336,36.966,0.42336,423.524,0,1.02816,0,0,2.1029,1.07474,1.028160,1,0,59.0549,0,0,0,59.0549,0
72.1051,2.29117,0,0,2.57759,0.108419,0.36288,3.6288,61.308,0.66528,0,0,0.9288,0.240762,0.0227577,0.66528,12.849,1,0.407239,0.36288,0,49.3714,4.67439,44.6526,0.84672,12.849,0.84672,3695.15,0,36.966,0.42336,0.813888,1.89325,7.07063,1.30379,8.05063,0.42336,36.966,0.42336,423.524,0,1.02816,0,0,1.84205,0.813888,1.028160,1,0,52.726,0,0,0,52.726,0
72.1512,2.35267,0,0,2.8429,0.0812585,0.36288,3.6288,61.1969,0.66528,0,0,0.854107,0.299889,0,0.66528,12.849,1,0.419241,0.36288,0,48.8836,5.42013,43.4071,0.84672,12.849,0.84672,3695.15,0,36.966,0.42336,0.899268,1.89337,6.61366,1.52675,7.45619,0.42336,36.966,0.42336,423.524,0,1.02816,0,0,1.92743,0.899268,1.028160,1,0,50.8633,0,0,0,50.8633,0
72.29,2.35344,0,0,2.9681,0.0776689,0.398197,3.6288,61.0172,0.66528,0,0,0.791191,0.305628,0,0.66528,12.849,1,0.419111,0.398197,0,48.3831,5.48541,42.8768,0.84672,12.849,0.84672,3695.15,0,36.966,0.42336,0.952646,1.90715,6.71,1.51365,7.63278,0.42336,36.966,0.42336,423.524,0,1.02816,0,0,1.98081,0.952646,1.028160,1,0,50.5096,0,0,0,50.5096,0
72.119,2.35467,0,0,2.62435,0.0777507,0.36288,3.6288,60.7915,0.66528,0,0,0.744794,0.305281,0,0.66528,12.849,1,0.418524,0.36288,0,45.7044,5.48541,40.1633,0.84672,12.849,0.84672,3695.15,0,36.966,0.42336,0.747438,1.90727,6.29478,1.51365,7.01247,0.42336,36.966,0.42336,423.524,0,1.02816,0,0,1.7756,0.747438,1.028160,1,0,47.1758,0,0,0,47.1758,0
71.7054,2.35437,0,0,2.3715,0.0678599,0.36288,3.6288,60.5536,0.66528,0,0,0.737441,0.310007,0,0.66528,12.849,1,0.419463,0.36288,0,43.3248,5.63496,37.6332,0.84672,12.849,0.84672,3695.15,0,36.966,0.42336,0.694457,1.90739,6.28087,1.54353,6.91582,0.42336,36.966,0.42336,423.524,0,1.02816,0,0,1.72262,0.694457,1.028160,1,0,44.549,0,0,0,44.549,0
70.7942,2.53398,0,0,2.05268,0.0671033,0.36288,3.6288,60.3018,0.66528,0,0,0.718727,0.305226,0,0.66528,12.849,1,0.454067,0.36288,0,40.4168,5.73517,34.5904,0.84672,12.849,0.84672,3695.15,0,36.966,0.42336,0.65575,1.90751,6.07966,1.46427,6.75529,0.42336,36.966,0.42336,423.524,0,1.02816,0,0,1.68391,0.65575,1.028160,1,0,41.3457,0,0,0,41.3457,0
70.3189,2.52961,0,0,2.48574,0.0685351,0.36288,3.6288,59.9818,0.66528,0,0,0.661452,0.316244,0,0.66528,12.849,1,0.459119,0.36288,0,40.3394,6.09819,34.145,0.84672,12.849,0.84672,3695.15,0,36.966,0.42336,0.576677,1.94765,5.55505,1.58043,6.07559,0.42336,36.966,0.42336,423.524,0,1.02816,0,0,1.60484,0.576677,1.028160,1,0,40.2205,0,0,0,40.2205,0
70.0071,2.52757,0,0,2.64697,0.0682851,0.36288,3.6288,59.8145,0.66528,0,0,0.81362,0.3156,0,0.66528,12.849,1,0.461849,0.36288,0,51.3332,6.09819,45.136,0.84672,12.849,0.84672,3695.15,0,36.966,0.42336,0.949838,1.94778,6.20482,1.58043,7.09864,0.42336,36.966,0.42336,423.524,0,1.02816,0,0,1.978,0.949838,1.028160,1,0,52.2347,0,0,0,52.2347,0
69.2274,2.52641,0,0,2.17765,0.0681211,0.36288,3.6288,59.4265,0.66528,0,0,0.592552,0.315264,0,0.66528,12.849,1,0.463693,0.36288,0,47.0293,6.09819,40.8303,0.84672,12.849,0.84672,3695.15,0,36.966,0.42336,0.323689,1.94791,5.08199,1.58043,5.34979,0.42336,36.966,0.42336,423.524,0,1.02816,0,0,1.35185,0.323689,1.028160,1,0,46.1801,0,0,0,46.1801,0
68.9879,2.52258,0,0,2.71373,0.067711,0.36288,3.6288,59.4732,0.66528,0,0,1.02648,0.314483,0,0.66528,12.849,1,0.468205,0.36288,0,45.8423,6.09819,39.6388,0.84672,12.849,0.84672,3695.15,0,36.966,0.42336,1.64332,1.94803,7.92625,1.58043,9.51381,0.42336,36.966,0.42336,423.524,0,1.02816,0,0,2.67148,1.64332,1.028160,1,0,49.1526,0,0,0,49.1526,0
69.0737,2.43395,0,0,2.98477,0.102111,0.36288,3.6288,59.3661,0.66528,0,0,0.812791,0.254643,0,0.66528,12.849,1,0.453324,0.36288,0,24.7843,4.19583,20.498,0.84672,12.849,0.84672,3695.15,0,36.966,0.42336,1.11034,1.94816,5.93486,1.16706,7.40295,0.42336,36.966,0.42336,423.524,0,1.02816,0,0,2.1385,1.11034,1.028160,1,0,27.9009,0,0,0,27.9009,0
69.5424,2.43499,0,0,3.38358,0.117021,0.36288,3.6288,59.3888,0.66528,0,0,0.943868,0.25591,0,0.66528,12.849,1,0.452953,0.36288,0,24.3252,4.15139,20.0838,0.84672,12.849,0.84672,3695.15,0,36.966,0.42336,1.16183,1.92877,6.37838,1.21472,7.83089,0.42336,36.966,0.42336,423.524,0,1.02816,0,0,2.18999,1.16183,1.028160,1,0,27.9147,0,0,0,27.9147,0
70.0684,2.43813,0,0,3.44447,0.117447,0.36288,3.6288,59.4326,0.66528,0,0,0.965045,0.255947,0,0.66528,12.849,1,0.45048,0.36288,0,34.5834,4.15139,30.3444,0.84672,12.849,0.84672,3695.15,0,36.966,0.42336,1.31071,1.92889,6.87018,1.21472,8.4717,0.42336,36.966,0.42336,423.524,0,1.02816,0,0,2.33887,1.31071,1.028160,1,0,38.8161,0,0,0,38.8161,0
70.9493,2.44155,0,0,3.80322,0.117926,0.36288,3.6288,59.91,0.66528,0,0,1.39868,0.256019,0,0.66528,12.849,1,0.447726,0.36288,0,82.0938,4.15139,77.8576,0.84672,12.849,0.84672,3695.15,0,36.966,0.42336,1.84546,1.92901,9.65701,1.21472,11.7934,0.42336,36.966,0.42336,423.524,0,1.02816,0,0,2.87362,1.84546,1.028160,1,0,89.651,0,0,0,89.651,0
70.8573,2.37435,0,0,2.84226,0.197045,0.36288,3.6288,59.9153,0.66528,0,0,0.936662,0.266075,0,0.66528,12.849,1,0.429997,0.36288,0,70.6196,4.9755,65.577,0.84672,12.849,0.84672,3695.15,0,36.966,0.42336,0.822493,1.92914,6.7319,1.25242,7.80775,0.42336,36.966,0.42336,423.524,0,1.02816,0,0,1.85065,0.822493,1.028160,1,0,73.3848,0,0,0,73.3848,0
69.5545,2.37442,0,0,1.65957,0.225006,0.36288,3.6288,59.7566,0.66528,0,0,0.768709,0.262102,0,0.66528,12.849,1,0.430569,0.36288,0,31.1667,5.32413,25.7749,0.84672,12.849,0.84672,3695.15,0,36.966,0.42336,0.696064,1.91322,3.73541,1.15859,4.76275,0.42336,36.966,0.42336,423.524,0,1.02816,0,0,1.72422,0.696064,1.028160,1,0,30.5377,0,0,0,30.5377,0
71.9613,2.36816,0,0,5.33468,0.196869,0.36288,3.6288,59.9644,0.66528,0,0,1.12511,0.252007,0,0.66528,12.849,1,0.437477,0.36288,0,58.4925,5.08413,53.3337,0.84672,12.849,0.84672,3695.15,0,36.966,0.42336,1.36592,1.91335,7.96042,1.21225,9.60408,0.42336,36.966,0.42336,423.524,0,1.02816,0,0,2.39408,1.36592,1.028160,1,0,62.9378,0,0,0,62.9378,0
72.29,2.38113,0,0,7.05941,0.233994,4.1156,3.6288,60.7051,0.66528,0,0,1.60821,0.202208,0,0.66528,12.849,1,0.425161,4.1156,0,91.8184,4.00649,91.5024,0.84672,12.849,0.84672,3695.15,0,36.966,0.42336,2.21713,1.91347,13.9692,0.982473,16.6939,0.42336,36.966,0.42336,423.524,0,1.02816,0,0,3.24529,2.21713,1.028160,1,0,108.196,0,0,0,108.196,0
72.29,2.17676,0,0,3.94909,0.227489,1.54485,3.6288,60.8652,0.66528,0,0,1.03207,0.20675,0,0.66528,12.849,1,0.386902,1.54485,0,59.1894,3.95966,56.3876,0.84672,12.849,0.84672,3695.15,0,36.966,0.42336,1.01077,1.91359,6.67429,0.98486,8.19042,0.42336,36.966,0.42336,423.524,0,1.02816,0,0,2.03893,1.01077,1.028160,1,0,64.5781,0,0,0,64.5781,0
72.29,2.17726,0,0,5.16806,0.297998,2.6928,3.6288,61.1494,0.66528,0,0,1.15267,0.203219,0,0.66528,12.849,1,0.386992,2.6928,0,68.1577,3.64791,66.8156,0.84672,12.849,0.84672,3695.15,0,36.966,0.42336,1.22076,1.86812,9.45009,0.964133,11.1515,0.42336,36.966,0.42336,423.524,0,1.02816,0,0,2.24892,1.22076,1.028160,1,0,77.967,0,0,0,77.967,0
72.29,2.17777,0,0,5.48895,0.297998,3.01318,3.6288,61.308,0.66528,0,0,1.12116,0.203586,0.0936551,0.66528,12.849,1,0.387083,3.01318,0,68.4698,3.64791,67.4479,0.84672,12.849,0.84672,3695.15,0,36.966,0.42336,1.0104,1.86823,8.3884,0.964133,9.87955,0.42336,36.966,0.42336,423.524,0,1.02816,0,0,2.03856,1.0104,1.028160,1,0,77.4211,0,0,0,77.4211,0
72.29,2.17828,0,0,4.57205,0.297998,2.09577,3.6288,61.308,0.66528,0,0,1.09322,0.20379,0.224149,0.66528,12.849,1,0.387173,2.09577,0,68.1971,3.64791,66.2578,0.84672,12.849,0.84672,3695.15,0,36.966,0.42336,0.905291,1.86834,8.37907,0.964133,9.76521,0.42336,36.966,0.42336,423.524,0,1.02816,0,0,1.93345,0.905291,1.028160,1,0,76.2471,0,0,0,76.2471,0
72.29,2.17879,0,0,7.57802,0.29612,5.10311,3.6288,61.308,0.66528,0,0,1.09001,0.225336,0.199397,0.66528,12.849,1,0.387264,5.10311,0,63.5453,4.30941,63.9517,0.84672,12.849,0.84672,3695.15,0,36.966,0.42336,1.26471,1.86846,8.76105,1.16949,10.3014,0.42336,36.966,0.42336,423.524,0,1.02816,0,0,2.29287,1.26471,1.028160,1,0,74.4525,0,0,0,74.4525,0
72.29,2.25882,0,0,4.81224,0.254201,2.29922,3.6288,61.308,0.66528,0,0,0.999354,0.185909,0.148166,0.66528,12.849,1,0.401488,2.29922,0,74.9736,3.73311,73.1382,0.84672,12.849,0.84672,3695.15,0,36.966,0.42336,2.03775,1.86857,7.24291,0.870664,9.85521,0.42336,36.966,0.42336,423.524,0,1.02816,0,0,3.06591,2.03775,1.028160,1,0,83.1416,0,0,0,83.1416,0
72.29,2.25932,0,0,5.87771,0.237997,3.38039,3.6288,61.308,0.66528,0,0,1.53356,0.163674,0.704603,0.66528,12.849,1,0.401576,3.38039,0,92.2985,3.30414,91.9732,0.84672,12.849,0.84672,3695.15,0,36.966,0.42336,4.13637,1.88623,8.61045,0.689524,13.5202,0.42336,36.966,0.42336,423.524,0,1.02816,0,0,5.16453,4.13637,1.028160,1,0,106.198,0,0,0,106.198,0
72.29,2.25981,0,0,4.74531,0.237997,2.2475,3.6288,61.308,0.66528,0,0,1.12303,0.163674,0.294074,0.66528,12.849,1,0.401665,2.2475,0,95.586,3.30414,94.1277,0.84672,12.849,0.84672,3695.15,0,36.966,0.42336,2.63514,1.88634,7.11824,0.689524,10.5268,0.42336,36.966,0.42336,423.524,0,1.02816,0,0,3.6633,2.63514,1.028160,1,0,104.949,0,0,0,104.949,0
72.29,2.26031,0,0,3.27069,0.254093,0.756283,3.6288,61.308,0.66528,0,0,1.05182,0.16585,0.220695,0.66528,12.849,1,0.401753,0.756283,0,74.05,3.21645,71.1881,0.84672,12.849,0.84672,3695.15,0,36.966,0.42336,2.41924,1.88645,6.39662,0.733261,9.5457,0.42336,36.966,0.42336,423.524,0,1.02816,0,0,3.4474,2.41924,1.028160,1,0,80.9545,0,0,0,80.9545,0
72.29,2.51639,0,0,3.64461,0.298805,0.829419,3.6288,61.308,0.66528,0,0,1.34486,0.157695,0.521884,0.66528,12.849,1,0.447269,0.829419,0,93.3751,2.92963,90.8276,0.84672,12.849,0.84672,3695.15,0,36.966,0.42336,3.02754,1.88656,7.61149,0.848439,11.2538,0.42336,36.966,0.42336,423.524,0,1.02816,0,0,4.0557,3.02754,1.028160,1,0,102.603,0,0,0,102.603,0
72.29,2.51693,0,0,4.3403,0.309984,1.51339,3.6288,61.308,0.66528,0,0,1.63523,0.123707,0.846245,0.66528,12.849,1,0.447366,1.51339,0,87.6813,2.76066,85.9867,0.84672,12.849,0.84672,3695.15,0,36.966,0.42336,3.30065,1.94308,8.37458,0.863033,12.3319,0.42336,36.966,0.42336,423.524,0,1.02816,0,0,4.32881,3.30065,1.028160,1,0,99.1648,0,0,0,99.1648,0
72.29,2.51748,0,0,4.7708,0.309984,1.94333,3.6288,61.308,0.66528,0,0,1.54201,0.123707,0.75302,0.66528,12.849,1,0.447463,1.94333,0,97.4834,2.76066,96.2186,0.84672,12.849,0.84672,3695.15,0,36.966,0.42336,3.29124,1.9432,8.67015,0.863033,12.6182,0.42336,36.966,0.42336,423.524,0,1.02816,0,0,4.3194,3.29124,1.028160,1,0,109.59,0,0,0,109.59,0
72.29,2.51803,0,0,3.65539,0.309984,0.827372,3.6288,61.308,0.66528,0,0,1.34273,0.123707,0.553747,0.66528,12.849,1,0.447561,0.827372,0,83.8089,2.76066,81.428,0.84672,12.849,0.84672,3695.15,0,36.966,0.42336,2.41445,1.94332,8.01896,0.863033,11.0903,0.42336,36.966,0.42336,423.524,0,1.02816,0,0,3.44261,2.41445,1.028160,1,0,93.0721,0,0,0,93.0721,0
72.29,2.15377,0,0,7.41601,0.293107,4.96913,3.6288,61.308,0.66528,0,0,2.69743,0.154876,1.87727,0.66528,12.849,1,0.382816,4.96913,0,113.712,3.48486,114.813,0.84672,12.849,0.84672,3695.15,0,36.966,0.42336,5.95139,1.94344,11.6361,1.07096,18.0366,0.42336,36.966,0.42336,423.524,0,1.02816,0,0,6.97955,5.95139,1.028160,1,0,134.727,0,0,0,134.727,0
72.29,2.15424,0,0,6.13916,0.287277,3.69764,3.6288,61.308,0.66528,0,0,1.74416,0.15534,0.923537,0.66528,12.849,1,0.382901,3.69764,0,87.5431,3.4608,87.397,0.84672,12.849,0.84672,3695.15,0,36.966,0.42336,2.59962,1.86304,9.33281,1.01684,12.3553,0.42336,36.966,0.42336,423.524,0,1.02816,0,0,3.62778,2.59962,1.028160,1,0,100.676,0,0,0,100.676,0
72.29,2.15472,0,0,4.84716,0.287277,2.40516,3.6288,61.308,0.66528,0,0,0.969615,0.15534,0.148996,0.66528,12.849,1,0.382986,2.40516,0,72.8412,3.4608,71.4026,0.84672,12.849,0.84672,3695.15,0,36.966,0.42336,1.36522,1.86315,5.65567,1.01684,7.44384,0.42336,36.966,0.42336,423.524,0,1.02816,0,0,2.39338,1.36522,1.028160,1,0,78.9955,0,0,0,78.9955,0
72.29,2.1552,0,0,4.24427,0.287277,1.80179,3.6288,61.308,0.66528,0,0,1.07982,0.15534,0.259199,0.66528,12.849,1,0.383071,1.80179,0,66.9911,3.4608,64.949,0.84672,12.849,0.84672,3695.15,0,36.966,0.42336,1.26439,1.86326,5.01199,1.01684,6.69943,0.42336,36.966,0.42336,423.524,0,1.02816,0,0,2.29255,1.26439,1.028160,1,0,71.9077,0,0,0,71.9077,0
72.29,2.15568,0,0,7.71742,0.285911,5.27583,3.6288,61.308,0.66528,0,0,1.62346,0.143886,0.814299,0.66528,12.849,1,0.383156,5.27583,0,142.928,3.28149,144.539,0.84672,12.849,0.84672,3695.15,0,36.966,0.42336,3.18424,1.86336,9.41345,0.986133,13.0516,0.42336,36.966,0.42336,423.524,0,1.02816,0,0,4.2124,3.18424,1.028160,1,0,158.405,0,0,0,158.405,0
72.29,2.24807,0,0,8.60233,0.261143,6.09311,3.6288,61.308,0.66528,0,0,3.24696,0.167462,2.41422,0.66528,12.849,1,0.399578,6.09311,0,193.755,3.87874,195.569,0.84672,12.849,0.84672,3695.15,0,36.966,0.42336,5.52473,1.86347,17.8525,1.219,23.5983,0.42336,36.966,0.42336,423.524,0,1.02816,0,0,6.55289,5.52473,1.028160,1,0,221.582,0,0,0,221.582,0
72.29,2.24857,0,0,6.39887,0.257584,3.89272,3.6288,61.308,0.66528,0,0,1.70923,0.176164,0.867782,0.66528,12.849,1,0.399666,3.89272,0,128.88,4.053,128.32,0.84672,12.849,0.84672,3695.15,0,36.966,0.42336,2.94027,1.88386,8.16636,1.27061,11.2965,0.42336,36.966,0.42336,423.524,0,1.02816,0,0,3.96843,2.94027,1.028160,1,0,140.485,0,0,0,140.485,0
72.29,2.24907,0,0,5.93981,0.240891,3.44985,3.6288,61.308,0.66528,0,0,1.48761,0.187122,0.635207,0.66528,12.849,1,0.399755,3.44985,0,123.422,4.26894,122.204,0.84672,12.849,0.84672,3695.15,0,36.966,0.42336,2.4527,1.88397,7.236,1.31044,9.83886,0.42336,36.966,0.42336,423.524,0,1.02816,0,0,3.48086,2.4527,1.028160,1,0,132.678,0,0,0,132.678,0
72.29,2.24956,0,0,5.2562,0.199157,2.80748,3.6288,61.308,0.66528,0,0,1.30737,0.214518,0.427572,0.66528,12.849,1,0.399843,2.80748,0,115.705,4.80879,113.304,0.84672,12.849,0.84672,3695.15,0,36.966,0.42336,1.85172,1.88408,6.35914,1.41002,8.26156,0.42336,36.966,0.42336,423.524,0,1.02816,0,0,2.87988,1.85172,1.028160,1,0,121.993,0,0,0,121.993,0
72.29,2.21409,0,0,4.37228,0.200187,1.958,3.6288,61.308,0.66528,0,0,1.06047,0.211451,0.183742,0.66528,12.849,1,0.393538,1.958,0,78.281,4.29123,75.5542,0.84672,12.849,0.84672,3695.15,0,36.966,0.42336,1.66105,1.88419,5.23473,1.29774,7.05887,0.42336,36.966,0.42336,423.524,0,1.02816,0,0,2.68921,1.66105,1.028160,1,0,82.7968,0,0,0,82.7968,0
72.29,2.21458,0,0,3.76308,0.200959,1.34754,3.6288,61.308,0.66528,0,0,0.96698,0.209151,0.0925489,0.66528,12.849,1,0.393625,1.34754,0,73.332,3.90306,70.3829,0.84672,12.849,0.84672,3695.15,0,36.966,0.42336,1.86111,1.87636,4.83046,1.21353,6.93104,0.42336,36.966,0.42336,423.524,0,1.02816,0,0,2.88927,1.86111,1.028160,1,0,77.4064,0,0,0,77.4064,0
72.29,2.21507,0,0,3.39898,0.200959,0.982945,3.6288,61.2781,0.66528,0,0,0.844577,0.209151,0,0.66528,12.849,1,0.393712,0.982945,0,68.3502,3.90306,65.0363,0.84672,12.849,0.84672,3695.15,0,36.966,0.42336,1.33551,1.87647,4.52479,1.21353,6.09988,0.42336,36.966,0.42336,423.524,0,1.02816,0,0,2.36367,1.33551,1.028160,1,0,71.1362,0,0,0,71.1362,0
72.29,2.21556,0,0,4.08438,0.182712,1.6861,3.6288,61.211,0.66528,0,0,0.816108,0.218012,0,0.66528,12.849,1,0.393799,1.6861,0,73.5748,4.60484,70.2623,0.84672,12.849,0.84672,3695.15,0,36.966,0.42336,1.42796,1.87658,6.07855,1.2412,7.71853,0.42336,36.966,0.42336,423.524,0,1.02816,0,0,2.45612,1.42796,1.028160,1,0,77.9808,0,0,0,77.9808,0
72.29,2.33823,0,0,3.15546,0.146909,0.670322,3.6288,61.0907,0.66528,0,0,0.778291,0.233307,0,0.66528,12.849,1,0.415602,0.670322,0,53.6516,5.43414,48.4722,0.84672,12.849,0.84672,3695.15,0,36.966,0.42336,1.38036,1.87668,4.58068,1.28894,6.12542,0.42336,36.966,0.42336,423.524,0,1.02816,0,0,2.40852,1.38036,1.028160,1,0,54.5976,0,0,0,54.5976,0
72.29,2.33874,0,0,3.11583,0.15798,0.619115,3.6288,60.8746,0.66528,0,0,0.678931,0.22974,0,0.66528,12.849,1,0.415693,0.619115,0,46.3735,4.37808,42.1988,0.84672,12.849,0.84672,3695.15,0,36.966,0.42336,1.06945,1.90376,4.236,1.17663,5.60922,0.42336,36.966,0.42336,423.524,0,1.02816,0,0,2.09761,1.06945,1.028160,1,0,47.808,0,0,0,47.808,0
72.2028,2.33925,0,0,2.77295,0.15798,0.36288,3.6288,60.6028,0.66528,0,0,0.622901,0.229425,0,0.66528,12.849,1,0.415784,0.36288,0,41.8191,4.37808,37.3881,0.84672,12.849,0.84672,3695.15,0,36.966,0.42336,0.883898,1.90387,4.0821,1.17663,5.26987,0.42336,36.966,0.42336,423.524,0,1.02816,0,0,1.91206,0.883898,1.028160,1,0,42.658,0,0,0,42.658,0
72.0121,2.33934,0,0,2.61899,0.107522,0.36288,3.6288,60.2738,0.66528,0,0,0.598234,0.261935,0,0.66528,12.849,1,0.416302,0.36288,0,37.2737,4.75293,32.4674,0.84672,12.849,0.84672,3695.15,0,36.966,0.42336,0.811771,1.90398,3.88778,1.27241,4.90776,0.42336,36.966,0.42336,423.524,0,1.02816,0,0,1.83993,0.811771,1.028160,1,0,37.3752,0,0,0,37.3752,0
71.666,2.33892,0,0,2.46309,0.107366,0.36288,3.6288,59.9173,0.66528,0,0,0.570129,0.261387,0,0.66528,12.849,1,0.417329,0.36288,0,36.7351,4.75293,31.9277,0.84672,12.849,0.84672,3695.15,0,36.966,0.42336,0.677989,1.9041,4.00365,1.27241,4.88998,0.42336,36.966,0.42336,423.524,0,1.02816,0,0,1.70615,0.677989,1.028160,1,0,36.8177,0,0,0,36.8177,0
71.4193,2.31357,0,0,2.54185,0.112158,0.36288,3.6288,59.6757,0.66528,0,0,0.650516,0.226748,0,0.66528,12.849,1,0.4148,0.36288,0,39.6573,4.72503,34.8803,0.84672,12.849,0.84672,3695.15,0,36.966,0.42336,1.11395,1.90421,3.68635,1.15261,5.12854,0.42336,36.966,0.42336,423.524,0,1.02816,0,0,2.14211,1.11395,1.028160,1,0,40.0088,0,0,0,40.0088,0
70.9855,2.31286,0,0,2.35481,0.112792,0.36288,3.6288,59.4422,0.66528,0,0,0.65245,0.220733,0,0.66528,12.849,1,0.416106,0.36288,0,39.9166,4.72038,35.143,0.84672,12.849,0.84672,3695.15,0,36.966,0.42336,1.17485,1.89899,3.71336,1.13264,5.23119,0.42336,36.966,0.42336,423.524,0,1.02816,0,0,2.20301,1.17485,1.028160,1,0,40.3742,0,0,0,40.3742,0
70.3368,2.31122,0,0,2.13777,0.112418,0.36288,3.6288,59.1729,0.66528,0,0,0.61636,0.220403,0,0.66528,12.849,1,0.41835,0.36288,0,38.7303,4.72038,33.9544,0.84672,12.849,0.84672,3695.15,0,36.966,0.42336,0.958729,1.8991,3.49052,1.13264,4.79234,0.42336,36.966,0.42336,423.524,0,1.02816,0,0,1.98689,0.958729,1.028160,1,0,38.7468,0,0,0,38.7468,0
69.5204,2.30846,0,0,1.95746,0.102479,0.36288,3.6288,58.8525,0.66528,0,0,0.586625,0.241666,0,0.66528,12.849,1,0.421705,0.36288,0,34.1553,5.00268,29.0938,0.84672,12.849,0.84672,3695.15,0,36.966,0.42336,0.877202,1.89921,3.38981,1.23569,4.50717,0.42336,36.966,0.42336,423.524,0,1.02816,0,0,1.90536,0.877202,1.028160,1,0,33.601,0,0,0,33.601,0
68.7079,2.36691,0,0,1.99409,0.0768306,0.36288,3.6288,58.4577,0.66528,0,0,0.561463,0.291017,0,0.66528,12.849,1,0.437461,0.36288,0,32.1872,5.48991,26.6227,0.84672,12.849,0.84672,3695.15,0,36.966,0.42336,0.830866,1.89932,3.18983,1.46596,4.0307,0.42336,36.966,0.42336,423.524,0,1.02816,0,0,1.85903,0.830866,1.028160,1,0,30.6534,0,0,0,30.6534,0
67.9721,2.36307,0,0,2.06423,0.0740919,0.36288,3.6288,58.0724,0.66528,0,0,0.564754,0.284764,0,0.66528,12.849,1,0.441916,0.36288,0,32.3939,5.19855,27.1163,0.84672,12.849,0.84672,3695.15,0,36.966,0.42336,0.822934,1.91323,3.16566,1.4295,4.04896,0.42336,36.966,0.42336,423.524,0,1.02816,0,0,1.85109,0.822934,1.028160,1,0,31.1652,0,0,0,31.1652,0
67.004,2.35957,0,0,1.82801,0.0736667,0.36288,3.6288,57.6534,0.66528,0,0,0.53034,0.284058,0,0.66528,12.849,1,0.446037,0.36288,0,30.5209,5.19855,25.2392,0.84672,12.849,0.84672,3695.15,0,36.966,0.42336,0.695097,1.91334,3.13484,1.4295,3.89042,0.42336,36.966,0.42336,423.524,0,1.02816,0,0,1.72326,0.695097,1.028160,1,0,29.1296,0,0,0,29.1296,0
65.8739,2.35467,0,0,1.66056,0.0731073,0.36288,3.6288,57.2208,0.66528,0,0,0.515971,0.28329,0,0.66528,12.849,1,0.451543,0.36288,0,28.7306,5.19855,23.4434,0.84672,12.849,0.84672,3695.15,0,36.966,0.42336,0.583796,1.91346,3.02294,1.4295,3.66733,0.42336,36.966,0.42336,423.524,0,1.02816,0,0,1.61196,0.583796,1.028160,1,0,27.1107,0,0,0,27.1107,0
64.3322,2.52922,0,0,1.40643,0.0560441,0.36288,3.6288,56.7807,0.66528,0,0,0.513169,0.288008,0,0.66528,12.849,1,0.493337,0.36288,0,27.3806,5.47535,21.7748,0.84672,12.849,0.84672,3695.15,0,36.966,0.42336,0.569938,1.91357,2.96641,1.43,3.59656,0.42336,36.966,0.42336,423.524,0,1.02816,0,0,1.5981,0.569938,1.028160,1,0,25.3714,0,0,0,25.3714,0
63.1867,2.51992,0,0,1.82731,0.089966,0.36288,3.6288,56.3905,0.66528,0,0,0.579981,0.304862,0,0.66528,12.849,1,0.5033,0.36288,0,31.6421,5.22449,26.2772,0.84672,12.849,0.84672,3695.15,0,36.966,0.42336,0.943307,1.95412,2.43688,1.62478,3.28617,0.42336,36.966,0.42336,423.524,0,1.02816,0,0,1.97147,0.943307,1.028160,1,0,29.5634,0,0,0,29.5634,0
61.6654,2.51288,0,0,1.44364,0.0891338,0.36288,3.6288,55.8445,0.66528,0,0,0.423361,0.304088,0,0.66528,12.849,1,0.510993,0.36288,0,32.6538,5.22449,27.2812,0.84672,12.849,0.84672,3695.15,0,36.966,0.42336,0.384212,1.95424,1.93091,1.62478,2.22123,0.42336,36.966,0.42336,423.524,0,1.02816,0,0,1.41237,0.384212,1.028160,1,0,29.5024,0,0,0,29.5024,0
60.4995,2.50299,0,0,1.78798,0.0880286,0.36288,3.6288,55.5806,0.66528,0,0,0.704336,0.303005,0,0.66528,12.849,1,0.521538,0.36288,0,28.9386,5.22449,23.5555,0.84672,12.849,0.84672,3695.15,0,36.966,0.42336,1.49096,1.95436,2.9016,1.62478,4.29879,0.42336,36.966,0.42336,423.524,0,1.02816,0,0,2.51912,1.49096,1.028160,1,0,27.8543,0,0,0,27.8543,0
58.9686,2.49524,0,0,1.42019,0.0929539,0.36288,3.6288,55.1336,0.66528,0,0,0.487528,0.269256,0,0.66528,12.849,1,0.529943,0.36288,0,23.3681,4.30026,18.9008,0.84672,12.849,0.84672,3695.15,0,36.966,0.42336,0.694207,1.95449,2.84009,1.265,3.80042,0.42336,36.966,0.42336,423.524,0,1.02816,0,0,1.72237,0.694207,1.028160,1,0,22.7012,0,0,0,22.7012,0
58.269,2.39807,0,0,2.16082,0.0995235,0.36288,3.6288,54.8195,0.66528,0,0,0.601114,0.249933,0,0.66528,12.849,1,0.522528,0.36288,0,23.9769,4.19375,19.6236,0.84672,12.849,0.84672,3695.15,0,36.966,0.42336,1.49566,1.95461,4.08863,1.41599,5.69955,0.42336,36.966,0.42336,423.524,0,1.02816,0,0,2.52382,1.49566,1.028160,1,0,25.3231,0,0,0,25.3231,0
56.9034,2.39345,0,0,1.49185,0.101087,0.36288,3.6288,54.3246,0.66528,0,0,0.417736,0.247307,0,0.66528,12.849,1,0.527784,0.36288,0,42.2656,4.29901,37.8017,0.84672,12.849,0.84672,3695.15,0,36.966,0.42336,1.19965,1.93501,2.92835,1.53395,4.1057,0.42336,36.966,0.42336,423.524,0,1.02816,0,0,2.22781,1.19965,1.028160,1,0,41.9074,0,0,0,41.9074,0
55.052,2.38363,0,0,0.994844,0.0997444,0.36288,3.6288,53.7307,0.66528,0,0,0.317885,0.246501,0,0.66528,12.849,1,0.538233,0.36288,0,26.5135,4.29901,22.0391,0.84672,12.849,0.84672,3695.15,0,36.966,0.42336,0.368107,1.93513,1.97631,1.53395,2.32224,0.42336,36.966,0.42336,423.524,0,1.02816,0,0,1.39627,0.368107,1.028160,1,0,24.3614,0,0,0,24.3614,0
54.1221,2.36947,0,0,1.95241,0.149957,0.36288,3.6288,53.2909,0.66528,0,0,0.473907,0.248431,0,0.66528,12.849,1,0.553029,0.36288,0,31.0273,3.93006,26.9071,0.84672,12.849,0.84672,3695.15,0,36.966,0.42336,1.06256,1.93525,3.09449,1.45852,4.21041,0.42336,36.966,0.42336,423.524,0,1.02816,0,0,2.09072,1.06256,1.028160,1,0,31.1175,0,0,0,31.1175,0
54.4444,2.29245,0,0,3.17395,0.196378,0.36288,3.6288,53.2376,0.66528,0,0,0.856492,0.244544,0,0.66528,12.849,1,0.544244,0.36288,0,48.8927,3.73242,44.9789,0.84672,12.849,0.84672,3695.15,0,36.966,0.42336,2.61706,1.93537,6.36167,1.24876,9.24198,0.42336,36.966,0.42336,423.524,0,1.02816,0,0,3.64522,2.61706,1.028160,1,0,54.2209,0,0,0,54.2209,0
52.6182,2.29555,0,0,1.02444,0.192165,0.36288,3.6288,52.4692,0.959558,0,0,0.388235,0.197076,0,0.66528,12.849,1,0.541756,0.36288,0,39.3183,3.96522,35.1742,0.84672,12.849,0.84672,3695.15,0,36.966,0.42336,0.216518,1.91929,4.69662,0.958156,5.45091,0.42336,36.966,0.42336,423.524,0,0.733882,0,0,0.9504,0.216518,1.028160,1,0,40.6251,0,0,0,40.6251,0
52.0091,2.28094,0,0,2.22337,0.188621,0.36288,3.6288,52.4184,0.66528,0,0,0.810391,0.195867,0,0.66528,12.849,1,0.55699,0.36288,0,58.8316,3.96522,54.6722,0.84672,12.849,0.84672,3695.15,0,36.966,0.42336,1.10011,1.9194,6.79221,0.958156,8.43021,0.42336,36.966,0.42336,423.524,0,1.02816,0,0,2.12827,1.10011,1.028160,1,0,63.1024,0,0,0,63.1024,0
53.7257,2.27621,0,0,4.54306,0.187439,0.36288,3.6288,53.1257,0.66528,0,0,1.5683,0.195788,0,0.66528,12.849,1,0.562343,0.36288,0,117.847,3.96522,113.682,0.84672,12.849,0.84672,3695.15,0,36.966,0.42336,3.62029,1.91952,10.9052,0.958156,15.0635,0.42336,36.966,0.42336,423.524,0,1.02816,0,0,4.64845,3.62029,1.028160,1,0,128.746,0,0,0,128.746,0
54.8242,2.09292,0,0,3.77482,0.220489,0.36288,3.6288,53.5172,0.66528,0,0,1.26468,0.207857,0,0.66528,12.849,1,0.500542,0.36288,0,62.9245,3.65817,59.1287,0.84672,12.849,0.84672,3695.15,0,36.966,0.42336,2.33659,1.91963,7.69942,0.852095,10.6802,0.42336,36.966,0.42336,423.524,0,1.02816,0,0,3.36475,2.33659,1.028160,1,0,69.8089,0,0,0,69.8089,0
57.5815,2.10151,0,0,5.44138,0.219635,0.36288,3.6288,55.174,0.66528,0,0,2.51175,0.189673,0,0.66528,12.849,1,0.492525,0.36288,0,96.9745,3.55289,93.292,0.84672,12.849,0.84672,3695.15,0,36.966,0.42336,4.27084,1.8737,7.98016,0.93123,12.7701,0.42336,36.966,0.42336,423.524,0,1.02816,0,0,5.299,4.27084,1.028160,1,0,106.062,0,0,0,106.062,0
58.2118,2.12126,0,0,3.3401,0.225728,0.36288,3.6288,55.9151,0.66528,0,0,1.59821,0.191841,0,0.66528,12.849,1,0.473347,0.36288,0,54.91,3.55289,51.2466,0.84672,12.849,0.84672,3695.15,0,36.966,0.42336,2.04198,1.87381,6.88254,0.93123,9.44374,0.42336,36.966,0.42336,423.524,0,1.02816,0,0,3.07014,2.04198,1.028160,1,0,60.6903,0,0,0,60.6903,0
58.8794,2.12593,0,0,3.39836,0.241951,0.36288,3.6288,56.2819,0.66528,0,0,1.24032,0.20823,0,0.66528,12.849,1,0.469253,0.36288,0,49.4731,3.89574,45.471,0.84672,12.849,0.84672,3695.15,0,36.966,0.42336,1.53221,1.87392,8.71062,1.03818,10.6552,0.42336,36.966,0.42336,423.524,0,1.02816,0,0,2.56037,1.53221,1.028160,1,0,56.1262,0,0,0,56.1262,0
60.4854,2.13077,0,0,4.36313,0.263424,0.36288,3.6288,57.4869,0.66528,0,0,2.09969,0.229384,0,0.66528,12.849,1,0.464988,0.36288,0,79.9065,4.35288,75.4515,0.84672,12.849,0.84672,3695.15,0,36.966,0.42336,2.9578,1.87403,8.84987,1.18079,12.0775,0.42336,36.966,0.42336,423.524,0,1.02816,0,0,3.98596,2.9578,1.028160,1,0,87.5291,0,0,0,87.5291,0
62.7562,2.21943,0,0,5.13079,0.277708,0.36288,3.6288,58.2285,0.66528,0,0,1.62552,0.218681,0,0.66528,12.849,1,0.471477,0.36288,0,90.8867,4.04082,86.7373,0.84672,12.849,0.84672,3695.15,0,36.966,0.42336,1.98579,1.87413,8.73556,1.09176,11.0804,0.42336,36.966,0.42336,423.524,0,1.02816,0,0,3.01395,1.98579,1.028160,1,0,97.8177,0,0,0,97.8177,0
66.5783,2.23406,0,0,6.70978,0.290796,0.36288,3.6288,59.2352,0.66528,0,0,1.8823,0.210305,0,0.66528,12.849,1,0.457411,0.36288,0,118.327,3.80677,114.426,0.84672,12.849,0.84672,3695.15,0,36.966,0.42336,1.6105,1.89197,8.60691,1.02499,10.661,0.42336,36.966,0.42336,423.524,0,1.02816,0,0,2.63866,1.6105,1.028160,1,0,125.087,0,0,0,125.087,0
67.4905,2.25654,0,0,3.83154,0.299887,0.36288,3.6288,59.6486,0.66528,0,0,1.29037,0.21167,0,0.66528,12.849,1,0.435491,0.36288,0,59.947,3.80677,56.0676,0.84672,12.849,0.84672,3695.15,0,36.966,0.42336,0.964915,1.89207,6.45134,1.02499,7.85997,0.42336,36.966,0.42336,423.524,0,1.02816,0,0,1.99308,0.964915,1.028160,1,0,63.9276,0,0,0,63.9276,0
67.5579,2.26195,0,0,3.0257,0.333449,0.36288,3.6288,59.9143,0.66528,0,0,1.14382,0.212882,0,0.66528,12.849,1,0.430636,0.36288,0,49.337,3.71755,45.5517,0.84672,12.849,0.84672,3695.15,0,36.966,0.42336,0.827453,1.89218,5.67056,1.08581,6.88102,0.42336,36.966,0.42336,423.524,0,1.02816,0,0,1.85561,0.827453,1.028160,1,0,52.4327,0,0,0,52.4327,0
68.5495,2.51819,0,0,4.22926,0.356588,0.36288,3.6288,60.4096,0.66528,0,0,1.36391,0.20336,0,0.66528,12.849,1,0.47894,0.36288,0,74.8347,3.60956,71.1091,0.84672,12.849,0.84672,3695.15,0,36.966,0.42336,1.24579,1.89228,6.73084,1.07967,8.36589,0.42336,36.966,0.42336,423.524,0,1.02816,0,0,2.27395,1.24579,1.028160,1,0,79.4749,0,0,0,79.4749,0
69.9683,2.52454,0,0,4.66201,0.355778,0.36288,3.6288,60.6971,0.66528,0,0,1.09434,0.14157,0,0.66528,12.849,1,0.473202,0.36288,0,73.8245,3.36305,70.3511,0.84672,12.849,0.84672,3695.15,0,36.966,0.42336,0.994948,1.94935,5.58494,0.769187,7.33669,0.42336,36.966,0.42336,423.524,0,1.02816,0,0,2.02311,0.994948,1.028160,1,0,77.6878,0,0,0,77.6878,0
70.68,2.53317,0,0,3.9559,0.348231,0.36288,3.6288,61.1203,0.66528,0,0,1.24965,0.161158,0,0.66528,12.849,1,0.465191,0.36288,0,67.9039,3.95067,63.8509,0.84672,12.849,0.84672,3695.15,0,36.966,0.42336,1.14197,1.94947,6.35509,0.961191,8.06197,0.42336,36.966,0.42336,423.524,0,1.02816,0,0,2.17013,1.14197,1.028160,1,0,71.9129,0,0,0,71.9129,0
72.1714,2.53765,0,0,4.71584,0.323823,0.36288,3.6288,61.308,0.66528,0,0,1.1492,0.166947,0.129229,0.66528,12.849,1,0.461322,0.36288,0,70.8169,4.53882,66.1796,0.84672,12.849,0.84672,3695.15,0,36.966,0.42336,1.22647,1.94958,7.57659,1.15085,9.17843,0.42336,36.966,0.42336,423.524,0,1.02816,0,0,2.25463,1.22647,1.028160,1,0,75.4873,0,0,0,75.4873,0
72.29,2.17796,0,0,4.20436,0.30504,1.60281,3.6288,61.308,0.66528,0,0,1.38441,0.174654,0.544479,0.66528,12.849,1,0.387751,1.60281,0,83.0485,4.13972,80.1239,0.84672,12.849,0.84672,3695.15,0,36.966,0.42336,1.52711,1.9497,9.05863,0.912929,11.1992,0.42336,36.966,0.42336,423.524,0,1.02816,0,0,2.55527,1.52711,1.028160,1,0,91.8675,0,0,0,91.8675,0
72.29,2.17895,0,0,4.01776,0.335564,1.50325,3.6288,61.308,0.66528,0,0,1.16205,0.142876,0.353898,0.66528,12.849,1,0.387292,1.50325,0,112.462,4.53149,109.046,0.84672,12.849,0.84672,3695.15,0,36.966,0.42336,1.03599,1.8685,6.47408,1.00706,7.94815,0.42336,36.966,0.42336,423.524,0,1.02816,0,0,2.06415,1.03599,1.028160,1,0,117.348,0,0,0,117.348,0
72.29,2.17941,0,0,5.55387,0.335564,3.0389,3.6288,61.308,0.66528,0,0,1.70923,0.142876,0.901078,0.66528,12.849,1,0.387373,3.0389,0,115.622,4.53149,113.742,0.84672,12.849,0.84672,3695.15,0,36.966,0.42336,2.01258,1.8686,14.3785,1.00706,16.8293,0.42336,36.966,0.42336,423.524,0,1.02816,0,0,3.04074,2.01258,1.028160,1,0,131.473,0,0,0,131.473,0
72.29,2.17986,0,0,4.07234,0.335564,1.55691,3.6288,61.308,0.66528,0,0,1.52664,0.142876,0.718489,0.66528,12.849,1,0.387454,1.55691,0,112.028,4.53149,108.666,0.84672,12.849,0.84672,3695.15,0,36.966,0.42336,2.04418,1.8687,9.04167,1.00706,11.5241,0.42336,36.966,0.42336,423.524,0,1.02816,0,0,3.07234,2.04418,1.028160,1,0,120.909,0,0,0,120.909,0
72.29,2.18032,0,0,7.87691,0.312907,5.38368,3.6288,61.308,0.66528,0,0,2.34448,0.130844,1.54836,0.66528,12.849,1,0.387536,5.38368,0,145.634,4.35709,146.273,0.84672,12.849,0.84672,3695.15,0,36.966,0.42336,3.601,1.8688,21.4271,0.982011,25.4915,0.42336,36.966,0.42336,423.524,0,1.02816,0,0,4.62916,3.601,1.028160,1,0,173.313,0,0,0,173.313,0
72.29,2.27359,0,0,4.95817,0.340023,2.34455,3.6288,61.308,0.66528,0,0,1.68133,0.160919,0.855128,0.66528,12.849,1,0.404114,2.34455,0,112.249,4.44581,109.744,0.84672,12.849,0.84672,3695.15,0,36.966,0.42336,2.41231,1.86891,11.6422,1.00852,14.4916,0.42336,36.966,0.42336,423.524,0,1.02816,0,0,3.44047,2.41231,1.028160,1,0,125.09,0,0,0,125.09,0
72.29,2.27407,0,0,4.54026,0.345687,1.92051,3.6288,61.308,0.66528,0,0,1.3709,0.164348,0.541272,0.66528,12.849,1,0.404198,1.92051,0,94.6313,4.42155,91.7261,0.84672,12.849,0.84672,3695.15,0,36.966,0.42336,2.05506,1.88949,9.68639,1.00051,12.2071,0.42336,36.966,0.42336,423.524,0,1.02816,0,0,3.08322,2.05506,1.028160,1,0,104.474,0,0,0,104.474,0
72.29,2.27454,0,0,3.18699,0.345687,0.566759,3.6288,61.308,0.66528,0,0,1.02546,0.164348,0.195827,0.66528,12.849,1,0.404282,0.566759,0,64.4043,4.42155,60.1452,0.84672,12.849,0.84672,3695.15,0,36.966,0.42336,0.9558,1.8896,7.32715,1.00051,8.74867,0.42336,36.966,0.42336,423.524,0,1.02816,0,0,1.98396,0.9558,1.028160,1,0,69.0897,0,0,0,69.0897,0
72.1073,2.27501,0,0,2.76826,0.313052,0.36288,3.6288,61.308,0.66528,0,0,0.845208,0.175873,0.00405497,0.66528,12.849,1,0.404366,0.36288,0,55.3693,4.48267,50.8451,0.84672,12.849,0.84672,3695.15,0,36.966,0.42336,0.75003,1.8897,6.01239,1.0141,7.21466,0.42336,36.966,0.42336,423.524,0,1.02816,0,0,1.77819,0.75003,1.028160,1,0,58.0638,0,0,0,58.0638,0
71.8409,2.0288,0,0,2.44986,0.324639,0.36288,3.6288,61.2019,0.618603,0,0,0.696046,0.183522,0,0.66528,12.849,1,0.361517,0.36288,0,51.0124,4.50426,46.5095,0.84672,12.849,0.84672,3695.15,0,36.966,0.42336,0.528595,1.88981,5.09746,1.03885,6.05365,0.42336,36.966,0.42336,423.524,0,1.01958,0,0,1.54818,0.528595,1.028160,1,0,52.5631,0,0,0,52.5631,0
71.281,2.02809,0,0,2.12349,0.292349,0.36288,3.6288,60.7728,0.808787,0,0,0.570604,0.19092,0,0.66528,12.849,1,0.362731,0.36288,0,48.9405,4.13784,44.8028,0.84672,12.849,0.84672,3695.15,0,36.966,0.42336,0.528595,1.79294,5.52841,1.08507,6.34152,0.42336,36.966,0.42336,423.524,0,0.829691,0,0,1.35829,0.528595,1.028160,1,0,51.1443,0,0,0,51.1443,0
71.961,2.0261,0,0,3.36006,0.291103,0.36288,3.6288,60.6801,0.610612,0,0,0.708329,0.190402,0,0.66528,12.849,1,0.365222,0.36288,0,63.6638,4.13784,59.5236,0.84672,12.849,0.84672,3695.15,0,36.966,0.42336,0.561246,1.79327,4.80623,1.08507,5.65232,0.42336,36.966,0.42336,423.524,0,1.02816,0,0,1.58941,0.561246,1.028160,1,0,65.1759,0,0,0,65.1759,0
71.4413,2.02946,0,0,2.11213,0.239472,0.36288,3.6288,60.3955,0.678981,0,0,0.597059,0.202736,0,0.66528,12.849,1,0.36237,0.36288,0,50.3,4.5171,45.7834,0.84672,12.849,0.84672,3695.15,0,36.966,0.42336,0.402797,1.79359,4.25625,1.01486,5.01441,0.42336,36.966,0.42336,423.524,0,0.960085,0,0,1.36288,0.402797,1.028160,1,0,50.7978,0,0,0,50.7978,0
70.3253,2.36017,0,0,1.84556,0.238525,0.36288,3.6288,59.7464,0.951022,0,0,0.504351,0.202369,0,0.66528,12.849,1,0.424485,0.36288,0,42.639,4.5171,38.0603,0.84672,12.849,0.84672,3695.15,0,36.966,0.42336,0.402797,1.79391,3.71618,1.01486,4.47466,0.42336,36.966,0.42336,423.524,0,0.742418,0,0,1.14521,0.402797,1.028160,1,0,42.535,0,0,0,42.535,0
69.5987,2.35496,0,0,2.23751,0.246293,0.36288,3.6288,59.303,0.886386,0,0,0.631167,0.188219,0,0.66528,12.849,1,0.43027,0.36288,0,42.5755,4.73283,37.7753,0.84672,12.849,0.84672,3695.15,0,36.966,0.42336,0.402797,1.90953,3.82478,1.00606,4.70769,0.42336,36.966,0.42336,423.524,0,0.807054,0,0,1.20985,0.402797,1.028160,1,0,42.483,0,0,0,42.483,0
68.9625,2.35165,0,0,2.24974,0.171404,0.36288,3.6288,59.1102,0.66528,0,0,0.677938,0.205415,0,0.66528,12.849,1,0.434152,0.36288,0,44.4126,5.02694,39.3144,0.84672,12.849,0.84672,3695.15,0,36.966,0.42336,0.41726,1.90964,4.3991,1.05792,5.24472,0.42336,36.966,0.42336,423.524,0,1.02816,0,0,1.44542,0.41726,1.028160,1,0,44.5591,0,0,0,44.5591,0
68.0976,2.34876,0,0,1.98641,0.139686,0.36288,3.6288,58.679,0.770342,0,0,0.555373,0.21627,0,0.66528,12.849,1,0.437618,0.36288,0,40.4918,5.17807,35.239,0.84672,12.849,0.84672,3695.15,0,36.966,0.42336,0.30119,1.90975,3.706,1.08833,4.40525,0.42336,36.966,0.42336,423.524,0,0.923098,0,0,1.22429,0.30119,1.028160,1,0,39.6442,0,0,0,39.6442,0
67.1249,2.34457,0,0,1.87357,0.138746,0.36288,3.6288,57.9968,0.910051,0,0,0.443528,0.215672,0,0.66528,12.849,1,0.442386,0.36288,0,37.4096,5.17807,32.1521,0.84672,12.849,0.84672,3695.15,0,36.966,0.42336,0.30119,1.90986,3.48051,1.08833,4.17987,0.42336,36.966,0.42336,423.524,0,0.783389,0,0,1.08458,0.30119,1.028160,1,0,36.3319,0,0,0,36.3319,0
65.8395,2.31554,0,0,1.53471,0.141705,0.36288,3.6288,56.8824,1.28186,0,0,0.385407,0.217917,0,0.66528,12.849,1,0.443238,0.36288,0,26.0014,5.04412,20.8769,0.84672,12.849,0.84672,3695.15,0,36.966,0.42336,0.30119,1.90997,2.3332,1.09739,3.0236,0.42336,36.966,0.42336,423.524,0,0.411577,0,0,0.712767,0.30119,1.028160,1,0,23.9005,0,0,0,23.9005,0
64.3343,2.30878,0,0,1.30824,0.141857,0.36288,3.6288,55.6314,1.4079,0,0,0.374496,0.217617,0,0.66528,12.849,1,0.450572,0.36288,0,21.9013,4.99054,16.823,0.84672,12.849,0.84672,3695.15,0,36.966,0.42336,0.30119,1.90468,1.83057,1.10102,2.51207,0.42336,36.966,0.42336,423.524,0,0.285537,0,0,0.586728,0.30119,1.028160,1,0,19.3351,0,0,0,19.3351,0
62.7264,2.30047,0,0,1.19565,0.140153,0.36288,3.6288,54.3125,1.45329,0,0,0.35021,0.215846,0,0.66528,12.849,1,0.459455,0.36288,0,20.6001,4.99054,15.513,0.84672,12.849,0.84672,3695.15,0,36.966,0.42336,0.261274,1.90479,1.74194,1.10102,2.38363,0.42336,36.966,0.42336,423.524,0,0.240151,0,0,0.501424,0.261274,1.028160,1,0,17.8966,0,0,0,17.8966,0
61.0511,2.29117,0,0,1.09942,0.120674,0.36288,3.6288,52.9355,1.45296,0,0,0.331873,0.255915,0,0.66528,12.849,1,0.469327,0.36288,0,18.4442,5.55515,12.7826,0.84672,12.849,0.84672,3695.15,0,36.966,0.42336,0.261274,1.9049,1.65857,1.30711,2.09427,0.42336,36.966,0.42336,423.524,0,0.240481,0,0,0.501755,0.261274,1.028160,1,0,14.8768,0,0,0,14.8768,0
59.2795,2.34239,0,0,1.03719,0.103564,0.36288,3.6288,51.4615,1.48941,0,0,0.305118,0.289698,0,0.66528,12.849,1,0.492987,0.36288,0,16.2347,5.92034,10.1843,0.84672,12.849,0.84672,3695.15,0,36.966,0.42336,0.261274,1.90501,1.59743,1.46292,1.87743,0.42336,36.966,0.42336,423.524,0,0.204032,0,0,0.465305,0.261274,1.028160,1,0,12.0617,0,0,0,12.0617,0
57.6269,2.33077,0,0,1.13708,0.0960288,0.36288,3.6288,50.094,1.45264,0,0,0.384464,0.299333,0,0.66528,12.849,1,0.505201,0.36288,0,19.6944,5.77469,13.7774,0.84672,12.849,0.84672,3695.15,0,36.966,0.42336,0.261274,1.91904,1.82056,1.46605,2.11147,0.42336,36.966,0.42336,423.524,0,0.240795,0,0,0.502069,0.261274,1.028160,1,0,15.8889,0,0,0,15.8889,0
55.9089,2.3194,0,0,1.05876,0.0945006,0.36288,3.6288,48.7195,1.41199,0,0,0.333549,0.296018,0,0.66528,12.849,1,0.517154,0.36288,0,16.6757,5.77469,10.7468,0.84672,12.849,0.84672,3695.15,0,36.966,0.42336,0.261274,1.91915,1.83735,1.46605,2.12836,0.42336,36.966,0.42336,423.524,0,0.281445,0,0,0.542719,0.261274,1.028160,1,0,12.8751,0,0,0,12.8751,0
54.125,2.30695,0,0,0.978886,0.0929119,0.36288,3.6288,47.292,1.44417,0,0,0.309317,0.292686,0,0.66528,12.849,1,0.530185,0.36288,0,15.9906,5.77469,10.0486,0.84672,12.849,0.84672,3695.15,0,36.966,0.42336,0.227405,1.91926,1.59756,1.46605,1.85482,0.42336,36.966,0.42336,423.524,0,0.249267,0,0,0.476672,0.227405,1.028160,1,0,11.9034,0,0,0,11.9034,0
52.2064,2.46931,0,0,1.00062,0.0870693,0.36288,3.6288,45.9641,1.37986,0,0,0.34351,0.291564,0,0.66528,12.849,1,0.586203,0.36288,0,15.2086,5.84946,9.13578,0.84672,12.849,0.84672,3695.15,0,36.966,0.42336,0.227405,1.91937,1.97605,1.48099,2.21848,0.42336,36.966,0.42336,423.524,0,0.313583,0,0,0.540988,0.227405,1.028160,1,0,11.3543,0,0,0,11.3543,0
50.1848,2.45253,0,0,0.868778,0.0749688,0.36288,3.6288,44.3899,1.56777,0,0,0.304753,0.311188,0,0.66528,12.849,1,0.603615,0.36288,0,14.0876,6.19787,7.64901,0.84672,12.849,0.84672,3695.15,0,36.966,0.42336,0.227405,1.96029,1.71603,1.56249,1.91789,0.42336,36.966,0.42336,423.524,0,0.125665,0,0,0.35307,0.227405,1.028160,1,0,9.56689,0,0,0,9.56689,0
48.2472,2.43367,0,0,0.930001,0.0710339,0.36288,3.6288,42.9035,1.52951,0,0,0.354007,0.310811,0,0.66528,12.849,1,0.623101,0.36288,0,16.6462,6.26839,10.1176,0.84672,12.849,0.84672,3695.15,0,36.966,0.42336,0.227405,1.96041,1.63184,1.57856,1.81773,0.42336,36.966,0.42336,423.524,0,0.163934,0,0,0.391338,0.227405,1.028160,1,0,11.9353,0,0,0,11.9353,0
46.1377,2.4144,0,0,0.737381,0.0695721,0.36288,3.6288,41.2588,1.60395,0,0,0.26571,0.306465,0,0.66528,12.849,1,0.642993,0.36288,0,18.2781,6.26839,11.7296,0.84672,12.849,0.84672,3695.15,0,36.966,0.42336,0.204422,1.96053,1.31026,1.57856,1.47329,0.42336,36.966,0.42336,423.524,0,0.0894888,0,0,0.293911,0.204422,1.028160,1,0,13.2029,0,0,0,13.2029,0
44.2112,2.39189,0,0,0.896262,0.0679749,0.36288,3.6288,39.9738,1.41057,0,0,0.427195,0.301656,0,0.66528,12.849,1,0.666124,0.36288,0,15.933,6.26839,9.36139,0.84672,12.849,0.84672,3695.15,0,36.966,0.42336,0.204422,1.96064,1.88793,1.57856,2.05107,0.42336,36.966,0.42336,423.524,0,0.282872,0,0,0.487294,0.204422,1.028160,1,0,11.4125,0,0,0,11.4125,0
42.138,2.28757,0,0,0.645922,0.0687327,0.36288,3.6288,38.3869,1.57261,0,0,0.279604,0.293862,0,0.66528,12.849,1,0.664831,0.36288,0,12.696,6.36632,6.0277,0.84672,12.849,0.84672,3695.15,0,36.966,0.42336,0.204422,1.96076,1.74686,1.55541,1.93327,0.42336,36.966,0.42336,423.524,0,0.120834,0,0,0.325256,0.204422,1.028160,1,0,7.96097,0,0,0,7.96097,0
40.028,2.26297,0,0,0.614531,0.0986699,0.36288,3.6288,36.8339,1.57995,0,0,0.290455,0.263561,0,0.66528,12.1689,1,0.69004,0.36288,0,8.73141,6.21889,3.20544,0.84672,12.1689,0.84672,3694.81,0,36.966,0.42336,0.204422,1.94097,1.63545,1.46219,1.89529,0.42336,36.966,0.42336,423.524,0,0.113492,0,0,0.317915,0.204422,1.028160,1,0,5.10073,0,0,0,5.10073,0
38.1471,2.26502,0,0,0.865205,0.118143,0.36288,3.6288,35.3561,1.55033,0,0,0.315237,0.242715,0,0.66528,11.9901,1,0.68859,0.36288,0,9.74557,6.05325,3.20544,0.84672,11.9901,0.84672,3695.15,0,36.966,0.42336,0.216518,1.94108,1.45733,1.4053,1.78627,0.42336,36.966,0.42336,423.524,0,0.143109,0,0,0.359627,0.216518,1.028160,1,0,4.99171,0,0,0,4.99171,0
36.6088,2.24773,0,0,1.18788,0.115589,0.36288,3.6288,34.3103,1.31638,0,0,0.509873,0.239239,0,0.66528,12.849,1,0.706488,0.36288,0,18.7229,6.05325,11.4671,0.84672,12.849,0.84672,3695.15,0,36.966,0.42336,0.216518,1.9412,2.58603,1.4053,2.91509,0.42336,36.966,0.42336,423.524,0,0.377062,0,0,0.59358,0.216518,1.028160,1,0,14.3822,0,0,0,14.3822,0
34.9761,2.12258,0,0,0.983362,0.130596,0.36288,3.6288,32.9848,1.46507,0,0,0.361633,0.222087,0,0.66528,12.849,1,0.744983,0.36288,0,20.3507,5.69044,14.2782,0.84672,12.849,0.84672,3695.15,0,36.966,0.42336,0.216518,1.94131,1.65613,1.36105,2.02955,0.42336,36.966,0.42336,423.524,0,0.228366,0,0,0.444885,0.216518,1.028160,1,0,16.3077,0,0,0,16.3077,0
33.3638,2.09757,0,0,0.989997,0.141833,0.36288,3.6288,31.6869,1.36166,0,0,0.227057,0.163338,0,0.66528,12.849,1,0.770575,0.36288,0,10.3383,3.60465,6.32593,0.84672,12.849,0.84672,3695.15,0,36.966,0.42336,0.216518,1.92507,1.65862,1.05472,2.32213,0.42336,36.966,0.42336,423.524,0,0.331784,0,0,0.548302,0.216518,1.028160,1,0,8.64806,0,0,0,8.64806,0
32.6406,2.07112,0,0,1.84978,0.139058,0.36288,3.6288,31.48,0.66528,0,0,0.619494,0.161049,0,0.66528,12.849,1,0.797623,0.36288,0,20.5966,3.60465,16.5572,0.84672,12.849,0.84672,3695.15,0,36.966,0.42336,0.651378,1.92518,3.65914,1.05472,4.75762,0.42336,36.966,0.42336,423.524,0,1.02816,0,0,1.67954,0.651378,1.028160,1,0,21.3149,0,0,0,21.3149,0
33.4688,2.05886,0,0,3.39545,0.145442,0.36288,3.6288,31.7819,0.66528,0,0,1.12174,0.15462,0,0.66528,12.849,1,0.810472,0.36288,0,39.6005,3.49583,35.6571,0.84672,12.849,0.84672,3695.15,0,36.966,0.42336,0.62602,1.92529,4.7889,1.02389,5.89296,0.42336,36.966,0.42336,423.524,0,1.02816,0,0,1.65418,0.62602,1.028160,1,0,41.55,0,0,0,41.55,0
33.0928,1.89456,0,0,2.04641,0.165005,0.36288,3.6288,31.2445,1.04237,0,0,0.646052,0.141027,0,0.66528,12.849,1,0.727339,0.36288,0,23.0504,3.11725,19.5687,0.84672,12.849,0.84672,3695.15,0,36.966,0.42336,0.292723,1.9254,3.00343,0.796113,4.00208,0.42336,36.966,0.42336,423.524,0,0.651069,0,0,0.943792,0.292723,1.028160,1,0,23.5708,0,0,0,23.5708,0
37.8601,1.889,0,0,7.20903,0.189895,0.36288,3.6288,33.7094,0.66528,0,0,3.25614,0.125942,0,0.66528,12.849,1,0.733445,0.36288,0,104.859,4.12199,100.367,0.84672,12.849,0.84672,3695.15,0,36.966,0.42336,1.43394,1.87903,9.71512,0.909669,11.6951,0.42336,36.966,0.42336,423.524,0,1.02816,0,0,2.4621,1.43394,1.028160,1,0,112.062,0,0,0,112.062,0
42.5901,1.95836,0,0,7.25864,0.207337,0.36288,3.6288,36.9515,0.66528,0,0,4.03637,0.129029,0,0.66528,12.849,1,0.664631,0.36288,0,133.97,4.25218,129.416,0.84672,12.849,0.84672,3695.15,0,36.966,0.42336,1.86449,1.87914,10.6072,0.915526,13.0119,0.42336,36.966,0.42336,423.524,0,1.02816,0,0,2.89265,1.86449,1.028160,1,0,142.428,0,0,0,142.428,0
47.7147,2.01549,0,0,7.72209,0.219142,0.36288,3.6288,40.9012,0.66528,0,0,4.7482,0.133218,0,0.66528,12.849,1,0.608052,0.36288,0,143.127,4.25218,138.629,0.84672,12.849,0.84672,3695.15,0,36.966,0.42336,2.30425,1.87924,13.0785,0.915526,15.9231,0.42336,36.966,0.42336,423.524,0,1.02816,0,0,3.33241,2.30425,1.028160,1,0,154.552,0,0,0,154.552,0
51.8859,2.06737,0,0,6.83323,0.231797,0.36288,3.6288,43.5821,0.66528,0,0,3.52795,0.181797,0,0.66528,12.849,1,0.556718,0.36288,0,108.311,4.96619,103.151,0.84672,12.849,0.84672,3695.15,0,36.966,0.42336,1.56582,1.87934,9.95207,1.23305,11.7408,0.42336,36.966,0.42336,423.524,0,1.02816,0,0,2.59398,1.56582,1.028160,1,0,114.892,0,0,0,114.892,0
56.4958,2.10324,0,0,7.28838,0.212366,0.36288,3.6288,46.847,0.66528,0,0,4.11896,0.188736,0,0.66528,12.849,1,0.520845,0.36288,0,127.893,4.47858,123.256,0.84672,12.849,0.84672,3695.15,0,36.966,0.42336,2.15712,1.87944,11.8761,1.1778,14.3115,0.42336,36.966,0.42336,423.524,0,1.02816,0,0,3.18528,2.15712,1.028160,1,0,137.568,0,0,0,137.568,0
58.7421,2.21609,0,0,5.03626,0.210943,0.36288,3.6288,48.1227,0.66528,0,0,2.10835,0.16741,0,0.66528,12.849,1,0.504011,0.36288,0,95.3217,3.73674,91.4438,0.84672,12.849,0.84672,3695.15,0,36.966,0.42336,1.40093,1.87944,8.45856,0.78068,10.5349,0.42336,36.966,0.42336,423.524,0,1.02816,0,0,2.42909,1.40093,1.028160,1,0,101.979,0,0,0,101.979,0
60.5812,2.23234,0,0,4.64992,0.215631,0.36288,3.6288,49.3139,0.66528,0,0,2.02569,0.169206,0,0.66528,12.849,1,0.488292,0.36288,0,87.5007,3.73674,83.6386,0.84672,12.849,0.84672,3695.15,0,36.966,0.42336,1.30847,1.89744,8.255,0.78068,10.2569,0.42336,36.966,0.42336,423.524,0,1.02816,0,0,2.33663,1.30847,1.028160,1,0,93.8954,0,0,0,93.8954,0
62.5868,2.24501,0,0,4.87595,0.262434,0.36288,3.6288,50.519,0.66528,0,0,2.04559,0.1752,0,0.66528,12.849,1,0.476156,0.36288,0,90.9481,4.00626,86.8286,0.84672,12.849,0.84672,3695.15,0,36.966,0.42336,1.33291,1.89754,8.6025,0.931482,10.4781,0.42336,36.966,0.42336,423.524,0,1.02816,0,0,2.36107,1.33291,1.028160,1,0,97.3067,0,0,0,97.3067,0
64.642,2.25811,0,0,4.9848,0.308647,0.36288,3.6288,51.6452,0.66528,0,0,1.98878,0.197256,0,0.66528,12.849,1,0.463588,0.36288,0,93.2403,4.69908,88.4405,0.84672,12.849,0.84672,3695.15,0,36.966,0.42336,1.49844,1.89764,8.77357,1.35165,10.3946,0.42336,36.966,0.42336,423.524,0,1.02816,0,0,2.5266,1.49844,1.028160,1,0,98.8351,0,0,0,98.8351,0
69.8906,2.52679,0,0,8.4024,0.264084,0.36288,3.6288,54.3278,0.66528,0,0,3.53991,0.192039,0,0.66528,12.849,1,0.502255,0.36288,0,193.883,3.65641,190.088,0.84672,12.849,0.84672,3695.15,0,36.966,0.42336,3.34213,1.89774,15.3751,1.0704,19.1213,0.42336,36.966,0.42336,423.524,0,1.02816,0,0,4.37029,3.34213,1.028160,1,0,209.209,0,0,0,209.209,0
71.9607,2.55915,0,0,5.26736,0.275249,0.36288,3.6288,55.7276,0.66528,0,0,2.26111,0.196077,0,0.66528,12.849,1,0.470485,0.36288,0,131.595,3.65641,127.831,0.84672,12.849,0.84672,3695.15,0,36.966,0.42336,1.66603,1.95533,9.35159,1.0704,11.4792,0.42336,36.966,0.42336,423.524,0,1.02816,0,0,2.69419,1.66603,1.028160,1,0,139.31,0,0,0,139.31,0
72.29,2.57113,0,0,6.08959,0.279652,2.90952,3.6288,56.8313,0.66528,0,0,1.9669,0.197892,0,0.66528,12.849,1,0.45909,2.90952,0,105.742,3.65641,104.536,0.84672,12.849,0.84672,3695.15,0,36.966,0.42336,1.28851,1.95544,6.9495,1.0704,8.69969,0.42336,36.966,0.42336,423.524,0,1.02816,0,0,2.31667,1.28851,1.028160,1,0,113.236,0,0,0,113.236,0
72.29,2.5734,0,0,3.99159,0.291505,1.12668,3.6288,57.759,0.66528,0,0,1.76675,0.173754,0,0.66528,12.849,1,0.457402,1.12668,0,119.124,3.3068,116.486,0.84672,12.849,0.84672,3695.15,0,36.966,0.42336,1.03277,1.95555,5.83255,0.995965,7.40154,0.42336,36.966,0.42336,423.524,0,1.02816,0,0,2.06093,1.03277,1.028160,1,0,123.888,0,0,0,123.888,0
72.29,2.20207,0,0,5.44003,0.303648,2.93431,3.6288,57.9027,0.66528,0,0,0.984493,0.175594,0,0.66528,12.849,1,0.391402,2.93431,0,104.309,3.67038,103.182,0.84672,12.849,0.84672,3695.15,0,36.966,0.42336,0.855913,1.95566,5.66991,0.964921,7.09321,0.42336,36.966,0.42336,423.524,0,1.02816,0,0,1.88407,0.855913,1.028160,1,0,110.275,0,0,0,110.275,0
72.29,2.20251,0,0,9.62064,0.303648,7.11448,3.6288,60.3284,0.66528,0,0,3.26678,0.175757,0,0.66528,12.849,1,0.391479,7.11448,0,228.977,3.67038,232.03,0.84672,12.849,0.84672,3695.15,0,36.966,0.42336,4.59393,1.87371,17.6448,0.964921,22.7241,0.42336,36.966,0.42336,423.524,0,1.02816,0,0,5.62209,4.59393,1.028160,1,0,254.754,0,0,0,254.754,0
72.29,2.20294,0,0,7.59504,0.303648,5.08845,3.6288,61.308,0.66528,0,0,2.07807,0.178511,0.254675,0.66528,12.849,1,0.391556,5.08845,0,247.07,3.67038,248.097,0.84672,12.849,0.84672,3695.15,0,36.966,0.42336,3.44276,1.8738,12.8793,0.964921,16.8076,0.42336,36.966,0.42336,423.524,0,1.02816,0,0,4.47092,3.44276,1.028160,1,0,265.159,0,0,0,265.159,0
72.29,2.20338,0,0,6.21886,0.303648,3.71184,3.6288,61.308,0.66528,0,0,1.48878,0.179624,0.643881,0.66528,12.849,1,0.391634,3.71184,0,203.536,3.67038,203.186,0.84672,12.849,0.84672,3695.15,0,36.966,0.42336,1.75961,1.8739,9.29111,0.964921,11.5363,0.42336,36.966,0.42336,423.524,0,1.02816,0,0,2.78777,1.75961,1.028160,1,0,215.366,0,0,0,215.366,0
72.29,2.20381,0,0,7.67924,0.288378,5.18705,3.6288,61.308,0.66528,0,0,2.24127,0.192496,1.38349,0.66528,12.849,1,0.391711,5.18705,0,215.119,3.74337,216.171,0.84672,12.849,0.84672,3695.15,0,36.966,0.42336,2.43328,1.87399,12.0248,1.04094,14.8677,0.42336,36.966,0.42336,423.524,0,1.02816,0,0,3.46144,2.43328,1.028160,1,0,232.422,0,0,0,232.422,0
72.29,2.29792,0,0,7.00125,0.302075,4.40126,3.6288,61.308,0.66528,0,0,2.0096,0.15391,1.19041,0.66528,12.849,1,0.408438,4.40126,0,180.941,3.69589,181.238,0.84672,12.849,0.84672,3695.15,0,36.966,0.42336,2.54855,1.87409,12.411,1.00266,15.4076,0.42336,36.966,0.42336,423.524,0,1.02816,0,0,3.57671,2.54855,1.028160,1,0,197.836,0,0,0,197.836,0
72.29,2.29837,0,0,5.5307,0.302075,2.93025,3.6288,61.308,0.66528,0,0,1.74954,0.15391,0.93035,0.66528,12.849,1,0.408518,2.93025,0,149.014,3.69589,147.84,0.84672,12.849,0.84672,3695.15,0,36.966,0.42336,2.18525,1.89486,10.409,1.00266,13.0631,0.42336,36.966,0.42336,423.524,0,1.02816,0,0,3.21341,2.18525,1.028160,1,0,161.833,0,0,0,161.833,0
72.29,2.29882,0,0,5.15956,0.302075,2.55866,3.6288,61.308,0.66528,0,0,2.16605,0.15391,1.34686,0.66528,12.849,1,0.408598,2.55866,0,149.51,3.69589,147.964,0.84672,12.849,0.84672,3695.15,0,36.966,0.42336,2.2168,1.89496,13.1642,1.00266,15.85,0.42336,36.966,0.42336,423.524,0,1.02816,0,0,3.24496,2.2168,1.028160,1,0,165.161,0,0,0,165.161,0
72.29,2.29927,0,0,4.88699,0.266177,2.32154,3.6288,61.308,0.66528,0,0,2.17265,0.176798,1.33057,0.66528,12.849,1,0.408678,2.32154,0,131.319,3.64202,129.59,0.84672,12.849,0.84672,3695.15,0,36.966,0.42336,2.51503,1.89506,9.70911,1.00993,12.6859,0.42336,36.966,0.42336,423.524,0,1.02816,0,0,3.54319,2.51503,1.028160,1,0,143.607,0,0,0,143.607,0
72.29,2.26307,0,0,4.40811,0.236697,1.90834,3.6288,61.308,0.66528,0,0,1.94155,0.178735,1.09753,0.66528,12.849,1,0.402243,1.90834,0,144.008,3.74965,141.765,0.84672,12.849,0.84672,3695.15,0,36.966,0.42336,3.00922,1.89516,7.62774,1.05581,11.0529,0.42336,36.966,0.42336,423.524,0,1.02816,0,0,4.03738,3.00922,1.028160,1,0,153.915,0,0,0,153.915,0
72.29,2.26351,0,0,3.92731,0.236697,1.4271,3.6288,61.308,0.66528,0,0,1.55981,0.178735,0.715791,0.66528,12.849,1,0.402322,1.4271,0,96.6591,3.74965,93.9343,0.84672,12.849,0.84672,3695.15,0,36.966,0.42336,2.37383,1.88717,6.65911,1.05581,9.44094,0.42336,36.966,0.42336,423.524,0,1.02816,0,0,3.40199,2.37383,1.028160,1,0,104.091,0,0,0,104.091,0
72.29,2.26396,0,0,3.5692,0.225672,1.07957,3.6288,61.308,0.66528,0,0,1.43589,0.181232,0.589378,0.66528,12.849,1,0.402401,1.07957,0,81.5003,3.79977,78.3777,0.84672,12.849,0.84672,3695.15,0,36.966,0.42336,2.0079,1.88727,6.15167,1.07359,8.54989,0.42336,36.966,0.42336,423.524,0,1.02816,0,0,3.03606,2.0079,1.028160,1,0,87.5169,0,0,0,87.5169,0
72.29,2.2644,0,0,3.18799,0.159526,0.764058,3.6288,61.308,0.66528,0,0,1.31795,0.196217,0.456449,0.66528,12.849,1,0.40248,0.764058,0,79.6556,4.10046,75.9167,0.84672,12.849,0.84672,3695.15,0,36.966,0.42336,1.80185,1.88737,6.04866,1.18027,8.13424,0.42336,36.966,0.42336,423.524,0,1.02816,0,0,2.83001,1.80185,1.028160,1,0,84.5074,0,0,0,84.5074,0
72.29,2.38934,0,0,3.32615,0.209092,0.727721,3.6288,61.308,0.66528,0,0,1.68176,0.186799,0.82968,0.66528,12.849,1,0.424686,0.727721,0,74.3809,4.40741,70.2765,0.84672,12.849,0.84672,3695.15,0,36.966,0.42336,1.55058,1.88746,5.57377,1.04837,7.54008,0.42336,36.966,0.42336,423.524,0,1.02816,0,0,2.57874,1.55058,1.028160,1,0,78.6463,0,0,0,78.6463,0
72.29,2.3898,0,0,3.23635,0.158836,0.687707,3.6288,61.308,0.66528,0,0,1.75352,0.195854,0.892389,0.66528,12.849,1,0.424769,0.687707,0,75.9456,4.66314,71.5454,0.84672,12.849,0.84672,3695.15,0,36.966,0.42336,2.07861,1.91504,6.45785,1.05902,8.96912,0.42336,36.966,0.42336,423.524,0,1.02816,0,0,3.10677,2.07861,1.028160,1,0,81.4069,0,0,0,81.4069,0
72.29,2.39027,0,0,2.8796,0.111327,0.378004,3.6288,61.308,0.66528,0,0,1.43776,0.212751,0.559726,0.66528,12.849,1,0.424852,0.378004,0,70.4393,4.88985,65.5026,0.84672,12.849,0.84672,3695.15,0,36.966,0.42336,1.61054,1.91514,5.52852,1.10463,7.52621,0.42336,36.966,0.42336,423.524,0,1.02816,0,0,2.6387,1.61054,1.028160,1,0,73.5886,0,0,0,73.5886,0
72.1157,2.39073,0,0,2.69061,0.111327,0.36288,3.6288,61.308,0.66528,0,0,1.1476,0.212751,0.269569,0.66528,12.849,1,0.424935,0.36288,0,64.8685,4.88985,59.9166,0.84672,12.849,0.84672,3695.15,0,36.966,0.42336,1.25698,1.91524,5.11126,1.10463,6.75549,0.42336,36.966,0.42336,423.524,0,1.02816,0,0,2.28514,1.25698,1.028160,1,0,66.9417,0,0,0,66.9417,0
72.29,2.39033,0,0,3.40781,0.11967,0.723476,3.6288,61.308,0.66528,0,0,1.23375,0.237296,0.331173,0.66528,12.849,1,0.42589,0.723476,0,69.1839,5.06427,64.4173,0.84672,12.849,0.84672,3695.15,0,36.966,0.42336,1.6706,1.91535,6.00317,1.15942,8.00633,0.42336,36.966,0.42336,423.524,0,1.02816,0,0,2.69876,1.6706,1.028160,1,0,72.7548,0,0,0,72.7548,0
72.29,2.36703,0,0,3.7797,0.105046,1.30763,3.6288,61.308,0.66528,0,0,1.29737,0.285179,0.346915,0.66528,12.849,1,0.420721,1.30763,0,72.7765,5.22673,68.4366,0.84672,12.849,0.84672,3695.15,0,36.966,0.42336,1.92466,1.91545,6.6312,1.29815,8.7498,0.42336,36.966,0.42336,423.524,0,1.02816,0,0,2.95282,1.92466,1.028160,1,0,77.5333,0,0,0,77.5333,0
72.29,2.36749,0,0,3.58754,0.0965821,1.12347,3.6288,61.308,0.66528,0,0,1.26118,0.296968,0.298933,0.66528,12.849,1,0.420803,1.12347,0,67.4447,5.23939,62.908,0.84672,12.849,0.84672,3695.15,0,36.966,0.42336,1.82179,1.91011,6.57425,1.33721,8.54559,0.42336,36.966,0.42336,423.524,0,1.02816,0,0,2.84995,1.82179,1.028160,1,0,71.7525,0,0,0,71.7525,0
72.29,2.36795,0,0,3.35059,0.0965821,0.886061,3.6288,61.308,0.66528,0,0,1.10436,0.296968,0.142117,0.66528,12.849,1,0.420885,0.886061,0,62.1043,5.23939,57.3301,0.84672,12.849,0.84672,3695.15,0,36.966,0.42336,1.71087,1.91021,6.23148,1.33721,8.09199,0.42336,36.966,0.42336,423.524,0,1.02816,0,0,2.73903,1.71087,1.028160,1,0,65.5642,0,0,0,65.5642,0
72.29,2.36841,0,0,3.17044,0.098504,0.703525,3.6288,61.308,0.66528,0,0,1.02556,0.297481,0.0627986,0.66528,12.849,1,0.420967,0.703525,0,59.0246,5.30361,54.0035,0.84672,12.849,0.84672,3695.15,0,36.966,0.42336,1.53282,1.91032,5.89496,1.32687,7.58786,0.42336,36.966,0.42336,423.524,0,1.02816,0,0,2.56098,1.53282,1.028160,1,0,61.6542,0,0,0,61.6542,0
72.29,2.43255,0,0,3.4684,0.0736962,0.962156,3.6288,61.308,0.66528,0,0,1.24745,0.331653,0.250518,0.66528,12.849,1,0.432367,0.962156,0,63.7488,5.95466,58.3239,0.84672,12.849,0.84672,3695.15,0,36.966,0.42336,1.65201,1.91042,5.85235,1.4223,7.56911,0.42336,36.966,0.42336,423.524,0,1.02816,0,0,2.68017,1.65201,1.028160,1,0,66.1435,0,0,0,66.1435,0
72.29,2.43302,0,0,3.38323,0.0736962,0.87651,3.6288,61.308,0.66528,0,0,1.14934,0.331653,0.152403,0.66528,12.849,1,0.432451,0.87651,0,63.6676,5.95466,58.157,0.84672,12.849,0.84672,3695.15,0,36.966,0.42336,1.89113,1.92457,6.27132,1.4223,8.24136,0.42336,36.966,0.42336,423.524,0,1.02816,0,0,2.91929,1.89113,1.028160,1,0,66.5508,0,0,0,66.5508,0
72.29,2.43349,0,0,3.1659,0.0736962,0.658715,3.6288,61.308,0.66528,0,0,1.06389,0.331653,0.066953,0.66528,12.849,1,0.432535,0.658715,0,57.4751,5.95466,51.7466,0.84672,12.849,0.84672,3695.15,0,36.966,0.42336,1.76584,1.92468,5.59692,1.4223,7.44178,0.42336,36.966,0.42336,423.524,0,1.02816,0,0,2.794,1.76584,1.028160,1,0,59.2554,0,0,0,59.2554,0
72.29,2.43396,0,0,2.90646,0.0736962,0.398801,3.6288,61.308,0.66528,0,0,1.05221,0.331653,0.0552717,0.66528,12.849,1,0.432619,0.398801,0,52.5392,5.95466,46.5507,0.84672,12.849,0.84672,3695.15,0,36.966,0.42336,1.53635,1.92478,5.47406,1.4223,7.08953,0.42336,36.966,0.42336,423.524,0,1.02816,0,0,2.56451,1.53635,1.028160,1,0,53.6955,0,0,0,53.6955,0
72.29,2.62103,0,0,3.5249,0.0289697,0.874904,3.6288,61.308,0.66528,0,0,1.3887,0.354749,0.368669,0.66528,12.849,1,0.465868,0.874904,0,61.7432,6.40758,55.7446,0.84672,12.849,0.84672,3695.15,0,36.966,0.42336,2.49301,1.92489,7.48455,1.49568,9.98341,0.42336,36.966,0.42336,423.524,0,1.02816,0,0,3.52117,2.49301,1.028160,1,0,66.0967,0,0,0,66.0967,0
72.29,2.62153,0,0,4.33275,0.0179403,1.69328,3.6288,61.308,0.66528,0,0,1.33402,0.360362,0.308383,0.66528,12.849,1,0.465958,1.69328,0,69.3298,6.48406,64.073,0.84672,12.849,0.84672,3695.15,0,36.966,0.42336,2.52995,1.96617,7.36943,1.50411,9.93808,0.42336,36.966,0.42336,423.524,0,1.02816,0,0,3.55811,2.52995,1.028160,1,0,74.3195,0,0,0,74.3195,0
72.1348,2.62204,0,0,2.87552,0.0457524,0.36288,3.6288,61.2559,0.66528,0,0,0.966159,0.35294,0,0.66528,12.849,1,0.466048,0.36288,0,48.6958,6.36318,42.2295,0.84672,12.849,0.84672,3695.15,0,36.966,0.42336,1.7347,1.96629,4.52385,1.48153,6.31994,0.42336,36.966,0.42336,423.524,0,1.02816,0,0,2.76286,1.7347,1.028160,1,0,48.5494,0,0,0,48.5494,0
71.4626,2.62169,0,0,2.41789,0.105597,0.36288,3.6288,61.2108,0.66528,0,0,0.951005,0.330832,0,0.66528,12.849,1,0.466988,0.36288,0,40.6191,6.26126,34.2538,0.84672,12.849,0.84672,3695.15,0,36.966,0.42336,1.81931,1.9664,4.08882,1.42249,6.02867,0.42336,36.966,0.42336,423.524,0,1.02816,0,0,2.84747,1.81931,1.028160,1,0,40.2825,0,0,0,40.2825,0
70.8432,2.61847,0,0,2.43261,0.0706277,0.36288,3.6288,61.0901,0.66528,0,0,0.890654,0.346147,0,0.66528,12.849,1,0.470803,0.36288,0,44.6812,6.38365,38.1896,0.84672,12.849,0.84672,3695.15,0,36.966,0.42336,1.47093,1.96651,4.95054,1.44455,6.52007,0.42336,36.966,0.42336,423.524,0,1.02816,0,0,2.49909,1.47093,1.028160,1,0,44.7097,0,0,0,44.7097,0
70.3208,2.52476,0,0,2.46265,0.0973994,0.36288,3.6288,60.9911,0.66528,0,0,0.880822,0.314527,0,0.66528,12.849,1,0.457921,0.36288,0,39.3384,5.27474,33.9687,0.84672,12.849,0.84672,3695.15,0,36.966,0.42336,1.20494,1.96662,6.14306,1.15004,7.74122,0.42336,36.966,0.42336,423.524,0,1.02816,0,0,2.2331,1.20494,1.028160,1,0,41.7099,0,0,0,41.7099,0
70.0407,2.52237,0,0,2.77474,0.169609,0.36288,3.6288,61.2781,0.66528,0,0,1.23378,0.281466,0,0.66528,12.849,1,0.460886,0.36288,0,37.9327,4.41829,33.4164,0.84672,12.849,0.84672,3695.15,0,36.966,0.42336,1.88251,1.94664,8.20385,0.963019,10.6466,0.42336,36.966,0.42336,423.524,0,1.02816,0,0,2.91067,1.88251,1.028160,1,0,44.063,0,0,0,44.063,0
69.5872,2.5213,0,0,2.60297,0.172273,0.36288,3.6288,61.308,0.66528,0,0,1.25347,0.282984,0.275322,0.66528,12.849,1,0.462533,0.36288,0,46.6894,4.43457,42.1551,0.84672,12.849,0.84672,3695.15,0,36.966,0.42336,1.79592,1.94675,8.30062,0.972339,10.6476,0.42336,36.966,0.42336,423.524,0,1.02816,0,0,2.82408,1.79592,1.028160,1,0,53.078,0,0,0,53.078,0
69.4557,2.51924,0,0,2.92229,0.17167,0.36288,3.6288,61.308,0.66528,0,0,1.56108,0.283037,0.612758,0.66528,12.849,1,0.465167,0.36288,0,75.1157,4.43457,70.5789,0.84672,12.849,0.84672,3695.15,0,36.966,0.42336,2.34438,1.94686,10.5673,0.972339,13.4629,0.42336,36.966,0.42336,423.524,0,1.02816,0,0,3.37254,2.34438,1.028160,1,0,84.6545,0,0,0,84.6545,0
67.9819,2.44468,0,0,1.48121,0.147419,0.36288,3.6288,61.1057,0.66528,0,0,0.683942,0.220973,0,0.66528,12.849,1,0.452255,0.36288,0,25.6595,3.80496,21.7652,0.84672,12.849,0.84672,3695.15,0,36.966,0.42336,0.496377,1.94697,5.47332,0.855247,6.63806,0.42336,36.966,0.42336,423.524,0,1.02816,0,0,1.52454,0.496377,1.028160,1,0,28.4032,0,0,0,28.4032,0
66.3004,2.43691,0,0,1.31979,0.201521,0.36288,3.6288,60.56,0.798301,0,0,0.467209,0.21457,0,0.66528,12.849,1,0.460591,0.36288,0,22.5829,3.86337,18.6218,0.84672,12.849,0.84672,3695.15,0,36.966,0.42336,0.216518,1.93058,4.57373,0.929654,5.36781,0.42336,36.966,0.42336,423.524,0,0.895139,0,0,1.11166,0.216518,1.028160,1,0,23.9896,0,0,0,23.9896,0
65.0522,2.42759,0,0,1.74112,0.198863,0.36288,3.6288,60.7441,0.66528,0,0,1.06315,0.213829,0,0.66528,12.849,1,0.470467,0.36288,0,30.2143,3.86337,26.2434,0.84672,12.849,0.84672,3695.15,0,36.966,0.42336,1.80631,1.93068,8.12983,0.929654,10.5138,0.42336,36.966,0.42336,423.524,0,1.02816,0,0,2.83447,1.80631,1.028160,1,0,36.7572,0,0,0,36.7572,0
66.7835,2.42053,0,0,4.71159,0.19689,0.36288,3.6288,61.308,0.66528,0,0,2.47112,0.214079,1.02783,0.66528,12.849,1,0.478098,0.36288,0,90.2437,3.86337,86.2651,0.84672,12.849,0.84672,3695.15,0,36.966,0.42336,4.09298,1.93079,14.1694,0.929654,18.8402,0.42336,36.966,0.42336,423.524,0,1.02816,0,0,5.12114,4.09298,1.028160,1,0,106.133,0,0,0,106.133,0
66.9898,2.22154,0,0,3.04194,0.251234,0.36288,3.6288,61.308,0.66528,0,0,1.84518,0.207423,0.972473,0.66528,12.849,1,0.42742,0.36288,0,115.4,4.30392,111.032,0.84672,12.849,0.84672,3695.15,0,36.966,0.42336,1.85214,1.93089,13.6202,1.12679,15.8531,0.42336,36.966,0.42336,423.524,0,1.02816,0,0,2.8803,1.85214,1.028160,1,0,127.857,0,0,0,127.857,0
67.4599,2.22308,0,0,3.31308,0.257034,0.36288,3.6288,61.308,0.66528,0,0,2.11433,0.215418,1.23363,0.66528,12.849,1,0.426399,0.36288,0,99.1777,4.63249,94.4817,0.84672,12.849,0.84672,3695.15,0,36.966,0.42336,2.09234,1.8841,14.1321,1.2488,16.4364,0.42336,36.966,0.42336,423.524,0,1.02816,0,0,3.1205,2.09234,1.028160,1,0,112.152,0,0,0,112.152,0
68.4772,2.22601,0,0,3.86418,0.257989,0.36288,3.6288,61.308,0.66528,0,0,3.02602,0.215418,2.14532,0.66528,12.849,1,0.423986,0.36288,0,98.4226,4.63249,93.729,0.84672,12.849,0.84672,3695.15,0,36.966,0.42336,2.2584,1.8842,16.3763,1.2488,18.8468,0.42336,36.966,0.42336,423.524,0,1.02816,0,0,3.28656,2.2584,1.028160,1,0,114.721,0,0,0,114.721,0
70.2403,2.23175,0,0,4.65224,0.294506,0.36288,3.6288,61.308,0.66528,0,0,2.44108,0.203501,1.5723,0.66528,12.849,1,0.418765,0.36288,0,152.489,4.16419,148.269,0.84672,12.849,0.84672,3695.15,0,36.966,0.42336,1.95593,1.8843,18.842,1.15366,21.1052,0.42336,36.966,0.42336,423.524,0,1.02816,0,0,2.98409,1.95593,1.028160,1,0,170.947,0,0,0,170.947,0
72.29,2.24108,0,0,7.21407,0.29475,2.6285,3.6288,61.308,0.66528,0,0,4.43336,0.197156,3.57092,0.66528,12.849,1,0.409959,2.6285,0,176.38,3.72493,174.874,0.84672,12.849,0.84672,3695.15,0,36.966,0.42336,4.10567,1.8844,23.785,1.0721,28.2796,0.42336,36.966,0.42336,423.524,0,1.02816,0,0,5.13383,4.10567,1.028160,1,0,206.725,0,0,0,206.725,0
72.29,2.33317,0,0,5.24623,0.254245,2.65881,3.6288,61.308,0.66528,0,0,1.39914,0.193212,0.540644,0.66528,12.849,1,0.414703,2.65881,0,86.114,3.09508,85.263,0.84672,12.849,0.84672,3695.15,0,36.966,0.42336,1.82943,1.88449,11.5267,0.963345,13.8539,0.42336,36.966,0.42336,423.524,0,1.02816,0,0,2.85759,1.82943,1.028160,1,0,99.6576,0,0,0,99.6576,0
72.29,2.3336,0,0,4.25091,0.254245,1.66306,3.6288,61.308,0.66528,0,0,1.22454,0.193212,0.366047,0.66528,12.849,1,0.414779,1.66306,0,70.1974,3.09508,68.3506,0.84672,12.849,0.84672,3695.15,0,36.966,0.42336,1.43161,1.90264,9.11408,0.963345,11.0616,0.42336,36.966,0.42336,423.524,0,1.02816,0,0,2.45977,1.43161,1.028160,1,0,79.7783,0,0,0,79.7783,0
72.29,2.33403,0,0,4.88259,0.330969,2.21759,3.6288,61.308,0.66528,0,0,1.62818,0.194015,0.768888,0.66528,12.849,1,0.414855,2.21759,0,68.6232,3.2881,67.1378,0.84672,12.849,0.84672,3695.15,0,36.966,0.42336,1.79444,1.90273,10.1193,1.02013,12.3729,0.42336,36.966,0.42336,423.524,0,1.02816,0,0,2.8226,1.79444,1.028160,1,0,80.2797,0,0,0,80.2797,0
72.29,2.33446,0,0,5.24572,0.326521,2.58475,3.6288,61.308,0.66528,0,0,1.24078,0.18845,0.387051,0.66528,12.849,1,0.414932,2.58475,0,70.1024,3.07913,69.1931,0.84672,12.849,0.84672,3695.15,0,36.966,0.42336,1.66429,1.90283,8.36862,0.864799,10.6476,0.42336,36.966,0.42336,423.524,0,1.02816,0,0,2.69245,1.66429,1.028160,1,0,80.2277,0,0,0,80.2277,0
72.29,2.59769,0,0,8.6429,0.2675,5.77772,3.6288,61.308,0.66528,0,0,2.9499,0.184493,2.10013,0.66528,12.849,1,0.461719,5.77772,0,145.181,3.54946,146.947,0.84672,12.849,0.84672,3695.15,0,36.966,0.42336,4.36197,1.90292,17.9834,0.954111,22.8708,0.42336,36.966,0.42336,423.524,0,1.02816,0,0,5.39013,4.36197,1.028160,1,0,171.918,0,0,0,171.918,0
72.29,2.59816,0,0,8.06809,0.286582,5.18335,3.6288,61.308,0.66528,0,0,2.24435,0.16876,1.41031,0.66528,12.849,1,0.461803,5.18335,0,165.242,3.7154,166.248,0.84672,12.849,0.84672,3695.15,0,36.966,0.42336,2.87495,1.96102,13.6712,0.930663,17.1532,0.42336,36.966,0.42336,423.524,0,1.02816,0,0,3.90311,2.87495,1.028160,1,0,184.811,0,0,0,184.811,0
72.29,2.59863,0,0,14.1665,0.338737,11.2291,3.6288,61.308,0.66528,0,0,2.54368,0.198603,1.67979,0.66528,12.849,1,0.461886,11.2291,0,200.908,3.66783,208.007,0.84672,12.849,0.84672,3695.15,0,36.966,0.42336,4.68855,1.96113,16.8359,0.963582,22.0986,0.42336,36.966,0.42336,423.524,0,1.02816,0,0,5.71671,4.68855,1.028160,1,0,231.785,0,0,0,231.785,0
72.29,2.5991,0,0,6.49255,0.343815,3.54963,3.6288,61.308,0.66528,0,0,2.00866,0.205461,1.13792,0.66528,12.849,1,0.46197,3.54963,0,161.131,3.64896,160.57,0.84672,12.849,0.84672,3695.15,0,36.966,0.42336,2.04395,1.96123,15.0867,0.97386,17.6947,0.42336,36.966,0.42336,423.524,0,1.02816,0,0,3.07211,2.04395,1.028160,1,0,179.402,0,0,0,179.402,0
72.29,2.22449,0,0,10.4236,0.34792,7.85114,3.6288,61.308,0.66528,0,0,4.31346,0.194911,3.45327,0.66528,12.849,1,0.395387,7.85114,0,283.897,4.31352,287.039,0.84672,12.849,0.84672,3695.15,0,36.966,0.42336,4.6579,1.96133,22.2751,1.01932,27.4517,0.42336,36.966,0.42336,423.524,0,1.02816,0,0,5.68606,4.6579,1.028160,1,0,317.944,0,0,0,317.944,0
72.29,2.22491,0,0,8.29138,0.348604,5.71787,3.6288,61.308,0.66528,0,0,1.99219,0.193153,1.13376,0.66528,12.849,1,0.39546,5.71787,0,231.442,4.42428,232.34,0.84672,12.849,0.84672,3695.15,0,36.966,0.42336,3.3908,1.87865,16.6749,1.0269,20.4941,0.42336,36.966,0.42336,423.524,0,1.02816,0,0,4.41896,3.3908,1.028160,1,0,253.968,0,0,0,253.968,0
72.29,2.22532,0,0,12.4192,0.348604,9.8453,3.6288,61.308,0.66528,0,0,5.67763,0.193153,4.8192,0.66528,12.849,1,0.395533,9.8453,0,249.651,4.42428,254.677,0.84672,12.849,0.84672,3695.15,0,36.966,0.42336,7.86171,1.87875,25.1151,1.0269,33.4053,0.42336,36.966,0.42336,423.524,0,1.02816,0,0,8.88987,7.86171,1.028160,1,0,292.901,0,0,0,292.901,0
72.29,2.22573,0,0,14.5099,0.349669,11.9345,3.6288,61.308,0.66528,0,0,4.75077,0.147734,3.93776,0.66528,12.849,1,0.395606,11.9345,0,238.967,4.2159,246.29,0.84672,12.849,0.84672,3695.15,0,36.966,0.42336,5.72718,1.87884,26.1866,0.951798,32.4175,0.42336,36.966,0.42336,423.524,0,1.02816,0,0,6.75534,5.72718,1.028160,1,0,282.645,0,0,0,282.645,0
72.29,2.22614,0,0,11.1574,0.33944,8.59186,3.6288,61.308,0.66528,0,0,3.43052,0.156976,2.60826,0.66528,12.849,1,0.39568,8.59186,0,230.652,4.44637,234.402,0.84672,12.849,0.84672,3695.15,0,36.966,0.42336,4.64744,1.87893,20.959,0.950257,26.1117,0.42336,36.966,0.42336,423.524,0,1.02816,0,0,5.6756,4.64744,1.028160,1,0,263.122,0,0,0,263.122,0
72.29,2.32104,0,0,14.3293,0.298305,11.7099,3.6288,61.308,0.66528,0,0,6.88617,0.200678,6.02021,0.66528,12.849,1,0.412547,11.7099,0,370.145,4.7586,376.683,0.84672,12.849,0.84672,3695.15,0,36.966,0.42336,7.45623,1.87902,30.3397,0.994075,38.2575,0.42336,36.966,0.42336,423.524,0,1.02816,0,0,8.48439,7.45623,1.028160,1,0,420.961,0,0,0,420.961,0
72.29,2.10523,0,0,11.2886,0.298305,8.88505,3.6288,61.308,0.664021,0,0,5.2286,0.200678,4.3639,0.66528,12.849,1,0.374189,8.88505,0,319.1,4.7586,322.853,0.84672,12.849,0.84672,3695.15,0,36.966,0.42336,6.13328,1.89996,23.3089,0.994075,29.9247,0.42336,36.966,0.42336,423.524,0,1.02816,0,0,7.16144,6.13328,1.028160,1,0,357.141,0,0,0,357.141,0
72.29,2.10563,0,0,9.11269,0.298305,6.70876,3.6288,61.308,0.664291,0,0,4.17736,0.200678,3.31239,0.66528,12.849,1,0.374259,6.70876,0,244.813,4.7586,246.389,0.84672,12.849,0.84672,3695.15,0,36.966,0.42336,5.7246,1.85136,16.7743,0.994075,22.9328,0.42336,36.966,0.42336,423.524,0,1.02816,0,0,6.75276,5.7246,1.028160,1,0,272.634,0,0,0,272.634,0
72.29,2.10602,0,0,8.39886,0.286182,6.00666,3.6288,61.308,0.664561,0,0,3.63724,0.201261,2.77142,0.66528,12.849,1,0.374329,6.00666,0,228.175,4.69441,229.113,0.84672,12.849,0.84672,3695.15,0,36.966,0.42336,5.45795,1.85166,14.8808,0.993461,20.7735,0.42336,36.966,0.42336,423.524,0,1.02816,0,0,6.48611,5.45795,1.028160,1,0,252.657,0,0,0,252.657,0
72.29,2.07242,0,0,6.77091,0.238614,4.45987,3.6288,61.308,0.639407,0,0,1.88208,0.201704,1.04097,0.66528,12.849,1,0.368358,4.45987,0,153.134,4.37469,152.851,0.84672,12.849,0.84672,3695.15,0,36.966,0.42336,3.94403,1.85195,12.5934,1.04363,16.9224,0.42336,36.966,0.42336,423.524,0,1.02816,0,0,4.97219,3.94403,1.028160,1,0,170.815,0,0,0,170.815,0
72.29,2.07281,0,0,6.30564,0.230037,4.0028,3.6288,61.308,0.639673,0,0,1.54058,0.21725,0.683659,0.66528,12.849,1,0.368427,4.0028,0,142.676,4.63485,141.675,0.84672,12.849,0.84672,3695.15,0,36.966,0.42336,3.02485,1.8251,12.2753,1.12575,15.5761,0.42336,36.966,0.42336,423.524,0,1.02816,0,0,4.05301,3.02485,1.028160,1,0,157.935,0,0,0,157.935,0
72.29,2.28662,0,0,6.04134,0.173858,3.58086,3.6288,61.308,0.66528,0,0,1.47982,0.243408,0.571128,0.66528,12.849,1,0.40643,3.58086,0,129.584,4.86549,127.893,0.84672,12.849,0.84672,3695.15,0,36.966,0.42336,3.4173,1.82539,11.0411,1.13952,14.721,0.42336,36.966,0.42336,423.524,0,1.02816,0,0,4.44546,3.4173,1.028160,1,0,143.185,0,0,0,143.185,0
72.29,2.28704,0,0,5.56696,0.173858,3.10606,3.6288,61.308,0.66528,0,0,1.52287,0.243408,0.614181,0.66528,12.849,1,0.406505,3.10606,0,118.451,4.86549,116.285,0.84672,12.849,0.84672,3695.15,0,36.966,0.42336,3.20644,1.89237,9.65745,1.13952,13.1934,0.42336,36.966,0.42336,423.524,0,1.02816,0,0,4.2346,3.20644,1.028160,1,0,130.093,0,0,0,130.093,0
72.29,2.41303,0,0,5.60934,0.188565,3.00775,3.6288,61.308,0.66528,0,0,1.28677,0.249828,0.371665,0.66528,12.849,1,0.428898,3.00775,0,107.814,4.76289,105.63,0.84672,12.849,0.84672,3695.15,0,36.966,0.42336,2.61401,1.89246,8.88676,1.25187,11.718,0.42336,36.966,0.42336,423.524,0,1.02816,0,0,3.64217,2.61401,1.028160,1,0,117.72,0,0,0,117.72,0
72.29,2.41347,0,0,5.05083,0.133769,2.50359,3.6288,61.308,0.66528,0,0,1.23366,0.245215,0.323167,0.66528,12.849,1,0.428976,2.50359,0,93.8027,4.57533,91.302,0.84672,12.849,0.84672,3695.15,0,36.966,0.42336,2.29408,1.92027,8.2626,1.17747,10.8761,0.42336,36.966,0.42336,423.524,0,1.02816,0,0,3.32224,2.29408,1.028160,1,0,102.501,0,0,0,102.501,0
72.29,2.41391,0,0,4.68534,0.123656,2.14777,3.6288,61.308,0.66528,0,0,1.13148,0.244019,0.222178,0.66528,12.849,1,0.429055,2.14777,0,85.6215,4.55091,82.7893,0.84672,12.849,0.84672,3695.15,0,36.966,0.42336,2.25599,1.92036,8.09309,1.15758,10.6885,0.42336,36.966,0.42336,423.524,0,1.02816,0,0,3.28415,2.25599,1.028160,1,0,93.7,0,0,0,93.7,0
72.29,2.41435,0,0,4.4835,0.123656,1.94549,3.6288,61.308,0.66528,0,0,1.13243,0.244019,0.223129,0.66528,12.849,1,0.429133,1.94549,0,81.1365,4.55091,78.102,0.84672,12.849,0.84672,3695.15,0,36.966,0.42336,2.10849,1.92046,7.99572,1.15758,10.4437,0.42336,36.966,0.42336,423.524,0,1.02816,0,0,3.13665,2.10849,1.028160,1,0,88.7688,0,0,0,88.7688,0
72.29,2.4148,0,0,5.23598,0.10429,2.71689,3.6288,61.308,0.66528,0,0,1.23126,0.257178,0.308802,0.66528,12.849,1,0.429212,2.71689,0,90.6155,4.8725,88.0306,0.84672,12.849,0.84672,3695.15,0,36.966,0.42336,2.39534,1.92056,9.23054,1.23355,11.8895,0.42336,36.966,0.42336,423.524,0,1.02816,0,0,3.4235,2.39534,1.028160,1,0,100.229,0,0,0,100.229,0
72.29,2.39039,0,0,5.0201,0.0789274,2.55079,3.6288,61.308,0.66528,0,0,1.21173,0.294022,0.252432,0.66528,12.849,1,0.424873,2.55079,0,85.7883,5.69152,82.2227,0.84672,12.849,0.84672,3695.15,0,36.966,0.42336,1.65533,1.92066,7.21276,1.36601,8.99938,0.42336,36.966,0.42336,423.524,0,1.02816,0,0,2.68349,1.65533,1.028160,1,0,91.4745,0,0,0,91.4745,0
72.29,2.39082,0,0,4.58608,0.0789274,2.11633,3.6288,61.308,0.66528,0,0,1.17888,0.294022,0.219582,0.66528,12.849,1,0.424951,2.11633,0,77.5889,5.69152,73.5888,0.84672,12.849,0.84672,3695.15,0,36.966,0.42336,1.54316,1.91527,6.92479,1.36601,8.59384,0.42336,36.966,0.42336,423.524,0,1.02816,0,0,2.57132,1.54316,1.028160,1,0,82.4022,0,0,0,82.4022,0
72.29,2.39126,0,0,4.35829,0.0789274,1.8881,3.6288,61.308,0.66528,0,0,1.08848,0.294022,0.129182,0.66528,12.849,1,0.425029,1.8881,0,70.9076,5.69152,66.6792,0.84672,12.849,0.84672,3695.15,0,36.966,0.42336,1.23475,1.91537,6.7449,1.36601,8.10565,0.42336,36.966,0.42336,423.524,0,1.02816,0,0,2.26291,1.23475,1.028160,1,0,74.914,0,0,0,74.914,0
72.29,2.3917,0,0,4.21995,0.0789274,1.74932,3.6288,61.308,0.66528,0,0,1.04617,0.294022,0.0868722,0.66528,12.849,1,0.425106,1.74932,0,63.3191,5.69152,58.9518,0.84672,12.849,0.84672,3695.15,0,36.966,0.42336,1.11895,1.91546,6.71786,1.36601,7.9629,0.42336,36.966,0.42336,423.524,0,1.02816,0,0,2.14711,1.11895,1.028160,1,0,67.0016,0,0,0,67.0016,0
72.29,2.45635,0,0,4.11029,0.0581681,1.59577,3.6288,61.2848,0.66528,0,0,0.987967,0.345874,0,0.66528,12.849,1,0.436598,1.59577,0,63.6311,5.78529,59.005,0.84672,12.849,0.84672,3695.15,0,36.966,0.42336,1.15881,1.91556,5.86071,1.48398,7.02773,0.42336,36.966,0.42336,423.524,0,1.02816,0,0,2.18697,1.15881,1.028160,1,0,66.0327,0,0,0,66.0327,0
72.29,2.4568,0,0,4.00933,0.0581681,1.49436,3.6288,61.184,0.66528,0,0,0.910259,0.345823,0,0.66528,12.849,1,0.436678,1.49436,0,63.5504,5.78529,58.8228,0.84672,12.849,0.84672,3695.15,0,36.966,0.42336,1.35393,1.92983,6.28016,1.48398,7.65658,0.42336,36.966,0.42336,423.524,0,1.02816,0,0,2.38209,1.35393,1.028160,1,0,66.4794,0,0,0,66.4794,0
72.29,2.45725,0,0,3.75182,0.0581681,1.2364,3.6288,61.0157,0.66528,0,0,0.842564,0.345602,0,0.66528,12.849,1,0.436758,1.2364,0,57.3696,5.78529,52.3839,0.84672,12.849,0.84672,3695.15,0,36.966,0.42336,1.2517,1.92993,5.60498,1.48398,6.87927,0.42336,36.966,0.42336,423.524,0,1.02816,0,0,2.27986,1.2517,1.028160,1,0,59.2632,0,0,0,59.2632,0
72.29,2.4577,0,0,3.44434,0.0581681,0.928478,3.6288,60.8384,0.66528,0,0,0.833311,0.345234,0,0.66528,12.849,1,0.436837,0.928478,0,52.4426,5.78529,47.149,0.84672,12.849,0.84672,3695.15,0,36.966,0.42336,1.06444,1.93003,5.48191,1.48398,6.56903,0.42336,36.966,0.42336,423.524,0,1.02816,0,0,2.0926,1.06444,1.028160,1,0,53.718,0,0,0,53.718,0
72.29,2.64632,0,0,3.95781,0.0477658,1.26372,3.6288,60.7319,0.66528,0,0,0.905368,0.346661,0,0.66528,12.849,1,0.470364,1.26372,0,51.7923,5.81844,46.7672,0.84672,12.849,0.84672,3695.15,0,36.966,0.42336,1.25624,1.93013,5.99377,1.52723,7.22954,0.42336,36.966,0.42336,423.524,0,1.02816,0,0,2.2844,1.25624,1.028160,1,0,53.9968,0,0,0,53.9968,0
72.29,2.6468,0,0,3.96284,0.0571171,1.25892,3.6288,60.7201,0.66528,0,0,0.992287,0.338754,0,0.66528,12.849,1,0.470449,1.25892,0,59.651,5.58159,54.8579,0.84672,12.849,0.84672,3695.15,0,36.966,0.42336,1.18472,1.97176,4.42935,1.50737,5.65509,0.42336,36.966,0.42336,423.524,0,1.02816,0,0,2.21288,1.18472,1.028160,1,0,60.513,0,0,0,60.513,0
72.29,2.64728,0,0,3.26019,0.0571171,0.555794,3.6288,60.4388,0.66528,0,0,0.722667,0.338729,0,0.66528,12.849,1,0.470534,0.555794,0,54.6496,5.58159,49.1532,0.84672,12.849,0.84672,3695.15,0,36.966,0.42336,0.48422,1.97186,3.62784,1.50737,4.15319,0.42336,36.966,0.42336,423.524,0,1.02816,0,0,1.51238,0.48422,1.028160,1,0,53.3064,0,0,0,53.3064,0
72.29,2.64776,0,0,4.06278,0.0571171,1.3579,3.6288,60.6873,0.66528,0,0,1.25188,0.338124,0,0.66528,12.849,1,0.470619,1.3579,0,53.2701,5.58159,48.5758,0.84672,12.849,0.84672,3695.15,0,36.966,0.42336,1.96055,1.97197,5.65822,1.50737,7.65999,0.42336,36.966,0.42336,423.524,0,1.02816,0,0,2.98871,1.96055,1.028160,1,0,56.2358,0,0,0,56.2358,0
72.29,2.64824,0,0,3.1447,0.0851346,0.411329,3.6288,60.5297,0.66528,0,0,0.797619,0.289853,0,0.66528,12.849,1,0.470704,0.411329,0,43.7693,4.48765,39.2223,0.84672,12.849,0.84672,3695.15,0,36.966,0.42336,0.769971,1.97207,5.59946,1.10847,6.80968,0.42336,36.966,0.42336,423.524,0,1.02816,0,0,1.79813,0.769971,1.028160,1,0,46.0319,0,0,0,46.0319,0
72.29,2.55693,0,0,3.28287,0.132979,0.59296,3.6288,60.2714,0.66528,0,0,0.69463,0.287736,0,0.66528,12.849,1,0.454475,0.59296,0,52.8715,4.98761,48.0224,0.84672,12.849,0.84672,3695.15,0,36.966,0.42336,0.260081,1.97218,6.29042,1.37041,6.72891,0.42336,36.966,0.42336,423.524,0,1.02816,0,0,1.28824,0.260081,1.028160,1,0,54.7513,0,0,0,54.7513,0
72.071,2.5574,0,0,2.83429,0.132979,0.36288,3.6288,60.3245,0.66528,0,0,1.00571,0.287264,0,0.66528,12.849,1,0.454558,0.36288,0,45.7618,4.98761,40.6826,0.84672,12.849,0.84672,3695.15,0,36.966,0.42336,1.1909,1.95203,7.16853,1.37041,8.51769,0.42336,36.966,0.42336,423.524,0,1.02816,0,0,2.21906,1.1909,1.028160,1,0,49.2003,0,0,0,49.2003,0
71.4783,2.55669,0,0,2.4596,0.132758,0.36288,3.6288,59.9284,0.66528,0,0,0.556524,0.287361,0,0.66528,12.849,1,0.455813,0.36288,0,46.9886,4.98761,41.9081,0.84672,12.849,0.84672,3695.15,0,36.966,0.42336,0.264514,1.95213,5.31718,1.37041,5.74005,0.42336,36.966,0.42336,423.524,0,1.02816,0,0,1.29267,0.264514,1.028160,1,0,47.6482,0,0,0,47.6482,0
70.8219,2.55395,0,0,2.39258,0.13216,0.36288,3.6288,59.4287,0.727903,0,0,0.51485,0.286637,0,0.66528,12.849,1,0.4591,0.36288,0,42.9231,4.98761,37.8393,0.84672,12.849,0.84672,3695.15,0,36.966,0.42336,0.216518,1.95223,5.22466,1.37041,5.59964,0.42336,36.966,0.42336,423.524,0,0.965537,0,0,1.18206,0.216518,1.028160,1,0,43.4389,0,0,0,43.4389,0
69.158,2.47566,0,0,1.43689,0.262294,0.36288,3.6288,59.0545,0.781972,0,0,0.608314,0.200561,0,0.66528,12.849,1,0.449151,0.36288,0,34.2935,4.00012,30.2071,0.84672,12.849,0.84672,3695.15,0,36.966,0.42336,0.216518,1.95233,5.11604,1.08613,5.7754,0.42336,36.966,0.42336,423.524,0,0.911468,0,0,1.12799,0.216518,1.028160,1,0,35.9825,0,0,0,35.9825,0
68.4147,2.46699,0,0,2.3447,0.258111,0.36288,3.6288,59.5917,0.66528,0,0,1.40584,0.203358,0,0.66528,12.849,1,0.458348,0.36288,0,48.6383,4.07778,44.465,0.84672,12.849,0.84672,3695.15,0,36.966,0.42336,1.39383,1.9358,8.15185,1.11447,9.94365,0.42336,36.966,0.42336,423.524,0,1.02816,0,0,2.42199,1.39383,1.028160,1,0,54.4087,0,0,0,54.4087,0
66.7693,2.46325,0,0,1.43737,0.25662,0.36288,3.6288,59.8902,0.66528,0,0,1.16781,0.204058,0,0.66528,12.849,1,0.462624,0.36288,0,29.027,4.07778,24.8495,0.84672,12.849,0.84672,3695.15,0,36.966,0.42336,1.18836,1.9359,8.19002,1.11447,9.77646,0.42336,36.966,0.42336,423.524,0,1.02816,0,0,2.21652,1.18836,1.028160,1,0,34.626,0,0,0,34.626,0
66.0874,2.45414,0,0,2.4497,0.314624,0.36288,3.6288,60.0998,0.66528,0,0,1.09983,0.224958,0,0.66528,12.849,1,0.472271,0.36288,0,68.8916,4.42572,64.3564,0.84672,12.849,0.84672,3695.15,0,36.966,0.42336,1.02696,1.936,10.1277,1.1957,11.4716,0.42336,36.966,0.42336,423.524,0,1.02816,0,0,2.05512,1.02696,1.028160,1,0,75.828,0,0,0,75.828,0
67.4651,2.23926,0,0,4.27213,0.292235,0.36288,3.6288,60.4768,0.66528,0,0,1.28059,0.238258,0,0.66528,12.849,1,0.435367,0.36288,0,125.499,4.30234,121.124,0.84672,12.849,0.84672,3695.15,0,36.966,0.42336,2.16019,1.9361,10.9022,1.06123,13.5139,0.42336,36.966,0.42336,423.524,0,1.02816,0,0,3.18835,2.16019,1.028160,1,0,134.638,0,0,0,134.638,0
68.1034,2.24714,0,0,3.5328,0.284455,0.36288,3.6288,61.1468,0.66528,0,0,1.55326,0.217983,0,0.66528,12.849,1,0.427977,0.36288,0,139.766,4.17963,135.521,0.84672,12.849,0.84672,3695.15,0,36.966,0.42336,4.20887,1.88891,16.5885,1.03312,21.2298,0.42336,36.966,0.42336,423.524,0,1.02816,0,0,5.23703,4.20887,1.028160,1,0,156.751,0,0,0,156.751,0
69.1105,2.25093,0,0,3.9068,0.285885,0.36288,3.6288,61.308,0.66528,0,0,1.31946,0.218912,0.274081,0.66528,12.849,1,0.42468,0.36288,0,155.818,4.17963,151.577,0.84672,12.849,0.84672,3695.15,0,36.966,0.42336,2.03643,1.88901,12.1184,1.03312,14.5873,0.42336,36.966,0.42336,423.524,0,1.02816,0,0,3.06459,2.03643,1.028160,1,0,166.438,0,0,0,166.438,0
71.6883,2.25656,0,0,5.48536,0.288142,0.36288,3.6288,61.308,0.66528,0,0,3.21875,0.219135,2.33433,0.66528,12.849,1,0.419539,0.36288,0,219.88,4.17963,215.644,0.84672,12.849,0.84672,3695.15,0,36.966,0.42336,3.23846,1.8891,15.9296,1.03312,19.6007,0.42336,36.966,0.42336,423.524,0,1.02816,0,0,4.26662,3.23846,1.028160,1,0,237.579,0,0,0,237.579,0
72.29,2.26977,0,0,3.93638,0.289922,0.775003,3.6288,61.308,0.66528,0,0,3.16767,0.212372,2.29002,0.66528,12.849,1,0.406821,0.775003,0,136.498,4.21104,132.655,0.84672,12.849,0.84672,3695.15,0,36.966,0.42336,3.00751,1.88919,14.7413,0.986075,18.2286,0.42336,36.966,0.42336,423.524,0,1.02816,0,0,4.03567,3.00751,1.028160,1,0,153.174,0,0,0,153.174,0
72.29,2.35552,0,0,6.52293,0.290274,3.87714,3.6288,61.308,0.66528,0,0,3.16922,0.212435,2.29151,0.66528,12.849,1,0.418676,3.87714,0,172.981,4.82811,171.611,0.84672,12.849,0.84672,3695.15,0,36.966,0.42336,3.07117,1.88928,16.7701,1.01271,20.2944,0.42336,36.966,0.42336,423.524,0,1.02816,0,0,4.09933,3.07117,1.028160,1,0,194.197,0,0,0,194.197,0
72.29,2.35593,0,0,6.61878,0.290274,3.97257,3.6288,61.308,0.66528,0,0,2.57144,0.212435,1.69372,0.66528,12.849,1,0.418748,3.97257,0,149.359,4.82811,148.085,0.84672,12.849,0.84672,3695.15,0,36.966,0.42336,2.43318,1.90757,12.2757,1.01271,15.1804,0.42336,36.966,0.42336,423.524,0,1.02816,0,0,3.46134,2.43318,1.028160,1,0,164.959,0,0,0,164.959,0
72.29,2.35633,0,0,6.57885,0.290274,3.93224,3.6288,61.308,0.66528,0,0,3.21114,0.212435,2.33343,0.66528,12.849,1,0.41882,3.93224,0,186.028,4.82811,184.713,0.84672,12.849,0.84672,3695.15,0,36.966,0.42336,3.39072,1.90766,14.8853,1.01271,18.7476,0.42336,36.966,0.42336,423.524,0,1.02816,0,0,4.41888,3.39072,1.028160,1,0,205.794,0,0,0,205.794,0
72.29,2.35674,0,0,4.2791,0.316987,1.60537,3.6288,61.308,0.66528,0,0,1.93957,0.205294,1.06899,0.66528,12.849,1,0.418892,1.60537,0,104.916,4.90407,101.199,0.84672,12.849,0.84672,3695.15,0,36.966,0.42336,1.77237,1.90775,9.51566,1.14516,11.6273,0.42336,36.966,0.42336,423.524,0,1.02816,0,0,2.80053,1.77237,1.028160,1,0,113.895,0,0,0,113.895,0
72.29,2.62211,0,0,5.54972,0.362556,2.56505,3.6288,61.308,0.66528,0,0,2.16384,0.233334,1.26522,0.66528,12.849,1,0.466061,2.56505,0,138.086,4.69329,135.492,0.84672,12.849,0.84672,3695.15,0,36.966,0.42336,1.84438,1.90784,8.46628,1.17968,10.6155,0.42336,36.966,0.42336,423.524,0,1.02816,0,0,2.87254,1.84438,1.028160,1,0,147.373,0,0,0,147.373,0
72.29,2.62256,0,0,3.6374,0.372769,0.642068,3.6288,61.308,0.66528,0,0,1.67086,0.246691,0.758892,0.66528,12.849,1,0.46614,0.642068,0,81.3992,4.58619,76.9889,0.84672,12.849,0.84672,3695.15,0,36.966,0.42336,1.44305,1.96641,5.79017,1.15375,7.62253,0.42336,36.966,0.42336,423.524,0,1.02816,0,0,2.47121,1.44305,1.028160,1,0,85.3703,0,0,0,85.3703,0
72.29,2.623,0,0,4.20722,0.349721,1.2345,3.6288,61.308,0.66528,0,0,1.75942,0.19491,0.899233,0.66528,12.849,1,0.466219,1.2345,0,84.4681,4.13581,81.1006,0.84672,12.849,0.84672,3695.15,0,36.966,0.42336,1.74442,1.96651,6.2594,0.971908,8.57507,0.42336,36.966,0.42336,423.524,0,1.02816,0,0,2.77258,1.74442,1.028160,1,0,90.5749,0,0,0,90.5749,0
72.29,2.62345,0,0,4.42479,0.340502,1.46083,3.6288,61.308,0.66528,0,0,1.91577,0.174198,1.0763,0.66528,12.849,1,0.466298,1.46083,0,92.0376,3.95567,89.0765,0.84672,12.849,0.84672,3695.15,0,36.966,0.42336,1.81037,1.96661,7.16191,0.899169,9.61637,0.42336,36.966,0.42336,423.524,0,1.02816,0,0,2.83853,1.81037,1.028160,1,0,99.7691,0,0,0,99.7691,0
72.29,2.24573,0,0,4.41738,0.328777,1.84287,3.6288,61.308,0.66528,0,0,1.85538,0.17978,1.01032,0.66528,12.849,1,0.399162,1.84287,0,108.994,3.00166,107.437,0.84672,12.849,0.84672,3695.15,0,36.966,0.42336,1.68135,1.96671,8.34408,0.837765,10.731,0.42336,36.966,0.42336,423.524,0,1.02816,0,0,2.70951,1.68135,1.028160,1,0,119.178,0,0,0,119.178,0
72.29,2.24612,0,0,5.6566,0.324087,3.08639,3.6288,61.308,0.66528,0,0,2.24257,0.182013,1.39528,0.66528,12.849,1,0.399231,3.08639,0,165.612,2.62007,165.679,0.84672,12.849,0.84672,3695.15,0,36.966,0.42336,2.43118,1.88334,10.7132,0.813203,13.7911,0.42336,36.966,0.42336,423.524,0,1.02816,0,0,3.45934,2.43118,1.028160,1,0,180.865,0,0,0,180.865,0
72.29,2.24651,0,0,7.04837,0.325967,4.4759,3.6288,61.308,0.66528,0,0,3.29735,0.20496,2.42711,0.66528,12.849,1,0.3993,4.4759,0,190.344,3.26973,191.15,0.84672,12.849,0.84672,3695.15,0,36.966,0.42336,4.5171,1.88343,17.6754,0.913251,22.7393,0.42336,36.966,0.42336,423.524,0,1.02816,0,0,5.54526,4.5171,1.028160,1,0,216.317,0,0,0,216.317,0
72.29,2.2469,0,0,4.70067,0.328472,2.1253,3.6288,61.308,0.66528,0,0,1.77187,0.235556,0.871029,0.66528,12.849,1,0.399369,2.1253,0,153.334,4.13595,150.924,0.84672,12.849,0.84672,3695.15,0,36.966,0.42336,2.01581,1.88351,10.0513,1.04665,12.4807,0.42336,36.966,0.42336,423.524,0,1.02816,0,0,3.04397,2.01581,1.028160,1,0,164.276,0,0,0,164.276,0
72.29,2.03704,0,0,5.42998,0.325726,3.06722,3.6288,61.308,0.611378,0,0,3.15191,0.21306,2.32747,0.66528,12.849,1,0.362068,3.06722,0,157.788,3.9825,156.511,0.84672,12.849,0.84672,3695.15,0,36.966,0.42336,2.89841,1.8836,13.4724,1.01557,16.8154,0.42336,36.966,0.42336,423.524,0,1.02816,0,0,3.92657,2.89841,1.028160,1,0,175.654,0,0,0,175.654,0
72.29,2.12497,0,0,7.38568,0.318859,4.94185,3.6288,61.308,0.66528,0,0,2.41834,0.156818,1.59625,0.66528,12.849,1,0.377697,4.94185,0,175.024,3.59887,175.989,0.84672,12.849,0.84672,3695.15,0,36.966,0.42336,3.26428,1.79564,19.5657,0.937887,23.2644,0.42336,36.966,0.42336,423.524,0,1.02816,0,0,4.29244,3.26428,1.028160,1,0,200.85,0,0,0,200.85,0
72.29,2.12534,0,0,5.85293,0.301003,3.42658,3.6288,61.308,0.66528,0,0,2.40172,0.166333,1.57011,0.66528,12.849,1,0.377763,3.42658,0,208.625,3.71521,207.958,0.84672,12.849,0.84672,3695.15,0,36.966,0.42336,2.57982,1.85669,14.2402,0.960787,17.2925,0.42336,36.966,0.42336,423.524,0,1.02816,0,0,3.60798,2.57982,1.028160,1,0,226.821,0,0,0,226.821,0
72.29,2.12571,0,0,4.84929,0.235202,2.48837,3.6288,61.308,0.66528,0,0,1.55021,0.210234,0.674701,0.66528,12.849,1,0.377829,2.48837,0,182.053,3.9653,180.199,0.84672,12.849,0.84672,3695.15,0,36.966,0.42336,1.64267,1.85677,10.9496,1.07634,12.9494,0.42336,36.966,0.42336,423.524,0,1.02816,0,0,2.67083,1.64267,1.028160,1,0,193.823,0,0,0,193.823,0
72.29,2.12608,0,0,4.87323,0.206987,2.54016,3.6288,61.308,0.66528,0,0,1.4099,0.237051,0.507571,0.66528,12.849,1,0.377895,2.54016,0,146.824,3.91093,145.075,0.84672,12.849,0.84672,3695.15,0,36.966,0.42336,1.47497,1.85685,10.8457,1.15408,12.6001,0.42336,36.966,0.42336,423.524,0,1.02816,0,0,2.50313,1.47497,1.028160,1,0,158.183,0,0,0,158.183,0
72.29,2.09219,0,0,3.83326,0.189992,1.55107,3.6288,61.308,0.65296,0,0,1.08559,0.186715,0.245915,0.66528,12.849,1,0.371871,1.55107,0,102.103,4.21869,99.0637,0.84672,12.849,0.84672,3695.15,0,36.966,0.42336,1.22832,1.85693,8.10553,1.16642,9.60101,0.42336,36.966,0.42336,423.524,0,1.02816,0,0,2.25648,1.22832,1.028160,1,0,108.911,0,0,0,108.911,0
72.29,2.09256,0,0,3.63406,0.189992,1.35151,3.6288,61.308,0.653211,0,0,1.04255,0.186715,0.20262,0.66528,12.849,1,0.371936,1.35151,0,95.7649,4.21869,92.5258,0.84672,12.849,0.84672,3695.15,0,36.966,0.42336,1.14954,1.83994,7.60372,1.16642,9.00342,0.42336,36.966,0.42336,423.524,0,1.02816,0,0,2.1777,1.14954,1.028160,1,0,101.732,0,0,0,101.732,0
72.29,2.30808,0,0,3.36869,0.189992,0.870625,3.6288,61.308,0.66528,0,0,1.20575,0.186715,0.353751,0.66528,12.849,1,0.410243,0.870625,0,87.3815,4.21869,83.6232,0.84672,12.849,0.84672,3695.15,0,36.966,0.42336,1.45046,1.84021,8.32792,1.16642,10.0288,0.42336,36.966,0.42336,423.524,0,1.02816,0,0,2.47862,1.45046,1.028160,1,0,94.0058,0,0,0,94.0058,0
72.29,2.30847,0,0,3.17628,0.20628,0.661527,3.6288,61.308,0.66528,0,0,1.14879,0.151792,0.331719,0.66528,12.849,1,0.410314,0.661527,0,80.8903,3.88668,77.2548,0.84672,12.849,0.84672,3695.15,0,36.966,0.42336,1.32742,1.8971,8.11875,1.04324,9.87667,0.42336,36.966,0.42336,423.524,0,1.02816,0,0,2.35558,1.32742,1.028160,1,0,87.4632,0,0,0,87.4632,0
72.29,2.43545,0,0,3.04873,0.172293,0.440986,3.6288,61.308,0.66528,0,0,1.00982,0.182651,0.161887,0.66528,12.849,1,0.432883,0.440986,0,67.6201,4.38497,63.2432,0.84672,12.849,0.84672,3695.15,0,36.966,0.42336,0.786983,1.89719,6.58874,1.06773,7.78182,0.42336,36.966,0.42336,423.524,0,1.02816,0,0,1.81514,0.786983,1.028160,1,0,71.1869,0,0,0,71.1869,0
72.29,2.43587,0,0,3.02678,0.161509,0.429407,3.6288,61.308,0.66528,0,0,1.10803,0.214412,0.228337,0.66528,12.849,1,0.432957,0.429407,0,63.3729,4.83078,58.5386,0.84672,12.849,0.84672,3695.15,0,36.966,0.42336,0.935695,1.92521,6.81824,1.14419,8.11159,0.42336,36.966,0.42336,423.524,0,1.02816,0,0,1.96385,0.935695,1.028160,1,0,66.8785,0,0,0,66.8785,0
72.2265,2.43628,0,0,2.81796,0.0823281,0.36288,3.6288,61.308,0.66528,0,0,0.980683,0.242573,0.0728306,0.66528,12.849,1,0.433031,0.36288,0,61.7607,5.20863,56.4819,0.84672,12.849,0.84672,3695.15,0,36.966,0.42336,0.805559,1.92531,6.36211,1.22021,7.4494,0.42336,36.966,0.42336,423.524,0,1.02816,0,0,1.83372,0.805559,1.028160,1,0,64.0042,0,0,0,64.0042,0
71.9078,2.43638,0,0,2.56283,0.0822884,0.36288,3.6288,61.1921,0.66528,0,0,0.791951,0.242573,0,0.66528,12.849,1,0.433428,0.36288,0,56.2195,5.20863,50.9404,0.84672,12.849,0.84672,3695.15,0,36.966,0.42336,0.523869,1.9254,5.68793,1.22021,6.49362,0.42336,36.966,0.42336,423.524,0,1.02816,0,0,1.55203,0.523869,1.028160,1,0,57.434,0,0,0,57.434,0
71.396,2.43516,0,0,2.3737,0.0874268,0.36288,3.6288,60.965,0.66528,0,0,0.686327,0.248117,0,0.66528,12.849,1,0.435132,0.36288,0,49.3723,5.16921,44.1309,0.84672,12.849,0.84672,3695.15,0,36.966,0.42336,0.504593,1.92549,5.0376,1.221,5.82332,0.42336,36.966,0.42336,423.524,0,1.02816,0,0,1.53275,0.504593,1.028160,1,0,49.9542,0,0,0,49.9542,0
70.4816,2.40793,0,0,1.9568,0.100378,0.36288,3.6288,60.7969,0.66528,0,0,0.759171,0.262045,0,0.66528,12.849,1,0.433351,0.36288,0,42.5599,5.07066,37.4188,0.84672,12.849,0.84672,3695.15,0,36.966,0.42336,0.693179,1.92558,3.98314,1.22298,4.95556,0.42336,36.966,0.42336,423.524,0,1.02816,0,0,1.72134,0.693179,1.028160,1,0,42.3744,0,0,0,42.3744,0
69.5635,2.40359,0,0,1.94809,0.0996769,0.36288,3.6288,60.6002,0.66528,0,0,0.7304,0.261766,0,0.66528,12.849,1,0.438181,0.36288,0,40.1585,5.07066,35.0126,0.84672,12.849,0.84672,3695.15,0,36.966,0.42336,0.733389,1.92015,4.21759,1.22298,5.22478,0.42336,36.966,0.42336,423.524,0,1.02816,0,0,1.76155,0.733389,1.028160,1,0,40.2374,0,0,0,40.2374,0
68.5702,2.39912,0,0,1.85352,0.0849164,0.36288,3.6288,60.3633,0.66528,0,0,0.713033,0.284652,0,0.66528,12.849,1,0.443138,0.36288,0,37.852,5.39642,32.3753,0.84672,12.849,0.84672,3695.15,0,36.966,0.42336,0.709387,1.92024,4.09991,1.33323,4.97294,0.42336,36.966,0.42336,423.524,0,1.02816,0,0,1.73755,0.709387,1.028160,1,0,37.3483,0,0,0,37.3483,0
67.351,2.39412,0,0,1.60389,0.0660652,0.36288,3.6288,60.0591,0.66528,0,0,0.670887,0.309801,0,0.66528,12.849,1,0.448622,0.36288,0,35.3132,6.10195,29.1255,0.84672,12.849,0.84672,3695.15,0,36.966,0.42336,0.589283,1.92033,4.09476,1.58082,4.60018,0.42336,36.966,0.42336,423.524,0,1.02816,0,0,1.61744,0.589283,1.028160,1,0,33.7257,0,0,0,33.7257,0
65.9862,2.45173,0,0,1.52224,0.072378,0.36288,3.6288,59.6099,0.66528,0,0,0.516097,0.300049,0,0.66528,12.849,1,0.467733,0.36288,0,31.0683,5.76176,25.2017,0.84672,12.849,0.84672,3695.15,0,36.966,0.42336,0.465852,1.92042,3.30242,1.48081,3.78452,0.42336,36.966,0.42336,423.524,0,1.02816,0,0,1.49401,0.465852,1.028160,1,0,28.9862,0,0,0,28.9862,0
64.5892,2.44405,0,0,1.48257,0.0726948,0.36288,3.6288,59.1323,0.66528,0,0,0.486044,0.298332,0,0.66528,12.849,1,0.475912,0.36288,0,28.7527,5.67116,22.9685,0.84672,12.849,0.84672,3695.15,0,36.966,0.42336,0.469333,1.9348,3.25929,1.45157,3.7885,0.42336,36.966,0.42336,423.524,0,1.02816,0,0,1.49749,0.469333,1.028160,1,0,26.757,0,0,0,26.757,0
63.0078,2.43588,0,0,1.28929,0.0718855,0.36288,3.6288,58.6264,0.66528,0,0,0.456771,0.297421,0,0.66528,12.849,1,0.48458,0.36288,0,27.2031,5.67116,21.4103,0.84672,12.849,0.84672,3695.15,0,36.966,0.42336,0.342904,1.93489,3.17179,1.45157,3.57466,0.42336,36.966,0.42336,423.524,0,1.02816,0,0,1.37106,0.342904,1.028160,1,0,24.9849,0,0,0,24.9849,0
61.335,2.42619,0,0,1.18721,0.0709695,0.36288,3.6288,58.1122,0.66528,0,0,0.447543,0.296457,0,0.66528,12.849,1,0.494766,0.36288,0,25.6564,5.67116,19.8534,0.84672,12.849,0.84672,3695.15,0,36.966,0.42336,0.272367,1.93498,3.13967,1.45157,3.4721,0.42336,36.966,0.42336,423.524,0,1.02816,0,0,1.30053,0.272367,1.028160,1,0,23.3254,0,0,0,23.3254,0
59.6062,2.60014,0,0,1.2868,0.0526007,0.36288,3.6288,57.6213,0.66547,0,0,0.489324,0.31479,0,0.66528,12.849,1,0.544701,0.36288,0,26.9323,5.6143,21.1361,0.84672,12.849,0.84672,3695.15,0,36.966,0.42336,0.227405,1.93508,3.24012,1.44032,3.53892,0.42336,36.966,0.42336,423.524,0,1.02797,0,0,1.25537,0.227405,1.028160,1,0,24.6751,0,0,0,24.6751,0
58.1406,2.58758,0,0,1.55849,0.0735751,0.36288,3.6288,57.0745,0.769945,0,0,0.529216,0.306006,0,0.66528,12.849,1,0.557792,0.36288,0,26.6852,4.93885,21.5515,0.84672,12.849,0.84672,3695.15,0,36.966,0.42336,0.227405,1.97703,3.74903,1.36675,4.16336,0.42336,36.966,0.42336,423.524,0,0.923495,0,0,1.1509,0.227405,1.028160,1,0,25.7148,0,0,0,25.7148,0
56.5908,2.5765,0,0,1.46321,0.0736671,0.36288,3.6288,56.6354,0.66528,0,0,0.522553,0.296365,0,0.66528,12.849,1,0.569404,0.36288,0,25.7463,5.04315,20.4966,0.84672,12.849,0.84672,3695.15,0,36.966,0.42336,0.830555,1.97713,3.94539,1.40155,4.92817,0.42336,36.966,0.42336,423.524,0,1.02816,0,0,1.85871,0.830555,1.028160,1,0,25.4247,0,0,0,25.4247,0
54.9773,2.56423,0,0,1.38617,0.0725555,0.36288,3.6288,56.1785,0.66528,0,0,0.503865,0.29552,0,0.66528,12.849,1,0.582211,0.36288,0,25.5186,5.04315,20.2561,0.84672,12.849,0.84672,3695.15,0,36.966,0.42336,0.828619,1.97723,3.74363,1.40155,4.72457,0.42336,36.966,0.42336,423.524,0,1.02816,0,0,1.85678,0.828619,1.028160,1,0,24.9807,0,0,0,24.9807,0
53.4481,2.55081,0,0,1.45251,0.0679657,0.36288,3.6288,55.7254,0.66528,0,0,0.504467,0.292306,0,0.66528,12.849,1,0.596161,0.36288,0,24.5132,4.97622,19.3037,0.84672,12.849,0.84672,3695.15,0,36.966,0.42336,0.816445,1.97733,3.95382,1.37357,4.95067,0.42336,36.966,0.42336,423.524,0,1.02816,0,0,1.84461,0.816445,1.028160,1,0,24.2544,0,0,0,24.2544,0
52.406,2.44965,0,0,1.81709,0.0466426,0.36288,3.6288,55.5485,0.66528,0,0,0.765907,0.277476,0,0.66528,12.849,1,0.588899,0.36288,0,27.0454,4.57464,22.2447,0.84672,12.849,0.84672,3695.15,0,36.966,0.42336,2.40748,1.97743,5.99155,1.2057,8.74741,0.42336,36.966,0.42336,423.524,0,1.02816,0,0,3.43564,2.40748,1.028160,1,0,30.9921,0,0,0,30.9921,0
51.1112,2.44066,0,0,1.55483,0.0461467,0.36288,3.6288,55.0291,0.66528,0,0,0.423031,0.277155,0,0.66528,12.849,1,0.598405,0.36288,0,27.0187,4.57464,22.2085,0.84672,12.849,0.84672,3695.15,0,36.966,0.42336,0.886697,1.95711,4.45915,1.2057,5.67389,0.42336,36.966,0.42336,423.524,0,1.02816,0,0,1.91486,0.886697,1.028160,1,0,27.8824,0,0,0,27.8824,0
49.8797,2.42896,0,0,1.62219,0.0618082,0.36288,3.6288,54.5095,0.66528,0,0,0.407248,0.261651,0,0.66528,12.849,1,0.610623,0.36288,0,25.9703,4.36701,21.3555,0.84672,12.849,0.84672,3695.15,0,36.966,0.42336,0.828083,1.95721,4.48736,1.14081,5.70849,0.42336,36.966,0.42336,423.524,0,1.02816,0,0,1.85624,0.828083,1.028160,1,0,27.064,0,0,0,27.064,0
51.648,2.41738,0,0,4.70592,0.157422,0.36288,3.6288,54.6301,0.66528,0,0,0.95965,0.173698,0,0.66528,12.849,1,0.622716,0.36288,0,78.2741,3.12123,74.893,0.84672,12.849,0.84672,3695.15,0,36.966,0.42336,1.83241,1.95731,11.7859,0.751418,14.4008,0.42336,36.966,0.42336,423.524,0,1.02816,0,0,2.86057,1.83241,1.028160,1,0,89.2938,0,0,0,89.2938,0
53.0554,2.36321,0,0,4.27531,0.141832,0.36288,3.6288,55.0302,0.66528,0,0,1.28257,0.217184,0,0.66528,12.849,1,0.58792,0.36288,0,110.679,3.84828,106.606,0.84672,12.849,0.84672,3695.15,0,36.966,0.42336,2.84424,1.9574,12.5734,0.827921,16.1237,0.42336,36.966,0.42336,423.524,0,1.02816,0,0,3.8724,2.84424,1.028160,1,0,122.73,0,0,0,122.73,0
55.0691,2.37617,0,0,4.88919,0.136384,0.36288,3.6288,55.4119,0.66528,0,0,1.28212,0.235142,0,0.66528,12.849,1,0.575463,0.36288,0,75.3937,4.1391,71.042,0.84672,12.849,0.84672,3695.15,0,36.966,0.42336,2.02023,1.94073,12.7856,0.858523,15.4646,0.42336,36.966,0.42336,423.524,0,1.02816,0,0,3.04839,2.02023,1.028160,1,0,86.5066,0,0,0,86.5066,0
57.5956,2.39364,0,0,5.43618,0.153145,0.36288,3.6288,55.8446,0.66528,0,0,1.33023,0.232246,0,0.66528,12.849,1,0.558496,0.36288,0,62.5688,4.13471,58.2385,0.84672,12.849,0.84672,3695.15,0,36.966,0.42336,2.1356,1.94083,10.7927,0.853516,13.5923,0.42336,36.966,0.42336,423.524,0,1.02816,0,0,3.16376,2.1356,1.028160,1,0,71.8308,0,0,0,71.8308,0
58.6243,2.41408,0,0,3.9954,0.189806,0.36288,3.6288,56.0144,0.66528,0,0,1.07013,0.235064,0,0.66528,12.849,1,0.538557,0.36288,0,84.2072,4.31768,79.7138,0.84672,12.849,0.84672,3695.15,0,36.966,0.42336,1.36314,1.94092,7.26892,1.04534,9.10427,0.42336,36.966,0.42336,423.524,0,1.02816,0,0,2.3913,1.36314,1.028160,1,0,88.8181,0,0,0,88.8181,0
60.5249,2.21367,0,0,4.69612,0.218952,0.36288,3.6288,56.1279,0.66528,0,0,1.01443,0.235646,0,0.66528,12.849,1,0.485182,0.36288,0,74.7153,4.37065,70.2223,0.84672,12.849,0.84672,3695.15,0,36.966,0.42336,1.41047,1.94101,9.85693,1.09332,11.6917,0.42336,36.966,0.42336,423.524,0,1.02816,0,0,2.43863,1.41047,1.028160,1,0,81.914,0,0,0,81.914,0
62.4967,2.22662,0,0,4.83336,0.27202,0.36288,3.6288,56.6019,0.66528,0,0,1.37037,0.231096,0,0.66528,12.849,1,0.472696,0.36288,0,114.206,4.39478,109.701,0.84672,12.849,0.84672,3695.15,0,36.966,0.42336,2.74907,1.89345,10.2358,1.10797,13.347,0.42336,36.966,0.42336,423.524,0,1.02816,0,0,3.77723,2.74907,1.028160,1,0,123.048,0,0,0,123.048,0
64.4578,2.23938,0,0,4.83982,0.276489,0.36288,3.6288,56.5735,0.66528,0,0,0.868635,0.231812,0,0.66528,12.849,1,0.460404,0.36288,0,97.3771,4.39478,92.8848,0.84672,12.849,0.84672,3695.15,0,36.966,0.42336,1.43445,1.89354,8.22666,1.10797,10.0233,0.42336,36.966,0.42336,423.524,0,1.02816,0,0,2.46261,1.43445,1.028160,1,0,102.908,0,0,0,102.908,0
66.5487,2.25144,0,0,4.96174,0.256518,0.36288,3.6288,56.2778,0.66528,0,0,0.591296,0.221705,0,0.66528,12.849,1,0.448802,0.36288,0,70.26,3.86347,66.3106,0.84672,12.849,0.84672,3695.15,0,36.966,0.42336,1.01712,1.89363,6.74656,1.01991,8.21403,0.42336,36.966,0.42336,423.524,0,1.02816,0,0,2.04528,1.01712,1.028160,1,0,74.5246,0,0,0,74.5246,0
69.3017,2.26365,0,0,5.64042,0.260844,0.36288,3.6288,56.7425,0.66528,0,0,1.3513,0.221278,0,0.66528,12.849,1,0.437058,0.36288,0,74.9153,3.86347,70.9776,0.84672,12.849,0.84672,3695.15,0,36.966,0.42336,1.40122,1.89372,7.87717,1.01991,9.72883,0.42336,36.966,0.42336,423.524,0,1.02816,0,0,2.42938,1.40122,1.028160,1,0,80.7065,0,0,0,80.7065,0
72.29,2.36125,0,0,9.24928,0.291584,3.60819,3.6288,57.5601,0.66528,0,0,1.69398,0.211104,0,0.66528,12.849,1,0.437791,3.60819,0,143.948,4.33755,142.78,0.84672,12.849,0.84672,3695.15,0,36.966,0.42336,3.49594,1.8938,14.7268,1.20698,18.4862,0.42336,36.966,0.42336,423.524,0,1.02816,0,0,4.5241,3.49594,1.028160,1,0,161.267,0,0,0,161.267,0
72.29,2.377,0,0,5.09865,0.298349,2.4233,3.6288,57.9621,0.66528,0,0,1.27948,0.212228,0,0.66528,12.849,1,0.422493,2.4233,0,136.388,4.33755,134.052,0.84672,12.849,0.84672,3695.15,0,36.966,0.42336,2.41889,1.91223,10.8609,1.20698,13.5617,0.42336,36.966,0.42336,423.524,0,1.02816,0,0,3.44705,2.41889,1.028160,1,0,147.613,0,0,0,147.613,0
72.29,2.37738,0,0,5.2599,0.298349,2.58418,3.6288,58.4311,0.66528,0,0,1.34711,0.21278,0,0.66528,12.849,1,0.422561,2.58418,0,114.206,4.33755,112.03,0.84672,12.849,0.84672,3695.15,0,36.966,0.42336,2.21419,1.91231,12.203,1.20698,14.6992,0.42336,36.966,0.42336,423.524,0,1.02816,0,0,3.24235,2.21419,1.028160,1,0,126.729,0,0,0,126.729,0
72.29,2.37776,0,0,6.365,0.32185,3.66539,3.6288,59.9363,0.66528,0,0,2.37209,0.20166,0,0.66528,12.849,1,0.422628,3.66539,0,204.674,4.3256,203.591,0.84672,12.849,0.84672,3695.15,0,36.966,0.42336,2.88895,1.9124,12.9811,1.28891,16.0702,0.42336,36.966,0.42336,423.524,0,1.02816,0,0,3.91711,2.88895,1.028160,1,0,219.661,0,0,0,219.661,0
72.29,2.64516,0,0,3.7257,0.303856,0.776683,3.6288,60.4402,0.66528,0,0,1.36497,0.195776,0,0.66528,12.849,1,0.470157,0.776683,0,96.7283,4.57075,92.464,0.84672,12.849,0.84672,3695.15,0,36.966,0.42336,1.08041,1.91248,6.2443,1.31209,7.50174,0.42336,36.966,0.42336,423.524,0,1.02816,0,0,2.10857,1.08041,1.028160,1,0,99.9658,0,0,0,99.9658,0
72.29,2.64558,0,0,4.90178,0.284279,1.97193,3.6288,61.1424,0.66528,0,0,1.58617,0.218722,0,0.66528,12.849,1,0.470231,1.97193,0,91.9616,5.01464,88.4486,0.84672,12.849,0.84672,3695.15,0,36.966,0.42336,1.43277,1.9715,8.67957,1.43157,10.2289,0.42336,36.966,0.42336,423.524,0,1.02816,0,0,2.46093,1.43277,1.028160,1,0,98.6775,0,0,0,98.6775,0
72.29,2.64599,0,0,4.71701,0.283044,1.78797,3.6288,61.308,0.66528,0,0,1.95714,0.200955,0.925291,0.66528,12.849,1,0.470305,1.78797,0,138.174,4.09622,135.396,0.84672,12.849,0.84672,3695.15,0,36.966,0.42336,2.00945,1.97159,10.2396,1.02618,12.7711,0.42336,36.966,0.42336,423.524,0,1.02816,0,0,3.03761,2.00945,1.028160,1,0,149.092,0,0,0,149.092,0
72.29,2.64641,0,0,4.99353,0.349634,1.99749,3.6288,61.308,0.66528,0,0,1.90753,0.143508,1.09874,0.66528,12.849,1,0.47038,1.99749,0,146.337,3.84856,144.016,0.84672,12.849,0.84672,3695.15,0,36.966,0.42336,1.82996,1.97168,11.0346,0.978514,13.4343,0.42336,36.966,0.42336,423.524,0,1.02816,0,0,2.85812,1.82996,1.028160,1,0,158.549,0,0,0,158.549,0
72.29,2.26576,0,0,4.25063,0.319945,1.66492,3.6288,61.308,0.66528,0,0,1.43872,0.1897,0.583744,0.66528,12.849,1,0.402722,1.66492,0,109.765,4.54142,106.486,0.84672,12.849,0.84672,3695.15,0,36.966,0.42336,1.26708,1.97178,7.9943,1.13398,9.67581,0.42336,36.966,0.42336,423.524,0,1.02816,0,0,2.29524,1.26708,1.028160,1,0,116.745,0,0,0,116.745,0
72.29,2.26613,0,0,4.26522,0.301337,1.69776,3.6288,61.308,0.66528,0,0,1.62608,0.188616,0.772186,0.66528,12.849,1,0.402787,1.69776,0,107.871,4.63407,104.532,0.84672,12.849,0.84672,3695.15,0,36.966,0.42336,2.06783,1.88776,9.93937,1.07789,12.3937,0.42336,36.966,0.42336,423.524,0,1.02816,0,0,3.09599,2.06783,1.028160,1,0,117.698,0,0,0,117.698,0
72.29,2.26649,0,0,4.66969,0.301337,2.10186,3.6288,61.308,0.66528,0,0,1.42634,0.188616,0.572447,0.66528,12.849,1,0.402852,2.10186,0,119.379,4.63407,116.444,0.84672,12.849,0.84672,3695.15,0,36.966,0.42336,1.47424,1.88784,9.24247,1.07789,11.1033,0.42336,36.966,0.42336,423.524,0,1.02816,0,0,2.5024,1.47424,1.028160,1,0,128.12,0,0,0,128.12,0
72.29,2.26686,0,0,4.13118,0.301337,1.56299,3.6288,61.308,0.66528,0,0,1.3627,0.188616,0.508804,0.66528,12.849,1,0.402917,1.56299,0,104.239,4.63407,100.765,0.84672,12.849,0.84672,3695.15,0,36.966,0.42336,1.24256,1.88792,8.37458,1.07789,10.0038,0.42336,36.966,0.42336,423.524,0,1.02816,0,0,2.27072,1.24256,1.028160,1,0,111.278,0,0,0,111.278,0
72.29,2.05536,0,0,3.84394,0.314116,1.47446,3.6288,61.308,0.623916,0,0,1.54443,0.205515,0.715004,0.66528,12.849,1,0.365325,1.47446,0,93.1383,4.05594,90.1915,0.84672,12.849,0.84672,3695.15,0,36.966,0.42336,1.33384,1.88801,8.10605,1.05615,9.84839,0.42336,36.966,0.42336,423.524,0,1.02816,0,0,2.362,1.33384,1.028160,1,0,100.755,0,0,0,100.755,0
72.29,2.14394,0,0,4.92505,0.290247,2.49086,3.6288,61.308,0.66528,0,0,2.5543,0.172575,1.71645,0.66528,12.849,1,0.38107,2.49086,0,99.1492,4.47237,96.7866,0.84672,12.849,0.84672,3695.15,0,36.966,0.42336,2.35521,1.80937,13.3167,0.932045,16.1258,0.42336,36.966,0.42336,423.524,0,1.02816,0,0,3.38337,2.35521,1.028160,1,0,114.629,0,0,0,114.629,0
72.29,2.14429,0,0,5.93473,0.290247,3.50019,3.6288,61.308,0.66528,0,0,3.07324,0.172575,2.23538,0.66528,12.849,1,0.381132,3.50019,0,120.982,4.47237,119.628,0.84672,12.849,0.84672,3695.15,0,36.966,0.42336,3.52449,1.86088,15.051,0.932045,19.0809,0.42336,36.966,0.42336,423.524,0,1.02816,0,0,4.55265,3.52449,1.028160,1,0,140.945,0,0,0,140.945,0
72.29,2.14464,0,0,4.16582,0.290247,1.73093,3.6288,61.308,0.66528,0,0,2.29884,0.172575,1.46099,0.66528,12.849,1,0.381194,1.73093,0,82.3392,4.47237,79.2166,0.84672,12.849,0.84672,3695.15,0,36.966,0.42336,1.90135,1.86095,11.385,0.932045,13.7919,0.42336,36.966,0.42336,423.524,0,1.02816,0,0,2.92951,1.90135,1.028160,1,0,94.4695,0,0,0,94.4695,0
72.29,2.14499,0,0,3.61849,0.257612,1.21589,3.6288,61.308,0.66528,0,0,1.89474,0.1841,1.04536,0.66528,12.849,1,0.381256,1.21589,0,70.7875,4.5335,67.0887,0.84672,12.849,0.84672,3695.15,0,36.966,0.42336,1.59748,1.86103,9.34217,0.945634,11.4317,0.42336,36.966,0.42336,423.524,0,1.02816,0,0,2.62564,1.59748,1.028160,1,0,79.5657,0,0,0,79.5657,0
72.29,2.11081,0,0,3.3144,0.228054,0.97553,3.6288,61.308,0.66528,0,0,1.82592,0.187716,0.972921,0.66528,12.849,1,0.375181,0.97553,0,69.3153,4.20115,65.7145,0.84672,12.849,0.84672,3695.15,0,36.966,0.42336,1.52913,1.86111,8.05188,1.03912,9.97964,0.42336,36.966,0.42336,423.524,0,1.02816,0,0,2.55729,1.52913,1.028160,1,0,76.667,0,0,0,76.667,0
72.29,2.11116,0,0,2.81957,0.217154,0.491257,3.6288,61.308,0.66528,0,0,1.71493,0.187984,0.861663,0.66528,12.849,1,0.375242,0.491257,0,58.0831,4.09636,54.1027,0.84672,12.849,0.84672,3695.15,0,36.966,0.42336,1.44198,1.85357,9.0561,1.05635,10.8719,0.42336,36.966,0.42336,423.524,0,1.02816,0,0,2.47014,1.44198,1.028160,1,0,65.8363,0,0,0,65.8363,0
72.29,2.1115,0,0,2.90633,0.217154,0.577676,3.6288,61.308,0.66528,0,0,1.80979,0.187984,0.956522,0.66528,12.849,1,0.375303,0.577676,0,55.9454,4.09636,52.0514,0.84672,12.849,0.84672,3695.15,0,36.966,0.42336,1.4218,1.85364,7.80918,1.05635,9.60491,0.42336,36.966,0.42336,423.524,0,1.02816,0,0,2.44996,1.4218,1.028160,1,0,62.6128,0,0,0,62.6128,0
72.29,2.32866,0,0,3.99376,0.201931,1.46317,3.6288,61.308,0.66528,0,0,1.99026,0.191555,1.13342,0.66528,12.849,1,0.413902,1.46317,0,72.942,4.20472,69.7865,0.84672,12.849,0.84672,3695.15,0,36.966,0.42336,1.71982,1.85372,7.80028,1.03629,9.91416,0.42336,36.966,0.42336,423.524,0,1.02816,0,0,2.74798,1.71982,1.028160,1,0,80.8341,0,0,0,80.8341,0
72.0338,2.45657,0,0,2.72734,0.164079,0.36288,3.6288,61.308,0.66528,0,0,1.65223,0.216493,0.770454,0.66528,12.849,1,0.436636,0.36288,0,56.586,4.61913,51.8932,0.84672,12.849,0.84672,3695.15,0,36.966,0.42336,1.39164,1.90165,7.05154,1.0142,8.90725,0.42336,36.966,0.42336,423.524,0,1.02816,0,0,2.4198,1.39164,1.028160,1,0,61.5709,0,0,0,61.5709,0
72.1943,2.2286,0,0,2.91597,0.164031,0.36288,3.6288,61.308,0.66528,0,0,1.37707,0.237843,0.473946,0.66528,12.849,1,0.397526,0.36288,0,54.8128,4.81047,49.9676,0.84672,12.849,0.84672,3695.15,0,36.966,0.42336,1.14661,1.92988,6.36241,1.05162,7.96391,0.42336,36.966,0.42336,423.524,0,1.02816,0,0,2.17477,1.14661,1.028160,1,0,58.4055,0,0,0,58.4055,0
71.7621,2.45686,0,0,2.54458,0.157038,0.36288,3.6288,61.308,0.66528,0,0,1.27993,0.242565,0.372085,0.66528,12.849,1,0.437267,0.36288,0,48.9915,4.86402,44.0531,0.84672,12.849,0.84672,3695.15,0,36.966,0.42336,1.003,1.87983,6.15366,1.0653,7.54782,0.42336,36.966,0.42336,423.524,0,1.02816,0,0,2.03116,1.003,1.028160,1,0,51.973,0,0,0,51.973,0
71.227,2.45502,0,0,2.39638,0.113507,0.36288,3.6288,61.308,0.66528,0,0,1.22663,0.270895,0.290454,0.66528,12.849,1,0.439571,0.36288,0,43.9315,5.18532,38.6695,0.84672,12.849,0.84672,3695.15,0,36.966,0.42336,0.910889,1.93005,5.81993,1.1474,7.09011,0.42336,36.966,0.42336,423.524,0,1.02816,0,0,1.93905,0.910889,1.028160,1,0,46.05,0,0,0,46.05,0
70.6535,2.45261,0,0,2.3509,0.108948,0.36288,3.6288,61.308,0.66528,0,0,1.16684,0.272996,0.228564,0.66528,12.849,1,0.442439,0.36288,0,43.7394,5.1927,38.4671,0.84672,12.849,0.84672,3695.15,0,36.966,0.42336,0.806553,1.93014,6.10788,1.15755,7.26366,0.42336,36.966,0.42336,423.524,0,1.02816,0,0,1.83471,0.806553,1.028160,1,0,45.9594,0,0,0,45.9594,0
70.7004,2.42481,0,0,2.91857,0.0839995,0.36288,3.6288,61.308,0.66528,0,0,1.12545,0.285603,0.174564,0.66528,12.849,1,0.440975,0.36288,0,40.7802,5.23698,35.4651,0.84672,12.849,0.84672,3695.15,0,36.966,0.42336,0.997522,1.93022,5.40548,1.21847,6.69139,0.42336,36.966,0.42336,423.524,0,1.02816,0,0,2.02568,0.997522,1.028160,1,0,42.3311,0,0,0,42.3311,0
70.5736,2.42545,0,0,2.74561,0.0840298,0.36288,3.6288,61.308,0.66528,0,0,1.06167,0.285603,0.110783,0.66528,12.849,1,0.440797,0.36288,0,40.4781,5.23698,35.1632,0.84672,12.849,0.84672,3695.15,0,36.966,0.42336,0.863248,1.92474,5.64959,1.21847,6.79575,0.42336,36.966,0.42336,423.524,0,1.02816,0,0,1.89141,0.863248,1.028160,1,0,42.0697,0,0,0,42.0697,0
70.2017,2.42516,0,0,2.50005,0.083948,0.36288,3.6288,61.308,0.66528,0,0,1.05094,0.285603,0.100052,0.66528,12.849,1,0.441537,0.36288,0,40.165,5.23698,34.8494,0.84672,12.849,0.84672,3695.15,0,36.966,0.42336,0.865944,1.92482,5.43745,1.21847,6.58638,0.42336,36.966,0.42336,423.524,0,1.02816,0,0,1.8941,0.865944,1.028160,1,0,41.5358,0,0,0,41.5358,0
69.5935,2.42357,0,0,2.26199,0.083708,0.36288,3.6288,61.308,0.66528,0,0,0.9753,0.285603,0.0244178,0.66528,12.849,1,0.443586,0.36288,0,36.0686,5.23698,30.7509,0.84672,12.849,0.84672,3695.15,0,36.966,0.42336,0.630996,1.92491,5.21499,1.21847,6.12906,0.42336,36.966,0.42336,423.524,0,1.02816,0,0,1.65916,0.630996,1.028160,1,0,36.9044,0,0,0,36.9044,0
69.1451,2.48552,0,0,2.45746,0.0574976,0.36288,3.6288,61.308,0.66528,0,0,1.1923,0.32497,0.202053,0.66528,12.849,1,0.458899,0.36288,0,36.6038,5.79468,30.7131,0.84672,12.849,0.84672,3695.15,0,36.966,0.42336,0.709595,1.92499,4.48623,1.43657,5.26089,0.42336,36.966,0.42336,423.524,0,1.02816,0,0,1.73775,0.709595,1.028160,1,0,36.176,0,0,0,36.176,0
68.6647,2.4834,0,0,2.41936,0.0535119,0.36288,3.6288,61.308,0.66528,0,0,1.10351,0.32536,0.112869,0.66528,12.849,1,0.461483,0.36288,0,35.197,5.82015,29.2783,0.84672,12.849,0.84672,3695.15,0,36.966,0.42336,0.835358,1.93947,4.48024,1.45167,5.38003,0.42336,36.966,0.42336,423.524,0,1.02816,0,0,1.86352,0.835358,1.028160,1,0,34.7712,0,0,0,34.7712,0
68.0314,2.48108,0,0,2.26397,0.0533121,0.36288,3.6288,61.308,0.66528,0,0,1.02147,0.32536,0.0308326,0.66528,12.849,1,0.464276,0.36288,0,31.774,5.82015,25.8525,0.84672,12.849,0.84672,3695.15,0,36.966,0.42336,0.755404,1.93956,3.99857,1.45167,4.8185,0.42336,36.966,0.42336,423.524,0,1.02816,0,0,1.78356,0.755404,1.028160,1,0,30.7018,0,0,0,30.7018,0
67.216,2.47784,0,0,2.07844,0.0530487,0.36288,3.6288,61.308,0.66528,0,0,1.01026,0.32536,0.0196178,0.66528,12.849,1,0.467986,0.36288,0,29.0453,5.82015,23.1201,0.84672,12.849,0.84672,3695.15,0,36.966,0.42336,0.608913,1.93965,3.91075,1.45167,4.58428,0.42336,36.966,0.42336,423.524,0,1.02816,0,0,1.63707,0.608913,1.028160,1,0,27.724,0,0,0,27.724,0
66.5673,2.66239,0,0,2.43022,0.0536935,0.36288,3.6288,61.308,0.66528,0,0,1.13363,0.321954,0.146395,0.66528,12.849,1,0.508942,0.36288,0,28.7308,6.08067,22.504,0.84672,12.849,0.84672,3695.15,0,36.966,0.42336,0.897843,1.93974,5.42306,1.51001,6.32727,0.42336,36.966,0.42336,423.524,0,1.02816,0,0,1.926,0.897843,1.028160,1,0,28.9777,0,0,0,28.9777,0
65.5542,2.65865,0,0,2.08145,0.0730491,0.36288,3.6288,61.1165,0.66528,0,0,0.817949,0.34417,0,0.66528,12.849,1,0.513181,0.36288,0,25.4531,6.49845,18.8043,0.84672,12.849,0.84672,3695.15,0,36.966,0.42336,0.242672,1.982,2.98361,1.57908,3.20584,0.42336,36.966,0.42336,423.524,0,1.02816,0,0,1.27083,0.242672,1.028160,1,0,22.0102,0,0,0,22.0102,0
64.6828,2.65244,0,0,2.21644,0.072462,0.36288,3.6288,61.1136,0.66528,0,0,1.00613,0.343754,0,0.66528,12.849,1,0.519894,0.36288,0,32.3898,6.49845,25.7343,0.84672,12.849,0.84672,3695.15,0,36.966,0.42336,0.538151,1.98209,3.33257,1.57908,3.85038,0.42336,36.966,0.42336,423.524,0,1.02816,0,0,1.56631,0.538151,1.028160,1,0,29.5847,0,0,0,29.5847,0
63.4244,2.64701,0,0,1.82346,0.0719571,0.36288,3.6288,60.6752,0.827375,0,0,0.732741,0.343747,0,0.66528,12.849,1,0.52582,0.36288,0,29.6743,6.49845,23.0129,0.84672,12.849,0.84672,3695.15,0,36.966,0.42336,0.204422,1.98218,2.72951,1.57908,2.91368,0.42336,36.966,0.42336,423.524,0,0.866065,0,0,1.07049,0.204422,1.028160,1,0,25.9265,0,0,0,25.9265,0
62.6239,2.63875,0,0,2.27235,0.071228,0.36288,3.6288,60.9365,0.66528,0,0,1.26933,0.342794,0,0.66528,12.849,1,0.534579,0.36288,0,28.9252,6.49845,22.255,0.84672,12.849,0.84672,3695.15,0,36.966,0.42336,1.08731,1.98228,4.25714,1.57908,5.3243,0.42336,36.966,0.42336,423.524,0,1.02816,0,0,2.11547,1.08731,1.028160,1,0,27.5793,0,0,0,27.5793,0
61.2619,2.54243,0,0,1.65011,0.106753,0.36288,3.6288,61.0416,0.66528,0,0,1.12126,0.350795,0,0.66528,12.849,1,0.521649,0.36288,0,20.4276,6.05315,14.2157,0.84672,12.849,0.84672,3695.15,0,36.966,0.42336,0.361826,1.98237,3.91808,1.49602,4.34291,0.42336,36.966,0.42336,423.524,0,1.02816,0,0,1.38999,0.361826,1.028160,1,0,18.5586,0,0,0,18.5586,0
60.069,2.53324,0,0,1.87262,0.169488,0.36288,3.6288,61.1551,0.66528,0,0,1.08153,0.302804,0,0.66528,12.849,1,0.531319,0.36288,0,17.2328,5.66664,11.3977,0.84672,12.849,0.84672,3695.15,0,36.966,0.42336,0.271961,1.9619,2.95463,1.36326,3.40187,0.42336,36.966,0.42336,423.524,0,1.02816,0,0,1.30012,0.271961,1.028160,1,0,14.7996,0,0,0,14.7996,0
59.4907,2.52495,0,0,2.47731,0.167766,0.36288,3.6288,61.308,0.66528,0,0,1.40702,0.303022,0.285815,0.66528,12.849,1,0.540097,0.36288,0,25.0862,5.66664,19.2423,0.84672,12.849,0.84672,3695.15,0,36.966,0.42336,0.770999,1.96199,4.2416,1.36326,5.18797,0.42336,36.966,0.42336,423.524,0,1.02816,0,0,1.79916,0.770999,1.028160,1,0,24.7161,0,0,0,24.7161,0
59.6639,2.52103,0,0,3.22396,0.166839,0.36288,3.6288,61.308,0.66528,0,0,1.99096,0.303315,1.02236,0.66528,12.849,1,0.544501,0.36288,0,49.1192,5.66664,43.2709,0.84672,12.849,0.84672,3695.15,0,36.966,0.42336,1.49276,1.96208,5.03708,1.36326,6.70529,0.42336,36.966,0.42336,423.524,0,1.02816,0,0,2.52092,1.49276,1.028160,1,0,50.9986,0,0,0,50.9986,0
59.1492,2.44856,0,0,2.52501,0.228292,0.36288,3.6288,61.308,0.66528,0,0,1.25703,0.252571,0.339174,0.66528,12.849,1,0.527314,0.36288,0,44.3581,4.58882,39.6049,0.84672,12.849,0.84672,3695.15,0,36.966,0.42336,0.953251,1.96217,4.96726,1.21546,6.24386,0.42336,36.966,0.42336,423.524,0,1.02816,0,0,1.98141,0.953251,1.028160,1,0,46.1879,0,0,0,46.1879,0
59.2017,2.44518,0,0,3.10522,0.244566,0.36288,3.6288,61.308,0.66528,0,0,2.92372,0.224437,2.034,0.66528,12.849,1,0.531168,0.36288,0,78.9808,3.80321,75.0093,0.84672,12.849,0.84672,3695.15,0,36.966,0.42336,3.96869,1.94537,10.5097,1.09439,14.906,0.42336,36.966,0.42336,423.524,0,1.02816,0,0,4.99685,3.96869,1.028160,1,0,91.9493,0,0,0,91.9493,0
58.2124,2.44596,0,0,2.06423,0.24469,0.36288,3.6288,61.308,0.66528,0,0,1.34545,0.224437,0.455729,0.66528,12.849,1,0.530865,0.36288,0,50.7944,3.80321,46.8232,0.84672,12.849,0.84672,3695.15,0,36.966,0.42336,1.17178,1.94546,4.71556,1.09439,6.31505,0.42336,36.966,0.42336,423.524,0,1.02816,0,0,2.19994,1.17178,1.028160,1,0,53.594,0,0,0,53.594,0
59.0295,2.43895,0,0,3.87132,0.252427,0.36288,3.6288,61.308,0.66528,0,0,2.44011,0.237321,1.53751,0.66528,12.849,1,0.53834,0.36288,0,93.6235,4.0787,89.3693,0.84672,12.849,0.84672,3695.15,0,36.966,0.42336,2.32177,1.94555,10.6075,1.17208,13.2794,0.42336,36.966,0.42336,423.524,0,1.02816,0,0,3.34993,2.32177,1.028160,1,0,104.186,0,0,0,104.186,0
59.4856,2.23511,0,0,3.32176,0.267714,0.36288,3.6288,61.308,0.66528,0,0,2.82766,0.242417,1.91997,0.66528,12.849,1,0.486517,0.36288,0,63.1981,4.46847,58.606,0.84672,12.849,0.84672,3695.15,0,36.966,0.42336,3.15088,1.94563,9.83249,1.2375,13.2681,0.42336,36.966,0.42336,423.524,0,1.02816,0,0,4.17904,3.15088,1.028160,1,0,73.7941,0,0,0,73.7941,0
59.6486,2.23853,0,0,3.00292,0.238519,0.36288,3.6288,61.308,0.66528,0,0,2.25137,0.174637,1.41145,0.66528,12.849,1,0.483527,0.36288,0,54.4691,3.72109,50.6273,0.84672,12.849,0.84672,3695.15,0,36.966,0.42336,1.32535,1.89772,6.28266,0.915471,8.1669,0.42336,36.966,0.42336,423.524,0,1.02816,0,0,2.35351,1.32535,1.028160,1,0,60.2057,0,0,0,60.2057,0
59.6364,2.23998,0,0,2.82955,0.238893,0.36288,3.6288,61.308,0.66528,0,0,2.8345,0.174637,1.99458,0.66528,12.849,1,0.482518,0.36288,0,69.4397,3.72109,65.5989,0.84672,12.849,0.84672,3695.15,0,36.966,0.42336,1.85072,1.8978,9.32273,0.915471,11.7324,0.42336,36.966,0.42336,423.524,0,1.02816,0,0,2.87888,1.85072,1.028160,1,0,79.326,0,0,0,79.326,0
60.3022,2.24026,0,0,3.51079,0.241853,0.36288,3.6288,61.308,0.66528,0,0,3.07862,0.214811,2.19853,0.66528,12.849,1,0.482676,0.36288,0,51.5514,4.32327,47.1084,0.84672,12.849,0.84672,3695.15,0,36.966,0.42336,2.16989,1.89789,8.21731,1.15298,10.7088,0.42336,36.966,0.42336,423.524,0,1.02816,0,0,3.19805,2.16989,1.028160,1,0,60.0156,0,0,0,60.0156,0
60.8983,2.24501,0,0,3.48681,0.2828,0.36288,3.6288,61.308,0.66528,0,0,2.78605,0.223613,1.89716,0.66528,12.849,1,0.47836,0.36288,0,87.3609,4.57215,82.6733,0.84672,12.849,0.84672,3695.15,0,36.966,0.42336,2.07554,1.89797,10.8695,1.1433,13.2763,0.42336,36.966,0.42336,423.524,0,1.02816,0,0,3.1037,2.07554,1.028160,1,0,97.8468,0,0,0,97.8468,0
62.7581,2.33064,0,0,4.82668,0.273357,0.36288,3.6288,61.308,0.66528,0,0,2.85828,0.216397,1.9766,0.66528,12.849,1,0.491744,0.36288,0,89.2184,4.38619,84.7033,0.84672,12.849,0.84672,3695.15,0,36.966,0.42336,3.06299,1.89805,8.92158,0.76739,12.6919,0.42336,36.966,0.42336,423.524,0,1.02816,0,0,4.09115,3.06299,1.028160,1,0,99.3718,0,0,0,99.3718,0
63.988,2.34308,0,0,4.21055,0.27466,0.36288,3.6288,61.308,0.66528,0,0,2.38961,0.215396,1.50893,0.66528,12.849,1,0.479719,0.36288,0,75.9819,4.35498,71.5101,0.84672,12.849,0.84672,3695.15,0,36.966,0.42336,2.60043,1.9166,7.74671,0.707647,11.1327,0.42336,36.966,0.42336,423.524,0,1.02816,0,0,3.62859,2.60043,1.028160,1,0,84.1517,0,0,0,84.1517,0
65.0219,2.35111,0,0,4.02527,0.277423,0.36288,3.6288,61.308,0.66528,0,0,2.41958,0.215396,1.5389,0.66528,12.849,1,0.472111,0.36288,0,72.1354,4.35498,67.6711,0.84672,12.849,0.84672,3695.15,0,36.966,0.42336,2.6602,1.91668,7.91891,0.707647,11.3648,0.42336,36.966,0.42336,423.524,0,1.02816,0,0,3.68836,2.6602,1.028160,1,0,80.5748,0,0,0,80.5748,0
66.2655,2.35773,0,0,4.31247,0.348217,0.36288,3.6288,61.308,0.66528,0,0,2.32665,0.225506,1.43586,0.66528,12.849,1,0.465912,0.36288,0,77.0299,4.84104,72.0859,0.84672,12.849,0.84672,3695.15,0,36.966,0.42336,2.54822,1.91676,8.03079,0.985027,11.0874,0.42336,36.966,0.42336,423.524,0,1.02816,0,0,3.57638,2.54822,1.028160,1,0,84.6091,0,0,0,84.6091,0
67.1534,2.63071,0,0,4.23458,0.353116,0.36288,3.6288,61.308,0.66528,0,0,2.05561,0.250505,1.13983,0.66528,12.849,1,0.510099,0.36288,0,72.462,4.70246,67.6123,0.84672,12.849,0.84672,3695.15,0,36.966,0.42336,2.60425,1.91684,8.04254,1.20023,10.94,0.42336,36.966,0.42336,423.524,0,1.02816,0,0,3.63241,2.60425,1.028160,1,0,79.6921,0,0,0,79.6921,0
68.7594,2.63676,0,0,4.93557,0.329917,0.36288,3.6288,61.308,0.66528,0,0,2.06544,0.257768,1.1424,0.66528,12.849,1,0.504512,0.36288,0,75.9205,3.77359,72.0053,0.84672,12.849,0.84672,3695.15,0,36.966,0.42336,3.25388,1.97628,9.32714,1.02749,13.1064,0.42336,36.966,0.42336,423.524,0,1.02816,0,0,4.28204,3.25388,1.028160,1,0,86.2542,0,0,0,86.2542,0
70.4523,2.64707,0,0,5.04998,0.347136,0.36288,3.6288,61.308,0.66528,0,0,1.9299,0.251093,1.01353,0.66528,12.849,1,0.494656,0.36288,0,79.3428,3.77144,75.4396,0.84672,12.849,0.84672,3695.15,0,36.966,0.42336,2.78141,1.97636,10.0755,1.03478,13.3752,0.42336,36.966,0.42336,423.524,0,1.02816,0,0,3.80957,2.78141,1.028160,1,0,89.8283,0,0,0,89.8283,0
72.2573,2.65752,0,0,5.21017,0.384737,0.36288,3.6288,61.308,0.66528,0,0,2.56592,0.234405,1.66623,0.66528,12.849,1,0.484675,0.36288,0,69.0016,3.76603,65.1138,0.84672,12.849,0.84672,3695.15,0,36.966,0.42336,3.66175,1.97645,12.6282,1.05298,16.7901,0.42336,36.966,0.42336,423.524,0,1.02816,0,0,4.68991,3.66175,1.028160,1,0,83.5701,0,0,0,83.5701,0
72.29,2.28442,0,0,7.58526,0.368766,4.89942,3.6288,61.308,0.66528,0,0,2.90051,0.238119,1.99711,0.66528,12.849,1,0.406221,4.89942,0,114.952,3.49208,115.953,0.84672,12.849,0.84672,3695.15,0,36.966,0.42336,6.73101,1.97654,13.8518,1.02842,21.1076,0.42336,36.966,0.42336,423.524,0,1.02816,0,0,7.75917,6.73101,1.028160,1,0,139.058,0,0,0,139.058,0
72.29,2.28492,0,0,6.7024,0.340432,4.07705,3.6288,61.308,0.66528,0,0,2.52859,0.243071,1.62024,0.66528,12.849,1,0.406126,4.07705,0,128.564,3.12679,129.108,0.84672,12.849,0.84672,3695.15,0,36.966,0.42336,4.14393,1.89192,12.4681,0.995678,17.0849,0.42336,36.966,0.42336,423.524,0,1.02816,0,0,5.17209,4.14393,1.028160,1,0,147.813,0,0,0,147.813,0
72.29,2.28526,0,0,6.50263,0.340432,3.87694,3.6288,61.308,0.66528,0,0,2.62408,0.243071,1.71573,0.66528,12.849,1,0.406187,3.87694,0,93.1719,3.12679,93.5159,0.84672,12.849,0.84672,3695.15,0,36.966,0.42336,4.48995,1.89199,12.5024,0.995678,17.4653,0.42336,36.966,0.42336,423.524,0,1.02816,0,0,5.51811,4.48995,1.028160,1,0,112.697,0,0,0,112.697,0
72.29,2.2856,0,0,6.79078,0.340432,4.16475,3.6288,61.308,0.66528,0,0,2.3589,0.243071,1.45055,0.66528,12.849,1,0.406248,4.16475,0,130.931,3.12679,131.563,0.84672,12.849,0.84672,3695.15,0,36.966,0.42336,4.1045,1.89207,13.0539,0.995678,17.6314,0.42336,36.966,0.42336,423.524,0,1.02816,0,0,5.13266,4.1045,1.028160,1,0,150.645,0,0,0,150.645,0
72.29,2.07257,0,0,5.88448,0.343909,3.468,3.6288,61.308,0.635689,0,0,2.01323,0.17943,1.19811,0.66528,12.849,1,0.368384,3.468,0,116.088,1.99392,117.194,0.84672,12.849,0.84672,3695.15,0,36.966,0.42336,3.77983,1.89214,10.8628,0.567398,15.544,0.42336,36.966,0.42336,423.524,0,1.02816,0,0,4.80799,3.77983,1.028160,1,0,133.936,0,0,0,133.936,0
72.29,2.16176,0,0,7.16913,0.322207,4.68516,3.6288,61.308,0.66528,0,0,1.9427,0.197866,1.07956,0.66528,12.849,1,0.384236,4.68516,0,118.416,3.05036,119.667,0.84672,12.849,0.84672,3695.15,0,36.966,0.42336,2.43445,1.82226,9.28273,1.03024,12.0858,0.42336,36.966,0.42336,423.524,0,1.02816,0,0,3.46261,2.43445,1.028160,1,0,132.832,0,0,0,132.832,0
72.29,2.16209,0,0,6.45088,0.322207,3.96659,3.6288,61.308,0.66528,0,0,2.47705,0.197866,1.61391,0.66528,12.849,1,0.384294,3.96659,0,83.9748,3.05036,84.5067,0.84672,12.849,0.84672,3695.15,0,36.966,0.42336,3.03969,1.86481,7.39169,1.03024,10.8426,0.42336,36.966,0.42336,423.524,0,1.02816,0,0,4.06785,3.03969,1.028160,1,0,96.9632,0,0,0,96.9632,0
72.29,2.16241,0,0,5.98578,0.32758,3.49579,3.6288,61.308,0.66528,0,0,2.62896,0.190112,1.77357,0.66528,12.849,1,0.384352,3.49579,0,76.2368,2.83392,76.5143,0.84672,12.849,0.84672,3695.15,0,36.966,0.42336,3.09311,1.86488,9.91811,0.988474,13.4643,0.42336,36.966,0.42336,423.524,0,1.02816,0,0,4.12127,3.09311,1.028160,1,0,91.7521,0,0,0,91.7521,0
72.29,2.16274,0,0,5.1811,0.295792,2.72257,3.6288,61.308,0.66528,0,0,2.46211,0.205343,1.59149,0.66528,12.849,1,0.38441,2.72257,0,70.3313,3.0492,69.6203,0.84672,12.849,0.84672,3695.15,0,36.966,0.42336,2.82925,1.86495,7.12879,1.02573,10.3739,0.42336,36.966,0.42336,423.524,0,1.02816,0,0,3.85741,2.82925,1.028160,1,0,81.5857,0,0,0,81.5857,0
72.29,2.1283,0,0,4.91285,0.257611,2.52694,3.6288,61.308,0.66528,0,0,1.13283,0.214272,0.253273,0.66528,12.849,1,0.378289,2.52694,0,69.8699,3.64298,68.3756,0.84672,12.849,0.84672,3695.15,0,36.966,0.42336,1.30054,1.86503,5.34718,1.10988,6.97952,0.42336,36.966,0.42336,423.524,0,1.02816,0,0,2.3287,1.30054,1.028160,1,0,75.6084,0,0,0,75.6084,0
72.29,2.12862,0,0,4.45019,0.242338,2.07923,3.6288,61.308,0.66528,0,0,1.03327,0.217844,0.150151,0.66528,12.849,1,0.378346,2.07923,0,67.1095,3.88049,64.9299,0.84672,12.849,0.84672,3695.15,0,36.966,0.42336,1.16567,1.85742,5.30284,1.14354,6.75903,0.42336,36.966,0.42336,423.524,0,1.02816,0,0,2.19383,1.16567,1.028160,1,0,71.8391,0,0,0,71.8391,0
72.29,2.12894,0,0,3.95899,0.242338,1.58771,3.6288,61.308,0.66528,0,0,0.924575,0.217844,0.041451,0.66528,12.849,1,0.378403,1.58771,0,57.5435,3.88049,54.8723,0.84672,12.849,0.84672,3695.15,0,36.966,0.42336,0.891251,1.85749,4.53416,1.14354,5.71601,0.42336,36.966,0.42336,423.524,0,1.02816,0,0,1.91941,0.891251,1.028160,1,0,60.6298,0,0,0,60.6298,0
72.29,2.34761,0,0,3.62968,0.229376,1.0527,3.6288,61.2785,0.66528,0,0,0.836551,0.200778,0,0.66528,12.849,1,0.417269,1.0527,0,52.7967,3.5266,49.9055,0.84672,12.849,0.84672,3695.15,0,36.966,0.42336,0.752008,1.85757,4.23722,1.05378,5.36965,0.42336,36.966,0.42336,423.524,0,1.02816,0,0,1.78017,0.752008,1.028160,1,0,55.2752,0,0,0,55.2752,0
72.29,2.47639,0,0,3.63874,0.19618,0.966176,3.6288,61.2711,0.66528,0,0,0.848284,0.190436,0,0.66528,12.849,1,0.440159,0.966176,0,50.4637,3.29698,47.6928,0.84672,12.849,0.84672,3695.15,0,36.966,0.42336,0.700644,1.90583,3.91103,0.945056,5.14909,0.42336,36.966,0.42336,423.524,0,1.02816,0,0,1.7288,0.700644,1.028160,1,0,52.8419,0,0,0,52.8419,0
72.29,2.47676,0,0,3.95857,0.156398,1.32542,3.6288,61.2621,0.66528,0,0,0.877859,0.221542,0,0.66528,12.849,1,0.440224,1.32542,0,47.7867,3.90254,44.7694,0.84672,12.849,0.84672,3695.15,0,36.966,0.42336,0.61795,1.93425,3.72245,0.97242,4.87887,0.42336,36.966,0.42336,423.524,0,1.02816,0,0,1.64611,0.61795,1.028160,1,0,49.6482,0,0,0,49.6482,0
72.29,2.47712,0,0,3.43074,0.156398,0.797217,3.6288,61.1811,0.66528,0,0,0.805853,0.221529,0,0.66528,12.849,1,0.44029,0.797217,0,44.8438,3.90254,41.2982,0.84672,12.849,0.84672,3695.15,0,36.966,0.42336,0.641287,1.93433,3.76762,0.97242,4.94746,0.42336,36.966,0.42336,423.524,0,1.02816,0,0,1.66945,0.641287,1.028160,1,0,46.2456,0,0,0,46.2456,0
72.29,2.47749,0,0,3.11054,0.156398,0.476652,3.6288,60.9953,0.66528,0,0,0.700903,0.221416,0,0.66528,12.849,1,0.440355,0.476652,0,41.2941,3.90254,37.4279,0.84672,12.849,0.84672,3695.15,0,36.966,0.42336,0.461143,1.93441,3.56255,0.97242,4.56232,0.42336,36.966,0.42336,423.524,0,1.02816,0,0,1.4893,0.461143,1.028160,1,0,41.9902,0,0,0,41.9902,0
72.2386,2.47786,0,0,2.91726,0.127897,0.36288,3.6288,60.7292,0.66528,0,0,0.649858,0.250731,0,0.66528,12.849,1,0.44042,0.36288,0,39.5252,4.48943,34.9583,0.84672,12.849,0.84672,3695.15,0,36.966,0.42336,0.360115,1.93449,3.417,1.13258,4.15567,0.42336,36.966,0.42336,423.524,0,1.02816,0,0,1.38828,0.360115,1.028160,1,0,39.1139,0,0,0,39.1139,0
71.3226,2.45254,0,0,2.00585,0.106462,0.36288,3.6288,60.5368,0.66528,0,0,0.788875,0.315984,0,0.66528,12.849,1,0.436231,0.36288,0,32.0643,5.24527,26.7456,0.84672,12.849,0.84672,3695.15,0,36.966,0.42336,0.409363,1.93457,2.47766,1.32601,3.07222,0.42336,36.966,0.42336,423.524,0,1.02816,0,0,1.43752,0.409363,1.028160,1,0,29.8178,0,0,0,29.8178,0
70.3035,2.44816,0,0,1.89764,0.105721,0.36288,3.6288,60.3034,0.66649,0,0,0.74863,0.315598,0,0.66528,12.849,1,0.441044,0.36288,0,32.1678,5.24527,26.8444,0.84672,12.849,0.84672,3695.15,0,36.966,0.42336,0.30119,1.92905,2.6372,1.32601,3.11806,0.42336,36.966,0.42336,423.524,0,1.02695,0,0,1.32814,0.30119,1.028160,1,0,29.9625,0,0,0,29.9625,0
69.1209,2.44312,0,0,1.72829,0.104898,0.36288,3.6288,60.0602,0.66528,0,0,0.73726,0.31513,0,0.66528,12.849,1,0.446516,0.36288,0,31.4199,5.24527,26.091,0.84672,12.849,0.84672,3695.15,0,36.966,0.42336,0.320147,1.92913,2.54384,1.32601,3.04374,0.42336,36.966,0.42336,423.524,0,1.02816,0,0,1.34831,0.320147,1.028160,1,0,29.1347,0,0,0,29.1347,0
67.7746,2.43704,0,0,1.55763,0.103942,0.36288,3.6288,59.654,0.778084,0,0,0.686543,0.314642,0,0.66528,12.849,1,0.453025,0.36288,0,29.1215,5.24527,23.786,0.84672,12.849,0.84672,3695.15,0,36.966,0.42336,0.261274,1.92921,2.42205,1.32601,2.86316,0.42336,36.966,0.42336,423.524,0,0.915356,0,0,1.17663,0.261274,1.028160,1,0,26.6492,0,0,0,26.6492,0
66.462,2.49484,0,0,1.62409,0.079,0.36288,3.6288,59.116,0.854479,0,0,0.648501,0.332005,0,0.66528,12.849,1,0.472983,0.36288,0,27.0964,5.77619,21.2101,0.84672,12.849,0.84672,3695.15,0,36.966,0.42336,0.261274,1.92929,2.28884,1.49817,2.55787,0.42336,36.966,0.42336,423.524,0,0.838961,0,0,1.10023,0.261274,1.028160,1,0,23.768,0,0,0,23.768,0
65.1739,2.48738,0,0,1.63058,0.068441,0.36288,3.6288,58.5659,0.847014,0,0,0.622387,0.325521,0,0.66528,12.849,1,0.480882,0.36288,0,25.877,5.92735,19.8316,0.84672,12.849,0.84672,3695.15,0,36.966,0.42336,0.261274,1.94386,2.36777,1.53712,2.61242,0.42336,36.966,0.42336,423.524,0,0.846426,0,0,1.1077,0.261274,1.028160,1,0,22.444,0,0,0,22.444,0
63.7052,2.47981,0,0,1.44173,0.0677411,0.36288,3.6288,57.8656,0.96177,0,0,0.585897,0.324373,0,0.66528,12.849,1,0.488894,0.36288,0,24.4445,5.92735,18.3911,0.84672,12.849,0.84672,3695.15,0,36.966,0.42336,0.261274,1.94394,2.22126,1.53712,2.46599,0.42336,36.966,0.42336,423.524,0,0.73167,0,0,0.992943,0.261274,1.028160,1,0,20.8571,0,0,0,20.8571,0
62.1166,2.4708,0,0,1.30283,0.0577789,0.36288,3.6288,57.1602,0.957554,0,0,0.580112,0.327979,0,0.66528,12.849,1,0.498347,0.36288,0,23.1717,6.07691,16.9593,0.84672,12.849,0.84672,3695.15,0,36.966,0.42336,0.227405,1.94402,2.21632,1.567,2.39739,0.42336,36.966,0.42336,423.524,0,0.735886,0,0,0.963291,0.227405,1.028160,1,0,19.3567,0,0,0,19.3567,0
60.1429,2.64836,0,0,1.09473,0.0571193,0.36288,3.6288,56.4612,0.960733,0,0,0.578047,0.316362,0,0.66528,12.849,1,0.547821,0.36288,0,21.7751,6.05799,15.5322,0.84672,12.849,0.84672,3695.15,0,36.966,0.42336,0.227405,1.94411,2.06381,1.45341,2.35856,0.42336,36.966,0.42336,423.524,0,0.732707,0,0,0.960111,0.227405,1.028160,1,0,17.8908,0,0,0,17.8908,0
58.2392,2.63393,0,0,1.15447,0.0614,0.36288,3.6288,55.7899,0.969546,0,0,0.589165,0.290911,0,0.66528,12.849,1,0.562716,0.36288,0,20.3847,5.70623,14.4786,0.84672,12.849,0.84672,3695.15,0,36.966,0.42336,0.227405,1.98665,1.64522,1.36356,2.07236,0.42336,36.966,0.42336,423.524,0,0.723894,0,0,0.951299,0.227405,1.028160,1,0,16.551,0,0,0,16.551,0
56.4296,2.61925,0,0,1.23283,0.0602836,0.36288,3.6288,55.2069,0.890628,0,0,0.597318,0.289638,0,0.66528,12.849,1,0.57787,0.36288,0,20.3804,5.70623,14.4592,0.84672,12.849,0.84672,3695.15,0,36.966,0.42336,0.227405,1.98674,1.98704,1.36356,2.41426,0.42336,36.966,0.42336,423.524,0,0.802812,0,0,1.03022,0.227405,1.028160,1,0,16.8734,0,0,0,16.8734,0
54.7933,2.60453,0,0,1.39037,0.0592225,0.36288,3.6288,54.638,0.897765,0,0,0.617317,0.288532,0,0.66528,12.849,1,0.593051,0.36288,0,19.4948,5.70623,13.5584,0.84672,12.849,0.84672,3695.15,0,36.966,0.42336,0.204422,1.98683,2.20866,1.36356,2.61299,0.42336,36.966,0.42336,423.524,0,0.795675,0,0,1.0001,0.204422,1.028160,1,0,16.1714,0,0,0,16.1714,0
52.7813,2.59057,0,0,1.00829,0.0669083,0.36288,3.6288,53.9256,0.957087,0,0,0.532376,0.287608,0,0.66528,12.849,1,0.607486,0.36288,0,18.694,5.75063,12.6988,0.84672,12.849,0.84672,3695.15,0,36.966,0.42336,0.204422,1.98692,1.57191,1.35487,1.98502,0.42336,36.966,0.42336,423.524,0,0.736353,0,0,0.940775,0.204422,1.028160,1,0,14.6838,0,0,0,14.6838,0
51.3465,2.48345,0,0,1.51034,0.0987825,0.36288,3.6288,53.569,0.66528,0,0,0.528854,0.220196,0,0.66528,12.849,1,0.604567,0.36288,0,29.9357,5.21598,24.478,0.84672,12.849,0.84672,3695.15,0,36.966,0.42336,0.285111,1.987,2.00979,1.13638,2.72217,0.42336,36.966,0.42336,423.524,0,1.02816,0,0,1.31327,0.285111,1.028160,1,0,27.2002,0,0,0,27.2002,0
49.734,2.4703,0,0,1.35752,0.136812,0.36288,3.6288,53.2272,0.698898,0,0,0.546211,0.189107,0,0.66528,12.849,1,0.61817,0.36288,0,25.9877,4.08118,21.6512,0.84672,12.849,0.84672,3695.15,0,36.966,0.42336,0.204422,1.96638,2.34114,0.808883,3.2797,0.42336,36.966,0.42336,423.524,0,0.994542,0,0,1.19896,0.204422,1.028160,1,0,24.9309,0,0,0,24.9309,0
48.3439,2.45473,0,0,1.57029,0.142834,0.36288,3.6288,53.3545,0.66528,0,0,0.979085,0.186558,0,0.66528,12.849,1,0.63419,0.36288,0,29.945,4.02181,25.6519,0.84672,12.849,0.84672,3695.15,0,36.966,0.42336,0.95529,1.96647,3.38651,0.801601,5.08331,0.42336,36.966,0.42336,423.524,0,1.02816,0,0,1.98345,0.95529,1.028160,1,0,30.7352,0,0,0,30.7352,0
46.9124,2.44068,0,0,1.51281,0.140711,0.36288,3.6288,53.4016,0.66528,0,0,0.899122,0.186748,0,0.66528,12.849,1,0.648693,0.36288,0,28.7198,4.02181,24.4122,0.84672,12.849,0.84672,3695.15,0,36.966,0.42336,0.898931,1.96655,2.90476,0.801601,4.54528,0.42336,36.966,0.42336,423.524,0,1.02816,0,0,1.92709,0.898931,1.028160,1,0,28.9574,0,0,0,28.9574,0
45.2291,2.35426,0,0,1.16669,0.132861,0.36288,3.6288,53.3165,0.66528,0,0,0.773896,0.193718,0,0.66528,12.849,1,0.644816,0.36288,0,20.3776,4.06938,16.0263,0.84672,12.849,0.84672,3695.15,0,36.966,0.42336,0.498373,1.96664,2.47234,0.840237,3.67375,0.42336,36.966,0.42336,423.524,0,1.02816,0,0,1.52653,0.498373,1.028160,1,0,19.7,0,0,0,19.7,0
43.802,2.33591,0,0,1.43956,0.167854,0.36288,3.6288,53.2161,0.66528,0,0,0.761884,0.196965,0,0.66528,12.849,1,0.663603,0.36288,0,24.4096,4.19121,19.9177,0.84672,12.849,0.84672,3695.15,0,36.966,0.42336,0.310202,1.94972,3.32292,0.966159,4.19332,0.42336,36.966,0.42336,423.524,0,1.02816,0,0,1.33836,0.310202,1.028160,1,0,24.111,0,0,0,24.111,0
42.4245,2.31954,0,0,1.52889,0.224025,0.36288,3.6288,52.668,0.900755,0,0,0.541761,0.18906,0,0.66528,12.849,1,0.68042,0.36288,0,26.4909,4.26909,21.9043,0.84672,12.849,0.84672,3695.15,0,36.966,0.42336,0.216518,1.9498,2.89936,1.06537,3.57695,0.42336,36.966,0.42336,423.524,0,0.792685,0,0,1.0092,0.216518,1.028160,1,0,25.4812,0,0,0,25.4812,0
41.3227,2.30292,0,0,1.78456,0.220496,0.36288,3.6288,52.8769,0.66528,0,0,1.06239,0.188233,0,0.66528,12.849,1,0.69748,0.36288,0,30.8352,4.26909,26.2315,0.84672,12.849,0.84672,3695.15,0,36.966,0.42336,1.30583,1.94988,4.6033,1.06537,6.37028,0.42336,36.966,0.42336,423.524,0,1.02816,0,0,2.33399,1.30583,1.028160,1,0,32.6018,0,0,0,32.6018,0
43.4177,2.09236,0,0,4.76887,0.218696,0.36288,3.6288,54.5567,0.66528,0,0,2.54019,0.195081,0,0.66528,12.849,1,0.650604,0.36288,0,90.3074,4.3377,85.6819,0.84672,12.849,0.84672,3695.15,0,36.966,0.42336,3.4789,1.94996,9.40933,1.0861,13.3287,0.42336,36.966,0.42336,423.524,0,1.02816,0,0,4.50706,3.4789,1.028160,1,0,99.0107,0,0,0,99.0107,0
44.2903,2.1169,0,0,3.58283,0.230374,0.36288,3.6288,54.8326,0.66528,0,0,1.17839,0.237204,0,0.66528,12.849,1,0.626473,0.36288,0,55.0505,4.74936,50.0376,0.84672,12.849,0.84672,3695.15,0,36.966,0.42336,1.3633,1.90172,6.61103,1.21051,8.24217,0.42336,36.966,0.42336,423.524,0,1.02816,0,0,2.39146,1.3633,1.028160,1,0,58.2798,0,0,0,58.2798,0
45.3255,2.12678,0,0,3.75752,0.232683,0.36288,3.6288,55.5203,0.66528,0,0,1.59053,0.237636,0,0.66528,12.849,1,0.616997,0.36288,0,66.3615,4.74936,61.358,0.84672,12.849,0.84672,3695.15,0,36.966,0.42336,2.41671,1.9018,9.5766,1.21051,12.2612,0.42336,36.966,0.42336,423.524,0,1.02816,0,0,3.44487,2.41671,1.028160,1,0,73.6193,0,0,0,73.6193,0
45.1377,1.93903,0,0,2.34535,0.231249,0.36288,3.6288,55.3783,0.659366,0,0,0.739591,0.222176,0,0.66528,12.849,1,0.54968,0.36288,0,39.7555,4.43691,35.1318,0.84672,12.849,0.84672,3695.15,0,36.966,0.42336,0.849018,1.90187,5.03317,1.12066,6.24005,0.42336,36.966,0.42336,423.524,0,1.02816,0,0,1.87718,0.849018,1.028160,1,0,41.3718,0,0,0,41.3718,0
44.7726,1.93754,0,0,2.15565,0.220351,0.36288,3.6288,55.2235,0.659584,0,0,0.685455,0.180664,0,0.66528,12.849,1,0.551544,0.36288,0,40.4201,3.65578,36.5756,0.84672,12.849,0.84672,3695.15,0,36.966,0.42336,0.419921,1.8495,4.68149,0.896018,5.63154,0.42336,36.966,0.42336,423.524,0,1.02816,0,0,1.44808,0.419921,1.028160,1,0,42.2072,0,0,0,42.2072,0
44.5044,2.00523,0,0,2.34221,0.242341,0.36288,3.6288,55.2027,0.814873,0,0,0.972156,0.178053,0,0.66528,12.849,1,0.575467,0.36288,0,32.9932,3.51786,29.2628,0.84672,12.849,0.84672,3695.15,0,36.966,0.42336,0.412474,1.84974,3.88395,0.945351,4.77745,0.42336,36.966,0.42336,423.524,0,0.878567,0,0,1.29104,0.412474,1.028160,1,0,34.0402,0,0,0,34.0402,0
46.1482,2.00282,0,0,4.26025,0.250737,0.36288,3.6288,55.7891,0.66528,0,0,1.42866,0.177058,0,0.66528,12.849,1,0.578239,0.36288,0,68.9627,3.46269,65.2846,0.84672,12.849,0.84672,3695.15,0,36.966,0.42336,0.720999,1.87131,7.79924,0.965084,9.00311,0.42336,36.966,0.42336,423.524,0,1.02816,0,0,1.74916,0.720999,1.028160,1,0,74.2877,0,0,0,74.2877,0
50.826,2.01921,0,0,7.31528,0.255413,0.36288,3.6288,58.4525,0.66528,0,0,3.50647,0.17774,0,0.66528,12.849,1,0.562207,0.36288,0,144.037,3.46269,140.375,0.84672,12.849,0.84672,3695.15,0,36.966,0.42336,2.76535,1.87138,14.608,0.965084,17.8563,0.42336,36.966,0.42336,423.524,0,1.02816,0,0,3.79351,2.76535,1.028160,1,0,158.231,0,0,0,158.231,0
56.5243,2.0608,0,0,8.42376,0.301708,0.36288,3.6288,60.7807,0.66528,0,0,3.19321,0.199742,0,0.66528,12.849,1,0.520978,0.36288,0,169.792,3.82851,165.806,0.84672,12.849,0.84672,3695.15,0,36.966,0.42336,3.64234,1.87145,14.3744,1.05895,18.4058,0.42336,36.966,0.42336,423.524,0,1.02816,0,0,4.6705,3.64234,1.028160,1,0,184.212,0,0,0,184.212,0
61.7111,2.57854,0,0,8.46392,0.335725,0.36288,3.6288,61.308,0.66528,0,0,2.76451,0.201771,1.37016,0.66528,12.849,1,0.586148,0.36288,0,251.209,3.93886,247.047,0.84672,12.849,0.84672,3695.15,0,36.966,0.42336,3.48942,1.87151,13.3418,1.08361,17.1958,0.42336,36.966,0.42336,423.524,0,1.02816,0,0,4.51758,3.48942,1.028160,1,0,265.613,0,0,0,265.613,0
64.701,2.61967,0,0,6.29796,0.325463,0.36288,3.6288,61.308,0.66528,0,0,1.71335,0.163936,0.884131,0.66528,12.849,1,0.545447,0.36288,0,152.674,3.52884,148.963,0.84672,12.849,0.84672,3695.15,0,36.966,0.42336,1.76042,1.98075,6.33145,0.969241,8.68002,0.42336,36.966,0.42336,423.524,0,1.02816,0,0,2.78858,1.76042,1.028160,1,0,158.527,0,0,0,158.527,0
70.7512,2.64106,0,0,9.38511,0.331044,0.36288,3.6288,61.308,0.66528,0,0,2.62147,0.169469,1.78672,0.66528,12.849,1,0.524488,0.36288,0,212.273,3.65988,208.451,0.84672,12.849,0.84672,3695.15,0,36.966,0.42336,3.20428,1.98083,10.5829,1.01024,14.3344,0.42336,36.966,0.42336,423.524,0,1.02816,0,0,4.23244,3.20428,1.028160,1,0,224.572,0,0,0,224.572,0
72.29,2.67938,0,0,9.56837,0.334085,5.01608,3.6288,61.308,0.66528,0,0,3.17867,0.18774,2.32565,0.66528,12.849,1,0.486597,5.01608,0,201.729,4.23141,202.027,0.84672,12.849,0.84672,3695.15,0,36.966,0.42336,4.15716,1.98091,13.9859,1.16203,18.5386,0.42336,36.966,0.42336,423.524,0,1.02816,0,0,5.18532,4.15716,1.028160,1,0,222.892,0,0,0,222.892,0
72.29,2.30219,0,0,7.08859,0.3411,4.44531,3.6288,61.308,0.66528,0,0,2.06855,0.155308,1.24796,0.66528,12.849,1,0.409196,4.44531,0,183.62,3.72221,183.934,0.84672,12.849,0.84672,3695.15,0,36.966,0.42336,2.4661,1.98099,8.63092,0.946597,11.7081,0.42336,36.966,0.42336,423.524,0,1.02816,0,0,3.49426,2.4661,1.028160,1,0,196.89,0,0,0,196.89,0
72.29,2.3025,0,0,4.86162,0.334114,2.22501,3.6288,61.308,0.66528,0,0,1.69712,0.167508,0.864332,0.66528,12.849,1,0.409253,2.22501,0,110.814,3.79113,108.839,0.84672,12.849,0.84672,3695.15,0,36.966,0.42336,0.77544,1.8958,4.32886,0.996629,5.58012,0.42336,36.966,0.42336,423.524,0,1.02816,0,0,1.8036,0.77544,1.028160,1,0,115.283,0,0,0,115.283,0
72.29,2.30282,0,0,5.39379,0.334114,2.75685,3.6288,61.308,0.66528,0,0,2.42374,0.167508,1.59095,0.66528,12.849,1,0.40931,2.75685,0,117.122,3.79113,115.679,0.84672,12.849,0.84672,3695.15,0,36.966,0.42336,1.44045,1.89587,9.69538,0.996629,11.6117,0.42336,36.966,0.42336,423.524,0,1.02816,0,0,2.46861,1.44045,1.028160,1,0,128.881,0,0,0,128.881,0
72.29,2.30314,0,0,5.6211,0.334114,2.98384,3.6288,61.308,0.66528,0,0,2.40554,0.167508,1.57275,0.66528,12.849,1,0.409366,2.98384,0,90.6535,3.79113,89.4368,0.84672,12.849,0.84672,3695.15,0,36.966,0.42336,1.66987,1.89594,7.79907,0.996629,9.94489,0.42336,36.966,0.42336,423.524,0,1.02816,0,0,2.69803,1.66987,1.028160,1,0,100.954,0,0,0,100.954,0
72.29,2.08868,0,0,7.90647,0.317242,5.50055,3.6288,61.308,0.646709,0,0,3.74858,0.166903,2.93497,0.66528,12.849,1,0.371247,5.50055,0,161.844,3.68963,163.283,0.84672,12.849,0.84672,3695.15,0,36.966,0.42336,3.51624,1.89601,13.7219,0.996369,17.7144,0.42336,36.966,0.42336,423.524,0,1.02816,0,0,4.5444,3.51624,1.028160,1,0,183.933,0,0,0,183.933,0
72.29,2.17843,0,0,9.58319,0.299014,7.10574,3.6288,61.308,0.66528,0,0,4.09725,0.182061,3.24991,0.66528,12.849,1,0.3872,7.10574,0,231.487,4.51143,233.694,0.84672,12.849,0.84672,3695.15,0,36.966,0.42336,3.14722,1.83433,12.4973,1.07218,15.9833,0.42336,36.966,0.42336,423.524,0,1.02816,0,0,4.17538,3.14722,1.028160,1,0,252.928,0,0,0,252.928,0
72.29,2.17874,0,0,7.33487,0.283182,4.87295,3.6288,61.308,0.66528,0,0,2.73269,0.174311,1.8931,0.66528,12.849,1,0.387254,4.87295,0,152.656,4.5381,152.603,0.84672,12.849,0.84672,3695.15,0,36.966,0.42336,2.18959,1.86849,9.91855,1.06301,12.4903,0.42336,36.966,0.42336,423.524,0,1.02816,0,0,3.21775,2.18959,1.028160,1,0,166.987,0,0,0,166.987,0
72.29,2.17904,0,0,5.47863,0.283182,3.01641,3.6288,61.308,0.66528,0,0,2.10551,0.174311,1.26592,0.66528,12.849,1,0.387309,3.01641,0,101.894,4.5381,99.9851,0.84672,12.849,0.84672,3695.15,0,36.966,0.42336,1.65501,1.86856,7.74792,1.06301,9.78512,0.42336,36.966,0.42336,423.524,0,1.02816,0,0,2.68317,1.65501,1.028160,1,0,111.036,0,0,0,111.036,0
72.29,2.17935,0,0,4.73577,0.283182,2.27324,3.6288,61.308,0.66528,0,0,1.92049,0.174311,1.0809,0.66528,12.849,1,0.387363,2.27324,0,88.2274,4.5381,85.5751,0.84672,12.849,0.84672,3695.15,0,36.966,0.42336,1.56775,1.86862,6.88833,1.06301,8.83833,0.42336,36.966,0.42336,423.524,0,1.02816,0,0,2.59591,1.56775,1.028160,1,0,95.4944,0,0,0,95.4944,0
72.29,2.14466,0,0,4.71834,0.22035,2.35333,3.6288,61.308,0.66528,0,0,1.70027,0.197302,0.837684,0.66528,12.849,1,0.381197,2.35333,0,86.8977,4.61502,84.2548,0.84672,12.849,0.84672,3695.15,0,36.966,0.42336,1.43115,1.86869,6.95727,1.09268,8.74108,0.42336,36.966,0.42336,423.524,0,1.02816,0,0,2.45931,1.43115,1.028160,1,0,93.8335,0,0,0,93.8335,0
72.29,2.14496,0,0,4.77728,0.173226,2.4591,3.6288,61.308,0.66528,0,0,1.56951,0.214545,0.689683,0.66528,12.849,1,0.38125,2.4591,0,88.5004,4.67271,85.9055,0.84672,12.849,0.84672,3695.15,0,36.966,0.42336,1.37221,1.86103,6.5753,1.11493,8.27026,0.42336,36.966,0.42336,423.524,0,1.02816,0,0,2.40037,1.37221,1.028160,1,0,94.8655,0,0,0,94.8655,0
72.29,2.14526,0,0,4.39589,0.173226,2.07741,3.6288,61.308,0.66528,0,0,1.55585,0.214545,0.676023,0.66528,12.849,1,0.381303,2.07741,0,79.9088,4.67271,76.9322,0.84672,12.849,0.84672,3695.15,0,36.966,0.42336,1.40846,1.8611,6.28318,1.11493,8.01445,0.42336,36.966,0.42336,423.524,0,1.02816,0,0,2.43662,1.40846,1.028160,1,0,85.6226,0,0,0,85.6226,0
72.29,2.14556,0,0,4.2462,0.178655,1.92198,3.6288,61.308,0.66528,0,0,1.98913,0.202904,1.12094,0.66528,12.849,1,0.381357,1.92198,0,77.1932,4.56204,74.1718,0.84672,12.849,0.84672,3695.15,0,36.966,0.42336,1.9207,1.86117,7.77626,1.07387,10.0609,0.42336,36.966,0.42336,423.524,0,1.02816,0,0,2.94886,1.9207,1.028160,1,0,85.3536,0,0,0,85.3536,0
72.29,2.49493,0,0,3.94667,0.149365,1.30237,3.6288,61.308,0.66528,0,0,1.57906,0.167264,0.746511,0.66528,12.849,1,0.443455,1.30237,0,67.9087,4.24435,64.5232,0.84672,12.849,0.84672,3695.15,0,36.966,0.42336,1.32804,1.86123,6.29669,0.909964,8.15263,0.42336,36.966,0.42336,423.524,0,1.02816,0,0,2.3562,1.32804,1.028160,1,0,73.4224,0,0,0,73.4224,0
72.29,2.49527,0,0,3.88222,0.11073,1.27622,3.6288,61.308,0.66528,0,0,1.50168,0.254217,0.582187,0.66528,12.849,1,0.443516,1.27622,0,67.6719,4.7354,63.7692,0.84672,12.849,0.84672,3695.15,0,36.966,0.42336,1.17916,1.93834,6.33666,1.08534,7.94547,0.42336,36.966,0.42336,423.524,0,1.02816,0,0,2.20732,1.17916,1.028160,1,0,72.2969,0,0,0,72.2969,0
72.29,2.49561,0,0,3.72821,0.11073,1.12187,3.6288,61.308,0.66528,0,0,1.48592,0.254217,0.566428,0.66528,12.849,1,0.443577,1.12187,0,62.8119,4.7354,58.7548,0.84672,12.849,0.84672,3695.15,0,36.966,0.42336,1.18694,1.93842,6.08113,1.08534,7.69778,0.42336,36.966,0.42336,423.524,0,1.02816,0,0,2.2151,1.18694,1.028160,1,0,67.019,0,0,0,67.019,0
72.29,2.49596,0,0,3.5382,0.115647,0.926597,3.6288,61.308,0.66528,0,0,1.46242,0.2529,0.544244,0.66528,12.849,1,0.443637,0.926597,0,60.1687,4.65078,56.0009,0.84672,12.849,0.84672,3695.15,0,36.966,0.42336,1.36778,1.93849,5.6924,1.0886,7.48671,0.42336,36.966,0.42336,423.524,0,1.02816,0,0,2.39594,1.36778,1.028160,1,0,64.0318,0,0,0,64.0318,0
72.29,2.4963,0,0,3.28433,0.13404,0.653992,3.6288,61.308,0.66528,0,0,1.40558,0.24915,0.491151,0.66528,12.849,1,0.443698,0.653992,0,55.6915,4.17515,51.7267,0.84672,12.849,0.84672,3695.15,0,36.966,0.42336,1.2877,1.93857,5.2949,1.11771,6.9801,0.42336,36.966,0.42336,423.524,0,1.02816,0,0,2.31586,1.2877,1.028160,1,0,59.1979,0,0,0,59.1979,0
72.29,2.47106,0,0,3.36281,0.091055,0.800692,3.6288,61.308,0.66528,0,0,1.06245,0.287892,0.10928,0.66528,12.849,1,0.439212,0.800692,0,40.0961,5.24876,35.2088,0.84672,12.849,0.84672,3695.15,0,36.966,0.42336,0.791908,1.93864,3.74564,1.27512,4.77771,0.42336,36.966,0.42336,423.524,0,1.02816,0,0,1.82007,0.791908,1.028160,1,0,40.0958,0,0,0,40.0958,0
72.29,2.4714,0,0,3.07682,0.0950004,0.510424,3.6288,61.2525,0.66528,0,0,0.900003,0.290198,0,0.66528,12.849,1,0.439273,0.510424,0,49.7531,5.39563,44.4286,0.84672,12.849,0.84672,3695.15,0,36.966,0.42336,0.661669,1.93307,3.8518,1.29183,4.73135,0.42336,36.966,0.42336,423.524,0,1.02816,0,0,1.68983,0.661669,1.028160,1,0,49.16,0,0,0,49.16,0
72.1,2.47174,0,0,2.73957,0.0950004,0.36288,3.6288,61.109,0.66528,0,0,0.811901,0.290096,0,0.66528,12.849,1,0.439333,0.36288,0,51.0036,5.39563,45.5316,0.84672,12.849,0.84672,3695.15,0,36.966,0.42336,0.551837,1.93315,3.84617,1.29183,4.61597,0.42336,36.966,0.42336,423.524,0,1.02816,0,0,1.58,0.551837,1.028160,1,0,50.1475,0,0,0,50.1475,0
71.7345,2.4711,0,0,2.56342,0.0948634,0.36288,3.6288,60.9292,0.66528,0,0,0.775215,0.289833,0,0.66528,12.849,1,0.440377,0.36288,0,47.6089,5.39563,42.1358,0.84672,12.849,0.84672,3695.15,0,36.966,0.42336,0.515972,1.93322,3.66935,1.29183,4.40335,0.42336,36.966,0.42336,423.524,0,1.02816,0,0,1.54413,0.515972,1.028160,1,0,46.5391,0,0,0,46.5391,0
71.1963,2.53555,0,0,2.44064,0.0803998,0.36288,3.6288,60.7018,0.66528,0,0,0.742579,0.304697,0,0.66528,12.849,1,0.454164,0.36288,0,39.6948,5.50296,34.1005,0.84672,12.849,0.84672,3695.15,0,36.966,0.42336,0.32057,1.9333,3.06783,1.37965,3.51869,0.42336,36.966,0.42336,423.524,0,1.02816,0,0,1.34873,0.32057,1.028160,1,0,37.6192,0,0,0,37.6192,0
70.6411,2.53299,0,0,2.41294,0.072283,0.36288,3.6288,60.4394,0.66528,0,0,0.709396,0.306421,0,0.66528,12.849,1,0.457135,0.36288,0,44.7873,5.3927,39.3003,0.84672,12.849,0.84672,3695.15,0,36.966,0.42336,0.361739,1.94796,2.66909,1.411,3.14443,0.42336,36.966,0.42336,423.524,0,1.02816,0,0,1.3899,0.361739,1.028160,1,0,42.4447,0,0,0,42.4447,0
69.9264,2.53029,0,0,2.25041,0.0719759,0.36288,3.6288,60.0966,0.66528,0,0,0.628339,0.305911,0,0.66528,12.849,1,0.460238,0.36288,0,35.4312,5.3927,29.9411,0.84672,12.849,0.84672,3695.15,0,36.966,0.42336,0.343846,1.94804,2.43626,1.411,2.89378,0.42336,36.966,0.42336,423.524,0,1.02816,0,0,1.37201,0.343846,1.028160,1,0,32.8349,0,0,0,32.8349,0
69.0122,2.52666,0,0,2.04696,0.0715806,0.36288,3.6288,59.618,0.763569,0,0,0.590198,0.305244,0,0.66528,12.849,1,0.464275,0.36288,0,32.5799,5.3927,27.0858,0.84672,12.849,0.84672,3695.15,0,36.966,0.42336,0.227405,1.94811,2.2297,1.411,2.57086,0.42336,36.966,0.42336,423.524,0,0.929871,0,0,1.15728,0.227405,1.028160,1,0,29.6567,0,0,0,29.6567,0
68.1899,2.71408,0,0,2.31592,0.0612913,0.36288,3.6288,59.3721,0.66528,0,0,0.717548,0.298189,0,0.66528,12.849,1,0.50532,0.36288,0,33.5046,5.53419,27.828,0.84672,12.849,0.84672,3695.15,0,36.966,0.42336,0.537149,1.94819,3.26886,1.44788,3.88296,0.42336,36.966,0.42336,423.524,0,1.02816,0,0,1.56531,0.537149,1.028160,1,0,31.711,0,0,0,31.711,0
67.1511,2.70932,0,0,2.12048,0.0870803,0.36288,3.6288,58.6741,0.868251,0,0,0.489877,0.319561,0,0.66528,12.849,1,0.510517,0.36288,0,29.4815,5.36034,23.9735,0.84672,12.849,0.84672,3695.15,0,36.966,0.42336,0.227405,1.99101,1.87232,1.49893,2.16845,0.42336,36.966,0.42336,423.524,0,0.825189,0,0,1.05259,0.227405,1.028160,1,0,26.142,0,0,0,26.142,0
66.3729,2.70306,0,0,2.36941,0.0816623,0.36288,3.6288,58.2901,0.66528,0,0,0.60198,0.32068,0,0.66528,12.849,1,0.517216,0.36288,0,37.515,5.43512,31.9255,0.84672,12.849,0.84672,3695.15,0,36.966,0.42336,0.293691,1.99109,1.98736,1.51387,2.33492,0.42336,36.966,0.42336,423.524,0,1.02816,0,0,1.32185,0.293691,1.028160,1,0,34.2604,0,0,0,34.2604,0
65.1024,2.69834,0,0,1.87193,0.0811606,0.36288,3.6288,57.4588,0.950884,0,0,0.439422,0.319888,0,0.66528,12.849,1,0.522367,0.36288,0,38.7142,5.43512,33.1196,0.84672,12.849,0.84672,3695.15,0,36.966,0.42336,0.204422,1.99117,1.57472,1.51387,1.83308,0.42336,36.966,0.42336,423.524,0,0.742556,0,0,0.946979,0.204422,1.028160,1,0,34.9527,0,0,0,34.9527,0
64.2874,2.6902,0,0,2.31841,0.0803414,0.36288,3.6288,57.2064,0.66528,0,0,0.73105,0.318175,0,0.66528,12.849,1,0.530953,0.36288,0,34.3094,5.43512,28.7063,0.84672,12.849,0.84672,3695.15,0,36.966,0.42336,0.660891,1.99125,2.36634,1.51387,3.08125,0.42336,36.966,0.42336,423.524,0,1.02816,0,0,1.68905,0.660891,1.028160,1,0,31.7875,0,0,0,31.7875,0
63.5367,2.59226,0,0,2.29503,0.090603,0.36288,3.6288,56.9042,0.66528,0,0,0.690695,0.327572,0,0.66528,12.849,1,0.51811,0.36288,0,32.5782,5.6643,26.7586,0.84672,12.849,0.84672,3695.15,0,36.966,0.42336,0.361835,1.99133,1.88086,1.45198,2.35868,0.42336,36.966,0.42336,423.524,0,1.02816,0,0,1.38999,0.361835,1.028160,1,0,29.1173,0,0,0,29.1173,0
63.2205,2.58752,0,0,2.79098,0.156833,0.36288,3.6288,56.9622,0.66528,0,0,1.02369,0.300423,0,0.66528,12.849,1,0.523274,0.36288,0,30.9906,4.94686,25.8833,0.84672,12.849,0.84672,3695.15,0,36.966,0.42336,0.843636,1.97057,2.31915,1.24708,3.46291,0.42336,36.966,0.42336,423.524,0,1.02816,0,0,1.8718,0.843636,1.028160,1,0,29.3462,0,0,0,29.3462,0
62.7269,2.5857,0,0,2.61723,0.162172,0.36288,3.6288,57.0953,0.66528,0,0,1.10086,0.302493,0,0.66528,12.849,1,0.525521,0.36288,0,36.8711,4.97941,31.7291,0.84672,12.849,0.84672,3695.15,0,36.966,0.42336,0.869486,1.97065,2.44223,1.26572,3.59329,0.42336,36.966,0.42336,423.524,0,1.02816,0,0,1.89765,0.869486,1.028160,1,0,35.3223,0,0,0,35.3223,0
62.532,2.58262,0,0,2.91213,0.16152,0.36288,3.6288,57.3639,0.66528,0,0,1.23661,0.302755,0,0.66528,12.849,1,0.529025,0.36288,0,55.5911,4.97941,50.4456,0.84672,12.849,0.84672,3695.15,0,36.966,0.42336,1.12266,1.97073,2.8176,1.26572,4.22191,0.42336,36.966,0.42336,423.524,0,1.02816,0,0,2.15082,1.12266,1.028160,1,0,54.6675,0,0,0,54.6675,0
62.0391,2.50584,0,0,2.56089,0.185143,0.36288,3.6288,57.8134,0.66528,0,0,1.38515,0.270344,0,0.66528,12.849,1,0.514897,0.36288,0,107.64,4.85833,102.629,0.84672,12.849,0.84672,3695.15,0,36.966,0.42336,1.08386,1.97081,3.45536,1.19642,4.89025,0.42336,36.966,0.42336,423.524,0,1.02816,0,0,2.11202,1.08386,1.028160,1,0,107.52,0,0,0,107.52,0
60.4806,2.50279,0,0,1.55105,0.243854,0.36288,3.6288,57.6245,0.66528,0,0,0.664924,0.188545,0,0.66528,12.849,1,0.518357,0.36288,0,37.0729,4.55564,32.3618,0.84672,12.849,0.84672,3695.15,0,36.966,0.42336,0.230342,1.95378,2.44262,1.02317,3.18021,0.42336,36.966,0.42336,423.524,0,1.02816,0,0,1.2585,0.230342,1.028160,1,0,35.542,0,0,0,35.542,0
59.806,2.49212,0,0,2.42112,0.240728,0.36288,3.6288,57.557,0.66528,0,0,0.786057,0.188315,0,0.66528,12.849,1,0.529446,0.36288,0,49.6808,4.55564,44.9586,0.84672,12.849,0.84672,3695.15,0,36.966,0.42336,0.522521,1.95385,3.23692,1.02317,4.26676,0.42336,36.966,0.42336,423.524,0,1.02816,0,0,1.55068,0.522521,1.028160,1,0,49.2253,0,0,0,49.2253,0
62.5873,2.48754,0,0,5.87098,0.23923,0.36288,3.6288,58.6463,0.66528,0,0,1.94288,0.188233,0,0.66528,12.849,1,0.534435,0.36288,0,113.665,4.55564,108.938,0.84672,12.849,0.84672,3695.15,0,36.966,0.42336,3.00172,1.95393,5.36671,1.02317,8.87582,0.42336,36.966,0.42336,423.524,0,1.02816,0,0,4.02988,3.00172,1.028160,1,0,117.814,0,0,0,117.814,0
64.2413,2.29229,0,0,4.57352,0.264341,0.36288,3.6288,59.1979,0.66528,0,0,1.41328,0.196383,0,0.66528,12.849,1,0.4706,0.36288,0,65.2127,4.3714,60.7336,0.84672,12.849,0.84672,3695.15,0,36.966,0.42336,1.67416,1.95401,3.19563,0.959538,5.44091,0.42336,36.966,0.42336,423.524,0,1.02816,0,0,2.70232,1.67416,1.028160,1,0,66.1745,0,0,0,66.1745,0
63.4101,2.3027,0,0,2.11502,0.280698,0.36288,3.6288,58.8399,0.66528,0,0,0.533143,0.225867,0,0.66528,12.849,1,0.460567,0.36288,0,46.9739,4.46124,42.4149,0.84672,12.849,0.84672,3695.15,0,36.966,0.42336,0.972449,1.90545,3.43131,1.24559,4.64026,0.42336,36.966,0.42336,423.524,0,1.02816,0,0,2.00061,0.972449,1.028160,1,0,47.0552,0,0,0,47.0552,0
63.6402,2.298,0,0,3.16982,0.278813,0.36288,3.6288,58.782,0.66528,0,0,0.832637,0.225349,0,0.66528,12.849,1,0.465651,0.36288,0,75.4562,4.46124,70.8922,0.84672,12.849,0.84672,3695.15,0,36.966,0.42336,2.59905,1.90553,5.24649,1.24559,8.08212,0.42336,36.966,0.42336,423.524,0,1.02816,0,0,3.62721,2.59905,1.028160,1,0,78.9743,0,0,0,78.9743,0
68.6677,2.29972,0,0,7.96942,0.279335,0.36288,3.6288,60.1934,0.66528,0,0,2.30201,0.225265,0,0.66528,12.849,1,0.464315,0.36288,0,198.811,4.46124,194.248,0.84672,12.849,0.84672,3695.15,0,36.966,0.42336,2.01953,1.9056,10.5029,1.24559,12.7591,0.42336,36.966,0.42336,423.524,0,1.02816,0,0,3.04769,2.01953,1.028160,1,0,207.007,0,0,0,207.007,0
72.29,2.32868,0,0,14.7341,0.274804,8.50824,3.6288,61.308,0.66528,0,0,5.18925,0.214993,3.19439,0.66528,12.849,1,0.435739,8.50824,0,341.668,4.03248,345.708,0.84672,12.849,0.84672,3695.15,0,36.966,0.42336,2.32921,1.90567,11.7653,1.19203,14.3848,0.42336,36.966,0.42336,423.524,0,1.02816,0,0,3.35737,2.32921,1.028160,1,0,363.287,0,0,0,363.287,0
72.29,2.34721,0,0,6.58334,0.273505,3.96262,3.6288,61.308,0.66528,0,0,2.21277,0.260763,1.28673,0.66528,12.849,1,0.4172,3.96262,0,153.105,4.46499,152.186,0.84672,12.849,0.84672,3695.15,0,36.966,0.42336,2.76122,1.90574,10.4867,1.103,13.6273,0.42336,36.966,0.42336,423.524,0,1.02816,0,0,3.78938,2.76122,1.028160,1,0,167.1,0,0,0,167.1,0
72.29,2.43233,0,0,4.10602,0.302936,1.37076,3.6288,61.308,0.66528,0,0,1.39195,0.283091,0.443576,0.66528,12.849,1,0.432328,1.37076,0,120.636,5.14741,116.427,0.84672,12.849,0.84672,3695.15,0,36.966,0.42336,1.40293,1.90574,6.87499,1.20989,8.55041,0.42336,36.966,0.42336,423.524,0,1.02816,0,0,2.43109,1.40293,1.028160,1,0,125.421,0,0,0,125.421,0
72.29,2.43264,0,0,10.2049,0.302936,7.46935,3.6288,61.308,0.66528,0,0,1.29027,0.283091,0.341901,0.66528,12.849,1,0.432383,7.46935,0,111.934,5.14741,113.823,0.84672,12.849,0.84672,3695.15,0,36.966,0.42336,1.10735,1.92453,7.44136,1.20989,8.83999,0.42336,36.966,0.42336,423.524,0,1.02816,0,0,2.13551,1.10735,1.028160,1,0,123.005,0,0,0,123.005,0
72.29,2.43295,0,0,7.98906,0.288556,5.26756,3.6288,61.308,0.66528,0,0,1.55121,0.30272,0.583208,0.66528,12.849,1,0.432438,5.26756,0,155.327,5.53922,154.623,0.84672,12.849,0.84672,3695.15,0,36.966,0.42336,1.60604,1.92459,9.94118,1.40122,11.6472,0.42336,36.966,0.42336,423.524,0,1.02816,0,0,2.6342,1.60604,1.028160,1,0,166.854,0,0,0,166.854,0
72.29,2.43326,0,0,6.14984,0.253301,3.46328,3.6288,61.308,0.66528,0,0,1.61072,0.280681,0.66476,0.66528,12.849,1,0.432493,3.46328,0,125.745,4.52315,124.252,0.84672,12.849,0.84672,3695.15,0,36.966,0.42336,1.83522,1.92466,9.57951,1.22984,11.6862,0.42336,36.966,0.42336,423.524,0,1.02816,0,0,2.86338,1.83522,1.028160,1,0,136.603,0,0,0,136.603,0
72.29,2.70599,0,0,4.85646,0.245106,1.90536,3.6288,61.308,0.66528,0,0,1.80565,0.202494,0.937874,0.66528,12.849,1,0.48097,1.90536,0,110.61,3.46573,108.569,0.84672,12.849,0.84672,3695.15,0,36.966,0.42336,1.17163,1.92473,11.6446,0.967285,13.3504,0.42336,36.966,0.42336,423.524,0,1.02816,0,0,2.19979,1.17163,1.028160,1,0,122.857,0,0,0,122.857,0
72.29,2.70633,0,0,6.73284,0.259565,3.76694,3.6288,61.308,0.66528,0,0,1.21942,0.194957,0.359178,0.66528,12.849,1,0.48103,3.76694,0,156.17,3.50951,155.946,0.84672,12.849,0.84672,3695.15,0,36.966,0.42336,1.04928,1.98493,9.13637,0.948118,10.7991,0.42336,36.966,0.42336,423.524,0,1.02816,0,0,2.07744,1.04928,1.028160,1,0,167.104,0,0,0,167.104,0
72.29,2.70667,0,0,9.90657,0.316024,6.88388,3.6288,61.308,0.66528,0,0,1.371,0.203547,0.502168,0.66528,12.849,1,0.48109,6.88388,0,151.263,3.54345,154.122,0.84672,12.849,0.84672,3695.15,0,36.966,0.42336,2.48169,1.985,11.9131,0.941314,15.0151,0.42336,36.966,0.42336,423.524,0,1.02816,0,0,3.50985,2.48169,1.028160,1,0,169.64,0,0,0,169.64,0
72.29,2.70701,0,0,6.11164,0.331645,3.07299,3.6288,61.308,0.66528,0,0,1.22367,0.211233,0.347161,0.66528,12.849,1,0.481151,3.07299,0,167.213,3.332,166.472,0.84672,12.849,0.84672,3695.15,0,36.966,0.42336,0.802302,1.98508,10.7766,0.938671,12.2019,0.42336,36.966,0.42336,423.524,0,1.02816,0,0,1.83046,0.802302,1.028160,1,0,179.021,0,0,0,179.021,0
72.29,2.31861,0,0,6.22548,0.333964,3.57291,3.6288,61.308,0.66528,0,0,2.04928,0.133905,1.25009,0.66528,12.849,1,0.412116,3.57291,0,145.798,2.40293,146.556,0.84672,12.849,0.84672,3695.15,0,36.966,0.42336,2.68687,1.98515,12.0931,0.737806,15.6039,0.42336,36.966,0.42336,423.524,0,1.02816,0,0,3.71503,2.68687,1.028160,1,0,163.41,0,0,0,163.41,0
72.29,2.31891,0,0,5.55117,0.333964,2.89829,3.6288,61.308,0.66528,0,0,1.72469,0.133905,0.925506,0.66528,12.849,1,0.412168,2.89829,0,143.372,2.40293,143.455,0.84672,12.849,0.84672,3695.15,0,36.966,0.42336,1.2723,1.89943,12.5866,0.737806,14.5971,0.42336,36.966,0.42336,423.524,0,1.02816,0,0,2.30046,1.2723,1.028160,1,0,158.978,0,0,0,158.978,0
72.29,2.10315,0,0,5.1697,0.301351,2.7652,3.6288,61.308,0.65661,0,0,1.75154,0.140298,0.954636,0.66528,12.849,1,0.373819,2.7652,0,158.625,2.77231,158.244,0.84672,12.849,0.84672,3695.15,0,36.966,0.42336,2.33758,1.89949,10.5194,0.839061,13.494,0.42336,36.966,0.42336,423.524,0,1.02816,0,0,3.36574,2.33758,1.028160,1,0,172.693,0,0,0,172.693,0
72.29,2.10343,0,0,6.1104,0.307084,3.69989,3.6288,61.308,0.656797,0,0,2.07981,0.149942,1.27307,0.66528,12.849,1,0.373868,3.69989,0,120.627,3.63274,120.321,0.84672,12.849,0.84672,3695.15,0,36.966,0.42336,2.24186,1.84518,11.6249,0.927178,14.3614,0.42336,36.966,0.42336,423.524,0,1.02816,0,0,3.27002,2.24186,1.028160,1,0,135.955,0,0,0,135.955,0
72.29,2.1037,0,0,5.11853,0.3202,2.69464,3.6288,61.308,0.656983,0,0,1.48212,0.144228,0.680911,0.66528,12.849,1,0.373916,2.69464,0,105.4,3.50967,104.211,0.84672,12.849,0.84672,3695.15,0,36.966,0.42336,1.9166,1.84538,8.13655,0.914579,10.5606,0.42336,36.966,0.42336,423.524,0,1.02816,0,0,2.94476,1.9166,1.028160,1,0,115.453,0,0,0,115.453,0
72.29,2.19398,0,0,6.10845,0.326029,3.58844,3.6288,61.308,0.66528,0,0,1.86451,0.146256,1.05298,0.66528,12.849,1,0.389963,3.58844,0,117.679,3.46668,117.411,0.84672,12.849,0.84672,3695.15,0,36.966,0.42336,2.4706,1.84558,7.77227,0.926394,10.7387,0.42336,36.966,0.42336,423.524,0,1.02816,0,0,3.49876,2.4706,1.028160,1,0,129.203,0,0,0,129.203,0
72.29,2.19426,0,0,4.30725,0.326029,1.78696,3.6288,61.308,0.66528,0,0,0.956491,0.146256,0.144955,0.66528,12.849,1,0.390014,1.78696,0,80.5118,3.46668,78.4421,0.84672,12.849,0.84672,3695.15,0,36.966,0.42336,1.25156,1.87192,6.01315,0.926394,7.78689,0.42336,36.966,0.42336,423.524,0,1.02816,0,0,2.27972,1.25156,1.028160,1,0,86.3739,0,0,0,86.3739,0
72.29,2.19455,0,0,3.88828,0.317101,1.37663,3.6288,61.308,0.66528,0,0,1.0479,0.151014,0.231609,0.66528,12.849,1,0.390064,1.37663,0,87.7288,3.52485,85.1905,0.84672,12.849,0.84672,3695.15,0,36.966,0.42336,1.32113,1.87198,6.29208,0.937844,8.12398,0.42336,36.966,0.42336,423.524,0,1.02816,0,0,2.34929,1.32113,1.028160,1,0,93.5461,0,0,0,93.5461,0
72.29,2.19483,0,0,3.99991,0.260656,1.54443,3.6288,61.308,0.66528,0,0,1.1067,0.192354,0.249063,0.66528,12.849,1,0.390114,1.54443,0,76.1141,3.59105,73.6774,0.84672,12.849,0.84672,3695.15,0,36.966,0.42336,1.44941,1.87205,5.93798,1.02322,7.81285,0.42336,36.966,0.42336,423.524,0,1.02816,0,0,2.47757,1.44941,1.028160,1,0,81.7393,0,0,0,81.7393,0
72.29,2.1599,0,0,3.51588,0.25682,1.09916,3.6288,61.308,0.66528,0,0,0.961675,0.209414,0.0869815,0.66528,12.849,1,0.383906,1.09916,0,62.0284,3.21394,59.5297,0.84672,12.849,0.84672,3695.15,0,36.966,0.42336,1.30112,1.87211,4.39112,1.04545,6.09554,0.42336,36.966,0.42336,423.524,0,1.02816,0,0,2.32928,1.30112,1.028160,1,0,65.7122,0,0,0,65.7122,0
72.29,2.16018,0,0,3.08248,0.25682,0.665483,3.6288,61.308,0.66528,0,0,0.906811,0.209414,0.0321174,0.66528,12.849,1,0.383956,0.665483,0,56.6374,3.21394,53.705,0.84672,12.849,0.84672,3695.15,0,36.966,0.42336,1.01923,1.8644,4.08974,1.04545,5.50456,0.42336,36.966,0.42336,423.524,0,1.02816,0,0,2.04739,1.01923,1.028160,1,0,59.2417,0,0,0,59.2417,0
72.29,2.16046,0,0,3.34336,0.25682,0.92608,3.6288,61.3034,0.66528,0,0,0.870117,0.209414,0,0.66528,12.849,1,0.384006,0.92608,0,61.0562,3.21394,58.3843,0.84672,12.849,0.84672,3695.15,0,36.966,0.42336,0.634962,1.86446,4.47598,1.04545,5.50659,0.42336,36.966,0.42336,423.524,0,1.02816,0,0,1.66312,0.634962,1.028160,1,0,63.8909,0,0,0,63.8909,0
72.29,2.16074,0,0,3.09787,0.191216,0.745916,3.6288,61.2402,0.66528,0,0,0.841708,0.239699,0,0.66528,12.849,1,0.384055,0.745916,0,55.6953,3.608,52.4491,0.84672,12.849,0.84672,3695.15,0,36.966,0.42336,0.84793,1.86452,4.17748,1.131,5.33557,0.42336,36.966,0.42336,423.524,0,1.02816,0,0,1.87609,0.84793,1.028160,1,0,57.7847,0,0,0,57.7847,0
71.9682,2.5122,0,0,2.72339,0.170071,0.36288,3.6288,61.1025,0.66528,0,0,0.79234,0.264681,0,0.66528,12.849,1,0.446525,0.36288,0,48.6816,4.98215,43.6159,0.84672,12.849,0.84672,3695.15,0,36.966,0.42336,0.857399,1.86458,3.55522,1.16549,4.68835,0.42336,36.966,0.42336,423.524,0,1.02816,0,0,1.88556,0.857399,1.028160,1,0,48.3042,0,0,0,48.3042,0
71.7126,2.27934,0,0,2.55626,0.169656,0.36288,3.6288,60.9162,0.66528,0,0,0.743412,0.264451,0,0.66528,12.849,1,0.406946,0.36288,0,46.0136,4.98215,40.9874,0.84672,12.849,0.84672,3695.15,0,36.966,0.42336,0.701197,1.94215,3.29075,1.16549,4.34525,0.42336,36.966,0.42336,423.524,0,1.02816,0,0,1.72936,0.701197,1.028160,1,0,45.3327,0,0,0,45.3327,0
71.2436,2.2784,0,0,2.34158,0.169326,0.36288,3.6288,60.6668,0.66528,0,0,0.680003,0.264139,0,0.66528,12.849,1,0.408229,0.36288,0,41.2874,4.98215,36.2599,0.84672,12.849,0.84672,3695.15,0,36.966,0.42336,0.530937,1.8911,3.14323,1.16549,3.97642,0.42336,36.966,0.42336,423.524,0,1.02816,0,0,1.5591,0.530937,1.028160,1,0,40.2363,0,0,0,40.2363,0
70.4225,2.5076,0,0,2.17524,0.125875,0.36288,3.6288,60.3606,0.66528,0,0,0.650989,0.291937,0,0.66528,12.849,1,0.452253,0.36288,0,36.5303,5.30344,31.1374,0.84672,12.849,0.84672,3695.15,0,36.966,0.42336,0.477023,1.89116,3.00126,1.24758,3.6985,0.42336,36.966,0.42336,423.524,0,1.02816,0,0,1.50518,0.477023,1.028160,1,0,34.8359,0,0,0,34.8359,0
69.9782,2.50345,0,0,2.54374,0.121658,0.36288,3.6288,60.0316,0.66528,0,0,0.640621,0.304269,0,0.66528,12.849,1,0.45677,0.36288,0,37.3894,5.28619,32.0093,0.84672,12.849,0.84672,3695.15,0,36.966,0.42336,0.498675,1.94237,3.67687,1.3106,4.38395,0.42336,36.966,0.42336,423.524,0,1.02816,0,0,1.52683,0.498675,1.028160,1,0,36.3933,0,0,0,36.3933,0
69.6334,2.47571,0,0,2.61643,0.122704,0.36288,3.6288,59.679,0.66528,0,0,0.619542,0.306908,0,0.66528,12.849,1,0.454577,0.36288,0,38.1569,5.25787,32.8073,0.84672,12.849,0.84672,3695.15,0,36.966,0.42336,0.435404,1.94244,4.09351,1.33033,4.71766,0.42336,36.966,0.42336,423.524,0,1.02816,0,0,1.46356,0.435404,1.028160,1,0,37.525,0,0,0,37.525,0
69.0784,2.47413,0,0,2.40443,0.122377,0.36288,3.6288,59.3092,0.66528,0,0,0.601732,0.306218,0,0.66528,12.849,1,0.456535,0.36288,0,37.5543,5.25787,32.2027,0.84672,12.849,0.84672,3695.15,0,36.966,0.42336,0.436026,1.93683,4.12779,1.33033,4.74695,0.42336,36.966,0.42336,423.524,0,1.02816,0,0,1.46419,0.436026,1.028160,1,0,36.9497,0,0,0,36.9497,0
68.3109,2.47135,0,0,2.1886,0.121852,0.36288,3.6288,58.8805,0.686085,0,0,0.562815,0.305495,0,0.66528,12.849,1,0.459686,0.36288,0,36.052,5.25787,30.6973,0.84672,12.849,0.84672,3695.15,0,36.966,0.42336,0.261274,1.9369,3.87768,1.33033,4.32215,0.42336,36.966,0.42336,423.524,0,1.00735,0,0,1.26863,0.261274,1.028160,1,0,35.0194,0,0,0,35.0194,0
67.4109,2.46731,0,0,2.03667,0.106527,0.36288,3.6288,58.3399,0.759612,0,0,0.540257,0.321233,0,0.66528,12.849,1,0.464091,0.36288,0,31.7686,5.42597,26.2414,0.84672,12.849,0.84672,3695.15,0,36.966,0.42336,0.261274,1.93697,3.57798,1.42249,3.93036,0.42336,36.966,0.42336,423.524,0,0.933828,0,0,1.1951,0.261274,1.028160,1,0,30.1718,0,0,0,30.1718,0
66.4042,2.52819,0,0,1.97002,0.0855853,0.36288,3.6288,57.8613,0.66528,0,0,0.510482,0.323743,0,0.66528,12.849,1,0.481891,0.36288,0,29.9963,5.35217,24.5251,0.84672,12.849,0.84672,3695.15,0,36.966,0.42336,0.295808,1.93703,3.08198,1.47257,3.4189,0.42336,36.966,0.42336,423.524,0,1.02816,0,0,1.32397,0.295808,1.028160,1,0,27.944,0,0,0,27.944,0
65.6266,2.52239,0,0,2.19254,0.0849065,0.36288,3.6288,57.4467,0.66528,0,0,0.57337,0.322745,0,0.66528,12.849,1,0.488073,0.36288,0,31.5767,5.35217,26.0993,0.84672,12.849,0.84672,3695.15,0,36.966,0.42336,0.345324,1.95178,3.38445,1.47257,3.78563,0.42336,36.966,0.42336,423.524,0,1.02816,0,0,1.37348,0.345324,1.028160,1,0,29.885,0,0,0,29.885,0
64.6511,2.51787,0,0,1.98964,0.0843821,0.36288,3.6288,56.8738,0.75295,0,0,0.501926,0.32188,0,0.66528,12.849,1,0.492972,0.36288,0,34.8589,5.35217,29.3766,0.84672,12.849,0.84672,3695.15,0,36.966,0.42336,0.227405,1.95185,3.3085,1.47257,3.59182,0.42336,36.966,0.42336,423.524,0,0.94049,0,0,1.16789,0.227405,1.028160,1,0,32.9684,0,0,0,32.9684,0
63.4951,2.51198,0,0,1.80256,0.0837242,0.36288,3.6288,56.3576,0.682361,0,0,0.486857,0.320686,0,0.66528,12.849,1,0.49924,0.36288,0,28.0714,5.35217,22.5829,0.84672,12.849,0.84672,3695.15,0,36.966,0.42336,0.227405,1.95192,3.05254,1.47257,3.33593,0.42336,36.966,0.42336,423.524,0,1.01108,0,0,1.23848,0.227405,1.028160,1,0,25.9189,0,0,0,25.9189,0
62.0851,2.69553,0,0,1.73539,0.0869465,0.36288,3.6288,55.384,1.10487,0,0,0.457208,0.325949,0,0.66528,12.849,1,0.545474,0.36288,0,24.5442,5.16746,19.1941,0.84672,12.849,0.84672,3695.15,0,36.966,0.42336,0.227405,1.95199,2.67713,1.454,2.97917,0.42336,36.966,0.42336,423.524,0,0.588574,0,0,0.815979,0.227405,1.028160,1,0,22.1733,0,0,0,22.1733,0
60.5925,2.6856,0,0,1.63639,0.0804827,0.36288,3.6288,54.7263,0.786957,0,0,0.451511,0.322223,0,0.66528,12.849,1,0.555807,0.36288,0,23.1233,5.3341,17.5963,0.84672,12.849,0.84672,3695.15,0,36.966,0.42336,0.227405,1.99505,2.86338,1.50121,3.16128,0.42336,36.966,0.42336,423.524,0,0.906483,0,0,1.13389,0.227405,1.028160,1,0,20.7576,0,0,0,20.7576,0
59.0183,2.67464,0,0,1.54281,0.0794947,0.36288,3.6288,54.1411,0.697032,0,0,0.432673,0.320831,0,0.66528,12.849,1,0.567174,0.36288,0,23.4545,5.3341,17.9161,0.84672,12.849,0.84672,3695.15,0,36.966,0.42336,0.204422,1.99513,2.67402,1.50121,2.94901,0.42336,36.966,0.42336,423.524,0,0.996408,0,0,1.20083,0.204422,1.028160,1,0,20.8651,0,0,0,20.8651,0
57.4247,2.66255,0,0,1.5101,0.078331,0.36288,3.6288,53.5471,0.707754,0,0,0.433326,0.319593,0,0.66528,12.849,1,0.57967,0.36288,0,22.2411,5.3341,16.6902,0.84672,12.849,0.84672,3695.15,0,36.966,0.42336,0.204422,1.99521,2.68282,1.50121,2.95788,0.42336,36.966,0.42336,423.524,0,0.985686,0,0,1.19011,0.204422,1.028160,1,0,19.6481,0,0,0,19.6481,0
55.9766,2.64974,0,0,1.63648,0.071918,0.36288,3.6288,53.0981,0.673756,0,0,0.526461,0.301675,0,0.66528,12.849,1,0.59289,0.36288,0,19.9911,5.69494,14.0662,0.84672,12.849,0.84672,3695.15,0,36.966,0.42336,0.204422,1.99528,2.85609,1.43873,3.1937,0.42336,36.966,0.42336,423.524,0,1.01968,0,0,1.22411,0.204422,1.028160,1,0,17.2599,0,0,0,17.2599,0
54.5809,2.54661,0,0,1.58086,0.0670466,0.36288,3.6288,53.0637,0.66528,0,0,0.919049,0.288234,0,0.66528,12.849,1,0.584555,0.36288,0,19.8261,5.96558,13.6389,0.84672,12.849,0.84672,3695.15,0,36.966,0.42336,1.31072,1.99536,3.40765,1.39187,4.8985,0.42336,36.966,0.42336,423.524,0,1.02816,0,0,2.33888,1.31072,1.028160,1,0,18.5374,0,0,0,18.5374,0
52.9288,2.53483,0,0,1.31174,0.0661159,0.36288,3.6288,52.5707,0.699114,0,0,0.494311,0.288155,0,0.66528,12.849,1,0.59673,0.36288,0,18.9963,5.96558,12.7969,0.84672,12.849,0.84672,3695.15,0,36.966,0.42336,0.216518,1.97447,2.53782,1.39187,2.91357,0.42336,36.966,0.42336,423.524,0,0.994326,0,0,1.21084,0.216518,1.028160,1,0,15.7105,0,0,0,15.7105,0
51.8177,2.52016,0,0,1.88664,0.114778,0.36288,3.6288,52.2693,0.66528,0,0,0.608018,0.244119,0,0.66528,12.849,1,0.611794,0.36288,0,22.1706,5.34268,16.579,0.84672,12.849,0.84672,3695.15,0,36.966,0.42336,0.336269,1.97454,2.79259,1.19718,3.48287,0.42336,36.966,0.42336,423.524,0,1.02816,0,0,1.36443,0.336269,1.028160,1,0,20.0619,0,0,0,20.0619,0
53.0255,2.50996,0,0,4.26326,0.18255,0.36288,3.6288,52.5829,0.66528,0,0,1.16185,0.182986,0,0.66528,12.849,1,0.622385,0.36288,0,61.0375,4.53821,56.2398,0.84672,12.849,0.84672,3695.15,0,36.966,0.42336,0.97092,1.97462,7.07469,0.956856,8.64001,0.42336,36.966,0.42336,423.524,0,1.02816,0,0,1.99908,0.97092,1.028160,1,0,64.8798,0,0,0,64.8798,0
51.8392,2.44775,0,0,1.83027,0.206011,0.36288,3.6288,52.0192,0.85269,0,0,0.45144,0.16251,0,0.66528,12.849,1,0.593131,0.36288,0,24.5031,4.69445,19.5784,0.84672,12.849,0.84672,3695.15,0,36.966,0.42336,0.216518,1.97469,3.03185,1.07246,3.72723,0.42336,36.966,0.42336,423.524,0,0.84075,0,0,1.05727,0.216518,1.028160,1,0,23.3057,0,0,0,23.3057,0
50.3909,2.43718,0,0,1.55532,0.203507,0.36288,3.6288,51.6987,0.66528,0,0,0.506643,0.161774,0,0.66528,12.849,1,0.604085,0.36288,0,20.0301,4.69445,15.0945,0.84672,12.849,0.84672,3695.15,0,36.966,0.42336,0.267987,1.95755,3.36988,1.07246,4.09959,0.42336,36.966,0.42336,423.524,0,1.02816,0,0,1.29615,0.267987,1.028160,1,0,19.1941,0,0,0,19.1941,0
52.1945,2.42365,0,0,4.79056,0.20045,0.36288,3.6288,52.4934,0.66528,0,0,1.62134,0.161356,0,0.66528,12.849,1,0.617997,0.36288,0,69.3967,4.69445,64.4471,0.84672,12.849,0.84672,3695.15,0,36.966,0.42336,3.11707,1.95762,8.01304,1.07246,11.5919,0.42336,36.966,0.42336,423.524,0,1.02816,0,0,4.14523,3.11707,1.028160,1,0,76.039,0,0,0,76.039,0
53.091,2.44109,0,0,3.93333,0.232885,0.36288,3.6288,53.0706,0.66528,0,0,1.38269,0.140248,0,0.66528,12.849,1,0.600937,0.36288,0,56.2907,4.36797,51.6847,0.84672,12.849,0.84672,3695.15,0,36.966,0.42336,0.781462,1.95769,6.05924,0.979981,7.39506,0.42336,36.966,0.42336,423.524,0,1.02816,0,0,1.80962,0.781462,1.028160,1,0,59.0798,0,0,0,59.0798,0
54.4731,2.23942,0,0,4.21683,0.232447,0.36288,3.6288,53.1483,0.66528,0,0,0.895337,0.152343,0,0.66528,12.849,1,0.541981,0.36288,0,46.9488,3.55917,43.2105,0.84672,12.849,0.84672,3695.15,0,36.966,0.42336,1.01554,1.95777,5.51795,0.830732,7.23716,0.42336,36.966,0.42336,423.524,0,1.02816,0,0,2.0437,1.01554,1.028160,1,0,50.4477,0,0,0,50.4477,0
56.1678,2.25083,0,0,4.53723,0.228787,0.36288,3.6288,53.6038,0.66528,0,0,1.28009,0.159294,0,0.66528,12.849,1,0.530922,0.36288,0,74.6868,3.49692,71.0218,0.84672,12.849,0.84672,3695.15,0,36.966,0.42336,1.8108,1.90892,7.22114,0.826408,9.69109,0.42336,36.966,0.42336,423.524,0,1.02816,0,0,2.83896,1.8108,1.028160,1,0,80.7129,0,0,0,80.7129,0
60.4536,2.26416,0,0,7.14559,0.232702,0.36288,3.6288,54.2265,0.66528,0,0,1.44783,0.159873,0,0.66528,12.849,1,0.517951,0.36288,0,84.1899,3.49692,80.5379,0.84672,12.849,0.84672,3695.15,0,36.966,0.42336,1.82917,1.90899,10.9288,0.826408,13.4172,0.42336,36.966,0.42336,423.524,0,1.02816,0,0,2.85733,1.82917,1.028160,1,0,93.9551,0,0,0,93.9551,0
61.3423,2.29473,0,0,3.80786,0.261592,0.36288,3.6288,54.6326,0.66528,0,0,1.22729,0.155893,0,0.66528,12.849,1,0.48773,0.36288,0,58.1702,3.70038,54.345,0.84672,12.849,0.84672,3695.15,0,36.966,0.42336,1.35935,1.90906,5.46928,0.794518,7.51981,0.42336,36.966,0.42336,423.524,0,1.02816,0,0,2.38751,1.35935,1.028160,1,0,61.8648,0,0,0,61.8648,0
63.0959,2.30087,0,0,4.68842,0.271099,0.36288,3.6288,55.19,0.66528,0,0,1.43802,0.215361,0,0.66528,12.849,1,0.481949,0.36288,0,74.1753,4.84401,69.2122,0.84672,12.849,0.84672,3695.15,0,36.966,0.42336,1.9125,1.90912,6.9522,1.15418,9.19629,0.42336,36.966,0.42336,423.524,0,1.02816,0,0,2.94066,1.9125,1.028160,1,0,78.4085,0,0,0,78.4085,0
64.7187,2.39574,0,0,4.64299,0.261514,0.36288,3.6288,55.5445,0.66528,0,0,1.26559,0.245826,0,0.66528,12.849,1,0.487874,0.36288,0,67.7255,5.32234,62.2782,0.84672,12.849,0.84672,3695.15,0,36.966,0.42336,1.22052,1.90919,5.91068,1.3331,7.28393,0.42336,36.966,0.42336,423.524,0,1.02816,0,0,2.24868,1.22052,1.028160,1,0,69.5621,0,0,0,69.5621,0
65.7124,2.40622,0,0,4.02779,0.264976,0.36288,3.6288,55.7148,0.66528,0,0,1.08194,0.246399,0,0.66528,12.849,1,0.477722,0.36288,0,86.4562,5.32234,81.019,0.84672,12.849,0.84672,3695.15,0,36.966,0.42336,0.916281,1.92808,7.13108,1.3331,8.21898,0.42336,36.966,0.42336,423.524,0,1.02816,0,0,1.94444,0.916281,1.028160,1,0,89.238,0,0,0,89.238,0
65.8674,2.41255,0,0,3.20153,0.271157,0.36288,3.6288,55.6188,0.704238,0,0,0.849917,0.241597,0,0.66528,12.849,1,0.471734,0.36288,0,61.0433,5.03462,55.8999,0.84672,12.849,0.84672,3695.15,0,36.966,0.42336,0.503194,1.92814,4.53343,1.25565,5.28575,0.42336,36.966,0.42336,423.524,0,0.989202,0,0,1.4924,0.503194,1.028160,1,0,61.1856,0,0,0,61.1856,0
65.5634,2.41376,0,0,2.74403,0.271377,0.36288,3.6288,55.354,0.859188,0,0,0.790067,0.195729,0,0.66528,12.849,1,0.470861,0.36288,0,54.3316,4.24701,49.9766,0.84672,12.849,0.84672,3695.15,0,36.966,0.42336,0.503194,1.9282,3.31117,1.15031,4.16889,0.42336,36.966,0.42336,423.524,0,0.834252,0,0,1.33745,0.503194,1.028160,1,0,54.1455,0,0,0,54.1455,0
67.0005,2.68202,0,0,4.76865,0.286666,0.36288,3.6288,56.1832,0.66528,0,0,1.70263,0.208124,0,0.66528,12.849,1,0.525618,0.36288,0,89.9908,3.54049,86.2876,0.84672,12.849,0.84672,3695.15,0,36.966,0.42336,2.42603,1.92827,9.16336,0.970138,12.1242,0.42336,36.966,0.42336,423.524,0,1.02816,0,0,3.45419,2.42603,1.028160,1,0,98.4117,0,0,0,98.4117,0
67.3921,2.69179,0,0,3.7363,0.28996,0.36288,3.6288,56.5396,0.66528,0,0,1.23097,0.209258,0,0.66528,12.849,1,0.516218,0.36288,0,72.6849,3.54049,68.991,0.84672,12.849,0.84672,3695.15,0,36.966,0.42336,1.97919,1.9888,6.8768,0.970138,9.45129,0.42336,36.966,0.42336,423.524,0,1.02816,0,0,3.00735,1.97919,1.028160,1,0,78.4423,0,0,0,78.4423,0
66.7357,2.69462,0,0,2.69196,0.290857,0.36288,3.6288,56.3759,0.66528,0,0,0.711252,0.209745,0,0.66528,12.849,1,0.513757,0.36288,0,52.348,3.54049,48.6567,0.84672,12.849,0.84672,3695.15,0,36.966,0.42336,0.944689,1.98887,5.61689,0.970138,7.15695,0.42336,36.966,0.42336,423.524,0,1.02816,0,0,1.97285,0.944689,1.028160,1,0,55.8136,0,0,0,55.8136,0
66.2605,2.44504,0,0,2.56613,0.233472,0.36288,3.6288,56.3276,0.66528,0,0,0.842706,0.225731,0,0.66528,12.849,1,0.470757,0.36288,0,70.7125,3.64865,66.956,0.84672,12.849,0.84672,3695.15,0,36.966,0.42336,1.3725,1.98894,5.98999,1.08539,7.84268,0.42336,36.966,0.42336,423.524,0,1.02816,0,0,2.40066,1.3725,1.028160,1,0,74.7987,0,0,0,74.7987,0
67.6062,2.08795,0,0,4.10976,0.31326,0.36288,3.6288,56.6689,0.66528,0,0,1.21073,0.204154,0,0.66528,12.849,1,0.404887,0.36288,0,86.216,3.25426,82.9197,0.84672,12.849,0.84672,3695.15,0,36.966,0.42336,1.65115,1.93411,6.92891,0.928323,9.16248,0.42336,36.966,0.42336,423.524,0,1.02816,0,0,2.67931,1.65115,1.028160,1,0,92.0822,0,0,0,92.0822,0
69.5619,2.09497,0,0,4.73017,0.316612,0.36288,3.6288,57.0663,0.66528,0,0,1.26728,0.204608,0,0.66528,12.849,1,0.398162,0.36288,0,67.2157,3.25426,63.9262,0.84672,12.849,0.84672,3695.15,0,36.966,0.42336,1.31666,1.85485,6.28542,0.928323,8.10524,0.42336,36.966,0.42336,423.524,0,1.02816,0,0,2.34482,1.31666,1.028160,1,0,72.0314,0,0,0,72.0314,0
70.8148,2.10467,0,0,4.05454,0.334087,0.36288,3.6288,57.4124,0.66528,0,0,1.20166,0.190207,0,0.66528,12.849,1,0.38876,0.36288,0,68.8133,3.27544,65.512,0.84672,12.849,0.84672,3695.15,0,36.966,0.42336,1.38784,1.8549,6.50754,0.890362,8.43657,0.42336,36.966,0.42336,423.524,0,1.02816,0,0,2.416,1.38784,1.028160,1,0,73.9485,0,0,0,73.9485,0
71.1568,2.11074,0,0,3.16252,0.346874,0.36288,3.6288,57.8228,0.66528,0,0,1.2551,0.179411,0,0.66528,12.849,1,0.382983,0.36288,0,53.1215,3.29133,49.8101,0.84672,12.849,0.84672,3695.15,0,36.966,0.42336,1.88868,1.85496,6.748,0.861892,9.20638,0.42336,36.966,0.42336,423.524,0,1.02816,0,0,2.91684,1.88868,1.028160,1,0,59.0164,0,0,0,59.0164,0
72.29,2.11255,0,0,4.30398,0.32037,0.737862,3.6288,59.359,0.66528,0,0,2.36968,0.168236,0,0.66528,12.849,1,0.381469,0.737862,0,78.8046,3.16533,75.9956,0.84672,12.849,0.84672,3695.15,0,36.966,0.42336,2.53617,1.85501,7.31246,0.8391,10.4412,0.42336,36.966,0.42336,423.524,0,1.02816,0,0,3.56433,2.53617,1.028160,1,0,86.4368,0,0,0,86.4368,0
72.29,2.2084,0,0,3.75499,0.302409,1.24418,3.6288,61.1797,0.66528,0,0,2.64705,0.16108,0,0.66528,12.849,1,0.392526,1.24418,0,61.173,3.07083,58.9538,0.84672,12.849,0.84672,3695.15,0,36.966,0.42336,2.77826,1.85507,6.23074,0.822006,9.6187,0.42336,36.966,0.42336,423.524,0,1.02816,0,0,3.80642,2.77826,1.028160,1,0,68.5725,0,0,0,68.5725,0
72.29,2.20866,0,0,3.91083,0.302409,1.39976,3.6288,61.308,0.66528,0,0,2.56902,0.162958,1.61248,0.66528,12.849,1,0.392572,1.39976,0,79.8552,3.07083,77.7916,0.84672,12.849,0.84672,3695.15,0,36.966,0.42336,2.68959,1.8751,5.94051,0.822006,9.25983,0.42336,36.966,0.42336,423.524,0,1.02816,0,0,3.71775,2.68959,1.028160,1,0,88.6639,0,0,0,88.6639,0
72.29,2.20892,0,0,3.17244,0.302409,0.661117,3.6288,61.308,0.66528,0,0,2.06489,0.16309,1.23652,0.66528,12.849,1,0.392618,0.661117,0,53.7467,3.07083,50.9443,0.84672,12.849,0.84672,3695.15,0,36.966,0.42336,2.87103,1.87516,4.77915,0.822006,8.27997,0.42336,36.966,0.42336,423.524,0,1.02816,0,0,3.89919,2.87103,1.028160,1,0,60.4608,0,0,0,60.4608,0
72.29,2.20918,0,0,3.161,0.284186,0.66763,3.6288,61.308,0.66528,0,0,1.61154,0.153229,0.793032,0.66528,12.849,1,0.392665,0.66763,0,54.0402,2.94207,51.3731,0.84672,12.849,0.84672,3695.15,0,36.966,0.42336,2.59368,1.87522,3.95196,0.842927,7.15458,0.42336,36.966,0.42336,423.524,0,1.02816,0,0,3.62184,2.59368,1.028160,1,0,59.3207,0,0,0,59.3207,0
72.1141,2.17403,0,0,2.63809,0.27704,0.36288,3.6288,61.308,0.66528,0,0,1.04039,0.17175,0.203355,0.66528,12.849,1,0.386418,0.36288,0,45.1359,3.40095,41.7114,0.84672,12.849,0.84672,3695.15,0,36.966,0.42336,1.13122,1.87527,3.07749,0.998232,4.66239,0.42336,36.966,0.42336,423.524,0,1.02816,0,0,2.15938,1.13122,1.028160,1,0,46.5771,0,0,0,46.5771,0
71.8189,2.17349,0,0,2.41963,0.178488,0.36288,3.6288,61.308,0.66528,0,0,0.89094,0.217528,0.00813148,0.66528,12.849,1,0.387264,0.36288,0,41.2061,3.80457,37.3771,0.84672,12.849,0.84672,3695.15,0,36.966,0.42336,0.957744,1.86752,2.86813,1.02233,4.2477,0.42336,36.966,0.42336,423.524,0,1.02816,0,0,1.9859,0.957744,1.028160,1,0,41.6329,0,0,0,41.6329,0
71.4594,2.1724,0,0,2.35386,0.178088,0.36288,3.6288,61.308,0.66528,0,0,0.98274,0.217528,0.0999314,0.66528,12.849,1,0.38866,0.36288,0,39.824,3.80457,35.9937,0.84672,12.849,0.84672,3695.15,0,36.966,0.42336,1.17577,1.86758,3.32547,1.02233,4.92312,0.42336,36.966,0.42336,423.524,0,1.02816,0,0,2.20393,1.17577,1.028160,1,0,41.0167,0,0,0,41.0167,0
71.0253,2.171,0,0,2.27743,0.1776,0.36288,3.6288,61.308,0.66528,0,0,0.986636,0.217528,0.103828,0.66528,12.849,1,0.390364,0.36288,0,37.7556,3.80457,33.9235,0.84672,12.849,0.84672,3695.15,0,36.966,0.42336,0.908824,1.86763,2.91807,1.02233,4.24884,0.42336,36.966,0.42336,423.524,0,1.02816,0,0,1.93698,0.908824,1.028160,1,0,38.2762,0,0,0,38.2762,0
70.3142,2.28914,0,0,2.13333,0.192399,0.36288,3.6288,61.2693,0.66528,0,0,0.834745,0.208203,0,0.66528,12.849,1,0.414123,0.36288,0,35.6221,4.54838,31.0225,0.84672,12.849,0.84672,3695.15,0,36.966,0.42336,0.604748,1.86769,2.75062,1.0504,3.7493,0.42336,36.966,0.42336,423.524,0,1.02816,0,0,1.63291,0.604748,1.028160,1,0,34.7718,0,0,0,34.7718,0
69.6505,2.28587,0,0,2.12128,0.136261,0.36288,3.6288,61.308,0.66528,0,0,0.953035,0.217219,0.0317983,0.66528,12.849,1,0.417713,0.36288,0,36.6358,4.87692,31.704,0.84672,12.849,0.84672,3695.15,0,36.966,0.42336,1.03221,1.89428,3.19574,1.08771,4.61116,0.42336,36.966,0.42336,423.524,0,1.02816,0,0,2.06037,1.03221,1.028160,1,0,36.347,0,0,0,36.347,0
68.5717,2.51441,0,0,1.88744,0.0890073,0.36288,3.6288,61.19,0.66528,0,0,0.781428,0.234169,0,0.66528,12.849,1,0.463854,0.36288,0,33.9799,5.10363,28.7753,0.84672,12.849,0.84672,3695.15,0,36.966,0.42336,0.721803,1.89434,2.73586,1.13332,3.79532,0.42336,36.966,0.42336,423.524,0,1.02816,0,0,1.74996,0.721803,1.028160,1,0,32.5706,0,0,0,32.5706,0
67.3755,2.50856,0,0,1.76358,0.0882638,0.36288,3.6288,60.9144,0.66528,0,0,0.623726,0.233994,0,0.66528,12.849,1,0.470055,0.36288,0,31.2925,5.10363,26.0817,0.84672,12.849,0.84672,3695.15,0,36.966,0.42336,0.487305,1.94582,2.52937,1.13332,3.40581,0.42336,36.966,0.42336,423.524,0,1.02816,0,0,1.51546,0.487305,1.028160,1,0,29.4875,0,0,0,29.4875,0
66.0447,2.50184,0,0,1.63033,0.0964842,0.36288,3.6288,60.6027,0.66528,0,0,0.577022,0.223426,0,0.66528,12.849,1,0.477119,0.36288,0,29.9481,4.77633,25.0575,0.84672,12.849,0.84672,3695.15,0,36.966,0.42336,0.428181,1.94588,2.54009,1.10274,3.38806,0.42336,36.966,0.42336,423.524,0,1.02816,0,0,1.45634,0.428181,1.028160,1,0,28.4455,0,0,0,28.4455,0
64.5213,2.46857,0,0,1.41022,0.102184,0.36288,3.6288,60.3249,0.66528,0,0,0.602798,0.21538,0,0.66528,12.849,1,0.48026,0.36288,0,29.9525,4.53085,25.3042,0.84672,12.849,0.84672,3695.15,0,36.966,0.42336,0.425771,1.94595,2.51175,1.0798,3.38031,0.42336,36.966,0.42336,423.524,0,1.02816,0,0,1.45393,0.425771,1.028160,1,0,28.6845,0,0,0,28.6845,0
62.874,2.4594,0,0,1.27594,0.100945,0.36288,3.6288,59.9882,0.681134,0,0,0.559422,0.215,0,0.66528,12.849,1,0.489773,0.36288,0,26.8975,4.53085,22.2398,0.84672,12.849,0.84672,3695.15,0,36.966,0.42336,0.261274,1.9403,2.40899,1.0798,3.1074,0.42336,36.966,0.42336,423.524,0,1.01231,0,0,1.27358,0.261274,1.028160,1,0,25.3472,0,0,0,25.3472,0
61.2046,2.44903,0,0,1.2156,0.073085,0.36288,3.6288,59.5628,0.674905,0,0,0.529312,0.279805,0,0.66528,12.849,1,0.500486,0.36288,0,24.3671,5.37775,18.8518,0.84672,12.849,0.84672,3695.15,0,36.966,0.42336,0.261274,1.94036,2.28237,1.38893,2.67171,0.42336,36.966,0.42336,423.524,0,1.01854,0,0,1.27981,0.261274,1.028160,1,0,21.5235,0,0,0,21.5235,0
59.4747,2.43803,0,0,1.13674,0.0656656,0.36288,3.6288,59.0909,0.689757,0,0,0.508537,0.290694,0,0.66528,12.849,1,0.511828,0.36288,0,23.2233,5.52565,17.5487,0.84672,12.849,0.84672,3695.15,0,36.966,0.42336,0.261274,1.94043,2.25811,1.44017,2.59628,0.42336,36.966,0.42336,423.524,0,1.00368,0,0,1.26496,0.261274,1.028160,1,0,20.145,0,0,0,20.145,0
57.9679,2.49081,0,0,1.39935,0.0524721,0.36288,3.6288,58.6897,0.66528,0,0,0.558769,0.294601,0,0.66528,12.849,1,0.538118,0.36288,0,26.108,5.56616,20.3666,0.84672,12.849,0.84672,3695.15,0,36.966,0.42336,0.320527,1.94049,2.3964,1.43847,2.79559,0.42336,36.966,0.42336,423.524,0,1.02816,0,0,1.34869,0.320527,1.028160,1,0,23.1622,0,0,0,23.1622,0
56.3838,2.47965,0,0,1.31014,0.0517122,0.36288,3.6288,58.2695,0.66528,0,0,0.538828,0.293844,0,0.66528,12.849,1,0.549632,0.36288,0,24.4904,5.56616,18.7375,0.84672,12.849,0.84672,3695.15,0,36.966,0.42336,0.330117,1.95531,2.47869,1.43847,2.90228,0.42336,36.966,0.42336,423.524,0,1.02816,0,0,1.35828,0.330117,1.028160,1,0,21.6398,0,0,0,21.6398,0
54.6611,2.46736,0,0,1.1584,0.0509133,0.36288,3.6288,57.7803,0.703305,0,0,0.507246,0.29305,0,0.66528,12.849,1,0.562273,0.36288,0,23.1346,5.56616,17.369,0.84672,12.849,0.84672,3695.15,0,36.966,0.42336,0.227405,1.95538,2.32531,1.43847,2.64626,0.42336,36.966,0.42336,423.524,0,0.990135,0,0,1.21754,0.227405,1.028160,1,0,20.0153,0,0,0,20.0153,0
52.8501,2.4533,0,0,1.0468,0.0416128,0.36288,3.6288,57.2458,0.739627,0,0,0.502234,0.29719,0,0.66528,12.849,1,0.576688,0.36288,0,21.9301,5.7157,16.0006,0.84672,12.849,0.84672,3695.15,0,36.966,0.42336,0.227405,1.95544,2.32018,1.46835,2.61132,0.42336,36.966,0.42336,423.524,0,0.953813,0,0,1.18122,0.227405,1.028160,1,0,18.6119,0,0,0,18.6119,0
50.9813,2.62323,0,0,1.15105,0.0336941,0.36288,3.6288,56.6522,0.766264,0,0,0.480144,0.307413,0,0.66528,12.849,1,0.637764,0.36288,0,22.0468,5.93937,15.8325,0.84672,12.849,0.84672,3695.15,0,36.966,0.42336,0.227405,1.95551,2.40494,1.51072,2.65377,0.42336,36.966,0.42336,423.524,0,0.927176,0,0,1.15458,0.227405,1.028160,1,0,18.4863,0,0,0,18.4863,0
49.4269,2.60486,0,0,1.44696,0.0336587,0.36288,3.6288,56.2684,0.66528,0,0,0.591639,0.310159,0,0.66528,12.849,1,0.656511,0.36288,0,28.17,5.95949,21.9169,0.84672,12.849,0.84672,3695.15,0,36.966,0.42336,0.401008,1.9988,2.79372,1.53938,3.23079,0.42336,36.966,0.42336,423.524,0,1.02816,0,0,1.42917,0.401008,1.028160,1,0,25.1477,0,0,0,25.1477,0
47.5853,2.58877,0,0,1.14313,0.0331109,0.36288,3.6288,55.5169,0.873988,0,0,0.431871,0.309384,0,0.66528,12.849,1,0.672975,0.36288,0,29.0706,5.95949,22.801,0.84672,12.849,0.84672,3695.15,0,36.966,0.42336,0.204422,1.99887,2.21366,1.53938,2.45422,0.42336,36.966,0.42336,423.524,0,0.819452,0,0,1.02387,0.204422,1.028160,1,0,25.2552,0,0,0,25.2552,0
46.0372,2.56855,0,0,1.4158,0.0324557,0.36288,3.6288,55.2623,0.66528,0,0,0.71849,0.307866,0,0.66528,12.849,1,0.693562,0.36288,0,25.7631,5.95949,19.4729,0.84672,12.849,0.84672,3695.15,0,36.966,0.42336,0.798008,1.99894,3.32648,1.53938,4.16069,0.42336,36.966,0.42336,423.524,0,1.02816,0,0,1.82617,0.798008,1.028160,1,0,23.6336,0,0,0,23.6336,0
44.0989,2.55061,0,0,1.02527,0.050029,0.36288,3.6288,54.6204,0.827807,0,0,0.472611,0.286671,0,0.66528,12.849,1,0.711877,0.36288,0,20.7949,5.43517,15.0108,0.84672,12.849,0.84672,3695.15,0,36.966,0.42336,0.204422,1.99901,2.64296,1.31146,3.11157,0.42336,36.966,0.42336,423.524,0,0.865633,0,0,1.07006,0.204422,1.028160,1,0,18.1223,0,0,0,18.1223,0
41.9548,2.43958,0,0,0.726391,0.0680438,0.36288,3.6288,54.1699,0.715764,0,0,0.554092,0.288819,0,0.66528,12.849,1,0.710814,0.36288,0,15.4104,5.5987,9.46375,0.84672,12.849,0.84672,3695.15,0,36.966,0.42336,0.204422,1.99908,2.26608,1.34335,2.70288,0.42336,36.966,0.42336,423.524,0,0.977676,0,0,1.1821,0.204422,1.028160,1,0,12.1666,0,0,0,12.1666,0
39.7543,2.41205,0,0,0.640799,0.066381,0.36288,3.6288,52.9997,1.19421,0,0,0.311958,0.287961,0,0.66528,12.849,1,0.738709,0.36288,0,15.9629,5.5987,9.98838,0.84672,12.849,0.84672,3695.15,0,36.966,0.42336,0.216518,1.97807,1.69938,1.34335,2.12726,0.42336,36.966,0.42336,423.524,0,0.49923,0,0,0.715749,0.216518,1.028160,1,0,12.1156,0,0,0,12.1156,0
37.4891,2.38142,0,0,0.543745,0.0646764,0.36288,3.6288,51.7394,1.25925,0,0,0.284364,0.285417,0,0.66528,12.849,1,0.7697,0.36288,0,14.75,5.5987,8.74451,0.84672,12.849,0.84672,3695.15,0,36.966,0.42336,0.216518,1.97814,1.61703,1.34335,2.04498,0.42336,36.966,0.42336,423.524,0,0.434186,0,0,0.650704,0.216518,1.028160,1,0,10.7895,0,0,0,10.7895,0
35.7917,2.34705,0,0,1.15935,0.146741,0.36288,3.6288,51.0259,1.03642,0,0,0.520201,0.197312,0,0.66528,12.849,1,0.804429,0.36288,0,32.4694,4.35292,27.6749,0.84672,12.849,0.84672,3695.15,0,36.966,0.42336,0.216518,1.97821,3.58283,0.95396,4.40023,0.42336,36.966,0.42336,423.524,0,0.65702,0,0,0.873539,0.216518,1.028160,1,0,32.0751,0,0,0,32.0751,0
33.9898,2.25129,0,0,0.984044,0.171809,0.36288,3.6288,50.0021,1.07575,0,0,0.27002,0.218077,0,0.66528,12.849,1,0.808199,0.36288,0,18.6227,4.52362,13.6537,0.84672,12.849,0.84672,3695.15,0,36.966,0.42336,0.216518,1.97828,2.77087,0.995821,3.54648,0.42336,36.966,0.42336,423.524,0,0.617691,0,0,0.834209,0.216518,1.028160,1,0,17.2002,0,0,0,17.2002,0
32.031,2.22046,0,0,0.818865,0.194304,0.36288,3.6288,48.6791,1.29947,0,0,0.188992,0.212488,0,0.66528,12.849,1,0.839388,0.36288,0,15.1299,4.56257,10.0909,0.84672,12.849,0.84672,3695.15,0,36.966,0.42336,0.216518,1.96104,2.31339,1.04543,3.02216,0.42336,36.966,0.42336,423.524,0,0.393968,0,0,0.610487,0.216518,1.028160,1,0,13.113,0,0,0,13.113,0
30.4977,2.21348,0,0,1.23263,0.18963,0.36288,3.6288,48.2613,0.66528,0,0,0.457674,0.210184,0,0.66528,12.849,1,0.84672,0.36288,0,23.5931,4.56257,18.5467,0.84672,12.849,0.84672,3695.15,0,36.966,0.42336,0.736318,1.9611,4.6909,1.04543,5.91953,0.42336,36.966,0.42336,423.524,0,1.02816,0,0,1.76448,0.736318,1.028160,1,0,24.4662,0,0,0,24.4662,0
30.9774,1.95563,0,0,2.98412,0.18592,0.36288,3.6288,48.4119,0.66528,0,0,1.02532,0.209456,0,0.66528,12.849,1,0.823926,0.36288,0,61.8303,4.56257,56.8066,0.84672,12.849,0.84672,3695.15,0,36.966,0.42336,1.74826,1.96117,7.0964,1.04543,9.33705,0.42336,36.966,0.42336,423.524,0,1.02816,0,0,2.77642,1.74826,1.028160,1,0,66.1437,0,0,0,66.1437,0
30.2608,1.79436,0,0,1.6223,0.181597,0.36288,3.6288,48.339,0.66528,0,0,0.750226,0.157794,0,0.66528,12.849,1,0.744277,0.36288,0,48.8906,3.77469,44.7345,0.84672,12.849,0.84672,3695.15,0,36.966,0.42336,0.878645,1.90858,4.73579,0.896674,6.20298,0.42336,36.966,0.42336,423.524,0,1.02816,0,0,1.9068,0.878645,1.028160,1,0,50.9375,0,0,0,50.9375,0
29.4522,1.7822,0,0,1.49344,0.156976,0.36288,3.6288,48.3537,0.66528,0,0,0.836853,0.15692,0,0.66528,12.849,1,0.756737,0.36288,0,67.9112,3.76425,63.7531,0.84672,12.849,0.84672,3695.15,0,36.966,0.42336,1.08062,1.86343,5.27893,0.923487,6.87613,0.42336,36.966,0.42336,423.524,0,1.02816,0,0,2.10878,1.08062,1.028160,1,0,70.6292,0,0,0,70.6292,0
29.2699,1.76794,0,0,2.11125,0.162767,0.36288,3.6288,48.5302,0.66528,0,0,1.04888,0.207088,0,0.66528,12.849,1,0.771294,0.36288,0,53.0818,4.60863,48.0648,0.84672,12.849,0.84672,3695.15,0,36.966,0.42336,1.73147,1.86349,5.70871,1.23855,7.64176,0.42336,36.966,0.42336,423.524,0,1.02816,0,0,2.75963,1.73147,1.028160,1,0,55.7065,0,0,0,55.7065,0
28.9644,1.76481,0,0,2.00893,0.186705,0.36288,3.6288,48.7482,0.66528,0,0,1.08118,0.19793,0,0.66528,12.849,1,0.774725,0.36288,0,92.3642,4.50945,87.4429,0.84672,12.849,0.84672,3695.15,0,36.966,0.42336,2.01758,1.86354,8.66756,1.12047,11.0048,0.42336,36.966,0.42336,423.524,0,1.02816,0,0,3.04574,2.01758,1.028160,1,0,98.4477,0,0,0,98.4477,0
32.9162,1.75936,0,0,6.25033,0.176331,0.36288,3.6288,49.8742,0.66528,0,0,1.97622,0.184932,0,0.66528,12.849,1,0.780477,0.36288,0,140.939,3.80961,136.712,0.84672,12.849,0.84672,3695.15,0,36.966,0.42336,3.16846,1.8636,15.4338,1.01667,19.0258,0.42336,36.966,0.42336,423.524,0,1.02816,0,0,4.19662,3.16846,1.028160,1,0,155.738,0,0,0,155.738,0
36.4189,1.89374,0,0,5.95539,0.195984,0.36288,3.6288,50.6747,0.66528,0,0,1.68399,0.218142,0,0.66528,12.849,1,0.73923,0.36288,0,105.452,4.49616,100.58,0.84672,12.849,0.84672,3695.15,0,36.966,0.42336,2.06214,1.86366,16.3868,1.14978,18.7395,0.42336,36.966,0.42336,423.524,0,1.02816,0,0,3.0903,2.06214,1.028160,1,0,119.319,0,0,0,119.319,0
38.2336,1.9465,0,0,4.32616,0.202137,0.36288,3.6288,51.2462,0.66528,0,0,1.46529,0.228544,0,0.66528,12.849,1,0.686747,0.36288,0,127.735,4.82748,122.583,0.84672,12.849,0.84672,3695.15,0,36.966,0.42336,2.54102,1.88111,13.8902,1.22649,16.6625,0.42336,36.966,0.42336,423.524,0,1.02816,0,0,3.56918,2.54102,1.028160,1,0,139.246,0,0,0,139.246,0
42.0177,1.97111,0,0,6.3246,0.206512,0.36288,3.6288,51.1608,0.66528,0,0,0.809516,0.229609,0,0.66528,12.849,1,0.662423,0.36288,0,81.4735,4.82748,76.3464,0.84672,12.849,0.84672,3695.15,0,36.966,0.42336,1.35014,1.88116,8.13724,1.22649,9.71869,0.42336,36.966,0.42336,423.524,0,1.02816,0,0,2.3783,1.35014,1.028160,1,0,86.0651,0,0,0,86.0651,0
46.5647,2.01701,0,0,7.13851,0.211562,0.36288,3.6288,51.3333,0.66528,0,0,1.07451,0.236772,0,0.66528,12.849,1,0.616803,0.36288,0,121.232,4.9842,115.994,0.84672,12.849,0.84672,3695.15,0,36.966,0.42336,1.64812,1.88121,14.959,1.30302,16.7619,0.42336,36.966,0.42336,423.524,0,1.02816,0,0,2.67628,1.64812,1.028160,1,0,132.756,0,0,0,132.756,0
48.3547,2.29817,0,0,4.70067,0.249712,0.36288,3.6288,51.275,0.66528,0,0,0.841771,0.234762,0,0.66528,12.849,1,0.634152,0.36288,0,86.2307,4.38375,81.5756,0.84672,12.849,0.84672,3695.15,0,36.966,0.42336,0.856881,1.88127,7.37032,1.12647,8.55864,0.42336,36.966,0.42336,423.524,0,1.02816,0,0,1.88504,0.856881,1.028160,1,0,90.1343,0,0,0,90.1343,0
50.4211,2.31696,0,0,5.00747,0.261173,0.36288,3.6288,51.3138,0.66528,0,0,0.935237,0.231207,0,0.66528,12.849,1,0.615672,0.36288,0,79.0681,4.21837,74.5969,0.84672,12.849,0.84672,3695.15,0,36.966,0.42336,0.965676,1.93721,8.51118,1.06515,9.92555,0.42336,36.966,0.42336,423.524,0,1.02816,0,0,1.99384,0.965676,1.028160,1,0,84.5225,0,0,0,84.5225,0
52.6416,2.33731,0,0,5.20981,0.289071,0.36288,3.6288,51.5172,0.66528,0,0,1.08755,0.218815,0,0.66528,12.849,1,0.595627,0.36288,0,82.4697,4.21406,78.0229,0.84672,12.849,0.84672,3695.15,0,36.966,0.42336,1.3527,1.93726,9.51143,1.07972,11.2983,0.42336,36.966,0.42336,423.524,0,1.02816,0,0,2.38086,1.3527,1.028160,1,0,89.3212,0,0,0,89.3212,0
55.3182,2.35776,0,0,5.70999,0.312759,0.36288,3.6288,51.7685,0.66528,0,0,1.12631,0.209812,0,0.66528,12.849,1,0.575492,0.36288,0,72.7099,4.21081,68.2865,0.84672,12.849,0.84672,3695.15,0,36.966,0.42336,1.77884,1.93732,10.1213,1.09064,12.3235,0.42336,36.966,0.42336,423.524,0,1.02816,0,0,2.807,1.77884,1.028160,1,0,80.61,0,0,0,80.61,0
60.1739,2.0353,0,0,7.54756,0.293739,0.36288,3.6288,52.2125,0.66528,0,0,1.26834,0.158979,0,0.66528,12.849,1,0.472749,0.36288,0,105.804,2.82445,102.869,0.84672,12.849,0.84672,3695.15,0,36.966,0.42336,1.68,1.93738,13.5617,0.779873,15.9758,0.42336,36.966,0.42336,423.524,0,1.02816,0,0,2.70816,1.68,1.028160,1,0,118.845,0,0,0,118.845,0
67.2516,2.06696,0,0,9.81072,0.303189,0.36288,3.6288,53.2128,0.66528,0,0,1.81646,0.150975,0,0.66528,12.849,1,0.441361,0.36288,0,162.645,2.59339,159.973,0.84672,12.849,0.84672,3695.15,0,36.966,0.42336,2.94159,1.8577,20.3599,0.728079,24.0078,0.42336,36.966,0.42336,423.524,0,1.02816,0,0,3.96975,2.94159,1.028160,1,0,183.98,0,0,0,183.98,0
72.29,2.10619,0,0,10.7989,0.323582,3.33067,3.6288,54.5397,0.66528,0,0,2.17344,0.181198,0,0.66528,12.849,1,0.402406,3.33067,0,168.59,3.45962,168.058,0.84672,12.849,0.84672,3695.15,0,36.966,0.42336,3.93412,1.85775,28.1855,0.861477,32.6925,0.42336,36.966,0.42336,423.524,0,1.02816,0,0,4.96228,3.93412,1.028160,1,0,200.751,0,0,0,200.751,0
72.29,2.13024,0,0,7.47628,0.338323,5.00772,3.6288,54.9774,0.66528,0,0,1.30786,0.204914,0,0.66528,12.849,1,0.378633,5.00772,0,139.995,4.10928,140.515,0.84672,12.849,0.84672,3695.15,0,36.966,0.42336,1.92671,1.8578,14.7756,0.961525,17.1752,0.42336,36.966,0.42336,423.524,0,1.02816,0,0,2.95487,1.92671,1.028160,1,0,157.69,0,0,0,157.69,0
72.29,2.13047,0,0,8.0568,0.337951,5.58838,3.6288,56.8225,0.66528,0,0,2.68827,0.177851,0,0.66528,12.849,1,0.378674,5.58838,0,145.045,3.62236,146.632,0.84672,12.849,0.84672,3695.15,0,36.966,0.42336,3.46409,1.85785,21.4671,0.87321,25.4925,0.42336,36.966,0.42336,423.524,0,1.02816,0,0,4.49225,3.46409,1.028160,1,0,172.125,0,0,0,172.125,0
72.29,2.22168,0,0,6.78974,0.309834,4.25823,3.6288,58.0576,0.66528,0,0,2.03704,0.13666,0,0.66528,12.849,1,0.394887,4.25823,0,118.625,3.2509,119.237,0.84672,12.849,0.84672,3695.15,0,36.966,0.42336,2.33707,1.8579,13.9449,0.809399,16.9071,0.42336,36.966,0.42336,423.524,0,1.02816,0,0,3.36523,2.33707,1.028160,1,0,136.144,0,0,0,136.144,0
72.29,2.22192,0,0,6.26449,0.309834,3.73274,3.6288,58.8121,0.66528,0,0,1.5575,0.137758,0,0.66528,12.849,1,0.39493,3.73274,0,106.502,3.2509,106.589,0.84672,12.849,0.84672,3695.15,0,36.966,0.42336,1.92078,1.87803,11.505,0.809399,14.0711,0.42336,36.966,0.42336,423.524,0,1.02816,0,0,2.94894,1.92078,1.028160,1,0,120.66,0,0,0,120.66,0
72.29,2.22216,0,0,8.21542,0.309834,5.68343,3.6288,59.559,0.66528,0,0,1.55066,0.138429,0,0.66528,12.849,1,0.394973,5.68343,0,111.008,3.2509,113.046,0.84672,12.849,0.84672,3695.15,0,36.966,0.42336,2.59403,1.87809,25.3475,0.809399,28.5869,0.42336,36.966,0.42336,423.524,0,1.02816,0,0,3.62219,2.59403,1.028160,1,0,141.633,0,0,0,141.633,0
72.29,2.2224,0,0,6.64016,0.282691,4.13507,3.6288,60.4082,0.66528,0,0,1.6436,0.129148,0,0.66528,12.849,1,0.395015,4.13507,0,128.917,2.40372,130.253,0.84672,12.849,0.84672,3695.15,0,36.966,0.42336,2.70312,1.87814,17.4587,0.673199,20.9434,0.42336,36.966,0.42336,423.524,0,1.02816,0,0,3.73128,2.70312,1.028160,1,0,151.196,0,0,0,151.196,0
72.29,2.18705,0,0,4.99317,0.2387,2.56741,3.6288,60.9465,0.66528,0,0,1.39035,0.186739,0,0.66528,12.849,1,0.388732,2.56741,0,85.2854,3.80205,83.6621,0.84672,12.849,0.84672,3695.15,0,36.966,0.42336,2.4252,1.87819,12.5481,0.954515,15.4737,0.42336,36.966,0.42336,423.524,0,1.02816,0,0,3.45336,2.4252,1.028160,1,0,99.1357,0,0,0,99.1357,0
72.29,2.18729,0,0,4.28121,0.2387,1.85522,3.6288,60.998,0.66528,0,0,0.904107,0.187379,0,0.66528,12.849,1,0.388774,1.85522,0,76.3068,3.80205,73.9711,0.84672,12.849,0.84672,3695.15,0,36.966,0.42336,1.27501,1.87039,9.0739,0.954515,10.8414,0.42336,36.966,0.42336,423.524,0,1.02816,0,0,2.30317,1.27501,1.028160,1,0,84.8126,0,0,0,84.8126,0
72.29,2.18753,0,0,4.65822,0.2387,2.23199,3.6288,61.1004,0.66528,0,0,0.955126,0.18744,0,0.66528,12.849,1,0.388816,2.23199,0,73.1557,3.80205,71.1969,0.84672,12.849,0.84672,3695.15,0,36.966,0.42336,1.26857,1.87044,9.91751,0.954515,11.6786,0.42336,36.966,0.42336,423.524,0,1.02816,0,0,2.29673,1.26857,1.028160,1,0,82.8755,0,0,0,82.8755,0
72.29,2.41124,0,0,4.14876,0.232981,1.50454,3.6288,61.148,0.66528,0,0,0.89843,0.185498,0,0.66528,12.849,1,0.428579,1.50454,0,80.0902,3.70179,77.4644,0.84672,12.849,0.84672,3695.15,0,36.966,0.42336,1.26044,1.8705,10.276,0.943771,12.0398,0.42336,36.966,0.42336,423.524,0,1.02816,0,0,2.2886,1.26044,1.028160,1,0,89.5042,0,0,0,89.5042,0
72.29,2.54294,0,0,4.33911,0.198359,1.59781,3.6288,61.308,0.66528,0,0,1.05345,0.206054,0.0221535,0.66528,12.849,1,0.451988,1.59781,0,70.0367,4.48629,66.6962,0.84672,12.849,0.84672,3695.15,0,36.966,0.42336,1.20773,1.91987,9.85409,1.00211,11.5562,0.42336,36.966,0.42336,423.524,0,1.02816,0,0,2.23589,1.20773,1.028160,1,0,78.2746,0,0,0,78.2746,0
72.29,2.54321,0,0,3.94534,0.15815,1.24397,3.6288,61.2982,0.66528,0,0,0.854686,0.199238,0,0.66528,12.849,1,0.452036,1.24397,0,61.9413,4.39593,58.3373,0.84672,12.849,0.84672,3695.15,0,36.966,0.42336,1.22026,1.94894,9.21879,1.02821,10.9364,0.42336,36.966,0.42336,423.524,0,1.02816,0,0,2.24842,1.22026,1.028160,1,0,69.2737,0,0,0,69.2737,0
72.29,2.54348,0,0,3.65009,0.135317,0.971293,3.6288,61.2972,0.66528,0,0,0.868864,0.204581,0,0.66528,12.849,1,0.452084,0.971293,0,56.1148,4.55847,52.0755,0.84672,12.849,0.84672,3695.15,0,36.966,0.42336,1.22462,1.949,9.09628,0.998123,10.8484,0.42336,36.966,0.42336,423.524,0,1.02816,0,0,2.25278,1.22462,1.028160,1,0,62.924,0,0,0,62.924,0
72.29,2.54375,0,0,3.53638,0.135317,0.857312,3.6288,61.308,0.66528,0,0,0.910457,0.204579,0.0297695,0.66528,12.849,1,0.452132,0.857312,0,53.2452,4.55847,49.0919,0.84672,12.849,0.84672,3695.15,0,36.966,0.42336,1.14263,1.94906,9.44248,0.998123,11.1127,0.42336,36.966,0.42336,423.524,0,1.02816,0,0,2.17079,1.14263,1.028160,1,0,60.2344,0,0,0,60.2344,0
72.29,2.54402,0,0,3.56269,0.128365,0.890304,3.6288,61.308,0.66528,0,0,0.977616,0.243152,0.0691842,0.66528,12.849,1,0.45218,0.890304,0,50.3321,4.8718,45.8984,0.84672,12.849,0.84672,3695.15,0,36.966,0.42336,1.08559,1.94912,7.99822,1.12561,9.48396,0.42336,36.966,0.42336,423.524,0,1.02816,0,0,2.11375,1.08559,1.028160,1,0,55.4515,0,0,0,55.4515,0
72.29,2.51828,0,0,3.76284,0.119095,1.12547,3.6288,61.308,0.66528,0,0,1.13796,0.294563,0.178114,0.66528,12.849,1,0.447605,1.12547,0,49.7658,5.28959,45.1541,0.84672,12.849,0.84672,3695.15,0,36.966,0.42336,1.09696,1.94918,7.51153,1.29558,8.83872,0.42336,36.966,0.42336,423.524,0,1.02816,0,0,2.12512,1.09696,1.028160,1,0,54.1709,0,0,0,54.1709,0
72.29,2.51855,0,0,3.50824,0.119095,0.870595,3.6288,61.308,0.66528,0,0,1.09341,0.294563,0.133566,0.66528,12.849,1,0.447653,0.870595,0,49.1075,5.28959,44.2409,0.84672,12.849,0.84672,3695.15,0,36.966,0.42336,1.01133,1.9435,7.67534,1.29558,8.91123,0.42336,36.966,0.42336,423.524,0,1.02816,0,0,2.03949,1.01133,1.028160,1,0,53.2857,0,0,0,53.2857,0
72.29,2.51881,0,0,3.17796,0.119095,0.540055,3.6288,61.308,0.66528,0,0,1.04484,0.294563,0.084992,0.66528,12.849,1,0.4477,0.540055,0,48.2601,5.28959,43.0629,0.84672,12.849,0.84672,3695.15,0,36.966,0.42336,0.909973,1.94356,7.25086,1.29558,8.38545,0.42336,36.966,0.42336,423.524,0,1.02816,0,0,1.93813,0.909973,1.028160,1,0,51.5333,0,0,0,51.5333,0
72.1873,2.51908,0,0,2.89356,0.114334,0.36288,3.6288,61.308,0.66528,0,0,0.98814,0.305532,0.0173272,0.66528,12.849,1,0.447748,0.36288,0,42.4831,5.43074,36.9675,0.84672,12.849,0.84672,3695.15,0,36.966,0.42336,0.724844,1.94361,7.03771,1.3471,7.93571,0.42336,36.966,0.42336,423.524,0,1.02816,0,0,1.753,0.724844,1.028160,1,0,44.9206,0,0,0,44.9206,0
71.9505,2.58598,0,0,2.79581,0.0837022,0.36288,3.6288,61.2235,0.66528,0,0,0.919572,0.338793,0,0.66528,12.849,1,0.460292,0.36288,0,37.8777,6.18503,31.5952,0.84672,12.849,0.84672,3695.15,0,36.966,0.42336,0.701611,1.94367,5.79144,1.54845,6.4649,0.42336,36.966,0.42336,423.524,0,1.02816,0,0,1.72977,0.701611,1.028160,1,0,38.0601,0,0,0,38.0601,0
71.6463,2.58497,0,0,2.72716,0.0835517,0.36288,3.6288,61.0669,0.66528,0,0,0.847247,0.338612,0,0.66528,12.849,1,0.461626,0.36288,0,37.8294,6.18503,31.5456,0.84672,12.849,0.84672,3695.15,0,36.966,0.42336,0.855939,1.95856,6.20596,1.54845,7.04864,0.42336,36.966,0.42336,423.524,0,1.02816,0,0,1.8841,0.855939,1.028160,1,0,38.5942,0,0,0,38.5942,0
71.1684,2.58358,0,0,2.55199,0.0833583,0.36288,3.6288,60.8476,0.66528,0,0,0.784253,0.338276,0,0.66528,12.849,1,0.463337,0.36288,0,34.1503,6.18503,27.8648,0.84672,12.849,0.84672,3695.15,0,36.966,0.42336,0.775077,1.95862,5.53873,1.54845,6.30062,0.42336,36.966,0.42336,423.524,0,1.02816,0,0,1.80324,0.775077,1.028160,1,0,34.1654,0,0,0,34.1654,0
70.4842,2.58122,0,0,2.34286,0.0830546,0.36288,3.6288,60.6201,0.66528,0,0,0.775647,0.337807,0,0.66528,12.849,1,0.466022,0.36288,0,31.2176,6.18503,24.9294,0.84672,12.849,0.84672,3695.15,0,36.966,0.42336,0.62697,1.95868,5.41712,1.54845,6.03096,0.42336,36.966,0.42336,423.524,0,1.02816,0,0,1.65513,0.62697,1.028160,1,0,30.9604,0,0,0,30.9604,0
70.432,2.77373,0,0,3.13533,0.0508911,0.36288,3.6288,60.5243,0.66528,0,0,0.900901,0.331443,0,0.66528,12.849,1,0.50564,0.36288,0,34.3635,6.40315,27.8176,0.84672,12.849,0.84672,3695.15,0,36.966,0.42336,1.0583,1.95874,6.59285,1.54207,7.64446,0.42336,36.966,0.42336,423.524,0,1.02816,0,0,2.08646,1.0583,1.028160,1,0,35.4621,0,0,0,35.4621,0
69.9078,2.7737,0,0,2.65637,0.043995,0.36288,3.6288,60.2768,0.66528,0,0,0.73561,0.317816,0,0.66528,12.849,1,0.50601,0.36288,0,42.2461,6.30504,35.798,0.84672,12.849,0.84672,3695.15,0,36.966,0.42336,0.596004,2.00224,4.48599,1.48499,5.17589,0.42336,36.966,0.42336,423.524,0,1.02816,0,0,1.62416,0.596004,1.028160,1,0,40.9739,0,0,0,40.9739,0
69.4433,2.77078,0,0,2.71296,0.0438175,0.36288,3.6288,60.138,0.66528,0,0,0.843817,0.317317,0,0.66528,12.849,1,0.509268,0.36288,0,36.5954,6.30504,30.144,0.84672,12.849,0.84672,3695.15,0,36.966,0.42336,0.688081,2.00231,4.6586,1.48499,5.44064,0.42336,36.966,0.42336,423.524,0,1.02816,0,0,1.71624,0.688081,1.028160,1,0,35.5846,0,0,0,35.5846,0
69.0046,2.7682,0,0,2.73735,0.0449013,0.36288,3.6288,60.0128,0.66528,0,0,0.850211,0.310193,0,0.66528,12.849,1,0.512197,0.36288,0,37.132,6.1202,30.8625,0.84672,12.849,0.84672,3695.15,0,36.966,0.42336,1.10737,2.00237,5.95861,1.41303,7.23196,0.42336,36.966,0.42336,423.524,0,1.02816,0,0,2.13553,1.10737,1.028160,1,0,38.0945,0,0,0,38.0945,0
68.3123,2.76574,0,0,2.49235,0.0560926,0.36288,3.6288,59.8919,0.66528,0,0,0.821025,0.276588,0,0.66528,12.849,1,0.514995,0.36288,0,33.8697,5.23325,28.4843,0.84672,12.849,0.84672,3695.15,0,36.966,0.42336,0.56039,2.00244,6.01768,1.07201,7.08514,0.42336,36.966,0.42336,423.524,0,1.02816,0,0,1.58855,0.56039,1.028160,1,0,35.5694,0,0,0,35.5694,0
67.8298,2.66651,0,0,2.61242,0.065544,0.36288,3.6288,60.2833,0.66528,0,0,1.35219,0.295541,0,0.66528,12.849,1,0.501549,0.36288,0,47.7961,5.78854,41.8689,0.84672,12.849,0.84672,3695.15,0,36.966,0.42336,0.490026,2.0025,5.39551,1.29876,6.16591,0.42336,36.966,0.42336,423.524,0,1.02816,0,0,1.51819,0.490026,1.028160,1,0,48.0348,0,0,0,48.0348,0
67.1462,2.66379,0,0,2.40845,0.0652965,0.36288,3.6288,60.3603,0.66528,0,0,1.03856,0.296279,0,0.66528,12.849,1,0.504602,0.36288,0,48.7634,5.78854,42.8331,0.84672,12.849,0.84672,3695.15,0,36.966,0.42336,0.364884,1.98138,4.57037,1.29876,5.19452,0.42336,36.966,0.42336,423.524,0,1.02816,0,0,1.39304,0.364884,1.028160,1,0,48.0276,0,0,0,48.0276,0
66.1028,2.65976,0,0,2.09087,0.111708,0.36288,3.6288,60.3801,0.66528,0,0,0.949985,0.264919,0,0.66528,12.849,1,0.508967,0.36288,0,34.6845,5.2845,29.2539,0.84672,12.849,0.84672,3695.15,0,36.966,0.42336,0.218125,1.98145,6.66757,1.16798,7.2758,0.42336,36.966,0.42336,423.524,0,1.02816,0,0,1.24629,0.218125,1.028160,1,0,36.5297,0,0,0,36.5297,0
67.4775,2.65331,0,0,4.42989,0.0389514,0.36288,3.6288,60.7027,0.66528,0,0,1.29731,0.309405,0,0.66528,12.849,1,0.515748,0.36288,0,37.476,6.19091,31.1322,0.84672,12.849,0.84672,3695.15,0,36.966,0.42336,0.682076,1.98151,11.1904,1.17334,12.2572,0.42336,36.966,0.42336,423.524,0,1.02816,0,0,1.71024,0.682076,1.028160,1,0,43.3895,0,0,0,43.3895,0
70.3787,2.58445,0,0,6.00022,0.15168,0.36288,3.6288,61.0948,0.66528,0,0,1.28723,0.22988,0,0.66528,12.849,1,0.492129,0.36288,0,65.9107,4.28966,61.4918,0.84672,12.849,0.84672,3695.15,0,36.966,0.42336,0.877288,1.98157,9.89859,1.01212,11.322,0.42336,36.966,0.42336,423.524,0,1.02816,0,0,1.90545,0.877288,1.028160,1,0,72.8137,0,0,0,72.8137,0
72.29,2.60188,0,0,5.23308,0.17429,0.545642,3.6288,61.308,0.66528,0,0,1.21003,0.217058,0.114465,0.66528,12.849,1,0.475024,0.545642,0,81.0397,3.97278,77.1375,0.84672,12.849,0.84672,3695.15,0,36.966,0.42336,0.808963,1.96424,9.39073,0.985245,10.7553,0.42336,36.966,0.42336,423.524,0,1.02816,0,0,1.83712,0.808963,1.028160,1,0,88.0073,0,0,0,88.0073,0
72.29,2.61282,0,0,5.95338,0.176855,3.16371,3.6288,61.308,0.66528,0,0,1.87234,0.217351,0.989709,0.66528,12.849,1,0.464409,3.16371,0,92.0609,3.97278,90.7874,0.84672,12.849,0.84672,3695.15,0,36.966,0.42336,1.34731,1.9643,11.2947,0.985245,13.1977,0.42336,36.966,0.42336,423.524,0,1.02816,0,0,2.37547,1.34731,1.028160,1,0,104.975,0,0,0,104.975,0
72.29,2.6131,0,0,5.6936,0.189119,2.89138,3.6288,61.308,0.66528,0,0,1.46283,0.190499,0.607051,0.66528,12.849,1,0.464458,2.89138,0,88.8425,3.98545,87.284,0.84672,12.849,0.84672,3695.15,0,36.966,0.42336,1.1671,1.96436,12.5343,1.06419,14.1782,0.42336,36.966,0.42336,423.524,0,1.02816,0,0,2.19526,1.1671,1.028160,1,0,102.069,0,0,0,102.069,0
72.29,2.38948,0,0,5.41963,0.258069,2.77208,3.6288,61.308,0.66528,0,0,2.05055,0.207965,1.1773,0.66528,12.849,1,0.424712,2.77208,0,82.7686,4.04316,81.0728,0.84672,12.849,0.84672,3695.15,0,36.966,0.42336,1.60427,1.96442,12.9576,0.964137,15.1388,0.42336,36.966,0.42336,423.524,0,1.02816,0,0,2.63243,1.60427,1.028160,1,0,97.3889,0,0,0,97.3889,0
72.29,2.38974,0,0,7.03885,0.263454,4.38566,3.6288,61.308,0.66528,0,0,3.75546,0.211513,2.87867,0.66528,12.849,1,0.424758,4.38566,0,110.246,3.98538,110.222,0.84672,12.849,0.84672,3695.15,0,36.966,0.42336,2.74352,1.91507,19.6045,0.941908,22.8978,0.42336,36.966,0.42336,423.524,0,1.02816,0,0,3.77168,2.74352,1.028160,1,0,135.998,0,0,0,135.998,0
72.29,2.38999,0,0,6.51778,0.263454,3.86434,3.6288,61.308,0.66528,0,0,2.79153,0.211513,1.91474,0.66528,12.849,1,0.424803,3.86434,0,154.819,3.98538,154.273,0.84672,12.849,0.84672,3695.15,0,36.966,0.42336,2.26211,1.91513,19.4648,0.941908,22.2768,0.42336,36.966,0.42336,423.524,0,1.02816,0,0,3.29027,2.26211,1.028160,1,0,178.465,0,0,0,178.465,0
72.29,2.39025,0,0,5.72748,0.286442,3.05079,3.6288,61.308,0.66528,0,0,1.1254,0.210122,0.250001,0.66528,12.849,1,0.424848,3.05079,0,109.98,4.36,108.246,0.84672,12.849,0.84672,3695.15,0,36.966,0.42336,0.803546,1.91518,11.67,0.98703,12.9783,0.42336,36.966,0.42336,423.524,0,1.02816,0,0,1.83171,0.803546,1.028160,1,0,121.475,0,0,0,121.475,0
72.29,2.3905,0,0,7.29439,0.300407,4.60348,3.6288,61.308,0.66528,0,0,1.47988,0.203303,0.611294,0.66528,12.849,1,0.424894,4.60348,0,173.102,4.63148,172.65,0.84672,12.849,0.84672,3695.15,0,36.966,0.42336,1.56786,1.91524,12.956,1.03568,14.9801,0.42336,36.966,0.42336,423.524,0,1.02816,0,0,2.59602,1.56786,1.028160,1,0,188.241,0,0,0,188.241,0
72.29,2.4769,0,0,6.93986,0.274978,4.18798,3.6288,61.308,0.66528,0,0,2.62738,0.203915,1.75819,0.66528,12.849,1,0.44025,4.18798,0,122.976,3.9048,122.819,0.84672,12.849,0.84672,3695.15,0,36.966,0.42336,2.79992,1.91529,9.83275,1.09477,13.0298,0.42336,36.966,0.42336,423.524,0,1.02816,0,0,3.82808,2.79992,1.028160,1,0,137.607,0,0,0,137.607,0
72.29,2.47714,0,0,7.57084,0.292444,4.80126,3.6288,61.308,0.66528,0,0,3.18797,0.197995,2.3247,0.66528,12.849,1,0.440293,4.80126,0,173.741,3.7295,174.372,0.84672,12.849,0.84672,3695.15,0,36.966,0.42336,3.39281,1.93436,12.7606,1.10871,16.5557,0.42336,36.966,0.42336,423.524,0,1.02816,0,0,4.42097,3.39281,1.028160,1,0,193.253,0,0,0,193.253,0
72.29,2.47738,0,0,8.22995,0.292444,5.46012,3.6288,61.308,0.66528,0,0,4.22308,0.197995,3.35981,0.66528,12.849,1,0.440335,5.46012,0,183.952,3.7295,185.242,0.84672,12.849,0.84672,3695.15,0,36.966,0.42336,4.30948,1.93442,17.3877,1.10871,22.0995,0.42336,36.966,0.42336,423.524,0,1.02816,0,0,5.33764,4.30948,1.028160,1,0,210.701,0,0,0,210.701,0
72.29,2.47762,0,0,7.90214,0.292444,5.13208,3.6288,61.308,0.66528,0,0,3.05496,0.197995,2.19168,0.66528,12.849,1,0.440378,5.13208,0,192.084,3.7295,193.046,0.84672,12.849,0.84672,3695.15,0,36.966,0.42336,3.29334,1.93447,13.5934,1.10871,17.2891,0.42336,36.966,0.42336,423.524,0,1.02816,0,0,4.3215,3.29334,1.028160,1,0,212.527,0,0,0,212.527,0
72.29,2.7546,0,0,6.90264,0.298558,3.84948,3.6288,61.308,0.66528,0,0,2.93862,0.224484,2.04886,0.66528,12.849,1,0.48961,3.84948,0,145.242,4.25382,144.348,0.84672,12.849,0.84672,3695.15,0,36.966,0.42336,3.24703,1.93452,11.9349,1.1824,15.5107,0.42336,36.966,0.42336,423.524,0,1.02816,0,0,4.27519,3.24703,1.028160,1,0,161.907,0,0,0,161.907,0
72.29,2.75486,0,0,6.84503,0.301003,3.78916,3.6288,61.308,0.66528,0,0,4.07434,0.23508,3.17398,0.66528,12.849,1,0.489656,3.78916,0,163.877,4.46355,162.713,0.84672,12.849,0.84672,3695.15,0,36.966,0.42336,3.32198,1.99565,12.8521,1.21187,16.5345,0.42336,36.966,0.42336,423.524,0,1.02816,0,0,4.35014,3.32198,1.028160,1,0,182.421,0,0,0,182.421,0
72.29,2.75513,0,0,6.02528,0.302759,2.96739,3.6288,61.308,0.66528,0,0,3.22915,0.225932,2.33794,0.66528,12.849,1,0.489703,2.96739,0,157.821,4.3711,155.927,0.84672,12.849,0.84672,3695.15,0,36.966,0.42336,3.02821,1.99571,17.0322,1.18736,20.4454,0.42336,36.966,0.42336,423.524,0,1.02816,0,0,4.05637,3.02821,1.028160,1,0,178.711,0,0,0,178.711,0
72.29,2.75539,0,0,4.27234,0.313296,1.20366,3.6288,61.308,0.66528,0,0,2.55733,0.171049,1.721,0.66528,12.849,1,0.489749,1.20366,0,150.395,3.81644,147.292,0.84672,12.849,0.84672,3695.15,0,36.966,0.42336,1.87003,1.99577,10.7062,1.04029,13.1083,0.42336,36.966,0.42336,423.524,0,1.02816,0,0,2.89819,1.87003,1.028160,1,0,162.122,0,0,0,162.122,0
72.29,2.36079,0,0,5.15665,0.314156,2.4817,3.6288,61.308,0.66528,0,0,2.68767,0.194393,1.828,0.66528,12.849,1,0.419612,2.4817,0,122.112,3.89541,120.278,0.84672,12.849,0.84672,3695.15,0,36.966,0.42336,1.61242,1.99583,11.4229,0.916725,13.6911,0.42336,36.966,0.42336,423.524,0,1.02816,0,0,2.64058,1.61242,1.028160,1,0,135.797,0,0,0,135.797,0
72.29,2.14159,0,0,4.12814,0.3145,1.67205,3.6288,61.308,0.66528,0,0,2.24623,0.203731,1.37722,0.66528,12.849,1,0.380652,1.67205,0,99.6572,3.927,97.0216,0.84672,12.849,0.84672,3695.15,0,36.966,0.42336,1.52145,1.90874,5.71988,0.867299,7.85941,0.42336,36.966,0.42336,423.524,0,1.02816,0,0,2.54961,1.52145,1.028160,1,0,106.258,0,0,0,106.258,0
72.29,2.1418,0,0,8.5455,0.280516,6.12318,3.6288,61.308,0.66528,0,0,3.71308,0.185682,2.86212,0.66528,12.849,1,0.380689,6.12318,0,149.177,3.66541,151.254,0.84672,12.849,0.84672,3695.15,0,36.966,0.42336,3.24244,1.86036,14.9241,0.829722,18.7738,0.42336,36.966,0.42336,423.524,0,1.02816,0,0,4.2706,3.24244,1.028160,1,0,172.89,0,0,0,172.89,0
72.29,2.14201,0,0,6.60282,0.351739,4.10906,3.6288,61.308,0.66528,0,0,3.98239,0.252751,3.06436,0.66528,12.849,1,0.380727,4.10906,0,129.857,4.31289,129.272,0.84672,12.849,0.84672,3695.15,0,36.966,0.42336,2.53289,1.8604,10.0869,0.972855,13.0839,0.42336,36.966,0.42336,423.524,0,1.02816,0,0,3.56105,2.53289,1.028160,1,0,145.42,0,0,0,145.42,0
72.29,2.14223,0,0,6.50817,0.303797,4.06214,3.6288,61.308,0.66528,0,0,2.89686,0.206636,2.02495,0.66528,12.849,1,0.380764,4.06214,0,165.301,3.9724,165.01,0.84672,12.849,0.84672,3695.15,0,36.966,0.42336,2.20914,1.86045,10.066,0.86757,12.8447,0.42336,36.966,0.42336,423.524,0,1.02816,0,0,3.2373,2.20914,1.028160,1,0,179.88,0,0,0,179.88,0
72.29,2.23385,0,0,4.96749,0.325546,2.40809,3.6288,61.308,0.66528,0,0,1.7852,0.16655,0.953367,0.66528,12.849,1,0.39705,2.40809,0,100.805,4.21113,98.6045,0.84672,12.849,0.84672,3695.15,0,36.966,0.42336,1.23354,1.8605,7.33987,0.760928,9.24962,0.42336,36.966,0.42336,423.524,0,1.02816,0,0,2.2617,1.23354,1.028160,1,0,108.808,0,0,0,108.808,0
72.29,2.23407,0,0,6.33283,0.325546,3.77322,3.6288,61.308,0.66528,0,0,2.3712,0.16655,1.53938,0.66528,12.849,1,0.397089,3.77322,0,130.757,4.21113,129.922,0.84672,12.849,0.84672,3695.15,0,36.966,0.42336,2.42266,1.88072,9.58997,0.760928,12.7091,0.42336,36.966,0.42336,423.524,0,1.02816,0,0,3.45082,2.42266,1.028160,1,0,144.17,0,0,0,144.17,0
72.29,2.23429,0,0,4.52332,0.325546,1.96349,3.6288,61.308,0.66528,0,0,1.79874,0.16655,0.966906,0.66528,12.849,1,0.397127,1.96349,0,90.6543,4.21113,88.0096,0.84672,12.849,0.84672,3695.15,0,36.966,0.42336,1.17442,1.88077,7.27488,0.760928,9.14578,0.42336,36.966,0.42336,423.524,0,1.02816,0,0,2.20258,1.17442,1.028160,1,0,98.1223,0,0,0,98.1223,0
72.29,2.2345,0,0,3.87819,0.292453,1.35123,3.6288,61.308,0.66528,0,0,1.45863,0.176142,0.617209,0.66528,12.849,1,0.397166,1.35123,0,76.8476,4.22118,73.5805,0.84672,12.849,0.84672,3695.15,0,36.966,0.42336,0.913386,1.88082,5.81404,0.773993,7.41089,0.42336,36.966,0.42336,423.524,0,1.02816,0,0,1.94155,0.913386,1.028160,1,0,81.6086,0,0,0,81.6086,0
72.29,2.19897,0,0,3.05495,0.247163,0.608817,3.6288,61.308,0.66528,0,0,1.12437,0.207298,0.251788,0.66528,12.849,1,0.39085,0.608817,0,60.4931,4.40538,56.3057,0.84672,12.849,0.84672,3695.15,0,36.966,0.42336,0.967879,1.88086,5.97771,0.940658,7.46243,0.42336,36.966,0.42336,423.524,0,1.02816,0,0,1.99604,0.967879,1.028160,1,0,64.0199,0,0,0,64.0199,0
72.29,2.19918,0,0,4.02584,0.247163,1.5795,3.6288,61.308,0.66528,0,0,1.25547,0.207298,0.382892,0.66528,12.849,1,0.390888,1.5795,0,66.7782,4.40538,63.5614,0.84672,12.849,0.84672,3695.15,0,36.966,0.42336,1.0805,1.87302,5.20159,0.940658,6.7911,0.42336,36.966,0.42336,423.524,0,1.02816,0,0,2.10866,1.0805,1.028160,1,0,70.7354,0,0,0,70.7354,0
72.29,2.1994,0,0,3.63022,0.216718,1.2141,3.6288,61.308,0.66528,0,0,1.22393,0.214438,0.344215,0.66528,12.849,1,0.390927,1.2141,0,72.57,4.6221,68.7711,0.84672,12.849,0.84672,3695.15,0,36.966,0.42336,1.01767,1.87307,4.90242,0.90054,6.46926,0.42336,36.966,0.42336,423.524,0,1.02816,0,0,2.04583,1.01767,1.028160,1,0,75.5846,0,0,0,75.5846,0
72.03,2.42413,0,0,2.72092,0.193885,0.36288,3.6288,61.308,0.66528,0,0,1.05835,0.219794,0.173275,0.66528,12.849,1,0.430871,0.36288,0,54.6201,4.78464,49.7675,0.84672,12.849,0.84672,3695.15,0,36.966,0.42336,0.746833,1.87312,4.37133,0.870451,5.69747,0.42336,36.966,0.42336,423.524,0,1.02816,0,0,1.77499,0.746833,1.028160,1,0,55.6382,0,0,0,55.6382,0
72.1875,2.31997,0,0,3.0269,0.186531,0.36288,3.6288,61.308,0.66528,0,0,1.12066,0.198621,0.256759,0.66528,12.849,1,0.413846,0.36288,0,57.4876,4.446,52.9907,0.84672,12.849,0.84672,3695.15,0,36.966,0.42336,0.802379,1.92272,4.57517,0.831667,6.04523,0.42336,36.966,0.42336,423.524,0,1.02816,0,0,1.83054,0.802379,1.028160,1,0,59.2926,0,0,0,59.2926,0
72.29,2.32096,0,0,3.0908,0.18152,0.485865,3.6288,61.308,0.66528,0,0,1.10729,0.182741,0.259264,0.66528,12.849,1,0.413119,0.485865,0,57.601,4.19202,53.4817,0.84672,12.849,0.84672,3695.15,0,36.966,0.42336,0.737078,1.90001,4.47504,0.802579,5.88618,0.42336,36.966,0.42336,423.524,0,1.02816,0,0,1.76524,0.737078,1.028160,1,0,59.6272,0,0,0,59.6272,0
71.8855,2.55691,0,0,2.69698,0.181662,0.36288,3.6288,61.308,0.66528,0,0,1.01812,0.182741,0.170099,0.66528,12.849,1,0.454472,0.36288,0,54.3286,4.19202,50.045,0.84672,12.849,0.84672,3695.15,0,36.966,0.42336,0.78313,1.90006,4.59035,0.802579,6.0476,0.42336,36.966,0.42336,423.524,0,1.02816,0,0,1.81129,0.78313,1.028160,1,0,56.2627,0,0,0,56.2627,0
71.2432,2.55499,0,0,2.45662,0.181104,0.36288,3.6288,61.308,0.66528,0,0,0.917551,0.182741,0.0695298,0.66528,12.849,1,0.456685,0.36288,0,49.7308,4.19202,45.445,0.84672,12.849,0.84672,3695.15,0,36.966,0.42336,0.63707,1.95202,4.36649,0.802579,5.72965,0.42336,36.966,0.42336,423.524,0,1.02816,0,0,1.66523,0.63707,1.028160,1,0,51.2442,0,0,0,51.2442,0
70.4854,2.55174,0,0,2.29668,0.139814,0.36288,3.6288,61.2513,0.66528,0,0,0.811045,0.202436,0,0.66528,12.849,1,0.460217,0.36288,0,45.7558,4.81733,40.8411,0.84672,12.849,0.84672,3695.15,0,36.966,0.42336,0.574093,1.95208,4.07729,0.975254,5.20484,0.42336,36.966,0.42336,423.524,0,1.02816,0,0,1.60225,0.574093,1.028160,1,0,46.046,0,0,0,46.046,0
69.5721,2.52178,0,0,2.09189,0.120567,0.36288,3.6288,61.1742,0.66528,0,0,0.75333,0.165184,0,0.66528,12.849,1,0.459702,0.36288,0,38.5713,4.66882,33.8056,0.84672,12.849,0.84672,3695.15,0,36.966,0.42336,0.945233,1.95213,3.67869,0.939816,5.21288,0.42336,36.966,0.42336,423.524,0,1.02816,0,0,1.97339,0.945233,1.028160,1,0,39.0185,0,0,0,39.0185,0
68.4844,2.51692,0,0,1.91184,0.11972,0.36288,3.6288,61.0483,0.66528,0,0,0.70448,0.165103,0,0.66528,12.849,1,0.464841,0.36288,0,36.2797,4.66882,31.5089,0.84672,12.849,0.84672,3695.15,0,36.966,0.42336,0.658325,1.94642,3.50057,0.939816,4.74213,0.42336,36.966,0.42336,423.524,0,1.02816,0,0,1.68648,0.658325,1.028160,1,0,36.2511,0,0,0,36.2511,0
67.2683,2.51095,0,0,1.75798,0.10022,0.36288,3.6288,60.8418,0.66528,0,0,0.667587,0.208776,0,0.66528,12.849,1,0.471103,0.36288,0,32.4827,5.23343,27.141,0.84672,12.849,0.84672,3695.15,0,36.966,0.42336,0.659448,1.94647,3.33303,1.14591,4.36968,0.42336,36.966,0.42336,423.524,0,1.02816,0,0,1.68761,0.659448,1.028160,1,0,31.5107,0,0,0,31.5107,0
65.9642,2.50404,0,0,1.6483,0.0855314,0.36288,3.6288,60.5619,0.66528,0,0,0.626642,0.241313,0,0.66528,12.849,1,0.478299,0.36288,0,29.1945,5.65687,23.4222,0.84672,12.849,0.84672,3695.15,0,36.966,0.42336,0.617881,1.94653,3.2117,1.30047,4.05227,0.42336,36.966,0.42336,423.524,0,1.02816,0,0,1.64604,0.617881,1.028160,1,0,27.4744,0,0,0,27.4744,0
64.558,2.56289,0,0,1.60556,0.086014,0.36288,3.6288,60.2378,0.66528,0,0,0.627467,0.286234,0,0.66528,12.849,1,0.49922,0.36288,0,28.8611,5.81077,22.9139,0.84672,12.849,0.84672,3695.15,0,36.966,0.42336,0.522798,1.94658,3.19312,1.45814,3.781,0.42336,36.966,0.42336,423.524,0,1.02816,0,0,1.55096,0.522798,1.028160,1,0,26.6949,0,0,0,26.6949,0
63.1346,2.55407,0,0,1.57887,0.0852744,0.36288,3.6288,59.9026,0.66528,0,0,0.623226,0.293187,0,0.66528,12.849,1,0.508337,0.36288,0,27.0565,5.83642,21.0746,0.84672,12.849,0.84672,3695.15,0,36.966,0.42336,0.545054,1.96153,3.28254,1.48441,3.88135,0.42336,36.966,0.42336,423.524,0,1.02816,0,0,1.57321,0.545054,1.028160,1,0,24.956,0,0,0,24.956,0
61.5157,2.54479,0,0,1.37303,0.0842961,0.36288,3.6288,59.5304,0.66528,0,0,0.585693,0.292562,0,0.66528,12.849,1,0.517909,0.36288,0,25.5982,5.83642,19.6068,0.84672,12.849,0.84672,3695.15,0,36.966,0.42336,0.412249,1.96158,3.19439,1.48441,3.66045,0.42336,36.966,0.42336,423.524,0,1.02816,0,0,1.44041,0.412249,1.028160,1,0,23.2672,0,0,0,23.2672,0
59.8002,2.53376,0,0,1.26433,0.0831833,0.36288,3.6288,59.1471,0.66528,0,0,0.573856,0.291867,0,0.66528,12.849,1,0.529235,0.36288,0,24.1429,5.83642,18.1401,0.84672,12.849,0.84672,3695.15,0,36.966,0.42336,0.338161,1.96164,3.16206,1.48441,3.55408,0.42336,36.966,0.42336,423.524,0,1.02816,0,0,1.36632,0.338161,1.028160,1,0,21.6942,0,0,0,21.6942,0
57.994,2.71318,0,0,1.34405,0.0741564,0.36288,3.6288,58.7796,0.66528,0,0,0.594204,0.296427,0,0.66528,12.849,1,0.582968,0.36288,0,23.9268,6.01116,17.6956,0.84672,12.849,0.84672,3695.15,0,36.966,0.42336,0.402961,1.96169,3.59904,1.47658,4.06376,0.42336,36.966,0.42336,423.524,0,1.02816,0,0,1.43112,0.402961,1.028160,1,0,21.7593,0,0,0,21.7593,0
56.5971,2.69857,0,0,1.74925,0.0847467,0.36288,3.6288,58.4728,0.66528,0,0,0.650895,0.292469,0,0.66528,12.849,1,0.597888,0.36288,0,25.8866,5.85438,19.7972,0.84672,12.849,0.84672,3695.15,0,36.966,0.42336,0.653642,2.00539,3.83129,1.43089,4.63607,0.42336,36.966,0.42336,423.524,0,1.02816,0,0,1.6818,0.653642,1.028160,1,0,24.4332,0,0,0,24.4332,0
54.9988,2.6868,0,0,1.53503,0.0835924,0.36288,3.6288,58.1435,0.66528,0,0,0.627934,0.291893,0,0.66528,12.849,1,0.609972,0.36288,0,32.9065,5.85438,26.805,0.84672,12.849,0.84672,3695.15,0,36.966,0.42336,0.578733,2.00545,3.67912,1.43089,4.40905,0.42336,36.966,0.42336,423.524,0,1.02816,0,0,1.60689,0.578733,1.028160,1,0,31.2141,0,0,0,31.2141,0
53.4488,2.67268,0,0,1.56775,0.0822718,0.36288,3.6288,57.9073,0.66528,0,0,0.720311,0.291274,0,0.66528,12.849,1,0.6244,0.36288,0,28.5051,5.85438,22.3892,0.84672,12.849,0.84672,3695.15,0,36.966,0.42336,0.669807,2.0055,3.82066,1.43089,4.64172,0.42336,36.966,0.42336,423.524,0,1.02816,0,0,1.69797,0.669807,1.028160,1,0,27.0309,0,0,0,27.0309,0
51.8249,2.65834,0,0,1.47914,0.0818314,0.36288,3.6288,57.615,0.66528,0,0,0.665353,0.292374,0,0.66528,12.849,1,0.63906,0.36288,0,26.7463,5.78863,20.6815,0.84672,12.849,0.84672,3695.15,0,36.966,0.42336,0.91457,2.00556,4.49144,1.41875,5.56946,0.42336,36.966,0.42336,423.524,0,1.02816,0,0,1.94273,0.91457,1.028160,1,0,26.251,0,0,0,26.251,0
49.4,2.55156,0,0,0.575018,0.0854348,0.36288,3.6288,57.1094,0.66528,0,0,0.460729,0.301067,0,0.66528,12.849,1,0.632612,0.36288,0,10.2382,5.39417,4.57433,0.84672,12.849,0.84672,3695.15,0,36.966,0.42336,0.317537,2.00562,2.36055,1.34593,2.91442,0.42336,36.966,0.42336,423.524,0,1.02816,0,0,1.3457,0.317537,1.028160,1,0,7.48875,0,0,0,7.48875,0
46.9142,2.52716,0,0,0.487572,0.0832847,0.36288,3.6288,55.8607,1.19871,0,0,0.250135,0.300082,0,0.66528,12.849,1,0.657318,0.36288,0,10.2239,5.39417,4.53528,0.84672,12.849,0.84672,3695.15,0,36.966,0.42336,0.216518,1.9844,1.74599,1.34593,2.17762,0.42336,36.966,0.42336,423.524,0,0.494726,0,0,0.711245,0.216518,1.028160,1,0,6.7129,0,0,0,6.7129,0
44.5123,2.50006,0,0,0.573153,0.112179,0.36288,3.6288,54.6657,1.18075,0,0,0.254133,0.26837,0,0.66528,12.849,1,0.684723,0.36288,0,10.2985,4.97891,4.99779,0.84672,12.849,0.84672,3695.15,0,36.966,0.42336,0.216518,1.98446,1.82336,1.21613,2.38485,0.42336,36.966,0.42336,423.524,0,0.512689,0,0,0.729207,0.216518,1.028160,1,0,7.38263,0,0,0,7.38263,0
43.1076,2.47162,0,0,1.61478,0.184938,0.36288,3.6288,54.3756,0.713431,0,0,0.616937,0.193647,0,0.66528,12.849,1,0.713463,0.36288,0,32.9055,3.94075,28.6142,0.84672,12.849,0.84672,3695.15,0,36.966,0.42336,0.216518,1.98452,4.85325,0.891643,5.73928,0.42336,36.966,0.42336,423.524,0,0.980009,0,0,1.19653,0.216518,1.028160,1,0,34.3535,0,0,0,34.3535,0
42.7441,2.38213,0,0,2.6002,0.218729,0.36288,3.6288,54.2519,0.66528,0,0,0.778713,0.237151,0,0.66528,12.849,1,0.710036,0.36288,0,39.6204,4.12045,35.1528,0.84672,12.849,0.84672,3695.15,0,36.966,0.42336,0.66776,1.98457,6.89363,1.06835,8.05426,0.42336,36.966,0.42336,423.524,0,1.02816,0,0,1.69592,0.66776,1.028160,1,0,43.2071,0,0,0,43.2071,0
41.7818,2.37771,0,0,2.01073,0.232446,0.36288,3.6288,53.9116,0.66528,0,0,0.579506,0.254493,0,0.66528,12.849,1,0.714748,0.36288,0,31.7447,4.19234,27.2005,0.84672,12.849,0.84672,3695.15,0,36.966,0.42336,0.723254,1.96716,3.88354,1.13903,5.01157,0.42336,36.966,0.42336,423.524,0,1.02816,0,0,1.75141,0.723254,1.028160,1,0,32.2121,0,0,0,32.2121,0
39.9992,2.36535,0,0,1.17548,0.229856,0.36288,3.6288,53.2317,0.804323,0,0,0.378318,0.25392,0,0.66528,12.849,1,0.727407,0.36288,0,15.7191,4.19234,11.1622,0.84672,12.849,0.84672,3695.15,0,36.966,0.42336,0.292723,1.96722,2.76134,1.13903,3.4589,0.42336,36.966,0.42336,423.524,0,0.889117,0,0,1.18184,0.292723,1.028160,1,0,14.6211,0,0,0,14.6211,0
38.9034,2.34104,0,0,1.83323,0.22506,0.36288,3.6288,52.8748,0.66528,0,0,0.560944,0.252576,0,0.66528,12.849,1,0.752015,0.36288,0,26.79,4.19234,22.2086,0.84672,12.849,0.84672,3695.15,0,36.966,0.42336,0.645814,1.96727,5.82924,1.13903,6.87993,0.42336,36.966,0.42336,423.524,0,1.02816,0,0,1.67397,0.645814,1.028160,1,0,29.0885,0,0,0,29.0885,0
39.1093,1.92908,0,0,2.73176,0.233936,0.36288,3.6288,52.4445,0.66528,0,0,0.471259,0.236249,0,0.66528,12.849,1,0.637136,0.36288,0,40.0321,3.88157,35.8762,0.84672,12.849,0.84672,3695.15,0,36.966,0.42336,0.517864,1.96733,7.18715,1.02714,8.22184,0.42336,36.966,0.42336,423.524,0,1.02816,0,0,1.54602,0.517864,1.028160,1,0,44.0981,0,0,0,44.0981,0
40.0505,1.93179,0,0,3.44468,0.208788,0.36288,3.6288,52.1617,0.66528,0,0,0.613129,0.230675,0,0.66528,12.849,1,0.634673,0.36288,0,63.1154,3.96763,58.8759,0.84672,12.849,0.84672,3695.15,0,36.966,0.42336,0.550947,1.8686,9.61226,0.95063,10.6578,0.42336,36.966,0.42336,423.524,0,1.02816,0,0,1.57911,0.550947,1.028160,1,0,69.5338,0,0,0,69.5338,0
41.1629,1.94328,0,0,3.62967,0.211085,0.36288,3.6288,53.4074,0.66528,0,0,2.14113,0.230151,0,0.66528,12.849,1,0.623442,0.36288,0,86.6065,3.96763,82.3783,0.84672,12.849,0.84672,3695.15,0,36.966,0.42336,3.00074,1.86865,13.2292,0.95063,16.7246,0.42336,36.966,0.42336,423.524,0,1.02816,0,0,4.0289,3.00074,1.028160,1,0,99.1029,0,0,0,99.1029,0
41.5832,1.95631,0,0,2.97867,0.239177,0.36288,3.6288,53.4318,0.66528,0,0,0.919227,0.229519,0,0.66528,12.849,1,0.610661,0.36288,0,52.0864,4.46924,47.3694,0.84672,12.849,0.84672,3695.15,0,36.966,0.42336,1.18929,1.86869,7.67315,1.1615,9.14627,0.42336,36.966,0.42336,423.524,0,1.02816,0,0,2.21745,1.18929,1.028160,1,0,56.5157,0,0,0,56.5157,0
40.9557,1.96122,0,0,1.95603,0.259421,0.36288,3.6288,53.1224,0.66528,0,0,0.58319,0.227358,0,0.66528,12.849,1,0.606005,0.36288,0,31.2181,4.84544,26.1296,0.84672,12.849,0.84672,3695.15,0,36.966,0.42336,0.584297,1.86874,5.95347,1.31965,6.66349,0.42336,36.966,0.42336,423.524,0,1.02816,0,0,1.61246,0.584297,1.028160,1,0,32.7931,0,0,0,32.7931,0
43.8253,2.02565,0,0,5.45853,0.20045,0.36288,3.6288,54.5973,0.66528,0,0,2.30634,0.166075,0,0.66528,12.849,1,0.635505,0.36288,0,99.0757,3.9754,94.8277,0.84672,12.849,0.84672,3695.15,0,36.966,0.42336,2.32364,1.86879,15.4623,0.920878,18.3105,0.42336,36.966,0.42336,423.524,0,1.02816,0,0,3.3518,2.32364,1.028160,1,0,113.138,0,0,0,113.138,0
43.9498,2.05801,0,0,2.75263,0.207249,0.36288,3.6288,54.8696,0.66528,0,0,1.10539,0.167865,0,0.66528,12.849,1,0.603381,0.36288,0,83.0356,3.9754,78.8197,0.84672,12.849,0.84672,3695.15,0,36.966,0.42336,1.58566,1.88639,10.0075,0.920878,12.1353,0.42336,36.966,0.42336,423.524,0,1.02816,0,0,2.61382,1.58566,1.028160,1,0,90.9549,0,0,0,90.9549,0
43.5972,2.05951,0,0,2.27738,0.207544,0.36288,3.6288,54.9976,0.66528,0,0,0.961494,0.168166,0,0.66528,12.849,1,0.602111,0.36288,0,68.0806,3.9754,63.866,0.84672,12.849,0.84672,3695.15,0,36.966,0.42336,1.22511,1.88643,7.83043,0.920878,9.59774,0.42336,36.966,0.42336,423.524,0,1.02816,0,0,2.25327,1.22511,1.028160,1,0,73.4637,0,0,0,73.4637,0
43.3765,2.05593,0,0,2.45546,0.257419,0.36288,3.6288,55.3791,0.66528,0,0,1.2165,0.169732,0,0.66528,12.849,1,0.605925,0.36288,0,62.559,4.1707,58.1452,0.84672,12.849,0.84672,3695.15,0,36.966,0.42336,1.36433,1.88648,8.33674,0.991746,10.1724,0.42336,36.966,0.42336,423.524,0,1.02816,0,0,2.39249,1.36433,1.028160,1,0,68.3176,0,0,0,68.3176,0
43.4949,2.2859,0,0,3.03457,0.267323,0.36288,3.6288,55.7143,0.66528,0,0,1.13917,0.138725,0,0.66528,12.849,1,0.677131,0.36288,0,112.768,3.73433,108.72,0.84672,12.849,0.84672,3695.15,0,36.966,0.42336,1.2924,1.88652,10.0169,0.81946,11.953,0.42336,36.966,0.42336,423.524,0,1.02816,0,0,2.32056,1.2924,1.028160,1,0,120.673,0,0,0,120.673,0
44.0533,2.28752,0,0,3.481,0.272252,0.36288,3.6288,55.6237,0.870264,0,0,0.89958,0.119922,0,0.66528,12.849,1,0.675766,0.36288,0,84.0007,3.56549,80.1223,0.84672,12.849,0.84672,3695.15,0,36.966,0.42336,0.503194,1.94296,10.5886,0.817306,11.7941,0.42336,36.966,0.42336,423.524,0,0.823176,0,0,1.32637,0.503194,1.028160,1,0,91.9164,0,0,0,91.9164,0
45.736,2.29435,0,0,4.61196,0.272003,0.36288,3.6288,56.1891,0.66528,0,0,1.3559,0.125184,0,0.66528,12.849,1,0.669193,0.36288,0,121.503,3.69652,117.501,0.84672,12.849,0.84672,3695.15,0,36.966,0.42336,1.15083,1.94301,12.2289,0.858302,14.0411,0.42336,36.966,0.42336,423.524,0,1.02816,0,0,2.17899,1.15083,1.028160,1,0,131.542,0,0,0,131.542,0
47.9153,2.31377,0,0,5.12101,0.265029,0.36288,3.6288,57.1531,0.66528,0,0,1.78701,0.157771,0,0.66528,12.849,1,0.650028,0.36288,0,124.07,4.48276,119.3,0.84672,12.849,0.84672,3695.15,0,36.966,0.42336,2.32359,1.94306,15.0436,1.10428,17.7826,0.42336,36.966,0.42336,423.524,0,1.02816,0,0,3.35175,2.32359,1.028160,1,0,137.083,0,0,0,137.083,0
51.3442,1.99871,0,0,6.04885,0.258427,0.36288,3.6288,58.6509,0.66528,0,0,2.32686,0.16372,0,0.66528,12.849,1,0.535974,0.36288,0,129.366,4.2385,124.954,0.84672,12.849,0.84672,3695.15,0,36.966,0.42336,2.78523,1.94311,14.3619,1.0704,17.5965,0.42336,36.966,0.42336,423.524,0,1.02816,0,0,3.81339,2.78523,1.028160,1,0,142.551,0,0,0,142.551,0
52.2544,2.02752,0,0,3.55857,0.25789,0.36288,3.6288,59.6443,0.66528,0,0,1.82775,0.169066,0,0.66528,12.849,1,0.50739,0.36288,0,91.9477,4.05531,87.7479,0.84672,12.849,0.84672,3695.15,0,36.966,0.42336,1.59242,1.86269,10.6351,1.04499,12.6219,0.42336,36.966,0.42336,423.524,0,1.02816,0,0,2.62058,1.59242,1.028160,1,0,100.37,0,0,0,100.37,0
54.4122,2.03479,0,0,4.81573,0.260338,0.36288,3.6288,61.308,0.66528,0,0,2.54678,0.170146,0.0476993,0.66528,12.849,1,0.50034,0.36288,0,144.394,4.05531,140.202,0.84672,12.849,0.84672,3695.15,0,36.966,0.42336,2.84012,1.86273,13.3655,1.04499,16.6,0.42336,36.966,0.42336,423.524,0,1.02816,0,0,3.86828,2.84012,1.028160,1,0,156.849,0,0,0,156.849,0
57.747,2.05102,0,0,6.01138,0.262624,0.36288,3.6288,61.308,0.66528,0,0,2.79288,0.137591,1.99001,0.66528,12.849,1,0.484332,0.36288,0,189.177,3.51738,185.538,0.84672,12.849,0.84672,3695.15,0,36.966,0.42336,3.5235,1.86277,17.7634,0.952862,21.7735,0.42336,36.966,0.42336,423.524,0,1.02816,0,0,4.55166,3.5235,1.028160,1,0,209.302,0,0,0,209.302,0
60.5623,2.07408,0,0,5.52123,0.268979,0.36288,3.6288,61.308,0.66528,0,0,2.39718,0.14091,1.59099,0.66528,12.849,1,0.461494,0.36288,0,203.642,3.48645,200.057,0.84672,12.849,0.84672,3695.15,0,36.966,0.42336,3.52763,1.86281,13.2996,0.947734,17.319,0.42336,36.966,0.42336,423.524,0,1.02816,0,0,4.55579,3.52763,1.028160,1,0,218.967,0,0,0,218.967,0
62.6465,2.18116,0,0,4.89287,0.26466,0.36288,3.6288,61.308,0.66528,0,0,2.03742,0.195183,1.17696,0.66528,12.849,1,0.462759,0.36288,0,157.601,3.8388,153.663,0.84672,12.849,0.84672,3695.15,0,36.966,0.42336,3.50513,1.86286,14.3288,1.0091,18.2644,0.42336,36.966,0.42336,423.524,0,1.02816,0,0,4.53329,3.50513,1.028160,1,0,173.104,0,0,0,173.104,0
65.0487,2.19413,0,0,5.2285,0.269254,0.36288,3.6288,61.308,0.66528,0,0,3.68286,0.195183,2.8224,0.66528,12.849,1,0.450023,0.36288,0,154.57,3.8388,150.644,0.84672,12.849,0.84672,3695.15,0,36.966,0.42336,5.4178,1.88316,17.5567,1.0091,23.4252,0.42336,36.966,0.42336,423.524,0,1.02816,0,0,6.44596,5.4178,1.028160,1,0,176.891,0,0,0,176.891,0
68.3971,2.2082,0,0,6.19405,0.274549,0.36288,3.6288,61.308,0.66528,0,0,2.46721,0.195183,1.60675,0.66528,12.849,1,0.436184,0.36288,0,141.794,3.8388,137.882,0.84672,12.849,0.84672,3695.15,0,36.966,0.42336,4.21408,1.8832,14.3974,1.0091,19.0623,0.42336,36.966,0.42336,423.524,0,1.02816,0,0,5.24224,4.21408,1.028160,1,0,158.551,0,0,0,158.551,0
70.3381,2.22637,0,0,4.81214,0.28193,0.36288,3.6288,61.308,0.66528,0,0,1.89424,0.195183,1.03378,0.66528,12.849,1,0.418244,0.36288,0,119.151,3.8388,115.257,0.84672,12.849,0.84672,3695.15,0,36.966,0.42336,3.26818,1.88325,12.2542,1.0091,15.9732,0.42336,36.966,0.42336,423.524,0,1.02816,0,0,4.29634,3.26818,1.028160,1,0,132.264,0,0,0,132.264,0
72.0804,2.20057,0,0,4.54011,0.234325,0.36288,3.6288,61.308,0.66528,0,0,2.69489,0.218884,1.81072,0.66528,12.849,1,0.401989,0.36288,0,101.733,4.02076,97.6727,0.84672,12.849,0.84672,3695.15,0,36.966,0.42336,3.65297,1.88329,12.9057,1.05073,16.9678,0.42336,36.966,0.42336,423.524,0,1.02816,0,0,4.68113,3.65297,1.028160,1,0,116.451,0,0,0,116.451,0
72.29,2.20901,0,0,3.86862,0.24798,1.20205,3.6288,61.308,0.66528,0,0,1.68105,0.217239,0.798531,0.66528,12.849,1,0.393777,1.20205,0,121.261,4.04523,118.024,0.84672,12.849,0.84672,3695.15,0,36.966,0.42336,2.24165,1.87541,8.55455,1.05005,11.1982,0.42336,36.966,0.42336,423.524,0,1.02816,0,0,3.26981,2.24165,1.028160,1,0,130.02,0,0,0,130.02,0
72.29,2.21018,0,0,3.27523,0.248375,0.816673,3.6288,61.308,0.66528,0,0,1.38117,0.217239,0.498654,0.66528,12.849,1,0.392842,0.816673,0,85.6362,4.04523,82.0148,0.84672,12.849,0.84672,3695.15,0,36.966,0.42336,2.43189,1.87545,8.48863,1.05005,11.3226,0.42336,36.966,0.42336,423.524,0,1.02816,0,0,3.46005,2.43189,1.028160,1,0,93.836,0,0,0,93.836,0
72.29,2.43583,0,0,3.12116,0.248375,0.436952,3.6288,61.308,0.66528,0,0,1.14789,0.217239,0.265374,0.66528,12.849,1,0.43295,0.436952,0,66.3984,4.04523,62.3572,0.84672,12.849,0.84672,3695.15,0,36.966,0.42336,1.63663,1.8755,7.27091,1.05005,9.30963,0.42336,36.966,0.42336,423.524,0,1.02816,0,0,2.66479,1.63663,1.028160,1,0,71.9322,0,0,0,71.9322,0
71.9902,2.56865,0,0,2.82191,0.190228,0.36288,3.6288,61.308,0.66528,0,0,1.12599,0.254631,0.206079,0.66528,12.849,1,0.456558,0.36288,0,65.9102,4.5288,61.2877,0.84672,12.849,0.84672,3695.15,0,36.966,0.42336,1.55167,1.9253,7.30192,1.20613,9.14941,0.42336,36.966,0.42336,423.524,0,1.02816,0,0,2.57983,1.55167,1.028160,1,0,70.6432,0,0,0,70.6432,0
71.9446,2.33122,0,0,2.79317,0.144592,0.36288,3.6288,61.308,0.66528,0,0,1.18934,0.274921,0.249139,0.66528,12.849,1,0.416082,0.36288,0,70.4981,4.92393,65.5209,0.84672,12.849,0.84672,3695.15,0,36.966,0.42336,1.42539,1.95461,7.58134,1.25375,9.28424,0.42336,36.966,0.42336,423.524,0,1.02816,0,0,2.45355,1.42539,1.028160,1,0,75.0543,0,0,0,75.0543,0
71.4731,2.56723,0,0,2.58522,0.12661,0.36288,3.6288,61.308,0.66528,0,0,1.10027,0.270086,0.164903,0.66528,12.849,1,0.458497,0.36288,0,67.0956,4.9644,62.0356,0.84672,12.849,0.84672,3695.15,0,36.966,0.42336,1.21764,1.90253,7.02363,1.23934,8.48111,0.42336,36.966,0.42336,423.524,0,1.02816,0,0,2.2458,1.21764,1.028160,1,0,70.6816,0,0,0,70.6816,0
70.8814,2.56489,0,0,2.46217,0.126156,0.36288,3.6288,61.308,0.66528,0,0,1.10995,0.270086,0.17458,0.66528,12.849,1,0.4611,0.36288,0,56.3656,4.9644,51.303,0.84672,12.849,0.84672,3695.15,0,36.966,0.42336,1.4831,1.95471,6.42894,1.23934,8.20405,0.42336,36.966,0.42336,423.524,0,1.02816,0,0,2.51126,1.4831,1.028160,1,0,59.6816,0,0,0,59.6816,0
70.2417,2.56185,0,0,2.41178,0.126677,0.36288,3.6288,61.308,0.66528,0,0,1.04185,0.27092,0.105655,0.66528,12.849,1,0.464399,0.36288,0,53.0297,5.02056,47.9076,0.84672,12.849,0.84672,3695.15,0,36.966,0.42336,1.32818,1.95476,5.81479,1.24555,7.42882,0.42336,36.966,0.42336,423.524,0,1.02816,0,0,2.35634,1.32818,1.028160,1,0,55.4421,0,0,0,55.4421,0
69.8293,2.53238,0,0,2.61128,0.128408,0.36288,3.6288,61.308,0.66528,0,0,0.96425,0.281814,0.0171562,0.66528,12.849,1,0.463237,0.36288,0,47.8906,5.36385,42.4264,0.84672,12.849,0.84672,3695.15,0,36.966,0.42336,1.0349,1.95481,4.48318,1.30237,5.74716,0.42336,36.966,0.42336,423.524,0,1.02816,0,0,2.06306,1.0349,1.028160,1,0,48.1907,0,0,0,48.1907,0
69.3002,2.53029,0,0,2.46712,0.103083,0.36288,3.6288,61.2333,0.66528,0,0,0.90777,0.317182,0,0.66528,12.849,1,0.465587,0.36288,0,45.55,5.40183,40.0455,0.84672,12.849,0.84672,3695.15,0,36.966,0.42336,0.965978,1.94907,4.58951,1.41953,5.66166,0.42336,36.966,0.42336,423.524,0,1.02816,0,0,1.99414,0.965978,1.028160,1,0,45.7071,0,0,0,45.7071,0
68.6547,2.52751,0,0,2.34752,0.102661,0.36288,3.6288,61.0955,0.66528,0,0,0.844456,0.317032,0,0.66528,12.849,1,0.468626,0.36288,0,41.2908,5.40183,35.7832,0.84672,12.849,0.84672,3695.15,0,36.966,0.42336,0.893704,1.94912,4.37003,1.41953,5.36996,0.42336,36.966,0.42336,423.524,0,1.02816,0,0,1.92186,0.893704,1.028160,1,0,41.1532,0,0,0,41.1532,0
67.8325,2.52401,0,0,2.16684,0.102147,0.36288,3.6288,60.8686,0.66528,0,0,0.755153,0.316755,0,0.66528,12.849,1,0.472379,0.36288,0,39.0731,5.40183,33.5618,0.84672,12.849,0.84672,3695.15,0,36.966,0.42336,0.798042,1.94916,4.0876,1.41953,4.99192,0.42336,36.966,0.42336,423.524,0,1.02816,0,0,1.8262,0.798042,1.028160,1,0,38.5537,0,0,0,38.5537,0
66.8745,2.58652,0,0,2.0837,0.09231,0.36288,3.6288,60.513,0.66528,0,0,0.624089,0.31442,0,0.66528,12.849,1,0.489945,0.36288,0,40.3872,5.64348,34.6166,0.84672,12.849,0.84672,3695.15,0,36.966,0.42336,0.647248,1.94921,3.72875,1.43677,4.46508,0.42336,36.966,0.42336,423.524,0,1.02816,0,0,1.67541,0.647248,1.028160,1,0,39.0817,0,0,0,39.0817,0
65.681,2.58085,0,0,1.83819,0.0879706,0.36288,3.6288,60.0044,0.66528,0,0,0.469666,0.31296,0,0.66528,12.849,1,0.495875,0.36288,0,31.8728,5.74014,25.9997,0.84672,12.849,0.84672,3695.15,0,36.966,0.42336,0.63472,1.96422,3.48145,1.44366,4.21337,0.42336,36.966,0.42336,423.524,0,1.02816,0,0,1.66288,0.63472,1.028160,1,0,30.213,0,0,0,30.213,0
64.3569,2.57354,0,0,1.69952,0.0871398,0.36288,3.6288,59.4627,0.66528,0,0,0.435547,0.311949,0,0.66528,12.849,1,0.503455,0.36288,0,30.5632,5.74014,24.6825,0.84672,12.849,0.84672,3695.15,0,36.966,0.42336,0.432354,1.96427,3.02708,1.44366,3.55669,0.42336,36.966,0.42336,423.524,0,1.02816,0,0,1.46051,0.432354,1.028160,1,0,28.2392,0,0,0,28.2392,0
63.0846,2.56513,0,0,1.73727,0.0816118,0.36288,3.6288,58.9677,0.66528,0,0,0.483691,0.313432,0,0.66528,12.849,1,0.512133,0.36288,0,29.0687,5.81492,23.1045,0.84672,12.849,0.84672,3695.15,0,36.966,0.42336,0.629441,1.96432,3.74427,1.4586,4.45607,0.42336,36.966,0.42336,423.524,0,1.02816,0,0,1.6576,0.629441,1.028160,1,0,27.5606,0,0,0,27.5606,0
61.72,2.75101,0,0,1.81994,0.0706388,0.36288,3.6288,58.4739,0.66528,0,0,0.465915,0.294375,0,0.66528,12.849,1,0.560323,0.36288,0,28.4386,5.99628,22.2449,0.84672,12.849,0.84672,3695.15,0,36.966,0.42336,0.653685,1.96437,3.93098,1.51925,4.60642,0.42336,36.966,0.42336,423.524,0,1.02816,0,0,1.68185,0.653685,1.028160,1,0,26.8513,0,0,0,26.8513,0
60.4572,2.74099,0,0,1.90769,0.0665782,0.36288,3.6288,57.9112,0.66528,0,0,0.417725,0.315149,0,0.66528,12.849,1,0.570625,0.36288,0,29.9377,6.16959,23.5604,0.84672,12.849,0.84672,3695.15,0,36.966,0.42336,0.608178,2.00823,3.12435,1.55468,3.76273,0.42336,36.966,0.42336,423.524,0,1.02816,0,0,1.63634,0.608178,1.028160,1,0,27.3231,0,0,0,27.3231,0
58.8277,2.73139,0,0,1.53061,0.0658846,0.36288,3.6288,57.2604,0.66528,0,0,0.328472,0.314008,0,0.66528,12.849,1,0.580504,0.36288,0,35.2132,6.16959,28.826,0.84672,12.849,0.84672,3695.15,0,36.966,0.42336,0.284463,2.00829,2.59537,1.55468,2.91008,0.42336,36.966,0.42336,423.524,0,1.02816,0,0,1.31262,0.284463,1.028160,1,0,31.7361,0,0,0,31.7361,0
57.4942,2.71843,0,0,1.81272,0.0648737,0.36288,3.6288,56.7839,0.66528,0,0,0.501398,0.312688,0,0.66528,12.849,1,0.593752,0.36288,0,30.2243,6.16959,23.8238,0.84672,12.849,0.84672,3695.15,0,36.966,0.42336,0.946417,2.00834,3.50974,1.55468,4.48646,0.42336,36.966,0.42336,423.524,0,1.02816,0,0,1.97458,0.946417,1.028160,1,0,28.3103,0,0,0,28.3103,0
55.8711,2.7074,0,0,1.51452,0.0674038,0.36288,3.6288,56.1949,0.66528,0,0,0.367966,0.291628,0,0.66528,12.849,1,0.605059,0.36288,0,27.5813,5.61505,21.7241,0.84672,12.849,0.84672,3695.15,0,36.966,0.42336,0.529701,2.00839,3.63622,1.33881,4.41214,0.42336,36.966,0.42336,423.524,0,1.02816,0,0,1.55786,0.529701,1.028160,1,0,26.1362,0,0,0,26.1362,0
54.9337,2.60066,0,0,2.07708,0.0509056,0.36288,3.6288,55.9504,0.66528,0,0,0.686889,0.266093,0,0.66528,12.849,1,0.598089,0.36288,0,69.4579,6.64724,62.5755,0.84672,12.849,0.84672,3695.15,0,36.966,0.42336,2.35543,2.00844,5.67873,1.6076,8.01163,0.42336,36.966,0.42336,423.524,0,1.02816,0,0,3.38359,2.35543,1.028160,1,0,70.5871,0,0,0,70.5871,0
56.0675,2.59261,0,0,4.13968,0.0504305,0.36288,3.6288,56.1581,0.66528,0,0,1.13867,0.265668,0,0.66528,12.849,1,0.606412,0.36288,0,74.6003,6.64724,67.7095,0.84672,12.849,0.84672,3695.15,0,36.966,0.42336,5.53087,1.98714,9.28943,1.6076,14.7765,0.42336,36.966,0.42336,423.524,0,1.02816,0,0,6.55903,5.53087,1.028160,1,0,82.486,0,0,0,82.486,0
54.9112,2.60281,0,0,1.86042,0.0510051,0.36288,3.6288,55.8932,0.66528,0,0,0.666347,0.266029,0,0.66528,12.849,1,0.596487,0.36288,0,64.0615,6.64724,57.1807,0.84672,12.849,0.84672,3695.15,0,36.966,0.42336,2.54508,1.98719,5.0217,1.6076,7.523,0.42336,36.966,0.42336,423.524,0,1.02816,0,0,3.57324,2.54508,1.028160,1,0,64.7037,0,0,0,64.7037,0
54.0104,2.59285,0,0,2.10533,0.0504191,0.36288,3.6288,55.7434,0.66528,0,0,0.781101,0.265569,0,0.66528,12.849,1,0.606717,0.36288,0,51.4266,6.64724,44.5355,0.84672,12.849,0.84672,3695.15,0,36.966,0.42336,2.33538,1.98724,5.59193,1.6076,7.88359,0.42336,36.966,0.42336,423.524,0,1.02816,0,0,3.36354,2.33538,1.028160,1,0,52.4191,0,0,0,52.4191,0
54.8236,2.50929,0,0,3.84669,0.161307,0.36288,3.6288,55.7213,0.66528,0,0,0.87677,0.233615,0,0.66528,12.849,1,0.596957,0.36288,0,75.4583,4.71522,70.509,0.84672,12.849,0.84672,3695.15,0,36.966,0.42336,2.79217,1.98729,7.04191,1.20084,10.1972,0.42336,36.966,0.42336,423.524,0,1.02816,0,0,3.82033,2.79217,1.028160,1,0,80.7062,0,0,0,80.7062,0
53.8708,2.51668,0,0,2.08275,0.155987,0.36288,3.6288,56.3303,0.66528,0,0,1.47887,0.204617,0,0.66528,12.849,1,0.589834,0.36288,0,67.2926,3.91188,63.1538,0.84672,12.849,0.84672,3695.15,0,36.966,0.42336,3.07109,1.9698,7.5726,1.02777,11.1624,0.42336,36.966,0.42336,423.524,0,1.02816,0,0,4.09925,3.07109,1.028160,1,0,74.3162,0,0,0,74.3162,0
53.2551,2.50847,0,0,2.41016,0.154491,0.36288,3.6288,56.3082,0.66528,0,0,0.848609,0.205433,0,0.66528,12.849,1,0.598309,0.36288,0,68.1684,3.91188,64.0211,0.84672,12.849,0.84672,3695.15,0,36.966,0.42336,0.766256,1.96985,5.08525,1.02777,6.37023,0.42336,36.966,0.42336,423.524,0,1.02816,0,0,1.79442,0.766256,1.028160,1,0,70.3913,0,0,0,70.3913,0
53.1092,2.50312,0,0,2.89762,0.177486,0.36288,3.6288,56.8719,0.66528,0,0,1.46565,0.236594,0,0.66528,12.849,1,0.603933,0.36288,0,83.0553,4.6006,78.2136,0.84672,12.849,0.84672,3695.15,0,36.966,0.42336,2.65044,1.9699,8.75439,1.22199,11.7294,0.42336,36.966,0.42336,423.524,0,1.02816,0,0,3.6786,2.65044,1.028160,1,0,89.943,0,0,0,89.943,0
53.2411,2.28789,0,0,2.9536,0.170919,0.36288,3.6288,57.0776,0.66528,0,0,1.11329,0.242349,0,0.66528,12.849,1,0.553522,0.36288,0,94.9986,4.66142,90.1466,0.84672,12.849,0.84672,3695.15,0,36.966,0.42336,2.43881,1.96995,8.14968,1.24041,10.8947,0.42336,36.966,0.42336,423.524,0,1.02816,0,0,3.46697,2.43881,1.028160,1,0,101.041,0,0,0,101.041,0
52.0407,2.2892,0,0,1.63778,0.186183,0.36288,3.6288,56.7394,0.66528,0,0,0.536569,0.209453,0,0.66528,12.849,1,0.552465,0.36288,0,50.6876,4.10714,46.3909,0.84672,12.849,0.84672,3695.15,0,36.966,0.42336,1.26286,1.92017,6.68148,1.07219,8.36897,0.42336,36.966,0.42336,423.524,0,1.02816,0,0,2.29102,1.26286,1.028160,1,0,54.7598,0,0,0,54.7598,0
51.8847,2.27917,0,0,2.71053,0.22447,0.36288,3.6288,56.9641,0.66528,0,0,1.08834,0.19844,0,0.66528,12.849,1,0.562735,0.36288,0,98.9587,4.09395,94.6649,0.84672,12.849,0.84672,3695.15,0,36.966,0.42336,3.04772,1.92022,8.90041,1.05716,12.3878,0.42336,36.966,0.42336,423.524,0,1.02816,0,0,4.07588,3.04772,1.028160,1,0,107.053,0,0,0,107.053,0
56.1426,2.27801,0,0,7.12295,0.224108,0.36288,3.6288,57.4339,0.66528,0,0,1.33386,0.19873,0,0.66528,12.849,1,0.56414,0.36288,0,103.348,4.09395,99.053,0.84672,12.849,0.84672,3695.15,0,36.966,0.42336,3.73401,1.92026,10.9969,1.05716,15.1707,0.42336,36.966,0.42336,423.524,0,1.02816,0,0,4.76217,3.73401,1.028160,1,0,114.224,0,0,0,114.224,0
56.91,2.31303,0,0,3.68054,0.23721,0.36288,3.6288,57.5082,0.66528,0,0,0.934295,0.194759,0,0.66528,12.849,1,0.529369,0.36288,0,163.79,4.13922,159.484,0.84672,12.849,0.84672,3695.15,0,36.966,0.42336,2.59877,1.92031,9.27141,1.01864,12.3485,0.42336,36.966,0.42336,423.524,0,1.02816,0,0,3.62693,2.59877,1.028160,1,0,171.833,0,0,0,171.833,0
58.2984,2.40252,0,0,4.38301,0.229292,0.36288,3.6288,58.2762,0.66528,0,0,1.67211,0.238767,0,0.66528,12.849,1,0.542434,0.36288,0,115.239,4.75279,110.306,0.84672,12.849,0.84672,3695.15,0,36.966,0.42336,2.7082,1.92036,9.67084,1.0424,12.8336,0.42336,36.966,0.42336,423.524,0,1.02816,0,0,3.73636,2.7082,1.028160,1,0,123.14,0,0,0,123.14,0
60.1209,2.41329,0,0,4.8281,0.22942,0.36288,3.6288,59.2929,0.66528,0,0,1.93114,0.249229,0,0.66528,12.849,1,0.53189,0.36288,0,117.929,4.83619,112.924,0.84672,12.849,0.84672,3695.15,0,36.966,0.42336,2.97003,1.93957,10.321,1.06241,13.7448,0.42336,36.966,0.42336,423.524,0,1.02816,0,0,3.99819,2.97003,1.028160,1,0,126.669,0,0,0,126.669,0
61.8466,2.42676,0,0,4.74881,0.233485,0.36288,3.6288,60.3298,0.66528,0,0,1.95306,0.250862,0,0.66528,12.849,1,0.518645,0.36288,0,115.825,4.83619,110.833,0.84672,12.849,0.84672,3695.15,0,36.966,0.42336,2.93529,1.93962,11.0239,1.06241,14.413,0.42336,36.966,0.42336,423.524,0,1.02816,0,0,3.96345,2.93529,1.028160,1,0,125.246,0,0,0,125.246,0
64.5663,2.21394,0,0,5.50746,0.210882,0.36288,3.6288,61.2856,0.66528,0,0,1.89081,0.269721,0,0.66528,12.849,1,0.459959,0.36288,0,123.04,4.92606,118.017,0.84672,12.849,0.84672,3695.15,0,36.966,0.42336,3.07123,1.93966,12.625,1.17557,16.037,0.42336,36.966,0.42336,423.524,0,1.02816,0,0,4.09939,3.07123,1.028160,1,0,134.053,0,0,0,134.053,0
66.6773,2.731,0,0,5.39891,0.194107,0.36288,3.6288,61.308,0.66528,0,0,1.83738,0.277719,0.871969,0.66528,12.849,1,0.543481,0.36288,0,141.642,4.49976,136.961,0.84672,12.849,0.84672,3695.15,0,36.966,0.42336,3.38679,1.88878,12.4698,1.24023,16.0817,0.42336,36.966,0.42336,423.524,0,1.02816,0,0,4.41495,3.38679,1.028160,1,0,153.915,0,0,0,153.915,0
69.3182,2.74563,0,0,5.95424,0.204835,0.36288,3.6288,61.308,0.66528,0,0,2.5538,0.294729,1.59379,0.66528,12.849,1,0.529095,0.36288,0,155.125,4.23937,150.72,0.84672,12.849,0.84672,3695.15,0,36.966,0.42336,5.36122,2.00133,15.0644,1.30577,20.6979,0.42336,36.966,0.42336,423.524,0,1.02816,0,0,6.38938,5.36122,1.028160,1,0,173.011,0,0,0,173.011,0
71.0712,2.76285,0,0,5.08793,0.209122,0.36288,3.6288,61.308,0.66528,0,0,1.94759,0.294729,0.987576,0.66528,12.849,1,0.512128,0.36288,0,117.206,4.23937,112.817,0.84672,12.849,0.84672,3695.15,0,36.966,0.42336,2.28798,2.00137,8.79993,1.30577,11.3602,0.42336,36.966,0.42336,423.524,0,1.02816,0,0,3.31614,2.28798,1.028160,1,0,125.165,0,0,0,125.165,0
72.29,2.52111,0,0,5.69932,0.249369,1.71008,3.6288,61.308,0.66528,0,0,3.11432,0.244683,2.20436,0.66528,12.849,1,0.455793,1.71008,0,132.837,4.07935,130.011,0.84672,12.849,0.84672,3695.15,0,36.966,0.42336,2.57542,2.00142,12.6938,1.15883,15.6884,0.42336,36.966,0.42336,423.524,0,1.02816,0,0,3.60358,2.57542,1.028160,1,0,147.904,0,0,0,147.904,0
72.29,2.38305,0,0,4.80615,0.288039,2.13506,3.6288,61.308,0.66528,0,0,2.00095,0.242241,1.09343,0.66528,12.849,1,0.423569,2.13506,0,112.894,3.57207,111.034,0.84672,12.849,0.84672,3695.15,0,36.966,0.42336,2.94053,1.94556,12.6596,1.0224,16.0999,0.42336,36.966,0.42336,423.524,0,1.02816,0,0,3.96869,2.94053,1.028160,1,0,128.227,0,0,0,128.227,0
71.8381,2.38323,0,0,2.63069,0.336495,0.36288,3.6288,61.308,0.66528,0,0,1.29184,0.238984,0.387571,0.66528,12.849,1,0.423602,0.36288,0,68.8979,2.89569,65.9415,0.84672,12.849,0.84672,3695.15,0,36.966,0.42336,1.18829,1.91365,5.44689,0.840482,7.28499,0.42336,36.966,0.42336,423.524,0,1.02816,0,0,2.21645,1.18829,1.028160,1,0,73.6141,0,0,0,73.6141,0
72.2484,2.16014,0,0,3.26863,0.335341,0.36288,3.6288,61.308,0.66528,0,0,1.60952,0.238984,0.705256,0.66528,12.849,1,0.386363,0.36288,0,73.3039,2.89569,70.3847,0.84672,12.849,0.84672,3695.15,0,36.966,0.42336,1.59311,1.91369,5.92821,0.840482,8.17117,0.42336,36.966,0.42336,423.524,0,1.02816,0,0,2.62127,1.59311,1.028160,1,0,79.2612,0,0,0,79.2612,0
72.29,2.16217,0,0,6.84677,0.315366,4.32759,3.6288,61.308,0.66528,0,0,2.15376,0.277786,1.2107,0.66528,12.849,1,0.384531,4.32759,0,73.2348,4.14639,73.0315,0.84672,12.849,0.84672,3695.15,0,36.966,0.42336,3.03561,1.8649,14.1223,1.15606,17.4433,0.42336,36.966,0.42336,423.524,0,1.02816,0,0,4.06377,3.03561,1.028160,1,0,91.6855,0,0,0,91.6855,0
72.29,2.16253,0,0,4.19646,0.283744,1.75019,3.6288,61.308,0.66528,0,0,1.616,0.252789,0.697931,0.66528,12.849,1,0.384372,1.75019,0,168.173,4.67373,164.865,0.84672,12.849,0.84672,3695.15,0,36.966,0.42336,1.75505,1.86494,7.19202,1.21751,9.17114,0.42336,36.966,0.42336,423.524,0,1.02816,0,0,2.78321,1.75505,1.028160,1,0,174.734,0,0,0,174.734,0
72.29,2.25485,0,0,6.348,0.303507,3.78964,3.6288,61.308,0.66528,0,0,3.09575,0.184444,2.24602,0.66528,12.849,1,0.400782,3.78964,0,141.309,3.54018,141.158,0.84672,12.849,0.84672,3695.15,0,36.966,0.42336,4.99244,1.86498,13.0239,1.05341,18.4046,0.42336,36.966,0.42336,423.524,0,1.02816,0,0,6.0206,4.99244,1.028160,1,0,161.808,0,0,0,161.808,0
72.29,2.25502,0,0,5.02924,0.303507,2.47071,3.6288,61.308,0.66528,0,0,2.09679,0.184444,1.24707,0.66528,12.849,1,0.400813,2.47071,0,163.308,3.54018,161.838,0.84672,12.849,0.84672,3695.15,0,36.966,0.42336,3.05444,1.88535,8.85263,1.05341,12.3156,0.42336,36.966,0.42336,423.524,0,1.02816,0,0,4.0826,3.05444,1.028160,1,0,175.401,0,0,0,175.401,0
72.29,2.2552,0,0,4.03344,0.303507,1.47473,3.6288,61.308,0.66528,0,0,1.94773,0.184444,1.09801,0.66528,12.849,1,0.400845,1.47473,0,96.5174,3.54018,94.0511,0.84672,12.849,0.84672,3695.15,0,36.966,0.42336,2.73065,1.88539,7.55084,1.05341,10.6901,0.42336,36.966,0.42336,423.524,0,1.02816,0,0,3.75881,2.73065,1.028160,1,0,105.839,0,0,0,105.839,0
72.29,2.25537,0,0,4.10174,0.30826,1.5381,3.6288,61.308,0.66528,0,0,2.14602,0.208636,1.2721,0.66528,12.849,1,0.400876,1.5381,0,100.373,4.05196,97.4587,0.84672,12.849,0.84672,3695.15,0,36.966,0.42336,3.08619,1.88543,9.42564,1.09733,12.8766,0.42336,36.966,0.42336,423.524,0,1.02816,0,0,4.11435,3.08619,1.028160,1,0,111.607,0,0,0,111.607,0
72.289,2.21951,0,0,2.86159,0.280226,0.36288,3.6288,61.308,0.66528,0,0,1.46568,0.208667,0.591734,0.66528,12.849,1,0.394501,0.36288,0,64.9481,4.23627,60.6802,0.84672,12.849,0.84672,3695.15,0,36.966,0.42336,2.02865,1.88547,6.15908,1.10043,8.54941,0.42336,36.966,0.42336,423.524,0,1.02816,0,0,3.05681,2.02865,1.028160,1,0,69.8213,0,0,0,69.8213,0
71.7549,2.21968,0,0,2.31498,0.266475,0.36288,3.6288,61.308,0.66528,0,0,1.19089,0.195777,0.329828,0.66528,12.849,1,0.394536,0.36288,0,53.6946,4.03704,49.6259,0.84672,12.849,0.84672,3695.15,0,36.966,0.42336,1.55257,1.87755,6.62678,1.07825,8.55531,0.42336,36.966,0.42336,423.524,0,1.02816,0,0,2.58073,1.55257,1.028160,1,0,58.511,0,0,0,58.511,0
72.29,2.21736,0,0,3.66307,0.265395,0.645243,3.6288,61.308,0.66528,0,0,1.47836,0.195777,0.617298,0.66528,12.849,1,0.397058,0.645243,0,69.8477,4.03704,66.0588,0.84672,12.849,0.84672,3695.15,0,36.966,0.42336,1.9917,1.87759,5.76118,1.07825,8.12886,0.42336,36.966,0.42336,423.524,0,1.02816,0,0,3.01986,1.9917,1.028160,1,0,74.805,0,0,0,74.805,0
71.5702,2.44633,0,0,2.30259,0.213199,0.36288,3.6288,61.308,0.66528,0,0,1.24611,0.208273,0.37256,0.66528,12.849,1,0.434817,0.36288,0,55.1862,4.4163,50.6979,0.84672,12.849,0.84672,3695.15,0,36.966,0.42336,1.56129,1.87763,5.10189,1.00804,7.10941,0.42336,36.966,0.42336,423.524,0,1.02816,0,0,2.58945,1.56129,1.028160,1,0,58.1799,0,0,0,58.1799,0
70.8642,2.33902,0,0,2.1984,0.202459,0.36288,3.6288,61.308,0.66528,0,0,1.13432,0.208235,0.260805,0.66528,12.849,1,0.419925,0.36288,0,49.4789,4.42242,44.9994,0.84672,12.849,0.84672,3695.15,0,36.966,0.42336,1.31342,1.92762,4.87386,0.984387,6.70715,0.42336,36.966,0.42336,423.524,0,1.02816,0,0,2.34158,1.31342,1.028160,1,0,51.9673,0,0,0,51.9673,0
70.3033,2.33566,0,0,2.31522,0.177558,0.36288,3.6288,61.308,0.66528,0,0,1.1174,0.208139,0.243984,0.66528,12.849,1,0.423499,0.36288,0,51.7244,4.43772,47.2261,0.84672,12.849,0.84672,3695.15,0,36.966,0.42336,1.33529,1.90472,5.35677,0.925253,7.24817,0.42336,36.966,0.42336,423.524,0,1.02816,0,0,2.36345,1.33529,1.028160,1,0,54.7182,0,0,0,54.7182,0
69.2797,2.56907,0,0,2.08507,0.176794,0.36288,3.6288,61.308,0.66528,0,0,0.951134,0.208139,0.0777154,0.66528,12.849,1,0.469536,0.36288,0,48.4476,4.43772,43.9032,0.84672,12.849,0.84672,3695.15,0,36.966,0.42336,1.09649,1.90476,5.18858,0.925253,6.84121,0.42336,36.966,0.42336,423.524,0,1.02816,0,0,2.12465,1.09649,1.028160,1,0,50.8221,0,0,0,50.8221,0
68.1155,2.56341,0,0,1.91894,0.156833,0.36288,3.6288,61.308,0.66528,0,0,0.944205,0.227895,0.0510302,0.66528,12.849,1,0.475425,0.36288,0,45.3069,4.82898,40.3653,0.84672,12.849,0.84672,3695.15,0,36.966,0.42336,1.15492,1.95712,5.11301,1.03202,6.76967,0.42336,36.966,0.42336,423.524,0,1.02816,0,0,2.18308,1.15492,1.028160,1,0,47.186,0,0,0,47.186,0
66.8709,2.55677,0,0,1.81667,0.141616,0.36288,3.6288,61.2334,0.66528,0,0,0.833432,0.242712,0,0.66528,12.849,1,0.482298,0.36288,0,44.6178,5.12243,39.376,0.84672,12.849,0.84672,3695.15,0,36.966,0.42336,0.879708,1.95717,4.74974,1.1121,6.05115,0.42336,36.966,0.42336,423.524,0,1.02816,0,0,1.90787,0.879708,1.028160,1,0,45.4271,0,0,0,45.4271,0
66.1221,2.52342,0,0,2.28048,0.142906,0.36288,3.6288,61.2497,0.66528,0,0,0.932636,0.25111,0,0.66528,12.849,1,0.484866,0.36288,0,47.3151,5.02425,42.1689,0.84672,12.849,0.84672,3695.15,0,36.966,0.42336,1.09752,1.95721,5.41747,1.12001,6.92883,0.42336,36.966,0.42336,423.524,0,1.02816,0,0,2.12568,1.09752,1.028160,1,0,49.0977,0,0,0,49.0977,0
65.2064,2.51902,0,0,2.10816,0.142059,0.36288,3.6288,61.2349,0.66528,0,0,0.901644,0.251135,0,0.66528,12.849,1,0.489501,0.36288,0,47.0292,5.02425,41.8784,0.84672,12.849,0.84672,3695.15,0,36.966,0.42336,1.06156,1.95144,5.49329,1.12001,6.96293,0.42336,36.966,0.42336,423.524,0,1.02816,0,0,2.08972,1.06156,1.028160,1,0,48.8413,0,0,0,48.8413,0
64.1028,2.51347,0,0,1.91386,0.141024,0.36288,3.6288,61.1703,0.66528,0,0,0.851774,0.251112,0,0.66528,12.849,1,0.495282,0.36288,0,45.6316,5.02425,40.4749,0.84672,12.849,0.84672,3695.15,0,36.966,0.42336,0.856552,1.95149,5.16364,1.12001,6.42831,0.42336,36.966,0.42336,423.524,0,1.02816,0,0,1.88471,0.856552,1.028160,1,0,46.9032,0,0,0,46.9032,0
62.855,2.50655,0,0,1.75242,0.130847,0.36288,3.6288,61.0428,0.66528,0,0,0.810674,0.272928,0,0.66528,12.849,1,0.502423,0.36288,0,40.2412,5.30655,34.7951,0.84672,12.849,0.84672,3695.15,0,36.966,0.42336,0.779216,1.95153,5.01466,1.22305,6.099,0.42336,36.966,0.42336,423.524,0,1.02816,0,0,1.80738,0.779216,1.028160,1,0,40.8941,0,0,0,40.8941,0
61.4957,2.56498,0,0,1.67385,0.105261,0.36288,3.6288,60.8531,0.66528,0,0,0.795773,0.320134,0,0.66528,12.849,1,0.52434,0.36288,0,32.9966,5.96466,26.8705,0.84672,12.849,0.84672,3695.15,0,36.966,0.42336,0.556416,1.95157,4.47972,1.47045,5.0939,0.42336,36.966,0.42336,423.524,0,1.02816,0,0,1.58458,0.556416,1.028160,1,0,31.9644,0,0,0,31.9644,0
60.0069,2.55558,0,0,1.53214,0.102484,0.36288,3.6288,60.5457,0.66528,0,0,0.672097,0.314261,0,0.66528,12.849,1,0.533967,0.36288,0,39.3356,5.92893,33.2356,0.84672,12.849,0.84672,3695.15,0,36.966,0.42336,0.426678,1.96663,4.47475,1.46279,4.98191,0.42336,36.966,0.42336,423.524,0,1.02816,0,0,1.45484,0.426678,1.028160,1,0,38.2175,0,0,0,38.2175,0
58.4326,2.54487,0,0,1.43465,0.101186,0.36288,3.6288,60.1918,0.66528,0,0,0.625018,0.313649,0,0.66528,12.849,1,0.544921,0.36288,0,31.5824,5.92893,25.4714,0.84672,12.849,0.84672,3695.15,0,36.966,0.42336,0.399721,1.96667,4.03364,1.46279,4.51389,0.42336,36.966,0.42336,423.524,0,1.02816,0,0,1.42788,0.399721,1.028160,1,0,29.9853,0,0,0,29.9853,0
56.7433,2.53303,0,0,1.3062,0.0996627,0.36288,3.6288,59.7595,0.712688,0,0,0.593377,0.312944,0,0.66528,12.849,1,0.556998,0.36288,0,28.7831,5.92893,22.6601,0.84672,12.849,0.84672,3695.15,0,36.966,0.42336,0.227405,1.96672,3.76249,1.46279,4.07046,0.42336,36.966,0.42336,423.524,0,0.980752,0,0,1.20816,0.227405,1.028160,1,0,26.7305,0,0,0,26.7305,0
55.1203,2.71103,0,0,1.54489,0.0939547,0.36288,3.6288,59.5241,0.66528,0,0,0.73497,0.305075,0,0.66528,12.849,1,0.613888,0.36288,0,30.7342,6.07382,24.4094,0.84672,12.849,0.84672,3695.15,0,36.966,0.42336,0.657418,1.96676,5.7494,1.48614,6.46408,0.42336,36.966,0.42336,423.524,0,1.02816,0,0,1.68558,0.657418,1.028160,1,0,30.8735,0,0,0,30.8735,0
53.5242,2.69658,0,0,1.5628,0.099457,0.36288,3.6288,59.1917,0.66528,0,0,0.656286,0.323407,0,0.66528,12.849,1,0.628594,0.36288,0,35.4044,6.47608,28.6626,0.84672,12.849,0.84672,3695.15,0,36.966,0.42336,0.417614,2.01078,4.3844,1.47268,4.91676,0.42336,36.966,0.42336,423.524,0,1.02816,0,0,1.44577,0.417614,1.028160,1,0,33.5793,0,0,0,33.5793,0
52.0969,2.68166,0,0,1.71509,0.0978646,0.36288,3.6288,59.0141,0.66528,0,0,0.810406,0.322719,0,0.66528,12.849,1,0.643759,0.36288,0,45.5327,6.47608,38.7758,0.84672,12.849,0.84672,3695.15,0,36.966,0.42336,0.76807,2.01083,4.78282,1.47268,5.66568,0.42336,36.966,0.42336,423.524,0,1.02816,0,0,1.79623,0.76807,1.028160,1,0,44.4414,0,0,0,44.4414,0
50.3477,2.66772,0,0,1.37784,0.0964406,0.36288,3.6288,58.6127,0.66528,0,0,0.586162,0.322352,0,0.66528,12.849,1,0.657957,0.36288,0,44.4929,6.47608,37.7217,0.84672,12.849,0.84672,3695.15,0,36.966,0.42336,0.218886,2.01087,3.83956,1.47268,4.17328,0.42336,36.966,0.42336,423.524,0,1.02816,0,0,1.24705,0.218886,1.028160,1,0,41.895,0,0,0,41.895,0
48.9563,2.6497,0,0,1.71595,0.0946954,0.36288,3.6288,58.6277,0.66528,0,0,1.00184,0.321522,0,0.66528,12.849,1,0.676219,0.36288,0,40.6357,6.47608,33.8463,0.84672,12.849,0.84672,3695.15,0,36.966,0.42336,1.33077,2.01092,5.93681,1.47268,7.38246,0.42336,36.966,0.42336,423.524,0,1.02816,0,0,2.35893,1.33077,1.028160,1,0,41.2288,0,0,0,41.2288,0
47.3663,2.54406,0,0,1.42906,0.112115,0.36288,3.6288,58.2793,0.66528,0,0,0.656771,0.33993,0,0.66528,12.849,1,0.66771,0.36288,0,35.6291,6.16041,29.1639,0.84672,12.849,0.84672,3695.15,0,36.966,0.42336,0.634962,2.01097,5.73699,1.47481,6.48474,0.42336,36.966,0.42336,423.524,0,1.02816,0,0,1.66312,0.634962,1.028160,1,0,35.6486,0,0,0,35.6486,0
45.9623,2.52662,0,0,1.64503,0.159589,0.36288,3.6288,57.9391,0.66528,0,0,0.627852,0.30274,0,0.66528,12.849,1,0.685393,0.36288,0,30.6027,5.78571,24.4945,0.84672,12.849,0.84672,3695.15,0,36.966,0.42336,0.574214,1.98958,4.21893,1.36454,4.99482,0.42336,36.966,0.42336,423.524,0,1.02816,0,0,1.60237,0.574214,1.028160,1,0,29.4893,0,0,0,29.4893,0
45.492,2.51045,0,0,2.5602,0.157127,0.36288,3.6288,58.0127,0.66528,0,0,1.04099,0.302076,0,0.66528,12.849,1,0.70181,0.36288,0,49.7467,5.78571,43.6221,0.84672,12.849,0.84672,3695.15,0,36.966,0.42336,1.7323,1.98962,7.52558,1.36454,9.4596,0.42336,36.966,0.42336,423.524,0,1.02816,0,0,2.76046,1.7323,1.028160,1,0,53.0817,0,0,0,53.0817,0
44.8228,2.50498,0,0,2.35494,0.156302,0.36288,3.6288,58.0026,0.66528,0,0,0.957416,0.30222,0,0.66528,12.849,1,0.70752,0.36288,0,90.1333,5.78571,84.003,0.84672,12.849,0.84672,3695.15,0,36.966,0.42336,1.47957,1.98967,6.36091,1.36454,8.04225,0.42336,36.966,0.42336,423.524,0,1.02816,0,0,2.50773,1.47957,1.028160,1,0,92.0452,0,0,0,92.0452,0
44.1298,2.42396,0,0,2.31995,0.226069,0.36288,3.6288,57.8567,0.66528,0,0,0.727834,0.208504,0,0.66528,12.849,1,0.694858,0.36288,0,52.8063,4.84458,47.6297,0.84672,12.849,0.84672,3695.15,0,36.966,0.42336,0.906932,1.98971,5.03175,1.26322,6.24181,0.42336,36.966,0.42336,423.524,0,1.02816,0,0,1.93509,0.906932,1.028160,1,0,53.8715,0,0,0,53.8715,0
43.1559,2.41569,0,0,2.01023,0.205578,0.36288,3.6288,57.5997,0.66528,0,0,0.611384,0.203145,0,0.66528,12.849,1,0.703362,0.36288,0,48.4929,4.08392,44.0685,0.84672,12.849,0.84672,3695.15,0,36.966,0.42336,0.629251,1.97216,5.41899,1.16089,6.43615,0.42336,36.966,0.42336,423.524,0,1.02816,0,0,1.65741,0.629251,1.028160,1,0,50.5046,0,0,0,50.5046,0
42.8576,2.40364,0,0,2.71353,0.245292,0.36288,3.6288,57.4934,0.66528,0,0,0.725394,0.166406,0,0.66528,12.849,1,0.715648,0.36288,0,50.9836,3.47959,47.1512,0.84672,12.849,0.84672,3695.15,0,36.966,0.42336,0.611228,1.9722,6.62817,0.952097,7.83614,0.42336,36.966,0.42336,423.524,0,1.02816,0,0,1.63939,0.611228,1.028160,1,0,54.9874,0,0,0,54.9874,0
43.4343,2.4,0,0,3.58403,0.244449,0.36288,3.6288,57.5755,0.66528,0,0,0.913689,0.166292,0,0.66528,12.849,1,0.719535,0.36288,0,55.8423,3.47959,52.0061,0.84672,12.849,0.84672,3695.15,0,36.966,0.42336,0.95917,1.97224,7.97723,0.952097,9.53318,0.42336,36.966,0.42336,423.524,0,1.02816,0,0,1.98733,0.95917,1.028160,1,0,61.5392,0,0,0,61.5392,0
43.7168,2.20163,0,0,3.08945,0.242426,0.36288,3.6288,58.0535,0.66528,0,0,1.31726,0.173939,0,0.66528,12.849,1,0.651299,0.36288,0,92.2543,3.60903,88.3568,0.84672,12.849,0.84672,3695.15,0,36.966,0.42336,0.841294,1.97229,9.91241,0.975937,11.3267,0.42336,36.966,0.42336,423.524,0,1.02816,0,0,1.86945,0.841294,1.028160,1,0,99.6835,0,0,0,99.6835,0
42.9913,2.20505,0,0,2.06365,0.221226,0.36288,3.6288,58.1159,0.66528,0,0,0.947661,0.219972,0,0.66528,12.849,1,0.648096,0.36288,0,82.3185,4.38564,77.6476,0.84672,12.849,0.84672,3695.15,0,36.966,0.42336,1.20885,1.92233,10.5871,1.11898,12.176,0.42336,36.966,0.42336,423.524,0,1.02816,0,0,2.23701,1.20885,1.028160,1,0,89.8236,0,0,0,89.8236,0
43.6656,1.99333,0,0,3.24991,0.219389,0.36288,3.6288,59.2646,0.66528,0,0,2.03396,0.22006,0,0.66528,12.849,1,0.595754,0.36288,0,110.659,4.38564,106.04,0.84672,12.849,0.84672,3695.15,0,36.966,0.42336,2.99927,1.92237,11.6665,1.11898,15.0458,0.42336,36.966,0.42336,423.524,0,1.02816,0,0,4.02743,2.99927,1.028160,1,0,121.086,0,0,0,121.086,0
44.223,2.00059,0,0,3.12779,0.206925,0.36288,3.6288,59.1398,0.66528,0,0,0.754893,0.214377,0,0.66528,12.849,1,0.588691,0.36288,0,72.0462,4.00614,67.8142,0.84672,12.849,0.84672,3695.15,0,36.966,0.42336,0.95669,1.87288,7.91338,1.05608,9.26351,0.42336,36.966,0.42336,423.524,0,1.02816,0,0,1.98485,0.95669,1.028160,1,0,77.0778,0,0,0,77.0778,0
44.8342,2.0065,0,0,3.18306,0.202541,0.36288,3.6288,59.8345,0.66528,0,0,1.57129,0.211282,0,0.66528,12.849,1,0.582987,0.36288,0,60.979,3.85434,56.9046,0.84672,12.849,0.84672,3695.15,0,36.966,0.42336,1.31331,1.87292,9.28549,1.03092,11.0174,0.42336,36.966,0.42336,423.524,0,1.02816,0,0,2.34147,1.31331,1.028160,1,0,67.922,0,0,0,67.922,0
46.6448,2.01267,0,0,4.37776,0.191611,0.36288,3.6288,61.308,0.66528,0,0,2.40862,0.208421,0.0614413,0.66528,12.849,1,0.57681,0.36288,0,104.197,3.72924,100.253,0.84672,12.849,0.84672,3695.15,0,36.966,0.42336,2.8176,1.87296,11.9194,0.92245,15.2641,0.42336,36.966,0.42336,423.524,0,1.02816,0,0,3.84576,2.8176,1.028160,1,0,115.579,0,0,0,115.579,0
47.9021,2.10438,0,0,3.9414,0.216809,0.36288,3.6288,61.308,0.66528,0,0,2.26046,0.240844,1.35433,0.66528,12.849,1,0.579683,0.36288,0,97.594,4.36491,93.0123,0.84672,12.849,0.84672,3695.15,0,36.966,0.42336,2.86434,1.87296,11.413,1.09297,14.634,0.42336,36.966,0.42336,423.524,0,1.02816,0,0,3.8925,2.86434,1.028160,1,0,109.001,0,0,0,109.001,0
49.4458,2.11652,0,0,4.24735,0.224275,0.36288,3.6288,61.308,0.66528,0,0,2.39549,0.246177,1.48403,0.66528,12.849,1,0.567724,0.36288,0,101.346,4.4792,96.6623,0.84672,12.849,0.84672,3695.15,0,36.966,0.42336,3.08845,1.89068,11.8803,1.12862,15.3075,0.42336,36.966,0.42336,423.524,0,1.02816,0,0,4.11661,3.08845,1.028160,1,0,113.454,0,0,0,113.454,0
50.9017,2.13073,0,0,4.1776,0.228057,0.36288,3.6288,61.308,0.66528,0,0,2.42268,0.246177,1.51122,0.66528,12.849,1,0.553693,0.36288,0,99.5397,4.4792,94.8697,0.84672,12.849,0.84672,3695.15,0,36.966,0.42336,3.05267,1.89072,12.6894,1.12862,16.0808,0.42336,36.966,0.42336,423.524,0,1.02816,0,0,4.08083,3.05267,1.028160,1,0,112.462,0,0,0,112.462,0
52.7182,2.14352,0,0,4.55978,0.2369,0.36288,3.6288,61.308,0.66528,0,0,2.78856,0.238683,1.8846,0.66528,12.849,1,0.541085,0.36288,0,88.0658,4.25109,83.6365,0.84672,12.849,0.84672,3695.15,0,36.966,0.42336,3.43416,1.89075,12.7895,1.10554,16.5855,0.42336,36.966,0.42336,423.524,0,1.02816,0,0,4.46232,3.43416,1.028160,1,0,102.107,0,0,0,102.107,0
54.0916,2.40241,0,0,4.42149,0.282741,0.36288,3.6288,61.308,0.66528,0,0,2.40636,0.199762,1.54132,0.66528,12.849,1,0.58554,0.36288,0,82.6459,3.57599,78.8473,0.84672,12.849,0.84672,3695.15,0,36.966,0.42336,2.38948,1.89079,11.287,0.915825,14.228,0.42336,36.966,0.42336,423.524,0,1.02816,0,0,3.41764,2.38948,1.028160,1,0,94.6166,0,0,0,94.6166,0
54.2131,2.41459,0,0,3.18565,0.286733,0.36288,3.6288,61.308,0.66528,0,0,1.39039,0.199762,0.52535,0.66528,12.849,1,0.573564,0.36288,0,59.5229,3.57599,55.7363,0.84672,12.849,0.84672,3695.15,0,36.966,0.42336,1.21386,1.94763,9.21914,0.915825,11.0414,0.42336,36.966,0.42336,423.524,0,1.02816,0,0,2.24202,1.21386,1.028160,1,0,67.3031,0,0,0,67.3031,0
54.234,2.41579,0,0,3.03675,0.237133,0.36288,3.6288,61.308,0.66528,0,0,1.64738,0.216494,0.765606,0.66528,12.849,1,0.572564,0.36288,0,80.4044,3.68414,76.5106,0.84672,12.849,0.84672,3695.15,0,36.966,0.42336,1.70001,1.94767,9.83146,1.03108,12.0247,0.42336,36.966,0.42336,423.524,0,1.02816,0,0,2.72817,1.70001,1.028160,1,0,89.3009,0,0,0,89.3009,0
56.3967,2.41613,0,0,5.18733,0.245691,0.36288,3.6288,61.308,0.66528,0,0,2.05449,0.204973,1.18424,0.66528,12.849,1,0.572424,0.36288,0,103.073,3.52808,99.335,0.84672,12.849,0.84672,3695.15,0,36.966,0.42336,1.50192,1.94771,9.1724,0.975234,11.2234,0.42336,36.966,0.42336,423.524,0,1.02816,0,0,2.53008,1.50192,1.028160,1,0,111.743,0,0,0,111.743,0
57.9442,2.08192,0,0,4.2651,0.272806,0.36288,3.6288,61.308,0.66528,0,0,1.7659,0.176169,0.924455,0.66528,12.849,1,0.474329,0.36288,0,105.379,3.13793,102.129,0.84672,12.849,0.84672,3695.15,0,36.966,0.42336,1.70084,1.94774,9.25854,0.835618,11.6481,0.42336,36.966,0.42336,423.524,0,1.02816,0,0,2.729,1.70084,1.028160,1,0,114.702,0,0,0,114.702,0
60.7685,2.09243,0,0,5.55666,0.276987,0.36288,3.6288,61.308,0.66528,0,0,1.79842,0.176169,0.956967,0.66528,12.849,1,0.463992,0.36288,0,82.715,3.13793,79.476,0.84672,12.849,0.84672,3695.15,0,36.966,0.42336,1.82733,1.86673,9.88191,0.835618,12.317,0.42336,36.966,0.42336,423.524,0,1.02816,0,0,2.85549,1.82733,1.028160,1,0,92.75,0,0,0,92.75,0
62.7719,2.11037,0,0,4.76108,0.284464,0.36288,3.6288,61.308,0.66528,0,0,1.42375,0.176169,0.582302,0.66528,12.849,1,0.446221,0.36288,0,79.4595,3.13793,76.2382,0.84672,12.849,0.84672,3695.15,0,36.966,0.42336,1.25918,1.86676,9.26355,0.835618,11.1305,0.42336,36.966,0.42336,423.524,0,1.02816,0,0,2.28734,1.25918,1.028160,1,0,87.951,0,0,0,87.951,0
64.7514,2.12234,0,0,4.7267,0.262024,0.36288,3.6288,61.308,0.66528,0,0,1.53309,0.17642,0.69139,0.66528,12.849,1,0.434429,0.36288,0,89.9554,3.32606,86.5578,0.84672,12.849,0.84672,3695.15,0,36.966,0.42336,1.8986,1.8668,8.07356,0.894772,10.5208,0.42336,36.966,0.42336,423.524,0,1.02816,0,0,2.92676,1.8986,1.028160,1,0,97.77,0,0,0,97.77,0
66.635,2.13357,0,0,4.6787,0.298616,0.36288,3.6288,61.308,0.66528,0,0,1.14029,0.141751,0.333259,0.66528,12.849,1,0.423377,0.36288,0,101.609,2.98636,98.5621,0.84672,12.849,0.84672,3695.15,0,36.966,0.42336,1.31375,1.86683,8.49995,0.843649,10.4135,0.42336,36.966,0.42336,423.524,0,1.02816,0,0,2.34191,1.31375,1.028160,1,0,109.309,0,0,0,109.309,0
66.7469,2.23504,0,0,3.01743,0.30765,0.36288,3.6288,61.308,0.66528,0,0,0.810302,0.128849,0.0161734,0.66528,12.849,1,0.430976,0.36288,0,52.286,2.74964,49.4683,0.84672,12.849,0.84672,3695.15,0,36.966,0.42336,0.562205,1.86686,6.53443,0.795868,7.74427,0.42336,36.966,0.42336,423.524,0,1.02816,0,0,1.59036,0.562205,1.028160,1,0,57.2287,0,0,0,57.2287,0
67.8278,2.2358,0,0,3.98756,0.307923,0.36288,3.6288,61.308,0.66528,0,0,1.57129,0.128849,0.777159,0.66528,12.849,1,0.430399,0.36288,0,106.404,2.74964,103.587,0.84672,12.849,0.84672,3695.15,0,36.966,0.42336,2.15018,1.8873,11.7859,0.795868,14.6042,0.42336,36.966,0.42336,423.524,0,1.02816,0,0,3.17834,2.15018,1.028160,1,0,118.968,0,0,0,118.968,0
67.8624,2.24172,0,0,2.90078,0.261624,0.36288,3.6288,61.308,0.66528,0,0,0.968207,0.15554,0.147387,0.66528,12.849,1,0.424662,0.36288,0,65.6061,3.2414,62.3029,0.84672,12.849,0.84672,3695.15,0,36.966,0.42336,0.638055,1.88734,7.24516,0.886943,8.46025,0.42336,36.966,0.42336,423.524,0,1.02816,0,0,1.66622,0.638055,1.028160,1,0,70.9106,0,0,0,70.9106,0
68.0484,2.24205,0,0,3.04022,0.24921,0.36288,3.6288,61.308,0.66528,0,0,1.08473,0.145479,0.273967,0.66528,12.849,1,0.424509,0.36288,0,60.3056,3.64415,56.5999,0.84672,12.849,0.84672,3695.15,0,36.966,0.42336,0.834797,1.88737,7.14312,0.889435,8.55249,0.42336,36.966,0.42336,423.524,0,1.02816,0,0,1.86296,0.834797,1.028160,1,0,65.4263,0,0,0,65.4263,0
67.8016,2.20736,0,0,2.59054,0.267087,0.36288,3.6288,61.308,0.66528,0,0,1.10414,0.178826,0.260034,0.66528,12.849,1,0.416796,0.36288,0,52.3648,4.22391,48.087,0.84672,12.849,0.84672,3695.15,0,36.966,0.42336,0.553055,1.8874,6.50419,1.02583,7.49546,0.42336,36.966,0.42336,423.524,0,1.02816,0,0,1.58122,0.553055,1.028160,1,0,55.8425,0,0,0,55.8425,0
67.298,2.20623,0,0,2.31151,0.246021,0.36288,3.6288,61.267,0.758195,0,0,0.926104,0.20891,0,0.66528,12.849,1,0.4181,0.36288,0,46.5284,4.54004,41.9331,0.84672,12.849,0.84672,3695.15,0,36.966,0.42336,0.528595,1.87946,5.90566,1.05073,6.83963,0.42336,36.966,0.42336,423.524,0,0.935245,0,0,1.46384,0.528595,1.028160,1,0,48.7728,0,0,0,48.7728,0
66.4913,2.42829,0,0,2.17543,0.190996,0.36288,3.6288,61.2877,0.66528,0,0,0.921024,0.235008,0,0.66528,12.849,1,0.463625,0.36288,0,43.3906,4.77068,38.5192,0.84672,12.849,0.84672,3695.15,0,36.966,0.42336,0.413381,1.87949,5.87712,1.0645,6.68213,0.42336,36.966,0.42336,423.524,0,1.02816,0,0,1.44154,0.413381,1.028160,1,0,45.2013,0,0,0,45.2013,0
65.6111,2.42373,0,0,2.10313,0.196692,0.36288,3.6288,61.308,0.66528,0,0,0.933854,0.227571,0.0207387,0.66528,12.849,1,0.46837,0.36288,0,41.8893,4.61436,37.1695,0.84672,12.849,0.84672,3695.15,0,36.966,0.42336,0.492955,1.92963,6.49016,1.04898,7.44041,0.42336,36.966,0.42336,423.524,0,1.02816,0,0,1.52112,0.492955,1.028160,1,0,44.6306,0,0,0,44.6306,0
64.3954,2.55017,0,0,1.89766,0.200362,0.36288,3.6288,61.308,0.66528,0,0,0.870169,0.191714,0.0131745,0.66528,12.849,1,0.499414,0.36288,0,38.7823,3.94737,34.6984,0.84672,12.849,0.84672,3695.15,0,36.966,0.42336,0.486942,1.92967,5.48779,0.905698,6.57534,0.42336,36.966,0.42336,423.524,0,1.02816,0,0,1.5151,0.486942,1.028160,1,0,41.2869,0,0,0,41.2869,0
62.7366,2.89542,0,0,1.78366,0.184105,0.36288,3.6288,61.308,0.583419,0,0,0.906224,0.195285,0.12752,0.66528,12.849,1,0.577731,0.36288,0,35.7225,4.05573,31.4519,0.84672,12.849,0.84672,3695.15,0,36.966,0.42336,0.490735,1.95918,5.57741,0.885639,6.71833,0.42336,36.966,0.42336,423.524,0,1.02816,0,0,1.51889,0.490735,1.028160,1,0,38.2978,0,0,0,38.2978,0
61.3746,2.53151,0,0,1.71397,0.18164,0.36288,3.6288,61.308,0.66528,0,0,0.923184,0.195285,0.0626193,0.66528,12.849,1,0.518476,0.36288,0,33.6763,4.05573,29.465,0.84672,12.849,0.84672,3695.15,0,36.966,0.42336,0.415126,1.97531,5.56145,0.885639,6.64289,0.42336,36.966,0.42336,423.524,0,1.02816,0,0,1.44329,0.415126,1.028160,1,0,36.1705,0,0,0,36.1705,0
59.5658,2.87224,0,0,1.60601,0.179616,0.36288,3.6288,61.308,0.583658,0,0,0.859179,0.195285,0.0802363,0.66528,12.849,1,0.601314,0.36288,0,31.5482,4.05573,27.254,0.84672,12.849,0.84672,3695.15,0,36.966,0.42336,0.316829,1.95926,5.1564,0.885639,6.12348,0.42336,36.966,0.42336,423.524,0,1.02816,0,0,1.34499,0.316829,1.028160,1,0,33.4577,0,0,0,33.4577,0
58.1146,2.85739,0,0,1.90795,0.138881,0.36288,3.6288,61.0301,0.80522,0,0,0.73624,0.208942,0,0.66528,12.849,1,0.61637,0.36288,0,29.5745,4.71633,24.6047,0.84672,12.849,0.84672,3695.15,0,36.966,0.42336,0.30119,1.97557,3.73944,0.970852,4.62199,0.42336,36.966,0.42336,423.524,0,0.806717,0,0,1.10791,0.30119,1.028160,1,0,29.2267,0,0,0,29.2267,0
56.595,2.81947,0,0,1.79344,0.130719,0.36288,3.6288,60.4963,1.01071,0,0,0.687761,0.210848,0,0.66528,12.849,1,0.623378,0.36288,0,28.6568,4.82643,23.5699,0.84672,12.849,0.84672,3695.15,0,36.966,0.42336,0.30119,1.9757,3.32692,0.985054,4.1954,0.42336,36.966,0.42336,423.524,0,0.658722,0,0,0.959913,0.30119,1.028160,1,0,27.7653,0,0,0,27.7653,0
54.9479,2.80599,0,0,1.64218,0.120436,0.36288,3.6288,59.9086,1.0103,0,0,0.654575,0.23196,0,0.66528,12.849,1,0.637056,0.36288,0,25.2718,5.10873,19.8889,0.84672,12.849,0.84672,3695.15,0,36.966,0.42336,0.261274,2.01433,3.23093,1.0881,3.99508,0.42336,36.966,0.42336,423.524,0,0.659258,0,0,0.920532,0.261274,1.028160,1,0,23.884,0,0,0,23.884,0
53.2467,2.79068,0,0,1.55033,0.0979433,0.36288,3.6288,59.2075,1.02651,0,0,0.610866,0.285454,0,0.66528,12.849,1,0.652572,0.36288,0,22.4772,5.81448,16.373,0.84672,12.849,0.84672,3695.15,0,36.966,0.42336,0.261274,2.01447,3.08191,1.34571,3.58857,0.42336,36.966,0.42336,423.524,0,0.64317,0,0,0.904444,0.261274,1.028160,1,0,19.9616,0,0,0,19.9616,0
51.4441,2.77405,0,0,1.42652,0.0922425,0.36288,3.6288,58.5062,1.06398,0,0,0.664118,0.301407,0,0.66528,12.849,1,0.669407,0.36288,0,20.6825,5.97909,14.3969,0.84672,12.849,0.84672,3695.15,0,36.966,0.42336,0.261274,2.0146,2.86496,1.44817,3.26931,0.42336,36.966,0.42336,423.524,0,0.605828,0,0,0.867102,0.261274,1.028160,1,0,17.6662,0,0,0,17.6662,0
49.6225,2.81974,0,0,1.44634,0.0852728,0.36288,3.6288,57.9024,1.00519,0,0,0.724283,0.322922,0,0.66528,12.849,1,0.704278,0.36288,0,27.1635,6.19857,20.6235,0.84672,12.849,0.84672,3695.15,0,36.966,0.42336,0.261274,2.01473,2.99138,1.58478,3.25925,0.42336,36.966,0.42336,423.524,0,0.688245,0,0,0.949519,0.261274,1.028160,1,0,23.8827,0,0,0,23.8827,0
47.7255,2.79937,0,0,1.34893,0.0836549,0.36288,3.6288,57.2048,1.01743,0,0,0.64152,0.321668,0,0.66528,12.849,1,0.724856,0.36288,0,21.4887,6.19857,14.9282,0.84672,12.849,0.84672,3695.15,0,36.966,0.42336,0.261274,2.04809,2.73043,1.58478,3.03165,0.42336,36.966,0.42336,423.524,0,0.676011,0,0,0.937284,0.261274,1.028160,1,0,17.9598,0,0,0,17.9598,0
45.7308,2.77684,0,0,1.22698,0.0819546,0.36288,3.6288,56.357,1.13024,0,0,0.602599,0.320218,0,0.66528,12.849,1,0.747599,0.36288,0,19.7595,6.19857,13.1762,0.84672,12.849,0.84672,3695.15,0,36.966,0.42336,0.227405,2.04813,2.49892,1.58478,2.76631,0.42336,36.966,0.42336,423.524,0,0.563198,0,0,0.790603,0.227405,1.028160,1,0,15.9425,0,0,0,15.9425,0
43.9323,2.75154,0,0,1.3882,0.0723165,0.36288,3.6288,55.9256,0.851498,0,0,0.73262,0.312459,0,0.66528,12.849,1,0.773101,0.36288,0,20.3204,6.34007,13.5701,0.84672,12.849,0.84672,3695.15,0,36.966,0.42336,0.227405,2.04817,3.66359,1.62166,3.89415,0.42336,36.966,0.42336,423.524,0,0.841942,0,0,1.06935,0.227405,1.028160,1,0,17.4643,0,0,0,17.4643,0
41.9469,2.91354,0,0,1.35892,0.0678611,0.36288,3.6288,55.1712,1.14014,0,0,0.690587,0.304881,0,0.66528,12.849,1,0.84672,0.36288,0,19.7858,5.93543,13.3665,0.84672,12.849,0.84672,3695.15,0,36.966,0.42336,0.227405,2.04821,3.3747,1.58807,3.63888,0.42336,36.966,0.42336,423.524,0,0.553297,0,0,0.780702,0.227405,1.028160,1,0,17.0054,0,0,0,17.0054,0
40.2992,2.7406,0,0,1.51845,0.0626509,0.36288,3.6288,54.7735,0.940429,0,0,0.848612,0.305865,0,0.66528,12.849,1,0.839488,0.36288,0,25.177,6.0102,18.6902,0.84672,12.849,0.84672,3695.15,0,36.966,0.42336,0.227405,2.09236,3.58206,1.60301,3.87545,0.42336,36.966,0.42336,423.524,0,0.753011,0,0,0.980415,0.227405,1.028160,1,0,22.5657,0,0,0,22.5657,0
38.3412,2.73336,0,0,1.19961,0.0614448,0.36288,3.6288,53.8924,1.19547,0,0,0.619461,0.305065,0,0.66528,12.849,1,0.84672,0.36288,0,25.9819,6.0102,19.4879,0.84672,12.849,0.84672,3695.15,0,36.966,0.42336,0.204422,2.0586,2.8383,1.60301,3.07495,0.42336,36.966,0.42336,423.524,0,0.497966,0,0,0.702389,0.204422,1.028160,1,0,22.5629,0,0,0,22.5629,0
36.6706,2.73336,0,0,1.48575,0.0600582,0.36288,3.6288,53.9544,0.66528,0,0,1.03058,0.303293,0,0.66528,12.849,1,0.84672,0.36288,0,23.0258,6.0102,16.5317,0.84672,12.849,0.84672,3695.15,0,36.966,0.42336,0.224597,2.0586,4.26514,1.60301,4.52196,0.42336,36.966,0.42336,423.524,0,1.02816,0,0,1.25276,0.224597,1.028160,1,0,21.0537,0,0,0,21.0537,0
34.1864,2.73335,0,0,0.654172,0.042197,0.36288,3.6288,52.8002,1.3215,0,0,0.46182,0.294586,0,0.66528,12.849,1,0.84672,0.36288,0,12.6396,5.40015,6.75564,0.84672,12.849,0.84672,3695.15,0,36.966,0.42336,0.204422,2.0586,2.31798,1.43366,2.72398,0.42336,36.966,0.42336,423.524,0,0.371943,0,0,0.576366,0.204422,1.028160,1,0,9.47961,0,0,0,9.47961,0
31.5482,2.61858,0,0,0.3778,0.0344712,0.36288,3.6288,51.3215,1.51105,0,0,0.320828,0.288433,0,0.66528,12.1291,1,0.84672,0.36288,0,8.12549,5.15613,3.20544,0.84672,12.1291,0.84672,3695.15,0,36.966,0.42336,0.204422,2.0586,1.58623,1.36593,2.05997,0.42336,36.966,0.42336,423.524,0,0.182392,0,0,0.386815,0.204422,1.028160,1,0,5.26541,0,0,0,5.26541,0
28.9208,2.73565,0,0,0.543385,0.0722992,0.36288,3.6288,49.9995,1.47408,0,0,0.394627,0.242546,0,0.66528,12.849,1,0.84672,0.36288,0,9.48326,4.53324,3.74626,0.84672,12.849,0.84672,3695.15,0,36.966,0.42336,0.216518,2.03709,1.74549,1.17123,2.4045,0.42336,36.966,0.42336,423.524,0,0.219363,0,0,0.435881,0.216518,1.028160,1,0,6.15076,0,0,0,6.15076,0
27.0298,2.73565,0,0,1.32753,0.119965,0.36288,3.6288,49.4108,1.21569,0,0,0.810892,0.183927,0,0.66528,12.849,1,0.84672,0.36288,0,28.5998,3.70272,24.4132,0.84672,12.849,0.84672,3695.15,0,36.966,0.42336,0.216518,2.05903,4.64919,0.911641,5.58974,0.42336,36.966,0.42336,423.524,0,0.477754,0,0,0.694272,0.216518,1.028160,1,0,30.003,0,0,0,30.003,0
24.5521,2.73564,0,0,0.726762,0.106001,0.36288,3.6288,48.2544,1.38123,0,0,0.415206,0.190401,0,0.66528,12.849,1,0.84672,0.36288,0,16.1653,3.91773,11.7637,0.84672,12.849,0.84672,3695.15,0,36.966,0.42336,0.216518,2.05902,1.90541,0.932298,2.82529,0.42336,36.966,0.42336,423.524,0,0.31221,0,0,0.528728,0.216518,1.028160,1,0,14.589,0,0,0,14.589,0
22.3833,2.64142,0,0,0.934693,0.099175,0.36288,3.6288,47.3222,1.16229,0,0,0.433174,0.203095,0,0.66528,12.849,1,0.84672,0.36288,0,18.2764,4.49419,13.2983,0.84672,12.849,0.84672,3695.15,0,36.966,0.42336,0.216518,2.05902,2.64698,1.03355,3.46561,0.42336,36.966,0.42336,423.524,0,0.531152,0,0,0.74767,0.216518,1.028160,1,0,16.7639,0,0,0,16.7639,0
20.3056,2.70672,0,0,1.14407,0.152204,0.36288,3.6288,46.1148,1.32848,0,0,0.313424,0.192293,0,0.66528,12.849,1,0.84672,0.36288,0,23.463,4.59155,18.3876,0.84672,12.849,0.84672,3695.15,0,36.966,0.42336,0.216518,2.04137,2.40053,1.15756,3.0775,0.42336,36.966,0.42336,423.524,0,0.364894,0,0,0.581412,0.216518,1.028160,1,0,21.4651,0,0,0,21.4651,0
18.2658,2.70693,0,0,1.17801,0.147953,0.36288,3.6288,45.5446,0.837079,0,0,0.457132,0.190253,0,0.66528,12.849,1,0.84672,0.36288,0,23.8051,4.59155,18.7297,0.84672,12.849,0.84672,3695.15,0,36.966,0.42336,0.292723,2.05355,3.30315,1.15756,4.06851,0.42336,36.966,0.42336,423.524,0,0.856361,0,0,1.14908,0.292723,1.028160,1,0,22.7982,0,0,0,22.7982,0
18.3537,2.70713,0,0,3.30169,0.143779,0.36288,3.6288,46.0588,0.66528,0,0,1.3687,0.189249,0,0.66528,12.849,1,0.84672,0.36288,0,73.7341,4.59155,68.6587,0.84672,12.849,0.84672,3695.15,0,36.966,0.42336,1.304,2.05364,6.8572,1.15756,8.63393,0.42336,36.966,0.42336,423.524,0,1.02816,0,0,2.33216,1.304,1.028160,1,0,77.2927,0,0,0,77.2927,0
17.274,2.43968,0,0,1.87571,0.152904,0.36288,3.6288,46.0195,0.644851,0,0,0.793817,0.188279,0,0.66528,12.849,1,0.84672,0.36288,0,55.6741,3.92868,51.2616,0.84672,12.849,0.84672,3695.15,0,36.966,0.42336,0.292723,2.05368,4.33268,0.928133,5.3276,0.42336,36.966,0.42336,423.524,0,0.83624,0,0,1.12896,0.292723,1.028160,1,0,56.5892,0,0,0,56.5892,0
16.5627,2.43987,0,0,2.24202,0.150557,0.36288,3.6288,46.4295,0.453043,0,0,1.05133,0.18821,0,0.66528,12.849,1,0.84672,0.36288,0,58.5577,3.92868,54.1452,0.84672,12.849,0.84672,3695.15,0,36.966,0.42336,0.477446,1.8395,5.16968,0.928133,6.13514,0.42336,36.966,0.42336,423.524,0,1.02816,0,0,1.50561,0.477446,1.028160,1,0,60.2803,0,0,0,60.2803,0
15.8844,2.44007,0,0,2.27374,0.149011,0.36288,3.6288,47.0895,0.453154,0,0,1.30207,0.188925,0,0.66528,12.849,1,0.84672,0.36288,0,71.2135,3.92868,66.801,0.84672,12.849,0.84672,3695.15,0,36.966,0.42336,0.684228,1.83962,6.14363,0.928133,7.31598,0.42336,36.966,0.42336,423.524,0,1.02816,0,0,1.71239,0.684228,1.028160,1,0,74.1169,0,0,0,74.1169,0
16.4107,2.44026,0,0,3.4849,0.155533,0.36288,3.6288,48.0093,0.453266,0,0,1.54882,0.175794,0,0.66528,12.849,1,0.84672,0.36288,0,75.1438,4.13982,70.5201,0.84672,12.849,0.84672,3695.15,0,36.966,0.42336,0.792141,1.83974,7.6846,0.961238,8.93189,0.42336,36.966,0.42336,423.524,0,1.02816,0,0,1.8203,0.792141,1.028160,1,0,79.452,0,0,0,79.452,0
18.379,2.44045,0,0,4.91568,0.144017,0.36288,3.6288,49.5564,0.453377,0,0,2.20511,0.204632,0,0.66528,12.849,1,0.84672,0.36288,0,121.8,4.58151,116.734,0.84672,12.849,0.84672,3695.15,0,36.966,0.42336,1.44857,1.83987,10.1456,1.11285,11.8978,0.42336,36.966,0.42336,423.524,0,1.02816,0,0,2.47673,1.44857,1.028160,1,0,128.632,0,0,0,128.632,0
18.4409,2.54361,0,0,3.10114,0.132789,0.36288,3.6288,49.7362,0.515077,0,0,0.899104,0.204204,0,0.66528,12.849,1,0.84672,0.36288,0,84.6599,4.09385,80.0822,0.84672,12.849,0.84672,3695.15,0,36.966,0.42336,0.489041,1.83999,7.0346,0.968154,7.97212,0.42336,36.966,0.42336,423.524,0,1.02816,0,0,1.5172,0.489041,1.028160,1,0,88.0543,0,0,0,88.0543,0
18.2758,2.54378,0,0,2.87454,0.132906,0.36288,3.6288,49.9418,0.515176,0,0,0.925225,0.204506,0,0.66528,12.849,1,0.84672,0.36288,0,73.7113,4.09385,69.1336,0.84672,12.849,0.84672,3695.15,0,36.966,0.42336,0.607107,1.90699,6.90759,0.968154,8.03018,0.42336,36.966,0.42336,423.524,0,1.02816,0,0,1.63527,0.607107,1.028160,1,0,77.1638,0,0,0,77.1638,0
18.1621,2.54395,0,0,2.92567,0.132595,0.36288,3.6288,50.5367,0.515275,0,0,1.31502,0.204852,0,0.66528,12.849,1,0.84672,0.36288,0,71.4724,4.09385,66.8947,0.84672,12.849,0.84672,3695.15,0,36.966,0.42336,0.635584,1.9071,9.11321,0.968154,10.2644,0.42336,36.966,0.42336,423.524,0,1.02816,0,0,1.66374,0.635584,1.028160,1,0,77.1591,0,0,0,77.1591,0
19.4593,2.54413,0,0,4.34265,0.138447,0.36288,3.6288,51.4483,0.515374,0,0,1.58392,0.156891,0,0.66528,12.849,1,0.84672,0.36288,0,141.632,3.55086,137.597,0.84672,12.849,0.84672,3695.15,0,36.966,0.42336,1.10741,1.90721,7.84452,0.847519,9.58825,0.42336,36.966,0.42336,423.524,0,1.02816,0,0,2.13557,1.10741,1.028160,1,0,147.186,0,0,0,147.186,0
25.5688,2.87505,0,0,9.50754,0.160039,0.36288,3.6288,52.4723,0.66528,0,0,1.85477,0.165515,0,0.66528,12.849,1,0.84672,0.36288,0,276.291,3.59509,272.212,0.84672,12.849,0.84672,3695.15,0,36.966,0.42336,2.53196,1.90732,16.4768,0.909059,19.5837,0.42336,36.966,0.42336,423.524,0,1.02816,0,0,3.56012,2.53196,1.028160,1,0,291.796,0,0,0,291.796,0
27.4784,2.73411,0,0,5.18086,0.174277,0.36288,3.6288,52.8534,0.66528,0,0,1.21331,0.166888,0,0.66528,12.849,1,0.84672,0.36288,0,157.822,3.59509,153.743,0.84672,12.849,0.84672,3695.15,0,36.966,0.42336,0.862479,2.08515,8.83621,0.909059,10.4514,0.42336,36.966,0.42336,423.524,0,1.02816,0,0,1.89064,0.862479,1.028160,1,0,164.194,0,0,0,164.194,0
28.1594,2.73411,0,0,3.95697,0.179016,0.36288,3.6288,52.8889,0.761573,0,0,0.964423,0.167399,0,0.66528,12.849,1,0.84672,0.36288,0,108.071,3.59509,103.992,0.84672,12.849,0.84672,3695.15,0,36.966,0.42336,0.608429,2.05874,6.80936,0.909059,8.1441,0.42336,36.966,0.42336,423.524,0,0.931867,0,0,1.5403,0.608429,1.028160,1,0,112.136,0,0,0,112.136,0
28.642,2.7341,0,0,3.77011,0.190476,0.36288,3.6288,53.1957,0.66528,0,0,1.11351,0.141428,0,0.66528,12.849,1,0.84672,0.36288,0,104.401,3.13968,100.778,0.84672,12.849,0.84672,3695.15,0,36.966,0.42336,0.955791,2.05874,7.56743,0.806348,9.35225,0.42336,36.966,0.42336,423.524,0,1.02816,0,0,1.98395,0.955791,1.028160,1,0,110.13,0,0,0,110.13,0
30.338,2.26225,0,0,4.55838,0.237282,0.36288,3.6288,54.1957,0.578454,0,0,1.67991,0.101465,0,0.66528,12.849,1,0.84672,0.36288,0,139.548,2.52441,136.54,0.84672,12.849,0.84672,3695.15,0,36.966,0.42336,1.49495,2.05874,10.7471,0.797173,13.0803,0.42336,36.966,0.42336,423.524,0,1.02816,0,0,2.52311,1.49495,1.028160,1,0,149.62,0,0,0,149.62,0
31.628,2.40411,0,0,4.29977,0.242772,0.36288,3.6288,55.1656,0.436849,0,0,1.50898,0.102227,0,0.66528,12.849,1,0.84672,0.36288,0,128.014,2.52441,125.005,0.84672,12.849,0.84672,3695.15,0,36.966,0.42336,1.85088,1.90323,10.928,0.797173,13.4616,0.42336,36.966,0.42336,423.524,0,1.02816,0,0,2.87904,1.85088,1.028160,1,0,138.467,0,0,0,138.467,0
34.8913,2.40427,0,0,6.27737,0.246886,0.36288,3.6288,56.477,0.436944,0,0,1.85129,0.102883,0,0.66528,12.849,1,0.84672,0.36288,0,184.443,2.52441,181.435,0.84672,12.849,0.84672,3695.15,0,36.966,0.42336,2.09884,1.82041,14.0561,0.797173,16.7548,0.42336,36.966,0.42336,423.524,0,1.02816,0,0,3.127,2.09884,1.028160,1,0,198.19,0,0,0,198.19,0
37.9943,2.40444,0,0,6.12687,0.256563,0.36288,3.6288,57.7142,0.437039,0,0,1.77409,0.0999251,0,0.66528,12.849,1,0.84672,0.36288,0,185.434,2.60056,182.35,0.84672,12.849,0.84672,3695.15,0,36.966,0.42336,2.03925,1.82051,15.5994,0.834768,18.2011,0.42336,36.966,0.42336,423.524,0,1.02816,0,0,3.06741,2.03925,1.028160,1,0,200.551,0,0,0,200.551,0
42.9336,2.42965,0,0,7.96919,0.237419,0.36288,3.6288,59.2249,0.437135,0,0,2.09566,0.147737,0,0.66528,12.849,1,0.821665,0.36288,0,285.156,3.53674,281.161,0.84672,12.849,0.84672,3695.15,0,36.966,0.42336,2.27228,1.82062,17.5364,0.918068,20.2879,0.42336,36.966,0.42336,423.524,0,1.02816,0,0,3.30044,2.27228,1.028160,1,0,301.449,0,0,0,301.449,0
47.3509,2.59397,0,0,7.61279,0.238663,0.36288,3.6288,61.308,0.513194,0,0,4.53378,0.159705,1.77782,0.66528,12.849,1,0.776314,0.36288,0,263.506,3.70324,259.389,0.84672,12.849,0.84672,3695.15,0,36.966,0.42336,4.54645,1.82072,19.2168,0.902674,24.258,0.42336,36.966,0.42336,423.524,0,1.02816,0,0,5.57461,4.54645,1.028160,1,0,285.425,0,0,0,285.425,0
50.2246,2.65107,0,0,6.13856,0.25084,0.36288,3.6288,61.308,0.513293,0,0,1.64144,0.161837,0.966307,0.66528,12.849,1,0.719387,0.36288,0,206.854,3.70324,202.794,0.84672,12.849,0.84672,3695.15,0,36.966,0.42336,1.80501,1.90178,13.4255,0.902674,15.8063,0.42336,36.966,0.42336,423.524,0,1.02816,0,0,2.83317,1.80501,1.028160,1,0,219.567,0,0,0,219.567,0
54.0117,2.68398,0,0,7.04627,0.212388,0.36288,3.6288,61.308,0.513391,0,0,2.06185,0.18502,1.36344,0.66528,12.849,1,0.686644,0.36288,0,205.72,3.89854,201.498,0.84672,12.849,0.84672,3695.15,0,36.966,0.42336,2.36409,1.90189,15.496,0.987243,18.3514,0.42336,36.966,0.42336,423.524,0,1.02816,0,0,3.39225,2.36409,1.028160,1,0,221.213,0,0,0,221.213,0
55.3898,2.72301,0,0,4.6839,0.219874,0.36288,3.6288,61.308,0.51349,0,0,1.12466,0.167934,0.443236,0.66528,12.849,1,0.647785,0.36288,0,162.744,3.48676,158.972,0.84672,12.849,0.84672,3695.15,0,36.966,0.42336,1.30264,1.902,9.85513,0.981215,11.6552,0.42336,36.966,0.42336,423.524,0,1.02816,0,0,2.3308,1.30264,1.028160,1,0,171.071,0,0,0,171.071,0
55.4934,2.69852,0,0,3.36903,0.204035,0.36288,3.6288,61.308,0.48408,0,0,0.964837,0.178885,0.301873,0.66528,12.849,1,0.625986,0.36288,0,118.089,3.64402,114.182,0.84672,12.849,0.84672,3695.15,0,36.966,0.42336,0.938658,1.9021,6.40863,0.958455,7.86758,0.42336,36.966,0.42336,423.524,0,1.02816,0,0,1.96682,0.938658,1.028160,1,0,122.351,0,0,0,122.351,0
55.326,2.6996,0,0,3.09934,0.204247,0.36288,3.6288,61.308,0.484177,0,0,0.903537,0.178885,0.240475,0.66528,12.849,1,0.625069,0.36288,0,108.411,3.64402,104.505,0.84672,12.849,0.84672,3695.15,0,36.966,0.42336,0.839825,1.87071,5.48925,0.958455,6.81797,0.42336,36.966,0.42336,423.524,0,1.02816,0,0,1.86799,0.839825,1.028160,1,0,111.563,0,0,0,111.563,0
54.9413,2.6982,0,0,2.85086,0.174435,0.36288,3.6288,61.308,0.484275,0,0,0.843791,0.206697,0.152819,0.66528,12.849,1,0.626635,0.36288,0,95.7571,3.9158,91.5776,0.84672,12.849,0.84672,3695.15,0,36.966,0.42336,0.786577,1.87081,5.35394,0.959347,6.62862,0.42336,36.966,0.42336,423.524,0,1.02816,0,0,1.81474,0.786577,1.028160,1,0,98.359,0,0,0,98.359,0
54.5504,2.69478,0,0,2.81457,0.147828,0.36288,3.6288,61.308,0.484372,0,0,0.829008,0.232553,0.112083,0.66528,12.849,1,0.630223,0.36288,0,85.9231,4.05421,81.6015,0.84672,12.849,0.84672,3695.15,0,36.966,0.42336,0.692643,1.87092,5.87931,0.994533,7.02498,0.42336,36.966,0.42336,423.524,0,1.02816,0,0,1.7208,0.692643,1.028160,1,0,88.7386,0,0,0,88.7386,0
53.5527,2.81893,0,0,2.31865,0.134547,0.36288,3.6288,61.1486,0.663936,0,0,0.690267,0.185767,0,0.66528,12.849,1,0.663981,0.36288,0,64.8052,4.12576,60.3783,0.84672,12.849,0.84672,3695.15,0,36.966,0.42336,0.402797,1.87103,3.96903,0.98394,4.83555,0.42336,36.966,0.42336,423.524,0,0.953363,0,0,1.35616,0.402797,1.028160,1,0,65.2139,0,0,0,65.2139,0
52.3357,2.80909,0,0,2.08814,0.133192,0.36288,3.6288,60.7494,0.801078,0,0,0.587536,0.18558,0,0.66528,12.849,1,0.673991,0.36288,0,60.6995,4.12576,56.2626,0.84672,12.849,0.84672,3695.15,0,36.966,0.42336,0.402797,1.98156,3.8444,0.98394,4.82146,0.42336,36.966,0.42336,423.524,0,0.816325,0,0,1.21912,0.402797,1.028160,1,0,61.084,0,0,0,61.084,0
50.9823,2.79665,0,0,1.92176,0.11558,0.36288,3.6288,60.4619,0.666042,0,0,0.583266,0.204797,0,0.66528,12.849,1,0.686609,0.36288,0,56.7637,4.51703,51.9229,0.84672,12.849,0.84672,3695.15,0,36.966,0.42336,0.30119,1.98167,3.78841,1.09071,4.5572,0.42336,36.966,0.42336,423.524,0,0.951463,0,0,1.25265,0.30119,1.028160,1,0,56.4801,0,0,0,56.4801,0
49.5544,2.78223,0,0,1.81935,0.102163,0.36288,3.6288,59.9335,0.824067,0,0,0.514824,0.219161,0,0.66528,12.849,1,0.701202,0.36288,0,55.9002,4.81047,50.7514,0.84672,12.849,0.84672,3695.15,0,36.966,0.42336,0.30119,1.98178,3.51924,1.17079,4.20807,0.42336,36.966,0.42336,423.524,0,0.793541,0,0,1.09473,0.30119,1.028160,1,0,54.9595,0,0,0,54.9595,0
48.613,2.76633,0,0,2.27159,0.0837727,0.36288,3.6288,59.7703,0.58955,0,0,0.686676,0.26029,0,0.66528,12.849,1,0.717283,0.36288,0,49.4676,4.99234,44.1209,0.84672,12.849,0.84672,3695.15,0,36.966,0.42336,0.444666,1.9819,3.98904,1.26315,4.72909,0.42336,36.966,0.42336,423.524,0,1.02816,0,0,1.47283,0.444666,1.028160,1,0,48.85,0,0,0,48.85,0
47.7201,2.7308,0,0,2.27701,0.0762498,0.36288,3.6288,59.5378,0.647196,0,0,0.691425,0.276748,0,0.66528,12.849,1,0.721783,0.36288,0,63.5119,5.0651,58.0879,0.84672,12.849,0.84672,3695.15,0,36.966,0.42336,0.553496,1.98201,4.7119,1.30009,5.52395,0.42336,36.966,0.42336,423.524,0,1.02816,0,0,1.58166,0.553496,1.028160,1,0,63.6119,0,0,0,63.6119,0
46.5888,2.7203,0,0,2.02741,0.0755118,0.36288,3.6288,59.2379,0.647301,0,0,0.623756,0.276337,0,0.66528,12.849,1,0.732461,0.36288,0,65.1084,5.0651,59.6738,0.84672,12.849,0.84672,3695.15,0,36.966,0.42336,0.450697,2.02073,4.705,1.30009,5.45297,0.42336,36.966,0.42336,423.524,0,1.02816,0,0,1.47886,0.450697,1.028160,1,0,65.1267,0,0,0,65.1267,0
45.3419,2.70649,0,0,1.89706,0.0745768,0.36288,3.6288,58.9102,0.647407,0,0,0.595555,0.275807,0,0.66528,12.849,1,0.746439,0.36288,0,60.7752,5.0651,55.3266,0.84672,12.849,0.84672,3695.15,0,36.966,0.42336,0.417105,2.02085,4.48872,1.30009,5.20322,0.42336,36.966,0.42336,423.524,0,1.02816,0,0,1.44526,0.417105,1.028160,1,0,60.5298,0,0,0,60.5298,0
43.9453,2.69063,0,0,1.72317,0.0662891,0.36288,3.6288,58.4595,0.698419,0,0,0.547932,0.300285,0,0.66528,12.849,1,0.762472,0.36288,0,54.7472,5.47038,48.8772,0.84672,12.849,0.84672,3695.15,0,36.966,0.42336,0.261274,2.02096,4.00649,1.4243,4.44106,0.42336,36.966,0.42336,423.524,0,0.977253,0,0,1.23853,0.261274,1.028160,1,0,53.3183,0,0,0,53.3183,0
42.4719,2.73438,0,0,1.68296,0.0591324,0.36288,3.6288,58.0786,0.708108,0,0,0.650964,0.323719,0,0.66528,12.849,1,0.799494,0.36288,0,57.2491,5.85638,50.9561,0.84672,12.849,0.84672,3695.15,0,36.966,0.42336,0.261274,2.02107,3.41953,1.55628,3.72224,0.42336,36.966,0.42336,423.524,0,0.985332,0,0,1.24661,0.261274,1.028160,1,0,54.6783,0,0,0,54.6783,0
40.9327,2.71322,0,0,1.59502,0.0581376,0.36288,3.6288,57.6728,0.66528,0,0,0.582384,0.322926,0,0.66528,12.849,1,0.82083,0.36288,0,50.5847,5.85638,44.2704,0.84672,12.849,0.84672,3695.15,0,36.966,0.42336,0.339941,2.04994,3.57159,1.55628,3.98182,0.42336,36.966,0.42336,423.524,0,1.02816,0,0,1.3681,0.339941,1.028160,1,0,48.2522,0,0,0,48.2522,0
39.3139,2.68986,0,0,1.49106,0.0570985,0.36288,3.6288,57.2191,0.670473,0,0,0.538836,0.32208,0,0.66528,12.849,1,0.844364,0.36288,0,48.0985,5.85638,41.7607,0.84672,12.849,0.84672,3695.15,0,36.966,0.42336,0.227405,2.04997,3.13394,1.55628,3.43167,0.42336,36.966,0.42336,423.524,0,1.02297,0,0,1.25037,0.227405,1.028160,1,0,45.1923,0,0,0,45.1923,0
37.6783,2.68769,0,0,1.47102,0.0560202,0.36288,3.6288,56.8156,0.66528,0,0,0.582976,0.321134,0,0.66528,12.849,1,0.84672,0.36288,0,44.6309,5.85638,38.2907,0.84672,12.849,0.84672,3695.15,0,36.966,0.42336,0.306487,2.05,3.54414,1.55628,3.92099,0.42336,36.966,0.42336,423.524,0,1.02816,0,0,1.33465,0.306487,1.028160,1,0,42.2116,0,0,0,42.2116,0
35.6621,2.92392,0,0,1.3187,0.0481234,0.36288,3.6288,56.1164,0.827401,0,0,0.467359,0.339162,0,0.66528,12.849,1,0.84672,0.36288,0,35.4725,5.87391,29.1147,0.84672,12.849,0.84672,3695.15,0,36.966,0.42336,0.227405,2.05004,2.96165,1.61854,3.19719,0.42336,36.966,0.42336,423.524,0,0.866039,0,0,1.09344,0.227405,1.028160,1,0,32.3119,0,0,0,32.3119,0
33.9334,2.73313,0,0,1.41717,0.0498489,0.36288,3.6288,55.6669,0.66528,0,0,0.553559,0.337827,0,0.66528,12.849,1,0.84672,0.36288,0,42.606,5.78959,36.3326,0.84672,12.849,0.84672,3695.15,0,36.966,0.42336,0.262561,2.09431,2.94821,1.61149,3.27023,0.42336,36.966,0.42336,423.524,0,1.02816,0,0,1.29072,0.262561,1.028160,1,0,39.6028,0,0,0,39.6028,0
31.9271,2.73312,0,0,1.13849,0.0488118,0.36288,3.6288,54.7286,1.00179,0,0,0.400382,0.336834,0,0.66528,12.849,1,0.84672,0.36288,0,41.6328,5.78959,35.3594,0.84672,12.849,0.84672,3695.15,0,36.966,0.42336,0.204422,2.05855,2.36676,1.61149,2.59488,0.42336,36.966,0.42336,423.524,0,0.691649,0,0,0.896072,0.204422,1.028160,1,0,37.9542,0,0,0,37.9542,0
30.2013,2.73312,0,0,1.41788,0.0476082,0.36288,3.6288,54.4129,0.66528,0,0,0.684318,0.334763,0,0.66528,12.849,1,0.84672,0.36288,0,38.0236,5.78959,31.7502,0.84672,12.849,0.84672,3695.15,0,36.966,0.42336,0.666896,2.05855,3.65947,1.61149,4.35007,0.42336,36.966,0.42336,423.524,0,1.02816,0,0,1.69506,0.666896,1.028160,1,0,36.1002,0,0,0,36.1002,0
28.4612,2.73311,0,0,1.39196,0.036081,0.36288,3.6288,53.7857,0.749408,0,0,0.457125,0.334913,0,0.66528,12.849,1,0.84672,0.36288,0,37.5965,5.36039,31.7523,0.84672,12.849,0.84672,3695.15,0,36.966,0.42336,0.204422,2.05855,4.11755,1.43519,4.52197,0.42336,36.966,0.42336,423.524,0,0.944032,0,0,1.14845,0.204422,1.028160,1,0,36.2743,0,0,0,36.2743,0
26.9241,2.61804,0,0,1.52698,0.0831504,0.36288,3.6288,53.1373,0.793385,0,0,0.440211,0.295267,0,0.66528,12.849,1,0.84672,0.36288,0,38.2444,4.09528,33.6652,0.84672,12.849,0.84672,3695.15,0,36.966,0.42336,0.204422,2.05855,4.41417,1.14992,5.10386,0.42336,36.966,0.42336,423.524,0,0.900055,0,0,1.10448,0.204422,1.028160,1,0,38.7691,0,0,0,38.7691,0
25.4462,2.73542,0,0,1.73808,0.117681,0.36288,3.6288,52.8328,0.66528,0,0,0.636583,0.275805,0,0.66528,12.849,1,0.84672,0.36288,0,37.672,3.57315,33.615,0.84672,12.849,0.84672,3695.15,0,36.966,0.42336,0.470154,2.03698,6.15956,1.0532,7.19014,0.42336,36.966,0.42336,423.524,0,1.02816,0,0,1.49831,0.470154,1.028160,1,0,40.8051,0,0,0,40.8051,0
23.8872,2.73542,0,0,1.65449,0.115251,0.36288,3.6288,52.5117,0.66528,0,0,0.61939,0.275134,0,0.66528,12.849,1,0.84672,0.36288,0,47.9542,3.57315,43.8973,0.84672,12.849,0.84672,3695.15,0,36.966,0.42336,0.376851,2.05898,6.09822,1.0532,7.0575,0.42336,36.966,0.42336,423.524,0,1.02816,0,0,1.40501,0.376851,1.028160,1,0,50.9548,0,0,0,50.9548,0
22.4329,2.73541,0,0,1.76221,0.118189,0.36288,3.6288,52.3332,0.66528,0,0,0.759007,0.272251,0,0.66528,12.849,1,0.84672,0.36288,0,70.8865,3.84321,66.5594,0.84672,12.849,0.84672,3695.15,0,36.966,0.42336,0.633364,2.05898,7.09637,1.07142,8.29393,0.42336,36.966,0.42336,423.524,0,1.02816,0,0,1.66152,0.633364,1.028160,1,0,74.8533,0,0,0,74.8533,0
21.2976,2.64093,0,0,2.01668,0.148171,0.36288,3.6288,52.0928,0.66528,0,0,0.683726,0.258826,0,0.66528,12.849,1,0.84672,0.36288,0,40.0275,5.46357,34.0801,0.84672,12.849,0.84672,3695.15,0,36.966,0.42336,0.475183,2.05898,5.10218,1.18076,6.03222,0.42336,36.966,0.42336,423.524,0,1.02816,0,0,1.50334,0.475183,1.028160,1,0,40.1123,0,0,0,40.1123,0
19.6479,2.71624,0,0,1.57534,0.145911,0.36288,3.6288,51.8341,0.66528,0,0,0.664843,0.258325,0,0.66528,12.849,1,0.84672,0.36288,0,46.9046,5.46357,40.9572,0.84672,12.849,0.84672,3695.15,0,36.966,0.42336,0.391081,2.04128,3.91324,1.18076,4.74147,0.42336,36.966,0.42336,423.524,0,1.02816,0,0,1.41924,0.391081,1.028160,1,0,45.6986,0,0,0,45.6986,0
18.5329,2.71642,0,0,2.1039,0.139659,0.36288,3.6288,51.7054,0.66528,0,0,0.792513,0.255925,0,0.66528,12.849,1,0.84672,0.36288,0,31.7909,5.41557,25.8915,0.84672,12.849,0.84672,3695.15,0,36.966,0.42336,0.656726,2.05539,5.13193,1.19149,6.22919,0.42336,36.966,0.42336,423.524,0,1.02816,0,0,1.68489,0.656726,1.028160,1,0,32.1207,0,0,0,32.1207,0
23.8835,2.71659,0,0,8.5605,0.130402,0.36288,3.6288,52.2218,0.66528,0,0,1.40746,0.225798,0,0.66528,12.849,1,0.84672,0.36288,0,98.7796,4.70687,93.5889,0.84672,12.849,0.84672,3695.15,0,36.966,0.42336,1.71139,2.05542,12.3193,1.14821,14.5145,0.42336,36.966,0.42336,423.524,0,1.02816,0,0,2.73955,1.71139,1.028160,1,0,108.103,0,0,0,108.103,0
29.0928,2.4484,0,0,8.16127,0.140637,0.36288,3.6288,54.0065,0.457985,0,0,2.389,0.146322,0,0.66528,12.849,1,0.84672,0.36288,0,146.801,3.81049,142.507,0.84672,12.849,0.84672,3695.15,0,36.966,0.42336,4.13993,2.05545,14.6426,0.965659,19.449,0.42336,36.966,0.42336,423.524,0,1.02816,0,0,5.16809,4.13993,1.028160,1,0,161.956,0,0,0,161.956,0
32.278,2.44857,0,0,6.14533,0.148678,0.36288,3.6288,55.3013,0.458081,0,0,1.89192,0.13903,0,0.66528,12.849,1,0.84672,0.36288,0,111.843,3.75459,107.605,0.84672,12.849,0.84672,3695.15,0,36.966,0.42336,3.75925,1.84504,13.1067,0.959161,17.3285,0.42336,36.966,0.42336,423.524,0,1.02816,0,0,4.78741,3.75925,1.028160,1,0,124.933,0,0,0,124.933,0
34.7679,2.44873,0,0,5.45652,0.155014,0.36288,3.6288,56.8374,0.458177,0,0,2.13449,0.140223,0,0.66528,12.849,1,0.84672,0.36288,0,129.01,3.75459,124.771,0.84672,12.849,0.84672,3695.15,0,36.966,0.42336,4.36387,1.84514,13.9195,0.959161,18.746,0.42336,36.966,0.42336,423.524,0,1.02816,0,0,5.39203,4.36387,1.028160,1,0,143.517,0,0,0,143.517,0
39.2151,2.4489,0,0,7.4639,0.204986,0.36288,3.6288,60.7526,0.458273,0,0,4.5778,0.20425,0,0.66528,12.849,1,0.84672,0.36288,0,145.433,4.37157,140.577,0.84672,12.849,0.84672,3695.15,0,36.966,0.42336,5.79885,1.84525,15.6934,1.16416,21.7499,0.42336,36.966,0.42336,423.524,0,1.02816,0,0,6.82701,5.79885,1.028160,1,0,162.327,0,0,0,162.327,0
45.4043,2.48241,0,0,9.24307,0.208523,0.36288,3.6288,61.308,0.45837,0,0,2.9276,0.204654,1.70923,0.66528,12.849,1,0.813374,0.36288,0,172.824,4.15184,168.222,0.84672,12.849,0.84672,3695.15,0,36.966,0.42336,3.79331,1.84536,14.2024,0.988237,18.4295,0.42336,36.966,0.42336,423.524,0,1.02816,0,0,4.82147,3.79331,1.028160,1,0,188.361,0,0,0,188.361,0
51.942,2.64943,0,0,9.7632,0.21321,0.36288,3.6288,61.308,0.520215,0,0,2.55611,0.198953,1.83694,0.66528,12.849,1,0.749763,0.36288,0,190.985,3.85885,186.74,0.84672,12.849,0.84672,3695.15,0,36.966,0.42336,6.65019,1.84546,25.638,0.753673,32.9566,0.42336,36.966,0.42336,423.524,0,1.02816,0,0,7.67835,6.65019,1.028160,1,0,221.533,0,0,0,221.533,0
56.5651,2.7252,0,0,7.93999,0.228806,0.36288,3.6288,61.308,0.520298,0,0,2.94814,0.198953,2.22889,0.66528,12.849,1,0.674137,0.36288,0,168.647,3.85885,164.477,0.84672,12.849,0.84672,3695.15,0,36.966,0.42336,3.44709,1.91262,15.6741,0.753673,19.8568,0.42336,36.966,0.42336,423.524,0,1.02816,0,0,4.47525,3.44709,1.028160,1,0,186.562,0,0,0,186.562,0
61.6865,2.77021,0,0,8.49347,0.238992,0.36288,3.6288,61.308,0.520381,0,0,1.54948,0.17827,0.850829,0.66528,12.849,1,0.629265,0.36288,0,157.327,3.5918,153.469,0.84672,12.849,0.84672,3695.15,0,36.966,0.42336,2.67182,1.91271,11.9087,0.697314,15.3725,0.42336,36.966,0.42336,423.524,0,1.02816,0,0,3.69998,2.67182,1.028160,1,0,169.693,0,0,0,169.693,0
64.9411,2.81357,0,0,6.68118,0.25008,0.36288,3.6288,61.308,0.520464,0,0,1.66034,0.162758,0.977118,0.66528,12.849,1,0.586053,0.36288,0,154.195,3.3915,150.58,0.84672,12.849,0.84672,3695.15,0,36.966,0.42336,2.42578,1.9128,10.909,0.655045,14.1691,0.42336,36.966,0.42336,423.524,0,1.02816,0,0,3.45394,2.42578,1.028160,1,0,165.726,0,0,0,165.726,0
67.7594,3.11504,0,0,6.61228,0.316156,0.36288,3.6288,61.308,0.66528,0,0,1.68867,0.17708,0.846311,0.66528,12.849,1,0.616329,0.36288,0,182.634,4.03263,178.348,0.84672,12.849,0.84672,3695.15,0,36.966,0.42336,2.18225,1.91289,12.9953,0.833472,15.8336,0.42336,36.966,0.42336,423.524,0,1.02816,0,0,3.21041,2.18225,1.028160,1,0,195.028,0,0,0,195.028,0
70.8067,3.00986,0,0,6.74339,0.323315,0.36288,3.6288,61.308,0.66528,0,0,1.69218,0.17708,0.849819,0.66528,12.849,1,0.57075,0.36288,0,178.822,4.03263,174.582,0.84672,12.849,0.84672,3695.15,0,36.966,0.42336,2.55387,2.08695,13.8056,0.833472,17.1896,0.42336,36.966,0.42336,423.524,0,1.02816,0,0,3.58203,2.55387,1.028160,1,0,192.621,0,0,0,192.621,0
72.29,3.03064,0,0,10.0415,0.323353,5.20419,3.6288,61.308,0.66528,0,0,2.62566,0.193678,1.7667,0.66528,12.849,1,0.549958,5.20419,0,243.076,4.42575,243.305,0.84672,12.849,0.84672,3695.15,0,36.966,0.42336,4.09867,2.05869,25.4591,0.95646,30.2367,0.42336,36.966,0.42336,423.524,0,1.02816,0,0,5.12683,4.09867,1.028160,1,0,275.308,0,0,0,275.308,0
72.29,3.04022,0,0,8.74679,0.321334,5.38523,3.6288,61.308,0.66528,0,0,2.70148,0.185959,1.85024,0.66528,12.849,1,0.540377,5.38523,0,225.603,4.52049,225.928,0.84672,12.849,0.84672,3695.15,0,36.966,0.42336,4.62835,2.05869,25.5392,0.932084,30.8708,0.42336,36.966,0.42336,423.524,0,1.02816,0,0,5.65651,4.62835,1.028160,1,0,258.649,0,0,0,258.649,0
72.29,2.40764,0,0,6.98055,0.284298,4.28861,3.6288,61.308,0.66528,0,0,1.19509,0.191005,0.338808,0.66528,12.849,1,0.42794,4.28861,0,121.931,4.13973,121.652,0.84672,12.849,0.84672,3695.15,0,36.966,0.42336,1.97716,2.05869,10.632,0.98644,13.2581,0.42336,36.966,0.42336,423.524,0,1.02816,0,0,3.00532,1.97716,1.028160,1,0,135.249,0,0,0,135.249,0
72.29,2.40776,0,0,5.11847,0.284298,2.42641,3.6288,61.308,0.66528,0,0,1.06742,0.191005,0.211135,0.66528,12.849,1,0.427961,2.42641,0,118.141,4.13973,115.999,0.84672,12.849,0.84672,3695.15,0,36.966,0.42336,2.00839,1.91908,6.68579,0.98644,9.20346,0.42336,36.966,0.42336,423.524,0,1.02816,0,0,3.03655,2.00839,1.028160,1,0,125.414,0,0,0,125.414,0
72.29,2.40788,0,0,9.90049,0.261642,7.23097,3.6288,61.308,0.66528,0,0,1.63925,0.178973,0.794997,0.66528,12.849,1,0.427982,7.23097,0,153.58,3.96534,156.418,0.84672,12.849,0.84672,3695.15,0,36.966,0.42336,3.54706,1.9191,15.8442,0.961389,19.9256,0.42336,36.966,0.42336,423.524,0,1.02816,0,0,4.57522,3.54706,1.028160,1,0,177.139,0,0,0,177.139,0
72.29,2.18478,0,0,7.29415,0.31298,4.79639,3.6288,61.308,0.66528,0,0,1.88944,0.231304,0.992855,0.66528,12.849,1,0.388328,4.79639,0,156.086,4.44558,156.048,0.84672,12.849,0.84672,3695.15,0,36.966,0.42336,3.46531,1.91913,10.8079,1.07334,14.6957,0.42336,36.966,0.42336,423.524,0,1.02816,0,0,4.49347,3.46531,1.028160,1,0,171.737,0,0,0,171.737,0
72.29,2.18489,0,0,7.69727,0.319041,5.19335,3.6288,61.308,0.66528,0,0,1.29057,0.203538,0.421756,0.66528,12.849,1,0.388347,5.19335,0,103.629,3.89591,104.538,0.84672,12.849,0.84672,3695.15,0,36.966,0.42336,2.39018,1.86989,11.3708,1.00964,14.1979,0.42336,36.966,0.42336,423.524,0,1.02816,0,0,3.41834,2.39018,1.028160,1,0,119.157,0,0,0,119.157,0
72.29,2.27796,0,0,7.08242,0.35965,4.4448,3.6288,61.308,0.66528,0,0,1.2534,0.198734,0.389391,0.66528,12.849,1,0.404891,4.4448,0,107.225,3.7506,107.514,0.84672,12.849,0.84672,3695.15,0,36.966,0.42336,2.26024,1.86991,10.8818,0.994836,13.5938,0.42336,36.966,0.42336,423.524,0,1.02816,0,0,3.2884,2.26024,1.028160,1,0,121.497,0,0,0,121.497,0
72.29,2.27807,0,0,5.17433,0.347813,2.54845,3.6288,61.308,0.66528,0,0,1.08503,0.207316,0.212433,0.66528,12.849,1,0.40491,2.54845,0,77.9941,3.87743,76.2603,0.84672,12.849,0.84672,3695.15,0,36.966,0.42336,1.55404,1.89046,9.17171,1.03856,11.1543,0.42336,36.966,0.42336,423.524,0,1.02816,0,0,2.5822,1.55404,1.028160,1,0,87.627,0,0,0,87.627,0
72.29,2.27818,0,0,3.8911,0.276794,1.33612,3.6288,61.1581,0.66528,0,0,0.774196,0.258807,0,0.66528,12.849,1,0.40493,1.33612,0,66.7829,4.63837,63.0757,0.84672,12.849,0.84672,3695.15,0,36.966,0.42336,0.785099,1.89048,6.55218,1.30091,7.50349,0.42336,36.966,0.42336,423.524,0,1.02816,0,0,1.81326,0.785099,1.028160,1,0,70.5792,0,0,0,70.5792,0
72.29,2.2783,0,0,3.96445,0.27839,1.40776,3.6288,60.9987,0.66528,0,0,0.760207,0.254313,0,0.66528,12.849,1,0.40495,1.40776,0,66.8921,4.69513,63.1998,0.84672,12.849,0.84672,3695.15,0,36.966,0.42336,0.766938,1.89051,6.62254,1.29482,7.5618,0.42336,36.966,0.42336,423.524,0,1.02816,0,0,1.7951,0.766938,1.028160,1,0,70.7616,0,0,0,70.7616,0
72.29,2.24205,0,0,4.16924,0.282382,1.64481,3.6288,61.008,0.66528,0,0,0.917965,0.243445,0,0.66528,12.849,1,0.398507,1.64481,0,65.4601,4.83703,61.8694,0.84672,12.849,0.84672,3695.15,0,36.966,0.42336,1.04015,1.89053,6.76538,1.27961,7.9931,0.42336,36.966,0.42336,423.524,0,1.02816,0,0,2.06831,1.04015,1.028160,1,0,69.8625,0,0,0,69.8625,0
72.29,2.24216,0,0,3.73576,0.282382,1.21122,3.6288,60.9104,0.66528,0,0,0.811132,0.24346,0,0.66528,12.849,1,0.398527,1.21122,0,56.1821,4.83703,52.1578,0.84672,12.849,0.84672,3695.15,0,36.966,0.42336,0.785713,1.88253,5.89377,1.27961,6.85904,0.42336,36.966,0.42336,423.524,0,1.02816,0,0,1.81387,0.785713,1.028160,1,0,59.0168,0,0,0,59.0168,0
72.29,2.47053,0,0,3.45422,0.260778,0.722915,3.6288,60.7849,0.66528,0,0,0.75473,0.214937,0,0.66528,12.849,1,0.439117,0.722915,0,53.3619,4.24724,49.3984,0.84672,12.849,0.84672,3695.15,0,36.966,0.42336,0.693801,1.88255,5.31296,1.13001,6.33594,0.42336,36.966,0.42336,423.524,0,1.02816,0,0,1.72196,0.693801,1.028160,1,0,55.7344,0,0,0,55.7344,0
72.29,2.47065,0,0,3.31659,0.252136,0.593803,3.6288,60.6841,0.66528,0,0,0.767949,0.203426,0,0.66528,12.849,1,0.439139,0.593803,0,48.6861,4.01132,44.8295,0.84672,12.849,0.84672,3695.15,0,36.966,0.42336,0.951713,1.93296,5.5709,1.07018,6.96203,0.42336,36.966,0.42336,423.524,0,1.02816,0,0,1.97987,0.951713,1.028160,1,0,51.7915,0,0,0,51.7915,0
72.2437,2.60502,0,0,3.13737,0.215749,0.36288,3.6288,60.5907,0.66528,0,0,0.802129,0.230275,0,0.66528,12.849,1,0.463023,0.36288,0,50.078,4.10383,45.8741,0.84672,12.849,0.84672,3695.15,0,36.966,0.42336,0.670974,1.93298,5.16351,1.0032,6.3409,0.42336,36.966,0.42336,423.524,0,1.02816,0,0,1.69913,0.670974,1.028160,1,0,52.215,0,0,0,52.215,0
72.274,2.3658,0,0,2.96857,0.209611,0.36288,3.6288,60.4074,0.66528,0,0,0.716671,0.234632,0,0.66528,12.849,1,0.420773,0.36288,0,46.2108,4.11925,42.0336,0.84672,12.849,0.84672,3695.15,0,36.966,0.42336,0.422263,1.96264,4.74219,0.992037,5.7117,0.42336,36.966,0.42336,423.524,0,1.02816,0,0,1.45042,0.422263,1.028160,1,0,47.7453,0,0,0,47.7453,0
72.0625,2.36607,0,0,2.69109,0.173673,0.36288,3.6288,60.1685,0.66528,0,0,0.684158,0.257833,0,0.66528,12.849,1,0.420644,0.36288,0,40.7456,4.38701,36.3009,0.84672,12.849,0.84672,3695.15,0,36.966,0.42336,0.374872,1.90989,4.619,1.06045,5.41995,0.42336,36.966,0.42336,423.524,0,1.02816,0,0,1.40303,0.374872,1.028160,1,0,41.7208,0,0,0,41.7208,0
71.4794,2.60416,0,0,2.54301,0.159023,0.36288,3.6288,59.8686,0.686621,0,0,0.653547,0.266817,0,0.66528,12.849,1,0.464331,0.36288,0,39.4357,4.4941,34.8402,0.84672,12.849,0.84672,3695.15,0,36.966,0.42336,0.30119,1.90992,4.60617,1.08781,5.3061,0.42336,36.966,0.42336,423.524,0,1.00682,0,0,1.30801,0.30119,1.028160,1,0,40.1463,0,0,0,40.1463,0
70.5526,2.60107,0,0,2.16969,0.132572,0.36288,3.6288,59.7233,0.66528,0,0,0.786162,0.266201,0,0.66528,12.849,1,0.467563,0.36288,0,35.0939,4.99217,29.997,0.84672,12.849,0.84672,3695.15,0,36.966,0.42336,0.827185,1.96272,4.88551,1.18559,6.06646,0.42336,36.966,0.42336,423.524,0,1.02816,0,0,1.85535,0.827185,1.028160,1,0,36.0635,0,0,0,36.0635,0
69.3999,2.56954,0,0,1.89222,0.112461,0.36288,3.6288,59.6592,0.66528,0,0,0.867067,0.265875,0,0.66528,12.849,1,0.467963,0.36288,0,31.8717,5.36571,26.4009,0.84672,12.849,0.84672,3695.15,0,36.966,0.42336,1.1447,1.96275,5.06256,1.25893,6.48773,0.42336,36.966,0.42336,423.524,0,1.02816,0,0,2.17286,1.1447,1.028160,1,0,32.8886,0,0,0,32.8886,0
68.1014,2.56311,0,0,1.7389,0.111464,0.36288,3.6288,59.5703,0.66528,0,0,0.842141,0.265766,0,0.66528,12.849,1,0.474544,0.36288,0,31.3684,5.36571,25.891,0.84672,12.849,0.84672,3695.15,0,36.966,0.42336,1.14562,1.95692,5.10494,1.25893,6.52519,0.42336,36.966,0.42336,423.524,0,1.02816,0,0,2.17378,1.14562,1.028160,1,0,32.4162,0,0,0,32.4162,0
66.6554,2.55562,0,0,1.58282,0.110342,0.36288,3.6288,59.427,0.66528,0,0,0.78764,0.265615,0,0.66528,12.849,1,0.48218,0.36288,0,30.1134,5.36571,24.6284,0.84672,12.849,0.84672,3695.15,0,36.966,0.42336,0.855282,1.95694,4.79564,1.25893,5.92558,0.42336,36.966,0.42336,423.524,0,1.02816,0,0,1.88344,0.855282,1.028160,1,0,30.554,0,0,0,30.554,0
65.0712,2.54697,0,0,1.42195,0.0962784,0.36288,3.6288,59.1913,0.66528,0,0,0.723406,0.293822,0,0.66528,12.849,1,0.490973,0.36288,0,26.0904,5.71161,20.2507,0.84672,12.849,0.84672,3695.15,0,36.966,0.42336,0.765953,1.95697,4.43126,1.39514,5.33569,0.42336,36.966,0.42336,423.524,0,1.02816,0,0,1.79411,0.765953,1.028160,1,0,25.5864,0,0,0,25.5864,0
63.3399,2.60457,0,0,1.31832,0.0821478,0.36288,3.6288,58.9321,0.66528,0,0,0.718317,0.312309,0,0.66528,12.849,1,0.5143,0.36288,0,26.846,5.81091,20.8837,0.84672,12.849,0.84672,3695.15,0,36.966,0.42336,0.48848,1.957,3.76804,1.49107,4.29909,0.42336,36.966,0.42336,423.524,0,1.02816,0,0,1.51664,0.48848,1.028160,1,0,25.1828,0,0,0,25.1828,0
61.5524,2.59301,0,0,1.24944,0.0810061,0.36288,3.6288,58.5976,0.66528,0,0,0.642643,0.31179,0,0.66528,12.849,1,0.526012,0.36288,0,23.7209,5.81091,17.7468,0.84672,12.849,0.84672,3695.15,0,36.966,0.42336,0.63631,1.97217,3.93559,1.49107,4.62963,0.42336,36.966,0.42336,423.524,0,1.02816,0,0,1.66447,0.63631,1.028160,1,0,22.3765,0,0,0,22.3765,0
59.6973,2.58049,0,0,1.16801,0.0798275,0.36288,3.6288,58.2158,0.66528,0,0,0.594575,0.31112,0,0.66528,12.849,1,0.538675,0.36288,0,22.5551,5.81091,16.5684,0.84672,12.849,0.84672,3695.15,0,36.966,0.42336,0.493076,1.97219,3.45335,1.49107,4.00419,0.42336,36.966,0.42336,423.524,0,1.02816,0,0,1.52124,0.493076,1.028160,1,0,20.5725,0,0,0,20.5725,0
57.8413,2.56684,0,0,1.15232,0.0785465,0.36288,3.6288,57.8835,0.66528,0,0,0.643284,0.310356,0,0.66528,12.849,1,0.552477,0.36288,0,20.9289,5.81091,14.9284,0.84672,12.849,0.84672,3695.15,0,36.966,0.42336,0.595607,1.97222,3.90536,1.49107,4.55875,0.42336,36.966,0.42336,423.524,0,1.02816,0,0,1.62377,0.595607,1.028160,1,0,19.4872,0,0,0,19.4872,0
55.5533,2.74606,0,0,0.864501,0.0435407,0.36288,3.6288,57.5422,0.66528,0,0,0.641546,0.317499,0,0.66528,12.849,1,0.610016,0.36288,0,18.7468,6.07663,12.423,0.84672,12.849,0.84672,3695.15,0,36.966,0.42336,0.874109,1.97225,4.00874,1.52058,4.91116,0.42336,36.966,0.42336,423.524,0,1.02816,0,0,1.90227,0.874109,1.028160,1,0,17.3342,0,0,0,17.3342,0
53.1405,2.72579,0,0,0.717206,0.0413345,0.36288,3.6288,57.1628,0.66528,0,0,0.598652,0.312836,0,0.66528,12.849,1,0.630451,0.36288,0,16.0212,5.97355,9.78003,0.84672,12.849,0.84672,3695.15,0,36.966,0.42336,0.853865,2.01662,3.5351,1.49056,4.49167,0.42336,36.966,0.42336,423.524,0,1.02816,0,0,1.88203,0.853865,1.028160,1,0,14.2717,0,0,0,14.2717,0
51.0764,2.70286,0,0,1.04199,0.0403383,0.36288,3.6288,56.8733,0.66528,0,0,0.687865,0.312067,0,0.66528,12.849,1,0.653533,0.36288,0,18.2469,5.97355,11.9827,0.84672,12.849,0.84672,3695.15,0,36.966,0.42336,1.18837,2.01665,3.91947,1.49056,5.21057,0.42336,36.966,0.42336,423.524,0,1.02816,0,0,2.21653,1.18837,1.028160,1,0,17.1933,0,0,0,17.1933,0
49.2903,2.86013,0,0,1.50183,0.0649461,0.36288,3.6288,56.8161,0.66528,0,0,0.910492,0.302366,0,0.66528,12.849,1,0.719505,0.36288,0,29.7708,5.84214,23.572,0.84672,12.849,0.84672,3695.15,0,36.966,0.42336,1.37457,2.01668,4.36352,1.46404,5.86737,0.42336,36.966,0.42336,423.524,0,1.02816,0,0,2.40273,1.37457,1.028160,1,0,29.4394,0,0,0,29.4394,0
47.2666,2.83944,0,0,1.23749,0.0589253,0.36288,3.6288,56.5704,0.66528,0,0,0.692901,0.273335,0,0.66528,12.849,1,0.740186,0.36288,0,31.1637,5.61387,25.1725,0.84672,12.849,0.84672,3695.15,0,36.966,0.42336,1.02038,2.05851,3.55642,1.33788,4.87407,0.42336,36.966,0.42336,423.524,0,1.02816,0,0,2.04854,1.02038,1.028160,1,0,30.0466,0,0,0,30.0466,0
45.1321,2.72384,0,0,1.04634,0.0940664,0.36288,3.6288,56.2237,0.66528,0,0,0.546915,0.228326,0,0.66528,12.849,1,0.740451,0.36288,0,17.5061,4.52012,12.6084,0.84672,12.849,0.84672,3695.15,0,36.966,0.42336,0.753546,2.05851,3.78111,1.04168,5.12814,0.42336,36.966,0.42336,423.524,0,1.02816,0,0,1.78171,0.753546,1.028160,1,0,17.7366,0,0,0,17.7366,0
43.124,2.78816,0,0,1.23873,0.0958135,0.36288,3.6288,56.2661,0.66528,0,0,0.934425,0.226772,0,0.66528,12.849,1,0.793782,0.36288,0,20.767,4.49043,15.8457,0.84672,12.849,0.84672,3695.15,0,36.966,0.42336,1.68313,2.0369,5.41666,1.03804,7.67529,0.42336,36.966,0.42336,423.524,0,1.02816,0,0,2.71129,1.68313,1.028160,1,0,23.521,0,0,0,23.521,0
41.1129,2.75968,0,0,1.20509,0.0936461,0.36288,3.6288,56.174,0.66528,0,0,0.799995,0.226835,0,0.66528,12.849,1,0.82226,0.36288,0,20.2568,4.49043,15.307,0.84672,12.849,0.84672,3695.15,0,36.966,0.42336,1.55835,2.05895,4.42547,1.03804,6.58137,0.42336,36.966,0.42336,423.524,0,1.02816,0,0,2.58651,1.55835,1.028160,1,0,21.8884,0,0,0,21.8884,0
39.1139,2.73522,0,0,1.19062,0.0914756,0.36288,3.6288,56.2771,0.66528,0,0,0.995069,0.226699,0,0.66528,12.849,1,0.84672,0.36288,0,19.7962,4.49043,14.822,0.84672,12.849,0.84672,3695.15,0,36.966,0.42336,2.23542,2.05894,5.55347,1.03804,8.38644,0.42336,36.966,0.42336,423.524,0,1.02816,0,0,3.26358,2.23542,1.028160,1,0,23.2084,0,0,0,23.2084,0
37.5785,2.64052,0,0,1.61221,0.144235,0.36288,3.6288,56.0675,0.66528,0,0,0.660931,0.20518,0,0.66528,12.849,1,0.84672,0.36288,0,37.0365,3.68949,32.8632,0.84672,12.849,0.84672,3695.15,0,36.966,0.42336,0.76159,2.05894,3.68232,0.91501,5.16449,0.42336,36.966,0.42336,423.524,0,1.02816,0,0,1.78975,0.76159,1.028160,1,0,38.0276,0,0,0,38.0276,0
37.4954,2.72425,0,0,3.1457,0.141676,0.36288,3.6288,56.3859,0.66528,0,0,1.18857,0.2049,0,0.66528,12.849,1,0.84672,0.36288,0,52.1586,3.68949,47.9852,0.84672,12.849,0.84672,3695.15,0,36.966,0.42336,1.36397,2.0412,7.1395,0.91501,9.2063,0.42336,36.966,0.42336,423.524,0,1.02816,0,0,2.39213,1.36397,1.028160,1,0,57.1915,0,0,0,57.1915,0
36.8222,2.7244,0,0,2.55564,0.141538,0.36288,3.6288,56.967,0.66528,0,0,1.45171,0.205326,0,0.66528,12.849,1,0.84672,0.36288,0,47.167,3.68949,42.9936,0.84672,12.849,0.84672,3695.15,0,36.966,0.42336,2.77048,2.05689,6.48928,0.91501,9.97828,0.42336,36.966,0.42336,423.524,0,1.02816,0,0,3.79864,2.77048,1.028160,1,0,52.9719,0,0,0,52.9719,0
35.8902,2.72455,0,0,2.31837,0.162988,0.36288,3.6288,57.1614,0.66528,0,0,1.07584,0.216169,0,0.66528,12.849,1,0.84672,0.36288,0,46.2655,3.86346,41.9182,0.84672,12.849,0.84672,3695.15,0,36.966,0.42336,1.53426,2.05692,7.647,0.955625,9.85919,0.42336,36.966,0.42336,423.524,0,1.02816,0,0,2.56242,1.53426,1.028160,1,0,51.7774,0,0,0,51.7774,0
38.5096,2.45573,0,0,5.62596,0.187926,0.36288,3.6288,58.4296,0.462234,0,0,1.94085,0.210404,0,0.66528,12.849,1,0.84672,0.36288,0,103.696,3.91369,99.298,0.84672,12.849,0.84672,3695.15,0,36.966,0.42336,4.47511,2.05695,11.864,0.987325,16.9854,0.42336,36.966,0.42336,423.524,0,1.02816,0,0,5.50327,4.47511,1.028160,1,0,116.283,0,0,0,116.283,0
38.9355,2.47634,0,0,3.45774,0.192587,0.36288,3.6288,59.15,0.462315,0,0,1.38693,0.204283,0,0.66528,12.849,1,0.82625,0.36288,0,52.4599,3.841,48.1555,0.84672,12.849,0.84672,3695.15,0,36.966,0.42336,2.34704,1.8497,8.51524,0.978343,11.3103,0.42336,36.966,0.42336,423.524,0,1.02816,0,0,3.3752,2.34704,1.028160,1,0,59.4658,0,0,0,59.4658,0
39.0745,2.48324,0,0,3.18672,0.201568,0.36288,3.6288,59.4537,0.462395,0,0,0.981904,0.215751,0,0.66528,12.849,1,0.819489,0.36288,0,41.3006,4.06958,36.7744,0.84672,12.849,0.84672,3695.15,0,36.966,0.42336,1.59427,1.84978,10.3234,1.04965,12.2945,0.42336,36.966,0.42336,423.524,0,1.02816,0,0,2.62243,1.59427,1.028160,1,0,49.0689,0,0,0,49.0689,0
40.3911,2.48554,0,0,4.38699,0.221989,0.36288,3.6288,60.4633,0.462476,0,0,1.7146,0.242524,0,0.66528,12.849,1,0.817329,0.36288,0,67.2141,4.641,62.1187,0.84672,12.849,0.84672,3695.15,0,36.966,0.42336,3.03317,1.84987,10.192,1.2279,13.4238,0.42336,36.966,0.42336,423.524,0,1.02816,0,0,4.06133,3.03317,1.028160,1,0,75.5424,0,0,0,75.5424,0
41.6571,2.50586,0,0,4.36209,0.22731,0.36288,3.6288,61.308,0.462556,0,0,1.99909,0.229058,0.462794,0.66528,12.849,1,0.797151,0.36288,0,105.245,4.24773,100.563,0.84672,12.849,0.84672,3695.15,0,36.966,0.42336,2.586,1.84996,11.636,1.17434,14.4743,0.42336,36.966,0.42336,423.524,0,1.02816,0,0,3.61416,2.586,1.028160,1,0,115.5,0,0,0,115.5,0
46.2301,2.60356,0,0,7.77492,0.235492,0.36288,3.6288,61.308,0.524521,0,0,4.67223,0.192505,3.9552,0.66528,12.849,1,0.803058,0.36288,0,157.148,3.26456,153.443,0.84672,12.849,0.84672,3695.15,0,36.966,0.42336,4.5748,1.85005,17.0826,1.04043,22.0436,0.42336,36.966,0.42336,423.524,0,1.02816,0,0,5.60296,4.5748,1.028160,1,0,179.442,0,0,0,179.442,0
50.1211,2.66581,0,0,7.16774,0.248117,0.36288,3.6288,61.308,0.524588,0,0,4.49462,0.192505,3.77753,0.66528,12.849,1,0.740923,0.36288,0,184.363,3.26456,180.72,0.84672,12.849,0.84672,3695.15,0,36.966,0.42336,4.76541,1.91734,16.3953,1.04043,21.6142,0.42336,36.966,0.42336,423.524,0,1.02816,0,0,5.79357,4.76541,1.028160,1,0,206.112,0,0,0,206.112,0
56.7205,2.71168,0,0,9.9328,0.258842,0.36288,3.6288,61.308,0.524655,0,0,4.12836,0.192505,3.4112,0.66528,12.849,1,0.695164,0.36288,0,193.818,3.26456,190.221,0.84672,12.849,0.84672,3695.15,0,36.966,0.42336,4.5634,1.91741,17.7527,1.04043,22.7697,0.42336,36.966,0.42336,423.524,0,1.02816,0,0,5.59156,4.5634,1.028160,1,0,216.402,0,0,0,216.402,0
63.7649,2.77772,0,0,10.4549,0.269862,0.36288,3.6288,61.308,0.524722,0,0,5.59442,0.220203,4.84949,0.66528,12.849,1,0.629242,0.36288,0,309.948,3.88195,305.8,0.84672,12.849,0.84672,3695.15,0,36.966,0.42336,5.73288,1.91749,21.7386,1.08945,27.8761,0.42336,36.966,0.42336,423.524,0,1.02816,0,0,6.76104,5.73288,1.028160,1,0,338.525,0,0,0,338.525,0
69.7851,3.11226,0,0,9.80934,0.314002,0.36288,3.6288,61.308,0.66528,0,0,7.44396,0.157543,6.62114,0.66528,12.849,1,0.627137,0.36288,0,235.943,3.12185,232.557,0.84672,12.849,0.84672,3695.15,0,36.966,0.42336,7.20942,1.91756,28.7177,0.82076,36.6006,0.42336,36.966,0.42336,423.524,0,1.02816,0,0,8.23758,7.20942,1.028160,1,0,275.778,0,0,0,275.778,0
72.29,3.02368,0,0,6.63059,0.350927,0.751109,3.6288,61.308,0.66528,0,0,5.7082,0.148538,4.89438,0.66528,12.849,1,0.556728,0.751109,0,198.529,3.36242,195.361,0.84672,12.849,0.84672,3695.15,0,36.966,0.42336,4.6948,2.08845,20.418,0.869255,25.9086,0.42336,36.966,0.42336,423.524,0,1.02816,0,0,5.72296,4.6948,1.028160,1,0,226.164,0,0,0,226.164,0
72.29,3.04006,0,0,4.2624,0.357725,0.86461,3.6288,61.308,0.66528,0,0,3.78249,0.148538,2.96867,0.66528,12.849,1,0.540348,0.86461,0,109.124,3.36242,106.086,0.84672,12.849,0.84672,3695.15,0,36.966,0.42336,2.52419,2.05866,12.7423,0.869255,16.0325,0.42336,36.966,0.42336,423.524,0,1.02816,0,0,3.55235,2.52419,1.028160,1,0,125.087,0,0,0,125.087,0
72.0096,3.04006,0,0,3.48174,0.359237,0.36288,3.6288,61.308,0.66528,0,0,3.71555,0.139783,2.91049,0.66528,12.849,1,0.540348,0.36288,0,85.6872,3.21119,82.2985,0.84672,12.849,0.84672,3695.15,0,36.966,0.42336,2.96905,2.05866,11.405,0.825892,15.1834,0.42336,36.966,0.42336,423.524,0,1.02816,0,0,3.99721,2.96905,1.028160,1,0,100.392,0,0,0,100.392,0
72.29,2.636,0,0,6.44075,0.367594,3.15672,3.6288,61.308,0.605065,0,0,4.34385,0.134262,3.60452,0.66528,12.849,1,0.470353,3.15672,0,122.475,3.61962,121.542,0.84672,12.849,0.84672,3695.15,0,36.966,0.42336,4.26033,2.05866,17.1558,0.833274,22.2181,0.42336,36.966,0.42336,423.524,0,1.02816,0,0,5.28849,4.26033,1.028160,1,0,147.365,0,0,0,147.365,0
72.29,2.77306,0,0,5.12381,0.369272,1.98147,3.6288,61.308,0.445635,0,0,3.70437,0.13699,3.12175,0.66528,12.849,1,0.492891,1.98147,0,125.639,3.7507,123.377,0.84672,12.849,0.84672,3695.15,0,36.966,0.42336,3.78502,1.9233,15.9892,0.852573,20.4216,0.42336,36.966,0.42336,423.524,0,1.02816,0,0,4.81318,3.78502,1.028160,1,0,146.921,0,0,0,146.921,0
72.29,2.77316,0,0,4.5965,0.323959,1.49938,3.6288,61.308,0.445699,0,0,2.46201,0.112925,1.90339,0.66528,12.849,1,0.492908,1.49938,0,105.495,3.40193,103.1,0.84672,12.849,0.84672,3695.15,0,36.966,0.42336,2.67367,1.83003,14.1162,0.802471,17.3941,0.42336,36.966,0.42336,423.524,0,1.02816,0,0,3.70183,2.67367,1.028160,1,0,122.397,0,0,0,122.397,0
72.29,2.77325,0,0,4.85335,0.289975,1.79012,3.6288,61.308,0.445764,0,0,3.24545,0.094876,2.70481,0.66528,12.849,1,0.492924,1.79012,0,111.02,3.14034,109.177,0.84672,12.849,0.84672,3695.15,0,36.966,0.42336,3.81617,1.8301,14.8149,0.764894,19.2729,0.42336,36.966,0.42336,423.524,0,1.02816,0,0,4.84433,3.81617,1.028160,1,0,131.154,0,0,0,131.154,0
72.29,2.77334,0,0,5.76797,0.297808,2.69682,3.6288,61.308,0.445828,0,0,5.15035,0.128203,4.57632,0.66528,12.849,1,0.492941,2.69682,0,123.287,3.63345,121.857,0.84672,12.849,0.84672,3695.15,0,36.966,0.42336,4.44233,1.83017,15.0913,0.840781,20.0997,0.42336,36.966,0.42336,423.524,0,1.02816,0,0,5.47049,4.44233,1.028160,1,0,146.533,0,0,0,146.533,0
72.29,2.87477,0,0,4.2686,0.32004,1.07379,3.6288,61.308,0.522204,0,0,3.09846,0.175913,2.40034,0.66528,12.849,1,0.510969,1.07379,0,86.6981,3.98166,83.2792,0.84672,12.849,0.84672,3695.15,0,36.966,0.42336,2.88693,1.83024,12.803,0.900749,16.1961,0.42336,36.966,0.42336,423.524,0,1.02816,0,0,3.91509,2.88693,1.028160,1,0,101.876,0,0,0,101.876,0
71.714,2.87487,0,0,2.9782,0.316469,0.36288,3.6288,61.308,0.522271,0,0,2.47477,0.17536,1.77714,0.66528,12.849,1,0.510986,0.36288,0,53.9087,3.94128,49.8193,0.84672,12.849,0.84672,3695.15,0,36.966,0.42336,2.17911,1.91164,11.2824,0.900446,14.0493,0.42336,36.966,0.42336,423.524,0,1.02816,0,0,3.20727,2.17911,1.028160,1,0,65.6457,0,0,0,65.6457,0
71.6254,2.51245,0,0,3.10179,0.315086,0.36288,3.6288,61.308,0.66528,0,0,2.4018,0.17536,1.56116,0.66528,12.849,1,0.450157,0.36288,0,70.3728,3.94128,66.3442,0.84672,12.849,0.84672,3695.15,0,36.966,0.42336,2.10441,1.91171,10.7569,0.900446,13.4492,0.42336,36.966,0.42336,423.524,0,1.02816,0,0,3.13257,2.10441,1.028160,1,0,81.3546,0,0,0,81.3546,0
71.1599,2.51208,0,0,2.71512,0.305655,0.36288,3.6288,61.308,0.66528,0,0,2.10947,0.179925,1.26427,0.66528,12.849,1,0.450646,0.36288,0,52.8102,3.98625,48.7362,0.84672,12.849,0.84672,3695.15,0,36.966,0.42336,2.36264,1.94288,9.38347,0.912712,12.3529,0.42336,36.966,0.42336,423.524,0,1.02816,0,0,3.3908,2.36264,1.028160,1,0,62.3534,0,0,0,62.3534,0
71.5619,2.47015,0,0,3.4845,0.24946,0.36288,3.6288,61.308,0.66528,0,0,2.64118,0.207314,1.76858,0.66528,12.849,1,0.446023,0.36288,0,71.7621,4.25607,67.4229,0.84672,12.849,0.84672,3695.15,0,36.966,0.42336,2.8696,1.9429,10.8373,0.986304,14.2402,0.42336,36.966,0.42336,423.524,0,1.02816,0,0,3.89776,2.8696,1.028160,1,0,83.4317,0,0,0,83.4317,0
70.8617,2.83128,0,0,2.74419,0.250228,0.36288,3.6288,61.308,0.492894,0,0,2.00062,0.207314,1.30041,0.66528,12.849,1,0.50836,0.36288,0,59.5351,4.25607,55.1336,0.84672,12.849,0.84672,3695.15,0,36.966,0.42336,2.01007,1.93418,8.54055,0.986304,11.0751,0.42336,36.966,0.42336,423.524,0,1.02816,0,0,3.03823,2.01007,1.028160,1,0,67.5091,0,0,0,67.5091,0
69.8335,2.82713,0,0,2.41069,0.248891,0.36288,3.6288,61.308,0.49296,0,0,1.92766,0.207314,1.22739,0.66528,12.849,1,0.512629,0.36288,0,55.3278,4.25607,50.922,0.84672,12.849,0.84672,3695.15,0,36.966,0.42336,1.7847,1.88035,8.38158,0.986304,10.637,0.42336,36.966,0.42336,423.524,0,1.02816,0,0,2.81286,1.7847,1.028160,1,0,62.7863,0,0,0,62.7863,0
69.1366,2.82085,0,0,2.73375,0.246928,0.36288,3.6288,61.308,0.493026,0,0,2.01221,0.207314,1.31187,0.66528,12.849,1,0.519021,0.36288,0,62.0412,4.25607,57.629,0.84672,12.849,0.84672,3695.15,0,36.966,0.42336,1.581,1.88043,9.69589,0.986304,11.7477,0.42336,36.966,0.42336,423.524,0,1.02816,0,0,2.60916,1.581,1.028160,1,0,70.6886,0,0,0,70.6886,0
68.156,2.95014,0,0,2.53776,0.205319,0.36288,3.6288,61.308,0.598227,0,0,1.74542,0.231705,0.915485,0.66528,12.849,1,0.548282,0.36288,0,49.8014,4.58846,45.0275,0.84672,12.849,0.84672,3695.15,0,36.966,0.42336,1.35206,1.8805,7.54168,1.10192,9.24896,0.42336,36.966,0.42336,423.524,0,1.02816,0,0,2.38022,1.35206,1.028160,1,0,55.192,0,0,0,55.192,0
67.0783,2.9436,0,0,2.43434,0.205559,0.36288,3.6288,61.308,0.598297,0,0,1.6269,0.23298,0.795627,0.66528,12.849,1,0.554938,0.36288,0,44.3235,4.61107,39.5204,0.84672,12.849,0.84672,3695.15,0,36.966,0.42336,1.40861,1.99149,7.11314,1.12422,8.96565,0.42336,36.966,0.42336,423.524,0,1.02816,0,0,2.43677,1.40861,1.028160,1,0,49.2817,0,0,0,49.2817,0
65.7695,2.93622,0,0,2.16649,0.176169,0.36288,3.6288,61.308,0.598366,0,0,1.5442,0.251867,0.693968,0.66528,12.849,1,0.562439,0.36288,0,39.2118,4.82527,34.1869,0.84672,12.849,0.84672,3695.15,0,36.966,0.42336,1.30613,1.99156,6.9196,1.17895,8.61499,0.42336,36.966,0.42336,423.524,0,1.02816,0,0,2.33429,1.30613,1.028160,1,0,43.4959,0,0,0,43.4959,0
64.377,2.92695,0,0,2.05117,0.153822,0.36288,3.6288,61.308,0.598435,0,0,1.47986,0.266032,0.615392,0.66528,12.849,1,0.571822,0.36288,0,37.3626,4.98592,32.1677,0.84672,12.849,0.84672,3695.15,0,36.966,0.42336,1.16827,1.99164,6.84319,1.21999,8.35974,0.42336,36.966,0.42336,423.524,0,1.02816,0,0,2.19643,1.16827,1.028160,1,0,41.1428,0,0,0,41.1428,0
62.8912,2.91674,0,0,1.92175,0.127977,0.36288,3.6288,61.308,0.598505,0,0,1.19359,0.244981,0.350105,0.66528,12.849,1,0.582152,0.36288,0,35.8044,4.98327,30.6019,0.84672,12.849,0.84672,3695.15,0,36.966,0.42336,1.0523,1.99172,6.56325,1.20771,7.9762,0.42336,36.966,0.42336,423.524,0,1.02816,0,0,2.08046,1.0523,1.028160,1,0,38.9282,0,0,0,38.9282,0
61.2898,2.8794,0,0,1.73558,0.0946479,0.36288,3.6288,61.2942,0.656368,0,0,0.859481,0.216912,0,0.66528,12.849,1,0.588276,0.36288,0,34.041,4.97973,28.8359,0.84672,12.849,0.84672,3695.15,0,36.966,0.42336,0.96476,1.99179,6.02661,1.19133,7.36847,0.42336,36.966,0.42336,423.524,0,1.02816,0,0,1.99292,0.96476,1.028160,1,0,36.2043,0,0,0,36.2043,0
59.5452,2.86679,0,0,1.57843,0.0934096,0.36288,3.6288,61.259,0.656439,0,0,0.838089,0.216893,0,0.66528,12.849,1,0.601003,0.36288,0,33.3748,4.97973,28.1569,0.84672,12.849,0.84672,3695.15,0,36.966,0.42336,0.938935,2.03065,5.77454,1.19133,7.12943,0.42336,36.966,0.42336,423.524,0,1.02816,0,0,1.96709,0.938935,1.028160,1,0,35.2863,0,0,0,35.2863,0
57.6706,2.8524,0,0,1.43265,0.0919762,0.36288,3.6288,61.1719,0.656511,0,0,0.786257,0.216845,0,0.66528,12.849,1,0.615507,0.36288,0,29.7396,4.97973,24.5072,0.84672,12.849,0.84672,3695.15,0,36.966,0.42336,0.717111,2.03072,5.58612,1.19133,6.71927,0.42336,36.966,0.42336,423.524,0,1.02816,0,0,1.74527,0.717111,1.028160,1,0,31.2265,0,0,0,31.2265,0
55.77,2.83613,0,0,1.35921,0.0607912,0.36288,3.6288,60.9594,0.656582,0,0,0.737528,0.293443,0,0.66528,12.849,1,0.631891,0.36288,0,26.7506,5.96778,20.5138,0.84672,12.849,0.84672,3695.15,0,36.966,0.42336,0.723937,2.0308,5.29404,1.55199,6.07343,0.42336,36.966,0.42336,423.524,0,1.02816,0,0,1.7521,0.723937,1.028160,1,0,26.5872,0,0,0,26.5872,0
53.8746,2.88451,0,0,1.41383,0.0618538,0.36288,3.6288,60.733,0.66528,0,0,0.756721,0.317781,0,0.66528,12.849,1,0.664571,0.36288,0,30.475,6.13998,24.0333,0.84672,12.849,0.84672,3695.15,0,36.966,0.42336,0.650169,2.03088,4.57673,1.544,5.29042,0.42336,36.966,0.42336,423.524,0,1.02816,0,0,1.67833,0.650169,1.028160,1,0,29.3238,0,0,0,29.3238,0
51.9252,2.86573,0,0,1.33996,0.0606854,0.36288,3.6288,60.4274,0.66528,0,0,0.676987,0.317325,0,0.66528,12.849,1,0.683472,0.36288,0,26.9272,6.13998,20.4666,0.84672,12.849,0.84672,3695.15,0,36.966,0.42336,0.813741,2.05279,4.78026,1.544,5.67943,0.42336,36.966,0.42336,423.524,0,1.02816,0,0,1.8419,0.813741,1.028160,1,0,26.146,0,0,0,26.146,0
49.9102,2.84526,0,0,1.25262,0.0594837,0.36288,3.6288,60.0718,0.66528,0,0,0.626357,0.31671,0,0.66528,12.849,1,0.704065,0.36288,0,25.6039,6.13998,19.1227,0.84672,12.849,0.84672,3695.15,0,36.966,0.42336,0.655249,2.05281,4.1945,1.544,4.9352,0.42336,36.966,0.42336,423.524,0,1.02816,0,0,1.68341,0.655249,1.028160,1,0,24.0579,0,0,0,24.0579,0
47.9021,2.82275,0,0,1.2358,0.0582415,0.36288,3.6288,59.7682,0.66528,0,0,0.677675,0.315994,0,0.66528,12.849,1,0.726695,0.36288,0,23.7579,6.13998,17.2541,0.84672,12.849,0.84672,3695.15,0,36.966,0.42336,0.768718,2.05283,4.7435,1.544,5.59769,0.42336,36.966,0.42336,423.524,0,1.02816,0,0,1.79688,0.768718,1.028160,1,0,22.8518,0,0,0,22.8518,0
45.5882,2.98574,0,0,1.08655,0.0518745,0.36288,3.6288,59.3935,0.66528,0,0,0.623227,0.332597,0,0.66528,12.849,1,0.800879,0.36288,0,22.1835,6.40057,15.3449,0.84672,12.849,0.84672,3695.15,0,36.966,0.42336,0.762316,2.05285,5.32977,1.57109,6.15049,0.42336,36.966,0.42336,423.524,0,1.02816,0,0,1.79048,0.762316,1.028160,1,0,21.4954,0,0,0,21.4954,0
43.1731,2.79242,0,0,0.797221,0.0570284,0.36288,3.6288,58.8789,0.66528,0,0,0.498495,0.347794,0,0.66528,12.849,1,0.787042,0.36288,0,18.777,6.40678,11.946,0.84672,12.849,0.84672,3695.15,0,36.966,0.42336,0.607599,2.0973,4.42988,1.54606,5.16536,0.42336,36.966,0.42336,423.524,0,1.02816,0,0,1.63576,0.607599,1.028160,1,0,17.1114,0,0,0,17.1114,0
40.8451,2.75849,0,0,0.848819,0.0554849,0.36288,3.6288,58.3614,0.66528,0,0,0.494419,0.346648,0,0.66528,12.849,1,0.82097,0.36288,0,17.5404,6.40678,10.6755,0.84672,12.849,0.84672,3695.15,0,36.966,0.42336,0.582327,2.05848,4.66888,1.54606,5.34027,0.42336,36.966,0.42336,423.524,0,1.02816,0,0,1.61049,0.582327,1.028160,1,0,16.0158,0,0,0,16.0158,0
38.9619,2.73274,0,0,1.27403,0.061527,0.36288,3.6288,57.9415,0.66528,0,0,0.588703,0.343391,0,0.66528,12.849,1,0.84672,0.36288,0,25.9012,6.34741,19.0699,0.84672,12.849,0.84672,3695.15,0,36.966,0.42336,0.900556,2.05848,4.96168,1.53878,5.95857,0.42336,36.966,0.42336,423.524,0,1.02816,0,0,1.92872,0.900556,1.028160,1,0,25.0285,0,0,0,25.0285,0
37.3587,2.73273,0,0,1.56725,0.0748871,0.36288,3.6288,57.6331,0.66528,0,0,0.673739,0.316862,0,0.66528,12.849,1,0.84672,0.36288,0,25.2978,6.02979,18.7842,0.84672,12.849,0.84672,3695.15,0,36.966,0.42336,0.801792,2.05848,4.99462,1.4663,5.96523,0.42336,36.966,0.42336,423.524,0,1.02816,0,0,1.82995,0.801792,1.028160,1,0,24.7494,0,0,0,24.7494,0
35.4016,2.61718,0,0,1.09965,0.0766322,0.36288,3.6288,57.4,0.66528,0,0,0.704097,0.271842,0,0.66528,12.849,1,0.84672,0.36288,0,16.8819,5.33946,11.0586,0.84672,12.849,0.84672,3695.15,0,36.966,0.42336,1.06406,2.05848,5.24299,1.33422,6.60795,0.42336,36.966,0.42336,423.524,0,1.02816,0,0,2.09222,1.06406,1.028160,1,0,17.6665,0,0,0,17.6665,0
32.7219,2.73506,0,0,0.493081,0.0748635,0.36288,3.6288,56.6997,0.828386,0,0,0.399459,0.271432,0,0.66528,12.849,1,0.84672,0.36288,0,12.8362,5.33946,7.01289,0.84672,12.849,0.84672,3695.15,0,36.966,0.42336,0.204422,2.03682,2.69586,1.33422,3.17953,0.42336,36.966,0.42336,423.524,0,0.865054,0,0,1.06948,0.204422,1.028160,1,0,10.1924,0,0,0,10.1924,0
30.1514,2.73505,0,0,0.617541,0.0901767,0.36288,3.6288,56.1451,0.7924,0,0,0.505475,0.267676,0,0.66528,12.849,1,0.84672,0.36288,0,12.2465,5.159,6.60367,0.84672,12.849,0.84672,3695.15,0,36.966,0.42336,0.216518,2.05891,3.29813,1.30706,3.84314,0.42336,36.966,0.42336,423.524,0,0.90104,0,0,1.11756,0.216518,1.028160,1,0,10.4468,0,0,0,10.4468,0
28.6298,2.73505,0,0,1.72338,0.146989,0.36288,3.6288,56.0872,0.66528,0,0,0.895892,0.288452,0,0.66528,12.849,1,0.84672,0.36288,0,20.0363,4.67974,14.8727,0.84672,12.849,0.84672,3695.15,0,36.966,0.42336,1.71787,2.05891,7.10545,1.16527,9.29359,0.42336,36.966,0.42336,423.524,0,1.02816,0,0,2.74603,1.71787,1.028160,1,0,24.1663,0,0,0,24.1663,0
26.8009,2.64019,0,0,1.33504,0.16086,0.36288,3.6288,55.7469,0.66528,0,0,0.540034,0.215076,0,0.66528,12.849,1,0.84672,0.36288,0,23.7361,4.11829,19.1339,0.84672,12.849,0.84672,3695.15,0,36.966,0.42336,0.252409,2.05891,4.64775,1.05034,5.48537,0.42336,36.966,0.42336,423.524,0,1.02816,0,0,1.28057,0.252409,1.028160,1,0,24.6193,0,0,0,24.6193,0
24.6211,2.73074,0,0,1.08726,0.173498,0.36288,3.6288,54.9286,0.988796,0,0,0.370552,0.200114,0,0.66528,12.849,1,0.84672,0.36288,0,17.6684,4.04744,13.1371,0.84672,12.849,0.84672,3695.15,0,36.966,0.42336,0.216518,2.04114,3.96731,1.06013,4.74148,0.42336,36.966,0.42336,423.524,0,0.704644,0,0,0.921162,0.216518,1.028160,1,0,17.8786,0,0,0,17.8786,0
22.9957,2.73087,0,0,1.63661,0.168204,0.36288,3.6288,54.9616,0.66528,0,0,0.897353,0.199041,0,0.66528,12.849,1,0.84672,0.36288,0,27.5516,4.04744,23.0203,0.84672,12.849,0.84672,3695.15,0,36.966,0.42336,1.63426,2.05811,8.04452,1.06013,10.2534,0.42336,36.966,0.42336,423.524,0,1.02816,0,0,2.66242,1.63426,1.028160,1,0,33.2737,0,0,0,33.2737,0
23.6997,2.73099,0,0,3.96216,0.164325,0.36288,3.6288,56.1076,0.66528,0,0,2.01034,0.199084,0,0.66528,12.849,1,0.84672,0.36288,0,72.2034,4.04744,67.6722,0.84672,12.849,0.84672,3695.15,0,36.966,0.42336,3.16119,2.05813,12.1696,1.06013,15.9054,0.42336,36.966,0.42336,423.524,0,1.02816,0,0,4.18935,3.16119,1.028160,1,0,83.5776,0,0,0,83.5776,0
23.5756,2.46166,0,0,2.89577,0.195376,0.36288,3.6288,56.286,0.465666,0,0,0.803606,0.159475,0,0.66528,12.849,1,0.84672,0.36288,0,46.0339,3.50106,42.049,0.84672,12.849,0.84672,3695.15,0,36.966,0.42336,0.684098,2.05815,7.13697,0.92568,8.53018,0.42336,36.966,0.42336,423.524,0,1.02816,0,0,1.71226,0.684098,1.028160,1,0,50.5792,0,0,0,50.5792,0
24.2248,2.46177,0,0,3.65551,0.18166,0.36288,3.6288,56.5077,0.46573,0,0,0.855999,0.1686,0,0.66528,12.849,1,0.84672,0.36288,0,64.9647,3.66261,60.8182,0.84672,12.849,0.84672,3695.15,0,36.966,0.42336,1.26668,1.85346,9.18769,0.986684,10.8978,0.42336,36.966,0.42336,423.524,0,1.02816,0,0,2.29484,1.26668,1.028160,1,0,71.716,0,0,0,71.716,0
26.327,2.46188,0,0,5.11041,0.183389,0.36288,3.6288,57.0069,0.465795,0,0,1.13386,0.168844,0,0.66528,12.849,1,0.84672,0.36288,0,73.8196,3.66261,69.6732,0.84672,12.849,0.84672,3695.15,0,36.966,0.42336,1.87669,1.85353,14.6153,0.986684,16.9354,0.42336,36.966,0.42336,423.524,0,1.02816,0,0,2.90485,1.87669,1.028160,1,0,86.6086,0,0,0,86.6086,0
26.8206,2.46199,0,0,3.51067,0.192207,0.36288,3.6288,57.4343,0.46586,0,0,1.06146,0.1682,0,0.66528,12.849,1,0.84672,0.36288,0,82.3699,3.71348,78.1726,0.84672,12.849,0.84672,3695.15,0,36.966,0.42336,1.49495,1.8536,8.7194,0.978712,10.6659,0.42336,36.966,0.42336,423.524,0,1.02816,0,0,2.52311,1.49495,1.028160,1,0,88.8384,0,0,0,88.8384,0
26.9098,2.4621,0,0,3.1258,0.211681,0.36288,3.6288,57.7124,0.465925,0,0,0.927253,0.183236,0,0.66528,12.849,1,0.84672,0.36288,0,67.027,4.3776,62.1655,0.84672,12.849,0.84672,3695.15,0,36.966,0.42336,1.31619,1.85367,7.01784,1.09395,8.67039,0.42336,36.966,0.42336,423.524,0,1.02816,0,0,2.34435,1.31619,1.028160,1,0,70.8359,0,0,0,70.8359,0
28.7031,2.56586,0,0,4.92029,0.198241,0.36288,3.6288,58.2284,0.527982,0,0,1.2484,0.204387,0,0.66528,12.849,1,0.84672,0.36288,0,70.3374,4.84512,65.0084,0.84672,12.849,0.84672,3695.15,0,36.966,0.42336,2.68218,1.85374,8.18052,1.40736,10.8857,0.42336,36.966,0.42336,423.524,0,1.02816,0,0,3.71034,2.68218,1.028160,1,0,75.8941,0,0,0,75.8941,0
29.8698,2.56595,0,0,4.29879,0.203209,0.36288,3.6288,58.9422,0.528033,0,0,1.44682,0.205069,0,0.66528,12.849,1,0.84672,0.36288,0,85.1766,4.84512,79.8476,0.84672,12.849,0.84672,3695.15,0,36.966,0.42336,2.9638,1.92113,8.01861,1.40736,11.0728,0.42336,36.966,0.42336,423.524,0,1.02816,0,0,3.99196,2.9638,1.028160,1,0,90.9204,0,0,0,90.9204,0
30.3045,2.56604,0,0,3.57,0.206441,0.36288,3.6288,59.433,0.528083,0,0,1.22498,0.206013,0,0.66528,12.849,1,0.84672,0.36288,0,65.7357,4.84512,60.4068,0.84672,12.849,0.84672,3695.15,0,36.966,0.42336,2.56128,1.92119,9.3738,1.40736,12.0255,0.42336,36.966,0.42336,423.524,0,1.02816,0,0,3.58944,2.56128,1.028160,1,0,72.4323,0,0,0,72.4323,0
30.6398,2.56612,0,0,3.4476,0.183247,0.36288,3.6288,59.7084,0.528134,0,0,1.01674,0.213247,0,0.66528,12.849,1,0.84672,0.36288,0,88.7795,4.55751,83.7381,0.84672,12.849,0.84672,3695.15,0,36.966,0.42336,1.97456,1.92124,7.86119,1.17173,10.1619,0.42336,36.966,0.42336,423.524,0,1.02816,0,0,3.00272,1.97456,1.028160,1,0,93.9,0,0,0,93.9,0
31.0073,2.8991,0,0,3.86719,0.237723,0.36288,3.6288,59.9839,0.66528,0,0,1.11467,0.17385,0,0.66528,12.849,1,0.84672,0.36288,0,78.0529,3.6871,73.8819,0.84672,12.849,0.84672,3695.15,0,36.966,0.42336,2.11182,1.9213,5.79173,0.866713,8.53478,0.42336,36.966,0.42336,423.524,0,1.02816,0,0,3.13998,2.11182,1.028160,1,0,82.4167,0,0,0,82.4167,0
31.2035,2.73353,0,0,3.54363,0.251037,0.36288,3.6288,60.2401,0.66528,0,0,1.08899,0.16753,0,0.66528,12.849,1,0.84672,0.36288,0,72.03,3.56486,67.9813,0.84672,12.849,0.84672,3695.15,0,36.966,0.42336,1.99218,2.08966,5.20838,0.842407,8.02445,0.42336,36.966,0.42336,423.524,0,1.02816,0,0,3.02034,1.99218,1.028160,1,0,76.0057,0,0,0,76.0057,0
31.8949,2.73353,0,0,4.02495,0.237113,0.36288,3.6288,60.5076,0.66528,0,0,1.11995,0.187237,0,0.66528,12.849,1,0.84672,0.36288,0,73.3156,4.66842,68.1633,0.84672,12.849,0.84672,3695.15,0,36.966,0.42336,2.22833,2.05863,5.89316,1.22848,8.52828,0.42336,36.966,0.42336,423.524,0,1.02816,0,0,3.25649,2.22833,1.028160,1,0,76.6916,0,0,0,76.6916,0
32.5102,2.73353,0,0,3.92716,0.215498,0.36288,3.6288,60.8224,0.66528,0,0,1.17755,0.197418,0,0.66528,12.849,1,0.84672,0.36288,0,78.9601,4.23807,74.2382,0.84672,12.849,0.84672,3695.15,0,36.966,0.42336,2.64823,2.05863,6.76692,0.980187,10.0702,0.42336,36.966,0.42336,423.524,0,1.02816,0,0,3.67639,2.64823,1.028160,1,0,84.3084,0,0,0,84.3084,0
34.5802,2.25867,0,0,4.90501,0.213409,0.36288,3.6288,61.308,0.614722,0,0,1.48598,0.182597,0.203067,0.66528,12.849,1,0.84672,0.36288,0,126.01,3.46637,122.06,0.84672,12.849,0.84672,3695.15,0,36.966,0.42336,2.4133,2.05863,7.80371,0.910232,10.942,0.42336,36.966,0.42336,423.524,0,1.02816,0,0,3.44146,2.4133,1.028160,1,0,133.205,0,0,0,133.205,0
36.6303,2.42471,0,0,5.05655,0.218905,0.36288,3.6288,61.308,0.448816,0,0,1.46594,0.17603,0.841094,0.66528,12.849,1,0.84672,0.36288,0,92.1551,3.19484,88.4764,0.84672,12.849,0.84672,3695.15,0,36.966,0.42336,1.93959,1.93058,6.85863,0.902539,9.4029,0.42336,36.966,0.42336,423.524,0,1.02816,0,0,2.96775,1.93959,1.028160,1,0,98.7204,0,0,0,98.7204,0
37.2045,2.42479,0,0,3.58626,0.224377,0.36288,3.6288,61.308,0.448865,0,0,1.13708,0.17603,0.51219,0.66528,12.849,1,0.84672,0.36288,0,84.1588,3.19484,80.4801,0.84672,12.849,0.84672,3695.15,0,36.966,0.42336,1.87072,1.83352,5.40929,0.902539,7.78762,0.42336,36.966,0.42336,423.524,0,1.02816,0,0,2.89888,1.87072,1.028160,1,0,88.7799,0,0,0,88.7799,0
39.0121,2.43176,0,0,4.82011,0.217881,0.36288,3.6288,61.308,0.448913,0,0,1.21475,0.170014,0.595822,0.66528,12.849,1,0.839837,0.36288,0,97.0307,3.10764,93.4461,0.84672,12.849,0.84672,3695.15,0,36.966,0.42336,1.54164,1.83357,5.9626,0.890013,8.02443,0.42336,36.966,0.42336,423.524,0,1.02816,0,0,2.5698,1.54164,1.028160,1,0,102.066,0,0,0,102.066,0
40.5342,2.4611,0,0,4.55225,0.206152,0.36288,3.6288,61.308,0.448962,0,0,1.41327,0.186288,0.778021,0.66528,12.849,1,0.810585,0.36288,0,103.807,3.7872,99.5721,0.84672,12.849,0.84672,3695.15,0,36.966,0.42336,2.78013,1.83362,7.27612,1.0235,10.443,0.42336,36.966,0.42336,423.524,0,1.02816,0,0,3.80829,2.78013,1.028160,1,0,110.793,0,0,0,110.793,0
42.712,2.57504,0,0,5.32653,0.210757,0.36288,3.6288,61.308,0.525448,0,0,1.74843,0.147006,1.07597,0.66528,12.849,1,0.816266,0.36288,0,124.039,3.03566,120.55,0.84672,12.849,0.84672,3695.15,0,36.966,0.42336,1.98664,1.83367,9.56828,0.780327,12.1849,0.42336,36.966,0.42336,423.524,0,1.02816,0,0,3.0148,1.98664,1.028160,1,0,133.811,0,0,0,133.811,0
43.8145,2.6071,0,0,4.28865,0.21621,0.36288,3.6288,61.308,0.525499,0,0,1.45374,0.147006,0.781236,0.66528,12.849,1,0.784291,0.36288,0,86.1123,3.03566,82.6552,0.84672,12.849,0.84672,3695.15,0,36.966,0.42336,1.45904,1.91519,7.59534,0.780327,9.76587,0.42336,36.966,0.42336,423.524,0,1.02816,0,0,2.4872,1.45904,1.028160,1,0,93.2023,0,0,0,93.2023,0
44.722,2.62243,0,0,4.10784,0.215033,0.36288,3.6288,61.308,0.525549,0,0,1.38516,0.147676,0.711931,0.66528,12.849,1,0.769051,0.36288,0,84.5484,2.9946,81.1477,0.84672,12.849,0.84672,3695.15,0,36.966,0.42336,1.64581,1.91524,6.50132,0.796455,8.84256,0.42336,36.966,0.42336,423.524,0,1.02816,0,0,2.67397,1.64581,1.028160,1,0,90.7022,0,0,0,90.7022,0
45.8152,2.63462,0,0,4.28407,0.193393,0.36288,3.6288,61.308,0.525599,0,0,1.51295,0.151698,0.835653,0.66528,12.849,1,0.756948,0.36288,0,96.4907,2.74827,93.3483,0.84672,12.849,0.84672,3695.15,0,36.966,0.42336,1.88595,1.9153,7.70679,0.893219,10.1915,0.42336,36.966,0.42336,423.524,0,1.02816,0,0,2.91411,1.88595,1.028160,1,0,104.375,0,0,0,104.375,0
47.0563,2.61228,0,0,4.38066,0.16437,0.36288,3.6288,61.308,0.495959,0,0,1.64128,0.195595,0.949726,0.66528,12.849,1,0.732623,0.36288,0,113.405,4.13133,108.904,0.84672,12.849,0.84672,3695.15,0,36.966,0.42336,2.55309,1.91535,11.6519,0.971687,14.7253,0.42336,36.966,0.42336,423.524,0,1.02816,0,0,3.58125,2.55309,1.028160,1,0,124.579,0,0,0,124.579,0
47.1281,2.62753,0,0,3.2289,0.166651,0.36288,3.6288,61.308,0.496009,0,0,1.18161,0.195595,0.490002,0.66528,12.849,1,0.717463,0.36288,0,72.9225,4.13133,68.4365,0.84672,12.849,0.84672,3695.15,0,36.966,0.42336,1.51279,1.88371,6.00281,0.971687,8.00427,0.42336,36.966,0.42336,423.524,0,1.02816,0,0,2.54095,1.51279,1.028160,1,0,76.9308,0,0,0,76.9308,0
46.7623,2.62846,0,0,2.79228,0.166783,0.36288,3.6288,61.308,0.496059,0,0,1.12679,0.195595,0.435132,0.66528,12.849,1,0.716622,0.36288,0,64.5978,4.13133,60.1128,0.84672,12.849,0.84672,3695.15,0,36.966,0.42336,1.26127,1.88376,5.25183,0.971687,7.00182,0.42336,36.966,0.42336,423.524,0,1.02816,0,0,2.28943,1.26127,1.028160,1,0,67.5497,0,0,0,67.5497,0
46.1001,2.62413,0,0,2.49096,0.16611,0.36288,3.6288,61.308,0.496108,0,0,1.00052,0.195595,0.308817,0.66528,12.849,1,0.721038,0.36288,0,55.4819,4.13133,50.9924,0.84672,12.849,0.84672,3695.15,0,36.966,0.42336,0.967671,1.88382,4.56062,0.971687,6.01707,0.42336,36.966,0.42336,423.524,0,1.02816,0,0,1.99583,0.967671,1.028160,1,0,57.3183,0,0,0,57.3183,0
45.2607,2.74019,0,0,2.41828,0.154637,0.36288,3.6288,61.308,0.60146,0,0,1.00555,0.210298,0.193791,0.66528,12.849,1,0.763745,0.36288,0,49.6015,4.49829,44.7023,0.84672,12.849,0.84672,3695.15,0,36.966,0.42336,0.957848,1.88387,4.60573,1.04997,5.97412,0.42336,36.966,0.42336,423.524,0,1.02816,0,0,1.98601,0.957848,1.028160,1,0,50.8702,0,0,0,50.8702,0
44.2913,2.72923,0,0,2.25548,0.132814,0.36288,3.6288,61.2855,0.601512,0,0,0.786413,0.207439,0,0.66528,12.849,1,0.774798,0.36288,0,44.5913,4.36677,39.8126,0.84672,12.849,0.84672,3695.15,0,36.966,0.42336,0.952249,1.99502,4.60617,1.11158,6.0185,0.42336,36.966,0.42336,423.524,0,1.02816,0,0,1.98041,0.952249,1.028160,1,0,45.8311,0,0,0,45.8311,0
43.1344,2.71615,0,0,2.0239,0.101711,0.36288,3.6288,61.2387,0.601565,0,0,0.764165,0.209352,0,0.66528,12.849,1,0.787963,0.36288,0,39.0062,4.43163,34.1495,0.84672,12.849,0.84672,3695.15,0,36.966,0.42336,0.961053,1.99508,4.3052,1.07061,5.76736,0.42336,36.966,0.42336,423.524,0,1.02816,0,0,1.98921,0.961053,1.028160,1,0,39.9169,0,0,0,39.9169,0
41.9698,2.69994,0,0,1.99854,0.100373,0.36288,3.6288,61.2578,0.601617,0,0,0.830002,0.20929,0,0.66528,12.849,1,0.804266,0.36288,0,37.721,4.43163,32.848,0.84672,12.849,0.84672,3695.15,0,36.966,0.42336,0.919244,1.99513,4.72013,1.07061,6.14053,0.42336,36.966,0.42336,423.524,0,1.02816,0,0,1.9474,0.919244,1.028160,1,0,38.9885,0,0,0,38.9885,0
40.8262,2.68292,0,0,2.00114,0.0988941,0.36288,3.6288,61.2541,0.60167,0,0,0.804142,0.206204,0,0.66528,12.849,1,0.821374,0.36288,0,37.962,4.34655,33.157,0.84672,12.849,0.84672,3695.15,0,36.966,0.42336,0.86991,1.99519,4.53862,1.04073,5.93963,0.42336,36.966,0.42336,423.524,0,1.02816,0,0,1.89807,0.86991,1.028160,1,0,39.0966,0,0,0,39.0966,0
39.9121,2.64162,0,0,2.18763,0.0972482,0.36288,3.6288,61.2809,0.659605,0,0,0.884866,0.19842,0,0.66528,12.849,1,0.831381,0.36288,0,42.505,4.13385,37.9026,0.84672,12.849,0.84672,3695.15,0,36.966,0.42336,0.89958,1.99525,5.46134,0.966008,6.9668,0.42336,36.966,0.42336,423.524,0,1.02816,0,0,1.92774,0.89958,1.028160,1,0,44.8695,0,0,0,44.8695,0
38.8113,2.62728,0,0,1.98559,0.0961958,0.36288,3.6288,61.253,0.659659,0,0,0.830148,0.198454,0,0.66528,12.849,1,0.845807,0.36288,0,37.8754,4.13385,33.2587,0.84672,12.849,0.84672,3695.15,0,36.966,0.42336,0.682188,2.03414,5.28312,0.966008,6.61008,0.42336,36.966,0.42336,423.524,0,1.02816,0,0,1.71035,0.682188,1.028160,1,0,39.8687,0,0,0,39.8687,0
37.6349,2.62646,0,0,1.88381,0.0709134,0.36288,3.6288,61.0968,0.659713,0,0,0.778697,0.275175,0,0.66528,12.849,1,0.84672,0.36288,0,34.0687,5.1219,28.463,0.84672,12.849,0.84672,3695.15,0,36.966,0.42336,0.688876,2.0342,5.00687,1.32666,5.97993,0.42336,36.966,0.42336,423.524,0,1.02816,0,0,1.71704,0.688876,1.028160,1,0,34.4429,0,0,0,34.4429,0
36.2462,2.62654,0,0,1.67069,0.0699461,0.36288,3.6288,60.8939,0.659767,0,0,0.731843,0.274903,0,0.66528,12.849,1,0.84672,0.36288,0,31.958,5.1219,26.3522,0.84672,12.849,0.84672,3695.15,0,36.966,0.42336,0.666101,2.03426,4.81708,1.32666,5.76741,0.42336,36.966,0.42336,423.524,0,1.02816,0,0,1.69426,0.666101,1.028160,1,0,32.1197,0,0,0,32.1197,0
34.8288,2.70769,0,0,1.71474,0.0616105,0.36288,3.6288,60.639,0.66528,0,0,0.688003,0.277691,0,0.66528,12.849,1,0.84672,0.36288,0,31.4443,5.679,25.2815,0.84672,12.849,0.84672,3695.15,0,36.966,0.42336,0.714416,2.03432,4.04318,1.3503,5.01826,0.42336,36.966,0.42336,423.524,0,1.02816,0,0,1.74258,0.714416,1.028160,1,0,30.2997,0,0,0,30.2997,0
33.3336,2.70779,0,0,1.6349,0.0593882,0.36288,3.6288,60.3585,0.66528,0,0,0.662593,0.277765,0,0.66528,12.849,1,0.84672,0.36288,0,29.7307,5.77185,23.475,0.84672,12.849,0.84672,3695.15,0,36.966,0.42336,0.752527,2.05379,4.06102,1.35424,5.08974,0.42336,36.966,0.42336,423.524,0,1.02816,0,0,1.78069,0.752527,1.028160,1,0,28.5647,0,0,0,28.5647,0
31.6501,2.70788,0,0,1.44555,0.0583088,0.36288,3.6288,60.0397,0.66528,0,0,0.623748,0.277271,0,0.66528,12.849,1,0.84672,0.36288,0,28.0848,5.77185,21.8291,0.84672,12.849,0.84672,3695.15,0,36.966,0.42336,0.568028,2.0538,3.80976,1.35424,4.65399,0.42336,36.966,0.42336,423.524,0,1.02816,0,0,1.59619,0.568028,1.028160,1,0,26.4831,0,0,0,26.4831,0
29.8349,2.70797,0,0,1.30628,0.0506017,0.36288,3.6288,59.7102,0.66528,0,0,0.617585,0.281847,0,0.66528,12.849,1,0.84672,0.36288,0,26.6223,5.9214,20.217,0.84672,12.849,0.84672,3695.15,0,36.966,0.42336,0.520396,2.05382,3.80132,1.38412,4.56806,0.42336,36.966,0.42336,423.524,0,1.02816,0,0,1.54856,0.520396,1.028160,1,0,24.7851,0,0,0,24.7851,0
27.5669,2.94547,0,0,1.09344,0.0531406,0.36288,3.6288,59.3678,0.66528,0,0,0.597516,0.274556,0,0.66528,12.849,1,0.84672,0.36288,0,23.6956,5.98514,17.2267,0.84672,12.849,0.84672,3695.15,0,36.966,0.42336,0.666179,2.05384,3.74341,1.40153,4.63854,0.42336,36.966,0.42336,423.524,0,1.02816,0,0,1.69434,0.666179,1.028160,1,0,21.8652,0,0,0,21.8652,0
25.4568,2.7326,0,0,1.04441,0.0590438,0.36288,3.6288,58.9752,0.66528,0,0,0.543443,0.270763,0,0.66528,12.849,1,0.84672,0.36288,0,20.2776,5.97261,13.8211,0.84672,12.849,0.84672,3695.15,0,36.966,0.42336,0.844439,2.09835,3.8393,1.53313,4.8256,0.42336,36.966,0.42336,423.524,0,1.02816,0,0,1.8726,0.844439,1.028160,1,0,18.6467,0,0,0,18.6467,0
23.3262,2.7326,0,0,1.02228,0.0573186,0.36288,3.6288,58.548,0.66528,0,0,0.508106,0.270082,0,0.66528,12.849,1,0.84672,0.36288,0,18.5039,5.97261,12.0475,0.84672,12.849,0.84672,3695.15,0,36.966,0.42336,0.739247,2.05845,3.85346,1.53313,4.69467,0.42336,36.966,0.42336,423.524,0,1.02816,0,0,1.76741,0.739247,1.028160,1,0,16.7422,0,0,0,16.7422,0
21.6604,2.73259,0,0,1.4852,0.0555766,0.36288,3.6288,58.1972,0.66528,0,0,0.583828,0.269342,0,0.66528,12.849,1,0.84672,0.36288,0,21.0747,5.97261,14.6182,0.84672,12.849,0.84672,3695.15,0,36.966,0.42336,1.05338,2.05845,4.27245,1.53313,5.42779,0.42336,36.966,0.42336,423.524,0,1.02816,0,0,2.08154,1.05338,1.028160,1,0,20.046,0,0,0,20.046,0
20.5359,2.73259,0,0,2.04474,0.0737687,0.36288,3.6288,58.0164,0.66528,0,0,0.743602,0.25914,0,0.66528,12.849,1,0.84672,0.36288,0,32.6611,5.75853,26.4187,0.84672,12.849,0.84672,3695.15,0,36.966,0.42336,1.20366,2.05845,4.96331,1.50515,6.29691,0.42336,36.966,0.42336,423.524,0,1.02816,0,0,2.23182,1.20366,1.028160,1,0,32.7156,0,0,0,32.7156,0
18.5547,2.61687,0,0,1.07431,0.0757149,0.36288,3.6288,57.5774,0.66528,0,0,0.478208,0.251864,0,0.66528,12.849,1,0.84672,0.36288,0,24.1547,5.45349,18.2173,0.84672,12.849,0.84672,3695.15,0,36.966,0.42336,0.852008,2.05845,4.43564,1.49382,5.42892,0.42336,36.966,0.42336,423.524,0,1.02816,0,0,1.88017,0.852008,1.028160,1,0,23.6463,0,0,0,23.6463,0
17.5244,2.73492,0,0,2.14113,0.0736469,0.36288,3.6288,57.4538,0.66528,0,0,0.792752,0.25115,0,0.66528,12.849,1,0.84672,0.36288,0,25.9427,5.45349,20.0054,0.84672,12.849,0.84672,3695.15,0,36.966,0.42336,2.61657,2.03677,7.25585,1.49382,9.99201,0.42336,36.966,0.42336,423.524,0,1.02816,0,0,3.64473,2.61657,1.028160,1,0,29.9974,0,0,0,29.9974,0
15.3163,2.73492,0,0,0.962237,0.0725714,0.36288,3.6288,57.0014,0.66528,0,0,0.463909,0.250949,0,0.66528,12.849,1,0.84672,0.36288,0,22.2783,5.45349,16.341,0.84672,12.849,0.84672,3695.15,0,36.966,0.42336,0.957407,2.05889,3.92244,1.49382,5.02156,0.42336,36.966,0.42336,423.524,0,1.02816,0,0,1.98557,0.957407,1.028160,1,0,21.3626,0,0,0,21.3626,0
13.2375,2.73492,0,0,1.08891,0.0698919,0.36288,3.6288,56.6298,0.66528,0,0,0.543806,0.250213,0,0.66528,12.849,1,0.84672,0.36288,0,17.8842,5.45349,11.9469,0.84672,12.849,0.84672,3695.15,0,36.966,0.42336,0.840871,2.05889,4.36784,1.49382,5.35042,0.42336,36.966,0.42336,423.524,0,1.02816,0,0,1.86903,0.840871,1.028160,1,0,17.2973,0,0,0,17.2973,0
11.1211,2.63992,0,0,0.995354,0.108957,0.36288,3.6288,56.137,0.66528,0,0,0.42896,0.256442,0,0.66528,12.849,1,0.84672,0.36288,0,21.5362,4.9009,16.1515,0.84672,12.849,0.84672,3695.15,0,36.966,0.42336,0.555854,2.05889,3.48593,1.24358,4.43373,0.42336,36.966,0.42336,423.524,0,1.02816,0,0,1.58401,0.555854,1.028160,1,0,20.5852,0,0,0,20.5852,0
8.95743,2.7357,0,0,1.02584,0.0909411,0.36288,3.6288,55.6763,0.66528,0,0,0.462567,0.258019,0,0.66528,12.849,1,0.84672,0.36288,0,29.1493,5.06447,23.601,0.84672,12.849,0.84672,3695.15,0,36.966,0.42336,0.544648,2.04109,5.74817,1.21529,6.69525,0.42336,36.966,0.42336,423.524,0,1.02816,0,0,1.57281,0.544648,1.028160,1,0,30.2962,0,0,0,30.2962,0
7.23338,2.73579,0,0,1.47538,0.100759,0.36288,3.6288,55.3666,0.66528,0,0,0.60352,0.247898,0,0.66528,12.849,1,0.84672,0.36288,0,43.7326,4.77851,38.4702,0.84672,12.849,0.84672,3695.15,0,36.966,0.42336,0.859352,2.05904,5.47493,1.17376,6.79619,0.42336,36.966,0.42336,423.524,0,1.02816,0,0,1.88751,0.859352,1.028160,1,0,45.2664,0,0,0,45.2664,0
7.07332,2.73589,0,0,3.04487,0.106157,0.36288,3.6288,55.494,0.66528,0,0,1.03309,0.2404,0,0.66528,12.849,1,0.84672,0.36288,0,48.2864,4.56403,43.2385,0.84672,12.849,0.84672,3695.15,0,36.966,0.42336,1.63325,2.05905,9.22921,1.14261,11.3555,0.42336,36.966,0.42336,423.524,0,1.02816,0,0,2.66141,1.63325,1.028160,1,0,54.594,0,0,0,54.594,0
6.44301,2.46616,0,0,2.30235,0.103619,0.36288,3.6288,55.2965,0.468275,0,0,0.516855,0.246107,0,0.66528,12.849,1,0.84672,0.36288,0,42.1606,4.63239,37.0444,0.84672,12.849,0.84672,3695.15,0,36.966,0.42336,0.886464,2.05907,5.18703,1.1966,6.51261,0.42336,36.966,0.42336,423.524,0,1.02816,0,0,1.91462,0.886464,1.028160,1,0,43.557,0,0,0,43.557,0
5.54284,2.46624,0,0,2.05183,0.122873,0.36288,3.6288,54.9693,0.468325,0,0,0.377958,0.236806,0,0.66528,12.849,1,0.84672,0.36288,0,23.5166,4.2231,18.8097,0.84672,12.849,0.84672,3695.15,0,36.966,0.42336,0.756942,1.85632,4.2761,1.19589,5.2701,0.42336,36.966,0.42336,423.524,0,1.02816,0,0,1.7851,0.756942,1.028160,1,0,24.0798,0,0,0,24.0798,0
5.32845,2.46633,0,0,2.73418,0.11936,0.36288,3.6288,54.7946,0.468374,0,0,0.52999,0.236297,0,0.66528,12.849,1,0.84672,0.36288,0,40.5459,4.2231,35.8389,0.84672,12.849,0.84672,3695.15,0,36.966,0.42336,1.44234,1.85637,5.96871,1.19589,7.64817,0.42336,36.966,0.42336,423.524,0,1.02816,0,0,2.4705,1.44234,1.028160,1,0,43.4871,0,0,0,43.4871,0
4.68962,2.46641,0,0,2.30898,0.118523,0.36288,3.6288,54.4717,0.468422,0,0,0.381484,0.236025,0,0.66528,12.849,1,0.84672,0.36288,0,27.9028,4.2231,23.1959,0.84672,12.849,0.84672,3695.15,0,36.966,0.42336,0.644034,1.85642,5.87322,1.19589,6.75443,0.42336,36.966,0.42336,423.524,0,1.02816,0,0,1.67219,0.644034,1.028160,1,0,29.9503,0,0,0,29.9503,0
4.11011,2.4665,0,0,2.36142,0.111556,0.36288,3.6288,54.2209,0.468472,0,0,0.434165,0.216476,0,0.66528,12.849,1,0.84672,0.36288,0,28.3455,3.80181,24.0599,0.84672,12.849,0.84672,3695.15,0,36.966,0.42336,0.87156,1.85648,6.15609,1.08345,7.37732,0.42336,36.966,0.42336,423.524,0,1.02816,0,0,1.89972,0.87156,1.028160,1,0,31.4372,0,0,0,31.4372,0
5.52669,2.57037,0,0,4.45178,0.101954,0.36288,3.6288,54.6518,0.530595,0,0,1.15588,0.194332,0,0.66528,12.849,1,0.84672,0.36288,0,99.8741,3.64812,95.7421,0.84672,12.849,0.84672,3695.15,0,36.966,0.42336,3.64376,1.85653,5.60744,1.10591,9.57847,0.42336,36.966,0.42336,423.524,0,1.02816,0,0,4.67192,3.64376,1.028160,1,0,105.321,0,0,0,105.321,0
7.48697,2.57042,0,0,5.00061,0.107021,0.36288,3.6288,55.5937,0.530629,0,0,1.66739,0.194886,0,0.66528,12.849,1,0.84672,0.36288,0,91.6647,3.64812,87.5327,0.84672,12.849,0.84672,3695.15,0,36.966,0.42336,5.18982,1.92399,8.50669,1.10591,14.0912,0.42336,36.966,0.42336,423.524,0,1.02816,0,0,6.21798,5.18982,1.028160,1,0,101.624,0,0,0,101.624,0
10.5879,2.57048,0,0,6.14822,0.113885,0.36288,3.6288,56.1538,0.530664,0,0,1.28684,0.196098,0,0.66528,12.849,1,0.84672,0.36288,0,61.8754,3.64812,57.7435,0.84672,12.849,0.84672,3695.15,0,36.966,0.42336,4.36847,1.92403,6.60207,1.10591,11.3653,0.42336,36.966,0.42336,423.524,0,1.02816,0,0,5.39663,4.36847,1.028160,1,0,69.1088,0,0,0,69.1088,0
16.1932,2.57054,0,0,8.67603,0.137396,0.36288,3.6288,56.8655,0.530698,0,0,1.46628,0.223825,0,0.66528,12.849,1,0.84672,0.36288,0,165.822,3.88932,161.449,0.84672,12.849,0.84672,3695.15,0,36.966,0.42336,5.24915,1.92407,10.5701,1.17942,16.1405,0.42336,36.966,0.42336,423.524,0,1.02816,0,0,6.27731,5.24915,1.028160,1,0,177.59,0,0,0,177.59,0
18.8152,2.90392,0,0,6.05352,0.164692,0.36288,3.6288,57.9094,0.66528,0,0,1.90892,0.199796,0,0.66528,12.849,1,0.84672,0.36288,0,157.833,4.0544,153.295,0.84672,12.849,0.84672,3695.15,0,36.966,0.42336,4.72574,1.92411,8.47517,1.11792,13.5837,0.42336,36.966,0.42336,423.524,0,1.02816,0,0,5.7539,4.72574,1.028160,1,0,166.878,0,0,0,166.878,0
23.6476,2.7334,0,0,8.09914,0.170394,0.36288,3.6288,59.5149,0.66528,0,0,2.46476,0.193987,0,0.66528,12.849,1,0.84672,0.36288,0,115.103,4.0971,110.522,0.84672,12.849,0.84672,3695.15,0,36.966,0.42336,8.29362,2.09056,11.684,1.09153,20.5532,0.42336,36.966,0.42336,423.524,0,1.02816,0,0,9.32178,8.29362,1.028160,1,0,131.075,0,0,0,131.075,0
26.7995,2.7334,0,0,6.43029,0.182118,0.36288,3.6288,60.4239,0.66528,0,0,1.7703,0.195999,0,0.66528,12.849,1,0.84672,0.36288,0,149.034,4.0971,144.453,0.84672,12.849,0.84672,3695.15,0,36.966,0.42336,5.36614,2.0586,11.3566,1.09153,17.2664,0.42336,36.966,0.42336,423.524,0,1.02816,0,0,6.3943,5.36614,1.028160,1,0,161.719,0,0,0,161.719,0
27.9854,2.7334,0,0,4.47453,0.192398,0.36288,3.6288,60.9668,0.66528,0,0,1.38788,0.179727,0,0.66528,12.849,1,0.84672,0.36288,0,99.4481,3.79464,95.1696,0.84672,12.849,0.84672,3695.15,0,36.966,0.42336,2.07493,2.0586,5.77885,1.00481,8.48421,0.42336,36.966,0.42336,423.524,0,1.02816,0,0,3.10309,2.07493,1.028160,1,0,103.654,0,0,0,103.654,0
31.9209,2.25795,0,0,6.75658,0.200202,0.36288,3.6288,61.308,0.621931,0,0,2.08176,0.185479,0.933119,0.66528,12.849,1,0.84672,0.36288,0,96.1831,3.8536,91.8456,0.84672,12.849,0.84672,3695.15,0,36.966,0.42336,3.8223,2.0586,10.5072,0.954049,15.0107,0.42336,36.966,0.42336,423.524,0,1.02816,0,0,4.85046,3.8223,1.028160,1,0,107.789,0,0,0,107.789,0
36.2895,2.42879,0,0,7.38677,0.226517,0.36288,3.6288,61.308,0.451184,0,0,2.37538,0.177781,1.74641,0.66528,12.849,1,0.84672,0.36288,0,136.465,3.74881,132.233,0.84672,12.849,0.84672,3695.15,0,36.966,0.42336,3.42773,1.93601,10.0007,0.925416,14.0157,0.42336,36.966,0.42336,423.524,0,1.02816,0,0,4.45589,3.42773,1.028160,1,0,147.995,0,0,0,147.995,0
38.3969,2.42884,0,0,5.13809,0.238987,0.36288,3.6288,61.308,0.451217,0,0,1.69703,0.177781,1.06803,0.66528,12.849,1,0.84672,0.36288,0,126.54,3.74881,122.307,0.84672,12.849,0.84672,3695.15,0,36.966,0.42336,2.91955,1.83611,9.61416,0.925416,13.021,0.42336,36.966,0.42336,423.524,0,1.02816,0,0,3.94771,2.91955,1.028160,1,0,136.396,0,0,0,136.396,0
41.0945,2.45432,0,0,5.71098,0.19615,0.36288,3.6288,61.308,0.45125,0,0,1.50314,0.141683,0.910202,0.66528,12.849,1,0.821304,0.36288,0,114.982,3.22564,111.298,0.84672,12.849,0.84672,3695.15,0,36.966,0.42336,2.55492,1.83615,9.08643,0.850263,12.2039,0.42336,36.966,0.42336,423.524,0,1.02816,0,0,3.58308,2.55492,1.028160,1,0,124.412,0,0,0,124.412,0
43.305,2.49543,0,0,5.26624,0.197474,0.36288,3.6288,61.308,0.451283,0,0,1.68142,0.142746,1.08739,0.66528,12.849,1,0.780245,0.36288,0,121.562,3.24559,117.899,0.84672,12.849,0.84672,3695.15,0,36.966,0.42336,3.1684,1.83618,8.87077,0.855437,12.5966,0.42336,36.966,0.42336,423.524,0,1.02816,0,0,4.19656,3.1684,1.028160,1,0,131.583,0,0,0,131.583,0
47.1955,2.61849,0,0,7.09569,0.223735,0.36288,3.6288,61.308,0.527847,0,0,2.47389,0.185221,1.76082,0.66528,12.849,1,0.776931,0.36288,0,154.783,3.88846,150.48,0.84672,12.849,0.84672,3695.15,0,36.966,0.42336,4.69226,1.83622,14.5515,0.961634,19.695,0.42336,36.966,0.42336,423.524,0,1.02816,0,0,5.72042,4.69226,1.028160,1,0,171.936,0,0,0,171.936,0
51.844,2.66888,0,0,7.91398,0.233746,0.36288,3.6288,61.308,0.527881,0,0,2.69857,0.185221,1.98546,0.66528,12.849,1,0.726603,0.36288,0,168.946,3.88846,164.694,0.84672,12.849,0.84672,3695.15,0,36.966,0.42336,3.79671,1.91781,14.9475,0.961634,19.277,0.42336,36.966,0.42336,423.524,0,1.02816,0,0,4.82487,3.79671,1.028160,1,0,185.956,0,0,0,185.956,0
55.0125,2.72113,0,0,6.49819,0.245648,0.36288,3.6288,61.308,0.527915,0,0,2.35786,0.185221,1.64472,0.66528,12.849,1,0.674405,0.36288,0,124.087,3.88846,119.887,0.84672,12.849,0.84672,3695.15,0,36.966,0.42336,4.14625,1.91785,10.936,0.961634,15.6151,0.42336,36.966,0.42336,423.524,0,1.02816,0,0,5.17441,4.14625,1.028160,1,0,137.147,0,0,0,137.147,0
56.877,2.75267,0,0,5.18816,0.208135,0.36288,3.6288,61.308,0.52795,0,0,1.64011,0.179393,0.932762,0.66528,12.849,1,0.642927,0.36288,0,111.485,4.23444,106.971,0.84672,12.849,0.84672,3695.15,0,36.966,0.42336,2.34477,1.91789,7.71276,0.984131,10.5679,0.42336,36.966,0.42336,423.524,0,1.02816,0,0,3.37293,2.34477,1.028160,1,0,118.472,0,0,0,118.472,0
57.8126,2.73173,0,0,4.20434,0.174147,0.36288,3.6288,61.308,0.498258,0,0,1.29493,0.227551,0.569119,0.66528,12.849,1,0.617122,0.36288,0,85.1947,4.46943,80.471,0.84672,12.849,0.84672,3695.15,0,36.966,0.42336,2.01061,1.91792,7.03564,1.16364,9.37718,0.42336,36.966,0.42336,423.524,0,1.02816,0,0,3.03877,2.01061,1.028160,1,0,90.4173,0,0,0,90.4173,0
58.1376,2.73995,0,0,3.59724,0.169381,0.36288,3.6288,61.308,0.498292,0,0,1.21288,0.235578,0.479014,0.66528,12.849,1,0.608962,0.36288,0,72.4352,4.5086,67.6805,0.84672,12.849,0.84672,3695.15,0,36.966,0.42336,1.64935,1.88622,6.63189,1.19356,8.55055,0.42336,36.966,0.42336,423.524,0,1.02816,0,0,2.67751,1.64935,1.028160,1,0,76.71,0,0,0,76.71,0
58.0852,2.74279,0,0,3.22322,0.169918,0.36288,3.6288,61.308,0.498326,0,0,1.07173,0.235578,0.337828,0.66528,12.849,1,0.606184,0.36288,0,62.1703,4.5086,57.4184,0.84672,12.849,0.84672,3695.15,0,36.966,0.42336,1.31996,1.88626,5.77757,1.19356,7.36687,0.42336,36.966,0.42336,423.524,0,1.02816,0,0,2.34812,1.31996,1.028160,1,0,65.1231,0,0,0,65.1231,0
57.8097,2.74239,0,0,2.98031,0.150608,0.36288,3.6288,61.308,0.49836,0,0,0.997203,0.207134,0.29171,0.66528,12.849,1,0.606642,0.36288,0,59.0483,3.9188,54.8857,0.84672,12.849,0.84672,3695.15,0,36.966,0.42336,1.20099,1.8863,5.20825,1.04397,6.82821,0.42336,36.966,0.42336,423.524,0,1.02816,0,0,2.22915,1.20099,1.028160,1,0,62.0056,0,0,0,62.0056,0
57.381,2.87005,0,0,2.9307,0.126423,0.36288,3.6288,61.308,0.603816,0,0,0.926545,0.217964,0.104765,0.66528,12.849,1,0.637908,0.36288,0,56.9445,3.96984,52.6996,0.84672,12.849,0.84672,3695.15,0,36.966,0.42336,1.3156,1.88633,5.06128,1.06214,6.77772,0.42336,36.966,0.42336,423.524,0,1.02816,0,0,2.34376,1.3156,1.028160,1,0,59.5821,0,0,0,59.5821,0
57.1401,2.86621,0,0,3.09262,0.1045,0.36288,3.6288,61.308,0.603852,0,0,0.854643,0.247575,0.00321618,0.66528,12.849,1,0.641813,0.36288,0,56.3312,4.35246,51.6998,0.84672,12.849,0.84672,3695.15,0,36.966,0.42336,1.18309,1.99759,4.76167,1.16614,6.35285,0.42336,36.966,0.42336,423.524,0,1.02816,0,0,2.21125,1.18309,1.028160,1,0,58.0558,0,0,0,58.0558,0
56.5326,2.86405,0,0,2.71106,0.0915607,0.36288,3.6288,61.2433,0.603887,0,0,0.796185,0.257019,0,0.66528,12.849,1,0.644034,0.36288,0,50.3286,4.45956,45.5879,0.84672,12.849,0.84672,3695.15,0,36.966,0.42336,1.03347,1.99763,4.61984,1.19351,6.03408,0.42336,36.966,0.42336,423.524,0,1.02816,0,0,2.06163,1.03347,1.028160,1,0,51.622,0,0,0,51.622,0
55.8167,2.85846,0,0,2.56492,0.0594716,0.36288,3.6288,61.1243,0.603923,0,0,0.765487,0.280512,0,0.66528,12.849,1,0.649684,0.36288,0,46.0071,4.72731,40.993,0.84672,12.849,0.84672,3695.15,0,36.966,0.42336,0.933941,1.99767,4.44439,1.26192,5.69072,0.42336,36.966,0.42336,423.524,0,1.02816,0,0,1.9621,0.933941,1.028160,1,0,46.6837,0,0,0,46.6837,0
54.9982,2.85173,0,0,2.45558,0.0594766,0.36288,3.6288,60.969,0.603958,0,0,0.731964,0.283317,0,0.66528,12.849,1,0.656468,0.36288,0,46.323,4.74933,41.2801,0.84672,12.849,0.84672,3695.15,0,36.966,0.42336,0.906042,1.99771,4.46494,1.2545,5.69084,0.42336,36.966,0.42336,423.524,0,1.02816,0,0,1.9342,0.906042,1.028160,1,0,46.9709,0,0,0,46.9709,0
54.3091,2.81839,0,0,2.55362,0.0615275,0.36288,3.6288,60.7531,0.661941,0,0,0.747109,0.301115,0,0.66528,12.849,1,0.658449,0.36288,0,47.9003,4.88145,42.7233,0.84672,12.849,0.84672,3695.15,0,36.966,0.42336,1.39477,1.99775,3.21675,1.20997,4.97594,0.42336,36.966,0.42336,423.524,0,1.02816,0,0,2.42293,1.39477,1.028160,1,0,47.6993,0,0,0,47.6993,0
53.4646,2.81168,0,0,2.39125,0.0611016,0.36288,3.6288,60.5006,0.661978,0,0,0.710251,0.300703,0,0.66528,12.849,1,0.665218,0.36288,0,47.8377,4.88145,42.6539,0.84672,12.849,0.84672,3695.15,0,36.966,0.42336,1.24853,2.03667,3.30576,1.20997,4.95763,0.42336,36.966,0.42336,423.524,0,1.02816,0,0,2.27669,1.24853,1.028160,1,0,47.6115,0,0,0,47.6115,0
52.4127,2.80326,0,0,2.17474,0.0605798,0.36288,3.6288,60.231,0.662014,0,0,0.692574,0.300222,0,0.66528,12.849,1,0.6737,0.36288,0,46.9014,4.88145,41.7091,0.84672,12.849,0.84672,3695.15,0,36.966,0.42336,1.21904,2.03671,3.1675,1.20997,4.78993,0.42336,36.966,0.42336,423.524,0,1.02816,0,0,2.2472,1.21904,1.028160,1,0,46.499,0,0,0,46.499,0
51.1713,2.79245,0,0,1.97387,0.0599297,0.36288,3.6288,59.919,0.662051,0,0,0.649754,0.299707,0,0.66528,12.849,1,0.684571,0.36288,0,41.793,4.88145,36.5898,0.84672,12.849,0.84672,3695.15,0,36.966,0.42336,0.965624,2.03675,3.06413,1.20997,4.43318,0.42336,36.966,0.42336,423.524,0,1.02816,0,0,1.99378,0.965624,1.028160,1,0,41.023,0,0,0,41.023,0
49.726,2.84409,0,0,1.79985,0.0381617,0.36288,3.6288,59.5884,0.66528,0,0,0.661798,0.327057,0,0.66528,12.849,1,0.714144,0.36288,0,33.8656,5.65132,27.863,0.84672,12.849,0.84672,3695.15,0,36.966,0.42336,0.835419,2.03679,2.50226,1.47809,3.47301,0.42336,36.966,0.42336,423.524,0,1.02816,0,0,1.86358,0.835419,1.028160,1,0,31.336,0,0,0,31.336,0
48.2342,2.82764,0,0,1.73895,0.0402064,0.36288,3.6288,59.2152,0.66528,0,0,0.599175,0.307143,0,0.66528,12.849,1,0.730651,0.36288,0,40.8755,5.56405,34.9437,0.84672,12.849,0.84672,3695.15,0,36.966,0.42336,0.896426,2.0545,2.52666,1.44108,3.61315,0.42336,36.966,0.42336,423.524,0,1.02816,0,0,1.92459,0.896426,1.028160,1,0,38.5568,0,0,0,38.5568,0
46.6502,2.80985,0,0,1.62828,0.039565,0.36288,3.6288,58.8007,0.66528,0,0,0.557212,0.30641,0,0.66528,12.849,1,0.748508,0.36288,0,32.8195,5.56405,26.8698,0.84672,12.849,0.84672,3695.15,0,36.966,0.42336,0.860743,2.05451,2.27758,1.44108,3.3284,0.42336,36.966,0.42336,423.524,0,1.02816,0,0,1.8889,0.860743,1.028160,1,0,30.1982,0,0,0,30.1982,0
44.9409,2.78997,0,0,1.48248,0.0388828,0.36288,3.6288,58.3588,0.66528,0,0,0.529,0.305597,0,0.66528,12.849,1,0.768449,0.36288,0,29.9103,5.56405,23.9407,0.84672,12.849,0.84672,3695.15,0,36.966,0.42336,0.570067,2.05452,2.12447,1.44108,2.88463,0.42336,36.966,0.42336,423.524,0,1.02816,0,0,1.59823,0.570067,1.028160,1,0,26.8253,0,0,0,26.8253,0
43.2847,2.9521,0,0,1.6894,0.0306879,0.36288,3.6288,58.0139,0.66528,0,0,0.623344,0.303034,0,0.66528,12.849,1,0.844031,0.36288,0,29.9458,5.74,23.7247,0.84672,12.849,0.84672,3695.15,0,36.966,0.42336,1.17037,2.05454,3.10584,1.50755,4.39984,0.42336,36.966,0.42336,423.524,0,1.02816,0,0,2.19853,1.17037,1.028160,1,0,28.1245,0,0,0,28.1245,0
41.6378,2.75993,0,0,1.49462,0.0186516,0.36288,3.6288,57.5168,0.66528,0,0,0.481424,0.313178,0,0.66528,12.849,1,0.819281,0.36288,0,27.29,6.06312,20.7705,0.84672,12.849,0.84672,3695.15,0,36.966,0.42336,0.880511,2.09908,2.08183,1.63534,3.00272,0.42336,36.966,0.42336,423.524,0,1.02816,0,0,1.90867,0.880511,1.028160,1,0,23.7732,0,0,0,23.7732,0
40.113,2.73516,0,0,1.59156,0.0182982,0.36288,3.6288,57.1315,0.66528,0,0,0.592171,0.312173,0,0.66528,12.849,1,0.844043,0.36288,0,34.7274,6.06312,28.1832,0.84672,12.849,0.84672,3695.15,0,36.966,0.42336,1.32431,2.05843,2.32534,1.63534,3.64938,0.42336,36.966,0.42336,423.524,0,1.02816,0,0,2.35247,1.32431,1.028160,1,0,31.8325,0,0,0,31.8325,0
38.3091,2.73249,0,0,1.30937,0.017971,0.36288,3.6288,56.5861,0.66528,0,0,0.431271,0.311394,0,0.66528,12.849,1,0.84672,0.36288,0,31.8158,6.06312,25.2689,0.84672,12.849,0.84672,3695.15,0,36.966,0.42336,0.579614,2.05843,1.90455,1.63534,2.48389,0.42336,36.966,0.42336,423.524,0,1.02816,0,0,1.60777,0.579614,1.028160,1,0,27.7528,0,0,0,27.7528,0
36.8278,2.73248,0,0,1.6317,0.017598,0.36288,3.6288,56.3577,0.66528,0,0,0.747092,0.310291,0,0.66528,12.849,1,0.84672,0.36288,0,31.0128,6.06312,24.4658,0.84672,12.849,0.84672,3695.15,0,36.966,0.42336,2.14909,2.05843,2.97045,1.63534,5.11926,0.42336,36.966,0.42336,423.524,0,1.02816,0,0,3.17725,2.14909,1.028160,1,0,29.5851,0,0,0,29.5851,0
35.6316,2.61665,0,0,1.82021,0.0369112,0.36288,3.6288,56.2064,0.66528,0,0,0.778671,0.264706,0,0.66528,12.849,1,0.84672,0.36288,0,58.0671,5.61487,51.9684,0.84672,12.849,0.84672,3695.15,0,36.966,0.42336,1.01509,2.05843,3.07871,1.48075,4.24812,0.42336,36.966,0.42336,423.524,0,1.02816,0,0,2.04325,1.01509,1.028160,1,0,56.2165,0,0,0,56.2165,0
36.1252,2.73481,0,0,3.62775,0.0363872,0.36288,3.6288,56.5675,0.66528,0,0,1.29085,0.264444,0,0.66528,12.849,1,0.84672,0.36288,0,62.3658,5.61487,56.267,0.84672,12.849,0.84672,3695.15,0,36.966,0.42336,2.93264,2.03672,5.03618,1.48075,8.10144,0.42336,36.966,0.42336,423.524,0,1.02816,0,0,3.9608,2.93264,1.028160,1,0,64.3685,0,0,0,64.3685,0
34.6213,2.73481,0,0,1.63032,0.0366034,0.36288,3.6288,56.3925,0.66528,0,0,0.755395,0.265068,0,0.66528,12.849,1,0.84672,0.36288,0,53.5569,5.61487,47.4581,0.84672,12.849,0.84672,3695.15,0,36.966,0.42336,1.12959,2.05887,2.72252,1.48075,4.00687,0.42336,36.966,0.42336,423.524,0,1.02816,0,0,2.15775,1.12959,1.028160,1,0,51.465,0,0,0,51.465,0
33.3326,2.73481,0,0,1.84494,0.0359446,0.36288,3.6288,56.348,0.66528,0,0,0.885479,0.264766,0,0.66528,12.849,1,0.84672,0.36288,0,42.9926,5.61487,36.8938,0.84672,12.849,0.84672,3695.15,0,36.966,0.42336,1.00297,2.05887,3.03162,1.48075,4.18935,0.42336,36.966,0.42336,423.524,0,1.02816,0,0,2.03113,1.00297,1.028160,1,0,41.0832,0,0,0,41.0832,0
33.814,2.63973,0,0,3.60529,0.121219,0.36288,3.6288,56.4237,0.66528,0,0,0.966946,0.225918,0,0.66528,12.849,1,0.84672,0.36288,0,70.8801,4.38102,66.0153,0.84672,12.849,0.84672,3695.15,0,36.966,0.42336,1.75963,2.05887,4.08725,1.13006,6.35233,0.42336,36.966,0.42336,423.524,0,1.02816,0,0,2.78779,1.75963,1.028160,1,0,72.3676,0,0,0,72.3676,0
33.3008,2.73673,0,0,2.70132,0.114962,0.36288,3.6288,56.3468,0.66528,0,0,0.780045,0.191715,0,0.66528,12.849,1,0.84672,0.36288,0,68.1386,4.1013,63.5534,0.84672,12.849,0.84672,3695.15,0,36.966,0.42336,1.41463,2.04105,4.58743,0.999047,6.6207,0.42336,36.966,0.42336,423.524,0,1.02816,0,0,2.44279,1.41463,1.028160,1,0,70.1741,0,0,0,70.1741,0
34.2707,2.73672,0,0,4.1837,0.114236,0.36288,3.6288,56.6336,0.66528,0,0,1.14371,0.191619,0,0.66528,12.849,1,0.84672,0.36288,0,111.994,4.1013,107.409,0.84672,12.849,0.84672,3695.15,0,36.966,0.42336,2.15618,2.05923,5.9891,0.999047,8.7821,0.42336,36.966,0.42336,423.524,0,1.02816,0,0,3.18434,2.15618,1.028160,1,0,116.191,0,0,0,116.191,0
34.838,2.73672,0,0,3.78422,0.117286,0.36288,3.6288,57.0989,0.66528,0,0,1.31738,0.186766,0,0.66528,12.849,1,0.84672,0.36288,0,98.9703,4.10383,94.3827,0.84672,12.849,0.84672,3695.15,0,36.966,0.42336,2.23493,2.05923,6.55268,1.01484,9.40864,0.42336,36.966,0.42336,423.524,0,1.02816,0,0,3.26309,2.23493,1.028160,1,0,103.791,0,0,0,103.791,0
35.3366,2.46665,0,0,3.46461,0.136426,0.36288,3.6288,57.519,0.472672,0,0,1.08388,0.191121,0,0.66528,12.849,1,0.84672,0.36288,0,87.7427,4.24554,83.0133,0.84672,12.849,0.84672,3695.15,0,36.966,0.42336,2.05694,2.05923,5.87784,1.09079,8.47986,0.42336,36.966,0.42336,423.524,0,1.02816,0,0,3.0851,2.05694,1.028160,1,0,91.4931,0,0,0,91.4931,0
36.1992,2.46931,0,0,3.84845,0.153675,0.36288,3.6288,58.3959,0.470102,0,0,1.55485,0.207832,0,0.66528,12.849,1,0.84672,0.36288,0,78.1687,4.2345,73.4503,0.84672,12.849,0.84672,3695.15,0,36.966,0.42336,2.88476,1.85981,6.6767,1.0423,9.9556,0.42336,36.966,0.42336,423.524,0,1.02816,0,0,3.91292,2.88476,1.028160,1,0,83.4059,0,0,0,83.4059,0
36.9323,2.46937,0,0,3.73239,0.167052,0.36288,3.6288,59.4273,0.470136,0,0,1.66496,0.163394,0,0.66528,12.849,1,0.84672,0.36288,0,100.512,4.03767,95.9902,0.84672,12.849,0.84672,3695.15,0,36.966,0.42336,2.86424,1.85832,7.51346,1.00291,10.8097,0.42336,36.966,0.42336,423.524,0,1.02816,0,0,3.8924,2.86424,1.028160,1,0,106.8,0,0,0,106.8,0
40.5745,2.46943,0,0,6.64298,0.168517,0.36288,3.6288,61.308,0.470169,0,0,4.1877,0.16448,1.67239,0.66528,12.849,1,0.84672,0.36288,0,137.814,4.03767,133.293,0.84672,12.849,0.84672,3695.15,0,36.966,0.42336,7.6643,1.85836,13.9585,1.00291,22.0549,0.42336,36.966,0.42336,423.524,0,1.02816,0,0,8.69246,7.6643,1.028160,1,0,157.02,0,0,0,157.02,0
42.1849,2.51862,0,0,4.6629,0.170987,0.36288,3.6288,61.308,0.470202,0,0,2.07696,0.186983,1.41978,0.66528,12.849,1,0.797588,0.36288,0,149.41,4.21345,144.762,0.84672,12.849,0.84672,3695.15,0,36.966,0.42336,4.25313,1.85839,10.5373,1.03823,15.1872,0.42336,36.966,0.42336,423.524,0,1.02816,0,0,5.28129,4.25313,1.028160,1,0,161.369,0,0,0,161.369,0
44.7054,2.54196,0,0,5.62682,0.201452,0.36288,3.6288,61.308,0.470202,0,0,2.37513,0.210346,1.69458,0.66528,12.849,1,0.774249,0.36288,0,156.101,3.72901,151.961,0.84672,12.849,0.84672,3695.15,0,36.966,0.42336,2.76598,1.85843,10.7024,1.01648,13.887,0.42336,36.966,0.42336,423.524,0,1.02816,0,0,3.79414,2.76598,1.028160,1,0,167.543,0,0,0,167.543,0
46.9493,2.65659,0,0,5.46524,0.201852,0.36288,3.6288,61.308,0.532366,0,0,2.42755,0.189902,1.70529,0.66528,12.849,1,0.763544,0.36288,0,138.809,3.19788,135.21,0.84672,12.849,0.84672,3695.15,0,36.966,0.42336,2.78583,1.85843,10.2952,0.874445,13.6416,0.42336,36.966,0.42336,423.524,0,1.02816,0,0,3.81399,2.78583,1.028160,1,0,150.557,0,0,0,150.557,0
48.1896,2.68527,0,0,4.4954,0.206979,0.36288,3.6288,61.308,0.532384,0,0,2.25796,0.189902,1.53567,0.66528,12.849,1,0.734899,0.36288,0,105.194,3.19788,101.624,0.84672,12.849,0.84672,3695.15,0,36.966,0.42336,2.59236,1.92593,8.62678,0.874445,11.8473,0.42336,36.966,0.42336,423.524,0,1.02816,0,0,3.62052,2.59236,1.028160,1,0,115.007,0,0,0,115.007,0
52.96,2.70023,0,0,8.04336,0.209812,0.36288,3.6288,61.308,0.532402,0,0,3.3901,0.189902,2.6678,0.66528,12.849,1,0.719973,0.36288,0,152.101,3.19788,148.546,0.84672,12.849,0.84672,3695.15,0,36.966,0.42336,4.08539,1.92595,13.0537,0.874445,17.7672,0.42336,36.966,0.42336,423.524,0,1.02816,0,0,5.11355,4.08539,1.028160,1,0,168.981,0,0,0,168.981,0
57.8851,2.75244,0,0,8.25619,0.215772,0.36288,3.6288,61.308,0.532421,0,0,3.65289,0.172886,2.94758,0.66528,12.849,1,0.667789,0.36288,0,180.104,2.98373,176.816,0.84672,12.849,0.84672,3695.15,0,36.966,0.42336,3.96067,1.92597,16.5144,0.861391,21.1163,0.42336,36.966,0.42336,423.524,0,1.02816,0,0,4.98883,3.96067,1.028160,1,0,200.88,0,0,0,200.88,0
60.4039,3.07197,0,0,6.17348,0.219859,0.36288,3.6288,61.308,0.66528,0,0,3.0064,0.150198,2.19092,0.66528,12.849,1,0.681898,0.36288,0,165.628,2.69819,162.611,0.84672,12.849,0.84672,3695.15,0,36.966,0.42336,4.22899,1.92599,13.2437,0.843987,18.1313,0.42336,36.966,0.42336,423.524,0,1.02816,0,0,5.25715,4.22899,1.028160,1,0,182.933,0,0,0,182.933,0
62.4211,2.95207,0,0,5.61268,0.280522,0.36288,3.6288,61.308,0.66528,0,0,3.14092,0.137536,2.3381,0.66528,12.849,1,0.627959,0.36288,0,141.136,2.81364,138.057,0.84672,12.849,0.84672,3695.15,0,36.966,0.42336,5.70265,2.09116,12.6318,0.79746,19.2048,0.42336,36.966,0.42336,423.524,0,1.02816,0,0,6.73081,5.70265,1.028160,1,0,159.6,0,0,0,159.6,0
67.4928,2.9689,0,0,8.71217,0.308729,0.36288,3.6288,61.308,0.66528,0,0,2.55637,0.171825,1.71926,0.66528,12.849,1,0.611129,0.36288,0,194.224,2.71929,191.256,0.84672,12.849,0.84672,3695.15,0,36.966,0.42336,3.59072,2.05859,13.341,0.84885,17.7181,0.42336,36.966,0.42336,423.524,0,1.02816,0,0,4.61888,3.59072,1.028160,1,0,210.694,0,0,0,210.694,0
70.3754,3.00748,0,0,6.5677,0.314705,0.36288,3.6288,61.308,0.66528,0,0,2.89072,0.16945,2.05599,0.66528,12.849,1,0.572551,0.36288,0,187.397,3.2574,183.93,0.84672,12.849,0.84672,3695.15,0,36.966,0.42336,3.82476,2.05859,15.7781,0.951507,20.2866,0.42336,36.966,0.42336,423.524,0,1.02816,0,0,4.85292,3.82476,1.028160,1,0,206.273,0,0,0,206.273,0
72.29,2.62493,0,0,8.64518,0.312486,3.79319,3.6288,61.308,0.62671,0,0,3.3498,0.166282,2.55681,0.66528,12.849,1,0.479254,3.79319,0,172.039,3.97488,171.378,0.84672,12.849,0.84672,3695.15,0,36.966,0.42336,4.53351,2.05859,17.2963,1.08838,22.3767,0.42336,36.966,0.42336,423.524,0,1.02816,0,0,5.56167,4.53351,1.028160,1,0,196.311,0,0,0,196.311,0
72.29,2.78346,0,0,8.16998,0.317093,5.06944,3.6288,61.308,0.452746,0,0,2.93707,0.166282,2.31805,0.66528,12.849,1,0.494738,5.06944,0,178.609,3.97488,179.208,0.84672,12.849,0.84672,3695.15,0,36.966,0.42336,3.71658,1.93961,16.8004,1.08838,20.9448,0.42336,36.966,0.42336,423.524,0,1.02816,0,0,4.74474,3.71658,1.028160,1,0,202.471,0,0,0,202.471,0
72.29,2.78348,0,0,8.41536,0.283108,5.34877,3.6288,61.308,0.452764,0,0,2.66045,0.148233,2.05945,0.66528,12.849,1,0.494743,5.34877,0,195.854,3.71329,196.995,0.84672,12.849,0.84672,3695.15,0,36.966,0.42336,3.90614,1.83782,17.4684,1.05081,21.7382,0.42336,36.966,0.42336,423.524,0,1.02816,0,0,4.9343,3.90614,1.028160,1,0,220.793,0,0,0,220.793,0
72.29,2.78351,0,0,7.43809,0.28119,4.37339,3.6288,61.308,0.452781,0,0,2.36521,0.131636,1.78079,0.66528,12.849,1,0.494747,4.37339,0,171.121,3.73526,171.265,0.84672,12.849,0.84672,3695.15,0,36.966,0.42336,3.42795,1.83784,15.4082,1.05056,19.2001,0.42336,36.966,0.42336,423.524,0,1.02816,0,0,4.45611,3.42795,1.028160,1,0,192.246,0,0,0,192.246,0
72.29,2.78353,0,0,6.47493,0.262549,3.42885,3.6288,61.308,0.452799,0,0,1.86105,0.191835,1.21641,0.66528,12.849,1,0.494752,3.42885,0,142.57,4.56445,140.94,0.84672,12.849,0.84672,3695.15,0,36.966,0.42336,3.17031,1.83786,13.0439,1.16008,16.4686,0.42336,36.966,0.42336,423.524,0,1.02816,0,0,4.19847,3.17031,1.028160,1,0,158.625,0,0,0,158.625,0
72.29,2.88526,0,0,6.51336,0.262549,3.36555,3.6288,61.308,0.529407,0,0,2.07543,0.191835,1.35419,0.66528,12.849,1,0.512834,3.36555,0,121.239,4.56445,119.527,0.84672,12.849,0.84672,3695.15,0,36.966,0.42336,3.66319,1.83788,11.609,1.16008,15.5266,0.42336,36.966,0.42336,423.524,0,1.02816,0,0,4.69135,3.66319,1.028160,1,0,136.408,0,0,0,136.408,0
72.29,2.88529,0,0,9.51877,0.255258,6.37822,3.6288,61.308,0.529425,0,0,2.86725,0.153405,2.18442,0.66528,12.849,1,0.512839,6.37822,0,217.613,4.2598,219.219,0.84672,12.849,0.84672,3695.15,0,36.966,0.42336,4.4844,1.91952,24.8123,1.14378,29.649,0.42336,36.966,0.42336,423.524,0,1.02816,0,0,5.51256,4.4844,1.028160,1,0,251.052,0,0,0,251.052,0
72.29,2.52585,0,0,6.27392,0.199824,3.54824,3.6288,61.308,0.66528,0,0,2.22994,0.151502,1.41316,0.66528,12.849,1,0.448951,3.54824,0,187.125,4.49065,185.734,0.84672,12.849,0.84672,3695.15,0,36.966,0.42336,3.00922,1.91954,13.8211,1.30026,17.0262,0.42336,36.966,0.42336,423.524,0,1.02816,0,0,4.03738,3.00922,1.028160,1,0,204.173,0,0,0,204.173,0
72.29,2.52588,0,0,4.99383,0.18297,2.28499,3.6288,61.308,0.66528,0,0,1.52467,0.195572,0.663815,0.66528,12.849,1,0.448956,2.28499,0,100.484,4.11937,98.2007,0.84672,12.849,0.84672,3695.15,0,36.966,0.42336,2.33484,1.94517,8.88892,1.22887,11.5167,0.42336,36.966,0.42336,423.524,0,1.02816,0,0,3.363,2.33484,1.028160,1,0,110.381,0,0,0,110.381,0
72.29,2.48614,0,0,3.91687,0.183542,1.2472,3.6288,61.308,0.66528,0,0,1.50572,0.205306,0.635133,0.66528,12.849,1,0.441892,1.2472,0,88.0019,3.86894,84.9382,0.84672,12.849,0.84672,3695.15,0,36.966,0.42336,2.50576,1.94517,8.11555,1.17179,10.9713,0.42336,36.966,0.42336,423.524,0,1.02816,0,0,3.53392,2.50576,1.028160,1,0,96.5447,0,0,0,96.5447,0
72.29,2.48616,0,0,3.67103,0.183542,1.00133,3.6288,61.308,0.66528,0,0,1.28851,0.205306,0.417923,0.66528,12.849,1,0.441897,1.00133,0,83.2965,3.86894,79.987,0.84672,12.849,0.84672,3695.15,0,36.966,0.42336,1.84495,1.9364,7.68243,1.17179,9.86863,0.42336,36.966,0.42336,423.524,0,1.02816,0,0,2.87311,1.84495,1.028160,1,0,90.2736,0,0,0,90.2736,0
72.29,2.48619,0,0,4.34576,0.159214,1.70036,3.6288,61.308,0.66528,0,0,1.28026,0.217175,0.397803,0.66528,12.849,1,0.441901,1.70036,0,88.1168,4.80463,84.5706,0.84672,12.849,0.84672,3695.15,0,36.966,0.42336,1.99105,1.93641,10.116,1.20868,12.4114,0.42336,36.966,0.42336,423.524,0,1.02816,0,0,3.01921,1.99105,1.028160,1,0,97.3798,0,0,0,97.3798,0
72.29,2.48622,0,0,3.4561,0.139194,0.830694,3.6288,61.308,0.66528,0,0,1.2137,0.231591,0.316824,0.66528,12.849,1,0.441906,0.830694,0,73.0374,5.34285,68.0833,0.84672,12.849,0.84672,3695.15,0,36.966,0.42336,1.91532,1.93641,7.60717,1.20861,9.82694,0.42336,36.966,0.42336,423.524,0,1.02816,0,0,2.94348,1.91532,1.028160,1,0,78.2271,0,0,0,78.2271,0
72.29,2.62123,0,0,3.43221,0.12905,0.681921,3.6288,61.308,0.66528,0,0,1.14591,0.247134,0.233492,0.66528,12.849,1,0.465904,0.681921,0,70.06,4.96378,65.3123,0.84672,12.849,0.84672,3695.15,0,36.966,0.42336,1.62648,1.93642,7.14027,1.15192,9.12789,0.42336,36.966,0.42336,423.524,0,1.02816,0,0,2.65464,1.62648,1.028160,1,0,74.6736,0,0,0,74.6736,0
72.29,2.62126,0,0,3.23984,0.0947983,0.523776,3.6288,61.308,0.66528,0,0,1.0703,0.25766,0.147357,0.66528,12.849,1,0.465909,0.523776,0,59.3137,5.14279,54.2288,0.84672,12.849,0.84672,3695.15,0,36.966,0.42336,1.38428,1.96622,6.93343,1.22798,8.63259,0.42336,36.966,0.42336,423.524,0,1.02816,0,0,2.41244,1.38428,1.028160,1,0,63.0087,0,0,0,63.0087,0
72.29,2.62129,0,0,3.19556,0.0947983,0.479469,3.6288,61.308,0.66528,0,0,1.07345,0.25766,0.15051,0.66528,12.849,1,0.465914,0.479469,0,56.126,5.14279,50.9967,0.84672,12.849,0.84672,3695.15,0,36.966,0.42336,1.4866,1.96623,6.60087,1.22798,8.40235,0.42336,36.966,0.42336,423.524,0,1.02816,0,0,2.51476,1.4866,1.028160,1,0,59.5496,0,0,0,59.5496,0
72.0627,2.62132,0,0,2.86645,0.10955,0.36288,3.6288,61.308,0.66528,0,0,1.0236,0.25371,0.104608,0.66528,12.849,1,0.465919,0.36288,0,53.0049,4.88895,48.0129,0.84672,12.849,0.84672,3695.15,0,36.966,0.42336,1.50066,1.96623,6.07954,1.23778,7.8853,0.42336,36.966,0.42336,423.524,0,1.02816,0,0,2.52882,1.50066,1.028160,1,0,56.0028,0,0,0,56.0028,0
71.7289,2.6201,0,0,2.73834,0.0891872,0.36288,3.6288,61.1399,0.66528,0,0,0.736059,0.23884,0,0.66528,12.849,1,0.467171,0.36288,0,47.4004,4.62871,42.6674,0.84672,12.849,0.84672,3695.15,0,36.966,0.42336,0.528051,1.96624,3.3096,1.0467,4.33382,0.42336,36.966,0.42336,423.524,0,1.02816,0,0,1.55621,0.528051,1.028160,1,0,47.0012,0,0,0,47.0012,0
71.3194,2.59161,0,0,2.62918,0.0841967,0.36288,3.6288,60.9359,0.66528,0,0,0.707633,0.24635,0,0.66528,12.849,1,0.464243,0.36288,0,44.4927,4.7373,39.6541,0.84672,12.849,0.84672,3695.15,0,36.966,0.42336,0.543655,1.96624,3.35465,1.08345,4.35774,0.42336,36.966,0.42336,423.524,0,1.02816,0,0,1.57181,0.543655,1.028160,1,0,44.0118,0,0,0,44.0118,0
70.6244,2.58938,0,0,2.3129,0.0556421,0.36288,3.6288,60.6504,0.66528,0,0,0.669626,0.289883,0,0.66528,12.849,1,0.466507,0.36288,0,42.0952,5.52441,36.4672,0.84672,12.849,0.84672,3695.15,0,36.966,0.42336,0.346196,1.96036,3.21967,1.35425,3.74862,0.42336,36.966,0.42336,423.524,0,1.02816,0,0,1.37436,0.346196,1.028160,1,0,40.2158,0,0,0,40.2158,0
69.835,2.58553,0,0,2.21492,0.0558547,0.36288,3.6288,60.3529,0.66528,0,0,0.650462,0.282687,0,0.66528,12.849,1,0.470396,0.36288,0,38.6052,5.86341,32.6342,0.84672,12.849,0.84672,3695.15,0,36.966,0.42336,0.454827,1.96036,3.17987,1.47999,3.69171,0.42336,36.966,0.42336,423.524,0,1.02816,0,0,1.48299,0.454827,1.028160,1,0,36.3259,0,0,0,36.3259,0
68.4039,2.93863,0,0,1.92507,0.0547008,0.36288,3.6288,59.9426,0.693477,0,0,0.586433,0.30322,0,0.66528,12.849,1,0.540681,0.36288,0,31.332,5.67807,25.4761,0.84672,12.849,0.84672,3695.15,0,36.966,0.42336,0.261274,1.96037,2.8811,1.44397,3.23542,0.42336,36.966,0.42336,423.524,0,0.998127,0,0,1.2594,0.261274,1.028160,1,0,28.7116,0,0,0,28.7116,0
66.7752,2.9975,0,0,1.78519,0.053491,0.36288,3.6288,59.4923,0.685809,0,0,0.553681,0.318187,0,0.66528,12.849,1,0.563051,0.36288,0,37.3537,5.53907,31.6145,0.84672,12.849,0.84672,3695.15,0,36.966,0.42336,0.261274,2.03829,2.92955,1.41695,3.3888,0.42336,36.966,0.42336,423.524,0,1.00763,0,0,1.2689,0.261274,1.028160,1,0,35.0033,0,0,0,35.0033,0
65.0384,2.98601,0,0,1.66495,0.0528099,0.36288,3.6288,58.9633,0.702155,0,0,0.490411,0.317274,0,0.66528,12.849,1,0.574573,0.36288,0,29.5501,5.53907,23.7993,0.84672,12.849,0.84672,3695.15,0,36.966,0.42336,0.261274,2.05494,2.674,1.41695,3.1499,0.42336,36.966,0.42336,423.524,0,0.991285,0,0,1.25256,0.261274,1.028160,1,0,26.9492,0,0,0,26.9492,0
63.1647,2.97322,0,0,1.51445,0.0520836,0.36288,3.6288,58.2434,0.86432,0,0,0.460649,0.3162,0,0.66528,12.849,1,0.58739,0.36288,0,27.1723,5.53907,21.4087,0.84672,12.849,0.84672,3695.15,0,36.966,0.42336,0.227405,2.05494,2.4473,1.41695,2.88933,0.42336,36.966,0.42336,423.524,0,0.82912,0,0,1.05653,0.227405,1.028160,1,0,24.298,0,0,0,24.298,0
61.6276,2.95877,0,0,1.8303,0.045725,0.36288,3.6288,57.8723,0.66528,0,0,0.60729,0.313098,0,0.66528,12.849,1,0.601875,0.36288,0,29.1753,5.68121,23.2551,0.84672,12.849,0.84672,3695.15,0,36.966,0.42336,0.525874,2.05495,3.65057,1.46479,4.34324,0.42336,36.966,0.42336,423.524,0,1.02816,0,0,1.55403,0.525874,1.028160,1,0,27.5983,0,0,0,27.5983,0
59.5523,3.14315,0,0,1.49092,0.0601616,0.36288,3.6288,57.3339,0.709646,0,0,0.486068,0.314851,0,0.66528,12.849,1,0.655329,0.36288,0,41.3249,5.7771,35.2554,0.84672,12.849,0.84672,3695.15,0,36.966,0.42336,0.227405,2.05495,2.5565,1.57046,2.84504,0.42336,36.966,0.42336,423.524,0,0.983794,0,0,1.2112,0.227405,1.028160,1,0,38.1004,0,0,0,38.1004,0
57.7091,2.94395,0,0,1.5227,0.0590773,0.36288,3.6288,56.9124,0.66528,0,0,0.55756,0.313756,0,0.66528,12.849,1,0.635185,0.36288,0,35.7977,5.7771,29.7483,0.84672,12.849,0.84672,3695.15,0,36.966,0.42336,0.251683,2.09953,2.65487,1.57046,3.01226,0.42336,36.966,0.42336,423.524,0,1.02816,0,0,1.27984,0.251683,1.028160,1,0,32.7605,0,0,0,32.7605,0
55.8961,2.92735,0,0,1.53636,0.059156,0.36288,3.6288,56.5027,0.66528,0,0,0.561782,0.306195,0,0.66528,12.849,1,0.651778,0.36288,0,36.3224,5.59226,30.4412,0.84672,12.849,0.84672,3695.15,0,36.966,0.42336,0.564382,2.05842,3.39575,1.49851,4.09669,0.42336,36.966,0.42336,423.524,0,1.02816,0,0,1.59254,0.564382,1.028160,1,0,34.5379,0,0,0,34.5379,0
54.0221,2.91016,0,0,1.46372,0.0647354,0.36288,3.6288,56.0645,0.66528,0,0,0.492251,0.265268,0,0.66528,12.849,1,0.668967,0.36288,0,23.5758,4.48318,18.7865,0.84672,12.849,0.84672,3695.15,0,36.966,0.42336,0.2517,2.05842,3.68438,1.06678,4.50436,0.42336,36.966,0.42336,423.524,0,1.02816,0,0,1.27986,0.2517,1.028160,1,0,23.2909,0,0,0,23.2909,0
52.2204,2.89141,0,0,1.55365,0.100982,0.36288,3.6288,55.2674,0.935928,0,0,0.396487,0.257656,0,0.66528,12.849,1,0.687715,0.36288,0,25.0103,4.77807,19.9074,0.84672,12.849,0.84672,3695.15,0,36.966,0.42336,0.204422,2.05842,3.01887,1.38231,3.47604,0.42336,36.966,0.42336,423.524,0,0.757512,0,0,0.961934,0.204422,1.028160,1,0,23.3834,0,0,0,23.3834,0
50.2806,2.77936,0,0,1.29787,0.0955096,0.36288,3.6288,54.8761,0.66528,0,0,0.536992,0.26292,0,0.66528,12.849,1,0.683869,0.36288,0,23.5149,4.89164,18.3023,0.84672,12.849,0.84672,3695.15,0,36.966,0.42336,0.55404,2.05842,3.3771,1.45703,4.10917,0.42336,36.966,0.42336,423.524,0,1.02816,0,0,1.5822,0.55404,1.028160,1,0,22.4114,0,0,0,22.4114,0
48.0821,2.85251,0,0,1.11053,0.0935953,0.36288,3.6288,53.8824,1.02813,0,0,0.296594,0.262244,0,0.66528,12.849,1,0.728949,0.36288,0,23.4919,4.89164,18.2342,0.84672,12.849,0.84672,3695.15,0,36.966,0.42336,0.216518,2.0367,2.51338,1.45703,2.88621,0.42336,36.966,0.42336,423.524,0,0.665315,0,0,0.881833,0.216518,1.028160,1,0,21.1204,0,0,0,21.1204,0
45.9445,2.82621,0,0,1.15865,0.107172,0.36288,3.6288,52.8667,1.05513,0,0,0.285529,0.246077,0,0.66528,12.849,1,0.75525,0.36288,0,22.5803,4.684,17.5039,0.84672,12.849,0.84672,3695.15,0,36.966,0.42336,0.216518,2.05886,2.52928,1.39213,2.98917,0.42336,36.966,0.42336,423.524,0,0.638306,0,0,0.854824,0.216518,1.028160,1,0,20.4931,0,0,0,20.4931,0
44.2127,2.79875,0,0,1.62108,0.191191,0.36288,3.6288,52.2744,0.861382,0,0,0.444706,0.175644,0,0.66528,12.849,1,0.782709,0.36288,0,36.7367,3.57602,32.7408,0.84672,12.849,0.84672,3695.15,0,36.966,0.42336,0.216518,2.05886,3.86319,0.959448,4.75575,0.42336,36.966,0.42336,423.524,0,0.832058,0,0,1.04858,0.216518,1.028160,1,0,37.4966,0,0,0,37.4966,0
42.2356,2.70128,0,0,1.26688,0.179856,0.36288,3.6288,51.3268,1.06673,0,0,0.317254,0.198086,0,0.66528,12.849,1,0.78504,0.36288,0,25.3987,3.75973,21.2169,0.84672,12.849,0.84672,3695.15,0,36.966,0.42336,0.216518,2.05886,2.38196,0.901723,3.33225,0.42336,36.966,0.42336,423.524,0,0.626708,0,0,0.843227,0.216518,1.028160,1,0,24.5491,0,0,0,24.5491,0
41.3889,2.74752,0,0,2.43948,0.175809,0.36288,3.6288,50.7216,0.888185,0,0,0.479565,0.196575,0,0.66528,12.849,1,0.835856,0.36288,0,46.2462,3.75973,42.0135,0.84672,12.849,0.84672,3695.15,0,36.966,0.42336,0.216518,2.04103,3.77278,0.901723,4.70524,0.42336,36.966,0.42336,423.524,0,0.805255,0,0,1.02177,0.216518,1.028160,1,0,46.7187,0,0,0,46.7187,0
41.8101,2.73666,0,0,3.69485,0.174075,0.36288,3.6288,50.7746,0.66528,0,0,0.913931,0.195611,0,0.66528,12.849,1,0.84672,0.36288,0,50.6372,3.75973,46.3937,0.84672,12.849,0.84672,3695.15,0,36.966,0.42336,0.845752,2.05921,5.50624,0.901723,7.08612,0.42336,36.966,0.42336,423.524,0,1.02816,0,0,1.87391,0.845752,1.028160,1,0,53.4798,0,0,0,53.4798,0
40.8443,2.74101,0,0,2.3136,0.175507,0.36288,3.6288,50.5429,0.66528,0,0,0.625134,0.191634,0,0.66528,12.849,1,0.842363,0.36288,0,42.8039,3.76377,38.5606,0.84672,12.849,0.84672,3695.15,0,36.966,0.42336,0.496765,2.05921,5.61044,0.908458,6.8346,0.42336,36.966,0.42336,423.524,0,1.02816,0,0,1.52492,0.496765,1.028160,1,0,45.3952,0,0,0,45.3952,0
39.9402,2.52031,0,0,2.15594,0.176899,0.36288,3.6288,50.7191,0.47557,0,0,0.818726,0.16695,0,0.66528,12.849,1,0.792852,0.36288,0,60.4496,3.78798,56.2316,0.84672,12.849,0.84672,3695.15,0,36.966,0.42336,0.912989,2.05921,5.81574,0.948864,7.41572,0.42336,36.966,0.42336,423.524,0,1.02816,0,0,1.94115,0.912989,1.028160,1,0,63.6474,0,0,0,63.6474,0
38.9279,2.51017,0,0,2.03672,0.175974,0.36288,3.6288,50.7916,0.471075,0,0,0.725692,0.182122,0,0.66528,12.849,1,0.807538,0.36288,0,61.3452,4.02885,56.8717,0.84672,12.849,0.84672,3695.15,0,36.966,0.42336,0.699659,1.86201,4.86289,1.04387,5.95733,0.42336,36.966,0.42336,423.524,0,1.02816,0,0,1.72782,0.699659,1.028160,1,0,62.829,0,0,0,62.829,0
38.8932,2.49441,0,0,3.01409,0.19151,0.36288,3.6288,51.0392,0.471093,0,0,0.934934,0.216201,0,0.66528,12.849,1,0.823334,0.36288,0,66.9707,4.63503,61.8752,0.84672,12.849,0.84672,3695.15,0,36.966,0.42336,1.28741,1.85939,6.50293,1.22903,7.99734,0.42336,36.966,0.42336,423.524,0,1.02816,0,0,2.31557,1.28741,1.028160,1,0,69.8726,0,0,0,69.8726,0
39.4849,2.49388,0,0,3.65129,0.202801,0.36288,3.6288,51.3439,0.47111,0,0,0.97924,0.203459,0,0.66528,12.849,1,0.823894,0.36288,0,95.5904,4.3188,90.8106,0.84672,12.849,0.84672,3695.15,0,36.966,0.42336,1.39732,1.8594,7.88469,1.11907,9.59899,0.42336,36.966,0.42336,423.524,0,1.02816,0,0,2.42548,1.39732,1.028160,1,0,100.41,0,0,0,100.41,0
44.8948,2.50322,0,0,8.45937,0.183339,0.36288,3.6288,52.5798,0.471128,0,0,1.92178,0.214715,0,0.66528,12.849,1,0.814586,0.36288,0,146.007,4.22154,141.334,0.84672,12.849,0.84672,3695.15,0,36.966,0.42336,3.41567,1.85942,11.3618,1.13025,15.0833,0.42336,36.966,0.42336,423.524,0,1.02816,0,0,4.44383,3.41567,1.028160,1,0,156.417,0,0,0,156.417,0
46.9819,2.66036,0,0,5.30171,0.191435,0.36288,3.6288,53.3038,0.533306,0,0,1.48317,0.225889,0,0.66528,12.849,1,0.7614,0.36288,0,116.352,4.35414,111.6,0.84672,12.849,0.84672,3695.15,0,36.966,0.42336,2.98751,1.85944,4.90284,1.15614,8.17029,0.42336,36.966,0.42336,423.524,0,1.02816,0,0,4.01567,2.98751,1.028160,1,0,119.77,0,0,0,119.77,0
48.5763,2.68692,0,0,4.85078,0.206544,0.36288,3.6288,53.5076,0.533308,0,0,0.960898,0.223815,0,0.66528,12.849,1,0.734842,0.36288,0,102.755,4.39212,97.9906,0.84672,12.849,0.84672,3695.15,0,36.966,0.42336,2.13352,1.92696,4.58662,1.22237,7.00137,0.42336,36.966,0.42336,423.524,0,1.02816,0,0,3.16168,2.13352,1.028160,1,0,104.992,0,0,0,104.992,0
50.3862,2.706,0,0,5.11591,0.237136,0.36288,3.6288,53.8579,0.533311,0,0,1.09936,0.215697,0,0.66528,12.849,1,0.715768,0.36288,0,122.727,4.48707,117.887,0.84672,12.849,0.84672,3695.15,0,36.966,0.42336,2.23678,1.92697,5.01017,1.38793,7.36263,0.42336,36.966,0.42336,423.524,0,1.02816,0,0,3.26494,2.23678,1.028160,1,0,125.25,0,0,0,125.25,0
51.7461,2.72649,0,0,4.69192,0.24267,0.36288,3.6288,54.4325,0.533313,0,0,1.3172,0.209321,0,0.66528,12.849,1,0.695283,0.36288,0,92.5327,4.12704,88.0732,0.84672,12.849,0.84672,3695.15,0,36.966,0.42336,2.14312,1.92697,3.77323,1.30049,6.11946,0.42336,36.966,0.42336,423.524,0,1.02816,0,0,3.17128,2.14312,1.028160,1,0,94.1927,0,0,0,94.1927,0
53.4698,3.00849,0,0,5.34358,0.248436,0.36288,3.6288,55.7517,0.66528,0,0,2.17709,0.192627,0,0.66528,12.849,1,0.747035,0.36288,0,171.675,3.22697,168.064,0.84672,12.849,0.84672,3695.15,0,36.966,0.42336,3.38351,1.92697,5.48441,1.08189,9.28965,0.42336,36.966,0.42336,423.524,0,1.02816,0,0,4.41167,3.38351,1.028160,1,0,177.354,0,0,0,177.354,0
53.6343,2.88636,0,0,3.67584,0.262148,0.36288,3.6288,56.0306,0.66528,0,0,1.1329,0.188743,0,0.66528,12.849,1,0.693603,0.36288,0,94.8482,3.20837,91.3091,0.84672,12.849,0.84672,3695.15,0,36.966,0.42336,2.19068,2.09148,4.56894,1.0473,7.38044,0.42336,36.966,0.42336,423.524,0,1.02816,0,0,3.21884,2.19068,1.028160,1,0,98.6895,0,0,0,98.6895,0
54.0435,2.88808,0,0,3.94593,0.285793,0.36288,3.6288,56.3882,0.66528,0,0,1.19807,0.175153,0,0.66528,12.849,1,0.691888,0.36288,0,77.5656,3.16186,74.0747,0.84672,12.849,0.84672,3695.15,0,36.966,0.42336,2.88436,2.05857,4.51462,0.960819,8.07338,0.42336,36.966,0.42336,423.524,0,1.02816,0,0,3.91252,2.88436,1.028160,1,0,82.1481,0,0,0,82.1481,0
53.4763,2.89231,0,0,2.97144,0.28347,0.36288,3.6288,56.6709,0.66528,0,0,1.11804,0.170086,0,0.66528,12.849,1,0.687655,0.36288,0,63.9965,3.11122,60.5605,0.84672,12.849,0.84672,3695.15,0,36.966,0.42336,1.44677,2.05857,3.67331,0.910204,5.84509,0.42336,36.966,0.42336,423.524,0,1.02816,0,0,2.47493,1.44677,1.028160,1,0,66.4056,0,0,0,66.4056,0
54.6341,2.50261,0,0,4.29644,0.273107,0.36288,3.6288,57.1427,0.629089,0,0,1.2576,0.156682,0,0.66528,12.849,1,0.601315,0.36288,0,80.4289,2.98463,77.2058,0.84672,12.849,0.84672,3695.15,0,36.966,0.42336,0.859421,2.05857,3.17113,0.783669,4.8821,0.42336,36.966,0.42336,423.524,0,1.02816,0,0,1.88758,0.859421,1.028160,1,0,82.0879,0,0,0,82.0879,0
55.2707,2.65508,0,0,3.93092,0.276333,0.36288,3.6288,57.7302,0.453511,0,0,1.19818,0.157163,0,0.66528,12.849,1,0.624429,0.36288,0,79.2046,2.98463,75.9584,0.84672,12.849,0.84672,3695.15,0,36.966,0.42336,0.798535,1.9414,3.03769,0.783669,4.5706,0.42336,36.966,0.42336,423.524,0,1.02816,0,0,1.82669,0.798535,1.028160,1,0,80.529,0,0,0,80.529,0
58.6649,2.66092,0,0,6.69609,0.278106,0.36288,3.6288,59.0045,0.453513,0,0,1.88557,0.157763,0,0.66528,12.849,1,0.618594,0.36288,0,144.493,2.98463,141.252,0.84672,12.849,0.84672,3695.15,0,36.966,0.42336,1.9002,1.83866,5.37684,0.783669,7.90867,0.42336,36.966,0.42336,423.524,0,1.02816,0,0,2.92836,1.9002,1.028160,1,0,149.161,0,0,0,149.161,0
61.9857,2.69028,0,0,6.64499,0.271043,0.36288,3.6288,60.8071,0.453515,0,0,2.42021,0.1641,0,0.66528,12.849,1,0.589236,0.36288,0,142.758,3.38613,139.145,0.84672,12.849,0.84672,3695.15,0,36.966,0.42336,2.9439,1.83866,8.98259,0.851428,12.4904,0.42336,36.966,0.42336,423.524,0,1.02816,0,0,3.97206,2.9439,1.028160,1,0,151.636,0,0,0,151.636,0
66.1115,2.71643,0,0,7.44212,0.236986,0.36288,3.6288,61.308,0.453518,0,0,2.47496,0.173917,1.34661,0.66528,12.849,1,0.563089,0.36288,0,219.88,4.37391,215.306,0.84672,12.849,0.84672,3695.15,0,36.966,0.42336,2.76045,1.83866,7.87605,0.965434,11.0864,0.42336,36.966,0.42336,423.524,0,1.02816,0,0,3.78861,2.76045,1.028160,1,0,227.739,0,0,0,227.739,0
68.1985,2.84619,0,0,5.53282,0.236807,0.36288,3.6288,61.308,0.530139,0,0,1.94588,0.1734,1.24234,0.66528,12.849,1,0.553166,0.36288,0,143.987,4.46292,139.334,0.84672,12.849,0.84672,3695.15,0,36.966,0.42336,2.02358,1.83866,6.08783,0.972311,8.55441,0.42336,36.966,0.42336,423.524,0,1.02816,0,0,3.05174,2.02358,1.028160,1,0,149.131,0,0,0,149.131,0
69.5052,2.86044,0,0,4.77076,0.240741,0.36288,3.6288,61.308,0.530142,0,0,1.78648,0.1734,1.08294,0.66528,12.849,1,0.538923,0.36288,0,123.311,4.46292,118.672,0.84672,12.849,0.84672,3695.15,0,36.966,0.42336,2.03911,1.92032,5.50295,0.972311,8.0667,0.42336,36.966,0.42336,423.524,0,1.02816,0,0,3.06727,2.03911,1.028160,1,0,127.822,0,0,0,127.822,0
70.8051,2.86899,0,0,4.75664,0.224853,0.36288,3.6288,61.308,0.530144,0,0,1.6667,0.16274,0.973815,0.66528,12.849,1,0.530373,0.36288,0,107.663,4.04986,103.446,0.84672,12.849,0.84672,3695.15,0,36.966,0.42336,1.68497,1.92032,5.54588,0.966303,7.76151,0.42336,36.966,0.42336,423.524,0,1.02816,0,0,2.71313,1.68497,1.028160,1,0,112.181,0,0,0,112.181,0
71.512,2.87724,0,0,4.14075,0.193666,0.36288,3.6288,61.308,0.530147,0,0,1.52092,0.19214,0.79863,0.66528,12.849,1,0.522132,0.36288,0,100.941,4.23137,96.5505,0.84672,12.849,0.84672,3695.15,0,36.966,0.42336,1.87098,1.92032,4.75096,1.05109,7.06782,0.42336,36.966,0.42336,423.524,0,1.02816,0,0,2.89914,1.87098,1.028160,1,0,104.417,0,0,0,104.417,0
71.2524,2.8419,0,0,3.10217,0.157064,0.36288,3.6288,61.308,0.500391,0,0,1.27438,0.241501,0.53249,0.66528,12.849,1,0.510621,0.36288,0,73.4944,4.98414,68.3625,0.84672,12.849,0.84672,3695.15,0,36.966,0.42336,1.66184,1.92033,3.6581,1.16076,5.65614,0.42336,36.966,0.42336,423.524,0,1.02816,0,0,2.69,1.66184,1.028160,1,0,74.5512,0,0,0,74.5512,0
70.6352,2.84033,0,0,2.7428,0.156753,0.36288,3.6288,61.308,0.500393,0,0,1.40251,0.241501,0.66061,0.66528,12.849,1,0.512198,0.36288,0,68.3562,4.98414,63.2228,0.84672,12.849,0.84672,3695.15,0,36.966,0.42336,1.93803,1.88856,3.79763,1.16076,6.04009,0.42336,36.966,0.42336,423.524,0,1.02816,0,0,2.96619,1.93803,1.028160,1,0,69.9235,0,0,0,69.9235,0
69.7544,2.83654,0,0,2.47457,0.156013,0.36288,3.6288,61.308,0.500396,0,0,1.26909,0.241501,0.527189,0.66528,12.849,1,0.515985,0.36288,0,63.1463,4.98414,58.0091,0.84672,12.849,0.84672,3695.15,0,36.966,0.42336,1.48883,1.88856,3.58457,1.16076,5.37784,0.42336,36.966,0.42336,423.524,0,1.02816,0,0,2.51699,1.48883,1.028160,1,0,63.9141,0,0,0,63.9141,0
69.312,2.83104,0,0,2.89919,0.147589,0.36288,3.6288,61.308,0.500398,0,0,1.15729,0.242426,0.41447,0.66528,12.849,1,0.521488,0.36288,0,70.4627,5.20665,65.0974,0.84672,12.849,0.84672,3695.15,0,36.966,0.42336,1.45825,1.88856,4.73075,1.14917,6.50504,0.42336,36.966,0.42336,423.524,0,1.02816,0,0,2.48641,1.45825,1.028160,1,0,72.0169,0,0,0,72.0169,0
68.2357,2.9624,0,0,2.39355,0.144636,0.36288,3.6288,61.308,0.605932,0,0,0.973365,0.227201,0.140232,0.66528,12.849,1,0.549167,0.36288,0,69.1481,4.90423,64.0576,0.84672,12.849,0.84672,3695.15,0,36.966,0.42336,1.4018,1.88857,3.35724,1.01502,5.20922,0.42336,36.966,0.42336,423.524,0,1.02816,0,0,2.42996,1.4018,1.028160,1,0,69.407,0,0,0,69.407,0
66.9689,2.95512,0,0,2.1172,0.0659654,0.36288,3.6288,61.308,0.605934,0,0,0.906552,0.251764,0.0488542,0.66528,12.849,1,0.556458,0.36288,0,47.06,5.32192,41.5445,0.84672,12.849,0.84672,3695.15,0,36.966,0.42336,1.05906,1.99991,3.09155,1.1925,4.53465,0.42336,36.966,0.42336,423.524,0,1.02816,0,0,2.08722,1.05906,1.028160,1,0,46.128,0,0,0,46.128,0
65.6199,2.94629,0,0,2.02552,0.0653113,0.36288,3.6288,61.308,0.605937,0,0,0.866091,0.251764,0.00839047,0.66528,12.849,1,0.56529,0.36288,0,43.3496,5.32192,37.8252,0.84672,12.849,0.84672,3695.15,0,36.966,0.42336,0.982083,1.99991,2.98987,1.1925,4.356,0.42336,36.966,0.42336,423.524,0,1.02816,0,0,2.01024,0.982083,1.028160,1,0,42.1896,0,0,0,42.1896,0
64.1954,2.93657,0,0,1.93951,0.0646147,0.36288,3.6288,61.308,0.605939,0,0,0.880485,0.251764,0.0227821,0.66528,12.849,1,0.575009,0.36288,0,41.3599,5.32192,35.8259,0.84672,12.849,0.84672,3695.15,0,36.966,0.42336,1.22563,1.99991,2.84668,1.1925,4.45636,0.42336,36.966,0.42336,423.524,0,1.02816,0,0,2.25379,1.22563,1.028160,1,0,40.305,0,0,0,40.305,0
63.2765,2.92595,0,0,2.46262,0.0926792,0.36288,3.6288,61.289,0.605942,0,0,0.85371,0.266739,0,0.66528,12.849,1,0.585642,0.36288,0,47.4201,5.45989,41.7375,0.84672,12.849,0.84672,3695.15,0,36.966,0.42336,1.48396,1.99991,3.69423,1.20633,5.54842,0.42336,36.966,0.42336,423.524,0,1.02816,0,0,2.51212,1.48396,1.028160,1,0,47.2859,0,0,0,47.2859,0
62.3761,2.89274,0,0,2.42838,0.0731011,0.36288,3.6288,61.1065,0.663946,0,0,0.785998,0.304566,0,0.66528,12.849,1,0.587403,0.36288,0,46.4156,5.52087,40.6702,0.84672,12.849,0.84672,3695.15,0,36.966,0.42336,1.45335,1.99992,3.82001,1.3258,5.52412,0.42336,36.966,0.42336,423.524,0,1.02816,0,0,2.48151,1.45335,1.028160,1,0,46.1943,0,0,0,46.1943,0
61.3671,2.88571,0,0,2.30816,0.0686516,0.36288,3.6288,60.8956,0.663949,0,0,0.763163,0.310102,0,0.66528,12.849,1,0.594434,0.36288,0,42.6635,5.5272,36.9047,0.84672,12.849,0.84672,3695.15,0,36.966,0.42336,1.36831,2.03884,3.70129,1.34533,5.33974,0.42336,36.966,0.42336,423.524,0,1.02816,0,0,2.39647,1.36831,1.028160,1,0,42.2444,0,0,0,42.2444,0
60.2079,2.87763,0,0,2.14946,0.0680832,0.36288,3.6288,60.5879,0.663952,0,0,0.665963,0.309688,0,0.66528,12.849,1,0.602517,0.36288,0,39.6539,5.5272,33.887,0.84672,12.849,0.84672,3695.15,0,36.966,0.42336,1.26589,2.03884,3.5061,1.34533,5.04214,0.42336,36.966,0.42336,423.524,0,1.02816,0,0,2.29405,1.26589,1.028160,1,0,38.9292,0,0,0,38.9292,0
58.7668,2.86808,0,0,1.85566,0.0657984,0.36288,3.6288,60.1236,0.663954,0,0,0.514979,0.315377,0,0.66528,12.849,1,0.612077,0.36288,0,33.7934,5.55622,27.988,0.84672,12.849,0.84672,3695.15,0,36.966,0.42336,0.897229,2.03884,3.05624,1.40041,4.16854,0.42336,36.966,0.42336,423.524,0,1.02816,0,0,1.92539,0.897229,1.028160,1,0,32.1565,0,0,0,32.1565,0
57.2706,2.92241,0,0,1.85183,0.0627584,0.36288,3.6288,59.6452,0.66528,0,0,0.509731,0.322812,0,0.66528,12.849,1,0.638967,0.36288,0,38.0576,5.59493,32.1865,0.84672,12.849,0.84672,3695.15,0,36.966,0.42336,0.943574,2.03885,3.16691,1.47385,4.25213,0.42336,36.966,0.42336,423.524,0,1.02816,0,0,1.97173,0.943574,1.028160,1,0,36.4387,0,0,0,36.4387,0
55.6227,2.90878,0,0,1.68557,0.0618496,0.36288,3.6288,59.0785,0.66528,0,0,0.420423,0.321829,0,0.66528,12.849,1,0.652602,0.36288,0,30.6536,5.59493,24.7689,0.84672,12.849,0.84672,3695.15,0,36.966,0.42336,0.986161,2.05509,2.94278,1.47385,4.08683,0.42336,36.966,0.42336,423.524,0,1.02816,0,0,2.01432,0.986161,1.028160,1,0,28.8558,0,0,0,28.8558,0
53.8389,2.89308,0,0,1.53303,0.0608488,0.36288,3.6288,58.4841,0.66528,0,0,0.391535,0.320664,0,0.66528,12.849,1,0.668309,0.36288,0,28.576,5.59493,22.6757,0.84672,12.849,0.84672,3695.15,0,36.966,0.42336,0.672192,2.05509,2.6226,1.47385,3.45268,0.42336,36.966,0.42336,423.524,0,1.02816,0,0,1.70035,0.672192,1.028160,1,0,26.1284,0,0,0,26.1284,0
52.2168,2.87521,0,0,1.66944,0.053396,0.36288,3.6288,57.9633,0.66528,0,0,0.46216,0.317673,0,0.66528,12.849,1,0.686186,0.36288,0,28.7112,5.70306,22.6849,0.84672,12.849,0.84672,3695.15,0,36.966,0.42336,1.11465,2.05509,3.70818,1.49975,4.95481,0.42336,36.966,0.42336,423.524,0,1.02816,0,0,2.14281,1.11465,1.028160,1,0,27.6397,0,0,0,27.6397,0
50.396,3.04898,0,0,1.66011,0.0690482,0.36288,3.6288,57.3925,0.66528,0,0,0.37194,0.277556,0,0.66528,12.849,1,0.750263,0.36288,0,29.5586,4.83126,24.3399,0.84672,12.849,0.84672,3695.15,0,36.966,0.42336,0.783899,2.05509,2.3564,1.42771,3.34432,0.42336,36.966,0.42336,423.524,0,1.02816,0,0,1.81206,0.783899,1.028160,1,0,27.6842,0,0,0,27.6842,0
48.6318,2.85195,0,0,1.51835,0.0677492,0.36288,3.6288,56.8034,0.66528,0,0,0.352805,0.276533,0,0.66528,12.849,1,0.727135,0.36288,0,29.4956,4.83126,24.3001,0.84672,12.849,0.84672,3695.15,0,36.966,0.42336,0.670153,2.09967,2.30598,1.42771,3.22473,0.42336,36.966,0.42336,423.524,0,1.02816,0,0,1.69831,0.670153,1.028160,1,0,27.5248,0,0,0,27.5248,0
47.2022,2.83108,0,0,1.83088,0.0664844,0.36288,3.6288,56.2241,0.66528,0,0,0.361414,0.275477,0,0.66528,12.849,1,0.748,0.36288,0,29.3469,4.83126,24.1305,0.84672,12.849,0.84672,3695.15,0,36.966,0.42336,0.804496,2.05841,3.32758,1.42771,4.33942,0.42336,36.966,0.42336,423.524,0,1.02816,0,0,1.83266,0.804496,1.028160,1,0,28.4699,0,0,0,28.4699,0
45.5679,2.81328,0,0,1.60724,0.0654544,0.36288,3.6288,55.6467,0.66528,0,0,0.362294,0.274438,0,0.66528,12.849,1,0.765807,0.36288,0,27.692,4.83126,22.4578,0.84672,12.849,0.84672,3695.15,0,36.966,0.42336,0.745528,2.05841,2.44617,1.42771,3.39903,0.42336,36.966,0.42336,423.524,0,1.02816,0,0,1.77369,0.745528,1.028160,1,0,25.8568,0,0,0,25.8568,0
43.6684,2.79185,0,0,1.33734,0.0821036,0.36288,3.6288,55.1722,0.66528,0,0,0.464594,0.273789,0,0.66528,12.849,1,0.787232,0.36288,0,24.8351,4.32209,20.0886,0.84672,12.849,0.84672,3695.15,0,36.966,0.42336,1.42531,2.05841,2.42125,1.28709,4.19452,0.42336,36.966,0.42336,423.524,0,1.02816,0,0,2.45347,1.42531,1.028160,1,0,24.2832,0,0,0,24.2832,0
41.7012,2.67583,0,0,1.15616,0.0846491,0.36288,3.6288,54.4858,0.66528,0,0,0.251872,0.273037,0,0.66528,12.849,1,0.787336,0.36288,0,23.7757,4.10287,19.2484,0.84672,12.849,0.84672,3695.15,0,36.966,0.42336,0.276333,2.05841,1.75818,1.23388,2.43568,0.42336,36.966,0.42336,423.524,0,1.02816,0,0,1.30449,0.276333,1.028160,1,0,21.6841,0,0,0,21.6841,0
39.7093,2.73784,0,0,1.20624,0.0974059,0.36288,3.6288,53.8057,0.66528,0,0,0.242475,0.257297,0,0.66528,12.849,1,0.843584,0.36288,0,22.853,3.89525,18.477,0.84672,12.849,0.84672,3695.15,0,36.966,0.42336,0.23639,2.03669,1.76928,1.16898,2.45002,0.42336,36.966,0.42336,423.524,0,1.02816,0,0,1.26455,0.23639,1.028160,1,0,20.927,0,0,0,20.927,0
39.9299,2.7347,0,0,3.49927,0.181072,0.36288,3.6288,53.5423,0.66528,0,0,0.571374,0.169482,0,0.66528,12.849,1,0.84672,0.36288,0,68.8791,2.64947,65.7458,0.84672,12.849,0.84672,3695.15,0,36.966,0.42336,0.920575,2.05885,4.64708,0.779594,6.42354,0.42336,36.966,0.42336,423.524,0,1.02816,0,0,1.94873,0.920575,1.028160,1,0,72.1694,0,0,0,72.1694,0
39.2561,2.7347,0,0,2.59618,0.172415,0.36288,3.6288,53.1669,0.66528,0,0,0.435038,0.145091,0,0.66528,12.849,1,0.84672,0.36288,0,67.4733,3.02735,63.9621,0.84672,12.849,0.84672,3695.15,0,36.966,0.42336,1.03746,2.05885,2.94473,0.813812,4.80386,0.42336,36.966,0.42336,423.524,0,1.02816,0,0,2.06562,1.03746,1.028160,1,0,68.766,0,0,0,68.766,0
39.3284,2.63955,0,0,3.21518,0.140488,0.36288,3.6288,52.8883,0.66528,0,0,0.56199,0.175324,0,0.66528,12.849,1,0.84672,0.36288,0,45.3841,4.31771,40.5826,0.84672,12.849,0.84672,3695.15,0,36.966,0.42336,1.0193,2.05885,3.61737,0.934359,5.33779,0.42336,36.966,0.42336,423.524,0,1.02816,0,0,2.04746,1.0193,1.028160,1,0,45.9204,0,0,0,45.9204,0
39.4717,2.73662,0,0,3.41647,0.173603,0.36288,3.6288,52.6019,0.66528,0,0,0.506317,0.127436,0,0.66528,12.849,1,0.84672,0.36288,0,60.9344,3.77087,56.6797,0.84672,12.849,0.84672,3695.15,0,36.966,0.42336,1.07624,2.04102,3.86344,0.764188,5.79315,0.42336,36.966,0.42336,423.524,0,1.02816,0,0,2.1044,1.07624,1.028160,1,0,62.4728,0,0,0,62.4728,0
41.0996,2.73662,0,0,4.90129,0.17389,0.36288,3.6288,52.6591,0.66528,0,0,0.849623,0.127143,0,0.66528,12.849,1,0.84672,0.36288,0,72.572,3.77087,68.3173,0.84672,12.849,0.84672,3695.15,0,36.966,0.42336,1.36197,2.05921,5.5488,0.764188,7.78242,0.42336,36.966,0.42336,423.524,0,1.02816,0,0,2.39013,1.36197,1.028160,1,0,76.0997,0,0,0,76.0997,0
41.9285,2.73662,0,0,4.10568,0.177264,0.36288,3.6288,52.9665,0.66528,0,0,1.09986,0.127202,0,0.66528,12.849,1,0.84672,0.36288,0,106.534,3.77087,102.279,0.84672,12.849,0.84672,3695.15,0,36.966,0.42336,1.50978,2.05921,6.07656,0.764188,8.45799,0.42336,36.966,0.42336,423.524,0,1.02816,0,0,2.53794,1.50978,1.028160,1,0,110.737,0,0,0,110.737,0
41.0089,2.53596,0,0,2.17103,0.191788,0.36288,3.6288,52.6429,0.47614,0,0,0.352388,0.199848,0,0.66528,12.849,1,0.777145,0.36288,0,68.9321,3.74314,64.7747,0.84672,12.849,0.84672,3695.15,0,36.966,0.42336,0.523031,2.05921,3.95933,1.01703,5.10118,0.42336,36.966,0.42336,423.524,0,1.02816,0,0,1.55119,0.523031,1.028160,1,0,69.8759,0,0,0,69.8759,0
40.6841,2.52642,0,0,2.75417,0.189727,0.36288,3.6288,52.4229,0.471246,0,0,0.450621,0.19933,0,0.66528,12.849,1,0.791583,0.36288,0,65.7904,3.74314,61.6186,0.84672,12.849,0.84672,3695.15,0,36.966,0.42336,0.973037,1.86244,4.75864,1.01703,6.15371,0.42336,36.966,0.42336,423.524,0,1.02816,0,0,2.0012,0.973037,1.028160,1,0,67.7723,0,0,0,67.7723,0
40.4476,2.52162,0,0,2.83704,0.188999,0.36288,3.6288,52.4187,0.471248,0,0,0.665956,0.198978,0,0.66528,12.849,1,0.796388,0.36288,0,76.8416,3.74314,72.6649,0.84672,12.849,0.84672,3695.15,0,36.966,0.42336,1.81045,1.85957,6.20843,1.01703,8.43806,0.42336,36.966,0.42336,423.524,0,1.02816,0,0,2.83861,1.81045,1.028160,1,0,81.103,0,0,0,81.103,0
40.0752,2.51809,0,0,2.70097,0.192431,0.36288,3.6288,52.3833,0.47125,0,0,0.635086,0.19918,0,0.66528,12.849,1,0.799922,0.36288,0,82.8783,3.75714,78.6842,0.84672,12.849,0.84672,3695.15,0,36.966,0.42336,1.43281,1.85958,5.61512,1.0308,7.45335,0.42336,36.966,0.42336,423.524,0,1.02816,0,0,2.46097,1.43281,1.028160,1,0,86.1375,0,0,0,86.1375,0
41.5207,2.51247,0,0,4.53097,0.21013,0.36288,3.6288,52.4617,0.471253,0,0,0.740083,0.190467,0,0.66528,12.849,1,0.805552,0.36288,0,78.3458,3.77487,74.1283,0.84672,12.849,0.84672,3695.15,0,36.966,0.42336,1.35833,1.85958,8.23626,1.0326,9.99821,0.42336,36.966,0.42336,423.524,0,1.02816,0,0,2.38649,1.35833,1.028160,1,0,84.1265,0,0,0,84.1265,0
41.0025,2.61325,0,0,2.67554,0.217591,0.36288,3.6288,52.7171,0.533419,0,0,0.999472,0.210639,0,0.66528,12.849,1,0.808698,0.36288,0,58.0364,3.45366,54.1369,0.84672,12.849,0.84672,3695.15,0,36.966,0.42336,0.769314,1.85958,7.08057,1.01043,8.27567,0.42336,36.966,0.42336,423.524,0,1.02816,0,0,1.79747,0.769314,1.028160,1,0,62.4125,0,0,0,62.4125,0
40.6484,2.60546,0,0,2.8305,0.216267,0.36288,3.6288,53.2728,0.533405,0,0,1.30019,0.211071,0,0.66528,12.849,1,0.816474,0.36288,0,80.9784,3.45366,77.0711,0.84672,12.849,0.84672,3695.15,0,36.966,0.42336,1.04054,1.92709,7.35757,1.01043,8.89141,0.42336,36.966,0.42336,423.524,0,1.02816,0,0,2.0687,1.04054,1.028160,1,0,85.9626,0,0,0,85.9626,0
39.6889,2.60003,0,0,2.21877,0.215362,0.36288,3.6288,54.0136,0.533392,0,0,1.48623,0.212012,0,0.66528,12.849,1,0.821873,0.36288,0,47.7472,3.45366,43.8346,0.84672,12.849,0.84672,3695.15,0,36.966,0.42336,1.43551,1.92707,5.29546,1.01043,7.22426,0.42336,36.966,0.42336,423.524,0,1.02816,0,0,2.46367,1.43551,1.028160,1,0,51.0588,0,0,0,51.0588,0
38.157,2.58501,0,0,1.63108,0.215104,0.36288,3.6288,54.2646,0.533378,0,0,1.00078,0.216491,0,0.66528,12.849,1,0.836877,0.36288,0,39.7304,3.53673,35.7196,0.84672,12.849,0.84672,3695.15,0,36.966,0.42336,0.557064,1.92706,4.84562,1.00668,5.8997,0.42336,36.966,0.42336,423.524,0,1.02816,0,0,1.58522,0.557064,1.028160,1,0,41.6193,0,0,0,41.6193,0
36.535,2.9089,0,0,1.87159,0.221801,0.36288,3.6288,54.3136,0.703659,0,0,0.970652,0.217944,0,0.66528,12.849,1,0.84672,0.36288,0,34.159,4.19349,29.4817,0.84672,12.849,0.84672,3695.15,0,36.966,0.42336,0.503194,1.92704,4.64157,1.01948,5.62897,0.42336,36.966,0.42336,423.524,0,0.989781,0,0,1.49297,0.503194,1.028160,1,0,35.1107,0,0,0,35.1107,0
35.4954,2.73321,0,0,2.27413,0.217598,0.36288,3.6288,54.6804,0.66528,0,0,1.25005,0.218015,0,0.66528,12.849,1,0.84672,0.36288,0,43.2002,4.19349,38.5228,0.84672,12.849,0.84672,3695.15,0,36.966,0.42336,1.2099,2.09149,6.46119,1.01948,8.31975,0.42336,36.966,0.42336,423.524,0,1.02816,0,0,2.23806,1.2099,1.028160,1,0,46.8426,0,0,0,46.8426,0
35.0292,2.73321,0,0,2.84482,0.214904,0.36288,3.6288,55.0852,0.66528,0,0,1.28865,0.218544,0,0.66528,12.849,1,0.84672,0.36288,0,55.7236,4.19349,51.0463,0.84672,12.849,0.84672,3695.15,0,36.966,0.42336,0.970834,2.05857,5.94079,1.01948,7.52736,0.42336,36.966,0.42336,423.524,0,1.02816,0,0,1.99899,0.970834,1.028160,1,0,58.5736,0,0,0,58.5736,0
34.1085,2.73321,0,0,2.37586,0.200521,0.36288,3.6288,55.4407,0.66528,0,0,1.24919,0.22841,0,0.66528,12.849,1,0.84672,0.36288,0,44.1254,4.16945,39.4721,0.84672,12.849,0.84672,3695.15,0,36.966,0.42336,0.878265,2.05857,5.35357,0.981146,6.8859,0.42336,36.966,0.42336,423.524,0,1.02816,0,0,1.90642,0.878265,1.028160,1,0,46.358,0,0,0,46.358,0
34.4449,2.25718,0,0,3.19189,0.235389,0.36288,3.6288,55.72,0.629078,0,0,1.13765,0.229233,0,0.66528,12.849,1,0.84672,0.36288,0,69.2628,4.37504,64.4039,0.84672,12.849,0.84672,3695.15,0,36.966,0.42336,0.747559,2.05857,7.0748,0.985462,8.47211,0.42336,36.966,0.42336,423.524,0,1.02816,0,0,1.77572,0.747559,1.028160,1,0,72.8761,0,0,0,72.8761,0
34.6044,2.43274,0,0,3.19145,0.23636,0.36288,3.6288,56.0184,0.580576,0,0,1.10861,0.229653,0,0.66528,12.849,1,0.84672,0.36288,0,68.9074,4.37504,64.0485,0.84672,12.849,0.84672,3695.15,0,36.966,0.42336,0.608429,1.94139,5.99538,0.985462,7.13638,0.42336,36.966,0.42336,423.524,0,0.901066,0,0,1.50949,0.608429,1.028160,1,0,71.1849,0,0,0,71.1849,0
35.8571,2.43272,0,0,4.27639,0.228145,0.36288,3.6288,56.9722,0.453469,0,0,1.63118,0.223948,0,0.66528,12.849,1,0.84672,0.36288,0,80.3822,4.39331,75.5051,0.84672,12.849,0.84672,3695.15,0,36.966,0.42336,1.15227,1.83862,8.82529,0.951173,10.4417,0.42336,36.966,0.42336,423.524,0,1.02816,0,0,2.18043,1.15227,1.028160,1,0,85.9468,0,0,0,85.9468,0
37.5301,2.4327,0,0,4.67826,0.209608,0.36288,3.6288,58.3411,0.453456,0,0,2.0323,0.209862,0,0.66528,12.849,1,0.84672,0.36288,0,93.6429,4.43898,88.7201,0.84672,12.849,0.84672,3695.15,0,36.966,0.42336,4.44843,1.83861,9.45406,0.865451,14.4523,0.42336,36.966,0.42336,423.524,0,1.02816,0,0,5.47659,4.44843,1.028160,1,0,103.172,0,0,0,103.172,0
38.58,2.443,0,0,4.06948,0.213752,0.36288,3.6288,59.1652,0.453443,0,0,1.48485,0.207356,0,0.66528,12.849,1,0.836397,0.36288,0,74.946,4.82463,69.6478,0.84672,12.849,0.84672,3695.15,0,36.966,0.42336,2.41345,1.8386,7.57865,0.954938,10.4524,0.42336,36.966,0.42336,423.524,0,1.02816,0,0,3.44161,2.41345,1.028160,1,0,80.1002,0,0,0,80.1002,0
38.6334,2.55247,0,0,3.18518,0.216366,0.36288,3.6288,59.7717,0.530046,0,0,1.34327,0.206699,0,0.66528,12.849,1,0.84672,0.36288,0,66.4178,4.97889,60.9551,0.84672,12.849,0.84672,3695.15,0,36.966,0.42336,0.786612,1.83858,6.78754,0.990733,7.99864,0.42336,36.966,0.42336,423.524,0,1.02816,0,0,1.81477,0.786612,1.028160,1,0,68.9538,0,0,0,68.9538,0
38.391,2.55245,0,0,2.88941,0.2165,0.36288,3.6288,60.1322,0.530032,0,0,1.09798,0.207502,0,0.66528,12.849,1,0.84672,0.36288,0,61.1794,4.97889,55.7167,0.84672,12.849,0.84672,3695.15,0,36.966,0.42336,0.596609,1.92022,4.45839,0.990733,5.56112,0.42336,36.966,0.42336,423.524,0,1.02816,0,0,1.62477,0.596609,1.028160,1,0,61.2778,0,0,0,61.2778,0
38.0397,2.55243,0,0,2.76068,0.196641,0.36288,3.6288,60.3701,0.564873,0,0,1.02495,0.222146,0,0.66528,12.849,1,0.84672,0.36288,0,51.9667,5.1534,46.3295,0.84672,12.849,0.84672,3695.15,0,36.966,0.42336,0.528595,1.9202,4.25968,1.02508,5.26004,0.42336,36.966,0.42336,423.524,0,0.993306,0,0,1.5219,0.528595,1.028160,1,0,51.5895,0,0,0,51.5895,0
37.3354,2.5524,0,0,2.38836,0.177404,0.36288,3.6288,60.3122,0.727611,0,0,0.899286,0.229554,0,0.66528,12.849,1,0.84672,0.36288,0,45.8327,5.199,40.1499,0.84672,12.849,0.84672,3695.15,0,36.966,0.42336,0.528595,1.92019,3.9116,1.08119,4.85583,0.42336,36.966,0.42336,423.524,0,0.830555,0,0,1.35915,0.528595,1.028160,1,0,45.0057,0,0,0,45.0057,0
36.4133,2.50553,0,0,2.13367,0.187316,0.36288,3.6288,60.0136,0.806939,0,0,0.711668,0.203327,0,0.66528,12.849,1,0.84672,0.36288,0,40.3103,4.41758,35.4088,0.84672,12.849,0.84672,3695.15,0,36.966,0.42336,0.528595,1.92017,3.7163,1.03259,4.70911,0.42336,36.966,0.42336,423.524,0,0.721457,0,0,1.25005,0.528595,1.028160,1,0,40.118,0,0,0,40.118,0
35.3835,2.50551,0,0,1.96462,0.126111,0.36288,3.6288,59.4924,0.906752,0,0,0.627378,0.241857,0,0.66528,12.849,1,0.84672,0.36288,0,36.8515,4.76354,31.6041,0.84672,12.849,0.84672,3695.15,0,36.966,0.42336,0.528595,1.88839,3.46375,1.05325,4.40412,0.42336,36.966,0.42336,423.524,0,0.621631,0,0,1.15023,0.528595,1.028160,1,0,36.0082,0,0,0,36.0082,0
34.3066,2.50549,0,0,1.91603,0.124562,0.36288,3.6288,59.3186,0.634035,0,0,0.701301,0.241054,0,0.66528,12.849,1,0.84672,0.36288,0,35.6961,4.76354,30.4487,0.84672,12.849,0.84672,3695.15,0,36.966,0.42336,0.402797,1.88837,4.0999,1.05325,4.91446,0.42336,36.966,0.42336,423.524,0,0.894335,0,0,1.29713,0.402797,1.028160,1,0,35.3632,0,0,0,35.3632,0
33.199,2.50547,0,0,1.88371,0.122943,0.36288,3.6288,58.9708,0.806597,0,0,0.699525,0.240786,0,0.66528,12.849,1,0.84672,0.36288,0,34.5352,4.76354,29.2878,0.84672,12.849,0.84672,3695.15,0,36.966,0.42336,0.402797,1.88836,3.51661,1.05325,4.33115,0.42336,36.966,0.42336,423.524,0,0.72176,0,0,1.12456,0.402797,1.028160,1,0,33.619,0,0,0,33.619,0
31.6666,2.66446,0,0,1.60964,0.114655,0.36288,3.6288,58.5063,0.861395,0,0,0.655664,0.258708,0,0.66528,12.849,1,0.84672,0.36288,0,29.735,4.92681,24.3243,0.84672,12.849,0.84672,3695.15,0,36.966,0.42336,0.402797,1.88835,3.12016,1.07749,3.91046,0.42336,36.966,0.42336,423.524,0,0.772468,0,0,1.17526,0.402797,1.028160,1,0,28.2348,0,0,0,28.2348,0
30.0929,2.66444,0,0,1.56607,0.112476,0.36288,3.6288,57.8817,0.97409,0,0,0.607364,0.257937,0,0.66528,12.849,1,0.84672,0.36288,0,27.6451,4.92681,22.2345,0.84672,12.849,0.84672,3695.15,0,36.966,0.42336,0.402797,1.99965,2.87369,1.07749,3.77529,0.42336,36.966,0.42336,423.524,0,0.659759,0,0,1.06256,0.402797,1.028160,1,0,26.0098,0,0,0,26.0098,0
28.3376,2.66441,0,0,1.37286,0.100845,0.36288,3.6288,57.237,0.944372,0,0,0.565809,0.266139,0,0.66528,12.849,1,0.84672,0.36288,0,24.6993,5.03391,19.1816,0.84672,12.849,0.84672,3695.15,0,36.966,0.42336,0.30119,1.99964,2.7881,1.10485,3.56072,0.42336,36.966,0.42336,423.524,0,0.689463,0,0,0.990654,0.30119,1.028160,1,0,22.7423,0,0,0,22.7423,0
26.5336,2.66439,0,0,1.29885,0.0756713,0.36288,3.6288,56.5007,0.992189,0,0,0.543997,0.288031,0,0.66528,12.849,1,0.84672,0.36288,0,22.5786,5.30166,16.7931,0.84672,12.849,0.84672,3695.15,0,36.966,0.42336,0.30119,1.99962,2.68219,1.17326,3.38639,0.42336,36.966,0.42336,423.524,0,0.641632,0,0,0.942823,0.30119,1.028160,1,0,20.1795,0,0,0,20.1795,0
24.5429,2.66436,0,0,1.10048,0.0638901,0.36288,3.6288,55.9783,0.779812,0,0,0.503558,0.246141,0,0.66528,12.849,1,0.84672,0.36288,0,21.8373,5.18976,16.1637,0.84672,12.849,0.84672,3695.15,0,36.966,0.42336,0.30119,1.99961,2.68916,1.15517,3.41142,0.42336,36.966,0.42336,423.524,0,0.853995,0,0,1.15519,0.30119,1.028160,1,0,19.5751,0,0,0,19.5751,0
22.4682,2.63289,0,0,0.97937,0.05825,0.36288,3.6288,55.48,0.756791,0,0,0.487583,0.229152,0,0.66528,12.849,1,0.84672,0.36288,0,21.1462,5.145,15.5174,0.84672,12.849,0.84672,3695.15,0,36.966,0.42336,0.30119,1.99959,2.73413,1.14794,3.46361,0.42336,36.966,0.42336,423.524,0,0.934995,0,0,1.23619,0.30119,1.028160,1,0,18.981,0,0,0,18.981,0
20.3031,2.63287,0,0,0.887172,0.0565701,0.36288,3.6288,54.9392,0.778299,0,0,0.465921,0.228405,0,0.66528,12.849,1,0.84672,0.36288,0,20.7812,5.145,15.1523,0.84672,12.849,0.84672,3695.15,0,36.966,0.42336,0.261274,2.03849,2.58296,1.14794,3.31143,0.42336,36.966,0.42336,423.524,0,0.913473,0,0,1.17475,0.261274,1.028160,1,0,18.4638,0,0,0,18.4638,0
18.0629,2.63285,0,0,0.807779,0.052229,0.36288,3.6288,54.2512,0.890501,0,0,0.440631,0.238121,0,0.66528,12.849,1,0.84672,0.36288,0,18.2936,5.28615,12.5236,0.84672,12.849,0.84672,3695.15,0,36.966,0.42336,0.261274,2.03848,2.50697,1.19946,3.18389,0.42336,36.966,0.42336,423.524,0,0.801256,0,0,1.06253,0.261274,1.028160,1,0,15.7075,0,0,0,15.7075,0
15.8535,2.63282,0,0,0.822848,0.0365831,0.36288,3.6288,53.5411,0.847892,0,0,0.437681,0.299919,0,0.66528,12.849,1,0.84672,0.36288,0,17.2552,6.08109,10.6903,0.84672,12.849,0.84672,3695.15,0,36.966,0.42336,0.261274,2.03846,2.38536,1.51231,2.74942,0.42336,36.966,0.42336,423.524,0,0.843851,0,0,1.10513,0.261274,1.028160,1,0,13.4397,0,0,0,13.4397,0
13.6228,2.71401,0,0,0.88554,0.0393387,0.36288,3.6288,52.8832,0.829526,0,0,0.470045,0.298393,0,0.66528,12.849,1,0.84672,0.36288,0,18.126,5.95119,11.691,0.84672,12.849,0.84672,3695.15,0,36.966,0.42336,0.261274,2.03844,2.39839,1.52158,2.75317,0.42336,36.966,0.42336,423.524,0,0.863914,0,0,1.12519,0.261274,1.028160,1,0,14.4442,0,0,0,14.4442,0
11.2806,2.71398,0,0,0.772174,0.0375222,0.36288,3.6288,52.0956,0.934027,0,0,0.443255,0.296829,0,0.66528,12.849,1,0.84672,0.36288,0,17.173,5.95119,10.738,0.84672,12.849,0.84672,3695.15,0,36.966,0.42336,0.261274,2.05497,2.29171,1.52158,2.66301,0.42336,36.966,0.42336,423.524,0,0.759413,0,0,1.02069,0.261274,1.028160,1,0,13.401,0,0,0,13.401,0
8.88261,2.71396,0,0,0.712126,0.0332611,0.36288,3.6288,51.2886,0.945242,0,0,0.435638,0.297391,0,0.66528,12.849,1,0.84672,0.36288,0,16.2014,6.02596,9.69158,0.84672,12.849,0.84672,3695.15,0,36.966,0.42336,0.227405,2.05496,2.27085,1.53652,2.59334,0.42336,36.966,0.42336,423.524,0,0.748198,0,0,0.975603,0.227405,1.028160,1,0,12.2849,0,0,0,12.2849,0
6.35972,2.71393,0,0,0.58106,0.0271416,0.36288,3.6288,50.4829,0.944862,0,0,0.433767,0.294589,0,0.66528,12.849,1,0.84672,0.36288,0,15.319,6.18819,8.64695,0.84672,12.849,0.84672,3695.15,0,36.966,0.42336,0.227405,2.05496,2.18408,1.4776,2.56549,0.42336,36.966,0.42336,423.524,0,0.748578,0,0,0.975983,0.227405,1.028160,1,0,11.2124,0,0,0,11.2124,0
3.7068,2.95171,0,0,0.702379,0.0407056,0.36288,3.6288,49.7985,0.850375,0,0,0.474795,0.30883,0,0.66528,12.849,1,0.84672,0.36288,0,14.4468,6.47025,7.49268,0.84672,12.849,0.84672,3695.15,0,36.966,0.42336,0.227405,2.05496,2.36177,1.44579,2.77498,0.42336,36.966,0.42336,423.524,0,0.843065,0,0,1.07047,0.227405,1.028160,1,0,10.2677,0,0,0,10.2677,0
1.13684,2.73235,0,0,0.564316,0.0390462,0.36288,3.6288,48.7736,1.08041,0,0,0.366275,0.310796,0,0.66528,12.849,1,0.84672,0.36288,0,16.4525,6.53636,9.43235,0.84672,12.849,0.84672,3695.15,0,36.966,0.42336,0.227405,2.09951,1.93166,1.4504,2.38482,0.42336,36.966,0.42336,423.524,0,0.613034,0,0,0.840439,0.227405,1.028160,1,0,11.8172,0,0,0,11.8172,0
0.27015,1.13684,0,0,0.668328,0.0352984,0.36288,3.6288,48.3592,0.66528,0,0,0.559108,0.308181,0,0.66528,12.849,1,0.84672,0.36288,0,14.1218,6.53636,7.10163,0.84672,12.849,0.84672,3695.15,0,36.966,0.42336,0.236088,2.05841,2.61219,1.4504,3.03293,0.42336,36.966,0.42336,423.524,0,1.02816,0,0,1.26425,0.236088,1.028160,1,0,10.1346,0,0,0,10.1346,0
0.160206,0.27015,0,0,0.558386,0.0353004,0.36288,3.6288,47.5808,0.900418,0,0,0.410314,0.288274,0,0.66528,12.849,1,0.84672,0.36288,0,12.8868,5.98182,6.42116,0.84672,12.849,0.84672,3695.15,0,36.966,0.42336,0.204422,2.05841,2.70633,1.23453,3.31127,0.42336,36.966,0.42336,423.524,0,0.793022,0,0,0.997445,0.204422,1.028160,1,0,9.73243,0,0,0,9.73243,0
0.555073,0.160206,0,0,0.963211,0.0452582,0.36288,3.6288,47.2413,0.70251,0,0,0.624341,0.261329,0,0.66528,12.849,1,0.84672,0.36288,0,20.1933,5.3691,14.3404,0.84672,12.849,0.84672,3695.15,0,36.966,0.42336,0.204422,2.05841,3.61021,1.09171,4.35796,0.42336,36.966,0.42336,423.524,0,0.99093,0,0,1.19535,0.204422,1.028160,1,0,18.6983,0,0,0,18.6983,0
1.00113,0.555073,0,0,1.41648,0.0524684,0.36288,3.6288,47.1621,0.66528,0,0,0.846513,0.260504,0,0.66528,12.849,1,0.84672,0.36288,0,25.8074,5.4641,19.8595,0.84672,12.849,0.84672,3695.15,0,36.966,0.42336,0.349505,2.05841,3.96361,1.20046,4.7477,0.42336,36.966,0.42336,423.524,0,1.02816,0,0,1.37767,0.349505,1.028160,1,0,24.6072,0,0,0,24.6072,0
0.76125,1.00113,0,0,1.17759,0.0534591,0.36288,3.6288,47.4321,0.66528,0,0,1.19563,0.260331,0,0.66528,12.849,1,0.84672,0.36288,0,23.8397,5.4641,17.8918,0.84672,12.849,0.84672,3695.15,0,36.966,0.42336,1.39988,2.03669,4.49398,1.20046,6.30672,0.42336,36.966,0.42336,423.524,0,1.02816,0,0,2.42804,1.39988,1.028160,1,0,24.1985,0,0,0,24.1985,0
0.58271,0.76125,0,0,0.998516,0.0529263,0.36288,3.6288,47.155,0.66528,0,0,0.649123,0.260921,0,0.66528,12.849,1,0.84672,0.36288,0,23.8062,5.4641,17.8583,0.84672,12.849,0.84672,3695.15,0,36.966,0.42336,0.255131,2.05885,3.32402,1.20046,4.01418,0.42336,36.966,0.42336,423.524,0,1.02816,0,0,1.28329,0.255131,1.028160,1,0,21.8725,0,0,0,21.8725,0
0.653782,0.58271,0,0,1.08128,0.064617,0.36288,3.6288,46.8702,0.66528,0,0,0.616099,0.235621,0,0.66528,12.849,1,0.84672,0.36288,0,22.2973,5.01846,16.795,0.84672,12.849,0.84672,3695.15,0,36.966,0.42336,0.227396,2.05885,3.4665,1.11434,4.21504,0.42336,36.966,0.42336,423.524,0,1.02816,0,0,1.25556,0.227396,1.028160,1,0,21.0101,0,0,0,21.0101,0
0.525084,0.653782,0,0,0.979042,0.0910775,0.36288,3.6288,46.3949,0.771794,0,0,0.479203,0.182762,0,0.66528,12.849,1,0.84672,0.36288,0,19.2345,3.79806,14.9526,0.84672,12.849,0.84672,3695.15,0,36.966,0.42336,0.216518,2.05885,4.00727,1.05189,4.80738,0.42336,36.966,0.42336,423.524,0,0.921646,0,0,1.13816,0.216518,1.028160,1,0,19.76,0,0,0,19.76,0
1.37585,0.525084,0,0,1.82931,0.0905834,0.36288,3.6288,46.855,0.66528,0,0,1.30744,0.181981,0,0.66528,12.849,1,0.84672,0.36288,0,38.3206,3.79806,34.0387,0.84672,12.849,0.84672,3695.15,0,36.966,0.42336,2.45818,2.04102,8.84062,1.05189,11.8646,0.42336,36.966,0.42336,423.524,0,1.02816,0,0,3.48634,2.45818,1.028160,1,0,45.9032,0,0,0,45.9032,0
2.89715,1.37585,0,0,3.35784,0.0978155,0.36288,3.6288,48.3815,0.66528,0,0,2.36743,0.175691,0,0.66528,12.849,1,0.84672,0.36288,0,73.6784,3.68923,69.5053,0.84672,12.849,0.84672,3695.15,0,36.966,0.42336,2.40547,2.05921,11.57,1.02107,14.5902,0.42336,36.966,0.42336,423.524,0,1.02816,0,0,3.43363,2.40547,1.028160,1,0,84.0955,0,0,0,84.0955,0
1.70765,2.73661,0,0,2.02377,0.113773,0.36288,3.6288,48.9183,0.66528,0,0,1.3635,0.161401,0,0.66528,12.849,1,0.84672,0.36288,0,42.8863,3.31066,39.0918,0.84672,12.849,0.84672,3695.15,0,36.966,0.42336,0.930934,2.05921,7.25638,0.793287,9.02987,0.42336,36.966,0.42336,423.524,0,1.02816,0,0,1.95909,0.930934,1.028160,1,0,48.1216,0,0,0,48.1216,0
2.82217,1.70765,0,0,3.28993,0.104882,0.36288,3.6288,50.4074,0.474385,0,0,2.15646,0.192995,0,0.66528,12.849,1,0.84672,0.36288,0,53.4616,4.27156,48.7062,0.84672,12.849,0.84672,3695.15,0,36.966,0.42336,1.93298,2.05921,10.3377,1.06048,12.846,0.42336,36.966,0.42336,423.524,0,1.02816,0,0,2.96114,1.93298,1.028160,1,0,61.5522,0,0,0,61.5522,0
4.69607,2.4702,0,0,4.8168,0.109823,0.36288,3.6288,54.0959,0.470616,0,0,4.36217,0.203047,0,0.66528,12.849,1,0.84672,0.36288,0,117.375,4.39446,112.497,0.84672,12.849,0.84672,3695.15,0,36.966,0.42336,2.76085,1.86109,12.8178,1.09194,15.9244,0.42336,36.966,0.42336,423.524,0,1.02816,0,0,3.78901,2.76085,1.028160,1,0,128.421,0,0,0,128.421,0
6.24086,2.47018,0,0,4.49219,0.114342,0.36288,3.6288,58.4701,0.470603,0,0,5.05668,0.2119,0,0.66528,12.849,1,0.84672,0.36288,0,126.966,3.96942,122.512,0.84672,12.849,0.84672,3695.15,0,36.966,0.42336,4.80679,1.85888,14.4767,1.03942,19.6796,0.42336,36.966,0.42336,423.524,0,1.02816,0,0,5.83495,4.80679,1.028160,1,0,142.192,0,0,0,142.192,0
7.90747,2.47015,0,0,4.61726,0.11761,0.36288,3.6288,60.8399,0.47059,0,0,3.06064,0.220206,0,0.66528,12.849,1,0.84672,0.36288,0,92.7495,3.65064,88.6151,0.84672,12.849,0.84672,3695.15,0,36.966,0.42336,3.59268,1.85887,12.9712,1.00003,16.9994,0.42336,36.966,0.42336,423.524,0,1.02816,0,0,4.62084,3.59268,1.028160,1,0,105.614,0,0,0,105.614,0
10.9481,2.47013,0,0,6.00357,0.129929,0.36288,3.6288,61.308,0.470577,0,0,2.57277,0.218507,1.41561,0.66528,12.849,1,0.84672,0.36288,0,128.069,3.98094,123.604,0.84672,12.849,0.84672,3695.15,0,36.966,0.42336,4.58279,1.85885,17.7795,1.04875,22.749,0.42336,36.966,0.42336,423.524,0,1.02816,0,0,5.61095,4.58279,1.028160,1,0,147.769,0,0,0,147.769,0
14.5144,2.574,0,0,6.65315,0.149981,0.36288,3.6288,61.308,0.532705,0,0,3.11788,0.212392,2.37279,0.66528,12.849,1,0.84672,0.36288,0,158.107,4.42134,153.202,0.84672,12.849,0.84672,3695.15,0,36.966,0.42336,5.07136,1.85884,19.2788,1.11371,24.6719,0.42336,36.966,0.42336,423.524,0,1.02816,0,0,6.09952,5.07136,1.028160,1,0,180.246,0,0,0,180.246,0
18.6223,2.57395,0,0,7.20697,0.16219,0.36288,3.6288,61.308,0.532676,0,0,2.76809,0.207221,2.0282,0.66528,12.849,1,0.84672,0.36288,0,164.91,4.35458,160.072,0.84672,12.849,0.84672,3695.15,0,36.966,0.42336,3.45438,1.92631,12.399,1.09962,16.2567,0.42336,36.966,0.42336,423.524,0,1.02816,0,0,4.48254,3.45438,1.028160,1,0,178.356,0,0,0,178.356,0
21.3672,2.5739,0,0,5.85492,0.173255,0.36288,3.6288,61.308,0.532646,0,0,1.64091,0.176196,0.932067,0.66528,12.849,1,0.84672,0.36288,0,144.262,3.95399,139.824,0.84672,12.849,0.84672,3695.15,0,36.966,0.42336,2.63675,1.92627,12.399,1.01508,15.5236,0.42336,36.966,0.42336,423.524,0,1.02816,0,0,3.66491,2.63675,1.028160,1,0,156.28,0,0,0,156.28,0
22.9068,2.57385,0,0,4.65627,0.179989,0.36288,3.6288,61.308,0.532617,0,0,2.17684,0.176196,1.46803,0.66528,12.849,1,0.84672,0.36288,0,116.649,3.95399,112.211,0.84672,12.849,0.84672,3695.15,0,36.966,0.42336,2.3858,1.92624,9.51955,1.01508,12.3932,0.42336,36.966,0.42336,423.524,0,1.02816,0,0,3.41396,2.3858,1.028160,1,0,126.072,0,0,0,126.072,0
27.3936,2.90743,0,0,7.96254,0.205429,0.36288,3.6288,61.308,0.66528,0,0,4.48517,0.169249,3.65064,0.66528,12.849,1,0.84672,0.36288,0,208.168,3.78599,203.898,0.84672,12.849,0.84672,3695.15,0,36.966,0.42336,6.41758,1.92621,19.5267,1.07874,26.3684,0.42336,36.966,0.42336,423.524,0,1.02816,0,0,7.44574,6.41758,1.028160,1,0,233.917,0,0,0,233.917,0
31.1364,2.73321,0,0,7.05836,0.219428,0.36288,3.6288,61.308,0.66528,0,0,4.01051,0.164872,3.18035,0.66528,12.849,1,0.84672,0.36288,0,185.374,3.71037,181.18,0.84672,12.849,0.84672,3695.15,0,36.966,0.42336,5.70227,2.09122,18.5357,1.05706,24.8488,0.42336,36.966,0.42336,423.524,0,1.02816,0,0,6.73043,5.70227,1.028160,1,0,209.209,0,0,0,209.209,0
34.7583,2.73321,0,0,6.9518,0.233805,0.36288,3.6288,61.308,0.66528,0,0,3.58661,0.138608,2.78272,0.66528,12.849,1,0.84672,0.36288,0,162.998,3.25668,159.257,0.84672,12.849,0.84672,3695.15,0,36.966,0.42336,5.88588,2.05857,17.3943,0.926965,23.9884,0.42336,36.966,0.42336,423.524,0,1.02816,0,0,6.91404,5.88588,1.028160,1,0,186.029,0,0,0,186.029,0
36.6525,2.73322,0,0,5.23483,0.244583,0.36288,3.6288,61.308,0.66528,0,0,1.88423,0.138608,1.08034,0.66528,12.849,1,0.84672,0.36288,0,103.858,3.25668,100.117,0.84672,12.849,0.84672,3695.15,0,36.966,0.42336,3.33446,2.05857,10.5774,0.926965,14.6201,0.42336,36.966,0.42336,423.524,0,1.02816,0,0,4.36262,3.33446,1.028160,1,0,115.818,0,0,0,115.818,0
39.0265,2.29838,0,0,5.27654,0.241242,0.36288,3.6288,61.308,0.626682,0,0,2.28967,0.147391,1.5156,0.66528,12.849,1,0.805726,0.36288,0,112.978,3.10811,109.427,0.84672,12.849,0.84672,3695.15,0,36.966,0.42336,3.9382,2.05857,14.2455,0.933186,18.8857,0.42336,36.966,0.42336,423.524,0,1.02816,0,0,4.96636,3.9382,1.028160,1,0,129.829,0,0,0,129.829,0
40.2405,2.46611,0,0,4.29103,0.248053,0.36288,3.6288,61.308,0.45266,0,0,1.53075,0.147391,0.930697,0.66528,12.849,1,0.811937,0.36288,0,100.956,3.10811,97.3986,0.84672,12.849,0.84672,3695.15,0,36.966,0.42336,2.13742,1.93958,9.97281,0.933186,12.6933,0.42336,36.966,0.42336,423.524,0,1.02816,0,0,3.16558,2.13742,1.028160,1,0,111.023,0,0,0,111.023,0
40.1521,2.48464,0,0,3.01068,0.251592,0.36288,3.6288,61.308,0.452632,0,0,1.15986,0.147391,0.559836,0.66528,12.849,1,0.793359,0.36288,0,98.2999,3.10811,94.7613,0.84672,12.849,0.84672,3695.15,0,36.966,0.42336,1.71128,1.83773,9.0066,0.933186,11.1991,0.42336,36.966,0.42336,423.524,0,1.02816,0,0,2.73944,1.71128,1.028160,1,0,106.52,0,0,0,106.52,0
40.1691,2.48328,0,0,3.07295,0.209777,0.36288,3.6288,61.308,0.452604,0,0,0.881591,0.11731,0.311677,0.66528,12.849,1,0.794671,0.36288,0,85.5282,2.67213,82.4243,0.84672,12.849,0.84672,3695.15,0,36.966,0.42336,1.22831,1.83769,8.20584,0.870559,9.97793,0.42336,36.966,0.42336,423.524,0,1.02816,0,0,2.25647,1.22831,1.028160,1,0,92.7139,0,0,0,92.7139,0
39.9953,2.4835,0,0,2.8889,0.216245,0.36288,3.6288,61.308,0.452576,0,0,1.01491,0.121336,0.441002,0.66528,12.849,1,0.794404,0.36288,0,67.3109,2.74038,64.139,0.84672,12.849,0.84672,3695.15,0,36.966,0.42336,1.57372,1.83766,6.51783,0.757135,8.74872,0.42336,36.966,0.42336,423.524,0,1.02816,0,0,2.60188,1.57372,1.028160,1,0,73.3287,0,0,0,73.3287,0
40.2577,2.5715,0,0,3.42662,0.22992,0.36288,3.6288,61.308,0.529128,0,0,1.14898,0.153171,0.466683,0.66528,12.849,1,0.826125,0.36288,0,85.1736,3.25658,81.4537,0.84672,12.849,0.84672,3695.15,0,36.966,0.42336,1.78972,1.83763,6.65028,0.889959,8.96431,0.42336,36.966,0.42336,423.524,0,1.02816,0,0,2.81788,1.78972,1.028160,1,0,90.8847,0,0,0,90.8847,0
39.4801,2.57554,0,0,2.39148,0.230641,0.36288,3.6288,61.308,0.529099,0,0,0.80892,0.153171,0.12665,0.66528,12.849,1,0.822032,0.36288,0,57.4555,3.25658,53.7398,0.84672,12.849,0.84672,3695.15,0,36.966,0.42336,0.631446,1.91921,5.06918,0.889959,6.30652,0.42336,36.966,0.42336,423.524,0,1.02816,0,0,1.65961,0.631446,1.028160,1,0,60.1729,0,0,0,60.1729,0
39.292,2.56329,0,0,2.96661,0.228543,0.36288,3.6288,61.308,0.52907,0,0,1.65204,0.153171,0.969797,0.66528,12.849,1,0.834235,0.36288,0,96.9625,3.25658,93.2346,0.84672,12.849,0.84672,3695.15,0,36.966,0.42336,2.83407,1.91918,9.21759,0.889959,12.6575,0.42336,36.966,0.42336,423.524,0,1.02816,0,0,3.86223,2.83407,1.028160,1,0,106.862,0,0,0,106.862,0
38.6646,2.56024,0,0,2.50373,0.208038,0.36288,3.6288,61.308,0.529041,0,0,1.11955,0.171766,0.418738,0.66528,12.849,1,0.837232,0.36288,0,69.2643,3.53338,65.2566,0.84672,12.849,0.84672,3695.15,0,36.966,0.42336,1.52755,1.91915,6.18522,0.942397,8.26616,0.42336,36.966,0.42336,423.524,0,1.02816,0,0,2.55571,1.52755,1.028160,1,0,73.9415,0,0,0,73.9415,0
37.6645,2.51486,0,0,2.06652,0.188823,0.36288,3.6288,61.308,0.499271,0,0,0.827107,0.194899,0.132938,0.66528,12.849,1,0.835737,0.36288,0,50.5135,3.79512,46.2455,0.84672,12.849,0.84672,3695.15,0,36.966,0.42336,1.07993,1.91912,4.43839,0.993803,6.02027,0.42336,36.966,0.42336,423.524,0,1.02816,0,0,2.10809,1.07993,1.028160,1,0,52.3987,0,0,0,52.3987,0
36.4784,2.50383,0,0,1.86721,0.18663,0.36288,3.6288,61.308,0.499242,0,0,0.815547,0.194899,0.121406,0.66528,12.849,1,0.84672,0.36288,0,45.3979,3.79512,41.119,0.84672,12.849,0.84672,3695.15,0,36.966,0.42336,1.08106,1.88733,5.49028,0.993803,7.04151,0.42336,36.966,0.42336,423.524,0,1.02816,0,0,2.10922,1.08106,1.028160,1,0,48.2819,0,0,0,48.2819,0
36.1535,2.50378,0,0,2.72579,0.184028,0.36288,3.6288,61.308,0.499213,0,0,0.954323,0.194899,0.26021,0.66528,12.849,1,0.84672,0.36288,0,53.5102,3.79512,49.2312,0.84672,12.849,0.84672,3695.15,0,36.966,0.42336,1.32967,1.8873,4.94404,0.993803,6.74385,0.42336,36.966,0.42336,423.524,0,1.02816,0,0,2.35783,1.32967,1.028160,1,0,56.2353,0,0,0,56.2353,0
35.164,2.50373,0,0,2.03379,0.156679,0.36288,3.6288,61.308,0.499185,0,0,0.872925,0.203824,0.169916,0.66528,12.849,1,0.84672,0.36288,0,51.9319,4.06602,47.3821,0.84672,12.849,0.84672,3695.15,0,36.966,0.42336,1.0937,1.88727,4.4026,0.943655,6.01656,0.42336,36.966,0.42336,423.524,0,1.02816,0,0,2.12186,1.0937,1.028160,1,0,53.5685,0,0,0,53.5685,0
33.7447,2.66261,0,0,1.75816,0.151969,0.36288,3.6288,61.3004,0.60462,0,0,0.806993,0.21002,0,0.66528,12.849,1,0.84672,0.36288,0,38.5101,4.3902,33.6361,0.84672,12.849,0.84672,3695.15,0,36.966,0.42336,0.633995,1.88724,3.90639,1.00217,5.00209,0.42336,36.966,0.42336,423.524,0,1.02816,0,0,1.66215,0.633995,1.028160,1,0,38.6382,0,0,0,38.6382,0
32.1777,2.66256,0,0,1.58721,0.128808,0.36288,3.6288,61.125,0.604589,0,0,0.622379,0.19315,0,0.66528,12.849,1,0.84672,0.36288,0,33.8494,3.92175,29.4439,0.84672,12.849,0.84672,3695.15,0,36.966,0.42336,0.553833,1.99847,3.53845,1.00729,4.6601,0.42336,36.966,0.42336,423.524,0,1.02816,0,0,1.58199,0.553833,1.028160,1,0,34.104,0,0,0,34.104,0
30.5096,2.66251,0,0,1.46843,0.1111,0.36288,3.6288,60.9548,0.604559,0,0,0.632699,0.198285,0,0.66528,12.849,1,0.84672,0.36288,0,30.6655,4.08429,26.0974,0.84672,12.849,0.84672,3695.15,0,36.966,0.42336,0.556908,1.99844,3.49143,0.977202,4.64622,0.42336,36.966,0.42336,423.524,0,1.02816,0,0,1.58507,0.556908,1.028160,1,0,30.7436,0,0,0,30.7436,0
28.7982,2.66246,0,0,1.42269,0.108743,0.36288,3.6288,60.8152,0.604529,0,0,0.662982,0.198071,0,0.66528,12.849,1,0.84672,0.36288,0,29.0974,4.08429,24.5293,0.84672,12.849,0.84672,3695.15,0,36.966,0.42336,0.499228,1.99841,3.62431,0.977202,4.72138,0.42336,36.966,0.42336,423.524,0,1.02816,0,0,1.52739,0.499228,1.028160,1,0,29.2507,0,0,0,29.2507,0
26.9082,2.6624,0,0,1.23169,0.0964336,0.36288,3.6288,60.4896,0.69032,0,0,0.589184,0.224473,0,0.66528,12.849,1,0.84672,0.36288,0,26.8359,4.37751,21.9746,0.84672,12.849,0.84672,3695.15,0,36.966,0.42336,0.30119,1.99837,2.9043,1.03328,3.74722,0.42336,36.966,0.42336,423.524,0,0.942339,0,0,1.24353,0.30119,1.028160,1,0,25.7218,0,0,0,25.7218,0
24.9564,2.63092,0,0,1.1288,0.0867671,0.36288,3.6288,59.9202,0.872329,0,0,0.546787,0.243902,0,0.66528,12.849,1,0.84672,0.36288,0,24.4266,4.59742,19.3453,0.84672,12.849,0.84672,3695.15,0,36.966,0.42336,0.30119,1.99834,2.74063,1.07534,3.54146,0.42336,36.966,0.42336,423.524,0,0.81826,0,0,1.11945,0.30119,1.028160,1,0,22.8868,0,0,0,22.8868,0
22.9609,2.63087,0,0,1.074,0.0757273,0.36288,3.6288,59.3003,0.887556,0,0,0.533778,0.266132,0,0.66528,12.849,1,0.84672,0.36288,0,23.0235,4.92318,17.6165,0.84672,12.849,0.84672,3695.15,0,36.966,0.42336,0.30119,2.0372,2.66417,1.18559,3.39361,0.42336,36.966,0.42336,423.524,0,0.803002,0,0,1.10419,0.30119,1.028160,1,0,21.0101,0,0,0,21.0101,0
20.834,2.63082,0,0,0.929353,0.0625943,0.36288,3.6288,58.5881,0.923942,0,0,0.50223,0.290483,0,0.66528,12.849,1,0.84672,0.36288,0,21.4793,5.62872,15.3667,0.84672,12.849,0.84672,3695.15,0,36.966,0.42336,0.261274,2.03716,2.66081,1.43318,3.10271,0.42336,36.966,0.42336,423.524,0,0.766584,0,0,1.02786,0.261274,1.028160,1,0,18.4694,0,0,0,18.4694,0
18.686,2.63077,0,0,0.905671,0.0600482,0.36288,3.6288,57.8974,0.900557,0,0,0.501676,0.291798,0,0.66528,12.849,1,0.84672,0.36288,0,19.7981,5.85025,13.464,0.84672,12.849,0.84672,3695.15,0,36.966,0.42336,0.261274,2.03713,2.59969,1.50391,2.97083,0.42336,36.966,0.42336,423.524,0,0.789938,0,0,1.05121,0.261274,1.028160,1,0,16.4349,0,0,0,16.4349,0
16.5242,2.71188,0,0,0.965745,0.0527674,0.36288,3.6288,57.1866,1.03322,0,0,0.652307,0.329864,0,0.66528,12.849,1,0.84672,0.36288,0,24.3062,5.95907,17.8633,0.84672,12.849,0.84672,3695.15,0,36.966,0.42336,0.261274,2.0371,2.61949,1.47561,3.01889,0.42336,36.966,0.42336,423.524,0,0.660217,0,0,0.921491,0.261274,1.028160,1,0,20.8822,0,0,0,20.8822,0
14.3136,2.71182,0,0,0.915278,0.0511536,0.36288,3.6288,56.4984,0.94341,0,0,0.583576,0.328349,0,0.66528,12.849,1,0.84672,0.36288,0,21.4766,5.95907,15.0337,0.84672,12.849,0.84672,3695.15,0,36.966,0.42336,0.261274,2.05457,2.73595,1.47561,3.15282,0.42336,36.966,0.42336,423.524,0,0.75003,0,0,1.0113,0.261274,1.028160,1,0,18.1865,0,0,0,18.1865,0
12.0456,2.71177,0,0,0.855619,0.0489349,0.36288,3.6288,55.6811,1.03043,0,0,0.539938,0.326882,0,0.66528,12.849,1,0.84672,0.36288,0,20.4212,5.95907,13.9783,0.84672,12.849,0.84672,3695.15,0,36.966,0.42336,0.261274,2.05456,2.40069,1.47561,2.81756,0.42336,36.966,0.42336,423.524,0,0.663008,0,0,0.924281,0.261274,1.028160,1,0,16.7958,0,0,0,16.7958,0
9.7686,2.71172,0,0,0.844119,0.0465619,0.36288,3.6288,55.0058,0.934252,0,0,0.584166,0.32514,0,0.66528,12.849,1,0.84672,0.36288,0,18.9487,5.95907,12.5058,0.84672,12.849,0.84672,3695.15,0,36.966,0.42336,0.227405,2.05455,2.71493,1.47561,3.09791,0.42336,36.966,0.42336,423.524,0,0.759188,0,0,0.986593,0.227405,1.028160,1,0,15.6037,0,0,0,15.6037,0
7.18044,2.94932,0,0,0.76947,0.0454298,0.36288,3.6288,54.3454,0.924886,0,0,0.576284,0.311873,0,0.66528,12.849,1,0.84672,0.36288,0,17.9383,5.84807,11.6064,0.84672,12.849,0.84672,3695.15,0,36.966,0.42336,0.227405,2.05454,3.36519,1.40595,3.81783,0.42336,36.966,0.42336,423.524,0,0.768554,0,0,0.995959,0.227405,1.028160,1,0,15.4242,0,0,0,15.4242,0
4.71448,2.73237,0,0,0.677696,0.0484112,0.36288,3.6288,53.6186,0.980234,0,0,0.552314,0.298873,0,0.66528,12.849,1,0.84672,0.36288,0,15.164,5.5943,9.08584,0.84672,12.849,0.84672,3695.15,0,36.966,0.42336,0.227405,2.09907,2.81786,1.33626,3.38471,0.42336,36.966,0.42336,423.524,0,0.713206,0,0,0.940611,0.227405,1.028160,1,0,12.4706,0,0,0,12.4706,0
2.17135,2.73237,0,0,0.596829,0.044706,0.36288,3.6288,52.7731,1.04276,0,0,0.494667,0.297354,0,0.66528,12.849,1,0.84672,0.36288,0,13.7167,5.5943,7.63856,0.84672,12.849,0.84672,3695.15,0,36.966,0.42336,0.227405,2.05841,2.28849,1.33626,2.81469,0.42336,36.966,0.42336,423.524,0,0.650678,0,0,0.878083,0.227405,1.028160,1,0,10.4532,0,0,0,10.4532,0
0.121622,2.17135,0,0,0.525132,0.0406307,0.36288,3.6288,51.8006,1.11228,0,0,0.435116,0.295353,0,0.66528,12.849,1,0.84672,0.36288,0,11.7876,5.5943,5.70942,0.84672,12.849,0.84672,3695.15,0,36.966,0.42336,0.204422,2.05841,2.08067,1.33626,2.58388,0.42336,36.966,0.42336,423.524,0,0.581162,0,0,0.785584,0.204422,1.028160,1,0,8.2933,0,0,0,8.2933,0
0.275163,0.121622,0,0,0.681638,0.0435948,0.36288,3.6288,51.0332,0.990066,0,0,0.504111,0.281458,0,0.66528,12.849,1,0.84672,0.36288,0,14.5944,5.41494,8.69565,0.84672,12.849,0.84672,3695.15,0,36.966,0.42336,0.204422,2.05841,2.69315,1.31035,3.22227,0.42336,36.966,0.42336,423.524,0,0.703374,0,0,0.907796,0.204422,1.028160,1,0,11.9179,0,0,0,11.9179,0
0.107456,0.275163,0,0,0.518672,0.0483366,0.36288,3.6288,50.5955,0.738634,0,0,0.567638,0.266682,0,0.66528,12.849,1,0.84672,0.36288,0,9.5186,5.24506,3.7897,0.84672,12.849,0.84672,3695.15,0,36.966,0.42336,0.204422,2.05841,2.84373,1.28431,3.3989,0.42336,36.966,0.42336,423.524,0,0.954806,0,0,1.15923,0.204422,1.028160,1,0,7.1886,0,0,0,7.1886,0
0.0466852,0.107456,0,0,0.457555,0.0479893,0.36288,3.6288,49.4534,1.19595,0,0,0.31958,0.265734,0,0.66528,12.849,1,0.84672,0.36288,0,9.8598,5.24506,4.13089,0.84672,12.849,0.84672,3695.15,0,36.966,0.42336,0.204422,2.03671,2.13256,1.28431,2.66602,0.42336,36.966,0.42336,423.524,0,0.497488,0,0,0.70191,0.204422,1.028160,1,0,6.79691,0,0,0,6.79691,0
0,0.0466852,0,0,0.38826,0.0478635,0.340397,3.6288,48.2096,1.27184,0,0,0.291312,0.263258,0,0.66528,12.849,1,0.84672,0.340397,0,9.11062,5.24506,3.35923,0.84672,12.849,0.84672,3695.15,0,36.966,0.42336,0.216518,2.05885,2.02924,1.28431,2.59694,0.42336,36.966,0.42336,423.524,0,0.421601,0,0,0.638119,0.216518,1.028160,1,0,5.95618,0,0,0,5.95618,0
0.378437,0,0,0,0.827822,0.0865047,0.36288,3.6288,47.5114,1.05332,0,0,0.532915,0.177766,0,0.66528,12.849,1,0.84672,0.36288,0,20.0552,3.99928,15.572,0.84672,12.849,0.84672,3695.15,0,36.966,0.42336,0.216518,2.05885,4.4962,0.894919,5.45329,0.42336,36.966,0.42336,423.524,0,0.64012,0,0,0.856639,0.216518,1.028160,1,0,21.0253,0,0,0,21.0253,0
0.495745,0.378437,0,0,0.938917,0.0802926,0.36288,3.6288,47.1569,0.66528,0,0,0.549404,0.238674,0,0.66528,12.849,1,0.84672,0.36288,0,17.0467,5.18102,11.3819,0.84672,12.849,0.84672,3695.15,0,36.966,0.42336,0.224364,2.05885,2.8769,1.10343,3.63332,0.42336,36.966,0.42336,423.524,0,1.02816,0,0,1.25252,0.224364,1.028160,1,0,15.0152,0,0,0,15.0152,0
0.672273,0.495745,0,0,1.11585,0.0806943,0.36288,3.6288,46.9047,0.66528,0,0,0.651087,0.237966,0,0.66528,12.849,1,0.84672,0.36288,0,22.0726,5.18102,16.4078,0.84672,12.849,0.84672,3695.15,0,36.966,0.42336,0.426384,2.04104,5.45657,1.10343,6.39719,0.42336,36.966,0.42336,423.524,0,1.02816,0,0,1.45454,0.426384,1.028160,1,0,22.8049,0,0,0,22.8049,0
1.14958,0.672273,0,0,1.6048,0.0923414,0.36288,3.6288,46.8602,0.66528,0,0,0.849485,0.228739,0,0.66528,12.849,1,0.84672,0.36288,0,33.1154,4.89506,27.7365,0.84672,12.849,0.84672,3695.15,0,36.966,0.42336,0.717422,2.05921,5.19718,1.0619,6.48855,0.42336,36.966,0.42336,423.524,0,1.02816,0,0,1.74558,0.717422,1.028160,1,0,34.225,0,0,0,34.225,0
