0cont_fund,0ins_pout,0ins_price,0infra_npv,0debt_serv,0gross_rev,0cont_contrib,0drought_cost,0water_price
0,0,0,0,0.000499492,2.37862e+07,-863453,863453,1.26828e+07
0,0,0,0,0,2.37002e+07,-804243,804243,1.26828e+07
0,0,0,0,0,2.37046e+07,-803125,803125,1.26828e+07
0,0,0,0,0,2.3709e+07,-802007,802007,1.26828e+07
0,0,0,0,0,2.61509e+07,-800888,800888,1.26828e+07
0,0,0,0,0,2.54069e+07,-318276,318276,1.26828e+07
0,0,0,0,0,2.54117e+07,-317025,317025,1.26828e+07
0,0,0,0,0,2.54166e+07,-315774,315774,1.26828e+07
0,0,0,0,0,2.20628e+07,-314522,314522,1.26828e+07
0,0,0,0,0,2.29228e+07,-863453,863453,1.26828e+07
0,0,0,0,0,2.29287e+07,-863453,863453,1.26828e+07
0,0,0,0,0,2.29346e+07,-863453,863453,1.26828e+07
0,0,0,0,0,2.29405e+07,-863453,863453,1.26828e+07
0,0,0,0,0,2.37792e+07,-863453,863453,1.26828e+07
0,0,0,0,0,2.36808e+07,-796302,796302,1.26828e+07
0,0,0,0,0,2.36852e+07,-795182,795182,1.26828e+07
0,0,0,0,0,2.36896e+07,-794061,794061,1.26828e+07
0,0,0,0,0,2.33693e+07,-792941,792941,1.26828e+07
0,0,0,0,0,2.34694e+07,-853434,853434,1.26828e+07
0,0,0,0,0,2.34738e+07,-852330,852330,1.26828e+07
0,0,0,0,0,2.34781e+07,-851225,851225,1.26828e+07
0,0,0,0,0,2.4614e+07,-850120,850120,1.26828e+07
0,0,0,0,0,2.42784e+07,-630277,630277,1.26828e+07
0,0,0,0,0,2.42829e+07,-629112,629112,1.26828e+07
0,0,0,0,0,2.42875e+07,-627946,627946,1.26828e+07
0,0,0,0,0,2.4292e+07,-626780,626780,1.26828e+07
0,0,0,0,0,2.45634e+07,-625614,625614,1.26828e+07
0,0,0,0,0,2.43807e+07,-504061,504061,1.26828e+07
0,0,0,0,0,2.43853e+07,-502862,502862,1.26828e+07
0,0,0,0,0,2.43899e+07,-501662,501662,1.26828e+07
0,0,0,0,0,2.49601e+07,-500462,500462,1.26828e+07
0,0,0,0,0,2.47977e+07,-391853,391853,1.26828e+07
0,0,0,0,0,2.48024e+07,-390623,390623,1.26828e+07
0,0,0,0,0,2.48071e+07,-389392,389392,1.26828e+07
0,0,0,0,0,2.66896e+07,-388162,388162,1.26828e+07
0,0,0,0,0,2.60928e+07,0,0,1.26828e+07
0,0,0,0,0,2.60999e+07,0,0,1.26828e+07
0,0,0,0,0,2.6107e+07,0,0,1.26828e+07
0,0,0,0,0,2.61142e+07,0,0,1.26828e+07
0,0,0,0,0,2.50655e+07,0,0,1.26828e+07
0,0,0,0,0,2.54271e+07,-228020,228020,1.26828e+07
0,0,0,0,0,2.5432e+07,-226745,226745,1.26828e+07
0,0,0,0,0,2.54368e+07,-225470,225470,1.26828e+07
0,0,0,0,0,2.45108e+07,-224195,224195,1.26828e+07
0,0,0,0,0,2.48499e+07,-437874,437874,1.26828e+07
0,0,0,0,0,2.48546e+07,-436657,436657,1.26828e+07
0,0,0,0,0,2.48593e+07,-435439,435439,1.26828e+07
0,0,0,0,0,2.2706e+07,-434221,434221,1.26828e+07
0,0,0,0,0,2.33798e+07,-863453,863453,1.26828e+07
0,0,0,0,0,2.33858e+07,-863453,863453,1.26828e+07
0,0,0,0,0,2.33919e+07,-863453,863453,1.26828e+07
0,0,0,0,0,2.33979e+07,-863453,863453,1.26828e+07
0,0,0,9.02089e+07,0.000499492,2.4107e+07,-863453,863453,1.26828e+07
0,0,0,9.02089e+07,0,2.393e+07,-745760,745760,1.26828e+07
0,0,0,9.02089e+07,0,2.39343e+07,-744663,744663,1.26828e+07
0,0,0,9.02089e+07,0,2.39386e+07,-743564,743564,1.26828e+07
0,0,0,9.02089e+07,0,2.64152e+07,-742466,742466,1.26828e+07
0,0,0,9.02089e+07,0,2.56604e+07,-253006,253006,1.26828e+07
0,0,0,9.02089e+07,0,2.56651e+07,-251778,251778,1.26828e+07
0,0,0,9.02089e+07,0,2.56699e+07,-250550,250550,1.26828e+07
0,0,0,9.02089e+07,0,2.22683e+07,-249321,249321,1.26828e+07
0,0,0,9.02089e+07,0,2.32296e+07,-863453,863453,1.26828e+07
0,0,0,9.02089e+07,0,2.32354e+07,-863453,863453,1.26828e+07
0,0,0,9.02089e+07,0,2.32411e+07,-863453,863453,1.26828e+07
0,0,0,9.02089e+07,0,2.32469e+07,-863453,863453,1.26828e+07
0,0,0,9.02089e+07,0,2.40974e+07,-863453,863453,1.26828e+07
0,0,0,9.02089e+07,0,2.39085e+07,-738175,738175,1.26828e+07
0,0,0,9.02089e+07,0,2.39128e+07,-737076,737076,1.26828e+07
0,0,0,9.02089e+07,0,2.39171e+07,-735976,735976,1.26828e+07
0,0,0,9.02089e+07,0,2.35921e+07,-734875,734875,1.26828e+07
0,0,0,9.02089e+07,0,2.36935e+07,-796261,796261,1.26828e+07
0,0,0,9.02089e+07,0,2.36978e+07,-795177,795177,1.26828e+07
0,0,0,9.02089e+07,0,2.3702e+07,-794092,794092,1.26828e+07
0,0,0,9.02089e+07,0,2.48539e+07,-793007,793007,1.26828e+07
0,0,0,9.02089e+07,0,2.45133e+07,-570097,570097,1.26828e+07
0,0,0,9.02089e+07,0,2.45178e+07,-568953,568953,1.26828e+07
0,0,0,9.02089e+07,0,2.45222e+07,-567809,567809,1.26828e+07
0,0,0,9.02089e+07,0,2.45267e+07,-566664,566664,1.26828e+07
0,0,0,9.02089e+07,0,2.48018e+07,-565519,565519,1.26828e+07
0,0,0,9.02089e+07,0,2.46164e+07,-442294,442294,1.26828e+07
0,0,0,9.02089e+07,0,2.46209e+07,-441116,441116,1.26828e+07
0,0,0,9.02089e+07,0,2.46254e+07,-439938,439938,1.26828e+07
0,0,0,9.02089e+07,0,2.52034e+07,-438760,438760,1.26828e+07
0,0,0,9.02089e+07,0,2.50386e+07,-328666,328666,1.26828e+07
0,0,0,9.02089e+07,0,2.50432e+07,-327458,327458,1.26828e+07
0,0,0,9.02089e+07,0,2.50478e+07,-326250,326250,1.26828e+07
0,0,0,9.02089e+07,0,2.69565e+07,-325042,325042,1.26828e+07
0,0,0,9.02089e+07,0,2.64578e+07,0,0,1.26828e+07
0,0,0,9.02089e+07,0,2.64648e+07,0,0,1.26828e+07
0,0,0,9.02089e+07,0,2.64718e+07,0,0,1.26828e+07
0,0,0,9.02089e+07,0,2.64788e+07,0,0,1.26828e+07
0,0,0,9.02089e+07,0,2.54152e+07,0,0,1.26828e+07
0,0,0,9.02089e+07,0,2.56754e+07,-162904,162904,1.26828e+07
0,0,0,9.02089e+07,0,2.56802e+07,-161653,161653,1.26828e+07
0,0,0,9.02089e+07,0,2.5685e+07,-160401,160401,1.26828e+07
0,0,0,9.02089e+07,0,2.47459e+07,-159149,159149,1.26828e+07
0,0,0,9.02089e+07,0,2.50895e+07,-375843,375843,1.26828e+07
0,0,0,9.02089e+07,0,2.50941e+07,-374649,374649,1.26828e+07
0,0,0,9.02089e+07,0,2.50988e+07,-373454,373454,1.26828e+07
0,0,0,9.02089e+07,0,2.29154e+07,-372258,372258,1.26828e+07
0,0,0,9.02089e+07,0,2.36264e+07,-825461,825461,1.26828e+07
0,0,0,9.02089e+07,0,2.36307e+07,-824385,824385,1.26828e+07
0,0,0,9.02089e+07,0,2.36349e+07,-823309,823309,1.26828e+07
0,0,0,9.02089e+07,0,2.36391e+07,-822233,822233,1.26828e+07
0,0,0,9.02089e+07,0.000499492,2.43562e+07,-821156,821156,1.26828e+07
0,0,0,9.02089e+07,0,2.41555e+07,-688345,688345,1.26828e+07
0,0,0,9.02089e+07,0,2.41597e+07,-687270,687270,1.26828e+07
0,0,0,9.02089e+07,0,2.4164e+07,-686194,686194,1.26828e+07
0,0,0,9.02089e+07,0,2.66746e+07,-685118,685118,1.26828e+07
0,0,0,9.02089e+07,0,2.59092e+07,-188941,188941,1.26828e+07
0,0,0,9.02089e+07,0,2.59139e+07,-187738,187738,1.26828e+07
0,0,0,9.02089e+07,0,2.59185e+07,-186535,186535,1.26828e+07
0,0,0,9.02089e+07,0,2.24699e+07,-185331,185331,1.26828e+07
0,0,0,9.02089e+07,0,2.35085e+07,-849238,849238,1.26828e+07
0,0,0,9.02089e+07,0,2.35126e+07,-848204,848204,1.26828e+07
0,0,0,9.02089e+07,0,2.35166e+07,-847169,847169,1.26828e+07
0,0,0,9.02089e+07,0,2.35207e+07,-846135,846135,1.26828e+07
0,0,0,9.02089e+07,0,2.4381e+07,-845100,845100,1.26828e+07
0,0,0,9.02089e+07,0,2.41318e+07,-681146,681146,1.26828e+07
0,0,0,9.02089e+07,0,2.4136e+07,-680069,680069,1.26828e+07
0,0,0,9.02089e+07,0,2.41403e+07,-678992,678992,1.26828e+07
0,0,0,9.02089e+07,0,2.38106e+07,-677914,677914,1.26828e+07
0,0,0,9.02089e+07,0,2.39133e+07,-740177,740177,1.26828e+07
0,0,0,9.02089e+07,0,2.39175e+07,-739115,739115,1.26828e+07
0,0,0,9.02089e+07,0,2.39216e+07,-738053,738053,1.26828e+07
0,0,0,9.02089e+07,0,2.50891e+07,-736991,736991,1.26828e+07
0,0,0,9.02089e+07,0,2.47437e+07,-511075,511075,1.26828e+07
0,0,0,9.02089e+07,0,2.47481e+07,-509955,509955,1.26828e+07
0,0,0,9.02089e+07,0,2.47524e+07,-508835,508835,1.26828e+07
0,0,0,9.02089e+07,0,2.47568e+07,-507714,507714,1.26828e+07
0,0,0,9.02089e+07,0,2.50355e+07,-506593,506593,1.26828e+07
0,0,0,9.02089e+07,0,2.48474e+07,-381730,381730,1.26828e+07
0,0,0,9.02089e+07,0,2.48518e+07,-380577,380577,1.26828e+07
0,0,0,9.02089e+07,0,2.48562e+07,-379424,379424,1.26828e+07
0,0,0,9.02089e+07,0,2.54419e+07,-378270,378270,1.26828e+07
0,0,0,9.02089e+07,0,2.52747e+07,-266723,266723,1.26828e+07
0,0,0,9.02089e+07,0,2.52792e+07,-265540,265540,1.26828e+07
0,0,0,9.02089e+07,0,2.52838e+07,-264357,264357,1.26828e+07
0,0,0,9.02089e+07,0,2.72181e+07,-263174,263174,1.26828e+07
0,0,0,9.02089e+07,0,2.68155e+07,0,0,1.26828e+07
0,0,0,9.02089e+07,0,2.68223e+07,0,0,1.26828e+07
0,0,0,9.02089e+07,0,2.68292e+07,0,0,1.26828e+07
0,0,0,9.02089e+07,0,2.68361e+07,0,0,1.26828e+07
0,0,0,9.02089e+07,0,2.57579e+07,0,0,1.26828e+07
0,0,0,9.02089e+07,0,2.59187e+07,-99098.6,99098.6,1.26828e+07
0,0,0,9.02089e+07,0,2.59234e+07,-97873.2,97873.2,1.26828e+07
0,0,0,9.02089e+07,0,2.59281e+07,-96647.8,96647.8,1.26828e+07
0,0,0,9.02089e+07,0,2.49762e+07,-95422.1,95422.1,1.26828e+07
0,0,0,9.02089e+07,0,2.53243e+07,-315073,315073,1.26828e+07
0,0,0,9.02089e+07,0,2.53288e+07,-313903,313903,1.26828e+07
0,0,0,9.02089e+07,0,2.53333e+07,-312733,312733,1.26828e+07
0,0,0,9.02089e+07,0,2.31206e+07,-311563,311563,1.26828e+07
0,0,0,9.02089e+07,0,2.3841e+07,-770885,770885,1.26828e+07
0,0,0,9.02089e+07,0,2.38451e+07,-769831,769831,1.26828e+07
0,0,0,9.02089e+07,0,2.38493e+07,-768778,768778,1.26828e+07
0,0,0,9.02089e+07,0,2.38534e+07,-767724,767724,1.26828e+07
0,0,0,9.02089e+07,0.000499492,2.45799e+07,-766670,766670,1.26828e+07
0,0,0,9.02089e+07,0,2.43764e+07,-632121,632121,1.26828e+07
0,0,0,9.02089e+07,0,2.43805e+07,-631070,631070,1.26828e+07
0,0,0,9.02089e+07,0,2.43846e+07,-630018,630018,1.26828e+07
0,0,0,9.02089e+07,0,2.69286e+07,-628967,628967,1.26828e+07
0,0,0,9.02089e+07,0,2.61528e+07,-126215,126215,1.26828e+07
0,0,0,9.02089e+07,0,2.61574e+07,-125039,125039,1.26828e+07
0,0,0,9.02089e+07,0,2.61619e+07,-123863,123863,1.26828e+07
0,0,0,9.02089e+07,0,2.26673e+07,-122686,122686,1.26828e+07
0,0,0,9.02089e+07,0,2.37196e+07,-795462,795462,1.26828e+07
0,0,0,9.02089e+07,0,2.37235e+07,-794451,794451,1.26828e+07
0,0,0,9.02089e+07,0,2.37275e+07,-793440,793440,1.26828e+07
0,0,0,9.02089e+07,0,2.37315e+07,-792428,792428,1.26828e+07
0,0,0,9.02089e+07,0,2.4603e+07,-791417,791417,1.26828e+07
0,0,0,9.02089e+07,0,2.43504e+07,-625328,625328,1.26828e+07
0,0,0,9.02089e+07,0,2.43545e+07,-624276,624276,1.26828e+07
0,0,0,9.02089e+07,0,2.43586e+07,-623223,623223,1.26828e+07
0,0,0,9.02089e+07,0,2.40245e+07,-622170,622170,1.26828e+07
0,0,0,9.02089e+07,0,2.41284e+07,-685294,685294,1.26828e+07
0,0,0,9.02089e+07,0,2.41325e+07,-684256,684256,1.26828e+07
0,0,0,9.02089e+07,0,2.41365e+07,-683218,683218,1.26828e+07
0,0,0,9.02089e+07,0,2.53192e+07,-682180,682180,1.26828e+07
0,0,0,9.02089e+07,0,2.49691e+07,-453327,453327,1.26828e+07
0,0,0,9.02089e+07,0,2.49734e+07,-452232,452232,1.26828e+07
0,0,0,9.02089e+07,0,2.49777e+07,-451137,451137,1.26828e+07
0,0,0,9.02089e+07,0,2.49819e+07,-450041,450041,1.26828e+07
0,0,0,9.02089e+07,0,2.52641e+07,-448946,448946,1.26828e+07
0,0,0,9.02089e+07,0,2.50734e+07,-322485,322485,1.26828e+07
0,0,0,9.02089e+07,0,2.50777e+07,-321358,321358,1.26828e+07
0,0,0,9.02089e+07,0,2.5082e+07,-320230,320230,1.26828e+07
0,0,0,9.02089e+07,0,2.56752e+07,-319103,319103,1.26828e+07
0,0,0,9.02089e+07,0,2.55057e+07,-206137,206137,1.26828e+07
0,0,0,9.02089e+07,0,2.55101e+07,-204981,204981,1.26828e+07
0,0,0,9.02089e+07,0,2.55145e+07,-203825,203825,1.26828e+07
0,0,0,9.02089e+07,0,2.74739e+07,-202669,202669,1.26828e+07
0,0,0,9.02089e+07,0,2.71653e+07,0,0,1.26828e+07
0,0,0,9.02089e+07,0,2.7172e+07,0,0,1.26828e+07
0,0,0,9.02089e+07,0,2.71787e+07,0,0,1.26828e+07
0,0,0,9.02089e+07,0,2.71854e+07,0,0,1.26828e+07
0,0,0,9.02089e+07,0,2.6093e+07,0,0,1.26828e+07
0,0,0,9.02089e+07,0,2.61566e+07,-36714,36714,1.26828e+07
0,0,0,9.02089e+07,0,2.61611e+07,-35516.8,35516.8,1.26828e+07
0,0,0,9.02089e+07,0,2.61657e+07,-34319.4,34319.4,1.26828e+07
0,0,0,9.02089e+07,0,2.52013e+07,-33121.6,33121.6,1.26828e+07
0,0,0,9.02089e+07,0,2.55538e+07,-255666,255666,1.26828e+07
0,0,0,9.02089e+07,0,2.55582e+07,-254523,254523,1.26828e+07
0,0,0,9.02089e+07,0,2.55626e+07,-253379,253379,1.26828e+07
0,0,0,9.02089e+07,0,2.33211e+07,-252236,252236,1.26828e+07
0,0,0,9.02089e+07,0,2.40506e+07,-717541,717541,1.26828e+07
0,0,0,9.02089e+07,0,2.40547e+07,-716512,716512,1.26828e+07
0,0,0,9.02089e+07,0,2.40587e+07,-715482,715482,1.26828e+07
0,0,0,9.02089e+07,0,2.40628e+07,-714453,714453,1.26828e+07
0,0,0,9.02089e+07,0.000499492,2.47985e+07,-713423,713423,1.26828e+07
0,0,0,9.02089e+07,0,2.45922e+07,-577177,577177,1.26828e+07
0,0,0,9.02089e+07,0,2.45962e+07,-576152,576152,1.26828e+07
0,0,0,9.02089e+07,0,2.46003e+07,-575126,575126,1.26828e+07
0,0,0,9.02089e+07,0,2.71768e+07,-574100,574100,1.26828e+07
0,0,0,9.02089e+07,0,2.63908e+07,-64925.2,64925.2,1.26828e+07
0,0,0,9.02089e+07,0,2.63953e+07,-63777.8,63777.8,1.26828e+07
0,0,0,9.02089e+07,0,2.63997e+07,-62630.3,62630.3,1.26828e+07
0,0,0,9.02089e+07,0,2.28601e+07,-61482.6,61482.6,1.26828e+07
0,0,0,9.02089e+07,0,2.39258e+07,-742923,742923,1.26828e+07
0,0,0,9.02089e+07,0,2.39296e+07,-741937,741937,1.26828e+07
0,0,0,9.02089e+07,0,2.39335e+07,-740951,740951,1.26828e+07
0,0,0,9.02089e+07,0,2.39374e+07,-739965,739965,1.26828e+07
0,0,0,9.02089e+07,0,2.48199e+07,-738977,738977,1.26828e+07
0,0,0,9.02089e+07,0,2.45639e+07,-570805,570805,1.26828e+07
0,0,0,9.02089e+07,0,2.45679e+07,-569778,569778,1.26828e+07
0,0,0,9.02089e+07,0,2.45719e+07,-568751,568751,1.26828e+07
0,0,0,9.02089e+07,0,2.42334e+07,-567724,567724,1.26828e+07
0,0,0,9.02089e+07,0,2.43385e+07,-631691,631691,1.26828e+07
0,0,0,9.02089e+07,0,2.43424e+07,-630678,630678,1.26828e+07
0,0,0,9.02089e+07,0,2.43464e+07,-629666,629666,1.26828e+07
0,0,0,9.02089e+07,0,2.55439e+07,-628653,628653,1.26828e+07
0,0,0,9.02089e+07,0,2.51892e+07,-396932,396932,1.26828e+07
0,0,0,9.02089e+07,0,2.51934e+07,-395864,395864,1.26828e+07
0,0,0,9.02089e+07,0,2.51976e+07,-394796,394796,1.26828e+07
0,0,0,9.02089e+07,0,2.52017e+07,-393727,393727,1.26828e+07
0,0,0,9.02089e+07,0,2.54873e+07,-392658,392658,1.26828e+07
0,0,0,9.02089e+07,0,2.5294e+07,-264638,264638,1.26828e+07
0,0,0,9.02089e+07,0,2.52982e+07,-263539,263539,1.26828e+07
0,0,0,9.02089e+07,0,2.53024e+07,-262439,262439,1.26828e+07
0,0,0,9.02089e+07,0,2.5903e+07,-261339,261339,1.26828e+07
0,0,0,9.02089e+07,0,2.57311e+07,-146990,146990,1.26828e+07
0,0,0,9.02089e+07,0,2.57354e+07,-145862,145862,1.26828e+07
0,0,0,9.02089e+07,0,2.57397e+07,-144735,144735,1.26828e+07
0,0,0,9.02089e+07,0,2.77236e+07,-143607,143607,1.26828e+07
0,0,0,9.02089e+07,0,2.75067e+07,0,0,1.26828e+07
0,0,0,9.02089e+07,0,2.75133e+07,0,0,1.26828e+07
0,0,0,9.02089e+07,0,2.75198e+07,0,0,1.26828e+07
0,0,0,9.02089e+07,0,2.75263e+07,0,0,1.26828e+07
0,0,0,9.02089e+07,0,2.642e+07,0,0,1.26828e+07
0,0,0,9.02089e+07,0,2.64263e+07,0,0,1.26828e+07
0,0,0,9.02089e+07,0,2.64326e+07,0,0,1.26828e+07
0,0,0,9.02089e+07,0,2.64388e+07,0,0,1.26828e+07
0,0,0,9.02089e+07,0,2.54641e+07,0,0,1.26828e+07
0,0,0,9.02089e+07,0,2.57777e+07,-197695,197695,1.26828e+07
0,0,0,9.02089e+07,0,2.5782e+07,-196580,196580,1.26828e+07
0,0,0,9.02089e+07,0,2.57863e+07,-195464,195464,1.26828e+07
0,0,0,9.02089e+07,0,2.35167e+07,-194349,194349,1.26828e+07
0,0,0,9.02089e+07,0,2.42552e+07,-665494,665494,1.26828e+07
0,0,0,9.02089e+07,0,2.42592e+07,-664490,664490,1.26828e+07
0,0,0,9.02089e+07,0,2.42631e+07,-663486,663486,1.26828e+07
0,0,0,9.02089e+07,0,2.42671e+07,-662482,662482,1.26828e+07
0,0,0,9.02089e+07,0,2.50118e+07,-661477,661477,1.26828e+07
0,0,0,4.22244e+08,9.14538e+06,2.53315e+07,-863453,863453,1.26828e+07
0,0,0,4.22244e+08,0,2.5337e+07,-863453,863453,1.26828e+07
0,0,0,4.22244e+08,0,2.53425e+07,-863453,863453,1.26828e+07
0,0,0,4.22244e+08,0,2.79523e+07,-863453,863453,1.26828e+07
0,0,0,4.22244e+08,0,2.79583e+07,-863453,863453,1.26828e+07
0,0,0,4.22244e+08,0,2.79644e+07,-863453,863453,1.26828e+07
0,0,0,4.22244e+08,0,2.79705e+07,-863453,863453,1.26828e+07
0,0,0,4.22244e+08,0,2.43888e+07,-863453,863453,1.26828e+07
0,0,0,4.22244e+08,0,2.43941e+07,-863453,863453,1.26828e+07
0,0,0,4.22244e+08,0,2.43994e+07,-863453,863453,1.26828e+07
0,0,0,4.22244e+08,0,2.44046e+07,-863453,863453,1.26828e+07
0,0,0,4.22244e+08,0,2.44099e+07,-863453,863453,1.26828e+07
0,0,0,4.22244e+08,0,2.53046e+07,-863453,863453,1.26828e+07
0,0,0,4.22244e+08,0,2.53101e+07,-863453,863453,1.26828e+07
0,0,0,4.22244e+08,0,2.53156e+07,-863453,863453,1.26828e+07
0,0,0,4.22244e+08,0,2.53211e+07,-863453,863453,1.26828e+07
0,0,0,4.22244e+08,0,2.49798e+07,-863453,863453,1.26828e+07
0,0,0,4.22244e+08,0,2.49852e+07,-863453,863453,1.26828e+07
0,0,0,4.22244e+08,0,2.49906e+07,-863453,863453,1.26828e+07
0,0,0,4.22244e+08,0,2.4996e+07,-863453,863453,1.26828e+07
0,0,0,4.22244e+08,0,2.62095e+07,-863453,863453,1.26828e+07
0,0,0,4.22244e+08,0,2.62152e+07,-863453,863453,1.26828e+07
0,0,0,4.22244e+08,0,2.62209e+07,-863453,863453,1.26828e+07
0,0,0,4.22244e+08,0,2.62266e+07,-863453,863453,1.26828e+07
0,0,0,4.22244e+08,0,2.62323e+07,-863453,863453,1.26828e+07
0,0,0,4.22244e+08,0,2.65227e+07,-863453,863453,1.26828e+07
0,0,0,4.22244e+08,0,2.65285e+07,-863453,863453,1.26828e+07
0,0,0,4.22244e+08,0,2.65343e+07,-863453,863453,1.26828e+07
0,0,0,4.22244e+08,0,2.654e+07,-863453,863453,1.26828e+07
0,0,0,4.22244e+08,0,2.71494e+07,-863453,863453,1.26828e+07
0,0,0,4.22244e+08,0,2.71553e+07,-863453,863453,1.26828e+07
0,0,0,4.22244e+08,0,2.71612e+07,-863453,863453,1.26828e+07
0,0,0,4.22244e+08,0,2.71671e+07,-863453,863453,1.26828e+07
0,0,0,4.22244e+08,0,2.91766e+07,-863453,863453,1.26828e+07
0,0,0,4.22244e+08,0,2.91829e+07,-863453,863453,1.26828e+07
0,0,0,4.22244e+08,0,2.91893e+07,-863453,863453,1.26828e+07
0,0,0,4.22244e+08,0,2.91956e+07,-863453,863453,1.26828e+07
0,0,0,4.22244e+08,0,2.9202e+07,-863453,863453,1.26828e+07
0,0,0,4.22244e+08,0,2.80821e+07,-863453,863453,1.26828e+07
0,0,0,4.22244e+08,0,2.80882e+07,-863453,863453,1.26828e+07
0,0,0,4.22244e+08,0,2.80943e+07,-863453,863453,1.26828e+07
0,0,0,4.22244e+08,0,2.81004e+07,-863453,863453,1.26828e+07
0,0,0,4.22244e+08,0,2.71137e+07,-863453,863453,1.26828e+07
0,0,0,4.22244e+08,0,2.71196e+07,-863453,863453,1.26828e+07
0,0,0,4.22244e+08,0,2.71254e+07,-863453,863453,1.26828e+07
0,0,0,4.22244e+08,0,2.71313e+07,-863453,863453,1.26828e+07
0,0,0,4.22244e+08,0,2.4836e+07,-863453,863453,1.26828e+07
0,0,0,4.22244e+08,0,2.48414e+07,-863453,863453,1.26828e+07
0,0,0,4.22244e+08,0,2.48468e+07,-863453,863453,1.26828e+07
0,0,0,4.22244e+08,0,2.48521e+07,-863453,863453,1.26828e+07
0,0,0,4.22244e+08,0,2.48575e+07,-863453,863453,1.26828e+07
0,0,0,4.22244e+08,0,2.48575e+07,-863453,863453,1.26828e+07
0,0,0,4.22244e+08,9.14538e+06,2.56125e+07,-863453,863453,1.26828e+07
0,0,0,4.22244e+08,0,2.56178e+07,-863453,863453,1.26828e+07
0,0,0,4.22244e+08,0,2.56232e+07,-863453,863453,1.26828e+07
0,0,0,4.22244e+08,0,2.56285e+07,-863453,863453,1.26828e+07
0,0,0,4.22244e+08,0,2.82692e+07,-863453,863453,1.26828e+07
0,0,0,4.22244e+08,0,2.82751e+07,-863453,863453,1.26828e+07
0,0,0,4.22244e+08,0,2.8281e+07,-863453,863453,1.26828e+07
0,0,0,4.22244e+08,0,2.82869e+07,-863453,863453,1.26828e+07
0,0,0,4.22244e+08,0,2.46625e+07,-863453,863453,1.26828e+07
0,0,0,4.22244e+08,0,2.46676e+07,-863453,863453,1.26828e+07
0,0,0,4.22244e+08,0,2.46727e+07,-863453,863453,1.26828e+07
0,0,0,4.22244e+08,0,2.46778e+07,-863453,863453,1.26828e+07
0,0,0,4.22244e+08,0,2.4683e+07,-863453,863453,1.26828e+07
0,0,0,4.22244e+08,0,2.55881e+07,-863453,863453,1.26828e+07
0,0,0,4.22244e+08,0,2.55934e+07,-863453,863453,1.26828e+07
0,0,0,4.22244e+08,0,2.55987e+07,-863453,863453,1.26828e+07
0,0,0,4.22244e+08,0,2.5604e+07,-863453,863453,1.26828e+07
0,0,0,4.22244e+08,0,2.52585e+07,-863453,863453,1.26828e+07
0,0,0,4.22244e+08,0,2.52638e+07,-863453,863453,1.26828e+07
0,0,0,4.22244e+08,0,2.5269e+07,-863453,863453,1.26828e+07
0,0,0,4.22244e+08,0,2.52743e+07,-863453,863453,1.26828e+07
0,0,0,4.22244e+08,0,2.65019e+07,-863453,863453,1.26828e+07
0,0,0,4.22244e+08,0,2.65074e+07,-863453,863453,1.26828e+07
0,0,0,4.22244e+08,0,2.65129e+07,-863453,863453,1.26828e+07
0,0,0,4.22244e+08,0,2.65184e+07,-863453,863453,1.26828e+07
0,0,0,4.22244e+08,0,2.6524e+07,-863453,863453,1.26828e+07
0,0,0,4.22244e+08,0,2.68176e+07,-863453,863453,1.26828e+07
0,0,0,4.22244e+08,0,2.68232e+07,-863453,863453,1.26828e+07
0,0,0,4.22244e+08,0,2.68288e+07,-863453,863453,1.26828e+07
0,0,0,4.22244e+08,0,2.68344e+07,-863453,863453,1.26828e+07
0,0,0,4.22244e+08,0,2.74507e+07,-863453,863453,1.26828e+07
0,0,0,4.22244e+08,0,2.74564e+07,-863453,863453,1.26828e+07
0,0,0,4.22244e+08,0,2.74622e+07,-863453,863453,1.26828e+07
0,0,0,4.22244e+08,0,2.74679e+07,-863453,863453,1.26828e+07
0,0,0,4.22244e+08,0,2.95005e+07,-863453,863453,1.26828e+07
0,0,0,4.22244e+08,0,2.95067e+07,-863453,863453,1.26828e+07
0,0,0,4.22244e+08,0,2.95129e+07,-863453,863453,1.26828e+07
0,0,0,4.22244e+08,0,2.95191e+07,-863453,863453,1.26828e+07
0,0,0,4.22244e+08,0,2.95253e+07,-863453,863453,1.26828e+07
0,0,0,4.22244e+08,0,2.83921e+07,-863453,863453,1.26828e+07
0,0,0,4.22244e+08,0,2.83981e+07,-863453,863453,1.26828e+07
0,0,0,4.22244e+08,0,2.8404e+07,-863453,863453,1.26828e+07
0,0,0,4.22244e+08,0,2.841e+07,-863453,863453,1.26828e+07
0,0,0,4.22244e+08,0,2.74116e+07,-863453,863453,1.26828e+07
0,0,0,4.22244e+08,0,2.74173e+07,-863453,863453,1.26828e+07
0,0,0,4.22244e+08,0,2.7423e+07,-863453,863453,1.26828e+07
0,0,0,4.22244e+08,0,2.74288e+07,-863453,863453,1.26828e+07
0,0,0,4.22244e+08,0,2.51068e+07,-863453,863453,1.26828e+07
0,0,0,4.22244e+08,0,2.5112e+07,-863453,863453,1.26828e+07
0,0,0,4.22244e+08,0,2.51172e+07,-863453,863453,1.26828e+07
0,0,0,4.22244e+08,0,2.51224e+07,-863453,863453,1.26828e+07
0,0,0,4.22244e+08,0,2.51276e+07,-863453,863453,1.26828e+07
0,0,0,4.22244e+08,9.14538e+06,2.58911e+07,-863453,863453,1.26828e+07
0,0,0,4.22244e+08,0,2.58963e+07,-863453,863453,1.26828e+07
0,0,0,4.22244e+08,0,2.59014e+07,-863453,863453,1.26828e+07
0,0,0,4.22244e+08,0,2.59066e+07,-863453,863453,1.26828e+07
0,0,0,4.22244e+08,0,2.85773e+07,-863453,863453,1.26828e+07
0,0,0,4.22244e+08,0,2.8583e+07,-863453,863453,1.26828e+07
0,0,0,4.22244e+08,0,2.85888e+07,-863453,863453,1.26828e+07
0,0,0,4.22244e+08,0,2.85945e+07,-863453,863453,1.26828e+07
0,0,0,4.22244e+08,0,2.49285e+07,-863453,863453,1.26828e+07
0,0,0,4.22244e+08,0,2.49334e+07,-863453,863453,1.26828e+07
0,0,0,4.22244e+08,0,2.49384e+07,-863453,863453,1.26828e+07
0,0,0,4.22244e+08,0,2.49434e+07,-863453,863453,1.26828e+07
0,0,0,4.22244e+08,0,2.49484e+07,-863453,863453,1.26828e+07
0,0,0,4.22244e+08,0,2.58635e+07,-863453,863453,1.26828e+07
0,0,0,4.22244e+08,0,2.58687e+07,-863453,863453,1.26828e+07
0,0,0,4.22244e+08,0,2.58739e+07,-863453,863453,1.26828e+07
0,0,0,4.22244e+08,0,2.5879e+07,-863453,863453,1.26828e+07
0,0,0,4.22244e+08,0,2.55294e+07,-863453,863453,1.26828e+07
0,0,0,4.22244e+08,0,2.55345e+07,-863453,863453,1.26828e+07
0,0,0,4.22244e+08,0,2.55396e+07,-863453,863453,1.26828e+07
0,0,0,4.22244e+08,0,2.55447e+07,-863453,863453,1.26828e+07
0,0,0,4.22244e+08,0,2.67859e+07,-863453,863453,1.26828e+07
0,0,0,4.22244e+08,0,2.67913e+07,-863453,863453,1.26828e+07
0,0,0,4.22244e+08,0,2.67967e+07,-863453,863453,1.26828e+07
0,0,0,4.22244e+08,0,2.6802e+07,-863453,863453,1.26828e+07
0,0,0,4.22244e+08,0,2.68074e+07,-863453,863453,1.26828e+07
0,0,0,4.22244e+08,0,2.71041e+07,-863453,863453,1.26828e+07
0,0,0,4.22244e+08,0,2.71096e+07,-863453,863453,1.26828e+07
0,0,0,4.22244e+08,0,2.7115e+07,-863453,863453,1.26828e+07
0,0,0,4.22244e+08,0,2.71204e+07,-863453,863453,1.26828e+07
0,0,0,4.22244e+08,0,2.77434e+07,-863453,863453,1.26828e+07
0,0,0,4.22244e+08,0,2.77489e+07,-863453,863453,1.26828e+07
0,0,0,4.22244e+08,0,2.77545e+07,-863453,863453,1.26828e+07
0,0,0,4.22244e+08,0,2.77601e+07,-863453,863453,1.26828e+07
0,0,0,4.22244e+08,0,2.98152e+07,-863453,863453,1.26828e+07
0,0,0,4.22244e+08,0,2.98212e+07,-863453,863453,1.26828e+07
0,0,0,4.22244e+08,0,2.98272e+07,-863453,863453,1.26828e+07
0,0,0,4.22244e+08,0,2.98332e+07,-863453,863453,1.26828e+07
0,0,0,4.22244e+08,0,2.98392e+07,-863453,863453,1.26828e+07
0,0,0,4.22244e+08,0,2.86932e+07,-863453,863453,1.26828e+07
0,0,0,4.22244e+08,0,2.8699e+07,-863453,863453,1.26828e+07
0,0,0,4.22244e+08,0,2.87047e+07,-863453,863453,1.26828e+07
0,0,0,4.22244e+08,0,2.87105e+07,-863453,863453,1.26828e+07
0,0,0,4.22244e+08,0,2.77008e+07,-863453,863453,1.26828e+07
0,0,0,4.22244e+08,0,2.77063e+07,-863453,863453,1.26828e+07
0,0,0,4.22244e+08,0,2.77119e+07,-863453,863453,1.26828e+07
0,0,0,4.22244e+08,0,2.77174e+07,-863453,863453,1.26828e+07
0,0,0,4.22244e+08,0,2.53695e+07,-863453,863453,1.26828e+07
0,0,0,4.22244e+08,0,2.53746e+07,-863453,863453,1.26828e+07
0,0,0,4.22244e+08,0,2.53797e+07,-863453,863453,1.26828e+07
0,0,0,4.22244e+08,0,2.53847e+07,-863453,863453,1.26828e+07
0,0,0,4.22244e+08,0,2.53898e+07,-863453,863453,1.26828e+07
0,0,0,4.22244e+08,9.14538e+06,2.61614e+07,-863453,863453,1.26828e+07
0,0,0,4.22244e+08,0,2.61665e+07,-863453,863453,1.26828e+07
0,0,0,4.22244e+08,0,2.61715e+07,-863453,863453,1.26828e+07
0,0,0,4.22244e+08,0,2.61765e+07,-863453,863453,1.26828e+07
0,0,0,4.22244e+08,0,2.88763e+07,-863453,863453,1.26828e+07
0,0,0,4.22244e+08,0,2.88818e+07,-863453,863453,1.26828e+07
0,0,0,4.22244e+08,0,2.88874e+07,-863453,863453,1.26828e+07
0,0,0,4.22244e+08,0,2.8893e+07,-863453,863453,1.26828e+07
0,0,0,4.22244e+08,0,2.51866e+07,-863453,863453,1.26828e+07
0,0,0,4.22244e+08,0,2.51914e+07,-863453,863453,1.26828e+07
0,0,0,4.22244e+08,0,2.51962e+07,-863453,863453,1.26828e+07
0,0,0,4.22244e+08,0,2.5201e+07,-863453,863453,1.26828e+07
0,0,0,4.22244e+08,0,2.52058e+07,-863453,863453,1.26828e+07
0,0,0,4.22244e+08,0,2.61308e+07,-863453,863453,1.26828e+07
0,0,0,4.22244e+08,0,2.61358e+07,-863453,863453,1.26828e+07
0,0,0,4.22244e+08,0,2.61408e+07,-863453,863453,1.26828e+07
0,0,0,4.22244e+08,0,2.61458e+07,-863453,863453,1.26828e+07
0,0,0,4.22244e+08,0,2.57921e+07,-863453,863453,1.26828e+07
0,0,0,4.22244e+08,0,2.57971e+07,-863453,863453,1.26828e+07
0,0,0,4.22244e+08,0,2.5802e+07,-863453,863453,1.26828e+07
0,0,0,4.22244e+08,0,2.5807e+07,-863453,863453,1.26828e+07
0,0,0,4.22244e+08,0,2.70614e+07,-863453,863453,1.26828e+07
0,0,0,4.22244e+08,0,2.70666e+07,-863453,863453,1.26828e+07
0,0,0,4.22244e+08,0,2.70718e+07,-863453,863453,1.26828e+07
0,0,0,4.22244e+08,0,2.7077e+07,-863453,863453,1.26828e+07
0,0,0,4.22244e+08,0,2.70822e+07,-863453,863453,1.26828e+07
0,0,0,4.22244e+08,0,2.73819e+07,-863453,863453,1.26828e+07
0,0,0,4.22244e+08,0,2.73872e+07,-863453,863453,1.26828e+07
0,0,0,4.22244e+08,0,2.73925e+07,-863453,863453,1.26828e+07
0,0,0,4.22244e+08,0,2.73977e+07,-863453,863453,1.26828e+07
0,0,0,4.22244e+08,0,2.80271e+07,-863453,863453,1.26828e+07
0,0,0,4.22244e+08,0,2.80325e+07,-863453,863453,1.26828e+07
0,0,0,4.22244e+08,0,2.80379e+07,-863453,863453,1.26828e+07
0,0,0,4.22244e+08,0,2.80433e+07,-863453,863453,1.26828e+07
0,0,0,4.22244e+08,0,3.01202e+07,-863453,863453,1.26828e+07
0,0,0,4.22244e+08,0,3.0126e+07,-863453,863453,1.26828e+07
0,0,0,4.22244e+08,0,3.01318e+07,-863453,863453,1.26828e+07
0,0,0,4.22244e+08,0,3.01377e+07,-863453,863453,1.26828e+07
0,0,0,4.22244e+08,0,3.01435e+07,-863453,863453,1.26828e+07
0,0,0,4.22244e+08,0,2.8985e+07,-863453,863453,1.26828e+07
0,0,0,4.22244e+08,0,2.89906e+07,-863453,863453,1.26828e+07
0,0,0,4.22244e+08,0,2.89962e+07,-863453,863453,1.26828e+07
0,0,0,4.22244e+08,0,2.90017e+07,-863453,863453,1.26828e+07
0,0,0,4.22244e+08,0,2.79811e+07,-863453,863453,1.26828e+07
0,0,0,4.22244e+08,0,2.79864e+07,-863453,863453,1.26828e+07
0,0,0,4.22244e+08,0,2.79918e+07,-863453,863453,1.26828e+07
0,0,0,4.22244e+08,0,2.79972e+07,-863453,863453,1.26828e+07
0,0,0,4.22244e+08,0,2.56242e+07,-863453,863453,1.26828e+07
0,0,0,4.22244e+08,0,2.56291e+07,-863453,863453,1.26828e+07
0,0,0,4.22244e+08,0,2.5634e+07,-863453,863453,1.26828e+07
0,0,0,4.22244e+08,0,2.56389e+07,-863453,863453,1.26828e+07
0,0,0,4.22244e+08,0,2.56438e+07,-863453,863453,1.26828e+07
0,0,0,4.22244e+08,4.28071e+07,2.64234e+07,-863453,863453,1.26828e+07
0,0,0,4.22244e+08,0,2.64283e+07,-863453,863453,1.26828e+07
0,0,0,4.22244e+08,0,2.64331e+07,-863453,863453,1.26828e+07
0,0,0,4.22244e+08,0,2.6438e+07,-863453,863453,1.26828e+07
0,0,0,4.22244e+08,0,2.91659e+07,-863453,863453,1.26828e+07
0,0,0,4.22244e+08,0,2.91713e+07,-863453,863453,1.26828e+07
0,0,0,4.22244e+08,0,2.91767e+07,-863453,863453,1.26828e+07
0,0,0,4.22244e+08,0,2.91821e+07,-863453,863453,1.26828e+07
0,0,0,4.22244e+08,0,2.54366e+07,-863453,863453,1.26828e+07
0,0,0,4.22244e+08,0,2.54412e+07,-863453,863453,1.26828e+07
0,0,0,4.22244e+08,0,2.54459e+07,-863453,863453,1.26828e+07
0,0,0,4.22244e+08,0,2.54505e+07,-863453,863453,1.26828e+07
0,0,0,4.22244e+08,0,2.54552e+07,-863453,863453,1.26828e+07
0,0,0,4.22244e+08,0,2.63896e+07,-863453,863453,1.26828e+07
0,0,0,4.22244e+08,0,2.63944e+07,-863453,863453,1.26828e+07
0,0,0,4.22244e+08,0,2.63993e+07,-863453,863453,1.26828e+07
0,0,0,4.22244e+08,0,2.64041e+07,-863453,863453,1.26828e+07
0,0,0,4.22244e+08,0,2.60466e+07,-863453,863453,1.26828e+07
0,0,0,4.22244e+08,0,2.60514e+07,-863453,863453,1.26828e+07
0,0,0,4.22244e+08,0,2.60561e+07,-863453,863453,1.26828e+07
0,0,0,4.22244e+08,0,2.60609e+07,-863453,863453,1.26828e+07
0,0,0,4.22244e+08,0,2.73282e+07,-863453,863453,1.26828e+07
0,0,0,4.22244e+08,0,2.73332e+07,-863453,863453,1.26828e+07
0,0,0,4.22244e+08,0,2.73382e+07,-863453,863453,1.26828e+07
0,0,0,4.22244e+08,0,2.73433e+07,-863453,863453,1.26828e+07
0,0,0,4.22244e+08,0,2.73483e+07,-863453,863453,1.26828e+07
0,0,0,4.22244e+08,0,2.76509e+07,-863453,863453,1.26828e+07
0,0,0,4.22244e+08,0,2.7656e+07,-863453,863453,1.26828e+07
0,0,0,4.22244e+08,0,2.76611e+07,-863453,863453,1.26828e+07
0,0,0,4.22244e+08,0,2.76662e+07,-863453,863453,1.26828e+07
0,0,0,4.22244e+08,0,2.83018e+07,-863453,863453,1.26828e+07
0,0,0,4.22244e+08,0,2.8307e+07,-863453,863453,1.26828e+07
0,0,0,4.22244e+08,0,2.83123e+07,-863453,863453,1.26828e+07
0,0,0,4.22244e+08,0,2.83175e+07,-863453,863453,1.26828e+07
0,0,0,4.22244e+08,0,3.04155e+07,-863453,863453,1.26828e+07
0,0,0,4.22244e+08,0,3.04211e+07,-863453,863453,1.26828e+07
0,0,0,4.22244e+08,0,3.04267e+07,-863453,863453,1.26828e+07
0,0,0,4.22244e+08,0,3.04323e+07,-863453,863453,1.26828e+07
0,0,0,4.22244e+08,0,3.0438e+07,-863453,863453,1.26828e+07
0,0,0,4.22244e+08,0,2.92674e+07,-863453,863453,1.26828e+07
0,0,0,4.22244e+08,0,2.92728e+07,-863453,863453,1.26828e+07
0,0,0,4.22244e+08,0,2.92782e+07,-863453,863453,1.26828e+07
0,0,0,4.22244e+08,0,2.92836e+07,-863453,863453,1.26828e+07
0,0,0,4.22244e+08,0,2.82523e+07,-863453,863453,1.26828e+07
0,0,0,4.22244e+08,0,2.82575e+07,-863453,863453,1.26828e+07
0,0,0,4.22244e+08,0,2.82627e+07,-863453,863453,1.26828e+07
0,0,0,4.22244e+08,0,2.82679e+07,-863453,863453,1.26828e+07
0,0,0,4.22244e+08,0,2.58706e+07,-863453,863453,1.26828e+07
0,0,0,4.22244e+08,0,2.58753e+07,-863453,863453,1.26828e+07
0,0,0,4.22244e+08,0,2.58801e+07,-863453,863453,1.26828e+07
0,0,0,4.22244e+08,0,2.58848e+07,-863453,863453,1.26828e+07
0,0,0,4.22244e+08,0,2.58895e+07,-863453,863453,1.26828e+07
0,0,0,4.22244e+08,4.28071e+07,2.66768e+07,-863453,863453,1.26828e+07
0,0,0,4.22244e+08,0,2.66815e+07,-863453,863453,1.26828e+07
0,0,0,4.22244e+08,0,2.66862e+07,-863453,863453,1.26828e+07
0,0,0,4.22244e+08,0,2.66909e+07,-863453,863453,1.26828e+07
0,0,0,4.22244e+08,0,2.94461e+07,-863453,863453,1.26828e+07
0,0,0,4.22244e+08,0,2.94514e+07,-863453,863453,1.26828e+07
0,0,0,4.22244e+08,0,2.94566e+07,-863453,863453,1.26828e+07
0,0,0,4.22244e+08,0,2.94618e+07,-863453,863453,1.26828e+07
0,0,0,4.22244e+08,0,2.56784e+07,-863453,863453,1.26828e+07
0,0,0,4.22244e+08,0,2.5683e+07,-863453,863453,1.26828e+07
0,0,0,4.22244e+08,0,2.56875e+07,-863453,863453,1.26828e+07
0,0,0,4.22244e+08,0,2.5692e+07,-863453,863453,1.26828e+07
0,0,0,4.22244e+08,0,2.56965e+07,-863453,863453,1.26828e+07
0,0,0,4.22244e+08,0,2.664e+07,-863453,863453,1.26828e+07
0,0,0,4.22244e+08,0,2.66447e+07,-863453,863453,1.26828e+07
0,0,0,4.22244e+08,0,2.66494e+07,-863453,863453,1.26828e+07
0,0,0,4.22244e+08,0,2.66541e+07,-863453,863453,1.26828e+07
0,0,0,4.22244e+08,0,2.62928e+07,-863453,863453,1.26828e+07
0,0,0,4.22244e+08,0,2.62974e+07,-863453,863453,1.26828e+07
0,0,0,4.22244e+08,0,2.63021e+07,-863453,863453,1.26828e+07
0,0,0,4.22244e+08,0,2.63067e+07,-863453,863453,1.26828e+07
0,0,0,4.22244e+08,0,2.75863e+07,-863453,863453,1.26828e+07
0,0,0,4.22244e+08,0,2.75912e+07,-863453,863453,1.26828e+07
0,0,0,4.22244e+08,0,2.75961e+07,-863453,863453,1.26828e+07
0,0,0,4.22244e+08,0,2.76009e+07,-863453,863453,1.26828e+07
0,0,0,4.22244e+08,0,2.76058e+07,-863453,863453,1.26828e+07
0,0,0,4.22244e+08,0,2.79112e+07,-863453,863453,1.26828e+07
0,0,0,4.22244e+08,0,2.79161e+07,-863453,863453,1.26828e+07
0,0,0,4.22244e+08,0,2.7921e+07,-863453,863453,1.26828e+07
0,0,0,4.22244e+08,0,2.7926e+07,-863453,863453,1.26828e+07
0,0,0,4.22244e+08,0,2.85677e+07,-863453,863453,1.26828e+07
0,0,0,4.22244e+08,0,2.85727e+07,-863453,863453,1.26828e+07
0,0,0,4.22244e+08,0,2.85778e+07,-863453,863453,1.26828e+07
0,0,0,4.22244e+08,0,2.85828e+07,-863453,863453,1.26828e+07
0,0,0,4.22244e+08,0,3.07012e+07,-863453,863453,1.26828e+07
0,0,0,4.22244e+08,0,3.07067e+07,-863453,863453,1.26828e+07
0,0,0,4.22244e+08,0,3.07121e+07,-863453,863453,1.26828e+07
0,0,0,4.22244e+08,0,3.07176e+07,-863453,863453,1.26828e+07
0,0,0,4.22244e+08,0,3.0723e+07,-863453,863453,1.26828e+07
0,0,0,4.22244e+08,0,2.95407e+07,-863453,863453,1.26828e+07
0,0,0,4.22244e+08,0,2.9546e+07,-863453,863453,1.26828e+07
0,0,0,4.22244e+08,0,2.95512e+07,-863453,863453,1.26828e+07
0,0,0,4.22244e+08,0,2.95564e+07,-863453,863453,1.26828e+07
0,0,0,4.22244e+08,0,2.85148e+07,-863453,863453,1.26828e+07
0,0,0,4.22244e+08,0,2.85199e+07,-863453,863453,1.26828e+07
0,0,0,4.22244e+08,0,2.85249e+07,-863453,863453,1.26828e+07
0,0,0,4.22244e+08,0,2.85299e+07,-863453,863453,1.26828e+07
0,0,0,4.22244e+08,0,2.61091e+07,-863453,863453,1.26828e+07
0,0,0,4.22244e+08,0,2.61137e+07,-863453,863453,1.26828e+07
0,0,0,4.22244e+08,0,2.61183e+07,-863453,863453,1.26828e+07
0,0,0,4.22244e+08,0,2.61228e+07,-863453,863453,1.26828e+07
0,0,0,4.22244e+08,0,2.61274e+07,-863453,863453,1.26828e+07
0,0,0,4.22244e+08,0,2.69221e+07,-863453,863453,1.26828e+07
0,0,0,4.22244e+08,4.28071e+07,2.69267e+07,-863453,863453,1.26828e+07
0,0,0,4.22244e+08,0,2.69313e+07,-863453,863453,1.26828e+07
0,0,0,4.22244e+08,0,2.69358e+07,-863453,863453,1.26828e+07
0,0,0,4.22244e+08,0,2.97174e+07,-863453,863453,1.26828e+07
0,0,0,4.22244e+08,0,2.97225e+07,-863453,863453,1.26828e+07
0,0,0,4.22244e+08,0,2.97275e+07,-863453,863453,1.26828e+07
0,0,0,4.22244e+08,0,2.97326e+07,-863453,863453,1.26828e+07
0,0,0,4.22244e+08,0,2.59126e+07,-863453,863453,1.26828e+07
0,0,0,4.22244e+08,0,2.5917e+07,-863453,863453,1.26828e+07
0,0,0,4.22244e+08,0,2.59214e+07,-863453,863453,1.26828e+07
0,0,0,4.22244e+08,0,2.59257e+07,-863453,863453,1.26828e+07
0,0,0,4.22244e+08,0,2.59301e+07,-863453,863453,1.26828e+07
0,0,0,4.22244e+08,0,2.68825e+07,-863453,863453,1.26828e+07
0,0,0,4.22244e+08,0,2.68871e+07,-863453,863453,1.26828e+07
0,0,0,4.22244e+08,0,2.68916e+07,-863453,863453,1.26828e+07
0,0,0,4.22244e+08,0,2.68961e+07,-863453,863453,1.26828e+07
0,0,0,4.22244e+08,0,2.65312e+07,-863453,863453,1.26828e+07
0,0,0,4.22244e+08,0,2.65357e+07,-863453,863453,1.26828e+07
0,0,0,4.22244e+08,0,2.65401e+07,-863453,863453,1.26828e+07
0,0,0,4.22244e+08,0,2.65446e+07,-863453,863453,1.26828e+07
0,0,0,4.22244e+08,0,2.78363e+07,-863453,863453,1.26828e+07
0,0,0,4.22244e+08,0,2.7841e+07,-863453,863453,1.26828e+07
0,0,0,4.22244e+08,0,2.78457e+07,-863453,863453,1.26828e+07
0,0,0,4.22244e+08,0,2.78504e+07,-863453,863453,1.26828e+07
0,0,0,4.22244e+08,0,2.78551e+07,-863453,863453,1.26828e+07
0,0,0,4.22244e+08,0,2.81632e+07,-863453,863453,1.26828e+07
0,0,0,4.22244e+08,0,2.8168e+07,-863453,863453,1.26828e+07
0,0,0,4.22244e+08,0,2.81727e+07,-863453,863453,1.26828e+07
0,0,0,4.22244e+08,0,2.81775e+07,-863453,863453,1.26828e+07
0,0,0,4.22244e+08,0,2.88251e+07,-863453,863453,1.26828e+07
0,0,0,4.22244e+08,0,2.883e+07,-863453,863453,1.26828e+07
0,0,0,4.22244e+08,0,2.88349e+07,-863453,863453,1.26828e+07
0,0,0,4.22244e+08,0,2.88398e+07,-863453,863453,1.26828e+07
0,0,0,4.22244e+08,0,3.09779e+07,-863453,863453,1.26828e+07
0,0,0,4.22244e+08,0,3.09832e+07,-863453,863453,1.26828e+07
0,0,0,4.22244e+08,0,3.09884e+07,-863453,863453,1.26828e+07
0,0,0,4.22244e+08,0,3.09937e+07,-863453,863453,1.26828e+07
0,0,0,4.22244e+08,0,3.0999e+07,-863453,863453,1.26828e+07
0,0,0,4.22244e+08,0,2.98054e+07,-863453,863453,1.26828e+07
0,0,0,4.22244e+08,0,2.98105e+07,-863453,863453,1.26828e+07
0,0,0,4.22244e+08,0,2.98155e+07,-863453,863453,1.26828e+07
0,0,0,4.22244e+08,0,2.98206e+07,-863453,863453,1.26828e+07
0,0,0,4.22244e+08,0,2.8769e+07,-863453,863453,1.26828e+07
0,0,0,4.22244e+08,0,2.87739e+07,-863453,863453,1.26828e+07
0,0,0,4.22244e+08,0,2.87788e+07,-863453,863453,1.26828e+07
0,0,0,4.22244e+08,0,2.87837e+07,-863453,863453,1.26828e+07
0,0,0,4.22244e+08,0,2.634e+07,-863453,863453,1.26828e+07
0,0,0,4.22244e+08,0,2.63445e+07,-863453,863453,1.26828e+07
0,0,0,4.22244e+08,0,2.63489e+07,-863453,863453,1.26828e+07
0,0,0,4.22244e+08,0,2.63534e+07,-863453,863453,1.26828e+07
0,0,0,4.22244e+08,0,2.63578e+07,-863453,863453,1.26828e+07
0,0,0,4.22244e+08,0,2.63578e+07,-863453,863453,1.26828e+07
0,0,0,4.22244e+08,4.28071e+07,2.71597e+07,-863453,863453,1.26828e+07
0,0,0,4.22244e+08,0,2.71641e+07,-863453,863453,1.26828e+07
0,0,0,4.22244e+08,0,2.71685e+07,-863453,863453,1.26828e+07
0,0,0,4.22244e+08,0,2.71729e+07,-863453,863453,1.26828e+07
0,0,0,4.22244e+08,0,2.99801e+07,-863453,863453,1.26828e+07
0,0,0,4.22244e+08,0,2.9985e+07,-863453,863453,1.26828e+07
0,0,0,4.22244e+08,0,2.99899e+07,-863453,863453,1.26828e+07
0,0,0,4.22244e+08,0,2.99947e+07,-863453,863453,1.26828e+07
0,0,0,4.22244e+08,0,2.61393e+07,-863453,863453,1.26828e+07
0,0,0,4.22244e+08,0,2.61435e+07,-863453,863453,1.26828e+07
0,0,0,4.22244e+08,0,2.61478e+07,-863453,863453,1.26828e+07
0,0,0,4.22244e+08,0,2.6152e+07,-863453,863453,1.26828e+07
0,0,0,4.22244e+08,0,2.61562e+07,-863453,863453,1.26828e+07
0,0,0,4.22244e+08,0,2.71172e+07,-863453,863453,1.26828e+07
0,0,0,4.22244e+08,0,2.71216e+07,-863453,863453,1.26828e+07
0,0,0,4.22244e+08,0,2.7126e+07,-863453,863453,1.26828e+07
0,0,0,4.22244e+08,0,2.71304e+07,-863453,863453,1.26828e+07
0,0,0,4.22244e+08,0,2.67619e+07,-863453,863453,1.26828e+07
0,0,0,4.22244e+08,0,2.67662e+07,-863453,863453,1.26828e+07
0,0,0,4.22244e+08,0,2.67705e+07,-863453,863453,1.26828e+07
0,0,0,4.22244e+08,0,2.67749e+07,-863453,863453,1.26828e+07
0,0,0,4.22244e+08,0,2.80781e+07,-863453,863453,1.26828e+07
0,0,0,4.22244e+08,0,2.80827e+07,-863453,863453,1.26828e+07
0,0,0,4.22244e+08,0,2.80872e+07,-863453,863453,1.26828e+07
0,0,0,4.22244e+08,0,2.80918e+07,-863453,863453,1.26828e+07
0,0,0,4.22244e+08,0,2.80963e+07,-863453,863453,1.26828e+07
0,0,0,4.22244e+08,0,2.8407e+07,-863453,863453,1.26828e+07
0,0,0,4.22244e+08,0,2.84116e+07,-863453,863453,1.26828e+07
0,0,0,4.22244e+08,0,2.84162e+07,-863453,863453,1.26828e+07
0,0,0,4.22244e+08,0,2.84209e+07,-863453,863453,1.26828e+07
0,0,0,4.22244e+08,0,2.90741e+07,-863453,863453,1.26828e+07
0,0,0,4.22244e+08,0,2.90788e+07,-863453,863453,1.26828e+07
0,0,0,4.22244e+08,0,2.90836e+07,-863453,863453,1.26828e+07
0,0,0,4.22244e+08,0,2.90883e+07,-863453,863453,1.26828e+07
0,0,0,4.22244e+08,0,3.12455e+07,-863453,863453,1.26828e+07
0,0,0,4.22244e+08,0,3.12506e+07,-863453,863453,1.26828e+07
0,0,0,4.22244e+08,0,3.12557e+07,-863453,863453,1.26828e+07
0,0,0,4.22244e+08,0,3.12608e+07,-863453,863453,1.26828e+07
0,0,0,4.22244e+08,0,3.12659e+07,-863453,863453,1.26828e+07
0,0,0,4.22244e+08,0,3.00614e+07,-863453,863453,1.26828e+07
0,0,0,4.22244e+08,0,3.00663e+07,-863453,863453,1.26828e+07
0,0,0,4.22244e+08,0,3.00712e+07,-863453,863453,1.26828e+07
0,0,0,4.22244e+08,0,3.00761e+07,-863453,863453,1.26828e+07
0,0,0,4.22244e+08,0,2.90148e+07,-863453,863453,1.26828e+07
0,0,0,4.22244e+08,0,2.90196e+07,-863453,863453,1.26828e+07
0,0,0,4.22244e+08,0,2.90243e+07,-863453,863453,1.26828e+07
0,0,0,4.22244e+08,0,2.9029e+07,-863453,863453,1.26828e+07
0,0,0,4.22244e+08,0,2.65633e+07,-863453,863453,1.26828e+07
0,0,0,4.22244e+08,0,2.65676e+07,-863453,863453,1.26828e+07
0,0,0,4.22244e+08,0,2.65719e+07,-863453,863453,1.26828e+07
0,0,0,4.22244e+08,0,2.65762e+07,-863453,863453,1.26828e+07
0,0,0,4.22244e+08,0,2.65805e+07,-863453,863453,1.26828e+07
0,0,0,4.22244e+08,4.28071e+07,2.73893e+07,-863453,863453,1.26828e+07
0,0,0,4.22244e+08,0.000499492,2.73936e+07,-863453,863453,1.26828e+07
0,0,0,4.22244e+08,0,2.73978e+07,-863453,863453,1.26828e+07
0,0,0,4.22244e+08,0,2.74021e+07,-863453,863453,1.26828e+07
0,0,0,4.22244e+08,0,3.0234e+07,-863453,863453,1.26828e+07
0,0,0,4.22244e+08,0,3.02387e+07,-863453,863453,1.26828e+07
0,0,0,4.22244e+08,0,3.02434e+07,-863453,863453,1.26828e+07
0,0,0,4.22244e+08,0,3.02481e+07,-863453,863453,1.26828e+07
0,0,0,4.22244e+08,0,2.63584e+07,-863453,863453,1.26828e+07
0,0,0,4.22244e+08,0,2.63625e+07,-863453,863453,1.26828e+07
0,0,0,4.22244e+08,0,2.63666e+07,-863453,863453,1.26828e+07
0,0,0,4.22244e+08,0,2.63707e+07,-863453,863453,1.26828e+07
0,0,0,4.22244e+08,0,2.63747e+07,-863453,863453,1.26828e+07
0,0,0,4.22244e+08,0,2.7344e+07,-863453,863453,1.26828e+07
0,0,0,4.22244e+08,0,2.73482e+07,-863453,863453,1.26828e+07
0,0,0,4.22244e+08,0,2.73524e+07,-863453,863453,1.26828e+07
0,0,0,4.22244e+08,0,2.73567e+07,-863453,863453,1.26828e+07
0,0,0,4.22244e+08,0,2.69848e+07,-863453,863453,1.26828e+07
0,0,0,4.22244e+08,0,2.69889e+07,-863453,863453,1.26828e+07
0,0,0,4.22244e+08,0,2.69931e+07,-863453,863453,1.26828e+07
0,0,0,4.22244e+08,0,2.69973e+07,-863453,863453,1.26828e+07
0,0,0,4.22244e+08,0,2.83117e+07,-863453,863453,1.26828e+07
0,0,0,4.22244e+08,0,2.83161e+07,-863453,863453,1.26828e+07
0,0,0,4.22244e+08,0,2.83205e+07,-863453,863453,1.26828e+07
0,0,0,4.22244e+08,0,2.83249e+07,-863453,863453,1.26828e+07
0,0,0,4.22244e+08,0,2.83293e+07,-863453,863453,1.26828e+07
0,0,0,4.22244e+08,0,2.86425e+07,-863453,863453,1.26828e+07
0,0,0,4.22244e+08,0,2.8647e+07,-863453,863453,1.26828e+07
0,0,0,4.22244e+08,0,2.86514e+07,-863453,863453,1.26828e+07
0,0,0,4.22244e+08,0,2.86559e+07,-863453,863453,1.26828e+07
0,0,0,4.22244e+08,0,2.93146e+07,-863453,863453,1.26828e+07
0,0,0,4.22244e+08,0,2.93191e+07,-863453,863453,1.26828e+07
0,0,0,4.22244e+08,0,2.93237e+07,-863453,863453,1.26828e+07
0,0,0,4.22244e+08,0,2.93283e+07,-863453,863453,1.26828e+07
0,0,0,4.22244e+08,0,3.15039e+07,-863453,863453,1.26828e+07
0,0,0,4.22244e+08,0,3.15089e+07,-863453,863453,1.26828e+07
0,0,0,4.22244e+08,0,3.15138e+07,-863453,863453,1.26828e+07
0,0,0,4.22244e+08,0,3.15187e+07,-863453,863453,1.26828e+07
0,0,0,4.22244e+08,0,3.15236e+07,-863453,863453,1.26828e+07
0,0,0,4.22244e+08,0,3.03085e+07,-863453,863453,1.26828e+07
0,0,0,4.22244e+08,0,3.03132e+07,-863453,863453,1.26828e+07
0,0,0,4.22244e+08,0,3.03179e+07,-863453,863453,1.26828e+07
0,0,0,4.22244e+08,0,3.03227e+07,-863453,863453,1.26828e+07
0,0,0,4.22244e+08,0,2.92521e+07,-863453,863453,1.26828e+07
0,0,0,4.22244e+08,0,2.92567e+07,-863453,863453,1.26828e+07
0,0,0,4.22244e+08,0,2.92612e+07,-863453,863453,1.26828e+07
0,0,0,4.22244e+08,0,2.92658e+07,-863453,863453,1.26828e+07
0,0,0,4.22244e+08,0,2.67788e+07,-863453,863453,1.26828e+07
0,0,0,4.22244e+08,0,2.6783e+07,-863453,863453,1.26828e+07
0,0,0,4.22244e+08,0,2.67871e+07,-863453,863453,1.26828e+07
0,0,0,4.22244e+08,0,2.67913e+07,-863453,863453,1.26828e+07
0,0,0,4.22244e+08,0,2.67954e+07,-863453,863453,1.26828e+07
0,0,0,4.22244e+08,4.28071e+07,2.7611e+07,-863453,863453,1.26828e+07
0,0,0,4.22244e+08,0,2.76151e+07,-863453,863453,1.26828e+07
0,0,0,4.22244e+08,0,2.76192e+07,-863453,863453,1.26828e+07
0,0,0,4.22244e+08,0,2.76232e+07,-863453,863453,1.26828e+07
0,0,0,4.22244e+08,0,3.04789e+07,-863453,863453,1.26828e+07
0,0,0,4.22244e+08,0,3.04835e+07,-863453,863453,1.26828e+07
0,0,0,4.22244e+08,0,3.0488e+07,-863453,863453,1.26828e+07
0,0,0,4.22244e+08,0,3.04926e+07,-863453,863453,1.26828e+07
0,0,0,4.22244e+08,0,2.65698e+07,-863453,863453,1.26828e+07
0,0,0,4.22244e+08,0,2.65737e+07,-863453,863453,1.26828e+07
0,0,0,4.22244e+08,0,2.65776e+07,-863453,863453,1.26828e+07
0,0,0,4.22244e+08,0,2.65816e+07,-863453,863453,1.26828e+07
0,0,0,4.22244e+08,0,2.65855e+07,-863453,863453,1.26828e+07
0,0,0,4.22244e+08,0,2.75627e+07,-863453,863453,1.26828e+07
0,0,0,4.22244e+08,0,2.75668e+07,-863453,863453,1.26828e+07
0,0,0,4.22244e+08,0,2.75709e+07,-863453,863453,1.26828e+07
0,0,0,4.22244e+08,0,2.7575e+07,-863453,863453,1.26828e+07
0,0,0,4.22244e+08,0,2.71997e+07,-863453,863453,1.26828e+07
0,0,0,4.22244e+08,0,2.72037e+07,-863453,863453,1.26828e+07
0,0,0,4.22244e+08,0,2.72078e+07,-863453,863453,1.26828e+07
0,0,0,4.22244e+08,0,2.72118e+07,-863453,863453,1.26828e+07
0,0,0,4.22244e+08,0,2.8537e+07,-863453,863453,1.26828e+07
0,0,0,4.22244e+08,0,2.85413e+07,-863453,863453,1.26828e+07
0,0,0,4.22244e+08,0,2.85455e+07,-863453,863453,1.26828e+07
0,0,0,4.22244e+08,0,2.85497e+07,-863453,863453,1.26828e+07
0,0,0,4.22244e+08,0,2.8554e+07,-863453,863453,1.26828e+07
0,0,0,4.22244e+08,0,2.88696e+07,-863453,863453,1.26828e+07
0,0,0,4.22244e+08,0,2.88738e+07,-863453,863453,1.26828e+07
0,0,0,4.22244e+08,0,2.88781e+07,-863453,863453,1.26828e+07
0,0,0,4.22244e+08,0,2.88824e+07,-863453,863453,1.26828e+07
0,0,0,4.22244e+08,0,2.95464e+07,-863453,863453,1.26828e+07
0,0,0,4.22244e+08,0,2.95508e+07,-863453,863453,1.26828e+07
0,0,0,4.22244e+08,0,2.95552e+07,-863453,863453,1.26828e+07
0,0,0,4.22244e+08,0,2.95596e+07,-863453,863453,1.26828e+07
0,0,0,4.22244e+08,0,3.1753e+07,-863453,863453,1.26828e+07
0,0,0,4.22244e+08,0,3.17577e+07,-863453,863453,1.26828e+07
0,0,0,4.22244e+08,0,3.17625e+07,-863453,863453,1.26828e+07
0,0,0,4.22244e+08,0,3.17672e+07,-863453,863453,1.26828e+07
0,0,0,4.22244e+08,0,3.1772e+07,-863453,863453,1.26828e+07
0,0,0,4.22244e+08,0,3.05466e+07,-863453,863453,1.26828e+07
0,0,0,4.22244e+08,0,3.05512e+07,-863453,863453,1.26828e+07
0,0,0,4.22244e+08,0,3.05557e+07,-863453,863453,1.26828e+07
0,0,0,4.22244e+08,0,3.05603e+07,-863453,863453,1.26828e+07
0,0,0,4.22244e+08,0,2.94807e+07,-863453,863453,1.26828e+07
0,0,0,4.22244e+08,0,2.94851e+07,-863453,863453,1.26828e+07
0,0,0,4.22244e+08,0,2.94895e+07,-863453,863453,1.26828e+07
0,0,0,4.22244e+08,0,2.94939e+07,-863453,863453,1.26828e+07
0,0,0,4.22244e+08,0,2.69864e+07,-863453,863453,1.26828e+07
0,0,0,4.22244e+08,0,2.69904e+07,-863453,863453,1.26828e+07
0,0,0,4.22244e+08,0,2.69944e+07,-863453,863453,1.26828e+07
0,0,0,4.22244e+08,0,2.69984e+07,-863453,863453,1.26828e+07
0,0,0,4.22244e+08,0,2.70024e+07,-863453,863453,1.26828e+07
0,0,0,4.22244e+08,4.28071e+07,2.78244e+07,-863453,863453,1.26828e+07
0,0,0,4.22244e+08,0,2.78283e+07,-863453,863453,1.26828e+07
0,0,0,4.22244e+08,0,2.78322e+07,-863453,863453,1.26828e+07
0,0,0,4.22244e+08,0,2.78362e+07,-863453,863453,1.26828e+07
0,0,0,4.22244e+08,0,3.07148e+07,-863453,863453,1.26828e+07
0,0,0,4.22244e+08,0,3.07191e+07,-863453,863453,1.26828e+07
0,0,0,4.22244e+08,0,3.07235e+07,-863453,863453,1.26828e+07
0,0,0,4.22244e+08,0,3.07279e+07,-863453,863453,1.26828e+07
0,0,0,4.22244e+08,0,2.67732e+07,-863453,863453,1.26828e+07
0,0,0,4.22244e+08,0,2.6777e+07,-863453,863453,1.26828e+07
0,0,0,4.22244e+08,0,2.67808e+07,-863453,863453,1.26828e+07
0,0,0,4.22244e+08,0,2.67846e+07,-863453,863453,1.26828e+07
0,0,0,4.22244e+08,0,2.67883e+07,-863453,863453,1.26828e+07
0,0,0,4.22244e+08,0,2.77732e+07,-863453,863453,1.26828e+07
0,0,0,4.22244e+08,0,2.77771e+07,-863453,863453,1.26828e+07
0,0,0,4.22244e+08,0,2.7781e+07,-863453,863453,1.26828e+07
0,0,0,4.22244e+08,0,2.77849e+07,-863453,863453,1.26828e+07
0,0,0,4.22244e+08,0,2.74065e+07,-863453,863453,1.26828e+07
0,0,0,4.22244e+08,0,2.74104e+07,-863453,863453,1.26828e+07
0,0,0,4.22244e+08,0,2.74142e+07,-863453,863453,1.26828e+07
0,0,0,4.22244e+08,0,2.74181e+07,-863453,863453,1.26828e+07
0,0,0,4.22244e+08,0,2.87537e+07,-863453,863453,1.26828e+07
0,0,0,4.22244e+08,0,2.87578e+07,-863453,863453,1.26828e+07
0,0,0,4.22244e+08,0,2.87618e+07,-863453,863453,1.26828e+07
0,0,0,4.22244e+08,0,2.87659e+07,-863453,863453,1.26828e+07
0,0,0,4.22244e+08,0,2.877e+07,-863453,863453,1.26828e+07
0,0,0,4.22244e+08,0,2.90879e+07,-863453,863453,1.26828e+07
0,0,0,4.22244e+08,0,2.9092e+07,-863453,863453,1.26828e+07
0,0,0,4.22244e+08,0,2.90961e+07,-863453,863453,1.26828e+07
0,0,0,4.22244e+08,0,2.91002e+07,-863453,863453,1.26828e+07
0,0,0,4.22244e+08,0,2.97692e+07,-863453,863453,1.26828e+07
0,0,0,4.22244e+08,0,2.97734e+07,-863453,863453,1.26828e+07
0,0,0,4.22244e+08,0,2.97776e+07,-863453,863453,1.26828e+07
0,0,0,4.22244e+08,0,2.97819e+07,-863453,863453,1.26828e+07
0,0,0,4.22244e+08,0,3.19923e+07,-863453,863453,1.26828e+07
0,0,0,4.22244e+08,0,3.19969e+07,-863453,863453,1.26828e+07
0,0,0,4.22244e+08,0,3.20014e+07,-863453,863453,1.26828e+07
0,0,0,4.22244e+08,0,3.2006e+07,-863453,863453,1.26828e+07
0,0,0,4.22244e+08,0,3.20105e+07,-863453,863453,1.26828e+07
0,0,0,4.22244e+08,0,3.07754e+07,-863453,863453,1.26828e+07
0,0,0,4.22244e+08,0,3.07797e+07,-863453,863453,1.26828e+07
0,0,0,4.22244e+08,0,3.07841e+07,-863453,863453,1.26828e+07
0,0,0,4.22244e+08,0,3.07885e+07,-863453,863453,1.26828e+07
0,0,0,4.22244e+08,0,2.97003e+07,-863453,863453,1.26828e+07
0,0,0,4.22244e+08,0,2.97045e+07,-863453,863453,1.26828e+07
0,0,0,4.22244e+08,0,2.97087e+07,-863453,863453,1.26828e+07
0,0,0,4.22244e+08,0,2.97129e+07,-863453,863453,1.26828e+07
0,0,0,4.22244e+08,0,2.71858e+07,-863453,863453,1.26828e+07
0,0,0,4.22244e+08,0,2.71896e+07,-863453,863453,1.26828e+07
0,0,0,4.22244e+08,0,2.71934e+07,-863453,863453,1.26828e+07
0,0,0,4.22244e+08,0,2.71973e+07,-863453,863453,1.26828e+07
0,0,0,4.22244e+08,0,2.72011e+07,-863453,863453,1.26828e+07
0,0,0,4.22244e+08,4.28071e+07,2.80292e+07,-863453,863453,1.26828e+07
0,0,0,4.22244e+08,0,2.8033e+07,-863453,863453,1.26828e+07
0,0,0,4.22244e+08,0,2.80368e+07,-863453,863453,1.26828e+07
0,0,0,4.22244e+08,0,2.80405e+07,-863453,863453,1.26828e+07
0,0,0,4.22244e+08,0,3.09411e+07,-863453,863453,1.26828e+07
0,0,0,4.22244e+08,0,3.09453e+07,-863453,863453,1.26828e+07
0,0,0,4.22244e+08,0,3.09495e+07,-863453,863453,1.26828e+07
0,0,0,4.22244e+08,0,3.09536e+07,-863453,863453,1.26828e+07
0,0,0,4.22244e+08,0,2.69684e+07,-863453,863453,1.26828e+07
0,0,0,4.22244e+08,0,2.6972e+07,-863453,863453,1.26828e+07
0,0,0,4.22244e+08,0,2.69756e+07,-863453,863453,1.26828e+07
0,0,0,4.22244e+08,0,2.69792e+07,-863453,863453,1.26828e+07
0,0,0,4.22244e+08,0,2.69829e+07,-863453,863453,1.26828e+07
0,0,0,4.22244e+08,0,2.7975e+07,-863453,863453,1.26828e+07
0,0,0,4.22244e+08,0,2.79788e+07,-863453,863453,1.26828e+07
0,0,0,4.22244e+08,0,2.79825e+07,-863453,863453,1.26828e+07
0,0,0,4.22244e+08,0,2.79863e+07,-863453,863453,1.26828e+07
0,0,0,4.22244e+08,0,2.76048e+07,-863453,863453,1.26828e+07
0,0,0,4.22244e+08,0,2.76085e+07,-863453,863453,1.26828e+07
0,0,0,4.22244e+08,0,2.76122e+07,-863453,863453,1.26828e+07
0,0,0,4.22244e+08,0,2.76159e+07,-863453,863453,1.26828e+07
0,0,0,4.22244e+08,0,2.89614e+07,-863453,863453,1.26828e+07
0,0,0,4.22244e+08,0,2.89653e+07,-863453,863453,1.26828e+07
0,0,0,4.22244e+08,0,2.89692e+07,-863453,863453,1.26828e+07
0,0,0,4.22244e+08,0,2.89731e+07,-863453,863453,1.26828e+07
0,0,0,4.22244e+08,0,2.8977e+07,-863453,863453,1.26828e+07
0,0,0,4.22244e+08,0,2.9297e+07,-863453,863453,1.26828e+07
0,0,0,4.22244e+08,0,2.9301e+07,-863453,863453,1.26828e+07
0,0,0,4.22244e+08,0,2.93049e+07,-863453,863453,1.26828e+07
0,0,0,4.22244e+08,0,2.93088e+07,-863453,863453,1.26828e+07
0,0,0,4.22244e+08,0,2.99827e+07,-863453,863453,1.26828e+07
0,0,0,4.22244e+08,0,2.99867e+07,-863453,863453,1.26828e+07
0,0,0,4.22244e+08,0,2.99907e+07,-863453,863453,1.26828e+07
0,0,0,4.22244e+08,0,2.99948e+07,-863453,863453,1.26828e+07
0,0,0,4.22244e+08,0,3.22216e+07,-863453,863453,1.26828e+07
0,0,0,4.22244e+08,0,3.22259e+07,-863453,863453,1.26828e+07
0,0,0,4.22244e+08,0,3.22303e+07,-863453,863453,1.26828e+07
0,0,0,4.22244e+08,0,3.22346e+07,-863453,863453,1.26828e+07
0,0,0,4.22244e+08,0,3.2239e+07,-863453,863453,1.26828e+07
0,0,0,4.22244e+08,0,3.09944e+07,-863453,863453,1.26828e+07
0,0,0,4.22244e+08,0,3.09985e+07,-863453,863453,1.26828e+07
0,0,0,4.22244e+08,0,3.10027e+07,-863453,863453,1.26828e+07
0,0,0,4.22244e+08,0,3.10069e+07,-863453,863453,1.26828e+07
0,0,0,4.22244e+08,0,2.99105e+07,-863453,863453,1.26828e+07
0,0,0,4.22244e+08,0,2.99145e+07,-863453,863453,1.26828e+07
0,0,0,4.22244e+08,0,2.99185e+07,-863453,863453,1.26828e+07
0,0,0,4.22244e+08,0,2.99225e+07,-863453,863453,1.26828e+07
0,0,0,4.22244e+08,0,2.73765e+07,-863453,863453,1.26828e+07
0,0,0,4.22244e+08,0,2.73802e+07,-863453,863453,1.26828e+07
0,0,0,4.22244e+08,0,2.73838e+07,-863453,863453,1.26828e+07
0,0,0,4.22244e+08,0,2.73875e+07,-863453,863453,1.26828e+07
0,0,0,4.22244e+08,0,2.73912e+07,-863453,863453,1.26828e+07
0,0,0,4.22244e+08,0,2.82252e+07,-863453,863453,1.26828e+07
0,0,0,4.22244e+08,4.28071e+07,2.82288e+07,-863453,863453,1.26828e+07
0,0,0,4.22244e+08,0,2.82324e+07,-863453,863453,1.26828e+07
0,0,0,4.22244e+08,0,2.82359e+07,-863453,863453,1.26828e+07
0,0,0,4.22244e+08,0,3.11575e+07,-863453,863453,1.26828e+07
0,0,0,4.22244e+08,0,3.11615e+07,-863453,863453,1.26828e+07
0,0,0,4.22244e+08,0,3.11655e+07,-863453,863453,1.26828e+07
0,0,0,4.22244e+08,0,3.11695e+07,-863453,863453,1.26828e+07
0,0,0,4.22244e+08,0,2.7155e+07,-863453,863453,1.26828e+07
0,0,0,4.22244e+08,0,2.71585e+07,-863453,863453,1.26828e+07
0,0,0,4.22244e+08,0,2.71619e+07,-863453,863453,1.26828e+07
0,0,0,4.22244e+08,0,2.71654e+07,-863453,863453,1.26828e+07
0,0,0,4.22244e+08,0,2.71688e+07,-863453,863453,1.26828e+07
0,0,0,4.22244e+08,0,2.8168e+07,-863453,863453,1.26828e+07
0,0,0,4.22244e+08,0,2.81716e+07,-863453,863453,1.26828e+07
0,0,0,4.22244e+08,0,2.81751e+07,-863453,863453,1.26828e+07
0,0,0,4.22244e+08,0,2.81787e+07,-863453,863453,1.26828e+07
0,0,0,4.22244e+08,0,2.77942e+07,-863453,863453,1.26828e+07
0,0,0,4.22244e+08,0,2.77978e+07,-863453,863453,1.26828e+07
0,0,0,4.22244e+08,0,2.78013e+07,-863453,863453,1.26828e+07
0,0,0,4.22244e+08,0,2.78048e+07,-863453,863453,1.26828e+07
0,0,0,4.22244e+08,0,2.91598e+07,-863453,863453,1.26828e+07
0,0,0,4.22244e+08,0,2.91635e+07,-863453,863453,1.26828e+07
0,0,0,4.22244e+08,0,2.91672e+07,-863453,863453,1.26828e+07
0,0,0,4.22244e+08,0,2.9171e+07,-863453,863453,1.26828e+07
0,0,0,4.22244e+08,0,2.91747e+07,-863453,863453,1.26828e+07
0,0,0,4.22244e+08,0,2.94968e+07,-863453,863453,1.26828e+07
0,0,0,4.22244e+08,0,2.95006e+07,-863453,863453,1.26828e+07
0,0,0,4.22244e+08,0,2.95043e+07,-863453,863453,1.26828e+07
0,0,0,4.22244e+08,0,2.95081e+07,-863453,863453,1.26828e+07
0,0,0,4.22244e+08,0,3.01865e+07,-863453,863453,1.26828e+07
0,0,0,4.22244e+08,0,3.01903e+07,-863453,863453,1.26828e+07
0,0,0,4.22244e+08,0,3.01942e+07,-863453,863453,1.26828e+07
0,0,0,4.22244e+08,0,3.0198e+07,-863453,863453,1.26828e+07
0,0,0,4.22244e+08,0,3.24404e+07,-863453,863453,1.26828e+07
0,0,0,4.22244e+08,0,3.24446e+07,-863453,863453,1.26828e+07
0,0,0,4.22244e+08,0,3.24487e+07,-863453,863453,1.26828e+07
0,0,0,4.22244e+08,0,3.24529e+07,-863453,863453,1.26828e+07
0,0,0,4.22244e+08,0,3.2457e+07,-863453,863453,1.26828e+07
0,0,0,4.22244e+08,0,3.12034e+07,-863453,863453,1.26828e+07
0,0,0,4.22244e+08,0,3.12074e+07,-863453,863453,1.26828e+07
0,0,0,4.22244e+08,0,3.12114e+07,-863453,863453,1.26828e+07
0,0,0,4.22244e+08,0,3.12154e+07,-863453,863453,1.26828e+07
0,0,0,4.22244e+08,0,3.0111e+07,-863453,863453,1.26828e+07
0,0,0,4.22244e+08,0,3.01148e+07,-863453,863453,1.26828e+07
0,0,0,4.22244e+08,0,3.01187e+07,-863453,863453,1.26828e+07
0,0,0,4.22244e+08,0,3.01225e+07,-863453,863453,1.26828e+07
0,0,0,4.22244e+08,0,2.75585e+07,-863453,863453,1.26828e+07
0,0,0,4.22244e+08,0,2.7562e+07,-863453,863453,1.26828e+07
0,0,0,4.22244e+08,0,2.75655e+07,-863453,863453,1.26828e+07
0,0,0,4.22244e+08,0,2.7569e+07,-863453,863453,1.26828e+07
0,0,0,4.22244e+08,0,2.75725e+07,-863453,863453,1.26828e+07
0,0,0,4.22244e+08,0,2.75725e+07,-863453,863453,1.26828e+07
0,0,0,4.22244e+08,4.28071e+07,2.84121e+07,-863453,863453,1.26828e+07
0,0,0,4.22244e+08,0,2.84155e+07,-863453,863453,1.26828e+07
0,0,0,4.22244e+08,0,2.84189e+07,-863453,863453,1.26828e+07
0,0,0,4.22244e+08,0,2.84223e+07,-863453,863453,1.26828e+07
0,0,0,4.22244e+08,0,3.1364e+07,-863453,863453,1.26828e+07
0,0,0,4.22244e+08,0,3.13677e+07,-863453,863453,1.26828e+07
0,0,0,4.22244e+08,0,3.13715e+07,-863453,863453,1.26828e+07
0,0,0,4.22244e+08,0,3.13753e+07,-863453,863453,1.26828e+07
0,0,0,4.22244e+08,0,2.7333e+07,-863453,863453,1.26828e+07
0,0,0,4.22244e+08,0,2.73362e+07,-863453,863453,1.26828e+07
0,0,0,4.22244e+08,0,2.73395e+07,-863453,863453,1.26828e+07
0,0,0,4.22244e+08,0,2.73428e+07,-863453,863453,1.26828e+07
0,0,0,4.22244e+08,0,2.73461e+07,-863453,863453,1.26828e+07
0,0,0,4.22244e+08,0,2.83519e+07,-863453,863453,1.26828e+07
0,0,0,4.22244e+08,0,2.83553e+07,-863453,863453,1.26828e+07
0,0,0,4.22244e+08,0,2.83587e+07,-863453,863453,1.26828e+07
0,0,0,4.22244e+08,0,2.83621e+07,-863453,863453,1.26828e+07
0,0,0,4.22244e+08,0,2.79748e+07,-863453,863453,1.26828e+07
0,0,0,4.22244e+08,0,2.79782e+07,-863453,863453,1.26828e+07
0,0,0,4.22244e+08,0,2.79815e+07,-863453,863453,1.26828e+07
0,0,0,4.22244e+08,0,2.79849e+07,-863453,863453,1.26828e+07
0,0,0,4.22244e+08,0,2.93489e+07,-863453,863453,1.26828e+07
0,0,0,4.22244e+08,0,2.93524e+07,-863453,863453,1.26828e+07
0,0,0,4.22244e+08,0,2.9356e+07,-863453,863453,1.26828e+07
0,0,0,4.22244e+08,0,2.93595e+07,-863453,863453,1.26828e+07
0,0,0,4.22244e+08,0,2.9363e+07,-863453,863453,1.26828e+07
0,0,0,4.22244e+08,0,2.96872e+07,-863453,863453,1.26828e+07
0,0,0,4.22244e+08,0,2.96907e+07,-863453,863453,1.26828e+07
0,0,0,4.22244e+08,0,2.96943e+07,-863453,863453,1.26828e+07
0,0,0,4.22244e+08,0,2.96979e+07,-863453,863453,1.26828e+07
0,0,0,4.22244e+08,0,3.03806e+07,-863453,863453,1.26828e+07
0,0,0,4.22244e+08,0,3.03843e+07,-863453,863453,1.26828e+07
0,0,0,4.22244e+08,0,3.0388e+07,-863453,863453,1.26828e+07
0,0,0,4.22244e+08,0,3.03916e+07,-863453,863453,1.26828e+07
0,0,0,4.22244e+08,0,3.26488e+07,-863453,863453,1.26828e+07
0,0,0,4.22244e+08,0,3.26528e+07,-863453,863453,1.26828e+07
0,0,0,4.22244e+08,0,3.26567e+07,-863453,863453,1.26828e+07
0,0,0,4.22244e+08,0,3.26607e+07,-863453,863453,1.26828e+07
0,0,0,4.22244e+08,0,3.26646e+07,-863453,863453,1.26828e+07
0,0,0,4.22244e+08,0,3.14024e+07,-863453,863453,1.26828e+07
0,0,0,4.22244e+08,0,3.14062e+07,-863453,863453,1.26828e+07
0,0,0,4.22244e+08,0,3.141e+07,-863453,863453,1.26828e+07
0,0,0,4.22244e+08,0,3.14138e+07,-863453,863453,1.26828e+07
0,0,0,4.22244e+08,0,3.03019e+07,-863453,863453,1.26828e+07
0,0,0,4.22244e+08,0,3.03055e+07,-863453,863453,1.26828e+07
0,0,0,4.22244e+08,0,3.03092e+07,-863453,863453,1.26828e+07
0,0,0,4.22244e+08,0,3.03128e+07,-863453,863453,1.26828e+07
0,0,0,4.22244e+08,0,2.77316e+07,-863453,863453,1.26828e+07
0,0,0,4.22244e+08,0,2.7735e+07,-863453,863453,1.26828e+07
0,0,0,4.22244e+08,0,2.77383e+07,-863453,863453,1.26828e+07
0,0,0,4.22244e+08,0,2.77416e+07,-863453,863453,1.26828e+07
0,0,0,4.22244e+08,0,2.77449e+07,-863453,863453,1.26828e+07
0,0,0,4.22244e+08,4.28071e+07,2.85899e+07,-863453,863453,1.26828e+07
0,0,0,4.22244e+08,0,2.85931e+07,-863453,863453,1.26828e+07
0,0,0,4.22244e+08,0,2.85964e+07,-863453,863453,1.26828e+07
0,0,0,4.22244e+08,0,2.85996e+07,-863453,863453,1.26828e+07
0,0,0,4.22244e+08,0,3.15603e+07,-863453,863453,1.26828e+07
0,0,0,4.22244e+08,0,3.15639e+07,-863453,863453,1.26828e+07
0,0,0,4.22244e+08,0,3.15674e+07,-863453,863453,1.26828e+07
0,0,0,4.22244e+08,0,3.1571e+07,-863453,863453,1.26828e+07
0,0,0,4.22244e+08,0,2.75022e+07,-863453,863453,1.26828e+07
0,0,0,4.22244e+08,0,2.75053e+07,-863453,863453,1.26828e+07
0,0,0,4.22244e+08,0,2.75084e+07,-863453,863453,1.26828e+07
0,0,0,4.22244e+08,0,2.75115e+07,-863453,863453,1.26828e+07
0,0,0,4.22244e+08,0,2.47226e+07,-3.65542e+06,3.65542e+06,1.43428e+07
0,0,0,4.22244e+08,0,2.85267e+07,-863453,863453,1.26828e+07
0,0,0,4.22244e+08,0,2.853e+07,-863453,863453,1.26828e+07
0,0,0,4.22244e+08,0,2.85332e+07,-863453,863453,1.26828e+07
0,0,0,4.22244e+08,0,2.85364e+07,-863453,863453,1.26828e+07
0,0,0,4.22244e+08,0,2.52871e+07,-3.72282e+06,3.72282e+06,1.43428e+07
0,0,0,4.22244e+08,0,2.52899e+07,-3.72316e+06,3.72316e+06,1.43428e+07
0,0,0,4.22244e+08,0,2.81528e+07,-863453,863453,1.26828e+07
0,0,0,4.22244e+08,0,2.8156e+07,-863453,863453,1.26828e+07
0,0,0,4.22244e+08,0,2.95286e+07,-863453,863453,1.26828e+07
0,0,0,4.22244e+08,0,2.95319e+07,-863453,863453,1.26828e+07
0,0,0,4.22244e+08,0,2.95352e+07,-863453,863453,1.26828e+07
0,0,0,4.22244e+08,0,2.95386e+07,-863453,863453,1.26828e+07
0,0,0,4.22244e+08,0,2.95419e+07,-863453,863453,1.26828e+07
0,0,0,4.22244e+08,0,2.98679e+07,-863453,863453,1.26828e+07
0,0,0,4.22244e+08,0,2.98713e+07,-863453,863453,1.26828e+07
0,0,0,4.22244e+08,0,2.98747e+07,-863453,863453,1.26828e+07
0,0,0,4.22244e+08,0,2.98781e+07,-863453,863453,1.26828e+07
0,0,0,4.22244e+08,0,3.0565e+07,-863453,863453,1.26828e+07
0,0,0,4.22244e+08,0,3.05685e+07,-863453,863453,1.26828e+07
0,0,0,4.22244e+08,0,3.05719e+07,-863453,863453,1.26828e+07
0,0,0,4.22244e+08,0,3.05754e+07,-863453,863453,1.26828e+07
0,0,0,4.22244e+08,0,3.28466e+07,-863453,863453,1.26828e+07
0,0,0,4.22244e+08,0,3.28504e+07,-863453,863453,1.26828e+07
0,0,0,4.22244e+08,0,3.28541e+07,-863453,863453,1.26828e+07
0,0,0,4.22244e+08,0,3.28579e+07,-863453,863453,1.26828e+07
0,0,0,4.22244e+08,0,3.28616e+07,-863453,863453,1.26828e+07
0,0,0,4.22244e+08,0,3.15913e+07,-863453,863453,1.26828e+07
0,0,0,4.22244e+08,0,3.15948e+07,-863453,863453,1.26828e+07
0,0,0,4.22244e+08,0,3.15984e+07,-863453,863453,1.26828e+07
0,0,0,4.22244e+08,0,3.1602e+07,-863453,863453,1.26828e+07
0,0,0,4.22244e+08,0,3.04829e+07,-863453,863453,1.26828e+07
0,0,0,4.22244e+08,0,3.04864e+07,-863453,863453,1.26828e+07
0,0,0,4.22244e+08,0,3.04899e+07,-863453,863453,1.26828e+07
0,0,0,4.22244e+08,0,3.04933e+07,-863453,863453,1.26828e+07
0,0,0,4.22244e+08,0,2.78959e+07,-863453,863453,1.26828e+07
0,0,0,4.22244e+08,0,2.73324e+07,-1.43005e+06,1.43005e+06,1.26828e+07
0,0,0,4.22244e+08,0,2.79022e+07,-863453,863453,1.26828e+07
0,0,0,4.22244e+08,0,2.79053e+07,-863453,863453,1.26828e+07
0,0,0,4.22244e+08,0,2.79085e+07,-863453,863453,1.26828e+07
0,0,0,7.83356e+08,0,2.87585e+07,-863453,863453,1.26828e+07
0,0,0,7.83356e+08,0,2.87615e+07,-863453,863453,1.26828e+07
0,0,0,7.83356e+08,0,2.87646e+07,-863453,863453,1.26828e+07
0,0,0,7.83356e+08,0,2.87676e+07,-863453,863453,1.26828e+07
0,0,0,7.83356e+08,0,3.17463e+07,-863453,863453,1.26828e+07
0,0,0,7.83356e+08,0,3.17497e+07,-863453,863453,1.26828e+07
0,0,0,7.83356e+08,0,2.8509e+07,-4.10758e+06,4.10758e+06,1.43428e+07
0,0,0,7.83356e+08,0,2.8512e+07,-4.10795e+06,4.10795e+06,1.43428e+07
0,0,0,7.83356e+08,0,2.48547e+07,-3.67119e+06,3.67119e+06,1.43428e+07
0,0,0,7.83356e+08,0,2.48573e+07,-3.6715e+06,3.6715e+06,1.43428e+07
0,0,0,7.83356e+08,0,2.48599e+07,-3.67182e+06,3.67182e+06,1.43428e+07
0,0,0,7.83356e+08,0,2.48626e+07,-3.67213e+06,3.67213e+06,1.43428e+07
0,0,0,7.83356e+08,0,2.48652e+07,-3.67244e+06,3.67244e+06,1.43428e+07
0,0,0,7.83356e+08,0,2.57747e+07,-3.78106e+06,3.78106e+06,1.43428e+07
0,0,0,7.83356e+08,0,2.57774e+07,-3.78138e+06,3.78138e+06,1.43428e+07
0,0,0,7.83356e+08,0,2.57801e+07,-3.78171e+06,3.78171e+06,1.43428e+07
0,0,0,7.83356e+08,0,2.57829e+07,-3.78203e+06,3.78203e+06,1.43428e+07
0,0,0,7.83356e+08,0,2.54322e+07,-3.74015e+06,3.74015e+06,1.43428e+07
0,0,0,7.83356e+08,0,2.54349e+07,-3.74047e+06,3.74047e+06,1.43428e+07
0,0,0,7.83356e+08,0,2.54376e+07,-3.7408e+06,3.7408e+06,1.43428e+07
0,0,0,7.83356e+08,0,2.54402e+07,-3.74112e+06,3.74112e+06,1.43428e+07
0,0,0,7.83356e+08,0,2.90936e+07,-1.46844e+06,1.46844e+06,1.26828e+07
0,0,0,7.83356e+08,0,2.97017e+07,-863453,863453,1.26828e+07
0,0,0,7.83356e+08,0,2.97049e+07,-863453,863453,1.26828e+07
0,0,0,7.83356e+08,0,2.9708e+07,-863453,863453,1.26828e+07
0,0,0,7.83356e+08,0,2.97112e+07,-863453,863453,1.26828e+07
0,0,0,7.83356e+08,0,3.00389e+07,-863453,863453,1.26828e+07
0,0,0,7.83356e+08,0,3.00421e+07,-863453,863453,1.26828e+07
0,0,0,7.83356e+08,0,3.00453e+07,-863453,863453,1.26828e+07
0,0,0,7.83356e+08,0,3.00485e+07,-863453,863453,1.26828e+07
0,0,0,7.83356e+08,0,3.07393e+07,-863453,863453,1.26828e+07
0,0,0,7.83356e+08,0,3.07426e+07,-863453,863453,1.26828e+07
0,0,0,7.83356e+08,0,3.07458e+07,-863453,863453,1.26828e+07
0,0,0,7.83356e+08,0,3.07491e+07,-863453,863453,1.26828e+07
0,0,0,7.83356e+08,0,3.30336e+07,-863453,863453,1.26828e+07
0,0,0,7.83356e+08,0,3.30371e+07,-863453,863453,1.26828e+07
0,0,0,7.83356e+08,0,3.30407e+07,-863453,863453,1.26828e+07
0,0,0,7.83356e+08,0,3.30442e+07,-863453,863453,1.26828e+07
0,0,0,7.83356e+08,0,3.30477e+07,-863453,863453,1.26828e+07
0,0,0,7.83356e+08,0,3.17697e+07,-863453,863453,1.26828e+07
0,0,0,7.83356e+08,0,3.1773e+07,-863453,863453,1.26828e+07
0,0,0,7.83356e+08,0,3.17764e+07,-863453,863453,1.26828e+07
0,0,0,7.83356e+08,0,3.17798e+07,-863453,863453,1.26828e+07
0,0,0,7.83356e+08,0,3.0654e+07,-863453,863453,1.26828e+07
0,0,0,7.83356e+08,0,3.06572e+07,-863453,863453,1.26828e+07
0,0,0,7.83356e+08,0,3.06605e+07,-863453,863453,1.26828e+07
0,0,0,7.83356e+08,0,3.06637e+07,-863453,863453,1.26828e+07
0,0,0,7.83356e+08,0,2.80509e+07,-863453,863453,1.26828e+07
0,0,0,7.83356e+08,0,2.80539e+07,-863453,863453,1.26828e+07
0,0,0,7.83356e+08,0,2.80568e+07,-863453,863453,1.26828e+07
0,0,0,7.83356e+08,0,2.52097e+07,-3.71358e+06,3.71358e+06,1.43428e+07
0,0,0,7.83356e+08,0,2.80628e+07,-863453,863453,1.26828e+07
0,0,0,7.83356e+08,0,2.59759e+07,-3.80508e+06,3.80508e+06,1.43428e+07
0,0,0,7.83356e+08,0,2.59785e+07,-3.80539e+06,3.80539e+06,1.43428e+07
0,0,0,7.83356e+08,0,2.83348e+07,-1.4519e+06,1.4519e+06,1.26828e+07
0,0,0,7.83356e+08,0,2.89261e+07,-863453,863453,1.26828e+07
0,0,0,7.83356e+08,0,3.19218e+07,-863453,863453,1.26828e+07
0,0,0,7.83356e+08,0,3.1925e+07,-863453,863453,1.26828e+07
0,0,0,7.83356e+08,0,3.19282e+07,-863453,863453,1.26828e+07
0,0,0,7.83356e+08,0,3.19314e+07,-863453,863453,1.26828e+07
0,0,0,7.83356e+08,0,2.78136e+07,-863453,863453,1.26828e+07
0,0,0,7.83356e+08,0,2.78163e+07,-863453,863453,1.26828e+07
0,0,0,7.83356e+08,0,2.78191e+07,-863453,863453,1.26828e+07
0,0,0,7.83356e+08,0,2.78219e+07,-863453,863453,1.26828e+07
0,0,0,7.83356e+08,0,2.78246e+07,-863453,863453,1.26828e+07
0,0,0,7.83356e+08,0,2.88484e+07,-863453,863453,1.26828e+07
0,0,0,7.83356e+08,0,2.88512e+07,-863453,863453,1.26828e+07
0,0,0,7.83356e+08,0,2.88541e+07,-863453,863453,1.26828e+07
0,0,0,7.83356e+08,0,2.8857e+07,-863453,863453,1.26828e+07
0,0,0,7.83356e+08,0,2.8462e+07,-863453,863453,1.26828e+07
0,0,0,7.83356e+08,0,2.84648e+07,-863453,863453,1.26828e+07
0,0,0,7.83356e+08,0,2.84676e+07,-863453,863453,1.26828e+07
0,0,0,7.83356e+08,0,2.84704e+07,-863453,863453,1.26828e+07
0,0,0,7.83356e+08,0,2.98587e+07,-863453,863453,1.26828e+07
0,0,0,7.83356e+08,0,2.98616e+07,-863453,863453,1.26828e+07
0,0,0,7.83356e+08,0,2.98646e+07,-863453,863453,1.26828e+07
0,0,0,7.83356e+08,0,2.98676e+07,-863453,863453,1.26828e+07
0,0,0,7.83356e+08,0,2.98705e+07,-863453,863453,1.26828e+07
0,0,0,7.83356e+08,0,3.01999e+07,-863453,863453,1.26828e+07
0,0,0,7.83356e+08,0,3.02029e+07,-863453,863453,1.26828e+07
0,0,0,7.83356e+08,0,3.02059e+07,-863453,863453,1.26828e+07
0,0,0,7.83356e+08,0,3.02089e+07,-863453,863453,1.26828e+07
0,0,0,7.83356e+08,0,3.09033e+07,-863453,863453,1.26828e+07
0,0,0,7.83356e+08,0,3.09064e+07,-863453,863453,1.26828e+07
0,0,0,7.83356e+08,0,3.09095e+07,-863453,863453,1.26828e+07
0,0,0,7.83356e+08,0,3.09126e+07,-863453,863453,1.26828e+07
0,0,0,7.83356e+08,0,3.32095e+07,-863453,863453,1.26828e+07
0,0,0,7.83356e+08,0,3.32129e+07,-863453,863453,1.26828e+07
0,0,0,7.83356e+08,0,3.32162e+07,-863453,863453,1.26828e+07
0,0,0,7.83356e+08,0,3.32195e+07,-863453,863453,1.26828e+07
0,0,0,7.83356e+08,0,3.32228e+07,-863453,863453,1.26828e+07
0,0,0,7.83356e+08,0,3.19375e+07,-863453,863453,1.26828e+07
0,0,0,7.83356e+08,0,3.19406e+07,-863453,863453,1.26828e+07
0,0,0,7.83356e+08,0,3.19438e+07,-863453,863453,1.26828e+07
0,0,0,7.83356e+08,0,3.1947e+07,-863453,863453,1.26828e+07
0,0,0,7.83356e+08,0,3.08147e+07,-863453,863453,1.26828e+07
0,0,0,7.83356e+08,0,3.08178e+07,-863453,863453,1.26828e+07
0,0,0,7.83356e+08,0,3.08209e+07,-863453,863453,1.26828e+07
0,0,0,7.83356e+08,0,3.08239e+07,-863453,863453,1.26828e+07
0,0,0,7.83356e+08,0,2.81966e+07,-863453,863453,1.26828e+07
0,0,0,7.83356e+08,0,2.81994e+07,-863453,863453,1.26828e+07
0,0,0,7.83356e+08,0,2.82022e+07,-863453,863453,1.26828e+07
0,0,0,7.83356e+08,0,2.8205e+07,-863453,863453,1.26828e+07
0,0,0,7.83356e+08,0,2.82078e+07,-863453,863453,1.26828e+07
0,0,0,7.83356e+08,0,2.9067e+07,-863453,863453,1.26828e+07
0,0,0,7.83356e+08,0,2.90697e+07,-863453,863453,1.26828e+07
0,0,0,7.83356e+08,0,2.90723e+07,-863453,863453,1.26828e+07
0,0,0,7.83356e+08,0,2.9075e+07,-863453,863453,1.26828e+07
0,0,0,7.83356e+08,0,3.20867e+07,-863453,863453,1.26828e+07
0,0,0,7.83356e+08,0,3.20897e+07,-863453,863453,1.26828e+07
0,0,0,7.83356e+08,0,3.20926e+07,-863453,863453,1.26828e+07
0,0,0,7.83356e+08,0,3.20956e+07,-863453,863453,1.26828e+07
0,0,0,7.83356e+08,0,2.79555e+07,-863453,863453,1.26828e+07
0,0,0,7.83356e+08,0,2.79581e+07,-863453,863453,1.26828e+07
0,0,0,7.83356e+08,0,2.79607e+07,-863453,863453,1.26828e+07
0,0,0,7.83356e+08,0,2.79633e+07,-863453,863453,1.26828e+07
0,0,0,7.83356e+08,0,2.79659e+07,-863453,863453,1.26828e+07
0,0,0,7.83356e+08,0,2.89949e+07,-863453,863453,1.26828e+07
0,0,0,7.83356e+08,0,2.89976e+07,-863453,863453,1.26828e+07
0,0,0,7.83356e+08,0,2.90003e+07,-863453,863453,1.26828e+07
0,0,0,7.83356e+08,0,2.90029e+07,-863453,863453,1.26828e+07
0,0,0,7.83356e+08,0,2.86057e+07,-863453,863453,1.26828e+07
0,0,0,7.83356e+08,0,2.86083e+07,-863453,863453,1.26828e+07
0,0,0,7.83356e+08,0,2.86109e+07,-863453,863453,1.26828e+07
0,0,0,7.83356e+08,0,2.86136e+07,-863453,863453,1.26828e+07
0,0,0,7.83356e+08,0,3.0009e+07,-863453,863453,1.26828e+07
0,0,0,7.83356e+08,0,3.00117e+07,-863453,863453,1.26828e+07
0,0,0,7.83356e+08,0,3.00145e+07,-863453,863453,1.26828e+07
0,0,0,7.83356e+08,0,3.00173e+07,-863453,863453,1.26828e+07
0,0,0,7.83356e+08,0,3.00201e+07,-863453,863453,1.26828e+07
0,0,0,7.83356e+08,0,3.0351e+07,-863453,863453,1.26828e+07
0,0,0,7.83356e+08,0,3.03538e+07,-863453,863453,1.26828e+07
0,0,0,7.83356e+08,0,3.03566e+07,-863453,863453,1.26828e+07
0,0,0,7.83356e+08,0,3.03594e+07,-863453,863453,1.26828e+07
0,0,0,7.83356e+08,0,3.10572e+07,-863453,863453,1.26828e+07
0,0,0,7.83356e+08,0,3.10601e+07,-863453,863453,1.26828e+07
0,0,0,7.83356e+08,0,3.1063e+07,-863453,863453,1.26828e+07
0,0,0,7.83356e+08,0,3.10659e+07,-863453,863453,1.26828e+07
0,0,0,7.83356e+08,0,3.33745e+07,-863453,863453,1.26828e+07
0,0,0,7.83356e+08,0,3.33776e+07,-863453,863453,1.26828e+07
0,0,0,7.83356e+08,0,3.33807e+07,-863453,863453,1.26828e+07
0,0,0,7.83356e+08,0,3.33839e+07,-863453,863453,1.26828e+07
0,0,0,7.83356e+08,0,3.3387e+07,-863453,863453,1.26828e+07
0,0,0,7.83356e+08,0,3.20948e+07,-863453,863453,1.26828e+07
0,0,0,7.83356e+08,0,3.20978e+07,-863453,863453,1.26828e+07
0,0,0,7.83356e+08,0,3.21007e+07,-863453,863453,1.26828e+07
0,0,0,7.83356e+08,0,3.21037e+07,-863453,863453,1.26828e+07
0,0,0,7.83356e+08,0,3.09654e+07,-863453,863453,1.26828e+07
0,0,0,7.83356e+08,0,3.09683e+07,-863453,863453,1.26828e+07
0,0,0,7.83356e+08,0,3.09712e+07,-863453,863453,1.26828e+07
0,0,0,7.83356e+08,0,3.09741e+07,-863453,863453,1.26828e+07
0,0,0,7.83356e+08,0,2.83332e+07,-863453,863453,1.26828e+07
0,0,0,7.83356e+08,0,2.83358e+07,-863453,863453,1.26828e+07
0,0,0,7.83356e+08,0,2.83384e+07,-863453,863453,1.26828e+07
0,0,0,7.83356e+08,0,2.8341e+07,-863453,863453,1.26828e+07
0,0,0,7.83356e+08,0,2.83436e+07,-863453,863453,1.26828e+07
0,0,0,7.83356e+08,0,2.9207e+07,-863453,863453,1.26828e+07
0,0,0,7.83356e+08,0,2.92095e+07,-863453,863453,1.26828e+07
0,0,0,7.83356e+08,0,2.9212e+07,-863453,863453,1.26828e+07
0,0,0,7.83356e+08,0,2.92145e+07,-863453,863453,1.26828e+07
0,0,0,7.83356e+08,0,3.22411e+07,-863453,863453,1.26828e+07
0,0,0,7.83356e+08,0,3.22439e+07,-863453,863453,1.26828e+07
0,0,0,7.83356e+08,0,3.22466e+07,-863453,863453,1.26828e+07
0,0,0,7.83356e+08,0,3.22494e+07,-863453,863453,1.26828e+07
0,0,0,7.83356e+08,0,2.80885e+07,-863453,863453,1.26828e+07
0,0,0,7.83356e+08,0,2.80909e+07,-863453,863453,1.26828e+07
0,0,0,7.83356e+08,0,2.80933e+07,-863453,863453,1.26828e+07
0,0,0,7.83356e+08,0,2.80957e+07,-863453,863453,1.26828e+07
0,0,0,7.83356e+08,0,2.80981e+07,-863453,863453,1.26828e+07
0,0,0,7.83356e+08,0,2.9132e+07,-863453,863453,1.26828e+07
0,0,0,7.83356e+08,0,2.91345e+07,-863453,863453,1.26828e+07
0,0,0,7.83356e+08,0,2.9137e+07,-863453,863453,1.26828e+07
0,0,0,7.83356e+08,0,2.91395e+07,-863453,863453,1.26828e+07
0,0,0,7.83356e+08,0,2.87401e+07,-863453,863453,1.26828e+07
0,0,0,7.83356e+08,0,2.87426e+07,-863453,863453,1.26828e+07
0,0,0,7.83356e+08,0,2.87451e+07,-863453,863453,1.26828e+07
0,0,0,7.83356e+08,0,2.87475e+07,-863453,863453,1.26828e+07
0,0,0,7.83356e+08,0,3.01495e+07,-863453,863453,1.26828e+07
0,0,0,7.83356e+08,0,3.01521e+07,-863453,863453,1.26828e+07
0,0,0,7.83356e+08,0,3.01547e+07,-863453,863453,1.26828e+07
0,0,0,7.83356e+08,0,3.01573e+07,-863453,863453,1.26828e+07
0,0,0,7.83356e+08,0,3.01599e+07,-863453,863453,1.26828e+07
0,0,0,7.83356e+08,0,3.04922e+07,-863453,863453,1.26828e+07
0,0,0,7.83356e+08,0,3.04948e+07,-863453,863453,1.26828e+07
0,0,0,7.83356e+08,0,3.04975e+07,-863453,863453,1.26828e+07
0,0,0,7.83356e+08,0,3.05001e+07,-863453,863453,1.26828e+07
0,0,0,7.83356e+08,0,3.12011e+07,-863453,863453,1.26828e+07
0,0,0,7.83356e+08,0,3.12038e+07,-863453,863453,1.26828e+07
0,0,0,7.83356e+08,0,3.12065e+07,-863453,863453,1.26828e+07
0,0,0,7.83356e+08,0,3.12092e+07,-863453,863453,1.26828e+07
0,0,0,7.83356e+08,0,3.35287e+07,-863453,863453,1.26828e+07
0,0,0,7.83356e+08,0,3.35316e+07,-863453,863453,1.26828e+07
0,0,0,7.83356e+08,0,3.35345e+07,-863453,863453,1.26828e+07
0,0,0,7.83356e+08,0,3.35374e+07,-863453,863453,1.26828e+07
0,0,0,7.83356e+08,0,3.35403e+07,-863453,863453,1.26828e+07
0,0,0,7.83356e+08,0,3.22417e+07,-863453,863453,1.26828e+07
0,0,0,7.83356e+08,0,3.22445e+07,-863453,863453,1.26828e+07
0,0,0,7.83356e+08,0,3.22473e+07,-863453,863453,1.26828e+07
0,0,0,7.83356e+08,0,3.22501e+07,-863453,863453,1.26828e+07
0,0,0,7.83356e+08,0,3.11062e+07,-863453,863453,1.26828e+07
0,0,0,7.83356e+08,0,3.11089e+07,-863453,863453,1.26828e+07
0,0,0,7.83356e+08,0,3.11116e+07,-863453,863453,1.26828e+07
0,0,0,7.83356e+08,0,3.11142e+07,-863453,863453,1.26828e+07
0,0,0,7.83356e+08,0,2.84607e+07,-863453,863453,1.26828e+07
0,0,0,7.83356e+08,0,2.84631e+07,-863453,863453,1.26828e+07
0,0,0,7.83356e+08,0,2.84656e+07,-863453,863453,1.26828e+07
0,0,0,7.83356e+08,0,2.8468e+07,-863453,863453,1.26828e+07
0,0,0,7.83356e+08,0,2.84704e+07,-863453,863453,1.26828e+07
0,0,0,7.83356e+08,0,2.84704e+07,-863453,863453,1.26828e+07
0,0,0,7.83356e+08,0,2.93376e+07,-863453,863453,1.26828e+07
0,0,0,7.83356e+08,0,2.934e+07,-863453,863453,1.26828e+07
0,0,0,7.83356e+08,0,2.93423e+07,-863453,863453,1.26828e+07
0,0,0,7.83356e+08,0,2.93446e+07,-863453,863453,1.26828e+07
0,0,0,7.83356e+08,0,3.23851e+07,-863453,863453,1.26828e+07
0,0,0,7.83356e+08,0,3.23877e+07,-863453,863453,1.26828e+07
0,0,0,7.83356e+08,0,3.23903e+07,-863453,863453,1.26828e+07
0,0,0,7.83356e+08,0,3.23929e+07,-863453,863453,1.26828e+07
0,0,0,7.83356e+08,0,2.82124e+07,-863453,863453,1.26828e+07
0,0,0,7.83356e+08,0,2.82147e+07,-863453,863453,1.26828e+07
0,0,0,7.83356e+08,0,2.82169e+07,-863453,863453,1.26828e+07
0,0,0,7.83356e+08,0,2.82191e+07,-863453,863453,1.26828e+07
0,0,0,7.83356e+08,0,2.82214e+07,-863453,863453,1.26828e+07
0,0,0,7.83356e+08,0,2.92599e+07,-863453,863453,1.26828e+07
0,0,0,7.83356e+08,0,2.92622e+07,-863453,863453,1.26828e+07
0,0,0,7.83356e+08,0,2.92645e+07,-863453,863453,1.26828e+07
0,0,0,7.83356e+08,0,2.92669e+07,-863453,863453,1.26828e+07
0,0,0,7.83356e+08,0,2.88654e+07,-863453,863453,1.26828e+07
0,0,0,7.83356e+08,0,2.88677e+07,-863453,863453,1.26828e+07
0,0,0,7.83356e+08,0,2.887e+07,-863453,863453,1.26828e+07
0,0,0,7.83356e+08,0,2.88723e+07,-863453,863453,1.26828e+07
0,0,0,7.83356e+08,0,3.02805e+07,-863453,863453,1.26828e+07
0,0,0,7.83356e+08,0,3.02829e+07,-863453,863453,1.26828e+07
0,0,0,7.83356e+08,0,3.02853e+07,-863453,863453,1.26828e+07
0,0,0,7.83356e+08,0,3.02877e+07,-863453,863453,1.26828e+07
0,0,0,7.83356e+08,0,3.02901e+07,-863453,863453,1.26828e+07
0,0,0,7.83356e+08,0,3.06237e+07,-863453,863453,1.26828e+07
0,0,0,7.83356e+08,0,3.06262e+07,-863453,863453,1.26828e+07
0,0,0,7.83356e+08,0,3.06286e+07,-863453,863453,1.26828e+07
0,0,0,7.83356e+08,0,3.06311e+07,-863453,863453,1.26828e+07
0,0,0,7.83356e+08,0,3.1335e+07,-863453,863453,1.26828e+07
0,0,0,7.83356e+08,0,3.13375e+07,-863453,863453,1.26828e+07
0,0,0,7.83356e+08,0,3.134e+07,-863453,863453,1.26828e+07
0,0,0,7.83356e+08,0,3.13425e+07,-863453,863453,1.26828e+07
0,0,0,7.83356e+08,0,3.36722e+07,-863453,863453,1.26828e+07
0,0,0,7.83356e+08,0,3.36749e+07,-863453,863453,1.26828e+07
0,0,0,7.83356e+08,0,3.36776e+07,-863453,863453,1.26828e+07
0,0,0,7.83356e+08,0,3.36803e+07,-863453,863453,1.26828e+07
0,0,0,7.83356e+08,0,3.3683e+07,-863453,863453,1.26828e+07
0,0,0,7.83356e+08,0,3.23784e+07,-863453,863453,1.26828e+07
0,0,0,7.83356e+08,0,3.2381e+07,-863453,863453,1.26828e+07
0,0,0,7.83356e+08,0,3.23836e+07,-863453,863453,1.26828e+07
0,0,0,7.83356e+08,0,3.23862e+07,-863453,863453,1.26828e+07
0,0,0,7.83356e+08,0,3.1237e+07,-863453,863453,1.26828e+07
0,0,0,7.83356e+08,0,3.12395e+07,-863453,863453,1.26828e+07
0,0,0,7.83356e+08,0,3.1242e+07,-863453,863453,1.26828e+07
0,0,0,7.83356e+08,0,3.12445e+07,-863453,863453,1.26828e+07
0,0,0,7.83356e+08,0,2.85791e+07,-863453,863453,1.26828e+07
0,0,0,7.83356e+08,0,2.85814e+07,-863453,863453,1.26828e+07
0,0,0,7.83356e+08,0,2.85837e+07,-863453,863453,1.26828e+07
0,0,0,7.83356e+08,0,2.85859e+07,-863453,863453,1.26828e+07
0,0,0,7.83356e+08,0,2.85882e+07,-863453,863453,1.26828e+07
0,0,0,8.70023e+08,3.81057e+07,2.9459e+07,-863453,863453,1.26828e+07
0,0,0,8.70023e+08,0,2.94611e+07,-863453,863453,1.26828e+07
0,0,0,8.70023e+08,0,2.94633e+07,-863453,863453,1.26828e+07
0,0,0,8.70023e+08,0,2.94654e+07,-863453,863453,1.26828e+07
0,0,0,8.70023e+08,0,3.25188e+07,-863453,863453,1.26828e+07
0,0,0,8.70023e+08,0,3.25212e+07,-863453,863453,1.26828e+07
0,0,0,8.70023e+08,0,3.25236e+07,-863453,863453,1.26828e+07
0,0,0,8.70023e+08,0,3.2526e+07,-863453,863453,1.26828e+07
0,0,0,8.70023e+08,0,2.83274e+07,-863453,863453,1.26828e+07
0,0,0,8.70023e+08,0,2.83295e+07,-863453,863453,1.26828e+07
0,0,0,8.70023e+08,0,2.83316e+07,-863453,863453,1.26828e+07
0,0,0,8.70023e+08,0,2.83336e+07,-863453,863453,1.26828e+07
0,0,0,8.70023e+08,0,2.83357e+07,-863453,863453,1.26828e+07
0,0,0,8.70023e+08,0,2.93784e+07,-863453,863453,1.26828e+07
0,0,0,8.70023e+08,0,2.93806e+07,-863453,863453,1.26828e+07
0,0,0,8.70023e+08,0,2.93827e+07,-863453,863453,1.26828e+07
0,0,0,8.70023e+08,0,2.93849e+07,-863453,863453,1.26828e+07
0,0,0,8.70023e+08,0,2.89816e+07,-863453,863453,1.26828e+07
0,0,0,8.70023e+08,0,2.89837e+07,-863453,863453,1.26828e+07
0,0,0,8.70023e+08,0,2.89858e+07,-863453,863453,1.26828e+07
0,0,0,8.70023e+08,0,2.89879e+07,-863453,863453,1.26828e+07
0,0,0,8.70023e+08,0,3.04018e+07,-863453,863453,1.26828e+07
0,0,0,8.70023e+08,0,3.04041e+07,-863453,863453,1.26828e+07
0,0,0,8.70023e+08,0,3.04063e+07,-863453,863453,1.26828e+07
0,0,0,8.70023e+08,0,3.04085e+07,-863453,863453,1.26828e+07
0,0,0,8.70023e+08,0,3.04107e+07,-863453,863453,1.26828e+07
0,0,0,8.70023e+08,0,3.07455e+07,-863453,863453,1.26828e+07
0,0,0,8.70023e+08,0,3.07478e+07,-863453,863453,1.26828e+07
0,0,0,8.70023e+08,0,3.075e+07,-863453,863453,1.26828e+07
0,0,0,8.70023e+08,0,3.07523e+07,-863453,863453,1.26828e+07
0,0,0,8.70023e+08,0,3.1459e+07,-863453,863453,1.26828e+07
0,0,0,8.70023e+08,0,3.14613e+07,-863453,863453,1.26828e+07
0,0,0,8.70023e+08,0,3.14636e+07,-863453,863453,1.26828e+07
0,0,0,8.70023e+08,0,3.14659e+07,-863453,863453,1.26828e+07
0,0,0,8.70023e+08,0,3.38049e+07,-863453,863453,1.26828e+07
0,0,0,8.70023e+08,0,3.37976e+07,-857147,857147,1.26828e+07
0,0,0,8.70023e+08,0,3.37994e+07,-856680,856680,1.26828e+07
0,0,0,8.70023e+08,0,3.38011e+07,-856213,856213,1.26828e+07
0,0,0,8.70023e+08,0,3.38029e+07,-855747,855747,1.26828e+07
0,0,0,8.70023e+08,0,3.24921e+07,-855280,855280,1.26828e+07
0,0,0,8.70023e+08,0,3.25072e+07,-863453,863453,1.26828e+07
0,0,0,8.70023e+08,0,3.25096e+07,-863453,863453,1.26828e+07
0,0,0,8.70023e+08,0,3.2512e+07,-863453,863453,1.26828e+07
0,0,0,8.70023e+08,0,3.1358e+07,-863453,863453,1.26828e+07
0,0,0,8.70023e+08,0,3.13603e+07,-863453,863453,1.26828e+07
0,0,0,8.70023e+08,0,3.13626e+07,-863453,863453,1.26828e+07
0,0,0,8.70023e+08,0,3.13649e+07,-863453,863453,1.26828e+07
0,0,0,8.70023e+08,0,2.86886e+07,-863453,863453,1.26828e+07
0,0,0,8.70023e+08,0,2.86907e+07,-863453,863453,1.26828e+07
0,0,0,8.70023e+08,0,2.86928e+07,-863453,863453,1.26828e+07
0,0,0,8.70023e+08,0,2.86949e+07,-863453,863453,1.26828e+07
0,0,0,8.70023e+08,0,2.86969e+07,-863453,863453,1.26828e+07
0,0,0,8.70023e+08,0,2.9571e+07,-863453,863453,1.26828e+07
0,0,0,8.70023e+08,0,2.9573e+07,-863453,863453,1.26828e+07
0,0,0,8.70023e+08,0,2.9575e+07,-863453,863453,1.26828e+07
0,0,0,8.70023e+08,0,2.95769e+07,-863453,863453,1.26828e+07
0,0,0,8.70023e+08,0,3.26422e+07,-863453,863453,1.26828e+07
0,0,0,8.70023e+08,0,3.26444e+07,-863453,863453,1.26828e+07
0,0,0,8.70023e+08,0,3.26466e+07,-863453,863453,1.26828e+07
0,0,0,8.70023e+08,0,3.26488e+07,-863453,863453,1.26828e+07
0,0,0,8.70023e+08,0,2.84335e+07,-863453,863453,1.26828e+07
0,0,0,8.70023e+08,0,2.84354e+07,-863453,863453,1.26828e+07
0,0,0,8.70023e+08,0,2.84373e+07,-863453,863453,1.26828e+07
0,0,0,8.70023e+08,0,2.84392e+07,-863453,863453,1.26828e+07
0,0,0,8.70023e+08,0,2.84411e+07,-863453,863453,1.26828e+07
0,0,0,8.70023e+08,0,2.94877e+07,-863453,863453,1.26828e+07
0,0,0,8.70023e+08,0,2.94897e+07,-863453,863453,1.26828e+07
0,0,0,8.70023e+08,0,2.94917e+07,-863453,863453,1.26828e+07
0,0,0,8.70023e+08,0,2.94936e+07,-863453,863453,1.26828e+07
0,0,0,8.70023e+08,0,2.90886e+07,-863453,863453,1.26828e+07
0,0,0,8.70023e+08,0,2.90905e+07,-863453,863453,1.26828e+07
0,0,0,8.70023e+08,0,2.90924e+07,-863453,863453,1.26828e+07
0,0,0,8.70023e+08,0,2.90944e+07,-863453,863453,1.26828e+07
0,0,0,8.70023e+08,0,3.05136e+07,-863453,863453,1.26828e+07
0,0,0,8.70023e+08,0,3.05156e+07,-863453,863453,1.26828e+07
0,0,0,8.70023e+08,0,3.05176e+07,-863453,863453,1.26828e+07
0,0,0,8.70023e+08,0,3.05197e+07,-863453,863453,1.26828e+07
0,0,0,8.70023e+08,0,3.05217e+07,-863453,863453,1.26828e+07
0,0,0,8.70023e+08,0,3.08576e+07,-863453,863453,1.26828e+07
0,0,0,8.70023e+08,0,3.08597e+07,-863453,863453,1.26828e+07
0,0,0,8.70023e+08,0,3.08617e+07,-863453,863453,1.26828e+07
0,0,0,8.70023e+08,0,3.08638e+07,-863453,863453,1.26828e+07
0,0,0,8.70023e+08,0,3.15729e+07,-863453,863453,1.26828e+07
0,0,0,8.70023e+08,0,3.15751e+07,-863453,863453,1.26828e+07
0,0,0,8.70023e+08,0,3.15772e+07,-863453,863453,1.26828e+07
0,0,0,8.70023e+08,0,3.15793e+07,-863453,863453,1.26828e+07
0,0,0,8.70023e+08,0,3.39269e+07,-863453,863453,1.26828e+07
0,0,0,8.70023e+08,0,3.38838e+07,-834246,834246,1.26828e+07
0,0,0,8.70023e+08,0,3.38854e+07,-833817,833817,1.26828e+07
0,0,0,8.70023e+08,0,3.3887e+07,-833389,833389,1.26828e+07
0,0,0,8.70023e+08,0,3.38886e+07,-832961,832961,1.26828e+07
0,0,0,8.70023e+08,0,3.25728e+07,-832533,832533,1.26828e+07
0,0,0,8.70023e+08,0,3.26231e+07,-863453,863453,1.26828e+07
0,0,0,8.70023e+08,0,3.26253e+07,-863453,863453,1.26828e+07
0,0,0,8.70023e+08,0,3.26275e+07,-863453,863453,1.26828e+07
0,0,0,8.70023e+08,0,3.1469e+07,-863453,863453,1.26828e+07
0,0,0,8.70023e+08,0,3.14711e+07,-863453,863453,1.26828e+07
0,0,0,8.70023e+08,0,3.14732e+07,-863453,863453,1.26828e+07
0,0,0,8.70023e+08,0,3.14753e+07,-863453,863453,1.26828e+07
0,0,0,8.70023e+08,0,2.8789e+07,-863453,863453,1.26828e+07
0,0,0,8.70023e+08,0,2.87909e+07,-863453,863453,1.26828e+07
0,0,0,8.70023e+08,0,2.87928e+07,-863453,863453,1.26828e+07
0,0,0,8.70023e+08,0,2.87948e+07,-863453,863453,1.26828e+07
0,0,0,8.70023e+08,0,2.87967e+07,-863453,863453,1.26828e+07
0,0,0,8.70023e+08,0,2.96737e+07,-863453,863453,1.26828e+07
0,0,0,8.70023e+08,0,2.96755e+07,-863453,863453,1.26828e+07
0,0,0,8.70023e+08,0,2.96773e+07,-863453,863453,1.26828e+07
0,0,0,8.70023e+08,0,2.96791e+07,-863453,863453,1.26828e+07
0,0,0,8.70023e+08,0,3.27553e+07,-863453,863453,1.26828e+07
0,0,0,8.70023e+08,0,3.27573e+07,-863453,863453,1.26828e+07
0,0,0,8.70023e+08,0,3.27593e+07,-863453,863453,1.26828e+07
0,0,0,8.70023e+08,0,3.27613e+07,-863453,863453,1.26828e+07
0,0,0,8.70023e+08,0,2.85307e+07,-863453,863453,1.26828e+07
0,0,0,8.70023e+08,0,2.85324e+07,-863453,863453,1.26828e+07
0,0,0,8.70023e+08,0,2.85342e+07,-863453,863453,1.26828e+07
0,0,0,8.70023e+08,0,2.85359e+07,-863453,863453,1.26828e+07
0,0,0,8.70023e+08,0,2.85376e+07,-863453,863453,1.26828e+07
0,0,0,8.70023e+08,0,2.95878e+07,-863453,863453,1.26828e+07
0,0,0,8.70023e+08,0,2.95896e+07,-863453,863453,1.26828e+07
0,0,0,8.70023e+08,0,2.95914e+07,-863453,863453,1.26828e+07
0,0,0,8.70023e+08,0,2.95932e+07,-863453,863453,1.26828e+07
0,0,0,8.70023e+08,0,2.91865e+07,-863453,863453,1.26828e+07
0,0,0,8.70023e+08,0,2.91883e+07,-863453,863453,1.26828e+07
0,0,0,8.70023e+08,0,2.919e+07,-863453,863453,1.26828e+07
0,0,0,8.70023e+08,0,2.91918e+07,-863453,863453,1.26828e+07
0,0,0,8.70023e+08,0,3.06158e+07,-863453,863453,1.26828e+07
0,0,0,8.70023e+08,0,3.06176e+07,-863453,863453,1.26828e+07
0,0,0,8.70023e+08,0,3.06195e+07,-863453,863453,1.26828e+07
0,0,0,8.70023e+08,0,3.06213e+07,-863453,863453,1.26828e+07
0,0,0,8.70023e+08,0,3.06232e+07,-863453,863453,1.26828e+07
0,0,0,8.70023e+08,0,3.09601e+07,-863453,863453,1.26828e+07
0,0,0,8.70023e+08,0,3.09619e+07,-863453,863453,1.26828e+07
0,0,0,8.70023e+08,0,3.09638e+07,-863453,863453,1.26828e+07
0,0,0,8.70023e+08,0,3.09657e+07,-863453,863453,1.26828e+07
0,0,0,8.70023e+08,0,3.16771e+07,-863453,863453,1.26828e+07
0,0,0,8.70023e+08,0,3.1679e+07,-863453,863453,1.26828e+07
0,0,0,8.70023e+08,0,3.1681e+07,-863453,863453,1.26828e+07
0,0,0,8.70023e+08,0,3.16829e+07,-863453,863453,1.26828e+07
0,0,0,8.70023e+08,0,3.40384e+07,-863453,863453,1.26828e+07
0,0,0,8.70023e+08,0,3.39625e+07,-813333,813333,1.26828e+07
0,0,0,8.70023e+08,0,3.39639e+07,-812943,812943,1.26828e+07
0,0,0,8.70023e+08,0,3.39654e+07,-812553,812553,1.26828e+07
0,0,0,8.70023e+08,0,3.39669e+07,-812164,812164,1.26828e+07
0,0,0,8.70023e+08,0,3.26464e+07,-811774,811774,1.26828e+07
0,0,0,8.70023e+08,0,3.27288e+07,-863453,863453,1.26828e+07
0,0,0,8.70023e+08,0,3.27308e+07,-863453,863453,1.26828e+07
0,0,0,8.70023e+08,0,3.27328e+07,-863453,863453,1.26828e+07
0,0,0,8.70023e+08,0,3.15702e+07,-863453,863453,1.26828e+07
0,0,0,8.70023e+08,0,3.15722e+07,-863453,863453,1.26828e+07
0,0,0,8.70023e+08,0,3.15741e+07,-863453,863453,1.26828e+07
0,0,0,8.70023e+08,0,3.1576e+07,-863453,863453,1.26828e+07
0,0,0,8.70023e+08,0,2.88805e+07,-863453,863453,1.26828e+07
0,0,0,8.70023e+08,0,2.88823e+07,-863453,863453,1.26828e+07
0,0,0,8.70023e+08,0,2.8884e+07,-863453,863453,1.26828e+07
0,0,0,8.70023e+08,0,2.88858e+07,-863453,863453,1.26828e+07
0,0,0,8.70023e+08,0,2.88875e+07,-863453,863453,1.26828e+07
0,0,0,8.70023e+08,0,2.97673e+07,-863453,863453,1.26828e+07
0,0,0,8.813e+08,0,2.97689e+07,-863453,863453,1.26828e+07
0,0,0,8.813e+08,0,2.97706e+07,-863453,863453,1.26828e+07
0,0,0,8.813e+08,0,2.97722e+07,-863453,863453,1.26828e+07
0,0,0,8.813e+08,0,3.28583e+07,-863453,863453,1.26828e+07
0,0,0,8.813e+08,0,3.28601e+07,-863453,863453,1.26828e+07
0,0,0,8.813e+08,0,3.28619e+07,-863453,863453,1.26828e+07
0,0,0,8.813e+08,0,3.28637e+07,-863453,863453,1.26828e+07
0,0,0,8.813e+08,0,2.86191e+07,-863453,863453,1.26828e+07
0,0,0,8.813e+08,0,2.86207e+07,-863453,863453,1.26828e+07
0,0,0,8.813e+08,0,2.86222e+07,-863453,863453,1.26828e+07
0,0,0,8.813e+08,0,2.86238e+07,-863453,863453,1.26828e+07
0,0,0,8.813e+08,0,2.86254e+07,-863453,863453,1.26828e+07
0,0,0,8.813e+08,0,2.96787e+07,-863453,863453,1.26828e+07
0,0,0,8.813e+08,0,2.96803e+07,-863453,863453,1.26828e+07
0,0,0,8.813e+08,0,2.9682e+07,-863453,863453,1.26828e+07
0,0,0,8.813e+08,0,2.96836e+07,-863453,863453,1.26828e+07
0,0,0,8.813e+08,0,2.92754e+07,-863453,863453,1.26828e+07
0,0,0,8.813e+08,0,2.9277e+07,-863453,863453,1.26828e+07
0,0,0,8.813e+08,0,2.92786e+07,-863453,863453,1.26828e+07
0,0,0,8.813e+08,0,2.92802e+07,-863453,863453,1.26828e+07
0,0,0,8.813e+08,0,3.07085e+07,-863453,863453,1.26828e+07
0,0,0,8.813e+08,0,3.07102e+07,-863453,863453,1.26828e+07
0,0,0,8.813e+08,0,3.07119e+07,-863453,863453,1.26828e+07
0,0,0,8.813e+08,0,3.07135e+07,-863453,863453,1.26828e+07
0,0,0,8.813e+08,0,3.07152e+07,-863453,863453,1.26828e+07
0,0,0,8.813e+08,0,3.10529e+07,-863453,863453,1.26828e+07
0,0,0,8.813e+08,0,3.10546e+07,-863453,863453,1.26828e+07
0,0,0,8.813e+08,0,3.10563e+07,-863453,863453,1.26828e+07
0,0,0,8.813e+08,0,3.1058e+07,-863453,863453,1.26828e+07
0,0,0,8.813e+08,0,3.17715e+07,-863453,863453,1.26828e+07
0,0,0,8.813e+08,0,3.17732e+07,-863453,863453,1.26828e+07
0,0,0,8.813e+08,0,3.17749e+07,-863453,863453,1.26828e+07
0,0,0,8.813e+08,0,3.17767e+07,-863453,863453,1.26828e+07
0,0,0,8.813e+08,0,3.41392e+07,-863453,863453,1.26828e+07
0,0,0,8.813e+08,0,3.40337e+07,-794403,794403,1.26828e+07
0,0,0,8.813e+08,0,3.4035e+07,-794051,794051,1.26828e+07
0,0,0,8.813e+08,0,3.40363e+07,-793700,793700,1.26828e+07
0,0,0,8.813e+08,0,3.40376e+07,-793348,793348,1.26828e+07
0,0,0,8.813e+08,0,3.2713e+07,-792996,792996,1.26828e+07
0,0,0,8.813e+08,0,3.28244e+07,-863453,863453,1.26828e+07
0,0,0,8.813e+08,0,3.28262e+07,-863453,863453,1.26828e+07
0,0,0,8.813e+08,0,3.2828e+07,-863453,863453,1.26828e+07
0,0,0,8.813e+08,0,3.16617e+07,-863453,863453,1.26828e+07
0,0,0,8.813e+08,0,3.16635e+07,-863453,863453,1.26828e+07
0,0,0,8.813e+08,0,3.16652e+07,-863453,863453,1.26828e+07
0,0,0,8.813e+08,0,3.16669e+07,-863453,863453,1.26828e+07
0,0,0,8.813e+08,0,2.89632e+07,-863453,863453,1.26828e+07
0,0,0,8.813e+08,0,2.89648e+07,-863453,863453,1.26828e+07
0,0,0,8.813e+08,0,2.89663e+07,-863453,863453,1.26828e+07
0,0,0,8.813e+08,0,2.89679e+07,-863453,863453,1.26828e+07
0,0,0,8.813e+08,0,2.89695e+07,-863453,863453,1.26828e+07
0,0,0,8.813e+08,0,2.98517e+07,-863453,863453,1.26828e+07
0,0,0,8.813e+08,0,2.98532e+07,-863453,863453,1.26828e+07
0,0,0,8.813e+08,0,2.98546e+07,-863453,863453,1.26828e+07
0,0,0,8.813e+08,0,2.98561e+07,-863453,863453,1.26828e+07
0,0,0,8.813e+08,0,3.2951e+07,-863453,863453,1.26828e+07
0,0,0,8.813e+08,0,3.29527e+07,-863453,863453,1.26828e+07
0,0,0,8.813e+08,0,3.29543e+07,-863453,863453,1.26828e+07
0,0,0,8.813e+08,0,3.29559e+07,-863453,863453,1.26828e+07
0,0,0,8.813e+08,0,2.86987e+07,-863453,863453,1.26828e+07
0,0,0,8.813e+08,0,2.87001e+07,-863453,863453,1.26828e+07
0,0,0,8.813e+08,0,2.87015e+07,-863453,863453,1.26828e+07
0,0,0,8.813e+08,0,2.87029e+07,-863453,863453,1.26828e+07
0,0,0,8.813e+08,0,2.87043e+07,-863453,863453,1.26828e+07
0,0,0,8.813e+08,0,2.97605e+07,-863453,863453,1.26828e+07
0,0,0,8.813e+08,0,2.97619e+07,-863453,863453,1.26828e+07
0,0,0,8.813e+08,0,2.97634e+07,-863453,863453,1.26828e+07
0,0,0,8.813e+08,0,2.97648e+07,-863453,863453,1.26828e+07
0,0,0,8.813e+08,0,2.93553e+07,-863453,863453,1.26828e+07
0,0,0,8.813e+08,0,2.93567e+07,-863453,863453,1.26828e+07
0,0,0,8.813e+08,0,2.93582e+07,-863453,863453,1.26828e+07
0,0,0,8.813e+08,0,2.93596e+07,-863453,863453,1.26828e+07
0,0,0,8.813e+08,0,3.07917e+07,-863453,863453,1.26828e+07
0,0,0,8.813e+08,0,3.07932e+07,-863453,863453,1.26828e+07
0,0,0,8.813e+08,0,3.07947e+07,-863453,863453,1.26828e+07
0,0,0,8.813e+08,0,3.07962e+07,-863453,863453,1.26828e+07
0,0,0,8.813e+08,0,3.07977e+07,-863453,863453,1.26828e+07
0,0,0,8.813e+08,0,3.11362e+07,-863453,863453,1.26828e+07
0,0,0,8.813e+08,0,3.11377e+07,-863453,863453,1.26828e+07
0,0,0,8.813e+08,0,3.11392e+07,-863453,863453,1.26828e+07
0,0,0,8.813e+08,0,3.11407e+07,-863453,863453,1.26828e+07
0,0,0,8.813e+08,0,3.18559e+07,-863453,863453,1.26828e+07
0,0,0,8.813e+08,0,3.18575e+07,-863453,863453,1.26828e+07
0,0,0,8.813e+08,0,3.1859e+07,-863453,863453,1.26828e+07
0,0,0,8.813e+08,0,3.18606e+07,-863453,863453,1.26828e+07
0,0,0,8.813e+08,0,3.42294e+07,-863453,863453,1.26828e+07
0,0,0,8.813e+08,0,3.40973e+07,-777469,777469,1.26828e+07
0,0,0,8.813e+08,0,3.40985e+07,-777156,777156,1.26828e+07
0,0,0,8.813e+08,0,3.40997e+07,-776843,776843,1.26828e+07
0,0,0,8.813e+08,0,3.41009e+07,-776529,776529,1.26828e+07
0,0,0,8.813e+08,0,3.27725e+07,-776216,776216,1.26828e+07
0,0,0,8.813e+08,0,3.29098e+07,-863453,863453,1.26828e+07
0,0,0,8.813e+08,0,3.29114e+07,-863453,863453,1.26828e+07
0,0,0,8.813e+08,0,3.2913e+07,-863453,863453,1.26828e+07
0,0,0,8.813e+08,0,3.17434e+07,-863453,863453,1.26828e+07
0,0,0,8.813e+08,0,3.17449e+07,-863453,863453,1.26828e+07
0,0,0,8.813e+08,0,3.17465e+07,-863453,863453,1.26828e+07
0,0,0,8.813e+08,0,3.1748e+07,-863453,863453,1.26828e+07
0,0,0,8.813e+08,0,2.90369e+07,-863453,863453,1.26828e+07
0,0,0,8.813e+08,0,2.90383e+07,-863453,863453,1.26828e+07
0,0,0,8.813e+08,0,2.90397e+07,-863453,863453,1.26828e+07
0,0,0,8.813e+08,0,2.90411e+07,-863453,863453,1.26828e+07
0,0,0,8.813e+08,0,2.90425e+07,-863453,863453,1.26828e+07
0,0,0,8.813e+08,0,2.90425e+07,-863453,863453,1.26828e+07
0,0,0,8.813e+08,9.14538e+06,2.99269e+07,-863453,863453,1.26828e+07
0,0,0,8.813e+08,0,2.99281e+07,-863453,863453,1.26828e+07
0,0,0,8.813e+08,0,2.99294e+07,-863453,863453,1.26828e+07
0,0,0,8.813e+08,0,2.99307e+07,-863453,863453,1.26828e+07
0,0,0,8.813e+08,0,3.30336e+07,-863453,863453,1.26828e+07
0,0,0,8.813e+08,0,3.3035e+07,-863453,863453,1.26828e+07
0,0,0,8.813e+08,0,3.30364e+07,-863453,863453,1.26828e+07
0,0,0,8.813e+08,0,3.30378e+07,-863453,863453,1.26828e+07
0,0,0,8.813e+08,0,2.87694e+07,-863453,863453,1.26828e+07
0,0,0,8.813e+08,0,2.87706e+07,-863453,863453,1.26828e+07
0,0,0,8.813e+08,0,2.87718e+07,-863453,863453,1.26828e+07
0,0,0,8.813e+08,0,2.87731e+07,-863453,863453,1.26828e+07
0,0,0,8.813e+08,0,2.87743e+07,-863453,863453,1.26828e+07
0,0,0,8.813e+08,0,2.9833e+07,-863453,863453,1.26828e+07
0,0,0,8.813e+08,0,2.98343e+07,-863453,863453,1.26828e+07
0,0,0,8.813e+08,0,2.98356e+07,-863453,863453,1.26828e+07
0,0,0,8.813e+08,0,2.98368e+07,-863453,863453,1.26828e+07
0,0,0,8.813e+08,0,2.94261e+07,-863453,863453,1.26828e+07
0,0,0,8.813e+08,0,2.94274e+07,-863453,863453,1.26828e+07
0,0,0,8.813e+08,0,2.94286e+07,-863453,863453,1.26828e+07
0,0,0,8.813e+08,0,2.94298e+07,-863453,863453,1.26828e+07
0,0,0,8.813e+08,0,3.08654e+07,-863453,863453,1.26828e+07
0,0,0,8.813e+08,0,3.08667e+07,-863453,863453,1.26828e+07
0,0,0,8.813e+08,0,3.0868e+07,-863453,863453,1.26828e+07
0,0,0,8.813e+08,0,3.08694e+07,-863453,863453,1.26828e+07
0,0,0,8.813e+08,0,3.08707e+07,-863453,863453,1.26828e+07
0,0,0,8.813e+08,0,3.12098e+07,-863453,863453,1.26828e+07
0,0,0,8.813e+08,0,3.12111e+07,-863453,863453,1.26828e+07
0,0,0,8.813e+08,0,3.12124e+07,-863453,863453,1.26828e+07
0,0,0,8.813e+08,0,3.12138e+07,-863453,863453,1.26828e+07
0,0,0,8.813e+08,0,3.19305e+07,-863453,863453,1.26828e+07
0,0,0,8.813e+08,0,3.19319e+07,-863453,863453,1.26828e+07
0,0,0,8.813e+08,0,3.19333e+07,-863453,863453,1.26828e+07
0,0,0,8.813e+08,0,3.19346e+07,-863453,863453,1.26828e+07
0,0,0,8.813e+08,0,3.4309e+07,-863453,863453,1.26828e+07
0,0,0,8.813e+08,0,3.43105e+07,-863453,863453,1.26828e+07
0,0,0,8.813e+08,0,3.43119e+07,-863453,863453,1.26828e+07
0,0,0,8.813e+08,0,3.43134e+07,-863453,863453,1.26828e+07
0,0,0,8.813e+08,0,3.43149e+07,-863453,863453,1.26828e+07
0,0,0,8.813e+08,0,3.29836e+07,-863453,863453,1.26828e+07
0,0,0,8.813e+08,0,3.2985e+07,-863453,863453,1.26828e+07
0,0,0,8.813e+08,0,3.29864e+07,-863453,863453,1.26828e+07
0,0,0,8.813e+08,0,3.29878e+07,-863453,863453,1.26828e+07
0,0,0,8.813e+08,0,3.18152e+07,-863453,863453,1.26828e+07
0,0,0,8.813e+08,0,3.18166e+07,-863453,863453,1.26828e+07
0,0,0,8.813e+08,0,3.18179e+07,-863453,863453,1.26828e+07
0,0,0,8.813e+08,0,3.18193e+07,-863453,863453,1.26828e+07
0,0,0,8.813e+08,0,2.91016e+07,-863453,863453,1.26828e+07
0,0,0,8.813e+08,0,2.91028e+07,-863453,863453,1.26828e+07
0,0,0,8.813e+08,0,2.9104e+07,-863453,863453,1.26828e+07
0,0,0,8.813e+08,0,2.91053e+07,-863453,863453,1.26828e+07
0,0,0,8.813e+08,0,2.91065e+07,-863453,863453,1.26828e+07
0,0,0,8.813e+08,0,2.99927e+07,-863453,863453,1.26828e+07
0,0,0,8.813e+08,0,2.99938e+07,-863453,863453,1.26828e+07
0,0,0,8.813e+08,0,2.99949e+07,-863453,863453,1.26828e+07
0,0,0,8.813e+08,0,2.9996e+07,-863453,863453,1.26828e+07
0,0,0,8.813e+08,0,3.31058e+07,-863453,863453,1.26828e+07
0,0,0,8.813e+08,0,3.3107e+07,-863453,863453,1.26828e+07
0,0,0,8.813e+08,0,3.31082e+07,-863453,863453,1.26828e+07
0,0,0,8.813e+08,0,3.31094e+07,-863453,863453,1.26828e+07
0,0,0,8.813e+08,0,2.88312e+07,-863453,863453,1.26828e+07
0,0,0,8.813e+08,0,2.88323e+07,-863453,863453,1.26828e+07
0,0,0,8.813e+08,0,2.88333e+07,-863453,863453,1.26828e+07
0,0,0,8.813e+08,0,2.88344e+07,-863453,863453,1.26828e+07
0,0,0,8.813e+08,0,2.88354e+07,-863453,863453,1.26828e+07
0,0,0,8.813e+08,0,2.98964e+07,-863453,863453,1.26828e+07
0,0,0,8.813e+08,0,2.98975e+07,-863453,863453,1.26828e+07
0,0,0,8.813e+08,0,2.98986e+07,-863453,863453,1.26828e+07
0,0,0,8.813e+08,0,2.98997e+07,-863453,863453,1.26828e+07
0,0,0,8.813e+08,0,2.94878e+07,-863453,863453,1.26828e+07
0,0,0,8.813e+08,0,2.94889e+07,-863453,863453,1.26828e+07
0,0,0,8.813e+08,0,2.949e+07,-863453,863453,1.26828e+07
0,0,0,8.813e+08,0,2.94911e+07,-863453,863453,1.26828e+07
0,0,0,8.813e+08,0,3.09296e+07,-863453,863453,1.26828e+07
0,0,0,8.813e+08,0,3.09307e+07,-863453,863453,1.26828e+07
0,0,0,8.813e+08,0,3.09318e+07,-863453,863453,1.26828e+07
0,0,0,8.813e+08,0,3.0933e+07,-863453,863453,1.26828e+07
0,0,0,8.813e+08,0,3.09341e+07,-863453,863453,1.26828e+07
0,0,0,8.813e+08,0,3.12738e+07,-863453,863453,1.26828e+07
0,0,0,8.813e+08,0,3.12749e+07,-863453,863453,1.26828e+07
0,0,0,8.813e+08,0,3.1276e+07,-863453,863453,1.26828e+07
0,0,0,8.813e+08,0,3.12772e+07,-863453,863453,1.26828e+07
0,0,0,8.813e+08,0,3.19953e+07,-863453,863453,1.26828e+07
0,0,0,8.813e+08,0,3.19965e+07,-863453,863453,1.26828e+07
0,0,0,8.813e+08,0,3.19976e+07,-863453,863453,1.26828e+07
0,0,0,8.813e+08,0,3.19988e+07,-863453,863453,1.26828e+07
0,0,0,8.813e+08,0,3.4378e+07,-863453,863453,1.26828e+07
0,0,0,8.813e+08,0,3.43792e+07,-863453,863453,1.26828e+07
0,0,0,8.813e+08,0,3.43805e+07,-863453,863453,1.26828e+07
0,0,0,8.813e+08,0,3.43817e+07,-863453,863453,1.26828e+07
0,0,0,8.813e+08,0,3.4383e+07,-863453,863453,1.26828e+07
0,0,0,8.813e+08,0,3.30488e+07,-863453,863453,1.26828e+07
0,0,0,8.813e+08,0,3.305e+07,-863453,863453,1.26828e+07
0,0,0,8.813e+08,0,3.30512e+07,-863453,863453,1.26828e+07
0,0,0,8.813e+08,0,3.30524e+07,-863453,863453,1.26828e+07
0,0,0,8.813e+08,0,2.86199e+07,-4.12083e+06,4.12083e+06,1.43428e+07
0,0,0,8.813e+08,0,2.86209e+07,-4.12095e+06,4.12095e+06,1.43428e+07
0,0,0,8.813e+08,0,2.86219e+07,-4.12108e+06,4.12108e+06,1.43428e+07
0,0,0,8.813e+08,0,2.8623e+07,-4.1212e+06,4.1212e+06,1.43428e+07
0,0,0,8.813e+08,0,2.61902e+07,-3.83067e+06,3.83067e+06,1.43428e+07
0,0,0,8.813e+08,0,2.61911e+07,-3.83079e+06,3.83079e+06,1.43428e+07
0,0,0,8.813e+08,0,2.61921e+07,-3.8309e+06,3.8309e+06,1.43428e+07
0,0,0,8.813e+08,0,2.6193e+07,-3.83101e+06,3.83101e+06,1.43428e+07
0,0,0,8.813e+08,0,2.6194e+07,-3.83113e+06,3.83113e+06,1.43428e+07
0,0,0,8.813e+08,1.14317e+06,2.69871e+07,-3.92584e+06,3.92584e+06,1.43428e+07
0,0,0,8.813e+08,0,2.69879e+07,-3.92593e+06,3.92593e+06,1.43428e+07
0,0,0,8.813e+08,0,2.69887e+07,-3.92603e+06,3.92603e+06,1.43428e+07
0,0,0,8.813e+08,0,2.69895e+07,-3.92613e+06,3.92613e+06,1.43428e+07
0,0,0,8.813e+08,0,2.97728e+07,-4.25851e+06,4.25851e+06,1.43428e+07
0,0,0,8.813e+08,0,2.97737e+07,-4.25862e+06,4.25862e+06,1.43428e+07
0,0,0,8.813e+08,0,2.97746e+07,-4.25873e+06,4.25873e+06,1.43428e+07
0,0,0,8.813e+08,0,2.97755e+07,-4.25884e+06,4.25884e+06,1.43428e+07
0,0,0,8.813e+08,0,2.59462e+07,-3.80154e+06,3.80154e+06,1.43428e+07
0,0,0,8.813e+08,0,2.5947e+07,-3.80163e+06,3.80163e+06,1.43428e+07
0,0,0,8.813e+08,0,2.59478e+07,-3.80173e+06,3.80173e+06,1.43428e+07
0,0,0,8.813e+08,0,2.59486e+07,-3.80182e+06,3.80182e+06,1.43428e+07
0,0,0,8.813e+08,0,2.59493e+07,-3.80191e+06,3.80191e+06,1.43428e+07
0,0,0,8.813e+08,0,2.68988e+07,-3.91529e+06,3.91529e+06,1.43428e+07
0,0,0,8.813e+08,0,2.68996e+07,-3.91539e+06,3.91539e+06,1.43428e+07
0,0,0,8.813e+08,0,2.99524e+07,-863453,863453,1.26828e+07
0,0,0,8.813e+08,0,2.99533e+07,-863453,863453,1.26828e+07
0,0,0,8.813e+08,0,2.95406e+07,-863453,863453,1.26828e+07
0,0,0,8.813e+08,0,2.95415e+07,-863453,863453,1.26828e+07
0,0,0,8.813e+08,0,2.95424e+07,-863453,863453,1.26828e+07
0,0,0,8.813e+08,0,2.95433e+07,-863453,863453,1.26828e+07
0,0,0,8.813e+08,0,3.09843e+07,-863453,863453,1.26828e+07
0,0,0,8.813e+08,0,3.09852e+07,-863453,863453,1.26828e+07
0,0,0,8.813e+08,0,3.09862e+07,-863453,863453,1.26828e+07
0,0,0,8.813e+08,0,3.09871e+07,-863453,863453,1.26828e+07
0,0,0,8.813e+08,0,3.09881e+07,-863453,863453,1.26828e+07
0,0,0,8.813e+08,0,3.13282e+07,-863453,863453,1.26828e+07
0,0,0,8.813e+08,0,3.13291e+07,-863453,863453,1.26828e+07
0,0,0,8.813e+08,0,3.13301e+07,-863453,863453,1.26828e+07
0,0,0,8.813e+08,0,3.1331e+07,-863453,863453,1.26828e+07
0,0,0,8.813e+08,0,3.20502e+07,-863453,863453,1.26828e+07
0,0,0,8.813e+08,0,3.20512e+07,-863453,863453,1.26828e+07
0,0,0,8.813e+08,0,3.20522e+07,-863453,863453,1.26828e+07
0,0,0,8.813e+08,0,3.20532e+07,-863453,863453,1.26828e+07
0,0,0,8.813e+08,0,3.44364e+07,-863453,863453,1.26828e+07
0,0,0,8.813e+08,0,3.44374e+07,-863453,863453,1.26828e+07
0,0,0,8.813e+08,0,3.44385e+07,-863453,863453,1.26828e+07
0,0,0,8.813e+08,0,3.44395e+07,-863453,863453,1.26828e+07
0,0,0,8.813e+08,0,3.44406e+07,-863453,863453,1.26828e+07
0,0,0,8.813e+08,0,3.31038e+07,-863453,863453,1.26828e+07
0,0,0,8.813e+08,0,3.31049e+07,-863453,863453,1.26828e+07
0,0,0,8.813e+08,0,3.31059e+07,-863453,863453,1.26828e+07
0,0,0,8.813e+08,0,3.31069e+07,-863453,863453,1.26828e+07
0,0,0,8.813e+08,0,3.19295e+07,-863453,863453,1.26828e+07
0,0,0,8.813e+08,0,3.19305e+07,-863453,863453,1.26828e+07
0,0,0,8.813e+08,0,3.19315e+07,-863453,863453,1.26828e+07
0,0,0,8.813e+08,0,3.19324e+07,-863453,863453,1.26828e+07
0,0,0,8.813e+08,0,2.92043e+07,-863453,863453,1.26828e+07
0,0,0,8.813e+08,0,2.92052e+07,-863453,863453,1.26828e+07
0,0,0,8.813e+08,0,2.92061e+07,-863453,863453,1.26828e+07
0,0,0,8.813e+08,0,2.9207e+07,-863453,863453,1.26828e+07
0,0,0,8.813e+08,0,2.92079e+07,-863453,863453,1.26828e+07
0,0,0,8.813e+08,0,3.0097e+07,-863453,863453,1.26828e+07
0,0,0,8.813e+08,0,3.00977e+07,-863453,863453,1.26828e+07
0,0,0,8.813e+08,0,3.00984e+07,-863453,863453,1.26828e+07
0,0,0,8.813e+08,0,3.00992e+07,-863453,863453,1.26828e+07
0,0,0,8.813e+08,0,3.32198e+07,-863453,863453,1.26828e+07
0,0,0,8.813e+08,0,3.32206e+07,-863453,863453,1.26828e+07
0,0,0,8.813e+08,0,3.32214e+07,-863453,863453,1.26828e+07
0,0,0,8.813e+08,0,2.98214e+07,-4.26431e+06,4.26431e+06,1.43428e+07
0,0,0,8.813e+08,0,2.89285e+07,-863453,863453,1.26828e+07
0,0,0,8.813e+08,0,2.89292e+07,-863453,863453,1.26828e+07
0,0,0,8.813e+08,0,2.89299e+07,-863453,863453,1.26828e+07
0,0,0,8.813e+08,0,2.89306e+07,-863453,863453,1.26828e+07
0,0,0,8.813e+08,0,2.89313e+07,-863453,863453,1.26828e+07
0,0,0,8.813e+08,0,2.99956e+07,-863453,863453,1.26828e+07
0,0,0,8.813e+08,0,2.99964e+07,-863453,863453,1.26828e+07
0,0,0,8.813e+08,0,2.99971e+07,-863453,863453,1.26828e+07
0,0,0,8.813e+08,0,2.99978e+07,-863453,863453,1.26828e+07
0,0,0,8.813e+08,0,2.95842e+07,-863453,863453,1.26828e+07
0,0,0,8.813e+08,0,2.9585e+07,-863453,863453,1.26828e+07
0,0,0,8.813e+08,0,2.95857e+07,-863453,863453,1.26828e+07
0,0,0,8.813e+08,0,2.95864e+07,-863453,863453,1.26828e+07
0,0,0,8.813e+08,0,3.10294e+07,-863453,863453,1.26828e+07
0,0,0,8.813e+08,0,3.10302e+07,-863453,863453,1.26828e+07
0,0,0,8.813e+08,0,3.1031e+07,-863453,863453,1.26828e+07
0,0,0,8.813e+08,0,3.10317e+07,-863453,863453,1.26828e+07
0,0,0,8.813e+08,0,3.10325e+07,-863453,863453,1.26828e+07
0,0,0,8.813e+08,0,3.13729e+07,-863453,863453,1.26828e+07
0,0,0,8.813e+08,0,3.13737e+07,-863453,863453,1.26828e+07
0,0,0,8.813e+08,0,3.13744e+07,-863453,863453,1.26828e+07
0,0,0,8.813e+08,0,3.13752e+07,-863453,863453,1.26828e+07
0,0,0,8.813e+08,0,3.20953e+07,-863453,863453,1.26828e+07
0,0,0,8.813e+08,0,3.20961e+07,-863453,863453,1.26828e+07
0,0,0,8.813e+08,0,3.20969e+07,-863453,863453,1.26828e+07
0,0,0,8.813e+08,0,3.20977e+07,-863453,863453,1.26828e+07
0,0,0,8.813e+08,0,3.44841e+07,-863453,863453,1.26828e+07
0,0,0,8.813e+08,0,3.44849e+07,-863453,863453,1.26828e+07
0,0,0,8.813e+08,0,3.44858e+07,-863453,863453,1.26828e+07
0,0,0,8.813e+08,0,3.44866e+07,-863453,863453,1.26828e+07
0,0,0,8.813e+08,0,3.44875e+07,-863453,863453,1.26828e+07
0,0,0,8.813e+08,0,3.31486e+07,-863453,863453,1.26828e+07
0,0,0,8.813e+08,0,3.31495e+07,-863453,863453,1.26828e+07
0,0,0,8.813e+08,0,3.31503e+07,-863453,863453,1.26828e+07
0,0,0,8.813e+08,0,3.31511e+07,-863453,863453,1.26828e+07
0,0,0,8.813e+08,0,2.87044e+07,-4.13092e+06,4.13092e+06,1.43428e+07
0,0,0,8.813e+08,0,2.87051e+07,-4.13101e+06,4.13101e+06,1.43428e+07
0,0,0,8.813e+08,0,2.87058e+07,-4.13109e+06,4.13109e+06,1.43428e+07
0,0,0,8.813e+08,0,2.87065e+07,-4.13117e+06,4.13117e+06,1.43428e+07
0,0,0,8.813e+08,0,2.62659e+07,-3.83972e+06,3.83972e+06,1.43428e+07
0,0,0,8.813e+08,0,2.62666e+07,-3.8398e+06,3.8398e+06,1.43428e+07
0,0,0,8.813e+08,0,2.62672e+07,-3.83987e+06,3.83987e+06,1.43428e+07
0,0,0,8.813e+08,0,2.62679e+07,-3.83995e+06,3.83995e+06,1.43428e+07
0,0,0,8.813e+08,0,2.62685e+07,-3.84003e+06,3.84003e+06,1.43428e+07
0,0,0,8.813e+08,0,2.70636e+07,-3.93498e+06,3.93498e+06,1.43428e+07
0,0,0,8.813e+08,0,2.70641e+07,-3.93504e+06,3.93504e+06,1.43428e+07
0,0,0,8.813e+08,0,2.70646e+07,-3.9351e+06,3.9351e+06,1.43428e+07
0,0,0,8.813e+08,0,3.01368e+07,-863453,863453,1.26828e+07
0,0,0,8.813e+08,0,3.32613e+07,-863453,863453,1.26828e+07
0,0,0,8.813e+08,0,3.32619e+07,-863453,863453,1.26828e+07
0,0,0,8.813e+08,0,3.32626e+07,-863453,863453,1.26828e+07
0,0,0,8.813e+08,0,3.32632e+07,-863453,863453,1.26828e+07
0,0,0,8.813e+08,0,2.89638e+07,-863453,863453,1.26828e+07
0,0,0,8.813e+08,0,2.89643e+07,-863453,863453,1.26828e+07
0,0,0,8.813e+08,0,2.89648e+07,-863453,863453,1.26828e+07
0,0,0,8.813e+08,0,2.89654e+07,-863453,863453,1.26828e+07
0,0,0,8.813e+08,0,2.89659e+07,-863453,863453,1.26828e+07
0,0,0,8.813e+08,0,3.00313e+07,-863453,863453,1.26828e+07
0,0,0,8.813e+08,0,3.00319e+07,-863453,863453,1.26828e+07
0,0,0,8.813e+08,0,3.00325e+07,-863453,863453,1.26828e+07
0,0,0,8.813e+08,0,3.0033e+07,-863453,863453,1.26828e+07
0,0,0,8.813e+08,0,2.96188e+07,-863453,863453,1.26828e+07
0,0,0,8.813e+08,0,2.96193e+07,-863453,863453,1.26828e+07
0,0,0,8.813e+08,0,2.96198e+07,-863453,863453,1.26828e+07
0,0,0,8.813e+08,0,2.96204e+07,-863453,863453,1.26828e+07
0,0,0,8.813e+08,0,3.1065e+07,-863453,863453,1.26828e+07
0,0,0,8.813e+08,0,3.10655e+07,-863453,863453,1.26828e+07
0,0,0,8.813e+08,0,3.10661e+07,-863453,863453,1.26828e+07
0,0,0,8.813e+08,0,3.10667e+07,-863453,863453,1.26828e+07
0,0,0,8.813e+08,0,3.10673e+07,-863453,863453,1.26828e+07
0,0,0,8.813e+08,0,3.14079e+07,-863453,863453,1.26828e+07
0,0,0,8.813e+08,0,3.14085e+07,-863453,863453,1.26828e+07
0,0,0,8.813e+08,0,3.14091e+07,-863453,863453,1.26828e+07
0,0,0,8.813e+08,0,3.14096e+07,-863453,863453,1.26828e+07
0,0,0,8.813e+08,0,3.21303e+07,-863453,863453,1.26828e+07
0,0,0,8.813e+08,0,3.21309e+07,-863453,863453,1.26828e+07
0,0,0,8.813e+08,0,3.21315e+07,-863453,863453,1.26828e+07
0,0,0,8.813e+08,0,3.21321e+07,-863453,863453,1.26828e+07
0,0,0,8.813e+08,0,3.4521e+07,-863453,863453,1.26828e+07
0,0,0,8.813e+08,0,3.45217e+07,-863453,863453,1.26828e+07
0,0,0,8.813e+08,0,3.45223e+07,-863453,863453,1.26828e+07
0,0,0,8.813e+08,0,3.4523e+07,-863453,863453,1.26828e+07
0,0,0,8.813e+08,0,3.45236e+07,-863453,863453,1.26828e+07
0,0,0,8.813e+08,0,3.31831e+07,-863453,863453,1.26828e+07
0,0,0,8.813e+08,0,3.31837e+07,-863453,863453,1.26828e+07
0,0,0,8.813e+08,0,3.31843e+07,-863453,863453,1.26828e+07
0,0,0,8.813e+08,0,3.3185e+07,-863453,863453,1.26828e+07
0,0,0,8.813e+08,0,3.20043e+07,-863453,863453,1.26828e+07
0,0,0,8.813e+08,0,3.20049e+07,-863453,863453,1.26828e+07
0,0,0,8.813e+08,0,3.20055e+07,-863453,863453,1.26828e+07
0,0,0,8.813e+08,0,3.20061e+07,-863453,863453,1.26828e+07
0,0,0,8.813e+08,0,2.9271e+07,-863453,863453,1.26828e+07
0,0,0,8.813e+08,0,2.92716e+07,-863453,863453,1.26828e+07
0,0,0,8.813e+08,0,2.92721e+07,-863453,863453,1.26828e+07
0,0,0,8.813e+08,0,2.92726e+07,-863453,863453,1.26828e+07
0,0,0,8.813e+08,0,2.92732e+07,-863453,863453,1.26828e+07
0,0,0,8.813e+08,0,3.0164e+07,-863453,863453,1.26828e+07
0,0,0,8.813e+08,0,3.01644e+07,-863453,863453,1.26828e+07
0,0,0,8.813e+08,0,3.01648e+07,-863453,863453,1.26828e+07
0,0,0,8.813e+08,0,3.01651e+07,-863453,863453,1.26828e+07
0,0,0,8.813e+08,0,3.32925e+07,-863453,863453,1.26828e+07
0,0,0,8.813e+08,0,3.32929e+07,-863453,863453,1.26828e+07
0,0,0,8.813e+08,0,3.32933e+07,-863453,863453,1.26828e+07
0,0,0,8.813e+08,0,3.32938e+07,-863453,863453,1.26828e+07
0,0,0,8.813e+08,0,2.89901e+07,-863453,863453,1.26828e+07
0,0,0,8.813e+08,0,2.89904e+07,-863453,863453,1.26828e+07
0,0,0,8.813e+08,0,2.89908e+07,-863453,863453,1.26828e+07
0,0,0,8.813e+08,0,2.89912e+07,-863453,863453,1.26828e+07
0,0,0,8.813e+08,0,2.89915e+07,-863453,863453,1.26828e+07
0,0,0,8.813e+08,0,3.00578e+07,-863453,863453,1.26828e+07
0,0,0,8.813e+08,0,3.00581e+07,-863453,863453,1.26828e+07
0,0,0,8.813e+08,0,3.00585e+07,-863453,863453,1.26828e+07
0,0,0,8.813e+08,0,3.00589e+07,-863453,863453,1.26828e+07
0,0,0,8.813e+08,0,2.96441e+07,-863453,863453,1.26828e+07
0,0,0,8.813e+08,0,2.96445e+07,-863453,863453,1.26828e+07
0,0,0,8.813e+08,0,2.96448e+07,-863453,863453,1.26828e+07
0,0,0,8.813e+08,0,2.96452e+07,-863453,863453,1.26828e+07
0,0,0,8.813e+08,0,3.10909e+07,-863453,863453,1.26828e+07
0,0,0,8.813e+08,0,3.10912e+07,-863453,863453,1.26828e+07
0,0,0,8.813e+08,0,3.10916e+07,-863453,863453,1.26828e+07
0,0,0,8.813e+08,0,3.1092e+07,-863453,863453,1.26828e+07
0,0,0,8.813e+08,0,3.10924e+07,-863453,863453,1.26828e+07
0,0,0,8.813e+08,0,3.14331e+07,-863453,863453,1.26828e+07
0,0,0,8.813e+08,0,3.14335e+07,-863453,863453,1.26828e+07
0,0,0,8.813e+08,0,3.14339e+07,-863453,863453,1.26828e+07
0,0,0,8.813e+08,0,3.14343e+07,-863453,863453,1.26828e+07
0,0,0,8.813e+08,0,3.21554e+07,-863453,863453,1.26828e+07
0,0,0,8.813e+08,0,3.21558e+07,-863453,863453,1.26828e+07
0,0,0,8.813e+08,0,3.21562e+07,-863453,863453,1.26828e+07
0,0,0,8.813e+08,0,3.21566e+07,-863453,863453,1.26828e+07
0,0,0,8.813e+08,0,3.45472e+07,-863453,863453,1.26828e+07
0,0,0,8.813e+08,0,3.45477e+07,-863453,863453,1.26828e+07
0,0,0,8.813e+08,0,3.45481e+07,-863453,863453,1.26828e+07
0,0,0,8.813e+08,0,3.45485e+07,-863453,863453,1.26828e+07
0,0,0,8.813e+08,0,3.4549e+07,-863453,863453,1.26828e+07
0,0,0,8.813e+08,0,3.32073e+07,-863453,863453,1.26828e+07
0,0,0,8.813e+08,0,3.32077e+07,-863453,863453,1.26828e+07
0,0,0,8.813e+08,0,3.32081e+07,-863453,863453,1.26828e+07
0,0,0,8.813e+08,0,3.32085e+07,-863453,863453,1.26828e+07
0,0,0,8.813e+08,0,3.20268e+07,-863453,863453,1.26828e+07
0,0,0,8.813e+08,0,3.20272e+07,-863453,863453,1.26828e+07
0,0,0,8.813e+08,0,3.20276e+07,-863453,863453,1.26828e+07
0,0,0,8.813e+08,0,3.2028e+07,-863453,863453,1.26828e+07
0,0,0,8.813e+08,0,2.92908e+07,-863453,863453,1.26828e+07
0,0,0,8.813e+08,0,2.92912e+07,-863453,863453,1.26828e+07
0,0,0,8.813e+08,0,2.92916e+07,-863453,863453,1.26828e+07
0,0,0,8.813e+08,0,2.92919e+07,-863453,863453,1.26828e+07
0,0,0,8.813e+08,0,2.92923e+07,-863453,863453,1.26828e+07
0,0,0,8.813e+08,0,2.92923e+07,-863453,863453,1.26828e+07
0,0,0,8.813e+08,0,3.01836e+07,-863453,863453,1.26828e+07
0,0,0,8.813e+08,0,3.01838e+07,-863453,863453,1.26828e+07
0,0,0,8.813e+08,0,3.0184e+07,-863453,863453,1.26828e+07
0,0,0,8.813e+08,0,3.01842e+07,-863453,863453,1.26828e+07
0,0,0,8.813e+08,0,3.33134e+07,-863453,863453,1.26828e+07
0,0,0,8.813e+08,0,3.33136e+07,-863453,863453,1.26828e+07
0,0,0,8.813e+08,0,3.33138e+07,-863453,863453,1.26828e+07
0,0,0,8.813e+08,0,3.33141e+07,-863453,863453,1.26828e+07
0,0,0,8.813e+08,0,2.90075e+07,-863453,863453,1.26828e+07
0,0,0,8.813e+08,0,2.90076e+07,-863453,863453,1.26828e+07
0,0,0,8.813e+08,0,2.90078e+07,-863453,863453,1.26828e+07
0,0,0,8.813e+08,0,2.9008e+07,-863453,863453,1.26828e+07
0,0,0,8.813e+08,0,2.90082e+07,-863453,863453,1.26828e+07
0,0,0,8.813e+08,0,3.00749e+07,-863453,863453,1.26828e+07
0,0,0,8.813e+08,0,3.00752e+07,-863453,863453,1.26828e+07
0,0,0,8.813e+08,0,3.00754e+07,-863453,863453,1.26828e+07
0,0,0,8.813e+08,0,3.00756e+07,-863453,863453,1.26828e+07
0,0,0,8.813e+08,0,2.96603e+07,-863453,863453,1.26828e+07
0,0,0,8.813e+08,0,2.96605e+07,-863453,863453,1.26828e+07
0,0,0,8.813e+08,0,2.96607e+07,-863453,863453,1.26828e+07
0,0,0,8.813e+08,0,2.96609e+07,-863453,863453,1.26828e+07
0,0,0,8.813e+08,0,3.11072e+07,-863453,863453,1.26828e+07
0,0,0,8.813e+08,0,3.11074e+07,-863453,863453,1.26828e+07
0,0,0,8.813e+08,0,3.11076e+07,-863453,863453,1.26828e+07
0,0,0,8.813e+08,0,3.11078e+07,-863453,863453,1.26828e+07
0,0,0,8.813e+08,0,3.1108e+07,-863453,863453,1.26828e+07
0,0,0,8.813e+08,0,3.14488e+07,-863453,863453,1.26828e+07
0,0,0,8.813e+08,0,3.1449e+07,-863453,863453,1.26828e+07
0,0,0,8.813e+08,0,3.14492e+07,-863453,863453,1.26828e+07
0,0,0,8.813e+08,0,3.14494e+07,-863453,863453,1.26828e+07
0,0,0,8.813e+08,0,3.21707e+07,-863453,863453,1.26828e+07
0,0,0,8.813e+08,0,3.21709e+07,-863453,863453,1.26828e+07
0,0,0,8.813e+08,0,3.21711e+07,-863453,863453,1.26828e+07
0,0,0,8.813e+08,0,3.21713e+07,-863453,863453,1.26828e+07
0,0,0,8.813e+08,0,3.45628e+07,-863453,863453,1.26828e+07
0,0,0,8.813e+08,0,3.45631e+07,-863453,863453,1.26828e+07
0,0,0,8.813e+08,0,3.45633e+07,-863453,863453,1.26828e+07
0,0,0,8.813e+08,0,3.45635e+07,-863453,863453,1.26828e+07
0,0,0,8.813e+08,0,3.45638e+07,-863453,863453,1.26828e+07
0,0,0,8.813e+08,0,3.32213e+07,-863453,863453,1.26828e+07
0,0,0,8.813e+08,0,3.32215e+07,-863453,863453,1.26828e+07
0,0,0,8.813e+08,0,3.32217e+07,-863453,863453,1.26828e+07
0,0,0,8.813e+08,0,3.32219e+07,-863453,863453,1.26828e+07
0,0,0,8.813e+08,0,3.20395e+07,-863453,863453,1.26828e+07
0,0,0,8.813e+08,0,3.20397e+07,-863453,863453,1.26828e+07
0,0,0,8.813e+08,0,3.20399e+07,-863453,863453,1.26828e+07
0,0,0,8.813e+08,0,3.20402e+07,-863453,863453,1.26828e+07
0,0,0,8.813e+08,0,2.93017e+07,-863453,863453,1.26828e+07
0,0,0,8.813e+08,0,2.93019e+07,-863453,863453,1.26828e+07
0,0,0,8.813e+08,0,2.93021e+07,-863453,863453,1.26828e+07
0,0,0,8.813e+08,0,2.93023e+07,-863453,863453,1.26828e+07
0,0,0,8.813e+08,0,2.93025e+07,-863453,863453,1.26828e+07
0,0,0,8.813e+08,0,2.71161e+07,-3.94125e+06,3.94125e+06,1.43428e+07
0,0,0,8.813e+08,0,2.71162e+07,-3.94125e+06,3.94125e+06,1.43428e+07
0,0,0,8.813e+08,0,2.71162e+07,-3.94126e+06,3.94126e+06,1.43428e+07
0,0,0,8.813e+08,0,2.71162e+07,-3.94126e+06,3.94126e+06,1.43428e+07
0,0,0,8.813e+08,0,2.99124e+07,-4.27518e+06,4.27518e+06,1.43428e+07
0,0,0,8.813e+08,0,2.99124e+07,-4.27518e+06,4.27518e+06,1.43428e+07
0,0,0,8.813e+08,0,2.99124e+07,-4.27519e+06,4.27519e+06,1.43428e+07
0,0,0,8.813e+08,0,2.99125e+07,-4.27519e+06,4.27519e+06,1.43428e+07
0,0,0,8.813e+08,0,2.60639e+07,-3.81559e+06,3.81559e+06,1.43428e+07
0,0,0,8.813e+08,0,2.60639e+07,-3.8156e+06,3.8156e+06,1.43428e+07
0,0,0,8.813e+08,0,2.6064e+07,-3.8156e+06,3.8156e+06,1.43428e+07
0,0,0,8.813e+08,0,2.6064e+07,-3.8156e+06,3.8156e+06,1.43428e+07
0,0,0,8.813e+08,0,2.6064e+07,-3.81561e+06,3.81561e+06,1.43428e+07
0,0,0,8.813e+08,0,2.7017e+07,-3.92942e+06,3.92942e+06,1.43428e+07
0,0,0,8.813e+08,0,2.70171e+07,-3.92942e+06,3.92942e+06,1.43428e+07
0,0,0,8.813e+08,0,3.00831e+07,-863453,863453,1.26828e+07
0,0,0,8.813e+08,0,3.00831e+07,-863453,863453,1.26828e+07
0,0,0,8.813e+08,0,2.96676e+07,-863453,863453,1.26828e+07
0,0,0,8.813e+08,0,2.6646e+07,-3.8851e+06,3.8851e+06,1.43428e+07
0,0,0,8.813e+08,0,2.96676e+07,-863453,863453,1.26828e+07
0,0,0,8.813e+08,0,2.96677e+07,-863453,863453,1.26828e+07
0,0,0,8.813e+08,0,3.11141e+07,-863453,863453,1.26828e+07
0,0,0,8.813e+08,0,3.11141e+07,-863453,863453,1.26828e+07
0,0,0,8.813e+08,0,3.11142e+07,-863453,863453,1.26828e+07
0,0,0,8.813e+08,0,3.11142e+07,-863453,863453,1.26828e+07
0,0,0,8.813e+08,0,3.11142e+07,-863453,863453,1.26828e+07
0,0,0,8.813e+08,0,3.14548e+07,-863453,863453,1.26828e+07
0,0,0,8.813e+08,0,3.14548e+07,-863453,863453,1.26828e+07
0,0,0,8.813e+08,0,3.14549e+07,-863453,863453,1.26828e+07
0,0,0,8.813e+08,0,3.14549e+07,-863453,863453,1.26828e+07
0,0,0,8.813e+08,0,3.21761e+07,-863453,863453,1.26828e+07
0,0,0,8.813e+08,0,3.21762e+07,-863453,863453,1.26828e+07
0,0,0,8.813e+08,0,3.21762e+07,-863453,863453,1.26828e+07
0,0,0,8.813e+08,0,3.21762e+07,-863453,863453,1.26828e+07
0,0,0,8.813e+08,0,3.45679e+07,-863453,863453,1.26828e+07
0,0,0,8.813e+08,0,3.45679e+07,-863453,863453,1.26828e+07
0,0,0,8.813e+08,0,3.4568e+07,-863453,863453,1.26828e+07
0,0,0,8.813e+08,0,3.4568e+07,-863453,863453,1.26828e+07
0,0,0,8.813e+08,0,3.4568e+07,-863453,863453,1.26828e+07
0,0,0,8.813e+08,0,3.32252e+07,-863453,863453,1.26828e+07
0,0,0,8.813e+08,0,3.32252e+07,-863453,863453,1.26828e+07
0,0,0,8.813e+08,0,3.32252e+07,-863453,863453,1.26828e+07
0,0,0,8.813e+08,0,3.32253e+07,-863453,863453,1.26828e+07
0,0,0,8.813e+08,0,3.20425e+07,-863453,863453,1.26828e+07
0,0,0,8.813e+08,0,3.20426e+07,-863453,863453,1.26828e+07
0,0,0,8.813e+08,0,3.20426e+07,-863453,863453,1.26828e+07
0,0,0,8.813e+08,0,3.20426e+07,-863453,863453,1.26828e+07
0,0,0,8.813e+08,0,2.93038e+07,-863453,863453,1.26828e+07
0,0,0,8.813e+08,0,2.93038e+07,-863453,863453,1.26828e+07
0,0,0,8.813e+08,0,2.93038e+07,-863453,863453,1.26828e+07
0,0,0,8.813e+08,0,2.93039e+07,-863453,863453,1.26828e+07
0,0,0,8.813e+08,0,2.93039e+07,-863453,863453,1.26828e+07
0,0,0,8.813e+08,0,3.01952e+07,-863453,863453,1.26828e+07
0,0,0,8.813e+08,0,3.0195e+07,-863453,863453,1.26828e+07
0,0,0,8.813e+08,0,3.01949e+07,-863453,863453,1.26828e+07
0,0,0,8.813e+08,0,3.01947e+07,-863453,863453,1.26828e+07
0,0,0,8.813e+08,0,3.33247e+07,-863453,863453,1.26828e+07
0,0,0,8.813e+08,0,3.33245e+07,-863453,863453,1.26828e+07
0,0,0,8.813e+08,0,3.33244e+07,-863453,863453,1.26828e+07
0,0,0,8.813e+08,0,3.33242e+07,-863453,863453,1.26828e+07
0,0,0,8.813e+08,0,2.90159e+07,-863453,863453,1.26828e+07
0,0,0,8.813e+08,0,2.90158e+07,-863453,863453,1.26828e+07
0,0,0,8.813e+08,0,2.90156e+07,-863453,863453,1.26828e+07
0,0,0,8.813e+08,0,2.90155e+07,-863453,863453,1.26828e+07
0,0,0,8.813e+08,0,2.90153e+07,-863453,863453,1.26828e+07
0,0,0,8.813e+08,0,3.0082e+07,-863453,863453,1.26828e+07
0,0,0,8.813e+08,0,3.00818e+07,-863453,863453,1.26828e+07
0,0,0,8.813e+08,0,3.00817e+07,-863453,863453,1.26828e+07
0,0,0,8.813e+08,0,3.00815e+07,-863453,863453,1.26828e+07
0,0,0,8.813e+08,0,2.96659e+07,-863453,863453,1.26828e+07
0,0,0,8.813e+08,0,2.96657e+07,-863453,863453,1.26828e+07
0,0,0,8.813e+08,0,2.96656e+07,-863453,863453,1.26828e+07
0,0,0,8.813e+08,0,2.96654e+07,-863453,863453,1.26828e+07
0,0,0,8.813e+08,0,3.11116e+07,-863453,863453,1.26828e+07
0,0,0,8.813e+08,0,3.11114e+07,-863453,863453,1.26828e+07
0,0,0,8.813e+08,0,3.11113e+07,-863453,863453,1.26828e+07
0,0,0,8.813e+08,0,3.11111e+07,-863453,863453,1.26828e+07
0,0,0,8.813e+08,0,3.1111e+07,-863453,863453,1.26828e+07
0,0,0,8.813e+08,0,3.14514e+07,-863453,863453,1.26828e+07
0,0,0,8.813e+08,0,3.14512e+07,-863453,863453,1.26828e+07
0,0,0,8.813e+08,0,3.14511e+07,-863453,863453,1.26828e+07
0,0,0,8.813e+08,0,3.14509e+07,-863453,863453,1.26828e+07
0,0,0,8.813e+08,0,3.21718e+07,-863453,863453,1.26828e+07
0,0,0,8.813e+08,0,3.21717e+07,-863453,863453,1.26828e+07
0,0,0,8.813e+08,0,3.21715e+07,-863453,863453,1.26828e+07
0,0,0,8.813e+08,0,3.21714e+07,-863453,863453,1.26828e+07
0,0,0,8.813e+08,0,3.45625e+07,-863453,863453,1.26828e+07
0,0,0,8.813e+08,0,3.45623e+07,-863453,863453,1.26828e+07
0,0,0,8.813e+08,0,3.45621e+07,-863453,863453,1.26828e+07
0,0,0,8.813e+08,0,3.4562e+07,-863453,863453,1.26828e+07
0,0,0,8.813e+08,0,3.45618e+07,-863453,863453,1.26828e+07
0,0,0,8.813e+08,0,3.3219e+07,-863453,863453,1.26828e+07
0,0,0,8.813e+08,0,3.32188e+07,-863453,863453,1.26828e+07
0,0,0,8.813e+08,0,3.32186e+07,-863453,863453,1.26828e+07
0,0,0,8.813e+08,0,3.32185e+07,-863453,863453,1.26828e+07
0,0,0,8.813e+08,0,3.20358e+07,-863453,863453,1.26828e+07
0,0,0,8.813e+08,0,3.20357e+07,-863453,863453,1.26828e+07
0,0,0,8.813e+08,0,3.20355e+07,-863453,863453,1.26828e+07
0,0,0,8.813e+08,0,3.20353e+07,-863453,863453,1.26828e+07
0,0,0,8.813e+08,0,2.9297e+07,-863453,863453,1.26828e+07
0,0,0,8.813e+08,0,2.92969e+07,-863453,863453,1.26828e+07
0,0,0,8.813e+08,0,2.92967e+07,-863453,863453,1.26828e+07
0,0,0,8.813e+08,0,2.92966e+07,-863453,863453,1.26828e+07
0,0,0,8.813e+08,0,2.92964e+07,-863453,863453,1.26828e+07
0,0,0,8.813e+08,0,3.01873e+07,-863453,863453,1.26828e+07
0,0,0,8.813e+08,0,3.0187e+07,-863453,863453,1.26828e+07
0,0,0,8.813e+08,0,3.01867e+07,-863453,863453,1.26828e+07
0,0,0,8.813e+08,0,3.01863e+07,-863453,863453,1.26828e+07
0,0,0,8.813e+08,0,3.33152e+07,-863453,863453,1.26828e+07
0,0,0,8.813e+08,0,3.33148e+07,-863453,863453,1.26828e+07
0,0,0,8.813e+08,0,3.33145e+07,-863453,863453,1.26828e+07
0,0,0,8.813e+08,0,3.33141e+07,-863453,863453,1.26828e+07
0,0,0,8.813e+08,0,2.9007e+07,-863453,863453,1.26828e+07
0,0,0,8.813e+08,0,2.90067e+07,-863453,863453,1.26828e+07
0,0,0,8.813e+08,0,2.90064e+07,-863453,863453,1.26828e+07
0,0,0,8.813e+08,0,2.90061e+07,-863453,863453,1.26828e+07
0,0,0,8.813e+08,0,2.90058e+07,-863453,863453,1.26828e+07
0,0,0,8.813e+08,0,3.00719e+07,-863453,863453,1.26828e+07
0,0,0,8.813e+08,0,3.00716e+07,-863453,863453,1.26828e+07
0,0,0,8.813e+08,0,3.00712e+07,-863453,863453,1.26828e+07
0,0,0,8.813e+08,0,3.00709e+07,-863453,863453,1.26828e+07
0,0,0,8.813e+08,0,2.96552e+07,-863453,863453,1.26828e+07
0,0,0,8.813e+08,0,2.96549e+07,-863453,863453,1.26828e+07
0,0,0,8.813e+08,0,2.96546e+07,-863453,863453,1.26828e+07
0,0,0,8.813e+08,0,2.96543e+07,-863453,863453,1.26828e+07
0,0,0,8.813e+08,0,3.10997e+07,-863453,863453,1.26828e+07
0,0,0,8.813e+08,0,3.10993e+07,-863453,863453,1.26828e+07
0,0,0,8.813e+08,0,3.1099e+07,-863453,863453,1.26828e+07
0,0,0,8.813e+08,0,3.10987e+07,-863453,863453,1.26828e+07
0,0,0,8.813e+08,0,3.10984e+07,-863453,863453,1.26828e+07
0,0,0,8.813e+08,0,3.14384e+07,-863453,863453,1.26828e+07
0,0,0,8.813e+08,0,3.14381e+07,-863453,863453,1.26828e+07
0,0,0,8.813e+08,0,3.14377e+07,-863453,863453,1.26828e+07
0,0,0,8.813e+08,0,3.14374e+07,-863453,863453,1.26828e+07
0,0,0,8.813e+08,0,3.21578e+07,-863453,863453,1.26828e+07
0,0,0,8.813e+08,0,3.21575e+07,-863453,863453,1.26828e+07
0,0,0,8.813e+08,0,3.21571e+07,-863453,863453,1.26828e+07
0,0,0,8.813e+08,0,3.21568e+07,-863453,863453,1.26828e+07
0,0,0,8.813e+08,0,3.45466e+07,-863453,863453,1.26828e+07
0,0,0,8.813e+08,0,3.45462e+07,-863453,863453,1.26828e+07
0,0,0,8.813e+08,0,3.45459e+07,-863453,863453,1.26828e+07
0,0,0,8.813e+08,0,3.45455e+07,-863453,863453,1.26828e+07
0,0,0,8.813e+08,0,3.45451e+07,-863453,863453,1.26828e+07
0,0,0,8.813e+08,0,3.32028e+07,-863453,863453,1.26828e+07
0,0,0,8.813e+08,0,3.32024e+07,-863453,863453,1.26828e+07
0,0,0,8.813e+08,0,3.32021e+07,-863453,863453,1.26828e+07
0,0,0,8.813e+08,0,3.32017e+07,-863453,863453,1.26828e+07
0,0,0,8.813e+08,0,3.20195e+07,-863453,863453,1.26828e+07
0,0,0,8.813e+08,0,3.20191e+07,-863453,863453,1.26828e+07
0,0,0,8.813e+08,0,3.20188e+07,-863453,863453,1.26828e+07
