0volume,0demand,0up_spill,0ww_inflow,0catch_inflow,0evap,0ds_spill,0treat_cap,1volume,1demand,1up_spill,1ww_inflow,1catch_inflow,1evap,1ds_spill,1treat_cap,2volume,2s_area,2demand,2up_spill,2ww_inflow,2catch_inflow,2evap,2ds_spill,2treat_cap,2valloc_0,2talloc_0,2valloc_1,2talloc_1,3volume,3demand,3up_spill,3ww_inflow,3catch_inflow,3evap,3ds_spill,3treat_cap,3valloc_1,3talloc_1,3valloc_2,3talloc_2,4demand,4up_spill,4ww_inflow,4catch_inflow,4ds_spill,4treat_cap,11volume,11s_area,11demand,11up_spill,11ww_inflow,11catch_inflow,11evap,11ds_spill,11treat_cap
72.29,1.84028,0,0,2.57638,0.293947,0.442155,3.6288,61.308,0,0,0,1.92759,0.155951,1.77164,0.66528,12.849,1,0.327095,0.442155,0,52.9897,3.87471,49.2301,0.84672,12.849,0.84672,3695.15,0,0,0,1.39856,0,9.79491,0.703148,10.4903,0.42336,0,0.42336,460.49,0,1.69344,0,0,3.092,1.39856,1.028160,1,0,61.492,0,0,0,61.492,0
72.29,1.8586,0,0,2.98372,0.301038,0.824083,3.6288,61.308,0.66528,0,0,2.46406,0.131372,1.66741,0.66528,12.849,1,0.330352,0.824083,0,73.8398,3.5216,70.8119,0.84672,12.849,0.84672,3695.15,0,0,0,2.99806,1.74664,14.1661,0.522835,18.388,0.42336,0,0.42336,460.49,0,1.02816,0,0,4.02622,2.99806,1.028160,1,0,90.8673,0,0,0,90.8673,0
72.2214,1.85973,0,0,2.45506,0.301038,0.36288,3.6288,61.308,0.66528,0,0,2.1156,0.131372,1.31895,0.66528,12.849,1,0.330553,0.36288,0,47.7218,3.5216,44.2326,0.84672,12.849,0.84672,3695.15,0,0,0,2.37797,1.73504,10.2369,0.522835,13.8271,0.42336,0,0.42336,460.49,0,1.02816,0,0,3.40613,2.37797,1.028160,1,0,59.3786,0,0,0,59.3786,0
72.29,1.86059,0,0,2.71986,0.300881,0.48981,3.6288,61.308,0.66528,0,0,2.20605,0.131372,1.4094,0.66528,12.849,1,0.33102,0.48981,0,57.0134,3.5216,53.6506,0.84672,12.849,0.84672,3695.15,0,0,0,2.48761,1.73529,11.7751,0.522835,15.4752,0.42336,0,0.42336,460.49,0,1.02816,0,0,3.51577,2.48761,1.028160,1,0,70.5351,0,0,0,70.5351,0
72.29,2.06681,0,0,3.0162,0.313519,0.635873,3.6288,61.308,0.66528,0,0,2.73205,0.129075,1.9377,0.66528,12.849,1,0.367359,0.635873,0,59.6875,3.3349,56.6211,0.84672,12.849,0.84672,3695.15,0,0,0,2.64793,1.73554,11.7156,0.639927,15.4591,0.42336,0,0.42336,460.49,0,1.02816,0,0,3.67609,2.64793,1.028160,1,0,74.018,0,0,0,74.018,0
72.29,2.21123,0,0,3.15039,0.306328,0.632841,3.6288,61.308,0.66528,0,0,3.01234,0.141655,2.20541,0.66528,12.849,1,0.393029,0.632841,0,69.424,3.23337,66.4304,0.84672,12.849,0.84672,3695.15,0,0,0,3.47096,1.91131,11.8943,0.863468,16.4132,0.42336,0,0.42336,460.49,0,1.02816,0,0,4.49912,3.47096,1.028160,1,0,85.049,0,0,0,85.049,0
72.29,2.21247,0,0,3.95544,0.306328,1.43664,3.6288,61.308,0.66528,0,0,2.85988,0.141655,2.05295,0.66528,12.849,1,0.393251,1.43664,0,95.5748,3.23337,93.3848,0.84672,12.849,0.84672,3695.15,0,0,0,3.76084,1.81291,13.1659,0.863468,17.8762,0.42336,0,0.42336,460.49,0,1.02816,0,0,4.789,3.76084,1.028160,1,0,113.314,0,0,0,113.314,0
72.29,2.21372,0,0,3.77303,0.306328,1.25298,3.6288,61.308,0.66528,0,0,3.27652,0.141655,2.46959,0.66528,12.849,1,0.393473,1.25298,0,85.2924,3.23337,82.9185,0.84672,12.849,0.84672,3695.15,0,0,0,3.79201,1.81319,13.4641,0.863468,18.2059,0.42336,0,0.42336,460.49,0,1.02816,0,0,4.82017,3.79201,1.028160,1,0,103.594,0,0,0,103.594,0
72.29,1.92244,0,0,3.8675,0.30443,1.64063,3.6288,61.308,0.459994,0,0,2.65789,0.169751,2.02814,0.66528,12.849,1,0.341699,1.64063,0,64.0035,3.36081,61.9416,0.84672,12.849,0.84672,3695.15,0,0,0,2.71458,1.81346,11.415,1.01453,14.9285,0.42336,0,0.42336,460.49,0,1.02816,0,0,3.74274,2.71458,1.028160,1,0,78.8982,0,0,0,78.8982,0
72.29,1.75925,0,0,5.65616,0.303006,3.5939,3.6288,61.308,0.653467,0,0,2.76699,0.190823,1.9227,0.66528,12.849,1,0.312693,3.5939,0,89.4491,3.45639,89.2739,0.84672,12.849,0.84672,3695.15,0,0,0,3.19245,1.57405,12.571,1.12783,16.2097,0.42336,0,0.42336,460.49,0,1.02816,0,0,4.22061,3.19245,1.028160,1,0,107.406,0,0,0,107.406,0
72.29,1.75993,0,0,4.99588,0.303006,2.93294,3.6288,61.308,0.653937,0,0,2.48802,0.190823,1.64326,0.66528,12.849,1,0.312815,2.93294,0,85.7088,3.45639,84.8725,0.84672,12.849,0.84672,3695.15,0,0,0,2.4807,1.68751,10.1706,1.12783,13.2109,0.42336,0,0.42336,460.49,0,1.02816,0,0,3.50886,2.4807,1.028160,1,0,99.7267,0,0,0,99.7267,0
72.29,1.76062,0,0,5.23853,0.305486,3.17242,3.6288,61.308,0.654407,0,0,2.83919,0.18932,1.99546,0.66528,12.849,1,0.312937,3.17242,0,99.0965,3.63001,98.3259,0.84672,12.849,0.84672,3695.15,0,0,0,3.30989,1.68802,12.079,1.1375,15.9394,0.42336,0,0.42336,460.49,0,1.02816,0,0,4.33805,3.30989,1.028160,1,0,116.261,0,0,0,116.261,0
72.29,1.76131,0,0,5.4199,0.309529,3.34906,3.6288,61.308,0.654877,0,0,2.74677,0.191495,1.9004,0.66528,12.849,1,0.313059,3.34906,0,116.062,3.65529,115.443,0.84672,12.849,0.84672,3695.15,0,0,0,3.09938,1.68854,17.5109,1.14094,21.1578,0.42336,0,0.42336,460.49,0,1.02816,0,0,4.12754,3.09938,1.028160,1,0,138.501,0,0,0,138.501,0
72.29,1.83576,0,0,7.16441,0.32784,5.00081,3.6288,61.308,0.66528,0,0,4.06831,0.208155,3.19487,0.66528,12.849,1,0.326292,5.00081,0,160.878,3.39024,162.162,0.84672,12.849,0.84672,3695.15,0,0,0,4.67896,1.68905,20.0359,1.1384,25.2655,0.42336,0,0.42336,460.49,0,1.02816,0,0,5.70712,4.67896,1.028160,1,0,190.622,0,0,0,190.622,0
72.29,1.8575,0,0,5.08588,0.32784,2.90053,3.6288,61.308,0.66528,0,0,3.5184,0.208155,2.64496,0.66528,12.849,1,0.330157,2.90053,0,129.868,3.39024,129.048,0.84672,12.849,0.84672,3695.15,0,0,0,3.75036,1.74876,14.4496,1.1384,18.8103,0.42336,0,0.42336,460.49,0,1.02816,0,0,4.77852,3.75036,1.028160,1,0,150.503,0,0,0,150.503,0
72.29,1.85863,0,0,4.53114,0.286813,2.38569,3.6288,61.308,0.66528,0,0,3.07872,0.248577,2.16486,0.66528,12.849,1,0.330357,2.38569,0,106.245,4.09866,104.202,0.84672,12.849,0.84672,3695.15,0,0,0,3.07787,1.7348,12.2221,1.27772,15.7571,0.42336,0,0.42336,460.49,0,1.02816,0,0,4.10603,3.07787,1.028160,1,0,122.124,0,0,0,122.124,0
72.29,1.85976,0,0,4.20358,0.266992,2.07683,3.6288,61.308,0.66528,0,0,2.89461,0.296282,1.93304,0.66528,12.849,1,0.330558,2.07683,0,94.7912,5.07827,91.4592,0.84672,12.849,0.84672,3695.15,0,0,0,2.61605,1.73505,10.9502,1.48498,13.8164,0.42336,0,0.42336,460.49,0,1.02816,0,0,3.64421,2.61605,1.028160,1,0,107.209,0,0,0,107.209,0
72.29,1.83201,0,0,3.45492,0.245812,1.3771,3.6288,61.308,0.665006,0,0,1.98877,0.250415,1.07335,0.66528,12.849,1,0.325625,1.3771,0,68.0771,4.58596,64.5427,0.84672,12.849,0.84672,3695.15,0,0,0,2.49805,1.7353,9.78549,1.28121,12.7376,0.42336,0,0.42336,460.49,0,1.02816,0,0,3.52621,2.49805,1.028160,1,0,78.3536,0,0,0,78.3536,0
72.29,1.81478,0,0,2.92421,0.253279,0.856147,3.6288,61.308,0.66528,0,0,1.65198,0.246167,0.74053,0.66528,12.849,1,0.322564,0.856147,0,56.0145,4.68457,51.8635,0.84672,12.849,0.84672,3695.15,0,0,0,2.09438,1.71248,8.03114,1.26803,10.57,0.42336,0,0.42336,460.49,0,1.02816,0,0,3.12254,2.09438,1.028160,1,0,63.174,0,0,0,63.174,0
72.29,1.81589,0,0,2.68097,0.240316,0.624764,3.6288,61.308,0.66528,0,0,1.49471,0.2291,0.600331,0.66528,12.849,1,0.322762,0.624764,0,51.3938,4.33069,47.3651,0.84672,12.849,0.84672,3695.15,0,0,0,1.86789,1.72536,7.50514,1.17828,9.92011,0.42336,0,0.42336,460.49,0,1.02816,0,0,2.89605,1.86789,1.028160,1,0,57.8856,0,0,0,57.8856,0
72.29,1.81701,0,0,2.52564,0.223032,0.485604,3.6288,61.308,0.66528,0,0,1.42901,0.206345,0.557388,0.66528,12.849,1,0.322959,0.485604,0,48.124,3.85885,44.4278,0.84672,12.849,0.84672,3695.15,0,0,0,2.00785,1.72561,7.04514,1.0586,9.72,0.42336,0,0.42336,460.49,0,1.02816,0,0,3.03601,2.00785,1.028160,1,0,54.7052,0,0,0,54.7052,0
72.1698,1.91628,0,0,2.3723,0.213297,0.36288,3.6288,61.308,0.66528,0,0,1.53337,0.228973,0.639114,0.66528,12.849,1,0.340605,0.36288,0,44.1221,4.23182,39.9125,0.84672,12.849,0.84672,3695.15,0,0,0,2.25674,1.72586,7.56397,1.10941,10.4372,0.42336,0,0.42336,460.49,0,1.02816,0,0,3.2849,2.25674,1.028160,1,0,50.9888,0,0,0,50.9888,0
71.8076,1.98207,0,0,2.18286,0.200134,0.36288,3.6288,61.308,0.66528,0,0,1.16254,0.259144,0.238114,0.66528,12.849,1,0.352884,0.36288,0,41.4228,4.7291,36.7037,0.84672,12.849,0.84672,3695.15,0,0,0,1.49401,1.80704,6.14323,1.17715,8.26713,0.42336,0,0.42336,460.49,0,1.02816,0,0,2.52217,1.49401,1.028160,1,0,45.2089,0,0,0,45.2089,0
71.1754,1.98173,0,0,1.90483,0.192412,0.36288,3.6288,61.308,0.66528,0,0,1.08056,0.263866,0.151416,0.66528,12.849,1,0.354603,0.36288,0,37.0236,4.78264,32.2492,0.84672,12.849,0.84672,3695.15,0,0,0,1.32748,1.76242,5.94179,1.19083,7.84085,0.42336,0,0.42336,460.49,0,1.02816,0,0,2.35564,1.32748,1.028160,1,0,40.2415,0,0,0,40.2415,0
70.4775,1.98023,0,0,1.79389,0.148662,0.36288,3.6288,61.308,0.66528,0,0,1.03554,0.292196,0.0780627,0.66528,12.849,1,0.357482,0.36288,0,33.1996,5.10395,28.1011,0.84672,12.849,0.84672,3695.15,0,0,0,1.22067,1.76267,5.61944,1.27292,7.32986,0.42336,0,0.42336,460.49,0,1.02816,0,0,2.24883,1.22067,1.028160,1,0,35.509,0,0,0,35.509,0
69.6939,1.9784,0,0,1.70254,0.144877,0.36288,3.6288,61.308,0.66528,0,0,1.00235,0.28365,0.0534223,0.66528,12.849,1,0.360688,0.36288,0,34.1287,5.05405,29.0768,0.84672,12.849,0.84672,3695.15,0,0,0,1.0696,1.76293,5.96526,1.25202,7.54577,0.42336,0,0.42336,460.49,0,1.02816,0,0,2.09776,1.0696,1.028160,1,0,36.676,0,0,0,36.676,0
69.0948,1.9568,0,0,1.84668,0.126165,0.36288,3.6288,61.308,0.66528,0,0,1.07787,0.232375,0.18022,0.66528,12.849,1,0.360762,0.36288,0,38.9581,4.75471,34.2055,0.84672,12.849,0.84672,3695.15,0,0,0,1.28151,1.76319,5.81742,1.12664,7.73548,0.42336,0,0.42336,460.49,0,1.02816,0,0,2.30967,1.28151,1.028160,1,0,42.1212,0,0,0,42.1212,0
68.4185,1.99093,0,0,1.8031,0.12558,0.36288,3.6288,61.308,0.66528,0,0,1.01372,0.232375,0.116068,0.66528,12.849,1,0.370238,0.36288,0,36.6587,4.75471,31.8967,0.84672,12.849,0.84672,3695.15,0,0,0,1.27334,1.79179,6.00948,1.12664,7.94797,0.42336,0,0.42336,460.49,0,1.02816,0,0,2.3015,1.27334,1.028160,1,0,39.9607,0,0,0,39.9607,0
67.644,1.98902,0,0,1.67909,0.101701,0.36288,3.6288,61.308,0.66528,0,0,0.993445,0.271236,0.0569281,0.66528,12.849,1,0.373538,0.36288,0,34.8186,5.29764,29.5103,0.84672,12.849,0.84672,3695.15,0,0,0,1.14531,1.76734,5.75751,1.31039,7.35978,0.42336,0,0.42336,460.49,0,1.02816,0,0,2.17347,1.14531,1.028160,1,0,36.927,0,0,0,36.927,0
66.6817,1.98659,0,0,1.4797,0.0924507,0.36288,3.6288,61.303,0.66528,0,0,0.939047,0.278742,0,0.66528,12.849,1,0.377353,0.36288,0,31.9734,5.92161,26.0373,0.84672,12.849,0.84672,3695.15,0,0,0,1.14058,1.7676,5.76444,1.53477,7.13785,0.42336,0,0.42336,460.49,0,1.02816,0,0,2.16874,1.14058,1.028160,1,0,33.1751,0,0,0,33.1751,0
65.5099,2.03284,0,0,1.30851,0.0845972,0.36288,3.6288,61.1059,0.66528,0,0,0.772416,0.304234,0,0.66528,12.849,1,0.391711,0.36288,0,27.0551,5.70261,21.3237,0.84672,12.849,0.84672,3695.15,0,0,0,0.712394,1.76786,4.597,1.4938,5.58345,0.42336,0,0.42336,460.49,0,1.02816,0,0,1.74055,0.712394,1.028160,1,0,26.9071,0,0,0,26.9071,0
64.1157,2.05967,0,0,1.10926,0.0809376,0.36288,3.6288,60.7897,0.66528,0,0,0.663604,0.314578,0,0.66528,12.849,1,0.40398,0.36288,0,24.5212,5.58789,18.8922,0.84672,12.849,0.84672,3695.15,0,0,0,0.467277,1.80834,4.20864,1.46735,5.0169,0.42336,0,0.42336,460.49,0,1.02816,0,0,1.49544,0.467277,1.028160,1,0,23.9091,0,0,0,23.9091,0
62.6287,2.05353,0,0,1.00946,0.0800349,0.36288,3.6288,60.4471,0.66528,0,0,0.636647,0.313948,0,0.66528,12.849,1,0.411535,0.36288,0,23.0316,5.58789,17.395,0.84672,12.849,0.84672,3695.15,0,0,0,0.326022,1.78656,3.91264,1.46735,4.55787,0.42336,0,0.42336,460.49,0,1.02816,0,0,1.35418,0.326022,1.028160,1,0,21.9529,0,0,0,21.9529,0
61.0281,2.0466,0,0,0.873504,0.0646597,0.36288,3.6288,60.0955,0.66528,0,0,0.633969,0.320294,0,0.66528,12.849,1,0.419884,0.36288,0,21.975,5.8297,16.0883,0.84672,12.849,0.84672,3695.15,0,0,0,0.31117,1.78682,3.96487,1.4974,4.56546,0.42336,0,0.42336,460.49,0,1.02816,0,0,1.33933,0.31117,1.028160,1,0,20.6537,0,0,0,20.6537,0
59.2373,2.18214,0,0,0.828006,0.0738039,0.36288,3.6288,59.7198,0.66528,0,0,0.606365,0.316806,0,0.66528,12.849,1,0.459433,0.36288,0,20.3675,5.70891,14.562,0.84672,12.849,0.84672,3695.15,0,0,0,0.315801,1.78709,3.7607,1.41104,4.45255,0.42336,0,0.42336,460.49,0,1.02816,0,0,1.34396,0.315801,1.028160,1,0,19.0146,0,0,0,19.0146,0
57.7048,2.28034,0,0,1.18638,0.075567,0.36288,3.6288,59.4603,0.66528,0,0,0.744666,0.338817,0,0.66528,12.849,1,0.494623,0.36288,0,24.2154,5.70539,18.3783,0.84672,12.849,0.84672,3695.15,0,0,0,0.795476,1.92515,4.29454,1.52878,5.48639,0.42336,0,0.42336,460.49,0,1.02816,0,0,1.82364,0.795476,1.028160,1,0,23.8647,0,0,0,23.8647,0
55.9378,2.27037,0,0,0.940671,0.0744514,0.36288,3.6288,59.0157,0.66528,0,0,0.558931,0.338255,0,0.66528,12.849,1,0.505538,0.36288,0,26.5896,5.70539,20.7416,0.84672,12.849,0.84672,3695.15,0,0,0,0.341487,1.84827,3.4482,1.52878,4.10918,0.42336,0,0.42336,460.49,0,1.02816,0,0,1.36965,0.341487,1.028160,1,0,24.8507,0,0,0,24.8507,0
54.387,2.25815,0,0,1.14333,0.0731651,0.36288,3.6288,58.9118,0.66528,0,0,0.898615,0.337293,0,0.66528,12.849,1,0.518701,0.36288,0,23.1779,5.70539,17.3167,0.84672,12.849,0.84672,3695.15,0,0,0,1.24264,1.8489,4.96843,1.52878,6.53119,0.42336,0,0.42336,460.49,0,1.02816,0,0,2.2708,1.24264,1.028160,1,0,23.8479,0,0,0,23.8479,0
52.622,2.24695,0,0,0.921249,0.0763901,0.36288,3.6288,58.5725,0.66528,0,0,0.635917,0.309907,0,0.66528,12.849,1,0.530845,0.36288,0,19.9453,4.96601,14.8113,0.84672,12.849,0.84672,3695.15,0,0,0,0.61884,1.84953,4.98141,1.24097,6.20881,0.42336,0,0.42336,460.49,0,1.02816,0,0,1.647,0.61884,1.028160,1,0,21.0201,0,0,0,21.0201,0
51.5542,2.16525,0,0,1.55551,0.0951507,0.36288,3.6288,58.5806,0.610535,0,0,0.903711,0.285043,0,0.66528,12.849,1,0.528702,0.36288,0,26.1736,4.61234,21.3954,0.84672,12.849,0.84672,3695.15,0,0,0,2.66362,1.85016,6.31315,1.28284,9.54409,0.42336,0,0.42336,460.49,0,1.02816,0,0,3.69178,2.66362,1.028160,1,0,30.9395,0,0,0,30.9395,0
50.3635,2.09672,0,0,1.36295,0.0941054,0.36288,3.6288,58.1889,0.66528,0,0,0.558596,0.285058,0,0.66528,12.849,1,0.52257,0.36288,0,26.5745,4.61234,21.8025,0.84672,12.849,0.84672,3695.15,0,0,0,1.64336,1.7709,4.97698,1.28284,7.1084,0.42336,0,0.42336,460.49,0,1.02816,0,0,2.67152,1.64336,1.028160,1,0,28.9109,0,0,0,28.9109,0
48.9283,2.08804,0,0,1.10872,0.0929396,0.36288,3.6288,57.699,0.66528,0,0,0.459765,0.284339,0,0.66528,12.849,1,0.532713,0.36288,0,24.403,4.61234,19.6208,0.84672,12.849,0.84672,3695.15,0,0,0,1.05777,1.81574,4.4969,1.28284,6.08757,0.42336,0,0.42336,460.49,0,1.02816,0,0,2.08593,1.05777,1.028160,1,0,25.7084,0,0,0,25.7084,0
48.1653,2.07683,0,0,1.83184,0.155152,0.36288,3.6288,57.5058,0.66528,0,0,0.696236,0.22418,0,0.66528,12.849,1,0.545395,0.36288,0,34.7427,3.78182,30.7784,0.84672,12.849,0.84672,3695.15,0,0,0,1.62322,1.81601,5.95747,1.02325,8.37346,0.42336,0,0.42336,460.49,0,1.02816,0,0,2.65138,1.62322,1.028160,1,0,39.1519,0,0,0,39.1519,0
47.533,2.01617,0,0,1.94028,0.193525,0.36288,3.6288,57.5571,0.611178,0,0,0.881254,0.218818,0,0.66528,12.849,1,0.53785,0.36288,0,57.8013,3.88834,53.7379,0.84672,12.849,0.84672,3695.15,0,0,0,1.17467,1.81629,11.5342,0.9123,13.6129,0.42336,0,0.42336,460.49,0,1.02816,0,0,2.20283,1.17467,1.028160,1,0,67.3508,0,0,0,67.3508,0
46.6282,1.95224,0,0,1.59677,0.186478,0.36288,3.6288,57.4402,0.66528,0,0,0.796784,0.248382,0,0.66528,12.849,1,0.527725,0.36288,0,23.9819,4.43541,19.3816,0.84672,12.849,0.84672,3695.15,0,0,0,0.500869,1.74518,6.21518,0.97511,7.48611,0.42336,0,0.42336,460.49,0,1.02816,0,0,1.52903,0.500869,1.028160,1,0,26.8677,0,0,0,26.8677,0
46.6278,1.94533,0,0,2.49246,0.184627,0.36288,3.6288,57.4687,0.66528,0,0,0.941946,0.248194,0,0.66528,12.849,1,0.536061,0.36288,0,32.1375,4.43541,27.5289,0.84672,12.849,0.84672,3695.15,0,0,0,0.85587,1.78961,8.23621,0.97511,9.90658,0.42336,0,0.42336,460.49,0,1.02816,0,0,1.88403,0.85587,1.028160,1,0,37.4355,0,0,0,37.4355,0
50.1777,1.94644,0,0,6.0439,0.184627,0.36288,3.6288,58.8833,0.66528,0,0,2.32819,0.24824,0,0.66528,12.849,1,0.536372,0.36288,0,73.5279,4.43541,68.919,0.84672,12.849,0.84672,3695.15,0,0,0,3.868,1.78988,13.6553,0.97511,18.3381,0.42336,0,0.42336,460.49,0,1.02816,0,0,4.89616,3.868,1.028160,1,0,87.2571,0,0,0,87.2571,0
51.4012,1.82001,0,0,3.61608,0.209673,0.36288,3.6288,60.1873,0.529197,0,0,2.0655,0.232295,0,0.66528,12.849,1,0.466049,0.36288,0,52.3677,4.1499,48.1147,0.84672,12.849,0.84672,3695.15,0,0,0,2.84789,1.79014,9.91768,0.956615,13.5991,0.42336,0,0.42336,460.49,0,1.02816,0,0,3.87605,2.84789,1.028160,1,0,61.7138,0,0,0,61.7138,0
52.8992,1.70543,0,0,3.80342,0.237144,0.36288,3.6288,61.308,0.66528,0,0,3.28165,0.180271,1.31544,0.66528,12.849,1,0.426314,0.36288,0,69.5426,3.65106,65.8281,0.84672,12.849,0.84672,3695.15,0,0,0,3.90634,1.63162,13.428,0.98462,17.9814,0.42336,0,0.42336,460.49,0,1.02816,0,0,4.9345,3.90634,1.028160,1,0,85.1249,0,0,0,85.1249,0
54.0919,1.71581,0,0,3.51221,0.240846,0.36288,3.6288,61.308,0.66528,0,0,3.11627,0.181557,2.26943,0.66528,12.849,1,0.416763,0.36288,0,52.9292,3.65106,49.2242,0.84672,12.849,0.84672,3695.15,0,0,0,3.60578,1.72293,12.8784,0.98462,17.2224,0.42336,0,0.42336,460.49,0,1.02816,0,0,4.63394,3.60578,1.028160,1,0,68.7161,0,0,0,68.7161,0
56.2228,1.7239,0,0,4.46107,0.243391,0.36288,3.6288,61.308,0.66528,0,0,3.01442,0.186944,2.16219,0.66528,12.849,1,0.409496,0.36288,0,59.5907,3.81644,55.7276,0.84672,12.849,0.84672,3695.15,0,0,0,3.70729,1.72346,12.7064,1.03596,17.1012,0.42336,0,0.42336,460.49,0,1.02816,0,0,4.73545,3.70729,1.028160,1,0,74.991,0,0,0,74.991,0
58.8012,1.73721,0,0,4.92465,0.246187,0.36288,3.6288,61.308,0.66528,0,0,3.0349,0.219263,2.15036,0.66528,12.849,1,0.397016,0.36288,0,61.1709,4.80869,56.328,0.84672,12.849,0.84672,3695.15,0,0,0,4.34173,1.72398,13.5574,1.344,18.2791,0.42336,0,0.42336,460.49,0,1.02816,0,0,5.36989,4.34173,1.028160,1,0,76.7575,0,0,0,76.7575,0
61.649,1.81493,0,0,5.29222,0.266604,0.36288,3.6288,61.308,0.66528,0,0,3.12933,0.221738,2.24231,0.66528,12.849,1,0.396592,0.36288,0,99.6684,4.20298,95.4318,0.84672,12.849,0.84672,3695.15,0,0,0,2.85808,1.72451,15.2611,0.989522,18.8542,0.42336,0,0.42336,460.49,0,1.02816,0,0,3.88624,2.85808,1.028160,1,0,116.528,0,0,0,116.528,0
66.0906,1.86896,0,0,6.94944,0.275933,0.36288,3.6288,61.308,0.66528,0,0,2.65067,0.22215,1.76324,0.66528,12.849,1,0.389532,0.36288,0,119.715,4.10203,115.586,0.84672,12.849,0.84672,3695.15,0,0,0,2.06734,1.77454,11.5182,0.930442,14.4297,0.42336,0,0.42336,460.49,0,1.02816,0,0,3.0955,2.06734,1.028160,1,0,131.779,0,0,0,131.779,0
68.2984,1.89197,0,0,4.74864,0.286049,0.36288,3.6288,61.308,0.66528,0,0,2.34042,0.22215,1.45299,0.66528,12.849,1,0.367827,0.36288,0,82.9363,4.10203,78.8293,0.84672,12.849,0.84672,3695.15,0,0,0,1.22549,1.74806,9.40939,0.930442,11.4525,0.42336,0,0.42336,460.49,0,1.02816,0,0,2.25365,1.22549,1.028160,1,0,91.7348,0,0,0,91.7348,0
68.9949,1.90308,0,0,3.25359,0.291077,0.36288,3.6288,61.308,0.66528,0,0,1.75022,0.22215,0.862792,0.66528,12.849,1,0.358026,0.36288,0,52.1988,4.10203,48.1016,0.84672,12.849,0.84672,3695.15,0,0,0,0.882835,1.74831,7.62229,0.930442,9.323,0.42336,0,0.42336,460.49,0,1.02816,0,0,1.911,0.882835,1.028160,1,0,58.2874,0,0,0,58.2874,0
69.487,2.11419,0,0,3.31344,0.344333,0.36288,3.6288,61.308,0.66528,0,0,1.85438,0.196438,0.992659,0.66528,12.849,1,0.393728,0.36288,0,79.3573,3.66762,75.6588,0.84672,12.849,0.84672,3695.15,0,0,0,0.863283,1.74855,8.23625,0.887936,9.96015,0.42336,0,0.42336,460.49,0,1.02816,0,0,1.89144,0.863283,1.028160,1,0,86.6116,0,0,0,86.6116,0
70.9703,2.2626,0,0,4.44923,0.340407,0.36288,3.6288,61.308,0.66528,0,0,2.13098,0.160621,1.30508,0.66528,12.849,1,0.418383,0.36288,0,121.173,3.29658,117.821,0.84672,12.849,0.84672,3695.15,0,0,0,1.06986,1.92744,9.7734,0.689361,12.0813,0.42336,0,0.42336,460.49,0,1.02816,0,0,2.09802,1.06986,1.028160,1,0,131.208,0,0,0,131.208,0
71.3663,2.27123,0,0,3.37439,0.344322,0.36288,3.6288,61.308,0.759827,0,0,1.73575,0.160621,0.815302,0.66528,12.849,1,0.4112,0.36288,0,92.0436,3.29658,88.6987,0.84672,12.849,0.84672,3695.15,0,0,0,0.608429,1.82728,8.88028,0.689361,10.6266,0.42336,0,0.42336,460.49,0,0.933613,0,0,1.54204,0.608429,1.028160,1,0,100.141,0,0,0,100.141,0
72.29,2.27438,0,0,6.7475,0.332471,3.21692,3.6288,61.308,0.66528,0,0,3.41145,0.188284,2.55789,0.66528,12.849,1,0.409487,3.21692,0,133.863,3.95178,132.719,0.84672,12.849,0.84672,3695.15,0,0,0,2.27513,1.82755,12.3157,0.894341,15.5241,0.42336,0,0.42336,460.49,0,1.02816,0,0,3.30329,2.27513,1.028160,1,0,150.801,0,0,0,150.801,0
72.29,1.98233,0,0,6.63908,0.329879,4.32687,3.6288,61.308,0.455966,0,0,3.70456,0.18644,3.06216,0.66528,12.849,1,0.352345,4.32687,0,160.023,3.903,160.095,0.84672,12.849,0.84672,3695.15,0,0,0,3.67279,1.82782,13.2691,0.95238,17.8174,0.42336,0,0.42336,460.49,0,1.02816,0,0,4.70095,3.67279,1.028160,1,0,180.974,0,0,0,180.974,0
72.29,1.79496,0,0,4.75625,0.330221,2.63107,3.6288,61.308,0.66528,0,0,2.54491,0.169228,1.7104,0.66528,12.849,1,0.31904,2.63107,0,145.518,3.48852,144.342,0.84672,12.849,0.84672,3695.15,0,0,0,1.86463,1.58415,8.8039,0.920444,11.3322,0.42336,0,0.42336,460.49,0,1.02816,0,0,2.89279,1.86463,1.028160,1,0,157.385,0,0,0,157.385,0
72.29,1.79563,0,0,4.48642,0.330221,2.36057,3.6288,61.308,0.66528,0,0,2.28595,0.169228,1.45144,0.66528,12.849,1,0.31916,2.36057,0,133.491,3.48852,132.044,0.84672,12.849,0.84672,3695.15,0,0,0,2.27268,1.71426,8.95216,0.920444,12.0187,0.42336,0,0.42336,460.49,0,1.02816,0,0,3.30084,2.27268,1.028160,1,0,145.514,0,0,0,145.514,0
72.29,1.79631,0,0,6.54977,0.330221,4.42324,3.6288,61.308,0.66528,0,0,2.80452,0.169228,1.97001,0.66528,12.849,1,0.31928,4.42324,0,192.336,3.48852,192.951,0.84672,12.849,0.84672,3695.15,0,0,0,2.55697,1.71477,11.5147,0.920444,14.866,0.42336,0,0.42336,460.49,0,1.02816,0,0,3.58513,2.55697,1.028160,1,0,209.787,0,0,0,209.787,0
72.29,1.79698,0,0,6.39287,0.329477,4.26642,3.6288,61.308,0.66528,0,0,2.68755,0.165261,1.85701,0.66528,12.849,1,0.3194,4.26642,0,193.368,3.56467,193.75,0.84672,12.849,0.84672,3695.15,0,0,0,2.48865,1.71527,12.779,0.958039,16.0249,0.42336,0,0.42336,460.49,0,1.02816,0,0,3.51681,2.48865,1.028160,1,0,211.632,0,0,0,211.632,0
72.29,1.87272,0,0,4.78417,0.322242,2.58921,3.6288,61.308,0.66528,0,0,3.64429,0.226847,2.75216,0.66528,12.849,1,0.332862,2.58921,0,158.264,3.90915,156.611,0.84672,12.849,0.84672,3695.15,0,0,0,3.47968,1.71578,16.1519,1.26178,20.0856,0.42336,0,0.42336,460.49,0,1.02816,0,0,4.50784,3.47968,1.028160,1,0,179.449,0,0,0,179.449,0
72.29,1.916,0,0,5.33664,0.322242,3.0984,3.6288,61.308,0.66528,0,0,2.97232,0.226847,2.0802,0.66528,12.849,1,0.340555,3.0984,0,168.873,3.90915,167.722,0.84672,12.849,0.84672,3695.15,0,0,0,4.19081,1.77653,14.9309,1.26178,19.6364,0.42336,0,0.42336,460.49,0,1.02816,0,0,5.21897,4.19081,1.028160,1,0,189.438,0,0,0,189.438,0
72.29,1.91711,0,0,3.96586,0.322242,1.7265,3.6288,61.308,0.66528,0,0,2.53952,0.226847,1.64739,0.66528,12.849,1,0.340752,1.7265,0,154.217,3.90915,151.694,0.84672,12.849,0.84672,3695.15,0,0,0,3.66472,1.7477,9.98896,1.26178,14.1396,0.42336,0,0.42336,460.49,0,1.02816,0,0,4.69288,3.66472,1.028160,1,0,167.481,0,0,0,167.481,0
72.29,1.91822,0,0,3.3432,0.295458,1.12953,3.6288,61.308,0.66528,0,0,2.25016,0.24112,1.34376,0.66528,12.849,1,0.340949,1.12953,0,117.61,4.08366,114.315,0.84672,12.849,0.84672,3695.15,0,0,0,2.93588,1.74795,7.91407,1.29613,11.3018,0.42336,0,0.42336,460.49,0,1.02816,0,0,3.96404,2.93588,1.028160,1,0,126.961,0,0,0,126.961,0
72.29,1.88994,0,0,3.20722,0.261457,1.05583,3.6288,61.308,0.664617,0,0,2.03458,0.260132,1.10983,0.66528,12.849,1,0.335922,1.05583,0,90.4141,4.81671,86.3173,0.84672,12.849,0.84672,3695.15,0,0,0,2.35142,1.74819,7.73747,1.3335,10.5036,0.42336,0,0.42336,460.49,0,1.02816,0,0,3.37958,2.35142,1.028160,1,0,97.9308,0,0,0,97.9308,0
72.29,1.87237,0,0,2.59802,0.257084,0.46857,3.6288,61.308,0.66528,0,0,1.73426,0.236836,0.832139,0.66528,12.849,1,0.332799,0.46857,0,72.2028,4.43226,67.9063,0.84672,12.849,0.84672,3695.15,0,0,0,1.88328,1.72497,6.91589,1.21524,9.30889,0.42336,0,0.42336,460.49,0,1.02816,0,0,2.91144,1.88328,1.028160,1,0,78.0473,0,0,0,78.0473,0
72.2063,1.87346,0,0,2.40975,0.257084,0.36288,3.6288,61.308,0.66528,0,0,1.47249,0.236836,0.570373,0.66528,12.849,1,0.332994,0.36288,0,63.4833,4.43226,59.0809,0.84672,12.849,0.84672,3695.15,0,0,0,1.26921,1.73807,6.85025,1.21524,8.64228,0.42336,0,0.42336,460.49,0,1.02816,0,0,2.29737,1.26921,1.028160,1,0,68.2935,0,0,0,68.2935,0
71.9094,1.87423,0,0,2.17382,0.233639,0.36288,3.6288,61.308,0.66528,0,0,1.29597,0.248324,0.382361,0.66528,12.849,1,0.333516,0.36288,0,58.8252,4.39521,54.4593,0.84672,12.849,0.84672,3695.15,0,0,0,1.3233,1.73831,5.90722,1.19477,7.77406,0.42336,0,0.42336,460.49,0,1.02816,0,0,2.35146,1.3233,1.028160,1,0,62.6158,0,0,0,62.6158,0
71.4634,1.97396,0,0,2.06744,0.176591,0.36288,3.6288,61.308,0.66528,0,0,1.35577,0.27479,0.415702,0.66528,12.849,1,0.352713,0.36288,0,57.3017,4.4177,52.8942,0.84672,12.849,0.84672,3695.15,0,0,0,1.57389,1.73855,6.07616,1.16448,8.22411,0.42336,0,0.42336,460.49,0,1.02816,0,0,2.60205,1.57389,1.028160,1,0,61.534,0,0,0,61.534,0
71.1169,2.03938,0,0,2.23876,0.183057,0.36288,3.6288,61.308,0.66528,0,0,1.35437,0.276881,0.412211,0.66528,12.849,1,0.366677,0.36288,0,59.8044,4.70712,55.0935,0.84672,12.849,0.84672,3695.15,0,0,0,1.05008,1.82115,6.02291,1.2409,7.65323,0.42336,0,0.42336,460.49,0,1.02816,0,0,2.07824,1.05008,1.028160,1,0,63.159,0,0,0,63.159,0
70.6588,2.03901,0,0,2.09876,0.15491,0.36288,3.6288,61.308,0.66528,0,0,1.32914,0.286528,0.377335,0.66528,12.849,1,0.368398,0.36288,0,57.7685,4.79219,52.9708,0.84672,12.849,0.84672,3695.15,0,0,0,0.892806,1.77573,5.85597,1.27258,7.25193,0.42336,0,0.42336,460.49,0,1.02816,0,0,1.92097,0.892806,1.028160,1,0,60.6001,0,0,0,60.6001,0
70.0748,2.03814,0,0,1.94474,0.127732,0.36288,3.6288,61.308,0.66528,0,0,1.21941,0.279277,0.274849,0.66528,12.849,1,0.370626,0.36288,0,55.3141,4.85289,50.4535,0.84672,12.849,0.84672,3695.15,0,0,0,0.688271,1.77599,5.44425,1.25097,6.65754,0.42336,0,0.42336,460.49,0,1.02816,0,0,1.71643,0.688271,1.028160,1,0,57.3859,0,0,0,57.3859,0
69.3894,2.03667,0,0,1.84129,0.127159,0.36288,3.6288,61.308,0.66528,0,0,1.23365,0.279277,0.289088,0.66528,12.849,1,0.373446,0.36288,0,46.8982,4.85289,42.0347,0.84672,12.849,0.84672,3695.15,0,0,0,0.894093,1.77624,4.94736,1.25097,6.36672,0.42336,0,0.42336,460.49,0,1.02816,0,0,1.92225,0.894093,1.028160,1,0,48.6905,0,0,0,48.6905,0
68.8505,2.01504,0,0,1.96779,0.128754,0.36288,3.6288,61.1695,0.66528,0,0,0.798561,0.271769,0,0.66528,12.849,1,0.373129,0.36288,0,40.1701,5.20691,34.953,0.84672,12.849,0.84672,3695.15,0,0,0,0.462136,1.77649,3.14585,1.25351,4.13097,0.42336,0,0.42336,460.49,0,1.02816,0,0,1.4903,0.462136,1.028160,1,0,39.0839,0,0,0,39.0839,0
68.1893,2.04993,0,0,1.85922,0.107609,0.36288,3.6288,60.9645,0.66528,0,0,0.761262,0.300978,0,0.66528,12.849,1,0.382561,0.36288,0,38.0748,5.23856,32.8166,0.84672,12.849,0.84672,3695.15,0,0,0,0.414115,1.80558,3.14685,1.35115,4.01541,0.42336,0,0.42336,460.49,0,1.02816,0,0,1.44228,0.414115,1.028160,1,0,36.832,0,0,0,36.832,0
67.437,2.04795,0,0,1.76561,0.107055,0.36288,3.6288,60.6912,0.66528,0,0,0.692574,0.300588,0,0.66528,12.849,1,0.385898,0.36288,0,34.458,5.23856,29.1964,0.84672,12.849,0.84672,3695.15,0,0,0,0.361783,1.7807,3.07959,1.35115,3.87093,0.42336,0,0.42336,460.49,0,1.02816,0,0,1.38994,0.361783,1.028160,1,0,33.0673,0,0,0,33.0673,0
66.5582,2.04548,0,0,1.6359,0.106424,0.36288,3.6288,60.3529,0.66528,0,0,0.627065,0.300068,0,0.66528,12.849,1,0.389731,0.36288,0,32.8009,5.23856,27.5355,0.84672,12.849,0.84672,3695.15,0,0,0,0.289803,1.78095,2.84108,1.35115,3.56069,0.42336,0,0.42336,460.49,0,1.02816,0,0,1.31796,0.289803,1.028160,1,0,31.0962,0,0,0,31.0962,0
65.5535,2.09281,0,0,1.54949,0.0984634,0.36288,3.6288,59.8709,0.763188,0,0,0.589919,0.308726,0,0.66528,12.849,1,0.404015,0.36288,0,28.0264,5.58176,22.4035,0.84672,12.849,0.84672,3695.15,0,0,0,0.261274,1.78121,2.42389,1.44334,3.02304,0.42336,0,0.42336,460.49,0,0.930252,0,0,1.19153,0.261274,1.028160,1,0,25.4266,0,0,0,25.4266,0
64.4288,2.12085,0,0,1.45133,0.0923041,0.36288,3.6288,59.2656,0.774006,0,0,0.483415,0.314735,0,0.66528,12.849,1,0.415704,0.36288,0,32.7527,5.83916,26.8607,0.84672,12.849,0.84672,3695.15,0,0,0,0.261274,1.82238,2.29343,1.51248,2.8646,0.42336,0,0.42336,460.49,0,0.919434,0,0,1.18071,0.261274,1.028160,1,0,29.7253,0,0,0,29.7253,0
63.2174,2.11596,0,0,1.35896,0.091474,0.36288,3.6288,58.6396,0.762031,0,0,0.449556,0.31352,0,0.66528,12.849,1,0.421986,0.36288,0,26.2973,5.83916,20.399,0.84672,12.849,0.84672,3695.15,0,0,0,0.227405,1.80021,2.06734,1.51248,2.58247,0.42336,0,0.42336,460.49,0,0.931409,0,0,1.15881,0.227405,1.028160,1,0,22.9815,0,0,0,22.9815,0
61.8908,2.1104,0,0,1.23728,0.0905799,0.36288,3.6288,57.8138,0.940343,0,0,0.426796,0.312263,0,0.66528,12.849,1,0.428941,0.36288,0,23.9664,5.83916,18.0612,0.84672,12.849,0.84672,3695.15,0,0,0,0.227405,1.80047,1.92837,1.51248,2.44377,0.42336,0,0.42336,460.49,0,0.753097,0,0,0.980502,0.227405,1.028160,1,0,20.505,0,0,0,20.505,0
60.6422,2.25026,0,0,1.44449,0.0800402,0.36288,3.6288,57.362,0.66528,0,0,0.520977,0.307551,0,0.66528,12.849,1,0.46717,0.36288,0,24.7956,6.02425,18.667,0.84672,12.849,0.84672,3695.15,0,0,0,0.327482,1.80073,2.84021,1.5584,3.41002,0.42336,0,0.42336,460.49,0,1.02816,0,0,1.35564,0.327482,1.028160,1,0,22.0771,0,0,0,22.0771,0
59.4915,2.32964,0,0,1.62837,0.0864601,0.36288,3.6288,56.9162,0.670058,0,0,0.554958,0.330639,0,0.66528,12.849,1,0.493609,0.36288,0,26.2314,6.14439,19.9563,0.84672,12.849,0.84672,3695.15,0,0,0,0.227405,1.94119,2.24857,1.57579,2.84138,0.42336,0,0.42336,460.49,0,1.02338,0,0,1.25079,0.227405,1.028160,1,0,22.7976,0,0,0,22.7976,0
58.0271,2.32255,0,0,1.3065,0.0855482,0.36288,3.6288,56.1284,0.894516,0,0,0.436385,0.329684,0,0.66528,12.849,1,0.501624,0.36288,0,30.8539,6.14439,24.5707,0.84672,12.849,0.84672,3695.15,0,0,0,0.204422,1.88043,1.86787,1.57579,2.37694,0.42336,0,0.42336,460.49,0,0.798924,0,0,1.00335,0.204422,1.028160,1,0,26.9477,0,0,0,26.9477,0
56.8142,2.31294,0,0,1.5473,0.0843442,0.36288,3.6288,55.8013,0.66528,0,0,0.666125,0.327995,0,0.66528,12.849,1,0.512157,0.36288,0,26.4826,6.14439,20.189,0.84672,12.849,0.84672,3695.15,0,0,0,0.481179,1.88105,2.52595,1.57579,3.31238,0.42336,0,0.42336,460.49,0,1.02816,0,0,1.50934,0.481179,1.028160,1,0,23.5014,0,0,0,23.5014,0
55.3526,2.30478,0,0,1.29277,0.0866898,0.36288,3.6288,55.2757,0.707046,0,0,0.488854,0.30733,0,0.66528,12.849,1,0.521244,0.36288,0,24.1667,5.58985,18.4185,0.84672,12.849,0.84672,3695.15,0,0,0,0.204422,1.88166,2.61698,1.35992,3.34314,0.42336,0,0.42336,460.49,0,0.986394,0,0,1.19082,0.204422,1.028160,1,0,21.7616,0,0,0,21.7616,0
54.0874,2.22435,0,0,1.39844,0.0764805,0.36288,3.6288,54.8644,0.638965,0,0,0.468474,0.240828,0,0.66528,12.849,1,0.516339,0.36288,0,33.4536,4.95181,28.3484,0.84672,12.849,0.84672,3695.15,0,0,0,0.524966,1.88228,1.80179,1.32803,2.881,0.42336,0,0.42336,460.49,0,1.02816,0,0,1.55313,0.524966,1.028160,1,0,31.2294,0,0,0,31.2294,0
52.385,2.17722,0,0,0.911097,0.0733149,0.36288,3.6288,54.0815,0.909585,0,0,0.360386,0.233709,0,0.66528,12.849,1,0.51722,0.36288,0,23.6021,4.9687,18.4791,0.84672,12.849,0.84672,3695.15,0,0,0,0.216518,1.80163,1.13967,1.37068,1.78713,0.42336,0,0.42336,460.49,0,0.783855,0,0,1.00037,0.216518,1.028160,1,0,20.2662,0,0,0,20.2662,0
51.0069,2.16488,0,0,1.25814,0.108472,0.36288,3.6288,53.5876,0.755611,0,0,0.494466,0.232732,0,0.66528,12.849,1,0.531002,0.36288,0,24.8412,4.69399,19.9791,0.84672,12.849,0.84672,3695.15,0,0,0,0.216518,1.82981,1.52972,1.31939,2.25666,0.42336,0,0.42336,460.49,0,0.937829,0,0,1.15435,0.216518,1.028160,1,0,22.2358,0,0,0,22.2358,0
51.6403,2.15458,0,0,3.31998,0.169128,0.36288,3.6288,53.5216,0.66528,0,0,0.84983,0.250569,0,0.66528,12.849,1,0.542752,0.36288,0,42.6497,4.30899,38.1609,0.84672,12.849,0.84672,3695.15,0,0,0,1.65092,1.83008,3.12657,1.20174,5.40584,0.42336,0,0.42336,460.49,0,1.02816,0,0,2.67908,1.65092,1.028160,1,0,43.5667,0,0,0,43.5667,0
50.4863,2.1043,0,0,1.45867,0.145485,0.36288,3.6288,53.1988,0.609862,0,0,0.517885,0.230816,0,0.66528,12.849,1,0.523585,0.36288,0,28.4307,4.35822,23.9118,0.84672,12.849,0.84672,3695.15,0,0,0,0.222342,1.83035,1.77381,1.09825,2.72825,0.42336,0,0.42336,460.49,0,1.02816,0,0,1.2505,0.222342,1.028160,1,0,26.64,0,0,0,26.64,0
49.9046,2.03467,0,0,2.00616,0.190316,0.36288,3.6288,52.6649,0.866696,0,0,0.527189,0.194446,0,0.66528,12.849,1,0.517832,0.36288,0,35.5895,4.52121,30.9134,0.84672,12.849,0.84672,3695.15,0,0,0,0.216518,1.758,2.41666,1.08429,3.30689,0.42336,0,0.42336,460.49,0,0.826744,0,0,1.04326,0.216518,1.028160,1,0,34.2203,0,0,0,34.2203,0
48.9596,2.03098,0,0,1.66946,0.220637,0.36288,3.6288,51.6214,1.22267,0,0,0.368994,0.18976,0,0.66528,12.849,1,0.522918,0.36288,0,28.9146,4.56015,24.1944,0.84672,12.849,0.84672,3695.15,0,0,0,0.292723,1.80319,2.01767,1.13389,2.9797,0.42336,0,0.42336,460.49,0,0.470768,0,0,0.763491,0.292723,1.028160,1,0,27.1741,0,0,0,27.1741,0
48.8672,2.02409,0,0,2.51295,0.218418,0.36288,3.6288,51.6615,0.66528,0,0,0.893557,0.188172,0,0.66528,12.849,1,0.531204,0.36288,0,45.0888,4.56015,40.3603,0.84672,12.849,0.84672,3695.15,0,0,0,1.17853,1.80346,4.09125,1.13389,5.93934,0.42336,0,0.42336,460.49,0,1.02816,0,0,2.20669,1.17853,1.028160,1,0,46.2997,0,0,0,46.2997,0
52.3459,1.86477,0,0,5.92361,0.217194,0.36288,3.6288,53.0368,0.52647,0,0,2.08511,0.183366,0,0.66528,12.849,1,0.490318,0.36288,0,117.566,4.50957,112.929,0.84672,12.849,0.84672,3695.15,0,0,0,2.64152,1.80372,6.49415,1.13077,9.80862,0.42336,0,0.42336,460.49,0,1.02816,0,0,3.66968,2.64152,1.028160,1,0,122.738,0,0,0,122.738,0
52.8134,1.7634,0,0,2.83624,0.242479,0.36288,3.6288,53.8489,0.66528,0,0,1.64197,0.16464,0,0.66528,12.849,1,0.43285,0.36288,0,75.9352,3.96045,71.9048,0.84672,12.849,0.84672,3695.15,0,0,0,1.66169,1.64245,5.78998,1.0272,8.06692,0.42336,0,0.42336,460.49,0,1.02816,0,0,2.68985,1.66169,1.028160,1,0,79.9717,0,0,0,79.9717,0
52.9949,1.76751,0,0,2.57317,0.261314,0.36288,3.6288,54.4605,0.66528,0,0,1.44924,0.172317,0,0.66528,12.849,1,0.430019,0.36288,0,101.1,3.77622,97.2567,0.84672,12.849,0.84672,3695.15,0,0,0,1.46152,1.73639,5.61911,0.963563,7.85346,0.42336,0,0.42336,460.49,0,1.02816,0,0,2.48968,1.46152,1.028160,1,0,105.11,0,0,0,105.11,0
54.2558,1.76973,0,0,3.65532,0.261801,0.36288,3.6288,55.8515,0.66528,0,0,2.22933,0.173017,0,0.66528,12.849,1,0.429084,0.36288,0,112.349,3.77622,108.507,0.84672,12.849,0.84672,3695.15,0,0,0,2.84292,1.73663,7.36449,0.963563,10.9805,0.42336,0,0.42336,460.49,0,1.02816,0,0,3.87108,2.84292,1.028160,1,0,119.487,0,0,0,119.487,0
57.6781,1.77883,0,0,5.81972,0.255724,0.36288,3.6288,56.757,0.66528,0,0,1.72738,0.15658,0,0.66528,12.849,1,0.421267,0.36288,0,146.543,3.51417,142.97,0.84672,12.849,0.84672,3695.15,0,0,0,2.09751,1.73687,7.57745,0.934607,10.4772,0.42336,0,0.42336,460.49,0,1.02816,0,0,3.12567,2.09751,1.028160,1,0,153.448,0,0,0,153.448,0
60.4269,1.86382,0,0,5.22031,0.244798,0.36288,3.6288,57.653,0.66528,0,0,1.74978,0.188586,0,0.66528,12.849,1,0.415206,0.36288,0,108.91,3.70617,105.151,0.84672,12.849,0.84672,3695.15,0,0,0,2.51963,1.73711,7.36344,0.993644,10.6265,0.42336,0,0.42336,460.49,0,1.02816,0,0,3.54779,2.51963,1.028160,1,0,115.778,0,0,0,115.778,0
62.2893,1.91876,0,0,4.39734,0.25327,0.36288,3.6288,57.9922,0.66528,0,0,1.2249,0.220429,0,0.66528,12.849,1,0.407999,0.36288,0,86.9046,4.04502,82.8144,0.84672,12.849,0.84672,3695.15,0,0,0,1.83766,1.78779,7.09275,1.04621,9.67198,0.42336,0,0.42336,460.49,0,1.02816,0,0,2.86582,1.83766,1.028160,1,0,92.4864,0,0,0,92.4864,0
63.8153,1.92993,0,0,4.07601,0.257203,0.36288,3.6288,58.3664,0.66528,0,0,1.26047,0.220913,0,0.66528,12.849,1,0.398105,0.36288,0,75.6677,4.04502,71.5875,0.84672,12.849,0.84672,3695.15,0,0,0,2.06066,1.76085,6.96462,1.04621,9.73991,0.42336,0,0.42336,460.49,0,1.02816,0,0,3.08882,2.06066,1.028160,1,0,81.3274,0,0,0,81.3274,0
65.4016,1.93892,0,0,4.14851,0.260426,0.36288,3.6288,59.2712,0.66528,0,0,1.79152,0.221446,0,0.66528,12.849,1,0.390395,0.36288,0,73.3699,4.04502,69.2974,0.84672,12.849,0.84672,3695.15,0,0,0,2.11442,1.76109,9.18855,1.04621,12.0179,0.42336,0,0.42336,460.49,0,1.02816,0,0,3.14258,2.11442,1.028160,1,0,81.3152,0,0,0,81.3152,0
68.3264,2.15662,0,0,5.71288,0.268563,0.36288,3.6288,60.8148,0.66528,0,0,2.40237,0.193519,0,0.66528,12.849,1,0.423696,0.36288,0,127.815,3.79536,123.959,0.84672,12.849,0.84672,3695.15,0,0,0,3.0614,1.76133,8.76312,1.02914,12.5567,0.42336,0,0.42336,460.49,0,1.02816,0,0,4.08956,3.0614,1.028160,1,0,136.516,0,0,0,136.516,0
70.6887,2.32001,0,0,5.3003,0.255105,0.36288,3.6288,61.308,0.66528,0,0,2.17094,0.247172,0.765288,0.66528,12.849,1,0.436285,0.36288,0,135.949,4.00197,131.873,0.84672,12.849,0.84672,3695.15,0,0,0,2.69614,1.94328,10.7908,1.18473,14.2454,0.42336,0,0.42336,460.49,0,1.02816,0,0,3.7243,2.69614,1.028160,1,0,146.884,0,0,0,146.884,0
72.29,2.33354,0,0,5.32588,0.259752,1.13129,3.6288,61.308,0.66528,0,0,1.99668,0.240108,1.09129,0.66528,12.849,1,0.424165,1.13129,0,140.751,3.93614,137.522,0.84672,12.849,0.84672,3695.15,0,0,0,2.49555,1.84139,9.89375,1.15296,13.0777,0.42336,0,0.42336,460.49,0,1.02816,0,0,3.52371,2.49555,1.028160,1,0,151.691,0,0,0,151.691,0
72.29,2.34272,0,0,5.7127,0.286051,3.08393,3.6288,61.308,0.66528,0,0,1.96278,0.207975,1.08953,0.66528,12.849,1,0.416401,3.08393,0,134.893,3.59843,133.962,0.84672,12.849,0.84672,3695.15,0,0,0,2.39403,1.84165,9.62418,1.01943,12.8404,0.42336,0,0.42336,460.49,0,1.02816,0,0,3.42219,2.39403,1.028160,1,0,147.892,0,0,0,147.892,0
72.29,2.04111,0,0,4.7033,0.307339,2.35485,3.6288,61.308,0.452012,0,0,1.56307,0.222211,0.888847,0.66528,12.849,1,0.362792,2.35485,0,126.993,3.63852,125.347,0.84672,12.849,0.84672,3695.15,0,0,0,1.84665,1.84192,8.30765,1.03216,10.9641,0.42336,0,0.42336,460.49,0,1.02816,0,0,2.87481,1.84665,1.028160,1,0,137.2,0,0,0,137.2,0
72.29,1.843,0,0,5.03468,0.316477,2.87521,3.6288,61.308,0.66528,0,0,1.09344,0.22989,0.198265,0.66528,12.849,1,0.327578,2.87521,0,106.397,3.63132,105.314,0.84672,12.849,0.84672,3695.15,0,0,0,1.40398,1.59407,7.32024,0.956933,9.36136,0.42336,0,0.42336,460.49,0,1.02816,0,0,2.43214,1.40398,1.028160,1,0,114.873,0,0,0,114.873,0
72.29,1.84404,0,0,4.77842,0.316477,2.6179,3.6288,61.308,0.66528,0,0,1.01453,0.22989,0.119356,0.66528,12.849,1,0.327764,2.6179,0,124.776,3.63132,123.435,0.84672,12.849,0.84672,3695.15,0,0,0,1.16325,1.73157,6.50623,0.956933,8.44411,0.42336,0,0.42336,460.49,0,1.02816,0,0,2.19141,1.16325,1.028160,1,0,131.999,0,0,0,131.999,0
72.29,1.84508,0,0,5.43388,0.24046,3.34833,3.6288,61.308,0.66528,0,0,1.6894,0.197232,0.826885,0.66528,12.849,1,0.327949,3.34833,0,117.053,3.17223,116.901,0.84672,12.849,0.84672,3695.15,0,0,0,2.16195,1.7318,8.8357,0.900151,11.8293,0.42336,0,0.42336,460.49,0,1.02816,0,0,3.19011,2.16195,1.028160,1,0,129.557,0,0,0,129.557,0
72.29,1.84613,0,0,8.69901,0.255765,6.59712,3.6288,61.308,0.66528,0,0,2.67958,0.221623,1.79268,0.66528,12.849,1,0.328135,6.59712,0,131.752,4.03308,133.988,0.84672,12.849,0.84672,3695.15,0,0,0,3.16137,1.73203,13.3778,0.959118,17.3121,0.42336,0,0.42336,460.49,0,1.02816,0,0,4.18953,3.16137,1.028160,1,0,153.093,0,0,0,153.093,0
72.29,1.92351,0,0,5.3703,0.304341,3.14244,3.6288,61.308,0.66528,0,0,1.64246,0.21266,0.764515,0.66528,12.849,1,0.34189,3.14244,0,98.5064,4.09638,97.2105,0.84672,12.849,0.84672,3695.15,0,0,0,2.24081,1.73226,8.8325,1.05841,11.7472,0.42336,0,0.42336,460.49,0,1.02816,0,0,3.26897,2.24081,1.028160,1,0,109.722,0,0,0,109.722,0
72.29,1.9734,0,0,4.38644,0.312558,2.10049,3.6288,61.308,0.66528,0,0,1.27808,0.212065,0.400736,0.66528,12.849,1,0.350756,2.10049,0,126.363,4.10823,124.005,0.84672,12.849,0.84672,3695.15,0,0,0,1.82513,1.79376,8.29587,1.07847,10.8363,0.42336,0,0.42336,460.49,0,1.02816,0,0,2.85329,1.82513,1.028160,1,0,135.242,0,0,0,135.242,0
72.29,1.97448,0,0,4.13665,0.312558,1.84961,3.6288,61.308,0.66528,0,0,1.52515,0.212065,0.647805,0.66528,12.849,1,0.350949,1.84961,0,93.2662,4.10823,90.6566,0.84672,12.849,0.84672,3695.15,0,0,0,2.35612,1.76036,8.14795,1.07847,11.186,0.42336,0,0.42336,460.49,0,1.02816,0,0,3.38428,2.35612,1.028160,1,0,102.49,0,0,0,102.49,0
72.29,1.97557,0,0,5.54954,0.298514,3.27546,3.6288,61.308,0.66528,0,0,1.80579,0.218605,0.921901,0.66528,12.849,1,0.351142,3.27546,0,81.8916,4.16589,80.65,0.84672,12.849,0.84672,3695.15,0,0,0,3.33342,1.7606,8.77306,1.08191,12.7852,0.42336,0,0.42336,460.49,0,1.02816,0,0,4.36158,3.33342,1.028160,1,0,94.3571,0,0,0,94.3571,0
72.29,1.94676,0,0,3.56388,0.246266,1.37085,3.6288,61.308,0.664233,0,0,1.12062,0.233413,0.22297,0.66528,12.849,1,0.346022,1.37085,0,64.2711,3.91875,61.3771,0.84672,12.849,0.84672,3695.15,0,0,0,1.66703,1.76084,5.58999,1.06232,7.95554,0.42336,0,0.42336,460.49,0,1.02816,0,0,2.69519,1.66703,1.028160,1,0,69.5556,0,0,0,69.5556,0
72.29,1.92886,0,0,3.1625,0.270282,0.963361,3.6288,61.308,0.66528,0,0,1.18612,0.215091,0.305745,0.66528,12.849,1,0.342839,0.963361,0,65.5102,3.47392,62.6568,0.84672,12.849,0.84672,3695.15,0,0,0,1.82142,1.73721,4.81048,1.03214,7.33697,0.42336,0,0.42336,460.49,0,1.02816,0,0,2.84958,1.82142,1.028160,1,0,70.2995,0,0,0,70.2995,0
72.29,1.92993,0,0,3.30302,0.270282,1.10281,3.6288,61.308,0.66528,0,0,1.016,0.215091,0.135632,0.66528,12.849,1,0.34303,1.10281,0,64.9719,3.47392,62.2578,0.84672,12.849,0.84672,3695.15,0,0,0,1.33782,1.75053,5.64449,1.03214,7.7007,0.42336,0,0.42336,460.49,0,1.02816,0,0,2.36598,1.33782,1.028160,1,0,70.0941,0,0,0,70.0941,0
72.29,1.931,0,0,3.22784,0.233789,1.06306,3.6288,61.308,0.66528,0,0,0.990766,0.232894,0.0925917,0.66528,12.849,1,0.34322,1.06306,0,64.5965,4.87747,60.4389,0.84672,12.849,0.84672,3695.15,0,0,0,1.44361,1.75076,5.0995,1.08747,7.20639,0.42336,0,0.42336,460.49,0,1.02816,0,0,2.47177,1.44361,1.028160,1,0,67.7379,0,0,0,67.7379,0
72.29,2.03364,0,0,2.73313,0.181213,0.518278,3.6288,61.308,0.66528,0,0,0.988762,0.250693,0.0727885,0.66528,12.849,1,0.361465,0.518278,0,44.7059,5.29494,39.5677,0.84672,12.849,0.84672,3695.15,0,0,0,1.25758,1.751,4.57447,1.18503,6.39802,0.42336,0,0.42336,460.49,0,1.02816,0,0,2.28574,1.25758,1.028160,1,0,46.0385,0,0,0,46.0385,0
72.29,2.10215,0,0,2.86496,0.221234,0.54158,3.6288,61.308,0.66528,0,0,0.98045,0.230958,0.0842121,0.66528,12.849,1,0.373641,0.54158,0,62.6462,4.41636,58.3978,0.84672,12.849,0.84672,3695.15,0,0,0,1.13173,1.83499,4.9708,1.01888,6.91863,0.42336,0,0.42336,460.49,0,1.02816,0,0,2.15989,1.13173,1.028160,1,0,65.4006,0,0,0,65.4006,0
72.1774,2.10327,0,0,2.52059,0.167022,0.36288,3.6288,61.2487,0.66528,0,0,0.835436,0.229488,0,0.66528,12.849,1,0.373841,0.36288,0,54.1024,4.38354,49.7079,0.84672,12.849,0.84672,3695.15,0,0,0,1.1322,1.78879,4.5738,0.967041,6.52776,0.42336,0,0.42336,460.49,0,1.02816,0,0,2.16036,1.1322,1.028160,1,0,56.2356,0,0,0,56.2356,0
71.9904,2.1039,0,0,2.44661,0.166879,0.36288,3.6288,61.2412,0.66528,0,0,0.887216,0.229402,0,0.66528,12.849,1,0.374536,0.36288,0,51.5678,4.38354,47.1726,0.84672,12.849,0.84672,3695.15,0,0,0,1.10742,1.78904,4.86559,0.967041,6.79502,0.42336,0,0.42336,460.49,0,1.02816,0,0,2.13558,1.10742,1.028160,1,0,53.9676,0,0,0,53.9676,0
71.6777,2.1042,0,0,2.3211,0.166642,0.36288,3.6288,61.2087,0.66528,0,0,0.862151,0.229391,0,0.66528,12.849,1,0.375563,0.36288,0,48.434,4.38354,44.0378,0.84672,12.849,0.84672,3695.15,0,0,0,1.01651,1.78929,4.49852,0.967041,6.33728,0.42336,0,0.42336,460.49,0,1.02816,0,0,2.04467,1.01651,1.028160,1,0,50.3751,0,0,0,50.3751,0
71.6554,2.08384,0,0,2.54919,0.124787,0.36288,3.6288,60.8797,0.66528,0,0,0.612576,0.276297,0,0.66528,12.849,1,0.373551,0.36288,0,36.4108,5.22927,31.1708,0.84672,12.849,0.84672,3695.15,0,0,0,0.719159,1.78954,4.17638,1.17839,5.50669,0.42336,0,0.42336,460.49,0,1.02816,0,0,1.74732,0.719159,1.028160,1,0,36.6775,0,0,0,36.6775,0
71.521,2.12192,0,0,2.46821,0.117857,0.36288,3.6288,60.4751,0.66528,0,0,0.544261,0.283531,0,0.66528,12.849,1,0.380495,0.36288,0,35.0381,5.37023,29.6503,0.84672,12.849,0.84672,3695.15,0,0,0,0.529943,1.81911,4.39745,1.21361,5.53289,0.42336,0,0.42336,460.49,0,1.02816,0,0,1.5581,0.529943,1.028160,1,0,35.1832,0,0,0,35.1832,0
71.1659,2.12244,0,0,2.24796,0.117736,0.36288,3.6288,60.063,0.66528,0,0,0.535981,0.282804,0,0.66528,12.849,1,0.381304,0.36288,0,34.2234,5.37023,28.8347,0.84672,12.849,0.84672,3695.15,0,0,0,0.553608,1.79379,4.2418,1.21361,5.37559,0.42336,0,0.42336,460.49,0,1.02816,0,0,1.58177,0.553608,1.028160,1,0,34.2103,0,0,0,34.2103,0
70.5896,2.12196,0,0,2.02596,0.117417,0.36288,3.6288,59.6148,0.66528,0,0,0.499117,0.282064,0,0.66528,12.849,1,0.383119,0.36288,0,31.7199,5.37023,26.3295,0.84672,12.849,0.84672,3695.15,0,0,0,0.352192,1.79404,4.03873,1.21361,4.97136,0.42336,0,0.42336,460.49,0,1.02816,0,0,1.38035,0.352192,1.028160,1,0,31.3008,0,0,0,31.3008,0
69.9386,2.17227,0,0,1.98128,0.0970857,0.36288,3.6288,59.1293,0.66528,0,0,0.497992,0.31826,0,0.66528,12.849,1,0.395406,0.36288,0,28.1489,5.82132,22.295,0.84672,12.849,0.84672,3695.15,0,0,0,0.261861,1.79429,3.70657,1.42547,4.33725,0.42336,0,0.42336,460.49,0,1.02816,0,0,1.29002,0.261861,1.028160,1,0,26.6323,0,0,0,26.6323,0
69.3375,2.20325,0,0,2.05711,0.0921317,0.36288,3.6288,58.649,0.66528,0,0,0.500971,0.315972,0,0.66528,12.849,1,0.404777,0.36288,0,36.5081,5.76408,30.7022,0.84672,12.849,0.84672,3695.15,0,0,0,0.380169,1.83615,3.8839,1.46751,4.63271,0.42336,0,0.42336,460.49,0,1.02816,0,0,1.40833,0.380169,1.028160,1,0,35.3349,0,0,0,35.3349,0
68.6,2.20144,0,0,1.91856,0.0917038,0.36288,3.6288,58.1124,0.66528,0,0,0.443731,0.314999,0,0.66528,12.849,1,0.407951,0.36288,0,28.8814,5.76408,23.0722,0.84672,12.849,0.84672,3695.15,0,0,0,0.362025,1.8136,3.5451,1.46751,4.25321,0.42336,0,0.42336,460.49,0,1.02816,0,0,1.39018,0.362025,1.028160,1,0,27.3254,0,0,0,27.3254,0
67.6921,2.1989,0,0,1.7451,0.0911789,0.36288,3.6288,57.4671,0.748215,0,0,0.4168,0.313912,0,0.66528,12.849,1,0.41186,0.36288,0,26.5574,5.76408,20.7443,0.84672,12.849,0.84672,3695.15,0,0,0,0.227405,1.81385,3.24452,1.46751,3.81826,0.42336,0,0.42336,460.49,0,0.945225,0,0,1.17263,0.227405,1.028160,1,0,24.5626,0,0,0,24.5626,0
66.8764,2.3464,0,0,1.97441,0.0808494,0.36288,3.6288,57.002,0.66528,0,0,0.506739,0.306565,0,0.66528,12.849,1,0.445382,0.36288,0,27.3109,5.90558,21.3228,0.84672,12.849,0.84672,3695.15,0,0,0,0.557902,1.81411,4.75669,1.50439,5.62431,0.42336,0,0.42336,460.49,0,1.02816,0,0,1.58606,0.557902,1.028160,1,0,26.9471,0,0,0,26.9471,0
65.5291,2.40792,0,0,1.5368,0.113319,0.36288,3.6288,56.518,0.666792,0,0,0.442161,0.259389,0,0.66528,12.849,1,0.462636,0.36288,0,26.705,5.09586,21.5094,0.84672,12.849,0.84672,3695.15,0,0,0,0.227405,1.95691,3.24063,1.23111,4.19384,0.42336,0,0.42336,460.49,0,1.02665,0,0,1.25405,0.227405,1.028160,1,0,25.7033,0,0,0,25.7033,0
64.4925,2.40073,0,0,1.83914,0.112111,0.36288,3.6288,56.0595,0.66528,0,0,0.465427,0.258573,0,0.66528,12.849,1,0.470737,0.36288,0,26.1125,5.09586,20.9088,0.84672,12.849,0.84672,3695.15,0,0,0,0.241237,1.91194,4.35364,1.23111,5.27571,0.42336,0,0.42336,460.49,0,1.02816,0,0,1.2694,0.241237,1.028160,1,0,26.1845,0,0,0,26.1845,0
62.9912,2.39518,0,0,1.37262,0.115903,0.36288,3.6288,55.5065,0.700419,0,0,0.405296,0.257879,0,0.66528,12.849,1,0.477197,0.36288,0,24.8829,5.11806,19.6506,0.84672,12.849,0.84672,3695.15,0,0,0,0.204422,1.91255,2.924,1.22676,3.81421,0.42336,0,0.42336,460.49,0,0.993021,0,0,1.19744,0.204422,1.028160,1,0,23.4648,0,0,0,23.4648,0
61.511,2.38648,0,0,1.39529,0.126162,0.36288,3.6288,54.9303,0.736301,0,0,0.417172,0.257142,0,0.66528,12.849,1,0.486797,0.36288,0,22.9174,5.17356,17.62,0.84672,12.849,0.84672,3695.15,0,0,0,0.204422,1.91315,2.93339,1.21589,3.83507,0.42336,0,0.42336,460.49,0,0.957139,0,0,1.16156,0.204422,1.028160,1,0,21.455,0,0,0,21.455,0
60.4266,2.305,0,0,1.73576,0.152186,0.36288,3.6288,54.6218,0.66528,0,0,0.572224,0.215383,0,0.66528,12.849,1,0.481491,0.36288,0,38.5271,4.45153,33.957,0.84672,12.849,0.84672,3695.15,0,0,0,0.280247,1.91376,5.78121,1.05114,6.92407,0.42336,0,0.42336,460.49,0,1.02816,0,0,1.30841,0.280247,1.028160,1,0,40.8811,0,0,0,40.8811,0
59.7711,2.28269,0,0,2.15172,0.161743,0.36288,3.6288,54.0625,0.909127,0,0,0.548421,0.198664,0,0.66528,12.849,1,0.485386,0.36288,0,50.1099,4.16273,45.8247,0.84672,12.849,0.84672,3695.15,0,0,0,0.216518,1.83173,6.99805,0.985245,8.06106,0.42336,0,0.42336,460.49,0,0.784313,0,0,1.00083,0.216518,1.028160,1,0,53.8858,0,0,0,53.8858,0
59.6303,2.27947,0,0,2.6624,0.160755,0.36288,3.6288,53.938,0.66528,0,0,0.738721,0.197931,0,0.66528,12.849,1,0.490018,0.36288,0,59.1818,4.16273,54.892,0.84672,12.849,0.84672,3695.15,0,0,0,0.598743,1.8436,5.93679,0.985245,7.3939,0.42336,0,0.42336,460.49,0,1.02816,0,0,1.6269,0.598743,1.028160,1,0,62.2859,0,0,0,62.2859,0
59.0059,2.27968,0,0,2.17864,0.160538,0.36288,3.6288,53.9521,0.66528,0,0,0.877185,0.197768,0,0.66528,12.849,1,0.491221,0.36288,0,47.9385,4.16273,43.6475,0.84672,12.849,0.84672,3695.15,0,0,0,1.36369,1.84387,7.46416,0.985245,9.68647,0.42336,0,0.42336,460.49,0,1.02816,0,0,2.39185,1.36369,1.028160,1,0,53.3339,0,0,0,53.3339,0
63.2043,2.21739,0,0,6.96019,0.181479,0.36288,3.6288,55.2424,0.608571,0,0,2.0937,0.194871,0,0.66528,12.849,1,0.482855,0.36288,0,136.722,4.17679,132.425,0.84672,12.849,0.84672,3695.15,0,0,0,4.51668,1.84413,13.1707,0.995204,18.5363,0.42336,0,0.42336,460.49,0,1.02816,0,0,5.54484,4.51668,1.028160,1,0,150.962,0,0,0,150.962,0
64.9471,2.18031,0,0,4.53093,0.24499,0.36288,3.6288,56.2132,0.66528,0,0,1.8253,0.189187,0,0.66528,12.849,1,0.443242,0.36288,0,131.457,4.21197,127.164,0.84672,12.849,0.84672,3695.15,0,0,0,2.58663,1.77056,14.9049,1.0201,18.242,0.42336,0,0.42336,460.49,0,1.02816,0,0,3.61479,2.58663,1.028160,1,0,145.406,0,0,0,145.406,0
64.6933,2.19138,0,0,2.54896,0.248469,0.36288,3.6288,56.3524,0.66528,0,0,0.994853,0.190394,0,0.66528,12.849,1,0.433539,0.36288,0,72.7533,4.21197,68.4707,0.84672,12.849,0.84672,3695.15,0,0,0,0.963092,1.8165,6.0721,1.0201,7.83159,0.42336,0,0.42336,460.49,0,1.02816,0,0,1.99125,0.963092,1.028160,1,0,76.3023,0,0,0,76.3023,0
64.7288,2.19111,0,0,2.83741,0.247962,0.36288,3.6288,56.6288,0.66528,0,0,1.13232,0.190568,0,0.66528,12.849,1,0.435185,0.36288,0,73.2069,4.21197,68.9226,0.84672,12.849,0.84672,3695.15,0,0,0,1.39849,1.81676,6.66999,1.0201,8.86514,0.42336,0,0.42336,460.49,0,1.02816,0,0,2.42665,1.39849,1.028160,1,0,77.7878,0,0,0,77.7878,0
65.7145,2.02144,0,0,3.61156,0.241481,0.36288,3.6288,57.2062,0.523799,0,0,1.37494,0.273823,0,0.66528,12.849,1,0.401267,0.36288,0,91.1771,4.15926,86.9794,0.84672,12.849,0.84672,3695.15,0,0,0,1.77632,1.81701,8.80641,1.15248,11.2473,0.42336,0,0.42336,460.49,0,1.02816,0,0,2.80448,1.77632,1.028160,1,0,98.2267,0,0,0,98.2267,0
72.0856,1.89137,0,0,8.88274,0.257361,0.36288,3.6288,60.9732,0.66528,0,0,4.65593,0.223642,0,0.66528,12.849,1,0.369815,0.36288,0,198.685,4.28079,194.398,0.84672,12.849,0.84672,3695.15,0,0,0,4.75387,1.65306,30.5006,1.07653,35.831,0.42336,0,0.42336,460.49,0,1.02816,0,0,5.78203,4.75387,1.028160,1,0,230.229,0,0,0,230.229,0
72.29,1.92017,0,0,6.76098,0.284366,4.35209,3.6288,61.308,0.66528,0,0,3.43566,0.233449,2.2021,0.66528,12.849,1,0.342264,4.35209,0,224.599,4.12944,224.48,0.84672,12.849,0.84672,3695.15,0,0,0,3.43844,1.74855,23.0979,1.04915,27.2358,0.42336,0,0.42336,460.49,0,1.02816,0,0,4.4666,3.43844,1.028160,1,0,253.918,0,0,0,253.918,0
72.29,1.92206,0,0,7.5651,0.284808,5.35823,3.6288,61.308,0.66528,0,0,3.627,0.233944,2.72778,0.66528,12.849,1,0.341632,5.35823,0,229.533,4.12944,230.42,0.84672,12.849,0.84672,3695.15,0,0,0,3.81367,1.74879,24.2123,1.04915,28.7256,0.42336,0,0.42336,460.49,0,1.02816,0,0,4.84183,3.81367,1.028160,1,0,261.873,0,0,0,261.873,0
72.29,1.92313,0,0,7.20973,0.284808,5.0018,3.6288,61.308,0.66528,0,0,3.30142,0.233944,2.4022,0.66528,12.849,1,0.341821,5.0018,0,222.623,4.12944,223.153,0.84672,12.849,0.84672,3695.15,0,0,0,3.07372,1.74902,17.2962,1.04915,21.0698,0.42336,0,0.42336,460.49,0,1.02816,0,0,4.10188,3.07372,1.028160,1,0,246.625,0,0,0,246.625,0
72.29,1.99122,0,0,6.15552,0.326932,3.83737,3.6288,61.308,0.66528,0,0,3.04766,0.223951,2.15843,0.66528,12.849,1,0.353924,3.83737,0,199.689,4.10124,199.071,0.84672,12.849,0.84672,3695.15,0,0,0,2.29984,1.74926,14.9853,1.10094,17.9335,0.42336,0,0.42336,460.49,0,1.02816,0,0,3.328,2.29984,1.028160,1,0,219.163,0,0,0,219.163,0
72.29,2.03237,0,0,5.63496,0.358525,3.24406,3.6288,61.308,0.66528,0,0,1.43476,0.216457,0.553022,0.66528,12.849,1,0.361238,3.24406,0,145.276,4.08009,144.079,0.84672,12.849,0.84672,3695.15,0,0,0,0.929327,1.80077,9.66678,1.13979,11.2571,0.42336,0,0.42336,460.49,0,1.02816,0,0,1.95749,0.929327,1.028160,1,0,155.889,0,0,0,155.889,0
72.29,2.03343,0,0,5.00285,0.358525,2.61089,3.6288,61.308,0.66528,0,0,1.18312,0.216457,0.301381,0.66528,12.849,1,0.361427,2.61089,0,124.19,4.08009,122.359,0.84672,12.849,0.84672,3695.15,0,0,0,0.710977,1.77337,8.79673,1.13979,10.1413,0.42336,0,0.42336,460.49,0,1.02816,0,0,1.73914,0.710977,1.028160,1,0,132.802,0,0,0,132.802,0
72.29,2.03449,0,0,4.16062,0.31595,1.81018,3.6288,61.308,0.673998,0,0,0.985746,0.22839,0.0833585,0.66528,12.849,1,0.361616,1.81018,0,88.7458,4.52624,85.6681,0.84672,12.849,0.84672,3695.15,0,0,0,0.503194,1.7736,7.24274,1.25453,8.26501,0.42336,0,0.42336,460.49,0,1.01944,0,0,1.52264,0.503194,1.028160,1,0,94.0164,0,0,0,94.0164,0
72.29,2.25109,0,0,3.77345,0.320837,1.20153,3.6288,61.308,0.762644,0,0,1.13543,0.222868,0.149922,0.66528,12.849,1,0.400114,1.20153,0,88.2611,4.60168,84.4608,0.84672,12.849,0.84672,3695.15,0,0,0,0.503194,1.77384,7.27635,1.24807,8.30531,0.42336,0,0.42336,460.49,0,0.930796,0,0,1.43399,0.503194,1.028160,1,0,92.916,0,0,0,92.916,0
72.29,2.40292,0,0,3.91328,0.35016,1.1602,3.6288,61.308,0.66528,0,0,1.02705,0.189736,0.17203,0.66528,12.849,1,0.427102,1.1602,0,92.8791,5.05438,88.5578,0.84672,12.849,0.84672,3695.15,0,0,0,0.758385,1.95878,6.98449,1.20934,8.49231,0.42336,0,0.42336,460.49,0,1.02816,0,0,1.78654,0.758385,1.028160,1,0,97.2222,0,0,0,97.2222,0
72.29,2.4041,0,0,4.60289,0.35016,1.84863,3.6288,61.308,0.66528,0,0,1.08036,0.189736,0.225347,0.66528,12.849,1,0.42731,1.84863,0,111.379,5.05438,107.746,0.84672,12.849,0.84672,3695.15,0,0,0,0.725414,1.8552,7.26823,1.20934,8.63949,0.42336,0,0.42336,460.49,0,1.02816,0,0,1.75357,0.725414,1.028160,1,0,116.611,0,0,0,116.611,0
72.29,2.40527,0,0,4.86401,0.339651,2.11909,3.6288,61.308,0.66528,0,0,1.09158,0.182749,0.243549,0.66528,12.849,1,0.427519,2.11909,0,118.459,4.81508,115.335,0.84672,12.849,0.84672,3695.15,0,0,0,0.899208,1.85546,7.95053,1.13232,9.57287,0.42336,0,0.42336,460.49,0,1.02816,0,0,1.92737,0.899208,1.028160,1,0,125.152,0,0,0,125.152,0
72.29,2.09866,0,0,5.25191,0.320218,2.83304,3.6288,61.308,0.44814,0,0,1.25448,0.196302,0.610034,0.66528,12.849,1,0.37302,2.83304,0,120.376,4.63331,118.203,0.84672,12.849,0.84672,3695.15,0,0,0,1.36443,1.85571,8.27444,1.04056,10.454,0.42336,0,0.42336,460.49,0,1.02816,0,0,2.39259,1.36443,1.028160,1,0,129.267,0,0,0,129.267,0
72.29,1.89724,0,0,7.69842,0.347251,5.45393,3.6288,61.308,0.66528,0,0,1.81892,0.18415,0.969489,0.66528,12.849,1,0.337219,5.45393,0,119.843,4.35404,120.606,0.84672,12.849,0.84672,3695.15,0,0,0,3.15416,1.60378,9.48603,0.961661,13.2823,0.42336,0,0.42336,460.49,0,1.02816,0,0,4.18232,3.15416,1.028160,1,0,134.857,0,0,0,134.857,0
72.29,1.89826,0,0,5.97589,0.347251,3.73038,3.6288,61.308,0.66528,0,0,1.41591,0.18415,0.566485,0.66528,12.849,1,0.337401,3.73038,0,126.285,4.35404,125.324,0.84672,12.849,0.84672,3695.15,0,0,0,2.21049,1.74353,7.67552,0.961661,10.6679,0.42336,0,0.42336,460.49,0,1.02816,0,0,3.23865,2.21049,1.028160,1,0,136.558,0,0,0,136.558,0
72.29,1.89928,0,0,4.8292,0.313266,2.61666,3.6288,61.308,0.66528,0,0,0.947989,0.166101,0.116609,0.66528,12.849,1,0.337582,2.61666,0,103.069,4.09245,101.256,0.84672,12.849,0.84672,3695.15,0,0,0,1.52027,1.74376,6.77851,0.924084,9.11845,0.42336,0,0.42336,460.49,0,1.02816,0,0,2.54843,1.52027,1.028160,1,0,110.491,0,0,0,110.491,0
72.29,1.9003,0,0,5.46869,0.267954,3.30044,3.6288,61.308,0.66528,0,0,1.23813,0.142035,0.430814,0.66528,12.849,1,0.337763,3.30044,0,110.055,3.74367,109.274,0.84672,12.849,0.84672,3695.15,0,0,0,2.25498,1.74398,7.21955,0.873983,10.3445,0.42336,0,0.42336,460.49,0,1.02816,0,0,3.28314,2.25498,1.028160,1,0,120.049,0,0,0,120.049,0
72.29,1.97891,0,0,4.36304,0.306806,2.07733,3.6288,61.308,0.66528,0,0,1.1045,0.165942,0.273281,0.66528,12.849,1,0.351736,2.07733,0,99.5518,3.94415,97.3333,0.84672,12.849,0.84672,3695.15,0,0,0,2.13565,1.74421,7.43478,0.846366,10.4683,0.42336,0,0.42336,460.49,0,1.02816,0,0,3.16381,2.13565,1.028160,1,0,108.075,0,0,0,108.075,0
72.29,2.02957,0,0,3.75692,0.322347,1.40501,3.6288,61.308,0.66528,0,0,0.932939,0.175505,0.0921536,0.66528,12.849,1,0.360741,1.40501,0,113.033,4.02434,110.053,0.84672,12.849,0.84672,3695.15,0,0,0,1.91736,1.8067,7.31644,0.83532,10.2052,0.42336,0,0.42336,460.49,0,1.02816,0,0,2.94552,1.91736,1.028160,1,0,120.35,0,0,0,120.35,0
72.29,2.03063,0,0,3.8839,0.322347,1.53093,3.6288,61.308,0.66528,0,0,1.2338,0.175505,0.393016,0.66528,12.849,1,0.360929,1.53093,0,109.548,4.02434,106.694,0.84672,12.849,0.84672,3695.15,0,0,0,2.60814,1.77275,7.49546,0.83532,11.041,0.42336,0,0.42336,460.49,0,1.02816,0,0,3.6363,2.60814,1.028160,1,0,118.128,0,0,0,118.128,0
72.29,2.03169,0,0,4.80702,0.322347,2.45298,3.6288,61.308,0.66528,0,0,1.36356,0.175505,0.52278,0.66528,12.849,1,0.361117,2.45298,0,84.0946,4.02434,82.1621,0.84672,12.849,0.84672,3695.15,0,0,0,3.52594,1.77299,7.85298,0.83532,12.3166,0.42336,0,0.42336,460.49,0,1.02816,0,0,4.5541,3.52594,1.028160,1,0,95.0015,0,0,0,95.0015,0
72.29,2.00237,0,0,3.37066,0.235671,1.13262,3.6288,61.2245,0.663857,0,0,0.79958,0.219198,0,0.66528,12.849,1,0.355907,1.13262,0,62.3271,3.94398,59.1599,0.84672,12.849,0.84672,3695.15,0,0,0,1.43531,1.77322,5.4968,0.878225,7.82711,0.42336,0,0.42336,460.49,0,1.02816,0,0,2.46347,1.43531,1.028160,1,0,66.987,0,0,0,66.987,0
72.29,1.98413,0,0,3.13667,0.251187,0.901355,3.6288,61.1548,0.66528,0,0,0.81184,0.216305,0,0.66528,12.849,1,0.352664,0.901355,0,63.644,3.29868,60.894,0.84672,12.849,0.84672,3695.15,0,0,0,1.11386,1.74919,4.57898,0.903299,6.53873,0.42336,0,0.42336,460.49,0,1.02816,0,0,2.14202,1.11386,1.028160,1,0,67.4327,0,0,0,67.4327,0
72.29,1.98518,0,0,3.27606,0.251187,1.0397,3.6288,60.9687,0.66528,0,0,0.695408,0.21621,0,0.66528,12.849,1,0.35285,1.0397,0,63.1204,3.29868,60.5086,0.84672,12.849,0.84672,3695.15,0,0,0,0.750349,1.76272,5.37284,0.903299,6.9826,0.42336,0,0.42336,460.49,0,1.02816,0,0,1.77851,0.750349,1.028160,1,0,67.4912,0,0,0,67.4912,0
72.29,1.98622,0,0,3.20148,0.214695,1.00056,3.6288,60.7478,0.66528,0,0,0.678136,0.23372,0,0.66528,12.849,1,0.353036,1.00056,0,62.7563,4.70223,58.7016,0.84672,12.849,0.84672,3695.15,0,0,0,0.829872,1.76295,4.8541,0.958633,6.48829,0.42336,0,0.42336,460.49,0,1.02816,0,0,1.85803,0.829872,1.028160,1,0,65.1899,0,0,0,65.1899,0
72.29,2.0905,0,0,2.62909,0.151526,0.387064,3.6288,60.4744,0.66528,0,0,0.645693,0.253833,0,0.66528,12.849,1,0.371571,0.387064,0,39.2706,5.23451,34.0516,0.84672,12.849,0.84672,3695.15,0,0,0,0.672002,1.76318,4.24828,1.09462,5.58884,0.42336,0,0.42336,460.49,0,1.02816,0,0,1.70016,0.672002,1.028160,1,0,39.6404,0,0,0,39.6404,0
72.29,2.16008,0,0,2.88849,0.165484,0.562925,3.6288,60.3673,0.66528,0,0,0.812834,0.25471,0,0.66528,12.849,1,0.383938,0.562925,0,50.9415,4.45767,46.6628,0.84672,12.849,0.84672,3695.15,0,0,0,1.00238,1.84853,4.77713,0.965981,6.66206,0.42336,0,0.42336,460.49,0,1.02816,0,0,2.03054,1.00238,1.028160,1,0,53.3249,0,0,0,53.3249,0
72.29,2.16118,0,0,2.89328,0.165484,0.566613,3.6288,60.2076,0.66528,0,0,0.76017,0.254536,0,0.66528,12.849,1,0.384133,0.566613,0,51.3855,4.45767,47.1103,0.84672,12.849,0.84672,3695.15,0,0,0,0.413865,1.80157,4.15404,0.965981,5.4035,0.42336,0,0.42336,460.49,0,1.02816,0,0,1.44202,0.413865,1.028160,1,0,52.5138,0,0,0,52.5138,0
72.1012,2.16228,0,0,2.48677,0.150407,0.36288,3.6288,59.9317,0.66528,0,0,0.644551,0.255188,0,0.66528,12.849,1,0.384329,0.36288,0,51.9166,4.60374,47.2914,0.84672,12.849,0.84672,3695.15,0,0,0,0.395582,1.80181,4.05844,1.02098,5.23486,0.42336,0,0.42336,460.49,0,1.02816,0,0,1.42374,0.395582,1.028160,1,0,52.5263,0,0,0,52.5263,0
71.7295,2.16252,0,0,2.26623,0.112554,0.36288,3.6288,59.409,0.814571,0,0,0.548913,0.257011,0,0.66528,12.849,1,0.385379,0.36288,0,49.3875,4.96891,44.3961,0.84672,12.849,0.84672,3695.15,0,0,0,0.30119,1.80206,3.75208,1.15848,4.69685,0.42336,0,0.42336,460.49,0,0.878869,0,0,1.18006,0.30119,1.028160,1,0,49.093,0,0,0,49.093,0
71.0022,2.14151,0,0,1.89011,0.113005,0.36288,3.6288,58.9633,0.787847,0,0,0.624192,0.282054,0,0.66528,12.849,1,0.383611,0.36288,0,39.2442,5.12019,34.1033,0.84672,12.849,0.84672,3695.15,0,0,0,0.30119,1.8023,3.31003,1.21847,4.19505,0.42336,0,0.42336,460.49,0,0.905593,0,0,1.20678,0.30119,1.028160,1,0,38.2983,0,0,0,38.2983,0
70.0414,2.17687,0,0,1.69163,0.112685,0.36288,3.6288,58.4829,0.799718,0,0,0.610871,0.29158,0,0.66528,12.849,1,0.393941,0.36288,0,34.3234,5.1807,29.1117,0.84672,12.849,0.84672,3695.15,0,0,0,0.261274,1.83234,2.90283,1.24246,3.75398,0.42336,0,0.42336,460.49,0,0.893722,0,0,1.155,0.261274,1.028160,1,0,32.8657,0,0,0,32.8657,0
68.9686,2.17341,0,0,1.57533,0.111855,0.36288,3.6288,57.8762,0.849079,0,0,0.533077,0.290681,0,0.66528,12.849,1,0.398709,0.36288,0,31.9023,5.1807,26.6857,0.84672,12.849,0.84672,3695.15,0,0,0,0.261274,1.8066,2.74978,1.24246,3.5752,0.42336,0,0.42336,460.49,0,0.844361,0,0,1.10563,0.261274,1.028160,1,0,30.2609,0,0,0,30.2609,0
67.8151,2.16928,0,0,1.48964,0.110929,0.36288,3.6288,57.1754,0.913784,0,0,0.50253,0.289546,0,0.66528,12.849,1,0.404141,0.36288,0,30.4308,5.1807,25.2088,0.84672,12.849,0.84672,3695.15,0,0,0,0.261274,1.80685,2.62593,1.24246,3.45159,0.42336,0,0.42336,460.49,0,0.779656,0,0,1.04093,0.261274,1.028160,1,0,28.6604,0,0,0,28.6604,0
66.4764,2.21694,0,0,1.34028,0.0992268,0.36288,3.6288,56.2112,1.14204,0,0,0.486167,0.308356,0,0.66528,12.849,1,0.420045,0.36288,0,25.4351,5.57689,19.8011,0.84672,12.849,0.84672,3695.15,0,0,0,0.261274,1.80709,2.33594,1.36976,3.03455,0.42336,0,0.42336,460.49,0,0.551396,0,0,0.81267,0.261274,1.028160,1,0,22.8356,0,0,0,22.8356,0
65.0168,2.24416,0,0,1.24286,0.095354,0.36288,3.6288,55.2951,1.0754,0,0,0.464648,0.305293,0,0.66528,12.849,1,0.433767,0.36288,0,26.2244,5.74655,20.407,0.84672,12.849,0.84672,3695.15,0,0,0,0.261274,1.84962,2.1777,1.46317,2.82543,0.42336,0,0.42336,460.49,0,0.618036,0,0,0.87931,0.261274,1.028160,1,0,23.2324,0,0,0,23.2324,0
63.4798,2.23715,0,0,1.15726,0.0942493,0.36288,3.6288,54.4244,0.970341,0,0,0.403109,0.303466,0,0.66528,12.849,1,0.442118,0.36288,0,22.2049,5.74655,16.3791,0.84672,12.849,0.84672,3695.15,0,0,0,0.227405,1.82669,2.19779,1.46317,2.78872,0.42336,0,0.42336,460.49,0,0.723099,0,0,0.950504,0.227405,1.028160,1,0,19.1678,0,0,0,19.1678,0
61.8645,2.22935,0,0,1.06996,0.0930859,0.36288,3.6288,53.4105,1.08601,0,0,0.373827,0.30173,0,0.66528,12.849,1,0.451245,0.36288,0,21.2925,5.74655,15.4576,0.84672,12.849,0.84672,3695.15,0,0,0,0.227405,1.82694,1.91095,1.46317,2.50213,0.42336,0,0.42336,460.49,0,0.607427,0,0,0.834831,0.227405,1.028160,1,0,17.9597,0,0,0,17.9597,0
60.1361,2.37186,0,0,1.09371,0.0873496,0.36288,3.6288,52.5503,0.973356,0,0,0.415149,0.302002,0,0.66528,12.849,1,0.492626,0.36288,0,20.2512,5.82132,14.3001,0.84672,12.849,0.84672,3695.15,0,0,0,0.227405,1.82719,2.3637,1.47811,2.94018,0.42336,0,0.42336,460.49,0,0.720084,0,0,0.947488,0.227405,1.028160,1,0,17.2403,0,0,0,17.2403,0
58.0314,2.40332,0,0,0.750142,0.0886104,0.36288,3.6288,51.3485,1.27383,0,0,0.35305,0.281028,0,0.66528,12.849,1,0.513507,0.36288,0,16.9985,5.73987,11.108,0.84672,12.849,0.84672,3695.15,0,0,0,0.227405,1.97229,1.8323,1.50973,2.52226,0.42336,0,0.42336,460.49,0,0.419609,0,0,0.647014,0.227405,1.028160,1,0,13.6303,0,0,0,13.6303,0
55.7926,2.3888,0,0,0.604478,0.0916001,0.36288,3.6288,50.0408,1.34106,0,0,0.306151,0.272778,0,0.66528,12.849,1,0.528915,0.36288,0,14.5823,5.65152,8.76478,0.84672,12.849,0.84672,3695.15,0,0,0,0.204422,1.94276,1.60592,1.50006,2.25304,0.42336,0,0.42336,460.49,0,0.352378,0,0,0.5568,0.204422,1.028160,1,0,11.0178,0,0,0,11.0178,0
53.645,2.37227,0,0,0.677117,0.0896013,0.36288,3.6288,48.7594,1.32555,0,0,0.314057,0.269886,0,0.66528,12.849,1,0.546332,0.36288,0,14.495,5.65152,8.66001,0.84672,12.849,0.84672,3695.15,0,0,0,0.204422,1.94335,1.72124,1.50006,2.36895,0.42336,0,0.42336,460.49,0,0.367889,0,0,0.572312,0.204422,1.028160,1,0,11.029,0,0,0,11.029,0
51.9054,2.35534,0,0,1.08367,0.105018,0.36288,3.6288,47.6797,1.20258,0,0,0.385976,0.263129,0,0.66528,12.849,1,0.564149,0.36288,0,24.0805,5.53278,18.3464,0.84672,12.849,0.84672,3695.15,0,0,0,0.204422,1.94394,1.8763,1.4855,2.53916,0.42336,0,0.42336,460.49,0,0.490864,0,0,0.695287,0.204422,1.028160,1,0,20.8856,0,0,0,20.8856,0
50.2156,2.26947,0,0,1.04894,0.106374,0.36288,3.6288,46.5823,1.31856,0,0,0.459007,0.237811,0,0.66528,12.849,1,0.561799,0.36288,0,25.6478,5.73071,19.7181,0.84672,12.849,0.84672,3695.15,0,0,0,0.204422,1.94453,1.63318,1.46535,2.31679,0.42336,0,0.42336,460.49,0,0.374884,0,0,0.579306,0.204422,1.028160,1,0,22.0349,0,0,0,22.0349,0
48.4741,2.2551,0,0,0.980994,0.104549,0.36288,3.6288,46.0139,1.00191,0,0,0.657135,0.223638,0,0.66528,12.849,1,0.577028,0.36288,0,26.9537,5.81227,20.9273,0.84672,12.849,0.84672,3695.15,0,0,0,0.216518,1.86117,1.96757,1.46023,2.58502,0.42336,0,0.42336,460.49,0,0.691528,0,0,0.908047,0.216518,1.028160,1,0,23.5123,0,0,0,23.5123,0
46.2508,2.23939,0,0,0.481575,0.102616,0.36288,3.6288,44.8328,1.3616,0,0,0.402896,0.222466,0,0.66528,12.849,1,0.593595,0.36288,0,27.1563,5.81227,21.1133,0.84672,12.849,0.84672,3695.15,0,0,0,0.216518,1.86173,1.12818,1.46023,1.74619,0.42336,0,0.42336,460.49,0,0.331844,0,0,0.548363,0.216518,1.028160,1,0,22.8595,0,0,0,22.8595,0
44.0653,2.21774,0,0,0.495289,0.10014,0.36288,3.6288,43.6077,1.44268,0,0,0.437675,0.220032,0,0.66528,12.849,1,0.616113,0.36288,0,17.7099,5.81227,11.6444,0.84672,12.849,0.84672,3695.15,0,0,0,0.216518,1.8623,0.915097,1.46023,1.53368,0.42336,0,0.42336,460.49,0,0.25076,0,0,0.467278,0.216518,1.028160,1,0,13.1781,0,0,0,13.1781,0
42.679,2.13805,0,0,1.2898,0.175146,0.36288,3.6288,43.4389,0.697374,0,0,0.74976,0.221212,0,0.66528,12.849,1,0.623433,0.36288,0,26.333,5.05065,21.0218,0.84672,12.849,0.84672,3695.15,0,0,0,0.216518,1.86286,2.67246,1.26343,3.48841,0.42336,0,0.42336,460.49,0,0.947603,0,0,1.16412,0.216518,1.028160,1,0,24.5102,0,0,0,24.5102,0
40.8982,2.06986,0,0,0.798433,0.146487,0.36288,3.6288,42.5814,1.15859,0,0,0.488952,0.187835,0,0.66528,12.849,1,0.623155,0.36288,0,23.2124,4.40249,18.5496,0.84672,12.849,0.84672,3695.15,0,0,0,0.216518,1.78841,1.7511,0.973313,2.78272,0.42336,0,0.42336,460.49,0,0.534855,0,0,0.751373,0.216518,1.028160,1,0,21.3324,0,0,0,21.3324,0
39.3008,2.05023,0,0,1.04451,0.228832,0.36288,3.6288,41.4565,1.33597,0,0,0.386759,0.175708,0,0.66528,12.849,1,0.644121,0.36288,0,32.1604,4.5193,27.3599,0.84672,12.849,0.84672,3695.15,0,0,0,0.292723,1.82951,1.69944,1.12213,2.69954,0.42336,0,0.42336,460.49,0,0.357471,0,0,0.650195,0.292723,1.028160,1,0,30.0594,0,0,0,30.0594,0
37.5694,2.03151,0,0,0.887596,0.224568,0.36288,3.6288,40.5277,1.18907,0,0,0.43405,0.173816,0,0.66528,12.849,1,0.664181,0.36288,0,26.2897,4.5193,21.4691,0.84672,12.849,0.84672,3695.15,0,0,0,0.292723,1.82976,1.88892,1.12213,2.88928,0.42336,0,0.42336,460.49,0,0.504365,0,0,0.797088,0.292723,1.028160,1,0,24.3584,0,0,0,24.3584,0
37.8658,1.85454,0,0,2.73389,0.220085,0.36288,3.6288,41.2233,0.521186,0,0,1.38904,0.172254,0,0.66528,12.849,1,0.634265,0.36288,0,91.0837,4.5193,86.293,0.84672,12.849,0.84672,3695.15,0,0,0,1.52103,1.83001,4.49156,1.12213,6.72047,0.42336,0,0.42336,460.49,0,1.02816,0,0,2.54919,1.52103,1.028160,1,0,93.0134,0,0,0,93.0134,0
38.1465,1.73568,0,0,2.60567,0.226448,0.36288,3.6288,41.5406,0.66528,0,0,1.16805,0.185455,0,0.66528,12.849,1,0.588967,0.36288,0,100.352,4.43974,95.6866,0.84672,12.849,0.84672,3695.15,0,0,0,0.702276,1.66343,4.57606,1.11931,5.82246,0.42336,0,0.42336,460.49,0,1.02816,0,0,1.73044,0.702276,1.028160,1,0,101.509,0,0,0,101.509,0
39.4518,1.73984,0,0,3.63614,0.228128,0.36288,3.6288,42.9486,0.66528,0,0,2.26137,0.188038,0,0.66528,12.849,1,0.586035,0.36288,0,109.796,4.42648,105.147,0.84672,12.849,0.84672,3695.15,0,0,0,1.72435,1.76044,9.79443,1.11884,12.1604,0.42336,0,0.42336,460.49,0,1.02816,0,0,2.75251,1.72435,1.028160,1,0,117.307,0,0,0,117.307,0
40.0394,1.75539,0,0,2.93753,0.231608,0.36288,3.6288,43.0536,0.66528,0,0,0.960837,0.190597,0,0.66528,12.849,1,0.57171,0.36288,0,92.4005,4.42648,87.7652,0.84672,12.849,0.84672,3695.15,0,0,0,1.11243,1.76067,5.35224,1.11884,7.10649,0.42336,0,0.42336,460.49,0,1.02816,0,0,2.14059,1.11243,1.028160,1,0,94.8717,0,0,0,94.8717,0
40.6484,1.76267,0,0,2.96641,0.231901,0.36288,3.6288,42.544,0.878662,0,0,0.565965,0.196882,0,0.66528,12.849,1,0.565655,0.36288,0,88.1315,4.45237,83.4763,0.84672,12.849,0.84672,3695.15,0,0,0,0.412474,1.7609,5.74634,1.13882,6.7809,0.42336,0,0.42336,460.49,0,0.814778,0,0,1.22725,0.412474,1.028160,1,0,90.2572,0,0,0,90.2572,0
41.3246,1.83097,0,0,3.08476,0.214716,0.36288,3.6288,42.8752,0.66528,0,0,1.2211,0.224657,0,0.66528,12.849,1,0.578772,0.36288,0,97.7435,4.67107,92.8565,0.84672,12.849,0.84672,3695.15,0,0,0,0.78319,1.76113,4.83648,1.22826,6.15254,0.42336,0,0.42336,460.49,0,1.02816,0,0,1.81135,0.78319,1.028160,1,0,99.009,0,0,0,99.009,0
42.4466,1.87572,0,0,3.56225,0.201644,0.36288,3.6288,43.61,0.66528,0,0,1.61527,0.215123,0,0.66528,12.849,1,0.583214,0.36288,0,93.6265,4.75555,88.6506,0.84672,12.849,0.84672,3695.15,0,0,0,1.77859,1.81345,5.76291,1.18769,8.16726,0.42336,0,0.42336,460.49,0,1.02816,0,0,2.80675,1.77859,1.028160,1,0,96.8179,0,0,0,96.8179,0
43.6419,1.88849,0,0,3.65102,0.204307,0.36288,3.6288,44.6345,0.66528,0,0,1.9064,0.216632,0,0.66528,12.849,1,0.571664,0.36288,0,138.425,4.75555,133.461,0.84672,12.849,0.84672,3695.15,0,0,0,1.82434,1.7856,6.70357,1.18769,9.12582,0.42336,0,0.42336,460.49,0,1.02816,0,0,2.8525,1.82434,1.028160,1,0,142.586,0,0,0,142.586,0
44.0318,1.90153,0,0,2.86146,0.207144,0.36288,3.6288,45.0649,0.66528,0,0,1.31442,0.218735,0,0.66528,12.849,1,0.559845,0.36288,0,99.5406,4.75555,94.5881,0.84672,12.849,0.84672,3695.15,0,0,0,1.35143,1.78583,4.34602,1.18769,6.29559,0.42336,0,0.42336,460.49,0,1.02816,0,0,2.37959,1.35143,1.028160,1,0,100.884,0,0,0,100.884,0
43.9447,2.10593,0,0,2.59092,0.209231,0.36288,3.6288,45.3886,0.66528,0,0,1.1988,0.209809,0,0.66528,12.849,1,0.614534,0.36288,0,86.8683,4.58354,82.0331,0.84672,12.849,0.84672,3695.15,0,0,0,1.20658,1.78606,4.00062,1.14173,5.85154,0.42336,0,0.42336,460.49,0,1.02816,0,0,2.23474,1.20658,1.028160,1,0,87.8846,0,0,0,87.8846,0
44.6371,2.24551,0,0,3.50701,0.206286,0.36288,3.6288,45.9183,0.66528,0,0,1.39062,0.195698,0,0.66528,12.849,1,0.656564,0.36288,0,112.304,4.21428,107.796,0.84672,12.849,0.84672,3695.15,0,0,0,1.84783,1.97392,5.52037,1.13645,8.20568,0.42336,0,0.42336,460.49,0,1.02816,0,0,2.87599,1.84783,1.028160,1,0,116.001,0,0,0,116.001,0
46.3253,2.2544,0,0,4.51341,0.207916,0.36288,3.6288,46.9665,0.66528,0,0,1.91013,0.196664,0,0.66528,12.849,1,0.64894,0.36288,0,122.386,4.21428,117.886,0.84672,12.849,0.84672,3695.15,0,0,0,2.18221,1.86869,7.31169,1.13645,10.2261,0.42336,0,0.42336,460.49,0,1.02816,0,0,3.21037,2.18221,1.028160,1,0,128.112,0,0,0,128.112,0
48.9805,2.27358,0,0,5.4941,0.202395,0.36288,3.6288,48.1617,0.66528,0,0,2.06275,0.202252,0,0.66528,12.849,1,0.63061,0.36288,0,114.003,4.18929,109.546,0.84672,12.849,0.84672,3695.15,0,0,0,2.7547,1.86899,9.35302,1.11971,12.857,0.42336,0,0.42336,460.49,0,1.02816,0,0,3.78286,2.7547,1.028160,1,0,122.403,0,0,0,122.403,0
50.2247,2.00962,0,0,3.8585,0.241846,0.36288,3.6288,49.3239,0.44544,0,0,1.79207,0.184366,0,0.66528,12.849,1,0.527181,0.36288,0,119.552,3.79796,115.589,0.84672,12.849,0.84672,3695.15,0,0,0,2.10833,1.86953,6.6872,1.10866,9.55642,0.42336,0,0.42336,460.49,0,1.02816,0,0,3.13649,2.10833,1.028160,1,0,125.146,0,0,0,125.146,0
54.8696,1.82896,0,0,7.09776,0.260967,0.36288,3.6288,52.0862,0.66528,0,0,3.61222,0.184655,0,0.66528,12.849,1,0.467904,0.36288,0,181.213,3.28366,177.824,0.84672,12.849,0.84672,3695.15,0,0,0,3.78941,1.6139,11.2307,0.908326,15.7257,0.42336,0,0.42336,460.49,0,1.02816,0,0,4.81757,3.78941,1.028160,1,0,193.55,0,0,0,193.55,0
58.4643,1.862,0,0,6.09328,0.273755,0.36288,3.6288,54.4367,0.66528,0,0,3.20459,0.188859,0,0.66528,12.849,1,0.436032,0.36288,0,148.847,3.28366,145.491,0.84672,12.849,0.84672,3695.15,0,0,0,2.71439,1.75522,9.87371,0.908326,13.435,0.42336,0,0.42336,460.49,0,1.02816,0,0,3.74255,2.71439,1.028160,1,0,158.925,0,0,0,158.925,0
62.6502,1.88494,0,0,6.71742,0.283651,0.36288,3.6288,57.1189,0.66528,0,0,3.5398,0.192284,0,0.66528,12.849,1,0.414264,0.36288,0,177.867,3.28366,174.532,0.84672,12.849,0.84672,3695.15,0,0,0,4.81804,1.75544,12.7097,0.908326,18.3748,0.42336,0,0.42336,460.49,0,1.02816,0,0,5.8462,4.81804,1.028160,1,0,192.907,0,0,0,192.907,0
67.4603,1.90889,0,0,7.37623,0.294372,0.36288,3.6288,60.8396,0.66528,0,0,4.58165,0.195692,0,0.66528,12.849,1,0.391495,0.36288,0,199.621,3.28366,196.309,0.84672,12.849,0.84672,3695.15,0,0,0,4.19368,1.75566,16.6747,0.908326,21.7157,0.42336,0,0.42336,460.49,0,1.02816,0,0,5.22184,4.19368,1.028160,1,0,218.025,0,0,0,218.025,0
72.29,2.01129,0,0,9.02966,0.302894,1.88579,3.6288,61.308,0.66528,0,0,4.57301,0.182574,3.25674,0.66528,12.849,1,0.383086,1.88579,0,166.728,3.4149,164.816,0.84672,12.849,0.84672,3695.15,0,0,0,3.92773,1.75588,14.0692,0.847368,18.9054,0.42336,0,0.42336,460.49,0,1.02816,0,0,4.95589,3.92773,1.028160,1,0,186.978,0,0,0,186.978,0
72.29,2.08444,0,0,9.00539,0.319325,6.60162,3.6288,61.308,0.66528,0,0,3.94807,0.159389,3.12341,0.66528,12.849,1,0.370493,6.60162,0,141.31,3.21857,144.322,0.84672,12.849,0.84672,3695.15,0,0,0,3.1057,1.81935,13.2011,0.759515,17.3667,0.42336,0,0.42336,460.49,0,1.02816,0,0,4.13386,3.1057,1.028160,1,0,164.812,0,0,0,164.812,0
72.29,2.08547,0,0,8.62548,0.314181,6.22583,3.6288,61.308,0.66528,0,0,3.76186,0.160059,2.93652,0.66528,12.849,1,0.370677,6.22583,0,138.745,3.17751,141.422,0.84672,12.849,0.84672,3695.15,0,0,0,3.41613,1.78485,11.2997,0.775642,15.7251,0.42336,0,0.42336,460.49,0,1.02816,0,0,4.44429,3.41613,1.028160,1,0,160.084,0,0,0,160.084,0
72.29,2.08651,0,0,8.99571,0.283323,6.62588,3.6288,61.308,0.66528,0,0,4.10886,0.164081,3.2795,0.66528,12.849,1,0.370861,6.62588,0,158.343,2.93118,161.667,0.84672,12.849,0.84672,3695.15,0,0,0,3.8153,1.78508,13.3949,0.872407,18.1228,0.42336,0,0.42336,460.49,0,1.02816,0,0,4.84346,3.8153,1.028160,1,0,183.069,0,0,0,183.069,0
72.29,2.05669,0,0,7.52803,0.28356,5.18778,3.6288,61.308,0.663489,0,0,1.30054,0.163092,0.473963,0.66528,12.849,1,0.365561,5.18778,0,124.136,3.04797,125.91,0.84672,12.849,0.84672,3695.15,0,0,0,1.31033,1.78531,10.0446,0.852305,12.2879,0.42336,0,0.42336,460.49,0,1.02816,0,0,2.33849,1.31033,1.028160,1,0,138.672,0,0,0,138.672,0
72.29,2.03812,0,0,5.72099,0.252154,3.43072,3.6288,61.308,0.66528,0,0,2.09883,0.195156,1.23839,0.66528,12.849,1,0.36226,3.43072,0,107.302,3.78588,106.584,0.84672,12.849,0.84672,3695.15,0,0,0,2.21367,1.7609,8.91294,0.926801,11.9607,0.42336,0,0.42336,460.49,0,1.02816,0,0,3.24183,2.21367,1.028160,1,0,119.784,0,0,0,119.784,0
72.29,2.03914,0,0,5.38031,0.252154,3.08902,3.6288,61.308,0.66528,0,0,1.97757,0.195156,1.11713,0.66528,12.849,1,0.362441,3.08902,0,100.523,3.78588,99.4636,0.84672,12.849,0.84672,3695.15,0,0,0,2.03221,1.77463,8.50193,0.926801,11.382,0.42336,0,0.42336,460.49,0,1.02816,0,0,3.06037,2.03221,1.028160,1,0,111.963,0,0,0,111.963,0
72.29,2.04016,0,0,4.89327,0.252154,2.60096,3.6288,61.308,0.66528,0,0,1.84882,0.195156,0.988386,0.66528,12.849,1,0.362623,2.60096,0,93.299,3.78588,91.7515,0.84672,12.849,0.84672,3695.15,0,0,0,1.94115,1.77485,7.89013,0.926801,10.6793,0.42336,0,0.42336,460.49,0,1.02816,0,0,2.96931,1.94115,1.028160,1,0,103.419,0,0,0,103.419,0
72.29,2.14603,0,0,4.44781,0.252154,2.04963,3.6288,61.308,0.66528,0,0,1.54777,0.195156,0.687333,0.66528,12.849,1,0.38144,2.04963,0,86.0786,3.78588,83.9609,0.84672,12.849,0.84672,3695.15,0,0,0,1.49365,1.77508,7.11763,0.926801,9.45955,0.42336,0,0.42336,460.49,0,1.02816,0,0,2.52181,1.49365,1.028160,1,0,94.1078,0,0,0,94.1078,0
72.29,2.21665,0,0,3.77165,0.164618,1.39038,3.6288,61.308,0.66528,0,0,1.35215,0.236085,0.450786,0.66528,12.849,1,0.393993,1.39038,0,65.5171,4.34658,62.1669,0.84672,12.849,0.84672,3695.15,0,0,0,1.5244,1.86175,6.26676,0.960485,8.69243,0.42336,0,0.42336,460.49,0,1.02816,0,0,2.55256,1.5244,1.028160,1,0,71.3101,0,0,0,71.3101,0
72.29,2.21772,0,0,3.41976,0.155756,1.04627,3.6288,61.308,0.66528,0,0,1.2599,0.241228,0.353394,0.66528,12.849,1,0.394184,1.04627,0,60.4345,4.41966,56.6669,0.84672,12.849,0.84672,3695.15,0,0,0,1.09654,1.81405,5.80688,0.976142,7.74133,0.42336,0,0.42336,460.49,0,1.02816,0,0,2.1247,1.09654,1.028160,1,0,64.7616,0,0,0,64.7616,0
72.29,2.2188,0,0,3.10776,0.155756,0.733203,3.6288,61.308,0.66528,0,0,1.20721,0.241228,0.300698,0.66528,12.849,1,0.394374,0.733203,0,57.458,4.41966,53.3772,0.84672,12.849,0.84672,3695.15,0,0,0,0.801161,1.81428,5.65804,0.976142,7.29735,0.42336,0,0.42336,460.49,0,1.02816,0,0,1.82932,0.801161,1.028160,1,0,60.9752,0,0,0,60.9752,0
72.2836,2.21987,0,0,2.73211,0.155756,0.36288,3.6288,61.308,0.66528,0,0,1.09144,0.241228,0.184931,0.66528,12.849,1,0.394565,0.36288,0,49.1854,4.41966,44.734,0.84672,12.849,0.84672,3695.15,0,0,0,0.652044,1.81452,5.3461,0.976142,6.83653,0.42336,0,0.42336,460.49,0,1.02816,0,0,1.6802,0.652044,1.028160,1,0,51.7555,0,0,0,51.7555,0
72.2683,2.20015,0,0,2.67214,0.124387,0.36288,3.6288,61.2776,0.66528,0,0,0.891674,0.256773,0,0.66528,12.849,1,0.391094,0.36288,0,46.9567,4.8408,42.0877,0.84672,12.849,0.84672,3695.15,0,0,0,0.875794,1.81476,5.18575,1.13896,6.73734,0.42336,0,0.42336,460.49,0,1.02816,0,0,1.90395,0.875794,1.028160,1,0,48.825,0,0,0,48.825,0
72.2381,2.23944,0,0,2.67298,0.100854,0.36288,3.6288,61.1125,0.66528,0,0,0.768528,0.26838,0,0.66528,12.849,1,0.398163,0.36288,0,48.2984,5.15666,43.1064,0.84672,12.849,0.84672,3695.15,0,0,0,1.03928,1.84526,5.34006,1.26108,6.96353,0.42336,0,0.42336,460.49,0,1.02816,0,0,2.06744,1.03928,1.028160,1,0,50.07,0,0,0,50.07,0
71.9905,2.24037,0,0,2.45641,0.100831,0.36288,3.6288,60.9256,0.66528,0,0,0.746444,0.2681,0,0.66528,12.849,1,0.398496,0.36288,0,47.5357,5.15666,42.3435,0.84672,12.849,0.84672,3695.15,0,0,0,1.04015,1.81911,5.38478,1.26108,6.98296,0.42336,0,0.42336,460.49,0,1.02816,0,0,2.06831,1.04015,1.028160,1,0,49.3264,0,0,0,49.3264,0
71.5226,2.24029,0,0,2.23592,0.100641,0.36288,3.6288,60.6906,0.66528,0,0,0.698147,0.267782,0,0.66528,12.849,1,0.399851,0.36288,0,45.6341,5.15666,40.4404,0.84672,12.849,0.84672,3695.15,0,0,0,0.763906,1.81935,5.05852,1.26108,6.3807,0.42336,0,0.42336,460.49,0,1.02816,0,0,1.79207,0.763906,1.028160,1,0,46.8211,0,0,0,46.8211,0
70.7745,2.29275,0,0,1.99533,0.0877228,0.36288,3.6288,60.3739,0.66528,0,0,0.644188,0.295625,0,0.66528,12.849,1,0.411891,0.36288,0,39.9434,5.51464,34.3798,0.84672,12.849,0.84672,3695.15,0,0,0,0.715746,1.81959,4.72669,1.38732,5.8747,0.42336,0,0.42336,460.49,0,1.02816,0,0,1.74391,0.715746,1.028160,1,0,40.2545,0,0,0,40.2545,0
69.5825,2.32421,0,0,1.57325,0.0781631,0.36288,3.6288,59.8948,0.66528,0,0,0.497646,0.311475,0,0.66528,12.849,1,0.421957,0.36288,0,33.9633,5.68648,28.2178,0.84672,12.849,0.84672,3695.15,0,0,0,0.503245,1.86276,3.78016,1.4235,4.72267,0.42336,0,0.42336,460.49,0,1.02816,0,0,1.53141,0.503245,1.028160,1,0,32.9404,0,0,0,32.9404,0
68.2539,2.31921,0,0,1.43087,0.077448,0.36288,3.6288,59.3825,0.66528,0,0,0.463452,0.310526,0,0.66528,12.849,1,0.428262,0.36288,0,31.6614,5.68648,25.9095,0.84672,12.849,0.84672,3695.15,0,0,0,0.264557,1.83947,3.36887,1.4235,4.0494,0.42336,0,0.42336,460.49,0,1.02816,0,0,1.29272,0.264557,1.028160,1,0,29.9589,0,0,0,29.9589,0
67.0665,2.31329,0,0,1.5582,0.0694122,0.36288,3.6288,58.9565,0.66528,0,0,0.547043,0.307733,0,0.66528,12.849,1,0.435484,0.36288,0,31.8113,5.79462,25.944,0.84672,12.849,0.84672,3695.15,0,0,0,0.600929,1.83971,4.76333,1.44941,5.75456,0.42336,0,0.42336,460.49,0,1.02816,0,0,1.62909,0.600929,1.028160,1,0,31.6986,0,0,0,31.6986,0
65.7235,2.46349,0,0,1.54204,0.0586897,0.36288,3.6288,58.5324,0.66528,0,0,0.519547,0.278392,0,0.66528,12.849,1,0.47197,0.36288,0,31.5186,5.92001,25.4895,0.84672,12.849,0.84672,3695.15,0,0,0,0.611764,1.83995,4.22231,1.50028,5.17374,0.42336,0,0.42336,460.49,0,1.02816,0,0,1.63992,0.611764,1.028160,1,0,30.6633,0,0,0,30.6633,0
64.0377,2.47762,0,0,1.20642,0.0516945,0.36288,3.6288,58.0676,0.66528,0,0,0.502931,0.302403,0,0.66528,12.849,1,0.484377,0.36288,0,23.5589,5.79505,17.6423,0.84672,12.849,0.84672,3695.15,0,0,0,0.731462,1.98729,3.64448,1.46781,4.89542,0.42336,0,0.42336,460.49,0,1.02816,0,0,1.75962,0.731462,1.028160,1,0,22.5377,0,0,0,22.5377,0
62.0334,2.46772,0,0,0.874757,0.0484839,0.36288,3.6288,57.4815,0.66528,0,0,0.390569,0.311377,0,0.66528,12.849,1,0.495141,0.36288,0,17.4719,5.74508,11.5946,0.84672,12.849,0.84672,3695.15,0,0,0,0.404801,1.97284,3.14028,1.45483,4.0631,0.42336,0,0.42336,460.49,0,1.02816,0,0,1.43296,0.404801,1.028160,1,0,15.6577,0,0,0,15.6577,0
60.4665,2.45518,0,0,1.3036,0.0523915,0.36288,3.6288,56.9695,0.66528,0,0,0.462393,0.309152,0,0.66528,12.849,1,0.508542,0.36288,0,22.491,5.71539,16.6299,0.84672,12.849,0.84672,3695.15,0,0,0,0.698181,1.97342,3.44162,1.45119,4.66204,0.42336,0,0.42336,460.49,0,1.02816,0,0,1.72634,0.698181,1.028160,1,0,21.2919,0,0,0,21.2919,0
59.4452,2.44502,0,0,1.85933,0.0727959,0.36288,3.6288,56.6026,0.66528,0,0,0.597552,0.299141,0,0.66528,12.849,1,0.519562,0.36288,0,32.9919,5.65185,27.1834,0.84672,12.849,0.84672,3695.15,0,0,0,0.780348,1.97399,3.76824,1.42779,5.09479,0.42336,0,0.42336,460.49,0,1.02816,0,0,1.80851,0.780348,1.028160,1,0,32.2782,0,0,0,32.2782,0
57.755,2.364,0,0,1.10342,0.0667068,0.36288,3.6288,56.1183,0.66528,0,0,0.465989,0.285022,0,0.66528,12.849,1,0.510975,0.36288,0,29.3833,5.55585,23.6793,0.84672,12.849,0.84672,3695.15,0,0,0,0.485032,1.97457,3.16691,1.3568,4.26971,0.42336,0,0.42336,460.49,0,1.02816,0,0,1.51319,0.485032,1.028160,1,0,27.949,0,0,0,27.949,0
55.8031,2.35245,0,0,0.833587,0.0701919,0.36288,3.6288,55.824,0.66528,0,0,0.642139,0.271125,0,0.66528,12.849,1,0.523359,0.36288,0,16.4144,5.22417,11.0298,0.84672,12.849,0.84672,3695.15,0,0,0,1.42774,1.8899,4.38718,1.26491,6.43992,0.42336,0,0.42336,460.49,0,1.02816,0,0,2.4559,1.42774,1.028160,1,0,17.4697,0,0,0,17.4697,0
53.7463,2.33825,0,0,0.713267,0.0688529,0.36288,3.6288,55.2428,0.66528,0,0,0.35467,0.270603,0,0.66528,12.849,1,0.538397,0.36288,0,16.3983,5.22417,10.9986,0.84672,12.849,0.84672,3695.15,0,0,0,0.340641,1.89045,3.26515,1.26491,4.23133,0.42336,0,0.42336,460.49,0,1.02816,0,0,1.3688,0.340641,1.028160,1,0,15.2299,0,0,0,15.2299,0
51.7212,2.3223,0,0,0.744172,0.0841685,0.36288,3.6288,54.664,0.66528,0,0,0.341439,0.254994,0,0.66528,12.849,1,0.555186,0.36288,0,15.7619,5.01654,10.553,0.84672,12.849,0.84672,3695.15,0,0,0,0.298719,1.891,3.2858,1.20001,4.27551,0.42336,0,0.42336,460.49,0,1.02816,0,0,1.32688,0.298719,1.028160,1,0,14.8285,0,0,0,14.8285,0
51.0904,2.246,0,0,2.15883,0.180727,0.36288,3.6288,54.6596,0.642128,0,0,0.804582,0.166876,0,0.66528,12.849,1,0.55797,0.36288,0,47.5073,3.77076,43.5414,0.84672,12.849,0.84672,3695.15,0,0,0,1.01665,1.89155,8.63006,0.810622,10.7276,0.42336,0,0.42336,460.49,0,1.02816,0,0,2.04481,1.01665,1.028160,1,0,54.2691,0,0,0,54.2691,0
49.3776,2.206,0,0,0.96768,0.11161,0.36288,3.6288,54.4408,0.66528,0,0,0.621509,0.175017,0,0.66528,12.849,1,0.554798,0.36288,0,22.5257,3.8442,18.4896,0.84672,12.849,0.84672,3695.15,0,0,0,0.320233,1.81593,4.61425,0.84151,5.9089,0.42336,0,0.42336,460.49,0,1.02816,0,0,1.34839,0.320233,1.028160,1,0,24.3985,0,0,0,24.3985,0
47.8853,2.19176,0,0,1.26592,0.203539,0.36288,3.6288,53.95,0.81934,0,0,0.491609,0.163039,0,0.66528,12.849,1,0.570339,0.36288,0,31.2093,3.96102,27.0408,0.84672,12.849,0.84672,3695.15,0,0,0,0.292723,1.8422,4.47814,0.990325,5.62274,0.42336,0,0.42336,460.49,0,0.8741,0,0,1.16682,0.292723,1.028160,1,0,32.6636,0,0,0,32.6636,0
46.2192,2.17878,0,0,1.07576,0.200274,0.36288,3.6288,53.6739,0.66528,0,0,0.551721,0.16251,0,0.66528,12.849,1,0.584628,0.36288,0,25.5121,3.96102,21.3293,0.84672,12.849,0.84672,3695.15,0,0,0,0.402296,1.84245,4.97744,0.990325,6.23185,0.42336,0,0.42336,460.49,0,1.02816,0,0,1.43046,0.402296,1.028160,1,0,27.5612,0,0,0,27.5612,0
46.9752,1.99788,0,0,3.31342,0.196628,0.36288,3.6288,54.7587,0.518637,0,0,1.76563,0.16218,0,0.66528,12.849,1,0.555414,0.36288,0,88.3902,3.96102,84.2367,0.84672,12.849,0.84672,3695.15,0,0,0,3.54662,1.84269,11.8356,0.990325,16.2346,0.42336,0,0.42336,460.49,0,1.02816,0,0,4.57478,3.54662,1.028160,1,0,100.471,0,0,0,100.471,0
46.3281,1.87398,0,0,1.80821,0.218463,0.36288,3.6288,55.0112,0.66528,0,0,1.11703,0.199307,0,0.66528,12.849,1,0.512585,0.36288,0,51.3837,4.12242,47.1116,0.84672,12.849,0.84672,3695.15,0,0,0,1.23058,1.67354,8.32128,0.988346,10.2371,0.42336,0,0.42336,460.49,0,1.02816,0,0,2.25874,1.23058,1.028160,1,0,57.3486,0,0,0,57.3486,0
44.9082,1.86931,0,0,1.03718,0.224918,0.36288,3.6288,54.6569,0.66528,0,0,0.525066,0.214032,0,0.66528,12.849,1,0.51845,0.36288,0,34.15,4.18698,29.8075,0.84672,12.849,0.84672,3695.15,0,0,0,0.697568,1.77203,5.93875,0.987554,7.42079,0.42336,0,0.42336,460.49,0,1.02816,0,0,1.72573,0.697568,1.028160,1,0,37.2283,0,0,0,37.2283,0
43.7586,1.85749,0,0,1.29223,0.221368,0.36288,3.6288,54.3263,0.66528,0,0,0.548132,0.213533,0,0.66528,12.849,1,0.531461,0.36288,0,36.3421,4.18698,31.9865,0.84672,12.849,0.84672,3695.15,0,0,0,0.746427,1.77226,5.55522,0.987554,7.08635,0.42336,0,0.42336,460.49,0,1.02816,0,0,1.77459,0.746427,1.028160,1,0,39.0729,0,0,0,39.0729,0
45.4624,1.84763,0,0,4.12597,0.211758,0.36288,3.6288,54.3993,0.66528,0,0,0.954824,0.216512,0,0.66528,12.849,1,0.542525,0.36288,0,31.5532,4.38066,26.9929,0.84672,12.849,0.84672,3695.15,0,0,0,1.61552,1.77248,9.19788,1.15252,11.4334,0.42336,0,0.42336,460.49,0,1.02816,0,0,2.64368,1.61552,1.028160,1,0,38.4263,0,0,0,38.4263,0
45.7898,1.92789,0,0,2.8311,0.212918,0.36288,3.6288,54.3757,0.66528,0,0,0.847117,0.205415,0,0.66528,12.849,1,0.544878,0.36288,0,50.7489,4.15143,46.4154,0.84672,12.849,0.84672,3695.15,0,0,0,1.28898,1.77271,7.86577,1.22846,9.69899,0.42336,0,0.42336,460.49,0,1.02816,0,0,2.31714,1.28898,1.028160,1,0,56.1144,0,0,0,56.1144,0
44.6955,1.85801,0,0,1.3559,0.229234,0.36288,3.6288,54.6116,0.66528,0,0,1.06704,0.165898,0,0.66528,12.849,1,0.521373,0.36288,0,38.1493,2.93276,35.0581,0.84672,12.849,0.84672,3695.15,0,0,0,1.15025,1.82581,6.51338,0.86844,8.621,0.42336,0,0.42336,460.49,0,1.02816,0,0,2.17841,1.15025,1.028160,1,0,43.6791,0,0,0,43.6791,0
43.5091,1.84868,0,0,1.25158,0.22643,0.36288,3.6288,54.9394,0.66528,0,0,1.15923,0.166157,0,0.66528,12.849,1,0.531455,0.36288,0,35.5506,2.93276,32.4492,0.84672,12.849,0.84672,3695.15,0,0,0,1.05157,1.88138,5.42184,0.86844,7.48636,0.42336,0,0.42336,460.49,0,1.02816,0,0,2.07973,1.05157,1.028160,1,0,39.9356,0,0,0,39.9356,0
43.6611,1.83807,0,0,2.57626,0.223388,0.36288,3.6288,55.6759,0.66528,0,0,1.56833,0.166517,0,0.66528,12.849,1,0.542814,0.36288,0,43.6706,2.93276,40.5579,0.84672,12.849,0.84672,3695.15,0,0,0,1.87775,1.88186,9.77962,0.86844,12.6708,0.42336,0,0.42336,460.49,0,1.02816,0,0,2.90591,1.87775,1.028160,1,0,53.2287,0,0,0,53.2287,0
44.6136,2.04238,0,0,3.60864,0.250851,0.36288,3.6288,56.2546,0.66528,0,0,1.41468,0.170722,0,0.66528,12.849,1,0.601052,0.36288,0,71.763,3.1349,68.3899,0.84672,12.849,0.84672,3695.15,0,0,0,1.51721,1.88234,8.57053,0.981542,10.9885,0.42336,0,0.42336,460.49,0,1.02816,0,0,2.54537,1.51721,1.028160,1,0,79.3785,0,0,0,79.3785,0
45.318,2.05299,0,0,3.36359,0.243297,0.36288,3.6288,56.9836,0.66528,0,0,1.57275,0.178449,0,0.66528,12.849,1,0.591273,0.36288,0,58.8889,3.11237,55.5481,0.84672,12.849,0.84672,3695.15,0,0,0,1.38941,2.07331,10.1175,0.919485,12.6608,0.42336,0,0.42336,460.49,0,1.02816,0,0,2.41757,1.38941,1.028160,1,0,68.2089,0,0,0,68.2089,0
46.2482,2.06079,0,0,3.59968,0.245832,0.36288,3.6288,57.7001,0.66528,0,0,1.56279,0.180986,0,0.66528,12.849,1,0.584295,0.36288,0,59.6609,3.29542,56.1441,0.84672,12.849,0.84672,3695.15,0,0,0,1.87849,2.07384,10.4422,0.977039,13.4175,0.42336,0,0.42336,460.49,0,1.02816,0,0,2.90665,1.87849,1.028160,1,0,69.5616,0,0,0,69.5616,0
48.339,2.07063,0,0,4.77273,0.248402,0.36288,3.6288,58.346,0.66528,0,0,1.49299,0.181828,0,0.66528,12.849,1,0.575278,0.36288,0,83.5544,3.29542,80.0466,0.84672,12.849,0.84672,3695.15,0,0,0,2.20856,2.07437,11.7781,0.977039,15.084,0.42336,0,0.42336,460.49,0,1.02816,0,0,3.23672,2.20856,1.028160,1,0,95.1306,0,0,0,95.1306,0
50.0249,1.79562,0,0,4.09858,0.25418,0.36288,3.6288,59.2249,0.66528,0,0,1.72676,0.182588,0,0.66528,12.849,1,0.477295,0.36288,0,70.0485,3.29542,66.6387,0.84672,12.849,0.84672,3695.15,0,0,0,1.93044,2.0749,11.4357,0.977039,14.464,0.42336,0,0.42336,460.49,0,1.02816,0,0,2.9586,1.93044,1.028160,1,0,81.1027,0,0,0,81.1027,0
52.6976,1.809,0,0,5.09528,0.250703,0.36288,3.6288,60.0793,0.66528,0,0,1.70179,0.182141,0,0.66528,12.849,1,0.464644,0.36288,0,58.5577,3.76748,54.6884,0.84672,12.849,0.84672,3695.15,0,0,0,1.54483,1.81537,9.80484,0.977668,12.1874,0.42336,0,0.42336,460.49,0,1.02816,0,0,2.57299,1.54483,1.028160,1,0,66.8758,0,0,0,66.8758,0
55.5098,1.82852,0,0,5.25998,0.256395,0.36288,3.6288,61.308,0.66528,0,0,2.12607,0.182889,0.0491846,0.66528,12.849,1,0.44584,0.36288,0,74.6125,3.84615,70.6834,0.84672,12.849,0.84672,3695.15,0,0,0,1.97725,1.81583,11.8117,0.977773,14.627,0.42336,0,0.42336,460.49,0,1.02816,0,0,3.00541,1.97725,1.028160,1,0,85.3596,0,0,0,85.3596,0
60.2697,1.84745,0,0,7.23409,0.263808,0.36288,3.6288,61.308,0.66528,0,0,2.33773,0.184321,1.48813,0.66528,12.849,1,0.427634,0.36288,0,113.557,3.84615,109.646,0.84672,12.849,0.84672,3695.15,0,0,0,2.00225,1.81629,14.1639,0.977773,17.0047,0.42336,0,0.42336,460.49,0,1.02816,0,0,3.03041,2.00225,1.028160,1,0,128.139,0,0,0,128.139,0
65.6767,1.87588,0,0,7.92067,0.274955,0.36288,3.6288,61.308,0.66528,0,0,2.09305,0.19265,1.23512,0.66528,12.849,1,0.399923,0.36288,0,106.574,4.03126,102.506,0.84672,12.849,0.84672,3695.15,0,0,0,2.26311,1.81675,14.9572,1.02823,18.0088,0.42336,0,0.42336,460.49,0,1.02816,0,0,3.29127,2.26311,1.028160,1,0,121.75,0,0,0,121.75,0
70.2939,1.98284,0,0,7.23675,0.273792,0.36288,3.6288,61.308,0.66528,0,0,2.36828,0.182112,1.52088,0.66528,12.849,1,0.387922,0.36288,0,105.343,4.44014,100.878,0.84672,12.849,0.84672,3695.15,0,0,0,2.24687,1.81721,15.4151,1.17984,18.2993,0.42336,0,0.42336,460.49,0,1.02816,0,0,3.27503,2.24687,1.028160,1,0,120.698,0,0,0,120.698,0
72.29,2.00501,0,0,7.59732,0.277249,3.31899,3.6288,61.308,0.66528,0,0,2.33829,0.101426,1.57159,0.66528,12.849,1,0.366495,3.31899,0,98.3422,3.50438,97.7903,0.84672,12.849,0.84672,3695.15,0,0,0,2.32318,1.88187,13.0469,0.978316,16.2737,0.42336,0,0.42336,460.49,0,1.02816,0,0,3.35134,2.32318,1.028160,1,0,115.636,0,0,0,115.636,0
72.29,2.01424,0,0,7.23384,0.236873,4.98273,3.6288,61.308,0.66528,0,0,2.26413,0.125215,1.47363,0.66528,12.849,1,0.358016,4.98273,0,91.5434,3.79522,92.3729,0.84672,12.849,0.84672,3695.15,0,0,0,2.07107,1.88235,12.5243,1.03557,15.4421,0.42336,0,0.42336,460.49,0,1.02816,0,0,3.09923,2.07107,1.028160,1,0,109.289,0,0,0,109.289,0
72.29,2.01488,0,0,5.84816,0.217563,3.61572,3.6288,61.308,0.66528,0,0,1.83634,0.199268,0.971789,0.66528,12.849,1,0.358129,3.61572,0,77.6961,5.71408,75.2396,0.84672,12.849,0.84672,3695.15,0,0,0,1.62416,1.88283,10.5951,1.25677,12.8453,0.42336,0,0.42336,460.49,0,1.02816,0,0,2.65232,1.62416,1.028160,1,0,89.0566,0,0,0,89.0566,0
72.29,1.9842,0,0,5.49277,0.16994,3.33863,3.6288,61.308,0.66528,0,0,1.67491,0.199477,0.81015,0.66528,12.849,1,0.352676,3.33863,0,84.5804,5.24424,82.3221,0.84672,12.849,0.84672,3695.15,0,0,0,1.49466,1.88331,9.71577,1.20397,11.8898,0.42336,0,0.42336,460.49,0,1.02816,0,0,2.52282,1.49466,1.028160,1,0,95.022,0,0,0,95.022,0
72.29,1.98483,0,0,4.02026,0.193568,1.84187,3.6288,61.308,0.66528,0,0,1.00524,0.231272,0.108687,0.66528,12.849,1,0.352788,1.84187,0,62.3456,5.68113,58.1535,0.84672,12.849,0.84672,3695.15,0,0,0,1.3549,1.85877,7.25103,1.27097,9.19374,0.42336,0,0.42336,460.49,0,1.02816,0,0,2.38306,1.3549,1.028160,1,0,67.4559,0,0,0,67.4559,0
72.29,1.98545,0,0,3.70011,0.116591,1.59807,3.6288,61.308,0.66528,0,0,1.03243,0.207502,0.159646,0.66528,12.849,1,0.352899,1.59807,0,62.9045,4.41651,59.7331,0.84672,12.849,0.84672,3695.15,0,0,0,1.13451,1.85925,6.86146,1.12544,8.72977,0.42336,0,0.42336,460.49,0,1.02816,0,0,2.16267,1.13451,1.028160,1,0,68.6225,0,0,0,68.6225,0
72.29,1.98608,0,0,3.41902,0.116591,1.31635,3.6288,61.308,0.66528,0,0,1.08245,0.207502,0.209663,0.66528,12.849,1,0.353011,1.31635,0,53.2051,4.41651,49.7519,0.84672,12.849,0.84672,3695.15,0,0,0,0.955403,1.85972,6.34342,1.12544,8.0331,0.42336,0,0.42336,460.49,0,1.02816,0,0,1.98356,0.955403,1.028160,1,0,57.9947,0,0,0,57.9947,0
72.29,2.09313,0,0,3.30382,0.116591,1.09409,3.6288,61.308,0.66528,0,0,0.967715,0.207502,0.0949329,0.66528,12.849,1,0.372039,1.09409,0,48.1156,4.41651,44.4212,0.84672,12.849,0.84672,3695.15,0,0,0,0.779406,1.86019,6.17101,1.12544,7.68516,0.42336,0,0.42336,460.49,0,1.02816,0,0,1.80757,0.779406,1.028160,1,0,52.2013,0,0,0,52.2013,0
72.29,2.09379,0,0,2.98047,0.112317,0.774363,3.6288,61.308,0.66528,0,0,0.977028,0.218925,0.0928233,0.66528,12.849,1,0.372156,0.774363,0,44.3476,4.77006,39.9797,0.84672,12.849,0.84672,3695.15,0,0,0,1.0061,1.94841,5.60301,1.18378,7.37374,0.42336,0,0.42336,460.49,0,1.02816,0,0,2.03426,1.0061,1.028160,1,0,47.4463,0,0,0,47.4463,0
72.29,2.09445,0,0,2.90431,0.110607,0.699253,3.6288,61.308,0.66528,0,0,0.920972,0.223495,0.0321975,0.66528,12.849,1,0.372273,0.699253,0,40.0717,4.91148,35.4872,0.84672,12.849,0.84672,3695.15,0,0,0,0.903286,1.9489,5.08841,1.20712,6.73348,0.42336,0,0.42336,460.49,0,1.02816,0,0,1.93145,0.903286,1.028160,1,0,42.2529,0,0,0,42.2529,0
72.29,2.09511,0,0,2.56829,0.0890135,0.384169,3.6288,61.2695,0.66528,0,0,0.864432,0.23766,0,0.66528,12.849,1,0.37239,0.384169,0,35.6211,5.07213,30.5607,0.84672,12.849,0.84672,3695.15,0,0,0,0.794215,1.9494,4.96902,1.24816,6.46447,0.42336,0,0.42336,460.49,0,1.02816,0,0,1.82237,0.794215,1.028160,1,0,37.0252,0,0,0,37.0252,0
72.2022,2.09577,0,0,2.43107,0.0602225,0.36288,3.6288,61.1771,0.66528,0,0,0.829354,0.256484,0,0.66528,12.849,1,0.372507,0.36288,0,32.9489,5.28633,27.6529,0.84672,12.849,0.84672,3695.15,0,0,0,0.697741,1.9499,4.83745,1.30289,6.1822,0.42336,0,0.42336,460.49,0,1.02816,0,0,1.7259,0.697741,1.028160,1,0,33.8351,0,0,0,33.8351,0
71.902,2.07497,0,0,2.20742,0.0697809,0.36288,3.6288,61.0552,0.66528,0,0,0.791078,0.247637,0,0.66528,12.849,1,0.369259,0.36288,0,32.5195,5.22441,27.2887,0.84672,12.849,0.84672,3695.15,0,0,0,0.558593,1.95039,4.45673,1.24558,5.72014,0.42336,0,0.42336,460.49,0,1.02816,0,0,1.58675,0.558593,1.028160,1,0,33.0088,0,0,0,33.0088,0
71.3428,2.07431,0,0,1.9604,0.0823906,0.36288,3.6288,60.9035,0.66528,0,0,0.749373,0.235859,0,0.66528,12.849,1,0.370683,0.36288,0,31.4702,5.14185,26.3206,0.84672,12.849,0.84672,3695.15,0,0,0,0.441055,1.98161,3.93328,1.16916,5.18678,0.42336,0,0.42336,460.49,0,1.02816,0,0,1.46921,0.441055,1.028160,1,0,31.5074,0,0,0,31.5074,0
70.6105,2.0725,0,0,1.78508,0.08204,0.36288,3.6288,60.7444,0.66528,0,0,0.741787,0.235632,0,0.66528,12.849,1,0.373263,0.36288,0,31.2269,5.14185,26.0747,0.84672,12.849,0.84672,3695.15,0,0,0,0.443146,1.98211,3.78558,1.16916,5.04168,0.42336,0,0.42336,460.49,0,1.02816,0,0,1.47131,0.443146,1.028160,1,0,31.1164,0,0,0,31.1164,0
69.7112,2.06988,0,0,1.61509,0.0815808,0.36288,3.6288,60.5315,0.665911,0,0,0.688409,0.235395,0,0.66528,12.849,1,0.376657,0.36288,0,28.0421,5.14185,22.8864,0.84672,12.849,0.84672,3695.15,0,0,0,0.261274,1.98262,3.63072,1.16916,4.70545,0.42336,0,0.42336,460.49,0,1.02753,0,0,1.2888,0.261274,1.028160,1,0,27.5919,0,0,0,27.5919,0
68.7134,2.12061,0,0,1.53871,0.0530144,0.36288,3.6288,60.217,0.66528,0,0,0.65137,0.300568,0,0.66528,12.849,1,0.390866,0.36288,0,25.404,5.98875,19.3873,0.84672,12.849,0.84672,3695.15,0,0,0,0.266941,1.98312,3.43987,1.47829,4.21164,0.42336,0,0.42336,460.49,0,1.02816,0,0,1.2951,0.266941,1.028160,1,0,23.5989,0,0,0,23.5989,0
67.5067,2.1165,0,0,1.33301,0.0603485,0.36288,3.6288,59.6999,0.83065,0,0,0.629932,0.316377,0,0.66528,12.849,1,0.395772,0.36288,0,23.0536,5.94878,17.0719,0.84672,12.849,0.84672,3695.15,0,0,0,0.261274,2.02721,3.07373,1.44708,3.91513,0.42336,0,0.42336,460.49,0,0.86279,0,0,1.12406,0.261274,1.028160,1,0,20.9871,0,0,0,20.9871,0
66.2731,2.11121,0,0,1.30027,0.0597805,0.36288,3.6288,59.2346,0.730365,0,0,0.580396,0.315335,0,0.66528,12.849,1,0.401842,0.36288,0,23.024,5.94878,17.0363,0.84672,12.849,0.84672,3695.15,0,0,0,0.261274,2.02773,3.29373,1.44708,4.13565,0.42336,0,0.42336,460.49,0,0.963075,0,0,1.22435,0.261274,1.028160,1,0,21.172,0,0,0,21.172,0
64.9622,2.10561,0,0,1.21676,0.0591999,0.36288,3.6288,58.7084,0.749036,0,0,0.537236,0.314398,0,0.66528,12.849,1,0.408235,0.36288,0,20.7848,5.94878,14.7907,0.84672,12.849,0.84672,3695.15,0,0,0,0.227405,2.02825,2.93961,1.44708,3.74818,0.42336,0,0.42336,460.49,0,0.944404,0,0,1.17181,0.227405,1.028160,1,0,18.5389,0,0,0,18.5389,0
63.4013,2.25646,0,0,1.11704,0.0585828,0.36288,3.6288,58.0811,0.845268,0,0,0.531338,0.313339,0,0.66528,12.849,1,0.44631,0.36288,0,19.0001,5.94878,12.9678,0.84672,12.849,0.84672,3695.15,0,0,0,0.227405,2.02876,2.87506,1.44708,3.68414,0.42336,0,0.42336,460.49,0,0.848172,0,0,1.07558,0.227405,1.028160,1,0,16.652,0,0,0,16.652,0
61.974,2.24802,0,0,1.22858,0.0449422,0.36288,3.6288,57.638,0.697188,0,0,0.577749,0.323647,0,0.66528,12.849,1,0.455588,0.36288,0,18.3292,6.31606,11.9205,0.84672,12.849,0.84672,3695.15,0,0,0,0.227405,2.17857,3.67688,1.57495,4.50791,0.42336,0,0.42336,460.49,0,0.996252,0,0,1.22366,0.227405,1.028160,1,0,16.4284,0,0,0,16.4284,0
60.5178,2.24003,0,0,1.19738,0.0506635,0.36288,3.6288,57.1054,0.789748,0,0,0.579672,0.32252,0,0.66528,12.849,1,0.464423,0.36288,0,18.8748,6.32982,12.4434,0.84672,12.849,0.84672,3695.15,0,0,0,0.227405,2.17913,2.90199,1.61855,3.68997,0.42336,0,0.42336,460.49,0,0.903692,0,0,1.1311,0.227405,1.028160,1,0,16.1334,0,0,0,16.1334,0
58.8341,2.23151,0,0,0.960708,0.0500562,0.36288,3.6288,56.2493,0.990515,0,0,0.45581,0.321409,0,0.66528,12.849,1,0.473788,0.36288,0,22.2008,6.32982,15.7601,0.84672,12.849,0.84672,3695.15,0,0,0,0.204422,2.17969,2.41066,1.61855,3.17622,0.42336,0,0.42336,460.49,0,0.702925,0,0,0.907347,0.204422,1.028160,1,0,18.9363,0,0,0,18.9363,0
57.3387,2.22107,0,0,1.13778,0.0492663,0.36288,3.6288,55.9602,0.66528,0,0,0.695774,0.319622,0,0.66528,12.849,1,0.485068,0.36288,0,19.0556,6.32982,12.6036,0.84672,12.849,0.84672,3695.15,0,0,0,0.336744,2.18025,3.25994,1.61855,4.15838,0.42336,0,0.42336,460.49,0,1.02816,0,0,1.3649,0.336744,1.028160,1,0,16.762,0,0,0,16.762,0
55.7389,2.13641,0,0,0.970523,0.0709805,0.36288,3.6288,55.1951,0.928803,0,0,0.468839,0.305085,0,0.66528,12.849,1,0.478748,0.36288,0,19.7421,5.70874,13.9174,0.84672,12.849,0.84672,3695.15,0,0,0,0.204422,2.18081,3.1876,1.49106,4.08177,0.42336,0,0.42336,460.49,0,0.764637,0,0,0.969059,0.204422,1.028160,1,0,17.9992,0,0,0,17.9992,0
54.2399,2.12591,0,0,1.11103,0.121192,0.36288,3.6288,53.9572,1.31789,0,0,0.372055,0.292098,0,0.66528,12.849,1,0.490067,0.36288,0,20.2036,4.80302,15.2734,0.84672,12.849,0.84672,3695.15,0,0,0,0.204422,2.09486,3.0058,1.42418,3.8809,0.42336,0,0.42336,460.49,0,0.375554,0,0,0.579976,0.204422,1.028160,1,0,19.1543,0,0,0,19.1543,0
52.6013,2.11562,0,0,0.959221,0.119381,0.36288,3.6288,53.2952,0.91094,0,0,0.538668,0.289721,0,0.66528,12.849,1,0.501173,0.36288,0,17.4868,4.80302,12.5454,0.84672,12.849,0.84672,3695.15,0,0,0,0.216518,2.09539,3.42541,1.42418,4.31314,0.42336,0,0.42336,460.49,0,0.7825,0,0,0.999018,0.216518,1.028160,1,0,16.8586,0,0,0,16.8586,0
50.8497,2.10373,0,0,0.832421,0.117401,0.36288,3.6288,51.9771,1.32799,0,0,0.298078,0.288246,0,0.66528,12.849,1,0.513881,0.36288,0,17.9556,4.80302,13.0015,0.84672,12.849,0.84672,3695.15,0,0,0,0.216518,2.09593,2.54074,1.42418,3.42901,0.42336,0,0.42336,460.49,0,0.365455,0,0,0.581973,0.216518,1.028160,1,0,16.4306,0,0,0,16.4306,0
49.1512,2.03002,0,0,0.809732,0.115285,0.36288,3.6288,50.5898,1.37779,0,0,0.275758,0.285214,0,0.66528,12.849,1,0.512957,0.36288,0,16.402,4.80302,11.4489,0.84672,12.849,0.84672,3695.15,0,0,0,0.216518,2.09647,2.49653,1.42418,3.38533,0.42336,0,0.42336,460.49,0,0.315651,0,0,0.53217,0.216518,1.028160,1,0,14.8342,0,0,0,14.8342,0
47.306,2.0166,0,0,0.729207,0.194985,0.36288,3.6288,49.4691,1.20197,0,0,0.279525,0.198275,0,0.66528,12.849,1,0.527174,0.36288,0,15.0327,3.60358,11.2649,0.84672,12.849,0.84672,3695.15,0,0,0,0.216518,2.01971,2.48657,0.956037,3.76676,0.42336,0,0.42336,460.49,0,0.491467,0,0,0.707985,0.216518,1.028160,1,0,15.0316,0,0,0,15.0316,0
46.3378,2.00105,0,0,1.582,0.186231,0.36288,3.6288,48.79,0.894691,0,0,0.414518,0.1989,0,0.66528,12.849,1,0.543515,0.36288,0,30.6479,3.64592,26.8213,0.84672,12.849,0.84672,3695.15,0,0,0,0.216518,2.02022,3.73913,0.953727,5.02215,0.42336,0,0.42336,460.49,0,0.798749,0,0,1.01527,0.216518,1.028160,1,0,31.8435,0,0,0,31.8435,0
46.944,1.99278,0,0,3.14607,0.184248,0.36288,3.6288,48.6973,0.66528,0,0,0.7703,0.197788,0,0.66528,12.849,1,0.552578,0.36288,0,45.1997,3.64592,41.3641,0.84672,12.849,0.84672,3695.15,0,0,0,0.574013,2.02074,7.64702,0.953727,9.28805,0.42336,0,0.42336,460.49,0,1.02816,0,0,1.60217,0.574013,1.028160,1,0,50.6522,0,0,0,50.6522,0
46.9164,1.83058,0,0,2.35133,0.185489,0.36288,3.6288,48.6446,0.66528,0,0,0.810225,0.197636,0,0.66528,12.849,1,0.501047,0.36288,0,31.7444,3.64592,27.9603,0.84672,12.849,0.84672,3695.15,0,0,0,0.734201,2.02125,5.96395,0.953727,7.76568,0.42336,0,0.42336,460.49,0,1.02816,0,0,1.76236,0.734201,1.028160,1,0,35.726,0,0,0,35.726,0
49.6896,1.83093,0,0,5.17448,0.207407,0.36288,3.6288,49.226,0.66528,0,0,1.4489,0.202182,0,0.66528,12.849,1,0.501437,0.36288,0,52.3717,3.7436,48.4896,0.84672,12.849,0.84672,3695.15,0,0,0,0.996667,1.84988,12.035,1.0346,13.8469,0.42336,0,0.42336,460.49,0,1.02816,0,0,2.02483,0.996667,1.028160,1,0,62.3365,0,0,0,62.3365,0
51.7453,1.85375,0,0,4.50301,0.230739,0.36288,3.6288,49.8828,0.66528,0,0,1.52874,0.206648,0,0.66528,12.849,1,0.479352,0.36288,0,49.9957,3.81686,46.0624,0.84672,12.849,0.84672,3695.15,0,0,0,1.49776,1.85035,11.3006,1.09526,13.5535,0.42336,0,0.42336,460.49,0,1.02816,0,0,2.52592,1.49776,1.028160,1,0,59.6158,0,0,0,59.6158,0
55.9765,1.8696,0,0,6.69947,0.235771,0.36288,3.6288,51.0907,0.66528,0,0,2.08094,0.207768,0,0.66528,12.849,1,0.464244,0.36288,0,93.731,3.81686,89.8128,0.84672,12.849,0.84672,3695.15,0,0,0,2.47496,1.85082,11.2973,1.09526,14.5278,0.42336,0,0.42336,460.49,0,1.02816,0,0,3.50312,2.47496,1.028160,1,0,104.341,0,0,0,104.341,0
57.2107,1.89874,0,0,3.74193,0.24613,0.36288,3.6288,51.4514,0.66528,0,0,1.23581,0.209826,0,0.66528,12.849,1,0.435841,0.36288,0,62.8877,3.81686,58.9979,0.84672,12.849,0.84672,3695.15,0,0,0,1.2733,1.85129,9.85556,1.09526,11.8849,0.42336,0,0.42336,460.49,0,1.02816,0,0,2.30146,1.2733,1.028160,1,0,70.8828,0,0,0,70.8828,0
58.8777,1.90641,0,0,4.18128,0.244974,0.36288,3.6288,51.8262,0.66528,0,0,1.2529,0.212801,0,0.66528,12.849,1,0.428163,0.36288,0,82.9363,3.89673,78.9743,0.84672,12.849,0.84672,3695.15,0,0,0,0.744708,1.85176,11.2526,1.10248,12.7466,0.42336,0,0.42336,460.49,0,1.02816,0,0,1.77287,0.744708,1.028160,1,0,91.7209,0,0,0,91.7209,0
62.3904,1.98479,0,0,6.08393,0.223518,0.36288,3.6288,54.2837,0.66528,0,0,3.35043,0.227646,0,0.66528,12.849,1,0.433144,0.36288,0,162.588,4.37598,158.142,0.84672,12.849,0.84672,3695.15,0,0,0,2.72097,1.85176,17.9238,1.14579,21.3507,0.42336,0,0.42336,460.49,0,1.02816,0,0,3.74913,2.72097,1.028160,1,0,179.493,0,0,0,179.493,0
64.8833,2.00562,0,0,5.09189,0.230548,0.36288,3.6288,55.8958,0.66528,0,0,2.50935,0.232026,0,0.66528,12.849,1,0.413046,0.36288,0,126.284,4.37598,121.858,0.84672,12.849,0.84672,3695.15,0,0,0,2.28931,1.90588,13.9414,1.14579,16.9908,0.42336,0,0.42336,460.49,0,1.02816,0,0,3.31747,2.28931,1.028160,1,0,138.849,0,0,0,138.849,0
66.4592,2.01947,0,0,4.19354,0.235263,0.36288,3.6288,56.9379,0.66528,0,0,1.94193,0.234501,0,0.66528,12.849,1,0.399921,0.36288,0,101.625,4.37598,97.2124,0.84672,12.849,0.84672,3695.15,0,0,0,1.51398,1.90635,11.892,1.14579,14.1665,0.42336,0,0.42336,460.49,0,1.02816,0,0,2.54214,1.51398,1.028160,1,0,111.379,0,0,0,111.379,0
69.1684,2.02803,0,0,5.37668,0.276541,0.36288,3.6288,57.9757,0.66528,0,0,1.9287,0.225686,0,0.66528,12.849,1,0.392093,0.36288,0,134.194,4.48992,129.675,0.84672,12.849,0.84672,3695.15,0,0,0,1.72777,1.90681,16.9341,1.34447,19.2242,0.42336,0,0.42336,460.49,0,1.02816,0,0,2.75593,1.72777,1.028160,1,0,148.899,0,0,0,148.899,0
71.5664,2.26561,0,0,5.33542,0.309005,0.36288,3.6288,59.1186,0.66528,0,0,2.01121,0.202994,0,0.66528,12.849,1,0.420869,0.36288,0,138.38,3.46679,134.855,0.84672,12.849,0.84672,3695.15,0,0,0,1.71791,1.90728,13.2373,0.993997,15.8685,0.42336,0,0.42336,460.49,0,1.02816,0,0,2.74607,1.71791,1.028160,1,0,150.724,0,0,0,150.724,0
72.29,2.27825,0,0,5.82276,0.322911,2.49798,3.6288,61.308,0.66528,0,0,3.26767,0.195439,0.217549,0.66528,12.849,1,0.409036,2.49798,0,123.908,3.04993,122.947,0.84672,12.849,0.84672,3695.15,0,0,0,2.27093,2.10102,12.5286,0.840563,16.06,0.42336,0,0.42336,460.49,0,1.02816,0,0,3.29909,2.27093,1.028160,1,0,139.225,0,0,0,139.225,0
72.29,2.28241,0,0,4.79024,0.30911,2.19873,3.6288,61.308,0.66528,0,0,2.62281,0.231379,1.72615,0.66528,12.849,1,0.40568,2.19873,0,158.372,3.83617,156.329,0.84672,12.849,0.84672,3695.15,0,0,0,1.73305,2.10154,13.3753,1.08654,16.1234,0.42336,0,0.42336,460.49,0,1.02816,0,0,2.76121,1.73305,1.028160,1,0,174.178,0,0,0,174.178,0
72.29,2.28309,0,0,4.09277,0.305827,1.50385,3.6288,61.308,0.66528,0,0,1.98841,0.216719,1.10641,0.66528,12.849,1,0.405802,1.50385,0,105.376,3.4335,103.041,0.84672,12.849,0.84672,3695.15,0,0,0,1.32841,2.10205,9.05092,0.913026,11.5684,0.42336,0,0.42336,460.49,0,1.02816,0,0,2.35657,1.32841,1.028160,1,0,115.715,0,0,0,115.715,0
72.29,1.96174,0,0,5.34568,0.314652,3.06929,3.6288,61.308,0.66528,0,0,2.83168,0.191137,1.97527,0.66528,12.849,1,0.348685,3.06929,0,126.74,3.18502,126.276,0.84672,12.849,0.84672,3695.15,0,0,0,1.77557,2.10257,11.7539,0.897986,14.7341,0.42336,0,0.42336,460.49,0,1.02816,0,0,2.80373,1.77557,1.028160,1,0,142.985,0,0,0,142.985,0
72.29,1.96234,0,0,5.31007,0.318182,3.02955,3.6288,61.308,0.66528,0,0,2.92514,0.180904,2.07896,0.66528,12.849,1,0.348791,3.02955,0,126.052,3.08564,125.647,0.84672,12.849,0.84672,3695.15,0,0,0,2.25444,1.83923,12.7111,0.891969,15.9128,0.42336,0,0.42336,460.49,0,1.02816,0,0,3.2826,2.25444,1.028160,1,0,143.638,0,0,0,143.638,0
72.29,1.96294,0,0,7.3686,0.318182,5.08748,3.6288,61.308,0.66528,0,0,3.39121,0.180904,2.54502,0.66528,12.849,1,0.348897,5.08748,0,159.948,3.08564,161.601,0.84672,12.849,0.84672,3695.15,0,0,0,2.63763,1.83968,17.3241,0.891969,20.9094,0.42336,0,0.42336,460.49,0,1.02816,0,0,3.66579,2.63763,1.028160,1,0,185.055,0,0,0,185.055,0
72.29,1.96353,0,0,6.37254,0.317024,4.09199,3.6288,61.308,0.66528,0,0,3.02126,0.171946,2.18404,0.66528,12.849,1,0.349003,4.09199,0,155.598,2.99148,156.349,0.84672,12.849,0.84672,3695.15,0,0,0,2.45225,1.84013,14.9069,0.884028,18.3152,0.42336,0,0.42336,460.49,0,1.02816,0,0,3.48041,2.45225,1.028160,1,0,176.848,0,0,0,176.848,0
72.29,1.96413,0,0,9.95805,0.316557,7.67736,3.6288,61.308,0.66528,0,0,3.7044,0.185568,2.85355,0.66528,12.849,1,0.349109,7.67736,0,261.42,3.49977,265.249,0.84672,12.849,0.84672,3695.15,0,0,0,2.70842,1.84057,24.6271,0.980078,28.196,0.42336,0,0.42336,460.49,0,1.02816,0,0,3.73658,2.70842,1.028160,1,0,296.299,0,0,0,296.299,0
72.29,2.04589,0,0,6.31336,0.308868,3.9586,3.6288,61.308,0.66528,0,0,1.80156,0.153551,0.98273,0.66528,12.849,1,0.363642,3.9586,0,103.086,3.0449,103.636,0.84672,12.849,0.84672,3695.15,0,0,0,1.01591,1.84102,12.207,0.8019,14.2621,0.42336,0,0.42336,460.49,0,1.02816,0,0,2.04407,1.01591,1.028160,1,0,118.88,0,0,0,118.88,0
72.29,2.04651,0,0,5.53841,0.308868,3.18303,3.6288,61.308,0.66528,0,0,2.75918,0.153551,1.94034,0.66528,12.849,1,0.363752,3.18303,0,113.446,3.0449,113.22,0.84672,12.849,0.84672,3695.15,0,0,0,1.78783,1.90661,16.6706,0.8019,19.5632,0.42336,0,0.42336,460.49,0,1.02816,0,0,2.81599,1.78783,1.028160,1,0,134.724,0,0,0,134.724,0
72.29,2.04713,0,0,4.46154,0.308868,2.10554,3.6288,61.308,0.66528,0,0,2.4036,0.153551,1.58477,0.66528,12.849,1,0.363862,2.10554,0,136.816,3.0449,135.513,0.84672,12.849,0.84672,3695.15,0,0,0,2.16947,1.90707,13.408,0.8019,16.6826,0.42336,0,0.42336,460.49,0,1.02816,0,0,3.19763,2.16947,1.028160,1,0,153.78,0,0,0,153.78,0
72.29,2.04775,0,0,3.394,0.294412,1.05184,3.6288,61.308,0.66528,0,0,1.66098,0.11405,0.881649,0.66528,12.849,1,0.363972,1.05184,0,98.1642,1.96572,96.8864,0.84672,12.849,0.84672,3695.15,0,0,0,1.23704,1.90754,10.0562,0.650931,12.5498,0.42336,0,0.42336,460.49,0,1.02816,0,0,2.2652,1.23704,1.028160,1,0,110.318,0,0,0,110.318,0
72.29,2.0166,0,0,3.22568,0.318116,0.890968,3.6288,61.308,0.66528,0,0,1.39651,0.206887,0.524342,0.66528,12.849,1,0.358435,0.890968,0,72.8222,4.18371,69.1711,0.84672,12.849,0.84672,3695.15,0,0,0,1.11598,1.908,10.3549,0.968306,12.4105,0.42336,0,0.42336,460.49,0,1.02816,0,0,2.14414,1.11598,1.028160,1,0,82.1059,0,0,0,82.1059,0
72.29,2.01721,0,0,3.37081,0.293991,1.05961,3.6288,61.308,0.66528,0,0,1.27061,0.153808,0.451519,0.66528,12.849,1,0.358544,1.05961,0,72.6106,3.13152,70.1801,0.84672,12.849,0.84672,3695.15,0,0,0,0.977374,1.88309,8.04565,0.820865,10.0853,0.42336,0,0.42336,460.49,0,1.02816,0,0,2.00553,0.977374,1.028160,1,0,80.7169,0,0,0,80.7169,0
72.29,2.01782,0,0,2.9673,0.229992,0.719481,3.6288,61.308,0.66528,0,0,1.2326,0.222879,0.344441,0.66528,12.849,1,0.358653,0.719481,0,68.9074,4.02339,65.2448,0.84672,12.849,0.84672,3695.15,0,0,0,0.776874,1.88355,6.83683,1.07037,8.42689,0.42336,0,0.42336,460.49,0,1.02816,0,0,1.80503,0.776874,1.028160,1,0,74.0161,0,0,0,74.0161,0
72.29,2.01843,0,0,2.7273,0.229992,0.478877,3.6288,61.308,0.66528,0,0,1.2749,0.222879,0.386742,0.66528,12.849,1,0.358761,0.478877,0,62.232,4.02339,58.3287,0.84672,12.849,0.84672,3695.15,0,0,0,0.952353,1.88401,6.71181,1.07037,8.4778,0.42336,0,0.42336,460.49,0,1.02816,0,0,1.98051,0.952353,1.028160,1,0,67.1933,0,0,0,67.1933,0
72.2498,2.127,0,0,2.68599,0.236289,0.36288,3.6288,61.308,0.66528,0,0,1.27081,0.212843,0.392691,0.66528,12.849,1,0.378058,0.36288,0,62.8623,4.40391,58.4432,0.84672,12.849,0.84672,3695.15,0,0,0,0.832982,1.88447,6.94284,1.00505,8.65524,0.42336,0,0.42336,460.49,0,1.02816,0,0,1.86114,0.832982,1.028160,1,0,67.4912,0,0,0,67.4912,0
72.1198,2.12746,0,0,2.59276,0.232395,0.36288,3.6288,61.308,0.66528,0,0,1.04806,0.193136,0.189642,0.66528,12.849,1,0.378351,0.36288,0,56.5539,4.3314,52.207,0.84672,12.849,0.84672,3695.15,0,0,0,0.628612,1.97394,6.57755,0.964401,8.2157,0.42336,0,0.42336,460.49,0,1.02816,0,0,1.65677,0.628612,1.028160,1,0,60.6124,0,0,0,60.6124,0
71.7172,2.12753,0,0,2.27364,0.185859,0.36288,3.6288,61.308,0.66528,0,0,0.977547,0.193373,0.118894,0.66528,12.849,1,0.379044,0.36288,0,48.2111,4.34742,43.8475,0.84672,12.849,0.84672,3695.15,0,0,0,0.638686,1.97442,6.10644,0.917998,7.80155,0.42336,0,0.42336,460.49,0,1.02816,0,0,1.66685,0.638686,1.028160,1,0,51.768,0,0,0,51.768,0
71.2888,2.12636,0,0,2.24609,0.18529,0.36288,3.6288,61.308,0.66528,0,0,1.05415,0.193373,0.195497,0.66528,12.849,1,0.380963,0.36288,0,46.7742,4.34742,42.4087,0.84672,12.849,0.84672,3695.15,0,0,0,0.608178,1.9749,6.6166,0.917998,8.28168,0.42336,0,0.42336,460.49,0,1.02816,0,0,1.63634,0.608178,1.028160,1,0,50.8859,0,0,0,50.8859,0
70.886,2.12506,0,0,2.26211,0.176923,0.36288,3.6288,61.308,0.66528,0,0,1.01644,0.205371,0.145793,0.66528,12.849,1,0.383018,0.36288,0,49.1226,4.61977,44.4827,0.84672,12.849,0.84672,3695.15,0,0,0,0.713396,1.97539,6.19074,1.00117,7.87836,0.42336,0,0.42336,460.49,0,1.02816,0,0,1.74156,0.713396,1.028160,1,0,52.5069,0,0,0,52.5069,0
70.7644,2.10254,0,0,2.50687,0.163067,0.36288,3.6288,61.308,0.66528,0,0,1.085,0.234908,0.184814,0.66528,12.849,1,0.381113,0.36288,0,56.6809,5.03657,51.6261,0.84672,12.849,0.84672,3695.15,0,0,0,1.12472,1.97587,6.47983,1.23003,8.35039,0.42336,0,0.42336,460.49,0,1.02816,0,0,2.15288,1.12472,1.028160,1,0,60.1613,0,0,0,60.1613,0
70.5524,2.10262,0,0,2.35053,0.0970275,0.36288,3.6288,61.308,0.66528,0,0,1.08823,0.259814,0.163132,0.66528,12.849,1,0.381782,0.36288,0,52.8614,5.22889,47.6136,0.84672,12.849,0.84672,3695.15,0,0,0,1.07747,2.00751,6.48017,1.28716,8.27799,0.42336,0,0.42336,460.49,0,1.02816,0,0,2.10563,1.07747,1.028160,1,0,56.0547,0,0,0,56.0547,0
70.1702,2.10228,0,0,2.17994,0.0969353,0.36288,3.6288,61.308,0.66528,0,0,1.07368,0.259814,0.148591,0.66528,12.849,1,0.382868,0.36288,0,48.4805,5.22889,43.2316,0.84672,12.849,0.84672,3695.15,0,0,0,1.06509,2.008,5.91214,1.28716,7.69807,0.42336,0,0.42336,460.49,0,1.02816,0,0,2.09325,1.06509,1.028160,1,0,51.0783,0,0,0,51.0783,0
69.6481,2.10115,0,0,2.03851,0.096585,0.36288,3.6288,61.308,0.66528,0,0,1.08337,0.259814,0.158276,0.66528,12.849,1,0.384746,0.36288,0,45.2201,5.22889,39.9694,0.84672,12.849,0.84672,3695.15,0,0,0,1.14126,2.00849,5.79314,1.28716,7.65573,0.42336,0,0.42336,460.49,0,1.02816,0,0,2.16942,1.14126,1.028160,1,0,47.7834,0,0,0,47.7834,0
68.9484,2.1543,0,0,1.9184,0.100935,0.36288,3.6288,61.2238,0.66528,0,0,0.885902,0.304864,0,0.66528,12.849,1,0.397435,0.36288,0,37.7634,5.85484,31.874,0.84672,12.849,0.84672,3695.15,0,0,0,0.703987,2.00899,4.40458,1.47377,5.64378,0.42336,0,0.42336,460.49,0,1.02816,0,0,1.73215,0.703987,1.028160,1,0,37.5177,0,0,0,37.5177,0
68.2322,2.15155,0,0,1.89936,0.101173,0.36288,3.6288,61.0402,0.66528,0,0,0.793921,0.312206,0,0.66528,12.849,1,0.400956,0.36288,0,48.0355,5.95917,42.0382,0.84672,12.849,0.84672,3695.15,0,0,0,0.81432,2.05368,4.63051,1.50487,5.99364,0.42336,0,0.42336,460.49,0,1.02816,0,0,1.84248,0.81432,1.028160,1,0,48.0319,0,0,0,48.0319,0
67.3985,2.14865,0,0,1.77847,0.100609,0.36288,3.6288,60.8014,0.66528,0,0,0.738314,0.311843,0,0.66528,12.849,1,0.404619,0.36288,0,38.568,5.95917,32.5671,0.84672,12.849,0.84672,3695.15,0,0,0,0.780166,2.05419,4.17404,1.50487,5.50352,0.42336,0,0.42336,460.49,0,1.02816,0,0,1.80833,0.780166,1.028160,1,0,38.0706,0,0,0,38.0706,0
66.4098,2.14509,0,0,1.61924,0.0999526,0.36288,3.6288,60.5257,0.66528,0,0,0.700937,0.311371,0,0.66528,12.849,1,0.408945,0.36288,0,35.1495,5.95917,29.1443,0.84672,12.849,0.84672,3695.15,0,0,0,0.501906,2.05469,3.89345,1.50487,4.94517,0.42336,0,0.42336,460.49,0,1.02816,0,0,1.53007,0.501906,1.028160,1,0,34.0894,0,0,0,34.0894,0
65.5661,2.30052,0,0,1.91424,0.094586,0.36288,3.6288,60.3828,0.66528,0,0,0.838089,0.315675,0,0.66528,12.849,1,0.445105,0.36288,0,35.2349,6.1594,28.9932,0.84672,12.849,0.84672,3695.15,0,0,0,1.03419,2.05519,5.55841,1.52141,7.12639,0.42336,0,0.42336,460.49,0,1.02816,0,0,2.06235,1.03419,1.028160,1,0,36.1196,0,0,0,36.1196,0
64.7904,2.29641,0,0,1.98234,0.0987261,0.36288,3.6288,60.1924,0.66528,0,0,0.79069,0.315838,0,0.66528,12.849,1,0.450029,0.36288,0,34.0312,6.25191,27.6922,0.84672,12.849,0.84672,3695.15,0,0,0,0.860319,2.20711,4.26222,1.5086,5.82105,0.42336,0,0.42336,460.49,0,1.02816,0,0,1.88848,0.860319,1.028160,1,0,33.5132,0,0,0,33.5132,0
63.7764,2.2926,0,0,1.73959,0.0981138,0.36288,3.6288,59.9745,0.66528,0,0,0.762808,0.315455,0,0.66528,12.849,1,0.45466,0.36288,0,43.2597,6.25191,36.916,0.84672,12.849,0.84672,3695.15,0,0,0,0.776183,2.20765,4.09297,1.5086,5.56821,0.42336,0,0.42336,460.49,0,1.02816,0,0,1.80434,0.776183,1.028160,1,0,42.4842,0,0,0,42.4842,0
62.8056,2.28727,0,0,1.77665,0.0973134,0.36288,3.6288,59.8692,0.66528,0,0,0.875025,0.315017,0,0.66528,12.849,1,0.460814,0.36288,0,37.4738,6.25191,31.1239,0.84672,12.849,0.84672,3695.15,0,0,0,0.878455,2.2082,4.25042,1.5086,5.82848,0.42336,0,0.42336,460.49,0,1.02816,0,0,1.90661,0.878455,1.028160,1,0,36.9524,0,0,0,36.9524,0
61.7938,2.28203,0,0,1.73304,0.0999431,0.36288,3.6288,59.7437,0.66528,0,0,0.85542,0.315572,0,0.66528,12.849,1,0.466867,0.36288,0,37.5489,6.19799,31.247,0.84672,12.849,0.84672,3695.15,0,0,0,1.33807,2.20874,4.91638,1.48063,6.98257,0.42336,0,0.42336,460.49,0,1.02816,0,0,2.36623,1.33807,1.028160,1,0,38.2295,0,0,0,38.2295,0
60.3349,2.19929,0,0,1.22259,0.119324,0.36288,3.6288,59.6747,0.66528,0,0,0.916186,0.31991,0,0.66528,12.849,1,0.457306,0.36288,0,37.3081,5.87444,31.3393,0.84672,12.849,0.84672,3695.15,0,0,0,1.20222,2.20929,2.28284,1.31284,4.38152,0.42336,0,0.42336,460.49,0,1.02816,0,0,2.23038,1.20222,1.028160,1,0,35.7208,0,0,0,35.7208,0
58.6014,2.19083,0,0,0.938071,0.117888,0.36288,3.6288,59.3224,0.66528,0,0,0.632659,0.319769,0,0.66528,12.849,1,0.466561,0.36288,0,28.0407,5.87444,22.0626,0.84672,12.849,0.84672,3695.15,0,0,0,0.796902,2.12209,2.24898,1.31284,3.85514,0.42336,0,0.42336,460.49,0,1.02816,0,0,1.82506,0.796902,1.028160,1,0,25.9177,0,0,0,25.9177,0
57.0668,2.18016,0,0,1.15425,0.145809,0.36288,3.6288,58.9688,0.66528,0,0,0.60682,0.295099,0,0.66528,12.849,1,0.478024,0.36288,0,24.4528,5.60031,18.7373,0.84672,12.849,0.84672,3695.15,0,0,0,0.764173,2.12262,2.59495,1.11039,4.37134,0.42336,0,0.42336,460.49,0,1.02816,0,0,1.79233,0.764173,1.028160,1,0,23.1086,0,0,0,23.1086,0
58.9156,2.17031,0,0,4.51274,0.130698,0.36288,3.6288,59.3754,0.66528,0,0,1.35356,0.281667,0,0.66528,12.849,1,0.488662,0.36288,0,50.7857,5.72996,44.93,0.84672,12.849,0.84672,3695.15,0,0,0,2.56477,2.12314,6.92921,1.01725,10.5999,0.42336,0,0.42336,460.49,0,1.02816,0,0,3.59293,2.56477,1.028160,1,0,55.5299,0,0,0,55.5299,0
58.8898,2.12074,0,0,2.64864,0.190847,0.36288,3.6288,59.4375,0.66528,0,0,0.962401,0.235012,0,0.66528,12.849,1,0.462515,0.36288,0,45.2345,4.96011,40.1748,0.84672,12.849,0.84672,3695.15,0,0,0,1.37639,2.12366,4.83578,1.09751,7.23832,0.42336,0,0.42336,460.49,0,1.02816,0,0,2.40455,1.37639,1.028160,1,0,47.4131,0,0,0,47.4131,0
57.7283,2.1212,0,0,1.5148,0.19218,0.36288,3.6288,59.2789,0.66528,0,0,0.749321,0.242615,0,0.66528,12.849,1,0.46282,0.36288,0,42.1654,4.94382,37.1216,0.84672,12.849,0.84672,3695.15,0,0,0,0.643922,2.04579,3.01686,1.22038,4.4862,0.42336,0,0.42336,460.49,0,1.02816,0,0,1.67208,0.643922,1.028160,1,0,41.6078,0,0,0,41.6078,0
56.7536,2.11422,0,0,1.69244,0.190022,0.36288,3.6288,59.216,0.66528,0,0,0.844698,0.242369,0,0.66528,12.849,1,0.470577,0.36288,0,25.8479,4.94382,20.7964,0.84672,12.849,0.84672,3695.15,0,0,0,0.887034,2.04629,3.23076,1.22038,4.94372,0.42336,0,0.42336,460.49,0,1.02816,0,0,1.91519,0.887034,1.028160,1,0,25.7401,0,0,0,25.7401,0
61.103,2.10826,0,0,6.98729,0.166774,0.36288,3.6288,59.8068,0.66528,0,0,1.47148,0.215421,0,0.66528,12.849,1,0.47731,0.36288,0,75.0305,4.32735,70.5888,0.84672,12.849,0.84672,3695.15,0,0,0,2.0673,2.04679,9.17032,1.22372,12.0607,0.42336,0,0.42336,460.49,0,1.02816,0,0,3.09546,2.0673,1.028160,1,0,82.6495,0,0,0,82.6495,0
62.1624,1.95722,0,0,3.59468,0.215161,0.36288,3.6288,60.1114,0.66528,0,0,1.17328,0.20339,0,0.66528,12.849,1,0.411572,0.36288,0,84.8146,4.10672,80.6592,0.84672,12.849,0.84672,3695.15,0,0,0,1.30767,2.0473,6.94919,1.0779,9.22626,0.42336,0,0.42336,460.49,0,1.02816,0,0,2.33583,1.30767,1.028160,1,0,89.8854,0,0,0,89.8854,0
63.4034,1.96363,0,0,3.80233,0.234837,0.36288,3.6288,60.172,0.66528,0,0,0.99773,0.271816,0,0.66528,12.849,1,0.405882,0.36288,0,84.018,4.64668,79.3283,0.84672,12.849,0.84672,3695.15,0,0,0,1.0787,1.87349,6.40178,1.19787,8.1561,0.42336,0,0.42336,460.49,0,1.02816,0,0,2.10686,1.0787,1.028160,1,0,87.4844,0,0,0,87.4844,0
65.0122,1.97083,0,0,4.21105,0.268595,0.36288,3.6288,60.3091,0.66528,0,0,0.981988,0.179642,0,0.66528,12.849,1,0.399397,0.36288,0,115.407,4.25302,111.118,0.84672,12.849,0.84672,3695.15,0,0,0,1.03317,1.87394,7.0025,1.11908,8.79052,0.42336,0,0.42336,460.49,0,1.02816,0,0,2.06133,1.03317,1.028160,1,0,119.908,0,0,0,119.908,0
67.6463,1.97968,0,0,5.24878,0.272111,0.36288,3.6288,61.308,0.66528,0,0,2.05894,0.179799,0.214933,0.66528,12.849,1,0.391263,0.36288,0,130.554,4.25302,126.272,0.84672,12.849,0.84672,3695.15,0,0,0,2.69514,1.8744,13.3822,1.11908,16.8326,0.42336,0,0.42336,460.49,0,1.02816,0,0,3.7233,2.69514,1.028160,1,0,143.32,0,0,0,143.32,0
72.1328,1.99308,0,0,7.12033,0.277867,0.36288,3.6288,61.308,0.66528,0,0,2.44813,0.180941,1.60191,0.66528,12.849,1,0.378574,0.36288,0,187.179,4.25302,182.91,0.84672,12.849,0.84672,3695.15,0,0,0,3.74973,1.87485,13.7764,1.11908,18.2819,0.42336,0,0.42336,460.49,0,1.02816,0,0,4.77789,3.74973,1.028160,1,0,202.794,0,0,0,202.794,0
72.29,2.08479,0,0,5.85687,0.277648,3.3372,3.6288,61.308,0.66528,0,0,1.71639,0.211588,0.83952,0.66528,12.849,1,0.371363,3.3372,0,97.6588,3.96533,96.6593,0.84672,12.849,0.84672,3695.15,0,0,0,1.99643,1.87531,9.48767,0.908706,12.4507,0.42336,0,0.42336,460.49,0,1.02816,0,0,3.02459,1.99643,1.028160,1,0,109.95,0,0,0,109.95,0
72.29,2.08608,0,0,8.14914,0.27798,5.78508,3.6288,61.308,0.66528,0,0,2.004,0.211588,1.12713,0.66528,12.849,1,0.370784,5.78508,0,132.89,3.96533,134.339,0.84672,12.849,0.84672,3695.15,0,0,0,2.77864,1.93017,10.0035,0.908706,13.8036,0.42336,0,0.42336,460.49,0,1.02816,0,0,3.8068,2.77864,1.028160,1,0,149.27,0,0,0,149.27,0
72.29,2.08668,0,0,4.57811,0.27798,2.21345,3.6288,61.308,0.66528,0,0,1.37987,0.211588,0.503,0.66528,12.849,1,0.370892,2.21345,0,68.904,3.96533,66.7812,0.84672,12.849,0.84672,3695.15,0,0,0,1.4776,1.93063,7.28905,0.908706,9.78857,0.42336,0,0.42336,460.49,0,1.02816,0,0,2.50576,1.4776,1.028160,1,0,77.0728,0,0,0,77.0728,0
72.29,2.08728,0,0,3.51056,0.302414,1.12086,3.6288,61.308,0.66528,0,0,1.20151,0.212082,0.324151,0.66528,12.849,1,0.370999,1.12086,0,53.3196,3.89841,50.1711,0.84672,12.849,0.84672,3695.15,0,0,0,1.22285,1.93108,6.26638,0.954317,8.466,0.42336,0,0.42336,460.49,0,1.02816,0,0,2.25101,1.22285,1.028160,1,0,58.9612,0,0,0,58.9612,0
72.29,2.31658,0,0,4.24178,0.326125,1.59908,3.6288,61.308,0.66528,0,0,1.43891,0.210971,0.562664,0.66528,12.849,1,0.411754,1.59908,0,75.4015,3.95895,72.6299,0.84672,12.849,0.84672,3695.15,0,0,0,1.54037,1.93153,7.65599,1.09051,10.0374,0.42336,0,0.42336,460.49,0,1.02816,0,0,2.56853,1.54037,1.028160,1,0,83.23,0,0,0,83.23,0
72.29,2.31724,0,0,6.63828,0.319474,4.00156,3.6288,61.308,0.66528,0,0,1.60883,0.209644,0.733904,0.66528,12.849,1,0.411872,4.00156,0,116.966,4.07127,116.484,0.84672,12.849,0.84672,3695.15,0,0,0,1.68983,2.12796,7.40163,1.14704,10.0724,0.42336,0,0.42336,460.49,0,1.02816,0,0,2.71799,1.68983,1.028160,1,0,127.29,0,0,0,127.29,0
72.29,2.3179,0,0,4.73226,0.319474,2.09488,3.6288,61.308,0.66528,0,0,1.95942,0.209644,1.0845,0.66528,12.849,1,0.41199,2.09488,0,111.123,4.07127,108.735,0.84672,12.849,0.84672,3695.15,0,0,0,1.56859,2.12846,10.0217,1.14704,12.5717,0.42336,0,0.42336,460.49,0,1.02816,0,0,2.59675,1.56859,1.028160,1,0,122.391,0,0,0,122.391,0
72.29,2.31857,0,0,4.90655,0.310255,2.27773,3.6288,61.308,0.66528,0,0,1.54938,0.188932,0.695165,0.66528,12.849,1,0.412108,2.27773,0,87.3927,3.89112,85.3672,0.84672,12.849,0.84672,3695.15,0,0,0,1.48141,2.12897,7.95493,1.0743,10.491,0.42336,0,0.42336,460.49,0,1.02816,0,0,2.50957,1.48141,1.028160,1,0,96.5534,0,0,0,96.5534,0
72.29,1.99271,0,0,5.85637,0.313559,3.55011,3.6288,61.308,0.66528,0,0,3.40018,0.149956,2.58494,0.66528,12.849,1,0.354188,3.55011,0,104.398,3.53219,104.062,0.84672,12.849,0.84672,3695.15,0,0,0,3.13181,2.12947,11.4712,0.916337,15.8161,0.42336,0,0.42336,460.49,0,1.02816,0,0,4.15997,3.13181,1.028160,1,0,122.463,0,0,0,122.463,0
72.29,1.99328,0,0,6.62135,0.333323,4.29474,3.6288,61.308,0.66528,0,0,3.67529,0.15956,2.85045,0.66528,12.849,1,0.354291,4.29474,0,110.956,3.60076,111.295,0.84672,12.849,0.84672,3695.15,0,0,0,3.41979,1.86243,11.8848,0.934246,16.2327,0.42336,0,0.42336,460.49,0,1.02816,0,0,4.44795,3.41979,1.028160,1,0,130.379,0,0,0,130.379,0
72.29,1.99386,0,0,4.64319,0.333323,2.316,3.6288,61.308,0.66528,0,0,2.90381,0.15956,2.07897,0.66528,12.849,1,0.354394,2.316,0,112.172,3.60076,110.533,0.84672,12.849,0.84672,3695.15,0,0,0,2.50223,1.86286,10.066,0.934246,13.4969,0.42336,0,0.42336,460.49,0,1.02816,0,0,3.53039,2.50223,1.028160,1,0,126.109,0,0,0,126.109,0
72.29,1.99444,0,0,4.16536,0.28801,1.88291,3.6288,61.308,0.66528,0,0,1.92994,0.135495,1.12917,0.66528,12.849,1,0.354497,1.88291,0,94.1881,3.25199,92.4645,0.84672,12.849,0.84672,3695.15,0,0,0,1.68708,1.8633,8.88693,0.884144,11.5532,0.42336,0,0.42336,460.49,0,1.02816,0,0,2.71524,1.68708,1.028160,1,0,105.147,0,0,0,105.147,0
72.29,1.99502,0,0,4.4907,0.266452,2.22923,3.6288,61.308,0.66528,0,0,2.48539,0.118726,1.70138,0.66528,12.849,1,0.3546,2.22923,0,97.2855,3.04803,96.1121,0.84672,12.849,0.84672,3695.15,0,0,0,2.49958,1.86373,9.27115,0.867419,12.767,0.42336,0,0.42336,460.49,0,1.02816,0,0,3.52774,2.49958,1.028160,1,0,110.581,0,0,0,110.581,0
72.29,2.0779,0,0,3.83554,0.341012,1.41663,3.6288,61.308,0.66528,0,0,1.72724,0.126407,0.935553,0.66528,12.849,1,0.369331,1.41663,0,83.8443,3.39381,81.4978,0.84672,12.849,0.84672,3695.15,0,0,0,2.08401,1.86417,7.56536,0.992526,10.521,0.42336,0,0.42336,460.49,0,1.02816,0,0,3.11217,2.08401,1.028160,1,0,92.9543,0,0,0,92.9543,0
72.29,2.0785,0,0,4.82837,0.341012,2.40886,3.6288,61.308,0.66528,0,0,2.9003,0.126407,2.10861,0.66528,12.849,1,0.369437,2.40886,0,93.019,3.39381,91.6646,0.84672,12.849,0.84672,3695.15,0,0,0,2.59851,1.93065,8.17646,0.992526,11.7131,0.42336,0,0.42336,460.49,0,1.02816,0,0,3.62667,2.59851,1.028160,1,0,105.486,0,0,0,105.486,0
72.29,2.0791,0,0,3.38971,0.341012,0.969594,3.6288,61.308,0.66528,0,0,1.71132,0.126407,0.919638,0.66528,12.849,1,0.369544,0.969594,0,69.8573,3.39381,67.0636,0.84672,12.849,0.84672,3695.15,0,0,0,1.49818,1.9311,6.56236,0.992526,8.99911,0.42336,0,0.42336,460.49,0,1.02816,0,0,2.52634,1.49818,1.028160,1,0,76.9823,0,0,0,76.9823,0
72.29,2.0797,0,0,3.00402,0.323156,0.601168,3.6288,61.308,0.66528,0,0,1.36732,0.135922,0.566121,0.66528,12.849,1,0.369651,0.601168,0,70.8572,3.51015,67.5786,0.84672,12.849,0.84672,3695.15,0,0,0,1.20258,1.93155,6.43774,1.01543,8.55644,0.42336,0,0.42336,460.49,0,1.02816,0,0,2.23074,1.20258,1.028160,1,0,76.7012,0,0,0,76.7012,0
72.29,2.04809,0,0,3.12551,0.325186,0.752235,3.6288,61.308,0.66528,0,0,1.32673,0.1762,0.485252,0.66528,12.849,1,0.364033,0.752235,0,57.4245,3.35194,54.4608,0.84672,12.849,0.84672,3695.15,0,0,0,1.30937,1.932,6.41301,0.981615,8.67276,0.42336,0,0.42336,460.49,0,1.02816,0,0,2.33753,1.30937,1.028160,1,0,63.6188,0,0,0,63.6188,0
72.29,2.04868,0,0,3.26146,0.309509,0.903269,3.6288,61.308,0.66528,0,0,1.14938,0.127344,0.356755,0.66528,12.849,1,0.364138,0.903269,0,54.7576,2.25414,53.0426,0.84672,12.849,0.84672,3695.15,0,0,0,1.20595,1.90673,5.03251,0.823093,7.32209,0.42336,0,0.42336,460.49,0,1.02816,0,0,2.23411,1.20595,1.028160,1,0,60.7215,0,0,0,60.7215,0
72.29,2.04928,0,0,2.87104,0.245511,0.576251,3.6288,61.308,0.66528,0,0,1.11501,0.196415,0.253315,0.66528,12.849,1,0.364243,0.576251,0,51.9667,3.14601,49.0327,0.84672,12.849,0.84672,3695.15,0,0,0,0.982593,1.90717,4.27645,1.0726,6.09361,0.42336,0,0.42336,460.49,0,1.02816,0,0,2.01075,0.982593,1.028160,1,0,55.3796,0,0,0,55.3796,0
72.2706,2.04987,0,0,2.63885,0.245511,0.36288,3.6288,61.308,0.66528,0,0,1.15328,0.196415,0.291581,0.66528,12.849,1,0.364349,0.36288,0,46.9317,3.14601,43.7842,0.84672,12.849,0.84672,3695.15,0,0,0,1.17806,1.90762,4.19823,1.0726,6.2113,0.42336,0,0.42336,460.49,0,1.02816,0,0,2.20622,1.17806,1.028160,1,0,50.2871,0,0,0,50.2871,0
72.2348,2.15982,0,0,2.73375,0.246822,0.36288,3.6288,61.308,0.66528,0,0,1.25368,0.201685,0.386716,0.66528,12.849,1,0.383995,0.36288,0,52.7091,3.53152,49.1565,0.84672,12.849,0.84672,3695.15,0,0,0,1.154,1.90806,4.49454,1.0844,6.4722,0.42336,0,0.42336,460.49,0,1.02816,0,0,2.18216,1.154,1.028160,1,0,56.0154,0,0,0,56.0154,0
71.9946,2.16028,0,0,2.51516,0.23217,0.36288,3.6288,61.308,0.66528,0,0,1.00514,0.194826,0.145037,0.66528,12.849,1,0.384267,0.36288,0,46.5609,3.63881,42.9007,0.84672,12.849,0.84672,3695.15,0,0,0,1.00808,1.99875,4.41969,1.10305,6.32347,0.42336,0,0.42336,460.49,0,1.02816,0,0,2.03624,1.00808,1.028160,1,0,49.3692,0,0,0,49.3692,0
71.5355,2.15982,0,0,2.25691,0.19331,0.36288,3.6288,61.308,0.66528,0,0,0.9767,0.196768,0.114652,0.66528,12.849,1,0.385466,0.36288,0,40.7291,3.70366,37.0029,0.84672,12.849,0.84672,3695.15,0,0,0,1.01712,1.99922,4.13091,1.06208,6.08517,0.42336,0,0.42336,460.49,0,1.02816,0,0,2.04528,1.01712,1.028160,1,0,43.2027,0,0,0,43.2027,0
71.0503,2.15834,0,0,2.22864,0.192635,0.36288,3.6288,61.308,0.66528,0,0,1.06085,0.196768,0.198797,0.66528,12.849,1,0.387675,0.36288,0,39.387,3.70366,35.6585,0.84672,12.849,0.84672,3695.15,0,0,0,0.97416,1.99968,4.52902,1.06208,6.44078,0.42336,0,0.42336,460.49,0,1.02816,0,0,2.00232,0.97416,1.028160,1,0,42.2981,0,0,0,42.2981,0
70.4641,2.15672,0,0,2.12934,0.195961,0.36288,3.6288,61.308,0.66528,0,0,0.943367,0.19986,0.0782269,0.66528,12.849,1,0.390029,0.36288,0,36.5695,3.78908,32.7533,0.84672,12.849,0.84672,3695.15,0,0,0,0.881764,2.00015,3.98988,1.07919,5.79261,0.42336,0,0.42336,460.49,0,1.02816,0,0,1.90992,0.881764,1.028160,1,0,38.6241,0,0,0,38.6241,0
70.101,2.13301,0,0,2.28622,0.153471,0.36288,3.6288,61.1286,0.66528,0,0,0.729216,0.243317,0,0.66528,12.849,1,0.38895,0.36288,0,32.943,4.49386,28.4231,0.84672,12.849,0.84672,3695.15,0,0,0,0.674654,2.00062,4.17862,1.23895,5.61495,0.42336,0,0.42336,460.49,0,1.02816,0,0,1.70281,0.674654,1.028160,1,0,34.038,0,0,0,34.038,0
69.584,2.13192,0,0,2.12003,0.142182,0.36288,3.6288,60.9367,0.66528,0,0,0.72055,0.247187,0,0.66528,12.849,1,0.390765,0.36288,0,30.1275,4.52592,25.5737,0.84672,12.849,0.84672,3695.15,0,0,0,0.605353,2.03268,3.94193,1.24847,5.33149,0.42336,0,0.42336,460.49,0,1.02816,0,0,1.63351,0.605353,1.028160,1,0,30.9052,0,0,0,30.9052,0
68.9214,2.13008,0,0,1.9719,0.14155,0.36288,3.6288,60.7484,0.66528,0,0,0.723825,0.246887,0,0.66528,12.849,1,0.393329,0.36288,0,27.8643,4.52592,23.308,0.84672,12.849,0.84672,3695.15,0,0,0,0.688211,2.03315,3.72987,1.24847,5.20276,0.42336,0,0.42336,460.49,0,1.02816,0,0,1.71637,0.688211,1.028160,1,0,28.5107,0,0,0,28.5107,0
68.2004,2.1275,0,0,1.90761,0.138251,0.36288,3.6288,60.5092,0.66528,0,0,0.693256,0.267089,0,0.66528,12.849,1,0.39663,0.36288,0,26.0296,4.78489,21.211,0.84672,12.849,0.84672,3695.15,0,0,0,0.62932,2.03363,3.59799,1.3106,4.95034,0.42336,0,0.42336,460.49,0,1.02816,0,0,1.65748,0.62932,1.028160,1,0,26.1613,0,0,0,26.1613,0
67.3028,2.18011,0,0,1.77013,0.12468,0.36288,3.6288,60.1705,0.66528,0,0,0.646745,0.320193,0,0.66528,12.849,1,0.410734,0.36288,0,22.1299,5.70147,16.3806,0.84672,12.849,0.84672,3695.15,0,0,0,0.42107,2.03411,3.41822,1.45606,4.41734,0.42336,0,0.42336,460.49,0,1.02816,0,0,1.44923,0.42107,1.028160,1,0,20.7979,0,0,0,20.7979,0
66.3411,2.17613,0,0,1.69737,0.120076,0.36288,3.6288,59.7403,0.66528,0,0,0.565013,0.32997,0,0.66528,12.849,1,0.415453,0.36288,0,27.0527,5.92998,21.0702,0.84672,12.849,0.84672,3695.15,0,0,0,0.467372,2.07939,3.6285,1.4811,4.69416,0.42336,0,0.42336,460.49,0,1.02816,0,0,1.49553,0.467372,1.028160,1,0,25.7643,0,0,0,25.7643,0
65.2767,2.17171,0,0,1.58935,0.119165,0.36288,3.6288,59.2714,0.66528,0,0,0.525442,0.329067,0,0.66528,12.849,1,0.420619,0.36288,0,21.7207,5.92998,15.733,0.84672,12.849,0.84672,3695.15,0,0,0,0.439646,2.07988,3.2708,1.4811,4.30923,0.42336,0,0.42336,460.49,0,1.02816,0,0,1.46781,0.439646,1.028160,1,0,20.0422,0,0,0,20.0422,0
64.0761,2.1666,0,0,1.44705,0.118157,0.36288,3.6288,58.7632,0.678905,0,0,0.498838,0.328081,0,0.66528,12.849,1,0.426472,0.36288,0,19.7955,5.92998,13.802,0.84672,12.849,0.84672,3695.15,0,0,0,0.227405,2.08037,3.05091,1.4811,3.87759,0.42336,0,0.42336,460.49,0,1.01453,0,0,1.24194,0.227405,1.028160,1,0,17.6796,0,0,0,17.6796,0
63.0503,2.32168,0,0,1.77768,0.118929,0.36288,3.6288,58.394,0.66528,0,0,0.619791,0.323767,0,0.66528,12.849,1,0.46556,0.36288,0,20.8578,6.12204,14.6331,0.84672,12.849,0.84672,3695.15,0,0,0,0.651741,2.08086,4.7277,1.48559,5.9747,0.42336,0,0.42336,460.49,0,1.02816,0,0,1.6799,0.651741,1.028160,1,0,20.6078,0,0,0,20.6078,0
62.1294,2.31605,0,0,1.88908,0.131027,0.36288,3.6288,57.9592,0.66528,0,0,0.560539,0.329986,0,0.66528,12.849,1,0.471987,0.36288,0,21.9021,6.48543,15.3075,0.84672,12.849,0.84672,3695.15,0,0,0,0.351173,2.23483,3.75055,1.45844,4.87811,0.42336,0,0.42336,460.49,0,1.02816,0,0,1.37933,0.351173,1.028160,1,0,20.1856,0,0,0,20.1856,0
61.3372,2.31091,0,0,2.01157,0.130043,0.36288,3.6288,57.6544,0.66528,0,0,0.689487,0.329062,0,0.66528,12.849,1,0.47792,0.36288,0,27.8712,6.48543,21.2707,0.84672,12.849,0.84672,3695.15,0,0,0,0.671907,2.23536,4.18922,1.45844,5.63804,0.42336,0,0.42336,460.49,0,1.02816,0,0,1.70007,0.671907,1.028160,1,0,26.9087,0,0,0,26.9087,0
60.1936,2.30646,0,0,1.65493,0.129196,0.36288,3.6288,57.0921,0.735972,0,0,0.502144,0.328414,0,0.66528,12.849,1,0.483162,0.36288,0,25.5346,6.48543,18.9289,0.84672,12.849,0.84672,3695.15,0,0,0,0.204422,2.23589,3.43113,1.45844,4.413,0.42336,0,0.42336,460.49,0,0.957468,0,0,1.16189,0.204422,1.028160,1,0,23.3419,0,0,0,23.3419,0
59.4655,2.29955,0,0,2.06232,0.127955,0.36288,3.6288,56.9695,0.66528,0,0,0.869861,0.32722,0,0.66528,12.849,1,0.490866,0.36288,0,24.8899,6.48543,18.2765,0.84672,12.849,0.84672,3695.15,0,0,0,1.26795,2.23642,5.3514,1.45844,7.39732,0.42336,0,0.42336,460.49,0,1.02816,0,0,2.29611,1.26795,1.028160,1,0,25.6738,0,0,0,25.6738,0
58.2324,2.21765,0,0,1.47045,0.123017,0.36288,3.6288,56.4564,0.66528,0,0,0.512856,0.360651,0,0.66528,12.849,1,0.479178,0.36288,0,17.8668,6.96843,10.7821,0.84672,12.849,0.84672,3695.15,0,0,0,0.63644,2.23695,3.43176,1.55962,4.74552,0.42336,0,0.42336,460.49,0,1.02816,0,0,1.6646,0.63644,1.028160,1,0,15.5276,0,0,0,15.5276,0
57.141,2.20997,0,0,1.65624,0.174843,0.36288,3.6288,55.9552,0.66528,0,0,0.483361,0.319314,0,0.66528,12.849,1,0.48763,0.36288,0,14.3154,6.63714,7.55355,0.84672,12.849,0.84672,3695.15,0,0,0,0.473247,2.14854,2.74515,1.44583,3.92111,0.42336,0,0.42336,460.49,0,1.02816,0,0,1.50141,0.473247,1.028160,1,0,11.4747,0,0,0,11.4747,0
56.6114,2.20299,0,0,2.21804,0.181773,0.36288,3.6288,55.5728,0.66528,0,0,0.594459,0.311603,0,0.66528,12.849,1,0.495375,0.36288,0,18.9956,6.58192,12.2811,0.84672,12.849,0.84672,3695.15,0,0,0,0.959489,2.14905,3.37406,1.42687,5.05573,0.42336,0,0.42336,460.49,0,1.02816,0,0,1.98765,0.959489,1.028160,1,0,17.3369,0,0,0,17.3369,0
56.6616,2.19984,0,0,2.79375,0.180826,0.36288,3.6288,55.4879,0.66528,0,0,0.891242,0.310823,0,0.66528,12.849,1,0.499295,0.36288,0,38.6623,6.58192,31.9439,0.84672,12.849,0.84672,3695.15,0,0,0,1.95405,2.14955,4.6605,1.42687,7.33724,0.42336,0,0.42336,460.49,0,1.02816,0,0,2.98221,1.95405,1.028160,1,0,39.2812,0,0,0,39.2812,0
55.9776,2.13761,0,0,2.04229,0.225762,0.36288,3.6288,55.165,0.66528,0,0,0.62746,0.285132,0,0.66528,12.849,1,0.484741,0.36288,0,28.0263,5.48549,22.4189,0.84672,12.849,0.84672,3695.15,0,0,0,1.01144,2.15006,3.05305,1.24115,4.9734,0.42336,0,0.42336,460.49,0,1.02816,0,0,2.0396,1.01144,1.028160,1,0,27.3923,0,0,0,27.3923,0
55.1015,2.1334,0,0,1.87787,0.257643,0.36288,3.6288,54.8124,0.66528,0,0,0.578159,0.26543,0,0.66528,12.849,1,0.489698,0.36288,0,23.9821,4.66315,19.1922,0.84672,12.849,0.84672,3695.15,0,0,0,0.885911,2.07111,5.0387,1.10186,6.89387,0.42336,0,0.42336,460.49,0,1.02816,0,0,1.91407,0.885911,1.028160,1,0,26.086,0,0,0,26.086,0
54.9356,2.1277,0,0,2.59408,0.269489,0.36288,3.6288,54.6539,0.66528,0,0,0.766938,0.260169,0,0.66528,12.849,1,0.496153,0.36288,0,40.9746,4.52017,36.3211,0.84672,12.849,0.84672,3695.15,0,0,0,1.47265,2.0716,4.82467,1.08109,7.28783,0.42336,0,0.42336,460.49,0,1.02816,0,0,2.50081,1.47265,1.028160,1,0,43.609,0,0,0,43.609,0
57.9166,2.12709,0,0,5.77526,0.304207,0.36288,3.6288,55.3042,0.66528,0,0,1.56388,0.248294,0,0.66528,12.849,1,0.497511,0.36288,0,49.7005,4.16273,45.4031,0.84672,12.849,0.84672,3695.15,0,0,0,2.56037,2.07209,8.86689,1.02918,12.4702,0.42336,0,0.42336,460.49,0,1.02816,0,0,3.58853,2.56037,1.028160,1,0,57.8733,0,0,0,57.8733,0
59.3373,1.96821,0,0,4.05631,0.304596,0.36288,3.6288,55.1209,0.66528,0,0,0.724727,0.242712,0,0.66528,12.849,1,0.436654,0.36288,0,43.6913,4.26172,39.3558,0.84672,12.849,0.84672,3695.15,0,0,0,1.2943,2.07257,6.35607,1.04358,8.67936,0.42336,0,0.42336,460.49,0,1.02816,0,0,2.32246,1.2943,1.028160,1,0,48.0351,0,0,0,48.0351,0
60.4423,1.97737,0,0,3.73197,0.286703,0.36288,3.6288,55.4443,0.66528,0,0,1.21449,0.225818,0,0.66528,12.849,1,0.428184,0.36288,0,69.905,4.50923,65.3305,0.84672,12.849,0.84672,3695.15,0,0,0,1.47196,1.89639,9.69624,1.07958,11.985,0.42336,0,0.42336,460.49,0,1.02816,0,0,2.50012,1.47196,1.028160,1,0,77.3155,0,0,0,77.3155,0
65.5251,1.9844,0,0,7.71983,0.289707,0.36288,3.6288,57.4784,0.66528,0,0,2.9256,0.226299,0,0.66528,12.849,1,0.42185,0.36288,0,117.082,4.50923,112.513,0.84672,12.849,0.84672,3695.15,0,0,0,4.83948,1.89684,12.8521,1.07958,18.5088,0.42336,0,0.42336,460.49,0,1.02816,0,0,5.86764,4.83948,1.028160,1,0,131.022,0,0,0,131.022,0
69.5996,2.01234,0,0,6.73759,0.287912,0.36288,3.6288,57.6302,0.66528,0,0,1.04062,0.223536,0,0.66528,12.849,1,0.394606,0.36288,0,71.6135,4.20563,67.3762,0.84672,12.849,0.84672,3695.15,0,0,0,1.76524,1.89728,8.60881,1.02926,11.2421,0.42336,0,0.42336,460.49,0,1.02816,0,0,2.7934,1.76524,1.028160,1,0,78.6182,0,0,0,78.6182,0
72.29,2.03243,0,0,6.67154,0.286397,1.66228,3.6288,58.7724,0.66528,0,0,2.02695,0.219413,0,0.66528,12.849,1,0.375214,1.66228,0,57.3429,3.97793,54.652,0.84672,12.849,0.84672,3695.15,0,0,0,2.19953,1.89772,9.37198,0.991521,12.4777,0.42336,0,0.42336,460.49,0,1.02816,0,0,3.22769,2.19953,1.028160,1,0,67.1298,0,0,0,67.1298,0
72.29,2.11697,0,0,4.80076,0.286618,2.39717,3.6288,59.8974,0.66528,0,0,1.98431,0.194008,0,0.66528,12.849,1,0.376275,2.39717,0,105.525,4.03481,103.511,0.84672,12.849,0.84672,3695.15,0,0,0,2.71514,1.89816,12.1192,1.14912,15.5833,0.42336,0,0.42336,460.49,0,1.02816,0,0,3.7433,2.71514,1.028160,1,0,119.094,0,0,0,119.094,0
72.29,2.11755,0,0,5.13562,0.28566,2.7324,3.6288,60.5297,0.66528,0,0,1.4884,0.190873,0,0.66528,12.849,1,0.376379,2.7324,0,56.678,4.04428,54.9897,0.84672,12.849,0.84672,3695.15,0,0,0,2.35387,1.95375,9.70013,1.17538,12.8324,0.42336,0,0.42336,460.49,0,1.02816,0,0,3.38203,2.35387,1.028160,1,0,67.8221,0,0,0,67.8221,0
72.29,2.11814,0,0,7.05154,0.306614,4.62679,3.6288,61.2253,0.66528,0,0,1.57867,0.217732,0,0.66528,12.849,1,0.376483,4.62679,0,173.716,4.23558,173.731,0.84672,12.849,0.84672,3695.15,0,0,0,2.62288,1.95418,14.4692,1.24215,17.8041,0.42336,0,0.42336,460.49,0,1.02816,0,0,3.65104,2.62288,1.028160,1,0,191.535,0,0,0,191.535,0
72.29,2.11872,0,0,9.86463,0.332462,7.41345,3.6288,61.308,0.66528,0,0,4.09888,0.204369,3.14656,0.66528,12.849,1,0.376587,7.41345,0,231.377,4.39362,234.02,0.84672,12.849,0.84672,3695.15,0,0,0,6.74272,1.95462,23.3105,1.22258,30.7853,0.42336,0,0.42336,460.49,0,1.02816,0,0,7.77088,6.74272,1.028160,1,0,267.952,0,0,0,267.952,0
72.29,2.35106,0,0,9.61786,0.299963,6.96683,3.6288,61.308,0.66528,0,0,4.58838,0.207739,3.71537,0.66528,12.849,1,0.417883,6.96683,0,192.197,4.34634,194.399,0.84672,12.849,0.84672,3695.15,0,0,0,9.21161,1.95506,24.9957,1.17114,34.9912,0.42336,0,0.42336,460.49,0,1.02816,0,0,10.2398,9.21161,1.028160,1,0,233.106,0,0,0,233.106,0
72.29,2.3517,0,0,6.87945,0.294641,4.23311,3.6288,61.308,0.66528,0,0,3.93778,0.213018,3.05948,0.66528,12.849,1,0.417998,4.23311,0,187.705,4.17921,187.341,0.84672,12.849,0.84672,3695.15,0,0,0,5.33566,2.15411,22.2768,1.17351,28.593,0.42336,0,0.42336,460.49,0,1.02816,0,0,6.36382,5.33566,1.028160,1,0,218.993,0,0,0,218.993,0
72.29,2.35235,0,0,4.3127,0.294641,1.66571,3.6288,61.308,0.66528,0,0,2.51524,0.213018,1.63694,0.66528,12.849,1,0.418112,1.66571,0,127.403,4.17921,124.471,0.84672,12.849,0.84672,3695.15,0,0,0,2.895,2.15459,13.5492,1.17351,17.4253,0.42336,0,0.42336,460.49,0,1.02816,0,0,3.92316,2.895,1.028160,1,0,143.533,0,0,0,143.533,0
72.29,2.35299,0,0,4.98582,0.294641,2.33819,3.6288,61.308,0.66528,0,0,2.18798,0.213018,1.30969,0.66528,12.849,1,0.418226,2.33819,0,102.374,4.17921,100.114,0.84672,12.849,0.84672,3695.15,0,0,0,2.34528,2.15508,10.0691,1.17351,13.3959,0.42336,0,0.42336,460.49,0,1.02816,0,0,3.37344,2.34528,1.028160,1,0,114.82,0,0,0,114.82,0
72.29,2.02275,0,0,5.01592,0.304321,2.68885,3.6288,61.308,0.66528,0,0,1.79542,0.222987,0.907151,0.66528,12.849,1,0.359528,2.68885,0,138.785,4.26798,136.847,0.84672,12.849,0.84672,3695.15,0,0,0,2.31551,2.15557,12.9663,1.14651,16.2909,0.42336,0,0.42336,460.49,0,1.02816,0,0,3.34367,2.31551,1.028160,1,0,154.045,0,0,0,154.045,0
72.29,2.02331,0,0,7.25812,0.324377,4.91043,3.6288,61.308,0.66528,0,0,3.35555,0.202232,2.48804,0.66528,12.849,1,0.359628,4.91043,0,228.385,3.78379,229.152,0.84672,12.849,0.84672,3695.15,0,0,0,4.21816,1.88494,25.0913,0.917144,30.2773,0.42336,0,0.42336,460.49,0,1.02816,0,0,5.24632,4.21816,1.028160,1,0,261.917,0,0,0,261.917,0
72.29,2.02387,0,0,6.74819,0.326653,4.39766,3.6288,61.308,0.66528,0,0,1.70845,0.193999,0.849168,0.66528,12.849,1,0.359727,4.39766,0,189.092,3.64938,189.481,0.84672,12.849,0.84672,3695.15,0,0,0,3.02479,1.88536,18.5212,0.877678,22.5537,0.42336,0,0.42336,460.49,0,1.02816,0,0,4.05295,3.02479,1.028160,1,0,212.884,0,0,0,212.884,0
72.29,2.02443,0,0,9.96062,0.326653,7.60954,3.6288,61.308,0.66528,0,0,3.98322,0.193999,3.12394,0.66528,12.849,1,0.359827,7.60954,0,191.611,3.64938,195.211,0.84672,12.849,0.84672,3695.15,0,0,0,6.72244,1.88578,26.7823,0.877678,34.5128,0.42336,0,0.42336,460.49,0,1.02816,0,0,7.7506,6.72244,1.028160,1,0,232.848,0,0,0,232.848,0
72.29,2.02499,0,0,11.976,0.327452,9.62355,3.6288,61.308,0.66528,0,0,4.31533,0.159935,3.49012,0.66528,12.849,1,0.359927,9.62355,0,194.657,3.4931,200.427,0.84672,12.849,0.84672,3695.15,0,0,0,5.67556,1.8862,30.1832,0.821354,36.9236,0.42336,0,0.42336,460.49,0,1.02816,0,0,6.70372,5.67556,1.028160,1,0,240.841,0,0,0,240.841,0
72.29,2.10894,0,0,8.60198,0.32972,6.16332,3.6288,61.308,0.66528,0,0,4.59581,0.198921,3.73161,0.66528,12.849,1,0.374849,6.16332,0,207.179,4.3849,208.583,0.84672,12.849,0.84672,3695.15,0,0,0,5.73949,1.88662,35.6954,0.819887,42.5016,0.42336,0,0.42336,460.49,0,1.02816,0,0,6.76765,5.73949,1.028160,1,0,254.816,0,0,0,254.816,0
72.29,2.10953,0,0,8.86447,0.32972,6.42522,3.6288,61.308,0.66528,0,0,3.72828,0.198921,2.86408,0.66528,12.849,1,0.374952,6.42522,0,231.289,4.3849,232.955,0.84672,12.849,0.84672,3695.15,0,0,0,4.55877,1.95397,32.7578,0.819887,38.4506,0.42336,0,0.42336,460.49,0,1.02816,0,0,5.58693,4.55877,1.028160,1,0,274.269,0,0,0,274.269,0
72.29,2.11011,0,0,6.65453,0.307282,4.23714,3.6288,61.308,0.66528,0,0,3.19242,0.19552,2.33162,0.66528,12.849,1,0.375056,4.23714,0,174.994,4.02432,174.831,0.84672,12.849,0.84672,3695.15,0,0,0,3.97517,1.9544,24.3705,0.819852,29.4802,0.42336,0,0.42336,460.49,0,1.02816,0,0,5.00333,3.97517,1.028160,1,0,206.643,0,0,0,206.643,0
72.29,2.11069,0,0,6.12849,0.219368,3.79843,3.6288,61.308,0.66528,0,0,2.93414,0.217083,2.05178,0.66528,12.849,1,0.375159,3.79843,0,149.253,3.89529,148.781,0.84672,12.849,0.84672,3695.15,0,0,0,3.61643,1.95484,20.8607,0.869177,25.5628,0.42336,0,0.42336,460.49,0,1.02816,0,0,4.64459,3.61643,1.028160,1,0,176.396,0,0,0,176.396,0
72.29,2.07863,0,0,4.93646,0.212119,2.6457,3.6288,61.308,0.66528,0,0,2.1231,0.226271,1.23155,0.66528,12.849,1,0.369462,2.6457,0,107.999,4.35992,105.915,0.84672,12.849,0.84672,3695.15,0,0,0,3.24439,1.95528,16.6685,0.951942,20.9162,0.42336,0,0.42336,460.49,0,1.02816,0,0,4.27255,3.24439,1.028160,1,0,128.063,0,0,0,128.063,0
72.29,2.07921,0,0,4.17156,0.218498,1.87385,3.6288,61.308,0.66528,0,0,1.7867,0.225771,0.895649,0.66528,12.849,1,0.369564,1.87385,0,104.948,4.48948,101.963,0.84672,12.849,0.84672,3695.15,0,0,0,2.50132,1.92965,13.0716,0.977148,16.5255,0.42336,0,0.42336,460.49,0,1.02816,0,0,3.52948,2.50132,1.028160,1,0,119.384,0,0,0,119.384,0
72.29,2.07978,0,0,3.93323,0.218498,1.63495,3.6288,61.308,0.66528,0,0,1.62366,0.225771,0.732612,0.66528,12.849,1,0.369666,1.63495,0,92.0583,4.48948,88.8341,0.84672,12.849,0.84672,3695.15,0,0,0,1.91539,1.93008,12.0145,0.977148,14.8828,0.42336,0,0.42336,460.49,0,1.02816,0,0,2.94355,1.91539,1.028160,1,0,104.45,0,0,0,104.45,0
72.29,2.08036,0,0,3.6048,0.208508,1.31593,3.6288,61.308,0.66528,0,0,1.5156,0.232177,0.618145,0.66528,12.849,1,0.369768,1.31593,0,84.1173,4.62948,80.434,0.84672,12.849,0.84672,3695.15,0,0,0,1.83095,1.93051,10.225,0.996776,12.9897,0.42336,0,0.42336,460.49,0,1.02816,0,0,2.85911,1.83095,1.028160,1,0,94.0418,0,0,0,94.0418,0
72.29,2.19183,0,0,3.3965,0.175016,1.02965,3.6288,61.308,0.66528,0,0,1.39885,0.254111,0.47946,0.66528,12.849,1,0.389581,1.02965,0,74.107,4.70514,70.0419,0.84672,12.849,0.84672,3695.15,0,0,0,1.77924,1.93094,10.4914,0.965228,13.2363,0.42336,0,0.42336,460.49,0,1.02816,0,0,2.8074,1.77924,1.028160,1,0,83.7577,0,0,0,83.7577,0
72.29,2.19243,0,0,3.29465,0.150466,0.951753,3.6288,61.308,0.66528,0,0,1.222,0.250039,0.30668,0.66528,12.849,1,0.389688,0.951753,0,67.6261,4.78306,63.4051,0.84672,12.849,0.84672,3695.15,0,0,0,1.51883,2.02281,10.3548,1.001,12.8954,0.42336,0,0.42336,460.49,0,1.02816,0,0,2.54699,1.51883,1.028160,1,0,76.6072,0,0,0,76.6072,0
72.29,2.19303,0,0,3.24962,0.150466,0.906119,3.6288,61.308,0.66528,0,0,1.22559,0.250039,0.310274,0.66528,12.849,1,0.389795,0.906119,0,63.9913,4.78306,59.7246,0.84672,12.849,0.84672,3695.15,0,0,0,1.62687,2.02326,9.85824,1.001,12.5074,0.42336,0,0.42336,460.49,0,1.02816,0,0,2.65503,1.62687,1.028160,1,0,72.5422,0,0,0,72.5422,0
72.29,2.19363,0,0,2.91494,0.165218,0.556086,3.6288,61.308,0.66528,0,0,1.16867,0.246088,0.257304,0.66528,12.849,1,0.389902,0.556086,0,60.432,4.52922,56.0689,0.84672,12.849,0.84672,3695.15,0,0,0,1.64171,2.02371,9.07969,1.0108,11.7343,0.42336,0,0.42336,460.49,0,1.02816,0,0,2.66987,1.64171,1.028160,1,0,68.0606,0,0,0,68.0606,0
72.29,2.19424,0,0,2.78247,0.151557,0.436676,3.6288,61.308,0.66528,0,0,1.15626,0.253274,0.237703,0.66528,12.849,1,0.390009,0.436676,0,56.1236,4.28692,51.8834,0.84672,12.849,0.84672,3695.15,0,0,0,1.6879,2.02417,8.69305,1.05242,11.3527,0.42336,0,0.42336,460.49,0,1.02816,0,0,2.71606,1.6879,1.028160,1,0,63.4738,0,0,0,63.4738,0
72.29,2.17288,0,0,3.8611,0.110785,1.57744,3.6288,61.308,0.66528,0,0,1.08467,0.286062,0.133332,0.66528,12.849,1,0.386213,1.57744,0,71.9729,5.42597,67.7382,0.84672,12.849,0.84672,3695.15,0,0,0,1.26946,2.02462,7.34279,1.20557,9.4313,0.42336,0,0.42336,460.49,0,1.02816,0,0,2.29762,1.26946,1.028160,1,0,77.3028,0,0,0,77.3028,0
72.29,2.17348,0,0,3.65304,0.093858,1.3857,3.6288,61.308,0.66528,0,0,1.04314,0.30964,0.0682214,0.66528,12.849,1,0.386319,1.3857,0,67.8534,5.45129,63.4015,0.84672,12.849,0.84672,3695.15,0,0,0,1.19388,2.05708,7.30374,1.28368,9.27102,0.42336,0,0.42336,460.49,0,1.02816,0,0,2.22204,1.19388,1.028160,1,0,72.7407,0,0,0,72.7407,0
72.29,2.17408,0,0,3.45206,0.093858,1.18413,3.6288,61.2633,0.66528,0,0,0.930252,0.30964,0,0.66528,12.849,1,0.386425,1.18413,0,61.53,5.45129,56.8764,0.84672,12.849,0.84672,3695.15,0,0,0,1.11317,2.05754,7.06337,1.28368,8.9504,0.42336,0,0.42336,460.49,0,1.02816,0,0,2.14133,1.11317,1.028160,1,0,65.8268,0,0,0,65.8268,0
72.29,2.17467,0,0,3.21559,0.093858,0.947061,3.6288,61.1435,0.66528,0,0,0.85498,0.309553,0,0.66528,12.849,1,0.386532,0.947061,0,58.8092,5.45129,53.9184,0.84672,12.849,0.84672,3695.15,0,0,0,0.997989,2.058,6.59465,1.28368,8.36696,0.42336,0,0.42336,460.49,0,1.02816,0,0,2.02615,0.997989,1.028160,1,0,62.2854,0,0,0,62.2854,0
72.29,2.23203,0,0,2.96629,0.0859132,0.648351,3.6288,61.1148,0.66528,0,0,0.958141,0.321514,0,0.66528,12.849,1,0.396726,0.648351,0,55.5932,5.7007,50.1441,0.84672,12.849,0.84672,3695.15,0,0,0,0.861546,2.05846,5.87848,1.3867,7.4118,0.42336,0,0.42336,460.49,0,1.02816,0,0,1.88971,0.861546,1.028160,1,0,57.5559,0,0,0,57.5559,0
72.205,2.23264,0,0,2.59045,0.0799546,0.36288,3.6288,60.9455,0.66528,0,0,0.82652,0.330601,0,0.66528,12.849,1,0.396835,0.36288,0,48.9306,5.88777,43.0088,0.84672,12.849,0.84672,3695.15,0,0,0,0.813188,2.10432,5.48806,1.46396,6.94162,0.42336,0,0.42336,460.49,0,1.02816,0,0,1.84135,0.813188,1.028160,1,0,49.9505,0,0,0,49.9505,0
71.9534,2.23286,0,0,2.42407,0.079903,0.36288,3.6288,60.715,0.66528,0,0,0.765055,0.330247,0,0.66528,12.849,1,0.397341,0.36288,0,44.1724,5.88777,38.2502,0.84672,12.849,0.84672,3695.15,0,0,0,0.734175,2.1048,4.89804,1.46396,6.27306,0.42336,0,0.42336,460.49,0,1.02816,0,0,1.76234,0.734175,1.028160,1,0,44.5233,0,0,0,44.5233,0
71.5039,2.23229,0,0,2.2254,0.0797504,0.36288,3.6288,60.4766,0.66528,0,0,0.756648,0.329764,0,0.66528,12.849,1,0.398629,0.36288,0,40.3789,5.88777,34.4553,0.84672,12.849,0.84672,3695.15,0,0,0,0.589421,2.10527,4.79047,1.46396,6.02121,0.42336,0,0.42336,460.49,0,1.02816,0,0,1.61758,0.589421,1.028160,1,0,40.4766,0,0,0,40.4766,0
71.3341,2.39688,0,0,2.66335,0.0733365,0.36288,3.6288,60.4053,0.66528,0,0,0.904444,0.310479,0,0.66528,12.849,1,0.430711,0.36288,0,42.2986,5.96187,36.2689,0.84672,12.849,0.84672,3695.15,0,0,0,1.08975,2.10575,7.2455,1.49395,8.94704,0.42336,0,0.42336,460.49,0,1.02816,0,0,2.11791,1.08975,1.028160,1,0,45.2159,0,0,0,45.2159,0
70.9227,2.39666,0,0,2.43804,0.0899321,0.36288,3.6288,60.1928,0.66528,0,0,0.742124,0.289341,0,0.66528,12.849,1,0.431697,0.36288,0,43.2341,5.70591,37.4594,0.84672,12.849,0.84672,3695.15,0,0,0,0.782965,2.2617,5.42208,1.44358,7.02317,0.42336,0,0.42336,460.49,0,1.02816,0,0,1.81113,0.782965,1.028160,1,0,44.4826,0,0,0,44.4826,0
70.7506,2.39519,0,0,2.67563,0.0896493,0.36288,3.6288,60.155,0.66528,0,0,0.916427,0.28895,0,0.66528,12.849,1,0.433935,0.36288,0,55.6025,5.70591,49.8256,0.84672,12.849,0.84672,3695.15,0,0,0,1.22197,2.26222,5.91485,1.44358,7.95546,0.42336,0,0.42336,460.49,0,1.02816,0,0,2.25013,1.22197,1.028160,1,0,57.781,0,0,0,57.781,0
70.0527,2.39495,0,0,2.14949,0.089531,0.36288,3.6288,59.8637,0.66528,0,0,0.662835,0.28888,0,0.66528,12.849,1,0.434947,0.36288,0,54.3325,5.70591,48.5545,0.84672,12.849,0.84672,3695.15,0,0,0,0.533995,2.26273,4.74828,1.44358,6.10142,0.42336,0,0.42336,460.49,0,1.02816,0,0,1.56216,0.533995,1.028160,1,0,54.6559,0,0,0,54.6559,0
69.8858,2.39194,0,0,2.67695,0.0890513,0.36288,3.6288,60.0429,0.66528,0,0,1.13289,0.288344,0,0.66528,12.849,1,0.438727,0.36288,0,49.6225,5.70591,43.8407,0.84672,12.849,0.84672,3695.15,0,0,0,1.92687,2.26324,7.34193,1.44358,10.0885,0.42336,0,0.42336,460.49,0,1.02816,0,0,2.95503,1.92687,1.028160,1,0,53.9292,0,0,0,53.9292,0
68.9235,2.31094,0,0,1.79001,0.0784953,0.36288,3.6288,59.8861,0.66528,0,0,0.738098,0.229598,0,0.66528,12.849,1,0.424882,0.36288,0,58.3636,5.44041,52.8612,0.84672,12.849,0.84672,3695.15,0,0,0,1.101,2.26375,6.26502,1.4219,8.20788,0.42336,0,0.42336,460.49,0,1.02816,0,0,2.12916,1.101,1.028160,1,0,61.0691,0,0,0,61.0691,0
67.3099,2.30657,0,0,1.13199,0.0761843,0.36288,3.6288,59.5675,0.66528,0,0,0.566181,0.219532,0,0.66528,12.849,1,0.43,0.36288,0,39.507,5.39616,34.0437,0.84672,12.849,0.84672,3695.15,0,0,0,0.308223,2.17417,4.45151,1.41828,5.51562,0.42336,0,0.42336,460.49,0,1.02816,0,0,1.33638,0.308223,1.028160,1,0,39.5593,0,0,0,39.5593,0
66.0947,2.29854,0,0,1.56316,0.116929,0.36288,3.6288,59.4597,0.66528,0,0,0.776832,0.219323,0,0.66528,12.849,1,0.438776,0.36288,0,41.581,5.12145,36.3836,0.84672,12.849,0.84672,3695.15,0,0,0,0.513916,2.17466,5.97504,1.36699,7.29663,0.42336,0,0.42336,460.49,0,1.02816,0,0,1.54208,0.513916,1.028160,1,0,43.6802,0,0,0,43.6802,0
67.3769,2.29241,0,0,4.1249,0.187358,0.36288,3.6288,59.891,0.66528,0,0,1.33511,0.238579,0,0.66528,12.849,1,0.445651,0.36288,0,71.3914,4.73644,66.5722,0.84672,12.849,0.84672,3695.15,0,0,0,2.55085,2.17516,12.2123,1.24934,15.689,0.42336,0,0.42336,460.49,0,1.02816,0,0,3.57901,2.55085,1.028160,1,0,82.2611,0,0,0,82.2611,0
67.7142,2.23418,0,0,3.14537,0.211039,0.36288,3.6288,59.9451,0.66528,0,0,0.932437,0.213033,0,0.66528,12.849,1,0.426065,0.36288,0,94.6273,4.42639,90.1377,0.84672,12.849,0.84672,3695.15,0,0,0,1.34787,2.17565,8.49481,1.15714,10.8612,0.42336,0,0.42336,460.49,0,1.02816,0,0,2.37603,1.34787,1.028160,1,0,100.999,0,0,0,100.999,0
68.0979,2.23658,0,0,3.22385,0.240702,0.36288,3.6288,59.9705,0.66528,0,0,0.868847,0.178156,0,0.66528,12.849,1,0.424398,0.36288,0,106.049,4.013,101.975,0.84672,12.849,0.84672,3695.15,0,0,0,1.26693,2.09566,6.67596,1.03421,9.00434,0.42336,0,0.42336,460.49,0,1.02816,0,0,2.29509,1.26693,1.028160,1,0,110.979,0,0,0,110.979,0
68.2727,2.2392,0,0,3.0183,0.241428,0.36288,3.6288,59.9555,0.66528,0,0,0.828446,0.178185,0,0.66528,12.849,1,0.422502,0.36288,0,75.9879,4.013,71.9153,0.84672,12.849,0.84672,3695.15,0,0,0,1.3969,2.09613,6.00667,1.03421,8.46549,0.42336,0,0.42336,460.49,0,1.02816,0,0,2.42506,1.3969,1.028160,1,0,80.3808,0,0,0,80.3808,0
69.2555,2.24072,0,0,3.82336,0.236945,0.36288,3.6288,60.1815,0.66528,0,0,1.12992,0.238673,0,0.66528,12.849,1,0.421707,0.36288,0,106.318,3.97535,102.284,0.84672,12.849,0.84672,3695.15,0,0,0,1.96449,2.0966,6.92634,1.12876,9.85867,0.42336,0,0.42336,460.49,0,1.02816,0,0,2.99265,1.96449,1.028160,1,0,112.142,0,0,0,112.142,0
71.1307,2.058,0,0,4.56424,0.26818,0.36288,3.6288,60.4408,0.66528,0,0,1.11892,0.194335,0,0.66528,12.849,1,0.381821,0.36288,0,112.314,3.75877,108.536,0.84672,12.849,0.84672,3695.15,0,0,0,2.39236,2.09707,10.0175,1.10604,13.4009,0.42336,0,0.42336,460.49,0,1.02816,0,0,3.42052,2.39236,1.028160,1,0,121.937,0,0,0,121.937,0
71.7633,2.06709,0,0,3.37002,0.307379,0.36288,3.6288,61.308,0.66528,0,0,1.95909,0.211829,0.214776,0.66528,12.849,1,0.373398,0.36288,0,107.489,4.3868,103.092,0.84672,12.849,0.84672,3695.15,0,0,0,2.09993,1.91859,9.07946,1.11047,11.9875,0.42336,0,0.42336,460.49,0,1.02816,0,0,3.12809,2.09993,1.028160,1,0,115.294,0,0,0,115.294,0
72.29,2.07046,0,0,3.7814,0.308867,0.875425,3.6288,61.308,0.66528,0,0,1.66654,0.212997,0.788267,0.66528,12.849,1,0.370708,0.875425,0,103.619,4.3868,99.7366,0.84672,12.849,0.84672,3695.15,0,0,0,2.95095,1.91902,14.4495,1.11047,18.209,0.42336,0,0.42336,460.49,0,1.02816,0,0,3.97911,2.95095,1.028160,1,0,118.734,0,0,0,118.734,0
72.29,2.07332,0,0,2.84399,0.310107,0.460559,3.6288,61.0623,0.66528,0,0,0.632572,0.212997,0,0.66528,12.849,1,0.368517,0.460559,0,86.648,4.3868,82.3532,0.84672,12.849,0.84672,3695.15,0,0,0,0.90822,1.91945,8.23356,1.11047,9.95075,0.42336,0,0.42336,460.49,0,1.02816,0,0,1.93638,0.90822,1.028160,1,0,92.304,0,0,0,92.304,0
72.0158,2.07389,0,0,2.46206,0.299449,0.36288,3.6288,60.8916,0.66528,0,0,0.749267,0.254703,0,0.66528,12.849,1,0.368619,0.36288,0,75.3417,4.54213,70.7938,0.84672,12.849,0.84672,3695.15,0,0,0,0.792262,1.91988,5.47818,1.23034,6.95998,0.42336,0,0.42336,460.49,0,1.02816,0,0,1.82042,0.792262,1.028160,1,0,77.7538,0,0,0,77.7538,0
72.29,2.14625,0,0,4.30888,0.311742,1.57673,3.6288,61.2837,0.66528,0,0,1.30273,0.245321,0,0.66528,12.849,1,0.382931,1.57673,0,124.066,5.06768,120.192,0.84672,12.849,0.84672,3695.15,0,0,0,1.4001,1.92031,9.61087,1.33827,11.593,0.42336,0,0.42336,460.49,0,1.02816,0,0,2.42826,1.4001,1.028160,1,0,131.785,0,0,0,131.785,0
72.29,2.14805,0,0,8.03612,0.318279,5.5698,3.6288,61.308,0.66528,0,0,3.67688,0.239472,2.74783,0.66528,12.849,1,0.381799,5.5698,0,139.003,5.26754,138.923,0.84672,12.849,0.84672,3695.15,0,0,0,4.6589,1.97659,19.5951,1.37345,24.8571,0.42336,0,0.42336,460.49,0,1.02816,0,0,5.68706,4.6589,1.028160,1,0,166.528,0,0,0,166.528,0
72.29,2.14861,0,0,9.19011,0.321129,6.72037,3.6288,61.308,0.66528,0,0,3.45261,0.236,2.55133,0.66528,12.849,1,0.381899,6.72037,0,331.661,5.07572,332.924,0.84672,12.849,0.84672,3695.15,0,0,0,3.95457,1.97701,19.6196,1.32181,24.2294,0.42336,0,0.42336,460.49,0,1.02816,0,0,4.98273,3.95457,1.028160,1,0,359.705,0,0,0,359.705,0
72.29,2.14918,0,0,10.8873,0.296883,8.4412,3.6288,61.308,0.66528,0,0,2.88554,0.190515,2.02975,0.66528,12.849,1,0.382,8.4412,0,285.072,3.90203,289.229,0.84672,12.849,0.84672,3695.15,0,0,0,3.7544,1.97743,19.0026,1.1083,23.6262,0.42336,0,0.42336,460.49,0,1.02816,0,0,4.78256,3.7544,1.028160,1,0,314.885,0,0,0,314.885,0
72.29,2.38447,0,0,7.68322,0.29745,5.0013,3.6288,61.308,0.66528,0,0,2.79559,0.18619,1.94412,0.66528,12.849,1,0.423821,5.0013,0,229.188,3.79713,229.968,0.84672,12.849,0.84672,3695.15,0,0,0,2.90707,1.97786,17.309,1.07371,21.1202,0.42336,0,0.42336,460.49,0,1.02816,0,0,3.93523,2.90707,1.028160,1,0,253.033,0,0,0,253.033,0
72.29,2.38509,0,0,10.8994,0.305792,8.20856,3.6288,61.308,0.66528,0,0,5.82109,0.181504,4.9743,0.66528,12.849,1,0.423932,8.20856,0,257.834,4.00586,261.613,0.84672,12.849,0.84672,3695.15,0,0,0,4.44781,2.17943,27.1186,0.993749,32.7521,0.42336,0,0.42336,460.49,0,1.02816,0,0,5.47597,4.44781,1.028160,1,0,299.339,0,0,0,299.339,0
72.29,2.38571,0,0,10.5377,0.305792,7.84619,3.6288,61.308,0.66528,0,0,6.33271,0.181504,5.48592,0.66528,12.849,1,0.424042,7.84619,0,237.892,4.00586,241.308,0.84672,12.849,0.84672,3695.15,0,0,0,5.25456,2.1799,29.3013,0.993749,35.742,0.42336,0,0.42336,460.49,0,1.02816,0,0,6.28272,5.25456,1.028160,1,0,282.536,0,0,0,282.536,0
72.29,2.38633,0,0,9.74091,0.32856,7.02602,3.6288,61.308,0.66528,0,0,5.09579,0.200615,4.2299,0.66528,12.849,1,0.424152,7.02602,0,186.542,4.76001,188.384,0.84672,12.849,0.84672,3695.15,0,0,0,4.23447,2.18037,26.3975,1.17932,31.6331,0.42336,0,0.42336,460.49,0,1.02816,0,0,5.26263,4.23447,1.028160,1,0,224.247,0,0,0,224.247,0
72.29,2.05185,0,0,10.8263,0.338809,8.43566,3.6288,61.308,0.66528,0,0,4.14695,0.190411,3.29126,0.66528,12.849,1,0.3647,8.43566,0,174.855,4.36878,178.557,0.84672,12.849,0.84672,3695.15,0,0,0,3.30998,2.18085,19.3019,1.07703,23.7157,0.42336,0,0.42336,460.49,0,1.02816,0,0,4.33814,3.30998,1.028160,1,0,205.564,0,0,0,205.564,0
72.29,2.05239,0,0,3.80036,0.323481,1.42449,3.6288,61.308,0.66528,0,0,1.82231,0.184519,0.972515,0.66528,12.849,1,0.364797,1.42449,0,66.7116,3.55383,64.2175,0.84672,12.849,0.84672,3695.15,0,0,0,1.49023,1.90674,9.64596,0.922699,12.1202,0.42336,0,0.42336,460.49,0,1.02816,0,0,2.51839,1.49023,1.028160,1,0,77.3102,0,0,0,77.3102,0
72.29,2.05293,0,0,3.71843,0.323481,1.34202,3.6288,61.308,0.66528,0,0,2.26619,0.184519,1.4164,0.66528,12.849,1,0.364893,1.34202,0,86.5212,3.55383,83.9445,0.84672,12.849,0.84672,3695.15,0,0,0,1.82053,1.90715,11.6827,0.922699,14.4877,0.42336,0,0.42336,460.49,0,1.02816,0,0,2.84869,1.82053,1.028160,1,0,99.8486,0,0,0,99.8486,0
72.29,2.05347,0,0,5.19938,0.323481,2.82242,3.6288,61.308,0.66528,0,0,2.41748,0.184519,1.56768,0.66528,12.849,1,0.36499,2.82242,0,136.238,3.55383,135.142,0.84672,12.849,0.84672,3695.15,0,0,0,1.97969,1.90756,15.2912,0.922699,18.2558,0.42336,0,0.42336,460.49,0,1.02816,0,0,3.00785,1.97969,1.028160,1,0,154.965,0,0,0,154.965,0
72.29,2.05402,0,0,5.21542,0.320398,2.84101,3.6288,61.308,0.66528,0,0,2.1499,0.201178,1.28344,0.66528,12.849,1,0.365086,2.84101,0,106.941,3.92406,105.493,0.84672,12.849,0.84672,3695.15,0,0,0,2.04843,1.90796,13.4322,1.02362,16.365,0.42336,0,0.42336,460.49,0,1.02816,0,0,3.07659,2.04843,1.028160,1,0,123.141,0,0,0,123.141,0
72.29,2.13901,0,0,3.61259,0.338201,1.13538,3.6288,61.308,0.66528,0,0,1.49152,0.143983,0.68226,0.66528,12.849,1,0.380193,1.13538,0,53.9911,3.14818,51.5981,0.84672,12.849,0.84672,3695.15,0,0,0,1.03323,1.90837,7.9177,0.773131,10.0862,0.42336,0,0.42336,460.49,0,1.02816,0,0,2.06139,1.03323,1.028160,1,0,62.3665,0,0,0,62.3665,0
72.29,2.13957,0,0,5.33055,0.338182,2.85279,3.6288,61.308,0.66528,0,0,2.15562,0.1473,1.34304,0.66528,12.849,1,0.380293,2.85279,0,91.2825,3.19882,90.5562,0.84672,12.849,0.84672,3695.15,0,0,0,1.97457,1.97655,10.3991,0.888437,13.4618,0.42336,0,0.42336,460.49,0,1.02816,0,0,3.00273,1.97457,1.028160,1,0,105.361,0,0,0,105.361,0
72.29,2.14014,0,0,3.72027,0.338182,1.24195,3.6288,61.308,0.66528,0,0,1.51767,0.1473,0.705088,0.66528,12.849,1,0.380393,1.24195,0,61.5759,3.19882,59.2386,0.84672,12.849,0.84672,3695.15,0,0,0,0.740301,1.97697,7.92677,0.888437,9.75561,0.42336,0,0.42336,460.49,0,1.02816,0,0,1.76846,0.740301,1.028160,1,0,69.6993,0,0,0,69.6993,0
72.29,2.1407,0,0,4.61499,0.338182,2.1361,3.6288,61.308,0.66528,0,0,3.09946,0.1473,2.28688,0.66528,12.849,1,0.380493,2.1361,0,103.917,3.19882,102.473,0.84672,12.849,0.84672,3695.15,0,0,0,3.08741,1.9774,14.4137,0.888437,18.59,0.42336,0,0.42336,460.49,0,1.02816,0,0,4.11557,3.08741,1.028160,1,0,123.35,0,0,0,123.35,0
72.29,2.10821,0,0,3.62445,0.3082,1.20803,3.6288,61.308,0.66528,0,0,2.07381,0.167393,1.24113,0.66528,12.849,1,0.374719,1.20803,0,68.1004,3.61679,65.3169,0.84672,12.849,0.84672,3695.15,0,0,0,1.83717,1.97782,8.9481,0.966874,11.7962,0.42336,0,0.42336,460.49,0,1.02816,0,0,2.86533,1.83717,1.028160,1,0,78.3543,0,0,0,78.3543,0
72.29,2.10877,0,0,2.95522,0.285713,0.560734,3.6288,61.308,0.66528,0,0,1.7533,0.182462,0.905556,0.66528,12.849,1,0.374818,0.560734,0,58.9176,3.93026,55.1733,0.84672,12.849,0.84672,3695.15,0,0,0,1.63185,1.95185,9.50676,1.0257,12.0648,0.42336,0,0.42336,460.49,0,1.02816,0,0,2.66001,1.63185,1.028160,1,0,68.1436,0,0,0,68.1436,0
72.29,2.10933,0,0,4.56751,0.285713,2.17247,3.6288,61.308,0.66528,0,0,2.14153,0.182462,1.29379,0.66528,12.849,1,0.374917,2.17247,0,74.0819,3.93026,71.9492,0.84672,12.849,0.84672,3695.15,0,0,0,2.04941,1.95226,8.57589,1.0257,11.5519,0.42336,0,0.42336,460.49,0,1.02816,0,0,3.07757,2.04941,1.028160,1,0,84.7948,0,0,0,84.7948,0
72.29,2.10988,0,0,3.05772,0.240046,0.707794,3.6288,61.308,0.66528,0,0,1.88319,0.193173,1.02474,0.66528,12.849,1,0.375015,0.707794,0,63.5539,4.25534,59.6313,0.84672,12.849,0.84672,3695.15,0,0,0,1.69963,1.95268,7.62921,0.965523,10.316,0.42336,0,0.42336,460.49,0,1.02816,0,0,2.72779,1.69963,1.028160,1,0,70.972,0,0,0,70.972,0
72.1094,2.22273,0,0,2.63936,0.234377,0.36288,3.6288,61.308,0.66528,0,0,1.5842,0.196231,0.722693,0.66528,12.849,1,0.395074,0.36288,0,52.3428,4.33653,47.9741,0.84672,12.849,0.84672,3695.15,0,0,0,1.32544,1.9531,6.82016,0.955093,9.1436,0.42336,0,0.42336,460.49,0,1.02816,0,0,2.3536,1.32544,1.028160,1,0,57.8404,0,0,0,57.8404,0
72.1584,2.22247,0,0,2.87984,0.245459,0.36288,3.6288,61.308,0.66528,0,0,1.659,0.200379,0.793342,0.66528,12.849,1,0.396017,0.36288,0,55.4815,4.3956,51.0528,0.84672,12.849,0.84672,3695.15,0,0,0,1.45423,2.0461,7.29009,0.957286,9.83314,0.42336,0,0.42336,460.49,0,1.02816,0,0,2.48239,1.45423,1.028160,1,0,61.6792,0,0,0,61.6792,0
71.9435,2.22328,0,0,2.57741,0.206133,0.36288,3.6288,61.308,0.66528,0,0,1.31463,0.188356,0.460992,0.66528,12.849,1,0.395893,0.36288,0,49.2625,4.04838,45.1811,0.84672,12.849,0.84672,3695.15,0,0,0,1.42837,2.04654,6.69142,0.934689,9.23165,0.42336,0,0.42336,460.49,0,1.02816,0,0,2.45653,1.42837,1.028160,1,0,54.8738,0,0,0,54.8738,0
71.5897,2.22286,0,0,2.42253,0.190614,0.36288,3.6288,61.308,0.66528,0,0,1.36908,0.191926,0.511871,0.66528,12.849,1,0.397,0.36288,0,45.376,4.15674,41.1851,0.84672,12.849,0.84672,3695.15,0,0,0,1.4345,2.04698,6.80072,0.914629,9.36757,0.42336,0,0.42336,460.49,0,1.02816,0,0,2.46266,1.4345,1.028160,1,0,51.0646,0,0,0,51.0646,0
71.1428,2.22178,0,0,2.32791,0.190101,0.36288,3.6288,61.308,0.66528,0,0,1.39469,0.191926,0.537488,0.66528,12.849,1,0.398768,0.36288,0,42.7769,4.15674,38.5843,0.84672,12.849,0.84672,3695.15,0,0,0,1.31192,2.04742,6.78128,0.914629,9.22599,0.42336,0,0.42336,460.49,0,1.02816,0,0,2.34008,1.31192,1.028160,1,0,48.3478,0,0,0,48.3478,0
70.9473,2.19806,0,0,2.51235,0.146984,0.36288,3.6288,61.308,0.66528,0,0,2.15719,0.203849,1.28806,0.66528,12.849,1,0.396989,0.36288,0,41.9734,4.74588,37.1934,0.84672,12.849,0.84672,3695.15,0,0,0,2.03765,2.04786,7.82516,1.05718,10.8535,0.42336,0,0.42336,460.49,0,1.02816,0,0,3.06581,2.03765,1.028160,1,0,49.3349,0,0,0,49.3349,0
70.5781,2.19771,0,0,2.33118,0.139696,0.36288,3.6288,61.308,0.66528,0,0,2.24163,0.205836,1.37051,0.66528,12.849,1,0.39802,0.36288,0,41.171,4.84407,36.2918,0.84672,12.849,0.84672,3695.15,0,0,0,2.15266,2.0807,7.73418,1.08094,10.8866,0.42336,0,0.42336,460.49,0,1.02816,0,0,3.18082,2.15266,1.028160,1,0,48.5489,0,0,0,48.5489,0
69.9953,2.19653,0,0,2.11589,0.139301,0.36288,3.6288,61.308,0.66528,0,0,2.10301,0.205836,1.23189,0.66528,12.849,1,0.399885,0.36288,0,36.6868,4.84407,31.8057,0.84672,12.849,0.84672,3695.15,0,0,0,1.79395,2.08115,7.48181,1.08094,10.276,0.42336,0,0.42336,460.49,0,1.02816,0,0,2.82211,1.79395,1.028160,1,0,43.3136,0,0,0,43.3136,0
69.3397,2.19429,0,0,2.00743,0.105935,0.36288,3.6288,61.308,0.66528,0,0,1.97268,0.282619,1.02478,0.66528,12.849,1,0.402804,0.36288,0,32.9994,5.83212,27.1273,0.84672,12.849,0.84672,3695.15,0,0,0,1.80497,2.0816,7.09068,1.44159,9.53565,0.42336,0,0.42336,460.49,0,1.02816,0,0,2.83313,1.80497,1.028160,1,0,37.6877,0,0,0,37.6877,0
68.452,2.24875,0,0,1.84256,0.118587,0.36288,3.6288,61.308,0.66528,0,0,1.7157,0.282837,0.767579,0.66528,12.849,1,0.416706,0.36288,0,31.54,5.80201,25.6841,0.84672,12.849,0.84672,3695.15,0,0,0,1.55014,2.08204,6.59826,1.41057,8.81987,0.42336,0,0.42336,460.49,0,1.02816,0,0,2.5783,1.55014,1.028160,1,0,35.2716,0,0,0,35.2716,0
67.7879,2.24479,0,0,2.04357,0.0999548,0.36288,3.6288,61.308,0.66528,0,0,1.79383,0.314225,0.814323,0.66528,12.849,1,0.421365,0.36288,0,36.9054,6.02763,30.8193,0.84672,12.849,0.84672,3695.15,0,0,0,1.50625,2.12846,6.50328,1.52664,8.61135,0.42336,0,0.42336,460.49,0,1.02816,0,0,2.53441,1.50625,1.028160,1,0,40.245,0,0,0,40.245,0
67.0771,2.24191,0,0,1.99336,0.0994361,0.36288,3.6288,61.308,0.66528,0,0,1.65276,0.314225,0.673258,0.66528,12.849,1,0.424947,0.36288,0,36.858,6.02763,30.7683,0.84672,12.849,0.84672,3695.15,0,0,0,1.73235,2.12892,6.96859,1.52664,9.30323,0.42336,0,0.42336,460.49,0,1.02816,0,0,2.76051,1.73235,1.028160,1,0,40.7448,0,0,0,40.7448,0
66.2419,2.23871,0,0,1.86533,0.0988808,0.36288,3.6288,61.308,0.66528,0,0,1.52985,0.314225,0.550345,0.66528,12.849,1,0.428838,0.36288,0,33.2733,6.02763,27.1797,0.84672,12.849,0.84672,3695.15,0,0,0,1.6139,2.12937,6.21951,1.52664,8.43615,0.42336,0,0.42336,460.49,0,1.02816,0,0,2.64206,1.6139,1.028160,1,0,36.1662,0,0,0,36.1662,0
65.0924,2.40093,0,0,1.71247,0.0982284,0.36288,3.6288,61.308,0.66528,0,0,1.51305,0.314225,0.53354,0.66528,12.849,1,0.465711,0.36288,0,30.4159,6.02763,24.2854,0.84672,12.849,0.84672,3695.15,0,0,0,1.39691,2.12983,6.08286,1.52664,8.08296,0.42336,0,0.42336,460.49,0,1.02816,0,0,2.42507,1.39691,1.028160,1,0,32.902,0,0,0,32.902,0
64.056,2.39469,0,0,1.82906,0.107878,0.36288,3.6288,61.308,0.66528,0,0,1.45027,0.317055,0.467932,0.66528,12.849,1,0.472702,0.36288,0,28.5303,5.88765,22.5328,0.84672,12.849,0.84672,3695.15,0,0,0,1.83986,2.28771,6.16029,1.48157,8.8063,0.42336,0,0.42336,460.49,0,1.02816,0,0,2.86802,1.83986,1.028160,1,0,31.8071,0,0,0,31.8071,0
63.2455,2.38894,0,0,2.04377,0.102387,0.36288,3.6288,61.308,0.66528,0,0,1.78216,0.319645,0.79723,0.66528,12.849,1,0.479197,0.36288,0,36.3044,5.96242,30.2257,0.84672,12.849,0.84672,3695.15,0,0,0,2.57347,2.28821,6.53896,1.49651,9.90413,0.42336,0,0.42336,460.49,0,1.02816,0,0,3.60163,2.57347,1.028160,1,0,40.927,0,0,0,40.927,0
62.0111,2.38445,0,0,1.61464,0.101715,0.36288,3.6288,61.308,0.66528,0,0,1.30091,0.319645,0.315982,0.66528,12.849,1,0.484426,0.36288,0,37.4649,5.96242,31.381,0.84672,12.849,0.84672,3695.15,0,0,0,1.55209,2.28871,5.18118,1.49651,7.52547,0.42336,0,0.42336,460.49,0,1.02816,0,0,2.58025,1.55209,1.028160,1,0,39.2224,0,0,0,39.2224,0
61.1703,2.37708,0,0,1.99978,0.100692,0.36288,3.6288,61.308,0.66528,0,0,2.16426,0.319645,1.17933,0.66528,12.849,1,0.492542,0.36288,0,33.2026,5.96242,27.1105,0.84672,12.849,0.84672,3695.15,0,0,0,3.57402,2.2892,7.78589,1.49651,12.1526,0.42336,0,0.42336,460.49,0,1.02816,0,0,4.60218,3.57402,1.028160,1,0,40.4424,0,0,0,40.4424,0
60.8211,2.2921,0,0,2.34278,0.0369655,0.36288,3.6288,61.308,0.66528,0,0,1.67231,0.359341,0.647686,0.66528,12.849,1,0.481462,0.36288,0,49.2327,6.39315,42.721,0.84672,12.849,0.84672,3695.15,0,0,0,3.08659,2.2897,7.13362,1.49402,11.0159,0.42336,0,0.42336,460.49,0,1.02816,0,0,4.11475,3.08659,1.028160,1,0,54.3845,0,0,0,54.3845,0
60.5406,2.29041,0,0,2.46852,0.0957182,0.36288,3.6288,61.308,0.66528,0,0,1.7939,0.310274,0.818343,0.66528,12.849,1,0.48387,0.36288,0,51.1605,4.97529,46.0642,0.84672,12.849,0.84672,3695.15,0,0,0,3.3615,2.19898,6.82214,1.08813,11.2945,0.42336,0,0.42336,460.49,0,1.02816,0,0,4.38966,3.3615,1.028160,1,0,58.177,0,0,0,58.177,0
60.5497,2.28916,0,0,2.80977,0.148674,0.36288,3.6288,61.308,0.66528,0,0,2.59408,0.291339,1.63746,0.66528,12.849,1,0.485846,0.36288,0,50.3947,4.45315,45.8186,0.84672,12.849,0.84672,3695.15,0,0,0,4.92674,2.19946,9.51981,0.991412,15.6546,0.42336,0,0.42336,460.49,0,1.02816,0,0,5.9549,4.92674,1.028160,1,0,63.1106,0,0,0,63.1106,0
60.423,2.28981,0,0,2.67467,0.148685,0.36288,3.6288,61.308,0.66528,0,0,2.52406,0.291339,1.56744,0.66528,12.849,1,0.485912,0.36288,0,64.15,4.45315,59.5738,0.84672,12.849,0.84672,3695.15,0,0,0,4.55599,2.19993,9.42494,0.991412,15.1895,0.42336,0,0.42336,460.49,0,1.02816,0,0,5.58415,4.55599,1.028160,1,0,76.3307,0,0,0,76.3307,0
61.4185,2.22398,0,0,3.74491,0.162531,0.36288,3.6288,61.308,0.66528,0,0,3.21194,0.268265,2.27839,0.66528,12.849,1,0.472932,0.36288,0,123.412,4.34704,118.955,0.84672,12.849,0.84672,3695.15,0,0,0,5.71694,2.20041,18.4758,0.998919,25.3942,0.42336,0,0.42336,460.49,0,1.02816,0,0,6.7451,5.71694,1.028160,1,0,146.628,0,0,0,146.628,0
64.3941,2.2309,0,0,5.76857,0.199176,0.36288,3.6288,61.308,0.66528,0,0,4.05352,0.210581,3.17766,0.66528,12.849,1,0.466715,0.36288,0,205.378,4.08177,201.192,0.84672,12.849,0.84672,3695.15,0,0,0,6.16516,2.1194,17.8543,1.01769,25.1212,0.42336,0,0.42336,460.49,0,1.02816,0,0,7.19332,6.16516,1.028160,1,0,229.491,0,0,0,229.491,0
66.096,2.24947,0,0,4.51832,0.204078,0.36288,3.6288,61.308,0.66528,0,0,3.57914,0.210581,2.70328,0.66528,12.849,1,0.448853,0.36288,0,150.241,4.08177,146.073,0.84672,12.849,0.84672,3695.15,0,0,0,4.79093,2.11986,11.8847,1.01769,17.7778,0.42336,0,0.42336,460.49,0,1.02816,0,0,5.81909,4.79093,1.028160,1,0,166.554,0,0,0,166.554,0
67.8966,2.25974,0,0,4.64339,0.220158,0.36288,3.6288,61.308,0.66528,0,0,3.59484,0.21493,2.71463,0.66528,12.849,1,0.439291,0.36288,0,138.21,3.93042,134.203,0.84672,12.849,0.84672,3695.15,0,0,0,4.5034,2.12032,11.2264,0.990306,16.8598,0.42336,0,0.42336,460.49,0,1.02816,0,0,5.53156,4.5034,1.028160,1,0,153.777,0,0,0,153.777,0
71.8344,2.08001,0,0,6.63771,0.256983,0.36288,3.6288,61.308,0.66528,0,0,6.5221,0.225803,5.63102,0.66528,12.849,1,0.393628,0.36288,0,185.914,3.55204,182.331,0.84672,12.849,0.84672,3695.15,0,0,0,9.20011,2.12077,22.9638,0.921857,33.3629,0.42336,0,0.42336,460.49,0,1.02816,0,0,10.2283,9.20011,1.028160,1,0,221.325,0,0,0,221.325,0
72.29,2.09886,0,0,12.9329,0.278271,10.1002,3.6288,61.308,0.66528,0,0,10.3662,0.200185,9.50078,0.66528,12.849,1,0.375423,10.1002,0,207.643,4.14214,213.226,0.84672,12.849,0.84672,3695.15,0,0,0,10.6497,1.94007,41.7156,1.02831,53.2771,0.42336,0,0.42336,460.49,0,1.02816,0,0,11.6778,10.6497,1.028160,1,0,276.004,0,0,0,276.004,0
72.29,2.10143,0,0,9.38235,0.279237,7.00169,3.6288,61.308,0.66528,0,0,6.54254,0.200185,5.67707,0.66528,12.849,1,0.373513,7.00169,0,171.648,4.14214,174.134,0.84672,12.849,0.84672,3695.15,0,0,0,6.7678,1.94049,26.1112,1.02831,33.7912,0.42336,0,0.42336,460.49,0,1.02816,0,0,7.79596,6.7678,1.028160,1,0,213.603,0,0,0,213.603,0
72.29,2.10198,0,0,10.9753,0.279237,8.59409,3.6288,61.308,0.66528,0,0,7.28542,0.200185,6.41996,0.66528,12.849,1,0.373611,8.59409,0,221.439,4.14214,225.517,0.84672,12.849,0.84672,3695.15,0,0,0,7.84322,1.9409,26.8364,1.02831,35.5923,0.42336,0,0.42336,460.49,0,1.02816,0,0,8.87138,7.84322,1.028160,1,0,267.529,0,0,0,267.529,0
72.29,2.10253,0,0,9.77149,0.279237,7.38972,3.6288,61.308,0.66528,0,0,6.54947,0.200185,5.684,0.66528,12.849,1,0.373709,7.38972,0,189.569,4.14214,192.443,0.84672,12.849,0.84672,3695.15,0,0,0,6.30746,1.94132,20.1796,1.02831,27.4,0.42336,0,0.42336,460.49,0,1.02816,0,0,7.33562,6.30746,1.028160,1,0,225.527,0,0,0,225.527,0
72.29,2.177,0,0,5.77763,0.272645,3.32798,3.6288,61.308,0.66528,0,0,3.08011,0.192242,2.22259,0.66528,12.849,1,0.386945,3.32798,0,155.563,3.51013,154.994,0.84672,12.849,0.84672,3695.15,0,0,0,3.90408,1.94173,11.4189,0.940779,16.3239,0.42336,0,0.42336,460.49,0,1.02816,0,0,4.93224,3.90408,1.028160,1,0,173.541,0,0,0,173.541,0
72.29,2.17755,0,0,3.86063,0.278507,1.40457,3.6288,61.308,0.66528,0,0,0.997246,0.178253,0.153713,0.66528,12.849,1,0.387043,1.40457,0,130.792,3.24198,128.568,0.84672,12.849,0.84672,3695.15,0,0,0,2.75498,1.99868,7.21812,0.802009,11.1698,0.42336,0,0.42336,460.49,0,1.02816,0,0,3.78314,2.75498,1.028160,1,0,139.891,0,0,0,139.891,0
72.29,2.1781,0,0,14.2673,0.283138,11.8061,3.6288,61.308,0.66528,0,0,4.39309,0.234496,3.49331,0.66528,12.849,1,0.38714,11.8061,0,257.345,4.08502,264.679,0.84672,12.849,0.84672,3695.15,0,0,0,9.79788,1.99909,26.2997,1.13452,36.9622,0.42336,0,0.42336,460.49,0,1.02816,0,0,10.826,9.79788,1.028160,1,0,305.134,0,0,0,305.134,0
72.29,2.17864,0,0,17.1816,0.283138,14.7198,3.6288,61.308,0.66528,0,0,7.65106,0.234496,6.75128,0.66528,12.849,1,0.387238,14.7198,0,430.662,4.08502,440.909,0.84672,12.849,0.84672,3695.15,0,0,0,15.9772,1.9995,34.414,1.13452,51.2561,0.42336,0,0.42336,460.49,0,1.02816,0,0,17.0053,15.9772,1.028160,1,0,498.917,0,0,0,498.917,0
72.29,2.41679,0,0,9.93557,0.285611,7.23317,3.6288,61.308,0.66528,0,0,6.46701,0.228942,5.57279,0.66528,12.849,1,0.429566,7.23317,0,331.623,3.96514,334.462,0.84672,12.849,0.84672,3695.15,0,0,0,10.493,1.99991,24.695,1.11302,36.0749,0.42336,0,0.42336,460.49,0,1.02816,0,0,11.5212,10.493,1.028160,1,0,376.109,0,0,0,376.109,0
72.29,2.41739,0,0,5.10192,0.292453,2.39208,3.6288,61.308,0.66528,0,0,2.93733,0.22332,2.04873,0.66528,12.849,1,0.429673,2.39208,0,178.741,3.86327,176.84,0.84672,12.849,0.84672,3695.15,0,0,0,4.91249,2.20394,11.6632,1.03307,17.7466,0.42336,0,0.42336,460.49,0,1.02816,0,0,5.94065,4.91249,1.028160,1,0,196.635,0,0,0,196.635,0
72.29,2.41799,0,0,6.67825,0.288149,3.97211,3.6288,61.308,0.66528,0,0,3.75742,0.208545,2.88359,0.66528,12.849,1,0.42978,3.97211,0,154.316,3.7764,154.082,0.84672,12.849,0.84672,3695.15,0,0,0,5.9548,2.20439,12.2565,0.982233,19.4335,0.42336,0,0.42336,460.49,0,1.02816,0,0,6.98296,5.9548,1.028160,1,0,176.399,0,0,0,176.399,0
72.29,2.41859,0,0,9.90193,0.287708,7.19563,3.6288,61.308,0.66528,0,0,4.556,0.198204,3.69252,0.66528,12.849,1,0.429887,7.19563,0,260.569,3.64287,263.692,0.84672,12.849,0.84672,3695.15,0,0,0,8.02666,2.20485,20.2416,0.954053,29.5191,0.42336,0,0.42336,460.49,0,1.02816,0,0,9.05482,8.02666,1.028160,1,0,296.904,0,0,0,296.904,0
72.29,2.08,0,0,4.76386,0.292768,2.39109,3.6288,61.308,0.66528,0,0,2.63854,0.201019,1.77224,0.66528,12.849,1,0.369704,2.39109,0,171.342,3.68051,169.683,0.84672,12.849,0.84672,3695.15,0,0,0,4.82325,2.20531,9.93669,0.962286,16.003,0.42336,0,0.42336,460.49,0,1.02816,0,0,5.85141,4.82325,1.028160,1,0,187.459,0,0,0,187.459,0
72.29,2.08053,0,0,8.59775,0.32313,6.19409,3.6288,61.308,0.66528,0,0,4.51189,0.217914,3.6287,0.66528,12.849,1,0.369798,6.19409,0,183.716,3.90631,185.634,0.84672,12.849,0.84672,3695.15,0,0,0,7.87484,1.92784,16.8965,1.01168,25.6875,0.42336,0,0.42336,460.49,0,1.02816,0,0,8.903,7.87484,1.028160,1,0,214.95,0,0,0,214.95,0
72.29,2.08105,0,0,8.1254,0.32313,5.72122,3.6288,61.308,0.66528,0,0,3.956,0.217914,3.0728,0.66528,12.849,1,0.369891,5.72122,0,190.731,3.90631,192.176,0.84672,12.849,0.84672,3695.15,0,0,0,6.56726,1.92823,16.4119,1.01168,23.8958,0.42336,0,0.42336,460.49,0,1.02816,0,0,7.59542,6.56726,1.028160,1,0,219.145,0,0,0,219.145,0
72.29,2.08158,0,0,8.36931,0.289145,5.99859,3.6288,61.308,0.66528,0,0,3.58335,0.199865,2.71821,0.66528,12.849,1,0.369985,5.99859,0,209.147,3.64473,211.131,0.84672,12.849,0.84672,3695.15,0,0,0,6.87061,1.92863,17.0646,0.974105,24.8897,0.42336,0,0.42336,460.49,0,1.02816,0,0,7.89877,6.87061,1.028160,1,0,238.739,0,0,0,238.739,0
72.29,2.0821,0,0,7.3974,0.287227,5.02806,3.6288,61.308,0.66528,0,0,3.18573,0.183267,2.33718,0.66528,12.849,1,0.370078,5.02806,0,182.736,3.66669,183.727,0.84672,12.849,0.84672,3695.15,0,0,0,6.10511,1.92902,15.0519,0.973856,22.1122,0.42336,0,0.42336,460.49,0,1.02816,0,0,7.13327,6.10511,1.028160,1,0,208.177,0,0,0,208.177,0
72.29,2.16811,0,0,9.32256,0.329238,6.82522,3.6288,61.308,0.66528,0,0,5.47597,0.184046,4.62665,0.66528,12.849,1,0.385364,6.82522,0,211.414,3.74438,214.109,0.84672,12.849,0.84672,3695.15,0,0,0,7.8342,1.92941,19.7161,0.914392,28.5654,0.42336,0,0.42336,460.49,0,1.02816,0,0,8.86236,7.8342,1.028160,1,0,247.301,0,0,0,247.301,0
72.29,2.16865,0,0,8.07831,0.324738,5.58492,3.6288,61.308,0.66528,0,0,4.65496,0.180256,3.80943,0.66528,12.849,1,0.385461,5.58492,0,207.319,3.74756,208.77,0.84672,12.849,0.84672,3695.15,0,0,0,7.54816,1.99841,18.5017,0.891833,27.1564,0.42336,0,0.42336,460.49,0,1.02816,0,0,8.57632,7.54816,1.028160,1,0,239.736,0,0,0,239.736,0
72.29,2.1692,0,0,6.94604,0.324738,4.45211,3.6288,61.308,0.66528,0,0,4.71946,0.180256,3.87393,0.66528,12.849,1,0.385558,4.45211,0,174.448,3.74756,174.767,0.84672,12.849,0.84672,3695.15,0,0,0,6.89031,1.99882,17.2606,0.891833,25.2579,0.42336,0,0.42336,460.49,0,1.02816,0,0,7.91847,6.89031,1.028160,1,0,203.899,0,0,0,203.899,0
72.29,2.16974,0,0,6.34323,0.327728,3.84576,3.6288,61.308,0.66528,0,0,5.08366,0.182934,4.23545,0.66528,12.849,1,0.385655,3.84576,0,170.032,3.64258,169.849,0.84672,12.849,0.84672,3695.15,0,0,0,6.71216,1.99922,21.6128,0.878,29.4462,0.42336,0,0.42336,460.49,0,1.02816,0,0,7.74032,6.71216,1.028160,1,0,203.531,0,0,0,203.531,0
72.29,2.13684,0,0,6.60607,0.254716,4.21451,3.6288,61.308,0.66528,0,0,3.72139,0.228293,2.82781,0.66528,12.849,1,0.379807,4.21451,0,139.997,4.22379,139.608,0.84672,12.849,0.84672,3695.15,0,0,0,6.0725,1.99963,16.9111,0.981553,24.0017,0.42336,0,0.42336,460.49,0,1.02816,0,0,7.10066,6.0725,1.028160,1,0,166.438,0,0,0,166.438,0
72.29,2.13737,0,0,5.79537,0.25566,3.40233,3.6288,61.308,0.66528,0,0,2.48902,0.231127,1.59261,0.66528,12.849,1,0.379902,3.40233,0,125.125,4.69203,123.456,0.84672,12.849,0.84672,3695.15,0,0,0,3.80046,1.97333,13.4091,1.07357,18.1093,0.42336,0,0.42336,460.49,0,1.02816,0,0,4.82862,3.80046,1.028160,1,0,143.158,0,0,0,143.158,0
72.29,2.13791,0,0,5.23743,0.25566,2.84386,3.6288,61.308,0.66528,0,0,2.26971,0.231127,1.3733,0.66528,12.849,1,0.379998,2.84386,0,124.762,4.69203,122.533,0.84672,12.849,0.84672,3695.15,0,0,0,2.98369,1.97373,10.7876,1.07357,14.6715,0.42336,0,0.42336,460.49,0,1.02816,0,0,4.01185,2.98369,1.028160,1,0,138.578,0,0,0,138.578,0
72.29,2.13845,0,0,4.91799,0.25566,2.52388,3.6288,61.308,0.66528,0,0,2.08869,0.231127,1.19229,0.66528,12.849,1,0.380093,2.52388,0,111.69,4.69203,109.142,0.84672,12.849,0.84672,3695.15,0,0,0,2.32508,1.97414,9.95838,1.07357,13.184,0.42336,0,0.42336,460.49,0,1.02816,0,0,3.35324,2.32508,1.028160,1,0,123.518,0,0,0,123.518,0
72.29,2.25264,0,0,4.49531,0.23568,2.00699,3.6288,61.308,0.66528,0,0,1.93913,0.24394,1.02991,0.66528,12.849,1,0.400389,2.00699,0,101.968,4.97202,98.603,0.84672,12.849,0.84672,3695.15,0,0,0,2.2162,1.97454,8.50556,1.11283,11.5835,0.42336,0,0.42336,460.49,0,1.02816,0,0,3.24436,2.2162,1.028160,1,0,111.216,0,0,0,111.216,0
72.29,2.2532,0,0,5.06709,0.161213,2.65268,3.6288,61.308,0.66528,0,0,2.06287,0.252995,1.14459,0.66528,12.849,1,0.400489,2.65268,0,115.28,4.48077,113.051,0.84672,12.849,0.84672,3695.15,0,0,0,3.01797,2.06865,10.2008,1.00875,14.2787,0.42336,0,0.42336,460.49,0,1.02816,0,0,4.04613,3.01797,1.028160,1,0,128.475,0,0,0,128.475,0
72.29,2.25376,0,0,4.67103,0.161213,2.25606,3.6288,61.308,0.66528,0,0,2.29224,0.252995,1.37396,0.66528,12.849,1,0.40059,2.25606,0,84.5934,4.48077,81.9681,0.84672,12.849,0.84672,3695.15,0,0,0,2.90975,2.06907,9.55143,1.00875,13.5215,0.42336,0,0.42336,460.49,0,1.02816,0,0,3.93791,2.90975,1.028160,1,0,96.8635,0,0,0,96.8635,0
72.29,2.25433,0,0,4.36351,0.161213,1.94797,3.6288,61.308,0.66528,0,0,1.85988,0.252995,0.941606,0.66528,12.849,1,0.40069,1.94797,0,85.8712,4.48077,82.9377,0.84672,12.849,0.84672,3695.15,0,0,0,1.85755,2.0695,8.42184,1.00875,11.3401,0.42336,0,0.42336,460.49,0,1.02816,0,0,2.88571,1.85755,1.028160,1,0,95.2195,0,0,0,95.2195,0
72.29,2.25489,0,0,3.88688,0.138598,1.49339,3.6288,61.308,0.66528,0,0,1.69667,0.25437,0.777021,0.66528,12.849,1,0.40079,1.49339,0,86.3508,4.69987,82.7435,0.84672,12.849,0.84672,3695.15,0,0,0,1.81632,2.06992,8.25077,1.09125,11.0458,0.42336,0,0.42336,460.49,0,1.02816,0,0,2.84448,1.81632,1.028160,1,0,94.5663,0,0,0,94.5663,0
72.29,2.23296,0,0,3.76572,0.100461,1.4323,3.6288,61.308,0.66528,0,0,1.325,0.275462,0.384262,0.66528,12.849,1,0.396891,1.4323,0,65.9676,5.35186,61.6512,0.84672,12.849,0.84672,3695.15,0,0,0,1.85162,2.07035,7.58324,1.29106,10.2141,0.42336,0,0.42336,460.49,0,1.02816,0,0,2.87978,1.85162,1.028160,1,0,72.2496,0,0,0,72.2496,0
72.29,2.23352,0,0,3.51333,0.0972675,1.18255,3.6288,61.308,0.66528,0,0,1.19565,0.283166,0.247209,0.66528,12.849,1,0.396991,1.18255,0,54.1372,5.4958,49.427,0.84672,12.849,0.84672,3695.15,0,0,0,1.85802,2.10357,7.34633,1.32699,9.98093,0.42336,0,0.42336,460.49,0,1.02816,0,0,2.88618,1.85802,1.028160,1,0,59.6551,0,0,0,59.6551,0
72.29,2.23408,0,0,3.33884,0.0972675,1.0075,3.6288,61.308,0.66528,0,0,1.10399,0.283166,0.155548,0.66528,12.849,1,0.39709,1.0075,0,49.4758,5.4958,44.5904,0.84672,12.849,0.84672,3695.15,0,0,0,1.51184,2.104,7.15565,1.32699,9.4445,0.42336,0,0.42336,460.49,0,1.02816,0,0,2.54,1.51184,1.028160,1,0,54.1905,0,0,0,54.1905,0
72.29,2.23464,0,0,3.23286,0.0972675,0.90096,3.6288,61.308,0.66528,0,0,1.06109,0.283166,0.112641,0.66528,12.849,1,0.39719,0.90096,0,44.1801,5.4958,39.1881,0.84672,12.849,0.84672,3695.15,0,0,0,1.38189,2.10443,7.12688,1.32699,9.28621,0.42336,0,0.42336,460.49,0,1.02816,0,0,2.41005,1.38189,1.028160,1,0,48.5869,0,0,0,48.5869,0
72.29,2.29335,0,0,3.06736,0.0630924,0.71091,3.6288,61.308,0.66528,0,0,1.07575,0.315909,0.09456,0.66528,12.849,1,0.407626,0.71091,0,38.6608,5.7918,33.1723,0.84672,12.849,0.84672,3695.15,0,0,0,1.2052,2.10486,6.5748,1.47355,8.41131,0.42336,0,0.42336,460.49,0,1.02816,0,0,2.23336,1.2052,1.028160,1,0,41.6782,0,0,0,41.6782,0
72.29,2.29393,0,0,2.74777,0.0685161,0.385329,3.6288,61.3074,0.66528,0,0,0.984718,0.320026,0,0.66528,12.849,1,0.407728,0.385329,0,42.2652,5.8674,36.3754,0.84672,12.849,0.84672,3695.15,0,0,0,1.16723,2.15181,5.85064,1.4464,7.72328,0.42336,0,0.42336,460.49,0,1.02816,0,0,2.19539,1.16723,1.028160,1,0,44.0987,0,0,0,44.0987,0
72.0936,2.2945,0,0,2.52945,0.0685161,0.36288,3.6288,61.1569,0.66528,0,0,0.834788,0.320024,0,0.66528,12.849,1,0.40783,0.36288,0,34.7162,5.8674,28.8039,0.84672,12.849,0.84672,3695.15,0,0,0,1.30036,2.15226,5.65698,1.4464,7.6632,0.42336,0,0.42336,460.49,0,1.02816,0,0,2.32852,1.30036,1.028160,1,0,36.4671,0,0,0,36.4671,0
71.6842,2.29413,0,0,2.31611,0.068414,0.36288,3.6288,60.9451,0.66528,0,0,0.773211,0.31972,0,0.66528,12.849,1,0.408875,0.36288,0,32.9976,5.8674,27.0842,0.84672,12.849,0.84672,3695.15,0,0,0,0.962315,2.1527,4.97242,1.4464,6.64104,0.42336,0,0.42336,460.49,0,1.02816,0,0,1.99047,0.962315,1.028160,1,0,33.7253,0,0,0,33.7253,0
71.2471,2.46297,0,0,2.44713,0.0584445,0.36288,3.6288,60.843,0.66528,0,0,0.88763,0.32446,0,0.66528,12.849,1,0.441473,0.36288,0,32.3628,6.01695,26.2673,0.84672,12.849,0.84672,3695.15,0,0,0,1.36042,2.15314,6.57787,1.47628,8.61516,0.42336,0,0.42336,460.49,0,1.02816,0,0,2.38858,1.36042,1.028160,1,0,34.8825,0,0,0,34.8825,0
71.011,2.46128,0,0,2.63807,0.049983,0.36288,3.6288,60.6546,0.66528,0,0,0.76686,0.290021,0,0.66528,12.849,1,0.443878,0.36288,0,31.051,5.62655,25.3435,0.84672,12.849,0.84672,3695.15,0,0,0,1.1667,2.31289,5.56767,1.49462,7.55264,0.42336,0,0.42336,460.49,0,1.02816,0,0,2.19486,1.1667,1.028160,1,0,32.8961,0,0,0,32.8961,0
70.9967,2.46064,0,0,2.8534,0.0442023,0.36288,3.6288,60.6271,0.66528,0,0,0.930813,0.292946,0,0.66528,12.849,1,0.445238,0.36288,0,39.372,5.63472,33.655,0.84672,12.849,0.84672,3695.15,0,0,0,1.71295,2.31337,5.96475,1.50729,8.48377,0.42336,0,0.42336,460.49,0,1.02816,0,0,2.74111,1.71295,1.028160,1,0,42.1387,0,0,0,42.1387,0
70.4759,2.46118,0,0,2.3475,0.0441975,0.36288,3.6288,60.3469,0.66528,0,0,0.677894,0.292895,0,0.66528,12.849,1,0.445425,0.36288,0,36.071,5.63472,30.3537,0.84672,12.849,0.84672,3695.15,0,0,0,0.845225,2.31385,4.88541,1.50729,6.53719,0.42336,0,0.42336,460.49,0,1.02816,0,0,1.87339,0.845225,1.028160,1,0,36.8909,0,0,0,36.8909,0
70.5354,2.459,0,0,2.92537,0.0440211,0.36288,3.6288,60.5635,0.66528,0,0,1.17432,0.292374,0,0.66528,12.849,1,0.44832,0.36288,0,35.1606,5.63472,29.4404,0.84672,12.849,0.84672,3695.15,0,0,0,2.67398,2.31433,7.61962,1.50729,11.1006,0.42336,0,0.42336,460.49,0,1.02816,0,0,3.70214,2.67398,1.028160,1,0,40.541,0,0,0,40.541,0
71.2052,2.37707,0,0,3.46766,0.0578974,0.36288,3.6288,61.308,0.66528,0,0,2.30099,0.250685,0.640555,0.66528,12.849,1,0.433017,0.36288,0,41.3354,5.03423,36.231,0.84672,12.849,0.84672,3695.15,0,0,0,6.04028,2.31481,16.353,1.15865,23.5495,0.42336,0,0.42336,460.49,0,1.02816,0,0,7.06844,6.04028,1.028160,1,0,60.4211,0,0,0,60.4211,0
72.29,2.38112,0,0,4.53167,0.0620363,1.00372,3.6288,61.308,0.66528,0,0,2.48146,0.256348,1.55983,0.66528,12.849,1,0.429673,1.00372,0,60.5413,5.55429,55.5611,0.84672,12.849,0.84672,3695.15,0,0,0,6.55188,2.223,19.0282,1.27493,26.5282,0.42336,0,0.42336,460.49,0,1.02816,0,0,7.58004,6.55188,1.028160,1,0,83.6491,0,0,0,83.6491,0
72.29,2.38718,0,0,8.43559,0.0625512,5.98585,3.6288,61.308,0.66528,0,0,3.96,0.256348,3.03837,0.66528,12.849,1,0.424304,5.98585,0,69.9227,5.55429,69.9299,0.84672,12.849,0.84672,3695.15,0,0,0,8.17344,2.22346,16.0098,1.27493,25.1318,0.42336,0,0.42336,460.49,0,1.02816,0,0,9.2016,8.17344,1.028160,1,0,98.1001,0,0,0,98.1001,0
72.29,2.38778,0,0,4.05149,0.0625512,1.60117,3.6288,61.308,0.66528,0,0,2.48885,0.256348,1.56722,0.66528,12.849,1,0.424409,1.60117,0,64.1284,5.55429,59.7509,0.84672,12.849,0.84672,3695.15,0,0,0,6.37494,2.22391,13.8162,1.27493,21.1401,0.42336,0,0.42336,460.49,0,1.02816,0,0,7.4031,6.37494,1.028160,1,0,82.4582,0,0,0,82.4582,0
72.29,2.32004,0,0,5.28288,0.105545,2.8573,3.6288,61.308,0.66528,0,0,2.72824,0.253574,1.80939,0.66528,12.849,1,0.41237,2.8573,0,64.533,5.21162,61.7663,0.84672,12.849,0.84672,3695.15,0,0,0,6.64147,2.22437,20.6495,1.21026,28.3051,0.42336,0,0.42336,460.49,0,1.02816,0,0,7.66963,6.64147,1.028160,1,0,91.8808,0,0,0,91.8808,0
71.6602,2.32062,0,0,2.2323,0.178551,0.36288,3.6288,61.308,0.66528,0,0,1.78447,0.255127,0.864064,0.66528,12.849,1,0.412472,0.36288,0,30.988,4.41882,26.5196,0.84672,12.849,0.84672,3695.15,0,0,0,2.00597,2.14239,9.78765,1.01236,12.9236,0.42336,0,0.42336,460.49,0,1.02816,0,0,3.03413,2.00597,1.028160,1,0,40.3073,0,0,0,40.3073,0
71.9938,2.31812,0,0,3.19226,0.177698,0.36288,3.6288,61.308,0.66528,0,0,1.67536,0.255127,0.754949,0.66528,12.849,1,0.41565,0.36288,0,38.4186,4.41882,33.947,0.84672,12.849,0.84672,3695.15,0,0,0,1.68534,2.14283,11.2062,1.01236,14.022,0.42336,0,0.42336,460.49,0,1.02816,0,0,2.7135,1.68534,1.028160,1,0,48.724,0,0,0,48.724,0
72.29,2.32034,0,0,8.36742,0.17815,5.57275,3.6288,61.308,0.66528,0,0,5.01097,0.255127,4.09056,0.66528,12.849,1,0.414119,5.57275,0,85.3737,4.41882,86.1135,0.84672,12.849,0.84672,3695.15,0,0,0,8.29426,2.14327,22.6663,1.01236,32.0914,0.42336,0,0.42336,460.49,0,1.02816,0,0,9.32242,8.29426,1.028160,1,0,122.295,0,0,0,122.295,0
72.29,2.12812,0,0,5.78737,0.192503,3.46675,3.6288,61.308,0.66528,0,0,3.40413,0.259753,2.47909,0.66528,12.849,1,0.378257,3.46675,0,64.2888,4.296,63.0813,0.84672,12.849,0.84672,3695.15,0,0,0,5.32091,2.14372,13.1903,0.969936,19.685,0.42336,0,0.42336,460.49,0,1.02816,0,0,6.34907,5.32091,1.028160,1,0,85.2454,0,0,0,85.2454,0
72.29,2.12865,0,0,5.38871,0.235966,3.02409,3.6288,61.308,0.66528,0,0,3.46003,0.213717,2.58103,0.66528,12.849,1,0.378352,3.02409,0,45.1026,3.89919,43.8492,0.84672,12.849,0.84672,3695.15,0,0,0,4.56958,1.96087,13.0891,0.934277,18.6853,0.42336,0,0.42336,460.49,0,1.02816,0,0,5.59774,4.56958,1.028160,1,0,65.1154,0,0,0,65.1154,0
72.29,2.12919,0,0,4.69985,0.27508,2.29558,3.6288,61.308,0.66528,0,0,3.26257,0.195665,2.40162,0.66528,12.849,1,0.378447,2.29558,0,66.9654,3.87398,65.0086,0.84672,12.849,0.84672,3695.15,0,0,0,4.50827,1.96127,12.6754,0.934328,18.2106,0.42336,0,0.42336,460.49,0,1.02816,0,0,5.53643,4.50827,1.028160,1,0,85.6208,0,0,0,85.6208,0
72.29,2.12972,0,0,4.33999,0.27508,1.93519,3.6288,61.308,0.66528,0,0,3.09815,0.195665,2.2372,0.66528,12.849,1,0.378542,1.93519,0,50.9671,3.87398,48.6498,0.84672,12.849,0.84672,3695.15,0,0,0,4.17112,1.96167,12.1567,0.934328,17.3551,0.42336,0,0.42336,460.49,0,1.02816,0,0,5.19928,4.17112,1.028160,1,0,68.2421,0,0,0,68.2421,0
72.29,2.13026,0,0,5.51246,0.274611,3.10759,3.6288,61.308,0.66528,0,0,2.99688,0.201052,2.13055,0.66528,12.849,1,0.378638,3.10759,0,57.382,4.03935,56.0716,0.84672,12.849,0.84672,3695.15,0,0,0,4.28503,1.96207,11.9942,0.985668,17.2557,0.42336,0,0.42336,460.49,0,1.02816,0,0,5.31319,4.28503,1.028160,1,0,75.4578,0,0,0,75.4578,0
72.29,2.20558,0,0,5.67862,0.279152,3.19389,3.6288,61.308,0.66528,0,0,3.71216,0.241786,2.80509,0.66528,12.849,1,0.392025,3.19389,0,89.1727,5.08812,86.8864,0.84672,12.849,0.84672,3695.15,0,0,0,5.73223,1.96247,14.3377,1.27491,20.7575,0.42336,0,0.42336,460.49,0,1.02816,0,0,6.76039,5.73223,1.028160,1,0,110.449,0,0,0,110.449,0
72.29,2.20611,0,0,4.73131,0.288964,2.23623,3.6288,61.308,0.66528,0,0,2.8668,0.253006,1.94851,0.66528,12.849,1,0.392119,2.23623,0,87.6286,5.16348,84.3092,0.84672,12.849,0.84672,3695.15,0,0,0,4.18325,2.02008,11.1454,1.24985,16.0989,0.42336,0,0.42336,460.49,0,1.02816,0,0,5.21141,4.18325,1.028160,1,0,102.357,0,0,0,102.357,0
72.29,2.20664,0,0,10.3706,0.288964,7.87499,3.6288,61.308,0.66528,0,0,3.29511,0.253006,2.37683,0.66528,12.849,1,0.392214,7.87499,0,102.114,5.16348,104.434,0.84672,12.849,0.84672,3695.15,0,0,0,4.23269,2.02047,16.3047,1.24985,21.308,0.42336,0,0.42336,460.49,0,1.02816,0,0,5.26085,4.23269,1.028160,1,0,128.119,0,0,0,128.119,0
72.29,2.20717,0,0,7.6498,0.260793,5.18183,3.6288,61.308,0.66528,0,0,3.64635,0.27567,2.7054,0.66528,12.849,1,0.392308,5.18183,0,129.895,5.42727,129.258,0.84672,12.849,0.84672,3695.15,0,0,0,5.48536,2.02087,17.1446,1.45939,23.1914,0.42336,0,0.42336,460.49,0,1.02816,0,0,6.51352,5.48536,1.028160,1,0,155.155,0,0,0,155.155,0
72.29,2.44808,0,0,5.64718,0.240695,2.95841,3.6288,61.308,0.66528,0,0,3.92129,0.263627,2.99238,0.66528,12.849,1,0.435128,2.95841,0,113.75,4.71544,111.558,0.84672,12.849,0.84672,3695.15,0,0,0,6.58973,2.02127,18.2549,1.31357,25.5523,0.42336,0,0.42336,460.49,0,1.02816,0,0,7.61789,6.58973,1.028160,1,0,140.102,0,0,0,140.102,0
72.29,2.44866,0,0,9.31781,0.288507,6.58064,3.6288,61.308,0.66528,0,0,3.57036,0.280927,2.62415,0.66528,12.849,1,0.435231,6.58064,0,192.063,4.50209,193.706,0.84672,12.849,0.84672,3695.15,0,0,0,4.82597,2.22766,19.6076,1.11308,25.5482,0.42336,0,0.42336,460.49,0,1.02816,0,0,5.85413,4.82597,1.028160,1,0,221.879,0,0,0,221.879,0
72.29,2.44924,0,0,9.83552,0.288507,7.09777,3.6288,61.308,0.66528,0,0,4.78918,0.280927,3.84297,0.66528,12.849,1,0.435335,7.09777,0,241.339,4.50209,243.499,0.84672,12.849,0.84672,3695.15,0,0,0,5.29324,2.2281,23.5644,1.11308,29.9727,0.42336,0,0.42336,460.49,0,1.02816,0,0,6.3214,5.29324,1.028160,1,0,277.315,0,0,0,277.315,0
72.29,2.44983,0,0,8.42227,0.288507,5.68394,3.6288,61.308,0.66528,0,0,4.87718,0.280927,3.93098,0.66528,12.849,1,0.435438,5.68394,0,220.494,4.50209,221.24,0.84672,12.849,0.84672,3695.15,0,0,0,5.87529,2.22854,21.9163,1.11308,28.9071,0.42336,0,0.42336,460.49,0,1.02816,0,0,6.90345,5.87529,1.028160,1,0,254.078,0,0,0,254.078,0
72.29,2.10726,0,0,9.44672,0.301452,7.03801,3.6288,61.308,0.66528,0,0,5.66282,0.282579,4.71496,0.66528,12.849,1,0.374549,7.03801,0,184.752,4.47568,186.939,0.84672,12.849,0.84672,3695.15,0,0,0,6.15552,2.22898,24.5735,1.10612,31.8519,0.42336,0,0.42336,460.49,0,1.02816,0,0,7.18368,6.15552,1.028160,1,0,223.506,0,0,0,223.506,0
72.29,2.10777,0,0,4.58051,0.299606,2.17314,3.6288,61.308,0.66528,0,0,2.2211,0.25681,1.29901,0.66528,12.849,1,0.37464,2.17314,0,96.0682,3.78687,94.0798,0.84672,12.849,0.84672,3695.15,0,0,0,2.42918,1.94826,11.2628,0.962744,14.6775,0.42336,0,0.42336,460.49,0,1.02816,0,0,3.45734,2.42918,1.028160,1,0,110.056,0,0,0,110.056,0
72.29,2.10828,0,0,8.19145,0.315985,5.76719,3.6288,61.308,0.66528,0,0,4.69386,0.248962,3.77962,0.66528,12.849,1,0.37473,5.76719,0,138.186,3.72162,139.856,0.84672,12.849,0.84672,3695.15,0,0,0,4.91592,1.94864,22.6855,0.922183,28.6279,0.42336,0,0.42336,460.49,0,1.02816,0,0,5.94408,4.91592,1.028160,1,0,172.264,0,0,0,172.264,0
72.29,2.10879,0,0,9.57632,0.315985,7.15155,3.6288,61.308,0.66528,0,0,5.71995,0.248962,4.80571,0.66528,12.849,1,0.374821,7.15155,0,265.319,3.72162,268.374,0.84672,12.849,0.84672,3695.15,0,0,0,7.71159,1.94902,25.8179,0.922183,34.5563,0.42336,0,0.42336,460.49,0,1.02816,0,0,8.73975,7.71159,1.028160,1,0,307.736,0,0,0,307.736,0
72.29,2.10929,0,0,8.40136,0.315985,5.97608,3.6288,61.308,0.66528,0,0,4.39075,0.248962,3.47651,0.66528,12.849,1,0.374911,5.97608,0,267.463,3.72162,269.343,0.84672,12.849,0.84672,3695.15,0,0,0,6.3175,1.94941,21.4109,0.922183,28.7556,0.42336,0,0.42336,460.49,0,1.02816,0,0,7.34566,6.3175,1.028160,1,0,301.575,0,0,0,301.575,0
72.29,2.19627,0,0,7.39351,0.329207,4.86803,3.6288,61.308,0.66528,0,0,6.9872,0.198585,6.12334,0.66528,12.849,1,0.390371,4.86803,0,176.875,3.35358,178,0.84672,12.849,0.84672,3695.15,0,0,0,7.08401,1.94979,20.8316,0.838374,29.027,0.42336,0,0.42336,460.49,0,1.02816,0,0,8.11217,7.08401,1.028160,1,0,213.15,0,0,0,213.15,0
72.29,2.1968,0,0,6.11388,0.339123,3.57796,3.6288,61.308,0.66528,0,0,4.34914,0.160803,3.52306,0.66528,12.849,1,0.390465,3.57796,0,135.014,3.07755,135.124,0.84672,12.849,0.84672,3695.15,0,0,0,5.68261,2.01956,17.2949,0.775518,24.2215,0.42336,0,0.42336,460.49,0,1.02816,0,0,6.71077,5.68261,1.028160,1,0,162.868,0,0,0,162.868,0
72.29,2.19733,0,0,5.5192,0.330195,2.99167,3.6288,61.308,0.66528,0,0,4.76486,0.16556,3.93402,0.66528,12.849,1,0.390559,2.99167,0,147.112,3.13572,146.578,0.84672,12.849,0.84672,3695.15,0,0,0,5.88747,2.01996,18.097,0.786968,25.2175,0.42336,0,0.42336,460.49,0,1.02816,0,0,6.91563,5.88747,1.028160,1,0,175.729,0,0,0,175.729,0
72.29,2.19786,0,0,5.33288,0.276627,2.8584,3.6288,61.308,0.66528,0,0,5.0568,0.194106,4.19742,0.66528,12.849,1,0.390653,2.8584,0,119.866,3.48474,118.849,0.84672,12.849,0.84672,3695.15,0,0,0,6.18718,2.02036,18.42,0.85567,25.7718,0.42336,0,0.42336,460.49,0,1.02816,0,0,7.21534,6.18718,1.028160,1,0,148.818,0,0,0,148.818,0
72.29,2.16455,0,0,4.10082,0.287962,1.64831,3.6288,61.308,0.66528,0,0,2.94681,0.191982,2.08955,0.66528,12.849,1,0.384732,1.64831,0,80.8669,3.67083,78.4597,0.84672,12.849,0.84672,3695.15,0,0,0,3.90925,2.02075,11.9868,0.86934,17.0474,0.42336,0,0.42336,460.49,0,1.02816,0,0,4.93741,3.90925,1.028160,1,0,97.5967,0,0,0,97.5967,0
72.29,2.16507,0,0,3.20697,0.296197,0.745703,3.6288,61.308,0.66528,0,0,1.70904,0.142439,0.901316,0.66528,12.849,1,0.384825,0.745703,0,73.745,3.25923,70.8466,0.84672,12.849,0.84672,3695.15,0,0,0,2.23055,1.99413,9.21853,0.780649,12.6626,0.42336,0,0.42336,460.49,0,1.02816,0,0,3.25871,2.23055,1.028160,1,0,84.4105,0,0,0,84.4105,0
72.29,2.16559,0,0,3.2871,0.251585,0.869922,3.6288,61.308,0.66528,0,0,1.66686,0.164215,0.837368,0.66528,12.849,1,0.384917,0.869922,0,72.6036,3.41814,69.6705,0.84672,12.849,0.84672,3695.15,0,0,0,2.40789,1.99452,7.82585,0.874076,11.3542,0.42336,0,0.42336,460.49,0,1.02816,0,0,3.43605,2.40789,1.028160,1,0,81.8621,0,0,0,81.8621,0
72.29,2.16611,0,0,2.8154,0.224157,0.425136,3.6288,61.308,0.66528,0,0,1.66321,0.193817,0.804112,0.66528,12.849,1,0.38501,0.425136,0,60.7731,3.80037,57.0128,0.84672,12.849,0.84672,3695.15,0,0,0,2.16772,1.99491,7.10113,0.981006,10.2827,0.42336,0,0.42336,460.49,0,1.02816,0,0,3.19588,2.16772,1.028160,1,0,68.0997,0,0,0,68.0997,0
72.1207,2.28159,0,0,2.69931,0.224157,0.36288,3.6288,61.308,0.66528,0,0,1.61211,0.193817,0.753015,0.66528,12.849,1,0.405536,0.36288,0,65.1277,3.80037,61.2847,0.84672,12.849,0.84672,3695.15,0,0,0,2.28261,1.9953,7.03823,0.981006,10.3351,0.42336,0,0.42336,460.49,0,1.02816,0,0,3.31077,2.28261,1.028160,1,0,72.3728,0,0,0,72.3728,0
72.0331,2.28133,0,0,2.76179,0.205135,0.36288,3.6288,61.308,0.66528,0,0,1.35994,0.194301,0.500355,0.66528,12.849,1,0.406441,0.36288,0,57.8534,4.43586,53.374,0.84672,12.849,0.84672,3695.15,0,0,0,1.7883,2.09047,7.06596,1.06368,9.88106,0.42336,0,0.42336,460.49,0,1.02816,0,0,2.81646,1.7883,1.028160,1,0,63.7554,0,0,0,63.7554,0
71.7694,2.28146,0,0,2.55588,0.175291,0.36288,3.6288,61.308,0.66528,0,0,1.32881,0.20063,0.462896,0.66528,12.849,1,0.406958,0.36288,0,51.6887,4.7314,46.9132,0.84672,12.849,0.84672,3695.15,0,0,0,1.73781,2.09089,6.84478,1.04236,9.63113,0.42336,0,0.42336,460.49,0,1.02816,0,0,2.76597,1.73781,1.028160,1,0,57.0073,0,0,0,57.0073,0
71.456,2.28073,0,0,2.50519,0.17494,0.36288,3.6288,61.308,0.66528,0,0,1.43719,0.20063,0.571285,0.66528,12.849,1,0.408324,0.36288,0,49.5159,4.7314,44.7391,0.84672,12.849,0.84672,3695.15,0,0,0,1.68559,2.0913,7.37545,1.04236,10.11,0.42336,0,0.42336,460.49,0,1.02816,0,0,2.71375,1.68559,1.028160,1,0,55.4203,0,0,0,55.4203,0
70.9771,2.27976,0,0,2.3382,0.174522,0.36288,3.6288,61.308,0.66528,0,0,1.3134,0.20063,0.447491,0.66528,12.849,1,0.409939,0.36288,0,46.2883,4.7314,41.5098,0.84672,12.849,0.84672,3695.15,0,0,0,1.49084,2.09171,6.53106,1.04236,9.07126,0.42336,0,0.42336,460.49,0,1.02816,0,0,2.519,1.49084,1.028160,1,0,51.0286,0,0,0,51.0286,0
71.0158,2.25527,0,0,2.79987,0.142979,0.36288,3.6288,61.308,0.66528,0,0,1.18154,0.216391,0.299866,0.66528,12.849,1,0.408272,0.36288,0,54.7862,4.83153,49.9093,0.84672,12.849,0.84672,3695.15,0,0,0,1.1133,2.09212,6.02911,1.1358,8.09873,0.42336,0,0.42336,460.49,0,1.02816,0,0,2.14146,1.1133,1.028160,1,0,58.3079,0,0,0,58.3079,0
71.319,2.256,0,0,3.02276,0.100648,0.36288,3.6288,61.308,0.66528,0,0,1.11459,0.235476,0.213839,0.66528,12.849,1,0.408181,0.36288,0,57.933,4.96272,52.925,0.84672,12.849,0.84672,3695.15,0,0,0,0.774783,2.1257,5.53841,1.22255,7.21635,0.42336,0,0.42336,460.49,0,1.02816,0,0,1.80294,0.774783,1.028160,1,0,60.3552,0,0,0,60.3552,0
71.4149,2.25801,0,0,2.81756,0.100816,0.36288,3.6288,61.308,0.66528,0,0,1.11629,0.235476,0.215532,0.66528,12.849,1,0.406808,0.36288,0,53.5202,4.96272,48.5136,0.84672,12.849,0.84672,3695.15,0,0,0,0.845614,2.12612,5.07393,1.22255,6.82311,0.42336,0,0.42336,460.49,0,1.02816,0,0,1.87377,0.845614,1.028160,1,0,55.5522,0,0,0,55.5522,0
71.3131,2.25901,0,0,2.62104,0.10089,0.36288,3.6288,61.308,0.66528,0,0,1.09941,0.235476,0.198649,0.66528,12.849,1,0.406442,0.36288,0,49.8388,4.96272,44.8325,0.84672,12.849,0.84672,3695.15,0,0,0,0.830485,2.12654,4.95691,1.22255,6.69138,0.42336,0,0.42336,460.49,0,1.02816,0,0,1.85865,0.830485,1.028160,1,0,51.7226,0,0,0,51.7226,0
71.0624,2.31776,0,0,2.52345,0.0935889,0.36288,3.6288,61.308,0.66528,0,0,0.99722,0.285515,0.0464247,0.66528,12.849,1,0.417608,0.36288,0,45.8812,5.61596,40.2105,0.84672,12.849,0.84672,3695.15,0,0,0,0.678361,2.12696,4.70688,1.37993,6.13228,0.42336,0,0.42336,460.49,0,1.02816,0,0,1.70652,0.678361,1.028160,1,0,46.3892,0,0,0,46.3892,0
70.6931,2.31707,0,0,2.39741,0.0867706,0.36288,3.6288,61.308,0.66528,0,0,0.98394,0.297782,0.0208783,0.66528,12.849,1,0.418956,0.36288,0,49.3798,5.90971,43.4141,0.84672,12.849,0.84672,3695.15,0,0,0,0.447232,2.17443,4.25283,1.45431,5.42018,0.42336,0,0.42336,460.49,0,1.02816,0,0,1.47539,0.447232,1.028160,1,0,48.8551,0,0,0,48.8551,0
70.2,2.31577,0,0,2.27214,0.0865252,0.36288,3.6288,61.2252,0.66528,0,0,0.880278,0.297782,0,0.66528,12.849,1,0.420909,0.36288,0,43.6311,5.90971,37.6633,0.84672,12.849,0.84672,3695.15,0,0,0,0.591028,2.17486,4.44196,1.45431,5.75354,0.42336,0,0.42336,460.49,0,1.02816,0,0,1.61919,0.591028,1.028160,1,0,43.4168,0,0,0,43.4168,0
69.5612,2.31382,0,0,2.12405,0.0861975,0.36288,3.6288,61.0768,0.66528,0,0,0.814458,0.297626,0,0.66528,12.849,1,0.423509,0.36288,0,41.4869,5.90971,35.5165,0.84672,12.849,0.84672,3695.15,0,0,0,0.451699,2.17529,3.89765,1.45431,5.07033,0.42336,0,0.42336,460.49,0,1.02816,0,0,1.47986,0.451699,1.028160,1,0,40.5868,0,0,0,40.5868,0
68.7255,2.48249,0,0,2.09549,0.0857729,0.36288,3.6288,60.9953,0.66528,0,0,0.88115,0.297347,0,0.66528,12.849,1,0.458553,0.36288,0,38.4956,5.90971,32.4902,0.84672,12.849,0.84672,3695.15,0,0,0,0.551431,2.17572,4.40782,1.45431,5.68065,0.42336,0,0.42336,460.49,0,1.02816,0,0,1.57959,0.551431,1.028160,1,0,38.1709,0,0,0,38.1709,0
67.3754,2.47838,0,0,1.57575,0.0846014,0.36288,3.6288,60.8014,0.66528,0,0,0.80149,0.330098,0,0.66528,12.849,1,0.46336,0.36288,0,37.3641,6.45174,30.8119,0.84672,12.849,0.84672,3695.15,0,0,0,0.42711,2.33727,3.95378,1.47763,5.24052,0.42336,0,0.42336,460.49,0,1.02816,0,0,1.45527,0.42711,1.028160,1,0,36.0524,0,0,0,36.0524,0
65.6232,2.47116,0,0,1.17855,0.0966774,0.36288,3.6288,60.4891,0.66528,0,0,0.688582,0.33561,0,0.66528,12.849,1,0.47127,0.36288,0,31.5868,6.45918,25.0192,0.84672,12.849,0.84672,3695.15,0,0,0,0.249929,2.33773,3.072,1.44513,4.21453,0.42336,0,0.42336,460.49,0,1.02816,0,0,1.27809,0.249929,1.028160,1,0,29.2338,0,0,0,29.2338,0
64.1144,2.46123,0,0,1.41058,0.0953423,0.36288,3.6288,60.2286,0.66528,0,0,0.739731,0.334945,0,0.66528,12.849,1,0.481907,0.36288,0,32.6903,6.45918,26.1121,0.84672,12.849,0.84672,3695.15,0,0,0,0.359856,2.33819,3.36961,1.44513,4.62253,0.42336,0,0.42336,460.49,0,1.02816,0,0,1.38802,0.359856,1.028160,1,0,30.7346,0,0,0,30.7346,0
63.593,2.45236,0,0,2.41197,0.118066,0.36288,3.6288,60.1844,0.66528,0,0,0.950106,0.329064,0,0.66528,12.849,1,0.491471,0.36288,0,54.3271,6.31075,47.8878,0.84672,12.849,0.84672,3695.15,0,0,0,0.588626,2.33866,3.7299,1.42692,5.23026,0.42336,0,0.42336,460.49,0,1.02816,0,0,1.61679,0.588626,1.028160,1,0,53.118,0,0,0,53.118,0
63.0894,2.36717,0,0,2.32712,0.100728,0.36288,3.6288,60.1964,0.66528,0,0,1.0291,0.351831,0,0.66528,12.849,1,0.478288,0.36288,0,52.3239,6.60516,45.6034,0.84672,12.849,0.84672,3695.15,0,0,0,0.555621,2.33912,4.21451,1.40742,5.70184,0.42336,0,0.42336,460.49,0,1.02816,0,0,1.58378,0.555621,1.028160,1,0,51.3052,0,0,0,51.3052,0
62.142,2.36456,0,0,1.88534,0.105242,0.36288,3.6288,60.0799,0.66528,0,0,0.928999,0.380135,0,0.66528,12.849,1,0.481575,0.36288,0,31.028,6.60999,24.2993,0.84672,12.849,0.84672,3695.15,0,0,0,0.496627,2.24625,5.34994,1.35802,6.73479,0.42336,0,0.42336,460.49,0,1.02816,0,0,1.52479,0.496627,1.028160,1,0,31.0341,0,0,0,31.0341,0
61.5589,2.35904,0,0,2.28925,0.150422,0.36288,3.6288,60.0108,0.66528,0,0,0.941803,0.345617,0,0.66528,12.849,1,0.487774,0.36288,0,28.168,6.33391,21.7092,0.84672,12.849,0.84672,3695.15,0,0,0,0.52202,2.24669,3.9581,1.2632,5.46362,0.42336,0,0.42336,460.49,0,1.02816,0,0,1.55018,0.52202,1.028160,1,0,27.1729,0,0,0,27.1729,0
62.2095,2.35578,0,0,3.51896,0.149701,0.36288,3.6288,60.5909,0.66528,0,0,1.59075,0.345465,0,0.66528,12.849,1,0.491714,0.36288,0,52.2679,6.33391,45.8051,0.84672,12.849,0.84672,3695.15,0,0,0,1.67394,2.24714,7.65199,1.2632,10.3099,0.42336,0,0.42336,460.49,0,1.02816,0,0,2.7021,1.67394,1.028160,1,0,56.115,0,0,0,56.115,0
62.3334,2.29315,0,0,2.93035,0.150506,0.36288,3.6288,60.8427,0.66528,0,0,1.26392,0.346742,0,0.66528,12.849,1,0.473635,0.36288,0,77.5578,6.33391,71.1132,0.84672,12.849,0.84672,3695.15,0,0,0,1.10596,2.24758,5.38729,1.2632,7.47764,0.42336,0,0.42336,460.49,0,1.02816,0,0,2.13412,1.10596,1.028160,1,0,78.5908,0,0,0,78.5908,0
60.8986,2.29447,0,0,1.41157,0.188986,0.36288,3.6288,60.016,1.13415,0,0,0.52501,0.217577,0,0.66528,12.849,1,0.472968,0.36288,0,38.3543,3.9837,34.2605,0.84672,12.849,0.84672,3695.15,0,0,0,0.216518,2.16465,4.43742,1.06387,5.75471,0.42336,0,0.42336,460.49,0,0.559291,0,0,0.77581,0.216518,1.028160,1,0,40.0152,0,0,0,40.0152,0
61.1462,2.28582,0,0,3.08311,0.18676,0.36288,3.6288,60.046,0.66528,0,0,0.911652,0.216437,0,0.66528,12.849,1,0.482284,0.36288,0,54.1227,3.9837,50.0196,0.84672,12.849,0.84672,3695.15,0,0,0,0.493577,2.16508,6.34843,1.06387,7.94321,0.42336,0,0.42336,460.49,0,1.02816,0,0,1.52174,0.493577,1.028160,1,0,57.9628,0,0,0,57.9628,0
64.87,2.28798,0,0,6.56175,0.187144,0.36288,3.6288,61.0538,0.66528,0,0,1.88962,0.216478,0,0.66528,12.849,1,0.480785,0.36288,0,118.278,3.9837,114.177,0.84672,12.849,0.84672,3695.15,0,0,0,2.60888,2.1655,10.3054,1.06387,14.0159,0.42336,0,0.42336,460.49,0,1.02816,0,0,3.63704,2.60888,1.028160,1,0,128.192,0,0,0,128.192,0
67.655,2.11847,0,0,5.48561,0.219253,0.36288,3.6288,61.308,0.66528,0,0,1.53192,0.227106,0.385361,0.66528,12.849,1,0.419611,0.36288,0,62.5978,3.73806,58.803,0.84672,12.849,0.84672,3695.15,0,0,0,1.53014,2.16593,7.29361,0.979026,10.0107,0.42336,0,0.42336,460.49,0,1.02816,0,0,2.5583,1.53014,1.028160,1,0,69.1991,0,0,0,69.1991,0
68.2613,2.1335,0,0,3.36147,0.258816,0.36288,3.6288,61.308,0.66528,0,0,1.31952,0.229544,0.424694,0.66528,12.849,1,0.405192,0.36288,0,46.3207,4.27248,42.0059,0.84672,12.849,0.84672,3695.15,0,0,0,0.939661,1.981,5.04363,1.04639,6.91791,0.42336,0,0.42336,460.49,0,1.02816,0,0,1.96782,0.939661,1.028160,1,0,49.3485,0,0,0,49.3485,0
69.055,2.13704,0,0,3.55947,0.265862,0.36288,3.6288,61.308,0.66528,0,0,1.62312,0.227597,0.730242,0.66528,12.849,1,0.40226,0.36288,0,83.202,4.55994,78.6027,0.84672,12.849,0.84672,3695.15,0,0,0,0.959818,1.98139,6.81934,1.09879,8.66176,0.42336,0,0.42336,460.49,0,1.02816,0,0,1.98798,0.959818,1.028160,1,0,87.9947,0,0,0,87.9947,0
72.139,2.14145,0,0,5.85419,0.265781,0.36288,3.6288,61.308,0.66528,0,0,2.02949,0.234614,1.1296,0.66528,12.849,1,0.398458,0.36288,0,144.112,4.58583,139.49,0.84672,12.849,0.84672,3695.15,0,0,0,1.6762,1.98178,9.57658,1.11877,12.1158,0.42336,0,0.42336,460.49,0,1.02816,0,0,2.70436,1.6762,1.028160,1,0,152.736,0,0,0,152.736,0
72.29,2.15643,0,0,12.023,0.268794,9.44682,3.6288,61.308,0.66528,0,0,4.015,0.24134,3.10838,0.66528,12.849,1,0.384091,9.44682,0,208.579,4.35069,213.291,0.84672,12.849,0.84672,3695.15,0,0,0,6.67335,1.98216,20.5918,1.16712,28.0802,0.42336,0,0.42336,460.49,0,1.02816,0,0,7.70151,6.67335,1.028160,1,0,244.48,0,0,0,244.48,0
72.29,2.15711,0,0,6.53679,0.289414,4.09027,3.6288,61.308,0.66528,0,0,2.24138,0.197804,1.3783,0.66528,12.849,1,0.38341,4.09027,0,121.685,3.92499,121.467,0.84672,12.849,0.84672,3695.15,0,0,0,2.96187,1.98255,11.8298,1.01096,15.7633,0.42336,0,0.42336,460.49,0,1.02816,0,0,3.99003,2.96187,1.028160,1,0,138.608,0,0,0,138.608,0
72.29,2.23325,0,0,3.1967,0.326521,0.636931,3.6288,61.308,0.66528,0,0,1.95096,0.155297,1.13039,0.66528,12.849,1,0.396944,0.636931,0,83.1583,3.59289,79.8054,0.84672,12.849,0.84672,3695.15,0,0,0,2.13245,1.98255,12.1774,0.754624,15.5378,0.42336,0,0.42336,460.49,0,1.02816,0,0,3.16061,2.13245,1.028160,1,0,96.4735,0,0,0,96.4735,0
72.0652,2.23377,0,0,2.69839,0.326521,0.36288,3.6288,61.308,0.66528,0,0,1.63998,0.155297,0.819408,0.66528,12.849,1,0.397035,0.36288,0,50.5318,3.59289,46.9048,0.84672,12.849,0.84672,3695.15,0,0,0,1.5673,2.04079,8.88391,0.754624,11.7374,0.42336,0,0.42336,460.49,0,1.02816,0,0,2.59546,1.5673,1.028160,1,0,59.4615,0,0,0,59.4615,0
72.2023,2.23323,0,0,3.06433,0.331175,0.36288,3.6288,61.308,0.66528,0,0,1.78821,0.15282,0.970112,0.66528,12.849,1,0.398177,0.36288,0,69.958,3.6297,66.293,0.84672,12.849,0.84672,3695.15,0,0,0,1.79652,2.04117,10.7013,0.746492,13.7925,0.42336,0,0.42336,460.49,0,1.02816,0,0,2.82468,1.79652,1.028160,1,0,81.0556,0,0,0,81.0556,0
72.29,2.23438,0,0,3.52185,0.355634,0.844114,3.6288,61.308,0.66528,0,0,1.59411,0.153056,0.775779,0.66528,12.849,1,0.397627,0.844114,0,68.7454,3.82788,65.364,0.84672,12.849,0.84672,3695.15,0,0,0,1.53584,2.04156,9.69805,0.788513,12.4869,0.42336,0,0.42336,460.49,0,1.02816,0,0,2.564,1.53584,1.028160,1,0,78.6267,0,0,0,78.6267,0
72.29,2.47837,0,0,3.60662,0.326874,0.801373,3.6288,61.308,0.66528,0,0,2.17974,0.139654,1.37481,0.66528,12.849,1,0.440512,0.801373,0,125.131,2.84886,122.643,0.84672,12.849,0.84672,3695.15,0,0,0,2.45451,2.04194,14.3661,0.800398,18.0621,0.42336,0,0.42336,460.49,0,1.02816,0,0,3.48267,2.45451,1.028160,1,0,142.079,0,0,0,142.079,0
72.29,2.47894,0,0,3.61526,0.325036,0.811287,3.6288,61.308,0.66528,0,0,1.68897,0.131131,0.892562,0.66528,12.849,1,0.440612,0.811287,0,84.888,2.69514,82.5635,0.84672,12.849,0.84672,3695.15,0,0,0,1.45714,2.25063,14.0429,0.764541,16.9862,0.42336,0,0.42336,460.49,0,1.02816,0,0,2.4853,1.45714,1.028160,1,0,100.442,0,0,0,100.442,0
72.29,2.4795,0,0,4.78991,0.322439,1.98797,3.6288,61.308,0.66528,0,0,2.54572,0.136663,1.74377,0.66528,12.849,1,0.440712,1.98797,0,122.789,2.82618,121.51,0.84672,12.849,0.84672,3695.15,0,0,0,3.05476,2.25106,16.2183,0.805537,20.7186,0.42336,0,0.42336,460.49,0,1.02816,0,0,4.08292,3.05476,1.028160,1,0,143.973,0,0,0,143.973,0
72.29,2.48006,0,0,5.31847,0.306855,2.53155,3.6288,61.308,0.66528,0,0,3.35515,0.16986,2.52001,0.66528,12.849,1,0.440813,2.53155,0,125.382,3.61242,123.86,0.84672,12.849,0.84672,3695.15,0,0,0,5.25225,2.25148,19.9511,1.05151,26.4033,0.42336,0,0.42336,460.49,0,1.02816,0,0,6.28041,5.25225,1.028160,1,0,152.784,0,0,0,152.784,0
72.29,2.13365,0,0,6.24853,0.313423,3.80146,3.6288,61.308,0.66528,0,0,3.24211,0.166467,2.41036,0.66528,12.849,1,0.379239,3.80146,0,142.76,2.98953,143.193,0.84672,12.849,0.84672,3695.15,0,0,0,4.26108,2.25191,16.0406,1.02755,21.526,0.42336,0,0.42336,460.49,0,1.02816,0,0,5.28924,4.26108,1.028160,1,0,167.13,0,0,0,167.13,0
72.29,2.13414,0,0,5.22005,0.314518,2.77139,3.6288,61.308,0.66528,0,0,2.24336,0.165902,1.41218,0.66528,12.849,1,0.379327,2.77139,0,110.07,2.88572,109.576,0.84672,12.849,0.84672,3695.15,0,0,0,2.45191,1.96803,13.1482,1.02355,16.5446,0.42336,0,0.42336,460.49,0,1.02816,0,0,3.48007,2.45191,1.028160,1,0,127.533,0,0,0,127.533,0
72.29,2.13463,0,0,6.97971,0.314518,4.53056,3.6288,61.308,0.66528,0,0,3.37659,0.165902,2.54541,0.66528,12.849,1,0.379414,4.53056,0,154.259,2.88572,155.525,0.84672,12.849,0.84672,3695.15,0,0,0,3.7026,1.9684,20.0819,1.02355,24.7293,0.42336,0,0.42336,460.49,0,1.02816,0,0,4.73076,3.7026,1.028160,1,0,182.8,0,0,0,182.8,0
72.29,2.13512,0,0,8.85868,0.315771,6.40779,3.6288,61.308,0.66528,0,0,5.13412,0.1812,4.28764,0.66528,12.849,1,0.379502,6.40779,0,194.948,3.31883,197.657,0.84672,12.849,0.84672,3695.15,0,0,0,6.99001,1.96877,31.8991,1.09025,39.7677,0.42336,0,0.42336,460.49,0,1.02816,0,0,8.01817,6.99001,1.028160,1,0,241.713,0,0,0,241.713,0
72.29,2.13561,0,0,5.92193,0.334547,3.45177,3.6288,61.308,0.66528,0,0,2.9523,0.194933,2.09208,0.66528,12.849,1,0.379589,3.45177,0,162.084,4.20094,160.955,0.84672,12.849,0.84672,3695.15,0,0,0,3.54247,1.96914,17.9692,1.23107,22.2498,0.42336,0,0.42336,460.49,0,1.02816,0,0,4.57063,3.54247,1.028160,1,0,185.297,0,0,0,185.297,0
72.29,2.22354,0,0,4.78431,0.355406,2.20537,3.6288,61.308,0.66528,0,0,2.53477,0.162249,1.70724,0.66528,12.849,1,0.395217,2.20537,0,117.735,3.9334,115.611,0.84672,12.849,0.84672,3695.15,0,0,0,2.95305,1.96951,11.4886,1.19649,15.2147,0.42336,0,0.42336,460.49,0,1.02816,0,0,3.98121,2.95305,1.028160,1,0,132.533,0,0,0,132.533,0
72.29,2.22405,0,0,4.12534,0.355406,1.54589,3.6288,61.308,0.66528,0,0,2.32711,0.162249,1.49959,0.66528,12.849,1,0.395308,1.54589,0,100.828,3.9334,98.0451,0.84672,12.849,0.84672,3695.15,0,0,0,2.97328,2.04004,10.3848,1.19649,14.2017,0.42336,0,0.42336,460.49,0,1.02816,0,0,4.00144,2.97328,1.028160,1,0,113.746,0,0,0,113.746,0
72.29,2.22456,0,0,4.11315,0.336658,1.55193,3.6288,61.308,0.66528,0,0,2.17108,0.151589,1.35421,0.66528,12.849,1,0.395398,1.55193,0,88.0338,3.52035,85.67,0.84672,12.849,0.84672,3695.15,0,0,0,2.5113,2.04043,10.4657,1.19048,13.827,0.42336,0,0.42336,460.49,0,1.02816,0,0,3.53946,2.5113,1.028160,1,0,100.851,0,0,0,100.851,0
72.29,2.22507,0,0,4.25033,0.310419,1.71484,3.6288,61.308,0.66528,0,0,2.08637,0.144468,1.27662,0.66528,12.849,1,0.395489,1.71484,0,103.967,3.15168,102.135,0.84672,12.849,0.84672,3695.15,0,0,0,2.9726,2.04081,10.262,1.17965,14.0957,0.42336,0,0.42336,460.49,0,1.02816,0,0,4.00076,2.9726,1.028160,1,0,117.507,0,0,0,117.507,0
72.29,2.19137,0,0,3.35632,0.302963,0.861992,3.6288,61.308,0.66528,0,0,1.2168,0.18702,0.364497,0.66528,12.849,1,0.389499,0.861992,0,71.979,4.2441,68.2074,0.84672,12.849,0.84672,3695.15,0,0,0,1.80603,2.04119,7.75587,1.16272,10.4404,0.42336,0,0.42336,460.49,0,1.02816,0,0,2.83419,1.80603,1.028160,1,0,79.0122,0,0,0,79.0122,0
72.2696,2.19187,0,0,2.8373,0.302963,0.36288,3.6288,61.308,0.66528,0,0,1.13355,0.18702,0.28125,0.66528,12.849,1,0.389588,0.36288,0,61.2929,4.2441,57.0221,0.84672,12.849,0.84672,3695.15,0,0,0,1.50725,2.01425,6.39227,1.16272,8.75105,0.42336,0,0.42336,460.49,0,1.02816,0,0,2.53541,1.50725,1.028160,1,0,66.0544,0,0,0,66.0544,0
71.9275,2.19228,0,0,2.51604,0.302916,0.36288,3.6288,61.308,0.66528,0,0,1.01799,0.18702,0.16569,0.66528,12.849,1,0.389771,0.36288,0,52.8365,4.2441,48.5655,0.84672,12.849,0.84672,3695.15,0,0,0,1.1786,2.01463,5.51302,1.16272,7.54353,0.42336,0,0.42336,460.49,0,1.02816,0,0,2.20676,1.1786,1.028160,1,0,56.2748,0,0,0,56.2748,0
71.3745,2.19121,0,0,2.29451,0.293511,0.36288,3.6288,61.308,0.66528,0,0,0.918449,0.175643,0.0775266,0.66528,12.849,1,0.391434,0.36288,0,47.4609,4.00818,43.4242,0.84672,12.849,0.84672,3695.15,0,0,0,1.00292,2.01501,5.08521,1.10288,7.00026,0.42336,0,0.42336,460.49,0,1.02816,0,0,2.03108,1.00292,1.028160,1,0,50.502,0,0,0,50.502,0
70.7221,2.30515,0,0,2.25906,0.243427,0.36288,3.6288,61.308,0.66528,0,0,0.974791,0.199205,0.110305,0.66528,12.849,1,0.414978,0.36288,0,47.8822,4.40313,43.427,0.84672,12.849,0.84672,3695.15,0,0,0,0.988304,2.01539,5.24639,1.11391,7.13617,0.42336,0,0.42336,460.49,0,1.02816,0,0,2.01646,0.988304,1.028160,1,0,50.6734,0,0,0,50.6734,0
69.9776,2.30243,0,0,2.13598,0.215116,0.36288,3.6288,61.2208,0.66528,0,0,0.784192,0.206121,0,0.66528,12.849,1,0.418313,0.36288,0,45.0275,4.39029,40.5818,0.84672,12.849,0.84672,3695.15,0,0,0,0.9389,2.1116,5.1523,1.18105,7.02174,0.42336,0,0.42336,460.49,0,1.02816,0,0,1.96706,0.9389,1.028160,1,0,47.6036,0,0,0,47.6036,0
69.0562,2.2992,0,0,1.91666,0.17604,0.36288,3.6288,61.1096,0.66528,0,0,0.761996,0.207949,0,0.66528,12.849,1,0.422169,0.36288,0,39.3879,4.45515,34.8734,0.84672,12.849,0.84672,3695.15,0,0,0,0.947627,2.11199,4.81565,1.14009,6.73518,0.42336,0,0.42336,460.49,0,1.02816,0,0,1.97579,0.947627,1.028160,1,0,41.6086,0,0,0,41.6086,0
68.1162,2.29497,0,0,1.89265,0.174787,0.36288,3.6288,61.0641,0.66528,0,0,0.827652,0.207803,0,0.66528,12.849,1,0.427017,0.36288,0,38.09,4.45515,33.5707,0.84672,12.849,0.84672,3695.15,0,0,0,0.906129,2.11239,5.27977,1.14009,7.15821,0.42336,0,0.42336,460.49,0,1.02816,0,0,1.93429,0.906129,1.028160,1,0,40.7289,0,0,0,40.7289,0
66.9059,2.29054,0,0,1.60052,0.157394,0.36288,3.6288,60.9199,0.66528,0,0,0.729985,0.208896,0,0.66528,12.849,1,0.432073,0.36288,0,33.0221,4.66908,28.2838,0.84672,12.849,0.84672,3695.15,0,0,0,0.523187,2.11279,4.19482,1.15975,5.67105,0.42336,0,0.42336,460.49,0,1.02816,0,0,1.55135,0.523187,1.028160,1,0,33.9549,0,0,0,33.9549,0
65.3989,2.26177,0,0,1.25231,0.134618,0.36288,3.6288,60.5029,0.869694,0,0,0.662852,0.210241,0,0.66528,12.849,1,0.434364,0.36288,0,28.5207,4.95432,23.4949,0.84672,12.849,0.84672,3695.15,0,0,0,0.30119,2.11319,3.72942,1.18598,4.95782,0.42336,0,0.42336,460.49,0,0.823746,0,0,1.12494,0.30119,1.028160,1,0,28.4527,0,0,0,28.4527,0
63.788,2.25392,0,0,1.13892,0.133013,0.36288,3.6288,60.0952,0.844353,0,0,0.646358,0.209685,0,0.66528,12.849,1,0.442831,0.36288,0,27.9625,4.95432,22.9282,0.84672,12.849,0.84672,3695.15,0,0,0,0.261274,2.14712,3.57345,1.18598,4.79587,0.42336,0,0.42336,460.49,0,0.849087,0,0,1.11036,0.261274,1.028160,1,0,27.7241,0,0,0,27.7241,0
62.0824,2.24513,0,0,1.03373,0.131298,0.36288,3.6288,59.5229,0.969564,0,0,0.606385,0.209142,0,0.66528,12.849,1,0.452242,0.36288,0,24.9168,4.95432,19.8731,0.84672,12.849,0.84672,3695.15,0,0,0,0.261274,2.14752,3.45683,1.18598,4.67965,0.42336,0,0.42336,460.49,0,0.723876,0,0,0.98515,0.261274,1.028160,1,0,24.5528,0,0,0,24.5528,0
60.3662,2.23534,0,0,0.980735,0.0987407,0.36288,3.6288,58.8416,0.965727,0,0,0.568801,0.284297,0,0.66528,12.849,1,0.462642,0.36288,0,22.4127,5.94237,16.3705,0.84672,12.849,0.84672,3695.15,0,0,0,0.261274,2.14793,3.27609,1.54663,4.13866,0.42336,0,0.42336,460.49,0,0.727713,0,0,0.988986,0.261274,1.028160,1,0,20.5092,0,0,0,20.5092,0
58.6034,2.28275,0,0,0.974817,0.092008,0.36288,3.6288,58.1475,0.99811,0,0,0.633872,0.329878,0,0.66528,12.849,1,0.485886,0.36288,0,25.1618,5.87706,19.1618,0.84672,12.849,0.84672,3695.15,0,0,0,0.261274,2.14833,3.41348,1.49382,4.32928,0.42336,0,0.42336,460.49,0,0.69533,0,0,0.956604,0.261274,1.028160,1,0,23.491,0,0,0,23.491,0
56.7864,2.27129,0,0,0.907684,0.0904684,0.36288,3.6288,57.4484,0.92067,0,0,0.549921,0.328407,0,0.66528,12.849,1,0.497987,0.36288,0,21.3051,5.87706,15.2929,0.84672,12.849,0.84672,3695.15,0,0,0,0.261274,2.1963,3.44496,1.49382,4.40872,0.42336,0,0.42336,460.49,0,0.77277,0,0,1.03404,0.261274,1.028160,1,0,19.7017,0,0,0,19.7017,0
54.9151,2.25881,0,0,0.839203,0.0888751,0.36288,3.6288,56.6188,1.01263,0,0,0.509973,0.326926,0,0.66528,12.849,1,0.511098,0.36288,0,20.4297,5.87706,14.4044,0.84672,12.849,0.84672,3695.15,0,0,0,0.227405,2.19672,2.99537,1.49382,3.92568,0.42336,0,0.42336,460.49,0,0.680806,0,0,0.908211,0.227405,1.028160,1,0,18.3301,0,0,0,18.3301,0
53.0818,2.2452,0,0,0.857848,0.0830079,0.36288,3.6288,55.9674,0.890067,0,0,0.56634,0.327682,0,0.66528,12.849,1,0.525332,0.36288,0,19.4308,5.95183,13.3165,0.84672,12.849,0.84672,3695.15,0,0,0,0.227405,2.19714,3.70502,1.50876,4.62081,0.42336,0,0.42336,460.49,0,0.803373,0,0,1.03078,0.227405,1.028160,1,0,17.9373,0,0,0,17.9373,0
50.9767,2.39637,0,0,0.728776,0.0746239,0.36288,3.6288,55.3178,0.913974,0,0,0.582193,0.317736,0,0.66528,12.849,1,0.580066,0.36288,0,20.4936,5.95608,14.3203,0.84672,12.849,0.84672,3695.15,0,0,0,0.227405,2.19755,4.03233,1.55021,4.90708,0.42336,0,0.42336,460.49,0,0.779466,0,0,1.00687,0.227405,1.028160,1,0,19.2274,0,0,0,19.2274,0
48.6792,2.37778,0,0,0.51553,0.0723787,0.36288,3.6288,54.5071,1.00151,0,0,0.517402,0.326649,0,0.66528,12.849,1,0.599334,0.36288,0,19.8265,5.89858,13.6914,0.84672,12.849,0.84672,3695.15,0,0,0,0.227405,2.36084,3.6216,1.55411,4.65574,0.42336,0,0.42336,460.49,0,0.691934,0,0,0.919339,0.227405,1.028160,1,0,18.3472,0,0,0,18.3472,0
46.4387,2.35593,0,0,0.5489,0.0706321,0.36288,3.6288,53.7026,0.992719,0,0,0.513172,0.324909,0,0.66528,12.849,1,0.621854,0.36288,0,18.5208,5.89858,12.3632,0.84672,12.849,0.84672,3695.15,0,0,0,0.204422,2.36129,3.81698,1.55411,4.82859,0.42336,0,0.42336,460.49,0,0.700721,0,0,0.905144,0.204422,1.028160,1,0,17.1918,0,0,0,17.1918,0
44.4898,2.33296,0,0,0.823874,0.0769459,0.36288,3.6288,53.1787,0.813871,0,0,0.611028,0.321086,0,0.66528,12.849,1,0.645501,0.36288,0,27.3491,5.83921,21.2272,0.84672,12.849,0.84672,3695.15,0,0,0,0.204422,2.36174,4.05636,1.54682,5.0757,0.42336,0,0.42336,460.49,0,0.879569,0,0,1.08399,0.204422,1.028160,1,0,26.3029,0,0,0,26.3029,0
42.9159,2.31154,0,0,1.18709,0.086506,0.36288,3.6288,52.8672,0.758972,0,0,0.750386,0.302929,0,0.66528,12.849,1,0.667592,0.36288,0,37.5914,5.66634,31.6204,0.84672,12.849,0.84672,3695.15,0,0,0,0.204422,2.36219,5.18637,1.50338,6.2496,0.42336,0,0.42336,460.49,0,0.934468,0,0,1.13889,0.204422,1.028160,1,0,37.87,0,0,0,37.87,0
41.813,2.21615,0,0,1.55345,0.0773675,0.36288,3.6288,52.7464,0.66528,0,0,0.823568,0.279093,0,0.66528,12.849,1,0.663514,0.36288,0,33.0764,5.33788,27.4379,0.84672,12.849,0.84672,3695.15,0,0,0,0.598933,2.36264,8.33551,1.44388,9.85321,0.42336,0,0.42336,460.49,0,1.02816,0,0,1.62709,0.598933,1.028160,1,0,37.2911,0,0,0,37.2911,0
40.3429,2.20326,0,0,1.17241,0.0763816,0.36288,3.6288,52.453,0.66528,0,0,0.650736,0.278823,0,0.66528,12.849,1,0.677056,0.36288,0,48.9218,5.33788,43.2698,0.84672,12.849,0.84672,3695.15,0,0,0,0.531559,2.26873,6.46816,1.44388,7.82458,0.42336,0,0.42336,460.49,0,1.02816,0,0,1.55972,0.531559,1.028160,1,0,51.0944,0,0,0,51.0944,0
38.5017,2.18505,0,0,0.781825,0.0750676,0.36288,3.6288,51.7376,0.932412,0,0,0.495189,0.278168,0,0.66528,12.849,1,0.695927,0.36288,0,30.689,5.33788,25.0181,0.84672,12.849,0.84672,3695.15,0,0,0,0.216518,2.26916,4.36531,1.44388,5.40711,0.42336,0,0.42336,460.49,0,0.761028,0,0,0.977547,0.216518,1.028160,1,0,30.4252,0,0,0,30.4252,0
37.3958,2.16059,0,0,1.53437,0.116834,0.36288,3.6288,51.5311,0.66528,0,0,0.738236,0.279454,0,0.66528,12.849,1,0.721043,0.36288,0,35.9137,4.96893,30.5866,0.84672,12.849,0.84672,3695.15,0,0,0,0.435568,2.26959,6.83514,1.36845,8.17185,0.42336,0,0.42336,460.49,0,1.02816,0,0,1.46373,0.435568,1.028160,1,0,38.7585,0,0,0,38.7585,0
40.9469,2.08397,0,0,6.10998,0.111952,0.36288,3.6288,52.5268,0.66528,0,0,1.93376,0.272763,0,0.66528,12.849,1,0.716043,0.36288,0,134.692,4.66608,129.673,0.84672,12.849,0.84672,3695.15,0,0,0,2.81834,2.27002,16.3484,1.12967,20.3071,0.42336,0,0.42336,460.49,0,1.02816,0,0,3.8465,2.81834,1.028160,1,0,149.98,0,0,0,149.98,0
43.936,2.13172,0,0,5.63942,0.155714,0.36288,3.6288,53.9545,0.66528,0,0,2.29344,0.200465,0,0.66528,12.849,1,0.668927,0.36288,0,131.979,3.34814,128.325,0.84672,12.849,0.84672,3695.15,0,0,0,2.79388,2.18617,12.8975,0.844344,17.0332,0.42336,0,0.42336,460.49,0,1.02816,0,0,3.82204,2.79388,1.028160,1,0,145.359,0,0,0,145.359,0
46.2585,2.16743,0,0,5.04884,0.196038,0.36288,3.6288,54.992,0.66528,0,0,1.8576,0.154834,0,0.66528,12.849,1,0.63386,0.36288,0,104.441,2.80129,101.369,0.84672,12.849,0.84672,3695.15,0,0,0,2.49205,2.18659,13.9412,0.674173,17.9457,0.42336,0,0.42336,460.49,0,1.02816,0,0,3.52021,2.49205,1.028160,1,0,119.315,0,0,0,119.315,0
49.3194,2.19284,0,0,5.81786,0.201237,0.36288,3.6288,56.0138,0.66528,0,0,1.84298,0.155899,0,0.66528,12.849,1,0.609093,0.36288,0,134.538,2.80129,131.49,0.84672,12.849,0.84672,3695.15,0,0,0,5.75268,2.187,16.2521,0.674173,23.5176,0.42336,0,0.42336,460.49,0,1.02816,0,0,6.78084,5.75268,1.028160,1,0,155.008,0,0,0,155.008,0
51.3839,2.03782,0,0,4.69213,0.226948,0.36288,3.6288,57.7657,0.66528,0,0,2.57036,0.153168,0,0.66528,12.849,1,0.530905,0.36288,0,121.078,3.27134,117.638,0.84672,12.849,0.84672,3695.15,0,0,0,2.31345,2.18741,19.7142,0.769936,23.4452,0.42336,0,0.42336,460.49,0,1.02816,0,0,3.34161,2.31345,1.028160,1,0,141.083,0,0,0,141.083,0
55.0147,2.05536,0,0,6.29535,0.246398,0.36288,3.6288,60.6287,0.66528,0,0,3.68029,0.152055,0,0.66528,12.849,1,0.51396,0.36288,0,209.525,3.62386,205.75,0.84672,12.849,0.84672,3695.15,0,0,0,4.2497,2.00047,20.8357,0.841759,26.2441,0.42336,0,0.42336,460.49,0,1.02816,0,0,5.27786,4.2497,1.028160,1,0,231.994,0,0,0,231.994,0
57.7869,2.08333,0,0,5.47415,0.255722,0.36288,3.6288,61.308,0.66528,0,0,6.02084,0.15487,4.5214,0.66528,12.849,1,0.486575,0.36288,0,214.901,3.62386,211.153,0.84672,12.849,0.84672,3695.15,0,0,0,5.16427,2.00084,21.2757,0.841759,27.5991,0.42336,0,0.42336,460.49,0,1.02816,0,0,6.19243,5.16427,1.028160,1,0,243.274,0,0,0,243.274,0
59.5246,2.10291,0,0,4.4699,0.266362,0.36288,3.6288,61.308,0.66528,0,0,2.47818,0.203746,1.60915,0.66528,12.849,1,0.467586,0.36288,0,133.718,4.34648,129.267,0.84672,12.849,0.84672,3695.15,0,0,0,3.23615,2.00122,15.7003,1.12677,19.8109,0.42336,0,0.42336,460.49,0,1.02816,0,0,4.26431,3.23615,1.028160,1,0,150.687,0,0,0,150.687,0
64.8764,2.11462,0,0,8.09945,0.270147,0.36288,3.6288,61.308,0.66528,0,0,4.66168,0.209453,3.78694,0.66528,12.849,1,0.456463,0.36288,0,195.942,4.44497,191.404,0.84672,12.849,0.84672,3695.15,0,0,0,7.33167,2.00159,24.841,1.16001,33.0142,0.42336,0,0.42336,460.49,0,1.02816,0,0,8.35983,7.33167,1.028160,1,0,228.205,0,0,0,228.205,0
66.6137,2.22169,0,0,4.59603,0.274186,0.36288,3.6288,61.308,0.66528,0,0,1.37894,0.195483,0.518181,0.66528,12.849,1,0.440013,0.36288,0,97.9975,4.3133,93.607,0.84672,12.849,0.84672,3695.15,0,0,0,1.47731,2.00197,8.83881,1.07447,11.2436,0.42336,0,0.42336,460.49,0,1.02816,0,0,2.50547,1.47731,1.028160,1,0,105.369,0,0,0,105.369,0
68.4604,2.2318,0,0,4.71939,0.278015,0.36288,3.6288,61.308,0.66528,0,0,1.93159,0.195483,1.07083,0.66528,12.849,1,0.430487,0.36288,0,109.905,4.3133,105.524,0.84672,12.849,0.84672,3695.15,0,0,0,2.19121,2.06081,11.1491,1.07447,14.3266,0.42336,0,0.42336,460.49,0,1.02816,0,0,3.21937,2.19121,1.028160,1,0,120.922,0,0,0,120.922,0
70.0035,2.24206,0,0,4.43011,0.282086,0.36288,3.6288,61.308,0.66528,0,0,1.05602,0.195483,0.195261,0.66528,12.849,1,0.420802,0.36288,0,112.911,4.3133,108.54,0.84672,12.849,0.84672,3695.15,0,0,0,0.860803,2.06118,9.55541,1.07447,11.4029,0.42336,0,0.42336,460.49,0,1.02816,0,0,1.88896,0.860803,1.028160,1,0,120.138,0,0,0,120.138,0
71.2678,2.25039,0,0,4.1473,0.269738,0.36288,3.6288,61.308,0.66528,0,0,1.00903,0.147825,0.195926,0.66528,12.849,1,0.413055,0.36288,0,101.257,4.43372,96.7735,0.84672,12.849,0.84672,3695.15,0,0,0,1.00758,2.06155,8.31185,0.988629,10.3924,0.42336,0,0.42336,460.49,0,1.02816,0,0,2.03574,1.00758,1.028160,1,0,107.362,0,0,0,107.362,0
72.29,2.50224,0,0,5.07321,0.25679,1.29195,3.6288,61.308,0.66528,0,0,1.26833,0.176966,0.42608,0.66528,12.849,1,0.451133,1.29195,0,111.376,3.55605,108.66,0.84672,12.849,0.84672,3695.15,0,0,0,1.69985,2.06192,10.8176,0.839966,13.7394,0.42336,0,0.42336,460.49,0,1.02816,0,0,2.72801,1.69985,1.028160,1,0,122.826,0,0,0,122.826,0
72.29,2.5082,0,0,5.26148,0.286794,2.46648,3.6288,61.308,0.66528,0,0,1.38058,0.177985,0.537312,0.66528,12.849,1,0.445813,2.46648,0,153.163,3.30939,151.874,0.84672,12.849,0.84672,3695.15,0,0,0,2.09005,2.27283,14.0481,0.85442,17.5566,0.42336,0,0.42336,460.49,0,1.02816,0,0,3.11821,2.09005,1.028160,1,0,169.968,0,0,0,169.968,0
72.29,2.50874,0,0,4.69995,0.286794,1.90442,3.6288,61.308,0.66528,0,0,1.74575,0.177985,0.902482,0.66528,12.849,1,0.44591,1.90442,0,132.849,3.30939,130.998,0.84672,12.849,0.84672,3695.15,0,0,0,2.07223,2.27324,9.08211,0.85442,12.5732,0.42336,0,0.42336,460.49,0,1.02816,0,0,3.10039,2.07223,1.028160,1,0,144.473,0,0,0,144.473,0
72.29,2.50929,0,0,4.5347,0.281599,1.74382,3.6288,61.308,0.66528,0,0,1.82633,0.18905,0.972002,0.66528,12.849,1,0.446007,1.74382,0,135.296,3.57147,133.023,0.84672,12.849,0.84672,3695.15,0,0,0,2.5936,2.27365,9.86308,0.936412,13.7939,0.42336,0,0.42336,460.49,0,1.02816,0,0,3.62176,2.5936,1.028160,1,0,147.789,0,0,0,147.789,0
72.29,2.15915,0,0,3.82704,0.304038,1.36386,3.6288,61.308,0.66528,0,0,1.4623,0.199533,0.59749,0.66528,12.849,1,0.383772,1.36386,0,100.162,3.52377,97.6185,0.84672,12.849,0.84672,3695.15,0,0,0,1.54627,2.27406,7.67241,0.964242,10.5285,0.42336,0,0.42336,460.49,0,1.02816,0,0,2.57443,1.54627,1.028160,1,0,108.744,0,0,0,108.744,0
72.29,2.15962,0,0,3.61665,0.318209,1.13882,3.6288,61.308,0.66528,0,0,1.6835,0.19266,0.825555,0.66528,12.849,1,0.383856,1.13882,0,73.2948,3.24261,70.8072,0.84672,12.849,0.84672,3695.15,0,0,0,1.92688,1.98714,8.62557,0.893382,11.6462,0.42336,0,0.42336,460.49,0,1.02816,0,0,2.95504,1.92688,1.028160,1,0,83.279,0,0,0,83.279,0
72.29,2.1601,0,0,4.60879,0.318209,2.13049,3.6288,61.308,0.66528,0,0,2.06824,0.19266,1.2103,0.66528,12.849,1,0.383941,2.13049,0,119.973,3.24261,118.477,0.84672,12.849,0.84672,3695.15,0,0,0,2.28455,1.9875,10.719,0.893382,14.0976,0.42336,0,0.42336,460.49,0,1.02816,0,0,3.31271,2.28455,1.028160,1,0,133.785,0,0,0,133.785,0
72.29,2.16057,0,0,6.3653,0.318209,3.88652,3.6288,61.308,0.66528,0,0,1.91515,0.19266,1.05721,0.66528,12.849,1,0.384025,3.88652,0,137.646,3.24261,137.906,0.84672,12.849,0.84672,3695.15,0,0,0,2.37737,1.98785,12.1753,0.893382,15.6472,0.42336,0,0.42336,460.49,0,1.02816,0,0,3.40553,2.37737,1.028160,1,0,154.611,0,0,0,154.611,0
72.29,2.16105,0,0,4.60801,0.319753,2.12722,3.6288,61.308,0.66528,0,0,1.92518,0.205619,1.05428,0.66528,12.849,1,0.38411,2.12722,0,118.028,3.98827,115.783,0.84672,12.849,0.84672,3695.15,0,0,0,2.58762,1.98821,10.813,1.06228,14.3266,0.42336,0,0.42336,460.49,0,1.02816,0,0,3.61578,2.58762,1.028160,1,0,131.164,0,0,0,131.164,0
72.29,2.24988,0,0,7.36018,0.339799,4.7705,3.6288,61.308,0.66528,0,0,3.78813,0.150557,2.97229,0.66528,12.849,1,0.399899,4.7705,0,160.192,3.90873,160.654,0.84672,12.849,0.84672,3695.15,0,0,0,5.95254,1.98856,18.8205,0.954705,25.8069,0.42336,0,0.42336,460.49,0,1.02816,0,0,6.9807,5.95254,1.028160,1,0,189.433,0,0,0,189.433,0
72.29,2.25037,0,0,5.83275,0.321943,3.26043,3.6288,61.308,0.66528,0,0,3.76205,0.160072,2.93669,0.66528,12.849,1,0.399987,3.26043,0,190.943,4.02507,189.779,0.84672,12.849,0.84672,3695.15,0,0,0,4.83935,2.05983,13.6979,0.977606,19.6195,0.42336,0,0.42336,460.49,0,1.02816,0,0,5.86751,4.83935,1.028160,1,0,212.335,0,0,0,212.335,0
72.29,2.25087,0,0,4.83257,0.256142,2.32556,3.6288,61.308,0.66528,0,0,2.42826,0.203973,1.55901,0.66528,12.849,1,0.400074,2.32556,0,166.627,4.27515,164.277,0.84672,12.849,0.84672,3695.15,0,0,0,3.31531,2.0602,10.5326,1.09316,14.8149,0.42336,0,0.42336,460.49,0,1.02816,0,0,4.34347,3.31531,1.028160,1,0,180.651,0,0,0,180.651,0
72.29,2.25136,0,0,4.85641,0.227927,2.37712,3.6288,61.308,0.66528,0,0,2.20847,0.230789,1.3124,0.66528,12.849,1,0.400162,2.37712,0,134.381,4.22079,132.137,0.84672,12.849,0.84672,3695.15,0,0,0,3.04261,2.06057,10.4327,1.1709,14.365,0.42336,0,0.42336,460.49,0,1.02816,0,0,4.07077,3.04261,1.028160,1,0,147.814,0,0,0,147.814,0
72.29,2.21728,0,0,3.58006,0.2116,1.15118,3.6288,61.308,0.66528,0,0,1.3278,0.222814,0.439701,0.66528,12.849,1,0.394104,1.15118,0,97.5499,4.62766,93.6793,0.84672,12.849,0.84672,3695.15,0,0,0,1.67309,2.06094,6.71959,1.17902,9.2746,0.42336,0,0.42336,460.49,0,1.02816,0,0,2.70125,1.67309,1.028160,1,0,103.394,0,0,0,103.394,0
72.29,2.21776,0,0,3.18489,0.2116,0.755522,3.6288,61.308,0.66528,0,0,1.1881,0.222814,0.300001,0.66528,12.849,1,0.394191,0.755522,0,83.6456,4.62766,79.3792,0.84672,12.849,0.84672,3695.15,0,0,0,1.33519,2.0337,5.74561,1.17902,7.93548,0.42336,0,0.42336,460.49,0,1.02816,0,0,2.36335,1.33519,1.028160,1,0,87.6147,0,0,0,87.6147,0
72.29,2.21825,0,0,2.91999,0.198637,0.503105,3.6288,61.308,0.66528,0,0,1.07498,0.205748,0.203952,0.66528,12.849,1,0.394277,0.503105,0,76.7439,4.27378,72.579,0.84672,12.849,0.84672,3695.15,0,0,0,1.16375,2.03406,5.36935,1.08927,7.47789,0.42336,0,0.42336,460.49,0,1.02816,0,0,2.19191,1.16375,1.028160,1,0,80.2608,0,0,0,80.2608,0
72.2778,2.21874,0,0,2.75079,0.181354,0.36288,3.6288,61.308,0.66528,0,0,1.02775,0.182993,0.179481,0.66528,12.849,1,0.394364,0.36288,0,71.8615,3.80194,68.028,0.84672,12.849,0.84672,3695.15,0,0,0,1.26969,2.03443,5.04027,0.969594,7.37479,0.42336,0,0.42336,460.49,0,1.02816,0,0,2.29785,1.26969,1.028160,1,0,75.5823,0,0,0,75.5823,0
72.0582,2.33662,0,0,2.63543,0.155584,0.36288,3.6288,61.308,0.66528,0,0,1.1148,0.207656,0.241866,0.66528,12.849,1,0.415386,0.36288,0,65.8014,4.60172,61.1472,0.84672,12.849,0.84672,3695.15,0,0,0,1.29099,2.03479,5.33157,1.06418,7.59318,0.42336,0,0.42336,460.49,0,1.02816,0,0,2.31915,1.29099,1.028160,1,0,68.9822,0,0,0,68.9822,0
71.658,2.33605,0,0,2.41485,0.116096,0.36288,3.6288,61.308,0.66528,0,0,0.913956,0.232295,0.016382,0.66528,12.849,1,0.416551,0.36288,0,59.2949,5.30597,53.9353,0.84672,12.849,0.84672,3695.15,0,0,0,0.756285,2.132,4.66859,1.17948,6.37739,0.42336,0,0.42336,460.49,0,1.02816,0,0,1.78445,0.756285,1.028160,1,0,60.3291,0,0,0,60.3291,0
71.2226,2.33459,0,0,2.37784,0.115743,0.36288,3.6288,61.308,0.66528,0,0,0.915339,0.232295,0.0177644,0.66528,12.849,1,0.418615,0.36288,0,55.7561,5.30597,50.3944,0.84672,12.849,0.84672,3695.15,0,0,0,0.792098,2.13238,4.46755,1.17948,6.21255,0.42336,0,0.42336,460.49,0,1.02816,0,0,1.82026,0.792098,1.028160,1,0,56.6247,0,0,0,56.6247,0
70.5277,2.33293,0,0,2.12594,0.125114,0.36288,3.6288,61.2935,0.66528,0,0,0.880399,0.229661,0,0.66528,12.849,1,0.420875,0.36288,0,52.8582,5.13673,47.6635,0.84672,12.849,0.84672,3695.15,0,0,0,0.873219,2.13277,4.12849,1.18601,5.94846,0.42336,0,0.42336,460.49,0,1.02816,0,0,1.90138,0.873219,1.028160,1,0,53.612,0,0,0,53.612,0
69.8065,2.32993,0,0,2.10513,0.133494,0.36288,3.6288,61.2958,0.66528,0,0,0.898361,0.230706,0,0.66528,12.849,1,0.424475,0.36288,0,49.0133,4.70973,44.242,0.84672,12.849,0.84672,3695.15,0,0,0,0.86724,2.13315,3.95799,1.18167,5.77672,0.42336,0,0.42336,460.49,0,1.02816,0,0,1.8954,0.86724,1.028160,1,0,50.0187,0,0,0,50.0187,0
69.3239,2.30361,0,0,2.27883,0.0949345,0.36288,3.6288,61.308,0.66528,0,0,0.993773,0.249832,0.0664941,0.66528,12.849,1,0.424015,0.36288,0,46.1349,4.69991,41.3739,0.84672,12.849,0.84672,3695.15,0,0,0,1.03268,2.13354,4.49033,1.13001,6.52654,0.42336,0,0.42336,460.49,0,1.02816,0,0,2.06084,1.03268,1.028160,1,0,47.9669,0,0,0,47.9669,0
68.7575,2.30162,0,0,2.18798,0.0899036,0.36288,3.6288,61.308,0.66528,0,0,0.955394,0.257624,0.0324902,0.66528,12.849,1,0.426599,0.36288,0,43.3048,4.80849,38.4326,0.84672,12.849,0.84672,3695.15,0,0,0,1.05334,2.16781,4.55145,1.16676,6.60583,0.42336,0,0.42336,460.49,0,1.02816,0,0,2.0815,1.05334,1.028160,1,0,45.0709,0,0,0,45.0709,0
67.9585,2.29916,0,0,1.92479,0.061772,0.36288,3.6288,61.2452,0.66528,0,0,0.904072,0.301578,0,0.66528,12.849,1,0.429653,0.36288,0,40.9711,5.5956,35.3088,0.84672,12.849,0.84672,3695.15,0,0,0,0.79183,2.1682,4.36831,1.43755,5.89079,0.42336,0,0.42336,460.49,0,1.02816,0,0,1.81999,0.79183,1.028160,1,0,41.1996,0,0,0,41.1996,0
67.0815,2.29541,0,0,1.84322,0.0618849,0.36288,3.6288,61.1634,0.66528,0,0,0.878213,0.294762,0,0.66528,12.849,1,0.433996,0.36288,0,37.5743,5.9346,31.5686,0.84672,12.849,0.84672,3695.15,0,0,0,0.93566,2.16859,4.31431,1.56329,5.85526,0.42336,0,0.42336,460.49,0,1.02816,0,0,1.96382,0.93566,1.028160,1,0,37.4239,0,0,0,37.4239,0
65.98,2.35054,0,0,1.66566,0.0537061,0.36288,3.6288,60.9863,0.66528,0,0,0.805084,0.316846,0,0.66528,12.849,1,0.45023,0.36288,0,39.9935,5.96349,33.9427,0.84672,12.849,0.84672,3695.15,0,0,0,0.831704,2.16898,3.69274,1.46965,5.22377,0.42336,0,0.42336,460.49,0,1.02816,0,0,1.85986,0.831704,1.028160,1,0,39.1665,0,0,0,39.1665,0
64.7545,2.34476,0,0,1.5341,0.0519578,0.36288,3.6288,60.6995,0.66528,0,0,0.698674,0.320193,0,0.66528,12.849,1,0.45662,0.36288,0,31.151,5.9683,25.089,0.84672,12.849,0.84672,3695.15,0,0,0,0.84056,2.21743,3.31344,1.45404,4.91739,0.42336,0,0.42336,460.49,0,1.02816,0,0,1.86872,0.84056,1.028160,1,0,30.0063,0,0,0,30.0063,0
63.3974,2.33806,0,0,1.39526,0.0514504,0.36288,3.6288,60.3653,0.66528,0,0,0.650687,0.319611,0,0.66528,12.849,1,0.463932,0.36288,0,29.0398,5.9683,22.9705,0.84672,12.849,0.84672,3695.15,0,0,0,0.549305,2.21783,2.95293,1.45404,4.26603,0.42336,0,0.42336,460.49,0,1.02816,0,0,1.57747,0.549305,1.028160,1,0,27.2365,0,0,0,27.2365,0
62.1797,2.33031,0,0,1.51943,0.0439253,0.36288,3.6288,60.151,0.66528,0,0,0.768053,0.317143,0,0.66528,12.849,1,0.472293,0.36288,0,29.177,6.07644,22.9912,0.84672,12.849,0.84672,3695.15,0,0,0,0.959757,2.21823,4.17524,1.47995,5.87328,0.42336,0,0.42336,460.49,0,1.02816,0,0,1.98792,0.959757,1.028160,1,0,28.8644,0,0,0,28.8644,0
60.8568,2.49504,0,0,1.57254,0.03755,0.36288,3.6288,59.8899,0.66528,0,0,0.709456,0.305266,0,0.66528,12.849,1,0.515582,0.36288,0,28.02,6.02067,21.8467,0.84672,12.849,0.84672,3695.15,0,0,0,0.842452,2.21863,3.80551,1.50963,5.35696,0.42336,0,0.42336,460.49,0,1.02816,0,0,1.87061,0.842452,1.028160,1,0,27.2036,0,0,0,27.2036,0
59.6427,2.48632,0,0,1.66673,0.0316428,0.36288,3.6288,59.5705,0.66528,0,0,0.679602,0.333744,0,0.66528,12.849,1,0.52495,0.36288,0,28.7725,5.95361,22.6568,0.84672,12.849,0.84672,3695.15,0,0,0,0.747153,2.38361,3.17402,1.51623,4.78855,0.42336,0,0.42336,460.49,0,1.02816,0,0,1.77531,0.747153,1.028160,1,0,27.4454,0,0,0,27.4454,0
58.2331,2.47807,0,0,1.46263,0.0312987,0.36288,3.6288,59.2277,0.66528,0,0,0.655628,0.333064,0,0.66528,12.849,1,0.533857,0.36288,0,36.5748,5.95361,30.4503,0.84672,12.849,0.84672,3695.15,0,0,0,0.668062,2.38404,3.04795,1.51623,4.58383,0.42336,0,0.42336,460.49,0,1.02816,0,0,1.69622,0.668062,1.028160,1,0,35.0341,0,0,0,35.0341,0
56.8651,2.46801,0,0,1.4938,0.0308753,0.36288,3.6288,58.9822,0.66528,0,0,0.752079,0.332334,0,0.66528,12.849,1,0.544561,0.36288,0,31.6828,5.95361,25.5475,0.84672,12.849,0.84672,3695.15,0,0,0,0.764217,2.38448,3.16522,1.51623,4.79768,0.42336,0,0.42336,460.49,0,1.02816,0,0,1.79238,0.764217,1.028160,1,0,30.3452,0,0,0,30.3452,0
55.5473,2.45786,0,0,1.54335,0.0403783,0.36288,3.6288,58.7335,0.66528,0,0,0.740629,0.324076,0,0.66528,12.849,1,0.555367,0.36288,0,31.7289,5.69877,25.8377,0.84672,12.849,0.84672,3695.15,0,0,0,1.18334,2.38491,3.91822,1.45688,6.02959,0.42336,0,0.42336,460.49,0,1.02816,0,0,2.2115,1.18334,1.028160,1,0,31.8673,0,0,0,31.8673,0
54.0166,2.36551,0,0,1.29622,0.0985638,0.36288,3.6288,58.6458,0.66528,0,0,0.854826,0.277219,0,0.66528,12.849,1,0.547181,0.36288,0,22.3103,4.16976,17.9562,0.84672,12.849,0.84672,3695.15,0,0,0,1.67776,2.38534,3.44212,1.1008,6.40442,0.42336,0,0.42336,460.49,0,1.02816,0,0,2.70592,1.67776,1.028160,1,0,24.3607,0,0,0,24.3607,0
52.3469,2.35349,0,0,1.14373,0.0970568,0.36288,3.6288,58.1996,0.66528,0,0,0.496109,0.277063,0,0.66528,12.849,1,0.559829,0.36288,0,22.8524,4.16976,18.4857,0.84672,12.849,0.84672,3695.15,0,0,0,0.670663,2.29044,2.64387,1.1008,4.50417,0.42336,0,0.42336,460.49,0,1.02816,0,0,1.69882,0.670663,1.028160,1,0,22.9898,0,0,0,22.9898,0
50.4941,2.33966,0,0,0.94513,0.0954129,0.36288,3.6288,57.6951,0.66528,0,0,0.437063,0.276268,0,0.66528,12.849,1,0.574291,0.36288,0,21.0997,4.16976,16.7185,0.84672,12.849,0.84672,3695.15,0,0,0,0.482388,2.29086,2.44843,1.1008,4.12088,0.42336,0,0.42336,460.49,0,1.02816,0,0,1.51055,0.482388,1.028160,1,0,20.8394,0,0,0,20.8394,0
49.3902,2.32337,0,0,1.75686,0.174454,0.36288,3.6288,57.5085,0.66528,0,0,0.679952,0.201294,0,0.66528,12.849,1,0.591217,0.36288,0,37.255,3.13161,33.895,0.84672,12.849,0.84672,3695.15,0,0,0,0.859092,2.29127,4.25108,0.77631,6.62513,0.42336,0,0.42336,460.49,0,1.02816,0,0,1.88725,0.859092,1.028160,1,0,40.5202,0,0,0,40.5202,0
48.2552,2.24742,0,0,1.69592,0.220653,0.36288,3.6288,57.5045,0.66528,0,0,0.850337,0.18905,0,0.66528,12.849,1,0.584673,0.36288,0,42.9541,3.5967,39.1356,0.84672,12.849,0.84672,3695.15,0,0,0,1.05311,2.29169,5.20485,0.763831,7.78582,0.42336,0,0.42336,460.49,0,1.02816,0,0,2.08127,1.05311,1.028160,1,0,46.9214,0,0,0,46.9214,0
48.2497,2.23705,0,0,2.81882,0.224384,0.36288,3.6288,57.5877,0.66528,0,0,0.944574,0.196083,0,0.66528,12.849,1,0.595663,0.36288,0,45.9726,3.94884,41.791,0.84672,12.849,0.84672,3695.15,0,0,0,1.5781,2.20695,5.60638,0.810758,8.58067,0.42336,0,0.42336,460.49,0,1.02816,0,0,2.60626,1.5781,1.028160,1,0,50.3716,0,0,0,50.3716,0
49.896,2.23748,0,0,4.47108,0.224371,0.36288,3.6288,58.7037,0.66528,0,0,1.97751,0.196189,0,0.66528,12.849,1,0.595846,0.36288,0,62.5485,3.94884,58.3667,0.84672,12.849,0.84672,3695.15,0,0,0,3.43767,2.20735,9.02707,0.810758,13.8613,0.42336,0,0.42336,460.49,0,1.02816,0,0,4.46583,3.43767,1.028160,1,0,72.228,0,0,0,72.228,0
49.9238,2.25361,0,0,2.87258,0.228381,0.36288,3.6288,59.3153,0.66528,0,0,1.47441,0.197606,0,0.66528,12.849,1,0.580338,0.36288,0,43.0204,3.94884,38.8541,0.84672,12.849,0.84672,3695.15,0,0,0,2.84541,2.20775,8.90634,0.810758,13.1487,0.42336,0,0.42336,460.49,0,1.02816,0,0,3.87357,2.84541,1.028160,1,0,52.0028,0,0,0,52.0028,0
51.9796,2.06646,0,0,4.71372,0.228527,0.36288,3.6288,59.917,0.66528,0,0,1.50332,0.236253,0,0.66528,12.849,1,0.53185,0.36288,0,72.5419,4.12405,68.2488,0.84672,12.849,0.84672,3695.15,0,0,0,3.14455,2.20815,11.5074,0.972622,15.8875,0.42336,0,0.42336,460.49,0,1.02816,0,0,4.17271,3.14455,1.028160,1,0,84.1364,0,0,0,84.1364,0
53.7533,2.08378,0,0,4.45175,0.231404,0.36288,3.6288,61.2958,0.66528,0,0,2.27842,0.2344,0,0.66528,12.849,1,0.515097,0.36288,0,124.721,3.79006,120.779,0.84672,12.849,0.84672,3695.15,0,0,0,5.51007,2.01926,12.9206,1.03204,19.4179,0.42336,0,0.42336,460.49,0,1.02816,0,0,6.53823,5.51007,1.028160,1,0,140.197,0,0,0,140.197,0
56.0379,2.09796,0,0,4.99484,0.249419,0.36288,3.6288,61.308,0.66528,0,0,2.30617,0.232839,1.39583,0.66528,12.849,1,0.501489,0.36288,0,144.155,3.78567,140.231,0.84672,12.849,0.84672,3695.15,0,0,0,5.15147,2.01962,12.142,1.02703,18.286,0.42336,0,0.42336,460.49,0,1.02816,0,0,6.17963,5.15147,1.028160,1,0,159.913,0,0,0,159.913,0
57.5782,2.11506,0,0,4.27343,0.255215,0.36288,3.6288,61.308,0.66528,0,0,2.27725,0.232857,1.37912,0.66528,12.849,1,0.484964,0.36288,0,131.371,3.78567,127.463,0.84672,12.849,0.84672,3695.15,0,0,0,4.929,2.01998,12.0137,1.02703,17.9356,0.42336,0,0.42336,460.49,0,1.02816,0,0,5.95716,4.929,1.028160,1,0,146.778,0,0,0,146.778,0
61.2422,2.12613,0,0,6.41089,0.257875,0.36288,3.6288,61.308,0.66528,0,0,2.18051,0.249017,1.26621,0.66528,12.849,1,0.474461,0.36288,0,123.684,4.28179,119.291,0.84672,12.849,0.84672,3695.15,0,0,0,5.65195,2.02034,12.075,1.18105,18.5662,0.42336,0,0.42336,460.49,0,1.02816,0,0,6.68011,5.65195,1.028160,1,0,139.123,0,0,0,139.123,0
63.4458,2.22524,0,0,5.07378,0.282037,0.36288,3.6288,61.308,0.66528,0,0,2.10389,0.203883,1.23473,0.66528,12.849,1,0.466869,0.36288,0,128.272,3.942,124.226,0.84672,12.849,0.84672,3695.15,0,0,0,3.45304,2.0207,11.0039,1.13438,15.3433,0.42336,0,0.42336,460.49,0,1.02816,0,0,4.4812,3.45304,1.028160,1,0,140.804,0,0,0,140.804,0
66.5153,2.23919,0,0,5.95293,0.281377,0.36288,3.6288,61.308,0.66528,0,0,1.79262,0.167841,0.959498,0.66528,12.849,1,0.453479,0.36288,0,149.656,3.15819,146.407,0.84672,12.849,0.84672,3695.15,0,0,0,3.05038,2.08014,11.4171,0.912483,15.6351,0.42336,0,0.42336,460.49,0,1.02816,0,0,4.07854,3.05038,1.028160,1,0,163.002,0,0,0,163.002,0
67.997,2.2572,0,0,4.39024,0.288402,0.36288,3.6288,61.308,0.66528,0,0,1.74279,0.167841,0.909671,0.66528,12.849,1,0.436031,0.36288,0,102.26,3.15819,99.0291,0.84672,12.849,0.84672,3695.15,0,0,0,3.13307,2.08049,8.81591,0.912483,13.117,0.42336,0,0.42336,460.49,0,1.02816,0,0,4.16123,3.13307,1.028160,1,0,113.056,0,0,0,113.056,0
71.8601,2.26566,0,0,6.78342,0.291793,0.36288,3.6288,61.308,0.66528,0,0,2.03852,0.167841,1.2054,0.66528,12.849,1,0.428129,0.36288,0,132.177,3.15819,128.954,0.84672,12.849,0.84672,3695.15,0,0,0,3.56571,2.08085,11.9776,0.912483,16.7117,0.42336,0,0.42336,460.49,0,1.02816,0,0,4.59387,3.56571,1.028160,1,0,146.871,0,0,0,146.871,0
72.29,2.53362,0,0,9.55575,0.343962,6.24828,3.6288,61.308,0.66528,0,0,3.89482,0.133835,3.0957,0.66528,12.849,1,0.453026,6.24828,0,199.548,3.66357,201.679,0.84672,12.849,0.84672,3695.15,0,0,0,6.18774,2.08121,17.9305,0.88848,25.311,0.42336,0,0.42336,460.49,0,1.02816,0,0,7.2159,6.18774,1.028160,1,0,230.086,0,0,0,230.086,0
72.29,2.53643,0,0,8.2963,0.37769,5.38218,3.6288,61.308,0.66528,0,0,3.59686,0.10833,2.82325,0.66528,12.849,1,0.450832,5.38218,0,175.896,4.0426,176.784,0.84672,12.849,0.84672,3695.15,0,0,0,5.3999,2.29425,15.2748,0.870478,22.0985,0.42336,0,0.42336,460.49,0,1.02816,0,0,6.42806,5.3999,1.028160,1,0,201.706,0,0,0,201.706,0
72.29,2.53696,0,0,6.98293,0.367919,4.07806,3.6288,61.308,0.66528,0,0,3.18294,0.121856,2.39581,0.66528,12.849,1,0.450925,4.07806,0,133.638,4.06867,133.197,0.84672,12.849,0.84672,3695.15,0,0,0,4.18712,2.29465,12.924,0.893409,18.5123,0.42336,0,0.42336,460.49,0,1.02816,0,0,5.21528,4.18712,1.028160,1,0,154.105,0,0,0,154.105,0
72.29,2.53748,0,0,9.19901,0.34349,6.31804,3.6288,61.308,0.66528,0,0,4.62405,0.155672,3.8031,0.66528,12.849,1,0.451018,6.31804,0,161.283,4.13385,163.016,0.84672,12.849,0.84672,3695.15,0,0,0,7.18222,2.29504,28.6511,0.950738,37.1776,0.42336,0,0.42336,460.49,0,1.02816,0,0,8.21038,7.18222,1.028160,1,0,203.997,0,0,0,203.997,0
72.29,2.18375,0,0,6.89485,0.326995,4.38411,3.6288,61.308,0.66528,0,0,2.85387,0.125547,2.06304,0.66528,12.849,1,0.388145,4.38411,0,122.407,4.16205,122.241,0.84672,12.849,0.84672,3695.15,0,0,0,4.76788,2.29544,21.5745,0.902096,27.7357,0.42336,0,0.42336,460.49,0,1.02816,0,0,5.79604,4.76788,1.028160,1,0,152.04,0,0,0,152.04,0
72.29,2.18421,0,0,4.25764,0.314623,1.75881,3.6288,61.308,0.66528,0,0,1.49818,0.102953,0.729943,0.66528,12.849,1,0.388226,1.75881,0,89.9796,4.1832,87.1669,0.84672,12.849,0.84672,3695.15,0,0,0,2.49289,2.00557,10.2184,0.865614,13.8512,0.42336,0,0.42336,460.49,0,1.02816,0,0,3.52105,2.49289,1.028160,1,0,101.748,0,0,0,101.748,0
72.29,2.18466,0,0,3.4802,0.314623,0.980913,3.6288,61.308,0.66528,0,0,1.25239,0.102953,0.484152,0.66528,12.849,1,0.388308,0.980913,0,78.141,4.1832,74.5504,0.84672,12.849,0.84672,3695.15,0,0,0,1.75403,2.00592,7.75866,0.865614,10.653,0.42336,0,0.42336,460.49,0,1.02816,0,0,2.78219,1.75403,1.028160,1,0,85.6876,0,0,0,85.6876,0
72.29,2.18512,0,0,4.34828,0.314623,1.84853,3.6288,61.308,0.66528,0,0,1.64506,0.102953,0.876832,0.66528,12.849,1,0.388389,1.84853,0,103.585,4.1832,100.862,0.84672,12.849,0.84672,3695.15,0,0,0,2.54525,2.00626,8.82588,0.865614,12.5118,0.42336,0,0.42336,460.49,0,1.02816,0,0,3.57341,2.54525,1.028160,1,0,114.251,0,0,0,114.251,0
72.29,2.18558,0,0,5.87384,0.311154,3.37711,3.6288,61.308,0.66528,0,0,1.99257,0.088005,1.23929,0.66528,12.849,1,0.38847,3.37711,0,152.404,3.81623,151.576,0.84672,12.849,0.84672,3695.15,0,0,0,3.85607,2.0066,13.2437,0.807975,18.2983,0.42336,0,0.42336,460.49,0,1.02816,0,0,4.88423,3.85607,1.028160,1,0,171.114,0,0,0,171.114,0
72.29,2.27529,0,0,3.86189,0.309456,1.27714,3.6288,61.308,0.66528,0,0,1.76302,0.158676,0.939061,0.66528,12.849,1,0.404416,1.27714,0,78.3095,4.12471,75.0575,0.84672,12.849,0.84672,3695.15,0,0,0,2.38512,2.00695,10.02,0.892078,13.52,0.42336,0,0.42336,460.49,0,1.02816,0,0,3.41328,2.38512,1.028160,1,0,89.5165,0,0,0,89.5165,0
72.29,2.27577,0,0,4.61104,0.309456,2.02582,3.6288,61.308,0.66528,0,0,2.87353,0.158676,2.04957,0.66528,12.849,1,0.4045,2.02582,0,89.7702,4.12471,87.2668,0.84672,12.849,0.84672,3695.15,0,0,0,2.89437,2.07892,10.5664,0.892078,14.6476,0.42336,0,0.42336,460.49,0,1.02816,0,0,3.92253,2.89437,1.028160,1,0,103.964,0,0,0,103.964,0
72.29,2.27624,0,0,3.2514,0.309456,0.665707,3.6288,61.308,0.66528,0,0,1.47411,0.158676,0.650149,0.66528,12.849,1,0.404585,0.665707,0,61.418,4.12471,57.5544,0.84672,12.849,0.84672,3695.15,0,0,0,1.52768,2.07927,8.17491,0.892078,10.8898,0.42336,0,0.42336,460.49,0,1.02816,0,0,2.55584,1.52768,1.028160,1,0,69.0943,0,0,0,69.0943,0
72.285,2.27672,0,0,2.93513,0.300528,0.36288,3.6288,61.308,0.66528,0,0,1.615,0.163434,0.786283,0.66528,12.849,1,0.404669,0.36288,0,66.922,4.18288,62.6973,0.84672,12.849,0.84672,3695.15,0,0,0,1.60565,2.07963,8.55403,0.903528,11.3358,0.42336,0,0.42336,460.49,0,1.02816,0,0,2.63381,1.60565,1.028160,1,0,74.8194,0,0,0,74.8194,0
72.29,2.24224,0,0,3.06943,0.24336,0.578831,3.6288,61.308,0.66528,0,0,1.19238,0.163319,0.363782,0.66528,12.849,1,0.398569,0.578831,0,58.2412,3.96933,54.4521,0.84672,12.849,0.84672,3695.15,0,0,0,1.41718,2.07999,5.8577,0.968376,8.3865,0.42336,0,0.42336,460.49,0,1.02816,0,0,2.44534,1.41718,1.028160,1,0,63.2024,0,0,0,63.2024,0
72.022,2.24273,0,0,2.62097,0.283332,0.36288,3.6288,61.308,0.66528,0,0,1.03559,0.17889,0.19142,0.66528,12.849,1,0.398629,0.36288,0,47.4877,4.1539,43.298,0.84672,12.849,0.84672,3695.15,0,0,0,1.18454,2.05245,4.69268,0.996058,6.93362,0.42336,0,0.42336,460.49,0,1.02816,0,0,2.2127,1.18454,1.028160,1,0,50.4231,0,0,0,50.4231,0
71.6365,2.24194,0,0,2.40391,0.184642,0.36288,3.6288,61.3049,0.66528,0,0,0.886836,0.224668,0,0.66528,12.849,1,0.399971,0.36288,0,43.3531,4.55752,38.7585,0.84672,12.849,0.84672,3695.15,0,0,0,1.0068,2.0528,4.37346,1.02016,6.4129,0.42336,0,0.42336,460.49,0,1.02816,0,0,2.03496,1.0068,1.028160,1,0,45.1714,0,0,0,45.1714,0
71.1875,2.24059,0,0,2.33858,0.184101,0.36288,3.6288,61.308,0.66528,0,0,0.978204,0.224663,0.0851483,0.66528,12.849,1,0.40188,0.36288,0,41.8991,4.55752,37.3025,0.84672,12.849,0.84672,3695.15,0,0,0,1.2302,2.05316,5.07077,1.02016,7.33397,0.42336,0,0.42336,460.49,0,1.02816,0,0,2.25836,1.2302,1.028160,1,0,44.7217,0,0,0,44.7217,0
70.5371,2.35727,0,0,2.2604,0.190585,0.36288,3.6288,61.2917,0.66528,0,0,0.873547,0.224603,0,0.66528,12.849,1,0.425475,0.36288,0,42.3429,4.26201,38.0183,0.84672,12.849,0.84672,3695.15,0,0,0,0.965753,2.05351,4.31642,1.11093,6.22476,0.42336,0,0.42336,460.49,0,1.02816,0,0,1.99391,0.965753,1.028160,1,0,44.2431,0,0,0,44.2431,0
69.9012,2.35444,0,0,2.22785,0.146506,0.36288,3.6288,61.2884,0.66528,0,0,0.899001,0.236989,0,0.66528,12.849,1,0.428882,0.36288,0,43.7563,4.24725,39.4431,0.84672,12.849,0.84672,3695.15,0,0,0,0.970082,2.15167,3.93759,1.16174,5.89761,0.42336,0,0.42336,460.49,0,1.02816,0,0,1.99824,0.970082,1.028160,1,0,45.3407,0,0,0,45.3407,0
69.2033,2.35163,0,0,2.16245,0.145789,0.36288,3.6288,61.308,0.66528,0,0,0.95472,0.236984,0.0328521,0.66528,12.849,1,0.432268,0.36288,0,41.7063,4.24725,37.3897,0.84672,12.849,0.84672,3695.15,0,0,0,0.947177,2.15204,4.18878,1.16174,6.12626,0.42336,0,0.42336,460.49,0,1.02816,0,0,1.97534,0.947177,1.028160,1,0,43.5488,0,0,0,43.5488,0
68.3985,2.34844,0,0,2.05152,0.145003,0.36288,3.6288,61.308,0.66528,0,0,0.927763,0.237013,0.0254701,0.66528,12.849,1,0.436035,0.36288,0,39.1722,4.24725,34.8518,0.84672,12.849,0.84672,3695.15,0,0,0,0.863101,2.15241,3.87277,1.16174,5.72654,0.42336,0,0.42336,460.49,0,1.02816,0,0,1.89126,0.863101,1.028160,1,0,40.6038,0,0,0,40.6038,0
67.4507,2.34461,0,0,1.90066,0.140999,0.36288,3.6288,61.3027,0.66528,0,0,0.897307,0.237345,0,0.66528,12.849,1,0.440446,0.36288,0,36.1883,4.32561,31.7851,0.84672,12.849,0.84672,3695.15,0,0,0,0.720861,2.15278,3.70466,1.15392,5.42438,0.42336,0,0.42336,460.49,0,1.02816,0,0,1.74902,0.720861,1.028160,1,0,37.2095,0,0,0,37.2095,0
66.4332,2.31666,0,0,1.78361,0.121511,0.36288,3.6288,61.308,0.66528,0,0,1.03957,0.23933,0.129646,0.66528,12.849,1,0.441312,0.36288,0,33.9192,4.79577,29.045,0.84672,12.849,0.84672,3695.15,0,0,0,0.762057,2.15315,3.43099,1.10699,5.2392,0.42336,0,0.42336,460.49,0,1.02816,0,0,1.79022,0.762057,1.028160,1,0,34.4138,0,0,0,34.4138,0
65.3799,2.31148,0,0,1.74154,0.120537,0.36288,3.6288,61.308,0.66528,0,0,0.977685,0.239338,0.0730675,0.66528,12.849,1,0.447068,0.36288,0,31.9172,4.79577,27.0372,0.84672,12.849,0.84672,3695.15,0,0,0,0.755732,2.18775,3.54422,1.10699,5.38071,0.42336,0,0.42336,460.49,0,1.02816,0,0,1.78389,0.755732,1.028160,1,0,32.491,0,0,0,32.491,0
64.236,2.30594,0,0,1.62175,0.0968627,0.36288,3.6288,61.308,0.66528,0,0,0.958133,0.278199,0.0146537,0.66528,12.849,1,0.453182,0.36288,0,30.3151,5.3387,24.8861,0.84672,12.849,0.84672,3695.15,0,0,0,0.656484,2.18813,3.3956,1.29074,4.94947,0.42336,0,0.42336,460.49,0,1.02816,0,0,1.68464,0.656484,1.028160,1,0,29.8502,0,0,0,29.8502,0
62.915,2.29969,0,0,1.42916,0.0875718,0.36288,3.6288,61.2627,0.66528,0,0,0.905679,0.285705,0,0.66528,12.849,1,0.460003,0.36288,0,27.8378,5.96267,21.778,0.84672,12.849,0.84672,3695.15,0,0,0,0.652838,2.1885,3.39973,1.51513,4.72594,0.42336,0,0.42336,460.49,0,1.02816,0,0,1.681,0.652838,1.028160,1,0,26.504,0,0,0,26.504,0
61.8485,2.3515,0,0,1.71776,0.0698104,0.36288,3.6288,61.308,0.66528,0,0,1.03169,0.316881,0.00422687,0.66528,12.849,1,0.480242,0.36288,0,34.0086,5.79721,28.094,0.84672,12.849,0.84672,3695.15,0,0,0,0.569411,2.18888,3.35248,1.50936,4.6014,0.42336,0,0.42336,460.49,0,1.02816,0,0,1.59757,0.569411,1.028160,1,0,32.6996,0,0,0,32.6996,0
60.7036,2.34513,0,0,1.6256,0.0624923,0.36288,3.6288,61.1748,0.66528,0,0,0.862099,0.330014,0,0.66528,12.849,1,0.4872,0.36288,0,28.6475,5.70391,22.8192,0.84672,12.849,0.84672,3695.15,0,0,0,0.551707,2.2378,3.21538,1.49699,4.50789,0.42336,0,0.42336,460.49,0,1.02816,0,0,1.57987,0.551707,1.028160,1,0,27.3271,0,0,0,27.3271,0
59.4438,2.33803,0,0,1.50295,0.0619027,0.36288,3.6288,60.9793,0.66528,0,0,0.799477,0.329737,0,0.66528,12.849,1,0.494886,0.36288,0,27.4704,5.70391,21.6345,0.84672,12.849,0.84672,3695.15,0,0,0,0.35945,2.23818,2.79575,1.49699,3.89639,0.42336,0,0.42336,460.49,0,1.02816,0,0,1.38761,0.35945,1.028160,1,0,25.5309,0,0,0,25.5309,0
58.2306,2.32989,0,0,1.53635,0.0567719,0.36288,3.6288,60.8699,0.66528,0,0,0.887829,0.331913,0,0.66528,12.849,1,0.503615,0.36288,0,26.127,5.77869,20.2076,0.84672,12.849,0.84672,3695.15,0,0,0,0.546687,2.23857,3.45812,1.51193,4.73144,0.42336,0,0.42336,460.49,0,1.02816,0,0,1.57485,0.546687,1.028160,1,0,24.939,0,0,0,24.939,0
56.8894,2.49338,0,0,1.56962,0.0545623,0.36288,3.6288,60.8702,0.66528,0,0,0.965019,0.299422,0,0.66528,12.849,1,0.550183,0.36288,0,25.9896,5.65174,20.1506,0.84672,12.849,0.84672,3695.15,0,0,0,0.713016,2.23896,3.6282,1.48563,5.09455,0.42336,0,0.42336,460.49,0,1.02816,0,0,1.74118,0.713016,1.028160,1,0,25.2451,0,0,0,25.2451,0
55.2269,2.48331,0,0,1.25461,0.0708493,0.36288,3.6288,60.9254,0.66528,0,0,1.00698,0.286521,0,0.66528,12.849,1,0.560879,0.36288,0,27.0357,5.05428,21.7834,0.84672,12.849,0.84672,3695.15,0,0,0,0.626288,2.40555,2.66607,1.30365,4.39426,0.42336,0,0.42336,460.49,0,1.02816,0,0,1.65445,0.626288,1.028160,1,0,26.1777,0,0,0,26.1777,0
53.5905,2.47012,0,0,1.26628,0.0696883,0.36288,3.6288,60.9687,0.66528,0,0,0.995207,0.286622,0,0.66528,12.849,1,0.574694,0.36288,0,26.5827,5.05428,21.3166,0.84672,12.849,0.84672,3695.15,0,0,0,0.711737,2.40597,2.86915,1.30365,4.6832,0.42336,0,0.42336,460.49,0,1.02816,0,0,1.7399,0.711737,1.028160,1,0,25.9998,0,0,0,25.9998,0
52.218,2.45647,0,0,1.5154,0.0685456,0.36288,3.6288,61.0643,0.66528,0,0,1.04757,0.2867,0,0.66528,12.849,1,0.58897,0.36288,0,25.9928,5.05428,20.7125,0.84672,12.849,0.84672,3695.15,0,0,0,0.733035,2.40639,3.85457,1.30365,5.69034,0.42336,0,0.42336,460.49,0,1.02816,0,0,1.76119,0.733035,1.028160,1,0,26.4028,0,0,0,26.4028,0
50.4698,2.44455,0,0,1.13099,0.0717981,0.36288,3.6288,61.0243,0.66528,0,0,0.912237,0.286955,0,0.66528,12.849,1,0.601518,0.36288,0,24.769,5.07648,19.4539,0.84672,12.849,0.84672,3695.15,0,0,0,0.633174,2.40681,2.5888,1.2993,4.32948,0.42336,0,0.42336,460.49,0,1.02816,0,0,1.66133,0.633174,1.028160,1,0,23.7833,0,0,0,23.7833,0
50.1514,2.347,0,0,2.47498,0.0834881,0.36288,3.6288,61.308,0.66528,0,0,1.72498,0.255386,0.520611,0.66528,12.849,1,0.597517,0.36288,0,49.1679,4.7188,44.2145,0.84672,12.849,0.84672,3695.15,0,0,0,2.03301,2.40722,7.07288,1.17359,10.3395,0.42336,0,0.42336,460.49,0,1.02816,0,0,3.06117,2.03301,1.028160,1,0,55.0746,0,0,0,55.0746,0
50.0739,2.34446,0,0,2.71308,0.0832084,0.36288,3.6288,61.308,0.66528,0,0,1.96017,0.255845,1.03904,0.66528,12.849,1,0.600661,0.36288,0,58.2034,4.7188,53.2468,0.84672,12.849,0.84672,3695.15,0,0,0,2.12476,2.31136,7.35471,1.17359,10.6172,0.42336,0,0.42336,460.49,0,1.02816,0,0,3.15292,2.12476,1.028160,1,0,64.9031,0,0,0,64.9031,0
50.0342,2.3442,0,0,2.75049,0.0831403,0.36288,3.6288,61.308,0.66528,0,0,1.62088,0.255845,0.699757,0.66528,12.849,1,0.601524,0.36288,0,57.2949,4.7188,52.3374,0.84672,12.849,0.84672,3695.15,0,0,0,1.90074,2.31176,6.63811,1.17359,9.67702,0.42336,0,0.42336,460.49,0,1.02816,0,0,2.9289,1.90074,1.028160,1,0,62.7142,0,0,0,62.7142,0
49.5746,2.34431,0,0,2.37597,0.128394,0.36288,3.6288,61.308,0.66528,0,0,1.63481,0.220957,0.748572,0.66528,12.849,1,0.602029,0.36288,0,67.4649,4.39919,62.8266,0.84672,12.849,0.84672,3695.15,0,0,0,1.86284,2.31216,7.55258,1.05391,10.6737,0.42336,0,0.42336,460.49,0,1.02816,0,0,2.891,1.86284,1.028160,1,0,74.2488,0,0,0,74.2488,0
48.9624,2.2737,0,0,2.23105,0.206695,0.36288,3.6288,61.308,0.66528,0,0,1.61602,0.198202,0.752535,0.66528,12.849,1,0.589309,0.36288,0,65.6119,4.56937,60.8161,0.84672,12.849,0.84672,3695.15,0,0,0,1.54653,2.31256,9.17775,1.0357,12.0011,0.42336,0,0.42336,460.49,0,1.02816,0,0,2.57469,1.54653,1.028160,1,0,73.5698,0,0,0,73.5698,0
48.1933,2.26833,0,0,2.0629,0.200736,0.36288,3.6288,61.308,0.66528,0,0,1.84077,0.227196,0.948294,0.66528,12.849,1,0.595269,0.36288,0,43.4278,4.37115,38.8243,0.84672,12.849,0.84672,3695.15,0,0,0,1.22589,2.22697,9.16453,1.10286,11.5145,0.42336,0,0.42336,460.49,0,1.02816,0,0,2.25405,1.22589,1.028160,1,0,51.2871,0,0,0,51.2871,0
48.3201,2.2613,0,0,2.95002,0.199069,0.36288,3.6288,61.308,0.66528,0,0,1.72822,0.227196,0.835749,0.66528,12.849,1,0.602893,0.36288,0,53.8413,4.37115,49.2301,0.84672,12.849,0.84672,3695.15,0,0,0,0.987681,2.22735,10.4929,1.10286,12.6051,0.42336,0,0.42336,460.49,0,1.02816,0,0,2.01584,0.987681,1.028160,1,0,62.671,0,0,0,62.671,0
53.2273,2.26302,0,0,7.73248,0.199343,0.36288,3.6288,61.308,0.66528,0,0,5.16912,0.227196,4.27665,0.66528,12.849,1,0.601768,0.36288,0,119.648,4.37115,115.038,0.84672,12.849,0.84672,3695.15,0,0,0,5.89738,2.22774,21.2233,1.10286,28.2455,0.42336,0,0.42336,460.49,0,1.02816,0,0,6.92554,5.89738,1.028160,1,0,147.56,0,0,0,147.56,0
55.6489,2.11601,0,0,5.11169,0.211231,0.36288,3.6288,61.308,0.66528,0,0,3.99424,0.222977,3.10598,0.66528,12.849,1,0.510801,0.36288,0,80.3094,4.49277,75.6687,0.84672,12.849,0.84672,3695.15,0,0,0,3.40135,2.22812,13.959,1.10916,18.4794,0.42336,0,0.42336,460.49,0,1.02816,0,0,4.42951,3.40135,1.028160,1,0,97.254,0,0,0,97.254,0
57.8303,2.13451,0,0,4.89864,0.21987,0.36288,3.6288,61.308,0.66528,0,0,4.84861,0.212429,3.9709,0.66528,12.849,1,0.492846,0.36288,0,80.7579,4.79682,75.8311,0.84672,12.849,0.84672,3695.15,0,0,0,2.78942,2.03736,18.1905,1.1249,21.8924,0.42336,0,0.42336,460.49,0,1.02816,0,0,3.81758,2.78942,1.028160,1,0,101.694,0,0,0,101.694,0
64.3732,2.15017,0,0,9.28057,0.224656,0.36288,3.6288,61.308,0.66528,0,0,9.17248,0.212429,8.29477,0.66528,12.849,1,0.477734,0.36288,0,109.883,4.79682,104.971,0.84672,12.849,0.84672,3695.15,0,0,0,4.43249,2.0377,24.8214,1.1249,30.1667,0.42336,0,0.42336,460.49,0,1.02816,0,0,5.46065,4.43249,1.028160,1,0,143.432,0,0,0,143.432,0
68.286,2.1911,0,0,6.70476,0.237899,0.36288,3.6288,61.308,0.66528,0,0,3.92653,0.212429,3.04882,0.66528,12.849,1,0.437348,0.36288,0,73.9897,4.79682,69.1184,0.84672,12.849,0.84672,3695.15,0,0,0,2.4468,2.03805,16.6704,1.1249,20.0304,0.42336,0,0.42336,460.49,0,1.02816,0,0,3.47496,2.4468,1.028160,1,0,92.1976,0,0,0,92.1976,0
71.0994,2.21266,0,0,5.69968,0.310782,0.36288,3.6288,61.308,0.66528,0,0,2.74676,0.219092,1.86239,0.66528,12.849,1,0.416343,0.36288,0,101.194,4.10119,97.0396,0.84672,12.849,0.84672,3695.15,0,0,0,2.01398,2.0384,15.6957,0.978941,18.7691,0.42336,0,0.42336,460.49,0,1.02816,0,0,3.04214,2.01398,1.028160,1,0,117.671,0,0,0,117.671,0
72.29,2.30485,0,0,4.71956,0.321356,0.902742,3.6288,61.308,0.66528,0,0,1.51408,0.243079,0.605723,0.66528,12.849,1,0.416531,0.902742,0,72.6857,4.69078,68.4812,0.84672,12.849,0.84672,3695.15,0,0,0,1.36335,2.03875,10.9588,1.29599,13.0649,0.42336,0,0.42336,460.49,0,1.02816,0,0,2.39151,1.36335,1.028160,1,0,82.1518,0,0,0,82.1518,0
72.29,2.31114,0,0,6.40499,0.324913,3.76894,3.6288,61.308,0.66528,0,0,2.14757,0.247077,1.23521,0.66528,12.849,1,0.410787,3.76894,0,139.421,4.78905,137.99,0.84672,12.849,0.84672,3695.15,0,0,0,2.03159,2.09874,14.7277,1.34884,17.5092,0.42336,0,0.42336,460.49,0,1.02816,0,0,3.05975,2.03159,1.028160,1,0,156.735,0,0,0,156.735,0
72.29,2.31159,0,0,11.1312,0.324913,8.49469,3.6288,61.308,0.66528,0,0,4.15223,0.247077,3.23987,0.66528,12.849,1,0.410868,8.49469,0,133.402,4.78905,136.697,0.84672,12.849,0.84672,3695.15,0,0,0,4.06271,2.09909,21.4313,1.34884,26.2442,0.42336,0,0.42336,460.49,0,1.02816,0,0,5.09087,4.06271,1.028160,1,0,166.181,0,0,0,166.181,0
72.29,2.31205,0,0,12.7296,0.327763,10.0898,3.6288,61.308,0.66528,0,0,3.89893,0.243568,2.99008,0.66528,12.849,1,0.41095,10.0898,0,318.298,4.59723,323.38,0.84672,12.849,0.84672,3695.15,0,0,0,3.43227,2.09943,21.458,1.2972,25.6925,0.42336,0,0.42336,460.49,0,1.02816,0,0,4.46043,3.43227,1.028160,1,0,352.063,0,0,0,352.063,0
72.29,2.56311,0,0,14.7484,0.327086,11.8582,3.6288,61.308,0.66528,0,0,3.14156,0.218451,2.25783,0.66528,12.849,1,0.455574,11.8582,0,196.458,4.24583,203.615,0.84672,12.849,0.84672,3695.15,0,0,0,3.22533,2.09977,18.903,1.2073,23.0208,0.42336,0,0.42336,460.49,0,1.02816,0,0,4.25349,3.22533,1.028160,1,0,228.893,0,0,0,228.893,0
72.29,2.56361,0,0,8.21776,0.328858,5.32529,3.6288,61.308,0.66528,0,0,2.16524,0.23926,1.2607,0.66528,12.849,1,0.455663,5.32529,0,187.908,4.92821,187.849,0.84672,12.849,0.84672,3695.15,0,0,0,2.30005,2.31487,13.4139,1.27526,16.7536,0.42336,0,0.42336,460.49,0,1.02816,0,0,3.32821,2.30005,1.028160,1,0,205.864,0,0,0,205.864,0
72.29,2.56412,0,0,7.45803,0.334017,4.5599,3.6288,61.308,0.66528,0,0,2.22342,0.222439,1.3357,0.66528,12.849,1,0.455752,4.5599,0,164.841,4.72773,164.217,0.84672,12.849,0.84672,3695.15,0,0,0,2.33112,2.31525,13.7701,1.19791,17.2185,0.42336,0,0.42336,460.49,0,1.02816,0,0,3.35928,2.33112,1.028160,1,0,182.771,0,0,0,182.771,0
72.29,2.56462,0,0,7.70308,0.334017,4.80444,3.6288,61.308,0.66528,0,0,2.55526,0.222439,1.66754,0.66528,12.849,1,0.455842,4.80444,0,183.987,4.72773,183.608,0.84672,12.849,0.84672,3695.15,0,0,0,2.60131,2.31563,14.0411,1.19791,17.7602,0.42336,0,0.42336,460.49,0,1.02816,0,0,3.62947,2.60131,1.028160,1,0,203.036,0,0,0,203.036,0
72.29,2.20743,0,0,7.5784,0.349507,5.02147,3.6288,61.308,0.66528,0,0,3.08923,0.212147,2.21181,0.66528,12.849,1,0.392354,5.02147,0,146.138,4.52303,146.244,0.84672,12.849,0.84672,3695.15,0,0,0,3.94729,2.31602,15.0892,1.05991,20.2926,0.42336,0,0.42336,460.49,0,1.02816,0,0,4.97545,3.94729,1.028160,1,0,168.748,0,0,0,168.748,0
72.29,2.20787,0,0,7.08154,0.37016,4.50351,3.6288,61.308,0.66528,0,0,2.81441,0.198423,1.95071,0.66528,12.849,1,0.392432,4.50351,0,105.452,4.25009,105.313,0.84672,12.849,0.84672,3695.15,0,0,0,4.61042,2.02332,15.8956,0.875912,21.6534,0.42336,0,0.42336,460.49,0,1.02816,0,0,5.63858,4.61042,1.028160,1,0,128.917,0,0,0,128.917,0
72.29,2.20831,0,0,5.63035,0.37016,3.05188,3.6288,61.308,0.66528,0,0,2.13503,0.198423,1.27133,0.66528,12.849,1,0.39251,3.05188,0,119.944,4.25009,118.353,0.84672,12.849,0.84672,3695.15,0,0,0,2.85019,2.02365,11.7073,0.875912,15.7052,0.42336,0,0.42336,460.49,0,1.02816,0,0,3.87835,2.85019,1.028160,1,0,135.33,0,0,0,135.33,0
72.29,2.20875,0,0,3.81483,0.358831,1.24725,3.6288,61.308,0.66528,0,0,1.47538,0.192407,0.617697,0.66528,12.849,1,0.392588,1.24725,0,96.7585,4.16289,93.4503,0.84672,12.849,0.84672,3695.15,0,0,0,2.18279,2.02398,10.5722,0.863386,13.9155,0.42336,0,0.42336,460.49,0,1.02816,0,0,3.21095,2.18279,1.028160,1,0,107.984,0,0,0,107.984,0
72.29,2.20919,0,0,5.18615,0.290862,2.6861,3.6288,61.308,0.66528,0,0,1.75862,0.156309,0.937031,0.66528,12.849,1,0.392666,2.6861,0,98.9885,3.63972,97.6422,0.84672,12.849,0.84672,3695.15,0,0,0,2.77937,2.02431,11.3313,0.788234,15.3467,0.42336,0,0.42336,460.49,0,1.02816,0,0,3.80753,2.77937,1.028160,1,0,113.926,0,0,0,113.926,0
72.29,2.29974,0,0,8.23193,0.271117,5.66107,3.6288,61.308,0.66528,0,0,3.04697,0.16527,2.21642,0.66528,12.849,1,0.408762,5.66107,0,184.964,4.33115,185.885,0.84672,12.849,0.84672,3695.15,0,0,0,4.73308,2.02464,18.4624,0.89004,24.3301,0.42336,0,0.42336,460.49,0,1.02816,0,0,5.76124,4.73308,1.028160,1,0,212.432,0,0,0,212.432,0
72.29,2.3002,0,0,7.6127,0.271117,5.04139,3.6288,61.308,0.66528,0,0,3.01269,0.16527,2.18214,0.66528,12.849,1,0.408843,5.04139,0,178.631,4.33115,178.933,0.84672,12.849,0.84672,3695.15,0,0,0,4.40847,2.09729,18.0465,0.89004,23.6623,0.42336,0,0.42336,460.49,0,1.02816,0,0,5.43663,4.40847,1.028160,1,0,204.777,0,0,0,204.777,0
72.29,2.30065,0,0,6.70048,0.256028,4.14379,3.6288,61.308,0.66528,0,0,2.27508,0.163605,1.4462,0.66528,12.849,1,0.408924,4.14379,0,133.364,4.43,132.668,0.84672,12.849,0.84672,3695.15,0,0,0,3.47776,2.09763,11.3428,0.896468,16.0217,0.42336,0,0.42336,460.49,0,1.02816,0,0,4.50592,3.47776,1.028160,1,0,150.136,0,0,0,150.136,0
72.29,2.30111,0,0,5.34749,0.218305,2.82808,3.6288,61.308,0.66528,0,0,1.72766,0.159442,0.902941,0.66528,12.849,1,0.409005,2.82808,0,125.76,4.67712,123.502,0.84672,12.849,0.84672,3695.15,0,0,0,2.17998,2.09797,8.80995,0.912537,12.1754,0.42336,0,0.42336,460.49,0,1.02816,0,0,3.20814,2.17998,1.028160,1,0,136.581,0,0,0,136.581,0
72.29,2.26631,0,0,5.39332,0.152607,2.97441,3.6288,61.308,0.66528,0,0,1.82153,0.180419,0.975829,0.66528,12.849,1,0.402819,2.97441,0,121.826,4.55187,119.845,0.84672,12.849,0.84672,3695.15,0,0,0,2.32112,2.09831,9.87016,0.977513,13.3121,0.42336,0,0.42336,460.49,0,1.02816,0,0,3.34928,2.32112,1.028160,1,0,134.133,0,0,0,134.133,0
72.29,2.26676,0,0,5.40954,0.126327,3.01646,3.6288,61.308,0.66528,0,0,1.76272,0.188809,0.908626,0.66528,12.849,1,0.402899,3.01646,0,112.967,4.50177,111.079,0.84672,12.849,0.84672,3695.15,0,0,0,1.98583,2.07049,10.0774,1.0035,13.1302,0.42336,0,0.42336,460.49,0,1.02816,0,0,3.01399,1.98583,1.028160,1,0,125.118,0,0,0,125.118,0
72.29,2.26721,0,0,4.96803,0.126327,2.5745,3.6288,61.308,0.66528,0,0,1.64524,0.188809,0.791148,0.66528,12.849,1,0.402979,2.5745,0,103.624,4.50177,101.294,0.84672,12.849,0.84672,3695.15,0,0,0,1.91247,2.07083,8.52941,1.0035,11.5092,0.42336,0,0.42336,460.49,0,1.02816,0,0,2.94063,1.91247,1.028160,1,0,113.594,0,0,0,113.594,0
72.29,2.26765,0,0,4.59714,0.0887797,2.2407,3.6288,61.308,0.66528,0,0,1.55431,0.220372,0.668658,0.66528,12.849,1,0.403058,2.2407,0,91.1192,4.77148,88.1853,0.84672,12.849,0.84672,3695.15,0,0,0,1.81816,2.07117,8.54807,0.994805,11.4426,0.42336,0,0.42336,460.49,0,1.02816,0,0,2.84632,1.81816,1.028160,1,0,100.297,0,0,0,100.297,0
72.29,2.38788,0,0,4.53361,0.0791781,2.06655,3.6288,61.308,0.66528,0,0,1.50597,0.234212,0.606477,0.66528,12.849,1,0.424427,2.06655,0,83.4641,4.8551,80.2512,0.84672,12.849,0.84672,3695.15,0,0,0,1.68344,2.07151,8.81893,0.982927,11.591,0.42336,0,0.42336,460.49,0,1.02816,0,0,2.7116,1.68344,1.028160,1,0,92.4486,0,0,0,92.4486,0
72.29,2.38835,0,0,4.26062,0.0350406,1.83723,3.6288,61.308,0.66528,0,0,1.35131,0.24268,0.443353,0.66528,12.849,1,0.424511,1.83723,0,74.2703,5.20139,70.4816,0.84672,12.849,0.84672,3695.15,0,0,0,1.36467,2.1706,7.04134,1.03597,9.54064,0.42336,0,0.42336,460.49,0,1.02816,0,0,2.39283,1.36467,1.028160,1,0,80.4656,0,0,0,80.4656,0
72.29,2.38882,0,0,4.07612,0.0350406,1.65226,3.6288,61.308,0.66528,0,0,1.29101,0.24268,0.383046,0.66528,12.849,1,0.424594,1.65226,0,68.4141,5.20139,64.4404,0.84672,12.849,0.84672,3695.15,0,0,0,1.27642,2.17095,6.80962,1.03597,9.22102,0.42336,0,0.42336,460.49,0,1.02816,0,0,2.30458,1.27642,1.028160,1,0,74.0445,0,0,0,74.0445,0
72.29,2.38929,0,0,3.90301,0.0350406,1.47868,3.6288,61.308,0.66528,0,0,1.31246,0.24268,0.404499,0.66528,12.849,1,0.424678,1.47868,0,65.2743,5.20139,61.127,0.84672,12.849,0.84672,3695.15,0,0,0,1.55564,2.17131,6.48372,1.03597,9.17469,0.42336,0,0.42336,460.49,0,1.02816,0,0,2.5838,1.55564,1.028160,1,0,70.7061,0,0,0,70.7061,0
72.29,2.38976,0,0,3.59518,0.0645436,1.14088,3.6288,61.308,0.66528,0,0,1.22991,0.234779,0.329854,0.66528,12.849,1,0.424762,1.14088,0,61.0197,4.6937,57.0421,0.84672,12.849,0.84672,3695.15,0,0,0,1.42811,2.17166,5.93705,1.05556,8.48126,0.42336,0,0.42336,460.49,0,1.02816,0,0,2.45627,1.42811,1.028160,1,0,65.8532,0,0,0,65.8532,0
72.29,2.36653,0,0,3.38994,0.061973,0.961441,3.6288,61.308,0.66528,0,0,1.04013,0.298243,0.0766037,0.66528,12.849,1,0.420632,0.961441,0,59.8525,5.2752,55.1181,0.84672,12.849,0.84672,3695.15,0,0,0,0.748086,2.17202,5.71526,1.20016,7.4352,0.42336,0,0.42336,460.49,0,1.02816,0,0,1.77625,0.748086,1.028160,1,0,62.6299,0,0,0,62.6299,0
72.29,2.36699,0,0,3.2308,0.061973,0.801833,3.6288,61.308,0.66528,0,0,1.00011,0.298243,0.0365918,0.66528,12.849,1,0.420715,0.801833,0,57.8495,5.2752,52.9554,0.84672,12.849,0.84672,3695.15,0,0,0,0.707003,2.20692,5.4248,1.20016,7.13856,0.42336,0,0.42336,460.49,0,1.02816,0,0,1.73516,0.707003,1.028160,1,0,60.1305,0,0,0,60.1305,0
72.29,2.36746,0,0,3.06257,0.0343929,0.660716,3.6288,61.2546,0.66528,0,0,0.953199,0.341289,0,0.66528,12.849,1,0.420798,0.660716,0,54.3607,6.04627,48.5544,0.84672,12.849,0.84672,3695.15,0,0,0,0.719531,2.20728,5.29564,1.43017,6.79228,0.42336,0,0.42336,460.49,0,1.02816,0,0,1.74769,0.719531,1.028160,1,0,55.3466,0,0,0,55.3466,0
72.29,2.36793,0,0,2.81067,0.042277,0.400466,3.6288,61.2027,0.66528,0,0,0.939427,0.326032,0,0.66528,12.849,1,0.420881,0.400466,0,54.3745,6.06091,48.2931,0.84672,12.849,0.84672,3695.15,0,0,0,0.696479,2.20765,5.10286,1.39386,6.61313,0.42336,0,0.42336,460.49,0,1.02816,0,0,1.72464,0.696479,1.028160,1,0,54.9063,0,0,0,54.9063,0
72.0815,2.42966,0,0,2.62053,0.0364487,0.36288,3.6288,60.9682,0.66528,0,0,0.763957,0.333266,0,0.66528,12.849,1,0.431854,0.36288,0,44.6303,5.79271,38.7686,0.84672,12.849,0.84672,3695.15,0,0,0,0.355571,2.20801,4.0356,1.44577,5.1534,0.42336,0,0.42336,460.49,0,1.02816,0,0,1.38373,0.355571,1.028160,1,0,43.922,0,0,0,43.922,0
72.2294,2.42908,0,0,2.97181,0.0320267,0.36288,3.6288,60.8577,0.66528,0,0,0.8931,0.338268,0,0.66528,12.849,1,0.432999,0.36288,0,56.409,5.59156,50.7473,0.84672,12.849,0.84672,3695.15,0,0,0,0.471027,2.25737,4.25939,1.48471,5.50308,0.42336,0,0.42336,460.49,0,1.02816,0,0,1.49919,0.471027,1.028160,1,0,56.2504,0,0,0,56.2504,0
72.1091,2.43031,0,0,2.705,0.0320627,0.36288,3.6288,60.591,0.66528,0,0,0.736629,0.338031,0,0.66528,12.849,1,0.432332,0.36288,0,45.435,5.59156,39.774,0.84672,12.849,0.84672,3695.15,0,0,0,0.50341,2.25774,3.95794,1.48471,5.23438,0.42336,0,0.42336,460.49,0,1.02816,0,0,1.53157,0.50341,1.028160,1,0,45.0084,0,0,0,45.0084,0
71.7442,2.43018,0,0,2.4602,0.0320334,0.36288,3.6288,60.2743,0.66528,0,0,0.686016,0.33746,0,0.66528,12.849,1,0.433029,0.36288,0,42.3557,5.59156,36.694,0.84672,12.849,0.84672,3695.15,0,0,0,0.264678,2.25811,3.5273,1.48471,4.56537,0.42336,0,0.42336,460.49,0,1.02816,0,0,1.29284,0.264678,1.028160,1,0,41.2594,0,0,0,41.2594,0
71.5124,2.60812,0,0,2.76034,0.0211886,0.36288,3.6288,60.0696,0.66528,0,0,0.796176,0.335615,0,0.66528,12.849,1,0.4671,0.36288,0,44.2056,5.66744,38.434,0.84672,12.849,0.84672,3695.15,0,0,0,0.605707,2.25848,4.94451,1.49914,6.30956,0.42336,0,0.42336,460.49,0,1.02816,0,0,1.63387,0.605707,1.028160,1,0,44.7435,0,0,0,44.7435,0
71.7016,2.60735,0,0,3.18439,0.0249365,0.36288,3.6288,59.8486,0.66528,0,0,0.7365,0.292215,0,0.66528,12.849,1,0.468476,0.36288,0,49.3891,5.07581,44.2077,0.84672,12.849,0.84672,3695.15,0,0,0,0.587555,2.42664,5.28616,1.37655,6.9238,0.42336,0,0.42336,460.49,0,1.02816,0,0,1.61571,0.587555,1.028160,1,0,51.1315,0,0,0,51.1315,0
71.6001,2.60891,0,0,2.8953,0.0249725,0.36288,3.6288,59.5819,0.66528,0,0,0.69044,0.291803,0,0.66528,12.849,1,0.467519,0.36288,0,44.5766,5.07581,39.3962,0.84672,12.849,0.84672,3695.15,0,0,0,0.453816,2.42704,3.80193,1.37655,5.30623,0.42336,0,0.42336,460.49,0,1.02816,0,0,1.48198,0.453816,1.028160,1,0,44.7024,0,0,0,44.7024,0
71.1197,2.60886,0,0,2.51624,0.0249532,0.36288,3.6288,59.2253,0.66528,0,0,0.599965,0.291307,0,0.66528,12.849,1,0.468172,0.36288,0,38.4893,5.07581,33.3082,0.84672,12.849,0.84672,3695.15,0,0,0,0.321805,2.42744,3.47787,1.37655,4.85056,0.42336,0,0.42336,460.49,0,1.02816,0,0,1.34997,0.321805,1.028160,1,0,38.1588,0,0,0,38.1588,0
70.7554,2.60669,0,0,2.63018,0.0248617,0.36288,3.6288,58.8513,0.66528,0,0,0.581937,0.290643,0,0.66528,12.849,1,0.470943,0.36288,0,43.4461,5.07581,38.2622,0.84672,12.849,0.84672,3695.15,0,0,0,0.28804,2.42784,3.4472,1.37655,4.78654,0.42336,0,0.42336,460.49,0,1.02816,0,0,1.3162,0.28804,1.028160,1,0,43.0487,0,0,0,43.0487,0
70.799,2.51785,0,0,2.99816,0.0739141,0.36288,3.6288,58.9795,0.66528,0,0,1.057,0.263549,0,0.66528,12.849,1,0.457235,0.36288,0,49.4667,4.93308,44.4392,0.84672,12.849,0.84672,3695.15,0,0,0,1.08781,2.42824,7.24283,1.24447,9.51442,0.42336,0,0.42336,460.49,0,1.02816,0,0,2.11597,1.08781,1.028160,1,0,53.9537,0,0,0,53.9537,0
72.29,2.51858,0,0,5.10923,0.0762569,1.02335,3.6288,59.5792,0.66528,0,0,1.52552,0.260596,0,0.66528,12.849,1,0.457086,1.02335,0,75.2007,4.94393,70.823,0.84672,12.849,0.84672,3695.15,0,0,0,1.88789,2.33146,11.1162,1.22671,14.1089,0.42336,0,0.42336,460.49,0,1.02816,0,0,2.91605,1.88789,1.028160,1,0,84.9319,0,0,0,84.9319,0
72.29,2.52708,0,0,6.23827,0.0771295,3.63406,3.6288,60.9689,0.66528,0,0,2.31666,0.261599,0,0.66528,12.849,1,0.44917,3.63406,0,136.035,4.94393,134.276,0.84672,12.849,0.84672,3695.15,0,0,0,2.95639,2.33184,14.3556,1.22671,18.4171,0.42336,0,0.42336,460.49,0,1.02816,0,0,3.98455,2.95639,1.028160,1,0,152.693,0,0,0,152.693,0
72.29,2.52758,0,0,7.7741,0.0995001,5.14702,3.6288,61.308,0.66528,0,0,2.47417,0.247548,1.22227,0.66528,12.849,1,0.449258,5.14702,0,134.706,4.55224,134.852,0.84672,12.849,0.84672,3695.15,0,0,0,3.67495,2.33222,13.8795,1.1588,18.7278,0.42336,0,0.42336,460.49,0,1.02816,0,0,4.70311,3.67495,1.028160,1,0,154.802,0,0,0,154.802,0
72.29,2.45613,0,0,6.30421,0.10141,3.74667,3.6288,61.308,0.66528,0,0,2.3596,0.256731,1.43759,0.66528,12.849,1,0.436559,3.74667,0,119.288,4.45161,118.147,0.84672,12.849,0.84672,3695.15,0,0,0,2.62684,2.33261,12.7095,1.18965,16.4793,0.42336,0,0.42336,460.49,0,1.02816,0,0,3.655,2.62684,1.028160,1,0,136.064,0,0,0,136.064,0
72.29,2.45662,0,0,5.61146,0.123355,3.03149,3.6288,61.308,0.66528,0,0,2.52358,0.261146,1.59715,0.66528,12.849,1,0.436645,3.03149,0,143.365,4.59639,141.364,0.84672,12.849,0.84672,3695.15,0,0,0,1.63919,2.24619,12.9715,1.20198,15.6549,0.42336,0,0.42336,460.49,0,1.02816,0,0,2.66735,1.63919,1.028160,1,0,158.616,0,0,0,158.616,0
72.29,2.4571,0,0,5.2512,0.210274,2.58383,3.6288,61.308,0.66528,0,0,3.10607,0.159561,2.28123,0.66528,12.849,1,0.436731,2.58383,0,130.267,3.2234,129.191,0.84672,12.849,0.84672,3695.15,0,0,0,2.05798,2.24656,13.1453,0.856613,16.5933,0.42336,0,0.42336,460.49,0,1.02816,0,0,3.08614,2.05798,1.028160,1,0,148.065,0,0,0,148.065,0
72.29,2.45758,0,0,4.95403,0.225414,2.27103,3.6288,61.308,0.66528,0,0,2.38692,0.142817,1.57882,0.66528,12.849,1,0.436817,2.27103,0,106.211,3.04111,105.004,0.84672,12.849,0.84672,3695.15,0,0,0,3.48399,2.24693,15.3848,0.79989,20.3158,0.42336,0,0.42336,460.49,0,1.02816,0,0,4.51215,3.48399,1.028160,1,0,126.898,0,0,0,126.898,0
72.29,2.25361,0,0,5.30271,0.228747,2.82036,3.6288,61.308,0.66528,0,0,2.29903,0.151165,1.48258,0.66528,12.849,1,0.400562,2.82036,0,131.782,3.19933,131.002,0.84672,12.849,0.84672,3695.15,0,0,0,2.91109,2.2473,17.3926,0.836317,21.7147,0.42336,0,0.42336,460.49,0,1.02816,0,0,3.93925,2.91109,1.028160,1,0,154.199,0,0,0,154.199,0
72.29,2.25405,0,0,2.88537,0.248744,0.382573,3.6288,61.308,0.66528,0,0,1.08268,0.201251,0.216147,0.66528,12.849,1,0.400641,0.382573,0,55.0423,4.14865,50.8756,0.84672,12.849,0.84672,3695.15,0,0,0,3.98212,2.05473,10.2971,1.05488,15.279,0.42336,0,0.42336,460.49,0,1.02816,0,0,5.01028,3.98212,1.028160,1,0,66.3708,0,0,0,66.3708,0
72.29,2.2545,0,0,4.50781,0.248744,2.00456,3.6288,61.308,0.66528,0,0,1.02641,0.201251,0.159884,0.66528,12.849,1,0.40072,2.00456,0,91.4941,4.14865,88.9493,0.84672,12.849,0.84672,3695.15,0,0,0,3.37173,2.05507,12.5207,1.05488,16.8926,0.42336,0,0.42336,460.49,0,1.02816,0,0,4.39989,3.37173,1.028160,1,0,106.002,0,0,0,106.002,0
72.29,2.25495,0,0,18.9854,0.244648,16.4859,3.6288,61.308,0.66528,0,0,8.97081,0.198151,8.10738,0.66528,12.849,1,0.4008,16.4859,0,371.648,4.04147,383.691,0.84672,12.849,0.84672,3695.15,0,0,0,4.42415,2.0554,32.8385,1.04149,38.2765,0.42336,0,0.42336,460.49,0,1.02816,0,0,5.45231,4.42415,1.028160,1,0,430.075,0,0,0,430.075,0
72.29,2.25539,0,0,7.93155,0.199489,5.47666,3.6288,61.308,0.66528,0,0,2.35551,0.193135,1.4971,0.66528,12.849,1,0.400879,5.47666,0,157.199,3.30928,158.965,0.84672,12.849,0.84672,3695.15,0,0,0,4.23922,2.05574,14.5405,0.851796,19.9837,0.42336,0,0.42336,460.49,0,1.02816,0,0,5.26738,4.23922,1.028160,1,0,180.446,0,0,0,180.446,0
72.29,2.33454,0,0,3.64425,0.187033,1.12267,3.6288,61.308,0.66528,0,0,1.31307,0.185668,0.462124,0.66528,12.849,1,0.414947,1.12267,0,75.2046,3.75701,72.1554,0.84672,12.849,0.84672,3695.15,0,0,0,2.47669,2.05607,8.79317,0.857719,12.4682,0.42336,0,0.42336,460.49,0,1.02816,0,0,3.50485,2.47669,1.028160,1,0,85.0857,0,0,0,85.0857,0
72.29,2.33498,0,0,6.3512,0.188226,3.828,3.6288,61.308,0.66528,0,0,3.0752,0.178606,2.23131,0.66528,12.849,1,0.415025,3.828,0,146.685,3.9628,146.135,0.84672,12.849,0.84672,3695.15,0,0,0,4.25666,2.11661,14.2906,0.892893,19.771,0.42336,0,0.42336,460.49,0,1.02816,0,0,5.28482,4.25666,1.028160,1,0,168.137,0,0,0,168.137,0
72.29,2.33542,0,0,6.07722,0.208196,3.53361,3.6288,61.308,0.66528,0,0,2.90771,0.18823,2.0542,0.66528,12.849,1,0.415103,3.53361,0,149.501,4.14572,148.474,0.84672,12.849,0.84672,3695.15,0,0,0,5.65447,2.11693,12.9503,0.939828,19.7819,0.42336,0,0.42336,460.49,0,1.02816,0,0,6.68263,5.65447,1.028160,1,0,170.31,0,0,0,170.31,0
72.29,2.33586,0,0,8.2201,0.25812,5.62612,3.6288,61.308,0.66528,0,0,2.9476,0.21229,2.07003,0.66528,12.849,1,0.415181,5.62612,0,283.408,4.60299,284.016,0.84672,12.849,0.84672,3695.15,0,0,0,7.53977,2.11726,16.7126,1.05716,25.3125,0.42336,0,0.42336,460.49,0,1.02816,0,0,8.56793,7.53977,1.028160,1,0,311.398,0,0,0,311.398,0
72.29,2.58921,0,0,4.95136,0.261748,2.1004,3.6288,61.308,0.66528,0,0,2.94135,0.22454,2.05153,0.66528,12.849,1,0.460213,2.1004,0,163.868,4.5582,160.95,0.84672,12.849,0.84672,3695.15,0,0,0,6.66283,2.11759,9.42245,1.08531,17.1176,0.42336,0,0.42336,460.49,0,1.02816,0,0,7.69099,6.66283,1.028160,1,0,180.119,0,0,0,180.119,0
72.29,2.5897,0,0,4.22456,0.270818,1.36405,3.6288,61.308,0.66528,0,0,2.03782,0.255165,1.11738,0.66528,12.849,1,0.460299,1.36405,0,120.231,4.44623,116.688,0.84672,12.849,0.84672,3695.15,0,0,0,4.01739,2.33466,6.59692,1.15568,11.7933,0.42336,0,0.42336,460.49,0,1.02816,0,0,5.04555,4.01739,1.028160,1,0,129.599,0,0,0,129.599,0
72.29,2.59018,0,0,5.90804,0.270818,3.04705,3.6288,61.308,0.66528,0,0,2.74137,0.255165,1.82092,0.66528,12.849,1,0.460384,3.04705,0,165.691,4.44623,163.831,0.84672,12.849,0.84672,3695.15,0,0,0,4.97864,2.33503,8.61223,1.15568,14.7702,0.42336,0,0.42336,460.49,0,1.02816,0,0,6.0068,4.97864,1.028160,1,0,180.423,0,0,0,180.423,0
72.29,2.59066,0,0,6.91099,0.270818,4.04951,3.6288,61.308,0.66528,0,0,2.68763,0.255165,1.76718,0.66528,12.849,1,0.46047,4.04951,0,180.56,4.44623,179.703,0.84672,12.849,0.84672,3695.15,0,0,0,5.28613,2.33539,11.4274,1.15568,17.8933,0.42336,0,0.42336,460.49,0,1.02816,0,0,6.31429,5.28613,1.028160,1,0,199.364,0,0,0,199.364,0
72.29,2.23015,0,0,7.17344,0.287503,4.65579,3.6288,61.308,0.66528,0,0,3.21505,0.252385,2.29738,0.66528,12.849,1,0.396392,4.65579,0,188.451,4.32246,188.388,0.84672,12.849,0.84672,3695.15,0,0,0,5.43665,2.33576,16.2936,1.10402,22.962,0.42336,0,0.42336,460.49,0,1.02816,0,0,6.46481,5.43665,1.028160,1,0,213.648,0,0,0,213.648,0
72.29,2.23057,0,0,7.60769,0.323068,5.05406,3.6288,61.308,0.66528,0,0,4.13248,0.277451,3.18975,0.66528,12.849,1,0.396467,5.05406,0,170.243,4.33661,170.564,0.84672,12.849,0.84672,3695.15,0,0,0,6.68615,2.04034,13.759,1.06067,21.4248,0.42336,0,0.42336,460.49,0,1.02816,0,0,7.71431,6.68615,1.028160,1,0,195.179,0,0,0,195.179,0
72.29,2.23099,0,0,6.52857,0.326107,3.97148,3.6288,61.308,0.66528,0,0,2.87054,0.269522,1.93573,0.66528,12.849,1,0.396541,3.97148,0,142.824,4.32144,142.077,0.84672,12.849,0.84672,3695.15,0,0,0,5.05748,2.04066,10.3784,1.04243,16.4341,0.42336,0,0.42336,460.49,0,1.02816,0,0,6.08564,5.05748,1.028160,1,0,160.447,0,0,0,160.447,0
72.29,2.23141,0,0,5.97792,0.342178,3.40433,3.6288,61.308,0.66528,0,0,2.74212,0.224182,1.85266,0.66528,12.849,1,0.396616,3.40433,0,146.437,4.0125,145.432,0.84672,12.849,0.84672,3695.15,0,0,0,4.84506,2.04097,9.7149,0.906319,15.6946,0.42336,0,0.42336,460.49,0,1.02816,0,0,5.87322,4.84506,1.028160,1,0,162.979,0,0,0,162.979,0
72.29,2.23183,0,0,5.07663,0.336768,2.50803,3.6288,61.308,0.66528,0,0,2.43791,0.229756,1.54287,0.66528,12.849,1,0.396691,2.50803,0,80.3771,3.46762,79.0208,0.84672,12.849,0.84672,3695.15,0,0,0,4.31077,2.04129,10.4243,0.839694,15.9367,0.42336,0,0.42336,460.49,0,1.02816,0,0,5.33893,4.31077,1.028160,1,0,96.5003,0,0,0,96.5003,0
72.29,2.32319,0,0,8.62321,0.326742,5.97328,3.6288,61.308,0.66528,0,0,4.8769,0.227079,3.98454,0.66528,12.849,1,0.41293,5.97328,0,137.193,3.75185,139.001,0.84672,12.849,0.84672,3695.15,0,0,0,7.67352,2.0416,23.0341,0.942444,31.8067,0.42336,0,0.42336,460.49,0,1.02816,0,0,8.70168,7.67352,1.028160,1,0,174.793,0,0,0,174.793,0
72.29,2.32363,0,0,5.72868,0.325072,3.07998,3.6288,61.308,0.66528,0,0,2.44696,0.226633,1.55505,0.66528,12.849,1,0.413008,3.07998,0,132.532,3.79922,131.399,0.84672,12.849,0.84672,3695.15,0,0,0,4.46289,2.1149,12.3894,0.959569,18.0076,0.42336,0,0.42336,460.49,0,1.02816,0,0,5.49105,4.46289,1.028160,1,0,150.962,0,0,0,150.962,0
72.29,2.32407,0,0,4.68095,0.325072,2.03182,3.6288,61.308,0.66528,0,0,1.40505,0.226633,0.513141,0.66528,12.849,1,0.413085,2.03182,0,134.889,3.79922,132.709,0.84672,12.849,0.84672,3695.15,0,0,0,3.05574,2.11523,8.93817,0.959569,13.1496,0.42336,0,0.42336,460.49,0,1.02816,0,0,4.0839,3.05574,1.028160,1,0,146.372,0,0,0,146.372,0
72.29,2.3245,0,0,4.33628,0.32581,1.68597,3.6288,61.308,0.66528,0,0,1.16657,0.230457,0.270835,0.66528,12.849,1,0.413162,1.68597,0,141.648,3.83687,139.084,0.84672,12.849,0.84672,3695.15,0,0,0,2.49524,2.11555,8.13076,0.98854,11.753,0.42336,0,0.42336,460.49,0,1.02816,0,0,3.5234,2.49524,1.028160,1,0,151.107,0,0,0,151.107,0
72.29,2.28935,0,0,4.35193,0.296985,1.76559,3.6288,61.308,0.66528,0,0,1.16123,0.228039,0.267914,0.66528,12.849,1,0.406915,1.76559,0,108.144,3.94167,105.561,0.84672,12.849,0.84672,3695.15,0,0,0,2.21943,2.11588,7.99476,1.04824,11.2818,0.42336,0,0.42336,460.49,0,1.02816,0,0,3.24759,2.21943,1.028160,1,0,117.111,0,0,0,117.111,0
72.29,2.28978,0,0,4.33704,0.273982,1.77327,3.6288,61.308,0.66528,0,0,1.51794,0.219055,0.633601,0.66528,12.849,1,0.406992,1.77327,0,93.7751,3.94968,91.1917,0.84672,12.849,0.84672,3695.15,0,0,0,2.68236,2.08779,9.24886,1.03869,12.9803,0.42336,0,0.42336,460.49,0,1.02816,0,0,3.71052,2.68236,1.028160,1,0,104.806,0,0,0,104.806,0
72.29,2.29021,0,0,4.06576,0.273982,1.50156,3.6288,61.308,0.66528,0,0,1.19103,0.219055,0.306698,0.66528,12.849,1,0.407068,1.50156,0,80.06,3.94968,77.2048,0.84672,12.849,0.84672,3695.15,0,0,0,2.02687,2.08811,7.70005,1.03869,10.7763,0.42336,0,0.42336,460.49,0,1.02816,0,0,3.05503,2.02687,1.028160,1,0,88.2878,0,0,0,88.2878,0
72.29,2.29064,0,0,3.65256,0.213304,1.14861,3.6288,61.308,0.66528,0,0,1.02233,0.211874,0.145174,0.66528,12.849,1,0.407145,1.14861,0,74.5589,3.80316,71.4972,0.84672,12.849,0.84672,3695.15,0,0,0,1.75283,2.08844,6.77557,0.919357,9.69748,0.42336,0,0.42336,460.49,0,1.02816,0,0,2.78099,1.75283,1.028160,1,0,81.3398,0,0,0,81.3398,0
72.29,2.41194,0,0,3.2999,0.204838,0.683127,3.6288,61.308,0.66528,0,0,0.882135,0.211461,0.00539407,0.66528,12.849,1,0.428703,0.683127,0,66.177,3.90759,62.5238,0.84672,12.849,0.84672,3695.15,0,0,0,1.46093,2.08876,5.59082,0.917389,8.22312,0.42336,0,0.42336,460.49,0,1.02816,0,0,2.48909,1.46093,1.028160,1,0,70.7523,0,0,0,70.7523,0
72.29,2.41239,0,0,3.3695,0.214486,0.742631,3.6288,61.308,0.66528,0,0,1.05655,0.212671,0.1786,0.66528,12.849,1,0.428784,0.742631,0,67.2408,4.57767,62.977,0.84672,12.849,0.84672,3695.15,0,0,0,1.32576,2.18873,5.96768,1.0295,8.45267,0.42336,0,0.42336,460.49,0,1.02816,0,0,2.35392,1.32576,1.028160,1,0,71.6082,0,0,0,71.6082,0
72.29,2.41284,0,0,3.01564,0.17503,0.427769,3.6288,61.2793,0.66528,0,0,0.837233,0.200648,0,0.66528,12.849,1,0.428864,0.427769,0,59.7043,4.23045,55.4728,0.84672,12.849,0.84672,3695.15,0,0,0,1.30124,2.18907,5.47762,1.00691,7.96102,0.42336,0,0.42336,460.49,0,1.02816,0,0,2.3294,1.30124,1.028160,1,0,63.4338,0,0,0,63.4338,0
72.1885,2.41329,0,0,2.83446,0.159807,0.36288,3.6288,61.2818,0.66528,0,0,0.871914,0.204181,0,0.66528,12.849,1,0.428944,0.36288,0,54.9935,4.33881,50.5886,0.84672,12.849,0.84672,3695.15,0,0,0,1.30703,2.18941,5.56708,0.986847,8.07668,0.42336,0,0.42336,460.49,0,1.02816,0,0,2.33519,1.30703,1.028160,1,0,58.6653,0,0,0,58.6653,0
71.9764,2.41323,0,0,2.72371,0.159684,0.36288,3.6288,61.3005,0.66528,0,0,0.888235,0.204185,0,0.66528,12.849,1,0.429536,0.36288,0,51.8436,4.33881,47.4382,0.84672,12.849,0.84672,3695.15,0,0,0,1.19079,2.18975,5.55113,0.986847,7.94483,0.42336,0,0.42336,460.49,0,1.02816,0,0,2.21895,1.19079,1.028160,1,0,55.383,0,0,0,55.383,0
71.0713,2.3887,0,0,1.99009,0.143587,0.36288,3.6288,61.002,0.66528,0,0,0.568274,0.201537,0,0.66528,12.849,1,0.426423,0.36288,0,42.6129,4.24998,38.2994,0.84672,12.849,0.84672,3695.15,0,0,0,1.09042,2.19009,3.74855,1.06547,5.96359,0.42336,0,0.42336,460.49,0,1.02816,0,0,2.11858,1.09042,1.028160,1,0,44.263,0,0,0,44.263,0
69.905,2.38454,0,0,1.7211,0.139977,0.36288,3.6288,60.6255,0.66528,0,0,0.489547,0.200712,0,0.66528,12.849,1,0.431102,0.36288,0,39.708,4.23517,35.4046,0.84672,12.849,0.84672,3695.15,0,0,0,0.811806,2.2253,3.31722,1.07857,5.27575,0.42336,0,0.42336,460.49,0,1.02816,0,0,1.83997,0.811806,1.028160,1,0,40.6803,0,0,0,40.6803,0
68.6211,2.37891,0,0,1.58261,0.124704,0.36288,3.6288,60.1947,0.66528,0,0,0.467391,0.232999,0,0.66528,12.849,1,0.43726,0.36288,0,35.2025,4.65863,30.4695,0.84672,12.849,0.84672,3695.15,0,0,0,0.802639,2.22564,3.19188,1.23314,4.98702,0.42336,0,0.42336,460.49,0,1.02816,0,0,1.8308,0.802639,1.028160,1,0,35.4565,0,0,0,35.4565,0
67.2682,2.37247,0,0,1.48737,0.104956,0.36288,3.6288,59.6895,0.66528,0,0,0.436018,0.275929,0,0.66528,12.849,1,0.444234,0.36288,0,31.2501,5.22322,25.9455,0.84672,12.849,0.84672,3695.15,0,0,0,0.768709,2.22599,3.07278,1.43923,4.62825,0.42336,0,0.42336,460.49,0,1.02816,0,0,1.79687,0.768709,1.028160,1,0,30.5738,0,0,0,30.5738,0
65.8686,2.42654,0,0,1.4905,0.100664,0.36288,3.6288,59.1895,0.66528,0,0,0.455382,0.290075,0,0.66528,12.849,1,0.463496,0.36288,0,32.4792,5.51771,26.8609,0.84672,12.849,0.84672,3695.15,0,0,0,0.872649,2.22633,3.00538,1.49036,4.614,0.42336,0,0.42336,460.49,0,1.02816,0,0,1.90081,0.872649,1.028160,1,0,31.4749,0,0,0,31.4749,0
64.4904,2.41875,0,0,1.4988,0.0953538,0.36288,3.6288,58.7042,0.66528,0,0,0.489072,0.309129,0,0.66528,12.849,1,0.471825,0.36288,0,33.0671,5.91034,27.0478,0.84672,12.849,0.84672,3695.15,0,0,0,0.929344,2.27612,3.09247,1.55853,4.73941,0.42336,0,0.42336,460.49,0,1.02816,0,0,1.9575,0.929344,1.028160,1,0,31.7872,0,0,0,31.7872,0
62.9928,2.41079,0,0,1.37032,0.0943056,0.36288,3.6288,58.2031,0.66528,0,0,0.472433,0.308168,0,0.66528,12.849,1,0.480323,0.36288,0,31.0537,5.91034,25.0259,0.84672,12.849,0.84672,3695.15,0,0,0,0.77544,2.27648,2.94646,1.55853,4.43984,0.42336,0,0.42336,460.49,0,1.02816,0,0,1.8036,0.77544,1.028160,1,0,29.4658,0,0,0,29.4658,0
61.3261,2.40175,0,0,1.17591,0.0779229,0.36288,3.6288,57.6949,0.66528,0,0,0.470498,0.313413,0,0.66528,12.849,1,0.489899,0.36288,0,29.621,6.16965,23.3244,0.84672,12.849,0.84672,3695.15,0,0,0,0.757797,2.27683,2.92775,1.57381,4.38857,0.42336,0,0.42336,460.49,0,1.02816,0,0,1.78596,0.757797,1.028160,1,0,27.7129,0,0,0,27.7129,0
59.3277,2.56758,0,0,1.01847,0.0864528,0.36288,3.6288,57.1723,0.66528,0,0,0.44401,0.301354,0,0.66528,12.849,1,0.537958,0.36288,0,27.4818,6.03277,21.2739,0.84672,12.849,0.84672,3695.15,0,0,0,0.709422,2.27719,2.81473,1.45513,4.34621,0.42336,0,0.42336,460.49,0,1.02816,0,0,1.73758,0.709422,1.028160,1,0,25.6201,0,0,0,25.6201,0
57.4818,2.55316,0,0,1.16912,0.0989223,0.36288,3.6288,56.6385,0.66528,0,0,0.428538,0.297122,0,0.66528,12.849,1,0.552955,0.36288,0,28.8212,6.30483,22.3263,0.84672,12.849,0.84672,3695.15,0,0,0,0.908997,2.44683,3.35621,1.45048,5.26156,0.42336,0,0.42336,460.49,0,1.02816,0,0,1.93716,0.908997,1.028160,1,0,27.5879,0,0,0,27.5879,0
55.7657,2.53912,0,0,1.28307,0.0971648,0.36288,3.6288,56.2063,0.66528,0,0,0.529183,0.296092,0,0.66528,12.849,1,0.567573,0.36288,0,37.0663,6.30483,30.5568,0.84672,12.849,0.84672,3695.15,0,0,0,1.37856,2.44722,3.66122,1.45048,6.03651,0.42336,0,0.42336,460.49,0,1.02816,0,0,2.40672,1.37856,1.028160,1,0,36.5933,0,0,0,36.5933,0
53.8127,2.52539,0,0,1.03076,0.0955308,0.36288,3.6288,55.6285,0.66528,0,0,0.382749,0.295259,0,0.66528,12.849,1,0.581876,0.36288,0,36.2197,6.30483,29.6958,0.84672,12.849,0.84672,3695.15,0,0,0,0.642712,2.4476,2.93912,1.45048,4.57895,0.42336,0,0.42336,460.49,0,1.02816,0,0,1.67087,0.642712,1.028160,1,0,34.2748,0,0,0,34.2748,0
52.131,2.50881,0,0,1.28368,0.0936712,0.36288,3.6288,55.3232,0.66528,0,0,0.654189,0.294144,0,0.66528,12.849,1,0.599035,0.36288,0,33.0798,6.30483,26.5388,0.84672,12.849,0.84672,3695.15,0,0,0,2.13249,2.44798,4.54448,1.45048,7.67447,0.42336,0,0.42336,460.49,0,1.02816,0,0,3.16065,2.13249,1.028160,1,0,34.2133,0,0,0,34.2133,0
50.1702,2.41028,0,0,0.95332,0.140946,0.36288,3.6288,54.7569,0.66528,0,0,0.370898,0.27201,0,0.66528,12.849,1,0.594073,0.36288,0,28.0143,5.76073,22.0224,0.84672,12.849,0.84672,3695.15,0,0,0,0.76191,2.44837,3.92272,1.24291,5.89009,0.42336,0,0.42336,460.49,0,1.02816,0,0,1.79007,0.76191,1.028160,1,0,27.9125,0,0,0,27.9125,0
48.3649,2.39224,0,0,1.10553,0.155784,0.36288,3.6288,54.3275,0.66528,0,0,0.507578,0.271664,0,0.66528,12.849,1,0.612671,0.36288,0,25.152,5.80188,19.1003,0.84672,12.849,0.84672,3695.15,0,0,0,1.40347,2.35069,4.59078,1.26061,7.08433,0.42336,0,0.42336,460.49,0,1.02816,0,0,2.43163,1.40347,1.028160,1,0,26.1847,0,0,0,26.1847,0
46.6134,2.37461,0,0,1.1388,0.152797,0.36288,3.6288,53.9103,0.66528,0,0,0.518974,0.270895,0,0.66528,12.849,1,0.630857,0.36288,0,32.0343,5.80188,25.9644,0.84672,12.849,0.84672,3695.15,0,0,0,1.28063,2.35106,4.4497,1.26061,6.82077,0.42336,0,0.42336,460.49,0,1.02816,0,0,2.30879,1.28063,1.028160,1,0,32.7852,0,0,0,32.7852,0
44.9371,2.35646,0,0,1.19298,0.149888,0.36288,3.6288,53.4153,0.66528,0,0,0.440411,0.270148,0,0.66528,12.849,1,0.64956,0.36288,0,29.4196,5.80188,23.3311,0.84672,12.849,0.84672,3695.15,0,0,0,1.137,2.35143,4.14522,1.26061,6.37303,0.42336,0,0.42336,460.49,0,1.02816,0,0,2.16516,1.137,1.028160,1,0,29.7041,0,0,0,29.7041,0
43.2158,2.27158,0,0,1.10389,0.19078,0.36288,3.6288,52.9835,0.66528,0,0,0.465061,0.231545,0,0.66528,12.849,1,0.64952,0.36288,0,33.3456,4.86765,28.1913,0.84672,12.849,0.84672,3695.15,0,0,0,1.06394,2.3518,4.4227,1.09606,6.74236,0.42336,0,0.42336,460.49,0,1.02816,0,0,2.0921,1.06394,1.028160,1,0,34.9336,0,0,0,34.9336,0
41.9731,2.25206,0,0,1.58011,0.207803,0.36288,3.6288,53.0521,0.66528,0,0,0.940974,0.207133,0,0.66528,12.849,1,0.669587,0.36288,0,35.7962,3.70818,31.7813,0.84672,12.849,0.84672,3695.15,0,0,0,1.25625,2.26459,5.11148,0.989836,7.64249,0.42336,0,0.42336,460.49,0,1.02816,0,0,2.28441,1.25625,1.028160,1,0,39.4238,0,0,0,39.4238,0
40.1833,2.2373,0,0,1.0152,0.20483,0.36288,3.6288,52.8811,0.66528,0,0,0.701593,0.207247,0,0.66528,12.849,1,0.684892,0.36288,0,24.6199,3.70818,20.5897,0.84672,12.849,0.84672,3695.15,0,0,0,0.95326,2.26495,5.04325,0.989836,7.27162,0.42336,0,0.42336,460.49,0,1.02816,0,0,1.98142,0.95326,1.028160,1,0,27.8614,0,0,0,27.8614,0
39.3377,2.2146,0,0,1.98715,0.255328,0.36288,3.6288,52.7906,0.66528,0,0,0.804508,0.229793,0,0.66528,12.849,1,0.708138,0.36288,0,62.1197,4.11411,57.6603,0.84672,12.849,0.84672,3695.15,0,0,0,1.06762,2.2653,6.3875,1.08461,8.63581,0.42336,0,0.42336,460.49,0,1.02816,0,0,2.09578,1.06762,1.028160,1,0,66.2961,0,0,0,66.2961,0
39.944,2.02041,0,0,3.24245,0.252815,0.36288,3.6288,52.4878,0.66528,0,0,0.592168,0.229627,0,0.66528,12.849,1,0.659935,0.36288,0,77.5035,4.11411,73.0923,0.84672,12.849,0.84672,3695.15,0,0,0,1.49186,2.26565,5.7654,1.08461,8.43831,0.42336,0,0.42336,460.49,0,1.02816,0,0,2.52002,1.49186,1.028160,1,0,81.5306,0,0,0,81.5306,0
40.6125,2.02837,0,0,3.27027,0.210502,0.36288,3.6288,52.8707,0.66528,0,0,1.29435,0.246219,0,0.66528,12.849,1,0.652478,0.36288,0,126.956,4.2861,122.38,0.84672,12.849,0.84672,3695.15,0,0,0,1.99014,2.07136,6.93913,0.936583,10.064,0.42336,0,0.42336,460.49,0,1.02816,0,0,3.0183,1.99014,1.028160,1,0,132.445,0,0,0,132.445,0
41.1102,2.03692,0,0,3.10964,0.212185,0.36288,3.6288,53.3786,0.66528,0,0,1.42021,0.246976,0,0.66528,12.849,1,0.64444,0.36288,0,100.077,4.2861,95.5095,0.84672,12.849,0.84672,3695.15,0,0,0,4.23103,2.07168,10.0344,0.936583,15.4005,0.42336,0,0.42336,460.49,0,1.02816,0,0,5.25919,4.23103,1.028160,1,0,110.91,0,0,0,110.91,0
41.5924,2.04324,0,0,3.10181,0.213438,0.36288,3.6288,53.7973,0.66528,0,0,1.33197,0.247981,0,0.66528,12.849,1,0.638616,0.36288,0,111.12,4.2861,106.558,0.84672,12.849,0.84672,3695.15,0,0,0,4.20658,2.072,9.32705,0.936583,14.6691,0.42336,0,0.42336,460.49,0,1.02816,0,0,5.23474,4.20658,1.028160,1,0,121.227,0,0,0,121.227,0
42.1806,2.04928,0,0,3.22111,0.220783,0.36288,3.6288,54.2669,0.66528,0,0,1.38262,0.24775,0,0.66528,12.849,1,0.633078,0.36288,0,110.189,4.30086,105.618,0.84672,12.849,0.84672,3695.15,0,0,0,2.26363,2.07232,6.8084,1.00372,10.1406,0.42336,0,0.42336,460.49,0,1.02816,0,0,3.29179,2.26363,1.028160,1,0,115.759,0,0,0,115.759,0
46.0292,2.12811,0,0,6.55607,0.216462,0.36288,3.6288,55.1598,0.66528,0,0,1.79351,0.235317,0,0.66528,12.849,1,0.648262,0.36288,0,126.479,4.5345,121.659,0.84672,12.849,0.84672,3695.15,0,0,0,3.24882,2.07264,11.6247,1.28892,15.6572,0.42336,0,0.42336,460.49,0,1.02816,0,0,4.27698,3.24882,1.028160,1,0,137.317,0,0,0,137.317,0
53.7827,2.17087,0,0,10.4967,0.209498,0.36288,3.6288,57.883,0.66528,0,0,3.6172,0.228738,0,0.66528,12.849,1,0.605995,0.36288,0,409.584,4.68206,404.659,0.84672,12.849,0.84672,3695.15,0,0,0,7.4359,2.13369,22.172,1.37693,30.3646,0.42336,0,0.42336,460.49,0,1.02816,0,0,8.46406,7.4359,1.028160,1,0,435.024,0,0,0,435.024,0
61.0246,2.24178,0,0,10.0741,0.227514,0.36288,3.6288,60.9252,0.66528,0,0,3.94032,0.232835,0,0.66528,12.849,1,0.535574,0.36288,0,454.982,4.68206,450.128,0.84672,12.849,0.84672,3695.15,0,0,0,6.28074,2.134,20.9262,1.37693,27.964,0.42336,0,0.42336,460.49,0,1.02816,0,0,7.3089,6.28074,1.028160,1,0,478.092,0,0,0,478.092,0
64.5211,2.29469,0,0,6.40994,0.255884,0.36288,3.6288,61.308,0.66528,0,0,2.01017,0.215658,0.746456,0.66528,12.849,1,0.483157,0.36288,0,224.895,4.48759,220.287,0.84672,12.849,0.84672,3695.15,0,0,0,3.67336,2.13432,14.8497,1.31924,19.3382,0.42336,0,0.42336,460.49,0,1.02816,0,0,4.70152,3.67336,1.028160,1,0,240.372,0,0,0,240.372,0
68.8287,2.56752,0,0,7.53382,0.295775,0.36288,3.6288,61.308,0.66528,0,0,2.34033,0.165219,1.50983,0.66528,12.849,1,0.511307,0.36288,0,181.08,4.01479,176.916,0.84672,12.849,0.84672,3695.15,0,0,0,3.3773,2.13463,15.3579,1.17345,19.6964,0.42336,0,0.42336,460.49,0,1.02816,0,0,4.40546,3.3773,1.028160,1,0,198.123,0,0,0,198.123,0
72.29,2.59494,0,0,7.50669,0.318802,1.13169,3.6288,61.308,0.66528,0,0,1.93501,0.186544,1.08318,0.66528,12.849,1,0.484426,1.13169,0,154.598,4.09489,151.15,0.84672,12.849,0.84672,3695.15,0,0,0,2.77167,2.35359,8.05067,1.16413,12.0118,0.42336,0,0.42336,460.49,0,1.02816,0,0,3.79983,2.77167,1.028160,1,0,164.245,0,0,0,164.245,0
72.29,2.6151,0,0,8.62186,0.3274,5.67936,3.6288,61.308,0.66528,0,0,2.3024,0.186544,1.45058,0.66528,12.849,1,0.464813,5.67936,0,216.029,4.09489,217.149,0.84672,12.849,0.84672,3695.15,0,0,0,3.60794,2.35394,10.2279,1.16413,15.0256,0.42336,0,0.42336,460.49,0,1.02816,0,0,4.6361,3.60794,1.028160,1,0,233.625,0,0,0,233.625,0
72.29,2.61555,0,0,6.99788,0.328912,4.05342,3.6288,61.308,0.66528,0,0,1.87085,0.177789,1.02778,0.66528,12.849,1,0.464895,4.05342,0,168.803,3.94366,168.448,0.84672,12.849,0.84672,3695.15,0,0,0,2.47116,2.35428,8.67715,1.12077,12.3818,0.42336,0,0.42336,460.49,0,1.02816,0,0,3.49932,2.47116,1.028160,1,0,181.858,0,0,0,181.858,0
72.29,2.25187,0,0,7.35307,0.337282,4.76392,3.6288,61.308,0.66528,0,0,1.7421,0.153962,0.922859,0.66528,12.849,1,0.400253,4.76392,0,161.076,3.5154,161.925,0.84672,12.849,0.84672,3695.15,0,0,0,2.85939,2.35463,8.60776,0.978223,12.8436,0.42336,0,0.42336,460.49,0,1.02816,0,0,3.88755,2.85939,1.028160,1,0,175.691,0,0,0,175.691,0
72.29,2.25227,0,0,6.31466,0.330564,3.73183,3.6288,61.308,0.66528,0,0,1.81125,0.165232,0.980734,0.66528,12.849,1,0.400324,3.73183,0,156.25,3.39707,156.185,0.84672,12.849,0.84672,3695.15,0,0,0,1.68853,2.05662,6.81497,0.762123,9.798,0.42336,0,0.42336,460.49,0,1.02816,0,0,2.71669,1.68853,1.028160,1,0,166.963,0,0,0,166.963,0
72.29,2.25267,0,0,5.32164,0.330564,2.7384,3.6288,61.308,0.66528,0,0,1.65129,0.165232,0.820782,0.66528,12.849,1,0.400395,2.7384,0,123.367,3.39707,122.308,0.84672,12.849,0.84672,3695.15,0,0,0,1.31698,2.05692,5.78252,0.762123,8.39429,0.42336,0,0.42336,460.49,0,1.02816,0,0,2.34514,1.31698,1.028160,1,0,131.523,0,0,0,131.523,0
72.29,2.25307,0,0,5.48082,0.330564,2.89718,3.6288,61.308,0.66528,0,0,1.53261,0.165232,0.702094,0.66528,12.849,1,0.400467,2.89718,0,120.513,3.39707,119.613,0.84672,12.849,0.84672,3695.15,0,0,0,1.67212,2.05722,6.47393,0.762123,9.44114,0.42336,0,0.42336,460.49,0,1.02816,0,0,2.70028,1.67212,1.028160,1,0,129.756,0,0,0,129.756,0
72.29,2.25347,0,0,7.30279,0.330564,4.71875,3.6288,61.308,0.66528,0,0,1.81856,0.165232,0.988044,0.66528,12.849,1,0.400538,4.71875,0,168.941,3.39707,169.863,0.84672,12.849,0.84672,3695.15,0,0,0,1.84579,2.05752,7.37614,0.762123,10.5173,0.42336,0,0.42336,460.49,0,1.02816,0,0,2.87395,1.84579,1.028160,1,0,181.368,0,0,0,181.368,0
72.29,2.34561,0,0,7.25277,0.322217,4.58495,3.6288,61.308,0.66528,0,0,2.06784,0.139122,1.26344,0.66528,12.849,1,0.416914,4.58495,0,148.518,3.36096,149.325,0.84672,12.849,0.84672,3695.15,0,0,0,1.76309,2.05782,11.2197,0.605638,14.435,0.42336,0,0.42336,460.49,0,1.02816,0,0,2.79125,1.76309,1.028160,1,0,165.024,0,0,0,165.024,0
72.29,2.34602,0,0,6.63266,0.319834,3.9668,3.6288,61.308,0.66528,0,0,2.18875,0.136695,1.38678,0.66528,12.849,1,0.416988,3.9668,0,183.48,3.47204,183.558,0.84672,12.849,0.84672,3695.15,0,0,0,2.13909,2.13174,11.3959,0.564542,15.1022,0.42336,0,0.42336,460.49,0,1.02816,0,0,3.16725,2.13909,1.028160,1,0,200.047,0,0,0,200.047,0
72.29,2.34644,0,0,4.95088,0.30827,2.29617,3.6288,61.308,0.66528,0,0,1.46998,0.105095,0.699609,0.66528,12.849,1,0.417062,2.29617,0,136.235,2.60869,135.505,0.84672,12.849,0.84672,3695.15,0,0,0,1.36646,2.13205,8.06086,0.443766,11.1156,0.42336,0,0.42336,460.49,0,1.02816,0,0,2.39462,1.36646,1.028160,1,0,147.32,0,0,0,147.32,0
72.29,2.34686,0,0,4.64561,0.244741,2.05401,3.6288,61.308,0.66528,0,0,1.30366,0.140598,0.497777,0.66528,12.849,1,0.417136,2.05401,0,117.134,2.72565,116.045,0.84672,12.849,0.84672,3695.15,0,0,0,1.19355,2.13236,6.80219,0.567045,9.56106,0.42336,0,0.42336,460.49,0,1.02816,0,0,2.22171,1.19355,1.028160,1,0,126.104,0,0,0,126.104,0
72.29,2.31138,0,0,4.02367,0.228048,1.48424,3.6288,61.308,0.66528,0,0,1.25455,0.16823,0.421044,0.66528,12.849,1,0.410831,1.48424,0,98.8036,3.44963,96.4274,0.84672,12.849,0.84672,3695.15,0,0,0,1.98545,2.13267,6.06396,0.709328,9.47276,0.42336,0,0.42336,460.49,0,1.02816,0,0,3.01361,1.98545,1.028160,1,0,106.321,0,0,0,106.321,0
72.29,2.31179,0,0,4.06019,0.21798,1.53042,3.6288,61.308,0.66528,0,0,1.32318,0.191916,0.465986,0.66528,12.849,1,0.410903,1.53042,0,83.1004,4.24504,79.9749,0.84672,12.849,0.84672,3695.15,0,0,0,1.4714,2.10432,7.08765,0.851513,9.81186,0.42336,0,0.42336,460.49,0,1.02816,0,0,2.49956,1.4714,1.028160,1,0,90.2527,0,0,0,90.2527,0
72.29,2.3122,0,0,3.71968,0.21798,1.1895,3.6288,61.308,0.66528,0,0,1.23868,0.191916,0.381487,0.66528,12.849,1,0.410976,1.1895,0,79.3083,4.24504,75.8418,0.84672,12.849,0.84672,3695.15,0,0,0,1.39506,2.10463,6.71285,0.851513,9.36102,0.42336,0,0.42336,460.49,0,1.02816,0,0,2.42322,1.39506,1.028160,1,0,85.5843,0,0,0,85.5843,0
72.29,2.31261,0,0,3.37873,0.21798,0.84814,3.6288,61.308,0.66528,0,0,1.04574,0.191916,0.188547,0.66528,12.849,1,0.411049,0.84814,0,71.9643,4.24504,68.1563,0.84672,12.849,0.84672,3695.15,0,0,0,1.08555,2.10494,6.03726,0.851513,8.37623,0.42336,0,0.42336,460.49,0,1.02816,0,0,2.11371,1.08555,1.028160,1,0,76.7211,0,0,0,76.7211,0
72.29,2.43493,0,0,3.25922,0.188522,0.635776,3.6288,61.308,0.66528,0,0,0.989487,0.200547,0.123661,0.66528,12.849,1,0.43279,0.635776,0,68.9057,4.3498,64.7589,0.84672,12.849,0.84672,3695.15,0,0,0,0.925137,2.10525,5.91669,0.799859,8.14721,0.42336,0,0.42336,460.49,0,1.02816,0,0,1.9533,0.925137,1.028160,1,0,73.0298,0,0,0,73.0298,0
72.29,2.43536,0,0,3.32785,0.142698,0.749798,3.6288,61.308,0.66528,0,0,1.12822,0.166518,0.296422,0.66528,12.849,1,0.432866,0.749798,0,78.484,3.91765,74.8833,0.84672,12.849,0.84672,3695.15,0,0,0,1.38935,2.20606,5.86284,0.754325,8.70393,0.42336,0,0.42336,460.49,0,1.02816,0,0,2.41751,1.38935,1.028160,1,0,83.8837,0,0,0,83.8837,0
72.29,2.43579,0,0,3.15699,0.142698,0.578503,3.6288,61.308,0.66528,0,0,0.953735,0.166518,0.121937,0.66528,12.849,1,0.432942,0.578503,0,71.2238,3.91765,67.4517,0.84672,12.849,0.84672,3695.15,0,0,0,1.03688,2.20639,5.44951,0.754325,7.93845,0.42336,0,0.42336,460.49,0,1.02816,0,0,2.06504,1.03688,1.028160,1,0,75.5121,0,0,0,75.5121,0
72.2843,2.43622,0,0,2.93607,0.142698,0.36288,3.6288,61.308,0.66528,0,0,0.918112,0.166518,0.0863147,0.66528,12.849,1,0.433019,0.36288,0,64.9655,3.91765,60.9777,0.84672,12.849,0.84672,3695.15,0,0,0,0.762929,2.20671,4.84187,0.754325,7.05719,0.42336,0,0.42336,460.49,0,1.02816,0,0,1.79109,0.762929,1.028160,1,0,68.1212,0,0,0,68.1212,0
72.1816,2.43662,0,0,2.77633,0.0795432,0.36288,3.6288,61.2492,0.66528,0,0,0.863006,0.256489,0,0.66528,12.849,1,0.433124,0.36288,0,62.0849,5.14003,56.8746,0.84672,12.849,0.84672,3695.15,0,0,0,0.579675,2.20704,4.27283,1.08165,5.9779,0.42336,0,0.42336,460.49,0,1.02816,0,0,1.60783,0.579675,1.028160,1,0,62.8525,0,0,0,62.8525,0
72.29,2.4124,0,0,3.05109,0.0996788,0.430569,3.6288,61.308,0.66528,0,0,1.25456,0.243153,0.287367,0.66528,12.849,1,0.42943,0.430569,0,55.1172,4.87442,50.2439,0.84672,12.849,0.84672,3695.15,0,0,0,1.01056,2.20736,5.26714,1.04262,7.44244,0.42336,0,0.42336,460.49,0,1.02816,0,0,2.03872,1.01056,1.028160,1,0,57.9737,0,0,0,57.9737,0
72.29,2.41338,0,0,3.01103,0.112057,0.4856,3.6288,61.308,0.66528,0,0,1.31573,0.231946,0.418507,0.66528,12.849,1,0.428959,0.4856,0,52.1417,4.68667,47.5117,0.84672,12.849,0.84672,3695.15,0,0,0,0.867845,2.24285,5.31883,1.00519,7.42433,0.42336,0,0.42336,460.49,0,1.02816,0,0,1.896,0.867845,1.028160,1,0,55.3545,0,0,0,55.3545,0
72.1843,2.4138,0,0,2.76874,0.0977752,0.36288,3.6288,61.308,0.66528,0,0,1.2562,0.264854,0.326071,0.66528,12.849,1,0.429035,0.36288,0,46.2254,5.11013,41.0491,0.84672,12.849,0.84672,3695.15,0,0,0,0.858384,2.24318,5.11786,1.15975,7.05967,0.42336,0,0.42336,460.49,0,1.02816,0,0,1.88654,0.858384,1.028160,1,0,48.4348,0,0,0,48.4348,0
71.9312,2.41369,0,0,2.60214,0.07867,0.36288,3.6288,61.308,0.66528,0,0,1.17188,0.30873,0.197868,0.66528,12.849,1,0.429644,0.36288,0,41.0352,5.67472,35.2938,0.84672,12.849,0.84672,3695.15,0,0,0,0.823418,2.24351,4.92689,1.36584,6.62797,0.42336,0,0.42336,460.49,0,1.02816,0,0,1.85158,0.823418,1.028160,1,0,42.1196,0,0,0,42.1196,0
71.4554,2.47514,0,0,2.43914,0.0769201,0.36288,3.6288,61.308,0.66528,0,0,1.27248,0.306742,0.30046,0.66528,12.849,1,0.442131,0.36288,0,38.8875,5.66467,33.1436,0.84672,12.849,0.84672,3695.15,0,0,0,0.757685,2.24384,4.28725,1.38538,5.90339,0.42336,0,0.42336,460.49,0,1.02816,0,0,1.78584,0.757685,1.028160,1,0,39.3474,0,0,0,39.3474,0
70.7942,2.47308,0,0,2.24743,0.0726594,0.36288,3.6288,61.308,0.66528,0,0,1.10148,0.301772,0.134427,0.66528,12.849,1,0.444705,0.36288,0,43.9725,5.63955,38.2511,0.84672,12.849,0.84672,3695.15,0,0,0,0.529459,2.29403,3.23359,1.43423,4.62285,0.42336,0,0.42336,460.49,0,1.02816,0,0,1.55762,0.529459,1.028160,1,0,43.0084,0,0,0,43.0084,0
69.9934,2.47,0,0,2.10438,0.0722925,0.36288,3.6288,61.308,0.66528,0,0,1.02434,0.301772,0.0572887,0.66528,12.849,1,0.448299,0.36288,0,35.3057,5.63955,29.5807,0.84672,12.849,0.84672,3695.15,0,0,0,0.500593,2.29437,2.91482,1.43423,4.27555,0.42336,0,0.42336,460.49,0,1.02816,0,0,1.52875,0.500593,1.028160,1,0,33.9136,0,0,0,33.9136,0
69.0086,2.4661,0,0,1.91598,0.0718482,0.36288,3.6288,61.308,0.66528,0,0,0.972467,0.301772,0.00541422,0.66528,12.849,1,0.452712,0.36288,0,32.1766,5.63955,26.4472,0.84672,12.849,0.84672,3695.15,0,0,0,0.265343,2.29471,2.71888,1.43423,3.8447,0.42336,0,0.42336,460.49,0,1.02816,0,0,1.2935,0.265343,1.028160,1,0,30.2973,0,0,0,30.2973,0
68.1936,2.64248,0,0,2.24944,0.0590168,0.36288,3.6288,61.308,0.66528,0,0,1.21485,0.291191,0.258382,0.66528,12.849,1,0.492014,0.36288,0,33.635,5.8144,27.6915,0.84672,12.849,0.84672,3695.15,0,0,0,0.846478,2.29505,4.13002,1.48208,5.78947,0.42336,0,0.42336,460.49,0,1.02816,0,0,1.87464,0.846478,1.028160,1,0,33.7393,0,0,0,33.7393,0
66.7545,2.63799,0,0,1.63143,0.0696685,0.36288,3.6288,61.308,0.66528,0,0,1.09634,0.268689,0.162369,0.66528,12.849,1,0.497048,0.36288,0,28.122,5.45124,22.5366,0.84672,12.849,0.84672,3695.15,0,0,0,0.853615,2.46611,3.36264,1.46548,5.21688,0.42336,0,0.42336,460.49,0,1.02816,0,0,1.88177,0.853615,1.028160,1,0,27.9158,0,0,0,27.9158,0
65.1563,2.62946,0,0,1.46568,0.0715564,0.36288,3.6288,61.308,0.66528,0,0,1.00577,0.268297,0.0721876,0.66528,12.849,1,0.506123,0.36288,0,24.4553,5.38094,18.9311,0.84672,12.849,0.84672,3695.15,0,0,0,0.745347,2.46648,3.29371,1.4579,5.04764,0.42336,0,0.42336,460.49,0,1.02816,0,0,1.77351,0.745347,1.028160,1,0,24.0509,0,0,0,24.0509,0
64.1273,2.61955,0,0,2.02405,0.0706506,0.36288,3.6288,61.308,0.66528,0,0,1.11383,0.268297,0.180257,0.66528,12.849,1,0.516583,0.36288,0,26.2318,5.38094,20.6972,0.84672,12.849,0.84672,3695.15,0,0,0,0.984511,2.46684,3.67175,1.4579,5.66521,0.42336,0,0.42336,460.49,0,1.02816,0,0,2.01267,0.984511,1.028160,1,0,26.5426,0,0,0,26.5426,0
64.0017,2.6131,0,0,2.94686,0.0964082,0.36288,3.6288,61.308,0.66528,0,0,1.48266,0.260927,0.556452,0.66528,12.849,1,0.52358,0.36288,0,43.773,5.24102,38.3713,0.84672,12.849,0.84672,3695.15,0,0,0,1.23619,2.46721,4.08323,1.43554,6.35109,0.42336,0,0.42336,460.49,0,1.02816,0,0,2.26435,1.23619,1.028160,1,0,45.2788,0,0,0,45.2788,0
63.1636,2.52531,0,0,2.14566,0.0956432,0.36288,3.6288,61.308,0.66528,0,0,1.37786,0.234514,0.47807,0.66528,12.849,1,0.506981,0.36288,0,31.6375,5.49981,25.9936,0.84672,12.849,0.84672,3695.15,0,0,0,0.857866,2.46758,3.73788,1.41124,5.65208,0.42336,0,0.42336,460.49,0,1.02816,0,0,1.88603,0.857866,1.028160,1,0,32.1238,0,0,0,32.1238,0
60.8653,2.52016,0,0,0.686013,0.101254,0.36288,3.6288,60.8919,0.886931,0,0,0.690568,0.219713,0,0.66528,12.849,1,0.512661,0.36288,0,25.0212,5.54432,19.3271,0.84672,12.849,0.84672,3695.15,0,0,0,0.204422,2.36906,2.05234,1.39807,3.22775,0.42336,0,0.42336,460.49,0,0.806509,0,0,1.01093,0.204422,1.028160,1,0,22.5548,0,0,0,22.5548,0
58.4609,2.50461,0,0,0.562501,0.0993574,0.36288,3.6288,60.0905,1.21294,0,0,0.630612,0.219135,0,0.66528,12.849,1,0.528738,0.36288,0,14.5155,5.54432,8.80537,0.84672,12.849,0.84672,3695.15,0,0,0,0.216518,2.36941,1.46661,1.39807,2.65446,0.42336,0,0.42336,460.49,0,0.480496,0,0,0.697015,0.216518,1.028160,1,0,11.4598,0,0,0,11.4598,0
56.8287,2.48722,0,0,1.38394,0.166077,0.36288,3.6288,60.2043,0.66528,0,0,1.00305,0.223895,0,0.66528,12.849,1,0.546661,0.36288,0,19.326,5.08111,14.0611,0.84672,12.849,0.84672,3695.15,0,0,0,0.538799,2.36976,3.81473,1.2985,5.42479,0.42336,0,0.42336,460.49,0,1.02816,0,0,1.56696,0.538799,1.028160,1,0,19.4859,0,0,0,19.4859,0
55.1482,2.40455,0,0,1.28977,0.202846,0.36288,3.6288,60.5276,0.66528,0,0,1.23308,0.244504,0,0.66528,12.849,1,0.54367,0.36288,0,38.0594,4.87914,32.9994,0.84672,12.849,0.84672,3695.15,0,0,0,0.259978,2.37011,3.67078,1.24505,5.05582,0.42336,0,0.42336,460.49,0,1.02816,0,0,1.28814,0.259978,1.028160,1,0,38.0553,0,0,0,38.0553,0
54.0102,2.39153,0,0,1.83444,0.218065,0.36288,3.6288,60.493,0.66528,0,0,0.91527,0.284604,0,0.66528,12.849,1,0.557204,0.36288,0,44.3388,4.84638,39.298,0.84672,12.849,0.84672,3695.15,0,0,0,0.617579,2.28215,3.59831,1.34063,5.15741,0.42336,0,0.42336,460.49,0,1.02816,0,0,1.64574,0.617579,1.028160,1,0,44.4555,0,0,0,44.4555,0
51.832,2.38247,0,0,0.782741,0.215576,0.36288,3.6288,59.9679,0.808808,0,0,0.56823,0.284542,0,0.66528,12.849,1,0.566788,0.36288,0,19.8902,4.84638,14.8399,0.84672,12.849,0.84672,3695.15,0,0,0,0.216518,2.28249,2.40679,1.34063,3.56517,0.42336,0,0.42336,460.49,0,0.884632,0,0,1.10115,0.216518,1.028160,1,0,18.4051,0,0,0,18.4051,0
49.9612,2.3638,0,0,1.06669,0.210812,0.36288,3.6288,59.764,0.66528,0,0,0.744987,0.283592,0,0.66528,12.849,1,0.585978,0.36288,0,30.8049,4.84638,25.7354,0.84672,12.849,0.84672,3695.15,0,0,0,0.355605,2.28283,4.77323,1.34063,6.07103,0.42336,0,0.42336,460.49,0,1.02816,0,0,1.38377,0.355605,1.028160,1,0,31.8064,0,0,0,31.8064,0
48.8861,2.1519,0,0,1.67984,0.240131,0.36288,3.6288,59.8942,0.66528,0,0,1.06673,0.271229,0,0.66528,12.849,1,0.553425,0.36288,0,43.5207,4.48893,38.8412,0.84672,12.849,0.84672,3695.15,0,0,0,0.694017,2.28316,4.43717,1.28872,6.12563,0.42336,0,0.42336,460.49,0,1.02816,0,0,1.72218,0.694017,1.028160,1,0,44.9669,0,0,0,44.9669,0
47.7141,2.14265,0,0,1.55293,0.219391,0.36288,3.6288,60.0445,0.66528,0,0,1.03781,0.222304,0,0.66528,12.849,1,0.563163,0.36288,0,48.93,4.37763,44.352,0.84672,12.849,0.84672,3695.15,0,0,0,0.623618,2.08723,6.12669,1.09896,7.73858,0.42336,0,0.42336,460.49,0,1.02816,0,0,1.65178,0.623618,1.028160,1,0,52.0906,0,0,0,52.0906,0
45.6393,2.13213,0,0,0.651129,0.231004,0.36288,3.6288,59.8217,0.66528,0,0,0.665712,0.223149,0,0.66528,12.849,1,0.574163,0.36288,0,39.8451,4.16798,35.4658,0.84672,12.849,0.84672,3695.15,0,0,0,0.40125,2.08753,2.82835,0.996547,4.32058,0.42336,0,0.42336,460.49,0,1.02816,0,0,1.42941,0.40125,1.028160,1,0,39.7864,0,0,0,39.7864,0
43.7495,2.11213,0,0,0.810993,0.225758,0.36288,3.6288,59.6822,0.66528,0,0,0.748526,0.222833,0,0.66528,12.849,1,0.594637,0.36288,0,45.9671,4.16798,41.5674,0.84672,12.849,0.84672,3695.15,0,0,0,0.550385,2.08783,3.01507,0.996547,4.65675,0.42336,0,0.42336,460.49,0,1.02816,0,0,1.57855,0.550385,1.028160,1,0,46.2241,0,0,0,46.2241,0
43.0549,2.09265,0,0,1.98197,0.220979,0.36288,3.6288,59.8,0.66528,0,0,1.00572,0.222634,0,0.66528,12.849,1,0.6146,0.36288,0,41.5231,4.16798,37.1035,0.84672,12.849,0.84672,3695.15,0,0,0,0.880131,2.08814,3.92728,0.996547,5.899,0.42336,0,0.42336,460.49,0,1.02816,0,0,1.90829,0.880131,1.028160,1,0,43.0025,0,0,0,43.0025,0
44.0162,2.0469,0,0,3.57261,0.201621,0.36288,3.6288,60.3584,0.66528,0,0,1.43464,0.210941,0,0.66528,12.849,1,0.610862,0.36288,0,64.6235,4.41658,59.9589,0.84672,12.849,0.84672,3695.15,0,0,0,2.11066,2.08844,5.99913,1.15514,9.0431,0.42336,0,0.42336,460.49,0,1.02816,0,0,3.13882,2.11066,1.028160,1,0,69.002,0,0,0,69.002,0
44.8459,2.16888,0,0,3.56269,0.201147,0.36288,3.6288,61.0725,0.66528,0,0,1.56406,0.184678,0,0.66528,12.849,1,0.633131,0.36288,0,96.7274,4.14551,92.3116,0.84672,12.849,0.84672,3695.15,0,0,0,3.0682,2.05702,7.20386,0.85336,11.4757,0.42336,0,0.42336,460.49,0,1.02816,0,0,4.09636,3.0682,1.028160,1,0,103.787,0,0,0,103.787,0
45.1401,2.17835,0,0,3.03848,0.203051,0.36288,3.6288,61.308,0.66528,0,0,1.33425,0.185517,0.247932,0.66528,12.849,1,0.624129,0.36288,0,82.0964,4.14551,77.6897,0.84672,12.849,0.84672,3695.15,0,0,0,2.49298,2.14999,6.52571,0.85336,10.3153,0.42336,0,0.42336,460.49,0,1.02816,0,0,3.52114,2.49298,1.028160,1,0,88.2529,0,0,0,88.2529,0
45.4255,1.98315,0,0,2.83516,0.203726,0.36288,3.6288,61.308,0.66528,0,0,1.30847,0.185794,0.457394,0.66528,12.849,1,0.564499,0.36288,0,76.1054,4.14551,71.7583,0.84672,12.849,0.84672,3695.15,0,0,0,2.4316,2.15029,6.4603,0.85336,10.1888,0.42336,0,0.42336,460.49,0,1.02816,0,0,3.45976,2.4316,1.028160,1,0,82.4045,0,0,0,82.4045,0
45.8313,1.98625,0,0,3.00531,0.250415,0.36288,3.6288,61.308,0.66528,0,0,1.3267,0.191666,0.469752,0.66528,12.849,1,0.561829,0.36288,0,80.0634,4.48241,75.3821,0.84672,12.849,0.84672,3695.15,0,0,0,2.48246,1.98833,6.67316,1.04186,10.1021,0.42336,0,0.42336,460.49,0,1.02816,0,0,3.51062,2.48246,1.028160,1,0,85.9539,0,0,0,85.9539,0
47.1738,2.20766,0,0,4.20197,0.288933,0.36288,3.6288,61.308,0.66528,0,0,1.45149,0.188274,0.59794,0.66528,12.849,1,0.618926,0.36288,0,80.4419,3.95629,76.2295,0.84672,12.849,0.84672,3695.15,0,0,0,1.51582,1.9886,8.22372,0.93373,10.7944,0.42336,0,0.42336,460.49,0,1.02816,0,0,2.54398,1.51582,1.028160,1,0,87.6219,0,0,0,87.6219,0
47.2608,2.22187,0,0,2.96506,0.293269,0.36288,3.6288,61.308,0.66528,0,0,0.910225,0.188274,0.0566712,0.66528,12.849,1,0.605184,0.36288,0,56.3875,3.95629,52.1889,0.84672,12.849,0.84672,3695.15,0,0,0,0.762964,2.19121,8.54479,0.93373,10.5652,0.42336,0,0.42336,460.49,0,1.02816,0,0,1.79112,0.762964,1.028160,1,0,62.8108,0,0,0,62.8108,0
47.1825,2.22312,0,0,2.76145,0.253756,0.36288,3.6288,61.308,0.66528,0,0,0.965275,0.202615,0.0973792,0.66528,12.849,1,0.604409,0.36288,0,67.8633,4.04899,63.5728,0.84672,12.849,0.84672,3695.15,0,0,0,0.938321,2.19151,8.02535,1.03252,10.1227,0.42336,0,0.42336,460.49,0,1.02816,0,0,1.96648,0.938321,1.028160,1,0,73.7928,0,0,0,73.7928,0
47.3265,2.2227,0,0,2.97643,0.246911,0.36288,3.6288,61.308,0.742548,0,0,1.31703,0.205006,0.369482,0.66528,12.849,1,0.605298,0.36288,0,80.5412,4.06445,76.2344,0.84672,12.849,0.84672,3695.15,0,0,0,0.608429,2.19182,7.11409,1.04899,8.86535,0.42336,0,0.42336,460.49,0,0.950892,0,0,1.55932,0.608429,1.028160,1,0,85.4692,0,0,0,85.4692,0
48.0859,1.9124,0,0,3.28213,0.247421,0.36288,3.6288,61.308,0.701024,0,0,1.31789,0.163358,0.453512,0.66528,12.849,1,0.519212,0.36288,0,75.1604,3.14422,71.8598,0.84672,12.849,0.84672,3695.15,0,0,0,0.608429,2.19212,9.50953,0.763074,11.547,0.42336,0,0.42336,460.49,0,0.992416,0,0,1.60085,0.608429,1.028160,1,0,83.8604,0,0,0,83.8604,0
50.0471,1.9192,0,0,4.49282,0.249487,0.36288,3.6288,61.308,0.708696,0,0,1.2506,0.163358,0.378543,0.66528,12.849,1,0.512828,0.36288,0,99.0282,3.14422,95.734,0.84672,12.849,0.84672,3695.15,0,0,0,0.608429,1.91633,10.7601,0.763074,12.5218,0.42336,0,0.42336,460.49,0,0.984744,0,0,1.59317,0.608429,1.028160,1,0,108.634,0,0,0,108.634,0
50.9435,1.93552,0,0,3.44451,0.249749,0.36288,3.6288,61.308,0.66528,0,0,1.18733,0.196675,0.32538,0.66528,12.849,1,0.496921,0.36288,0,74.3921,3.88469,70.3734,0.84672,12.849,0.84672,3695.15,0,0,0,0.668581,1.91659,10.2571,0.96491,11.8773,0.42336,0,0.42336,460.49,0,1.02816,0,0,1.69674,0.668581,1.028160,1,0,82.5761,0,0,0,82.5761,0
52.713,1.94283,0,0,4.32352,0.248286,0.36288,3.6288,61.308,0.66528,0,0,1.51572,0.221663,0.628781,0.66528,12.849,1,0.490021,0.36288,0,81.9711,4.44003,77.404,0.84672,12.849,0.84672,3695.15,0,0,0,0.754678,1.91685,10.8887,1.11629,12.444,0.42336,0,0.42336,460.49,0,1.02816,0,0,1.78284,0.754678,1.028160,1,0,90.4767,0,0,0,90.4767,0
54.2214,1.95639,0,0,4.07643,0.248817,0.36288,3.6288,61.308,0.746626,0,0,1.1732,0.177615,0.248959,0.66528,12.849,1,0.476876,0.36288,0,98.0839,3.71109,94.2588,0.84672,12.849,0.84672,3695.15,0,0,0,0.558835,1.91712,10.2444,1.11458,11.6057,0.42336,0,0.42336,460.49,0,0.946814,0,0,1.50565,0.558835,1.028160,1,0,106.113,0,0,0,106.113,0
55.8393,2.04826,0,0,4.27869,0.249576,0.36288,3.6288,61.308,0.836698,0,0,1.03671,0.14458,0.055428,0.66528,12.849,1,0.485383,0.36288,0,86.171,3.16438,82.8842,0.84672,12.849,0.84672,3695.15,0,0,0,0.558835,1.91738,9.85038,1.1133,11.2133,0.42336,0,0.42336,460.49,0,0.856742,0,0,1.41558,0.558835,1.028160,1,0,94.1529,0,0,0,94.1529,0
57.2473,2.06004,0,0,4.02993,0.19906,0.36288,3.6288,61.261,0.898405,0,0,1.04005,0.188639,0,0.66528,12.849,1,0.474029,0.36288,0,82.2511,3.87199,78.2679,0.84672,12.849,0.84672,3695.15,0,0,0,0.528595,1.98576,9.55731,1.2265,10.8452,0.42336,0,0.42336,460.49,0,0.795035,0,0,1.32363,0.528595,1.028160,1,0,89.1131,0,0,0,89.1131,0
58.0367,2.06991,0,0,3.42277,0.200568,0.36288,3.6288,60.7693,1.06689,0,0,0.828265,0.253102,0,0.66528,12.849,1,0.464587,0.36288,0,76.2005,5.67451,70.4243,0.84672,12.849,0.84672,3695.15,0,0,0,0.528595,1.98603,8.23599,1.4248,9.32582,0.42336,0,0.42336,460.49,0,0.626547,0,0,1.15514,0.528595,1.028160,1,0,79.7501,0,0,0,79.7501,0
58.5682,2.07544,0,0,3.11972,0.149925,0.36288,3.6288,60.2905,1.07811,0,0,0.822468,0.223157,0,0.66528,12.849,1,0.45949,0.36288,0,73.8979,4.18372,69.6176,0.84672,12.849,0.84672,3695.15,0,0,0,0.528595,1.98631,7.27436,1.2644,8.52487,0.42336,0,0.42336,460.49,0,0.615332,0,0,1.14393,0.528595,1.028160,1,0,78.1424,0,0,0,78.1424,0
58.8642,2.04713,0,0,2.8976,0.191575,0.36288,3.6288,60.3961,0.781151,0,0,1.0956,0.208849,0,0.66528,12.849,1,0.449111,0.36288,0,63.7891,3.6183,60.0846,0.84672,12.849,0.84672,3695.15,0,0,0,0.528595,1.98658,6.75458,1.22719,8.04256,0.42336,0,0.42336,460.49,0,0.912289,0,0,1.44088,0.528595,1.028160,1,0,68.1271,0,0,0,68.1271,0
58.7135,2.04933,0,0,2.4536,0.192125,0.36288,3.6288,60.1739,0.862082,0,0,0.848923,0.208989,0,0.66528,12.849,1,0.447333,0.36288,0,55.9846,3.6183,52.2819,0.84672,12.849,0.84672,3695.15,0,0,0,0.528595,1.96033,6.26543,1.22719,7.52716,0.42336,0,0.42336,460.49,0,0.831358,0,0,1.35995,0.528595,1.028160,1,0,59.809,0,0,0,59.809,0
58.4228,2.04874,0,0,2.26247,0.141539,0.36288,3.6288,59.9281,0.784685,0,0,0.801153,0.262344,0,0.66528,12.849,1,0.448351,0.36288,0,50.8777,5.22959,45.5626,0.84672,12.849,0.84672,3695.15,0,0,0,0.402797,1.9606,6.14561,1.36847,7.14054,0.42336,0,0.42336,460.49,0,0.908755,0,0,1.31155,0.402797,1.028160,1,0,52.7032,0,0,0,52.7032,0
58.1147,2.04725,0,0,2.22902,0.126953,0.36288,3.6288,59.6603,0.790897,0,0,0.780823,0.257664,0,0.66528,12.849,1,0.450256,0.36288,0,46.8737,5.74749,41.0389,0.84672,12.849,0.84672,3695.15,0,0,0,0.402797,1.96087,4.89883,1.35215,5.91034,0.42336,0,0.42336,460.49,0,0.902543,0,0,1.30534,0.402797,1.028160,1,0,46.9492,0,0,0,46.9492,0
57.7337,2.15443,0,0,2.24724,0.110933,0.36288,3.6288,59.5662,0.66528,0,0,0.807615,0.236462,0,0.66528,12.849,1,0.476339,0.36288,0,45.7984,5.38308,40.3019,0.84672,12.849,0.84672,3695.15,0,0,0,0.406184,1.96114,5.12879,1.26829,6.22782,0.42336,0,0.42336,460.49,0,1.02816,0,0,1.43434,0.406184,1.028160,1,0,46.5297,0,0,0,46.5297,0
57.1578,2.15222,0,0,2.0471,0.107924,0.36288,3.6288,59.3588,0.739809,0,0,0.765288,0.232862,0,0.66528,12.849,1,0.478991,0.36288,0,42.667,5.32234,37.2285,0.84672,12.849,0.84672,3695.15,0,0,0,0.402797,2.0544,4.8784,1.25431,6.08129,0.42336,0,0.42336,460.49,0,0.953631,0,0,1.35643,0.402797,1.028160,1,0,43.3098,0,0,0,43.3098,0
56.5237,2.14864,0,0,1.98481,0.107317,0.36288,3.6288,59.0378,0.78834,0,0,0.69984,0.232553,0,0.66528,12.849,1,0.483012,0.36288,0,39.2255,5.32234,33.783,0.84672,12.849,0.84672,3695.15,0,0,0,0.30119,2.05469,4.53749,1.25431,5.63905,0.42336,0,0.42336,460.49,0,0.9051,0,0,1.20629,0.30119,1.028160,1,0,39.4221,0,0,0,39.4221,0
55.7013,2.14459,0,0,1.7664,0.0814171,0.36288,3.6288,58.6122,0.839082,0,0,0.664261,0.250691,0,0.66528,12.849,1,0.487509,0.36288,0,34.7014,5.53655,29.0403,0.84672,12.849,0.84672,3695.15,0,0,0,0.30119,2.05497,4.41401,1.30904,5.46113,0.42336,0,0.42336,460.49,0,0.854358,0,0,1.15555,0.30119,1.028160,1,0,34.5014,0,0,0,34.5014,0
54.3893,2.35272,0,0,1.48144,0.0778242,0.36288,3.6288,58.2341,0.66528,0,0,0.556826,0.26968,0,0.66528,12.849,1,0.542719,0.36288,0,32.2422,5.85121,26.2112,0.84672,12.849,0.84672,3695.15,0,0,0,0.304482,2.05525,3.55525,1.37423,4.54075,0.42336,0,0.42336,460.49,0,1.02816,0,0,1.33264,0.304482,1.028160,1,0,30.7519,0,0,0,30.7519,0
53.055,2.10856,0,0,1.22575,0.0885293,0.36288,3.6288,57.7544,0.66528,0,0,0.458876,0.273325,0,0.66528,12.849,1,0.49813,0.36288,0,28.8597,5.96673,22.7577,0.84672,12.849,0.84672,3695.15,0,0,0,0.351631,2.22381,2.67288,1.39234,3.85599,0.42336,0,0.42336,460.49,0,1.02816,0,0,1.37979,0.351631,1.028160,1,0,26.6137,0,0,0,26.6137,0
51.638,2.09883,0,0,1.13204,0.0873357,0.36288,3.6288,57.2545,0.66528,0,0,0.437929,0.27248,0,0.66528,12.849,1,0.5083,0.36288,0,26.1601,5.96673,20.048,0.84672,12.849,0.84672,3695.15,0,0,0,0.275072,2.08835,2.66192,1.39234,3.63301,0.42336,0,0.42336,460.49,0,1.02816,0,0,1.30323,0.275072,1.028160,1,0,23.681,0,0,0,23.681,0
49.988,2.29674,0,0,1.09563,0.086068,0.36288,3.6288,56.5989,0.796694,0,0,0.412614,0.271599,0,0.66528,12.849,1,0.571494,0.36288,0,23.6558,5.96673,17.4805,0.84672,12.849,0.84672,3695.15,0,0,0,0.261274,2.08864,2.5979,1.39234,3.55548,0.42336,0,0.42336,460.49,0,0.896746,0,0,1.15802,0.261274,1.028160,1,0,21.0359,0,0,0,21.0359,0
48.3244,2.28211,0,0,1.05437,0.0729649,0.36288,3.6288,55.8584,0.848223,0,0,0.395012,0.287252,0,0.66528,12.849,1,0.586598,0.36288,0,24.6999,5.99477,18.4815,0.84672,12.849,0.84672,3695.15,0,0,0,0.261274,2.26019,2.51245,1.44905,3.58486,0.42336,0,0.42336,460.49,0,0.845217,0,0,1.10649,0.261274,1.028160,1,0,22.0663,0,0,0,22.0663,0
46.5497,2.32501,0,0,0.974877,0.0616636,0.36288,3.6288,55.0995,0.813456,0,0,0.380727,0.32618,0,0.66528,12.849,1,0.618198,0.36288,0,23.2546,5.63147,17.3679,0.84672,12.849,0.84672,3695.15,0,0,0,0.261274,2.26051,2.20053,1.47452,3.24779,0.42336,0,0.42336,460.49,0,0.879984,0,0,1.14126,0.261274,1.028160,1,0,20.6157,0,0,0,20.6157,0
44.7317,2.30692,0,0,0.912254,0.0604737,0.36288,3.6288,54.2649,0.86241,0,0,0.352414,0.324559,0,0.66528,12.849,1,0.636774,0.36288,0,20.9932,5.63147,15.0879,0.84672,12.849,0.84672,3695.15,0,0,0,0.261274,2.31109,1.96397,1.47452,3.06181,0.42336,0,0.42336,460.49,0,0.83103,0,0,1.0923,0.261274,1.028160,1,0,18.1497,0,0,0,18.1497,0
42.8599,2.2872,0,0,0.837501,0.0592547,0.36288,3.6288,53.3724,0.918285,0,0,0.348545,0.322777,0,0.66528,12.849,1,0.656988,0.36288,0,19.1902,5.63147,13.2646,0.84672,12.849,0.84672,3695.15,0,0,0,0.227405,2.31141,1.92083,1.47452,2.98512,0.42336,0,0.42336,460.49,0,0.775155,0,0,1.00256,0.227405,1.028160,1,0,16.2498,0,0,0,16.2498,0
41.1912,2.2655,0,0,1.00619,0.0465164,0.36288,3.6288,52.8251,0.66528,0,0,0.424422,0.306466,0,0.66528,12.849,1,0.679176,0.36288,0,20.0967,5.83968,13.9407,0.84672,12.849,0.84672,3695.15,0,0,0,0.330497,2.31173,2.8681,1.53334,3.97699,0.42336,0,0.42336,460.49,0,1.02816,0,0,1.35866,0.330497,1.028160,1,0,17.9177,0,0,0,17.9177,0
39.1585,2.41022,0,0,0.810268,0.0698696,0.36288,3.6288,51.7904,1.01243,0,0,0.282785,0.305017,0,0.66528,12.849,1,0.751834,0.36288,0,18.5252,5.77941,12.3568,0.84672,12.849,0.84672,3695.15,0,0,0,0.227405,2.31205,1.79542,1.51218,2.82269,0.42336,0,0.42336,460.49,0,0.681013,0,0,0.908418,0.227405,1.028160,1,0,15.1795,0,0,0,15.1795,0
37.213,2.39234,0,0,0.888244,0.0785009,0.36288,3.6288,50.8957,0.905057,0,0,0.318639,0.308354,0,0.66528,12.849,1,0.784995,0.36288,0,23.346,5.74518,17.1787,0.84672,12.849,0.84672,3695.15,0,0,0,0.227405,2.48447,1.88464,1.49653,3.09999,0.42336,0,0.42336,460.49,0,0.788383,0,0,1.01579,0.227405,1.028160,1,0,20.2787,0,0,0,20.2787,0
35.1245,2.36246,0,0,0.713578,0.0767372,0.36288,3.6288,49.6274,1.19265,0,0,0.230468,0.306125,0,0.66528,12.849,1,0.815718,0.36288,0,22.8128,5.74518,16.6148,0.84672,12.849,0.84672,3695.15,0,0,0,0.204422,2.47618,1.51294,1.49653,2.69702,0.42336,0,0.42336,460.49,0,0.500792,0,0,0.705214,0.204422,1.028160,1,0,19.3118,0,0,0,19.3118,0
33.2479,2.32757,0,0,0.888684,0.0748439,0.36288,3.6288,49.053,0.66528,0,0,0.393908,0.302966,0,0.66528,12.849,1,0.851456,0.36288,0,20.835,5.74518,14.6013,0.84672,12.849,0.84672,3695.15,0,0,0,0.305847,2.47634,2.33931,1.49653,3.62497,0.42336,0,0.42336,460.49,0,1.02816,0,0,1.33401,0.305847,1.028160,1,0,18.2262,0,0,0,18.2262,0
31.3311,2.29352,0,0,0.812316,0.0726465,0.36288,3.6288,48.2729,0.833397,0,0,0.322707,0.269482,0,0.66528,12.849,1,0.886355,0.36288,0,19.0998,5.0156,13.5607,0.84672,12.849,0.84672,3695.15,0,0,0,0.204422,2.4765,2.01505,1.20767,3.4883,0.42336,0,0.42336,460.49,0,0.860043,0,0,1.06447,0.204422,1.028160,1,0,17.049,0,0,0,17.049,0
29.58,2.18064,0,0,0.856829,0.0644152,0.36288,3.6288,47.5365,0.803615,0,0,0.336468,0.269235,0,0.66528,12.849,1,0.894289,0.36288,0,21.032,5.33673,15.1639,0.84672,12.849,0.84672,3695.15,0,0,0,0.204422,2.47666,1.64231,1.3262,2.99719,0.42336,0,0.42336,460.49,0,0.889825,0,0,1.09425,0.204422,1.028160,1,0,18.1611,0,0,0,18.1611,0
27.9026,2.1329,0,0,0.893938,0.0755866,0.36288,3.6288,46.7573,0.8492,0,0,0.323915,0.253864,0,0.66528,12.849,1,0.92649,0.36288,0,20.2159,5.1291,14.5232,0.84672,12.849,0.84672,3695.15,0,0,0,0.216518,2.37715,1.65269,1.26131,2.98506,0.42336,0,0.42336,460.49,0,0.84424,0,0,1.06076,0.216518,1.028160,1,0,17.5082,0,0,0,17.5082,0
27.8898,2.09511,0,0,2.59326,0.148055,0.36288,3.6288,46.6849,0.66528,0,0,0.763282,0.170414,0,0.66528,12.849,1,0.964786,0.36288,0,60.931,3.88332,56.4458,0.84672,12.849,0.84672,3695.15,0,0,0,0.606511,2.38687,4.34074,0.871918,6.46221,0.42336,0,0.42336,460.49,0,1.02816,0,0,1.63467,0.606511,1.028160,1,0,62.908,0,0,0,62.908,0
27.1883,2.09515,0,0,1.90458,0.148029,0.36288,3.6288,46.3914,0.66528,0,0,0.542098,0.170302,0,0.66528,12.849,1,0.965248,0.36288,0,52.8892,3.88332,48.4035,0.84672,12.849,0.84672,3695.15,0,0,0,0.605275,2.38721,2.44717,0.871918,4.56773,0.42336,0,0.42336,460.49,0,1.02816,0,0,1.63344,0.605275,1.028160,1,0,52.9712,0,0,0,52.9712,0
25.8568,2.01958,0,0,1.20074,0.149798,0.36288,3.6288,45.4548,1.08417,0,0,0.299805,0.152246,0,0.66528,12.849,1,0.95444,0.36288,0,32.3226,3.44295,28.2881,0.84672,12.849,0.84672,3695.15,0,0,0,0.216518,2.38754,1.67093,0.860669,3.41432,0.42336,0,0.42336,460.49,0,0.609265,0,0,0.825784,0.216518,1.028160,1,0,31.7024,0,0,0,31.7024,0
25.8983,1.80711,0,0,2.35848,0.147021,0.36288,3.6288,44.9267,0.899491,0,0,0.522277,0.150929,0,0.66528,12.849,1,0.898005,0.36288,0,47.3201,3.44295,43.342,0.84672,12.849,0.84672,3695.15,0,0,0,0.216518,2.29887,2.86369,0.860669,4.51841,0.42336,0,0.42336,460.49,0,0.793949,0,0,1.01047,0.216518,1.028160,1,0,47.8604,0,0,0,47.8604,0
26.3516,1.80837,0,0,2.77163,0.147108,0.36288,3.6288,44.9733,0.66528,0,0,0.862132,0.150186,0,0.66528,12.849,1,0.897194,0.36288,0,51.2271,3.44295,47.2498,0.84672,12.849,0.84672,3695.15,0,0,0,0.859576,2.12471,3.48036,0.860669,5.60399,0.42336,0,0.42336,460.49,0,1.02816,0,0,1.88774,0.859576,1.028160,1,0,52.8538,0,0,0,52.8538,0
26.0074,1.81905,0,0,1.99893,0.1612,0.36288,3.6288,44.7195,0.668805,0,0,0.571374,0.156353,0,0.66528,12.849,1,0.886969,0.36288,0,45.8128,3.55893,41.7298,0.84672,12.849,0.84672,3695.15,0,0,0,0.292723,2.12501,3.541,0.887746,5.07098,0.42336,0,0.42336,460.49,0,1.02463,0,0,1.31736,0.292723,1.028160,1,0,46.8008,0,0,0,46.8008,0
27.7977,1.65983,0,0,3.97926,0.166182,0.36288,3.6288,44.6342,0.66528,0,0,0.754557,0.174632,0,0.66528,12.849,1,0.820043,0.36288,0,66.9579,3.76653,62.7342,0.84672,12.849,0.84672,3695.15,0,0,0,0.34039,2.1253,5.47504,0.952877,6.98785,0.42336,0,0.42336,460.49,0,1.02816,0,0,1.36855,0.34039,1.028160,1,0,69.7221,0,0,0,69.7221,0
28.8056,1.69624,0,0,3.22633,0.159343,0.36288,3.6288,44.4697,0.66528,0,0,0.676641,0.175864,0,0.66528,12.849,1,0.784055,0.36288,0,83.5799,3.73359,79.4251,0.84672,12.849,0.84672,3695.15,0,0,0,0.687917,1.94403,4.11602,0.951852,5.79612,0.42336,0,0.42336,460.49,0,1.02816,0,0,1.71608,0.687917,1.028160,1,0,85.2213,0,0,0,85.2213,0
28.5461,1.7155,0,0,1.98044,0.161559,0.36288,3.6288,43.613,1.11167,0,0,0.430546,0.175592,0,0.66528,12.849,1,0.765213,0.36288,0,47.3257,3.73359,43.1898,0.84672,12.849,0.84672,3695.15,0,0,0,0.412474,1.9443,3.54993,0.951852,4.95486,0.42336,0,0.42336,460.49,0,0.581774,0,0,0.994248,0.412474,1.028160,1,0,48.1446,0,0,0,48.1446,0
28.3157,1.71099,0,0,2.01498,0.171566,0.36288,3.6288,42.4822,1.27675,0,0,0.334135,0.188148,0,0.66528,12.849,1,0.77014,0.36288,0,42.6398,4.07645,38.1561,0.84672,12.849,0.84672,3695.15,0,0,0,0.412474,1.94457,4.49275,1.05881,5.79098,0.42336,0,0.42336,460.49,0,0.41669,0,0,0.829163,0.412474,1.028160,1,0,43.9471,0,0,0,43.9471,0
29.3806,1.70697,0,0,3.31543,0.180602,0.36288,3.6288,42.447,0.66528,0,0,0.822601,0.192575,0,0.66528,12.849,1,0.774582,0.36288,0,76.3915,4.40695,71.5729,0.84672,12.849,0.84672,3695.15,0,0,0,0.65194,1.94483,4.80202,1.06512,6.33367,0.42336,0,0.42336,460.49,0,1.02816,0,0,1.6801,0.65194,1.028160,1,0,77.9065,0,0,0,77.9065,0
31.0821,1.78747,0,0,4.02371,0.171866,0.36288,3.6288,42.9176,0.66528,0,0,1.29851,0.16256,0,0.66528,12.849,1,0.781712,0.36288,0,88.4209,4.09038,83.9117,0.84672,12.849,0.84672,3695.15,0,0,0,1.34693,1.9451,5.43079,0.724384,7.99844,0.42336,0,0.42336,460.49,0,1.02816,0,0,2.37509,1.34693,1.028160,1,0,91.9101,0,0,0,91.9101,0
32.3559,1.81803,0,0,3.63051,0.175816,0.36288,3.6288,43.2808,0.66528,0,0,1.19174,0.163293,0,0.66528,12.849,1,0.751555,0.36288,0,79.1467,4.09038,74.6677,0.84672,12.849,0.84672,3695.15,0,0,0,1.15298,2.00201,5.05888,0.724384,7.48948,0.42336,0,0.42336,460.49,0,1.02816,0,0,2.18114,1.15298,1.028160,1,0,82.1572,0,0,0,82.1572,0
33.6386,1.8395,0,0,3.67957,0.194447,0.36288,3.6288,43.6569,0.66528,0,0,1.20733,0.165903,0,0.66528,12.849,1,0.730493,0.36288,0,79.5563,4.22514,74.9635,0.84672,12.849,0.84672,3695.15,0,0,0,1.18188,2.00227,5.2523,0.799785,7.63667,0.42336,0,0.42336,460.49,0,1.02816,0,0,2.21004,1.18188,1.028160,1,0,82.6002,0,0,0,82.6002,0
34.8731,1.85995,0,0,3.69931,0.242058,0.36288,3.6288,43.9655,0.66528,0,0,1.15615,0.182328,0,0.66528,12.849,1,0.710449,0.36288,0,79.6392,4.88916,74.4025,0.84672,12.849,0.84672,3695.15,0,0,0,1.24057,2.00253,5.3053,1.193,7.3554,0.42336,0,0.42336,460.49,0,1.02816,0,0,2.26873,1.24057,1.028160,1,0,81.7579,0,0,0,81.7579,0
35.3231,2.08342,0,0,3.13743,0.241138,0.36288,3.6288,44.4458,0.66528,0,0,1.26655,0.120978,0,0.66528,12.849,1,0.767637,0.36288,0,65.9037,3.58938,61.9095,0.84672,12.849,0.84672,3695.15,0,0,0,1.25654,2.00279,6.10997,0.777086,8.59222,0.42336,0,0.42336,460.49,0,1.02816,0,0,2.2847,1.25654,1.028160,1,0,70.5018,0,0,0,70.5018,0
35.708,2.09092,0,0,3.07623,0.237446,0.36288,3.6288,45.0428,0.66528,0,0,1.40437,0.142029,0,0.66528,12.849,1,0.760586,0.36288,0,64.7015,3.37614,60.9277,0.84672,12.849,0.84672,3695.15,0,0,0,1.5178,2.20696,6.0764,0.922648,8.87851,0.42336,0,0.42336,460.49,0,1.02816,0,0,2.54596,1.5178,1.028160,1,0,69.8062,0,0,0,69.8062,0
36.5768,2.09728,0,0,3.58204,0.253087,0.36288,3.6288,45.5411,0.66528,0,0,1.29756,0.134058,0,0.66528,12.849,1,0.754674,0.36288,0,77.7372,3.52338,73.822,0.84672,12.849,0.84672,3695.15,0,0,0,1.63821,2.20725,6.19476,0.890122,9.1501,0.42336,0,0.42336,460.49,0,1.02816,0,0,2.66637,1.63821,1.028160,1,0,82.9721,0,0,0,82.9721,0
36.7683,2.11087,0,0,2.92092,0.255731,0.36288,3.6288,45.8221,0.66528,0,0,1.08105,0.134683,0,0.66528,12.849,1,0.741525,0.36288,0,70.8584,3.52338,66.9563,0.84672,12.849,0.84672,3695.15,0,0,0,1.16804,2.20754,5.37271,0.890122,7.85818,0.42336,0,0.42336,460.49,0,1.02816,0,0,2.1962,1.16804,1.028160,1,0,74.8145,0,0,0,74.8145,0
38.7941,1.81769,0,0,4.44554,0.239118,0.36288,3.6288,47.0704,0.66528,0,0,2.04086,0.127317,0,0.66528,12.849,1,0.635208,0.36288,0,89.697,3.37587,86.0488,0.84672,12.849,0.84672,3695.15,0,0,0,2.46433,2.20783,8.22938,0.86143,12.0401,0.42336,0,0.42336,460.49,0,1.02816,0,0,3.49249,2.46433,1.028160,1,0,98.0889,0,0,0,98.0889,0
42.7662,1.8429,0,0,6.41975,0.241936,0.36288,3.6288,48.5599,0.66528,0,0,2.28224,0.127458,0,0.66528,12.849,1,0.610388,0.36288,0,87.2268,3.35129,83.6281,0.84672,12.849,0.84672,3695.15,0,0,0,2.75263,1.92987,8.21984,0.856648,12.0457,0.42336,0,0.42336,460.49,0,1.02816,0,0,3.78079,2.75263,1.028160,1,0,95.6737,0,0,0,95.6737,0
45.46,1.8868,0,0,5.19702,0.253457,0.36288,3.6288,49.3786,0.66528,0,0,1.61301,0.129052,0,0.66528,12.849,1,0.566884,0.36288,0,87.4489,3.35129,83.8936,0.84672,12.849,0.84672,3695.15,0,0,0,1.39259,1.93012,5.63977,0.856648,8.10583,0.42336,0,0.42336,460.49,0,1.02816,0,0,2.42075,1.39259,1.028160,1,0,91.9994,0,0,0,91.9994,0
46.5374,1.91329,0,0,3.61489,0.261359,0.36288,3.6288,49.7357,0.66528,0,0,1.15236,0.129929,0,0.66528,12.849,1,0.54078,0.36288,0,81.0899,3.35129,77.5607,0.84672,12.849,0.84672,3695.15,0,0,0,1.1165,1.93037,5.42175,0.856648,7.61196,0.42336,0,0.42336,460.49,0,1.02816,0,0,2.14466,1.1165,1.028160,1,0,85.1726,0,0,0,85.1726,0
47.1096,1.92341,0,0,3.09152,0.233069,0.36288,3.6288,49.7925,0.66528,0,0,0.823167,0.101122,0,0.66528,12.849,1,0.531054,0.36288,0,56.3635,2.92275,53.2725,0.84672,12.849,0.84672,3695.15,0,0,0,0.619341,1.93062,3.93704,0.798124,5.68888,0.42336,0,0.42336,460.49,0,1.02816,0,0,1.6475,0.619341,1.028160,1,0,58.9614,0,0,0,58.9614,0
47.8655,2.00794,0,0,3.37971,0.252925,0.36288,3.6288,50.0183,0.66528,0,0,1.00516,0.114104,0,0.66528,12.849,1,0.54766,0.36288,0,59.5581,3.20046,56.1729,0.84672,12.849,0.84672,3695.15,0,0,0,1.18727,1.93087,3.63582,0.949985,5.80397,0.42336,0,0.42336,460.49,0,1.02816,0,0,2.21543,1.18727,1.028160,1,0,61.9768,0,0,0,61.9768,0
48.333,2.01508,0,0,3.09953,0.254054,0.36288,3.6288,49.8457,0.89081,0,0,0.837726,0.119539,0,0.66528,12.849,1,0.540927,0.36288,0,68.9344,3.29595,65.4604,0.84672,12.849,0.84672,3695.15,0,0,0,0.528595,1.99976,3.43392,1.00687,4.95541,0.42336,0,0.42336,460.49,0,0.80263,0,0,1.33123,0.528595,1.028160,1,0,70.4158,0,0,0,70.4158,0
48.7705,2.01953,0,0,3.07519,0.255352,0.36288,3.6288,50.4465,0.66528,0,0,1.38551,0.11937,0,0.66528,12.849,1,0.536878,0.36288,0,70.4488,3.29595,66.9789,0.84672,12.849,0.84672,3695.15,0,0,0,1.77993,2.00002,4.98215,1.00687,7.75523,0.42336,0,0.42336,460.49,0,1.02816,0,0,2.80809,1.77993,1.028160,1,0,74.7341,0,0,0,74.7341,0
48.8879,2.02366,0,0,2.75203,0.248093,0.36288,3.6288,50.8882,0.66528,0,0,1.23415,0.127213,0,0.66528,12.849,1,0.533152,0.36288,0,69.3358,3.37785,65.7877,0.84672,12.849,0.84672,3695.15,0,0,0,0.971793,2.00028,4.08553,1.01367,6.04393,0.42336,0,0.42336,460.49,0,1.02816,0,0,1.99995,0.971793,1.028160,1,0,71.8316,0,0,0,71.8316,0
48.5968,1.99379,0,0,2.26314,0.197499,0.36288,3.6288,50.7318,0.744284,0,0,0.759223,0.171358,0,0.66528,12.849,1,0.524019,0.36288,0,48.3808,3.86925,44.3504,0.84672,12.849,0.84672,3695.15,0,0,0,0.528595,2.00054,2.39235,1.05447,3.86701,0.42336,0,0.42336,460.49,0,0.949156,0,0,1.47775,0.528595,1.028160,1,0,48.2174,0,0,0,48.2174,0
47.7879,1.99162,0,0,1.74247,0.196878,0.36288,3.6288,50.244,0.94055,0,0,0.623952,0.171139,0,0.66528,12.849,1,0.526585,0.36288,0,36.6402,3.86925,32.6072,0.84672,12.849,0.84672,3695.15,0,0,0,0.528595,1.97407,2.04611,1.05447,3.4943,0.42336,0,0.42336,460.49,0,0.75289,0,0,1.28148,0.528595,1.028160,1,0,36.1015,0,0,0,36.1015,0
46.8489,1.98491,0,0,1.60387,0.195151,0.36288,3.6288,49.9211,0.784426,0,0,0.631941,0.170459,0,0.66528,12.849,1,0.533694,0.36288,0,34.2144,3.86925,30.1743,0.84672,12.849,0.84672,3695.15,0,0,0,0.402797,1.97433,2.67261,1.05447,3.99526,0.42336,0,0.42336,460.49,0,0.909014,0,0,1.31181,0.402797,1.028160,1,0,34.1696,0,0,0,34.1696,0
46.8538,1.97683,0,0,2.53784,0.193147,0.36288,3.6288,49.8703,0.66528,0,0,0.784486,0.170009,0,0.66528,12.849,1,0.542176,0.36288,0,44.5078,3.86925,40.4592,0.84672,12.849,0.84672,3695.15,0,0,0,0.506866,1.97458,2.32349,1.05447,3.75047,0.42336,0,0.42336,460.49,0,1.02816,0,0,1.53503,0.506866,1.028160,1,0,44.2097,0,0,0,44.2097,0
45.9305,2.08224,0,0,1.67226,0.150467,0.36288,3.6288,49.5833,0.784693,0,0,0.689917,0.192253,0,0.66528,12.849,1,0.571025,0.36288,0,34.4714,4.76624,29.4971,0.84672,12.849,0.84672,3695.15,0,0,0,0.402797,1.97484,2.08464,1.10694,3.35533,0.42336,0,0.42336,460.49,0,0.908747,0,0,1.31154,0.402797,1.028160,1,0,32.8524,0,0,0,32.8524,0
44.9177,2.0736,0,0,1.55959,0.135889,0.36288,3.6288,49.1166,0.828395,0,0,0.545098,0.18332,0,0.66528,12.849,1,0.580086,0.36288,0,30.9377,4.56658,26.1539,0.84672,12.849,0.84672,3695.15,0,0,0,0.402797,2.0688,1.9659,1.15891,3.27859,0.42336,0,0.42336,460.49,0,0.865045,0,0,1.26784,0.402797,1.028160,1,0,29.4325,0,0,0,29.4325,0
43.7861,2.06375,0,0,1.39946,0.104486,0.36288,3.6288,48.7407,0.721164,0,0,0.529667,0.184398,0,0.66528,12.849,1,0.59035,0.36288,0,27.0628,4.63145,22.2039,0.84672,12.849,0.84672,3695.15,0,0,0,0.30119,2.06907,1.83746,1.11794,3.08978,0.42336,0,0.42336,460.49,0,0.972276,0,0,1.27347,0.30119,1.028160,1,0,25.2937,0,0,0,25.2937,0
42.6497,2.05228,0,0,1.38192,0.103151,0.36288,3.6288,48.3843,0.747913,0,0,0.575312,0.183826,0,0.66528,12.849,1,0.602241,0.36288,0,26.1711,4.63145,21.3003,0.84672,12.849,0.84672,3695.15,0,0,0,0.30119,2.06934,2.01455,1.11794,3.26713,0.42336,0,0.42336,460.49,0,0.945527,0,0,1.24672,0.30119,1.028160,1,0,24.5674,0,0,0,24.5674,0
41.4655,2.04027,0,0,1.31497,0.0960408,0.36288,3.6288,48.0638,0.733562,0,0,0.590544,0.177513,0,0.66528,12.849,1,0.61467,0.36288,0,25.3804,4.44591,20.6827,0.84672,12.849,0.84672,3695.15,0,0,0,0.30119,2.06961,2.08914,1.12313,3.33682,0.42336,0,0.42336,460.49,0,0.959878,0,0,1.26107,0.30119,1.028160,1,0,24.0195,0,0,0,24.0195,0
40.2651,2.00697,0,0,1.25664,0.0871356,0.36288,3.6288,47.8868,0.66528,0,0,0.657668,0.169367,0,0.66528,12.849,1,0.621904,0.36288,0,26.1616,4.19853,21.704,0.84672,12.849,0.84672,3695.15,0,0,0,0.336295,2.06988,2.47287,1.13003,3.74901,0.42336,0,0.42336,460.49,0,1.02816,0,0,1.36445,0.336295,1.028160,1,0,25.453,0,0,0,25.453,0
38.9639,1.99323,0,0,1.14083,0.0859067,0.36288,3.6288,47.6149,0.724101,0,0,0.621297,0.169117,0,0.66528,12.849,1,0.636059,0.36288,0,25.3841,4.19853,20.9124,0.84672,12.849,0.84672,3695.15,0,0,0,0.261274,2.10292,2.32445,1.13003,3.55862,0.42336,0,0.42336,460.49,0,0.969339,0,0,1.23061,0.261274,1.028160,1,0,24.471,0,0,0,24.471,0
37.5904,1.97757,0,0,1.04459,0.0777242,0.36288,3.6288,47.243,0.774602,0,0,0.591323,0.188602,0,0.66528,12.849,1,0.652136,0.36288,0,22.3855,4.48083,17.6155,0.84672,12.849,0.84672,3695.15,0,0,0,0.261274,2.1032,2.2574,1.23308,3.38879,0.42336,0,0.42336,460.49,0,0.918838,0,0,1.18011,0.261274,1.028160,1,0,21.0043,0,0,0,21.0043,0
36.194,1.96012,0,0,0.986187,0.0595425,0.36288,3.6288,46.7621,0.795217,0,0,0.551831,0.237533,0,0.66528,12.849,1,0.670001,0.36288,0,19.9102,5.18658,14.4165,0.84672,12.849,0.84672,3695.15,0,0,0,0.261274,2.10347,2.15328,1.49069,3.02733,0.42336,0,0.42336,460.49,0,0.898223,0,0,1.1595,0.261274,1.028160,1,0,17.4438,0,0,0,17.4438,0
34.5976,1.99186,0,0,0.811771,0.0534442,0.36288,3.6288,45.8379,1.09691,0,0,0.443403,0.270664,0,0.66528,12.849,1,0.707119,0.36288,0,18.0523,5.51502,12.1931,0.84672,12.849,0.84672,3695.15,0,0,0,0.261274,2.10374,1.92408,1.49088,2.79822,0.42336,0,0.42336,460.49,0,0.596532,0,0,0.857805,0.261274,1.028160,1,0,14.9913,0,0,0,14.9913,0
32.9911,1.96838,0,0,0.77722,0.052424,0.36288,3.6288,44.9234,1.07961,0,0,0.433445,0.268367,0,0.66528,12.849,1,0.731026,0.36288,0,16.8928,5.51502,11.0097,0.84672,12.849,0.84672,3695.15,0,0,0,0.261274,2.1505,1.97751,1.49088,2.89841,0.42336,0,0.42336,460.49,0,0.613829,0,0,0.875102,0.261274,1.028160,1,0,13.9081,0,0,0,13.9081,0
31.3115,1.94307,0,0,0.677739,0.0513973,0.36288,3.6288,43.939,1.12702,0,0,0.40874,0.266089,0,0.66528,12.849,1,0.756765,0.36288,0,16.0047,5.51502,10.0958,0.84672,12.849,0.84672,3695.15,0,0,0,0.227405,2.15078,1.88955,1.49088,2.77686,0.42336,0,0.42336,460.49,0,0.566421,0,0,0.793826,0.227405,1.028160,1,0,12.8727,0,0,0,12.8727,0
29.612,1.91459,0,0,0.625018,0.047092,0.36288,3.6288,42.9127,1.1621,0,0,0.401716,0.265905,0,0.66528,12.849,1,0.785671,0.36288,0,15.0989,5.5898,9.08633,0.84672,12.849,0.84672,3695.15,0,0,0,0.227405,2.15106,1.87236,1.50582,2.745,0.42336,0,0.42336,460.49,0,0.531343,0,0,0.758748,0.227405,1.028160,1,0,11.8313,0,0,0,11.8313,0
27.8486,2.02331,0,0,0.660385,0.0375973,0.36288,3.6288,42.0041,1.06942,0,0,0.445249,0.284493,0,0.66528,12.849,1,0.877939,0.36288,0,16.3568,6.12528,9.71648,0.84672,12.849,0.84672,3695.15,0,0,0,0.227405,2.15134,1.71857,1.58942,2.50789,0.42336,0,0.42336,460.49,0,0.624015,0,0,0.85142,0.227405,1.028160,1,0,12.2244,0,0,0,12.2244,0
25.9942,2.00677,0,0,0.555216,0.0399388,0.36288,3.6288,40.7388,1.29202,0,0,0.319442,0.292699,0,0.66528,12.849,1,0.925901,0.36288,0,18.8807,6.29066,12.0271,0.84672,12.849,0.84672,3695.15,0,0,0,0.227405,2.31076,1.21724,1.63689,2.11851,0.42336,0,0.42336,460.49,0,0.401419,0,0,0.628824,0.227405,1.028160,1,0,14.1456,0,0,0,14.1456,0
24.2869,1.96308,0,0,0.657553,0.0389172,0.36288,3.6288,39.9853,0.95193,0,0,0.487621,0.289135,0,0.66528,12.849,1,0.970355,0.36288,0,16.206,6.29066,9.30783,0.84672,12.849,0.84672,3695.15,0,0,0,0.204422,2.29294,1.64608,1.63689,2.50656,0.42336,0,0.42336,460.49,0,0.74151,0,0,0.945932,0.204422,1.028160,1,0,11.8144,0,0,0,11.8144,0
22.5142,1.91896,0,0,0.549386,0.0402542,0.36288,3.6288,38.9221,1.15155,0,0,0.357852,0.269583,0,0.66528,12.849,1,1.01523,0.36288,0,14.7887,5.73612,8.40019,0.84672,12.849,0.84672,3695.15,0,0,0,0.204422,2.29307,1.7054,1.42103,2.78186,0.42336,0,0.42336,460.49,0,0.541892,0,0,0.746315,0.204422,1.028160,1,0,11.182,0,0,0,11.182,0
20.8094,1.86856,0,0,0.567276,0.0406457,0.36288,3.6288,37.824,1.19237,0,0,0.344754,0.250417,0,0.66528,12.849,1,1.0664,0.36288,0,11.9664,5.18466,6.07822,0.84672,12.849,0.84672,3695.15,0,0,0,0.204422,2.29319,1.71761,1.22986,2.98536,0.42336,0,0.42336,460.49,0,0.501067,0,0,0.70549,0.204422,1.028160,1,0,9.06358,0,0,0,9.06358,0
19.7402,1.75454,0,0,1.08415,0.0358585,0.36288,3.6288,37.2797,0.764415,0,0,0.484113,0.26401,0,0.66528,12.849,1,1.08336,0.36288,0,18.008,5.65446,11.6331,0.84672,12.849,0.84672,3695.15,0,0,0,0.204422,2.29331,1.76481,1.47148,2.79106,0.42336,0,0.42336,460.49,0,0.929025,0,0,1.13345,0.204422,1.028160,1,0,14.4241,0,0,0,14.4241,0
18.1745,1.69976,0,0,0.532216,0.0353319,0.36288,3.6288,36.0884,1.22548,0,0,0.296812,0.262631,0,0.66528,12.849,1,1.10638,0.36288,0,18.1434,5.65446,11.7454,0.84672,12.849,0.84672,3695.15,0,0,0,0.216518,2.20127,1.01193,1.47148,1.95823,0.42336,0,0.42336,460.49,0,0.467962,0,0,0.684481,0.216518,1.028160,1,0,13.7037,0,0,0,13.7037,0
16.6802,1.64418,0,0,0.547383,0.0345608,0.36288,3.6288,34.8245,1.32669,0,0,0.322435,0.259613,0,0.66528,12.849,1,1.1624,0.36288,0,11.8321,5.65446,5.37815,0.84672,12.849,0.84672,3695.15,0,0,0,0.216518,2.2204,0.8208,1.47148,1.78624,0.42336,0,0.42336,460.49,0,0.366746,0,0,0.583265,0.216518,1.028160,1,0,7.16439,0,0,0,7.16439,0
16.1677,1.58561,0,0,1.52954,0.0935505,0.36288,3.6288,34.4936,0.66528,0,0,0.600095,0.265714,0,0.66528,12.849,1,1.22142,0.36288,0,19.2681,5.00277,13.4068,0.84672,12.849,0.84672,3695.15,0,0,0,0.493258,2.22069,2.53154,1.32365,3.92184,0.42336,0,0.42336,460.49,0,1.02816,0,0,1.52142,0.493258,1.028160,1,0,17.3286,0,0,0,17.3286,0
16.3504,1.51952,0,0,2.15359,0.0885592,0.36288,3.6288,34.4495,0.66528,0,0,0.855031,0.23384,0,0.66528,12.849,1,1.20761,0.36288,0,70.5712,4.19592,65.5305,0.84672,12.849,0.84672,3695.15,0,0,0,1.1135,2.22098,3.73423,1.06478,6.00393,0.42336,0,0.42336,460.49,0,1.02816,0,0,2.14166,1.1135,1.028160,1,0,71.5344,0,0,0,71.5344,0
16.5758,1.52731,0,0,2.25469,0.139041,0.36288,3.6288,34.1998,0.714485,0,0,0.708719,0.243948,0,0.66528,12.849,1,1.20025,0.36288,0,45.7663,5.00052,39.9284,0.84672,12.849,0.84672,3695.15,0,0,0,0.216518,2.13897,3.12988,1.20527,4.28011,0.42336,0,0.42336,460.49,0,0.978955,0,0,1.19547,0.216518,1.028160,1,0,44.2085,0,0,0,44.2085,0
16.9933,1.53675,0,0,2.45658,0.139499,0.36288,3.6288,33.9007,0.66528,0,0,0.609504,0.243344,0,0.66528,12.849,1,1.19124,0.36288,0,19.5209,5.00052,13.692,0.84672,12.849,0.84672,3695.15,0,0,0,0.326315,2.13925,2.54165,1.20527,3.80195,0.42336,0,0.42336,460.49,0,1.02816,0,0,1.35448,0.326315,1.028160,1,0,17.4939,0,0,0,17.4939,0
17.2298,1.55366,0,0,2.29344,0.140348,0.36288,3.6288,33.801,0.66528,0,0,0.808186,0.24262,0,0.66528,12.849,1,1.17476,0.36288,0,22.6144,5.00052,16.802,0.84672,12.849,0.84672,3695.15,0,0,0,0.786525,2.13953,3.00554,1.20527,4.72632,0.42336,0,0.42336,460.49,0,1.02816,0,0,1.81469,0.786525,1.028160,1,0,21.5283,0,0,0,21.5283,0
18.7523,1.43238,0,0,3.47596,0.158199,0.36288,3.6288,33.9672,0.66528,0,0,1.04911,0.217601,0,0.66528,12.849,1,1.06818,0.36288,0,45.934,5.03646,40.1923,0.84672,12.849,0.84672,3695.15,0,0,0,0.82741,2.13981,4.89511,1.14914,6.71319,0.42336,0,0.42336,460.49,0,1.02816,0,0,1.85557,0.82741,1.028160,1,0,46.9055,0,0,0,46.9055,0
21.7849,1.48408,0,0,5.05456,0.174992,0.36288,3.6288,34.1838,0.66528,0,0,1.08117,0.199349,0,0.66528,12.849,1,1.01688,0.36288,0,55.5954,5.06342,49.878,0.84672,12.849,0.84672,3695.15,0,0,0,1.37998,1.95717,4.42753,1.10705,6.65764,0.42336,0,0.42336,460.49,0,1.02816,0,0,2.40814,1.37998,1.028160,1,0,56.5356,0,0,0,56.5356,0
23.6831,1.57337,0,0,4.01687,0.182492,0.36288,3.6288,34.3674,0.66528,0,0,1.04872,0.19978,0,0.66528,12.849,1,0.927989,0.36288,0,56.3146,5.06342,50.686,0.84672,12.849,0.84672,3695.15,0,0,0,1.39728,1.95743,5.59866,1.10705,7.84632,0.42336,0,0.42336,460.49,0,1.02816,0,0,2.42544,1.39728,1.028160,1,0,58.5324,0,0,0,58.5324,0
24.4602,1.62184,0,0,2.94119,0.179349,0.36288,3.6288,34.0475,0.709068,0,0,0.555046,0.165873,0,0.66528,12.849,1,0.879913,0.36288,0,35.9001,4.28229,31.1007,0.84672,12.849,0.84672,3695.15,0,0,0,0.412474,1.95768,2.9339,0.882409,4.42165,0.42336,0,0.42336,460.49,0,0.984372,0,0,1.39685,0.412474,1.028160,1,0,35.5224,0,0,0,35.5224,0
25.5836,1.64043,0,0,3.30385,0.177112,0.36288,3.6288,34.6969,0.66528,0,0,1.47218,0.157519,0,0.66528,12.849,1,0.861722,0.36288,0,60.1408,4.01551,55.6264,0.84672,12.849,0.84672,3695.15,0,0,0,0.776615,1.95793,5.1895,0.844437,7.07961,0.42336,0,0.42336,460.49,0,1.02816,0,0,1.80477,0.776615,1.028160,1,0,62.706,0,0,0,62.706,0
29.8475,1.72437,0,0,6.52468,0.173515,0.36288,3.6288,36.7381,0.66528,0,0,2.90028,0.193791,0,0.66528,12.849,1,0.866039,0.36288,0,138.722,4.28957,133.929,0.84672,12.849,0.84672,3695.15,0,0,0,2.52275,1.95818,9.09792,1.15574,12.4231,0.42336,0,0.42336,460.49,0,1.02816,0,0,3.55091,2.52275,1.028160,1,0,146.353,0,0,0,146.353,0
33.2234,1.81112,0,0,5.73397,0.18405,0.36288,3.6288,38.4405,0.66528,0,0,2.56533,0.197705,0,0.66528,12.849,1,0.779667,0.36288,0,113.638,4.28957,108.931,0.84672,12.849,0.84672,3695.15,0,0,0,2.29156,2.0155,8.04246,1.15574,11.1938,0.42336,0,0.42336,460.49,0,1.02816,0,0,3.31972,2.29156,1.028160,1,0,120.125,0,0,0,120.125,0
35.6624,1.86853,0,0,4.86262,0.192202,0.36288,3.6288,39.3013,0.66528,0,0,1.72713,0.20097,0,0.66528,12.849,1,0.722645,0.36288,0,89.5545,4.28957,84.9051,0.84672,12.849,0.84672,3695.15,0,0,0,1.56011,2.01574,8.01006,1.15574,10.4302,0.42336,0,0.42336,460.49,0,1.02816,0,0,2.58827,1.56011,1.028160,1,0,95.3353,0,0,0,95.3353,0
39.1496,1.90515,0,0,5.98574,0.230544,0.36288,3.6288,40.374,0.66528,0,0,1.93013,0.192152,0,0.66528,12.849,1,0.686414,0.36288,0,123.76,4.4225,119.014,0.84672,12.849,0.84672,3695.15,0,0,0,1.73108,2.01599,8.89505,1.38753,11.2546,0.42336,0,0.42336,460.49,0,1.02816,0,0,2.75924,1.73108,1.028160,1,0,130.269,0,0,0,130.269,0
42.426,2.16402,0,0,6.03162,0.228373,0.36288,3.6288,42.7154,0.66528,0,0,3.19728,0.190623,0,0.66528,12.849,1,0.710236,0.36288,0,117.297,4.08484,112.864,0.84672,12.849,0.84672,3695.15,0,0,0,2.23362,2.01623,9.41085,1.22332,12.4374,0.42336,0,0.42336,460.49,0,1.02816,0,0,3.26178,2.23362,1.028160,1,0,125.302,0,0,0,125.302,0
46.7967,2.20644,0,0,7.17241,0.232404,0.36288,3.6288,45.1803,0.66528,0,0,3.32372,0.193553,0,0.66528,12.849,1,0.668235,0.36288,0,147.013,3.94979,142.758,0.84672,12.849,0.84672,3695.15,0,0,0,3.74695,2.2219,13.053,1.15764,17.8642,0.42336,0,0.42336,460.49,0,1.02816,0,0,4.77511,3.74695,1.028160,1,0,160.622,0,0,0,160.622,0
48.8412,2.25574,0,0,4.90733,0.244206,0.36288,3.6288,46.8692,0.66528,0,0,2.55226,0.198114,0,0.66528,12.849,1,0.61936,0.36288,0,149.487,3.94979,145.28,0.84672,12.849,0.84672,3695.15,0,0,0,0.900599,2.22217,8.01058,1.15764,9.9757,0.42336,0,0.42336,460.49,0,1.02816,0,0,1.92876,0.900599,1.028160,1,0,155.256,0,0,0,155.256,0
49.7964,2.2766,0,0,3.83964,0.244934,0.36288,3.6288,47.5356,0.964449,0,0,1.81571,0.184855,0,0.66528,12.849,1,0.598921,0.36288,0,96.0267,3.60285,92.1878,0.84672,12.849,0.84672,3695.15,0,0,0,0.608429,2.22244,5.16419,1.02835,6.9667,0.42336,0,0.42336,460.49,0,0.728991,0,0,1.33742,0.608429,1.028160,1,0,99.1545,0,0,0,99.1545,0
53.1858,1.96582,0,0,5.99283,0.274725,0.36288,3.6288,49.4148,0.66528,0,0,2.73812,0.193639,0,0.66528,12.849,1,0.507243,0.36288,0,108.637,4.07792,104.414,0.84672,12.849,0.84672,3695.15,0,0,0,2.54411,2.22271,11.7731,0.974928,15.565,0.42336,0,0.42336,460.49,0,1.02816,0,0,3.57227,2.54411,1.028160,1,0,119.98,0,0,0,119.98,0
56.3225,1.99216,0,0,5.8025,0.310742,0.36288,3.6288,50.9895,0.66528,0,0,2.41663,0.176635,0,0.66528,12.849,1,0.481279,0.36288,0,146.032,3.83177,142.081,0.84672,12.849,0.84672,3695.15,0,0,0,1.98354,1.9427,9.42745,0.894496,12.4592,0.42336,0,0.42336,460.49,0,1.02816,0,0,3.0117,1.98354,1.028160,1,0,154.541,0,0,0,154.541,0
57.7094,2.01428,0,0,4.08478,0.320713,0.36288,3.6288,51.8596,0.66528,0,0,1.71425,0.178925,0,0.66528,12.849,1,0.459523,0.36288,0,129.823,3.83177,125.894,0.84672,12.849,0.84672,3695.15,0,0,0,1.57219,1.94294,9.06016,0.894496,11.6808,0.42336,0,0.42336,460.49,0,1.02816,0,0,2.60035,1.57219,1.028160,1,0,137.575,0,0,0,137.575,0
60.0317,2.02362,0,0,4.96356,0.25482,0.36288,3.6288,52.8785,0.66528,0,0,1.82493,0.140696,0,0.66528,12.849,1,0.450558,0.36288,0,122.854,3.2214,119.545,0.84672,12.849,0.84672,3695.15,0,0,0,1.75586,1.94317,9.0828,0.806818,11.975,0.42336,0,0.42336,460.49,0,1.02816,0,0,2.78402,1.75586,1.028160,1,0,131.52,0,0,0,131.52,0
61.6562,2.03828,0,0,4.29096,0.265311,0.36288,3.6288,53.4625,0.66528,0,0,1.40722,0.1579,0,0.66528,12.849,1,0.436267,0.36288,0,115.936,3.30414,112.558,0.84672,12.849,0.84672,3695.15,0,0,0,1.23798,1.94341,7.94828,0.849374,10.2803,0.42336,0,0.42336,460.49,0,1.02816,0,0,2.26614,1.23798,1.028160,1,0,122.839,0,0,0,122.839,0
65.4922,2.13207,0,0,6.6119,0.280933,0.36288,3.6288,54.1872,0.66528,0,0,1.58885,0.198942,0,0.66528,12.849,1,0.444318,0.36288,0,98.1841,3.51099,94.5917,0.84672,12.849,0.84672,3695.15,0,0,0,0.937993,1.94364,7.32154,0.955765,9.2474,0.42336,0,0.42336,460.49,0,1.02816,0,0,1.96615,0.937993,1.028160,1,0,103.839,0,0,0,103.839,0
68.4855,2.15415,0,0,5.80022,0.289828,0.36288,3.6288,55.7553,0.66528,0,0,2.43341,0.199997,0,0.66528,12.849,1,0.422625,0.36288,0,108.052,3.51099,104.481,0.84672,12.849,0.84672,3695.15,0,0,0,1.68051,2.01302,9.9989,0.955765,12.7367,0.42336,0,0.42336,460.49,0,1.02816,0,0,2.70867,1.68051,1.028160,1,0,117.218,0,0,0,117.218,0
70.3283,2.17002,0,0,4.67246,0.296769,0.36288,3.6288,57.0078,0.66528,0,0,2.11982,0.202073,0,0.66528,12.849,1,0.407131,0.36288,0,130.312,3.51099,126.757,0.84672,12.849,0.84672,3695.15,0,0,0,2.04767,2.01327,8.04194,0.955765,11.1471,0.42336,0,0.42336,460.49,0,1.02816,0,0,3.07583,2.04767,1.028160,1,0,137.904,0,0,0,137.904,0
71.0537,2.17937,0,0,3.55445,0.286801,0.36288,3.6288,57.6421,0.66528,0,0,1.46487,0.165305,0,0.66528,12.849,1,0.398171,0.36288,0,93.4969,2.43181,91.0298,0.84672,12.849,0.84672,3695.15,0,0,0,1.15069,2.01351,6.03158,0.804796,8.39099,0.42336,0,0.42336,460.49,0,1.02816,0,0,2.17885,1.15069,1.028160,1,0,99.4208,0,0,0,99.4208,0
71.2757,2.14951,0,0,2.9511,0.216753,0.36288,3.6288,57.7492,0.906388,0,0,1.22282,0.209295,0,0.66528,12.849,1,0.388707,0.36288,0,58.1255,3.81581,54.2839,0.84672,12.849,0.84672,3695.15,0,0,0,0.528595,2.01375,4.03298,1.00663,5.5687,0.42336,0,0.42336,460.49,0,0.787052,0,0,1.31565,0.528595,1.028160,1,0,59.8526,0,0,0,59.8526,0
70.9483,2.15086,0,0,2.4035,0.217122,0.36288,3.6288,57.672,0.98585,0,0,1.11808,0.209441,0,0.66528,12.849,1,0.387739,0.36288,0,47.3423,3.81581,43.5016,0.84672,12.849,0.84672,3695.15,0,0,0,0.528595,1.98708,4.54866,1.00663,6.0577,0.42336,0,0.42336,460.49,0,0.70759,0,0,1.23619,0.528595,1.028160,1,0,49.5593,0,0,0,49.5593,0
70.5243,2.32206,0,0,2.47748,0.216578,0.36288,3.6288,57.7724,0.87016,0,0,1.17993,0.209336,0,0.66528,12.849,1,0.420533,0.36288,0,45.5996,3.81581,41.7261,0.84672,12.849,0.84672,3695.15,0,0,0,0.402797,1.98732,3.92239,1.00663,5.30588,0.42336,0,0.42336,460.49,0,0.82328,0,0,1.22608,0.402797,1.028160,1,0,47.032,0,0,0,47.032,0
71.0017,2.36333,0,0,3.40445,0.200856,0.36288,3.6288,58.136,0.721025,0,0,1.29759,0.212962,0,0.66528,12.849,1,0.430581,0.36288,0,59.4537,3.92417,55.4619,0.84672,12.849,0.84672,3695.15,0,0,0,0.402797,2.11731,3.91792,0.986568,5.45146,0.42336,0,0.42336,460.49,0,0.972415,0,0,1.37521,0.402797,1.028160,1,0,60.9133,0,0,0,60.9133,0
70.3459,2.49052,0,0,2.34834,0.150758,0.36288,3.6288,58.143,0.876675,0,0,1.10457,0.220962,0,0.66528,12.849,1,0.450703,0.36288,0,46.9448,4.31944,42.5376,0.84672,12.849,0.84672,3695.15,0,0,0,0.402797,2.15001,3.5825,1.02307,5.11223,0.42336,0,0.42336,460.49,0,0.816765,0,0,1.21956,0.402797,1.028160,1,0,47.6498,0,0,0,47.6498,0
69.7922,2.48733,0,0,2.43677,0.140186,0.36288,3.6288,57.9209,0.99068,0,0,0.988692,0.220036,0,0.66528,12.849,1,0.454322,0.36288,0,45.2762,4.41273,40.772,0.84672,12.849,0.84672,3695.15,0,0,0,0.402797,2.25311,3.27639,1.08806,4.84424,0.42336,0,0.42336,460.49,0,0.70276,0,0,1.10556,0.402797,1.028160,1,0,45.6163,0,0,0,45.6163,0
68.9386,2.48465,0,0,2.12643,0.132527,0.36288,3.6288,57.6535,0.962073,0,0,0.91895,0.224341,0,0.66528,12.849,1,0.457433,0.36288,0,40.4676,4.46628,35.9068,0.84672,12.849,0.84672,3695.15,0,0,0,0.30119,2.25339,3.1689,1.10174,4.62174,0.42336,0,0.42336,460.49,0,0.731367,0,0,1.03256,0.30119,1.028160,1,0,40.5285,0,0,0,40.5285,0
68.0085,2.48024,0,0,2.00257,0.0895615,0.36288,3.6288,57.2736,1.00888,0,0,0.880684,0.251629,0,0.66528,12.849,1,0.462275,0.36288,0,36.2882,4.78758,31.4012,0.84672,12.849,0.84672,3695.15,0,0,0,0.30119,2.25366,2.99703,1.18383,4.36805,0.42336,0,0.42336,460.49,0,0.684565,0,0,0.985755,0.30119,1.028160,1,0,35.7692,0,0,0,35.7692,0
67.2359,2.47528,0,0,2.1562,0.0906352,0.36288,3.6288,57.2067,0.764536,0,0,0.954236,0.256627,0,0.66528,12.849,1,0.467661,0.36288,0,38.1846,4.85448,33.2253,0.84672,12.849,0.84672,3695.15,0,0,0,0.30119,2.25394,3.50908,1.18287,4.88134,0.42336,0,0.42336,460.49,0,0.928904,0,0,1.23009,0.30119,1.028160,1,0,38.1066,0,0,0,38.1066,0
67.0826,2.44673,0,0,2.75069,0.0943656,0.36288,3.6288,57.4209,0.66528,0,0,1.15005,0.27055,0,0.66528,12.849,1,0.467577,0.36288,0,43.0036,5.02173,37.8772,0.84672,12.849,0.84672,3695.15,0,0,0,0.843852,2.25422,4.12557,1.18046,6.04318,0.42336,0,0.42336,460.49,0,1.02816,0,0,1.87201,0.843852,1.028160,1,0,43.9204,0,0,0,43.9204,0
66.7071,2.44619,0,0,2.52781,0.0942515,0.36288,3.6288,57.6017,0.66528,0,0,1.11701,0.270926,0,0.66528,12.849,1,0.468543,0.36288,0,42.3243,5.02173,37.1969,0.84672,12.849,0.84672,3695.15,0,0,0,0.844646,2.29046,4.16013,1.18046,6.11477,0.42336,0,0.42336,460.49,0,1.02816,0,0,1.87281,0.844646,1.028160,1,0,43.3117,0,0,0,43.3117,0
66.1068,2.44433,0,0,2.30091,0.0939719,0.36288,3.6288,57.7099,0.66528,0,0,1.04472,0.271243,0,0.66528,12.849,1,0.470823,0.36288,0,40.6313,5.02173,35.5017,0.84672,12.849,0.84672,3695.15,0,0,0,0.59451,2.29074,3.90807,1.18046,5.61286,0.42336,0,0.42336,460.49,0,1.02816,0,0,1.62267,0.59451,1.028160,1,0,41.1145,0,0,0,41.1145,0
65.3387,2.44111,0,0,2.11577,0.0799149,0.36288,3.6288,57.7385,0.66528,0,0,0.997453,0.303592,0,0.66528,12.849,1,0.474472,0.36288,0,36.0211,5.44518,30.4643,0.84672,12.849,0.84672,3695.15,0,0,0,0.586431,2.29103,3.7604,1.33503,5.30282,0.42336,0,0.42336,460.49,0,1.02816,0,0,1.61459,0.586431,1.028160,1,0,35.7672,0,0,0,35.7672,0
64.5645,2.49958,0,0,2.16557,0.0772942,0.36288,3.6288,57.84,0.66528,0,0,1.06236,0.295641,0,0.66528,12.849,1,0.491547,0.36288,0,30.4355,5.72819,24.5787,0.84672,12.849,0.84672,3695.15,0,0,0,0.417701,2.29131,3.51115,1.40885,4.81131,0.42336,0,0.42336,460.49,0,1.02816,0,0,1.44586,0.417701,1.028160,1,0,29.39,0,0,0,29.39,0
63.9285,2.49503,0,0,2.29564,0.0737466,0.36288,3.6288,58.0425,0.66528,0,0,1.16019,0.292417,0,0.66528,12.849,1,0.496536,0.36288,0,41.6223,5.72554,35.7631,0.84672,12.849,0.84672,3695.15,0,0,0,0.670283,2.3426,3.95056,1.41304,5.5504,0.42336,0,0.42336,460.49,0,1.02816,0,0,1.69844,0.670283,1.028160,1,0,41.3135,0,0,0,41.3135,0
63.142,2.49128,0,0,2.14103,0.0733685,0.36288,3.6288,58.112,0.66528,0,0,1.02763,0.292799,0,0.66528,12.849,1,0.500722,0.36288,0,32.9269,5.72554,27.0635,0.84672,12.849,0.84672,3695.15,0,0,0,0.648397,2.34288,3.60596,1.41304,5.1842,0.42336,0,0.42336,460.49,0,1.02816,0,0,1.67656,0.648397,1.028160,1,0,32.2477,0,0,0,32.2477,0
62.1672,2.48646,0,0,1.94747,0.072901,0.36288,3.6288,58.119,0.66528,0,0,0.965252,0.292931,0,0.66528,12.849,1,0.505979,0.36288,0,30.2772,5.72554,24.4086,0.84672,12.849,0.84672,3695.15,0,0,0,0.386027,2.34317,3.30022,1.41304,4.61638,0.42336,0,0.42336,460.49,0,1.02816,0,0,1.41419,0.386027,1.028160,1,0,29.025,0,0,0,29.025,0
61.4227,2.66263,0,0,2.35139,0.0704646,0.36288,3.6288,58.475,0.66528,0,0,1.30587,0.284652,0,0.66528,12.849,1,0.550324,0.36288,0,34.4571,5.59949,28.6702,0.84672,12.849,0.84672,3695.15,0,0,0,1.07472,2.34346,4.71697,1.40769,6.72746,0.42336,0,0.42336,460.49,0,1.02816,0,0,2.10288,1.07472,1.028160,1,0,35.3976,0,0,0,35.3976,0
60.7082,2.69578,0,0,2.42222,0.0780648,0.36288,3.6288,58.9076,0.66528,0,0,1.36623,0.26829,0,0.66528,12.849,1,0.56393,0.36288,0,37.1329,5.25693,31.6749,0.84672,12.849,0.84672,3695.15,0,0,0,1.07521,2.51837,4.56156,1.36571,6.78944,0.42336,0,0.42336,460.49,0,1.02816,0,0,2.10337,1.07521,1.028160,1,0,38.4644,0,0,0,38.4644,0
60.338,2.69093,0,0,2.76127,0.0776036,0.36288,3.6288,59.3754,0.66528,0,0,1.4021,0.269037,0,0.66528,12.849,1,0.56954,0.36288,0,37.6173,5.25693,32.1537,0.84672,12.849,0.84672,3695.15,0,0,0,1.25092,2.4916,6.44071,1.36571,8.81751,0.42336,0,0.42336,460.49,0,1.02816,0,0,2.27908,1.25092,1.028160,1,0,40.9712,0,0,0,40.9712,0
59.9424,2.68867,0,0,2.73331,0.0773646,0.36288,3.6288,59.867,0.66528,0,0,1.4267,0.269845,0,0.66528,12.849,1,0.572553,0.36288,0,34.8023,5.25693,29.3357,0.84672,12.849,0.84672,3695.15,0,0,0,1.18306,2.49174,5.11408,1.36571,7.42316,0.42336,0,0.42336,460.49,0,1.02816,0,0,2.21122,1.18306,1.028160,1,0,36.7588,0,0,0,36.7588,0
58.8039,2.68618,0,0,1.99663,0.0860809,0.36288,3.6288,60.074,0.66528,0,0,1.14162,0.269292,0,0.66528,12.849,1,0.575798,0.36288,0,31.6691,5.30257,26.1536,0.84672,12.849,0.84672,3695.15,0,0,0,0.911494,2.49188,4.29311,1.35446,6.34203,0.42336,0,0.42336,460.49,0,1.02816,0,0,1.93965,0.911494,1.028160,1,0,32.4957,0,0,0,32.4957,0
57.1145,2.58957,0,0,1.33873,0.0756311,0.36288,3.6288,59.4015,0.922743,0,0,0.510274,0.260104,0,0.66528,12.849,1,0.565836,0.36288,0,17.2303,5.26565,11.7617,0.84672,12.849,0.84672,3695.15,0,0,0,0.204422,2.49202,3.83046,1.3478,5.1791,0.42336,0,0.42336,460.49,0,0.770697,0,0,0.975119,0.204422,1.028160,1,0,16.9408,0,0,0,16.9408,0
55.2757,2.53754,0,0,1.13599,0.074395,0.36288,3.6288,58.5842,1.02344,0,0,0.465139,0.258989,0,0.66528,12.849,1,0.570868,0.36288,0,15.9212,5.26565,10.4476,0.84672,12.849,0.84672,3695.15,0,0,0,0.216518,2.39104,3.64486,1.3478,4.90461,0.42336,0,0.42336,460.49,0,0.669997,0,0,0.886516,0.216518,1.028160,1,0,15.3522,0,0,0,15.3522,0
54.6375,2.5225,0,0,2.42209,0.174967,0.36288,3.6288,58.547,0.719885,0,0,0.850897,0.168234,0,0.66528,12.849,1,0.586363,0.36288,0,35.0473,4.01987,30.8039,0.84672,12.849,0.84672,3695.15,0,0,0,0.216518,2.4191,8.076,0.958416,9.7532,0.42336,0,0.42336,460.49,0,0.973555,0,0,1.19007,0.216518,1.028160,1,0,40.5571,0,0,0,40.5571,0
55.6342,2.51732,0,0,4.06771,0.190727,0.36288,3.6288,58.7346,0.66528,0,0,1.00625,0.153297,0,0.66528,12.849,1,0.591995,0.36288,0,53.2059,3.81223,49.1645,0.84672,12.849,0.84672,3695.15,0,0,0,0.489586,2.4194,7.31522,0.893518,9.33069,0.42336,0,0.42336,460.49,0,1.02816,0,0,1.51775,0.489586,1.028160,1,0,58.4952,0,0,0,58.4952,0
55.3729,2.4547,0,0,2.75376,0.197501,0.36288,3.6288,58.5109,0.66528,0,0,0.608146,0.166635,0,0.66528,12.849,1,0.566925,0.36288,0,34.3381,3.50038,30.6337,0.84672,12.849,0.84672,3695.15,0,0,0,0.350283,2.4197,6.07664,0.881175,7.96545,0.42336,0,0.42336,460.49,0,1.02816,0,0,1.37844,0.350283,1.028160,1,0,38.5991,0,0,0,38.5991,0
56.1188,2.45289,0,0,3.76056,0.198923,0.36288,3.6288,58.3361,0.66528,0,0,0.6622,0.171649,0,0.66528,12.849,1,0.56918,0.36288,0,40.2538,3.37564,36.6719,0.84672,12.849,0.84672,3695.15,0,0,0,0.784477,2.3297,7.51936,0.876238,9.75729,0.42336,0,0.42336,460.49,0,1.02816,0,0,1.81264,0.784477,1.028160,1,0,46.4292,0,0,0,46.4292,0
56.5529,2.4594,0,0,3.45675,0.200408,0.36288,3.6288,58.5981,0.66528,0,0,1.09869,0.171456,0,0.66528,12.849,1,0.563107,0.36288,0,70.924,3.37564,67.3482,0.84672,12.849,0.84672,3695.15,0,0,0,0.769038,2.32998,10.1028,0.876238,12.3255,0.42336,0,0.42336,460.49,0,1.02816,0,0,1.7972,0.769038,1.028160,1,0,79.6737,0,0,0,79.6737,0
56.8226,2.46328,0,0,3.32363,0.227674,0.36288,3.6288,59.0975,0.66528,0,0,1.33827,0.173567,0,0.66528,12.849,1,0.559666,0.36288,0,65.5876,3.79456,61.5963,0.84672,12.849,0.84672,3695.15,0,0,0,1.34003,2.33027,10.303,0.972024,13.0013,0.42336,0,0.42336,460.49,0,1.02816,0,0,2.36819,1.34003,1.028160,1,0,74.5976,0,0,0,74.5976,0
58.2343,2.26153,0,0,4.28799,0.251877,0.36288,3.6288,59.4679,0.66528,0,0,1.20521,0.169501,0,0.66528,12.849,1,0.511388,0.36288,0,64.2398,4.16569,59.9256,0.84672,12.849,0.84672,3695.15,0,0,0,1.50471,2.33055,13.3933,1.09671,16.1318,0.42336,0,0.42336,460.49,0,1.02816,0,0,2.53287,1.50471,1.028160,1,0,76.0574,0,0,0,76.0574,0
58.5455,2.27202,0,0,3.17686,0.230796,0.36288,3.6288,59.838,0.66528,0,0,1.20667,0.171357,0,0.66528,12.849,1,0.501306,0.36288,0,55.9892,3.60014,52.2506,0.84672,12.849,0.84672,3695.15,0,0,0,1.44711,2.13015,9.20592,0.868549,11.9146,0.42336,0,0.42336,460.49,0,1.02816,0,0,2.47527,1.44711,1.028160,1,0,64.1653,0,0,0,64.1653,0
58.6709,2.27454,0,0,2.99436,0.231495,0.36288,3.6288,60.2409,0.66528,0,0,1.24001,0.171762,0,0.66528,12.849,1,0.499195,0.36288,0,69.149,3.60014,65.4126,0.84672,12.849,0.84672,3695.15,0,0,0,1.37983,2.13041,9.96373,0.868549,12.6054,0.42336,0,0.42336,460.49,0,1.02816,0,0,2.40799,1.37983,1.028160,1,0,78.018,0,0,0,78.018,0
60.0232,2.27575,0,0,4.2331,0.242188,0.36288,3.6288,60.903,0.66528,0,0,1.55421,0.226865,0,0.66528,12.849,1,0.498393,0.36288,0,54.0502,4.44452,49.4702,0.84672,12.849,0.84672,3695.15,0,0,0,2.123,2.13067,10.7751,1.18361,13.8452,0.42336,0,0.42336,460.49,0,1.02816,0,0,3.15116,2.123,1.028160,1,0,63.3154,0,0,0,63.3154,0
61.1232,2.28534,0,0,4.02792,0.279744,0.36288,3.6288,61.308,0.66528,0,0,1.60206,0.217479,0.314305,0.66528,12.849,1,0.489216,0.36288,0,94.0499,4.34533,89.5782,0.84672,12.849,0.84672,3695.15,0,0,0,2.44972,2.13093,16.3598,1.06554,19.875,0.42336,0,0.42336,460.49,0,1.02816,0,0,3.47788,2.44972,1.028160,1,0,109.767,0,0,0,109.767,0
64.4924,2.3726,0,0,6.35759,0.252858,0.36288,3.6288,61.308,0.66528,0,0,1.99111,0.195515,1.13032,0.66528,12.849,1,0.498756,0.36288,0,120.466,3.46164,116.868,0.84672,12.849,0.84672,3695.15,0,0,0,2.73363,2.13119,16.4846,0.966171,20.3833,0.42336,0,0.42336,460.49,0,1.02816,0,0,3.76179,2.73363,1.028160,1,0,138.382,0,0,0,138.382,0
66.1555,2.39465,0,0,4.68056,0.259921,0.36288,3.6288,61.308,0.66528,0,0,1.25888,0.195515,0.398088,0.66528,12.849,1,0.477094,0.36288,0,89.1622,3.46164,85.5864,0.84672,12.849,0.84672,3695.15,0,0,0,1.9319,2.19406,11.0822,0.966171,14.242,0.42336,0,0.42336,460.49,0,1.02816,0,0,2.96006,1.9319,1.028160,1,0,100.226,0,0,0,100.226,0
67.0746,2.40503,0,0,3.9729,0.285924,0.36288,3.6288,61.308,0.66528,0,0,1.14975,0.197864,0.286607,0.66528,12.849,1,0.467114,0.36288,0,71.9539,3.5964,68.2533,0.84672,12.849,0.84672,3695.15,0,0,0,1.53962,2.19431,9.51661,1.04157,12.209,0.42336,0,0.42336,460.49,0,1.02816,0,0,2.56778,1.53962,1.028160,1,0,80.7489,0,0,0,80.7489,0
68.6867,2.41073,0,0,4.72186,0.336174,0.36288,3.6288,61.308,0.66528,0,0,1.49739,0.192608,0.639502,0.66528,12.849,1,0.461806,0.36288,0,77.3859,3.51534,73.7716,0.84672,12.849,0.84672,3695.15,0,0,0,2.0497,2.19456,10.6083,0.919403,13.9331,0.42336,0,0.42336,460.49,0,1.02816,0,0,3.07786,2.0497,1.028160,1,0,88.3443,0,0,0,88.3443,0
69.8267,2.6811,0,0,4.49685,0.312805,0.36288,3.6288,61.308,0.66528,0,0,0.939004,0.172255,0.101468,0.66528,12.849,1,0.501545,0.36288,0,63.4644,3.34536,59.9804,0.84672,12.849,0.84672,3695.15,0,0,0,1.13208,2.19481,6.1345,0.866678,8.59472,0.42336,0,0.42336,460.49,0,1.02816,0,0,2.16024,1.13208,1.028160,1,0,68.6766,0,0,0,68.6766,0
72.29,2.68838,0,0,7.72416,0.295756,2.27675,3.6288,61.308,0.66528,0,0,1.39011,0.158382,0.566445,0.66528,12.849,1,0.494696,2.27675,0,201.522,3.27012,200.034,0.84672,12.849,0.84672,3695.15,0,0,0,2.0529,2.42042,12.5282,0.865967,16.1355,0.42336,0,0.42336,460.49,0,1.02816,0,0,3.08106,2.0529,1.028160,1,0,216.736,0,0,0,216.736,0
72.29,2.70306,0,0,6.29968,0.30139,3.29523,3.6288,61.308,0.66528,0,0,1.07341,0.158382,0.249746,0.66528,12.849,1,0.480449,3.29523,0,80.8428,3.27012,80.3874,0.84672,12.849,0.84672,3695.15,0,0,0,1.26374,2.4207,9.7302,0.865967,12.5487,0.42336,0,0.42336,460.49,0,1.02816,0,0,2.2919,1.26374,1.028160,1,0,93.1858,0,0,0,93.1858,0
72.29,2.70343,0,0,5.78095,0.30139,2.77613,3.6288,61.308,0.66528,0,0,1.18244,0.158382,0.358783,0.66528,12.849,1,0.480514,2.77613,0,74.3403,3.27012,73.3658,0.84672,12.849,0.84672,3695.15,0,0,0,1.53537,2.42098,10.3213,0.865967,13.4116,0.42336,0,0.42336,460.49,0,1.02816,0,0,2.56353,1.53537,1.028160,1,0,87.1362,0,0,0,87.1362,0
72.29,2.32853,0,0,4.27566,0.329868,1.61727,3.6288,61.308,0.66528,0,0,0.960085,0.134067,0.160738,0.66528,12.849,1,0.413878,1.61727,0,85.6345,3.40587,83.432,0.84672,12.849,0.84672,3695.15,0,0,0,1.02393,2.42125,8.61131,0.82255,11.2339,0.42336,0,0.42336,460.49,0,1.02816,0,0,2.05209,1.02393,1.028160,1,0,94.8267,0,0,0,94.8267,0
72.29,2.32885,0,0,4.23342,0.31034,1.59423,3.6288,61.2873,0.66528,0,0,0.806838,0.162217,0,0.66528,12.849,1,0.413935,1.59423,0,94.1682,4.21732,91.1312,0.84672,12.849,0.84672,3695.15,0,0,0,0.695434,2.11405,7.97049,1.0695,9.71047,0.42336,0,0.42336,460.49,0,1.02816,0,0,1.72359,0.695434,1.028160,1,0,100.842,0,0,0,100.842,0
72.29,2.32917,0,0,3.90424,0.307743,1.26733,3.6288,61.302,0.66528,0,0,0.847636,0.167728,0,0.66528,12.849,1,0.413992,1.26733,0,108.72,4.34837,105.225,0.84672,12.849,0.84672,3695.15,0,0,0,0.789532,2.11429,8.26736,1.1105,10.0607,0.42336,0,0.42336,460.49,0,1.02816,0,0,1.81769,0.789532,1.028160,1,0,115.285,0,0,0,115.285,0
72.29,2.32949,0,0,12.517,0.307743,9.87981,3.6288,61.308,0.66528,0,0,2.28017,0.167743,1.44111,0.66528,12.849,1,0.414049,9.87981,0,154.579,4.34837,159.697,0.84672,12.849,0.84672,3695.15,0,0,0,2.89879,2.11453,20.227,1.1105,24.1298,0.42336,0,0.42336,460.49,0,1.02816,0,0,3.92695,2.89879,1.028160,1,0,185.267,0,0,0,185.267,0
72.29,2.32981,0,0,12.765,0.308458,10.1267,3.6288,61.308,0.66528,0,0,3.32975,0.18227,2.4822,0.66528,12.849,1,0.414106,10.1267,0,294.007,4.32862,299.391,0.84672,12.849,0.84672,3695.15,0,0,0,3.63924,2.11477,25.0224,1.08825,29.6881,0.42336,0,0.42336,460.49,0,1.02816,0,0,4.6674,3.63924,1.028160,1,0,331.561,0,0,0,331.561,0
72.29,2.42465,0,0,9.97013,0.307268,7.23821,3.6288,61.308,0.66528,0,0,4.26025,0.16114,3.43383,0.66528,12.849,1,0.430963,7.23821,0,200.322,4.30951,202.82,0.84672,12.849,0.84672,3695.15,0,0,0,3.64548,2.11501,18.3545,1.06885,23.0461,0.42336,0,0.42336,460.49,0,1.02816,0,0,4.67364,3.64548,1.028160,1,0,229.3,0,0,0,229.3,0
72.29,2.42498,0,0,6.54637,0.307268,3.81412,3.6288,61.308,0.66528,0,0,3.19163,0.16114,2.36521,0.66528,12.849,1,0.431022,3.81412,0,128.833,4.30951,127.906,0.84672,12.849,0.84672,3695.15,0,0,0,2.64454,2.19111,13.9498,1.06885,17.7166,0.42336,0,0.42336,460.49,0,1.02816,0,0,3.6727,2.64454,1.028160,1,0,147.988,0,0,0,147.988,0
72.29,2.42531,0,0,5.64466,0.307268,2.91208,3.6288,61.308,0.66528,0,0,2.93017,0.16114,2.10375,0.66528,12.849,1,0.431081,2.91208,0,110.332,4.30951,108.503,0.84672,12.849,0.84672,3695.15,0,0,0,2.66321,2.19136,12.6096,1.06885,16.3953,0.42336,0,0.42336,460.49,0,1.02816,0,0,3.69137,2.66321,1.028160,1,0,127.002,0,0,0,127.002,0
72.29,2.42565,0,0,5.62796,0.288521,2.91379,3.6288,61.308,0.66528,0,0,2.7337,0.15048,1.91794,0.66528,12.849,1,0.43114,2.91379,0,96.3317,3.89646,94.9179,0.84672,12.849,0.84672,3695.15,0,0,0,2.23701,2.19161,12.708,1.06284,16.0737,0.42336,0,0.42336,460.49,0,1.02816,0,0,3.26517,2.23701,1.028160,1,0,112.91,0,0,0,112.91,0
72.29,2.389,0,0,5.91989,0.230497,3.30038,3.6288,61.308,0.66528,0,0,2.05602,0.207512,1.18323,0.66528,12.849,1,0.424627,3.30038,0,97.7668,4.58502,96.0575,0.84672,12.849,0.84672,3695.15,0,0,0,1.87509,2.19186,12.7055,1.1266,15.6458,0.42336,0,0.42336,460.49,0,1.02816,0,0,2.90325,1.87509,1.028160,1,0,112.887,0,0,0,112.887,0
72.29,2.38933,0,0,5.01886,0.224992,2.40453,3.6288,61.308,0.66528,0,0,1.5609,0.219387,0.676236,0.66528,12.849,1,0.424686,2.40453,0,95.4962,4.79157,92.6845,0.84672,12.849,0.84672,3695.15,0,0,0,1.01251,2.16258,9.09939,1.13857,11.1359,0.42336,0,0.42336,460.49,0,1.02816,0,0,2.04067,1.01251,1.028160,1,0,104.497,0,0,0,104.497,0
72.29,2.38966,0,0,4.47322,0.224992,1.85857,3.6288,61.308,0.66528,0,0,1.44338,0.219387,0.558714,0.66528,12.849,1,0.424744,1.85857,0,94.4101,4.79157,91.0524,0.84672,12.849,0.84672,3695.15,0,0,0,1.37741,2.16282,8.4615,1.13857,10.8632,0.42336,0,0.42336,460.49,0,1.02816,0,0,2.40557,1.37741,1.028160,1,0,102.474,0,0,0,102.474,0
72.29,2.38999,0,0,4.82795,0.213575,2.22439,3.6288,61.308,0.66528,0,0,1.68233,0.222896,0.794153,0.66528,12.849,1,0.424802,2.22439,0,95.3683,4.85124,92.3167,0.84672,12.849,0.84672,3695.15,0,0,0,2.33695,2.16307,9.0078,1.16392,12.3439,0.42336,0,0.42336,460.49,0,1.02816,0,0,3.36511,2.33695,1.028160,1,0,105.455,0,0,0,105.455,0
72.29,2.51589,0,0,4.66364,0.152271,1.99548,3.6288,61.308,0.66528,0,0,1.65243,0.245772,0.741383,0.66528,12.849,1,0.44718,1.99548,0,80.9525,5.25777,77.243,0.84672,12.849,0.84672,3695.15,0,0,0,2.01698,2.16332,8.12782,1.2977,11.0104,0.42336,0,0.42336,460.49,0,1.02816,0,0,3.04514,2.01698,1.028160,1,0,88.9948,0,0,0,88.9948,0
72.29,2.51623,0,0,4.43153,0.161872,1.75343,3.6288,61.308,0.66528,0,0,1.45405,0.248202,0.54057,0.66528,12.849,1,0.447241,1.75343,0,72.379,5.32245,68.3627,0.84672,12.849,0.84672,3695.15,0,0,0,1.51318,2.2671,8.27868,1.27325,10.7857,0.42336,0,0.42336,460.49,0,1.02816,0,0,2.54134,1.51318,1.028160,1,0,79.689,0,0,0,79.689,0
72.29,2.51657,0,0,4.00664,0.161872,1.32819,3.6288,61.308,0.66528,0,0,1.28317,0.248202,0.369688,0.66528,12.849,1,0.447302,1.32819,0,69.4621,5.32245,65.0206,0.84672,12.849,0.84672,3695.15,0,0,0,1.2847,2.26736,8.01395,1.27325,10.2928,0.42336,0,0.42336,460.49,0,1.02816,0,0,2.31286,1.2847,1.028160,1,0,75.683,0,0,0,75.683,0
72.29,2.51692,0,0,3.7332,0.161872,1.05441,3.6288,61.308,0.66528,0,0,1.33631,0.248202,0.422832,0.66528,12.849,1,0.447363,1.05441,0,61.6154,5.32245,56.9,0.84672,12.849,0.84672,3695.15,0,0,0,1.35605,2.26761,7.81419,1.27325,10.1646,0.42336,0,0.42336,460.49,0,1.02816,0,0,2.38421,1.35605,1.028160,1,0,67.4874,0,0,0,67.4874,0
72.29,2.51726,0,0,3.3493,0.141579,0.690455,3.6288,61.308,0.66528,0,0,1.23405,0.254102,0.314669,0.66528,12.849,1,0.447424,0.690455,0,53.8825,5.35065,48.7749,0.84672,12.849,0.84672,3695.15,0,0,0,1.21818,2.26787,7.16343,1.28579,9.3637,0.42336,0,0.42336,460.49,0,1.02816,0,0,2.24634,1.21818,1.028160,1,0,58.4532,0,0,0,58.4532,0
72.1423,2.49276,0,0,2.80551,0.0975839,0.36288,3.6288,61.308,0.66528,0,0,0.937794,0.260446,0.0120687,0.66528,12.849,1,0.443069,0.36288,0,46.3615,5.29547,40.9858,0.84672,12.849,0.84672,3695.15,0,0,0,0.513311,2.26813,3.9283,1.29436,5.41538,0.42336,0,0.42336,460.49,0,1.02816,0,0,1.54147,0.513311,1.028160,1,0,46.4133,0,0,0,46.4133,0
71.9233,2.49233,0,0,2.7337,0.0974745,0.36288,3.6288,61.308,0.66528,0,0,0.947238,0.260446,0.0215122,0.66528,12.849,1,0.4439,0.36288,0,43.7479,5.29547,38.3714,0.84672,12.849,0.84672,3695.15,0,0,0,0.62113,2.30461,4.17953,1.29436,5.81091,0.42336,0,0.42336,460.49,0,1.02816,0,0,1.64929,0.62113,1.028160,1,0,44.2038,0,0,0,44.2038,0
71.63,2.49152,0,0,2.65836,0.0973123,0.36288,3.6288,61.2785,0.66528,0,0,0.896262,0.260446,0,0.66528,12.849,1,0.445107,0.36288,0,41.0876,5.29547,35.7099,0.84672,12.849,0.84672,3695.15,0,0,0,0.619989,2.30487,4.30639,1.29436,5.93689,0.42336,0,0.42336,460.49,0,1.02816,0,0,1.64815,0.619989,1.028160,1,0,41.6468,0,0,0,41.6468,0
71.1326,2.49032,0,0,2.42436,0.0685365,0.36288,3.6288,61.1789,0.66528,0,0,0.872649,0.307022,0,0.66528,12.849,1,0.446714,0.36288,0,39.073,5.94698,33.0422,0.84672,12.849,0.84672,3695.15,0,0,0,0.485171,2.30513,4.15054,1.51486,5.42598,0.42336,0,0.42336,460.49,0,1.02816,0,0,1.51333,0.485171,1.028160,1,0,38.4682,0,0,0,38.4682,0
70.3577,2.55206,0,0,2.20901,0.0689551,0.36288,3.6288,61.0296,0.66528,0,0,0.840548,0.324601,0,0.66528,12.849,1,0.460989,0.36288,0,38.5335,6.15081,32.2846,0.84672,12.849,0.84672,3695.15,0,0,0,0.408776,2.3054,3.79922,1.54514,4.96826,0.42336,0,0.42336,460.49,0,1.02816,0,0,1.43694,0.408776,1.028160,1,0,37.2529,0,0,0,37.2529,0
69.3831,2.54811,0,0,2.0068,0.0704173,0.36288,3.6288,60.7218,0.66528,0,0,0.689602,0.332037,0,0.66528,12.849,1,0.465346,0.36288,0,31.742,5.99907,25.6404,0.84672,12.849,0.84672,3695.15,0,0,0,0.420414,2.35701,3.61834,1.47213,4.92363,0.42336,0,0.42336,460.49,0,1.02816,0,0,1.44857,0.420414,1.028160,1,0,30.5641,0,0,0,30.5641,0
68.2834,2.54294,0,0,1.87601,0.0698889,0.36288,3.6288,60.3632,0.66528,0,0,0.638055,0.33139,0,0.66528,12.849,1,0.470925,0.36288,0,30.1819,5.99907,24.0748,0.84672,12.849,0.84672,3695.15,0,0,0,0.295773,2.35728,3.17496,1.47213,4.35588,0.42336,0,0.42336,460.49,0,1.02816,0,0,1.32393,0.295773,1.028160,1,0,28.4307,0,0,0,28.4307,0
67.1651,2.5369,0,0,1.85081,0.0692925,0.36288,3.6288,60.0576,0.66528,0,0,0.69031,0.330636,0,0.66528,12.849,1,0.477374,0.36288,0,28.0058,5.99907,21.8922,0.84672,12.849,0.84672,3695.15,0,0,0,0.38499,2.35755,3.59052,1.47213,4.86093,0.42336,0,0.42336,460.49,0,1.02816,0,0,1.41315,0.38499,1.028160,1,0,26.7532,0,0,0,26.7532,0
65.9474,2.71654,0,0,1.92874,0.0670339,0.36288,3.6288,59.7958,0.66528,0,0,0.705352,0.301922,0,0.66528,12.849,1,0.519686,0.36288,0,28.0728,5.94791,21.9681,0.84672,12.849,0.84672,3695.15,0,0,0,0.417027,2.35782,4.04911,1.48902,5.33494,0.42336,0,0.42336,460.49,0,1.02816,0,0,1.44519,0.417027,1.028160,1,0,27.3031,0,0,0,27.3031,0
64.2503,2.75968,0,0,1.52975,0.104272,0.36288,3.6288,59.3797,0.762385,0,0,0.614326,0.268035,0,0.66528,12.849,1,0.537688,0.36288,0,27.295,5.208,21.9122,0.84672,12.849,0.84672,3695.15,0,0,0,0.227405,2.53387,2.52393,1.36378,3.92143,0.42336,0,0.42336,460.49,0,0.931055,0,0,1.15846,0.227405,1.028160,1,0,25.8336,0,0,0,25.8336,0
62.5175,2.74844,0,0,1.48135,0.102861,0.36288,3.6288,58.9338,0.770662,0,0,0.592099,0.267323,0,0.66528,12.849,1,0.549642,0.36288,0,27.0538,5.208,21.6591,0.84672,12.849,0.84672,3695.15,0,0,0,0.204422,2.49864,2.55015,1.36378,3.88943,0.42336,0,0.42336,460.49,0,0.922778,0,0,1.1272,0.204422,1.028160,1,0,25.5485,0,0,0,25.5485,0
61.1535,2.73639,0,0,1.83664,0.101421,0.36288,3.6288,58.6358,0.66528,0,0,0.63384,0.26656,0,0.66528,12.849,1,0.562401,0.36288,0,26.4927,5.208,21.0852,0.84672,12.849,0.84672,3695.15,0,0,0,0.227906,2.49877,3.74047,1.36378,5.10337,0.42336,0,0.42336,460.49,0,1.02816,0,0,1.25607,0.227906,1.028160,1,0,26.1886,0,0,0,26.1886,0
59.3514,2.72661,0,0,1.39,0.102584,0.36288,3.6288,58.1679,0.767811,0,0,0.566003,0.26609,0,0.66528,12.849,1,0.572891,0.36288,0,25.0844,5.2191,19.6553,0.84672,12.849,0.84672,3695.15,0,0,0,0.204422,2.49891,2.47456,1.36161,3.81628,0.42336,0,0.42336,460.49,0,0.925629,0,0,1.13005,0.204422,1.028160,1,0,23.4716,0,0,0,23.4716,0
57.7441,2.62409,0,0,1.5585,0.178839,0.36288,3.6288,57.7089,0.871119,0,0,0.621343,0.209213,0,0.66528,12.849,1,0.56809,0.36288,0,27.5575,3.80044,23.5518,0.84672,12.849,0.84672,3695.15,0,0,0,0.204422,2.49904,2.16254,1.03091,3.8351,0.42336,0,0.42336,460.49,0,0.822321,0,0,1.02674,0.204422,1.028160,1,0,27.3869,0,0,0,27.3869,0
56.2487,2.56095,0,0,1.62515,0.196676,0.36288,3.6288,57.8124,0.66528,0,0,0.970652,0.201865,0,0.66528,12.849,1,0.569854,0.36288,0,28.1139,3.52884,24.3781,0.84672,12.849,0.84672,3695.15,0,0,0,0.480738,2.39738,2.98815,0.969377,4.8969,0.42336,0,0.42336,460.49,0,1.02816,0,0,1.5089,0.480738,1.028160,1,0,29.2749,0,0,0,29.2749,0
54.7536,2.54897,0,0,1.61051,0.193801,0.36288,3.6288,58.0767,0.66528,0,0,1.13156,0.202,0,0.66528,12.849,1,0.582266,0.36288,0,27.5165,3.52884,23.7683,0.84672,12.849,0.84672,3695.15,0,0,0,0.725371,2.43382,3.02256,0.969377,5.21238,0.42336,0,0.42336,460.49,0,1.02816,0,0,1.75353,0.725371,1.028160,1,0,28.9806,0,0,0,28.9806,0
53.0824,2.53644,0,0,1.41904,0.190927,0.36288,3.6288,58.2111,0.66528,0,0,1.00204,0.202345,0,0.66528,12.849,1,0.595224,0.36288,0,23.6063,3.52884,19.8451,0.84672,12.849,0.84672,3695.15,0,0,0,0.602476,2.4341,2.63566,0.969377,4.70286,0.42336,0,0.42336,460.49,0,1.02816,0,0,1.63064,0.602476,1.028160,1,0,24.548,0,0,0,24.548,0
51.669,2.45026,0,0,1.62314,0.22343,0.36288,3.6288,58.2136,0.66528,0,0,0.89132,0.22354,0,0.66528,12.849,1,0.593104,0.36288,0,31.3233,3.79038,27.3027,0.84672,12.849,0.84672,3695.15,0,0,0,0.521294,2.43438,3.62773,0.908283,5.67512,0.42336,0,0.42336,460.49,0,1.02816,0,0,1.54945,0.521294,1.028160,1,0,32.9778,0,0,0,32.9778,0
49.8239,2.4376,0,0,1.20207,0.246595,0.36288,3.6288,57.8443,0.66528,0,0,0.535256,0.239308,0,0.66528,12.849,1,0.60618,0.36288,0,24.3064,3.98653,20.0766,0.84672,12.849,0.84672,3695.15,0,0,0,0.31193,2.34377,3.37153,0.862462,5.16477,0.42336,0,0.42336,460.49,0,1.02816,0,0,1.34009,0.31193,1.028160,1,0,25.2413,0,0,0,25.2413,0
49.8556,2.42008,0,0,3.05649,0.241867,0.36288,3.6288,58.6539,0.66528,0,0,1.71367,0.238738,0,0.66528,12.849,1,0.62411,0.36288,0,67.8132,3.98653,63.5654,0.84672,12.849,0.84672,3695.15,0,0,0,3.04964,2.34404,7.87937,0.862462,12.4106,0.42336,0,0.42336,460.49,0,1.02816,0,0,4.0778,3.04964,1.028160,1,0,75.976,0,0,0,75.976,0
50.4082,2.42073,0,0,3.59674,0.260572,0.36288,3.6288,59.9744,0.66528,0,0,2.21035,0.224588,0,0.66528,12.849,1,0.62388,0.36288,0,80.9087,3.76889,76.8788,0.84672,12.849,0.84672,3695.15,0,0,0,1.63194,2.34431,7.98288,0.80081,11.1583,0.42336,0,0.42336,460.49,0,1.02816,0,0,2.6601,1.63194,1.028160,1,0,88.0371,0,0,0,88.0371,0
50.0729,2.22562,0,0,2.51506,0.261856,0.36288,3.6288,60.3818,0.66528,0,0,1.28917,0.21648,0,0.66528,12.849,1,0.567308,0.36288,0,64.6604,3.61892,60.837,0.84672,12.849,0.84672,3695.15,0,0,0,0.936628,2.34458,5.20246,0.669391,7.81428,0.42336,0,0.42336,460.49,0,1.02816,0,0,1.96479,0.936628,1.028160,1,0,68.6513,0,0,0,68.6513,0
49.7269,2.2229,0,0,2.4731,0.233263,0.36288,3.6288,60.3181,0.66528,0,0,0.815573,0.214013,0,0.66528,12.849,1,0.570409,0.36288,0,64.2623,3.88406,60.1707,0.84672,12.849,0.84672,3695.15,0,0,0,0.488635,2.14286,3.67678,0.83858,5.46969,0.42336,0,0.42336,460.49,0,1.02816,0,0,1.5168,0.488635,1.028160,1,0,65.6404,0,0,0,65.6404,0
49.8677,2.22005,0,0,2.95607,0.232411,0.36288,3.6288,60.519,0.66528,0,0,1.08014,0.213926,0,0.66528,12.849,1,0.573641,0.36288,0,67.5919,3.88406,63.4971,0.84672,12.849,0.84672,3695.15,0,0,0,0.994645,2.1431,4.38708,0.83858,6.68625,0.42336,0,0.42336,460.49,0,1.02816,0,0,2.02281,0.994645,1.028160,1,0,70.1834,0,0,0,70.1834,0
50.0483,2.22164,0,0,2.99791,0.232757,0.36288,3.6288,60.9773,0.66528,0,0,1.33776,0.214199,0,0.66528,12.849,1,0.572433,0.36288,0,82.1975,3.88406,78.1039,0.84672,12.849,0.84672,3695.15,0,0,0,1.27247,2.14335,5.21358,0.83858,7.79082,0.42336,0,0.42336,460.49,0,1.02816,0,0,2.30063,1.27247,1.028160,1,0,85.8947,0,0,0,85.8947,0
51.8106,2.22359,0,0,4.59477,0.245996,0.36288,3.6288,61.308,0.66528,0,0,1.59128,0.199074,0.396236,0.66528,12.849,1,0.570867,0.36288,0,86.7361,4.09519,82.4329,0.84672,12.849,0.84672,3695.15,0,0,0,1.41748,2.14359,6.52126,0.871685,9.21065,0.42336,0,0.42336,460.49,0,1.02816,0,0,2.44564,1.41748,1.028160,1,0,92.0398,0,0,0,92.0398,0
54.7003,2.31719,0,0,5.83993,0.270108,0.36288,3.6288,61.308,0.66528,0,0,1.87589,0.19653,1.01408,0.66528,12.849,1,0.574663,0.36288,0,97.06,3.70144,93.1468,0.84672,12.849,0.84672,3695.15,0,0,0,2.12216,2.14383,8.53452,0.960458,11.8401,0.42336,0,0.42336,460.49,0,1.02816,0,0,3.15032,2.12216,1.028160,1,0,106.001,0,0,0,106.001,0
60.0918,2.34208,0,0,8.39067,0.294252,0.36288,3.6288,61.308,0.66528,0,0,1.85728,0.199054,0.992947,0.66528,12.849,1,0.550149,0.36288,0,128.138,4.42302,123.528,0.84672,12.849,0.84672,3695.15,0,0,0,2.51939,2.20709,12.8982,1.17689,16.4478,0.42336,0,0.42336,460.49,0,1.02816,0,0,3.54755,2.51939,1.028160,1,0,140.969,0,0,0,140.969,0
64.8485,2.38305,0,0,7.81402,0.311434,0.36288,3.6288,61.308,0.66528,0,0,2.17853,0.215123,1.29813,0.66528,12.849,1,0.509549,0.36288,0,122.05,4.66389,117.24,0.84672,12.849,0.84672,3695.15,0,0,0,2.86815,2.20732,12.6156,1.27189,16.4192,0.42336,0,0.42336,460.49,0,1.02816,0,0,3.89631,2.86815,1.028160,1,0,134.957,0,0,0,134.957,0
71.6483,2.41455,0,0,9.90118,0.323905,0.36288,3.6288,61.308,0.66528,0,0,4.83309,0.215123,3.95268,0.66528,12.849,1,0.478416,0.36288,0,279.476,4.66389,274.697,0.84672,12.849,0.84672,3695.15,0,0,0,5.26564,2.20756,20.0988,1.27189,26.3001,0.42336,0,0.42336,460.49,0,1.02816,0,0,6.2938,5.26564,1.028160,1,0,304.95,0,0,0,304.95,0
72.29,2.71767,0,0,6.18612,0.342235,2.48454,3.6288,61.308,0.66528,0,0,2.63262,0.215702,1.75164,0.66528,12.849,1,0.487371,2.48454,0,171.671,4.7723,168.896,0.84672,12.849,0.84672,3695.15,0,0,0,2.58301,2.20779,11.8032,1.2084,15.3856,0.42336,0,0.42336,460.49,0,1.02816,0,0,3.61117,2.58301,1.028160,1,0,186.033,0,0,0,186.033,0
72.29,2.72168,0,0,6.24904,0.344738,3.18262,3.6288,61.308,0.66528,0,0,2.16802,0.216473,1.28626,0.66528,12.849,1,0.483759,3.18262,0,102.752,4.91683,100.534,0.84672,12.849,0.84672,3695.15,0,0,0,1.85116,2.43483,14.6988,1.12376,17.861,0.42336,0,0.42336,460.49,0,1.02816,0,0,2.87932,1.85116,1.028160,1,0,119.681,0,0,0,119.681,0
72.29,2.72203,0,0,7.29465,0.346392,4.22623,3.6288,61.308,0.66528,0,0,2.13439,0.213349,1.25576,0.66528,12.849,1,0.48382,4.22623,0,131.017,4.81192,129.947,0.84672,12.849,0.84672,3695.15,0,0,0,1.88287,2.4351,12.5407,1.08864,15.77,0.42336,0,0.42336,460.49,0,1.02816,0,0,2.91103,1.88287,1.028160,1,0,146.973,0,0,0,146.973,0
72.29,2.72237,0,0,6.46246,0.356319,3.38377,3.6288,61.308,0.66528,0,0,2.68936,0.194604,1.82948,0.66528,12.849,1,0.483881,3.38377,0,145.479,4.18246,144.197,0.84672,12.849,0.84672,3695.15,0,0,0,2.71965,2.43536,14.2229,0.87795,18.5,0.42336,0,0.42336,460.49,0,1.02816,0,0,3.74781,2.71965,1.028160,1,0,164.526,0,0,0,164.526,0
72.29,2.34505,0,0,8.25699,0.353348,5.55859,3.6288,61.308,0.66528,0,0,5.1181,0.196624,4.2562,0.66528,12.849,1,0.416815,5.55859,0,164.251,4.08621,165.306,0.84672,12.849,0.84672,3695.15,0,0,0,4.00062,2.43562,18.4493,0.872477,24.0131,0.42336,0,0.42336,460.49,0,1.02816,0,0,5.02878,4.00062,1.028160,1,0,193.576,0,0,0,193.576,0
72.29,2.34535,0,0,10.027,0.349386,7.33224,3.6288,61.308,0.66528,0,0,8.02198,0.199318,7.15738,0.66528,12.849,1,0.416868,7.33224,0,171.614,3.95787,174.571,0.84672,12.849,0.84672,3695.15,0,0,0,4.86922,2.12643,23.3212,0.86518,29.4516,0.42336,0,0.42336,460.49,0,1.02816,0,0,5.89738,4.86922,1.028160,1,0,211.18,0,0,0,211.18,0
72.29,2.34565,0,0,9.79888,0.349386,7.10385,3.6288,61.308,0.66528,0,0,7.16619,0.199318,6.30159,0.66528,12.849,1,0.416921,7.10385,0,178.911,3.95787,181.64,0.84672,12.849,0.84672,3695.15,0,0,0,4.43356,2.12666,23.5622,0.86518,29.2573,0.42336,0,0.42336,460.49,0,1.02816,0,0,5.46172,4.43356,1.028160,1,0,217.199,0,0,0,217.199,0
72.29,2.34595,0,0,9.73253,0.304073,7.0825,3.6288,61.308,0.66528,0,0,6.52751,0.175252,5.68698,0.66528,12.849,1,0.416975,7.0825,0,192.946,3.60909,196.002,0.84672,12.849,0.84672,3695.15,0,0,0,4.57274,2.12688,24.2208,0.815078,30.1053,0.42336,0,0.42336,460.49,0,1.02816,0,0,5.6009,4.57274,1.028160,1,0,231.795,0,0,0,231.795,0
72.29,2.34625,0,0,8.4437,0.324332,5.77312,3.6288,61.308,0.66528,0,0,5.46087,0.166538,4.62905,0.66528,12.849,1,0.417028,5.77312,0,164.725,3.81093,166.27,0.84672,12.849,0.84672,3695.15,0,0,0,3.62732,2.12711,19.1838,0.839818,24.0984,0.42336,0,0.42336,460.49,0,1.02816,0,0,4.65548,3.62732,1.028160,1,0,194.998,0,0,0,194.998,0
72.29,2.44167,0,0,5.33387,0.299146,2.59305,3.6288,61.308,0.66528,0,0,4.16697,0.194447,3.30724,0.66528,12.849,1,0.433988,2.59305,0,81.7309,4.42459,79.4654,0.84672,12.849,0.84672,3695.15,0,0,0,2.30309,2.12733,12.3186,0.853054,15.8959,0.42336,0,0.42336,460.49,0,1.02816,0,0,3.33125,2.30309,1.028160,1,0,98.6686,0,0,0,98.6686,0
72.29,2.44198,0,0,7.32989,0.306328,4.58158,3.6288,61.308,0.66528,0,0,6.31037,0.204042,5.44105,0.66528,12.849,1,0.434044,4.58158,0,114.992,4.14708,114.993,0.84672,12.849,0.84672,3695.15,0,0,0,3.96014,2.20389,18.363,0.8526,23.6745,0.42336,0,0.42336,460.49,0,1.02816,0,0,4.9883,3.96014,1.028160,1,0,144.108,0,0,0,144.108,0
72.29,2.44229,0,0,7.38124,0.306328,4.63262,3.6288,61.308,0.66528,0,0,6.987,0.204042,6.11767,0.66528,12.849,1,0.434099,4.63262,0,115.612,4.14708,115.663,0.84672,12.849,0.84672,3695.15,0,0,0,4.89351,2.20413,19.7477,0.8526,25.9927,0.42336,0,0.42336,460.49,0,1.02816,0,0,5.92167,4.89351,1.028160,1,0,147.774,0,0,0,147.774,0
72.29,2.44261,0,0,5.44514,0.306328,2.6962,3.6288,61.308,0.66528,0,0,5.18443,0.204042,4.31511,0.66528,12.849,1,0.434155,2.6962,0,83.014,4.14708,81.129,0.84672,12.849,0.84672,3695.15,0,0,0,2.85199,2.20436,13.9914,0.8526,18.1952,0.42336,0,0.42336,460.49,0,1.02816,0,0,3.88015,2.85199,1.028160,1,0,103.639,0,0,0,103.639,0
72.29,2.40571,0,0,4.53381,0.249122,1.87898,3.6288,61.308,0.66528,0,0,2.52238,0.221671,1.63543,0.66528,12.849,1,0.427597,1.87898,0,73.5083,4.19823,70.7614,0.84672,12.849,0.84672,3695.15,0,0,0,1.81281,2.2046,9.19486,0.930132,12.2821,0.42336,0,0.42336,460.49,0,1.02816,0,0,2.84097,1.81281,1.028160,1,0,84.679,0,0,0,84.679,0
72.29,2.40602,0,0,3.9592,0.22624,1.32695,3.6288,61.308,0.66528,0,0,1.73221,0.228722,0.838206,0.66528,12.849,1,0.427651,1.32695,0,68.4305,4.21869,65.1111,0.84672,12.849,0.84672,3695.15,0,0,0,1.55194,2.17511,8.00747,0.961145,10.7734,0.42336,0,0.42336,460.49,0,1.02816,0,0,2.5801,1.55194,1.028160,1,0,76.7227,0,0,0,76.7227,0
72.29,2.40632,0,0,3.55417,0.22624,0.921604,3.6288,61.308,0.66528,0,0,1.82732,0.228722,0.933315,0.66528,12.849,1,0.427706,0.921604,0,63.2768,4.21869,59.552,0.84672,12.849,0.84672,3695.15,0,0,0,1.62031,2.17534,8.04246,0.961145,10.877,0.42336,0,0.42336,460.49,0,1.02816,0,0,2.64847,1.62031,1.028160,1,0,71.3623,0,0,0,71.3623,0
72.29,2.40663,0,0,3.86464,0.22624,1.23177,3.6288,61.308,0.66528,0,0,1.57508,0.228722,0.681079,0.66528,12.849,1,0.42776,1.23177,0,65.2856,4.21869,61.8709,0.84672,12.849,0.84672,3695.15,0,0,0,1.23574,2.17558,9.85496,0.961145,12.3051,0.42336,0,0.42336,460.49,0,1.02816,0,0,2.2639,1.23574,1.028160,1,0,74.8571,0,0,0,74.8571,0
72.29,2.5333,0,0,3.55186,0.190243,0.828321,3.6288,61.308,0.66528,0,0,1.50728,0.2349,0.607103,0.66528,12.849,1,0.450274,0.828321,0,58.8345,5.47528,53.7373,0.84672,12.849,0.84672,3695.15,0,0,0,1.20731,2.17581,7.80745,1.01672,10.1738,0.42336,0,0.42336,460.49,0,1.02816,0,0,2.23547,1.20731,1.028160,1,0,64.5182,0,0,0,64.5182,0
72.29,2.53362,0,0,3.2673,0.190852,0.542832,3.6288,61.308,0.66528,0,0,1.51864,0.20405,0.649305,0.66528,12.849,1,0.450332,0.542832,0,47.8393,4.59866,43.3332,0.84672,12.849,0.84672,3695.15,0,0,0,1.25798,2.28022,6.55841,1.00947,9.08714,0.42336,0,0.42336,460.49,0,1.02816,0,0,2.28614,1.25798,1.028160,1,0,53.0696,0,0,0,53.0696,0
72.29,2.53394,0,0,3.13137,0.0958352,0.501593,3.6288,61.308,0.66528,0,0,1.40036,0.237843,0.497239,0.66528,12.849,1,0.450389,0.501593,0,48.1366,5.05208,43.1358,0.84672,12.849,0.84672,3695.15,0,0,0,1.20391,2.28046,6.47284,1.10069,8.85652,0.42336,0,0.42336,460.49,0,1.02816,0,0,2.23207,1.20391,1.028160,1,0,52.4895,0,0,0,52.4895,0
72.1146,2.53426,0,0,2.81755,0.0958352,0.36288,3.6288,61.308,0.66528,0,0,1.13575,0.237843,0.232622,0.66528,12.849,1,0.450446,0.36288,0,43.2425,5.05208,38.1029,0.84672,12.849,0.84672,3695.15,0,0,0,0.854652,2.28071,5.61859,1.10069,7.65326,0.42336,0,0.42336,460.49,0,1.02816,0,0,1.88281,0.854652,1.028160,1,0,45.9887,0,0,0,45.9887,0
71.8522,2.53366,0,0,2.72985,0.0957076,0.36288,3.6288,61.308,0.66528,0,0,0.919348,0.237843,0.0162245,0.66528,12.849,1,0.451434,0.36288,0,39.5012,5.05208,34.3606,0.84672,12.849,0.84672,3695.15,0,0,0,0.747023,2.28095,5.43174,1.10069,7.35902,0.42336,0,0.42336,460.49,0,1.02816,0,0,1.77518,0.747023,1.028160,1,0,41.7358,0,0,0,41.7358,0
71.495,2.5076,0,0,2.62427,0.110922,0.36288,3.6288,61.308,0.66528,0,0,1.62789,0.254286,0.708322,0.66528,12.849,1,0.448423,0.36288,0,43.364,5.11067,38.1678,0.84672,12.849,0.84672,3695.15,0,0,0,1.48008,2.28119,6.31478,1.11034,8.96571,0.42336,0,0.42336,460.49,0,1.02816,0,0,2.50824,1.48008,1.028160,1,0,47.8418,0,0,0,47.8418,0
70.9415,2.50602,0,0,2.42597,0.110621,0.36288,3.6288,61.308,0.66528,0,0,1.57379,0.254286,0.654227,0.66528,12.849,1,0.450379,0.36288,0,43.1019,5.11067,37.9038,0.84672,12.849,0.84672,3695.15,0,0,0,1.43764,2.31787,6.40319,1.11034,9.04837,0.42336,0,0.42336,460.49,0,1.02816,0,0,2.4658,1.43764,1.028160,1,0,47.6064,0,0,0,47.6064,0
70.1675,2.50336,0,0,2.20238,0.110153,0.36288,3.6288,61.308,0.66528,0,0,1.48675,0.254286,0.567188,0.66528,12.849,1,0.453412,0.36288,0,41.8209,5.11067,36.6197,0.84672,12.849,0.84672,3695.15,0,0,0,1.19576,2.31812,6.01894,1.11034,8.42249,0.42336,0,0.42336,460.49,0,1.02816,0,0,2.22392,1.19576,1.028160,1,0,45.6094,0,0,0,45.6094,0
69.2216,2.49945,0,0,2.01662,0.100132,0.36288,3.6288,61.308,0.66528,0,0,1.41501,0.276224,0.473503,0.66528,12.849,1,0.457697,0.36288,0,36.8808,5.39296,31.393,0.84672,12.849,0.84672,3695.15,0,0,0,1.1045,2.31837,5.84533,1.21338,8.05482,0.42336,0,0.42336,460.49,0,1.02816,0,0,2.13266,1.1045,1.028160,1,0,39.9213,0,0,0,39.9213,0
68.4083,2.55866,0,0,2.18709,0.0788663,0.36288,3.6288,61.308,0.66528,0,0,1.68196,0.322304,0.694373,0.66528,12.849,1,0.474942,0.36288,0,38.871,5.86964,32.8893,0.84672,12.849,0.84672,3695.15,0,0,0,1.154,2.31862,5.38785,1.45773,7.40274,0.42336,0,0.42336,460.49,0,1.02816,0,0,2.18216,1.154,1.028160,1,0,40.9864,0,0,0,40.9864,0
67.5029,2.55423,0,0,2.09211,0.0803911,0.36288,3.6288,61.308,0.66528,0,0,1.52885,0.31573,0.547838,0.66528,12.849,1,0.479757,0.36288,0,38.225,5.69782,32.4103,0.84672,12.849,0.84672,3695.15,0,0,0,1.14936,2.37053,5.22451,1.44779,7.29662,0.42336,0,0.42336,460.49,0,1.02816,0,0,2.17752,1.14936,1.028160,1,0,40.2548,0,0,0,40.2548,0
66.4688,2.54915,0,0,1.95774,0.0798221,0.36288,3.6288,61.308,0.66528,0,0,1.41516,0.31573,0.434153,0.66528,12.849,1,0.485224,0.36288,0,34.5075,5.69782,28.6873,0.84672,12.849,0.84672,3695.15,0,0,0,1.05592,2.37078,4.66285,1.44779,6.64177,0.42336,0,0.42336,460.49,0,1.02816,0,0,2.08408,1.05592,1.028160,1,0,35.7632,0,0,0,35.7632,0
65.2809,2.54315,0,0,1.7973,0.0791722,0.36288,3.6288,61.308,0.66528,0,0,1.39963,0.31573,0.418618,0.66528,12.849,1,0.491613,0.36288,0,31.544,5.69782,25.7175,0.84672,12.849,0.84672,3695.15,0,0,0,0.884745,2.37104,4.56043,1.44779,6.36843,0.42336,0,0.42336,460.49,0,1.02816,0,0,1.9129,0.884745,1.028160,1,0,32.5045,0,0,0,32.5045,0
64.1734,2.72224,0,0,2.04582,0.0681634,0.36288,3.6288,61.308,0.66528,0,0,1.68636,0.301692,0.719383,0.66528,12.849,1,0.535808,0.36288,0,32.6238,5.77164,26.6792,0.84672,12.849,0.84672,3695.15,0,0,0,1.48818,2.37129,6.57882,1.49984,8.93846,0.42336,0,0.42336,460.49,0,1.02816,0,0,2.51634,1.48818,1.028160,1,0,36.337,0,0,0,36.337,0
62.2256,2.71488,0,0,1.21921,0.0892899,0.36288,3.6288,61.308,0.66528,0,0,1.43141,0.291532,0.474603,0.66528,12.849,1,0.543581,0.36288,0,26.3498,4.99054,21.1785,0.84672,12.849,0.84672,3695.15,0,0,0,0.943393,2.54841,4.15777,1.47719,6.17238,0.42336,0,0.42336,460.49,0,1.02816,0,0,1.97155,0.943393,1.028160,1,0,27.8255,0,0,0,27.8255,0
60.398,2.70111,0,0,1.32428,0.0878837,0.36288,3.6288,61.308,0.66528,0,0,1.4484,0.291532,0.491589,0.66528,12.849,1,0.557755,0.36288,0,25.1834,4.99054,19.9979,0.84672,12.849,0.84672,3695.15,0,0,0,0.958055,2.54868,4.41621,1.47719,6.44576,0.42336,0,0.42336,460.49,0,1.02816,0,0,1.98621,0.958055,1.028160,1,0,26.9353,0,0,0,26.9353,0
59.2926,2.68754,0,0,2.04545,0.100457,0.36288,3.6288,61.308,0.66528,0,0,1.74218,0.288314,0.788585,0.66528,12.849,1,0.571743,0.36288,0,40.6754,4.90149,35.565,0.84672,12.849,0.84672,3695.15,0,0,0,1.35274,2.54896,4.66709,1.46627,7.10253,0.42336,0,0.42336,460.49,0,1.02816,0,0,2.3809,1.35274,1.028160,1,0,43.4561,0,0,0,43.4561,0
58.92,2.67911,0,0,2.77603,0.10666,0.36288,3.6288,61.308,0.66528,0,0,2.20256,0.279351,1.25793,0.66528,12.849,1,0.580577,0.36288,0,49.6882,4.9737,44.4968,0.84672,12.849,0.84672,3695.15,0,0,0,1.41823,2.54923,5.04065,1.44912,7.55899,0.42336,0,0.42336,460.49,0,1.02816,0,0,2.44639,1.41823,1.028160,1,0,53.3137,0,0,0,53.3137,0
58.4689,2.5872,0,0,2.63741,0.138408,0.36288,3.6288,61.308,0.66528,0,0,1.82434,0.237157,0.921899,0.66528,12.849,1,0.564205,0.36288,0,48.0031,4.22137,43.5804,0.84672,12.849,0.84672,3695.15,0,0,0,1.10644,2.54951,6.44096,1.25505,8.84186,0.42336,0,0.42336,460.49,0,1.02816,0,0,2.1346,1.10644,1.028160,1,0,53.3442,0,0,0,53.3442,0
57.901,2.58396,0,0,2.55536,0.176369,0.36288,3.6288,61.308,0.66528,0,0,2.35776,0.218123,1.47436,0.66528,12.849,1,0.567846,0.36288,0,41.2963,3.55341,37.538,0.84672,12.849,0.84672,3695.15,0,0,0,1.45584,2.44736,8.05689,1.09205,10.868,0.42336,0,0.42336,460.49,0,1.02816,0,0,2.484,1.45584,1.028160,1,0,49.8804,0,0,0,49.8804,0
57.6565,2.57973,0,0,2.87348,0.175397,0.36288,3.6288,61.308,0.66528,0,0,3.43659,0.218123,2.55319,0.66528,12.849,1,0.572476,0.36288,0,46.3922,3.55341,42.6292,0.84672,12.849,0.84672,3695.15,0,0,0,2.36119,2.44763,10.5913,1.09205,14.3081,0.42336,0,0.42336,460.49,0,1.02816,0,0,3.38935,2.36119,1.028160,1,0,59.4905,0,0,0,59.4905,0
57.0914,2.57807,0,0,2.55083,0.174978,0.36288,3.6288,61.308,0.66528,0,0,2.67644,0.218123,1.79304,0.66528,12.849,1,0.574534,0.36288,0,40.465,3.55341,36.6999,0.84672,12.849,0.84672,3695.15,0,0,0,1.71951,2.44789,8.12609,1.09205,11.2014,0.42336,0,0.42336,460.49,0,1.02816,0,0,2.74767,1.71951,1.028160,1,0,49.6944,0,0,0,49.6944,0
56.4421,2.50089,0,0,2.43718,0.222735,0.36288,3.6288,61.308,0.66528,0,0,2.87726,0.223753,1.98823,0.66528,12.849,1,0.56285,0.36288,0,39.8207,3.95067,35.6701,0.84672,12.849,0.84672,3695.15,0,0,0,2.63644,2.44815,9.60335,1.0808,13.6071,0.42336,0,0.42336,460.49,0,1.02816,0,0,3.6646,2.63644,1.028160,1,0,51.2654,0,0,0,51.2654,0
54.6313,2.49593,0,0,1.33391,0.285862,0.36288,3.6288,61.1494,0.866523,0,0,0.939159,0.231261,0,0.66528,12.849,1,0.568197,0.36288,0,29.5764,4.48035,24.8908,0.84672,12.849,0.84672,3695.15,0,0,0,0.216518,2.35697,5.86006,1.0658,7.36775,0.42336,0,0.42336,460.49,0,0.826917,0,0,1.04344,0.216518,1.028160,1,0,32.2585,0,0,0,32.2585,0
54.4202,2.481,0,0,2.9135,0.280738,0.36288,3.6288,61.308,0.66528,0,0,1.63082,0.231029,0.575884,0.66528,12.849,1,0.583518,0.36288,0,41.7362,4.48035,37.0352,0.84672,12.849,0.84672,3695.15,0,0,0,1.01853,2.35722,8.38382,1.0658,10.6938,0.42336,0,0.42336,460.49,0,1.02816,0,0,2.04669,1.01853,1.028160,1,0,48.3049,0,0,0,48.3049,0
57.4984,2.47948,0,0,6.20064,0.28014,0.36288,3.6288,61.308,0.66528,0,0,3.38024,0.231261,2.4837,0.66528,12.849,1,0.585423,0.36288,0,91.2093,4.48035,86.5064,0.84672,12.849,0.84672,3695.15,0,0,0,3.86356,2.35747,13.6092,1.0658,18.7644,0.42336,0,0.42336,460.49,0,1.02816,0,0,4.89172,3.86356,1.028160,1,0,107.755,0,0,0,107.755,0
59.2933,2.29811,0,0,4.75916,0.303227,0.36288,3.6288,61.308,0.66528,0,0,2.62931,0.239135,1.72489,0.66528,12.849,1,0.513553,0.36288,0,47.6906,4.24896,43.291,0.84672,12.849,0.84672,3695.15,0,0,0,2.06175,2.35772,7.8802,0.990061,11.3096,0.42336,0,0.42336,460.49,0,1.02816,0,0,3.08991,2.06175,1.028160,1,0,56.3255,0,0,0,56.3255,0
59.2817,2.31119,0,0,2.92689,0.264439,0.36288,3.6288,61.308,0.66528,0,0,2.10128,0.237806,1.1982,0.66528,12.849,1,0.50084,0.36288,0,57.988,4.15023,53.6998,0.84672,12.849,0.84672,3695.15,0,0,0,1.66002,2.15476,6.06658,0.98106,8.9003,0.42336,0,0.42336,460.49,0,1.02816,0,0,2.68818,1.66002,1.028160,1,0,63.7983,0,0,0,63.7983,0
61.9001,2.3114,0,0,5.55711,0.264409,0.36288,3.6288,61.308,0.66528,0,0,1.79594,0.237806,0.892859,0.66528,12.849,1,0.500985,0.36288,0,87.298,4.15023,83.0096,0.84672,12.849,0.84672,3695.15,0,0,0,1.89629,2.15499,6.87538,0.98106,9.94561,0.42336,0,0.42336,460.49,0,1.02816,0,0,2.92445,1.89629,1.028160,1,0,93.8481,0,0,0,93.8481,0
64.425,2.32925,0,0,5.48762,0.270571,0.36288,3.6288,61.308,0.66528,0,0,2.54739,0.237806,1.64431,0.66528,12.849,1,0.483497,0.36288,0,127.971,4.15023,123.701,0.84672,12.849,0.84672,3695.15,0,0,0,1.88264,2.15522,7.30261,0.98106,10.3594,0.42336,0,0.42336,460.49,0,1.02816,0,0,2.9108,1.88264,1.028160,1,0,135.704,0,0,0,135.704,0
64.5471,2.34535,0,0,3.1192,0.288841,0.36288,3.6288,61.308,0.66528,0,0,1.19267,0.184851,0.342534,0.66528,12.849,1,0.467759,0.36288,0,56.4221,3.57273,52.7444,0.84672,12.849,0.84672,3695.15,0,0,0,0.862384,2.15545,5.74588,0.824479,7.93923,0.42336,0,0.42336,460.49,0,1.02816,0,0,1.89054,0.862384,1.028160,1,0,61.0262,0,0,0,61.0262,0
67.9829,2.42778,0,0,6.52119,0.294756,0.36288,3.6288,61.308,0.66528,0,0,5.57178,0.219669,4.68683,0.66528,12.849,1,0.483283,0.36288,0,138.019,3.92988,133.969,0.84672,12.849,0.84672,3695.15,0,0,0,4.7925,2.15568,15.4806,1.06299,21.3658,0.42336,0,0.42336,460.49,0,1.02816,0,0,5.82066,4.7925,1.028160,1,0,160.022,0,0,0,160.022,0
69.8336,2.44861,0,0,4.95143,0.289272,0.36288,3.6288,61.308,0.66528,0,0,1.94703,0.204567,1.07719,0.66528,12.849,1,0.462796,0.36288,0,103.048,3.76659,99.181,0.84672,12.849,0.84672,3695.15,0,0,0,3.13954,2.2193,10.8659,0.937759,15.287,0.42336,0,0.42336,460.49,0,1.02816,0,0,4.1677,3.13954,1.028160,1,0,115.545,0,0,0,115.545,0
71.2413,2.45926,0,0,4.51691,0.286993,0.36288,3.6288,61.308,0.66528,0,0,1.52242,0.192955,0.664185,0.66528,12.849,1,0.452491,0.36288,0,95.2335,3.64413,91.4998,0.84672,12.849,0.84672,3695.15,0,0,0,2.70664,2.21951,9.30848,0.849502,13.3851,0.42336,0,0.42336,460.49,0,1.02816,0,0,3.7348,2.70664,1.028160,1,0,105.549,0,0,0,105.549,0
72.0489,2.46713,0,0,3.92771,0.290117,0.36288,3.6288,61.308,0.66528,0,0,1.35286,0.192955,0.494625,0.66528,12.849,1,0.444968,0.36288,0,82.1284,3.64413,78.4022,0.84672,12.849,0.84672,3695.15,0,0,0,2.30097,2.21973,8.46625,0.849502,12.1375,0.42336,0,0.42336,460.49,0,1.02816,0,0,3.32913,2.30097,1.028160,1,0,91.0342,0,0,0,91.0342,0
72.29,2.73777,0,0,3.90836,0.301114,0.628408,3.6288,61.308,0.66528,0,0,1.55752,0.183665,0.70857,0.66528,12.849,1,0.488245,0.628408,0,80.1827,3.85053,76.4723,0.84672,12.849,0.84672,3695.15,0,0,0,2.26228,2.21995,8.79215,0.824789,12.4496,0.42336,0,0.42336,460.49,0,1.02816,0,0,3.29044,2.26228,1.028160,1,0,89.6305,0,0,0,89.6305,0
72.29,2.73947,0,0,4.20807,0.330397,1.1382,3.6288,61.308,0.66528,0,0,2.08503,0.171161,1.24859,0.66528,12.849,1,0.48692,1.1382,0,83.8123,4.65276,79.8108,0.84672,12.849,0.84672,3695.15,0,0,0,2.42916,2.44834,9.90775,0.942125,13.8431,0.42336,0,0.42336,460.49,0,1.02816,0,0,3.45732,2.42916,1.028160,1,0,94.9025,0,0,0,94.9025,0
72.29,2.73979,0,0,4.00101,0.330397,0.930825,3.6288,61.308,0.66528,0,0,1.93792,0.171161,1.10148,0.66528,12.849,1,0.486977,0.930825,0,79.4431,4.65276,75.2342,0.84672,12.849,0.84672,3695.15,0,0,0,2.61221,2.44858,9.60414,0.942125,13.7228,0.42336,0,0.42336,460.49,0,1.02816,0,0,3.64037,2.61221,1.028160,1,0,90.0584,0,0,0,90.0584,0
72.29,2.74011,0,0,4.70603,0.330397,1.63552,3.6288,61.308,0.66528,0,0,2.03853,0.171161,1.20209,0.66528,12.849,1,0.487034,1.63552,0,95.2655,4.65276,91.7612,0.84672,12.849,0.84672,3695.15,0,0,0,2.54502,2.44882,9.99423,0.942125,14.0459,0.42336,0,0.42336,460.49,0,1.02816,0,0,3.57318,2.54502,1.028160,1,0,107.009,0,0,0,107.009,0
72.29,2.36052,0,0,4.18434,0.337738,1.48609,3.6288,61.308,0.66528,0,0,1.86718,0.153367,1.04853,0.66528,12.849,1,0.419564,1.48609,0,84.2676,4.37502,80.9591,0.84672,12.849,0.84672,3695.15,0,0,0,2.57002,2.44907,10.3266,0.874231,14.4715,0.42336,0,0.42336,460.49,0,1.02816,0,0,3.59818,2.57002,1.028160,1,0,96.4792,0,0,0,96.4792,0
72.29,2.3608,0,0,3.66011,0.356091,0.943221,3.6288,61.308,0.66528,0,0,2.08886,0.108882,1.3147,0.66528,12.849,1,0.419614,0.943221,0,85.2468,3.68067,82.0898,0.84672,12.849,0.84672,3695.15,0,0,0,2.85072,2.13802,11.6472,0.704495,15.9314,0.42336,0,0.42336,460.49,0,1.02816,0,0,3.87888,2.85072,1.028160,1,0,99.3358,0,0,0,99.3358,0
72.29,2.36108,0,0,5.05504,0.356091,2.33787,3.6288,61.308,0.66528,0,0,1.93424,0.108882,1.16007,0.66528,12.849,1,0.419664,2.33787,0,97.8057,3.68067,96.0432,0.84672,12.849,0.84672,3695.15,0,0,0,2.95939,2.13823,13.2297,0.704495,17.6228,0.42336,0,0.42336,460.49,0,1.02816,0,0,3.98755,2.95939,1.028160,1,0,114.826,0,0,0,114.826,0
72.29,2.36136,0,0,3.68758,0.348383,0.977834,3.6288,61.308,0.66528,0,0,1.89429,0.150528,1.07849,0.66528,12.849,1,0.419714,0.977834,0,75.9024,4.60625,71.8543,0.84672,12.849,0.84672,3695.15,0,0,0,3.01916,2.13844,12.578,0.95679,16.7788,0.42336,0,0.42336,460.49,0,1.02816,0,0,4.04732,3.01916,1.028160,1,0,89.7116,0,0,0,89.7116,0
72.29,2.36164,0,0,4.52199,0.3453,1.81505,3.6288,61.308,0.66528,0,0,2.20866,0.167187,1.37619,0.66528,12.849,1,0.419764,1.81505,0,81.4052,4.97648,77.824,0.84672,12.849,0.84672,3695.15,0,0,0,3.07949,2.13865,12.6053,1.05771,16.7658,0.42336,0,0.42336,460.49,0,1.02816,0,0,4.10765,3.07949,1.028160,1,0,95.966,0,0,0,95.966,0
72.29,2.4576,0,0,6.12674,0.327336,3.3418,3.6288,61.308,0.66528,0,0,3.67894,0.126122,2.88754,0.66528,12.849,1,0.43682,3.3418,0,152.339,3.41803,151.826,0.84672,12.849,0.84672,3695.15,0,0,0,5.41072,2.13886,16.376,0.786603,23.139,0.42336,0,0.42336,460.49,0,1.02816,0,0,6.43888,5.41072,1.028160,1,0,177.852,0,0,0,177.852,0
72.29,2.45789,0,0,4.32863,0.324342,1.5464,3.6288,61.308,0.66528,0,0,2.15381,0.119278,1.36925,0.66528,12.849,1,0.436872,1.5464,0,124.273,3.1583,122.224,0.84672,12.849,0.84672,3695.15,0,0,0,3.47967,2.21586,13.2128,0.741419,18.1669,0.42336,0,0.42336,460.49,0,1.02816,0,0,4.50783,3.47967,1.028160,1,0,141.76,0,0,0,141.76,0
72.29,2.45818,0,0,3.83612,0.306486,1.07145,3.6288,61.308,0.66528,0,0,1.72085,0.128793,0.926782,0.66528,12.849,1,0.436924,1.07145,0,126.052,3.27463,123.411,0.84672,12.849,0.84672,3695.15,0,0,0,2.95226,2.21608,12.9622,0.76432,17.3662,0.42336,0,0.42336,460.49,0,1.02816,0,0,3.98042,2.95226,1.028160,1,0,141.704,0,0,0,141.704,0
72.29,2.45848,0,0,3.58572,0.261846,0.865399,3.6288,61.308,0.66528,0,0,2.05913,0.152581,1.24127,0.66528,12.849,1,0.436975,0.865399,0,95.6077,3.56549,92.4706,0.84672,12.849,0.84672,3695.15,0,0,0,3.36645,2.2163,13.0803,0.821571,17.8414,0.42336,0,0.42336,460.49,0,1.02816,0,0,4.39461,3.36645,1.028160,1,0,111.553,0,0,0,111.553,0
72.29,2.42134,0,0,3.52319,0.258246,0.843608,3.6288,61.308,0.66528,0,0,1.62906,0.181069,0.782714,0.66528,12.849,1,0.430375,0.843608,0,90.1575,3.68729,86.8835,0.84672,12.849,0.84672,3695.15,0,0,0,2.76208,2.21652,11.854,0.922458,15.9101,0.42336,0,0.42336,460.49,0,1.02816,0,0,3.79024,2.76208,1.028160,1,0,103.576,0,0,0,103.576,0
72.29,2.42163,0,0,3.21646,0.255546,0.539292,3.6288,61.308,0.66528,0,0,1.47521,0.202435,0.607496,0.66528,12.849,1,0.430426,0.539292,0,71.312,3.77863,67.6422,0.84672,12.849,0.84672,3695.15,0,0,0,2.36975,2.18684,9.48612,0.998123,13.0446,0.42336,0,0.42336,460.49,0,1.02816,0,0,3.39791,2.36975,1.028160,1,0,81.2943,0,0,0,81.2943,0
72.0312,2.42191,0,0,2.78154,0.255546,0.36288,3.6288,61.308,0.66528,0,0,1.40676,0.202435,0.53905,0.66528,12.849,1,0.430477,0.36288,0,63.1712,3.77863,59.325,0.84672,12.849,0.84672,3695.15,0,0,0,2.03338,2.18706,8.29924,0.998123,11.5216,0.42336,0,0.42336,460.49,0,1.02816,0,0,3.06154,2.03338,1.028160,1,0,71.3856,0,0,0,71.3856,0
71.6939,2.20076,0,0,2.48137,0.255044,0.36288,3.6288,61.308,0.66528,0,0,1.24914,0.202435,0.381422,0.66528,12.849,1,0.392575,0.36288,0,54.2569,3.77863,50.4485,0.84672,12.849,0.84672,3695.15,0,0,0,1.64079,2.18728,7.20697,0.998123,10.0369,0.42336,0,0.42336,460.49,0,1.02816,0,0,2.66895,1.64079,1.028160,1,0,60.8669,0,0,0,60.8669,0
70.8605,2.54639,0,0,2.30228,0.226396,0.36288,3.6288,61.308,0.66528,0,0,1.12827,0.188858,0.274133,0.66528,12.849,1,0.456364,0.36288,0,50.1952,3.55137,46.5503,0.84672,12.849,0.84672,3695.15,0,0,0,1.45865,2.0222,6.56873,0.92141,9.12817,0.42336,0,0.42336,460.49,0,1.02816,0,0,2.48681,1.45865,1.028160,1,0,55.9527,0,0,0,55.9527,0
70.0676,2.54214,0,0,2.25992,0.147817,0.36288,3.6288,61.308,0.66528,0,0,1.01914,0.226864,0.126996,0.66528,12.849,1,0.460962,0.36288,0,47.2935,4.66494,42.5304,0.84672,12.849,0.84672,3695.15,0,0,0,1.34249,2.2925,6.68261,1.08941,9.22818,0.42336,0,0.42336,460.49,0,1.02816,0,0,2.37065,1.34249,1.028160,1,0,51.8856,0,0,0,51.8856,0
69.2033,2.53804,0,0,2.18351,0.146918,0.36288,3.6288,61.308,0.66528,0,0,1.03958,0.226864,0.147439,0.66528,12.849,1,0.465425,0.36288,0,45.0911,4.66494,40.3236,0.84672,12.849,0.84672,3695.15,0,0,0,1.60074,2.29272,6.39207,1.08941,9.19612,0.42336,0,0.42336,460.49,0,1.02816,0,0,2.6289,1.60074,1.028160,1,0,49.6672,0,0,0,49.6672,0
68.1411,2.53343,0,0,2.00413,0.169948,0.36288,3.6288,61.308,0.66528,0,0,0.974488,0.22028,0.0889288,0.66528,12.849,1,0.470383,0.36288,0,42.397,4.24187,38.0476,0.84672,12.849,0.84672,3695.15,0,0,0,1.48334,2.29295,5.82924,1.10574,8.49979,0.42336,0,0.42336,460.49,0,1.02816,0,0,2.5115,1.48334,1.028160,1,0,46.6364,0,0,0,46.6364,0
67.0258,2.52756,0,0,1.89942,0.12427,0.36288,3.6288,61.308,0.66528,0,0,0.972372,0.2384,0.0686912,0.66528,12.849,1,0.476608,0.36288,0,39.5368,4.23291,35.1902,0.84672,12.849,0.84672,3695.15,0,0,0,1.52546,2.29318,5.73093,1.15987,8.3897,0.42336,0,0.42336,460.49,0,1.02816,0,0,2.55362,1.52546,1.028160,1,0,43.6486,0,0,0,43.6486,0
65.8678,2.49635,0,0,1.83866,0.137459,0.36288,3.6288,61.308,0.66528,0,0,1.04664,0.251518,0.129843,0.66528,12.849,1,0.478556,0.36288,0,37.4817,4.51374,32.8523,0.84672,12.849,0.84672,3695.15,0,0,0,1.56184,2.2934,5.56364,1.10285,8.31603,0.42336,0,0.42336,460.49,0,1.02816,0,0,2.59,1.56184,1.028160,1,0,41.2982,0,0,0,41.2982,0
64.595,2.4896,0,0,1.72173,0.142081,0.36288,3.6288,61.308,0.66528,0,0,1.03564,0.252321,0.118042,0.66528,12.849,1,0.485653,0.36288,0,36.6857,4.54986,32.0131,0.84672,12.849,0.84672,3695.15,0,0,0,1.65976,2.33028,5.35527,1.09018,8.25514,0.42336,0,0.42336,460.49,0,1.02816,0,0,2.68792,1.65976,1.028160,1,0,40.3862,0,0,0,40.3862,0
63.1831,2.48191,0,0,1.57353,0.140638,0.36288,3.6288,61.308,0.66528,0,0,0.968484,0.252321,0.050883,0.66528,12.849,1,0.493693,0.36288,0,34.5063,4.54986,29.8256,0.84672,12.849,0.84672,3695.15,0,0,0,1.26898,2.33051,5.09598,1.09018,7.6053,0.42336,0,0.42336,460.49,0,1.02816,0,0,2.29714,1.26898,1.028160,1,0,37.4818,0,0,0,37.4818,0
61.6728,2.47304,0,0,1.44691,0.121313,0.36288,3.6288,61.2643,0.66528,0,0,0.917767,0.296197,0,0.66528,12.849,1,0.502921,0.36288,0,30.8947,5.11446,25.6402,0.84672,12.849,0.84672,3695.15,0,0,0,1.27049,2.33074,4.85209,1.29627,7.15707,0.42336,0,0.42336,460.49,0,1.02816,0,0,2.29865,1.27049,1.028160,1,0,32.7973,0,0,0,32.7973,0
60.0772,2.52646,0,0,1.39961,0.105841,0.36288,3.6288,61.1339,0.66528,0,0,0.867603,0.332685,0,0.66528,12.849,1,0.526367,0.36288,0,33.5902,5.63893,27.7878,0.84672,12.849,0.84672,3695.15,0,0,0,1.09246,2.33097,4.25963,1.46095,6.22211,0.42336,0,0.42336,460.49,0,1.02816,0,0,2.12062,1.09246,1.028160,1,0,34.0099,0,0,0,34.0099,0
58.3962,2.51524,0,0,1.30048,0.103303,0.36288,3.6288,60.9769,0.66528,0,0,0.845597,0.337302,0,0.66528,12.849,1,0.537947,0.36288,0,27.3535,5.77364,21.4048,0.84672,12.849,0.84672,3695.15,0,0,0,1.19618,2.38317,3.62571,1.47444,5.73062,0.42336,0,0.42336,460.49,0,1.02816,0,0,2.22434,1.19618,1.028160,1,0,27.1355,0,0,0,27.1355,0
56.6312,2.50284,0,0,1.20236,0.101643,0.36288,3.6288,60.7589,0.66528,0,0,0.784175,0.336967,0,0.66528,12.849,1,0.550704,0.36288,0,26.2295,5.77364,20.268,0.84672,12.849,0.84672,3695.15,0,0,0,0.925474,2.38341,3.15254,1.47444,4.98697,0.42336,0,0.42336,460.49,0,1.02816,0,0,1.95363,0.925474,1.028160,1,0,25.255,0,0,0,25.255,0
54.9127,2.48915,0,0,1.22908,0.0956015,0.36288,3.6288,60.6254,0.66528,0,0,0.870843,0.339082,0,0.66528,12.849,1,0.56476,0.36288,0,24.9471,5.84841,18.8968,0.84672,12.849,0.84672,3695.15,0,0,0,1.18911,2.38364,3.89941,1.48938,5.98278,0.42336,0,0.42336,460.49,0,1.02816,0,0,2.21727,1.18911,1.028160,1,0,24.8795,0,0,0,24.8795,0
53.0887,2.65678,0,0,1.28063,0.0849283,0.36288,3.6288,60.5429,0.66528,0,0,0.892797,0.309988,0,0.66528,12.849,1,0.62166,0.36288,0,24.9848,5.9738,18.7522,0.84672,12.849,0.84672,3695.15,0,0,0,1.33208,2.38388,4.25656,1.54026,6.43226,0.42336,0,0.42336,460.49,0,1.02816,0,0,2.36024,1.33208,1.028160,1,0,25.1845,0,0,0,25.1845,0
51.3183,2.6399,0,0,1.32456,0.092238,0.36288,3.6288,60.2921,0.66528,0,0,0.726382,0.311922,0,0.66528,12.849,1,0.638931,0.36288,0,23.4091,5.90247,17.2306,0.84672,12.849,0.84672,3695.15,0,0,0,0.916929,2.562,3.23299,1.59043,5.12148,0.42336,0,0.42336,460.49,0,1.02816,0,0,1.94509,0.916929,1.028160,1,0,22.3521,0,0,0,22.3521,0
49.6527,2.62257,0,0,1.41045,0.0905658,0.36288,3.6288,60.2088,0.66528,0,0,0.893488,0.311425,0,0.66528,12.849,1,0.656637,0.36288,0,29.7888,5.90247,23.5926,0.84672,12.849,0.84672,3695.15,0,0,0,1.3692,2.56225,3.61112,1.59043,5.95214,0.42336,0,0.42336,460.49,0,1.02816,0,0,2.39736,1.3692,1.028160,1,0,29.5447,0,0,0,29.5447,0
47.7558,2.60538,0,0,1.16039,0.0889926,0.36288,3.6288,59.883,0.66528,0,0,0.650722,0.31126,0,0.66528,12.849,1,0.674214,0.36288,0,27.2913,5.90247,21.0775,0.84672,12.849,0.84672,3695.15,0,0,0,0.610295,2.56251,2.95768,1.59043,4.54005,0.42336,0,0.42336,460.49,0,1.02816,0,0,1.63846,0.610295,1.028160,1,0,25.6176,0,0,0,25.6176,0
46.1673,2.58458,0,0,1.44605,0.0871847,0.36288,3.6288,60.0344,0.66528,0,0,1.12722,0.310614,0,0.66528,12.849,1,0.695397,0.36288,0,26.6026,5.90247,20.3676,0.84672,12.849,0.84672,3695.15,0,0,0,2.20972,2.56276,4.61297,1.59043,7.79503,0.42336,0,0.42336,460.49,0,1.02816,0,0,3.23788,2.20972,1.028160,1,0,28.1626,0,0,0,28.1626,0
45.6681,2.48065,0,0,2.45531,0.110967,0.36288,3.6288,60.5539,0.66528,0,0,1.47938,0.294511,0,0.66528,12.849,1,0.6904,0.36288,0,54.1007,6.19548,47.5777,0.84672,12.849,0.84672,3695.15,0,0,0,3.17999,2.56302,8.45361,1.52538,12.6712,0.42336,0,0.42336,460.49,0,1.02816,0,0,4.20815,3.17999,1.028160,1,0,60.249,0,0,0,60.249,0
46.0539,2.47505,0,0,3.34144,0.117635,0.36288,3.6288,61.308,0.66528,0,0,2.08069,0.308116,0.353232,0.66528,12.849,1,0.696371,0.36288,0,52.6224,6.83025,45.4587,0.84672,12.849,0.84672,3695.15,0,0,0,5.9761,2.46028,11.5384,1.70083,18.2739,0.42336,0,0.42336,460.49,0,1.02816,0,0,7.00426,5.9761,1.028160,1,0,64.0859,0,0,0,64.0859,0
45.6149,2.4799,0,0,2.52189,0.118144,0.36288,3.6288,61.308,0.66528,0,0,1.64405,0.309592,0.669173,0.66528,12.849,1,0.69189,0.36288,0,77.8315,6.83025,70.6723,0.84672,12.849,0.84672,3695.15,0,0,0,5.68622,2.46052,8.95355,1.70083,15.3995,0.42336,0,0.42336,460.49,0,1.02816,0,0,6.71438,5.68622,1.028160,1,0,86.7409,0,0,0,86.7409,0
44.3412,2.475,0,0,1.68171,0.117565,0.36288,3.6288,61.308,0.66528,0,0,1.25106,0.309592,0.276191,0.66528,12.849,1,0.697168,0.36288,0,48.8243,6.83025,41.6598,0.84672,12.849,0.84672,3695.15,0,0,0,3.17996,2.46077,6.04266,1.70083,9.98256,0.42336,0,0.42336,460.49,0,1.02816,0,0,4.20812,3.17996,1.028160,1,0,51.9185,0,0,0,51.9185,0
43.6327,2.39016,0,0,2.20158,0.156973,0.36288,3.6288,61.308,0.66528,0,0,1.76769,0.282338,0.820074,0.66528,12.849,1,0.692611,0.36288,0,59.0759,6.15427,52.5919,0.84672,12.849,0.84672,3695.15,0,0,0,3.39413,2.46101,8.46778,1.54578,12.7771,0.42336,0,0.42336,460.49,0,1.02816,0,0,4.42229,3.39413,1.028160,1,0,66.1891,0,0,0,66.1891,0
42.3012,2.38175,0,0,1.60008,0.18694,0.36288,3.6288,61.308,0.66528,0,0,1.36638,0.223302,0.4778,0.66528,12.849,1,0.70138,0.36288,0,45.0048,5.09596,39.5703,0.84672,12.849,0.84672,3695.15,0,0,0,1.86312,2.36929,5.56652,1.25322,8.54571,0.42336,0,0.42336,460.49,0,1.02816,0,0,2.89128,1.86312,1.028160,1,0,48.5939,0,0,0,48.5939,0
44.1449,2.3651,0,0,4.73977,0.168176,0.36288,3.6288,61.308,0.66528,0,0,2.24012,0.21536,1.35948,0.66528,12.849,1,0.718398,0.36288,0,58.8502,4.90397,53.5908,0.84672,12.849,0.84672,3695.15,0,0,0,3.47205,2.36953,12.9548,1.29615,17.5002,0.42336,0,0.42336,460.49,0,1.02816,0,0,4.50021,3.47205,1.028160,1,0,72.4505,0,0,0,72.4505,0
48.7962,2.38862,0,0,7.59147,0.188651,0.36288,3.6288,61.308,0.66528,0,0,3.26202,0.169467,2.42728,0.66528,12.849,1,0.695241,0.36288,0,128.785,3.91856,124.534,0.84672,12.849,0.84672,3695.15,0,0,0,5.15763,2.36976,25.1767,1.113,31.5911,0.42336,0,0.42336,460.49,0,1.02816,0,0,6.18579,5.15763,1.028160,1,0,158.553,0,0,0,158.553,0
50.21,2.23947,0,0,4.21991,0.203746,0.36288,3.6288,61.308,0.66528,0,0,2.18699,0.162811,1.3589,0.66528,12.849,1,0.589697,0.36288,0,79.9727,3.77832,75.9676,0.84672,12.849,0.84672,3695.15,0,0,0,3.02504,2.37,12.2593,1.07711,16.5772,0.42336,0,0.42336,460.49,0,1.02816,0,0,4.0532,3.02504,1.028160,1,0,93.9037,0,0,0,93.9037,0
51.2075,2.25296,0,0,3.82203,0.208702,0.36288,3.6288,61.308,0.66528,0,0,2.73808,0.191112,1.88168,0.66528,12.849,1,0.576544,0.36288,0,40.0427,4.40622,35.4228,0.84672,12.849,0.84672,3695.15,0,0,0,3.44015,2.16588,13.0804,0.952885,17.7335,0.42336,0,0.42336,460.49,0,1.02816,0,0,4.46831,3.44015,1.028160,1,0,55.038,0,0,0,55.038,0
55.2373,2.26221,0,0,6.86585,0.210898,0.36288,3.6288,61.308,0.66528,0,0,4.26622,0.191112,3.40982,0.66528,12.849,1,0.567634,0.36288,0,104.785,4.40622,100.174,0.84672,12.849,0.84672,3695.15,0,0,0,4.7597,2.16609,15.2855,0.952885,21.2584,0.42336,0,0.42336,460.49,0,1.02816,0,0,5.78786,4.7597,1.028160,1,0,124.843,0,0,0,124.843,0
58.5933,2.29608,0,0,6.23468,0.219772,0.36288,3.6288,61.308,0.66528,0,0,3.19277,0.191112,2.33637,0.66528,12.849,1,0.5341,0.36288,0,64.3113,4.40622,59.7339,0.84672,12.849,0.84672,3695.15,0,0,0,4.44903,2.1663,14.2906,0.952885,19.953,0.42336,0,0.42336,460.49,0,1.02816,0,0,5.47719,4.44903,1.028160,1,0,82.0233,0,0,0,82.0233,0
60.1925,2.32144,0,0,4.55372,0.270223,0.36288,3.6288,61.308,0.66528,0,0,1.48105,0.195872,0.6199,0.66528,12.849,1,0.509072,0.36288,0,73.9034,3.90934,69.8478,0.84672,12.849,0.84672,3695.15,0,0,0,2.55393,2.16652,10.5171,0.848629,14.3889,0.42336,0,0.42336,460.49,0,1.02816,0,0,3.58209,2.55393,1.028160,1,0,84.8567,0,0,0,84.8567,0
62.5646,2.33259,0,0,5.34078,0.273218,0.36288,3.6288,61.308,0.66528,0,0,1.79712,0.21578,0.91606,0.66528,12.849,1,0.497926,0.36288,0,107.322,4.22179,102.965,0.84672,12.849,0.84672,3695.15,0,0,0,3.03404,2.16673,12.9175,0.95422,17.164,0.42336,0,0.42336,460.49,0,1.02816,0,0,4.0622,3.03404,1.028160,1,0,121.045,0,0,0,121.045,0
64.9368,2.42995,0,0,5.42943,0.264377,0.36288,3.6288,61.308,0.66528,0,0,2.20458,0.229284,1.31002,0.66528,12.849,1,0.499043,0.36288,0,85.5014,4.60519,80.7601,0.84672,12.849,0.84672,3695.15,0,0,0,3.98511,2.16673,13.1814,1.06469,18.2685,0.42336,0,0.42336,460.49,0,1.02816,0,0,5.01327,3.98511,1.028160,1,0,100.339,0,0,0,100.339,0
66.8353,2.44543,0,0,4.9763,0.269515,0.36288,3.6288,61.308,0.66528,0,0,1.77358,0.229284,0.87902,0.66528,12.849,1,0.483876,0.36288,0,136.112,4.60519,131.386,0.84672,12.849,0.84672,3695.15,0,0,0,2.75642,2.23069,11.4185,1.06469,15.341,0.42336,0,0.42336,460.49,0,1.02816,0,0,3.78458,2.75642,1.028160,1,0,147.606,0,0,0,147.606,0
68.0781,2.45723,0,0,4.33661,0.273627,0.36288,3.6288,61.308,0.66528,0,0,1.56765,0.229284,0.673086,0.66528,12.849,1,0.4724,0.36288,0,91.222,4.60519,86.5073,0.84672,12.849,0.84672,3695.15,0,0,0,2.95653,2.23089,9.1806,1.06469,13.3033,0.42336,0,0.42336,460.49,0,1.02816,0,0,3.98469,2.95653,1.028160,1,0,100.484,0,0,0,100.484,0
68.7253,2.46475,0,0,3.75459,0.279744,0.36288,3.6288,61.308,0.66528,0,0,1.32651,0.209265,0.451963,0.66528,12.849,1,0.465195,0.36288,0,83.8184,4.18074,79.5353,0.84672,12.849,0.84672,3695.15,0,0,0,2.38404,2.2311,8.03416,0.970759,11.6785,0.42336,0,0.42336,460.49,0,1.02816,0,0,3.4122,2.38404,1.028160,1,0,91.6658,0,0,0,91.6658,0
69.3415,2.73436,0,0,3.99457,0.2812,0.36288,3.6288,61.308,0.66528,0,0,1.30881,0.244297,0.399236,0.66528,12.849,1,0.51122,0.36288,0,87.6666,4.04229,83.476,0.84672,12.849,0.84672,3695.15,0,0,0,2.61605,2.2313,9.0739,1.05067,12.8706,0.42336,0,0.42336,460.49,0,1.02816,0,0,3.64421,2.61605,1.028160,1,0,96.7458,0,0,0,96.7458,0
69.2792,2.73849,0,0,3.3216,0.282551,0.36288,3.6288,61.308,0.66528,0,0,1.39243,0.244297,0.482854,0.66528,12.849,1,0.507442,0.36288,0,97.3633,4.04229,93.1764,0.84672,12.849,0.84672,3695.15,0,0,0,2.94002,2.46093,9.43281,1.05067,13.7831,0.42336,0,0.42336,460.49,0,1.02816,0,0,3.96818,2.94002,1.028160,1,0,107.442,0,0,0,107.442,0
70.4654,2.7384,0,0,4.57353,0.286005,0.36288,3.6288,61.308,0.66528,0,0,1.40063,0.236402,0.498949,0.66528,12.849,1,0.507882,0.36288,0,98.3301,3.90706,94.278,0.84672,12.849,0.84672,3695.15,0,0,0,2.92773,2.46116,11.3951,1.02295,15.7611,0.42336,0,0.42336,460.49,0,1.02816,0,0,3.95589,2.92773,1.028160,1,0,110.538,0,0,0,110.538,0
71.5585,2.74593,0,0,4.52005,0.318188,0.36288,3.6288,61.308,0.66528,0,0,1.67396,0.190362,0.818315,0.66528,12.849,1,0.500705,0.36288,0,108.841,3.13068,105.573,0.84672,12.849,0.84672,3695.15,0,0,0,3.35925,2.46138,14.4281,0.857009,19.3917,0.42336,0,0.42336,460.49,0,1.02816,0,0,4.38741,3.35925,1.028160,1,0,125.783,0,0,0,125.783,0
72.1268,2.37129,0,0,3.67062,0.368105,0.36288,3.6288,61.308,0.66528,0,0,1.3309,0.198359,0.467258,0.66528,12.849,1,0.425787,0.36288,0,60.3088,3.34047,56.9055,0.84672,12.849,0.84672,3695.15,0,0,0,2.59372,2.46161,9.48637,0.859175,13.6825,0.42336,0,0.42336,460.49,0,1.02816,0,0,3.62188,2.59372,1.028160,1,0,71.0553,0,0,0,71.0553,0
72.29,2.3744,0,0,4.18956,0.369701,1.28227,3.6288,61.308,0.66528,0,0,1.5793,0.198359,0.715658,0.66528,12.849,1,0.422986,1.28227,0,88.7395,3.34047,86.2584,0.84672,12.849,0.84672,3695.15,0,0,0,2.95671,2.14883,11.8001,0.859175,16.0465,0.42336,0,0.42336,460.49,0,1.02816,0,0,3.98487,2.95671,1.028160,1,0,103.02,0,0,0,103.02,0
72.29,2.37547,0,0,5.73493,0.37016,2.9893,3.6288,61.308,0.66528,0,0,1.49864,0.198359,0.635004,0.66528,12.849,1,0.422222,2.9893,0,116.919,3.34047,116.146,0.84672,12.849,0.84672,3695.15,0,0,0,2.93764,2.14903,13.3517,0.859175,17.5791,0.42336,0,0.42336,460.49,0,1.02816,0,0,3.9658,2.93764,1.028160,1,0,134.36,0,0,0,134.36,0
72.29,2.37573,0,0,4.39682,0.363993,1.6571,3.6288,61.308,0.66528,0,0,1.42284,0.231676,0.525879,0.66528,12.849,1,0.422268,1.6571,0,87.8334,4.08093,84.9873,0.84672,12.849,0.84672,3695.15,0,0,0,3.19544,2.14922,12.7273,1.06101,17.011,0.42336,0,0.42336,460.49,0,1.02816,0,0,4.2236,3.19544,1.028160,1,0,102.524,0,0,0,102.524,0
72.29,2.37599,0,0,4.43815,0.36033,1.70183,3.6288,61.308,0.66528,0,0,2.11015,0.235988,1.20888,0.66528,12.849,1,0.422314,1.70183,0,106.081,4.65805,102.703,0.84672,12.849,0.84672,3695.15,0,0,0,3.90015,2.14942,12.4121,1.19334,17.2684,0.42336,0,0.42336,460.49,0,1.02816,0,0,4.92831,3.90015,1.028160,1,0,121.18,0,0,0,121.18,0
72.29,2.47246,0,0,6.36319,0.297277,3.59346,3.6288,61.308,0.66528,0,0,1.93844,0.194026,1.07913,0.66528,12.849,1,0.43946,3.59346,0,152.359,4.17848,151.334,0.84672,12.849,0.84672,3695.15,0,0,0,4.6217,2.14962,16.2363,1.11558,21.892,0.42336,0,0.42336,460.49,0,1.02816,0,0,5.64986,4.6217,1.028160,1,0,174.305,0,0,0,174.305,0
72.29,2.47273,0,0,4.37124,0.297277,1.60124,3.6288,61.308,0.66528,0,0,1.34871,0.194026,0.489407,0.66528,12.849,1,0.439508,1.60124,0,148.609,4.17848,145.592,0.84672,12.849,0.84672,3695.15,0,0,0,2.64787,2.22702,10.6032,1.11558,14.3625,0.42336,0,0.42336,460.49,0,1.02816,0,0,3.67603,2.64787,1.028160,1,0,160.444,0,0,0,160.444,0
72.29,2.473,0,0,3.92088,0.297277,1.1506,3.6288,61.308,0.66528,0,0,1.2832,0.194026,0.42389,0.66528,12.849,1,0.439556,1.1506,0,96.1416,4.17848,92.6742,0.84672,12.849,0.84672,3695.15,0,0,0,2.56511,2.22722,9.87975,1.11558,13.5565,0.42336,0,0.42336,460.49,0,1.02816,0,0,3.59327,2.56511,1.028160,1,0,106.655,0,0,0,106.655,0
72.29,2.47327,0,0,4.06069,0.272175,1.31525,3.6288,61.308,0.66528,0,0,1.48549,0.221417,0.598795,0.66528,12.849,1,0.439604,1.31525,0,95.1359,4.54468,91.4669,0.84672,12.849,0.84672,3695.15,0,0,0,2.8255,2.22742,10.5678,1.14983,14.4709,0.42336,0,0.42336,460.49,0,1.02816,0,0,3.85366,2.8255,1.028160,1,0,106.537,0,0,0,106.537,0
72.29,2.43591,0,0,3.76416,0.23501,1.09325,3.6288,61.308,0.66528,0,0,1.50099,0.239123,0.596589,0.66528,12.849,1,0.432964,1.09325,0,85.8652,4.63491,81.8906,0.84672,12.849,0.84672,3695.15,0,0,0,2.43289,2.22763,8.74221,1.16133,12.2414,0.42336,0,0.42336,460.49,0,1.02816,0,0,3.46105,2.43289,1.028160,1,0,94.7285,0,0,0,94.7285,0
72.29,2.43617,0,0,3.3728,0.23501,0.701615,3.6288,61.308,0.66528,0,0,1.32631,0.239123,0.421906,0.66528,12.849,1,0.433011,0.701615,0,73.6957,4.63491,69.3294,0.84672,12.849,0.84672,3695.15,0,0,0,2.00714,2.19778,7.61599,1.16133,10.6596,0.42336,0,0.42336,460.49,0,1.02816,0,0,3.0353,2.00714,1.028160,1,0,80.4109,0,0,0,80.4109,0
72.29,2.43644,0,0,3.11861,0.213405,0.468764,3.6288,61.308,0.66528,0,0,1.2341,0.210679,0.358144,0.66528,12.849,1,0.433059,0.468764,0,69.9952,4.04511,65.9858,0.84672,12.849,0.84672,3695.15,0,0,0,1.85332,2.19798,6.86543,1.01174,9.90499,0.42336,0,0.42336,460.49,0,1.02816,0,0,2.88148,1.85332,1.028160,1,0,76.249,0,0,0,76.249,0
72.28,2.43671,0,0,2.99436,0.204764,0.36288,3.6288,61.308,0.66528,0,0,1.2557,0.199302,0.391121,0.66528,12.849,1,0.433106,0.36288,0,63.8634,3.80919,59.984,0.84672,12.849,0.84672,3695.15,0,0,0,2.28492,2.19818,7.19885,0.951907,10.73,0.42336,0,0.42336,460.49,0,1.02816,0,0,3.31308,2.28492,1.028160,1,0,71.1052,0,0,0,71.1052,0
71.6662,2.5647,0,0,2.50289,0.18909,0.36288,3.6288,61.308,0.66528,0,0,1.16633,0.224303,0.276748,0.66528,12.849,1,0.455919,0.36288,0,51.3002,5.19393,46.0132,0.84672,12.849,0.84672,3695.15,0,0,0,1.87337,2.19838,6.12968,1.08789,9.11353,0.42336,0,0.42336,460.49,0,1.02816,0,0,2.90153,1.87337,1.028160,1,0,55.4035,0,0,0,55.4035,0
70.9802,2.56167,0,0,2.42671,0.188209,0.36288,3.6288,61.308,0.66528,0,0,1.06658,0.224303,0.176999,0.66528,12.849,1,0.45928,0.36288,0,47.1623,5.19393,41.872,0.84672,12.849,0.84672,3695.15,0,0,0,1.55219,2.30393,5.70132,1.08789,8.46955,0.42336,0,0.42336,460.49,0,1.02816,0,0,2.58035,1.55219,1.028160,1,0,50.5185,0,0,0,50.5185,0
70.0601,2.55819,0,0,2.15972,0.158719,0.36288,3.6288,61.308,0.66528,0,0,1.01238,0.24319,0.103913,0.66528,12.849,1,0.463089,0.36288,0,41.7231,5.40813,36.2147,0.84672,12.849,0.84672,3695.15,0,0,0,1.44367,2.30415,5.54615,1.14262,8.15134,0.42336,0,0.42336,460.49,0,1.02816,0,0,2.47183,1.44367,1.028160,1,0,44.47,0,0,0,44.47,0
69.0523,2.55333,0,0,2.04475,0.136371,0.36288,3.6288,61.308,0.66528,0,0,0.970186,0.257355,0.0475504,0.66528,12.849,1,0.468279,0.36288,0,39.7555,5.56878,34.0813,0.84672,12.849,0.84672,3695.15,0,0,0,1.29769,2.30436,5.48497,1.18367,7.90336,0.42336,0,0.42336,460.49,0,1.02816,0,0,2.32585,1.29769,1.028160,1,0,42.0322,0,0,0,42.0322,0
68.3317,2.54784,0,0,2.30254,0.112418,0.36288,3.6288,61.3076,0.66528,0,0,0.93515,0.270294,0,0.66528,12.849,1,0.474093,0.36288,0,41.4385,5.39366,35.9336,0.84672,12.849,0.84672,3695.15,0,0,0,1.11321,2.30457,5.14765,1.26386,7.30157,0.42336,0,0.42336,460.49,0,1.02816,0,0,2.14137,1.11321,1.028160,1,0,43.2352,0,0,0,43.2352,0
67.7176,2.51885,0,0,2.37036,0.102682,0.36288,3.6288,61.2526,0.66528,0,0,0.885764,0.275468,0,0.66528,12.849,1,0.473641,0.36288,0,42.5755,5.32361,37.1411,0.84672,12.849,0.84672,3695.15,0,0,0,0.937958,2.30478,4.94116,1.29594,6.88796,0.42336,0,0.42336,460.49,0,1.02816,0,0,1.96612,0.937958,1.028160,1,0,44.0291,0,0,0,44.0291,0
66.9154,2.51551,0,0,2.1783,0.102189,0.36288,3.6288,61.1723,0.66528,0,0,0.860311,0.275373,0,0.66528,12.849,1,0.477303,0.36288,0,41.903,5.32361,36.465,0.84672,12.849,0.84672,3695.15,0,0,0,0.938779,2.34183,4.98255,1.29594,6.96723,0.42336,0,0.42336,460.49,0,1.02816,0,0,1.96694,0.938779,1.028160,1,0,43.4322,0,0,0,43.4322,0
65.9227,2.51098,0,0,1.98277,0.101544,0.36288,3.6288,61.0364,0.66528,0,0,0.804669,0.275233,0,0.66528,12.849,1,0.482156,0.36288,0,40.2268,5.32361,34.7839,0.84672,12.849,0.84672,3695.15,0,0,0,0.676089,2.34205,4.68064,1.29594,6.40284,0.42336,0,0.42336,460.49,0,1.02816,0,0,1.70425,0.676089,1.028160,1,0,41.1868,0,0,0,41.1868,0
64.7698,2.50518,0,0,1.80571,0.0905195,0.36288,3.6288,60.7974,0.66528,0,0,0.725881,0.29963,0,0.66528,12.849,1,0.488285,0.36288,0,34.0585,5.54219,28.3909,0.84672,12.849,0.84672,3695.15,0,0,0,0.558732,2.34226,4.24888,1.39473,5.75514,0.42336,0,0.42336,460.49,0,1.02816,0,0,1.58689,0.558732,1.028160,1,0,34.1461,0,0,0,34.1461,0
63.7054,2.56239,0,0,1.94092,0.080064,0.36288,3.6288,60.6355,0.66528,0,0,0.825803,0.322399,0,0.66528,12.849,1,0.508326,0.36288,0,38.0566,5.59461,32.3166,0.84672,12.849,0.84672,3695.15,0,0,0,0.658705,2.34248,4.21394,1.46137,5.75374,0.42336,0,0.42336,460.49,0,1.02816,0,0,1.68686,0.658705,1.028160,1,0,38.0703,0,0,0,38.0703,0
62.5148,2.5556,0,0,1.80722,0.0793783,0.36288,3.6288,60.3646,0.66528,0,0,0.716429,0.322068,0,0.66528,12.849,1,0.51545,0.36288,0,32.2235,5.59461,26.4763,0.84672,12.849,0.84672,3695.15,0,0,0,0.795277,2.39493,4.2528,1.46137,5.98164,0.42336,0,0.42336,460.49,0,1.02816,0,0,1.82344,0.795277,1.028160,1,0,32.4579,0,0,0,32.4579,0
61.1964,2.54774,0,0,1.67089,0.0786112,0.36288,3.6288,60.0422,0.66528,0,0,0.664381,0.321514,0,0.66528,12.849,1,0.52365,0.36288,0,30.8997,5.59461,25.1443,0.84672,12.849,0.84672,3695.15,0,0,0,0.573376,2.39515,3.69776,1.46137,5.20492,0.42336,0,0.42336,460.49,0,1.02816,0,0,1.60154,0.573376,1.028160,1,0,30.3492,0,0,0,30.3492,0
59.9296,2.53869,0,0,1.70802,0.0732735,0.36288,3.6288,59.7913,0.66528,0,0,0.737839,0.323424,0,0.66528,12.849,1,0.533031,0.36288,0,29.3886,5.66938,23.5491,0.84672,12.849,0.84672,3695.15,0,0,0,0.789471,2.39537,4.57384,1.47631,6.28237,0.42336,0,0.42336,460.49,0,1.02816,0,0,1.81763,0.789471,1.028160,1,0,29.8315,0,0,0,29.8315,0
58.9959,2.71526,0,0,2.22285,0.0784031,0.36288,3.6288,59.7047,0.66528,0,0,0.921827,0.343176,0,0.66528,12.849,1,0.582157,0.36288,0,33.1738,6.00068,26.9538,0.84672,12.849,0.84672,3695.15,0,0,0,1.08616,2.39559,4.75241,1.59038,6.64378,0.42336,0,0.42336,460.49,0,1.02816,0,0,2.11432,1.08616,1.028160,1,0,33.5976,0,0,0,33.5976,0
57.6211,2.70799,0,0,1.77909,0.0830818,0.36288,3.6288,59.4111,0.66528,0,0,0.715461,0.343799,0,0.66528,12.849,1,0.589786,0.36288,0,38.5245,5.98111,32.3164,0.84672,12.849,0.84672,3695.15,0,0,0,0.636448,2.57463,3.71783,1.59445,5.33446,0.42336,0,0.42336,460.49,0,1.02816,0,0,1.66461,0.636448,1.028160,1,0,37.6509,0,0,0,37.6509,0
56.5864,2.69678,0,0,2.10702,0.0819789,0.36288,3.6288,59.4947,0.66528,0,0,1.09212,0.343155,0,0.66528,12.849,1,0.601358,0.36288,0,33.0666,5.98111,26.847,0.84672,12.849,0.84672,3695.15,0,0,0,1.47588,2.57487,5.02759,1.59445,7.48389,0.42336,0,0.42336,460.49,0,1.02816,0,0,2.50404,1.47588,1.028160,1,0,34.3309,0,0,0,34.3309,0
55.2114,2.68811,0,0,1.76039,0.084484,0.36288,3.6288,59.308,0.66528,0,0,0.801472,0.322891,0,0.66528,12.849,1,0.610384,0.36288,0,30.175,5.42658,24.5009,0.84672,12.849,0.84672,3695.15,0,0,0,0.947436,2.57511,5.20882,1.37859,7.35278,0.42336,0,0.42336,460.49,0,1.02816,0,0,1.9756,0.947436,1.028160,1,0,31.8537,0,0,0,31.8537,0
54.1387,2.67606,0,0,2.1002,0.133914,0.36288,3.6288,59.4024,0.66528,0,0,1.04045,0.280828,0,0.66528,12.849,1,0.622783,0.36288,0,43.2678,4.63686,38.3711,0.84672,12.849,0.84672,3695.15,0,0,0,2.06068,2.57535,8.28135,1.19088,11.7265,0.42336,0,0.42336,460.49,0,1.02816,0,0,3.08884,2.06068,1.028160,1,0,50.0976,0,0,0,50.0976,0
53.6404,2.57757,0,0,2.60887,0.166746,0.36288,3.6288,59.7872,0.66528,0,0,1.32022,0.270156,0,0.66528,12.849,1,0.611746,0.36288,0,52.6447,4.5991,47.7968,0.84672,12.849,0.84672,3695.15,0,0,0,3.27983,2.57558,9.94542,1.26597,14.5349,0.42336,0,0.42336,460.49,0,1.02816,0,0,4.30799,3.27983,1.028160,1,0,62.3316,0,0,0,62.3316,0
52.6836,2.57326,0,0,2.14521,0.165904,0.36288,3.6288,60.6963,0.66528,0,0,1.84526,0.270821,0,0.66528,12.849,1,0.616398,0.36288,0,51.1058,4.5991,46.2532,0.84672,12.849,0.84672,3695.15,0,0,0,6.32165,2.47228,11.2288,1.26597,18.7568,0.42336,0,0.42336,460.49,0,1.02816,0,0,7.34981,6.32165,1.028160,1,0,65.0099,0,0,0,65.0099,0
51.3719,2.56454,0,0,1.78,0.164288,0.36288,3.6288,60.7511,0.66528,0,0,0.992468,0.272393,0,0.66528,12.849,1,0.625466,0.36288,0,48.9665,4.5991,44.1048,0.84672,12.849,0.84672,3695.15,0,0,0,2.77682,2.47251,8.3624,1.26597,12.3458,0.42336,0,0.42336,460.49,0,1.02816,0,0,3.80498,2.77682,1.028160,1,0,56.4506,0,0,0,56.4506,0
50.513,2.55204,0,0,2.26146,0.205434,0.36288,3.6288,60.9216,0.66528,0,0,1.06527,0.22947,0,0.66528,12.849,1,0.63831,0.36288,0,55.0147,4.04381,50.6954,0.84672,12.849,0.84672,3695.15,0,0,0,2.74561,2.47274,8.29024,1.08792,12.4207,0.42336,0,0.42336,460.49,0,1.02816,0,0,3.77377,2.74561,1.028160,1,0,63.1161,0,0,0,63.1161,0
51.8835,2.47173,0,0,4.44012,0.234971,0.36288,3.6288,61.308,0.66528,0,0,1.93875,0.183075,0.704035,0.66528,12.849,1,0.628734,0.36288,0,91.2877,3.61882,87.403,0.84672,12.849,0.84672,3695.15,0,0,0,2.66788,2.47296,10.7132,0.928214,14.9259,0.42336,0,0.42336,460.49,0,1.02816,0,0,3.69604,2.66788,1.028160,1,0,103.033,0,0,0,103.033,0
53.2895,2.48531,0,0,4.49252,0.238358,0.36288,3.6288,61.308,0.66528,0,0,2.74929,0.183523,1.90049,0.66528,12.849,1,0.615489,0.36288,0,78.4987,3.61882,74.6273,0.84672,12.849,0.84672,3695.15,0,0,0,3.09515,2.38075,11.9863,0.928214,16.534,0.42336,0,0.42336,460.49,0,1.02816,0,0,4.12331,3.09515,1.028160,1,0,93.0617,0,0,0,93.0617,0
54.5515,2.49866,0,0,4.36537,0.241833,0.36288,3.6288,61.308,0.66528,0,0,2.10996,0.183523,1.26115,0.66528,12.849,1,0.60247,0.36288,0,116.032,3.61882,112.173,0.84672,12.849,0.84672,3695.15,0,0,0,2.91356,2.38097,17.4125,0.928214,21.7788,0.42336,0,0.42336,460.49,0,1.02816,0,0,3.94172,2.91356,1.028160,1,0,135.213,0,0,0,135.213,0
54.9592,2.51022,0,0,3.54009,0.259275,0.36288,3.6288,61.308,0.66528,0,0,1.57256,0.180072,0.727206,0.66528,12.849,1,0.591254,0.36288,0,121.837,3.89854,117.71,0.84672,12.849,0.84672,3695.15,0,0,0,2.17889,2.38119,11.5419,0.987981,15.114,0.42336,0,0.42336,460.49,0,1.02816,0,0,3.20705,2.17889,1.028160,1,0,133.551,0,0,0,133.551,0
55.2784,2.30625,0,0,3.24707,0.258706,0.36288,3.6288,61.308,0.66528,0,0,1.71368,0.186815,0.861588,0.66528,12.849,1,0.539182,0.36288,0,108.06,4.01212,103.872,0.84672,12.849,0.84672,3695.15,0,0,0,2.19091,2.3814,13.5417,1.05344,17.0606,0.42336,0,0.42336,460.49,0,1.02816,0,0,3.21907,2.19091,1.028160,1,0,121.794,0,0,0,121.794,0
57.023,2.30903,0,0,4.66973,0.25325,0.36288,3.6288,61.308,0.66528,0,0,3.2927,0.189377,2.43805,0.66528,12.849,1,0.536714,0.36288,0,126.554,3.91451,122.466,0.84672,12.849,0.84672,3695.15,0,0,0,3.7334,2.17621,17.6205,1.03945,22.4907,0.42336,0,0.42336,460.49,0,1.02816,0,0,4.76156,3.7334,1.028160,1,0,147.395,0,0,0,147.395,0
59.2967,2.32268,0,0,5.21696,0.257675,0.36288,3.6288,61.308,0.66528,0,0,1.9477,0.189377,1.09304,0.66528,12.849,1,0.523371,0.36288,0,153.949,3.91451,149.874,0.84672,12.849,0.84672,3695.15,0,0,0,2.71286,2.17641,11.5697,1.03945,15.4196,0.42336,0,0.42336,460.49,0,1.02816,0,0,3.74102,2.71286,1.028160,1,0,166.387,0,0,0,166.387,0
61.4282,2.33943,0,0,5.0972,0.263443,0.36288,3.6288,61.308,0.66528,0,0,2.1379,0.189377,1.28324,0.66528,12.849,1,0.506932,0.36288,0,89.8983,3.91451,85.8398,0.84672,12.849,0.84672,3695.15,0,0,0,3.42423,2.1766,13.0366,1.03945,17.598,0.42336,0,0.42336,460.49,0,1.02816,0,0,4.45239,3.42423,1.028160,1,0,104.721,0,0,0,104.721,0
64.707,2.35424,0,0,6.25695,0.260971,0.36288,3.6288,61.308,0.66528,0,0,3.57737,0.189196,2.72289,0.66528,12.849,1,0.492439,0.36288,0,98.7289,3.88593,94.7134,0.84672,12.849,0.84672,3695.15,0,0,0,3.85868,2.1768,13.2084,1.06944,18.1744,0.42336,0,0.42336,460.49,0,1.02816,0,0,4.88684,3.85868,1.028160,1,0,115.611,0,0,0,115.611,0
69.242,2.45762,0,0,7.62048,0.265017,0.36288,3.6288,61.308,0.66528,0,0,3.20007,0.162131,2.37265,0.66528,12.849,1,0.488015,0.36288,0,172.845,3.32325,169.397,0.84672,12.849,0.84672,3695.15,0,0,0,6.26728,2.177,19.1312,0.934002,26.6415,0.42336,0,0.42336,460.49,0,1.02816,0,0,7.29544,6.26728,1.028160,1,0,198.411,0,0,0,198.411,0
73.4366,2.48483,0,0,7.31703,0.274693,0.36288,3.6288,61.308,0.66528,0,0,2.31492,0.162131,1.4875,0.66528,12.849,1,0.461102,0.36288,0,180.486,3.32325,177.065,0.84672,12.849,0.84672,3695.15,0,0,0,4.87837,2.24127,14.9564,0.934002,21.1421,0.42336,0,0.42336,460.49,0,1.02816,0,0,5.90653,4.87837,1.028160,1,0,199.694,0,0,0,199.694,0
80.7631,2.5075,0,0,10.5794,0.382563,0.36288,3.6288,61.308,0.66528,0,0,3.31878,0.17321,2.48029,0.66528,12.849,1,0.43873,0.36288,0,253.058,3.57021,249.412,0.84672,12.849,0.84672,3695.15,0,0,0,7.02597,2.24146,22.8679,0.953611,31.1817,0.42336,0,0.42336,460.49,0,1.02816,0,0,8.05413,7.02597,1.028160,1,0,283.074,0,0,0,283.074,0
88.1836,2.54209,0,0,10.7246,0.399112,0.36288,3.6288,61.308,0.66528,0,0,3.94852,0.190567,3.09268,0.66528,12.849,1,0.404434,0.36288,0,294.776,4.05408,290.68,0.84672,12.849,0.84672,3695.15,0,0,0,7.67629,2.24165,21.3189,0.974454,30.2623,0.42336,0,0.42336,460.49,0,1.02816,0,0,8.70445,7.67629,1.028160,1,0,324.035,0,0,0,324.035,0
92.2951,2.84867,0,0,7.75475,0.431647,0.36288,3.6288,61.308,0.66528,0,0,2.57856,0.209607,1.70367,0.66528,12.849,1,0.415072,0.36288,0,236.391,3.71139,232.628,0.84672,12.849,0.84672,3695.15,0,0,0,5.58677,2.24183,16.9717,1.0579,23.7424,0.42336,0,0.42336,460.49,0,1.02816,0,0,6.61493,5.58677,1.028160,1,0,258.074,0,0,0,258.074,0
95.1316,2.86519,0,0,6.52173,0.457177,0.36288,3.6288,61.308,0.66528,0,0,2.1659,0.201878,1.29874,0.66528,12.849,1,0.398881,0.36288,0,191.474,3.5826,187.855,0.84672,12.849,0.84672,3695.15,0,0,0,4.37618,2.47262,12.336,1.02779,18.157,0.42336,0,0.42336,460.49,0,1.02816,0,0,5.40434,4.37618,1.028160,1,0,207.311,0,0,0,207.311,0
97.506,2.87595,0,0,7.68874,0.468418,1.96999,3.6288,61.308,0.66528,0,0,2.46571,0.201878,1.59855,0.66528,12.849,1,0.388442,1.96999,0,227.448,3.5826,225.447,0.84672,12.849,0.84672,3695.15,0,0,0,5.73962,2.47283,16.1117,1.02779,23.2964,0.42336,0,0.42336,460.49,0,1.02816,0,0,6.76778,5.73962,1.028160,1,0,250.342,0,0,0,250.342,0
97.506,2.88459,0,0,10.7057,0.455499,7.36556,3.6288,61.308,0.66528,0,0,4.19412,0.229542,3.29929,0.66528,12.849,1,0.380122,7.36556,0,262.769,4.2378,265.517,0.84672,12.849,0.84672,3695.15,0,0,0,9.53735,2.47304,28.8981,1.23277,39.6757,0.42336,0,0.42336,460.49,0,1.02816,0,0,10.5655,9.53735,1.028160,1,0,308.492,0,0,0,308.492,0
97.506,2.48534,0,0,5.9298,0.559565,2.8849,3.6288,61.308,0.66528,0,0,1.42148,0.222766,0.533433,0.66528,12.849,1,0.327509,2.8849,0,120.716,4.18866,119.085,0.84672,12.849,0.84672,3695.15,0,0,0,1.51729,2.47325,7.37623,1.06461,10.3022,0.42336,0,0.42336,460.49,0,1.02816,0,0,2.54545,1.51729,1.028160,1,0,129.921,0,0,0,129.921,0
97.506,2.48559,0,0,6.30682,0.559565,3.26167,3.6288,61.308,0.66528,0,0,2.65424,0.222766,1.7662,0.66528,12.849,1,0.327542,3.26167,0,149.773,4.18866,148.518,0.84672,12.849,0.84672,3695.15,0,0,0,2.84897,2.15887,10.6292,1.06461,14.5724,0.42336,0,0.42336,460.49,0,1.02816,0,0,3.87713,2.84897,1.028160,1,0,164.857,0,0,0,164.857,0
97.506,2.48584,0,0,5.20027,0.559565,2.15487,3.6288,61.308,0.66528,0,0,1.55945,0.222766,0.671405,0.66528,12.849,1,0.327575,2.15487,0,113.066,4.18866,110.705,0.84672,12.849,0.84672,3695.15,0,0,0,1.8261,2.15905,7.63379,1.06461,10.5543,0.42336,0,0.42336,460.49,0,1.02816,0,0,2.85426,1.8261,1.028160,1,0,121.931,0,0,0,121.931,0
97.506,2.48609,0,0,4.70931,0.559565,1.66366,3.6288,61.308,0.66528,0,0,2.4096,0.222766,1.52155,0.66528,12.849,1,0.327608,1.66366,0,120.614,4.18866,117.761,0.84672,12.849,0.84672,3695.15,0,0,0,3.81872,2.15923,12.9212,1.06461,17.8345,0.42336,0,0.42336,460.49,0,1.02816,0,0,4.84688,3.81872,1.028160,1,0,137.117,0,0,0,137.117,0
97.506,2.48634,0,0,6.16366,0.560906,3.11642,3.6288,61.308,0.66528,0,0,2.37842,0.193065,1.52007,0.66528,12.849,1,0.327641,3.11642,0,128.161,4.00213,126.947,0.84672,12.849,0.84672,3695.15,0,0,0,3.00759,2.15941,11.4379,1.01297,15.5919,0.42336,0,0.42336,460.49,0,1.02816,0,0,4.03575,3.00759,1.028160,1,0,144.059,0,0,0,144.059,0
97.506,2.5872,0,0,6.93797,0.552766,3.798,3.6288,61.308,0.66528,0,0,5.46484,0.184664,4.6149,0.66528,12.849,1,0.340933,3.798,0,119.108,3.88878,118.677,0.84672,12.849,0.84672,3695.15,0,0,0,5.11799,2.15959,10.9772,1.00617,17.2486,0.42336,0,0.42336,460.49,0,1.02816,0,0,6.14615,5.11799,1.028160,1,0,140.54,0,0,0,140.54,0
97.506,2.58746,0,0,6.45346,0.552766,3.31323,3.6288,61.308,0.66528,0,0,6.40202,0.184664,5.55208,0.66528,12.849,1,0.340967,3.31323,0,135.156,3.88878,134.239,0.84672,12.849,0.84672,3695.15,0,0,0,5.24444,2.23736,15.9874,1.00617,22.463,0.42336,0,0.42336,460.49,0,1.02816,0,0,6.2726,5.24444,1.028160,1,0,162.254,0,0,0,162.254,0
97.506,2.58772,0,0,4.64648,0.547796,1.51096,3.6288,61.308,0.66528,0,0,4.73811,0.176764,3.89606,0.66528,12.849,1,0.341001,1.51096,0,141.934,3.67295,139.431,0.84672,12.849,0.84672,3695.15,0,0,0,5.86694,2.23755,10.348,0.975972,17.4765,0.42336,0,0.42336,460.49,0,1.02816,0,0,6.8951,5.86694,1.028160,1,0,160.804,0,0,0,160.804,0
97.506,2.58798,0,0,4.05175,0.458613,1.00516,3.6288,61.308,0.66528,0,0,3.24957,0.161078,2.42321,0.66528,12.849,1,0.341035,1.00516,0,101.231,3.06988,98.8257,0.84672,12.849,0.84672,3695.15,0,0,0,4.27883,2.23774,8.424,0.934452,14.0061,0.42336,0,0.42336,460.49,0,1.02816,0,0,5.30699,4.27883,1.028160,1,0,115.255,0,0,0,115.255,0
97.506,2.54889,0,0,4.19422,0.365237,1.28009,3.6288,61.308,0.66528,0,0,2.21253,0.205831,1.34142,0.66528,12.849,1,0.335884,1.28009,0,86.3896,4.35383,82.98,0.84672,12.849,0.84672,3695.15,0,0,0,2.6129,2.23793,7.83838,1.15881,11.5304,0.42336,0,0.42336,460.49,0,1.02816,0,0,3.64106,2.6129,1.028160,1,0,95.8518,0,0,0,95.8518,0
97.506,2.54914,0,0,3.75813,0.365237,0.843751,3.6288,61.308,0.66528,0,0,1.95503,0.205831,1.08392,0.66528,12.849,1,0.335917,0.843751,0,74.1468,4.35383,70.3008,0.84672,12.849,0.84672,3695.15,0,0,0,2.16499,2.20791,6.82862,1.15881,10.0427,0.42336,0,0.42336,460.49,0,1.02816,0,0,3.19315,2.16499,1.028160,1,0,81.4274,0,0,0,81.4274,0
97.506,2.5494,0,0,3.47491,0.328092,0.597421,3.6288,61.308,0.66528,0,0,1.81911,0.177386,0.976442,0.66528,12.849,1,0.335951,0.597421,0,70.4255,3.76403,66.923,0.84672,12.849,0.84672,3695.15,0,0,0,2.00318,2.20809,6.1557,1.00922,9.35776,0.42336,0,0.42336,460.49,0,1.02816,0,0,3.03134,2.00318,1.028160,1,0,77.2572,0,0,0,77.2572,0
97.506,2.54966,0,0,3.33645,0.313233,0.473559,3.6288,61.308,0.66528,0,0,1.85097,0.166009,1.01968,0.66528,12.849,1,0.335985,0.473559,0,64.254,3.52811,60.8634,0.84672,12.849,0.84672,3695.15,0,0,0,2.45722,2.20828,6.45464,0.94938,10.1708,0.42336,0,0.42336,460.49,0,1.02816,0,0,3.48538,2.45722,1.028160,1,0,72.0539,0,0,0,72.0539,0
97.506,2.68355,0,0,3.6545,0.25822,0.712736,3.6288,61.308,0.66528,0,0,1.77594,0.207799,0.902864,0.66528,12.849,1,0.353629,0.712736,0,66.9893,4.62637,62.722,0.84672,12.849,0.84672,3695.15,0,0,0,1.91868,2.20846,6.60079,1.07199,9.65593,0.42336,0,0.42336,460.49,0,1.02816,0,0,2.94684,1.91868,1.028160,1,0,73.2808,0,0,0,73.2808,0
97.506,2.68382,0,0,3.66203,0.249052,0.729162,3.6288,61.308,0.66528,0,0,1.70845,0.214764,0.828403,0.66528,12.849,1,0.353664,0.729162,0,64.7611,4.80942,60.3272,0.84672,12.849,0.84672,3695.15,0,0,0,1.87357,2.31453,6.233,1.09243,9.32867,0.42336,0,0.42336,460.49,0,1.02816,0,0,2.90173,1.87357,1.028160,1,0,70.4843,0,0,0,70.4843,0
97.4695,2.68408,0,0,3.28487,0.274415,0.36288,3.6288,61.308,0.66528,0,0,1.62911,0.210814,0.753013,0.66528,12.849,1,0.353699,0.36288,0,61.1602,4.55557,56.6138,0.84672,12.849,0.84672,3695.15,0,0,0,1.8898,2.31473,5.74068,1.10222,8.84299,0.42336,0,0.42336,460.49,0,1.02816,0,0,2.91796,1.8898,1.028160,1,0,66.2098,0,0,0,66.2098,0
97.3071,2.68424,0,0,3.13558,0.250851,0.36288,3.6288,61.308,0.66528,0,0,1.61177,0.217999,0.728495,0.66528,12.849,1,0.353852,0.36288,0,56.7994,4.31328,52.4951,0.84672,12.849,0.84672,3695.15,0,0,0,1.94028,2.31492,5.4962,1.14384,8.60755,0.42336,0,0.42336,460.49,0,1.02816,0,0,2.96844,1.94028,1.028160,1,0,61.8312,0,0,0,61.8312,0
96.5698,2.68398,0,0,2.50002,0.190463,0.36288,3.6288,61.308,0.66528,0,0,1.26749,0.245238,0.35697,0.66528,12.849,1,0.354409,0.36288,0,41.2056,4.56222,36.6519,0.84672,12.849,0.84672,3695.15,0,0,0,0.837933,2.31511,3.69477,1.10365,5.74417,0.42336,0,0.42336,460.49,0,1.02816,0,0,1.86609,0.837933,1.028160,1,0,42.753,0,0,0,42.753,0
95.4977,2.65545,0,0,2.14764,0.201394,0.36288,3.6288,61.1827,0.841242,0,0,0.969175,0.253215,0,0.66528,12.849,1,0.353319,0.36288,0,30.3502,4.65276,25.707,0.84672,12.849,0.84672,3695.15,0,0,0,0.30119,2.31531,2.4591,1.04494,4.03066,0.42336,0,0.42336,460.49,0,0.852198,0,0,1.15339,0.30119,1.028160,1,0,29.7376,0,0,0,29.7376,0
94.3479,2.65222,0,0,2.0487,0.183413,0.36288,3.6288,61.0662,0.794128,0,0,0.946149,0.268547,0,0.66528,12.849,1,0.35685,0.36288,0,28.54,4.86993,23.6761,0.84672,12.849,0.84672,3695.15,0,0,0,0.261274,2.35253,2.46306,1.11844,3.95843,0.42336,0,0.42336,460.49,0,0.899312,0,0,1.16059,0.261274,1.028160,1,0,27.6345,0,0,0,27.6345,0
92.9871,2.64866,0,0,1.79285,0.142103,0.36288,3.6288,60.75,0.907036,0,0,0.893955,0.303138,0,0.66528,12.849,1,0.360714,0.36288,0,26.8178,5.61625,21.2037,0.84672,12.849,0.84672,3695.15,0,0,0,0.261274,2.35273,2.39686,1.37763,3.63323,0.42336,0,0.42336,460.49,0,0.786404,0,0,1.04768,0.261274,1.028160,1,0,24.8369,0,0,0,24.8369,0
91.5652,2.64429,0,0,1.72479,0.139509,0.36288,3.6288,60.4417,0.873815,0,0,0.865495,0.299989,0,0.66528,12.849,1,0.365389,0.36288,0,24.4612,5.90984,18.5489,0.84672,12.849,0.84672,3695.15,0,0,0,0.261274,2.35293,2.32744,1.46557,3.47607,0.42336,0,0.42336,460.49,0,0.819625,0,0,1.0809,0.261274,1.028160,1,0,22.025,0,0,0,22.025,0
90.342,2.70737,0,0,1.97519,0.128149,0.36288,3.6288,60.3271,0.88744,0,0,1.08902,0.316158,0,0.66528,12.849,1,0.379914,0.36288,0,30.7358,6.04411,24.6747,0.84672,12.849,0.84672,3695.15,0,0,0,0.261274,2.35313,2.43132,1.38967,3.65605,0.42336,0,0.42336,460.49,0,0.806,0,0,1.06727,0.261274,1.028160,1,0,28.3307,0,0,0,28.3307,0
88.9675,2.70313,0,0,1.81827,0.126782,0.36288,3.6288,60.1117,0.822727,0,0,0.923227,0.315928,0,0.66528,12.849,1,0.384456,0.36288,0,25.2461,6.04411,19.1804,0.84672,12.849,0.84672,3695.15,0,0,0,0.261274,2.40582,2.35087,1.38967,3.62829,0.42336,0,0.42336,460.49,0,0.870713,0,0,1.13199,0.261274,1.028160,1,0,22.8087,0,0,0,22.8087,0
87.4461,2.69821,0,0,1.6649,0.125245,0.36288,3.6288,59.6981,0.953199,0,0,0.855118,0.315495,0,0.66528,12.849,1,0.389685,0.36288,0,23.9964,6.04411,17.9255,0.84672,12.849,0.84672,3695.15,0,0,0,0.227405,2.40603,2.06639,1.38967,3.31015,0.42336,0,0.42336,460.49,0,0.740241,0,0,0.967645,0.227405,1.028160,1,0,21.2356,0,0,0,21.2356,0
86.0416,2.69257,0,0,1.75909,0.108098,0.36288,3.6288,59.6003,0.759655,0,0,0.981668,0.319791,0,0.66528,12.849,1,0.395636,0.36288,0,23.5347,6.19367,17.3082,0.84672,12.849,0.84672,3695.15,0,0,0,0.227405,2.40623,2.73357,1.41955,3.94765,0.42336,0,0.42336,460.49,0,0.933785,0,0,1.16119,0.227405,1.028160,1,0,21.2559,0,0,0,21.2559,0
84.2744,2.88426,0,0,1.6025,0.122551,0.36288,3.6288,59.0854,1.0499,0,0,0.852362,0.317407,0,0.66528,12.849,1,0.43072,0.36288,0,20.5369,6.29249,14.1766,0.84672,12.849,0.84672,3695.15,0,0,0,0.227405,2.40643,2.66342,1.49637,3.80088,0.42336,0,0.42336,460.49,0,0.643542,0,0,0.870947,0.227405,1.028160,1,0,17.9775,0,0,0,17.9775,0
82.5567,2.87671,0,0,1.63264,0.110788,0.36288,3.6288,58.6509,1.02188,0,0,0.924273,0.336805,0,0.66528,12.849,1,0.4386,0.36288,0,22.5116,6.5078,15.9281,0.84672,12.849,0.84672,3695.15,0,0,0,0.227405,2.58633,2.4336,1.55017,3.69717,0.42336,0,0.42336,460.49,0,0.671561,0,0,0.898966,0.227405,1.028160,1,0,19.6253,0,0,0,19.6253,0
80.5256,2.86909,0,0,1.30992,0.109015,0.36288,3.6288,57.8652,1.17672,0,0,0.726788,0.335867,0,0.66528,12.849,1,0.446541,0.36288,0,26.4785,6.5078,19.887,0.84672,12.849,0.84672,3695.15,0,0,0,0.204422,2.58655,2.02158,1.55017,3.26238,0.42336,0,0.42336,460.49,0,0.516724,0,0,0.721146,0.204422,1.028160,1,0,23.1494,0,0,0,23.1494,0
78.7475,2.85966,0,0,1.55137,0.106919,0.36288,3.6288,57.8273,0.813069,0,0,1.10942,0.33417,0,0.66528,12.849,1,0.4563,0.36288,0,22.7272,6.5078,16.126,0.84672,12.849,0.84672,3695.15,0,0,0,0.204422,2.58677,2.73377,1.55017,3.9748,0.42336,0,0.42336,460.49,0,0.880371,0,0,1.08479,0.204422,1.028160,1,0,20.1008,0,0,0,20.1008,0
78.1109,2.85109,0,0,2.71271,0.135377,0.36288,3.6288,58.2709,0.766264,0,0,1.54221,0.332328,0,0.66528,12.849,1,0.465204,0.36288,0,36.4411,6.35754,29.9812,0.84672,12.849,0.84672,3695.15,0,0,0,0.204422,2.58699,4.98548,1.57439,6.2025,0.42336,0,0.42336,460.49,0,0.927176,0,0,1.1316,0.204422,1.028160,1,0,36.1837,0,0,0,36.1837,0
77.4561,2.75329,0,0,2.63601,0.17467,0.36288,3.6288,59.1137,0.66528,0,0,1.83896,0.330928,0,0.66528,12.849,1,0.452908,0.36288,0,55.546,6.1572,49.2987,0.84672,12.849,0.84672,3695.15,0,0,0,0.313848,2.5872,5.4063,1.60668,6.70067,0.42336,0,0.42336,460.49,0,1.02816,0,0,1.34201,0.313848,1.028160,1,0,55.9994,0,0,0,55.9994,0
79.152,2.75028,0,0,4.98265,0.173539,0.36288,3.6288,61.2676,0.66528,0,0,3.15192,0.332725,0,0.66528,12.849,1,0.456238,0.36288,0,66.2186,6.1572,59.968,0.84672,12.849,0.84672,3695.15,0,0,0,1.50667,2.48338,9.26726,1.60668,11.6506,0.42336,0,0.42336,460.49,0,1.02816,0,0,2.53483,1.50667,1.028160,1,0,71.6187,0,0,0,71.6187,0
78.0879,2.75897,0,0,2.2342,0.176467,0.36288,3.6288,61.308,0.66528,0,0,1.78819,0.33732,0.745208,0.66528,12.849,1,0.447872,0.36288,0,50.3503,6.1572,44.1081,0.84672,12.849,0.84672,3695.15,0,0,0,0.267581,2.48359,4.7651,1.60668,5.90959,0.42336,0,0.42336,460.49,0,1.02816,0,0,1.29574,0.267581,1.028160,1,0,50.7629,0,0,0,50.7629,0
77.5564,2.754,0,0,2.79817,0.212743,0.36288,3.6288,61.308,0.66528,0,0,2.2628,0.334806,1.26271,0.66528,12.849,1,0.453158,0.36288,0,48.0368,5.97673,41.9697,0.84672,12.849,0.84672,3695.15,0,0,0,0.32584,2.4838,5.82963,1.57952,7.05975,0.42336,0,0.42336,460.49,0,1.02816,0,0,1.354,0.32584,1.028160,1,0,50.2922,0,0,0,50.2922,0
75.6977,2.67383,0,0,1.55695,0.37896,0.36288,3.6288,61.308,0.66528,0,0,1.05859,0.243494,0.149812,0.66528,12.849,1,0.442981,0.36288,0,36.2541,4.27812,31.8959,0.84672,12.849,0.84672,3695.15,0,0,0,0.368012,2.48401,6.54492,1.05912,8.33783,0.42336,0,0.42336,460.49,0,1.02816,0,0,1.39617,0.368012,1.028160,1,0,40.3835,0,0,0,40.3835,0
73.975,2.66479,0,0,1.67695,0.37196,0.36288,3.6288,60.7596,1.08941,0,0,0.784531,0.243494,0,0.66528,12.849,1,0.452325,0.36288,0,37.9198,4.27812,33.5523,0.84672,12.849,0.84672,3695.15,0,0,0,0.216518,2.39134,5.97809,1.05912,7.52682,0.42336,0,0.42336,460.49,0,0.604031,0,0,0.820549,0.216518,1.028160,1,0,41.0791,0,0,0,41.0791,0
74.7544,2.65608,0,0,4.16381,0.365472,0.36288,3.6288,61.308,0.66528,0,0,2.08084,0.24265,0.624539,0.66528,12.849,1,0.461345,0.36288,0,62.6137,4.27812,58.2371,0.84672,12.849,0.84672,3695.15,0,0,0,1.24019,2.39154,9.14501,1.05912,11.7176,0.42336,0,0.42336,460.49,0,1.02816,0,0,2.26835,1.24019,1.028160,1,0,70.5793,0,0,0,70.5793,0
77.1581,2.66045,0,0,5.79541,0.368407,0.36288,3.6288,61.308,0.66528,0,0,2.88571,0.243494,1.97693,0.66528,12.849,1,0.457287,0.36288,0,94.503,4.27812,90.1305,0.84672,12.849,0.84672,3695.15,0,0,0,3.03165,2.39174,12.3857,1.05912,16.75,0.42336,0,0.42336,460.49,0,1.02816,0,0,4.05981,3.03165,1.028160,1,0,108.857,0,0,0,108.857,0
78.8236,2.45211,0,0,4.90418,0.423612,0.36288,3.6288,61.308,0.66528,0,0,2.56019,0.2296,1.66531,0.66528,12.849,1,0.408345,0.36288,0,72.6824,4.24875,68.3881,0.84672,12.849,0.84672,3695.15,0,0,0,1.0421,2.39194,7.62134,1.1135,9.94188,0.42336,0,0.42336,460.49,0,1.02816,0,0,2.07026,1.0421,1.028160,1,0,79.9953,0,0,0,79.9953,0
78.984,2.45977,0,0,3.40402,0.421039,0.36288,3.6288,61.308,0.66528,0,0,2.6681,0.217566,1.78526,0.66528,12.849,1,0.400966,0.36288,0,77.8896,4.40895,73.4426,0.84672,12.849,0.84672,3695.15,0,0,0,1.25562,2.18575,6.9027,1.19464,9.14942,0.42336,0,0.42336,460.49,0,1.02816,0,0,2.28378,1.25562,1.028160,1,0,84.3772,0,0,0,84.3772,0
79.9537,2.46072,0,0,4.21194,0.418589,0.36288,3.6288,61.308,0.66528,0,0,2.5752,0.218301,1.69162,0.66528,12.849,1,0.400307,0.36288,0,68.7823,4.30269,64.4422,0.84672,12.849,0.84672,3695.15,0,0,0,1.08006,2.18593,9.37505,1.18151,11.4595,0.42336,0,0.42336,460.49,0,1.02816,0,0,2.10822,1.08006,1.028160,1,0,77.5934,0,0,0,77.5934,0
81.9769,2.46515,0,0,5.25715,0.40591,0.36288,3.6288,61.308,0.66528,0,0,2.91128,0.227282,2.01872,0.66528,12.849,1,0.396163,0.36288,0,97.7391,4.03995,93.6659,0.84672,12.849,0.84672,3695.15,0,0,0,1.68406,2.18611,9.56301,1.12956,12.3036,0.42336,0,0.42336,460.49,0,1.02816,0,0,2.71222,1.68406,1.028160,1,0,107.988,0,0,0,107.988,0
86.4813,2.47385,0,0,7.74437,0.40328,0.36288,3.6288,61.308,0.66528,0,0,4.01191,0.225153,3.12147,0.66528,12.849,1,0.38775,0.36288,0,132.203,4.10102,128.077,0.84672,12.849,0.84672,3695.15,0,0,0,3.69887,2.1863,12.6338,1.07453,17.4445,0.42336,0,0.42336,460.49,0,1.02816,0,0,4.72703,3.69887,1.028160,1,0,148.643,0,0,0,148.643,0
89.5483,2.57798,0,0,6.39648,0.388549,0.36288,3.6288,61.308,0.66528,0,0,1.34194,0.211262,0.465397,0.66528,12.849,1,0.383025,0.36288,0,169.36,3.55089,165.789,0.84672,12.849,0.84672,3695.15,0,0,0,0.979283,2.18648,10.1164,0.886644,12.3955,0.42336,0,0.42336,460.49,0,1.02816,0,0,2.00744,0.979283,1.028160,1,0,178.65,0,0,0,178.65,0
90.9196,2.58969,0,0,4.72324,0.399427,0.36288,3.6288,61.308,0.66528,0,0,1.19357,0.211262,0.317031,0.66528,12.849,1,0.371586,0.36288,0,83.0667,3.55089,79.5071,0.84672,12.849,0.84672,3695.15,0,0,0,0.569039,2.25104,6.46312,0.886644,8.39655,0.42336,0,0.42336,460.49,0,1.02816,0,0,1.5972,0.569039,1.028160,1,0,88.2207,0,0,0,88.2207,0
92.3569,2.59484,0,0,4.7993,0.404291,0.36288,3.6288,61.308,0.66528,0,0,1.38724,0.211262,0.510697,0.66528,12.849,1,0.36671,0.36288,0,80.6509,3.55089,77.0962,0.84672,12.849,0.84672,3695.15,0,0,0,0.876398,2.25121,7.93269,0.886644,10.1737,0.42336,0,0.42336,460.49,0,1.02816,0,0,1.90456,0.876398,1.028160,1,0,87.7806,0,0,0,87.7806,0
95.7467,2.60009,0,0,6.85979,0.506996,0.36288,3.6288,61.308,0.66528,0,0,1.50244,0.186593,0.650571,0.66528,12.849,1,0.361733,0.36288,0,93.7025,3.75167,89.952,0.84672,12.849,0.84672,3695.15,0,0,0,1.00685,2.25138,11.8998,1.00842,14.1496,0.42336,0,0.42336,460.49,0,1.02816,0,0,2.03501,1.00685,1.028160,1,0,104.752,0,0,0,104.752,0
95.9495,2.89235,0,0,3.95031,0.492309,0.36288,3.6288,61.105,0.922959,0,0,0.919754,0.199784,0,0.66528,12.849,1,0.388148,0.36288,0,68.9689,3.21242,65.7312,0.84672,12.849,0.84672,3695.15,0,0,0,0.503194,2.25155,6.8874,0.781037,8.86111,0.42336,0,0.42336,460.49,0,0.770481,0,0,1.27367,0.503194,1.028160,1,0,74.5923,0,0,0,74.5923,0
95.9712,2.89334,0,0,3.82731,0.549344,0.36288,3.6288,60.8759,0.803053,0,0,0.771258,0.197302,0,0.66528,12.849,1,0.387459,0.36288,0,61.51,3.70146,57.7839,0.84672,12.849,0.84672,3695.15,0,0,0,0.503194,2.48341,6.35386,0.892621,8.44785,0.42336,0,0.42336,460.49,0,0.890387,0,0,1.39358,0.503194,1.028160,1,0,66.2318,0,0,0,66.2318,0
97.0518,2.89368,0,0,4.88663,0.549444,0.36288,3.6288,60.754,0.743628,0,0,0.81877,0.197016,0,0.66528,12.849,1,0.387417,0.36288,0,88.2662,3.70146,84.5402,0.84672,12.849,0.84672,3695.15,0,0,0,0.608429,2.48361,7.09292,0.892621,9.29233,0.42336,0,0.42336,460.49,0,0.949812,0,0,1.55824,0.608429,1.028160,1,0,93.8326,0,0,0,93.8326,0
97.506,2.89775,0,0,5.04718,0.554432,1.14083,3.6288,60.7588,0.66528,0,0,0.86692,0.196864,0,0.66528,12.849,1,0.383643,1.14083,0,95.8867,3.70146,92.9425,0.84672,12.849,0.84672,3695.15,0,0,0,0.623903,2.4838,7.57123,0.892621,9.78631,0.42336,0,0.42336,460.49,0,1.02816,0,0,1.65206,0.623903,1.028160,1,0,102.729,0,0,0,102.729,0
97.506,2.49818,0,0,6.24625,0.522469,3.2256,3.6288,61.308,0.66528,0,0,2.53522,0.190039,1.13071,0.66528,12.849,1,0.329202,3.2256,0,155.532,3.66636,154.762,0.84672,12.849,0.84672,3695.15,0,0,0,2.47263,2.48399,11.9125,0.879626,15.9895,0.42336,0,0.42336,460.49,0,1.02816,0,0,3.50079,2.47263,1.028160,1,0,171.882,0,0,0,171.882,0
97.506,2.49841,0,0,5.60428,0.516793,2.58907,3.6288,61.308,0.66528,0,0,2.6264,0.189559,1.77157,0.66528,12.849,1,0.329232,2.58907,0,135.993,3.66051,134.592,0.84672,12.849,0.84672,3695.15,0,0,0,2.38701,2.16812,11.0429,0.87746,14.7205,0.42336,0,0.42336,460.49,0,1.02816,0,0,3.41517,2.38701,1.028160,1,0,151.084,0,0,0,151.084,0
97.506,2.49864,0,0,5.77194,0.516793,2.75651,3.6288,61.308,0.66528,0,0,2.43764,0.189559,1.5828,0.66528,12.849,1,0.329263,2.75651,0,132.847,3.66051,131.614,0.84672,12.849,0.84672,3695.15,0,0,0,2.90418,2.16828,12.3632,0.87746,16.5582,0.42336,0,0.42336,460.49,0,1.02816,0,0,3.93234,2.90418,1.028160,1,0,149.755,0,0,0,149.755,0
97.506,2.49887,0,0,7.69064,0.516793,4.67497,3.6288,61.308,0.66528,0,0,2.89243,0.189559,2.03759,0.66528,12.849,1,0.329293,4.67497,0,186.232,3.66051,186.917,0.84672,12.849,0.84672,3695.15,0,0,0,3.1571,2.16845,14.0861,0.87746,18.5342,0.42336,0,0.42336,460.49,0,1.02816,0,0,4.18526,3.1571,1.028160,1,0,207.489,0,0,0,207.489,0
97.506,2.4991,0,0,4.6331,0.525873,1.60813,3.6288,61.308,0.66528,0,0,2.12987,0.182944,1.28165,0.66528,12.849,1,0.329323,1.60813,0,107.287,3.68579,104.88,0.84672,12.849,0.84672,3695.15,0,0,0,1.916,2.16861,10.0684,0.937813,13.2152,0.42336,0,0.42336,460.49,0,1.02816,0,0,2.94416,1.916,1.028160,1,0,119.377,0,0,0,119.377,0
97.199,2.60042,0,0,3.1989,0.542628,0.36288,3.6288,61.308,0.66528,0,0,1.71856,0.195028,0.858249,0.66528,12.849,1,0.342674,0.36288,0,70.9542,3.93918,67.0352,0.84672,12.849,0.84672,3695.15,0,0,0,0.832162,2.16878,7.06769,1.03681,9.03182,0.42336,0,0.42336,460.49,0,1.02816,0,0,1.86032,0.832162,1.028160,1,0,76.9253,0,0,0,76.9253,0
96.2698,2.5997,0,0,2.57467,0.541247,0.36288,3.6288,61.308,0.66528,0,0,1.42974,0.195028,0.569431,0.66528,12.849,1,0.343661,0.36288,0,54.0391,3.93918,50.1192,0.84672,12.849,0.84672,3695.15,0,0,0,0.710286,2.2469,5.77607,1.03681,7.69645,0.42336,0,0.42336,460.49,0,1.02816,0,0,1.73845,0.710286,1.028160,1,0,58.3851,0,0,0,58.3851,0
95.3161,2.59701,0,0,2.53644,0.530223,0.36288,3.6288,61.308,0.66528,0,0,1.18771,0.186181,0.336245,0.66528,12.849,1,0.346619,0.36288,0,50.4518,3.76382,46.7043,0.84672,12.849,0.84672,3695.15,0,0,0,1.03229,2.24707,4.91742,1.01224,7.18454,0.42336,0,0.42336,460.49,0,1.02816,0,0,2.06045,1.03229,1.028160,1,0,54.225,0,0,0,54.225,0
94.4838,2.59419,0,0,2.59966,0.474926,0.36288,3.6288,61.308,0.66528,0,0,1.02527,0.138792,0.221194,0.66528,12.849,1,0.349707,0.36288,0,48.6765,2.85693,45.8327,0.84672,12.849,0.84672,3695.15,0,0,0,0.759724,2.24724,3.8778,0.889679,5.99509,0.42336,0,0.42336,460.49,0,1.02816,0,0,1.78788,0.759724,1.028160,1,0,52.049,0,0,0,52.049,0
93.3713,2.55233,0,0,2.2943,0.491613,0.36288,3.6288,60.864,0.970315,0,0,0.72366,0.197352,0,0.66528,12.849,1,0.347095,0.36288,0,45.0862,4.06276,41.0392,0.84672,12.849,0.84672,3695.15,0,0,0,0.528595,2.24742,4.17887,1.07295,5.88193,0.42336,0,0.42336,460.49,0,0.723125,0,0,1.25172,0.528595,1.028160,1,0,46.9211,0,0,0,46.9211,0
92.2022,2.54893,0,0,2.08972,0.347041,0.36288,3.6288,60.158,1.07502,0,0,0.604962,0.235926,0,0.66528,12.849,1,0.350762,0.36288,0,40.9155,4.40873,36.5189,0.84672,12.849,0.84672,3695.15,0,0,0,0.528595,2.21724,3.85824,1.09361,5.51047,0.42336,0,0.42336,460.49,0,0.618417,0,0,1.14701,0.528595,1.028160,1,0,42.0294,0,0,0,42.0294,0
91.0108,2.54525,0,0,2.03721,0.320471,0.36288,3.6288,59.7318,0.845675,0,0,0.660793,0.241362,0,0.66528,12.849,1,0.354699,0.36288,0,39.6476,4.46638,35.1894,0.84672,12.849,0.84672,3695.15,0,0,0,0.402797,2.21741,4.37297,1.09705,5.89613,0.42336,0,0.42336,460.49,0,0.847765,0,0,1.25056,0.402797,1.028160,1,0,41.0855,0,0,0,41.0855,0
89.6941,2.54142,0,0,1.90477,0.317158,0.36288,3.6288,59.1604,0.980545,0,0,0.649884,0.240707,0,0.66528,12.849,1,0.3588,0.36288,0,36.1543,4.46638,31.6919,0.84672,12.849,0.84672,3695.15,0,0,0,0.402797,2.21758,3.92507,1.09705,5.4484,0.42336,0,0.42336,460.49,0,0.712895,0,0,1.11569,0.402797,1.028160,1,0,37.1403,0,0,0,37.1403,0
88.2732,2.66994,0,0,1.90699,0.295061,0.36288,3.6288,58.7028,0.802552,0,0,0.565048,0.220118,0,0.66528,12.849,1,0.382479,0.36288,0,38.9038,4.19513,34.6891,0.84672,12.849,0.84672,3695.15,0,0,0,0.402797,2.21775,3.4044,1.12559,4.89936,0.42336,0,0.42336,460.49,0,0.890888,0,0,1.29368,0.402797,1.028160,1,0,39.5885,0,0,0,39.5885,0
86.6895,2.66481,0,0,1.69421,0.250225,0.36288,3.6288,58.3112,0.713517,0,0,0.538495,0.216527,0,0.66528,12.849,1,0.387889,0.36288,0,34.6079,4.23833,30.3445,0.84672,12.849,0.84672,3695.15,0,0,0,0.402797,2.32429,3.14041,1.10892,4.75857,0.42336,0,0.42336,460.49,0,0.979923,0,0,1.38272,0.402797,1.028160,1,0,35.1031,0,0,0,35.1031,0
85.0817,2.65888,0,0,1.66062,0.246666,0.36288,3.6288,58.0124,0.66528,0,0,0.582415,0.215982,0,0.66528,12.849,1,0.394096,0.36288,0,33.1529,4.23833,28.8833,0.84672,12.849,0.84672,3695.15,0,0,0,0.328441,2.32447,3.38388,1.10892,4.92787,0.42336,0,0.42336,460.49,0,1.02816,0,0,1.3566,0.328441,1.028160,1,0,33.8112,0,0,0,33.8112,0
83.373,2.65265,0,0,1.54992,0.243052,0.36288,3.6288,57.5937,0.735376,0,0,0.532251,0.215566,0,0.66528,12.849,1,0.400603,0.36288,0,30.9918,4.23833,26.7157,0.84672,12.849,0.84672,3695.15,0,0,0,0.30119,2.32465,2.99648,1.10892,4.51339,0.42336,0,0.42336,460.49,0,0.958064,0,0,1.25925,0.30119,1.028160,1,0,31.2291,0,0,0,31.2291,0
81.7879,2.64578,0,0,1.62914,0.205548,0.36288,3.6288,57.1707,0.708722,0,0,0.509617,0.223879,0,0.66528,12.849,1,0.407754,0.36288,0,29.6867,4.54791,25.0939,0.84672,12.849,0.84672,3695.15,0,0,0,0.30119,2.32482,2.88153,1.1173,4.39024,0.42336,0,0.42336,460.49,0,0.984718,0,0,1.28591,0.30119,1.028160,1,0,29.4842,0,0,0,29.4842,0
80.3383,2.61321,0,0,1.71941,0.192935,0.36288,3.6288,56.7865,0.66528,0,0,0.497032,0.215964,0,0.66528,12.849,1,0.41054,0.36288,0,29.6411,4.50628,25.0871,0.84672,12.849,0.84672,3695.15,0,0,0,0.347483,2.325,2.64106,1.06396,4.24959,0.42336,0,0.42336,460.49,0,1.02816,0,0,1.37564,0.347483,1.028160,1,0,29.3367,0,0,0,29.3367,0
78.7495,2.60707,0,0,1.57143,0.190267,0.36288,3.6288,56.2568,0.779069,0,0,0.464798,0.215426,0,0.66528,12.849,1,0.416964,0.36288,0,27.8802,4.50628,23.3198,0.84672,12.849,0.84672,3695.15,0,0,0,0.261274,2.36238,2.51317,1.06396,4.07286,0.42336,0,0.42336,460.49,0,0.914371,0,0,1.17564,0.261274,1.028160,1,0,27.3927,0,0,0,27.3927,0
77.0719,2.60007,0,0,1.44498,0.159698,0.36288,3.6288,55.6618,0.778283,0,0,0.440461,0.257158,0,0.66528,12.849,1,0.424235,0.36288,0,24.9622,5.07089,19.8299,0.84672,12.849,0.84672,3695.15,0,0,0,0.261274,2.36256,2.39289,1.27005,3.74668,0.42336,0,0.42336,460.49,0,0.915157,0,0,1.17643,0.261274,1.028160,1,0,23.5766,0,0,0,23.5766,0
75.3347,2.59239,0,0,1.35481,0.136675,0.36288,3.6288,54.9801,0.807278,0,0,0.413445,0.287892,0,0.66528,12.849,1,0.43219,0.36288,0,22.4353,5.49433,16.8717,0.84672,12.849,0.84672,3695.15,0,0,0,0.261274,2.36274,2.30577,1.42461,3.50517,0.42336,0,0.42336,460.49,0,0.886162,0,0,1.14744,0.261274,1.028160,1,0,20.3768,0,0,0,20.3768,0
73.5283,2.65045,0,0,1.33474,0.127879,0.36288,3.6288,54.3144,0.825319,0,0,0.461673,0.302036,0,0.66528,12.849,1,0.452058,0.36288,0,26.3834,5.74592,20.5483,0.84672,12.849,0.84672,3695.15,0,0,0,0.261274,2.36292,1.92474,1.48075,3.06819,0.42336,0,0.42336,460.49,0,0.868121,0,0,1.12939,0.261274,1.028160,1,0,23.6165,0,0,0,23.6165,0
71.6135,2.64124,0,0,1.21491,0.125532,0.36288,3.6288,53.5936,0.800928,0,0,0.380786,0.300712,0,0.66528,12.849,1,0.461554,0.36288,0,21.2505,5.74592,15.4059,0.84672,12.849,0.84672,3695.15,0,0,0,0.261274,2.41584,1.78852,1.48075,2.98489,0.42336,0,0.42336,460.49,0,0.892512,0,0,1.15379,0.261274,1.028160,1,0,18.3908,0,0,0,18.3908,0
69.6339,2.63102,0,0,1.10497,0.0906661,0.36288,3.6288,52.7021,0.946901,0,0,0.354623,0.299185,0,0.66528,12.849,1,0.472061,0.36288,0,19.8102,5.74592,13.9551,0.84672,12.849,0.84672,3695.15,0,0,0,0.227405,2.41602,1.59392,1.48075,2.75661,0.42336,0,0.42336,460.49,0,0.746539,0,0,0.973944,0.227405,1.028160,1,0,16.7117,0,0,0,16.7117,0
67.7724,2.61992,0,0,1.20329,0.081982,0.36288,3.6288,52.1318,0.693472,0,0,0.418585,0.295361,0,0.66528,12.849,1,0.483434,0.36288,0,19.9038,5.85405,13.9292,0.84672,12.849,0.84672,3695.15,0,0,0,0.227405,2.41621,2.25371,1.50666,3.39067,0.42336,0,0.42336,460.49,0,0.999968,0,0,1.22737,0.227405,1.028160,1,0,17.3199,0,0,0,17.3199,0
65.5433,2.80022,0,0,1.01803,0.0840646,0.36288,3.6288,51.5991,0.67227,0,0,0.399589,0.260067,0,0.66528,12.849,1,0.530895,0.36288,0,18.9636,5.98273,12.8128,0.84672,12.849,0.84672,3695.15,0,0,0,0.227405,2.4164,1.89739,1.56385,2.97734,0.42336,0,0.42336,460.49,0,1.02117,0,0,1.24858,0.227405,1.028160,1,0,15.7902,0,0,0,15.7902,0
63.0461,2.78538,0,0,0.743472,0.0924633,0.36288,3.6288,50.9075,0.781428,0,0,0.343782,0.253909,0,0.66528,12.849,1,0.546041,0.36288,0,17.2224,5.98521,11.054,0.84672,12.849,0.84672,3695.15,0,0,0,0.227405,2.59708,1.63471,1.56859,2.8906,0.42336,0,0.42336,460.49,0,0.912012,0,0,1.13942,0.227405,1.028160,1,0,13.9446,0,0,0,13.9446,0
60.6165,2.76766,0,0,0.791597,0.0906168,0.36288,3.6288,50.22,0.776053,0,0,0.340971,0.252489,0,0.66528,12.849,1,0.564059,0.36288,0,16.088,5.98521,9.90164,0.84672,12.849,0.84672,3695.15,0,0,0,0.204422,2.59728,1.72289,1.56859,2.95601,0.42336,0,0.42336,460.49,0,0.917387,0,0,1.12181,0.204422,1.028160,1,0,12.8576,0,0,0,12.8576,0
58.5944,2.74926,0,0,1.18813,0.0980994,0.36288,3.6288,49.7116,0.66528,0,0,0.405996,0.249091,0,0.66528,12.849,1,0.582765,0.36288,0,23.7568,5.92584,17.6111,0.84672,12.849,0.84672,3695.15,0,0,0,0.315334,2.59748,1.83094,1.56131,3.18244,0.42336,0,0.42336,460.49,0,1.02816,0,0,1.34349,0.315334,1.028160,1,0,20.7935,0,0,0,20.7935,0
57.5109,2.73301,0,0,2.12629,0.113876,0.36288,3.6288,49.4556,0.66528,0,0,0.645206,0.235893,0,0.66528,12.849,1,0.599314,0.36288,0,30.0848,5.81423,24.0342,0.84672,12.849,0.84672,3695.15,0,0,0,0.571259,2.59768,2.54641,1.54845,4.1669,0.42336,0,0.42336,460.49,0,1.02816,0,0,1.59942,0.571259,1.028160,1,0,28.2011,0,0,0,28.2011,0
55.9039,2.63337,0,0,1.50447,0.115231,0.36288,3.6288,49.2041,0.66528,0,0,0.637148,0.223402,0,0.66528,12.849,1,0.588344,0.36288,0,38.9714,5.63892,33.107,0.84672,12.849,0.84672,3695.15,0,0,0,0.688271,2.59788,2.28538,1.56544,4.00609,0.42336,0,0.42336,460.49,0,1.02816,0,0,1.71643,0.688271,1.028160,1,0,37.1131,0,0,0,37.1131,0
55.8062,2.61986,0,0,2.99847,0.113417,0.36288,3.6288,49.3721,0.66528,0,0,1.05622,0.222939,0,0.66528,12.849,1,0.602151,0.36288,0,41.856,5.63892,35.9779,0.84672,12.849,0.84672,3695.15,0,0,0,2.29913,2.49358,3.73849,1.56544,6.96577,0.42336,0,0.42336,460.49,0,1.02816,0,0,3.32729,2.29913,1.028160,1,0,42.9436,0,0,0,42.9436,0
54.0583,2.61924,0,0,1.34754,0.113307,0.36288,3.6288,49.1017,0.66528,0,0,0.618087,0.223248,0,0.66528,12.849,1,0.603062,0.36288,0,35.9444,5.63892,30.0653,0.84672,12.849,0.84672,3695.15,0,0,0,0.784486,2.49378,2.02097,1.56544,3.73379,0.42336,0,0.42336,460.49,0,1.02816,0,0,1.81265,0.784486,1.028160,1,0,33.7991,0,0,0,33.7991,0
52.5053,2.60372,0,0,1.52493,0.111334,0.36288,3.6288,48.9382,0.66528,0,0,0.724531,0.222751,0,0.66528,12.849,1,0.618873,0.36288,0,28.8544,5.63892,22.9595,0.84672,12.849,0.84672,3695.15,0,0,0,0.67811,2.49397,2.25044,1.56544,3.85709,0.42336,0,0.42336,460.49,0,1.02816,0,0,1.70627,0.67811,1.028160,1,0,26.8166,0,0,0,26.8166,0
51.4576,2.51609,0,0,2.03777,0.206499,0.36288,3.6288,48.6295,0.66528,0,0,0.575476,0.218854,0,0.66528,12.849,1,0.615732,0.36288,0,27.1572,4.36379,22.5405,0.84672,12.849,0.84672,3695.15,0,0,0,0.603063,2.49416,2.8769,1.13382,4.8403,0.42336,0,0.42336,460.49,0,1.02816,0,0,1.63122,0.603063,1.028160,1,0,27.3808,0,0,0,27.3808,0
50.0849,2.50628,0,0,1.69104,0.19459,0.36288,3.6288,48.1661,0.66528,0,0,0.422312,0.220468,0,0.66528,12.849,1,0.625821,0.36288,0,18.8416,4.3618,14.2168,0.84672,12.849,0.84672,3695.15,0,0,0,0.384955,2.40106,2.60796,1.09357,4.3004,0.42336,0,0.42336,460.49,0,1.02816,0,0,1.41312,0.384955,1.028160,1,0,18.5172,0,0,0,18.5172,0
50.197,2.49286,0,0,3.15965,0.191808,0.36288,3.6288,48.4334,0.66528,0,0,1.15222,0.219621,0,0.66528,12.849,1,0.639529,0.36288,0,37.5379,4.3618,32.8995,0.84672,12.849,0.84672,3695.15,0,0,0,3.30045,2.40124,5.75343,1.09357,10.3615,0.42336,0,0.42336,460.49,0,1.02816,0,0,4.32861,3.30045,1.028160,1,0,43.261,0,0,0,43.261,0
52.9382,2.49422,0,0,5.79973,0.201381,0.36288,3.6288,49.6415,0.66528,0,0,2.08635,0.212969,0,0.66528,12.849,1,0.63845,0.36288,0,72.1736,4.25298,67.6451,0.84672,12.849,0.84672,3695.15,0,0,0,3.23507,2.40143,7.52977,1.06275,12.1035,0.42336,0,0.42336,460.49,0,1.02816,0,0,4.26323,3.23507,1.028160,1,0,79.7486,0,0,0,79.7486,0
53.983,2.31287,0,0,3.97625,0.255718,0.36288,3.6288,49.902,0.66528,0,0,1.1137,0.187891,0,0.66528,12.849,1,0.561372,0.36288,0,70.5134,4.08585,66.229,0.84672,12.849,0.84672,3695.15,0,0,0,1.529,2.40161,3.93625,0.987756,6.87912,0.42336,0,0.42336,460.49,0,1.02816,0,0,2.55716,1.529,1.028160,1,0,73.1081,0,0,0,73.1081,0
57.1764,2.32186,0,0,6.12966,0.251496,0.36288,3.6288,51.7566,0.66528,0,0,2.72019,0.200365,0,0.66528,12.849,1,0.552646,0.36288,0,97.3097,4.45022,92.6697,0.84672,12.849,0.84672,3695.15,0,0,0,3.44367,2.1945,6.66067,1.07023,11.2286,0.42336,0,0.42336,460.49,0,1.02816,0,0,4.47183,3.44367,1.028160,1,0,103.898,0,0,0,103.898,0
60.8119,2.34727,0,0,6.60528,0.259646,0.36288,3.6288,52.9008,0.66528,0,0,2.0129,0.203413,0,0.66528,12.849,1,0.527492,0.36288,0,99.4775,4.45022,94.8627,0.84672,12.849,0.84672,3695.15,0,0,0,4.35338,2.19467,7.6662,1.07023,13.144,0.42336,0,0.42336,460.49,0,1.02816,0,0,5.38154,4.35338,1.028160,1,0,108.007,0,0,0,108.007,0
63.2816,2.37353,0,0,5.47483,0.268764,0.36288,3.6288,52.8411,0.66528,0,0,0.810921,0.205294,0,0.66528,12.849,1,0.501504,0.36288,0,82.9466,4.45022,78.3578,0.84672,12.849,0.84672,3695.15,0,0,0,1.52236,2.19484,5.31933,1.07023,7.96629,0.42336,0,0.42336,460.49,0,1.02816,0,0,2.55052,1.52236,1.028160,1,0,86.324,0,0,0,86.324,0
65.7723,2.39001,0,0,5.50107,0.257426,0.36288,3.6288,54.0485,0.66528,0,0,2.11782,0.245159,0,0.66528,12.849,1,0.48528,0.36288,0,75.3728,4.85757,70.3928,0.84672,12.849,0.84672,3695.15,0,0,0,2.17018,2.19501,5.08572,1.22993,8.22098,0.42336,0,0.42336,460.49,0,1.02816,0,0,3.19834,2.17018,1.028160,1,0,78.6138,0,0,0,78.6138,0
76.0166,2.48888,0,0,13.3542,0.25818,0.36288,3.6288,58.6471,0.66528,0,0,5.46746,0.203601,0,0.66528,12.849,1,0.486218,0.36288,0,134.317,4.65205,129.541,0.84672,12.849,0.84672,3695.15,0,0,0,6.59359,2.19517,20.2806,1.17689,27.8925,0.42336,0,0.42336,460.49,0,1.02816,0,0,7.62175,6.59359,1.028160,1,0,157.434,0,0,0,157.434,0
80.7425,2.54515,0,0,8.04902,0.415127,0.36288,3.6288,60.6094,0.66528,0,0,2.85835,0.230778,0,0.66528,12.849,1,0.430203,0.36288,0,183.639,5.1092,178.462,0.84672,12.849,0.84672,3695.15,0,0,0,3.1625,2.26,13.3904,1.31949,17.4934,0.42336,0,0.42336,460.49,0,1.02816,0,0,4.19066,3.1625,1.028160,1,0,195.956,0,0,0,195.956,0
85.1694,2.56708,0,0,7.79181,0.434926,0.36288,3.6288,61.308,0.66528,0,0,2.39408,0.233689,0.796486,0.66528,12.849,1,0.408514,0.36288,0,166.005,5.1092,160.85,0.84672,12.849,0.84672,3695.15,0,0,0,2.5678,2.26015,10.7414,1.31949,14.2499,0.42336,0,0.42336,460.49,0,1.02816,0,0,3.59596,2.5678,1.028160,1,0,175.896,0,0,0,175.896,0
90.1447,2.58575,0,0,8.37734,0.453473,0.36288,3.6288,61.308,0.66528,0,0,2.89541,0.234726,1.9954,0.66528,12.849,1,0.390096,0.36288,0,145.464,5.1092,140.327,0.84672,12.849,0.84672,3695.15,0,0,0,4.41487,2.26031,14.6388,1.31949,19.9944,0.42336,0,0.42336,460.49,0,1.02816,0,0,5.44303,4.41487,1.028160,1,0,162.317,0,0,0,162.317,0
93.286,2.88469,0,0,6.82517,0.436248,0.36288,3.6288,61.308,0.66528,0,0,3.76376,0.22458,2.8739,0.66528,12.849,1,0.411177,0.36288,0,107.94,4.45497,103.436,0.84672,12.849,0.84672,3695.15,0,0,0,2.92401,2.26047,14.4456,1.16833,18.4617,0.42336,0,0.42336,460.49,0,1.02816,0,0,3.95217,2.92401,1.028160,1,0,124.772,0,0,0,124.772,0
96.8459,2.8971,0,0,7.25259,0.432702,0.36288,3.6288,61.308,0.66528,0,0,3.65145,0.220522,2.76565,0.66528,12.849,1,0.39904,0.36288,0,148.184,4.19328,143.954,0.84672,12.849,0.84672,3695.15,0,0,0,2.26529,2.4933,13.9403,1.10786,17.591,0.42336,0,0.42336,460.49,0,1.02816,0,0,3.29345,2.26529,1.028160,1,0,164.311,0,0,0,164.311,0
97.506,2.91029,0,0,6.74218,0.445941,2.72589,3.6288,61.308,0.66528,0,0,2.47859,0.220522,1.59279,0.66528,12.849,1,0.386121,2.72589,0,125.897,4.19328,124.043,0.84672,12.849,0.84672,3695.15,0,0,0,1.59476,2.49348,12.5455,1.10786,15.5259,0.42336,0,0.42336,460.49,0,1.02816,0,0,2.62292,1.59476,1.028160,1,0,141.162,0,0,0,141.162,0
97.506,2.91284,0,0,5.68894,0.514013,2.26209,3.6288,61.308,0.66528,0,0,1.91049,0.200341,1.04487,0.66528,12.849,1,0.383843,2.26209,0,78.4054,4.12818,76.1555,0.84672,12.849,0.84672,3695.15,0,0,0,1.8766,2.49365,11.8914,0.986793,15.2749,0.42336,0,0.42336,460.49,0,1.02816,0,0,2.90476,1.8766,1.028160,1,0,92.4752,0,0,0,92.4752,0
97.506,2.50996,0,0,4.51688,0.55527,1.45165,3.6288,61.308,0.66528,0,0,1.48882,0.188072,0.635467,0.66528,12.849,1,0.330753,1.45165,0,66.2723,3.19998,64.1932,0.84672,12.849,0.84672,3695.15,0,0,0,1.21965,2.49383,6.98897,0.812341,9.8901,0.42336,0,0.42336,460.49,0,1.02816,0,0,2.24781,1.21965,1.028160,1,0,74.7187,0,0,0,74.7187,0
97.506,2.51017,0,0,4.03795,0.571773,0.956008,3.6288,61.308,0.66528,0,0,1.52662,0.183164,0.678175,0.66528,12.849,1,0.330781,0.956008,0,67.8344,2.8287,65.6309,0.84672,12.849,0.84672,3695.15,0,0,0,1.32157,2.17659,5.00239,0.742561,7.75799,0.42336,0,0.42336,460.49,0,1.02816,0,0,2.34973,1.32157,1.028160,1,0,74.0671,0,0,0,74.0671,0
97.506,2.51038,0,0,7.44672,0.571773,4.36457,3.6288,61.308,0.66528,0,0,2.47574,0.183164,1.6273,0.66528,12.849,1,0.330808,4.36457,0,130.81,2.8287,132.015,0.84672,12.849,0.84672,3695.15,0,0,0,3.02003,2.17674,10.2396,0.742561,14.6938,0.42336,0,0.42336,460.49,0,1.02816,0,0,4.04819,3.02003,1.028160,1,0,148.336,0,0,0,148.336,0
97.506,2.51058,0,0,7.10845,0.533906,4.06396,3.6288,61.308,0.66528,0,0,2.7246,0.19384,1.86548,0.66528,12.849,1,0.330836,4.06396,0,160.771,3.47455,161.029,0.84672,12.849,0.84672,3695.15,0,0,0,3.63139,2.1769,15.7291,0.850461,20.6869,0.42336,0,0.42336,460.49,0,1.02816,0,0,4.65955,3.63139,1.028160,1,0,183.582,0,0,0,183.582,0
97.506,2.51079,0,0,5.38022,0.510563,2.35887,3.6288,61.308,0.66528,0,0,2.29256,0.195047,1.43224,0.66528,12.849,1,0.330864,2.35887,0,123.039,3.89942,121.167,0.84672,12.849,0.84672,3695.15,0,0,0,2.50038,2.17705,8.81124,0.936008,12.5527,0.42336,0,0.42336,460.49,0,1.02816,0,0,3.52854,2.50038,1.028160,1,0,135.152,0,0,0,135.152,0
97.506,2.61251,0,0,5.01765,0.538299,1.86683,3.6288,61.308,0.66528,0,0,1.97066,0.193304,1.11208,0.66528,12.849,1,0.344268,1.86683,0,87.4126,3.50391,85.4313,0.84672,12.849,0.84672,3695.15,0,0,0,2.72612,2.1772,9.63766,0.905803,13.6352,0.42336,0,0.42336,460.49,0,1.02816,0,0,3.75428,2.72612,1.028160,1,0,100.179,0,0,0,100.179,0
97.499,2.61273,0,0,3.50075,0.532158,0.36288,3.6288,61.308,0.66528,0,0,1.57397,0.192751,0.715935,0.66528,12.849,1,0.344296,0.36288,0,54.3539,3.46353,50.9089,0.84672,12.849,0.84672,3695.15,0,0,0,2.04738,2.25563,8.49277,0.9055,11.8903,0.42336,0,0.42336,460.49,0,1.02816,0,0,3.07554,2.04738,1.028160,1,0,63.5152,0,0,0,63.5152,0
97.506,2.61292,0,0,3.64603,0.532127,0.493955,3.6288,61.308,0.66528,0,0,1.52757,0.192751,0.669538,0.66528,12.849,1,0.344347,0.493955,0,70.9534,3.46353,67.6395,0.84672,12.849,0.84672,3695.15,0,0,0,1.97575,2.25579,8.09723,0.9055,11.4233,0.42336,0,0.42336,460.49,0,1.02816,0,0,3.00391,1.97575,1.028160,1,0,79.7323,0,0,0,79.7323,0
96.9554,2.61316,0,0,2.95764,0.532158,0.36288,3.6288,61.308,0.66528,0,0,1.22781,0.192751,0.369782,0.66528,12.849,1,0.344354,0.36288,0,47.7559,3.46353,44.3109,0.84672,12.849,0.84672,3695.15,0,0,0,2.12236,2.25595,6.5143,0.9055,9.9871,0.42336,0,0.42336,460.49,0,1.02816,0,0,3.15052,2.12236,1.028160,1,0,54.6678,0,0,0,54.6678,0
96.2332,2.57198,0,0,2.69846,0.485834,0.36288,3.6288,61.308,0.66528,0,0,1.10692,0.175298,0.266344,0.66528,12.849,1,0.340851,0.36288,0,44.5671,3.39299,41.1962,0.84672,12.849,0.84672,3695.15,0,0,0,0.91832,2.2561,3.91977,1.01838,6.07581,0.42336,0,0.42336,460.49,0,1.02816,0,0,1.94648,0.91832,1.028160,1,0,47.5383,0,0,0,47.5383,0
95.3165,2.56994,0,0,2.42714,0.410996,0.36288,3.6288,61.308,0.66528,0,0,0.918112,0.208434,0.0443987,0.66528,12.849,1,0.343136,0.36288,0,39.9801,3.71905,36.2808,0.84672,12.849,0.84672,3695.15,0,0,0,0.779259,2.22579,3.59028,1.04186,5.55347,0.42336,0,0.42336,460.49,0,1.02816,0,0,1.80742,0.779259,1.028160,1,0,41.8787,0,0,0,41.8787,0
94.3887,2.56724,0,0,2.33899,0.33671,0.36288,3.6288,61.308,0.66528,0,0,0.960405,0.228053,0.0670725,0.66528,12.849,1,0.346073,0.36288,0,38.2892,3.89204,34.414,0.84672,12.849,0.84672,3695.15,0,0,0,0.85498,2.22594,3.81237,1.05219,5.8411,0.42336,0,0.42336,460.49,0,1.02816,0,0,1.88314,0.85498,1.028160,1,0,40.3221,0,0,0,40.3221,0
93.294,2.56446,0,0,2.1667,0.334071,0.36288,3.6288,61.3061,0.66528,0,0,0.891423,0.228053,0,0.66528,12.849,1,0.349096,0.36288,0,34.9377,3.89204,31.0594,0.84672,12.849,0.84672,3695.15,0,0,0,0.738927,2.2261,3.74163,1.05219,5.65446,0.42336,0,0.42336,460.49,0,1.02816,0,0,1.76709,0.738927,1.028160,1,0,36.7139,0,0,0,36.7139,0
92.2141,2.69517,0,0,2.31687,0.338652,0.36288,3.6288,61.308,0.66528,0,0,1.0058,0.232242,0.106368,0.66528,12.849,1,0.371195,0.36288,0,39.0616,4.21142,34.8419,0.84672,12.849,0.84672,3695.15,0,0,0,0.657824,2.22625,3.70856,1.07814,5.5145,0.42336,0,0.42336,460.49,0,1.02816,0,0,1.68598,0.657824,1.028160,1,0,40.4628,0,0,0,40.4628,0
90.9874,2.69158,0,0,2.08065,0.252971,0.36288,3.6288,61.2696,0.66528,0,0,0.868631,0.241775,0,0.66528,12.849,1,0.375041,0.36288,0,35.9128,4.64992,31.2507,0.84672,12.849,0.84672,3695.15,0,0,0,0.651542,2.33321,3.57278,1.03543,5.52211,0.42336,0,0.42336,460.49,0,1.02816,0,0,1.6797,0.651542,1.028160,1,0,36.7728,0,0,0,36.7728,0
89.7064,2.68737,0,0,2.01957,0.250279,0.36288,3.6288,61.285,0.66528,0,0,0.922458,0.241716,0,0.66528,12.849,1,0.379503,0.36288,0,34.2302,4.64992,29.5637,0.84672,12.849,0.84672,3695.15,0,0,0,0.632275,2.33338,3.80071,1.03543,5.73093,0.42336,0,0.42336,460.49,0,1.02816,0,0,1.66044,0.632275,1.028160,1,0,35.2946,0,0,0,35.2946,0
88.3292,2.68285,0,0,1.91596,0.247468,0.36288,3.6288,61.2744,0.66528,0,0,0.8964,0.24174,0,0.66528,12.849,1,0.384275,0.36288,0,32.1501,4.64992,27.4788,0.84672,12.849,0.84672,3695.15,0,0,0,0.5616,2.33354,3.51397,1.03543,5.37368,0.42336,0,0.42336,460.49,0,1.02816,0,0,1.58976,0.5616,1.028160,1,0,32.8525,0,0,0,32.8525,0
87.1086,2.67784,0,0,2.06077,0.240569,0.36288,3.6288,61.252,0.66528,0,0,0.87918,0.236307,0,0.66528,12.849,1,0.389538,0.36288,0,33.2563,4.57342,28.6562,0.84672,12.849,0.84672,3695.15,0,0,0,0.470336,2.3337,3.89302,1.03348,5.66358,0.42336,0,0.42336,460.49,0,1.02816,0,0,1.4985,0.470336,1.028160,1,0,34.3198,0,0,0,34.3198,0
86.4355,2.647,0,0,2.56513,0.228348,0.36288,3.6288,61.2971,0.66528,0,0,0.933137,0.222736,0,0.66528,12.849,1,0.390447,0.36288,0,39.9246,4.38218,35.5148,0.84672,12.849,0.84672,3695.15,0,0,0,0.598908,2.33386,4.892,1.02861,6.79617,0.42336,0,0.42336,460.49,0,1.02816,0,0,1.62707,0.598908,1.028160,1,0,42.311,0,0,0,42.311,0
85.5455,2.64458,0,0,2.34433,0.226953,0.36288,3.6288,61.2817,0.66528,0,0,0.872623,0.222799,0,0.66528,12.849,1,0.393127,0.36288,0,37.5527,4.38218,33.1403,0.84672,12.849,0.84672,3695.15,0,0,0,0.362353,2.37138,4.65515,1.02861,6.36027,0.42336,0,0.42336,460.49,0,1.02816,0,0,1.39051,0.362353,1.028160,1,0,39.5006,0,0,0,39.5006,0
84.5014,2.64124,0,0,2.15568,0.195618,0.36288,3.6288,61.1767,0.66528,0,0,0.826934,0.266646,0,0.66528,12.849,1,0.396716,0.36288,0,33.6222,4.94677,28.6416,0.84672,12.849,0.84672,3695.15,0,0,0,0.36326,2.37154,4.43235,1.2347,5.93246,0.42336,0,0.42336,460.49,0,1.02816,0,0,1.39142,0.36326,1.028160,1,0,34.5741,0,0,0,34.5741,0
83.3507,2.6372,0,0,2.02117,0.171832,0.36288,3.6288,60.9883,0.66528,0,0,0.776226,0.299349,0,0.66528,12.849,1,0.401004,0.36288,0,30.2188,5.37023,24.8105,0.84672,12.849,0.84672,3695.15,0,0,0,0.329003,2.37171,4.27099,1.38926,5.58244,0.42336,0,0.42336,460.49,0,1.02816,0,0,1.35716,0.329003,1.028160,1,0,30.3929,0,0,0,30.3929,0
82.4734,2.70018,0,0,2.36337,0.177606,0.36288,3.6288,60.936,0.66528,0,0,0.9133,0.300271,0,0.66528,12.849,1,0.416248,0.36288,0,33.4383,5.43323,27.9517,0.84672,12.849,0.84672,3695.15,0,0,0,0.428095,2.37187,4.54111,1.44586,5.89522,0.42336,0,0.42336,460.49,0,1.02816,0,0,1.45625,0.428095,1.028160,1,0,33.8469,0,0,0,33.8469,0
81.6228,2.69657,0,0,2.38629,0.1774,0.36288,3.6288,60.899,0.66528,0,0,0.928593,0.300384,0,0.66528,12.849,1,0.420114,0.36288,0,31.9155,5.44372,26.4145,0.84672,12.849,0.84672,3695.15,0,0,0,0.481092,2.42499,4.71696,1.45529,6.16776,0.42336,0,0.42336,460.49,0,1.02816,0,0,1.50925,0.481092,1.028160,1,0,32.5823,0,0,0,32.5823,0
80.4661,2.69301,0,0,2.07517,0.175971,0.36288,3.6288,60.806,0.66528,0,0,0.872649,0.300314,0,0.66528,12.849,1,0.423931,0.36288,0,30.1952,5.44372,24.6904,0.84672,12.849,0.84672,3695.15,0,0,0,0.35367,2.42516,4.59031,1.45529,5.91385,0.42336,0,0.42336,460.49,0,1.02816,0,0,1.38183,0.35367,1.028160,1,0,30.6042,0,0,0,30.6042,0
79.1522,2.68798,0,0,1.91091,0.174026,0.36288,3.6288,60.6956,0.66528,0,0,0.855023,0.300137,0,0.66528,12.849,1,0.429222,0.36288,0,28.4783,5.44372,22.9682,0.84672,12.849,0.84672,3695.15,0,0,0,0.282606,2.42533,4.54385,1.45529,5.79649,0.42336,0,0.42336,460.49,0,1.02816,0,0,1.31077,0.282606,1.028160,1,0,28.7647,0,0,0,28.7647,0
77.222,2.87857,0,0,1.47899,0.167732,0.36288,3.6288,60.3332,0.82417,0,0,0.767906,0.306185,0,0.66528,12.849,1,0.467286,0.36288,0,23.8245,5.68083,18.0393,0.84672,12.849,0.84672,3695.15,0,0,0,0.227405,2.4255,4.37201,1.45926,5.56565,0.42336,0,0.42336,460.49,0,0.86927,0,0,1.09668,0.227405,1.028160,1,0,23.605,0,0,0,23.605,0
75.1017,2.86879,0,0,1.3062,0.194763,0.36288,3.6288,59.6851,1.02557,0,0,0.680902,0.303426,0,0.66528,12.849,1,0.477339,0.36288,0,19.5973,5.60721,13.8757,0.84672,12.849,0.84672,3695.15,0,0,0,0.227405,2.60689,3.86109,1.42931,5.26608,0.42336,0,0.42336,460.49,0,0.667872,0,0,0.895277,0.227405,1.028160,1,0,19.1417,0,0,0,19.1417,0
72.8369,2.85752,0,0,1.14624,0.190645,0.36288,3.6288,58.9974,1.04245,0,0,0.656896,0.302175,0,0.66528,12.849,1,0.488887,0.36288,0,24.9117,5.60721,19.1785,0.84672,12.849,0.84672,3695.15,0,0,0,0.204422,2.60708,3.70773,1.42931,5.08991,0.42336,0,0.42336,460.49,0,0.650989,0,0,0.855412,0.204422,1.028160,1,0,24.2684,0,0,0,24.2684,0
70.6136,2.84483,0,0,1.17066,0.186247,0.36288,3.6288,58.4561,0.993971,0,0,0.753521,0.300848,0,0.66528,12.849,1,0.50185,0.36288,0,21.5797,5.60721,15.8335,0.84672,12.849,0.84672,3695.15,0,0,0,0.204422,2.60726,3.85037,1.42931,5.23274,0.42336,0,0.42336,460.49,0,0.699469,0,0,0.903891,0.204422,1.028160,1,0,21.0663,0,0,0,21.0663,0
68.5467,2.83169,0,0,1.26051,0.132874,0.36288,3.6288,58.1983,0.767448,0,0,0.814026,0.304347,0,0.66528,12.849,1,0.515261,0.36288,0,24.6984,5.69183,18.8542,0.84672,12.849,0.84672,3695.15,0,0,0,0.204422,2.60744,5.5746,1.43227,6.95419,0.42336,0,0.42336,460.49,0,0.925992,0,0,1.13041,0.204422,1.028160,1,0,25.8084,0,0,0,25.8084,0
67.1334,2.72506,0,0,1.8058,0.131116,0.36288,3.6288,58.2421,0.79952,0,0,1.16761,0.324296,0,0.66528,12.849,1,0.51081,0.36288,0,35.5597,6.1443,29.2675,0.84672,12.849,0.84672,3695.15,0,0,0,0.204422,2.60763,10.2722,1.43103,11.6532,0.42336,0,0.42336,460.49,0,0.89392,0,0,1.09834,0.204422,1.028160,1,0,40.9207,0,0,0,40.9207,0
65.9396,2.71626,0,0,2.07244,0.187126,0.36288,3.6288,58.2369,0.854479,0,0,1.13311,0.283786,0,0.66528,12.849,1,0.519879,0.36288,0,30.4795,5.81301,24.5095,0.84672,12.849,0.84672,3695.15,0,0,0,0.216518,2.50289,7.48725,1.31724,8.88942,0.42336,0,0.42336,460.49,0,0.838961,0,0,1.05548,0.216518,1.028160,1,0,33.3989,0,0,0,33.3989,0
65.9081,2.70861,0,0,3.22538,0.185362,0.36288,3.6288,59.1666,0.66528,0,0,1.87871,0.283776,0,0.66528,12.849,1,0.5278,0.36288,0,49.5471,5.81301,43.5692,0.84672,12.849,0.84672,3695.15,0,0,0,0.790154,2.50307,13.3555,1.31724,15.3315,0.42336,0,0.42336,460.49,0,1.02816,0,0,1.81831,0.790154,1.028160,1,0,58.9007,0,0,0,58.9007,0
65.6181,2.70862,0,0,2.96681,0.185316,0.36288,3.6288,59.9437,0.66528,0,0,1.72788,0.285477,0,0.66528,12.849,1,0.528054,0.36288,0,89.7713,5.81301,83.7931,0.84672,12.849,0.84672,3695.15,0,0,0,0.623687,2.50324,11.2889,1.31724,13.0985,0.42336,0,0.42336,460.49,0,1.02816,0,0,1.65185,0.623687,1.028160,1,0,96.8917,0,0,0,96.8917,0
63.9432,2.63043,0,0,1.50022,0.181824,0.36288,3.6288,59.4481,1.07538,0,0,0.820892,0.241146,0,0.66528,12.849,1,0.515078,0.36288,0,29.9118,4.71896,25.0406,0.84672,12.849,0.84672,3695.15,0,0,0,0.216518,2.50342,6.33181,1.04136,8.01038,0.42336,0,0.42336,460.49,0,0.618056,0,0,0.834575,0.216518,1.028160,1,0,33.051,0,0,0,33.051,0
62.2773,2.61941,0,0,1.57902,0.262674,0.36288,3.6288,58.5224,1.27218,0,0,0.564401,0.217873,0,0.66528,12.849,1,0.526355,0.36288,0,26.2746,4.41636,21.6948,0.84672,12.849,0.84672,3695.15,0,0,0,0.216518,2.40993,6.35461,1.07165,7.9094,0.42336,0,0.42336,460.49,0,0.421256,0,0,0.637775,0.216518,1.028160,1,0,29.6042,0,0,0,29.6042,0
60.2994,2.60796,0,0,1.26986,0.276893,0.36288,3.6288,57.3165,1.41897,0,0,0.427661,0.214576,0,0.66528,12.849,1,0.538072,0.36288,0,20.4725,4.43583,15.8615,0.84672,12.849,0.84672,3695.15,0,0,0,0.292723,2.41009,5.46106,1.09645,7.06742,0.42336,0,0.42336,460.49,0,0.274468,0,0,0.567191,0.292723,1.028160,1,0,22.9289,0,0,0,22.9289,0
59.4432,2.59362,0,0,2.3727,0.272392,0.36288,3.6288,57.6051,0.66528,0,0,1.16681,0.212911,0,0.66528,12.849,1,0.552666,0.36288,0,40.7871,4.43583,36.1615,0.84672,12.849,0.84672,3695.15,0,0,0,0.709223,2.41026,12.0479,1.09645,14.0709,0.42336,0,0.42336,460.49,0,1.02816,0,0,1.73738,0.709223,1.028160,1,0,50.2324,0,0,0,50.2324,0
61.0892,2.37371,0,0,4.64386,0.261322,0.36288,3.6288,58.7199,0.66528,0,0,1.99469,0.214652,0,0.66528,12.849,1,0.513092,0.36288,0,70.7395,4.19556,66.3937,0.84672,12.849,0.84672,3695.15,0,0,0,0.815901,2.41043,16.4274,1.03548,18.6183,0.42336,0,0.42336,460.49,0,1.02816,0,0,1.84406,0.815901,1.028160,1,0,85.012,0,0,0,85.012,0
61.916,2.38533,0,0,3.86281,0.287723,0.36288,3.6288,58.8155,0.760519,0,0,1.06583,0.209691,0,0.66528,12.849,1,0.501711,0.36288,0,63.0619,3.86494,59.0581,0.84672,12.849,0.84672,3695.15,0,0,0,0.292723,2.20248,12.0623,0.942506,13.615,0.42336,0,0.42336,460.49,0,0.932921,0,0,1.22564,0.292723,1.028160,1,0,72.6731,0,0,0,72.6731,0
62.6049,2.39108,0,0,3.73254,0.289696,0.36288,3.6288,58.4394,1.06768,0,0,0.901403,0.20982,0,0.66528,12.849,1,0.496204,0.36288,0,42.725,3.86494,38.7267,0.84672,12.849,0.84672,3695.15,0,0,0,0.412474,2.20264,10.1481,0.942506,11.8207,0.42336,0,0.42336,460.49,0,0.625761,0,0,1.03823,0.412474,1.028160,1,0,50.5474,0,0,0,50.5474,0
62.8859,2.39581,0,0,3.33104,0.29134,0.36288,3.6288,58.1573,1.01164,0,0,0.938848,0.209313,0,0.66528,12.849,1,0.491715,0.36288,0,54.6858,3.86494,50.692,0.84672,12.849,0.84672,3695.15,0,0,0,0.412474,2.20279,10.6449,0.942506,12.3177,0.42336,0,0.42336,460.49,0,0.6818,0,0,1.09427,0.412474,1.028160,1,0,63.0096,0,0,0,63.0096,0
65.584,2.39783,0,0,5.74822,0.289394,0.36288,3.6288,58.0466,0.856345,0,0,0.98623,0.240609,0,0.66528,12.849,1,0.489931,0.36288,0,47.8742,4.8572,42.8899,0.84672,12.849,0.84672,3695.15,0,0,0,0.412474,2.20294,11.6009,1.25055,12.9658,0.42336,0,0.42336,460.49,0,0.837095,0,0,1.24957,0.412474,1.028160,1,0,55.8557,0,0,0,55.8557,0
64.3454,2.49845,0,0,1.89333,0.27065,0.36288,3.6288,58.1829,0.66528,0,0,1.03753,0.235909,0,0.66528,12.849,1,0.489488,0.36288,0,40.216,4.86969,35.2197,0.84672,12.849,0.84672,3695.15,0,0,0,0.782119,2.20309,8.60648,1.36617,10.2255,0.42336,0,0.42336,460.49,0,1.02816,0,0,1.81028,0.782119,1.028160,1,0,45.4452,0,0,0,45.4452,0
66.8669,2.49078,0,0,5.64316,0.26797,0.36288,3.6288,58.6739,0.66528,0,0,1.39241,0.236116,0,0.66528,12.849,1,0.497379,0.36288,0,73.411,4.86969,68.4068,0.84672,12.849,0.84672,3695.15,0,0,0,1.45659,2.26815,25.2137,1.36617,27.5723,0.42336,0,0.42336,460.49,0,1.02816,0,0,2.48475,1.45659,1.028160,1,0,95.979,0,0,0,95.979,0
75.6668,2.5067,0,0,11.9456,0.276158,0.36288,3.6288,60.5925,0.66528,0,0,2.8173,0.233413,0,0.66528,12.849,1,0.481683,0.36288,0,221.417,4.67787,216.621,0.84672,12.849,0.84672,3695.15,0,0,0,4.49744,2.2683,22.2037,1.31453,27.6549,0.42336,0,0.42336,460.49,0,1.02816,0,0,5.5256,4.49744,1.028160,1,0,244.275,0,0,0,244.275,0
77.5345,2.55478,0,0,5.20093,0.415529,0.36288,3.6288,61.308,0.66528,0,0,1.72421,0.22756,0.115911,0.66528,12.849,1,0.433828,0.36288,0,93.3319,4.19832,89.0626,0.84672,12.849,0.84672,3695.15,0,0,0,2.0936,2.26844,11.5361,1.18543,14.7127,0.42336,0,0.42336,460.49,0,1.02816,0,0,3.12176,2.0936,1.028160,1,0,103.891,0,0,0,103.891,0
77.4646,2.83932,0,0,3.5516,0.419327,0.36288,3.6288,61.308,0.66528,0,0,1.40009,0.234552,0.500262,0.66528,12.849,1,0.470531,0.36288,0,53.4433,4.23924,49.0964,0.84672,12.849,0.84672,3695.15,0,0,0,1.53689,2.26858,8.01213,1.28072,10.5369,0.42336,0,0.42336,460.49,0,1.02816,0,0,2.56505,1.53689,1.028160,1,0,60.1336,0,0,0,60.1336,0
78.7163,2.83916,0,0,4.86976,0.41599,0.36288,3.6288,61.308,0.66528,0,0,1.32551,0.239022,0.421213,0.66528,12.849,1,0.47093,0.36288,0,50.1568,4.26993,45.7788,0.84672,12.849,0.84672,3695.15,0,0,0,1.32674,2.50231,11.6829,1.35218,14.1598,0.42336,0,0.42336,460.49,0,1.02816,0,0,2.3549,1.32674,1.028160,1,0,60.3598,0,0,0,60.3598,0
80.7959,2.84581,0,0,5.70923,0.420973,0.36288,3.6288,61.308,0.66528,0,0,2.07306,0.223348,1.18444,0.66528,12.849,1,0.464527,0.36288,0,121.487,4.13826,117.247,0.84672,12.849,0.84672,3695.15,0,0,0,2.26172,2.50246,15.6961,1.28864,19.1717,0.42336,0,0.42336,460.49,0,1.02816,0,0,3.28988,2.26172,1.028160,1,0,137.603,0,0,0,137.603,0
82.9715,2.85634,0,0,5.8239,0.429072,0.36288,3.6288,61.308,0.66528,0,0,1.66893,0.184166,0.819483,0.66528,12.849,1,0.454245,0.36288,0,100.234,3.80909,96.3339,0.84672,12.849,0.84672,3695.15,0,0,0,2.07545,2.50262,9.78947,1.12979,13.2377,0.42336,0,0.42336,460.49,0,1.02816,0,0,3.10361,2.07545,1.028160,1,0,110.391,0,0,0,110.391,0
84.3212,2.47028,0,0,4.63417,0.451332,0.36288,3.6288,61.308,0.66528,0,0,1.17528,0.189711,0.320291,0.66528,12.849,1,0.382549,0.36288,0,87.1776,3.6061,83.5518,0.84672,12.849,0.84672,3695.15,0,0,0,1.51667,2.50278,10.1928,1.02159,13.1906,0.42336,0,0.42336,460.49,0,1.02816,0,0,2.54483,1.51667,1.028160,1,0,97.0627,0,0,0,97.0627,0
85.5829,2.47578,0,0,4.5675,0.467157,0.36288,3.6288,61.308,0.66528,0,0,1.37585,0.193871,0.5167,0.66528,12.849,1,0.377263,0.36288,0,81.5046,3.45387,78.0363,0.84672,12.849,0.84672,3695.15,0,0,0,1.53094,2.1843,8.19789,0.940441,10.9727,0.42336,0,0.42336,460.49,0,1.02816,0,0,2.5591,1.53094,1.028160,1,0,89.5257,0,0,0,89.5257,0
86.3859,2.4808,0,0,4.11939,0.472646,0.36288,3.6288,61.308,0.66528,0,0,1.12455,0.193871,0.265397,0.66528,12.849,1,0.372455,0.36288,0,63.0669,3.45387,59.6035,0.84672,12.849,0.84672,3695.15,0,0,0,1.19297,2.18444,7.93489,0.940441,10.3719,0.42336,0,0.42336,460.49,0,1.02816,0,0,2.22113,1.19297,1.028160,1,0,70.2407,0,0,0,70.2407,0
86.4899,2.484,0,0,3.46211,0.511292,0.36288,3.6288,61.308,0.66528,0,0,1.25486,0.167021,0.422564,0.66528,12.849,1,0.369469,0.36288,0,62.502,3.49093,59.0045,0.84672,12.849,0.84672,3695.15,0,0,0,1.44151,2.18458,7.99269,0.87401,10.7448,0.42336,0,0.42336,460.49,0,1.02816,0,0,2.46967,1.44151,1.028160,1,0,70.1718,0,0,0,70.1718,0
86.3114,2.48457,0,0,3.17823,0.509267,0.36288,3.6288,61.308,0.66528,0,0,1.34181,0.173178,0.503351,0.66528,12.849,1,0.36911,0.36288,0,55.362,3.5315,51.8243,0.84672,12.849,0.84672,3695.15,0,0,0,1.90467,2.18471,9.5618,0.891667,12.7595,0.42336,0,0.42336,460.49,0,1.02816,0,0,2.93283,1.90467,1.028160,1,0,65.0872,0,0,0,65.0872,0
86.5964,2.58448,0,0,3.72576,0.4934,0.36288,3.6288,61.308,0.66528,0,0,1.31878,0.210121,0.443374,0.66528,12.849,1,0.384746,0.36288,0,67.4088,3.77486,63.612,0.84672,12.849,0.84672,3695.15,0,0,0,1.35802,2.18485,10.7218,0.997607,13.2671,0.42336,0,0.42336,460.49,0,1.02816,0,0,2.38618,1.35802,1.028160,1,0,77.3225,0,0,0,77.3225,0
86.3957,2.58577,0,0,3.24267,0.494685,0.36288,3.6288,61.308,0.66528,0,0,1.16572,0.210121,0.290317,0.66528,12.849,1,0.383672,0.36288,0,70.6908,3.77486,66.8951,0.84672,12.849,0.84672,3695.15,0,0,0,1.35085,2.26357,9.12825,0.997607,11.7451,0.42336,0,0.42336,460.49,0,1.02816,0,0,2.37901,1.35085,1.028160,1,0,78.9305,0,0,0,78.9305,0
86.115,2.58519,0,0,3.16109,0.49378,0.36288,3.6288,61.308,0.66528,0,0,1.03681,0.210121,0.161408,0.66528,12.849,1,0.384476,0.36288,0,66.4904,3.77486,62.694,0.84672,12.849,0.84672,3695.15,0,0,0,0.918769,2.26371,8.98144,0.997607,11.1663,0.42336,0,0.42336,460.49,0,1.02816,0,0,1.94693,0.918769,1.028160,1,0,74.0217,0,0,0,74.0217,0
85.111,2.58429,0,0,2.3331,0.389904,0.36288,3.6288,61.23,0.66528,0,0,0.819219,0.231962,0,0.66528,12.849,1,0.385596,0.36288,0,43.6617,3.96942,39.6696,0.84672,12.849,0.84672,3695.15,0,0,0,0.634193,2.26385,6.11888,1.01119,8.00573,0.42336,0,0.42336,460.49,0,1.02816,0,0,1.66235,0.634193,1.028160,1,0,47.6753,0,0,0,47.6753,0
84.4494,2.54134,0,0,2.65766,0.415041,0.36288,3.6288,61.308,0.66528,0,0,1.12795,0.260072,0.124576,0.66528,12.849,1,0.383661,0.36288,0,49.6797,4.704,44.9549,0.84672,12.849,0.84672,3695.15,0,0,0,1.22668,2.26399,8.28648,1.16338,10.6138,0.42336,0,0.42336,460.49,0,1.02816,0,0,2.25484,1.22668,1.028160,1,0,55.6932,0,0,0,55.6932,0
83.4105,2.53893,0,0,2.28018,0.41726,0.36288,3.6288,61.308,0.66528,0,0,1.01608,0.264907,0.0858942,0.66528,12.849,1,0.386298,0.36288,0,41.6781,4.82643,36.8282,0.84672,12.849,0.84672,3695.15,0,0,0,1.06387,2.23355,7.19099,1.18875,9.29965,0.42336,0,0.42336,460.49,0,1.02816,0,0,2.09203,1.06387,1.028160,1,0,46.2138,0,0,0,46.2138,0
82.097,2.53495,0,0,1.94111,0.356784,0.36288,3.6288,61.2745,0.66528,0,0,0.894067,0.26232,0,0.66528,12.849,1,0.390497,0.36288,0,33.7298,4.89073,28.8114,0.84672,12.849,0.84672,3695.15,0,0,0,0.697015,2.23369,6.47654,1.16193,8.24531,0.42336,0,0.42336,460.49,0,1.02816,0,0,1.72517,0.697015,1.028160,1,0,37.0567,0,0,0,37.0567,0
80.6245,2.52973,0,0,1.69817,0.278052,0.36288,3.6288,61.1651,0.66528,0,0,0.814683,0.258816,0,0.66528,12.849,1,0.395928,0.36288,0,31.5668,4.97648,26.5572,0.84672,12.849,0.84672,3695.15,0,0,0,0.539948,2.23383,5.65198,1.12618,7.29957,0.42336,0,0.42336,460.49,0,1.02816,0,0,1.56811,0.539948,1.028160,1,0,33.8568,0,0,0,33.8568,0
78.927,2.65577,0,0,1.59589,0.274772,0.36288,3.6288,61.0152,0.66528,0,0,0.778516,0.263054,0,0.66528,12.849,1,0.423246,0.36288,0,27.3109,5.00091,22.2496,0.84672,12.849,0.84672,3695.15,0,0,0,0.608861,2.23396,5.40189,1.09992,7.1448,0.42336,0,0.42336,460.49,0,1.02816,0,0,1.63702,0.608861,1.028160,1,0,29.3944,0,0,0,29.3944,0
77.1858,2.64814,0,0,1.54094,0.271077,0.36288,3.6288,60.8482,0.66528,0,0,0.766895,0.268688,0,0.66528,12.849,1,0.431107,0.36288,0,23.7358,5.03349,18.6341,0.84672,12.849,0.84672,3695.15,0,0,0,0.753831,2.34131,5.47937,1.06491,7.50961,0.42336,0,0.42336,460.49,0,1.02816,0,0,1.78199,0.753831,1.028160,1,0,26.1437,0,0,0,26.1437,0
75.3258,2.64,0,0,1.40927,0.266449,0.36288,3.6288,60.6323,0.66528,0,0,0.71782,0.268404,0,0.66528,12.849,1,0.439477,0.36288,0,22.2618,5.03349,17.1517,0.84672,12.849,0.84672,3695.15,0,0,0,0.612248,2.34146,5.00914,1.06491,6.89794,0.42336,0,0.42336,460.49,0,1.02816,0,0,1.64041,0.612248,1.028160,1,0,24.0497,0,0,0,24.0497,0
73.4082,2.63092,0,0,1.33771,0.261506,0.36288,3.6288,60.3541,0.66528,0,0,0.655137,0.268037,0,0.66528,12.849,1,0.448781,0.36288,0,20.174,5.03349,15.0546,0.84672,12.849,0.84672,3695.15,0,0,0,0.43505,2.34161,4.7016,1.06491,6.41335,0.42336,0,0.42336,460.49,0,1.02816,0,0,1.46321,0.43505,1.028160,1,0,21.4679,0,0,0,21.4679,0
71.4771,2.62114,0,0,1.25865,0.205682,0.36288,3.6288,60.0524,0.66528,0,0,0.64867,0.285094,0,0.66528,12.849,1,0.458792,0.36288,0,20.6322,5.19531,15.341,0.84672,12.849,0.84672,3695.15,0,0,0,0.443733,2.34175,4.53748,1.13297,6.18999,0.42336,0,0.42336,460.49,0,1.02816,0,0,1.47189,0.443733,1.028160,1,0,21.531,0,0,0,21.531,0
69.8493,2.58515,0,0,1.44928,0.129015,0.36288,3.6288,59.905,0.66528,0,0,0.7762,0.258373,0,0.66528,12.849,1,0.464717,0.36288,0,35.4331,4.66683,30.6644,0.84672,12.849,0.84672,3695.15,0,0,0,0.696514,2.3419,4.69268,1.15826,6.57283,0.42336,0,0.42336,460.49,0,1.02816,0,0,1.72467,0.696514,1.028160,1,0,37.2372,0,0,0,37.2372,0
68.1079,2.5762,0,0,1.32506,0.127412,0.36288,3.6288,59.7391,0.66528,0,0,0.757572,0.25813,0,0.66528,12.849,1,0.473899,0.36288,0,34.933,4.66683,30.1551,0.84672,12.849,0.84672,3695.15,0,0,0,0.728153,2.37953,4.63499,1.15826,6.58441,0.42336,0,0.42336,460.49,0,1.02816,0,0,1.75631,0.728153,1.028160,1,0,36.7396,0,0,0,36.7396,0
66.2641,2.56619,0,0,1.211,0.125697,0.36288,3.6288,59.5244,0.66528,0,0,0.708437,0.257857,0,0.66528,12.849,1,0.484129,0.36288,0,32.8577,4.66683,28.0696,0.84672,12.849,0.84672,3695.15,0,0,0,0.472807,2.37968,4.41057,1.15826,6.1048,0.42336,0,0.42336,460.49,0,1.02816,0,0,1.50097,0.472807,1.028160,1,0,34.1744,0,0,0,34.1744,0
64.354,2.5551,0,0,1.11357,0.10571,0.36288,3.6288,59.2296,0.66528,0,0,0.671345,0.300885,0,0.66528,12.849,1,0.495449,0.36288,0,29.4187,5.23143,24.0547,0.84672,12.849,0.84672,3695.15,0,0,0,0.473818,2.37983,4.19949,1.36435,5.68879,0.42336,0,0.42336,460.49,0,1.02816,0,0,1.50198,0.473818,1.028160,1,0,29.7435,0,0,0,29.7435,0
62.3004,2.60826,0,0,1.00903,0.0914683,0.36288,3.6288,58.8024,0.679977,0,0,0.579214,0.326424,0,0.66528,12.849,1,0.520769,0.36288,0,26.1827,5.75635,20.2684,0.84672,12.849,0.84672,3695.15,0,0,0,0.261274,2.37998,3.60667,1.47205,4.77588,0.42336,0,0.42336,460.49,0,1.01346,0,0,1.27474,0.261274,1.028160,1,0,25.0443,0,0,0,25.0443,0
60.1445,2.59423,0,0,0.891389,0.0902604,0.36288,3.6288,58.1124,0.883492,0,0,0.5165,0.32299,0,0.66528,12.849,1,0.53504,0.36288,0,25.2436,5.79695,19.2745,0.84672,12.849,0.84672,3695.15,0,0,0,0.261274,2.43328,3.05231,1.4533,4.29356,0.42336,0,0.42336,460.49,0,0.809948,0,0,1.07122,0.261274,1.028160,1,0,23.568,0,0,0,23.568,0
57.9937,2.57861,0,0,0.879405,0.0886453,0.36288,3.6288,57.5384,0.811296,0,0,0.558806,0.321558,0,0.66528,12.849,1,0.550884,0.36288,0,23.4236,5.79695,17.4386,0.84672,12.849,0.84672,3695.15,0,0,0,0.261274,2.43343,3.45182,1.4533,4.69322,0.42336,0,0.42336,460.49,0,0.882144,0,0,1.14342,0.261274,1.028160,1,0,22.1318,0,0,0,22.1318,0
55.9466,2.56208,0,0,0.948905,0.0710584,0.36288,3.6288,57.162,0.66528,0,0,0.590345,0.301467,0,0.66528,12.849,1,0.56765,0.36288,0,24.1431,6.03852,17.8998,0.84672,12.849,0.84672,3695.15,0,0,0,0.234611,2.43358,4.25805,1.52309,5.40316,0.42336,0,0.42336,460.49,0,1.02816,0,0,1.26277,0.234611,1.028160,1,0,23.303,0,0,0,23.303,0
53.6958,2.7318,0,0,0.916602,0.0727239,0.36288,3.6288,56.789,0.66528,0,0,0.589893,0.297557,0,0.66528,12.849,1,0.627399,0.36288,0,23.1387,6.10762,16.7666,0.84672,12.849,0.84672,3695.15,0,0,0,0.344917,2.43374,3.90487,1.51196,5.17157,0.42336,0,0.42336,460.49,0,1.02816,0,0,1.37308,0.344917,1.028160,1,0,21.9381,0,0,0,21.9381,0
51.1208,2.71077,0,0,0.577752,0.0791218,0.36288,3.6288,56.0212,0.859585,0,0,0.408305,0.316534,0,0.66528,12.849,1,0.648668,0.36288,0,15.6131,6.30053,9.02677,0.84672,12.849,0.84672,3695.15,0,0,0,0.227405,2.61578,4.01334,1.46665,5.38988,0.42336,0,0.42336,460.49,0,0.833855,0,0,1.06126,0.227405,1.028160,1,0,14.4167,0,0,0,14.4167,0
48.6875,2.68486,0,0,0.691511,0.0770483,0.36288,3.6288,55.3766,0.768286,0,0,0.438629,0.314952,0,0.66528,12.849,1,0.674829,0.36288,0,16.1585,6.30053,9.54605,0.84672,12.849,0.84672,3695.15,0,0,0,0.227405,2.61594,4.40213,1.46665,5.77884,0.42336,0,0.42336,460.49,0,0.925154,0,0,1.15256,0.227405,1.028160,1,0,15.3249,0,0,0,15.3249,0
46.753,2.65837,0,0,1.18242,0.0956551,0.36288,3.6288,54.9663,0.66528,0,0,0.563381,0.308462,0,0.66528,12.849,1,0.701565,0.36288,0,26.8536,6.1521,20.3629,0.84672,12.849,0.84672,3695.15,0,0,0,0.314349,2.61611,4.87282,1.44844,6.35484,0.42336,0,0.42336,460.49,0,1.02816,0,0,1.34251,0.314349,1.028160,1,0,26.7177,0,0,0,26.7177,0
44.8086,2.6358,0,0,1.14231,0.0880709,0.36288,3.6288,54.5843,0.66528,0,0,0.58264,0.299293,0,0.66528,12.849,1,0.724389,0.36288,0,31.7164,6.36006,24.9948,0.84672,12.849,0.84672,3695.15,0,0,0,0.243328,2.61627,4.2222,1.43755,5.64425,0.42336,0,0.42336,460.49,0,1.02816,0,0,1.27149,0.243328,1.028160,1,0,30.6391,0,0,0,30.6391,0
42.7456,2.52471,0,0,0.973616,0.148961,0.36288,3.6288,54.1242,0.66528,0,0,0.409519,0.204363,0,0.66528,12.849,1,0.723968,0.36288,0,24.8344,4.63104,19.8423,0.84672,12.849,0.84672,3695.15,0,0,0,0.349376,2.61644,4.30681,1.09496,6.17766,0.42336,0,0.42336,460.49,0,1.02816,0,0,1.37754,0.349376,1.028160,1,0,26.0199,0,0,0,26.0199,0
40.7879,2.49803,0,0,1.06017,0.157036,0.36288,3.6288,53.9547,0.66528,0,0,0.696434,0.20067,0,0.66528,12.849,1,0.750888,0.36288,0,26.6001,4.54198,21.6701,0.84672,12.849,0.84672,3695.15,0,0,0,1.19667,2.51131,6.02862,1.08404,8.65256,0.42336,0,0.42336,460.49,0,1.02816,0,0,2.22483,1.19667,1.028160,1,0,30.3227,0,0,0,30.3227,0
38.8276,2.4708,0,0,1.02692,0.153477,0.36288,3.6288,53.7863,0.66528,0,0,0.697332,0.200445,0,0.66528,12.849,1,0.778353,0.36288,0,25.5147,4.54198,20.5572,0.84672,12.849,0.84672,3695.15,0,0,0,1.20288,2.51146,5.51982,1.08404,8.15013,0.42336,0,0.42336,460.49,0,1.02816,0,0,2.23104,1.20288,1.028160,1,0,28.7074,0,0,0,28.7074,0
36.9031,2.39758,0,0,0.985919,0.149991,0.36288,3.6288,53.6335,0.66528,0,0,0.712722,0.20021,0,0.66528,12.849,1,0.793417,0.36288,0,24.3128,4.54198,19.3403,0.84672,12.849,0.84672,3695.15,0,0,0,1.40689,2.51162,5.45843,1.08404,8.29291,0.42336,0,0.42336,460.49,0,1.02816,0,0,2.43505,1.40689,1.028160,1,0,27.6332,0,0,0,27.6332,0
35.6646,2.13132,0,0,1.39693,0.141254,0.36288,3.6288,53.5177,0.66528,0,0,0.73818,0.1887,0,0.66528,12.849,1,0.742087,0.36288,0,25.9156,4.49356,21.0428,0.84672,12.849,0.84672,3695.15,0,0,0,1.19834,2.47339,6.17145,0.973119,8.87006,0.42336,0,0.42336,460.49,0,1.02816,0,0,2.2265,1.19834,1.028160,1,0,29.9129,0,0,0,29.9129,0
35.2262,2.11253,0,0,2.22572,0.188706,0.36288,3.6288,53.3106,0.66528,0,0,0.630424,0.172318,0,0.66528,12.849,1,0.761088,0.36288,0,32.1179,4.53513,27.1846,0.84672,12.849,0.84672,3695.15,0,0,0,0.686595,2.2337,5.84118,0.989141,7.77233,0.42336,0,0.42336,460.49,0,1.02816,0,0,1.71475,0.686595,1.028160,1,0,34.9569,0,0,0,34.9569,0
34.5131,2.10575,0,0,1.98316,0.22763,0.36288,3.6288,52.9097,0.66528,0,0,0.430651,0.166218,0,0.66528,12.849,1,0.768086,0.36288,0,28.2671,4.59354,23.2683,0.84672,12.849,0.84672,3695.15,0,0,0,0.222203,2.23384,4.88113,1.06355,6.27363,0.42336,0,0.42336,460.49,0,1.02816,0,0,1.25036,0.222203,1.028160,1,0,29.5419,0,0,0,29.5419,0
34.4464,2.09434,0,0,2.61624,0.225667,0.36288,3.6288,53.0587,0.66528,0,0,0.979956,0.165686,0,0.66528,12.849,1,0.779709,0.36288,0,37.8193,4.59354,32.8089,0.84672,12.849,0.84672,3695.15,0,0,0,2.16001,2.23398,8.67612,1.06355,12.0066,0.42336,0,0.42336,460.49,0,1.02816,0,0,3.18817,2.16001,1.028160,1,0,44.8155,0,0,0,44.8155,0
38.4719,1.91915,0,0,6.53379,0.226309,0.36288,3.6288,54.2838,0.66528,0,0,2.06534,0.174933,0,0.66528,12.849,1,0.715871,0.36288,0,110.39,4.5762,105.461,0.84672,12.849,0.84672,3695.15,0,0,0,4.61197,2.23412,13.8626,1.09681,19.6118,0.42336,0,0.42336,460.49,0,1.02816,0,0,5.64013,4.61197,1.028160,1,0,125.072,0,0,0,125.072,0
40.2432,1.97545,0,0,4.34927,0.239603,0.36288,3.6288,55.2677,0.66528,0,0,1.84853,0.199373,0,0.66528,12.849,1,0.65977,0.36288,0,81.6229,4.53285,76.7932,0.84672,12.849,0.84672,3695.15,0,0,0,1.85205,2.04257,10.948,1.17995,13.6627,0.42336,0,0.42336,460.49,0,1.02816,0,0,2.88021,1.85205,1.028160,1,0,90.4559,0,0,0,90.4559,0
43.748,1.99762,0,0,6.10987,0.244598,0.36288,3.6288,56.1485,0.66528,0,0,1.74676,0.20067,0,0.66528,12.849,1,0.637806,0.36288,0,75.3607,4.53285,70.5529,0.84672,12.849,0.84672,3695.15,0,0,0,1.65827,2.0427,11.4079,1.17995,13.9289,0.42336,0,0.42336,460.49,0,1.02816,0,0,2.68643,1.65827,1.028160,1,0,84.4818,0,0,0,84.4818,0
48.4632,2.03727,0,0,7.36389,0.24855,0.36288,3.6288,59.1818,0.66528,0,0,3.89438,0.195834,0,0.66528,12.849,1,0.598355,0.36288,0,144.656,4.31847,140.102,0.84672,12.849,0.84672,3695.15,0,0,0,3.12631,2.04283,17.6758,1.15316,21.6918,0.42336,0,0.42336,460.49,0,1.02816,0,0,4.15447,3.12631,1.028160,1,0,161.794,0,0,0,161.794,0
52.2921,2.08344,0,0,6.52071,0.245447,0.36288,3.6288,61.308,0.66528,0,0,4.0422,0.184422,1.06627,0.66528,12.849,1,0.55238,0.36288,0,84.812,3.78252,80.8399,0.84672,12.849,0.84672,3695.15,0,0,0,3.1237,2.04295,15.3504,1.08621,19.4309,0.42336,0,0.42336,460.49,0,1.02816,0,0,4.15186,3.1237,1.028160,1,0,101.337,0,0,0,101.337,0
58.8978,2.18995,0,0,9.41698,0.258423,0.36288,3.6288,61.308,0.66528,0,0,2.67057,0.196047,1.80924,0.66528,12.849,1,0.538106,0.36288,0,150.394,3.43242,146.786,0.84672,12.849,0.84672,3695.15,0,0,0,2.8262,2.04308,12.8676,1.13158,16.6053,0.42336,0,0.42336,460.49,0,1.02816,0,0,3.85436,2.8262,1.028160,1,0,165.201,0,0,0,165.201,0
61.6806,2.23965,0,0,5.66182,0.276554,0.36288,3.6288,61.308,0.66528,0,0,1.7458,0.197566,0.882952,0.66528,12.849,1,0.488596,0.36288,0,150.345,3.37407,146.845,0.84672,12.849,0.84672,3695.15,0,0,0,1.86125,2.10299,7.95597,1.13914,10.7811,0.42336,0,0.42336,460.49,0,1.02816,0,0,2.88941,1.86125,1.028160,1,0,158.509,0,0,0,158.509,0
63.2965,2.48273,0,0,4.74504,0.283535,0.36288,3.6288,61.308,0.66528,0,0,3.0712,0.197566,2.20835,0.66528,12.849,1,0.517189,0.36288,0,112.768,3.37407,109.24,0.84672,12.849,0.84672,3695.15,0,0,0,3.9067,2.1031,10.4314,1.13914,15.3021,0.42336,0,0.42336,460.49,0,1.02816,0,0,4.93486,3.9067,1.028160,1,0,126.75,0,0,0,126.75,0
64.3858,2.44873,0,0,4.17772,0.276789,0.36288,3.6288,61.308,0.66528,0,0,1.97755,0.202617,1.10965,0.66528,12.849,1,0.497085,0.36288,0,97.2242,3.68633,93.4037,0.84672,12.849,0.84672,3695.15,0,0,0,2.13466,2.27577,8.1254,1.05827,11.4776,0.42336,0,0.42336,460.49,0,1.02816,0,0,3.16282,2.13466,1.028160,1,0,105.991,0,0,0,105.991,0
65.9766,2.52129,0,0,4.7904,0.315396,0.36288,3.6288,61.308,0.66528,0,0,2.35869,0.191154,1.50226,0.66528,12.849,1,0.503155,0.36288,0,116.183,3.57882,112.464,0.84672,12.849,0.84672,3695.15,0,0,0,2.45636,2.24138,8.72933,0.995922,12.4311,0.42336,0,0.42336,460.49,0,1.02816,0,0,3.48452,2.45636,1.028160,1,0,126.397,0,0,0,126.397,0
66.6996,2.53161,0,0,3.94224,0.324743,0.36288,3.6288,61.308,0.66528,0,0,1.98704,0.169506,1.15226,0.66528,12.849,1,0.493033,0.36288,0,122.83,3.27936,119.42,0.84672,12.849,0.84672,3695.15,0,0,0,1.69055,2.31858,5.84561,0.887242,8.9675,0.42336,0,0.42336,460.49,0,1.02816,0,0,2.71871,1.69055,1.028160,1,0,129.54,0,0,0,129.54,0
66.4008,2.78616,0,0,3.17682,0.326614,0.36288,3.6288,61.308,0.66528,0,0,1.56886,0.169506,0.734074,0.66528,12.849,1,0.536725,0.36288,0,84.3705,3.27936,80.9173,0.84672,12.849,0.84672,3695.15,0,0,0,0.832775,2.31871,5.29047,0.887242,7.55471,0.42336,0,0.42336,460.49,0,1.02816,0,0,1.86094,0.832775,1.028160,1,0,89.206,0,0,0,89.206,0
69.0969,2.78432,0,0,6.15926,0.315916,0.36288,3.6288,61.308,0.66528,0,0,2.98741,0.191637,2.13049,0.66528,12.849,1,0.538785,0.36288,0,128.778,3.80352,124.799,0.84672,12.849,0.84672,3695.15,0,0,0,2.80125,2.5107,7.06483,1.05123,11.3256,0.42336,0,0.42336,460.49,0,1.02816,0,0,3.82941,2.80125,1.028160,1,0,138.255,0,0,0,138.255,0
73.1002,2.19523,0,0,6.87934,0.317963,0.36288,3.6288,61.308,0.66528,0,0,2.90689,0.195895,2.04572,0.66528,12.849,1,0.408216,0.36288,0,132.703,4.08176,128.576,0.84672,12.849,0.84672,3695.15,0,0,0,4.20426,2.51084,8.09162,1.06112,13.7456,0.42336,0,0.42336,460.49,0,1.02816,0,0,5.23242,4.20426,1.028160,1,0,144.367,0,0,0,144.367,0
77.4918,2.43579,0,0,7.6425,0.452267,0.36288,3.6288,61.308,0.66528,0,0,1.70685,0.179442,0.862128,0.66528,12.849,1,0.428144,0.36288,0,112.634,3.92857,108.641,0.84672,12.849,0.84672,3695.15,0,0,0,2.49464,2.02565,6.71386,0.910336,10.3238,0.42336,0,0.42336,460.49,0,1.02816,0,0,3.5228,2.49464,1.028160,1,0,119.827,0,0,0,119.827,0
80.1319,2.45676,0,0,5.93263,0.47292,0.36288,3.6288,61.308,0.66528,0,0,1.32868,0.179442,0.483955,0.66528,12.849,1,0.407358,0.36288,0,118.689,3.92857,114.715,0.84672,12.849,0.84672,3695.15,0,0,0,1.69978,2.19137,5.43237,0.910336,8.41319,0.42336,0,0.42336,460.49,0,1.02816,0,0,2.72794,1.69978,1.028160,1,0,123.613,0,0,0,123.613,0
81.6593,2.46849,0,0,4.79413,0.435324,0.36288,3.6288,61.308,0.66528,0,0,0.889574,0.161393,0.0629017,0.66528,12.849,1,0.395818,0.36288,0,96.8708,3.66699,93.1709,0.84672,12.849,0.84672,3695.15,0,0,0,1.1184,2.19149,4.79749,0.87276,7.23462,0.42336,0,0.42336,460.49,0,1.02816,0,0,2.14656,1.1184,1.028160,1,0,100.468,0,0,0,100.468,0
83.8762,2.47505,0,0,5.42898,0.374097,0.36288,3.6288,61.308,0.66528,0,0,1.16184,0.137328,0.359231,0.66528,12.849,1,0.389447,0.36288,0,103.433,3.31821,100.088,0.84672,12.849,0.84672,3695.15,0,0,0,1.73724,2.19161,5.10968,0.822658,8.21587,0.42336,0,0.42336,460.49,0,1.02816,0,0,2.7654,1.73724,1.028160,1,0,108.663,0,0,0,108.663,0
86.9907,2.58449,0,0,6.50856,0.446689,0.36288,3.6288,61.308,0.66528,0,0,1.48382,0.16813,0.650415,0.66528,12.849,1,0.395918,0.36288,0,179.226,3.57945,175.614,0.84672,12.849,0.84672,3695.15,0,0,0,2.15847,2.19173,7.1379,0.966796,10.5213,0.42336,0,0.42336,460.49,0,1.02816,0,0,3.18663,2.15847,1.028160,1,0,186.786,0,0,0,186.786,0
89.409,2.59701,0,0,5.8379,0.459697,0.36288,3.6288,61.308,0.66528,0,0,1.41175,0.16813,0.57834,0.66528,12.849,1,0.383593,0.36288,0,115.951,3.57945,112.35,0.84672,12.849,0.84672,3695.15,0,0,0,2.08674,2.2707,6.65086,0.966796,10.0415,0.42336,0,0.42336,460.49,0,1.02816,0,0,3.1149,2.08674,1.028160,1,0,122.97,0,0,0,122.97,0
91.7894,2.60626,0,0,5.82943,0.479962,0.36288,3.6288,61.308,0.66528,0,0,1.56688,0.200385,0.701216,0.66528,12.849,1,0.374546,0.36288,0,112.983,4.26183,108.709,0.84672,12.849,0.84672,3695.15,0,0,0,2.349,2.27083,7.98915,1.02534,11.5836,0.42336,0,0.42336,460.49,0,1.02816,0,0,3.37716,2.349,1.028160,1,0,120.994,0,0,0,120.994,0
93.633,2.61495,0,0,5.24734,0.42586,0.36288,3.6288,61.308,0.66528,0,0,1.36693,0.210994,0.490661,0.66528,12.849,1,0.36605,0.36288,0,104.426,4.05098,100.371,0.84672,12.849,0.84672,3695.15,0,0,0,1.90184,2.27095,6.06475,0.986098,9.25145,0.42336,0,0.42336,460.49,0,1.02816,0,0,2.93,1.90184,1.028160,1,0,110.114,0,0,0,110.114,0
94.4565,2.58167,0,0,4.1355,0.367444,0.36288,3.6288,61.308,0.66528,0,0,1.53985,0.211943,0.662623,0.66528,12.849,1,0.354275,0.36288,0,74.8397,4.02672,70.8216,0.84672,12.849,0.84672,3695.15,0,0,0,1.3404,2.27108,4.86378,1.0113,7.46396,0.42336,0,0.42336,460.49,0,1.02816,0,0,2.36856,1.3404,1.028160,1,0,78.9482,0,0,0,78.9482,0
94.3944,2.58456,0,0,3.25115,0.365867,0.36288,3.6288,61.308,0.66528,0,0,1.12302,0.216398,0.241341,0.66528,12.849,1,0.35158,0.36288,0,57.4148,4.23381,53.1923,0.84672,12.849,0.84672,3695.15,0,0,0,0.692626,2.24052,3.56038,1.04632,5.4472,0.42336,0,0.42336,460.49,0,1.02816,0,0,1.72079,0.692626,1.028160,1,0,58.8808,0,0,0,58.8808,0
93.8277,2.58453,0,0,2.74635,0.365673,0.36288,3.6288,61.308,0.678128,0,0,1.0347,0.216398,0.140175,0.66528,12.849,1,0.351807,0.36288,0,50.3334,4.23381,46.1106,0.84672,12.849,0.84672,3695.15,0,0,0,0.528595,2.24064,3.24115,1.04632,4.96406,0.42336,0,0.42336,460.49,0,1.01531,0,0,1.54391,0.528595,1.028160,1,0,51.2149,0,0,0,51.2149,0
93.0251,2.58283,0,0,2.50709,0.363909,0.36288,3.6288,61.0826,0.899623,0,0,0.890663,0.216398,0,0.66528,12.849,1,0.353699,0.36288,0,49.8512,4.23381,45.6265,0.84672,12.849,0.84672,3695.15,0,0,0,0.402797,2.24076,3.30879,1.04632,4.90603,0.42336,0,0.42336,460.49,0,0.793817,0,0,1.19661,0.402797,1.028160,1,0,50.5326,0,0,0,50.5326,0
92.8392,2.71532,0,0,3.20179,0.309502,0.36288,3.6288,61.0794,0.842037,0,0,1.0583,0.219467,0,0.66528,12.849,1,0.375051,0.36288,0,56.3788,4.13784,52.2288,0.84672,12.849,0.84672,3695.15,0,0,0,0.402797,2.24089,3.30757,1.04496,4.90629,0.42336,0,0.42336,460.49,0,0.851403,0,0,1.2542,0.402797,1.028160,1,0,57.135,0,0,0,57.135,0
92.1285,2.71484,0,0,2.62236,0.255345,0.36288,3.6288,61.1073,0.760726,0,0,0.995293,0.206731,0,0.66528,12.849,1,0.375736,0.36288,0,49.4683,3.62208,45.8334,0.84672,12.849,0.84672,3695.15,0,0,0,0.402797,2.34858,2.91633,0.981685,4.68602,0.42336,0,0.42336,460.49,0,0.932714,0,0,1.33551,0.402797,1.028160,1,0,50.5194,0,0,0,50.5194,0
91.3889,2.71248,0,0,2.58949,0.253779,0.36288,3.6288,61.1928,0.78878,0,0,1.08107,0.206768,0,0.66528,12.849,1,0.378305,0.36288,0,47.8383,3.62208,44.2008,0.84672,12.849,0.84672,3695.15,0,0,0,0.402797,2.34871,3.1974,0.981685,4.96723,0.42336,0,0.42336,460.49,0,0.90466,0,0,1.30746,0.402797,1.028160,1,0,49.168,0,0,0,49.168,0
90.4857,2.70997,0,0,2.42183,0.25215,0.36288,3.6288,61.2423,0.741096,0,0,0.997514,0.20688,0,0.66528,12.849,1,0.381014,0.36288,0,44.7492,3.62208,41.1089,0.84672,12.849,0.84672,3695.15,0,0,0,0.30119,2.34884,2.80744,0.981685,4.47579,0.42336,0,0.42336,460.49,0,0.952344,0,0,1.25353,0.30119,1.028160,1,0,45.5847,0,0,0,45.5847,0
89.4862,2.70682,0,0,2.27206,0.20189,0.36288,3.6288,61.1819,0.774947,0,0,0.946693,0.23219,0,0.66528,12.849,1,0.38437,0.36288,0,41.6997,4.20631,37.4719,0.84672,12.849,0.84672,3695.15,0,0,0,0.30119,2.34897,2.77925,1.06463,4.36478,0.42336,0,0.42336,460.49,0,0.918493,0,0,1.21968,0.30119,1.028160,1,0,41.8367,0,0,0,41.8367,0
88.9552,2.67667,0,0,2.68912,0.180514,0.36288,3.6288,61.2929,0.66528,0,0,1.03856,0.26224,0,0.66528,12.849,1,0.384333,0.36288,0,44.6598,5.07129,39.5671,0.84672,12.849,0.84672,3695.15,0,0,0,0.380281,2.3491,3.36322,1.12218,4.97043,0.42336,0,0.42336,460.49,0,1.02816,0,0,1.40844,0.380281,1.028160,1,0,44.5375,0,0,0,44.5375,0
88.415,2.67484,0,0,2.67713,0.179662,0.36288,3.6288,61.308,0.66528,0,0,0.999216,0.262424,0.0564522,0.66528,12.849,1,0.386363,0.36288,0,42.14,5.07129,37.0453,0.84672,12.849,0.84672,3695.15,0,0,0,0.413182,2.38685,3.5612,1.12218,5.23905,0.42336,0,0.42336,460.49,0,1.02816,0,0,1.44134,0.413182,1.028160,1,0,42.3408,0,0,0,42.3408,0
87.7703,2.67295,0,0,2.54719,0.155978,0.36288,3.6288,61.308,0.66528,0,0,0.97543,0.285766,0.0243845,0.66528,12.849,1,0.38845,0.36288,0,39.7195,5.39705,34.2968,0.84672,12.849,0.84672,3695.15,0,0,0,0.393543,2.38698,3.46182,1.23243,5.00992,0.42336,0,0.42336,460.49,0,1.02816,0,0,1.4217,0.393543,1.028160,1,0,39.3312,0,0,0,39.3312,0
86.8155,2.67064,0,0,2.20413,0.12548,0.36288,3.6288,61.249,0.66528,0,0,0.917801,0.311496,0,0.66528,12.849,1,0.390964,0.36288,0,37.0557,6.10259,30.925,0.84672,12.849,0.84672,3695.15,0,0,0,0.295272,2.38711,3.45749,1.48002,4.65985,0.42336,0,0.42336,460.49,0,1.02816,0,0,1.32343,0.295272,1.028160,1,0,35.5848,0,0,0,35.5848,0
85.5517,2.73546,0,0,1.9664,0.131871,0.36288,3.6288,61.0494,0.706856,0,0,0.801205,0.293957,0,0.66528,12.849,1,0.404858,0.36288,0,30.7144,6.05085,24.6216,0.84672,12.849,0.84672,3695.15,0,0,0,0.261274,2.38725,2.96531,1.43776,4.17607,0.42336,0,0.42336,460.49,0,0.986584,0,0,1.24786,0.261274,1.028160,1,0,28.7977,0,0,0,28.7977,0
84.4272,2.73044,0,0,2.06214,0.0933111,0.36288,3.6288,60.9995,0.66528,0,0,0.922156,0.306829,0,0.66528,12.849,1,0.410085,0.36288,0,34.74,6.05882,28.634,0.84672,12.849,0.84672,3695.15,0,0,0,0.298512,2.4407,2.92857,1.46754,4.20024,0.42336,0,0.42336,460.49,0,1.02816,0,0,1.32667,0.298512,1.028160,1,0,32.8342,0,0,0,32.8342,0
83.2005,2.72588,0,0,1.95439,0.0923451,0.36288,3.6288,60.8524,0.66528,0,0,0.82499,0.306732,0,0.66528,12.849,1,0.414853,0.36288,0,30.6959,6.05882,24.5851,0.84672,12.849,0.84672,3695.15,0,0,0,0.427818,2.44084,3.05878,1.46754,4.4599,0.42336,0,0.42336,460.49,0,1.02816,0,0,1.45598,0.427818,1.028160,1,0,29.045,0,0,0,29.045,0
81.8525,2.72076,0,0,1.82701,0.0912913,0.36288,3.6288,60.644,0.66528,0,0,0.763292,0.306447,0,0.66528,12.849,1,0.420179,0.36288,0,29.1873,6.05882,23.0712,0.84672,12.849,0.84672,3695.15,0,0,0,0.302521,2.44097,2.68397,1.46754,3.95992,0.42336,0,0.42336,460.49,0,1.02816,0,0,1.33068,0.302521,1.028160,1,0,27.0311,0,0,0,27.0311,0
80.1445,2.91374,0,0,1.66328,0.0946518,0.36288,3.6288,60.4447,0.66528,0,0,0.765444,0.299449,0,0.66528,12.849,1,0.457391,0.36288,0,26.8904,5.9392,20.8566,0.84672,12.849,0.84672,3695.15,0,0,0,0.238913,2.44111,2.62657,1.43559,3.871,0.42336,0,0.42336,460.49,0,1.02816,0,0,1.26707,0.238913,1.028160,1,0,24.7276,0,0,0,24.7276,0
78.3399,2.90553,0,0,1.58358,0.119781,0.36288,3.6288,60.2884,0.66528,0,0,0.768563,0.259562,0,0.66528,12.849,1,0.465822,0.36288,0,27.3687,5.22154,22.0442,0.84672,12.849,0.84672,3695.15,0,0,0,0.328069,2.62373,2.6524,1.24385,4.36035,0.42336,0,0.42336,460.49,0,1.02816,0,0,1.35623,0.328069,1.028160,1,0,26.4045,0,0,0,26.4045,0
76.7488,2.8965,0,0,1.78593,0.117686,0.36288,3.6288,60.1582,0.66528,0,0,0.794293,0.259304,0,0.66528,12.849,1,0.475072,0.36288,0,26.1793,5.22154,20.8455,0.84672,12.849,0.84672,3695.15,0,0,0,0.288438,2.62388,2.94825,1.24385,4.61672,0.42336,0,0.42336,460.49,0,1.02816,0,0,1.3166,0.288438,1.028160,1,0,25.4623,0,0,0,25.4623,0
74.6627,2.88825,0,0,1.29516,0.130124,0.36288,3.6288,59.9186,0.66528,0,0,0.685005,0.25925,0,0.66528,12.849,1,0.48354,0.36288,0,25.1041,5.26595,19.7175,0.84672,12.849,0.84672,3695.15,0,0,0,0.210341,2.62402,2.0983,1.23516,3.69751,0.42336,0,0.42336,460.49,0,1.02816,0,0,1.2385,0.210341,1.028160,1,0,23.415,0,0,0,23.415,0
72.7043,2.87691,0,0,1.41929,0.137893,0.36288,3.6288,59.6989,0.691027,0,0,0.730313,0.258976,0,0.66528,12.849,1,0.495099,0.36288,0,22.4291,5.29924,16.9976,0.84672,12.849,0.84672,3695.15,0,0,0,0.204422,2.62417,2.16519,1.22863,3.76515,0.42336,0,0.42336,460.49,0,1.00241,0,0,1.20684,0.204422,1.028160,1,0,20.7628,0,0,0,20.7628,0
71.1669,2.77049,0,0,1.80512,0.209203,0.36288,3.6288,59.1652,0.859853,0,0,0.57315,0.247048,0,0.66528,12.849,1,0.489627,0.36288,0,39.364,5.35414,33.8831,0.84672,12.849,0.84672,3695.15,0,0,0,0.204422,2.62432,2.1113,1.20886,3.73118,0.42336,0,0.42336,460.49,0,0.833587,0,0,1.03801,0.204422,1.028160,1,0,37.6143,0,0,0,37.6143,0
69.678,2.76171,0,0,1.8367,0.200946,0.36288,3.6288,58.5642,0.994049,0,0,0.615216,0.222131,0,0.66528,12.849,1,0.49862,0.36288,0,40.4023,4.1745,36.092,0.84672,12.849,0.84672,3695.15,0,0,0,0.204422,2.51883,2.5711,0.862245,4.4321,0.42336,0,0.42336,460.49,0,0.699391,0,0,0.903813,0.204422,1.028160,1,0,40.5241,0,0,0,40.5241,0
68.3486,2.75289,0,0,1.99997,0.213625,0.36288,3.6288,58.7271,0.66528,0,0,1.04624,0.218113,0,0.66528,12.849,1,0.507648,0.36288,0,43.2747,4.08544,39.0444,0.84672,12.849,0.84672,3695.15,0,0,0,0.431559,2.51897,3.59902,0.851323,5.69822,0.42336,0,0.42336,460.49,0,1.02816,0,0,1.45972,0.431559,1.028160,1,0,44.7427,0,0,0,44.7427,0
66.9668,2.74476,0,0,1.93723,0.211427,0.36288,3.6288,58.891,0.66528,0,0,1.04758,0.218341,0,0.66528,12.849,1,0.515994,0.36288,0,41.5091,4.08544,37.2705,0.84672,12.849,0.84672,3695.15,0,0,0,0.435655,2.51911,3.29527,0.851323,5.39871,0.42336,0,0.42336,460.49,0,1.02816,0,0,1.46381,0.435655,1.028160,1,0,42.6692,0,0,0,42.6692,0
66.0702,2.65878,0,0,2.34558,0.220457,0.36288,3.6288,58.8314,0.66528,0,0,0.807926,0.202231,0,0.66528,12.849,1,0.510143,0.36288,0,35.7549,3.66069,31.947,0.84672,12.849,0.84672,3695.15,0,0,0,0.362301,2.51925,3.14296,0.831644,5.19286,0.42336,0,0.42336,460.49,0,1.02816,0,0,1.39046,0.362301,1.028160,1,0,37.1398,0,0,0,37.1398,0
65.9841,2.65316,0,0,3.1638,0.233874,0.36288,3.6288,58.5883,0.66528,0,0,0.602557,0.180376,0,0.66528,12.849,1,0.515972,0.36288,0,48.9131,3.09435,45.6657,0.84672,12.849,0.84672,3695.15,0,0,0,0.860302,2.42509,3.72114,0.805405,6.20112,0.42336,0,0.42336,460.49,0,1.02816,0,0,1.88846,0.860302,1.028160,1,0,51.8668,0,0,0,51.8668,0
65.8105,2.65277,0,0,3.07571,0.233714,0.36288,3.6288,58.8646,0.66528,0,0,1.12159,0.180094,0,0.66528,12.849,1,0.51657,0.36288,0,70.9252,3.09435,67.6771,0.84672,12.849,0.84672,3695.15,0,0,0,0.925042,2.42522,5.07665,0.805405,7.62151,0.42336,0,0.42336,460.49,0,1.02816,0,0,1.9532,0.925042,1.028160,1,0,75.2986,0,0,0,75.2986,0
65.6258,2.6518,0,0,3.06339,0.23339,0.36288,3.6288,59.2996,0.66528,0,0,1.28077,0.180414,0,0.66528,12.849,1,0.517745,0.36288,0,77.601,3.09435,74.3518,0.84672,12.849,0.84672,3695.15,0,0,0,1.36032,2.42536,5.26864,0.805405,8.24891,0.42336,0,0.42336,460.49,0,1.02816,0,0,2.38848,1.36032,1.028160,1,0,82.6007,0,0,0,82.6007,0
66.7604,2.43208,0,0,4.2376,0.308041,0.36288,3.6288,60.1307,0.66528,0,0,1.68383,0.18749,0,0.66528,12.849,1,0.476182,0.36288,0,89.6383,4.37382,85.1512,0.84672,12.849,0.84672,3695.15,0,0,0,1.98625,2.42549,8.39696,1.15858,11.6501,0.42336,0,0.42336,460.49,0,1.02816,0,0,3.01441,1.98625,1.028160,1,0,96.8013,0,0,0,96.8013,0
69.6103,2.43903,0,0,5.91706,0.265265,0.36288,3.6288,61.308,0.66528,0,0,3.87246,0.23089,1.79899,0.66528,12.849,1,0.469426,0.36288,0,94.1509,4.26132,89.7831,0.84672,12.849,0.84672,3695.15,0,0,0,4.06917,2.21611,13.4012,1.04075,18.6457,0.42336,0,0.42336,460.49,0,1.02816,0,0,5.09733,4.06917,1.028160,1,0,110.228,0,0,0,110.228,0
72.5063,2.45542,0,0,5.98556,0.271252,0.36288,3.6288,61.308,0.66528,0,0,3.27294,0.232621,2.37503,0.66528,12.849,1,0.453232,0.36288,0,164.037,4.26132,159.686,0.84672,12.849,0.84672,3695.15,0,0,0,3.18687,2.21623,9.85003,1.04075,14.2124,0.42336,0,0.42336,460.49,0,1.02816,0,0,4.21503,3.18687,1.028160,1,0,176.273,0,0,0,176.273,0
74.4782,2.47096,0,0,5.19297,0.387179,0.36288,3.6288,61.308,0.66528,0,0,2.69632,0.198289,1.83275,0.66528,12.849,1,0.437884,0.36288,0,182.33,3.86547,178.389,0.84672,12.849,0.84672,3695.15,0,0,0,2.25584,2.21636,7.16119,0.951313,10.6821,0.42336,0,0.42336,460.49,0,1.02816,0,0,3.284,2.25584,1.028160,1,0,190.904,0,0,0,190.904,0
76.9189,2.48101,0,0,5.66508,0.380531,0.36288,3.6288,61.308,0.66528,0,0,2.90837,0.204111,2.03898,0.66528,12.849,1,0.428024,0.36288,0,128.084,3.80037,124.218,0.84672,12.849,0.84672,3695.15,0,0,0,2.84616,2.21648,7.75257,1.041,11.7742,0.42336,0,0.42336,460.49,0,1.02816,0,0,3.87432,2.84616,1.028160,1,0,138.031,0,0,0,138.031,0
79.029,2.49265,0,0,5.42607,0.460474,0.36288,3.6288,61.308,0.66528,0,0,3.25629,0.213672,2.37733,0.66528,12.849,1,0.416387,0.36288,0,93.9686,3.65839,90.2567,0.84672,12.849,0.84672,3695.15,0,0,0,2.39303,2.2166,10.8734,1.16751,14.3156,0.42336,0,0.42336,460.49,0,1.02816,0,0,3.42119,2.39303,1.028160,1,0,106.95,0,0,0,106.95,0
81.5206,2.58891,0,0,5.94241,0.498955,0.36288,3.6288,61.308,0.66528,0,0,1.70492,0.217496,0.822147,0.66528,12.849,1,0.42092,0.36288,0,94.0585,3.6016,90.3988,0.84672,12.849,0.84672,3695.15,0,0,0,1.98273,2.2166,11.5377,1.21812,14.5189,0.42336,0,0.42336,460.49,0,1.02816,0,0,3.01089,1.98273,1.028160,1,0,105.74,0,0,0,105.74,0
85.4448,2.60017,0,0,7.39839,0.511132,0.36288,3.6288,61.308,0.66528,0,0,2.38102,0.217496,1.49824,0.66528,12.849,1,0.40983,0.36288,0,179.02,3.6016,175.371,0.84672,12.849,0.84672,3695.15,0,0,0,4.53666,2.28207,20.331,1.21812,25.9316,0.42336,0,0.42336,460.49,0,1.02816,0,0,5.56482,4.53666,1.028160,1,0,202.801,0,0,0,202.801,0
87.8645,2.61668,0,0,5.9295,0.53031,0.36288,3.6288,61.308,0.66528,0,0,2.78755,0.217496,1.90477,0.66528,12.849,1,0.393491,0.36288,0,160.52,3.6016,156.888,0.84672,12.849,0.84672,3695.15,0,0,0,2.4986,2.28218,13.391,1.21812,16.9536,0.42336,0,0.42336,460.49,0,1.02816,0,0,3.52676,2.4986,1.028160,1,0,175.746,0,0,0,175.746,0
91.3402,2.62629,0,0,7.03497,0.570103,0.36288,3.6288,61.308,0.66528,0,0,2.19473,0.19761,1.33184,0.66528,12.849,1,0.38406,0.36288,0,144.905,3.6342,141.25,0.84672,12.849,0.84672,3695.15,0,0,0,2.53019,2.28229,9.91967,1.15511,13.577,0.42336,0,0.42336,460.49,0,1.02816,0,0,3.55835,2.53019,1.028160,1,0,156.158,0,0,0,156.158,0
93.5668,2.92254,0,0,6.17343,0.661337,0.36288,3.6288,61.308,0.66528,0,0,3.61019,0.165993,2.77892,0.66528,12.849,1,0.411119,0.36288,0,120.596,3.94937,116.599,0.84672,12.849,0.84672,3695.15,0,0,0,3.58762,2.2824,13.904,1.04689,18.7271,0.42336,0,0.42336,460.49,0,1.02816,0,0,4.61578,3.58762,1.028160,1,0,138.105,0,0,0,138.105,0
96.4947,2.93131,0,0,6.89628,0.674208,0.36288,3.6288,61.308,0.66528,0,0,3.93128,0.165993,3.10001,0.66528,12.849,1,0.40254,0.36288,0,140.295,3.94937,136.306,0.84672,12.849,0.84672,3695.15,0,0,0,3.9959,2.51763,20.2221,1.04689,25.6887,0.42336,0,0.42336,460.49,0,1.02816,0,0,5.02406,3.9959,1.028160,1,0,165.095,0,0,0,165.095,0
97.506,2.94226,0,0,7.98276,0.691133,3.33807,3.6288,61.308,0.66528,0,0,3.90157,0.165993,3.0703,0.66528,12.849,1,0.391784,3.33807,0,187.525,3.94937,186.522,0.84672,12.849,0.84672,3695.15,0,0,0,4.17519,2.51776,18.3397,1.04689,23.9858,0.42336,0,0.42336,460.49,0,1.02816,0,0,5.20335,4.17519,1.028160,1,0,213.578,0,0,0,213.578,0
97.506,2.94602,0,0,7.24844,0.673116,3.62931,3.6288,61.308,0.66528,0,0,3.98657,0.168825,3.15246,0.66528,12.849,1,0.388216,3.62931,0,189.68,3.553,189.368,0.84672,12.849,0.84672,3695.15,0,0,0,4.41835,2.51788,18.8047,0.89032,24.8506,0.42336,0,0.42336,460.49,0,1.02816,0,0,5.44651,4.41835,1.028160,1,0,217.371,0,0,0,217.371,0
97.506,2.53887,0,0,6.6865,0.579327,3.5683,3.6288,61.308,0.66528,0,0,3.41988,0.197644,2.55696,0.66528,12.849,1,0.334563,3.5683,0,184.38,3.86037,183.754,0.84672,12.849,0.84672,3695.15,0,0,0,3.65318,2.518,18.8243,0.95554,24.04,0.42336,0,0.42336,460.49,0,1.02816,0,0,4.68134,3.65318,1.028160,1,0,210.35,0,0,0,210.35,0
97.506,2.53902,0,0,5.89997,0.591067,2.76989,3.6288,61.308,0.66528,0,0,2.80026,0.172945,1.96203,0.66528,12.849,1,0.334583,2.76989,0,200.673,3.45712,199.651,0.84672,12.849,0.84672,3695.15,0,0,0,2.63483,2.19741,14.0985,0.83714,18.0936,0.42336,0,0.42336,460.49,0,1.02816,0,0,3.66299,2.63483,1.028160,1,0,219.706,0,0,0,219.706,0
97.506,2.53916,0,0,8.40295,0.591067,5.27272,3.6288,61.308,0.66528,0,0,3.8595,0.172945,3.02127,0.66528,12.849,1,0.334602,5.27272,0,170.261,3.45712,171.742,0.84672,12.849,0.84672,3695.15,0,0,0,5.32677,2.19752,19.0549,0.83714,25.7421,0.42336,0,0.42336,460.49,0,1.02816,0,0,6.35493,5.32677,1.028160,1,0,200.505,0,0,0,200.505,0
97.506,2.53931,0,0,11.1324,0.591524,8.00154,3.6288,61.308,0.66528,0,0,6.08963,0.16159,5.26276,0.66528,12.849,1,0.334622,8.00154,0,184.877,3.40503,189.139,0.84672,12.849,0.84672,3695.15,0,0,0,5.92331,2.19762,24.5698,0.818365,31.8724,0.42336,0,0.42336,460.49,0,1.02816,0,0,6.95147,5.92331,1.028160,1,0,226.274,0,0,0,226.274,0
97.506,2.53946,0,0,10.0619,0.469364,7.05306,3.6288,61.308,0.66528,0,0,5.11023,0.15581,4.28914,0.66528,12.849,1,0.334641,7.05306,0,247.605,4.82703,249.497,0.84672,12.849,0.84672,3695.15,0,0,0,4.67936,2.19773,21.4385,0.933994,27.3816,0.42336,0,0.42336,460.49,0,1.02816,0,0,5.70752,4.67936,1.028160,1,0,281.167,0,0,0,281.167,0
97.506,2.64216,0,0,6.76046,0.448547,3.66976,3.6288,61.308,0.66528,0,0,3.50568,0.166202,2.6742,0.66528,12.849,1,0.348175,3.66976,0,159.074,5.11613,157.279,0.84672,12.849,0.84672,3695.15,0,0,0,3.08227,2.19784,15.9563,0.97204,20.2643,0.42336,0,0.42336,460.49,0,1.02816,0,0,4.11043,3.08227,1.028160,1,0,180.218,0,0,0,180.218,0
97.506,2.64231,0,0,5.47206,0.448547,2.3812,3.6288,61.308,0.66528,0,0,2.90021,0.166202,2.06873,0.66528,12.849,1,0.348195,2.3812,0,110.35,5.11613,107.267,0.84672,12.849,0.84672,3695.15,0,0,0,2.75663,2.27703,13.332,0.97204,17.3937,0.42336,0,0.42336,460.49,0,1.02816,0,0,3.78479,2.75663,1.028160,1,0,126.729,0,0,0,126.729,0
97.506,2.64247,0,0,4.78277,0.448547,1.69175,3.6288,61.308,0.66528,0,0,2.64356,0.166202,1.81208,0.66528,12.849,1,0.348215,1.69175,0,94.4715,5.11613,90.6989,0.84672,12.849,0.84672,3695.15,0,0,0,2.54104,2.27714,11.9469,0.97204,15.793,0.42336,0,0.42336,460.49,0,1.02816,0,0,3.5692,2.54104,1.028160,1,0,108.304,0,0,0,108.304,0
97.506,2.64262,0,0,4.94371,0.368466,1.93263,3.6288,61.308,0.66528,0,0,2.45455,0.17643,1.61284,0.66528,12.849,1,0.348235,1.93263,0,104.166,4.66932,101.082,0.84672,12.849,0.84672,3695.15,0,0,0,2.82674,2.27725,12.6566,0.979803,16.7808,0.42336,0,0.42336,460.49,0,1.02816,0,0,3.8549,2.82674,1.028160,1,0,119.475,0,0,0,119.475,0
97.506,2.60267,0,0,4.94885,0.327209,2.01898,3.6288,61.308,0.66528,0,0,2.21239,0.19032,1.35679,0.66528,12.849,1,0.34297,2.01898,0,115.887,4.57516,112.987,0.84672,12.849,0.84672,3695.15,0,0,0,2.7311,2.27736,11.4991,0.98913,15.5185,0.42336,0,0.42336,460.49,0,1.02816,0,0,3.75926,2.7311,1.028160,1,0,129.863,0,0,0,129.863,0
97.506,2.60282,0,0,4.64702,0.327209,1.71699,3.6288,61.308,0.66528,0,0,2.0359,0.19032,1.1803,0.66528,12.849,1,0.34299,1.71699,0,103.744,4.57516,100.543,0.84672,12.849,0.84672,3695.15,0,0,0,2.11395,2.24669,10.6154,0.98913,13.987,0.42336,0,0.42336,460.49,0,1.02816,0,0,3.14211,2.11395,1.028160,1,0,115.71,0,0,0,115.71,0
97.506,2.60297,0,0,4.24761,0.292856,1.35179,3.6288,61.308,0.66528,0,0,1.89015,0.203133,1.02173,0.66528,12.849,1,0.34301,1.35179,0,94.7143,4.85515,90.8679,0.84672,12.849,0.84672,3695.15,0,0,0,2.01194,2.2468,9.06673,1.02839,12.2971,0.42336,0,0.42336,460.49,0,1.02816,0,0,3.0401,2.01194,1.028160,1,0,104.187,0,0,0,104.187,0
97.506,2.60312,0,0,4.0314,0.274721,1.15356,3.6288,61.308,0.66528,0,0,1.72707,0.221457,0.84033,0.66528,12.849,1,0.34303,1.15356,0,85.9162,4.57213,82.1546,0.84672,12.849,0.84672,3695.15,0,0,0,2.03865,2.24691,9.30908,0.95259,12.6421,0.42336,0,0.42336,460.49,0,1.02816,0,0,3.06681,2.03865,1.028160,1,0,95.6369,0,0,0,95.6369,0
97.506,2.73944,0,0,3.73225,0.213531,0.779281,3.6288,61.308,0.66528,0,0,1.32741,0.250783,0.411352,0.66528,12.849,1,0.360993,0.779281,0,84.288,4.64026,80.0661,0.84672,12.849,0.84672,3695.15,0,0,0,1.62408,2.24702,7.10071,1.13617,9.83564,0.42336,0,0.42336,460.49,0,1.02816,0,0,2.65224,1.62408,1.028160,1,0,90.3131,0,0,0,90.3131,0
97.3901,2.73959,0,0,3.20009,0.213531,0.36288,3.6288,61.308,0.66528,0,0,1.37519,0.250783,0.459122,0.66528,12.849,1,0.361014,0.36288,0,53.2013,4.64026,48.5629,0.84672,12.849,0.84672,3695.15,0,0,0,1.6448,2.35502,6.7386,1.13617,9.60223,0.42336,0,0.42336,460.49,0,1.02816,0,0,2.67296,1.6448,1.028160,1,0,58.6243,0,0,0,58.6243,0
97.3399,2.73937,0,0,3.26541,0.213326,0.36288,3.6288,61.308,0.66528,0,0,1.31693,0.250783,0.400863,0.66528,12.849,1,0.361414,0.36288,0,53.2407,4.64026,48.6019,0.84672,12.849,0.84672,3695.15,0,0,0,0.879587,2.35513,5.87916,1.13617,7.9777,0.42336,0,0.42336,460.49,0,1.02816,0,0,1.90775,0.879587,1.028160,1,0,56.9805,0,0,0,56.9805,0
96.8069,2.73936,0,0,2.76955,0.200294,0.36288,3.6288,61.308,0.66528,0,0,1.06364,0.251242,0.147123,0.66528,12.849,1,0.3616,0.36288,0,54.0458,4.7133,49.3338,0.84672,12.849,0.84672,3695.15,0,0,0,0.7701,2.35525,5.62992,1.16367,7.59159,0.42336,0,0.42336,460.49,0,1.02816,0,0,1.79826,0.7701,1.028160,1,0,57.0725,0,0,0,57.0725,0
96.1595,2.73777,0,0,2.61648,0.163241,0.36288,3.6288,61.308,0.66528,0,0,1.13726,0.256338,0.21564,0.66528,12.849,1,0.363378,0.36288,0,51.9921,4.84749,47.1441,0.84672,12.849,0.84672,3695.15,0,0,0,1.00634,2.35536,6.63573,1.18654,8.81088,0.42336,0,0.42336,460.49,0,1.02816,0,0,2.0345,1.00634,1.028160,1,0,56.1706,0,0,0,56.1706,0
95.5352,2.70887,0,0,2.61661,0.16918,0.36288,3.6288,61.308,0.66528,0,0,1.0953,0.256729,0.173293,0.66528,12.849,1,0.361964,0.36288,0,49.2343,4.79682,44.4384,0.84672,12.849,0.84672,3695.15,0,0,0,1.06926,2.35548,7.16731,1.16286,9.42919,0.42336,0,0.42336,460.49,0,1.02816,0,0,2.09742,1.06926,1.028160,1,0,54.0409,0,0,0,54.0409,0
94.8093,2.70694,0,0,2.49604,0.152114,0.36288,3.6288,61.308,0.66528,0,0,1.06928,0.272273,0.131725,0.66528,12.849,1,0.36407,0.36288,0,46.298,5.01399,41.2828,0.84672,12.849,0.84672,3695.15,0,0,0,1.08234,2.39331,7.17889,1.23636,9.41819,0.42336,0,0.42336,460.49,0,1.02816,0,0,2.1105,1.08234,1.028160,1,0,50.8327,0,0,0,50.8327,0
93.8146,2.70465,0,0,2.18434,0.111499,0.36288,3.6288,61.308,0.66528,0,0,1.01028,0.307115,0.0378885,0.66528,12.849,1,0.366546,0.36288,0,43.5045,5.76031,37.7405,0.84672,12.849,0.84672,3695.15,0,0,0,0.87702,2.39343,6.98587,1.49555,8.76077,0.42336,0,0.42336,460.49,0,1.02816,0,0,1.90518,0.87702,1.028160,1,0,46.5392,0,0,0,46.5392,0
92.615,2.70138,0,0,1.98817,0.123498,0.36288,3.6288,61.308,0.66528,0,0,0.972363,0.306825,0.000258264,0.66528,12.849,1,0.369986,0.36288,0,35.995,5.89719,30.0907,0.84672,12.849,0.84672,3695.15,0,0,0,0.740889,2.39355,6.01995,1.52961,7.62477,0.42336,0,0.42336,460.49,0,1.02816,0,0,1.76905,0.740889,1.028160,1,0,37.7158,0,0,0,37.7158,0
91.2165,2.76648,0,0,1.86922,0.1384,0.36288,3.6288,61.2482,0.66528,0,0,0.919071,0.313582,0,0.66528,12.849,1,0.383809,0.36288,0,42.7605,5.71809,37.0215,0.84672,12.849,0.84672,3695.15,0,0,0,0.659007,2.39366,5.43428,1.44092,7.04604,0.42336,0,0.42336,460.49,0,1.02816,0,0,1.68717,0.659007,1.028160,1,0,44.0675,0,0,0,44.0675,0
89.6987,2.76148,0,0,1.74333,0.136727,0.36288,3.6288,61.0835,0.66528,0,0,0.814061,0.313464,0,0.66528,12.849,1,0.388989,0.36288,0,33.8273,5.71809,28.0831,0.84672,12.849,0.84672,3695.15,0,0,0,0.637295,2.44725,4.96023,1.44092,6.60387,0.42336,0,0.42336,460.49,0,1.02816,0,0,1.66545,0.637295,1.028160,1,0,34.687,0,0,0,34.687,0
88.0308,2.75588,0,0,1.58573,0.134911,0.36288,3.6288,60.8698,0.66528,0,0,0.764649,0.313137,0,0.66528,12.849,1,0.394769,0.36288,0,31.1053,5.71809,25.3553,0.84672,12.849,0.84672,3695.15,0,0,0,0.376652,2.44737,4.53969,1.44092,5.9228,0.42336,0,0.42336,460.49,0,1.02816,0,0,1.40481,0.376652,1.028160,1,0,31.2781,0,0,0,31.2781,0
86.5955,2.74951,0,0,1.7941,0.117021,0.36288,3.6288,60.8276,0.66528,0,0,0.929647,0.30654,0,0.66528,12.849,1,0.40132,0.36288,0,31.9881,5.85959,26.0901,0.84672,12.849,0.84672,3695.15,0,0,0,0.87194,2.44749,6.65541,1.47779,8.49705,0.42336,0,0.42336,460.49,0,1.02816,0,0,1.9001,0.87194,1.028160,1,0,34.5872,0,0,0,34.5872,0
84.3346,2.94472,0,0,1.2035,0.156777,0.36288,3.6288,60.2941,0.770956,0,0,0.551456,0.313944,0,0.66528,12.849,1,0.436936,0.36288,0,20.67,5.64092,14.955,0.84672,12.849,0.84672,3695.15,0,0,0,0.227405,2.44761,4.30165,1.45445,5.52222,0.42336,0,0.42336,460.49,0,0.922484,0,0,1.14989,0.227405,1.028160,1,0,20.4772,0,0,0,20.4772,0
82.165,2.93472,0,0,1.28155,0.153545,0.36288,3.6288,59.9943,0.66528,0,0,0.678314,0.312882,0,0.66528,12.849,1,0.447126,0.36288,0,26.3034,5.64092,20.5782,0.84672,12.849,0.84672,3695.15,0,0,0,0.389102,2.63074,4.80474,1.45445,6.37013,0.42336,0,0.42336,460.49,0,1.02816,0,0,1.41726,0.389102,1.028160,1,0,26.9483,0,0,0,26.9483,0
79.7813,2.92468,0,0,1.05433,0.150443,0.36288,3.6288,59.2468,0.929241,0,0,0.494008,0.312285,0,0.66528,12.849,1,0.457362,0.36288,0,24.0981,5.64092,18.3627,0.84672,12.849,0.84672,3695.15,0,0,0,0.204422,2.63087,3.93532,1.45445,5.31616,0.42336,0,0.42336,460.49,0,0.764199,0,0,0.968622,0.204422,1.028160,1,0,23.6788,0,0,0,23.6788,0
77.6722,2.91307,0,0,1.31388,0.147035,0.36288,3.6288,59.1265,0.66528,0,0,0.855772,0.310797,0,0.66528,12.849,1,0.469159,0.36288,0,23.4897,5.64092,17.7425,0.84672,12.849,0.84672,3695.15,0,0,0,0.885989,2.63099,6.13779,1.45445,8.20032,0.42336,0,0.42336,460.49,0,1.02816,0,0,1.91415,0.885989,1.028160,1,0,25.9429,0,0,0,25.9429,0
75.3687,2.90231,0,0,1.19102,0.229354,0.36288,3.6288,58.6659,0.748915,0,0,0.568178,0.279829,0,0.66528,12.849,1,0.480117,0.36288,0,31.04,4.72477,26.198,0.84672,12.849,0.84672,3695.15,0,0,0,0.204422,2.63112,5.25689,1.20488,6.88755,0.42336,0,0.42336,460.49,0,0.944525,0,0,1.14895,0.204422,1.028160,1,0,33.0855,0,0,0,33.0855,0
73.4317,2.79388,0,0,1.4722,0.25248,0.36288,3.6288,58.2368,0.738176,0,0,0.59476,0.28573,0,0.66528,12.849,1,0.476306,0.36288,0,31.5834,4.87588,26.5941,0.84672,12.849,0.84672,3695.15,0,0,0,0.204422,2.63125,5.15778,1.30653,6.68692,0.42336,0,0.42336,460.49,0,0.955264,0,0,1.15969,0.204422,1.028160,1,0,33.281,0,0,0,33.281,0
71.2485,2.78335,0,0,1.21054,0.247512,0.36288,3.6288,58.1178,0.66528,0,0,0.831285,0.284942,0,0.66528,12.849,1,0.487027,0.36288,0,30.66,4.87588,25.66,0.84672,12.849,0.84672,3695.15,0,0,0,0.950365,2.52545,5.82342,1.30653,7.9927,0.42336,0,0.42336,460.49,0,1.02816,0,0,1.97853,0.950365,1.028160,1,0,33.6527,0,0,0,33.6527,0
68.9407,2.77086,0,0,1.00445,0.178447,0.36288,3.6288,57.3945,0.885686,0,0,0.447108,0.284723,0,0.66528,12.849,1,0.499699,0.36288,0,29.3767,4.87588,24.364,0.84672,12.849,0.84672,3695.15,0,0,0,0.216518,2.52557,4.33689,1.30653,5.77245,0.42336,0,0.42336,460.49,0,0.807754,0,0,1.02427,0.216518,1.028160,1,0,30.1364,0,0,0,30.1364,0
66.6847,2.75692,0,0,1.07293,0.20911,0.36288,3.6288,56.7125,0.934934,0,0,0.503489,0.250623,0,0.66528,12.849,1,0.513828,0.36288,0,31.9959,4.46404,27.3809,0.84672,12.849,0.84672,3695.15,0,0,0,0.216518,2.52569,4.9683,1.16824,6.54228,0.42336,0,0.42336,460.49,0,0.758506,0,0,0.975024,0.216518,1.028160,1,0,33.9232,0,0,0,33.9232,0
64.5728,2.66511,0,0,1.13873,0.222709,0.36288,3.6288,56.1663,0.903753,0,0,0.577046,0.219472,0,0.66528,12.849,1,0.51352,0.36288,0,48.3216,4.16115,44.0098,0.84672,12.849,0.84672,3695.15,0,0,0,0.216518,2.52582,6.57678,1.04964,8.26947,0.42336,0,0.42336,460.49,0,0.789687,0,0,1.00621,0.216518,1.028160,1,0,52.2793,0,0,0,52.2793,0
64.7128,2.65125,0,0,3.37318,0.218982,0.36288,3.6288,57.1811,0.66528,0,0,1.89881,0.218691,0,0.66528,12.849,1,0.527559,0.36288,0,90.8329,4.16115,86.5071,0.84672,12.849,0.84672,3695.15,0,0,0,2.5296,2.43137,11.5839,1.04964,15.4952,0.42336,0,0.42336,460.49,0,1.02816,0,0,3.55776,2.5296,1.028160,1,0,102.002,0,0,0,102.002,0
64.1234,2.65236,0,0,2.65162,0.225804,0.36288,3.6288,57.7613,0.66528,0,0,1.46788,0.222394,0,0.66528,12.849,1,0.526637,0.36288,0,102.605,4.09974,98.3417,0.84672,12.849,0.84672,3695.15,0,0,0,2.19173,2.43149,11.0696,1.02843,14.6644,0.42336,0,0.42336,460.49,0,1.02816,0,0,3.21989,2.19173,1.028160,1,0,113.006,0,0,0,113.006,0
63.9612,2.64848,0,0,3.1131,0.263994,0.36288,3.6288,58.5982,0.66528,0,0,1.739,0.236799,0,0.66528,12.849,1,0.5307,0.36288,0,54.2511,3.73128,50.352,0.84672,12.849,0.84672,3695.15,0,0,0,2.2155,2.43161,10.7373,0.901153,14.4832,0.42336,0,0.42336,460.49,0,1.02816,0,0,3.24366,2.2155,1.028160,1,0,64.8352,0,0,0,64.8352,0
66.3272,2.42916,0,0,5.43689,0.278828,0.36288,3.6288,59.3596,0.66528,0,0,1.61147,0.184838,0,0.66528,12.849,1,0.487987,0.36288,0,109.884,3.9964,105.763,0.84672,12.849,0.84672,3695.15,0,0,0,2.70953,2.43173,13.7841,1.07129,17.8541,0.42336,0,0.42336,460.49,0,1.02816,0,0,3.73769,2.70953,1.028160,1,0,123.617,0,0,0,123.617,0
68.0147,2.44388,0,0,4.77845,0.284171,0.36288,3.6288,59.6929,0.66528,0,0,1.1843,0.185743,0,0.66528,12.849,1,0.473432,0.36288,0,105.462,3.9964,101.355,0.84672,12.849,0.84672,3695.15,0,0,0,1.51778,2.22175,10.3889,1.07129,13.0571,0.42336,0,0.42336,460.49,0,1.02816,0,0,2.54594,1.51778,1.028160,1,0,114.413,0,0,0,114.413,0
70.6785,2.4539,0,0,5.76857,0.287982,0.36288,3.6288,60.6388,0.66528,0,0,1.79734,0.186139,0,0.66528,12.849,1,0.463579,0.36288,0,144.842,3.9964,140.745,0.84672,12.849,0.84672,3695.15,0,0,0,2.63452,2.22186,12.7679,1.07129,16.553,0.42336,0,0.42336,460.49,0,1.02816,0,0,3.66268,2.63452,1.028160,1,0,157.298,0,0,0,157.298,0
73.5801,2.46883,0,0,6.0273,0.293998,0.36288,3.6288,61.308,0.66528,0,0,1.8061,0.187264,0.284356,0.66528,12.849,1,0.448821,0.36288,0,170.04,3.9964,165.958,0.84672,12.849,0.84672,3695.15,0,0,0,2.30868,2.22197,16.4563,1.07129,19.9157,0.42336,0,0.42336,460.49,0,1.02816,0,0,3.33684,2.30868,1.028160,1,0,186.158,0,0,0,186.158,0
74.6385,2.48404,0,0,4.29649,0.391161,0.36288,3.6288,61.308,0.66528,0,0,1.74962,0.239866,0.844472,0.66528,12.849,1,0.433778,0.36288,0,102.193,4.41674,97.7054,0.84672,12.849,0.84672,3695.15,0,0,0,3.08484,2.22208,11.6681,1.08326,15.8917,0.42336,0,0.42336,460.49,0,1.02816,0,0,4.113,3.08484,1.028160,1,0,114.442,0,0,0,114.442,0
75.0322,2.57549,0,0,3.71623,0.384134,0.36288,3.6288,61.308,0.66528,0,0,2.02629,0.280238,1.08077,0.66528,12.849,1,0.443371,0.36288,0,86.5754,4.59085,81.904,0.84672,12.849,0.84672,3695.15,0,0,0,2.72678,2.22218,9.89729,1.288,13.5583,0.42336,0,0.42336,460.49,0,1.02816,0,0,3.75494,2.72678,1.028160,1,0,96.5431,0,0,0,96.5431,0
75.5406,2.57761,0,0,3.84606,0.397173,0.36288,3.6288,61.308,0.66528,0,0,1.98819,0.279127,1.04379,0.66528,12.849,1,0.441406,0.36288,0,77.2312,4.60561,72.5471,0.84672,12.849,0.84672,3695.15,0,0,0,2.40624,2.28781,8.92892,1.35514,12.2678,0.42336,0,0.42336,460.49,0,1.02816,0,0,3.4344,2.40624,1.028160,1,0,85.8587,0,0,0,85.8587,0
76.3231,2.58028,0,0,4.12489,0.399232,0.36288,3.6288,61.308,0.66528,0,0,1.72905,0.279127,0.784647,0.66528,12.849,1,0.438889,0.36288,0,101.983,4.60561,97.3015,0.84672,12.849,0.84672,3695.15,0,0,0,1.98716,2.2879,9.55143,1.35514,12.4714,0.42336,0,0.42336,460.49,0,1.02816,0,0,3.01532,1.98716,1.028160,1,0,110.557,0,0,0,110.557,0
77.2846,2.58426,0,0,4.33305,0.424467,0.36288,3.6288,61.308,0.66528,0,0,1.97068,0.272489,1.03291,0.66528,12.849,1,0.435059,0.36288,0,93.884,4.57241,89.2394,0.84672,12.849,0.84672,3695.15,0,0,0,2.51048,2.288,10.0071,1.32671,13.4789,0.42336,0,0.42336,460.49,0,1.02816,0,0,3.53864,2.51048,1.028160,1,0,103.751,0,0,0,103.751,0
83.4963,2.86684,0,0,9.92087,0.479429,0.36288,3.6288,61.308,0.66528,0,0,4.27425,0.264424,3.34455,0.66528,12.849,1,0.476629,0.36288,0,170.442,4.44461,165.884,0.84672,12.849,0.84672,3695.15,0,0,0,6.91008,2.2881,20.1715,1.17135,28.1984,0.42336,0,0.42336,460.49,0,1.02816,0,0,7.93824,6.91008,1.028160,1,0,197.427,0,0,0,197.427,0
87.4725,2.89772,0,0,7.69556,0.458819,0.36288,3.6288,61.308,0.66528,0,0,4.07286,0.254607,3.15297,0.66528,12.849,1,0.445921,0.36288,0,188.493,4.09725,184.313,0.84672,12.849,0.84672,3695.15,0,0,0,6.4673,2.52395,18.8481,1.02806,26.8113,0.42336,0,0.42336,460.49,0,1.02816,0,0,7.49546,6.4673,1.028160,1,0,214.277,0,0,0,214.277,0
91.1336,2.91553,0,0,7.41822,0.47865,0.36288,3.6288,61.308,0.66528,0,0,3.96006,0.249,3.04578,0.66528,12.849,1,0.428268,0.36288,0,170.193,4.03043,166.098,0.84672,12.849,0.84672,3695.15,0,0,0,5.91322,2.52406,18.009,1.00228,25.444,0.42336,0,0.42336,460.49,0,1.02816,0,0,6.94138,5.91322,1.028160,1,0,194.587,0,0,0,194.587,0
95.2875,2.93076,0,0,7.93843,0.490935,0.36288,3.6288,61.308,0.66528,0,0,4.53173,0.241774,3.62468,0.66528,12.849,1,0.41321,0.36288,0,208.856,3.97176,204.834,0.84672,12.849,0.84672,3695.15,0,0,0,6.71905,2.52416,18.9236,0.961975,27.2048,0.42336,0,0.42336,460.49,0,1.02816,0,0,7.74721,6.71905,1.028160,1,0,235.664,0,0,0,235.664,0
97.506,2.53947,0,0,7.95507,0.48661,2.71046,3.6288,61.308,0.66528,0,0,3.11839,0.198418,2.25469,0.66528,12.849,1,0.342434,2.71046,0,113.463,3.61977,112.211,0.84672,12.849,0.84672,3695.15,0,0,0,4.09196,2.52427,17.0591,0.720145,22.9552,0.42336,0,0.42336,460.49,0,1.02816,0,0,5.12012,4.09196,1.028160,1,0,137.421,0,0,0,137.421,0
97.506,2.54649,0,0,6.32485,0.495731,3.28263,3.6288,61.308,0.66528,0,0,2.36564,0.198418,1.50194,0.66528,12.849,1,0.335567,3.28263,0,129.057,3.61977,128.384,0.84672,12.849,0.84672,3695.15,0,0,0,2.49355,2.2028,12.5642,0.720145,16.5404,0.42336,0,0.42336,460.49,0,1.02816,0,0,3.52171,2.49355,1.028160,1,0,146.426,0,0,0,146.426,0
97.506,2.54661,0,0,4.28538,0.476254,1.26251,3.6288,61.308,0.66528,0,0,1.63474,0.192402,0.777058,0.66528,12.849,1,0.335584,1.26251,0,104.109,3.53257,101.503,0.84672,12.849,0.84672,3695.15,0,0,0,1.88753,2.2029,11.3461,0.70762,14.7289,0.42336,0,0.42336,460.49,0,1.02816,0,0,2.91569,1.88753,1.028160,1,0,117.009,0,0,0,117.009,0
97.506,2.54674,0,0,5.82586,0.35939,2.91973,3.6288,61.308,0.66528,0,0,1.94858,0.156304,1.127,0.66528,12.849,1,0.335601,2.91973,0,106.509,3.0094,106.083,0.84672,12.849,0.84672,3695.15,0,0,0,2.42923,2.20299,12.1605,0.632467,16.1603,0.42336,0,0.42336,460.49,0,1.02816,0,0,3.45739,2.42923,1.028160,1,0,123.371,0,0,0,123.371,0
97.506,2.54687,0,0,6.54792,0.427325,3.57373,3.6288,61.308,0.66528,0,0,2.34066,0.196865,1.47852,0.66528,12.849,1,0.335617,3.57373,0,96.7291,3.63185,96.3354,0.84672,12.849,0.84672,3695.15,0,0,0,2.12275,2.20308,9.63118,0.754624,13.2024,0.42336,0,0.42336,460.49,0,1.02816,0,0,3.15091,2.12275,1.028160,1,0,111.016,0,0,0,111.016,0
97.506,2.64982,0,0,7.30771,0.4393,4.21859,3.6288,61.308,0.66528,0,0,2.6934,0.208632,1.81949,0.66528,12.849,1,0.349184,4.21859,0,117.668,3.89361,117.644,0.84672,12.849,0.84672,3695.15,0,0,0,2.17898,2.20317,9.69805,0.779485,13.3007,0.42336,0,0.42336,460.49,0,1.02816,0,0,3.20714,2.17898,1.028160,1,0,132.764,0,0,0,132.764,0
97.506,2.64995,0,0,5.34012,0.4393,2.25087,3.6288,61.308,0.66528,0,0,2.33075,0.208632,1.45684,0.66528,12.849,1,0.349201,2.25087,0,96.9123,3.89361,94.9203,0.84672,12.849,0.84672,3695.15,0,0,0,1.86891,2.28256,7.9215,0.779485,11.2935,0.42336,0,0.42336,460.49,0,1.02816,0,0,2.89707,1.86891,1.028160,1,0,107.671,0,0,0,107.671,0
97.506,2.65008,0,0,4.4345,0.449973,1.33444,3.6288,61.308,0.66528,0,0,1.99591,0.177161,1.15347,0.66528,12.849,1,0.349218,1.33444,0,72.1665,3.4105,69.7413,0.84672,12.849,0.84672,3695.15,0,0,0,1.58707,2.28266,6.8726,0.752621,9.98971,0.42336,0,0.42336,460.49,0,1.02816,0,0,2.61523,1.58707,1.028160,1,0,80.8844,0,0,0,80.8844,0
97.506,2.65021,0,0,3.75293,0.45631,0.646407,3.6288,61.308,0.66528,0,0,1.49903,0.1809,0.652851,0.66528,12.849,1,0.349236,0.646407,0,55.9426,3.44766,52.7921,0.84672,12.849,0.84672,3695.15,0,0,0,1.07491,2.28275,5.58732,0.861923,8.08305,0.42336,0,0.42336,460.49,0,1.02816,0,0,2.10307,1.07491,1.028160,1,0,61.528,0,0,0,61.528,0
97.2403,2.61013,0,0,3.15429,0.447003,0.36288,3.6288,61.308,0.66528,0,0,0.921948,0.206596,0.050072,0.66528,12.849,1,0.343954,0.36288,0,45.4307,3.79392,41.6557,0.84672,12.849,0.84672,3695.15,0,0,0,0.5569,2.28285,4.24556,0.847406,6.2379,0.42336,0,0.42336,460.49,0,1.02816,0,0,1.58506,0.5569,1.028160,1,0,47.9437,0,0,0,47.9437,0
96.934,2.60943,0,0,3.03973,0.373734,0.36288,3.6288,61.308,0.66528,0,0,0.964431,0.226215,0.0729359,0.66528,12.849,1,0.344802,0.36288,0,43.5093,3.9669,39.5605,0.84672,12.849,0.84672,3695.15,0,0,0,0.623324,2.25208,4.50815,0.857735,6.52582,0.42336,0,0.42336,460.49,0,1.02816,0,0,1.65148,0.623324,1.028160,1,0,46.1592,0,0,0,46.1592,0
96.4055,2.6086,0,0,2.81579,0.372782,0.36288,3.6288,61.308,0.66528,0,0,0.89513,0.226215,0.00363446,0.66528,12.849,1,0.345781,0.36288,0,39.7008,3.9669,35.751,0.84672,12.849,0.84672,3695.15,0,0,0,0.521536,2.25217,4.42452,0.857735,6.34049,0.42336,0,0.42336,460.49,0,1.02816,0,0,1.5497,0.521536,1.028160,1,0,42.0951,0,0,0,42.0951,0
96.0053,2.60706,0,0,2.94013,0.370345,0.36288,3.6288,61.308,0.66528,0,0,0.978359,0.219233,0.0938463,0.66528,12.849,1,0.347471,0.36288,0,41.1813,3.76086,37.4358,0.84672,12.849,0.84672,3695.15,0,0,0,0.442601,2.25227,4.11097,0.866918,5.93892,0.42336,0,0.42336,460.49,0,1.02816,0,0,1.47076,0.442601,1.028160,1,0,43.4686,0,0,0,43.4686,0
95.1232,2.74218,0,0,2.57044,0.347532,0.36288,3.6288,61.2608,0.66528,0,0,0.856051,0.237966,0,0.66528,12.849,1,0.367003,0.36288,0,40.873,4.36054,36.5083,0.84672,12.849,0.84672,3695.15,0,0,0,0.422556,2.25236,3.55349,1.0301,5.1983,0.42336,0,0.42336,460.49,0,1.02816,0,0,1.45072,0.422556,1.028160,1,0,41.7066,0,0,0,41.7066,0
94.1683,2.73932,0,0,2.49223,0.344957,0.36288,3.6288,60.9997,0.806103,0,0,0.782853,0.237895,0,0.66528,12.849,1,0.37002,0.36288,0,37.5763,4.36054,33.2086,0.84672,12.849,0.84672,3695.15,0,0,0,0.402797,2.36062,3.30514,1.0301,5.03845,0.42336,0,0.42336,460.49,0,0.887337,0,0,1.29013,0.402797,1.028160,1,0,38.2471,0,0,0,38.2471,0
92.9932,2.73615,0,0,2.218,0.294036,0.36288,3.6288,60.7276,0.758756,0,0,0.743066,0.256353,0,0.66528,12.849,1,0.37334,0.36288,0,33.2426,4.57474,28.6574,0.84672,12.849,0.84672,3695.15,0,0,0,0.30119,2.36072,3.21519,1.08483,4.79227,0.42336,0,0.42336,460.49,0,0.934684,0,0,1.23587,0.30119,1.028160,1,0,33.4496,0,0,0,33.4496,0
91.7428,2.73214,0,0,2.09995,0.25535,0.36288,3.6288,60.338,0.83173,0,0,0.7121,0.270024,0,0.66528,12.849,1,0.377504,0.36288,0,31.6748,4.7354,26.9247,0.84672,12.849,0.84672,3695.15,0,0,0,0.30119,2.36082,3.17972,1.12588,4.71585,0.42336,0,0.42336,460.49,0,0.86171,0,0,1.1629,0.30119,1.028160,1,0,31.6406,0,0,0,31.6406,0
90.3132,2.72776,0,0,1.88476,0.223702,0.36288,3.6288,60.2146,0.66528,0,0,0.80625,0.26433,0,0.66528,12.849,1,0.382036,0.36288,0,32.3937,4.60662,27.7679,0.84672,12.849,0.84672,3695.15,0,0,0,0.411921,2.36092,3.17952,1.20193,4.75042,0.42336,0,0.42336,460.49,0,1.02816,0,0,1.44008,0.411921,1.028160,1,0,32.5183,0,0,0,32.5183,0
88.7736,2.69585,0,0,1.72868,0.209502,0.36288,3.6288,60.0843,0.66528,0,0,0.797066,0.262113,0,0.66528,12.849,1,0.383542,0.36288,0,32.5231,4.55511,27.9473,0.84672,12.849,0.84672,3695.15,0,0,0,0.43772,2.36101,3.22478,1.23236,4.79115,0.42336,0,0.42336,460.49,0,1.02816,0,0,1.46588,0.43772,1.028160,1,0,32.7385,0,0,0,32.7385,0
87.088,2.69017,0,0,1.57407,0.206657,0.36288,3.6288,59.9461,0.66528,0,0,0.789005,0.261896,0,0.66528,12.849,1,0.389372,0.36288,0,32.2715,4.55511,27.6899,0.84672,12.849,0.84672,3695.15,0,0,0,0.439811,2.39893,3.10369,1.23236,4.71007,0.42336,0,0.42336,460.49,0,1.02816,0,0,1.46797,0.439811,1.028160,1,0,32.4,0,0,0,32.4,0
85.262,2.68374,0,0,1.42417,0.203543,0.36288,3.6288,59.7478,0.66884,0,0,0.732214,0.261665,0,0.66528,12.849,1,0.395959,0.36288,0,28.9803,4.55511,24.3921,0.84672,12.849,0.84672,3695.15,0,0,0,0.261274,2.39903,2.9767,1.23236,4.40465,0.42336,0,0.42336,460.49,0,1.0246,0,0,1.28587,0.261274,1.028160,1,0,28.7968,0,0,0,28.7968,0
83.3957,2.6765,0,0,1.33108,0.158014,0.36288,3.6288,59.4105,0.706337,0,0,0.688841,0.319774,0,0.66528,12.849,1,0.403349,0.36288,0,26.5437,5.51715,20.9861,0.84672,12.849,0.84672,3695.15,0,0,0,0.261274,2.39913,2.85812,1.51627,4.00226,0.42336,0,0.42336,460.49,0,0.987103,0,0,1.24838,0.261274,1.028160,1,0,24.9884,0,0,0,24.9884,0
81.6615,2.73721,0,0,1.51874,0.152896,0.36288,3.6288,59.3121,0.66528,0,0,0.879958,0.313144,0,0.66528,12.849,1,0.421729,0.36288,0,34.6444,5.94615,28.6394,0.84672,12.849,0.84672,3695.15,0,0,0,0.322039,2.39923,3.38697,1.50474,4.6035,0.42336,0,0.42336,460.49,0,1.02816,0,0,1.3502,0.322039,1.028160,1,0,33.2429,0,0,0,33.2429,0
79.8166,2.72961,0,0,1.39807,0.150406,0.36288,3.6288,59.0799,0.66528,0,0,0.746012,0.312947,0,0.66528,12.849,1,0.429489,0.36288,0,28.4566,5.94615,22.4439,0.84672,12.849,0.84672,3695.15,0,0,0,0.403894,2.45294,3.27487,1.50474,4.62697,0.42336,0,0.42336,460.49,0,1.02816,0,0,1.43205,0.403894,1.028160,1,0,27.0708,0,0,0,27.0708,0
77.865,2.72119,0,0,1.28015,0.147756,0.36288,3.6288,58.7617,0.696678,0,0,0.690949,0.312482,0,0.66528,12.849,1,0.438061,0.36288,0,27.0479,5.94615,21.0265,0.84672,12.849,0.84672,3695.15,0,0,0,0.227405,2.45305,2.87858,1.50474,4.05429,0.42336,0,0.42336,460.49,0,0.996762,0,0,1.22417,0.227405,1.028160,1,0,25.0808,0,0,0,25.0808,0
76.0119,2.7119,0,0,1.35257,0.130844,0.36288,3.6288,58.5726,0.66528,0,0,0.793212,0.316941,0,0.66528,12.849,1,0.447508,0.36288,0,26.5277,6.0957,20.3473,0.84672,12.849,0.84672,3695.15,0,0,0,0.440839,2.45315,3.808,1.53462,5.16737,0.42336,0,0.42336,460.49,0,1.02816,0,0,1.469,0.440839,1.028160,1,0,25.5147,0,0,0,25.5147,0
74.1414,2.90048,0,0,1.53201,0.13913,0.36288,3.6288,58.4773,0.66528,0,0,0.908531,0.338599,0,0.66528,12.849,1,0.490295,0.36288,0,31.6446,6.04882,25.4684,0.84672,12.849,0.84672,3695.15,0,0,0,0.283565,2.45325,4.21013,1.34536,5.60159,0.42336,0,0.42336,460.49,0,1.02816,0,0,1.31172,0.283565,1.028160,1,0,31.07,0,0,0,31.07,0
72.1955,2.89008,0,0,1.46597,0.158946,0.36288,3.6288,58.3871,0.66528,0,0,0.897402,0.322281,0,0.66528,12.849,1,0.500862,0.36288,0,29.9947,6.10836,23.7484,0.84672,12.849,0.84672,3695.15,0,0,0,0.54737,2.63681,4.72347,1.35482,6.55284,0.42336,0,0.42336,460.49,0,1.02816,0,0,1.57553,0.54737,1.028160,1,0,30.3012,0,0,0,30.3012,0
70.2166,2.87876,0,0,1.37243,0.109684,0.36288,3.6288,58.2803,0.66528,0,0,0.883043,0.324636,0,0.66528,12.849,1,0.512348,0.36288,0,30.2281,6.18313,23.8955,0.84672,12.849,0.84672,3695.15,0,0,0,1.04978,2.63692,4.49123,1.36976,6.80817,0.42336,0,0.42336,460.49,0,1.02816,0,0,2.07794,1.04978,1.028160,1,0,30.7036,0,0,0,30.7036,0
68.1967,2.8667,0,0,1.3177,0.108036,0.36288,3.6288,58.1609,0.66528,0,0,0.870342,0.324412,0,0.66528,12.849,1,0.524579,0.36288,0,28.5089,6.18313,22.1641,0.84672,12.849,0.84672,3695.15,0,0,0,1.01244,2.63703,4.42699,1.36976,6.7067,0.42336,0,0.42336,460.49,0,1.02816,0,0,2.0406,1.01244,1.028160,1,0,28.8708,0,0,0,28.8708,0
66.095,2.85376,0,0,1.20288,0.0879748,0.36288,3.6288,57.7465,0.66528,0,0,0.583397,0.332551,0,0.66528,12.849,1,0.53768,0.36288,0,29.7654,6.4273,23.1633,0.84672,12.849,0.84672,3695.15,0,0,0,0.598536,2.63715,3.70239,1.49767,5.44039,0.42336,0,0.42336,460.49,0,1.02816,0,0,1.6267,0.598536,1.028160,1,0,28.6037,0,0,0,28.6037,0
64.1636,2.74522,0,0,1.2634,0.0866984,0.36288,3.6288,57.1608,0.66528,0,0,0.387214,0.307604,0,0.66528,12.849,1,0.533677,0.36288,0,22.2679,5.90826,16.1888,0.84672,12.849,0.84672,3695.15,0,0,0,0.311256,2.63726,3.64177,1.32281,5.26748,0.42336,0,0.42336,460.49,0,1.02816,0,0,1.33942,0.311256,1.028160,1,0,21.4563,0,0,0,21.4563,0
62.3772,2.73197,0,0,1.44994,0.141477,0.36288,3.6288,56.6052,0.66528,0,0,0.375773,0.266119,0,0.66528,12.849,1,0.547088,0.36288,0,19.0865,5.57697,13.3253,0.84672,12.849,0.84672,3695.15,0,0,0,0.258975,2.53117,2.65447,1.20902,4.2356,0.42336,0,0.42336,460.49,0,1.02816,0,0,1.28714,0.258975,1.028160,1,0,17.5609,0,0,0,17.5609,0
61.4123,2.71912,0,0,2.2566,0.139433,0.36288,3.6288,56.2978,0.66528,0,0,0.623036,0.265159,0,0.66528,12.849,1,0.560107,0.36288,0,31.0267,5.57697,25.2525,0.84672,12.849,0.84672,3695.15,0,0,0,1.18924,2.53128,4.73496,1.20902,7.24647,0.42336,0,0.42336,460.49,0,1.02816,0,0,2.2174,1.18924,1.028160,1,0,32.4989,0,0,0,32.4989,0
60.2204,2.71197,0,0,2.02065,0.1377,0.36288,3.6288,55.9415,0.66528,0,0,0.558249,0.249214,0,0.66528,12.849,1,0.567412,0.36288,0,53.9895,5.3637,48.4212,0.84672,12.849,0.84672,3695.15,0,0,0,0.945942,2.53139,4.00814,1.17707,6.3084,0.42336,0,0.42336,460.49,0,1.02816,0,0,1.9741,0.945942,1.028160,1,0,54.7296,0,0,0,54.7296,0
60.7248,2.62659,0,0,3.62639,0.132585,0.36288,3.6288,55.9822,0.66528,0,0,0.862298,0.156367,0,0.66528,12.849,1,0.560425,0.36288,0,46.5013,4.08408,42.2196,0.84672,12.849,0.84672,3695.15,0,0,0,1.43038,2.53149,7.04801,0.98538,10.0245,0.42336,0,0.42336,460.49,0,1.02816,0,0,2.45854,1.43038,1.028160,1,0,52.2441,0,0,0,52.2441,0
60.3085,2.63056,0,0,2.71034,0.133158,0.36288,3.6288,56.0675,0.66528,0,0,0.906958,0.156408,0,0.66528,12.849,1,0.556611,0.36288,0,32.6579,4.08408,28.3801,0.84672,12.849,0.84672,3695.15,0,0,0,1.67619,2.43681,5.49679,0.98538,8.6244,0.42336,0,0.42336,460.49,0,1.02816,0,0,2.70435,1.67619,1.028160,1,0,37.0045,0,0,0,37.0045,0
60.6627,2.62752,0,0,3.51612,0.171475,0.36288,3.6288,55.9147,0.66528,0,0,0.682407,0.169836,0,0.66528,12.849,1,0.559806,0.36288,0,43.63,4.31604,39.117,0.84672,12.849,0.84672,3695.15,0,0,0,0.959963,2.43691,9.4679,1.03953,11.8252,0.42336,0,0.42336,460.49,0,1.02816,0,0,1.98812,0.959963,1.028160,1,0,50.9423,0,0,0,50.9423,0
65.4246,2.63035,0,0,7.95625,0.201153,0.36288,3.6288,56.1127,0.66528,0,0,1.04287,0.179661,0,0.66528,12.849,1,0.557136,0.36288,0,129.984,4.49001,125.3,0.84672,12.849,0.84672,3695.15,0,0,0,2.85018,2.43701,8.34109,1.08015,12.5481,0.42336,0,0.42336,460.49,0,1.02816,0,0,3.87834,2.85018,1.028160,1,0,137.848,0,0,0,137.848,0
66.5201,2.44468,0,0,4.15017,0.247078,0.36288,3.6288,57.0303,0.66528,0,0,1.73225,0.149382,0,0.66528,12.849,1,0.480121,0.36288,0,84.4145,3.71457,80.5827,0.84672,12.849,0.84672,3695.15,0,0,0,2.61649,2.43711,11.6229,0.792884,15.8837,0.42336,0,0.42336,460.49,0,1.02816,0,0,3.64465,2.61649,1.028160,1,0,96.4664,0,0,0,96.4664,0
70.5975,2.45143,0,0,7.14734,0.255626,0.36288,3.6288,58.7968,0.66528,0,0,2.57701,0.145162,0,0.66528,12.849,1,0.473518,0.36288,0,207.281,3.58533,203.585,0.84672,12.849,0.84672,3695.15,0,0,0,4.53701,2.22662,17.7758,0.745006,23.7944,0.42336,0,0.42336,460.49,0,1.02816,0,0,5.56517,4.53701,1.028160,1,0,227.38,0,0,0,227.38,0
73.7112,2.47469,0,0,6.21515,0.263897,0.36288,3.6288,61.308,0.66528,0,0,4.21591,0.146828,0.892634,0.66528,12.849,1,0.450403,0.36288,0,212.599,3.58533,208.926,0.84672,12.849,0.84672,3695.15,0,0,0,5.50132,2.22671,18.1509,0.745006,25.1339,0.42336,0,0.42336,460.49,0,1.02816,0,0,6.52948,5.50132,1.028160,1,0,234.953,0,0,0,234.953,0
75.5578,2.49102,0,0,5.07491,0.374407,0.36288,3.6288,61.308,0.66528,0,0,1.73527,0.197405,0.872581,0.66528,12.849,1,0.434223,0.36288,0,132.285,4.30794,127.906,0.84672,12.849,0.84672,3695.15,0,0,0,3.46824,2.2268,13.3945,1.03001,18.0595,0.42336,0,0.42336,460.49,0,1.02816,0,0,4.4964,3.46824,1.028160,1,0,146.838,0,0,0,146.838,0
79.2109,2.50021,0,0,6.90517,0.389001,0.36288,3.6288,61.308,0.66528,0,0,2.58172,0.216974,1.69946,0.66528,12.849,1,0.425174,0.36288,0,164.245,4.56607,159.616,0.84672,12.849,0.84672,3695.15,0,0,0,5.15494,2.2269,17.3693,1.2538,23.4974,0.42336,0,0.42336,460.49,0,1.02816,0,0,6.1831,5.15494,1.028160,1,0,184.813,0,0,0,184.813,0
78.0733,2.60421,0,0,2.24188,0.412425,0.36288,3.6288,61.308,0.66528,0,0,0.912825,0.232353,0.0151912,0.66528,12.849,1,0.422435,0.36288,0,62.8608,4.74967,58.0515,0.84672,12.849,0.84672,3695.15,0,0,0,1.39879,2.22699,6.93999,1.48884,9.07693,0.42336,0,0.42336,460.49,0,1.02816,0,0,2.42695,1.39879,1.028160,1,0,67.1436,0,0,0,67.1436,0
78.7933,2.59903,0,0,4.08975,0.407838,0.36288,3.6288,61.308,0.66528,0,0,1.0475,0.232353,0.149871,0.66528,12.849,1,0.427739,0.36288,0,59.3275,4.74967,54.513,0.84672,12.849,0.84672,3695.15,0,0,0,1.72343,2.29275,7.76209,1.48884,10.2894,0.42336,0,0.42336,460.49,0,1.02816,0,0,2.75159,1.72343,1.028160,1,0,64.9523,0,0,0,64.9523,0
77.39,2.6025,0,0,1.99973,0.437574,0.36288,3.6288,61.308,0.66528,0,0,1.00202,0.224082,0.112653,0.66528,12.849,1,0.424396,0.36288,0,48.0941,4.29395,43.7387,0.84672,12.849,0.84672,3695.15,0,0,0,1.68739,2.29283,5.93222,1.34843,8.56401,0.42336,0,0.42336,460.49,0,1.02816,0,0,2.71555,1.68739,1.028160,1,0,52.4153,0,0,0,52.4153,0
76.0289,2.59601,0,0,2.09545,0.497705,0.36288,3.6288,61.308,0.66528,0,0,1.08704,0.203404,0.218357,0.66528,12.849,1,0.431013,0.36288,0,42.9954,3.15462,39.7727,0.84672,12.849,0.84672,3695.15,0,0,0,2.11126,2.29291,7.1547,0.997389,10.5615,0.42336,0,0.42336,460.49,0,1.02816,0,0,3.13942,2.11126,1.028160,1,0,50.5525,0,0,0,50.5525,0
75.8941,2.86732,0,0,3.52989,0.43445,0.36288,3.6288,61.308,0.66528,0,0,0.900124,0.165034,0.0698098,0.66528,12.849,1,0.484582,0.36288,0,90.5196,2.58982,87.808,0.84672,12.849,0.84672,3695.15,0,0,0,1.60854,2.29299,6.01976,0.733676,9.18762,0.42336,0,0.42336,460.49,0,1.02816,0,0,2.6367,1.60854,1.028160,1,0,97.0655,0,0,0,97.0655,0
75.3806,2.8667,0,0,3.1499,0.433859,0.36288,3.6288,61.308,0.66528,0,0,0.919547,0.165034,0.0892325,0.66528,12.849,1,0.485338,0.36288,0,85.6993,2.58982,82.987,0.84672,12.849,0.84672,3695.15,0,0,0,1.61778,2.52938,6.0198,0.733676,9.43328,0.42336,0,0.42336,460.49,0,1.02816,0,0,2.64594,1.61778,1.028160,1,0,92.5095,0,0,0,92.5095,0
75.0739,2.864,0,0,3.31898,0.398753,0.36288,3.6288,61.308,0.66528,0,0,0.956802,0.192858,0.0986639,0.66528,12.849,1,0.488183,0.36288,0,86.5071,3.76097,82.6209,0.84672,12.849,0.84672,3695.15,0,0,0,1.7367,2.52947,6.70493,1.13273,9.83836,0.42336,0,0.42336,460.49,0,1.02816,0,0,2.76486,1.7367,1.028160,1,0,92.5579,0,0,0,92.5579,0
75.0161,2.86241,0,0,3.52095,0.353467,0.36288,3.6288,61.308,0.66528,0,0,0.985712,0.197484,0.122947,0.66528,12.849,1,0.489906,0.36288,0,92.1171,3.48696,88.5031,0.84672,12.849,0.84672,3695.15,0,0,0,2.11011,2.52956,7.79993,0.963175,11.4764,0.42336,0,0.42336,460.49,0,1.02816,0,0,3.13827,2.11011,1.028160,1,0,100.102,0,0,0,100.102,0
77.3649,2.46668,0,0,5.67307,0.494707,0.36288,3.6288,61.308,0.66528,0,0,2.15567,0.133503,1.35689,0.66528,12.849,1,0.422501,0.36288,0,139.043,2.90829,136.075,0.84672,12.849,0.84672,3695.15,0,0,0,3.50063,2.52964,10.1123,0.748837,15.3937,0.42336,0,0.42336,460.49,0,1.02816,0,0,4.52879,3.50063,1.028160,1,0,152.825,0,0,0,152.825,0
79.8604,2.47778,0,0,5.8427,0.506554,0.36288,3.6288,61.308,0.66528,0,0,2.00073,0.133503,1.20195,0.66528,12.849,1,0.411518,0.36288,0,135.828,2.90829,132.871,0.84672,12.849,0.84672,3695.15,0,0,0,4.18646,2.20743,11.3213,0.748837,16.9664,0.42336,0,0.42336,460.49,0,1.02816,0,0,5.21462,4.18646,1.028160,1,0,151.039,0,0,0,151.039,0
84.2744,2.48896,0,0,7.78499,0.519141,0.36288,3.6288,61.308,0.66528,0,0,2.374,0.133503,1.57522,0.66528,12.849,1,0.400458,0.36288,0,190.407,2.90829,187.462,0.84672,12.849,0.84672,3695.15,0,0,0,4.52186,2.20751,12.8991,0.748837,18.8796,0.42336,0,0.42336,460.49,0,1.02816,0,0,5.55002,4.52186,1.028160,1,0,207.916,0,0,0,207.916,0
89.5045,2.50727,0,0,8.64086,0.540581,0.36288,3.6288,61.308,0.66528,0,0,2.49796,0.132033,1.70065,0.66528,12.849,1,0.382274,0.36288,0,226.65,3.0696,223.561,0.84672,12.849,0.84672,3695.15,0,0,0,4.69635,2.20758,17.1304,0.809201,23.2252,0.42336,0,0.42336,460.49,0,1.02816,0,0,5.72451,4.69635,1.028160,1,0,248.486,0,0,0,248.486,0
94.8735,2.52691,0,0,8.73595,0.477171,0.36288,3.6288,61.308,0.66528,0,0,3.03101,0.118254,2.24747,0.66528,12.849,1,0.362755,0.36288,0,304.343,3.33991,301.003,0.84672,12.849,0.84672,3695.15,0,0,0,5.0287,2.20766,15.9809,0.723538,22.4937,0.42336,0,0.42336,460.49,0,1.02816,0,0,6.05686,5.0287,1.028160,1,0,325.745,0,0,0,325.745,0
97.506,2.64782,0,0,9.06953,0.489909,3.29932,3.6288,61.308,0.66528,0,0,2.65461,0.178146,1.81118,0.66528,12.849,1,0.358602,3.29932,0,255.744,4.32689,254.358,0.84672,12.849,0.84672,3695.15,0,0,0,5.36822,2.20774,17.6287,0.890269,24.3144,0.42336,0,0.42336,460.49,0,1.02816,0,0,6.39638,5.36822,1.028160,1,0,280.483,0,0,0,280.483,0
97.506,2.65648,0,0,7.02199,0.488857,3.87665,3.6288,61.308,0.66528,0,0,2.66029,0.185199,1.80981,0.66528,12.849,1,0.350062,3.87665,0,256.904,4.41021,256.021,0.84672,12.849,0.84672,3695.15,0,0,0,5.3868,2.28729,16.9518,0.92653,23.6993,0.42336,0,0.42336,460.49,0,1.02816,0,0,6.41496,5.3868,1.028160,1,0,281.53,0,0,0,281.53,0
97.506,2.65659,0,0,5.83127,0.488857,2.68582,3.6288,61.308,0.66528,0,0,1.82765,0.185199,0.977174,0.66528,12.849,1,0.350076,2.68582,0,220.947,4.41021,218.873,0.84672,12.849,0.84672,3695.15,0,0,0,4.32842,2.28737,10.9735,0.92653,16.6628,0.42336,0,0.42336,460.49,0,1.02816,0,0,5.35658,4.32842,1.028160,1,0,236.513,0,0,0,236.513,0
97.506,2.6567,0,0,5.62397,0.429207,2.53806,3.6288,61.308,0.66528,0,0,1.67643,0.200853,0.810295,0.66528,12.849,1,0.350091,2.53806,0,189.115,4.6005,186.702,0.84672,12.849,0.84672,3695.15,0,0,0,4.18741,2.28745,10.3613,0.966858,15.8694,0.42336,0,0.42336,460.49,0,1.02816,0,0,5.21557,4.18741,1.028160,1,0,203.382,0,0,0,203.382,0
97.506,2.61651,0,0,5.09649,0.280085,2.1999,3.6288,61.308,0.66528,0,0,1.10933,0.239986,0.204067,0.66528,12.849,1,0.344795,2.1999,0,161.03,5.07623,157.809,0.84672,12.849,0.84672,3695.15,0,0,0,2.8693,2.28753,8.64285,1.06768,12.732,0.42336,0,0.42336,460.49,0,1.02816,0,0,3.89746,2.8693,1.028160,1,0,170.745,0,0,0,170.745,0
97.506,2.61662,0,0,4.61116,0.280085,1.71445,3.6288,61.308,0.66528,0,0,1.04909,0.239986,0.14382,0.66528,12.849,1,0.344809,1.71445,0,138.128,5.07623,134.421,0.84672,12.849,0.84672,3695.15,0,0,0,2.67416,2.25668,7.79674,1.06768,11.6599,0.42336,0,0.42336,460.49,0,1.02816,0,0,3.70232,2.67416,1.028160,1,0,146.225,0,0,0,146.225,0
97.506,2.61673,0,0,4.21551,0.280085,1.31869,3.6288,61.308,0.66528,0,0,0.942486,0.239986,0.03722,0.66528,12.849,1,0.344824,1.31869,0,123.377,5.07623,119.274,0.84672,12.849,0.84672,3695.15,0,0,0,2.2491,2.25676,6.79942,1.06768,10.2376,0.42336,0,0.42336,460.49,0,1.02816,0,0,3.27726,2.2491,1.028160,1,0,129.549,0,0,0,129.549,0
97.506,2.61684,0,0,3.88437,0.280085,0.987446,3.6288,61.308,0.66528,0,0,0.921845,0.239986,0.0165791,0.66528,12.849,1,0.344838,0.987446,0,115.123,5.07623,110.689,0.84672,12.849,0.84672,3695.15,0,0,0,1.967,2.25684,6.34254,1.06768,9.4987,0.42336,0,0.42336,460.49,0,1.02816,0,0,2.99516,1.967,1.028160,1,0,120.204,0,0,0,120.204,0
97.506,2.75376,0,0,3.70049,0.218476,0.728255,3.6288,61.2497,0.66528,0,0,0.844517,0.237526,0,0.66528,12.849,1,0.362881,0.728255,0,113.575,5.04555,108.894,0.84672,12.849,0.84672,3695.15,0,0,0,1.8258,2.25692,7.66498,1.11824,10.6294,0.42336,0,0.42336,460.49,0,1.02816,0,0,2.85396,1.8258,1.028160,1,0,119.524,0,0,0,119.524,0
97.506,2.75388,0,0,3.53058,0.192062,0.584641,3.6288,61.1657,0.66528,0,0,0.807408,0.226143,0,0.66528,12.849,1,0.362896,0.584641,0,107.102,4.94424,102.38,0.84672,12.849,0.84672,3695.15,0,0,0,1.72161,2.3654,7.30702,1.1086,10.2854,0.42336,0,0.42336,460.49,0,1.02816,0,0,2.74977,1.72161,1.028160,1,0,112.665,0,0,0,112.665,0
97.506,2.75399,0,0,3.35855,0.192062,0.412496,3.6288,61.0646,0.66528,0,0,0.79018,0.226023,0,0.66528,12.849,1,0.362911,0.412496,0,100.24,4.94424,95.3458,0.84672,12.849,0.84672,3695.15,0,0,0,1.65745,2.36548,6.99875,1.1086,9.91308,0.42336,0,0.42336,460.49,0,1.02816,0,0,2.68561,1.65745,1.028160,1,0,105.259,0,0,0,105.259,0
97.4319,2.75411,0,0,3.235,0.192062,0.36288,3.6288,60.9325,0.66528,0,0,0.759059,0.225878,0,0.66528,12.849,1,0.362927,0.36288,0,94.6434,4.94424,89.6991,0.84672,12.849,0.84672,3695.15,0,0,0,1.72293,2.36556,5.50991,1.1086,8.4898,0.42336,0,0.42336,460.49,0,1.02816,0,0,2.75109,1.72293,1.028160,1,0,98.1889,0,0,0,98.1889,0
96.7575,2.75398,0,0,2.60949,0.167074,0.36288,3.6288,60.6504,0.66528,0,0,0.633651,0.250451,0,0.66528,12.849,1,0.363185,0.36288,0,60.4303,5.1321,55.2979,0.84672,12.849,0.84672,3695.15,0,0,0,1.00615,2.36565,4.26436,1.18264,6.45351,0.42336,0,0.42336,460.49,0,1.02816,0,0,2.03431,1.00615,1.028160,1,0,61.7514,0,0,0,61.7514,0
95.6776,2.72482,0,0,2.15543,0.147592,0.36288,3.6288,60.2321,0.688677,0,0,0.538913,0.268542,0,0.66528,12.849,1,0.361845,0.36288,0,38.1606,5.273,32.8887,0.84672,12.849,0.84672,3695.15,0,0,0,0.30119,2.36573,3.59643,1.23817,5.02518,0.42336,0,0.42336,460.49,0,1.00476,0,0,1.30595,0.30119,1.028160,1,0,37.9139,0,0,0,37.9139,0
94.4397,2.72133,0,0,1.99257,0.146262,0.36288,3.6288,59.8144,0.670853,0,0,0.521008,0.267829,0,0.66528,12.849,1,0.36546,0.36288,0,37.9302,5.273,32.6546,0.84672,12.849,0.84672,3695.15,0,0,0,0.261274,2.40371,3.64676,1.23817,5.07358,0.42336,0,0.42336,460.49,0,1.02259,0,0,1.28386,0.261274,1.028160,1,0,37.7282,0,0,0,37.7282,0
93.0238,2.71723,0,0,1.80891,0.144737,0.36288,3.6288,59.2427,0.796807,0,0,0.492191,0.267117,0,0.66528,12.849,1,0.369692,0.36288,0,36.8029,5.273,31.523,0.84672,12.849,0.84672,3695.15,0,0,0,0.261274,2.40379,3.42794,1.23817,4.85483,0.42336,0,0.42336,460.49,0,0.896633,0,0,1.15791,0.261274,1.028160,1,0,36.3779,0,0,0,36.3779,0
91.5285,2.7124,0,0,1.70872,0.128711,0.36288,3.6288,58.5651,0.86559,0,0,0.471155,0.283107,0,0.66528,12.849,1,0.374652,0.36288,0,34.3598,5.40693,28.9411,0.84672,12.849,0.84672,3695.15,0,0,0,0.261274,2.40388,3.33958,1.32034,4.6844,0.42336,0,0.42336,460.49,0,0.82785,0,0,1.08912,0.261274,1.028160,1,0,33.6255,0,0,0,33.6255,0
90.1342,2.77651,0,0,1.84197,0.0969163,0.36288,3.6288,58.0411,0.691304,0,0,0.475018,0.307771,0,0.66528,12.849,1,0.389773,0.36288,0,32.9139,5.22249,27.6645,0.84672,12.849,0.84672,3695.15,0,0,0,0.261274,2.40396,3.39059,1.45268,4.60314,0.42336,0,0.42336,460.49,0,1.00214,0,0,1.26341,0.261274,1.028160,1,0,32.2677,0,0,0,32.2677,0
88.6262,2.77135,0,0,1.72193,0.0957371,0.36288,3.6288,57.3738,0.800021,0,0,0.439497,0.306734,0,0.66528,12.849,1,0.395067,0.36288,0,31.2962,5.22249,26.0416,0.84672,12.849,0.84672,3695.15,0,0,0,0.261274,2.45777,2.97512,1.45268,4.24149,0.42336,0,0.42336,460.49,0,0.893419,0,0,1.15469,0.261274,1.028160,1,0,30.2831,0,0,0,30.2831,0
87.102,2.76559,0,0,1.69877,0.0944617,0.36288,3.6288,56.8556,0.688323,0,0,0.4755,0.305413,0,0.66528,12.849,1,0.400954,0.36288,0,29.0397,5.22249,23.7792,0.84672,12.849,0.84672,3695.15,0,0,0,0.227405,2.45786,3.36451,1.45268,4.59709,0.42336,0,0.42336,460.49,0,1.00512,0,0,1.23252,0.227405,1.028160,1,0,28.3763,0,0,0,28.3763,0
85.7473,2.75959,0,0,1.83304,0.0653185,0.36288,3.6288,56.4071,0.66528,0,0,0.502337,0.28557,0,0.66528,12.849,1,0.407085,0.36288,0,29.9318,5.46406,24.4235,0.84672,12.849,0.84672,3695.15,0,0,0,0.33302,2.45794,4.15037,1.52246,5.41887,0.42336,0,0.42336,460.49,0,1.02816,0,0,1.36118,0.33302,1.028160,1,0,29.8424,0,0,0,29.8424,0
83.5083,2.95561,0,0,1.20403,0.12454,0.36288,3.6288,55.6223,0.900426,0,0,0.396855,0.281188,0,0.66528,12.849,1,0.44289,0.36288,0,25.2091,4.80958,20.3195,0.84672,12.849,0.84672,3695.15,0,0,0,0.227405,2.45803,2.50728,1.50243,3.69029,0.42336,0,0.42336,460.49,0,0.793014,0,0,1.02042,0.227405,1.028160,1,0,24.0098,0,0,0,24.0098,0
81.0861,2.94544,0,0,1.03175,0.145633,0.36288,3.6288,54.6608,1.03861,0,0,0.359791,0.282721,0,0.66528,12.849,1,0.4532,0.36288,0,22.2782,4.55102,17.6368,0.84672,12.849,0.84672,3695.15,0,0,0,0.227405,2.64196,2.26791,1.49161,3.64566,0.42336,0,0.42336,460.49,0,0.654834,0,0,0.882239,0.227405,1.028160,1,0,21.2825,0,0,0,21.2825,0
79.146,2.93387,0,0,1.49901,0.142323,0.36288,3.6288,53.9344,0.858816,0,0,0.413413,0.280938,0,0.66528,12.849,1,0.464905,0.36288,0,25.3733,4.55102,20.7203,0.84672,12.849,0.84672,3695.15,0,0,0,0.204422,2.64205,2.51447,1.49161,3.86933,0.42336,0,0.42336,460.49,0,0.834624,0,0,1.03905,0.204422,1.028160,1,0,24.5896,0,0,0,24.5896,0
77.835,2.92419,0,0,2.16051,0.184432,0.36288,3.6288,53.4394,0.771552,0,0,0.547205,0.270651,0,0.66528,12.849,1,0.474729,0.36288,0,41.3976,4.4196,36.8662,0.84672,12.849,0.84672,3695.15,0,0,0,0.204422,2.64214,2.79938,1.4651,4.18085,0.42336,0,0.42336,460.49,0,0.921888,0,0,1.12631,0.204422,1.028160,1,0,41.047,0,0,0,41.047,0
75.7487,2.91745,0,0,1.44188,0.24786,0.36288,3.6288,52.6094,1.0405,0,0,0.456062,0.245639,0,0.66528,12.849,1,0.481612,0.36288,0,40.2437,3.83299,36.2919,0.84672,12.849,0.84672,3695.15,0,0,0,0.204422,2.64224,2.66616,1.26866,4.24416,0.42336,0,0.42336,460.49,0,0.65294,0,0,0.857362,0.204422,1.028160,1,0,40.5361,0,0,0,40.5361,0
73.6356,2.80966,0,0,1.41119,0.35177,0.36288,3.6288,51.439,1.36567,0,0,0.41343,0.21812,0,0.66528,12.849,1,0.476594,0.36288,0,33.4092,2.79626,30.4993,0.84672,12.849,0.84672,3695.15,0,0,0,0.204422,2.64233,3.43839,1.01019,5.27496,0.42336,0,0.42336,460.49,0,0.327772,0,0,0.532195,0.204422,1.028160,1,0,35.7742,0,0,0,35.7742,0
71.8764,2.79813,0,0,1.74612,0.344248,0.36288,3.6288,50.735,1.04483,0,0,0.55688,0.216072,0,0.66528,12.849,1,0.488259,0.36288,0,39.4569,2.79626,36.5353,0.84672,12.849,0.84672,3695.15,0,0,0,0.216518,2.53601,2.91702,1.01019,4.65936,0.42336,0,0.42336,460.49,0,0.648613,0,0,0.865131,0.216518,1.028160,1,0,41.1946,0,0,0,41.1946,0
69.9054,2.78811,0,0,1.42884,0.248857,0.36288,3.6288,50.5161,0.66528,0,0,0.661258,0.214839,0,0.66528,12.849,1,0.498417,0.36288,0,31.9613,2.79626,29.0295,0.84672,12.849,0.84672,3695.15,0,0,0,0.243759,2.5361,3.66741,1.01019,5.43708,0.42336,0,0.42336,460.49,0,1.02816,0,0,1.27192,0.243759,1.028160,1,0,34.4666,0,0,0,34.4666,0
71.5535,2.77635,0,0,5.08089,0.293606,0.36288,3.6288,51.2662,0.66528,0,0,1.59496,0.179585,0,0.66528,12.849,1,0.510309,0.36288,0,101.399,2.31481,98.9371,0.84672,12.849,0.84672,3695.15,0,0,0,2.03428,2.53619,5.71263,0.888783,9.39432,0.42336,0,0.42336,460.49,0,1.02816,0,0,3.06244,2.03428,1.028160,1,0,108.331,0,0,0,108.331,0
72.5328,2.70783,0,0,4.29544,0.245388,0.36288,3.6288,51.9107,0.66528,0,0,1.50881,0.199008,0,0.66528,12.849,1,0.486251,0.36288,0,144.593,4.38113,140.088,0.84672,12.849,0.84672,3695.15,0,0,0,1.78643,2.53628,8.21146,1.01016,11.524,0.42336,0,0.42336,460.49,0,1.02816,0,0,2.81459,1.78643,1.028160,1,0,151.612,0,0,0,151.612,0
71.8268,2.71352,0,0,2.7068,0.336405,0.36288,3.6288,51.9106,0.66528,0,0,0.865227,0.200049,0,0.66528,12.849,1,0.480693,0.36288,0,49.9457,4.38113,45.4467,0.84672,12.849,0.84672,3695.15,0,0,0,0.631014,2.44138,5.60664,1.01016,7.66888,0.42336,0,0.42336,460.49,0,1.02816,0,0,1.65917,0.631014,1.028160,1,0,53.1156,0,0,0,53.1156,0
72.1936,2.70963,0,0,3.76563,0.326366,0.36288,3.6288,52.6051,0.66528,0,0,1.54284,0.183057,0,0.66528,12.849,1,0.484721,0.36288,0,65.6469,4.35915,61.1659,0.84672,12.849,0.84672,3695.15,0,0,0,1.68608,2.44147,6.31644,0.985124,9.45886,0.42336,0,0.42336,460.49,0,1.02816,0,0,2.71424,1.68608,1.028160,1,0,70.6248,0,0,0,70.6248,0
72.515,2.71183,0,0,3.75571,0.359554,0.36288,3.6288,53.1905,0.66528,0,0,1.42786,0.177248,0,0.66528,12.849,1,0.482651,0.36288,0,75.6078,4.35036,71.1376,0.84672,12.849,0.84672,3695.15,0,0,0,1.50287,2.44155,6.43106,0.97511,9.40037,0.42336,0,0.42336,460.49,0,1.02816,0,0,2.53103,1.50287,1.028160,1,0,80.538,0,0,0,80.538,0
72.2726,2.49003,0,0,3.03183,0.421326,0.36288,3.6288,53.2449,0.66528,0,0,0.931548,0.211814,0,0.66528,12.849,1,0.441211,0.36288,0,87.7184,4.32895,83.3111,0.84672,12.849,0.84672,3695.15,0,0,0,1.41586,2.44164,7.88627,1.041,10.7028,0.42336,0,0.42336,460.49,0,1.02816,0,0,2.44402,1.41586,1.028160,1,0,94.0139,0,0,0,94.0139,0
73.5311,2.48888,0,0,4.40938,0.2991,0.36288,3.6288,53.4084,0.66528,0,0,1.03273,0.204016,0,0.66528,12.849,1,0.442486,0.36288,0,151.548,4.33104,147.138,0.84672,12.849,0.84672,3695.15,0,0,0,1.97109,2.23071,9.63429,1.13368,12.7024,0.42336,0,0.42336,460.49,0,1.02816,0,0,2.99925,1.97109,1.028160,1,0,159.84,0,0,0,159.84,0
75.1145,2.49543,0,0,4.85375,0.412061,0.36288,3.6288,53.5758,0.66528,0,0,1.03702,0.204282,0,0.66528,12.849,1,0.436058,0.36288,0,166.743,4.33104,162.339,0.84672,12.849,0.84672,3695.15,0,0,0,0.904608,2.23079,7.81289,1.13368,9.81461,0.42336,0,0.42336,460.49,0,1.02816,0,0,1.93277,0.904608,1.028160,1,0,172.154,0,0,0,172.154,0
77.0394,2.50339,0,0,5.21002,0.418815,0.36288,3.6288,55.268,0.66528,0,0,2.562,0.204555,0,0.66528,12.849,1,0.428226,0.36288,0,178.826,4.33104,174.429,0.84672,12.849,0.84672,3695.15,0,0,0,1.89324,2.23086,10.7934,1.13368,13.7839,0.42336,0,0.42336,460.49,0,1.02816,0,0,2.9214,1.89324,1.028160,1,0,188.213,0,0,0,188.213,0
78.7722,2.51266,0,0,5.01855,0.410208,0.36288,3.6288,56.2108,0.66528,0,0,1.79721,0.189123,0,0.66528,12.849,1,0.419073,0.36288,0,144.033,3.79551,140.181,0.84672,12.849,0.84672,3695.15,0,0,0,1.88442,2.23094,10.1995,0.966745,13.3481,0.42336,0,0.42336,460.49,0,1.02816,0,0,2.91258,1.88442,1.028160,1,0,153.53,0,0,0,153.53,0
80.5677,2.60779,0,0,5.15744,0.39131,0.36288,3.6288,56.5542,0.66528,0,0,1.17384,0.165179,0,0.66528,12.849,1,0.425372,0.36288,0,130.233,2.67099,127.5,0.84672,12.849,0.84672,3695.15,0,0,0,1.23624,2.23102,7.337,0.70387,10.1004,0.42336,0,0.42336,460.49,0,1.02816,0,0,2.2644,1.23624,1.028160,1,0,137.6,0,0,0,137.6,0
81.6893,2.61606,0,0,4.49874,0.398209,0.36288,3.6288,56.9621,0.66528,0,0,1.23879,0.16555,0,0.66528,12.849,1,0.417211,0.36288,0,78.8797,2.67099,76.1544,0.84672,12.849,0.84672,3695.15,0,0,0,1.51143,2.2969,7.27296,0.70387,10.3774,0.42336,0,0.42336,460.49,0,1.02816,0,0,2.53959,1.51143,1.028160,1,0,86.5318,0,0,0,86.5318,0
84.8069,2.62109,0,0,6.53958,0.437953,0.36288,3.6288,57.498,0.66528,0,0,1.35751,0.156394,0,0.66528,12.849,1,0.412275,0.36288,0,102.101,2.7513,99.3008,0.84672,12.849,0.84672,3695.15,0,0,0,1.72628,2.29696,10.7287,0.752583,13.9994,0.42336,0,0.42336,460.49,0,1.02816,0,0,2.75444,1.72628,1.028160,1,0,113.3,0,0,0,113.3,0
88.0714,2.63434,0,0,6.80393,0.54221,0.36288,3.6288,58.1513,0.66528,0,0,1.4515,0.132865,0,0.66528,12.849,1,0.399126,0.36288,0,123.317,2.95208,120.329,0.84672,12.849,0.84672,3695.15,0,0,0,2.03476,2.29703,13.9812,0.874363,17.4386,0.42336,0,0.42336,460.49,0,1.02816,0,0,3.06292,2.03476,1.028160,1,0,137.767,0,0,0,137.767,0
90.3829,2.9313,0,0,6.0424,0.436742,0.36288,3.6288,59.5346,0.66528,0,0,2.1787,0.13017,0,0.66528,12.849,1,0.427656,0.36288,0,137.669,3.3254,134.279,0.84672,12.849,0.84672,3695.15,0,0,0,3.54659,2.29709,17.8505,0.86386,22.8303,0.42336,0,0.42336,460.49,0,1.02816,0,0,4.57475,3.54659,1.028160,1,0,157.109,0,0,0,157.109,0
92.3735,2.94097,0,0,5.75463,0.460178,0.36288,3.6288,60.2687,0.66528,0,0,1.51901,0.119605,0,0.66528,12.849,1,0.418094,0.36288,0,158.172,3.45327,154.663,0.84672,12.849,0.84672,3695.15,0,0,0,2.40261,2.53392,12.8024,0.833359,16.9056,0.42336,0,0.42336,460.49,0,1.02816,0,0,3.43077,2.40261,1.028160,1,0,171.569,0,0,0,171.569,0
97.506,2.94898,0,0,10.4124,0.557651,1.77329,3.6288,61.1792,0.66528,0,0,1.71508,0.139257,0,0.66528,12.849,1,0.410198,1.77329,0,169.589,3.44646,167.505,0.84672,12.849,0.84672,3695.15,0,0,0,4.59644,2.53399,16.7935,0.846417,23.0775,0.42336,0,0.42336,460.49,0,1.02816,0,0,5.6246,4.59644,1.028160,1,0,190.583,0,0,0,190.583,0
97.506,2.96815,0,0,4.80916,0.599905,1.2411,3.6288,61.308,0.66528,0,0,1.40802,0.153768,0.460209,0.66528,12.849,1,0.391133,1.2411,0,158.814,3.40872,156.255,0.84672,12.849,0.84672,3695.15,0,0,0,1.86534,2.53406,13.7156,0.866973,17.248,0.42336,0,0.42336,460.49,0,1.02816,0,0,2.8935,1.86534,1.028160,1,0,173.963,0,0,0,173.963,0
97.3594,2.55814,0,0,3.42361,0.64922,0.36288,3.6288,61.308,0.66528,0,0,1.20259,0.131688,0.405625,0.66528,12.849,1,0.337103,0.36288,0,70.7352,3.69933,67.0616,0.84672,12.849,0.84672,3695.15,0,0,0,1.66375,2.53413,11.5249,0.872399,14.8504,0.42336,0,0.42336,460.49,0,1.02816,0,0,2.69191,1.66375,1.028160,1,0,82.3176,0,0,0,82.3176,0
97.506,2.55778,0,0,5.02206,0.65664,1.66101,3.6288,61.308,0.66528,0,0,1.40978,0.127987,0.616513,0.66528,12.849,1,0.337562,1.66101,0,114.789,3.74777,112.365,0.84672,12.849,0.84672,3695.15,0,0,0,1.99495,2.21129,12.9223,0.873303,16.2553,0.42336,0,0.42336,460.49,0,1.02816,0,0,3.02311,1.99495,1.028160,1,0,129.237,0,0,0,129.237,0
97.506,2.55831,0,0,6.0426,0.657439,2.82685,3.6288,61.308,0.66528,0,0,1.26842,0.127987,0.475155,0.66528,12.849,1,0.337125,2.82685,0,118.931,3.74777,117.673,0.84672,12.849,0.84672,3695.15,0,0,0,2.14927,2.21135,14.3603,0.873303,17.8476,0.42336,0,0.42336,460.49,0,1.02816,0,0,3.17743,2.14927,1.028160,1,0,135.996,0,0,0,135.996,0
97.506,2.5584,0,0,5.15106,0.638886,1.95378,3.6288,61.308,0.66528,0,0,1.41291,0.186292,0.561336,0.66528,12.849,1,0.337137,1.95378,0,100.243,5.04357,96.8161,0.84672,12.849,0.84672,3695.15,0,0,0,2.1582,2.21141,14.3542,1.22652,17.4972,0.42336,0,0.42336,460.49,0,1.02816,0,0,3.18636,2.1582,1.028160,1,0,114.875,0,0,0,114.875,0
97.506,2.55848,0,0,5.947,0.619078,2.76944,3.6288,61.308,0.66528,0,0,1.68033,0.185259,0.829794,0.66528,12.849,1,0.337148,2.76944,0,119.533,4.87572,117.089,0.84672,12.849,0.84672,3695.15,0,0,0,2.53219,2.21147,12.0798,1.20889,15.6146,0.42336,0,0.42336,460.49,0,1.02816,0,0,3.56035,2.53219,1.028160,1,0,133.534,0,0,0,133.534,0
97.506,2.66181,0,0,5.8502,0.592668,2.59572,3.6288,61.308,0.66528,0,0,1.7252,0.183882,0.876039,0.66528,12.849,1,0.350765,2.59572,0,135.521,4.65192,133.114,0.84672,12.849,0.84672,3695.15,0,0,0,3.22029,2.21153,10.3547,1.18538,14.6011,0.42336,0,0.42336,460.49,0,1.02816,0,0,4.24845,3.22029,1.028160,1,0,148.591,0,0,0,148.591,0
97.506,2.6619,0,0,5.11722,0.592668,1.86265,3.6288,61.308,0.66528,0,0,1.58744,0.183882,0.738283,0.66528,12.849,1,0.350776,1.86265,0,120.639,4.65192,117.499,0.84672,12.849,0.84672,3695.15,0,0,0,2.45106,2.29122,11.4432,1.18538,15.0001,0.42336,0,0.42336,460.49,0,1.02816,0,0,3.47922,2.45106,1.028160,1,0,133.238,0,0,0,133.238,0
97.506,2.66199,0,0,4.5539,0.554035,1.33787,3.6288,61.308,0.66528,0,0,1.3775,0.211133,0.501088,0.66528,12.849,1,0.350788,1.33787,0,115.902,5.37663,111.513,0.84672,12.849,0.84672,3695.15,0,0,0,2.81215,2.29128,10.9598,1.23817,14.8251,0.42336,0,0.42336,460.49,0,1.02816,0,0,3.84031,2.81215,1.028160,1,0,126.839,0,0,0,126.839,0
97.506,2.66208,0,0,5.4588,0.533986,2.26274,3.6288,61.308,0.66528,0,0,1.50095,0.210154,0.625516,0.66528,12.849,1,0.3508,2.26274,0,109.322,5.19558,106.038,0.84672,12.849,0.84672,3695.15,0,0,0,2.38748,2.29135,12.9322,1.2262,16.3848,0.42336,0,0.42336,460.49,0,1.02816,0,0,3.41564,2.38748,1.028160,1,0,123.049,0,0,0,123.049,0
97.506,2.6218,0,0,3.51802,0.413691,0.482531,3.6288,61.308,0.66528,0,0,0.884935,0.204277,0.0153774,0.66528,12.849,1,0.345491,0.482531,0,70.5551,4.10928,66.5829,0.84672,12.849,0.84672,3695.15,0,0,0,1.35411,2.29141,6.58022,1.15441,9.07134,0.42336,0,0.42336,460.49,0,1.02816,0,0,2.38227,1.35411,1.028160,1,0,75.6696,0,0,0,75.6696,0
97.1102,2.62188,0,0,3.00261,0.413691,0.36288,3.6288,61.2744,0.66528,0,0,0.835998,0.204277,0,0.66528,12.849,1,0.345503,0.36288,0,61.8703,4.10928,57.7784,0.84672,12.849,0.84672,3695.15,0,0,0,1.10379,2.26049,5.59691,1.15441,7.80678,0.42336,0,0.42336,460.49,0,1.02816,0,0,2.13195,1.10379,1.028160,1,0,65.5852,0,0,0,65.5852,0
96.3854,2.62073,0,0,2.67117,0.412333,0.36288,3.6288,61.153,0.66528,0,0,0.748043,0.204234,0,0.66528,12.849,1,0.346758,0.36288,0,53.0508,4.10928,48.9576,0.84672,12.849,0.84672,3695.15,0,0,0,0.837104,2.26055,4.78559,1.15441,6.72884,0.42336,0,0.42336,460.49,0,1.02816,0,0,1.86526,0.837104,1.028160,1,0,55.6865,0,0,0,55.6865,0
95.4652,2.61851,0,0,2.449,0.387766,0.36288,3.6288,60.9775,0.66528,0,0,0.676823,0.187027,0,0.66528,12.849,1,0.349071,0.36288,0,48.6748,3.7554,44.9332,0.84672,12.849,0.84672,3695.15,0,0,0,0.70181,2.26062,4.47218,1.06465,6.36995,0.42336,0,0.42336,460.49,0,1.02816,0,0,1.72997,0.70181,1.028160,1,0,51.3032,0,0,0,51.3032,0
94.5487,2.75236,0,0,2.49364,0.294954,0.36288,3.6288,60.8255,0.66528,0,0,0.726209,0.212879,0,0.66528,12.849,1,0.37045,0.36288,0,51.3703,4.14704,47.2157,0.84672,12.849,0.84672,3695.15,0,0,0,0.775345,2.26068,4.26552,1.05042,6.25112,0.42336,0,0.42336,460.49,0,1.02816,0,0,1.8035,0.775345,1.028160,1,0,53.4668,0,0,0,53.4668,0
93.6618,2.74929,0,0,2.49394,0.268617,0.36288,3.6288,60.6175,0.66528,0,0,0.689377,0.232163,0,0.66528,12.849,1,0.373623,0.36288,0,48.6003,4.49243,44.0972,0.84672,12.849,0.84672,3695.15,0,0,0,0.637045,2.36934,4.07814,1.09259,5.99193,0.42336,0,0.42336,460.49,0,1.02816,0,0,1.6652,0.637045,1.028160,1,0,50.0891,0,0,0,50.0891,0
92.5535,2.74627,0,0,2.21953,0.218665,0.36288,3.6288,60.3559,0.66528,0,0,0.654324,0.250661,0,0.66528,12.849,1,0.376747,0.36288,0,42.9951,4.70663,38.2747,0.84672,12.849,0.84672,3695.15,0,0,0,0.567,2.36941,3.96717,1.14732,5.75625,0.42336,0,0.42336,460.49,0,1.02816,0,0,1.59516,0.567,1.028160,1,0,44.0309,0,0,0,44.0309,0
91.3687,2.7424,0,0,2.10139,0.180985,0.36288,3.6288,60.0533,0.66528,0,0,0.627063,0.264324,0,0.66528,12.849,1,0.380721,0.36288,0,40.9678,4.86728,36.0827,0.84672,12.849,0.84672,3695.15,0,0,0,0.472798,2.36947,3.92341,1.18837,5.57731,0.42336,0,0.42336,460.49,0,1.02816,0,0,1.50096,0.472798,1.028160,1,0,41.66,0,0,0,41.66,0
90.4829,2.73816,0,0,2.39509,0.179813,0.36288,3.6288,59.8812,0.66528,0,0,0.740326,0.247112,0,0.66528,12.849,1,0.385062,0.36288,0,44.8614,4.73907,40.1001,0.84672,12.849,0.84672,3695.15,0,0,0,0.57462,2.36954,4.4864,1.16542,6.26514,0.42336,0,0.42336,460.49,0,1.02816,0,0,1.60278,0.57462,1.028160,1,0,46.3653,0,0,0,46.3653,0
89.9917,2.70808,0,0,2.75911,0.179324,0.36288,3.6288,59.8991,0.66528,0,0,0.907692,0.224594,0,0.66528,12.849,1,0.384561,0.36288,0,50.9489,4.56813,46.3591,0.84672,12.849,0.84672,3695.15,0,0,0,0.809827,2.36961,4.94768,1.13482,6.9923,0.42336,0,0.42336,460.49,0,1.02816,0,0,1.83799,0.809827,1.028160,1,0,53.3514,0,0,0,53.3514,0
89.2488,2.70634,0,0,2.50481,0.178548,0.36288,3.6288,59.8667,0.66528,0,0,0.857503,0.22462,0,0.66528,12.849,1,0.38641,0.36288,0,49.4345,4.56813,44.8429,0.84672,12.849,0.84672,3695.15,0,0,0,0.629519,2.40764,4.65076,1.13482,6.5531,0.42336,0,0.42336,460.49,0,1.02816,0,0,1.65768,0.629519,1.028160,1,0,51.396,0,0,0,51.396,0
88.3137,2.70362,0,0,2.29352,0.162128,0.36288,3.6288,59.7712,0.66528,0,0,0.816126,0.246312,0,0.66528,12.849,1,0.389235,0.36288,0,43.5952,4.85043,38.7184,0.84672,12.849,0.84672,3695.15,0,0,0,0.561505,2.40771,4.51659,1.23786,6.24794,0.42336,0,0.42336,460.49,0,1.02816,0,0,1.58966,0.561505,1.028160,1,0,44.9663,0,0,0,44.9663,0
87.293,2.70011,0,0,2.16528,0.122981,0.36288,3.6288,59.5671,0.66528,0,0,0.761625,0.300474,0,0.66528,12.849,1,0.392846,0.36288,0,38.7743,5.55618,33.1882,0.84672,12.849,0.84672,3695.15,0,0,0,0.533701,2.40778,4.30824,1.49547,5.75425,0.42336,0,0.42336,460.49,0,1.02816,0,0,1.56186,0.533701,1.028160,1,0,38.9424,0,0,0,38.9424,0
86.2913,2.76527,0,0,2.25194,0.125457,0.36288,3.6288,59.4037,0.66528,0,0,0.820627,0.318728,0,0.66528,12.849,1,0.407031,0.36288,0,42.1772,5.86236,36.2707,0.84672,12.849,0.84672,3695.15,0,0,0,0.290883,2.40784,3.75281,1.51123,4.9403,0.42336,0,0.42336,460.49,0,1.02816,0,0,1.31904,0.290883,1.028160,1,0,41.211,0,0,0,41.211,0
85.2395,2.76125,0,0,2.19663,0.124319,0.36288,3.6288,59.1761,0.66528,0,0,0.756086,0.318395,0,0.66528,12.849,1,0.411157,0.36288,0,42.1236,5.86236,36.213,0.84672,12.849,0.84672,3695.15,0,0,0,0.408551,2.46173,4.02141,1.51123,5.38046,0.42336,0,0.42336,460.49,0,1.02816,0,0,1.43671,0.408551,1.028160,1,0,41.5935,0,0,0,41.5935,0
84.0521,2.75693,0,0,2.05555,0.123123,0.36288,3.6288,58.8928,0.66528,0,0,0.699866,0.317932,0,0.66528,12.849,1,0.41558,0.36288,0,38.0271,5.86236,32.112,0.84672,12.849,0.84672,3695.15,0,0,0,0.346896,2.4618,3.58906,1.51123,4.88653,0.42336,0,0.42336,460.49,0,1.02816,0,0,1.37506,0.346896,1.028160,1,0,36.9985,0,0,0,36.9985,0
82.7026,2.75193,0,0,1.8871,0.121773,0.36288,3.6288,58.6023,0.66528,0,0,0.692176,0.317354,0,0.66528,12.849,1,0.420686,0.36288,0,34.7613,5.86236,28.8411,0.84672,12.849,0.84672,3695.15,0,0,0,0.233963,2.46187,3.51023,1.51123,4.69483,0.42336,0,0.42336,460.49,0,1.02816,0,0,1.26212,0.233963,1.028160,1,0,33.536,0,0,0,33.536,0
81.3917,2.94696,0,0,2.09777,0.0988499,0.36288,3.6288,58.3848,0.66528,0,0,0.78548,0.337653,0,0.66528,12.849,1,0.457851,0.36288,0,34.3434,6.46389,27.7845,0.84672,12.849,0.84672,3695.15,0,0,0,0.591883,2.46194,4.52843,1.55895,6.0233,0.42336,0,0.42336,460.49,0,1.02816,0,0,1.62004,0.591883,1.028160,1,0,33.8078,0,0,0,33.8078,0
80.046,2.94069,0,0,2.06518,0.107332,0.36288,3.6288,58.1976,0.66528,0,0,0.821958,0.343929,0,0.66528,12.849,1,0.464235,0.36288,0,36.1454,6.65333,29.3907,0.84672,12.849,0.84672,3695.15,0,0,0,0.672901,2.64616,3.61216,1.54245,5.38877,0.42336,0,0.42336,460.49,0,1.02816,0,0,1.70106,0.672901,1.028160,1,0,34.7794,0,0,0,34.7794,0
78.3001,2.93406,0,0,1.65696,0.10595,0.36288,3.6288,57.8351,0.66528,0,0,0.64632,0.343515,0,0.66528,12.849,1,0.470976,0.36288,0,42.5146,6.65333,35.7532,0.84672,12.849,0.84672,3695.15,0,0,0,0.336398,2.64624,3.00059,1.54245,4.44077,0.42336,0,0.42336,460.49,0,1.02816,0,0,1.36456,0.336398,1.028160,1,0,40.1939,0,0,0,40.1939,0
76.8703,2.92513,0,0,1.96237,0.104156,0.36288,3.6288,57.8137,0.66528,0,0,0.986597,0.342712,0,0.66528,12.849,1,0.480013,0.36288,0,36.4914,6.65333,29.7209,0.84672,12.849,0.84672,3695.15,0,0,0,1.02452,2.64631,4.0577,1.54245,6.18608,0.42336,0,0.42336,460.49,0,1.02816,0,0,2.05268,1.02452,1.028160,1,0,35.907,0,0,0,35.907,0
75.0076,2.91758,0,0,1.52311,0.105318,0.36288,3.6288,57.5134,0.66528,0,0,0.684618,0.319619,0,0.66528,12.849,1,0.487679,0.36288,0,32.0153,6.09438,25.7961,0.84672,12.849,0.84672,3695.15,0,0,0,0.609647,2.64639,4.00294,1.39346,5.86551,0.42336,0,0.42336,460.49,0,1.02816,0,0,1.63781,0.609647,1.028160,1,0,31.6616,0,0,0,31.6616,0
72.7587,2.81075,0,0,1.02831,0.103603,0.36288,3.6288,57.046,0.66528,0,0,0.482914,0.285051,0,0.66528,12.849,1,0.48149,0.36288,0,20.5818,5.34397,15.1192,0.84672,12.849,0.84672,3695.15,0,0,0,0.309951,2.64646,3.25869,1.27284,4.94226,0.42336,0,0.42336,460.49,0,1.02816,0,0,1.33811,0.309951,1.028160,1,0,20.0615,0,0,0,20.0615,0
70.4967,2.7982,0,0,1.0003,0.101227,0.36288,3.6288,56.5343,0.674274,0,0,0.446751,0.284188,0,0.66528,12.849,1,0.494155,0.36288,0,18.8009,5.34397,13.3256,0.84672,12.849,0.84672,3695.15,0,0,0,0.204422,2.53995,3.20199,1.27284,4.67352,0.42336,0,0.42336,460.49,0,1.01917,0,0,1.22359,0.204422,1.028160,1,0,17.9992,0,0,0,17.9992,0
69.1512,2.78488,0,0,2.01089,0.208591,0.36288,3.6288,56.6469,0.66528,0,0,0.958176,0.180317,0,0.66528,12.849,1,0.507583,0.36288,0,51.1188,3.89057,47.0836,0.84672,12.849,0.84672,3695.15,0,0,0,0.730555,2.54002,8.06768,0.818556,10.5197,0.42336,0,0.42336,460.49,0,1.02816,0,0,1.75872,0.730555,1.028160,1,0,57.6032,0,0,0,57.6032,0
68.9745,2.77664,0,0,3.16927,0.206432,0.36288,3.6288,56.6612,0.66528,0,0,0.860086,0.180449,0,0.66528,12.849,1,0.515929,0.36288,0,57.862,3.89057,53.8184,0.84672,12.849,0.84672,3695.15,0,0,0,1.0297,2.54009,5.2409,0.818556,7.99213,0.42336,0,0.42336,460.49,0,1.02816,0,0,2.05786,1.0297,1.028160,1,0,61.8105,0,0,0,61.8105,0
68.4788,2.95225,0,0,3.0031,0.183702,0.36288,3.6288,57.2586,0.66528,0,0,1.51046,0.247841,0,0.66528,12.849,1,0.549963,0.36288,0,57.1816,4.91116,52.0833,0.84672,12.849,0.84672,3695.15,0,0,0,1.34784,2.54016,8.14463,1.03458,10.998,0.42336,0,0.42336,460.49,0,1.02816,0,0,2.376,1.34784,1.028160,1,0,63.0814,0,0,0,63.0814,0
69.825,2.94898,0,0,4.93687,0.278773,0.36288,3.6288,57.9437,0.66528,0,0,1.51324,0.162892,0,0.66528,12.849,1,0.553332,0.36288,0,103.499,3.68403,99.6249,0.84672,12.849,0.84672,3695.15,0,0,0,2.06873,2.26813,10.7596,0.942261,14.1542,0.42336,0,0.42336,460.49,0,1.02816,0,0,3.09689,2.06873,1.028160,1,0,113.779,0,0,0,113.779,0
70.7784,2.95808,0,0,4.5561,0.281706,0.36288,3.6288,58.4755,0.66528,0,0,1.36072,0.163616,0,0.66528,12.849,1,0.544338,0.36288,0,95.2292,3.68403,91.3637,0.84672,12.849,0.84672,3695.15,0,0,0,2.49712,2.2682,12.1872,0.942261,16.0103,0.42336,0,0.42336,460.49,0,1.02816,0,0,3.52528,2.49712,1.028160,1,0,107.374,0,0,0,107.374,0
74.1131,2.70844,0,0,6.68975,0.283782,0.36288,3.6288,59.8786,0.66528,0,0,2.23259,0.164178,0,0.66528,12.849,1,0.491686,0.36288,0,145.848,3.68403,142.035,0.84672,12.849,0.84672,3695.15,0,0,0,3.6266,2.26827,15.5288,0.942261,20.4814,0.42336,0,0.42336,460.49,0,1.02816,0,0,4.65476,3.6266,1.028160,1,0,162.516,0,0,0,162.516,0
75.9072,2.76029,0,0,5.28579,0.368542,0.36288,3.6288,61.308,0.66528,0,0,3.10837,0.168339,0.845367,0.66528,12.849,1,0.478553,0.36288,0,120.48,3.80955,116.554,0.84672,12.849,0.84672,3695.15,0,0,0,3.58989,2.4453,12.6973,0.889318,17.8432,0.42336,0,0.42336,460.49,0,1.02816,0,0,4.61805,3.58989,1.028160,1,0,135.243,0,0,0,135.243,0
79.016,2.77005,0,0,6.59471,0.352979,0.36288,3.6288,61.308,0.66528,0,0,1.81672,0.1719,0.979535,0.66528,12.849,1,0.468894,0.36288,0,156.2,3.90369,152.19,0.84672,12.849,0.84672,3695.15,0,0,0,2.90447,2.05705,9.12911,0.849611,13.241,0.42336,0,0.42336,460.49,0,1.02816,0,0,3.93263,2.90447,1.028160,1,0,166.411,0,0,0,166.411,0
79.9298,2.786,0,0,4.4268,0.364067,0.36288,3.6288,61.308,0.66528,0,0,1.05539,0.1719,0.218214,0.66528,12.849,1,0.45304,0.36288,0,117.964,3.90369,113.97,0.84672,12.849,0.84672,3695.15,0,0,0,2.35251,2.05711,8.34529,0.849611,11.9053,0.42336,0,0.42336,460.49,0,1.02816,0,0,3.38067,2.35251,1.028160,1,0,126.093,0,0,0,126.093,0
80.506,2.79055,0,0,4.12446,0.394838,0.36288,3.6288,61.308,0.66528,0,0,1.78476,0.19031,0.929175,0.66528,12.849,1,0.448591,0.36288,0,140.29,4.07997,136.125,0.84672,12.849,0.84672,3695.15,0,0,0,3.41868,2.05717,9.63369,0.908182,14.2014,0.42336,0,0.42336,460.49,0,1.02816,0,0,4.44684,3.41868,1.028160,1,0,151.255,0,0,0,151.255,0
83.2481,2.7934,0,0,6.35336,0.454987,0.36288,3.6288,61.308,0.66528,0,0,3.33291,0.231906,2.43572,0.66528,12.849,1,0.445836,0.36288,0,163.631,4.41711,159.131,0.84672,12.849,0.84672,3695.15,0,0,0,3.47653,2.05724,9.66471,1.04977,14.1487,0.42336,0,0.42336,460.49,0,1.02816,0,0,4.50469,3.47653,1.028160,1,0,175.716,0,0,0,175.716,0
83.5178,2.89411,0,0,3.92462,0.397891,0.36288,3.6288,61.308,0.66528,0,0,1.61412,0.205343,0.743493,0.66528,12.849,1,0.446694,0.36288,0,114.084,3.79575,110.205,0.84672,12.849,0.84672,3695.15,0,0,0,2.87666,2.0573,7.95489,1.0207,11.8681,0.42336,0,0.42336,460.49,0,1.02816,0,0,3.90482,2.87666,1.028160,1,0,122.816,0,0,0,122.816,0
84.0015,2.89543,0,0,4.14088,0.3989,0.36288,3.6288,61.308,0.66528,0,0,1.95648,0.205343,1.08586,0.66528,12.849,1,0.445454,0.36288,0,86.7059,3.79575,82.8275,0.84672,12.849,0.84672,3695.15,0,0,0,3.2438,2.12326,10.0392,1.0207,14.3856,0.42336,0,0.42336,460.49,0,1.02816,0,0,4.27196,3.2438,1.028160,1,0,98.299,0,0,0,98.299,0
84.6574,2.89772,0,0,4.31723,0.40071,0.36288,3.6288,61.308,0.66528,0,0,1.90464,0.205343,1.03402,0.66528,12.849,1,0.44324,0.36288,0,60.2958,3.79575,56.4197,0.84672,12.849,0.84672,3695.15,0,0,0,3.65352,2.12331,9.08988,1.0207,13.846,0.42336,0,0.42336,460.49,0,1.02816,0,0,4.68168,3.65352,1.028160,1,0,71.2997,0,0,0,71.2997,0
87.2653,2.90077,0,0,6.28541,0.413895,0.36288,3.6288,61.308,0.66528,0,0,1.83889,0.214083,0.959532,0.66528,12.849,1,0.440268,0.36288,0,131.191,3.85951,127.254,0.84672,12.849,0.84672,3695.15,0,0,0,3.6977,2.12336,13.113,1.04296,17.8911,0.42336,0,0.42336,460.49,0,1.02816,0,0,4.72586,3.6977,1.028160,1,0,146.105,0,0,0,146.105,0
91.3146,2.93277,0,0,7.85549,0.510499,0.36288,3.6288,61.308,0.66528,0,0,2.70004,0.201226,1.83354,0.66528,12.849,1,0.431824,0.36288,0,180.588,3.75851,176.761,0.84672,12.849,0.84672,3695.15,0,0,0,4.32901,2.12341,13.1949,0.967848,18.6795,0.42336,0,0.42336,460.49,0,1.02816,0,0,5.35717,4.32901,1.028160,1,0,197.274,0,0,0,197.274,0
94.3169,3.21473,0,0,7.11772,0.537798,0.36288,3.6288,61.308,0.66528,0,0,2.62573,0.175109,1.78534,0.66528,12.849,1,0.452349,0.36288,0,162.556,3.56507,158.901,0.84672,12.849,0.84672,3695.15,0,0,0,4.10497,2.53755,12.7536,0.884389,18.5117,0.42336,0,0.42336,460.49,0,1.02816,0,0,5.13313,4.10497,1.028160,1,0,179.198,0,0,0,179.198,0
97.506,2.96134,0,0,10.6071,0.547566,3.90911,3.6288,61.308,0.66528,0,0,4.01744,0.180641,3.17151,0.66528,12.849,1,0.403429,3.90911,0,226.01,3.6961,225.82,0.84672,12.849,0.84672,3695.15,0,0,0,6.76274,2.36064,21.3176,0.925385,29.5155,0.42336,0,0.42336,460.49,0,1.02816,0,0,7.7909,6.76274,1.028160,1,0,258.507,0,0,0,258.507,0
97.506,2.97307,0,0,10.814,0.53968,7.30125,3.6288,61.308,0.66528,0,0,4.87134,0.198913,4.00715,0.66528,12.849,1,0.391781,7.30125,0,214.788,4.26764,217.43,0.84672,12.849,0.84672,3695.15,0,0,0,8.51671,2.53766,28.1727,1.07718,38.1499,0.42336,0,0.42336,460.49,0,1.02816,0,0,9.54487,8.51671,1.028160,1,0,259.587,0,0,0,259.587,0
97.506,2.56241,0,0,6.37064,0.549382,3.25884,3.6288,61.308,0.66528,0,0,2.91259,0.141696,2.10561,0.66528,12.849,1,0.337665,3.25884,0,148.607,3.68571,147.843,0.84672,12.849,0.84672,3695.15,0,0,0,4.01568,2.53771,19.477,0.93574,25.0946,0.42336,0,0.42336,460.49,0,1.02816,0,0,5.04384,4.01568,1.028160,1,0,175.043,0,0,0,175.043,0
97.506,2.56247,0,0,5.01371,0.549231,1.902,3.6288,61.308,0.66528,0,0,2.19685,0.133734,1.39784,0.66528,12.849,1,0.337674,1.902,0,82.4368,3.66765,80.3335,0.84672,12.849,0.84672,3695.15,0,0,0,2.81976,2.21436,10.8244,0.973344,14.8851,0.42336,0,0.42336,460.49,0,1.02816,0,0,3.84792,2.81976,1.028160,1,0,96.6165,0,0,0,96.6165,0
97.506,2.56254,0,0,7.42147,0.505511,4.35342,3.6288,61.308,0.66528,0,0,3.64598,0.124407,2.8563,0.66528,12.849,1,0.337683,4.35342,0,138.668,3.4861,139.197,0.84672,12.849,0.84672,3695.15,0,0,0,5.45445,2.21441,24.2724,0.954426,30.9869,0.42336,0,0.42336,460.49,0,1.02816,0,0,6.48261,5.45445,1.028160,1,0,173.04,0,0,0,173.04,0
97.506,2.5626,0,0,6.75658,0.59378,3.6002,3.6288,61.308,0.66528,0,0,3.73642,0.176738,2.8944,0.66528,12.849,1,0.337691,3.6002,0,108.076,3.96634,107.372,0.84672,12.849,0.84672,3695.15,0,0,0,4.15565,2.21446,18.3049,1.06637,23.6086,0.42336,0,0.42336,460.49,0,1.02816,0,0,5.18381,4.15565,1.028160,1,0,133.875,0,0,0,133.875,0
97.506,2.56267,0,0,7.42582,0.515008,4.34814,3.6288,61.308,0.66528,0,0,3.99673,0.148844,3.1826,0.66528,12.849,1,0.3377,4.34814,0,172.194,3.57076,172.634,0.84672,12.849,0.84672,3695.15,0,0,0,4.15024,2.2145,16.8833,0.991827,22.2562,0.42336,0,0.42336,460.49,0,1.02816,0,0,5.1784,4.15024,1.028160,1,0,198.073,0,0,0,198.073,0
97.506,2.66613,0,0,9.81599,0.512849,6.63701,3.6288,61.308,0.66528,0,0,12.6756,0.139272,11.871,0.66528,12.849,1,0.351334,6.63701,0,129.779,3.45376,132.611,0.84672,12.849,0.84672,3695.15,0,0,0,7.85704,2.21455,18.2644,0.930714,27.4052,0.42336,0,0.42336,460.49,0,1.02816,0,0,8.8852,7.85704,1.028160,1,0,171.887,0,0,0,171.887,0
97.506,2.6662,0,0,8.17871,0.512849,4.99966,3.6288,61.308,0.66528,0,0,12.7901,0.139272,11.9856,0.66528,12.849,1,0.351343,4.99966,0,159.736,3.45376,160.931,0.84672,12.849,0.84672,3695.15,0,0,0,9.52983,2.29434,20.2452,0.930714,31.1386,0.42336,0,0.42336,460.49,0,1.02816,0,0,10.558,9.52983,1.028160,1,0,204.055,0,0,0,204.055,0
97.506,2.66627,0,0,5.84032,0.497937,2.67612,3.6288,61.308,0.66528,0,0,8.51075,0.115571,7.72989,0.66528,12.849,1,0.351351,2.67612,0,128.487,2.80626,128.006,0.84672,12.849,0.84672,3695.15,0,0,0,6.67541,2.29439,13.3551,0.840133,21.4848,0.42336,0,0.42336,460.49,0,1.02816,0,0,7.70357,6.67541,1.028160,1,0,157.22,0,0,0,157.22,0
97.506,2.66633,0,0,5.3588,0.399456,2.29301,3.6288,61.308,0.66528,0,0,7.2589,0.133307,6.46031,0.66528,12.849,1,0.35136,2.29301,0,106.117,2.57997,105.479,0.84672,12.849,0.84672,3695.15,0,0,0,6.00996,2.29443,11.3699,0.897574,18.7767,0.42336,0,0.42336,460.49,0,1.02816,0,0,7.03812,6.00996,1.028160,1,0,130.716,0,0,0,130.716,0
97.506,2.62597,0,0,5.58566,0.442926,2.51677,3.6288,61.308,0.66528,0,0,3.71716,0.186694,2.86519,0.66528,12.849,1,0.346041,2.51677,0,127.255,3.73517,125.691,0.84672,12.849,0.84672,3695.15,0,0,0,5.3091,2.29448,12.1236,0.953238,18.774,0.42336,0,0.42336,460.49,0,1.02816,0,0,6.33726,5.3091,1.028160,1,0,147.33,0,0,0,147.33,0
97.506,2.62604,0,0,5.1674,0.442926,2.09844,3.6288,61.308,0.66528,0,0,2.98109,0.186694,2.12912,0.66528,12.849,1,0.34605,2.09844,0,90.1066,3.73517,88.1238,0.84672,12.849,0.84672,3695.15,0,0,0,3.85279,2.2635,10.2184,0.953238,15.3814,0.42336,0,0.42336,460.49,0,1.02816,0,0,4.88095,3.85279,1.028160,1,0,105.634,0,0,0,105.634,0
97.506,2.6261,0,0,4.5319,0.367106,1.5387,3.6288,61.308,0.66528,0,0,2.76536,0.196683,1.9034,0.66528,12.849,1,0.346059,1.5387,0,80.9922,3.93562,78.2492,0.84672,12.849,0.84672,3695.15,0,0,0,3.50104,2.26355,9.70065,1.02436,14.4409,0.42336,0,0.42336,460.49,0,1.02816,0,0,4.5292,3.50104,1.028160,1,0,94.5935,0,0,0,94.5935,0
97.506,2.62617,0,0,4.55054,0.310242,1.61413,3.6288,61.308,0.66528,0,0,3.24253,0.204176,2.37308,0.66528,12.849,1,0.346067,1.61413,0,85.5749,4.08597,82.757,0.84672,12.849,0.84672,3695.15,0,0,0,3.59016,2.2636,9.37043,1.0777,14.1465,0.42336,0,0.42336,460.49,0,1.02816,0,0,4.61832,3.59016,1.028160,1,0,99.2765,0,0,0,99.2765,0
97.506,2.76349,0,0,4.2418,0.317494,1.16081,3.6288,61.308,0.66528,0,0,2.56662,0.212203,1.68913,0.66528,12.849,1,0.364163,1.16081,0,73.8832,4.24155,70.4383,0.84672,12.849,0.84672,3695.15,0,0,0,3.02715,2.26364,8.04825,1.11194,12.2271,0.42336,0,0.42336,460.49,0,1.02816,0,0,4.05531,3.02715,1.028160,1,0,84.3546,0,0,0,84.3546,0
97.506,2.76356,0,0,3.79935,0.281265,0.75452,3.6288,61.308,0.66528,0,0,1.75368,0.202632,0.885767,0.66528,12.849,1,0.364172,0.75452,0,64.857,3.90266,61.3447,0.84672,12.849,0.84672,3695.15,0,0,0,2.73096,2.37244,7.22226,1.13508,11.1906,0.42336,0,0.42336,460.49,0,1.02816,0,0,3.75912,2.73096,1.028160,1,0,73.4211,0,0,0,73.4211,0
97.506,2.76363,0,0,3.47066,0.228519,0.478514,3.6288,61.308,0.66528,0,0,1.73889,0.20628,0.867326,0.66528,12.849,1,0.364181,0.478514,0,57.967,4.01635,54.0649,0.84672,12.849,0.84672,3695.15,0,0,0,2.73002,2.37249,6.89878,1.09955,10.9017,0.42336,0,0.42336,460.49,0,1.02816,0,0,3.75818,2.73002,1.028160,1,0,65.834,0,0,0,65.834,0
97.506,2.7637,0,0,3.40181,0.228519,0.409592,3.6288,61.308,0.66528,0,0,1.8807,0.20628,1.00914,0.66528,12.849,1,0.364191,0.409592,0,55.5303,4.01635,51.5594,0.84672,12.849,0.84672,3695.15,0,0,0,2.65907,2.37254,7.43368,1.09955,11.3658,0.42336,0,0.42336,460.49,0,1.02816,0,0,3.68723,2.65907,1.028160,1,0,63.9343,0,0,0,63.9343,0
97.1909,2.76377,0,0,3.02771,0.216186,0.36288,3.6288,61.308,0.66528,0,0,1.75907,0.220777,0.873013,0.66528,12.849,1,0.3642,0.36288,0,48.7156,4.23988,44.4744,0.84672,12.849,0.84672,3695.15,0,0,0,2.44343,2.37259,6.58696,1.13357,10.2694,0.42336,0,0.42336,460.49,0,1.02816,0,0,3.47159,2.44343,1.028160,1,0,55.6168,0,0,0,55.6168,0
96.4404,2.73566,0,0,2.53292,0.184869,0.36288,3.6288,61.308,0.66528,0,0,1.78292,0.257018,0.860618,0.66528,12.849,1,0.361664,0.36288,0,40.1808,4.79871,35.3833,0.84672,12.849,0.84672,3695.15,0,0,0,2.14857,2.37264,6.75224,1.21861,10.0548,0.42336,0,0.42336,460.49,0,1.02816,0,0,3.17673,2.14857,1.028160,1,0,46.2988,0,0,0,46.2988,0
95.5021,2.73324,0,0,2.34153,0.183715,0.36288,3.6288,61.308,0.66528,0,0,1.72368,0.257018,0.801382,0.66528,12.849,1,0.364157,0.36288,0,39.938,4.79871,35.138,0.84672,12.849,0.84672,3695.15,0,0,0,2.0948,2.41071,6.84685,1.21861,10.1338,0.42336,0,0.42336,460.49,0,1.02816,0,0,3.12296,2.0948,1.028160,1,0,46.0731,0,0,0,46.0731,0
94.3525,2.73016,0,0,2.12572,0.182273,0.36288,3.6288,61.308,0.66528,0,0,1.62833,0.257018,0.706031,0.66528,12.849,1,0.36732,0.36288,0,38.7511,4.79871,33.9479,0.84672,12.849,0.84672,3695.15,0,0,0,1.78844,2.41077,6.43602,1.21861,9.41662,0.42336,0,0.42336,460.49,0,1.02816,0,0,2.8166,1.78844,1.028160,1,0,44.0706,0,0,0,44.0706,0
93.0452,2.72629,0,0,1.94641,0.164566,0.36288,3.6288,61.308,0.66528,0,0,1.54977,0.278956,0.60553,0.66528,12.849,1,0.371268,0.36288,0,34.1737,5.08101,29.0843,0.84672,12.849,0.84672,3695.15,0,0,0,1.67287,2.41082,6.25026,1.32165,9.01229,0.42336,0,0.42336,460.49,0,1.02816,0,0,2.70103,1.67287,1.028160,1,0,38.7021,0,0,0,38.7021,0
91.8131,2.79149,0,0,2.05758,0.135235,0.36288,3.6288,61.308,0.66528,0,0,1.4499,0.323577,0.461047,0.66528,12.849,1,0.385489,0.36288,0,41.2527,5.91006,35.32,0.84672,12.849,0.84672,3695.15,0,0,0,1.48215,2.41087,5.61205,1.46653,8.03854,0.42336,0,0.42336,460.49,0,1.02816,0,0,2.51031,1.48215,1.028160,1,0,43.8196,0,0,0,43.8196,0
90.4892,2.78703,0,0,1.96176,0.135764,0.36288,3.6288,61.308,0.66528,0,0,1.27417,0.321873,0.287013,0.66528,12.849,1,0.390037,0.36288,0,32.8317,5.93061,26.8739,0.84672,12.849,0.84672,3695.15,0,0,0,1.51593,2.46481,5.13372,1.44774,7.66672,0.42336,0,0.42336,460.49,0,1.02816,0,0,2.54409,1.51593,1.028160,1,0,34.8276,0,0,0,34.8276,0
88.9943,2.7821,0,0,1.78424,0.134199,0.36288,3.6288,61.308,0.66528,0,0,1.18662,0.321873,0.199464,0.66528,12.849,1,0.395044,0.36288,0,30.6066,5.93061,24.6438,0.84672,12.849,0.84672,3695.15,0,0,0,1.11938,2.46486,4.57516,1.44774,6.71166,0.42336,0,0.42336,460.49,0,1.02816,0,0,2.14754,1.11938,1.028160,1,0,31.5549,0,0,0,31.5549,0
87.6775,2.77637,0,0,1.943,0.120501,0.36288,3.6288,61.308,0.66528,0,0,1.40065,0.320073,0.415295,0.66528,12.849,1,0.400852,0.36288,0,30.7513,6.03875,24.6746,0.84672,12.849,0.84672,3695.15,0,0,0,1.67818,2.46491,6.46895,1.47364,9.1384,0.42336,0,0.42336,460.49,0,1.02816,0,0,2.70634,1.67818,1.028160,1,0,34.2283,0,0,0,34.2283,0
86.2483,2.97388,0,0,2.01822,0.110729,0.36288,3.6288,61.308,0.66528,0,0,1.3273,0.304867,0.357156,0.66528,12.849,1,0.435817,0.36288,0,31.4407,6.28866,25.0791,0.84672,12.849,0.84672,3695.15,0,0,0,1.75942,2.46496,6.40622,1.53253,9.09808,0.42336,0,0.42336,460.49,0,1.02816,0,0,2.78758,1.75942,1.028160,1,0,34.5343,0,0,0,34.5343,0
84.9645,2.96767,0,0,2.14906,0.102289,0.36288,3.6288,61.308,0.66528,0,0,1.32177,0.329211,0.327282,0.66528,12.849,1,0.442114,0.36288,0,35.071,6.62918,28.3626,0.84672,12.849,0.84672,3695.15,0,0,0,2.01512,2.64942,5.96653,1.57807,9.053,0.42336,0,0.42336,460.49,0,1.02816,0,0,3.04328,2.01512,1.028160,1,0,37.7428,0,0,0,37.7428,0
83.4245,2.96194,0,0,1.88592,0.101087,0.36288,3.6288,61.308,0.66528,0,0,1.27518,0.329211,0.280686,0.66528,12.849,1,0.447928,0.36288,0,44.5816,6.62918,37.8674,0.84672,12.849,0.84672,3695.15,0,0,0,1.87955,2.64947,5.72953,1.57807,8.68049,0.42336,0,0.42336,460.49,0,1.02816,0,0,2.90771,1.87955,1.028160,1,0,46.8286,0,0,0,46.8286,0
81.9332,2.95485,0,0,1.92607,0.0996464,0.36288,3.6288,61.308,0.66528,0,0,1.46275,0.329211,0.468261,0.66528,12.849,1,0.455104,0.36288,0,38.6186,6.62918,31.8972,0.84672,12.849,0.84672,3695.15,0,0,0,2.04441,2.64953,5.95001,1.57807,9.06588,0.42336,0,0.42336,460.49,0,1.02816,0,0,3.07257,2.04441,1.028160,1,0,41.4313,0,0,0,41.4313,0
80.5117,2.94776,0,0,1.97977,0.0906659,0.36288,3.6288,61.308,0.66528,0,0,1.48404,0.333172,0.485589,0.66528,12.849,1,0.462276,0.36288,0,41.7394,6.67803,34.962,0.84672,12.849,0.84672,3695.15,0,0,0,2.9539,2.64959,7.83415,1.59275,11.8449,0.42336,0,0.42336,460.49,0,1.02816,0,0,3.98206,2.9539,1.028160,1,0,47.2925,0,0,0,47.2925,0
79.4046,2.84311,0,0,2.14351,0.0445446,0.36288,3.6288,61.308,0.66528,0,0,1.35474,0.356939,0.332524,0.66528,12.849,1,0.453737,0.36288,0,38.5079,6.97116,31.4459,0.84672,12.849,0.84672,3695.15,0,0,0,3.05041,2.64964,9.99302,1.6808,14.0123,0.42336,0,0.42336,460.49,0,1.02816,0,0,4.07857,3.05041,1.028160,1,0,45.7907,0,0,0,45.7907,0
78.4906,2.83774,0,0,2.43257,0.146009,0.36288,3.6288,61.308,0.66528,0,0,1.30676,0.308633,0.332843,0.66528,12.849,1,0.459193,0.36288,0,32.4855,6.58466,25.8045,0.84672,12.849,0.84672,3695.15,0,0,0,2.78675,2.54297,7.53563,1.54805,11.3173,0.42336,0,0.42336,460.49,0,1.02816,0,0,3.81491,2.78675,1.028160,1,0,37.4546,0,0,0,37.4546,0
78.3679,2.83321,0,0,3.21809,0.144707,0.36288,3.6288,61.308,0.66528,0,0,1.70002,0.308633,0.726102,0.66528,12.849,1,0.4638,0.36288,0,47.2894,6.58466,40.6038,0.84672,12.849,0.84672,3695.15,0,0,0,4.25101,2.54303,10.8181,1.54805,16.064,0.42336,0,0.42336,460.49,0,1.02816,0,0,5.27917,4.25101,1.028160,1,0,57.394,0,0,0,57.394,0
79.2158,2.83266,0,0,4.18801,0.144532,0.36288,3.6288,61.308,0.66528,0,0,2.40555,0.308633,1.43164,0.66528,12.849,1,0.464436,0.36288,0,92.5932,6.58466,85.9069,0.84672,12.849,0.84672,3695.15,0,0,0,6.36892,2.54308,12.8467,1.54805,20.2107,0.42336,0,0.42336,460.49,0,1.02816,0,0,7.39708,6.36892,1.028160,1,0,107.549,0,0,0,107.549,0
77.643,2.757,0,0,1.80247,0.255388,0.36288,3.6288,61.308,0.66528,0,0,1.22729,0.263505,0.298509,0.66528,12.849,1,0.447192,0.36288,0,66.4024,5.51426,60.8038,0.84672,12.849,0.84672,3695.15,0,0,0,2.26953,2.54313,6.07368,1.2529,9.63344,0.42336,0,0.42336,460.49,0,1.02816,0,0,3.29769,2.26953,1.028160,1,0,70.7358,0,0,0,70.7358,0
75.6549,2.7493,0,0,1.41874,0.294645,0.36288,3.6288,61.308,0.66528,0,0,1.10193,0.245454,0.191194,0.66528,12.849,1,0.454976,0.36288,0,36.3704,5.0861,31.1922,0.84672,12.849,0.84672,3695.15,0,0,0,1.76901,2.44793,4.88157,1.13484,7.96367,0.42336,0,0.42336,460.49,0,1.02816,0,0,2.79717,1.76901,1.028160,1,0,39.3471,0,0,0,39.3471,0
77.8779,2.73915,0,0,5.57807,0.253039,0.36288,3.6288,61.308,0.66528,0,0,1.78641,0.226885,0.894241,0.66528,12.849,1,0.465208,0.36288,0,91.339,4.65786,86.5788,0.84672,12.849,0.84672,3695.15,0,0,0,3.22259,2.44798,13.0616,1.16334,17.5689,0.42336,0,0.42336,460.49,0,1.02816,0,0,4.25075,3.22259,1.028160,1,0,105.042,0,0,0,105.042,0
78.6663,2.75061,0,0,4.20745,0.305553,0.36288,3.6288,61.308,0.66528,0,0,1.91637,0.184964,1.06613,0.66528,12.849,1,0.453821,0.36288,0,107.861,3.76845,104.002,0.84672,12.849,0.84672,3695.15,0,0,0,3.33588,2.44803,13.6795,0.958726,18.5047,0.42336,0,0.42336,460.49,0,1.02816,0,0,4.36404,3.33588,1.028160,1,0,123.572,0,0,0,123.572,0
78.5571,2.52756,0,0,3.1113,0.330121,0.36288,3.6288,61.308,0.66528,0,0,1.79662,0.198357,0.932981,0.66528,12.849,1,0.41284,0.36288,0,97.5041,4.18564,93.2685,0.84672,12.849,0.84672,3695.15,0,0,0,2.61498,2.44809,9.40587,1.01775,13.4512,0.42336,0,0.42336,460.49,0,1.02816,0,0,3.64314,2.61498,1.028160,1,0,107.653,0,0,0,107.653,0
78.9673,2.52713,0,0,3.6596,0.35931,0.36288,3.6288,61.308,0.66528,0,0,2.3348,0.216216,1.4533,0.66528,12.849,1,0.413344,0.36288,0,109.092,4.7419,104.3,0.84672,12.849,0.84672,3695.15,0,0,0,3.94686,2.23653,12.4028,1.09645,17.4897,0.42336,0,0.42336,460.49,0,1.02816,0,0,4.97502,3.94686,1.028160,1,0,123.243,0,0,0,123.243,0
81.3904,2.52904,0,0,5.67575,0.360761,0.36288,3.6288,61.308,0.66528,0,0,2.95566,0.216216,2.07416,0.66528,12.849,1,0.411508,0.36288,0,94.1587,4.7419,89.3682,0.84672,12.849,0.84672,3695.15,0,0,0,6.10977,2.23657,14.4978,1.09645,21.7477,0.42336,0,0.42336,460.49,0,1.02816,0,0,7.13793,6.10977,1.028160,1,0,113.19,0,0,0,113.19,0
85.0742,2.53969,0,0,6.95563,0.369328,0.36288,3.6288,61.308,0.66528,0,0,2.82342,0.216216,1.94193,0.66528,12.849,1,0.400937,0.36288,0,119.299,4.7419,114.519,0.84672,12.849,0.84672,3695.15,0,0,0,5.8283,2.23662,14.9047,1.09645,21.8732,0.42336,0,0.42336,460.49,0,1.02816,0,0,6.85646,5.8283,1.028160,1,0,138.335,0,0,0,138.335,0
91.5356,2.55484,0,0,9.78826,0.409094,0.36288,3.6288,61.308,0.66528,0,0,4.03762,0.203214,3.16913,0.66528,12.849,1,0.385864,0.36288,0,124.4,3.88275,120.494,0.84672,12.849,0.84672,3695.15,0,0,0,5.18519,2.23667,18.1024,1.03717,24.487,0.42336,0,0.42336,460.49,0,1.02816,0,0,6.21335,5.18519,1.028160,1,0,148.15,0,0,0,148.15,0
92.9861,2.66787,0,0,4.88531,0.404092,0.36288,3.6288,61.308,0.66528,0,0,3.2576,0.18875,2.40357,0.66528,12.849,1,0.374493,0.36288,0,92.6856,3.64759,89.0264,0.84672,12.849,0.84672,3695.15,0,0,0,2.79413,2.23671,14.1136,0.943728,18.2007,0.42336,0,0.42336,460.49,0,1.02816,0,0,3.82229,2.79413,1.028160,1,0,109.631,0,0,0,109.631,0
92.2889,2.67305,0,0,2.74798,0.409206,0.36288,3.6288,61.308,0.66528,0,0,1.88008,0.18875,1.02605,0.66528,12.849,1,0.369367,0.36288,0,110.866,3.64759,107.212,0.84672,12.849,0.84672,3695.15,0,0,0,2.6391,2.30274,11.451,0.943728,15.4491,0.42336,0,0.42336,460.49,0,1.02816,0,0,3.66726,2.6391,1.028160,1,0,123.687,0,0,0,123.687,0
91.0681,2.67064,0,0,2.21946,0.406748,0.36288,3.6288,61.308,0.66528,0,0,1.51635,0.18875,0.662324,0.66528,12.849,1,0.371823,0.36288,0,82.3193,3.64759,78.6628,0.84672,12.849,0.84672,3695.15,0,0,0,2.10424,2.30278,8.781,0.943728,12.2443,0.42336,0,0.42336,460.49,0,1.02816,0,0,3.1324,2.10424,1.028160,1,0,91.5694,0,0,0,91.5694,0
89.6023,2.66632,0,0,2.04034,0.476901,0.36288,3.6288,61.308,0.66528,0,0,1.63709,0.191594,0.780216,0.66528,12.849,1,0.376197,0.36288,0,67.8231,3.84746,63.9624,0.84672,12.849,0.84672,3695.15,0,0,0,1.80991,2.30281,8.17413,1.04275,11.2441,0.42336,0,0.42336,460.49,0,1.02816,0,0,2.83807,1.80991,1.028160,1,0,75.9867,0,0,0,75.9867,0
87.506,2.94633,0,0,1.72816,0.515294,0.36288,3.6288,61.308,0.66528,0,0,1.5235,0.169206,0.689014,0.66528,12.849,1,0.422504,0.36288,0,57.9278,3.59593,54.2723,0.84672,12.849,0.84672,3695.15,0,0,0,1.486,2.30284,7.82433,0.952714,10.6605,0.42336,0,0.42336,460.49,0,1.02816,0,0,2.51416,1.486,1.028160,1,0,65.6217,0,0,0,65.6217,0
87.0176,2.93755,0,0,3.31912,0.507102,0.36288,3.6288,61.308,0.66528,0,0,2.50774,0.158119,1.68434,0.66528,12.849,1,0.431337,0.36288,0,88.7848,3.56916,85.1472,0.84672,12.849,0.84672,3695.15,0,0,0,3.11988,2.54028,11.8367,1.03336,16.4635,0.42336,0,0.42336,460.49,0,1.02816,0,0,4.14804,3.11988,1.028160,1,0,103.295,0,0,0,103.295,0
85.213,2.93549,0,0,1.99869,0.504862,0.36288,3.6288,61.308,0.66528,0,0,1.31586,0.158119,0.492464,0.66528,12.849,1,0.433454,0.36288,0,62.4663,3.56916,58.8266,0.84672,12.849,0.84672,3695.15,0,0,0,1.37805,2.54031,7.65084,1.03336,10.5358,0.42336,0,0.42336,460.49,0,1.02816,0,0,2.40621,1.37805,1.028160,1,0,69.8549,0,0,0,69.8549,0
82.8785,2.92757,0,0,1.40594,0.450037,0.36288,3.6288,61.308,0.66528,0,0,0.990654,0.168418,0.156956,0.66528,12.849,1,0.441438,0.36288,0,40.0768,3.50669,36.4916,0.84672,12.849,0.84672,3695.15,0,0,0,0.727246,2.54035,6.39246,0.991521,8.66853,0.42336,0,0.42336,460.49,0,1.02816,0,0,1.75541,0.727246,1.028160,1,0,45.3171,0,0,0,45.3171,0
82.0092,2.51393,0,0,2.44836,0.440801,0.36288,3.6288,61.308,0.66528,0,0,1.48652,0.178487,0.642753,0.66528,12.849,1,0.389746,0.36288,0,61.3496,3.71156,57.6112,0.84672,12.849,0.84672,3695.15,0,0,0,1.78113,2.54039,7.98627,0.990543,11.3172,0.42336,0,0.42336,460.49,0,1.02816,0,0,2.80929,1.78113,1.028160,1,0,69.5712,0,0,0,69.5712,0
82.0946,2.51041,0,0,3.40977,0.451083,0.36288,3.6288,61.308,0.66528,0,0,2.04761,0.18295,1.19938,0.66528,12.849,1,0.393324,0.36288,0,83.2896,3.88395,79.3752,0.84672,12.849,0.84672,3695.15,0,0,0,1.54112,2.21665,10.2242,1.00236,12.9796,0.42336,0,0.42336,460.49,0,1.02816,0,0,2.56928,1.54112,1.028160,1,0,93.5542,0,0,0,93.5542,0
82.4836,2.5108,0,0,3.71409,0.451449,0.36288,3.6288,61.308,0.66528,0,0,2.63558,0.18295,1.78735,0.66528,12.849,1,0.392977,0.36288,0,130.886,3.88395,126.972,0.84672,12.849,0.84672,3695.15,0,0,0,3.18723,2.21669,12.5391,1.00236,16.9406,0.42336,0,0.42336,460.49,0,1.02816,0,0,4.21539,3.18723,1.028160,1,0,145.7,0,0,0,145.7,0
82.5726,2.51245,0,0,3.44197,0.47766,0.36288,3.6288,61.308,0.66528,0,0,1.71164,0.161295,0.885061,0.66528,12.849,1,0.39138,0.36288,0,89.043,3.63564,85.3788,0.84672,12.849,0.84672,3695.15,0,0,0,1.6401,2.21672,8.75638,0.933349,11.6798,0.42336,0,0.42336,460.49,0,1.02816,0,0,2.66826,1.6401,1.028160,1,0,97.9437,0,0,0,97.9437,0
82.4657,2.51286,0,0,3.29738,0.528497,0.36288,3.6288,61.308,0.66528,0,0,1.59532,0.121335,0.80871,0.66528,12.849,1,0.391022,0.36288,0,74.7118,3.2528,71.4309,0.84672,12.849,0.84672,3695.15,0,0,0,1.60026,2.21675,7.6568,0.802805,10.671,0.42336,0,0.42336,460.49,0,1.02816,0,0,2.62842,1.60026,1.028160,1,0,82.9106,0,0,0,82.9106,0
81.3858,2.61382,0,0,2.35903,0.46222,0.36288,3.6288,61.308,0.66528,0,0,1.11399,0.206398,0.242311,0.66528,12.849,1,0.40726,0.36288,0,68.7761,4.68037,64.0514,0.84672,12.849,0.84672,3695.15,0,0,0,1.21393,2.21678,6.71726,1.05472,9.09325,0.42336,0,0.42336,460.49,0,1.02816,0,0,2.24209,1.21393,1.028160,1,0,73.3869,0,0,0,73.3869,0
81.5558,2.6092,0,0,3.58621,0.444192,0.36288,3.6288,61.308,0.66528,0,0,1.98399,0.211156,1.10755,0.66528,12.849,1,0.411934,0.36288,0,111.243,4.73854,106.456,0.84672,12.849,0.84672,3695.15,0,0,0,3.03033,2.29664,12.1652,1.06617,16.426,0.42336,0,0.42336,460.49,0,1.02816,0,0,4.05849,3.03033,1.028160,1,0,123.989,0,0,0,123.989,0
80.5535,2.60999,0,0,2.36594,0.395314,0.36288,3.6288,61.308,0.66528,0,0,1.17286,0.230601,0.276982,0.66528,12.849,1,0.4112,0.36288,0,89.7964,4.54039,85.2077,0.84672,12.849,0.84672,3695.15,0,0,0,1.48802,2.29668,7.05542,1.1207,9.71942,0.42336,0,0.42336,460.49,0,1.02816,0,0,2.51618,1.48802,1.028160,1,0,95.2041,0,0,0,95.2041,0
79.3206,2.60562,0,0,2.08036,0.344789,0.36288,3.6288,61.308,0.66528,0,0,0.988969,0.248753,0.0749355,0.66528,12.849,1,0.415619,0.36288,0,79.7204,4.43541,75.2323,0.84672,12.849,0.84672,3695.15,0,0,0,1.08359,2.29671,5.93534,1.17019,8.14545,0.42336,0,0.42336,460.49,0,1.02816,0,0,2.11175,1.08359,1.028160,1,0,83.4526,0,0,0,83.4526,0
78.1087,2.56068,0,0,2.04826,0.336638,0.36288,3.6288,61.308,0.66528,0,0,0.99271,0.198126,0.129304,0.66528,12.849,1,0.4148,0.36288,0,60.0465,3.89764,56.097,0.84672,12.849,0.84672,3695.15,0,0,0,0.830961,2.29674,4.9344,1.10621,6.9559,0.42336,0,0.42336,460.49,0,1.02816,0,0,1.85912,0.830961,1.028160,1,0,63.1822,0,0,0,63.1822,0
76.798,2.5552,0,0,1.87006,0.262637,0.36288,3.6288,61.2451,0.66528,0,0,0.822251,0.219917,0,0.66528,12.849,1,0.420334,0.36288,0,51.9789,4.09432,47.8272,0.84672,12.849,0.84672,3695.15,0,0,0,0.661193,2.26571,4.37041,1.11498,6.18233,0.42336,0,0.42336,460.49,0,1.02816,0,0,1.68935,0.661193,1.028160,1,0,54.0095,0,0,0,54.0095,0
75.4889,2.54909,0,0,1.80213,0.199233,0.36288,3.6288,61.2005,0.66528,0,0,0.860147,0.23944,0,0.66528,12.849,1,0.426487,0.36288,0,49.7807,4.26731,45.4497,0.84672,12.849,0.84672,3695.15,0,0,0,0.731972,2.26574,4.64072,1.12531,6.51313,0.42336,0,0.42336,460.49,0,1.02816,0,0,1.76013,0.731972,1.028160,1,0,51.9629,0,0,0,51.9629,0
74.056,2.54282,0,0,1.66937,0.196621,0.36288,3.6288,61.0942,0.66528,0,0,0.798345,0.239373,0,0.66528,12.849,1,0.432814,0.36288,0,45.4231,4.26731,41.0858,0.84672,12.849,0.84672,3695.15,0,0,0,0.623497,2.26578,4.55462,1.12531,6.31859,0.42336,0,0.42336,460.49,0,1.02816,0,0,1.65166,0.623497,1.028160,1,0,47.4044,0,0,0,47.4044,0
72.5678,2.66824,0,0,1.73182,0.188933,0.36288,3.6288,61.1128,0.66528,0,0,0.920912,0.237039,0,0.66528,12.849,1,0.462949,0.36288,0,48.4821,4.26928,44.1127,0.84672,12.849,0.84672,3695.15,0,0,0,0.594665,2.26581,4.22711,1.09103,5.99656,0.42336,0,0.42336,460.49,0,1.02816,0,0,1.62283,0.594665,1.028160,1,0,50.1093,0,0,0,50.1093,0
71.0059,2.66022,0,0,1.64096,0.179697,0.36288,3.6288,60.997,0.66528,0,0,0.783683,0.234169,0,0.66528,12.849,1,0.471023,0.36288,0,45.2313,4.27193,40.8513,0.84672,12.849,0.84672,3695.15,0,0,0,0.494364,2.3747,3.83667,1.04532,5.66042,0.42336,0,0.42336,460.49,0,1.02816,0,0,1.52252,0.494364,1.028160,1,0,46.5117,0,0,0,46.5117,0
69.3002,2.65149,0,0,1.43196,0.123355,0.36288,3.6288,60.8124,0.674257,0,0,0.728404,0.23871,0,0.66528,12.849,1,0.479805,0.36288,0,40.4275,4.32548,35.9851,0.84672,12.849,0.84672,3695.15,0,0,0,0.402797,2.37474,3.71083,1.059,5.42936,0.42336,0,0.42336,460.49,0,1.01918,0,0,1.42198,0.402797,1.028160,1,0,41.4145,0,0,0,41.4145,0
67.5647,2.64157,0,0,1.34855,0.0795338,0.36288,3.6288,60.5786,0.66528,0,0,0.698077,0.266672,0,0.66528,12.849,1,0.489776,0.36288,0,36.252,4.64678,31.4783,0.84672,12.849,0.84672,3695.15,0,0,0,0.329357,2.37477,3.50957,1.14109,5.0726,0.42336,0,0.42336,460.49,0,1.02816,0,0,1.35752,0.329357,1.028160,1,0,36.5509,0,0,0,36.5509,0
65.7277,2.63105,0,0,1.23744,0.0805585,0.36288,3.6288,60.2509,0.73567,0,0,0.66325,0.255228,0,0.66528,12.849,1,0.500354,0.36288,0,35.1387,4.59655,30.4047,0.84672,12.849,0.84672,3695.15,0,0,0,0.30119,2.37481,3.61338,1.11425,5.17512,0.42336,0,0.42336,460.49,0,0.95777,0,0,1.25896,0.30119,1.028160,1,0,35.5798,0,0,0,35.5798,0
63.7149,2.59367,0,0,1.03551,0.0917897,0.36288,3.6288,60.01,0.707115,0,0,0.654748,0.188542,0,0.66528,12.849,1,0.507032,0.36288,0,27.844,4.29524,23.4046,0.84672,12.849,0.84672,3695.15,0,0,0,0.30119,2.37484,2.74476,0.953211,4.46758,0.42336,0,0.42336,460.49,0,0.986325,0,0,1.28752,0.30119,1.028160,1,0,27.8721,0,0,0,27.8721,0
61.6182,2.58038,0,0,0.936896,0.0903144,0.36288,3.6288,59.5626,0.866817,0,0,0.607623,0.188253,0,0.66528,12.849,1,0.52037,0.36288,0,25.0041,4.29524,20.5513,0.84672,12.849,0.84672,3695.15,0,0,0,0.30119,2.41293,2.63248,0.953211,4.39339,0.42336,0,0.42336,460.49,0,0.826623,0,0,1.12781,0.30119,1.028160,1,0,24.9447,0,0,0,24.9447,0
59.5196,2.56577,0,0,0.892607,0.0625282,0.36288,3.6288,59.0633,0.82137,0,0,0.574912,0.252805,0,0.66528,12.849,1,0.535031,0.36288,0,22.6518,5.14214,17.3375,0.84672,12.849,0.84672,3695.15,0,0,0,0.261274,2.41297,2.49409,1.26235,3.90599,0.42336,0,0.42336,460.49,0,0.87207,0,0,1.13334,0.261274,1.028160,1,0,21.2435,0,0,0,21.2435,0
57.3418,2.5503,0,0,0.792444,0.0570916,0.36288,3.6288,58.4857,0.852362,0,0,0.537559,0.262811,0,0.66528,12.849,1,0.550555,0.36288,0,20.7175,5.28329,15.2465,0.84672,12.849,0.84672,3695.15,0,0,0,0.261274,2.413,2.41189,1.31387,3.7723,0.42336,0,0.42336,460.49,0,0.841078,0,0,1.10235,0.261274,1.028160,1,0,19.0188,0,0,0,19.0188,0
55.1767,2.59815,0,0,0.858367,0.0623699,0.36288,3.6288,57.9647,0.824705,0,0,0.578108,0.274339,0,0.66528,12.849,1,0.582187,0.36288,0,21.7639,5.38949,16.1551,0.84672,12.849,0.84672,3695.15,0,0,0,0.261274,2.41304,2.45813,1.39986,3.73258,0.42336,0,0.42336,460.49,0,0.868735,0,0,1.13001,0.261274,1.028160,1,0,19.8877,0,0,0,19.8877,0
53.0564,2.57966,0,0,0.88573,0.063579,0.36288,3.6288,57.5134,0.773971,0,0,0.601075,0.278403,0,0.66528,12.849,1,0.600726,0.36288,0,21.1007,5.43196,15.4309,0.84672,12.849,0.84672,3695.15,0,0,0,0.261274,2.46701,2.58762,1.43426,3.88165,0.42336,0,0.42336,460.49,0,0.919469,0,0,1.18074,0.261274,1.028160,1,0,19.3125,0,0,0,19.3125,0
50.8411,2.56038,0,0,0.770247,0.0622274,0.36288,3.6288,56.9271,0.873625,0,0,0.564874,0.277591,0,0.66528,12.849,1,0.620064,0.36288,0,19.9635,5.43196,14.2743,0.84672,12.849,0.84672,3695.15,0,0,0,0.261274,2.46705,2.51813,1.43426,3.81219,0.42336,0,0.42336,460.49,0,0.819815,0,0,1.08109,0.261274,1.028160,1,0,18.0865,0,0,0,18.0865,0
48.5879,2.53886,0,0,0.709292,0.0608153,0.36288,3.6288,56.3087,0.895363,0,0,0.55346,0.276537,0,0.66528,12.849,1,0.641642,0.36288,0,18.8284,5.43196,13.1176,0.84672,12.849,0.84672,3695.15,0,0,0,0.227405,2.46708,2.49265,1.43426,3.75288,0.42336,0,0.42336,460.49,0,0.798077,0,0,1.02548,0.227405,1.028160,1,0,16.8705,0,0,0,16.8705,0
46.1053,2.69933,0,0,0.63397,0.05433,0.36288,3.6288,55.607,0.95091,0,0,0.539521,0.290256,0,0.66528,12.849,1,0.713835,0.36288,0,17.3623,5.85362,11.1578,0.84672,12.849,0.84672,3695.15,0,0,0,0.227405,2.46712,2.31796,1.47886,3.53362,0.42336,0,0.42336,460.49,0,0.74253,0,0,0.969935,0.227405,1.028160,1,0,14.6914,0,0,0,14.6914,0
43.4496,2.90581,0,0,0.685256,0.0722233,0.36288,3.6288,54.7114,1.06,0,0,0.477474,0.313108,0,0.66528,12.849,1,0.809814,0.36288,0,15.6978,6.26188,8.98902,0.84672,12.849,0.84672,3695.15,0,0,0,0.227405,2.65173,1.73846,1.58921,3.02838,0.42336,0,0.42336,460.49,0,0.633442,0,0,0.860846,0.227405,1.028160,1,0,12.0174,0,0,0,12.0174,0
40.8787,2.86765,0,0,0.729685,0.0700862,0.36288,3.6288,54.1276,0.859836,0,0,0.587313,0.311269,0,0.66528,12.849,1,0.848027,0.36288,0,19.976,6.26188,13.229,0.84672,12.849,0.84672,3695.15,0,0,0,0.227405,2.4748,1.94181,1.58921,3.05481,0.42336,0,0.42336,460.49,0,0.833604,0,0,1.06101,0.227405,1.028160,1,0,16.2838,0,0,0,16.2838,0
38.221,2.82712,0,0,0.600316,0.0680172,0.36288,3.6288,53.0725,1.17272,0,0,0.427733,0.31007,0,0.66528,12.849,1,0.88862,0.36288,0,18.3012,6.26188,11.5135,0.84672,12.849,0.84672,3695.15,0,0,0,0.204422,2.47484,1.59042,1.58921,2.68047,0.42336,0,0.42336,460.49,0,0.520716,0,0,0.725138,0.204422,1.028160,1,0,14.194,0,0,0,14.194,0
35.7594,2.78092,0,0,0.748098,0.0659341,0.36288,3.6288,52.8406,0.66528,0,0,0.740967,0.307596,0,0.66528,12.849,1,0.934879,0.36288,0,17.8393,6.26188,11.0054,0.84672,12.849,0.84672,3695.15,0,0,0,0.404827,2.47488,2.48054,1.58921,3.77104,0.42336,0,0.42336,460.49,0,1.02816,0,0,1.43299,0.404827,1.028160,1,0,14.7764,0,0,0,14.7764,0
33.5854,2.65021,0,0,0.908479,0.0693345,0.36288,3.6288,52.295,0.883069,0,0,0.618475,0.281029,0,0.66528,12.849,1,0.952269,0.36288,0,22.782,5.88042,16.3121,0.84672,12.849,0.84672,3695.15,0,0,0,0.204422,2.47492,3.63853,1.60277,4.7151,0.42336,0,0.42336,460.49,0,0.810371,0,0,1.01479,0.204422,1.028160,1,0,21.0272,0,0,0,21.0272,0
31.533,2.60567,0,0,1.03099,0.114853,0.36288,3.6288,51.7085,0.948672,0,0,0.596556,0.23434,0,0.66528,12.849,1,0.996867,0.36288,0,19.219,5.49391,13.0911,0.84672,12.849,0.84672,3695.15,0,0,0,0.204422,2.36813,2.74381,1.47001,3.84635,0.42336,0,0.42336,460.49,0,0.744768,0,0,0.94919,0.204422,1.028160,1,0,16.9374,0,0,0,16.9374,0
29.8625,2.55961,0,0,1.36391,0.111943,0.36288,3.6288,51.5861,0.66528,0,0,0.776098,0.233234,0,0.66528,12.849,1,1.04298,0.36288,0,27.9773,5.49391,21.8033,0.84672,12.849,0.84672,3695.15,0,0,0,0.285379,2.36817,3.93894,1.47001,5.12247,0.42336,0,0.42336,460.49,0,1.02816,0,0,1.31354,0.285379,1.028160,1,0,26.9257,0,0,0,26.9257,0
28.6462,2.51885,0,0,1.77498,0.109512,0.36288,3.6288,51.7861,0.66528,0,0,1.0982,0.233004,0,0.66528,12.849,1,1.08379,0.36288,0,54.7799,5.49391,48.5651,0.84672,12.849,0.84672,3695.15,0,0,0,0.812307,2.3682,4.67758,1.47001,6.38808,0.42336,0,0.42336,460.49,0,1.02816,0,0,1.84047,0.812307,1.028160,1,0,54.9532,0,0,0,54.9532,0
26.8735,2.42288,0,0,1.15396,0.140905,0.36288,3.6288,51.3999,0.797832,0,0,0.609329,0.197665,0,0.66528,12.849,1,1.08676,0.36288,0,37.1091,4.53309,31.8521,0.84672,12.849,0.84672,3695.15,0,0,0,0.216518,2.36824,2.73828,1.17964,4.1434,0.42336,0,0.42336,460.49,0,0.895608,0,0,1.11213,0.216518,1.028160,1,0,35.9955,0,0,0,35.9955,0
25.4456,2.37441,0,0,1.45169,0.142266,0.36288,3.6288,50.9397,0.887848,0,0,0.607297,0.179617,0,0.66528,12.849,1,1.13528,0.36288,0,45.7447,3.83523,41.1371,0.84672,12.849,0.84672,3695.15,0,0,0,0.216518,2.27294,3.43303,0.951635,4.97085,0.42336,0,0.42336,460.49,0,0.805592,0,0,1.02211,0.216518,1.028160,1,0,46.108,0,0,0,46.108,0
24.8099,2.33212,0,0,2.19872,0.139426,0.36288,3.6288,51.2528,0.66528,0,0,1.15735,0.178948,0,0.66528,12.849,1,1.17762,0.36288,0,50.0891,3.83523,45.4391,0.84672,12.849,0.84672,3695.15,0,0,0,0.846374,2.27297,5.01044,0.951635,7.17815,0.42336,0,0.42336,460.49,0,1.02816,0,0,1.87453,0.846374,1.028160,1,0,52.6173,0,0,0,52.6173,0
23.3511,2.31228,0,0,1.36093,0.144592,0.36288,3.6288,51.18,0.66528,0,0,0.775023,0.182622,0,0.66528,12.849,1,1.19752,0.36288,0,41.6513,3.89322,36.9234,0.84672,12.849,0.84672,3695.15,0,0,0,0.492582,2.27301,4.96225,0.965174,6.76267,0.42336,0,0.42336,460.49,0,1.02816,0,0,1.52074,0.492582,1.028160,1,0,43.6861,0,0,0,43.6861,0
23.3409,2.09354,0,0,2.62268,0.176466,0.36288,3.6288,51.3768,0.66528,0,0,1.06571,0.203552,0,0.66528,12.849,1,1.15198,0.36288,0,101.605,4.33104,96.4852,0.84672,12.849,0.84672,3695.15,0,0,0,0.862022,2.27304,7.50786,1.07731,9.56561,0.42336,0,0.42336,460.49,0,1.02816,0,0,1.89018,0.862022,1.028160,1,0,106.051,0,0,0,106.051,0
22.8182,2.09325,0,0,2.10273,0.169282,0.36288,3.6288,51.7933,0.66528,0,0,1.29002,0.208223,0,0.66528,12.849,1,1.15232,0.36288,0,108.672,4.55574,103.327,0.84672,12.849,0.84672,3695.15,0,0,0,1.50898,2.06129,7.69876,1.15457,10.1145,0.42336,0,0.42336,460.49,0,1.02816,0,0,2.53714,1.50898,1.028160,1,0,113.441,0,0,0,113.441,0
23.4141,2.0764,0,0,3.20321,0.168092,0.36288,3.6288,52.3222,0.66528,0,0,1.4031,0.208926,0,0.66528,12.849,1,1.16922,0.36288,0,103.135,4.55574,97.7727,0.84672,12.849,0.84672,3695.15,0,0,0,2.18369,2.06132,8.60138,1.15457,11.6918,0.42336,0,0.42336,460.49,0,1.02816,0,0,3.21185,2.18369,1.028160,1,0,109.465,0,0,0,109.465,0
24.4471,2.09564,0,0,3.65978,0.1682,0.36288,3.6288,53.0007,0.66528,0,0,1.55427,0.21051,0,0.66528,12.849,1,1.15003,0.36288,0,109.508,4.44948,104.271,0.84672,12.849,0.84672,3695.15,0,0,0,2.12454,2.06135,9.22562,1.14144,12.2701,0.42336,0,0.42336,460.49,0,1.02816,0,0,3.1527,2.12454,1.028160,1,0,116.541,0,0,0,116.541,0
27.6837,2.12753,0,0,5.91665,0.189687,0.36288,3.6288,54.5857,0.66528,0,0,2.44313,0.192845,0,0.66528,12.849,1,1.11819,0.36288,0,138.379,3.50728,134.117,0.84672,12.849,0.84672,3695.15,0,0,0,2.19491,2.06138,13.0365,1.09546,16.1973,0.42336,0,0.42336,460.49,0,1.02816,0,0,3.22307,2.19491,1.028160,1,0,150.314,0,0,0,150.314,0
28.6033,2.21682,0,0,3.68965,0.190321,0.36288,3.6288,55.7114,0.66528,0,0,1.97622,0.185287,0,0.66528,12.849,1,1.02891,0.36288,0,127.476,3.83043,122.98,0.84672,12.849,0.84672,3695.15,0,0,0,1.85691,2.06142,9.5853,1.02168,12.4819,0.42336,0,0.42336,460.49,0,1.02816,0,0,2.88507,1.85691,1.028160,1,0,135.462,0,0,0,135.462,0
29.3712,2.30984,0,0,3.63137,0.190778,0.36288,3.6288,57.1481,0.66528,0,0,2.28699,0.184981,0,0.66528,12.849,1,1.03761,0.36288,0,89.4499,3.88195,84.8932,0.84672,12.849,0.84672,3695.15,0,0,0,2.00654,2.06142,10.589,1.00709,13.6499,0.42336,0,0.42336,460.49,0,1.02816,0,0,3.0347,2.00654,1.028160,1,0,98.5431,0,0,0,98.5431,0
30.2728,2.32873,0,0,3.78602,0.192778,0.36288,3.6288,58.5225,0.66528,0,0,2.22636,0.186723,0,0.66528,12.849,1,1.01875,0.36288,0,62.2034,3.88195,57.6656,0.84672,12.849,0.84672,3695.15,0,0,0,2.29759,2.12748,9.58764,1.00709,13.0056,0.42336,0,0.42336,460.49,0,1.02816,0,0,3.32575,2.29759,1.028160,1,0,70.6712,0,0,0,70.6712,0
32.8722,2.35005,0,0,5.51197,0.199669,0.36288,3.6288,59.8098,0.66528,0,0,2.14954,0.196974,0,0.66528,12.849,1,0.997454,0.36288,0,135.342,3.94572,130.762,0.84672,12.849,0.84672,3695.15,0,0,0,2.32897,2.1275,13.8311,1.02935,17.2582,0.42336,0,0.42336,460.49,0,1.02816,0,0,3.35713,2.32897,1.028160,1,0,148.02,0,0,0,148.02,0
35.1922,2.40677,0,0,5.31511,0.225435,0.36288,3.6288,61.0596,0.66528,0,0,2.10437,0.189236,0,0.66528,12.849,1,0.940754,0.36288,0,161.219,3.81626,156.825,0.84672,12.849,0.84672,3695.15,0,0,0,2.37962,2.12752,11.9731,0.969486,15.5107,0.42336,0,0.42336,460.49,0,1.02816,0,0,3.40778,2.37962,1.028160,1,0,172.336,0,0,0,172.336,0
35.4449,2.69141,0,0,3.52728,0.220326,0.36288,3.6288,61.308,0.66528,0,0,1.33854,0.141155,0.283714,0.66528,12.849,1,0.982658,0.36288,0,97.8947,3.1982,94.0767,0.84672,12.849,0.84672,3695.15,0,0,0,1.10087,2.12754,7.43792,0.784022,9.88231,0.42336,0,0.42336,460.49,0,1.02816,0,0,2.12903,1.10087,1.028160,1,0,104.243,0,0,0,104.243,0
34.867,2.69657,0,0,2.70259,0.221,0.36288,3.6288,61.308,0.66528,0,0,1.16555,0.141377,0.358897,0.66528,12.849,1,0.977525,0.36288,0,84.1648,3.1982,80.352,0.84672,12.849,0.84672,3695.15,0,0,0,0.66871,2.36514,6.87908,0.784022,9.12891,0.42336,0,0.42336,460.49,0,1.02816,0,0,1.69687,0.66871,1.028160,1,0,89.8398,0,0,0,89.8398,0
37.0162,2.68476,0,0,5.40555,0.208719,0.36288,3.6288,61.308,0.66528,0,0,2.34495,0.174573,1.50509,0.66528,12.849,1,0.989372,0.36288,0,115.478,3.98444,110.867,0.84672,12.849,0.84672,3695.15,0,0,0,2.78204,2.36516,9.87828,1.03,13.9955,0.42336,0,0.42336,460.49,0,1.02816,0,0,3.8102,2.78204,1.028160,1,0,126.368,0,0,0,126.368,0
40.8588,2.72742,0,0,7.14945,0.216533,0.36288,3.6288,61.308,0.66528,0,0,3.67983,0.165029,2.84952,0.66528,12.849,1,0.946738,0.36288,0,144,3.65022,139.766,0.84672,12.849,0.84672,3695.15,0,0,0,5.85949,2.36518,14.7531,0.977117,22.0006,0.42336,0,0.42336,460.49,0,1.02816,0,0,6.88765,5.85949,1.028160,1,0,164.616,0,0,0,164.616,0
41.3412,2.44088,0,0,3.5185,0.232365,0.36288,3.6288,61.308,0.66528,0,0,2.7407,0.144928,1.9305,0.66528,12.849,1,0.767589,0.36288,0,131.662,3.02988,128.228,0.84672,12.849,0.84672,3695.15,0,0,0,4.55488,2.3652,12.069,0.851948,18.1372,0.42336,0,0.42336,460.49,0,1.02816,0,0,5.58304,4.55488,1.028160,1,0,148.295,0,0,0,148.295,0
43.0343,2.44773,0,0,4.72895,0.225264,0.36288,3.6288,61.308,0.66528,0,0,2.92791,0.138911,2.12371,0.66528,12.849,1,0.760763,0.36288,0,151.799,2.94268,148.458,0.84672,12.849,0.84672,3695.15,0,0,0,3.92107,2.04121,13.3037,0.839422,18.4266,0.42336,0,0.42336,460.49,0,1.02816,0,0,4.94923,3.92107,1.028160,1,0,169.008,0,0,0,169.008,0
43.8714,2.4708,0,0,3.8849,0.214087,0.36288,3.6288,61.308,0.66528,0,0,3.29638,0.170371,2.46073,0.66528,12.849,1,0.73772,0.36288,0,134.464,4.02245,130.067,0.84672,12.849,0.84672,3695.15,0,0,0,5.95345,2.04122,12.7709,1.07097,19.6946,0.42336,0,0.42336,460.49,0,1.02816,0,0,6.98161,5.95345,1.028160,1,0,152.222,0,0,0,152.222,0
46.3892,2.48171,0,0,5.58125,0.218938,0.36288,3.6288,61.308,0.66528,0,0,4.07653,0.150182,3.26107,0.66528,12.849,1,0.726838,0.36288,0,112.978,4.2441,108.37,0.84672,12.849,0.84672,3695.15,0,0,0,4.34875,2.04124,12.0797,0.999183,17.4705,0.42336,0,0.42336,460.49,0,1.02816,0,0,5.37691,4.34875,1.028160,1,0,129.102,0,0,0,129.102,0
50.8818,2.51262,0,0,7.58089,0.212708,0.36288,3.6288,61.308,0.66528,0,0,4.21482,0.161381,3.38816,0.66528,12.849,1,0.695952,0.36288,0,275.822,4.33839,271.15,0.84672,12.849,0.84672,3695.15,0,0,0,5.67586,2.04126,16.9027,1.14799,23.4718,0.42336,0,0.42336,460.49,0,1.02816,0,0,6.70402,5.67586,1.028160,1,0,298.01,0,0,0,298.01,0
52.4471,2.6553,0,0,4.80677,0.22329,0.36288,3.6288,61.308,0.66528,0,0,2.60959,0.161381,1.78293,0.66528,12.849,1,0.670533,0.36288,0,169.286,4.33839,164.64,0.84672,12.849,0.84672,3695.15,0,0,0,3.5519,2.04128,11.8306,1.14799,16.2758,0.42336,0,0.42336,460.49,0,1.02816,0,0,4.58006,3.5519,1.028160,1,0,182.699,0,0,0,182.699,0
53.0766,2.6714,0,0,3.89072,0.226952,0.36288,3.6288,61.308,0.66528,0,0,2.15889,0.161381,1.33223,0.66528,12.849,1,0.654464,0.36288,0,117.433,4.33839,112.803,0.84672,12.849,0.84672,3695.15,0,0,0,3.18906,2.12118,9.88494,1.14799,14.0472,0.42336,0,0.42336,460.49,0,1.02816,0,0,4.21722,3.18906,1.028160,1,0,128.183,0,0,0,128.183,0
53.2083,2.67767,0,0,3.40061,0.228425,0.36288,3.6288,61.308,0.66528,0,0,1.96784,0.161381,1.14118,0.66528,12.849,1,0.64822,0.36288,0,100.535,4.33839,95.9113,0.84672,12.849,0.84672,3695.15,0,0,0,2.94883,2.1212,8.85781,1.14799,12.7798,0.42336,0,0.42336,460.49,0,1.02816,0,0,3.97699,2.94883,1.028160,1,0,109.832,0,0,0,109.832,0
53.6627,2.67898,0,0,3.69954,0.203283,0.36288,3.6288,61.308,0.66528,0,0,1.7751,0.188811,0.921006,0.66528,12.849,1,0.646934,0.36288,0,102.323,4.29637,97.7422,0.84672,12.849,0.84672,3695.15,0,0,0,2.30383,2.12121,9.43142,1.15296,12.7035,0.42336,0,0.42336,460.49,0,1.02816,0,0,3.33199,2.30383,1.028160,1,0,111.367,0,0,0,111.367,0
54.1149,2.64644,0,0,3.63309,0.171553,0.36288,3.6288,61.308,0.66528,0,0,1.54581,0.208519,0.672009,0.66528,12.849,1,0.633664,0.36288,0,98.3837,4.35739,93.7555,0.84672,12.849,0.84672,3695.15,0,0,0,2.22745,2.12123,8.88391,1.16038,12.0722,0.42336,0,0.42336,460.49,0,1.02816,0,0,3.25561,2.22745,1.028160,1,0,106.5,0,0,0,106.5,0
54.3306,2.65074,0,0,3.40165,0.172343,0.36288,3.6288,61.308,0.66528,0,0,1.55065,0.208519,0.676847,0.66528,12.849,1,0.62939,0.36288,0,90.5334,4.35739,85.9095,0.84672,12.849,0.84672,3695.15,0,0,0,2.13323,2.09016,8.41156,1.16038,11.4746,0.42336,0,0.42336,460.49,0,1.02816,0,0,3.16139,2.13323,1.028160,1,0,98.0609,0,0,0,98.0609,0
54.3983,2.65278,0,0,3.25609,0.17272,0.36288,3.6288,61.308,0.66528,0,0,1.92495,0.208519,1.05115,0.66528,12.849,1,0.627374,0.36288,0,86.2859,4.35739,81.6641,0.84672,12.849,0.84672,3695.15,0,0,0,2.80924,2.09018,10.0858,1.16038,13.8249,0.42336,0,0.42336,460.49,0,1.02816,0,0,3.8374,2.80924,1.028160,1,0,96.5401,0,0,0,96.5401,0
54.1521,2.65344,0,0,2.95164,0.18146,0.36288,3.6288,61.308,0.66528,0,0,1.51372,0.172639,0.675801,0.66528,12.849,1,0.626748,0.36288,0,75.2077,4.0439,70.9,0.84672,12.849,0.84672,3695.15,0,0,0,2.07164,2.0902,8.39307,1.01618,11.5387,0.42336,0,0.42336,460.49,0,1.02816,0,0,3.0998,2.07164,1.028160,1,0,83.1145,0,0,0,83.1145,0
53.6455,2.77692,0,0,2.77064,0.137465,0.36288,3.6288,61.308,0.66528,0,0,1.22751,0.245909,0.316321,0.66528,12.849,1,0.658896,0.36288,0,67.9553,4.80953,62.8498,0.84672,12.849,0.84672,3695.15,0,0,0,1.55105,2.09022,7.00212,1.23048,9.4129,0.42336,0,0.42336,460.49,0,1.02816,0,0,2.57921,1.55105,1.028160,1,0,72.579,0,0,0,72.579,0
52.8397,2.77192,0,0,2.46573,0.136759,0.36288,3.6288,61.308,0.66528,0,0,1.12624,0.245909,0.215052,0.66528,12.849,1,0.663922,0.36288,0,61.2814,4.80953,56.1709,0.84672,12.849,0.84672,3695.15,0,0,0,1.3229,2.19917,6.74775,1.23048,9.03934,0.42336,0,0.42336,460.49,0,1.02816,0,0,2.35106,1.3229,1.028160,1,0,65.4253,0,0,0,65.4253,0
51.9488,2.7638,0,0,2.32885,0.0930935,0.36288,3.6288,61.308,0.66528,0,0,1.08162,0.278961,0.137374,0.66528,12.849,1,0.672072,0.36288,0,54.621,5.18438,49.1275,0.84672,12.849,0.84672,3695.15,0,0,0,1.23422,2.19919,6.4266,1.32626,8.53375,0.42336,0,0.42336,460.49,0,1.02816,0,0,2.26238,1.23422,1.028160,1,0,57.7986,0,0,0,57.7986,0
50.9293,2.75458,0,0,2.19021,0.092242,0.36288,3.6288,61.308,0.66528,0,0,1.0308,0.278961,0.0865626,0.66528,12.849,1,0.681318,0.36288,0,53.8318,5.18438,48.329,0.84672,12.849,0.84672,3695.15,0,0,0,1.06973,2.1992,6.61809,1.32626,8.56077,0.42336,0,0.42336,460.49,0,1.02816,0,0,2.09789,1.06973,1.028160,1,0,56.9763,0,0,0,56.9763,0
49.8011,2.74372,0,0,2.06526,0.0868147,0.36288,3.6288,61.2613,0.66528,0,0,0.882714,0.264147,0,0.66528,12.849,1,0.692215,0.36288,0,46.7486,4.97191,41.4474,0.84672,12.849,0.84672,3695.15,0,0,0,1.09312,2.19922,4.78939,1.19873,6.88301,0.42336,0,0.42336,460.49,0,1.02816,0,0,2.12128,1.09312,1.028160,1,0,48.3304,0,0,0,48.3304,0
48.6143,2.70681,0,0,1.95132,0.0684806,0.36288,3.6288,61.1439,0.66528,0,0,0.841467,0.293534,0,0.66528,12.849,1,0.698374,0.36288,0,44.3102,5.00356,38.9711,0.84672,12.849,0.84672,3695.15,0,0,0,1.02479,2.19924,4.79093,1.29637,6.71859,0.42336,0,0.42336,460.49,0,1.02816,0,0,2.05295,1.02479,1.028160,1,0,45.6897,0,0,0,45.6897,0
47.3435,2.69335,0,0,1.85306,0.067613,0.36288,3.6288,60.9509,0.66528,0,0,0.76553,0.293316,0,0.66528,12.849,1,0.711866,0.36288,0,40.1008,5.00356,34.7483,0.84672,12.849,0.84672,3695.15,0,0,0,0.950296,2.23734,4.68853,1.29637,6.5798,0.42336,0,0.42336,460.49,0,1.02816,0,0,1.97846,0.950296,1.028160,1,0,41.3281,0,0,0,41.3281,0
45.9525,2.67834,0,0,1.71692,0.0666817,0.36288,3.6288,60.6858,0.66528,0,0,0.693127,0.292958,0,0.66528,12.849,1,0.726901,0.36288,0,38.1726,5.00356,32.8051,0.84672,12.849,0.84672,3695.15,0,0,0,0.847843,2.23736,4.32542,1.29637,6.11425,0.42336,0,0.42336,460.49,0,1.02816,0,0,1.876,0.847843,1.028160,1,0,38.9193,0,0,0,38.9193,0
44.4591,2.66117,0,0,1.59647,0.0658592,0.36288,3.6288,60.4004,0.66528,0,0,0.676711,0.296788,0,0.66528,12.849,1,0.744102,0.36288,0,35.3401,5.30939,29.6495,0.84672,12.849,0.84672,3695.15,0,0,0,0.777099,2.23738,3.94727,1.34938,5.61237,0.42336,0,0.42336,460.49,0,1.02816,0,0,1.80526,0.777099,1.028160,1,0,35.2619,0,0,0,35.2619,0
42.8335,2.70345,0,0,1.50564,0.0649066,0.36288,3.6288,60.1177,0.66528,0,0,0.682016,0.299487,0,0.66528,12.849,1,0.781318,0.36288,0,31.8411,5.53875,25.8839,0.84672,12.849,0.84672,3695.15,0,0,0,0.817551,2.23739,3.7477,1.38913,5.41352,0.42336,0,0.42336,460.49,0,1.02816,0,0,1.84571,0.817551,1.028160,1,0,31.2974,0,0,0,31.2974,0
41.0589,2.68067,0,0,1.33268,0.063709,0.36288,3.6288,59.7936,0.66528,0,0,0.640129,0.298949,0,0.66528,12.849,1,0.804135,0.36288,0,30.0575,5.53875,24.0775,0.84672,12.849,0.84672,3695.15,0,0,0,0.723272,2.29139,3.74979,1.38913,5.37532,0.42336,0,0.42336,460.49,0,1.02816,0,0,1.75143,0.723272,1.028160,1,0,29.4528,0,0,0,29.4528,0
39.1978,2.65422,0,0,1.21845,0.0624016,0.36288,3.6288,59.4483,0.66528,0,0,0.618339,0.298332,0,0.66528,12.849,1,0.830613,0.36288,0,28.2274,5.53875,22.2209,0.84672,12.849,0.84672,3695.15,0,0,0,0.585567,2.2914,3.57276,1.38913,5.0606,0.42336,0,0.42336,460.49,0,1.02816,0,0,1.61373,0.585567,1.028160,1,0,27.2815,0,0,0,27.2815,0
37.2618,2.62454,0,0,1.10228,0.0508878,0.36288,3.6288,59.0874,0.66528,0,0,0.609881,0.305485,0,0.66528,12.849,1,0.86032,0.36288,0,26.435,5.86488,20.0727,0.84672,12.849,0.84672,3695.15,0,0,0,0.614883,2.29142,3.66111,1.45134,5.11608,0.42336,0,0.42336,460.49,0,1.02816,0,0,1.64304,0.614883,1.028160,1,0,25.1888,0,0,0,25.1888,0
35.3145,2.76438,0,0,1.24729,0.0673521,0.36288,3.6288,58.6607,0.66528,0,0,0.541382,0.302769,0,0.66528,12.849,1,0.953243,0.36288,0,24.3712,6.12895,17.6519,0.84672,12.849,0.84672,3695.15,0,0,0,0.869124,2.29144,3.60535,1.61429,5.15163,0.42336,0,0.42336,460.49,0,1.02816,0,0,1.89728,0.869124,1.028160,1,0,22.8035,0,0,0,22.8035,0
33.4881,2.72587,0,0,1.32818,0.0658035,0.36288,3.6288,58.3594,0.66528,0,0,0.665923,0.301941,0,0.66528,12.849,1,0.991793,0.36288,0,31.0133,6.12895,24.2554,0.84672,12.849,0.84672,3695.15,0,0,0,1.31027,2.47614,4.02701,1.61429,6.19913,0.42336,0,0.42336,460.49,0,1.02816,0,0,2.33843,1.31027,1.028160,1,0,30.4545,0,0,0,30.4545,0
31.4668,2.6868,0,0,1.09268,0.0643511,0.36288,3.6288,57.8778,0.66528,0,0,0.48498,0.301356,0,0.66528,12.849,1,1.03089,0.36288,0,28.4129,6.12895,21.6159,0.84672,12.849,0.84672,3695.15,0,0,0,0.570041,2.47616,3.2983,1.61429,4.73021,0.42336,0,0.42336,460.49,0,1.02816,0,0,1.5982,0.570041,1.028160,1,0,26.3461,0,0,0,26.3461,0
29.763,2.6398,0,0,1.36168,0.0627437,0.36288,3.6288,57.7522,0.66528,0,0,0.840133,0.300421,0,0.66528,12.849,1,1.07792,0.36288,0,27.6959,6.12895,20.8519,0.84672,12.849,0.84672,3695.15,0,0,0,2.13013,2.47618,5.14429,1.61429,8.13631,0.42336,0,0.42336,460.49,0,1.02816,0,0,3.15829,2.13013,1.028160,1,0,28.9882,0,0,0,28.9882,0
27.9219,2.59672,0,0,1.17286,0.0544248,0.36288,3.6288,57.6538,0.66528,0,0,0.774524,0.207647,0,0.66528,12.849,1,1.12103,0.36288,0,37.8546,5.08731,32.0091,0.84672,12.849,0.84672,3695.15,0,0,0,2.91698,2.4762,5.67402,1.47428,9.59292,0.42336,0,0.42336,460.49,0,1.02816,0,0,3.94514,2.91698,1.028160,1,0,41.6021,0,0,0,41.6021,0
25.8155,2.46843,0,0,0.775993,0.0510205,0.36288,3.6288,57.3973,0.66528,0,0,0.608785,0.199961,0,0.66528,12.849,1,1.13592,0.36288,0,26.2651,5.12935,20.3627,0.84672,12.849,0.84672,3695.15,0,0,0,1.56028,2.47622,4.12511,1.5349,6.62671,0.42336,0,0.42336,460.49,0,1.02816,0,0,2.58844,1.56028,1.028160,1,0,26.9894,0,0,0,26.9894,0
24.0416,2.40657,0,0,1.07158,0.0760522,0.36288,3.6288,57.3675,0.66528,0,0,0.835299,0.199863,0,0.66528,12.849,1,1.19781,0.36288,0,27.6439,4.85465,21.9543,0.84672,12.849,0.84672,3695.15,0,0,0,1.95867,2.36936,5.53687,1.4836,8.3813,0.42336,0,0.42336,460.49,0,1.02816,0,0,2.98683,1.95867,1.028160,1,0,30.3356,0,0,0,30.3356,0
24.0385,2.34899,0,0,2.8277,0.11891,0.36288,3.6288,57.9189,0.66528,0,0,1.43561,0.218972,0,0.66528,12.849,1,1.25542,0.36288,0,47.4625,4.46964,42.1004,0.84672,12.849,0.84672,3695.15,0,0,0,5.90395,2.36938,11.3168,1.36595,18.2242,0.42336,0,0.42336,460.49,0,1.02816,0,0,6.93211,5.90395,1.028160,1,0,60.3246,0,0,0,60.3246,0
22.4096,2.34891,0,0,1.1948,0.111899,0.36288,3.6288,57.7429,0.66528,0,0,0.706589,0.217299,0,0.66528,12.849,1,1.25553,0.36288,0,30.7794,4.34001,25.5467,0.84672,12.849,0.84672,3695.15,0,0,0,1.5714,2.3694,5.32196,1.1877,8.07506,0.42336,0,0.42336,460.49,0,1.02816,0,0,2.59956,1.5714,1.028160,1,0,33.6218,0,0,0,33.6218,0
20.7048,2.23174,0,0,1.01614,0.1264,0.36288,3.6288,57.3242,0.66528,0,0,0.455757,0.209123,0,0.66528,12.849,1,1.27961,0.36288,0,22.2159,4.2126,17.0865,0.84672,12.849,0.84672,3695.15,0,0,0,0.278925,2.36942,4.98777,1.0079,6.62821,0.42336,0,0.42336,460.49,0,1.02816,0,0,1.30709,0.278925,1.028160,1,0,23.7147,0,0,0,23.7147,0
19.0979,2.16674,0,0,1.0463,0.123504,0.36288,3.6288,57.1151,0.66528,0,0,0.664731,0.208557,0,0.66528,12.849,1,1.34464,0.36288,0,22.5398,4.2126,17.3454,0.84672,12.849,0.84672,3695.15,0,0,0,1.55519,2.27405,6.86313,1.0079,9.68447,0.42336,0,0.42336,460.49,0,1.02816,0,0,2.58335,1.55519,1.028160,1,0,27.0299,0,0,0,27.0299,0
19.4477,2.09913,0,0,2.93252,0.120774,0.36288,3.6288,58.2318,0.66528,0,0,1.99028,0.208274,0,0.66528,12.849,1,1.41228,0.36288,0,69.8157,4.2126,64.5537,0.84672,12.849,0.84672,3695.15,0,0,0,4.21485,2.27407,14.2478,1.0079,19.7288,0.42336,0,0.42336,460.49,0,1.02816,0,0,5.24301,4.21485,1.028160,1,0,84.2825,0,0,0,84.2825,0
19.6152,2.11444,0,0,2.79294,0.148068,0.36288,3.6288,58.7924,0.66528,0,0,1.41032,0.184515,0,0.66528,12.849,1,1.397,0.36288,0,49.7654,3.82699,44.9043,0.84672,12.849,0.84672,3695.15,0,0,0,1.48072,2.27409,13.3656,0.89615,16.2243,0.42336,0,0.42336,460.49,0,1.02816,0,0,2.50888,1.48072,1.028160,1,0,61.1286,0,0,0,61.1286,0
20.2843,1.96188,0,0,3.16875,0.174947,0.36288,3.6288,59.9331,0.66528,0,0,2.00086,0.194857,0,0.66528,12.849,1,1.28514,0.36288,0,71.6792,3.79869,66.9582,0.84672,12.849,0.84672,3695.15,0,0,0,4.33633,2.27411,12.5346,0.872977,18.272,0.42336,0,0.42336,460.49,0,1.02816,0,0,5.36449,4.33633,1.028160,1,0,85.2302,0,0,0,85.2302,0
20.2953,1.98785,0,0,2.5383,0.176581,0.36288,3.6288,60.7967,0.66528,0,0,1.7252,0.196284,0,0.66528,12.849,1,1.2592,0.36288,0,67.4352,3.79869,62.7402,0.84672,12.849,0.84672,3695.15,0,0,0,3.87821,2.06224,10.7419,0.872977,15.8093,0.42336,0,0.42336,460.49,0,1.02816,0,0,4.90637,3.87821,1.028160,1,0,78.5495,0,0,0,78.5495,0
20.5589,1.98828,0,0,2.79088,0.17604,0.36288,3.6288,61.308,0.66528,0,0,1.62162,0.205092,0.239969,0.66528,12.849,1,1.25879,0.36288,0,81.0147,3.9881,76.1307,0.84672,12.849,0.84672,3695.15,0,0,0,3.46178,2.06226,12.0952,0.959029,16.6602,0.42336,0,0.42336,460.49,0,1.02816,0,0,4.48994,3.46178,1.028160,1,0,93.0309,0,0,0,93.0309,0
20.3884,1.99823,0,0,2.36387,0.173261,0.36288,3.6288,61.308,0.66528,0,0,1.59754,0.252267,0.679998,0.66528,12.849,1,1.24886,0.36288,0,69.8458,5.12452,63.8352,0.84672,12.849,0.84672,3695.15,0,0,0,2.8333,2.06227,10.4462,1.47534,13.8664,0.42336,0,0.42336,460.49,0,1.02816,0,0,3.86146,2.8333,1.028160,1,0,78.3817,0,0,0,78.3817,0
22.3609,1.99184,0,0,4.49362,0.166397,0.36288,3.6288,61.308,0.66528,0,0,2.56091,0.224026,1.67161,0.66528,12.849,1,1.25528,0.36288,0,113.068,4.61085,107.565,0.84672,12.849,0.84672,3695.15,0,0,0,5.03599,2.06229,14.8733,1.31172,20.6599,0.42336,0,0.42336,460.49,0,1.02816,0,0,6.06415,5.03599,1.028160,1,0,129.896,0,0,0,129.896,0
24.4974,2.12678,0,0,4.79442,0.168278,0.36288,3.6288,61.308,0.66528,0,0,2.76782,0.212729,1.88981,0.66528,12.849,1,1.22209,0.36288,0,106.722,4.40538,101.458,0.84672,12.849,0.84672,3695.15,0,0,0,5.37993,2.06231,14.6267,1.24627,20.8227,0.42336,0,0.42336,460.49,0,1.02816,0,0,6.40809,5.37993,1.028160,1,0,124.17,0,0,0,124.17,0
25.713,2.1967,0,0,3.94858,0.173411,0.36288,3.6288,61.308,0.66528,0,0,2.14194,0.212729,1.26393,0.66528,12.849,1,1.15218,0.36288,0,85.8816,4.40538,80.6869,0.84672,12.849,0.84672,3695.15,0,0,0,3.88227,2.12839,12.4762,1.24627,17.2406,0.42336,0,0.42336,460.49,0,1.02816,0,0,4.91043,3.88227,1.028160,1,0,99.1915,0,0,0,99.1915,0
27.9787,2.23302,0,0,5.06257,0.200938,0.36288,3.6288,61.308,0.66528,0,0,2.12737,0.202019,1.26007,0.66528,12.849,1,1.11586,0.36288,0,113.405,4.51932,108.133,0.84672,12.849,0.84672,3695.15,0,0,0,4.29526,2.12839,17.7664,1.44494,22.7451,0.42336,0,0.42336,460.49,0,1.02816,0,0,5.32342,4.29526,1.028160,1,0,132.138,0,0,0,132.138,0
28.7545,2.29495,0,0,3.63156,0.197974,0.36288,3.6288,61.308,0.66528,0,0,2.26339,0.187113,1.411,0.66528,12.849,1,1.05393,0.36288,0,87.0117,4.12314,82.1975,0.84672,12.849,0.84672,3695.15,0,0,0,2.97814,2.12839,11.324,1.31424,15.1163,0.42336,0,0.42336,460.49,0,1.02816,0,0,4.0063,2.97814,1.028160,1,0,98.7248,0,0,0,98.7248,0
30.7248,2.54036,0,0,5.03916,0.165613,0.36288,3.6288,61.308,0.66528,0,0,3.04005,0.154311,2.22046,0.66528,12.849,1,1.13516,0.36288,0,132.654,3.08522,128.797,0.84672,12.849,0.84672,3695.15,0,0,0,4.37237,2.1284,17.2716,0.904685,22.8677,0.42336,0,0.42336,460.49,0,1.02816,0,0,5.40053,4.37237,1.028160,1,0,153.885,0,0,0,153.885,0
32.2689,2.59169,0,0,4.68767,0.188982,0.36288,3.6288,61.308,0.66528,0,0,2.08926,0.139238,1.28474,0.66528,12.849,1,1.08384,0.36288,0,144.018,3.17276,140.125,0.84672,12.849,0.84672,3695.15,0,0,0,2.9211,2.36607,12.7014,0.866352,17.1222,0.42336,0,0.42336,460.49,0,1.02816,0,0,3.94926,2.9211,1.028160,1,0,158.532,0,0,0,158.532,0
37.2808,2.62879,0,0,8.23108,0.227558,0.36288,3.6288,61.308,0.66528,0,0,2.36792,0.169081,1.53356,0.66528,12.849,1,1.04674,0.36288,0,175.103,3.12519,171.293,0.84672,12.849,0.84672,3695.15,0,0,0,4.75628,2.36608,15.6414,0.89927,21.8645,0.42336,0,0.42336,460.49,0,1.02816,0,0,5.78444,4.75628,1.028160,1,0,194.692,0,0,0,194.692,0
39.0747,2.73344,0,0,5.12684,0.236578,0.36288,3.6288,61.308,0.66528,0,0,2.09385,0.172724,1.25585,0.66528,12.849,1,0.942095,0.36288,0,148.053,2.87505,144.599,0.84672,12.849,0.84672,3695.15,0,0,0,2.47645,2.36608,13.976,0.889939,17.9286,0.42336,0,0.42336,460.49,0,1.02816,0,0,3.50461,2.47645,1.028160,1,0,163.783,0,0,0,163.783,0
39.957,2.41539,0,0,3.8794,0.21889,0.36288,3.6288,61.308,0.66528,0,0,1.98824,0.164686,1.15827,0.66528,12.849,1,0.794256,0.36288,0,141.466,2.29688,138.738,0.84672,12.849,0.84672,3695.15,0,0,0,2.51772,2.36608,8.19228,0.840917,12.2352,0.42336,0,0.42336,460.49,0,1.02816,0,0,3.54588,2.51772,1.028160,1,0,152.131,0,0,0,152.131,0
41.6162,2.42866,0,0,4.67192,0.221139,0.36288,3.6288,61.308,0.66528,0,0,1.91306,0.164686,1.08309,0.66528,12.849,1,0.780987,0.36288,0,147.279,2.29688,144.564,0.84672,12.849,0.84672,3695.15,0,0,0,1.96153,2.04196,10.1007,0.840917,13.2633,0.42336,0,0.42336,460.49,0,1.02816,0,0,2.98969,1.96153,1.028160,1,0,158.911,0,0,0,158.911,0
42.7835,2.45246,0,0,4.18136,0.198708,0.36288,3.6288,61.308,0.66528,0,0,1.87503,0.17722,1.03253,0.66528,12.849,1,0.757196,0.36288,0,153.093,2.84753,149.851,0.84672,12.849,0.84672,3695.15,0,0,0,2.60972,2.04196,8.31617,0.984274,11.9836,0.42336,0,0.42336,460.49,0,1.02816,0,0,3.63788,2.60972,1.028160,1,0,162.867,0,0,0,162.867,0
44.9129,2.46835,0,0,5.16831,0.207726,0.36288,3.6288,61.308,0.66528,0,0,2.28944,0.175331,1.44882,0.66528,12.849,1,0.741308,0.36288,0,117.206,3.51889,113.309,0.84672,12.849,0.84672,3695.15,0,0,0,2.09235,2.04196,9.02655,1.00922,12.1516,0.42336,0,0.42336,460.49,0,1.02816,0,0,3.12051,2.09235,1.028160,1,0,126.909,0,0,0,126.909,0
45.4436,2.49568,0,0,3.64054,0.251226,0.36288,3.6288,61.308,0.66528,0,0,1.39018,0.127034,0.597862,0.66528,12.849,1,0.713981,0.36288,0,105.945,2.69588,102.898,0.84672,12.849,0.84672,3695.15,0,0,0,2.21381,2.04196,7.93904,0.867307,11.3275,0.42336,0,0.42336,460.49,0,1.02816,0,0,3.24197,2.21381,1.028160,1,0,114.823,0,0,0,114.823,0
46.7623,2.5936,0,0,4.53444,0.259262,0.36288,3.6288,61.308,0.66528,0,0,2.06124,0.119883,1.27608,0.66528,12.849,1,0.733331,0.36288,0,117.359,2.56001,114.428,0.84672,12.849,0.84672,3695.15,0,0,0,2.892,2.04197,8.72528,0.847166,12.8121,0.42336,0,0.42336,460.49,0,1.02816,0,0,3.92016,2.892,1.028160,1,0,128.517,0,0,0,128.517,0
46.7099,2.60983,0,0,3.18338,0.263099,0.36288,3.6288,61.308,0.66528,0,0,1.21624,0.119883,0.431072,0.66528,12.849,1,0.717109,0.36288,0,88.134,2.56001,85.2198,0.84672,12.849,0.84672,3695.15,0,0,0,1.70261,2.12188,7.00263,0.847166,9.97996,0.42336,0,0.42336,460.49,0,1.02816,0,0,2.73077,1.70261,1.028160,1,0,95.6308,0,0,0,95.6308,0
46.3102,2.6092,0,0,2.82116,0.248823,0.36288,3.6288,61.308,0.66528,0,0,0.971749,0.129398,0.177071,0.66528,12.849,1,0.717741,0.36288,0,89.3955,2.67634,86.3643,0.84672,12.849,0.84672,3695.15,0,0,0,1.3831,2.12188,6.86984,0.870066,9.50475,0.42336,0,0.42336,460.49,0,1.02816,0,0,2.41126,1.3831,1.028160,1,0,96.0461,0,0,0,96.0461,0
45.5182,2.60435,0,0,2.41602,0.240779,0.36288,3.6288,61.308,0.66528,0,0,1.10958,0.172796,0.271508,0.66528,12.849,1,0.722592,0.36288,0,65.6969,3.2828,62.0544,0.84672,12.849,0.84672,3695.15,0,0,0,1.72895,2.12189,7.19479,1.04458,10.001,0.42336,0,0.42336,460.49,0,1.02816,0,0,2.75711,1.72895,1.028160,1,0,72.327,0,0,0,72.327,0
44.4496,2.55879,0,0,2.11276,0.259629,0.36288,3.6288,61.308,0.66528,0,0,1.02752,0.187502,0.174738,0.66528,12.849,1,0.722304,0.36288,0,54.6903,3.5195,50.8114,0.84672,12.849,0.84672,3695.15,0,0,0,1.60885,2.12189,6.22224,1.13253,8.82045,0.42336,0,0.42336,460.49,0,1.02816,0,0,2.63701,1.60885,1.028160,1,0,59.8066,0,0,0,59.8066,0
44.6229,2.54533,0,0,3.3321,0.250648,0.36288,3.6288,61.308,0.66528,0,0,1.31314,0.189287,0.458574,0.66528,12.849,1,0.735775,0.36288,0,71.7625,3.57368,67.8159,0.84672,12.849,0.84672,3695.15,0,0,0,2.23145,2.0908,6.16303,1.1225,9.36278,0.42336,0,0.42336,460.49,0,1.02816,0,0,3.25961,2.23145,1.028160,1,0,77.6372,0,0,0,77.6372,0
43.5434,2.54755,0,0,2.04683,0.215854,0.36288,3.6288,61.308,0.66528,0,0,1.0453,0.199998,0.180024,0.66528,12.849,1,0.733557,0.36288,0,54.1255,3.89875,49.856,0.84672,12.849,0.84672,3695.15,0,0,0,1.56654,2.0908,5.41511,1.06233,8.01013,0.42336,0,0.42336,460.49,0,1.02816,0,0,2.5947,1.56654,1.028160,1,0,58.0462,0,0,0,58.0462,0
42.2632,2.53351,0,0,1.82378,0.207653,0.36288,3.6288,61.308,0.66528,0,0,0.899113,0.201367,0.0324662,0.66528,12.849,1,0.7476,0.36288,0,47.4439,3.88937,43.1698,0.84672,12.849,0.84672,3695.15,0,0,0,1.24123,2.0908,4.74738,1.06322,7.01619,0.42336,0,0.42336,460.49,0,1.02816,0,0,2.26939,1.24123,1.028160,1,0,50.2185,0,0,0,50.2185,0
40.8943,2.6355,0,0,1.80129,0.171722,0.36288,3.6288,61.2111,0.66528,0,0,0.777972,0.20958,0,0.66528,12.849,1,0.801255,0.36288,0,45.235,3.83303,40.9636,0.84672,12.849,0.84672,3695.15,0,0,0,1.03868,2.0908,4.23927,1.06855,6.30021,0.42336,0,0.42336,460.49,0,1.02816,0,0,2.06684,1.03868,1.028160,1,0,47.2638,0,0,0,47.2638,0
39.5261,2.6151,0,0,1.7787,0.168985,0.36288,3.6288,61.1814,0.66528,0,0,0.845018,0.209451,0,0.66528,12.849,1,0.821664,0.36288,0,43.7444,3.83303,39.4526,0.84672,12.849,0.84672,3695.15,0,0,0,0.995267,2.19977,4.64782,1.06855,6.77431,0.42336,0,0.42336,460.49,0,1.02816,0,0,2.02343,0.995267,1.028160,1,0,46.2269,0,0,0,46.2269,0
38.0668,2.59364,0,0,1.66355,0.166275,0.36288,3.6288,61.0864,0.66528,0,0,0.779717,0.209412,0,0.66528,12.849,1,0.84313,0.36288,0,40.9198,3.83303,36.6065,0.84672,12.849,0.84672,3695.15,0,0,0,0.911796,2.19977,4.08099,1.06855,6.12401,0.42336,0,0.42336,460.49,0,1.02816,0,0,1.93996,0.911796,1.028160,1,0,42.7306,0,0,0,42.7306,0
36.553,2.56947,0,0,1.56066,0.142143,0.36288,3.6288,60.9266,0.66528,0,0,0.73999,0.234507,0,0.66528,12.849,1,0.867295,0.36288,0,38.1312,4.41726,33.2095,0.84672,12.849,0.84672,3695.15,0,0,0,0.859421,2.19977,4.04003,1.15149,5.94773,0.42336,0,0.42336,460.49,0,1.02816,0,0,1.88758,0.859421,1.028160,1,0,39.1572,0,0,0,39.1572,0
35.0415,2.5429,0,0,1.52689,0.132599,0.36288,3.6288,60.5827,0.66528,0,0,0.567605,0.24622,0,0.66528,12.849,1,0.893872,0.36288,0,33.3788,4.88351,27.9643,0.84672,12.849,0.84672,3695.15,0,0,0,0.323335,2.19978,3.02994,1.19359,4.35947,0.42336,0,0.42336,460.49,0,1.02816,0,0,1.35149,0.323335,1.028160,1,0,32.3238,0,0,0,32.3238,0
33.542,2.49217,0,0,1.45478,0.0992358,0.36288,3.6288,60.1711,0.691209,0,0,0.540822,0.261213,0,0.66528,12.849,1,0.913827,0.36288,0,30.7859,4.89294,25.342,0.84672,12.849,0.84672,3695.15,0,0,0,0.30119,2.19978,2.87285,1.23358,4.14024,0.42336,0,0.42336,460.49,0,1.00223,0,0,1.30342,0.30119,1.028160,1,0,29.4822,0,0,0,29.4822,0
31.9759,2.46263,0,0,1.34185,0.0824101,0.36288,3.6288,59.7226,0.716558,0,0,0.536794,0.268773,0,0.66528,12.849,1,0.943366,0.36288,0,28.175,4.95705,22.6375,0.84672,12.849,0.84672,3695.15,0,0,0,0.261274,2.23787,2.7492,1.25263,3.99572,0.42336,0,0.42336,460.49,0,0.976882,0,0,1.23816,0.261274,1.028160,1,0,26.6332,0,0,0,26.6332,0
30.3572,2.42968,0,0,1.25464,0.080772,0.36288,3.6288,59.3277,0.66528,0,0,0.538417,0.268005,0,0.66528,12.849,1,0.976326,0.36288,0,26.2785,4.95705,20.708,0.84672,12.849,0.84672,3695.15,0,0,0,0.274104,2.23787,2.57197,1.25263,3.83132,0.42336,0,0.42336,460.49,0,1.02816,0,0,1.30226,0.274104,1.028160,1,0,24.5393,0,0,0,24.5393,0
28.7849,2.3931,0,0,1.25731,0.0736812,0.36288,3.6288,58.8978,0.684366,0,0,0.535965,0.281526,0,0.66528,12.849,1,1.0129,0.36288,0,26.952,5.14542,21.1565,0.84672,12.849,0.84672,3695.15,0,0,0,0.261274,2.23788,2.57288,1.31746,3.75457,0.42336,0,0.42336,460.49,0,1.00907,0,0,1.27035,0.261274,1.028160,1,0,24.9111,0,0,0,24.9111,0
27.2326,2.40981,0,0,1.28547,0.0650649,0.36288,3.6288,58.3231,0.783458,0,0,0.508382,0.299627,0,0.66528,12.849,1,1.07569,0.36288,0,27.7193,5.39658,21.6099,0.84672,12.849,0.84672,3695.15,0,0,0,0.261274,2.23788,2.53892,1.40391,3.63416,0.42336,0,0.42336,460.49,0,0.909982,0,0,1.17126,0.261274,1.028160,1,0,25.244,0,0,0,25.244,0
25.5926,2.36815,0,0,1.15468,0.0636895,0.36288,3.6288,57.6794,0.825993,0,0,0.480845,0.298522,0,0.66528,12.849,1,1.11735,0.36288,0,26.6549,5.39658,20.5039,0.84672,12.849,0.84672,3695.15,0,0,0,0.261274,2.29186,2.45291,1.40391,3.60214,0.42336,0,0.42336,460.49,0,0.867447,0,0,1.12872,0.261274,1.028160,1,0,24.106,0,0,0,24.106,0
23.9162,2.32049,0,0,1.06928,0.0622364,0.36288,3.6288,56.9264,0.917706,0,0,0.461932,0.297284,0,0.66528,12.849,1,1.16502,0.36288,0,23.8345,5.39658,17.6358,0.84672,12.849,0.84672,3695.15,0,0,0,0.227405,2.29187,2.36301,1.40391,3.47837,0.42336,0,0.42336,460.49,0,0.775734,0,0,1.00314,0.227405,1.028160,1,0,21.1141,0,0,0,21.1141,0
22.2181,2.26737,0,0,0.992408,0.060305,0.36288,3.6288,56.1328,0.939151,0,0,0.442519,0.296914,0,0.66528,12.849,1,1.21814,0.36288,0,18.8521,5.39895,12.5979,0.84672,12.849,0.84672,3695.15,0,0,0,0.227405,2.29187,2.1986,1.42222,3.29566,0.42336,0,0.42336,460.49,0,0.754289,0,0,0.981694,0.227405,1.028160,1,0,15.8936,0,0,0,15.8936,0
20.1807,2.35587,0,0,0.726883,0.0455174,0.36288,3.6288,55.5524,0.739886,0,0,0.425227,0.265773,0,0.66528,12.849,1,1.36243,0.36288,0,21.9374,5.03706,15.9008,0.84672,12.849,0.84672,3695.15,0,0,0,0.227405,2.29187,3.11026,1.48292,4.14662,0.42336,0,0.42336,460.49,0,0.953554,0,0,1.18096,0.227405,1.028160,1,0,20.0474,0,0,0,20.0474,0
18.2438,2.27183,0,0,0.742064,0.0442679,0.36288,3.6288,54.9069,0.787959,0,0,0.40724,0.264765,0,0.66528,12.849,1,1.44647,0.36288,0,20.2395,5.03706,14.1188,0.84672,12.849,0.84672,3695.15,0,0,0,0.227405,2.47658,3.18857,1.48292,4.40964,0.42336,0,0.42336,460.49,0,0.905481,0,0,1.13289,0.227405,1.028160,1,0,18.5285,0,0,0,18.5285,0
16.7592,2.18173,0,0,1.10587,0.0458812,0.36288,3.6288,54.4611,0.66528,0,0,0.482132,0.262614,0,0.66528,12.849,1,1.53658,0.36288,0,26.0535,5.00738,19.8724,0.84672,12.849,0.84672,3695.15,0,0,0,0.336666,2.47659,3.49459,1.47928,4.82856,0.42336,0,0.42336,460.49,0,1.02816,0,0,1.36483,0.336666,1.028160,1,0,24.701,0,0,0,24.701,0
15.8115,2.10468,0,0,1.5773,0.0573858,0.36288,3.6288,54.1659,0.66528,0,0,0.623066,0.253004,0,0.66528,12.849,1,1.61363,0.36288,0,38.2179,4.94384,32.0233,0.84672,12.849,0.84672,3695.15,0,0,0,0.401639,2.47659,3.82621,1.45589,5.24855,0.42336,0,0.42336,460.49,0,1.02816,0,0,1.4298,0.401639,1.028160,1,0,37.2719,0,0,0,37.2719,0
14.4564,2.05133,0,0,1.11415,0.0550582,0.36288,3.6288,53.6651,0.66528,0,0,0.415723,0.25124,0,0.66528,12.849,1,1.66698,0.36288,0,26.3898,4.88487,20.2008,0.84672,12.849,0.84672,3695.15,0,0,0,0.234878,2.47659,2.32368,1.32185,3.71329,0.42336,0,0.42336,460.49,0,1.02816,0,0,1.26304,0.234878,1.028160,1,0,23.9141,0,0,0,23.9141,0
13.245,1.74844,0,0,0.954919,0.0549958,0.36288,3.6288,53.2751,0.66528,0,0,0.526474,0.251269,0,0.66528,12.849,1,1.55403,0.36288,0,16.2549,4.80018,10.2635,0.84672,12.849,0.84672,3695.15,0,0,0,1.14765,2.47659,2.37818,1.26906,4.73336,0.42336,0,0.42336,460.49,0,1.02816,0,0,2.17581,1.14765,1.028160,1,0,14.9969,0,0,0,14.9969,0
11.962,1.6763,0,0,0.809706,0.0535756,0.36288,3.6288,52.5504,0.76,0,0,0.285826,0.250489,0,0.66528,12.849,1,1.62618,0.36288,0,16.2321,4.80018,10.1687,0.84672,12.849,0.84672,3695.15,0,0,0,0.216518,2.54667,1.75903,1.26906,3.25316,0.42336,0,0.42336,460.49,0,0.93344,0,0,1.14996,0.216518,1.028160,1,0,13.4218,0,0,0,13.4218,0
10.8875,1.5922,0,0,0.951817,0.0712164,0.36288,3.6288,51.8894,0.730927,0,0,0.290396,0.220444,0,0.66528,12.849,1,1.71027,0.36288,0,16.3507,4.38492,10.6184,0.84672,12.849,0.84672,3695.15,0,0,0,0.216518,2.54667,1.83698,1.13927,3.46091,0.42336,0,0.42336,460.49,0,0.962513,0,0,1.17903,0.216518,1.028160,1,0,14.0793,0,0,0,14.0793,0
10.4412,1.51479,0,0,1.54894,0.117505,0.36288,3.6288,51.5923,0.66528,0,0,0.540567,0.172398,0,0.66528,12.849,1,1.7877,0.36288,0,37.5166,3.78675,32.305,0.84672,12.849,0.84672,3695.15,0,0,0,0.379289,2.54667,4.40527,0.893743,6.43749,0.42336,0,0.42336,460.49,0,1.02816,0,0,1.40745,0.379289,1.028160,1,0,38.7425,0,0,0,38.7425,0
9.47531,1.43879,0,0,0.955273,0.11953,0.36288,3.6288,50.9731,0.679265,0,0,0.292454,0.232419,0,0.66528,12.849,1,1.77057,0.36288,0,12.5293,4.8867,6.2349,0.84672,12.849,0.84672,3695.15,0,0,0,0.216518,2.54668,2.89581,1.09115,4.56785,0.42336,0,0.42336,460.49,0,1.01418,0,0,1.23069,0.216518,1.028160,1,0,10.8027,0,0,0,10.8027,0
10.311,1.36218,0,0,2.67736,0.116576,0.36288,3.6288,50.9522,0.66528,0,0,0.875632,0.231254,0,0.66528,12.849,1,1.84719,0.36288,0,38.8077,4.8867,32.4367,0.84672,12.849,0.84672,3695.15,0,0,0,1.46962,2.45128,6.01174,1.09115,8.84148,0.42336,0,0.42336,460.49,0,1.02816,0,0,2.49778,1.46962,1.028160,1,0,41.2782,0,0,0,41.2782,0
10.1022,1.42884,0,0,1.72346,0.140537,0.36288,3.6288,50.1751,1.10387,0,0,0.528873,0.202054,0,0.66528,12.849,1,1.78053,0.36288,0,24.1752,4.4514,18.3062,0.84672,12.849,0.84672,3695.15,0,0,0,0.292723,2.45128,3.57532,0.967848,5.35148,0.42336,0,0.42336,460.49,0,0.589568,0,0,0.882291,0.292723,1.028160,1,0,23.6577,0,0,0,23.6577,0
10.0815,1.41264,0,0,1.87998,0.125215,0.36288,3.6288,49.8646,0.66528,0,0,0.565585,0.210817,0,0.66528,12.849,1,1.79673,0.36288,0,26.7079,4.61269,20.6613,0.84672,12.849,0.84672,3695.15,0,0,0,0.389465,2.45128,4.39282,0.847802,6.38576,0.42336,0,0.42336,460.49,0,1.02816,0,0,1.41763,0.389465,1.028160,1,0,27.0471,0,0,0,27.0471,0
12.5904,1.29474,0,0,4.29386,0.127282,0.36288,3.6288,50.1738,0.66528,0,0,1.16592,0.191413,0,0.66528,12.849,1,1.65016,0.36288,0,65.4442,3.65316,60.5038,0.84672,12.849,0.84672,3695.15,0,0,0,2.02936,2.45129,5.96277,0.843036,9.60038,0.42336,0,0.42336,460.49,0,1.02816,0,0,3.05752,2.02936,1.028160,1,0,70.1041,0,0,0,70.1041,0
13.2867,1.32536,0,0,2.51929,0.134789,0.36288,3.6288,50.0942,0.66528,0,0,0.777565,0.191899,0,0.66528,12.849,1,1.35258,0.36288,0,54.667,3.65316,50.0242,0.84672,12.849,0.84672,3695.15,0,0,0,1.43565,2.23938,5.16491,0.843036,7.9969,0.42336,0,0.42336,460.49,0,1.02816,0,0,2.46381,1.43565,1.028160,1,0,58.0211,0,0,0,58.0211,0
13.1365,1.46997,0,0,1.81951,0.136873,0.36288,3.6288,49.6851,0.66528,0,0,0.447911,0.191774,0,0.66528,12.849,1,1.42154,0.36288,0,31.1767,3.65316,26.4648,0.84672,12.849,0.84672,3695.15,0,0,0,0.465644,2.06983,5.19032,0.843036,6.88276,0.42336,0,0.42336,460.49,0,1.02816,0,0,1.4938,0.465644,1.028160,1,0,33.3476,0,0,0,33.3476,0
14.1023,1.48875,0,0,2.97331,0.155867,0.36288,3.6288,49.5538,0.66528,0,0,0.759524,0.225526,0,0.66528,12.849,1,1.45617,0.36288,0,48.9044,4.45315,43.3579,0.84672,12.849,0.84672,3695.15,0,0,0,1.25359,2.20548,6.06842,1.09259,8.43488,0.42336,0,0.42336,460.49,0,1.02816,0,0,2.28175,1.25359,1.028160,1,0,51.7928,0,0,0,51.7928,0
16.347,1.40124,0,0,4.16462,0.155786,0.36288,3.6288,50.4035,0.66528,0,0,1.7322,0.217204,0,0.66528,12.849,1,1.27671,0.36288,0,106.386,4.40041,101.072,0.84672,12.849,0.84672,3695.15,0,0,0,2.16689,2.23939,10.2249,1.05341,13.5778,0.42336,0,0.42336,460.49,0,1.02816,0,0,3.19505,2.16689,1.028160,1,0,114.65,0,0,0,114.65,0
18.9459,1.87515,0,0,4.99738,0.160508,0.36288,3.6288,51.7564,0.66528,0,0,2.23076,0.212621,0,0.66528,12.849,1,1.47389,0.36288,0,107.552,4.36086,102.08,0.84672,12.849,0.84672,3695.15,0,0,0,2.46843,2.06983,10.3488,1.02402,13.8631,0.42336,0,0.42336,460.49,0,1.02816,0,0,3.49659,2.46843,1.028160,1,0,115.943,0,0,0,115.943,0
20.839,1.81541,0,0,4.23798,0.166611,0.36288,3.6288,52.378,0.66528,0,0,1.50187,0.214971,0,0.66528,12.849,1,1.2312,0.36288,0,84.7575,4.36086,79.5284,0.84672,12.849,0.84672,3695.15,0,0,0,1.69801,2.1285,10.3072,1.02402,13.1097,0.42336,0,0.42336,460.49,0,1.02816,0,0,2.72617,1.69801,1.028160,1,0,92.638,0,0,0,92.638,0
23.4235,2.07165,0,0,5.21677,0.197732,0.36288,3.6288,53.1868,0.66528,0,0,1.67842,0.204283,0,0.66528,12.849,1,1.27735,0.36288,0,117.133,4.49379,111.725,0.84672,12.849,0.84672,3695.15,0,0,0,1.87808,2.30545,11.4458,1.25581,14.3736,0.42336,0,0.42336,460.49,0,1.02816,0,0,2.90624,1.87808,1.028160,1,0,126.099,0,0,0,126.099,0
24.3226,2.16265,0,0,3.63217,0.207462,0.36288,3.6288,53.8244,0.66528,0,0,1.51162,0.208812,0,0.66528,12.849,1,1.18633,0.36288,0,77.0256,4.40749,71.7947,0.84672,12.849,0.84672,3695.15,0,0,0,1.42468,2.12847,7.60353,1.22818,9.9285,0.42336,0,0.42336,460.49,0,1.02816,0,0,2.45284,1.42468,1.028160,1,0,81.7232,0,0,0,81.7232,0
27.4106,2.40507,0,0,6.08234,0.226444,0.36288,3.6288,54.8808,0.66528,0,0,1.95088,0.229171,0,0.66528,12.849,1,1.27054,0.36288,0,149.306,3.88973,144.509,0.84672,12.849,0.84672,3695.15,0,0,0,2.15025,2.12846,10.8055,1.06243,14.0218,0.42336,0,0.42336,460.49,0,1.02816,0,0,3.17841,2.15025,1.028160,1,0,158.531,0,0,0,158.531,0
28.2588,2.50251,0,0,3.95023,0.236582,0.36288,3.6288,55.6469,0.66528,0,0,1.6622,0.23078,0,0.66528,12.849,1,1.17308,0.36288,0,99.3963,3.88973,94.6964,0.84672,12.849,0.84672,3695.15,0,0,0,1.56988,2.36613,9.30433,1.06243,12.1779,0.42336,0,0.42336,460.49,0,1.02816,0,0,2.59804,1.56988,1.028160,1,0,106.874,0,0,0,106.874,0
29.5966,2.5267,0,0,4.45504,0.227696,0.36288,3.6288,56.4107,0.66528,0,0,1.62102,0.192002,0,0.66528,12.849,1,1.14886,0.36288,0,94.9,3.52942,90.5846,0.84672,12.849,0.84672,3695.15,0,0,0,1.81924,2.36611,9.38805,0.916958,12.6564,0.42336,0,0.42336,460.49,0,1.02816,0,0,2.8474,1.81924,1.028160,1,0,103.241,0,0,0,103.241,0
30.8426,2.56289,0,0,4.3929,0.221175,0.36288,3.6288,57.354,0.66528,0,0,1.77154,0.162889,0,0.66528,12.849,1,1.11265,0.36288,0,102.713,3.16255,98.8009,0.84672,12.849,0.84672,3695.15,0,0,0,1.80253,2.3661,10.1024,0.79439,13.4766,0.42336,0,0.42336,460.49,0,1.02816,0,0,2.83069,1.80253,1.028160,1,0,112.278,0,0,0,112.278,0
32.7351,2.26572,0,0,4.73511,0.213997,0.36288,3.6288,58.7358,0.66528,0,0,2.21108,0.164084,0,0.66528,12.849,1,0.9439,0.36288,0,139.996,2.58269,136.832,0.84672,12.849,0.84672,3695.15,0,0,0,1.93371,2.36608,11.2412,0.713624,14.8274,0.42336,0,0.42336,460.49,0,1.02816,0,0,2.96187,1.93371,1.028160,1,0,151.659,0,0,0,151.659,0
33.3065,2.3049,0,0,3.45839,0.219195,0.36288,3.6288,59.5729,0.66528,0,0,1.66802,0.165554,0,0.66528,12.849,1,0.904706,0.36288,0,130.488,2.58269,127.364,0.84672,12.849,0.84672,3695.15,0,0,0,1.2495,2.04194,9.07675,0.713624,11.6546,0.42336,0,0.42336,460.49,0,1.02816,0,0,2.27766,1.2495,1.028160,1,0,139.018,0,0,0,139.018,0
34.9199,2.31608,0,0,4.49785,0.20544,0.36288,3.6288,60.5836,0.66528,0,0,1.83049,0.154544,0,0.66528,12.849,1,0.8935,0.36288,0,152.022,2.40829,149.083,0.84672,12.849,0.84672,3695.15,0,0,0,1.55307,2.04193,9.79655,0.688573,12.703,0.42336,0,0.42336,460.49,0,1.02816,0,0,2.58123,1.55307,1.028160,1,0,161.786,0,0,0,161.786,0
35.7712,2.34625,0,0,3.76859,0.208141,0.36288,3.6288,61.308,0.66528,0,0,2.03283,0.199582,0.443576,0.66528,12.849,1,0.863316,0.36288,0,127.92,3.83591,123.583,0.84672,12.849,0.84672,3695.15,0,0,0,1.96753,2.04192,9.60353,0.966202,12.6468,0.42336,0,0.42336,460.49,0,1.02816,0,0,2.99569,1.96753,1.028160,1,0,136.674,0,0,0,136.674,0
37.3428,2.36135,0,0,4.52065,0.224864,0.36288,3.6288,61.308,0.66528,0,0,2.2207,0.174249,1.38117,0.66528,12.849,1,0.848195,0.36288,0,141,3.69513,136.819,0.84672,12.849,0.84672,3695.15,0,0,0,2.0468,2.04191,10.591,0.821657,13.858,0.42336,0,0.42336,460.49,0,1.02816,0,0,3.07496,2.0468,1.028160,1,0,152.058,0,0,0,152.058,0
38.0825,2.47514,0,0,3.81379,0.236086,0.36288,3.6288,61.308,0.66528,0,0,2.04058,0.17453,1.20077,0.66528,12.849,1,0.851653,0.36288,0,127.096,3.65442,122.953,0.84672,12.849,0.84672,3695.15,0,0,0,1.78451,2.0419,9.61831,0.805976,12.6387,0.42336,0,0.42336,460.49,0,1.02816,0,0,2.81267,1.78451,1.028160,1,0,136.792,0,0,0,136.792,0
38.7014,2.4875,0,0,3.70009,0.230779,0.36288,3.6288,61.308,0.66528,0,0,1.97096,0.175871,1.12981,0.66528,12.849,1,0.839279,0.36288,0,132.01,3.57231,127.961,0.84672,12.849,0.84672,3695.15,0,0,0,2.03815,2.12179,8.35237,0.838231,11.6741,0.42336,0,0.42336,460.49,0,1.02816,0,0,3.06631,2.03815,1.028160,1,0,140.765,0,0,0,140.765,0
39.4641,2.49756,0,0,3.83707,0.213901,0.36288,3.6288,61.308,0.66528,0,0,1.97948,0.179222,1.13498,0.66528,12.849,1,0.829197,0.36288,0,142.169,3.36703,138.335,0.84672,12.849,0.84672,3695.15,0,0,0,2.04717,2.12178,9.97393,0.918868,13.224,0.42336,0,0.42336,460.49,0,1.02816,0,0,3.07533,2.04717,1.028160,1,0,152.694,0,0,0,152.694,0
39.6539,2.50963,0,0,3.26517,0.202885,0.36288,3.6288,61.2243,0.66528,0,0,0.778631,0.197021,0,0.66528,12.849,1,0.817103,0.36288,0,99.3816,3.69085,95.2365,0.84672,12.849,0.84672,3695.15,0,0,0,0.609526,2.12177,6.82752,0.975471,8.58334,0.42336,0,0.42336,460.49,0,1.02816,0,0,1.63769,0.609526,1.028160,1,0,103.82,0,0,0,103.82,0
39.4718,2.47794,0,0,2.84475,0.186077,0.36288,3.6288,61.308,0.66528,0,0,1.27094,0.220636,0.30135,0.66528,12.849,1,0.802923,0.36288,0,78.0322,4.12262,73.4695,0.84672,12.849,0.84672,3695.15,0,0,0,1.12132,2.12175,6.30331,1.05094,8.49544,0.42336,0,0.42336,460.49,0,1.02816,0,0,2.14948,1.12132,1.028160,1,0,82.2663,0,0,0,82.2663,0
39.0018,2.47513,0,0,2.55372,0.185688,0.36288,3.6288,61.308,0.66528,0,0,1.3407,0.220752,0.454671,0.66528,12.849,1,0.805714,0.36288,0,72.1544,4.12262,67.5889,0.84672,12.849,0.84672,3695.15,0,0,0,1.17828,2.09065,6.3308,1.05094,8.54878,0.42336,0,0.42336,460.49,0,1.02816,0,0,2.20644,1.17828,1.028160,1,0,76.5924,0,0,0,76.5924,0
38.7632,2.46781,0,0,2.77679,0.184684,0.36288,3.6288,61.308,0.66528,0,0,1.15566,0.220752,0.269628,0.66528,12.849,1,0.813012,0.36288,0,74.4457,4.12262,69.8729,0.84672,12.849,0.84672,3695.15,0,0,0,0.857892,2.09063,7.75767,1.05094,9.65526,0.42336,0,0.42336,460.49,0,1.02816,0,0,1.88605,0.857892,1.028160,1,0,79.7978,0,0,0,79.7978,0
38.2883,2.46404,0,0,2.5055,0.153444,0.36288,3.6288,61.308,0.66528,0,0,1.13126,0.241523,0.224458,0.66528,12.849,1,0.816765,0.36288,0,67.5139,5.76009,61.2999,0.84672,12.849,0.84672,3695.15,0,0,0,0.939082,2.09062,6.52933,1.1155,8.44354,0.42336,0,0.42336,460.49,0,1.02816,0,0,1.96724,0.939082,1.028160,1,0,69.9679,0,0,0,69.9679,0
37.2416,2.57297,0,0,2.01187,0.122706,0.36288,3.6288,61.225,0.763093,0,0,0.919158,0.23907,0,0.66528,12.849,1,0.863449,0.36288,0,48.9231,5.31132,43.1112,0.84672,12.849,0.84672,3695.15,0,0,0,0.402797,2.09061,5.10813,1.11566,6.48588,0.42336,0,0.42336,460.49,0,0.930347,0,0,1.33314,0.402797,1.028160,1,0,49.5971,0,0,0,49.5971,0
36.1274,2.55491,0,0,1.92474,0.121207,0.36288,3.6288,61.0519,0.812264,0,0,0.878135,0.238944,0,0.66528,12.849,1,0.881486,0.36288,0,45.0655,5.31132,39.2356,0.84672,12.849,0.84672,3695.15,0,0,0,0.402797,2.19955,4.94012,1.11566,6.4268,0.42336,0,0.42336,460.49,0,0.881176,0,0,1.28397,0.402797,1.028160,1,0,45.6624,0,0,0,45.6624,0
34.9531,2.53484,0,0,1.84299,0.119612,0.36288,3.6288,61.0407,0.66528,0,0,0.892728,0.238683,0,0.66528,12.849,1,0.901535,0.36288,0,42.997,5.31132,37.1471,0.84672,12.849,0.84672,3695.15,0,0,0,0.411368,2.19954,4.70355,1.11566,6.19879,0.42336,0,0.42336,460.49,0,1.02816,0,0,1.43953,0.411368,1.028160,1,0,43.3459,0,0,0,43.3459,0
33.6369,2.51267,0,0,1.69765,0.138285,0.36288,3.6288,60.9812,0.66528,0,0,0.836594,0.230778,0,0.66528,12.849,1,0.923678,0.36288,0,40.1941,4.80363,34.8297,0.84672,12.849,0.84672,3695.15,0,0,0,0.340321,2.19952,4.30702,1.13525,5.71162,0.42336,0,0.42336,460.49,0,1.02816,0,0,1.36848,0.340321,1.028160,1,0,40.5413,0,0,0,40.5413,0
32.6212,2.48651,0,0,1.92821,0.0944854,0.36288,3.6288,60.8534,0.66528,0,0,0.784469,0.246985,0,0.66528,12.849,1,0.949825,0.36288,0,41.5542,4.81295,36.1543,0.84672,12.849,0.84672,3695.15,0,0,0,0.317252,2.19951,4.00475,1.14054,5.38097,0.42336,0,0.42336,460.49,0,1.02816,0,0,1.34541,0.317252,1.028160,1,0,41.5352,0,0,0,41.5352,0
31.5907,2.4432,0,0,1.86154,0.0859819,0.36288,3.6288,60.6968,0.66528,0,0,0.756717,0.248028,0,0.66528,12.849,1,0.962338,0.36288,0,41.7425,4.80564,36.3374,0.84672,12.849,0.84672,3695.15,0,0,0,0.311783,2.1995,3.77057,1.12802,5.15383,0.42336,0,0.42336,460.49,0,1.02816,0,0,1.33994,0.311783,1.028160,1,0,41.4913,0,0,0,41.4913,0
30.3998,2.42086,0,0,1.67772,0.0848751,0.36288,3.6288,60.3684,0.785385,0,0,0.704687,0.247782,0,0.66528,12.849,1,0.984648,0.36288,0,38.6891,4.80564,33.2616,0.84672,12.849,0.84672,3695.15,0,0,0,0.261274,2.23757,3.59006,1.12802,4.96088,0.42336,0,0.42336,460.49,0,0.908055,0,0,1.16933,0.261274,1.028160,1,0,38.2225,0,0,0,38.2225,0
29.1794,2.39374,0,0,1.60431,0.0680613,0.36288,3.6288,59.9326,0.800168,0,0,0.666213,0.301785,0,0.66528,12.849,1,1.01176,0.36288,0,34.8804,5.51139,28.7201,0.84672,12.849,0.84672,3695.15,0,0,0,0.261274,2.23755,3.41094,1.38564,4.52413,0.42336,0,0.42336,460.49,0,0.893272,0,0,1.15455,0.261274,1.028160,1,0,33.2442,0,0,0,33.2442,0
27.817,2.36434,0,0,1.42414,0.0592729,0.36288,3.6288,59.3461,0.882861,0,0,0.620565,0.324193,0,0.66528,12.849,1,1.04113,0.36288,0,30.2833,5.82516,23.7799,0.84672,12.849,0.84672,3695.15,0,0,0,0.261274,2.23754,3.19569,1.48928,4.20523,0.42336,0,0.42336,460.49,0,0.810579,0,0,1.07185,0.261274,1.028160,1,0,27.9851,0,0,0,27.9851,0
26.6193,2.38382,0,0,1.60325,0.0543037,0.36288,3.6288,59.0439,0.789826,0,0,0.814337,0.32671,0,0.66528,12.849,1,1.10111,0.36288,0,37.0245,5.90383,30.3824,0.84672,12.849,0.84672,3695.15,0,0,0,0.261274,2.23753,3.37788,1.49077,4.38591,0.42336,0,0.42336,460.49,0,0.903614,0,0,1.16489,0.261274,1.028160,1,0,34.7683,0,0,0,34.7683,0
25.3119,2.35039,0,0,1.45932,0.0534061,0.36288,3.6288,58.6248,0.764683,0,0,0.671665,0.326078,0,0.66528,12.849,1,1.13452,0.36288,0,29.8213,5.90383,23.1458,0.84672,12.849,0.84672,3695.15,0,0,0,0.261274,2.29149,3.13883,1.49077,4.20081,0.42336,0,0.42336,460.49,0,0.928757,0,0,1.19003,0.261274,1.028160,1,0,27.3466,0,0,0,27.3466,0
23.9124,2.3115,0,0,1.32726,0.0524264,0.36288,3.6288,58.0089,0.916281,0,0,0.625527,0.325201,0,0.66528,12.849,1,1.17338,0.36288,0,27.8001,5.90383,21.0858,0.84672,12.849,0.84672,3695.15,0,0,0,0.227405,2.29147,2.7973,1.49077,3.82541,0.42336,0,0.42336,460.49,0,0.777159,0,0,1.00456,0.227405,1.028160,1,0,24.9112,0,0,0,24.9112,0
22.6811,2.26682,0,0,1.44536,0.0469327,0.36288,3.6288,57.7598,0.66528,0,0,0.73834,0.32215,0,0.66528,12.849,1,1.21804,0.36288,0,27.9316,6.01197,21.0644,0.84672,12.849,0.84672,3695.15,0,0,0,0.237807,2.29146,3.95521,1.51668,4.9678,0.42336,0,0.42336,460.49,0,1.02816,0,0,1.26597,0.237807,1.028160,1,0,26.0322,0,0,0,26.0322,0
21.043,2.37317,0,0,1.13611,0.0382237,0.36288,3.6288,56.7401,1.22709,0,0,0.52145,0.314084,0,0.66528,12.849,1,1.34441,0.36288,0,18.2927,5.73229,11.5789,0.84672,12.849,0.84672,3695.15,0,0,0,0.227405,2.29145,3.29187,1.48949,4.32123,0.42336,0,0.42336,460.49,0,0.466346,0,0,0.693751,0.227405,1.028160,1,0,15.9001,0,0,0,15.9001,0
19.4967,2.30817,0,0,1.16018,0.0353842,0.36288,3.6288,55.7839,1.20757,0,0,0.561869,0.310472,0,0.66528,12.849,1,1.40939,0.36288,0,19.0708,5.7037,12.3206,0.84672,12.849,0.84672,3695.15,0,0,0,0.227405,2.4761,3.03022,1.48928,4.24445,0.42336,0,0.42336,460.49,0,0.485874,0,0,0.713279,0.227405,1.028160,1,0,16.5651,0,0,0,16.5651,0
17.7892,2.24078,0,0,0.930839,0.0346351,0.36288,3.6288,54.5915,1.32568,0,0,0.441811,0.30854,0,0.66528,12.849,1,1.47675,0.36288,0,22.4313,5.7037,15.6137,0.84672,12.849,0.84672,3695.15,0,0,0,0.204422,2.47609,2.51719,1.48928,3.70842,0.42336,0,0.42336,460.49,0,0.367756,0,0,0.572179,0.204422,1.028160,1,0,19.3221,0,0,0,19.3221,0
16.3365,2.15847,0,0,1.10243,0.033808,0.36288,3.6288,53.9226,1.03714,0,0,0.67441,0.30613,0,0.66528,12.849,1,1.55904,0.36288,0,19.2535,5.7037,12.3537,0.84672,12.849,0.84672,3695.15,0,0,0,0.204422,2.47607,3.404,1.48928,4.59521,0.42336,0,0.42336,460.49,0,0.656297,0,0,0.860719,0.204422,1.028160,1,0,16.9489,0,0,0,16.9489,0
15.4385,2.08086,0,0,1.54205,-0.00363562,0.36288,3.6288,53.3491,1.0486,0,0,0.800976,0.325858,0,0.66528,12.849,1,1.63663,0.36288,0,33.7808,6.03244,26.4746,0.84672,12.849,0.84672,3695.15,0,0,0,0.204422,2.47606,4.46068,1.58194,5.55922,0.42336,0,0.42336,460.49,0,0.644838,0,0,0.84926,0.204422,1.028160,1,0,32.0339,0,0,0,32.0339,0
14.9141,1.96698,0,0,1.82324,0.0177447,0.36288,3.6288,53.1548,0.973322,0,0,1.05748,0.278515,0,0.66528,12.849,1,1.63706,0.36288,0,40.7595,4.68885,34.7965,0.84672,12.849,0.84672,3695.15,0,0,0,0.204422,2.47604,4.84726,1.24654,6.28119,0.42336,0,0.42336,460.49,0,0.720118,0,0,0.92454,0.204422,1.028160,1,0,41.0777,0,0,0,41.0777,0
14.6426,1.93605,0,0,2.0753,0.0479178,0.36288,3.6288,53.7585,0.66528,0,0,1.52918,0.26014,0,0.66528,12.849,1,1.66797,0.36288,0,40.1496,4.16671,34.6778,0.84672,12.849,0.84672,3695.15,0,0,0,0.226048,2.36916,6.76408,1.14981,8.20948,0.42336,0,0.42336,460.49,0,1.02816,0,0,1.25421,0.226048,1.028160,1,0,42.8872,0,0,0,42.8872,0
14.4806,1.72694,0,0,1.97549,0.0476431,0.36288,3.6288,54.2512,0.733838,0,0,1.4879,0.261395,0,0.66528,12.849,1,1.5154,0.36288,0,51.1082,4.16671,45.789,0.84672,12.849,0.84672,3695.15,0,0,0,0.216518,2.36915,6.69652,1.14981,8.13237,0.42336,0,0.42336,460.49,0,0.959602,0,0,1.17612,0.216518,1.028160,1,0,53.9213,0,0,0,53.9213,0
14.3767,1.74934,0,0,2.0653,0.0569695,0.36288,3.6288,55.1031,0.66528,0,0,1.77709,0.259921,0,0.66528,12.849,1,1.55224,0.36288,0,77.7421,4.27866,72.2741,0.84672,12.849,0.84672,3695.15,0,0,0,0.363459,2.50714,8.39316,1.16066,10.1031,0.42336,0,0.42336,460.49,0,1.02816,0,0,1.39162,0.363459,1.028160,1,0,82.3772,0,0,0,82.3772,0
13.6318,1.69425,0,0,1.42593,0.113659,0.36288,3.6288,55.2416,0.74933,0,0,1.13507,0.247183,0,0.66528,12.849,1,1.51421,0.36288,0,47.4013,4.95033,41.2996,0.84672,12.849,0.84672,3695.15,0,0,0,0.216518,2.54608,6.66212,1.22575,8.19897,0.42336,0,0.42336,460.49,0,0.94411,0,0,1.16063,0.216518,1.028160,1,0,49.4986,0,0,0,49.4986,0
13.0846,1.65164,0,0,1.57913,0.111851,0.36288,3.6288,55.5528,0.724896,0,0,1.28345,0.247408,0,0.66528,12.849,1,1.55679,0.36288,0,64.284,4.95033,58.1398,0.84672,12.849,0.84672,3695.15,0,0,0,0.216518,2.45069,6.03721,1.22575,7.47866,0.42336,0,0.42336,460.49,0,0.968544,0,0,1.18506,0.216518,1.028160,1,0,65.6184,0,0,0,65.6184,0
12.2294,1.61878,0,0,1.237,0.110523,0.36288,3.6288,55.4327,0.953519,0,0,1.08133,0.247914,0,0.66528,12.849,1,1.58963,0.36288,0,52.6196,4.95033,46.4425,0.84672,12.849,0.84672,3695.15,0,0,0,0.292723,2.45068,4.41387,1.22575,5.93152,0.42336,0,0.42336,460.49,0,0.739921,0,0,1.03264,0.292723,1.028160,1,0,52.374,0,0,0,52.374,0
13.8682,1.56456,0,0,3.66428,0.0980706,0.36288,3.6288,56.3001,0.66528,0,0,1.77279,0.240072,0,0.66528,12.849,1,1.64383,0.36288,0,68.8085,4.75833,62.7692,0.84672,12.849,0.84672,3695.15,0,0,0,0.579113,2.45066,10.2723,1.26868,12.0334,0.42336,0,0.42336,460.49,0,1.02816,0,0,1.60727,0.579113,1.028160,1,0,74.8026,0,0,0,74.8026,0
16.2244,1.3896,0,0,4.24774,0.139021,0.36288,3.6288,57.938,0.66528,0,0,2.52199,0.218854,0,0.66528,12.849,1,1.28748,0.36288,0,98.1072,4.16163,93.021,0.84672,12.849,0.84672,3695.15,0,0,0,1.37307,2.45065,15.4407,1.07773,18.1867,0.42336,0,0.42336,460.49,0,1.02816,0,0,2.40123,1.37307,1.028160,1,0,111.208,0,0,0,111.208,0
18.1953,1.81163,0,0,4.29945,0.154034,0.36288,3.6288,59.3757,0.66528,0,0,2.32136,0.218361,0,0.66528,12.849,1,1.43472,0.36288,0,132.805,4.08618,127.647,0.84672,12.849,0.84672,3695.15,0,0,0,1.12582,2.06928,17.3157,1.04054,19.4702,0.42336,0,0.42336,460.49,0,1.02816,0,0,2.15398,1.12582,1.028160,1,0,147.118,0,0,0,147.118,0
19.4296,1.9027,0,0,3.6626,0.162709,0.36288,3.6288,60.4253,0.66528,0,0,1.90537,0.190499,0,0.66528,12.849,1,1.34363,0.36288,0,183.974,3.75618,179.237,0.84672,12.849,0.84672,3695.15,0,0,0,0.699875,2.06181,10.2374,0.951061,12.048,0.42336,0,0.42336,460.49,0,1.02816,0,0,1.72803,0.699875,1.028160,1,0,191.285,0,0,0,191.285,0
20.8027,1.95407,0,0,3.84946,0.159417,0.36288,3.6288,61.308,0.66528,0,0,1.9624,0.193518,0.220894,0.66528,12.849,1,1.29224,0.36288,0,125.601,3.62523,121.047,0.84672,12.849,0.84672,3695.15,0,0,0,0.846521,2.0618,10.4011,1.04078,12.2686,0.42336,0,0.42336,460.49,0,1.02816,0,0,1.87468,0.846521,1.028160,1,0,133.536,0,0,0,133.536,0
23.718,2.00678,0,0,5.44325,0.158366,0.36288,3.6288,61.308,0.66528,0,0,3.20298,0.21056,2.32714,0.66528,12.849,1,1.23951,0.36288,0,148.864,3.9392,144.048,0.84672,12.849,0.84672,3695.15,0,0,0,3.24378,2.06179,13.0021,1.06269,17.2449,0.42336,0,0.42336,460.49,0,1.02816,0,0,4.27194,3.24378,1.028160,1,0,163.62,0,0,0,163.62,0
25.5878,2.17154,0,0,4.55748,0.153224,0.36288,3.6288,61.308,0.66528,0,0,2.85301,0.214416,1.97331,0.66528,12.849,1,1.17642,0.36288,0,122.841,4.17412,117.853,0.84672,12.849,0.84672,3695.15,0,0,0,4.11991,2.06178,11.169,0.95953,16.3912,0.42336,0,0.42336,460.49,0,1.02816,0,0,5.14807,4.11991,1.028160,1,0,136.218,0,0,0,136.218,0
26.8406,2.22874,0,0,3.99377,0.149365,0.36288,3.6288,61.308,0.66528,0,0,1.19596,0.191193,0.339485,0.66528,12.849,1,1.11917,0.36288,0,108.076,3.9292,103.391,0.84672,12.849,0.84672,3695.15,0,0,0,2.93871,2.12781,8.14484,0.783017,12.4283,0.42336,0,0.42336,460.49,0,1.02816,0,0,3.96687,2.93871,1.028160,1,0,116.158,0,0,0,116.158,0
27.4678,2.26404,0,0,3.40616,0.152029,0.36288,3.6288,61.308,0.66528,0,0,1.02024,0.191193,0.163764,0.66528,12.849,1,1.08383,0.36288,0,91.7291,3.9292,87.079,0.84672,12.849,0.84672,3695.15,0,0,0,2.38167,2.12778,7.37813,0.783017,11.1046,0.42336,0,0.42336,460.49,0,1.02816,0,0,3.40983,2.38167,1.028160,1,0,98.3473,0,0,0,98.3473,0
27.8489,2.28087,0,0,3.17822,0.153363,0.36288,3.6288,61.308,0.66528,0,0,1.00051,0.191193,0.144039,0.66528,12.849,1,1.06696,0.36288,0,85.0349,3.9292,80.4016,0.84672,12.849,0.84672,3695.15,0,0,0,2.32222,2.12775,7.304,0.783017,10.971,0.42336,0,0.42336,460.49,0,1.02816,0,0,3.35038,2.32222,1.028160,1,0,91.5166,0,0,0,91.5166,0
33.8352,2.51427,0,0,9.02578,0.162255,0.36288,3.6288,61.308,0.66528,0,0,2.1367,0.201863,1.26955,0.66528,12.849,1,1.16004,0.36288,0,244.727,3.3348,240.595,0.84672,12.849,0.84672,3695.15,0,0,0,8.84218,2.12773,11.0327,0.898987,21.1036,0.42336,0,0.42336,460.49,0,1.02816,0,0,9.87034,8.84218,1.028160,1,0,262.968,0,0,0,262.968,0
36.3556,2.66299,0,0,5.73141,0.185204,0.36288,3.6288,61.308,0.66528,0,0,1.58862,0.204679,0.71866,0.66528,12.849,1,1.01128,0.36288,0,183.983,3.68487,179.649,0.84672,12.849,0.84672,3695.15,0,0,0,5.13346,2.3653,6.9473,0.98174,13.4643,0.42336,0,0.42336,460.49,0,1.02816,0,0,6.16162,5.13346,1.028160,1,0,193.832,0,0,0,193.832,0
37.0258,2.71476,0,0,3.93883,0.190948,0.36288,3.6288,61.308,0.66528,0,0,1.11273,0.204679,0.242769,0.66528,12.849,1,0.959464,0.36288,0,108.941,3.68487,104.659,0.84672,12.849,0.84672,3695.15,0,0,0,3.19291,2.36527,4.68985,0.98174,9.26629,0.42336,0,0.42336,460.49,0,1.02816,0,0,4.22107,3.19291,1.028160,1,0,114.169,0,0,0,114.169,0
37.0746,2.72761,0,0,3.33331,0.194079,0.36288,3.6288,61.308,0.66528,0,0,1.11738,0.191547,0.26055,0.66528,12.849,1,0.946558,0.36288,0,88.3898,3.45803,84.3481,0.84672,12.849,0.84672,3695.15,0,0,0,3.88666,2.36523,4.41511,0.916694,9.75031,0.42336,0,0.42336,460.49,0,1.02816,0,0,4.91482,3.88666,1.028160,1,0,94.3589,0,0,0,94.3589,0
40.5646,2.38265,0,0,6.46601,0.230426,0.36288,3.6288,61.308,0.66528,0,0,6.95382,0.169945,6.11859,0.66528,12.849,1,0.825758,0.36288,0,148.365,3.02389,144.878,0.84672,12.849,0.84672,3695.15,0,0,0,10.4725,2.3652,11.3124,0.867679,23.2825,0.42336,0,0.42336,460.49,0,1.02816,0,0,11.5007,10.4725,1.028160,1,0,174.28,0,0,0,174.28,0
43.3998,2.43657,0,0,5.87466,0.240036,0.36288,3.6288,61.308,0.66528,0,0,6.16468,0.169945,5.32946,0.66528,12.849,1,0.771792,0.36288,0,132.945,3.02389,129.513,0.84672,12.849,0.84672,3695.15,0,0,0,11.5836,2.04117,10.5887,0.867679,23.3457,0.42336,0,0.42336,460.49,0,1.02816,0,0,12.6117,11.5836,1.028160,1,0,158.188,0,0,0,158.188,0
48.9539,2.47544,0,0,8.64052,0.248118,0.36288,3.6288,61.308,0.66528,0,0,7.5314,0.169945,6.69618,0.66528,12.849,1,0.732881,0.36288,0,180.703,3.02389,177.309,0.84672,12.849,0.84672,3695.15,0,0,0,13.0094,2.04114,14.9262,0.867679,29.1091,0.42336,0,0.42336,460.49,0,1.02816,0,0,14.0376,13.0094,1.028160,1,0,213.114,0,0,0,213.114,0
53.0051,2.54127,0,0,7.21855,0.263178,0.36288,3.6288,61.308,0.66528,0,0,6.68576,0.163483,5.857,0.66528,12.849,1,0.66701,0.36288,0,167.956,3.0149,164.637,0.84672,12.849,0.84672,3695.15,0,0,0,12.0004,2.04112,13.7727,0.882506,26.9316,0.42336,0,0.42336,460.49,0,1.02816,0,0,13.0285,12.0004,1.028160,1,0,197.425,0,0,0,197.425,0
60.1399,2.58227,0,0,10.3595,0.279628,0.36288,3.6288,61.308,0.66528,0,0,9.08985,0.195025,8.22955,0.66528,12.849,1,0.625969,0.36288,0,276.68,3.70326,272.713,0.84672,12.849,0.84672,3695.15,0,0,0,14.4679,2.04109,22.2715,1.08686,37.6936,0.42336,0,0.42336,460.49,0,1.02816,0,0,15.496,14.4679,1.028160,1,0,318.636,0,0,0,318.636,0
62.2756,2.74001,0,0,5.5411,0.302493,0.36288,3.6288,61.308,0.66528,0,0,3.67908,0.200732,2.81307,0.66528,12.849,1,0.585407,0.36288,0,122.611,3.76572,118.623,0.84672,12.849,0.84672,3695.15,0,0,0,6.38798,2.04106,7.7239,1.13172,15.0212,0.42336,0,0.42336,460.49,0,1.02816,0,0,7.41614,6.38798,1.028160,1,0,136.457,0,0,0,136.457,0
63.8322,2.75661,0,0,4.98409,0.307955,0.36288,3.6288,61.308,0.66528,0,0,2.98639,0.200732,2.12038,0.66528,12.849,1,0.568757,0.36288,0,100.106,3.76572,96.134,0.84672,12.849,0.84672,3695.15,0,0,0,5.17414,2.12091,6.47447,1.13172,12.6378,0.42336,0,0.42336,460.49,0,1.02816,0,0,6.2023,5.17414,1.028160,1,0,110.892,0,0,0,110.892,0
65.0007,2.76812,0,0,4.55666,0.257213,0.36288,3.6288,61.308,0.66528,0,0,2.61639,0.239086,1.71202,0.66528,12.849,1,0.557204,0.36288,0,104.146,4.52151,99.4299,0.84672,12.849,0.84672,3695.15,0,0,0,4.15162,2.12088,5.77564,1.27113,10.777,0.42336,0,0.42336,460.49,0,1.02816,0,0,5.17978,4.15162,1.028160,1,0,111.919,0,0,0,111.919,0
65.7114,2.77645,0,0,4.10815,0.25807,0.36288,3.6288,61.308,0.66528,0,0,2.39561,0.235813,1.49452,0.66528,12.849,1,0.548834,0.36288,0,77.3738,4.46121,72.7266,0.84672,12.849,0.84672,3695.15,0,0,0,3.95386,2.12085,5.81823,1.23754,10.6554,0.42336,0,0.42336,460.49,0,1.02816,0,0,4.98202,3.95386,1.028160,1,0,84.8766,0,0,0,84.8766,0
66.3067,2.74304,0,0,3.95676,0.255572,0.36288,3.6288,61.308,0.66528,0,0,1.48426,0.227629,0.591348,0.66528,12.849,1,0.536365,0.36288,0,79.0491,4.31046,74.5651,0.84672,12.849,0.84672,3695.15,0,0,0,2.69426,2.12083,7.14694,1.15356,10.8085,0.42336,0,0.42336,460.49,0,1.02816,0,0,3.72242,2.69426,1.028160,1,0,85.965,0,0,0,85.965,0
66.9606,2.74704,0,0,4.02057,0.256787,0.36288,3.6288,61.308,0.66528,0,0,1.44221,0.227629,0.549305,0.66528,12.849,1,0.532325,0.36288,0,73.097,4.31046,68.6171,0.84672,12.849,0.84672,3695.15,0,0,0,2.58292,2.08972,7.20576,1.15356,10.7248,0.42336,0,0.42336,460.49,0,1.02816,0,0,3.61108,2.58292,1.028160,1,0,79.8912,0,0,0,79.8912,0
67.0485,2.75136,0,0,3.39322,0.191058,0.36288,3.6288,61.308,0.66528,0,0,1.26908,0.262093,0.341705,0.66528,12.849,1,0.527957,0.36288,0,67.2011,4.19931,62.8367,0.84672,12.849,0.84672,3695.15,0,0,0,3.20562,2.08969,6.06964,1.09215,10.2728,0.42336,0,0.42336,460.49,0,1.02816,0,0,4.23378,3.20562,1.028160,1,0,73.4512,0,0,0,73.4512,0
66.6304,2.75191,0,0,2.8767,0.180006,0.36288,3.6288,61.308,0.66528,0,0,1.1906,0.267837,0.257484,0.66528,12.849,1,0.527369,0.36288,0,44.2855,4.18079,39.9403,0.84672,12.849,0.84672,3695.15,0,0,0,2.96295,2.08966,5.6468,1.08192,9.6175,0.42336,0,0.42336,460.49,0,1.02816,0,0,3.99111,2.96295,1.028160,1,0,49.8152,0,0,0,49.8152,0
66.2657,2.87951,0,0,3.04976,0.172073,0.36288,3.6288,61.308,0.66528,0,0,1.30591,0.240677,0.399953,0.66528,12.849,1,0.555284,0.36288,0,55.2232,4.72484,50.3059,0.84672,12.849,0.84672,3695.15,0,0,0,2.4127,2.08964,5.35435,1.17863,8.67805,0.42336,0,0.42336,460.49,0,1.02816,0,0,3.44086,2.4127,1.028160,1,0,59.3839,0,0,0,59.3839,0
65.7315,2.87691,0,0,2.85288,0.147229,0.36288,3.6288,61.308,0.66528,0,0,1.02799,0.220558,0.142149,0.66528,12.849,1,0.557836,0.36288,0,53.5762,4.35993,49.0213,0.84672,12.849,0.84672,3695.15,0,0,0,2.15161,2.19851,5.01792,1.19222,8.17583,0.42336,0,0.42336,460.49,0,1.02816,0,0,3.17977,2.15161,1.028160,1,0,57.3393,0,0,0,57.3393,0
64.9842,2.87308,0,0,2.60608,0.117452,0.36288,3.6288,61.308,0.66528,0,0,1.01931,0.224207,0.129826,0.66528,12.849,1,0.561621,0.36288,0,47.8844,4.47363,43.2121,0.84672,12.849,0.84672,3695.15,0,0,0,2.15081,2.19848,4.79318,1.15669,7.98578,0.42336,0,0.42336,460.49,0,1.02816,0,0,3.17897,2.15081,1.028160,1,0,51.3277,0,0,0,51.3277,0
64.1913,2.86765,0,0,2.55438,0.116752,0.36288,3.6288,61.308,0.66528,0,0,1.10245,0.224207,0.21296,0.66528,12.849,1,0.567006,0.36288,0,45.8718,4.47363,41.1941,0.84672,12.849,0.84672,3695.15,0,0,0,2.09079,2.19845,5.1648,1.15669,8.29736,0.42336,0,0.42336,460.49,0,1.02816,0,0,3.11895,2.09079,1.028160,1,0,49.7044,0,0,0,49.7044,0
63.5015,2.86178,0,0,2.64797,0.113095,0.36288,3.6288,61.308,0.66528,0,0,1.01425,0.24669,0.10228,0.66528,12.849,1,0.572834,0.36288,0,47.1043,4.84875,42.0456,0.84672,12.849,0.84672,3695.15,0,0,0,2.165,2.19842,4.67524,1.24413,7.79454,0.42336,0,0.42336,460.49,0,1.02816,0,0,3.19316,2.165,1.028160,1,0,49.9424,0,0,0,49.9424,0
62.9428,2.83098,0,0,2.74538,0.110293,0.36288,3.6288,61.308,0.66528,0,0,0.988459,0.263552,0.0596272,0.66528,12.849,1,0.572825,0.36288,0,49.5007,5.13009,44.1607,0.84672,12.849,0.84672,3695.15,0,0,0,2.22655,2.19839,4.87128,1.30971,7.98651,0.42336,0,0.42336,460.49,0,1.02816,0,0,3.25471,2.22655,1.028160,1,0,52.2068,0,0,0,52.2068,0
62.1813,2.82672,0,0,2.53793,0.109791,0.36288,3.6288,61.308,0.66528,0,0,0.955619,0.263552,0.0267865,0.66528,12.849,1,0.57704,0.36288,0,49.2018,5.13009,43.8575,0.84672,12.849,0.84672,3695.15,0,0,0,2.17147,2.23643,4.93946,1.30971,8.03766,0.42336,0,0.42336,460.49,0,1.02816,0,0,3.19963,2.17147,1.028160,1,0,51.922,0,0,0,51.922,0
61.1925,2.82082,0,0,2.30401,0.109109,0.36288,3.6288,61.2819,0.66528,0,0,0.902768,0.263552,0,0.66528,12.849,1,0.582889,0.36288,0,47.7394,5.13009,42.3893,0.84672,12.849,0.84672,3695.15,0,0,0,1.85757,2.2364,4.64304,1.30971,7.42731,0.42336,0,0.42336,460.49,0,1.02816,0,0,2.88573,1.85757,1.028160,1,0,49.8166,0,0,0,49.8166,0
60.0406,2.813,0,0,2.12458,0.100557,0.36288,3.6288,61.1735,0.66528,0,0,0.841631,0.284777,0,0.66528,12.849,1,0.590665,0.36288,0,41.8368,5.40029,36.2087,0.84672,12.849,0.84672,3695.15,0,0,0,1.67717,2.23637,4.44515,1.39021,6.96848,0.42336,0,0.42336,460.49,0,1.02816,0,0,2.70533,1.67717,1.028160,1,0,43.1772,0,0,0,43.1772,0
59.1577,2.86906,0,0,2.4332,0.0842387,0.36288,3.6288,61.1466,0.66528,0,0,0.973711,0.335385,0,0.66528,12.849,1,0.613994,0.36288,0,52.0448,6.0334,45.7603,0.84672,12.849,0.84672,3695.15,0,0,0,2.17869,2.23634,4.70539,1.51254,7.60788,0.42336,0,0.42336,460.49,0,1.02816,0,0,3.20685,2.17869,1.028160,1,0,53.3681,0,0,0,53.3681,0
58.1154,2.8615,0,0,2.26562,0.0835276,0.36288,3.6288,60.9907,0.66528,0,0,0.844759,0.335328,0,0.66528,12.849,1,0.621515,0.36288,0,44.0675,6.0334,37.7754,0.84672,12.849,0.84672,3695.15,0,0,0,2.43833,2.29026,4.74878,1.51254,7.96483,0.42336,0,0.42336,460.49,0,1.02816,0,0,3.46649,2.43833,1.028160,1,0,45.7402,0,0,0,45.7402,0
56.9122,2.85233,0,0,2.09469,0.0826883,0.36288,3.6288,60.7738,0.66528,0,0,0.78338,0.334997,0,0.66528,12.849,1,0.630635,0.36288,0,42.2569,6.0334,35.9557,0.84672,12.849,0.84672,3695.15,0,0,0,2.01647,2.29023,4.12901,1.51254,6.92318,0.42336,0,0.42336,460.49,0,1.02816,0,0,3.04463,2.01647,1.028160,1,0,42.8789,0,0,0,42.8789,0
55.7717,2.84142,0,0,2.14123,0.0774079,0.36288,3.6288,60.6414,0.66528,0,0,0.869979,0.337118,0,0.66528,12.849,1,0.641503,0.36288,0,40.1903,6.10818,33.8035,0.84672,12.849,0.84672,3695.15,0,0,0,2.4273,2.2902,5.10721,1.52748,8.29723,0.42336,0,0.42336,460.49,0,1.02816,0,0,3.45546,2.4273,1.028160,1,0,42.1008,0,0,0,42.1008,0
54.2672,3.01977,0,0,1.9603,0.0821464,0.36288,3.6288,60.5284,0.66528,0,0,0.877841,0.325505,0,0.66528,12.849,1,0.695711,0.36288,0,32.0187,6.08388,25.602,0.84672,12.849,0.84672,3695.15,0,0,0,2.04269,2.29017,5.36804,1.54821,8.1527,0.42336,0,0.42336,460.49,0,1.02816,0,0,3.07085,2.04269,1.028160,1,0,33.7547,0,0,0,33.7547,0
52.7629,3.00413,0,0,1.94415,0.0814489,0.36288,3.6288,60.4816,0.66528,0,0,0.940257,0.321774,0,0.66528,12.849,1,0.711297,0.36288,0,30.8284,6.10407,24.3759,0.84672,12.849,0.84672,3695.15,0,0,0,2.2841,2.4747,4.5333,1.56247,7.72963,0.42336,0,0.42336,460.49,0,1.02816,0,0,3.31226,2.2841,1.028160,1,0,32.1055,0,0,0,32.1055,0
50.933,2.98778,0,0,1.60097,0.0802092,0.36288,3.6288,60.3131,0.66528,0,0,0.818372,0.321678,0,0.66528,12.849,1,0.727596,0.36288,0,38.2718,6.10407,31.803,0.84672,12.849,0.84672,3695.15,0,0,0,1.89857,2.47467,4.04441,1.56247,6.85518,0.42336,0,0.42336,460.49,0,1.02816,0,0,2.92673,1.89857,1.028160,1,0,38.6582,0,0,0,38.6582,0
49.2956,2.96687,0,0,1.7711,0.0787011,0.36288,3.6288,60.4506,0.66528,0,0,1.12418,0.321334,0,0.66528,12.849,1,0.74846,0.36288,0,32.8129,6.10407,26.3233,0.84672,12.849,0.84672,3695.15,0,0,0,2.80322,2.47464,4.8331,1.56247,8.54849,0.42336,0,0.42336,460.49,0,1.02816,0,0,3.83138,2.80322,1.028160,1,0,34.8717,0,0,0,34.8717,0
48.0228,2.94711,0,0,2.12185,0.0847131,0.36288,3.6288,60.8087,0.66528,0,0,1.32363,0.300303,0,0.66528,12.849,1,0.76817,0.36288,0,38.8595,5.39289,33.0613,0.84672,12.849,0.84672,3695.15,0,0,0,2.7941,2.47461,7.15931,1.45167,10.9763,0.42336,0,0.42336,460.49,0,1.02816,0,0,3.82226,2.7941,1.028160,1,0,44.0377,0,0,0,44.0377,0
46.8435,2.84158,0,0,2.11837,0.0932357,0.36288,3.6288,61.308,0.66528,0,0,2.58824,0.272507,1.15113,0.66528,12.849,1,0.760295,0.36288,0,39.448,4.44465,34.6059,0.84672,12.849,0.84672,3695.15,0,0,0,5.16186,2.47457,10.3553,1.30392,16.6878,0.42336,0,0.42336,460.49,0,1.02816,0,0,6.19002,5.16186,1.028160,1,0,52.4449,0,0,0,52.4449,0
45.4312,2.82652,0,0,1.86917,0.0920362,0.36288,3.6288,61.308,0.66528,0,0,1.50213,0.27337,0.563484,0.66528,12.849,1,0.775306,0.36288,0,40.4064,4.44465,35.5494,0.84672,12.849,0.84672,3695.15,0,0,0,2.8581,2.36774,7.9539,1.30392,11.8758,0.42336,0,0.42336,460.49,0,1.02816,0,0,3.88626,2.8581,1.028160,1,0,47.9887,0,0,0,47.9887,0
43.7146,2.8077,0,0,1.54459,0.0905997,0.36288,3.6288,61.308,0.66528,0,0,1.32335,0.27337,0.384696,0.66528,12.849,1,0.794083,0.36288,0,37.3073,4.44465,32.4314,0.84672,12.849,0.84672,3695.15,0,0,0,2.42741,2.3677,7.36595,1.30392,10.8571,0.42336,0,0.42336,460.49,0,1.02816,0,0,3.45557,2.42741,1.028160,1,0,43.6732,0,0,0,43.6732,0
43.2754,2.78356,0,0,2.87116,0.163903,0.36288,3.6288,61.308,0.66528,0,0,2.05877,0.197563,1.19593,0.66528,12.849,1,0.818171,0.36288,0,65.8713,3.4065,62.0095,0.84672,12.849,0.84672,3695.15,0,0,0,3.28912,2.36767,12.789,0.979434,17.4664,0.42336,0,0.42336,460.49,0,1.02816,0,0,4.31728,3.28912,1.028160,1,0,80.6718,0,0,0,80.6718,0
40.8454,2.70538,0,0,0.832801,0.194586,0.36288,3.6288,61.308,0.66528,0,0,1.41479,0.222488,0.527024,0.66528,12.849,1,0.803262,0.36288,0,46.2515,5.0484,40.7627,0.84672,12.849,0.84672,3695.15,0,0,0,1.33609,2.36764,5.27361,1.02771,7.94963,0.42336,0,0.42336,460.49,0,1.02816,0,0,2.36425,1.33609,1.028160,1,0,49.2394,0,0,0,49.2394,0
39.3279,2.669,0,0,1.6957,0.181324,0.36288,3.6288,61.308,0.66528,0,0,1.88755,0.218517,1.00376,0.66528,12.849,1,0.839604,0.36288,0,37.1264,4.9524,31.6973,0.84672,12.849,0.84672,3695.15,0,0,0,2.07735,2.2723,9.30812,1.04918,12.6086,0.42336,0,0.42336,460.49,0,1.02816,0,0,3.10551,2.07735,1.028160,1,0,45.3097,0,0,0,45.3097,0
41.1538,2.64454,0,0,5.01057,0.177219,0.36288,3.6288,61.308,0.66528,0,0,3.308,0.181965,2.46075,0.66528,12.849,1,0.864012,0.36288,0,109.571,4.15146,104.918,0.84672,12.849,0.84672,3695.15,0,0,0,3.919,2.27227,22.5418,0.95927,27.7738,0.42336,0,0.42336,460.49,0,1.02816,0,0,4.94716,3.919,1.028160,1,0,135.153,0,0,0,135.153,0
