0volume,0demand,0up_spill,0ww_inflow,0catch_inflow,0evap,0ds_spill,0treat_cap,1volume,1demand,1up_spill,1ww_inflow,1catch_inflow,1evap,1ds_spill,1treat_cap,2volume,2s_area,2demand,2up_spill,2ww_inflow,2catch_inflow,2evap,2ds_spill,2treat_cap,2valloc_0,2talloc_0,2valloc_1,2talloc_1,3volume,3demand,3up_spill,3ww_inflow,3catch_inflow,3evap,3ds_spill,3treat_cap,3valloc_0,3talloc_0,3valloc_1,3talloc_1,4demand,4up_spill,4ww_inflow,4catch_inflow,4ds_spill,4treat_cap,11volume,11s_area,11demand,11up_spill,11ww_inflow,11catch_inflow,11evap,11ds_spill,11treat_cap
72.29,1.73757,0,0,5.81058,0.273534,3.79948,3.6288,61.308,0,0,0,2.14674,0.232648,1.91409,0.66528,12.849,1,0.30884,3.79948,0,104.62,3.70755,104.403,0.84672,12.849,0.84672,3695.15,0,36.966,0.42336,3.94333,0,9.91976,0.914847,12.5249,0.42336,36.966,0.42336,423.524,0,1.43262,0,0,5.37595,3.94333,1.028160,1,0,118.842,0,0,0,118.842,0
72.29,1.73855,0,0,4.9733,0.273534,2.96123,3.6288,61.308,0.405122,0,0,1.4222,0.232648,0.784426,0.66528,12.849,1,0.309013,2.96123,0,99.6788,3.70755,98.6235,0.84672,12.849,0.84672,3695.15,0,36.966,0.42336,2.66841,1.56967,9.33457,0.914847,12.2345,0.42336,36.966,0.42336,423.524,0,1.02816,0,0,3.69657,2.66841,1.028160,1,0,111.642,0,0,0,111.642,0
72.29,1.73952,0,0,6.03108,0.273534,4.01803,3.6288,61.308,0.405787,0,0,1.53198,0.232648,0.893541,0.66528,12.849,1,0.309186,4.01803,0,89.8517,3.70755,89.853,0.84672,12.849,0.84672,3695.15,0,36.966,0.42336,3.2002,1.5704,9.21059,0.914847,12.643,0.42336,36.966,0.42336,423.524,0,1.02816,0,0,4.22836,3.2002,1.028160,1,0,103.389,0,0,0,103.389,0
72.29,1.74049,0,0,4.68737,0.273534,2.67335,3.6288,61.308,0.406453,0,0,1.71952,0.232648,1.08042,0.66528,12.849,1,0.30936,2.67335,0,76.4104,3.70755,75.0669,0.84672,12.849,0.84672,3695.15,0,36.966,0.42336,2.66001,1.57113,11.8133,0.914847,14.7062,0.42336,36.966,0.42336,423.524,0,1.02816,0,0,3.68817,2.66001,1.028160,1,0,90.8535,0,0,0,90.8535,0
72.29,1.89167,0,0,10.1879,0.288278,8.00791,3.6288,61.308,0.53781,0,0,3.32868,0.197898,2.59297,0.66528,12.849,1,0.33623,8.00791,0,191.502,3.78903,195.385,0.84672,12.849,0.84672,3695.15,0,36.966,0.42336,6.21077,1.57186,20.6643,0.935554,27.088,0.42336,36.966,0.42336,423.524,0,1.02816,0,0,7.23893,6.21077,1.028160,1,0,225.066,0,0,0,225.066,0
72.29,1.89271,0,0,8.5968,0.295212,6.40888,3.6288,61.308,0.538537,0,0,4.02504,0.187572,3.29893,0.66528,12.849,1,0.336415,6.40888,0,139.524,3.95399,141.642,0.84672,12.849,0.84672,3695.15,0,36.966,0.42336,7.0051,1.70671,19.5051,0.975871,26.8177,0.42336,36.966,0.42336,423.524,0,1.02816,0,0,8.03326,7.0051,1.028160,1,0,171.759,0,0,0,171.759,0
72.29,1.89376,0,0,6.56588,0.295212,4.37691,3.6288,61.308,0.539263,0,0,2.62163,0.187572,1.89479,0.66528,12.849,1,0.336601,4.37691,0,97.3607,3.95399,97.447,0.84672,12.849,0.84672,3695.15,0,36.966,0.42336,2.91614,1.70751,11.9648,0.975871,15.1893,0.42336,36.966,0.42336,423.524,0,1.02816,0,0,3.9443,2.91614,1.028160,1,0,114.531,0,0,0,114.531,0
72.29,1.8948,0,0,5.52428,0.290326,3.33915,3.6288,61.308,0.53999,0,0,2.32001,0.194335,1.58569,0.66528,12.849,1,0.336786,3.33915,0,71.5833,3.96702,70.6186,0.84672,12.849,0.84672,3695.15,0,36.966,0.42336,2.20007,1.7083,10.0212,0.987337,12.5189,0.42336,36.966,0.42336,423.524,0,1.02816,0,0,3.22823,2.20007,1.028160,1,0,84.7232,0,0,0,84.7232,0
72.29,1.65784,0,0,6.00492,0.287554,4.05952,3.6288,61.308,0.351958,0,0,1.85497,0.173488,1.32953,0.66528,12.849,1,0.294669,4.05952,0,131.754,3.59721,131.922,0.84672,12.849,0.84672,3695.15,0,36.966,0.42336,3.24198,1.70909,12.9222,0.936955,16.5129,0.42336,36.966,0.42336,423.524,0,1.02816,0,0,4.27014,3.24198,1.028160,1,0,149.764,0,0,0,149.764,0
72.29,1.65878,0,0,3.95219,0.307462,1.98595,3.6288,61.308,0.352597,0,0,1.22017,0.127419,0.74015,0.66528,12.849,1,0.294835,1.98595,0,116.043,3.2612,114.473,0.84672,12.849,0.84672,3695.15,0,36.966,0.42336,1.88866,1.51152,9.27832,0.847573,11.4076,0.42336,36.966,0.42336,423.524,0,1.02816,0,0,2.91682,1.88866,1.028160,1,0,126.621,0,0,0,126.621,0
72.29,1.65971,0,0,5.09997,0.301594,3.13866,3.6288,61.308,0.353237,0,0,2.5786,0.128459,2.0969,0.66528,12.849,1,0.295002,3.13866,0,180.093,3.27646,179.66,0.84672,12.849,0.84672,3695.15,0,36.966,0.42336,3.51124,1.51222,11.7244,0.850081,15.4744,0.42336,36.966,0.42336,423.524,0,1.02816,0,0,4.5394,3.51124,1.028160,1,0,197.232,0,0,0,197.232,0
72.29,1.66065,0,0,5.26869,0.266389,3.34165,3.6288,61.308,0.353877,0,0,2.10861,0.134698,1.62003,0.66528,12.849,1,0.295168,3.34165,0,125.363,3.36809,125.041,0.84672,12.849,0.84672,3695.15,0,36.966,0.42336,2.81508,1.51292,10.6453,0.865125,13.6848,0.42336,36.966,0.42336,423.524,0,1.02816,0,0,3.84324,2.81508,1.028160,1,0,140.346,0,0,0,140.346,0
72.29,1.66159,0,0,3.87148,0.276934,1.93296,3.6288,61.308,0.354517,0,0,2.13603,0.133659,1.64786,0.66528,12.849,1,0.295334,1.93296,0,112.017,3.27236,110.382,0.84672,12.849,0.84672,3695.15,0,36.966,0.42336,3.46945,1.51362,8.38339,0.859811,12.0833,0.42336,36.966,0.42336,423.524,0,1.02816,0,0,4.49761,3.46945,1.028160,1,0,124.113,0,0,0,124.113,0
72.29,1.7364,0,0,8.27414,0.334284,6.20345,3.6288,61.308,0.410794,0,0,4.14393,0.1261,3.60704,0.66528,12.849,1,0.308632,6.20345,0,263.234,2.7575,266.371,0.84672,12.849,0.84672,3695.15,0,36.966,0.42336,7.05456,1.51432,19.6363,0.839488,26.9423,0.42336,36.966,0.42336,423.524,0,1.02816,0,0,8.08272,7.05456,1.028160,1,0,296.921,0,0,0,296.921,0
72.29,1.73737,0,0,5.87587,0.298771,3.83972,3.6288,61.308,0.41146,0,0,2.86426,0.118121,2.33468,0.66528,12.849,1,0.308805,3.83972,0,172.38,3.11462,172.796,0.84672,12.849,0.84672,3695.15,0,36.966,0.42336,5.59587,1.57431,12.7897,0.908842,18.6277,0.42336,36.966,0.42336,423.524,0,1.02816,0,0,6.62403,5.59587,1.028160,1,0,193.759,0,0,0,193.759,0
72.29,1.73834,0,0,4.64155,0.298771,2.60443,3.6288,61.308,0.412126,0,0,2.49361,0.118121,1.96336,0.66528,12.849,1,0.308977,2.60443,0,141.963,3.11462,141.144,0.84672,12.849,0.84672,3695.15,0,36.966,0.42336,4.92299,1.57504,10.7266,0.908842,15.8925,0.42336,36.966,0.42336,423.524,0,1.02816,0,0,5.95115,4.92299,1.028160,1,0,159,0,0,0,159,0
72.29,1.73931,0,0,4.33007,0.298771,2.29198,3.6288,61.308,0.412793,0,0,3.08724,0.118121,2.55633,0.66528,12.849,1,0.30915,2.29198,0,142.436,3.11462,141.305,0.84672,12.849,0.84672,3695.15,0,36.966,0.42336,4.98139,1.57577,13.5659,0.908842,18.7909,0.42336,36.966,0.42336,423.524,0,1.02816,0,0,6.00955,4.98139,1.028160,1,0,162.652,0,0,0,162.652,0
72.29,1.71134,0,0,3.87427,0.27277,1.89016,3.6288,61.308,0.391811,0,0,1.58869,0.16705,1.02983,0.66528,12.849,1,0.304178,1.89016,0,121.749,3.38786,119.947,0.84672,12.849,0.84672,3695.15,0,36.966,0.42336,3.14714,1.5765,7.66143,0.93425,11.0275,0.42336,36.966,0.42336,423.524,0,1.02816,0,0,4.1753,3.14714,1.028160,1,0,132.004,0,0,0,132.004,0
72.29,1.7123,0,0,3.36073,0.268437,1.37999,3.6288,61.308,0.392468,0,0,1.2286,0.175205,0.660926,0.66528,12.849,1,0.304349,1.37999,0,109.183,3.43339,106.825,0.84672,12.849,0.84672,3695.15,0,36.966,0.42336,2.17164,1.55412,6.21245,0.938485,8.57636,0.42336,36.966,0.42336,423.524,0,1.02816,0,0,3.1998,2.17164,1.028160,1,0,116.062,0,0,0,116.062,0
72.29,1.71326,0,0,3.01002,0.268437,1.02832,3.6288,61.308,0.393125,0,0,1.1349,0.175205,0.566568,0.66528,12.849,1,0.304519,1.02832,0,69.8699,3.43339,67.1604,0.84672,12.849,0.84672,3695.15,0,36.966,0.42336,1.85561,1.55484,5.64235,0.938485,7.69096,0.42336,36.966,0.42336,423.524,0,1.02816,0,0,2.88377,1.85561,1.028160,1,0,75.4179,0,0,0,75.4179,0
72.29,1.71422,0,0,2.79698,0.268437,0.814329,3.6288,61.308,0.393782,0,0,1.07182,0.175205,0.50283,0.66528,12.849,1,0.304689,0.814329,0,61.34,3.43339,58.4163,0.84672,12.849,0.84672,3695.15,0,36.966,0.42336,1.67714,1.55555,5.19037,0.938485,7.06121,0.42336,36.966,0.42336,423.524,0,1.02816,0,0,2.7053,1.67714,1.028160,1,0,65.9803,0,0,0,65.9803,0
72.29,1.81359,0,0,2.76232,0.248481,0.700248,3.6288,61.308,0.471353,0,0,1.03792,0.159603,0.406967,0.66528,12.849,1,0.322352,0.700248,0,62.3003,3.36265,59.3155,0.84672,12.849,0.84672,3695.15,0,36.966,0.42336,1.54422,1.55627,5.29574,0.961901,7.01097,0.42336,36.966,0.42336,423.524,0,1.02816,0,0,2.57238,1.54422,1.028160,1,0,66.7335,0,0,0,66.7335,0
72.29,1.8146,0,0,2.86476,0.17654,0.873628,3.6288,61.308,0.472046,0,0,1.00939,0.164549,0.37279,0.66528,12.849,1,0.322531,0.873628,0,70.0574,3.53974,67.0688,0.84672,12.849,0.84672,3695.15,0,36.966,0.42336,1.7181,1.63814,5.39789,0.895377,7.43539,0.42336,36.966,0.42336,423.524,0,1.02816,0,0,2.74626,1.7181,1.028160,1,0,74.877,0,0,0,74.877,0
72.29,1.8156,0,0,2.65325,0.13087,0.706777,3.6288,61.308,0.472739,0,0,1.03779,0.178585,0.38647,0.66528,12.849,1,0.322709,0.706777,0,62.8214,3.77842,59.4271,0.84672,12.849,0.84672,3695.15,0,36.966,0.42336,1.48001,1.63889,5.04928,0.996792,6.74803,0.42336,36.966,0.42336,423.524,0,1.02816,0,0,2.50817,1.48001,1.028160,1,0,66.5616,0,0,0,66.5616,0
72.29,1.81661,0,0,2.55763,0.13087,0.610154,3.6288,61.308,0.473433,0,0,0.931988,0.178585,0.279971,0.66528,12.849,1,0.322888,0.610154,0,57.7911,3.77842,54.3,0.84672,12.849,0.84672,3695.15,0,36.966,0.42336,1.22388,1.63965,4.66909,0.996792,6.11247,0.42336,36.966,0.42336,423.524,0,1.02816,0,0,2.25204,1.22388,1.028160,1,0,60.6924,0,0,0,60.6924,0
72.29,1.81761,0,0,2.4663,0.132417,0.516268,3.6288,61.308,0.474126,0,0,0.873409,0.181367,0.217915,0.66528,12.849,1,0.323067,0.516268,0,53.2893,3.85519,49.6273,0.84672,12.849,0.84672,3695.15,0,36.966,0.42336,1.03871,1.64041,4.50736,1.00726,5.75585,0.42336,36.966,0.42336,423.524,0,1.02816,0,0,2.06687,1.03871,1.028160,1,0,55.601,0,0,0,55.601,0
72.29,1.74788,0,0,2.33943,0.141697,0.449847,3.6288,61.308,0.480518,0,0,1.01817,0.198064,0.33959,0.66528,12.849,1,0.310673,0.449847,0,48.9832,4.31581,44.8065,0.84672,12.849,0.84672,3695.15,0,36.966,0.42336,0.604817,1.64117,5.28098,1.0701,6.0335,0.42336,36.966,0.42336,423.524,0,1.02816,0,0,1.63298,0.604817,1.028160,1,0,51.1796,0,0,0,51.1796,0
72.145,1.74886,0,0,2.10843,0.141697,0.36288,3.6288,61.308,0.481214,0,0,0.948145,0.198064,0.268866,0.66528,12.849,1,0.310846,0.36288,0,45.4,4.31581,41.1362,0.84672,12.849,0.84672,3695.15,0,36.966,0.42336,0.396878,1.63072,5.02816,1.0701,5.5623,0.42336,36.966,0.42336,423.524,0,1.02816,0,0,1.42504,0.396878,1.028160,1,0,46.9674,0,0,0,46.9674,0
71.9312,1.7493,0,0,2.01616,0.117766,0.36288,3.6288,61.308,0.481911,0,0,0.896383,0.25291,0.161562,0.66528,12.849,1,0.31155,0.36288,0,40.9307,5.02157,35.9605,0.84672,12.849,0.84672,3695.15,0,36.966,0.42336,0.378864,1.63147,4.77727,1.32771,5.03654,0.42336,36.966,0.42336,423.524,0,1.02816,0,0,1.40702,0.378864,1.028160,1,0,41.1586,0,0,0,41.1586,0
71.5079,1.74949,0,0,1.79712,0.10808,0.36288,3.6288,61.308,0.482608,0,0,0.840249,0.274848,0.0827929,0.66528,12.849,1,0.312509,0.36288,0,37.1861,5.30386,31.9326,0.84672,12.849,0.84672,3695.15,0,36.966,0.42336,0.351285,1.63222,4.62127,1.43075,4.75066,0.42336,36.966,0.42336,423.524,0,1.02816,0,0,1.37945,0.351285,1.028160,1,0,36.7661,0,0,0,36.7661,0
70.9511,1.79808,0,0,1.69862,0.0944478,0.36288,3.6288,61.1183,0.663179,0,0,0.776935,0.303468,0,0.66528,12.849,1,0.323091,0.36288,0,31.6916,5.91917,25.8122,0.84672,12.849,0.84672,3695.15,0,36.966,0.42336,0.261274,1.63297,4.01067,1.53559,3.94597,0.42336,36.966,0.42336,423.524,0,0.88522,0,0,1.14649,0.261274,1.028160,1,0,29.7582,0,0,0,29.7582,0
70.4818,1.79693,0,0,1.77924,0.0887555,0.36288,3.6288,61.0771,0.5373,0,0,0.810605,0.314538,0,0.66528,12.849,1,0.325418,0.36288,0,41.7351,6.16528,35.6073,0.84672,12.849,0.84672,3695.15,0,36.966,0.42336,0.261274,1.67314,4.3691,1.57753,4.30263,0.42336,36.966,0.42336,423.524,0,1.01181,0,0,1.27309,0.261274,1.028160,1,0,39.9099,0,0,0,39.9099,0
69.8938,1.79609,0,0,1.6594,0.0884362,0.36288,3.6288,60.9589,0.521667,0,0,0.717967,0.314456,0,0.66528,12.849,1,0.327431,0.36288,0,33.0167,6.16528,26.8869,0.84672,12.849,0.84672,3695.15,0,36.966,0.42336,0.228511,1.67391,3.988,1.57753,3.88953,0.42336,36.966,0.42336,423.524,0,1.02816,0,0,1.25667,0.228511,1.028160,1,0,30.7764,0,0,0,30.7764,0
69.1575,1.79475,0,0,1.50938,0.0880361,0.36288,3.6288,60.6011,0.71794,0,0,0.674404,0.314221,0,0.66528,12.849,1,0.329941,0.36288,0,30.3599,6.16528,24.2276,0.84672,12.849,0.84672,3695.15,0,36.966,0.42336,0.227405,1.67468,3.64986,1.57753,3.55106,0.42336,36.966,0.42336,423.524,0,0.832602,0,0,1.06001,0.227405,1.028160,1,0,27.7786,0,0,0,27.7786,0
68.4951,1.93636,0,0,1.70932,0.0724874,0.36288,3.6288,60.4019,0.656654,0,0,0.779345,0.32192,0,0.66528,12.849,1,0.359763,0.36288,0,30.8481,6.30972,24.5415,0.84672,12.849,0.84672,3695.15,0,36.966,0.42336,0.278208,1.67545,5.06113,1.57874,5.01269,0.42336,36.966,0.42336,423.524,0,1.02816,0,0,1.30637,0.278208,1.028160,1,0,29.5542,0,0,0,29.5542,0
67.8018,1.93448,0,0,1.65548,0.0513529,0.36288,3.6288,59.693,0.995807,0,0,0.6204,0.333503,0,0.66528,12.849,1,0.36289,0.36288,0,30.253,6.40909,23.8439,0.84672,12.849,0.84672,3695.15,0,36.966,0.42336,0.227405,1.81132,3.59469,1.52949,3.68056,0.42336,36.966,0.42336,423.524,0,0.689783,0,0,0.917188,0.227405,1.028160,1,0,27.5244,0,0,0,27.5244,0
67.2183,1.93242,0,0,1.76286,0.0510748,0.36288,3.6288,59.3638,0.760349,0,0,0.763121,0.332,0,0.66528,12.849,1,0.366209,0.36288,0,38.4979,6.40909,32.0855,0.84672,12.849,0.84672,3695.15,0,36.966,0.42336,0.204422,1.81215,4.01514,1.52949,4.07886,0.42336,36.966,0.42336,423.524,0,0.926018,0,0,1.13044,0.204422,1.028160,1,0,36.1644,0,0,0,36.1644,0
66.3241,1.9308,0,0,1.45031,0.0508407,0.36288,3.6288,58.4693,1.11897,0,0,0.555765,0.331301,0,0.66528,12.849,1,0.369079,0.36288,0,35.27,6.40909,28.8547,0.84672,12.849,0.84672,3695.15,0,36.966,0.42336,0.204422,1.81299,3.28857,1.52949,3.35313,0.42336,36.966,0.42336,423.524,0,0.568175,0,0,0.772597,0.204422,1.028160,1,0,32.2079,0,0,0,32.2079,0
65.7904,1.92769,0,0,1.80732,0.0504819,0.36288,3.6288,58.4428,0.659762,0,0,0.962747,0.329405,0,0.66528,12.849,1,0.373452,0.36288,0,34.38,6.40909,27.9604,0.84672,12.849,0.84672,3695.15,0,36.966,0.42336,0.498623,1.81382,5.12907,1.52949,5.48866,0.42336,36.966,0.42336,423.524,0,1.02816,0,0,1.52678,0.498623,1.028160,1,0,33.449,0,0,0,33.449,0
64.7728,1.85662,0,0,1.26629,0.0643123,0.36288,3.6288,57.5455,0.962178,0,0,0.461811,0.39702,0,0.66528,12.849,1,0.362603,0.36288,0,29.8066,6.42479,23.3821,0.84672,12.849,0.84672,3695.15,0,36.966,0.42336,0.204422,1.81466,3.96773,1.4207,4.14275,0.42336,36.966,0.42336,423.524,0,0.64527,0,0,0.849692,0.204422,1.028160,1,0,27.5249,0,0,0,27.5249,0
64.1247,1.85289,0,0,1.66896,0.101381,0.36288,3.6288,56.7482,0.91501,0,0,0.485519,0.367779,0,0.66528,12.849,1,0.367557,0.36288,0,30.1438,6.20393,23.9352,0.84672,12.849,0.84672,3695.15,0,36.966,0.42336,0.216518,1.73714,3.19124,1.34484,3.37669,0.42336,36.966,0.42336,423.524,0,0.693179,0,0,0.909697,0.216518,1.028160,1,0,27.3119,0,0,0,27.3119,0
64.1919,1.85081,0,0,2.38175,0.100853,0.36288,3.6288,56.6006,0.580769,0,0,0.799081,0.36588,0,0.66528,12.849,1,0.370856,0.36288,0,55.7567,6.20393,49.5448,0.84672,12.849,0.84672,3695.15,0,36.966,0.42336,0.507773,1.73794,5.98257,1.34484,6.46008,0.42336,36.966,0.42336,423.524,0,1.02816,0,0,1.53593,0.507773,1.028160,1,0,56.0049,0,0,0,56.0049,0
63.8578,1.85214,0,0,1.99874,0.117762,0.36288,3.6288,56.1878,0.662959,0,0,0.610176,0.360026,0,0.66528,12.849,1,0.370735,0.36288,0,74.64,6.19092,68.4412,0.84672,12.849,0.84672,3695.15,0,36.966,0.42336,0.216518,1.73874,3.94404,1.35068,4.12525,0.42336,36.966,0.42336,423.524,0,0.946711,0,0,1.16323,0.216518,1.028160,1,0,72.5665,0,0,0,72.5665,0
64.3378,1.79461,0,0,2.85187,0.214409,0.36288,3.6288,56.2213,0.508156,0,0,0.831888,0.290295,0,0.66528,12.849,1,0.361098,0.36288,0,92.1927,5.35653,86.8379,0.84672,12.849,0.84672,3695.15,0,36.966,0.42336,0.478993,1.73954,5.87509,1.31381,6.35645,0.42336,36.966,0.42336,423.524,0,1.02816,0,0,1.50715,0.478993,1.028160,1,0,93.1944,0,0,0,93.1944,0
65.5094,1.79784,0,0,3.5446,0.212316,0.36288,3.6288,56.3887,0.508862,0,0,0.939738,0.263475,0,0.66528,12.849,1,0.35905,0.36288,0,57.4938,4.78926,52.7084,0.84672,12.849,0.84672,3695.15,0,36.966,0.42336,1.123,1.67027,6.82413,1.25988,7.93417,0.42336,36.966,0.42336,423.524,0,1.02816,0,0,2.15116,1.123,1.028160,1,0,60.6426,0,0,0,60.6426,0
66.5018,1.8042,0,0,3.37389,0.214325,0.36288,3.6288,56.9318,0.509569,0,0,1.31647,0.263763,0,0.66528,12.849,1,0.353876,0.36288,0,65.3754,4.78926,60.5952,0.84672,12.849,0.84672,3695.15,0,36.966,0.42336,2.11471,1.67104,8.27116,1.25988,10.3737,0.42336,36.966,0.42336,423.524,0,1.02816,0,0,3.14287,2.11471,1.028160,1,0,70.9688,0,0,0,70.9688,0
67.5498,1.80962,0,0,3.441,0.220484,0.36288,3.6288,57.1923,0.510277,0,0,1.02352,0.252766,0,0.66528,12.849,1,0.349643,0.36288,0,76.7949,4.82136,71.9868,0.84672,12.849,0.84672,3695.15,0,36.966,0.42336,1.06063,1.67181,7.89126,1.22007,8.98027,0.42336,36.966,0.42336,423.524,0,1.02816,0,0,2.08879,1.06063,1.028160,1,0,80.9671,0,0,0,80.9671,0
69.7959,1.70048,0,0,4.53283,0.223454,0.36288,3.6288,57.9469,0.390038,0,0,1.34111,0.196442,0,0.66528,12.849,1,0.323458,0.36288,0,91.0077,3.95122,87.0959,0.84672,12.849,0.84672,3695.15,0,36.966,0.42336,0.699192,1.67258,8.68389,1.02824,9.60407,0.42336,36.966,0.42336,423.524,0,1.02816,0,0,1.72735,0.699192,1.028160,1,0,96.7,0,0,0,96.7,0
72.29,1.71022,0,0,7.22235,0.264289,2.75369,3.6288,59.8633,0.39069,0,0,2.53961,0.232492,0,0.66528,12.849,1,0.314842,2.75369,0,141.667,4.14326,139.962,0.84672,12.849,0.84672,3695.15,0,36.966,0.42336,1.08733,1.55432,10.8734,0.996644,12.095,0.42336,36.966,0.42336,423.524,0,1.02816,0,0,2.11549,1.08733,1.028160,1,0,152.057,0,0,0,152.057,0
72.29,1.7204,0,0,5.40505,0.267198,3.41744,3.6288,61.308,0.391342,0,0,2.25477,0.245436,0.173316,0.66528,12.849,1,0.305789,3.41744,0,132.928,4.2735,131.766,0.84672,12.849,0.84672,3695.15,0,36.966,0.42336,2.10645,1.55504,10.0426,1.0041,12.2766,0.42336,36.966,0.42336,423.524,0,1.02816,0,0,3.13461,2.10645,1.028160,1,0,144.216,0,0,0,144.216,0
72.29,1.72136,0,0,5.38877,0.267198,3.40021,3.6288,61.308,0.391995,0,0,2.55622,0.247698,1.91653,0.66528,12.849,1,0.305959,3.40021,0,107.047,4.2735,105.868,0.84672,12.849,0.84672,3695.15,0,36.966,0.42336,4.63534,1.55575,15.4705,1.0041,20.2342,0.42336,36.966,0.42336,423.524,0,1.02816,0,0,5.6635,4.63534,1.028160,1,0,128.018,0,0,0,128.018,0
72.29,1.72232,0,0,5.2698,0.267198,3.28029,3.6288,61.308,0.392647,0,0,2.30471,0.247698,1.66437,0.66528,12.849,1,0.306129,3.28029,0,113.876,4.2735,112.577,0.84672,12.849,0.84672,3695.15,0,36.966,0.42336,4.05356,1.55647,13.1536,1.0041,17.3362,0.42336,36.966,0.42336,423.524,0,1.02816,0,0,5.08172,4.05356,1.028160,1,0,131.577,0,0,0,131.577,0
72.29,1.7885,0,0,7.9277,0.297424,5.84178,3.6288,61.308,0.439246,0,0,1.59225,0.275266,0.877736,0.66528,12.849,1,0.317892,5.84178,0,151.324,4.7298,152.118,0.84672,12.849,0.84672,3695.15,0,36.966,0.42336,1.32912,1.55718,15.6517,1.17634,16.9383,0.42336,36.966,0.42336,423.524,0,1.02816,0,0,2.35728,1.32912,1.028160,1,0,169.934,0,0,0,169.934,0
72.29,1.78945,0,0,4.84975,0.302462,2.75784,3.6288,61.308,0.4399,0,0,1.29867,0.279861,0.578909,0.66528,12.849,1,0.318062,2.75784,0,99.3349,4.80585,96.9689,0.84672,12.849,0.84672,3695.15,0,36.966,0.42336,0.83554,1.60779,9.12012,1.20505,9.93505,0.42336,36.966,0.42336,423.524,0,1.02816,0,0,1.8637,0.83554,1.028160,1,0,107.483,0,0,0,107.483,0
72.29,1.79041,0,0,2.91197,0.302462,0.819094,3.6288,61.308,0.440553,0,0,1.48818,0.279861,0.767766,0.66528,12.849,1,0.318232,0.819094,0,68.6051,4.80585,64.3001,0.84672,12.849,0.84672,3695.15,0,36.966,0.42336,1.00575,1.60851,4.94581,1.20505,5.93166,0.42336,36.966,0.42336,423.524,0,1.02816,0,0,2.03391,1.00575,1.028160,1,0,70.9995,0,0,0,70.9995,0
72.29,1.79137,0,0,10.1044,0.286383,8.02664,3.6288,61.308,0.441206,0,0,3.83619,0.270226,3.12476,0.66528,12.849,1,0.318402,8.02664,0,196.982,4.23639,200.454,0.84672,12.849,0.84672,3695.15,0,36.966,0.42336,4.47915,1.60922,20.3855,1.08839,24.9621,0.42336,36.966,0.42336,423.524,0,1.02816,0,0,5.50731,4.47915,1.028160,1,0,228.541,0,0,0,228.541,0
72.29,1.94616,0,0,8.17989,0.298849,5.93488,3.6288,61.308,0.575716,0,0,3.11095,0.245643,2.28959,0.66528,12.849,1,0.345915,5.93488,0,168.249,4.01378,169.825,0.84672,12.849,0.84672,3695.15,0,36.966,0.42336,2.80395,1.60994,15.299,1.03785,18.2517,0.42336,36.966,0.42336,423.524,0,1.02816,0,0,3.83211,2.80395,1.028160,1,0,190.366,0,0,0,190.366,0
72.29,1.94718,0,0,9.15624,0.345133,6.86392,3.6288,61.308,0.576429,0,0,4.24624,0.204465,3.46535,0.66528,12.849,1,0.346097,6.86392,0,220.507,3.9859,223.039,0.84672,12.849,0.84672,3695.15,0,36.966,0.42336,3.67684,1.74803,18.5441,1.01687,22.5288,0.42336,36.966,0.42336,423.524,0,1.02816,0,0,4.705,3.67684,1.028160,1,0,249.034,0,0,0,249.034,0
72.29,1.94821,0,0,8.1813,0.345133,5.88796,3.6288,61.308,0.577142,0,0,3.50184,0.204465,2.72024,0.66528,12.849,1,0.346279,5.88796,0,185.397,3.9859,186.953,0.84672,12.849,0.84672,3695.15,0,36.966,0.42336,2.98854,1.7488,15.4086,1.01687,18.7057,0.42336,36.966,0.42336,423.524,0,1.02816,0,0,4.0167,2.98854,1.028160,1,0,208.379,0,0,0,208.379,0
72.29,1.94923,0,0,12.1916,0.342536,9.89987,3.6288,61.308,0.577856,0,0,5.35792,0.209998,4.57007,0.66528,12.849,1,0.346462,9.89987,0,257.767,4.11695,263.204,0.84672,12.849,0.84672,3695.15,0,36.966,0.42336,5.06828,1.74958,25.7555,1.05787,31.0921,0.42336,36.966,0.42336,423.524,0,1.02816,0,0,6.09644,5.06828,1.028160,1,0,298.866,0,0,0,298.866,0
72.29,1.70652,0,0,13.0465,0.340495,10.9995,3.6288,61.308,0.385256,0,0,8.05672,0.203469,7.468,0.66528,12.849,1,0.30332,10.9995,0,232.08,4.10997,238.666,0.84672,12.849,0.84672,3695.15,0,36.966,0.42336,7.88409,1.75036,40.9936,1.07427,49.1304,0.42336,36.966,0.42336,423.524,0,1.02816,0,0,8.91225,7.88409,1.028160,1,0,295.265,0,0,0,295.265,0
72.29,1.70743,0,0,7.90923,0.358551,5.84324,3.6288,61.308,0.385884,0,0,4.58173,0.150503,4.04534,0.66528,12.849,1,0.303484,5.84324,0,229.605,3.05235,232.093,0.84672,12.849,0.84672,3695.15,0,36.966,0.42336,4.71828,1.54799,22.7859,0.768182,27.8606,0.42336,36.966,0.42336,423.524,0,1.02816,0,0,5.74644,4.71828,1.028160,1,0,263.999,0,0,0,263.999,0
72.29,1.70835,0,0,7.47813,0.358551,5.41122,3.6288,61.308,0.386513,0,0,3.68296,0.150503,3.14594,0.66528,12.849,1,0.303647,5.41122,0,233.652,3.05235,235.708,0.84672,12.849,0.84672,3695.15,0,36.966,0.42336,3.92996,1.54867,18.8503,0.768182,23.1374,0.42336,36.966,0.42336,423.524,0,1.02816,0,0,4.95812,3.92996,1.028160,1,0,261.991,0,0,0,261.991,0
72.29,1.70927,0,0,5.50446,0.326424,3.46876,3.6288,61.308,0.387141,0,0,2.51141,0.17408,1.95019,0.66528,12.849,1,0.30381,3.46876,0,165.042,3.28932,164.918,0.84672,12.849,0.84672,3695.15,0,36.966,0.42336,2.14259,1.54936,14.1183,0.857308,16.5296,0.42336,36.966,0.42336,423.524,0,1.02816,0,0,3.17075,2.14259,1.028160,1,0,183.398,0,0,0,183.398,0
72.29,1.71019,0,0,4.95621,0.242154,3.00387,3.6288,61.308,0.38777,0,0,2.44319,0.196206,1.85922,0.66528,12.849,1,0.303973,3.00387,0,144.547,4.02192,143.225,0.84672,12.849,0.84672,3695.15,0,36.966,0.42336,1.52448,1.55005,11.7894,1.05706,13.3835,0.42336,36.966,0.42336,423.524,0,1.02816,0,0,2.55264,1.52448,1.028160,1,0,158.468,0,0,0,158.468,0
72.29,1.78676,0,0,9.72043,0.307523,7.62615,3.6288,61.308,0.445371,0,0,8.98896,0.152731,8.39086,0.66528,12.849,1,0.317584,7.62615,0,241.838,3.76362,245.383,0.84672,12.849,0.84672,3695.15,0,36.966,0.42336,5.44024,1.55074,26.1486,0.798205,31.918,0.42336,36.966,0.42336,423.524,0,1.02816,0,0,6.4684,5.44024,1.028160,1,0,285.692,0,0,0,285.692,0
72.29,1.78772,0,0,8.44534,0.307523,6.3501,3.6288,61.308,0.446025,0,0,8.98549,0.152731,8.38673,0.66528,12.849,1,0.317753,6.3501,0,263.837,3.76362,266.106,0.84672,12.849,0.84672,3695.15,0,36.966,0.42336,6.07941,1.61214,25.4433,0.798205,31.9133,0.42336,36.966,0.42336,423.524,0,1.02816,0,0,7.10757,6.07941,1.028160,1,0,306.406,0,0,0,306.406,0
72.29,1.78867,0,0,8.0193,0.280739,5.94989,3.6288,61.308,0.44668,0,0,4.19513,0.167004,3.58145,0.66528,12.849,1,0.317922,5.94989,0,199.111,3.93813,200.805,0.84672,12.849,0.84672,3695.15,0,36.966,0.42336,3.10524,1.61286,21.0328,0.832556,24.495,0.42336,36.966,0.42336,423.524,0,1.02816,0,0,4.1334,3.10524,1.028160,1,0,228.882,0,0,0,228.882,0
72.29,1.78962,0,0,8.09361,0.260229,6.04375,3.6288,61.308,0.447334,0,0,4.48586,0.160735,3.87779,0.66528,12.849,1,0.318092,6.04375,0,212.167,3.64108,214.252,0.84672,12.849,0.84672,3695.15,0,36.966,0.42336,3.5497,1.61357,21.5592,0.8894,25.4097,0.42336,36.966,0.42336,423.524,0,1.02816,0,0,4.57786,3.5497,1.028160,1,0,243.539,0,0,0,243.539,0
72.29,1.76094,0,0,5.59616,0.242321,3.5929,3.6288,61.308,0.425822,0,0,2.67983,0.198368,2.05564,0.66528,12.849,1,0.312994,3.5929,0,146.612,3.95179,145.94,0.84672,12.849,0.84672,3695.15,0,36.966,0.42336,2.6466,1.61429,14.0571,0.982314,16.9123,0.42336,36.966,0.42336,423.524,0,1.02816,0,0,3.67476,2.6466,1.028160,1,0,164.908,0,0,0,164.908,0
72.29,1.76188,0,0,4.81731,0.232725,2.8227,3.6288,61.308,0.426467,0,0,2.2977,0.217469,1.65376,0.66528,12.849,1,0.313161,2.8227,0,120.107,4.16083,118.456,0.84672,12.849,0.84672,3695.15,0,36.966,0.42336,2.51393,1.59134,12.3648,1.01771,15.029,0.42336,36.966,0.42336,423.524,0,1.02816,0,0,3.54209,2.51393,1.028160,1,0,135.139,0,0,0,135.139,0
72.29,1.76282,0,0,4.57607,0.232725,2.58052,3.6288,61.308,0.427112,0,0,2.11391,0.217469,1.46933,0.66528,12.849,1,0.313329,2.58052,0,108.67,4.16083,106.776,0.84672,12.849,0.84672,3695.15,0,36.966,0.42336,2.30036,1.59205,11.5785,1.01771,14.0298,0.42336,36.966,0.42336,423.524,0,1.02816,0,0,3.32852,2.30036,1.028160,1,0,122.275,0,0,0,122.275,0
72.29,1.76377,0,0,4.25314,0.242736,2.24663,3.6288,61.308,0.427757,0,0,2.13543,0.207618,1.50005,0.66528,12.849,1,0.313496,2.24663,0,103.062,3.51343,101.482,0.84672,12.849,0.84672,3695.15,0,36.966,0.42336,2.28557,1.59275,10.8369,0.834916,13.4569,0.42336,36.966,0.42336,423.524,0,1.02816,0,0,3.31373,2.28557,1.028160,1,0,116.439,0,0,0,116.439,0
72.29,1.81267,0,0,4.10199,0.186969,2.10235,3.6288,61.308,0.470717,0,0,1.97858,0.235902,1.27196,0.66528,12.849,1,0.322188,2.10235,0,94.3428,3.83401,92.2889,0.84672,12.849,0.84672,3695.15,0,36.966,0.42336,2.06027,1.59346,10.1244,0.867737,12.4871,0.42336,36.966,0.42336,423.524,0,1.02816,0,0,3.08843,2.06027,1.028160,1,0,106.048,0,0,0,106.048,0
72.29,1.81363,0,0,3.74905,0.175308,1.76011,3.6288,61.308,0.471381,0,0,1.49542,0.252851,0.771188,0.66528,12.849,1,0.32236,1.76011,0,86.7439,4.45536,83.7263,0.84672,12.849,0.84672,3695.15,0,36.966,0.42336,1.33118,1.63744,9.13611,0.952939,10.7284,0.42336,36.966,0.42336,423.524,0,1.02816,0,0,2.35934,1.33118,1.028160,1,0,95.2259,0,0,0,95.2259,0
72.29,1.8146,0,0,3.52212,0.175308,1.53222,3.6288,61.308,0.472046,0,0,1.48149,0.252851,0.756595,0.66528,12.849,1,0.322531,1.53222,0,76.1184,4.45536,72.8727,0.84672,12.849,0.84672,3695.15,0,36.966,0.42336,1.52219,1.63817,8.31954,0.952939,10.1036,0.42336,36.966,0.42336,423.524,0,1.02816,0,0,2.55035,1.52219,1.028160,1,0,83.7329,0,0,0,83.7329,0
72.29,1.81556,0,0,3.38264,0.175308,1.39177,3.6288,61.308,0.472711,0,0,1.4376,0.252851,0.71204,0.66528,12.849,1,0.322702,1.39177,0,68.4789,4.45536,65.0926,0.84672,12.849,0.84672,3695.15,0,36.966,0.42336,1.51008,1.63889,7.7582,0.952939,9.53088,0.42336,36.966,0.42336,423.524,0,1.02816,0,0,2.53824,1.51008,1.028160,1,0,75.3355,0,0,0,75.3355,0
72.29,1.81652,0,0,3.19239,0.154149,1.22172,3.6288,61.308,0.473376,0,0,1.31158,0.282324,0.555878,0.66528,12.849,1,0.322873,1.22172,0,65.3996,4.48701,61.8115,0.84672,12.849,0.84672,3695.15,0,36.966,0.42336,1.40706,1.63962,7.49494,1.05058,9.06768,0.42336,36.966,0.42336,423.524,0,1.02816,0,0,2.43522,1.40706,1.028160,1,0,71.435,0,0,0,71.435,0
72.29,1.79799,0,0,3.72655,0.140334,1.78823,3.6288,61.308,0.516389,0,0,1.75188,0.260055,0.975437,0.66528,12.849,1,0.319579,1.78823,0,70.9266,5.11759,67.2777,0.84672,12.849,0.84672,3695.15,0,36.966,0.42336,1.79702,1.64035,7.5975,1.109,9.5025,0.42336,36.966,0.42336,423.524,0,1.02816,0,0,2.82518,1.79702,1.028160,1,0,77.7556,0,0,0,77.7556,0
72.29,1.79894,0,0,3.51137,0.110712,1.60171,3.6288,61.308,0.517073,0,0,1.62496,0.301317,0.806569,0.66528,12.849,1,0.319749,1.60171,0,67.5924,5.16191,63.7125,0.84672,12.849,0.84672,3695.15,0,36.966,0.42336,1.6941,1.66949,7.6553,1.2457,9.34983,0.42336,36.966,0.42336,423.524,0,1.02816,0,0,2.72226,1.6941,1.028160,1,0,73.8689,0,0,0,73.8689,0
72.29,1.7999,0,0,3.33847,0.110712,1.42786,3.6288,61.308,0.517757,0,0,1.54554,0.301317,0.726466,0.66528,12.849,1,0.319919,1.42786,0,61.5674,5.16191,57.5135,0.84672,12.849,0.84672,3695.15,0,36.966,0.42336,1.60065,1.67023,7.31359,1.2457,8.91541,0.42336,36.966,0.42336,423.524,0,1.02816,0,0,2.62881,1.60065,1.028160,1,0,67.1553,0,0,0,67.1553,0
72.29,1.80086,0,0,3.0926,0.110712,1.18103,3.6288,61.308,0.518441,0,0,1.36399,0.301317,0.54423,0.66528,12.849,1,0.320088,1.18103,0,57.8214,5.16191,53.5204,0.84672,12.849,0.84672,3695.15,0,36.966,0.42336,1.47659,1.67097,6.89662,1.2457,8.37512,0.42336,36.966,0.42336,423.524,0,1.02816,0,0,2.50475,1.47659,1.028160,1,0,62.4398,0,0,0,62.4398,0
72.29,1.85225,0,0,2.81761,0.107765,0.857591,3.6288,61.308,0.556934,0,0,1.15508,0.305394,0.292753,0.66528,12.849,1,0.329224,0.857591,0,52.7523,5.48753,47.7931,0.84672,12.849,0.84672,3695.15,0,36.966,0.42336,1.19346,1.67171,5.58929,1.33857,6.69253,0.42336,36.966,0.42336,423.524,0,1.02816,0,0,2.22162,1.19346,1.028160,1,0,54.7784,0,0,0,54.7784,0
72.29,1.85323,0,0,2.58396,0.105554,0.62518,3.6288,61.308,0.557636,0,0,1.00778,0.308451,0.141691,0.66528,12.849,1,0.329398,0.62518,0,48.4999,5.73174,43.0639,0.84672,12.849,0.84672,3695.15,0,36.966,0.42336,0.941242,1.71279,4.32898,1.40823,5.15142,0.42336,36.966,0.42336,423.524,0,1.02816,0,0,1.9694,0.941242,1.028160,1,0,48.357,0,0,0,48.357,0
72.29,1.85421,0,0,2.35263,0.105554,0.392865,3.6288,61.308,0.558337,0,0,0.956742,0.308451,0.0899532,0.66528,12.849,1,0.329572,0.392865,0,44.2009,5.73174,38.5325,0.84672,12.849,0.84672,3695.15,0,36.966,0.42336,0.638202,1.71355,4.03797,1.40823,4.55813,0.42336,36.966,0.42336,423.524,0,1.02816,0,0,1.66636,0.638202,1.028160,1,0,43.1806,0,0,0,43.1806,0
72.29,1.85519,0,0,2.76209,0.0929529,0.813946,3.6288,61.308,0.559039,0,0,1.19521,0.29787,0.338305,0.66528,12.849,1,0.329746,0.813946,0,46.2044,5.90659,40.782,0.84672,12.849,0.84672,3695.15,0,36.966,0.42336,1.38682,1.71431,6.13374,1.45608,7.35544,0.42336,36.966,0.42336,423.524,0,1.02816,0,0,2.41498,1.38682,1.028160,1,0,48.4757,0,0,0,48.4757,0
72.29,2.00414,0,0,2.55289,0.0901683,0.458578,3.6288,61.308,0.66528,0,0,1.0456,0.284558,0.0957573,0.66528,12.849,1,0.356221,0.458578,0,45.5433,5.98635,39.6593,0.84672,12.849,0.84672,3695.15,0,36.966,0.42336,1.12586,1.71506,4.61361,1.48928,5.5419,0.42336,36.966,0.42336,423.524,0,1.02816,0,0,2.15402,1.12586,1.028160,1,0,45.297,0,0,0,45.297,0
72.29,2.00519,0,0,2.52889,0.105633,0.418075,3.6288,61.308,0.66528,0,0,1.05339,0.325596,0.062513,0.66528,12.849,1,0.356407,0.418075,0,41.3044,6.11289,35.2532,0.84672,12.849,0.84672,3695.15,0,36.966,0.42336,1.17169,1.83002,3.67633,1.5149,4.73978,0.42336,36.966,0.42336,423.524,0,1.02816,0,0,2.19985,1.17169,1.028160,1,0,40.0555,0,0,0,40.0555,0
71.8978,2.00623,0,0,2.08251,0.105633,0.36288,3.6288,61.234,0.66528,0,0,0.916851,0.325596,0,0.66528,12.849,1,0.356592,0.36288,0,51.2769,6.11289,45.1703,0.84672,12.849,0.84672,3695.15,0,36.966,0.42336,0.915641,1.83025,3.27987,1.5149,4.0875,0.42336,36.966,0.42336,423.524,0,1.02816,0,0,1.9438,0.915641,1.028160,1,0,49.2578,0,0,0,49.2578,0
71.7277,2.00562,0,0,2.30379,0.105319,0.36288,3.6288,61.308,0.66528,0,0,1.25946,0.325443,0.194713,0.66528,12.849,1,0.358429,0.36288,0,43.9631,6.11289,37.8546,0.84672,12.849,0.84672,3695.15,0,36.966,0.42336,1.51643,1.83048,3.91952,1.5149,5.32817,0.42336,36.966,0.42336,423.524,0,1.02816,0,0,2.54459,1.51643,1.028160,1,0,43.3775,0,0,0,43.3775,0
71.3908,2.00595,0,0,2.13965,0.107707,0.36288,3.6288,61.308,0.66528,0,0,1.01231,0.311806,0.0352192,0.66528,12.849,1,0.359337,0.36288,0,42.1781,5.7432,36.4384,0.84672,12.849,0.84672,3695.15,0,36.966,0.42336,1.31484,1.83071,4.45311,1.37099,5.80431,0.42336,36.966,0.42336,423.524,0,1.02816,0,0,2.343,1.31484,1.028160,1,0,42.2779,0,0,0,42.2779,0
71.0848,1.93342,0,0,2.07739,0.087176,0.36288,3.6288,61.2263,0.617104,0,0,0.859758,0.324357,0,0.66528,12.849,1,0.347978,0.36288,0,38.0131,6.08788,31.9401,0.84672,12.849,0.84672,3695.15,0,36.966,0.42336,1.36757,1.83094,4.98871,1.45054,6.31333,0.42336,36.966,0.42336,423.524,0,1.02816,0,0,2.39573,1.36757,1.028160,1,0,38.2534,0,0,0,38.2534,0
70.7777,1.93316,0,0,2.12089,0.131934,0.36288,3.6288,61.1228,0.617831,0,0,0.811823,0.297537,0,0.66528,12.849,1,0.34943,0.36288,0,31.3251,6.02329,25.3153,0.84672,12.849,0.84672,3695.15,0,36.966,0.42336,1.21273,1.778,4.26656,1.42893,5.405,0.42336,36.966,0.42336,423.524,0,1.02816,0,0,2.24089,1.21273,1.028160,1,0,30.7203,0,0,0,30.7203,0
71.5114,1.93289,0,0,3.18084,0.151328,0.36288,3.6288,61.155,0.618558,0,0,0.934347,0.283556,0,0.66528,12.849,1,0.350897,0.36288,0,38.1495,5.91287,32.2486,0.84672,12.849,0.84672,3695.15,0,36.966,0.42336,1.76013,1.77879,4.53811,1.391,6.26266,0.42336,36.966,0.42336,423.524,0,1.02816,0,0,2.78829,1.76013,1.028160,1,0,38.5113,0,0,0,38.5113,0
72.29,1.93695,0,0,4.29468,0.152181,1.42697,3.6288,61.308,0.619285,0,0,1.50985,0.283614,0.453934,0.66528,12.849,1,0.348027,1.42697,0,76.1288,5.91287,71.2949,0.84672,12.849,0.84672,3695.15,0,36.966,0.42336,3.5055,1.77957,7.14854,1.391,10.6192,0.42336,36.966,0.42336,423.524,0,1.02816,0,0,4.53366,3.5055,1.028160,1,0,82.368,0,0,0,82.368,0
72.29,1.88172,0,0,2.56966,0.183311,0.504626,3.6288,61.308,0.54418,0,0,1.03905,0.235986,0.25889,0.66528,12.849,1,0.334462,0.504626,0,57.1036,5.16231,52.1114,0.84672,12.849,0.84672,3695.15,0,36.966,0.42336,1.58395,1.78036,4.12753,1.2439,5.82457,0.42336,36.966,0.42336,423.524,0,1.02816,0,0,2.61211,1.58395,1.028160,1,0,58.1949,0,0,0,58.1949,0
72.29,1.88271,0,0,2.92298,0.223612,0.816659,3.6288,61.308,0.544874,0,0,1.42875,0.172115,0.711759,0.66528,12.849,1,0.334637,0.816659,0,43.3382,4.16157,39.6587,0.84672,12.849,0.84672,3695.15,0,36.966,0.42336,1.97272,1.70944,6.27832,1.04776,8.48935,0.42336,36.966,0.42336,423.524,0,1.02816,0,0,3.00088,1.97272,1.028160,1,0,48.8598,0,0,0,48.8598,0
71.7611,1.8837,0,0,1.94128,0.223612,0.36288,3.6288,61.308,0.545568,0,0,1.37971,0.172115,0.66203,0.66528,12.849,1,0.334813,0.36288,0,26.6737,4.16157,22.5402,0.84672,12.849,0.84672,3695.15,0,36.966,0.42336,2.06464,1.71019,4.67606,1.04776,6.97977,0.42336,36.966,0.42336,423.524,0,1.02816,0,0,3.0928,2.06464,1.028160,1,0,30.182,0,0,0,30.182,0
72.0824,1.88259,0,0,2.84257,0.275822,0.36288,3.6288,61.308,0.546262,0,0,1.09016,0.189361,0.354532,0.66528,12.849,1,0.337083,0.36288,0,52.0415,4.45152,47.6158,0.84672,12.849,0.84672,3695.15,0,36.966,0.42336,1.34523,1.71095,8.59634,1.11546,10.1137,0.42336,36.966,0.42336,423.524,0,1.02816,0,0,2.37339,1.34523,1.028160,1,0,58.084,0,0,0,58.084,0
72.29,1.76629,0,0,6.23888,0.297986,3.96697,3.6288,61.308,0.423184,0,0,1.68371,0.200527,1.06,0.66528,12.849,1,0.314849,3.96697,0,105.935,4.49091,105.096,0.84672,12.849,0.84672,3695.15,0,36.966,0.42336,3.47889,1.7117,8.84922,1.13198,12.4845,0.42336,36.966,0.42336,423.524,0,1.02816,0,0,4.50705,3.47889,1.028160,1,0,118.641,0,0,0,118.641,0
72.29,1.768,0,0,5.30573,0.299623,3.23811,3.6288,61.308,0.423824,0,0,3.03554,0.226135,2.38558,0.66528,12.849,1,0.314248,3.23811,0,85.1187,4.03137,84.0112,0.84672,12.849,0.84672,3695.15,0,36.966,0.42336,4.44158,1.59065,13.6868,1.06868,18.227,0.42336,36.966,0.42336,423.524,0,1.02816,0,0,5.46974,4.44158,1.028160,1,0,104.624,0,0,0,104.624,0
72.29,1.76893,0,0,5.7442,0.299623,3.67564,3.6288,61.308,0.424464,0,0,2.83997,0.226135,2.18937,0.66528,12.849,1,0.314415,3.67564,0,130.778,4.03137,130.107,0.84672,12.849,0.84672,3695.15,0,36.966,0.42336,3.95534,1.59135,15.6404,1.06868,19.695,0.42336,36.966,0.42336,423.524,0,1.02816,0,0,4.9835,3.95534,1.028160,1,0,151.992,0,0,0,151.992,0
72.29,1.76987,0,0,4.89338,0.307306,2.81621,3.6288,61.308,0.425104,0,0,2.33105,0.195875,1.71008,0.66528,12.849,1,0.314581,2.81621,0,181.164,3.70137,179.965,0.84672,12.849,0.84672,3695.15,0,36.966,0.42336,2.96987,1.59205,9.24687,0.979209,12.4062,0.42336,36.966,0.42336,423.524,0,1.02816,0,0,3.99803,2.96987,1.028160,1,0,194.081,0,0,0,194.081,0
72.29,1.77081,0,0,5.14305,0.29631,3.07593,3.6288,61.308,0.425745,0,0,2.40083,0.197625,1.77746,0.66528,12.849,1,0.314748,3.07593,0,123.683,3.57042,122.874,0.84672,12.849,0.84672,3695.15,0,36.966,0.42336,3.30912,1.59276,9.39488,1.06893,12.8045,0.42336,36.966,0.42336,423.524,0,1.02816,0,0,4.33728,3.30912,1.028160,1,0,137.456,0,0,0,137.456,0
72.29,1.83849,0,0,4.95969,0.272321,2.84888,3.6288,61.308,0.473401,0,0,1.70128,0.202717,1.02516,0.66528,12.849,1,0.326778,2.84888,0,86.2885,3.43227,85.3784,0.84672,12.849,0.84672,3695.15,0,36.966,0.42336,1.96014,1.59346,8.14737,0.795461,10.4822,0.42336,36.966,0.42336,423.524,0,1.02816,0,0,2.9883,1.96014,1.028160,1,0,96.8857,0,0,0,96.8857,0
72.29,1.83943,0,0,6.32687,0.262725,4.22472,3.6288,61.308,0.474041,0,0,2.2707,0.204754,1.59191,0.66528,12.849,1,0.326944,4.22472,0,102.7,3.37701,103.221,0.84672,12.849,0.84672,3695.15,0,36.966,0.42336,2.39833,1.64522,11.0326,0.686074,13.9667,0.42336,36.966,0.42336,423.524,0,1.02816,0,0,3.42649,2.39833,1.028160,1,0,118.78,0,0,0,118.78,0
72.29,1.84036,0,0,6.13932,0.262725,4.03623,3.6288,61.308,0.474681,0,0,1.66526,0.204754,0.98583,0.66528,12.849,1,0.327111,4.03623,0,121.107,3.37701,121.439,0.84672,12.849,0.84672,3695.15,0,36.966,0.42336,2.00049,1.64592,9.3102,0.686074,11.8472,0.42336,36.966,0.42336,423.524,0,1.02816,0,0,3.02865,2.00049,1.028160,1,0,134.272,0,0,0,134.272,0
72.29,1.8413,0,0,5.07685,0.280497,2.95505,3.6288,61.308,0.475321,0,0,1.35514,0.234397,0.645423,0.66528,12.849,1,0.327277,2.95505,0,118.154,3.86756,116.914,0.84672,12.849,0.84672,3695.15,0,36.966,0.42336,1.11718,1.64662,8.50375,0.906327,9.93786,0.42336,36.966,0.42336,423.524,0,1.02816,0,0,2.14534,1.11718,1.028160,1,0,127.497,0,0,0,127.497,0
72.29,1.99964,0,0,6.09654,0.310176,3.78672,3.6288,61.308,0.612922,0,0,1.61133,0.234749,0.763663,0.66528,12.849,1,0.355421,3.78672,0,126.992,3.99736,126.426,0.84672,12.849,0.84672,3695.15,0,36.966,0.42336,1.80204,1.64732,12.2116,1.04125,14.1964,0.42336,36.966,0.42336,423.524,0,1.02816,0,0,2.8302,1.80204,1.028160,1,0,141.386,0,0,0,141.386,0
72.29,2.00065,0,0,6.70164,0.313094,4.3879,3.6288,61.308,0.61362,0,0,2.00685,0.176067,1.21716,0.66528,12.849,1,0.3556,4.3879,0,108.893,3.15452,109.77,0.84672,12.849,0.84672,3695.15,0,36.966,0.42336,1.87369,1.78858,12.1116,0.824859,14.5257,0.42336,36.966,0.42336,423.524,0,1.02816,0,0,2.90185,1.87369,1.028160,1,0,125.513,0,0,0,125.513,0
72.29,2.00165,0,0,5.73584,0.305302,3.42888,3.6288,61.308,0.614319,0,0,1.89083,0.192666,1.08384,0.66528,12.849,1,0.355778,3.42888,0,130.943,3.54764,130.468,0.84672,12.849,0.84672,3695.15,0,36.966,0.42336,2.07426,1.78934,12.8015,0.947847,15.2939,0.42336,36.966,0.42336,423.524,0,1.02816,0,0,3.10242,2.07426,1.028160,1,0,146.846,0,0,0,146.846,0
72.29,2.00266,0,0,4.70215,0.294522,2.40497,3.6288,61.308,0.615018,0,0,1.54533,0.203258,0.727057,0.66528,12.849,1,0.355957,2.40497,0,126.115,3.76682,124.397,0.84672,12.849,0.84672,3695.15,0,36.966,0.42336,1.3156,1.7901,10.4466,0.989254,12.1397,0.42336,36.966,0.42336,423.524,0,1.02816,0,0,2.34376,1.3156,1.028160,1,0,137.264,0,0,0,137.264,0
72.29,1.75428,0,0,5.29196,0.304373,3.2333,3.6288,61.308,0.417934,0,0,1.63404,0.193953,1.02215,0.66528,12.849,1,0.31181,3.2333,0,102.057,3.55416,101.425,0.84672,12.849,0.84672,3695.15,0,36.966,0.42336,1.64861,1.79086,9.31617,0.929049,11.4032,0.42336,36.966,0.42336,423.524,0,1.02816,0,0,2.67677,1.64861,1.028160,1,0,113.85,0,0,0,113.85,0
72.29,1.75518,0,0,5.65523,0.329738,3.57032,3.6288,61.308,0.41855,0,0,2.31061,0.192323,1.69974,0.66528,12.849,1,0.31197,3.57032,0,160.645,3.59436,160.309,0.84672,12.849,0.84672,3695.15,0,36.966,0.42336,2.28341,1.58378,9.4862,1.00837,11.9217,0.42336,36.966,0.42336,423.524,0,1.02816,0,0,3.31157,2.28341,1.028160,1,0,173.931,0,0,0,173.931,0
72.29,1.75608,0,0,6.29044,0.318409,4.21595,3.6288,61.308,0.419165,0,0,2.24982,0.186306,1.64435,0.66528,12.849,1,0.31213,4.21595,0,168.946,3.50717,169.342,0.84672,12.849,0.84672,3695.15,0,36.966,0.42336,2.87044,1.58445,12.7789,0.995841,15.8146,0.42336,36.966,0.42336,423.524,0,1.02816,0,0,3.8986,2.87044,1.028160,1,0,186.801,0,0,0,186.801,0
72.29,1.75698,0,0,5.51491,0.272138,3.48579,3.6288,61.308,0.41978,0,0,1.90487,0.153943,1.33115,0.66528,12.849,1,0.31229,3.48579,0,155.694,3.16937,155.698,0.84672,12.849,0.84672,3695.15,0,36.966,0.42336,2.33341,1.58512,10.9008,0.945615,13.4504,0.42336,36.966,0.42336,423.524,0,1.02816,0,0,3.36157,2.33341,1.028160,1,0,170.479,0,0,0,170.479,0
72.29,1.75788,0,0,4.72141,0.326381,2.63715,3.6288,61.308,0.420396,0,0,1.63291,0.163277,1.04923,0.66528,12.849,1,0.31245,2.63715,0,135.852,3.63279,134.544,0.84672,12.849,0.84672,3695.15,0,36.966,0.42336,1.58331,1.5858,8.12661,1.00793,9.86443,0.42336,36.966,0.42336,423.524,0,1.02816,0,0,2.61147,1.58331,1.028160,1,0,145.457,0,0,0,145.457,0
72.29,1.83618,0,0,3.86121,0.293669,1.73136,3.6288,61.308,0.479296,0,0,1.71696,0.15887,1.07879,0.66528,12.849,1,0.326366,1.73136,0,109.003,4.21284,106.195,0.84672,12.849,0.84672,3695.15,0,36.966,0.42336,2.39858,1.58647,7.96591,1.19659,10.331,0.42336,36.966,0.42336,423.524,0,1.02816,0,0,3.42674,2.39858,1.028160,1,0,117.605,0,0,0,117.605,0
72.29,1.83711,0,0,3.28994,0.288217,1.16461,3.6288,61.308,0.479937,0,0,1.58207,0.158136,0.943998,0.66528,12.849,1,0.326532,1.16461,0,93.2567,4.30951,89.7853,0.84672,12.849,0.84672,3695.15,0,36.966,0.42336,1.54534,1.64926,8.53364,1.22804,10.0768,0.42336,36.966,0.42336,423.524,0,1.02816,0,0,2.5735,1.54534,1.028160,1,0,100.806,0,0,0,100.806,0
72.29,1.83804,0,0,2.82287,0.272168,0.712659,3.6288,61.308,0.480578,0,0,1.33924,0.177601,0.681065,0.66528,12.849,1,0.326698,0.712659,0,88.2239,4.82717,83.7827,0.84672,12.849,0.84672,3695.15,0,36.966,0.42336,1.72432,1.64996,8.49079,1.26575,10.176,0.42336,36.966,0.42336,423.524,0,1.02816,0,0,2.75248,1.72432,1.028160,1,0,94.6397,0,0,0,94.6397,0
72.29,1.83898,0,0,3.37697,0.265748,1.27225,3.6288,61.308,0.481219,0,0,1.5455,0.185387,0.878892,0.66528,12.849,1,0.326864,1.27225,0,84.3765,5.03423,80.2877,0.84672,12.849,0.84672,3695.15,0,36.966,0.42336,1.8023,1.65066,10.6562,1.28083,12.405,0.42336,36.966,0.42336,423.524,0,1.02816,0,0,2.83046,1.8023,1.028160,1,0,93.5716,0,0,0,93.5716,0
72.29,1.8096,0,0,2.95307,0.246853,0.896625,3.6288,61.308,0.459184,0,0,1.38923,0.207325,0.722725,0.66528,12.849,1,0.321642,0.896625,0,79.3109,4.84228,75.0436,0.84672,12.849,0.84672,3695.15,0,36.966,0.42336,1.33448,1.65136,7.35912,1.2426,8.679,0.42336,36.966,0.42336,423.524,0,1.02816,0,0,2.36264,1.33448,1.028160,1,0,84.4453,0,0,0,84.4453,0
72.29,1.81052,0,0,2.68085,0.232681,0.637655,3.6288,61.308,0.459816,0,0,1.38591,0.223779,0.702314,0.66528,12.849,1,0.321806,0.637655,0,67.3514,4.69833,62.9689,0.84672,12.849,0.84672,3695.15,0,36.966,0.42336,1.25134,1.62785,6.58816,1.21394,7.83005,0.42336,36.966,0.42336,423.524,0,1.02816,0,0,2.2795,1.25134,1.028160,1,0,71.5013,0,0,0,71.5013,0
72.29,1.81144,0,0,2.40983,0.232681,0.365705,3.6288,61.308,0.460448,0,0,1.22798,0.223779,0.543751,0.66528,12.849,1,0.32197,0.365705,0,58.1989,4.69833,53.5443,0.84672,12.849,0.84672,3695.15,0,36.966,0.42336,0.994844,1.62855,5.76478,1.21394,6.75087,0.42336,36.966,0.42336,423.524,0,1.02816,0,0,2.023,0.994844,1.028160,1,0,60.8389,0,0,0,60.8389,0
72.1324,1.81236,0,0,2.22439,0.206756,0.36288,3.6288,61.308,0.46108,0,0,1.14965,0.189646,0.498922,0.66528,12.849,1,0.322133,0.36288,0,55.8521,3.99057,51.9022,0.84672,12.849,0.84672,3695.15,0,36.966,0.42336,0.900711,1.62924,5.20586,1.03443,6.27802,0.42336,36.966,0.42336,423.524,0,1.02816,0,0,1.92887,0.900711,1.028160,1,0,58.6792,0,0,0,58.6792,0
71.8932,1.86173,0,0,2.18258,0.197115,0.36288,3.6288,61.308,0.504994,0,0,1.19902,0.189036,0.504986,0.66528,12.849,1,0.331631,0.36288,0,51.8973,3.95295,47.9756,0.84672,12.849,0.84672,3695.15,0,36.966,0.42336,1.24842,1.62993,5.60029,1.02029,7.03499,0.42336,36.966,0.42336,423.524,0,1.02816,0,0,2.27658,1.24842,1.028160,1,0,55.5156,0,0,0,55.5156,0
71.7262,1.86174,0,0,2.22393,0.166344,0.36288,3.6288,61.308,0.505644,0,0,1.19666,0.21951,0.471503,0.66528,12.849,1,0.332736,0.36288,0,53.5667,4.43499,49.1619,0.84672,12.849,0.84672,3695.15,0,36.966,0.42336,1.01719,1.67489,5.19573,1.11495,6.34949,0.42336,36.966,0.42336,423.524,0,1.02816,0,0,2.04535,1.01719,1.028160,1,0,55.9829,0,0,0,55.9829,0
71.3144,1.86202,0,0,1.97919,0.166132,0.36288,3.6288,61.308,0.506295,0,0,1.09792,0.21951,0.372114,0.66528,12.849,1,0.333562,0.36288,0,48.3056,4.43499,43.9,0.84672,12.849,0.84672,3695.15,0,36.966,0.42336,0.83624,1.6756,5.00695,1.11495,5.98047,0.42336,36.966,0.42336,423.524,0,1.02816,0,0,1.8644,0.83624,1.028160,1,0,50.2525,0,0,0,50.2525,0
70.8439,1.86133,0,0,1.86932,0.115597,0.36288,3.6288,61.308,0.506946,0,0,1.05443,0.252562,0.294927,0.66528,12.849,1,0.335363,0.36288,0,43.0553,4.80984,38.273,0.84672,12.849,0.84672,3695.15,0,36.966,0.42336,0.765919,1.67631,4.76862,1.21073,5.57676,0.42336,36.966,0.42336,423.524,0,1.02816,0,0,1.79408,0.765919,1.028160,1,0,44.1446,0,0,0,44.1446,0
70.2635,1.86039,0,0,1.75802,0.115181,0.36288,3.6288,61.308,0.507597,0,0,1.0049,0.252562,0.244742,0.66528,12.849,1,0.337419,0.36288,0,42.4332,4.80984,37.6488,0.84672,12.849,0.84672,3695.15,0,36.966,0.42336,0.635489,1.67702,4.91076,1.21073,5.58918,0.42336,36.966,0.42336,423.524,0,1.02816,0,0,1.66365,0.635489,1.028160,1,0,43.4827,0,0,0,43.4827,0
70.2502,1.83911,0,0,2.29518,0.106399,0.36288,3.6288,61.2918,0.551561,0,0,0.806872,0.271545,0,0.66528,12.849,1,0.336317,0.36288,0,39.9492,5.21007,34.7657,0.84672,12.849,0.84672,3695.15,0,36.966,0.42336,0.60766,1.67773,4.62293,1.27692,5.20804,0.42336,36.966,0.42336,423.524,0,1.02816,0,0,1.63582,0.60766,1.028160,1,0,39.9737,0,0,0,39.9737,0
70.1908,1.83999,0,0,2.2484,0.10501,0.36288,3.6288,61.2083,0.552231,0,0,0.743446,0.27468,0,0.66528,12.849,1,0.33654,0.36288,0,39.8031,5.27678,34.5527,0.84672,12.849,0.84672,3695.15,0,36.966,0.42336,0.487763,1.70751,4.88836,1.28795,5.37232,0.42336,36.966,0.42336,423.524,0,1.02816,0,0,1.51592,0.487763,1.028160,1,0,39.925,0,0,0,39.925,0
69.93,1.84068,0,0,2.04777,0.104962,0.36288,3.6288,61.113,0.552901,0,0,0.732128,0.274535,0,0.66528,12.849,1,0.336952,0.36288,0,38.8776,5.27678,33.6267,0.84672,12.849,0.84672,3695.15,0,36.966,0.42336,0.510788,1.70823,4.71532,1.28795,5.22303,0.42336,36.966,0.42336,423.524,0,1.02816,0,0,1.53895,0.510788,1.028160,1,0,38.8498,0,0,0,38.8498,0
69.4674,1.84055,0,0,1.84556,0.104751,0.36288,3.6288,60.9668,0.553571,0,0,0.681765,0.27437,0,0.66528,12.849,1,0.338185,0.36288,0,36.0337,5.27678,30.7816,0.84672,12.849,0.84672,3695.15,0,36.966,0.42336,0.314833,1.70895,4.48958,1.28795,4.80206,0.42336,36.966,0.42336,423.524,0,1.02816,0,0,1.34299,0.314833,1.028160,1,0,35.5837,0,0,0,35.5837,0
68.8962,1.89085,0,0,1.76521,0.0826611,0.36288,3.6288,60.6538,0.599673,0,0,0.609752,0.323108,0,0.66528,12.849,1,0.34974,0.36288,0,32.3611,5.82516,26.5491,0.84672,12.849,0.84672,3695.15,0,36.966,0.42336,0.261274,1.70968,4.11881,1.49813,4.16827,0.42336,36.966,0.42336,423.524,0,1.02139,0,0,1.28267,0.261274,1.028160,1,0,30.7174,0,0,0,30.7174,0
68.6301,1.88936,0,0,2.06124,0.0751142,0.36288,3.6288,60.4718,0.593595,0,0,0.748246,0.336682,0,0.66528,12.849,1,0.352362,0.36288,0,40.2894,5.89764,34.4022,0.84672,12.849,0.84672,3695.15,0,36.966,0.42336,0.505405,1.75166,4.58507,1.53794,4.88083,0.42336,36.966,0.42336,423.524,0,1.02816,0,0,1.53357,0.505405,1.028160,1,0,39.2831,0,0,0,39.2831,0
68.2006,1.88916,0,0,1.89748,0.0749585,0.36288,3.6288,60.1755,0.594282,0,0,0.634323,0.336293,0,0.66528,12.849,1,0.35369,0.36288,0,33.0936,5.89764,27.2052,0.84672,12.849,0.84672,3695.15,0,36.966,0.42336,0.598398,1.7524,4.43333,1.53794,4.82283,0.42336,36.966,0.42336,423.524,0,1.02816,0,0,1.62656,0.598398,1.028160,1,0,32.028,0,0,0,32.028,0
67.6122,1.88823,0,0,1.73744,0.0747073,0.36288,3.6288,59.8324,0.594969,0,0,0.587533,0.33566,0,0.66528,12.849,1,0.355744,0.36288,0,31.4553,5.89764,25.5648,0.84672,12.849,0.84672,3695.15,0,36.966,0.42336,0.362249,1.75315,3.89685,1.53794,4.05094,0.42336,36.966,0.42336,423.524,0,1.02816,0,0,1.39041,0.362249,1.028160,1,0,29.6157,0,0,0,29.6157,0
66.9838,2.03634,0,0,1.83573,0.0649093,0.36288,3.6288,59.5015,0.66528,0,0,0.674467,0.340059,0,0.66528,12.849,1,0.386985,0.36288,0,30.8501,6.04719,24.7788,0.84672,12.849,0.84672,3695.15,0,36.966,0.42336,0.640362,1.75389,5.15502,1.56782,5.55809,0.42336,36.966,0.42336,423.524,0,1.02816,0,0,1.66852,0.640362,1.028160,1,0,30.3369,0,0,0,30.3369,0
65.5375,2.0343,0,0,1.02312,0.0722134,0.36288,3.6288,58.7279,0.948992,0,0,0.507984,0.332589,0,0.66528,12.849,1,0.390225,0.36288,0,21.1242,6.09,15.0068,0.84672,12.849,0.84672,3695.15,0,36.966,0.42336,0.227405,1.84182,3.5518,1.47192,3.72575,0.42336,36.966,0.42336,423.524,0,0.744448,0,0,0.971853,0.227405,1.028160,1,0,18.7326,0,0,0,18.7326,0
63.9841,2.02811,0,0,0.908911,0.0713877,0.36288,3.6288,57.8716,0.980329,0,0,0.454893,0.330944,0,0.66528,12.849,1,0.397623,0.36288,0,18.8805,6.09,12.7557,0.84672,12.849,0.84672,3695.15,0,36.966,0.42336,0.204422,1.84205,3.46863,1.47192,3.61982,0.42336,36.966,0.42336,423.524,0,0.713111,0,0,0.917533,0.204422,1.028160,1,0,16.3756,0,0,0,16.3756,0
62.5169,2.02108,0,0,0.98725,0.0705008,0.36288,3.6288,57.0292,0.973495,0,0,0.460288,0.329122,0,0.66528,12.849,1,0.405864,0.36288,0,18.0447,6.09,11.9117,0.84672,12.849,0.84672,3695.15,0,36.966,0.42336,0.204422,1.84227,3.68423,1.47192,3.83564,0.42336,36.966,0.42336,423.524,0,0.719945,0,0,0.924368,0.204422,1.028160,1,0,15.7474,0,0,0,15.7474,0
61.5809,2.01418,0,0,1.52488,0.0838034,0.36288,3.6288,56.4689,0.789808,0,0,0.553648,0.3242,0,0.66528,12.849,1,0.413971,0.36288,0,29.1452,6.00094,23.0932,0.84672,12.849,0.84672,3695.15,0,36.966,0.42336,0.204422,1.8425,3.89355,1.46099,4.05611,0.42336,36.966,0.42336,423.524,0,0.903632,0,0,1.10805,0.204422,1.028160,1,0,27.1493,0,0,0,27.1493,0
60.6869,1.93795,0,0,1.51631,0.10947,0.36288,3.6288,55.9548,0.948265,0,0,0.722459,0.288293,0,0.66528,12.849,1,0.404359,0.36288,0,29.1165,5.43445,23.6406,0.84672,12.849,0.84672,3695.15,0,36.966,0.42336,0.204422,1.84272,4.20715,1.29942,4.53152,0.42336,36.966,0.42336,423.524,0,0.734054,0,0,0.938477,0.204422,1.028160,1,0,28.1721,0,0,0,28.1721,0
59.3172,1.934,0,0,1.03886,0.111679,0.36288,3.6288,56.0448,0.654871,0,0,1.02009,0.275141,0,0.66528,12.849,1,0.409479,0.36288,0,24.4097,5.25536,19.1078,0.84672,12.849,0.84672,3695.15,0,36.966,0.42336,0.351095,1.81805,4.45387,1.24062,4.95903,0.42336,36.966,0.42336,423.524,0,1.02816,0,0,1.37926,0.351095,1.028160,1,0,24.0668,0,0,0,24.0668,0
57.8333,1.92719,0,0,0.916445,0.110275,0.36288,3.6288,55.2787,1.06515,0,0,0.57432,0.275303,0,0.66528,12.849,1,0.417459,0.36288,0,25.2848,5.25536,19.9749,0.84672,12.849,0.84672,3695.15,0,36.966,0.42336,0.216518,1.81882,3.34005,1.24062,3.71141,0.42336,36.966,0.42336,423.524,0,0.618589,0,0,0.835108,0.216518,1.028160,1,0,23.6863,0,0,0,23.6863,0
56.22,1.91939,0,0,0.77766,0.1087,0.36288,3.6288,54.3866,1.14173,0,0,0.523518,0.273923,0,0.66528,12.849,1,0.426436,0.36288,0,23.3638,5.25536,18.0449,0.84672,12.849,0.84672,3695.15,0,36.966,0.42336,0.216518,1.81959,3.17822,1.24062,3.55034,0.42336,36.966,0.42336,423.524,0,0.542722,0,0,0.75924,0.216518,1.028160,1,0,21.5952,0,0,0,21.5952,0
55.1899,1.85213,0,0,1.38612,0.201205,0.36288,3.6288,54.1477,0.813884,0,0,0.766369,0.191382,0,0.66528,12.849,1,0.423301,0.36288,0,35.9501,3.9952,31.8945,0.84672,12.849,0.84672,3695.15,0,36.966,0.42336,0.216518,1.82035,4.2189,0.889508,4.94291,0.42336,36.966,0.42336,423.524,0,0.793748,0,0,1.01027,0.216518,1.028160,1,0,36.8374,0,0,0,36.8374,0
54.2194,1.84664,0,0,1.4337,0.194676,0.36288,3.6288,53.9774,0.739788,0,0,0.761176,0.191712,0,0.66528,12.849,1,0.429925,0.36288,0,27.9571,3.75165,24.1384,0.84672,12.849,0.84672,3695.15,0,36.966,0.42336,0.216518,1.74781,3.98004,0.920308,4.6007,0.42336,36.966,0.42336,423.524,0,0.868524,0,0,1.08504,0.216518,1.028160,1,0,28.7391,0,0,0,28.7391,0
53.5073,1.84134,0,0,1.68489,0.192782,0.36288,3.6288,54.4615,0.580831,0,0,1.25646,0.191496,0,0.66528,12.849,1,0.436365,0.36288,0,30.2651,3.75165,26.44,0.84672,12.849,0.84672,3695.15,0,36.966,0.42336,0.998922,1.74855,4.83709,0.920308,6.24089,0.42336,36.966,0.42336,423.524,0,1.02816,0,0,2.02708,0.998922,1.028160,1,0,32.6809,0,0,0,32.6809,0
52.3124,1.83758,0,0,1.21515,0.209524,0.36288,3.6288,54.514,0.581511,0,0,0.832721,0.19871,0,0.66528,12.849,1,0.441269,0.36288,0,27.0666,3.86763,23.1206,0.84672,12.849,0.84672,3695.15,0,36.966,0.42336,0.38643,1.74929,4.9214,0.947385,5.68638,0.42336,36.966,0.42336,423.524,0,1.02816,0,0,1.41459,0.38643,1.028160,1,0,28.807,0,0,0,28.807,0
53.8404,1.71574,0,0,3.85835,0.251749,0.36288,3.6288,55.1053,0.455649,0,0,1.26229,0.215285,0,0.66528,12.849,1,0.421421,0.36288,0,90.4967,4.15758,86.2805,0.84672,12.849,0.84672,3695.15,0,36.966,0.42336,1.34567,1.75003,7.98465,1.01508,9.64191,0.42336,36.966,0.42336,423.524,0,1.02816,0,0,2.37383,1.34567,1.028160,1,0,95.9224,0,0,0,95.9224,0
54.9701,1.72627,0,0,3.44764,0.228772,0.36288,3.6288,55.2017,0.456276,0,0,0.710165,0.157518,0,0.66528,12.849,1,0.411974,0.36288,0,47.6534,3.4798,44.1245,0.84672,12.849,0.84672,3695.15,0,36.966,0.42336,0.446325,1.62623,7.0422,0.894306,7.7971,0.42336,36.966,0.42336,423.524,0,1.02816,0,0,1.47449,0.446325,1.028160,1,0,51.9216,0,0,0,51.9216,0
56.1273,1.73401,0,0,3.48545,0.231398,0.36288,3.6288,55.5874,0.456903,0,0,1.00017,0.157618,0,0.66528,12.849,1,0.405317,0.36288,0,71.1616,3.4798,67.6394,0.84672,12.849,0.84672,3695.15,0,36.966,0.42336,0.902578,1.62692,8.90559,0.894306,10.1174,0.42336,36.966,0.42336,423.524,0,1.02816,0,0,1.93074,0.902578,1.028160,1,0,77.7568,0,0,0,77.7568,0
59.2778,1.74169,0,0,5.48916,0.234089,0.36288,3.6288,56.103,0.45753,0,0,1.13123,0.158018,0,0.66528,12.849,1,0.398718,0.36288,0,80.2147,3.4798,76.6991,0.84672,12.849,0.84672,3695.15,0,36.966,0.42336,0.91508,1.62761,13.4781,0.894306,14.7032,0.42336,36.966,0.42336,423.524,0,1.02816,0,0,1.94324,0.91508,1.028160,1,0,91.4022,0,0,0,91.4022,0
59.8198,1.76,0,0,2.92517,0.260234,0.36288,3.6288,56.45,0.458157,0,0,0.958928,0.153805,0,0.66528,12.849,1,0.381495,0.36288,0,55.4237,3.68326,51.7218,0.84672,12.849,0.84672,3695.15,0,36.966,0.42336,0.595555,1.62829,6.74508,0.862416,7.68316,0.42336,36.966,0.42336,423.524,0,1.02816,0,0,1.62372,0.595555,1.028160,1,0,59.405,0,0,0,59.405,0
61.2113,1.77818,0,0,3.78972,0.257219,0.36288,3.6288,56.6456,0.470419,0,0,0.873875,0.207883,0,0.66528,12.849,1,0.381945,0.36288,0,65.5378,4.08237,61.4363,0.84672,12.849,0.84672,3695.15,0,36.966,0.42336,1.07882,1.62898,7.6972,0.956184,9.02547,0.42336,36.966,0.42336,423.524,0,1.02816,0,0,2.10698,1.07882,1.028160,1,0,70.4618,0,0,0,70.4618,0
64.9383,1.78623,0,0,6.12034,0.244157,0.36288,3.6288,58.015,0.47103,0,0,2.06434,0.223883,0,0.66528,12.849,1,0.374952,0.36288,0,83.643,3.84573,79.7852,0.84672,12.849,0.84672,3695.15,0,36.966,0.42336,1.91367,1.64195,10.9464,0.878194,13.2004,0.42336,36.966,0.42336,423.524,0,1.02816,0,0,2.94183,1.91367,1.028160,1,0,92.9856,0,0,0,92.9856,0
67.6518,1.80507,0,0,5.13308,0.251696,0.36288,3.6288,59.7954,0.47164,0,0,2.4779,0.22588,0,0.66528,12.849,1,0.35716,0.36288,0,84.6295,3.84573,80.7895,0.84672,12.849,0.84672,3695.15,0,36.966,0.42336,2.7189,1.64262,9.67879,0.878194,12.7388,0.42336,36.966,0.42336,423.524,0,1.02816,0,0,3.74706,2.7189,1.028160,1,0,93.5282,0,0,0,93.5282,0
69.3397,1.818,0,0,4.126,0.257184,0.36288,3.6288,61.2532,0.472251,0,0,2.15859,0.228477,0,0.66528,12.849,1,0.34529,0.36288,0,48.9389,3.84573,45.1108,0.84672,12.849,0.84672,3695.15,0,36.966,0.42336,2.32653,1.64329,7.75682,0.878194,10.4251,0.42336,36.966,0.42336,423.524,0,1.02816,0,0,3.35469,2.32653,1.028160,1,0,55.5359,0,0,0,55.5359,0
70.0205,2.03892,0,0,3.37547,0.292835,0.36288,3.6288,61.308,0.64935,0,0,1.32814,0.213005,0.411032,0.66528,12.849,1,0.377822,0.36288,0,52.3328,3.71886,48.599,0.84672,12.849,0.84672,3695.15,0,36.966,0.42336,0.88903,1.64396,8.42523,0.821595,9.71326,0.42336,36.966,0.42336,423.524,0,1.02816,0,0,1.91719,0.88903,1.028160,1,0,58.7233,0,0,0,58.7233,0
71.4119,2.043,0,0,4.1006,0.303357,0.36288,3.6288,61.308,0.650033,0,0,1.7032,0.234739,0.818431,0.66528,12.849,1,0.374897,0.36288,0,56.9698,3.73684,53.221,0.84672,12.849,0.84672,3695.15,0,36.966,0.42336,1.81627,1.82828,6.35826,0.860565,8.71888,0.42336,36.966,0.42336,423.524,0,1.02816,0,0,2.84443,1.81627,1.028160,1,0,62.7583,0,0,0,62.7583,0
72.29,2.05017,0,0,4.60484,0.332385,1.34419,3.6288,61.308,0.650716,0,0,1.64944,0.231641,0.767079,0.66528,12.849,1,0.368883,1.34419,0,61.2337,4.14151,58.0675,0.84672,12.849,0.84672,3695.15,0,36.966,0.42336,2.45144,1.82902,6.80417,0.977202,9.68407,0.42336,36.966,0.42336,423.524,0,1.02816,0,0,3.4796,2.45144,1.028160,1,0,68.5186,0,0,0,68.5186,0
72.29,2.05496,0,0,5.78153,0.334615,3.39196,3.6288,61.308,0.651399,0,0,1.56597,0.231641,0.682925,0.66528,12.849,1,0.365253,3.39196,0,84.2994,4.14151,83.1846,0.84672,12.849,0.84672,3695.15,0,36.966,0.42336,2.67564,1.82977,7.53166,0.977202,10.6365,0.42336,36.966,0.42336,423.524,0,1.02816,0,0,3.7038,2.67564,1.028160,1,0,94.5041,0,0,0,94.5041,0
72.29,1.80104,0,0,5.4648,0.330133,3.33363,3.6288,61.308,0.449924,0,0,1.739,0.232039,1.05704,0.66528,12.849,1,0.320121,3.33363,0,77.2762,4.13316,76.1565,0.84672,12.849,0.84672,3695.15,0,36.966,0.42336,2.63928,1.83051,7.8376,0.97438,10.9097,0.42336,36.966,0.42336,423.524,0,1.02816,0,0,3.66744,2.63928,1.028160,1,0,88.1232,0,0,0,88.1232,0
72.29,1.80192,0,0,6.24017,0.303244,4.13501,3.6288,61.308,0.450526,0,0,1.77943,0.234426,1.09447,0.66528,12.849,1,0.320278,4.13501,0,73.1929,4.08303,72.9246,0.84672,12.849,0.84672,3695.15,0,36.966,0.42336,2.721,1.61881,8.78126,0.957449,11.7403,0.42336,36.966,0.42336,423.524,0,1.02816,0,0,3.74916,2.721,1.028160,1,0,85.7593,0,0,0,85.7593,0
72.29,1.8028,0,0,8.98137,0.303244,6.87532,3.6288,61.308,0.451127,0,0,2.2719,0.234426,1.58634,0.66528,12.849,1,0.320434,6.87532,0,92.6917,4.08303,95.1635,0.84672,12.849,0.84672,3695.15,0,36.966,0.42336,3.82781,1.61947,8.93601,0.957449,13.0025,0.42336,36.966,0.42336,423.524,0,1.02816,0,0,4.85597,3.82781,1.028160,1,0,109.752,0,0,0,109.752,0
72.29,1.80368,0,0,7.94318,0.303244,5.83626,3.6288,61.308,0.451729,0,0,1.88061,0.234426,1.19445,0.66528,12.849,1,0.32059,5.83626,0,69.2245,4.08303,70.6572,0.84672,12.849,0.84672,3695.15,0,36.966,0.42336,3.05127,1.62013,8.50669,0.957449,11.7973,0.42336,36.966,0.42336,423.524,0,1.02816,0,0,4.07943,3.05127,1.028160,1,0,83.6489,0,0,0,83.6489,0
72.29,1.80456,0,0,6.88137,0.322548,4.75426,3.6288,61.308,0.45233,0,0,2.0769,0.211412,1.41316,0.66528,12.849,1,0.320747,4.75426,0,71.9458,4.1148,72.2645,0.84672,12.849,0.84672,3695.15,0,36.966,0.42336,3.68494,1.62079,8.31937,0.900509,12.3012,0.42336,36.966,0.42336,423.524,0,1.02816,0,0,4.7131,3.68494,1.028160,1,0,85.9789,0,0,0,85.9789,0
72.29,1.83129,0,0,7.73077,0.286612,5.61287,3.6288,61.308,0.475938,0,0,3.60802,0.18867,2.94341,0.66528,12.849,1,0.325497,5.61287,0,78.263,4.14109,79.4093,0.84672,12.849,0.84672,3695.15,0,36.966,0.42336,3.96047,1.62145,7.96141,1.00777,12.1122,0.42336,36.966,0.42336,423.524,0,1.02816,0,0,4.98863,3.96047,1.028160,1,0,94.4649,0,0,0,94.4649,0
72.29,1.83218,0,0,6.22218,0.285085,4.10492,3.6288,61.308,0.47655,0,0,3.96564,0.185158,3.30393,0.66528,12.849,1,0.325655,4.10492,0,78.6058,3.74033,78.6447,0.84672,12.849,0.84672,3695.15,0,36.966,0.42336,3.47923,1.64559,8.24705,1.0014,11.9471,0.42336,36.966,0.42336,423.524,0,1.02816,0,0,4.50739,3.47923,1.028160,1,0,93.8958,0,0,0,93.8958,0
72.29,1.83307,0,0,5.61366,0.279166,3.50143,3.6288,61.308,0.477161,0,0,3.42445,0.183828,2.76346,0.66528,12.849,1,0.325814,3.50143,0,58.2206,3.79984,57.5964,0.84672,12.849,0.84672,3695.15,0,36.966,0.42336,2.99042,1.64625,7.3624,1.01296,10.5628,0.42336,36.966,0.42336,423.524,0,1.02816,0,0,4.01858,2.99042,1.028160,1,0,70.9226,0,0,0,70.9226,0
72.29,1.83396,0,0,5.41465,0.279166,3.30153,3.6288,61.308,0.477773,0,0,3.13846,0.183828,2.47686,0.66528,12.849,1,0.325972,3.30153,0,67.8607,3.79984,67.0364,0.84672,12.849,0.84672,3695.15,0,36.966,0.42336,2.71236,1.64692,6.84326,1.01296,9.76623,0.42336,36.966,0.42336,423.524,0,1.02816,0,0,3.74052,2.71236,1.028160,1,0,79.2795,0,0,0,79.2795,0
72.29,1.85721,0,0,4.87905,0.245347,2.77649,3.6288,61.308,0.491832,0,0,2.21933,0.202058,1.52544,0.66528,12.849,1,0.330105,2.77649,0,51.3601,4.09217,49.7144,0.84672,12.849,0.84672,3695.15,0,36.966,0.42336,2.67808,1.64759,5.79861,1.03001,8.67091,0.42336,36.966,0.42336,423.524,0,1.02816,0,0,3.70624,2.67808,1.028160,1,0,59.9107,0,0,0,59.9107,0
72.29,1.85811,0,0,4.32484,0.200256,2.26647,3.6288,61.308,0.49245,0,0,1.40915,0.226365,0.690334,0.66528,12.849,1,0.330265,2.26647,0,50.859,4.48192,48.3133,0.84672,12.849,0.84672,3695.15,0,36.966,0.42336,1.5021,1.66359,5.17974,1.05274,6.86933,0.42336,36.966,0.42336,423.524,0,1.02816,0,0,2.53026,1.5021,1.028160,1,0,55.873,0,0,0,55.873,0
72.29,1.85901,0,0,3.65334,0.200256,1.59407,3.6288,61.308,0.493067,0,0,1.29832,0.226365,0.578891,0.66528,12.849,1,0.330425,1.59407,0,44.5862,4.48192,41.3679,0.84672,12.849,0.84672,3695.15,0,36.966,0.42336,1.24203,1.66426,4.71535,1.05274,6.14554,0.42336,36.966,0.42336,423.524,0,1.02816,0,0,2.27019,1.24203,1.028160,1,0,48.0924,0,0,0,48.0924,0
72.29,1.85991,0,0,3.33505,0.200256,1.27488,3.6288,61.308,0.493685,0,0,1.11758,0.226365,0.397525,0.66528,12.849,1,0.330585,1.27488,0,44.1591,4.48192,40.6215,0.84672,12.849,0.84672,3695.15,0,36.966,0.42336,0.731341,1.66494,4.81375,1.05274,5.73393,0.42336,36.966,0.42336,423.524,0,1.02816,0,0,1.7595,0.731341,1.028160,1,0,46.753,0,0,0,46.753,0
72.29,1.91095,0,0,4.16504,0.160893,2.0932,3.6288,61.308,0.538531,0,0,1.35217,0.244541,0.569097,0.66528,12.849,1,0.339656,2.0932,0,47.9386,4.71835,44.9738,0.84672,12.849,0.84672,3695.15,0,36.966,0.42336,0.988813,1.66561,4.86972,1.10406,5.99672,0.42336,36.966,0.42336,423.524,0,1.02816,0,0,2.01697,0.988813,1.028160,1,0,51.5396,0,0,0,51.5396,0
72.29,1.91187,0,0,3.4412,0.145857,1.38348,3.6288,61.308,0.539167,0,0,1.01809,0.220989,0.257938,0.66528,12.849,1,0.33982,1.38348,0,34.8199,4.85582,31.0077,0.84672,12.849,0.84672,3695.15,0,36.966,0.42336,0.629441,1.71153,4.03039,1.14712,4.80087,0.42336,36.966,0.42336,423.524,0,1.02816,0,0,1.6576,0.629441,1.028160,1,0,36.0665,0,0,0,36.0665,0
72.29,1.91279,0,0,3.07979,0.1064,1.0606,3.6288,61.308,0.539803,0,0,0.80676,0.208966,0.0579906,0.66528,12.849,1,0.339984,1.0606,0,30.9169,4.5086,27.129,0.84672,12.849,0.84672,3695.15,0,36.966,0.42336,0.61217,1.71222,3.69943,1.12453,4.47594,0.42336,36.966,0.42336,423.524,0,1.02816,0,0,1.64033,0.61217,1.028160,1,0,31.6629,0,0,0,31.6629,0
72.29,1.91371,0,0,2.89475,0.0911779,0.889866,3.6288,61.308,0.540439,0,0,0.84018,0.212536,0.0872038,0.66528,12.849,1,0.340148,0.889866,0,28.4776,4.61695,24.4104,0.84672,12.849,0.84672,3695.15,0,36.966,0.42336,0.616265,1.71292,3.75985,1.10447,4.56121,0.42336,36.966,0.42336,423.524,0,1.02816,0,0,1.64443,0.616265,1.028160,1,0,29.0588,0,0,0,29.0588,0
72.29,1.91463,0,0,2.78166,0.0911779,0.775846,3.6288,61.308,0.541076,0,0,0.855904,0.212536,0.102292,0.66528,12.849,1,0.340311,0.775846,0,26.8466,4.61695,22.6651,0.84672,12.849,0.84672,3695.15,0,36.966,0.42336,0.534419,1.71361,3.74907,1.10447,4.46927,0.42336,36.966,0.42336,423.524,0,1.02816,0,0,1.56258,0.534419,1.028160,1,0,27.2367,0,0,0,27.2367,0
72.1603,1.89518,0,0,2.21881,0.0904058,0.36288,3.6288,61.308,0.585968,0,0,1.00873,0.254776,0.167984,0.66528,12.849,1,0.336854,0.36288,0,31.1806,5.09411,26.1126,0.84672,12.849,0.84672,3695.15,0,36.966,0.42336,0.62367,1.71431,3.33161,1.2083,4.03793,0.42336,36.966,0.42336,423.524,0,1.02816,0,0,1.65183,0.62367,1.028160,1,0,30.3185,0,0,0,30.3185,0
71.7422,1.89558,0,0,1.93031,0.0900084,0.36288,3.6288,61.308,0.586623,0,0,1.10772,0.271672,0.249422,0.66528,12.849,1,0.33753,0.36288,0,31.3601,5.28497,26.1005,0.84672,12.849,0.84672,3695.15,0,36.966,0.42336,0.752224,1.7447,3.39887,1.24983,4.22261,0.42336,36.966,0.42336,423.524,0,1.02816,0,0,1.78038,0.752224,1.028160,1,0,30.5725,0,0,0,30.5725,0
71.3165,1.89482,0,0,1.9217,0.0897225,0.36288,3.6288,61.308,0.587278,0,0,1.06574,0.271672,0.206795,0.66528,12.849,1,0.339362,0.36288,0,29.5906,5.28497,24.3292,0.84672,12.849,0.84672,3695.15,0,36.966,0.42336,0.793817,1.7454,3.59891,1.24983,4.46495,0.42336,36.966,0.42336,423.524,0,1.02816,0,0,1.82198,0.793817,1.028160,1,0,29.0009,0,0,0,29.0009,0
70.8128,1.89402,0,0,1.82843,0.0751852,0.36288,3.6288,61.308,0.587932,0,0,1.04039,0.294989,0.157465,0.66528,12.849,1,0.341243,0.36288,0,27.891,5.61072,22.302,0.84672,12.849,0.84672,3695.15,0,36.966,0.42336,0.768995,1.74611,3.49849,1.36008,4.23016,0.42336,36.966,0.42336,423.524,0,1.02816,0,0,1.79715,0.768995,1.028160,1,0,26.6896,0,0,0,26.6896,0
69.9977,1.94542,0,0,1.5485,0.0553495,0.36288,3.6288,61.308,0.628093,0,0,0.968077,0.327316,0.0126681,0.66528,12.849,1,0.352996,0.36288,0,25.207,6.23061,18.9863,0.84672,12.849,0.84672,3695.15,0,36.966,0.42336,0.550817,1.74682,3.29895,1.57124,3.60199,0.42336,36.966,0.42336,423.524,0,1.02816,0,0,1.57898,0.550817,1.028160,1,0,22.601,0,0,0,22.601,0
69.3681,1.94288,0,0,1.72898,0.0527441,0.36288,3.6288,61.308,0.628765,0,0,1.2455,0.339789,0.276945,0.66528,12.849,1,0.356641,0.36288,0,31.4723,6.21989,25.2587,0.84672,12.849,0.84672,3695.15,0,36.966,0.42336,0.737104,1.78968,3.28913,1.5556,3.83695,0.42336,36.966,0.42336,423.524,0,1.02816,0,0,1.76526,0.737104,1.028160,1,0,29.3726,0,0,0,29.3726,0
68.5854,1.94108,0,0,1.57376,0.0524877,0.36288,3.6288,61.308,0.629436,0,0,1.0273,0.339789,0.0580709,0.66528,12.849,1,0.359544,0.36288,0,25.3493,6.21989,19.1328,0.84672,12.849,0.84672,3695.15,0,36.966,0.42336,0.775233,1.79041,3.05633,1.5556,3.64301,0.42336,36.966,0.42336,423.524,0,1.02816,0,0,1.80339,0.775233,1.028160,1,0,22.8339,0,0,0,22.8339,0
67.6632,1.93855,0,0,1.43134,0.0521689,0.36288,3.6288,61.2948,0.630107,0,0,0.956716,0.339789,0,0.66528,12.849,1,0.363174,0.36288,0,23.6312,6.21989,17.411,0.84672,12.849,0.84672,3695.15,0,36.966,0.42336,0.494139,1.79113,2.7238,1.5556,3.03011,0.42336,36.966,0.42336,423.524,0,1.02816,0,0,1.5223,0.494139,1.028160,1,0,20.4411,0,0,0,20.4411,0
66.7261,2.08833,0,0,1.55871,0.0445884,0.36288,3.6288,61.308,0.66528,0,0,1.12927,0.337961,0.112844,0.66528,12.849,1,0.396567,0.36288,0,23.743,6.32802,17.3813,0.84672,12.849,0.84672,3695.15,0,36.966,0.42336,0.890257,1.79186,3.85127,1.58151,4.52852,0.42336,36.966,0.42336,423.524,0,1.02816,0,0,1.91842,0.890257,1.028160,1,0,22.0226,0,0,0,22.0226,0
65.5211,2.08465,0,0,1.303,0.0604774,0.36288,3.6288,61.2074,0.66528,0,0,0.872951,0.308239,0,0.66528,12.849,1,0.401427,0.36288,0,18.9892,6.55593,12.3947,0.84672,12.849,0.84672,3695.15,0,36.966,0.42336,0.317883,1.85336,2.77328,1.59441,2.92676,0.42336,36.966,0.42336,423.524,0,1.02816,0,0,1.34604,0.317883,1.028160,1,0,15.3214,0,0,0,15.3214,0
64.4065,2.07946,0,0,1.38661,0.0588126,0.36288,3.6288,61.2308,0.66528,0,0,0.999527,0.310926,0,0.66528,12.849,1,0.407792,0.36288,0,22.146,6.66026,15.4408,0.84672,12.849,0.84672,3695.15,0,36.966,0.42336,0.503522,1.85358,2.64518,1.60551,2.97341,0.42336,36.966,0.42336,423.524,0,1.02816,0,0,1.53168,0.503522,1.028160,1,0,18.4142,0,0,0,18.4142,0
63.0102,2.07456,0,0,1.09942,0.0582883,0.36288,3.6288,60.9225,0.74749,0,0,0.75022,0.310972,0,0.66528,12.849,1,0.413871,0.36288,0,24.3171,6.66026,17.6059,0.84672,12.849,0.84672,3695.15,0,36.966,0.42336,0.204422,1.8538,2.12388,1.60551,2.15323,0.42336,36.966,0.42336,423.524,0,0.94595,0,0,1.15037,0.204422,1.028160,1,0,19.7591,0,0,0,19.7591,0
61.8581,2.06792,0,0,1.33631,0.0576315,0.36288,3.6288,61.153,0.66528,0,0,1.20615,0.310366,0,0.66528,12.849,1,0.421689,0.36288,0,21.197,6.66026,14.478,0.84672,12.849,0.84672,3695.15,0,36.966,0.42336,0.87912,1.85402,3.06024,1.60551,3.76451,0.42336,36.966,0.42336,423.524,0,1.02816,0,0,1.90728,0.87912,1.028160,1,0,18.2425,0,0,0,18.2425,0
60.6694,1.98877,0,0,1.23689,0.0739381,0.36288,3.6288,61.2841,0.66528,0,0,1.08821,0.29185,0,0.66528,12.849,1,0.413102,0.36288,0,29.1331,6.1166,22.9663,0.84672,12.849,0.84672,3695.15,0,36.966,0.42336,0.39833,1.85424,3.47954,1.51616,3.79259,0.42336,36.966,0.42336,423.524,0,1.02816,0,0,1.42649,0.39833,1.028160,1,0,26.7589,0,0,0,26.7589,0
60.3797,1.98304,0,0,2.14189,0.0857265,0.36288,3.6288,61.308,0.66528,0,0,1.8709,0.277853,0.90386,0.66528,12.849,1,0.419981,0.36288,0,24.6027,5.70885,18.8368,0.84672,12.849,0.84672,3695.15,0,36.966,0.42336,1.36818,1.8378,5.61935,1.44915,6.95282,0.42336,36.966,0.42336,423.524,0,1.02816,0,0,2.39634,1.36818,1.028160,1,0,26.6935,0,0,0,26.6935,0
59.3117,1.98232,0,0,1.36277,0.0855198,0.36288,3.6288,61.308,0.66528,0,0,1.31575,0.277895,0.372576,0.66528,12.849,1,0.421844,0.36288,0,37.5512,5.70885,31.7834,0.84672,12.849,0.84672,3695.15,0,36.966,0.42336,0.899891,1.83801,3.85263,1.44915,4.71803,0.42336,36.966,0.42336,423.524,0,1.02816,0,0,1.92805,0.899891,1.028160,1,0,36.874,0,0,0,36.874,0
58.0046,1.97701,0,0,1.11742,0.0846566,0.36288,3.6288,61.308,0.66528,0,0,1.2015,0.277895,0.258329,0.66528,12.849,1,0.42829,0.36288,0,21.7847,5.70885,16.0105,0.84672,12.849,0.84672,3695.15,0,36.966,0.42336,0.30119,1.83823,2.75309,1.44915,3.02,0.42336,36.966,0.42336,423.524,0,1.02816,0,0,1.32935,0.30119,1.028160,1,0,19.2888,0,0,0,19.2888,0
57.5374,1.9102,0,0,1.95724,0.15133,0.36288,3.6288,61.308,0.613973,0,0,1.51957,0.259436,0.64616,0.66528,12.849,1,0.423143,0.36288,0,29.3857,5.03136,24.2941,0.84672,12.849,0.84672,3695.15,0,36.966,0.42336,1.12882,1.83844,4.82852,1.30413,6.06829,0.42336,36.966,0.42336,423.524,0,1.02816,0,0,2.15698,1.12882,1.028160,1,0,31.0085,0,0,0,31.0085,0
56.886,1.90831,0,0,1.7746,0.154784,0.36288,3.6288,61.308,0.614637,0,0,1.13445,0.196788,0.323024,0.66528,12.849,1,0.426155,0.36288,0,47.8343,4.00972,43.7613,0.84672,12.849,0.84672,3695.15,0,36.966,0.42336,1.10228,1.78532,5.94341,1.07423,7.33343,0.42336,36.966,0.42336,423.524,0,1.02816,0,0,2.13044,1.10228,1.028160,1,0,51.4178,0,0,0,51.4178,0
56.7212,1.90524,0,0,2.31435,0.211062,0.36288,3.6288,61.308,0.615301,0,0,1.4647,0.172468,0.676927,0.66528,12.849,1,0.430341,0.36288,0,39.6518,3.34793,36.2364,0.84672,12.849,0.84672,3695.15,0,36.966,0.42336,1.05714,1.78604,6.8116,0.826815,8.40461,0.42336,36.966,0.42336,423.524,0,1.02816,0,0,2.0853,1.05714,1.028160,1,0,45.318,0,0,0,45.318,0
57.3077,1.90512,0,0,3.06524,0.210719,0.36288,3.6288,61.308,0.615965,0,0,1.42296,0.172468,0.634531,0.66528,12.849,1,0.431566,0.36288,0,54.0219,3.34793,50.6052,0.84672,12.849,0.84672,3695.15,0,36.966,0.42336,1.3641,1.78676,7.87838,0.826815,9.77907,0.42336,36.966,0.42336,423.524,0,1.02816,0,0,2.39226,1.3641,1.028160,1,0,61.0189,0,0,0,61.0189,0
57.7936,1.79048,0,0,2.85121,0.211939,0.36288,3.6288,61.308,0.487382,0,0,2.63997,0.172468,1.98012,0.66528,12.849,1,0.401444,0.36288,0,87.2355,3.34793,83.849,0.84672,12.849,0.84672,3695.15,0,36.966,0.42336,1.42476,1.78748,10.9367,0.826815,12.8988,0.42336,36.966,0.42336,423.524,0,1.02816,0,0,2.45292,1.42476,1.028160,1,0,98.7279,0,0,0,98.7279,0
58.1301,1.7941,0,0,2.71251,0.219025,0.36288,3.6288,61.308,0.487994,0,0,1.89418,0.171398,1.23479,0.66528,12.849,1,0.398875,0.36288,0,69.2474,3.53818,65.6732,0.84672,12.849,0.84672,3695.15,0,36.966,0.42336,1.44494,1.66101,7.0159,0.778887,8.91961,0.42336,36.966,0.42336,423.524,0,1.02816,0,0,2.4731,1.44494,1.028160,1,0,75.8276,0,0,0,75.8276,0
59.5051,1.79686,0,0,3.75549,0.220761,0.36288,3.6288,61.308,0.488607,0,0,2.27129,0.17122,1.61146,0.66528,12.849,1,0.397175,0.36288,0,67.918,3.56989,64.3138,0.84672,12.849,0.84672,3695.15,0,36.966,0.42336,2.01446,1.66168,9.89496,0.770899,12.3768,0.42336,36.966,0.42336,423.524,0,1.02816,0,0,3.04262,2.01446,1.028160,1,0,78.3021,0,0,0,78.3021,0
59.6884,1.80528,0,0,2.57986,0.228432,0.36288,3.6288,61.308,0.489219,0,0,2.12624,0.169993,1.46703,0.66528,12.849,1,0.389815,0.36288,0,75.7854,3.62076,72.1377,0.84672,12.849,0.84672,3695.15,0,36.966,0.42336,1.61462,1.66235,5.90339,0.762927,7.99408,0.42336,36.966,0.42336,423.524,0,1.02816,0,0,2.64278,1.61462,1.028160,1,0,81.5988,0,0,0,81.5988,0
59.2633,1.80713,0,0,2.00392,0.258971,0.36288,3.6288,61.308,0.489832,0,0,1.70967,0.186733,1.0331,0.66528,12.849,1,0.389018,0.36288,0,57.5533,4.28725,53.2399,0.84672,12.849,0.84672,3695.15,0,36.966,0.42336,1.19412,1.66303,4.69594,0.857595,6.27212,0.42336,36.966,0.42336,423.524,0,1.02816,0,0,2.22228,1.19412,1.028160,1,0,60.5451,0,0,0,60.5451,0
58.6536,1.82044,0,0,1.84048,0.266849,0.36288,3.6288,61.308,0.502328,0,0,1.3925,0.230623,0.65955,0.66528,12.849,1,0.394694,0.36288,0,49.6831,4.91061,44.7407,0.84672,12.849,0.84672,3695.15,0,36.966,0.42336,0.913412,1.6637,4.7282,1.15828,5.72367,0.42336,36.966,0.42336,423.524,0,1.02816,0,0,1.94157,0.913412,1.028160,1,0,51.1239,0,0,0,51.1239,0
59.9438,1.81792,0,0,3.74491,0.273967,0.36288,3.6288,61.308,0.502923,0,0,1.48752,0.24629,0.73831,0.66528,12.849,1,0.398244,0.36288,0,49.935,5.09943,44.8002,0.84672,12.849,0.84672,3695.15,0,36.966,0.42336,1.05782,1.67691,14.9486,1.30585,15.9541,0.42336,36.966,0.42336,423.524,0,1.02816,0,0,2.08598,1.05782,1.028160,1,0,61.4926,0,0,0,61.4926,0
70.1629,1.82583,0,0,12.6852,0.277391,0.36288,3.6288,61.308,0.503519,0,0,2.78234,0.24629,2.03253,0.66528,12.849,1,0.391367,0.36288,0,152.855,5.09943,147.727,0.84672,12.849,0.84672,3695.15,0,36.966,0.42336,3.26011,1.67756,12.6033,1.30585,15.8118,0.42336,36.966,0.42336,423.524,0,1.02816,0,0,4.28827,3.26011,1.028160,1,0,165.571,0,0,0,165.571,0
72.29,1.87487,0,0,8.85322,0.308264,4.54302,3.6288,61.308,0.504115,0,0,2.84196,0.237517,2.10033,0.66528,12.849,1,0.343347,4.54302,0,206.788,4.61988,206.368,0.84672,12.849,0.84672,3695.15,0,36.966,0.42336,3.14906,1.67821,9.3922,1.17676,12.6194,0.42336,36.966,0.42336,423.524,0,1.02816,0,0,4.17722,3.14906,1.028160,1,0,221.088,0,0,0,221.088,0
72.29,2.10318,0,0,5.34022,0.31617,2.92087,3.6288,61.308,0.66528,0,0,1.98244,0.234008,1.08315,0.66528,12.849,1,0.373824,2.92087,0,85.0833,4.42806,83.2023,0.84672,12.849,0.84672,3695.15,0,36.966,0.42336,1.89956,1.67887,6.87106,1.12512,8.901,0.42336,36.966,0.42336,423.524,0,1.02816,0,0,2.92772,1.89956,1.028160,1,0,93.1864,0,0,0,93.1864,0
72.29,2.10414,0,0,11.6706,0.364219,9.20221,3.6288,61.308,0.66528,0,0,3.19377,0.192226,2.33626,0.66528,12.849,1,0.373994,9.20221,0,234.495,3.47225,239.851,0.84672,12.849,0.84672,3695.15,0,36.966,0.42336,6.36305,1.85188,18.8654,0.808421,25.8486,0.42336,36.966,0.42336,423.524,0,1.02816,0,0,7.39121,6.36305,1.028160,1,0,268.036,0,0,0,268.036,0
72.29,2.10509,0,0,8.20765,0.364219,5.73834,3.6288,61.308,0.66528,0,0,2.08753,0.192226,1.23002,0.66528,12.849,1,0.374164,5.73834,0,137.169,3.47225,139.061,0.84672,12.849,0.84672,3695.15,0,36.966,0.42336,2.47658,1.85209,10.5268,0.808421,13.6237,0.42336,36.966,0.42336,423.524,0,1.02816,0,0,3.50474,2.47658,1.028160,1,0,153.914,0,0,0,153.914,0
72.29,2.10605,0,0,6.82258,0.364219,4.35231,3.6288,61.308,0.66528,0,0,1.80656,0.192226,0.949057,0.66528,12.849,1,0.374335,4.35231,0,96.317,3.47225,96.8227,0.84672,12.849,0.84672,3695.15,0,36.966,0.42336,1.87053,1.8523,8.5917,0.808421,11.0827,0.42336,36.966,0.42336,423.524,0,1.02816,0,0,2.89869,1.87053,1.028160,1,0,108.855,0,0,0,108.855,0
72.29,1.84672,0,0,7.34938,0.334905,5.16775,3.6288,61.308,0.481178,0,0,2.13811,0.232805,1.42412,0.66528,12.849,1,0.328241,5.16775,0,98.998,3.55046,100.287,0.84672,12.849,0.84672,3695.15,0,36.966,0.42336,2.63379,1.85251,13.9733,0.877216,17.159,0.42336,36.966,0.42336,423.524,0,1.02816,0,0,3.66195,2.63379,1.028160,1,0,118.87,0,0,0,118.87,0
72.29,1.84758,0,0,4.62395,0.343551,2.43281,3.6288,61.308,0.481764,0,0,1.74048,0.178558,1.08015,0.66528,12.849,1,0.328394,2.43281,0,89.7169,2.50383,89.3175,0.84672,12.849,0.84672,3695.15,0,36.966,0.42336,2.55652,1.65304,7.84227,0.690693,10.9378,0.42336,36.966,0.42336,423.524,0,1.02816,0,0,3.58468,2.55652,1.028160,1,0,101.335,0,0,0,101.335,0
72.29,1.84844,0,0,4.82725,0.343551,2.63526,3.6288,61.308,0.482351,0,0,1.53737,0.178558,0.876458,0.66528,12.849,1,0.328546,2.63526,0,85.549,2.50383,85.3518,0.84672,12.849,0.84672,3695.15,0,36.966,0.42336,2.20114,1.65368,7.99044,0.690693,10.7312,0.42336,36.966,0.42336,423.524,0,1.02816,0,0,3.2293,2.20114,1.028160,1,0,96.9595,0,0,0,96.9595,0
72.29,1.8493,0,0,6.97693,0.343551,4.78408,3.6288,61.308,0.482938,0,0,2.24417,0.178558,1.58268,0.66528,12.849,1,0.328699,4.78408,0,124.658,2.50383,126.609,0.84672,12.849,0.84672,3695.15,0,36.966,0.42336,3.68104,1.65433,11.3556,0.690693,15.5769,0.42336,36.966,0.42336,423.524,0,1.02816,0,0,4.7092,3.68104,1.028160,1,0,143.769,0,0,0,143.769,0
72.29,1.85015,0,0,6.93464,0.328658,4.75582,3.6288,61.308,0.483525,0,0,3.0633,0.178106,2.40167,0.66528,12.849,1,0.328851,4.75582,0,149.691,2.66098,151.457,0.84672,12.849,0.84672,3695.15,0,36.966,0.42336,5.86493,1.65497,17.894,0.718309,24.2722,0.42336,36.966,0.42336,423.524,0,1.02816,0,0,6.89309,5.86493,1.028160,1,0,178.13,0,0,0,178.13,0
72.29,1.87741,0,0,9.95544,0.306208,7.77183,3.6288,61.308,0.507603,0,0,3.1286,0.194372,2.42663,0.66528,12.849,1,0.333695,7.77183,0,249.083,3.22484,253.297,0.84672,12.849,0.84672,3695.15,0,36.966,0.42336,5.06271,1.65561,22.7701,0.809283,28.2558,0.42336,36.966,0.42336,423.524,0,1.02816,0,0,6.09087,5.06271,1.028160,1,0,283.979,0,0,0,283.979,0
72.29,1.87827,0,0,9.17266,0.257964,7.03642,3.6288,61.308,0.508199,0,0,2.95427,0.184977,2.26109,0.66528,12.849,1,0.333849,7.03642,0,175.46,3.42177,178.741,0.84672,12.849,0.84672,3695.15,0,36.966,0.42336,3.97256,1.68023,13.4694,0.850647,17.8482,0.42336,36.966,0.42336,423.524,0,1.02816,0,0,5.00072,3.97256,1.028160,1,0,198.85,0,0,0,198.85,0
72.29,1.87914,0,0,6.43665,0.246126,4.31138,3.6288,61.308,0.508796,0,0,2.12647,0.182318,1.43535,0.66528,12.849,1,0.334003,4.31138,0,143.457,3.54081,143.893,0.84672,12.849,0.84672,3695.15,0,36.966,0.42336,3.23895,1.68088,10.209,0.873765,13.8317,0.42336,36.966,0.42336,423.524,0,1.02816,0,0,4.26711,3.23895,1.028160,1,0,159.16,0,0,0,159.16,0
72.29,1.88001,0,0,5.6916,0.246126,3.56546,3.6288,61.308,0.509392,0,0,2.27821,0.182318,1.5865,0.66528,12.849,1,0.334158,3.56546,0,124.063,3.54081,123.754,0.84672,12.849,0.84672,3695.15,0,36.966,0.42336,2.97592,1.68153,9.99562,0.873765,13.3559,0.42336,36.966,0.42336,423.524,0,1.02816,0,0,4.00408,2.97592,1.028160,1,0,138.696,0,0,0,138.696,0
72.29,1.85,0,0,5.18263,0.23073,3.1019,3.6288,61.308,0.486891,0,0,2.11515,0.192683,1.43558,0.66528,12.849,1,0.328824,3.1019,0,119.823,3.72258,118.873,0.84672,12.849,0.84672,3695.15,0,36.966,0.42336,2.63979,1.68219,11.9966,0.885115,15.0101,0.42336,36.966,0.42336,423.524,0,1.02816,0,0,3.66795,2.63979,1.028160,1,0,135.319,0,0,0,135.319,0
72.29,1.85086,0,0,4.83238,0.202327,2.77919,3.6288,61.308,0.487479,0,0,1.18006,0.216885,0.475695,0.66528,12.849,1,0.328977,2.77919,0,102.001,4.49464,99.9568,0.84672,12.849,0.84672,3695.15,0,36.966,0.42336,1.39817,1.65818,9.0066,1.00396,10.6356,0.42336,36.966,0.42336,423.524,0,1.02816,0,0,2.42633,1.39817,1.028160,1,0,111.068,0,0,0,111.068,0
72.29,1.85172,0,0,4.61182,0.118058,2.64205,3.6288,61.308,0.488067,0,0,1.07243,0.256123,0.328241,0.66528,12.849,1,0.329129,2.64205,0,91.6644,4.8406,89.1367,0.84672,12.849,0.84672,3695.15,0,36.966,0.42336,1.53719,1.65882,8.47523,1.02461,10.2233,0.42336,36.966,0.42336,423.524,0,1.02816,0,0,2.56535,1.53719,1.028160,1,0,99.6882,0,0,0,99.6882,0
72.29,1.85258,0,0,4.25237,0.118058,2.28173,3.6288,61.308,0.488655,0,0,1.14388,0.256123,0.399097,0.66528,12.849,1,0.329281,2.28173,0,84.2495,4.8406,81.3613,0.84672,12.849,0.84672,3695.15,0,36.966,0.42336,1.48225,1.65947,7.2589,1.02461,8.95264,0.42336,36.966,0.42336,423.524,0,1.02816,0,0,2.51041,1.48225,1.028160,1,0,90.7131,0,0,0,90.7131,0
72.29,1.95841,0,0,4.52779,0.118058,2.45133,3.6288,61.308,0.571283,0,0,1.00103,0.256123,0.173625,0.66528,12.849,1,0.348092,2.45133,0,85.6872,4.8406,82.9498,0.84672,12.849,0.84672,3695.15,0,36.966,0.42336,1.40873,1.66011,6.76849,1.02461,8.38936,0.42336,36.966,0.42336,423.524,0,1.02816,0,0,2.43689,1.40873,1.028160,1,0,91.5128,0,0,0,91.5128,0
72.29,1.95931,0,0,4.14435,0.125869,2.05917,3.6288,61.308,0.571903,0,0,1.09541,0.169315,0.354196,0.66528,12.849,1,0.348252,2.05917,0,77.0705,4.04473,74.7367,0.84672,12.849,0.84672,3695.15,0,36.966,0.42336,1.57188,1.74731,7.27661,0.851299,9.32114,0.42336,36.966,0.42336,423.524,0,1.02816,0,0,2.60004,1.57188,1.028160,1,0,84.412,0,0,0,84.412,0
72.29,1.96021,0,0,3.887,0.127171,1.79962,3.6288,61.308,0.572523,0,0,0.922095,0.154847,0.194725,0.66528,12.849,1,0.348412,1.79962,0,70.289,3.91209,67.8281,0.84672,12.849,0.84672,3695.15,0,36.966,0.42336,1.24012,1.74798,6.80694,0.822414,8.54926,0.42336,36.966,0.42336,423.524,0,1.02816,0,0,2.26828,1.24012,1.028160,1,0,76.5721,0,0,0,76.5721,0
72.29,1.96111,0,0,3.62722,0.127171,1.53894,3.6288,61.308,0.573144,0,0,0.886179,0.154847,0.158188,0.66528,12.849,1,0.348572,1.53894,0,63.2108,3.91209,60.489,0.84672,12.849,0.84672,3695.15,0,36.966,0.42336,0.931314,1.74866,5.91681,0.822414,7.35101,0.42336,36.966,0.42336,423.524,0,1.02816,0,0,1.95947,0.931314,1.028160,1,0,67.9982,0,0,0,67.9982,0
72.29,1.962,0,0,3.4137,0.0534941,1.3982,3.6288,61.308,0.573765,0,0,0.835436,0.259814,0.00185779,0.66528,12.849,1,0.348732,1.3982,0,61.0995,5.3382,56.8108,0.84672,12.849,0.84672,3695.15,0,36.966,0.42336,0.761184,1.74934,5.32857,1.20429,6.21145,0.42336,36.966,0.42336,423.524,0,1.02816,0,0,1.78934,0.761184,1.028160,1,0,63.0241,0,0,0,63.0241,0
72.29,1.9421,0,0,2.99475,0.0727618,0.979887,3.6288,61.1917,0.619563,0,0,0.736767,0.233527,0,0.66528,12.849,1,0.345194,0.979887,0,52.1823,5.21867,47.5983,0.84672,12.849,0.84672,3695.15,0,36.966,0.42336,0.537175,1.75002,4.83376,1.18675,5.51084,0.42336,36.966,0.42336,423.524,0,1.02816,0,0,1.56533,0.537175,1.028160,1,0,53.1092,0,0,0,53.1092,0
72.29,1.943,0,0,2.62612,0.0744467,0.608676,3.6288,61.0254,0.620201,0,0,0.670283,0.21634,0,0.66528,12.849,1,0.345353,0.608676,0,46.961,5.16275,42.0616,0.84672,12.849,0.84672,3695.15,0,36.966,0.42336,0.480393,1.78101,4.60463,1.18408,5.25859,0.42336,36.966,0.42336,423.524,0,1.02816,0,0,1.50855,0.480393,1.028160,1,0,47.3202,0,0,0,47.3202,0
72.29,1.94389,0,0,2.40208,0.0744467,0.38374,3.6288,60.8626,0.62084,0,0,0.674145,0.216113,0,0.66528,12.849,1,0.345511,0.38374,0,43.5231,5.16275,38.3986,0.84672,12.849,0.84672,3695.15,0,36.966,0.42336,0.479235,1.7817,4.53471,1.18408,5.18821,0.42336,36.966,0.42336,423.524,0,1.02816,0,0,1.50739,0.479235,1.028160,1,0,43.5868,0,0,0,43.5868,0
72.2649,1.94478,0,0,2.35701,0.0744467,0.36288,3.6288,60.6793,0.621479,0,0,0.654074,0.21589,0,0.66528,12.849,1,0.34567,0.36288,0,41.2455,5.16275,36.1,0.84672,12.849,0.84672,3695.15,0,36.966,0.42336,0.490208,1.78239,4.53335,1.18408,5.19851,0.42336,36.966,0.42336,423.524,0,1.02816,0,0,1.51837,0.490208,1.028160,1,0,41.2985,0,0,0,41.2985,0
72.0374,1.99937,0,0,2.2073,0.072565,0.36288,3.6288,60.3812,0.662443,0,0,0.593539,0.229185,0,0.66528,12.849,1,0.355496,0.36288,0,37.2937,5.25879,32.0423,0.84672,12.849,0.84672,3695.15,0,36.966,0.42336,0.407359,1.78308,4.3121,1.23979,4.8394,0.42336,36.966,0.42336,423.524,0,1.02816,0,0,1.43552,0.407359,1.028160,1,0,36.8817,0,0,0,36.8817,0
71.6188,1.99933,0,0,2.00488,0.0612543,0.36288,3.6288,60.0123,0.665794,0,0,0.606742,0.309871,0,0.66528,12.849,1,0.356611,0.36288,0,36.8239,5.83506,30.9951,0.84672,12.849,0.84672,3695.15,0,36.966,0.42336,0.261274,1.8268,3.8908,1.57405,3.98146,0.42336,36.966,0.42336,423.524,0,1.02546,0,0,1.28674,0.261274,1.028160,1,0,34.9766,0,0,0,34.9766,0
71.0632,1.99847,0,0,1.86679,0.0610594,0.36288,3.6288,59.5658,0.663753,0,0,0.526387,0.309144,0,0.66528,12.849,1,0.358542,0.36288,0,31.1793,5.83506,25.3486,0.84672,12.849,0.84672,3695.15,0,36.966,0.42336,0.362759,1.82751,3.92668,1.57405,4.11954,0.42336,36.966,0.42336,423.524,0,1.02816,0,0,1.39092,0.362759,1.028160,1,0,29.4682,0,0,0,29.4682,0
70.3685,1.99701,0,0,1.72596,0.0608007,0.36288,3.6288,59.0473,0.698328,0,0,0.488148,0.308264,0,0.66528,12.849,1,0.361081,0.36288,0,29.8982,5.83506,24.0649,0.84672,12.849,0.84672,3695.15,0,36.966,0.42336,0.227405,1.82821,3.41422,1.57405,3.47243,0.42336,36.966,0.42336,423.524,0,0.994239,0,0,1.22164,0.227405,1.028160,1,0,27.5374,0,0,0,27.5374,0
69.5622,2.15204,0,0,1.76432,0.0556478,0.36288,3.6288,58.6144,0.66528,0,0,0.542103,0.309795,0,0.66528,12.849,1,0.392955,0.36288,0,28.4361,5.90984,22.4962,0.84672,12.849,0.84672,3695.15,0,36.966,0.42336,0.358344,1.82892,4.2231,1.58899,4.39802,0.42336,36.966,0.42336,423.524,0,1.02816,0,0,1.3865,0.358344,1.028160,1,0,26.8942,0,0,0,26.8942,0
68.5107,2.14917,0,0,1.51629,0.0557778,0.36288,3.6288,58.1378,0.66528,0,0,0.500079,0.311407,0,0.66528,12.849,1,0.396978,0.36288,0,26.5562,5.84975,20.6723,0.84672,12.849,0.84672,3695.15,0,36.966,0.42336,0.264531,1.86462,3.98569,1.61271,4.07877,0.42336,36.966,0.42336,423.524,0,1.02816,0,0,1.29269,0.264531,1.028160,1,0,24.7511,0,0,0,24.7511,0
67.1702,2.14501,0,0,1.22447,0.0570975,0.36288,3.6288,57.5306,0.714381,0,0,0.425669,0.318477,0,0.66528,12.849,1,0.40229,0.36288,0,23.3388,5.80892,17.4905,0.84672,12.849,0.84672,3695.15,0,36.966,0.42336,0.204422,1.86484,3.41673,1.61282,3.44981,0.42336,36.966,0.42336,423.524,0,0.979059,0,0,1.18348,0.204422,1.028160,1,0,20.9403,0,0,0,20.9403,0
65.9416,2.13923,0,0,1.33001,0.0564996,0.36288,3.6288,56.9385,0.705577,0,0,0.430719,0.31723,0,0.66528,12.849,1,0.409214,0.36288,0,22.3055,5.80892,16.4503,0.84672,12.849,0.84672,3695.15,0,36.966,0.42336,0.204422,1.86505,3.6291,1.61282,3.6624,0.42336,36.966,0.42336,423.524,0,0.987863,0,0,1.19229,0.204422,1.028160,1,0,20.1127,0,0,0,20.1127,0
65.4287,2.13381,0,0,2.05428,0.070489,0.36288,3.6288,56.4784,0.66528,0,0,0.518079,0.312884,0,0.66528,12.849,1,0.415783,0.36288,0,36.0273,5.71986,30.2546,0.84672,12.849,0.84672,3695.15,0,36.966,0.42336,0.401034,1.86527,3.83528,1.6019,4.07632,0.42336,36.966,0.42336,423.524,0,1.02816,0,0,1.42919,0.401034,1.028160,1,0,34.3309,0,0,0,34.3309,0
65.4276,2.0562,0,0,2.52234,0.104343,0.36288,3.6288,56.0982,0.66528,0,0,0.580549,0.295464,0,0.66528,12.849,1,0.403801,0.36288,0,35.2295,5.33446,29.8541,0.84672,12.849,0.84672,3695.15,0,36.966,0.42336,0.221219,1.86548,4.61236,1.4771,4.7986,0.42336,36.966,0.42336,423.524,0,1.02816,0,0,1.24938,0.221219,1.028160,1,0,34.6527,0,0,0,34.6527,0
64.6281,2.05713,0,0,1.75555,0.135018,0.36288,3.6288,55.2232,1.02982,0,0,0.437346,0.282557,0,0.66528,12.849,1,0.403989,0.36288,0,29.148,4.8007,24.3062,0.84672,12.849,0.84672,3695.15,0,36.966,0.42336,0.216518,1.84869,4.6785,1.33253,4.98782,0.42336,36.966,0.42336,423.524,0,0.663621,0,0,0.88014,0.216518,1.028160,1,0,29.294,0,0,0,29.294,0
63.5541,2.05389,0,0,1.47689,0.134154,0.36288,3.6288,54.8974,0.66528,0,0,0.620396,0.280941,0,0.66528,12.849,1,0.408343,0.36288,0,26.433,4.8007,21.5868,0.84672,12.849,0.84672,3695.15,0,36.966,0.42336,0.498182,1.8489,5.28104,1.33253,5.87223,0.42336,36.966,0.42336,423.524,0,1.02816,0,0,1.52634,0.498182,1.028160,1,0,27.459,0,0,0,27.459,0
62.2728,2.04908,0,0,1.26373,0.132993,0.36288,3.6288,53.9004,1.05926,0,0,0.342662,0.280339,0,0.66528,12.849,1,0.414271,0.36288,0,26.4071,4.8007,21.555,0.84672,12.849,0.84672,3695.15,0,36.966,0.42336,0.216518,1.84911,3.93039,1.33253,4.24012,0.42336,36.966,0.42336,423.524,0,0.634176,0,0,0.850694,0.216518,1.028160,1,0,25.7952,0,0,0,25.7952,0
61.0976,1.9811,0,0,1.31846,0.149744,0.36288,3.6288,52.8986,1.06767,0,0,0.329878,0.264046,0,0.66528,12.849,1,0.408767,0.36288,0,25.3823,4.59308,20.7434,0.84672,12.849,0.84672,3695.15,0,36.966,0.42336,0.216518,1.84932,3.95524,1.26764,4.33008,0.42336,36.966,0.42336,423.524,0,0.608135,0,0,0.824653,0.216518,1.028160,1,0,25.0734,0,0,0,25.0734,0
62.5753,1.9755,0,0,4.01407,0.198021,0.36288,3.6288,53.1139,0.648288,0,0,1.04627,0.182645,0,0.66528,12.849,1,0.415453,0.36288,0,74.4206,4.44423,69.9238,0.84672,12.849,0.84672,3695.15,0,36.966,0.42336,1.55049,1.82192,7.18211,1.13976,8.9914,0.42336,36.966,0.42336,423.524,0,1.02816,0,0,2.57865,1.55049,1.028160,1,0,78.9152,0,0,0,78.9152,0
63.7921,1.98454,0,0,3.76474,0.200447,0.36288,3.6288,53.0606,0.648935,0,0,0.77855,0.182959,0,0.66528,12.849,1,0.407499,0.36288,0,71.286,4.44423,66.7972,0.84672,12.849,0.84672,3695.15,0,36.966,0.42336,1.32309,1.82263,9.68378,1.13976,11.2664,0.42336,36.966,0.42336,423.524,0,1.02816,0,0,2.35125,1.32309,1.028160,1,0,78.0636,0,0,0,78.0636,0
64.8271,1.99192,0,0,3.59221,0.202445,0.36288,3.6288,53.6189,0.649583,0,0,1.3908,0.182881,0,0.66528,12.849,1,0.401211,0.36288,0,86.1719,4.44423,81.6893,0.84672,12.849,0.84672,3695.15,0,36.966,0.42336,1.86603,1.82333,10.7609,1.13976,12.8871,0.42336,36.966,0.42336,423.524,0,1.02816,0,0,2.89419,1.86603,1.028160,1,0,94.5764,0,0,0,94.5764,0
66.0724,1.82107,0,0,3.63833,0.209057,0.36288,3.6288,54.0782,0.481642,0,0,1.12606,0.18516,0,0.66528,12.849,1,0.360944,0.36288,0,65.8014,4.32576,61.4776,0.84672,12.849,0.84672,3695.15,0,36.966,0.42336,2.17757,1.82403,13.3436,1.11456,15.8073,0.42336,36.966,0.42336,423.524,0,1.02816,0,0,3.20573,2.17757,1.028160,1,0,77.2848,0,0,0,77.2848,0
66.3906,1.82761,0,0,2.75052,0.241811,0.36288,3.6288,54.628,0.482226,0,0,1.21058,0.178562,0,0.66528,12.849,1,0.355413,0.36288,0,70.2807,3.74686,66.5413,0.84672,12.849,0.84672,3695.15,0,36.966,0.42336,1.60982,1.65472,7.07901,0.948312,8.97188,0.42336,36.966,0.42336,423.524,0,1.02816,0,0,2.63798,1.60982,1.028160,1,0,75.5132,0,0,0,75.5132,0
66.2967,1.82988,0,0,2.34164,0.242781,0.36288,3.6288,54.8377,0.482809,0,0,0.865374,0.172782,0,0.66528,12.849,1,0.354149,0.36288,0,33.6617,3.79964,29.8708,0.84672,12.849,0.84672,3695.15,0,36.966,0.42336,1.22829,1.65536,6.53378,0.942288,8.05178,0.42336,36.966,0.42336,423.524,0,1.02816,0,0,2.25645,1.22829,1.028160,1,0,37.9226,0,0,0,37.9226,0
70.1125,1.83031,0,0,6.25154,0.2426,0.36288,3.6288,56.2637,0.483392,0,0,2.08239,0.173021,0,0.66528,12.849,1,0.354732,0.36288,0,63.3626,3.79964,59.5711,0.84672,12.849,0.84672,3695.15,0,36.966,0.42336,3.26022,1.656,12.5111,0.942288,16.0616,0.42336,36.966,0.42336,423.524,0,1.02816,0,0,4.28838,3.26022,1.028160,1,0,75.6327,0,0,0,75.6327,0
72.29,1.84747,0,0,9.00193,0.274798,4.70215,3.6288,58.9391,0.483975,0,0,3.35681,0.197457,0,0.66528,12.849,1,0.338573,4.70215,0,170.915,4.24693,171.031,0.84672,12.849,0.84672,3695.15,0,36.966,0.42336,5.12201,1.65664,21.5686,1.00795,26.916,0.42336,36.966,0.42336,423.524,0,1.02816,0,0,6.15017,5.12201,1.028160,1,0,197.947,0,0,0,197.947,0
72.29,1.9264,0,0,5.67735,0.283419,3.46753,3.6288,60.1462,0.533455,0,0,1.9696,0.229053,0,0.66528,12.849,1,0.342403,3.46753,0,126.159,4.5507,124.733,0.84672,12.849,0.84672,3695.15,0,36.966,0.42336,3.0263,1.65728,13.2312,1.11768,16.3737,0.42336,36.966,0.42336,423.524,0,1.02816,0,0,4.05446,3.0263,1.028160,1,0,141.107,0,0,0,141.107,0
72.29,1.92725,0,0,4.39262,0.246073,2.2193,3.6288,61.0137,0.534036,0,0,1.6594,0.257889,0,0.66528,12.849,1,0.342554,2.2193,0,96.0016,4.47142,93.407,0.84672,12.849,0.84672,3695.15,0,36.966,0.42336,2.44814,1.71102,11.8164,1.2689,14.2833,0.42336,36.966,0.42336,423.524,0,1.02816,0,0,3.4763,2.44814,1.028160,1,0,107.69,0,0,0,107.69,0
72.29,1.9281,0,0,4.34439,0.246073,2.17022,3.6288,61.308,0.534616,0,0,1.6224,0.259314,0.534135,0.66528,12.849,1,0.342705,2.17022,0,101.266,4.47142,98.6221,0.84672,12.849,0.84672,3695.15,0,36.966,0.42336,2.36895,1.71165,11.4252,1.2689,13.8135,0.42336,36.966,0.42336,423.524,0,1.02816,0,0,3.39711,2.36895,1.028160,1,0,112.97,0,0,0,112.97,0
72.29,1.92895,0,0,4.44509,0.229995,2.28615,3.6288,61.308,0.535197,0,0,1.71238,0.250163,0.927019,0.66528,12.849,1,0.342856,2.28615,0,94.4006,3.90196,92.442,0.84672,12.849,0.84672,3695.15,0,36.966,0.42336,2.52817,1.71229,11.8193,1.15224,14.4841,0.42336,36.966,0.42336,423.524,0,1.02816,0,0,3.55633,2.52817,1.028160,1,0,107.853,0,0,0,107.853,0
72.29,2.15309,0,0,4.73633,0.258662,2.32458,3.6288,61.308,0.66528,0,0,2.05471,0.176934,1.2125,0.66528,12.849,1,0.382695,2.32458,0,93.3543,2.98068,92.3155,0.84672,12.849,0.84672,3695.15,0,36.966,0.42336,4.71784,1.71292,13.5173,0.946647,18.578,0.42336,36.966,0.42336,423.524,0,1.02816,0,0,5.746,4.71784,1.028160,1,0,112.106,0,0,0,112.106,0
72.29,2.15402,0,0,4.12665,0.298635,1.674,3.6288,61.308,0.66528,0,0,1.62867,0.187681,0.775714,0.66528,12.849,1,0.382861,1.674,0,98.8347,3.33077,96.7951,0.84672,12.849,0.84672,3695.15,0,36.966,0.42336,2.73681,1.8629,11.1107,0.859916,14.4271,0.42336,36.966,0.42336,423.524,0,1.02816,0,0,3.76497,2.73681,1.028160,1,0,111.998,0,0,0,111.998,0
72.29,2.15495,0,0,4.24056,0.304166,1.78144,3.6288,61.308,0.66528,0,0,1.62143,0.191305,0.764849,0.66528,12.849,1,0.383027,1.78144,0,91.012,3.40284,89.0076,0.84672,12.849,0.84672,3695.15,0,36.966,0.42336,2.58184,1.8631,7.70964,0.848742,10.8825,0.42336,36.966,0.42336,423.524,0,1.02816,0,0,3.61,2.58184,1.028160,1,0,100.655,0,0,0,100.655,0
72.29,2.15589,0,0,3.78409,0.304166,1.32403,3.6288,61.308,0.66528,0,0,1.65643,0.191305,0.799841,0.66528,12.849,1,0.383193,1.32403,0,86.1641,3.40284,83.7021,0.84672,12.849,0.84672,3695.15,0,36.966,0.42336,2.59448,1.86331,7.70973,0.848742,10.8954,0.42336,36.966,0.42336,423.524,0,1.02816,0,0,3.62264,2.59448,1.028160,1,0,95.3974,0,0,0,95.3974,0
72.29,1.83787,0,0,3.98722,0.280763,1.86859,3.6288,61.308,0.475118,0,0,1.72355,0.219129,1.0293,0.66528,12.849,1,0.326667,1.86859,0,86.9754,4.57398,83.9434,0.84672,12.849,0.84672,3695.15,0,36.966,0.42336,2.7573,1.86351,8.5873,1.24779,11.537,0.42336,36.966,0.42336,423.524,0,1.02816,0,0,3.78546,2.7573,1.028160,1,0,96.5096,0,0,0,96.5096,0
72.29,1.83868,0,0,3.61067,0.304738,1.46725,3.6288,61.308,0.475676,0,0,1.0973,0.172402,0.44922,0.66528,12.849,1,0.326812,1.46725,0,63.1488,4.13303,60.1562,0.84672,12.849,0.84672,3695.15,0,36.966,0.42336,1.66592,1.6464,6.087,1.02354,7.95243,0.42336,36.966,0.42336,423.524,0,1.02816,0,0,2.69408,1.66592,1.028160,1,0,68.5579,0,0,0,68.5579,0
72.29,1.8395,0,0,5.01412,0.309386,2.86524,3.6288,61.308,0.476234,0,0,1.59163,0.165977,0.949416,0.66528,12.849,1,0.326957,2.86524,0,80.3088,4.0278,78.8193,0.84672,12.849,0.84672,3695.15,0,36.966,0.42336,1.58852,1.64701,9.73144,0.972148,11.5715,0.42336,36.966,0.42336,423.524,0,1.02816,0,0,2.61668,1.58852,1.028160,1,0,91.3402,0,0,0,91.3402,0
72.29,1.84031,0,0,5.18143,0.309386,3.03173,3.6288,61.308,0.476792,0,0,1.42478,0.165977,0.78201,0.66528,12.849,1,0.327102,3.03173,0,124.095,4.0278,122.772,0.84672,12.849,0.84672,3695.15,0,36.966,0.42336,2.4213,1.64763,9.87742,0.972148,12.5508,0.42336,36.966,0.42336,423.524,0,1.02816,0,0,3.44946,2.4213,1.028160,1,0,136.105,0,0,0,136.105,0
72.29,1.84113,0,0,4.45052,0.333843,2.27555,3.6288,61.308,0.47735,0,0,1.10489,0.133494,0.494047,0.66528,12.849,1,0.327247,2.27555,0,80.9845,3.65534,79.2774,0.84672,12.849,0.84672,3695.15,0,36.966,0.42336,1.34971,1.64824,7.24709,0.86863,8.95304,0.42336,36.966,0.42336,423.524,0,1.02816,0,0,2.37787,1.34971,1.028160,1,0,88.7245,0,0,0,88.7245,0
72.29,1.92238,0,0,5.76051,0.33899,3.49914,3.6288,61.308,0.538482,0,0,1.11271,0.106298,0.467931,0.66528,12.849,1,0.341689,3.49914,0,75.0125,2.92129,75.2486,0.84672,12.849,0.84672,3695.15,0,36.966,0.42336,1.23068,1.64885,7.05465,0.683108,8.82771,0.42336,36.966,0.42336,423.524,0,1.02816,0,0,2.25884,1.23068,1.028160,1,0,84.5443,0,0,0,84.5443,0
72.29,1.92323,0,0,8.1921,0.297749,5.97113,3.6288,61.308,0.539063,0,0,1.27949,0.152771,0.587655,0.66528,12.849,1,0.341839,5.97113,0,105.614,3.16008,108.084,0.84672,12.849,0.84672,3695.15,0,36.966,0.42336,1.21961,1.71401,8.76822,0.771155,10.5073,0.42336,36.966,0.42336,423.524,0,1.02816,0,0,2.24777,1.21961,1.028160,1,0,119.179,0,0,0,119.179,0
72.29,1.92407,0,0,5.60042,0.291583,3.38476,3.6288,61.308,0.539644,0,0,1.19214,0.186088,0.466406,0.66528,12.849,1,0.34199,3.38476,0,109.361,3.90054,108.503,0.84672,12.849,0.84672,3695.15,0,36.966,0.42336,1.27418,1.71465,9.54374,0.972991,11.1362,0.42336,36.966,0.42336,423.524,0,1.02816,0,0,2.30234,1.27418,1.028160,1,0,120.106,0,0,0,120.106,0
72.29,1.92492,0,0,4.88287,0.291583,2.66637,3.6288,61.308,0.540225,0,0,1.33426,0.186088,0.607944,0.66528,12.849,1,0.34214,2.66637,0,75.956,3.90054,74.3797,0.84672,12.849,0.84672,3695.15,0,36.966,0.42336,1.50493,1.71528,7.00246,0.972991,8.82633,0.42336,36.966,0.42336,423.524,0,1.02816,0,0,2.53309,1.50493,1.028160,1,0,83.8139,0,0,0,83.8139,0
72.29,1.89427,0,0,4.52092,0.287719,2.33893,3.6288,61.308,0.517246,0,0,1.40493,0.188749,0.698938,0.66528,12.849,1,0.336692,2.33893,0,70.6709,3.88513,68.788,0.84672,12.849,0.84672,3695.15,0,36.966,0.42336,1.51082,1.71592,9.39236,0.971081,11.2247,0.42336,36.966,0.42336,423.524,0,1.02816,0,0,2.53898,1.51082,1.028160,1,0,80.7116,0,0,0,80.7116,0
72.29,1.89511,0,0,3.98179,0.232523,1.85416,3.6288,61.308,0.517819,0,0,0.943419,0.235588,0.190011,0.66528,12.849,1,0.336841,1.85416,0,76.5547,4.54965,73.5224,0.84672,12.849,0.84672,3695.15,0,36.966,0.42336,1.00549,1.6914,6.78439,1.10354,7.95437,0.42336,36.966,0.42336,423.524,0,1.02816,0,0,2.03365,1.00549,1.028160,1,0,81.6668,0,0,0,81.6668,0
72.29,1.89594,0,0,3.55207,0.232523,1.4236,3.6288,61.308,0.518392,0,0,0.837708,0.235588,0.0837282,0.66528,12.849,1,0.336989,1.4236,0,65.7521,4.54965,62.2891,0.84672,12.849,0.84672,3695.15,0,36.966,0.42336,0.744708,1.69203,5.89148,1.10354,6.80131,0.42336,36.966,0.42336,423.524,0,1.02816,0,0,1.77287,0.744708,1.028160,1,0,69.1741,0,0,0,69.1741,0
72.29,1.89678,0,0,3.273,0.215239,1.16098,3.6288,61.308,0.518965,0,0,0.767681,0.212833,0.0358831,0.66528,12.849,1,0.337138,1.16098,0,61.3291,4.07781,58.0752,0.84672,12.849,0.84672,3695.15,0,36.966,0.42336,0.636932,1.69266,5.30566,0.98387,6.22802,0.42336,36.966,0.42336,423.524,0,1.02816,0,0,1.66509,0.636932,1.028160,1,0,64.3391,0,0,0,64.3391,0
72.29,2.00468,0,0,3.11199,0.202277,0.90503,3.6288,61.2428,0.603215,0,0,0.733812,0.195767,0,0.66528,12.849,1,0.356317,0.90503,0,56.6503,3.72393,53.4751,0.84672,12.849,0.84672,3695.15,0,36.966,0.42336,0.787908,1.69328,5.3029,0.894116,6.46662,0.42336,36.966,0.42336,423.524,0,1.02816,0,0,1.81607,0.787908,1.028160,1,0,59.9417,0,0,0,59.9417,0
72.29,2.00556,0,0,2.98405,0.166525,0.811965,3.6288,61.2465,0.603819,0,0,0.809974,0.202462,0,0.66528,12.849,1,0.356473,0.811965,0,50.5337,3.89245,47.0968,0.84672,12.849,0.84672,3695.15,0,36.966,0.42336,0.791001,1.78219,5.09471,0.973297,6.27124,0.42336,36.966,0.42336,423.524,0,1.02816,0,0,1.81916,0.791001,1.028160,1,0,53.368,0,0,0,53.368,0
72.29,2.00644,0,0,2.92529,0.152224,0.766629,3.6288,61.2245,0.604424,0,0,0.787536,0.205178,0,0.66528,12.849,1,0.356629,0.766629,0,48.6473,3.95987,45.0975,0.84672,12.849,0.84672,3695.15,0,36.966,0.42336,0.60302,1.78285,5.04941,1.00497,6.00695,0.42336,36.966,0.42336,423.524,0,1.02816,0,0,1.63118,0.60302,1.028160,1,0,51.1044,0,0,0,51.1044,0
72.29,2.00731,0,0,2.73587,0.152224,0.576338,3.6288,61.141,0.605028,0,0,0.726684,0.205149,0,0.66528,12.849,1,0.356784,0.576338,0,45.5062,3.95987,41.7659,0.84672,12.849,0.84672,3695.15,0,36.966,0.42336,0.53574,1.78351,4.43357,1.00497,5.32449,0.42336,36.966,0.42336,423.524,0,1.02816,0,0,1.5639,0.53574,1.028160,1,0,47.0904,0,0,0,47.0904,0
72.29,2.00819,0,0,2.56668,0.122417,0.43608,3.6288,60.9947,0.605633,0,0,0.689662,0.230271,0,0.66528,12.849,1,0.35694,0.43608,0,42.4049,4.5441,37.94,0.84672,12.849,0.84672,3695.15,0,36.966,0.42336,0.493517,1.78417,4.38908,1.08791,5.15549,0.42336,36.966,0.42336,423.524,0,1.02816,0,0,1.52168,0.493517,1.028160,1,0,43.0955,0,0,0,43.0955,0
72.1092,1.98785,0,0,2.2574,0.0874791,0.36288,3.6288,60.8506,0.652313,0,0,0.782706,0.274495,0,0.66528,12.849,1,0.353325,0.36288,0,38.0481,5.37667,32.6809,0.84672,12.849,0.84672,3695.15,0,36.966,0.42336,0.669669,1.78483,3.87725,1.24968,4.65871,0.42336,36.966,0.42336,423.524,0,1.02816,0,0,1.69783,0.669669,1.028160,1,0,37.3396,0,0,0,37.3396,0
71.5738,1.98797,0,0,1.90924,0.0937556,0.36288,3.6288,60.8024,0.652935,0,0,0.893367,0.28867,0,0.66528,12.849,1,0.354232,0.36288,0,34.9562,5.44813,29.5167,0.84672,12.849,0.84672,3695.15,0,36.966,0.42336,0.875025,1.81641,3.5067,1.31792,4.45686,0.42336,36.966,0.42336,423.524,0,1.02816,0,0,1.90318,0.875025,1.028160,1,0,33.9736,0,0,0,33.9736,0
70.8855,1.98659,0,0,1.75454,0.0933742,0.36288,3.6288,60.7279,0.653557,0,0,0.867698,0.288582,0,0.66528,12.849,1,0.356634,0.36288,0,34.4042,5.44813,28.9623,0.84672,12.849,0.84672,3695.15,0,36.966,0.42336,0.875837,1.81708,3.53606,1.31792,4.4877,0.42336,36.966,0.42336,423.524,0,1.02816,0,0,1.904,0.875837,1.028160,1,0,33.45,0,0,0,33.45,0
70.0423,1.98452,0,0,1.59706,0.0928839,0.36288,3.6288,60.5969,0.65418,0,0,0.811564,0.288446,0,0.66528,12.849,1,0.359723,0.36288,0,33.028,5.44813,27.583,0.84672,12.849,0.84672,3695.15,0,36.966,0.42336,0.621527,1.81775,3.3218,1.31792,4.01981,0.42336,36.966,0.42336,423.524,0,1.02816,0,0,1.64969,0.621527,1.028160,1,0,31.6028,0,0,0,31.6028,0
69.0334,2.03633,0,0,1.46855,0.0782453,0.36288,3.6288,60.3855,0.66528,0,0,0.774827,0.320965,0,0.66528,12.849,1,0.373557,0.36288,0,29.2804,5.87159,23.3981,0.84672,12.849,0.84672,3695.15,0,36.966,0.42336,0.613293,1.81843,3.19629,1.47248,3.73217,0.42336,36.966,0.42336,423.524,0,1.02816,0,0,1.64145,0.613293,1.028160,1,0,27.1303,0,0,0,27.1303,0
67.9527,2.03261,0,0,1.38224,0.067399,0.36288,3.6288,60.1694,0.66528,0,0,0.749822,0.300651,0,0.66528,12.849,1,0.378324,0.36288,0,27.9304,5.63818,22.2767,0.84672,12.849,0.84672,3695.15,0,36.966,0.42336,0.536561,1.8393,3.06984,1.39799,3.62436,0.42336,36.966,0.42336,423.524,0,1.02816,0,0,1.56472,0.536561,1.028160,1,0,25.9011,0,0,0,25.9011,0
66.7278,2.02843,0,0,1.2332,0.0668323,0.36288,3.6288,59.9142,0.66528,0,0,0.710381,0.300238,0,0.66528,12.849,1,0.383551,0.36288,0,26.7849,5.63818,21.126,0.84672,12.849,0.84672,3695.15,0,36.966,0.42336,0.510036,1.8395,2.95939,1.39799,3.48758,0.42336,36.966,0.42336,423.524,0,1.02816,0,0,1.5382,0.510036,1.028160,1,0,24.6136,0,0,0,24.6136,0
65.4279,2.02341,0,0,1.15258,0.06619,0.36288,3.6288,59.6312,0.66528,0,0,0.682007,0.29975,0,0.66528,12.849,1,0.389624,0.36288,0,24.9667,5.63818,19.3017,0.84672,12.849,0.84672,3695.15,0,36.966,0.42336,0.345557,1.83969,2.87354,1.39799,3.23745,0.42336,36.966,0.42336,423.524,0,1.02816,0,0,1.37372,0.345557,1.028160,1,0,22.5392,0,0,0,22.5392,0
63.8834,2.17621,0,0,1.06014,0.0655084,0.36288,3.6288,59.318,0.66528,0,0,0.651326,0.299209,0,0.66528,12.849,1,0.427372,0.36288,0,19.9447,5.63818,14.242,0.84672,12.849,0.84672,3695.15,0,36.966,0.42336,0.281543,1.83989,2.68566,1.39799,2.98575,0.42336,36.966,0.42336,423.524,0,1.02816,0,0,1.3097,0.281543,1.028160,1,0,17.2277,0,0,0,17.2277,0
62.5449,2.16854,0,0,1.25375,0.0608757,0.36288,3.6288,59.0723,0.66528,0,0,0.722108,0.302551,0,0.66528,12.849,1,0.436162,0.36288,0,21.0882,5.92402,15.0909,0.84672,12.849,0.84672,3695.15,0,36.966,0.42336,0.502252,1.8756,2.99102,1.53555,3.40997,0.42336,36.966,0.42336,423.524,0,1.02816,0,0,1.53041,0.502252,1.028160,1,0,18.5008,0,0,0,18.5008,0
61.1229,2.16172,0,0,1.16243,0.0598083,0.36288,3.6288,58.8059,0.66528,0,0,0.700047,0.301198,0,0.66528,12.849,1,0.444096,0.36288,0,29.0258,6.13011,22.8145,0.84672,12.849,0.84672,3695.15,0,36.966,0.42336,0.482915,1.87581,3.05374,1.57462,3.41448,0.42336,36.966,0.42336,423.524,0,1.02816,0,0,1.51108,0.482915,1.028160,1,0,26.229,0,0,0,26.229,0
59.734,2.15411,0,0,1.18721,0.0591115,0.36288,3.6288,58.6429,0.66528,0,0,0.80303,0.300684,0,0.66528,12.849,1,0.452828,0.36288,0,25.1435,6.13011,18.9235,0.84672,12.849,0.84672,3695.15,0,36.966,0.42336,0.568572,1.87602,3.17125,1.57462,3.61786,0.42336,36.966,0.42336,423.524,0,1.02816,0,0,1.59673,0.568572,1.028160,1,0,22.5413,0,0,0,22.5413,0
58.3631,2.14637,0,0,1.19787,0.0595375,0.36288,3.6288,58.4932,0.66528,0,0,0.809119,0.29359,0,0.66528,12.849,1,0.461691,0.36288,0,25.5122,5.94527,19.4681,0.84672,12.849,0.84672,3695.15,0,36.966,0.42336,0.958668,1.87623,4.05623,1.50267,4.9651,0.42336,36.966,0.42336,423.524,0,1.02816,0,0,1.98683,0.958668,1.028160,1,0,24.4332,0,0,0,24.4332,0
56.8764,2.06256,0,0,1.01047,0.071717,0.36288,3.6288,58.2445,0.66528,0,0,0.667003,0.250445,0,0.66528,12.849,1,0.454086,0.36288,0,15.9132,5.04446,10.7776,0.84672,12.849,0.84672,3695.15,0,36.966,0.42336,0.660338,1.87644,3.91135,1.13286,4.89191,0.42336,36.966,0.42336,423.524,0,1.02816,0,0,1.6885,0.660338,1.028160,1,0,15.6695,0,0,0,15.6695,0
55.0428,2.05377,0,0,0.668903,0.0858864,0.36288,3.6288,57.8445,0.66528,0,0,0.509756,0.244477,0,0.66528,12.849,1,0.463968,0.36288,0,12.4214,5.5651,6.75519,0.84672,12.849,0.84672,3695.15,0,36.966,0.42336,0.682828,1.85931,2.43762,1.28765,3.26875,0.42336,36.966,0.42336,423.524,0,1.02816,0,0,1.71099,0.682828,1.028160,1,0,10.0239,0,0,0,10.0239,0
53.2041,2.04212,0,0,0.650678,0.0843339,0.36288,3.6288,57.4069,0.66528,0,0,0.471582,0.243846,0,0.66528,12.849,1,0.476705,0.36288,0,11.3467,5.5651,5.66772,0.84672,12.849,0.84672,3695.15,0,36.966,0.42336,0.536414,1.85951,2.39521,1.28765,3.08013,0.42336,36.966,0.42336,423.524,0,1.02816,0,0,1.56457,0.536414,1.028160,1,0,8.74785,0,0,0,8.74785,0
51.9204,2.02972,0,0,1.30805,0.199216,0.36288,3.6288,57.6134,0.66528,0,0,1.01144,0.139645,0,0.66528,12.849,1,0.490186,0.36288,0,30.851,4.1117,26.612,0.84672,12.849,0.84672,3695.15,0,36.966,0.42336,1.22062,1.85972,6.03485,0.833363,7.85846,0.42336,36.966,0.42336,423.524,0,1.02816,0,0,2.24878,1.22062,1.028160,1,0,34.4705,0,0,0,34.4705,0
51.4626,1.95991,0,0,2.06158,0.196601,0.36288,3.6288,57.7162,0.66528,0,0,0.907891,0.139832,0,0.66528,12.849,1,0.485028,0.36288,0,34.9203,4.1117,30.6864,0.84672,12.849,0.84672,3695.15,0,36.966,0.42336,1.60313,1.85992,3.92041,0.833363,6.12673,0.42336,36.966,0.42336,423.524,0,1.02816,0,0,2.63129,1.60313,1.028160,1,0,36.8132,0,0,0,36.8132,0
50.218,1.9573,0,0,1.21939,0.143719,0.36288,3.6288,57.5857,0.66528,0,0,0.73491,0.200104,0,0.66528,12.849,1,0.488693,0.36288,0,24.2832,4.02514,20.1323,0.84672,12.849,0.84672,3695.15,0,36.966,0.42336,0.606485,1.84587,4.50886,0.887277,5.65058,0.42336,36.966,0.42336,423.524,0,1.02816,0,0,1.63464,0.606485,1.028160,1,0,25.7829,0,0,0,25.7829,0
49.245,1.9485,0,0,1.56375,0.225448,0.36288,3.6288,57.2737,0.66528,0,0,0.551558,0.19832,0,0.66528,12.849,1,0.498552,0.36288,0,32.7582,4.12429,28.4982,0.84672,12.849,0.84672,3695.15,0,36.966,0.42336,0.234809,1.84607,4.35069,1.04094,4.96726,0.42336,36.966,0.42336,423.524,0,1.02816,0,0,1.26297,0.234809,1.028160,1,0,33.4655,0,0,0,33.4655,0
48.0463,1.94153,0,0,1.32885,0.223128,0.36288,3.6288,57.0295,0.66528,0,0,0.618997,0.197919,0,0.66528,12.849,1,0.506584,0.36288,0,26.7783,4.12429,22.5103,0.84672,12.849,0.84672,3695.15,0,36.966,0.42336,0.520137,1.84627,4.83578,1.04094,5.73788,0.42336,36.966,0.42336,423.524,0,1.02816,0,0,1.5483,0.520137,1.028160,1,0,28.2482,0,0,0,28.2482,0
49.7944,1.76171,0,0,4.09297,0.220248,0.36288,3.6288,58.3017,0.511093,0,0,1.9809,0.197606,0,0.66528,12.849,1,0.471132,0.36288,0,92.777,4.12429,88.5445,0.84672,12.849,0.84672,3695.15,0,36.966,0.42336,3.92349,1.84647,11.4986,1.04094,15.8043,0.42336,36.966,0.42336,423.524,0,1.02816,0,0,4.95165,3.92349,1.028160,1,0,104.349,0,0,0,104.349,0
53.495,1.77563,0,0,6.06868,0.229538,0.36288,3.6288,60.113,0.51166,0,0,2.5033,0.180375,0,0.66528,12.849,1,0.458186,0.36288,0,94.7765,4.13989,90.5413,0.84672,12.849,0.84672,3695.15,0,36.966,0.42336,2.92565,1.687,15.6244,0.952027,18.8617,0.42336,36.966,0.42336,423.524,0,1.02816,0,0,3.95381,2.92565,1.028160,1,0,109.403,0,0,0,109.403,0
54.8792,1.80198,0,0,3.79157,0.242512,0.36288,3.6288,61.308,0.512228,0,0,1.94316,0.168167,0.0677308,0.66528,12.849,1,0.432819,0.36288,0,86.889,4.1516,82.6675,0.84672,12.849,0.84672,3695.15,0,36.966,0.42336,2.38222,1.68762,9.10319,0.88534,11.8643,0.42336,36.966,0.42336,423.524,0,1.02816,0,0,3.41038,2.38222,1.028160,1,0,94.5996,0,0,0,94.5996,0
55.6578,1.81162,0,0,3.19905,0.245936,0.36288,3.6288,61.308,0.512797,0,0,1.79321,0.169447,1.11096,0.66528,12.849,1,0.424159,0.36288,0,79.3454,4.1516,75.1326,0.84672,12.849,0.84672,3695.15,0,36.966,0.42336,2.30189,1.68824,8.69607,0.88534,11.3775,0.42336,36.966,0.42336,423.524,0,1.02816,0,0,3.33005,2.30189,1.028160,1,0,87.621,0,0,0,87.621,0
56.8601,1.81724,0,0,3.6285,0.246118,0.36288,3.6288,61.308,0.513365,0,0,1.67778,0.184951,0.97946,0.66528,12.849,1,0.419522,0.36288,0,95.6966,4.53041,91.1096,0.84672,12.849,0.84672,3695.15,0,36.966,0.42336,1.88502,1.68887,9.65658,1.05744,11.7497,0.42336,36.966,0.42336,423.524,0,1.02816,0,0,2.91318,1.88502,1.028160,1,0,103.839,0,0,0,103.839,0
57.3687,1.82447,0,0,2.9454,0.249488,0.36288,3.6288,61.308,0.513365,0,0,1.71657,0.212424,0.990781,0.66528,12.849,1,0.412287,0.36288,0,79.5493,5.25099,74.249,0.84672,12.849,0.84672,3695.15,0,36.966,0.42336,1.52369,1.68949,7.83955,1.38388,9.24549,0.42336,36.966,0.42336,423.524,0,1.02816,0,0,2.55185,1.52369,1.028160,1,0,84.4852,0,0,0,84.4852,0
56.9564,1.89635,0,0,2.12916,0.282181,0.36288,3.6288,61.308,0.563779,0,0,1.71354,0.176852,0.972905,0.66528,12.849,1,0.42473,0.36288,0,74.0478,4.37409,69.6119,0.84672,12.849,0.84672,3695.15,0,36.966,0.42336,1.12006,1.68949,4.92701,0.950932,6.36226,0.42336,36.966,0.42336,423.524,0,1.02816,0,0,2.14822,1.12006,1.028160,1,0,76.947,0,0,0,76.947,0
56.4277,1.89463,0,0,2.01162,0.282786,0.36288,3.6288,61.308,0.564344,0,0,1.53096,0.200957,0.765655,0.66528,12.849,1,0.427417,0.36288,0,57.5548,4.7354,52.7548,0.84672,12.849,0.84672,3695.15,0,36.966,0.42336,1.08075,1.74424,4.74805,1.09344,6.05625,0.42336,36.966,0.42336,423.524,0,1.02816,0,0,2.10891,1.08075,1.028160,1,0,59.5767,0,0,0,59.5767,0
57.2434,1.89217,0,0,3.35201,0.281314,0.36288,3.6288,61.308,0.564909,0,0,1.86631,0.200957,1.10044,0.66528,12.849,1,0.43086,0.36288,0,98.4701,4.7354,93.6667,0.84672,12.849,0.84672,3695.15,0,36.966,0.42336,1.39156,1.74486,5.98701,1.09344,7.60663,0.42336,36.966,0.42336,423.524,0,1.02816,0,0,2.41972,1.39156,1.028160,1,0,102.374,0,0,0,102.374,0
59.7118,1.89797,0,0,5.01288,0.283586,0.36288,3.6288,61.308,0.565474,0,0,4.1944,0.200957,3.42797,0.66528,12.849,1,0.426024,0.36288,0,109.76,4.7354,104.961,0.84672,12.849,0.84672,3695.15,0,36.966,0.42336,6.08042,1.74548,17.9361,1.09344,24.2452,0.42336,36.966,0.42336,423.524,0,1.02816,0,0,7.10858,6.08042,1.028160,1,0,132.635,0,0,0,132.635,0
59.7888,2.13387,0,0,2.87671,0.302951,0.36288,3.6288,61.308,0.66528,0,0,2.53699,0.21367,1.65804,0.66528,12.849,1,0.459173,0.36288,0,73.1839,4.87008,68.2175,0.84672,12.849,0.84672,3695.15,0,36.966,0.42336,1.611,1.7461,6.12923,1.35538,7.70759,0.42336,36.966,0.42336,423.524,0,1.02816,0,0,2.63916,1.611,1.028160,1,0,77.5832,0,0,0,77.5832,0
60.3214,2.13523,0,0,3.34454,0.313823,0.36288,3.6288,61.308,0.66528,0,0,1.94854,0.218037,1.06523,0.66528,12.849,1,0.458875,0.36288,0,63.488,4.99044,58.4016,0.84672,12.849,0.84672,3695.15,0,36.966,0.42336,1.66809,1.87362,7.01084,1.44882,8.68037,0.42336,36.966,0.42336,423.524,0,1.02816,0,0,2.69625,1.66809,1.028160,1,0,68.1472,0,0,0,68.1472,0
60.6204,2.13945,0,0,3.08662,0.285358,0.36288,3.6288,61.308,0.66528,0,0,2.3563,0.233402,1.45762,0.66528,12.849,1,0.455723,0.36288,0,97.3322,4.43316,92.8062,0.84672,12.849,0.84672,3695.15,0,36.966,0.42336,2.6271,1.87383,7.85457,1.14448,10.7877,0.42336,36.966,0.42336,423.524,0,1.02816,0,0,3.65526,2.6271,1.028160,1,0,105.051,0,0,0,105.051,0
61.4079,2.14219,0,0,3.66804,0.375487,0.36288,3.6288,61.308,0.66528,0,0,2.84844,0.133112,2.05004,0.66528,12.849,1,0.454056,0.36288,0,116.608,3.46941,113.047,0.84672,12.849,0.84672,3695.15,0,36.966,0.42336,3.01634,1.87403,10.9701,0.863049,14.5741,0.42336,36.966,0.42336,423.524,0,1.02816,0,0,4.0445,3.01634,1.028160,1,0,129.672,0,0,0,129.672,0
62.7522,1.83125,0,0,3.83769,0.299241,0.36288,3.6288,61.308,0.5041,0,0,2.54095,0.199025,1.83782,0.66528,12.849,1,0.383172,0.36288,0,112.382,3.72012,108.642,0.84672,12.849,0.84672,3695.15,0,36.966,0.42336,2.39827,1.87423,6.6994,1.04654,9.50201,0.42336,36.966,0.42336,423.524,0,1.02816,0,0,3.42643,2.39827,1.028160,1,0,119.982,0,0,0,119.982,0
64.3984,1.83884,0,0,4.12251,0.27459,0.36288,3.6288,61.308,0.504643,0,0,2.81443,0.216537,2.09325,0.66528,12.849,1,0.376518,0.36288,0,102.822,3.61074,99.1977,0.84672,12.849,0.84672,3695.15,0,36.966,0.42336,2.41164,1.67815,6.63964,1.05434,9.25173,0.42336,36.966,0.42336,423.524,0,1.02816,0,0,3.4398,2.41164,1.028160,1,0,110.543,0,0,0,110.543,0
67.1356,1.84765,0,0,5.22056,0.272771,0.36288,3.6288,61.308,0.505186,0,0,3.78129,0.217577,3.05852,0.66528,12.849,1,0.368649,0.36288,0,127.806,3.62601,124.175,0.84672,12.849,0.84672,3695.15,0,36.966,0.42336,3.8935,1.67874,11.0352,1.05685,15.1272,0.42336,36.966,0.42336,423.524,0,1.02816,0,0,4.92166,3.8935,1.028160,1,0,142.36,0,0,0,142.36,0
70.5519,1.86105,0,0,5.96172,0.321528,0.36288,3.6288,61.308,0.505729,0,0,4.06051,0.230554,3.32423,0.66528,12.849,1,0.356183,0.36288,0,190.16,4.46418,185.703,0.84672,12.849,0.84672,3695.15,0,36.966,0.42336,6.78885,1.67933,15.729,1.08341,22.6905,0.42336,36.966,0.42336,423.524,0,1.02816,0,0,7.81701,6.78885,1.028160,1,0,211.718,0,0,0,211.718,0
72.29,1.87643,0,0,4.39679,0.311271,0.471,3.6288,61.308,0.506272,0,0,2.8249,0.221666,2.09696,0.66528,12.849,1,0.341737,0.471,0,140.258,4.30488,136.083,0.84672,12.849,0.84672,3695.15,0,36.966,0.42336,3.42935,1.67993,9.1038,1.07469,12.715,0.42336,36.966,0.42336,423.524,0,1.02816,0,0,4.45751,3.42935,1.028160,1,0,150.895,0,0,0,150.895,0
72.29,1.96618,0,0,6.37284,0.26747,4.13919,3.6288,61.308,0.568551,0,0,5.7307,0.199446,4.96271,0.66528,12.849,1,0.349473,4.13919,0,196.09,3.90663,195.973,0.84672,12.849,0.84672,3695.15,0,36.966,0.42336,5.98717,1.68052,16.2339,1.0529,22.4253,0.42336,36.966,0.42336,423.524,0,1.02816,0,0,7.01533,5.98717,1.028160,1,0,223.361,0,0,0,223.361,0
72.29,1.967,0,0,6.37,0.26747,4.13552,3.6288,61.308,0.569116,0,0,3.48163,0.199446,2.71307,0.66528,12.849,1,0.349619,4.13552,0,173.364,3.90663,173.243,0.84672,12.849,0.84672,3695.15,0,36.966,0.42336,4.40624,1.74691,11.4302,1.0529,16.1071,0.42336,36.966,0.42336,423.524,0,1.02816,0,0,5.4344,4.40624,1.028160,1,0,192.064,0,0,0,192.064,0
72.29,1.96782,0,0,5.24274,0.250924,3.024,3.6288,61.308,0.569681,0,0,2.8168,0.204242,2.04287,0.66528,12.849,1,0.349766,3.024,0,145.934,3.91165,144.696,0.84672,12.849,0.84672,3695.15,0,36.966,0.42336,3.58689,1.74753,10.5583,1.05943,14.4099,0.42336,36.966,0.42336,423.524,0,1.02816,0,0,4.61505,3.58689,1.028160,1,0,161.149,0,0,0,161.149,0
72.29,1.96865,0,0,4.75908,0.151644,2.63878,3.6288,61.308,0.570247,0,0,2.644,0.233018,1.84073,0.66528,12.849,1,0.349912,2.63878,0,142.961,3.94181,141.308,0.84672,12.849,0.84672,3695.15,0,36.966,0.42336,3.10311,1.74815,10.3643,1.09863,13.6936,0.42336,36.966,0.42336,423.524,0,1.02816,0,0,4.13127,3.10311,1.028160,1,0,156.842,0,0,0,156.842,0
72.29,1.93737,0,0,3.56697,0.185519,1.44408,3.6288,61.308,0.546801,0,0,1.58388,0.232846,0.804229,0.66528,12.849,1,0.344353,1.44408,0,93.1746,4.39551,89.8788,0.84672,12.849,0.84672,3695.15,0,36.966,0.42336,1.87525,1.74876,7.55533,1.15299,9.603,0.42336,36.966,0.42336,423.524,0,1.02816,0,0,2.90341,1.87525,1.028160,1,0,100.286,0,0,0,100.286,0
72.29,1.93818,0,0,3.16308,0.185519,1.03937,3.6288,61.308,0.547358,0,0,1.42241,0.232846,0.642208,0.66528,12.849,1,0.344498,1.03937,0,80.3192,4.39551,76.6185,0.84672,12.849,0.84672,3695.15,0,36.966,0.42336,1.49888,1.72375,6.5162,1.15299,8.16248,0.42336,36.966,0.42336,423.524,0,1.02816,0,0,2.52704,1.49888,1.028160,1,0,85.4232,0,0,0,85.4232,0
72.29,1.939,0,0,2.88459,0.176877,0.768718,3.6288,61.308,0.547915,0,0,1.28332,0.221469,0.513933,0.66528,12.849,1,0.344642,0.768718,0,72.1475,4.15959,68.4119,0.84672,12.849,0.84672,3695.15,0,36.966,0.42336,1.29771,1.72436,6.01048,1.09316,7.51603,0.42336,36.966,0.42336,423.524,0,1.02816,0,0,2.32587,1.29771,1.028160,1,0,76.4419,0,0,0,76.4419,0
72.29,1.93981,0,0,2.68212,0.155273,0.587032,3.6288,61.308,0.548472,0,0,1.21798,0.193024,0.476484,0.66528,12.849,1,0.344787,0.587032,0,68.5593,3.56979,65.2317,0.84672,12.849,0.84672,3695.15,0,36.966,0.42336,1.29241,1.72497,5.54337,0.943565,7.19382,0.42336,36.966,0.42336,423.524,0,1.02816,0,0,2.32057,1.29241,1.028160,1,0,72.902,0,0,0,72.902,0
72.29,2.04973,0,0,2.79571,0.14623,0.599743,3.6288,61.308,0.634301,0,0,1.3405,0.214366,0.491829,0.66528,12.849,1,0.364325,0.599743,0,67.6693,3.92895,63.9758,0.84672,12.849,0.84672,3695.15,0,36.966,0.42336,1.75958,1.72558,6.12744,0.973173,8.21607,0.42336,36.966,0.42336,423.524,0,1.02816,0,0,2.78774,1.75958,1.028160,1,0,72.6837,0,0,0,72.6837,0
72.29,2.05058,0,0,2.60799,0.139447,0.417961,3.6288,61.308,0.634889,0,0,1.2703,0.230372,0.405035,0.66528,12.849,1,0.364476,0.417961,0,67.7912,4.19832,63.6463,0.84672,12.849,0.84672,3695.15,0,36.966,0.42336,0.997203,1.81615,5.49488,0.995379,6.8895,0.42336,36.966,0.42336,423.524,0,1.02816,0,0,2.02536,0.997203,1.028160,1,0,70.9409,0,0,0,70.9409,0
72.0863,2.05144,0,0,2.35004,0.139447,0.36288,3.6288,61.308,0.635477,0,0,1.13221,0.230372,0.266363,0.66528,12.849,1,0.364627,0.36288,0,60.7702,4.19832,56.5702,0.84672,12.849,0.84672,3695.15,0,36.966,0.42336,0.719133,1.81679,5.16866,0.995379,6.28584,0.42336,36.966,0.42336,423.524,0,1.02816,0,0,1.74729,0.719133,1.028160,1,0,63.1224,0,0,0,63.1224,0
71.6468,2.05141,0,0,2.1063,0.131464,0.36288,3.6288,61.308,0.636065,0,0,1.11932,0.235764,0.247492,0.66528,12.849,1,0.365654,0.36288,0,52.7367,4.28493,48.449,0.84672,12.849,0.84672,3695.15,0,36.966,0.42336,0.868199,1.81743,5.04824,1.01681,6.2937,0.42336,36.966,0.42336,423.524,0,1.02816,0,0,1.89636,0.868199,1.028160,1,0,54.9901,0,0,0,54.9901,0
71.1253,2.05036,0,0,1.9827,0.0910183,0.36288,3.6288,61.308,0.636653,0,0,1.01345,0.270541,0.106261,0.66528,12.849,1,0.367708,0.36288,0,47.2541,4.9002,42.349,0.84672,12.849,0.84672,3695.15,0,36.966,0.42336,0.858876,1.81808,4.58216,1.15731,5.67845,0.42336,36.966,0.42336,423.524,0,1.02816,0,0,1.88704,0.858876,1.028160,1,0,48.1337,0,0,0,48.1337,0
70.5257,2.02737,0,0,1.89734,0.106703,0.36288,3.6288,61.1294,0.66528,0,0,0.763258,0.276605,0,0.66528,12.849,1,0.36625,0.36288,0,38.415,5.13923,33.2724,0.84672,12.849,0.84672,3695.15,0,36.966,0.42336,0.549521,1.81872,3.69164,1.18704,4.44948,0.42336,36.966,0.42336,423.524,0,1.02816,0,0,1.57768,0.549521,1.028160,1,0,37.7219,0,0,0,37.7219,0
69.8329,2.02557,0,0,1.80196,0.106213,0.36288,3.6288,60.9332,0.66528,0,0,0.745364,0.276292,0,0.66528,12.849,1,0.369038,0.36288,0,37.5695,5.13923,32.4241,0.84672,12.849,0.84672,3695.15,0,36.966,0.42336,0.483304,1.83625,3.50303,1.18704,4.21219,0.42336,36.966,0.42336,423.524,0,1.02816,0,0,1.51146,0.483304,1.028160,1,0,36.6363,0,0,0,36.6363,0
69.0716,2.02332,0,0,1.70902,0.0841048,0.36288,3.6288,60.6644,0.66528,0,0,0.707452,0.310941,0,0.66528,12.849,1,0.372284,0.36288,0,35.7571,5.68581,30.0619,0.84672,12.849,0.84672,3695.15,0,36.966,0.42336,0.469645,1.83644,3.36125,1.36171,3.88227,0.42336,36.966,0.42336,423.524,0,1.02816,0,0,1.4978,0.469645,1.028160,1,0,33.9441,0,0,0,33.9441,0
68.1988,2.0207,0,0,1.59654,0.0858137,0.36288,3.6288,60.393,0.66528,0,0,0.697127,0.303265,0,0.66528,12.849,1,0.3759,0.36288,0,34.9447,5.92494,29.0067,0.84672,12.849,0.84672,3695.15,0,36.966,0.42336,0.499478,1.83663,3.32135,1.38073,3.85337,0.42336,36.966,0.42336,423.524,0,1.02816,0,0,1.52764,0.499478,1.028160,1,0,32.8601,0,0,0,32.8601,0
67.0251,2.07289,0,0,1.34448,0.0824133,0.36288,3.6288,60.0015,0.709543,0,0,0.630204,0.31209,0,0.66528,12.849,1,0.390543,0.36288,0,24.9449,5.66754,19.2497,0.84672,12.849,0.84672,3695.15,0,36.966,0.42336,0.261274,1.83681,2.67674,1.3928,2.95867,0.42336,36.966,0.42336,423.524,0,0.983897,0,0,1.24517,0.261274,1.028160,1,0,22.2084,0,0,0,22.2084,0
65.8247,2.06801,0,0,1.31172,0.0811905,0.36288,3.6288,59.5942,0.66528,0,0,0.570832,0.312868,0,0.66528,12.849,1,0.396446,0.36288,0,30.5994,5.62464,24.9412,0.84672,12.849,0.84672,3695.15,0,36.966,0.42336,0.300793,1.84934,2.85669,1.39481,3.18865,0.42336,36.966,0.42336,423.524,0,1.02816,0,0,1.32895,0.300793,1.028160,1,0,28.1299,0,0,0,28.1299,0
64.5469,2.06281,0,0,1.22825,0.0804203,0.36288,3.6288,59.1478,0.66528,0,0,0.530854,0.312055,0,0.66528,12.849,1,0.402661,0.36288,0,24.5683,5.62464,18.9039,0.84672,12.849,0.84672,3695.15,0,36.966,0.42336,0.276143,1.84953,2.57507,1.39481,2.88258,0.42336,36.966,0.42336,423.524,0,1.02816,0,0,1.3043,0.276143,1.028160,1,0,21.7864,0,0,0,21.7864,0
63.1656,2.05701,0,0,1.11827,0.0796003,0.36288,3.6288,58.5233,0.81724,0,0,0.503976,0.311165,0,0.66528,12.849,1,0.409479,0.36288,0,22.3908,5.62464,16.7196,0.84672,12.849,0.84672,3695.15,0,36.966,0.42336,0.227405,1.84972,2.40198,1.39481,2.66094,0.42336,36.966,0.42336,423.524,0,0.8762,0,0,1.1036,0.227405,1.028160,1,0,19.3805,0,0,0,19.3805,0
61.6725,2.21086,0,0,1.15281,0.0722553,0.36288,3.6288,58.1486,0.66528,0,0,0.602337,0.311795,0,0.66528,12.849,1,0.449727,0.36288,0,22.6095,5.91563,16.607,0.84672,12.849,0.84672,3695.15,0,36.966,0.42336,0.486968,1.84991,3.28962,1.43266,3.77047,0.42336,36.966,0.42336,423.524,0,1.02816,0,0,1.51513,0.486968,1.028160,1,0,20.3775,0,0,0,20.3775,0
59.8557,2.20274,0,0,0.832775,0.083897,0.36288,3.6288,57.6343,0.703598,0,0,0.490975,0.301692,0,0.66528,12.849,1,0.458926,0.36288,0,18.5373,5.95466,12.4866,0.84672,12.849,0.84672,3695.15,0,36.966,0.42336,0.227405,1.88628,2.60126,1.41342,2.87817,0.42336,36.966,0.42336,423.524,0,0.989842,0,0,1.21725,0.227405,1.028160,1,0,15.3648,0,0,0,15.3648,0
58.1226,2.19217,0,0,0.904539,0.0825944,0.36288,3.6288,57.1588,0.671587,0,0,0.496797,0.300691,0,0.66528,12.849,1,0.470586,0.36288,0,17.7169,5.95466,11.6546,0.84672,12.849,0.84672,3695.15,0,36.966,0.42336,0.204422,1.88649,2.76296,1.41342,3.01709,0.42336,36.966,0.42336,423.524,0,1.02185,0,0,1.22628,0.204422,1.028160,1,0,14.6717,0,0,0,14.6717,0
56.8805,2.18157,0,0,1.39713,0.0948171,0.36288,3.6288,56.7944,0.66528,0,0,0.597569,0.296632,0,0.66528,12.849,1,0.482274,0.36288,0,28.6155,5.8656,22.6305,0.84672,12.849,0.84672,3695.15,0,36.966,0.42336,0.441798,1.88669,2.91993,1.4025,3.42256,0.42336,36.966,0.42336,423.524,0,1.02816,0,0,1.46996,0.441798,1.028160,1,0,26.0531,0,0,0,26.0531,0
56.1005,2.17387,0,0,1.8586,0.101819,0.36288,3.6288,56.5703,0.66528,0,0,0.73291,0.291768,0,0.66528,12.849,1,0.491066,0.36288,0,32.6887,6.03093,26.5295,0.84672,12.849,0.84672,3695.15,0,36.966,0.42336,0.445159,1.88689,3.22544,1.40158,3.73255,0.42336,36.966,0.42336,423.524,0,1.02816,0,0,1.47332,0.445159,1.028160,1,0,30.2621,0,0,0,30.2621,0
54.5886,2.09251,0,0,1.07272,0.129189,0.36288,3.6288,56.0514,0.716282,0,0,0.494071,0.296671,0,0.66528,12.849,1,0.479258,0.36288,0,23.6057,6.50039,16.9889,0.84672,12.849,0.84672,3695.15,0,36.966,0.42336,0.204422,1.8871,2.78166,1.44105,3.00877,0.42336,36.966,0.42336,423.524,0,0.977158,0,0,1.18158,0.204422,1.028160,1,0,19.9977,0,0,0,19.9977,0
53.3955,2.08262,0,0,1.41384,0.161517,0.36288,3.6288,55.6366,0.66528,0,0,0.519432,0.268982,0,0.66528,12.849,1,0.490204,0.36288,0,23.8729,6.27952,17.4661,0.84672,12.849,0.84672,3695.15,0,36.966,0.42336,0.236848,1.86964,2.23728,1.36519,2.55521,0.42336,36.966,0.42336,423.524,0,1.02816,0,0,1.26501,0.236848,1.028160,1,0,20.0213,0,0,0,20.0213,0
52.816,2.07464,0,0,2.01766,0.159573,0.36288,3.6288,55.558,0.66528,0,0,0.854899,0.268252,0,0.66528,12.849,1,0.499238,0.36288,0,44.1576,6.27952,37.7417,0.84672,12.849,0.84672,3695.15,0,36.966,0.42336,1.10767,1.86984,4.19421,1.36519,5.38316,0.42336,36.966,0.42336,423.524,0,1.02816,0,0,2.13583,1.10767,1.028160,1,0,43.1248,0,0,0,43.1248,0
51.9015,2.07108,0,0,1.6932,0.173788,0.36288,3.6288,55.2828,0.66528,0,0,0.652788,0.262649,0,0.66528,12.849,1,0.50385,0.36288,0,59.112,6.26652,52.7045,0.84672,12.849,0.84672,3695.15,0,36.966,0.42336,0.589395,1.87003,2.76506,1.37103,3.4301,0.42336,36.966,0.42336,423.524,0,1.02816,0,0,1.61755,0.589395,1.028160,1,0,56.1346,0,0,0,56.1346,0
51.6246,2.00271,0,0,2.32502,0.23631,0.36288,3.6288,55.3129,0.66528,0,0,0.885714,0.190336,0,0.66528,12.849,1,0.495801,0.36288,0,64.6966,4.58064,59.983,0.84672,12.849,0.84672,3695.15,0,36.966,0.42336,1.36506,1.87023,3.5636,1.12587,5.24966,0.42336,36.966,0.42336,423.524,0,1.02816,0,0,2.39322,1.36506,1.028160,1,0,65.2327,0,0,0,65.2327,0
52.9564,2.0014,0,0,3.92139,0.225284,0.36288,3.6288,55.5754,0.66528,0,0,1.10252,0.174728,0,0.66528,12.849,1,0.498135,0.36288,0,78.3207,3.9375,74.248,0.84672,12.849,0.84672,3695.15,0,36.966,0.42336,1.96406,1.85591,6.7006,1.0138,9.08342,0.42336,36.966,0.42336,423.524,0,1.02816,0,0,2.99222,1.96406,1.028160,1,0,83.3314,0,0,0,83.3314,0
54.1887,2.01231,0,0,3.83592,0.228403,0.36288,3.6288,55.7087,0.66528,0,0,0.973607,0.175029,0,0.66528,12.849,1,0.488255,0.36288,0,77.2848,3.9375,73.2219,0.84672,12.849,0.84672,3695.15,0,36.966,0.42336,1.92931,1.8561,8.48652,1.0138,10.8348,0.42336,36.966,0.42336,423.524,0,1.02816,0,0,2.95747,1.92931,1.028160,1,0,84.0567,0,0,0,84.0567,0
55.6242,2.02212,0,0,4.05177,0.231289,0.36288,3.6288,56.7169,0.66528,0,0,1.84867,0.175182,0,0.66528,12.849,1,0.479477,0.36288,0,86.8156,3.9375,82.7615,0.84672,12.849,0.84672,3695.15,0,36.966,0.42336,3.04988,1.8563,7.52557,1.0138,10.9946,0.42336,36.966,0.42336,423.524,0,1.02816,0,0,4.07804,3.04988,1.028160,1,0,93.7561,0,0,0,93.7561,0
56.0801,1.854,0,0,2.91711,0.244375,0.36288,3.6288,57.0989,0.539737,0,0,1.10794,0.186258,0,0.66528,12.849,1,0.428268,0.36288,0,60.6569,4.1278,56.4637,0.84672,12.849,0.84672,3695.15,0,36.966,0.42336,2.02152,1.85649,8.75953,1.09793,11.1162,0.42336,36.966,0.42336,423.524,0,1.02816,0,0,3.04968,2.02152,1.028160,1,0,67.5799,0,0,0,67.5799,0
57.7115,1.85761,0,0,4.11041,0.258511,0.36288,3.6288,57.817,0.540289,0,0,1.45841,0.199978,0,0.66528,12.849,1,0.425613,0.36288,0,144.611,4.38155,140.167,0.84672,12.849,0.84672,3695.15,0,36.966,0.42336,2.91991,1.71839,8.34567,1.2101,11.3505,0.42336,36.966,0.42336,423.524,0,1.02816,0,0,3.94807,2.91991,1.028160,1,0,151.517,0,0,0,151.517,0
59.6343,1.86823,0,0,4.41661,0.262702,0.36288,3.6288,58.8888,0.540842,0,0,1.81358,0.200911,0,0.66528,12.849,1,0.415946,0.36288,0,94.1337,4.38155,89.6991,0.84672,12.849,0.84672,3695.15,0,36.966,0.42336,2.55893,1.719,8.83656,1.2101,11.481,0.42336,36.966,0.42336,423.524,0,1.02816,0,0,3.58709,2.55893,1.028160,1,0,101.18,0,0,0,101.18,0
61.1953,1.88005,0,0,4.0844,0.280458,0.36288,3.6288,59.7159,0.541394,0,0,1.56608,0.197609,0,0.66528,12.849,1,0.405081,0.36288,0,108.849,4.19422,104.613,0.84672,12.849,0.84672,3695.15,0,36.966,0.42336,2.36453,1.7196,8.70338,1.17205,11.1921,0.42336,36.966,0.42336,423.524,0,1.02816,0,0,3.39269,2.36453,1.028160,1,0,115.805,0,0,0,115.805,0
66.9851,1.88937,0,0,8.35896,0.316852,0.36288,3.6288,61.308,0.541947,0,0,2.91712,0.186861,0.596237,0.66528,12.849,1,0.396707,0.36288,0,200.895,3.72592,197.135,0.84672,12.849,0.84672,3695.15,0,36.966,0.42336,4.7272,1.72021,14.429,1.07692,19.3761,0.42336,36.966,0.42336,423.524,0,1.02816,0,0,5.75536,4.7272,1.028160,1,0,217.107,0,0,0,217.107,0
68.6621,1.99017,0,0,4.26637,0.236345,0.36288,3.6288,61.308,0.593269,0,0,0.983422,0.264741,0.125412,0.66528,12.849,1,0.381751,0.36288,0,95.377,5.22617,90.1319,0.84672,12.849,0.84672,3695.15,0,36.966,0.42336,1.26943,1.72081,7.80572,1.47501,8.89759,0.42336,36.966,0.42336,423.524,0,1.02816,0,0,2.29759,1.26943,1.028160,1,0,99.1549,0,0,0,99.1549,0
70.1647,1.99882,0,0,4.10378,0.239479,0.36288,3.6288,61.308,0.593817,0,0,0.877228,0.264741,0.0186699,0.66528,12.849,1,0.374046,0.36288,0,97.1309,5.22617,91.8936,0.84672,12.849,0.84672,3695.15,0,36.966,0.42336,1.21232,1.77655,7.27989,1.47501,8.37039,0.42336,36.966,0.42336,423.524,0,1.02816,0,0,2.24048,1.21232,1.028160,1,0,100.283,0,0,0,100.283,0
70.696,2.00639,0,0,3.15682,0.256283,0.36288,3.6288,61.1333,0.594365,0,0,0.679634,0.259944,0,0.66528,12.849,1,0.367422,0.36288,0,83.4805,5.01289,78.4631,0.84672,12.849,0.84672,3695.15,0,36.966,0.42336,0.644604,1.77715,4.72531,1.41451,5.30919,0.42336,36.966,0.42336,423.524,0,1.02816,0,0,1.67276,0.644604,1.028160,1,0,83.7723,0,0,0,83.7723,0
70.8938,2.00952,0,0,2.91185,0.341653,0.36288,3.6288,60.9004,0.594913,0,0,0.592929,0.230904,0,0.66528,12.849,1,0.365231,0.36288,0,71.337,3.73327,67.6014,0.84672,12.849,0.84672,3695.15,0,36.966,0.42336,0.602389,1.77775,4.01331,1.05151,4.91857,0.42336,36.966,0.42336,423.524,0,1.02816,0,0,1.63055,0.602389,1.028160,1,0,72.52,0,0,0,72.52,0
70.2599,2.24231,0,0,2.28149,0.310227,0.36288,3.6288,60.5514,0.66528,0,0,0.547174,0.230893,0,0.66528,12.849,1,0.406403,0.36288,0,61.8419,3.76753,58.0309,0.84672,12.849,0.84672,3695.15,0,36.966,0.42336,0.539404,1.77835,4.82373,1.0612,5.65693,0.42336,36.966,0.42336,423.524,0,1.02816,0,0,1.56756,0.539404,1.028160,1,0,63.6878,0,0,0,63.6878,0
69.6004,2.24009,0,0,2.22834,0.284876,0.36288,3.6288,60.2776,0.66528,0,0,0.622109,0.230629,0,0.66528,12.849,1,0.409663,0.36288,0,54.6714,3.79323,50.8314,0.84672,12.849,0.84672,3695.15,0,36.966,0.42336,0.739748,1.88406,5.35092,1.06847,6.4829,0.42336,36.966,0.42336,423.524,0,1.02816,0,0,1.76791,0.739748,1.028160,1,0,57.3143,0,0,0,57.3143,0
69.2403,2.23769,0,0,2.52395,0.283429,0.36288,3.6288,60.0016,0.697481,0,0,0.651632,0.230228,0,0.66528,12.849,1,0.413102,0.36288,0,62.7697,3.79323,58.9262,0.84672,12.849,0.84672,3695.15,0,36.966,0.42336,0.608429,1.88425,4.90546,1.06847,5.90632,0.42336,36.966,0.42336,423.524,0,0.995959,0,0,1.60439,0.608429,1.028160,1,0,64.8326,0,0,0,64.8326,0
68.5956,2.23675,0,0,2.21012,0.255177,0.36288,3.6288,59.4259,0.953018,0,0,0.608617,0.231249,0,0.66528,12.849,1,0.415076,0.36288,0,53.4177,3.71933,49.6461,0.84672,12.849,0.84672,3695.15,0,36.966,0.42336,0.608429,1.88445,4.43033,0.997285,5.50256,0.42336,36.966,0.42336,423.524,0,0.740422,0,0,1.34885,0.608429,1.028160,1,0,55.1487,0,0,0,55.1487,0
71.88,1.90592,0,0,5.8829,0.329696,0.36288,3.6288,61.308,0.532277,0,0,2.90429,0.180438,0.309489,0.66528,12.849,1,0.357008,0.36288,0,106.524,3.36912,103.161,0.84672,12.849,0.84672,3695.15,0,36.966,0.42336,2.43752,1.88464,10.5478,0.807629,13.6389,0.42336,36.966,0.42336,423.524,0,1.02816,0,0,3.46568,2.43752,1.028160,1,0,117.11,0,0,0,117.11,0
72.29,1.92053,0,0,6.77512,0.364786,4.07983,3.6288,61.308,0.532803,0,0,3.4708,0.192291,2.74571,0.66528,12.849,1,0.343307,4.07983,0,137.847,3.11105,138.472,0.84672,12.849,0.84672,3695.15,0,36.966,0.42336,2.79863,1.709,12.0626,0.766036,15.3809,0.42336,36.966,0.42336,423.524,0,1.02816,0,0,3.82679,2.79863,1.028160,1,0,156.599,0,0,0,156.599,0
72.29,1.92296,0,0,4.66986,0.343268,2.40364,3.6288,61.308,0.53333,0,0,2.37853,0.180258,1.66494,0.66528,12.849,1,0.341791,2.40364,0,110.88,2.93666,110.005,0.84672,12.849,0.84672,3695.15,0,36.966,0.42336,2.14991,1.70958,10.7765,0.740985,13.4716,0.42336,36.966,0.42336,423.524,0,1.02816,0,0,3.17807,2.14991,1.028160,1,0,125.141,0,0,0,125.141,0
72.29,1.92373,0,0,6.58407,0.286627,4.37372,3.6288,61.308,0.533857,0,0,3.03373,0.150177,2.34969,0.66528,12.849,1,0.341928,4.37372,0,118.6,2.50068,120.131,0.84672,12.849,0.84672,3695.15,0,36.966,0.42336,2.91396,1.71016,11.5507,0.678357,15.0731,0.42336,36.966,0.42336,423.524,0,1.02816,0,0,3.94212,2.91396,1.028160,1,0,137.553,0,0,0,137.553,0
72.29,1.9245,0,0,6.94711,0.294125,4.72849,3.6288,61.308,0.534385,0,0,4.68164,0.15327,3.99399,0.66528,12.849,1,0.342065,4.72849,0,141.675,2.63166,143.43,0.84672,12.849,0.84672,3695.15,0,36.966,0.42336,3.41029,1.71074,11.5503,0.685884,15.5621,0.42336,36.966,0.42336,423.524,0,1.02816,0,0,4.43845,3.41029,1.028160,1,0,162.986,0,0,0,162.986,0
72.29,2.00875,0,0,5.54463,0.339114,3.19677,3.6288,61.308,0.597777,0,0,3.64405,0.171831,2.87444,0.66528,12.849,1,0.357039,3.19677,0,122.788,3.41754,122.21,0.84672,12.849,0.84672,3695.15,0,36.966,0.42336,2.69091,1.71131,8.35773,0.73104,11.6056,0.42336,36.966,0.42336,423.524,0,1.02816,0,0,3.71907,2.69091,1.028160,1,0,136.69,0,0,0,136.69,0
72.29,2.00955,0,0,4.85977,0.339114,2.51111,3.6288,61.308,0.598326,0,0,3.06702,0.171831,2.29686,0.66528,12.849,1,0.357181,2.51111,0,98.4398,3.41754,97.1762,0.84672,12.849,0.84672,3695.15,0,36.966,0.42336,2.73057,1.77888,7.14252,0.73104,10.4976,0.42336,36.966,0.42336,423.524,0,1.02816,0,0,3.75873,2.73057,1.028160,1,0,109.971,0,0,0,109.971,0
72.29,2.01034,0,0,7.37251,0.336936,5.02523,3.6288,61.308,0.598874,0,0,3.59101,0.150768,2.84137,0.66528,12.849,1,0.357323,5.02523,0,161.882,2.67285,163.877,0.84672,12.849,0.84672,3695.15,0,36.966,0.42336,4.08135,1.77949,19.6963,0.590776,24.543,0.42336,36.966,0.42336,423.524,0,1.02816,0,0,5.10951,4.08135,1.028160,1,0,191.261,0,0,0,191.261,0
72.29,2.01114,0,0,4.80921,0.287303,2.51077,3.6288,61.308,0.599423,0,0,2.90677,0.186774,2.12058,0.66528,12.849,1,0.357466,2.51077,0,98.045,2.78323,97.4151,0.84672,12.849,0.84672,3695.15,0,36.966,0.42336,2.9497,1.78009,8.93048,0.672706,12.5642,0.42336,36.966,0.42336,423.524,0,1.02816,0,0,3.97786,2.9497,1.028160,1,0,112.1,0,0,0,112.1,0
72.29,1.97926,0,0,4.25115,0.270748,2.00114,3.6288,61.308,0.575523,0,0,1.66573,0.208273,0.881936,0.66528,12.849,1,0.351798,2.00114,0,78.4823,3.88007,76.2516,0.84672,12.849,0.84672,3695.15,0,36.966,0.42336,2.11642,1.78069,7.00899,0.855592,9.62715,0.42336,36.966,0.42336,423.524,0,1.02816,0,0,3.14458,2.11642,1.028160,1,0,86.7607,0,0,0,86.7607,0
72.29,1.98005,0,0,3.46939,0.267989,1.22136,3.6288,61.308,0.576063,0,0,1.337,0.211856,0.549077,0.66528,12.849,1,0.351938,1.22136,0,67.2166,4.06287,64.0232,0.84672,12.849,0.84672,3695.15,0,36.966,0.42336,1.77797,1.75518,5.96551,0.886073,8.18924,0.42336,36.966,0.42336,423.524,0,1.02816,0,0,2.80613,1.77797,1.028160,1,0,72.7615,0,0,0,72.7615,0
72.29,1.98084,0,0,3.09457,0.267989,0.845747,3.6288,61.308,0.576604,0,0,1.13524,0.211856,0.346775,0.66528,12.849,1,0.352079,0.845747,0,64.1097,4.06287,60.5405,0.84672,12.849,0.84672,3695.15,0,36.966,0.42336,1.06073,1.75577,5.60923,0.886073,7.1163,0.42336,36.966,0.42336,423.524,0,1.02816,0,0,2.08889,1.06073,1.028160,1,0,68.0035,0,0,0,68.0035,0
72.29,1.98163,0,0,3.76889,0.254868,1.5324,3.6288,61.308,0.577145,0,0,1.28212,0.217914,0.487065,0.66528,12.849,1,0.352219,1.5324,0,72.1647,4.14168,69.2032,0.84672,12.849,0.84672,3695.15,0,36.966,0.42336,1.02908,1.75637,6.46957,0.903183,7.92848,0.42336,36.966,0.42336,423.524,0,1.02816,0,0,2.05724,1.02908,1.028160,1,0,77.6188,0,0,0,77.6188,0
72.29,2.09351,0,0,2.78815,0.211743,0.482896,3.6288,61.308,0.664507,0,0,1.0309,0.23743,0.128962,0.66528,12.849,1,0.372105,0.482896,0,53.562,4.46901,49.2038,0.84672,12.849,0.84672,3695.15,0,36.966,0.42336,1.22716,1.75696,5.04075,0.984833,6.61667,0.42336,36.966,0.42336,423.524,0,1.02816,0,0,2.25532,1.22716,1.028160,1,0,55.9495,0,0,0,55.9495,0
72.1814,2.09433,0,0,2.57612,0.227538,0.36288,3.6288,61.308,0.665077,0,0,1.06675,0.226248,0.175421,0.66528,12.849,1,0.372252,0.36288,0,45.5803,4.42611,41.1448,0.84672,12.849,0.84672,3695.15,0,36.966,0.42336,1.14508,1.84915,4.76524,0.987232,6.34888,0.42336,36.966,0.42336,423.524,0,1.02816,0,0,2.17324,1.14508,1.028160,1,0,47.6691,0,0,0,47.6691,0
71.974,2.09468,0,0,2.3984,0.148235,0.36288,3.6288,61.308,0.66528,0,0,0.944145,0.254409,0.0244553,0.66528,12.849,1,0.372874,0.36288,0,44.4202,4.80396,39.6063,0.84672,12.849,0.84672,3695.15,0,36.966,0.42336,1.00108,1.84977,4.44646,1.06325,5.81071,0.42336,36.966,0.42336,423.524,0,1.02816,0,0,2.02924,1.00108,1.028160,1,0,45.4414,0,0,0,45.4414,0
71.5497,2.0946,0,0,2.18125,0.148002,0.36288,3.6288,61.1508,0.66528,0,0,0.762445,0.254409,0,0.66528,12.849,1,0.373934,0.36288,0,40.4354,4.80396,35.6204,0.84672,12.849,0.84672,3695.15,0,36.966,0.42336,0.689342,1.85011,3.9753,1.06325,5.02814,0.42336,36.966,0.42336,423.524,0,1.02816,0,0,1.7175,0.689342,1.028160,1,0,40.6485,0,0,0,40.6485,0
71.0572,2.09354,0,0,2.11035,0.146431,0.36288,3.6288,60.8608,0.66528,0,0,0.630798,0.255511,0,0.66528,12.849,1,0.375962,0.36288,0,36.9729,4.86978,32.09,0.84672,12.849,0.84672,3695.15,0,36.966,0.42336,0.568892,1.85029,3.81543,1.07554,4.73572,0.42336,36.966,0.42336,423.524,0,1.02816,0,0,1.59705,0.568892,1.028160,1,0,36.8257,0,0,0,36.8257,0
70.3746,2.07021,0,0,1.88561,0.135152,0.36288,3.6288,60.5127,0.695045,0,0,0.616022,0.269032,0,0.66528,12.849,1,0.374349,0.36288,0,36.7255,5.27103,31.443,0.84672,12.849,0.84672,3695.15,0,36.966,0.42336,0.30119,1.85047,3.49243,1.1688,4.05193,0.42336,36.966,0.42336,423.524,0,0.998395,0,0,1.29959,0.30119,1.028160,1,0,35.495,0,0,0,35.495,0
69.6158,2.06796,0,0,1.78149,0.109424,0.36288,3.6288,60.0905,0.698561,0,0,0.579946,0.303628,0,0.66528,12.849,1,0.377568,0.36288,0,34.9307,5.30901,29.607,0.84672,12.849,0.84672,3695.15,0,36.966,0.42336,0.261274,1.8458,3.57526,1.28596,3.97301,0.42336,36.966,0.42336,423.524,0,0.994879,0,0,1.25615,0.261274,1.028160,1,0,33.58,0,0,0,33.58,0
68.774,2.0653,0,0,1.69514,0.108784,0.36288,3.6288,59.5831,0.744068,0,0,0.539493,0.302814,0,0.66528,12.849,1,0.381193,0.36288,0,31.6643,5.30901,26.337,0.84672,12.849,0.84672,3695.15,0,36.966,0.42336,0.261274,1.84598,3.40429,1.28596,3.80222,0.42336,36.966,0.42336,423.524,0,0.949372,0,0,1.21065,0.261274,1.028160,1,0,30.1392,0,0,0,30.1392,0
67.8055,2.06218,0,0,1.56468,0.108075,0.36288,3.6288,58.9594,0.804332,0,0,0.482449,0.301835,0,0.66528,12.849,1,0.385276,0.36288,0,29.9637,5.30901,24.6323,0.84672,12.849,0.84672,3695.15,0,36.966,0.42336,0.261274,1.84616,3.18429,1.28596,3.5824,0.42336,36.966,0.42336,423.524,0,0.889108,0,0,1.15038,0.261274,1.028160,1,0,28.2147,0,0,0,28.2147,0
66.579,2.11471,0,0,1.34471,0.0936777,0.36288,3.6288,58.2702,0.800418,0,0,0.443934,0.332671,0,0.66528,12.849,1,0.400734,0.36288,0,26.2129,5.83274,20.3423,0.84672,12.849,0.84672,3695.15,0,36.966,0.42336,0.261274,1.84634,2.87422,1.46146,3.09701,0.42336,36.966,0.42336,423.524,0,0.893022,0,0,1.1543,0.261274,1.028160,1,0,23.4393,0,0,0,23.4393,0
65.2263,2.10936,0,0,1.2069,0.087395,0.36288,3.6288,57.4682,0.86978,0,0,0.411738,0.343959,0,0.66528,12.849,1,0.407082,0.36288,0,24.1953,6.04222,18.1089,0.84672,12.849,0.84672,3695.15,0,36.966,0.42336,0.261274,1.85908,2.49623,1.53166,2.66156,0.42336,36.966,0.42336,423.524,0,0.82366,0,0,1.08493,0.261274,1.028160,1,0,20.7704,0,0,0,20.7704,0
63.7818,2.10313,0,0,1.10799,0.0864573,0.36288,3.6288,56.6082,0.925024,0,0,0.407214,0.342181,0,0.66528,12.849,1,0.414298,0.36288,0,22.1174,6.04222,16.0238,0.84672,12.849,0.84672,3695.15,0,36.966,0.42336,0.227405,1.85927,2.4414,1.53166,2.57305,0.42336,36.966,0.42336,423.524,0,0.768416,0,0,0.99582,0.227405,1.028160,1,0,18.5969,0,0,0,18.5969,0
62.5826,2.09614,0,0,1.33116,0.0712738,0.36288,3.6288,56.113,0.66528,0,0,0.495868,0.325748,0,0.66528,12.849,1,0.422273,0.36288,0,23.1619,6.25044,16.852,0.84672,12.849,0.84672,3695.15,0,36.966,0.42336,0.321356,1.85946,3.6454,1.59048,3.81237,0.42336,36.966,0.42336,423.524,0,1.02816,0,0,1.34952,0.321356,1.028160,1,0,20.6644,0,0,0,20.6644,0
61.0335,2.25331,0,0,1.1415,0.0744774,0.36288,3.6288,55.3201,0.876303,0,0,0.396852,0.313547,0,0.66528,12.849,1,0.462632,0.36288,0,20.6053,6.14034,14.3652,0.84672,12.849,0.84672,3695.15,0,36.966,0.42336,0.227405,1.85964,2.68831,1.56233,2.78966,0.42336,36.966,0.42336,423.524,0,0.817137,0,0,1.04454,0.227405,1.028160,1,0,17.1548,0,0,0,17.1548,0
59.272,2.24448,0,0,0.919771,0.073857,0.36288,3.6288,54.0573,1.23162,0,0,0.299679,0.330823,0,0.66528,12.849,1,0.472517,0.36288,0,13.8992,6.06354,7.72599,0.84672,12.849,0.84672,3695.15,0,36.966,0.42336,0.227405,1.89666,2.07473,1.49933,2.2761,0.42336,36.966,0.42336,423.524,0,0.461817,0,0,0.689221,0.227405,1.028160,1,0,10.0021,0,0,0,10.0021,0
57.5821,2.23381,0,0,0.979422,0.0726871,0.36288,3.6288,53.0494,1.0484,0,0,0.368619,0.328078,0,0.66528,12.849,1,0.484245,0.36288,0,17.6871,6.06354,11.5022,0.84672,12.849,0.84672,3695.15,0,36.966,0.42336,0.204422,1.89685,2.31739,1.49933,2.49597,0.42336,36.966,0.42336,423.524,0,0.645036,0,0,0.849459,0.204422,1.028160,1,0,13.9982,0,0,0,13.9982,0
55.7304,2.22305,0,0,0.805766,0.0715042,0.36288,3.6288,51.675,1.3173,0,0,0.268459,0.325552,0,0.66528,12.849,1,0.496057,0.36288,0,16.2042,6.06354,10.0075,0.84672,12.849,0.84672,3695.15,0,36.966,0.42336,0.204422,1.89705,1.89804,1.49933,2.07682,0.42336,36.966,0.42336,423.524,0,0.376141,0,0,0.580563,0.204422,1.028160,1,0,12.0843,0,0,0,12.0843,0
54.0909,2.21052,0,0,1.00412,0.070208,0.36288,3.6288,51.0675,0.750565,0,0,0.465047,0.321974,0,0.66528,12.849,1,0.509649,0.36288,0,15.7951,6.06354,9.58482,0.84672,12.849,0.84672,3695.15,0,36.966,0.42336,0.204422,1.89725,2.96032,1.49933,3.1393,0.42336,36.966,0.42336,423.524,0,0.942875,0,0,1.1473,0.204422,1.028160,1,0,12.7241,0,0,0,12.7241,0
53.8783,2.12136,0,0,2.30251,0.0309163,0.36288,3.6288,51.2247,0.66528,0,0,1.15951,0.337046,0,0.66528,12.849,1,0.503917,0.36288,0,31.8947,6.58971,25.164,0.84672,12.849,0.84672,3695.15,0,36.966,0.42336,1.42395,1.89745,5.69568,1.50331,7.0904,0.42336,36.966,0.42336,423.524,0,1.02816,0,0,2.45211,1.42395,1.028160,1,0,32.2544,0,0,0,32.2544,0
53.5401,2.12058,0,0,2.27826,0.132956,0.36288,3.6288,51.693,0.66528,0,0,1.40112,0.26758,0,0.66528,12.849,1,0.505721,0.36288,0,29.2009,4.73035,24.3277,0.84672,12.849,0.84672,3695.15,0,36.966,0.42336,1.8399,1.87967,6.49858,1.0454,8.74938,0.42336,36.966,0.42336,423.524,0,1.02816,0,0,2.86806,1.8399,1.028160,1,0,33.0771,0,0,0,33.0771,0
53.3832,2.11883,0,0,2.46775,0.142987,0.36288,3.6288,52.4277,0.66528,0,0,1.67235,0.272366,0,0.66528,12.849,1,0.508495,0.36288,0,32.0414,4.79545,27.1003,0.84672,12.849,0.84672,3695.15,0,36.966,0.42336,1.95953,1.87986,7.44889,1.08268,9.78224,0.42336,36.966,0.42336,423.524,0,1.02816,0,0,2.98769,1.95953,1.028160,1,0,36.8825,0,0,0,36.8825,0
53.2712,2.11845,0,0,2.51217,0.142758,0.36288,3.6288,53.1983,0.66528,0,0,1.70986,0.273984,0,0.66528,12.849,1,0.509899,0.36288,0,45.5536,4.79545,40.6111,0.84672,12.849,0.84672,3695.15,0,36.966,0.42336,2.16263,1.88005,8.02336,1.08268,10.56,0.42336,36.966,0.42336,423.524,0,1.02816,0,0,3.19079,2.16263,1.028160,1,0,51.1712,0,0,0,51.1712,0
52.5672,2.05488,0,0,1.86191,0.148206,0.36288,3.6288,53.9493,0.66528,0,0,1.64449,0.228206,0,0.66528,12.849,1,0.495637,0.36288,0,39.6166,4.45846,35.0253,0.84672,12.849,0.84672,3695.15,0,36.966,0.42336,1.51647,1.88024,7.91281,1.05772,9.82844,0.42336,36.966,0.42336,423.524,0,1.02816,0,0,2.54463,1.51647,1.028160,1,0,44.8538,0,0,0,44.8538,0
51.3645,2.05035,0,0,1.4468,0.236296,0.36288,3.6288,53.6929,0.806812,0,0,0.733968,0.183499,0,0.66528,12.849,1,0.501167,0.36288,0,21.5963,4.30794,17.1501,0.84672,12.849,0.84672,3695.15,0,36.966,0.42336,0.216518,1.86566,4.72588,1.16921,5.21548,0.42336,36.966,0.42336,423.524,0,0.886628,0,0,1.10315,0.216518,1.028160,1,0,22.3655,0,0,0,22.3655,0
49.9559,2.04176,0,0,1.22946,0.23337,0.36288,3.6288,53.6682,0.66528,0,0,0.823718,0.183154,0,0.66528,12.849,1,0.510754,0.36288,0,17.6539,4.30794,13.1981,0.84672,12.849,0.84672,3695.15,0,36.966,0.42336,0.324225,1.86584,5.25277,1.16921,5.85027,0.42336,36.966,0.42336,423.524,0,1.02816,0,0,1.35238,0.324225,1.028160,1,0,19.0484,0,0,0,19.0484,0
51.1188,2.0311,0,0,3.78684,0.229944,0.36288,3.6288,55.4559,0.66528,0,0,2.63604,0.183118,0,0.66528,12.849,1,0.522414,0.36288,0,61.1638,4.30794,56.6963,0.84672,12.849,0.84672,3695.15,0,36.966,0.42336,3.29697,1.86603,12.4903,1.16921,16.0608,0.42336,36.966,0.42336,423.524,0,1.02816,0,0,4.32513,3.29697,1.028160,1,0,72.7571,0,0,0,72.7571,0
51.3585,1.86218,0,0,2.71884,0.254096,0.36288,3.6288,56.7157,0.567541,0,0,1.99583,0.168415,0,0.66528,12.849,1,0.468069,0.36288,0,44.2244,3.90601,40.2132,0.84672,12.849,0.84672,3695.15,0,36.966,0.42336,0.949242,1.86622,8.78806,1.06144,10.1187,0.42336,36.966,0.42336,423.524,0,1.02816,0,0,1.9774,0.949242,1.028160,1,0,50.332,0,0,0,50.332,0
50.325,1.86467,0,0,1.41469,0.220638,0.36288,3.6288,56.6912,0.568076,0,0,0.730659,0.187129,0,0.66528,12.849,1,0.466507,0.36288,0,26.2297,3.76986,22.3562,0.84672,12.849,0.84672,3695.15,0,36.966,0.42336,1.35962,1.74886,6.1275,0.872337,7.94029,0.42336,36.966,0.42336,423.524,0,1.02816,0,0,2.38778,1.35962,1.028160,1,0,30.2965,0,0,0,30.2965,0
49.6645,1.85777,0,0,1.78643,0.226331,0.36288,3.6288,56.658,0.568612,0,0,0.701689,0.166244,0,0.66528,12.849,1,0.474327,0.36288,0,33.8898,3.78,29.9983,0.84672,12.849,0.84672,3695.15,0,36.966,0.42336,1.06346,1.74945,5.85757,0.935496,7.31162,0.42336,36.966,0.42336,423.524,0,1.02816,0,0,2.09162,1.06346,1.028160,1,0,37.31,0,0,0,37.31,0
49.386,1.85349,0,0,2.16268,0.224756,0.36288,3.6288,56.5185,0.731399,0,0,0.758101,0.166208,0,0.66528,12.849,1,0.479529,0.36288,0,41.2314,3.78,37.3347,0.84672,12.849,0.84672,3695.15,0,36.966,0.42336,0.412474,1.75004,4.7855,0.935496,5.58915,0.42336,36.966,0.42336,423.524,0,0.865909,0,0,1.27838,0.412474,1.028160,1,0,42.9239,0,0,0,42.9239,0
49.1356,1.85208,0,0,2.18867,0.224089,0.36288,3.6288,57.7641,0.569685,0,0,1.98135,0.166057,0,0.66528,12.849,1,0.481865,0.36288,0,41.6013,3.78,37.7024,0.84672,12.849,0.84672,3695.15,0,36.966,0.42336,1.24468,1.75063,7.09925,0.935496,8.73569,0.42336,36.966,0.42336,423.524,0,1.02816,0,0,2.27284,1.24468,1.028160,1,0,46.4381,0,0,0,46.4381,0
50.9555,1.91934,0,0,4.31221,0.210111,0.36288,3.6288,58.2972,0.621887,0,0,1.36786,0.212874,0,0.66528,12.849,1,0.50191,0.36288,0,72.993,3.86277,68.9912,0.84672,12.849,0.84672,3695.15,0,36.966,0.42336,1.5387,1.75121,6.61455,0.896274,8.58483,0.42336,36.966,0.42336,423.524,0,1.02816,0,0,2.56686,1.5387,1.028160,1,0,77.5761,0,0,0,77.5761,0
57.2744,1.93439,0,0,8.84204,0.225918,0.36288,3.6288,59.3885,0.622418,0,0,1.94355,0.229842,0,0.66528,12.849,1,0.487778,0.36288,0,130.347,4.84575,125.377,0.84672,12.849,0.84672,3695.15,0,36.966,0.42336,2.43762,1.80791,11.5639,1.14879,14.2372,0.42336,36.966,0.42336,423.524,0,1.02816,0,0,3.46578,2.43762,1.028160,1,0,139.614,0,0,0,139.614,0
62.9247,1.97909,0,0,8.23435,0.24203,0.36288,3.6288,60.798,0.622949,0,0,2.27972,0.247333,0,0.66528,12.849,1,0.443992,0.36288,0,124.153,5.08662,118.986,0.84672,12.849,0.84672,3695.15,0,36.966,0.42336,2.77839,1.80849,11.3105,1.2438,14.2303,0.42336,36.966,0.42336,423.524,0,1.02816,0,0,3.80655,2.77839,1.028160,1,0,133.216,0,0,0,133.216,0
70.7279,2.01296,0,0,10.4338,0.254684,0.36288,3.6288,61.308,0.62348,0,0,5.05751,0.249564,3.67443,0.66528,12.849,1,0.41104,0.36288,0,284.293,5.08662,279.158,0.84672,12.849,0.84672,3695.15,0,36.966,0.42336,5.12053,1.80907,18.0193,1.2438,23.2818,0.42336,36.966,0.42336,423.524,0,1.02816,0,0,6.14869,5.12053,1.028160,1,0,306.115,0,0,0,306.115,0
72.29,2.28722,0,0,8.60838,0.259079,4.50001,3.6288,61.308,0.66528,0,0,3.62676,0.262493,2.69899,0.66528,12.849,1,0.415514,4.50001,0,210.776,4.56669,210.294,0.84672,12.849,0.84672,3695.15,0,36.966,0.42336,3.89235,1.80965,14.9317,1.14255,19.0678,0.42336,36.966,0.42336,423.524,0,1.02816,0,0,4.92051,3.89235,1.028160,1,0,232.061,0,0,0,232.061,0
72.29,2.29569,0,0,8.72951,0.297763,6.13605,3.6288,61.308,0.66528,0,0,2.86939,0.262735,1.94137,0.66528,12.849,1,0.408042,6.13605,0,211.033,3.98478,212.776,0.84672,12.849,0.84672,3695.15,0,36.966,0.42336,3.07044,1.89418,14.7277,1.10888,18.1601,0.42336,36.966,0.42336,423.524,0,1.02816,0,0,4.0986,3.07044,1.028160,1,0,232.878,0,0,0,232.878,0
72.29,2.29655,0,0,8.36508,0.306354,5.76217,3.6288,61.308,0.66528,0,0,3.18615,0.260081,2.26079,0.66528,12.849,1,0.408194,5.76217,0,168.05,4.00333,169.4,0.84672,12.849,0.84672,3695.15,0,36.966,0.42336,3.32573,1.89437,15.3251,1.12577,18.9961,0.42336,36.966,0.42336,423.524,0,1.02816,0,0,4.35389,3.32573,1.028160,1,0,190.657,0,0,0,190.657,0
72.29,2.2974,0,0,9.31306,0.306354,6.7093,3.6288,61.308,0.66528,0,0,3.18606,0.260081,2.2607,0.66528,12.849,1,0.408346,6.7093,0,174.888,4.00333,177.186,0.84672,12.849,0.84672,3695.15,0,36.966,0.42336,3.40776,1.89456,15.4504,1.12577,19.2036,0.42336,36.966,0.42336,423.524,0,1.02816,0,0,4.43592,3.40776,1.028160,1,0,198.65,0,0,0,198.65,0
72.29,1.96137,0,0,9.77867,0.316165,7.50113,3.6288,61.308,0.559614,0,0,3.2081,0.251081,2.39741,0.66528,12.849,1,0.348619,7.50113,0,169.118,3.74364,172.527,0.84672,12.849,0.84672,3695.15,0,36.966,0.42336,3.88585,1.89475,15.3681,1.05476,19.6705,0.42336,36.966,0.42336,423.524,0,1.02816,0,0,4.91401,3.88585,1.028160,1,0,194.595,0,0,0,194.595,0
72.29,1.96212,0,0,7.84279,0.329246,5.55142,3.6288,61.308,0.560124,0,0,2.77443,0.239081,1.97522,0.66528,12.849,1,0.348752,5.55142,0,171.482,3.39738,173.288,0.84672,12.849,0.84672,3695.15,0,36.966,0.42336,3.49853,1.73894,12.1699,0.960085,16.0239,0.42336,36.966,0.42336,423.524,0,1.02816,0,0,4.52669,3.49853,1.028160,1,0,191.287,0,0,0,191.287,0
72.29,1.96287,0,0,8.72364,0.317917,6.44285,3.6288,61.308,0.560635,0,0,2.70143,0.233064,1.90774,0.66528,12.849,1,0.348885,6.44285,0,180.344,3.31018,183.127,0.84672,12.849,0.84672,3695.15,0,36.966,0.42336,4.30097,1.7395,16.3939,0.947559,21.0634,0.42336,36.966,0.42336,423.524,0,1.02816,0,0,5.32913,4.30097,1.028160,1,0,206.099,0,0,0,206.099,0
72.29,1.96361,0,0,7.64821,0.271646,5.41296,3.6288,61.308,0.561145,0,0,2.28722,0.2007,1.52537,0.66528,12.849,1,0.349017,5.41296,0,166.196,2.97239,168.287,0.84672,12.849,0.84672,3695.15,0,36.966,0.42336,3.56688,1.74006,13.9846,0.897333,17.9709,0.42336,36.966,0.42336,423.524,0,1.02816,0,0,4.59504,3.56688,1.028160,1,0,187.783,0,0,0,187.783,0
72.29,1.96436,0,0,6.54782,0.325889,4.25758,3.6288,61.308,0.561656,0,0,1.96068,0.210035,1.18898,0.66528,12.849,1,0.34915,4.25758,0,145.016,3.43581,145.489,0.84672,12.849,0.84672,3695.15,0,36.966,0.42336,2.54154,1.74062,10.4255,0.95965,13.3247,0.42336,36.966,0.42336,423.524,0,1.02816,0,0,3.5697,2.54154,1.028160,1,0,160.003,0,0,0,160.003,0
72.29,2.05004,0,0,5.82583,0.318913,3.45688,3.6288,61.308,0.626129,0,0,3.08805,0.174142,2.28778,0.66528,12.849,1,0.364379,3.45688,0,129.533,3.09448,129.531,0.84672,12.849,0.84672,3695.15,0,36.966,0.42336,3.99266,1.74118,11.1807,0.733544,15.7576,0.42336,36.966,0.42336,423.524,0,1.02816,0,0,5.02082,3.99266,1.028160,1,0,147.576,0,0,0,147.576,0
72.29,2.05082,0,0,5.51998,0.307075,3.16209,3.6288,61.308,0.62666,0,0,2.43088,0.171483,1.63274,0.66528,12.849,1,0.364517,3.16209,0,106.937,3.21352,106.521,0.84672,12.849,0.84672,3695.15,0,36.966,0.42336,2.781,1.8099,9.28212,0.756662,12.693,0.42336,36.966,0.42336,423.524,0,1.02816,0,0,3.80916,2.781,1.028160,1,0,120.847,0,0,0,120.847,0
72.29,2.05159,0,0,4.83817,0.307075,2.4795,3.6288,61.308,0.627192,0,0,2.04593,0.171483,1.24726,0.66528,12.849,1,0.364654,2.4795,0,85.733,3.21352,84.6343,0.84672,12.849,0.84672,3695.15,0,36.966,0.42336,2.82163,1.81048,7.93238,0.756662,11.3845,0.42336,36.966,0.42336,423.524,0,1.02816,0,0,3.84979,2.82163,1.028160,1,0,97.2661,0,0,0,97.2661,0
72.29,2.05236,0,0,7.3397,0.304897,4.98244,3.6288,61.308,0.627724,0,0,2.3955,0.15042,1.61736,0.66528,12.849,1,0.364792,4.98244,0,140.984,2.46884,143.133,0.84672,12.849,0.84672,3695.15,0,36.966,0.42336,4.20511,1.81107,21.8748,0.616398,26.8512,0.42336,36.966,0.42336,423.524,0,1.02816,0,0,5.23327,4.20511,1.028160,1,0,171.601,0,0,0,171.601,0
72.29,2.01989,0,0,4.87681,0.244688,2.61224,3.6288,61.308,0.603381,0,0,2.13081,0.187818,1.33961,0.66528,12.849,1,0.35902,2.61224,0,99.1043,3.40227,97.9552,0.84672,12.849,0.84672,3695.15,0,36.966,0.42336,3.65896,1.81165,9.78644,0.888461,13.9452,0.42336,36.966,0.42336,423.524,0,1.02816,0,0,4.68712,3.65896,1.028160,1,0,113.24,0,0,0,113.24,0
72.29,2.02065,0,0,4.40624,0.240458,2.14513,3.6288,61.308,0.603905,0,0,2.07009,0.188375,1.27781,0.66528,12.849,1,0.359155,2.14513,0,93.2256,3.73149,91.2801,0.84672,12.849,0.84672,3695.15,0,36.966,0.42336,3.78799,1.78567,8.81021,0.964514,12.996,0.42336,36.966,0.42336,423.524,0,1.02816,0,0,4.81615,3.78799,1.028160,1,0,105.554,0,0,0,105.554,0
72.29,2.02142,0,0,4.00235,0.240458,1.74048,3.6288,61.308,0.604429,0,0,1.7476,0.188375,0.954791,0.66528,12.849,1,0.359291,1.74048,0,84.5951,3.73149,82.2448,0.84672,12.849,0.84672,3695.15,0,36.966,0.42336,3.17286,1.78625,7.9234,0.964514,11.4946,0.42336,36.966,0.42336,423.524,0,1.02816,0,0,4.20102,3.17286,1.028160,1,0,94.6942,0,0,0,94.6942,0
72.29,2.02218,0,0,3.86078,0.211,1.6276,3.6288,61.308,0.604954,0,0,1.6536,0.197006,0.851641,0.66528,12.849,1,0.359427,1.6276,0,80.9974,3.83625,78.4293,0.84672,12.849,0.84672,3695.15,0,36.966,0.42336,2.85407,1.78682,7.76537,0.912859,11.07,0.42336,36.966,0.42336,423.524,0,1.02816,0,0,3.88223,2.85407,1.028160,1,0,90.351,0,0,0,90.351,0
72.29,2.13596,0,0,3.82223,0.170444,1.51583,3.6288,61.308,0.66528,0,0,1.61419,0.203441,0.745464,0.66528,12.849,1,0.37965,1.51583,0,75.0211,4.15059,72.0067,0.84672,12.849,0.84672,3695.15,0,36.966,0.42336,2.87716,1.78739,7.18252,0.881078,10.5426,0.42336,36.966,0.42336,423.524,0,1.02816,0,0,3.90532,2.87716,1.028160,1,0,83.2948,0,0,0,83.2948,0
72.29,2.13676,0,0,3.92447,0.15621,1.6315,3.6288,61.308,0.66528,0,0,1.75518,0.202205,0.887696,0.66528,12.849,1,0.379793,1.6315,0,66.0264,4.28541,62.9927,0.84672,12.849,0.84672,3695.15,0,36.966,0.42336,3.36709,1.85911,7.90102,0.99397,11.7099,0.42336,36.966,0.42336,423.524,0,1.02816,0,0,4.39525,3.36709,1.028160,1,0,75.5902,0,0,0,75.5902,0
72.29,2.13756,0,0,3.65372,0.0770275,1.43913,3.6288,61.308,0.66528,0,0,1.55346,0.230366,0.657817,0.66528,12.849,1,0.379935,1.43913,0,64.3456,4.66326,60.7416,0.84672,12.849,0.84672,3695.15,0,36.966,0.42336,3.07587,1.85929,7.37251,1.06999,10.8143,0.42336,36.966,0.42336,423.524,0,1.02816,0,0,4.10403,3.07587,1.028160,1,0,72.2137,0,0,0,72.2137,0
72.29,2.13836,0,0,3.32293,0.0770275,1.10754,3.6288,61.308,0.66528,0,0,1.25448,0.230366,0.358838,0.66528,12.849,1,0.380078,1.10754,0,58.5733,4.66326,54.6375,0.84672,12.849,0.84672,3695.15,0,36.966,0.42336,2.4454,1.85947,6.5912,1.06999,9.40271,0.42336,36.966,0.42336,423.524,0,1.02816,0,0,3.47356,2.4454,1.028160,1,0,64.3991,0,0,0,64.3991,0
72.29,2.13916,0,0,3.23946,0.0828477,1.01744,3.6288,61.308,0.66528,0,0,1.02576,0.242889,0.117589,0.66528,12.849,1,0.38022,1.01744,0,53.0958,4.88184,48.8512,0.84672,12.849,0.84672,3695.15,0,36.966,0.42336,2.26953,1.85964,6.32154,1.11322,8.91413,0.42336,36.966,0.42336,423.524,0,1.02816,0,0,3.29769,2.26953,1.028160,1,0,57.8829,0,0,0,57.8829,0
72.29,2.11758,0,0,3.66066,0.113655,1.42942,3.6288,61.308,0.66528,0,0,1.19764,0.288892,0.24347,0.66528,12.849,1,0.376384,1.42942,0,64.7724,5.32209,60.5033,0.84672,12.849,0.84672,3695.15,0,36.966,0.42336,1.53822,1.85982,5.55202,1.25362,7.27309,0.42336,36.966,0.42336,423.524,0,1.02816,0,0,2.56638,1.53822,1.028160,1,0,68.0199,0,0,0,68.0199,0
72.29,2.11837,0,0,3.4587,0.092496,1.24783,3.6288,61.308,0.66528,0,0,1.1417,0.318365,0.158053,0.66528,12.849,1,0.376525,1.24783,0,61.3953,5.35374,56.9129,0.84672,12.849,0.84672,3695.15,0,36.966,0.42336,1.45554,1.85506,5.55381,1.35125,7.08979,0.42336,36.966,0.42336,423.524,0,1.02816,0,0,2.4837,1.45554,1.028160,1,0,64.1607,0,0,0,64.1607,0
72.29,2.11917,0,0,3.28455,0.092496,1.07288,3.6288,61.308,0.66528,0,0,1.03867,0.318365,0.0550296,0.66528,12.849,1,0.376666,1.07288,0,55.562,5.35374,50.9045,0.84672,12.849,0.84672,3695.15,0,36.966,0.42336,1.36541,1.85523,5.4351,1.35125,6.88112,0.42336,36.966,0.42336,423.524,0,1.02816,0,0,2.39357,1.36541,1.028160,1,0,57.8407,0,0,0,57.8407,0
72.29,2.11996,0,0,3.04325,0.092496,0.830791,3.6288,61.2648,0.66528,0,0,0.940412,0.318365,0,0.66528,12.849,1,0.376807,0.830791,0,52.8902,5.35374,47.9904,0.84672,12.849,0.84672,3695.15,0,36.966,0.42336,1.24147,1.85541,5.01415,1.35125,6.33642,0.42336,36.966,0.42336,423.524,0,1.02816,0,0,2.26963,1.24147,1.028160,1,0,54.3269,0,0,0,54.3269,0
72.29,2.17864,0,0,3.06083,0.0850774,0.797113,3.6288,61.0339,0.66528,0,0,0.749693,0.315234,0,0.66528,12.849,1,0.387237,0.797113,0,49.4684,5.49918,44.3791,0.84672,12.849,0.84672,3695.15,0,36.966,0.42336,1.12655,1.85558,4.6672,1.38842,5.83755,0.42336,36.966,0.42336,423.524,0,1.02816,0,0,2.15471,1.12655,1.028160,1,0,50.2167,0,0,0,50.2167,0
72.29,2.17946,0,0,3.06258,0.0795135,0.803609,3.6288,60.678,0.66528,0,0,0.621846,0.312494,0,0.66528,12.849,1,0.387382,0.803609,0,46.5399,5.60826,41.3478,0.84672,12.849,0.84672,3695.15,0,36.966,0.42336,1.15305,1.86854,4.64562,1.4163,5.82754,0.42336,36.966,0.42336,423.524,0,1.02816,0,0,2.18121,1.15305,1.028160,1,0,47.1754,0,0,0,47.1754,0
72.29,2.18027,0,0,2.6705,0.0795135,0.410721,3.6288,60.2874,0.66528,0,0,0.586407,0.311789,0,0.66528,12.849,1,0.387526,0.410721,0,44.093,5.60826,38.508,0.84672,12.849,0.84672,3695.15,0,36.966,0.42336,0.950486,1.86871,4.43897,1.4163,5.41851,0.42336,36.966,0.42336,423.524,0,1.02816,0,0,1.97865,0.950486,1.028160,1,0,43.9265,0,0,0,43.9265,0
72.1343,2.18108,0,0,2.46284,0.0746121,0.36288,3.6288,59.8848,0.66528,0,0,0.576331,0.31359,0,0.66528,12.849,1,0.387671,0.36288,0,41.5978,5.68304,35.89,0.84672,12.849,0.84672,3695.15,0,36.966,0.42336,0.863067,1.86889,4.39857,1.43124,5.27593,0.42336,36.966,0.42336,423.524,0,1.02816,0,0,1.89123,0.863067,1.028160,1,0,41.1659,0,0,0,41.1659,0
71.438,2.35086,0,0,2.08041,0.0629277,0.36288,3.6288,59.4652,0.66528,0,0,0.557969,0.312264,0,0.66528,12.849,1,0.418749,0.36288,0,38.8168,5.84259,32.9183,0.84672,12.849,0.84672,3695.15,0,36.966,0.42336,0.835402,1.86907,4.15732,1.40213,5.0363,0.42336,36.966,0.42336,423.524,0,1.02816,0,0,1.86356,0.835402,1.028160,1,0,37.9546,0,0,0,37.9546,0
71.2575,2.34827,0,0,2.58659,0.0559499,0.36288,3.6288,58.9487,0.66528,0,0,0.456016,0.307304,0,0.66528,12.849,1,0.422364,0.36288,0,35.663,5.712,29.8915,0.84672,12.849,0.84672,3695.15,0,36.966,0.42336,0.656994,1.90671,3.39455,1.52161,4.01329,0.42336,36.966,0.42336,423.524,0,1.02816,0,0,1.68515,0.656994,1.028160,1,0,33.9048,0,0,0,33.9048,0
70.7604,2.34823,0,0,2.26986,0.0558727,0.36288,3.6288,58.417,0.66528,0,0,0.439939,0.306288,0,0.66528,12.849,1,0.423427,0.36288,0,45.3341,5.712,39.5615,0.84672,12.849,0.84672,3695.15,0,36.966,0.42336,0.581921,1.90691,3.25973,1.52161,3.80358,0.42336,36.966,0.42336,423.524,0,1.02816,0,0,1.61008,0.581921,1.028160,1,0,43.3651,0,0,0,43.3651,0
70.3135,2.34658,0,0,2.31821,0.0556603,0.36288,3.6288,57.9512,0.66528,0,0,0.504653,0.305243,0,0.66528,12.849,1,0.426102,0.36288,0,39.2705,5.712,33.4953,0.84672,12.849,0.84672,3695.15,0,36.966,0.42336,0.673194,1.9071,3.38515,1.52161,4.02047,0.42336,36.966,0.42336,423.524,0,1.02816,0,0,1.70135,0.673194,1.028160,1,0,37.5158,0,0,0,37.5158,0
69.8878,2.34515,0,0,2.33905,0.0567189,0.36288,3.6288,57.4968,0.66528,0,0,0.508473,0.297579,0,0.66528,12.849,1,0.42855,0.36288,0,39.8463,5.52715,34.2535,0.84672,12.849,0.84672,3695.15,0,36.966,0.42336,1.08885,1.90729,4.32983,1.44966,5.45295,0.42336,36.966,0.42336,423.524,0,1.02816,0,0,2.11701,1.08885,1.028160,1,0,39.7064,0,0,0,39.7064,0
69.1378,2.26139,0,0,1.90338,0.0291168,0.36288,3.6288,56.9715,0.66528,0,0,0.424374,0.284372,0,0.66528,12.849,1,0.41576,0.36288,0,28.6151,5.83478,22.7274,0.84672,12.849,0.84672,3695.15,0,36.966,0.42336,0.456373,1.90748,3.06753,1.41773,3.5903,0.42336,36.966,0.42336,423.524,0,1.02816,0,0,1.48453,0.456373,1.028160,1,0,26.3177,0,0,0,26.3177,0
69.0003,2.25842,0,0,2.50701,0.023167,0.36288,3.6288,56.54,0.66528,0,0,0.521849,0.288061,0,0.66528,12.849,1,0.419719,0.36288,0,38.4833,6.07089,32.3556,0.84672,12.849,0.84672,3695.15,0,36.966,0.42336,0.928826,1.88939,3.65257,1.48436,4.56306,0.42336,36.966,0.42336,423.524,0,1.02816,0,0,1.95699,0.928826,1.028160,1,0,36.9187,0,0,0,36.9187,0
69.5135,2.25855,0,0,3.15775,0.0231423,0.36288,3.6288,56.3699,0.66528,0,0,0.782377,0.287253,0,0.66528,12.849,1,0.42058,0.36288,0,78.3268,6.07089,72.1982,0.84672,12.849,0.84672,3695.15,0,36.966,0.42336,1.90806,1.88957,5.04527,1.48436,6.93518,0.42336,36.966,0.42336,423.524,0,1.02816,0,0,2.93622,1.90806,1.028160,1,0,79.1334,0,0,0,79.1334,0
69.7465,2.26201,0,0,2.95142,0.093552,0.36288,3.6288,55.9691,0.66528,0,0,0.529511,0.264958,0,0.66528,12.849,1,0.418114,0.36288,0,61.5931,6.01887,55.519,0.84672,12.849,0.84672,3695.15,0,36.966,0.42336,0.929673,1.88976,3.04111,1.50771,3.92947,0.42336,36.966,0.42336,423.524,0,1.02816,0,0,1.95783,0.929673,1.028160,1,0,59.4485,0,0,0,59.4485,0
69.9621,2.19631,0,0,2.94751,0.17267,0.36288,3.6288,55.9125,0.66528,0,0,0.863453,0.254857,0,0.66528,12.849,1,0.404614,0.36288,0,83.4449,5.38424,78.019,0.84672,12.849,0.84672,3695.15,0,36.966,0.42336,1.4229,1.88995,4.64441,1.4002,6.13369,0.42336,36.966,0.42336,423.524,0,1.02816,0,0,2.45106,1.4229,1.028160,1,0,84.1527,0,0,0,84.1527,0
71.7491,2.19818,0,0,4.55591,0.207837,0.36288,3.6288,56.3614,0.66528,0,0,1.37837,0.264133,0,0.66528,12.849,1,0.40371,0.36288,0,77.2978,4.59008,72.6669,0.84672,12.849,0.84672,3695.15,0,36.966,0.42336,3.31561,1.8751,7.0664,1.2335,10.6002,0.42336,36.966,0.42336,423.524,0,1.02816,0,0,4.34377,3.31561,1.028160,1,0,83.2671,0,0,0,83.2671,0
72.29,2.20753,0,0,4.33648,0.210705,1.37736,3.6288,57.3621,0.66528,0,0,1.93091,0.264909,0,0.66528,12.849,1,0.39533,1.37736,0,87.8939,4.59008,84.2858,0.84672,12.849,0.84672,3695.15,0,36.966,0.42336,5.31812,1.87528,8.56483,1.2335,14.1014,0.42336,36.966,0.42336,423.524,0,1.02816,0,0,6.34628,5.31812,1.028160,1,0,98.3872,0,0,0,98.3872,0
72.29,2.21086,0,0,4.42272,0.216236,1.99562,3.6288,57.9434,0.66528,0,0,1.50123,0.254674,0,0.66528,12.849,1,0.392964,1.99562,0,103.245,4.62218,100.226,0.84672,12.849,0.84672,3695.15,0,36.966,0.42336,3.18967,1.87547,8.17154,1.19369,11.6196,0.42336,36.966,0.42336,423.524,0,1.02816,0,0,4.21783,3.18967,1.028160,1,0,111.846,0,0,0,111.846,0
72.29,2.01805,0,0,5.30591,0.200515,3.08735,3.6288,58.5949,0.594483,0,0,1.45387,0.207878,0,0.66528,12.849,1,0.358693,3.08735,0,108.429,3.92886,107.229,0.84672,12.849,0.84672,3695.15,0,36.966,0.42336,2.58576,1.87565,7.8522,1.02472,10.8655,0.42336,36.966,0.42336,423.524,0,1.02816,0,0,3.61392,2.58576,1.028160,1,0,118.095,0,0,0,118.095,0
72.29,2.01881,0,0,12.8333,0.241389,10.5731,3.6288,61.308,0.595002,0,0,3.62833,0.216892,0.103361,0.66528,12.849,1,0.358828,10.5731,0,216.738,4.05153,222.901,0.84672,12.849,0.84672,3695.15,0,36.966,0.42336,4.68209,1.77839,21.0215,1.01991,26.0387,0.42336,36.966,0.42336,423.524,0,1.02816,0,0,5.71025,4.68209,1.028160,1,0,249.043,0,0,0,249.043,0
72.29,2.01957,0,0,9.38762,0.241389,7.12666,3.6288,61.308,0.595522,0,0,2.32822,0.220677,1.51202,0.66528,12.849,1,0.358963,7.12666,0,174.168,4.05153,176.884,0.84672,12.849,0.84672,3695.15,0,36.966,0.42336,2.81132,1.77896,13.3555,1.01991,16.5025,0.42336,36.966,0.42336,423.524,0,1.02816,0,0,3.83948,2.81132,1.028160,1,0,194.898,0,0,0,194.898,0
72.29,2.02033,0,0,10.6086,0.241389,8.3469,3.6288,61.308,0.596041,0,0,2.47394,0.220677,1.65722,0.66528,12.849,1,0.359098,8.3469,0,226.763,4.05153,230.699,0.84672,12.849,0.84672,3695.15,0,36.966,0.42336,3.08388,1.77953,12.4929,1.01991,15.9131,0.42336,36.966,0.42336,423.524,0,1.02816,0,0,4.11204,3.08388,1.028160,1,0,248.269,0,0,0,248.269,0
72.29,2.02109,0,0,9.33915,0.241389,7.07667,3.6288,61.308,0.59656,0,0,2.2425,0.220677,1.42527,0.66528,12.849,1,0.359234,7.07667,0,185.692,4.05153,188.358,0.84672,12.849,0.84672,3695.15,0,36.966,0.42336,2.48293,1.7801,9.77633,1.01991,12.5961,0.42336,36.966,0.42336,423.524,0,1.02816,0,0,3.51109,2.48293,1.028160,1,0,202.379,0,0,0,202.379,0
72.29,2.09643,0,0,5.71212,0.252974,3.36272,3.6288,61.308,0.649615,0,0,2.51029,0.226954,1.63372,0.66528,12.849,1,0.372625,3.36272,0,152.361,4.49748,150.854,0.84672,12.849,0.84672,3695.15,0,36.966,0.42336,4.32328,1.78067,10.8512,1.09911,15.4327,0.42336,36.966,0.42336,423.524,0,1.02816,0,0,5.35144,4.32328,1.028160,1,0,167.92,0,0,0,167.92,0
72.29,2.09718,0,0,3.5134,0.238732,1.17749,3.6288,61.1688,0.650128,0,0,0.709016,0.198059,0,0.66528,12.849,1,0.372758,1.17749,0,101.102,4.3781,97.5285,0.84672,12.849,0.84672,3695.15,0,36.966,0.42336,2.68549,1.83829,6.63185,0.888414,9.84385,0.42336,36.966,0.42336,423.524,0,1.02816,0,0,3.71365,2.68549,1.028160,1,0,107.372,0,0,0,107.372,0
72.29,2.09793,0,0,3.11031,0.235431,0.776947,3.6288,60.9319,0.650642,0,0,0.605788,0.192084,0,0.66528,12.849,1,0.372892,0.776947,0,90.3208,4.31686,86.408,0.84672,12.849,0.84672,3695.15,0,36.966,0.42336,2.30975,1.83885,5.92114,0.844286,8.80209,0.42336,36.966,0.42336,423.524,0,1.02816,0,0,3.33791,2.30975,1.028160,1,0,95.2101,0,0,0,95.2101,0
72.29,2.09869,0,0,2.82834,0.235431,0.49422,3.6288,60.64,0.651157,0,0,0.551086,0.191796,0,0.66528,12.849,1,0.373026,0.49422,0,81.7059,4.31686,77.5102,0.84672,12.849,0.84672,3695.15,0,36.966,0.42336,2.01559,1.83941,5.44569,0.844286,8.03305,0.42336,36.966,0.42336,423.524,0,1.02816,0,0,3.04375,2.01559,1.028160,1,0,85.5433,0,0,0,85.5433,0
72.29,2.33928,0,0,2.96712,0.241497,0.386349,3.6288,60.7143,0.66528,0,0,0.944275,0.204691,0,0.66528,12.849,1,0.415789,0.386349,0,84.6297,4.35763,80.2426,0.84672,12.849,0.84672,3695.15,0,36.966,0.42336,2.63664,1.83998,7.32487,0.9397,10.4384,0.42336,36.966,0.42336,423.524,0,1.02816,0,0,3.6648,2.63664,1.028160,1,0,90.681,0,0,0,90.681,0
72.29,2.3401,0,0,3.71533,0.256662,1.11857,3.6288,61.308,0.66528,0,0,1.53058,0.237927,0.0337044,0.66528,12.849,1,0.415935,1.11857,0,122.304,4.45956,118.547,0.84672,12.849,0.84672,3695.15,0,36.966,0.42336,3.48983,1.90399,10.5512,1.17823,14.3434,0.42336,36.966,0.42336,423.524,0,1.02816,0,0,4.51799,3.48983,1.028160,1,0,132.925,0,0,0,132.925,0
72.29,2.34093,0,0,3.81858,0.256526,1.22112,3.6288,61.308,0.66528,0,0,1.43323,0.22315,0.544799,0.66528,12.849,1,0.416082,1.22112,0,126.008,4.32789,122.486,0.84672,12.849,0.84672,3695.15,0,36.966,0.42336,3.30679,1.90417,9.77037,1.11469,13.4433,0.42336,36.966,0.42336,423.524,0,1.02816,0,0,4.33495,3.30679,1.028160,1,0,136.474,0,0,0,136.474,0
72.29,2.34176,0,0,4.02034,0.285575,1.39301,3.6288,61.308,0.66528,0,0,1.38548,0.202576,0.517629,0.66528,12.849,1,0.416229,1.39301,0,121.45,4.07034,118.356,0.84672,12.849,0.84672,3695.15,0,36.966,0.42336,3.12671,1.90435,9.43799,1.02721,13.0185,0.42336,36.966,0.42336,423.524,0,1.02816,0,0,4.15487,3.12671,1.028160,1,0,131.892,0,0,0,131.892,0
72.29,2.00008,0,0,3.36868,0.27508,1.09352,3.6288,61.308,0.586094,0,0,1.42053,0.227681,0.606753,0.66528,12.849,1,0.355499,1.09352,0,116.607,4.19232,113.153,0.84672,12.849,0.84672,3695.15,0,36.966,0.42336,3.00047,1.90454,9.30035,1.0748,12.7072,0.42336,36.966,0.42336,423.524,0,1.02816,0,0,4.02863,3.00047,1.028160,1,0,126.467,0,0,0,126.467,0
72.29,2.0008,0,0,4.05943,0.282975,1.77566,3.6288,61.308,0.586588,0,0,1.33845,0.253515,0.498345,0.66528,12.849,1,0.355627,1.77566,0,113.669,4.32527,110.763,0.84672,12.849,0.84672,3695.15,0,36.966,0.42336,2.39921,1.76795,9.92269,1.09286,12.5736,0.42336,36.966,0.42336,423.524,0,1.02816,0,0,3.42737,2.39921,1.028160,1,0,123.835,0,0,0,123.835,0
72.29,2.00152,0,0,4.64988,0.311557,2.3368,3.6288,61.308,0.587082,0,0,1.60099,0.227801,0.786109,0.66528,12.849,1,0.355756,2.3368,0,130.322,3.96753,128.336,0.84672,12.849,0.84672,3695.15,0,36.966,0.42336,2.5998,1.76849,12.2386,0.989972,15.1935,0.42336,36.966,0.42336,423.524,0,1.02816,0,0,3.62796,2.5998,1.028160,1,0,144.315,0,0,0,144.315,0
72.29,2.00225,0,0,5.31059,0.311557,2.99679,3.6288,61.308,0.587576,0,0,1.53943,0.227801,0.724055,0.66528,12.849,1,0.355884,2.99679,0,150.424,3.96753,149.098,0.84672,12.849,0.84672,3695.15,0,36.966,0.42336,2.56209,1.76903,11.1579,0.989972,14.0757,0.42336,36.966,0.42336,423.524,0,1.02816,0,0,3.59025,2.56209,1.028160,1,0,163.897,0,0,0,163.897,0
72.29,2.00297,0,0,4.43381,0.311557,2.11929,3.6288,61.308,0.58807,0,0,1.41594,0.227801,0.600069,0.66528,12.849,1,0.356013,2.11929,0,124.661,3.96753,122.456,0.84672,12.849,0.84672,3695.15,0,36.966,0.42336,3.18271,1.76957,10.9373,0.989972,14.4762,0.42336,36.966,0.42336,423.524,0,1.02816,0,0,4.21087,3.18271,1.028160,1,0,137.533,0,0,0,137.533,0
72.29,2.09004,0,0,4.56201,0.301659,2.17031,3.6288,61.308,0.653588,0,0,4.65825,0.191088,3.81357,0.66528,12.849,1,0.371488,2.17031,0,123.161,3.34248,121.618,0.84672,12.849,0.84672,3695.15,0,36.966,0.42336,3.35743,1.77011,10.7321,1.02693,14.4093,0.42336,36.966,0.42336,423.524,0,1.02816,0,0,4.38559,3.35743,1.028160,1,0,139.841,0,0,0,139.841,0
72.29,2.09079,0,0,4.93335,0.30001,2.54256,3.6288,61.308,0.654102,0,0,4.74816,0.184969,3.90908,0.66528,12.849,1,0.371621,2.54256,0,108.718,3.23831,107.651,0.84672,12.849,0.84672,3695.15,0,36.966,0.42336,4.30307,1.83995,9.71508,1.03309,14.4016,0.42336,36.966,0.42336,423.524,0,1.02816,0,0,5.33123,4.30307,1.028160,1,0,125.961,0,0,0,125.961,0
72.29,2.09153,0,0,4.29279,0.30001,1.90125,3.6288,61.308,0.654617,0,0,4.94926,0.184969,4.10967,0.66528,12.849,1,0.371754,1.90125,0,110.297,3.23831,108.588,0.84672,12.849,0.84672,3695.15,0,36.966,0.42336,6.06197,1.84051,11.5298,1.03309,17.9758,0.42336,36.966,0.42336,423.524,0,1.02816,0,0,7.09013,6.06197,1.028160,1,0,130.673,0,0,0,130.673,0
72.29,2.09228,0,0,3.12618,0.244439,0.789454,3.6288,61.308,0.655131,0,0,3.41001,0.218837,2.53604,0.66528,12.849,1,0.371888,0.789454,0,77.7496,3.83069,74.3365,0.84672,12.849,0.84672,3695.15,0,36.966,0.42336,3.3528,1.84107,8.1934,1.14513,11.8188,0.42336,36.966,0.42336,423.524,0,1.02816,0,0,4.38096,3.3528,1.028160,1,0,88.6913,0,0,0,88.6913,0
72.29,2.05923,0,0,3.35743,0.216549,1.08165,3.6288,61.308,0.63036,0,0,3.96488,0.223139,3.11138,0.66528,12.849,1,0.366013,1.08165,0,72.6529,3.90477,69.4638,0.84672,12.849,0.84672,3695.15,0,36.966,0.42336,4.25445,1.84163,7.78974,1.10231,12.3602,0.42336,36.966,0.42336,423.524,0,1.02816,0,0,5.28261,4.25445,1.028160,1,0,84.9353,0,0,0,84.9353,0
72.29,2.05997,0,0,2.69988,0.22689,0.413018,3.6288,61.308,0.630867,0,0,2.16283,0.207314,1.32464,0.66528,12.849,1,0.366144,0.413018,0,65.7703,3.62712,62.19,0.84672,12.849,0.84672,3695.15,0,36.966,0.42336,2.84342,1.8152,5.59006,1.00717,8.81816,0.42336,36.966,0.42336,423.524,0,1.02816,0,0,3.87158,2.84342,1.028160,1,0,72.3328,0,0,0,72.3328,0
72.0113,2.06071,0,0,2.37178,0.22689,0.36288,3.6288,61.308,0.631374,0,0,2.08396,0.207314,1.24527,0.66528,12.849,1,0.366276,0.36288,0,61.122,3.62712,57.4915,0.84672,12.849,0.84672,3695.15,0,36.966,0.42336,2.55624,1.81576,5.48582,1.00717,8.42729,0.42336,36.966,0.42336,423.524,0,1.02816,0,0,3.5844,2.55624,1.028160,1,0,67.1641,0,0,0,67.1641,0
72.0514,2.06025,0,0,2.68961,0.22641,0.36288,3.6288,61.308,0.631882,0,0,2.17539,0.207314,1.33619,0.66528,12.849,1,0.36761,0.36288,0,68.5385,3.62712,64.9067,0.84672,12.849,0.84672,3695.15,0,36.966,0.42336,2.29665,1.81631,6.34618,1.00717,9.02861,0.42336,36.966,0.42336,423.524,0,1.02816,0,0,3.32481,2.29665,1.028160,1,0,75.2715,0,0,0,75.2715,0
71.6449,2.17598,0,0,2.2846,0.152221,0.36288,3.6288,61.308,0.66528,0,0,1.78502,0.239096,0.880648,0.66528,12.849,1,0.388045,0.36288,0,56.7233,4.13239,52.5658,0.84672,12.849,0.84672,3695.15,0,36.966,0.42336,2.18106,1.81687,5.08219,1.09952,7.55725,0.42336,36.966,0.42336,423.524,0,1.02816,0,0,3.20922,2.18106,1.028160,1,0,61.0037,0,0,0,61.0037,0
70.9344,2.17488,0,0,1.99187,0.16456,0.36288,3.6288,61.308,0.66528,0,0,1.36421,0.217742,0.48119,0.66528,12.849,1,0.39005,0.36288,0,47.7776,4.4057,43.3447,0.84672,12.849,0.84672,3695.15,0,36.966,0.42336,1.79608,1.86819,3.83112,1.05477,6.01726,0.42336,36.966,0.42336,423.524,0,1.02816,0,0,2.82424,1.79608,1.028160,1,0,49.8431,0,0,0,49.8431,0
70.0082,2.17235,0,0,1.77267,0.163669,0.36288,3.6288,61.308,0.66528,0,0,1.25168,0.217742,0.368654,0.66528,12.849,1,0.393498,0.36288,0,43.0852,4.4057,38.6489,0.84672,12.849,0.84672,3695.15,0,36.966,0.42336,1.54624,1.86836,3.69193,1.05477,5.6284,0.42336,36.966,0.42336,423.524,0,1.02816,0,0,2.5744,1.54624,1.028160,1,0,44.6459,0,0,0,44.6459,0
69.0378,2.16872,0,0,1.67425,0.112992,0.36288,3.6288,61.308,0.66528,0,0,1.20209,0.250794,0.286018,0.66528,12.849,1,0.398038,0.36288,0,38.4021,4.78055,33.5864,0.84672,12.849,0.84672,3695.15,0,36.966,0.42336,1.44916,1.86853,3.5162,1.15055,5.25999,0.42336,36.966,0.42336,423.524,0,1.02816,0,0,2.47732,1.44916,1.028160,1,0,39.1324,0,0,0,39.1324,0
67.9726,2.16478,0,0,1.57458,0.112146,0.36288,3.6288,61.308,0.66528,0,0,1.14559,0.250794,0.229512,0.66528,12.849,1,0.402898,0.36288,0,37.8473,4.78055,33.0267,0.84672,12.849,0.84672,3695.15,0,36.966,0.42336,1.26904,1.8687,3.62101,1.15055,5.18484,0.42336,36.966,0.42336,423.524,0,1.02816,0,0,2.2972,1.26904,1.028160,1,0,38.4411,0,0,0,38.4411,0
67.285,2.1377,0,0,1.92308,0.110131,0.36288,3.6288,61.2978,0.66528,0,0,0.90771,0.252621,0,0.66528,12.849,1,0.404093,0.36288,0,38.235,4.97179,33.222,0.84672,12.849,0.84672,3695.15,0,36.966,0.42336,1.62778,1.86887,3.54387,1.1743,5.44285,0.42336,36.966,0.42336,423.524,0,1.02816,0,0,2.65594,1.62778,1.028160,1,0,38.6649,0,0,0,38.6649,0
66.4937,2.13499,0,0,1.8159,0.109357,0.36288,3.6288,61.2359,0.66528,0,0,0.85625,0.252909,0,0.66528,12.849,1,0.407706,0.36288,0,37.9429,5.00367,32.8944,0.84672,12.849,0.84672,3695.15,0,36.966,0.42336,1.71731,1.86402,3.53973,1.17826,5.51944,0.42336,36.966,0.42336,423.524,0,1.02816,0,0,2.74547,1.71731,1.028160,1,0,38.4139,0,0,0,38.4139,0
65.5434,2.13168,0,0,1.65291,0.108674,0.36288,3.6288,61.1186,0.66528,0,0,0.800859,0.25281,0,0.66528,12.849,1,0.411919,0.36288,0,36.4249,5.00367,31.3722,0.84672,12.849,0.84672,3695.15,0,36.966,0.42336,1.35061,1.86419,3.32525,1.17826,4.93843,0.42336,36.966,0.42336,423.524,0,1.02816,0,0,2.37877,1.35061,1.028160,1,0,36.3107,0,0,0,36.3107,0
64.4786,2.12745,0,0,1.5199,0.0943041,0.36288,3.6288,60.9325,0.66528,0,0,0.764614,0.285491,0,0.66528,12.849,1,0.417061,0.36288,0,32.2919,5.42712,26.8106,0.84672,12.849,0.84672,3695.15,0,36.966,0.42336,1.33877,1.86436,3.19961,1.33283,4.64655,0.42336,36.966,0.42336,423.524,0,1.02816,0,0,2.36693,1.33877,1.028160,1,0,31.4572,0,0,0,31.4572,0
63.1706,2.18023,0,0,1.31471,0.0796662,0.36288,3.6288,60.5414,0.66528,0,0,0.598748,0.324539,0,0.66528,12.849,1,0.434466,0.36288,0,26.1859,5.9928,20.1216,0.84672,12.849,0.84672,3695.15,0,36.966,0.42336,0.916436,1.86453,2.70033,1.51257,3.54537,0.42336,36.966,0.42336,423.524,0,1.02816,0,0,1.9446,0.916436,1.028160,1,0,23.6669,0,0,0,23.6669,0
61.7926,2.17353,0,0,1.24261,0.0842063,0.36288,3.6288,60.1517,0.66528,0,0,0.593453,0.317899,0,0.66528,12.849,1,0.442099,0.36288,0,30.1622,5.99424,24.0887,0.84672,12.849,0.84672,3695.15,0,36.966,0.42336,0.759335,1.87768,2.61161,1.47743,3.34784,0.42336,36.966,0.42336,423.524,0,1.02816,0,0,1.7875,0.759335,1.028160,1,0,27.4365,0,0,0,27.4365,0
60.3242,2.16613,0,0,1.1439,0.0832604,0.36288,3.6288,59.6724,0.66528,0,0,0.503112,0.317112,0,0.66528,12.849,1,0.45042,0.36288,0,24.7749,5.99424,18.6931,0.84672,12.849,0.84672,3695.15,0,36.966,0.42336,0.867724,1.87786,2.52519,1.47743,3.36998,0.42336,36.966,0.42336,423.524,0,1.02816,0,0,1.89588,0.867724,1.028160,1,0,22.0631,0,0,0,22.0631,0
58.7686,2.15786,0,0,1.04742,0.0822525,0.36288,3.6288,59.157,0.66528,0,0,0.465989,0.316144,0,0.66528,12.849,1,0.459622,0.36288,0,23.5484,5.99424,17.4574,0.84672,12.849,0.84672,3695.15,0,36.966,0.42336,0.592488,1.87803,2.21963,1.47743,2.78936,0.42336,36.966,0.42336,423.524,0,1.02816,0,0,1.62065,0.592488,1.028160,1,0,20.2468,0,0,0,20.2468,0
57.1248,2.31534,0,0,1.10667,0.0722551,0.36288,3.6288,58.7064,0.66528,0,0,0.534951,0.320213,0,0.66528,12.849,1,0.506218,0.36288,0,23.0953,6.14379,16.8082,0.84672,12.849,0.84672,3695.15,0,36.966,0.42336,0.916626,1.87821,2.93627,1.50731,3.80043,0.42336,36.966,0.42336,423.524,0,1.02816,0,0,1.94479,0.916626,1.028160,1,0,20.6086,0,0,0,20.6086,0
55.5875,2.30425,0,0,1.23555,0.105764,0.36288,3.6288,58.1373,0.66528,0,0,0.402407,0.306218,0,0.66528,12.849,1,0.518292,0.36288,0,21.0927,6.35659,14.5807,0.84672,12.849,0.84672,3695.15,0,36.966,0.42336,0.691416,1.91645,2.15468,1.50792,2.83127,0.42336,36.966,0.42336,423.524,0,1.02816,0,0,1.71958,0.691416,1.028160,1,0,17.412,0,0,0,17.412,0
53.9113,2.29341,0,0,1.08427,0.104165,0.36288,3.6288,57.5552,0.66528,0,0,0.388222,0.305098,0,0.66528,12.849,1,0.530121,0.36288,0,26.8125,6.35659,20.2887,0.84672,12.849,0.84672,3695.15,0,36.966,0.42336,0.614814,1.91663,2.0691,1.50792,2.66927,0.42336,36.966,0.42336,423.524,0,1.02816,0,0,1.64297,0.614814,1.028160,1,0,22.9579,0,0,0,22.9579,0
52.2724,2.2809,0,0,1.10735,0.102421,0.36288,3.6288,57.0313,0.66528,0,0,0.445327,0.303952,0,0.66528,12.849,1,0.543621,0.36288,0,23.2264,6.35659,16.6891,0.84672,12.849,0.84672,3695.15,0,36.966,0.42336,0.707953,1.91682,2.14871,1.50792,2.8422,0.42336,36.966,0.42336,423.524,0,1.02816,0,0,1.73611,0.707953,1.028160,1,0,19.5313,0,0,0,19.5313,0
50.6571,2.26802,0,0,1.1173,0.101781,0.36288,3.6288,56.5185,0.66528,0,0,0.448701,0.296213,0,0.66528,12.849,1,0.557497,0.36288,0,23.5669,6.17175,17.2005,0.84672,12.849,0.84672,3695.15,0,36.966,0.42336,1.1321,1.91701,2.74833,1.43596,3.93811,0.42336,36.966,0.42336,423.524,0,1.02816,0,0,2.16026,1.1321,1.028160,1,0,21.1386,0,0,0,21.1386,0
49.311,2.17553,0,0,1.33527,0.142945,0.36288,3.6288,56.0558,0.66528,0,0,0.462976,0.260334,0,0.66528,12.849,1,0.551816,0.36288,0,20.1963,5.47218,14.5352,0.84672,12.849,0.84672,3695.15,0,36.966,0.42336,0.970885,1.91719,2.81159,1.19097,4.08533,0.42336,36.966,0.42336,423.524,0,1.02816,0,0,1.99905,0.970885,1.028160,1,0,18.6206,0,0,0,18.6206,0
47.8112,2.16434,0,0,1.18281,0.155348,0.36288,3.6288,55.8117,0.66528,0,0,0.682779,0.261631,0,0.66528,12.849,1,0.563965,0.36288,0,20.3692,5.63598,14.5322,0.84672,12.849,0.84672,3695.15,0,36.966,0.42336,2.55097,1.89879,3.20026,1.26567,5.96099,0.42336,36.966,0.42336,423.524,0,1.02816,0,0,3.57913,2.55097,1.028160,1,0,20.4932,0,0,0,20.4932,0
46.1564,2.15116,0,0,1.0121,0.152842,0.36288,3.6288,55.2623,0.66528,0,0,0.377115,0.261214,0,0.66528,12.849,1,0.578111,0.36288,0,20.3491,5.63598,14.4979,0.84672,12.849,0.84672,3695.15,0,36.966,0.42336,0.966652,1.89897,2.38178,1.26567,3.55838,0.42336,36.966,0.42336,423.524,0,1.02816,0,0,1.99481,0.966652,1.028160,1,0,18.0563,0,0,0,18.0563,0
44.5483,2.1357,0,0,1.05593,0.165505,0.36288,3.6288,54.7144,0.66528,0,0,0.363047,0.245692,0,0.66528,12.849,1,0.594534,0.36288,0,19.5595,5.42835,13.8995,0.84672,12.849,0.84672,3695.15,0,36.966,0.42336,0.905567,1.89915,2.39686,1.20077,3.57745,0.42336,36.966,0.42336,423.524,0,1.02816,0,0,1.93373,0.905567,1.028160,1,0,17.4769,0,0,0,17.4769,0
43.95,2.05654,0,0,2.05641,0.235283,0.36288,3.6288,54.5022,0.66528,0,0,0.623121,0.170038,0,0.66528,12.849,1,0.593164,0.36288,0,43.6795,3.99963,39.4496,0.84672,12.849,0.84672,3695.15,0,36.966,0.42336,1.1547,1.89933,4.8557,0.860258,6.62611,0.42336,36.966,0.42336,423.524,0,1.02816,0,0,2.18286,1.1547,1.028160,1,0,46.0757,0,0,0,46.0757,0
44.1107,2.05101,0,0,2.76312,0.18855,0.36288,3.6288,54.1332,0.66528,0,0,0.497077,0.200773,0,0.66528,12.849,1,0.599624,0.36288,0,38.8676,3.54228,35.0886,0.84672,12.849,0.84672,3695.15,0,36.966,0.42336,0.525476,1.88424,2.71699,0.982446,3.7209,0.42336,36.966,0.42336,423.524,0,1.02816,0,0,1.55364,0.525476,1.028160,1,0,38.8095,0,0,0,38.8095,0
45.8882,2.05343,0,0,4.38274,0.188896,0.36288,3.6288,54.3083,0.66528,0,0,1.04067,0.200284,0,0.66528,12.849,1,0.598143,0.36288,0,52.883,3.54228,49.1055,0.84672,12.849,0.84672,3695.15,0,36.966,0.42336,1.63402,1.88442,4.37464,0.982446,6.48727,0.42336,36.966,0.42336,423.524,0,1.02816,0,0,2.66218,1.63402,1.028160,1,0,55.5928,0,0,0,55.5928,0
46.0761,2.07226,0,0,2.81581,0.192722,0.36288,3.6288,54.2185,0.66528,0,0,0.775913,0.200516,0,0.66528,12.849,1,0.580247,0.36288,0,36.3719,3.54228,32.6122,0.84672,12.849,0.84672,3695.15,0,36.966,0.42336,1.28097,1.88459,4.31626,0.982446,6.07601,0.42336,36.966,0.42336,423.524,0,1.02816,0,0,2.30913,1.28097,1.028160,1,0,38.6883,0,0,0,38.6883,0
49.0795,1.89365,0,0,5.51169,0.251757,0.36288,3.6288,54.2642,0.620552,0,0,0.889729,0.223459,0,0.66528,12.849,1,0.528073,0.36288,0,91.7707,3.94821,87.6573,0.84672,12.849,0.84672,3695.15,0,36.966,0.42336,1.41418,1.88477,5.4668,1.07722,7.26517,0.42336,36.966,0.42336,423.524,0,1.02816,0,0,2.44234,1.41418,1.028160,1,0,94.9225,0,0,0,94.9225,0
50.2296,1.91995,0,0,3.67179,0.238922,0.36288,3.6288,54.0435,0.621054,0,0,0.626816,0.226439,0,0.66528,12.849,1,0.502642,0.36288,0,50.2993,4.95978,45.1998,0.84672,12.849,0.84672,3695.15,0,36.966,0.42336,1.07404,1.80696,6.84692,1.24043,8.06414,0.42336,36.966,0.42336,423.524,0,1.02816,0,0,2.1022,1.07404,1.028160,1,0,53.2639,0,0,0,53.2639,0
52.4663,1.92981,0,0,4.77126,0.241867,0.36288,3.6288,53.8131,0.621557,0,0,0.617281,0.226108,0,0.66528,12.849,1,0.493655,0.36288,0,53.4279,4.95978,48.3374,0.84672,12.849,0.84672,3695.15,0,36.966,0.42336,1.29667,1.80751,5.73041,1.24043,7.17081,0.42336,36.966,0.42336,423.524,0,1.02816,0,0,2.32483,1.29667,1.028160,1,0,55.5082,0,0,0,55.5082,0
53.0397,1.94741,0,0,3.13124,0.247574,0.36288,3.6288,53.3745,0.622059,0,0,0.409151,0.225758,0,0.66528,12.849,1,0.47692,0.36288,0,40.2363,4.95978,35.1625,0.84672,12.849,0.84672,3695.15,0,36.966,0.42336,0.694708,1.80807,6.06548,1.24043,6.90447,0.42336,36.966,0.42336,423.524,0,1.02816,0,0,1.72287,0.694708,1.028160,1,0,42.067,0,0,0,42.067,0
53.044,1.95225,0,0,2.55259,0.233171,0.36288,3.6288,52.61,0.898385,0,0,0.301864,0.16794,0,0.66528,12.849,1,0.472939,0.36288,0,32.4766,3.8662,28.5004,0.84672,12.849,0.84672,3695.15,0,36.966,0.42336,0.412474,1.80862,3.69789,0.925932,4.56969,0.42336,36.966,0.42336,423.524,0,0.752337,0,0,1.16481,0.412474,1.028160,1,0,33.0701,0,0,0,33.0701,0
53.2187,2.02482,0,0,2.79728,0.234851,0.36288,3.6288,51.9992,0.922527,0,0,0.484631,0.172885,0,0.66528,12.849,1,0.490479,0.36288,0,43.4195,3.82787,39.4641,0.84672,12.849,0.84672,3695.15,0,36.966,0.42336,0.412474,1.80917,3.65543,1.0414,4.41231,0.42336,36.966,0.42336,423.524,0,0.770913,0,0,1.18339,0.412474,1.028160,1,0,43.8764,0,0,0,43.8764,0
53.3862,2.02681,0,0,2.79373,0.236526,0.36288,3.6288,51.2065,1.1198,0,0,0.503604,0.176492,0,0.66528,12.849,1,0.489349,0.36288,0,51.68,3.79911,47.7544,0.84672,12.849,0.84672,3695.15,0,36.966,0.42336,0.503194,1.85906,3.44949,1.128,4.26039,0.42336,36.966,0.42336,423.524,0,0.573635,0,0,1.07683,0.503194,1.028160,1,0,52.0148,0,0,0,52.0148,0
54.5901,2.02874,0,0,3.83839,0.242861,0.36288,3.6288,51.4272,0.66528,0,0,1.06946,0.183517,0,0.66528,12.849,1,0.488277,0.36288,0,98.5871,3.86288,94.5988,0.84672,12.849,0.84672,3695.15,0,36.966,0.42336,0.697775,1.85922,10.397,1.15025,11.3804,0.42336,36.966,0.42336,423.524,0,1.02816,0,0,1.72593,0.697775,1.028160,1,0,105.979,0,0,0,105.979,0
56.1281,2.03815,0,0,4.22092,0.281867,0.36288,3.6288,51.3328,0.66528,0,0,0.803701,0.232849,0,0.66528,12.849,1,0.479724,0.36288,0,75.7922,4.24546,71.4299,0.84672,12.849,0.84672,3695.15,0,36.966,0.42336,1.0542,1.85938,5.51557,1.28379,6.722,0.42336,36.966,0.42336,423.524,0,1.02816,0,0,2.08236,1.0542,1.028160,1,0,78.1519,0,0,0,78.1519,0
56.122,2.28305,0,0,2.91578,0.27593,0.36288,3.6288,50.9265,0.924013,0,0,0.74609,0.228312,0,0.66528,12.849,1,0.522643,0.36288,0,45.6171,4.08195,41.3754,0.84672,12.849,0.84672,3695.15,0,36.966,0.42336,0.503194,1.85954,3.51437,1.22125,4.2325,0.42336,36.966,0.42336,423.524,0,0.769427,0,0,1.27262,0.503194,1.028160,1,0,45.6079,0,0,0,45.6079,0
56.2767,2.28378,0,0,3.04358,0.24225,0.36288,3.6288,50.7817,0.703426,0,0,0.749295,0.190655,0,0.66528,12.849,1,0.522865,0.36288,0,59.3635,3.41733,55.7861,0.84672,12.849,0.84672,3695.15,0,36.966,0.42336,0.503194,1.91348,4.88324,0.8585,6.01805,0.42336,36.966,0.42336,423.524,0,0.990014,0,0,1.49321,0.503194,1.028160,1,0,61.8042,0,0,0,61.8042,0
56.7806,2.28571,0,0,3.41781,0.2653,0.36288,3.6288,50.6546,0.66528,0,0,0.72566,0.187551,0,0.66528,12.849,1,0.52187,0.36288,0,63.8063,3.822,59.8253,0.84672,12.849,0.84672,3695.15,0,36.966,0.42336,0.798474,1.91365,5.22574,0.975137,6.53937,0.42336,36.966,0.42336,423.524,0,1.02816,0,0,1.82663,0.798474,1.028160,1,0,66.3647,0,0,0,66.3647,0
58.1521,2.29026,0,0,4.29121,0.266625,0.36288,3.6288,50.4909,0.66528,0,0,0.688936,0.187357,0,0.66528,12.849,1,0.518267,0.36288,0,87.8401,3.822,83.8627,0.84672,12.849,0.84672,3695.15,0,36.966,0.42336,0.916186,1.91383,5.78441,0.975137,7.21593,0.42336,36.966,0.42336,423.524,0,1.02816,0,0,1.94435,0.916186,1.028160,1,0,91.0787,0,0,0,91.0787,0
59.661,1.96542,0,0,4.11196,0.274738,0.36288,3.6288,50.498,0.611715,0,0,0.804099,0.185245,0,0.66528,12.849,1,0.434269,0.36288,0,76.7715,3.84372,72.8564,0.84672,12.849,0.84672,3695.15,0,36.966,0.42336,0.930804,1.91401,5.99529,0.969952,7.44679,0.42336,36.966,0.42336,423.524,0,1.02816,0,0,1.95896,0.930804,1.028160,1,0,80.3032,0,0,0,80.3032,0
61.0481,1.97513,0,0,4.03129,0.306198,0.36288,3.6288,50.6413,0.612194,0,0,0.929543,0.174087,0,0.66528,12.849,1,0.425378,0.36288,0,63.3413,3.97404,59.3048,0.84672,12.849,0.84672,3695.15,0,36.966,0.42336,0.904046,1.79601,7.04498,0.938838,8.38283,0.42336,36.966,0.42336,423.524,0,1.02816,0,0,1.93221,0.904046,1.028160,1,0,67.6876,0,0,0,67.6876,0
64.3317,1.9838,0,0,5.94029,0.310003,0.36288,3.6288,51.5246,0.612672,0,0,1.6703,0.174291,0,0.66528,12.849,1,0.417536,0.36288,0,92.3746,3.97404,88.3459,0.84672,12.849,0.84672,3695.15,0,36.966,0.42336,1.43508,1.79653,12.3282,0.938838,14.1976,0.42336,36.966,0.42336,423.524,0,1.02816,0,0,2.46324,1.43508,1.028160,1,0,102.543,0,0,0,102.543,0
67.1627,2.00225,0,0,5.51462,0.318447,0.36288,3.6288,51.7925,0.61315,0,0,1.05655,0.175546,0,0.66528,12.849,1,0.39991,0.36288,0,110.913,3.97404,106.902,0.84672,12.849,0.84672,3695.15,0,36.966,0.42336,1.20503,1.79705,8.85462,0.938838,10.4945,0.42336,36.966,0.42336,423.524,0,1.02816,0,0,2.23319,1.20503,1.028160,1,0,117.397,0,0,0,117.397,0
68.852,2.01709,0,0,4.43413,0.364902,0.36288,3.6288,51.9479,0.613629,0,0,0.89424,0.125184,0,0.66528,12.849,1,0.385892,0.36288,0,75.3633,3.35327,71.987,0.84672,12.849,0.84672,3695.15,0,36.966,0.42336,0.783562,1.79758,7.08963,0.766307,8.4811,0.42336,36.966,0.42336,423.524,0,1.02816,0,0,1.81172,0.783562,1.028160,1,0,80.4681,0,0,0,80.4681,0
71.1715,2.11281,0,0,5.1343,0.33906,0.36288,3.6288,52.4518,0.66528,0,0,1.28765,0.118431,0,0.66528,12.849,1,0.394288,0.36288,0,97.5767,2.98886,94.5564,0.84672,12.849,0.84672,3695.15,0,36.966,0.42336,2.02357,1.7981,9.10647,0.642237,11.8626,0.42336,36.966,0.42336,423.524,0,1.02816,0,0,3.05173,2.02357,1.028160,1,0,106.419,0,0,0,106.419,0
72.29,2.12442,0,0,6.73339,0.326216,3.16428,3.6288,54.1175,0.66528,0,0,2.45527,0.1243,0,0.66528,12.849,1,0.383534,3.16428,0,123.53,2.94241,123.368,0.84672,12.849,0.84672,3695.15,0,36.966,0.42336,3.14247,1.85752,10.7736,0.620213,14.7301,0.42336,36.966,0.42336,423.524,0,1.02816,0,0,4.17063,3.14247,1.028160,1,0,138.098,0,0,0,138.098,0
72.29,2.13019,0,0,4.72709,0.329008,2.2679,3.6288,54.7751,0.66528,0,0,1.44874,0.125916,0,0.66528,12.849,1,0.378624,2.2679,0,92.7711,2.94241,91.718,0.84672,12.849,0.84672,3695.15,0,36.966,0.42336,1.87711,1.85768,8.64674,0.620213,11.338,0.42336,36.966,0.42336,423.524,0,1.02816,0,0,2.90527,1.87711,1.028160,1,0,103.056,0,0,0,103.056,0
72.29,2.13091,0,0,4.18925,0.311152,1.74719,3.6288,55.1317,0.66528,0,0,1.15752,0.135587,0,0.66528,12.849,1,0.378753,1.74719,0,94.0974,3.05876,92.4071,0.84672,12.849,0.84672,3695.15,0,36.966,0.42336,1.53719,1.85784,8.48249,0.643114,10.811,0.42336,36.966,0.42336,423.524,0,1.02816,0,0,2.56535,1.53719,1.028160,1,0,103.218,0,0,0,103.218,0
72.29,2.0973,0,0,4.50804,0.236527,2.17421,3.6288,56.0519,0.656467,0,0,1.75531,0.178648,0,0.66528,12.849,1,0.37278,2.17421,0,96.8605,3.75127,94.9106,0.84672,12.849,0.84672,3695.15,0,36.966,0.42336,2.37797,1.858,11.5041,0.845268,14.4714,0.42336,36.966,0.42336,423.524,0,1.02816,0,0,3.40613,2.37797,1.028160,1,0,109.382,0,0,0,109.382,0
72.29,2.09802,0,0,3.86805,0.196547,1.57348,3.6288,56.5388,0.656958,0,0,1.35026,0.206401,0,0.66528,12.849,1,0.372907,1.57348,0,80.6743,4.28683,77.588,0.84672,12.849,0.84672,3695.15,0,36.966,0.42336,1.6344,1.84377,6.33202,1.03847,8.34837,0.42336,36.966,0.42336,423.524,0,1.02816,0,0,2.66256,1.6344,1.028160,1,0,85.9364,0,0,0,85.9364,0
72.29,2.09874,0,0,3.22741,0.196547,0.932129,3.6288,56.8981,0.657448,0,0,1.22382,0.207058,0,0.66528,12.849,1,0.373034,0.932129,0,65.2398,4.28683,61.512,0.84672,12.849,0.84672,3695.15,0,36.966,0.42336,1.265,1.84431,5.03239,1.03847,6.67987,0.42336,36.966,0.42336,423.524,0,1.02816,0,0,2.29316,1.265,1.028160,1,0,68.1919,0,0,0,68.1919,0
72.29,2.09945,0,0,2.86157,0.196547,0.56557,3.6288,57.1443,0.657939,0,0,1.11161,0.207543,0,0.66528,12.849,1,0.373162,0.56557,0,56.5271,4.28683,52.4327,0.84672,12.849,0.84672,3695.15,0,36.966,0.42336,0.974177,1.84485,4.35182,1.03847,5.70902,0.42336,36.966,0.42336,423.524,0,1.02816,0,0,2.00234,0.974177,1.028160,1,0,58.1417,0,0,0,58.1417,0
72.1109,2.21684,0,0,2.59286,0.192226,0.36288,3.6288,57.2733,0.66528,0,0,0.996667,0.202336,0,0.66528,12.849,1,0.394027,0.36288,0,49.8042,4.16887,45.6041,0.84672,12.849,0.84672,3695.15,0,36.966,0.42336,0.792323,1.84539,3.98041,1.00855,5.18621,0.42336,36.966,0.42336,423.524,0,1.02816,0,0,1.82048,0.792323,1.028160,1,0,50.7903,0,0,0,50.7903,0
71.9884,2.21676,0,0,2.58825,0.131131,0.36288,3.6288,57.3677,0.66528,0,0,0.970877,0.211228,0,0.66528,12.849,1,0.394992,0.36288,0,51.3292,4.22992,47.0672,0.84672,12.849,0.84672,3695.15,0,36.966,0.42336,1.09956,1.87697,4.9829,1.00975,6.52632,0.42336,36.966,0.42336,423.524,0,1.02816,0,0,2.12772,1.09956,1.028160,1,0,53.5935,0,0,0,53.5935,0
71.7898,2.21694,0,0,2.51228,0.131009,0.36288,3.6288,57.5221,0.66528,0,0,1.03105,0.211357,0,0.66528,12.849,1,0.395696,0.36288,0,48.9243,4.22992,44.6616,0.84672,12.849,0.84672,3695.15,0,36.966,0.42336,1.07516,1.87713,5.30079,1.00975,6.81997,0.42336,36.966,0.42336,423.524,0,1.02816,0,0,2.10332,1.07516,1.028160,1,0,51.4816,0,0,0,51.4816,0
71.4628,2.21676,0,0,2.3834,0.130811,0.36288,3.6288,57.6472,0.66528,0,0,1.00192,0.211569,0,0.66528,12.849,1,0.396758,0.36288,0,45.9515,4.22992,41.6877,0.84672,12.849,0.84672,3695.15,0,36.966,0.42336,0.985634,1.8773,4.90088,1.00975,6.3307,0.42336,36.966,0.42336,423.524,0,1.02816,0,0,2.01379,0.985634,1.028160,1,0,48.0184,0,0,0,48.0184,0
70.9894,2.21597,0,0,2.22606,0.120613,0.36288,3.6288,57.7038,0.66528,0,0,0.941907,0.219964,0,0.66528,12.849,1,0.398432,0.36288,0,42.7239,4.42467,38.2637,0.84672,12.849,0.84672,3695.15,0,36.966,0.42336,0.872977,1.87746,4.75292,1.0374,6.0426,0.42336,36.966,0.42336,423.524,0,1.02816,0,0,1.90114,0.872977,1.028160,1,0,44.3063,0,0,0,44.3063,0
70.9188,2.19143,0,0,2.5721,0.0883204,0.36288,3.6288,57.6188,0.66528,0,0,0.839661,0.259369,0,0.66528,12.849,1,0.396646,0.36288,0,43.7276,5.32524,38.3686,0.84672,12.849,0.84672,3695.15,0,36.966,0.42336,0.714442,1.87763,4.35162,1.18423,5.33611,0.42336,36.966,0.42336,423.524,0,1.02816,0,0,1.7426,0.714442,1.028160,1,0,43.7047,0,0,0,43.7047,0
70.8985,2.19184,0,0,2.60835,0.0740105,0.36288,3.6288,57.4089,0.66528,0,0,0.745088,0.289757,0,0.66528,12.849,1,0.397115,0.36288,0,43.0717,5.25606,37.7814,0.84672,12.849,0.84672,3695.15,0,36.966,0.42336,0.519938,1.87269,4.24581,1.29377,4.92131,0.42336,36.966,0.42336,423.524,0,1.02816,0,0,1.5481,0.519938,1.028160,1,0,42.7027,0,0,0,42.7027,0
70.7525,2.19248,0,0,2.47924,0.0698124,0.36288,3.6288,57.1719,0.66528,0,0,0.723436,0.295112,0,0.66528,12.849,1,0.397346,0.36288,0,39.59,5.26239,34.2931,0.84672,12.849,0.84672,3695.15,0,36.966,0.42336,0.466871,1.87286,4.11386,1.3133,4.71693,0.42336,36.966,0.42336,423.524,0,1.02816,0,0,1.49503,0.466871,1.028160,1,0,39.01,0,0,0,39.01,0
70.4362,2.19253,0,0,2.30878,0.0697343,0.36288,3.6288,56.8433,0.66528,0,0,0.631299,0.294659,0,0.66528,12.849,1,0.398174,0.36288,0,36.7973,5.26239,31.4996,0.84672,12.849,0.84672,3695.15,0,36.966,0.42336,0.402987,1.87302,3.89692,1.3133,4.43627,0.42336,36.966,0.42336,423.524,0,1.02816,0,0,1.43115,0.402987,1.028160,1,0,35.9359,0,0,0,35.9359,0
69.8805,2.25127,0,0,2.12427,0.0657462,0.36288,3.6288,56.4222,0.66528,0,0,0.549896,0.305692,0,0.66528,12.849,1,0.410677,0.36288,0,33.5348,5.42163,28.0654,0.84672,12.849,0.84672,3695.15,0,36.966,0.42336,0.267996,1.87319,3.47108,1.36157,3.82733,0.42336,36.966,0.42336,423.524,0,1.02816,0,0,1.29616,0.267996,1.028160,1,0,31.8927,0,0,0,31.8927,0
69.4689,2.24927,0,0,2.25652,0.055959,0.36288,3.6288,56.0378,0.66528,0,0,0.614803,0.333929,0,0.66528,12.849,1,0.413575,0.36288,0,39.6817,5.81973,33.8113,0.84672,12.849,0.84672,3695.15,0,36.966,0.42336,0.385448,1.88654,3.33116,1.48224,3.69755,0.42336,36.966,0.42336,423.524,0,1.02816,0,0,1.41361,0.385448,1.028160,1,0,37.5088,0,0,0,37.5088,0
68.8563,2.24796,0,0,2.05393,0.055781,0.36288,3.6288,55.5465,0.66528,0,0,0.507091,0.333092,0,0.66528,12.849,1,0.415783,0.36288,0,31.9617,5.81973,26.0891,0.84672,12.849,0.84672,3695.15,0,36.966,0.42336,0.415981,1.88671,3.0954,1.48224,3.49249,0.42336,36.966,0.42336,423.524,0,1.02816,0,0,1.44414,0.415981,1.028160,1,0,29.5815,0,0,0,29.5815,0
68.0603,2.2456,0,0,1.86805,0.055516,0.36288,3.6288,54.985,0.701784,0,0,0.472249,0.332022,0,0.66528,12.849,1,0.419042,0.36288,0,29.7955,5.81973,23.9196,0.84672,12.849,0.84672,3695.15,0,36.966,0.42336,0.227405,1.88687,2.75862,1.48224,2.9673,0.42336,36.966,0.42336,423.524,0,0.991656,0,0,1.21906,0.227405,1.028160,1,0,26.8869,0,0,0,26.8869,0
67.268,2.41576,0,0,2.0343,0.0479444,0.36288,3.6288,54.548,0.66528,0,0,0.55743,0.32907,0,0.66528,12.849,1,0.456068,0.36288,0,29.9363,5.92786,23.9153,0.84672,12.849,0.84672,3695.15,0,36.966,0.42336,0.508084,1.88704,3.90049,1.50815,4.36411,0.42336,36.966,0.42336,423.524,0,1.02816,0,0,1.53624,0.508084,1.028160,1,0,28.2794,0,0,0,28.2794,0
66.5461,2.41206,0,0,2.1125,0.0594984,0.36288,3.6288,53.954,0.757495,0,0,0.456402,0.292996,0,0.66528,12.849,1,0.460732,0.36288,0,28.2405,5.98486,22.1578,0.84672,12.849,0.84672,3695.15,0,36.966,0.42336,0.227405,1.92587,3.30955,1.56975,3.46972,0.42336,36.966,0.42336,423.524,0,0.935945,0,0,1.16335,0.227405,1.028160,1,0,25.6275,0,0,0,25.6275,0
66.0628,2.40867,0,0,2.34558,0.0573281,0.36288,3.6288,53.5243,0.66528,0,0,0.529145,0.293493,0,0.66528,12.849,1,0.465076,0.36288,0,33.9896,6.0607,27.8267,0.84672,12.849,0.84672,3695.15,0,36.966,0.42336,0.320855,1.92605,3.2763,1.58897,3.51088,0.42336,36.966,0.42336,423.524,0,1.02816,0,0,1.34901,0.320855,1.028160,1,0,31.3376,0,0,0,31.3376,0
65.096,2.40662,0,0,1.85979,0.0571083,0.36288,3.6288,52.7443,0.884684,0,0,0.397167,0.29254,0,0.66528,12.849,1,0.468081,0.36288,0,37.322,6.0607,31.1561,0.84672,12.849,0.84672,3695.15,0,36.966,0.42336,0.204422,1.92623,2.63062,1.58897,2.74895,0.42336,36.966,0.42336,423.524,0,0.808756,0,0,1.01318,0.204422,1.028160,1,0,33.9051,0,0,0,33.9051,0
64.5353,2.40162,0,0,2.2605,0.0566686,0.36288,3.6288,52.4268,0.66528,0,0,0.638541,0.290722,0,0.66528,12.849,1,0.474045,0.36288,0,32.5333,6.0607,26.3614,0.84672,12.849,0.84672,3695.15,0,36.966,0.42336,0.651629,1.92641,3.79041,1.58897,4.35612,0.42336,36.966,0.42336,423.524,0,1.02816,0,0,1.67979,0.651629,1.028160,1,0,30.7176,0,0,0,30.7176,0
63.4419,2.31502,0,0,1.65313,0.0686319,0.36288,3.6288,51.8653,0.712515,0,0,0.41995,0.26896,0,0.66528,12.849,1,0.46092,0.36288,0,32.7491,6.181,26.47,0.84672,12.849,0.84672,3695.15,0,36.966,0.42336,0.204422,1.92659,2.75219,1.51958,2.94026,0.42336,36.966,0.42336,423.524,0,0.980925,0,0,1.18535,0.204422,1.028160,1,0,29.4103,0,0,0,29.4103,0
63.5741,2.30918,0,0,2.88135,0.0771099,0.36288,3.6288,51.6772,0.66528,0,0,0.729277,0.25205,0,0.66528,12.849,1,0.467683,0.36288,0,47.1163,6.27123,40.7402,0.84672,12.849,0.84672,3695.15,0,36.966,0.42336,1.12723,1.9079,3.88397,1.46754,5.0282,0.42336,36.966,0.42336,423.524,0,1.02816,0,0,2.15539,1.12723,1.028160,1,0,45.7684,0,0,0,45.7684,0
62.1152,2.31076,0,0,1.29198,0.0771928,0.36288,3.6288,51.0311,0.808177,0,0,0.413749,0.251667,0,0.66528,12.849,1,0.46703,0.36288,0,35.8246,6.27123,29.4492,0.84672,12.849,0.84672,3695.15,0,36.966,0.42336,0.216518,1.90807,1.99706,1.46754,2.23075,0.42336,36.966,0.42336,423.524,0,0.885263,0,0,1.10178,0.216518,1.028160,1,0,31.6799,0,0,0,31.6799,0
60.9673,2.30245,0,0,1.61812,0.100661,0.36288,3.6288,50.5481,0.758635,0,0,0.523557,0.247931,0,0.66528,12.849,1,0.476278,0.36288,0,34.1783,6.09076,27.9741,0.84672,12.849,0.84672,3695.15,0,36.966,0.42336,0.216518,1.90825,2.4432,1.44038,2.70423,0.42336,36.966,0.42336,423.524,0,0.934805,0,0,1.15132,0.216518,1.028160,1,0,30.6783,0,0,0,30.6783,0
62.3336,2.22747,0,0,4.15354,0.196938,0.36288,3.6288,50.5215,0.66528,0,0,0.896939,0.258305,0,0.66528,12.849,1,0.469444,0.36288,0,48.5918,5.44113,43.0441,0.84672,12.849,0.84672,3695.15,0,36.966,0.42336,1.81526,1.90842,5.27924,1.26525,7.31431,0.42336,36.966,0.42336,423.524,0,1.02816,0,0,2.84342,1.81526,1.028160,1,0,50.3584,0,0,0,50.3584,0
60.3581,2.23675,0,0,0.902951,0.278857,0.36288,3.6288,50.1793,0.66528,0,0,0.524276,0.201219,0,0.66528,12.849,1,0.461068,0.36288,0,30.1857,4.41882,25.6687,0.84672,12.849,0.84672,3695.15,0,36.966,0.42336,0.221409,1.89309,3.85059,1.06518,4.47655,0.42336,36.966,0.42336,423.524,0,1.02816,0,0,1.24957,0.221409,1.028160,1,0,30.1453,0,0,0,30.1453,0
58.9052,2.22506,0,0,1.40945,0.274335,0.36288,3.6288,49.9331,0.66528,0,0,0.619793,0.200657,0,0.66528,12.849,1,0.473669,0.36288,0,40.4511,4.41882,35.9215,0.84672,12.849,0.84672,3695.15,0,36.966,0.42336,0.51154,1.89326,5.1027,1.06518,6.01896,0.42336,36.966,0.42336,423.524,0,1.02816,0,0,1.5397,0.51154,1.028160,1,0,41.9404,0,0,0,41.9404,0
59.4734,2.21621,0,0,3.41784,0.270552,0.36288,3.6288,50.5995,0.66528,0,0,1.53194,0.200253,0,0.66528,12.849,1,0.483422,0.36288,0,92.549,4.41882,88.0096,0.84672,12.849,0.84672,3695.15,0,36.966,0.42336,2.97319,1.89343,8.46016,1.06518,11.8382,0.42336,36.966,0.42336,423.524,0,1.02816,0,0,4.00135,2.97319,1.028160,1,0,99.8479,0,0,0,99.8479,0
59.4549,2.02729,0,0,2.6625,0.290911,0.36288,3.6288,50.8603,0.645787,0,0,1.11435,0.207789,0,0.66528,12.849,1,0.437987,0.36288,0,53.0976,4.23459,48.7879,0.84672,12.849,0.84672,3695.15,0,36.966,0.42336,1.65503,1.8936,5.03766,1.00154,7.16138,0.42336,36.966,0.42336,423.524,0,1.02816,0,0,2.68319,1.65503,1.028160,1,0,55.9492,0,0,0,55.9492,0
59.7985,2.02786,0,0,2.97617,0.241741,0.36288,3.6288,51.3931,0.646273,0,0,1.37984,0.200793,0,0.66528,12.849,1,0.438249,0.36288,0,53.9386,4.75368,49.1095,0.84672,12.849,0.84672,3695.15,0,36.966,0.42336,2.30111,1.83462,8.15139,1.0697,10.7941,0.42336,36.966,0.42336,423.524,0,1.02816,0,0,3.32927,2.30111,1.028160,1,0,59.9036,0,0,0,59.9036,0
62.8767,2.03063,0,0,5.70178,0.230119,0.36288,3.6288,53.0201,0.646759,0,0,2.47281,0.198978,0,0.66528,12.849,1,0.436324,0.36288,0,133.596,4.88113,128.641,0.84672,12.849,0.84672,3695.15,0,36.966,0.42336,3.34744,1.83515,9.73875,1.0952,13.4028,0.42336,36.966,0.42336,423.524,0,1.02816,0,0,4.3756,3.34744,1.028160,1,0,142.044,0,0,0,142.044,0
64.9081,2.04906,0,0,4.67952,0.2362,0.36288,3.6288,53.531,0.647246,0,0,1.35971,0.201601,0,0.66528,12.849,1,0.41873,0.36288,0,73.8927,4.88113,68.9558,0.84672,12.849,0.84672,3695.15,0,36.966,0.42336,2.36904,1.83569,7.60248,1.0952,10.2887,0.42336,36.966,0.42336,423.524,0,1.02816,0,0,3.3972,2.36904,1.028160,1,0,79.2444,0,0,0,79.2444,0
65.7602,2.0607,0,0,3.57041,0.29467,0.36288,3.6288,53.4437,0.647732,0,0,0.768286,0.207853,0,0.66528,12.849,1,0.40793,0.36288,0,95.4547,4.28489,91.1248,0.84672,12.849,0.84672,3695.15,0,36.966,0.42336,1.48694,1.83622,6.3519,0.970095,8.28161,0.42336,36.966,0.42336,423.524,0,1.02816,0,0,2.5151,1.48694,1.028160,1,0,99.4064,0,0,0,99.4064,0
67.9041,2.14162,0,0,4.93044,0.282089,0.36288,3.6288,53.5598,0.66528,0,0,0.950547,0.169204,0,0.66528,12.849,1,0.418454,0.36288,0,122.706,3.78514,118.865,0.84672,12.849,0.84672,3695.15,0,36.966,0.42336,1.66701,1.83675,7.8448,0.88626,10.0389,0.42336,36.966,0.42336,423.524,0,1.02816,0,0,2.69517,1.66701,1.028160,1,0,128.904,0,0,0,128.904,0
71.0199,2.15342,0,0,5.89149,0.259359,0.36288,3.6288,53.7797,0.66528,0,0,1.13419,0.248932,0,0.66528,12.849,1,0.407477,0.36288,0,127.234,5.23422,121.955,0.84672,12.849,0.84672,3695.15,0,36.966,0.42336,1.33158,1.86745,8.22424,1.36584,9.63407,0.42336,36.966,0.42336,423.524,0,1.02816,0,0,2.35974,1.33158,1.028160,1,0,131.589,0,0,0,131.589,0
72.29,2.16927,0,0,7.84849,0.274135,4.13501,3.6288,54.6604,0.66528,0,0,1.79452,0.248631,0,0.66528,12.849,1,0.392466,4.13501,0,102.712,5.35962,101.095,0.84672,12.849,0.84672,3695.15,0,36.966,0.42336,2.40096,1.8676,14.1618,1.41855,16.5885,0.42336,36.966,0.42336,423.524,0,1.02816,0,0,3.42912,2.40096,1.028160,1,0,117.684,0,0,0,117.684,0
72.29,2.17583,0,0,6.86196,0.276802,4.40933,3.6288,55.0391,0.66528,0,0,1.29409,0.250101,0,0.66528,12.849,1,0.386737,4.40933,0,116.965,5.35962,115.628,0.84672,12.849,0.84672,3695.15,0,36.966,0.42336,1.57823,1.86776,9.67948,1.41855,11.2836,0.42336,36.966,0.42336,423.524,0,1.02816,0,0,2.60639,1.57823,1.028160,1,0,126.911,0,0,0,126.911,0
72.29,2.42389,0,0,6.80886,0.276802,4.10817,3.6288,55.7097,0.66528,0,0,1.58664,0.250726,0,0.66528,12.849,1,0.430828,4.10817,0,114.888,5.35962,113.206,0.84672,12.849,0.84672,3695.15,0,36.966,0.42336,2.08975,1.86791,9.82178,1.41855,11.9375,0.42336,36.966,0.42336,423.524,0,1.02816,0,0,3.11791,2.08975,1.028160,1,0,125.143,0,0,0,125.143,0
72.29,2.42466,0,0,5.36725,0.312084,2.6305,3.6288,55.9467,0.66528,0,0,1.11718,0.214859,0,0.66528,12.849,1,0.430965,2.6305,0,114.039,3.35664,112.882,0.84672,12.849,0.84672,3695.15,0,36.966,0.42336,1.18836,1.92266,7.92502,1.02961,9.58308,0.42336,36.966,0.42336,423.524,0,1.02816,0,0,2.21652,1.18836,1.028160,1,0,122.465,0,0,0,122.465,0
72.29,2.42544,0,0,8.66177,0.311486,5.92485,3.6288,57.4585,0.66528,0,0,2.37864,0.201587,0,0.66528,12.849,1,0.431103,5.92485,0,121.153,3.32892,123.317,0.84672,12.849,0.84672,3695.15,0,36.966,0.42336,4.69393,1.92283,14.7548,0.998585,19.9496,0.42336,36.966,0.42336,423.524,0,1.02816,0,0,5.72209,4.69393,1.028160,1,0,143.267,0,0,0,143.267,0
72.29,2.42621,0,0,6.87711,0.311486,4.13941,3.6288,58.2981,0.66528,0,0,1.70846,0.203581,0,0.66528,12.849,1,0.431241,4.13941,0,156.866,3.32892,157.245,0.84672,12.849,0.84672,3695.15,0,36.966,0.42336,2.89694,1.92301,14.3413,0.998585,17.7393,0.42336,36.966,0.42336,423.524,0,1.02816,0,0,3.9251,2.89694,1.028160,1,0,174.985,0,0,0,174.985,0
72.29,2.07379,0,0,4.78542,0.314509,2.39712,3.6288,58.8135,0.636519,0,0,1.3394,0.187512,0,0.66528,12.849,1,0.3686,2.39712,0,104.674,3.02646,103.676,0.84672,12.849,0.84672,3695.15,0,36.966,0.42336,0.876649,1.92318,7.29772,0.911858,8.76233,0.42336,36.966,0.42336,423.524,0,1.02816,0,0,1.90481,0.876649,1.028160,1,0,112.438,0,0,0,112.438,0
72.29,2.07446,0,0,5.91063,0.317016,3.51915,3.6288,60.5084,0.636983,0,0,2.5086,0.176742,0,0.66528,12.849,1,0.36872,3.51915,0,164.64,2.65803,165.132,0.84672,12.849,0.84672,3695.15,0,36.966,0.42336,3.97244,1.82317,12.8641,0.781565,17.4548,0.42336,36.966,0.42336,423.524,0,1.02816,0,0,5.0006,3.97244,1.028160,1,0,182.587,0,0,0,182.587,0
72.29,2.07514,0,0,4.84687,0.307224,2.4645,3.6288,61.308,0.637446,0,0,2.32078,0.18518,0.698511,0.66528,12.849,1,0.368841,2.4645,0,125.485,2.71026,124.87,0.84672,12.849,0.84672,3695.15,0,36.966,0.42336,3.19115,1.82368,10.6994,0.778344,14.5126,0.42336,36.966,0.42336,423.524,0,1.02816,0,0,4.21931,3.19115,1.028160,1,0,140.081,0,0,0,140.081,0
72.29,2.07582,0,0,4.40355,0.307224,2.02051,3.6288,61.308,0.637909,0,0,2.05745,0.186121,1.23342,0.66528,12.849,1,0.368961,2.02051,0,112.444,2.71026,111.385,0.84672,12.849,0.84672,3695.15,0,36.966,0.42336,3.59874,1.82419,10.0149,0.778344,14.2361,0.42336,36.966,0.42336,423.524,0,1.02816,0,0,4.6269,3.59874,1.028160,1,0,126.854,0,0,0,126.854,0
72.29,2.0765,0,0,6.47683,0.307224,4.09311,3.6288,61.308,0.638373,0,0,2.5136,0.186121,1.68911,0.66528,12.849,1,0.369081,4.09311,0,152.836,2.71026,153.849,0.84672,12.849,0.84672,3695.15,0,36.966,0.42336,4.12185,1.82469,14.1173,0.778344,18.8622,0.42336,36.966,0.42336,423.524,0,1.02816,0,0,5.15001,4.12185,1.028160,1,0,174.401,0,0,0,174.401,0
72.29,2.1662,0,0,4.9693,0.311317,2.49178,3.6288,61.308,0.66528,0,0,1.94944,0.159781,1.12438,0.66528,12.849,1,0.385026,2.49178,0,128.824,2.82432,128.107,0.84672,12.849,0.84672,3695.15,0,36.966,0.42336,3.92411,1.8252,10.2108,0.72641,14.8104,0.42336,36.966,0.42336,423.524,0,1.02816,0,0,4.95227,3.92411,1.028160,1,0,144.041,0,0,0,144.041,0
72.29,2.1669,0,0,4.93955,0.314386,2.45826,3.6288,61.308,0.66528,0,0,2.28698,0.140027,1.48168,0.66528,12.849,1,0.385151,2.45826,0,131.734,2.90986,130.897,0.84672,12.849,0.84672,3695.15,0,36.966,0.42336,3.77705,1.86579,8.94473,0.687459,13.4768,0.42336,36.966,0.42336,423.524,0,1.02816,0,0,4.80521,3.77705,1.028160,1,0,145.856,0,0,0,145.856,0
72.29,2.16761,0,0,3.71377,0.314386,1.23178,3.6288,61.308,0.66528,0,0,1.40813,0.140027,0.602823,0.66528,12.849,1,0.385276,1.23178,0,81.9884,2.90986,79.9251,0.84672,12.849,0.84672,3695.15,0,36.966,0.42336,2.45303,1.86594,7.27531,0.687459,10.4835,0.42336,36.966,0.42336,423.524,0,1.02816,0,0,3.48119,2.45303,1.028160,1,0,91.0114,0,0,0,91.0114,0
72.29,2.16831,0,0,3.50355,0.314386,1.02086,3.6288,61.308,0.66528,0,0,1.52768,0.140027,0.722375,0.66528,12.849,1,0.385401,1.02086,0,94.614,2.90986,92.3396,0.84672,12.849,0.84672,3695.15,0,36.966,0.42336,2.47452,1.8661,7.31799,0.687459,10.5478,0.42336,36.966,0.42336,423.524,0,1.02816,0,0,3.50268,2.47452,1.028160,1,0,103.61,0,0,0,103.61,0
72.29,2.13416,0,0,2.94669,0.264579,0.547947,3.6288,61.308,0.66528,0,0,1.13135,0.175513,0.290555,0.66528,12.849,1,0.379331,0.547947,0,84.0895,3.45766,80.8004,0.84672,12.849,0.84672,3695.15,0,36.966,0.42336,1.81141,1.86625,6.55288,0.796039,9.01114,0.42336,36.966,0.42336,423.524,0,1.02816,0,0,2.83957,1.81141,1.028160,1,0,90.1021,0,0,0,90.1021,0
71.8852,2.13486,0,0,2.35801,0.265054,0.36288,3.6288,61.308,0.66528,0,0,0.909827,0.19762,0.0469267,0.66528,12.849,1,0.379455,0.36288,0,56.0119,4.01279,51.9825,0.84672,12.849,0.84672,3695.15,0,36.966,0.42336,1.62305,1.85872,5.7638,0.907185,7.91503,0.42336,36.966,0.42336,423.524,0,1.02816,0,0,2.65121,1.62305,1.028160,1,0,59.9445,0,0,0,59.9445,0
71.5549,2.13374,0,0,2.43057,0.26424,0.36288,3.6288,61.308,0.66528,0,0,0.960155,0.19762,0.0972547,0.66528,12.849,1,0.381391,0.36288,0,53.95,4.01279,49.9187,0.84672,12.849,0.84672,3695.15,0,36.966,0.42336,1.60137,1.85887,4.97024,0.907185,7.09994,0.42336,36.966,0.42336,423.524,0,1.02816,0,0,2.62953,1.60137,1.028160,1,0,57.1159,0,0,0,57.1159,0
72.1507,2.13294,0,0,3.34001,0.248438,0.36288,3.6288,61.308,0.66528,0,0,1.05591,0.20119,0.189442,0.66528,12.849,1,0.383008,0.36288,0,70.3405,4.12115,66.1992,0.84672,12.849,0.84672,3695.15,0,36.966,0.42336,1.92125,1.85902,4.96459,0.887125,7.43438,0.42336,36.966,0.42336,423.524,0,1.02816,0,0,2.94941,1.92125,1.028160,1,0,73.823,0,0,0,73.823,0
71.4494,2.2547,0,0,2.12786,0.211552,0.36288,3.6288,61.308,0.66528,0,0,0.890896,0.210115,0.0155009,0.66528,12.849,1,0.40153,0.36288,0,51.4868,4.39204,47.0561,0.84672,12.849,0.84672,3695.15,0,36.966,0.42336,1.41089,1.85918,4.40395,0.836977,6.41367,0.42336,36.966,0.42336,423.524,0,1.02816,0,0,2.43905,1.41089,1.028160,1,0,53.4853,0,0,0,53.4853,0
70.6643,2.25209,0,0,2.05932,0.229469,0.36288,3.6288,61.183,0.66528,0,0,0.742694,0.202374,0,0.66528,12.849,1,0.405001,0.36288,0,39.4741,4.67496,34.757,0.84672,12.849,0.84672,3695.15,0,36.966,0.42336,0.689662,1.88547,3.23521,0.92136,4.46562,0.42336,36.966,0.42336,423.524,0,1.02816,0,0,1.71782,0.689662,1.028160,1,0,39.2226,0,0,0,39.2226,0
69.9714,2.249,0,0,2.09244,0.173453,0.36288,3.6288,61.1558,0.66528,0,0,0.849606,0.21154,0,0.66528,12.849,1,0.40894,0.36288,0,39.966,4.92669,34.9933,0.84672,12.849,0.84672,3695.15,0,36.966,0.42336,1.13218,1.88563,3.67184,0.968054,5.29824,0.42336,36.966,0.42336,423.524,0,1.02816,0,0,2.16034,1.13218,1.028160,1,0,40.2915,0,0,0,40.2915,0
69.0981,2.2463,0,0,1.86179,0.125857,0.36288,3.6288,60.9588,0.66528,0,0,0.696609,0.228384,0,0.66528,12.849,1,0.412494,0.36288,0,37.0689,5.1534,31.8659,0.84672,12.849,0.84672,3695.15,0,36.966,0.42336,0.806699,1.88579,3.14344,1.01366,4.3989,0.42336,36.966,0.42336,423.524,0,1.02816,0,0,1.83486,0.806699,1.028160,1,0,36.2648,0,0,0,36.2648,0
68.1072,2.24263,0,0,1.73962,0.125009,0.36288,3.6288,60.6214,0.66528,0,0,0.55603,0.2281,0,0.66528,12.849,1,0.417024,0.36288,0,34.137,5.1534,28.9294,0.84672,12.849,0.84672,3695.15,0,36.966,0.42336,0.560831,1.88595,2.90618,1.01366,3.91593,0.42336,36.966,0.42336,423.524,0,1.02816,0,0,1.58899,0.560831,1.028160,1,0,32.8454,0,0,0,32.8454,0
67.2339,2.21501,0,0,1.82888,0.124337,0.36288,3.6288,60.4299,0.66528,0,0,0.714391,0.240667,0,0.66528,12.849,1,0.41788,0.36288,0,35.0277,5.03496,29.9377,0.84672,12.849,0.84672,3695.15,0,36.966,0.42336,0.820437,1.88611,3.25277,1.09941,4.43654,0.42336,36.966,0.42336,423.524,0,1.02816,0,0,1.8486,0.820437,1.028160,1,0,34.3743,0,0,0,34.3743,0
66.3235,2.21117,0,0,1.78739,0.123703,0.36288,3.6288,60.3713,0.66528,0,0,0.856855,0.250153,0,0.66528,12.849,1,0.422574,0.36288,0,36.7399,4.94613,31.734,0.84672,12.849,0.84672,3695.15,0,36.966,0.42336,0.953536,1.88109,3.6807,1.16373,4.92824,0.42336,36.966,0.42336,423.524,0,1.02816,0,0,1.9817,0.953536,1.028160,1,0,36.6623,0,0,0,36.6623,0
65.2564,2.20702,0,0,1.62556,0.122815,0.36288,3.6288,60.2915,0.66528,0,0,0.835523,0.25006,0,0.66528,12.849,1,0.42757,0.36288,0,36.0207,4.94613,31.0099,0.84672,12.849,0.84672,3695.15,0,36.966,0.42336,0.927867,1.88125,3.52678,1.16373,4.74881,0.42336,36.966,0.42336,423.524,0,1.02816,0,0,1.95603,0.927867,1.028160,1,0,35.7587,0,0,0,35.7587,0
64.0453,2.20188,0,0,1.47544,0.121773,0.36288,3.6288,60.1601,0.66528,0,0,0.783847,0.249933,0,0.66528,12.849,1,0.433552,0.36288,0,32.0974,4.94613,27.0806,0.84672,12.849,0.84672,3695.15,0,36.966,0.42336,0.707279,1.88141,3.41168,1.16373,4.41328,0.42336,36.966,0.42336,423.524,0,1.02816,0,0,1.73544,0.707279,1.028160,1,0,31.4939,0,0,0,31.4939,0
62.7446,2.25524,0,0,1.40673,0.089348,0.36288,3.6288,59.9136,0.66528,0,0,0.743386,0.324594,0,0.66528,12.849,1,0.452454,0.36288,0,28.9298,5.91243,22.9278,0.84672,12.849,0.84672,3695.15,0,36.966,0.42336,0.677255,1.88157,3.19254,1.52117,3.80684,0.42336,36.966,0.42336,423.524,0,1.02816,0,0,1.70542,0.677255,1.028160,1,0,26.7347,0,0,0,26.7347,0
61.6076,2.24817,0,0,1.56247,0.0883724,0.36288,3.6288,59.9245,0.66528,0,0,0.992166,0.315962,0,0.66528,12.849,1,0.460387,0.36288,0,35.4353,5.78193,29.5559,0.84672,12.849,0.84672,3695.15,0,36.966,0.42336,0.620767,1.89511,3.35443,1.50189,3.94506,0.42336,36.966,0.42336,423.524,0,1.02816,0,0,1.64893,0.620767,1.028160,1,0,33.5009,0,0,0,33.5009,0
60.3702,2.24186,0,0,1.45486,0.0875505,0.36288,3.6288,59.8041,0.66528,0,0,0.860786,0.315984,0,0.66528,12.849,1,0.467567,0.36288,0,30.004,5.78193,24.1174,0.84672,12.849,0.84672,3695.15,0,36.966,0.42336,0.754281,1.89527,3.38537,1.50189,4.10968,0.42336,36.966,0.42336,423.524,0,1.02816,0,0,1.78244,0.754281,1.028160,1,0,28.2271,0,0,0,28.2271,0
59.0311,2.23468,0,0,1.34509,0.086656,0.36288,3.6288,59.6213,0.66528,0,0,0.798258,0.315742,0,0.66528,12.849,1,0.475622,0.36288,0,28.7712,5.78193,22.8765,0.84672,12.849,0.84672,3695.15,0,36.966,0.42336,0.537365,1.89544,2.94355,1.50189,3.45111,0.42336,36.966,0.42336,423.524,0,1.02816,0,0,1.56552,0.537365,1.028160,1,0,26.3276,0,0,0,26.3276,0
57.5636,2.39845,0,0,1.375,0.0811553,0.36288,3.6288,59.5246,0.66528,0,0,0.886499,0.317936,0,0.66528,12.849,1,0.522059,0.36288,0,27.3642,5.85671,21.3483,0.84672,12.849,0.84672,3695.15,0,36.966,0.42336,0.748596,1.8956,3.64093,1.51682,4.34494,0.42336,36.966,0.42336,423.524,0,1.02816,0,0,1.77676,0.748596,1.028160,1,0,25.6932,0,0,0,25.6932,0
55.7479,2.38833,0,0,1.02156,0.0860625,0.36288,3.6288,59.4663,0.66528,0,0,0.915278,0.308315,0,0.66528,12.849,1,0.533109,0.36288,0,21.261,5.75319,15.3375,0.84672,12.849,0.84672,3695.15,0,36.966,0.42336,0.761063,1.93499,4.10416,1.43229,4.94456,0.42336,36.966,0.42336,423.524,0,1.02816,0,0,1.78922,0.761063,1.028160,1,0,20.2821,0,0,0,20.2821,0
53.7404,2.37497,0,0,0.818761,0.0883311,0.36288,3.6288,59.341,0.66528,0,0,0.851524,0.31153,0,0.66528,12.849,1,0.547394,0.36288,0,16.7912,5.69499,10.9117,0.84672,12.849,0.84672,3695.15,0,36.966,0.42336,0.660122,1.93517,3.90694,1.3891,4.68977,0.42336,36.966,0.42336,423.524,0,1.02816,0,0,1.68828,0.660122,1.028160,1,0,15.6015,0,0,0,15.6015,0
52.0624,2.35922,0,0,1.13068,0.0865635,0.36288,3.6288,59.3075,0.66528,0,0,0.943039,0.31128,0,0.66528,12.849,1,0.564075,0.36288,0,18.0109,5.69499,12.1148,0.84672,12.849,0.84672,3695.15,0,36.966,0.42336,0.887812,1.93534,4.35535,1.3891,5.36604,0.42336,36.966,0.42336,423.524,0,1.02816,0,0,1.91597,0.887812,1.028160,1,0,17.4808,0,0,0,17.4808,0
50.8918,2.34538,0,0,1.64618,0.108607,0.36288,3.6288,59.5935,0.66528,0,0,1.25531,0.303936,0,0.66528,12.849,1,0.57884,0.36288,0,30.0549,5.55507,24.2839,0.84672,12.849,0.84672,3695.15,0,36.966,0.42336,1.12737,1.93551,4.84345,1.36674,6.11623,0.42336,36.966,0.42336,423.524,0,1.02816,0,0,2.15553,1.12737,1.028160,1,0,30.4001,0,0,0,30.4001,0
49.4246,2.25392,0,0,1.24341,0.0937186,0.36288,3.6288,59.9801,0.66528,0,0,1.35142,0.299608,0,0.66528,12.849,1,0.569063,0.36288,0,27.0061,5.54807,21.2519,0.84672,12.849,0.84672,3695.15,0,36.966,0.42336,1.6577,1.93569,4.39444,1.29022,6.27426,0.42336,36.966,0.42336,423.524,0,1.02816,0,0,2.68586,1.6577,1.028160,1,0,27.5261,0,0,0,27.5261,0
47.5007,2.24123,0,0,0.765124,0.084975,0.36288,3.6288,59.6773,0.66528,0,0,0.665145,0.302649,0,0.66528,12.849,1,0.582655,0.36288,0,14.7802,5.27279,9.28763,0.84672,12.849,0.84672,3695.15,0,36.966,0.42336,0.687882,1.91672,3.22961,1.19717,4.21367,0.42336,36.966,0.42336,423.524,0,1.02816,0,0,1.71604,0.687882,1.028160,1,0,13.5013,0,0,0,13.5013,0
45.4536,2.22336,0,0,0.622407,0.0832183,0.36288,3.6288,59.2574,0.66528,0,0,0.547468,0.302065,0,0.66528,12.849,1,0.601422,0.36288,0,13.5726,5.27279,8.06125,0.84672,12.849,0.84672,3695.15,0,36.966,0.42336,0.311723,1.91689,2.91809,1.19717,3.52617,0.42336,36.966,0.42336,423.524,0,1.02816,0,0,1.33988,0.311723,1.028160,1,0,11.5874,0,0,0,11.5874,0
43.7736,2.20295,0,0,1.02833,0.142584,0.36288,3.6288,59.1798,0.66528,0,0,0.829042,0.241395,0,0.66528,12.849,1,0.622737,0.36288,0,19.3232,4.44227,14.6211,0.84672,12.849,0.84672,3695.15,0,36.966,0.42336,0.674939,1.91705,3.8658,0.93758,5.09685,0.42336,36.966,0.42336,423.524,0,1.02816,0,0,1.7031,0.674939,1.028160,1,0,19.7179,0,0,0,19.7179,0
43.3992,2.12026,0,0,2.29378,0.184956,0.36288,3.6288,59.6368,0.66528,0,0,1.31865,0.196404,0,0.66528,12.849,1,0.622368,0.36288,0,49.3763,3.81937,45.2974,0.84672,12.849,0.84672,3695.15,0,36.966,0.42336,1.33768,1.91722,8.26353,0.742887,10.3522,0.42336,36.966,0.42336,423.524,0,1.02816,0,0,2.36584,1.33768,1.028160,1,0,55.6496,0,0,0,55.6496,0
41.6052,2.1168,0,0,0.881341,0.19566,0.36288,3.6288,59.814,0.66528,0,0,1.07692,0.23444,0,0.66528,12.849,1,0.62671,0.36288,0,33.5758,5.1093,28.2027,0.84672,12.849,0.84672,3695.15,0,36.966,0.42336,0.875267,1.90166,4.51084,1.22024,5.64417,0.42336,36.966,0.42336,423.524,0,1.02816,0,0,1.90343,0.875267,1.028160,1,0,33.8469,0,0,0,33.8469,0
40.1349,2.09682,0,0,1.17705,0.187682,0.36288,3.6288,60.1997,0.66528,0,0,1.28372,0.232739,0,0.66528,12.849,1,0.647564,0.36288,0,22.7568,5.0613,17.4108,0.84672,12.849,0.84672,3695.15,0,36.966,0.42336,1.23152,1.90182,5.91564,1.23097,7.39465,0.42336,36.966,0.42336,423.524,0,1.02816,0,0,2.25968,1.23152,1.028160,1,0,24.8055,0,0,0,24.8055,0
42.3068,2.07952,0,0,4.78932,0.175043,0.36288,3.6288,61.308,0.66528,0,0,2.27982,0.201654,0.304544,0.66528,12.849,1,0.665747,0.36288,0,70.7084,4.35259,66.0529,0.84672,12.849,0.84672,3695.15,0,36.966,0.42336,2.64598,1.90199,14.2004,1.18769,17.1373,0.42336,36.966,0.42336,423.524,0,1.02816,0,0,3.67414,2.64598,1.028160,1,0,83.4947,0,0,0,83.4947,0
42.3295,1.92331,0,0,2.50747,0.198547,0.36288,3.6288,61.308,0.66528,0,0,1.79923,0.176453,0.957495,0.66528,12.849,1,0.584129,0.36288,0,53.1863,3.79166,49.1734,0.84672,12.849,0.84672,3695.15,0,36.966,0.42336,1.82043,1.90215,11.2791,1.04412,13.5342,0.42336,36.966,0.42336,423.524,0,1.02816,0,0,2.84859,1.82043,1.028160,1,0,63.6651,0,0,0,63.6651,0
42.1298,1.92418,0,0,2.28779,0.200422,0.36288,3.6288,61.308,0.66528,0,0,3.18201,0.196482,2.32025,0.66528,12.849,1,0.584078,0.36288,0,41.9177,3.3438,38.3527,0.84672,12.849,0.84672,3695.15,0,36.966,0.42336,3.55057,1.85758,6.87937,0.814527,11.0496,0.42336,36.966,0.42336,423.524,0,1.02816,0,0,4.57873,3.55057,1.028160,1,0,51.7225,0,0,0,51.7225,0
43.6853,1.92268,0,0,4.06534,0.224358,0.36288,3.6288,61.308,0.66528,0,0,3.78985,0.196472,2.9281,0.66528,12.849,1,0.586389,0.36288,0,54.0458,3.75639,50.0659,0.84672,12.849,0.84672,3695.15,0,36.966,0.42336,4.87008,1.85774,12.0697,0.988233,17.386,0.42336,36.966,0.42336,423.524,0,1.02816,0,0,5.89824,4.87008,1.028160,1,0,70.38,0,0,0,70.38,0
45.774,1.93944,0,0,4.61547,0.224384,0.36288,3.6288,61.308,0.66528,0,0,4.1534,0.194487,3.29364,0.66528,12.849,1,0.57044,0.36288,0,72.9861,3.70839,69.0701,0.84672,12.849,0.84672,3695.15,0,36.966,0.42336,4.72052,1.85789,16.2462,0.998965,21.4023,0.42336,36.966,0.42336,423.524,0,1.02816,0,0,5.74868,4.72052,1.028160,1,0,93.766,0,0,0,93.766,0
47.7765,1.9604,0,0,4.55553,0.229751,0.36288,3.6288,61.308,0.66528,0,0,4.39452,0.194487,3.53475,0.66528,12.849,1,0.550293,0.36288,0,87.9405,3.70839,84.0447,0.84672,12.849,0.84672,3695.15,0,36.966,0.42336,3.97454,1.85804,13.8052,0.998965,18.2154,0.42336,36.966,0.42336,423.524,0,1.02816,0,0,5.0027,3.97454,1.028160,1,0,105.795,0,0,0,105.795,0
53.1353,1.97857,0,0,7.9401,0.239926,0.36288,3.6288,61.308,0.66528,0,0,5.37477,0.19679,4.5127,0.66528,12.849,1,0.532117,0.36288,0,114.017,3.79857,110.049,0.84672,12.849,0.84672,3695.15,0,36.966,0.42336,5.08026,1.85819,18.6311,1.0047,24.1415,0.42336,36.966,0.42336,423.524,0,1.02816,0,0,6.10842,5.08026,1.028160,1,0,138.703,0,0,0,138.703,0
58.8551,2.09646,0,0,8.44638,0.267201,0.36288,3.6288,61.308,0.66528,0,0,3.39892,0.202547,2.53109,0.66528,12.849,1,0.50696,0.36288,0,184.197,4.02402,180.029,0.84672,12.849,0.84672,3695.15,0,36.966,0.42336,4.19094,1.85819,12.2806,1.01904,16.8874,0.42336,36.966,0.42336,423.524,0,1.02816,0,0,5.2191,4.19094,1.028160,1,0,199.447,0,0,0,199.447,0
62.7145,2.13756,0,0,6.64273,0.282844,0.36288,3.6288,61.308,0.66528,0,0,5.56122,0.202547,4.6934,0.66528,12.849,1,0.466663,0.36288,0,117.742,4.02402,113.615,0.84672,12.849,0.84672,3695.15,0,36.966,0.42336,7.06101,1.87557,15.9218,1.01904,23.416,0.42336,36.966,0.42336,423.524,0,1.02816,0,0,8.08917,7.06101,1.028160,1,0,141.724,0,0,0,141.724,0
65.8693,2.16206,0,0,5.95877,0.279057,0.36288,3.6288,61.308,0.66528,0,0,3.79402,0.206195,2.92255,0.66528,12.849,1,0.442965,0.36288,0,106.442,4.27494,102.087,0.84672,12.849,0.84672,3695.15,0,36.966,0.42336,4.5756,1.87572,12.4629,0.946989,17.5438,0.42336,36.966,0.42336,423.524,0,1.02816,0,0,5.60376,4.5756,1.028160,1,0,122.554,0,0,0,122.554,0
70.489,2.18049,0,0,7.48509,0.321999,0.36288,3.6288,61.308,0.66528,0,0,4.65002,0.21237,3.77237,0.66528,12.849,1,0.425344,0.36288,0,136.852,4.45336,132.336,0.84672,12.849,0.84672,3695.15,0,36.966,0.42336,5.87711,1.87587,14.8262,0.957341,21.1985,0.42336,36.966,0.42336,423.524,0,1.02816,0,0,6.90527,5.87711,1.028160,1,0,157.307,0,0,0,157.307,0
72.29,2.45472,0,0,8.50504,0.344897,3.90446,3.6288,61.308,0.66528,0,0,3.44142,0.188663,2.58748,0.66528,12.849,1,0.447455,3.90446,0,144.718,4.07338,144.102,0.84672,12.849,0.84672,3695.15,0,36.966,0.42336,5.1684,1.87602,14.6191,0.999097,20.2411,0.42336,36.966,0.42336,423.524,0,1.02816,0,0,6.19656,5.1684,1.028160,1,0,166.93,0,0,0,166.93,0
72.29,2.46493,0,0,8.16921,0.351539,5.35273,3.6288,61.308,0.66528,0,0,3.75186,0.184712,2.90187,0.66528,12.849,1,0.438123,5.35273,0,150.851,4.01005,151.755,0.84672,12.849,0.84672,3695.15,0,36.966,0.42336,4.79184,1.93156,14.2993,1.00606,19.5933,0.42336,36.966,0.42336,423.524,0,1.02816,0,0,5.82,4.79184,1.028160,1,0,174.251,0,0,0,174.251,0
72.29,2.46568,0,0,8.66851,0.351539,5.85129,3.6288,61.308,0.66528,0,0,3.81864,0.184712,2.96865,0.66528,12.849,1,0.438256,5.85129,0,172.143,4.01005,173.545,0.84672,12.849,0.84672,3695.15,0,36.966,0.42336,4.53767,1.93172,19.2117,1.00606,24.2517,0.42336,36.966,0.42336,423.524,0,1.02816,0,0,5.56583,4.53767,1.028160,1,0,200.766,0,0,0,200.766,0
72.29,2.46643,0,0,10.6443,0.351539,7.82634,3.6288,61.308,0.66528,0,0,4.10309,0.184712,3.2531,0.66528,12.849,1,0.43839,7.82634,0,235.5,4.01005,238.878,0.84672,12.849,0.84672,3695.15,0,36.966,0.42336,5.27548,1.93189,19.2246,1.00606,25.0026,0.42336,36.966,0.42336,423.524,0,1.02816,0,0,6.30364,5.27548,1.028160,1,0,267.133,0,0,0,267.133,0
72.29,2.10889,0,0,6.50104,0.371469,4.02068,3.6288,61.308,0.660532,0,0,4.49243,0.14535,3.68655,0.66528,12.849,1,0.374838,4.02068,0,154.183,3.11312,154.716,0.84672,12.849,0.84672,3695.15,0,36.966,0.42336,6.33908,1.93205,15.5593,0.87054,22.5366,0.42336,36.966,0.42336,423.524,0,1.02816,0,0,7.36724,6.33908,1.028160,1,0,180.939,0,0,0,180.939,0
72.29,2.10954,0,0,5.87723,0.374791,3.3929,3.6288,61.308,0.660979,0,0,3.8921,0.13879,3.09233,0.66528,12.849,1,0.374955,3.3929,0,135.013,2.96363,135.067,0.84672,12.849,0.84672,3695.15,0,36.966,0.42336,7.10701,1.84947,15.8204,0.847954,23.5056,0.42336,36.966,0.42336,423.524,0,1.02816,0,0,8.13517,7.10701,1.028160,1,0,161.665,0,0,0,161.665,0
72.29,2.11019,0,0,8.58021,0.374791,6.09523,3.6288,61.308,0.661427,0,0,4.77505,0.13879,3.97483,0.66528,12.849,1,0.375071,6.09523,0,194.53,2.96363,197.286,0.84672,12.849,0.84672,3695.15,0,36.966,0.42336,7.80762,1.84996,20.3491,0.847954,28.7354,0.42336,36.966,0.42336,423.524,0,1.02816,0,0,8.83578,7.80762,1.028160,1,0,229.996,0,0,0,229.996,0
72.29,2.11085,0,0,8.37475,0.374046,5.88986,3.6288,61.308,0.661875,0,0,4.57591,0.134823,3.77921,0.66528,12.849,1,0.375187,5.88986,0,195.574,3.03978,198.049,0.84672,12.849,0.84672,3695.15,0,36.966,0.42336,7.63914,1.85045,22.5835,0.885549,30.7642,0.42336,36.966,0.42336,423.524,0,1.02816,0,0,8.6673,7.63914,1.028160,1,0,232.592,0,0,0,232.592,0
72.29,2.1115,0,0,14.2293,0.354989,11.7628,3.6288,61.308,0.662323,0,0,6.82254,0.196213,5.96401,0.66528,12.849,1,0.375304,11.7628,0,306.197,3.58171,314.003,0.84672,12.849,0.84672,3695.15,0,36.966,0.42336,9.66635,1.85094,33.5373,1.07523,43.556,0.42336,36.966,0.42336,423.524,0,1.02816,0,0,10.6945,9.66635,1.028160,1,0,363.523,0,0,0,363.523,0
72.29,2.20247,0,0,7.42643,0.328516,4.89544,3.6288,61.308,0.66528,0,0,2.45743,0.169999,1.62215,0.66528,12.849,1,0.391472,4.89544,0,198.514,3.24639,199.772,0.84672,12.849,0.84672,3695.15,0,36.966,0.42336,4.17236,1.85143,18.4226,1.03434,22.9887,0.42336,36.966,0.42336,423.524,0,1.02816,0,0,5.20052,4.17236,1.028160,1,0,224.383,0,0,0,224.383,0
72.29,2.20315,0,0,6.89049,0.328516,4.35882,3.6288,61.308,0.66528,0,0,4.17946,0.169999,3.34418,0.66528,12.849,1,0.391592,4.35882,0,156.851,3.24639,157.571,0.84672,12.849,0.84672,3695.15,0,36.966,0.42336,5.99986,1.87379,17.354,1.03434,23.77,0.42336,36.966,0.42336,423.524,0,1.02816,0,0,7.02802,5.99986,1.028160,1,0,184.686,0,0,0,184.686,0
72.29,2.20382,0,0,5.9867,0.328516,3.45436,3.6288,61.308,0.66528,0,0,4.17782,0.169999,3.34254,0.66528,12.849,1,0.391713,3.45436,0,171.12,3.24639,170.936,0.84672,12.849,0.84672,3695.15,0,36.966,0.42336,6.69419,1.87394,16.8859,1.03434,23.9964,0.42336,36.966,0.42336,423.524,0,1.02816,0,0,7.72235,6.69419,1.028160,1,0,198.275,0,0,0,198.275,0
72.29,2.2045,0,0,5.4323,0.299631,2.92816,3.6288,61.308,0.66528,0,0,1.80301,0.186897,0.950835,0.66528,12.849,1,0.391834,2.92816,0,128.458,3.48117,127.513,0.84672,12.849,0.84672,3695.15,0,36.966,0.42336,3.26394,1.87409,13.3525,1.0654,17.0018,0.42336,36.966,0.42336,423.524,0,1.02816,0,0,4.2921,3.26394,1.028160,1,0,145.466,0,0,0,145.466,0
72.29,2.16984,0,0,5.50273,0.25131,3.08158,3.6288,61.308,0.66528,0,0,1.70667,0.221679,0.819709,0.66528,12.849,1,0.385672,3.08158,0,123.415,4.07547,122.036,0.84672,12.849,0.84672,3695.15,0,36.966,0.42336,2.95864,1.87424,11.8283,1.09148,15.1464,0.42336,36.966,0.42336,423.524,0,1.02816,0,0,3.9868,2.95864,1.028160,1,0,138.002,0,0,0,138.002,0
72.29,2.17051,0,0,5.20881,0.25131,2.78699,3.6288,61.308,0.66528,0,0,1.5975,0.221679,0.710542,0.66528,12.849,1,0.385791,2.78699,0,107.63,4.07547,105.956,0.84672,12.849,0.84672,3695.15,0,36.966,0.42336,2.7674,1.86659,11.1908,1.09148,14.3099,0.42336,36.966,0.42336,423.524,0,1.02816,0,0,3.79556,2.7674,1.028160,1,0,120.976,0,0,0,120.976,0
72.29,2.17118,0,0,4.90655,0.253313,2.48206,3.6288,61.308,0.66528,0,0,1.50187,0.219709,0.616885,0.66528,12.849,1,0.38591,2.48206,0,100.221,3.94599,98.3716,0.84672,12.849,0.84672,3695.15,0,36.966,0.42336,2.59736,1.86674,10.4954,1.05492,13.4813,0.42336,36.966,0.42336,423.524,0,1.02816,0,0,3.62552,2.59736,1.028160,1,0,112.47,0,0,0,112.47,0
72.29,2.17185,0,0,4.59773,0.252205,2.17368,3.6288,61.308,0.66528,0,0,1.54749,0.213946,0.668267,0.66528,12.849,1,0.386029,2.17368,0,94.341,3.24792,92.8808,0.84672,12.849,0.84672,3695.15,0,36.966,0.42336,2.62531,1.86689,9.81608,0.852673,13.0322,0.42336,36.966,0.42336,423.524,0,1.02816,0,0,3.65347,2.62531,1.028160,1,0,106.581,0,0,0,106.581,0
72.29,2.29263,0,0,4.46843,0.188614,1.98719,3.6288,61.308,0.66528,0,0,1.4083,0.195015,0.548008,0.66528,12.849,1,0.407497,1.98719,0,79.094,3.60356,77.0702,0.84672,12.849,0.84672,3695.15,0,36.966,0.42336,2.30413,1.86704,9.2251,0.916225,12.0567,0.42336,36.966,0.42336,423.524,0,1.02816,0,0,3.33229,2.30413,1.028160,1,0,89.6748,0,0,0,89.6748,0
72.29,2.29333,0,0,4.23847,0.194667,1.75048,3.6288,61.308,0.66528,0,0,1.2593,0.172902,0.421115,0.66528,12.849,1,0.407622,1.75048,0,70.1784,3.55667,67.9646,0.84672,12.849,0.84672,3695.15,0,36.966,0.42336,1.86202,1.89369,8.82999,0.900582,11.2618,0.42336,36.966,0.42336,423.524,0,1.02816,0,0,2.89018,1.86202,1.028160,1,0,79.6475,0,0,0,79.6475,0
72.29,2.29403,0,0,4.00504,0.173617,1.53739,3.6288,61.308,0.66528,0,0,1.20021,0.202892,0.332036,0.66528,12.849,1,0.407747,1.53739,0,63.5679,3.96413,60.7335,0.84672,12.849,0.84672,3695.15,0,36.966,0.42336,1.44517,1.89385,7.40396,1.00969,9.30993,0.42336,36.966,0.42336,423.524,0,1.02816,0,0,2.47333,1.44517,1.028160,1,0,70.3754,0,0,0,70.3754,0
72.29,2.29473,0,0,3.70699,0.120993,1.29127,3.6288,61.308,0.66528,0,0,1.13459,0.277869,0.191439,0.66528,12.849,1,0.407871,1.29127,0,61.0244,4.98278,56.925,0.84672,12.849,0.84672,3695.15,0,36.966,0.42336,1.29309,1.894,6.85221,1.28246,8.33348,0.42336,36.966,0.42336,423.524,0,1.02816,0,0,2.32125,1.29309,1.028160,1,0,65.4499,0,0,0,65.4499,0
72.29,2.29544,0,0,3.0673,0.125324,0.646543,3.6288,61.308,0.66528,0,0,1.04763,0.266685,0.115661,0.66528,12.849,1,0.407996,0.646543,0,55.749,5.06468,50.9229,0.84672,12.849,0.84672,3695.15,0,36.966,0.42336,1.22908,1.89416,6.056,1.26343,7.49245,0.42336,36.966,0.42336,423.524,0,1.02816,0,0,2.25724,1.22908,1.028160,1,0,58.531,0,0,0,58.531,0
71.9493,2.27235,0,0,2.40444,0.10994,0.36288,3.6288,61.2805,0.66528,0,0,0.919037,0.281247,0,0.66528,12.849,1,0.403894,0.36288,0,53.0402,5.20553,47.7936,0.84672,12.849,0.84672,3695.15,0,36.966,0.42336,1.21529,1.89431,5.29,1.3357,6.64054,0.42336,36.966,0.42336,423.524,0,1.02816,0,0,2.24345,1.21529,1.028160,1,0,54.4342,0,0,0,54.4342,0
71.4959,2.27143,0,0,2.2822,0.101214,0.36288,3.6288,61.2156,0.66528,0,0,0.893393,0.292986,0,0.66528,12.849,1,0.405641,0.36288,0,49.1546,5.21818,43.8937,0.84672,12.849,0.84672,3695.15,0,36.966,0.42336,1.13712,1.88922,5.24449,1.37476,6.47271,0.42336,36.966,0.42336,423.524,0,1.02816,0,0,2.16528,1.13712,1.028160,1,0,50.3664,0,0,0,50.3664,0
70.8937,2.26994,0,0,2.13146,0.100865,0.36288,3.6288,61.0398,0.66528,0,0,0.7823,0.292866,0,0.66528,12.849,1,0.407946,0.36288,0,45.2626,5.21818,39.9994,0.84672,12.849,0.84672,3695.15,0,36.966,0.42336,1.05285,1.88937,4.97107,1.37476,6.11518,0.42336,36.966,0.42336,423.524,0,1.02816,0,0,2.08101,1.05285,1.028160,1,0,46.1146,0,0,0,46.1146,0
70.1729,2.2677,0,0,2.01015,0.100402,0.36288,3.6288,60.8116,0.66528,0,0,0.729631,0.29254,0,0.66528,12.849,1,0.411006,0.36288,0,43.3419,5.21818,38.0756,0.84672,12.849,0.84672,3695.15,0,36.966,0.42336,0.935176,1.88953,4.71087,1.37476,5.73746,0.42336,36.966,0.42336,423.524,0,1.02816,0,0,1.96334,0.935176,1.028160,1,0,43.813,0,0,0,43.813,0
69.3505,2.32604,0,0,1.95422,0.08769,0.36288,3.6288,60.616,0.66528,0,0,0.792677,0.323004,0,0.66528,12.849,1,0.425909,0.36288,0,40.1995,5.83023,34.3062,0.84672,12.849,0.84672,3695.15,0,36.966,0.42336,0.963844,1.88968,4.00128,1.49729,4.93415,0.42336,36.966,0.42336,423.524,0,1.02816,0,0,1.992,0.963844,1.028160,1,0,39.2404,0,0,0,39.2404,0
68.4076,2.32248,0,0,1.82962,0.0871339,0.36288,3.6288,60.3925,0.66528,0,0,0.764372,0.322604,0,0.66528,12.849,1,0.430301,0.36288,0,37.7089,5.83023,31.8113,0.84672,12.849,0.84672,3695.15,0,36.966,0.42336,0.978013,1.9034,4.13867,1.49729,5.09944,0.42336,36.966,0.42336,423.524,0,1.02816,0,0,2.00617,0.978013,1.028160,1,0,36.9107,0,0,0,36.9107,0
67.2578,2.3182,0,0,1.61774,0.0864963,0.36288,3.6288,60.1246,0.66528,0,0,0.719574,0.322146,0,0.66528,12.849,1,0.435427,0.36288,0,35.6213,5.83023,29.7185,0.84672,12.849,0.84672,3695.15,0,36.966,0.42336,0.770152,1.90356,3.8826,1.49729,4.63566,0.42336,36.966,0.42336,423.524,0,1.02816,0,0,1.79831,0.770152,1.028160,1,0,34.3541,0,0,0,34.3541,0
65.9678,2.31265,0,0,1.46187,0.0762896,0.36288,3.6288,59.8451,0.66528,0,0,0.712463,0.326738,0,0.66528,12.849,1,0.441812,0.36288,0,33.7667,5.97978,27.708,0.84672,12.849,0.84672,3695.15,0,36.966,0.42336,0.716507,1.90372,3.87398,1.52717,4.54367,0.42336,36.966,0.42336,423.524,0,1.02816,0,0,1.74467,0.716507,1.028160,1,0,32.2516,0,0,0,32.2516,0
64.1112,2.48381,0,0,1.0726,0.0825216,0.36288,3.6288,59.5336,0.66528,0,0,0.683346,0.329588,0,0.66528,12.849,1,0.483788,0.36288,0,26.9912,6.03832,20.832,0.84672,12.849,0.84672,3695.15,0,36.966,0.42336,0.669168,1.90388,3.33586,1.4836,4.00194,0.42336,36.966,0.42336,423.524,0,1.02816,0,0,1.69733,0.669168,1.028160,1,0,24.8339,0,0,0,24.8339,0
62.0529,2.47288,0,0,0.867845,0.0904154,0.36288,3.6288,59.1389,0.66528,0,0,0.603905,0.333298,0,0.66528,12.849,1,0.495609,0.36288,0,20.9228,6.00232,14.7877,0.84672,12.849,0.84672,3695.15,0,36.966,0.42336,0.56884,1.94382,2.97566,1.4989,3.56606,0.42336,36.966,0.42336,423.524,0,1.02816,0,0,1.597,0.56884,1.028160,1,0,18.3538,0,0,0,18.3538,0
60.0651,2.46001,0,0,0.924022,0.0889098,0.36288,3.6288,58.7401,0.66528,0,0,0.598965,0.332457,0,0.66528,12.849,1,0.509382,0.36288,0,19.545,6.00232,13.3961,0.84672,12.849,0.84672,3695.15,0,36.966,0.42336,0.544173,1.94398,3.1362,1.4989,3.7021,0.42336,36.966,0.42336,423.524,0,1.02816,0,0,1.57233,0.544173,1.028160,1,0,17.0982,0,0,0,17.0982,0
58.5456,2.44686,0,0,1.38692,0.0966642,0.36288,3.6288,58.4585,0.66528,0,0,0.713189,0.329496,0,0.66528,12.849,1,0.523427,0.36288,0,28.8616,5.94295,22.7581,0.84672,12.849,0.84672,3695.15,0,36.966,0.42336,0.854868,1.94415,3.33287,1.49161,4.21692,0.42336,36.966,0.42336,423.524,0,1.02816,0,0,1.88303,0.854868,1.028160,1,0,26.975,0,0,0,26.975,0
57.3854,2.43645,0,0,1.75718,0.118102,0.36288,3.6288,58.4081,0.66528,0,0,0.932809,0.31793,0,0.66528,12.849,1,0.534728,0.36288,0,33.7564,5.78523,27.7993,0.84672,12.849,0.84672,3695.15,0,36.966,0.42336,0.98826,1.94432,3.60458,1.41743,4.69637,0.42336,36.966,0.42336,423.524,0,1.02816,0,0,2.01642,0.98826,1.028160,1,0,32.4957,0,0,0,32.4957,0
55.4781,2.34371,0,0,0.931556,0.132229,0.36288,3.6288,58.6919,0.66528,0,0,1.25905,0.309995,0,0.66528,12.849,1,0.524773,0.36288,0,32.8161,5.49465,27.1596,0.84672,12.849,0.84672,3695.15,0,36.966,0.42336,1.54327,1.94449,3.68442,1.2811,5.46772,0.42336,36.966,0.42336,423.524,0,1.02816,0,0,2.57143,1.54327,1.028160,1,0,32.6273,0,0,0,32.6273,0
53.3911,2.32977,0,0,0.735385,0.129755,0.36288,3.6288,58.5878,0.66528,0,0,0.87175,0.310561,0,0.66528,12.849,1,0.539585,0.36288,0,25.8263,5.49465,20.1549,0.84672,12.849,0.84672,3695.15,0,36.966,0.42336,1.08739,1.92524,3.44452,1.2811,4.75269,0.42336,36.966,0.42336,423.524,0,1.02816,0,0,2.11555,1.08739,1.028160,1,0,24.9076,0,0,0,24.9076,0
51.3957,2.31347,0,0,0.839583,0.158646,0.36288,3.6288,58.4719,0.66528,0,0,0.834019,0.284687,0,0.66528,12.849,1,0.556755,0.36288,0,21.5931,5.16304,16.2362,0.84672,12.849,0.84672,3695.15,0,36.966,0.42336,0.997834,1.92541,4.23983,1.09657,5.64314,0.42336,36.966,0.42336,423.524,0,1.02816,0,0,2.02599,0.997834,1.028160,1,0,21.8793,0,0,0,21.8793,0
51.7191,2.29687,0,0,3.11059,0.127426,0.36288,3.6288,59.2532,0.66528,0,0,1.73665,0.290022,0,0.66528,12.849,1,0.574221,0.36288,0,36.836,5.53245,31.0922,0.84672,12.849,0.84672,3695.15,0,36.966,0.42336,2.93937,1.92557,10.7651,1.04224,14.1644,0.42336,36.966,0.42336,423.524,0,1.02816,0,0,3.96753,2.93937,1.028160,1,0,45.2567,0,0,0,45.2567,0
51.0475,2.23226,0,0,2.14392,0.220327,0.36288,3.6288,59.4086,0.66528,0,0,1.04862,0.227918,0,0.66528,12.849,1,0.554578,0.36288,0,39.1498,4.64712,34.311,0.84672,12.849,0.84672,3695.15,0,36.966,0.42336,0.889609,1.92573,6.63949,0.989968,8.04151,0.42336,36.966,0.42336,423.524,0,1.02816,0,0,1.91777,0.889609,1.028160,1,0,42.3525,0,0,0,42.3525,0
49.7371,2.22711,0,0,1.52177,0.242228,0.36288,3.6288,59.1711,0.679346,0,0,0.670764,0.228971,0,0.66528,12.849,1,0.560577,0.36288,0,24.4846,4.67418,19.6127,0.84672,12.849,0.84672,3695.15,0,36.966,0.42336,0.216518,1.90994,5.35452,1.05746,6.00016,0.42336,36.966,0.42336,423.524,0,1.01409,0,0,1.23061,0.216518,1.028160,1,0,25.6128,0,0,0,25.6128,0
49.2099,2.21604,0,0,2.29067,0.238908,0.36288,3.6288,59.9015,0.66528,0,0,1.62437,0.228623,0,0.66528,12.849,1,0.572489,0.36288,0,38.1805,4.67418,33.2967,0.84672,12.849,0.84672,3695.15,0,36.966,0.42336,2.52862,1.9101,10.8573,1.05746,13.8152,0.42336,36.966,0.42336,423.524,0,1.02816,0,0,3.55678,2.52862,1.028160,1,0,47.1119,0,0,0,47.1119,0
51.9433,2.21185,0,0,5.54564,0.237565,0.36288,3.6288,61.308,0.66528,0,0,3.63909,0.229693,1.33765,0.66528,12.849,1,0.577528,0.36288,0,100.058,4.67418,95.1695,0.84672,12.849,0.84672,3695.15,0,36.966,0.42336,4.56853,1.91026,16.4249,1.05746,21.4229,0.42336,36.966,0.42336,423.524,0,1.02816,0,0,5.59669,4.56853,1.028160,1,0,117.93,0,0,0,117.93,0
51.5129,2.04287,0,0,2.26528,0.289874,0.36288,3.6288,61.308,0.66528,0,0,1.30065,0.191681,0.443687,0.66528,12.849,1,0.505337,0.36288,0,41.3145,3.97763,37.1944,0.84672,12.849,0.84672,3695.15,0,36.966,0.42336,0.943428,1.91042,7.85627,0.87571,9.41104,0.42336,36.966,0.42336,423.524,0,1.02816,0,0,1.97159,0.943428,1.028160,1,0,47.0491,0,0,0,47.0491,0
50.5705,2.04012,0,0,1.7333,0.272717,0.36288,3.6288,61.308,0.66528,0,0,1.08743,0.20274,0.21941,0.66528,12.849,1,0.508873,0.36288,0,35.3135,4.02654,31.141,0.84672,12.849,0.84672,3695.15,0,36.966,0.42336,1.31217,1.86522,7.72597,0.901234,9.57877,0.42336,36.966,0.42336,423.524,0,1.02816,0,0,2.34033,1.31217,1.028160,1,0,40.9391,0,0,0,40.9391,0
50.0639,2.03319,0,0,2.15953,0.270042,0.36288,3.6288,61.308,0.66528,0,0,1.13521,0.20274,0.267189,0.66528,12.849,1,0.516593,0.36288,0,37.5802,4.02654,33.3999,0.84672,12.849,0.84672,3695.15,0,36.966,0.42336,1.37842,1.86537,7.22701,0.901234,9.14621,0.42336,36.966,0.42336,423.524,0,1.02816,0,0,2.40658,1.37842,1.028160,1,0,42.8133,0,0,0,42.8133,0
54.3053,2.02965,0,0,6.8953,0.261382,0.36288,3.6288,61.308,0.66528,0,0,1.97747,0.206344,1.10585,0.66528,12.849,1,0.520913,0.36288,0,32.6282,4.22022,28.2499,0.84672,12.849,0.84672,3695.15,0,36.966,0.42336,2.55703,1.86552,11.9659,1.0662,14.8989,0.42336,36.966,0.42336,423.524,0,1.02816,0,0,3.58519,2.55703,1.028160,1,0,44.2546,0,0,0,44.2546,0
56.3342,2.06319,0,0,4.71496,0.260031,0.36288,3.6288,61.308,0.66528,0,0,1.44821,0.21355,0.569381,0.66528,12.849,1,0.488163,0.36288,0,55.8985,4.40661,51.3666,0.84672,12.849,0.84672,3695.15,0,36.966,0.42336,1.64593,1.86567,9.01895,1.2387,10.8685,0.42336,36.966,0.42336,423.524,0,1.02816,0,0,2.67409,1.64593,1.028160,1,0,62.8044,0,0,0,62.8044,0
56.83,2.15403,0,0,3.2597,0.246967,0.36288,3.6288,61.308,0.66528,0,0,1.47194,0.227956,0.5787,0.66528,12.849,1,0.491301,0.36288,0,58.3557,3.97551,54.2518,0.84672,12.849,0.84672,3695.15,0,36.966,0.42336,0.692988,1.86581,6.9612,0.953944,8.14269,0.42336,36.966,0.42336,423.524,0,1.02816,0,0,1.72115,0.692988,1.028160,1,0,62.9731,0,0,0,62.9731,0
56.7947,2.15815,0,0,2.73389,0.24818,0.36288,3.6288,61.308,0.66528,0,0,1.76681,0.227956,0.873575,0.66528,12.849,1,0.487948,0.36288,0,59.0435,3.97551,54.9429,0.84672,12.849,0.84672,3695.15,0,36.966,0.42336,1.1641,1.88342,6.15513,0.953944,7.82535,0.42336,36.966,0.42336,423.524,0,1.02816,0,0,2.19226,1.1641,1.028160,1,0,63.6419,0,0,0,63.6419,0
56.2227,2.15854,0,0,2.19752,0.248094,0.36288,3.6288,61.308,0.66528,0,0,1.53912,0.227956,0.645885,0.66528,12.849,1,0.488339,0.36288,0,34.1434,3.97551,30.0424,0.84672,12.849,0.84672,3695.15,0,36.966,0.42336,0.934546,1.88357,4.93288,0.953944,6.37369,0.42336,36.966,0.42336,423.524,0,1.02816,0,0,1.96271,0.934546,1.028160,1,0,37.062,0,0,0,37.062,0
55.2547,2.15513,0,0,1.83348,0.283475,0.36288,3.6288,61.2155,0.939153,0,0,1.04817,0.201495,0,0.66528,12.849,1,0.492527,0.36288,0,38.7,3.88737,34.683,0.84672,12.849,0.84672,3695.15,0,36.966,0.42336,0.503194,1.88371,6.14282,0.884218,7.22215,0.42336,36.966,0.42336,423.524,0,0.754287,0,0,1.25748,0.503194,1.028160,1,0,41.9052,0,0,0,41.9052,0
55.7564,2.39184,0,0,3.56263,0.306242,0.36288,3.6288,61.308,0.66528,0,0,1.24393,0.168787,0.317381,0.66528,12.849,1,0.556202,0.36288,0,75.3424,3.41034,71.7387,0.84672,12.849,0.84672,3695.15,0,36.966,0.42336,0.902146,1.88386,7.89523,0.787131,9.47075,0.42336,36.966,0.42336,423.524,0,1.02816,0,0,1.93031,0.902146,1.028160,1,0,81.5268,0,0,0,81.5268,0
56.1626,2.3966,0,0,3.47049,0.304787,0.36288,3.6288,61.308,0.66528,0,0,1.21691,0.169313,0.382316,0.66528,12.849,1,0.552294,0.36288,0,76.9262,3.37701,73.3598,0.84672,12.849,0.84672,3695.15,0,36.966,0.42336,0.955869,1.94015,7.39187,0.81021,9.05433,0.42336,36.966,0.42336,423.524,0,1.02816,0,0,1.98403,0.955869,1.028160,1,0,82.7965,0,0,0,82.7965,0
57.0543,2.40055,0,0,3.94187,0.286714,0.36288,3.6288,61.308,0.66528,0,0,1.25153,0.188879,0.397371,0.66528,12.849,1,0.549202,0.36288,0,78.2974,4.48058,73.6305,0.84672,12.849,0.84672,3695.15,0,36.966,0.42336,1.11099,1.94031,8.36369,1.19629,9.79535,0.42336,36.966,0.42336,423.524,0,1.02816,0,0,2.13915,1.11099,1.028160,1,0,83.8232,0,0,0,83.8232,0
57.8715,2.40825,0,0,3.84612,0.257826,0.36288,3.6288,61.308,0.66528,0,0,1.3159,0.198792,0.451826,0.66528,12.849,1,0.542353,0.36288,0,84.3273,4.05023,80.0976,0.84672,12.849,0.84672,3695.15,0,36.966,0.42336,1.38681,1.94047,9.60362,0.94799,11.5596,0.42336,36.966,0.42336,423.524,0,1.02816,0,0,2.41497,1.38681,1.028160,1,0,92.1089,0,0,0,92.1089,0
60.4544,2.06515,0,0,5.32697,0.316052,0.36288,3.6288,61.308,0.66528,0,0,2.1351,0.14313,1.32669,0.66528,12.849,1,0.458519,0.36288,0,124.726,3.31392,121.317,0.84672,12.849,0.84672,3695.15,0,36.966,0.42336,2.96157,1.94063,12.3233,0.877783,15.9244,0.42336,36.966,0.42336,423.524,0,1.02816,0,0,3.98973,2.96157,1.028160,1,0,138.568,0,0,0,138.568,0
63.5364,2.08192,0,0,5.87579,0.348995,0.36288,3.6288,61.308,0.66528,0,0,2.83967,0.11984,2.05455,0.66528,12.849,1,0.442493,0.36288,0,143.322,3.05655,140.186,0.84672,12.849,0.84672,3695.15,0,36.966,0.42336,4.49976,1.86063,16.1121,0.869989,21.1792,0.42336,36.966,0.42336,423.524,0,1.02816,0,0,5.52792,4.49976,1.028160,1,0,163.42,0,0,0,163.42,0
66.6531,2.1004,0,0,5.93797,0.357962,0.36288,3.6288,61.308,0.66528,0,0,2.50832,0.11984,1.7232,0.66528,12.849,1,0.424764,0.36288,0,134.848,3.05655,131.729,0.84672,12.849,0.84672,3695.15,0,36.966,0.42336,4.01668,1.86077,13.1854,0.869989,17.7695,0.42336,36.966,0.42336,423.524,0,1.02816,0,0,5.04484,4.01668,1.028160,1,0,151.222,0,0,0,151.222,0
71.017,2.11767,0,0,7.20751,0.363037,0.36288,3.6288,61.308,0.66528,0,0,4.15425,0.125728,3.36324,0.66528,12.849,1,0.408233,0.36288,0,174.708,3.22499,171.437,0.84672,12.849,0.84672,3695.15,0,36.966,0.42336,5.14951,1.8609,21.7562,0.894065,27.4492,0.42336,36.966,0.42336,423.524,0,1.02816,0,0,6.17767,5.14951,1.028160,1,0,202.25,0,0,0,202.25,0
72.29,2.13954,0,0,5.88782,0.33341,2.14188,3.6288,61.308,0.66528,0,0,2.75673,0.160422,1.93103,0.66528,12.849,1,0.387105,2.14188,0,92.3115,4.0548,90.0115,0.84672,12.849,0.84672,3695.15,0,36.966,0.42336,3.90502,1.86104,14.4687,1.03069,18.7807,0.42336,36.966,0.42336,423.524,0,1.02816,0,0,4.93318,3.90502,1.028160,1,0,110.723,0,0,0,110.723,0
72.29,2.23751,0,0,5.58411,0.290535,3.05607,3.6288,61.308,0.66528,0,0,2.65001,0.139279,1.84545,0.66528,12.849,1,0.3977,3.05607,0,105.357,3.36515,104.65,0.84672,12.849,0.84672,3695.15,0,36.966,0.42336,3.92568,1.86118,13.6323,0.862692,18.1331,0.42336,36.966,0.42336,423.524,0,1.02816,0,0,4.95384,3.92568,1.028160,1,0,124.629,0,0,0,124.629,0
72.29,2.23816,0,0,5.11671,0.284368,2.59418,3.6288,61.308,0.66528,0,0,2.64543,0.172597,1.80755,0.66528,12.849,1,0.397817,2.59418,0,105.996,4.10561,104.086,0.84672,12.849,0.84672,3695.15,0,36.966,0.42336,3.36765,1.88153,12.2134,1.06453,15.9747,0.42336,36.966,0.42336,423.524,0,1.02816,0,0,4.39581,3.36765,1.028160,1,0,121.869,0,0,0,121.869,0
72.29,2.23882,0,0,7.71765,0.284368,5.19446,3.6288,61.308,0.66528,0,0,3.97253,0.172597,3.13466,0.66528,12.849,1,0.397933,5.19446,0,118.657,4.10561,119.347,0.84672,12.849,0.84672,3695.15,0,36.966,0.42336,5.116,1.88167,13.7542,1.06453,19.264,0.42336,36.966,0.42336,423.524,0,1.02816,0,0,6.14416,5.116,1.028160,1,0,141.746,0,0,0,141.746,0
72.29,2.23947,0,0,7.40379,0.284368,4.87995,3.6288,61.308,0.66528,0,0,4.44321,0.172597,3.60533,0.66528,12.849,1,0.39805,4.87995,0,125.041,4.10561,125.417,0.84672,12.849,0.84672,3695.15,0,36.966,0.42336,5.9536,1.88182,19.3918,1.06453,25.7393,0.42336,36.966,0.42336,423.524,0,1.02816,0,0,6.98176,5.9536,1.028160,1,0,154.762,0,0,0,154.762,0
72.29,2.2043,0,0,5.44742,0.190941,3.05218,3.6288,61.308,0.66528,0,0,2.98725,0.212761,2.1092,0.66528,12.849,1,0.391798,3.05218,0,98.6809,4.27497,97.0663,0.84672,12.849,0.84672,3695.15,0,36.966,0.42336,3.76948,1.88196,12.5737,1.04344,16.7583,0.42336,36.966,0.42336,423.524,0,1.02816,0,0,4.79764,3.76948,1.028160,1,0,115.934,0,0,0,115.934,0
72.29,2.20495,0,0,4.38897,0.190941,1.99308,3.6288,61.308,0.66528,0,0,1.77314,0.212761,0.895094,0.66528,12.849,1,0.391913,1.99308,0,104.292,4.27497,101.618,0.84672,12.849,0.84672,3695.15,0,36.966,0.42336,2.72818,1.8742,9.40766,1.04344,12.5432,0.42336,36.966,0.42336,423.524,0,1.02816,0,0,3.75634,2.72818,1.028160,1,0,115.056,0,0,0,115.056,0
72.29,2.20559,0,0,3.91028,0.190941,1.51375,3.6288,61.308,0.66528,0,0,1.4245,0.212761,0.546461,0.66528,12.849,1,0.392028,1.51375,0,70.0004,4.27497,66.8472,0.84672,12.849,0.84672,3695.15,0,36.966,0.42336,2.13701,1.87434,8.21318,1.04344,10.7577,0.42336,36.966,0.42336,423.524,0,1.02816,0,0,3.16517,2.13701,1.028160,1,0,78.1514,0,0,0,78.1514,0
72.29,2.20624,0,0,3.5537,0.179917,1.16754,3.6288,61.308,0.66528,0,0,1.31134,0.215259,0.430797,0.66528,12.849,1,0.392143,1.16754,0,59.0215,4.32509,55.4718,0.84672,12.849,0.84672,3695.15,0,36.966,0.42336,1.79656,1.87448,7.58704,1.06122,9.7735,0.42336,36.966,0.42336,423.524,0,1.02816,0,0,2.82472,1.79656,1.028160,1,0,65.6761,0,0,0,65.6761,0
72.29,2.32863,0,0,3.0811,0.120228,0.632246,3.6288,61.308,0.66528,0,0,1.24274,0.234308,0.343155,0.66528,12.849,1,0.413896,0.632246,0,50.5926,4.7462,46.0648,0.84672,12.849,0.84672,3695.15,0,36.966,0.42336,1.53777,1.87463,7.0791,1.11509,8.95305,0.42336,36.966,0.42336,423.524,0,1.02816,0,0,2.56593,1.53777,1.028160,1,0,55.361,0,0,0,55.361,0
72.29,2.32931,0,0,2.83055,0.125071,0.376174,3.6288,61.308,0.66528,0,0,1.22868,0.237356,0.326041,0.66528,12.849,1,0.414017,0.376174,0,44.315,4.83651,39.4406,0.84672,12.849,0.84672,3695.15,0,36.966,0.42336,1.44866,1.90164,6.69609,1.07548,8.54755,0.42336,36.966,0.42336,423.524,0,1.02816,0,0,2.47682,1.44866,1.028160,1,0,48.3142,0,0,0,48.3142,0
72.2069,2.32998,0,0,2.73485,0.125071,0.36288,3.6288,61.308,0.66528,0,0,1.25333,0.237356,0.350691,0.66528,12.849,1,0.414137,0.36288,0,42.2514,4.83651,37.3636,0.84672,12.849,0.84672,3695.15,0,36.966,0.42336,1.71848,1.90179,6.40475,1.07548,8.52618,0.42336,36.966,0.42336,423.524,0,1.02816,0,0,2.74664,1.71848,1.028160,1,0,46.2405,0,0,0,46.2405,0
71.8744,2.33026,0,0,2.51018,0.149562,0.36288,3.6288,61.308,0.66528,0,0,1.17484,0.230772,0.278789,0.66528,12.849,1,0.414662,0.36288,0,39.727,4.41343,35.2618,0.84672,12.849,0.84672,3695.15,0,36.966,0.42336,1.59581,1.90194,5.84083,1.0918,7.82342,0.42336,36.966,0.42336,423.524,0,1.02816,0,0,2.62397,1.59581,1.028160,1,0,43.364,0,0,0,43.364,0
71.412,2.32931,0,0,2.33413,0.104345,0.36288,3.6288,61.308,0.66528,0,0,1.07801,0.252048,0.160685,0.66528,12.849,1,0.416411,0.36288,0,37.8434,4.61475,33.1751,0.84672,12.849,0.84672,3695.15,0,36.966,0.42336,1.39959,1.90209,5.46127,1.16249,7.1771,0.42336,36.966,0.42336,423.524,0,1.02816,0,0,2.42775,1.39959,1.028160,1,0,40.5129,0,0,0,40.5129,0
70.6911,2.30364,0,0,2.02939,0.0837331,0.36288,3.6288,61.1913,0.66528,0,0,0.816843,0.268239,0,0.66528,12.849,1,0.414488,0.36288,0,38.3152,5.20453,33.0591,0.84672,12.849,0.84672,3695.15,0,36.966,0.42336,0.594501,1.90224,5.38967,1.22293,6.24012,0.42336,36.966,0.42336,423.524,0,1.02816,0,0,1.62266,0.594501,1.028160,1,0,39.2992,0,0,0,39.2992,0
69.7925,2.30073,0,0,1.84829,0.0832721,0.36288,3.6288,61.0624,0.66528,0,0,0.80441,0.268041,0,0.66528,12.849,1,0.418187,0.36288,0,37.4243,5.20453,32.1645,0.84672,12.849,0.84672,3695.15,0,36.966,0.42336,0.619134,1.89707,5.19889,1.22293,6.0688,0.42336,36.966,0.42336,423.524,0,1.02816,0,0,1.64729,0.619134,1.028160,1,0,38.2333,0,0,0,38.2333,0
68.7159,2.29685,0,0,1.66578,0.0826973,0.36288,3.6288,60.8784,0.66528,0,0,0.749097,0.267822,0,0.66528,12.849,1,0.422857,0.36288,0,34.6867,5.20453,29.4222,0.84672,12.849,0.84672,3695.15,0,36.966,0.42336,0.409381,1.89721,4.94999,1.22293,5.61029,0.42336,36.966,0.42336,423.524,0,1.02816,0,0,1.43754,0.409381,1.028160,1,0,35.0325,0,0,0,35.0325,0
67.5951,2.29194,0,0,1.59289,0.0588529,0.36288,3.6288,60.5991,0.66528,0,0,0.708169,0.322206,0,0.66528,12.849,1,0.428563,0.36288,0,31.272,5.91029,25.2961,0.84672,12.849,0.84672,3695.15,0,36.966,0.42336,0.391211,1.89736,4.70301,1.48054,5.08768,0.42336,36.966,0.42336,423.524,0,1.02816,0,0,1.41937,0.391211,1.028160,1,0,30.3838,0,0,0,30.3838,0
66.3038,2.3483,0,0,1.47618,0.0563097,0.36288,3.6288,60.2014,0.66528,0,0,0.606382,0.338823,0,0.66528,12.849,1,0.446383,0.36288,0,30.0434,6.18709,23.7728,0.84672,12.849,0.84672,3695.15,0,36.966,0.42336,0.555042,1.89751,4.03002,1.48871,4.57051,0.42336,36.966,0.42336,423.524,0,1.02816,0,0,1.5832,0.555042,1.028160,1,0,28.3433,0,0,0,28.3433,0
64.9857,2.3417,0,0,1.44345,0.0569176,0.36288,3.6288,59.7867,0.66528,0,0,0.587818,0.337194,0,0.66528,12.849,1,0.453797,0.36288,0,28.3858,6.18618,22.1087,0.84672,12.849,0.84672,3695.15,0,36.966,0.42336,0.632241,1.91141,4.03914,1.47289,4.68654,0.42336,36.966,0.42336,423.524,0,1.02816,0,0,1.6604,0.632241,1.028160,1,0,26.7952,0,0,0,26.7952,0
63.4871,2.33469,0,0,1.25524,0.0563213,0.36288,3.6288,59.3376,0.66528,0,0,0.552423,0.336304,0,0.66528,12.849,1,0.461616,0.36288,0,26.8558,6.18618,20.5709,0.84672,12.849,0.84672,3695.15,0,36.966,0.42336,0.492065,1.91157,3.93069,1.47289,4.43807,0.42336,36.966,0.42336,423.524,0,1.02816,0,0,1.52023,0.492065,1.028160,1,0,25.0089,0,0,0,25.0089,0
61.8981,2.3263,0,0,1.15588,0.0556433,0.36288,3.6288,58.8782,0.66528,0,0,0.541259,0.33534,0,0.66528,12.849,1,0.470815,0.36288,0,25.3289,6.18618,19.0348,0.84672,12.849,0.84672,3695.15,0,36.966,0.42336,0.413873,1.91172,3.8909,1.47289,4.32024,0.42336,36.966,0.42336,423.524,0,1.02816,0,0,1.44203,0.413873,1.028160,1,0,23.3551,0,0,0,23.3551,0
60.0924,2.49512,0,0,1.10845,0.0562274,0.36288,3.6288,58.4254,0.66528,0,0,0.539155,0.326689,0,0.66528,12.849,1,0.517944,0.36288,0,24.7384,6.23969,18.3436,0.84672,12.849,0.84672,3695.15,0,36.966,0.42336,0.376488,1.91187,3.96497,1.46336,4.36661,0.42336,36.966,0.42336,423.524,0,1.02816,0,0,1.40465,0.376488,1.028160,1,0,22.7103,0,0,0,22.7103,0
58.4747,2.48301,0,0,1.30788,0.0796374,0.36288,3.6288,58.0163,0.66528,0,0,0.561528,0.305297,0,0.66528,12.849,1,0.530919,0.36288,0,26.2536,5.92126,20.1643,0.84672,12.849,0.84672,3695.15,0,36.966,0.42336,0.471891,1.95234,3.76107,1.4154,4.34654,0.42336,36.966,0.42336,423.524,0,1.02816,0,0,1.50005,0.471891,1.028160,1,0,24.5108,0,0,0,24.5108,0
56.7095,2.47168,0,0,1.1477,0.0784065,0.36288,3.6288,57.5883,0.66528,0,0,0.541729,0.304492,0,0.66528,12.849,1,0.543117,0.36288,0,33.3731,5.92126,27.2716,0.84672,12.849,0.84672,3695.15,0,36.966,0.42336,0.405052,1.9525,3.61168,1.4154,4.13047,0.42336,36.966,0.42336,423.524,0,1.02816,0,0,1.43321,0.405052,1.028160,1,0,31.4021,0,0,0,31.4021,0
54.9831,2.4586,0,0,1.17217,0.0770633,0.36288,3.6288,57.2408,0.66528,0,0,0.621411,0.303651,0,0.66528,12.849,1,0.55706,0.36288,0,28.9093,5.92126,22.7938,0.84672,12.849,0.84672,3695.15,0,36.966,0.42336,0.486302,1.95266,3.75063,1.4154,4.35083,0.42336,36.966,0.42336,423.524,0,1.02816,0,0,1.51446,0.486302,1.028160,1,0,27.1447,0,0,0,27.1447,0
53.4075,2.44512,0,0,1.31693,0.0845169,0.36288,3.6288,56.8961,0.66528,0,0,0.615494,0.294838,0,0.66528,12.849,1,0.571401,0.36288,0,30.2547,5.71385,24.3323,0.84672,12.849,0.84672,3695.15,0,36.966,0.42336,0.839497,1.95282,4.82285,1.36371,5.8281,0.42336,36.966,0.42336,423.524,0,1.02816,0,0,1.86766,0.839497,1.028160,1,0,30.1604,0,0,0,30.1604,0
52.0948,2.34761,0,0,1.55866,0.160889,0.36288,3.6288,56.6409,0.66528,0,0,0.64932,0.23925,0,0.66528,12.849,1,0.564798,0.36288,0,25.0421,4.29121,20.549,0.84672,12.849,0.84672,3695.15,0,36.966,0.42336,0.963939,1.95299,5.09397,1.03173,6.5558,0.42336,36.966,0.42336,423.524,0,1.02816,0,0,1.9921,0.963939,1.028160,1,0,27.1048,0,0,0,27.1048,0
51.0773,2.33687,0,0,1.84525,0.162999,0.36288,3.6288,56.8472,0.66528,0,0,1.10937,0.237812,0,0.66528,12.849,1,0.576381,0.36288,0,29.7072,4.26153,25.2321,0.84672,12.849,0.84672,3695.15,0,36.966,0.42336,2.0033,1.93348,7.29759,1.02809,9.78291,0.42336,36.966,0.42336,423.524,0,1.02816,0,0,3.03146,2.0033,1.028160,1,0,35.0151,0,0,0,35.0151,0
50.0199,2.32837,0,0,1.79516,0.161283,0.36288,3.6288,56.8936,0.66528,0,0,0.949778,0.238132,0,0.66528,12.849,1,0.585724,0.36288,0,28.9772,4.26153,24.4928,0.84672,12.849,0.84672,3695.15,0,36.966,0.42336,1.86378,1.93363,5.96211,1.02809,8.30807,0.42336,36.966,0.42336,423.524,0,1.02816,0,0,2.89194,1.86378,1.028160,1,0,32.8009,0,0,0,32.8009,0
48.9519,2.31918,0,0,1.77357,0.1595,0.36288,3.6288,57.1715,0.66528,0,0,1.18136,0.238203,0,0.66528,12.849,1,0.595746,0.36288,0,28.318,4.26153,23.8236,0.84672,12.849,0.84672,3695.15,0,36.966,0.42336,2.62078,1.93379,7.48171,1.02809,10.5848,0.42336,36.966,0.42336,423.524,0,1.02816,0,0,3.64894,2.62078,1.028160,1,0,34.4085,0,0,0,34.4085,0
50.1091,2.24123,0,0,3.96968,0.208405,0.36288,3.6288,58.2168,0.66528,0,0,1.92598,0.215345,0,0.66528,12.849,1,0.588283,0.36288,0,78.2925,4.23675,73.8303,0.84672,12.849,0.84672,3695.15,0,36.966,0.42336,2.88315,1.93395,12.7183,0.990733,16.1213,0.42336,36.966,0.42336,423.524,0,1.02816,0,0,3.91131,2.88315,1.028160,1,0,89.9516,0,0,0,89.9516,0
52.8923,2.25269,0,0,5.60827,0.209446,0.36288,3.6288,59.7351,0.66528,0,0,2.39383,0.210231,0,0.66528,12.849,1,0.577637,0.36288,0,106.076,4.19958,101.662,0.84672,12.849,0.84672,3695.15,0,36.966,0.42336,3.22744,1.91794,15.1639,0.941066,18.9448,0.42336,36.966,0.42336,423.524,0,1.02816,0,0,4.2556,3.22744,1.028160,1,0,120.606,0,0,0,120.606,0
56.2704,2.27781,0,0,6.24337,0.224612,0.36288,3.6288,61.308,0.66528,0,0,2.92893,0.215704,0.475069,0.66528,12.849,1,0.553342,0.36288,0,152.185,4.25757,147.737,0.84672,12.849,0.84672,3695.15,0,36.966,0.42336,4.04723,1.91809,18.0974,0.954604,22.6848,0.42336,36.966,0.42336,423.524,0,1.02816,0,0,5.07539,4.04723,1.028160,1,0,170.897,0,0,0,170.897,0
58.8255,2.30552,0,0,5.48281,0.259303,0.36288,3.6288,61.308,0.66528,0,0,2.47153,0.243272,1.56298,0.66528,12.849,1,0.526451,0.36288,0,123.384,4.53501,118.685,0.84672,12.849,0.84672,3695.15,0,36.966,0.42336,3.09731,1.91825,15.4032,1.01697,18.9784,0.42336,36.966,0.42336,423.524,0,1.02816,0,0,4.12547,3.09731,1.028160,1,0,139.226,0,0,0,139.226,0
62.5167,2.12369,0,0,6.46923,0.291481,0.36288,3.6288,61.308,0.66528,0,0,2.68245,0.217827,1.79934,0.66528,12.849,1,0.463869,0.36288,0,115.798,4.12263,111.575,0.84672,12.849,0.84672,3695.15,0,36.966,0.42336,4.2465,1.9184,20.4859,1.02524,25.2022,0.42336,36.966,0.42336,423.524,0,1.02816,0,0,5.27466,4.2465,1.028160,1,0,138.576,0,0,0,138.576,0
65.8443,2.14704,0,0,6.12054,0.283002,0.36288,3.6288,61.308,0.66528,0,0,2.24218,0.198295,1.3786,0.66528,12.849,1,0.441279,0.36288,0,110.804,3.6309,107.094,0.84672,12.849,0.84672,3695.15,0,36.966,0.42336,3.84747,1.8726,15.145,1.06969,19.372,0.42336,36.966,0.42336,423.524,0,1.02816,0,0,4.87563,3.84747,1.028160,1,0,127.845,0,0,0,127.845,0
69.051,2.16633,0,0,6.02666,0.290719,0.36288,3.6288,61.308,0.66528,0,0,2.16779,0.198295,1.30422,0.66528,12.849,1,0.422743,0.36288,0,129.043,3.6309,125.352,0.84672,12.849,0.84672,3695.15,0,36.966,0.42336,3.27516,1.87274,15.1377,1.06969,18.7926,0.42336,36.966,0.42336,423.524,0,1.02816,0,0,4.30332,3.27516,1.028160,1,0,145.449,0,0,0,145.449,0
72.29,2.18352,0,0,8.42528,0.298157,2.70462,3.6288,61.308,0.66528,0,0,2.87146,0.198295,2.00789,0.66528,12.849,1,0.40631,2.70462,0,146.635,3.6309,145.302,0.84672,12.849,0.84672,3695.15,0,36.966,0.42336,4.41901,1.87288,24.0804,1.06969,28.8792,0.42336,36.966,0.42336,423.524,0,1.02816,0,0,5.44717,4.41901,1.028160,1,0,176.189,0,0,0,176.189,0
72.29,2.19962,0,0,5.78787,0.310896,3.27735,3.6288,61.308,0.66528,0,0,2.68807,0.197067,1.82572,0.66528,12.849,1,0.390967,3.27735,0,163.617,3.68176,162.822,0.84672,12.849,0.84672,3695.15,0,36.966,0.42336,3.70318,1.87302,14.3662,1.06172,18.4573,0.42336,36.966,0.42336,423.524,0,1.02816,0,0,4.73134,3.70318,1.028160,1,0,183.105,0,0,0,183.105,0
71.7787,2.28044,0,0,2.45074,0.318692,0.36288,3.6288,61.308,0.66528,0,0,0.972285,0.225235,0.0817698,0.66528,12.849,1,0.405331,0.36288,0,86.502,4.69171,81.7678,0.84672,12.849,0.84672,3695.15,0,36.966,0.42336,1.24555,1.87317,5.35302,1.1637,6.88468,0.42336,36.966,0.42336,423.524,0,1.02816,0,0,2.27371,1.24555,1.028160,1,0,88.7342,0,0,0,88.7342,0
72.29,2.27862,0,0,8.25542,0.288894,5.17662,3.6288,61.308,0.66528,0,0,2.14965,0.203533,1.28084,0.66528,12.849,1,0.407893,5.17662,0,147.673,3.94138,148.501,0.84672,12.849,0.84672,3695.15,0,36.966,0.42336,3.05762,1.891,11.2439,1.06996,14.6992,0.42336,36.966,0.42336,423.524,0,1.02816,0,0,4.08578,3.05762,1.028160,1,0,164.481,0,0,0,164.481,0
72.29,2.28171,0,0,5.11645,0.290019,2.54473,3.6288,61.308,0.66528,0,0,1.39213,0.203533,0.523316,0.66528,12.849,1,0.405556,2.54473,0,146.597,3.94138,144.794,0.84672,12.849,0.84672,3695.15,0,36.966,0.42336,1.95615,1.89114,6.81269,1.06996,9.16666,0.42336,36.966,0.42336,423.524,0,1.02816,0,0,2.98431,1.95615,1.028160,1,0,154.484,0,0,0,154.484,0
72.29,2.28234,0,0,4.288,0.290019,1.71564,3.6288,61.308,0.66528,0,0,2.44902,0.203533,1.5802,0.66528,12.849,1,0.405669,1.71564,0,109.958,3.94138,107.326,0.84672,12.849,0.84672,3695.15,0,36.966,0.42336,4.06878,1.89128,8.93239,1.06996,13.3991,0.42336,36.966,0.42336,423.524,0,1.02816,0,0,5.09694,4.06878,1.028160,1,0,122.306,0,0,0,122.306,0
72.29,2.54071,0,0,5.19993,0.319379,2.33984,3.6288,61.308,0.66528,0,0,1.89252,0.209152,1.01809,0.66528,12.849,1,0.451593,2.33984,0,125.401,4.20593,123.083,0.84672,12.849,0.84672,3695.15,0,36.966,0.42336,3.44425,1.89142,8.96625,1.05248,12.8261,0.42336,36.966,0.42336,423.524,0,1.02816,0,0,4.47241,3.44425,1.028160,1,0,136.927,0,0,0,136.927,0
72.29,2.54141,0,0,5.66123,0.341398,2.77842,3.6288,61.308,0.66528,0,0,2.41003,0.213366,1.53139,0.66528,12.849,1,0.451716,2.77842,0,143.533,4.40433,141.455,0.84672,12.849,0.84672,3695.15,0,36.966,0.42336,3.92065,1.94845,11.0071,1.03937,15.4135,0.42336,36.966,0.42336,423.524,0,1.02816,0,0,4.94881,3.92065,1.028160,1,0,158.4,0,0,0,158.4,0
72.29,2.54211,0,0,6.32394,0.341398,3.44043,3.6288,61.308,0.66528,0,0,2.62438,0.213366,1.74574,0.66528,12.849,1,0.45184,3.44043,0,166.981,4.40433,165.565,0.84672,12.849,0.84672,3695.15,0,36.966,0.42336,4.35833,1.9486,16.0089,1.03937,20.8531,0.42336,36.966,0.42336,423.524,0,1.02816,0,0,5.38649,4.35833,1.028160,1,0,188.164,0,0,0,188.164,0
72.29,2.5428,0,0,7.32047,0.341398,4.43627,3.6288,61.308,0.66528,0,0,2.60455,0.213366,1.72591,0.66528,12.849,1,0.451964,4.43627,0,223.194,4.40433,222.774,0.84672,12.849,0.84672,3695.15,0,36.966,0.42336,4.55063,1.94875,14.5187,1.03937,19.5553,0.42336,36.966,0.42336,423.524,0,1.02816,0,0,5.57879,4.55063,1.028160,1,0,244.055,0,0,0,244.055,0
72.29,2.17553,0,0,8.90257,0.339418,6.38762,3.6288,61.308,0.66528,0,0,2.6833,0.205981,1.81204,0.66528,12.849,1,0.386684,6.38762,0,242.344,4.03182,244.313,0.84672,12.849,0.84672,3695.15,0,36.966,0.42336,4.90441,1.94891,15.0285,0.958691,20.4998,0.42336,36.966,0.42336,423.524,0,1.02816,0,0,5.93257,4.90441,1.028160,1,0,266.625,0,0,0,266.625,0
72.29,2.17614,0,0,8.99139,0.329246,6.48601,3.6288,61.308,0.66528,0,0,2.3524,0.216842,1.47028,0.66528,12.849,1,0.386792,6.48601,0,171.951,4.30321,173.747,0.84672,12.849,0.84672,3695.15,0,36.966,0.42336,3.85298,1.86785,14.4501,1.08254,18.6651,0.42336,36.966,0.42336,423.524,0,1.02816,0,0,4.88114,3.85298,1.028160,1,0,193.882,0,0,0,193.882,0
72.29,2.17675,0,0,8.49727,0.329246,5.99127,3.6288,61.308,0.66528,0,0,2.06259,0.216842,1.18047,0.66528,12.849,1,0.3869,5.99127,0,178.516,4.30321,179.817,0.84672,12.849,0.84672,3695.15,0,36.966,0.42336,3.13605,1.86798,14.0357,1.08254,17.5338,0.42336,36.966,0.42336,423.524,0,1.02816,0,0,4.16421,3.13605,1.028160,1,0,198.532,0,0,0,198.532,0
72.29,2.17736,0,0,8.75223,0.295261,6.27962,3.6288,61.308,0.66528,0,0,1.86828,0.198794,1.00421,0.66528,12.849,1,0.387009,6.27962,0,195.753,4.04163,197.604,0.84672,12.849,0.84672,3695.15,0,36.966,0.42336,3.30242,1.86812,14.594,1.04496,18.2962,0.42336,36.966,0.42336,423.524,0,1.02816,0,0,4.33058,3.30242,1.028160,1,0,216.904,0,0,0,216.904,0
72.29,2.17796,0,0,8.00211,0.283653,5.54049,3.6288,61.308,0.66528,0,0,1.85882,0.175439,1.0181,0.66528,12.849,1,0.387117,5.54049,0,182.007,3.83082,183.329,0.84672,12.849,0.84672,3695.15,0,36.966,0.42336,3.33418,1.86825,13.6246,1.00048,17.4032,0.42336,36.966,0.42336,423.524,0,1.02816,0,0,4.36234,3.33418,1.028160,1,0,201.751,0,0,0,201.751,0
72.29,2.27131,0,0,8.06155,0.334,5.45624,3.6288,61.308,0.66528,0,0,2.67824,0.153567,1.85939,0.66528,12.849,1,0.403708,5.45624,0,210.406,3.36105,212.097,0.84672,12.849,0.84672,3695.15,0,36.966,0.42336,4.55452,1.86839,14.0376,0.859718,19.1774,0.42336,36.966,0.42336,423.524,0,1.02816,0,0,5.58268,4.55452,1.028160,1,0,233.134,0,0,0,233.134,0
72.29,2.27194,0,0,8.4246,0.334,5.81867,3.6288,61.308,0.66528,0,0,2.46216,0.153567,1.64331,0.66528,12.849,1,0.40382,5.81867,0,198.085,3.36105,200.139,0.84672,12.849,0.84672,3695.15,0,36.966,0.42336,4.17932,1.88899,13.3781,0.859718,18.1633,0.42336,36.966,0.42336,423.524,0,1.02816,0,0,5.20748,4.17932,1.028160,1,0,219.945,0,0,0,219.945,0
72.29,2.27257,0,0,11.9151,0.334,9.30851,3.6288,61.308,0.66528,0,0,4.08662,0.153567,3.26777,0.66528,12.849,1,0.403932,9.30851,0,211.655,3.36105,217.198,0.84672,12.849,0.84672,3695.15,0,36.966,0.42336,8.52915,1.88913,24.9472,0.859718,34.0824,0.42336,36.966,0.42336,423.524,0,1.02816,0,0,9.55731,8.52915,1.028160,1,0,254.549,0,0,0,254.549,0
72.29,2.2732,0,0,8.23824,0.298288,5.66675,3.6288,61.308,0.66528,0,0,2.90617,0.172597,2.06829,0.66528,12.849,1,0.404044,5.66675,0,259.187,3.59373,260.856,0.84672,12.849,0.84672,3695.15,0,36.966,0.42336,4.86791,1.88927,14.4234,0.905519,19.8517,0.42336,36.966,0.42336,423.524,0,1.02816,0,0,5.89607,4.86791,1.028160,1,0,282.776,0,0,0,282.776,0
72.29,2.23754,0,0,6.51756,0.270811,4.00921,3.6288,61.308,0.66528,0,0,1.91847,0.167938,1.08525,0.66528,12.849,1,0.397706,4.00921,0,153.704,3.20682,154.109,0.84672,12.849,0.84672,3695.15,0,36.966,0.42336,3.65969,1.88941,10.4674,1.0197,14.5735,0.42336,36.966,0.42336,423.524,0,1.02816,0,0,4.68785,3.65969,1.028160,1,0,169.767,0,0,0,169.767,0
72.29,2.23816,0,0,5.66013,0.270695,3.15127,3.6288,61.308,0.66528,0,0,1.81613,0.164782,0.986066,0.66528,12.849,1,0.397816,3.15127,0,140.909,3.11325,140.549,0.84672,12.849,0.84672,3695.15,0,36.966,0.42336,1.85405,1.88153,8.79034,1.03301,11.0695,0.42336,36.966,0.42336,423.524,0,1.02816,0,0,2.88221,1.85405,1.028160,1,0,152.605,0,0,0,152.605,0
72.29,2.23879,0,0,5.51459,0.270695,3.00511,3.6288,61.308,0.66528,0,0,1.58588,0.164782,0.755818,0.66528,12.849,1,0.397927,3.00511,0,117.492,3.11325,116.986,0.84672,12.849,0.84672,3695.15,0,36.966,0.42336,3.23458,1.88167,8.4653,1.03301,12.1252,0.42336,36.966,0.42336,423.524,0,1.02816,0,0,4.26274,3.23458,1.028160,1,0,129.867,0,0,0,129.867,0
72.29,2.23941,0,0,5.207,0.260974,2.70662,3.6288,61.308,0.66528,0,0,1.40142,0.170995,0.565141,0.66528,12.849,1,0.398038,2.70662,0,101.525,3.31227,100.521,0.84672,12.849,0.84672,3695.15,0,36.966,0.42336,3.37354,1.88181,7.79786,1.02955,11.6003,0.42336,36.966,0.42336,423.524,0,1.02816,0,0,4.4017,3.37354,1.028160,1,0,112.687,0,0,0,112.687,0
72.29,2.36334,0,0,4.77133,0.218139,2.18984,3.6288,61.308,0.66528,0,0,1.44274,0.170294,0.607167,0.66528,12.849,1,0.420067,2.18984,0,100.577,3.54348,98.8028,0.84672,12.849,0.84672,3695.15,0,36.966,0.42336,3.06491,1.88195,7.60467,1.00323,11.1249,0.42336,36.966,0.42336,423.524,0,1.02816,0,0,4.09307,3.06491,1.028160,1,0,110.535,0,0,0,110.535,0
72.29,2.364,0,0,4.70632,0.188507,2.15382,3.6288,61.308,0.66528,0,0,1.24931,0.158982,0.425048,0.66528,12.849,1,0.420183,2.15382,0,99.7644,3.52632,97.9717,0.84672,12.849,0.84672,3695.15,0,36.966,0.42336,2.35585,1.9093,7.1477,0.994999,9.99449,0.42336,36.966,0.42336,423.524,0,1.02816,0,0,3.38401,2.35585,1.028160,1,0,108.391,0,0,0,108.391,0
72.29,2.36465,0,0,4.39736,0.188507,1.84421,3.6288,61.308,0.66528,0,0,1.19331,0.158982,0.369052,0.66528,12.849,1,0.420299,1.84421,0,91.4216,3.52632,89.3192,0.84672,12.849,0.84672,3695.15,0,36.966,0.42336,1.92077,1.90944,6.48701,0.994999,8.89886,0.42336,36.966,0.42336,423.524,0,1.02816,0,0,2.94893,1.92077,1.028160,1,0,98.5871,0,0,0,98.5871,0
72.29,2.3653,0,0,4.16174,0.135883,1.66056,3.6288,61.308,0.66528,0,0,1.12201,0.233958,0.22277,0.66528,12.849,1,0.420415,1.66056,0,86.3819,4.54497,83.077,0.84672,12.849,0.84672,3695.15,0,36.966,0.42336,1.57358,1.90959,5.62441,1.26777,7.41645,0.42336,36.966,0.42336,423.524,0,1.02816,0,0,2.60174,1.57358,1.028160,1,0,90.7162,0,0,0,90.7162,0
72.29,2.36596,0,0,3.78903,0.118228,1.30485,3.6288,61.308,0.66528,0,0,1.01301,0.261925,0.0858095,0.66528,12.849,1,0.420531,1.30485,0,76.5974,4.95835,72.5234,0.84672,12.849,0.84672,3695.15,0,36.966,0.42336,1.30443,1.90973,5.16872,1.35337,6.60616,0.42336,36.966,0.42336,423.524,0,1.02816,0,0,2.33259,1.30443,1.028160,1,0,79.2153,0,0,0,79.2153,0
72.29,2.34219,0,0,3.02297,0.134363,0.546416,3.6288,61.0689,0.66528,0,0,0.681808,0.255676,0,0.66528,12.849,1,0.416307,0.546416,0,51.6187,5.00023,46.7486,0.84672,12.849,0.84672,3695.15,0,36.966,0.42336,0.405484,1.90988,3.85269,1.23183,4.51286,0.42336,36.966,0.42336,423.524,0,1.02816,0,0,1.43364,0.405484,1.028160,1,0,51.2615,0,0,0,51.2615,0
72.29,2.34284,0,0,2.85606,0.108972,0.404243,3.6288,60.7548,0.66528,0,0,0.641874,0.290604,0,0.66528,12.849,1,0.416422,0.404243,0,49.096,5.03821,44.0456,0.84672,12.849,0.84672,3695.15,0,36.966,0.42336,0.357584,1.90463,3.94406,1.349,4.43391,0.42336,36.966,0.42336,423.524,0,1.02816,0,0,1.38574,0.357584,1.028160,1,0,48.4795,0,0,0,48.4795,0
72.1923,2.34349,0,0,2.71763,0.108972,0.36288,3.6288,60.3966,0.66528,0,0,0.597103,0.290027,0,0.66528,12.849,1,0.416537,0.36288,0,44.5051,5.03821,39.4132,0.84672,12.849,0.84672,3695.15,0,36.966,0.42336,0.307368,1.90478,3.75545,1.349,4.19523,0.42336,36.966,0.42336,423.524,0,1.02816,0,0,1.33553,0.307368,1.028160,1,0,43.6084,0,0,0,43.6084,0
71.8853,2.34366,0,0,2.50846,0.108892,0.36288,3.6288,59.9556,0.68567,0,0,0.533963,0.289368,0,0.66528,12.849,1,0.417131,0.36288,0,42.1151,5.03821,37.0226,0.84672,12.849,0.84672,3695.15,0,36.966,0.42336,0.261274,1.90492,3.51276,1.349,3.90659,0.42336,36.966,0.42336,423.524,0,1.00777,0,0,1.26904,0.261274,1.028160,1,0,40.9292,0,0,0,40.9292,0
71.116,2.40585,0,0,2.09231,0.0929147,0.36288,3.6288,59.1781,0.928428,0,0,0.455839,0.304896,0,0.66528,12.849,1,0.430029,0.36288,0,32.7631,5.35292,27.343,0.84672,12.849,0.84672,3695.15,0,36.966,0.42336,0.261274,1.90506,3.10746,1.37178,3.47865,0.42336,36.966,0.42336,423.524,0,0.765012,0,0,1.02629,0.261274,1.028160,1,0,30.8216,0,0,0,30.8216,0
70.2973,2.40257,0,0,2.03289,0.0861182,0.36288,3.6288,58.5072,0.821621,0,0,0.460587,0.309888,0,0.66528,12.849,1,0.434089,0.36288,0,41.0119,5.4788,35.4619,0.84672,12.849,0.84672,3695.15,0,36.966,0.42336,0.261274,1.91913,3.38297,1.3809,3.75912,0.42336,36.966,0.42336,423.524,0,0.871819,0,0,1.13309,0.261274,1.028160,1,0,39.221,0,0,0,39.221,0
69.3459,2.39896,0,0,1.89598,0.0855784,0.36288,3.6288,57.8042,0.802345,0,0,0.407957,0.308556,0,0.66528,12.849,1,0.438484,0.36288,0,32.4446,5.4788,26.8902,0.84672,12.849,0.84672,3695.15,0,36.966,0.42336,0.227405,1.91928,3.08787,1.3809,3.43029,0.42336,36.966,0.42336,423.524,0,0.891095,0,0,1.1185,0.227405,1.028160,1,0,30.3205,0,0,0,30.3205,0
68.228,2.39454,0,0,1.72456,0.0849512,0.36288,3.6288,56.9028,0.9774,0,0,0.383198,0.30716,0,0.66528,12.849,1,0.443681,0.36288,0,29.8339,5.4788,24.2743,0.84672,12.849,0.84672,3695.15,0,36.966,0.42336,0.227405,1.91943,2.82606,1.3809,3.16863,0.42336,36.966,0.42336,423.524,0,0.71604,0,0,0.943445,0.227405,1.028160,1,0,27.443,0,0,0,27.443,0
67.0585,2.57243,0,0,1.83461,0.0688311,0.36288,3.6288,56.2277,0.774446,0,0,0.416079,0.316766,0,0.66528,12.849,1,0.484452,0.36288,0,29.1852,5.80681,23.2568,0.84672,12.849,0.84672,3695.15,0,36.966,0.42336,0.227405,1.91957,3.41063,1.46213,3.67212,0.42336,36.966,0.42336,423.524,0,0.918994,0,0,1.1464,0.227405,1.028160,1,0,26.929,0,0,0,26.929,0
65.9603,2.56604,0,0,1.89371,0.0630395,0.36288,3.6288,55.2885,0.973382,0,0,0.360321,0.326191,0,0.66528,12.849,1,0.491676,0.36288,0,29.4362,6.10344,23.204,0.84672,12.849,0.84672,3695.15,0,36.966,0.42336,0.227405,1.96055,1.92444,1.56063,2.12841,0.42336,36.966,0.42336,423.524,0,0.720058,0,0,0.947462,0.227405,1.028160,1,0,25.3324,0,0,0,25.3324,0
64.4765,2.55989,0,0,1.5015,0.0624925,0.36288,3.6288,54.0484,1.18628,0,0,0.27045,0.32419,0,0.66528,12.849,1,0.498664,0.36288,0,32.3224,6.10344,26.0832,0.84672,12.849,0.84672,3695.15,0,36.966,0.42336,0.204422,1.96071,1.54519,1.56063,1.72633,0.42336,36.966,0.42336,423.524,0,0.507159,0,0,0.711582,0.204422,1.028160,1,0,27.8095,0,0,0,27.8095,0
63.3259,2.55101,0,0,1.82502,0.0617534,0.36288,3.6288,53.4436,0.718091,0,0,0.434815,0.321548,0,0.66528,12.849,1,0.508371,0.36288,0,28.1752,6.10344,21.9263,0.84672,12.849,0.84672,3695.15,0,36.966,0.42336,0.204422,1.96086,2.22642,1.56063,2.40771,0.42336,36.966,0.42336,423.524,0,0.975349,0,0,1.17977,0.204422,1.028160,1,0,24.334,0,0,0,24.334,0
61.8236,2.54403,0,0,1.47055,0.0659093,0.36288,3.6288,52.4152,1.04217,0,0,0.307699,0.293903,0,0.66528,12.849,1,0.51619,0.36288,0,24.2456,5.36406,18.7282,0.84672,12.849,0.84672,3695.15,0,36.966,0.42336,0.204422,1.96102,2.23223,1.27281,2.7015,0.42336,36.966,0.42336,423.524,0,0.651266,0,0,0.855688,0.204422,1.028160,1,0,21.4297,0,0,0,21.4297,0
59.9132,2.44631,0,0,1.00308,0.104298,0.36288,3.6288,51.9242,0.66528,0,0,0.482905,0.308689,0,0.66528,12.849,1,0.508425,0.36288,0,52.2117,5.93491,46.1312,0.84672,12.849,0.84672,3695.15,0,36.966,0.42336,0.8464,1.96117,2.16077,1.4317,3.11328,0.42336,36.966,0.42336,423.524,0,1.02816,0,0,1.87456,0.8464,1.028160,1,0,49.2445,0,0,0,49.2445,0
57.7837,2.43363,0,0,0.769608,0.102607,0.36288,3.6288,51.2849,0.66528,0,0,0.333472,0.307471,0,0.66528,12.849,1,0.521917,0.36288,0,39.2426,5.93491,33.1487,0.84672,12.849,0.84672,3695.15,0,36.966,0.42336,0.505734,1.94141,2.12871,1.4317,2.72079,0.42336,36.966,0.42336,423.524,0,1.02816,0,0,1.53389,0.505734,1.028160,1,0,35.8695,0,0,0,35.8695,0
55.8191,2.41856,0,0,0.946996,0.130146,0.36288,3.6288,50.6562,0.66528,0,0,0.319846,0.283244,0,0.66528,12.849,1,0.537799,0.36288,0,34.2215,5.66079,28.3858,0.84672,12.849,0.84672,3695.15,0,36.966,0.42336,0.478241,1.94156,2.45618,1.22926,3.22336,0.42336,36.966,0.42336,423.524,0,1.02816,0,0,1.5064,0.478241,1.028160,1,0,31.6091,0,0,0,31.6091,0
56.6399,2.40383,0,0,3.7024,0.114864,0.36288,3.6288,50.4346,0.66528,0,0,0.713445,0.269768,0,0.66528,12.849,1,0.553337,0.36288,0,71.0745,5.79043,65.0936,0.84672,12.849,0.84672,3695.15,0,36.966,0.42336,1.9916,1.94171,6.55864,1.13612,8.93247,0.42336,36.966,0.42336,423.524,0,1.02816,0,0,3.01976,1.9916,1.028160,1,0,74.0261,0,0,0,74.0261,0
55.9578,2.33983,0,0,2.16026,0.139691,0.36288,3.6288,50.1839,0.66528,0,0,0.639827,0.225238,0,0.66528,12.849,1,0.530799,0.36288,0,49.6418,4.44206,45.0318,0.84672,12.849,0.84672,3695.15,0,36.966,0.42336,1.3058,1.94186,5.06123,0.862086,7.02344,0.42336,36.966,0.42336,423.524,0,1.02816,0,0,2.33396,1.3058,1.028160,1,0,52.0553,0,0,0,52.0553,0
54.4405,2.3352,0,0,1.39828,0.217479,0.36288,3.6288,49.5066,0.827237,0,0,0.376831,0.226943,0,0.66528,12.849,1,0.536208,0.36288,0,30.8191,4.09443,26.5513,0.84672,12.849,0.84672,3695.15,0,36.966,0.42336,0.216518,1.92564,3.10149,0.975549,3.84475,0.42336,36.966,0.42336,423.524,0,0.866203,0,0,1.08272,0.216518,1.028160,1,0,30.396,0,0,0,30.396,0
52.6477,2.32375,0,0,1.12451,0.230695,0.36288,3.6288,48.545,1.02328,0,0,0.285535,0.223806,0,0.66528,12.849,1,0.54845,0.36288,0,24.0134,4.1139,19.7139,0.84672,12.849,0.84672,3695.15,0,36.966,0.42336,0.292723,1.92579,2.66537,1.00035,3.46018,0.42336,36.966,0.42336,423.524,0,0.670162,0,0,0.962885,0.292723,1.028160,1,0,23.1741,0,0,0,23.1741,0
51.85,2.30937,0,0,2.10111,0.226518,0.36288,3.6288,48.4368,0.66528,0,0,0.779043,0.222035,0,0.66528,12.849,1,0.563617,0.36288,0,47.8418,4.1139,43.5271,0.84672,12.849,0.84672,3695.15,0,36.966,0.42336,1.92129,1.92594,5.8802,1.00035,8.30373,0.42336,36.966,0.42336,423.524,0,1.02816,0,0,2.94945,1.92129,1.028160,1,0,51.8308,0,0,0,51.8308,0
53.2159,2.10406,0,0,4.06548,0.232696,0.36288,3.6288,49.0464,0.66528,0,0,1.48722,0.212289,0,0.66528,12.849,1,0.521408,0.36288,0,95.6724,4.29843,91.2155,0.84672,12.849,0.84672,3695.15,0,36.966,0.42336,2.20387,1.92609,8.15092,1.04009,10.8174,0.42336,36.966,0.42336,423.524,0,1.02816,0,0,3.23203,2.20387,1.028160,1,0,102.033,0,0,0,102.033,0
54.2933,2.11542,0,0,3.81205,0.256368,0.36288,3.6288,49.186,0.66528,0,0,0.994232,0.189377,0,0.66528,12.849,1,0.51077,0.36288,0,77.7933,4.75975,72.8856,0.84672,12.849,0.84672,3695.15,0,36.966,0.42336,2.75308,1.8797,11.8315,1.13944,14.9015,0.42336,36.966,0.42336,423.524,0,1.02816,0,0,3.78124,2.75308,1.028160,1,0,87.7871,0,0,0,87.7871,0
54.607,2.12421,0,0,3.06006,0.259193,0.36288,3.6288,48.702,0.66528,0,0,0.370865,0.189595,0,0.66528,12.849,1,0.502714,0.36288,0,66.2447,4.75975,61.3451,0.84672,12.849,0.84672,3695.15,0,36.966,0.42336,1.19996,1.87984,5.70887,1.13944,7.22587,0.42336,36.966,0.42336,423.524,0,1.02816,0,0,2.22812,1.19996,1.028160,1,0,68.571,0,0,0,68.571,0
54.6743,2.12714,0,0,2.81268,0.255435,0.36288,3.6288,48.1718,0.66528,0,0,0.343154,0.208077,0,0.66528,12.849,1,0.500514,0.36288,0,57.3469,4.83743,52.3718,0.84672,12.849,0.84672,3695.15,0,36.966,0.42336,0.590052,1.87997,5.37448,1.19937,6.22178,0.42336,36.966,0.42336,423.524,0,1.02816,0,0,1.61821,0.590052,1.028160,1,0,58.5936,0,0,0,58.5936,0
54.6618,2.12823,0,0,2.72809,0.249496,0.36288,3.6288,47.4629,0.760087,0,0,0.283942,0.232702,0,0.66528,12.849,1,0.500155,0.36288,0,75.7657,4.94098,70.6875,0.84672,12.849,0.84672,3695.15,0,36.966,0.42336,0.412474,1.88011,4.51078,1.27928,5.10073,0.42336,36.966,0.42336,423.524,0,0.933353,0,0,1.34583,0.412474,1.028160,1,0,75.7882,0,0,0,75.7882,0
61.3202,2.20613,0,0,9.47107,0.243626,0.36288,3.6288,48.9836,0.66528,0,0,2.39037,0.20437,0,0.66528,12.849,1,0.518582,0.36288,0,108.74,4.06725,104.517,0.84672,12.849,0.84672,3695.15,0,36.966,0.42336,2.48601,1.88025,16.7365,1.11118,19.5683,0.42336,36.966,0.42336,423.524,0,1.02816,0,0,3.51417,2.48601,1.028160,1,0,124.085,0,0,0,124.085,0
64.3772,2.25328,0,0,5.96344,0.290224,0.36288,3.6288,49.2561,0.66528,0,0,1.16548,0.227724,0,0.66528,12.849,1,0.472151,0.36288,0,147.01,4.27077,142.63,0.84672,12.849,0.84672,3695.15,0,36.966,0.42336,1.19422,1.8983,10.1866,1.24461,11.6112,0.42336,36.966,0.42336,423.524,0,1.02816,0,0,2.22238,1.19422,1.028160,1,0,154.241,0,0,0,154.241,0
67.2039,2.27257,0,0,5.75967,0.297567,0.36288,3.6288,49.4231,0.66528,0,0,1.06053,0.228237,0,0.66528,12.849,1,0.45358,0.36288,0,151.1,4.27077,146.738,0.84672,12.849,0.84672,3695.15,0,36.966,0.42336,0.704082,1.89844,9.8483,1.24461,10.7829,0.42336,36.966,0.42336,423.524,0,1.02816,0,0,1.73224,0.704082,1.028160,1,0,157.521,0,0,0,157.521,0
69.9051,2.28919,0,0,5.65768,0.304357,0.36288,3.6288,49.4593,0.66528,0,0,0.93001,0.228551,0,0.66528,12.849,1,0.43768,0.36288,0,124.591,4.27077,120.246,0.84672,12.849,0.84672,3695.15,0,36.966,0.42336,0.900444,1.89857,8.87173,1.24461,10.0028,0.42336,36.966,0.42336,423.524,0,1.02816,0,0,1.9286,0.900444,1.028160,1,0,130.249,0,0,0,130.249,0
72.29,2.5637,0,0,6.71826,0.30758,1.46213,3.6288,50.0401,0.66528,0,0,1.45854,0.212479,0,0.66528,12.849,1,0.471223,1.46213,0,172.782,3.92126,169.852,0.84672,12.849,0.84672,3695.15,0,36.966,0.42336,1.81172,1.8987,13.7103,1.15675,15.8406,0.42336,36.966,0.42336,423.524,0,1.02816,0,0,2.83988,1.81172,1.028160,1,0,185.692,0,0,0,185.692,0
72.29,2.57756,0,0,6.19989,0.308815,3.31351,3.6288,50.5976,0.66528,0,0,1.41465,0.191872,0,0.66528,12.849,1,0.458143,3.31351,0,134.806,3.45524,134.207,0.84672,12.849,0.84672,3695.15,0,36.966,0.42336,1.17317,1.95643,10.2779,1.03961,11.9445,0.42336,36.966,0.42336,423.524,0,1.02816,0,0,2.20133,1.17317,1.028160,1,0,146.151,0,0,0,146.151,0
72.29,2.57823,0,0,7.29164,0.308815,4.40459,3.6288,51.4751,0.66528,0,0,1.73553,0.192748,0,0.66528,12.849,1,0.458262,4.40459,0,204.958,3.45524,205.449,0.84672,12.849,0.84672,3695.15,0,36.966,0.42336,1.98769,1.95658,14.8456,1.03961,17.3269,0.42336,36.966,0.42336,423.524,0,1.02816,0,0,3.01585,1.98769,1.028160,1,0,222.776,0,0,0,222.776,0
72.29,2.5789,0,0,5.81712,0.311082,2.92714,3.6288,52.0004,0.66528,0,0,1.37245,0.181851,0,0.66528,12.849,1,0.45838,2.92714,0,152.092,3.22839,151.332,0.84672,12.849,0.84672,3695.15,0,36.966,0.42336,0.997998,1.95673,10.1652,0.974567,11.722,0.42336,36.966,0.42336,423.524,0,1.02816,0,0,2.02616,0.997998,1.028160,1,0,163.054,0,0,0,163.054,0
72.29,2.20703,0,0,6.3135,0.308832,3.79764,3.6288,52.596,0.66528,0,0,1.40952,0.148623,0,0.66528,12.849,1,0.392283,3.79764,0,157.299,3.04482,157.66,0.84672,12.849,0.84672,3695.15,0,36.966,0.42336,1.80281,1.95688,11.7474,0.860452,14.2233,0.42336,36.966,0.42336,423.524,0,1.02816,0,0,2.83097,1.80281,1.028160,1,0,171.883,0,0,0,171.883,0
72.29,2.20761,0,0,5.20227,0.301803,2.69286,3.6288,53.2133,0.66528,0,0,1.40836,0.125808,0,0.66528,12.849,1,0.392387,2.69286,0,142.684,3.20334,141.781,0.84672,12.849,0.84672,3695.15,0,36.966,0.42336,1.48113,1.8748,8.8223,0.823935,10.9309,0.42336,36.966,0.42336,423.524,0,1.02816,0,0,2.50929,1.48113,1.028160,1,0,152.712,0,0,0,152.712,0
72.29,2.2082,0,0,4.6039,0.301803,2.0939,3.6288,53.6745,0.66528,0,0,1.25293,0.126432,0,0.66528,12.849,1,0.39249,2.0939,0,122.462,3.20334,120.961,0.84672,12.849,0.84672,3695.15,0,36.966,0.42336,1.47859,1.87493,7.97964,0.823935,10.0859,0.42336,36.966,0.42336,423.524,0,1.02816,0,0,2.50675,1.47859,1.028160,1,0,131.046,0,0,0,131.046,0
72.29,2.20878,0,0,5.97752,0.301803,3.46694,3.6288,54.2452,0.66528,0,0,1.36286,0.126897,0,0.66528,12.849,1,0.392594,3.46694,0,143.362,3.20334,143.233,0.84672,12.849,0.84672,3695.15,0,36.966,0.42336,1.78657,1.87506,10.3416,0.823935,12.756,0.42336,36.966,0.42336,423.524,0,1.02816,0,0,2.81473,1.78657,1.028160,1,0,155.989,0,0,0,155.989,0
72.29,2.20937,0,0,5.66496,0.300437,3.15516,3.6288,54.763,0.66528,0,0,1.29952,0.116462,0,0.66528,12.849,1,0.392698,3.15516,0,158.385,3.02403,158.123,0.84672,12.849,0.84672,3695.15,0,36.966,0.42336,1.73931,1.87519,9.27202,0.793225,11.6699,0.42336,36.966,0.42336,423.524,0,1.02816,0,0,2.76747,1.73931,1.028160,1,0,169.793,0,0,0,169.793,0
72.0746,2.30383,0,0,2.79056,0.339212,0.36288,3.6288,54.2494,0.943695,0,0,0.567632,0.137518,0,0.66528,12.849,1,0.409489,0.36288,0,42.7101,3.33621,39.3273,0.84672,12.849,0.84672,3695.15,0,36.966,0.42336,0.558835,1.87532,3.85897,0.674301,5.19546,0.42336,36.966,0.42336,423.524,0,0.749745,0,0,1.30858,0.558835,1.028160,1,0,44.5228,0,0,0,44.5228,0
72.29,2.0445,0,0,4.07745,0.335612,1.48198,3.6288,54.2358,0.622955,0,0,0.759894,0.150557,0,0.66528,12.849,1,0.36448,1.48198,0,81.4917,3.57493,79.0343,0.84672,12.849,0.84672,3695.15,0,36.966,0.42336,0.925163,1.89617,5.57084,0.816518,7.15229,0.42336,36.966,0.42336,423.524,0,1.02816,0,0,1.95332,0.925163,1.028160,1,0,86.1866,0,0,0,86.1866,0
71.9673,2.30504,0,0,2.68134,0.336161,0.36288,3.6288,54.0028,0.737493,0,0,0.655066,0.150544,0,0.66528,12.849,1,0.409704,0.36288,0,44.1342,3.57493,40.5125,0.84672,12.849,0.84672,3695.15,0,36.966,0.42336,0.528595,1.80643,4.53468,0.816518,5.62983,0.42336,36.966,0.42336,423.524,0,0.955947,0,0,1.48454,0.528595,1.028160,1,0,46.1423,0,0,0,46.1423,0
72.29,2.04513,0,0,3.68679,0.335338,0.983577,3.6288,54.3869,0.623707,0,0,1.15811,0.150312,0,0.66528,12.849,1,0.365136,0.983577,0,87.5343,3.57493,84.5778,0.84672,12.849,0.84672,3695.15,0,36.966,0.42336,1.72198,1.89643,8.06647,0.816518,10.445,0.42336,36.966,0.42336,423.524,0,1.02816,0,0,2.75014,1.72198,1.028160,1,0,95.0228,0,0,0,95.0228,0
71.7493,2.26952,0,0,2.39166,0.299957,0.36288,3.6288,54.0898,0.743584,0,0,0.629541,0.183026,0,0.66528,12.849,1,0.403389,0.36288,0,53.3873,3.95886,49.388,0.84672,12.849,0.84672,3695.15,0,36.966,0.42336,0.528595,1.80725,4.37881,0.950816,5.34049,0.42336,36.966,0.42336,423.524,0,0.949856,0,0,1.47845,0.528595,1.028160,1,0,54.7285,0,0,0,54.7285,0
71.1688,2.01214,0,0,2.0788,0.284304,0.36288,3.6288,53.9067,0.599641,0,0,0.61213,0.195574,0,0.66528,12.849,1,0.360338,0.36288,0,44.6411,4.11243,40.5312,0.84672,12.849,0.84672,3695.15,0,36.966,0.42336,0.578163,1.88859,5.14505,1.00454,6.18391,0.42336,36.966,0.42336,423.524,0,1.02816,0,0,1.60632,0.578163,1.028160,1,0,46.7151,0,0,0,46.7151,0
71.2522,2.01019,0,0,2.7395,0.283047,0.36288,3.6288,53.7949,0.600011,0,0,0.683497,0.195337,0,0.66528,12.849,1,0.362925,0.36288,0,49.2792,4.11243,45.1667,0.84672,12.849,0.84672,3695.15,0,36.966,0.42336,0.668788,1.78158,4.47704,1.00454,5.49951,0.42336,36.966,0.42336,423.524,0,1.02816,0,0,1.69695,0.668788,1.028160,1,0,50.6662,0,0,0,50.6662,0
71.0954,2.01109,0,0,2.47027,0.253023,0.36288,3.6288,53.6588,0.600382,0,0,0.666323,0.201984,0,0.66528,12.849,1,0.362663,0.36288,0,53.5529,4.32915,49.2239,0.84672,12.849,0.84672,3695.15,0,36.966,0.42336,0.618227,1.78199,4.21955,0.964417,5.23199,0.42336,36.966,0.42336,423.524,0,1.02816,0,0,1.64639,0.618227,1.028160,1,0,54.4559,0,0,0,54.4559,0
70.3737,2.12336,0,0,1.99134,0.226854,0.36288,3.6288,53.4019,0.66528,0,0,0.61796,0.209639,0,0.66528,12.849,1,0.383752,0.36288,0,41.3339,4.56225,36.7508,0.84672,12.849,0.84672,3695.15,0,36.966,0.42336,0.524517,1.78239,3.87971,0.976488,4.78677,0.42336,36.966,0.42336,423.524,0,1.02816,0,0,1.55268,0.524517,1.028160,1,0,41.5376,0,0,0,41.5376,0
69.9727,2.12059,0,0,2.3,0.217547,0.36288,3.6288,53.1648,0.66528,0,0,0.64438,0.216141,0,0.66528,12.849,1,0.387183,0.36288,0,39.7368,4.73865,34.9739,0.84672,12.849,0.84672,3695.15,0,36.966,0.42336,0.587589,1.85752,3.69066,1.08189,4.63052,0.42336,36.966,0.42336,423.524,0,1.02816,0,0,1.61575,0.587589,1.028160,1,0,39.6044,0,0,0,39.6044,0
69.021,2.38606,0,0,2.00707,0.209803,0.36288,3.6288,52.8783,0.66528,0,0,0.598939,0.220207,0,0.66528,12.849,1,0.438149,0.36288,0,35.5164,4.7922,30.649,0.84672,12.849,0.84672,3695.15,0,36.966,0.42336,0.480902,1.85765,3.56961,1.09557,4.38922,0.42336,36.966,0.42336,423.524,0,1.02816,0,0,1.50906,0.480902,1.028160,1,0,35.0382,0,0,0,35.0382,0
68.0006,2.38159,0,0,1.89017,0.166144,0.36288,3.6288,52.5405,0.66528,0,0,0.573989,0.24649,0,0.66528,12.849,1,0.443358,0.36288,0,31.8482,5.1135,26.6543,0.84672,12.849,0.84672,3695.15,0,36.966,0.42336,0.412465,1.91695,3.37599,1.17766,4.10438,0.42336,36.966,0.42336,423.524,0,1.02816,0,0,1.44062,0.412465,1.028160,1,0,30.7587,0,0,0,30.7587,0
66.8845,2.37661,0,0,1.78821,0.164825,0.36288,3.6288,52.1741,0.66528,0,0,0.544717,0.245823,0,0.66528,12.849,1,0.449072,0.36288,0,31.9511,5.1135,26.7514,0.84672,12.849,0.84672,3695.15,0,36.966,0.42336,0.302858,1.91708,3.59336,1.17766,4.21228,0.42336,36.966,0.42336,423.524,0,1.02816,0,0,1.33102,0.302858,1.028160,1,0,30.9637,0,0,0,30.9637,0
66.1329,2.34653,0,0,2.10527,0.1474,0.36288,3.6288,51.9986,0.66528,0,0,0.751585,0.261821,0,0.66528,12.849,1,0.450786,0.36288,0,37.4859,5.32574,32.0723,0.84672,12.849,0.84672,3695.15,0,36.966,0.42336,0.381853,1.91722,3.32511,1.23181,3.96902,0.42336,36.966,0.42336,423.524,0,1.02816,0,0,1.41001,0.381853,1.028160,1,0,36.0413,0,0,0,36.0413,0
65.2939,2.34286,0,0,1.98902,0.122319,0.36288,3.6288,51.7462,0.66528,0,0,0.707556,0.294656,0,0.66528,12.849,1,0.455195,0.36288,0,35.6539,5.36372,30.1979,0.84672,12.849,0.84672,3695.15,0,36.966,0.42336,0.334748,1.91191,3.40398,1.34897,3.8783,0.42336,36.966,0.42336,423.524,0,1.02816,0,0,1.36291,0.334748,1.028160,1,0,34.0762,0,0,0,34.0762,0
64.3635,2.33858,0,0,1.89262,0.121502,0.36288,3.6288,51.4451,0.66528,0,0,0.658213,0.294057,0,0.66528,12.849,1,0.460203,0.36288,0,32.3201,5.36372,26.859,0.84672,12.849,0.84672,3695.15,0,36.966,0.42336,0.285336,1.91204,3.24119,1.34897,3.66624,0.42336,36.966,0.42336,423.524,0,1.02816,0,0,1.3135,0.285336,1.028160,1,0,30.5253,0,0,0,30.5253,0
63.2934,2.33365,0,0,1.74694,0.120596,0.36288,3.6288,51.0338,0.706579,0,0,0.58861,0.293341,0,0.66528,12.849,1,0.465869,0.36288,0,30.5844,5.36372,25.1177,0.84672,12.849,0.84672,3695.15,0,36.966,0.42336,0.261274,1.91218,3.03173,1.34897,3.43286,0.42336,36.966,0.42336,423.524,0,0.986861,0,0,1.24813,0.261274,1.028160,1,0,28.5505,0,0,0,28.5505,0
62.0557,2.39024,0,0,1.62441,0.108976,0.36288,3.6288,50.32,0.901722,0,0,0.484453,0.296572,0,0.66528,12.849,1,0.485236,0.36288,0,26.1999,5.53969,20.5378,0.84672,12.849,0.84672,3695.15,0,36.966,0.42336,0.261274,1.91232,2.71997,1.41069,3.05951,0.42336,36.966,0.42336,423.524,0,0.791718,0,0,1.05299,0.261274,1.028160,1,0,23.5973,0,0,0,23.5973,0
60.8204,2.38285,0,0,1.61053,0.100024,0.36288,3.6288,49.6165,0.842616,0,0,0.437117,0.297989,0,0.66528,12.849,1,0.493383,0.36288,0,33.0686,5.67168,27.2664,0.84672,12.849,0.84672,3695.15,0,36.966,0.42336,0.261274,1.92655,2.85611,1.45697,3.1636,0.42336,36.966,0.42336,423.524,0,0.850824,0,0,1.1121,0.261274,1.028160,1,0,30.43,0,0,0,30.43,0
59.4854,2.37519,0,0,1.50206,0.0990075,0.36288,3.6288,48.8843,0.823064,0,0,0.387171,0.296276,0,0.66528,12.849,1,0.501786,0.36288,0,26.1605,5.67168,20.3499,0.84672,12.849,0.84672,3695.15,0,36.966,0.42336,0.227405,1.92669,2.60696,1.45697,2.88072,0.42336,36.966,0.42336,423.524,0,0.870376,0,0,1.09778,0.227405,1.028160,1,0,23.2306,0,0,0,23.2306,0
58.0244,2.36655,0,0,1.36627,0.0978123,0.36288,3.6288,47.9586,0.99487,0,0,0.363674,0.294492,0,0.66528,12.849,1,0.51118,0.36288,0,24.0553,5.67168,18.2353,0.84672,12.849,0.84672,3695.15,0,36.966,0.42336,0.227405,1.92684,2.38594,1.45697,2.65984,0.42336,36.966,0.42336,423.524,0,0.69857,0,0,0.925975,0.227405,1.028160,1,0,20.8952,0,0,0,20.8952,0
56.5966,2.53716,0,0,1.56043,0.0882752,0.36288,3.6288,47.4571,0.66528,0,0,0.450565,0.286805,0,0.66528,12.849,1,0.561832,0.36288,0,26.1226,5.71773,20.2059,0.84672,12.849,0.84672,3695.15,0,36.966,0.42336,0.247156,1.92698,3.49275,1.47728,3.76624,0.42336,36.966,0.42336,423.524,0,1.02816,0,0,1.27532,0.247156,1.028160,1,0,23.9722,0,0,0,23.9722,0
55.236,2.52626,0,0,1.61317,0.0845937,0.36288,3.6288,46.9532,0.713733,0,0,0.47441,0.264546,0,0.66528,12.849,1,0.573532,0.36288,0,34.4866,5.23709,29.0388,0.84672,12.849,0.84672,3695.15,0,36.966,0.42336,0.227405,1.96844,3.30102,1.41774,3.65577,0.42336,36.966,0.42336,423.524,0,0.979707,0,0,1.20711,0.227405,1.028160,1,0,32.6946,0,0,0,32.6946,0
53.9024,2.51545,0,0,1.62819,0.083456,0.36288,3.6288,46.4934,0.66528,0,0,0.468868,0.26343,0,0.66528,12.849,1,0.585144,0.36288,0,33.909,5.23709,28.4496,0.84672,12.849,0.84672,3695.15,0,36.966,0.42336,0.241315,1.96859,3.55246,1.41774,3.92126,0.42336,36.966,0.42336,423.524,0,1.02816,0,0,1.26948,0.241315,1.028160,1,0,32.3709,0,0,0,32.3709,0
52.9013,2.5044,0,0,1.94852,0.0823408,0.36288,3.6288,46.0593,0.66528,0,0,0.493539,0.26236,0,0.66528,12.849,1,0.596988,0.36288,0,33.1566,5.23709,27.6854,0.84672,12.849,0.84672,3695.15,0,36.966,0.42336,0.256841,1.96874,4.77261,1.41774,5.1571,0.42336,36.966,0.42336,423.524,0,1.02816,0,0,1.285,0.256841,1.028160,1,0,32.8425,0,0,0,32.8425,0
51.411,2.49596,0,0,1.45425,0.085744,0.36288,3.6288,45.542,0.685714,0,0,0.429777,0.261382,0,0.66528,12.849,1,0.606234,0.36288,0,31.5953,5.25928,26.0926,0.84672,12.849,0.84672,3695.15,0,36.966,0.42336,0.204422,1.96889,3.20534,1.41339,3.54191,0.42336,36.966,0.42336,423.524,0,1.00773,0,0,1.21215,0.204422,1.028160,1,0,29.6345,0,0,0,29.6345,0
50.9525,2.39646,0,0,2.41024,0.109366,0.36288,3.6288,45.2201,0.66528,0,0,0.577337,0.233921,0,0.66528,12.849,1,0.598941,0.36288,0,32.2467,4.63916,27.3715,0.84672,12.849,0.84672,3695.15,0,36.966,0.42336,0.573325,1.96904,4.36136,1.31221,5.16815,0.42336,36.966,0.42336,423.524,0,1.02816,0,0,1.60148,0.573325,1.028160,1,0,32.5397,0,0,0,32.5397,0
50.4734,2.39278,0,0,2.38784,0.111247,0.36288,3.6288,45.2222,0.66528,0,0,0.896226,0.228835,0,0.66528,12.849,1,0.603401,0.36288,0,28.4293,4.52655,23.6622,0.84672,12.849,0.84672,3695.15,0,36.966,0.42336,1.74698,1.94903,5.25085,1.29716,7.22634,0.42336,36.966,0.42336,423.524,0,1.02816,0,0,2.77514,1.74698,1.028160,1,0,30.8886,0,0,0,30.8886,0
49.718,2.38883,0,0,2.10693,0.11069,0.36288,3.6288,44.8482,0.66528,0,0,0.520135,0.228839,0,0.66528,12.849,1,0.608123,0.36288,0,29.12,4.52655,24.3482,0.84672,12.849,0.84672,3695.15,0,36.966,0.42336,0.714139,1.94917,4.03313,1.29716,4.97593,0.42336,36.966,0.42336,423.524,0,1.02816,0,0,1.7423,0.714139,1.028160,1,0,29.3241,0,0,0,29.3241,0
48.6042,2.3821,0,0,1.74106,0.10981,0.36288,3.6288,44.4131,0.66528,0,0,0.458228,0.228041,0,0.66528,12.849,1,0.615625,0.36288,0,26.8865,4.52655,22.1072,0.84672,12.849,0.84672,3695.15,0,36.966,0.42336,0.521061,1.94932,3.73502,1.29716,4.48488,0.42336,36.966,0.42336,423.524,0,1.02816,0,0,1.54922,0.521061,1.028160,1,0,26.5921,0,0,0,26.5921,0
49.5548,2.30165,0,0,3.77649,0.161409,0.36288,3.6288,44.5747,0.66528,0,0,1.00548,0.178597,0,0.66528,12.849,1,0.608463,0.36288,0,55.0563,3.89066,50.9201,0.84672,12.849,0.84672,3695.15,0,36.966,0.42336,1.48129,1.94946,6.59193,1.03713,8.5622,0.42336,36.966,0.42336,423.524,0,1.02816,0,0,2.50945,1.48129,1.028160,1,0,59.4823,0,0,0,59.4823,0
53.5881,2.31152,0,0,6.86732,0.159612,0.36288,3.6288,45.6226,0.66528,0,0,1.88956,0.176426,0,0.66528,12.849,1,0.59935,0.36288,0,95.2646,4.01174,91.0164,0.84672,12.849,0.84672,3695.15,0,36.966,0.42336,3.20609,1.93304,10.825,0.993287,14.5475,0.42336,36.966,0.42336,423.524,0,1.02816,0,0,4.23425,3.20609,1.028160,1,0,105.564,0,0,0,105.564,0
58.4197,2.34851,0,0,7.70944,0.166451,0.36288,3.6288,47.0751,0.66528,0,0,2.29598,0.178163,0,0.66528,12.849,1,0.563111,0.36288,0,150.262,4.01174,146.05,0.84672,12.849,0.84672,3695.15,0,36.966,0.42336,4.02002,1.93319,12.8236,0.993287,17.3601,0.42336,36.966,0.42336,423.524,0,1.02816,0,0,5.04818,4.02002,1.028160,1,0,163.41,0,0,0,163.41,0
62.2502,2.38731,0,0,6.79823,0.217572,0.36288,3.6288,48.1915,0.66528,0,0,1.98736,0.205685,0,0.66528,12.849,1,0.525072,0.36288,0,125.535,4.36126,121.011,0.84672,12.849,0.84672,3695.15,0,36.966,0.42336,3.17633,1.93333,11.1731,1.07297,14.7864,0.42336,36.966,0.42336,423.524,0,1.02816,0,0,4.20449,3.17633,1.028160,1,0,135.798,0,0,0,135.798,0
66.7202,2.20643,0,0,7.29804,0.258658,0.36288,3.6288,49.6151,0.66528,0,0,2.28441,0.195503,0,0.66528,12.849,1,0.455428,0.36288,0,141.356,4.26394,137,0.84672,12.849,0.84672,3695.15,0,36.966,0.42336,3.48848,1.93347,13.164,1.04008,17.1225,0.42336,36.966,0.42336,423.524,0,1.02816,0,0,4.51664,3.48848,1.028160,1,0,154.122,0,0,0,154.122,0
72.29,2.2326,0,0,9.08703,0.266232,1.01843,3.6288,52.1916,0.66528,0,0,3.42044,0.178741,0,0.66528,12.849,1,0.429956,1.01843,0,136.523,4.02612,133.086,0.84672,12.849,0.84672,3695.15,0,36.966,0.42336,3.97799,1.88652,12.4925,1.01584,16.9178,0.42336,36.966,0.42336,423.524,0,1.02816,0,0,5.00615,3.97799,1.028160,1,0,150.003,0,0,0,150.003,0
72.29,2.26133,0,0,8.92572,0.27798,6.38642,3.6288,54.3629,0.66528,0,0,3.0191,0.182527,0,0.66528,12.849,1,0.401934,6.38642,0,116.841,4.02612,118.8,0.84672,12.849,0.84672,3695.15,0,36.966,0.42336,3.50756,1.88665,11.0487,1.01584,15.0037,0.42336,36.966,0.42336,423.524,0,1.02816,0,0,4.53572,3.50756,1.028160,1,0,133.803,0,0,0,133.803,0
72.29,2.26192,0,0,9.39686,0.27798,6.85696,3.6288,57.736,0.66528,0,0,4.22404,0.185589,0,0.66528,12.849,1,0.402039,6.85696,0,136.325,4.02612,138.754,0.84672,12.849,0.84672,3695.15,0,36.966,0.42336,4.89471,1.88678,13.9875,1.01584,19.3298,0.42336,36.966,0.42336,423.524,0,1.02816,0,0,5.92287,4.89471,1.028160,1,0,158.084,0,0,0,158.084,0
72.29,2.26252,0,0,7.0416,0.279965,4.49912,3.6288,59.8744,0.66528,0,0,3.01693,0.213288,0,0.66528,12.849,1,0.402145,4.49912,0,126.281,4.38743,125.991,0.84672,12.849,0.84672,3695.15,0,36.966,0.42336,3.45197,1.88692,10.7038,1.15834,14.461,0.42336,36.966,0.42336,423.524,0,1.02816,0,0,4.48013,3.45197,1.028160,1,0,140.452,0,0,0,140.452,0
72.29,2.34525,0,0,7.3727,0.283226,4.74423,3.6288,60.8999,0.66528,0,0,1.90811,0.217314,0,0.66528,12.849,1,0.41685,4.74423,0,183.443,4.50077,183.269,0.84672,12.849,0.84672,3695.15,0,36.966,0.42336,3.1958,1.88705,12.3898,1.33942,15.7099,0.42336,36.966,0.42336,423.524,0,1.02816,0,0,4.22396,3.1958,1.028160,1,0,198.979,0,0,0,198.979,0
72.29,2.34583,0,0,8.22044,0.283472,5.59114,3.6288,61.308,0.66528,0,0,2.52426,0.206347,1.24454,0.66528,12.849,1,0.416954,5.59114,0,218.125,4.35341,218.946,0.84672,12.849,0.84672,3695.15,0,36.966,0.42336,5.15333,1.90531,18.5271,1.33585,23.8265,0.42336,36.966,0.42336,423.524,0,1.02816,0,0,6.18149,5.15333,1.028160,1,0,244.017,0,0,0,244.017,0
72.29,2.34641,0,0,11.8551,0.283472,9.22523,3.6288,61.308,0.66528,0,0,3.4372,0.20688,2.56504,0.66528,12.849,1,0.417057,9.22523,0,242.786,4.35341,247.24,0.84672,12.849,0.84672,3695.15,0,36.966,0.42336,6.27886,1.90544,20.8885,1.33585,27.3136,0.42336,36.966,0.42336,423.524,0,1.02816,0,0,7.30702,6.27886,1.028160,1,0,277.119,0,0,0,277.119,0
72.29,2.347,0,0,10.972,0.266604,8.35842,3.6288,61.308,0.66528,0,0,3.60507,0.206557,2.73324,0.66528,12.849,1,0.417161,8.35842,0,399.968,4.22577,403.684,0.84672,12.849,0.84672,3695.15,0,36.966,0.42336,6.70239,1.90556,24.451,1.21854,31.4171,0.42336,36.966,0.42336,423.524,0,1.02816,0,0,7.73055,6.70239,1.028160,1,0,437.834,0,0,0,437.834,0
72.29,2.61162,0,0,7.56259,0.299089,4.65189,3.6288,61.308,0.66528,0,0,3.46364,0.199638,2.59872,0.66528,12.849,1,0.464195,4.65189,0,345.717,3.53817,346.366,0.84672,12.849,0.84672,3695.15,0,36.966,0.42336,6.55966,1.90569,19.036,1.03511,26.0429,0.42336,36.966,0.42336,423.524,0,1.02816,0,0,7.58782,6.55966,1.028160,1,0,375.008,0,0,0,375.008,0
72.29,2.61226,0,0,20.1962,0.299219,17.2847,3.6288,61.308,0.66528,0,0,8.32904,0.15392,7.50984,0.66528,12.849,1,0.464309,17.2847,0,380.128,3.52202,393.426,0.84672,12.849,0.84672,3695.15,0,36.966,0.42336,11.9902,1.9641,49.0674,1.0454,61.553,0.42336,36.966,0.42336,423.524,0,1.02816,0,0,13.0184,11.9902,1.028160,1,0,462.489,0,0,0,462.489,0
72.29,2.6129,0,0,7.99874,0.299219,5.08662,3.6288,61.308,0.66528,0,0,4.00096,0.15392,3.18176,0.66528,12.849,1,0.464423,5.08662,0,447.36,3.52202,448.46,0.84672,12.849,0.84672,3695.15,0,36.966,0.42336,5.90198,1.96424,21.4571,1.0454,27.8546,0.42336,36.966,0.42336,423.524,0,1.02816,0,0,6.93014,5.90198,1.028160,1,0,479.497,0,0,0,479.497,0
72.29,2.61354,0,0,6.14815,0.305727,3.22888,3.6288,61.308,0.66528,0,0,3.35545,0.20214,2.48803,0.66528,12.849,1,0.464536,3.22888,0,235.157,4.09968,233.822,0.84672,12.849,0.84672,3695.15,0,36.966,0.42336,5.07852,1.96438,17.9166,1.14525,23.3909,0.42336,36.966,0.42336,423.524,0,1.02816,0,0,6.10668,5.07852,1.028160,1,0,259.701,0,0,0,259.701,0
72.29,2.23725,0,0,6.07716,0.316041,3.52387,3.6288,61.308,0.66528,0,0,5.50206,0.229811,4.60697,0.66528,12.849,1,0.397654,3.52387,0,214.068,4.28535,212.909,0.84672,12.849,0.84672,3695.15,0,36.966,0.42336,6.51625,1.96452,21.6272,1.06269,28.6219,0.42336,36.966,0.42336,423.524,0,1.02816,0,0,7.54441,6.51625,1.028160,1,0,246.138,0,0,0,246.138,0
72.29,2.23781,0,0,5.64516,0.304202,3.10315,3.6288,61.308,0.66528,0,0,2.51675,0.195885,1.65559,0.66528,12.849,1,0.397753,3.10315,0,134.119,3.76488,133.059,0.84672,12.849,0.84672,3695.15,0,36.966,0.42336,3.02458,1.88147,9.90084,0.799727,13.5838,0.42336,36.966,0.42336,423.524,0,1.02816,0,0,4.05274,3.02458,1.028160,1,0,148.299,0,0,0,148.299,0
72.29,2.23837,0,0,6.57226,0.304202,4.02969,3.6288,61.308,0.66528,0,0,2.56869,0.195885,1.70752,0.66528,12.849,1,0.397853,4.02969,0,150.65,3.76488,150.517,0.84672,12.849,0.84672,3695.15,0,36.966,0.42336,3.5614,1.88159,12.0215,0.799727,16.2414,0.42336,36.966,0.42336,423.524,0,1.02816,0,0,4.58956,3.5614,1.028160,1,0,168.466,0,0,0,168.466,0
72.29,2.23893,0,0,7.46562,0.303519,4.92317,3.6288,61.308,0.66528,0,0,2.73128,0.190157,1.87584,0.66528,12.849,1,0.397952,4.92317,0,178.985,3.67522,179.835,0.84672,12.849,0.84672,3695.15,0,36.966,0.42336,3.67204,1.88172,12.0418,0.784372,16.3879,0.42336,36.966,0.42336,423.524,0,1.02816,0,0,4.7002,3.67204,1.028160,1,0,198.098,0,0,0,198.098,0
72.29,2.23948,0,0,10.6699,0.304761,8.12564,3.6288,61.308,0.66528,0,0,3.49064,0.205133,2.62023,0.66528,12.849,1,0.398051,8.12564,0,283.789,4.18616,287.33,0.84672,12.849,0.84672,3695.15,0,36.966,0.42336,4.31431,1.88184,19.3462,0.920983,24.198,0.42336,36.966,0.42336,423.524,0,1.02816,0,0,5.34247,4.31431,1.028160,1,0,314.148,0,0,0,314.148,0
72.29,2.33502,0,0,9.89712,0.307324,7.25477,3.6288,61.308,0.66528,0,0,6.69298,0.196888,5.83082,0.66528,12.849,1,0.415033,7.25477,0,241.97,4.31173,244.498,0.84672,12.849,0.84672,3695.15,0,36.966,0.42336,6.37166,1.88196,19.492,0.845318,26.477,0.42336,36.966,0.42336,423.524,0,1.02816,0,0,7.39982,6.37166,1.028160,1,0,276.806,0,0,0,276.806,0
72.29,2.3356,0,0,8.31764,0.307602,5.67444,3.6288,61.308,0.66528,0,0,6.46315,0.194144,5.60373,0.66528,12.849,1,0.415136,5.67444,0,261.967,4.30353,262.923,0.84672,12.849,0.84672,3695.15,0,36.966,0.42336,6.81661,1.90305,18.7409,0.826353,26.2108,0.42336,36.966,0.42336,423.524,0,1.02816,0,0,7.84477,6.81661,1.028160,1,0,294.738,0,0,0,294.738,0
72.29,2.33618,0,0,7.898,0.280818,5.281,3.6288,61.308,0.66528,0,0,3.01753,0.208417,2.14383,0.66528,12.849,1,0.415239,5.281,0,197.7,4.47804,198.088,0.84672,12.849,0.84672,3695.15,0,36.966,0.42336,3.53394,1.90318,15.4923,0.860704,19.6454,0.42336,36.966,0.42336,423.524,0,1.02816,0,0,4.5621,3.53394,1.028160,1,0,219.877,0,0,0,219.877,0
72.29,2.0746,0,0,7.97126,0.260309,5.63635,3.6288,61.308,0.642991,0,0,3.22663,0.202148,2.38149,0.66528,12.849,1,0.368745,5.63635,0,210.664,4.181,211.751,0.84672,12.849,0.84672,3695.15,0,36.966,0.42336,4.02454,1.90331,15.8801,0.917548,20.467,0.42336,36.966,0.42336,423.524,0,1.02816,0,0,5.0527,4.02454,1.028160,1,0,234.599,0,0,0,234.599,0
72.29,2.04157,0,0,5.85467,0.244187,3.56891,3.6288,61.308,0.618249,0,0,2.51199,0.207509,1.68624,0.66528,12.849,1,0.362874,3.56891,0,156.388,4.18815,155.406,0.84672,12.849,0.84672,3695.15,0,36.966,0.42336,3.00111,1.82835,10.4473,0.94662,13.9068,0.42336,36.966,0.42336,423.524,0,1.02816,0,0,4.02927,3.00111,1.028160,1,0,170.999,0,0,0,170.999,0
72.29,2.30075,0,0,5.82209,0.240739,3.28061,3.6288,61.308,0.66528,0,0,2.76034,0.220576,1.87449,0.66528,12.849,1,0.40894,3.28061,0,131.765,4.26594,130.371,0.84672,12.849,0.84672,3695.15,0,36.966,0.42336,3.38828,1.80195,11.6296,0.959487,15.437,0.42336,36.966,0.42336,423.524,0,1.02816,0,0,4.41644,3.38828,1.028160,1,0,147.682,0,0,0,147.682,0
72.29,2.30132,0,0,6.06552,0.240739,3.52346,3.6288,61.308,0.66528,0,0,3.05767,0.220576,2.17181,0.66528,12.849,1,0.409042,3.52346,0,160.432,4.26594,159.28,0.84672,12.849,0.84672,3695.15,0,36.966,0.42336,3.75944,1.89548,11.5272,0.959487,15.7993,0.42336,36.966,0.42336,423.524,0,1.02816,0,0,4.7876,3.75944,1.028160,1,0,177.251,0,0,0,177.251,0
72.29,2.30189,0,0,4.82992,0.194741,2.33329,3.6288,61.308,0.66528,0,0,2.7425,0.190735,1.88648,0.66528,12.849,1,0.409144,2.33329,0,124.142,4.25397,121.812,0.84672,12.849,0.84672,3695.15,0,36.966,0.42336,3.29146,1.89561,9.47609,1.0753,13.1645,0.42336,36.966,0.42336,423.524,0,1.02816,0,0,4.31962,3.29146,1.028160,1,0,136.863,0,0,0,136.863,0
72.29,2.42874,0,0,4.5272,0.182166,1.9163,3.6288,61.308,0.66528,0,0,2.5442,0.195442,1.68348,0.66528,12.849,1,0.431689,1.9163,0,115.142,4.34547,112.281,0.84672,12.849,0.84672,3695.15,0,36.966,0.42336,2.8396,1.89574,8.65944,1.0966,11.8748,0.42336,36.966,0.42336,423.524,0,1.02816,0,0,3.86776,2.8396,1.028160,1,0,125.839,0,0,0,125.839,0
72.29,2.42934,0,0,4.45174,0.152716,1.86969,3.6288,61.308,0.66528,0,0,2.08346,0.25352,1.16466,0.66528,12.849,1,0.431796,1.86969,0,109.992,4.90644,106.523,0.84672,12.849,0.84672,3695.15,0,36.966,0.42336,2.2146,1.92373,8.54228,1.10857,11.1487,0.42336,36.966,0.42336,423.524,0,1.02816,0,0,3.24276,2.2146,1.028160,1,0,118.836,0,0,0,118.836,0
72.29,2.42994,0,0,4.17419,0.152716,1.59154,3.6288,61.308,0.66528,0,0,2.02878,0.25352,1.10998,0.66528,12.849,1,0.431903,1.59154,0,98.6939,4.90644,94.9471,0.84672,12.849,0.84672,3695.15,0,36.966,0.42336,2.32877,1.92387,7.83613,1.10857,10.5568,0.42336,36.966,0.42336,423.524,0,1.02816,0,0,3.35693,2.32877,1.028160,1,0,106.614,0,0,0,106.614,0
72.29,2.43053,0,0,4.00646,0.152716,1.42321,3.6288,61.308,0.66528,0,0,1.99438,0.25352,1.07558,0.66528,12.849,1,0.432009,1.42321,0,86.9599,4.90644,83.0446,0.84672,12.849,0.84672,3695.15,0,36.966,0.42336,2.43035,1.924,7.2671,1.10857,10.0895,0.42336,36.966,0.42336,423.524,0,1.02816,0,0,3.45851,2.43035,1.028160,1,0,94.2097,0,0,0,94.2097,0
72.29,2.43113,0,0,3.78124,0.135789,1.21431,3.6288,61.308,0.66528,0,0,1.82595,0.277099,0.883573,0.66528,12.849,1,0.432116,1.21431,0,83.0788,4.93176,78.9292,0.84672,12.849,0.84672,3695.15,0,36.966,0.42336,2.27129,1.92413,6.89999,1.18668,9.48537,0.42336,36.966,0.42336,423.524,0,1.02816,0,0,3.29945,2.27129,1.028160,1,0,89.2982,0,0,0,89.2982,0
72.29,2.40674,0,0,4.14616,0.103751,1.63568,3.6288,61.308,0.66528,0,0,1.75306,0.280914,0.806862,0.66528,12.849,1,0.427779,1.63568,0,59.2906,5.15496,55.3436,0.84672,12.849,0.84672,3695.15,0,36.966,0.42336,2.66632,1.92426,8.70307,1.29529,11.575,0.42336,36.966,0.42336,423.524,0,1.02816,0,0,3.69448,2.66632,1.028160,1,0,67.7254,0,0,0,67.7254,0
72.29,2.40733,0,0,3.82279,0.100528,1.31493,3.6288,61.308,0.66528,0,0,1.56978,0.278602,0.625893,0.66528,12.849,1,0.427885,1.31493,0,73.3215,5.18899,69.0195,0.84672,12.849,0.84672,3695.15,0,36.966,0.42336,2.66628,1.91888,9.87405,1.30362,12.7322,0.42336,36.966,0.42336,423.524,0,1.02816,0,0,3.69444,2.66628,1.028160,1,0,82.3776,0,0,0,82.3776,0
72.29,2.40792,0,0,3.40373,0.100528,0.895276,3.6288,61.308,0.66528,0,0,1.41614,0.278602,0.472257,0.66528,12.849,1,0.42799,0.895276,0,75.1654,5.18899,70.4437,0.84672,12.849,0.84672,3695.15,0,36.966,0.42336,2.42618,1.91901,9.85962,1.30362,12.4778,0.42336,36.966,0.42336,423.524,0,1.02816,0,0,3.45434,2.42618,1.028160,1,0,83.3938,0,0,0,83.3938,0
72.29,2.40852,0,0,3.1849,0.100528,0.675857,3.6288,61.308,0.66528,0,0,1.35208,0.278602,0.4082,0.66528,12.849,1,0.428096,0.675857,0,70.1637,5.18899,65.2225,0.84672,12.849,0.84672,3695.15,0,36.966,0.42336,2.34773,1.91914,9.40637,1.30362,11.9463,0.42336,36.966,0.42336,423.524,0,1.02816,0,0,3.37589,2.34773,1.028160,1,0,77.5769,0,0,0,77.5769,0
72.29,2.47373,0,0,2.99436,0.0859992,0.434631,3.6288,61.308,0.66528,0,0,1.27857,0.296419,0.316874,0.66528,12.849,1,0.439686,0.434631,0,57.9311,5.4311,52.495,0.84672,12.849,0.84672,3695.15,0,36.966,0.42336,1.92065,1.91927,8.00643,1.40516,10.0178,0.42336,36.966,0.42336,423.524,0,1.02816,0,0,2.94881,1.92065,1.028160,1,0,62.8297,0,0,0,62.8297,0
72.2846,2.47434,0,0,2.90964,0.0777912,0.36288,3.6288,61.308,0.66528,0,0,1.20064,0.30204,0.23332,0.66528,12.849,1,0.439794,0.36288,0,64.1369,5.50053,58.5594,0.84672,12.849,0.84672,3695.15,0,36.966,0.42336,2.01087,1.93366,7.20844,1.4548,9.27482,0.42336,36.966,0.42336,423.524,0,1.02816,0,0,3.03903,2.01087,1.028160,1,0,68.0676,0,0,0,68.0676,0
72.0827,2.47492,0,0,2.71368,0.077788,0.36288,3.6288,61.308,0.66528,0,0,1.06344,0.30204,0.0961169,0.66528,12.849,1,0.43993,0.36288,0,50.7385,5.50053,45.1609,0.84672,12.849,0.84672,3695.15,0,36.966,0.42336,1.97173,1.9338,6.57979,1.4548,8.60716,0.42336,36.966,0.42336,423.524,0,1.02816,0,0,2.99989,1.97173,1.028160,1,0,53.8642,0,0,0,53.8642,0
71.636,2.47448,0,0,2.46834,0.0776688,0.36288,3.6288,61.308,0.66528,0,0,0.998888,0.30204,0.0315675,0.66528,12.849,1,0.441085,0.36288,0,46.6557,5.50053,41.0769,0.84672,12.849,0.84672,3695.15,0,36.966,0.42336,1.50225,1.93393,6.02191,1.4548,7.57993,0.42336,36.966,0.42336,423.524,0,1.02816,0,0,2.53041,1.50225,1.028160,1,0,48.6884,0,0,0,48.6884,0
71.3366,2.66187,0,0,2.79268,0.0674216,0.36288,3.6288,61.308,0.66528,0,0,1.21445,0.295849,0.253318,0.66528,12.849,1,0.477447,0.36288,0,47.9797,5.64202,42.2231,0.84672,12.849,0.84672,3695.15,0,36.966,0.42336,2.3944,1.93407,8.82827,1.49168,11.2417,0.42336,36.966,0.42336,423.524,0,1.02816,0,0,3.42256,2.3944,1.028160,1,0,53.7182,0,0,0,53.7182,0
69.6866,2.66082,0,0,1.44352,0.0697329,0.36288,3.6288,61.1609,0.66528,0,0,0.834097,0.315934,0,0.66528,12.849,1,0.479262,0.36288,0,29.4534,5.55198,23.7851,0.84672,12.849,0.84672,3695.15,0,36.966,0.42336,1.54322,1.976,5.74293,1.46895,7.36984,0.42336,36.966,0.42336,423.524,0,1.02816,0,0,2.57138,1.54322,1.028160,1,0,31.1549,0,0,0,31.1549,0
68.0159,2.65189,0,0,1.41291,0.0688535,0.36288,3.6288,60.9598,0.66528,0,0,0.779872,0.31564,0,0.66528,12.849,1,0.488962,0.36288,0,26.8773,5.55198,21.1992,0.84672,12.849,0.84672,3695.15,0,36.966,0.42336,1.39879,1.97614,5.76412,1.46895,7.24673,0.42336,36.966,0.42336,423.524,0,1.02816,0,0,2.42695,1.39879,1.028160,1,0,28.446,0,0,0,28.446,0
66.9954,2.64243,0,0,2.05273,0.0679631,0.36288,3.6288,60.8754,0.66528,0,0,0.896089,0.315238,0,0.66528,12.849,1,0.499186,0.36288,0,30.6114,5.55198,24.9231,0.84672,12.849,0.84672,3695.15,0,36.966,0.42336,1.83014,1.97628,6.3909,1.46895,8.30501,0.42336,36.966,0.42336,423.524,0,1.02816,0,0,2.8583,1.83014,1.028160,1,0,33.2282,0,0,0,33.2282,0
66.8575,2.63669,0,0,2.95863,0.0968915,0.36288,3.6288,61.0905,0.66528,0,0,1.18611,0.305718,0,0.66528,12.849,1,0.50569,0.36288,0,49.9438,5.42056,44.3804,0.84672,12.849,0.84672,3695.15,0,36.966,0.42336,2.07025,1.97643,7.11493,1.44244,9.29581,0.42336,36.966,0.42336,423.524,0,1.02816,0,0,3.09841,2.07025,1.028160,1,0,53.6762,0,0,0,53.6762,0
66.5563,2.54518,0,0,2.64394,0.037105,0.36288,3.6288,61.2369,0.66528,0,0,1.14037,0.328729,0,0.66528,12.849,1,0.489145,0.36288,0,62.3065,6.07757,56.1027,0.84672,12.849,0.84672,3695.15,0,36.966,0.42336,2.23174,1.97657,7.92787,1.48172,10.2311,0.42336,36.966,0.42336,423.524,0,1.02816,0,0,3.2599,2.23174,1.028160,1,0,66.3338,0,0,0,66.3338,0
66.0559,2.54395,0,0,2.51231,0.105912,0.36288,3.6288,61.308,0.66528,0,0,1.17339,0.275031,0.161955,0.66528,12.849,1,0.491121,0.36288,0,57.3641,4.67384,52.562,0.84672,12.849,0.84672,3695.15,0,36.966,0.42336,2.24612,1.95632,8.30719,1.09357,10.9927,0.42336,36.966,0.42336,423.524,0,1.02816,0,0,3.27428,2.24612,1.028160,1,0,63.7167,0,0,0,63.7167,0
65.8501,2.54146,0,0,2.85963,0.161114,0.36288,3.6288,61.308,0.66528,0,0,1.69681,0.25622,0.77531,0.66528,12.849,1,0.494357,0.36288,0,56.5055,4.1517,52.2223,0.84672,12.849,0.84672,3695.15,0,36.966,0.42336,3.41367,1.95646,11.5919,0.996846,15.5418,0.42336,36.966,0.42336,423.524,0,1.02816,0,0,4.44183,3.41367,1.028160,1,0,68.5394,0,0,0,68.5394,0
65.5077,2.54078,0,0,2.7221,0.16085,0.36288,3.6288,61.308,0.66528,0,0,1.651,0.25622,0.729501,0.66528,12.849,1,0.495771,0.36288,0,71.9279,4.1517,67.6433,0.84672,12.849,0.84672,3695.15,0,36.966,0.42336,3.13711,1.9566,11.4764,0.996846,15.1499,0.42336,36.966,0.42336,423.524,0,1.02816,0,0,4.16527,3.13711,1.028160,1,0,83.5227,0,0,0,83.5227,0
65.7232,2.4645,0,0,3.22094,0.178024,0.36288,3.6288,61.308,0.66528,0,0,2.44749,0.235561,1.54665,0.66528,12.849,1,0.4834,0.36288,0,121.586,4.22145,117.244,0.84672,12.849,0.84672,3695.15,0,36.966,0.42336,4.36202,1.95674,17.3959,1.01511,22.2761,0.42336,36.966,0.42336,423.524,0,1.02816,0,0,5.39018,4.36202,1.028160,1,0,141.067,0,0,0,141.067,0
65.4077,2.46643,0,0,2.7363,0.22244,0.36288,3.6288,61.308,0.66528,0,0,2.01163,0.183914,1.16244,0.66528,12.849,1,0.482192,0.36288,0,104.382,4.39582,99.8673,0.84672,12.849,0.84672,3695.15,0,36.966,0.42336,2.20358,1.94013,14.9813,1.06078,17.6409,0.42336,36.966,0.42336,423.524,0,1.02816,0,0,3.23174,2.20358,1.028160,1,0,118.671,0,0,0,118.671,0
64.2564,2.46509,0,0,1.8985,0.22188,0.36288,3.6288,61.308,0.66528,0,0,1.57321,0.183914,0.724021,0.66528,12.849,1,0.484254,0.36288,0,57.8159,4.39582,53.2987,0.84672,12.849,0.84672,3695.15,0,36.966,0.42336,1.88957,1.94026,9.5053,1.06078,11.851,0.42336,36.966,0.42336,423.524,0,1.02816,0,0,2.91773,1.88957,1.028160,1,0,65.8737,0,0,0,65.8737,0
64.087,2.45847,0,0,2.86902,0.217037,0.36288,3.6288,61.308,0.66528,0,0,2.33099,0.22053,1.44518,0.66528,12.849,1,0.491606,0.36288,0,88.1556,4.37323,83.6537,0.84672,12.849,0.84672,3695.15,0,36.966,0.42336,3.21044,1.9404,11.8597,1.11751,15.4697,0.42336,36.966,0.42336,423.524,0,1.02816,0,0,4.2386,3.21044,1.028160,1,0,100.569,0,0,0,100.569,0
64.5137,2.24631,0,0,3.26468,0.228784,0.36288,3.6288,61.308,0.66528,0,0,2.47208,0.222879,1.58392,0.66528,12.849,1,0.45037,0.36288,0,95.2724,4.14629,91.0386,0.84672,12.849,0.84672,3695.15,0,36.966,0.42336,3.58749,1.94053,18.0167,1.15376,21.9676,0.42336,36.966,0.42336,423.524,0,1.02816,0,0,4.61565,3.58749,1.028160,1,0,114.59,0,0,0,114.59,0
68.0074,2.24935,0,0,6.35378,0.24786,0.36288,3.6288,61.308,0.66528,0,0,5.5772,0.213436,4.69848,0.66528,12.849,1,0.447997,0.36288,0,83.6283,4.10823,79.4349,0.84672,12.849,0.84672,3695.15,0,36.966,0.42336,6.06643,1.89305,27.3334,1.06833,33.8012,0.42336,36.966,0.42336,423.524,0,1.02816,0,0,7.09459,6.06643,1.028160,1,0,117.935,0,0,0,117.935,0
70.131,2.26928,0,0,5.01057,0.254843,0.36288,3.6288,61.308,0.66528,0,0,5.13391,0.213436,4.25519,0.66528,12.849,1,0.428746,0.36288,0,92.6148,4.10823,88.4407,0.84672,12.849,0.84672,3695.15,0,36.966,0.42336,5.57231,1.89317,24.8802,1.06833,30.854,0.42336,36.966,0.42336,423.524,0,1.02816,0,0,6.60047,5.57231,1.028160,1,0,123.55,0,0,0,123.55,0
72.29,2.28081,0,0,5.9117,0.259087,1.21277,3.6288,61.308,0.66528,0,0,6.66402,0.213436,5.78531,0.66528,12.849,1,0.417878,1.21277,0,152.131,4.10823,148.817,0.84672,12.849,0.84672,3695.15,0,36.966,0.42336,6.97238,1.8933,36.7966,1.06833,44.1705,0.42336,36.966,0.42336,423.524,0,1.02816,0,0,8.00054,6.97238,1.028160,1,0,198.773,0,0,0,198.773,0
72.29,2.29198,0,0,4.55688,0.271064,1.99384,3.6288,61.308,0.66528,0,0,2.06287,0.212972,1.18462,0.66528,12.849,1,0.407382,1.99384,0,104.56,4.23311,101.913,0.84672,12.849,0.84672,3695.15,0,36.966,0.42336,2.58129,1.89342,18.6446,1.08337,21.6126,0.42336,36.966,0.42336,423.524,0,1.02816,0,0,3.60945,2.58129,1.028160,1,0,124.71,0,0,0,124.71,0
72.29,2.37561,0,0,3.90633,0.289844,1.24087,3.6288,61.308,0.66528,0,0,1.58147,0.210784,0.705402,0.66528,12.849,1,0.422246,1.24087,0,104.021,4.39867,100.441,0.84672,12.849,0.84672,3695.15,0,36.966,0.42336,2.04004,1.89355,13.8751,1.03433,16.351,0.42336,36.966,0.42336,423.524,0,1.02816,0,0,3.0682,2.04004,1.028160,1,0,117.498,0,0,0,117.498,0
72.29,2.37616,0,0,3.01875,0.269447,0.373135,3.6288,61.308,0.66528,0,0,2.30847,0.211229,1.43196,0.66528,12.849,1,0.422345,0.373135,0,66.1612,3.96092,62.1511,0.84672,12.849,0.84672,3695.15,0,36.966,0.42336,1.73878,1.91201,11.9683,0.929872,14.2659,0.42336,36.966,0.42336,423.524,0,1.02816,0,0,2.76694,1.73878,1.028160,1,0,77.8489,0,0,0,77.8489,0
72.29,2.37672,0,0,3.19358,0.269447,0.54741,3.6288,61.308,0.66528,0,0,3.00308,0.211229,2.12657,0.66528,12.849,1,0.422444,0.54741,0,92.3149,3.96092,88.479,0.84672,12.849,0.84672,3695.15,0,36.966,0.42336,2.1563,1.91213,12.4363,0.929872,15.1515,0.42336,36.966,0.42336,423.524,0,1.02816,0,0,3.18446,2.1563,1.028160,1,0,105.757,0,0,0,105.757,0
71.7838,2.37728,0,0,2.5034,0.269447,0.36288,3.6288,61.308,0.66528,0,0,3.43278,0.211229,2.55627,0.66528,12.849,1,0.422543,0.36288,0,54.4312,3.96092,50.4106,0.84672,12.849,0.84672,3695.15,0,36.966,0.42336,2.76431,1.91225,8.95078,0.929872,12.2741,0.42336,36.966,0.42336,423.524,0,1.02816,0,0,3.79247,2.76431,1.028160,1,0,65.241,0,0,0,65.241,0
70.3181,2.64201,0,0,1.81052,0.271294,0.36288,3.6288,61.308,0.66528,0,0,2.24152,0.210944,1.36529,0.66528,12.849,1,0.472909,0.36288,0,47.6455,3.96309,43.5723,0.84672,12.849,0.84672,3695.15,0,36.966,0.42336,1.46199,1.91238,7.97178,0.940767,9.98202,0.42336,36.966,0.42336,423.524,0,1.02816,0,0,2.49015,1.46199,1.028160,1,0,54.9197,0,0,0,54.9197,0
69.8994,2.63428,0,0,2.86375,0.285359,0.36288,3.6288,61.308,0.66528,0,0,2.38156,0.209232,1.50705,0.66528,12.849,1,0.481354,0.36288,0,78.4469,3.97614,74.3523,0.84672,12.849,0.84672,3695.15,0,36.966,0.42336,1.95339,1.97143,10.2012,1.00614,12.6966,0.42336,36.966,0.42336,423.524,0,1.02816,0,0,2.98155,1.95339,1.028160,1,0,88.5559,0,0,0,88.5559,0
69.5149,2.63245,0,0,2.89529,0.284439,0.36288,3.6288,61.308,0.66528,0,0,2.21257,0.209232,1.33805,0.66528,12.849,1,0.483902,0.36288,0,76.5495,3.97614,72.4524,0.84672,12.849,0.84672,3695.15,0,36.966,0.42336,2.29313,1.97156,7.14925,1.00614,9.98445,0.42336,36.966,0.42336,423.524,0,1.02816,0,0,3.32129,2.29313,1.028160,1,0,83.7749,0,0,0,83.7749,0
68.2319,2.6308,0,0,1.99433,0.283594,0.36288,3.6288,61.308,0.66528,0,0,1.40038,0.209232,0.525868,0.66528,12.849,1,0.486273,0.36288,0,52.7195,3.97614,48.6199,0.84672,12.849,0.84672,3695.15,0,36.966,0.42336,1.33012,1.97169,6.79217,1.00614,8.66449,0.42336,36.966,0.42336,423.524,0,1.02816,0,0,2.35828,1.33012,1.028160,1,0,57.8103,0,0,0,57.8103,0
67.4814,2.24598,0,0,2.107,0.248646,0.36288,3.6288,61.308,0.66528,0,0,1.20147,0.218005,0.318184,0.66528,12.849,1,0.422949,0.36288,0,51.9554,4.01889,47.8765,0.84672,12.849,0.84672,3695.15,0,36.966,0.42336,1.20385,1.97183,6.53652,1.05733,8.23151,0.42336,36.966,0.42336,423.524,0,1.02816,0,0,2.23201,1.20385,1.028160,1,0,56.4262,0,0,0,56.4262,0
69.6886,2.24256,0,0,5.09298,0.280394,0.36288,3.6288,61.308,0.66528,0,0,1.58212,0.20372,0.713122,0.66528,12.849,1,0.427001,0.36288,0,60.6257,3.84279,56.7188,0.84672,12.849,0.84672,3695.15,0,36.966,0.42336,2.63897,1.88785,6.64769,0.903435,9.84771,0.42336,36.966,0.42336,423.524,0,1.02816,0,0,3.66713,2.63897,1.028160,1,0,67.2796,0,0,0,67.2796,0
71.7691,2.25451,0,0,4.98323,0.285267,0.36288,3.6288,61.308,0.66528,0,0,1.96749,0.20372,1.09849,0.66528,12.849,1,0.41568,0.36288,0,78.6293,3.84279,74.7337,0.84672,12.849,0.84672,3695.15,0,36.966,0.42336,3.11991,1.88796,8.05136,0.903435,11.7324,0.42336,36.966,0.42336,423.524,0,1.02816,0,0,4.14807,3.11991,1.028160,1,0,87.5646,0,0,0,87.5646,0
72.29,2.26526,0,0,6.96803,0.289862,3.89205,3.6288,61.308,0.66528,0,0,2.09886,0.20372,1.22986,0.66528,12.849,1,0.405555,3.89205,0,123.81,3.84279,123.454,0.84672,12.849,0.84672,3695.15,0,36.966,0.42336,3.35166,1.88808,10.5384,0.903435,14.4513,0.42336,36.966,0.42336,423.524,0,1.02816,0,0,4.37982,3.35166,1.028160,1,0,139.135,0,0,0,139.135,0
72.29,2.26827,0,0,6.98944,0.287929,4.43324,3.6288,61.308,0.66528,0,0,1.86654,0.220379,0.980883,0.66528,12.849,1,0.403169,4.43324,0,97.1862,4.21302,97.0032,0.84672,12.849,0.84672,3695.15,0,36.966,0.42336,3.45177,1.8882,9.2569,1.00435,13.1691,0.42336,36.966,0.42336,423.524,0,1.02816,0,0,4.47993,3.45177,1.028160,1,0,111.153,0,0,0,111.153,0
72.29,2.36484,0,0,5.35147,0.308962,2.67767,3.6288,61.308,0.66528,0,0,1.72452,0.198431,0.860807,0.66528,12.849,1,0.420332,2.67767,0,77.7686,4.38724,75.6387,0.84672,12.849,0.84672,3695.15,0,36.966,0.42336,2.94154,1.88832,9.91594,1.09155,13.2309,0.42336,36.966,0.42336,423.524,0,1.02816,0,0,3.9697,2.94154,1.028160,1,0,89.7304,0,0,0,89.7304,0
72.29,2.36539,0,0,4.45277,0.320458,1.76692,3.6288,61.308,0.66528,0,0,1.7219,0.172993,0.883627,0.66528,12.849,1,0.42043,1.76692,0,76.7362,4.08671,73.9959,0.84672,12.849,0.84672,3695.15,0,36.966,0.42336,3.18704,1.90963,9.82135,1.02551,13.4691,0.42336,36.966,0.42336,423.524,0,1.02816,0,0,4.2152,3.18704,1.028160,1,0,88.3487,0,0,0,88.3487,0
72.29,2.10095,0,0,4.5991,0.320458,2.17769,3.6288,61.308,0.661078,0,0,1.16945,0.172993,0.335379,0.66528,12.849,1,0.373427,2.17769,0,67.9695,4.08671,65.6871,0.84672,12.849,0.84672,3695.15,0,36.966,0.42336,2.16308,1.90975,6.5318,1.02551,9.15575,0.42336,36.966,0.42336,423.524,0,1.02816,0,0,3.19124,2.16308,1.028160,1,0,75.1782,0,0,0,75.1782,0
72.29,2.10144,0,0,3.75737,0.265602,1.39032,3.6288,61.308,0.661421,0,0,1.07984,0.232197,0.186227,0.66528,12.849,1,0.373516,1.39032,0,58.8095,4.85116,54.9751,0.84672,12.849,0.84672,3695.15,0,36.966,0.42336,2.0641,1.84814,7.84718,1.23937,10.0967,0.42336,36.966,0.42336,423.524,0,1.02816,0,0,3.09226,2.0641,1.028160,1,0,65.258,0,0,0,65.258,0
72.29,2.06802,0,0,3.11363,0.283108,0.762504,3.6288,61.2489,0.636386,0,0,0.81718,0.239867,0,0.66528,12.849,1,0.367575,0.762504,0,41.2501,5.14728,36.4978,0.84672,12.849,0.84672,3695.15,0,36.966,0.42336,1.18427,1.84852,4.82202,1.26181,6.16963,0.42336,36.966,0.42336,423.524,0,1.02816,0,0,2.21243,1.18427,1.028160,1,0,42.6674,0,0,0,42.6674,0
72.29,2.33002,0,0,3.21939,0.296646,0.592729,3.6288,61.1337,0.66528,0,0,0.780071,0.230061,0,0.66528,12.849,1,0.414143,0.592729,0,49.05,5.0109,44.2177,0.84672,12.849,0.84672,3695.15,0,36.966,0.42336,1.10385,1.8218,5.01891,1.20263,6.31856,0.42336,36.966,0.42336,423.524,0,1.02816,0,0,2.13201,1.10385,1.028160,1,0,50.5362,0,0,0,50.5362,0
72.2616,2.33056,0,0,2.90674,0.241662,0.36288,3.6288,61.1058,0.66528,0,0,0.850401,0.212933,0,0.66528,12.849,1,0.41424,0.36288,0,44.4932,4.1076,40.3343,0.84672,12.849,0.84672,3695.15,0,36.966,0.42336,0.838685,1.90195,4.7404,1.09868,5.95899,0.42336,36.966,0.42336,423.524,0,1.02816,0,0,1.86684,0.838685,1.028160,1,0,46.2933,0,0,0,46.2933,0
72.29,2.06937,0,0,2.73026,0.24161,0.390904,3.6288,61.0566,0.6374,0,0,0.801075,0.212896,0,0.66528,12.849,1,0.36796,0.390904,0,37.9171,4.1076,33.8324,0.84672,12.849,0.84672,3695.15,0,36.966,0.42336,0.712238,1.90207,4.32413,1.09868,5.41639,0.42336,36.966,0.42336,423.524,0,1.02816,0,0,1.7404,0.712238,1.028160,1,0,39.2488,0,0,0,39.2488,0
71.8398,2.45931,0,0,2.61363,0.241662,0.36288,3.6288,60.9286,0.66528,0,0,0.750064,0.21283,0,0.66528,12.849,1,0.437125,0.36288,0,35.8078,4.1076,31.6259,0.84672,12.849,0.84672,3695.15,0,36.966,0.42336,0.584556,1.82291,4.31336,1.09868,5.19878,0.42336,36.966,0.42336,423.524,0,1.02816,0,0,1.61272,0.584556,1.028160,1,0,36.8247,0,0,0,36.8247,0
71.4127,2.18369,0,0,2.32863,0.209187,0.36288,3.6288,60.7273,0.66528,0,0,0.69876,0.234713,0,0.66528,12.849,1,0.390566,0.36288,0,35.6421,4.47048,31.1439,0.84672,12.849,0.84672,3695.15,0,36.966,0.42336,0.410365,1.93048,3.36286,1.04689,4.23345,0.42336,36.966,0.42336,423.524,0,1.02816,0,0,1.43853,0.410365,1.028160,1,0,35.3774,0,0,0,35.3774,0
70.5184,2.4559,0,0,2.13308,0.208507,0.36288,3.6288,60.3328,0.79933,0,0,0.63917,0.234414,0,0.66528,12.849,1,0.441881,0.36288,0,31.9811,4.47048,27.4317,0.84672,12.849,0.84672,3695.15,0,36.966,0.42336,0.402797,1.8701,3.21213,1.04689,4.01478,0.42336,36.966,0.42336,423.524,0,0.89411,0,0,1.29691,0.402797,1.028160,1,0,31.4464,0,0,0,31.4464,0
69.5209,2.45173,0,0,1.98155,0.164474,0.36288,3.6288,59.9401,0.742565,0,0,0.611891,0.261983,0,0.66528,12.849,1,0.446725,0.36288,0,28.2964,4.79178,23.4208,0.84672,12.849,0.84672,3695.15,0,36.966,0.42336,0.30119,1.93073,3.06704,1.12899,3.74661,0.42336,36.966,0.42336,423.524,0,0.950875,0,0,1.25207,0.30119,1.028160,1,0,27.1674,0,0,0,27.1674,0
68.4204,2.44689,0,0,1.86542,0.156166,0.36288,3.6288,59.429,0.829492,0,0,0.584408,0.266009,0,0.66528,12.849,1,0.45224,0.36288,0,27.8814,4.84533,22.9467,0.84672,12.849,0.84672,3695.15,0,36.966,0.42336,0.30119,1.93086,3.10664,1.14267,3.77266,0.42336,36.966,0.42336,423.524,0,0.863948,0,0,1.16514,0.30119,1.028160,1,0,26.7193,0,0,0,26.7193,0
66.7505,2.41628,0,0,1.24527,0.135965,0.36288,3.6288,58.4665,1.07535,0,0,0.40088,0.288028,0,0.66528,12.849,1,0.453765,0.36288,0,20.7348,5.46783,15.1761,0.84672,12.849,0.84672,3695.15,0,36.966,0.42336,0.30119,1.93099,2.07222,1.28137,2.59966,0.42336,36.966,0.42336,423.524,0,0.618088,0,0,0.919279,0.30119,1.028160,1,0,17.7757,0,0,0,17.7757,0
64.7971,2.40732,0,0,0.943505,0.126742,0.36288,3.6288,57.3302,1.1772,0,0,0.336222,0.295352,0,0.66528,12.849,1,0.463392,0.36288,0,16.5286,5.71683,10.7112,0.84672,12.849,0.84672,3695.15,0,36.966,0.42336,0.30119,1.92554,1.5937,1.33685,2.06021,0.42336,36.966,0.42336,423.524,0,0.51624,0,0,0.81743,0.30119,1.028160,1,0,12.7715,0,0,0,12.7715,0
62.7958,2.39622,0,0,0.882602,0.124781,0.36288,3.6288,56.1161,1.22933,0,0,0.308393,0.293192,0,0.66528,12.849,1,0.475161,0.36288,0,15.0734,5.71683,9.24432,0.84672,12.849,0.84672,3695.15,0,36.966,0.42336,0.261274,1.92566,1.55301,1.33685,1.97973,0.42336,36.966,0.42336,423.524,0,0.464115,0,0,0.725388,0.261274,1.028160,1,0,11.224,0,0,0,11.224,0
60.7814,2.3842,0,0,0.855464,0.122772,0.36288,3.6288,54.8518,1.27032,0,0,0.296973,0.290883,0,0.66528,12.849,1,0.487845,0.36288,0,13.4367,5.71683,7.59487,0.84672,12.849,0.84672,3695.15,0,36.966,0.42336,0.261274,1.92579,1.53681,1.33685,1.96365,0.42336,36.966,0.42336,423.524,0,0.423118,0,0,0.684392,0.261274,1.028160,1,0,9.55852,0,0,0,9.55852,0
58.6437,2.43491,0,0,0.754008,0.0939834,0.36288,3.6288,53.4549,1.35468,0,0,0.269063,0.311313,0,0.66528,12.849,1,0.514732,0.36288,0,11.8332,5.89914,5.78218,0.84672,12.849,0.84672,3695.15,0,36.966,0.42336,0.261274,1.92591,1.38159,1.46471,1.6807,0.42336,36.966,0.42336,423.524,0,0.338755,0,0,0.600029,0.261274,1.028160,1,0,7.46288,0,0,0,7.46288,0
56.4415,2.42008,0,0,0.672341,0.091565,0.36288,3.6288,52.1106,1.34655,0,0,0.307959,0.305748,0,0.66528,12.849,1,0.530246,0.36288,0,13.1592,5.8234,7.16847,0.84672,12.849,0.84672,3695.15,0,36.966,0.42336,0.261274,1.94045,1.24146,1.4695,1.55033,0.42336,36.966,0.42336,423.524,0,0.346886,0,0,0.60816,0.261274,1.028160,1,0,8.7188,0,0,0,8.7188,0
54.2041,2.40378,0,0,0.618918,0.0896113,0.36288,3.6288,50.7595,1.30967,0,0,0.261078,0.302472,0,0.66528,12.849,1,0.547225,0.36288,0,10.8087,5.8234,4.80098,0.84672,12.849,0.84672,3695.15,0,36.966,0.42336,0.261274,1.94058,1.20037,1.4695,1.50937,0.42336,36.966,0.42336,423.524,0,0.383772,0,0,0.645045,0.261274,1.028160,1,0,6.31034,0,0,0,6.31034,0
51.9342,2.38608,0,0,0.566712,0.0876264,0.36288,3.6288,49.3327,1.36945,0,0,0.241815,0.29918,0,0.66528,12.849,1,0.565615,0.36288,0,10.2737,5.8234,4.24751,0.84672,12.849,0.84672,3695.15,0,36.966,0.42336,0.227405,1.94071,1.05512,1.4695,1.33037,0.42336,36.966,0.42336,423.524,0,0.323989,0,0,0.551394,0.227405,1.028160,1,0,5.57788,0,0,0,5.57788,0
49.5452,2.54754,0,0,0.598759,0.0774135,0.36288,3.6288,48.0506,1.25917,0,0,0.277598,0.300461,0,0.66528,12.849,1,0.630285,0.36288,0,10.076,5.97296,3.83561,0.84672,12.849,0.84672,3695.15,0,36.966,0.42336,0.227405,1.94084,1.3958,1.49938,1.6413,0.42336,36.966,0.42336,423.524,0,0.434267,0,0,0.661672,0.227405,1.028160,1,0,5.47691,0,0,0,5.47691,0
47.0916,2.52399,0,0,0.504977,0.0716949,0.36288,3.6288,46.5097,1.47315,0,0,0.206483,0.274324,0,0.66528,12.2041,1,0.654569,0.36288,0,8.10493,5.67534,3.20544,0.84672,12.2041,0.84672,3694.73,0,36.966,0.42336,0.227405,1.98321,1.13692,1.45684,1.46734,0.42336,36.966,0.42336,423.524,0,0.220293,0,0,0.447698,0.227405,1.028160,1,0,4.67278,0,0,0,4.67278,0
44.6786,2.52493,0,0,0.540554,0.0657293,0.36288,3.6288,45.0743,1.40194,0,0,0.241627,0.275056,0,0.66528,12.6442,1,0.654354,0.36288,0,10.0586,5.69898,3.20544,0.84672,12.6442,0.84672,3695.15,0,36.966,0.42336,0.227405,1.98335,1.17672,1.45936,1.50476,0.42336,36.966,0.42336,423.524,0,0.291504,0,0,0.518909,0.227405,1.028160,1,0,4.7102,0,0,0,4.7102,0
42.2074,2.47857,0,0,0.434259,0.0639812,0.36288,3.6288,43.44,1.53761,0,0,0.174765,0.271415,0,0.66528,12.849,1,0.701443,0.36288,0,9.82886,5.69898,3.58649,0.84672,12.849,0.84672,3695.15,0,36.966,0.42336,0.204422,1.98349,0.944637,1.45936,1.24982,0.42336,36.966,0.42336,423.524,0,0.155829,0,0,0.360252,0.204422,1.028160,1,0,4.83631,0,0,0,4.83631,0
39.8847,2.43843,0,0,0.54082,0.0621911,0.36288,3.6288,42.2551,1.2164,0,0,0.298703,0.267268,0,0.66528,12.5418,1,0.742319,0.36288,0,8.9767,5.69898,3.20544,0.84672,12.5418,0.84672,3695.15,0,36.966,0.42336,0.204422,1.98362,1.46061,1.45936,1.76593,0.42336,36.966,0.42336,423.524,0,0.477035,0,0,0.681458,0.204422,1.028160,1,0,4.97137,0,0,0,4.97137,0
37.9205,2.33671,0,0,0.794873,0.0595603,0.36288,3.6288,41.1057,1.21886,0,0,0.304987,0.23552,0,0.66528,12.849,1,0.734782,0.36288,0,15.4951,5.06769,9.74831,0.84672,12.849,0.84672,3695.15,0,36.966,0.42336,0.204422,1.98376,2.18552,1.28007,2.67027,0.42336,36.966,0.42336,423.524,0,0.474577,0,0,0.678999,0.204422,1.028160,1,0,12.4186,0,0,0,12.4186,0
36.4674,2.29467,0,0,1.25887,0.0543509,0.36288,3.6288,40.3088,0.975085,0,0,0.410377,0.232172,0,0.66528,12.849,1,0.777527,0.36288,0,19.0478,5.24118,13.392,0.84672,12.849,0.84672,3695.15,0,36.966,0.42336,0.204422,1.96329,2.85901,1.39744,3.20592,0.42336,36.966,0.42336,423.524,0,0.718355,0,0,0.922778,0.204422,1.028160,1,0,16.5979,0,0,0,16.5979,0
34.814,2.27228,0,0,1.03513,0.0534257,0.36288,3.6288,39.9867,0.66528,0,0,0.573582,0.230376,0,0.66528,12.849,1,0.80062,0.36288,0,18.4908,5.24118,12.8119,0.84672,12.849,0.84672,3695.15,0,36.966,0.42336,0.546186,1.96342,3.22793,1.39744,3.91673,0.42336,36.966,0.42336,423.524,0,1.02816,0,0,1.57435,0.546186,1.028160,1,0,16.7286,0,0,0,16.7286,0
33.0126,2.24503,0,0,0.858937,0.0523728,0.36288,3.6288,38.9706,1.09493,0,0,0.308497,0.229658,0,0.66528,12.849,1,0.828585,0.36288,0,17.7169,5.24118,12.01,0.84672,12.849,0.84672,3695.15,0,36.966,0.42336,0.216518,1.96355,2.404,1.39744,2.76327,0.42336,36.966,0.42336,423.524,0,0.59851,0,0,0.815028,0.216518,1.028160,1,0,14.7733,0,0,0,14.7733,0
31.8261,2.14795,0,0,1.40452,0.0802573,0.36288,3.6288,38.1946,0.969062,0,0,0.394321,0.201235,0,0.66528,12.849,1,0.836014,0.36288,0,22.1782,4.74696,16.9581,0.84672,12.849,0.84672,3695.15,0,36.966,0.42336,0.216518,1.96368,2.85008,1.24222,3.3647,0.42336,36.966,0.42336,423.524,0,0.724378,0,0,0.940896,0.216518,1.028160,1,0,20.3228,0,0,0,20.3228,0
33.7631,2.13794,0,0,4.53626,0.098458,0.36288,3.6288,38.2826,0.66528,0,0,0.931072,0.177857,0,0.66528,12.849,1,0.84672,0.36288,0,62.3894,4.14162,57.764,0.84672,12.849,0.84672,3695.15,0,36.966,0.42336,0.696954,1.94688,5.04611,1.04928,6.21731,0.42336,36.966,0.42336,423.524,0,1.02816,0,0,1.72511,0.696954,1.028160,1,0,63.9813,0,0,0,63.9813,0
36.3474,2.16241,0,0,5.25167,0.142039,0.36288,3.6288,38.7402,0.66528,0,0,1.24531,0.122439,0,0.66528,12.849,1,0.822936,0.36288,0,88.034,3.4125,84.1614,0.84672,12.849,0.84672,3695.15,0,36.966,0.42336,1.09665,1.94701,7.51775,0.822387,9.31567,0.42336,36.966,0.42336,423.524,0,1.02816,0,0,2.12481,1.09665,1.028160,1,0,93.4771,0,0,0,93.4771,0
38.5307,2.20615,0,0,4.89886,0.14656,0.36288,3.6288,39.6852,0.66528,0,0,1.73329,0.122974,0,0.66528,12.849,1,0.779886,0.36288,0,99.8983,3.4125,96.0688,0.84672,12.849,0.84672,3695.15,0,36.966,0.42336,2.26188,1.94714,12.3582,0.822387,15.3215,0.42336,36.966,0.42336,423.524,0,1.02816,0,0,3.29004,2.26188,1.028160,1,0,111.39,0,0,0,111.39,0
44.2836,2.04721,0,0,8.31338,0.150379,0.36288,3.6288,40.1594,0.66528,0,0,1.2636,0.12408,0,0.66528,12.849,1,0.682694,0.36288,0,110.234,3.4125,106.502,0.84672,12.849,0.84672,3695.15,0,36.966,0.42336,2.06946,1.94727,10.5449,0.822387,13.3159,0.42336,36.966,0.42336,423.524,0,1.02816,0,0,3.09762,2.06946,1.028160,1,0,119.818,0,0,0,119.818,0
47.1394,2.11645,0,0,5.52917,0.19399,0.36288,3.6288,40.3191,0.66528,0,0,0.994758,0.169815,0,0.66528,12.849,1,0.614095,0.36288,0,63.4043,3.96059,59.1925,0.84672,12.849,0.84672,3695.15,0,36.966,0.42336,1.5479,1.89927,5.19347,0.837528,7.37975,0.42336,36.966,0.42336,423.524,0,1.02816,0,0,2.57606,1.5479,1.028160,1,0,66.5722,0,0,0,66.5722,0
49.6391,2.14619,0,0,5.21119,0.202441,0.36288,3.6288,40.2304,0.66528,0,0,0.754809,0.178228,0,0.66528,12.849,1,0.584996,0.36288,0,57.8391,3.94989,53.6671,0.84672,12.849,0.84672,3695.15,0,36.966,0.42336,0.929508,1.89939,3.88015,0.815377,5.47032,0.42336,36.966,0.42336,423.524,0,1.02816,0,0,1.95767,0.929508,1.028160,1,0,59.1374,0,0,0,59.1374,0
54.1172,2.1701,0,0,7.21906,0.208012,0.36288,3.6288,40.3931,0.66528,0,0,1.00601,0.178074,0,0.66528,12.849,1,0.561726,0.36288,0,112.513,3.94989,108.365,0.84672,12.849,0.84672,3695.15,0,36.966,0.42336,1.02645,1.89951,4.75985,0.815377,6.44708,0.42336,36.966,0.42336,423.524,0,1.02816,0,0,2.05461,1.02645,1.028160,1,0,114.812,0,0,0,114.812,0
58.5967,2.20818,0,0,7.26849,0.2179,0.36288,3.6288,41.2403,0.66528,0,0,1.69087,0.178357,0,0.66528,12.849,1,0.524286,0.36288,0,139.98,3.94989,135.869,0.84672,12.849,0.84672,3695.15,0,36.966,0.42336,1.6722,1.89963,5.44508,0.815377,7.77817,0.42336,36.966,0.42336,423.524,0,1.02816,0,0,2.70036,1.6722,1.028160,1,0,143.647,0,0,0,143.647,0
61.6931,2.24105,0,0,5.94166,0.241328,0.36288,3.6288,41.2912,0.66528,0,0,0.917188,0.200987,0,0.66528,12.849,1,0.491414,0.36288,0,86.387,4.32565,81.9329,0.84672,12.849,0.84672,3695.15,0,36.966,0.42336,1.0509,1.89975,5.19288,1.01356,6.70662,0.42336,36.966,0.42336,423.524,0,1.02816,0,0,2.07906,1.0509,1.028160,1,0,88.6395,0,0,0,88.6395,0
65.1684,2.34381,0,0,6.44725,0.26531,0.36288,3.6288,41.5248,0.66528,0,0,1.11218,0.213293,0,0.66528,12.849,1,0.488152,0.36288,0,101.349,4.54566,96.678,0.84672,12.849,0.84672,3695.15,0,36.966,0.42336,1.27827,1.89975,6.31454,1.16696,7.90224,0.42336,36.966,0.42336,423.524,0,1.02816,0,0,2.30643,1.27827,1.028160,1,0,104.58,0,0,0,104.58,0
67.4925,2.36608,0,0,5.32601,0.272917,0.36288,3.6288,41.6384,0.66528,0,0,0.992684,0.213776,0,0.66528,12.849,1,0.46651,0.36288,0,79.6781,4.54566,75.0288,0.84672,12.849,0.84672,3695.15,0,36.966,0.42336,0.999942,1.9184,6.20579,1.16696,7.53381,0.42336,36.966,0.42336,423.524,0,1.02816,0,0,2.0281,0.999942,1.028160,1,0,82.5626,0,0,0,82.5626,0
68.7351,2.38009,0,0,4.26856,0.282977,0.36288,3.6288,41.4683,0.720637,0,0,0.750054,0.199599,0,0.66528,12.849,1,0.453115,0.36288,0,59.6593,4.34519,55.2239,0.84672,12.849,0.84672,3695.15,0,36.966,0.42336,0.503194,1.91852,4.93327,1.08961,5.84201,0.42336,36.966,0.42336,423.524,0,0.972803,0,0,1.476,0.503194,1.028160,1,0,61.0659,0,0,0,61.0659,0
69.6232,2.38752,0,0,3.93097,0.292439,0.36288,3.6288,40.9442,1.02249,0,0,0.678517,0.180085,0,0.66528,12.849,1,0.446311,0.36288,0,54.7748,4.07788,50.6135,0.84672,12.849,0.84672,3695.15,0,36.966,0.42336,0.503194,1.91863,6.07919,0.986467,7.09119,0.42336,36.966,0.42336,423.524,0,0.670948,0,0,1.17414,0.503194,1.028160,1,0,57.7047,0,0,0,57.7047,0
70.1408,2.66111,0,0,3.8224,0.280879,0.36288,3.6288,41.0279,0.66528,0,0,0.953217,0.204275,0,0.66528,12.849,1,0.491108,0.36288,0,94.0818,4.45715,89.4965,0.84672,12.849,0.84672,3695.15,0,36.966,0.42336,1.03012,1.91875,7.41831,1.09371,8.85012,0.42336,36.966,0.42336,423.524,0,1.02816,0,0,2.05828,1.03012,1.028160,1,0,98.3466,0,0,0,98.3466,0
71.8005,2.66475,0,0,4.96937,0.282004,0.36288,3.6288,41.3709,0.66528,0,0,1.21273,0.204442,0,0.66528,12.849,1,0.488152,0.36288,0,92.5525,4.45715,87.9701,0.84672,12.849,0.84672,3695.15,0,36.966,0.42336,1.22031,1.97841,9.53588,1.09371,11.2175,0.42336,36.966,0.42336,423.524,0,1.02816,0,0,2.24847,1.22031,1.028160,1,0,99.1877,0,0,0,99.1877,0
72.29,2.6749,0,0,5.73761,0.267594,2.30561,3.6288,41.9012,0.66528,0,0,1.40605,0.210404,0,0.66528,12.849,1,0.478684,2.30561,0,94.062,4.41966,91.4692,0.84672,12.849,0.84672,3695.15,0,36.966,0.42336,1.75698,1.97854,11.075,1.0686,13.3186,0.42336,36.966,0.42336,423.524,0,1.02816,0,0,2.78514,1.75698,1.028160,1,0,104.788,0,0,0,104.788,0
72.29,2.67823,0,0,4.00317,0.327813,0.997127,3.6288,42.1471,0.66528,0,0,1.09749,0.186301,0,0.66528,12.849,1,0.476035,0.997127,0,96.2099,3.98601,92.7449,0.84672,12.849,0.84672,3695.15,0,36.966,0.42336,1.1326,1.97867,8.44534,1.07105,10.0622,0.42336,36.966,0.42336,423.524,0,1.02816,0,0,2.16076,1.1326,1.028160,1,0,102.807,0,0,0,102.807,0
72.29,2.29369,0,0,4.50654,0.24414,1.96871,3.6288,42.3018,0.66528,0,0,1.00837,0.188407,0,0.66528,12.849,1,0.407686,1.96871,0,94.0213,3.62649,91.9559,0.84672,12.849,0.84672,3695.15,0,36.966,0.42336,0.833751,1.9788,9.57606,0.762422,11.2028,0.42336,36.966,0.42336,423.524,0,1.02816,0,0,1.86191,0.833751,1.028160,1,0,103.159,0,0,0,103.159,0
72.29,2.2942,0,0,4.18209,0.29102,1.59687,3.6288,42.5156,0.66528,0,0,1.04764,0.168541,0,0.66528,12.849,1,0.407776,1.59687,0,64.7387,3.61893,62.3089,0.84672,12.849,0.84672,3695.15,0,36.966,0.42336,0.74768,1.89393,8.58885,0.787908,10.0192,0.42336,36.966,0.42336,423.524,0,1.02816,0,0,1.77584,0.74768,1.028160,1,0,72.3281,0,0,0,72.3281,0
72.29,2.2947,0,0,4.6625,0.29102,2.07677,3.6288,42.8315,0.66528,0,0,1.15003,0.168887,0,0.66528,12.849,1,0.407866,2.07677,0,73.5167,3.61893,71.5667,0.84672,12.849,0.84672,3695.15,0,36.966,0.42336,0.863542,1.89404,9.26579,0.787908,10.8121,0.42336,36.966,0.42336,423.524,0,1.02816,0,0,1.8917,0.863542,1.028160,1,0,82.3788,0,0,0,82.3788,0
72.29,2.29521,0,0,6.09445,0.29102,3.50822,3.6288,43.3416,0.66528,0,0,1.34481,0.169397,0,0.66528,12.849,1,0.407957,3.50822,0,85.2431,3.61893,84.7244,0.84672,12.849,0.84672,3695.15,0,36.966,0.42336,0.816108,1.89415,9.67196,0.787908,11.171,0.42336,36.966,0.42336,423.524,0,1.02816,0,0,1.84427,0.816108,1.028160,1,0,95.8954,0,0,0,95.8954,0
72.29,2.03755,0,0,6.18352,0.301377,3.84459,3.6288,44.2771,0.611727,0,0,1.70317,0.155921,0,0.66528,12.849,1,0.362159,3.84459,0,112.819,3.7913,112.511,0.84672,12.849,0.84672,3695.15,0,36.966,0.42336,1.88163,1.89426,11.3825,0.79437,13.9407,0.42336,36.966,0.42336,423.524,0,1.02816,0,0,2.90979,1.88163,1.028160,1,0,126.451,0,0,0,126.451,0
72.29,2.1256,0,0,6.83586,0.301205,4.40905,3.6288,45.7337,0.66528,0,0,2.26367,0.141838,0,0.66528,12.849,1,0.37781,4.40905,0,117.616,3.77034,117.877,0.84672,12.849,0.84672,3695.15,0,36.966,0.42336,1.91472,1.79602,10.7395,0.801357,13.2255,0.42336,36.966,0.42336,423.524,0,1.02816,0,0,2.94288,1.91472,1.028160,1,0,131.103,0,0,0,131.103,0
72.29,2.12608,0,0,5.1395,0.301205,2.71222,3.6288,46.3184,0.66528,0,0,1.39378,0.143783,0,0.66528,12.849,1,0.377895,2.71222,0,73.2007,3.77034,71.7647,0.84672,12.849,0.84672,3695.15,0,36.966,0.42336,1.10384,1.85683,8.73513,0.801357,10.4711,0.42336,36.966,0.42336,423.524,0,1.02816,0,0,2.132,1.10384,1.028160,1,0,82.2357,0,0,0,82.2357,0
72.29,2.12655,0,0,4.84853,0.301205,2.42077,3.6288,47.0207,0.66528,0,0,1.51211,0.144564,0,0.66528,12.849,1,0.377979,2.42077,0,84.4767,3.77034,82.7492,0.84672,12.849,0.84672,3695.15,0,36.966,0.42336,1.11701,1.85693,8.7861,0.801357,10.5353,0.42336,36.966,0.42336,423.524,0,1.02816,0,0,2.14517,1.11701,1.028160,1,0,93.2845,0,0,0,93.2845,0
72.29,2.12703,0,0,4.18909,0.245059,1.817,3.6288,47.4335,0.66528,0,0,1.24813,0.170004,0,0.66528,12.849,1,0.378063,1.817,0,80.7909,4.02882,78.201,0.84672,12.849,0.84672,3695.15,0,36.966,0.42336,0.955722,1.85704,8.16722,0.889481,9.66714,0.42336,36.966,0.42336,423.524,0,1.02816,0,0,1.98388,0.955722,1.028160,1,0,87.8682,0,0,0,87.8682,0
72.29,2.09323,0,0,3.37668,0.229685,1.05376,3.6288,47.6713,0.653672,0,0,1.06339,0.171907,0,0.66528,12.849,1,0.372055,1.05376,0,60.2395,3.86064,57.0606,0.84672,12.849,0.84672,3695.15,0,36.966,0.42336,0.750505,1.85714,5.57632,0.949489,6.81112,0.42336,36.966,0.42336,423.524,0,1.02816,0,0,1.77866,0.750505,1.028160,1,0,63.8717,0,0,0,63.8717,0
72.29,2.35792,0,0,3.04794,0.229685,0.460341,3.6288,47.9006,0.66528,0,0,1.06675,0.172249,0,0.66528,12.849,1,0.419102,0.460341,0,55.2807,3.86064,51.4613,0.84672,12.849,0.84672,3695.15,0,36.966,0.42336,0.824481,1.84072,7.09828,0.949489,8.39063,0.42336,36.966,0.42336,423.524,0,1.02816,0,0,1.85264,0.824481,1.028160,1,0,59.8519,0,0,0,59.8519,0
72.29,2.35844,0,0,4.7108,0.229685,2.12268,3.6288,48.3656,0.66528,0,0,1.30293,0.172579,0,0.66528,12.849,1,0.419194,2.12268,0,69.5077,3.86064,67.3505,0.84672,12.849,0.84672,3695.15,0,36.966,0.42336,1.1153,1.9081,6.40313,0.949489,8.05369,0.42336,36.966,0.42336,423.524,0,1.02816,0,0,2.14346,1.1153,1.028160,1,0,75.4042,0,0,0,75.4042,0
72.29,2.35895,0,0,3.15364,0.184018,0.610671,3.6288,48.6631,0.66528,0,0,1.14577,0.18301,0,0.66528,12.849,1,0.419286,0.610671,0,59.6309,4.18572,55.6365,0.84672,12.849,0.84672,3695.15,0,36.966,0.42336,0.871681,1.90822,5.69629,0.889311,7.16352,0.42336,36.966,0.42336,423.524,0,1.02816,0,0,1.89984,0.871681,1.028160,1,0,62.8,0,0,0,62.8,0
72.2237,2.48845,0,0,2.98718,0.202189,0.36288,3.6288,48.879,0.66528,0,0,1.07033,0.189109,0,0.66528,12.849,1,0.442304,0.36288,0,50.5545,4.61568,45.8594,0.84672,12.849,0.84672,3695.15,0,36.966,0.42336,0.707789,1.90833,5.02483,0.98625,6.23134,0.42336,36.966,0.42336,423.524,0,1.02816,0,0,1.73595,0.707789,1.028160,1,0,52.0907,0,0,0,52.0907,0
72.1463,2.21173,0,0,2.66426,0.166984,0.36288,3.6288,48.8621,0.66528,0,0,0.828023,0.179647,0,0.66528,12.849,1,0.393479,0.36288,0,44.2326,4.34826,39.8537,0.84672,12.849,0.84672,3695.15,0,36.966,0.42336,0.672996,1.93691,4.56435,0.980715,5.77018,0.42336,36.966,0.42336,423.524,0,1.02816,0,0,1.70116,0.672996,1.028160,1,0,45.6239,0,0,0,45.6239,0
71.6471,2.48879,0,0,2.50417,0.15168,0.36288,3.6288,48.8763,0.66528,0,0,0.862315,0.182889,0,0.66528,12.849,1,0.443245,0.36288,0,40.7427,4.45662,36.2057,0.84672,12.849,0.84672,3695.15,0,36.966,0.42336,0.677238,1.8759,4.63889,0.960656,5.80802,0.42336,36.966,0.42336,423.524,0,1.02816,0,0,1.7054,0.677238,1.028160,1,0,42.0137,0,0,0,42.0137,0
71.0528,2.48672,0,0,2.40634,0.151105,0.36288,3.6288,48.9066,0.66528,0,0,0.878463,0.18291,0,0.66528,12.849,1,0.445961,0.36288,0,38.409,4.45662,33.8693,0.84672,12.849,0.84672,3695.15,0,36.966,0.42336,0.592358,1.93715,4.62563,0.960656,5.77113,0.42336,36.966,0.42336,423.524,0,1.02816,0,0,1.62052,0.592358,1.028160,1,0,39.6405,0,0,0,39.6405,0
70.5774,2.4841,0,0,2.50525,0.13365,0.36288,3.6288,48.9064,0.66528,0,0,0.860077,0.195,0,0.66528,12.849,1,0.449218,0.36288,0,38.4414,4.67393,33.6812,0.84672,12.849,0.84672,3695.15,0,36.966,0.42336,0.54635,1.93727,4.76774,1.03615,5.79185,0.42336,36.966,0.42336,423.524,0,1.02816,0,0,1.57451,0.54635,1.028160,1,0,39.473,0,0,0,39.473,0
70.1588,2.45664,0,0,2.50246,0.101507,0.36288,3.6288,48.9051,0.66528,0,0,0.87467,0.210683,0,0.66528,12.849,1,0.447246,0.36288,0,36.6693,4.893,31.6919,0.84672,12.849,0.84672,3695.15,0,36.966,0.42336,0.425269,1.93739,5.01617,1.10944,5.84603,0.42336,36.966,0.42336,423.524,0,1.02816,0,0,1.45343,0.425269,1.028160,1,0,37.538,0,0,0,37.538,0
69.5725,2.45493,0,0,2.33259,0.101115,0.36288,3.6288,48.9051,0.66528,0,0,0.875992,0.21068,0,0.66528,12.849,1,0.449599,0.36288,0,33.8761,4.893,28.8963,0.84672,12.849,0.84672,3695.15,0,36.966,0.42336,0.482363,1.93188,4.5955,1.10944,5.47694,0.42336,36.966,0.42336,423.524,0,1.02816,0,0,1.51052,0.482363,1.028160,1,0,34.3733,0,0,0,34.3733,0
68.8266,2.45226,0,0,2.16991,0.100658,0.36288,3.6288,48.8919,0.66528,0,0,0.86273,0.21068,0,0.66528,12.849,1,0.452897,0.36288,0,31.5458,4.893,26.5628,0.84672,12.849,0.84672,3695.15,0,36.966,0.42336,0.47018,1.932,4.4895,1.10944,5.35888,0.42336,36.966,0.42336,423.524,0,1.02816,0,0,1.49834,0.47018,1.028160,1,0,31.9217,0,0,0,31.9217,0
68.0208,2.44866,0,0,2.09721,0.0914418,0.36288,3.6288,48.757,0.66528,0,0,0.791234,0.260777,0,0.66528,12.849,1,0.457133,0.36288,0,29.2106,5.58732,23.5291,0.84672,12.849,0.84672,3695.15,0,36.966,0.42336,0.366483,1.93212,4.28014,1.30055,4.85484,0.42336,36.966,0.42336,423.524,0,1.02816,0,0,1.39464,0.366483,1.028160,1,0,28.3839,0,0,0,28.3839,0
67.1213,2.51001,0,0,2.04848,0.075148,0.36288,3.6288,48.6446,0.66528,0,0,0.850444,0.297571,0,0.66528,12.849,1,0.474135,0.36288,0,32.7427,6.12759,26.5038,0.84672,12.849,0.84672,3695.15,0,36.966,0.42336,0.315852,1.93224,3.98318,1.57731,4.2306,0.42336,36.966,0.42336,423.524,0,1.02816,0,0,1.34401,0.315852,1.028160,1,0,30.7344,0,0,0,30.7344,0
66.12,2.50522,0,0,1.94144,0.0746179,0.36288,3.6288,48.4429,0.66528,0,0,0.760838,0.297294,0,0.66528,12.849,1,0.479573,0.36288,0,28.931,6.12759,22.6868,0.84672,12.849,0.84672,3695.15,0,36.966,0.42336,0.446843,1.94692,4.1603,1.57731,4.55339,0.42336,36.966,0.42336,423.524,0,1.02816,0,0,1.475,0.446843,1.028160,1,0,27.2401,0,0,0,27.2401,0
64.9983,2.49968,0,0,1.81489,0.0740279,0.36288,3.6288,48.1848,0.66528,0,0,0.703944,0.296797,0,0.66528,12.849,1,0.48576,0.36288,0,27.5092,6.12759,21.2587,0.84672,12.849,0.84672,3695.15,0,36.966,0.42336,0.319922,1.94704,3.65052,1.57731,3.91681,0.42336,36.966,0.42336,423.524,0,1.02816,0,0,1.34808,0.319922,1.028160,1,0,25.1755,0,0,0,25.1755,0
63.8593,2.49323,0,0,1.79051,0.0733669,0.36288,3.6288,47.985,0.66528,0,0,0.761625,0.296161,0,0.66528,12.849,1,0.492866,0.36288,0,25.5258,6.12759,19.2682,0.84672,12.849,0.84672,3695.15,0,36.966,0.42336,0.410789,1.94716,4.12833,1.57731,4.48561,0.42336,36.966,0.42336,423.524,0,1.02816,0,0,1.43895,0.410789,1.028160,1,0,23.7538,0,0,0,23.7538,0
62.8469,2.67605,0,0,2.08162,0.0551553,0.36288,3.6288,47.7419,0.66528,0,0,0.7398,0.317557,0,0.66528,12.849,1,0.538442,0.36288,0,26.4555,6.68829,19.5917,0.84672,12.849,0.84672,3695.15,0,36.966,0.42336,0.304353,1.94728,4.12144,1.58906,4.36065,0.42336,36.966,0.42336,423.524,0,1.02816,0,0,1.33251,0.304353,1.028160,1,0,23.9523,0,0,0,23.9523,0
62.0684,2.66942,0,0,2.31431,0.0604832,0.36288,3.6288,47.6648,0.66528,0,0,0.907243,0.319077,0,0.66528,12.849,1,0.545762,0.36288,0,32.7548,6.7032,25.8688,0.84672,12.849,0.84672,3695.15,0,36.966,0.42336,0.57583,1.99009,4.1403,1.55193,4.73092,0.42336,36.966,0.42336,423.524,0,1.02816,0,0,1.60399,0.57583,1.028160,1,0,30.5997,0,0,0,30.5997,0
60.8851,2.66433,0,0,1.90398,0.0600984,0.36288,3.6288,47.205,0.801619,0,0,0.660735,0.318872,0,0.66528,12.849,1,0.551552,0.36288,0,30.0084,6.7032,23.1166,0.84672,12.849,0.84672,3695.15,0,36.966,0.42336,0.204422,1.99022,3.39109,1.55193,3.61043,0.42336,36.966,0.42336,423.524,0,0.891821,0,0,1.09624,0.204422,1.028160,1,0,26.727,0,0,0,26.727,0
60.1793,2.65605,0,0,2.37268,0.0595134,0.36288,3.6288,47.3667,0.66528,0,0,1.14457,0.317647,0,0.66528,12.849,1,0.560525,0.36288,0,29.2512,6.7032,22.3503,0.84672,12.849,0.84672,3695.15,0,36.966,0.42336,1.13822,1.99035,5.28895,1.55193,6.44222,0.42336,36.966,0.42336,423.524,0,1.02816,0,0,2.16638,1.13822,1.028160,1,0,28.7925,0,0,0,28.7925,0
59.3647,2.65121,0,0,2.24545,0.046018,0.36288,3.6288,47.2479,0.66528,0,0,0.850547,0.304106,0,0.66528,12.849,1,0.566064,0.36288,0,26.2158,5.86086,20.1518,0.84672,12.849,0.84672,3695.15,0,36.966,0.42336,0.563587,1.99048,4.80072,1.24123,5.69019,0.42336,36.966,0.42336,423.524,0,1.02816,0,0,1.59175,0.563587,1.028160,1,0,25.842,0,0,0,25.842,0
58.9263,2.55406,0,0,2.56247,0.0839236,0.36288,3.6288,47.2078,0.66528,0,0,0.921603,0.296383,0,0.66528,12.849,1,0.552805,0.36288,0,30.2245,5.19084,24.8438,0.84672,12.849,0.84672,3695.15,0,36.966,0.42336,0.718632,1.99061,4.19434,1.17463,5.30559,0.42336,36.966,0.42336,423.524,0,1.02816,0,0,1.74679,0.718632,1.028160,1,0,30.1494,0,0,0,30.1494,0
58.7497,2.55123,0,0,2.8872,0.149687,0.36288,3.6288,47.5669,0.66528,0,0,1.29092,0.266561,0,0.66528,12.849,1,0.556302,0.36288,0,29.1444,4.3344,24.6165,0.84672,12.849,0.84672,3695.15,0,36.966,0.42336,1.24864,1.96992,5.60136,0.987608,7.40896,0.42336,36.966,0.42336,423.524,0,1.02816,0,0,2.2768,1.24864,1.028160,1,0,32.0255,0,0,0,32.0255,0
58.3926,2.55041,0,0,2.70846,0.152193,0.36288,3.6288,47.9448,0.66528,0,0,1.31149,0.268275,0,0.66528,12.849,1,0.557795,0.36288,0,35.8722,4.35067,31.3266,0.84672,12.849,0.84672,3695.15,0,36.966,0.42336,1.18092,1.97004,5.6674,0.996928,7.39807,0.42336,36.966,0.42336,423.524,0,1.02816,0,0,2.20908,1.18092,1.028160,1,0,38.7246,0,0,0,38.7246,0
58.3707,2.54817,0,0,3.04074,0.151667,0.36288,3.6288,48.6437,0.66528,0,0,1.63333,0.269123,0,0.66528,12.849,1,0.560712,0.36288,0,57.7118,4.35067,53.1633,0.84672,12.849,0.84672,3695.15,0,36.966,0.42336,1.60992,1.97017,7.21507,0.996928,9.37487,0.42336,36.966,0.42336,423.524,0,1.02816,0,0,2.63808,1.60992,1.028160,1,0,62.5382,0,0,0,62.5382,0
56.9668,2.47375,0,0,1.66898,0.236254,0.36288,3.6288,49.0065,0.66528,0,0,1.25938,0.231365,0,0.66528,12.849,1,0.544541,0.36288,0,47.8829,4.71135,42.9899,0.84672,12.849,0.84672,3695.15,0,36.966,0.42336,0.958565,1.97029,5.95312,1.20296,7.25566,0.42336,36.966,0.42336,423.524,0,1.02816,0,0,1.98672,0.958565,1.028160,1,0,50.2455,0,0,0,50.2455,0
55.0383,2.46334,0,0,1.13085,0.233032,0.36288,3.6288,49.1924,0.66528,0,0,1.08327,0.232061,0,0.66528,12.849,1,0.555612,0.36288,0,50.6406,4.71135,45.7365,0.84672,12.849,0.84672,3695.15,0,36.966,0.42336,0.684452,1.95332,3.78626,1.20296,4.79771,0.42336,36.966,0.42336,423.524,0,1.02816,0,0,1.71261,0.684452,1.028160,1,0,50.5342,0,0,0,50.5342,0
54.3105,2.44809,0,0,2.30255,0.219475,0.36288,3.6288,49.7436,0.66528,0,0,1.44523,0.228774,0,0.66528,12.849,1,0.571519,0.36288,0,40.6499,4.61535,35.8259,0.84672,12.849,0.84672,3695.15,0,36.966,0.42336,1.22141,1.95344,6.68292,1.22442,8.20999,0.42336,36.966,0.42336,423.524,0,1.02816,0,0,2.24957,1.22141,1.028160,1,0,44.0359,0,0,0,44.0359,0
58.092,2.44242,0,0,6.80366,0.216817,0.36288,3.6288,51.415,0.66528,0,0,2.53283,0.196121,0,0.66528,12.849,1,0.577839,0.36288,0,119.967,3.81441,115.938,0.84672,12.849,0.84672,3695.15,0,36.966,0.42336,2.55542,1.95356,16.184,1.13452,19.1351,0.42336,36.966,0.42336,423.524,0,1.02816,0,0,3.58358,2.55542,1.028160,1,0,135.073,0,0,0,135.073,0
57.7878,2.26135,0,0,2.55139,0.231394,0.36288,3.6288,52.0517,0.66528,0,0,1.4746,0.172668,0,0.66528,12.849,1,0.500174,0.36288,0,70.974,3.64932,67.1874,0.84672,12.849,0.84672,3695.15,0,36.966,0.42336,1.67352,1.95369,9.24299,1.02594,11.4209,0.42336,36.966,0.42336,423.524,0,1.02816,0,0,2.70168,1.67352,1.028160,1,0,78.6083,0,0,0,78.6083,0
56.677,2.25969,0,0,1.78459,0.272796,0.36288,3.6288,52.2728,0.66528,0,0,1.06878,0.182386,0,0.66528,12.849,1,0.502439,0.36288,0,49.8137,3.86627,45.8079,0.84672,12.849,0.84672,3695.15,0,36.966,0.42336,0.97295,1.9052,6.1474,0.960256,7.64194,0.42336,36.966,0.42336,423.524,0,1.02816,0,0,2.00111,0.97295,1.028160,1,0,53.4499,0,0,0,53.4499,0
55.6214,2.25216,0,0,1.83644,0.276964,0.36288,3.6288,52.8656,0.66528,0,0,1.44403,0.185867,0,0.66528,12.849,1,0.510578,0.36288,0,51.539,3.88479,47.5065,0.84672,12.849,0.84672,3695.15,0,36.966,0.42336,2.46607,1.90531,9.0087,0.945685,12.011,0.42336,36.966,0.42336,423.524,0,1.02816,0,0,3.49423,2.46607,1.028160,1,0,59.5175,0,0,0,59.5175,0
55.5669,2.24478,0,0,2.8272,0.274077,0.36288,3.6288,53.508,0.66528,0,0,1.49443,0.186754,0,0.66528,12.849,1,0.518563,0.36288,0,84.5222,3.88479,80.4817,0.84672,12.849,0.84672,3695.15,0,36.966,0.42336,2.39171,1.90543,10.4614,0.945685,13.3895,0.42336,36.966,0.42336,423.524,0,1.02816,0,0,3.41987,2.39171,1.028160,1,0,93.8712,0,0,0,93.8712,0
63.245,2.24486,0,0,10.5598,0.273967,0.36288,3.6288,59.9529,0.66528,0,0,7.2963,0.186169,0,0.66528,12.849,1,0.519091,0.36288,0,310.293,3.80883,306.328,0.84672,12.849,0.84672,3695.15,0,36.966,0.42336,3.13007,1.90554,26.68,0.950505,30.3417,0.42336,36.966,0.42336,423.524,0,1.02816,0,0,4.15823,3.13007,1.028160,1,0,336.669,0,0,0,336.669,0
72.29,2.38073,0,0,14.8567,0.294078,3.13692,3.6288,61.308,0.66528,0,0,6.80739,0.190197,4.59681,0.66528,12.849,1,0.483675,3.13692,0,241.544,3.61893,240.578,0.84672,12.849,0.84672,3695.15,0,36.966,0.42336,10.3394,1.90565,33.7383,0.962557,44.5975,0.42336,36.966,0.42336,423.524,0,1.02816,0,0,11.3676,10.3394,1.028160,1,0,289.773,0,0,0,289.773,0
72.29,2.43262,0,0,9.06431,0.315748,6.31594,3.6288,61.308,0.66528,0,0,4.38919,0.191841,3.53207,0.66528,12.849,1,0.43238,6.31594,0,201.873,3.61893,204.137,0.84672,12.849,0.84672,3695.15,0,36.966,0.42336,5.12094,1.92448,17.5516,0.962557,23.2111,0.42336,36.966,0.42336,423.524,0,1.02816,0,0,6.1491,5.12094,1.028160,1,0,230.88,0,0,0,230.88,0
72.29,2.43312,0,0,8.96115,0.322776,6.20525,3.6288,61.308,0.66528,0,0,5.32485,0.160825,4.49874,0.66528,12.849,1,0.432469,6.20525,0,245.481,3.28985,247.964,0.84672,12.849,0.84672,3695.15,0,36.966,0.42336,7.09396,1.92459,20.547,0.789231,28.3529,0.42336,36.966,0.42336,423.524,0,1.02816,0,0,8.12212,7.09396,1.028160,1,0,280.816,0,0,0,280.816,0
72.29,2.43362,0,0,7.42738,0.332145,4.66161,3.6288,61.308,0.66528,0,0,3.1326,0.119471,2.34785,0.66528,12.849,1,0.432558,4.66161,0,184.614,2.85107,185.992,0.84672,12.849,0.84672,3695.15,0,36.966,0.42336,3.5494,1.9247,13.4706,0.558129,17.9632,0.42336,36.966,0.42336,423.524,0,1.02816,0,0,4.57756,3.5494,1.028160,1,0,206.303,0,0,0,206.303,0
72.29,2.7066,0,0,7.54073,0.342434,4.49169,3.6288,61.308,0.66528,0,0,4.71995,0.143857,3.91081,0.66528,12.849,1,0.481079,4.49169,0,218.279,3.0424,219.247,0.84672,12.849,0.84672,3695.15,0,36.966,0.42336,7.38443,1.92481,18.6973,0.861418,26.7218,0.42336,36.966,0.42336,423.524,0,1.02816,0,0,8.41259,7.38443,1.028160,1,0,249.88,0,0,0,249.88,0
72.29,2.70716,0,0,6.20001,0.344149,3.14871,3.6288,61.308,0.66528,0,0,3.8938,0.147922,3.0806,0.66528,12.849,1,0.481176,3.14871,0,167.498,3.0743,167.092,0.84672,12.849,0.84672,3695.15,0,36.966,0.42336,5.0886,1.98506,14.2248,0.911967,19.9631,0.42336,36.966,0.42336,423.524,0,1.02816,0,0,6.11676,5.0886,1.028160,1,0,190.135,0,0,0,190.135,0
72.29,2.70771,0,0,5.32589,0.329492,2.28869,3.6288,61.308,0.66528,0,0,3.32977,0.168211,2.49628,0.66528,12.849,1,0.481274,2.28869,0,135.661,3.1134,134.355,0.84672,12.849,0.84672,3695.15,0,36.966,0.42336,4.00207,1.98518,12.0557,0.946364,16.6732,0.42336,36.966,0.42336,423.524,0,1.02816,0,0,5.03023,4.00207,1.028160,1,0,153.524,0,0,0,153.524,0
72.29,2.70826,0,0,7.30898,0.309948,4.29078,3.6288,61.308,0.66528,0,0,5.04883,0.195263,4.18828,0.66528,12.849,1,0.481372,4.29078,0,161.982,3.16554,162.626,0.84672,12.849,0.84672,3695.15,0,36.966,0.42336,7.41208,1.9853,28.386,0.992227,36.3678,0.42336,36.966,0.42336,423.524,0,1.02816,0,0,8.44024,7.41208,1.028160,1,0,203.182,0,0,0,203.182,0
72.29,2.31988,0,0,5.51121,0.341274,2.85006,3.6288,61.308,0.66528,0,0,4.175,0.160428,3.3493,0.66528,12.849,1,0.412342,2.85006,0,131.609,2.67828,131.368,0.84672,12.849,0.84672,3695.15,0,36.966,0.42336,4.92519,1.98543,21.7051,0.970522,27.2218,0.42336,36.966,0.42336,423.524,0,1.02816,0,0,5.95335,4.92519,1.028160,1,0,161.939,0,0,0,161.939,0
72.29,2.32037,0,0,5.57304,0.346495,2.90618,3.6288,61.308,0.66528,0,0,3.84758,0.154622,3.02768,0.66528,12.849,1,0.412427,2.90618,0,129.363,2.59707,129.26,0.84672,12.849,0.84672,3695.15,0,36.966,0.42336,4.91753,1.89971,16.1783,0.966905,21.6053,0.42336,36.966,0.42336,423.524,0,1.02816,0,0,5.94569,4.91753,1.028160,1,0,153.893,0,0,0,153.893,0
72.29,2.32085,0,0,6.43975,0.346495,3.7724,3.6288,61.308,0.66528,0,0,5.85189,0.154622,5.03199,0.66528,12.849,1,0.412513,3.7724,0,161.592,2.59707,162.355,0.84672,12.849,0.84672,3695.15,0,36.966,0.42336,5.62955,1.89981,24.4987,0.966905,30.6378,0.42336,36.966,0.42336,423.524,0,1.02816,0,0,6.65771,5.62955,1.028160,1,0,198.025,0,0,0,198.025,0
72.29,2.32133,0,0,5.53462,0.317304,2.89599,3.6288,61.308,0.66528,0,0,4.22361,0.195836,3.3625,0.66528,12.849,1,0.412598,2.89599,0,90.8012,3.77612,89.5085,0.84672,12.849,0.84672,3695.15,0,36.966,0.42336,4.36044,1.89992,16.578,1.13544,21.2796,0.42336,36.966,0.42336,423.524,0,1.02816,0,0,5.3886,4.36044,1.028160,1,0,114.151,0,0,0,114.151,0
72.29,2.0611,0,0,5.82996,0.336642,3.43222,3.6288,61.308,0.627841,0,0,4.16591,0.195722,3.34235,0.66528,12.849,1,0.366345,3.43222,0,133.982,4.00391,133.044,0.84672,12.849,0.84672,3695.15,0,36.966,0.42336,4.6009,1.90003,16.4584,1.12792,21.4081,0.42336,36.966,0.42336,423.524,0,1.02816,0,0,5.62906,4.6009,1.028160,1,0,157.795,0,0,0,157.795,0
72.29,2.14999,0,0,6.68727,0.362427,4.17485,3.6288,61.308,0.66528,0,0,4.43448,0.195569,3.57363,0.66528,12.849,1,0.382145,4.17485,0,145.401,4.30763,144.886,0.84672,12.849,0.84672,3695.15,0,36.966,0.42336,5.54239,1.81367,23.2005,1.11789,29.0153,0.42336,36.966,0.42336,423.524,0,1.02816,0,0,6.57055,5.54239,1.028160,1,0,177.475,0,0,0,177.475,0
72.29,2.15044,0,0,6.04092,0.335477,3.55499,3.6288,61.308,0.66528,0,0,3.48113,0.195585,2.62027,0.66528,12.849,1,0.382225,3.55499,0,104.532,4.23466,103.47,0.84672,12.849,0.84672,3695.15,0,36.966,0.42336,4.35491,1.86221,17.7276,1.11392,22.4074,0.42336,36.966,0.42336,423.524,0,1.02816,0,0,5.38307,4.35491,1.028160,1,0,128.498,0,0,0,128.498,0
72.29,2.15089,0,0,5.6471,0.268103,3.2281,3.6288,61.308,0.66528,0,0,3.15141,0.195627,2.29051,0.66528,12.849,1,0.382305,3.2281,0,97.829,4.05227,96.6225,0.84672,12.849,0.84672,3695.15,0,36.966,0.42336,3.46432,1.86231,20.0352,1.10401,23.8345,0.42336,36.966,0.42336,423.524,0,1.02816,0,0,4.49248,3.46432,1.028160,1,0,122.748,0,0,0,122.748,0
72.29,2.15134,0,0,5.30253,0.266988,2.8842,3.6288,61.308,0.66528,0,0,2.98273,0.196543,2.1209,0.66528,12.849,1,0.382385,2.8842,0,100.473,4.08001,98.8946,0.84672,12.849,0.84672,3695.15,0,36.966,0.42336,3.27531,1.86241,15.8431,1.10696,19.4505,0.42336,36.966,0.42336,423.524,0,1.02816,0,0,4.30347,3.27531,1.028160,1,0,120.466,0,0,0,120.466,0
72.29,2.11718,0,0,5.14194,0.2603,2.76446,3.6288,61.308,0.66528,0,0,2.76432,0.202039,1.89701,0.66528,12.849,1,0.376313,2.76446,0,100.289,4.24651,98.4304,0.84672,12.849,0.84672,3695.15,0,36.966,0.42336,3.87577,1.86251,13.9141,1.12465,18.1044,0.42336,36.966,0.42336,423.524,0,1.02816,0,0,4.90393,3.87577,1.028160,1,0,118.432,0,0,0,118.432,0
72.29,2.11763,0,0,4.82833,0.2603,2.4504,3.6288,61.308,0.66528,0,0,2.54383,0.202039,1.67651,0.66528,12.849,1,0.376392,2.4504,0,89.7817,4.24651,87.6092,0.84672,12.849,0.84672,3695.15,0,36.966,0.42336,3.07071,1.85497,12.8447,1.12465,16.2224,0.42336,36.966,0.42336,423.524,0,1.02816,0,0,4.09887,3.07071,1.028160,1,0,105.508,0,0,0,105.508,0
72.29,2.11807,0,0,4.41335,0.24032,2.05495,3.6288,61.308,0.66528,0,0,2.36168,0.214852,1.48155,0.66528,12.849,1,0.376471,2.05495,0,81.966,4.5265,79.1179,0.84672,12.849,0.84672,3695.15,0,36.966,0.42336,2.93762,1.85507,10.9708,1.16391,14.1762,0.42336,36.966,0.42336,423.524,0,1.02816,0,0,3.96578,2.93762,1.028160,1,0,94.7757,0,0,0,94.7757,0
72.29,2.38541,0,0,4.16086,0.235704,1.53975,3.6288,61.308,0.66528,0,0,2.27479,0.228288,1.38122,0.66528,12.849,1,0.423988,1.53975,0,71.4442,4.23213,68.3278,0.84672,12.849,0.84672,3695.15,0,36.966,0.42336,3.08419,1.85517,11.5703,1.05752,15.0288,0.42336,36.966,0.42336,423.524,0,1.02816,0,0,4.11235,3.08419,1.028160,1,0,84.7378,0,0,0,84.7378,0
72.29,2.51613,0,0,4.16023,0.176823,1.46727,3.6288,61.308,0.66528,0,0,2.1071,0.244314,1.1975,0.66528,12.849,1,0.447224,1.46727,0,75.7538,4.62858,72.1453,0.84672,12.849,0.84672,3695.15,0,36.966,0.42336,2.78377,1.91417,11.036,1.17941,14.1311,0.42336,36.966,0.42336,423.524,0,1.02816,0,0,3.81193,2.78377,1.028160,1,0,87.4739,0,0,0,87.4739,0
72.29,2.51665,0,0,4.06955,0.171705,1.3812,3.6288,61.308,0.66528,0,0,1.89895,0.237929,0.995742,0.66528,12.849,1,0.447315,1.3812,0,72.9942,4.58903,69.339,0.84672,12.849,0.84672,3695.15,0,36.966,0.42336,2.47942,1.94302,9.71412,1.18,12.5332,0.42336,36.966,0.42336,423.524,0,1.02816,0,0,3.50758,2.47942,1.028160,1,0,82.868,0,0,0,82.868,0
72.29,2.51717,0,0,3.6218,0.142913,0.961723,3.6288,61.308,0.66528,0,0,1.80242,0.256816,0.880321,0.66528,12.849,1,0.447407,0.961723,0,64.5756,4.80323,60.2867,0.84672,12.849,0.84672,3695.15,0,36.966,0.42336,2.33191,1.94314,9.44983,1.23473,12.0668,0.42336,36.966,0.42336,423.524,0,1.02816,0,0,3.36007,2.33191,1.028160,1,0,73.2338,0,0,0,73.2338,0
72.29,2.51768,0,0,3.42899,0.121319,0.789991,3.6288,61.308,0.66528,0,0,1.72732,0.270981,0.791057,0.66528,12.849,1,0.447499,0.789991,0,61.529,4.96387,56.9076,0.84672,12.849,0.84672,3695.15,0,36.966,0.42336,2.13348,1.94325,9.34554,1.27578,11.7231,0.42336,36.966,0.42336,423.524,0,1.02816,0,0,3.16164,2.13348,1.028160,1,0,69.4218,0,0,0,69.4218,0
72.29,2.5182,0,0,3.43814,0.126,0.793944,3.6288,61.308,0.66528,0,0,1.51493,0.271362,0.578287,0.66528,12.849,1,0.44759,0.793944,0,56.2744,5.13415,51.4866,0.84672,12.849,0.84672,3695.15,0,36.966,0.42336,1.78252,1.94336,8.12163,1.26768,10.1565,0.42336,36.966,0.42336,423.524,0,1.02816,0,0,2.81068,1.78252,1.028160,1,0,62.2213,0,0,0,62.2213,0
72.29,2.49294,0,0,3.46347,0.115314,0.855224,3.6288,61.308,0.66528,0,0,1.22542,0.295448,0.264691,0.66528,12.849,1,0.4431,0.855224,0,48.529,5.38651,43.5546,0.84672,12.849,0.84672,3695.15,0,36.966,0.42336,1.43444,1.94348,5.87395,1.335,7.4935,0.42336,36.966,0.42336,423.524,0,1.02816,0,0,2.4626,1.43444,1.028160,1,0,51.3128,0,0,0,51.3128,0
72.29,2.49345,0,0,3.28754,0.102619,0.691471,3.6288,61.308,0.66528,0,0,1.18404,0.313132,0.205631,0.66528,12.849,1,0.443191,0.691471,0,45.333,5.40551,40.1757,0.84672,12.849,0.84672,3695.15,0,36.966,0.42336,1.35026,1.9379,5.91823,1.39358,7.38944,0.42336,36.966,0.42336,423.524,0,1.02816,0,0,2.37842,1.35026,1.028160,1,0,47.7708,0,0,0,47.7708,0
72.29,2.49396,0,0,3.08557,0.102619,0.488991,3.6288,61.308,0.66528,0,0,1.04202,0.313132,0.0636061,0.66528,12.849,1,0.443282,0.488991,0,41.4212,5.40551,36.0614,0.84672,12.849,0.84672,3695.15,0,36.966,0.42336,1.26228,1.93802,5.61653,1.39358,6.99988,0.42336,36.966,0.42336,423.524,0,1.02816,0,0,2.29044,1.26228,1.028160,1,0,43.1249,0,0,0,43.1249,0
72.2199,2.49447,0,0,2.88988,0.102619,0.36288,3.6288,61.3011,0.66528,0,0,0.971551,0.313132,0,0.66528,12.849,1,0.443373,0.36288,0,39.6378,5.40551,34.1518,0.84672,12.849,0.84672,3695.15,0,36.966,0.42336,1.13593,1.93813,5.31609,1.39358,6.5732,0.42336,36.966,0.42336,423.524,0,1.02816,0,0,2.16409,1.13593,1.028160,1,0,40.725,0,0,0,40.725,0
72.2151,2.56122,0,0,2.99776,0.0785139,0.36288,3.6288,61.2666,0.66528,0,0,0.941916,0.311215,0,0.66528,12.849,1,0.45568,0.36288,0,34.9826,5.7637,29.1261,0.84672,12.849,0.84672,3695.15,0,36.966,0.42336,0.95701,1.93824,4.86537,1.40449,5.93277,0.42336,36.966,0.42336,423.524,0,1.02816,0,0,1.98517,0.95701,1.028160,1,0,35.0588,0,0,0,35.0588,0
72.2355,2.56172,0,0,3.01835,0.0733215,0.36288,3.6288,61.1807,0.66528,0,0,0.894983,0.315588,0,0.66528,12.849,1,0.455799,0.36288,0,45.8235,5.80167,39.9289,0.84672,12.849,0.84672,3695.15,0,36.966,0.42336,1.19417,1.95306,5.35567,1.42698,6.65256,0.42336,36.966,0.42336,423.524,0,1.02816,0,0,2.22233,1.19417,1.028160,1,0,46.5815,0,0,0,46.5815,0
72.0632,2.56235,0,0,2.82626,0.0733329,0.36288,3.6288,61.0323,0.66528,0,0,0.832308,0.315417,0,0.66528,12.849,1,0.455783,0.36288,0,36.7915,5.80167,30.8969,0.84672,12.849,0.84672,3695.15,0,36.966,0.42336,1.15295,1.95317,4.82771,1.42698,6.0835,0.42336,36.966,0.42336,423.524,0,1.02816,0,0,2.18111,1.15295,1.028160,1,0,36.9804,0,0,0,36.9804,0
71.6383,2.56195,0,0,2.5732,0.0732369,0.36288,3.6288,60.842,0.66528,0,0,0.790163,0.315121,0,0.66528,12.849,1,0.456801,0.36288,0,33.5306,5.80167,27.635,0.84672,12.849,0.84672,3695.15,0,36.966,0.42336,0.817327,1.95329,4.50317,1.42698,5.42345,0.42336,36.966,0.42336,423.524,0,1.02816,0,0,1.84549,0.817327,1.028160,1,0,33.0585,0,0,0,33.0585,0
71.5177,2.75514,0,0,3.07175,0.0743368,0.36288,3.6288,60.7186,0.66528,0,0,0.855732,0.313893,0,0.66528,12.849,1,0.49416,0.36288,0,35.9071,5.55003,30.2258,0.84672,12.849,0.84672,3695.15,0,36.966,0.42336,1.36111,1.9534,5.67496,1.4882,7.07792,0.42336,36.966,0.42336,423.524,0,1.02816,0,0,2.38927,1.36111,1.028160,1,0,37.3037,0,0,0,37.3037,0
71.5844,2.75499,0,0,3.25981,0.0752701,0.36288,3.6288,60.5239,0.66528,0,0,0.783562,0.313012,0,0.66528,12.849,1,0.494966,0.36288,0,39.2462,5.3613,33.7528,0.84672,12.849,0.84672,3695.15,0,36.966,0.42336,1.17343,1.99661,4.26366,1.53411,5.47623,0.42336,36.966,0.42336,423.524,0,1.02816,0,0,2.20159,1.17343,1.028160,1,0,39.229,0,0,0,39.229,0
71.0747,2.75594,0,0,2.68441,0.0753084,0.36288,3.6288,60.228,0.66528,0,0,0.681998,0.312625,0,0.66528,12.849,1,0.494676,0.36288,0,48.7217,5.3613,43.2286,0.84672,12.849,0.84672,3695.15,0,36.966,0.42336,0.917188,1.99673,3.80386,1.53411,4.76031,0.42336,36.966,0.42336,423.524,0,1.02816,0,0,1.94535,0.917188,1.028160,1,0,47.989,0,0,0,47.989,0
70.8529,2.75349,0,0,2.96965,0.0750156,0.36288,3.6288,60.1875,0.66528,0,0,0.936852,0.312037,0,0.66528,12.849,1,0.497781,0.36288,0,41.7723,5.3613,36.2761,0.84672,12.849,0.84672,3695.15,0,36.966,0.42336,1.51845,1.99685,4.54572,1.53411,6.10356,0.42336,36.966,0.42336,423.524,0,1.02816,0,0,2.54661,1.51845,1.028160,1,0,42.3797,0,0,0,42.3797,0
70.6023,2.75273,0,0,2.93954,0.0745321,0.36288,3.6288,59.9724,0.66528,0,0,0.747092,0.296905,0,0.66528,12.849,1,0.499201,0.36288,0,39.5871,5.18562,34.2652,0.84672,12.849,0.84672,3695.15,0,36.966,0.42336,1.2893,1.99698,5.13908,1.52366,6.47834,0.42336,36.966,0.42336,423.524,0,1.02816,0,0,2.31746,1.2893,1.028160,1,0,40.7435,0,0,0,40.7435,0
72.29,2.6569,0,0,5.06682,0.0735003,0.648741,3.6288,60.367,0.66528,0,0,1.31883,0.258921,0,0.66528,12.849,1,0.483532,0.648741,0,50.6082,4.74642,46.027,0.84672,12.849,0.84672,3695.15,0,36.966,0.42336,2.49909,1.9971,9.48872,1.49754,12.064,0.42336,36.966,0.42336,423.524,0,1.02816,0,0,3.52725,2.49909,1.028160,1,0,58.091,0,0,0,58.091,0
71.4576,2.66703,0,0,2.27196,0.0744537,0.36288,3.6288,60.1904,0.66528,0,0,0.748215,0.259572,0,0.66528,12.849,1,0.474044,0.36288,0,38.4807,4.74642,33.6231,0.84672,12.849,0.84672,3695.15,0,36.966,0.42336,0.774878,1.97621,4.87898,1.49754,5.70917,0.42336,36.966,0.42336,423.524,0,1.02816,0,0,1.80304,0.774878,1.028160,1,0,39.3322,0,0,0,39.3322,0
71.1771,2.66289,0,0,2.84546,0.100239,0.36288,3.6288,60.2152,0.66528,0,0,0.946806,0.256699,0,0.66528,12.849,1,0.478821,0.36288,0,36.7124,4.56595,32.0305,0.84672,12.849,0.84672,3695.15,0,36.966,0.42336,0.855956,1.97633,5.96895,1.47038,6.9075,0.42336,36.966,0.42336,423.524,0,1.02816,0,0,1.88412,0.855956,1.028160,1,0,38.938,0,0,0,38.938,0
72.29,2.66183,0,0,7.94091,0.191245,3.97489,3.6288,60.949,0.66528,0,0,1.67807,0.279061,0,0.66528,12.849,1,0.480518,3.97489,0,60.0648,4.08671,59.4724,0.84672,12.849,0.84672,3695.15,0,36.966,0.42336,3.60135,1.97645,12.8594,1.32859,16.6853,0.42336,36.966,0.42336,423.524,0,1.02816,0,0,4.62951,3.60135,1.028160,1,0,76.1577,0,0,0,76.1577,0
70.9061,2.59043,0,0,1.81264,0.243256,0.36288,3.6288,61.0067,0.66528,0,0,0.967585,0.244563,0,0.66528,12.849,1,0.460429,0.36288,0,57.3013,4.88392,52.3198,0.84672,12.849,0.84672,3695.15,0,36.966,0.42336,0.953476,1.97657,4.48034,1.13239,5.85464,0.42336,36.966,0.42336,423.524,0,1.02816,0,0,1.98164,0.953476,1.028160,1,0,58.1744,0,0,0,58.1744,0
69.6592,2.58335,0,0,1.94317,0.243778,0.36288,3.6288,61.3012,0.66528,0,0,1.19651,0.236702,0,0.66528,12.849,1,0.468132,0.36288,0,36.3766,4.96879,31.3025,0.84672,12.849,0.84672,3695.15,0,36.966,0.42336,1.43547,1.95942,6.32279,1.11042,8.1839,0.42336,36.966,0.42336,423.524,0,1.02816,0,0,2.46363,1.43547,1.028160,1,0,39.4864,0,0,0,39.4864,0
72.29,2.5768,0,0,7.90651,0.228884,2.47006,3.6288,61.308,0.66528,0,0,2.12496,0.205264,1.24765,0.66528,12.849,1,0.475304,2.47006,0,113.027,4.26009,110.761,0.84672,12.849,0.84672,3695.15,0,36.966,0.42336,2.97757,1.95954,15.1781,1.06714,18.6248,0.42336,36.966,0.42336,423.524,0,1.02816,0,0,4.00573,2.97757,1.028160,1,0,130.634,0,0,0,130.634,0
72.29,2.59201,0,0,4.13954,0.258753,1.28877,3.6288,61.308,0.66528,0,0,1.67702,0.178649,0.833086,0.66528,12.849,1,0.460711,1.28877,0,85.0176,3.69915,82.1465,0.84672,12.849,0.84672,3695.15,0,36.966,0.42336,2.07751,1.95965,12.0558,0.923568,14.7461,0.42336,36.966,0.42336,423.524,0,1.02816,0,0,3.10567,2.07751,1.028160,1,0,97.7257,0,0,0,97.7257,0
72.29,2.37022,0,0,4.46351,0.268118,1.82517,3.6288,61.308,0.66528,0,0,1.43192,0.20018,0.566456,0.66528,12.849,1,0.421289,1.82517,0,74.3446,3.67965,72.0688,0.84672,12.849,0.84672,3695.15,0,36.966,0.42336,1.59087,1.95977,9.14803,0.971031,11.3043,0.42336,36.966,0.42336,423.524,0,1.02816,0,0,2.61903,1.59087,1.028160,1,0,83.9396,0,0,0,83.9396,0
72.29,2.37071,0,0,5.75653,0.275142,3.11068,3.6288,61.308,0.66528,0,0,2.06905,0.216328,1.18744,0.66528,12.849,1,0.421376,3.11068,0,87.6856,3.66503,86.7099,0.84672,12.849,0.84672,3695.15,0,36.966,0.42336,3.03446,1.91082,13.7544,1.00663,17.2697,0.42336,36.966,0.42336,423.524,0,1.02816,0,0,4.06262,3.03446,1.028160,1,0,105.167,0,0,0,105.167,0
72.29,2.3712,0,0,6.23233,0.275142,3.58599,3.6288,61.308,0.66528,0,0,1.93572,0.216328,1.05411,0.66528,12.849,1,0.421463,3.58599,0,134.722,3.66503,134.221,0.84672,12.849,0.84672,3695.15,0,36.966,0.42336,2.67332,1.91093,15.7177,1.00663,18.872,0.42336,36.966,0.42336,423.524,0,1.02816,0,0,3.70148,2.67332,1.028160,1,0,154.147,0,0,0,154.147,0
72.29,2.37169,0,0,5.30916,0.282824,2.65465,3.6288,61.308,0.66528,0,0,1.58884,0.186069,0.737496,0.66528,12.849,1,0.42155,2.65465,0,186.63,3.33503,185.528,0.84672,12.849,0.84672,3695.15,0,36.966,0.42336,1.94137,1.91103,9.29267,0.917152,11.8046,0.42336,36.966,0.42336,423.524,0,1.02816,0,0,2.96953,1.94137,1.028160,1,0,198.07,0,0,0,198.07,0
72.29,2.37218,0,0,5.15277,0.274442,2.50615,3.6288,61.308,0.66528,0,0,1.4576,0.192629,0.599692,0.66528,12.849,1,0.421637,2.50615,0,114.399,3.34093,113.142,0.84672,12.849,0.84672,3695.15,0,36.966,0.42336,1.8798,1.91114,8.96892,1.00343,11.3331,0.42336,36.966,0.42336,423.524,0,1.02816,0,0,2.90796,1.8798,1.028160,1,0,125.075,0,0,0,125.075,0
72.29,2.45824,0,0,3.24955,0.290124,0.501185,3.6288,61.1944,0.672538,0,0,0.780449,0.221491,0,0.66528,12.849,1,0.436933,0.501185,0,61.1968,4.1621,57.0989,0.84672,12.849,0.84672,3695.15,0,36.966,0.42336,0.412474,1.91125,6.12894,0.982745,7.04656,0.42336,36.966,0.42336,423.524,0,1.0209,0,0,1.43338,0.412474,1.028160,1,0,64.1455,0,0,0,64.1455,0
72.1673,2.45871,0,0,2.98899,0.290124,0.36288,3.6288,61.3066,0.66528,0,0,0.998793,0.221332,0,0.66528,12.849,1,0.437017,0.36288,0,71.5715,4.1621,67.3353,0.84672,12.849,0.84672,3695.15,0,36.966,0.42336,0.87531,1.93024,6.14382,0.982745,7.54327,0.42336,36.966,0.42336,423.524,0,1.02816,0,0,1.90347,0.87531,1.028160,1,0,74.8785,0,0,0,74.8785,0
71.4595,2.45855,0,0,2.40353,0.289854,0.36288,3.6288,61.308,0.66528,0,0,0.944529,0.22149,0.0563601,0.66528,12.849,1,0.437732,0.36288,0,39.6306,4.1621,35.3936,0.84672,12.849,0.84672,3695.15,0,36.966,0.42336,0.825517,1.93035,4.59898,0.982745,5.94874,0.42336,36.966,0.42336,423.524,0,1.02816,0,0,1.85368,0.825517,1.028160,1,0,41.3987,0,0,0,41.3987,0
70.1283,2.45535,0,0,1.80667,0.319671,0.36288,3.6288,60.4244,1.22272,0,0,0.540798,0.201645,0,0.66528,12.849,1,0.441492,0.36288,0,41.1609,4.09599,36.9863,0.84672,12.849,0.84672,3695.15,0,36.966,0.42336,0.503194,1.93045,5.09277,0.93045,6.17261,0.42336,36.966,0.42336,423.524,0,0.470719,0,0,0.973913,0.503194,1.028160,1,0,43.1589,0,0,0,43.1589,0
69.333,2.72248,0,0,2.60455,0.314419,0.36288,3.6288,60.5,0.66528,0,0,0.92435,0.183485,0,0.66528,12.849,1,0.498817,0.36288,0,64.0979,3.48412,60.4779,0.84672,12.849,0.84672,3695.15,0,36.966,0.42336,0.693654,1.93056,6.33504,0.779691,7.7562,0.42336,36.966,0.42336,423.524,0,1.02816,0,0,1.72181,0.693654,1.028160,1,0,68.2341,0,0,0,68.2341,0
68.9563,2.71817,0,0,3.02369,0.31935,0.36288,3.6288,60.4377,0.66528,0,0,0.788867,0.185905,0,0.66528,12.849,1,0.50374,0.36288,0,65.2088,3.69694,61.371,0.84672,12.849,0.84672,3695.15,0,36.966,0.42336,0.819331,1.99136,6.14124,0.884742,7.64383,0.42336,36.966,0.42336,423.524,0,1.02816,0,0,1.84749,0.819331,1.028160,1,0,69.0149,0,0,0,69.0149,0
69.3145,2.71637,0,0,3.75579,0.318416,0.36288,3.6288,60.3858,0.66528,0,0,0.799217,0.185832,0,0.66528,12.849,1,0.506155,0.36288,0,93.2982,3.69694,89.458,0.84672,12.849,0.84672,3695.15,0,36.966,0.42336,0.968967,1.99148,6.74101,0.884742,8.39336,0.42336,36.966,0.42336,423.524,0,1.02816,0,0,1.99713,0.968967,1.028160,1,0,97.8513,0,0,0,97.8513,0
69.6831,2.71909,0,0,3.76993,0.319304,0.36288,3.6288,60.4207,0.66528,0,0,0.885946,0.18577,0,0.66528,12.849,1,0.504045,0.36288,0,86.3075,3.69694,82.4694,0.84672,12.849,0.84672,3695.15,0,36.966,0.42336,1.02911,1.99159,7.10217,0.884742,8.81476,0.42336,36.966,0.42336,423.524,0,1.02816,0,0,2.05727,1.02911,1.028160,1,0,91.2842,0,0,0,91.2842,0
70.1637,2.33154,0,0,3.48768,0.312724,0.36288,3.6288,61.0656,0.66528,0,0,1.4968,0.186607,0,0.66528,12.849,1,0.429917,0.36288,0,114.038,3.16572,110.805,0.84672,12.849,0.84672,3695.15,0,36.966,0.42336,2.37638,1.99171,8.59792,0.861026,11.6816,0.42336,36.966,0.42336,423.524,0,1.02816,0,0,3.40454,2.37638,1.028160,1,0,122.487,0,0,0,122.487,0
72.29,2.0727,0,0,4.88581,0.310879,0.375888,3.6288,61.308,0.64226,0,0,1.82561,0.187691,0.753271,0.66528,12.849,1,0.379571,0.375888,0,103.699,2.95323,100.742,0.84672,12.849,0.84672,3695.15,0,36.966,0.42336,3.16687,1.90519,10.0313,0.85154,13.8285,0.42336,36.966,0.42336,423.524,0,1.02816,0,0,4.19503,3.16687,1.028160,1,0,115.324,0,0,0,115.324,0
72.29,2.34561,0,0,3.70044,0.315977,1.03886,3.6288,61.308,0.66528,0,0,1.40342,0.187979,0.550162,0.66528,12.849,1,0.416914,1.03886,0,98.915,2.95323,96.5838,0.84672,12.849,0.84672,3695.15,0,36.966,0.42336,2.21434,1.82946,8.88157,0.85154,11.6505,0.42336,36.966,0.42336,423.524,0,1.02816,0,0,3.2425,2.21434,1.028160,1,0,108.784,0,0,0,108.784,0
72.29,2.083,0,0,4.50232,0.290001,2.12932,3.6288,61.308,0.642821,0,0,1.53274,0.182088,0.707836,0.66528,12.849,1,0.370237,2.12932,0,112.734,2.9601,111.533,0.84672,12.849,0.84672,3695.15,0,36.966,0.42336,2.64784,1.90539,8.15478,0.868591,11.4161,0.42336,36.966,0.42336,423.524,0,1.02816,0,0,3.676,2.64784,1.028160,1,0,123.657,0,0,0,123.657,0
72.29,2.08341,0,0,5.33961,0.296613,2.95959,3.6288,61.308,0.643101,0,0,1.96939,0.205059,1.12123,0.66528,12.849,1,0.37031,2.95959,0,134.203,3.95046,132.841,0.84672,12.849,0.84672,3695.15,0,36.966,0.42336,4.00706,1.83007,9.896,1.08269,14.2271,0.42336,36.966,0.42336,423.524,0,1.02816,0,0,5.03522,4.00706,1.028160,1,0,148.19,0,0,0,148.19,0
72.29,2.17309,0,0,6.9815,0.308841,4.49957,3.6288,61.308,0.66528,0,0,2.04668,0.159148,1.22225,0.66528,12.849,1,0.38625,4.49957,0,187.305,3.29879,188.119,0.84672,12.849,0.84672,3695.15,0,36.966,0.42336,3.26363,1.83038,10.5174,0.997525,14.1905,0.42336,36.966,0.42336,423.524,0,1.02816,0,0,4.29179,3.26363,1.028160,1,0,203.532,0,0,0,203.532,0
72.29,2.17351,0,0,6.26227,0.308841,3.77992,3.6288,61.308,0.66528,0,0,1.94725,0.159148,1.12282,0.66528,12.849,1,0.386326,3.77992,0,121.176,3.29879,121.271,0.84672,12.849,0.84672,3695.15,0,36.966,0.42336,3.16704,1.86731,9.79975,0.997525,13.4132,0.42336,36.966,0.42336,423.524,0,1.02816,0,0,4.1952,3.16704,1.028160,1,0,135.807,0,0,0,135.807,0
72.29,2.17394,0,0,6.25302,0.315178,3.7639,3.6288,61.308,0.66528,0,0,2.16124,0.191403,1.30455,0.66528,12.849,1,0.386401,3.7639,0,118.075,3.98117,117.471,0.84672,12.849,0.84672,3695.15,0,36.966,0.42336,3.52026,1.8674,11.7716,1.05607,15.6798,0.42336,36.966,0.42336,423.524,0,1.02816,0,0,4.54842,3.52026,1.028160,1,0,134.456,0,0,0,134.456,0
72.29,2.17436,0,0,5.62872,0.275944,3.17841,3.6288,61.308,0.66528,0,0,1.88546,0.202012,1.01816,0.66528,12.849,1,0.386477,3.17841,0,109.132,3.77031,108.153,0.84672,12.849,0.84672,3695.15,0,36.966,0.42336,2.91802,1.8675,8.93609,1.01683,12.2814,0.42336,36.966,0.42336,423.524,0,1.02816,0,0,3.94618,2.91802,1.028160,1,0,121.453,0,0,0,121.453,0
72.29,2.13986,0,0,4.83867,0.236354,2.46245,3.6288,61.308,0.66528,0,0,1.2456,0.217924,0.362398,0.66528,12.849,1,0.380344,2.46245,0,109.907,4.3427,107.646,0.84672,12.849,0.84672,3695.15,0,36.966,0.42336,2.54104,1.86759,10.5305,1.10047,13.4153,0.42336,36.966,0.42336,423.524,0,1.02816,0,0,3.5692,2.54104,1.028160,1,0,121.424,0,0,0,121.424,0
72.29,2.14028,0,0,3.87794,0.236354,1.50131,3.6288,61.308,0.66528,0,0,0.935021,0.217924,0.0518164,0.66528,12.849,1,0.380419,1.50131,0,77.3297,4.3427,74.1079,0.84672,12.849,0.84672,3695.15,0,36.966,0.42336,1.6895,1.85998,5.6077,1.10047,7.63334,0.42336,36.966,0.42336,423.524,0,1.02816,0,0,2.71766,1.6895,1.028160,1,0,81.7931,0,0,0,81.7931,0
72.29,2.1407,0,0,3.39583,0.236354,1.01878,3.6288,61.308,0.66528,0,0,0.887302,0.217924,0.00409771,0.66528,12.849,1,0.380493,1.01878,0,68.0789,4.3427,64.3745,0.84672,12.849,0.84672,3695.15,0,36.966,0.42336,1.3669,1.86007,5.2287,1.10047,6.93184,0.42336,36.966,0.42336,423.524,0,1.02816,0,0,2.39506,1.3669,1.028160,1,0,71.3104,0,0,0,71.3104,0
72.29,2.14112,0,0,3.05254,0.236354,0.675064,3.6288,61.211,0.66528,0,0,0.786205,0.217924,0,0.66528,12.849,1,0.380568,0.675064,0,58.8279,4.3427,54.7797,0.84672,12.849,0.84672,3695.15,0,36.966,0.42336,1.09739,1.86016,4.57527,1.10047,6.00899,0.42336,36.966,0.42336,423.524,0,1.02816,0,0,2.12555,1.09739,1.028160,1,0,60.7886,0,0,0,60.7886,0
72.0726,2.54233,0,0,2.8828,0.194943,0.36288,3.6288,61.1228,0.66528,0,0,0.753408,0.176286,0,0.66528,12.849,1,0.45188,0.36288,0,56.6535,3.64586,52.9187,0.84672,12.849,0.84672,3695.15,0,36.966,0.42336,1.19966,1.86025,4.70308,0.935434,6.4042,0.42336,36.966,0.42336,423.524,0,1.02816,0,0,2.22782,1.19966,1.028160,1,0,59.3229,0,0,0,59.3229,0
72.0514,2.25959,0,0,2.77991,0.178712,0.36288,3.6288,60.9902,0.66528,0,0,0.697619,0.164964,0,0.66528,12.849,1,0.402836,0.36288,0,53.0977,3.53609,49.5217,0.84672,12.849,0.84672,3695.15,0,36.966,0.42336,1.07851,1.9488,4.94612,0.916368,6.6337,0.42336,36.966,0.42336,423.524,0,1.02816,0,0,2.10667,1.07851,1.028160,1,0,56.1554,0,0,0,56.1554,0
71.8717,2.25993,0,0,2.61131,0.168178,0.36288,3.6288,60.8123,0.66528,0,0,0.667138,0.179791,0,0.66528,12.849,1,0.403015,0.36288,0,48.1406,3.73981,44.3607,0.84672,12.849,0.84672,3695.15,0,36.966,0.42336,0.790914,1.88663,4.196,0.970922,5.47926,0.42336,36.966,0.42336,423.524,0,1.02816,0,0,1.81907,0.790914,1.028160,1,0,49.8399,0,0,0,49.8399,0
71.299,2.54156,0,0,2.43676,0.105,0.36288,3.6288,60.5086,0.66528,0,0,0.630841,0.269277,0,0.66528,12.849,1,0.454372,0.36288,0,46.3294,4.96219,41.2757,0.84672,12.849,0.84672,3695.15,0,36.966,0.42336,0.655646,1.88673,3.86074,1.29824,4.68151,0.42336,36.966,0.42336,423.524,0,1.02816,0,0,1.68381,0.655646,1.028160,1,0,45.9572,0,0,0,45.9572,0
70.5163,2.53895,0,0,2.22868,0.109538,0.36288,3.6288,60.1587,0.66528,0,0,0.576607,0.261225,0,0.66528,12.849,1,0.457552,0.36288,0,40.3215,4.85665,35.3702,0.84672,12.849,0.84672,3695.15,0,36.966,0.42336,0.436596,1.94913,3.54219,1.25622,4.24834,0.42336,36.966,0.42336,423.524,0,1.02816,0,0,1.46476,0.436596,1.028160,1,0,39.6185,0,0,0,39.6185,0
69.6155,2.50923,0,0,2.09263,0.121298,0.36288,3.6288,59.6147,0.820446,0,0,0.518289,0.241852,0,0.66528,12.849,1,0.457214,0.36288,0,34.1248,4.5928,29.4377,0.84672,12.849,0.84672,3695.15,0,36.966,0.42336,0.30119,1.94923,3.47052,1.15115,4.14644,0.42336,36.966,0.42336,423.524,0,0.872994,0,0,1.17418,0.30119,1.028160,1,0,33.5841,0,0,0,33.5841,0
68.6624,2.50471,0,0,2.03495,0.120458,0.36288,3.6288,59.0827,0.781341,0,0,0.490395,0.241014,0,0.66528,12.849,1,0.462297,0.36288,0,32.0496,4.5928,27.3574,0.84672,12.849,0.84672,3695.15,0,36.966,0.42336,0.261274,1.9436,3.57586,1.15115,4.20623,0.42336,36.966,0.42336,423.524,0,0.912099,0,0,1.17337,0.261274,1.028160,1,0,31.5637,0,0,0,31.5637,0
67.564,2.49979,0,0,1.85583,0.0916543,0.36288,3.6288,58.3967,0.877314,0,0,0.477475,0.286173,0,0.66528,12.849,1,0.467792,0.36288,0,30.4785,5.24431,25.1292,0.84672,12.849,0.84672,3695.15,0,36.966,0.42336,0.261274,1.94371,3.44644,1.37164,3.85641,0.42336,36.966,0.42336,423.524,0,0.816126,0,0,1.0774,0.261274,1.028160,1,0,28.9857,0,0,0,28.9857,0
66.2969,2.49387,0,0,1.67665,0.0869509,0.36288,3.6288,57.7165,0.848102,0,0,0.45128,0.283338,0,0.66528,12.849,1,0.474273,0.36288,0,27.9184,5.8275,21.9795,0.84672,12.849,0.84672,3695.15,0,36.966,0.42336,0.261274,1.94381,3.40877,1.58443,3.60607,0.42336,36.966,0.42336,423.524,0,0.845338,0,0,1.10661,0.261274,1.028160,1,0,25.5856,0,0,0,25.5856,0
64.8357,2.55307,0,0,1.54427,0.0894917,0.36288,3.6288,56.8633,0.939859,0,0,0.387244,0.30064,0,0.66528,12.849,1,0.49481,0.36288,0,23.5991,5.74515,17.722,0.84672,12.849,0.84672,3695.15,0,36.966,0.42336,0.261274,1.94392,2.6773,1.51759,2.94155,0.42336,36.966,0.42336,423.524,0,0.753581,0,0,1.01485,0.261274,1.028160,1,0,20.6636,0,0,0,20.6636,0
63.2658,2.54425,0,0,1.42617,0.0890136,0.36288,3.6288,55.9738,0.950927,0,0,0.363524,0.302054,0,0.66528,12.849,1,0.504213,0.36288,0,21.7996,5.73142,15.9268,0.84672,12.849,0.84672,3695.15,0,36.966,0.42336,0.261274,1.95886,2.62753,1.50645,2.91785,0.42336,36.966,0.42336,423.524,0,0.742513,0,0,1.00379,0.261274,1.028160,1,0,18.8447,0,0,0,18.8447,0
61.5417,2.53433,0,0,1.26102,0.0878897,0.36288,3.6288,54.9947,1.02105,0,0,0.342215,0.300306,0,0.66528,12.849,1,0.514712,0.36288,0,20.5927,5.73142,14.7095,0.84672,12.849,0.84672,3695.15,0,36.966,0.42336,0.227405,1.95897,2.46495,1.50645,2.72152,0.42336,36.966,0.42336,423.524,0,0.672391,0,0,0.899796,0.227405,1.028160,1,0,17.431,0,0,0,17.431,0
59.7178,2.52288,0,0,1.13951,0.077652,0.36288,3.6288,53.9822,1.04792,0,0,0.338834,0.303356,0,0.66528,12.849,1,0.526741,0.36288,0,19.5204,5.88098,13.4756,0.84672,12.849,0.84672,3695.15,0,36.966,0.42336,0.227405,1.95908,2.45948,1.53633,2.68628,0.42336,36.966,0.42336,423.524,0,0.64552,0,0,0.872925,0.227405,1.028160,1,0,16.1619,0,0,0,16.1619,0
57.6606,2.70103,0,0,1.08627,0.0795731,0.36288,3.6288,52.8763,1.12395,0,0,0.317112,0.299071,0,0.66528,12.849,1,0.58116,0.36288,0,17.4004,5.89248,11.2896,0.84672,12.849,0.84672,3695.15,0,36.966,0.42336,0.227405,1.95919,2.45491,1.48252,2.73562,0.42336,36.966,0.42336,423.524,0,0.569488,0,0,0.796893,0.227405,1.028160,1,0,14.0252,0,0,0,14.0252,0
55.8742,2.68458,0,0,1.33692,0.0757975,0.36288,3.6288,51.7576,1.12602,0,0,0.311979,0.304703,0,0.66528,12.849,1,0.598229,0.36288,0,16.5836,5.98479,10.3635,0.84672,12.849,0.84672,3695.15,0,36.966,0.42336,0.227405,2.00277,2.28079,1.55402,2.53358,0.42336,36.966,0.42336,423.524,0,0.567423,0,0,0.794828,0.227405,1.028160,1,0,12.8971,0,0,0,12.8971,0
53.9405,2.66954,0,0,1.1732,0.074473,0.36288,3.6288,50.6181,1.13846,0,0,0.30098,0.301973,0,0.66528,12.849,1,0.613895,0.36288,0,21.0807,5.98479,14.8449,0.84672,12.849,0.84672,3695.15,0,36.966,0.42336,0.204422,2.00289,2.19019,1.55402,2.42011,0.42336,36.966,0.42336,423.524,0,0.554982,0,0,0.759404,0.204422,1.028160,1,0,17.265,0,0,0,17.265,0
52.0505,2.65227,0,0,1.19819,0.0730392,0.36288,3.6288,49.5688,1.09541,0,0,0.345252,0.299193,0,0.66528,12.849,1,0.631788,0.36288,0,18.2612,5.98479,12.0075,0.84672,12.849,0.84672,3695.15,0,36.966,0.42336,0.204422,2.00301,2.27448,1.55402,2.50452,0.42336,36.966,0.42336,423.524,0,0.59803,0,0,0.802452,0.204422,1.028160,1,0,14.5121,0,0,0,14.5121,0
50.2281,2.63437,0,0,1.2401,0.0652938,0.36288,3.6288,49.1746,0.66528,0,0,0.563396,0.292341,0,0.66528,12.849,1,0.65031,0.36288,0,18.2129,5.7873,12.1382,0.84672,12.849,0.84672,3695.15,0,36.966,0.42336,0.657046,2.00312,3.39968,1.51221,4.12427,0.42336,36.966,0.42336,423.524,0,1.02816,0,0,1.68521,0.657046,1.028160,1,0,16.2625,0,0,0,16.2625,0
48.4808,2.52597,0,0,1.1683,0.0267164,0.36288,3.6288,48.6278,0.66528,0,0,0.384268,0.265725,0,0.66528,12.849,1,0.646175,0.36288,0,16.5307,4.60236,11.645,0.84672,12.849,0.84672,3695.15,0,36.966,0.42336,0.262621,2.00324,2.5305,1.26132,3.11168,0.42336,36.966,0.42336,423.524,0,1.02816,0,0,1.29078,0.262621,1.028160,1,0,14.7567,0,0,0,14.7567,0
46.5341,2.50803,0,0,0.950383,0.0262211,0.36288,3.6288,47.7775,0.90212,0,0,0.316281,0.264526,0,0.66528,12.849,1,0.664711,0.36288,0,15.18,4.60236,10.2759,0.84672,12.849,0.84672,3695.15,0,36.966,0.42336,0.216518,1.98215,2.28639,1.26132,2.80038,0.42336,36.966,0.42336,423.524,0,0.79132,0,0,1.00784,0.216518,1.028160,1,0,13.0762,0,0,0,13.0762,0
45.167,2.48672,0,0,1.57022,0.0876445,0.36288,3.6288,47.3835,0.66528,0,0,0.478949,0.207662,0,0.66528,12.849,1,0.686633,0.36288,0,21.6117,3.77184,17.5161,0.84672,12.849,0.84672,3695.15,0,36.966,0.42336,0.252876,1.98226,3.02898,1.00173,3.83903,0.42336,36.966,0.42336,423.524,0,1.02816,0,0,1.28104,0.252876,1.028160,1,0,21.3551,0,0,0,21.3551,0
45.7036,2.47101,0,0,3.50249,0.132094,0.36288,3.6288,47.3141,0.66528,0,0,0.761814,0.165866,0,0.66528,12.849,1,0.702945,0.36288,0,55.2242,3.14895,51.7352,0.84672,12.849,0.84672,3695.15,0,36.966,0.42336,0.75136,1.98237,6.47475,0.807035,7.97809,0.42336,36.966,0.42336,423.524,0,1.02816,0,0,1.77952,0.75136,1.028160,1,0,59.7133,0,0,0,59.7133,0
44.7472,2.40537,0,0,1.965,0.153134,0.36288,3.6288,47.0798,0.66528,0,0,0.601183,0.17021,0,0.66528,12.849,1,0.67624,0.36288,0,39.2382,4.0299,34.895,0.84672,12.849,0.84672,3695.15,0,36.966,0.42336,0.754358,1.98249,4.00098,0.891418,5.42304,0.42336,36.966,0.42336,423.524,0,1.02816,0,0,1.78252,0.754358,1.028160,1,0,40.318,0,0,0,40.318,0
45.0747,2.3946,0,0,3.24453,0.159504,0.36288,3.6288,47.2279,0.66528,0,0,0.984971,0.171649,0,0.66528,12.849,1,0.6876,0.36288,0,50.6295,4.38228,45.9225,0.84672,12.849,0.84672,3695.15,0,36.966,0.42336,0.997332,1.96518,6.80124,0.925171,8.41523,0.42336,36.966,0.42336,423.524,0,1.02816,0,0,2.02549,0.997332,1.028160,1,0,54.3378,0,0,0,54.3378,0
45.9658,2.39894,0,0,3.81294,0.160096,0.36288,3.6288,48.0166,0.66528,0,0,1.62589,0.171862,0,0.66528,12.849,1,0.683842,0.36288,0,54.809,4.38228,50.1057,0.84672,12.849,0.84672,3695.15,0,36.966,0.42336,2.75588,1.96529,8.2658,0.925171,11.6384,0.42336,36.966,0.42336,423.524,0,1.02816,0,0,3.78404,2.75588,1.028160,1,0,61.7442,0,0,0,61.7442,0
45.7646,2.40976,0,0,2.7499,0.178435,0.36288,3.6288,48.2496,0.66528,0,0,1.07757,0.179268,0,0.66528,12.849,1,0.673611,0.36288,0,49.0164,4.49826,44.2075,0.84672,12.849,0.84672,3695.15,0,36.966,0.42336,1.61254,1.9654,8.40987,0.952248,10.6122,0.42336,36.966,0.42336,423.524,0,1.02816,0,0,2.6407,1.61254,1.028160,1,0,54.8197,0,0,0,54.8197,0
47.7358,2.20167,0,0,4.74707,0.211287,0.36288,3.6288,48.6714,0.66528,0,0,1.26567,0.178628,0,0.66528,12.849,1,0.618148,0.36288,0,99.1995,4.36242,94.5818,0.84672,12.849,0.84672,3695.15,0,36.966,0.42336,2.21882,1.96551,10.6211,0.964339,13.4177,0.42336,36.966,0.42336,423.524,0,1.02816,0,0,3.24698,2.21882,1.028160,1,0,108,0,0,0,108,0
47.4729,2.22221,0,0,2.5266,0.204389,0.36288,3.6288,48.9439,0.66528,0,0,1.09471,0.156923,0,0.66528,12.849,1,0.59815,0.36288,0,61.1643,3.7947,57.1343,0.84672,12.849,0.84672,3695.15,0,36.966,0.42336,1.59588,1.91612,5.7831,0.890203,7.98153,0.42336,36.966,0.42336,423.524,0,1.02816,0,0,2.62404,1.59588,1.028160,1,0,65.1159,0,0,0,65.1159,0
47.3203,1.97178,0,0,2.38689,0.204857,0.36288,3.6288,49.0769,0.66528,0,0,0.970298,0.171993,0,0.66528,12.849,1,0.53368,0.36288,0,62.0722,4.03557,57.8658,0.84672,12.849,0.84672,3695.15,0,36.966,0.42336,1.3075,1.91623,4.83554,0.985206,6.6507,0.42336,36.966,0.42336,423.524,0,1.02816,0,0,2.33566,1.3075,1.028160,1,0,64.5165,0,0,0,64.5165,0
48.295,1.97081,0,0,3.5323,0.223879,0.36288,3.6288,49.4561,0.66528,0,0,1.2501,0.20568,0,0.66528,12.849,1,0.535138,0.36288,0,67.763,4.64175,62.949,0.84672,12.849,0.84672,3695.15,0,36.966,0.42336,2.10201,1.85721,6.46632,1.17037,8.83181,0.42336,36.966,0.42336,423.524,0,1.02816,0,0,3.13017,2.10201,1.028160,1,0,71.7808,0,0,0,71.7808,0
49.9926,1.97973,0,0,4.2791,0.238934,0.36288,3.6288,49.9068,0.66528,0,0,1.30935,0.193315,0,0.66528,12.849,1,0.52671,0.36288,0,96.7222,4.32552,92.2329,0.84672,12.849,0.84672,3695.15,0,36.966,0.42336,2.25058,1.8573,7.84028,1.06041,10.4644,0.42336,36.966,0.42336,423.524,0,1.02816,0,0,3.27874,2.25058,1.028160,1,0,102.697,0,0,0,102.697,0
49.3876,2.06736,0,0,2.06482,0.239594,0.36288,3.6288,49.81,0.66528,0,0,0.742859,0.174381,0,0.66528,12.849,1,0.531348,0.36288,0,70.7004,3.38853,67.1434,0.84672,12.849,0.84672,3695.15,0,36.966,0.42336,1.04417,1.8574,5.401,0.889043,6.99017,0.42336,36.966,0.42336,423.524,0,1.02816,0,0,2.07233,1.04417,1.028160,1,0,74.1336,0,0,0,74.1336,0
49.6388,2.06257,0,0,2.91632,0.239623,0.36288,3.6288,49.9403,0.66528,0,0,0.962781,0.167266,0,0.66528,12.849,1,0.536611,0.36288,0,89.9027,3.30603,86.4229,0.84672,12.849,0.84672,3695.15,0,36.966,0.42336,1.15484,1.87469,5.77365,0.866674,7.51315,0.42336,36.966,0.42336,423.524,0,1.02816,0,0,2.183,1.15484,1.028160,1,0,93.936,0,0,0,93.936,0
53.8701,2.0651,0,0,6.8995,0.240266,0.36288,3.6288,50.8905,0.66528,0,0,1.78298,0.167445,0,0.66528,12.849,1,0.53455,0.36288,0,97.8247,3.30603,94.347,0.84672,12.849,0.84672,3695.15,0,36.966,0.42336,2.54349,1.87478,6.8304,0.866674,9.95862,0.42336,36.966,0.42336,423.524,0,1.02816,0,0,3.57165,2.54349,1.028160,1,0,104.306,0,0,0,104.306,0
58.9337,2.09938,0,0,7.76183,0.235916,0.36288,3.6288,51.87,0.66528,0,0,1.80706,0.162264,0,0.66528,12.849,1,0.500741,0.36288,0,124.09,3.22677,120.726,0.84672,12.849,0.84672,3695.15,0,36.966,0.42336,2.12306,1.87486,10.2668,0.859757,12.9816,0.42336,36.966,0.42336,423.524,0,1.02816,0,0,3.15122,2.12306,1.028160,1,0,133.707,0,0,0,133.707,0
67.2309,2.37725,0,0,11.298,0.260693,0.36288,3.6288,53.015,0.66528,0,0,1.97002,0.159806,0,0.66528,12.849,1,0.518298,0.36288,0,136.431,3.32706,132.948,0.84672,12.849,0.84672,3695.15,0,36.966,0.42336,3.25503,1.87495,11.8208,0.904398,15.623,0.42336,36.966,0.42336,423.524,0,1.02816,0,0,4.28319,3.25503,1.028160,1,0,148.571,0,0,0,148.571,0
69.1708,2.73154,0,0,5.35588,0.321576,0.36288,3.6288,53.3803,0.66528,0,0,1.20147,0.170815,0,0.66528,12.849,1,0.522045,0.36288,0,74.4016,3.55089,70.6916,0.84672,12.849,0.84672,3695.15,0,36.966,0.42336,1.48996,1.93031,7.28433,0.950847,9.3304,0.42336,36.966,0.42336,423.524,0,1.02816,0,0,2.51812,1.48996,1.028160,1,0,80.022,0,0,0,80.022,0
69.788,2.74437,0,0,4.03469,0.310224,0.36288,3.6288,53.3214,0.66528,0,0,0.782206,0.175852,0,0.66528,12.849,1,0.509788,0.36288,0,58.8871,3.58179,55.1584,0.84672,12.849,0.84672,3695.15,0,36.966,0.42336,0.85117,1.99741,6.76245,0.983777,8.20389,0.42336,36.966,0.42336,423.524,0,1.02816,0,0,1.87933,0.85117,1.028160,1,0,63.3623,0,0,0,63.3623,0
70.3336,2.74867,0,0,3.92801,0.270832,0.36288,3.6288,53.3375,0.66528,0,0,0.868479,0.18711,0,0.66528,12.849,1,0.50607,0.36288,0,91.3749,3.65904,87.5727,0.84672,12.849,0.84672,3695.15,0,36.966,0.42336,1.03585,1.99752,6.37473,1.0661,7.91864,0.42336,36.966,0.42336,423.524,0,1.02816,0,0,2.06401,1.03585,1.028160,1,0,95.4913,0,0,0,95.4913,0
71.1685,2.3582,0,0,3.84437,0.288379,0.36288,3.6288,53.7902,0.66528,0,0,1.31759,0.199583,0,0.66528,12.849,1,0.430812,0.36288,0,70.5799,3.85074,66.6612,0.84672,12.849,0.84672,3695.15,0,36.966,0.42336,1.0543,1.99763,5.78445,1.024,7.38902,0.42336,36.966,0.42336,423.524,0,1.02816,0,0,2.08246,1.0543,1.028160,1,0,74.0503,0,0,0,74.0503,0
72.29,2.09829,0,0,3.94006,0.302615,0.417681,3.6288,54.159,0.656696,0,0,1.23509,0.209674,0,0.66528,12.849,1,0.378832,0.417681,0,67.7398,3.99452,63.7842,0.84672,12.849,0.84672,3695.15,0,36.966,0.42336,1.27197,1.91035,6.60454,0.992417,8.37108,0.42336,36.966,0.42336,423.524,0,1.02816,0,0,2.30013,1.27197,1.028160,1,0,72.1553,0,0,0,72.1553,0
72.29,2.36896,0,0,3.85512,0.305212,1.18096,3.6288,54.8194,0.66528,0,0,1.53592,0.210198,0,0.66528,12.849,1,0.421064,1.18096,0,87.8559,3.99452,84.6213,0.84672,12.849,0.84672,3695.15,0,36.966,0.42336,1.57364,1.84527,7.99917,0.992417,10.0023,0.42336,36.966,0.42336,423.524,0,1.02816,0,0,2.6018,1.57364,1.028160,1,0,94.6236,0,0,0,94.6236,0
72.29,2.10405,0,0,5.39051,0.305212,2.98125,3.6288,55.5895,0.657223,0,0,1.63847,0.211117,0,0.66528,12.849,1,0.373979,2.98125,0,138.339,3.99452,136.951,0.84672,12.849,0.84672,3695.15,0,36.966,0.42336,1.71901,1.91054,10.47,0.992417,12.6837,0.42336,36.966,0.42336,423.524,0,1.02816,0,0,2.74717,1.71901,1.028160,1,0,149.635,0,0,0,149.635,0
72.29,2.10443,0,0,5.49689,0.301498,3.09096,3.6288,56.2094,0.657487,0,0,1.4968,0.219468,0,0.66528,12.849,1,0.374047,3.09096,0,106.886,4.26201,105.341,0.84672,12.849,0.84672,3695.15,0,36.966,0.42336,1.73495,1.84585,9.05282,1.04652,11.1637,0.42336,36.966,0.42336,423.524,0,1.02816,0,0,2.76311,1.73495,1.028160,1,0,116.505,0,0,0,116.505,0
72.29,2.19486,0,0,6.35586,0.290001,3.871,3.6288,57.4474,0.66528,0,0,2.1111,0.207785,0,0.66528,12.849,1,0.39012,3.871,0,120.147,4.57117,119.057,0.84672,12.849,0.84672,3695.15,0,36.966,0.42336,2.19199,1.84614,12.1494,1.01793,14.7462,0.42336,36.966,0.42336,423.524,0,1.02816,0,0,3.22015,2.19199,1.028160,1,0,133.803,0,0,0,133.803,0
72.29,2.19526,0,0,6.40039,0.290001,3.91513,3.6288,58.9101,0.66528,0,0,2.33745,0.209465,0,0.66528,12.849,1,0.390191,3.91513,0,120.795,4.57117,119.749,0.84672,12.849,0.84672,3695.15,0,36.966,0.42336,2.79455,1.87211,13.0655,1.01793,16.2909,0.42336,36.966,0.42336,423.524,0,1.02816,0,0,3.82271,2.79455,1.028160,1,0,136.04,0,0,0,136.04,0
72.29,2.19566,0,0,4.72159,0.290001,2.23593,3.6288,59.7678,0.66528,0,0,1.73439,0.211451,0,0.66528,12.849,1,0.390262,2.23593,0,86.7335,4.57117,84.008,0.84672,12.849,0.84672,3695.15,0,36.966,0.42336,1.47667,1.8722,9.25724,1.01793,11.1648,0.42336,36.966,0.42336,423.524,0,1.02816,0,0,2.50483,1.47667,1.028160,1,0,95.1728,0,0,0,95.1728,0
72.29,2.19606,0,0,4.17156,0.257824,1.71768,3.6288,60.3263,0.66528,0,0,1.44977,0.225941,0,0.66528,12.849,1,0.390333,1.71768,0,76.0355,4.68337,72.6794,0.84672,12.849,0.84672,3695.15,0,36.966,0.42336,1.24033,1.87229,8.00047,1.03204,9.65769,0.42336,36.966,0.42336,423.524,0,1.02816,0,0,2.26849,1.24033,1.028160,1,0,82.3371,0,0,0,82.3371,0
72.29,2.16123,0,0,3.8837,0.25127,1.4712,3.6288,60.5531,0.66528,0,0,1.12603,0.233971,0,0.66528,12.849,1,0.384142,1.4712,0,78.8599,5.2377,74.7092,0.84672,12.849,0.84672,3695.15,0,36.966,0.42336,1.18769,1.87238,6.95295,1.15403,8.43563,0.42336,36.966,0.42336,423.524,0,1.02816,0,0,2.21585,1.18769,1.028160,1,0,83.1449,0,0,0,83.1449,0
72.29,2.16162,0,0,3.48721,0.192962,1.13262,3.6288,60.8447,0.66528,0,0,1.17656,0.219731,0,0.66528,12.849,1,0.384212,1.13262,0,71.5012,4.44612,67.8035,0.84672,12.849,0.84672,3695.15,0,36.966,0.42336,0.913542,1.86469,6.40302,1.07909,7.6788,0.42336,36.966,0.42336,423.524,0,1.02816,0,0,1.9417,0.913542,1.028160,1,0,75.4823,0,0,0,75.4823,0
72.29,2.16202,0,0,3.27548,0.192962,0.920496,3.6288,61.0675,0.66528,0,0,1.10831,0.220138,0,0.66528,12.849,1,0.384282,0.920496,0,60.9311,4.44612,57.0212,0.84672,12.849,0.84672,3695.15,0,36.966,0.42336,0.782024,1.86478,5.84067,1.07909,6.98503,0.42336,36.966,0.42336,423.524,0,1.02816,0,0,1.81018,0.782024,1.028160,1,0,64.0062,0,0,0,64.0062,0
72.29,2.16241,0,0,3.13557,0.192962,0.780194,3.6288,61.2196,0.66528,0,0,1.03774,0.220449,0,0.66528,12.849,1,0.384352,0.780194,0,57.5423,4.44612,53.492,0.84672,12.849,0.84672,3695.15,0,36.966,0.42336,0.649227,1.86487,5.8261,1.07909,6.83774,0.42336,36.966,0.42336,423.524,0,1.02816,0,0,1.67739,0.649227,1.028160,1,0,60.3298,0,0,0,60.3298,0
71.9633,2.567,0,0,2.78822,0.185026,0.36288,3.6288,61.308,0.66528,0,0,0.960336,0.192608,0.0140091,0.66528,12.849,1,0.456266,0.36288,0,51.3516,4.20127,47.0569,0.84672,12.849,0.84672,3695.15,0,36.966,0.42336,0.659811,1.86495,5.34147,1.00883,6.43404,0.42336,36.966,0.42336,423.524,0,1.02816,0,0,1.68797,0.659811,1.028160,1,0,53.505,0,0,0,53.505,0
71.8245,2.28131,0,0,2.64082,0.13549,0.36288,3.6288,61.2522,0.66528,0,0,0.859957,0.250526,0,0.66528,12.849,1,0.407326,0.36288,0,44.8062,4.65643,40.1053,0.84672,12.849,0.84672,3695.15,0,36.966,0.42336,0.610623,1.95425,4.73142,1.14063,5.7323,0.42336,36.966,0.42336,423.524,0,1.02816,0,0,1.63878,0.610623,1.028160,1,0,45.8376,0,0,0,45.8376,0
71.6145,2.28105,0,0,2.56935,0.135347,0.36288,3.6288,61.133,0.66528,0,0,0.796582,0.250438,0,0.66528,12.849,1,0.408067,0.36288,0,41.6572,4.65643,36.9555,0.84672,12.849,0.84672,3695.15,0,36.966,0.42336,0.453479,1.89154,4.35767,1.14063,5.1387,0.42336,36.966,0.42336,423.524,0,1.02816,0,0,1.48164,0.453479,1.028160,1,0,42.0942,0,0,0,42.0942,0
70.8185,2.56473,0,0,2.25234,0.120809,0.36288,3.6288,60.9501,0.66528,0,0,0.74209,0.259682,0,0.66528,12.849,1,0.46016,0.36288,0,37.2184,4.76354,32.3575,0.84672,12.849,0.84672,3695.15,0,36.966,0.42336,0.353229,1.89163,4.22788,1.16799,4.88138,0.42336,36.966,0.42336,423.524,0,1.02816,0,0,1.38139,0.353229,1.028160,1,0,37.2389,0,0,0,37.2389,0
70.0713,2.5608,0,0,2.26246,0.0859443,0.36288,3.6288,60.7304,0.66528,0,0,0.724645,0.279107,0,0.66528,12.849,1,0.464621,0.36288,0,35.6857,5.07719,30.5068,0.84672,12.849,0.84672,3695.15,0,36.966,0.42336,0.333469,1.95455,4.01027,1.24181,4.63312,0.42336,36.966,0.42336,423.524,0,1.02816,0,0,1.36163,0.333469,1.028160,1,0,35.1399,0,0,0,35.1399,0
70.0199,2.53097,0,0,2.93663,0.0941268,0.36288,3.6288,60.5808,0.66528,0,0,0.77144,0.25577,0,0.66528,12.849,1,0.464104,0.36288,0,46.0096,5.35259,40.5557,0.84672,12.849,0.84672,3695.15,0,36.966,0.42336,0.496757,1.95465,3.96122,1.27425,4.71501,0.42336,36.966,0.42336,423.524,0,1.02816,0,0,1.52492,0.496757,1.028160,1,0,45.2708,0,0,0,45.2708,0
69.7944,2.53113,0,0,2.7626,0.0940895,0.36288,3.6288,60.3877,0.66528,0,0,0.727721,0.255527,0,0.66528,12.849,1,0.464475,0.36288,0,45.6687,5.35259,40.2145,0.84672,12.849,0.84672,3695.15,0,36.966,0.42336,0.395686,1.94897,4.1401,1.27425,4.78714,0.42336,36.966,0.42336,423.524,0,1.02816,0,0,1.42385,0.395686,1.028160,1,0,45.0017,0,0,0,45.0017,0
69.3229,2.53031,0,0,2.51553,0.0939257,0.36288,3.6288,60.1876,0.66528,0,0,0.72036,0.255214,0,0.66528,12.849,1,0.465825,0.36288,0,45.3155,5.35259,39.86,0.84672,12.849,0.84672,3695.15,0,36.966,0.42336,0.397708,1.94907,3.98463,1.27425,4.63379,0.42336,36.966,0.42336,423.524,0,1.02816,0,0,1.42587,0.397708,1.028160,1,0,44.4938,0,0,0,44.4938,0
68.6143,2.52809,0,0,2.27597,0.0935831,0.36288,3.6288,59.8955,0.705715,0,0,0.668529,0.254889,0,0.66528,12.849,1,0.468582,0.36288,0,40.6939,5.35259,35.2356,0.84672,12.849,0.84672,3695.15,0,36.966,0.42336,0.261274,1.94917,3.82163,1.27425,4.33445,0.42336,36.966,0.42336,423.524,0,0.987725,0,0,1.249,0.261274,1.028160,1,0,39.57,0,0,0,39.57,0
67.9268,2.5917,0,0,2.34515,0.0780464,0.36288,3.6288,59.5056,0.70346,0,0,0.613201,0.299596,0,0.66528,12.849,1,0.485333,0.36288,0,35.5662,5.77551,29.6683,0.84672,12.849,0.84672,3695.15,0,36.966,0.42336,0.261274,1.94927,3.23237,1.46423,3.55532,0.42336,36.966,0.42336,423.524,0,0.98998,0,0,1.25125,0.261274,1.028160,1,0,33.2236,0,0,0,33.2236,0
67.0434,2.58803,0,0,2.14561,0.0780944,0.36288,3.6288,59.006,0.777695,0,0,0.579795,0.301696,0,0.66528,12.849,1,0.489551,0.36288,0,32.8371,5.74707,26.9634,0.84672,12.849,0.84672,3695.15,0,36.966,0.42336,0.261274,1.96433,3.00934,1.46809,3.34349,0.42336,36.966,0.42336,423.524,0,0.915745,0,0,1.17702,0.261274,1.028160,1,0,30.3068,0,0,0,30.3068,0
65.9956,2.58308,0,0,1.97576,0.077553,0.36288,3.6288,58.469,0.804375,0,0,0.568078,0.300732,0,0.66528,12.849,1,0.495052,0.36288,0,30.9699,5.74707,25.0907,0.84672,12.849,0.84672,3695.15,0,36.966,0.42336,0.227405,1.96443,2.97887,1.46809,3.27926,0.42336,36.966,0.42336,423.524,0,0.889065,0,0,1.11647,0.227405,1.028160,1,0,28.3699,0,0,0,28.3699,0
64.6365,2.57696,0,0,1.64032,0.0596768,0.36288,3.6288,57.9183,0.811166,0,0,0.564998,0.304562,0,0.66528,12.849,1,0.50172,0.36288,0,29.3694,6.04135,23.1892,0.84672,12.849,0.84672,3695.15,0,36.966,0.42336,0.227405,1.96453,2.83696,1.45381,3.15172,0.42336,36.966,0.42336,423.524,0,0.882274,0,0,1.10968,0.227405,1.028160,1,0,26.341,0,0,0,26.341,0
62.9749,2.76374,0,0,1.54121,0.0761598,0.36288,3.6288,57.3076,0.841208,0,0,0.530206,0.299717,0,0.66528,12.849,1,0.549401,0.36288,0,27.2882,5.901,21.2007,0.84672,12.849,0.84672,3695.15,0,36.966,0.42336,0.227405,1.96463,2.7145,1.40382,3.07935,0.42336,36.966,0.42336,423.524,0,0.852232,0,0,1.07964,0.227405,1.028160,1,0,24.2801,0,0,0,24.2801,0
61.3413,2.75219,0,0,1.57063,0.0891432,0.36288,3.6288,56.6408,0.858902,0,0,0.505391,0.313237,0,0.66528,12.849,1,0.56154,0.36288,0,25.3221,5.97975,19.1437,0.84672,12.849,0.84672,3695.15,0,36.966,0.42336,0.227405,2.00857,2.49775,1.50169,2.80867,0.42336,36.966,0.42336,423.524,0,0.834538,0,0,1.06194,0.227405,1.028160,1,0,21.9524,0,0,0,21.9524,0
59.6875,2.74031,0,0,1.53734,0.0879543,0.36288,3.6288,55.9059,0.895579,0,0,0.47253,0.311883,0,0.66528,12.849,1,0.574005,0.36288,0,23.1072,5.97975,16.9163,0.84672,12.849,0.84672,3695.15,0,36.966,0.42336,0.204422,2.00868,2.50695,1.50169,2.795,0.42336,36.966,0.42336,423.524,0,0.797861,0,0,1.00228,0.204422,1.028160,1,0,19.7113,0,0,0,19.7113,0
58.7437,2.7277,0,0,2.23351,0.0866861,0.36288,3.6288,55.421,0.717422,0,0,0.542956,0.31039,0,0.66528,12.849,1,0.587196,0.36288,0,26.3176,5.97975,20.1135,0.84672,12.849,0.84672,3695.15,0,36.966,0.42336,0.204422,2.00879,2.77951,1.50169,3.06767,0.42336,36.966,0.42336,423.524,0,0.976018,0,0,1.18044,0.204422,1.028160,1,0,23.1812,0,0,0,23.1812,0
58.7662,2.72044,0,0,3.2192,0.113402,0.36288,3.6288,55.174,0.66528,0,0,0.718673,0.300376,0,0.66528,12.849,1,0.595041,0.36288,0,42.9384,5.84833,36.8579,0.84672,12.849,0.84672,3695.15,0,36.966,0.42336,0.251441,2.0089,3.09442,1.47518,3.45623,0.42336,36.966,0.42336,423.524,0,1.02816,0,0,1.2796,0.251441,1.028160,1,0,40.3141,0,0,0,40.3141,0
57.3368,2.62748,0,0,1.64477,0.0838153,0.36288,3.6288,54.6179,0.802881,0,0,0.539604,0.292852,0,0.66528,12.849,1,0.574488,0.36288,0,23.0355,5.83804,16.9859,0.84672,12.849,0.84672,3695.15,0,36.966,0.42336,0.204422,2.00901,3.00856,1.57775,3.22088,0.42336,36.966,0.42336,423.524,0,0.890559,0,0,1.09498,0.204422,1.028160,1,0,20.2068,0,0,0,20.2068,0
55.9192,2.61624,0,0,1.68934,0.127794,0.36288,3.6288,53.9841,0.901826,0,0,0.52016,0.252133,0,0.66528,12.849,1,0.586292,0.36288,0,17.6216,5.37712,12.0211,0.84672,12.849,0.84672,3695.15,0,36.966,0.42336,0.216518,1.98774,2.606,1.41097,2.97592,0.42336,36.966,0.42336,423.524,0,0.791614,0,0,1.00813,0.216518,1.028160,1,0,14.997,0,0,0,14.997,0
55.342,2.60462,0,0,2.53363,0.143378,0.36288,3.6288,53.6796,0.66528,0,0,0.598664,0.237916,0,0.66528,12.849,1,0.598484,0.36288,0,21.4606,5.2667,15.9583,0.84672,12.849,0.84672,3695.15,0,36.966,0.42336,0.226238,1.98784,2.77186,1.37304,3.18954,0.42336,36.966,0.42336,423.524,0,1.02816,0,0,1.2544,0.226238,1.028160,1,0,19.1479,0,0,0,19.1479,0
55.6574,2.60001,0,0,3.42083,0.142554,0.36288,3.6288,53.7443,0.66528,0,0,0.967412,0.237389,0,0.66528,12.849,1,0.603657,0.36288,0,42.8253,5.2667,37.3178,0.84672,12.849,0.84672,3695.15,0,36.966,0.42336,1.01144,1.98795,4.3663,1.37304,5.56929,0.42336,36.966,0.42336,423.524,0,1.02816,0,0,2.0396,1.01144,1.028160,1,0,42.8871,0,0,0,42.8871,0
54.8569,2.52712,0,0,2.24579,0.156296,0.36288,3.6288,53.4211,0.691644,0,0,0.571202,0.202745,0,0.66528,12.849,1,0.583408,0.36288,0,40.3641,4.18112,35.9625,0.84672,12.849,0.84672,3695.15,0,36.966,0.42336,0.216518,1.98806,2.75979,1.1249,3.41611,0.42336,36.966,0.42336,423.524,0,1.0018,0,0,1.21831,0.216518,1.028160,1,0,39.3786,0,0,0,39.3786,0
54.6307,2.52067,0,0,2.82233,0.164937,0.36288,3.6288,53.3475,0.670442,0,0,0.773038,0.176217,0,0.66528,12.849,1,0.59041,0.36288,0,41.0918,3.36693,37.4973,0.84672,12.849,0.84672,3695.15,0,36.966,0.42336,0.216518,1.9706,4.1467,0.938784,4.97168,0.42336,36.966,0.42336,423.524,0,1.023,0,0,1.23952,0.216518,1.028160,1,0,42.469,0,0,0,42.469,0
53.8771,2.51913,0,0,2.29295,0.164562,0.36288,3.6288,53.4503,0.66528,0,0,0.944171,0.176113,0,0.66528,12.849,1,0.592494,0.36288,0,37.16,3.36693,33.5634,0.84672,12.849,0.84672,3695.15,0,36.966,0.42336,0.940144,1.97071,3.76902,0.938784,5.31772,0.42336,36.966,0.42336,423.524,0,1.02816,0,0,1.9683,0.940144,1.028160,1,0,38.8811,0,0,0,38.8811,0
52.8908,2.51289,0,0,2.08006,0.190612,0.36288,3.6288,53.2986,0.66528,0,0,0.699717,0.186087,0,0.66528,12.849,1,0.599292,0.36288,0,36.4497,3.5409,32.6724,0.84672,12.849,0.84672,3695.15,0,36.966,0.42336,0.299596,1.97081,4.44133,0.979399,5.30898,0.42336,36.966,0.42336,423.524,0,1.02816,0,0,1.32776,0.299596,1.028160,1,0,37.9814,0,0,0,37.9814,0
55.7043,2.29008,0,0,5.69705,0.230558,0.36288,3.6288,53.3702,0.66528,0,0,0.924542,0.18772,0,0.66528,12.849,1,0.556341,0.36288,0,98.9341,3.71817,95.0225,0.84672,12.849,0.84672,3695.15,0,36.966,0.42336,0.831583,1.97091,6.33836,1.00184,7.71566,0.42336,36.966,0.42336,423.524,0,1.02816,0,0,1.85974,0.831583,1.028160,1,0,102.738,0,0,0,102.738,0
56.7781,2.31333,0,0,4.00215,0.252184,0.36288,3.6288,53.6683,0.66528,0,0,1.12312,0.159734,0,0.66528,12.849,1,0.533603,0.36288,0,44.2007,3.58144,40.4485,0.84672,12.849,0.84672,3695.15,0,36.966,0.42336,1.22024,1.92111,5.16609,0.922563,6.96151,0.42336,36.966,0.42336,423.524,0,1.02816,0,0,2.2484,1.22024,1.028160,1,0,47.41,0,0,0,47.41,0
59.6063,2.32198,0,0,5.76972,0.256628,0.36288,3.6288,54.4861,0.66528,0,0,1.66616,0.183049,0,0.66528,12.849,1,0.525468,0.36288,0,65.3036,3.94275,61.1983,0.84672,12.849,0.84672,3695.15,0,36.966,0.42336,1.86099,1.9212,7.32072,1.06507,9.61449,0.42336,36.966,0.42336,423.524,0,1.02816,0,0,2.88915,1.86099,1.028160,1,0,70.8128,0,0,0,70.8128,0
62.5066,2.34291,0,0,5.85964,0.253538,0.36288,3.6288,55.2375,0.66528,0,0,1.63325,0.216608,0,0.66528,12.849,1,0.505048,0.36288,0,65.0423,4.10016,60.7999,0.84672,12.849,0.84672,3695.15,0,36.966,0.42336,1.42039,1.9213,7.57277,1.12077,9.37034,0.42336,36.966,0.42336,423.524,0,1.02816,0,0,2.44855,1.42039,1.028160,1,0,70.1703,0,0,0,70.1703,0
66.9532,2.36277,0,0,7.41382,0.24153,0.36288,3.6288,56.4855,0.66528,0,0,2.10343,0.190134,0,0.66528,12.849,1,0.485696,0.36288,0,87.5327,3.31013,84.0998,0.84672,12.849,0.84672,3695.15,0,36.966,0.42336,2.86497,1.9214,11.6785,0.862789,15.1787,0.42336,36.966,0.42336,423.524,0,1.02816,0,0,3.89313,2.86497,1.028160,1,0,99.2785,0,0,0,99.2785,0
66.6682,2.47625,0,0,2.82424,0.270128,0.36288,3.6288,56.6689,0.66528,0,0,1.06787,0.219174,0,0.66528,12.849,1,0.475217,0.36288,0,44.266,4.73365,39.42,0.84672,12.849,0.84672,3695.15,0,36.966,0.42336,0.730642,1.92149,6.16675,1.2355,7.16002,0.42336,36.966,0.42336,423.524,0,1.02816,0,0,1.7588,0.730642,1.028160,1,0,46.58,0,0,0,46.58,0
64.8626,2.47496,0,0,1.30501,0.27281,0.36288,3.6288,56.9429,0.66528,0,0,1.16324,0.224021,0,0.66528,12.849,1,0.477,0.36288,0,46.0962,4.97091,41.0112,0.84672,12.849,0.84672,3695.15,0,36.966,0.42336,0.443249,1.94079,2.62094,1.29762,3.28401,0.42336,36.966,0.42336,423.524,0,1.02816,0,0,1.47141,0.443249,1.028160,1,0,44.2952,0,0,0,44.2952,0
63.7485,2.46428,0,0,1.98196,0.268906,0.36288,3.6288,57.4131,0.66528,0,0,1.35994,0.224421,0,0.66528,12.849,1,0.488164,0.36288,0,37.2825,4.97091,32.1863,0.84672,12.849,0.84672,3695.15,0,36.966,0.42336,0.647827,1.94089,3.15286,1.29762,4.02059,0.42336,36.966,0.42336,423.524,0,1.02816,0,0,1.67599,0.647827,1.028160,1,0,36.2069,0,0,0,36.2069,0
67.6618,2.18437,0,0,6.72704,0.266497,0.36288,3.6288,58.6468,0.66528,0,0,2.12409,0.225107,0,0.66528,12.849,1,0.440278,0.36288,0,82.5222,4.97091,77.4739,0.84672,12.849,0.84672,3695.15,0,36.966,0.42336,1.79552,1.94098,9.53909,1.29762,11.5546,0.42336,36.966,0.42336,423.524,0,1.02816,0,0,2.82368,1.79552,1.028160,1,0,89.0285,0,0,0,89.0285,0
70.761,2.75888,0,0,6.49852,0.277581,0.36288,3.6288,60.2288,0.66528,0,0,2.46135,0.214021,0,0.66528,12.849,1,0.523913,0.36288,0,203.33,4.48323,198.686,0.84672,12.849,0.84672,3695.15,0,36.966,0.42336,2.42857,1.87955,5.92827,1.18815,8.62487,0.42336,36.966,0.42336,423.524,0,1.02816,0,0,3.45673,2.42857,1.028160,1,0,207.311,0,0,0,207.311,0
72.29,2.77876,0,0,5.53416,0.283953,0.94241,3.6288,61.308,0.66528,0,0,2.07833,0.18659,0.147296,0.66528,12.849,1,0.504576,0.94241,0,118.538,4.02444,114.952,0.84672,12.849,0.84672,3695.15,0,36.966,0.42336,1.80976,2.00289,7.93193,1.06624,10.255,0.42336,36.966,0.42336,423.524,0,1.02816,0,0,2.83792,1.80976,1.028160,1,0,125.354,0,0,0,125.354,0
72.29,2.78828,0,0,5.8433,0.287286,2.76774,3.6288,61.308,0.66528,0,0,2.0225,0.187872,1.16935,0.66528,12.849,1,0.495595,2.76774,0,145.827,4.02444,144.074,0.84672,12.849,0.84672,3695.15,0,36.966,0.42336,2.75619,2.00299,11.0366,1.06624,14.3062,0.42336,36.966,0.42336,423.524,0,1.02816,0,0,3.78435,2.75619,1.028160,1,0,159.55,0,0,0,159.55,0
72.29,2.78874,0,0,3.94949,0.288042,0.872714,3.6288,61.308,0.864061,0,0,1.50769,0.183495,0.460134,0.66528,12.849,1,0.495677,0.872714,0,132.947,3.94883,129.375,0.84672,12.849,0.84672,3695.15,0,36.966,0.42336,0.608429,2.00309,5.8237,1.04456,6.9673,0.42336,36.966,0.42336,423.524,0,0.829379,0,0,1.43781,0.608429,1.028160,1,0,136.803,0,0,0,136.803,0
72.29,2.39008,0,0,3.73778,0.297852,1.04984,3.6288,61.308,0.66528,0,0,1.64493,0.156032,0.823614,0.66528,12.849,1,0.424819,1.04984,0,109.748,3.54009,106.833,0.84672,12.849,0.84672,3695.15,0,36.966,0.42336,1.34681,2.00319,7.81857,0.896604,9.84861,0.42336,36.966,0.42336,423.524,0,1.02816,0,0,2.37497,1.34681,1.028160,1,0,117.505,0,0,0,117.505,0
72.29,2.39048,0,0,5.06888,0.304887,2.37351,3.6288,61.308,0.66528,0,0,2.02454,0.154435,1.20483,0.66528,12.849,1,0.42489,2.37351,0,107.145,3.60003,105.493,0.84672,12.849,0.84672,3695.15,0,36.966,0.42336,2.01175,1.9152,10.3884,0.872787,13.0192,0.42336,36.966,0.42336,423.524,0,1.02816,0,0,3.03991,2.01175,1.028160,1,0,119.717,0,0,0,119.717,0
72.29,2.39088,0,0,4.10337,0.304887,1.4076,3.6288,61.308,0.66528,0,0,1.43087,0.154435,0.611156,0.66528,12.849,1,0.424961,1.4076,0,107.419,3.60003,104.801,0.84672,12.849,0.84672,3695.15,0,36.966,0.42336,0.91819,1.91529,7.12757,0.872787,8.6649,0.42336,36.966,0.42336,423.524,0,1.02816,0,0,1.94635,0.91819,1.028160,1,0,114.077,0,0,0,114.077,0
72.29,2.12382,0,0,2.85417,0.304887,0.425469,3.6288,61.308,0.66528,0,0,1.02226,0.154435,0.202544,0.66528,12.849,1,0.377492,0.425469,0,99.6054,3.60003,96.0533,0.84672,12.849,0.84672,3695.15,0,36.966,0.42336,0.696228,1.91538,6.85221,0.872787,8.16767,0.42336,36.966,0.42336,423.524,0,1.02816,0,0,1.72439,0.696228,1.028160,1,0,104.424,0,0,0,104.424,0
72.29,2.12418,0,0,3.17241,0.236918,0.811314,3.6288,61.308,0.687165,0,0,0.905455,0.118337,0.0999529,0.66528,12.849,1,0.377556,0.811314,0,90.5075,3.07686,87.8644,0.84672,12.849,0.84672,3695.15,0,36.966,0.42336,0.558835,1.85643,6.47577,0.797635,7.67004,0.42336,36.966,0.42336,423.524,0,1.00627,0,0,1.56511,0.558835,1.028160,1,0,95.6343,0,0,0,95.6343,0
72.29,2.2153,0,0,6.04159,0.268393,3.5579,3.6288,61.308,0.66528,0,0,1.29434,0.167107,0.461954,0.66528,12.849,1,0.393753,3.5579,0,166.538,4.27319,165.429,0.84672,12.849,0.84672,3695.15,0,36.966,0.42336,1.23949,1.85651,9.23771,0.931339,10.979,0.42336,36.966,0.42336,423.524,0,1.02816,0,0,2.26765,1.23949,1.028160,1,0,176.87,0,0,0,176.87,0
72.29,2.21567,0,0,4.89024,0.268393,2.40617,3.6288,61.308,0.66528,0,0,1.07081,0.167107,0.23842,0.66528,12.849,1,0.393819,2.40617,0,115.527,4.27319,113.266,0.84672,12.849,0.84672,3695.15,0,36.966,0.42336,1.05981,1.87663,7.71837,0.931339,9.30011,0.42336,36.966,0.42336,423.524,0,1.02816,0,0,2.08797,1.05981,1.028160,1,0,122.805,0,0,0,122.805,0
72.29,2.21605,0,0,4.27423,0.268393,1.78979,3.6288,61.308,0.66528,0,0,0.976035,0.167107,0.143648,0.66528,12.849,1,0.393886,1.78979,0,98.9029,4.27319,96.0257,0.84672,12.849,0.84672,3695.15,0,36.966,0.42336,0.940887,1.87671,6.91649,0.931339,8.37939,0.42336,36.966,0.42336,423.524,0,1.02816,0,0,1.96905,0.940887,1.028160,1,0,104.549,0,0,0,104.549,0
72.29,2.21642,0,0,4.53724,0.237148,2.08368,3.6288,61.308,0.66528,0,0,0.959869,0.14934,0.145249,0.66528,12.849,1,0.393952,2.08368,0,94.4412,3.58476,92.5462,0.84672,12.849,0.84672,3695.15,0,36.966,0.42336,0.804626,1.87679,7.35134,0.921325,8.68808,0.42336,36.966,0.42336,423.524,0,1.02816,0,0,1.83279,0.804626,1.028160,1,0,101.38,0,0,0,101.38,0
72.29,2.18129,0,0,4.21228,0.203058,1.82793,3.6288,61.308,0.66528,0,0,0.921845,0.195683,0.0608823,0.66528,12.849,1,0.387708,1.82793,0,92.4791,3.95401,89.9653,0.84672,12.849,0.84672,3695.15,0,36.966,0.42336,0.760683,1.87687,5.32424,1.01418,6.52426,0.42336,36.966,0.42336,423.524,0,1.02816,0,0,1.78884,0.760683,1.028160,1,0,96.5505,0,0,0,96.5505,0
72.29,2.18166,0,0,3.47908,0.194421,1.103,3.6288,61.308,0.66528,0,0,0.938183,0.217062,0.055841,0.66528,12.849,1,0.387773,1.103,0,79.0664,4.21186,75.5697,0.84672,12.849,0.84672,3695.15,0,36.966,0.42336,0.721267,1.86912,4.71007,1.05293,5.82417,0.42336,36.966,0.42336,423.524,0,1.02816,0,0,1.74943,0.721267,1.028160,1,0,81.4497,0,0,0,81.4497,0
72.29,2.18203,0,0,3.1384,0.194421,0.761955,3.6288,61.308,0.66528,0,0,0.936654,0.217062,0.0543116,0.66528,12.849,1,0.387839,0.761955,0,72.9086,4.21186,69.0709,0.84672,12.849,0.84672,3695.15,0,36.966,0.42336,0.643248,1.8692,4.62114,1.05293,5.6573,0.42336,36.966,0.42336,423.524,0,1.02816,0,0,1.67141,0.643248,1.028160,1,0,74.7825,0,0,0,74.7825,0
72.29,2.1824,0,0,3.5487,0.188339,1.17796,3.6288,61.2486,0.66528,0,0,0.825915,0.220029,0,0.66528,12.849,1,0.387904,1.17796,0,77.2269,4.44579,73.5712,0.84672,12.849,0.84672,3695.15,0,36.966,0.42336,0.483745,1.86928,5.88245,1.06215,6.74997,0.42336,36.966,0.42336,423.524,0,1.02816,0,0,1.5119,0.483745,1.028160,1,0,80.3212,0,0,0,80.3212,0
72.2017,2.59016,0,0,3.02328,0.158549,0.36288,3.6288,61.1614,0.66528,0,0,0.811331,0.233251,0,0.66528,12.849,1,0.460382,0.36288,0,69.1511,5.62803,63.4256,0.84672,12.849,0.84672,3695.15,0,36.966,0.42336,0.505483,1.86936,4.63606,1.09627,5.49128,0.42336,36.966,0.42336,423.524,0,1.02816,0,0,1.53364,0.505483,1.028160,1,0,68.9169,0,0,0,68.9169,0
72.1492,2.30332,0,0,2.70899,0.0953231,0.36288,3.6288,60.8325,0.840067,0,0,0.757581,0.246436,0,0.66528,12.849,1,0.409899,0.36288,0,58.225,5.49245,52.6855,0.84672,12.849,0.84672,3695.15,0,36.966,0.42336,0.402797,1.95936,4.10946,1.2207,4.82756,0.42336,36.966,0.42336,423.524,0,0.853373,0,0,1.25617,0.402797,1.028160,1,0,57.5131,0,0,0,57.5131,0
71.9792,2.30346,0,0,2.59167,0.0952851,0.36288,3.6288,60.4239,0.886404,0,0,0.723773,0.245923,0,0.66528,12.849,1,0.410221,0.36288,0,53.6344,5.49245,48.0947,0.84672,12.849,0.84672,3695.15,0,36.966,0.42336,0.402797,1.89615,3.9743,1.2207,4.62918,0.42336,36.966,0.42336,423.524,0,0.807036,0,0,1.20983,0.402797,1.028160,1,0,52.7238,0,0,0,52.7238,0
71.413,2.58976,0,0,2.4816,0.0951621,0.36288,3.6288,60.2491,0.66528,0,0,0.735782,0.245286,0,0.66528,12.849,1,0.462298,0.36288,0,51.1725,5.49245,45.5806,0.84672,12.849,0.84672,3695.15,0,36.966,0.42336,0.328268,1.89623,3.78397,1.2207,4.36441,0.42336,36.966,0.42336,423.524,0,1.02816,0,0,1.35643,0.328268,1.028160,1,0,49.945,0,0,0,49.945,0
70.6249,2.58708,0,0,2.28589,0.124059,0.36288,3.6288,59.9964,0.705154,0,0,0.689524,0.237166,0,0.66528,12.849,1,0.465481,0.36288,0,47.8366,4.98475,42.7492,0.84672,12.849,0.84672,3695.15,0,36.966,0.42336,0.30119,1.95965,3.46498,1.24029,4.06217,0.42336,36.966,0.42336,423.524,0,0.988286,0,0,1.28948,0.30119,1.028160,1,0,46.8114,0,0,0,46.8114,0
70.0928,2.55677,0,0,2.45495,0.0674191,0.36288,3.6288,59.5248,0.66528,0,0,0.488043,0.294311,0,0.66528,12.849,1,0.465161,0.36288,0,44.3337,5.91577,38.3157,0.84672,12.849,0.84672,3695.15,0,36.966,0.42336,0.385007,1.95974,3.46663,1.41742,3.9706,0.42336,36.966,0.42336,423.524,0,1.02816,0,0,1.41317,0.385007,1.028160,1,0,42.2863,0,0,0,42.2863,0
69.2952,2.55421,0,0,2.18725,0.0676866,0.36288,3.6288,58.9071,0.775371,0,0,0.450998,0.293377,0,0.66528,12.849,1,0.468223,0.36288,0,40.2579,5.87402,34.2785,0.84672,12.849,0.84672,3695.15,0,36.966,0.42336,0.30119,1.954,2.89135,1.41198,3.3112,0.42336,36.966,0.42336,423.524,0,0.918069,0,0,1.21926,0.30119,1.028160,1,0,37.5898,0,0,0,37.5898,0
68.335,2.55009,0,0,2.02003,0.0672701,0.36288,3.6288,58.2421,0.803123,0,0,0.43041,0.292218,0,0.66528,12.849,1,0.472847,0.36288,0,36.4921,5.87402,30.5081,0.84672,12.849,0.84672,3695.15,0,36.966,0.42336,0.261274,1.95409,2.87949,1.41198,3.25951,0.42336,36.966,0.42336,423.524,0,0.890317,0,0,1.15159,0.261274,1.028160,1,0,33.7676,0,0,0,33.7676,0
67.3155,2.54491,0,0,1.95503,0.0667686,0.36288,3.6288,57.4252,0.931444,0,0,0.40553,0.290971,0,0.66528,12.849,1,0.478519,0.36288,0,32.9989,5.87402,27.0093,0.84672,12.849,0.84672,3695.15,0,36.966,0.42336,0.261274,1.95419,2.81023,1.41198,3.19035,0.42336,36.966,0.42336,423.524,0,0.761996,0,0,1.02327,0.261274,1.028160,1,0,30.1996,0,0,0,30.1996,0
66.4107,2.60681,0,0,2.12169,0.0567642,0.36288,3.6288,56.7224,0.825526,0,0,0.42119,0.298508,0,0.66528,12.849,1,0.49758,0.36288,0,33.1743,5.57066,27.469,0.84672,12.849,0.84672,3695.15,0,36.966,0.42336,0.261274,1.95428,2.83463,1.4503,3.17653,0.42336,36.966,0.42336,423.524,0,0.867914,0,0,1.12919,0.261274,1.028160,1,0,30.6455,0,0,0,30.6455,0
65.4101,2.60156,0,0,2.01306,0.0493061,0.36288,3.6288,56.0216,0.809093,0,0,0.412202,0.30392,0,0.66528,12.849,1,0.503343,0.36288,0,32.9143,5.34313,27.4307,0.84672,12.849,0.84672,3695.15,0,36.966,0.42336,0.261274,1.96945,2.85357,1.47904,3.1819,0.42336,36.966,0.42336,423.524,0,0.884347,0,0,1.14562,0.261274,1.028160,1,0,30.6126,0,0,0,30.6126,0
64.2432,2.59555,0,0,1.84051,0.0489142,0.36288,3.6288,55.2181,0.899173,0,0,0.398179,0.302533,0,0.66528,12.849,1,0.509863,0.36288,0,30.91,5.34313,25.4199,0.84672,12.849,0.84672,3695.15,0,36.966,0.42336,0.261274,1.96955,2.71884,1.47904,3.04726,0.42336,36.966,0.42336,423.524,0,0.794267,0,0,1.05554,0.261274,1.028160,1,0,28.4672,0,0,0,28.4672,0
62.8384,2.58826,0,0,1.57938,0.0330574,0.36288,3.6288,54.4319,0.875629,0,0,0.396549,0.307061,0,0.66528,12.849,1,0.517666,0.36288,0,29.4841,5.60244,23.7269,0.84672,12.849,0.84672,3695.15,0,36.966,0.42336,0.227405,1.96964,2.70158,1.49431,2.98096,0.42336,36.966,0.42336,423.524,0,0.817811,0,0,1.04522,0.227405,1.028160,1,0,26.7078,0,0,0,26.7078,0
61.0939,2.77479,0,0,1.43393,0.040739,0.36288,3.6288,53.6464,0.874973,0,0,0.384731,0.295239,0,0.66528,12.849,1,0.567381,0.36288,0,27.9958,5.43149,22.3599,0.84672,12.849,0.84672,3695.15,0,36.966,0.42336,0.227405,1.96974,2.64949,1.38944,3.03383,0.42336,36.966,0.42336,423.524,0,0.818467,0,0,1.04587,0.227405,1.028160,1,0,25.3937,0,0,0,25.3937,0
59.6426,2.76186,0,0,1.70383,0.030376,0.36288,3.6288,53.0308,0.733121,0,0,0.414441,0.297003,0,0.66528,12.849,1,0.580862,0.36288,0,28.8732,5.22701,23.4282,0.84672,12.849,0.84672,3695.15,0,36.966,0.42336,0.227405,2.01401,2.89405,1.47235,3.23975,0.42336,36.966,0.42336,423.524,0,0.960319,0,0,1.18772,0.227405,1.028160,1,0,26.6679,0,0,0,26.6679,0
58.01,2.75068,0,0,1.51089,0.0299865,0.36288,3.6288,52.3027,0.805594,0,0,0.373118,0.295547,0,0.66528,12.849,1,0.592588,0.36288,0,25.6597,5.22701,20.203,0.84672,12.849,0.84672,3695.15,0,36.966,0.42336,0.227405,2.01412,2.80877,1.47235,3.15458,0.42336,36.966,0.42336,423.524,0,0.887846,0,0,1.11525,0.227405,1.028160,1,0,23.3575,0,0,0,23.3575,0
56.5725,2.73747,0,0,1.69242,0.0295167,0.36288,3.6288,51.6401,0.75155,0,0,0.38275,0.293827,0,0.66528,12.849,1,0.606341,0.36288,0,25.5059,5.22701,20.0354,0.84672,12.849,0.84672,3695.15,0,36.966,0.42336,0.204422,2.01422,3.01043,1.47235,3.33336,0.42336,36.966,0.42336,423.524,0,0.94189,0,0,1.14631,0.204422,1.028160,1,0,23.3688,0,0,0,23.3688,0
56.1459,2.72537,0,0,2.7086,0.0469542,0.36288,3.6288,51.157,0.66528,0,0,0.470399,0.288243,0,0.66528,12.849,1,0.618997,0.36288,0,42.3732,5.10826,37.0088,0.84672,12.849,0.84672,3695.15,0,36.966,0.42336,0.364504,2.01432,3.28164,1.45779,3.77931,0.42336,36.966,0.42336,423.524,0,1.02816,0,0,1.39266,0.364504,1.028160,1,0,40.7881,0,0,0,40.7881,0
54.7479,2.62842,0,0,1.66163,0.0683067,0.36288,3.6288,50.751,0.66528,0,0,0.525537,0.266209,0,0.66528,12.849,1,0.601514,0.36288,0,20.037,4.80006,14.9983,0.84672,12.849,0.84672,3695.15,0,36.966,0.42336,0.988667,2.01442,2.89783,1.15871,4.31885,0.42336,36.966,0.42336,423.524,0,1.02816,0,0,2.01683,0.988667,1.028160,1,0,19.3172,0,0,0,19.3172,0
52.6871,2.61641,0,0,0.987163,0.0687093,0.36288,3.6288,49.9907,0.754989,0,0,0.256973,0.262357,0,0.66528,12.849,1,0.614055,0.36288,0,17.0675,4.76354,12.0527,0.84672,12.849,0.84672,3695.15,0,36.966,0.42336,0.204422,1.99298,1.94524,1.11069,2.6086,0.42336,36.966,0.42336,423.524,0,0.938451,0,0,1.14287,0.204422,1.028160,1,0,14.6613,0,0,0,14.6613,0
50.6197,2.59753,0,0,0.960267,0.0672835,0.36288,3.6288,49.1028,0.864873,0,0,0.237728,0.260732,0,0.66528,12.849,1,0.633469,0.36288,0,15.5905,4.76354,10.5564,0.84672,12.849,0.84672,3695.15,0,36.966,0.42336,0.216518,1.99308,1.91138,1.11069,2.58693,0.42336,36.966,0.42336,423.524,0,0.828567,0,0,1.04509,0.216518,1.028160,1,0,13.1433,0,0,0,13.1433,0
49.4307,2.57732,0,0,1.93041,0.179217,0.36288,3.6288,48.7858,0.66528,0,0,0.509865,0.161521,0,0.66528,12.849,1,0.65421,0.36288,0,42.3898,3.31013,38.7884,0.84672,12.849,0.84672,3695.15,0,36.966,0.42336,0.473947,1.99318,4.81597,0.656404,6.20333,0.42336,36.966,0.42336,423.524,0,1.02816,0,0,1.50211,0.473947,1.028160,1,0,44.9917,0,0,0,44.9917,0
49.0955,2.4903,0,0,2.69878,0.180749,0.36288,3.6288,48.4368,0.66528,0,0,0.494903,0.178705,0,0.66528,12.849,1,0.647328,0.36288,0,51.1744,3.66927,47.2207,0.84672,12.849,0.84672,3695.15,0,36.966,0.42336,0.665574,1.99328,4.34679,0.812275,5.77001,0.42336,36.966,0.42336,423.524,0,1.02816,0,0,1.69373,0.665574,1.028160,1,0,52.9907,0,0,0,52.9907,0
47.1582,2.48721,0,0,1.09785,0.185108,0.36288,3.6288,48.0513,0.66528,0,0,0.481417,0.201596,0,0.66528,12.849,1,0.650938,0.36288,0,31.2692,4.14813,26.833,0.84672,12.849,0.84672,3695.15,0,36.966,0.42336,0.235233,1.97568,4.19413,1.0201,4.96158,0.42336,36.966,0.42336,423.524,0,1.02816,0,0,1.26339,0.235233,1.028160,1,0,31.7946,0,0,0,31.7946,0
45.7174,2.4666,0,0,1.56996,0.181241,0.36288,3.6288,47.5223,0.780054,0,0,0.451986,0.20095,0,0.66528,12.849,1,0.672064,0.36288,0,38.7672,4.14813,34.3098,0.84672,12.849,0.84672,3695.15,0,36.966,0.42336,0.216518,1.97578,4.802,1.0201,5.55083,0.42336,36.966,0.42336,423.524,0,0.913386,0,0,1.1299,0.216518,1.028160,1,0,39.8607,0,0,0,39.8607,0
46.8408,2.45047,0,0,4.11508,0.178365,0.36288,3.6288,48.0088,0.66528,0,0,1.35187,0.200065,0,0.66528,12.849,1,0.68871,0.36288,0,86.1488,4.14813,81.6748,0.84672,12.849,0.84672,3695.15,0,36.966,0.42336,2.85371,1.97587,9.71278,1.0201,13.0989,0.42336,36.966,0.42336,423.524,0,1.02816,0,0,3.88187,2.85371,1.028160,1,0,94.7737,0,0,0,94.7737,0
46.6848,2.25326,0,0,2.6448,0.18464,0.36288,3.6288,48.0182,0.66528,0,0,0.887293,0.212642,0,0.66528,12.849,1,0.618097,0.36288,0,67.9571,4.13109,63.5708,0.84672,12.849,0.84672,3695.15,0,36.966,0.42336,1.59868,1.97597,5.68788,1.00816,7.831,0.42336,36.966,0.42336,423.524,0,1.02816,0,0,2.62684,1.59868,1.028160,1,0,71.4018,0,0,0,71.4018,0
47.2792,2.00077,0,0,3.14565,0.187588,0.36288,3.6288,48.2806,0.66528,0,0,1.13993,0.21222,0,0.66528,12.849,1,0.550668,0.36288,0,68.0817,4.19628,63.6977,0.84672,12.849,0.84672,3695.15,0,36.966,0.42336,2.3362,1.92578,9.41613,1.03246,12.2223,0.42336,36.966,0.42336,423.524,0,1.02816,0,0,3.36436,2.3362,1.028160,1,0,75.92,0,0,0,75.92,0
47.7584,2.00655,0,0,3.05078,0.202207,0.36288,3.6288,48.6656,0.66528,0,0,1.22066,0.170361,0,0.66528,12.849,1,0.545316,0.36288,0,87.5422,3.99945,83.3603,0.84672,12.849,0.84672,3695.15,0,36.966,0.42336,2.31854,1.86583,10.5962,0.993069,13.3641,0.42336,36.966,0.42336,423.524,0,1.02816,0,0,3.3467,2.31854,1.028160,1,0,96.7244,0,0,0,96.7244,0
50.6109,2.0112,0,0,5.4299,0.203273,0.36288,3.6288,50.8996,0.66528,0,0,3.07022,0.170906,0,0.66528,12.849,1,0.541097,0.36288,0,120.03,3.99945,115.853,0.84672,12.849,0.84672,3695.15,0,36.966,0.42336,6.44564,1.86591,19.6856,0.993069,26.5808,0.42336,36.966,0.42336,423.524,0,1.02816,0,0,7.4738,6.44564,1.028160,1,0,142.433,0,0,0,142.433,0
51.8194,2.03587,0,0,3.81137,0.204138,0.36288,3.6288,51.5639,0.66528,0,0,1.52272,0.193168,0,0.66528,12.849,1,0.516862,0.36288,0,130.13,4.17524,125.801,0.84672,12.849,0.84672,3695.15,0,36.966,0.42336,3.5127,1.86599,14.8608,1.02839,18.7877,0.42336,36.966,0.42336,423.524,0,1.02816,0,0,4.54086,3.5127,1.028160,1,0,144.589,0,0,0,144.589,0
53.0177,2.12058,0,0,3.89696,0.215189,0.36288,3.6288,52.2545,0.66528,0,0,1.58655,0.23067,0,0.66528,12.849,1,0.525812,0.36288,0,87.6398,4.09789,83.379,0.84672,12.849,0.84672,3695.15,0,36.966,0.42336,3.24725,1.86607,9.21033,0.847453,13.0528,0.42336,36.966,0.42336,423.524,0,1.02816,0,0,4.27541,3.24725,1.028160,1,0,96.4318,0,0,0,96.4318,0
55.8064,2.13047,0,0,5.49661,0.214543,0.36288,3.6288,54.1449,0.66528,0,0,2.75795,0.202322,0,0.66528,12.849,1,0.516327,0.36288,0,97.4056,3.29396,93.9582,0.84672,12.849,0.84672,3695.15,0,36.966,0.42336,5.50044,1.88362,13.5524,0.542697,19.9705,0.42336,36.966,0.42336,423.524,0,1.02816,0,0,6.5286,5.50044,1.028160,1,0,113.929,0,0,0,113.929,0
58.4047,2.15178,0,0,5.33363,0.220674,0.36288,3.6288,55.2969,0.66528,0,0,2.0226,0.205315,0,0.66528,12.849,1,0.495431,0.36288,0,114.862,3.29396,111.435,0.84672,12.849,0.84672,3695.15,0,36.966,0.42336,4.74239,1.8837,11.4366,0.542697,17.0966,0.42336,36.966,0.42336,423.524,0,1.02816,0,0,5.77055,4.74239,1.028160,1,0,128.532,0,0,0,128.532,0
60.04,2.17019,0,0,4.41063,0.242249,0.36288,3.6288,56.0421,0.66528,0,0,1.64591,0.235398,0,0.66528,12.849,1,0.47744,0.36288,0,112.063,3.7845,108.164,0.84672,12.849,0.84672,3695.15,0,36.966,0.42336,3.05941,1.88378,10.4458,0.76295,14.2026,0.42336,36.966,0.42336,423.524,0,1.02816,0,0,4.08757,3.05941,1.028160,1,0,122.367,0,0,0,122.367,0
61.2315,2.42801,0,0,4.25974,0.277363,0.36288,3.6288,57.005,0.66528,0,0,1.86273,0.234566,0,0.66528,12.849,1,0.519611,0.36288,0,86.6632,4.00155,82.5049,0.84672,12.849,0.84672,3695.15,0,36.966,0.42336,3.61259,1.88385,11.2021,0.957488,15.3177,0.42336,36.966,0.42336,423.524,0,1.02816,0,0,4.64075,3.61259,1.028160,1,0,97.8226,0,0,0,97.8226,0
60.9449,2.43674,0,0,2.81682,0.303833,0.36288,3.6288,57.4492,0.66528,0,0,1.28386,0.174373,0,0.66528,12.849,1,0.511333,0.36288,0,58.8514,3.60854,55.0944,0.84672,12.849,0.84672,3695.15,0,36.966,0.42336,1.91527,1.94007,6.00553,0.98318,8.45434,0.42336,36.966,0.42336,423.524,0,1.02816,0,0,2.94343,1.91527,1.028160,1,0,63.5487,0,0,0,63.5487,0
61.3426,2.43513,0,0,3.49884,0.303112,0.36288,3.6288,57.9097,0.66528,0,0,1.30068,0.174876,0,0.66528,12.849,1,0.513398,0.36288,0,84.2031,3.60854,80.4441,0.84672,12.849,0.84672,3695.15,0,36.966,0.42336,2.15369,1.94016,6.59203,0.98318,9.27935,0.42336,36.966,0.42336,423.524,0,1.02816,0,0,3.18185,2.15369,1.028160,1,0,89.7234,0,0,0,89.7234,0
61.7494,2.43826,0,0,3.51201,0.304113,0.36288,3.6288,58.5109,0.66528,0,0,1.44185,0.175398,0,0.66528,12.849,1,0.510724,0.36288,0,77.8922,3.60854,74.1358,0.84672,12.849,0.84672,3695.15,0,36.966,0.42336,2.24952,1.94024,6.94509,0.98318,9.72831,0.42336,36.966,0.42336,423.524,0,1.02816,0,0,3.27768,2.24952,1.028160,1,0,83.8641,0,0,0,83.8641,0
62.1916,2.08753,0,0,3.19119,0.298594,0.36288,3.6288,59.1855,0.66528,0,0,1.51178,0.171879,0,0.66528,12.849,1,0.43438,0.36288,0,65.4076,3.84355,61.4925,0.84672,12.849,0.84672,3695.15,0,36.966,0.42336,1.64578,1.94033,6.55593,1.05291,8.66577,0.42336,36.966,0.42336,423.524,0,1.02816,0,0,2.67394,1.64578,1.028160,1,0,70.1583,0,0,0,70.1583,0
63.8573,2.09042,0,0,4.41065,0.29166,0.36288,3.6288,60.3876,0.66528,0,0,2.01036,0.142972,0,0.66528,12.849,1,0.431888,0.36288,0,81.4916,3.97247,77.4501,0.84672,12.849,0.84672,3695.15,0,36.966,0.42336,1.94183,1.8603,7.45972,1.08374,9.75475,0.42336,36.966,0.42336,423.524,0,1.02816,0,0,2.96999,1.94183,1.028160,1,0,87.2049,0,0,0,87.2049,0
65.1809,2.10013,0,0,4.08228,0.295652,0.36288,3.6288,60.7129,0.66528,0,0,1.13461,0.144074,0,0.66528,12.849,1,0.422576,0.36288,0,68.2638,3.97247,64.2316,0.84672,12.849,0.84672,3695.15,0,36.966,0.42336,1.19877,1.86037,5.75421,1.08374,7.30625,0.42336,36.966,0.42336,423.524,0,1.02816,0,0,2.22693,1.19877,1.028160,1,0,71.5379,0,0,0,71.5379,0
65.7331,2.10763,0,0,3.32152,0.298824,0.36288,3.6288,60.9231,0.66528,0,0,1.01983,0.144372,0,0.66528,12.849,1,0.415474,0.36288,0,59.2026,3.97247,55.1775,0.84672,12.849,0.84672,3695.15,0,36.966,0.42336,0.781566,1.86044,4.44437,1.08374,5.57929,0.42336,36.966,0.42336,423.524,0,1.02816,0,0,1.80973,0.781566,1.028160,1,0,60.7568,0,0,0,60.7568,0
67.4541,2.11088,0,0,4.49493,0.300148,0.36288,3.6288,61.308,0.66528,0,0,1.42103,0.144564,0.226263,0.66528,12.849,1,0.412619,0.36288,0,92.9709,3.97247,88.9487,0.84672,12.849,0.84672,3695.15,0,36.966,0.42336,1.64321,1.86052,5.58544,1.08374,7.58207,0.42336,36.966,0.42336,423.524,0,1.02816,0,0,2.67137,1.64321,1.028160,1,0,96.757,0,0,0,96.757,0
68.499,2.21051,0,0,3.87723,0.258881,0.36288,3.6288,61.308,0.66528,0,0,1.23028,0.155288,0.409708,0.66528,12.849,1,0.42107,0.36288,0,88.3708,4.09955,84.213,0.84672,12.849,0.84672,3695.15,0,36.966,0.42336,1.11717,1.86059,6.89975,1.18623,8.26792,0.42336,36.966,0.42336,423.524,0,1.02816,0,0,2.14533,1.11717,1.028160,1,0,92.8907,0,0,0,92.8907,0
69.2534,2.21627,0,0,3.58688,0.253384,0.36288,3.6288,61.308,0.66528,0,0,1.0604,0.157016,0.2381,0.66528,12.849,1,0.415726,0.36288,0,75.676,4.12073,71.5025,0.84672,12.849,0.84672,3695.15,0,36.966,0.42336,0.774429,1.88085,5.30538,1.20331,6.33399,0.42336,36.966,0.42336,423.524,0,1.02816,0,0,1.80259,0.774429,1.028160,1,0,78.0745,0,0,0,78.0745,0
69.5088,2.22044,0,0,3.09362,0.254877,0.36288,3.6288,61.308,0.66528,0,0,1.18263,0.157016,0.36033,0.66528,12.849,1,0.411971,0.36288,0,68.7774,4.12073,64.6076,0.84672,12.849,0.84672,3695.15,0,36.966,0.42336,0.938261,1.88093,5.33115,1.20331,6.52366,0.42336,36.966,0.42336,423.524,0,1.02816,0,0,1.96642,0.938261,1.028160,1,0,71.4916,0,0,0,71.4916,0
70.0217,2.22206,0,0,3.35326,0.255383,0.36288,3.6288,61.308,0.66528,0,0,0.895873,0.157016,0.0735768,0.66528,12.849,1,0.410757,0.36288,0,70.5121,4.12073,66.3435,0.84672,12.849,0.84672,3695.15,0,36.966,0.42336,0.697049,1.881,4.84603,1.20331,5.79741,0.42336,36.966,0.42336,423.524,0,1.02816,0,0,1.72521,0.697049,1.028160,1,0,72.2145,0,0,0,72.2145,0
69.9263,2.18935,0,0,2.67573,0.218947,0.36288,3.6288,61.2389,0.66528,0,0,0.781635,0.185409,0,0.66528,12.849,1,0.401747,0.36288,0,60.2964,4.20148,56.056,0.84672,12.849,0.84672,3695.15,0,36.966,0.42336,0.659172,1.88108,3.87661,1.20268,4.79083,0.42336,36.966,0.42336,423.524,0,1.02816,0,0,1.68733,0.659172,1.028160,1,0,60.8469,0,0,0,60.8469,0
69.7661,2.18923,0,0,2.58263,0.190718,0.36288,3.6288,61.2445,0.66528,0,0,0.877461,0.206613,0,0.66528,12.849,1,0.402273,0.36288,0,60.76,4.26206,56.4586,0.84672,12.849,0.84672,3695.15,0,36.966,0.42336,0.86972,1.87326,4.56406,1.2022,5.68149,0.42336,36.966,0.42336,423.524,0,1.02816,0,0,1.89788,0.86972,1.028160,1,0,62.1401,0,0,0,62.1401,0
69.3141,2.1888,0,0,2.2902,0.190482,0.36288,3.6288,61.1606,0.66528,0,0,0.787985,0.206621,0,0.66528,12.849,1,0.403116,0.36288,0,52.3759,4.26206,48.0736,0.84672,12.849,0.84672,3695.15,0,36.966,0.42336,0.623696,1.87334,3.93631,1.2022,4.80778,0.42336,36.966,0.42336,423.524,0,1.02816,0,0,1.65186,0.623696,1.028160,1,0,52.8814,0,0,0,52.8814,0
68.6715,2.18692,0,0,2.08856,0.181369,0.36288,3.6288,61.0111,0.66528,0,0,0.710934,0.195144,0,0.66528,12.849,1,0.405397,0.36288,0,47.0473,4.02613,42.9787,0.84672,12.849,0.84672,3695.15,0,36.966,0.42336,0.492195,1.87341,3.63086,1.14236,4.43074,0.42336,36.966,0.42336,423.524,0,1.02816,0,0,1.52035,0.492195,1.028160,1,0,47.4094,0,0,0,47.4094,0
67.8241,2.30459,0,0,1.97861,0.158578,0.36288,3.6288,60.871,0.66528,0,0,0.700358,0.17515,0,0.66528,12.849,1,0.431208,0.36288,0,45.5175,3.60252,41.8467,0.84672,12.849,0.84672,3695.15,0,36.966,0.42336,0.47723,1.87349,3.4215,1.00215,4.34671,0.42336,36.966,0.42336,423.524,0,1.02816,0,0,1.50539,0.47723,1.028160,1,0,46.1934,0,0,0,46.1934,0
67.2137,2.30042,0,0,2.20526,0.152312,0.36288,3.6288,60.7926,0.66528,0,0,0.8133,0.22644,0,0.66528,12.849,1,0.435805,0.36288,0,47.4836,4.59963,42.8111,0.84672,12.849,0.84672,3695.15,0,36.966,0.42336,0.719954,1.90038,3.77791,1.05844,4.91644,0.42336,36.966,0.42336,423.524,0,1.02816,0,0,1.74811,0.719954,1.028160,1,0,47.7275,0,0,0,47.7275,0
66.4951,2.29745,0,0,2.09327,0.151582,0.36288,3.6288,60.6433,0.66528,0,0,0.74228,0.226327,0,0.66528,12.849,1,0.439196,0.36288,0,43.0305,4.59963,38.3545,0.84672,12.849,0.84672,3695.15,0,36.966,0.42336,0.531109,1.90046,3.54598,1.05844,4.49574,0.42336,36.966,0.42336,423.524,0,1.02816,0,0,1.55927,0.531109,1.028160,1,0,42.8503,0,0,0,42.8503,0
65.3344,2.5791,0,0,1.89761,0.116314,0.36288,3.6288,60.437,0.66528,0,0,0.70861,0.249622,0,0.66528,12.849,1,0.498366,0.36288,0,37.9413,4.86738,32.9385,0.84672,12.849,0.84672,3695.15,0,36.966,0.42336,0.480177,1.90054,3.45385,1.12685,4.28435,0.42336,36.966,0.42336,423.524,0,1.02816,0,0,1.50834,0.480177,1.028160,1,0,37.2228,0,0,0,37.2228,0
64.091,2.5721,0,0,1.79321,0.101606,0.36288,3.6288,60.1899,0.66528,0,0,0.676909,0.258687,0,0.66528,12.849,1,0.505842,0.36288,0,36.7219,4.97448,31.6045,0.84672,12.849,0.84672,3695.15,0,36.966,0.42336,0.378043,1.96441,3.44425,1.15422,4.20912,0.42336,36.966,0.42336,423.524,0,1.02816,0,0,1.4062,0.378043,1.028160,1,0,35.8136,0,0,0,35.8136,0
63.1337,2.25711,0,0,1.74038,0.0777363,0.36288,3.6288,60.0738,0.66528,0,0,0.765383,0.216275,0,0.66528,12.849,1,0.452506,0.36288,0,32.1745,4.92822,27.1566,0.84672,12.849,0.84672,3695.15,0,36.966,0.42336,0.480851,1.9645,3.34422,1.10897,4.25724,0.42336,36.966,0.42336,423.524,0,1.02816,0,0,1.50901,0.480851,1.028160,1,0,31.4139,0,0,0,31.4139,0
61.7584,2.53217,0,0,1.5931,0.073354,0.36288,3.6288,59.9592,0.66528,0,0,0.759836,0.209119,0,0.66528,12.849,1,0.515348,0.36288,0,30.6503,4.92051,25.5773,0.84672,12.849,0.84672,3695.15,0,36.966,0.42336,0.48054,1.89547,3.15043,1.10142,4.00166,0.42336,36.966,0.42336,423.524,0,1.02816,0,0,1.5087,0.48054,1.028160,1,0,29.579,0,0,0,29.579,0
60.2459,2.52306,0,0,1.44597,0.0725314,0.36288,3.6288,59.7978,0.66528,0,0,0.712852,0.208966,0,0.66528,12.849,1,0.524929,0.36288,0,27.312,4.92051,22.2294,0.84672,12.849,0.84672,3695.15,0,36.966,0.42336,0.310409,1.95879,3.04763,1.10142,3.79205,0.42336,36.966,0.42336,423.524,0,1.02816,0,0,1.33857,0.310409,1.028160,1,0,26.0215,0,0,0,26.0215,0
58.7009,2.51258,0,0,1.37184,0.0413469,0.36288,3.6288,59.5164,0.66528,0,0,0.668667,0.284802,0,0.66528,12.849,1,0.535873,0.36288,0,24.5669,5.90856,18.4853,0.84672,12.849,0.84672,3695.15,0,36.966,0.42336,0.315636,1.95888,2.88827,1.46208,3.27735,0.42336,36.966,0.42336,423.524,0,1.02816,0,0,1.3438,0.315636,1.028160,1,0,21.7627,0,0,0,21.7627,0
57.1013,2.56787,0,0,1.37441,0.043222,0.36288,3.6288,59.376,0.66528,0,0,0.814873,0.289952,0,0.66528,12.849,1,0.56208,0.36288,0,23.9592,5.95689,17.8031,0.84672,12.849,0.84672,3695.15,0,36.966,0.42336,0.381931,1.95897,2.99774,1.45217,3.46311,0.42336,36.966,0.42336,423.524,0,1.02816,0,0,1.41009,0.381931,1.028160,1,0,21.2662,0,0,0,21.2662,0
55.5553,2.55541,0,0,1.41804,0.0458139,0.36288,3.6288,59.2053,0.66528,0,0,0.791795,0.297235,0,0.66528,12.849,1,0.575021,0.36288,0,31.7587,6.02133,25.5252,0.84672,12.849,0.84672,3695.15,0,36.966,0.42336,0.449401,1.97424,3.29691,1.43896,3.85824,0.42336,36.966,0.42336,423.524,0,1.02816,0,0,1.47756,0.449401,1.028160,1,0,29.3834,0,0,0,29.3834,0
53.9323,2.5428,0,0,1.3278,0.0451172,0.36288,3.6288,58.9794,0.66528,0,0,0.736318,0.29691,0,0.66528,12.849,1,0.588108,0.36288,0,25.4993,6.02133,19.2528,0.84672,12.849,0.84672,3695.15,0,36.966,0.42336,0.422003,1.97433,2.9719,1.43896,3.50592,0.42336,36.966,0.42336,423.524,0,1.02816,0,0,1.45016,0.422003,1.028160,1,0,22.7587,0,0,0,22.7587,0
52.205,2.5289,0,0,1.20892,0.0443859,0.36288,3.6288,58.6882,0.693809,0,0,0.699036,0.296481,0,0.66528,12.849,1,0.602493,0.36288,0,23.2392,6.02133,16.9782,0.84672,12.849,0.84672,3695.15,0,36.966,0.42336,0.227405,1.97442,2.77212,1.43896,3.11163,0.42336,36.966,0.42336,423.524,0,0.999631,0,0,1.22704,0.227405,1.028160,1,0,20.0899,0,0,0,20.0899,0
50.5246,2.70383,0,0,1.41934,0.0330393,0.36288,3.6288,58.6107,0.66528,0,0,0.873288,0.285521,0,0.66528,12.849,1,0.665481,0.36288,0,24.2926,6.19618,17.7938,0.84672,12.849,0.84672,3695.15,0,36.966,0.42336,0.750116,1.97451,4.2109,1.48681,5.02536,0.42336,36.966,0.42336,423.524,0,1.02816,0,0,1.77828,0.750116,1.028160,1,0,22.8191,0,0,0,22.8191,0
49.1655,2.68659,0,0,1.71583,0.0254953,0.36288,3.6288,58.5527,0.66528,0,0,0.916946,0.309654,0,0.66528,12.849,1,0.68323,0.36288,0,25.601,6.13419,19.1465,0.84672,12.849,0.84672,3695.15,0,36.966,0.42336,0.47558,2.0191,4.36683,1.53112,4.90702,0.42336,36.966,0.42336,423.524,0,1.02816,0,0,1.50374,0.47558,1.028160,1,0,24.0535,0,0,0,24.0535,0
48.0267,2.67202,0,0,1.91726,0.0211485,0.36288,3.6288,58.7021,0.66528,0,0,1.1268,0.312083,0,0.66528,12.849,1,0.69831,0.36288,0,32.5771,6.20897,26.0327,0.84672,12.849,0.84672,3695.15,0,36.966,0.42336,0.860224,2.01919,4.6351,1.54606,5.54509,0.42336,36.966,0.42336,423.524,0,1.02816,0,0,1.88838,0.860224,1.028160,1,0,31.5778,0,0,0,31.5778,0
46.4983,2.65936,0,0,1.5147,0.020889,0.36288,3.6288,58.547,0.66528,0,0,0.822511,0.312383,0,0.66528,12.849,1,0.711481,0.36288,0,33.6184,6.20897,27.0608,0.84672,12.849,0.84672,3695.15,0,36.966,0.42336,0.324691,2.01929,3.67273,1.54606,4.04728,0.42336,36.966,0.42336,423.524,0,1.02816,0,0,1.35285,0.324691,1.028160,1,0,31.1081,0,0,0,31.1081,0
45.3494,2.64143,0,0,1.87599,0.0205407,0.36288,3.6288,58.938,0.66528,0,0,1.36838,0.312072,0,0.66528,12.849,1,0.729914,0.36288,0,29.7936,6.20897,23.2176,0.84672,12.849,0.84672,3695.15,0,36.966,0.42336,1.38479,2.01938,5.51901,1.54606,6.95376,0.42336,36.966,0.42336,423.524,0,1.02816,0,0,2.41295,1.38479,1.028160,1,0,30.1713,0,0,0,30.1713,0
43.7268,2.53719,0,0,1.29001,0.0125304,0.36288,3.6288,58.6076,0.720438,0,0,0.729457,0.339394,0,0.66528,12.849,1,0.718871,0.36288,0,21.6148,5.82256,15.4362,0.84672,12.849,0.84672,3695.15,0,36.966,0.42336,0.204422,2.01948,5.11633,1.60877,5.30811,0.42336,36.966,0.42336,423.524,0,0.973002,0,0,1.17742,0.204422,1.028160,1,0,20.7443,0,0,0,20.7443,0
42.0162,2.51696,0,0,1.21656,0.0473733,0.36288,3.6288,57.9689,0.963757,0,0,0.640354,0.315351,0,0.66528,12.849,1,0.7396,0.36288,0,15.6726,5.39193,9.90396,0.84672,12.849,0.84672,3695.15,0,36.966,0.42336,0.204422,1.99788,4.32468,1.53903,4.56459,0.42336,36.966,0.42336,423.524,0,0.729683,0,0,0.934105,0.204422,1.028160,1,0,14.4686,0,0,0,14.4686,0
40.9222,2.49427,0,0,1.82458,0.0613929,0.36288,3.6288,57.6577,0.747671,0,0,0.737001,0.300546,0,0.66528,12.849,1,0.762776,0.36288,0,19.0871,5.2815,13.4057,0.84672,12.849,0.84672,3695.15,0,36.966,0.42336,0.216518,1.99797,4.59996,1.5011,4.88999,0.42336,36.966,0.42336,423.524,0,0.945769,0,0,1.16229,0.216518,1.028160,1,0,18.2957,0,0,0,18.2957,0
40.4831,2.47913,0,0,2.46346,0.0606089,0.36288,3.6288,57.8834,0.66528,0,0,1.19094,0.299942,0,0.66528,12.849,1,0.778413,0.36288,0,38.0887,5.2815,32.3916,0.84672,12.849,0.84672,3695.15,0,36.966,0.42336,0.861676,1.99806,7.24591,1.5011,8.18119,0.42336,36.966,0.42336,423.524,0,1.02816,0,0,1.88984,0.861676,1.028160,1,0,40.5728,0,0,0,40.5728,0
39.4268,2.40091,0,0,1.77062,0.0631118,0.36288,3.6288,57.68,0.690612,0,0,0.765756,0.278553,0,0.66528,12.849,1,0.76203,0.36288,0,31.983,4.93976,26.6441,0.84672,12.849,0.84672,3695.15,0,36.966,0.42336,0.216518,1.99815,4.85317,1.34888,5.2956,0.42336,36.966,0.42336,423.524,0,1.00283,0,0,1.21935,0.216518,1.028160,1,0,31.9397,0,0,0,31.9397,0
38.7927,2.12285,0,0,1.95916,0.10747,0.36288,3.6288,56.8168,1.04937,0,0,0.417283,0.231108,0,0.66528,12.849,1,0.691825,0.36288,0,29.8723,4.24773,25.2956,0.84672,12.849,0.84672,3695.15,0,36.966,0.42336,0.216518,1.98042,4.8372,1.09673,5.51405,0.42336,36.966,0.42336,423.524,0,0.644069,0,0,0.860587,0.216518,1.028160,1,0,30.8097,0,0,0,30.8097,0
37.7702,2.11468,0,0,1.57556,0.120566,0.36288,3.6288,55.7605,1.14462,0,0,0.316188,0.227833,0,0.66528,12.849,1,0.700428,0.36288,0,23.2756,4.2672,18.6709,0.84672,12.849,0.84672,3695.15,0,36.966,0.42336,0.216518,1.91516,4.15703,1.12153,4.74382,0.42336,36.966,0.42336,423.524,0,0.548823,0,0,0.765342,0.216518,1.028160,1,0,23.4147,0,0,0,23.4147,0
38.1312,2.10085,0,0,2.9439,0.119136,0.36288,3.6288,55.7316,0.66528,0,0,0.862677,0.226267,0,0.66528,12.849,1,0.714687,0.36288,0,46.3715,4.2672,41.7525,0.84672,12.849,0.84672,3695.15,0,36.966,0.42336,1.31617,1.91524,9.17084,1.12153,10.8574,0.42336,36.966,0.42336,423.524,0,1.02816,0,0,2.34433,1.31617,1.028160,1,0,52.6098,0,0,0,52.6098,0
41.1205,1.92377,0,0,5.40376,0.127793,0.36288,3.6288,56.4098,0.66528,0,0,1.56209,0.218669,0,0.66528,12.849,1,0.648249,0.36288,0,89.1582,4.15837,84.7145,0.84672,12.849,0.84672,3695.15,0,36.966,0.42336,1.28077,1.91532,12.0025,1.0907,13.6845,0.42336,36.966,0.42336,423.524,0,1.02816,0,0,2.30893,1.28077,1.028160,1,0,98.399,0,0,0,98.399,0
40.6338,1.95998,0,0,1.99911,0.162943,0.36288,3.6288,56.8841,0.66528,0,0,1.31709,0.177508,0,0.66528,12.849,1,0.612439,0.36288,0,73.7006,3.60318,69.8478,0.84672,12.849,0.84672,3695.15,0,36.966,0.42336,0.435914,1.86969,6.75259,0.977909,7.65692,0.42336,36.966,0.42336,423.524,0,1.02816,0,0,1.46407,0.435914,1.028160,1,0,77.5048,0,0,0,77.5048,0
39.9232,1.95471,0,0,1.76894,0.162007,0.36288,3.6288,57.1194,0.711443,0,0,1.12478,0.178057,0,0.66528,12.849,1,0.618109,0.36288,0,34.9951,3.60318,31.1367,0.84672,12.849,0.84672,3695.15,0,36.966,0.42336,0.292723,1.86976,6.61975,0.977909,7.38097,0.42336,36.966,0.42336,423.524,0,0.981997,0,0,1.27472,0.292723,1.028160,1,0,38.5177,0,0,0,38.5177,0
42.1755,1.9467,0,0,4.72256,0.160641,0.36288,3.6288,58.9823,0.66528,0,0,2.70658,0.17833,0,0.66528,12.849,1,0.626531,0.36288,0,65.8733,3.60318,62.0065,0.84672,12.849,0.84672,3695.15,0,36.966,0.42336,1.39445,1.86984,12.6756,0.977909,14.5386,0.42336,36.966,0.42336,423.524,0,1.02816,0,0,2.42261,1.39445,1.028160,1,0,76.5451,0,0,0,76.5451,0
46.4563,1.97265,0,0,6.80026,0.183946,0.36288,3.6288,61.308,0.66528,0,0,4.36304,0.203701,1.16839,0.66528,12.849,1,0.600979,0.36288,0,177.686,4.05048,173.397,0.84672,12.849,0.84672,3695.15,0,36.966,0.42336,2.44624,1.86991,21.8527,1.04357,24.7019,0.42336,36.966,0.42336,423.524,0,1.02816,0,0,3.4744,2.44624,1.028160,1,0,199.268,0,0,0,199.268,0
47.7127,2.01603,0,0,3.84476,0.20943,0.36288,3.6288,61.308,0.66528,0,0,1.73354,0.20485,0.863408,0.66528,12.849,1,0.557599,0.36288,0,135.1,4.33123,130.574,0.84672,12.849,0.84672,3695.15,0,36.966,0.42336,1.26598,1.86999,11.1713,1.00694,12.877,0.42336,36.966,0.42336,423.524,0,1.02816,0,0,2.29414,1.26598,1.028160,1,0,144.315,0,0,0,144.315,0
55.3351,2.10188,0,0,10.3037,0.216564,0.36288,3.6288,61.308,0.66528,0,0,3.59417,0.238389,2.6905,0.66528,12.849,1,0.566034,0.36288,0,182.64,5.01281,177.424,0.84672,12.849,0.84672,3695.15,0,36.966,0.42336,4.83443,1.86999,25.9226,1.22754,30.9761,0.42336,36.966,0.42336,423.524,0,1.02816,0,0,5.86259,4.83443,1.028160,1,0,211.091,0,0,0,211.091,0
65.4286,2.16547,0,0,12.857,0.23507,0.36288,3.6288,61.308,0.66528,0,0,7.63089,0.246424,6.71919,0.66528,12.849,1,0.502829,0.36288,0,366.628,5.13324,361.355,0.84672,12.849,0.84672,3695.15,0,36.966,0.42336,9.31113,1.88766,38.2123,1.27504,47.7127,0.42336,36.966,0.42336,423.524,0,1.02816,0,0,10.3393,9.31113,1.028160,1,0,415.787,0,0,0,415.787,0
72.29,2.50899,0,0,10.1248,0.257319,0.49712,3.6288,61.308,0.66528,0,0,6.03119,0.246424,5.11948,0.66528,12.849,1,0.49272,0.49712,0,328.929,5.13324,323.8,0.84672,12.849,0.84672,3695.15,0,36.966,0.42336,6.09136,1.88773,29.7347,1.27504,36.0154,0.42336,36.966,0.42336,423.524,0,1.02816,0,0,7.11952,6.09136,1.028160,1,0,364.935,0,0,0,364.935,0
72.29,2.54906,0,0,7.9628,0.302302,5.11143,3.6288,61.308,0.66528,0,0,3.41328,0.208115,2.53989,0.66528,12.849,1,0.453076,5.11143,0,185.655,4.6199,185.693,0.84672,12.849,0.84672,3695.15,0,36.966,0.42336,3.71848,1.95021,23.6156,1.133,27.728,0.42336,36.966,0.42336,423.524,0,1.02816,0,0,4.74664,3.71848,1.028160,1,0,215.961,0,0,0,215.961,0
72.29,2.83315,0,0,6.51758,0.351671,3.33276,3.6288,61.308,0.66528,0,0,2.98326,0.207234,2.11075,0.66528,12.849,1,0.503571,3.33276,0,185.602,3.58165,184.849,0.84672,12.849,0.84672,3695.15,0,36.966,0.42336,2.27883,1.95029,11.09,0.886535,14.0093,0.42336,36.966,0.42336,423.524,0,1.02816,0,0,3.30699,2.27883,1.028160,1,0,200.969,0,0,0,200.969,0
72.29,2.83355,0,0,6.64686,0.351671,3.46164,3.6288,61.308,0.66528,0,0,2.98944,0.207234,2.11693,0.66528,12.849,1,0.503641,3.46164,0,181.729,3.58165,181.106,0.84672,12.849,0.84672,3695.15,0,36.966,0.42336,2.66162,2.01299,11.7817,0.886535,15.1464,0.42336,36.966,0.42336,423.524,0,1.02816,0,0,3.68978,2.66162,1.028160,1,0,198.369,0,0,0,198.369,0
72.29,2.83394,0,0,9.89755,0.343879,6.71973,3.6288,61.308,0.66528,0,0,4.63857,0.223832,3.74946,0.66528,12.849,1,0.503712,6.71973,0,247.028,3.97477,249.269,0.84672,12.849,0.84672,3695.15,0,36.966,0.42336,4.2529,2.01308,21.7267,1.00952,26.5598,0.42336,36.966,0.42336,423.524,0,1.02816,0,0,5.28106,4.2529,1.028160,1,0,279.578,0,0,0,279.578,0
72.29,2.83434,0,0,8.07983,0.332668,4.91282,3.6288,61.308,0.66528,0,0,4.59422,0.215154,3.71378,0.66528,12.849,1,0.503782,4.91282,0,206.941,4.06983,207.28,0.84672,12.849,0.84672,3695.15,0,36.966,0.42336,4.50695,2.01317,20.9764,1.00998,26.0631,0.42336,36.966,0.42336,423.524,0,1.02816,0,0,5.53511,4.50695,1.028160,1,0,237.057,0,0,0,237.057,0
72.29,2.42985,0,0,4.13819,0.303112,1.40523,3.6288,61.308,0.66528,0,0,2.11616,0.18701,1.26387,0.66528,12.849,1,0.431887,1.40523,0,104.792,3.74965,102.016,0.84672,12.849,0.84672,3695.15,0,36.966,0.42336,1.89536,2.01325,14.4862,1.01771,16.9537,0.42336,36.966,0.42336,423.524,0,1.02816,0,0,2.92352,1.89536,1.028160,1,0,120.233,0,0,0,120.233,0
72.29,2.15895,0,0,3.36702,0.303112,0.904955,3.6288,61.308,0.66528,0,0,1.9021,0.18701,1.04981,0.66528,12.849,1,0.383737,0.904955,0,90.8824,3.74965,87.654,0.84672,12.849,0.84672,3695.15,0,36.966,0.42336,1.34766,1.92398,11.1888,1.01771,13.0194,0.42336,36.966,0.42336,423.524,0,1.02816,0,0,2.37582,1.34766,1.028160,1,0,101.723,0,0,0,101.723,0
72.29,2.15926,0,0,4.55649,0.303112,2.09411,3.6288,61.308,0.66528,0,0,2.65036,0.18701,1.79807,0.66528,12.849,1,0.383793,2.09411,0,142.722,3.74965,140.682,0.84672,12.849,0.84672,3695.15,0,36.966,0.42336,2.47885,1.86419,14.0613,1.01771,16.9632,0.42336,36.966,0.42336,423.524,0,1.02816,0,0,3.50701,2.47885,1.028160,1,0,159.444,0,0,0,159.444,0
72.29,2.15958,0,0,5.68778,0.299014,3.22919,3.6288,61.308,0.66528,0,0,2.90647,0.152647,2.08854,0.66528,12.849,1,0.383848,3.22919,0,186.986,3.21173,186.62,0.84672,12.849,0.84672,3695.15,0,36.966,0.42336,3.09837,1.86426,18.6881,0.925583,22.3018,0.42336,36.966,0.42336,423.524,0,1.02816,0,0,4.12653,3.09837,1.028160,1,0,211.01,0,0,0,211.01,0
72.29,2.15989,0,0,9.42935,0.309837,6.95963,3.6288,61.308,0.66528,0,0,2.82561,0.150872,2.00946,0.66528,12.849,1,0.383904,6.95963,0,217.529,3.13317,220.972,0.84672,12.849,0.84672,3695.15,0,36.966,0.42336,2.78414,1.86433,22.5006,0.912052,25.8137,0.42336,36.966,0.42336,423.524,0,1.02816,0,0,3.8123,2.78414,1.028160,1,0,248.795,0,0,0,248.795,0
72.29,2.25227,0,0,8.38607,0.314439,5.81937,3.6288,61.308,0.66528,0,0,2.2291,0.152453,1.41137,0.66528,12.849,1,0.400323,5.81937,0,201.599,3.13761,203.88,0.84672,12.849,0.84672,3695.15,0,36.966,0.42336,2.24986,1.8644,20.5225,0.912782,23.3006,0.42336,36.966,0.42336,423.524,0,1.02816,0,0,3.27802,2.24986,1.028160,1,0,228.592,0,0,0,228.592,0
72.29,2.25259,0,0,7.41545,0.314439,4.84842,3.6288,61.308,0.66528,0,0,2.38818,0.152453,1.57045,0.66528,12.849,1,0.400381,4.84842,0,174.342,3.13761,175.653,0.84672,12.849,0.84672,3695.15,0,36.966,0.42336,2.04781,1.88478,20.0934,0.912782,22.6898,0.42336,36.966,0.42336,423.524,0,1.02816,0,0,3.07597,2.04781,1.028160,1,0,199.913,0,0,0,199.913,0
72.29,2.25291,0,0,6.73557,0.307325,4.17533,3.6288,61.308,0.66528,0,0,2.42876,0.16169,1.60179,0.66528,12.849,1,0.400438,4.17533,0,167.182,3.05051,167.907,0.84672,12.849,0.84672,3695.15,0,36.966,0.42336,1.98581,1.88486,24.4176,0.901906,26.963,0.42336,36.966,0.42336,423.524,0,1.02816,0,0,3.01397,1.98581,1.028160,1,0,196.471,0,0,0,196.471,0
72.29,2.25324,0,0,6.8013,0.238331,4.30973,3.6288,61.308,0.66528,0,0,2.09305,0.202452,1.22532,0.66528,12.849,1,0.400496,4.30973,0,137.983,3.82678,138.065,0.84672,12.849,0.84672,3695.15,0,36.966,0.42336,2.36191,1.88493,20.2384,1.00262,23.0593,0.42336,36.966,0.42336,423.524,0,1.02816,0,0,3.39007,2.36191,1.028160,1,0,162.35,0,0,0,162.35,0
72.29,2.21755,0,0,5.47527,0.231161,3.02656,3.6288,61.308,0.66528,0,0,1.7849,0.207903,0.91172,0.66528,12.849,1,0.394153,3.02656,0,112.476,4.57895,110.53,0.84672,12.849,0.84672,3695.15,0,36.966,0.42336,2.17731,1.885,16.7922,1.09479,19.3363,0.42336,36.966,0.42336,423.524,0,1.02816,0,0,3.20547,2.17731,1.028160,1,0,130.778,0,0,0,130.778,0
72.29,2.21787,0,0,4.94821,0.231161,2.49918,3.6288,61.308,0.66528,0,0,1.62765,0.207903,0.754463,0.66528,12.849,1,0.394209,2.49918,0,112.149,4.57895,109.675,0.84672,12.849,0.84672,3695.15,0,36.966,0.42336,1.63509,1.87712,13.5091,1.09479,15.5031,0.42336,36.966,0.42336,423.524,0,1.02816,0,0,2.66325,1.63509,1.028160,1,0,125.933,0,0,0,125.933,0
72.29,2.21819,0,0,4.64642,0.231161,2.19707,3.6288,61.308,0.66528,0,0,1.49782,0.207903,0.624638,0.66528,12.849,1,0.394266,2.19707,0,100.398,4.57895,97.6215,0.84672,12.849,0.84672,3695.15,0,36.966,0.42336,1.19789,1.87719,12.4708,1.09479,14.0277,0.42336,36.966,0.42336,423.524,0,1.02816,0,0,2.22605,1.19789,1.028160,1,0,112.274,0,0,0,112.274,0
72.29,2.21851,0,0,4.24706,0.211181,1.81737,3.6288,61.308,0.66528,0,0,1.39057,0.220716,0.504577,0.66528,12.849,1,0.394323,1.81737,0,91.6609,4.85894,88.225,0.84672,12.849,0.84672,3695.15,0,36.966,0.42336,1.1256,1.87726,10.6514,1.13405,12.0968,0.42336,36.966,0.42336,423.524,0,1.02816,0,0,2.15376,1.1256,1.028160,1,0,100.826,0,0,0,100.826,0
72.29,2.63201,0,0,3.95404,0.250255,1.07178,3.6288,61.308,0.66528,0,0,1.41578,0.170195,0.58031,0.66528,12.849,1,0.467819,1.07178,0,69.9019,4.06862,66.4373,0.84672,12.849,0.84672,3695.15,0,36.966,0.42336,1.15843,1.87733,10.5466,0.962953,12.196,0.42336,36.966,0.42336,423.524,0,1.02816,0,0,2.18659,1.15843,1.028160,1,0,79.2136,0,0,0,79.2136,0
72.29,2.63238,0,0,3.78954,0.155238,1.00192,3.6288,61.308,0.66528,0,0,1.30552,0.203988,0.436253,0.66528,12.849,1,0.467885,1.00192,0,70.3348,4.52204,66.3468,0.84672,12.849,0.84672,3695.15,0,36.966,0.42336,1.10669,1.9686,10.409,1.05418,12.0067,0.42336,36.966,0.42336,423.524,0,1.02816,0,0,2.13485,1.10669,1.028160,1,0,78.7897,0,0,0,78.7897,0
72.29,2.63275,0,0,3.40975,0.155238,0.621764,3.6288,61.308,0.66528,0,0,1.05882,0.203988,0.189555,0.66528,12.849,1,0.467951,0.621764,0,63.1852,4.52204,58.817,0.84672,12.849,0.84672,3695.15,0,36.966,0.42336,0.772641,1.96868,9.03519,1.05418,10.299,0.42336,36.966,0.42336,423.524,0,1.02816,0,0,1.8008,0.772641,1.028160,1,0,69.3055,0,0,0,69.3055,0
72.29,2.63312,0,0,3.30366,0.155238,0.515301,3.6288,61.2958,0.66528,0,0,0.857097,0.203988,0,0.66528,12.849,1,0.468017,0.515301,0,57.7181,4.52204,53.2433,0.84672,12.849,0.84672,3695.15,0,36.966,0.42336,0.669695,1.96876,8.73478,1.05418,9.8957,0.42336,36.966,0.42336,423.524,0,1.02816,0,0,1.69785,0.669695,1.028160,1,0,63.139,0,0,0,63.139,0
71.7401,2.63349,0,0,2.6088,0.162348,0.36288,3.6288,61.308,0.66528,0,0,1.07557,0.254782,0.143335,0.66528,12.849,1,0.468083,0.36288,0,47.2339,5.59889,41.5298,0.84672,12.849,0.84672,3695.15,0,36.966,0.42336,0.68885,1.96884,7.29743,1.224,8.30776,0.42336,36.966,0.42336,423.524,0,1.02816,0,0,1.71701,0.68885,1.028160,1,0,49.9809,0,0,0,49.9809,0
70.9238,2.60404,0,0,2.2717,0.121047,0.36288,3.6288,61.308,0.66528,0,0,1.19672,0.252674,0.278764,0.66528,12.849,1,0.466397,0.36288,0,41.6076,5.40038,36.1038,0.84672,12.849,0.84672,3695.15,0,36.966,0.42336,0.77849,1.96892,6.70101,1.20515,7.81991,0.42336,36.966,0.42336,423.524,0,1.02816,0,0,1.80665,0.77849,1.028160,1,0,44.2024,0,0,0,44.2024,0
69.9754,2.59986,0,0,2.10172,0.0873766,0.36288,3.6288,61.308,0.66528,0,0,1.18426,0.265127,0.253852,0.66528,12.849,1,0.471008,0.36288,0,38.3529,5.49654,32.7482,0.84672,12.849,0.84672,3695.15,0,36.966,0.42336,0.671483,1.96309,6.51318,1.23372,7.49067,0.42336,36.966,0.42336,423.524,0,1.02816,0,0,1.69964,0.671483,1.028160,1,0,40.4927,0,0,0,40.4927,0
68.8947,2.59484,0,0,1.96369,0.0866759,0.36288,3.6288,61.308,0.66528,0,0,1.18784,0.265127,0.257429,0.66528,12.849,1,0.476468,0.36288,0,35.5261,5.49654,29.916,0.84672,12.849,0.84672,3695.15,0,36.966,0.42336,0.75333,1.96317,6.02154,1.23372,7.08096,0.42336,36.966,0.42336,423.524,0,1.02816,0,0,1.78149,0.75333,1.028160,1,0,37.2544,0,0,0,37.2544,0
67.7166,2.5889,0,0,1.86003,0.0863487,0.36288,3.6288,61.308,0.66528,0,0,1.2312,0.283841,0.282079,0.66528,12.849,1,0.482836,0.36288,0,33.8021,5.62155,28.0606,0.84672,12.849,0.84672,3695.15,0,36.966,0.42336,0.703961,1.96325,5.55939,1.31426,6.48899,0.42336,36.966,0.42336,423.524,0,1.02816,0,0,1.73212,0.703961,1.028160,1,0,34.8317,0,0,0,34.8317,0
66.5171,2.65078,0,0,1.9007,0.0865379,0.36288,3.6288,61.308,0.66528,0,0,1.36737,0.330625,0.371461,0.66528,12.849,1,0.502976,0.36288,0,34.8499,5.93407,28.7757,0.84672,12.849,0.84672,3695.15,0,36.966,0.42336,0.699209,1.96333,4.95313,1.51561,5.67671,0.42336,36.966,0.42336,423.524,0,1.02816,0,0,1.72737,0.699209,1.028160,1,0,34.8239,0,0,0,34.8239,0
65.0778,2.64355,0,0,1.65289,0.085722,0.36288,3.6288,61.308,0.66528,0,0,1.28501,0.330625,0.289105,0.66528,12.849,1,0.51065,0.36288,0,32.9717,5.93407,26.8899,0.84672,12.849,0.84672,3695.15,0,36.966,0.42336,0.553375,1.9787,4.82014,1.51561,5.41325,0.42336,36.966,0.42336,423.524,0,1.02816,0,0,1.58153,0.553375,1.028160,1,0,32.5922,0,0,0,32.5922,0
63.5178,2.63449,0,0,1.52207,0.084743,0.36288,3.6288,61.308,0.66528,0,0,1.25905,0.330625,0.263142,0.66528,12.849,1,0.520154,0.36288,0,31.097,5.93407,25.0057,0.84672,12.849,0.84672,3695.15,0,36.966,0.42336,0.472029,1.97879,4.77134,1.51561,5.28319,0.42336,36.966,0.42336,423.524,0,1.02816,0,0,1.50019,0.472029,1.028160,1,0,30.552,0,0,0,30.552,0
61.7276,2.62423,0,0,1.26365,0.0667839,0.36288,3.6288,61.308,0.66528,0,0,1.25221,0.335579,0.251353,0.66528,12.849,1,0.530855,0.36288,0,29.4899,6.22836,23.0935,0.84672,12.849,0.84672,3695.15,0,36.966,0.42336,0.462905,1.97887,4.54404,1.50133,5.06112,0.42336,36.966,0.42336,423.524,0,1.02816,0,0,1.49107,0.462905,1.028160,1,0,28.406,0,0,0,28.406,0
59.7381,2.80969,0,0,1.2644,0.0813226,0.36288,3.6288,61.308,0.66528,0,0,1.0974,0.324798,0.107323,0.66528,12.849,1,0.584856,0.36288,0,22.1127,5.95363,15.9371,0.84672,12.849,0.84672,3695.15,0,36.966,0.42336,0.509622,1.97895,4.47316,1.53039,5.00799,0.42336,36.966,0.42336,423.524,0,1.02816,0,0,1.53778,0.509622,1.028160,1,0,21.0524,0,0,0,21.0524,0
57.9265,2.79405,0,0,1.42603,0.0806422,0.36288,3.6288,61.308,0.66528,0,0,1.33276,0.324648,0.342835,0.66528,12.849,1,0.60097,0.36288,0,26.8035,5.93649,20.6289,0.84672,12.849,0.84672,3695.15,0,36.966,0.42336,0.894266,2.02383,4.90646,1.55009,5.85111,0.42336,36.966,0.42336,423.524,0,1.02816,0,0,1.92243,0.894266,1.028160,1,0,26.8229,0,0,0,26.8229,0
55.832,2.77906,0,0,1.12662,0.0792416,0.36288,3.6288,61.2909,0.66528,0,0,0.972864,0.324648,0,0.66528,12.849,1,0.616438,0.36288,0,27.6604,5.93649,21.4704,0.84672,12.849,0.84672,3695.15,0,36.966,0.42336,0.349082,2.02392,3.88776,1.55009,4.28731,0.42336,36.966,0.42336,423.524,0,1.02816,0,0,1.37724,0.349082,1.028160,1,0,25.7577,0,0,0,25.7577,0
54.0262,2.76064,0,0,1.39533,0.0776222,0.36288,3.6288,61.308,0.66528,0,0,1.61852,0.324613,0.611566,0.66528,12.849,1,0.635326,0.36288,0,24.5134,5.93649,18.3045,0.84672,12.849,0.84672,3695.15,0,36.966,0.42336,1.4283,2.02401,5.84214,1.55009,7.321,0.42336,36.966,0.42336,423.524,0,1.02816,0,0,2.45646,1.4283,1.028160,1,0,26.237,0,0,0,26.237,0
52.0132,2.74387,0,0,1.17984,0.0860598,0.36288,3.6288,61.308,0.66528,0,0,1.98229,0.299628,1.01738,0.66528,12.849,1,0.652573,0.36288,0,20.6419,4.91531,15.4369,0.84672,12.849,0.84672,3695.15,0,36.966,0.42336,2.20858,2.02409,8.7197,1.26692,11.2621,0.42336,36.966,0.42336,423.524,0,1.02816,0,0,3.23674,2.20858,1.028160,1,0,27.7164,0,0,0,27.7164,0
50.0731,2.63053,0,0,1.143,0.0896699,0.36288,3.6288,61.308,0.66528,0,0,1.15958,0.29293,0.201373,0.66528,12.849,1,0.649828,0.36288,0,19.3428,4.47289,14.583,0.84672,12.849,0.84672,3695.15,0,36.966,0.42336,0.93782,2.02418,7.55317,1.18046,8.91136,0.42336,36.966,0.42336,423.524,0,1.02816,0,0,1.96598,0.93782,1.028160,1,0,23.6957,0,0,0,23.6957,0
47.9814,2.61086,0,0,0.9699,0.0878686,0.36288,3.6288,61.308,0.66528,0,0,1.05702,0.29293,0.0988079,0.66528,12.849,1,0.669958,0.36288,0,17.8733,4.47289,13.0933,0.84672,12.849,0.84672,3695.15,0,36.966,0.42336,0.759188,2.00243,7.1871,1.18046,8.34489,0.42336,36.966,0.42336,423.524,0,1.02816,0,0,1.78735,0.759188,1.028160,1,0,21.537,0,0,0,21.537,0
46.9179,2.58818,0,0,2.06797,0.180371,0.36288,3.6288,61.308,0.66528,0,0,1.93364,0.201962,1.0664,0.66528,12.849,1,0.693093,0.36288,0,39.3445,3.22712,35.7872,0.84672,12.849,0.84672,3695.15,0,36.966,0.42336,1.37121,2.00251,15.9247,0.791075,18.084,0.42336,36.966,0.42336,423.524,0,1.02816,0,0,2.39937,1.37121,1.028160,1,0,54.9376,0,0,0,54.9376,0
47.1172,2.57621,0,0,3.33094,0.192563,0.36288,3.6288,61.308,0.66528,0,0,2.27892,0.187574,1.42607,0.66528,12.849,1,0.705524,0.36288,0,56.0546,3.19049,52.5215,0.84672,12.849,0.84672,3695.15,0,36.966,0.42336,1.82141,2.0026,14.2291,0.77046,16.8593,0.42336,36.966,0.42336,423.524,0,1.02816,0,0,2.84957,1.82141,1.028160,1,0,70.8068,0,0,0,70.8068,0
46.0655,2.5037,0,0,2.00016,0.185321,0.36288,3.6288,61.308,0.66528,0,0,2.14163,0.192216,1.28413,0.66528,12.849,1,0.682767,0.36288,0,34.8955,4.21648,30.3591,0.84672,12.849,0.84672,3695.15,0,36.966,0.42336,1.5961,2.00269,13.4556,1.03616,15.5949,0.42336,36.966,0.42336,423.524,0,1.02816,0,0,2.62426,1.5961,1.028160,1,0,47.2381,0,0,0,47.2381,0
44.356,2.49187,0,0,1.32839,0.183173,0.36288,3.6288,61.308,0.66528,0,0,2.06814,0.192216,1.21064,0.66528,12.849,1,0.695054,0.36288,0,21.4774,4.21648,16.9287,0.84672,12.849,0.84672,3695.15,0,36.966,0.42336,1.67648,1.98483,10.0216,1.03616,12.2234,0.42336,36.966,0.42336,423.524,0,1.02816,0,0,2.70464,1.67648,1.028160,1,0,30.3628,0,0,0,30.3628,0
43.246,2.47144,0,0,1.94515,0.220759,0.36288,3.6288,61.308,0.66528,0,0,1.63409,0.209462,0.75935,0.66528,12.849,1,0.715925,0.36288,0,41.9031,4.50644,37.0437,0.84672,12.849,0.84672,3695.15,0,36.966,0.42336,1.04738,1.98492,18.4236,1.10385,19.9287,0.42336,36.966,0.42336,423.524,0,1.02816,0,0,2.07554,1.04738,1.028160,1,0,57.7317,0,0,0,57.7317,0
44.5722,2.18692,0,0,4.11017,0.234197,0.36288,3.6288,61.308,0.66528,0,0,2.09153,0.21636,1.20989,0.66528,12.849,1,0.649766,0.36288,0,82.64,4.62241,77.7307,0.84672,12.849,0.84672,3695.15,0,36.966,0.42336,2.59878,1.985,14.5681,1.13093,17.5976,0.42336,36.966,0.42336,423.524,0,1.02816,0,0,3.62694,2.59878,1.028160,1,0,96.5382,0,0,0,96.5382,0
43.398,2.01164,0,0,1.44982,0.24946,0.36288,3.6288,61.308,0.66528,0,0,1.51082,0.196468,0.649077,0.66528,12.849,1,0.579904,0.36288,0,31.0604,4.06345,26.7799,0.84672,12.849,0.84672,3695.15,0,36.966,0.42336,1.54393,1.91929,8.48466,1.07483,10.4497,0.42336,36.966,0.42336,423.524,0,1.02816,0,0,2.57209,1.54393,1.028160,1,0,37.8787,0,0,0,37.8787,0
42.4388,1.99982,0,0,1.62294,0.219418,0.36288,3.6288,61.308,0.66528,0,0,1.59946,0.204583,0.729599,0.66528,12.849,1,0.592095,0.36288,0,37.3634,4.25361,32.8806,0.84672,12.849,0.84672,3695.15,0,36.966,0.42336,2.01474,1.87334,8.51221,1.03023,10.9467,0.42336,36.966,0.42336,423.524,0,1.02816,0,0,3.0429,2.01474,1.028160,1,0,44.5569,0,0,0,44.5569,0
41.8822,1.98984,0,0,2.01864,0.222546,0.36288,3.6288,61.308,0.66528,0,0,1.48733,0.188472,0.633581,0.66528,12.849,1,0.602454,0.36288,0,47.43,4.26122,42.9292,0.84672,12.849,0.84672,3695.15,0,36.966,0.42336,1.50415,1.87342,7.82006,1.0776,9.69668,0.42336,36.966,0.42336,423.524,0,1.02816,0,0,2.53231,1.50415,1.028160,1,0,53.2594,0,0,0,53.2594,0
41.6984,1.984,0,0,2.38418,0.221107,0.36288,3.6288,61.308,0.66528,0,0,2.24887,0.188472,1.39512,0.66528,12.849,1,0.608669,0.36288,0,55.985,4.26122,51.478,0.84672,12.849,0.84672,3695.15,0,36.966,0.42336,0.937907,1.87349,7.19049,1.0776,8.50093,0.42336,36.966,0.42336,423.524,0,1.02816,0,0,1.96607,0.937907,1.028160,1,0,61.374,0,0,0,61.374,0
41.999,1.98223,0,0,2.87636,0.230672,0.36288,3.6288,61.308,0.66528,0,0,2.66969,0.203125,1.80129,0.66528,12.849,1,0.610808,0.36288,0,53.3657,4.3018,48.816,0.84672,12.849,0.84672,3695.15,0,36.966,0.42336,1.85638,1.87356,8.79422,1.05946,11.0413,0.42336,36.966,0.42336,423.524,0,1.02816,0,0,2.88454,1.85638,1.028160,1,0,61.6586,0,0,0,61.6586,0
44.4897,2.05822,0,0,5.13694,0.225137,0.36288,3.6288,61.308,0.66528,0,0,1.55521,0.176212,0.713717,0.66528,12.849,1,0.629684,0.36288,0,66.3059,3.37291,62.6661,0.84672,12.849,0.84672,3695.15,0,36.966,0.42336,1.59585,1.87363,8.28533,0.77291,10.5585,0.42336,36.966,0.42336,423.524,0,1.02816,0,0,2.62401,1.59585,1.028160,1,0,73.9384,0,0,0,73.9384,0
46.347,2.08585,0,0,4.53768,0.231685,0.36288,3.6288,61.308,0.66528,0,0,1.30734,0.176212,0.465852,0.66528,12.849,1,0.602411,0.36288,0,92.5494,3.37291,88.937,0.84672,12.849,0.84672,3695.15,0,36.966,0.42336,1.16552,1.8914,7.48958,0.77291,9.35023,0.42336,36.966,0.42336,423.524,0,1.02816,0,0,2.19368,1.16552,1.028160,1,0,98.7531,0,0,0,98.7531,0
47.6306,2.10503,0,0,3.98815,0.236567,0.36288,3.6288,61.308,0.66528,0,0,1.14646,0.176212,0.304967,0.66528,12.849,1,0.583587,0.36288,0,49.8302,3.37291,46.2366,0.84672,12.849,0.84672,3695.15,0,36.966,0.42336,0.875483,1.89147,6.03513,0.77291,7.60581,0.42336,36.966,0.42336,423.524,0,1.02816,0,0,1.90364,0.875483,1.028160,1,0,54.1474,0,0,0,54.1474,0
48.4032,2.11769,0,0,3.49728,0.244113,0.36288,3.6288,61.308,0.66528,0,0,1.02843,0.173735,0.189413,0.66528,12.849,1,0.571276,0.36288,0,42.8293,3.40973,39.2111,0.84672,12.849,0.84672,3695.15,0,36.966,0.42336,0.660718,1.89154,5.26859,0.764778,6.63271,0.42336,36.966,0.42336,423.524,0,1.02816,0,0,1.68888,0.660718,1.028160,1,0,46.0333,0,0,0,46.0333,0
49.7368,2.3651,0,0,4.35644,0.294895,0.36288,3.6288,61.308,0.66528,0,0,0.898828,0.178633,0.054915,0.66528,12.849,1,0.627832,0.36288,0,73.2767,3.04164,69.9701,0.84672,12.849,0.84672,3695.15,0,36.966,0.42336,1.06198,1.8916,6.56027,0.799509,8.29098,0.42336,36.966,0.42336,423.524,0,1.02816,0,0,2.09014,1.06198,1.028160,1,0,78.316,0,0,0,78.316,0
50.4799,2.37878,0,0,3.78181,0.297037,0.36288,3.6288,61.308,0.66528,0,0,0.948611,0.184166,0.0991659,0.66528,12.849,1,0.614535,0.36288,0,67.4117,3.17268,63.9874,0.84672,12.849,0.84672,3695.15,0,36.966,0.42336,1.09541,1.94856,6.79644,0.840505,8.57655,0.42336,36.966,0.42336,423.524,0,1.02816,0,0,2.12357,1.09541,1.028160,1,0,72.6631,0,0,0,72.6631,0
51.745,2.3863,0,0,4.29546,0.28116,0.36288,3.6288,61.308,0.66528,0,0,0.975603,0.203731,0.106592,0.66528,12.849,1,0.607403,0.36288,0,68.6137,4.27624,64.0929,0.84672,12.849,0.84672,3695.15,0,36.966,0.42336,1.26145,1.94864,7.69003,1.22658,9.25018,0.42336,36.966,0.42336,423.524,0,1.02816,0,0,2.28961,1.26145,1.028160,1,0,73.4497,0,0,0,73.4497,0
52.9196,2.39851,0,0,4.19112,0.255117,0.36288,3.6288,61.308,0.66528,0,0,1.02577,0.213644,0.146843,0.66528,12.849,1,0.595584,0.36288,0,73.8971,3.84589,69.8185,0.84672,12.849,0.84672,3695.15,0,36.966,0.42336,1.55667,1.94871,8.82999,0.978285,10.9337,0.42336,36.966,0.42336,423.524,0,1.02816,0,0,2.58483,1.55667,1.028160,1,0,80.899,0,0,0,80.899,0
53.4626,2.06087,0,0,3.24014,0.273384,0.36288,3.6288,61.0797,0.805602,0,0,0.776494,0.199168,0,0.66528,12.849,1,0.500383,0.36288,0,66.1134,3.31821,62.6577,0.84672,12.849,0.84672,3695.15,0,36.966,0.42336,0.608429,1.94878,7.75639,1.02779,8.86245,0.42336,36.966,0.42336,423.524,0,0.887838,0,0,1.49627,0.608429,1.028160,1,0,71.5201,0,0,0,71.5201,0
54.8398,2.06524,0,0,4.08014,0.274906,0.36288,3.6288,61.1615,0.66528,0,0,0.945968,0.19888,0,0.66528,12.849,1,0.496352,0.36288,0,77.2805,3.31821,73.8288,0.84672,12.849,0.84672,3695.15,0,36.966,0.42336,0.854306,1.86767,7.45079,1.02779,8.72161,0.42336,36.966,0.42336,423.524,0,1.02816,0,0,1.88247,0.854306,1.028160,1,0,82.5504,0,0,0,82.5504,0
55.8023,2.07561,0,0,3.67984,0.278768,0.36288,3.6288,61.0705,0.66528,0,0,0.773185,0.198983,0,0.66528,12.849,1,0.486318,0.36288,0,59.798,3.31821,56.3564,0.84672,12.849,0.84672,3695.15,0,36.966,0.42336,0.60569,1.86773,7.21155,1.02779,8.23382,0.42336,36.966,0.42336,423.524,0,1.02816,0,0,1.63385,0.60569,1.028160,1,0,64.5902,0,0,0,64.5902,0
56.1484,2.08271,0,0,3.09268,0.301062,0.36288,3.6288,61.0959,0.66528,0,0,0.862773,0.172059,0,0.66528,12.849,1,0.479563,0.36288,0,59.262,3.35527,55.7901,0.84672,12.849,0.84672,3695.15,0,36.966,0.42336,0.788512,1.8678,7.26405,0.961362,8.53563,0.42336,36.966,0.42336,423.524,0,1.02816,0,0,1.81667,0.788512,1.028160,1,0,64.3257,0,0,0,64.3257,0
57.4831,2.08539,0,0,4.07456,0.291531,0.36288,3.6288,61.1055,0.66528,0,0,0.845804,0.17092,0,0.66528,12.849,1,0.477222,0.36288,0,66.2857,3.71198,62.4594,0.84672,12.849,0.84672,3695.15,0,36.966,0.42336,1.07435,1.86786,8.43231,1.0371,9.91406,0.42336,36.966,0.42336,423.524,0,1.02816,0,0,2.10251,1.07435,1.028160,1,0,72.3735,0,0,0,72.3735,0
59.3499,2.18391,0,0,4.70098,0.287363,0.36288,3.6288,61.233,0.66528,0,0,0.962807,0.170054,0,0.66528,12.849,1,0.488161,0.36288,0,78.9627,3.9795,74.8579,0.84672,12.849,0.84672,3695.15,0,36.966,0.42336,1.13111,1.86792,8.10815,1.0939,9.58992,0.42336,36.966,0.42336,423.524,0,1.02816,0,0,2.15927,1.13111,1.028160,1,0,84.4478,0,0,0,84.4478,0
60.7105,2.19682,0,0,4.21283,0.29262,0.36288,3.6288,61.308,0.66528,0,0,1.08301,0.170191,0.1725,0.66528,12.849,1,0.475602,0.36288,0,74.5053,3.9795,70.4131,0.84672,12.849,0.84672,3695.15,0,36.966,0.42336,1.39426,1.88843,9.00873,1.0939,10.7742,0.42336,36.966,0.42336,423.524,0,1.02816,0,0,2.42242,1.39426,1.028160,1,0,81.3598,0,0,0,81.3598,0
62.2307,2.20591,0,0,4.38538,0.29631,0.36288,3.6288,61.24,0.66528,0,0,0.767509,0.170272,0,0.66528,12.849,1,0.466867,0.36288,0,71.4482,3.9795,67.3647,0.84672,12.849,0.84672,3695.15,0,36.966,0.42336,0.96895,1.8885,6.2558,1.0939,7.59599,0.42336,36.966,0.42336,423.524,0,1.02816,0,0,1.99711,0.96895,1.028160,1,0,74.9607,0,0,0,74.9607,0
63.0688,2.21565,0,0,3.66936,0.25281,0.36288,3.6288,61.1743,0.66528,0,0,0.810012,0.210341,0,0.66528,12.849,1,0.457474,0.36288,0,64.9097,4.39317,60.422,0.84672,12.849,0.84672,3695.15,0,36.966,0.42336,1.22364,1.88857,7.58173,1.22092,9.04966,0.42336,36.966,0.42336,423.524,0,1.02816,0,0,2.2518,1.22364,1.028160,1,0,69.4716,0,0,0,69.4716,0
63.6753,2.18554,0,0,3.37986,0.2249,0.36288,3.6288,61.2791,0.66528,0,0,0.977046,0.207048,0,0.66528,12.849,1,0.44526,0.36288,0,68.9861,4.08954,64.8142,0.84672,12.849,0.84672,3695.15,0,36.966,0.42336,2.04564,1.88863,6.3466,1.16421,8.6933,0.42336,36.966,0.42336,423.524,0,1.02816,0,0,3.0738,2.04564,1.028160,1,0,73.5075,0,0,0,73.5075,0
63.8567,2.18936,0,0,2.95967,0.226013,0.36288,3.6288,61.308,0.66528,0,0,0.927184,0.207185,0.0257844,0.66528,12.849,1,0.441789,0.36288,0,60.7324,4.08954,56.5639,0.84672,12.849,0.84672,3695.15,0,36.966,0.42336,1.68076,1.8807,5.91773,1.16421,7.89162,0.42336,36.966,0.42336,423.524,0,1.02816,0,0,2.70892,1.68076,1.028160,1,0,64.4813,0,0,0,64.4813,0
63.7373,2.19069,0,0,2.66045,0.226346,0.36288,3.6288,61.257,0.66528,0,0,0.821534,0.207223,0,0.66528,12.849,1,0.440802,0.36288,0,52.4799,4.08954,48.3124,0.84672,12.849,0.84672,3695.15,0,36.966,0.42336,1.37595,1.88077,5.17822,1.16421,6.84737,0.42336,36.966,0.42336,423.524,0,1.02816,0,0,2.40411,1.37595,1.028160,1,0,55.1598,0,0,0,55.1598,0
63.4379,2.19029,0,0,2.45574,0.201884,0.36288,3.6288,61.1879,0.66528,0,0,0.769141,0.173034,0,0.66528,12.849,1,0.441548,0.36288,0,50.3638,3.38178,46.9033,0.84672,12.849,0.84672,3695.15,0,36.966,0.42336,1.26408,1.88083,4.6762,0.984705,6.41304,0.42336,36.966,0.42336,423.524,0,1.02816,0,0,2.29224,1.26408,1.028160,1,0,53.3164,0,0,0,53.3164,0
63.0437,2.30938,0,0,2.46571,0.187646,0.36288,3.6288,61.2424,0.66528,0,0,0.903934,0.184128,0,0.66528,12.849,1,0.467753,0.36288,0,43.5949,3.57468,39.9154,0.84672,12.849,0.84672,3695.15,0,36.966,0.42336,1.679,1.8809,4.97949,0.912541,7.20349,0.42336,36.966,0.42336,423.524,0,1.02816,0,0,2.70716,1.679,1.028160,1,0,47.1189,0,0,0,47.1189,0
62.3907,2.30726,0,0,2.20248,0.18543,0.36288,3.6288,61.2056,0.66528,0,0,0.81553,0.187002,0,0.66528,12.849,1,0.470244,0.36288,0,36.5262,3.62649,32.7923,0.84672,12.849,0.84672,3695.15,0,36.966,0.42336,1.42122,1.90812,4.50996,0.9055,6.51044,0.42336,36.966,0.42336,423.524,0,1.02816,0,0,2.44938,1.42122,1.028160,1,0,39.3028,0,0,0,39.3028,0
61.4413,2.30348,0,0,1.90147,0.184442,0.36288,3.6288,61.0727,0.66528,0,0,0.719341,0.186958,0,0.66528,12.849,1,0.474388,0.36288,0,33.5657,3.62649,29.8277,0.84672,12.849,0.84672,3695.15,0,36.966,0.42336,1.25166,1.90819,4.26559,0.9055,6.09659,0.42336,36.966,0.42336,423.524,0,1.02816,0,0,2.27982,1.25166,1.028160,1,0,35.9243,0,0,0,35.9243,0
60.3102,2.29772,0,0,1.71245,0.183005,0.36288,3.6288,60.833,0.66528,0,0,0.612314,0.186801,0,0.66528,12.849,1,0.480513,0.36288,0,31.4393,3.62649,27.6952,0.84672,12.849,0.84672,3695.15,0,36.966,0.42336,1.02129,1.90826,4.13164,0.9055,5.73233,0.42336,36.966,0.42336,423.524,0,1.02816,0,0,2.04945,1.02129,1.028160,1,0,33.4275,0,0,0,33.4275,0
59.2844,2.29059,0,0,1.77296,0.145226,0.36288,3.6288,60.5805,0.66528,0,0,0.603692,0.190915,0,0.66528,12.849,1,0.488007,0.36288,0,28.7626,4.04835,24.5891,0.84672,12.849,0.84672,3695.15,0,36.966,0.42336,0.743092,1.90833,3.3592,0.960663,4.6266,0.42336,36.966,0.42336,423.524,0,1.02816,0,0,1.77125,0.743092,1.028160,1,0,29.2157,0,0,0,29.2157,0
58.0117,2.54131,0,0,1.74844,0.11702,0.36288,3.6288,60.2328,0.702588,0,0,0.548806,0.193901,0,0.66528,12.849,1,0.550789,0.36288,0,27.6187,4.36475,23.0661,0.84672,12.849,0.84672,3695.15,0,36.966,0.42336,0.30119,1.9084,2.66759,1.00204,3.45178,0.42336,36.966,0.42336,423.524,0,0.990852,0,0,1.29204,0.30119,1.028160,1,0,26.5178,0,0,0,26.5178,0
56.5977,2.53174,0,0,1.59196,0.111353,0.36288,3.6288,59.7613,0.786084,0,0,0.519016,0.204368,0,0.66528,12.849,1,0.560755,0.36288,0,24.3124,4.5059,19.6087,0.84672,12.849,0.84672,3695.15,0,36.966,0.42336,0.261274,1.96715,2.58911,1.05356,3.34061,0.42336,36.966,0.42336,423.524,0,0.907356,0,0,1.16863,0.261274,1.028160,1,0,22.9493,0,0,0,22.9493,0
55.1408,2.52065,0,0,1.51141,0.0847719,0.36288,3.6288,59.2085,0.770075,0,0,0.486187,0.268925,0,0.66528,12.849,1,0.572247,0.36288,0,21.9281,5.3528,16.366,0.84672,12.849,0.84672,3695.15,0,36.966,0.42336,0.261274,1.96722,2.46891,1.36269,2.91135,0.42336,36.966,0.42336,423.524,0,0.923365,0,0,1.18464,0.261274,1.028160,1,0,19.2773,0,0,0,19.2773,0
53.493,2.50871,0,0,1.31249,0.0887199,0.36288,3.6288,58.5597,0.824342,0,0,0.441741,0.266274,0,0.66528,12.849,1,0.584585,0.36288,0,20.0268,5.34989,14.4552,0.84672,12.849,0.84672,3695.15,0,36.966,0.42336,0.261274,1.9673,2.31028,1.35921,2.75628,0.42336,36.966,0.42336,423.524,0,0.869098,0,0,1.13037,0.261274,1.028160,1,0,17.2115,0,0,0,17.2115,0
51.6757,2.5607,0,0,1.1932,0.086861,0.36288,3.6288,57.6792,0.99258,0,0,0.397659,0.285551,0,0.66528,12.849,1,0.61508,0.36288,0,18.4322,5.59818,12.5819,0.84672,12.849,0.84672,3695.15,0,36.966,0.42336,0.261274,1.96737,1.96099,1.49577,2.27051,0.42336,36.966,0.42336,423.524,0,0.70086,0,0,0.962133,0.261274,1.028160,1,0,14.8524,0,0,0,14.8524,0
49.8478,2.54371,0,0,1.16389,0.0852513,0.36288,3.6288,56.8549,0.906759,0,0,0.36639,0.283933,0,0.66528,12.849,1,0.632484,0.36288,0,18.4086,5.59818,12.5409,0.84672,12.849,0.84672,3695.15,0,36.966,0.42336,0.261274,1.98283,2.10135,1.49577,2.42632,0.42336,36.966,0.42336,423.524,0,0.786681,0,0,1.04795,0.261274,1.028160,1,0,14.9672,0,0,0,14.9672,0
47.9648,2.52559,0,0,1.08913,0.0836321,0.36288,3.6288,55.9938,0.917853,0,0,0.339144,0.282419,0,0.66528,12.849,1,0.651008,0.36288,0,16.6183,5.59818,10.732,0.84672,12.849,0.84672,3695.15,0,36.966,0.42336,0.227405,1.98291,1.87542,1.49577,2.1666,0.42336,36.966,0.42336,423.524,0,0.775587,0,0,1.00299,0.227405,1.028160,1,0,12.8986,0,0,0,12.8986,0
46.0141,2.50576,0,0,0.999881,0.0819507,0.36288,3.6288,55.0481,1.00023,0,0,0.335418,0.280837,0,0.66528,12.849,1,0.671252,0.36288,0,15.1914,5.59818,9.28481,0.84672,12.849,0.84672,3695.15,0,36.966,0.42336,0.227405,1.98298,1.83425,1.49577,2.1255,0.42336,36.966,0.42336,423.524,0,0.693213,0,0,0.920618,0.227405,1.028160,1,0,11.4103,0,0,0,11.4103,0
43.8795,2.67182,0,0,0.995432,0.0953355,0.36288,3.6288,54.1716,0.931686,0,0,0.341759,0.286533,0,0.66528,12.849,1,0.74608,0.36288,0,16.815,5.4967,10.9351,0.84672,12.849,0.84672,3695.15,0,36.966,0.42336,0.227405,1.98306,1.94752,1.49181,2.24281,0.42336,36.966,0.42336,423.524,0,0.761754,0,0,0.989159,0.227405,1.028160,1,0,13.1779,0,0,0,13.1779,0
41.5435,2.64408,0,0,0.775224,0.104231,0.36288,3.6288,53.0035,1.15235,0,0,0.268569,0.284374,0,0.66528,12.849,1,0.774253,0.36288,0,15.5887,5.35143,9.82592,0.84672,12.849,0.84672,3695.15,0,36.966,0.42336,0.227405,2.0282,1.42868,1.46931,1.79162,0.42336,36.966,0.42336,423.524,0,0.541089,0,0,0.768493,0.227405,1.028160,1,0,11.6175,0,0,0,11.6175,0
39.2934,2.61117,0,0,0.825405,0.101449,0.36288,3.6288,51.8468,1.14124,0,0,0.266374,0.281867,0,0.66528,12.849,1,0.807608,0.36288,0,14.5622,5.35143,8.76604,0.84672,12.849,0.84672,3695.15,0,36.966,0.42336,0.204422,2.02829,1.50574,1.46931,1.84578,0.42336,36.966,0.42336,423.524,0,0.5522,0,0,0.756622,0.204422,1.028160,1,0,10.6118,0,0,0,10.6118,0
37.4866,2.57665,0,0,1.23889,0.10619,0.36288,3.6288,50.895,0.991716,0,0,0.317172,0.277247,0,0.66528,12.849,1,0.842566,0.36288,0,21.5035,5.29206,15.7317,0.84672,12.849,0.84672,3695.15,0,36.966,0.42336,0.204422,2.02837,1.60018,1.46203,1.94758,0.42336,36.966,0.42336,423.524,0,0.701724,0,0,0.906146,0.204422,1.028160,1,0,17.6793,0,0,0,17.6793,0
35.9357,2.57293,0,0,1.49024,0.105302,0.36288,3.6288,49.9812,0.981599,0,0,0.350763,0.28293,0,0.66528,12.849,1,0.84672,0.36288,0,19.1972,5.34126,13.3721,0.84672,12.849,0.84672,3695.15,0,36.966,0.42336,0.204422,2.02845,1.53725,1.45707,1.88969,0.42336,36.966,0.42336,423.524,0,0.711841,0,0,0.916263,0.204422,1.028160,1,0,15.2618,0,0,0,15.2618,0
34.2477,2.16604,0,0,0.926303,0.0854316,0.36288,3.6288,49.4046,0.66528,0,0,0.388487,0.299786,0,0.66528,12.849,1,0.774477,0.36288,0,11.0847,5.51565,5.15744,0.84672,12.849,0.84672,3695.15,0,36.966,0.42336,0.612187,2.02853,1.16516,1.47594,1.90659,0.42336,36.966,0.42336,423.524,0,1.02816,0,0,1.64035,0.612187,1.028160,1,0,7.06403,0,0,0,7.06403,0
32.448,2.13856,0,0,0.785436,0.0837018,0.36288,3.6288,48.2742,1.04298,0,0,0.210911,0.298369,0,0.66528,12.849,1,0.80234,0.36288,0,11.0692,5.51565,5.11411,0.84672,12.849,0.84672,3695.15,0,36.966,0.42336,0.216518,1.93874,0.861823,1.47594,1.11778,0.42336,36.966,0.42336,423.524,0,0.650462,0,0,0.866981,0.216518,1.028160,1,0,6.2319,0,0,0,6.2319,0
30.7934,2.10695,0,0,0.923314,0.108116,0.36288,3.6288,47.1994,1.02108,0,0,0.214283,0.267977,0,0.66528,12.849,1,0.834327,0.36288,0,11.15,5.10039,5.57817,0.84672,12.849,0.84672,3695.15,0,36.966,0.42336,0.216518,1.93881,0.900029,1.34614,1.28586,0.42336,36.966,0.42336,423.524,0,0.672365,0,0,0.888883,0.216518,1.028160,1,0,6.86403,0,0,0,6.86403,0
30.7667,2.09494,0,0,2.60127,0.170139,0.36288,3.6288,46.8572,0.66528,0,0,0.520202,0.197166,0,0.66528,12.849,1,0.84672,0.36288,0,35.6264,4.06224,31.0803,0.84672,12.849,0.84672,3695.15,0,36.966,0.42336,0.430367,1.93888,2.39556,1.02165,3.3198,0.42336,36.966,0.42336,423.524,0,1.02816,0,0,1.45853,0.430367,1.028160,1,0,34.4001,0,0,0,34.4001,0
29.5083,2.014,0,0,1.30136,0.182817,0.36288,3.6288,46.4312,0.66528,0,0,0.489503,0.250155,0,0.66528,12.849,1,0.841103,0.36288,0,31.0259,4.87904,25.6686,0.84672,12.849,0.84672,3695.15,0,36.966,0.42336,0.427524,1.93896,2.02639,1.15742,2.81209,0.42336,36.966,0.42336,423.524,0,1.02816,0,0,1.45568,0.427524,1.028160,1,0,28.4807,0,0,0,28.4807,0
27.8387,2.00876,0,0,0.881764,0.179766,0.36288,3.6288,45.9378,0.66528,0,0,0.421056,0.249198,0,0.66528,12.849,1,0.84672,0.36288,0,32.8127,4.87904,27.4499,0.84672,12.849,0.84672,3695.15,0,36.966,0.42336,0.22667,1.92274,1.2888,1.15742,1.85743,0.42336,36.966,0.42336,423.524,0,1.02816,0,0,1.25483,0.22667,1.028160,1,0,29.3073,0,0,0,29.3073,0
27.093,2.00913,0,0,1.79537,0.169064,0.36288,3.6288,45.5898,0.66528,0,0,0.561745,0.244519,0,0.66528,12.849,1,0.84672,0.36288,0,26.339,4.78303,21.0722,0.84672,12.849,0.84672,3695.15,0,36.966,0.42336,0.62011,1.92281,2.27478,1.17889,3.21545,0.42336,36.966,0.42336,423.524,0,1.02816,0,0,1.64827,0.62011,1.028160,1,0,24.2876,0,0,0,24.2876,0
29.8591,2.00951,0,0,5.3051,0.166558,0.36288,3.6288,45.6978,0.66528,0,0,0.984485,0.211216,0,0.66528,12.849,1,0.84672,0.36288,0,77.7334,3.9821,73.2675,0.84672,12.849,0.84672,3695.15,0,36.966,0.42336,1.59754,1.92288,5.50887,1.08898,7.51695,0.42336,36.966,0.42336,423.524,0,1.02816,0,0,2.6257,1.59754,1.028160,1,0,80.7844,0,0,0,80.7844,0
32.767,1.82447,0,0,5.30882,0.213558,0.36288,3.6288,45.541,0.66528,0,0,0.733101,0.224613,0,0.66528,12.849,1,0.785109,0.36288,0,64.8035,4.47362,59.9077,0.84672,12.849,0.84672,3695.15,0,36.966,0.42336,0.849632,1.92295,3.70764,1.07797,4.97889,0.42336,36.966,0.42336,423.524,0,1.02816,0,0,1.87779,0.849632,1.028160,1,0,64.8866,0,0,0,64.8866,0
36.9067,1.87477,0,0,6.61081,0.233494,0.36288,3.6288,45.8238,0.66528,0,0,1.18479,0.236654,0,0.66528,12.849,1,0.735157,0.36288,0,87.5483,4.83851,82.3375,0.84672,12.849,0.84672,3695.15,0,36.966,0.42336,1.69772,1.87673,6.4594,1.11664,8.49384,0.42336,36.966,0.42336,423.524,0,1.02816,0,0,2.72588,1.69772,1.028160,1,0,90.8313,0,0,0,90.8313,0
38.4922,1.93619,0,0,4.12628,0.241762,0.36288,3.6288,45.4875,0.66528,0,0,0.550921,0.221975,0,0.66528,12.849,1,0.674081,0.36288,0,52.4482,4.52605,47.6109,0.84672,12.849,0.84672,3695.15,0,36.966,0.42336,0.457237,1.87679,3.39484,1.02678,4.27872,0.42336,36.966,0.42336,423.524,0,1.02816,0,0,1.4854,0.457237,1.028160,1,0,51.8896,0,0,0,51.8896,0
39.7279,1.95727,0,0,3.79257,0.236669,0.36288,3.6288,44.8549,0.960077,0,0,0.510595,0.183146,0,0.66528,12.849,1,0.653352,0.36288,0,53.3243,3.74493,49.2889,0.84672,12.849,0.84672,3695.15,0,36.966,0.42336,0.412474,1.87685,3.15763,0.802145,4.22146,0.42336,36.966,0.42336,423.524,0,0.733363,0,0,1.14584,0.412474,1.028160,1,0,53.5103,0,0,0,53.5103,0
39.8124,1.97288,0,0,2.65001,0.229741,0.36288,3.6288,44.6444,0.757884,0,0,0.737577,0.190169,0,0.66528,12.849,1,0.63808,0.36288,0,43.0554,4.05204,38.7281,0.84672,12.849,0.84672,3695.15,0,36.966,0.42336,0.412474,1.87692,2.83026,0.934867,3.76142,0.42336,36.966,0.42336,423.524,0,0.935556,0,0,1.34803,0.412474,1.028160,1,0,42.4895,0,0,0,42.4895,0
41.1233,2.04603,0,0,3.9239,0.20411,0.36288,3.6288,44.466,0.66528,0,0,0.696914,0.210009,0,0.66528,12.849,1,0.660332,0.36288,0,54.8771,4.81981,49.7599,0.84672,12.849,0.84672,3695.15,0,36.966,0.42336,1.61584,1.87698,5.85789,1.26667,7.66068,0.42336,36.966,0.42336,423.524,0,1.02816,0,0,2.644,1.61584,1.028160,1,0,57.4205,0,0,0,57.4205,0
49.1292,2.06231,0,0,10.6384,0.207316,0.36288,3.6288,44.9488,0.66528,0,0,1.35772,0.209658,0,0.66528,12.849,1,0.644371,0.36288,0,197.307,4.81981,192.206,0.84672,12.849,0.84672,3695.15,0,36.966,0.42336,4.62152,1.89486,5.07684,1.26667,9.90318,0.42336,36.966,0.42336,423.524,0,1.02816,0,0,5.64968,4.62152,1.028160,1,0,202.109,0,0,0,202.109,0
51.3675,2.14581,0,0,4.98195,0.234996,0.36288,3.6288,45.1148,0.66528,0,0,1.0311,0.19975,0,0.66528,12.849,1,0.561203,0.36288,0,115.11,4.14844,110.763,0.84672,12.849,0.84672,3695.15,0,36.966,0.42336,2.94692,1.89492,2.87818,1.08594,6.21073,0.42336,36.966,0.42336,423.524,0,1.02816,0,0,3.97508,2.94692,1.028160,1,0,116.974,0,0,0,116.974,0
52.2205,2.16563,0,0,3.62215,0.240619,0.36288,3.6288,45.0082,0.66528,0,0,0.758653,0.200061,0,0.66528,12.849,1,0.541708,0.36288,0,68.3597,4.14844,64.0324,0.84672,12.849,0.84672,3695.15,0,36.966,0.42336,1.92548,1.89498,2.29152,1.08594,4.60269,0.42336,36.966,0.42336,423.524,0,1.02816,0,0,2.95364,1.92548,1.028160,1,0,68.6351,0,0,0,68.6351,0
52.8552,2.41808,0,0,3.65481,0.23918,0.36288,3.6288,44.8503,0.66528,0,0,0.700669,0.193252,0,0.66528,12.849,1,0.594975,0.36288,0,102.745,4.98536,97.5272,0.84672,12.849,0.84672,3695.15,0,36.966,0.42336,1.60707,1.89504,4.50878,1.38724,6.2003,0.42336,36.966,0.42336,423.524,0,1.02816,0,0,2.63523,1.60707,1.028160,1,0,103.727,0,0,0,103.727,0
52.7425,2.42411,0,0,2.93986,0.265544,0.36288,3.6288,44.9511,0.66528,0,0,0.946348,0.180299,0,0.66528,12.849,1,0.589298,0.36288,0,80.898,5.00451,75.6671,0.84672,12.849,0.84672,3695.15,0,36.966,0.42336,2.19926,1.95234,4.11643,1.36587,6.4788,0.42336,36.966,0.42336,423.524,0,1.02816,0,0,3.22742,2.19926,1.028160,1,0,82.1459,0,0,0,82.1459,0
54.1189,2.42339,0,0,4.42794,0.265237,0.36288,3.6288,45.3711,0.66528,0,0,1.2658,0.180469,0,0.66528,12.849,1,0.59038,0.36288,0,69.0267,5.00451,63.7947,0.84672,12.849,0.84672,3695.15,0,36.966,0.42336,3.04086,1.9524,5.43218,1.36587,8.63621,0.42336,36.966,0.42336,423.524,0,1.02816,0,0,4.06902,3.04086,1.028160,1,0,72.4309,0,0,0,72.4309,0
56.3993,2.43581,0,0,5.34809,0.268989,0.36288,3.6288,45.4887,0.66528,0,0,0.964086,0.181179,0,0.66528,12.849,1,0.578314,0.36288,0,88.916,5.00451,83.696,0.84672,12.849,0.84672,3695.15,0,36.966,0.42336,2.57318,1.95247,5.37953,1.36587,8.11595,0.42336,36.966,0.42336,423.524,0,1.02816,0,0,3.60134,2.57318,1.028160,1,0,91.812,0,0,0,91.812,0
61.3329,2.10024,0,0,7.6757,0.279015,0.36288,3.6288,48.401,0.66528,0,0,3.77406,0.196501,0,0.66528,12.849,1,0.47848,0.36288,0,250.463,4.93323,245.414,0.84672,12.849,0.84672,3695.15,0,36.966,0.42336,5.05078,1.95254,14.8042,1.12772,20.2564,0.42336,36.966,0.42336,423.524,0,1.02816,0,0,6.07894,5.05078,1.028160,1,0,265.671,0,0,0,265.671,0
65.8472,2.13232,0,0,7.30244,0.292962,0.36288,3.6288,50.9199,0.66528,0,0,3.38828,0.204158,0,0.66528,12.849,1,0.446712,0.36288,0,203.12,4.92135,198.115,0.84672,12.849,0.84672,3695.15,0,36.966,0.42336,4.71863,1.87094,13.7186,1.08803,18.7968,0.42336,36.966,0.42336,423.524,0,1.02816,0,0,5.74679,4.71863,1.028160,1,0,216.912,0,0,0,216.912,0
69.7684,2.1582,0,0,6.7462,0.303906,0.36288,3.6288,53.2521,0.66528,0,0,3.20596,0.208429,0,0.66528,12.849,1,0.421138,0.36288,0,191.133,4.92135,186.154,0.84672,12.849,0.84672,3695.15,0,36.966,0.42336,4.67035,1.871,13.5581,1.08803,18.588,0.42336,36.966,0.42336,423.524,0,1.02816,0,0,5.69851,4.67035,1.028160,1,0,204.742,0,0,0,204.742,0
72.29,2.17845,0,0,5.52212,0.313413,0.508636,3.6288,54.633,0.66528,0,0,2.2585,0.212383,0,0.66528,12.849,1,0.401198,0.508636,0,178.013,4.92135,173.199,0.84672,12.849,0.84672,3695.15,0,36.966,0.42336,3.44915,1.87106,10.6326,1.08803,14.4414,0.42336,36.966,0.42336,423.524,0,1.02816,0,0,4.47731,3.44915,1.028160,1,0,187.641,0,0,0,187.641,0
72.29,2.1906,0,0,5.59001,0.305302,3.09411,3.6288,56.1791,0.66528,0,0,2.39658,0.185149,0,0.66528,12.849,1,0.389363,3.09411,0,154.693,4.59008,152.808,0.84672,12.849,0.84672,3695.15,0,36.966,0.42336,3.09545,1.87112,11.6129,0.974233,15.1818,0.42336,36.966,0.42336,423.524,0,1.02816,0,0,4.12361,3.09545,1.028160,1,0,167.99,0,0,0,167.99,0
72.29,2.28405,0,0,6.88234,0.285045,4.31324,3.6288,59.5,0.66528,0,0,4.15485,0.168664,0,0.66528,12.849,1,0.405973,4.31324,0,196.186,4.12996,195.963,0.84672,12.849,0.84672,3695.15,0,36.966,0.42336,5.23589,1.87117,13.7127,0.88409,19.5123,0.42336,36.966,0.42336,423.524,0,1.02816,0,0,6.26405,5.23589,1.028160,1,0,215.476,0,0,0,215.476,0
72.29,2.28432,0,0,5.8754,0.285045,3.30603,3.6288,61.308,0.66528,0,0,3.31624,0.172324,0.670641,0.66528,12.849,1,0.406021,3.30603,0,152.477,4.12996,151.247,0.84672,12.849,0.84672,3695.15,0,36.966,0.42336,4.13855,1.8918,9.92537,0.88409,14.6483,0.42336,36.966,0.42336,423.524,0,1.02816,0,0,5.16671,4.13855,1.028160,1,0,166.566,0,0,0,166.566,0
72.29,2.2846,0,0,4.70244,0.247322,2.17052,3.6288,61.308,0.66528,0,0,2.33255,0.170154,1.49712,0.66528,12.849,1,0.40607,2.17052,0,128.058,4.37709,125.445,0.84672,12.849,0.84672,3695.15,0,36.966,0.42336,2.6987,1.89186,6.93014,0.900159,10.1972,0.42336,36.966,0.42336,423.524,0,1.02816,0,0,3.72686,2.6987,1.028160,1,0,137.139,0,0,0,137.139,0
72.29,2.28487,0,0,4.05103,0.220478,1.54568,3.6288,61.308,0.66528,0,0,1.91801,0.172492,1.08024,0.66528,12.849,1,0.406119,1.54568,0,118.805,4.33669,115.608,0.84672,12.849,0.84672,3695.15,0,36.966,0.42336,1.88899,1.89192,5.87736,0.920331,8.31458,0.42336,36.966,0.42336,423.524,0,1.02816,0,0,2.91715,1.88899,1.028160,1,0,125.003,0,0,0,125.003,0
72.29,2.2487,0,0,3.37958,0.259567,0.871313,3.6288,61.308,0.66528,0,0,1.14214,0.179589,0.29727,0.66528,12.849,1,0.399689,0.871313,0,95.6077,3.85137,92.2279,0.84672,12.849,0.84672,3695.15,0,36.966,0.42336,1.36613,1.89198,5.02331,0.962678,6.89539,0.42336,36.966,0.42336,423.524,0,1.02816,0,0,2.39429,1.36613,1.028160,1,0,99.4206,0,0,0,99.4206,0
72.29,2.24897,0,0,3.02304,0.203076,0.570994,3.6288,61.308,0.66528,0,0,0.959688,0.198311,0.0960972,0.66528,12.849,1,0.399737,0.570994,0,85.193,4.01814,81.3461,0.84672,12.849,0.84672,3695.15,0,36.966,0.42336,1.4722,1.884,4.5161,0.974322,6.47462,0.42336,36.966,0.42336,423.524,0,1.02816,0,0,2.50036,1.4722,1.028160,1,0,87.9168,0,0,0,87.9168,0
72.29,2.24924,0,0,2.8654,0.203076,0.413086,3.6288,61.308,0.66528,0,0,0.942106,0.198311,0.0785148,0.66528,12.849,1,0.399786,0.413086,0,79.704,4.01814,75.6992,0.84672,12.849,0.84672,3695.15,0,36.966,0.42336,1.35534,1.88406,4.26157,0.974322,6.10328,0.42336,36.966,0.42336,423.524,0,1.02816,0,0,2.3835,1.35534,1.028160,1,0,81.881,0,0,0,81.881,0
72.1613,2.24951,0,0,2.68682,0.203076,0.36288,3.6288,61.308,0.66528,0,0,1.13083,0.198311,0.267238,0.66528,12.849,1,0.399834,0.36288,0,73.8219,4.01814,69.7668,0.84672,12.849,0.84672,3695.15,0,36.966,0.42336,1.78622,1.88412,4.86451,0.974322,7.13716,0.42336,36.966,0.42336,423.524,0,1.02816,0,0,2.81438,1.78622,1.028160,1,0,77.1712,0,0,0,77.1712,0
71.5058,2.37292,0,0,2.24337,0.163091,0.36288,3.6288,61.2527,0.66528,0,0,0.83649,0.226479,0,0.66528,12.849,1,0.422521,0.36288,0,56.5542,4.54756,51.947,0.84672,12.849,0.84672,3695.15,0,36.966,0.42336,1.04542,1.88418,3.3983,1.01642,4.88813,0.42336,36.966,0.42336,423.524,0,1.02816,0,0,2.07358,1.04542,1.028160,1,0,56.8351,0,0,0,56.8351,0
70.6896,2.36992,0,0,2.063,0.146444,0.36288,3.6288,61.0431,0.66528,0,0,0.693351,0.237664,0,0.66528,12.849,1,0.425855,0.36288,0,46.759,4.75933,41.9367,0.84672,12.849,0.84672,3695.15,0,36.966,0.42336,0.629225,1.91156,2.77723,1.03325,3.8614,0.42336,36.966,0.42336,423.524,0,1.02816,0,0,1.65739,0.629225,1.028160,1,0,45.7981,0,0,0,45.7981,0
69.3862,2.65946,0,0,1.83601,0.117089,0.36288,3.6288,60.7798,0.66528,0,0,0.658109,0.256204,0,0.66528,12.849,1,0.483401,0.36288,0,41.3662,4.97353,36.2721,0.84672,12.849,0.84672,3695.15,0,36.966,0.42336,0.559518,1.91162,2.70166,1.08798,3.66145,0.42336,36.966,0.42336,423.524,0,1.02816,0,0,1.58768,0.559518,1.028160,1,0,39.9336,0,0,0,39.9336,0
68.0146,2.65211,0,0,1.73827,0.0947978,0.36288,3.6288,60.4753,0.66528,0,0,0.630693,0.269894,0,0.66528,12.849,1,0.491121,0.36288,0,39.4155,5.13419,34.1531,0.84672,12.849,0.84672,3695.15,0,36.966,0.42336,0.465757,1.97666,2.67183,1.12903,3.56186,0.42336,36.966,0.42336,423.524,0,1.02816,0,0,1.49392,0.465757,1.028160,1,0,37.7149,0,0,0,37.7149,0
66.7718,2.6441,0,0,1.86072,0.0965329,0.36288,3.6288,60.1508,0.66528,0,0,0.609311,0.268526,0,0.66528,12.849,1,0.49951,0.36288,0,43.1768,5.06993,37.9703,0.84672,12.849,0.84672,3695.15,0,36.966,0.42336,0.589455,1.97673,3.08189,1.15292,4.07179,0.42336,36.966,0.42336,423.524,0,1.02816,0,0,1.61762,0.589455,1.028160,1,0,42.0421,0,0,0,42.0421,0
65.7352,2.60982,0,0,2.03524,0.0992149,0.36288,3.6288,59.8127,0.66528,0,0,0.594014,0.266845,0,0.66528,12.849,1,0.50221,0.36288,0,49.4292,4.98425,44.3056,0.84672,12.849,0.84672,3695.15,0,36.966,0.42336,0.711193,1.9768,3.30544,1.18478,4.38529,0.42336,36.966,0.42336,423.524,0,1.02816,0,0,1.73935,0.711193,1.028160,1,0,48.6909,0,0,0,48.6909,0
64.6209,2.6035,0,0,1.93683,0.0847586,0.36288,3.6288,59.4296,0.66528,0,0,0.571536,0.289367,0,0.66528,12.849,1,0.508896,0.36288,0,47.4137,5.31,41.9577,0.84672,12.849,0.84672,3695.15,0,36.966,0.42336,0.692513,1.97088,3.17615,1.29503,4.12116,0.42336,36.966,0.42336,423.524,0,1.02816,0,0,1.72067,0.692513,1.028160,1,0,46.0789,0,0,0,46.0789,0
63.4034,2.59648,0,0,1.81898,0.0771153,0.36288,3.6288,59.0205,0.66528,0,0,0.553181,0.296929,0,0.66528,12.849,1,0.516276,0.36288,0,45.2822,5.7663,39.3625,0.84672,12.849,0.84672,3695.15,0,36.966,0.42336,0.748293,1.97095,3.15611,1.38756,4.06444,0.42336,36.966,0.42336,423.524,0,1.02816,0,0,1.77645,0.748293,1.028160,1,0,43.427,0,0,0,43.427,0
62.0477,2.58855,0,0,1.67397,0.078197,0.36288,3.6288,58.5981,0.66528,0,0,0.535235,0.29242,0,0.66528,12.849,1,0.524582,0.36288,0,43.7673,5.76996,37.8356,0.84672,12.849,0.84672,3695.15,0,36.966,0.42336,0.645036,1.97102,2.88824,1.37848,3.70246,0.42336,36.966,0.42336,423.524,0,1.02816,0,0,1.6732,0.645036,1.028160,1,0,41.5381,0,0,0,41.5381,0
60.4588,2.64774,0,0,1.48481,0.0631087,0.36288,3.6288,58.1652,0.66528,0,0,0.543953,0.311548,0,0.66528,12.849,1,0.5483,0.36288,0,38.4361,6.1069,32.1438,0.84672,12.849,0.84672,3695.15,0,36.966,0.42336,0.492169,1.97109,2.44733,1.42383,3.06341,0.42336,36.966,0.42336,423.524,0,1.02816,0,0,1.52033,0.492169,1.028160,1,0,35.2072,0,0,0,35.2072,0
58.8458,2.63616,0,0,1.44836,0.0622838,0.36288,3.6288,57.6904,0.66528,0,0,0.501177,0.31068,0,0.66528,12.849,1,0.560251,0.36288,0,38.3869,6.1069,32.0826,0.84672,12.849,0.84672,3695.15,0,36.966,0.42336,0.6278,1.98663,2.62249,1.42383,3.38973,0.42336,36.966,0.42336,423.524,0,1.02816,0,0,1.65596,0.6278,1.028160,1,0,35.4724,0,0,0,35.4724,0
57.1531,2.62387,0,0,1.35532,0.061338,0.36288,3.6288,57.1793,0.66528,0,0,0.463909,0.309729,0,0.66528,12.849,1,0.572922,0.36288,0,34.6536,6.1069,28.3366,0.84672,12.849,0.84672,3695.15,0,36.966,0.42336,0.556736,1.9867,2.34054,1.42383,3.03679,0.42336,36.966,0.42336,423.524,0,1.02816,0,0,1.5849,0.556736,1.028160,1,0,31.3734,0,0,0,31.3734,0
55.3638,2.61032,0,0,1.24425,0.060334,0.36288,3.6288,56.6641,0.66528,0,0,0.458814,0.308705,0,0.66528,12.849,1,0.586846,0.36288,0,31.6775,6.1069,25.3467,0.84672,12.849,0.84672,3695.15,0,36.966,0.42336,0.426574,1.98677,2.28914,1.42383,2.8553,0.42336,36.966,0.42336,423.524,0,1.02816,0,0,1.45473,0.426574,1.028160,1,0,28.202,0,0,0,28.202,0
53.338,2.79151,0,0,1.17898,0.0503686,0.36288,3.6288,56.1858,0.66528,0,0,0.507527,0.320614,0,0.66528,12.849,1,0.647862,0.36288,0,29.0627,6.51583,22.2619,0.84672,12.849,0.84672,3695.15,0,36.966,0.42336,0.751628,1.98684,2.70387,1.49358,3.5254,0.42336,36.966,0.42336,423.524,0,1.02816,0,0,1.77979,0.751628,1.028160,1,0,25.7873,0,0,0,25.7873,0
50.9532,2.772,0,0,0.807486,0.0573619,0.36288,3.6288,55.6088,0.66528,0,0,0.408815,0.32052,0,0.66528,12.849,1,0.667768,0.36288,0,23.6165,6.56082,16.7508,0.84672,12.849,0.84672,3695.15,0,36.966,0.42336,0.454671,2.03223,1.87776,1.4936,2.4477,0.42336,36.966,0.42336,423.524,0,1.02816,0,0,1.48283,0.454671,1.028160,1,0,19.1985,0,0,0,19.1985,0
48.6114,2.74736,0,0,0.824351,0.0559647,0.36288,3.6288,55.0157,0.66528,0,0,0.391521,0.319312,0,0.66528,12.849,1,0.692809,0.36288,0,21.7884,6.56082,14.8977,0.84672,12.849,0.84672,3695.15,0,36.966,0.42336,0.394304,2.0323,1.92504,1.4936,2.43468,0.42336,36.966,0.42336,423.524,0,1.02816,0,0,1.42246,0.394304,1.028160,1,0,17.3324,0,0,0,17.3324,0
46.697,2.72128,0,0,1.22848,0.0586988,0.36288,3.6288,54.4969,0.66528,0,0,0.463521,0.31704,0,0.66528,12.849,1,0.719291,0.36288,0,28.0476,6.53113,21.1601,0.84672,12.849,0.84672,3695.15,0,36.966,0.42336,0.685549,2.03238,2.10978,1.48996,2.91439,0.42336,36.966,0.42336,423.524,0,1.02816,0,0,1.71371,0.685549,1.028160,1,0,24.0744,0,0,0,24.0744,0
45.1323,2.69847,0,0,1.57876,0.0820921,0.36288,3.6288,54.1095,0.66528,0,0,0.574217,0.296369,0,0.66528,12.849,1,0.742502,0.36288,0,38.795,6.38876,32.0266,0.84672,12.849,0.84672,3695.15,0,36.966,0.42336,0.610295,2.03245,2.50196,1.48851,3.23284,0.42336,36.966,0.42336,423.524,0,1.02816,0,0,1.63846,0.610295,1.028160,1,0,35.2594,0,0,0,35.2594,0
42.8738,2.58696,0,0,0.779829,0.088486,0.36288,3.6288,53.5121,0.736145,0,0,0.403952,0.265244,0,0.66528,12.849,1,0.736497,0.36288,0,33.6802,6.34441,26.9622,0.84672,12.849,0.84672,3695.15,0,36.966,0.42336,0.204422,2.03253,2.10025,1.54131,2.37253,0.42336,36.966,0.42336,423.524,0,0.957295,0,0,1.16172,0.204422,1.028160,1,0,29.3347,0,0,0,29.3347,0
41.3413,2.55741,0,0,1.47404,0.0862348,0.36288,3.6288,53.275,0.66528,0,0,0.692361,0.264084,0,0.66528,12.849,1,0.766438,0.36288,0,40.1524,6.34441,33.4044,0.84672,12.849,0.84672,3695.15,0,36.966,0.42336,1.16615,2.01051,3.60017,1.54131,4.81215,0.42336,36.966,0.42336,423.524,0,1.02816,0,0,2.19431,1.16615,1.028160,1,0,38.2166,0,0,0,38.2166,0
39.0187,2.53603,0,0,0.660968,0.0847073,0.36288,3.6288,52.616,0.788288,0,0,0.392802,0.263586,0,0.66528,12.849,1,0.788205,0.36288,0,30.5301,6.34441,23.7604,0.84672,12.849,0.84672,3695.15,0,36.966,0.42336,0.216518,2.01058,1.85116,1.54131,2.11359,0.42336,36.966,0.42336,423.524,0,0.905152,0,0,1.12167,0.216518,1.028160,1,0,25.874,0,0,0,25.874,0
36.881,2.50103,0,0,0.827807,0.101555,0.36288,3.6288,52.1154,0.737847,0,0,0.497056,0.259746,0,0.66528,12.849,1,0.823597,0.36288,0,29.1273,6.16395,22.5026,0.84672,12.849,0.84672,3695.15,0,36.966,0.42336,0.216518,2.01065,2.26472,1.51415,2.55438,0.42336,36.966,0.42336,423.524,0,0.955593,0,0,1.17211,0.216518,1.028160,1,0,25.057,0,0,0,25.057,0
35.0812,2.3941,0,0,1.09282,0.135668,0.36288,3.6288,51.6226,0.821775,0,0,0.528213,0.199243,0,0.66528,12.849,1,0.834082,0.36288,0,32.3723,3.98883,27.9122,0.84672,12.849,0.84672,3695.15,0,36.966,0.42336,0.216518,2.01072,2.65537,1.14805,3.31121,0.42336,36.966,0.42336,423.524,0,0.871665,0,0,1.08818,0.216518,1.028160,1,0,31.2234,0,0,0,31.2234,0
33.948,2.38184,0,0,1.73965,0.128152,0.36288,3.6288,51.8744,0.66528,0,0,1.10215,0.185075,0,0.66528,12.849,1,0.84672,0.36288,0,44.5958,3.70619,40.4058,0.84672,12.849,0.84672,3695.15,0,36.966,0.42336,0.756518,1.99265,4.44579,1.11066,5.66094,0.42336,36.966,0.42336,423.524,0,1.02816,0,0,1.78468,0.756518,1.028160,1,0,46.0667,0,0,0,46.0667,0
32.1942,2.38222,0,0,1.1177,0.126392,0.36288,3.6288,51.8455,0.66528,0,0,0.821762,0.185452,0,0.66528,12.849,1,0.84672,0.36288,0,30.6724,3.70619,26.4824,0.84672,12.849,0.84672,3695.15,0,36.966,0.42336,0.519825,1.99272,4.38639,1.11066,5.36491,0.42336,36.966,0.42336,423.524,0,1.02816,0,0,1.54798,0.519825,1.028160,1,0,31.8473,0,0,0,31.8473,0
31.463,2.3826,0,0,2.18777,0.173443,0.36288,3.6288,51.9145,0.66528,0,0,0.942322,0.208049,0,0.66528,12.849,1,0.84672,0.36288,0,77.39,4.11211,72.7941,0.84672,12.849,0.84672,3695.15,0,36.966,0.42336,0.609145,1.99279,5.55555,1.20543,6.5287,0.42336,36.966,0.42336,423.524,0,1.02816,0,0,1.63731,0.609145,1.028160,1,0,79.3228,0,0,0,79.3228,0
31.5558,2.10786,0,0,2.73049,0.167004,0.36288,3.6288,51.8014,0.66528,0,0,0.73912,0.186882,0,0.66528,12.849,1,0.84672,0.36288,0,90.1453,4.14026,85.5212,0.84672,12.849,0.84672,3695.15,0,36.966,0.42336,0.902837,1.99286,3.80405,1.06798,5.2084,0.42336,36.966,0.42336,423.524,0,1.02816,0,0,1.931,0.902837,1.028160,1,0,90.7296,0,0,0,90.7296,0
29.8264,2.10821,0,0,0.905316,0.163561,0.36288,3.6288,51.6053,0.66528,0,0,0.639882,0.170763,0,0.66528,12.849,1,0.84672,0.36288,0,58.3816,4.16136,53.7364,0.84672,12.849,0.84672,3695.15,0,36.966,0.42336,0.547482,1.94138,2.99358,0.964894,4.09419,0.42336,36.966,0.42336,423.524,0,1.02816,0,0,1.57564,0.547482,1.028160,1,0,57.8306,0,0,0,57.8306,0
28.0495,2.10856,0,0,0.855239,0.16074,0.36288,3.6288,51.2835,0.703434,0,0,0.567172,0.185532,0,0.66528,12.849,1,0.84672,0.36288,0,59.2478,4.40223,54.3617,0.84672,12.849,0.84672,3695.15,0,36.966,0.42336,0.412474,1.94144,2.50309,1.0599,3.37375,0.42336,36.966,0.42336,423.524,0,0.990006,0,0,1.40248,0.412474,1.028160,1,0,57.7354,0,0,0,57.7354,0
26.6711,2.10892,0,0,1.26566,0.172253,0.36288,3.6288,51.1298,0.66528,0,0,0.730731,0.219157,0,0.66528,12.849,1,0.84672,0.36288,0,64.6797,5.00841,59.1875,0.84672,12.849,0.84672,3695.15,0,36.966,0.42336,0.851403,1.94151,3.34724,1.24506,4.47173,0.42336,36.966,0.42336,423.524,0,1.02816,0,0,1.87956,0.851403,1.028160,1,0,63.6592,0,0,0,63.6592,0
26.5217,2.10927,0,0,2.49795,0.175178,0.36288,3.6288,51.2233,0.66528,0,0,0.960696,0.201827,0,0.66528,12.849,1,0.84672,0.36288,0,104.856,4.62187,99.7502,0.84672,12.849,0.84672,3695.15,0,36.966,0.42336,1.40773,1.94158,5.26211,1.12169,7.06637,0.42336,36.966,0.42336,423.524,0,1.02816,0,0,2.43589,1.40773,1.028160,1,0,106.817,0,0,0,106.817,0
30.665,2.21547,0,0,6.88848,0.16686,0.36288,3.6288,52.3354,0.66528,0,0,1.9775,0.200155,0,0.66528,12.849,1,0.84672,0.36288,0,183.726,4.44223,178.8,0.84672,12.849,0.84672,3695.15,0,36.966,0.42336,4.11064,1.94164,14.5365,1.08615,19.0793,0.42336,36.966,0.42336,423.524,0,1.02816,0,0,5.1388,4.11064,1.028160,1,0,197.879,0,0,0,197.879,0
33.7864,2.2158,0,0,5.88081,0.180703,0.36288,3.6288,52.7986,0.66528,0,0,1.33603,0.207506,0,0.66528,12.849,1,0.84672,0.36288,0,138.56,4.55406,133.522,0.84672,12.849,0.84672,3695.15,0,36.966,0.42336,2.7991,1.96154,10.18,1.10257,13.4147,0.42336,36.966,0.42336,423.524,0,1.02816,0,0,3.82726,2.7991,1.028160,1,0,146.936,0,0,0,146.936,0
37.5685,2.21897,0,0,6.55192,0.187962,0.36288,3.6288,53.5485,0.66528,0,0,1.62342,0.208279,0,0.66528,12.849,1,0.843877,0.36288,0,183.035,4.55406,178,0.84672,12.849,0.84672,3695.15,0,36.966,0.42336,3.72969,1.96161,11.5654,1.10257,15.7308,0.42336,36.966,0.42336,423.524,0,1.02816,0,0,4.75785,3.72969,1.028160,1,0,193.731,0,0,0,193.731,0
39.4269,2.28252,0,0,4.70997,0.206222,0.36288,3.6288,53.8947,0.66528,0,0,1.21762,0.206137,0,0.66528,12.849,1,0.780657,0.36288,0,133.892,4.59204,128.883,0.84672,12.849,0.84672,3695.15,0,36.966,0.42336,2.54661,1.96167,9.01247,1.16879,11.9286,0.42336,36.966,0.42336,423.524,0,1.02816,0,0,3.57477,2.54661,1.028160,1,0,140.811,0,0,0,140.811,0
41.2219,2.56703,0,0,4.9674,0.242414,0.36288,3.6288,54.6173,0.66528,0,0,1.60523,0.217386,0,0.66528,12.849,1,0.836581,0.36288,0,104.484,5.04174,98.9689,0.84672,12.849,0.84672,3695.15,0,36.966,0.42336,2.89323,1.96173,7.56605,1.42776,10.5699,0.42336,36.966,0.42336,423.524,0,1.02816,0,0,3.92139,2.89323,1.028160,1,0,109.539,0,0,0,109.539,0
42.8254,2.59508,0,0,4.81202,0.250625,0.36288,3.6288,55.3207,0.66528,0,0,1.59486,0.226147,0,0.66528,12.849,1,0.808893,0.36288,0,111.499,5.18364,105.87,0.84672,12.849,0.84672,3695.15,0,36.966,0.42336,3.31042,2.02553,9.12151,1.46512,12.569,0.42336,36.966,0.42336,423.524,0,1.02816,0,0,4.33858,3.31042,1.028160,1,0,118.439,0,0,0,118.439,0
45.6527,2.61865,0,0,6.0642,0.25536,0.36288,3.6288,55.9147,0.66528,0,0,1.48649,0.227197,0,0.66528,12.849,1,0.78568,0.36288,0,152.734,5.18364,147.127,0.84672,12.849,0.84672,3695.15,0,36.966,0.42336,2.73896,2.02559,12.1107,1.46512,14.9868,0.42336,36.966,0.42336,423.524,0,1.02816,0,0,3.76712,2.73896,1.028160,1,0,162.114,0,0,0,162.114,0
47.0525,2.6569,0,0,4.65274,0.233135,0.36288,3.6288,56.3682,0.66528,0,0,1.29134,0.172542,0,0.66528,12.849,1,0.747788,0.36288,0,106.516,3.883,102.248,0.84672,12.849,0.84672,3695.15,0,36.966,0.42336,2.75111,2.02566,12.2832,1.08159,15.555,0.42336,36.966,0.42336,423.524,0,1.02816,0,0,3.77927,2.75111,1.028160,1,0,117.803,0,0,0,117.803,0
48.7721,2.29348,0,0,4.64155,0.265654,0.36288,3.6288,56.9334,0.66528,0,0,1.40368,0.173221,0,0.66528,12.849,1,0.626298,0.36288,0,123.151,3.36438,119.523,0.84672,12.849,0.84672,3695.15,0,36.966,0.42336,3.20364,2.02573,15.1909,0.950533,19.0464,0.42336,36.966,0.42336,423.524,0,1.02816,0,0,4.2318,3.20364,1.028160,1,0,138.57,0,0,0,138.57,0
50.9254,2.31121,0,0,5.10983,0.282456,0.36288,3.6288,57.646,0.66528,0,0,1.55174,0.173927,0,0.66528,12.849,1,0.608887,0.36288,0,136.164,3.15693,132.761,0.84672,12.849,0.84672,3695.15,0,36.966,0.42336,2.356,1.93486,13.14,0.89811,16.1094,0.42336,36.966,0.42336,423.524,0,1.02816,0,0,3.38416,2.356,1.028160,1,0,148.87,0,0,0,148.87,0
53.4746,2.33202,0,0,5.52282,0.278638,0.36288,3.6288,58.5365,0.66528,0,0,1.74784,0.191987,0,0.66528,12.849,1,0.588392,0.36288,0,114.997,3.66224,111.109,0.84672,12.849,0.84672,3695.15,0,36.966,0.42336,2.69681,1.93491,12.0099,0.97034,15.2479,0.42336,36.966,0.42336,423.524,0,1.02816,0,0,3.72497,2.69681,1.028160,1,0,126.357,0,0,0,126.357,0
55.232,2.35489,0,0,4.74704,0.2719,0.36288,3.6288,58.8078,0.66528,0,0,1.15283,0.216232,0,0.66528,12.849,1,0.565837,0.36288,0,82.0385,4.33598,77.4996,0.84672,12.849,0.84672,3695.15,0,36.966,0.42336,2.09767,1.93497,8.66298,1.06665,11.2056,0.42336,36.966,0.42336,423.524,0,1.02816,0,0,3.12583,2.09767,1.028160,1,0,88.7052,0,0,0,88.7052,0
56.5698,2.36975,0,0,4.35506,0.284656,0.36288,3.6288,59.281,0.66528,0,0,1.35395,0.215489,0,0.66528,12.849,1,0.55129,0.36288,0,123.721,4.034,119.499,0.84672,12.849,0.84672,3695.15,0,36.966,0.42336,2.09599,1.93503,9.26692,1.02847,11.8461,0.42336,36.966,0.42336,423.524,0,1.02816,0,0,3.12415,2.09599,1.028160,1,0,131.345,0,0,0,131.345,0
59.5511,2.48022,0,0,6.10516,0.280763,0.36288,3.6288,59.8779,0.66528,0,0,1.45978,0.197619,0,0.66528,12.849,1,0.563345,0.36288,0,103.531,3.32472,100.006,0.84672,12.849,0.84672,3695.15,0,36.966,0.42336,2.00953,1.93509,12.3713,0.847302,15.0452,0.42336,36.966,0.42336,423.524,0,1.02816,0,0,3.03769,2.00953,1.028160,1,0,115.051,0,0,0,115.051,0
61.7214,2.50368,0,0,5.31452,0.277642,0.36288,3.6288,60.4538,0.66528,0,0,1.43319,0.192065,0,0.66528,12.849,1,0.540205,0.36288,0,127.943,3.34299,124.423,0.84672,12.849,0.84672,3695.15,0,36.966,0.42336,1.87216,1.95805,11.8519,0.813013,14.4458,0.42336,36.966,0.42336,423.524,0,1.02816,0,0,2.90032,1.87216,1.028160,1,0,138.868,0,0,0,138.868,0
62.5413,2.51968,0,0,3.98543,0.28296,0.36288,3.6288,60.8447,0.66528,0,0,1.24904,0.19277,0,0.66528,12.849,1,0.524539,0.36288,0,94.4827,3.34299,90.9781,0.84672,12.849,0.84672,3695.15,0,36.966,0.42336,1.62589,1.95811,9.87906,0.813013,12.2267,0.42336,36.966,0.42336,423.524,0,1.02816,0,0,2.65405,1.62589,1.028160,1,0,103.205,0,0,0,103.205,0
62.6985,2.52565,0,0,3.33254,0.286894,0.36288,3.6288,61.0785,0.66528,0,0,1.05699,0.15797,0,0.66528,12.849,1,0.51889,0.36288,0,72.3145,2.78379,69.3747,0.84672,12.849,0.84672,3695.15,0,36.966,0.42336,1.34756,1.95818,8.56863,0.800957,10.6501,0.42336,36.966,0.42336,423.524,0,1.02816,0,0,2.37572,1.34756,1.028160,1,0,80.0247,0,0,0,80.0247,0
62.5523,2.48733,0,0,2.9643,0.260258,0.36288,3.6288,61.1153,0.66528,0,0,0.877228,0.175104,0,0.66528,12.849,1,0.509737,0.36288,0,64.6557,3.97695,60.5319,0.84672,12.849,0.84672,3695.15,0,36.966,0.42336,1.34365,1.95824,8.16808,0.957725,10.0889,0.42336,36.966,0.42336,423.524,0,1.02816,0,0,2.37181,1.34365,1.028160,1,0,70.6208,0,0,0,70.6208,0
62.4503,2.48661,0,0,2.98034,0.232861,0.36288,3.6288,61.1144,0.66528,0,0,0.805188,0.140821,0,0.66528,12.849,1,0.51078,0.36288,0,66.9529,3.22753,63.5775,0.84672,12.849,0.84672,3695.15,0,36.966,0.42336,1.2723,1.94934,6.1425,0.870501,8.07028,0.42336,36.966,0.42336,423.524,0,1.02816,0,0,2.30046,1.2723,1.028160,1,0,71.6478,0,0,0,71.6478,0
62.0182,2.48618,0,0,2.59886,0.181906,0.36288,3.6288,61.021,0.66528,0,0,0.771837,0.199951,0,0.66528,12.849,1,0.511527,0.36288,0,57.2366,3.99199,53.096,0.84672,12.849,0.84672,3695.15,0,36.966,0.42336,0.957986,1.9494,5.3547,1.08436,6.75437,0.42336,36.966,0.42336,423.524,0,1.02816,0,0,1.98615,0.957986,1.028160,1,0,59.8504,0,0,0,59.8504,0
61.4202,2.4835,0,0,2.42964,0.181261,0.36288,3.6288,60.9692,0.66528,0,0,0.8133,0.199833,0,0.66528,12.849,1,0.514534,0.36288,0,55.3069,3.99199,51.1632,0.84672,12.849,0.84672,3695.15,0,36.966,0.42336,1.28627,1.94946,5.45705,1.08436,7.18506,0.42336,36.966,0.42336,423.524,0,1.02816,0,0,2.31443,1.28627,1.028160,1,0,58.3483,0,0,0,58.3483,0
60.9151,2.61386,0,0,2.63838,0.166709,0.36288,3.6288,60.9563,0.66528,0,0,0.846219,0.193891,0,0.66528,12.849,1,0.546815,0.36288,0,61.1976,3.81211,57.2015,0.84672,12.849,0.84672,3695.15,0,36.966,0.42336,1.29443,1.94952,5.75186,0.97124,7.6012,0.42336,36.966,0.42336,423.524,0,1.02816,0,0,2.32259,1.29443,1.028160,1,0,64.8027,0,0,0,64.8027,0
60.2661,2.61039,0,0,2.48009,0.15581,0.36288,3.6288,60.9388,0.66528,0,0,0.837302,0.189469,0,0.66528,12.849,1,0.550618,0.36288,0,49.0351,3.67721,45.1702,0.84672,12.849,0.84672,3695.15,0,36.966,0.42336,1.18202,1.98,5.5669,0.886399,7.41916,0.42336,36.966,0.42336,423.524,0,1.02816,0,0,2.21018,1.18202,1.028160,1,0,52.5893,0,0,0,52.5893,0
59.2849,2.60578,0,0,2.14243,0.154962,0.36288,3.6288,60.8134,0.66528,0,0,0.72932,0.189448,0,0.66528,12.849,1,0.555564,0.36288,0,44.2303,3.67721,40.3604,0.84672,12.849,0.84672,3695.15,0,36.966,0.42336,0.984485,1.98006,5.07345,0.886399,6.72824,0.42336,36.966,0.42336,423.524,0,1.02816,0,0,2.01264,0.984485,1.028160,1,0,47.0887,0,0,0,47.0887,0
58.0719,2.5985,0,0,1.90189,0.153512,0.36288,3.6288,60.5861,0.66528,0,0,0.627292,0.189297,0,0.66528,12.849,1,0.563181,0.36288,0,41.8554,3.67721,37.9779,0.84672,12.849,0.84672,3695.15,0,36.966,0.42336,0.844707,1.98013,5.01689,0.886399,6.53197,0.42336,36.966,0.42336,423.524,0,1.02816,0,0,1.87287,0.844707,1.028160,1,0,44.5099,0,0,0,44.5099,0
56.8805,2.58915,0,0,1.89542,0.134827,0.36288,3.6288,60.4643,0.66528,0,0,0.741797,0.198356,0,0.66528,12.849,1,0.572875,0.36288,0,43.0624,3.92353,38.9288,0.84672,12.849,0.84672,3695.15,0,36.966,0.42336,1.17751,1.98019,5.81327,0.935562,7.61205,0.42336,36.966,0.42336,423.524,0,1.02816,0,0,2.20567,1.17751,1.028160,1,0,46.5409,0,0,0,46.5409,0
55.9635,2.55344,0,0,2.0909,0.0915816,0.36288,3.6288,60.5662,0.66528,0,0,0.988744,0.221514,0,0.66528,12.849,1,0.576808,0.36288,0,51.4794,4.53936,46.7261,0.84672,12.849,0.84672,3695.15,0,36.966,0.42336,1.74454,1.98025,7.64294,1.05847,9.88591,0.42336,36.966,0.42336,423.524,0,1.02816,0,0,2.7727,1.74454,1.028160,1,0,56.612,0,0,0,56.612,0
54.9189,2.54602,0,0,1.95502,0.0906957,0.36288,3.6288,60.671,0.66528,0,0,0.991742,0.221658,0,0.66528,12.849,1,0.584557,0.36288,0,48.0139,4.53936,43.2528,0.84672,12.849,0.84672,3695.15,0,36.966,0.42336,1.88807,1.9743,7.15029,1.05847,9.53083,0.42336,36.966,0.42336,423.524,0,1.02816,0,0,2.91623,1.88807,1.028160,1,0,52.7837,0,0,0,52.7837,0
53.8001,2.53728,0,0,1.86958,0.0882356,0.36288,3.6288,60.7286,0.66528,0,0,0.958323,0.235463,0,0.66528,12.849,1,0.593631,0.36288,0,44.53,4.71201,39.5872,0.84672,12.849,0.84672,3695.15,0,36.966,0.42336,1.80536,1.97436,6.92323,1.09989,9.1797,0.42336,36.966,0.42336,423.524,0,1.02816,0,0,2.83352,1.80536,1.028160,1,0,48.7669,0,0,0,48.7669,0
52.6047,2.52759,0,0,1.77854,0.0834916,0.36288,3.6288,60.7055,0.66528,0,0,0.911917,0.269705,0,0.66528,12.849,1,0.603661,0.36288,0,43.0261,5.14364,37.6417,0.84672,12.849,0.84672,3695.15,0,36.966,0.42336,1.60834,1.97442,6.78828,1.20345,8.74423,0.42336,36.966,0.42336,423.524,0,1.02816,0,0,2.6365,1.60834,1.028160,1,0,46.3859,0,0,0,46.3859,0
51.4465,2.58351,0,0,1.85054,0.0623255,0.36288,3.6288,60.9281,0.66528,0,0,1.18895,0.301126,0,0.66528,12.849,1,0.631038,0.36288,0,45.0375,5.84797,38.9213,0.84672,12.849,0.84672,3695.15,0,36.966,0.42336,1.56777,1.97449,6.02299,1.4375,7.70438,0.42336,36.966,0.42336,423.524,0,1.02816,0,0,2.59593,1.56777,1.028160,1,0,46.6257,0,0,0,46.6257,0
50.1917,2.57242,0,0,1.73883,0.0582641,0.36288,3.6288,61.0219,0.66528,0,0,1.06593,0.306802,0,0.66528,12.849,1,0.642473,0.36288,0,39.1999,5.96537,32.955,0.84672,12.849,0.84672,3695.15,0,36.966,0.42336,1.75651,1.9901,6.08488,1.47651,7.93162,0.42336,36.966,0.42336,423.524,0,1.02816,0,0,2.78467,1.75651,1.028160,1,0,40.8866,0,0,0,40.8866,0
48.837,2.5599,0,0,1.6255,0.0575027,0.36288,3.6288,61.0359,0.66528,0,0,0.986221,0.306985,0,0.66528,12.849,1,0.655331,0.36288,0,37.2736,5.96537,31.0157,0.84672,12.849,0.84672,3695.15,0,36.966,0.42336,1.51689,1.99016,5.33923,1.47651,6.94642,0.42336,36.966,0.42336,423.524,0,1.02816,0,0,2.54505,1.51689,1.028160,1,0,37.9622,0,0,0,37.9622,0
47.4753,2.54578,0,0,1.60364,0.0566766,0.36288,3.6288,61.1306,0.66528,0,0,1.06701,0.307012,0,0.66528,12.849,1,0.669795,0.36288,0,34.5863,5.96537,28.314,0.84672,12.849,0.84672,3695.15,0,36.966,0.42336,1.68842,1.99022,6.03806,1.47651,7.81684,0.42336,36.966,0.42336,423.524,0,1.02816,0,0,2.71658,1.68842,1.028160,1,0,36.1308,0,0,0,36.1308,0
46.1133,2.72221,0,0,1.76729,0.0441116,0.36288,3.6288,61.2283,0.66528,0,0,1.06841,0.30543,0,0.66528,12.849,1,0.736757,0.36288,0,34.5169,6.13797,28.005,0.84672,12.849,0.84672,3695.15,0,36.966,0.42336,1.82043,1.99029,7.39178,1.48641,9.29273,0.42336,36.966,0.42336,423.524,0,1.02816,0,0,2.84859,1.82043,1.028160,1,0,37.2978,0,0,0,37.2978,0
44.8627,2.70548,0,0,1.85515,0.0374551,0.36288,3.6288,61.2776,0.66528,0,0,1.03833,0.32374,0,0.66528,12.849,1,0.753854,0.36288,0,34.7903,6.21243,28.1869,0.84672,12.849,0.84672,3695.15,0,36.966,0.42336,2.0831,2.0359,5.86284,1.44841,8.11007,0.42336,36.966,0.42336,423.524,0,1.02816,0,0,3.11126,2.0831,1.028160,1,0,36.297,0,0,0,36.297,0
43.4014,2.68943,0,0,1.62796,0.0369332,0.36288,3.6288,61.2902,0.66528,0,0,1.00171,0.323841,0,0.66528,12.849,1,0.770272,0.36288,0,44.2248,6.21243,37.605,0.84672,12.849,0.84672,3695.15,0,36.966,0.42336,1.9445,2.03597,5.62994,1.44841,7.73864,0.42336,36.966,0.42336,423.524,0,1.02816,0,0,2.97266,1.9445,1.028160,1,0,45.3436,0,0,0,45.3436,0
41.9951,2.6697,0,0,1.66265,0.0363234,0.36288,3.6288,61.308,0.66528,0,0,1.14908,0.323867,0.14214,0.66528,12.849,1,0.790366,0.36288,0,38.3097,6.21243,31.6698,0.84672,12.849,0.84672,3695.15,0,36.966,0.42336,2.113,2.03604,5.84664,1.44841,8.1239,0.42336,36.966,0.42336,423.524,0,1.02816,0,0,3.14116,2.113,1.028160,1,0,39.9358,0,0,0,39.9358,0
40.6435,2.64972,0,0,1.70311,0.0421394,0.36288,3.6288,61.308,0.66528,0,0,1.09571,0.321325,0.109103,0.66528,12.849,1,0.810718,0.36288,0,38.7791,6.11303,32.2182,0.84672,12.849,0.84672,3695.15,0,36.966,0.42336,2.55618,2.03611,7.37407,1.41926,10.1237,0.42336,36.966,0.42336,423.524,0,1.02816,0,0,3.58434,2.55618,1.028160,1,0,42.4511,0,0,0,42.4511,0
39.5185,2.53946,0,0,1.85661,0.079285,0.36288,3.6288,61.1223,0.66528,0,0,0.785402,0.305854,0,0.66528,12.849,1,0.802824,0.36288,0,32.9415,5.51659,26.9849,0.84672,12.849,0.84672,3695.15,0,36.966,0.42336,0.324786,2.03617,6.76987,1.24434,7.46313,0.42336,36.966,0.42336,423.524,0,1.02816,0,0,1.35295,0.324786,1.028160,1,0,34.4481,0,0,0,34.4481,0
38.1168,2.52248,0,0,1.5619,0.0782386,0.36288,3.6288,61.2656,0.66528,0,0,1.11412,0.305495,0,0.66528,12.849,1,0.820158,0.36288,0,29.8732,5.51659,23.8994,0.84672,12.849,0.84672,3695.15,0,36.966,0.42336,1.31805,2.01403,7.64173,1.24434,9.30612,0.42336,36.966,0.42336,423.524,0,1.02816,0,0,2.34621,1.31805,1.028160,1,0,33.2055,0,0,0,33.2055,0
36.5132,2.50019,0,0,1.33645,0.0769774,0.36288,3.6288,60.9099,0.66528,0,0,0.615357,0.305772,0,0.66528,12.849,1,0.842804,0.36288,0,29.844,5.51659,23.8475,0.84672,12.849,0.84672,3695.15,0,36.966,0.42336,0.279513,2.0141,5.68729,1.24434,6.3132,0.42336,36.966,0.42336,423.524,0,1.02816,0,0,1.30767,0.279513,1.028160,1,0,30.1607,0,0,0,30.1607,0
34.9587,2.49663,0,0,1.39437,0.0893317,0.36288,3.6288,60.5471,0.66528,0,0,0.592397,0.289961,0,0.66528,12.849,1,0.84672,0.36288,0,28.6858,5.30897,22.893,0.84672,12.849,0.84672,3695.15,0,36.966,0.42336,0.239475,2.01417,5.72335,1.17944,6.37419,0.42336,36.966,0.42336,423.524,0,1.02816,0,0,1.26763,0.239475,1.028160,1,0,29.2672,0,0,0,29.2672,0
33.846,2.39967,0,0,1.78898,0.139172,0.36288,3.6288,60.1121,0.76648,0,0,0.564467,0.23295,0,0.66528,12.849,1,0.84672,0.36288,0,29.3223,4.08073,24.7577,0.84672,12.849,0.84672,3695.15,0,36.966,0.42336,0.216518,2.01423,5.3526,1.07134,6.08865,0.42336,36.966,0.42336,423.524,0,0.92696,0,0,1.14348,0.216518,1.028160,1,0,30.8463,0,0,0,30.8463,0
32.1144,2.40002,0,0,1.15687,0.125551,0.36288,3.6288,59.1436,1.02811,0,0,0.305569,0.245943,0,0.66528,12.849,1,0.84672,0.36288,0,17.4308,4.08776,12.8592,0.84672,12.849,0.84672,3695.15,0,36.966,0.42336,0.216518,1.99606,4.18073,1.18386,4.7861,0.42336,36.966,0.42336,423.524,0,0.665332,0,0,0.88185,0.216518,1.028160,1,0,17.6453,0,0,0,17.6453,0
31.3899,2.40036,0,0,2.16161,0.122877,0.36288,3.6288,59.0676,0.66528,0,0,0.833707,0.244425,0,0.66528,12.849,1,0.84672,0.36288,0,34.7276,4.08776,30.156,0.84672,12.849,0.84672,3695.15,0,36.966,0.42336,1.67305,1.99613,9.22311,1.18386,11.2851,0.42336,36.966,0.42336,423.524,0,1.02816,0,0,2.70121,1.67305,1.028160,1,0,41.4411,0,0,0,41.4411,0
32.4648,2.40071,0,0,3.96782,0.129267,0.36288,3.6288,59.6754,0.66528,0,0,1.50962,0.236586,0,0.66528,12.849,1,0.84672,0.36288,0,66.7685,3.97893,62.3058,0.84672,12.849,0.84672,3695.15,0,36.966,0.42336,1.63226,1.99619,12.0709,1.15303,14.123,0.42336,36.966,0.42336,423.524,0,1.02816,0,0,2.66042,1.63226,1.028160,1,0,76.4288,0,0,0,76.4288,0
32.1855,2.12877,0,0,2.38857,0.176286,0.36288,3.6288,59.8171,0.66528,0,0,1.00728,0.200314,0,0.66528,12.849,1,0.842528,0.36288,0,35.2049,3.64819,31.077,0.84672,12.849,0.84672,3695.15,0,36.966,0.42336,0.914838,1.99626,7.38556,0.995515,8.87778,0.42336,36.966,0.42336,423.524,0,1.02816,0,0,1.943,0.914838,1.028160,1,0,39.9548,0,0,0,39.9548,0
32.4941,2.1249,0,0,2.98768,0.191299,0.36288,3.6288,59.8833,0.66528,0,0,0.927739,0.196256,0,0.66528,12.849,1,0.84672,0.36288,0,38.5179,3.91776,34.1163,0.84672,12.849,0.84672,3695.15,0,36.966,0.42336,0.848681,1.94451,6.43944,1.05708,7.75219,0.42336,36.966,0.42336,423.524,0,1.02816,0,0,1.87684,0.848681,1.028160,1,0,41.8685,0,0,0,41.8685,0
32.1675,2.12977,0,0,2.3581,0.192041,0.36288,3.6288,59.7637,0.66528,0,0,0.742085,0.196339,0,0.66528,12.849,1,0.842166,0.36288,0,26.7528,3.91776,22.3558,0.84672,12.849,0.84672,3695.15,0,36.966,0.42336,0.527196,1.94457,6.65193,1.05708,7.64325,0.42336,36.966,0.42336,423.524,0,1.02816,0,0,1.55536,0.527196,1.028160,1,0,29.999,0,0,0,29.999,0
31.4933,2.12553,0,0,2.00326,0.188987,0.36288,3.6288,59.771,0.66528,0,0,0.878342,0.205751,0,0.66528,12.849,1,0.84672,0.36288,0,29.8023,4.24908,25.0694,0.84672,12.849,0.84672,3695.15,0,36.966,0.42336,0.832982,1.94463,12.2838,1.13379,13.5043,0.42336,36.966,0.42336,423.524,0,1.02816,0,0,1.86114,0.832982,1.028160,1,0,38.5737,0,0,0,38.5737,0
31.5695,2.12585,0,0,2.74665,0.181761,0.36288,3.6288,59.8011,0.66528,0,0,0.925007,0.229666,0,0.66528,12.849,1,0.84672,0.36288,0,46.071,5.07738,40.5098,0.84672,12.849,0.84672,3695.15,0,36.966,0.42336,0.764485,1.94469,10.2707,1.32555,11.231,0.42336,36.966,0.42336,423.524,0,1.02816,0,0,1.79264,0.764485,1.028160,1,0,51.7407,0,0,0,51.7407,0
33.8254,2.23255,0,0,5.02337,0.172059,0.36288,3.6288,60.7684,0.66528,0,0,1.85589,0.223286,0,0.66528,12.849,1,0.84672,0.36288,0,80.7227,3.83554,76.4033,0.84672,12.849,0.84672,3695.15,0,36.966,0.42336,3.67036,1.94475,11.8111,0.994048,16.0088,0.42336,36.966,0.42336,423.524,0,1.02816,0,0,4.69852,3.67036,1.028160,1,0,92.4121,0,0,0,92.4121,0
34.3028,2.23179,0,0,3.24905,0.176972,0.36288,3.6288,60.992,0.66528,0,0,1.11353,0.224665,0,0.66528,12.849,1,0.847775,0.36288,0,62.7269,3.83554,58.4065,0.84672,12.849,0.84672,3695.15,0,36.966,0.42336,2.42191,1.96474,11.0163,0.994048,13.9855,0.42336,36.966,0.42336,423.524,0,1.02816,0,0,3.45007,2.42191,1.028160,1,0,72.392,0,0,0,72.392,0
36.387,2.24059,0,0,4.86736,0.179625,0.36288,3.6288,61.308,0.66528,0,0,2.75829,0.216008,1.56101,0.66528,12.849,1,0.839272,0.36288,0,82.3228,3.7762,78.0702,0.84672,12.849,0.84672,3695.15,0,36.966,0.42336,4.18928,1.9648,15.7486,0.979884,20.4995,0.42336,36.966,0.42336,423.524,0,1.02816,0,0,5.21744,4.18928,1.028160,1,0,100.131,0,0,0,100.131,0
38.3381,2.27634,0,0,4.78443,0.194128,0.36288,3.6288,61.308,0.66528,0,0,2.12476,0.162485,1.29699,0.66528,12.849,1,0.803821,0.36288,0,120.825,3.42017,116.964,0.84672,12.849,0.84672,3695.15,0,36.966,0.42336,3.60019,1.96486,10.9794,0.894904,15.2262,0.42336,36.966,0.42336,423.524,0,1.02816,0,0,4.62835,3.60019,1.028160,1,0,133.487,0,0,0,133.487,0
38.8124,2.56317,0,0,3.60308,0.202755,0.36288,3.6288,61.308,0.66528,0,0,1.63543,0.168953,0.801198,0.66528,12.849,1,0.859044,0.36288,0,64.7703,3.3244,60.9497,0.84672,12.849,0.84672,3695.15,0,36.966,0.42336,2.04587,1.96491,9.20903,0.951449,11.845,0.42336,36.966,0.42336,423.524,0,1.02816,0,0,3.07403,2.04587,1.028160,1,0,73.5959,0,0,0,73.5959,0
38.5668,2.5713,0,0,2.90341,0.214812,0.36288,3.6288,61.308,0.66528,0,0,1.29007,0.175103,0.44969,0.66528,12.849,1,0.851238,0.36288,0,54.4325,3.48432,50.4598,0.84672,12.849,0.84672,3695.15,0,36.966,0.42336,1.82886,2.02901,7.86698,1.08689,10.2146,0.42336,36.966,0.42336,423.524,0,1.02816,0,0,2.85702,1.82886,1.028160,1,0,61.1241,0,0,0,61.1241,0
39.0676,2.56748,0,0,3.64535,0.2142,0.36288,3.6288,61.308,0.66528,0,0,1.22477,0.175103,0.384389,0.66528,12.849,1,0.855385,0.36288,0,74.9355,3.48432,70.9587,0.84672,12.849,0.84672,3695.15,0,36.966,0.42336,2.01294,2.02907,8.708,1.08689,11.2398,0.42336,36.966,0.42336,423.524,0,1.02816,0,0,3.0411,2.01294,1.028160,1,0,82.5828,0,0,0,82.5828,0
39.3906,2.57597,0,0,3.47724,0.215447,0.36288,3.6288,61.308,0.66528,0,0,1.40321,0.175103,0.562822,0.66528,12.849,1,0.847215,0.36288,0,66.8747,3.48432,62.9061,0.84672,12.849,0.84672,3695.15,0,36.966,0.42336,2.03273,2.02913,8.90533,1.08689,11.457,0.42336,36.966,0.42336,423.524,0,1.02816,0,0,3.06089,2.03273,1.028160,1,0,74.9258,0,0,0,74.9258,0
39.7994,2.21377,0,0,3.20564,0.220154,0.36288,3.6288,61.308,0.66528,0,0,1.4689,0.162289,0.641326,0.66528,12.849,1,0.722122,0.36288,0,57.6442,3.89286,53.3921,0.84672,12.849,0.84672,3695.15,0,36.966,0.42336,1.42816,2.02919,7.63968,1.14972,9.52395,0.42336,36.966,0.42336,423.524,0,1.02816,0,0,2.45632,1.42816,1.028160,1,0,63.5574,0,0,0,63.5574,0
40.2999,2.2196,0,0,3.30717,0.224132,0.36288,3.6288,61.308,0.66528,0,0,1.292,0.152678,0.474042,0.66528,12.849,1,0.716584,0.36288,0,70.7095,4.19926,66.1565,0.84672,12.849,0.84672,3695.15,0,36.966,0.42336,1.48873,1.93788,9.25751,1.19685,11.0639,0.42336,36.966,0.42336,423.524,0,1.02816,0,0,2.51689,1.48873,1.028160,1,0,77.6945,0,0,0,77.6945,0
41.5869,2.22656,0,0,4.10182,0.225475,0.36288,3.6288,61.308,0.66528,0,0,3.1448,0.152678,2.32684,0.66528,12.849,1,0.709904,0.36288,0,112.944,4.19926,108.398,0.84672,12.849,0.84672,3695.15,0,36.966,0.42336,2.11654,1.93793,14.2173,1.19685,16.6516,0.42336,36.966,0.42336,423.524,0,1.02816,0,0,3.1447,2.11654,1.028160,1,0,127.376,0,0,0,127.376,0
41.7389,2.24356,0,0,2.98747,0.228932,0.36288,3.6288,61.308,0.66528,0,0,1.31476,0.152678,0.4968,0.66528,12.849,1,0.693188,0.36288,0,57.4061,4.19926,52.8766,0.84672,12.849,0.84672,3695.15,0,36.966,0.42336,1.27219,1.93798,7.86292,1.19685,9.45288,0.42336,36.966,0.42336,423.524,0,1.02816,0,0,2.30035,1.27219,1.028160,1,0,62.8263,0,0,0,62.8263,0
42.4918,2.24571,0,0,3.58843,0.226944,0.36288,3.6288,61.308,0.66528,0,0,1.91309,0.135362,1.11245,0.66528,12.849,1,0.691324,0.36288,0,86.6169,4.15419,82.1342,0.84672,12.849,0.84672,3695.15,0,36.966,0.42336,2.05943,1.93804,21.2751,1.11178,23.7375,0.42336,36.966,0.42336,423.524,0,1.02816,0,0,3.08759,2.05943,1.028160,1,0,106.984,0,0,0,106.984,0
44.3488,2.34962,0,0,4.79545,0.225989,0.36288,3.6288,61.308,0.66528,0,0,1.54845,0.144681,0.738491,0.66528,12.849,1,0.710494,0.36288,0,116.371,4.04754,111.976,0.84672,12.849,0.84672,3695.15,0,36.966,0.42336,1.35909,1.93809,15.015,1.0438,16.845,0.42336,36.966,0.42336,423.524,0,1.02816,0,0,2.38725,1.35909,1.028160,1,0,129.56,0,0,0,129.56,0
46.2112,2.37291,0,0,4.82909,0.230861,0.36288,3.6288,61.308,0.66528,0,0,1.71447,0.144681,0.904509,0.66528,12.849,1,0.687494,0.36288,0,116.999,4.04754,112.627,0.84672,12.849,0.84672,3695.15,0,36.966,0.42336,1.80576,1.96115,16.1472,1.0438,18.447,0.42336,36.966,0.42336,423.524,0,1.02816,0,0,2.83392,1.80576,1.028160,1,0,131.979,0,0,0,131.979,0
46.7802,2.39482,0,0,3.56239,0.235748,0.36288,3.6288,61.308,0.66528,0,0,1.27215,0.144681,0.462192,0.66528,12.849,1,0.665878,0.36288,0,84.0093,4.04754,79.6588,0.84672,12.849,0.84672,3695.15,0,36.966,0.42336,0.828783,1.96121,11.4406,1.0438,12.7634,0.42336,36.966,0.42336,423.524,0,1.02816,0,0,1.85694,0.828783,1.028160,1,0,92.8844,0,0,0,92.8844,0
46.9515,2.40141,0,0,3.1474,0.21177,0.36288,3.6288,61.308,0.66528,0,0,1.06338,0.158139,0.239958,0.66528,12.849,1,0.659588,0.36288,0,73.6465,4.15974,69.1901,0.84672,12.849,0.84672,3695.15,0,36.966,0.42336,0.653564,1.96126,9.88744,1.05791,11.021,0.42336,36.966,0.42336,423.524,0,1.02816,0,0,1.68172,0.653564,1.028160,1,0,80.451,0,0,0,80.451,0
47.099,2.36582,0,0,3.04912,0.172965,0.36288,3.6288,61.308,0.66528,0,0,0.898897,0.172502,0.0611151,0.66528,12.849,1,0.647443,0.36288,0,67.8836,3.79693,63.8021,0.84672,12.849,0.84672,3695.15,0,36.966,0.42336,0.747265,1.96132,8.31591,1.10145,9.49969,0.42336,36.966,0.42336,423.524,0,1.02816,0,0,1.77542,0.747265,1.028160,1,0,73.3629,0,0,0,73.3629,0
47.0023,2.36764,0,0,2.79583,0.162017,0.36288,3.6288,61.308,0.66528,0,0,0.871586,0.174884,0.0314222,0.66528,12.849,1,0.645912,0.36288,0,62.7212,3.69558,58.7426,0.84672,12.849,0.84672,3695.15,0,36.966,0.42336,0.676365,1.95237,7.96418,1.11044,9.05911,0.42336,36.966,0.42336,423.524,0,1.02816,0,0,1.70453,0.676365,1.028160,1,0,67.8331,0,0,0,67.8331,0
47.2769,2.36682,0,0,3.16136,0.157018,0.36288,3.6288,61.2185,0.680158,0,0,0.768519,0.177851,0,0.66528,12.849,1,0.647018,0.36288,0,66.4347,3.92951,62.221,0.84672,12.849,0.84672,3695.15,0,36.966,0.42336,0.528595,1.95243,10.1381,1.11967,11.0761,0.42336,36.966,0.42336,423.524,0,1.01328,0,0,1.54188,0.528595,1.028160,1,0,73.2971,0,0,0,73.2971,0
47.0965,2.37001,0,0,2.68097,0.128448,0.36288,3.6288,61.1119,0.66528,0,0,0.754186,0.195544,0,0.66528,12.849,1,0.644125,0.36288,0,55.5087,5.33305,49.8944,0.84672,12.849,0.84672,3695.15,0,36.966,0.42336,0.565056,1.95248,8.10251,1.175,9.02168,0.42336,36.966,0.42336,423.524,0,1.02816,0,0,1.59322,0.565056,1.028160,1,0,58.9161,0,0,0,58.9161,0
46.4684,2.49642,0,0,2.328,0.0967931,0.36288,3.6288,60.8584,0.748129,0,0,0.713915,0.219256,0,0.66528,12.849,1,0.68108,0.36288,0,38.6132,5.50626,32.7887,0.84672,12.849,0.84672,3695.15,0,36.966,0.42336,0.402797,1.95254,6.91174,1.23413,7.60958,0.42336,36.966,0.42336,423.524,0,0.945311,0,0,1.34811,0.402797,1.028160,1,0,40.3983,0,0,0,40.3983,0
45.7168,2.48945,0,0,2.23878,0.138053,0.36288,3.6288,60.4852,0.858712,0,0,0.693014,0.207544,0,0.66528,12.849,1,0.688358,0.36288,0,38.6162,4.87122,33.4195,0.84672,12.849,0.84672,3695.15,0,36.966,0.42336,0.402797,1.98315,6.00174,1.09012,6.87421,0.42336,36.966,0.42336,423.524,0,0.834728,0,0,1.23752,0.402797,1.028160,1,0,40.2937,0,0,0,40.2937,0
44.7483,2.48085,0,0,1.96965,0.0944923,0.36288,3.6288,60.0116,0.858453,0,0,0.590509,0.205591,0,0.66528,12.849,1,0.697259,0.36288,0,33.35,4.8384,28.1772,0.84672,12.849,0.84672,3695.15,0,36.966,0.42336,0.402797,1.98321,5.52239,1.03828,6.44676,0.42336,36.966,0.42336,423.524,0,0.834987,0,0,1.23778,0.402797,1.028160,1,0,34.6239,0,0,0,34.6239,0
43.7344,2.46936,0,0,1.91185,0.0934681,0.36288,3.6288,59.6627,0.771025,0,0,0.627099,0.204972,0,0.66528,12.849,1,0.709052,0.36288,0,31.7876,4.8384,26.603,0.84672,12.849,0.84672,3695.15,0,36.966,0.42336,0.30119,1.98327,5.87467,1.03828,6.69749,0.42336,36.966,0.42336,423.524,0,0.922415,0,0,1.22361,0.30119,1.028160,1,0,33.3005,0,0,0,33.3005,0
42.6043,2.45689,0,0,1.77994,0.0902144,0.36288,3.6288,59.2982,0.804254,0,0,0.651964,0.212189,0,0.66528,12.849,1,0.721826,0.36288,0,30.5351,4.8919,25.2842,0.84672,12.849,0.84672,3695.15,0,36.966,0.42336,0.30119,1.98332,5.23076,1.05783,6.03409,0.42336,36.966,0.42336,423.524,0,0.889186,0,0,1.19038,0.30119,1.028160,1,0,31.3183,0,0,0,31.3183,0
41.1929,2.41763,0,0,1.44519,0.0761269,0.36288,3.6288,59.2731,0.66528,0,0,0.897731,0.257623,0,0.66528,12.849,1,0.729131,0.36288,0,32.3625,5.21294,26.7833,0.84672,12.849,0.84672,3695.15,0,36.966,0.42336,0.374077,1.98338,3.72662,1.17511,4.48561,0.42336,36.966,0.42336,423.524,0,1.02816,0,0,1.40224,0.374077,1.028160,1,0,31.2689,0,0,0,31.2689,0
39.8031,2.39882,0,0,1.44678,0.0748811,0.36288,3.6288,59.2171,0.66528,0,0,0.866903,0.257582,0,0.66528,12.849,1,0.748246,0.36288,0,30.5572,5.21294,24.9589,0.84672,12.849,0.84672,3695.15,0,36.966,0.42336,0.412197,1.97739,3.95628,1.17511,4.7474,0.42336,36.966,0.42336,423.524,0,1.02816,0,0,1.44036,0.412197,1.028160,1,0,29.7063,0,0,0,29.7063,0
38.3744,2.3793,0,0,1.38012,0.0666642,0.36288,3.6288,59.1253,0.66528,0,0,0.846305,0.272828,0,0.66528,12.849,1,0.76807,0.36288,0,28.7348,5.43011,22.8995,0.84672,12.849,0.84672,3695.15,0,36.966,0.42336,0.421183,1.97745,3.96265,1.24861,4.68931,0.42336,36.966,0.42336,423.524,0,1.02816,0,0,1.44934,0.421183,1.028160,1,0,27.5888,0,0,0,27.5888,0
36.8126,2.3581,0,0,1.20777,0.0486046,0.36288,3.6288,58.9526,0.66528,0,0,0.799606,0.307029,0,0.66528,12.849,1,0.789569,0.36288,0,27.0009,6.17643,20.3978,0.84672,12.849,0.84672,3695.15,0,36.966,0.42336,0.280178,1.97751,3.85614,1.5078,4.18267,0.42336,36.966,0.42336,423.524,0,1.02816,0,0,1.30834,0.280178,1.028160,1,0,24.5805,0,0,0,24.5805,0
35.0286,2.39527,0,0,1.02111,0.0469198,0.36288,3.6288,58.2047,1.11329,0,0,0.675204,0.309784,0,0.66528,12.849,1,0.836043,0.36288,0,20.7587,6.0133,14.2723,0.84672,12.849,0.84672,3695.15,0,36.966,0.42336,0.261274,1.97756,2.77661,1.46796,3.12413,0.42336,36.966,0.42336,423.524,0,0.580154,0,0,0.841428,0.261274,1.028160,1,0,17.3964,0,0,0,17.3964,0
33.2574,2.36435,0,0,1.00154,0.0454992,0.36288,3.6288,57.3585,1.2019,0,0,0.667276,0.311631,0,0.66528,12.849,1,0.867277,0.36288,0,25.9737,5.83958,19.6297,0.84672,12.849,0.84672,3695.15,0,36.966,0.42336,0.261274,1.99324,2.66916,1.41179,3.08853,0.42336,36.966,0.42336,423.524,0,0.491538,0,0,0.752812,0.261274,1.028160,1,0,22.7182,0,0,0,22.7182,0
31.4528,2.33125,0,0,0.93407,0.0445219,0.36288,3.6288,56.428,1.21161,0,0,0.591036,0.309931,0,0.66528,12.849,1,0.90068,0.36288,0,20.5477,5.83958,14.1704,0.84672,12.849,0.84672,3695.15,0,36.966,0.42336,0.261274,1.9933,2.43634,1.41179,2.85576,0.42336,36.966,0.42336,423.524,0,0.481827,0,0,0.7431,0.261274,1.028160,1,0,17.0261,0,0,0,17.0261,0
29.6013,2.29479,0,0,0.849632,0.0435262,0.36288,3.6288,55.3811,1.29402,0,0,0.555163,0.308061,0,0.66528,12.849,1,0.937458,0.36288,0,18.8941,5.83958,12.48,0.84672,12.849,0.84672,3695.15,0,36.966,0.42336,0.227405,1.99335,2.22976,1.41179,2.61537,0.42336,36.966,0.42336,423.524,0,0.399416,0,0,0.626821,0.227405,1.028160,1,0,15.0953,0,0,0,15.0953,0
27.8388,2.42437,0,0,1.06225,0.0374233,0.36288,3.6288,54.8313,0.974151,0,0,0.734557,0.310126,0,0.66528,12.849,1,1.05234,0.36288,0,20.8895,5.96996,14.2301,0.84672,12.849,0.84672,3695.15,0,36.966,0.42336,0.227405,1.99341,3.20267,1.47496,3.52516,0.42336,36.966,0.42336,423.524,0,0.719289,0,0,0.946693,0.227405,1.028160,1,0,17.7553,0,0,0,17.7553,0
25.9704,2.37901,0,0,0.919227,0.0457959,0.36288,3.6288,54.0484,1.11194,0,0,0.631022,0.302002,0,0.66528,12.849,1,1.09803,0.36288,0,27.1527,5.77248,20.645,0.84672,12.849,0.84672,3695.15,0,36.966,0.42336,0.227405,2.03923,2.50309,1.52832,2.81804,0.42336,36.966,0.42336,423.524,0,0.581498,0,0,0.808903,0.227405,1.028160,1,0,23.4631,0,0,0,23.4631,0
24.1753,2.32638,0,0,0.938796,0.0446155,0.36288,3.6288,53.4057,1.06608,0,0,0.723837,0.300443,0,0.66528,12.849,1,1.15099,0.36288,0,23.521,5.77248,16.9604,0.84672,12.849,0.84672,3695.15,0,36.966,0.42336,0.227405,2.03929,2.5994,1.52832,2.91442,0.42336,36.966,0.42336,423.524,0,0.627356,0,0,0.854761,0.227405,1.028160,1,0,19.8748,0,0,0,19.8748,0
22.4446,2.27079,0,0,0.947229,0.0442393,0.36288,3.6288,53.0083,0.834278,0,0,0.729314,0.29245,0,0.66528,12.849,1,1.20691,0.36288,0,23.8658,5.58764,17.4342,0.84672,12.849,0.84672,3695.15,0,36.966,0.42336,0.204422,2.03935,3.32481,1.45637,3.68885,0.42336,36.966,0.42336,423.524,0,0.859162,0,0,1.06358,0.204422,1.028160,1,0,21.123,0,0,0,21.123,0
20.7247,2.21182,0,0,0.902448,0.0476181,0.36288,3.6288,52.3519,1.0431,0,0,0.639046,0.252368,0,0.66528,12.849,1,1.26621,0.36288,0,15.4906,4.47856,10.1087,0.84672,12.849,0.84672,3695.15,0,36.966,0.42336,0.204422,2.03941,3.60741,1.02464,4.40324,0.42336,36.966,0.42336,423.524,0,0.650341,0,0,0.854764,0.204422,1.028160,1,0,14.5119,0,0,0,14.5119,0
19.4426,2.07367,0,0,1.2242,0.0697993,0.36288,3.6288,52.0231,0.66528,0,0,0.616188,0.279747,0,0.66528,12.849,1,1.28564,0.36288,0,22.7838,4.6305,17.2305,0.84672,12.849,0.84672,3695.15,0,36.966,0.42336,0.290148,2.03947,3.7151,1.31058,4.31078,0.42336,36.966,0.42336,423.524,0,1.02816,0,0,1.31831,0.290148,1.028160,1,0,21.5413,0,0,0,21.5413,0
18.1321,2.02282,0,0,1.14382,0.0685687,0.36288,3.6288,52,0.66528,0,0,0.921237,0.279007,0,0.66528,12.849,1,1.33682,0.36288,0,19.5326,4.6305,13.9282,0.84672,12.849,0.84672,3695.15,0,36.966,0.42336,1.16398,2.01723,4.28568,1.31058,5.73295,0.42336,36.966,0.42336,423.524,0,1.02816,0,0,2.19214,1.16398,1.028160,1,0,19.6611,0,0,0,19.6611,0
16.7448,1.96646,0,0,1.00928,0.0673109,0.36288,3.6288,51.5904,0.66528,0,0,0.534647,0.278956,0,0.66528,12.849,1,1.3935,0.36288,0,20.0073,4.6305,14.3462,0.84672,12.849,0.84672,3695.15,0,36.966,0.42336,0.348106,2.01729,3.29183,1.31058,3.92328,0.42336,36.966,0.42336,423.524,0,1.02816,0,0,1.37627,0.348106,1.028160,1,0,18.2695,0,0,0,18.2695,0
15.2486,1.90132,0,0,0.834028,0.0659793,0.36288,3.6288,51.0972,0.686223,0,0,0.471014,0.278034,0,0.66528,12.849,1,1.45896,0.36288,0,18.4727,4.6305,12.7461,0.84672,12.849,0.84672,3695.15,0,36.966,0.42336,0.216518,2.01735,3.04849,1.31058,3.54842,0.42336,36.966,0.42336,423.524,0,1.00722,0,0,1.22374,0.216518,1.028160,1,0,16.2945,0,0,0,16.2945,0
14.0675,1.77075,0,0,1.06161,0.109067,0.36288,3.6288,50.2934,0.998359,0,0,0.428632,0.234026,0,0.66528,12.849,1,1.4921,0.36288,0,18.5336,3.99531,13.4091,0.84672,12.849,0.84672,3695.15,0,36.966,0.42336,0.216518,2.01741,3.47607,1.04149,4.24515,0.42336,36.966,0.42336,423.524,0,0.695081,0,0,0.9116,0.216518,1.028160,1,0,17.6542,0,0,0,17.6542,0
12.6769,1.70544,0,0,0.799304,0.121658,0.36288,3.6288,48.8974,1.44051,0,0,0.269628,0.225101,0,0.66528,12.849,1,1.55772,0.36288,0,13.6356,3.88227,8.55846,0.84672,12.849,0.84672,3695.15,0,36.966,0.42336,0.216518,1.99915,3.0158,0.953238,3.85487,0.42336,36.966,0.42336,423.524,0,0.252932,0,0,0.46945,0.216518,1.028160,1,0,12.4133,0,0,0,12.4133,0
11.6297,1.62073,0,0,1.05448,0.118021,0.36288,3.6288,48.5755,0.712969,0,0,0.613545,0.222532,0,0.66528,12.849,1,1.64274,0.36288,0,18.2434,3.88227,13.0812,0.84672,12.849,0.84672,3695.15,0,36.966,0.42336,0.216518,1.99921,5.36052,0.953238,6.19964,0.42336,36.966,0.42336,423.524,0,0.980471,0,0,1.19699,0.216518,1.028160,1,0,19.2809,0,0,0,19.2809,0
12.4545,1.55061,0,0,2.85354,0.115283,0.36288,3.6288,49.1144,0.66528,0,0,1.4261,0.221939,0,0.66528,12.849,1,1.71318,0.36288,0,54.489,3.88227,49.2565,0.84672,12.849,0.84672,3695.15,0,36.966,0.42336,1.13444,1.99926,9.34297,0.953238,11.1001,0.42336,36.966,0.42336,423.524,0,1.02816,0,0,2.1626,1.13444,1.028160,1,0,60.3565,0,0,0,60.3565,0
11.8579,1.46991,0,0,1.3809,0.144701,0.36288,3.6288,48.2936,1.2757,0,0,0.641321,0.186355,0,0.66528,12.849,1,1.51647,0.36288,0,26.5915,3.51495,21.923,0.84672,12.849,0.84672,3695.15,0,36.966,0.42336,0.292723,1.99932,4.0519,0.829334,5.09125,0.42336,36.966,0.42336,423.524,0,0.417735,0,0,0.710459,0.292723,1.028160,1,0,27.0142,0,0,0,27.0142,0
11.2564,1.43343,0,0,1.32735,0.132525,0.36288,3.6288,47.2948,1.16333,0,0,0.358653,0.194131,0,0.66528,12.849,1,1.55324,0.36288,0,19.9103,4.1202,14.5997,0.84672,12.849,0.84672,3695.15,0,36.966,0.42336,0.292723,1.94734,2.89524,0.951146,3.76079,0.42336,36.966,0.42336,423.524,0,0.530109,0,0,0.822832,0.292723,1.028160,1,0,18.3605,0,0,0,18.3605,0
10.5326,1.39481,0,0,1.16465,0.130726,0.36288,3.6288,46.4123,1.0837,0,0,0.39372,0.19252,0,0.66528,12.849,1,1.59215,0.36288,0,29.4639,4.1202,24.1144,0.84672,12.849,0.84672,3695.15,0,36.966,0.42336,0.292723,1.94739,3.09209,0.951146,3.9577,0.42336,36.966,0.42336,423.524,0,0.609742,0,0,0.902465,0.292723,1.028160,1,0,28.0721,0,0,0,28.0721,0
11.1047,1.34566,0,0,2.40915,0.128561,0.36288,3.6288,46.5044,0.66528,0,0,0.948452,0.191046,0,0.66528,12.849,1,1.6416,0.36288,0,49.3474,4.1202,43.9484,0.84672,12.849,0.84672,3695.15,0,36.966,0.42336,1.08989,1.94745,4.09849,0.951146,5.76132,0.42336,36.966,0.42336,423.524,0,1.02816,0,0,2.11805,1.08989,1.028160,1,0,49.7098,0,0,0,49.7098,0
11.3363,1.38499,0,0,2.10262,0.123177,0.36288,3.6288,45.5583,1.09759,0,0,0.337351,0.18589,0,0.66528,12.849,1,1.60255,0.36288,0,30.1838,3.8166,25.1276,0.84672,12.849,0.84672,3695.15,0,36.966,0.42336,0.412474,1.9475,2.7453,0.900827,3.78109,0.42336,36.966,0.42336,423.524,0,0.595849,0,0,1.00832,0.412474,1.028160,1,0,28.9087,0,0,0,28.9087,0
14.1361,1.45055,0,0,4.74768,0.134444,0.36288,3.6288,46.8421,0.66528,0,0,2.15492,0.205891,0,0.66528,12.849,1,1.64412,0.36288,0,131.394,4.16364,125.949,0.84672,12.849,0.84672,3695.15,0,36.966,0.42336,1.55398,1.94755,8.90192,1.07068,10.9094,0.42336,36.966,0.42336,423.524,0,1.02816,0,0,2.58214,1.55398,1.028160,1,0,136.858,0,0,0,136.858,0
16.7953,1.62127,0,0,4.78927,0.14587,0.36288,3.6288,48.2556,0.66528,0,0,2.29143,0.212647,0,0.66528,12.849,1,1.47366,0.36288,0,124.104,4.25943,118.734,0.84672,12.849,0.84672,3695.15,0,36.966,0.42336,1.5443,1.96763,8.79103,1.10528,10.7743,0.42336,36.966,0.42336,423.524,0,1.02816,0,0,2.57246,1.5443,1.028160,1,0,129.508,0,0,0,129.508,0
18.5866,1.75362,0,0,4.0615,0.15367,0.36288,3.6288,48.9178,0.66528,0,0,1.54272,0.215176,0,0.66528,12.849,1,1.34158,0.36288,0,97.8039,4.25943,92.5658,0.84672,12.849,0.84672,3695.15,0,36.966,0.42336,0.977521,1.96768,8.75552,1.10528,10.1721,0.42336,36.966,0.42336,423.524,0,1.02816,0,0,2.00568,0.977521,1.028160,1,0,102.738,0,0,0,102.738,0
21.2095,1.83022,0,0,4.9995,0.183523,0.36288,3.6288,49.7717,0.66528,0,0,1.72406,0.204921,0,0.66528,12.849,1,1.26524,0.36288,0,135.163,4.39236,129.869,0.84672,12.849,0.84672,3695.15,0,36.966,0.42336,1.11001,1.96773,9.72285,1.33707,11.0402,0.42336,36.966,0.42336,423.524,0,1.02816,0,0,2.13817,1.11001,1.028160,1,0,140.909,0,0,0,140.909,0
22.2362,2.14158,0,0,3.72282,0.191714,0.36288,3.6288,50.5928,0.66528,0,0,1.69843,0.212049,0,0.66528,12.849,1,1.2974,0.36288,0,93.6308,4.33814,88.3582,0.84672,12.849,0.84672,3695.15,0,36.966,0.42336,0.789955,1.96778,6.71449,1.23667,7.81219,0.42336,36.966,0.42336,423.524,0,1.02816,0,0,1.81812,0.789955,1.028160,1,0,96.1704,0,0,0,96.1704,0
24.108,2.17972,0,0,4.61074,0.196257,0.36288,3.6288,51.7916,0.66528,0,0,2.08518,0.221103,0,0.66528,12.849,1,1.25954,0.36288,0,111.713,4.26584,106.55,0.84672,12.849,0.84672,3695.15,0,36.966,0.42336,1.14866,2.03215,11.7052,1.10281,13.3599,0.42336,36.966,0.42336,423.524,0,1.02816,0,0,2.17682,1.14866,1.028160,1,0,119.91,0,0,0,119.91,0
26.6813,2.24371,0,0,5.38224,0.20243,0.36288,3.6288,52.9588,0.66528,0,0,2.05286,0.220337,0,0.66528,12.849,1,1.19584,0.36288,0,142.443,4.16093,137.449,0.84672,12.849,0.84672,3695.15,0,36.966,0.42336,1.17263,2.03221,9.98654,1.06769,11.7003,0.42336,36.966,0.42336,423.524,0,1.02816,0,0,2.20079,1.17263,1.028160,1,0,149.15,0,0,0,149.15,0
28.5487,2.32175,0,0,4.76822,0.216154,0.36288,3.6288,54.6755,0.66528,0,0,2.58663,0.20468,0,0.66528,12.849,1,1.11809,0.36288,0,158.166,3.53146,153.88,0.84672,12.849,0.84672,3695.15,0,36.966,0.42336,1.80525,2.03226,11.3263,0.857001,13.8834,0.42336,36.966,0.42336,423.524,0,1.02816,0,0,2.83341,1.80525,1.028160,1,0,167.763,0,0,0,167.763,0
30.198,2.03466,0,0,4.25899,0.212098,0.36288,3.6288,55.9852,0.66528,0,0,2.17149,0.196516,0,0.66528,12.849,1,0.915747,0.36288,0,118.955,3.50834,114.893,0.84672,12.849,0.84672,3695.15,0,36.966,0.42336,0.932705,2.03232,10.449,0.838941,12.1517,0.42336,36.966,0.42336,423.524,0,1.02816,0,0,1.96087,0.932705,1.028160,1,0,127.045,0,0,0,127.045,0
31.4903,2.06993,0,0,3.92866,0.203633,0.36288,3.6288,56.2471,0.887466,0,0,1.33313,0.18376,0,0.66528,12.849,1,0.880736,0.36288,0,95.6716,3.47749,91.6762,0.84672,12.849,0.84672,3695.15,0,36.966,0.42336,0.608429,1.9406,9.07045,0.81486,10.3812,0.42336,36.966,0.42336,423.524,0,0.805974,0,0,1.4144,0.608429,1.028160,1,0,102.057,0,0,0,102.057,0
32.021,2.09577,0,0,3.19652,0.20711,0.36288,3.6288,56.1088,1.15245,0,0,1.19828,0.184075,0,0.66528,12.849,1,0.855141,0.36288,0,82.9742,3.47749,79.0045,0.84672,12.849,0.84672,3695.15,0,36.966,0.42336,0.608429,1.94064,7.00574,0.81486,8.3166,0.42336,36.966,0.42336,423.524,0,0.540994,0,0,1.14942,0.608429,1.028160,1,0,87.3211,0,0,0,87.3211,0
33.6694,2.10607,0,0,4.32582,0.208502,0.36288,3.6288,56.9293,0.66528,0,0,1.66966,0.183909,0,0.66528,12.849,1,0.845098,0.36288,0,130.302,3.47749,126.342,0.84672,12.849,0.84672,3695.15,0,36.966,0.42336,0.66852,1.94069,8.80426,0.81486,10.1753,0.42336,36.966,0.42336,423.524,0,1.02816,0,0,1.69668,0.66852,1.028160,1,0,136.517,0,0,0,136.517,0
36.36,2.1362,0,0,5.39978,0.210045,0.36288,3.6288,57.9436,0.66528,0,0,1.83102,0.151484,0,0.66528,12.849,1,0.815222,0.36288,0,170.714,2.93957,167.322,0.84672,12.849,0.84672,3695.15,0,36.966,0.42336,0.96825,1.94074,11.7014,0.72273,13.4643,0.42336,36.966,0.42336,423.524,0,1.02816,0,0,1.99641,0.96825,1.028160,1,0,180.787,0,0,0,180.787,0
38.0901,2.27208,0,0,4.5857,0.220659,0.36288,3.6288,58.4178,0.66528,0,0,1.28643,0.146914,0,0.66528,12.849,1,0.802913,0.36288,0,129.457,3.79491,125.223,0.84672,12.849,0.84672,3695.15,0,36.966,0.42336,0.737372,1.94079,8.96322,0.762069,10.456,0.42336,36.966,0.42336,423.524,0,1.02816,0,0,1.76553,0.737372,1.028160,1,0,135.678,0,0,0,135.678,0
38.3954,2.29954,0,0,3.19292,0.225215,0.36288,3.6288,58.585,0.760981,0,0,1.07559,0.147364,0,0.66528,12.849,1,0.775709,0.36288,0,88.3958,3.79491,84.1881,0.84672,12.849,0.84672,3695.15,0,36.966,0.42336,0.558835,1.96394,6.20429,0.762069,7.54164,0.42336,36.966,0.42336,423.524,0,0.932459,0,0,1.49129,0.558835,1.028160,1,0,91.7297,0,0,0,91.7297,0
38.2643,2.30436,0,0,2.76214,0.226019,0.36288,3.6288,58.4375,0.926688,0,0,0.926692,0.147523,0,0.66528,12.849,1,0.771154,0.36288,0,69.2928,3.79491,65.0896,0.84672,12.849,0.84672,3695.15,0,36.966,0.42336,0.528595,1.96399,5.19497,0.762069,6.50213,0.42336,36.966,0.42336,423.524,0,0.766752,0,0,1.29535,0.528595,1.028160,1,0,71.5917,0,0,0,71.5917,0
38.1103,2.30258,0,0,2.7261,0.214601,0.36288,3.6288,58.5357,0.66528,0,0,0.912833,0.149357,0,0.66528,12.849,1,0.773198,0.36288,0,75.2311,3.67175,71.149,0.84672,12.849,0.84672,3695.15,0,36.966,0.42336,0.611669,1.96404,4.68258,0.810451,6.02448,0.42336,36.966,0.42336,423.524,0,1.02816,0,0,1.63983,0.611669,1.028160,1,0,77.1735,0,0,0,77.1735,0
37.9338,2.26437,0,0,2.63126,0.180545,0.36288,3.6288,58.5851,0.80873,0,0,1.00627,0.148191,0,0.66528,12.849,1,0.763439,0.36288,0,65.3826,3.75159,61.2304,0.84672,12.849,0.84672,3695.15,0,36.966,0.42336,0.528595,1.96409,5.09684,0.90033,6.26584,0.42336,36.966,0.42336,423.524,0,0.88471,0,0,1.41331,0.528595,1.028160,1,0,67.4963,0,0,0,67.4963,0
37.3858,2.26191,0,0,2.27728,0.200449,0.36288,3.6288,58.4934,0.883172,0,0,0.957398,0.165878,0,0.66528,12.849,1,0.766159,0.36288,0,52.8737,4.11642,48.354,0.84672,12.849,0.84672,3695.15,0,36.966,0.42336,0.528595,1.9551,4.41787,0.93767,5.54053,0.42336,36.966,0.42336,423.524,0,0.810268,0,0,1.33886,0.528595,1.028160,1,0,53.8945,0,0,0,53.8945,0
36.7285,2.25375,0,0,2.08869,0.129334,0.36288,3.6288,58.1118,0.990714,0,0,0.819867,0.210743,0,0.66528,12.849,1,0.774582,0.36288,0,48.2702,4.52004,43.3385,0.84672,12.849,0.84672,3695.15,0,36.966,0.42336,0.528595,1.95515,4.11735,0.961769,5.21596,0.42336,36.966,0.42336,423.524,0,0.702726,0,0,1.23132,0.528595,1.028160,1,0,48.5544,0,0,0,48.5544,0
36.0256,2.24367,0,0,2.03189,0.128332,0.36288,3.6288,58.0762,0.729752,0,0,0.90434,0.210226,0,0.66528,12.849,1,0.784918,0.36288,0,46.6512,4.52004,41.7092,0.84672,12.849,0.84672,3695.15,0,36.966,0.42336,0.402797,1.9552,4.77384,0.961769,5.74671,0.42336,36.966,0.42336,423.524,0,0.963688,0,0,1.36649,0.402797,1.028160,1,0,47.4559,0,0,0,47.4559,0
35.1742,2.35328,0,0,1.99402,0.129171,0.36288,3.6288,57.877,0.887155,0,0,0.900841,0.212857,0,0.66528,12.849,1,0.839329,0.36288,0,47.2732,4.6755,42.1213,0.84672,12.849,0.84672,3695.15,0,36.966,0.42336,0.402797,1.95525,4.31597,1.00202,5.24863,0.42336,36.966,0.42336,423.524,0,0.806285,0,0,1.20908,0.402797,1.028160,1,0,47.3699,0,0,0,47.3699,0
34.2826,2.3386,0,0,1.92563,0.115817,0.36288,3.6288,57.6833,0.863888,0,0,0.874204,0.204021,0,0.66528,12.849,1,0.85428,0.36288,0,49.4434,4.60857,44.3434,0.84672,12.849,0.84672,3695.15,0,36.966,0.42336,0.402797,1.98598,4.42618,1.10011,5.29149,0.42336,36.966,0.42336,423.524,0,0.829552,0,0,1.23235,0.402797,1.028160,1,0,49.6349,0,0,0,49.6349,0
33.2625,2.32263,0,0,1.75904,0.0935749,0.36288,3.6288,57.4786,0.864207,0,0,0.866808,0.207331,0,0.66528,12.849,1,0.870516,0.36288,0,44.1905,4.72227,38.9606,0.84672,12.849,0.84672,3695.15,0,36.966,0.42336,0.402797,1.98604,4.22793,1.06458,5.12882,0.42336,36.966,0.42336,423.524,0,0.829233,0,0,1.23203,0.402797,1.028160,1,0,44.0894,0,0,0,44.0894,0
32.2278,2.30357,0,0,1.72416,0.0924068,0.36288,3.6288,57.4232,0.785834,0,0,0.937518,0.207057,0,0.66528,12.849,1,0.889849,0.36288,0,42.3329,4.72227,37.0837,0.84672,12.849,0.84672,3695.15,0,36.966,0.42336,0.30119,1.98609,4.55573,1.06458,5.35506,0.42336,36.966,0.42336,423.524,0,0.907606,0,0,1.2088,0.30119,1.028160,1,0,42.4387,0,0,0,42.4387,0
31.0996,2.28334,0,0,1.6092,0.091222,0.36288,3.6288,57.2004,0.872605,0,0,0.85676,0.206982,0,0.66528,12.849,1,0.910352,0.36288,0,39.5735,4.72227,34.3038,0.84672,12.849,0.84672,3695.15,0,36.966,0.42336,0.30119,1.98614,4.03416,1.06458,4.83355,0.42336,36.966,0.42336,423.524,0,0.820835,0,0,1.12203,0.30119,1.028160,1,0,39.1373,0,0,0,39.1373,0
30.4322,2.23724,0,0,2.00693,0.0741596,0.36288,3.6288,56.9645,0.66528,0,0,0.695537,0.266177,0,0.66528,12.849,1,0.92433,0.36288,0,33.9085,5.27699,28.0701,0.84672,12.849,0.84672,3695.15,0,36.966,0.42336,0.414176,1.98619,3.50036,1.20771,4.26965,0.42336,36.966,0.42336,423.524,0,1.02816,0,0,1.44234,0.414176,1.028160,1,0,32.3398,0,0,0,32.3398,0
29.652,2.22317,0,0,1.87931,0.0735069,0.36288,3.6288,56.6946,0.66528,0,0,0.661228,0.265769,0,0.66528,12.849,1,0.938662,0.36288,0,33.8641,5.27699,28.0114,0.84672,12.849,0.84672,3695.15,0,36.966,0.42336,0.327119,1.98017,3.5972,1.20771,4.27342,0.42336,36.966,0.42336,423.524,0,1.02816,0,0,1.35528,0.327119,1.028160,1,0,32.2848,0,0,0,32.2848,0
28.7194,2.20613,0,0,1.70914,0.072743,0.36288,3.6288,56.4088,0.66528,0,0,0.644773,0.265303,0,0.66528,12.849,1,0.955975,0.36288,0,33.2014,5.27699,27.3313,0.84672,12.849,0.84672,3695.15,0,36.966,0.42336,0.309554,1.98022,3.44677,1.20771,4.10547,0.42336,36.966,0.42336,423.524,0,1.02816,0,0,1.33771,0.309554,1.028160,1,0,31.4367,0,0,0,31.4367,0
27.6511,2.18487,0,0,1.5513,0.07183,0.36288,3.6288,55.9811,0.767845,0,0,0.604907,0.26481,0,0.66528,12.849,1,0.977506,0.36288,0,29.5852,5.27699,23.6936,0.84672,12.849,0.84672,3695.15,0,36.966,0.42336,0.261274,1.98027,3.3343,1.20771,3.94476,0.42336,36.966,0.42336,423.524,0,0.925595,0,0,1.18687,0.261274,1.028160,1,0,27.6383,0,0,0,27.6383,0
26.3544,2.21641,0,0,1.33287,0.0502668,0.36288,3.6288,55.2022,0.955057,0,0,0.503967,0.327769,0,0.66528,12.849,1,1.02993,0.36288,0,26.2136,5.90683,19.6397,0.84672,12.849,0.84672,3695.15,0,36.966,0.42336,0.261274,1.98032,3.04665,1.49863,3.36626,0.42336,36.966,0.42336,423.524,0,0.738383,0,0,0.999657,0.261274,1.028160,1,0,23.006,0,0,0,23.006,0
24.9637,2.18253,0,0,1.20436,0.0496601,0.36288,3.6288,54.1868,1.11578,0,0,0.418644,0.318265,0,0.66528,12.849,1,1.06408,0.36288,0,23.2203,5.63818,16.881,0.84672,12.849,0.84672,3695.15,0,36.966,0.42336,0.261274,1.99605,2.65611,1.44632,3.04375,0.42336,36.966,0.42336,423.524,0,0.577662,0,0,0.838935,0.261274,1.028160,1,0,19.9247,0,0,0,19.9247,0
23.504,2.14357,0,0,1.09547,0.0486875,0.36288,3.6288,53.0169,1.24705,0,0,0.393237,0.31614,0,0.66528,12.849,1,1.10331,0.36288,0,21.3519,5.63818,14.9732,0.84672,12.849,0.84672,3695.15,0,36.966,0.42336,0.261274,1.9961,2.43092,1.44632,2.81861,0.42336,36.966,0.42336,423.524,0,0.446386,0,0,0.707659,0.261274,1.028160,1,0,17.7919,0,0,0,17.7919,0
22.2394,2.09945,0,0,1.23942,0.0417299,0.36288,3.6288,52.2238,0.96368,0,0,0.478093,0.307495,0,0.66528,12.849,1,1.14771,0.36288,0,21.9578,5.77968,15.3933,0.84672,12.849,0.84672,3695.15,0,36.966,0.42336,0.227405,1.99616,3.56384,1.4832,3.88084,0.42336,36.966,0.42336,423.524,0,0.72976,0,0,0.957165,0.227405,1.028160,1,0,19.2741,0,0,0,19.2741,0
20.7745,2.21364,0,0,1.15193,0.0402822,0.36288,3.6288,51.3662,1.01533,0,0,0.435608,0.27785,0,0.66528,12.849,1,1.27895,0.36288,0,21.8795,5.72538,15.2381,0.84672,12.849,0.84672,3695.15,0,36.966,0.42336,0.227405,1.99621,2.83744,1.48886,3.14883,0.42336,36.966,0.42336,423.524,0,0.67811,0,0,0.905515,0.227405,1.028160,1,0,18.3869,0,0,0,18.3869,0
19.1631,2.1581,0,0,0.97187,0.0622772,0.36288,3.6288,50.4087,1.11045,0,0,0.401353,0.248453,0,0.66528,12.849,1,1.33478,0.36288,0,21.3145,4.84743,15.4952,0.84672,12.849,0.84672,3695.15,0,36.966,0.42336,0.227405,2.0422,2.11461,1.28338,2.67748,0.42336,36.966,0.42336,423.524,0,0.582993,0,0,0.810397,0.227405,1.028160,1,0,18.1727,0,0,0,18.1727,0
17.8564,2.09109,0,0,1.20809,0.0608982,0.36288,3.6288,49.5705,1.01822,0,0,0.426561,0.246525,0,0.66528,12.849,1,1.40209,0.36288,0,21.8086,4.84743,15.9219,0.84672,12.849,0.84672,3695.15,0,36.966,0.42336,0.227405,2.04226,3.12571,1.28338,3.68863,0.42336,36.966,0.42336,423.524,0,0.675225,0,0,0.902629,0.227405,1.028160,1,0,19.6106,0,0,0,19.6106,0
16.3759,2.03159,0,0,0.973797,0.0597799,0.36288,3.6288,48.645,1.07409,0,0,0.393403,0.244837,0,0.66528,12.849,1,1.46188,0.36288,0,20.1211,4.84743,14.1747,0.84672,12.849,0.84672,3695.15,0,36.966,0.42336,0.204422,2.04231,2.12545,1.28338,2.66544,0.42336,36.966,0.42336,423.524,0,0.61935,0,0,0.823772,0.204422,1.028160,1,0,16.8401,0,0,0,16.8401,0
14.8639,1.9577,0,0,0.876519,0.0679223,0.36288,3.6288,47.6576,1.1165,0,0,0.372331,0.243232,0,0.66528,12.849,1,1.53607,0.36288,0,18.9795,4.92513,12.8812,0.84672,12.849,0.84672,3695.15,0,36.966,0.42336,0.204422,2.04237,2.02492,1.26817,2.58018,0.42336,36.966,0.42336,423.524,0,0.576945,0,0,0.781367,0.204422,1.028160,1,0,15.4614,0,0,0,15.4614,0
13.3368,1.80994,0,0,0.697231,0.0515796,0.36288,3.6288,46.942,0.784408,0,0,0.32935,0.260474,0,0.66528,12.849,1,1.56459,0.36288,0,13.2314,4.9254,7.10427,0.84672,12.849,0.84672,3695.15,0,36.966,0.42336,0.204422,2.04242,1.56374,1.27166,2.11557,0.42336,36.966,0.42336,423.524,0,0.909032,0,0,1.11345,0.204422,1.028160,1,0,9.21984,0,0,0,9.21984,0
11.7508,1.71884,0,0,0.543372,0.0476079,0.36288,3.6288,45.9137,1.02554,0,0,0.259316,0.262103,0,0.66528,12.849,1,1.65598,0.36288,0,11.6041,4.92545,5.38558,0.84672,12.849,0.84672,3695.15,0,36.966,0.42336,0.204422,2.02008,1.32529,1.27224,1.85419,0.42336,36.966,0.42336,423.524,0,0.667898,0,0,0.87232,0.204422,1.028160,1,0,7.23977,0,0,0,7.23977,0
10.4827,1.61221,0,0,0.781519,0.07454,0.36288,3.6288,45.0866,0.926994,0,0,0.318967,0.219086,0,0.66528,12.849,1,1.76289,0.36288,0,13.5433,4.30255,7.84072,0.84672,12.849,0.84672,3695.15,0,36.966,0.42336,0.216518,2.02013,1.45833,1.07755,2.19407,0.42336,36.966,0.42336,423.524,0,0.766446,0,0,0.982964,0.216518,1.028160,1,0,10.0348,0,0,0,10.0348,0
10.4032,1.51653,0,0,1.90931,0.109416,0.36288,3.6288,44.913,0.66528,0,0,0.655426,0.163713,0,0.66528,12.849,1,1.85886,0.36288,0,40.844,3.47204,35.876,0.84672,12.849,0.84672,3695.15,0,36.966,0.42336,0.537486,2.02018,3.88436,0.817958,5.20071,0.42336,36.966,0.42336,423.524,0,1.02816,0,0,1.56565,0.537486,1.028160,1,0,41.0767,0,0,0,41.0767,0
10.4285,1.46639,0,0,1.95147,0.0968823,0.36288,3.6288,44.8952,0.66528,0,0,0.842626,0.195156,0,0.66528,12.849,1,1.81114,0.36288,0,73.0439,3.3549,68.2407,0.84672,12.849,0.84672,3695.15,0,36.966,0.42336,1.85085,2.02024,4.45316,0.889862,7.01103,0.42336,36.966,0.42336,423.524,0,1.02816,0,0,2.87901,1.85085,1.028160,1,0,75.2517,0,0,0,75.2517,0
11.4881,1.46848,0,0,3.01032,0.11938,0.36288,3.6288,45.1831,0.66528,0,0,1.20619,0.253012,0,0.66528,12.849,1,1.80933,0.36288,0,109.174,4.00249,103.725,0.84672,12.849,0.84672,3695.15,0,36.966,0.42336,2.32913,2.0019,7.37943,1.14012,10.147,0.42336,36.966,0.42336,423.524,0,1.02816,0,0,3.35729,2.32913,1.028160,1,0,113.872,0,0,0,113.872,0
12.3087,1.54739,0,0,2.86921,0.138271,0.36288,3.6288,45.1438,0.66528,0,0,0.885902,0.259958,0,0.66528,12.849,1,1.7307,0.36288,0,36.2949,4.32401,30.6031,0.84672,12.849,0.84672,3695.15,0,36.966,0.42336,1.30596,2.00195,4.97265,1.20187,6.65533,0.42336,36.966,0.42336,423.524,0,1.02816,0,0,2.33412,1.30596,1.028160,1,0,37.2584,0,0,0,37.2584,0
13.3129,1.60398,0,0,3.11191,0.140853,0.36288,3.6288,45.3483,0.66528,0,0,1.12965,0.259862,0,0.66528,12.849,1,1.67438,0.36288,0,34.8388,4.32401,29.2033,0.84672,12.849,0.84672,3695.15,0,36.966,0.42336,2.6107,2.002,5.6065,1.20187,8.59397,0.42336,36.966,0.42336,423.524,0,1.02816,0,0,3.63886,2.6107,1.028160,1,0,37.7973,0,0,0,37.7973,0
14.1162,1.52652,0,0,2.83719,0.144531,0.36288,3.6288,45.3679,0.66528,0,0,0.940598,0.255673,0,0.66528,12.849,1,1.47332,0.36288,0,42.6806,4.25553,37.3147,0.84672,12.849,0.84672,3695.15,0,36.966,0.42336,1.5967,2.00206,6.85335,1.168,8.86075,0.42336,36.966,0.42336,423.524,0,1.02816,0,0,2.62486,1.5967,1.028160,1,0,46.1754,0,0,0,46.1754,0
15.5553,1.57054,0,0,3.5228,0.150234,0.36288,3.6288,45.0129,0.66528,0,0,0.537838,0.227596,0,0.66528,12.849,1,1.42955,0.36288,0,64.2856,3.84468,59.3742,0.84672,12.849,0.84672,3695.15,0,36.966,0.42336,0.888693,1.94986,8.99104,0.964758,10.4415,0.42336,36.966,0.42336,423.524,0,1.02816,0,0,1.91685,0.888693,1.028160,1,0,69.8157,0,0,0,69.8157,0
16.4714,1.64311,0,0,3.07692,0.154876,0.36288,3.6288,46.7923,0.66528,0,0,2.67154,0.226843,0,0.66528,12.849,1,1.35724,0.36288,0,80.9732,3.84468,76.1342,0.84672,12.849,0.84672,3695.15,0,36.966,0.42336,4.24075,1.94991,12.3035,0.964758,17.106,0.42336,36.966,0.42336,423.524,0,1.02816,0,0,5.26891,4.24075,1.028160,1,0,93.2402,0,0,0,93.2402,0
17.2166,1.68566,0,0,2.9605,0.166725,0.36288,3.6288,47.3447,0.66528,0,0,1.44691,0.229216,0,0.66528,12.849,1,1.31495,0.36288,0,74.2267,4.09548,69.1791,0.84672,12.849,0.84672,3695.15,0,36.966,0.42336,2.08693,1.94996,8.24118,1.07019,10.7845,0.42336,36.966,0.42336,423.524,0,1.02816,0,0,3.11509,2.08693,1.028160,1,0,79.9636,0,0,0,79.9636,0
16.8706,1.7184,0,0,1.92683,0.191625,0.36288,3.6288,47.2516,0.66528,0,0,0.79892,0.226784,0,0.66528,12.849,1,1.28246,0.36288,0,34.0896,4.72248,28.4476,0.84672,12.849,0.84672,3695.15,0,36.966,0.42336,1.41281,1.95,5.52656,1.33378,7.13223,0.42336,36.966,0.42336,423.524,0,1.02816,0,0,2.44097,1.41281,1.028160,1,0,35.5798,0,0,0,35.5798,0
20.5638,1.70347,0,0,5.94022,0.18066,0.36288,3.6288,48.1941,0.66528,0,0,1.82104,0.213225,0,0.66528,12.849,1,1.2974,0.36288,0,127.577,4.76141,121.881,0.84672,12.849,0.84672,3695.15,0,36.966,0.42336,1.91585,1.95005,12.0073,1.28899,14.1608,0.42336,36.966,0.42336,423.524,0,1.02816,0,0,2.94401,1.91585,1.028160,1,0,136.042,0,0,0,136.042,0
27.5439,1.91304,0,0,9.44222,0.186131,0.36288,3.6288,49.8454,0.66528,0,0,2.52605,0.209515,0,0.66528,12.849,1,1.19534,0.36288,0,153.718,4.77697,148.108,0.84672,12.849,0.84672,3695.15,0,36.966,0.42336,3.89696,1.95005,17.6329,1.27107,21.7855,0.42336,36.966,0.42336,423.524,0,1.02816,0,0,4.92512,3.89696,1.028160,1,0,169.894,0,0,0,169.894,0
34.94,2.11976,0,0,10.0839,0.205219,0.36288,3.6288,51.3405,0.66528,0,0,2.37282,0.212393,0,0.66528,12.849,1,0.988851,0.36288,0,186.189,4.77697,180.786,0.84672,12.849,0.84672,3695.15,0,36.966,0.42336,3.73314,1.9702,16.4881,1.27107,20.497,0.42336,36.966,0.42336,423.524,0,1.02816,0,0,4.7613,3.73314,1.028160,1,0,201.283,0,0,0,201.283,0
39.9872,2.27297,0,0,7.90888,0.225854,0.36288,3.6288,52.6456,0.66528,0,0,2.18537,0.214999,0,0.66528,12.849,1,0.835874,0.36288,0,146.87,4.77697,141.62,0.84672,12.849,0.84672,3695.15,0,36.966,0.42336,3.38241,1.97024,16.2128,1.27107,19.871,0.42336,36.966,0.42336,423.524,0,1.02816,0,0,4.41057,3.38241,1.028160,1,0,161.491,0,0,0,161.491,0
45.7512,2.353,0,0,8.69512,0.215228,0.36288,3.6288,54.6866,0.66528,0,0,2.90491,0.198616,0,0.66528,12.849,1,0.756083,0.36288,0,158.939,4.07713,154.469,0.84672,12.849,0.84672,3695.15,0,36.966,0.42336,3.20943,1.97029,13.1004,1.10526,16.7515,0.42336,36.966,0.42336,423.524,0,1.02816,0,0,4.23759,3.20943,1.028160,1,0,171.22,0,0,0,171.22,0
51.9136,2.69656,0,0,9.4379,0.216063,0.36288,3.6288,56.4676,0.66528,0,0,2.69038,0.244094,0,0.66528,12.849,1,0.757316,0.36288,0,135.635,4.67995,130.561,0.84672,12.849,0.84672,3695.15,0,36.966,0.42336,2.34908,1.97033,13.7519,1.35851,16.2894,0.42336,36.966,0.42336,423.524,0,1.02816,0,0,3.37724,2.34908,1.028160,1,0,146.85,0,0,0,146.85,0
55.9181,2.76883,0,0,7.36707,0.230899,0.36288,3.6288,58.501,0.66528,0,0,2.94557,0.246962,0,0.66528,12.849,1,0.685305,0.36288,0,157.507,4.67995,152.505,0.84672,12.849,0.84672,3695.15,0,36.966,0.42336,4.39646,2.03495,16.206,1.35851,20.8556,0.42336,36.966,0.42336,423.524,0,1.02816,0,0,5.42462,4.39646,1.028160,1,0,173.36,0,0,0,173.36,0
61.4703,2.80894,0,0,8.96451,0.240483,0.36288,3.6288,61.308,0.66528,0,0,4.21911,0.250237,0.496556,0.66528,12.849,1,0.645446,0.36288,0,230.272,4.67995,225.31,0.84672,12.849,0.84672,3695.15,0,36.966,0.42336,5.6102,2.03499,24.9431,1.35851,30.8064,0.42336,36.966,0.42336,423.524,0,1.02816,0,0,6.63836,5.6102,1.028160,1,0,256.613,0,0,0,256.613,0
68.2695,2.85737,0,0,10.2995,0.280026,0.36288,3.6288,61.308,0.66528,0,0,4.36899,0.21557,3.48814,0.66528,12.849,1,0.59727,0.36288,0,238.524,4.35037,233.94,0.84672,12.849,0.84672,3695.15,0,36.966,0.42336,7.78343,2.03504,30.4075,1.08559,38.7171,0.42336,36.966,0.42336,423.524,0,1.02816,0,0,8.81159,7.78343,1.028160,1,0,276.145,0,0,0,276.145,0
72.29,2.49392,0,0,9.99873,0.314601,3.16967,3.6288,61.308,0.66528,0,0,3.98288,0.242439,3.07516,0.66528,12.849,1,0.469381,3.16967,0,192.406,4.23896,190.867,0.84672,12.849,0.84672,3695.15,0,36.966,0.42336,6.06271,2.03509,21.8772,0.986304,28.5653,0.42336,36.966,0.42336,423.524,0,1.02816,0,0,7.09087,6.06271,1.028160,1,0,222.508,0,0,0,222.508,0
72.29,2.51628,0,0,8.53096,0.3245,5.69019,3.6288,61.308,0.66528,0,0,3.36998,0.242439,2.46226,0.66528,12.849,1,0.447249,5.69019,0,188.857,4.23896,189.861,0.84672,12.849,0.84672,3695.15,0,36.966,0.42336,4.20708,1.94301,17.1571,0.986304,21.8976,0.42336,36.966,0.42336,423.524,0,1.02816,0,0,5.23524,4.20708,1.028160,1,0,214.221,0,0,0,214.221,0
72.29,2.51646,0,0,9.48914,0.313172,6.6595,3.6288,61.308,0.66528,0,0,3.28133,0.236422,2.37962,0.66528,12.849,1,0.447282,6.6595,0,198.615,4.15176,200.675,0.84672,12.849,0.84672,3695.15,0,36.966,0.42336,5.13509,1.94305,23.1124,0.973779,28.7934,0.42336,36.966,0.42336,423.524,0,1.02816,0,0,6.16325,5.13509,1.028160,1,0,231.848,0,0,0,231.848,0
72.29,2.51665,0,0,8.3192,0.2669,5.53564,3.6288,61.308,0.66528,0,0,2.7782,0.204059,1.90886,0.66528,12.849,1,0.447316,5.53564,0,183.036,3.81396,184.31,0.84672,12.849,0.84672,3695.15,0,36.966,0.42336,4.28612,1.9431,19.7156,0.923553,24.5979,0.42336,36.966,0.42336,423.524,0,1.02816,0,0,5.31428,4.28612,1.028160,1,0,210.817,0,0,0,210.817,0
72.29,2.23717,0,0,4.97489,0.297425,2.4403,3.6288,61.308,0.66528,0,0,3.01093,0.191132,2.15452,0.66528,12.849,1,0.39764,2.4403,0,94.8482,4.50419,92.3867,0.84672,12.849,0.84672,3695.15,0,36.966,0.42336,3.38747,1.94314,14.0766,1.00257,17.9813,0.42336,36.966,0.42336,423.524,0,1.02816,0,0,4.41563,3.38747,1.028160,1,0,112.522,0,0,0,112.522,0
72.29,2.33222,0,0,6.62037,0.293472,3.99468,3.6288,61.308,0.66528,0,0,4.42035,0.187422,3.56765,0.66528,12.849,1,0.414535,3.99468,0,125.245,4.54198,124.283,0.84672,12.849,0.84672,3695.15,0,36.966,0.42336,6.01711,1.88145,21.3603,1.00535,27.8302,0.42336,36.966,0.42336,423.524,0,1.02816,0,0,7.04527,6.01711,1.028160,1,0,155.681,0,0,0,155.681,0
72.29,2.3324,0,0,5.05519,0.293472,2.42932,3.6288,61.308,0.66528,0,0,3.72034,0.187422,2.86764,0.66528,12.849,1,0.414566,2.42932,0,93.3466,4.54198,90.8193,0.84672,12.849,0.84672,3695.15,0,36.966,0.42336,4.08799,1.90243,17.1935,1.00535,21.7552,0.42336,36.966,0.42336,423.524,0,1.02816,0,0,5.11615,4.08799,1.028160,1,0,115.442,0,0,0,115.442,0
72.29,2.33257,0,0,4.10765,0.293472,1.4816,3.6288,61.308,0.66528,0,0,2.92857,0.187422,2.07587,0.66528,12.849,1,0.414597,1.4816,0,74.5563,4.54198,71.0813,0.84672,12.849,0.84672,3695.15,0,36.966,0.42336,3.16192,1.90247,13.1232,1.00535,16.7589,0.42336,36.966,0.42336,423.524,0,1.02816,0,0,4.19008,3.16192,1.028160,1,0,89.9161,0,0,0,89.9161,0
72.29,2.33275,0,0,3.8705,0.216574,1.32117,3.6288,61.308,0.66528,0,0,2.87054,0.191742,2.01351,0.66528,12.849,1,0.414629,1.32117,0,82.0014,4.44723,78.4607,0.84672,12.849,0.84672,3695.15,0,36.966,0.42336,3.38736,1.90251,12.1511,1.01936,15.9983,0.42336,36.966,0.42336,423.524,0,1.02816,0,0,4.41552,3.38736,1.028160,1,0,96.4725,0,0,0,96.4725,0
72.29,2.29582,0,0,3.43494,0.216011,0.923114,3.6288,61.308,0.66528,0,0,1.94169,0.174814,1.1016,0.66528,12.849,1,0.408064,0.923114,0,82.7824,4.26919,79.0283,0.84672,12.849,0.84672,3695.15,0,36.966,0.42336,2.09661,1.90255,8.86222,1.00608,11.4319,0.42336,36.966,0.42336,423.524,0,1.02816,0,0,3.12477,2.09661,1.028160,1,0,91.5618,0,0,0,91.5618,0
72.29,2.29599,0,0,3.0947,0.216011,0.582697,3.6288,61.308,0.66528,0,0,1.93317,0.174814,1.09308,0.66528,12.849,1,0.408095,0.582697,0,77.4636,4.26919,73.3691,0.84672,12.849,0.84672,3695.15,0,36.966,0.42336,1.96611,1.8944,7.98785,1.00608,10.4189,0.42336,36.966,0.42336,423.524,0,1.02816,0,0,2.99427,1.96611,1.028160,1,0,84.881,0,0,0,84.881,0
72.29,2.29617,0,0,3.70309,0.216011,1.19091,3.6288,61.308,0.66528,0,0,1.9895,0.174814,1.1494,0.66528,12.849,1,0.408126,1.19091,0,86.2255,4.26919,82.7391,0.84672,12.849,0.84672,3695.15,0,36.966,0.42336,2.09895,1.89444,10.4339,1.00608,12.9979,0.42336,36.966,0.42336,423.524,0,1.02816,0,0,3.12711,2.09895,1.028160,1,0,96.8863,0,0,0,96.8863,0
72.29,2.29634,0,0,3.10611,0.1945,0.615265,3.6288,61.308,0.66528,0,0,1.8337,0.169219,0.999202,0.66528,12.849,1,0.408157,0.615265,0,71.1289,4.0023,67.3337,0.84672,12.849,0.84672,3695.15,0,36.966,0.42336,1.83195,1.89447,8.73677,0.96019,11.0796,0.42336,36.966,0.42336,423.524,0,1.02816,0,0,2.86011,1.83195,1.028160,1,0,79.4125,0,0,0,79.4125,0
71.6215,2.72214,0,0,2.58618,0.1697,0.36288,3.6288,61.308,0.66528,0,0,1.82736,0.184667,0.977413,0.66528,12.849,1,0.48384,0.36288,0,50.3544,4.58196,45.6514,0.84672,12.849,0.84672,3695.15,0,36.966,0.42336,1.52575,1.89451,6.95408,0.925649,9.02534,0.42336,36.966,0.42336,423.524,0,1.02816,0,0,2.55391,1.52575,1.028160,1,0,55.6542,0,0,0,55.6542,0
71.2436,2.41928,0,0,2.4786,0.0743042,0.36288,3.6288,61.308,0.66528,0,0,1.68502,0.21846,0.801285,0.66528,12.849,1,0.434023,0.36288,0,50.6673,5.03538,45.5608,0.84672,12.849,0.84672,3695.15,0,36.966,0.42336,1.46534,1.98849,6.86353,1.01687,8.87712,0.42336,36.966,0.42336,423.524,0,1.02816,0,0,2.4935,1.46534,1.028160,1,0,55.2392,0,0,0,55.2392,0
70.6193,2.41751,0,0,2.2302,0.0740901,0.36288,3.6288,61.308,0.66528,0,0,1.36661,0.21846,0.482875,0.66528,12.849,1,0.436006,0.36288,0,45.5159,5.03538,40.4074,0.84672,12.849,0.84672,3695.15,0,36.966,0.42336,1.07518,1.9224,5.95769,1.01687,7.51504,0.42336,36.966,0.42336,423.524,0,1.02816,0,0,2.10334,1.07518,1.028160,1,0,48.4053,0,0,0,48.4053,0
69.6304,2.71306,0,0,2.16079,0.0737363,0.36288,3.6288,61.308,0.66528,0,0,1.10624,0.21846,0.2225,0.66528,12.849,1,0.493634,0.36288,0,41.5779,5.03538,36.4118,0.84672,12.849,0.84672,3695.15,0,36.966,0.42336,0.954953,1.92244,5.75961,1.01687,7.19677,0.42336,36.966,0.42336,423.524,0,1.02816,0,0,1.98311,0.954953,1.028160,1,0,43.8311,0,0,0,43.8311,0
68.9525,2.70734,0,0,2.54344,0.151196,0.36288,3.6288,61.308,0.66528,0,0,1.43281,0.259271,0.508255,0.66528,12.849,1,0.49959,0.36288,0,58.7079,5.15577,53.4155,0.84672,12.849,0.84672,3695.15,0,36.966,0.42336,1.48043,1.98862,8.38184,1.21649,10.211,0.42336,36.966,0.42336,423.524,0,1.02816,0,0,2.50859,1.48043,1.028160,1,0,64.1348,0,0,0,64.1348,0
68.312,2.67599,0,0,2.47934,0.0809224,0.36288,3.6288,61.308,0.66528,0,0,1.50494,0.28052,0.559141,0.66528,12.849,1,0.49866,0.36288,0,58.5433,5.14521,53.2624,0.84672,12.849,0.84672,3695.15,0,36.966,0.42336,1.57133,1.98867,9.01066,1.26597,10.8813,0.42336,36.966,0.42336,423.524,0,1.02816,0,0,2.59949,1.57133,1.028160,1,0,64.7028,0,0,0,64.7028,0
67.485,2.67226,0,0,2.28868,0.0805835,0.36288,3.6288,61.308,0.66528,0,0,1.48925,0.28052,0.543451,0.66528,12.849,1,0.502632,0.36288,0,53.5293,5.14521,48.2443,0.84672,12.849,0.84672,3695.15,0,36.966,0.42336,1.51686,1.98262,8.26701,1.26597,10.0772,0.42336,36.966,0.42336,423.524,0,1.02816,0,0,2.54502,1.51686,1.028160,1,0,58.8649,0,0,0,58.8649,0
66.514,2.66728,0,0,2.13919,0.0799979,0.36288,3.6288,61.308,0.66528,0,0,1.49823,0.28052,0.552428,0.66528,12.849,1,0.507845,0.36288,0,49.768,5.14521,44.4779,0.84672,12.849,0.84672,3695.15,0,36.966,0.42336,1.63051,1.98266,7.99114,1.26597,9.91498,0.42336,36.966,0.42336,423.524,0,1.02816,0,0,2.65867,1.63051,1.028160,1,0,54.9453,0,0,0,54.9453,0
65.349,2.66126,0,0,1.94644,0.087282,0.36288,3.6288,61.308,0.66528,0,0,1.22974,0.290177,0.274282,0.66528,12.849,1,0.514096,0.36288,0,44.2467,5.37548,38.72,0.84672,12.849,0.84672,3695.15,0,36.966,0.42336,1.16178,1.98271,6.64024,1.31508,8.04628,0.42336,36.966,0.42336,423.524,0,1.02816,0,0,2.18994,1.16178,1.028160,1,0,47.0406,0,0,0,47.0406,0
64.1691,2.72399,0,0,1.98288,0.0759003,0.36288,3.6288,61.308,0.66528,0,0,1.20344,0.307787,0.230373,0.66528,12.849,1,0.535595,0.36288,0,49.324,5.65824,43.4931,0.84672,12.849,0.84672,3695.15,0,36.966,0.42336,0.929163,1.98275,5.58642,1.43719,6.63778,0.42336,36.966,0.42336,423.524,0,1.02816,0,0,1.95732,0.929163,1.028160,1,0,50.3612,0,0,0,50.3612,0
62.8943,2.71599,0,0,1.87927,0.075183,0.36288,3.6288,61.308,0.66528,0,0,1.07663,0.307787,0.103563,0.66528,12.849,1,0.54384,0.36288,0,43.5819,5.65824,37.7427,0.84672,12.849,0.84672,3695.15,0,36.966,0.42336,1.11992,1.99854,5.83481,1.43719,7.09271,0.42336,36.966,0.42336,423.524,0,1.02816,0,0,2.14808,1.11992,1.028160,1,0,44.939,0,0,0,44.939,0
61.5068,2.70704,0,0,1.75678,0.074408,0.36288,3.6288,61.308,0.66528,0,0,0.996132,0.307787,0.0230644,0.66528,12.849,1,0.553034,0.36288,0,41.44,5.65824,35.5916,0.84672,12.849,0.84672,3695.15,0,36.966,0.42336,0.935099,1.99858,5.11983,1.43719,6.19296,0.42336,36.966,0.42336,423.524,0,1.02816,0,0,1.96326,0.935099,1.028160,1,0,41.8077,0,0,0,41.8077,0
60.1066,2.69692,0,0,1.73318,0.0735645,0.36288,3.6288,61.308,0.66528,0,0,1.07773,0.307787,0.104661,0.66528,12.849,1,0.563396,0.36288,0,38.4521,5.65824,32.5934,0.84672,12.849,0.84672,3695.15,0,36.966,0.42336,1.06742,1.99863,5.78993,1.43719,6.99543,0.42336,36.966,0.42336,423.524,0,1.02816,0,0,2.09558,1.06742,1.028160,1,0,39.6935,0,0,0,39.6935,0
58.4891,2.889,0,0,1.70759,0.0732004,0.36288,3.6288,61.1679,0.66528,0,0,0.873452,0.348236,0,0.66528,12.849,1,0.617583,0.36288,0,34.4434,6.00873,28.1799,0.84672,12.849,0.84672,3695.15,0,36.966,0.42336,1.00593,1.99867,3.732,1.45222,4.86102,0.42336,36.966,0.42336,423.524,0,1.02816,0,0,2.03409,1.00593,1.028160,1,0,33.0409,0,0,0,33.0409,0
56.6774,2.87521,0,0,1.49849,0.0720692,0.36288,3.6288,60.9974,0.66528,0,0,0.842659,0.347927,0,0.66528,12.849,1,0.631632,0.36288,0,43.7837,6.00873,37.5062,0.84672,12.849,0.84672,3695.15,0,36.966,0.42336,0.915304,2.04482,3.58378,1.45222,4.66833,0.42336,36.966,0.42336,423.524,0,1.02816,0,0,1.94346,0.915304,1.028160,1,0,42.1746,0,0,0,42.1746,0
54.9152,2.85896,0,0,1.53041,0.0708023,0.36288,3.6288,60.9512,0.66528,0,0,0.966609,0.347552,0,0.66528,12.849,1,0.648138,0.36288,0,37.9274,6.00873,31.6335,0.84672,12.849,0.84672,3695.15,0,36.966,0.42336,1.02547,2.04487,3.72166,1.45222,4.91643,0.42336,36.966,0.42336,423.524,0,1.02816,0,0,2.05363,1.02547,1.028160,1,0,36.5499,0,0,0,36.5499,0
53.1835,2.84232,0,0,1.54418,0.0706634,0.36288,3.6288,60.9192,0.66528,0,0,0.973927,0.340571,0,0.66528,12.849,1,0.665042,0.36288,0,38.4835,5.82389,32.3575,0.84672,12.849,0.84672,3695.15,0,36.966,0.42336,1.5272,2.04492,4.76025,1.38026,6.52875,0.42336,36.966,0.42336,423.524,0,1.02816,0,0,2.55536,1.5272,1.028160,1,0,38.8862,0,0,0,38.8862,0
51.3786,2.82508,0,0,1.42047,0.0374544,0.36288,3.6288,60.625,0.66528,0,0,0.758091,0.387037,0,0.66528,12.849,1,0.682533,0.36288,0,25.5223,6.42309,18.7796,0.84672,12.849,0.84672,3695.15,0,36.966,0.42336,0.948724,2.04497,3.11483,1.47647,4.20869,0.42336,36.966,0.42336,423.524,0,1.02816,0,0,1.97688,0.948724,1.028160,1,0,22.9882,0,0,0,22.9882,0
49.5503,2.71016,0,0,1.36087,0.116062,0.36288,3.6288,60.4172,0.66528,0,0,0.802267,0.344775,0,0.66528,12.849,1,0.67777,0.36288,0,22.9948,5.2145,17.4655,0.84672,12.849,0.84672,3695.15,0,36.966,0.42336,1.05419,2.04502,2.38281,1.21109,3.84756,0.42336,36.966,0.42336,423.524,0,1.02816,0,0,2.08235,1.05419,1.028160,1,0,21.313,0,0,0,21.313,0
47.9161,2.6905,0,0,1.56307,0.143954,0.36288,3.6288,60.5094,0.66528,0,0,1.0949,0.337407,0,0.66528,12.849,1,0.697679,0.36288,0,23.2377,4.99412,17.9088,0.84672,12.849,0.84672,3695.15,0,36.966,0.42336,1.54708,2.02259,3.30436,1.18603,5.26463,0.42336,36.966,0.42336,423.524,0,1.02816,0,0,2.57524,1.54708,1.028160,1,0,23.1734,0,0,0,23.1734,0
46.2364,2.67193,0,0,1.49661,0.14143,0.36288,3.6288,60.5805,0.66528,0,0,1.07391,0.337605,0,0.66528,12.849,1,0.716496,0.36288,0,30.9835,4.99412,25.6357,0.84672,12.849,0.84672,3695.15,0,36.966,0.42336,1.47694,2.02263,3.30351,1.18603,5.19369,0.42336,36.966,0.42336,423.524,0,1.02816,0,0,2.5051,1.47694,1.028160,1,0,30.8294,0,0,0,30.8294,0
44.7439,2.65176,0,0,1.66814,0.145997,0.36288,3.6288,60.8025,0.66528,0,0,1.19067,0.303318,0,0.66528,12.849,1,0.736918,0.36288,0,42.7232,4.69886,37.6503,0.84672,12.849,0.84672,3695.15,0,36.966,0.42336,1.60567,2.02268,3.74766,1.13609,5.81657,0.42336,36.966,0.42336,423.524,0,1.02816,0,0,2.63383,1.60567,1.028160,1,0,43.4668,0,0,0,43.4668,0
43.486,2.55635,0,0,1.82248,0.161178,0.36288,3.6288,60.1825,0.878869,0,0,0.476342,0.217527,0,0.66528,12.849,1,0.734099,0.36288,0,29.4954,3.96071,25.1635,0.84672,12.849,0.84672,3695.15,0,36.966,0.42336,0.216518,2.02273,2.26691,1.01122,3.07158,0.42336,36.966,0.42336,423.524,0,0.814571,0,0,1.03109,0.216518,1.028160,1,0,28.2351,0,0,0,28.2351,0
42.3007,2.54014,0,0,1.87657,0.158884,0.36288,3.6288,59.9953,0.66528,0,0,0.694755,0.216672,0,0.66528,12.849,1,0.750547,0.36288,0,29.9258,3.96071,25.5774,0.84672,12.849,0.84672,3695.15,0,36.966,0.42336,1.00966,2.00432,3.11927,1.01122,4.69867,0.42336,36.966,0.42336,423.524,0,1.02816,0,0,2.03782,1.00966,1.028160,1,0,30.2761,0,0,0,30.2761,0
44.5165,2.5242,0,0,5.25962,0.156723,0.36288,3.6288,61.1938,0.66528,0,0,2.08016,0.216413,0,0.66528,12.849,1,0.766735,0.36288,0,92.6917,3.96071,88.3271,0.84672,12.849,0.84672,3695.15,0,36.966,0.42336,3.10784,2.00436,6.47553,1.01122,10.1532,0.42336,36.966,0.42336,423.524,0,1.02816,0,0,4.136,3.10784,1.028160,1,0,98.4803,0,0,0,98.4803,0
44.7894,2.554,0,0,3.38563,0.195885,0.36288,3.6288,61.308,0.66528,0,0,1.25641,0.186764,0.29012,0.66528,12.849,1,0.737173,0.36288,0,57.7412,3.5254,53.8415,0.84672,12.849,0.84672,3695.15,0,36.966,0.42336,0.432769,2.00441,3.85117,0.887913,4.97707,0.42336,36.966,0.42336,423.524,0,1.02816,0,0,1.46093,0.432769,1.028160,1,0,59.1087,0,0,0,59.1087,0
44.3056,2.34028,0,0,2.35049,0.131034,0.36288,3.6288,61.308,0.66528,0,0,0.919175,0.227391,0.0265043,0.66528,12.849,1,0.671371,0.36288,0,48.4559,3.91852,44.2289,0.84672,12.849,0.84672,3695.15,0,36.966,0.42336,1.01816,2.00446,5.12571,1.04204,6.68292,0.42336,36.966,0.42336,423.524,0,1.02816,0,0,2.04632,1.01816,1.028160,1,0,50.9383,0,0,0,50.9383,0
44.8022,2.33477,0,0,3.38666,0.192488,0.36288,3.6288,61.308,0.66528,0,0,1.63452,0.20928,0.759955,0.66528,12.849,1,0.677104,0.36288,0,87.0387,3.89655,82.8279,0.84672,12.849,0.84672,3695.15,0,36.966,0.42336,2.21441,1.95207,6.32779,1.01701,9.05391,0.42336,36.966,0.42336,423.524,0,1.02816,0,0,3.24257,2.21441,1.028160,1,0,92.6418,0,0,0,92.6418,0
50.8888,2.34078,0,0,8.98386,0.193575,0.36288,3.6288,61.308,0.66528,0,0,2.08342,0.20928,1.20886,0.66528,12.849,1,0.671322,0.36288,0,90.218,3.89655,86.013,0.84672,12.849,0.84672,3695.15,0,36.966,0.42336,2.87658,1.95212,8.05576,1.01701,11.4441,0.42336,36.966,0.42336,423.524,0,1.02816,0,0,3.90474,2.87658,1.028160,1,0,98.666,0,0,0,98.666,0
54.2134,2.40507,0,0,6.29943,0.206867,0.36288,3.6288,61.308,0.66528,0,0,1.53586,0.20928,0.661304,0.66528,12.849,1,0.60726,0.36288,0,167.937,3.89655,163.796,0.84672,12.849,0.84672,3695.15,0,36.966,0.42336,2.06323,1.95216,7.07106,1.01701,9.64609,0.42336,36.966,0.42336,423.524,0,1.02816,0,0,3.09139,2.06323,1.028160,1,0,174.103,0,0,0,174.103,0
57.1922,2.43536,0,0,6.02094,0.243911,0.36288,3.6288,61.308,0.66528,0,0,2.09746,0.216009,1.21617,0.66528,12.849,1,0.577198,0.36288,0,130.62,4.20518,126.2,0.84672,12.849,0.84672,3695.15,0,36.966,0.42336,2.32813,1.9522,7.60052,0.997234,10.4603,0.42336,36.966,0.42336,423.524,0,1.02816,0,0,3.35629,2.32813,1.028160,1,0,137.876,0,0,0,137.876,0
60.0829,2.54797,0,0,6.06732,0.265809,0.36288,3.6288,61.308,0.66528,0,0,2.48244,0.233376,1.58378,0.66528,12.849,1,0.572436,0.36288,0,183.675,4.31781,179.148,0.84672,12.849,0.84672,3695.15,0,36.966,0.42336,2.51425,1.95224,8.33619,1.08352,11.2958,0.42336,36.966,0.42336,423.524,0,1.02816,0,0,3.54241,2.51425,1.028160,1,0,192.027,0,0,0,192.027,0
61.0347,2.57082,0,0,4.17708,0.291535,0.36288,3.6288,61.308,0.66528,0,0,1.63372,0.228021,0.740419,0.66528,12.849,1,0.549782,0.36288,0,113.925,4.37478,109.364,0.84672,12.849,0.84672,3695.15,0,36.966,0.42336,1.37045,1.97245,5.7369,1.18286,7.47359,0.42336,36.966,0.42336,423.524,0,1.02816,0,0,2.39861,1.37045,1.028160,1,0,117.578,0,0,0,117.578,0
64.3425,2.57807,0,0,6.51414,0.265429,0.36288,3.6288,61.308,0.66528,0,0,1.86605,0.252646,0.948123,0.66528,12.849,1,0.542734,0.36288,0,112.466,4.5222,107.764,0.84672,12.849,0.84672,3695.15,0,36.966,0.42336,1.7564,1.97249,5.90331,1.33054,7.87831,0.42336,36.966,0.42336,423.524,0,1.02816,0,0,2.78456,1.7564,1.028160,1,0,116.59,0,0,0,116.59,0
66.1688,2.60149,0,0,5.03689,0.246135,0.36288,3.6288,61.308,0.66528,0,0,1.74871,0.242707,0.840723,0.66528,12.849,1,0.519511,0.36288,0,118.385,4.1561,114.073,0.84672,12.849,0.84672,3695.15,0,36.966,0.42336,1.51728,1.97253,5.79361,1.16598,7.69408,0.42336,36.966,0.42336,423.524,0,1.02816,0,0,2.54544,1.51728,1.028160,1,0,122.607,0,0,0,122.607,0
67.3717,2.90318,0,0,4.7478,0.27892,0.36288,3.6288,61.308,0.66528,0,0,1.57368,0.23637,0.672031,0.66528,12.849,1,0.563754,0.36288,0,99.1466,3.97677,94.9689,0.84672,12.849,0.84672,3695.15,0,36.966,0.42336,0.996348,1.97257,6.16449,1.01258,7.69747,0.42336,36.966,0.42336,423.524,0,1.02816,0,0,2.02451,0.996348,1.028160,1,0,103.338,0,0,0,103.338,0
67.7484,2.91181,0,0,3.93301,0.28159,0.36288,3.6288,61.308,0.66528,0,0,1.60492,0.23637,0.703273,0.66528,12.849,1,0.555336,0.36288,0,107.332,3.97677,103.163,0.84672,12.849,0.84672,3695.15,0,36.966,0.42336,1.05283,2.03739,5.93399,1.01258,7.58827,0.42336,36.966,0.42336,423.524,0,1.02816,0,0,2.08099,1.05283,1.028160,1,0,111.454,0,0,0,111.454,0
69.4461,2.91459,0,0,5.25766,0.282426,0.36288,3.6288,61.308,0.66528,0,0,1.71864,0.23637,0.816992,0.66528,12.849,1,0.552775,0.36288,0,105.698,3.97677,101.532,0.84672,12.849,0.84672,3695.15,0,36.966,0.42336,1.23585,2.03743,7.88478,1.01258,9.72212,0.42336,36.966,0.42336,423.524,0,1.02816,0,0,2.26401,1.23585,1.028160,1,0,112.071,0,0,0,112.071,0
71.3816,2.92618,0,0,5.53532,0.310786,0.36288,3.6288,61.308,0.66528,0,0,2.30821,0.185495,1.45744,0.66528,12.849,1,0.541406,0.36288,0,127.497,3.1525,124.166,0.84672,12.849,0.84672,3695.15,0,36.966,0.42336,1.58389,2.03747,10.8747,0.831337,13.2414,0.42336,36.966,0.42336,423.524,0,1.02816,0,0,2.61205,1.58389,1.028160,1,0,138.865,0,0,0,138.865,0
72.29,2.52082,0,0,4.94719,0.311957,1.20602,3.6288,61.308,0.66528,0,0,2.09644,0.211851,1.21931,0.66528,12.849,1,0.453758,1.20602,0,107.124,3.88637,103.99,0.84672,12.849,0.84672,3695.15,0,36.966,0.42336,1.69644,2.03752,10.9554,0.908027,13.358,0.42336,36.966,0.42336,423.524,0,1.02816,0,0,2.7246,1.69644,1.028160,1,0,118.567,0,0,0,118.567,0
72.29,2.52582,0,0,4.04387,0.314122,1.20392,3.6288,61.308,0.66528,0,0,1.7525,0.211851,0.875372,0.66528,12.849,1,0.448946,1.20392,0,93.0286,3.88637,89.8972,0.84672,12.849,0.84672,3695.15,0,36.966,0.42336,1.1247,1.94513,8.31842,0.908027,10.0569,0.42336,36.966,0.42336,423.524,0,1.02816,0,0,2.15286,1.1247,1.028160,1,0,100.829,0,0,0,100.829,0
72.29,2.52599,0,0,5.05248,0.314122,2.21237,3.6288,61.308,0.66528,0,0,2.30199,0.211851,1.42486,0.66528,12.849,1,0.448975,2.21237,0,123.322,3.88637,121.199,0.84672,12.849,0.84672,3695.15,0,36.966,0.42336,1.73692,1.94516,9.4627,0.908027,11.8134,0.42336,36.966,0.42336,423.524,0,1.02816,0,0,2.76508,1.73692,1.028160,1,0,134.437,0,0,0,134.437,0
72.29,2.52615,0,0,6.79279,0.310708,3.95593,3.6288,61.308,0.66528,0,0,2.88122,0.183215,2.03272,0.66528,12.849,1,0.449004,3.95593,0,192.312,3.43809,192.381,0.84672,12.849,0.84672,3695.15,0,36.966,0.42336,2.94348,1.9452,14.3154,0.831252,17.9494,0.42336,36.966,0.42336,423.524,0,1.02816,0,0,3.97164,2.94348,1.028160,1,0,212.363,0,0,0,212.363,0
72.29,2.52631,0,0,4.32887,0.32981,1.47275,3.6288,61.308,0.66528,0,0,1.83187,0.170047,0.996543,0.66528,12.849,1,0.449032,1.47275,0,93.0272,3.44388,90.6071,0.84672,12.849,0.84672,3695.15,0,36.966,0.42336,0.957822,1.94523,7.28567,0.797262,8.9681,0.42336,36.966,0.42336,423.524,0,1.02816,0,0,1.98598,0.957822,1.028160,1,0,100.572,0,0,0,100.572,0
72.2104,2.63192,0,0,3.25325,0.337998,0.36288,3.6288,61.308,0.895389,0,0,1.4752,0.169362,0.410451,0.66528,12.849,1,0.467804,0.36288,0,63.1228,3.51792,59.5,0.84672,12.849,0.84672,3695.15,0,36.966,0.42336,0.558835,1.94527,5.40829,0.79595,6.69308,0.42336,36.966,0.42336,423.524,0,0.798051,0,0,1.35689,0.558835,1.028160,1,0,66.6035,0,0,0,66.6035,0
71.6086,2.63165,0,0,2.73046,0.337794,0.36288,3.6288,61.308,0.718995,0,0,1.18968,0.169362,0.301328,0.66528,12.849,1,0.468271,0.36288,0,43.1314,3.51792,39.5081,0.84672,12.849,0.84672,3695.15,0,36.966,0.42336,0.528595,1.96858,4.36056,0.79595,5.63843,0.42336,36.966,0.42336,423.524,0,0.974445,0,0,1.50304,0.528595,1.028160,1,0,45.4478,0,0,0,45.4478,0
71.1207,2.62848,0,0,2.82371,0.32025,0.36288,3.6288,61.308,0.744535,0,0,1.02961,0.133975,0.151101,0.66528,12.849,1,0.471638,0.36288,0,46.9822,2.81646,44.057,0.84672,12.849,0.84672,3695.15,0,36.966,0.42336,0.528595,1.96861,3.60348,0.697656,4.97967,0.42336,36.966,0.42336,423.524,0,0.948905,0,0,1.4775,0.528595,1.028160,1,0,49.1878,0,0,0,49.1878,0
70.7369,2.62591,0,0,2.90225,0.297282,0.36288,3.6288,61.308,0.675907,0,0,1.06026,0.161475,0.222876,0.66528,12.849,1,0.474409,0.36288,0,47.3504,3.66894,43.5699,0.84672,12.849,0.84672,3695.15,0,36.966,0.42336,0.528595,1.96865,3.22206,0.834442,4.46151,0.42336,36.966,0.42336,423.524,0,1.01753,0,0,1.54613,0.528595,1.028160,1,0,48.2543,0,0,0,48.2543,0
70.2942,2.5828,0,0,2.76463,0.261619,0.36288,3.6288,61.308,0.702294,0,0,1.1352,0.226735,0.206172,0.66528,12.849,1,0.469152,0.36288,0,57.4658,5.14572,52.2138,0.84672,12.849,0.84672,3695.15,0,36.966,0.42336,0.528595,1.96869,3.49989,1.07354,4.50028,0.42336,36.966,0.42336,423.524,0,0.991146,0,0,1.51974,0.528595,1.028160,1,0,56.9202,0,0,0,56.9202,0
69.6404,2.58046,0,0,2.49614,0.206578,0.36288,3.6288,61.308,0.89132,0,0,1.23756,0.209757,0.136483,0.66528,12.849,1,0.47168,0.36288,0,52.127,4.24242,47.7758,0.84672,12.849,0.84672,3695.15,0,36.966,0.42336,0.528595,1.95962,3.30569,0.969594,4.40095,0.42336,36.966,0.42336,423.524,0,0.80212,0,0,1.33072,0.528595,1.028160,1,0,52.3132,0,0,0,52.3132,0
68.8397,2.57689,0,0,2.34457,0.205538,0.36288,3.6288,61.308,0.855636,0,0,1.16578,0.209757,0.100385,0.66528,12.849,1,0.475449,0.36288,0,44.4227,4.24242,40.0677,0.84672,12.849,0.84672,3695.15,0,36.966,0.42336,0.402797,1.95966,3.01541,0.969594,3.98492,0.42336,36.966,0.42336,423.524,0,0.837804,0,0,1.2406,0.402797,1.028160,1,0,44.153,0,0,0,44.153,0
67.9446,2.57239,0,0,2.24443,0.204263,0.36288,3.6288,61.2431,0.946659,0,0,1.09154,0.209757,0,0.66528,12.849,1,0.48014,0.36288,0,41.9516,4.24242,37.5919,0.84672,12.849,0.84672,3695.15,0,36.966,0.42336,0.402797,1.9597,3.00789,0.969594,3.97743,0.42336,36.966,0.42336,423.524,0,0.746781,0,0,1.14958,0.402797,1.028160,1,0,41.5694,0,0,0,41.5694,0
66.8602,2.70591,0,0,2.16905,0.184662,0.36288,3.6288,61.308,0.734486,0,0,1.04523,0.234255,0.0116189,0.66528,12.849,1,0.511715,0.36288,0,43.4548,4.47027,38.8357,0.84672,12.849,0.84672,3695.15,0,36.966,0.42336,0.402797,1.95973,2.6782,1.04564,3.57173,0.42336,36.966,0.42336,423.524,0,0.958954,0,0,1.36175,0.402797,1.028160,1,0,42.419,0,0,0,42.419,0
65.7181,2.69912,0,0,2.10303,0.183091,0.36288,3.6288,61.1443,0.885211,0,0,0.955869,0.234351,0,0.66528,12.849,1,0.518709,0.36288,0,39.9497,4.47027,35.3236,0.84672,12.849,0.84672,3695.15,0,36.966,0.42336,0.402797,1.99067,2.49102,1.04564,3.41549,0.42336,36.966,0.42336,423.524,0,0.808229,0,0,1.21103,0.402797,1.028160,1,0,38.7391,0,0,0,38.7391,0
64.381,2.69175,0,0,1.87165,0.15408,0.36288,3.6288,60.9641,0.834529,0,0,0.907278,0.252976,0,0.66528,12.849,1,0.526283,0.36288,0,35.3423,4.68447,30.4944,0.84672,12.849,0.84672,3695.15,0,36.966,0.42336,0.30119,1.99071,2.42324,1.10037,3.19141,0.42336,36.966,0.42336,423.524,0,0.858911,0,0,1.1601,0.30119,1.028160,1,0,33.6858,0,0,0,33.6858,0
62.9752,2.68281,0,0,1.77203,0.132136,0.36288,3.6288,60.6637,0.903044,0,0,0.869469,0.266822,0,0.66528,12.849,1,0.535428,0.36288,0,33.6756,4.84512,28.6579,0.84672,12.849,0.84672,3695.15,0,36.966,0.42336,0.30119,1.99075,2.3965,1.14142,3.12366,0.42336,36.966,0.42336,423.524,0,0.790396,0,0,1.09159,0.30119,1.028160,1,0,31.7816,0,0,0,31.7816,0
61.3996,2.67305,0,0,1.58204,0.121729,0.36288,3.6288,60.1355,0.976743,0,0,0.700445,0.2519,0,0.66528,12.849,1,0.54539,0.36288,0,26.8842,4.87467,21.827,0.84672,12.849,0.84672,3695.15,0,36.966,0.42336,0.30119,1.99079,2.75129,1.11398,3.50593,0.42336,36.966,0.42336,423.524,0,0.716697,0,0,1.01789,0.30119,1.028160,1,0,25.333,0,0,0,25.333,0
59.7161,2.63468,0,0,1.43072,0.116646,0.36288,3.6288,59.5127,0.997523,0,0,0.620013,0.245309,0,0.66528,12.849,1,0.551354,0.36288,0,24.4176,4.88649,19.3426,0.84672,12.849,0.84672,3695.15,0,36.966,0.42336,0.30119,1.99083,2.86313,1.103,3.62879,0.42336,36.966,0.42336,423.524,0,0.695917,0,0,0.997108,0.30119,1.028160,1,0,22.9714,0,0,0,22.9714,0
57.9151,2.62205,0,0,1.29886,0.114941,0.36288,3.6288,58.7986,1.05542,0,0,0.585719,0.244336,0,0.66528,12.849,1,0.564181,0.36288,0,23.6919,4.88649,18.6041,0.84672,12.849,0.84672,3695.15,0,36.966,0.42336,0.261274,1.98475,2.69132,1.103,3.41098,0.42336,36.966,0.42336,423.524,0,0.638021,0,0,0.899294,0.261274,1.028160,1,0,22.0151,0,0,0,22.0151,0
56.0292,2.60786,0,0,1.18931,0.104498,0.36288,3.6288,57.9989,1.09233,0,0,0.557455,0.264811,0,0.66528,12.849,1,0.578577,0.36288,0,20.8933,5.16879,15.5088,0.84672,12.849,0.84672,3695.15,0,36.966,0.42336,0.261274,1.98479,2.61366,1.20604,3.23032,0.42336,36.966,0.42336,423.524,0,0.601111,0,0,0.862384,0.261274,1.028160,1,0,18.7392,0,0,0,18.7392,0
54.1549,2.59218,0,0,1.16643,0.0857022,0.36288,3.6288,57.0875,1.13143,0,0,0.529981,0.309994,0,0.66528,12.849,1,0.594457,0.36288,0,19.0833,5.8625,12.9893,0.84672,12.849,0.84672,3695.15,0,36.966,0.42336,0.261274,1.98483,2.53135,1.43301,2.92108,0.42336,36.966,0.42336,423.524,0,0.562006,0,0,0.82328,0.261274,1.028160,1,0,15.9103,0,0,0,15.9103,0
52.4045,2.64381,0,0,1.3344,0.0780777,0.36288,3.6288,56.4024,1.06995,0,0,0.690408,0.305523,0,0.66528,12.849,1,0.627282,0.36288,0,24.8996,5.96526,18.67,0.84672,12.849,0.84672,3695.15,0,36.966,0.42336,0.261274,1.98487,2.7948,1.4351,3.18248,0.42336,36.966,0.42336,423.524,0,0.623488,0,0,0.884762,0.261274,1.028160,1,0,21.8524,0,0,0,21.8524,0
50.6025,2.62716,0,0,1.26468,0.0766933,0.36288,3.6288,55.7322,0.983707,0,0,0.617667,0.304164,0,0.66528,12.849,1,0.644149,0.36288,0,22.0008,5.96526,15.7543,0.84672,12.849,0.84672,3695.15,0,36.966,0.42336,0.261274,2.00069,2.91908,1.4351,3.32259,0.42336,36.966,0.42336,423.524,0,0.709733,0,0,0.971006,0.261274,1.028160,1,0,19.0769,0,0,0,19.0769,0
48.7375,2.60903,0,0,1.18225,0.0752681,0.36288,3.6288,54.9675,1.0334,0,0,0.571488,0.302834,0,0.66528,12.849,1,0.662485,0.36288,0,20.9197,5.96526,14.6548,0.84672,12.849,0.84672,3695.15,0,36.966,0.42336,0.227405,2.00073,2.5614,1.4351,2.93107,0.42336,36.966,0.42336,423.524,0,0.660044,0,0,0.887449,0.227405,1.028160,1,0,17.5859,0,0,0,17.5859,0
46.8781,2.58913,0,0,1.16635,0.0737873,0.36288,3.6288,54.3109,0.97359,0,0,0.618295,0.301316,0,0.66528,12.849,1,0.68259,0.36288,0,19.4113,5.96526,13.1263,0.84672,12.849,0.84672,3695.15,0,36.966,0.42336,0.227405,2.00077,2.89664,1.4351,3.26635,0.42336,36.966,0.42336,423.524,0,0.71985,0,0,0.947255,0.227405,1.028160,1,0,16.3927,0,0,0,16.3927,0
44.6498,2.76174,0,0,0.957718,0.0613921,0.36288,3.6288,53.5981,1.00514,0,0,0.581082,0.288694,0,0.66528,12.849,1,0.756977,0.36288,0,20.6018,5.91746,14.2903,0.84672,12.849,0.84672,3695.15,0,36.966,0.42336,0.227405,2.00081,3.43666,1.50875,3.73277,0.42336,36.966,0.42336,423.524,0,0.688297,0,0,0.915702,0.227405,1.028160,1,0,18.023,0,0,0,18.023,0
42.3006,2.73258,0,0,0.808825,0.0625266,0.36288,3.6288,52.7592,1.07387,0,0,0.517496,0.282495,0,0.66528,12.849,1,0.786363,0.36288,0,18.3663,5.82225,12.1206,0.84672,12.849,0.84672,3695.15,0,36.966,0.42336,0.227405,2.0471,3.24927,1.5036,3.59682,0.42336,36.966,0.42336,423.524,0,0.619566,0,0,0.846971,0.227405,1.028160,1,0,15.7174,0,0,0,15.7174,0
40.0836,2.69925,0,0,0.906016,0.0608629,0.36288,3.6288,51.9822,1.0273,0,0,0.53086,0.280608,0,0.66528,12.849,1,0.81991,0.36288,0,18.2561,5.82225,11.9769,0.84672,12.849,0.84672,3695.15,0,36.966,0.42336,0.204422,2.04714,3.48257,1.5036,3.80717,0.42336,36.966,0.42336,423.524,0,0.666135,0,0,0.870558,0.204422,1.028160,1,0,15.784,0,0,0,15.784,0
38.4315,2.66508,0,0,1.45002,0.0742179,0.36288,3.6288,51.5195,0.84024,0,0,0.652424,0.274832,0,0.66528,12.849,1,0.854304,0.36288,0,30.329,5.70351,24.1341,0.84672,12.849,0.84672,3695.15,0,36.966,0.42336,0.204422,2.04718,3.7963,1.48903,4.13551,0.42336,36.966,0.42336,423.524,0,0.8532,0,0,1.05762,0.204422,1.028160,1,0,28.2696,0,0,0,28.2696,0
37.2557,2.63772,0,0,1.90769,0.0828722,0.36288,3.6288,51.3278,0.825051,0,0,0.887397,0.254079,0,0.66528,12.849,1,0.881884,0.36288,0,28.4851,5.56021,22.4059,0.84672,12.849,0.84672,3695.15,0,36.966,0.42336,0.204422,2.04722,4.53643,1.4453,4.91942,0.42336,36.966,0.42336,423.524,0,0.868389,0,0,1.07281,0.204422,1.028160,1,0,27.3253,0,0,0,27.3253,0
36.6779,2.52774,0,0,2.39996,0.0871706,0.36288,3.6288,51.6429,0.66528,0,0,1.22455,0.24422,0,0.66528,12.849,1,0.871783,0.36288,0,19.1217,5.38587,13.2269,0.84672,12.849,0.84672,3695.15,0,36.966,0.42336,0.676711,2.04726,6.47463,1.42249,7.35275,0.42336,36.966,0.42336,423.524,0,1.02816,0,0,1.70487,0.676711,1.028160,1,0,20.5797,0,0,0,20.5797,0
35.2376,2.51772,0,0,1.52696,0.0865759,0.36288,3.6288,51.5939,0.66528,0,0,0.861201,0.244843,0,0.66528,12.849,1,0.882009,0.36288,0,29.1854,5.38587,23.2804,0.84672,12.849,0.84672,3695.15,0,36.966,0.42336,0.343544,2.02476,4.43905,1.42249,4.9615,0.42336,36.966,0.42336,423.524,0,1.02816,0,0,1.3717,0.343544,1.028160,1,0,28.2419,0,0,0,28.2419,0
33.5503,2.49146,0,0,1.25206,0.0850934,0.36288,3.6288,51.1714,0.964198,0,0,0.786413,0.244747,0,0.66528,12.849,1,0.908484,0.36288,0,16.9314,5.38587,10.9999,0.84672,12.849,0.84672,3695.15,0,36.966,0.42336,0.216518,2.0248,3.17218,1.42249,3.56764,0.42336,36.966,0.42336,423.524,0,0.729242,0,0,0.94576,0.216518,1.028160,1,0,14.5675,0,0,0,14.5675,0
32.8697,2.45858,0,0,2.27658,0.13565,0.36288,3.6288,51.1774,0.66528,0,0,0.909123,0.237894,0,0.66528,12.849,1,0.941582,0.36288,0,21.8994,4.8135,16.5072,0.84672,12.849,0.84672,3695.15,0,36.966,0.42336,0.353609,2.02484,5.53442,1.28744,6.20207,0.42336,36.966,0.42336,423.524,0,1.02816,0,0,1.38177,0.353609,1.028160,1,0,22.7092,0,0,0,22.7092,0
35.1627,2.3737,0,0,5.19158,0.161997,0.36288,3.6288,51.9369,0.66528,0,0,1.60656,0.181706,0,0.66528,12.849,1,0.927897,0.36288,0,41.5287,3.96196,37.0017,0.84672,12.849,0.84672,3695.15,0,36.966,0.42336,1.51915,2.02488,6.67787,1.00511,8.79344,0.42336,36.966,0.42336,423.524,0,1.02816,0,0,2.54731,1.51915,1.028160,1,0,45.7951,0,0,0,45.7951,0
35.3976,2.41817,0,0,3.18257,0.166623,0.36288,3.6288,52.4234,0.66528,0,0,1.33455,0.182827,0,0.66528,12.849,1,0.883638,0.36288,0,24.7839,3.96196,20.3012,0.84672,12.849,0.84672,3695.15,0,36.966,0.42336,1.30306,2.00641,6.70905,1.00511,8.59006,0.42336,36.966,0.42336,423.524,0,1.02816,0,0,2.33122,1.30306,1.028160,1,0,28.8913,0,0,0,28.8913,0
37.8247,2.42263,0,0,5.42409,0.211478,0.36288,3.6288,52.8119,0.66528,0,0,1.25687,0.203041,0,0.66528,12.849,1,0.879391,0.36288,0,58.8219,4.30991,53.9955,0.84672,12.849,0.84672,3695.15,0,36.966,0.42336,1.13329,2.00645,8.29665,1.08634,9.92669,0.42336,36.966,0.42336,423.524,0,1.02816,0,0,2.16145,1.13329,1.028160,1,0,63.9222,0,0,0,63.9222,0
45,2.46491,0,0,10.2284,0.225288,0.36288,3.6288,53.1111,0.66528,0,0,1.17142,0.206935,0,0.66528,12.849,1,0.837325,0.36288,0,88.4406,4.36789,83.5983,0.84672,12.849,0.84672,3695.15,0,36.966,0.42336,1.68964,2.00649,7.36493,1.09988,9.53782,0.42336,36.966,0.42336,423.524,0,1.02816,0,0,2.7178,1.68964,1.028160,1,0,93.1361,0,0,0,93.1361,0
47.7566,2.35065,0,0,5.67877,0.208635,0.36288,3.6288,53.5421,0.66528,0,0,1.29679,0.200507,0,0.66528,12.849,1,0.67119,0.36288,0,69.6983,3.79568,65.5943,0.84672,12.849,0.84672,3695.15,0,36.966,0.42336,1.21657,2.00653,7.46461,0.966128,9.29823,0.42336,36.966,0.42336,423.524,0,1.02816,0,0,2.24473,1.21657,1.028160,1,0,74.8925,0,0,0,74.8925,0
50.4024,2.38134,0,0,5.65657,0.266626,0.36288,3.6288,54.074,0.66528,0,0,1.37294,0.175806,0,0.66528,12.849,1,0.640702,0.36288,0,55.8291,3.97079,51.5805,0.84672,12.849,0.84672,3695.15,0,36.966,0.42336,1.13649,1.95398,7.55879,0.965302,9.2606,0.42336,36.966,0.42336,423.524,0,1.02816,0,0,2.16465,1.13649,1.028160,1,0,60.8411,0,0,0,60.8411,0
53.3496,2.40829,0,0,5.99271,0.274318,0.36288,3.6288,54.9394,0.66528,0,0,1.70715,0.176495,0,0.66528,12.849,1,0.613942,0.36288,0,83.1004,3.97079,78.8785,0.84672,12.849,0.84672,3695.15,0,36.966,0.42336,1.26573,1.95402,8.11469,0.965302,9.94578,0.42336,36.966,0.42336,423.524,0,1.02816,0,0,2.29389,1.26573,1.028160,1,0,88.8243,0,0,0,88.8243,0
58.5235,2.43578,0,0,8.25543,0.282831,0.36288,3.6288,56.5645,0.66528,0,0,2.46796,0.177507,0,0.66528,12.849,1,0.586646,0.36288,0,110.86,3.97079,106.665,0.84672,12.849,0.84672,3695.15,0,36.966,0.42336,2.01501,1.95406,11.8123,0.965302,14.3927,0.42336,36.966,0.42336,423.524,0,1.02816,0,0,3.04317,2.01501,1.028160,1,0,121.058,0,0,0,121.058,0
63.5048,2.47847,0,0,8.07572,0.253112,0.36288,3.6288,58.6167,0.66528,0,0,2.9323,0.21488,0,0.66528,12.849,1,0.544154,0.36288,0,144.209,4.51323,139.515,0.84672,12.849,0.84672,3695.15,0,36.966,0.42336,2.87486,1.95409,13.3087,1.27027,16.444,0.42336,36.966,0.42336,423.524,0,1.02816,0,0,3.90302,2.87486,1.028160,1,0,155.959,0,0,0,155.959,0
67.4087,2.6039,0,0,7.1389,0.268226,0.36288,3.6288,58.9265,0.66528,0,0,1.15836,0.183243,0,0.66528,12.849,1,0.526851,0.36288,0,67.2978,3.78063,63.3532,0.84672,12.849,0.84672,3695.15,0,36.966,0.42336,1.77111,1.95413,10.2196,1.0852,12.4363,0.42336,36.966,0.42336,423.524,0,1.02816,0,0,2.79927,1.77111,1.028160,1,0,75.7895,0,0,0,75.7895,0
68.5418,2.62967,0,0,4.40241,0.276739,0.36288,3.6288,58.6683,0.66528,0,0,0.590643,0.183609,0,0.66528,12.849,1,0.501251,0.36288,0,49.7773,3.78063,45.8583,0.84672,12.849,0.84672,3695.15,0,36.966,0.42336,0.901031,1.97439,5.06623,1.0852,6.43309,0.42336,36.966,0.42336,423.524,0,1.02816,0,0,1.92919,0.901031,1.028160,1,0,52.2914,0,0,0,52.2914,0
68.6849,2.63679,0,0,3.42201,0.279209,0.36288,3.6288,58.3543,0.66528,0,0,0.534656,0.183304,0,0.66528,12.849,1,0.494299,0.36288,0,47.9451,3.78063,44.033,0.84672,12.849,0.84672,3695.15,0,36.966,0.42336,0.666878,1.97442,4.27146,1.0852,5.4042,0.42336,36.966,0.42336,423.524,0,1.02816,0,0,1.69504,0.666878,1.028160,1,0,49.4372,0,0,0,49.4372,0
70.0995,2.6378,0,0,4.70153,0.286315,0.36288,3.6288,58.6329,0.66528,0,0,1.13539,0.191511,0,0.66528,12.849,1,0.493457,0.36288,0,91.4625,3.84439,87.4876,0.84672,12.849,0.84672,3695.15,0,36.966,0.42336,1.68866,1.97446,12.8744,1.10746,15.0067,0.42336,36.966,0.42336,423.524,0,1.02816,0,0,2.71682,1.68866,1.028160,1,0,102.494,0,0,0,102.494,0
70.1694,2.93937,0,0,3.66271,0.290573,0.36288,3.6288,58.5157,0.66528,0,0,0.700021,0.151928,0,0.66528,12.849,1,0.538777,0.36288,0,54.5124,3.46164,50.8749,0.84672,12.849,0.84672,3695.15,0,36.966,0.42336,0.939479,1.97449,4.28508,0.807796,5.96789,0.42336,36.966,0.42336,423.524,0,1.02816,0,0,1.96764,0.939479,1.028160,1,0,56.8428,0,0,0,56.8428,0
72.29,2.93998,0,0,6.82995,0.29073,1.47859,3.6288,58.8459,0.66528,0,0,1.14727,0.151814,0,0.66528,12.849,1,0.538352,1.47859,0,148.656,3.46164,146.135,0.84672,12.849,0.84672,3695.15,0,36.966,0.42336,2.2104,2.03949,10.8458,0.807796,13.8645,0.42336,36.966,0.42336,423.524,0,1.02816,0,0,3.23856,2.2104,1.028160,1,0,159.999,0,0,0,159.999,0
72.29,2.95355,0,0,5.66798,0.295484,2.41895,3.6288,58.9601,0.66528,0,0,0.931643,0.152136,0,0.66528,12.849,1,0.52497,2.41895,0,63.0607,3.46164,61.493,0.84672,12.849,0.84672,3695.15,0,36.966,0.42336,1.51593,2.03953,8.20679,0.807796,10.5311,0.42336,36.966,0.42336,423.524,0,1.02816,0,0,2.54409,1.51593,1.028160,1,0,72.0241,0,0,0,72.0241,0
72.29,2.9537,0,0,4.83738,0.302714,1.58096,3.6288,59.1177,0.66528,0,0,0.971335,0.148535,0,0.66528,12.849,1,0.524998,1.58096,0,57.1919,3.48353,54.7643,0.84672,12.849,0.84672,3695.15,0,36.966,0.42336,1.65632,2.03956,8.09628,0.798213,10.5706,0.42336,36.966,0.42336,423.524,0,1.02816,0,0,2.68448,1.65632,1.028160,1,0,65.3349,0,0,0,65.3349,0
72.29,2.53387,0,0,7.70307,0.350265,4.81893,3.6288,61.308,0.66528,0,0,3.18517,0.128538,0.201016,0.66528,12.849,1,0.450377,4.81893,0,120.168,3.24229,121.294,0.84672,12.849,0.84672,3695.15,0,36.966,0.42336,3.53656,2.0396,17.3731,0.795053,21.7309,0.42336,36.966,0.42336,423.524,0,1.02816,0,0,4.56472,3.53656,1.028160,1,0,143.226,0,0,0,143.226,0
72.29,2.53401,0,0,6.23598,0.350265,3.35171,3.6288,61.308,0.66528,0,0,2.25116,0.130343,1.45554,0.66528,12.849,1,0.450401,3.35171,0,120.475,3.24229,120.134,0.84672,12.849,0.84672,3695.15,0,36.966,0.42336,1.8945,1.94694,11.9198,0.795053,14.5429,0.42336,36.966,0.42336,423.524,0,1.02816,0,0,2.92266,1.8945,1.028160,1,0,136.133,0,0,0,136.133,0
72.29,2.53415,0,0,4.33756,0.350265,1.45315,3.6288,61.308,0.66528,0,0,1.60828,0.130343,0.812661,0.66528,12.849,1,0.450425,1.45315,0,111.713,3.24229,109.473,0.84672,12.849,0.84672,3695.15,0,36.966,0.42336,1.56118,1.94697,11.4591,0.795053,13.7489,0.42336,36.966,0.42336,423.524,0,1.02816,0,0,2.58934,1.56118,1.028160,1,0,124.035,0,0,0,124.035,0
72.29,2.53428,0,0,4.82121,0.282296,2.00463,3.6288,61.308,0.66528,0,0,1.42452,0.0942455,0.664995,0.66528,12.849,1,0.450449,2.00463,0,101.506,2.71912,100.341,0.84672,12.849,0.84672,3695.15,0,36.966,0.42336,1.32202,1.947,10.8301,0.719901,12.9558,0.42336,36.966,0.42336,423.524,0,1.02816,0,0,2.35018,1.32202,1.028160,1,0,113.962,0,0,0,113.962,0
72.29,2.53442,0,0,5.72566,0.313122,2.87812,3.6288,61.308,0.66528,0,0,2.80695,0.112007,2.02967,0.66528,12.849,1,0.450473,2.87812,0,137.358,2.99709,136.788,0.84672,12.849,0.84672,3695.15,0,36.966,0.42336,3.69196,1.94703,14.7561,0.748519,19.2232,0.42336,36.966,0.42336,423.524,0,1.02816,0,0,4.72012,3.69196,1.028160,1,0,158.041,0,0,0,158.041,0
72.29,2.6403,0,0,5.73202,0.344738,2.74699,3.6288,61.308,0.66528,0,0,3.13128,0.12984,2.33616,0.66528,12.849,1,0.469292,2.74699,0,141.258,3.27096,140.265,0.84672,12.849,0.84672,3695.15,0,36.966,0.42336,4.13676,1.94706,14.9988,0.779376,19.8799,0.42336,36.966,0.42336,423.524,0,1.02816,0,0,5.16492,4.13676,1.028160,1,0,162.481,0,0,0,162.481,0
72.29,2.64044,0,0,5.56115,0.334451,2.58627,3.6288,61.308,0.66528,0,0,3.02444,0.13118,2.22798,0.66528,12.849,1,0.469318,2.58627,0,146.718,3.18885,145.646,0.84672,12.849,0.84672,3695.15,0,36.966,0.42336,4.60247,1.97043,13.0248,0.811631,18.3627,0.42336,36.966,0.42336,423.524,0,1.02816,0,0,5.63063,4.60247,1.028160,1,0,166.236,0,0,0,166.236,0
72.29,2.64058,0,0,5.767,0.308736,2.81769,3.6288,61.308,0.66528,0,0,3.03752,0.134532,2.23771,0.66528,12.849,1,0.469343,2.81769,0,158.008,2.98358,157.373,0.84672,12.849,0.84672,3695.15,0,36.966,0.42336,4.61919,1.97046,15.5535,0.892268,20.8275,0.42336,36.966,0.42336,423.524,0,1.02816,0,0,5.64735,4.61919,1.028160,1,0,180.438,0,0,0,180.438,0
72.29,2.64072,0,0,4.77578,0.298266,1.83679,3.6288,61.2837,0.66528,0,0,0.792967,0.151974,0,0.66528,12.849,1,0.469368,1.83679,0,118.865,3.26794,116.964,0.84672,12.849,0.84672,3695.15,0,36.966,0.42336,1.73239,1.97049,11.0452,0.923514,13.4012,0.42336,36.966,0.42336,423.524,0,1.02816,0,0,2.76055,1.73239,1.028160,1,0,130.365,0,0,0,130.365,0
72.29,2.59951,0,0,3.59751,0.272092,0.725906,3.6288,61.308,0.66528,0,0,1.05222,0.195549,0.167106,0.66528,12.849,1,0.462043,0.725906,0,80.9931,3.97887,77.2781,0.84672,12.849,0.84672,3695.15,0,36.966,0.42336,2.04512,1.97052,8.51144,1.00163,11.1021,0.42336,36.966,0.42336,423.524,0,1.02816,0,0,3.07328,2.04512,1.028160,1,0,88.5473,0,0,0,88.5473,0
72.1258,2.59965,0,0,3.07045,0.272092,0.36288,3.6288,61.308,0.66528,0,0,0.994032,0.195579,0.133173,0.66528,12.849,1,0.462068,0.36288,0,71.0251,3.97887,66.9471,0.84672,12.849,0.84672,3695.15,0,36.966,0.42336,1.72221,1.96142,7.23954,1.00163,9.49819,0.42336,36.966,0.42336,423.524,0,1.02816,0,0,2.75037,1.72221,1.028160,1,0,76.5784,0,0,0,76.5784,0
71.6238,2.59889,0,0,2.73154,0.271753,0.36288,3.6288,61.308,0.66528,0,0,0.889453,0.195579,0.0285942,0.66528,12.849,1,0.462985,0.36288,0,60.8996,3.97887,56.8206,0.84672,12.849,0.84672,3695.15,0,36.966,0.42336,1.37816,1.96145,6.19009,1.00163,8.10472,0.42336,36.966,0.42336,423.524,0,1.02816,0,0,2.40632,1.37816,1.028160,1,0,64.9539,0,0,0,64.9539,0
70.9112,2.59628,0,0,2.50433,0.25782,0.36288,3.6288,61.269,0.66528,0,0,0.804756,0.178513,0,0.66528,12.849,1,0.465761,0.36288,0,55.8764,3.62499,52.1486,0.84672,12.849,0.84672,3695.15,0,36.966,0.42336,1.20362,1.96149,5.7847,0.911873,7.61458,0.42336,36.966,0.42336,423.524,0,1.02816,0,0,2.23178,1.20362,1.028160,1,0,59.7631,0,0,0,59.7631,0
70.2391,2.73244,0,0,2.63225,0.209041,0.36288,3.6288,61.1882,0.66528,0,0,0.731385,0.146829,0,0.66528,12.849,1,0.495114,0.36288,0,54.395,3.45987,50.8029,0.84672,12.849,0.84672,3695.15,0,36.966,0.42336,1.22713,1.96152,6.10671,0.907037,7.96496,0.42336,36.966,0.42336,423.524,0,1.02816,0,0,2.25529,1.22713,1.028160,1,0,58.7679,0,0,0,58.7679,0
69.4716,2.72858,0,0,2.52686,0.202944,0.36288,3.6288,61.0473,0.66528,0,0,0.669583,0.145273,0,0.66528,12.849,1,0.499145,0.36288,0,50.3363,3.51099,46.689,0.84672,12.849,0.84672,3695.15,0,36.966,0.42336,0.988278,1.99253,5.91274,0.926177,7.54401,0.42336,36.966,0.42336,423.524,0,1.02816,0,0,2.01644,0.988278,1.028160,1,0,54.2331,0,0,0,54.2331,0
68.6042,2.72407,0,0,2.39044,0.170844,0.36288,3.6288,60.8269,0.66528,0,0,0.634971,0.190055,0,0.66528,12.849,1,0.503826,0.36288,0,46.1722,4.12218,41.9091,0.84672,12.849,0.84672,3695.15,0,36.966,0.42336,0.685307,1.99256,4.99707,1.08984,6.16174,0.42336,36.966,0.42336,423.524,0,1.02816,0,0,1.71347,0.685307,1.028160,1,0,48.0709,0,0,0,48.0709,0
67.6106,2.71885,0,0,2.21689,0.128774,0.36288,3.6288,60.5122,0.66528,0,0,0.600122,0.249588,0,0.66528,12.849,1,0.509218,0.36288,0,43.7664,4.9371,38.683,0.84672,12.849,0.84672,3695.15,0,36.966,0.42336,0.602001,1.9926,4.66436,1.30805,5.52754,0.42336,36.966,0.42336,423.524,0,1.02816,0,0,1.63016,0.602001,1.028160,1,0,44.2105,0,0,0,44.2105,0
66.8468,2.7127,0,0,2.43667,0.124909,0.36288,3.6288,60.2894,0.66528,0,0,0.664416,0.221851,0,0.66528,12.849,1,0.515534,0.36288,0,47.2789,4.45524,42.671,0.84672,12.849,0.84672,3695.15,0,36.966,0.42336,0.582587,1.99263,5.16519,1.19186,6.12519,0.42336,36.966,0.42336,423.524,0,1.02816,0,0,1.61075,0.582587,1.028160,1,0,48.7962,0,0,0,48.7962,0
66.247,2.68047,0,0,2.56549,0.12191,0.36288,3.6288,60.1518,0.66528,0,0,0.728775,0.201137,0,0.66528,12.849,1,0.515229,0.36288,0,48.625,4.09385,44.3788,0.84672,12.849,0.84672,3695.15,0,36.966,0.42336,0.663621,1.99266,5.21783,1.10471,6.34604,0.42336,36.966,0.42336,423.524,0,1.02816,0,0,1.69178,0.663621,1.028160,1,0,50.7248,0,0,0,50.7248,0
65.471,2.67671,0,0,2.38497,0.121332,0.36288,3.6288,60.0117,0.66528,0,0,0.726149,0.200961,0,0.66528,12.849,1,0.519164,0.36288,0,45.3949,4.09385,41.1448,0.84672,12.849,0.84672,3695.15,0,36.966,0.42336,0.681359,1.98656,5.07416,1.10471,6.21401,0.42336,36.966,0.42336,423.524,0,1.02816,0,0,1.70952,0.681359,1.028160,1,0,47.3588,0,0,0,47.3588,0
64.6539,2.67171,0,0,2.33304,0.115576,0.36288,3.6288,59.7856,0.66528,0,0,0.680754,0.241583,0,0.66528,12.849,1,0.524335,0.36288,0,42.5666,4.6118,37.7934,0.84672,12.849,0.84672,3695.15,0,36.966,0.42336,0.605362,1.9866,4.95483,1.22898,5.89445,0.42336,36.966,0.42336,423.524,0,1.02816,0,0,1.63352,0.605362,1.028160,1,0,43.6878,0,0,0,43.6878,0
63.6294,2.66632,0,0,2.11713,0.112445,0.36288,3.6288,59.4949,0.66528,0,0,0.631413,0.25687,0,0.66528,12.849,1,0.529892,0.36288,0,39.3889,4.88822,34.3337,0.84672,12.849,0.84672,3695.15,0,36.966,0.42336,0.424855,1.98663,4.57475,1.29278,5.2701,0.42336,36.966,0.42336,423.524,0,1.02816,0,0,1.45301,0.424855,1.028160,1,0,39.6038,0,0,0,39.6038,0
62.382,2.72965,0,0,1.94749,0.102312,0.36288,3.6288,58.9834,0.764035,0,0,0.561895,0.309363,0,0.66528,12.849,1,0.551212,0.36288,0,38.5729,6.02879,32.3558,0.84672,12.849,0.84672,3695.15,0,36.966,0.42336,0.261274,1.98666,3.43316,1.55128,3.70646,0.42336,36.966,0.42336,423.524,0,0.929405,0,0,1.19068,0.261274,1.028160,1,0,36.0623,0,0,0,36.0623,0
61.0106,2.72066,0,0,1.81335,0.101276,0.36288,3.6288,58.4949,0.66763,0,0,0.487476,0.308351,0,0.66528,12.849,1,0.560381,0.36288,0,32.6607,6.02879,26.4344,0.84672,12.849,0.84672,3695.15,0,36.966,0.42336,0.261274,2.00252,3.46482,1.55128,3.75398,0.42336,36.966,0.42336,423.524,0,1.02581,0,0,1.28708,0.261274,1.028160,1,0,30.1884,0,0,0,30.1884,0
59.5137,2.71039,0,0,1.67656,0.100136,0.36288,3.6288,57.8491,0.790387,0,0,0.452065,0.307385,0,0.66528,12.849,1,0.570817,0.36288,0,31.3186,6.02879,25.0819,0.84672,12.849,0.84672,3695.15,0,36.966,0.42336,0.227405,2.00256,3.01264,1.55128,3.26796,0.42336,36.966,0.42336,423.524,0,0.903053,0,0,1.13046,0.227405,1.028160,1,0,28.3499,0,0,0,28.3499,0
58.0715,2.69873,0,0,1.7138,0.0943761,0.36288,3.6288,57.3773,0.66528,0,0,0.502038,0.308641,0,0.66528,12.849,1,0.582655,0.36288,0,29.7873,6.10356,23.4639,0.84672,12.849,0.84672,3695.15,0,36.966,0.42336,0.254828,2.00259,3.72639,1.56622,3.99423,0.42336,36.966,0.42336,423.524,0,1.02816,0,0,1.28299,0.254828,1.028160,1,0,27.4582,0,0,0,27.4582,0
56.4137,2.88963,0,0,1.69838,0.103749,0.36288,3.6288,56.6822,0.833388,0,0,0.459914,0.321642,0,0.66528,12.849,1,0.639364,0.36288,0,27.1419,6.43827,20.4271,0.84672,12.849,0.84672,3695.15,0,36.966,0.42336,0.227405,2.00262,3.07014,1.62711,3.24969,0.42336,36.966,0.42336,423.524,0,0.860052,0,0,1.08746,0.227405,1.028160,1,0,23.6768,0,0,0,23.6768,0
54.8694,2.87448,0,0,1.79481,0.101701,0.36288,3.6288,56.121,0.727695,0,0,0.50275,0.336237,0,0.66528,12.849,1,0.654703,0.36288,0,29.701,6.66005,22.7491,0.84672,12.849,0.84672,3695.15,0,36.966,0.42336,0.227405,2.04902,2.38556,1.663,2.57563,0.42336,36.966,0.42336,423.524,0,0.965745,0,0,1.19315,0.227405,1.028160,1,0,25.3247,0,0,0,25.3247,0
52.9867,2.8597,0,0,1.44004,0.100146,0.36288,3.6288,55.2405,0.940749,0,0,0.395325,0.335009,0,0.66528,12.849,1,0.669668,0.36288,0,34.9348,6.66005,27.968,0.84672,12.849,0.84672,3695.15,0,36.966,0.42336,0.204422,2.04906,1.98168,1.663,2.1488,0.42336,36.966,0.42336,423.524,0,0.752691,0,0,0.957113,0.204422,1.028160,1,0,30.1168,0,0,0,30.1168,0
51.3904,2.8407,0,0,1.70546,0.0982498,0.36288,3.6288,54.8456,0.66528,0,0,0.603444,0.333081,0,0.66528,12.849,1,0.688854,0.36288,0,29.9854,6.66005,22.9994,0.84672,12.849,0.84672,3695.15,0,36.966,0.42336,0.411635,2.04909,2.67983,1.663,3.0542,0.42336,36.966,0.42336,423.524,0,1.02816,0,0,1.4398,0.411635,1.028160,1,0,26.0536,0,0,0,26.0536,0
49.961,2.82373,0,0,1.8342,0.0769151,0.36288,3.6288,54.3427,0.66528,0,0,0.508097,0.345697,0,0.66528,12.849,1,0.70601,0.36288,0,34.3742,6.44306,27.5881,0.84672,12.849,0.84672,3695.15,0,36.966,0.42336,0.278329,2.04913,2.84526,1.64469,3.10467,0.42336,36.966,0.42336,423.524,0,1.02816,0,0,1.30649,0.278329,1.028160,1,0,30.6927,0,0,0,30.6927,0
48.9596,2.71187,0,0,2.16845,0.0950924,0.36288,3.6288,53.9481,0.66528,0,0,0.595814,0.325214,0,0.66528,12.849,1,0.697439,0.36288,0,37.0057,5.19965,31.4715,0.84672,12.849,0.84672,3695.15,0,36.966,0.42336,0.438212,2.04916,2.88865,1.37733,3.57534,0.42336,36.966,0.42336,423.524,0,1.02816,0,0,1.46637,0.438212,1.028160,1,0,35.0469,0,0,0,35.0469,0
48.1247,2.70071,0,0,2.39494,0.166246,0.36288,3.6288,53.7991,0.66528,0,0,0.795995,0.279624,0,0.66528,12.849,1,0.708776,0.36288,0,34.9936,4.0089,30.6388,0.84672,12.849,0.84672,3695.15,0,36.966,0.42336,0.795217,2.02659,3.6656,1.10001,4.96404,0.42336,36.966,0.42336,423.524,0,1.02816,0,0,1.82338,0.795217,1.028160,1,0,35.6029,0,0,0,35.6029,0
47.1469,2.69115,0,0,2.24585,0.169701,0.36288,3.6288,53.7086,0.66528,0,0,0.855999,0.281253,0,0.66528,12.849,1,0.718519,0.36288,0,41.6338,4.04145,37.2367,0.84672,12.849,0.84672,3695.15,0,36.966,0.42336,0.820403,2.02663,3.86013,1.11865,5.16515,0.42336,36.966,0.42336,423.524,0,1.02816,0,0,1.84856,0.820403,1.028160,1,0,42.4019,0,0,0,42.4019,0
46.4354,2.67958,0,0,2.49888,0.167893,0.36288,3.6288,53.7239,0.66528,0,0,0.961572,0.281051,0,0.66528,12.849,1,0.730269,0.36288,0,62.7712,4.04145,58.3624,0.84672,12.849,0.84672,3695.15,0,36.966,0.42336,1.06706,2.02666,4.45344,1.11865,6.00515,0.42336,36.966,0.42336,423.524,0,1.02816,0,0,2.09522,1.06706,1.028160,1,0,64.3676,0,0,0,64.3676,0
46.2689,2.59339,0,0,2.99444,0.20462,0.36288,3.6288,54.0298,0.66528,0,0,1.21873,0.247501,0,0.66528,12.849,1,0.71761,0.36288,0,47.6508,5.03969,42.2564,0.84672,12.849,0.84672,3695.15,0,36.966,0.42336,0.788098,2.02669,5.01282,1.2514,6.15285,0.42336,36.966,0.42336,423.524,0,1.02816,0,0,1.81626,0.788098,1.028160,1,0,48.4092,0,0,0,48.4092,0
45.8465,2.59151,0,0,2.73623,0.204242,0.36288,3.6288,54.1106,0.66528,0,0,0.994067,0.248038,0,0.66528,12.849,1,0.719668,0.36288,0,50.6568,5.03969,45.2603,0.84672,12.849,0.84672,3695.15,0,36.966,0.42336,0.670749,2.00817,5.6525,1.2514,6.65665,0.42336,36.966,0.42336,423.524,0,1.02816,0,0,1.69891,0.670749,1.028160,1,0,51.9169,0,0,0,51.9169,0
46.1439,2.58647,0,0,3.44998,0.203282,0.36288,3.6288,55.1237,0.66528,0,0,1.92663,0.248171,0,0.66528,12.849,1,0.724886,0.36288,0,66.2673,5.03969,60.8656,0.84672,12.849,0.84672,3695.15,0,36.966,0.42336,2.2,2.0082,9.0639,1.2514,11.5973,0.42336,36.966,0.42336,423.524,0,1.02816,0,0,3.22816,2.2,1.028160,1,0,72.463,0,0,0,72.463,0
48.4653,2.59026,0,0,5.47854,0.203957,0.36288,3.6288,56.3387,0.66528,0,0,2.13005,0.249836,0,0.66528,12.849,1,0.72127,0.36288,0,114.108,5.03969,108.71,0.84672,12.849,0.84672,3695.15,0,36.966,0.42336,2.11189,2.00824,8.24662,1.2514,10.692,0.42336,36.966,0.42336,423.524,0,1.02816,0,0,3.14005,2.11189,1.028160,1,0,119.402,0,0,0,119.402,0
51.209,2.39536,0,0,5.73454,0.232658,0.36288,3.6288,57.4901,0.66528,0,0,2.05468,0.237937,0,0.66528,12.849,1,0.635051,0.36288,0,123.325,4.58154,118.471,0.84672,12.849,0.84672,3695.15,0,36.966,0.42336,3.78308,2.00827,10.9872,1.08872,15.2665,0.42336,36.966,0.42336,423.524,0,1.02816,0,0,4.81124,3.78308,1.028160,1,0,133.738,0,0,0,133.738,0
55.0335,2.42269,0,0,6.86233,0.252186,0.36288,3.6288,58.7789,0.66528,0,0,2.18187,0.227833,0,0.66528,12.849,1,0.607884,0.36288,0,156.105,4.38291,151.477,0.84672,12.849,0.84672,3695.15,0,36.966,0.42336,4.58674,1.95559,12.2561,1.09572,17.2794,0.42336,36.966,0.42336,423.524,0,1.02816,0,0,5.6149,4.58674,1.028160,1,0,168.756,0,0,0,168.756,0
60.259,2.45707,0,0,8.30763,0.262257,0.36288,3.6288,60.2411,0.66528,0,0,2.35729,0.229735,0,0.66528,12.849,1,0.573666,0.36288,0,189.924,4.38291,185.33,0.84672,12.849,0.84672,3695.15,0,36.966,0.42336,2.40367,1.95562,10.0129,1.09572,12.8531,0.42336,36.966,0.42336,423.524,0,1.02816,0,0,3.43183,2.40367,1.028160,1,0,198.183,0,0,0,198.183,0
65.5294,2.49821,0,0,8.4075,0.276016,0.36288,3.6288,61.308,0.66528,0,0,6.16097,0.231893,4.19694,0.66528,12.849,1,0.532692,0.36288,0,191.626,4.38291,187.073,0.84672,12.849,0.84672,3695.15,0,36.966,0.42336,5.07325,1.95565,14.8541,1.09572,20.3639,0.42336,36.966,0.42336,423.524,0,1.02816,0,0,6.10141,5.07325,1.028160,1,0,211.634,0,0,0,211.634,0
66.9489,2.53416,0,0,4.59511,0.278544,0.36288,3.6288,61.308,0.66528,0,0,2.07552,0.209646,1.20059,0.66528,12.849,1,0.496899,0.36288,0,128.602,4.0395,124.429,0.84672,12.849,0.84672,3695.15,0,36.966,0.42336,2.01925,1.95568,7.86919,0.975913,10.4448,0.42336,36.966,0.42336,423.524,0,1.02816,0,0,3.04741,2.01925,1.028160,1,0,136.074,0,0,0,136.074,0
66.9442,2.63392,0,0,3.26363,0.27147,0.36288,3.6288,61.308,0.66528,0,0,1.4386,0.202954,0.570369,0.66528,12.849,1,0.505509,0.36288,0,108.2,3.66786,104.39,0.84672,12.849,0.84672,3695.15,0,36.966,0.42336,0.993436,1.95571,5.929,1.06371,7.39108,0.42336,36.966,0.42336,423.524,0,1.02816,0,0,2.0216,0.993436,1.028160,1,0,112.351,0,0,0,112.351,0
67.1194,2.634,0,0,3.44349,0.27146,0.36288,3.6288,61.308,0.66528,0,0,1.74374,0.202954,0.875508,0.66528,12.849,1,0.50556,0.36288,0,82.2321,3.66786,78.4215,0.84672,12.849,0.84672,3695.15,0,36.966,0.42336,1.18352,1.97602,7.48257,1.06371,9.15503,0.42336,36.966,0.42336,423.524,0,1.02816,0,0,2.21168,1.18352,1.028160,1,0,88.4521,0,0,0,88.4521,0
67.4396,2.63522,0,0,3.59014,0.271836,0.36288,3.6288,61.308,0.66528,0,0,1.69753,0.202954,0.829292,0.66528,12.849,1,0.504474,0.36288,0,57.1847,3.66786,53.3752,0.84672,12.849,0.84672,3695.15,0,36.966,0.42336,1.39564,1.97604,6.775,1.06371,8.65961,0.42336,36.966,0.42336,423.524,0,1.02816,0,0,2.4238,1.39564,1.028160,1,0,62.8642,0,0,0,62.8642,0
69.3869,2.63735,0,0,5.22678,0.279251,0.36288,3.6288,61.308,0.66528,0,0,1.63894,0.211694,0.761965,0.66528,12.849,1,0.502484,0.36288,0,124.423,3.73163,120.552,0.84672,12.849,0.84672,3695.15,0,36.966,0.42336,1.41852,1.97607,9.77357,1.08597,11.6588,0.42336,36.966,0.42336,423.524,0,1.02816,0,0,2.44668,1.41852,1.028160,1,0,132.973,0,0,0,132.973,0
70.0261,2.94261,0,0,4.25349,0.308778,0.36288,3.6288,61.308,0.66528,0,0,2.00035,0.185007,1.15006,0.66528,12.849,1,0.544911,0.36288,0,124.886,3.76565,120.938,0.84672,12.849,0.84672,3695.15,0,36.966,0.42336,2.0999,1.97609,12.0873,1.03676,14.7031,0.42336,36.966,0.42336,423.524,0,1.02816,0,0,3.12806,2.0999,1.028160,1,0,136.792,0,0,0,136.792,0
70.4658,2.94694,0,0,4.05714,0.307673,0.36288,3.6288,61.308,0.66528,0,0,1.55492,0.17182,0.717823,0.66528,12.849,1,0.540731,0.36288,0,112.084,3.70755,108.199,0.84672,12.849,0.84672,3695.15,0,36.966,0.42336,2.02772,2.04125,9.16062,1.0063,11.7999,0.42336,36.966,0.42336,423.524,0,1.02816,0,0,3.05588,2.02772,1.028160,1,0,120.716,0,0,0,120.716,0
70.994,2.94992,0,0,4.14981,0.308717,0.36288,3.6288,61.308,0.66528,0,0,1.47738,0.17182,0.640279,0.66528,12.849,1,0.5379,0.36288,0,105.847,3.70755,101.964,0.84672,12.849,0.84672,3695.15,0,36.966,0.42336,1.77435,2.04128,6.78732,1.0063,9.1733,0.42336,36.966,0.42336,423.524,0,1.02816,0,0,2.80251,1.77435,1.028160,1,0,111.778,0,0,0,111.778,0
70.978,2.95344,0,0,3.60514,0.304829,0.36288,3.6288,61.308,0.66528,0,0,1.58263,0.182886,0.734466,0.66528,12.849,1,0.534533,0.36288,0,97.0065,3.96963,92.8652,0.84672,12.849,0.84672,3695.15,0,36.966,0.42336,1.84048,2.04131,7.2965,1.08829,9.66664,0.42336,36.966,0.42336,423.524,0,1.02816,0,0,2.86864,1.84048,1.028160,1,0,103.266,0,0,0,103.266,0
70.6167,2.53365,0,0,2.84487,0.309645,0.36288,3.6288,61.308,0.66528,0,0,0.984079,0.176361,0.142438,0.66528,12.849,1,0.458661,0.36288,0,54.4887,4.03128,50.3616,0.84672,12.849,0.84672,3695.15,0,36.966,0.42336,1.28884,2.04133,4.94808,1.1306,6.72429,0.42336,36.966,0.42336,423.524,0,1.02816,0,0,2.317,1.28884,1.028160,1,0,57.2283,0,0,0,57.2283,0
70.8383,2.53177,0,0,3.42792,0.311731,0.36288,3.6288,61.308,0.66528,0,0,2.45281,0.170663,1.61687,0.66528,12.849,1,0.460666,0.36288,0,98.6818,3.93236,94.6516,0.84672,12.849,0.84672,3695.15,0,36.966,0.42336,2.47531,1.94845,9.10924,1.10349,12.0061,0.42336,36.966,0.42336,423.524,0,1.02816,0,0,3.50347,2.47531,1.028160,1,0,108.275,0,0,0,108.275,0
70.4031,2.5331,0,0,2.77304,0.312261,0.36288,3.6288,61.308,0.66528,0,0,1.04983,0.170663,0.213886,0.66528,12.849,1,0.459467,0.36288,0,55.6111,3.93236,51.5822,0.84672,12.849,0.84672,3695.15,0,36.966,0.42336,1.46313,1.94847,5.54477,1.10349,7.42953,0.42336,36.966,0.42336,423.524,0,1.02816,0,0,2.49129,1.46313,1.028160,1,0,59.2256,0,0,0,59.2256,0
70.0742,2.53081,0,0,2.87465,0.309781,0.36288,3.6288,61.308,0.66528,0,0,1.43417,0.159881,0.609007,0.66528,12.849,1,0.461889,0.36288,0,61.6716,3.91676,57.6559,0.84672,12.849,0.84672,3695.15,0,36.966,0.42336,2.07753,1.9485,12.2985,1.06135,14.8398,0.42336,36.966,0.42336,423.524,0,1.02816,0,0,3.10569,2.07753,1.028160,1,0,73.1047,0,0,0,73.1047,0
71.533,2.52909,0,0,4.64871,0.297969,0.36288,3.6288,61.308,0.66528,0,0,1.40511,0.156806,0.583019,0.66528,12.849,1,0.46374,0.36288,0,108.888,3.79423,104.993,0.84672,12.849,0.84672,3695.15,0,36.966,0.42336,2.35386,1.94852,12.1031,1.0006,14.9815,0.42336,36.966,0.42336,423.524,0,1.02816,0,0,3.38202,2.35386,1.028160,1,0,120.558,0,0,0,120.558,0
72.29,2.64303,0,0,4.61936,0.291289,0.928059,3.6288,61.308,0.66528,0,0,1.30981,0.188649,0.455878,0.66528,12.849,1,0.47475,0.928059,0,91.7067,3.68288,88.4771,0.84672,12.849,0.84672,3695.15,0,36.966,0.42336,2.05122,1.94855,7.02078,1.06004,9.53714,0.42336,36.966,0.42336,423.524,0,1.02816,0,0,3.07938,2.05122,1.028160,1,0,98.4701,0,0,0,98.4701,0
72.29,2.64737,0,0,4.29829,0.292971,1.35795,3.6288,61.308,0.66528,0,0,1.41727,0.188649,0.563342,0.66528,12.849,1,0.470549,1.35795,0,78.2222,3.68288,75.4268,0.84672,12.849,0.84672,3695.15,0,36.966,0.42336,1.93689,1.97196,9.12673,1.06004,11.5522,0.42336,36.966,0.42336,423.524,0,1.02816,0,0,2.96505,1.93689,1.028160,1,0,87.5423,0,0,0,87.5423,0
72.29,2.64748,0,0,3.93376,0.28325,1.00303,3.6288,61.308,0.66528,0,0,1.80857,0.185167,0.958121,0.66528,12.849,1,0.470569,1.00303,0,74.5096,3.46578,71.5763,0.84672,12.849,0.84672,3695.15,0,36.966,0.42336,2.72157,1.97199,8.06803,1.0157,11.3225,0.42336,36.966,0.42336,423.524,0,1.02816,0,0,3.74973,2.72157,1.028160,1,0,83.8569,0,0,0,83.8569,0
72.1897,2.64759,0,0,3.18648,0.276276,0.36288,3.6288,61.308,0.66528,0,0,0.945328,0.191615,0.0884333,0.66528,12.849,1,0.47059,0.36288,0,60.6923,3.65118,56.9334,0.84672,12.849,0.84672,3695.15,0,36.966,0.42336,0.945648,1.97201,5.01653,1.05745,6.45338,0.42336,36.966,0.42336,423.524,0,1.02816,0,0,1.97381,0.945648,1.028160,1,0,63.4752,0,0,0,63.4752,0
71.4885,2.60571,0,0,2.50347,0.236104,0.36288,3.6288,61.2435,0.66528,0,0,0.811158,0.21033,0,0.66528,12.849,1,0.463789,0.36288,0,43.9319,3.87156,39.9594,0.84672,12.849,0.84672,3695.15,0,36.966,0.42336,0.551336,1.97204,3.65087,1.09306,4.65782,0.42336,36.966,0.42336,423.524,0,1.02816,0,0,1.5795,0.551336,1.028160,1,0,44.6173,0,0,0,44.6173,0
70.7242,2.60197,0,0,2.43543,0.234847,0.36288,3.6288,61.2628,0.66528,0,0,0.894741,0.210244,0,0.66528,12.849,1,0.467666,0.36288,0,42.4583,3.87156,38.4819,0.84672,12.849,0.84672,3695.15,0,36.966,0.42336,0.724715,1.96291,4.233,1.09306,5.40421,0.42336,36.966,0.42336,423.524,0,1.02816,0,0,1.75287,0.724715,1.028160,1,0,43.8861,0,0,0,43.8861,0
69.8864,2.5978,0,0,2.35634,0.233477,0.36288,3.6288,61.2693,0.681471,0,0,0.898292,0.210269,0,0.66528,12.849,1,0.471963,0.36288,0,40.2533,3.87156,36.2727,0.84672,12.849,0.84672,3695.15,0,36.966,0.42336,0.528595,1.96294,3.71443,1.09306,4.68955,0.42336,36.966,0.42336,423.524,0,1.01197,0,0,1.54056,0.528595,1.028160,1,0,40.9622,0,0,0,40.9622,0
68.9607,2.59314,0,0,2.24618,0.215884,0.36288,3.6288,61.1399,0.66528,0,0,0.732275,0.196395,0,0.66528,12.849,1,0.476762,0.36288,0,38.57,3.46482,34.9913,0.84672,12.849,0.84672,3695.15,0,36.966,0.42336,0.457091,1.96296,3.4901,1.09596,4.39084,0.42336,36.966,0.42336,423.524,0,1.02816,0,0,1.48525,0.457091,1.028160,1,0,39.3821,0,0,0,39.3821,0
67.7097,2.72754,0,0,2.02153,0.18207,0.36288,3.6288,60.8701,0.797567,0,0,0.752328,0.224579,0,0.66528,12.849,1,0.508205,0.36288,0,34.6373,3.74748,30.7445,0.84672,12.849,0.84672,3695.15,0,36.966,0.42336,0.402797,1.96299,3.03305,0.991373,3.98411,0.42336,36.966,0.42336,423.524,0,0.895873,0,0,1.29867,0.402797,1.028160,1,0,34.7286,0,0,0,34.7286,0
66.2299,2.71977,0,0,1.78525,0.182388,0.36288,3.6288,60.3102,1.01017,0,0,0.685014,0.234739,0,0.66528,12.849,1,0.516119,0.36288,0,29.451,3.8346,25.4632,0.84672,12.849,0.84672,3695.15,0,36.966,0.42336,0.402797,1.99407,2.70963,0.965926,3.7172,0.42336,36.966,0.42336,423.524,0,0.683268,0,0,1.08607,0.402797,1.028160,1,0,29.1804,0,0,0,29.1804,0
64.5169,2.71022,0,0,1.54038,0.180267,0.36288,3.6288,59.5822,1.09473,0,0,0.600614,0.233905,0,0.66528,12.849,1,0.5258,0.36288,0,26.7058,3.8346,22.7083,0.84672,12.849,0.84672,3695.15,0,36.966,0.42336,0.402797,1.99409,2.49788,0.965926,3.50548,0.42336,36.966,0.42336,423.524,0,0.598709,0,0,1.00151,0.402797,1.028160,1,0,26.2138,0,0,0,26.2138,0
62.6604,2.6987,0,0,1.38283,0.177811,0.36288,3.6288,58.812,1.05904,0,0,0.521671,0.232822,0,0.66528,12.849,1,0.537464,0.36288,0,25.2475,3.8346,21.2384,0.84672,12.849,0.84672,3695.15,0,36.966,0.42336,0.30119,1.99412,2.46745,0.965926,3.37348,0.42336,36.966,0.42336,423.524,0,0.634401,0,0,0.935591,0.30119,1.028160,1,0,24.6118,0,0,0,24.6118,0
60.6609,2.6856,0,0,1.19903,0.150078,0.36288,3.6288,57.9488,1.09021,0,0,0.447636,0.220595,0,0.66528,12.849,1,0.550703,0.36288,0,21.9312,3.94345,17.7999,0.84672,12.849,0.84672,3695.15,0,36.966,0.42336,0.30119,1.99415,2.14581,1.00225,3.01554,0.42336,36.966,0.42336,423.524,0,0.603228,0,0,0.904418,0.30119,1.028160,1,0,20.8154,0,0,0,20.8154,0
58.5455,2.64368,0,0,1.00596,0.11474,0.36288,3.6288,56.9508,1.1499,0,0,0.356606,0.204678,0,0.66528,12.849,1,0.559977,0.36288,0,19.6033,4.0886,15.3176,0.84672,12.849,0.84672,3695.15,0,36.966,0.42336,0.30119,1.99417,1.79635,1.05067,2.61768,0.42336,36.966,0.42336,423.524,0,0.543542,0,0,0.844733,0.30119,1.028160,1,0,17.9353,0,0,0,17.9353,0
56.3531,2.6272,0,0,0.910172,0.11248,0.36288,3.6288,55.8238,1.25468,0,0,0.330946,0.203359,0,0.66528,12.849,1,0.576593,0.36288,0,17.6042,4.0886,13.3019,0.84672,12.849,0.84672,3695.15,0,36.966,0.42336,0.30119,1.98806,1.72287,1.05067,2.53808,0.42336,36.966,0.42336,423.524,0,0.438757,0,0,0.739947,0.30119,1.028160,1,0,15.8399,0,0,0,15.8399,0
54.1632,2.60905,0,0,0.867128,0.0851029,0.36288,3.6288,54.6603,1.21114,0,0,0.313133,0.265402,0,0.66528,12.849,1,0.594886,0.36288,0,15.9479,4.9355,10.7804,0.84672,12.849,0.84672,3695.15,0,36.966,0.42336,0.261274,1.98808,1.6323,1.3598,2.09849,0.42336,36.966,0.42336,423.524,0,0.482302,0,0,0.743576,0.261274,1.028160,1,0,12.8789,0,0,0,12.8789,0
51.9013,2.58972,0,0,0.769833,0.0791823,0.36288,3.6288,53.4478,1.23148,0,0,0.292789,0.273888,0,0.66528,12.849,1,0.614352,0.36288,0,14.5861,5.07665,9.25802,0.84672,12.849,0.84672,3695.15,0,36.966,0.42336,0.261274,1.98811,1.57849,1.41133,1.99319,0.42336,36.966,0.42336,423.524,0,0.461963,0,0,0.723237,0.261274,1.028160,1,0,11.2512,0,0,0,11.2512,0
49.577,2.63623,0,0,0.749373,0.0745098,0.36288,3.6288,52.2877,1.24189,0,0,0.366349,0.284563,0,0.66528,12.849,1,0.652641,0.36288,0,16.0282,5.82361,9.91477,0.84672,12.849,0.84672,3695.15,0,36.966,0.42336,0.261274,1.98813,1.50311,1.48227,1.84689,0.42336,36.966,0.42336,423.524,0,0.451552,0,0,0.712826,0.261274,1.028160,1,0,11.7617,0,0,0,11.7617,0
47.2654,2.61204,0,0,0.73605,0.0727145,0.36288,3.6288,51.1451,1.22061,0,0,0.359976,0.281931,0,0.66528,12.849,1,0.676969,0.36288,0,14.9649,5.82361,8.82721,0.84672,12.849,0.84672,3695.15,0,36.966,0.42336,0.261274,2.00402,1.52639,1.48227,1.88605,0.42336,36.966,0.42336,423.524,0,0.472833,0,0,0.734106,0.261274,1.028160,1,0,10.7133,0,0,0,10.7133,0
44.8856,2.58612,0,0,0.640082,0.0709121,0.36288,3.6288,49.9215,1.28259,0,0,0.338297,0.27934,0,0.66528,12.849,1,0.70303,0.36288,0,14.1583,5.82361,7.99452,0.84672,12.849,0.84672,3695.15,0,36.966,0.42336,0.261274,2.00405,1.48541,1.48227,1.8451,0.42336,36.966,0.42336,423.524,0,0.410849,0,0,0.672123,0.261274,1.028160,1,0,9.83962,0,0,0,9.83962,0
42.4859,2.55725,0,0,0.589414,0.0690557,0.36288,3.6288,48.6931,1.28327,0,0,0.331463,0.276564,0,0.66528,12.849,1,0.73204,0.36288,0,13.3534,5.82361,7.1606,0.84672,12.849,0.84672,3695.15,0,36.966,0.42336,0.227405,2.00408,1.47035,1.48227,1.7962,0.42336,36.966,0.42336,423.524,0,0.410167,0,0,0.637572,0.227405,1.028160,1,0,8.9568,0,0,0,8.9568,0
39.8928,2.71599,0,0,0.542687,0.0568434,0.36288,3.6288,47.3795,1.31834,0,0,0.316748,0.311993,0,0.66528,12.849,1,0.821398,0.36288,0,11.8193,6.48582,4.87501,0.84672,12.849,0.84672,3695.15,0,36.966,0.42336,0.227405,2.0041,1.43895,1.54089,1.70621,0.42336,36.966,0.42336,423.524,0,0.375095,0,0,0.6025,0.227405,1.028160,1,0,6.58122,0,0,0,6.58122,0
37.4241,2.67572,0,0,0.636318,0.066427,0.36288,3.6288,46.1882,1.23409,0,0,0.367476,0.324657,0,0.66528,12.849,1,0.861818,0.36288,0,13.0134,6.58991,5.92455,0.84672,12.849,0.84672,3695.15,0,36.966,0.42336,0.227405,2.0506,1.5767,1.50642,1.92491,0.42336,36.966,0.42336,423.524,0,0.459353,0,0,0.686758,0.227405,1.028160,1,0,7.84947,0,0,0,7.84947,0
34.8677,2.63351,0,0,0.504531,0.0645464,0.36288,3.6288,44.7377,1.40505,0,0,0.275819,0.321277,0,0.66528,12.849,1,0.904177,0.36288,0,14.2893,6.58991,7.15806,0.84672,12.849,0.84672,3695.15,0,36.966,0.42336,0.227405,2.05062,1.26598,1.50642,1.61422,0.42336,36.966,0.42336,423.524,0,0.288395,0,0,0.515799,0.227405,1.028160,1,0,8.77228,0,0,0,8.77228,0
32.4703,2.58518,0,0,0.613234,0.0626019,0.36288,3.6288,43.8215,1.0427,0,0,0.443443,0.316966,0,0.66528,12.849,1,0.952658,0.36288,0,12.4558,6.58991,5.27609,0.84672,12.849,0.84672,3695.15,0,36.966,0.42336,0.204422,2.05065,1.82411,1.50642,2.1494,0.42336,36.966,0.42336,423.524,0,0.650742,0,0,0.855165,0.204422,1.028160,1,0,7.42549,0,0,0,7.42549,0
30.0718,2.53489,0,0,0.571081,0.0718304,0.36288,3.6288,42.6896,1.18362,0,0,0.349164,0.297442,0,0.66528,12.849,1,1.0031,0.36288,0,15.5282,6.10547,8.78247,0.84672,12.849,0.84672,3695.15,0,36.966,0.42336,0.204422,2.05068,1.76074,1.28985,2.30263,0.42336,36.966,0.42336,423.524,0,0.50982,0,0,0.714243,0.204422,1.028160,1,0,11.0851,0,0,0,11.0851,0
28.0704,2.39426,0,0,0.846409,0.0906715,0.36288,3.6288,42.1025,0.836136,0,0,0.543529,0.294477,0,0.66528,12.849,1,1.02301,0.36288,0,21.0419,6.18828,14.1934,0.84672,12.849,0.84672,3695.15,0,36.966,0.42336,0.204422,2.05071,2.05667,1.25211,2.63634,0.42336,36.966,0.42336,423.524,0,0.857304,0,0,1.06173,0.204422,1.028160,1,0,16.8298,0,0,0,16.8298,0
26.0849,2.34432,0,0,0.809957,0.0882428,0.36288,3.6288,41.393,0.879345,0,0,0.462633,0.292824,0,0.66528,12.849,1,1.07309,0.36288,0,22.6626,6.18828,15.7641,0.84672,12.849,0.84672,3695.15,0,36.966,0.42336,0.204422,2.02809,1.84707,1.25211,2.40411,0.42336,36.966,0.42336,423.524,0,0.814095,0,0,1.01852,0.204422,1.028160,1,0,18.1682,0,0,0,18.1682,0
24.0092,2.28969,0,0,0.682698,0.105755,0.36288,3.6288,40.497,1.01792,0,0,0.394738,0.272765,0,0.66528,12.849,1,1.12787,0.36288,0,15.8509,5.85225,9.23371,0.84672,12.849,0.84672,3695.15,0,36.966,0.42336,0.216518,2.02811,2.40822,1.16492,3.06457,0.42336,36.966,0.42336,423.524,0,0.675518,0,0,0.892037,0.216518,1.028160,1,0,12.2983,0,0,0,12.2983,0
22.3281,2.22627,0,0,0.987301,0.0793347,0.36288,3.6288,39.8811,0.814225,0,0,0.487049,0.288808,0,0.66528,12.849,1,1.19143,0.36288,0,15.9591,6.36514,8.76542,0.84672,12.849,0.84672,3695.15,0,36.966,0.42336,0.216518,2.02814,3.40305,1.10102,4.12334,0.42336,36.966,0.42336,423.524,0,0.879215,0,0,1.09573,0.216518,1.028160,1,0,12.8888,0,0,0,12.8888,0
21.1574,2.10644,0,0,1.41336,0.114727,0.36288,3.6288,38.9432,1.17654,0,0,0.415511,0.176821,0,0.66528,12.849,1,1.21218,0.36288,0,15.8623,4.64604,10.3669,0.84672,12.849,0.84672,3695.15,0,36.966,0.42336,0.216518,2.02817,3.77155,1.05396,4.53891,0.42336,36.966,0.42336,423.524,0,0.516898,0,0,0.733417,0.216518,1.028160,1,0,14.9058,0,0,0,14.9058,0
19.4072,2.0648,0,0,0.824126,0.146649,0.36288,3.6288,37.5332,1.50055,0,0,0.241851,0.151335,0,0.66528,12.849,1,1.25396,0.36288,0,12.6207,4.36737,7.36225,0.84672,12.849,0.84672,3695.15,0,36.966,0.42336,0.216518,2.0096,2.47698,1.09971,3.18003,0.42336,36.966,0.42336,423.524,0,0.192895,0,0,0.409413,0.216518,1.028160,1,0,10.5423,0,0,0,10.5423,0
17.9915,1.99684,0,0,1.08721,0.14314,0.36288,3.6288,37.0682,0.86604,0,0,0.550334,0.149309,0,0.66528,12.849,1,1.32206,0.36288,0,16.8856,4.36737,11.559,0.84672,12.849,0.84672,3695.15,0,36.966,0.42336,0.216518,2.00963,4.40279,1.09971,5.10586,0.42336,36.966,0.42336,423.524,0,0.8274,0,0,1.04392,0.216518,1.028160,1,0,16.6649,0,0,0,16.6649,0
18.4942,1.93624,0,0,2.94211,0.140302,0.36288,3.6288,37.5334,0.66528,0,0,1.27916,0.148641,0,0.66528,12.849,1,1.3828,0.36288,0,50.4334,4.36737,45.0461,0.84672,12.849,0.84672,3695.15,0,36.966,0.42336,0.857866,2.00965,7.67368,1.09971,9.01812,0.42336,36.966,0.42336,423.524,0,1.02816,0,0,1.88603,0.857866,1.028160,1,0,54.0642,0,0,0,54.0642,0
17.5232,1.79219,0,0,1.35903,0.174947,0.36288,3.6288,37.2512,0.843783,0,0,0.696851,0.135256,0,0.66528,12.849,1,1.24514,0.36288,0,25.6182,3.99405,20.7419,0.84672,12.849,0.84672,3695.15,0,36.966,0.42336,0.292723,2.00968,4.46081,1.04255,5.2973,0.42336,36.966,0.42336,423.524,0,0.849657,0,0,1.14238,0.292723,1.028160,1,0,26.0392,0,0,0,26.0392,0
16.2609,1.75246,0,0,1.02343,0.170428,0.36288,3.6288,37.2797,0.66528,0,0,0.843368,0.149575,0,0.66528,12.849,1,1.285,0.36288,0,21.9519,4.05957,16.9702,0.84672,12.849,0.84672,3695.15,0,36.966,0.42336,1.15481,1.95688,5.29103,0.961936,7.01743,0.42336,36.966,0.42336,423.524,0,1.02816,0,0,2.18297,1.15481,1.028160,1,0,23.9877,0,0,0,23.9877,0
15.4158,1.69681,0,0,1.37874,0.164079,0.36288,3.6288,37.4025,0.66528,0,0,0.923003,0.134984,0,0.66528,12.849,1,1.34078,0.36288,0,30.5664,4.21197,25.3765,0.84672,12.849,0.84672,3695.15,0,36.966,0.42336,1.59426,1.95691,6.7484,1.03526,8.84095,0.42336,36.966,0.42336,423.524,0,1.02816,0,0,2.62242,1.59426,1.028160,1,0,34.2175,0,0,0,34.2175,0
14.7596,1.65679,0,0,1.52469,0.161281,0.36288,3.6288,37.3861,0.66528,0,0,0.784054,0.135144,0,0.66528,12.849,1,1.38093,0.36288,0,34.0773,4.21197,28.8473,0.84672,12.849,0.84672,3695.15,0,36.966,0.42336,0.506408,1.95693,4.92977,1.03526,5.93448,0.42336,36.966,0.42336,423.524,0,1.02816,0,0,1.53457,0.506408,1.028160,1,0,34.7817,0,0,0,34.7817,0
14.7688,1.62404,0,0,2.14961,0.153458,0.36288,3.6288,38.4285,0.66528,0,0,1.84703,0.139379,0,0.66528,12.849,1,1.41381,0.36288,0,47.7366,4.23813,42.4475,0.84672,12.849,0.84672,3695.15,0,36.966,0.42336,0.881012,1.95696,6.0257,1.0301,7.41021,0.42336,36.966,0.42336,423.524,0,1.02816,0,0,1.90917,0.881012,1.028160,1,0,49.8578,0,0,0,49.8578,0
14.5452,1.68256,0,0,1.96665,0.144784,0.36288,3.6288,38.7539,0.66528,0,0,1.16126,0.170529,0,0.66528,12.849,1,1.46384,0.36288,0,40.8905,3.89821,35.8914,0.84672,12.849,0.84672,3695.15,0,36.966,0.42336,0.618045,1.95698,5.00304,0.894845,6.25987,0.42336,36.966,0.42336,423.524,0,1.02816,0,0,1.64621,0.618045,1.028160,1,0,42.1512,0,0,0,42.1512,0
14.4123,1.67066,0,0,2.05468,0.154039,0.36288,3.6288,38.9326,0.675665,0,0,1.02698,0.172645,0,0.66528,12.849,1,1.47584,0.36288,0,43.3604,3.69947,38.5479,0.84672,12.849,0.84672,3695.15,0,36.966,0.42336,0.412474,1.97732,5.66673,0.853143,6.78002,0.42336,36.966,0.42336,423.524,0,1.01777,0,0,1.43025,0.412474,1.028160,1,0,45.328,0,0,0,45.328,0
15.2802,1.66352,0,0,3.0479,0.153604,0.36288,3.6288,39.2738,0.66528,0,0,1.17942,0.172939,0,0.66528,12.849,1,1.48308,0.36288,0,69.1183,3.69947,64.2986,0.84672,12.849,0.84672,3695.15,0,36.966,0.42336,0.665436,1.97734,7.28689,0.853143,8.65317,0.42336,36.966,0.42336,423.524,0,1.02816,0,0,1.6936,0.665436,1.028160,1,0,72.9518,0,0,0,72.9518,0
15.1509,1.70934,0,0,2.0994,0.156448,0.36288,3.6288,39.373,0.764415,0,0,1.03708,0.173499,0,0.66528,12.849,1,1.43737,0.36288,0,44.3693,3.69947,39.5954,0.84672,12.849,0.84672,3695.15,0,36.966,0.42336,0.503194,1.97736,5.75803,0.853143,6.96209,0.42336,36.966,0.42336,423.524,0,0.929025,0,0,1.43222,0.503194,1.028160,1,0,46.5575,0,0,0,46.5575,0
16.8083,1.89118,0,0,4.07026,0.158842,0.36288,3.6288,39.7953,0.66528,0,0,1.24997,0.162319,0,0.66528,12.849,1,1.60385,0.36288,0,75.2683,3.51786,70.5095,0.84672,12.849,0.84672,3695.15,0,36.966,0.42336,1.35148,1.97738,6.69077,0.91893,8.67734,0.42336,36.966,0.42336,423.524,0,1.02816,0,0,2.37964,1.35148,1.028160,1,0,79.1868,0,0,0,79.1868,0
17.7613,1.98088,0,0,3.46207,0.165319,0.36288,3.6288,39.7294,0.66528,0,0,0.761047,0.161688,0,0.66528,12.849,1,1.51427,0.36288,0,70.936,3.41355,66.371,0.84672,12.849,0.84672,3695.15,0,36.966,0.42336,0.880571,2.04266,5.55073,0.938186,7.11242,0.42336,36.966,0.42336,423.524,0,1.02816,0,0,1.90873,0.880571,1.028160,1,0,73.4834,0,0,0,73.4834,0
17.181,2.02808,0,0,1.96843,0.157723,0.36288,3.6288,39.0612,1.01981,0,0,0.518373,0.166786,0,0.66528,12.849,1,1.46717,0.36288,0,39.571,3.37606,35.0907,0.84672,12.849,0.84672,3695.15,0,36.966,0.42336,0.503194,2.04268,3.46339,0.913081,4.67282,0.42336,36.966,0.42336,423.524,0,0.673635,0,0,1.17683,0.503194,1.028160,1,0,39.7635,0,0,0,39.7635,0
17.3889,1.9998,0,0,2.71383,0.14334,0.36288,3.6288,38.8499,0.75149,0,0,0.712814,0.172622,0,0.66528,12.849,1,1.49557,0.36288,0,53.7261,3.32608,49.2673,0.84672,12.849,0.84672,3695.15,0,36.966,0.42336,0.608429,2.0427,5.60379,0.879607,6.95195,0.42336,36.966,0.42336,423.524,0,0.94195,0,0,1.55038,0.608429,1.028160,1,0,56.2193,0,0,0,56.2193,0
20.3744,1.72448,0,0,5.24529,0.172394,0.36288,3.6288,39.965,0.66528,0,0,1.94454,0.164151,0,0.66528,12.849,1,1.27426,0.36288,0,123.848,2.99053,119.946,0.84672,12.849,0.84672,3695.15,0,36.966,0.42336,2.18016,2.04272,8.98346,0.896142,11.8868,0.42336,36.966,0.42336,423.524,0,1.02816,0,0,3.20832,2.18016,1.028160,1,0,131.833,0,0,0,131.833,0
23.024,1.83905,0,0,5.0433,0.191753,0.36288,3.6288,41.3882,0.66528,0,0,2.25113,0.162606,0,0.66528,12.849,1,1.15979,0.36288,0,100.092,2.85631,96.4386,0.84672,12.849,0.84672,3695.15,0,36.966,0.42336,2.15056,1.94965,10.8251,0.902756,13.5992,0.42336,36.966,0.42336,423.524,0,1.02816,0,0,3.17872,2.15056,1.028160,1,0,110.038,0,0,0,110.038,0
23.9982,1.92478,0,0,3.46058,0.198773,0.36288,3.6288,42.4112,0.66528,0,0,1.85312,0.16487,0,0.66528,12.849,1,1.07416,0.36288,0,90.6924,2.85631,87.1248,0.84672,12.849,0.84672,3695.15,0,36.966,0.42336,2.11773,1.94967,8.50841,0.902756,11.2497,0.42336,36.966,0.42336,423.524,0,1.02816,0,0,3.14589,2.11773,1.028160,1,0,98.3745,0,0,0,98.3745,0
26.2131,1.95324,0,0,4.73266,0.20156,0.36288,3.6288,43.5444,0.66528,0,0,1.96494,0.166503,0,0.66528,12.849,1,1.0458,0.36288,0,100.831,2.85631,97.2922,0.84672,12.849,0.84672,3695.15,0,36.966,0.42336,1.79849,1.94969,9.70134,0.902756,12.1234,0.42336,36.966,0.42336,423.524,0,1.02816,0,0,2.82665,1.79849,1.028160,1,0,109.416,0,0,0,109.416,0
27.5822,2.0126,0,0,3.9299,0.185375,0.36288,3.6288,44.3385,0.66528,0,0,1.63048,0.171087,0,0.66528,12.849,1,0.986527,0.36288,0,101.554,3.40723,97.5228,0.84672,12.849,0.84672,3695.15,0,36.966,0.42336,2.06685,1.94971,8.50003,1.02543,11.0678,0.42336,36.966,0.42336,423.524,0,1.02816,0,0,3.09501,2.06685,1.028160,1,0,108.591,0,0,0,108.591,0
29.9252,2.13139,0,0,5.03998,0.202721,0.36288,3.6288,45.0551,0.66528,0,0,1.54162,0.159695,0,0.66528,12.849,1,0.992895,0.36288,0,98.8502,3.49167,94.7286,0.84672,12.849,0.84672,3695.15,0,36.966,0.42336,1.73166,1.94973,8.29302,0.977718,10.5733,0.42336,36.966,0.42336,423.524,0,1.02816,0,0,2.75982,1.73166,1.028160,1,0,105.302,0,0,0,105.302,0
31.5885,2.18585,0,0,4.42134,0.209297,0.36288,3.6288,46.5902,0.66528,0,0,2.36108,0.160773,0,0.66528,12.849,1,0.938539,0.36288,0,108.786,3.49167,104.719,0.84672,12.849,0.84672,3695.15,0,36.966,0.42336,2.77391,1.97318,11.3253,0.977718,14.6713,0.42336,36.966,0.42336,423.524,0,1.02816,0,0,3.80207,2.77391,1.028160,1,0,119.39,0,0,0,119.39,0
32.3523,2.22105,0,0,3.56168,0.213915,0.36288,3.6288,47.8186,0.66528,0,0,2.0568,0.16308,0,0.66528,12.849,1,0.903438,0.36288,0,131.198,3.49167,127.165,0.84672,12.849,0.84672,3695.15,0,36.966,0.42336,3.28919,1.9732,9.10881,0.977718,12.9701,0.42336,36.966,0.42336,423.524,0,1.02816,0,0,4.31735,3.28919,1.028160,1,0,140.135,0,0,0,140.135,0
32.2562,2.23639,0,0,2.70946,0.206325,0.36288,3.6288,48.4457,0.66528,0,0,1.42132,0.128954,0,0.66528,12.849,1,0.8882,0.36288,0,94.1337,2.4125,91.1959,0.84672,12.849,0.84672,3695.15,0,36.966,0.42336,2.03023,1.97322,6.83173,0.826749,9.58507,0.42336,36.966,0.42336,423.524,0,1.02816,0,0,3.05839,2.03023,1.028160,1,0,100.781,0,0,0,100.781,0
32.8303,2.1996,0,0,3.29167,0.155048,0.36288,3.6288,48.9856,0.66528,0,0,1.39952,0.194323,0,0.66528,12.849,1,0.876191,0.36288,0,77.0705,4.15317,72.404,0.84672,12.849,0.84672,3695.15,0,36.966,0.42336,2.33671,1.97324,7.20576,1.10947,9.98288,0.42336,36.966,0.42336,423.524,0,1.02816,0,0,3.36487,2.33671,1.028160,1,0,82.3869,0,0,0,82.3869,0
33.0057,2.21068,0,0,2.90507,0.156165,0.36288,3.6288,49.4347,0.66528,0,0,1.30958,0.195194,0,0.66528,12.849,1,0.865207,0.36288,0,67.176,4.15317,62.5205,0.84672,12.849,0.84672,3695.15,0,36.966,0.42336,1.91593,1.96409,6.36752,1.10947,8.71472,0.42336,36.966,0.42336,423.524,0,1.02816,0,0,2.94409,1.91593,1.028160,1,0,71.2352,0,0,0,71.2352,0
32.8899,2.21406,0,0,2.61769,0.156506,0.36288,3.6288,49.7341,0.66528,0,0,1.16059,0.195919,0,0.66528,12.849,1,0.861926,0.36288,0,58.6395,4.15317,53.9873,0.84672,12.849,0.84672,3695.15,0,36.966,0.42336,1.61755,1.96411,5.75016,1.10947,7.799,0.42336,36.966,0.42336,423.524,0,1.02816,0,0,2.64571,1.61755,1.028160,1,0,61.7863,0,0,0,61.7863,0
32.5847,2.21195,0,0,2.40557,0.135937,0.36288,3.6288,50.003,0.66528,0,0,1.09392,0.159697,0,0.66528,12.849,1,0.864136,0.36288,0,56.2466,3.32745,52.4179,0.84672,12.849,0.84672,3695.15,0,36.966,0.42336,1.49691,1.96413,5.2036,0.900039,7.34123,0.42336,36.966,0.42336,423.524,0,1.02816,0,0,2.52507,1.49691,1.028160,1,0,59.7591,0,0,0,59.7591,0
31.8993,2.32528,0,0,2.11559,0.112908,0.36288,3.6288,50.0911,0.66528,0,0,0.915434,0.16208,0,0.66528,12.849,1,0.916917,0.36288,0,45.6907,3.57513,41.5615,0.84672,12.849,0.84672,3695.15,0,36.966,0.42336,1.60755,1.96415,4.7412,1.00922,6.88032,0.42336,36.966,0.42336,423.524,0,1.02816,0,0,2.63571,1.60755,1.028160,1,0,48.4418,0,0,0,48.4418,0
31.0553,2.31131,0,0,1.92546,0.0952006,0.36288,3.6288,50.1519,0.66528,0,0,0.889773,0.16372,0,0.66528,12.849,1,0.930992,0.36288,0,40.5896,3.76089,36.2606,0.84672,12.849,0.84672,3695.15,0,36.966,0.42336,1.30084,1.99528,4.59632,1.0911,6.37797,0.42336,36.966,0.42336,423.524,0,1.02816,0,0,2.329,1.30084,1.028160,1,0,42.6386,0,0,0,42.6386,0
30.1088,2.29348,0,0,1.804,0.0941868,0.36288,3.6288,50.1577,0.66528,0,0,0.834909,0.163802,0,0.66528,12.849,1,0.948919,0.36288,0,37.8715,3.76089,33.5246,0.84672,12.849,0.84672,3695.15,0,36.966,0.42336,1.2258,1.9953,4.10982,1.0911,5.81646,0.42336,36.966,0.42336,423.524,0,1.02816,0,0,2.25396,1.2258,1.028160,1,0,39.3411,0,0,0,39.3411,0
29.0856,2.27265,0,0,1.69248,0.0801116,0.36288,3.6288,50.1042,0.66528,0,0,0.791148,0.179383,0,0.66528,12.849,1,0.969859,0.36288,0,35.3107,4.15038,30.5534,0.84672,12.849,0.84672,3695.15,0,36.966,0.42336,1.08873,1.99532,4.0325,1.14639,5.54678,0.42336,36.966,0.42336,423.524,0,1.02816,0,0,2.11689,1.08873,1.028160,1,0,36.1002,0,0,0,36.1002,0
28.0065,2.24906,0,0,1.58766,0.0547937,0.36288,3.6288,49.9304,0.66528,0,0,0.716482,0.225021,0,0.66528,12.849,1,0.993554,0.36288,0,32.1823,5.16088,26.3907,0.84672,12.849,0.84672,3695.15,0,36.966,0.42336,0.881107,1.99534,3.63873,1.30171,4.7901,0.42336,36.966,0.42336,423.524,0,1.02816,0,0,1.90927,0.881107,1.028160,1,0,31.1808,0,0,0,31.1808,0
26.8599,2.20038,0,0,1.48932,0.0726675,0.36288,3.6288,49.5945,0.686007,0,0,0.59177,0.241675,0,0.66528,12.849,1,1.0095,0.36288,0,27.6045,5.25283,21.7051,0.84672,12.849,0.84672,3695.15,0,36.966,0.42336,0.30119,1.99535,3.1301,1.34441,3.65888,0.42336,36.966,0.42336,423.524,0,1.00743,0,0,1.30862,0.30119,1.028160,1,0,25.364,0,0,0,25.364,0
25.6489,2.1713,0,0,1.39462,0.0715207,0.36288,3.6288,49.151,0.764994,0,0,0.562571,0.241009,0,0.66528,12.849,1,1.03869,0.36288,0,27.5683,5.25283,21.6396,0.84672,12.849,0.84672,3695.15,0,36.966,0.42336,0.30119,1.98922,3.2167,1.34441,3.73934,0.42336,36.966,0.42336,423.524,0,0.928446,0,0,1.22964,0.30119,1.028160,1,0,25.379,0,0,0,25.379,0
24.3453,2.13869,0,0,1.26833,0.0703094,0.36288,3.6288,48.7185,0.741018,0,0,0.548574,0.24013,0,0.66528,12.849,1,1.0714,0.36288,0,27.0288,5.25283,21.0674,0.84672,12.849,0.84672,3695.15,0,36.966,0.42336,0.261274,1.98924,3.08217,1.34441,3.56492,0.42336,36.966,0.42336,423.524,0,0.952422,0,0,1.2137,0.261274,1.028160,1,0,24.6323,0,0,0,24.6323,0
22.9634,2.10121,0,0,1.15121,0.0690056,0.36288,3.6288,48.116,0.877867,0,0,0.514649,0.239273,0,0.66528,12.849,1,1.10898,0.36288,0,24.0849,5.25283,18.0859,0.84672,12.849,0.84672,3695.15,0,36.966,0.42336,0.261274,1.98926,2.98159,1.34441,3.46435,0.42336,36.966,0.42336,423.524,0,0.815573,0,0,1.07685,0.261274,1.028160,1,0,21.5503,0,0,0,21.5503,0
21.4052,2.11286,0,0,0.975404,0.0578615,0.36288,3.6288,47.3074,0.95459,0,0,0.427613,0.28164,0,0.66528,12.849,1,1.18224,0.36288,0,22.9394,5.86864,16.2514,0.84672,12.849,0.84672,3695.15,0,36.966,0.42336,0.261274,1.98928,2.3194,1.50334,2.64326,0.42336,36.966,0.42336,423.524,0,0.73885,0,0,1.00012,0.261274,1.028160,1,0,18.8946,0,0,0,18.8946,0
19.8235,2.05915,0,0,0.898525,0.0582538,0.36288,3.6288,46.4748,0.928878,0,0,0.371766,0.275395,0,0.66528,12.849,1,1.23605,0.36288,0,17.6167,5.8066,10.9369,0.84672,12.849,0.84672,3695.15,0,36.966,0.42336,0.261274,2.00519,2.09425,1.46972,2.46764,0.42336,36.966,0.42336,423.524,0,0.764562,0,0,1.02584,0.261274,1.028160,1,0,13.4046,0,0,0,13.4046,0
18.2214,1.99937,0,0,0.817206,0.0569985,0.36288,3.6288,45.4589,1.08877,0,0,0.346222,0.273416,0,0.66528,12.849,1,1.29594,0.36288,0,16.4227,5.8066,9.68308,0.84672,12.849,0.84672,3695.15,0,36.966,0.42336,0.261274,2.00521,1.86638,1.46972,2.23979,0.42336,36.966,0.42336,423.524,0,0.60467,0,0,0.865944,0.261274,1.028160,1,0,11.9229,0,0,0,11.9229,0
16.7642,1.93261,0,0,0.889929,0.05162,0.36288,3.6288,44.7687,0.829578,0,0,0.40867,0.269254,0,0.66528,12.849,1,1.3628,0.36288,0,16.5003,5.91474,9.58566,0.84672,12.849,0.84672,3695.15,0,36.966,0.42336,0.227405,2.00523,2.63895,1.49562,2.9526,0.42336,36.966,0.42336,423.524,0,0.863862,0,0,1.09127,0.227405,1.028160,1,0,12.5383,0,0,0,12.5383,0
15.1975,2.00622,0,0,0.851005,0.0486573,0.36288,3.6288,43.9173,0.952405,0,0,0.359217,0.258202,0,0.66528,12.849,1,1.53767,0.36288,0,15.2061,5.84528,8.18599,0.84672,12.849,0.84672,3695.15,0,36.966,0.42336,0.227405,2.00525,2.20954,1.54306,2.47577,0.42336,36.966,0.42336,423.524,0,0.741035,0,0,0.96844,0.227405,1.028160,1,0,10.6618,0,0,0,10.6618,0
13.6801,1.92038,0,0,0.818044,0.0521311,0.36288,3.6288,42.848,1.11763,0,0,0.325884,0.277592,0,0.66528,12.849,1,1.62362,0.36288,0,14.9481,5.58548,8.10185,0.84672,12.849,0.84672,3695.15,0,36.966,0.42336,0.227405,2.05181,1.73891,1.53848,2.05629,0.42336,36.966,0.42336,423.524,0,0.575813,0,0,0.803218,0.227405,1.028160,1,0,10.1581,0,0,0,10.1581,0
12.1129,1.82758,0,0,0.673661,0.0504711,0.36288,3.6288,41.6457,1.21113,0,0,0.283643,0.274787,0,0.66528,12.849,1,1.71654,0.36288,0,18.5573,5.58548,11.6181,0.84672,12.849,0.84672,3695.15,0,36.966,0.42336,0.227405,2.05184,1.55137,1.53848,1.86877,0.42336,36.966,0.42336,423.524,0,0.482311,0,0,0.709716,0.227405,1.028160,1,0,13.4869,0,0,0,13.4869,0
10.7266,1.71985,0,0,0.745226,0.0487566,0.36288,3.6288,40.7949,0.968784,0,0,0.389639,0.271633,0,0.66528,12.849,1,1.82438,0.36288,0,15.9103,5.58548,8.86333,0.84672,12.849,0.84672,3695.15,0,36.966,0.42336,0.204422,2.05186,1.85392,1.53848,2.14836,0.42336,36.966,0.42336,423.524,0,0.724656,0,0,0.929078,0.204422,1.028160,1,0,11.0117,0,0,0,11.0117,0
9.43767,1.61263,0,0,0.736786,0.0502025,0.36288,3.6288,39.9634,0.928532,0,0,0.359099,0.26209,0,0.66528,12.849,1,1.93171,0.36288,0,16.8556,5.29464,9.99213,0.84672,12.849,0.84672,3695.15,0,36.966,0.42336,0.204422,2.05188,2.22229,1.42347,2.63175,0.42336,36.966,0.42336,423.524,0,0.764908,0,0,0.96933,0.204422,1.028160,1,0,12.6239,0,0,0,12.6239,0
8.59694,1.44969,0,0,1.03356,0.0617142,0.36288,3.6288,39.7059,0.66528,0,0,0.664927,0.25715,0,0.66528,12.849,1,1.9737,0.36288,0,21.6053,4.84355,15.1509,0.84672,12.849,0.84672,3695.15,0,36.966,0.42336,0.397405,2.0519,3.14836,1.23708,3.93722,0.42336,36.966,0.42336,423.524,0,1.02816,0,0,1.42557,0.397405,1.028160,1,0,19.0881,0,0,0,19.0881,0
7.69382,1.37236,0,0,0.892331,0.0602092,0.36288,3.6288,39.7468,0.66528,0,0,0.962688,0.256528,0,0.66528,12.849,1,2.05114,0.36288,0,18.6999,4.84355,12.1681,0.84672,12.849,0.84672,3695.15,0,36.966,0.42336,1.42743,2.02923,3.58785,1.23708,5.38407,0.42336,36.966,0.42336,423.524,0,1.02816,0,0,2.45559,1.42743,1.028160,1,0,17.5522,0,0,0,17.5522,0
6.76448,1.28223,0,0,0.774369,0.0585926,0.36288,3.6288,39.3576,0.66528,0,0,0.532721,0.256627,0,0.66528,12.849,1,2.14138,0.36288,0,19.2012,4.84355,12.5791,0.84672,12.849,0.84672,3695.15,0,36.966,0.42336,0.402304,2.02925,2.66124,1.23708,3.43235,0.42336,36.966,0.42336,423.524,0,1.02816,0,0,1.43046,0.402304,1.028160,1,0,16.0115,0,0,0,16.0115,0
5.91713,1.18081,0,0,0.753261,0.0569291,0.36288,3.6288,38.9295,0.66528,0,0,0.492827,0.255685,0,0.66528,12.849,1,2.24292,0.36288,0,17.5399,4.84355,10.8163,0.84672,12.849,0.84672,3695.15,0,36.966,0.42336,0.279893,2.02927,2.61493,1.23708,3.26365,0.42336,36.966,0.42336,423.524,0,1.02816,0,0,1.30805,0.279893,1.028160,1,0,14.08,0,0,0,14.08,0
5.84753,1.04823,0,0,1.42517,0.0836571,0.36288,3.6288,38.8831,0.66528,0,0,0.800564,0.181686,0,0.66528,12.849,1,2.27622,0.36288,0,22.4816,3.83298,16.7353,0.84672,12.849,0.84672,3695.15,0,36.966,0.42336,0.666118,2.02929,3.95507,0.808029,5.4191,0.42336,36.966,0.42336,423.524,0,1.02816,0,0,1.69428,0.666118,1.028160,1,0,22.1544,0,0,0,22.1544,0
6.17325,1.03979,0,0,1.8448,0.116406,0.36288,3.6288,38.7256,0.66528,0,0,0.686124,0.17831,0,0.66528,12.849,1,2.28477,0.36288,0,26.5302,4.11915,20.4892,0.84672,12.849,0.84672,3695.15,0,36.966,0.42336,0.537961,2.01069,3.89577,0.957015,5.06405,0.42336,36.966,0.42336,423.524,0,1.02816,0,0,1.56612,0.537961,1.028160,1,0,25.5533,0,0,0,25.5533,0
6.18146,1.07895,0,0,1.56767,0.117633,0.36288,3.6288,38.6523,0.66528,0,0,0.770023,0.178043,0,0.66528,12.849,1,2.24572,0.36288,0,21.6873,4.11915,15.6853,0.84672,12.849,0.84672,3695.15,0,36.966,0.42336,0.891812,2.01071,4.3301,0.957015,5.85225,0.42336,36.966,0.42336,423.524,0,1.02816,0,0,1.91997,0.891812,1.028160,1,0,21.5375,0,0,0,21.5375,0
9.44953,1.07995,0,0,4.82857,0.117664,0.36288,3.6288,40.2733,0.66528,0,0,2.46421,0.177919,0,0.66528,12.849,1,2.24482,0.36288,0,75.1383,4.11915,69.1372,0.84672,12.849,0.84672,3695.15,0,36.966,0.42336,5.11212,2.01073,10.2964,0.957015,16.0388,0.42336,36.966,0.42336,423.524,0,1.02816,0,0,6.14028,5.11212,1.028160,1,0,85.176,0,0,0,85.176,0
13.9342,1.28937,0,0,6.2674,0.130508,0.36288,3.6288,41.8767,0.66528,0,0,2.44487,0.176181,0,0.66528,12.849,1,1.75322,0.36288,0,82.7277,3.89771,77.4397,0.84672,12.849,0.84672,3695.15,0,36.966,0.42336,2.53534,2.01075,8.69426,0.941085,11.8759,0.42336,36.966,0.42336,423.524,0,1.02816,0,0,3.5635,2.53534,1.028160,1,0,89.3156,0,0,0,89.3156,0
16.9339,1.58299,0,0,5.09116,0.1456,0.36288,3.6288,42.4705,0.66528,0,0,1.43188,0.172853,0,0.66528,12.849,1,1.45971,0.36288,0,81.9893,3.60245,77.29,0.84672,12.849,0.84672,3695.15,0,36.966,0.42336,3.60134,1.95787,7.23341,0.919846,11.4494,0.42336,36.966,0.42336,423.524,0,1.02816,0,0,4.6295,3.60134,1.028160,1,0,88.7394,0,0,0,88.7394,0
18.0103,1.73006,0,0,3.32371,0.154364,0.36288,3.6288,42.4808,0.66528,0,0,0.849476,0.173842,0,0.66528,12.849,1,1.31273,0.36288,0,46.5254,3.60245,41.9731,0.84672,12.849,0.84672,3695.15,0,36.966,0.42336,1.38247,1.95789,6.08221,0.919846,8.07937,0.42336,36.966,0.42336,423.524,0,1.02816,0,0,2.41063,1.38247,1.028160,1,0,50.0524,0,0,0,50.0524,0
19.721,1.77591,0,0,4.01847,0.168947,0.36288,3.6288,42.5268,0.66528,0,0,0.903537,0.192286,0,0.66528,12.849,1,1.26698,0.36288,0,47.2172,4.05958,42.2535,0.84672,12.849,0.84672,3695.15,0,36.966,0.42336,1.75062,1.95791,8.15634,1.06245,10.3791,0.42336,36.966,0.42336,423.524,0,1.02816,0,0,2.77878,1.75062,1.028160,1,0,52.6325,0,0,0,52.6325,0
21.4788,1.84252,0,0,4.14565,0.182428,0.36288,3.6288,42.7377,0.66528,0,0,1.08237,0.206197,0,0.66528,12.849,1,1.20047,0.36288,0,75.6307,4.40244,70.3906,0.84672,12.849,0.84672,3695.15,0,36.966,0.42336,1.91898,1.95793,8.18873,1.1694,10.4729,0.42336,36.966,0.42336,423.524,0,1.02816,0,0,2.94714,1.91898,1.028160,1,0,80.8635,0,0,0,80.8635,0
23.1734,1.97199,0,0,4.21399,0.184548,0.36288,3.6288,43.5399,0.66528,0,0,1.65369,0.186183,0,0.66528,12.849,1,1.17968,0.36288,0,106.562,3.79281,101.953,0.84672,12.849,0.84672,3695.15,0,36.966,0.42336,2.10419,1.95795,7.16538,1.01385,9.7903,0.42336,36.966,0.42336,423.524,0,1.02816,0,0,3.13235,2.10419,1.028160,1,0,111.743,0,0,0,111.743,0
25.0116,2.02753,0,0,4.41744,0.188804,0.36288,3.6288,44.8245,0.66528,0,0,2.13749,0.187611,0,0.66528,12.849,1,1.12421,0.36288,0,90.8461,3.79281,86.292,0.84672,12.849,0.84672,3695.15,0,36.966,0.42336,2.63931,1.97831,9.24645,1.01385,12.4269,0.42336,36.966,0.42336,423.524,0,1.02816,0,0,3.66747,2.63931,1.028160,1,0,98.7189,0,0,0,98.7189,0
27.3907,2.08215,0,0,5.01794,0.193891,0.36288,3.6288,45.8243,0.66528,0,0,1.85493,0.189896,0,0.66528,12.849,1,1.06965,0.36288,0,52.2043,3.79281,47.7048,0.84672,12.849,0.84672,3695.15,0,36.966,0.42336,2.5126,1.97832,8.15867,1.01385,11.2124,0.42336,36.966,0.42336,423.524,0,1.02816,0,0,3.54076,2.5126,1.028160,1,0,58.9171,0,0,0,58.9171,0
31.6057,2.14544,0,0,6.93266,0.20925,0.36288,3.6288,46.8149,0.66528,0,0,1.86319,0.207257,0,0.66528,12.849,1,1.00643,0.36288,0,145.709,3.92034,141.145,0.84672,12.849,0.84672,3695.15,0,36.966,0.42336,2.68299,1.97834,11.5302,1.05837,14.7098,0.42336,36.966,0.42336,423.524,0,1.02816,0,0,3.71115,2.68299,1.028160,1,0,155.855,0,0,0,155.855,0
34.9662,2.48885,0,0,6.41665,0.204486,0.36288,3.6288,47.9943,0.66528,0,0,2.03167,0.187011,0,0.66528,12.849,1,1.01182,0.36288,0,145.856,3.6517,141.556,0.84672,12.849,0.84672,3695.15,0,36.966,0.42336,3.13438,1.97835,11.2221,0.980754,14.9307,0.42336,36.966,0.42336,423.524,0,1.02816,0,0,4.16254,3.13438,1.028160,1,0,156.486,0,0,0,156.486,0
37.496,2.56001,0,0,5.63526,0.182573,0.36288,3.6288,48.7748,0.66528,0,0,1.61048,0.164714,0,0.66528,12.849,1,0.940727,0.36288,0,151.583,3.25962,147.745,0.84672,12.849,0.84672,3695.15,0,36.966,0.42336,2.58873,2.04371,12.1824,0.893382,15.4981,0.42336,36.966,0.42336,423.524,0,1.02816,0,0,3.61689,2.58873,1.028160,1,0,163.243,0,0,0,163.243,0
39.6343,2.60734,0,0,5.29676,0.188179,0.36288,3.6288,50.3209,0.66528,0,0,2.37716,0.165785,0,0.66528,12.849,1,0.893475,0.36288,0,115.137,3.25962,111.346,0.84672,12.849,0.84672,3695.15,0,36.966,0.42336,2.92748,2.04373,8.62842,0.893382,12.2829,0.42336,36.966,0.42336,423.524,0,1.02816,0,0,3.95564,2.92748,1.028160,1,0,123.629,0,0,0,123.629,0
40.7291,2.6438,0,0,4.28493,0.183448,0.36288,3.6288,51.4234,0.66528,0,0,1.96134,0.193529,0,0.66528,12.849,1,0.857091,0.36288,0,144.254,3.91482,139.845,0.84672,12.849,0.84672,3695.15,0,36.966,0.42336,2.5037,2.04374,9.06993,1.09836,12.0956,0.42336,36.966,0.42336,423.524,0,1.02816,0,0,3.53186,2.5037,1.028160,1,0,151.941,0,0,0,151.941,0
43.6687,2.28323,0,0,5.81621,0.230555,0.36288,3.6288,53.7381,0.66528,0,0,3.1577,0.177745,0,0.66528,12.849,1,0.720302,0.36288,0,251.077,3.97299,246.746,0.84672,12.849,0.84672,3695.15,0,36.966,0.42336,3.58232,2.04376,12.4973,1.02661,16.6734,0.42336,36.966,0.42336,423.524,0,1.02816,0,0,4.61048,3.58232,1.028160,1,0,263.42,0,0,0,263.42,0
48.3706,2.32075,0,0,7.66212,0.27653,0.36288,3.6288,54.8428,0.66528,0,0,1.93939,0.169396,0,0.66528,12.849,1,0.682853,0.36288,0,241.29,4.08692,236.883,0.84672,12.849,0.84672,3695.15,0,36.966,0.42336,3.7761,1.95055,14.5229,1.01856,18.8076,0.42336,36.966,0.42336,423.524,0,1.02816,0,0,4.80426,3.7761,1.028160,1,0,255.691,0,0,0,255.691,0
56.82,2.37325,0,0,11.4769,0.291422,0.36288,3.6288,59.5342,0.66528,0,0,5.52735,0.170659,0,0.66528,12.849,1,0.630421,0.36288,0,260.271,4.08692,255.917,0.84672,12.849,0.84672,3695.15,0,36.966,0.42336,8.6368,1.95056,21.874,1.01856,31.0194,0.42336,36.966,0.42336,423.524,0,1.02816,0,0,9.66496,8.6368,1.028160,1,0,286.936,0,0,0,286.936,0
67.0974,2.44976,0,0,13.4088,0.31889,0.36288,3.6288,61.308,0.66528,0,0,4.62486,0.131027,2.05477,0.66528,12.849,1,0.553976,0.36288,0,249.134,3.87853,245.064,0.84672,12.849,0.84672,3695.15,0,36.966,0.42336,6.3161,1.95058,22.8073,0.943457,29.7071,0.42336,36.966,0.42336,423.524,0,1.02816,0,0,7.34426,6.3161,1.028160,1,0,276.826,0,0,0,276.826,0
71.9967,2.52103,0,0,8.13508,0.351802,0.36288,3.6288,61.308,0.66528,0,0,2.65402,0.108803,1.87993,0.66528,12.849,1,0.482772,0.36288,0,192.674,3.84371,188.71,0.84672,12.849,0.84672,3695.15,0,36.966,0.42336,3.96152,1.95059,13.9015,0.892784,18.4975,0.42336,36.966,0.42336,423.524,0,1.02816,0,0,4.98968,3.96152,1.028160,1,0,209.088,0,0,0,209.088,0
72.29,2.65522,0,0,8.32965,0.380883,5.00028,3.6288,61.308,0.66528,0,0,7.03823,0.170931,6.20202,0.66528,12.849,1,0.473868,5.00028,0,228.628,4.57244,228.582,0.84672,12.849,0.84672,3695.15,0,36.966,0.42336,7.98561,1.9506,20.2198,0.926693,28.8059,0.42336,36.966,0.42336,423.524,0,1.02816,0,0,9.01377,7.98561,1.028160,1,0,263.59,0,0,0,263.59,0
72.29,2.65691,0,0,8.69504,0.381733,5.65639,3.6288,61.308,0.66528,0,0,6.37497,0.170931,5.53876,0.66528,12.849,1,0.472246,5.65639,0,219.269,4.57244,219.88,0.84672,12.849,0.84672,3695.15,0,36.966,0.42336,7.60717,1.97408,18.4882,0.926693,26.7194,0.42336,36.966,0.42336,423.524,0,1.02816,0,0,8.63533,7.60717,1.028160,1,0,252.138,0,0,0,252.138,0
72.29,2.65697,0,0,6.8269,0.381733,3.78819,3.6288,61.308,0.66528,0,0,5.06057,0.170931,4.22436,0.66528,12.849,1,0.472257,3.78819,0,216.126,4.57244,214.87,0.84672,12.849,0.84672,3695.15,0,36.966,0.42336,6.00687,1.97409,15.5423,0.926693,22.1732,0.42336,36.966,0.42336,423.524,0,1.02816,0,0,7.03503,6.00687,1.028160,1,0,241.267,0,0,0,241.267,0
72.29,2.65703,0,0,6.05313,0.306179,3.08992,3.6288,61.308,0.66528,0,0,4.7939,0.173433,3.95518,0.66528,12.849,1,0.472267,3.08992,0,162.492,3.87177,161.238,0.84672,12.849,0.84672,3695.15,0,36.966,0.42336,5.66119,1.97411,12.6635,0.94636,18.929,0.42336,36.966,0.42336,423.524,0,1.02816,0,0,6.68935,5.66119,1.028160,1,0,184.123,0,0,0,184.123,0
72.29,2.61551,0,0,4.71139,0.259661,1.83622,3.6288,61.308,0.66528,0,0,2.48935,0.211363,1.61271,0.66528,12.849,1,0.464888,1.83622,0,109.769,4.52061,106.62,0.84672,12.849,0.84672,3695.15,0,36.966,0.42336,3.75509,1.97412,10.3396,1.05985,14.5856,0.42336,36.966,0.42336,423.524,0,1.02816,0,0,4.78325,3.75509,1.028160,1,0,122.818,0,0,0,122.818,0
72.29,2.61557,0,0,4.10924,0.261574,1.23209,3.6288,61.308,0.66528,0,0,2.01264,0.213334,1.13402,0.66528,12.849,1,0.464898,1.23209,0,102.6,4.57012,98.7971,0.84672,12.849,0.84672,3695.15,0,36.966,0.42336,2.76761,1.96496,8.31099,1.07053,11.5497,0.42336,36.966,0.42336,423.524,0,1.02816,0,0,3.79577,2.76761,1.028160,1,0,111.481,0,0,0,111.481,0
72.29,2.61563,0,0,3.85859,0.261574,0.981388,3.6288,61.308,0.66528,0,0,1.8521,0.213334,0.973482,0.66528,12.849,1,0.464908,0.981388,0,91.8501,4.57012,87.7965,0.84672,12.849,0.84672,3695.15,0,36.966,0.42336,2.14448,1.96497,7.67232,1.07053,10.2879,0.42336,36.966,0.42336,423.524,0,1.02816,0,0,3.17264,2.14448,1.028160,1,0,99.0578,0,0,0,99.0578,0
72.29,2.61569,0,0,3.52696,0.241594,0.669681,3.6288,61.308,0.66528,0,0,1.71949,0.226147,0.828062,0.66528,12.849,1,0.464918,0.669681,0,83.8529,4.85011,79.2076,0.84672,12.849,0.84672,3695.15,0,36.966,0.42336,2.04147,1.96498,6.55292,1.10979,9.02622,0.42336,36.966,0.42336,423.524,0,1.02816,0,0,3.06963,2.04147,1.028160,1,0,89.0619,0,0,0,89.0619,0
72.1571,2.75688,0,0,3.23502,0.248129,0.36288,3.6288,61.308,0.66528,0,0,1.5838,0.222889,0.695629,0.66528,12.849,1,0.490014,0.36288,0,69.9391,4.53405,65.2779,0.84672,12.849,0.84672,3695.15,0,36.966,0.42336,1.9312,1.96499,6.46949,0.963338,8.97899,0.42336,36.966,0.42336,423.524,0,1.02816,0,0,2.95936,1.9312,1.028160,1,0,74.9525,0,0,0,74.9525,0
71.8703,2.75617,0,0,3.06329,0.231092,0.36288,3.6288,61.308,0.66528,0,0,1.63121,0.211894,0.75404,0.66528,12.849,1,0.490791,0.36288,0,63.9925,4.65627,59.2083,0.84672,12.849,0.84672,3695.15,0,36.966,0.42336,2.05069,1.99616,6.49941,0.940336,9.18255,0.42336,36.966,0.42336,423.524,0,1.02816,0,0,3.07885,2.05069,1.028160,1,0,69.1449,0,0,0,69.1449,0
71.4532,2.75457,0,0,2.85198,0.15166,0.36288,3.6288,61.308,0.66528,0,0,1.44374,0.240055,0.5384,0.66528,12.849,1,0.492463,0.36288,0,62.3633,5.03412,57.1996,0.84672,12.849,0.84672,3695.15,0,36.966,0.42336,1.84669,1.99617,6.0647,1.01635,8.46784,0.42336,36.966,0.42336,423.524,0,1.02816,0,0,2.87485,1.84669,1.028160,1,0,66.2059,0,0,0,66.2059,0
70.7806,2.75219,0,0,2.59375,0.151179,0.36288,3.6288,61.308,0.66528,0,0,1.16589,0.240055,0.260555,0.66528,12.849,1,0.494911,0.36288,0,56.7685,5.03412,51.6024,0.84672,12.849,0.84672,3695.15,0,36.966,0.42336,1.40506,1.99618,5.42206,1.01635,7.38359,0.42336,36.966,0.42336,423.524,0,1.02816,0,0,2.43322,1.40506,1.028160,1,0,59.2465,0,0,0,59.2465,0
70.2037,2.74827,0,0,2.68692,0.152729,0.36288,3.6288,61.308,0.66528,0,0,0.999786,0.237634,0.0968726,0.66528,12.849,1,0.498902,0.36288,0,55.2686,5.02302,50.1096,0.84672,12.849,0.84672,3695.15,0,36.966,0.42336,1.34511,1.9962,5.47137,1.02845,7.36087,0.42336,36.966,0.42336,423.524,0,1.02816,0,0,2.37327,1.34511,1.028160,1,0,57.5673,0,0,0,57.5673,0
70.4359,2.71708,0,0,3.45625,0.144084,0.36288,3.6288,61.308,0.66528,0,0,1.2461,0.231405,0.34941,0.66528,12.849,1,0.497292,0.36288,0,73.5592,5.02053,68.4043,0.84672,12.849,0.84672,3695.15,0,36.966,0.42336,1.74038,1.99621,6.86837,1.12009,9.06151,0.42336,36.966,0.42336,423.524,0,1.02816,0,0,2.76854,1.74038,1.028160,1,0,77.8152,0,0,0,77.8152,0
70.5147,2.71853,0,0,3.24988,0.0896402,0.36288,3.6288,61.308,0.66528,0,0,1.2424,0.25216,0.324958,0.66528,12.849,1,0.495917,0.36288,0,68.4383,5.18081,63.1245,0.84672,12.849,0.84672,3695.15,0,36.966,0.42336,1.62585,1.99006,6.82353,1.16769,8.84839,0.42336,36.966,0.42336,423.524,0,1.02816,0,0,2.65401,1.62585,1.028160,1,0,72.2978,0,0,0,72.2978,0
70.3593,2.71905,0,0,3.01609,0.0896289,0.36288,3.6288,61.308,0.66528,0,0,1.23501,0.25216,0.31757,0.66528,12.849,1,0.495459,0.36288,0,62.8975,5.18081,57.5841,0.84672,12.849,0.84672,3695.15,0,36.966,0.42336,1.67792,1.99008,6.25346,1.16769,8.33041,0.42336,36.966,0.42336,423.524,0,1.02816,0,0,2.70608,1.67792,1.028160,1,0,66.2321,0,0,0,66.2321,0
69.9925,2.71819,0,0,2.80387,0.0895217,0.36288,3.6288,61.308,0.66528,0,0,1.23058,0.25216,0.313138,0.66528,12.849,1,0.496395,0.36288,0,58.7195,5.18081,53.4052,0.84672,12.849,0.84672,3695.15,0,36.966,0.42336,1.70628,1.99009,6.08123,1.16769,8.18655,0.42336,36.966,0.42336,423.524,0,1.02816,0,0,2.73444,1.70628,1.028160,1,0,61.9049,0,0,0,61.9049,0
69.6613,2.78778,0,0,2.90441,0.0849929,0.36288,3.6288,61.308,0.66528,0,0,1.08756,0.296103,0.126177,0.66528,12.849,1,0.511772,0.36288,0,57.542,5.69838,51.6947,0.84672,12.849,0.84672,3695.15,0,36.966,0.42336,1.69494,1.9901,5.78533,1.40328,7.64373,0.42336,36.966,0.42336,423.524,0,1.02816,0,0,2.7231,1.69494,1.028160,1,0,59.4646,0,0,0,59.4646,0
69.3214,2.78579,0,0,2.89307,0.0842772,0.36288,3.6288,61.308,0.66528,0,0,1.04367,0.304081,0.0743079,0.66528,12.849,1,0.513838,0.36288,0,54.552,5.78455,48.6165,0.84672,12.849,0.84672,3695.15,0,36.966,0.42336,1.77072,2.00603,5.77408,1.46852,7.65895,0.42336,36.966,0.42336,423.524,0,1.02816,0,0,2.79888,1.77072,1.028160,1,0,56.3498,0,0,0,56.3498,0
68.6528,2.78373,0,0,2.56201,0.0840555,0.36288,3.6288,61.308,0.66528,0,0,0.980078,0.304081,0.0107176,0.66528,12.849,1,0.515975,0.36288,0,51.3979,5.78455,45.4602,0.84672,12.849,0.84672,3695.15,0,36.966,0.42336,1.57741,2.00604,5.71788,1.46852,7.40946,0.42336,36.966,0.42336,423.524,0,1.02816,0,0,2.60557,1.57741,1.028160,1,0,52.8804,0,0,0,52.8804,0
67.754,2.77955,0,0,2.32731,0.0836192,0.36288,3.6288,61.2922,0.66528,0,0,0.953519,0.304081,0,0.66528,12.849,1,0.520219,0.36288,0,48.383,5.78455,42.4411,0.84672,12.849,0.84672,3695.15,0,36.966,0.42336,1.40911,2.00605,5.51375,1.46852,7.03704,0.42336,36.966,0.42336,423.524,0,1.02816,0,0,2.43727,1.40911,1.028160,1,0,49.4781,0,0,0,49.4781,0
66.4074,2.98283,0,0,2.06696,0.0678561,0.36288,3.6288,61.308,0.66528,0,0,0.992926,0.311211,0.000593706,0.66528,12.849,1,0.56567,0.36288,0,44.9252,6.01191,38.7105,0.84672,12.849,0.84672,3695.15,0,36.966,0.42336,1.53597,2.00607,5.57423,1.49115,7.20175,0.42336,36.966,0.42336,423.524,0,1.02816,0,0,2.56413,1.53597,1.028160,1,0,45.9129,0,0,0,45.9129,0
64.9403,2.97329,0,0,1.95062,0.0816026,0.36288,3.6288,61.308,0.66528,0,0,1.00591,0.304413,0.0362191,0.66528,12.849,1,0.575293,0.36288,0,39.0186,5.73395,33.0722,0.84672,12.849,0.84672,3695.15,0,36.966,0.42336,1.76939,2.05268,5.75959,1.44257,7.71572,0.42336,36.966,0.42336,423.524,0,1.02816,0,0,2.79755,1.76939,1.028160,1,0,40.8242,0,0,0,40.8242,0
63.5256,2.9625,0,0,1.99136,0.0806517,0.36288,3.6288,61.3017,0.66528,0,0,0.963369,0.304413,0,0.66528,12.849,1,0.586156,0.36288,0,35.9984,5.73395,30.0412,0.84672,12.849,0.84672,3695.15,0,36.966,0.42336,1.65551,2.05269,5.90466,1.44257,7.74693,0.42336,36.966,0.42336,423.524,0,1.02816,0,0,2.68367,1.65551,1.028160,1,0,37.7881,0,0,0,37.7881,0
63.0942,2.95171,0,0,2.96766,0.0844866,0.36288,3.6288,61.308,0.66528,0,0,1.14053,0.303328,0.1656,0.66528,12.849,1,0.597027,0.36288,0,46.3392,5.70426,40.4008,0.84672,12.849,0.84672,3695.15,0,36.966,0.42336,2.20495,2.05271,6.47127,1.43893,8.86664,0.42336,36.966,0.42336,423.524,0,1.02816,0,0,3.23311,2.20495,1.028160,1,0,49.433,0,0,0,49.433,0
63.9099,2.94838,0,0,4.23274,0.10573,0.36288,3.6288,61.308,0.66528,0,0,1.47393,0.294101,0.514551,0.66528,12.849,1,0.600431,0.36288,0,67.9753,5.64072,62.097,0.84672,12.849,0.84672,3695.15,0,36.966,0.42336,2.35883,2.05272,7.08546,1.41554,9.65811,0.42336,36.966,0.42336,423.524,0,1.02816,0,0,3.38699,2.35883,1.028160,1,0,72.2697,0,0,0,72.2697,0
63.3145,2.85391,0,0,2.65804,0.0366734,0.36288,3.6288,61.0722,0.66528,0,0,0.791199,0.361679,0,0.66528,12.849,1,0.573775,0.36288,0,44.4684,5.61876,38.6388,0.84672,12.849,0.84672,3695.15,0,36.966,0.42336,1.86542,2.05274,7.938,1.57543,9.85736,0.42336,36.966,0.42336,423.524,0,1.02816,0,0,2.89358,1.86542,1.028160,1,0,48.4961,0,0,0,48.4961,0
62.4376,2.84949,0,0,2.4978,0.162278,0.36288,3.6288,61.0284,0.66528,0,0,0.893817,0.272362,0,0.66528,12.849,1,0.578273,0.36288,0,40.3252,3.4251,36.6847,0.84672,12.849,0.84672,3695.15,0,36.966,0.42336,2.02543,2.03004,7.90223,1.02722,10.5071,0.42336,36.966,0.42336,423.524,0,1.02816,0,0,3.05359,2.02543,1.028160,1,0,47.1918,0,0,0,47.1918,0
61.953,2.84282,0,0,2.89641,0.175382,0.36288,3.6288,61.2457,0.66528,0,0,1.1599,0.277308,0,0.66528,12.849,1,0.585021,0.36288,0,42.3547,3.50647,38.6261,0.84672,12.849,0.84672,3695.15,0,36.966,0.42336,2.68588,2.03005,10.8979,1.07382,14.1166,0.42336,36.966,0.42336,423.524,0,1.02816,0,0,3.71404,2.68588,1.028160,1,0,52.7428,0,0,0,52.7428,0
61.385,2.83909,0,0,2.80863,0.174685,0.36288,3.6288,61.308,0.66528,0,0,1.15459,0.27769,0.14935,0.66528,12.849,1,0.588825,0.36288,0,58.4552,3.50647,54.7228,0.84672,12.849,0.84672,3695.15,0,36.966,0.42336,2.664,2.03007,10.9267,1.07382,14.1235,0.42336,36.966,0.42336,423.524,0,1.02816,0,0,3.69216,2.664,1.028160,1,0,68.9957,0,0,0,68.9957,0
61.3198,2.75237,0,0,3.27478,0.224726,0.36288,3.6288,61.308,0.66528,0,0,1.73299,0.250382,0.817332,0.66528,12.849,1,0.576123,0.36288,0,75.1553,3.41396,71.5281,0.84672,12.849,0.84672,3695.15,0,36.966,0.42336,4.07332,2.03008,14.1293,0.942455,18.8668,0.42336,36.966,0.42336,423.524,0,1.02816,0,0,5.10148,4.07332,1.028160,1,0,91.2123,0,0,0,91.2123,0
60.3795,2.75193,0,0,2.43731,0.262728,0.36288,3.6288,61.0994,0.66528,0,0,0.686477,0.22982,0,0.66528,12.849,1,0.576642,0.36288,0,43.9163,3.34456,40.358,0.84672,12.849,0.84672,3695.15,0,36.966,0.42336,0.745528,2.01145,5.94815,0.843932,7.43783,0.42336,36.966,0.42336,423.524,0,1.02816,0,0,1.77369,0.745528,1.028160,1,0,47.7959,0,0,0,47.7959,0
61.5721,2.74458,0,0,4.57101,0.270965,0.36288,3.6288,61.308,0.66528,0,0,1.24498,0.242383,0.128694,0.66528,12.849,1,0.584058,0.36288,0,80.9457,3.62005,77.1044,0.84672,12.849,0.84672,3695.15,0,36.966,0.42336,1.67269,2.01146,13.3802,0.921624,15.7194,0.42336,36.966,0.42336,423.524,0,1.02816,0,0,2.70085,1.67269,1.028160,1,0,92.9525,0,0,0,92.9525,0
62.1818,2.754,0,0,4.0262,0.299621,0.36288,3.6288,61.308,0.66528,0,0,1.3602,0.274912,0.420012,0.66528,12.849,1,0.574711,0.36288,0,74.4701,4.30878,69.9495,0.84672,12.849,0.84672,3695.15,0,36.966,0.42336,2.77535,2.01148,13.3632,1.11585,16.6108,0.42336,36.966,0.42336,423.524,0,1.02816,0,0,3.80351,2.77535,1.028160,1,0,86.9804,0,0,0,86.9804,0
64.5928,2.52455,0,0,5.59882,0.300357,0.36288,3.6288,61.308,0.66528,0,0,2.05376,0.257672,1.13081,0.66528,12.849,1,0.521662,0.36288,0,111.809,4.32552,107.325,0.84672,12.849,0.84672,3695.15,0,36.966,0.42336,3.22339,2.01149,15.0219,1.11533,18.7181,0.42336,36.966,0.42336,423.524,0,1.02816,0,0,4.25155,3.22339,1.028160,1,0,127.174,0,0,0,127.174,0
64.3786,2.54084,0,0,2.99386,0.304341,0.36288,3.6288,61.308,0.66528,0,0,1.20143,0.214572,0.321575,0.66528,12.849,1,0.505432,0.36288,0,82.1258,4.36737,77.6159,0.84672,12.849,0.84672,3695.15,0,36.966,0.42336,2.34407,1.95855,7.92471,1.11403,10.6899,0.42336,36.966,0.42336,423.524,0,1.02816,0,0,3.37223,2.34407,1.028160,1,0,88.6274,0,0,0,88.6274,0
65.0769,2.5395,0,0,3.9044,0.303815,0.36288,3.6288,61.308,0.66528,0,0,1.4607,0.214572,0.580844,0.66528,12.849,1,0.506845,0.36288,0,114.852,4.36737,110.341,0.84672,12.849,0.84672,3695.15,0,36.966,0.42336,2.62829,1.95856,13.3029,1.11403,16.3523,0.42336,36.966,0.42336,423.524,0,1.02816,0,0,3.65645,2.62829,1.028160,1,0,127.274,0,0,0,127.274,0
65.3987,2.54409,0,0,3.51108,0.282296,0.36288,3.6288,61.308,0.66528,0,0,2.99903,0.195969,2.13778,0.66528,12.849,1,0.502315,0.36288,0,127.196,3.72423,123.333,0.84672,12.849,0.84672,3695.15,0,36.966,0.42336,5.28742,1.95857,13.2983,1.03368,19.0873,0.42336,36.966,0.42336,423.524,0,1.02816,0,0,6.31558,5.28742,1.028160,1,0,144.558,0,0,0,144.558,0
65.1749,2.54622,0,0,2.9645,0.279143,0.36288,3.6288,61.308,0.66528,0,0,1.18598,0.192869,0.327829,0.66528,12.849,1,0.50026,0.36288,0,70.798,3.61704,67.0436,0.84672,12.849,0.84672,3695.15,0,36.966,0.42336,2.66407,1.95859,7.88689,1.02029,11.0659,0.42336,36.966,0.42336,423.524,0,1.02816,0,0,3.69223,2.66407,1.028160,1,0,78.4373,0,0,0,78.4373,0
67.3459,2.54478,0,0,5.36286,0.284194,0.36288,3.6288,61.308,0.66528,0,0,2.88314,0.238043,1.97982,0.66528,12.849,1,0.501694,0.36288,0,128.522,4.40877,123.974,0.84672,12.849,0.84672,3695.15,0,36.966,0.42336,3.14275,1.9586,15.1947,1.27558,18.5971,0.42336,36.966,0.42336,423.524,0,1.02816,0,0,4.17091,3.14275,1.028160,1,0,144.551,0,0,0,144.551,0
72.29,2.64969,0,0,11.8414,0.290083,3.95754,3.6288,61.308,0.66528,0,0,5.23269,0.245572,4.32183,0.66528,12.849,1,0.505537,3.95754,0,241.403,4.54072,240.315,0.84672,12.849,0.84672,3695.15,0,36.966,0.42336,8.18548,1.9586,31.2126,1.31813,39.6152,0.42336,36.966,0.42336,423.524,0,1.02816,0,0,9.21364,8.18548,1.028160,1,0,284.252,0,0,0,284.252,0
72.29,2.67908,0,0,11.1986,0.30139,8.21809,3.6288,61.308,0.66528,0,0,4.50362,0.245572,3.59277,0.66528,12.849,1,0.476186,8.21809,0,226.844,4.54072,230.045,0.84672,12.849,0.84672,3695.15,0,36.966,0.42336,6.91939,1.97898,26.3066,1.31813,33.4635,0.42336,36.966,0.42336,423.524,0,1.02816,0,0,7.94755,6.91939,1.028160,1,0,267.102,0,0,0,267.102,0
72.29,2.67911,0,0,9.89245,0.30139,6.91195,3.6288,61.308,0.66528,0,0,3.91153,0.245572,3.00067,0.66528,12.849,1,0.476192,6.91195,0,197.906,4.54072,199.801,0.84672,12.849,0.84672,3695.15,0,36.966,0.42336,7.39409,1.97899,27.3015,1.31813,34.9331,0.42336,36.966,0.42336,423.524,0,1.02816,0,0,8.42225,7.39409,1.028160,1,0,237.735,0,0,0,237.735,0
72.29,2.67914,0,0,8.87561,0.313748,5.88272,3.6288,61.308,0.66528,0,0,6.7136,0.203271,5.84505,0.66528,12.849,1,0.476197,5.88272,0,260.922,3.84381,262.485,0.84672,12.849,0.84672,3695.15,0,36.966,0.42336,6.68546,1.97899,26.8223,1.043,34.0204,0.42336,36.966,0.42336,423.524,0,1.02816,0,0,7.71362,6.68546,1.028160,1,0,302.35,0,0,0,302.35,0
72.29,2.97556,0,0,7.05053,0.352137,3.72284,3.6288,61.308,0.66528,0,0,5.81032,0.178113,4.96693,0.66528,12.849,1,0.528883,3.72284,0,165.753,3.69873,165.248,0.84672,12.849,0.84672,3695.15,0,36.966,0.42336,8.07042,1.979,22.5494,0.898762,31.2767,0.42336,36.966,0.42336,423.524,0,1.02816,0,0,9.09858,8.07042,1.028160,1,0,201.492,0,0,0,201.492,0
72.29,2.97559,0,0,5.49776,0.352137,2.17003,3.6288,61.308,0.66528,0,0,3.9165,0.178113,3.07311,0.66528,12.849,1,0.528889,2.17003,0,118.346,3.69873,116.288,0.84672,12.849,0.84672,3695.15,0,36.966,0.42336,3.61416,2.04442,14.416,0.898762,18.7525,0.42336,36.966,0.42336,423.524,0,1.02816,0,0,4.64232,3.61416,1.028160,1,0,138.114,0,0,0,138.114,0
72.29,2.97563,0,0,4.62745,0.342365,1.30946,3.6288,61.308,0.66528,0,0,3.46581,0.19164,2.60889,0.66528,12.849,1,0.528895,1.30946,0,89.913,3.7248,86.9688,0.84672,12.849,0.84672,3695.15,0,36.966,0.42336,2.7383,2.04443,12.1974,0.921693,15.6351,0.42336,36.966,0.42336,423.524,0,1.02816,0,0,3.76646,2.7383,1.028160,1,0,105.213,0,0,0,105.213,0
72.29,2.97566,0,0,6.59511,0.338427,3.28102,3.6288,61.308,0.66528,0,0,4.76904,0.205554,3.8982,0.66528,12.849,1,0.528901,3.28102,0,109.408,3.64525,108.515,0.84672,12.849,0.84672,3695.15,0,36.966,0.42336,5.52698,2.04444,24.7154,0.915945,30.9475,0.42336,36.966,0.42336,423.524,0,1.02816,0,0,6.55514,5.52698,1.028160,1,0,143.361,0,0,0,143.361,0
72.29,2.55294,0,0,5.61175,0.365748,2.69306,3.6288,61.308,0.66528,0,0,3.0603,0.179019,2.216,0.66528,12.849,1,0.453766,2.69306,0,140.409,3.4523,139.196,0.84672,12.849,0.84672,3695.15,0,36.966,0.42336,3.54482,2.04444,13.3034,0.831842,17.6375,0.42336,36.966,0.42336,423.524,0,1.02816,0,0,4.57298,3.54482,1.028160,1,0,159.049,0,0,0,159.049,0
72.29,2.55297,0,0,3.95048,0.365748,1.03176,3.6288,61.308,0.66528,0,0,2.17084,0.179019,1.32654,0.66528,12.849,1,0.453771,1.03176,0,124.823,3.4523,121.949,0.84672,12.849,0.84672,3695.15,0,36.966,0.42336,2.92023,1.95115,12.7851,0.831842,16.4013,0.42336,36.966,0.42336,423.524,0,1.02816,0,0,3.94839,2.92023,1.028160,1,0,139.676,0,0,0,139.676,0
72.29,2.553,0,0,4.80037,0.286451,1.96091,3.6288,61.308,0.66528,0,0,2.31098,0.136904,1.50879,0.66528,12.849,1,0.453777,1.96091,0,118.122,2.84193,116.787,0.84672,12.849,0.84672,3695.15,0,36.966,0.42336,3.19914,1.95115,12.8173,0.744164,16.8,0.42336,36.966,0.42336,423.524,0,1.02816,0,0,4.2273,3.19914,1.028160,1,0,135.096,0,0,0,135.096,0
72.29,2.55303,0,0,5.19929,0.286451,2.35981,3.6288,61.308,0.66528,0,0,2.99259,0.136904,2.19041,0.66528,12.849,1,0.453782,2.35981,0,143.068,2.84193,142.132,0.84672,12.849,0.84672,3695.15,0,36.966,0.42336,3.91851,1.95116,13.0689,0.744164,17.771,0.42336,36.966,0.42336,423.524,0,1.02816,0,0,4.94667,3.91851,1.028160,1,0,162.094,0,0,0,162.094,0
72.29,2.55306,0,0,4.22394,0.265273,1.40561,3.6288,61.308,0.66528,0,0,1.87054,0.159764,1.0455,0.66528,12.849,1,0.453787,1.40561,0,105.748,4.51017,102.19,0.84672,12.849,0.84672,3695.15,0,36.966,0.42336,1.86602,1.95117,13.3622,0.913271,15.8428,0.42336,36.966,0.42336,423.524,0,1.02816,0,0,2.89418,1.86602,1.028160,1,0,119.078,0,0,0,119.078,0
72.29,2.65951,0,0,4.30356,0.282031,1.36202,3.6288,61.308,0.66528,0,0,2.14847,0.182152,1.30104,0.66528,12.849,1,0.472708,1.36202,0,107.541,3.86264,104.568,0.84672,12.849,0.84672,3695.15,0,36.966,0.42336,2.08927,1.95117,13.4358,0.912211,16.1407,0.42336,36.966,0.42336,423.524,0,1.02816,0,0,3.11743,2.08927,1.028160,1,0,122.01,0,0,0,122.01,0
72.29,2.65954,0,0,6.38386,0.282031,3.44229,3.6288,61.308,0.66528,0,0,3.14356,0.182152,2.29613,0.66528,12.849,1,0.472713,3.44229,0,164.585,3.86264,163.692,0.84672,12.849,0.84672,3695.15,0,36.966,0.42336,4.08042,1.97467,21.0616,0.912211,25.7812,0.42336,36.966,0.42336,423.524,0,1.02816,0,0,5.10858,4.08042,1.028160,1,0,191.769,0,0,0,191.769,0
72.29,2.36602,0,0,4.8746,0.282031,2.22655,3.6288,61.308,0.66528,0,0,2.64575,0.182152,1.79832,0.66528,12.849,1,0.420543,2.22655,0,122.667,3.86264,120.611,0.84672,12.849,0.84672,3695.15,0,36.966,0.42336,2.68162,1.97467,16.9531,0.912211,20.2738,0.42336,36.966,0.42336,423.524,0,1.02816,0,0,3.70978,2.68162,1.028160,1,0,142.683,0,0,0,142.683,0
72.29,2.36605,0,0,4.76947,0.224009,2.17941,3.6288,61.308,0.66528,0,0,3.26112,0.202057,2.39379,0.66528,12.849,1,0.420548,2.17941,0,107.332,3.88619,105.205,0.84672,12.849,0.84672,3695.15,0,36.966,0.42336,3.19909,1.90989,16.2988,0.944194,20.0402,0.42336,36.966,0.42336,423.524,0,1.02816,0,0,4.22725,3.19909,1.028160,1,0,127.639,0,0,0,127.639,0
72.29,2.32851,0,0,4.12943,0.2008,1.60011,3.6288,61.308,0.66528,0,0,2.52747,0.210019,1.65217,0.66528,12.849,1,0.413876,1.60011,0,120.591,3.89561,117.882,0.84672,12.849,0.84672,3695.15,0,36.966,0.42336,2.64361,1.9099,12.5835,0.956988,15.7566,0.42336,36.966,0.42336,423.524,0,1.02816,0,0,3.67177,2.64361,1.028160,1,0,135.29,0,0,0,135.29,0
72.29,2.32854,0,0,3.67426,0.2008,1.14492,3.6288,61.308,0.66528,0,0,2.05972,0.210019,1.18443,0.66528,12.849,1,0.413881,1.14492,0,82.1465,3.89561,78.982,0.84672,12.849,0.84672,3695.15,0,36.966,0.42336,2.53988,1.90161,11.9799,0.956988,15.041,0.42336,36.966,0.42336,423.524,0,1.02816,0,0,3.56804,2.53988,1.028160,1,0,95.2074,0,0,0,95.2074,0
72.29,2.32857,0,0,3.409,0.2008,0.879628,3.6288,61.308,0.66528,0,0,1.84035,0.210019,0.965047,0.66528,12.849,1,0.413886,0.879628,0,66.6412,3.89561,63.2113,0.84672,12.849,0.84672,3695.15,0,36.966,0.42336,1.91268,1.90162,10.5915,0.956988,13.0255,0.42336,36.966,0.42336,423.524,0,1.02816,0,0,2.94084,1.91268,1.028160,1,0,77.2018,0,0,0,77.2018,0
72.29,2.61812,0,0,3.20205,0.126432,0.457505,3.6288,61.308,0.66528,0,0,1.88365,0.232562,0.985808,0.66528,12.849,1,0.46535,0.457505,0,66.5029,4.38264,62.1125,0.84672,12.849,0.84672,3695.15,0,36.966,0.42336,1.89426,1.90163,10.6873,1.11172,12.9481,0.42336,36.966,0.42336,423.524,0,1.02816,0,0,2.92242,1.89426,1.028160,1,0,76.0464,0,0,0,76.0464,0
72.29,2.7594,0,0,3.50949,0.133436,0.616657,3.6288,61.308,0.66528,0,0,2.2733,0.245213,1.36281,0.66528,12.849,1,0.490462,0.616657,0,72.6114,4.72322,68.0144,0.84672,12.849,0.84672,3695.15,0,36.966,0.42336,2.30736,1.96553,11.7584,1.18739,14.4206,0.42336,36.966,0.42336,423.524,0,1.02816,0,0,3.33552,2.30736,1.028160,1,0,83.7978,0,0,0,83.7978,0
72.29,2.75943,0,0,3.45568,0.133436,0.562815,3.6288,61.308,0.66528,0,0,2.27674,0.245213,1.36625,0.66528,12.849,1,0.490468,0.562815,0,68.2776,4.72322,63.6267,0.84672,12.849,0.84672,3695.15,0,36.966,0.42336,2.37428,1.99671,11.252,1.18739,14.0123,0.42336,36.966,0.42336,423.524,0,1.02816,0,0,3.40244,2.37428,1.028160,1,0,79.0053,0,0,0,79.0053,0
72.114,2.75946,0,0,3.0896,0.143271,0.36288,3.6288,61.308,0.66528,0,0,2.18983,0.24258,1.28197,0.66528,12.849,1,0.490473,0.36288,0,64.7283,4.55398,60.0467,0.84672,12.849,0.84672,3695.15,0,36.966,0.42336,2.52592,1.99672,10.3981,1.19392,13.3034,0.42336,36.966,0.42336,423.524,0,1.02816,0,0,3.55408,2.52592,1.028160,1,0,74.6321,0,0,0,74.6321,0
71.8031,2.75848,0,0,2.95593,0.145443,0.36288,3.6288,61.308,0.66528,0,0,2.14466,0.244297,1.23509,0.66528,12.849,1,0.491495,0.36288,0,60.0993,4.19502,55.7757,0.84672,12.849,0.84672,3695.15,0,36.966,0.42336,2.49458,1.99673,9.83223,1.22928,12.6709,0.42336,36.966,0.42336,423.524,0,1.02816,0,0,3.52274,2.49458,1.028160,1,0,69.6817,0,0,0,69.6817,0
71.4312,2.7567,0,0,2.84542,0.0977574,0.36288,3.6288,61.308,0.66528,0,0,2.07498,0.212997,1.19671,0.66528,12.849,1,0.493306,0.36288,0,56.403,4.53243,51.7402,0.84672,12.849,0.84672,3695.15,0,36.966,0.42336,2.46124,1.99673,8.23919,1.12425,11.1496,0.42336,36.966,0.42336,423.524,0,1.02816,0,0,3.4894,2.46124,1.028160,1,0,64.0865,0,0,0,64.0865,0
70.8342,2.72668,0,0,2.59003,0.0974805,0.36288,3.6288,61.308,0.66528,0,0,1.94073,0.212997,1.06246,0.66528,12.849,1,0.490473,0.36288,0,54.1468,4.53243,49.4868,0.84672,12.849,0.84672,3695.15,0,36.966,0.42336,1.99519,1.99674,7.73997,1.12425,10.1843,0.42336,36.966,0.42336,423.524,0,1.02816,0,0,3.02335,1.99519,1.028160,1,0,60.7335,0,0,0,60.7335,0
70.0468,2.72321,0,0,2.38161,0.0829142,0.36288,3.6288,61.308,0.66528,0,0,1.85291,0.245904,0.941724,0.66528,12.849,1,0.493978,0.36288,0,48.0029,4.95588,42.9159,0.84672,12.849,0.84672,3695.15,0,36.966,0.42336,1.98012,1.99058,7.44768,1.27881,9.7162,0.42336,36.966,0.42336,423.524,0,1.02816,0,0,3.00828,1.98012,1.028160,1,0,53.5738,0,0,0,53.5738,0
69.14,2.71855,0,0,2.2383,0.0636978,0.36288,3.6288,61.308,0.66528,0,0,1.72854,0.28978,0.773475,0.66528,12.849,1,0.498676,0.36288,0,42.6134,5.52048,36.9572,0.84672,12.849,0.84672,3695.15,0,36.966,0.42336,1.92435,1.99059,7.16964,1.4849,9.17632,0.42336,36.966,0.42336,423.524,0,1.02816,0,0,2.95251,1.92435,1.028160,1,0,46.907,0,0,0,46.907,0
68.0921,2.71306,0,0,2.09078,0.0626878,0.36288,3.6288,61.308,0.66528,0,0,1.52616,0.307174,0.553707,0.66528,12.849,1,0.504197,0.36288,0,39.7668,5.56686,34.0586,0.84672,12.849,0.84672,3695.15,0,36.966,0.42336,1.6965,1.9906,6.38385,1.50149,8.1461,0.42336,36.966,0.42336,423.524,0,1.02816,0,0,2.72466,1.6965,1.028160,1,0,42.7584,0,0,0,42.7584,0
67.3522,2.77805,0,0,2.46273,0.0617575,0.36288,3.6288,61.308,0.66528,0,0,1.94486,0.320218,0.959366,0.66528,12.849,1,0.524218,0.36288,0,52.2756,5.60165,46.5126,0.84672,12.849,0.84672,3695.15,0,36.966,0.42336,2.23975,1.9906,7.25656,1.51392,9.54963,0.42336,36.966,0.42336,423.524,0,1.02816,0,0,3.26791,2.23975,1.028160,1,0,57.0216,0,0,0,57.0216,0
66.3963,2.77324,0,0,2.24164,0.0613994,0.36288,3.6288,61.308,0.66528,0,0,1.60412,0.320218,0.618621,0.66528,12.849,1,0.529061,0.36288,0,42.1048,5.60165,36.337,0.84672,12.849,0.84672,3695.15,0,36.966,0.42336,2.31033,2.00653,6.74292,1.51392,9.12249,0.42336,36.966,0.42336,423.524,0,1.02816,0,0,3.33849,2.31033,1.028160,1,0,46.0781,0,0,0,46.0781,0
65.2443,2.76689,0,0,2.03876,0.0609367,0.36288,3.6288,61.308,0.66528,0,0,1.49391,0.320218,0.508409,0.66528,12.849,1,0.535449,0.36288,0,39.2513,5.60165,33.4771,0.84672,12.849,0.84672,3695.15,0,36.966,0.42336,1.78997,2.00654,6.00933,1.51392,7.86855,0.42336,36.966,0.42336,423.524,0,1.02816,0,0,2.81813,1.78997,1.028160,1,0,41.8541,0,0,0,41.8541,0
64.2211,2.75903,0,0,2.15646,0.057772,0.36288,3.6288,61.308,0.66528,0,0,1.74717,0.321616,0.760276,0.66528,12.849,1,0.543354,0.36288,0,39.3729,5.673,33.5194,0.84672,12.849,0.84672,3695.15,0,36.966,0.42336,2.5108,2.00655,8.01333,1.5126,10.5947,0.42336,36.966,0.42336,423.524,0,1.02816,0,0,3.53896,2.5108,1.028160,1,0,44.8744,0,0,0,44.8744,0
62.5661,2.95919,0,0,1.77322,0.106194,0.36288,3.6288,61.308,0.66528,0,0,1.59438,0.293744,0.635359,0.66528,12.849,1,0.592058,0.36288,0,34.5675,5.05428,29.2841,0.84672,12.849,0.84672,3695.15,0,36.966,0.42336,2.16241,2.00656,6.16294,1.29553,8.61302,0.42336,36.966,0.42336,423.524,0,1.02816,0,0,3.19057,2.16241,1.028160,1,0,38.5324,0,0,0,38.5324,0
61.3563,2.94623,0,0,2.20417,0.104774,0.36288,3.6288,61.308,0.66528,0,0,1.69452,0.293744,0.735496,0.66528,12.849,1,0.605058,0.36288,0,35.3688,5.05428,30.0723,0.84672,12.849,0.84672,3695.15,0,36.966,0.42336,2.52552,2.05319,9.10967,1.29553,11.9695,0.42336,36.966,0.42336,423.524,0,1.02816,0,0,3.55368,2.52552,1.028160,1,0,42.7773,0,0,0,42.7773,0
59.7301,2.9364,0,0,1.77674,0.103735,0.36288,3.6288,61.308,0.66528,0,0,1.5628,0.293744,0.603779,0.66528,12.849,1,0.614929,0.36288,0,32.6319,5.05428,27.3256,0.84672,12.849,0.84672,3695.15,0,36.966,0.42336,2.21506,2.0532,6.19453,1.29553,8.74391,0.42336,36.966,0.42336,423.524,0,1.02816,0,0,3.24322,2.21506,1.028160,1,0,36.6733,0,0,0,36.6733,0
57.9256,2.92266,0,0,1.59921,0.11815,0.36288,3.6288,61.308,0.66528,0,0,1.47908,0.294028,0.519774,0.66528,12.849,1,0.628715,0.36288,0,30.7803,5.13198,25.3825,0.84672,12.849,0.84672,3695.15,0,36.966,0.42336,2.04811,2.05321,5.90152,1.28031,8.29917,0.42336,36.966,0.42336,423.524,0,1.02816,0,0,3.07627,2.04811,1.028160,1,0,34.2015,0,0,0,34.2015,0
56.2377,2.90666,0,0,1.7352,0.153505,0.36288,3.6288,61.308,0.66528,0,0,1.25842,0.253114,0.340031,0.66528,12.849,1,0.644752,0.36288,0,38.6665,5.54733,32.8373,0.84672,12.849,0.84672,3695.15,0,36.966,0.42336,1.57931,2.05322,5.33932,1.20062,7.34786,0.42336,36.966,0.42336,423.524,0,1.02816,0,0,2.60747,1.57931,1.028160,1,0,40.5252,0,0,0,40.5252,0
54.5583,2.79222,0,0,1.66806,0.192445,0.36288,3.6288,61.308,0.66528,0,0,1.31223,0.223837,0.423118,0.66528,12.849,1,0.637957,0.36288,0,38.1629,4.42776,33.46,0.84672,12.849,0.84672,3695.15,0,36.966,0.42336,1.12574,2.05322,6.33197,0.844014,8.24356,0.42336,36.966,0.42336,423.524,0,1.02816,0,0,2.1539,1.12574,1.028160,1,0,42.1267,0,0,0,42.1267,0
53.033,2.77636,0,0,1.81633,0.202361,0.36288,3.6288,61.308,0.66528,0,0,2.23158,0.220618,1.34568,0.66528,12.849,1,0.653859,0.36288,0,40.876,4.3387,36.2463,0.84672,12.849,0.84672,3695.15,0,36.966,0.42336,2.45054,2.0305,8.8636,0.833092,12.0882,0.42336,36.966,0.42336,423.524,0,1.02816,0,0,3.4787,2.45054,1.028160,1,0,49.6802,0,0,0,49.6802,0
51.469,2.76125,0,0,1.75936,0.199247,0.36288,3.6288,61.308,0.66528,0,0,2.23445,0.220618,1.34855,0.66528,12.849,1,0.669005,0.36288,0,39.2083,4.3387,34.5635,0.84672,12.849,0.84672,3695.15,0,36.966,0.42336,2.46027,2.03051,8.11547,0.833092,11.3498,0.42336,36.966,0.42336,423.524,0,1.02816,0,0,3.48843,2.46027,1.028160,1,0,47.2618,0,0,0,47.2618,0
49.3391,2.74502,0,0,1.15478,0.176719,0.36288,3.6288,61.308,0.66528,0,0,1.50757,0.237644,0.604643,0.66528,12.849,1,0.685281,0.36288,0,32.1641,4.67619,27.1655,0.84672,12.849,0.84672,3695.15,0,36.966,0.42336,1.44313,2.03052,5.9289,0.963089,8.0161,0.42336,36.966,0.42336,423.524,0,1.02816,0,0,2.47129,1.44313,1.028160,1,0,35.7863,0,0,0,35.7863,0
47.1686,2.6426,0,0,1.00423,0.16924,0.36288,3.6288,61.308,0.66528,0,0,0.936204,0.231004,0.0399208,0.66528,12.849,1,0.68819,0.36288,0,26.5888,4.55707,21.7064,0.84672,12.849,0.84672,3695.15,0,36.966,0.42336,0.889549,2.03053,5.52204,1.0272,6.99156,0.42336,36.966,0.42336,423.524,0,1.02816,0,0,1.91771,0.889549,1.028160,1,0,28.7379,0,0,0,28.7379,0
45.3887,2.61774,0,0,1.44486,0.244197,0.36288,3.6288,61.308,0.66528,0,0,1.52439,0.242733,0.616376,0.66528,12.849,1,0.713086,0.36288,0,41.6273,4.70432,36.5728,0.84672,12.849,0.84672,3695.15,0,36.966,0.42336,1.31598,2.01188,5.53505,1.03518,7.40437,0.42336,36.966,0.42336,423.524,0,1.02816,0,0,2.34414,1.31598,1.028160,1,0,44.5936,0,0,0,44.5936,0
45.0446,2.59597,0,0,2.85419,0.239411,0.36288,3.6288,61.308,0.66528,0,0,2.05807,0.242733,1.15006,0.66528,12.849,1,0.73489,0.36288,0,72.8012,4.70432,67.7248,0.84672,12.849,0.84672,3695.15,0,36.966,0.42336,2.48871,2.01189,11.3254,1.03518,14.3675,0.42336,36.966,0.42336,423.524,0,1.02816,0,0,3.51687,2.48871,1.028160,1,0,83.2423,0,0,0,83.2423,0
44.591,2.59164,0,0,2.72697,0.226041,0.36288,3.6288,61.308,0.66528,0,0,1.71583,0.243165,0.80739,0.66528,12.849,1,0.739266,0.36288,0,95.4305,4.57914,90.475,0.84672,12.849,0.84672,3695.15,0,36.966,0.42336,2.60696,2.01189,10.8977,1.02024,14.073,0.42336,36.966,0.42336,423.524,0,1.02816,0,0,3.63512,2.60696,1.028160,1,0,105.355,0,0,0,105.355,0
44.8446,2.36633,0,0,3.17085,0.188019,0.36288,3.6288,61.308,0.66528,0,0,2.16456,0.234888,1.26439,0.66528,12.849,1,0.681864,0.36288,0,97.6432,3.8149,93.5093,0.84672,12.849,0.84672,3695.15,0,36.966,0.42336,2.44433,2.0119,12.6865,0.915584,15.8037,0.42336,36.966,0.42336,423.524,0,1.02816,0,0,3.47249,2.44433,1.028160,1,0,110.577,0,0,0,110.577,0
45.4814,2.36936,0,0,3.60764,0.238602,0.36288,3.6288,61.308,0.66528,0,0,2.62464,0.220399,1.73896,0.66528,12.849,1,0.678875,0.36288,0,178.46,3.79733,174.347,0.84672,12.849,0.84672,3695.15,0,36.966,0.42336,2.91331,1.95892,14.376,0.895556,17.9293,0.42336,36.966,0.42336,423.524,0,1.02816,0,0,3.94147,2.91331,1.028160,1,0,194.015,0,0,0,194.015,0
45.8773,2.3768,0,0,3.37581,0.240319,0.36288,3.6288,61.308,0.66528,0,0,2.35469,0.220399,1.46901,0.66528,12.849,1,0.671472,0.36288,0,123.318,3.79733,119.212,0.84672,12.849,0.84672,3695.15,0,36.966,0.42336,2.49285,1.95893,13.0175,0.895556,16.1504,0.42336,36.966,0.42336,423.524,0,1.02816,0,0,3.52101,2.49285,1.028160,1,0,136.831,0,0,0,136.831,0
46.8673,2.38135,0,0,3.97569,0.241386,0.36288,3.6288,61.308,0.66528,0,0,2.33926,0.220399,1.45358,0.66528,12.849,1,0.666954,0.36288,0,153.053,3.79733,148.952,0.84672,12.849,0.84672,3695.15,0,36.966,0.42336,2.56741,1.95894,12.8874,0.895556,16.0949,0.42336,36.966,0.42336,423.524,0,1.02816,0,0,3.59557,2.56741,1.028160,1,0,166.5,0,0,0,166.5,0
46.1961,2.39244,0,0,2.34587,0.261749,0.36288,3.6288,61.308,0.66528,0,0,1.28587,0.19249,0.428104,0.66528,12.849,1,0.655904,0.36288,0,54.127,4.17433,49.6596,0.84672,12.849,0.84672,3695.15,0,36.966,0.42336,1.23987,1.95894,6.86604,0.997785,8.64372,0.42336,36.966,0.42336,423.524,0,1.02816,0,0,2.26803,1.23987,1.028160,1,0,58.7315,0,0,0,58.7315,0
44.3628,2.47009,0,0,1.27634,0.276744,0.36288,3.6288,61.1439,0.66528,0,0,0.71388,0.212734,0,0.66528,12.849,1,0.687031,0.36288,0,35.2345,4.65591,30.2545,0.84672,12.849,0.84672,3695.15,0,36.966,0.42336,0.602364,1.95895,3.86026,1.16877,4.82944,0.42336,36.966,0.42336,423.524,0,1.02816,0,0,1.63052,0.602364,1.028160,1,0,35.0839,0,0,0,35.0839,0
42.9772,2.44808,0,0,1.69697,0.271606,0.36288,3.6288,60.9675,0.66528,0,0,0.709404,0.220539,0,0.66528,12.849,1,0.709049,0.36288,0,31.9064,4.77635,26.7839,0.84672,12.849,0.84672,3695.15,0,36.966,0.42336,0.707089,1.97933,4.67562,1.21627,5.72241,0.42336,36.966,0.42336,423.524,0,1.02816,0,0,1.73525,0.707089,1.028160,1,0,32.5063,0,0,0,32.5063,0
41.8,2.43048,0,0,1.8835,0.267329,0.36288,3.6288,60.911,0.66528,0,0,0.829086,0.220293,0,0.66528,12.849,1,0.726648,0.36288,0,46.7212,4.77635,41.5811,0.84672,12.849,0.84672,3695.15,0,36.966,0.42336,0.80657,1.97933,4.58397,1.21627,5.73024,0.42336,36.966,0.42336,423.524,0,1.02816,0,0,1.83473,0.80657,1.028160,1,0,47.3114,0,0,0,47.3114,0
42.1991,2.41483,0,0,3.43915,0.26229,0.36288,3.6288,61.308,0.66528,0,0,1.90206,0.19523,0.644515,0.66528,12.849,1,0.742302,0.36288,0,61.1505,4.46299,56.308,0.84672,12.849,0.84672,3695.15,0,36.966,0.42336,4.82116,1.97934,16.0245,1.10327,21.2984,0.42336,36.966,0.42336,423.524,0,1.02816,0,0,5.84932,4.82116,1.028160,1,0,78.2509,0,0,0,78.2509,0
41.994,2.68794,0,0,3.11399,0.268309,0.36288,3.6288,61.308,0.66528,0,0,0.972795,0.139532,0.167983,0.66528,12.849,1,0.818437,0.36288,0,63.7078,3.78578,59.4665,0.84672,12.849,0.84672,3695.15,0,36.966,0.42336,1.84915,1.97934,7.877,0.88312,10.399,0.42336,36.966,0.42336,423.524,0,1.02816,0,0,2.87731,1.84915,1.028160,1,0,70.0335,0,0,0,70.0335,0
42.1875,2.68488,0,0,3.51117,0.269849,0.36288,3.6288,61.308,0.66528,0,0,1.12165,0.167365,0.289008,0.66528,12.849,1,0.8215,0.36288,0,68.6171,3.87632,64.2822,0.84672,12.849,0.84672,3695.15,0,36.966,0.42336,2.12915,2.04478,8.09767,1.07762,10.7706,0.42336,36.966,0.42336,423.524,0,1.02816,0,0,3.15731,2.12915,1.028160,1,0,75.3418,0,0,0,75.3418,0
42.5029,2.68777,0,0,3.64826,0.282224,0.36288,3.6288,61.308,0.66528,0,0,0.949467,0.159935,0.124252,0.66528,12.849,1,0.818612,0.36288,0,80.1949,3.98674,75.7524,0.84672,12.849,0.84672,3695.15,0,36.966,0.42336,2.135,2.04479,7.69055,1.05322,10.3938,0.42336,36.966,0.42336,423.524,0,1.02816,0,0,3.16316,2.135,1.028160,1,0,86.2705,0,0,0,86.2705,0
42.1595,2.69244,0,0,2.98764,0.275775,0.36288,3.6288,61.308,0.66528,0,0,0.863801,0.147324,0.0511972,0.66528,12.849,1,0.813949,0.36288,0,64.7781,3.72892,60.5981,0.84672,12.849,0.84672,3695.15,0,36.966,0.42336,1.72924,2.04479,7.34417,0.994017,9.70082,0.42336,36.966,0.42336,423.524,0,1.02816,0,0,2.7574,1.72924,1.028160,1,0,70.3502,0,0,0,70.3502,0
42.3522,2.3056,0,0,3.11724,0.256034,0.36288,3.6288,61.308,0.66528,0,0,0.964829,0.115796,0.183752,0.66528,12.849,1,0.70268,0.36288,0,46.4114,3.08437,42.9872,0.84672,12.849,0.84672,3695.15,0,36.966,0.42336,1.84079,2.04479,7.8662,0.845997,10.4824,0.42336,36.966,0.42336,423.524,0,1.02816,0,0,2.86895,1.84079,1.028160,1,0,53.6534,0,0,0,53.6534,0
42.6727,2.30805,0,0,3.24802,0.256609,0.36288,3.6288,61.308,0.66528,0,0,1.00176,0.115796,0.22068,0.66528,12.849,1,0.700228,0.36288,0,44.9302,3.08437,41.5084,0.84672,12.849,0.84672,3695.15,0,36.966,0.42336,2.03648,1.95144,8.24627,0.845997,10.9648,0.42336,36.966,0.42336,423.524,0,1.02816,0,0,3.06464,2.03648,1.028160,1,0,52.694,0,0,0,52.694,0
43.8239,2.3121,0,0,4.08374,0.257565,0.36288,3.6288,61.308,0.66528,0,0,1.21179,0.115796,0.430718,0.66528,12.849,1,0.696187,0.36288,0,64.9466,3.08437,61.5289,0.84672,12.849,0.84672,3695.15,0,36.966,0.42336,3.23731,1.95144,9.39168,0.845997,13.3111,0.42336,36.966,0.42336,423.524,0,1.02816,0,0,4.26547,3.23731,1.028160,1,0,75.2707,0,0,0,75.2707,0
47.2402,2.32624,0,0,6.36371,0.258197,0.36288,3.6288,61.308,0.66528,0,0,1.75161,0.13276,0.953574,0.66528,12.849,1,0.682046,0.36288,0,127.468,3.37085,123.778,0.84672,12.849,0.84672,3695.15,0,36.966,0.42336,5.63551,1.95144,14.3642,1.01666,20.5111,0.42336,36.966,0.42336,423.524,0,1.02816,0,0,6.66367,5.63551,1.028160,1,0,145.242,0,0,0,145.242,0
48.4782,2.36503,0,0,4.19018,0.224357,0.36288,3.6288,61.308,0.66528,0,0,1.25099,0.196893,0.388813,0.66528,12.849,1,0.64327,0.36288,0,95.5808,4.69596,90.6044,0.84672,12.849,0.84672,3695.15,0,36.966,0.42336,2.36346,1.95144,7.1593,1.14438,9.90647,0.42336,36.966,0.42336,423.524,0,1.02816,0,0,3.39162,2.36346,1.028160,1,0,100.9,0,0,0,100.9,0
48.4006,2.47713,0,0,2.98254,0.220074,0.36288,3.6288,61.308,0.66528,0,0,0.925629,0.207111,0.0532385,0.66528,12.849,1,0.656556,0.36288,0,49.8622,4.90886,44.6597,0.84672,12.849,0.84672,3695.15,0,36.966,0.42336,1.5175,1.95144,5.50645,1.16093,7.39111,0.42336,36.966,0.42336,423.524,0,1.02816,0,0,2.54566,1.5175,1.028160,1,0,52.104,0,0,0,52.104,0
48.0322,2.4763,0,0,2.66408,0.193306,0.36288,3.6288,61.2668,0.66528,0,0,0.821007,0.196924,0,0.66528,12.849,1,0.657388,0.36288,0,51.6131,4.36688,46.9517,0.84672,12.849,0.84672,3695.15,0,36.966,0.42336,1.28919,1.97494,5.21859,1.09856,6.9608,0.42336,36.966,0.42336,423.524,0,1.02816,0,0,2.31735,1.28919,1.028160,1,0,53.9125,0,0,0,53.9125,0
47.8404,2.47233,0,0,2.80066,0.157231,0.36288,3.6288,61.2581,0.66528,0,0,0.839843,0.183293,0,0.66528,12.849,1,0.661368,0.36288,0,53.457,3.64423,49.5143,0.84672,12.849,0.84672,3695.15,0,36.966,0.42336,1.25625,1.97494,5.23887,1.0154,7.0313,0.42336,36.966,0.42336,423.524,0,1.02816,0,0,2.28441,1.25625,1.028160,1,0,56.5456,0,0,0,56.5456,0
47.3838,2.47024,0,0,2.52475,0.148198,0.36288,3.6288,61.2415,0.66528,0,0,0.814242,0.165536,0,0.66528,12.849,1,0.663458,0.36288,0,50.0198,3.71325,46.006,0.84672,12.849,0.84672,3695.15,0,36.966,0.42336,1.25106,1.97494,5.09543,1.02662,6.87145,0.42336,36.966,0.42336,423.524,0,1.02816,0,0,2.27922,1.25106,1.028160,1,0,52.8774,0,0,0,52.8774,0
46.9771,2.42665,0,0,2.55287,0.170053,0.36288,3.6288,61.3035,0.66528,0,0,0.897748,0.170516,0,0.66528,12.849,1,0.65803,0.36288,0,50.9715,4.01551,46.6608,0.84672,12.849,0.84672,3695.15,0,36.966,0.42336,1.51002,1.97494,5.17166,1.06053,7.17274,0.42336,36.966,0.42336,423.524,0,1.02816,0,0,2.53818,1.51002,1.028160,1,0,53.8336,0,0,0,53.8336,0
46.4422,2.42218,0,0,2.34143,0.0913008,0.36288,3.6288,61.1906,0.66528,0,0,0.768804,0.21636,0,0.66528,12.849,1,0.662505,0.36288,0,46.5334,4.41913,41.8146,0.84672,12.849,0.84672,3695.15,0,36.966,0.42336,1.30616,1.96576,4.81986,1.08463,6.58378,0.42336,36.966,0.42336,423.524,0,1.02816,0,0,2.33432,1.30616,1.028160,1,0,48.3984,0,0,0,48.3984,0
45.8501,2.41621,0,0,2.27779,0.0907618,0.36288,3.6288,61.1571,0.66528,0,0,0.848007,0.216205,0,0.66528,12.849,1,0.668483,0.36288,0,44.9728,4.41913,40.248,0.84672,12.849,0.84672,3695.15,0,36.966,0.42336,1.5624,1.96576,5.58835,1.08463,7.60852,0.42336,36.966,0.42336,423.524,0,1.02816,0,0,2.59056,1.5624,1.028160,1,0,47.8565,0,0,0,47.8565,0
45.0972,2.40947,0,0,2.11367,0.094235,0.36288,3.6288,61.1095,0.66528,0,0,0.826165,0.208516,0,0.66528,12.849,1,0.675227,0.36288,0,40.4475,4.41207,35.7231,0.84672,12.849,0.84672,3695.15,0,36.966,0.42336,1.1899,1.96576,4.78532,1.07545,6.44217,0.42336,36.966,0.42336,423.524,0,1.02816,0,0,2.21806,1.1899,1.028160,1,0,42.1652,0,0,0,42.1652,0
43.9814,2.53021,0,0,1.87026,0.0930503,0.36288,3.6288,61.0759,0.66528,0,0,0.805533,0.173857,0,0.66528,12.849,1,0.720901,0.36288,0,34.8024,4.52082,29.9236,0.84672,12.849,0.84672,3695.15,0,36.966,0.42336,1.16548,1.96576,4.58483,1.05073,6.24198,0.42336,36.966,0.42336,423.524,0,1.02816,0,0,2.19364,1.16548,1.028160,1,0,36.1656,0,0,0,36.1656,0
42.8125,2.51606,0,0,1.74122,0.0311425,0.36288,3.6288,60.9216,0.66528,0,0,0.712947,0.20194,0,0.66528,12.849,1,0.735058,0.36288,0,33.9168,4.89867,28.6459,0.84672,12.849,0.84672,3695.15,0,36.966,0.42336,1.02012,1.99695,4.27812,1.12675,5.74509,0.42336,36.966,0.42336,423.524,0,1.02816,0,0,2.04828,1.02012,1.028160,1,0,34.391,0,0,0,34.391,0
41.5018,2.50063,0,0,1.58357,0.0307271,0.36288,3.6288,60.6303,0.66528,0,0,0.575736,0.201743,0,0.66528,12.849,1,0.750495,0.36288,0,30.8741,4.89867,25.5878,0.84672,12.849,0.84672,3695.15,0,36.966,0.42336,0.705465,1.99695,3.8248,1.12675,4.9771,0.42336,36.966,0.42336,423.524,0,1.02816,0,0,1.73362,0.705465,1.028160,1,0,30.5649,0,0,0,30.5649,0
40.1656,2.48253,0,0,1.5438,0.0345992,0.36288,3.6288,60.222,0.66528,0,0,0.470758,0.213839,0,0.66528,12.849,1,0.768594,0.36288,0,27.9869,5.11725,22.4639,0.84672,12.849,0.84672,3695.15,0,36.966,0.42336,0.617682,1.99695,3.66829,1.16998,4.68958,0.42336,36.966,0.42336,423.524,0,1.02816,0,0,1.64584,0.617682,1.028160,1,0,27.1535,0,0,0,27.1535,0
38.5888,2.46316,0,0,1.30153,0.052278,0.36288,3.6288,59.8951,0.66528,0,0,0.59395,0.255588,0,0.66528,12.849,1,0.787967,0.36288,0,21.3749,5.14139,15.8085,0.84672,12.849,0.84672,3695.15,0,36.966,0.42336,0.37025,1.99695,3.00624,1.25051,3.69957,0.42336,36.966,0.42336,423.524,0,1.02816,0,0,1.39841,0.37025,1.028160,1,0,19.508,0,0,0,19.508,0
36.946,2.41432,0,0,1.19063,0.0562476,0.36288,3.6288,59.5258,0.70867,0,0,0.587277,0.247906,0,0.66528,12.849,1,0.803902,0.36288,0,20.4564,4.90434,15.111,0.84672,12.849,0.84672,3695.15,0,36.966,0.42336,0.30119,1.99695,2.96451,1.21372,3.62558,0.42336,36.966,0.42336,423.524,0,0.98477,0,0,1.28596,0.30119,1.028160,1,0,18.7366,0,0,0,18.7366,0
35.223,2.38781,0,0,1.08282,0.0551734,0.36288,3.6288,59.1657,0.68542,0,0,0.572672,0.247322,0,0.66528,12.849,1,0.830426,0.36288,0,20.0559,4.90434,14.6841,0.84672,12.849,0.84672,3695.15,0,36.966,0.42336,0.261274,1.99079,2.84052,1.21372,3.4555,0.42336,36.966,0.42336,423.524,0,1.00802,0,0,1.26929,0.261274,1.028160,1,0,18.1396,0,0,0,18.1396,0
33.4308,2.35804,0,0,0.982817,0.0540468,0.36288,3.6288,58.6276,0.828567,0,0,0.537253,0.246753,0,0.66528,12.849,1,0.860192,0.36288,0,17.8715,4.90434,12.4698,0.84672,12.849,0.84672,3695.15,0,36.966,0.42336,0.261274,1.99079,2.74783,1.21372,3.36281,0.42336,36.966,0.42336,423.524,0,0.864873,0,0,1.12615,0.261274,1.028160,1,0,15.8327,0,0,0,15.8327,0
31.6123,2.32474,0,0,0.905515,0.0364249,0.36288,3.6288,57.8929,0.887924,0,0,0.463411,0.31021,0,0.66528,12.849,1,0.893504,0.36288,0,16.5905,5.63998,10.4199,0.84672,12.849,0.84672,3695.15,0,36.966,0.42336,0.261274,1.99079,2.55307,1.52758,2.85419,0.42336,36.966,0.42336,423.524,0,0.805516,0,0,1.06679,0.261274,1.028160,1,0,13.2741,0,0,0,13.2741,0
29.7175,2.34862,0,0,0.860285,0.0435741,0.36288,3.6288,56.9961,0.99671,0,0,0.393779,0.293916,0,0.66528,12.849,1,0.954612,0.36288,0,15.5475,5.30344,9.65233,0.84672,12.849,0.84672,3695.15,0,36.966,0.42336,0.261274,1.99079,2.45362,1.46518,2.81715,0.42336,36.966,0.42336,423.524,0,0.69673,0,0,0.958003,0.261274,1.028160,1,0,12.4695,0,0,0,12.4695,0
27.7674,2.30613,0,0,0.761452,0.042502,0.36288,3.6288,56.0278,1.04565,0,0,0.369599,0.292213,0,0.66528,12.849,1,0.997107,0.36288,0,14.6767,5.30344,8.73901,0.84672,12.849,0.84672,3695.15,0,36.966,0.42336,0.261274,2.00672,2.455,1.46518,2.83445,0.42336,36.966,0.42336,423.524,0,0.647793,0,0,0.909066,0.261274,1.028160,1,0,11.5735,0,0,0,11.5735,0
25.8011,2.25826,0,0,0.696203,0.0413874,0.36288,3.6288,55.0112,1.08327,0,0,0.357025,0.290374,0,0.66528,12.849,1,1.04498,0.36288,0,13.783,5.30344,7.7975,0.84672,12.849,0.84672,3695.15,0,36.966,0.42336,0.227405,2.00672,2.33909,1.46518,2.68467,0.42336,36.966,0.42336,423.524,0,0.610174,0,0,0.837579,0.227405,1.028160,1,0,10.4822,0,0,0,10.4822,0
23.8003,2.2051,0,0,0.597418,0.0302321,0.36288,3.6288,53.9807,1.09147,0,0,0.355564,0.294552,0,0.66528,12.849,1,1.09815,0.36288,0,13.1472,5.56275,6.84921,0.84672,12.849,0.84672,3695.15,0,36.966,0.42336,0.227405,2.00672,2.32425,1.48045,2.65456,0.42336,36.966,0.42336,423.524,0,0.601975,0,0,0.829379,0.227405,1.028160,1,0,9.50377,0,0,0,9.50377,0
21.7228,2.30678,0,0,0.655076,0.0628625,0.36288,3.6288,52.8964,1.11425,0,0,0.320133,0.290164,0,0.66528,12.849,1,1.24536,0.36288,0,13.6728,5.24107,7.54925,0.84672,12.849,0.84672,3695.15,0,36.966,0.42336,0.227405,2.00672,1.82969,1.41902,2.22144,0.42336,36.966,0.42336,423.524,0,0.579191,0,0,0.806596,0.227405,1.028160,1,0,9.77069,0,0,0,9.77069,0
19.666,2.23195,0,0,0.599125,0.0610942,0.36288,3.6288,51.7475,1.16487,0,0,0.303664,0.287724,0,0.66528,12.849,1,1.32019,0.36288,0,13.6439,5.24107,7.44547,0.84672,12.849,0.84672,3695.15,0,36.966,0.42336,0.227405,2.05336,1.79053,1.41902,2.22892,0.42336,36.966,0.42336,423.524,0,0.528569,0,0,0.755974,0.227405,1.028160,1,0,9.67438,0,0,0,9.67438,0
17.8178,2.14844,0,0,0.722451,0.0593897,0.36288,3.6288,50.6914,1.08209,0,0,0.311074,0.285077,0,0.66528,12.849,1,1.40371,0.36288,0,13.5751,5.24107,7.29318,0.84672,12.849,0.84672,3695.15,0,36.966,0.42336,0.204422,2.05336,2.58377,1.41902,2.99918,0.42336,36.966,0.42336,423.524,0,0.611349,0,0,0.815772,0.204422,1.028160,1,0,10.2924,0,0,0,10.2924,0
15.9674,2.06385,0,0,0.634193,0.057858,0.36288,3.6288,49.6123,1.10834,0,0,0.311833,0.282644,0,0.66528,12.849,1,1.48831,0.36288,0,12.8095,5.24107,6.44299,0.84672,12.849,0.84672,3695.15,0,36.966,0.42336,0.204422,2.05336,1.89938,1.41902,2.31479,0.42336,36.966,0.42336,423.524,0,0.585101,0,0,0.789523,0.204422,1.028160,1,0,8.75778,0,0,0,8.75778,0
13.9752,1.96828,0,0,0.399096,0.060081,0.36288,3.6288,48.6758,0.939583,0,0,0.283333,0.280234,0,0.66528,11.8251,1,1.58388,0.36288,0,8.59101,5.1885,3.20544,0.84672,11.8251,0.84672,3695.15,0,36.966,0.42336,0.204422,2.05336,1.26497,1.31109,1.78831,0.42336,36.966,0.42336,423.524,0,0.753857,0,0,0.95828,0.204422,1.028160,1,0,4.99375,0,0,0,4.99375,0
11.9963,1.8584,0,0,0.299651,0.0572899,0.36288,3.6288,47.5181,1.11483,0,0,0.235183,0.278055,0,0.66528,10.2595,1,1.57247,0.36288,0,6.78508,5.15193,3.20544,0.84672,10.2595,0.84672,3693.93,0,36.966,0.42336,0.204422,2.05336,0.971559,1.27097,1.53502,0.42336,36.966,0.42336,423.524,0,0.578612,0,0,0.783035,0.204422,1.028160,1,0,4.74046,0,0,0,4.74046,0
10.0624,1.84931,0,0,0.352248,0.074008,0.36288,3.6288,46.4019,1.10714,0,0,0.238941,0.247947,0,0.66528,8.68647,1,1.58157,0.36288,0,6.83444,4.73667,3.20544,0.84672,8.68647,0.84672,3693.18,0,36.966,0.42336,0.216518,2.03063,1.0146,1.14117,1.69723,0.42336,36.966,0.42336,423.524,0,0.586302,0,0,0.80282,0.216518,1.028160,1,0,4.90267,0,0,0,4.90267,0
8.73398,1.84133,0,0,0.992415,0.116604,0.36288,3.6288,46.1391,0.66528,0,0,0.580068,0.177625,0,0.66528,12.849,1,1.58955,0.36288,0,21.8377,3.69852,10.7803,0.84672,12.849,0.84672,3695.15,0,36.966,0.42336,0.289138,2.03064,2.70059,0.816681,3.78032,0.42336,36.966,0.42336,423.524,0,1.02816,0,0,1.3173,0.289138,1.028160,1,0,14.5606,0,0,0,14.5606,0
7.47334,1.38838,0,0,0.597529,0.10692,0.36288,3.6288,45.5977,0.747351,0,0,0.390646,0.18474,0,0.66528,12.849,1,2.04251,0.36288,0,15.1249,4.06335,9.38194,0.84672,12.849,0.84672,3695.15,0,36.966,0.42336,0.216518,2.03064,1.63981,0.918654,2.54495,0.42336,36.966,0.42336,423.524,0,0.946089,0,0,1.16261,0.216518,1.028160,1,0,11.9269,0,0,0,11.9269,0
6.73884,1.22506,0,0,0.979292,0.125845,0.36288,3.6288,45.2603,0.66528,0,0,0.539234,0.211279,0,0.66528,12.849,1,2.10626,0.36288,0,15.231,5.09812,8.38951,0.84672,12.849,0.84672,3695.15,0,36.966,0.42336,0.244503,2.03064,2.41343,1.18024,3.08496,0.42336,36.966,0.42336,423.524,0,1.02816,0,0,1.27266,0.244503,1.028160,1,0,11.4745,0,0,0,11.4745,0
6.54322,1.14608,0,0,1.45034,0.136995,0.36288,3.6288,45.1479,0.66528,0,0,0.766955,0.214083,0,0.66528,12.849,1,2.18525,0.36288,0,20.1773,5.1472,13.2078,0.84672,12.849,0.84672,3695.15,0,36.966,0.42336,0.445185,2.01198,2.69787,1.18291,3.54876,0.42336,36.966,0.42336,423.524,0,1.02816,0,0,1.47334,0.445185,1.028160,1,0,16.7565,0,0,0,16.7565,0
6.60863,1.12404,0,0,1.68849,0.136152,0.36288,3.6288,45.2129,0.66528,0,0,0.944153,0.213858,0,0.66528,12.849,1,2.2073,0.36288,0,46.8171,5.1472,39.8254,0.84672,12.849,0.84672,3695.15,0,36.966,0.42336,1.35533,2.01198,5.31786,1.18291,7.0789,0.42336,36.966,0.42336,423.524,0,1.02816,0,0,2.38349,1.35533,1.028160,1,0,46.9043,0,0,0,46.9043,0
6.36167,1.13146,0,0,1.35442,0.10703,0.36288,3.6288,45.0689,0.66528,0,0,0.734551,0.213321,0,0.66528,12.849,1,2.19988,0.36288,0,35.4052,4.98971,28.5785,0.84672,12.849,0.84672,3695.15,0,36.966,0.42336,1.10548,2.01198,4.58752,1.11596,6.16566,0.42336,36.966,0.42336,423.524,0,1.02816,0,0,2.13364,1.10548,1.028160,1,0,34.7441,0,0,0,34.7441,0
7.55851,1.00955,0,0,2.69371,0.124447,0.36288,3.6288,44.9283,0.66528,0,0,0.676594,0.151908,0,0.66528,12.849,1,2.03903,0.36288,0,40.2567,3.77737,34.8032,0.84672,12.849,0.84672,3695.15,0,36.966,0.42336,0.885168,2.01198,6.14319,0.996819,7.62016,0.42336,36.966,0.42336,423.524,0,1.02816,0,0,1.91333,0.885168,1.028160,1,0,42.4233,0,0,0,42.4233,0
8.46526,1.12913,0,0,2.52795,0.129191,0.36288,3.6288,44.8909,0.66528,0,0,0.779552,0.151709,0,0.66528,12.849,1,1.91945,0.36288,0,39.0815,3.77737,33.7475,0.84672,12.849,0.84672,3695.15,0,36.966,0.42336,1.28238,1.95899,7.21586,0.996819,9.03706,0.42336,36.966,0.42336,423.524,0,1.02816,0,0,2.31054,1.28238,1.028160,1,0,42.7846,0,0,0,42.7846,0
8.6548,1.21079,0,0,1.89481,0.131604,0.36288,3.6288,44.3925,0.66528,0,0,0.309919,0.142995,0,0.66528,12.849,1,1.8378,0.36288,0,28.8521,3.57848,23.7987,0.84672,12.849,0.84672,3695.15,0,36.966,0.42336,0.565739,1.95899,4.0279,0.932837,5.19643,0.42336,36.966,0.42336,423.524,0,1.02816,0,0,1.5939,0.565739,1.028160,1,0,28.9951,0,0,0,28.9951,0
9.52201,1.22699,0,0,2.58854,0.131459,0.36288,3.6288,43.975,0.66528,0,0,0.383667,0.135862,0,0.66528,12.849,1,1.8216,0.36288,0,35.4332,3.4293,30.5452,0.84672,12.849,0.84672,3695.15,0,36.966,0.42336,0.626409,1.95899,5.7928,0.884851,7.06999,0.42336,36.966,0.42336,423.524,0,1.02816,0,0,1.65457,0.626409,1.028160,1,0,37.6152,0,0,0,37.6152,0
10.6412,1.29761,0,0,2.90809,0.128407,0.36288,3.6288,44.2262,0.66528,0,0,1.06855,0.152062,0,0.66528,12.849,1,1.75099,0.36288,0,65.527,3.78372,60.3551,0.84672,12.849,0.84672,3695.15,0,36.966,0.42336,2.05923,1.959,5.856,0.760085,8.69078,0.42336,36.966,0.42336,423.524,0,1.02816,0,0,3.08739,2.05923,1.028160,1,0,69.0459,0,0,0,69.0459,0
12.2601,1.4303,0,0,3.53917,0.127131,0.36288,3.6288,44.8297,0.66528,0,0,1.43371,0.165002,0,0.66528,12.849,1,1.72705,0.36288,0,92.9863,4.04953,87.5726,0.84672,12.849,0.84672,3695.15,0,36.966,0.42336,2.84271,1.959,7.10942,0.666511,10.8213,0.42336,36.966,0.42336,423.524,0,1.02816,0,0,3.87087,2.84271,1.028160,1,0,98.3938,0,0,0,98.3938,0
13.3012,1.54163,0,0,3.07751,0.131907,0.36288,3.6288,45.2725,0.66528,0,0,1.27405,0.16594,0,0.66528,12.849,1,1.61569,0.36288,0,80.1913,4.04953,74.889,0.84672,12.849,0.84672,3695.15,0,36.966,0.42336,2.42224,1.97938,6.46609,0.666511,9.77784,0.42336,36.966,0.42336,423.524,0,1.02816,0,0,3.4504,2.42224,1.028160,1,0,84.6668,0,0,0,84.6668,0
14.1968,1.60594,0,0,2.9994,0.134978,0.36288,3.6288,45.7489,0.66528,0,0,1.30827,0.166629,0,0.66528,12.849,1,1.55135,0.36288,0,77.5803,4.04953,72.3423,0.84672,12.849,0.84672,3695.15,0,36.966,0.42336,2.52829,1.97937,6.69747,0.666511,10.1153,0.42336,36.966,0.42336,423.524,0,1.02816,0,0,3.55645,2.52829,1.028160,1,0,82.4575,0,0,0,82.4575,0
15.2909,1.6573,0,0,3.29429,0.179944,0.36288,3.6288,46.3595,0.66528,0,0,1.44823,0.172346,0,0.66528,12.849,1,1.49997,0.36288,0,97.8696,4.48143,92.2511,0.84672,12.849,0.84672,3695.15,0,36.966,0.42336,2.76781,1.97937,7.7106,0.965628,11.0688,0.42336,36.966,0.42336,423.524,0,1.02816,0,0,3.79597,2.76781,1.028160,1,0,103.32,0,0,0,103.32,0
17.3728,1.90538,0,0,4.52825,0.178117,0.36288,3.6288,47.309,0.66528,0,0,1.75477,0.139955,0,0.66528,12.849,1,1.6011,0.36288,0,89.6504,3.67038,84.7418,0.84672,12.849,0.84672,3695.15,0,36.966,0.42336,1.89359,1.97936,12.2491,0.818664,14.88,0.42336,36.966,0.42336,423.524,0,1.02816,0,0,2.92175,1.89359,1.028160,1,0,99.6218,0,0,0,99.6218,0
18.5124,2.01566,0,0,3.70279,0.184641,0.36288,3.6288,48.4182,0.66528,0,0,1.91564,0.14112,0,0.66528,12.849,1,1.49079,0.36288,0,100.184,3.67038,95.386,0.84672,12.849,0.84672,3695.15,0,36.966,0.42336,2.24789,2.0448,11.9631,0.818664,15.0138,0.42336,36.966,0.42336,423.524,0,1.02816,0,0,3.27605,2.24789,1.028160,1,0,110.4,0,0,0,110.4,0
23.211,2.06982,0,0,7.30889,0.177631,0.36288,3.6288,50.9806,0.66528,0,0,3.40541,0.177744,0,0.66528,12.849,1,1.43661,0.36288,0,127.681,4.58766,122.02,0.84672,12.849,0.84672,3695.15,0,36.966,0.42336,5.28682,2.0448,17.4128,1.10564,23.2154,0.42336,36.966,0.42336,423.524,0,1.02816,0,0,6.31498,5.28682,1.028160,1,0,145.235,0,0,0,145.235,0
29.3816,2.25699,0,0,8.98159,0.191091,0.36288,3.6288,54.404,0.66528,0,0,4.27304,0.184366,0,0.66528,12.849,1,1.24941,0.36288,0,139.416,4.48332,134.046,0.84672,12.849,0.84672,3695.15,0,36.966,0.42336,8.458,2.04479,18.5977,1.12035,27.5568,0.42336,36.966,0.42336,423.524,0,1.02816,0,0,9.48616,8.458,1.028160,1,0,161.603,0,0,0,161.603,0
29.7209,2.09296,0,0,3.01425,0.219073,0.36288,3.6288,55.0254,0.66528,0,0,1.49352,0.206861,0,0.66528,12.849,1,0.915284,0.36288,0,68.0299,3.85728,63.6202,0.84672,12.849,0.84672,3695.15,0,36.966,0.42336,1.24738,2.04479,9.35159,1.20864,11.0118,0.42336,36.966,0.42336,423.524,0,1.02816,0,0,2.27554,1.24738,1.028160,1,0,74.632,0,0,0,74.632,0
30.4099,2.10024,0,0,3.37214,0.220077,0.36288,3.6288,55.7032,0.66528,0,0,1.55078,0.207711,0,0.66528,12.849,1,0.90798,0.36288,0,68.2722,3.85728,63.8698,0.84672,12.849,0.84672,3695.15,0,36.966,0.42336,1.00774,1.95144,8.76554,1.20864,10.0927,0.42336,36.966,0.42336,423.524,0,1.02816,0,0,2.0359,1.00774,1.028160,1,0,73.9625,0,0,0,73.9625,0
31.5991,2.11468,0,0,3.8766,0.209772,0.36288,3.6288,57.074,0.66528,0,0,2.23549,0.199425,0,0.66528,12.849,1,0.893512,0.36288,0,72.2978,3.88469,67.8825,0.84672,12.849,0.84672,3695.15,0,36.966,0.42336,1.87769,1.95143,12.8635,1.1572,15.112,0.42336,36.966,0.42336,423.524,0,1.02816,0,0,2.90585,1.87769,1.028160,1,0,82.9945,0,0,0,82.9945,0
33.3847,2.13857,0,0,4.48335,0.196328,0.36288,3.6288,58.9951,0.66528,0,0,2.77521,0.188822,0,0.66528,12.849,1,0.869597,0.36288,0,87.2787,3.92122,82.8507,0.84672,12.849,0.84672,3695.15,0,36.966,0.42336,6.37705,1.95143,13.0047,1.08863,19.8212,0.42336,36.966,0.42336,423.524,0,1.02816,0,0,7.40521,6.37705,1.028160,1,0,102.672,0,0,0,102.672,0
35.0909,2.17214,0,0,4.44066,0.199481,0.36288,3.6288,60.4778,0.66528,0,0,2.32739,0.179353,0,0.66528,12.849,1,0.836006,0.36288,0,78.1419,3.55988,74.1089,0.84672,12.849,0.84672,3695.15,0,36.966,0.42336,2.54505,1.95142,10.543,1.10679,13.5093,0.42336,36.966,0.42336,423.524,0,1.02816,0,0,3.57321,2.54505,1.028160,1,0,87.6182,0,0,0,87.6182,0
36.4614,2.29365,0,0,4.23026,0.203168,0.36288,3.6288,61.308,0.66528,0,0,3.54693,0.176284,1.8752,0.66528,12.849,1,0.83985,0.36288,0,73.1177,3.41534,69.2254,0.84672,12.849,0.84672,3695.15,0,36.966,0.42336,3.2626,1.95142,12.2326,1.11406,15.9092,0.42336,36.966,0.42336,423.524,0,1.02816,0,0,4.29076,3.2626,1.028160,1,0,87.0098,0,0,0,87.0098,0
37.8086,2.31697,0,0,4.23362,0.206542,0.36288,3.6288,61.308,0.66528,0,0,3.35504,0.177214,2.51255,0.66528,12.849,1,0.8165,0.36288,0,80.5758,3.41534,76.7068,0.84672,12.849,0.84672,3695.15,0,36.966,0.42336,3.73486,1.97491,12.4772,1.11406,16.6496,0.42336,36.966,0.42336,423.524,0,1.02816,0,0,4.76302,3.73486,1.028160,1,0,95.8689,0,0,0,95.8689,0
38.7061,2.33867,0,0,3.79579,0.196807,0.36288,3.6288,61.308,0.66528,0,0,2.13431,0.196948,1.27209,0.66528,12.849,1,0.794779,0.36288,0,62.7193,3.67016,58.6173,0.84672,12.849,0.84672,3695.15,0,36.966,0.42336,2.19821,1.9749,7.45855,1.18534,10.023,0.42336,36.966,0.42336,423.524,0,1.02816,0,0,3.22637,2.19821,1.028160,1,0,69.9123,0,0,0,69.9123,0
39.1892,2.35248,0,0,3.35395,0.155457,0.36288,3.6288,61.308,0.66528,0,0,2.31127,0.246147,1.39984,0.66528,12.849,1,0.780937,0.36288,0,62.8798,4.462,57.9997,0.84672,12.849,0.84672,3695.15,0,36.966,0.42336,2.54522,1.9749,9.81478,1.34826,12.5633,0.42336,36.966,0.42336,423.524,0,1.02816,0,0,3.57338,2.54522,1.028160,1,0,71.9628,0,0,0,71.9628,0
39.6206,2.32279,0,0,3.2594,0.142321,0.36288,3.6288,61.308,0.66528,0,0,2.09924,0.245963,1.188,0.66528,12.849,1,0.761576,0.36288,0,61.7616,4.6684,56.6945,0.84672,12.849,0.84672,3695.15,0,36.966,0.42336,2.2167,1.97489,7.61279,1.32786,10.0532,0.42336,36.966,0.42336,423.524,0,1.02816,0,0,3.24486,2.2167,1.028160,1,0,67.9356,0,0,0,67.9356,0
39.7156,2.32903,0,0,2.92991,0.143029,0.36288,3.6288,61.308,0.66528,0,0,1.86005,0.245963,0.948802,0.66528,12.849,1,0.755308,0.36288,0,53.3682,4.6684,48.3074,0.84672,12.849,0.84672,3695.15,0,36.966,0.42336,1.85157,1.9657,6.66153,1.32786,8.72758,0.42336,36.966,0.42336,423.524,0,1.02816,0,0,2.87973,1.85157,1.028160,1,0,57.9838,0,0,0,57.9838,0
39.6025,2.33038,0,0,2.70443,0.124266,0.36288,3.6288,61.308,0.66528,0,0,1.7414,0.21183,0.864291,0.66528,12.849,1,0.753937,0.36288,0,51.2162,3.96064,46.8645,0.84672,12.849,0.84672,3695.15,0,36.966,0.42336,1.71758,1.9657,6.01572,1.14835,8.12729,0.42336,36.966,0.42336,423.524,0,1.02816,0,0,2.74574,1.71758,1.028160,1,0,55.8561,0,0,0,55.8561,0
39.4303,2.32873,0,0,2.64038,0.120955,0.36288,3.6288,61.308,0.66528,0,0,1.85333,0.206141,0.981911,0.66528,12.849,1,0.755556,0.36288,0,46.4102,3.84268,42.1748,0.84672,12.849,0.84672,3695.15,0,36.966,0.42336,2.27504,1.96569,6.54584,1.11843,9.24478,0.42336,36.966,0.42336,423.524,0,1.02816,0,0,3.3032,2.27504,1.028160,1,0,52.4015,0,0,0,52.4015,0
39.1551,2.45172,0,0,2.60151,0.0621503,0.36288,3.6288,61.308,0.66528,0,0,1.59558,0.264816,0.665487,0.66528,12.849,1,0.798933,0.36288,0,46.6669,4.85814,41.3727,0.84672,12.849,0.84672,3695.15,0,36.966,0.42336,1.95913,1.96569,6.40068,1.22964,8.6725,0.42336,36.966,0.42336,423.524,0,1.02816,0,0,2.98729,1.95913,1.028160,1,0,50.7107,0,0,0,50.7107,0
38.6041,2.44747,0,0,2.32136,0.0619534,0.36288,3.6288,61.308,0.66528,0,0,1.48901,0.264816,0.558913,0.66528,12.849,1,0.803155,0.36288,0,43.0283,4.85814,37.7299,0.84672,12.849,0.84672,3695.15,0,36.966,0.42336,1.71122,1.99686,5.761,1.22964,7.81609,0.42336,36.966,0.42336,423.524,0,1.02816,0,0,2.73938,1.71122,1.028160,1,0,46.1049,0,0,0,46.1049,0
38.0178,2.43885,0,0,2.27699,0.0615592,0.36288,3.6288,61.308,0.66528,0,0,1.37833,0.264816,0.448235,0.66528,12.849,1,0.811748,0.36288,0,40.4028,4.85814,35.0958,0.84672,12.849,0.84672,3695.15,0,36.966,0.42336,1.43271,1.99686,5.31696,1.22964,7.09353,0.42336,36.966,0.42336,423.524,0,1.02816,0,0,2.46087,1.43271,1.028160,1,0,42.6376,0,0,0,42.6376,0
37.1564,2.42947,0,0,1.98698,0.055989,0.36288,3.6288,61.308,0.66528,0,0,1.28111,0.269538,0.346296,0.66528,12.849,1,0.821097,0.36288,0,36.1118,4.91169,30.7419,0.84672,12.849,0.84672,3695.15,0,36.966,0.42336,1.27022,1.99685,5.14255,1.24332,6.74294,0.42336,36.966,0.42336,423.524,0,1.02816,0,0,2.29838,1.27022,1.028160,1,0,37.8312,0,0,0,37.8312,0
36.8758,2.41531,0,0,2.54166,0.0440894,0.36288,3.6288,61.308,0.66528,0,0,1.08157,0.260923,0.15537,0.66528,12.849,1,0.835234,0.36288,0,35.0947,5.17224,29.4501,0.84672,12.849,0.84672,3695.15,0,36.966,0.42336,1.74615,1.99685,5.23519,1.26213,7.2927,0.42336,36.966,0.42336,423.524,0,1.02816,0,0,2.77431,1.74615,1.028160,1,0,36.8982,0,0,0,36.8982,0
36.7333,2.38617,0,0,2.65817,0.0516205,0.36288,3.6288,61.308,0.66528,0,0,0.970695,0.246145,0.0592703,0.66528,12.849,1,0.831437,0.36288,0,36.3328,5.14794,30.7163,0.84672,12.849,0.84672,3695.15,0,36.966,0.42336,1.75266,1.99684,5.73342,1.23681,7.82274,0.42336,36.966,0.42336,423.524,0,1.02816,0,0,2.78082,1.75266,1.028160,1,0,38.5983,0,0,0,38.5983,0
36.3561,2.38376,0,0,2.42095,0.0515332,0.36288,3.6288,61.308,0.66528,0,0,0.955921,0.246145,0.0444959,0.66528,12.849,1,0.83382,0.36288,0,35.4881,5.14794,29.8692,0.84672,12.849,0.84672,3695.15,0,36.966,0.42336,1.79489,1.99067,5.53046,1.23681,7.65584,0.42336,36.966,0.42336,423.524,0,1.02816,0,0,2.82305,1.79489,1.028160,1,0,37.5696,0,0,0,37.5696,0
35.7464,2.37735,0,0,2.18189,0.0513022,0.36288,3.6288,61.2868,0.66528,0,0,0.890179,0.246145,0,0.66528,12.849,1,0.840205,0.36288,0,32.892,5.14794,27.2667,0.84672,12.849,0.84672,3695.15,0,36.966,0.42336,1.43543,1.99066,5.2657,1.23681,7.03162,0.42336,36.966,0.42336,423.524,0,1.02816,0,0,2.46359,1.43543,1.028160,1,0,34.2983,0,0,0,34.2983,0
35.2124,2.36679,0,0,2.23027,0.0346817,0.36288,3.6288,61.1373,0.66528,0,0,0.812125,0.296314,0,0.66528,12.849,1,0.850739,0.36288,0,31.5637,5.82531,25.2506,0.84672,12.849,0.84672,3695.15,0,36.966,0.42336,1.35751,1.99066,5.01163,1.4603,6.47614,0.42336,36.966,0.42336,423.524,0,1.02816,0,0,2.38567,1.35751,1.028160,1,0,31.7267,0,0,0,31.7267,0
34.9774,2.41957,0,0,2.57615,0.0286929,0.36288,3.6288,60.89,0.66528,0,0,0.724386,0.306369,0,0.66528,12.849,1,0.882902,0.36288,0,31.8899,6.03666,25.3332,0.84672,12.849,0.84672,3695.15,0,36.966,0.42336,1.35742,1.99065,4.92782,1.47803,6.3745,0.42336,36.966,0.42336,423.524,0,1.02816,0,0,2.38558,1.35742,1.028160,1,0,31.7077,0,0,0,31.7077,0
34.4879,2.41521,0,0,2.31721,0.0286113,0.36288,3.6288,60.5983,0.66528,0,0,0.679476,0.305889,0,0.66528,12.849,1,0.887232,0.36288,0,30.0547,6.03666,23.4937,0.84672,12.849,0.84672,3695.15,0,36.966,0.42336,1.28119,2.00657,5.03067,1.47803,6.41704,0.42336,36.966,0.42336,423.524,0,1.02816,0,0,2.30935,1.28119,1.028160,1,0,29.9107,0,0,0,29.9107,0
33.7993,2.40602,0,0,2.10877,0.0284414,0.36288,3.6288,60.2796,0.66528,0,0,0.651845,0.305324,0,0.66528,12.849,1,0.896399,0.36288,0,28.229,6.03666,21.6589,0.84672,12.849,0.84672,3695.15,0,36.966,0.42336,1.06304,2.00657,4.67682,1.47803,5.84504,0.42336,36.966,0.42336,423.524,0,1.02816,0,0,2.0912,1.06304,1.028160,1,0,27.5039,0,0,0,27.5039,0
32.8508,2.39276,0,0,1.82474,0.017623,0.36288,3.6288,59.9517,0.66528,0,0,0.649106,0.311726,0,0.66528,12.849,1,0.909623,0.36288,0,26.9335,6.27848,20.1083,0.84672,12.849,0.84672,3695.15,0,36.966,0.42336,1.04012,2.00656,4.73926,1.50808,5.8545,0.42336,36.966,0.42336,423.524,0,1.02816,0,0,2.06828,1.04012,1.028160,1,0,25.9628,0,0,0,25.9628,0
32.6039,2.55273,0,0,2.68842,0.0197388,0.36288,3.6288,59.5673,0.66528,0,0,0.591253,0.310391,0,0.66528,12.849,1,0.998455,0.36288,0,29.0764,6.1455,22.2953,0.84672,12.849,0.84672,3695.15,0,36.966,0.42336,1.21465,2.00656,4.83496,1.55122,6.08159,0.42336,36.966,0.42336,423.524,0,1.02816,0,0,2.24281,1.21465,1.028160,1,0,28.3769,0,0,0,28.3769,0
32.8639,2.54728,0,0,3.1892,0.0189901,0.36288,3.6288,59.3152,0.66528,0,0,0.72475,0.311493,0,0.66528,12.849,1,1.00387,0.36288,0,37.8346,6.14323,31.0503,0.84672,12.849,0.84672,3695.15,0,36.966,0.42336,1.79887,2.05318,5.44755,1.58065,7.29559,0.42336,36.966,0.42336,423.524,0,1.02816,0,0,2.82703,1.79887,1.028160,1,0,38.3459,0,0,0,38.3459,0
32.4911,2.55297,0,0,2.56205,0.0190518,0.36288,3.6288,58.8632,0.66528,0,0,0.5242,0.310991,0,0.66528,12.849,1,0.998151,0.36288,0,36.9705,6.14323,30.192,0.84672,12.849,0.84672,3695.15,0,36.966,0.42336,0.93452,2.05318,4.37313,1.58065,5.35681,0.42336,36.966,0.42336,423.524,0,1.02816,0,0,1.96268,0.93452,1.028160,1,0,35.5488,0,0,0,35.5488,0
32.7552,2.54474,0,0,3.19077,0.0189634,0.36288,3.6288,58.7837,0.66528,0,0,0.895952,0.310091,0,0.66528,12.849,1,1.00635,0.36288,0,33.7655,6.14323,26.9788,0.84672,12.849,0.84672,3695.15,0,36.966,0.42336,2.68448,2.05317,6.76172,1.58065,9.49537,0.42336,36.966,0.42336,423.524,0,1.02816,0,0,3.71264,2.68448,1.028160,1,0,36.4741,0,0,0,36.4741,0
31.9139,2.55055,0,0,2.10883,0.0367747,0.36288,3.6288,58.3482,0.66528,0,0,0.489697,0.259964,0,0.66528,12.849,1,1.00051,0.36288,0,25.5318,5.46856,19.4256,0.84672,12.849,0.84672,3695.15,0,36.966,0.42336,1.05982,2.05316,4.16799,1.31457,5.54304,0.42336,36.966,0.42336,423.524,0,1.02816,0,0,2.08798,1.05982,1.028160,1,0,24.9686,0,0,0,24.9686,0
30.6876,2.44527,0,0,1.62854,0.0466106,0.36288,3.6288,57.9657,0.66528,0,0,0.52833,0.245544,0,0.66528,12.849,1,0.984502,0.36288,0,21.569,5.60952,15.3378,0.84672,12.849,0.84672,3695.15,0,36.966,0.42336,1.91239,2.05316,3.07041,1.36685,5.24575,0.42336,36.966,0.42336,423.524,0,1.02816,0,0,2.94055,1.91239,1.028160,1,0,20.5836,0,0,0,20.5836,0
29.2548,2.41752,0,0,1.39349,0.0458819,0.36288,3.6288,57.3473,0.66528,0,0,0.291811,0.244939,0,0.66528,12.849,1,1.01222,0.36288,0,21.5478,5.60952,15.289,0.84672,12.849,0.84672,3695.15,0,36.966,0.42336,0.610736,2.03043,2.28511,1.36685,3.13606,0.42336,36.966,0.42336,423.524,0,1.02816,0,0,1.6389,0.610736,1.028160,1,0,18.425,0,0,0,18.425,0
27.9052,2.38305,0,0,1.45386,0.0576024,0.36288,3.6288,56.7338,0.66528,0,0,0.280924,0.229179,0,0.66528,12.849,1,1.04666,0.36288,0,20.7116,5.40189,14.626,0.84672,12.849,0.84672,3695.15,0,36.966,0.42336,0.560563,2.03042,2.29957,1.30195,3.16525,0.42336,36.966,0.42336,423.524,0,1.02816,0,0,1.58872,0.560563,1.028160,1,0,17.7912,0,0,0,17.7912,0
27.811,2.34837,0,0,2.74269,0.125643,0.36288,3.6288,56.5188,0.66528,0,0,0.60153,0.151164,0,0.66528,12.849,1,1.08131,0.36288,0,53.0203,4.1499,48.152,0.84672,12.849,0.84672,3695.15,0,36.966,0.42336,1.11741,2.03042,5.75964,0.907289,7.57682,0.42336,36.966,0.42336,423.524,0,1.02816,0,0,2.14557,1.11741,1.028160,1,0,55.7288,0,0,0,55.7288,0
26.6625,2.27777,0,0,1.5993,0.107092,0.36288,3.6288,56.1943,0.66528,0,0,0.557048,0.216279,0,0.66528,12.849,1,1.05236,0.36288,0,26.6912,4.13211,21.8696,0.84672,12.849,0.84672,3695.15,0,36.966,0.42336,0.694172,2.03041,4.75252,0.900443,6.1533,0.42336,36.966,0.42336,423.524,0,1.02816,0,0,1.72233,0.694172,1.028160,1,0,28.0229,0,0,0,28.0229,0
25.9679,2.24716,0,0,2.09221,0.176806,0.36288,3.6288,55.7657,0.66528,0,0,0.440621,0.20396,0,0.66528,12.849,1,1.08293,0.36288,0,36.9804,4.24893,32.0114,0.84672,12.849,0.84672,3695.15,0,36.966,0.42336,0.46224,2.01175,4.61233,1.04926,5.6137,0.42336,36.966,0.42336,423.524,0,1.02816,0,0,1.4904,0.46224,1.028160,1,0,37.6251,0,0,0,37.6251,0
24.9801,2.22776,0,0,1.77792,0.175084,0.36288,3.6288,55.3915,0.66528,0,0,0.494498,0.203389,0,0.66528,12.849,1,1.1023,0.36288,0,30.2298,4.24893,25.2415,0.84672,12.849,0.84672,3695.15,0,36.966,0.42336,0.798984,2.01175,5.12654,1.04926,6.46465,0.42336,36.966,0.42336,423.524,0,1.02816,0,0,1.82714,0.798984,1.028160,1,0,31.7061,0,0,0,31.7061,0
27.7218,2.19896,0,0,5.47616,0.172635,0.36288,3.6288,56.1059,0.66528,0,0,1.58249,0.202891,0,0.66528,12.849,1,1.13108,0.36288,0,104.734,4.24893,99.7169,0.84672,12.849,0.84672,3695.15,0,36.966,0.42336,4.8152,2.01174,12.1903,1.04926,17.5446,0.42336,36.966,0.42336,423.524,0,1.02816,0,0,5.84336,4.8152,1.028160,1,0,117.261,0,0,0,117.261,0
32.4317,2.08223,0,0,7.32581,0.170806,0.36288,3.6288,59.6924,0.66528,0,0,4.47822,0.226357,0,0.66528,12.849,1,0.965109,0.36288,0,112.743,4.37889,107.762,0.84672,12.849,0.84672,3695.15,0,36.966,0.42336,4.08793,2.01174,18.3228,1.17392,22.8252,0.42336,36.966,0.42336,423.524,0,1.02816,0,0,5.11609,4.08793,1.028160,1,0,130.587,0,0,0,130.587,0
36.8456,2.18259,0,0,7.13972,0.180278,0.36288,3.6288,61.308,0.66528,0,0,5.57303,0.235504,3.05669,0.66528,12.849,1,0.864715,0.36288,0,130.013,4.40055,125.11,0.84672,12.849,0.84672,3695.15,0,36.966,0.42336,5.6039,1.95876,25.3355,1.1947,31.2801,0.42336,36.966,0.42336,423.524,0,1.02816,0,0,6.63206,5.6039,1.028160,1,0,159.447,0,0,0,159.447,0
47.5887,2.25938,0,0,13.5556,0.190242,0.36288,3.6288,61.308,0.66528,0,0,4.7631,0.237934,3.85989,0.66528,12.849,1,0.787903,0.36288,0,195.727,4.40055,190.902,0.84672,12.849,0.84672,3695.15,0,36.966,0.42336,6.18677,1.95876,28.7136,1.1947,35.241,0.42336,36.966,0.42336,423.524,0,1.02816,0,0,7.21493,6.18677,1.028160,1,0,230.002,0,0,0,230.002,0
57.9972,2.39941,0,0,13.3861,0.215289,0.36288,3.6288,61.308,0.66528,0,0,6.75601,0.237934,5.8528,0.66528,12.849,1,0.647844,0.36288,0,286.917,4.40055,282.232,0.84672,12.849,0.84672,3695.15,0,36.966,0.42336,6.1531,1.95875,30.4977,1.1947,36.9915,0.42336,36.966,0.42336,423.524,0,1.02816,0,0,7.18126,6.1531,1.028160,1,0,325.076,0,0,0,325.076,0
60.7741,2.49457,0,0,5.88488,0.250536,0.36288,3.6288,61.308,0.66528,0,0,2.6045,0.179737,1.75948,0.66528,12.849,1,0.55266,0.36288,0,107.881,3.89532,103.796,0.84672,12.849,0.84672,3695.15,0,36.966,0.42336,2.44728,1.95875,17.3127,0.964222,20.3311,0.42336,36.966,0.42336,423.524,0,1.02816,0,0,3.47544,2.44728,1.028160,1,0,125.887,0,0,0,125.887,0
59.3506,2.60513,0,0,1.80021,0.255712,0.36288,3.6288,61.1379,0.794897,0,0,0.797576,0.172747,0,0.66528,12.849,1,0.550782,0.36288,0,33.827,3.99168,29.6474,0.84672,12.849,0.84672,3695.15,0,36.966,0.42336,0.412474,1.95874,4.44355,0.865696,5.52571,0.42336,36.966,0.42336,423.524,0,0.898543,0,0,1.31102,0.412474,1.028160,1,0,35.1731,0,0,0,35.1731,0
60.1224,2.59422,0,0,3.98129,0.252395,0.36288,3.6288,61.308,0.66528,0,0,1.72715,0.172561,0.719244,0.66528,12.849,1,0.561631,0.36288,0,88.8978,3.99168,84.7074,0.84672,12.849,0.84672,3695.15,0,36.966,0.42336,1.34934,1.97911,10.1933,0.865696,12.2327,0.42336,36.966,0.42336,423.524,0,1.02816,0,0,2.3775,1.34934,1.028160,1,0,97.6593,0,0,0,97.6593,0
62.0824,2.60011,0,0,5.1772,0.254269,0.36288,3.6288,61.308,0.66528,0,0,3.12627,0.172747,2.28825,0.66528,12.849,1,0.555681,0.36288,0,132.728,3.99168,128.543,0.84672,12.849,0.84672,3695.15,0,36.966,0.42336,3.48167,1.9791,15.0269,0.865696,19.1987,0.42336,36.966,0.42336,423.524,0,1.02816,0,0,4.50983,3.48167,1.028160,1,0,150.03,0,0,0,150.03,0
66.026,2.6146,0,0,7.24408,0.322974,0.36288,3.6288,61.308,0.66528,0,0,3.28682,0.20643,2.41511,0.66528,12.849,1,0.541136,0.36288,0,233.328,4.63187,228.517,0.84672,12.849,0.84672,3695.15,0,36.966,0.42336,5.50639,1.97909,18.8056,1.02997,24.8377,0.42336,36.966,0.42336,423.524,0,1.02816,0,0,6.53455,5.50639,1.028160,1,0,255.77,0,0,0,255.77,0
69.0621,2.93383,0,0,6.6272,0.294325,0.36288,3.6288,61.308,0.66528,0,0,2.32527,0.172923,1.48707,0.66528,12.849,1,0.570938,0.36288,0,173.163,3.95683,168.998,0.84672,12.849,0.84672,3695.15,0,36.966,0.42336,2.48526,1.97907,13.2415,1.08353,16.1989,0.42336,36.966,0.42336,423.524,0,1.02816,0,0,3.51342,2.48526,1.028160,1,0,186.684,0,0,0,186.684,0
72.29,2.95494,0,0,7.31367,0.321885,0.808995,3.6288,61.308,0.66528,0,0,2.83673,0.199141,1.97231,0.66528,12.849,1,0.549766,0.808995,0,155.627,4.14813,151.738,0.84672,12.849,0.84672,3695.15,0,36.966,0.42336,3.37432,2.04448,14.473,1.1503,18.3182,0.42336,36.966,0.42336,423.524,0,1.02816,0,0,4.40248,3.37432,1.028160,1,0,172.029,0,0,0,172.029,0
72.29,2.97573,0,0,5.60601,0.329966,2.30032,3.6288,61.308,0.66528,0,0,2.19959,0.199141,1.33517,0.66528,12.849,1,0.528913,2.30032,0,129.476,4.14813,127.1,0.84672,12.849,0.84672,3695.15,0,36.966,0.42336,2.39874,2.04447,11.5621,1.1503,14.4317,0.42336,36.966,0.42336,423.524,0,1.02816,0,0,3.4269,2.39874,1.028160,1,0,142.867,0,0,0,142.867,0
72.29,2.97567,0,0,5.04455,0.324656,1.74422,3.6288,61.308,0.66528,0,0,2.10789,0.163489,1.27912,0.66528,12.849,1,0.528903,1.74422,0,108.715,2.87433,107.056,0.84672,12.849,0.84672,3695.15,0,36.966,0.42336,2.04592,2.04446,10.7886,0.917106,13.5385,0.42336,36.966,0.42336,423.524,0,1.02816,0,0,3.07408,2.04592,1.028160,1,0,121.873,0,0,0,121.873,0
72.29,2.55287,0,0,5.01215,0.329281,2.13,3.6288,61.308,0.66528,0,0,0.933794,0.177101,0.0914128,0.66528,12.849,1,0.453754,2.13,0,98.9617,3.97383,96.6641,0.84672,12.849,0.84672,3695.15,0,36.966,0.42336,0.792115,2.04445,7.51139,1.14321,8.78138,0.42336,36.966,0.42336,423.524,0,1.02816,0,0,1.82028,0.792115,1.028160,1,0,105.537,0,0,0,105.537,0
72.29,2.55283,0,0,10.4215,0.329281,7.53938,3.6288,61.308,0.66528,0,0,3.03629,0.177101,2.19391,0.66528,12.849,1,0.453745,7.53938,0,187.424,3.97383,190.536,0.84672,12.849,0.84672,3695.15,0,36.966,0.42336,4.49367,1.95113,22.4704,1.14321,27.3486,0.42336,36.966,0.42336,423.524,0,1.02816,0,0,5.52183,4.49367,1.028160,1,0,220.078,0,0,0,220.078,0
72.29,2.55278,0,0,7.8681,0.329281,4.98604,3.6288,61.308,0.66528,0,0,2.2377,0.177101,1.39532,0.66528,12.849,1,0.453737,4.98604,0,205.869,3.97383,206.427,0.84672,12.849,0.84672,3695.15,0,36.966,0.42336,3.5045,1.95112,17.0008,1.14321,20.8898,0.42336,36.966,0.42336,423.524,0,1.02816,0,0,4.53266,3.5045,1.028160,1,0,228.712,0,0,0,228.712,0
72.29,2.55273,0,0,7.97463,0.329281,5.09262,3.6288,61.308,0.66528,0,0,1.65745,0.177101,0.815065,0.66528,12.849,1,0.453728,5.09262,0,229.784,3.97383,230.449,0.84672,12.849,0.84672,3695.15,0,36.966,0.42336,2.20486,1.95111,13.7233,1.14321,16.3127,0.42336,36.966,0.42336,423.524,0,1.02816,0,0,3.23302,2.20486,1.028160,1,0,247.577,0,0,0,247.577,0
72.29,2.55268,0,0,8.3922,0.310382,5.52913,3.6288,61.308,0.66528,0,0,1.74042,0.176225,0.898911,0.66528,12.849,1,0.45372,5.52913,0,228.444,4.10148,229.418,0.84672,12.849,0.84672,3695.15,0,36.966,0.42336,2.49328,1.9511,13.1821,1.15345,16.0497,0.42336,36.966,0.42336,423.524,0,1.02816,0,0,3.52144,2.49328,1.028160,1,0,246.367,0,0,0,246.367,0
72.29,2.65904,0,0,7.17866,0.314948,4.20467,3.6288,61.308,0.66528,0,0,1.52621,0.161815,0.699118,0.66528,12.849,1,0.472623,4.20467,0,167.111,4.05899,166.784,0.84672,12.849,0.84672,3695.15,0,36.966,0.42336,2.28982,1.95109,12.4551,1.10914,15.1635,0.42336,36.966,0.42336,423.524,0,1.02816,0,0,3.31798,2.28982,1.028160,1,0,182.646,0,0,0,182.646,0
72.29,2.36549,0,0,5.36199,0.314948,2.68155,3.6288,61.308,0.66528,0,0,1.17594,0.161815,0.348844,0.66528,12.849,1,0.420449,2.68155,0,111.542,4.05899,109.745,0.84672,12.849,0.84672,3695.15,0,36.966,0.42336,1.73858,1.97456,9.72916,1.10914,11.9098,0.42336,36.966,0.42336,423.524,0,1.02816,0,0,2.76674,1.73858,1.028160,1,0,122.003,0,0,0,122.003,0
72.29,2.36545,0,0,4.63495,0.314948,1.95455,3.6288,61.308,0.66528,0,0,1.07259,0.161815,0.245492,0.66528,12.849,1,0.420441,1.95455,0,96.5814,4.05899,94.0565,0.84672,12.849,0.84672,3695.15,0,36.966,0.42336,1.6486,1.90977,8.64976,1.10914,10.6756,0.42336,36.966,0.42336,423.524,0,1.02816,0,0,2.67676,1.6486,1.028160,1,0,104.978,0,0,0,104.978,0
72.29,2.3654,0,0,4.81782,0.283462,2.16895,3.6288,61.308,0.66528,0,0,1.07658,0.161504,0.249794,0.66528,12.849,1,0.420433,2.16895,0,96.6972,3.838,94.6077,0.84672,12.849,0.84672,3695.15,0,36.966,0.42336,1.48153,1.90977,9.65218,1.11,11.5101,0.42336,36.966,0.42336,423.524,0,1.02816,0,0,2.50969,1.48153,1.028160,1,0,106.368,0,0,0,106.368,0
72.29,2.3278,0,0,4.35353,0.24849,1.77724,3.6288,61.308,0.66528,0,0,1.00779,0.185601,0.156906,0.66528,12.849,1,0.41375,1.77724,0,83.776,4.24935,80.8902,0.84672,12.849,0.84672,3695.15,0,36.966,0.42336,1.28015,1.90976,6.99147,1.12618,8.63184,0.42336,36.966,0.42336,423.524,0,1.02816,0,0,2.30831,1.28015,1.028160,1,0,89.6789,0,0,0,89.6789,0
72.29,2.32776,0,0,3.68029,0.24849,1.10404,3.6288,61.308,0.66528,0,0,0.93884,0.185601,0.0879587,0.66528,12.849,1,0.413742,1.10404,0,71.3396,4.24935,67.7806,0.84672,12.849,0.84672,3695.15,0,36.966,0.42336,1.03682,1.90146,5.76227,1.12618,7.151,0.42336,36.966,0.42336,423.524,0,1.02816,0,0,2.06498,1.03682,1.028160,1,0,75.0195,0,0,0,75.0195,0
72.29,2.32772,0,0,3.26356,0.24849,0.687356,3.6288,61.3003,0.66528,0,0,0.843134,0.185601,0,0.66528,12.849,1,0.413734,0.687356,0,61.4968,4.24935,57.5211,0.84672,12.849,0.84672,3695.15,0,36.966,0.42336,0.769159,1.90145,4.96967,1.12618,6.09074,0.42336,36.966,0.42336,423.524,0,1.02816,0,0,1.79732,0.769159,1.028160,1,0,63.6119,0,0,0,63.6119,0
72.29,2.32767,0,0,2.97623,0.239848,0.40871,3.6288,61.2214,0.66528,0,0,0.760674,0.174215,0,0.66528,12.849,1,0.413726,0.40871,0,55.2409,4.01343,51.2224,0.84672,12.849,0.84672,3695.15,0,36.966,0.42336,0.626063,1.90144,4.58403,1.06634,5.62183,0.42336,36.966,0.42336,423.524,0,1.02816,0,0,1.65422,0.626063,1.028160,1,0,56.8443,0,0,0,56.8443,0
72.29,2.75824,0,0,3.39454,0.181099,0.455206,3.6288,61.308,0.66528,0,0,1.01849,0.176857,0.0897881,0.66528,12.849,1,0.490256,0.455206,0,71.1603,4.1871,66.9382,0.84672,12.849,0.84672,3695.15,0,36.966,0.42336,0.80841,1.90143,5.40842,1.04781,6.64709,0.42336,36.966,0.42336,423.524,0,1.02816,0,0,1.83657,0.80841,1.028160,1,0,73.6751,0,0,0,73.6751,0
72.1995,2.75819,0,0,3.15002,0.119482,0.36288,3.6288,61.308,0.66528,0,0,0.88395,0.201862,0.016808,0.66528,12.849,1,0.490247,0.36288,0,68.8539,4.57884,64.1477,0.84672,12.849,0.84672,3695.15,0,36.966,0.42336,0.587658,1.99646,4.9012,1.12286,5.9391,0.42336,36.966,0.42336,423.524,0,1.02816,0,0,1.61582,0.587658,1.028160,1,0,70.1036,0,0,0,70.1036,0
71.8551,2.75761,0,0,2.89556,0.1194,0.36288,3.6288,61.1009,0.717889,0,0,0.71261,0.201862,0,0.66528,12.849,1,0.49076,0.36288,0,63.1292,4.57884,58.4225,0.84672,12.849,0.84672,3695.15,0,36.966,0.42336,0.402797,1.99645,4.44106,1.12286,5.29409,0.42336,36.966,0.42336,423.524,0,0.975551,0,0,1.37835,0.402797,1.028160,1,0,63.7166,0,0,0,63.7166,0
71.4422,2.75557,0,0,2.82893,0.123418,0.36288,3.6288,60.7846,0.679259,0,0,0.591114,0.228143,0,0.66528,12.849,1,0.492746,0.36288,0,57.296,5.03528,52.1308,0.84672,12.849,0.84672,3695.15,0,36.966,0.42336,0.30119,1.99643,4.27429,1.21532,4.93323,0.42336,36.966,0.42336,423.524,0,1.01418,0,0,1.31537,0.30119,1.028160,1,0,57.0641,0,0,0,57.0641,0
70.4076,2.7531,0,0,2.20656,0.125128,0.36288,3.6288,60.347,0.72265,0,0,0.580083,0.294967,0,0.66528,12.849,1,0.49515,0.36288,0,44.0378,5.81597,38.0896,0.84672,12.849,0.84672,3695.15,0,36.966,0.42336,0.30119,1.99642,3.49456,1.37726,3.99155,0.42336,36.966,0.42336,423.524,0,0.97079,0,0,1.27198,0.30119,1.028160,1,0,42.0811,0,0,0,42.0811,0
68.9893,2.71909,0,0,1.8002,0.136546,0.36288,3.6288,59.9312,0.723419,0,0,0.598534,0.290927,0,0.66528,12.849,1,0.496219,0.36288,0,34.8554,5.49507,29.227,0.84672,12.849,0.84672,3695.15,0,36.966,0.42336,0.30119,1.99641,3.02672,1.30966,3.59131,0.42336,36.966,0.42336,423.524,0,0.970021,0,0,1.27121,0.30119,1.028160,1,0,32.8183,0,0,0,32.8183,0
67.5736,2.71044,0,0,1.79269,0.135055,0.36288,3.6288,59.5739,0.66528,0,0,0.59809,0.290157,0,0.66528,12.849,1,0.504809,0.36288,0,32.9266,5.49507,27.2896,0.84672,12.849,0.84672,3695.15,0,36.966,0.42336,0.325858,1.99024,3.26071,1.30966,3.84379,0.42336,36.966,0.42336,423.524,0,1.02816,0,0,1.35402,0.325858,1.028160,1,0,31.1334,0,0,0,31.1334,0
66.1015,2.7015,0,0,1.72123,0.128954,0.36288,3.6288,59.1864,0.66528,0,0,0.574997,0.297183,0,0.66528,12.849,1,0.513686,0.36288,0,30.9067,5.60366,25.1523,0.84672,12.849,0.84672,3695.15,0,36.966,0.42336,0.339422,1.99023,3.30509,1.34641,3.86498,0.42336,36.966,0.42336,423.524,0,1.02816,0,0,1.36758,0.339422,1.028160,1,0,29.0173,0,0,0,29.0173,0
64.4571,2.69188,0,0,1.50876,0.0984585,0.36288,3.6288,58.6017,0.794768,0,0,0.550016,0.339934,0,0.66528,12.849,1,0.523254,0.36288,0,28.7042,6.27939,22.2645,0.84672,12.849,0.84672,3695.15,0,36.966,0.42336,0.261274,1.99022,3.08978,1.58126,3.33665,0.42336,36.966,0.42336,423.524,0,0.898672,0,0,1.15995,0.261274,1.028160,1,0,25.6011,0,0,0,25.6011,0
62.8659,2.7515,0,0,1.60995,0.0867507,0.36288,3.6288,58.2573,0.752639,0,0,0.741023,0.332807,0,0.66528,12.849,1,0.548488,0.36288,0,30.9307,5.95014,24.7949,0.84672,12.849,0.84672,3695.15,0,36.966,0.42336,0.261274,1.9902,2.90746,1.49134,3.24424,0.42336,36.966,0.42336,423.524,0,0.940801,0,0,1.20207,0.261274,1.028160,1,0,28.0392,0,0,0,28.0392,0
61.2033,2.73992,0,0,1.52582,0.0856371,0.36288,3.6288,57.9229,0.66528,0,0,0.662956,0.33207,0,0.66528,12.849,1,0.560005,0.36288,0,27.3299,5.95014,21.1826,0.84672,12.849,0.84672,3695.15,0,36.966,0.42336,0.29109,2.00611,3.03674,1.49134,3.41924,0.42336,36.966,0.42336,423.524,0,1.02816,0,0,1.31925,0.29109,1.028160,1,0,24.6018,0,0,0,24.6018,0
59.455,2.72729,0,0,1.42638,0.0844736,0.36288,3.6288,57.4559,0.748993,0,0,0.613373,0.331354,0,0.66528,12.849,1,0.572567,0.36288,0,25.9866,5.95014,19.8268,0.84672,12.849,0.84672,3695.15,0,36.966,0.42336,0.261274,2.00609,2.66465,1.49134,3.01731,0.42336,36.966,0.42336,423.524,0,0.944447,0,0,1.20572,0.261274,1.028160,1,0,22.8441,0,0,0,22.8441,0
57.7028,2.7134,0,0,1.40721,0.0831649,0.36288,3.6288,57.1239,0.66528,0,0,0.663626,0.330355,0,0.66528,12.849,1,0.586401,0.36288,0,24.1129,5.95014,17.9393,0.84672,12.849,0.84672,3695.15,0,36.966,0.42336,0.258828,2.00608,3.01342,1.49134,3.36362,0.42336,36.966,0.42336,423.524,0,1.02816,0,0,1.28699,0.258828,1.028160,1,0,21.3029,0,0,0,21.3029,0
55.7656,2.90215,0,0,1.37914,0.0512505,0.36288,3.6288,56.6562,0.816255,0,0,0.715513,0.367005,0,0.66528,12.849,1,0.646238,0.36288,0,27.2216,6.22314,20.7151,0.84672,12.849,0.84672,3695.15,0,36.966,0.42336,0.227405,2.00607,3.0896,1.56326,3.33646,0.42336,36.966,0.42336,423.524,0,0.877185,0,0,1.10459,0.227405,1.028160,1,0,24.0516,0,0,0,24.0516,0
53.7023,2.88385,0,0,1.25045,0.0670158,0.36288,3.6288,56.2985,0.709612,0,0,0.697412,0.345457,0,0.66528,12.849,1,0.664471,0.36288,0,25.672,6.11707,19.2534,0.84672,12.849,0.84672,3695.15,0,36.966,0.42336,0.227405,2.05266,3.04776,1.58158,3.32288,0.42336,36.966,0.42336,423.524,0,0.983828,0,0,1.21123,0.227405,1.028160,1,0,22.5762,0,0,0,22.5762,0
51.5855,2.8632,0,0,1.17068,0.0614632,0.36288,3.6288,55.9724,0.66528,0,0,0.686275,0.34716,0,0.66528,12.849,1,0.685059,0.36288,0,25.8717,6.19185,19.3577,0.84672,12.849,0.84672,3695.15,0,36.966,0.42336,0.569324,2.05265,2.8979,1.59652,3.49999,0.42336,36.966,0.42336,423.524,0,1.02816,0,0,1.59748,0.569324,1.028160,1,0,22.8577,0,0,0,22.8577,0
49.4458,2.84064,0,0,1.12399,0.0601392,0.36288,3.6288,55.6371,0.66528,0,0,0.6764,0.346421,0,0.66528,12.849,1,0.707552,0.36288,0,24.4002,6.19185,17.8637,0.84672,12.849,0.84672,3695.15,0,36.966,0.42336,0.540605,2.05263,2.85645,1.59652,3.42981,0.42336,36.966,0.42336,423.524,0,1.02816,0,0,1.56876,0.540605,1.028160,1,0,21.2935,0,0,0,21.2935,0
47.471,2.81629,0,0,1.24413,0.0397645,0.36288,3.6288,55.1922,0.66528,0,0,0.576974,0.35651,0,0.66528,12.849,1,0.731841,0.36288,0,22.5455,6.56922,15.6073,0.84672,12.849,0.84672,3695.15,0,36.966,0.42336,0.411255,2.05262,2.43649,1.658,2.819,0.42336,36.966,0.42336,423.524,0,1.02816,0,0,1.43942,0.411255,1.028160,1,0,18.4263,0,0,0,18.4263,0
45.6266,2.69691,0,0,1.31999,0.104603,0.36288,3.6288,54.7463,0.66528,0,0,0.515227,0.295939,0,0.66528,12.849,1,0.729975,0.36288,0,18.9664,5.18047,13.4189,0.84672,12.849,0.84672,3695.15,0,36.966,0.42336,0.298581,2.05261,1.77797,1.26342,2.44238,0.42336,36.966,0.42336,423.524,0,1.02816,0,0,1.32674,0.298581,1.028160,1,0,15.8613,0,0,0,15.8613,0
43.9747,2.67384,0,0,1.51614,0.131322,0.36288,3.6288,54.4957,0.66528,0,0,0.703175,0.288407,0,0.66528,12.849,1,0.752986,0.36288,0,19.167,4.9601,13.8168,0.84672,12.849,0.84672,3695.15,0,36.966,0.42336,0.612645,2.02989,2.46563,1.23836,3.44644,0.42336,36.966,0.42336,423.524,0,1.02816,0,0,1.64081,0.612645,1.028160,1,0,17.2632,0,0,0,17.2632,0
42.2827,2.6519,0,0,1.45168,0.128892,0.36288,3.6288,54.2322,0.66528,0,0,0.689688,0.287931,0,0.66528,12.849,1,0.774861,0.36288,0,25.5557,4.9601,20.1836,0.84672,12.849,0.84672,3695.15,0,36.966,0.42336,0.567933,2.02988,2.46498,1.23836,3.40107,0.42336,36.966,0.42336,423.524,0,1.02816,0,0,1.59609,0.567933,1.028160,1,0,23.5846,0,0,0,23.5846,0
40.8295,2.62807,0,0,1.66411,0.126403,0.36288,3.6288,54.23,0.66528,0,0,0.950495,0.28743,0,0.66528,12.849,1,0.798627,0.36288,0,57.4492,4.9601,52.0533,0.84672,12.849,0.84672,3695.15,0,36.966,0.42336,0.967982,2.02986,3.33064,1.23836,4.66677,0.42336,36.966,0.42336,423.524,0,1.02816,0,0,1.99614,0.967982,1.028160,1,0,56.7201,0,0,0,56.7201,0
40.402,2.53076,0,0,2.64001,0.173879,0.36288,3.6288,54.4559,0.66528,0,0,1.074,0.182842,0,0.66528,12.849,1,0.796427,0.36288,0,82.7937,3.57493,78.7852,0.84672,12.849,0.84672,3695.15,0,36.966,0.42336,1.602,2.02985,5.533,0.907483,7.83401,0.42336,36.966,0.42336,423.524,0,1.02816,0,0,2.63016,1.602,1.028160,1,0,86.6192,0,0,0,86.6192,0
40.3106,2.52431,0,0,2.96882,0.172999,0.36288,3.6288,54.7464,0.66528,0,0,1.13886,0.183116,0,0.66528,12.849,1,0.802806,0.36288,0,80.4375,3.57493,76.4227,0.84672,12.849,0.84672,3695.15,0,36.966,0.42336,1.75345,2.0112,6.33599,0.907483,8.7698,0.42336,36.966,0.42336,423.524,0,1.02816,0,0,2.78161,1.75345,1.028160,1,0,85.1925,0,0,0,85.1925,0
41.9361,2.52289,0,0,4.68412,0.172811,0.36288,3.6288,55.3349,0.66528,0,0,1.43729,0.183467,0,0.66528,12.849,1,0.804171,0.36288,0,80.7097,3.57493,76.6935,0.84672,12.849,0.84672,3695.15,0,36.966,0.42336,2.59777,2.01119,8.30589,0.907483,11.584,0.42336,36.966,0.42336,423.524,0,1.02816,0,0,3.62593,2.59777,1.028160,1,0,88.2775,0,0,0,88.2775,0
