0st_vol,0capacity,0net_inf,0st_rof,0lt_rof,0rest_demand,0unrest_demand,0unfulf_demand,0wastewater,0treat_capacity,0agg_price,0res_price,0gross_rev,0drought_cost,0cont_contrib,0debt_serv,0infra_npv,1st_vol,1capacity,1net_inf,1st_rof,1lt_rof,1rest_demand,1unrest_demand,1unfulf_demand,1wastewater,1treat_capacity,1agg_price,1res_price,1gross_rev,1drought_cost,1cont_contrib,1debt_serv,1infra_npv
122.105,122.105,5.88172,0.05,0,2.46977,2.46977,0,0,4.89888,4.03744e+06,2.70226e+06,9.97155e+06,0,0,0,0,62.3362,61.308,4.76502,0,1,1.43262,1.43262,0,0,1.69344,8.39061e+06,3.61194e+06,1.20205e+07,0,0,0,0
122.105,122.105,7.31576,0.05,0,2.47082,2.47082,0,0.462835,4.89888,4.03744e+06,2.70226e+06,9.97579e+06,0,0,0,0,62.3362,61.308,6.36394,0,1,1.43323,1.43323,0,1.10684,1.69344,8.39061e+06,3.61194e+06,1.20257e+07,0,0,0,0
122.105,122.105,8.48108,0.05,0,2.47188,2.47188,0,0.463032,4.89888,4.03744e+06,2.70226e+06,9.98004e+06,0,0,0,0,62.3362,61.308,7.81398,0,1,1.43384,1.43384,0,1.10731,1.69344,8.39061e+06,3.61194e+06,1.20308e+07,0,0,0,0
122.105,122.105,9.70728,0.05,0,2.47293,2.47293,0,0.463229,4.89888,4.03744e+06,2.70226e+06,9.98429e+06,0,0,0,0,62.3362,61.308,9.23993,0,1,1.43445,1.43445,0,1.10778,1.69344,8.39061e+06,3.61194e+06,1.20359e+07,0,0,0,0
122.105,122.105,12.7376,0.05,0,2.65601,2.71529,0,0.463427,4.89888,4.03744e+06,2.76295e+06,1.07235e+07,0,0,0,0,62.3362,61.308,10.3312,1,1,1.56878,1.60379,0,1.10825,1.69344,8.39061e+06,3.69306e+06,1.3163e+07,0,0,0,0
122.105,122.105,7.44256,0.05,0,2.65714,2.71644,0,0.497737,4.89888,4.03744e+06,2.76295e+06,1.0728e+07,0,0,0,0,62.3362,61.308,9.45941,1,1,1.56945,1.60447,0,1.21204,1.69344,8.39061e+06,3.69306e+06,1.31686e+07,0,0,0,0
122.105,122.105,5.60807,0.05,0,2.65827,2.7176,0,0.497949,4.89888,4.03744e+06,2.76295e+06,1.07326e+07,0,0,0,0,62.3362,61.308,5.48033,1,1,1.57012,1.60515,0,1.21256,1.69344,8.39061e+06,3.69306e+06,1.31742e+07,0,0,0,0
122.105,122.105,4.69357,0.05,0,2.6594,2.71875,0,0.498161,4.89888,4.03744e+06,2.76295e+06,1.07372e+07,0,0,0,0,62.3362,61.308,4.64431,1,1,1.57078,1.60584,0,1.21307,1.69344,8.39061e+06,3.69306e+06,1.31798e+07,0,0,0,0
122.105,122.105,6.52073,0.05,0,2.37514,2.37514,0,0.498372,4.89888,4.03744e+06,2.70226e+06,9.58948e+06,0,0,0,0,62.3362,61.308,6.39281,0,1,1.37969,1.37969,0,1.21359,1.69344,8.39061e+06,3.61194e+06,1.15765e+07,0,0,0,0
122.105,122.105,9.5196,0.05,0,2.37615,2.37615,0,0.445102,4.89888,4.03744e+06,2.70226e+06,9.59356e+06,0,0,0,0,62.3362,61.308,7.26121,0,1,1.38028,1.38028,0,1.06595,1.69344,8.39061e+06,3.61194e+06,1.15814e+07,0,0,0,0
122.105,122.105,8.30008,0.05,0,2.37716,2.37716,0,0.445291,4.89888,4.03744e+06,2.70226e+06,9.59764e+06,0,0,0,0,62.3362,61.308,5.7828,0,1,1.38087,1.38087,0,1.0664,1.69344,8.39061e+06,3.61194e+06,1.15863e+07,0,0,0,0
122.105,122.105,8.15683,0.05,0,2.37817,2.37817,0,0.44548,4.89888,4.03744e+06,2.70226e+06,9.60171e+06,0,0,0,0,62.3362,61.308,6.82194,0,1,1.38145,1.38145,0,1.06686,1.69344,8.39061e+06,3.61194e+06,1.15912e+07,0,0,0,0
122.105,122.105,8.45152,0.05,0,2.37918,2.37918,0,0.445669,4.89888,4.03744e+06,2.70226e+06,9.60579e+06,0,0,0,0,62.3362,61.308,7.05083,0,1,1.38204,1.38204,0,1.06731,1.69344,8.39061e+06,3.61194e+06,1.15962e+07,0,0,0,0
122.105,122.105,6.70057,0.05,0,2.46716,2.46716,0,0.445859,4.89888,4.03744e+06,2.70226e+06,9.961e+06,0,0,0,0,62.3362,61.308,6.03977,0,1,1.43823,1.43823,0,1.06776,1.69344,8.39061e+06,3.61194e+06,1.20677e+07,0,0,0,0
122.105,122.105,11.7605,0.05,0,2.46821,2.46821,0,0.462346,4.89888,4.03744e+06,2.70226e+06,9.96523e+06,0,0,0,0,62.3362,61.308,8.68291,0,1,1.43885,1.43885,0,1.11118,1.69344,8.39061e+06,3.61194e+06,1.20728e+07,0,0,0,0
122.105,122.105,8.04428,0.05,0,2.46926,2.46926,0,0.462542,4.89888,4.03744e+06,2.70226e+06,9.96946e+06,0,0,0,0,62.3362,61.308,6.43209,0,1,1.43946,1.43946,0,1.11165,1.69344,8.39061e+06,3.61194e+06,1.20779e+07,0,0,0,0
122.105,122.105,6.52684,0.05,0,2.4703,2.4703,0,0.462739,4.89888,4.03744e+06,2.70226e+06,9.9737e+06,0,0,0,0,62.3362,61.308,5.84859,0,1,1.44007,1.44007,0,1.11212,1.69344,8.39061e+06,3.61194e+06,1.20831e+07,0,0,0,0
122.105,122.105,6.32357,0.05,0,2.43729,2.43729,0,0.462935,4.89888,4.03744e+06,2.70226e+06,9.84041e+06,0,0,0,0,62.3362,61.308,5.74681,0,1,1.41904,1.41904,0,1.1126,1.69344,8.39061e+06,3.61194e+06,1.19067e+07,0,0,0,0
122.105,122.105,5.94942,0.05,0,2.43833,2.43833,0,0.456748,4.89888,4.03744e+06,2.70226e+06,9.84458e+06,0,0,0,0,62.3362,61.308,4.83703,0,1,1.41965,1.41965,0,1.09635,1.69344,8.39061e+06,3.61194e+06,1.19117e+07,0,0,0,0
122.105,122.105,5.46494,0.05,0,2.43936,2.43936,0,0.456942,4.89888,4.03744e+06,2.70226e+06,9.84876e+06,0,0,0,0,62.3362,61.308,4.50826,0,1,1.42025,1.42025,0,1.09682,1.69344,8.39061e+06,3.61194e+06,1.19168e+07,0,0,0,0
122.105,122.105,5.01806,0.04,0,2.4404,2.4404,0,0.457136,4.89888,4.03744e+06,2.70226e+06,9.85294e+06,0,0,0,0,62.3362,61.308,4.28188,0,1,1.42085,1.42085,0,1.09728,1.69344,8.39061e+06,3.61194e+06,1.19218e+07,0,0,0,0
122.105,122.105,4.84428,0.04,0,2.55725,2.55725,0,0.45733,4.89888,4.03744e+06,2.70226e+06,1.03247e+07,0,0,0,0,62.3362,61.308,3.94781,0,1,1.49831,1.49831,0,1.09775,1.69344,8.39061e+06,3.61194e+06,1.25717e+07,0,0,0,0
122.105,122.105,4.07154,0.04,0,2.55833,2.55833,0,0.479228,4.89888,4.03744e+06,2.70226e+06,1.03291e+07,0,0,0,0,62.3362,61.308,3.37734,0,1,1.49894,1.49894,0,1.15759,1.69344,8.39061e+06,3.61194e+06,1.2577e+07,0,0,0,0
122.105,122.105,3.80689,0.03,0,2.55941,2.55941,0,0.479431,4.89888,4.03744e+06,2.70226e+06,1.03335e+07,0,0,0,0,62.3362,61.308,3.05461,0,1,1.49958,1.49958,0,1.15808,1.69344,8.39061e+06,3.61194e+06,1.25824e+07,0,0,0,0
122.105,122.105,3.72691,0.02,0,2.5605,2.5605,0,0.479634,4.89888,4.03744e+06,2.70226e+06,1.03379e+07,0,0,0,0,62.3362,61.308,3.09098,0,1,1.50021,1.50021,0,1.15857,1.69344,8.39061e+06,3.61194e+06,1.25877e+07,0,0,0,0
122.105,122.105,3.35181,0.02,0,2.56159,2.56159,0,0.479838,4.89888,4.03744e+06,2.70226e+06,1.03422e+07,0,0,0,0,62.2061,61.308,3.01087,0,1,1.50085,1.50085,0,1.15906,1.69344,8.39061e+06,3.61194e+06,1.2593e+07,0,0,0,0
122.105,122.105,3.13699,0.02,0,2.48428,2.53972,0,0.480041,4.89888,4.03744e+06,2.76295e+06,1.00301e+07,0,0,0,0,62.3307,61.308,2.24721,1,1,1.51011,1.54381,0,1.15956,1.69344,8.39061e+06,3.69306e+06,1.26708e+07,0,0,0,0
122.105,122.105,3.12062,0.02,0,2.48533,2.5408,0,0.465554,4.89888,4.03744e+06,2.76295e+06,1.00344e+07,0,0,0,0,62.3288,61.308,2.33874,1,1,1.51075,1.54447,0,1.16671,1.69344,8.39061e+06,3.69306e+06,1.26762e+07,0,0,0,0
122.105,122.105,3.03995,0.02,0,2.48639,2.54187,0,0.465751,4.89888,4.03744e+06,2.76295e+06,1.00386e+07,0,0,0,0,62.202,61.308,2.28236,1,1,1.51139,1.54512,0,1.16721,1.69344,8.39061e+06,3.69306e+06,1.26815e+07,0,0,0,0
122.041,122.105,2.75849,0.02,0,2.48744,2.54295,0,0.465949,4.89888,4.03744e+06,2.76295e+06,1.00429e+07,0,0,0,0,62.1323,61.308,2.1255,1,1,1.51203,1.54578,0,1.1677,1.69344,8.39061e+06,3.69306e+06,1.26869e+07,0,0,0,0
121.785,122.105,2.53548,0.03,0,2.54657,2.6034,0,0.466146,4.89888,4.03744e+06,2.76295e+06,1.02816e+07,0,0,0,0,62.1768,61.308,1.97188,1,1,1.54964,1.58422,0,1.1682,1.69344,8.39061e+06,3.69306e+06,1.30024e+07,0,0,0,0
121.812,122.105,2.89822,0.03,0,2.54765,2.6045,0,0.477227,4.89888,4.03744e+06,2.76295e+06,1.0286e+07,0,0,0,0,62.3362,61.308,2.47145,1,1,1.55029,1.58489,0,1.19725,1.69344,8.39061e+06,3.69306e+06,1.30079e+07,0,0,0,0
121.634,122.105,2.62857,0.03,0,2.54873,2.6056,0,0.477429,4.89888,4.03744e+06,2.76295e+06,1.02903e+07,0,0,0,0,62.1997,61.308,2.29382,1,1,1.55095,1.58556,0,1.19776,1.69344,8.39061e+06,3.69306e+06,1.30134e+07,0,0,0,0
121.269,122.105,2.38603,0.03,0,2.54981,2.60671,0,0.477631,4.89888,4.03744e+06,2.76295e+06,1.02947e+07,0,0,0,0,62.2455,61.308,2.02068,1,1,1.55161,1.58623,0,1.19826,1.69344,8.39061e+06,3.69306e+06,1.30189e+07,0,0,0,0
120.791,122.105,2.52871,0.03,0,2.72125,2.78197,0,0.477834,4.89888,4.03744e+06,2.76295e+06,1.09869e+07,0,0,0,0,62.0129,61.308,2.32572,1,1,1.68591,1.72353,0,1.19877,1.69344,8.39061e+06,3.69306e+06,1.41458e+07,0,0,0,0
119.895,122.105,2.06235,0.03,0,2.7224,2.78315,0,0.509962,4.89888,4.03744e+06,2.76295e+06,1.09915e+07,0,0,0,0,61.5438,61.308,1.80979,1,1,1.68662,1.72426,0,1.30253,1.69344,8.39061e+06,3.69306e+06,1.41518e+07,0,0,0,0
118.971,122.105,2.02287,0.03,0,2.72355,2.78433,0,0.510178,4.89888,4.03744e+06,2.76295e+06,1.09962e+07,0,0,0,0,61.1928,61.308,1.70105,1,1,1.68733,1.72499,0,1.30308,1.69344,8.39061e+06,3.69306e+06,1.41578e+07,0,0,0,0
118.706,122.105,2.74441,0.03,0,2.7247,2.78551,0,0.510393,4.89888,4.03744e+06,2.76295e+06,1.10008e+07,0,0,0,0,61.0479,61.308,1.98199,1,1,1.68805,1.72572,0,1.30363,1.69344,8.39061e+06,3.69306e+06,1.41638e+07,0,0,0,0
119.341,122.105,3.80626,0.03,0,2.72586,2.78669,0,0.510609,4.89888,4.03744e+06,2.76295e+06,1.10055e+07,0,0,0,0,61.2029,61.308,2.35392,1,1,1.68876,1.72645,0,1.30419,1.69344,8.39061e+06,3.69306e+06,1.41698e+07,0,0,0,0
120.271,122.105,4.49154,0.03,0,2.6438,2.7028,0,0.510825,4.89888,4.03744e+06,2.76295e+06,1.06742e+07,0,0,0,0,61.7412,61.308,3.11686,1,1,1.60819,1.64408,0,1.30474,1.69344,8.39061e+06,3.69306e+06,1.34937e+07,0,0,0,0
121.098,122.105,4.43523,0.03,0,2.64492,2.70395,0,0.495449,4.89888,4.03744e+06,2.76295e+06,1.06787e+07,0,0,0,0,62.2717,61.308,3.10033,1,1,1.60887,1.64477,0,1.24249,1.69344,8.39061e+06,3.69306e+06,1.34994e+07,0,0,0,0
122.105,122.105,5.44909,0.03,0,2.64604,2.70509,0,0.495658,4.89888,4.03744e+06,2.76295e+06,1.06832e+07,0,0,0,0,62.3362,61.308,4.07663,1,1,1.60955,1.64547,0,1.24301,1.69344,8.39061e+06,3.69306e+06,1.35051e+07,0,0,0,0
122.105,122.105,5.44508,0.02,0,2.64716,2.70623,0,0.495868,4.89888,4.03744e+06,2.76295e+06,1.06877e+07,0,0,0,0,62.3362,61.308,3.01648,1,1,1.61023,1.64616,0,1.24354,1.69344,8.39061e+06,3.69306e+06,1.35108e+07,0,0,0,0
122.105,122.105,4.84172,0.02,0,2.57987,2.63744,0,0.496078,4.89888,4.03744e+06,2.76295e+06,1.0416e+07,0,0,0,0,62.3362,61.308,2.72424,1,1,1.53679,1.57109,0,1.24406,1.69344,8.39061e+06,3.69306e+06,1.28946e+07,0,0,0,0
122.105,122.105,5.47133,0.02,0,2.58096,2.63855,0,0.483467,4.89888,4.03744e+06,2.76295e+06,1.04204e+07,0,0,0,0,62.3362,61.308,3.43481,1,1,1.53744,1.57175,0,1.18733,1.69344,8.39061e+06,3.69306e+06,1.29001e+07,0,0,0,0
122.105,122.105,6.51786,0.02,0,2.58205,2.63967,0,0.483671,4.89888,4.03744e+06,2.76295e+06,1.04248e+07,0,0,0,0,62.3362,61.308,4.99609,1,1,1.53809,1.57241,0,1.18783,1.69344,8.39061e+06,3.69306e+06,1.29055e+07,0,0,0,0
122.105,122.105,6.66159,0.02,0,2.58314,2.64078,0,0.483876,4.89888,4.03744e+06,2.76295e+06,1.04293e+07,0,0,0,0,62.3362,61.308,4.38134,1,1,1.53874,1.57308,0,1.18833,1.69344,8.39061e+06,3.69306e+06,1.2911e+07,0,0,0,0
122.105,122.105,6.01719,0.02,0,2.44293,2.44293,0,0.48408,4.89888,4.03744e+06,2.70226e+06,9.86318e+06,0,0,0,0,62.3362,61.308,4.58774,0,1,1.41567,1.41567,0,1.18883,1.69344,8.39061e+06,3.61194e+06,1.18783e+07,0,0,0,0
122.105,122.105,8.22777,0.02,0,2.44396,2.44396,0,0.457806,4.89888,4.03744e+06,2.70226e+06,9.86735e+06,0,0,0,0,62.3362,61.308,7.47643,0,1,1.41626,1.41626,0,1.09374,1.69344,8.39061e+06,3.61194e+06,1.18833e+07,0,0,0,0
122.105,122.105,7.48776,0.03,0,2.445,2.445,0,0.457999,4.89888,4.03744e+06,2.70226e+06,9.87152e+06,0,0,0,0,62.3362,61.308,7.90959,0,1,1.41686,1.41686,0,1.09421,1.69344,8.39061e+06,3.61194e+06,1.18883e+07,0,0,0,0
122.105,122.105,6.38407,0.03,0,2.44603,2.44603,0,0.458192,4.89888,4.03744e+06,2.70226e+06,9.87568e+06,0,0,0,0,62.3362,61.308,5.5691,0,1,1.41746,1.41746,0,1.09467,1.69344,8.39061e+06,3.61194e+06,1.18934e+07,0,0,0,0
122.105,122.105,6.08654,0.04,0,2.44706,2.44706,0,0.458386,4.89888,4.03744e+06,2.70226e+06,9.87985e+06,0,0,0,0,62.3362,61.308,3.99007,0,1,1.41806,1.41806,0,1.09513,1.69344,8.39061e+06,3.61194e+06,1.18984e+07,0,0,0,0
122.105,122.105,6.79801,0.05,0,2.52476,2.52476,0,0.458579,4.89888,4.03744e+06,2.70226e+06,1.01936e+07,0,0,0,0,62.3362,61.308,5.76488,0,1,1.46451,1.46451,0,1.09559,1.69344,8.39061e+06,3.61194e+06,1.22882e+07,0,0,0,0
122.105,122.105,5.99711,0.05,0,2.5258,2.5258,0,0.473141,4.89888,4.03744e+06,2.70226e+06,1.01977e+07,0,0,0,0,62.3362,61.308,4.42822,0,1,1.46511,1.46511,0,1.13148,1.69344,8.39061e+06,3.61194e+06,1.22932e+07,0,0,0,0
122.105,122.105,5.05502,0.05,0,2.52683,2.52683,0,0.473334,4.89888,4.03744e+06,2.70226e+06,1.02019e+07,0,0,0,0,62.3362,61.308,4.33602,0,1,1.46571,1.46571,0,1.13195,1.69344,8.39061e+06,3.61194e+06,1.22982e+07,0,0,0,0
122.105,122.105,4.47914,0.05,0,2.52786,2.52786,0,0.473528,4.89888,4.03744e+06,2.70226e+06,1.02061e+07,0,0,0,0,62.3362,61.308,3.74711,0,1,1.46631,1.46631,0,1.13241,1.69344,8.39061e+06,3.61194e+06,1.23033e+07,0,0,0,0
122.105,122.105,5.1631,0.05,0,2.71497,2.77556,0,0.473721,4.89888,4.03744e+06,2.76295e+06,1.09615e+07,0,0,0,0,62.3362,61.308,4.19471,1,1,1.6036,1.63939,0,1.13287,1.69344,8.39061e+06,3.69306e+06,1.34552e+07,0,0,0,0
122.105,122.105,5.25464,0.05,0,2.71608,2.77669,0,0.508785,4.89888,4.03744e+06,2.76295e+06,1.0966e+07,0,0,0,0,62.3362,61.308,4.25916,1,1,1.60426,1.64006,0,1.23894,1.69344,8.39061e+06,3.69306e+06,1.34607e+07,0,0,0,0
122.105,122.105,6.02745,0.05,0,2.71719,2.77783,0,0.508993,4.89888,4.03744e+06,2.76295e+06,1.09705e+07,0,0,0,0,62.3362,61.308,5.1515,1,1,1.60491,1.64073,0,1.23945,1.69344,8.39061e+06,3.69306e+06,1.34662e+07,0,0,0,0
122.105,122.105,4.34834,0.05,0,2.7183,2.77896,0,0.509201,4.89888,4.03744e+06,2.76295e+06,1.0975e+07,0,0,0,0,62.3362,61.308,4.00524,1,1,1.60557,1.6414,0,1.23996,1.69344,8.39061e+06,3.69306e+06,1.34717e+07,0,0,0,0
122.105,122.105,5.80094,0.05,0,2.4277,2.4277,0,0.509409,4.89888,4.03744e+06,2.70226e+06,9.80168e+06,0,0,0,0,62.3362,61.308,3.52695,0,1,1.41022,1.41022,0,1.24046,1.69344,8.39061e+06,3.61194e+06,1.18326e+07,0,0,0,0
122.105,122.105,4.467,0.05,0,2.42869,2.42869,0,0.454951,4.89888,4.03744e+06,2.70226e+06,9.80569e+06,0,0,0,0,62.3362,61.308,3.23558,0,1,1.4108,1.4108,0,1.08954,1.69344,8.39061e+06,3.61194e+06,1.18375e+07,0,0,0,0
122.105,122.105,4.02605,0.05,0,2.42968,2.42968,0,0.455137,4.89888,4.03744e+06,2.70226e+06,9.80969e+06,0,0,0,0,62.3362,61.308,2.75317,0,1,1.41138,1.41138,0,1.08998,1.69344,8.39061e+06,3.61194e+06,1.18423e+07,0,0,0,0
122.105,122.105,3.50547,0.05,0,2.43068,2.43068,0,0.455323,4.89888,4.03744e+06,2.70226e+06,9.81369e+06,0,0,0,0,62.3362,61.308,3.06478,0,1,1.41195,1.41195,0,1.09043,1.69344,8.39061e+06,3.61194e+06,1.18471e+07,0,0,0,0
122.105,122.105,3.69051,0.05,0,2.43167,2.43167,0,0.455508,4.89888,4.03744e+06,2.70226e+06,9.8177e+06,0,0,0,0,62.3362,61.308,3.56221,0,1,1.41253,1.41253,0,1.09087,1.69344,8.39061e+06,3.61194e+06,1.1852e+07,0,0,0,0
122.105,122.105,4.65367,0.05,0,2.52154,2.52154,0,0.455694,4.89888,4.03744e+06,2.70226e+06,1.01806e+07,0,0,0,0,62.3362,61.308,3.33426,0,1,1.46994,1.46994,0,1.09132,1.69344,8.39061e+06,3.61194e+06,1.23337e+07,0,0,0,0
122.105,122.105,5.44628,0.05,0,2.52257,2.52257,0,0.472537,4.89888,4.03744e+06,2.70226e+06,1.01847e+07,0,0,0,0,62.3362,61.308,4.25053,0,1,1.47054,1.47054,0,1.13567,1.69344,8.39061e+06,3.61194e+06,1.23387e+07,0,0,0,0
122.105,122.105,3.88173,0.05,0,2.5236,2.5236,0,0.47273,4.89888,4.03744e+06,2.70226e+06,1.01889e+07,0,0,0,0,62.3362,61.308,2.57276,0,1,1.47114,1.47114,0,1.13614,1.69344,8.39061e+06,3.61194e+06,1.23438e+07,0,0,0,0
122.105,122.105,3.63105,0.05,0,2.52463,2.52463,0,0.472923,4.89888,4.03744e+06,2.70226e+06,1.0193e+07,0,0,0,0,62.3362,61.308,2.69866,0,1,1.47174,1.47174,0,1.1366,1.69344,8.39061e+06,3.61194e+06,1.23488e+07,0,0,0,0
122.105,122.105,3.49787,0.05,0,2.49085,2.49085,0,0.473116,4.89888,4.03744e+06,2.70226e+06,1.00566e+07,0,0,0,0,62.3362,61.308,2.73561,0,1,1.45023,1.45023,0,1.13706,1.69344,8.39061e+06,3.61194e+06,1.21683e+07,0,0,0,0
122.105,122.105,3.09458,0.05,0,2.49187,2.49187,0,0.466785,4.89888,4.03744e+06,2.70226e+06,1.00608e+07,0,0,0,0,62.3362,61.308,2.48326,0,1,1.45082,1.45082,0,1.12045,1.69344,8.39061e+06,3.61194e+06,1.21733e+07,0,0,0,0
122.105,122.105,3.06764,0.05,0,2.49288,2.49288,0,0.466976,4.89888,4.03744e+06,2.70226e+06,1.00649e+07,0,0,0,0,62.3362,61.308,2.66884,0,1,1.45141,1.45141,0,1.1209,1.69344,8.39061e+06,3.61194e+06,1.21782e+07,0,0,0,0
121.972,122.105,2.84688,0.04,0,2.4939,2.4939,0,0.467166,4.89888,4.03744e+06,2.70226e+06,1.0069e+07,0,0,0,0,62.3362,61.308,2.43251,0,1,1.452,1.452,0,1.12136,1.69344,8.39061e+06,3.61194e+06,1.21832e+07,0,0,0,0
121.855,122.105,2.88881,0.07,0,2.55622,2.61327,0,0.467357,4.89888,4.03744e+06,2.76295e+06,1.03206e+07,0,0,0,0,62.3362,61.308,2.3811,1,1,1.49771,1.53113,0,1.12182,1.69344,8.39061e+06,3.69306e+06,1.25667e+07,0,0,0,0
121.425,122.105,2.47586,0.06,0,2.55726,2.61433,0,0.479036,4.89888,4.03744e+06,2.76295e+06,1.03248e+07,0,0,0,0,62.2855,61.308,2.17447,1,1,1.49832,1.53175,0,1.15713,1.69344,8.39061e+06,3.69306e+06,1.25718e+07,0,0,0,0
120.86,122.105,2.27552,0.06,0,2.55831,2.6154,0,0.479231,4.89888,4.03744e+06,2.76295e+06,1.0329e+07,0,0,0,0,62.2252,61.308,2.1687,1,1,1.49893,1.53238,0,1.1576,1.69344,8.39061e+06,3.69306e+06,1.25769e+07,0,0,0,0
120.262,122.105,2.26462,0.05,0,2.55935,2.61646,0,0.479426,4.89888,4.03744e+06,2.76295e+06,1.03332e+07,0,0,0,0,62.216,61.308,2.19133,1,1,1.49954,1.533,0,1.15807,1.69344,8.39061e+06,3.69306e+06,1.2582e+07,0,0,0,0
119.55,122.105,2.09425,0.05,0,2.56039,2.61753,0,0.479622,4.89888,4.03744e+06,2.76295e+06,1.03374e+07,0,0,0,0,62.0604,61.308,2.02426,1,1,1.50015,1.53363,0,1.15854,1.69344,8.39061e+06,3.69306e+06,1.25872e+07,0,0,0,0
118.801,122.105,1.82389,0.04,0,2.53849,2.59514,0,0.479817,4.89888,4.03744e+06,2.76295e+06,1.0249e+07,0,0,0,0,61.7635,61.308,1.84663,1,1,1.54307,1.5775,0,1.15902,1.69344,8.39061e+06,3.69306e+06,1.29473e+07,0,0,0,0
117.952,122.105,1.72608,0.03,0,2.53953,2.5962,0,0.475713,4.89888,4.03744e+06,2.76295e+06,1.02532e+07,0,0,0,0,61.3836,61.308,1.77292,1,1,1.5437,1.57815,0,1.19217,1.69344,8.39061e+06,3.69306e+06,1.29526e+07,0,0,0,0
116.975,122.105,1.5796,0.03,0,2.54056,2.59725,0,0.475907,4.89888,4.03744e+06,2.76295e+06,1.02573e+07,0,0,0,0,60.8696,61.308,1.68787,1,1,1.54432,1.57879,0,1.19266,1.69344,8.39061e+06,3.69306e+06,1.29578e+07,0,0,0,0
115.893,122.105,1.44905,0.03,0,2.54159,2.59831,0,0.476101,4.89888,4.03744e+06,2.76295e+06,1.02615e+07,0,0,0,0,60.2853,61.308,1.54954,1,1,1.54495,1.57943,0,1.19315,1.69344,8.39061e+06,3.69306e+06,1.29631e+07,0,0,0,0
114.754,122.105,1.38377,0.03,0,2.60197,2.66003,0,0.476295,4.89888,4.03744e+06,2.76295e+06,1.05053e+07,0,0,0,0,59.7169,61.308,1.53458,1,1,1.58335,1.61868,0,1.19363,1.69344,8.39061e+06,3.69306e+06,1.32853e+07,0,0,0,0
113.662,122.105,1.46122,0.03,0,2.60303,2.66112,0,0.487609,4.89888,4.03744e+06,2.76295e+06,1.05096e+07,0,0,0,0,59.2071,61.308,1.64645,1,1,1.58399,1.61934,0,1.2233,1.69344,8.39061e+06,3.69306e+06,1.32907e+07,0,0,0,0
112.496,122.105,1.34642,0.04,0,2.60409,2.6622,0,0.487807,4.89888,4.03744e+06,2.76295e+06,1.05138e+07,0,0,0,0,58.466,61.308,1.56804,1,1,1.58464,1.62,0,1.22379,1.69344,8.39061e+06,3.69306e+06,1.32961e+07,0,0,0,0
111.239,122.105,1.22649,0.04,0,2.60514,2.66328,0,0.488006,4.89888,4.03744e+06,2.76295e+06,1.05181e+07,0,0,0,0,57.9734,61.308,1.37052,1,1,1.58528,1.62066,0,1.22429,1.69344,8.39061e+06,3.69306e+06,1.33015e+07,0,0,0,0
109.99,122.105,1.45833,0.04,0,2.78026,2.84231,0,0.488204,4.89888,4.03744e+06,2.76295e+06,1.12251e+07,0,0,0,0,57.2794,61.308,1.74828,1,1,1.69344,1.76091,0.029029,1.22479,1.69344,8.39061e+06,3.69306e+06,1.4209e+07,0,0,0,0
108.852,122.105,1.50293,0.04,0,2.78139,2.84346,0,0.521021,4.89888,4.03744e+06,2.76295e+06,1.12297e+07,0,0,0,0,56.7968,61.308,1.50097,1,1,1.69344,1.76162,0.0297294,1.30835,1.69344,8.39061e+06,3.69306e+06,1.4209e+07,0,0,0,0
107.837,122.105,1.65991,0.04,0,2.78252,2.84462,0,0.521233,4.89888,4.03744e+06,2.76295e+06,1.12343e+07,0,0,0,0,56.0658,61.308,1.86086,1,1,1.69344,1.76234,0.0304301,1.30835,1.69344,8.39061e+06,3.69306e+06,1.4209e+07,0,0,0,0
106.568,122.105,1.34762,0.04,0,2.78365,2.84577,0,0.521445,4.89888,4.03744e+06,2.76295e+06,1.12388e+07,0,0,0,0,55.5447,61.308,1.31059,1,1,1.69344,1.76306,0.0311308,1.30835,1.69344,8.39061e+06,3.69306e+06,1.4209e+07,0,0,0,0
105.566,122.105,1.71445,0.04,0,2.78479,2.84693,0,0.521657,4.89888,4.03744e+06,2.76295e+06,1.12434e+07,0,0,0,0,55.3554,61.308,2.39426,1,1,1.69344,1.76377,0.0318319,1.30835,1.69344,8.39061e+06,3.69306e+06,1.4209e+07,0,0,0,0
104.959,122.105,2.07717,0.06,0,2.70092,2.76119,0,0.521869,4.89888,4.03744e+06,2.76295e+06,1.09048e+07,0,0,0,0,54.9149,61.308,2.56361,1,1,1.64293,1.67959,0,1.30835,1.69344,8.39061e+06,3.69306e+06,1.37852e+07,0,0,0,0
103.483,122.105,1.00974,0.06,0,2.70201,2.76231,0,0.506152,4.89888,4.03744e+06,2.76295e+06,1.09092e+07,0,0,0,0,54.135,61.308,1.43137,1,1,1.6436,1.68027,0,1.26933,1.69344,8.39061e+06,3.69306e+06,1.37908e+07,0,0,0,0
102.113,122.105,1.11566,0.06,0,2.70311,2.76343,0,0.506357,4.89888,4.03744e+06,2.76295e+06,1.09136e+07,0,0,0,0,53.6592,61.308,1.43153,1,1,1.64426,1.68096,0,1.26984,1.69344,8.39061e+06,3.69306e+06,1.37964e+07,0,0,0,0
102.21,122.105,2.99157,0.07,0,2.70421,2.76456,0,0.506563,4.89888,4.03744e+06,2.76295e+06,1.09181e+07,0,0,0,0,53.3859,61.308,3.37907,1,1,1.64493,1.68164,0,1.27036,1.69344,8.39061e+06,3.69306e+06,1.3802e+07,0,0,0,0
101.5,122.105,1.88996,0.08,0,2.63542,2.69423,0,0.506769,4.89888,4.03744e+06,2.76295e+06,1.06404e+07,0,0,0,0,53.0983,61.308,1.60036,1,1,1.56989,1.60492,0,1.27087,1.69344,8.39061e+06,3.69306e+06,1.31723e+07,0,0,0,0
102.577,122.105,3.90023,0.08,0,2.63649,2.69533,0,0.493878,4.89888,4.03744e+06,2.76295e+06,1.06447e+07,0,0,0,0,53.2412,61.308,2.9054,1,1,1.57052,1.60557,0,1.21289,1.69344,8.39061e+06,3.69306e+06,1.31777e+07,0,0,0,0
102.516,122.105,2.61376,0.08,0,2.63756,2.69642,0,0.494079,4.89888,4.03744e+06,2.76295e+06,1.0649e+07,0,0,0,0,53.3541,61.308,2.93916,1,1,1.57116,1.60622,0,1.21339,1.69344,8.39061e+06,3.69306e+06,1.3183e+07,0,0,0,0
103.446,122.105,3.98128,0.08,0,2.63863,2.69752,0,0.494279,4.89888,4.03744e+06,2.76295e+06,1.06533e+07,0,0,0,0,53.2777,61.308,2.27415,1,1,1.5718,1.60688,0,1.21388,1.69344,8.39061e+06,3.69306e+06,1.31884e+07,0,0,0,0
107.918,122.105,7.56906,0.07,0,2.49538,2.49538,0,0.49448,4.89888,4.03744e+06,2.70226e+06,1.00749e+07,0,0,0,0,53.545,61.308,3.77403,0,1,1.44606,1.44606,0,1.21437,1.69344,8.39061e+06,3.61194e+06,1.21333e+07,0,0,0,0
110.062,122.105,5.19947,0.03,0,2.49639,2.49639,0,0.467633,4.89888,4.03744e+06,2.70226e+06,1.0079e+07,0,0,0,0,53.917,61.308,3.28013,0,1,1.44664,1.44664,0,1.11722,1.69344,8.39061e+06,3.61194e+06,1.21382e+07,0,0,0,0
113.88,122.105,7.21882,0.03,0,2.4974,2.4974,0,0.467823,4.89888,4.03744e+06,2.70226e+06,1.00831e+07,0,0,0,0,54.3196,61.308,3.27037,0,1,1.44723,1.44723,0,1.11768,1.69344,8.39061e+06,3.61194e+06,1.21432e+07,0,0,0,0
117.244,122.105,7.03376,0.03,0,2.49841,2.49841,0,0.468013,4.89888,4.03744e+06,2.70226e+06,1.00872e+07,0,0,0,0,56.5462,61.308,7.0776,0,1,1.44782,1.44782,0,1.11813,1.69344,8.39061e+06,3.61194e+06,1.21481e+07,0,0,0,0
119.839,122.105,5.69745,0.02,0,2.49943,2.49943,0,0.468203,4.89888,4.03744e+06,2.70226e+06,1.00913e+07,0,0,0,0,57.1669,61.308,3.79962,0,1,1.4484,1.4484,0,1.11858,1.69344,8.39061e+06,3.61194e+06,1.2153e+07,0,0,0,0
120.632,122.105,3.95784,0.03,0,2.57875,2.57875,0,0.468393,4.89888,4.03744e+06,2.70226e+06,1.04115e+07,0,0,0,0,57.0289,61.308,2.30208,0,1,1.49583,1.49583,0,1.11904,1.69344,8.39061e+06,3.61194e+06,1.25509e+07,0,0,0,0
121.423,122.105,4.10542,0.03,0,2.57976,2.57976,0,0.483258,4.89888,4.03744e+06,2.70226e+06,1.04156e+07,0,0,0,0,57.2965,61.308,2.90257,0,1,1.49642,1.49642,0,1.15568,1.69344,8.39061e+06,3.61194e+06,1.25559e+07,0,0,0,0
122.105,122.105,4.10633,0.03,0,2.58077,2.58077,0,0.483447,4.89888,4.03744e+06,2.70226e+06,1.04197e+07,0,0,0,0,57.8497,61.308,3.69672,0,1,1.497,1.497,0,1.15613,1.69344,8.39061e+06,3.61194e+06,1.25608e+07,0,0,0,0
122.105,122.105,3.1268,0.02,0,2.58178,2.58178,0,0.483637,4.89888,4.03744e+06,2.70226e+06,1.04238e+07,0,0,0,0,58.3706,61.308,3.83395,0,1,1.49759,1.49759,0,1.15658,1.69344,8.39061e+06,3.61194e+06,1.25657e+07,0,0,0,0
121.245,122.105,2.27334,0.03,0,2.77284,2.83472,0,0.483826,4.89888,4.03744e+06,2.76295e+06,1.11952e+07,0,0,0,0,58.2526,61.308,2.21742,1,1,1.63778,1.67433,0,1.15704,1.69344,8.39061e+06,3.69306e+06,1.3742e+07,0,0,0,0
120.523,122.105,2.35734,0.05,0,2.77392,2.83583,0,0.51963,4.89888,4.03744e+06,2.76295e+06,1.11995e+07,0,0,0,0,57.8879,61.308,2.11341,1,1,1.63842,1.67499,0,1.26535,1.69344,8.39061e+06,3.69306e+06,1.37474e+07,0,0,0,0
120.236,122.105,2.82841,0.05,0,2.77501,2.83694,0,0.519833,4.89888,4.03744e+06,2.76295e+06,1.12039e+07,0,0,0,0,57.4674,61.308,2.17392,1,1,1.63907,1.67564,0,1.26585,1.69344,8.39061e+06,3.69306e+06,1.37528e+07,0,0,0,0
120.119,122.105,2.99199,0.04,0,2.7761,2.83805,0,0.520037,4.89888,4.03744e+06,2.76295e+06,1.12083e+07,0,0,0,0,57.0081,61.308,2.10598,1,1,1.63971,1.6763,0,1.26634,1.69344,8.39061e+06,3.69306e+06,1.37582e+07,0,0,0,0
120.002,122.105,2.75602,0.04,0,2.47928,2.47928,0,0.520241,4.89888,4.03744e+06,2.70226e+06,1.00099e+07,0,0,0,0,56.7941,61.308,1.90067,0,1,1.44019,1.44019,0,1.26684,1.69344,8.39061e+06,3.61194e+06,1.2084e+07,0,0,0,0
119.322,122.105,2.26295,0.04,0,2.48025,2.48025,0,0.464617,4.89888,4.03744e+06,2.70226e+06,1.00139e+07,0,0,0,0,56.573,61.308,1.91495,0,1,1.44075,1.44075,0,1.11269,1.69344,8.39061e+06,3.61194e+06,1.20888e+07,0,0,0,0
119.419,122.105,3.07063,0.04,0,2.48122,2.48122,0,0.464799,4.89888,4.03744e+06,2.70226e+06,1.00178e+07,0,0,0,0,56.7709,61.308,2.44617,0,1,1.44131,1.44131,0,1.11312,1.69344,8.39061e+06,3.61194e+06,1.20935e+07,0,0,0,0
120.163,122.105,3.7298,0.04,0,2.48219,2.48219,0,0.464981,4.89888,4.03744e+06,2.70226e+06,1.00217e+07,0,0,0,0,57.1532,61.308,3.04369,0,1,1.44188,1.44188,0,1.11356,1.69344,8.39061e+06,3.61194e+06,1.20982e+07,0,0,0,0
120.593,122.105,3.3666,0.06,0,2.48316,2.48316,0,0.465163,4.89888,4.03744e+06,2.70226e+06,1.00256e+07,0,0,0,0,57.3454,61.308,2.5894,0,1,1.44244,1.44244,0,1.11399,1.69344,8.39061e+06,3.61194e+06,1.2103e+07,0,0,0,0
120.943,122.105,3.45648,0.06,0,2.5749,2.5749,0,0.465345,4.89888,4.03744e+06,2.70226e+06,1.0396e+07,0,0,0,0,57.3777,61.308,2.80395,0,1,1.50104,1.50104,0,1.11443,1.69344,8.39061e+06,3.61194e+06,1.25947e+07,0,0,0,0
120.878,122.105,2.94851,0.08,0,2.57591,2.57591,0,0.482537,4.89888,4.03744e+06,2.70226e+06,1.04001e+07,0,0,0,0,57.1177,61.308,2.09185,0,1,1.50163,1.50163,0,1.15971,1.69344,8.39061e+06,3.61194e+06,1.25996e+07,0,0,0,0
120.36,122.105,2.47614,0.08,0,2.57692,2.57692,0,0.482725,4.89888,4.03744e+06,2.70226e+06,1.04041e+07,0,0,0,0,57.0028,61.308,1.90533,0,1,1.50222,1.50222,0,1.16016,1.69344,8.39061e+06,3.61194e+06,1.26045e+07,0,0,0,0
119.574,122.105,2.22144,0.08,0,2.57792,2.57792,0,0.482914,4.89888,4.03744e+06,2.70226e+06,1.04082e+07,0,0,0,0,56.8613,61.308,2.21977,0,1,1.50281,1.50281,0,1.16061,1.69344,8.39061e+06,3.61194e+06,1.26095e+07,0,0,0,0
119.005,122.105,2.33471,0.08,0,2.54339,2.54339,0,0.483103,4.89888,4.03744e+06,2.70226e+06,1.02688e+07,0,0,0,0,56.4582,61.308,2.02418,0,1,1.48082,1.48082,0,1.16107,1.69344,8.39061e+06,3.61194e+06,1.2425e+07,0,0,0,0
118.4,122.105,2.19267,0.07,0,2.54438,2.54438,0,0.476631,4.89888,4.03744e+06,2.70226e+06,1.02728e+07,0,0,0,0,55.9745,61.308,1.67442,0,1,1.4814,1.4814,0,1.14408,1.69344,8.39061e+06,3.61194e+06,1.24298e+07,0,0,0,0
117.736,122.105,2.02126,0.07,0,2.54538,2.54538,0,0.476818,4.89888,4.03744e+06,2.70226e+06,1.02768e+07,0,0,0,0,55.5407,61.308,1.52288,0,1,1.48198,1.48198,0,1.14453,1.69344,8.39061e+06,3.61194e+06,1.24347e+07,0,0,0,0
117.034,122.105,2.02287,0.07,0,2.54637,2.54637,0,0.477004,4.89888,4.03744e+06,2.70226e+06,1.02808e+07,0,0,0,0,54.9856,61.308,1.71335,0,1,1.48256,1.48256,0,1.14497,1.69344,8.39061e+06,3.61194e+06,1.24395e+07,0,0,0,0
116.233,122.105,1.93594,0.07,0,2.60997,2.66821,0,0.47719,4.89888,4.03744e+06,2.76295e+06,1.05376e+07,0,0,0,0,54.5474,61.308,1.55398,1,1,1.5292,1.56332,0,1.14542,1.69344,8.39061e+06,3.69306e+06,1.28309e+07,0,0,0,0
115.325,122.105,1.87471,0.07,0,2.61099,2.66925,0,0.489108,4.89888,4.03744e+06,2.76295e+06,1.05417e+07,0,0,0,0,54.29,61.308,1.75974,1,1,1.52979,1.56393,0,1.18146,1.69344,8.39061e+06,3.69306e+06,1.28359e+07,0,0,0,0
114.449,122.105,1.80912,0.07,0,2.61201,2.6703,0,0.489299,4.89888,4.03744e+06,2.76295e+06,1.05458e+07,0,0,0,0,53.7711,61.308,1.6895,1,1,1.53039,1.56454,0,1.18192,1.69344,8.39061e+06,3.69306e+06,1.28409e+07,0,0,0,0
113.433,122.105,1.61921,0.05,0,2.61303,2.67134,0,0.48949,4.89888,4.03744e+06,2.76295e+06,1.05499e+07,0,0,0,0,53.1021,61.308,1.40933,1,1,1.53099,1.56515,0,1.18238,1.69344,8.39061e+06,3.69306e+06,1.28459e+07,0,0,0,0
112.381,122.105,1.5634,0.1,0,2.61405,2.67238,0,0.489681,4.89888,4.03744e+06,2.76295e+06,1.0554e+07,0,0,0,0,52.1121,61.308,1.27617,1,1,1.53159,1.56577,0,1.18284,1.69344,8.39061e+06,3.69306e+06,1.2851e+07,0,0,0,0
110.836,122.105,0.912185,0.09,0,2.59165,2.64948,0,0.489872,4.89888,4.03744e+06,2.76295e+06,1.04636e+07,0,0,0,0,51.0538,61.308,1.05586,1,1,1.57538,1.61054,0,1.1833,1.69344,8.39061e+06,3.69306e+06,1.32184e+07,0,0,0,0
109.182,122.105,0.771081,0.07,0,2.59266,2.65052,0,0.485675,4.89888,4.03744e+06,2.76295e+06,1.04677e+07,0,0,0,0,49.9689,61.308,0.999206,1,1,1.57599,1.61116,0,1.21714,1.69344,8.39061e+06,3.69306e+06,1.32236e+07,0,0,0,0
107.481,122.105,0.706546,0.07,0,2.59367,2.65155,0,0.485864,4.89888,4.03744e+06,2.76295e+06,1.04718e+07,0,0,0,0,48.8104,61.308,0.951358,1,1,1.57661,1.61179,0,1.21761,1.69344,8.39061e+06,3.69306e+06,1.32287e+07,0,0,0,0
105.745,122.105,0.649468,0.06,0,2.59468,2.65259,0,0.486054,4.89888,4.03744e+06,2.76295e+06,1.04759e+07,0,0,0,0,47.6678,61.308,0.87399,1,1,1.57723,1.61242,0,1.21809,1.69344,8.39061e+06,3.69306e+06,1.32339e+07,0,0,0,0
104.005,122.105,0.649135,0.08,0,2.65628,2.71555,0,0.486244,4.89888,4.03744e+06,2.76295e+06,1.07245e+07,0,0,0,0,46.4329,61.308,0.918983,1,1,1.6164,1.65247,0,1.21856,1.69344,8.39061e+06,3.69306e+06,1.35626e+07,0,0,0,0
102.232,122.105,0.598437,0.07,0,2.65731,2.71661,0,0.497786,4.89888,4.03744e+06,2.76295e+06,1.07287e+07,0,0,0,0,45.2109,61.308,0.919543,1,1,1.61703,1.65311,0,1.24883,1.69344,8.39061e+06,3.69306e+06,1.35679e+07,0,0,0,0
100.44,122.105,0.563848,0.08,0,2.65835,2.71767,0,0.49798,4.89888,4.03744e+06,2.76295e+06,1.07329e+07,0,0,0,0,43.9178,61.308,0.87041,1,1,1.61766,1.65376,0,1.24932,1.69344,8.39061e+06,3.69306e+06,1.35732e+07,0,0,0,0
98.1836,122.105,0.519317,0.07,0,2.65939,2.71873,0,0.498175,4.89888,4.03744e+06,2.76295e+06,1.07371e+07,0,0,0,0,42.609,61.308,0.798912,1,1,1.61829,1.6544,0,1.2498,1.69344,8.39061e+06,3.69306e+06,1.35784e+07,0,0,0,0
95.7161,122.105,0.477102,0.08,0,2.8381,2.90144,0,0.498369,4.89888,4.03744e+06,2.76295e+06,1.14587e+07,0,0,0,0,41.0878,61.308,0.779203,1,1,1.69344,1.79754,0.0648636,1.25029,1.69344,8.39061e+06,3.69306e+06,1.4209e+07,0,0,0,0
93.1393,122.105,0.349252,0.12,0,2.83921,2.90257,0,0.53186,4.89888,4.03744e+06,2.76295e+06,1.14631e+07,0,0,0,0,39.5368,61.308,0.606011,1,1,1.69344,1.79824,0.0655495,1.30835,1.69344,8.39061e+06,3.69306e+06,1.4209e+07,0,0,0,0
90.5663,122.105,0.354739,0.12,0,2.84032,2.9037,0,0.532068,4.89888,4.03744e+06,2.76295e+06,1.14676e+07,0,0,0,0,38.0543,61.308,0.580984,1,1,1.69344,1.79894,0.0662356,1.30835,1.69344,8.39061e+06,3.69306e+06,1.4209e+07,0,0,0,0
88.1223,122.105,0.494619,0.12,0,2.84142,2.90483,0,0.532275,4.89888,4.03744e+06,2.76295e+06,1.14721e+07,0,0,0,0,36.6371,61.308,0.695406,1,1,1.69344,1.79965,0.0669217,1.30835,1.69344,8.39061e+06,3.69306e+06,1.4209e+07,0,0,0,0
85.838,122.105,0.678922,0.15,0,2.84253,2.90597,0,0.532483,4.89888,4.03744e+06,2.76295e+06,1.14765e+07,0,0,0,0,35.3848,61.308,0.791383,1,1,1.69344,1.80035,0.0676082,1.30835,1.69344,8.39061e+06,3.69306e+06,1.4209e+07,0,0,0,0
83.588,122.105,0.611722,0.15,0,2.75688,2.8184,0,0.532691,4.89888,4.03744e+06,2.76295e+06,1.11307e+07,0,0,0,0,34.3043,61.308,0.87489,1,1,1.67697,1.71439,0,1.30835,1.69344,8.39061e+06,3.69306e+06,1.40708e+07,0,0,0,0
81.4409,122.105,0.759609,0.15,0,2.75795,2.8195,0,0.516639,4.89888,4.03744e+06,2.76295e+06,1.11351e+07,0,0,0,0,33.3353,61.308,1.17697,1,1,1.67762,1.71506,0,1.29563,1.69344,8.39061e+06,3.69306e+06,1.40763e+07,0,0,0,0
79.2764,122.105,0.741402,0.15,0,2.75903,2.8206,0,0.51684,4.89888,4.03744e+06,2.76295e+06,1.11394e+07,0,0,0,0,32.5306,61.308,1.14871,1,1,1.67828,1.71573,0,1.29613,1.69344,8.39061e+06,3.69306e+06,1.40818e+07,0,0,0,0
81.9069,122.105,0.909147,0.18,0,2.7601,2.8217,0,0.517042,4.89888,4.03744e+06,2.76295e+06,1.11437e+07,0,0,0,0,31.8789,61.308,1.49578,1,1,1.67893,1.7164,0,1.29664,1.69344,8.39061e+06,3.69306e+06,1.40873e+07,0,0,0,0
80.759,122.105,1.18717,0.16,0,2.68985,2.74988,0,0.517243,4.89888,4.03744e+06,2.76295e+06,1.08601e+07,0,0,0,0,31.1821,61.308,1.37164,1,1,1.60231,1.63806,0,1.29714,1.69344,8.39061e+06,3.69306e+06,1.34443e+07,0,0,0,0
80.1673,122.105,1.73075,0.17,0,2.6909,2.75095,0,0.504078,4.89888,4.03744e+06,2.76295e+06,1.08643e+07,0,0,0,0,30.7828,61.308,1.16395,1,1,1.60293,1.6387,0,1.23794,1.69344,8.39061e+06,3.69306e+06,1.34496e+07,0,0,0,0
79.8327,122.105,2.0889,0.17,0,2.69195,2.75202,0,0.504274,4.89888,4.03744e+06,2.76295e+06,1.08686e+07,0,0,0,0,30.7333,61.308,2.56429,1,1,1.60356,1.63934,0,1.23843,1.69344,8.39061e+06,3.69306e+06,1.34548e+07,0,0,0,0
82.3902,122.105,5.39802,0.17,0,2.69299,2.75309,0,0.504471,4.89888,4.03744e+06,2.76295e+06,1.08728e+07,0,0,0,0,31.7144,61.308,5.20906,1,1,1.60418,1.63998,0,1.23891,1.69344,8.39061e+06,3.69306e+06,1.34601e+07,0,0,0,0
83.0483,122.105,3.1435,0.16,0,2.54674,2.54674,0,0.504667,4.89888,4.03744e+06,2.70226e+06,1.02823e+07,0,0,0,0,32.165,61.308,2.65298,0,1,1.47582,1.47582,0,1.23939,1.69344,8.39061e+06,3.61194e+06,1.23831e+07,0,0,0,0
85.7232,122.105,5.27727,0.16,0,2.54773,2.54773,0,0.47726,4.89888,4.03744e+06,2.70226e+06,1.02863e+07,0,0,0,0,32.8632,61.308,3.08216,0,1,1.4764,1.4764,0,1.14022,1.69344,8.39061e+06,3.61194e+06,1.23879e+07,0,0,0,0
88.8457,122.105,5.90117,0.17,0,2.54873,2.54873,0,0.477445,4.89888,4.03744e+06,2.70226e+06,1.02903e+07,0,0,0,0,33.6102,61.308,3.0235,0,1,1.47697,1.47697,0,1.14067,1.69344,8.39061e+06,3.61194e+06,1.23927e+07,0,0,0,0
93.221,122.105,7.54044,0.17,0,2.54972,2.54972,0,0.477631,4.89888,4.03744e+06,2.70226e+06,1.02943e+07,0,0,0,0,35.8214,61.308,5.8495,0,1,1.47755,1.47755,0,1.14111,1.69344,8.39061e+06,3.61194e+06,1.23975e+07,0,0,0,0
99.8791,122.105,10.0486,0.16,0,2.55071,2.55071,0,0.477817,4.89888,4.03744e+06,2.70226e+06,1.02983e+07,0,0,0,0,38.5586,61.308,7.24223,0,1,1.47812,1.47812,0,1.14155,1.69344,8.39061e+06,3.61194e+06,1.24024e+07,0,0,0,0
101.518,122.105,4.62886,0.11,0,2.57417,2.63162,0,0.478003,4.89888,4.03744e+06,2.76295e+06,1.03931e+07,0,0,0,0,39.3287,61.308,3.66098,1,1,1.49317,1.5265,0,1.142,1.69344,8.39061e+06,3.69306e+06,1.25286e+07,0,0,0,0
101.344,122.105,2.65093,0.11,0,2.57514,2.6326,0,0.4824,4.89888,4.03744e+06,2.76295e+06,1.0397e+07,0,0,0,0,39.5231,61.308,2.58954,1,1,1.49373,1.52707,0,1.15363,1.69344,8.39061e+06,3.69306e+06,1.25334e+07,0,0,0,0
100.458,122.105,1.93723,0.12,0,2.57611,2.63359,0,0.482581,4.89888,4.03744e+06,2.76295e+06,1.04009e+07,0,0,0,0,39.3897,61.308,2.30657,1,1,1.4943,1.52764,0,1.15406,1.69344,8.39061e+06,3.69306e+06,1.25381e+07,0,0,0,0
99.2706,122.105,1.55789,0.13,0,2.57707,2.63458,0,0.482762,4.89888,4.03744e+06,2.76295e+06,1.04048e+07,0,0,0,0,38.9934,61.308,1.91886,1,1,1.49486,1.52822,0,1.15449,1.69344,8.39061e+06,3.69306e+06,1.25428e+07,0,0,0,0
98.0505,122.105,1.70981,0.14,0,2.8295,2.89264,0,0.482943,4.89888,4.03744e+06,2.76295e+06,1.14239e+07,0,0,0,0,38.7421,61.308,1.79622,1,1,1.67125,1.70854,0,1.15493,1.69344,8.39061e+06,3.69306e+06,1.40228e+07,0,0,0,0
97.4819,122.105,2.43956,0.13,0,2.83056,2.89372,0,0.530248,4.89888,4.03744e+06,2.76295e+06,1.14282e+07,0,0,0,0,38.713,61.308,2.26398,1,1,1.67187,1.70918,0,1.29121,1.69344,8.39061e+06,3.69306e+06,1.40281e+07,0,0,0,0
98.1408,122.105,3.78562,0.18,0,2.83162,2.89481,0,0.530447,4.89888,4.03744e+06,2.76295e+06,1.14325e+07,0,0,0,0,39.1609,61.308,3.79438,1,1,1.6725,1.70983,0,1.29169,1.69344,8.39061e+06,3.69306e+06,1.40333e+07,0,0,0,0
97.8162,122.105,2.63732,0.13,0,2.83268,2.8959,0,0.530646,4.89888,4.03744e+06,2.76295e+06,1.14368e+07,0,0,0,0,38.746,61.308,2.5498,1,1,1.67313,1.71047,0,1.29218,1.69344,8.39061e+06,3.69306e+06,1.40386e+07,0,0,0,0
97.4257,122.105,2.30492,0.14,0,2.52977,2.52977,0,0.530845,4.89888,4.03744e+06,2.70226e+06,1.02138e+07,0,0,0,0,38.7473,61.308,1.93943,0,1,1.46952,1.46952,0,1.29266,1.69344,8.39061e+06,3.61194e+06,1.23301e+07,0,0,0,0
99.7821,122.105,6.06399,0.22,0,2.53072,2.53072,0,0.474079,4.89888,4.03744e+06,2.70226e+06,1.02176e+07,0,0,0,0,41.3212,61.308,6.58777,0,1,1.47007,1.47007,0,1.13535,1.69344,8.39061e+06,3.61194e+06,1.23348e+07,0,0,0,0
101.574,122.105,5.15104,0.16,0,2.53167,2.53167,0,0.474257,4.89888,4.03744e+06,2.70226e+06,1.02215e+07,0,0,0,0,42.4446,61.308,4.02647,0,1,1.47062,1.47062,0,1.13577,1.69344,8.39061e+06,3.61194e+06,1.23394e+07,0,0,0,0
102.621,122.105,4.23785,0.17,0,2.53262,2.53262,0,0.474435,4.89888,4.03744e+06,2.70226e+06,1.02253e+07,0,0,0,0,43.5139,61.308,3.67629,0,1,1.47117,1.47117,0,1.1362,1.69344,8.39061e+06,3.61194e+06,1.2344e+07,0,0,0,0
105.481,122.105,6.50596,0.19,0,2.53357,2.53357,0,0.474613,4.89888,4.03744e+06,2.70226e+06,1.02291e+07,0,0,0,0,45.2984,61.308,5.63455,0,1,1.47172,1.47172,0,1.13663,1.69344,8.39061e+06,3.61194e+06,1.23486e+07,0,0,0,0
108.212,122.105,6.32816,0.21,0,2.56978,2.62713,0,0.474791,4.89888,4.03744e+06,2.76295e+06,1.03753e+07,0,0,0,0,48.4497,61.308,7.17064,1,1,1.49806,1.53149,0,1.13705,1.69344,8.39061e+06,3.69306e+06,1.25696e+07,0,0,0,0
108.895,122.105,3.76617,0.15,0,2.57074,2.62811,0,0.481576,4.89888,4.03744e+06,2.76295e+06,1.03792e+07,0,0,0,0,51.3008,61.308,6.7823,1,1,1.49862,1.53206,0,1.1574,1.69344,8.39061e+06,3.69306e+06,1.25743e+07,0,0,0,0
110.57,122.105,5.34147,0.15,0,2.57171,2.6291,0,0.481757,4.89888,4.03744e+06,2.76295e+06,1.03831e+07,0,0,0,0,57.378,61.308,13.3503,1,1,1.49918,1.53264,0,1.15783,1.69344,8.39061e+06,3.69306e+06,1.2579e+07,0,0,0,0
111.159,122.105,3.74622,0.17,0,2.57267,2.63008,0,0.481938,4.89888,4.03744e+06,2.76295e+06,1.0387e+07,0,0,0,0,60.8638,61.308,7.61181,1,1,1.49974,1.53321,0,1.15827,1.69344,8.39061e+06,3.69306e+06,1.25838e+07,0,0,0,0
111.517,122.105,3.35414,0.17,0,2.5948,2.5948,0,0.482118,4.89888,4.03744e+06,2.70226e+06,1.04764e+07,0,0,0,0,62.3362,61.308,5.95192,0,1,1.51075,1.51075,0,1.1587,1.69344,8.39061e+06,3.61194e+06,1.26761e+07,0,0,0,0
111.364,122.105,2.70446,0.15,0,2.59578,2.59578,0,0.486266,4.89888,4.03744e+06,2.70226e+06,1.04803e+07,0,0,0,0,62.3362,61.308,4.24272,0,1,1.51132,1.51132,0,1.16721,1.69344,8.39061e+06,3.61194e+06,1.26809e+07,0,0,0,0
110.996,122.105,2.54289,0.14,0,2.59675,2.59675,0,0.486448,4.89888,4.03744e+06,2.70226e+06,1.04842e+07,0,0,0,0,62.3362,61.308,4.21825,0,1,1.51188,1.51188,0,1.16764,1.69344,8.39061e+06,3.61194e+06,1.26856e+07,0,0,0,0
111.555,122.105,3.45931,0.14,0,2.59772,2.59772,0,0.486631,4.89888,4.03744e+06,2.70226e+06,1.04881e+07,0,0,0,0,62.3362,61.308,4.81058,0,1,1.51245,1.51245,0,1.16808,1.69344,8.39061e+06,3.61194e+06,1.26904e+07,0,0,0,0
111.345,122.105,2.67178,0.15,0,2.66255,2.72197,0,0.486813,4.89888,4.03744e+06,2.76295e+06,1.07499e+07,0,0,0,0,62.3362,61.308,4.36058,1,1,1.56001,1.59482,0,1.16852,1.69344,8.39061e+06,3.69306e+06,1.30894e+07,0,0,0,0
110.61,122.105,2.01795,0.13,0,2.66355,2.72299,0,0.498962,4.89888,4.03744e+06,2.76295e+06,1.07539e+07,0,0,0,0,62.3362,61.308,3.04989,1,1,1.56059,1.59542,0,1.20526,1.69344,8.39061e+06,3.69306e+06,1.30943e+07,0,0,0,0
109.764,122.105,1.8506,0.12,0,2.66454,2.72401,0,0.499149,4.89888,4.03744e+06,2.76295e+06,1.07579e+07,0,0,0,0,62.3362,61.308,3.03941,1,1,1.56117,1.59601,0,1.20571,1.69344,8.39061e+06,3.69306e+06,1.30992e+07,0,0,0,0
108.892,122.105,1.83307,0.12,0,2.66554,2.72503,0,0.499336,4.89888,4.03744e+06,2.76295e+06,1.0762e+07,0,0,0,0,62.3362,61.308,3.10005,1,1,1.56176,1.59661,0,1.20616,1.69344,8.39061e+06,3.69306e+06,1.31041e+07,0,0,0,0
107.927,122.105,1.69954,0.12,0,2.66654,2.72605,0,0.499523,4.89888,4.03744e+06,2.76295e+06,1.0766e+07,0,0,0,0,62.3362,61.308,2.8593,1,1,1.56234,1.59721,0,1.20661,1.69344,8.39061e+06,3.69306e+06,1.3109e+07,0,0,0,0
107.428,122.105,2.16104,0.11,0,2.64365,2.70264,0,0.49971,4.89888,4.03744e+06,2.76295e+06,1.06736e+07,0,0,0,0,62.3362,61.308,2.86844,1,1,1.60699,1.64285,0,1.20707,1.69344,8.39061e+06,3.69306e+06,1.34836e+07,0,0,0,0
107.061,122.105,2.30703,0.09,0,2.64464,2.70365,0,0.495419,4.89888,4.03744e+06,2.76295e+06,1.06775e+07,0,0,0,0,62.3362,61.308,2.74996,1,1,1.60759,1.64346,0,1.24156,1.69344,8.39061e+06,3.69306e+06,1.34887e+07,0,0,0,0
106.531,122.105,2.13749,0.08,0,2.64562,2.70466,0,0.495605,4.89888,4.03744e+06,2.76295e+06,1.06815e+07,0,0,0,0,62.3362,61.308,2.75735,1,1,1.60819,1.64408,0,1.24202,1.69344,8.39061e+06,3.69306e+06,1.34937e+07,0,0,0,0
105.853,122.105,1.96678,0.08,0,2.64661,2.70568,0,0.49579,4.89888,4.03744e+06,2.76295e+06,1.06855e+07,0,0,0,0,62.3362,61.308,2.43639,1,1,1.60879,1.64469,0,1.24249,1.69344,8.39061e+06,3.69306e+06,1.34988e+07,0,0,0,0
105.12,122.105,1.91922,0.07,0,2.70939,2.76986,0,0.495976,4.89888,4.03744e+06,2.76295e+06,1.0939e+07,0,0,0,0,62.3248,61.308,2.50685,1,1,1.64872,1.68551,0,1.24295,1.69344,8.39061e+06,3.69306e+06,1.38338e+07,0,0,0,0
104.564,122.105,2.0736,0.1,0,2.71041,2.77089,0,0.50774,4.89888,4.03744e+06,2.76295e+06,1.09431e+07,0,0,0,0,62.3362,61.308,2.86381,1,1,1.64934,1.68614,0,1.2738,1.69344,8.39061e+06,3.69306e+06,1.38389e+07,0,0,0,0
103.862,122.105,1.92461,0.1,0,2.71142,2.77193,0,0.50793,4.89888,4.03744e+06,2.76295e+06,1.09472e+07,0,0,0,0,62.3362,61.308,2.76721,1,1,1.64995,1.68677,0,1.27428,1.69344,8.39061e+06,3.69306e+06,1.38441e+07,0,0,0,0
103.015,122.105,1.75169,0.1,0,2.71243,2.77296,0,0.50812,4.89888,4.03744e+06,2.76295e+06,1.09513e+07,0,0,0,0,62.3074,61.308,2.54092,1,1,1.65057,1.6874,0,1.27475,1.69344,8.39061e+06,3.69306e+06,1.38493e+07,0,0,0,0
101.858,122.105,1.56972,0.09,0,2.89467,2.95926,0,0.50831,4.89888,4.03744e+06,2.76295e+06,1.1687e+07,0,0,0,0,62.2216,61.308,2.50862,1,1,1.69344,1.83337,0.0999074,1.27523,1.69344,8.39061e+06,3.69306e+06,1.4209e+07,0,0,0,0
101.031,122.105,1.90673,0.09,0,2.89575,2.96037,0,0.542461,4.89888,4.03744e+06,2.76295e+06,1.16914e+07,0,0,0,0,62.1961,61.308,2.50503,1,1,1.69344,1.83405,0.100578,1.30835,1.69344,8.39061e+06,3.69306e+06,1.4209e+07,0,0,0,0
100.493,122.105,2.20885,0.09,0,2.89683,2.96148,0,0.542663,4.89888,4.03744e+06,2.76295e+06,1.16958e+07,0,0,0,0,62.3362,61.308,3.05834,1,1,1.69344,1.83474,0.101248,1.30835,1.69344,8.39061e+06,3.69306e+06,1.4209e+07,0,0,0,0
99.5728,122.105,1.7804,0.09,0,2.89791,2.96258,0,0.542866,4.89888,4.03744e+06,2.76295e+06,1.17001e+07,0,0,0,0,62.2218,61.308,2.2964,1,1,1.69344,1.83542,0.101919,1.30835,1.69344,8.39061e+06,3.69306e+06,1.4209e+07,0,0,0,0
98.9779,122.105,2.17762,0.1,0,2.899,2.96369,0,0.543069,4.89888,4.03744e+06,2.76295e+06,1.17045e+07,0,0,0,0,62.3362,61.308,3.76267,1,1,1.69344,1.83611,0.102589,1.30835,1.69344,8.39061e+06,3.69306e+06,1.4209e+07,0,0,0,0
97.8307,122.105,1.54519,0.1,0,2.81159,2.87434,0,0.543272,4.89888,4.03744e+06,2.76295e+06,1.13516e+07,0,0,0,0,62.3026,61.308,2.64366,1,1,1.69344,1.74842,0.016813,1.30835,1.69344,8.39061e+06,3.69306e+06,1.4209e+07,0,0,0,0
96.3994,122.105,1.23371,0.1,0,2.81264,2.87541,0,0.526893,4.89888,4.03744e+06,2.76295e+06,1.13559e+07,0,0,0,0,62.2697,61.308,2.46535,1,1,1.69344,1.74907,0.0174516,1.30835,1.69344,8.39061e+06,3.69306e+06,1.4209e+07,0,0,0,0
95.4346,122.105,1.72817,0.15,0,2.81369,2.87648,0,0.52709,4.89888,4.03744e+06,2.76295e+06,1.13601e+07,0,0,0,0,62.3362,61.308,2.97721,1,1,1.69344,1.74972,0.0180905,1.30835,1.69344,8.39061e+06,3.69306e+06,1.4209e+07,0,0,0,0
94.972,122.105,2.42729,0.15,0,2.81475,2.87756,0,0.527286,4.89888,4.03744e+06,2.76295e+06,1.13644e+07,0,0,0,0,62.3362,61.308,4.82968,1,1,1.69344,1.75038,0.0187295,1.30835,1.69344,8.39061e+06,3.69306e+06,1.4209e+07,0,0,0,0
94.5517,122.105,2.37499,0.15,0,2.74306,2.80427,0,0.527483,4.89888,4.03744e+06,2.76295e+06,1.10749e+07,0,0,0,0,62.3362,61.308,3.60395,1,1,1.634,1.67047,0,1.30835,1.69344,8.39061e+06,3.69306e+06,1.37103e+07,0,0,0,0
94.9283,122.105,3.60534,0.15,0,2.74408,2.80532,0,0.514049,4.89888,4.03744e+06,2.76295e+06,1.10791e+07,0,0,0,0,62.3362,61.308,4.71084,1,1,1.63461,1.67109,0,1.26243,1.69344,8.39061e+06,3.69306e+06,1.37154e+07,0,0,0,0
96.7962,122.105,5.4492,0.15,0,2.74511,2.80636,0,0.514241,4.89888,4.03744e+06,2.76295e+06,1.10832e+07,0,0,0,0,62.3362,61.308,6.41072,1,1,1.63522,1.67171,0,1.2629,1.69344,8.39061e+06,3.69306e+06,1.37205e+07,0,0,0,0
98.2381,122.105,5.08043,0.15,0,2.74613,2.80741,0,0.514433,4.89888,4.03744e+06,2.76295e+06,1.10873e+07,0,0,0,0,62.3362,61.308,6.87855,1,1,1.63583,1.67234,0,1.26337,1.69344,8.39061e+06,3.69306e+06,1.37256e+07,0,0,0,0
99.3679,122.105,4.56967,0.13,0,2.59695,2.59695,0,0.514625,4.89888,4.03744e+06,2.70226e+06,1.0485e+07,0,0,0,0,62.3362,61.308,5.58652,0,1,1.50492,1.50492,0,1.26384,1.69344,8.39061e+06,3.61194e+06,1.26272e+07,0,0,0,0
100.69,122.105,4.57458,0.13,0,2.59792,2.59792,0,0.486668,4.89888,4.03744e+06,2.70226e+06,1.04889e+07,0,0,0,0,62.3362,61.308,7.07382,0,1,1.50548,1.50548,0,1.1627,1.69344,8.39061e+06,3.61194e+06,1.26319e+07,0,0,0,0
102.206,122.105,4.73623,0.13,0,2.59889,2.59889,0,0.48685,4.89888,4.03744e+06,2.70226e+06,1.04928e+07,0,0,0,0,62.3362,61.308,5.88846,0,1,1.50604,1.50604,0,1.16313,1.69344,8.39061e+06,3.61194e+06,1.26366e+07,0,0,0,0
105.191,122.105,6.56218,0.14,0,2.59986,2.59986,0,0.487032,4.89888,4.03744e+06,2.70226e+06,1.04968e+07,0,0,0,0,62.3362,61.308,6.82386,0,1,1.5066,1.5066,0,1.16357,1.69344,8.39061e+06,3.61194e+06,1.26413e+07,0,0,0,0
108.186,122.105,6.81387,0.14,0,2.60083,2.60083,0,0.487213,4.89888,4.03744e+06,2.70226e+06,1.05007e+07,0,0,0,0,62.3362,61.308,10.0788,0,1,1.50716,1.50716,0,1.164,1.69344,8.39061e+06,3.61194e+06,1.2646e+07,0,0,0,0
113.262,122.105,9.52118,0.09,0,2.62471,2.68328,0,0.487395,4.89888,4.03744e+06,2.76295e+06,1.05971e+07,0,0,0,0,62.3362,61.308,10.0659,1,1,1.52249,1.55646,0,1.16444,1.69344,8.39061e+06,3.69306e+06,1.27746e+07,0,0,0,0
120.373,122.105,11.9593,0.09,0,2.62565,2.68424,0,0.49187,4.89888,4.03744e+06,2.76295e+06,1.06009e+07,0,0,0,0,62.3362,61.308,12.5069,1,1,1.52303,1.55702,0,1.17627,1.69344,8.39061e+06,3.69306e+06,1.27792e+07,0,0,0,0
122.105,122.105,7.79692,0.06,0,2.62659,2.68521,0,0.492047,4.89888,4.03744e+06,2.76295e+06,1.06047e+07,0,0,0,0,62.3362,61.308,6.78822,1,1,1.52358,1.55758,0,1.1767,1.69344,8.39061e+06,3.69306e+06,1.27838e+07,0,0,0,0
122.105,122.105,7.05009,0.06,0,2.62754,2.68617,0,0.492223,4.89888,4.03744e+06,2.76295e+06,1.06085e+07,0,0,0,0,62.3362,61.308,5.42914,1,1,1.52413,1.55814,0,1.17712,1.69344,8.39061e+06,3.69306e+06,1.27884e+07,0,0,0,0
122.105,122.105,6.84145,0.07,0,2.88486,2.94923,0,0.4924,4.89888,4.03744e+06,2.76295e+06,1.16474e+07,0,0,0,0,62.3362,61.308,6.57639,1,1,1.69344,1.74197,0.0105063,1.17754,1.69344,8.39061e+06,3.69306e+06,1.4209e+07,0,0,0,0
122.105,122.105,7.49285,0.07,0,2.88589,2.95029,0,0.540622,4.89888,4.03744e+06,2.76295e+06,1.16516e+07,0,0,0,0,62.3362,61.308,6.7503,1,1,1.69344,1.7426,0.0111185,1.30835,1.69344,8.39061e+06,3.69306e+06,1.4209e+07,0,0,0,0
122.105,122.105,7.20045,0.06,0,2.88693,2.95135,0,0.540816,4.89888,4.03744e+06,2.76295e+06,1.16558e+07,0,0,0,0,62.3362,61.308,5.95952,1,1,1.69344,1.74322,0.0117307,1.30835,1.69344,8.39061e+06,3.69306e+06,1.4209e+07,0,0,0,0
122.105,122.105,7.72482,0.06,0,2.88797,2.95241,0,0.541011,4.89888,4.03744e+06,2.76295e+06,1.166e+07,0,0,0,0,62.3362,61.308,5.83313,1,1,1.69344,1.74385,0.012343,1.30835,1.69344,8.39061e+06,3.69306e+06,1.4209e+07,0,0,0,0
122.105,122.105,6.24345,0.06,0,2.5791,2.5791,0,0.541205,4.89888,4.03744e+06,2.70226e+06,1.0413e+07,0,0,0,0,62.3362,61.308,5.2718,0,1,1.49817,1.49817,0,1.30835,1.69344,8.39061e+06,3.61194e+06,1.25706e+07,0,0,0,0
122.105,122.105,4.58987,0.06,0,2.58003,2.58003,0,0.483324,4.89888,4.03744e+06,2.70226e+06,1.04167e+07,0,0,0,0,62.3362,61.308,3.20096,0,1,1.49871,1.49871,0,1.15749,1.69344,8.39061e+06,3.61194e+06,1.25751e+07,0,0,0,0
122.105,122.105,5.12975,0.06,0,2.58095,2.58095,0,0.483497,4.89888,4.03744e+06,2.70226e+06,1.04204e+07,0,0,0,0,62.3362,61.308,4.31076,0,1,1.49925,1.49925,0,1.1579,1.69344,8.39061e+06,3.61194e+06,1.25796e+07,0,0,0,0
122.105,122.105,6.71576,0.06,0,2.58188,2.58188,0,0.483671,4.89888,4.03744e+06,2.70226e+06,1.04242e+07,0,0,0,0,62.3362,61.308,4.04579,0,1,1.49978,1.49978,0,1.15832,1.69344,8.39061e+06,3.61194e+06,1.25841e+07,0,0,0,0
122.105,122.105,5.89246,0.06,0,2.58281,2.58281,0,0.483844,4.89888,4.03744e+06,2.70226e+06,1.04279e+07,0,0,0,0,62.3362,61.308,4.14466,0,1,1.50032,1.50032,0,1.15873,1.69344,8.39061e+06,3.61194e+06,1.25886e+07,0,0,0,0
122.105,122.105,9.09352,0.07,0,2.61968,2.67814,0,0.484018,4.89888,4.03744e+06,2.76295e+06,1.05768e+07,0,0,0,0,62.3362,61.308,6.39476,1,1,1.52715,1.56122,0,1.15915,1.69344,8.39061e+06,3.69306e+06,1.28137e+07,0,0,0,0
122.105,122.105,10.8432,0.09,0,2.62062,2.6791,0,0.490928,4.89888,4.03744e+06,2.76295e+06,1.05806e+07,0,0,0,0,62.3362,61.308,6.10838,1,1,1.52769,1.56179,0,1.17987,1.69344,8.39061e+06,3.69306e+06,1.28183e+07,0,0,0,0
122.105,122.105,7.03299,0.09,0,2.62156,2.68006,0,0.491104,4.89888,4.03744e+06,2.76295e+06,1.05844e+07,0,0,0,0,62.3362,61.308,4.53254,1,1,1.52824,1.56235,0,1.1803,1.69344,8.39061e+06,3.69306e+06,1.28229e+07,0,0,0,0
122.105,122.105,6.0428,0.09,0,2.6225,2.68102,0,0.49128,4.89888,4.03744e+06,2.76295e+06,1.05882e+07,0,0,0,0,62.3362,61.308,4.4256,1,1,1.52879,1.56291,0,1.18072,1.69344,8.39061e+06,3.69306e+06,1.28275e+07,0,0,0,0
122.105,122.105,5.82477,0.09,0,2.58728,2.64502,0,0.491456,4.89888,4.03744e+06,2.76295e+06,1.0446e+07,0,0,0,0,62.3362,61.308,3.95315,1,1,1.50637,1.53999,0,1.18114,1.69344,8.39061e+06,3.69306e+06,1.26394e+07,0,0,0,0
122.105,122.105,6.3211,0.09,0,2.58821,2.64597,0,0.484856,4.89888,4.03744e+06,2.76295e+06,1.04497e+07,0,0,0,0,62.3362,61.308,3.7709,1,1,1.50691,1.54054,0,1.16382,1.69344,8.39061e+06,3.69306e+06,1.26439e+07,0,0,0,0
122.105,122.105,5.99525,0.09,0,2.58914,2.64692,0,0.48503,4.89888,4.03744e+06,2.76295e+06,1.04535e+07,0,0,0,0,62.3362,61.308,3.4478,1,1,1.50745,1.54109,0,1.16424,1.69344,8.39061e+06,3.69306e+06,1.26485e+07,0,0,0,0
122.105,122.105,5.54066,0.09,0,2.59006,2.64786,0,0.485204,4.89888,4.03744e+06,2.76295e+06,1.04572e+07,0,0,0,0,62.3362,61.308,3.68906,1,1,1.50799,1.54165,0,1.16466,1.69344,8.39061e+06,3.69306e+06,1.2653e+07,0,0,0,0
122.105,122.105,5.12971,0.08,0,2.7139,2.77446,0,0.485378,4.89888,4.03744e+06,2.76295e+06,1.09572e+07,0,0,0,0,62.3362,61.308,3.16387,1,1,1.59009,1.62558,0,1.16508,1.69344,8.39061e+06,3.69306e+06,1.33419e+07,0,0,0,0
122.105,122.105,4.65331,0.07,0,2.71487,2.77546,0,0.508585,4.89888,4.03744e+06,2.76295e+06,1.09611e+07,0,0,0,0,62.3362,61.308,3.35753,1,1,1.59066,1.62616,0,1.22851,1.69344,8.39061e+06,3.69306e+06,1.33466e+07,0,0,0,0
122.105,122.105,4.20997,0.06,0,2.71585,2.77645,0,0.508767,4.89888,4.03744e+06,2.76295e+06,1.09651e+07,0,0,0,0,62.3362,61.308,2.87451,1,1,1.59123,1.62674,0,1.22895,1.69344,8.39061e+06,3.69306e+06,1.33514e+07,0,0,0,0
122.105,122.105,4.08118,0.05,0,2.71682,2.77745,0,0.50895,4.89888,4.03744e+06,2.76295e+06,1.0969e+07,0,0,0,0,62.3216,61.308,2.61024,1,1,1.5918,1.62733,0,1.22939,1.69344,8.39061e+06,3.69306e+06,1.33562e+07,0,0,0,0
122.105,122.105,3.77269,0.05,0,2.71779,2.77844,0,0.509132,4.89888,4.03744e+06,2.76295e+06,1.09729e+07,0,0,0,0,62.1686,61.308,2.53059,1,1,1.59237,1.62791,0,1.22983,1.69344,8.39061e+06,3.69306e+06,1.3361e+07,0,0,0,0
122.105,122.105,3.37893,0.03,0,2.69442,2.75454,0,0.509315,4.89888,4.03744e+06,2.76295e+06,1.08785e+07,0,0,0,0,62.0496,61.308,2.73999,1,1,1.63785,1.6744,0,1.23027,1.69344,8.39061e+06,3.69306e+06,1.37426e+07,0,0,0,0
122.105,122.105,3.13032,0.03,0,2.69538,2.75553,0,0.504934,4.89888,4.03744e+06,2.76295e+06,1.08824e+07,0,0,0,0,61.9518,61.308,2.67748,1,1,1.63844,1.675,0,1.2654,1.69344,8.39061e+06,3.69306e+06,1.37475e+07,0,0,0,0
122.105,122.105,2.89836,0.03,0,2.69635,2.75652,0,0.505115,4.89888,4.03744e+06,2.76295e+06,1.08863e+07,0,0,0,0,61.8353,61.308,2.69431,1,1,1.63902,1.6756,0,1.26586,1.69344,8.39061e+06,3.69306e+06,1.37524e+07,0,0,0,0
121.921,122.105,2.66575,0.03,0,2.69731,2.75751,0,0.505295,4.89888,4.03744e+06,2.76295e+06,1.08902e+07,0,0,0,0,61.6701,61.308,2.36258,1,1,1.63961,1.6762,0,1.26631,1.69344,8.39061e+06,3.69306e+06,1.37573e+07,0,0,0,0
121.526,122.105,2.46858,0.05,0,2.76125,2.82287,0,0.505476,4.89888,4.03744e+06,2.76295e+06,1.11484e+07,0,0,0,0,61.3925,61.308,2.29149,1,1,1.68028,1.71777,0,1.26676,1.69344,8.39061e+06,3.69306e+06,1.40985e+07,0,0,0,0
120.95,122.105,2.20696,0.06,0,2.76224,2.82388,0,0.517458,4.89888,4.03744e+06,2.76295e+06,1.11524e+07,0,0,0,0,61.0811,61.308,2.11226,1,1,1.68088,1.71839,0,1.29818,1.69344,8.39061e+06,3.69306e+06,1.41036e+07,0,0,0,0
120.258,122.105,2.05057,0.06,0,2.76323,2.82489,0,0.517644,4.89888,4.03744e+06,2.76295e+06,1.11564e+07,0,0,0,0,60.7214,61.308,2.00118,1,1,1.68148,1.719,0,1.29865,1.69344,8.39061e+06,3.69306e+06,1.41086e+07,0,0,0,0
119.428,122.105,1.89548,0.06,0,2.76422,2.8259,0,0.517829,4.89888,4.03744e+06,2.76295e+06,1.11603e+07,0,0,0,0,60.3553,61.308,1.87962,1,1,1.68208,1.71962,0,1.29911,1.69344,8.39061e+06,3.69306e+06,1.41137e+07,0,0,0,0
118.778,122.105,2.32608,0.06,0,2.94988,3.01571,0,0.518014,4.89888,4.03744e+06,2.76295e+06,1.191e+07,0,0,0,0,60.1227,61.308,2.4654,1,1,1.69344,1.86834,0.134114,1.29958,1.69344,8.39061e+06,3.69306e+06,1.4209e+07,0,0,0,0
118.129,122.105,2.28674,0.06,0,2.95094,3.01679,0,0.552808,4.89888,4.03744e+06,2.76295e+06,1.19142e+07,0,0,0,0,59.7311,61.308,2.03237,1,1,1.69344,1.86901,0.134768,1.30835,1.69344,8.39061e+06,3.69306e+06,1.4209e+07,0,0,0,0
117.756,122.105,2.65379,0.06,0,2.95199,3.01787,0,0.553006,4.89888,4.03744e+06,2.76295e+06,1.19185e+07,0,0,0,0,59.4664,61.308,2.54861,1,1,1.69344,1.86967,0.135422,1.30835,1.69344,8.39061e+06,3.69306e+06,1.4209e+07,0,0,0,0
116.996,122.105,2.19328,0.06,0,2.95305,3.01895,0,0.553203,4.89888,4.03744e+06,2.76295e+06,1.19227e+07,0,0,0,0,59.0081,61.308,1.77389,1,1,1.69344,1.87034,0.136076,1.30835,1.69344,8.39061e+06,3.69306e+06,1.4209e+07,0,0,0,0
116.683,122.105,2.79094,0.06,0,2.9541,3.02003,0,0.553401,4.89888,4.03744e+06,2.76295e+06,1.1927e+07,0,0,0,0,58.9319,61.308,3.37856,1,1,1.69344,1.87101,0.13673,1.30835,1.69344,8.39061e+06,3.69306e+06,1.4209e+07,0,0,0,0
116.679,122.105,3.06985,0.07,0,2.865,2.92893,0,0.553599,4.89888,4.03744e+06,2.76295e+06,1.15672e+07,0,0,0,0,58.7477,61.308,2.9302,1,1,1.69344,1.78163,0.0492959,1.30835,1.69344,8.39061e+06,3.69306e+06,1.4209e+07,0,0,0,0
117.334,122.105,3.86665,0.07,0,2.86602,2.92998,0,0.5369,4.89888,4.03744e+06,2.76295e+06,1.15714e+07,0,0,0,0,58.7725,61.308,3.73431,1,1,1.69344,1.78226,0.0499189,1.30835,1.69344,8.39061e+06,3.69306e+06,1.4209e+07,0,0,0,0
118.309,122.105,4.43954,0.07,0,2.86704,2.93102,0,0.537092,4.89888,4.03744e+06,2.76295e+06,1.15755e+07,0,0,0,0,59.2183,61.308,4.96177,1,1,1.69344,1.7829,0.0505421,1.30835,1.69344,8.39061e+06,3.69306e+06,1.4209e+07,0,0,0,0
119.058,122.105,4.27244,0.07,0,2.86807,2.93207,0,0.537284,4.89888,4.03744e+06,2.76295e+06,1.15796e+07,0,0,0,0,59.684,61.308,4.87629,1,1,1.69344,1.78354,0.0511653,1.30835,1.69344,8.39061e+06,3.69306e+06,1.4209e+07,0,0,0,0
120.269,122.105,5.01792,0.07,0,2.79498,2.85735,0,0.537476,4.89888,4.03744e+06,2.76295e+06,1.12845e+07,0,0,0,0,60.5163,61.308,5.89399,1,1,1.66493,1.70209,0,1.30835,1.69344,8.39061e+06,3.69306e+06,1.39698e+07,0,0,0,0
119.556,122.105,2.36371,0.07,0,2.79598,2.85837,0,0.523779,4.89888,4.03744e+06,2.76295e+06,1.12886e+07,0,0,0,0,60.4584,61.308,2.35312,1,1,1.66553,1.70269,0,1.28633,1.69344,8.39061e+06,3.69306e+06,1.39748e+07,0,0,0,0
119.159,122.105,3.02343,0.07,0,2.79698,2.85939,0,0.523966,4.89888,4.03744e+06,2.76295e+06,1.12926e+07,0,0,0,0,60.6962,61.308,2.97696,1,1,1.66612,1.7033,0,1.28679,1.69344,8.39061e+06,3.69306e+06,1.39798e+07,0,0,0,0
118.633,122.105,3.2574,0.07,0,2.79797,2.86041,0,0.524153,4.89888,4.03744e+06,2.76295e+06,1.12966e+07,0,0,0,0,61.5899,61.308,4.61646,1,1,1.66672,1.70391,0,1.28725,1.69344,8.39061e+06,3.69306e+06,1.39848e+07,0,0,0,0
119.596,122.105,4.54566,0.06,0,2.58818,2.64594,0,0.52434,4.89888,4.03744e+06,2.76295e+06,1.04496e+07,0,0,0,0,62.1872,61.308,4.24818,1,1,1.49984,1.53331,0,1.2877,1.69344,8.39061e+06,3.69306e+06,1.25845e+07,0,0,0,0
120.415,122.105,4.29482,0.05,0,2.5891,2.64688,0,0.485025,4.89888,4.03744e+06,2.76295e+06,1.04533e+07,0,0,0,0,62.3362,61.308,6.67981,1,1,1.50037,1.53385,0,1.15877,1.69344,8.39061e+06,3.69306e+06,1.2589e+07,0,0,0,0
122.105,122.105,8.4656,0.06,0,2.59003,2.64783,0,0.485198,4.89888,4.03744e+06,2.76295e+06,1.04571e+07,0,0,0,0,62.3362,61.308,10.0481,1,1,1.50091,1.5344,0,1.15919,1.69344,8.39061e+06,3.69306e+06,1.25935e+07,0,0,0,0
122.105,122.105,6.41485,0.04,0,2.59095,2.64877,0,0.485371,4.89888,4.03744e+06,2.76295e+06,1.04608e+07,0,0,0,0,62.3362,61.308,6.27582,1,1,1.50144,1.53495,0,1.1596,1.69344,8.39061e+06,3.69306e+06,1.2598e+07,0,0,0,0
122.105,122.105,5.7847,0.05,0,2.59188,2.64972,0,0.485544,4.89888,4.03744e+06,2.76295e+06,1.04645e+07,0,0,0,0,62.3362,61.308,7.1158,1,1,1.50198,1.5355,0,1.16001,1.69344,8.39061e+06,3.69306e+06,1.26025e+07,0,0,0,0
122.105,122.105,6.40729,0.05,0,2.674,2.73368,0,0.485718,4.89888,4.03744e+06,2.76295e+06,1.07961e+07,0,0,0,0,62.3362,61.308,8.74676,1,1,1.55108,1.5857,0,1.16043,1.69344,8.39061e+06,3.69306e+06,1.30145e+07,0,0,0,0
122.105,122.105,10.1964,0.05,0,2.67492,2.73462,0,0.501108,4.89888,4.03744e+06,2.76295e+06,1.07998e+07,0,0,0,0,62.3362,61.308,8.41678,1,1,1.55162,1.58624,0,1.19837,1.69344,8.39061e+06,3.69306e+06,1.3019e+07,0,0,0,0
122.105,122.105,10.9854,0.05,0,2.67584,2.73556,0,0.501281,4.89888,4.03744e+06,2.76295e+06,1.08035e+07,0,0,0,0,62.3362,61.308,9.62601,1,1,1.55215,1.58679,0,1.19878,1.69344,8.39061e+06,3.69306e+06,1.30235e+07,0,0,0,0
122.105,122.105,8.57678,0.07,0,2.67676,2.7365,0,0.501453,4.89888,4.03744e+06,2.76295e+06,1.08073e+07,0,0,0,0,62.3362,61.308,7.6638,1,1,1.55268,1.58733,0,1.19919,1.69344,8.39061e+06,3.69306e+06,1.3028e+07,0,0,0,0
122.105,122.105,8.44996,0.07,0,2.93886,3.00444,0,0.501625,4.89888,4.03744e+06,2.76295e+06,1.18654e+07,0,0,0,0,62.3362,61.308,8.27246,1,1,1.69344,1.77458,0.0424018,1.1996,1.69344,8.39061e+06,3.69306e+06,1.4209e+07,0,0,0,0
122.105,122.105,7.33759,0.07,0,2.93987,3.00547,0,0.550742,4.89888,4.03744e+06,2.76295e+06,1.18695e+07,0,0,0,0,62.3362,61.308,7.73924,1,1,1.69344,1.77519,0.0429982,1.30835,1.69344,8.39061e+06,3.69306e+06,1.4209e+07,0,0,0,0
122.105,122.105,6.71343,0.07,0,2.94088,3.0065,0,0.550931,4.89888,4.03744e+06,2.76295e+06,1.18736e+07,0,0,0,0,62.3362,61.308,6.41663,1,1,1.69344,1.7758,0.0435947,1.30835,1.69344,8.39061e+06,3.69306e+06,1.4209e+07,0,0,0,0
122.105,122.105,5.35761,0.07,0,2.94189,3.00754,0,0.55112,4.89888,4.03744e+06,2.76295e+06,1.18777e+07,0,0,0,0,62.3362,61.308,5.87285,1,1,1.69344,1.77641,0.0441914,1.30835,1.69344,8.39061e+06,3.69306e+06,1.4209e+07,0,0,0,0
122.105,122.105,6.87976,0.06,0,2.56987,2.62721,0,0.55131,4.89888,4.03744e+06,2.76295e+06,1.03757e+07,0,0,0,0,62.3362,61.308,6.39076,1,1,1.49281,1.52612,0,1.30835,1.69344,8.39061e+06,3.69306e+06,1.25256e+07,0,0,0,0
122.105,122.105,5.70036,0.06,0,2.57075,2.62812,0,0.481593,4.89888,4.03744e+06,2.76295e+06,1.03792e+07,0,0,0,0,62.3362,61.308,7.45876,1,1,1.49332,1.52664,0,1.15334,1.69344,8.39061e+06,3.69306e+06,1.25299e+07,0,0,0,0
122.105,122.105,5.92847,0.06,0,2.57163,2.62902,0,0.481758,4.89888,4.03744e+06,2.76295e+06,1.03828e+07,0,0,0,0,62.3362,61.308,6.59325,1,1,1.49383,1.52717,0,1.15374,1.69344,8.39061e+06,3.69306e+06,1.25342e+07,0,0,0,0
122.105,122.105,6.09651,0.07,0,2.57251,2.62992,0,0.481924,4.89888,4.03744e+06,2.76295e+06,1.03864e+07,0,0,0,0,62.3362,61.308,7.3219,1,1,1.49434,1.52769,0,1.15413,1.69344,8.39061e+06,3.69306e+06,1.25385e+07,0,0,0,0
122.105,122.105,5.03126,0.08,0,2.5734,2.63082,0,0.482089,4.89888,4.03744e+06,2.76295e+06,1.03899e+07,0,0,0,0,62.3362,61.308,5.63459,1,1,1.49486,1.52822,0,1.15453,1.69344,8.39061e+06,3.69306e+06,1.25428e+07,0,0,0,0
122.105,122.105,4.16142,0.1,0,2.66834,2.72789,0,0.482255,4.89888,4.03744e+06,2.76295e+06,1.07732e+07,0,0,0,0,62.3362,61.308,5.05951,1,1,1.55551,1.59023,0,1.15493,1.69344,8.39061e+06,3.69306e+06,1.30517e+07,0,0,0,0
122.053,122.105,3.39834,0.09,0,2.66925,2.72882,0,0.500047,4.89888,4.03744e+06,2.76295e+06,1.07769e+07,0,0,0,0,62.3362,61.308,2.96101,1,1,1.55605,1.59077,0,1.20179,1.69344,8.39061e+06,3.69306e+06,1.30562e+07,0,0,0,0
122.105,122.105,5.44856,0.11,0,2.67017,2.72976,0,0.500218,4.89888,4.03744e+06,2.76295e+06,1.07806e+07,0,0,0,0,62.3362,61.308,6.22814,1,1,1.55658,1.59132,0,1.2022,1.69344,8.39061e+06,3.69306e+06,1.30607e+07,0,0,0,0
122.105,122.105,4.43836,0.09,0,2.67109,2.73069,0,0.50039,4.89888,4.03744e+06,2.76295e+06,1.07843e+07,0,0,0,0,62.3362,61.308,4.99155,1,1,1.55711,1.59186,0,1.20261,1.69344,8.39061e+06,3.69306e+06,1.30651e+07,0,0,0,0
122.105,122.105,3.43079,0.08,0,2.63518,2.69398,0,0.500562,4.89888,4.03744e+06,2.76295e+06,1.06394e+07,0,0,0,0,62.3362,61.308,3.82887,1,1,1.53426,1.5685,0,1.20303,1.69344,8.39061e+06,3.69306e+06,1.28734e+07,0,0,0,0
122.053,122.105,3.13042,0.08,0,2.63608,2.69491,0,0.493832,4.89888,4.03744e+06,2.76295e+06,1.0643e+07,0,0,0,0,62.3362,61.308,4.06594,1,1,1.53478,1.56903,0,1.18537,1.69344,8.39061e+06,3.69306e+06,1.28778e+07,0,0,0,0
121.72,122.105,2.761,0.12,0,2.63698,2.69583,0,0.494001,4.89888,4.03744e+06,2.76295e+06,1.06467e+07,0,0,0,0,62.3362,61.308,3.63231,1,1,1.53531,1.56957,0,1.18577,1.69344,8.39061e+06,3.69306e+06,1.28822e+07,0,0,0,0
121.18,122.105,2.48351,0.12,0,2.63789,2.69676,0,0.494171,4.89888,4.03744e+06,2.76295e+06,1.06503e+07,0,0,0,0,62.3362,61.308,3.24986,1,1,1.53584,1.57011,0,1.18618,1.69344,8.39061e+06,3.69306e+06,1.28866e+07,0,0,0,0
120.412,122.105,2.28291,0.1,0,2.76397,2.82565,0,0.49434,4.89888,4.03744e+06,2.76295e+06,1.11593e+07,0,0,0,0,62.3362,61.308,3.08959,1,1,1.61943,1.65557,0,1.18659,1.69344,8.39061e+06,3.69306e+06,1.3588e+07,0,0,0,0
119.798,122.105,2.50905,0.1,0,2.76492,2.82662,0,0.517968,4.89888,4.03744e+06,2.76295e+06,1.11632e+07,0,0,0,0,62.3362,61.308,3.67409,1,1,1.61998,1.65613,0,1.25117,1.69344,8.39061e+06,3.69306e+06,1.35927e+07,0,0,0,0
119.223,122.105,2.53348,0.1,0,2.76586,2.82759,0,0.518145,4.89888,4.03744e+06,2.76295e+06,1.1167e+07,0,0,0,0,62.3362,61.308,3.48968,1,1,1.62054,1.6567,0,1.2516,1.69344,8.39061e+06,3.69306e+06,1.35973e+07,0,0,0,0
118.45,122.105,2.28189,0.1,0,2.76681,2.82856,0,0.518323,4.89888,4.03744e+06,2.76295e+06,1.11708e+07,0,0,0,0,62.3362,61.308,3.28695,1,1,1.62109,1.65727,0,1.25203,1.69344,8.39061e+06,3.69306e+06,1.3602e+07,0,0,0,0
117.618,122.105,2.16822,0.1,0,2.76776,2.82953,0,0.518501,4.89888,4.03744e+06,2.76295e+06,1.11747e+07,0,0,0,0,62.3362,61.308,3.12633,1,1,1.62165,1.65784,0,1.25246,1.69344,8.39061e+06,3.69306e+06,1.36066e+07,0,0,0,0
116.926,122.105,2.2877,0.08,0,2.74391,2.80514,0,0.518678,4.89888,4.03744e+06,2.76295e+06,1.10784e+07,0,0,0,0,62.3362,61.308,2.94723,1,1,1.66794,1.70516,0,1.25289,1.69344,8.39061e+06,3.69306e+06,1.3995e+07,0,0,0,0
116.432,122.105,2.45735,0.06,0,2.74485,2.80611,0,0.514209,4.89888,4.03744e+06,2.76295e+06,1.10822e+07,0,0,0,0,62.3238,61.308,2.81885,1,1,1.66851,1.70574,0,1.28865,1.69344,8.39061e+06,3.69306e+06,1.39998e+07,0,0,0,0
115.864,122.105,2.33891,0.06,0,2.74579,2.80707,0,0.514385,4.89888,4.03744e+06,2.76295e+06,1.1086e+07,0,0,0,0,62.241,61.308,2.7612,1,1,1.66908,1.70633,0,1.28909,1.69344,8.39061e+06,3.69306e+06,1.40046e+07,0,0,0,0
115.187,122.105,2.2187,0.06,0,2.74673,2.80803,0,0.514561,4.89888,4.03744e+06,2.76295e+06,1.10898e+07,0,0,0,0,62.139,61.308,2.79272,1,1,1.66965,1.70691,0,1.28953,1.69344,8.39061e+06,3.69306e+06,1.40094e+07,0,0,0,0
114.325,122.105,2.04468,0.05,0,2.8118,2.87455,0,0.514738,4.89888,4.03744e+06,2.76295e+06,1.13525e+07,0,0,0,0,61.9845,61.308,2.64547,1,1,1.69344,1.74922,0.0175955,1.28997,1.69344,8.39061e+06,3.69306e+06,1.4209e+07,0,0,0,0
113.476,122.105,2.01508,0.04,0,2.81276,2.87553,0,0.526931,4.89888,4.03744e+06,2.76295e+06,1.13563e+07,0,0,0,0,61.7144,61.308,2.24905,1,1,1.69344,1.74982,0.0181814,1.30835,1.69344,8.39061e+06,3.69306e+06,1.4209e+07,0,0,0,0
112.549,122.105,1.93205,0.07,0,2.81372,2.87651,0,0.527111,4.89888,4.03744e+06,2.76295e+06,1.13602e+07,0,0,0,0,61.3688,61.308,2.32172,1,1,1.69344,1.75042,0.0187674,1.30835,1.69344,8.39061e+06,3.69306e+06,1.4209e+07,0,0,0,0
111.53,122.105,1.78906,0.07,0,2.81469,2.8775,0,0.527292,4.89888,4.03744e+06,2.76295e+06,1.13641e+07,0,0,0,0,60.9755,61.308,2.12923,1,1,1.69344,1.75102,0.0193536,1.30835,1.69344,8.39061e+06,3.69306e+06,1.4209e+07,0,0,0,0
110.342,122.105,1.80036,0.07,0,3.0037,3.07073,0,0.527472,4.89888,4.03744e+06,2.76295e+06,1.21272e+07,0,0,0,0,60.6321,61.308,2.28143,1,1,1.69344,1.90242,0.167455,1.30835,1.69344,8.39061e+06,3.69306e+06,1.4209e+07,0,0,0,0
109.095,122.105,1.756,0.07,0,3.00472,3.07178,0,0.562893,4.89888,4.03744e+06,2.76295e+06,1.21314e+07,0,0,0,0,60.3094,61.308,2.31576,1,1,1.69344,1.90307,0.168091,1.30835,1.69344,8.39061e+06,3.69306e+06,1.4209e+07,0,0,0,0
107.597,122.105,1.42569,0.08,0,3.00575,3.07283,0,0.563085,4.89888,4.03744e+06,2.76295e+06,1.21355e+07,0,0,0,0,59.9135,61.308,2.13965,1,1,1.69344,1.90372,0.168728,1.30835,1.69344,8.39061e+06,3.69306e+06,1.4209e+07,0,0,0,0
106.132,122.105,1.44665,0.08,0,3.00678,3.07388,0,0.563278,4.89888,4.03744e+06,2.76295e+06,1.21397e+07,0,0,0,0,59.4918,61.308,2.05155,1,1,1.69344,1.90438,0.169366,1.30835,1.69344,8.39061e+06,3.69306e+06,1.4209e+07,0,0,0,0
105.203,122.105,2.03019,0.08,0,3.00781,3.07493,0,0.563471,4.89888,4.03744e+06,2.76295e+06,1.21438e+07,0,0,0,0,59.1836,61.308,2.45891,1,1,1.69344,1.90503,0.170003,1.30835,1.69344,8.39061e+06,3.69306e+06,1.4209e+07,0,0,0,0
104.691,122.105,2.44316,0.11,0,2.91704,2.98213,0,0.563664,4.89888,4.03744e+06,2.76295e+06,1.17773e+07,0,0,0,0,59.0158,61.308,2.58288,1,1,1.69344,1.81399,0.0809512,1.30835,1.69344,8.39061e+06,3.69306e+06,1.4209e+07,0,0,0,0
103.622,122.105,1.78586,0.11,0,2.91803,2.98315,0,0.546652,4.89888,4.03744e+06,2.76295e+06,1.17814e+07,0,0,0,0,58.6341,61.308,2.08468,1,1,1.69344,1.81461,0.0815582,1.30835,1.69344,8.39061e+06,3.69306e+06,1.4209e+07,0,0,0,0
102.719,122.105,1.90939,0.11,0,2.91903,2.98417,0,0.546839,4.89888,4.03744e+06,2.76295e+06,1.17854e+07,0,0,0,0,58.2753,61.308,2.00928,1,1,1.69344,1.81523,0.0821652,1.30835,1.69344,8.39061e+06,3.69306e+06,1.4209e+07,0,0,0,0
102.729,122.105,3.02131,0.11,0,2.92003,2.98519,0,0.547026,4.89888,4.03744e+06,2.76295e+06,1.17894e+07,0,0,0,0,58.3172,61.308,3.42211,1,1,1.69344,1.81585,0.0827723,1.30835,1.69344,8.39061e+06,3.69306e+06,1.4209e+07,0,0,0,0
102.595,122.105,2.88376,0.11,0,2.84557,2.90907,0,0.547213,4.89888,4.03744e+06,2.76295e+06,1.14888e+07,0,0,0,0,58.278,61.308,3.12018,1,1,1.69344,1.7329,0.00162829,1.30835,1.69344,8.39061e+06,3.69306e+06,1.4209e+07,0,0,0,0
101.344,122.105,1.66308,0.11,0,2.84654,2.91007,0,0.53326,4.89888,4.03744e+06,2.76295e+06,1.14927e+07,0,0,0,0,57.6446,61.308,1.92041,1,1,1.69344,1.73349,0.00220771,1.30835,1.69344,8.39061e+06,3.69306e+06,1.4209e+07,0,0,0,0
100.145,122.105,1.74655,0.12,0,2.84752,2.91106,0,0.533442,4.89888,4.03744e+06,2.76295e+06,1.14967e+07,0,0,0,0,57.1923,61.308,1.33613,1,1,1.69344,1.73408,0.00278737,1.30835,1.69344,8.39061e+06,3.69306e+06,1.4209e+07,0,0,0,0
101.569,122.105,4.69312,0.12,0,2.84849,2.91206,0,0.533624,4.89888,4.03744e+06,2.76295e+06,1.15006e+07,0,0,0,0,57.7094,61.308,4.62074,1,1,1.69344,1.73467,0.00336702,1.30835,1.69344,8.39061e+06,3.69306e+06,1.4209e+07,0,0,0,0
102.301,122.105,3.86748,0.12,0,2.63487,2.69366,0,0.533807,4.89888,4.03744e+06,2.76295e+06,1.06381e+07,0,0,0,0,58.0743,61.308,3.9983,1,1,1.52689,1.56096,0,1.30835,1.69344,8.39061e+06,3.69306e+06,1.28115e+07,0,0,0,0
102.999,122.105,3.59078,0.12,0,2.63577,2.69458,0,0.493774,4.89888,4.03744e+06,2.76295e+06,1.06417e+07,0,0,0,0,58.4117,61.308,2.96883,1,1,1.52741,1.5615,0,1.17968,1.69344,8.39061e+06,3.69306e+06,1.28159e+07,0,0,0,0
104.028,122.105,4.0081,0.12,0,2.63667,2.69551,0,0.493942,4.89888,4.03744e+06,2.76295e+06,1.06454e+07,0,0,0,0,58.9193,61.308,3.18862,1,1,1.52793,1.56203,0,1.18008,1.69344,8.39061e+06,3.69306e+06,1.28203e+07,0,0,0,0
105.034,122.105,4.07495,0.13,0,2.63757,2.69643,0,0.494111,4.89888,4.03744e+06,2.76295e+06,1.0649e+07,0,0,0,0,59.6333,61.308,3.32061,1,1,1.52846,1.56256,0,1.18048,1.69344,8.39061e+06,3.69306e+06,1.28247e+07,0,0,0,0
107.039,122.105,5.17071,0.14,0,2.63847,2.69735,0,0.49428,4.89888,4.03744e+06,2.76295e+06,1.06526e+07,0,0,0,0,60.655,61.308,4.05214,1,1,1.52898,1.5631,0,1.18088,1.69344,8.39061e+06,3.69306e+06,1.28291e+07,0,0,0,0
110.167,122.105,6.66428,0.12,0,2.63847,2.69735,0,0.494449,4.89888,4.03744e+06,2.76295e+06,1.06526e+07,0,0,0,0,61.7546,61.308,4.63033,1,1,1.52898,1.5631,0,1.18129,1.69344,8.39061e+06,3.69306e+06,1.28291e+07,0,0,0,0
113.475,122.105,6.90407,0.12,0,2.72203,2.78277,0,0.494449,4.89888,4.03744e+06,2.76295e+06,1.099e+07,0,0,0,0,62.1501,61.308,3.84201,1,1,1.57894,1.61418,0,1.18129,1.69344,8.39061e+06,3.69306e+06,1.32483e+07,0,0,0,0
121.187,122.105,12.293,0.12,0,2.72292,2.78369,0,0.510108,4.89888,4.03744e+06,2.76295e+06,1.09936e+07,0,0,0,0,62.3362,61.308,8.85394,1,1,1.57946,1.61471,0,1.21989,1.69344,8.39061e+06,3.69306e+06,1.32526e+07,0,0,0,0
122.105,122.105,8.58233,0.09,0,2.72382,2.7846,0,0.510276,4.89888,4.03744e+06,2.76295e+06,1.09972e+07,0,0,0,0,62.3362,61.308,6.50032,1,1,1.57998,1.61524,0,1.22029,1.69344,8.39061e+06,3.69306e+06,1.3257e+07,0,0,0,0
122.105,122.105,8.26841,0.08,0,2.72471,2.78552,0,0.510443,4.89888,4.03744e+06,2.76295e+06,1.10008e+07,0,0,0,0,62.3362,61.308,6.84029,1,1,1.5805,1.61577,0,1.22069,1.69344,8.39061e+06,3.69306e+06,1.32613e+07,0,0,0,0
122.105,122.105,9.43471,0.07,0,2.99146,3.05821,0,0.510611,4.89888,4.03744e+06,2.76295e+06,1.20778e+07,0,0,0,0,62.3362,61.308,6.63221,1,1,1.69344,1.80634,0.0734696,1.22109,1.69344,8.39061e+06,3.69306e+06,1.4209e+07,0,0,0,0
122.105,122.105,8.75792,0.07,0,2.99244,3.05922,0,0.560599,4.89888,4.03744e+06,2.76295e+06,1.20818e+07,0,0,0,0,62.3362,61.308,6.94222,1,1,1.69344,1.80693,0.0740497,1.30835,1.69344,8.39061e+06,3.69306e+06,1.4209e+07,0,0,0,0
122.105,122.105,10.5953,0.07,0,2.99342,3.06022,0,0.560783,4.89888,4.03744e+06,2.76295e+06,1.20857e+07,0,0,0,0,62.3362,61.308,7.61429,1,1,1.69344,1.80753,0.0746299,1.30835,1.69344,8.39061e+06,3.69306e+06,1.4209e+07,0,0,0,0
122.105,122.105,10.4895,0.07,0,2.9944,3.06123,0,0.560967,4.89888,4.03744e+06,2.76295e+06,1.20897e+07,0,0,0,0,62.3362,61.308,10.5587,1,1,1.69344,1.80812,0.0752103,1.30835,1.69344,8.39061e+06,3.69306e+06,1.4209e+07,0,0,0,0
122.105,122.105,10.3453,0.08,0,2.6157,2.67407,0,0.561151,4.89888,4.03744e+06,2.76295e+06,1.05607e+07,0,0,0,0,62.3362,61.308,14.2485,1,1,1.51943,1.55334,0,1.30835,1.69344,8.39061e+06,3.69306e+06,1.2749e+07,0,0,0,0
122.105,122.105,9.0535,0.08,0,2.61656,2.67495,0,0.490182,4.89888,4.03744e+06,2.76295e+06,1.05642e+07,0,0,0,0,62.3362,61.308,12.1088,1,1,1.51993,1.55385,0,1.17391,1.69344,8.39061e+06,3.69306e+06,1.27531e+07,0,0,0,0
122.105,122.105,12.2505,0.09,0,2.61742,2.67583,0,0.490343,4.89888,4.03744e+06,2.76295e+06,1.05677e+07,0,0,0,0,62.3362,61.308,18.5557,1,1,1.52043,1.55436,0,1.1743,1.69344,8.39061e+06,3.69306e+06,1.27573e+07,0,0,0,0
122.105,122.105,15.968,0.09,0,2.61828,2.67671,0,0.490504,4.89888,4.03744e+06,2.76295e+06,1.05711e+07,0,0,0,0,62.3362,61.308,24.884,1,1,1.52093,1.55487,0,1.17468,1.69344,8.39061e+06,3.69306e+06,1.27615e+07,0,0,0,0
122.105,122.105,10.1578,0.1,0,2.61914,2.67758,0,0.490665,4.89888,4.03744e+06,2.76295e+06,1.05746e+07,0,0,0,0,62.3362,61.308,11.4817,1,1,1.52143,1.55538,0,1.17507,1.69344,8.39061e+06,3.69306e+06,1.27657e+07,0,0,0,0
122.105,122.105,8.68405,0.1,0,2.71572,2.77633,0,0.490826,4.89888,4.03744e+06,2.76295e+06,1.09646e+07,0,0,0,0,62.3362,61.308,12.3013,1,1,1.58314,1.61846,0,1.17545,1.69344,8.39061e+06,3.69306e+06,1.32835e+07,0,0,0,0
122.105,122.105,10.2451,0.1,0,2.71661,2.77724,0,0.508927,4.89888,4.03744e+06,2.76295e+06,1.09682e+07,0,0,0,0,62.3362,61.308,12.7968,1,1,1.58366,1.619,0,1.22313,1.69344,8.39061e+06,3.69306e+06,1.32878e+07,0,0,0,0
122.105,122.105,12.7473,0.1,0,2.71751,2.77815,0,0.509094,4.89888,4.03744e+06,2.76295e+06,1.09718e+07,0,0,0,0,62.3362,61.308,21.0545,1,1,1.58417,1.61953,0,1.22353,1.69344,8.39061e+06,3.69306e+06,1.32922e+07,0,0,0,0
122.105,122.105,8.9256,0.1,0,2.7184,2.77906,0,0.509261,4.89888,4.03744e+06,2.76295e+06,1.09754e+07,0,0,0,0,62.3362,61.308,12.2718,1,1,1.58469,1.62006,0,1.22393,1.69344,8.39061e+06,3.69306e+06,1.32966e+07,0,0,0,0
122.105,122.105,7.38415,0.09,0,2.68181,2.74166,0,0.509428,4.89888,4.03744e+06,2.76295e+06,1.08276e+07,0,0,0,0,62.3362,61.308,5.60479,1,1,1.56141,1.59625,0,1.22433,1.69344,8.39061e+06,3.69306e+06,1.31012e+07,0,0,0,0
122.105,122.105,5.59909,0.09,0,2.68269,2.74255,0,0.502571,4.89888,4.03744e+06,2.76295e+06,1.08312e+07,0,0,0,0,62.3362,61.308,6.25838,1,1,1.56192,1.59678,0,1.20634,1.69344,8.39061e+06,3.69306e+06,1.31055e+07,0,0,0,0
122.105,122.105,7.44337,0.09,0,2.68357,2.74345,0,0.502736,4.89888,4.03744e+06,2.76295e+06,1.08347e+07,0,0,0,0,62.3362,61.308,7.34784,1,1,1.56243,1.5973,0,1.20674,1.69344,8.39061e+06,3.69306e+06,1.31098e+07,0,0,0,0
122.105,122.105,5.81307,0.09,0,2.68445,2.74435,0,0.502901,4.89888,4.03744e+06,2.76295e+06,1.08383e+07,0,0,0,0,62.3362,61.308,6.96966,1,1,1.56294,1.59782,0,1.20714,1.69344,8.39061e+06,3.69306e+06,1.31141e+07,0,0,0,0
122.105,122.105,5.56209,0.1,0,2.81271,2.87548,0,0.503065,4.89888,4.03744e+06,2.76295e+06,1.13561e+07,0,0,0,0,62.3362,61.308,6.42705,1,1,1.64799,1.68476,0,1.20753,1.69344,8.39061e+06,3.69306e+06,1.38276e+07,0,0,0,0
122.105,122.105,5.08875,0.08,0,2.81363,2.87642,0,0.527102,4.89888,4.03744e+06,2.76295e+06,1.13599e+07,0,0,0,0,62.3362,61.308,4.4924,1,1,1.64853,1.68531,0,1.27323,1.69344,8.39061e+06,3.69306e+06,1.38321e+07,0,0,0,0
122.105,122.105,4.6752,0.08,0,2.81455,2.87736,0,0.527275,4.89888,4.03744e+06,2.76295e+06,1.13636e+07,0,0,0,0,62.3362,61.308,4.47396,1,1,1.64907,1.68587,0,1.27365,1.69344,8.39061e+06,3.69306e+06,1.38367e+07,0,0,0,0
122.105,122.105,4.60531,0.06,0,2.81548,2.87831,0,0.527447,4.89888,4.03744e+06,2.76295e+06,1.13673e+07,0,0,0,0,62.3362,61.308,4.63003,1,1,1.64961,1.68642,0,1.27407,1.69344,8.39061e+06,3.69306e+06,1.38412e+07,0,0,0,0
122.105,122.105,4.45452,0.06,0,2.8164,2.87925,0,0.52762,4.89888,4.03744e+06,2.76295e+06,1.1371e+07,0,0,0,0,62.3362,61.308,4.17613,1,1,1.65015,1.68697,0,1.27449,1.69344,8.39061e+06,3.69306e+06,1.38457e+07,0,0,0,0
122.105,122.105,4.40295,0.05,0,2.79209,2.85439,0,0.527793,4.89888,4.03744e+06,2.76295e+06,1.12729e+07,0,0,0,0,62.3362,61.308,3.53511,1,1,1.69344,1.7351,0.00378051,1.2749,1.69344,8.39061e+06,3.69306e+06,1.4209e+07,0,0,0,0
122.105,122.105,4.1361,0.04,0,2.793,2.85533,0,0.523237,4.89888,4.03744e+06,2.76295e+06,1.12766e+07,0,0,0,0,62.3362,61.308,3.38841,1,1,1.69344,1.73566,0.00433626,1.30835,1.69344,8.39061e+06,3.69306e+06,1.4209e+07,0,0,0,0
122.105,122.105,3.84563,0.05,0,2.79392,2.85626,0,0.523408,4.89888,4.03744e+06,2.76295e+06,1.12803e+07,0,0,0,0,62.3362,61.308,3.47937,1,1,1.69344,1.73623,0.00489213,1.30835,1.69344,8.39061e+06,3.69306e+06,1.4209e+07,0,0,0,0
122.105,122.105,3.5986,0.04,0,2.79483,2.8572,0,0.52358,4.89888,4.03744e+06,2.76295e+06,1.12839e+07,0,0,0,0,62.3362,61.308,3.44339,1,1,1.69344,1.7368,0.00544811,1.30835,1.69344,8.39061e+06,3.69306e+06,1.4209e+07,0,0,0,0
122.105,122.105,3.20013,0.04,0,2.86099,2.92484,0,0.523751,4.89888,4.03744e+06,2.76295e+06,1.15511e+07,0,0,0,0,62.3244,61.308,2.91294,1,1,1.69344,1.77982,0.0475309,1.30835,1.69344,8.39061e+06,3.69306e+06,1.4209e+07,0,0,0,0
121.919,122.105,2.87159,0.04,0,2.86193,2.92579,0,0.53615,4.89888,4.03744e+06,2.76295e+06,1.15549e+07,0,0,0,0,62.1376,61.308,2.77772,1,1,1.69344,1.7804,0.0481008,1.30835,1.69344,8.39061e+06,3.69306e+06,1.4209e+07,0,0,0,0
121.556,122.105,2.63961,0.07,0,2.86287,2.92675,0,0.536325,4.89888,4.03744e+06,2.76295e+06,1.15586e+07,0,0,0,0,61.8942,61.308,2.47803,1,1,1.69344,1.78099,0.0486706,1.30835,1.69344,8.39061e+06,3.69306e+06,1.4209e+07,0,0,0,0
121.247,122.105,2.75778,0.06,0,2.8638,2.92771,0,0.536501,4.89888,4.03744e+06,2.76295e+06,1.15624e+07,0,0,0,0,61.7289,61.308,2.79472,1,1,1.69344,1.78157,0.0492406,1.30835,1.69344,8.39061e+06,3.69306e+06,1.4209e+07,0,0,0,0
120.771,122.105,2.71437,0.06,0,3.05606,3.12426,0,0.536676,4.89888,4.03744e+06,2.76295e+06,1.23387e+07,0,0,0,0,61.5324,61.308,2.68716,1,1,1.69344,1.93559,0.199897,1.30835,1.69344,8.39061e+06,3.69306e+06,1.4209e+07,0,0,0,0
120.322,122.105,2.68611,0.06,0,3.05706,3.12528,0,0.572706,4.89888,4.03744e+06,2.76295e+06,1.23427e+07,0,0,0,0,61.3855,61.308,3.00485,1,1,1.69344,1.93622,0.200517,1.30835,1.69344,8.39061e+06,3.69306e+06,1.4209e+07,0,0,0,0
119.437,122.105,2.18455,0.06,0,3.05806,3.12631,0,0.572893,4.89888,4.03744e+06,2.76295e+06,1.23467e+07,0,0,0,0,61.0169,61.308,2.10942,1,1,1.69344,1.93686,0.201136,1.30835,1.69344,8.39061e+06,3.69306e+06,1.4209e+07,0,0,0,0
118.994,122.105,2.74635,0.07,0,3.05906,3.12733,0,0.573081,4.89888,4.03744e+06,2.76295e+06,1.23508e+07,0,0,0,0,61.0604,61.308,3.88436,1,1,1.69344,1.93749,0.201756,1.30835,1.69344,8.39061e+06,3.69306e+06,1.4209e+07,0,0,0,0
118.127,122.105,2.27004,0.07,0,3.06006,3.12835,0,0.573268,4.89888,4.03744e+06,2.76295e+06,1.23548e+07,0,0,0,0,60.8233,61.308,2.72554,1,1,1.69344,1.93812,0.202375,1.30835,1.69344,8.39061e+06,3.69306e+06,1.4209e+07,0,0,0,0
117.55,122.105,2.41336,0.07,0,2.96767,3.03389,0,0.573456,4.89888,4.03744e+06,2.76295e+06,1.19818e+07,0,0,0,0,60.5205,61.308,3.29682,1,1,1.69344,1.84547,0.111749,1.30835,1.69344,8.39061e+06,3.69306e+06,1.4209e+07,0,0,0,0
116.839,122.105,2.42945,0.07,0,2.96864,3.03488,0,0.556141,4.89888,4.03744e+06,2.76295e+06,1.19857e+07,0,0,0,0,60.438,61.308,3.88314,1,1,1.69344,1.84608,0.11234,1.30835,1.69344,8.39061e+06,3.69306e+06,1.4209e+07,0,0,0,0
116.278,122.105,2.65792,0.08,0,2.96961,3.03588,0,0.556323,4.89888,4.03744e+06,2.76295e+06,1.19896e+07,0,0,0,0,60.5148,61.308,4.17319,1,1,1.69344,1.84668,0.11293,1.30835,1.69344,8.39061e+06,3.69306e+06,1.4209e+07,0,0,0,0
115.758,122.105,2.78831,0.08,0,2.97058,3.03687,0,0.556504,4.89888,4.03744e+06,2.76295e+06,1.19935e+07,0,0,0,0,60.6142,61.308,4.41106,1,1,1.69344,1.84728,0.11352,1.30835,1.69344,8.39061e+06,3.69306e+06,1.4209e+07,0,0,0,0
114.984,122.105,2.53644,0.09,0,2.89479,2.95939,0,0.556686,4.89888,4.03744e+06,2.76295e+06,1.16875e+07,0,0,0,0,60.6154,61.308,3.71143,1,1,1.69344,1.76287,0.0309454,1.30835,1.69344,8.39061e+06,3.69306e+06,1.4209e+07,0,0,0,0
114.561,122.105,2.83522,0.09,0,2.89573,2.96035,0,0.542483,4.89888,4.03744e+06,2.76295e+06,1.16913e+07,0,0,0,0,60.7326,61.308,3.2759,1,1,1.69344,1.76344,0.0315089,1.30835,1.69344,8.39061e+06,3.69306e+06,1.4209e+07,0,0,0,0
113.964,122.105,2.77964,0.09,0,2.89668,2.96132,0,0.54266,4.89888,4.03744e+06,2.76295e+06,1.16952e+07,0,0,0,0,61.1246,61.308,4.28895,1,1,1.69344,1.76402,0.0320724,1.30835,1.69344,8.39061e+06,3.69306e+06,1.4209e+07,0,0,0,0
113.443,122.105,2.90975,0.12,0,2.89762,2.96229,0,0.542837,4.89888,4.03744e+06,2.76295e+06,1.1699e+07,0,0,0,0,61.9019,61.308,4.6655,1,1,1.69344,1.76459,0.0326361,1.30835,1.69344,8.39061e+06,3.69306e+06,1.4209e+07,0,0,0,0
114.743,122.105,4.71355,0.12,0,2.68028,2.74009,0,0.543015,4.89888,4.03744e+06,2.76295e+06,1.08214e+07,0,0,0,0,62.2388,61.308,4.49494,1,1,1.5532,1.58787,0,1.30835,1.69344,8.39061e+06,3.69306e+06,1.30323e+07,0,0,0,0
115.068,122.105,3.66758,0.08,0,2.68115,2.74098,0,0.502284,4.89888,4.03744e+06,2.76295e+06,1.0825e+07,0,0,0,0,62.2062,61.308,3.22981,1,1,1.55371,1.58838,0,1.20001,1.69344,8.39061e+06,3.69306e+06,1.30366e+07,0,0,0,0
115.541,122.105,4.1391,0.09,0,2.68203,2.74188,0,0.502448,4.89888,4.03744e+06,2.76295e+06,1.08285e+07,0,0,0,0,62.3362,61.308,8.94593,1,1,1.55422,1.5889,0,1.2004,1.69344,8.39061e+06,3.69306e+06,1.30409e+07,0,0,0,0
115.447,122.105,3.12146,0.09,0,2.6829,2.74277,0,0.502612,4.89888,4.03744e+06,2.76295e+06,1.0832e+07,0,0,0,0,62.3362,61.308,4.6067,1,1,1.55473,1.58942,0,1.20079,1.69344,8.39061e+06,3.69306e+06,1.30451e+07,0,0,0,0
114.493,122.105,2.09493,0.1,0,2.68378,2.74367,0,0.502776,4.89888,4.03744e+06,2.76295e+06,1.08356e+07,0,0,0,0,62.2706,61.308,3.24559,1,1,1.55523,1.58994,0,1.20118,1.69344,8.39061e+06,3.69306e+06,1.30494e+07,0,0,0,0
116.354,122.105,5.06776,0.1,0,2.76873,2.83052,0,0.50294,4.89888,4.03744e+06,2.76295e+06,1.11786e+07,0,0,0,0,62.0982,61.308,2.20715,1,1,1.60603,1.64187,0,1.20157,1.69344,8.39061e+06,3.69306e+06,1.34756e+07,0,0,0,0
119.573,122.105,6.86327,0.1,0,2.7696,2.83141,0,0.51886,4.89888,4.03744e+06,2.76295e+06,1.11821e+07,0,0,0,0,62.2729,61.308,4.56391,1,1,1.60653,1.64239,0,1.24082,1.69344,8.39061e+06,3.69306e+06,1.34798e+07,0,0,0,0
122.105,122.105,7.83396,0.11,0,2.77047,2.83229,0,0.519023,4.89888,4.03744e+06,2.76295e+06,1.11856e+07,0,0,0,0,62.3362,61.308,4.52968,1,1,1.60704,1.6429,0,1.24121,1.69344,8.39061e+06,3.69306e+06,1.3484e+07,0,0,0,0
122.105,122.105,6.24316,0.09,0,2.77134,2.83318,0,0.519186,4.89888,4.03744e+06,2.76295e+06,1.11891e+07,0,0,0,0,62.3362,61.308,3.84911,1,1,1.60754,1.64342,0,1.2416,1.69344,8.39061e+06,3.69306e+06,1.34883e+07,0,0,0,0
122.105,122.105,5.52902,0.09,0,3.0426,3.1105,0,0.519348,4.89888,4.03744e+06,2.76295e+06,1.22843e+07,0,0,0,0,62.3362,61.308,3.14529,1,1,1.69344,1.83722,0.103678,1.24199,1.69344,8.39061e+06,3.69306e+06,1.4209e+07,0,0,0,0
122.105,122.105,4.83839,0.09,0,3.04355,3.11147,0,0.570183,4.89888,4.03744e+06,2.76295e+06,1.22882e+07,0,0,0,0,62.1751,61.308,2.82265,1,1,1.69344,1.8378,0.104241,1.30835,1.69344,8.39061e+06,3.69306e+06,1.4209e+07,0,0,0,0
122.105,122.105,3.87265,0.09,0,3.04451,3.11245,0,0.570362,4.89888,4.03744e+06,2.76295e+06,1.2292e+07,0,0,0,0,61.9727,61.308,2.19016,1,1,1.69344,1.83837,0.104804,1.30835,1.69344,8.39061e+06,3.69306e+06,1.4209e+07,0,0,0,0
122.105,122.105,3.94312,0.08,0,3.04546,3.11342,0,0.57054,4.89888,4.03744e+06,2.76295e+06,1.22958e+07,0,0,0,0,61.9501,61.308,2.45116,1,1,1.69344,1.83895,0.105367,1.30835,1.69344,8.39061e+06,3.69306e+06,1.4209e+07,0,0,0,0
122.105,122.105,7.75458,0.08,0,2.66026,2.71963,0,0.570719,4.89888,4.03744e+06,2.76295e+06,1.07406e+07,0,0,0,0,62.3362,61.308,5.22783,1,1,1.54532,1.5798,0,1.30835,1.69344,8.39061e+06,3.69306e+06,1.29661e+07,0,0,0,0
122.105,122.105,8.28026,0.08,0,2.66109,2.72048,0,0.498533,4.89888,4.03744e+06,2.76295e+06,1.0744e+07,0,0,0,0,62.3362,61.308,5.16786,1,1,1.5458,1.5803,0,1.19391,1.69344,8.39061e+06,3.69306e+06,1.29702e+07,0,0,0,0
122.105,122.105,5.96723,0.1,0,2.66193,2.72133,0,0.498689,4.89888,4.03744e+06,2.76295e+06,1.07474e+07,0,0,0,0,62.3362,61.308,4.01167,1,1,1.54628,1.58079,0,1.19428,1.69344,8.39061e+06,3.69306e+06,1.29743e+07,0,0,0,0
122.105,122.105,7.97886,0.1,0,2.66276,2.72218,0,0.498845,4.89888,4.03744e+06,2.76295e+06,1.07507e+07,0,0,0,0,62.3362,61.308,5.02248,1,1,1.54677,1.58129,0,1.19466,1.69344,8.39061e+06,3.69306e+06,1.29783e+07,0,0,0,0
122.105,122.105,8.41675,0.11,0,2.6636,2.72304,0,0.499002,4.89888,4.03744e+06,2.76295e+06,1.07541e+07,0,0,0,0,62.3362,61.308,6.11639,1,1,1.54725,1.58178,0,1.19503,1.69344,8.39061e+06,3.69306e+06,1.29824e+07,0,0,0,0
122.105,122.105,7.54885,0.1,0,2.76178,2.82341,0,0.499158,4.89888,4.03744e+06,2.76295e+06,1.11505e+07,0,0,0,0,62.3362,61.308,4.09492,1,1,1.60999,1.64591,0,1.19541,1.69344,8.39061e+06,3.69306e+06,1.35088e+07,0,0,0,0
122.105,122.105,7.84757,0.1,0,2.76265,2.8243,0,0.517558,4.89888,4.03744e+06,2.76295e+06,1.1154e+07,0,0,0,0,62.3362,61.308,5.45892,1,1,1.61049,1.64643,0,1.24387,1.69344,8.39061e+06,3.69306e+06,1.3513e+07,0,0,0,0
122.105,122.105,6.71308,0.1,0,2.76351,2.82518,0,0.51772,4.89888,4.03744e+06,2.76295e+06,1.11575e+07,0,0,0,0,62.3362,61.308,4.34445,1,1,1.61099,1.64694,0,1.24426,1.69344,8.39061e+06,3.69306e+06,1.35172e+07,0,0,0,0
122.105,122.105,5.28021,0.11,0,2.76438,2.82606,0,0.517882,4.89888,4.03744e+06,2.76295e+06,1.1161e+07,0,0,0,0,62.3362,61.308,3.30147,1,1,1.6115,1.64746,0,1.24465,1.69344,8.39061e+06,3.69306e+06,1.35215e+07,0,0,0,0
122.105,122.105,5.06011,0.12,0,2.72713,2.78799,0,0.518044,4.89888,4.03744e+06,2.76295e+06,1.10106e+07,0,0,0,0,62.3362,61.308,3.25714,1,1,1.58779,1.62323,0,1.24504,1.69344,8.39061e+06,3.69306e+06,1.33226e+07,0,0,0,0
122.105,122.105,4.63446,0.11,0,2.72798,2.78886,0,0.511064,4.89888,4.03744e+06,2.76295e+06,1.1014e+07,0,0,0,0,62.3362,61.308,3.55546,1,1,1.58829,1.62374,0,1.22673,1.69344,8.39061e+06,3.69306e+06,1.33267e+07,0,0,0,0
122.105,122.105,4.22985,0.1,0,2.72883,2.78973,0,0.511224,4.89888,4.03744e+06,2.76295e+06,1.10175e+07,0,0,0,0,62.3362,61.308,3.45174,1,1,1.58879,1.62424,0,1.22711,1.69344,8.39061e+06,3.69306e+06,1.33309e+07,0,0,0,0
122.105,122.105,4.84222,0.1,0,2.72969,2.7906,0,0.511384,4.89888,4.03744e+06,2.76295e+06,1.10209e+07,0,0,0,0,62.3362,61.308,3.09328,1,1,1.58928,1.62475,0,1.2275,1.69344,8.39061e+06,3.69306e+06,1.33351e+07,0,0,0,0
122.105,122.105,4.16892,0.1,0,2.86007,2.9239,0,0.511544,4.89888,4.03744e+06,2.76295e+06,1.15474e+07,0,0,0,0,62.3362,61.308,3.16199,1,1,1.67573,1.71313,0,1.22788,1.69344,8.39061e+06,3.69306e+06,1.40604e+07,0,0,0,0
122.105,122.105,3.53444,0.1,0,2.86096,2.92481,0,0.535977,4.89888,4.03744e+06,2.76295e+06,1.1551e+07,0,0,0,0,62.3362,61.308,2.71846,1,1,1.67626,1.71367,0,1.29467,1.69344,8.39061e+06,3.69306e+06,1.40648e+07,0,0,0,0
122.105,122.105,3.23206,0.1,0,2.86186,2.92572,0,0.536145,4.89888,4.03744e+06,2.76295e+06,1.15546e+07,0,0,0,0,62.242,61.308,2.44865,1,1,1.67678,1.7142,0,1.29508,1.69344,8.39061e+06,3.69306e+06,1.40692e+07,0,0,0,0
122.062,122.105,3.02214,0.08,0,2.86275,2.92664,0,0.536312,4.89888,4.03744e+06,2.76295e+06,1.15582e+07,0,0,0,0,62.1811,61.308,2.53276,1,1,1.67731,1.71474,0,1.29548,1.69344,8.39061e+06,3.69306e+06,1.40736e+07,0,0,0,0
121.997,122.105,2.97941,0.11,0,2.86365,2.92755,0,0.53648,4.89888,4.03744e+06,2.76295e+06,1.15618e+07,0,0,0,0,62.0986,61.308,2.51269,1,1,1.67783,1.71527,0,1.29589,1.69344,8.39061e+06,3.69306e+06,1.4078e+07,0,0,0,0
122.105,122.105,3.91587,0.1,0,2.83889,2.90224,0,0.536648,4.89888,4.03744e+06,2.76295e+06,1.14618e+07,0,0,0,0,62.0586,61.308,2.59966,1,1,1.69344,1.76418,0.0322295,1.29629,1.69344,8.39061e+06,3.69306e+06,1.4209e+07,0,0,0,0
122.105,122.105,3.73147,0.06,0,2.83978,2.90315,0,0.532008,4.89888,4.03744e+06,2.76295e+06,1.14654e+07,0,0,0,0,61.9318,61.308,2.49064,1,1,1.69344,1.76473,0.0327688,1.30835,1.69344,8.39061e+06,3.69306e+06,1.4209e+07,0,0,0,0
122.105,122.105,3.54365,0.05,0,2.84066,2.90405,0,0.532174,4.89888,4.03744e+06,2.76295e+06,1.1469e+07,0,0,0,0,61.7472,61.308,2.37254,1,1,1.69344,1.76528,0.0333082,1.30835,1.69344,8.39061e+06,3.69306e+06,1.4209e+07,0,0,0,0
122.105,122.105,3.27896,0.05,0,2.84155,2.90496,0,0.53234,4.89888,4.03744e+06,2.76295e+06,1.14726e+07,0,0,0,0,61.4813,61.308,2.21118,1,1,1.69344,1.76583,0.0338478,1.30835,1.69344,8.39061e+06,3.69306e+06,1.4209e+07,0,0,0,0
122.105,122.105,3.18898,0.05,0,2.90877,2.97369,0,0.532507,4.89888,4.03744e+06,2.76295e+06,1.1744e+07,0,0,0,0,61.1912,61.308,2.18629,1,1,1.69344,1.80955,0.0766077,1.30835,1.69344,8.39061e+06,3.69306e+06,1.4209e+07,0,0,0,0
122.105,122.105,3.04533,0.05,0,2.90968,2.97462,0,0.545104,4.89888,4.03744e+06,2.76295e+06,1.17477e+07,0,0,0,0,60.8842,61.308,2.19104,1,1,1.69344,1.81011,0.0771607,1.30835,1.69344,8.39061e+06,3.69306e+06,1.4209e+07,0,0,0,0
121.87,122.105,2.71698,0.05,0,2.91059,2.97554,0,0.545275,4.89888,4.03744e+06,2.76295e+06,1.17513e+07,0,0,0,0,60.5389,61.308,1.9939,1,1,1.69344,1.81068,0.0777137,1.30835,1.69344,8.39061e+06,3.69306e+06,1.4209e+07,0,0,0,0
121.422,122.105,2.48851,0.09,0,2.9115,2.97647,0,0.545445,4.89888,4.03744e+06,2.76295e+06,1.1755e+07,0,0,0,0,60.1545,61.308,1.94688,1,1,1.69344,1.81124,0.0782669,1.30835,1.69344,8.39061e+06,3.69306e+06,1.4209e+07,0,0,0,0
120.247,122.105,1.89014,0.09,0,3.10692,3.17625,0,0.545615,4.89888,4.03744e+06,2.76295e+06,1.2544e+07,0,0,0,0,59.5408,61.308,1.78269,1,1,1.69344,1.9678,0.231404,1.30835,1.69344,8.39061e+06,3.69306e+06,1.4209e+07,0,0,0,0
118.719,122.105,1.51426,0.09,0,3.10789,3.17724,0,0.582236,4.89888,4.03744e+06,2.76295e+06,1.25479e+07,0,0,0,0,59.0577,61.308,1.47861,1,1,1.69344,1.96841,0.232005,1.30835,1.69344,8.39061e+06,3.69306e+06,1.4209e+07,0,0,0,0
117.803,122.105,2.16884,0.08,0,3.10886,3.17824,0,0.582418,4.89888,4.03744e+06,2.76295e+06,1.25518e+07,0,0,0,0,58.6613,61.308,1.76779,1,1,1.69344,1.96903,0.232606,1.30835,1.69344,8.39061e+06,3.69306e+06,1.4209e+07,0,0,0,0
117.628,122.105,2.96902,0.09,0,3.10983,3.17923,0,0.5826,4.89888,4.03744e+06,2.76295e+06,1.25557e+07,0,0,0,0,58.4221,61.308,1.97461,1,1,1.69344,1.96964,0.233208,1.30835,1.69344,8.39061e+06,3.69306e+06,1.4209e+07,0,0,0,0
117.405,122.105,2.89657,0.09,0,3.1108,3.18022,0,0.582782,4.89888,4.03744e+06,2.76295e+06,1.25597e+07,0,0,0,0,58.2151,61.308,2.33324,1,1,1.69344,1.97026,0.233809,1.30835,1.69344,8.39061e+06,3.69306e+06,1.4209e+07,0,0,0,0
117.054,122.105,2.70471,0.09,0,3.01683,3.08415,0,0.582964,4.89888,4.03744e+06,2.76295e+06,1.21802e+07,0,0,0,0,57.8074,61.308,1.84409,1,1,1.69344,1.87604,0.141653,1.30835,1.69344,8.39061e+06,3.69306e+06,1.4209e+07,0,0,0,0
116.635,122.105,2.72761,0.09,0,3.01777,3.08511,0,0.565353,4.89888,4.03744e+06,2.76295e+06,1.2184e+07,0,0,0,0,57.4872,61.308,1.78509,1,1,1.69344,1.87663,0.142226,1.30835,1.69344,8.39061e+06,3.69306e+06,1.4209e+07,0,0,0,0
116.413,122.105,3.05567,0.1,0,3.01871,3.08608,0,0.56553,4.89888,4.03744e+06,2.76295e+06,1.21878e+07,0,0,0,0,57.5336,61.308,2.92738,1,1,1.69344,1.87722,0.142798,1.30835,1.69344,8.39061e+06,3.69306e+06,1.4209e+07,0,0,0,0
116.111,122.105,2.938,0.1,0,3.01965,3.08704,0,0.565706,4.89888,4.03744e+06,2.76295e+06,1.21917e+07,0,0,0,0,57.5811,61.308,2.93422,1,1,1.69344,1.8778,0.143371,1.30835,1.69344,8.39061e+06,3.69306e+06,1.4209e+07,0,0,0,0
115.142,122.105,2.12902,0.11,0,2.94256,3.00823,0,0.565883,4.89888,4.03744e+06,2.76295e+06,1.18804e+07,0,0,0,0,57.0884,61.308,1.91653,1,1,1.69344,1.79196,0.0594064,1.30835,1.69344,8.39061e+06,3.69306e+06,1.4209e+07,0,0,0,0
113.954,122.105,1.98067,0.11,0,2.94348,3.00917,0,0.551437,4.89888,4.03744e+06,2.76295e+06,1.18841e+07,0,0,0,0,56.5581,61.308,1.44792,1,1,1.69344,1.79252,0.0599532,1.30835,1.69344,8.39061e+06,3.69306e+06,1.4209e+07,0,0,0,0
112.538,122.105,1.7633,0.12,0,2.9444,3.01011,0,0.551609,4.89888,4.03744e+06,2.76295e+06,1.18878e+07,0,0,0,0,56.1479,61.308,1.73099,1,1,1.69344,1.79308,0.0605001,1.30835,1.69344,8.39061e+06,3.69306e+06,1.4209e+07,0,0,0,0
113.919,122.105,5.21101,0.12,0,2.94532,3.01105,0,0.551781,4.89888,4.03744e+06,2.76295e+06,1.18915e+07,0,0,0,0,56.7884,61.308,5.53691,1,1,1.69344,1.79364,0.061047,1.30835,1.69344,8.39061e+06,3.69306e+06,1.4209e+07,0,0,0,0
115.231,122.105,4.73714,0.12,0,2.72435,2.78515,0,0.551953,4.89888,4.03744e+06,2.76295e+06,1.09994e+07,0,0,0,0,57.3037,61.308,3.22959,1,1,1.57875,1.61398,0,1.30835,1.69344,8.39061e+06,3.69306e+06,1.32467e+07,0,0,0,0
117.345,122.105,5.38628,0.11,0,2.7252,2.78602,0,0.510543,4.89888,4.03744e+06,2.76295e+06,1.10028e+07,0,0,0,0,57.4557,61.308,3.0281,1,1,1.57924,1.61448,0,1.21974,1.69344,8.39061e+06,3.69306e+06,1.32508e+07,0,0,0,0
119.905,122.105,5.88629,0.11,0,2.72605,2.78688,0,0.510703,4.89888,4.03744e+06,2.76295e+06,1.10063e+07,0,0,0,0,57.6762,61.308,2.85741,1,1,1.57973,1.61498,0,1.22012,1.69344,8.39061e+06,3.69306e+06,1.32549e+07,0,0,0,0
120.797,122.105,4.17804,0.12,0,2.7269,2.78775,0,0.510862,4.89888,4.03744e+06,2.76295e+06,1.10097e+07,0,0,0,0,57.4139,61.308,3.26718,1,1,1.58022,1.61549,0,1.2205,1.69344,8.39061e+06,3.69306e+06,1.3259e+07,0,0,0,0
120.518,122.105,2.81965,0.13,0,2.72775,2.78862,0,0.511021,4.89888,4.03744e+06,2.76295e+06,1.10131e+07,0,0,0,0,57.0341,61.308,1.61613,1,1,1.58072,1.61599,0,1.22088,1.69344,8.39061e+06,3.69306e+06,1.32632e+07,0,0,0,0
122.105,122.105,7.99911,0.12,0,2.81406,2.87685,0,0.51118,4.89888,4.03744e+06,2.76295e+06,1.13616e+07,0,0,0,0,57.8285,61.308,4.3783,1,1,1.63232,1.66875,0,1.22126,1.69344,8.39061e+06,3.69306e+06,1.36962e+07,0,0,0,0
122.105,122.105,6.08712,0.09,0,2.8149,2.87771,0,0.527354,4.89888,4.03744e+06,2.76295e+06,1.1365e+07,0,0,0,0,58.5844,61.308,4.03046,1,1,1.63281,1.66925,0,1.26113,1.69344,8.39061e+06,3.69306e+06,1.37003e+07,0,0,0,0
122.105,122.105,6.74408,0.09,0,2.81574,2.87857,0,0.527512,4.89888,4.03744e+06,2.76295e+06,1.13684e+07,0,0,0,0,59.5984,61.308,4.75095,1,1,1.6333,1.66975,0,1.26151,1.69344,8.39061e+06,3.69306e+06,1.37044e+07,0,0,0,0
122.105,122.105,9.17117,0.1,0,2.81658,2.87943,0,0.527669,4.89888,4.03744e+06,2.76295e+06,1.13718e+07,0,0,0,0,60.7855,61.308,5.07038,1,1,1.63379,1.67024,0,1.26189,1.69344,8.39061e+06,3.69306e+06,1.37085e+07,0,0,0,0
122.105,122.105,8.92902,0.1,0,3.09223,3.16123,0,0.527827,4.89888,4.03744e+06,2.76295e+06,1.24847e+07,0,0,0,0,61.6206,61.308,4.51118,1,1,1.69344,1.86719,0.132989,1.26226,1.69344,8.39061e+06,3.69306e+06,1.4209e+07,0,0,0,0
122.105,122.105,6.35502,0.09,0,3.09315,3.16218,0,0.579483,4.89888,4.03744e+06,2.76295e+06,1.24884e+07,0,0,0,0,62.1035,61.308,3.60564,1,1,1.69344,1.86775,0.133535,1.30835,1.69344,8.39061e+06,3.69306e+06,1.4209e+07,0,0,0,0
122.105,122.105,7.3878,0.11,0,3.09407,3.16312,0,0.579656,4.89888,4.03744e+06,2.76295e+06,1.24921e+07,0,0,0,0,62.3362,61.308,3.6755,1,1,1.69344,1.8683,0.134081,1.30835,1.69344,8.39061e+06,3.69306e+06,1.4209e+07,0,0,0,0
122.105,122.105,7.66162,0.11,0,3.095,3.16407,0,0.579829,4.89888,4.03744e+06,2.76295e+06,1.24959e+07,0,0,0,0,62.3362,61.308,3.99046,1,1,1.69344,1.86886,0.134627,1.30835,1.69344,8.39061e+06,3.69306e+06,1.4209e+07,0,0,0,0
122.105,122.105,8.76592,0.1,0,2.70349,2.76382,0,0.580003,4.89888,4.03744e+06,2.76295e+06,1.09152e+07,0,0,0,0,62.3362,61.308,6.16652,1,1,1.57043,1.60547,0,1.30835,1.69344,8.39061e+06,3.69306e+06,1.31769e+07,0,0,0,0
122.105,122.105,8.76918,0.11,0,2.7043,2.76465,0,0.506635,4.89888,4.03744e+06,2.76295e+06,1.09184e+07,0,0,0,0,62.3362,61.308,6.44294,1,1,1.5709,1.60595,0,1.21331,1.69344,8.39061e+06,3.69306e+06,1.31808e+07,0,0,0,0
122.105,122.105,7.01759,0.12,0,2.70511,2.76548,0,0.506786,4.89888,4.03744e+06,2.76295e+06,1.09217e+07,0,0,0,0,62.3362,61.308,4.5867,1,1,1.57137,1.60643,0,1.21368,1.69344,8.39061e+06,3.69306e+06,1.31847e+07,0,0,0,0
122.105,122.105,5.00275,0.13,0,2.70592,2.7663,0,0.506937,4.89888,4.03744e+06,2.76295e+06,1.0925e+07,0,0,0,0,62.3362,61.308,3.56987,1,1,1.57184,1.60691,0,1.21404,1.69344,8.39061e+06,3.69306e+06,1.31887e+07,0,0,0,0
122.105,122.105,6.4684,0.14,0,2.70672,2.76713,0,0.507089,4.89888,4.03744e+06,2.76295e+06,1.09282e+07,0,0,0,0,62.3362,61.308,4.24023,1,1,1.57231,1.60739,0,1.2144,1.69344,8.39061e+06,3.69306e+06,1.31926e+07,0,0,0,0
122.105,122.105,5.94025,0.12,0,2.80646,2.86909,0,0.50724,4.89888,4.03744e+06,2.76295e+06,1.13309e+07,0,0,0,0,62.3362,61.308,3.72475,1,1,1.63603,1.67254,0,1.21476,1.69344,8.39061e+06,3.69306e+06,1.37273e+07,0,0,0,0
122.105,122.105,4.20232,0.13,0,2.8073,2.86994,0,0.525931,4.89888,4.03744e+06,2.76295e+06,1.13343e+07,0,0,0,0,62.3362,61.308,2.97262,1,1,1.63652,1.67304,0,1.264,1.69344,8.39061e+06,3.69306e+06,1.37314e+07,0,0,0,0
122.105,122.105,4.36064,0.14,0,2.80814,2.8708,0,0.526088,4.89888,4.03744e+06,2.76295e+06,1.13377e+07,0,0,0,0,62.3362,61.308,2.95321,1,1,1.63701,1.67354,0,1.26437,1.69344,8.39061e+06,3.69306e+06,1.37355e+07,0,0,0,0
122.105,122.105,3.69457,0.13,0,2.80897,2.87166,0,0.526245,4.89888,4.03744e+06,2.76295e+06,1.1341e+07,0,0,0,0,62.3362,61.308,2.61845,1,1,1.6375,1.67404,0,1.26475,1.69344,8.39061e+06,3.69306e+06,1.37396e+07,0,0,0,0
122.105,122.105,4.094,0.13,0,2.77109,2.83292,0,0.526402,4.89888,4.03744e+06,2.76295e+06,1.11881e+07,0,0,0,0,62.3362,61.308,3.2553,1,1,1.61339,1.64939,0,1.26513,1.69344,8.39061e+06,3.69306e+06,1.35373e+07,0,0,0,0
122.105,122.105,3.82594,0.13,0,2.77191,2.83377,0,0.519301,4.89888,4.03744e+06,2.76295e+06,1.11914e+07,0,0,0,0,62.3362,61.308,3.20944,1,1,1.61387,1.64988,0,1.2465,1.69344,8.39061e+06,3.69306e+06,1.35413e+07,0,0,0,0
122.105,122.105,3.48923,0.11,0,2.77274,2.83461,0,0.519456,4.89888,4.03744e+06,2.76295e+06,1.11948e+07,0,0,0,0,62.3362,61.308,2.85439,1,1,1.61435,1.65038,0,1.24687,1.69344,8.39061e+06,3.69306e+06,1.35454e+07,0,0,0,0
122.105,122.105,3.45971,0.11,0,2.77357,2.83546,0,0.519611,4.89888,4.03744e+06,2.76295e+06,1.11981e+07,0,0,0,0,62.3362,61.308,3.1139,1,1,1.61483,1.65087,0,1.24725,1.69344,8.39061e+06,3.69306e+06,1.35494e+07,0,0,0,0
122.105,122.105,3.19811,0.11,0,2.906,2.97085,0,0.519766,4.89888,4.03744e+06,2.76295e+06,1.17328e+07,0,0,0,0,62.3279,61.308,2.84683,1,1,1.69344,1.74064,0.00920531,1.24762,1.69344,8.39061e+06,3.69306e+06,1.4209e+07,0,0,0,0
122.105,122.105,3.27129,0.11,0,2.90687,2.97174,0,0.544585,4.89888,4.03744e+06,2.76295e+06,1.17363e+07,0,0,0,0,62.3167,61.308,2.88907,1,1,1.69344,1.74116,0.00971301,1.30835,1.69344,8.39061e+06,3.69306e+06,1.4209e+07,0,0,0,0
122.039,122.105,3.0065,0.11,0,2.90774,2.97262,0,0.544747,4.89888,4.03744e+06,2.76295e+06,1.17398e+07,0,0,0,0,62.2297,61.308,2.61635,1,1,1.69344,1.74168,0.0102208,1.30835,1.69344,8.39061e+06,3.69306e+06,1.4209e+07,0,0,0,0
121.834,122.105,2.79493,0.12,0,2.9086,2.97351,0,0.54491,4.89888,4.03744e+06,2.76295e+06,1.17433e+07,0,0,0,0,62.0798,61.308,2.5193,1,1,1.69344,1.7422,0.0107288,1.30835,1.69344,8.39061e+06,3.69306e+06,1.4209e+07,0,0,0,0
121.497,122.105,2.65777,0.11,0,2.90947,2.9744,0,0.545072,4.89888,4.03744e+06,2.76295e+06,1.17468e+07,0,0,0,0,61.8905,61.308,2.36349,1,1,1.69344,1.74272,0.0112368,1.30835,1.69344,8.39061e+06,3.69306e+06,1.4209e+07,0,0,0,0
120.999,122.105,2.39873,0.12,0,2.88427,2.94864,0,0.545235,4.89888,4.03744e+06,2.76295e+06,1.16451e+07,0,0,0,0,61.6947,61.308,2.54063,1,1,1.69344,1.79238,0.0598158,1.30835,1.69344,8.39061e+06,3.69306e+06,1.4209e+07,0,0,0,0
120.393,122.105,2.30252,0.12,0,2.88513,2.94951,0,0.540512,4.89888,4.03744e+06,2.76295e+06,1.16485e+07,0,0,0,0,61.4601,61.308,2.36653,1,1,1.69344,1.79292,0.0603383,1.30835,1.69344,8.39061e+06,3.69306e+06,1.4209e+07,0,0,0,0
119.614,122.105,2.11753,0.11,0,2.88599,2.95039,0,0.540673,4.89888,4.03744e+06,2.76295e+06,1.1652e+07,0,0,0,0,61.2149,61.308,2.38039,1,1,1.69344,1.79345,0.060861,1.30835,1.69344,8.39061e+06,3.69306e+06,1.4209e+07,0,0,0,0
118.665,122.105,1.92309,0.1,0,2.88685,2.95127,0,0.540835,4.89888,4.03744e+06,2.76295e+06,1.16555e+07,0,0,0,0,60.9211,61.308,2.11918,1,1,1.69344,1.79398,0.0613837,1.30835,1.69344,8.39061e+06,3.69306e+06,1.4209e+07,0,0,0,0
117.691,122.105,1.91548,0.1,0,2.9551,3.02105,0,0.540996,4.89888,4.03744e+06,2.76295e+06,1.1931e+07,0,0,0,0,60.5658,61.308,1.94171,1,1,1.69344,1.83837,0.104799,1.30835,1.69344,8.39061e+06,3.69306e+06,1.4209e+07,0,0,0,0
117.055,122.105,2.31837,0.1,0,2.95598,3.02195,0,0.553786,4.89888,4.03744e+06,2.76295e+06,1.19346e+07,0,0,0,0,60.4432,61.308,2.47613,1,1,1.69344,1.83892,0.105335,1.30835,1.69344,8.39061e+06,3.69306e+06,1.4209e+07,0,0,0,0
116.249,122.105,2.10228,0.1,0,2.95686,3.02285,0,0.553951,4.89888,4.03744e+06,2.76295e+06,1.19381e+07,0,0,0,0,60.1674,61.308,2.3571,1,1,1.69344,1.83946,0.105871,1.30835,1.69344,8.39061e+06,3.69306e+06,1.4209e+07,0,0,0,0
115.286,122.105,1.90986,0.1,0,2.95774,3.02375,0,0.554116,4.89888,4.03744e+06,2.76295e+06,1.19417e+07,0,0,0,0,59.8425,61.308,2.05274,1,1,1.69344,1.84001,0.106407,1.30835,1.69344,8.39061e+06,3.69306e+06,1.4209e+07,0,0,0,0
114.305,122.105,2.10867,0.1,0,3.15622,3.22665,0,0.554281,4.89888,4.03744e+06,2.76295e+06,1.2743e+07,0,0,0,0,59.6064,61.308,2.43774,1,1,1.69344,1.99902,0.261948,1.30835,1.69344,8.39061e+06,3.69306e+06,1.4209e+07,0,0,0,0
113.675,122.105,2.42163,0.1,0,3.15716,3.22761,0,0.591476,4.89888,4.03744e+06,2.76295e+06,1.27468e+07,0,0,0,0,59.2666,61.308,2.27537,1,1,1.69344,1.99962,0.262531,1.30835,1.69344,8.39061e+06,3.69306e+06,1.4209e+07,0,0,0,0
112.62,122.105,1.95494,0.15,0,3.1581,3.22858,0,0.591652,4.89888,4.03744e+06,2.76295e+06,1.27506e+07,0,0,0,0,58.85,61.308,1.70855,1,1,1.69344,2.00022,0.263113,1.30835,1.69344,8.39061e+06,3.69306e+06,1.4209e+07,0,0,0,0
111.924,122.105,2.3813,0.15,0,3.15904,3.22954,0,0.591828,4.89888,4.03744e+06,2.76295e+06,1.27544e+07,0,0,0,0,58.7974,61.308,2.80272,1,1,1.69344,2.00081,0.263695,1.30835,1.69344,8.39061e+06,3.69306e+06,1.4209e+07,0,0,0,0
110.841,122.105,1.98116,0.15,0,3.15998,3.2305,0,0.592004,4.89888,4.03744e+06,2.76295e+06,1.27582e+07,0,0,0,0,58.4913,61.308,2.01589,1,1,1.69344,2.00141,0.264278,1.30835,1.69344,8.39061e+06,3.69306e+06,1.4209e+07,0,0,0,0
110.363,122.105,2.68451,0.14,0,3.06448,3.13286,0,0.59218,4.89888,4.03744e+06,2.76295e+06,1.23726e+07,0,0,0,0,58.6479,61.308,2.94202,1,1,1.69344,1.90568,0.170638,1.30835,1.69344,8.39061e+06,3.69306e+06,1.4209e+07,0,0,0,0
110.364,122.105,3.0878,0.14,0,3.06539,3.1338,0,0.574283,4.89888,4.03744e+06,2.76295e+06,1.23763e+07,0,0,0,0,58.9193,61.308,3.13836,1,1,1.69344,1.90624,0.171193,1.30835,1.69344,8.39061e+06,3.69306e+06,1.4209e+07,0,0,0,0
111.758,122.105,4.93409,0.13,0,3.0663,3.13473,0,0.574454,4.89888,4.03744e+06,2.76295e+06,1.238e+07,0,0,0,0,60.0413,61.308,5.40369,1,1,1.69344,1.90681,0.171748,1.30835,1.69344,8.39061e+06,3.69306e+06,1.4209e+07,0,0,0,0
112.475,122.105,4.14053,0.13,0,3.06721,3.13566,0,0.574625,4.89888,4.03744e+06,2.76295e+06,1.23837e+07,0,0,0,0,60.7324,61.308,4.27773,1,1,1.69344,1.90738,0.172303,1.30835,1.69344,8.39061e+06,3.69306e+06,1.4209e+07,0,0,0,0
113.002,122.105,3.78851,0.13,0,2.98887,3.05557,0,0.574796,4.89888,4.03744e+06,2.76295e+06,1.20674e+07,0,0,0,0,60.9952,61.308,3.10757,1,1,1.69344,1.82016,0.0869898,1.30835,1.69344,8.39061e+06,3.69306e+06,1.4209e+07,0,0,0,0
115.566,122.105,6.03905,0.12,0,2.98976,3.05648,0,0.560114,4.89888,4.03744e+06,2.76295e+06,1.2071e+07,0,0,0,0,61.6022,61.308,3.56363,1,1,1.69344,1.8207,0.0875195,1.30835,1.69344,8.39061e+06,3.69306e+06,1.4209e+07,0,0,0,0
117.785,122.105,5.87906,0.12,0,2.99065,3.05739,0,0.560281,4.89888,4.03744e+06,2.76295e+06,1.20745e+07,0,0,0,0,61.837,61.308,3.00587,1,1,1.69344,1.82124,0.0880493,1.30835,1.69344,8.39061e+06,3.69306e+06,1.4209e+07,0,0,0,0
119.763,122.105,5.78737,0.12,0,2.99154,3.0583,0,0.560447,4.89888,4.03744e+06,2.76295e+06,1.20781e+07,0,0,0,0,62.3362,61.308,4.30014,1,1,1.69344,1.82179,0.0885792,1.30835,1.69344,8.39061e+06,3.69306e+06,1.4209e+07,0,0,0,0
121.738,122.105,5.63297,0.12,0,2.76706,2.82881,0,0.560614,4.89888,4.03744e+06,2.76295e+06,1.11718e+07,0,0,0,0,62.3362,61.308,3.91672,1,1,1.6035,1.63928,0,1.30835,1.69344,8.39061e+06,3.69306e+06,1.34543e+07,0,0,0,0
122.105,122.105,6.31101,0.12,0,2.76789,2.82965,0,0.518548,4.89888,4.03744e+06,2.76295e+06,1.11752e+07,0,0,0,0,62.3362,61.308,4.03027,1,1,1.60397,1.63977,0,1.23886,1.69344,8.39061e+06,3.69306e+06,1.34583e+07,0,0,0,0
122.105,122.105,4.15279,0.09,0,2.76871,2.8305,0,0.518702,4.89888,4.03744e+06,2.76295e+06,1.11785e+07,0,0,0,0,62.3362,61.308,2.46477,1,1,1.60445,1.64026,0,1.23923,1.69344,8.39061e+06,3.69306e+06,1.34623e+07,0,0,0,0
122.105,122.105,5.20146,0.09,0,2.76953,2.83134,0,0.518856,4.89888,4.03744e+06,2.76295e+06,1.11818e+07,0,0,0,0,62.3362,61.308,3.03109,1,1,1.60493,1.64074,0,1.2396,1.69344,8.39061e+06,3.69306e+06,1.34663e+07,0,0,0,0
122.105,122.105,5.44226,0.09,0,2.77036,2.83218,0,0.51901,4.89888,4.03744e+06,2.76295e+06,1.11851e+07,0,0,0,0,62.3362,61.308,3.11505,1,1,1.60541,1.64123,0,1.23997,1.69344,8.39061e+06,3.69306e+06,1.34703e+07,0,0,0,0
122.105,122.105,6.57601,0.11,0,2.85797,2.92175,0,0.519165,4.89888,4.03744e+06,2.76295e+06,1.15389e+07,0,0,0,0,62.3362,61.308,4.02118,1,1,1.65779,1.69479,0,1.24034,1.69344,8.39061e+06,3.69306e+06,1.39099e+07,0,0,0,0
122.105,122.105,6.39039,0.1,0,2.85878,2.92258,0,0.535583,4.89888,4.03744e+06,2.76295e+06,1.15422e+07,0,0,0,0,62.3362,61.308,4.33027,1,1,1.65827,1.69527,0,1.28081,1.69344,8.39061e+06,3.69306e+06,1.39139e+07,0,0,0,0
122.105,122.105,7.18599,0.11,0,2.8596,2.92341,0,0.535736,4.89888,4.03744e+06,2.76295e+06,1.15454e+07,0,0,0,0,62.3362,61.308,5.30487,1,1,1.65874,1.69575,0,1.28118,1.69344,8.39061e+06,3.69306e+06,1.39178e+07,0,0,0,0
122.105,122.105,9.80541,0.11,0,2.86041,2.92424,0,0.535888,4.89888,4.03744e+06,2.76295e+06,1.15487e+07,0,0,0,0,62.3362,61.308,4.81347,1,1,1.65921,1.69624,0,1.28154,1.69344,8.39061e+06,3.69306e+06,1.39218e+07,0,0,0,0
122.105,122.105,11.5897,0.11,0,3.1403,3.21038,0,0.536041,4.89888,4.03744e+06,2.76295e+06,1.26788e+07,0,0,0,0,62.3362,61.308,7.35644,1,1,1.69344,1.89622,0.161386,1.28191,1.69344,8.39061e+06,3.69306e+06,1.4209e+07,0,0,0,0
122.105,122.105,13.1081,0.11,0,3.1412,3.21129,0,0.588493,4.89888,4.03744e+06,2.76295e+06,1.26824e+07,0,0,0,0,62.3362,61.308,8.56945,1,1,1.69344,1.89676,0.161914,1.30835,1.69344,8.39061e+06,3.69306e+06,1.4209e+07,0,0,0,0
122.105,122.105,12.3189,0.12,0,3.14209,3.21221,0,0.58866,4.89888,4.03744e+06,2.76295e+06,1.2686e+07,0,0,0,0,62.3362,61.308,7.85751,1,1,1.69344,1.8973,0.162442,1.30835,1.69344,8.39061e+06,3.69306e+06,1.4209e+07,0,0,0,0
122.105,122.105,6.75328,0.18,0,3.14298,3.21312,0,0.588828,4.89888,4.03744e+06,2.76295e+06,1.26896e+07,0,0,0,0,62.3362,61.308,4.60768,1,1,1.69344,1.89784,0.16297,1.30835,1.69344,8.39061e+06,3.69306e+06,1.4209e+07,0,0,0,0
122.105,122.105,6.26329,0.18,0,2.74537,2.80664,0,0.588995,4.89888,4.03744e+06,2.76295e+06,1.10843e+07,0,0,0,0,62.3362,61.308,5.58898,1,1,1.59476,1.63034,0,1.30835,1.69344,8.39061e+06,3.69306e+06,1.3381e+07,0,0,0,0
122.105,122.105,8.03764,0.18,0,2.74615,2.80744,0,0.514483,4.89888,4.03744e+06,2.76295e+06,1.10874e+07,0,0,0,0,62.3362,61.308,7.16742,1,1,1.59521,1.63081,0,1.23211,1.69344,8.39061e+06,3.69306e+06,1.33848e+07,0,0,0,0
122.105,122.105,6.50507,0.19,0,2.74693,2.80823,0,0.514629,4.89888,4.03744e+06,2.76295e+06,1.10906e+07,0,0,0,0,62.3362,61.308,6.52203,1,1,1.59566,1.63127,0,1.23246,1.69344,8.39061e+06,3.69306e+06,1.33886e+07,0,0,0,0
122.105,122.105,5.76434,0.19,0,2.74772,2.80903,0,0.514776,4.89888,4.03744e+06,2.76295e+06,1.10937e+07,0,0,0,0,62.3362,61.308,6.2303,1,1,1.59612,1.63174,0,1.23281,1.69344,8.39061e+06,3.69306e+06,1.33924e+07,0,0,0,0
122.105,122.105,7.43259,0.19,0,2.7485,2.80983,0,0.514922,4.89888,4.03744e+06,2.76295e+06,1.10969e+07,0,0,0,0,62.3362,61.308,6.91428,1,1,1.59657,1.6322,0,1.23316,1.69344,8.39061e+06,3.69306e+06,1.33962e+07,0,0,0,0
122.105,122.105,8.92205,0.19,0,2.84973,2.91333,0,0.515069,4.89888,4.03744e+06,2.76295e+06,1.15056e+07,0,0,0,0,62.3362,61.308,11.7376,1,1,1.66126,1.69833,0,1.23351,1.69344,8.39061e+06,3.69306e+06,1.3939e+07,0,0,0,0
122.105,122.105,9.71329,0.19,0,2.85054,2.91416,0,0.53404,4.89888,4.03744e+06,2.76295e+06,1.15089e+07,0,0,0,0,62.3362,61.308,9.014,1,1,1.66173,1.69881,0,1.28349,1.69344,8.39061e+06,3.69306e+06,1.39429e+07,0,0,0,0
122.105,122.105,7.68142,0.19,0,2.85135,2.91498,0,0.534192,4.89888,4.03744e+06,2.76295e+06,1.15122e+07,0,0,0,0,62.3362,61.308,7.22307,1,1,1.6622,1.69929,0,1.28385,1.69344,8.39061e+06,3.69306e+06,1.39469e+07,0,0,0,0
122.105,122.105,6.84315,0.19,0,2.85216,2.91581,0,0.534344,4.89888,4.03744e+06,2.76295e+06,1.15154e+07,0,0,0,0,62.3362,61.308,6.53445,1,1,1.66267,1.69978,0,1.28422,1.69344,8.39061e+06,3.69306e+06,1.39509e+07,0,0,0,0
122.105,122.105,6.05067,0.15,0,2.81365,2.87644,0,0.534496,4.89888,4.03744e+06,2.76295e+06,1.13599e+07,0,0,0,0,62.3362,61.308,5.97106,1,1,1.63817,1.67473,0,1.28458,1.69344,8.39061e+06,3.69306e+06,1.37453e+07,0,0,0,0
122.105,122.105,5.25813,0.15,0,2.81445,2.87726,0,0.527279,4.89888,4.03744e+06,2.76295e+06,1.13632e+07,0,0,0,0,62.3362,61.308,5.92951,1,1,1.63864,1.6752,0,1.26565,1.69344,8.39061e+06,3.69306e+06,1.37492e+07,0,0,0,0
122.105,122.105,4.81352,0.15,0,2.81525,2.87808,0,0.527429,4.89888,4.03744e+06,2.76295e+06,1.13664e+07,0,0,0,0,62.3362,61.308,5.7366,1,1,1.6391,1.67568,0,1.26601,1.69344,8.39061e+06,3.69306e+06,1.37531e+07,0,0,0,0
122.105,122.105,5.53393,0.13,0,2.81605,2.8789,0,0.527579,4.89888,4.03744e+06,2.76295e+06,1.13696e+07,0,0,0,0,62.3362,61.308,5.15124,1,1,1.63957,1.67616,0,1.26637,1.69344,8.39061e+06,3.69306e+06,1.3757e+07,0,0,0,0
122.105,122.105,4.62808,0.12,0,2.95048,3.01632,0,0.527728,4.89888,4.03744e+06,2.76295e+06,1.19124e+07,0,0,0,0,62.3362,61.308,5.10662,1,1,1.69344,1.76728,0.0352638,1.26673,1.69344,8.39061e+06,3.69306e+06,1.4209e+07,0,0,0,0
122.105,122.105,3.99764,0.11,0,2.95132,3.01718,0,0.552919,4.89888,4.03744e+06,2.76295e+06,1.19157e+07,0,0,0,0,62.3362,61.308,3.74798,1,1,1.69344,1.76778,0.035755,1.30835,1.69344,8.39061e+06,3.69306e+06,1.4209e+07,0,0,0,0
122.105,122.105,3.82354,0.11,0,2.95215,3.01803,0,0.553077,4.89888,4.03744e+06,2.76295e+06,1.19191e+07,0,0,0,0,62.3362,61.308,3.60132,1,1,1.69344,1.76829,0.0362464,1.30835,1.69344,8.39061e+06,3.69306e+06,1.4209e+07,0,0,0,0
122.105,122.105,3.65701,0.11,0,2.95299,3.01889,0,0.553234,4.89888,4.03744e+06,2.76295e+06,1.19225e+07,0,0,0,0,62.3362,61.308,3.92936,1,1,1.69344,1.76879,0.0367378,1.30835,1.69344,8.39061e+06,3.69306e+06,1.4209e+07,0,0,0,0
122.048,122.105,3.36795,0.1,0,2.95383,3.01975,0,0.553391,4.89888,4.03744e+06,2.76295e+06,1.19259e+07,0,0,0,0,62.3362,61.308,3.72116,1,1,1.69344,1.76929,0.0372293,1.30835,1.69344,8.39061e+06,3.69306e+06,1.4209e+07,0,0,0,0
121.425,122.105,2.56906,0.13,0,2.92821,2.99355,0,0.553548,4.89888,4.03744e+06,2.76295e+06,1.18225e+07,0,0,0,0,62.1865,61.308,2.63614,1,1,1.69344,1.81969,0.086524,1.30835,1.69344,8.39061e+06,3.69306e+06,1.4209e+07,0,0,0,0
120.584,122.105,2.29994,0.12,0,2.92904,2.9944,0,0.548746,4.89888,4.03744e+06,2.76295e+06,1.18258e+07,0,0,0,0,61.9852,61.308,2.47046,1,1,1.69344,1.8202,0.0870295,1.30835,1.69344,8.39061e+06,3.69306e+06,1.4209e+07,0,0,0,0
119.596,122.105,2.12081,0.13,0,2.92987,2.99525,0,0.548902,4.89888,4.03744e+06,2.76295e+06,1.18292e+07,0,0,0,0,61.7386,61.308,2.16781,1,1,1.69344,1.82072,0.0875351,1.30835,1.69344,8.39061e+06,3.69306e+06,1.4209e+07,0,0,0,0
118.502,122.105,1.95977,0.12,0,2.9307,2.9961,0,0.549058,4.89888,4.03744e+06,2.76295e+06,1.18325e+07,0,0,0,0,61.3518,61.308,2.13446,1,1,1.69344,1.82124,0.0880408,1.30835,1.69344,8.39061e+06,3.69306e+06,1.4209e+07,0,0,0,0
117.178,122.105,1.6892,0.12,0,2.99995,3.0669,0,0.549214,4.89888,4.03744e+06,2.76295e+06,1.21121e+07,0,0,0,0,60.7479,61.308,1.72094,1,1,1.69344,1.86627,0.13209,1.30835,1.69344,8.39061e+06,3.69306e+06,1.4209e+07,0,0,0,0
115.82,122.105,1.64487,0.12,0,3.0008,3.06777,0,0.562191,4.89888,4.03744e+06,2.76295e+06,1.21156e+07,0,0,0,0,60.267,61.308,1.67592,1,1,1.69344,1.8668,0.132609,1.30835,1.69344,8.39061e+06,3.69306e+06,1.4209e+07,0,0,0,0
114.369,122.105,1.51629,0.13,0,3.00166,3.06864,0,0.562351,4.89888,4.03744e+06,2.76295e+06,1.2119e+07,0,0,0,0,59.5301,61.308,1.6694,1,1,1.69344,1.86733,0.133127,1.30835,1.69344,8.39061e+06,3.69306e+06,1.4209e+07,0,0,0,0
112.829,122.105,1.38168,0.13,0,3.00251,3.06951,0,0.56251,4.89888,4.03744e+06,2.76295e+06,1.21224e+07,0,0,0,0,58.9592,61.308,1.4578,1,1,1.69344,1.86786,0.133645,1.30835,1.69344,8.39061e+06,3.69306e+06,1.4209e+07,0,0,0,0
111.2,122.105,1.51606,0.17,0,3.20394,3.27544,0,0.56267,4.89888,4.03744e+06,2.76295e+06,1.29357e+07,0,0,0,0,58.4,61.308,1.72861,1,1,1.69344,2.02925,0.291513,1.30835,1.69344,8.39061e+06,3.69306e+06,1.4209e+07,0,0,0,0
109.331,122.105,1.21717,0.17,0,3.20485,3.27637,0,0.600418,4.89888,4.03744e+06,2.76295e+06,1.29394e+07,0,0,0,0,57.7446,61.308,1.60463,1,1,1.69344,2.02982,0.292076,1.30835,1.69344,8.39061e+06,3.69306e+06,1.4209e+07,0,0,0,0
107.374,122.105,1.10132,0.17,0,3.20576,3.2773,0,0.600589,4.89888,4.03744e+06,2.76295e+06,1.2943e+07,0,0,0,0,57.0829,61.308,1.4915,1,1,1.69344,2.0304,0.29264,1.30835,1.69344,8.39061e+06,3.69306e+06,1.4209e+07,0,0,0,0
105.527,122.105,1.2127,0.16,0,3.20667,3.27823,0,0.600759,4.89888,4.03744e+06,2.76295e+06,1.29467e+07,0,0,0,0,56.4947,61.308,1.53235,1,1,1.69344,2.03098,0.293203,1.30835,1.69344,8.39061e+06,3.69306e+06,1.4209e+07,0,0,0,0
104.199,122.105,1.80663,0.19,0,3.20758,3.27916,0,0.60093,4.89888,4.03744e+06,2.76295e+06,1.29504e+07,0,0,0,0,55.9949,61.308,1.86674,1,1,1.69344,2.03155,0.293767,1.30835,1.69344,8.39061e+06,3.69306e+06,1.4209e+07,0,0,0,0
102.73,122.105,1.45971,0.19,0,3.11059,3.18001,0,0.6011,4.89888,4.03744e+06,2.76295e+06,1.25588e+07,0,0,0,0,55.4295,61.308,1.97264,1,1,1.69344,1.93435,0.19869,1.30835,1.69344,8.39061e+06,3.69306e+06,1.4209e+07,0,0,0,0
100.652,122.105,0.733961,0.19,0,3.11148,3.18091,0,0.582925,4.89888,4.03744e+06,2.76295e+06,1.25624e+07,0,0,0,0,54.7371,61.308,1.44647,1,1,1.69344,1.9349,0.199227,1.30835,1.69344,8.39061e+06,3.69306e+06,1.4209e+07,0,0,0,0
98.6489,122.105,0.832213,0.19,0,3.11236,3.18181,0,0.583091,4.89888,4.03744e+06,2.76295e+06,1.25659e+07,0,0,0,0,54.1079,61.308,1.4806,1,1,1.69344,1.93545,0.199763,1.30835,1.69344,8.39061e+06,3.69306e+06,1.4209e+07,0,0,0,0
97.6798,122.105,2.33024,0.18,0,3.11324,3.18272,0,0.583256,4.89888,4.03744e+06,2.76295e+06,1.25695e+07,0,0,0,0,53.9298,61.308,2.63781,1,1,1.69344,1.936,0.2003,1.30835,1.69344,8.39061e+06,3.69306e+06,1.4209e+07,0,0,0,0
96.1727,122.105,1.44069,0.21,0,3.03368,3.10138,0,0.583421,4.89888,4.03744e+06,2.76295e+06,1.22483e+07,0,0,0,0,53.3339,61.308,2.07943,1,1,1.69344,1.84745,0.113682,1.30835,1.69344,8.39061e+06,3.69306e+06,1.4209e+07,0,0,0,0
94.4437,122.105,1.17815,0.22,0,3.03454,3.10226,0,0.568511,4.89888,4.03744e+06,2.76295e+06,1.22518e+07,0,0,0,0,52.795,61.308,1.4233,1,1,1.69344,1.84797,0.114194,1.30835,1.69344,8.39061e+06,3.69306e+06,1.4209e+07,0,0,0,0
93.1142,122.105,1.75501,0.21,0,3.0354,3.10314,0,0.568673,4.89888,4.03744e+06,2.76295e+06,1.22552e+07,0,0,0,0,52.4827,61.308,2.27717,1,1,1.69344,1.8485,0.114707,1.30835,1.69344,8.39061e+06,3.69306e+06,1.4209e+07,0,0,0,0
93.0237,122.105,3.30154,0.21,0,3.03626,3.10402,0,0.568834,4.89888,4.03744e+06,2.76295e+06,1.22587e+07,0,0,0,0,52.5941,61.308,2.97994,1,1,1.69344,1.84902,0.115219,1.30835,1.69344,8.39061e+06,3.69306e+06,1.4209e+07,0,0,0,0
93.2007,122.105,3.16104,0.2,0,2.80839,2.87106,0,0.568995,4.89888,4.03744e+06,2.76295e+06,1.13387e+07,0,0,0,0,52.5583,61.308,2.89892,1,1,1.62745,1.66376,0,1.30835,1.69344,8.39061e+06,3.69306e+06,1.36553e+07,0,0,0,0
92.7694,122.105,2.87727,0.2,0,2.80919,2.87188,0,0.526292,4.89888,4.03744e+06,2.76295e+06,1.13419e+07,0,0,0,0,52.6948,61.308,3.67561,1,1,1.62791,1.66424,0,1.25737,1.69344,8.39061e+06,3.69306e+06,1.36591e+07,0,0,0,0
94.17,122.105,4.79864,0.21,0,2.80998,2.87269,0,0.526441,4.89888,4.03744e+06,2.76295e+06,1.13451e+07,0,0,0,0,52.833,61.308,3.94001,1,1,1.62837,1.66471,0,1.25772,1.69344,8.39061e+06,3.69306e+06,1.3663e+07,0,0,0,0
95.4727,122.105,4.95531,0.21,0,2.81078,2.8735,0,0.526591,4.89888,4.03744e+06,2.76295e+06,1.13483e+07,0,0,0,0,53.1414,61.308,4.02502,1,1,1.62883,1.66518,0,1.25808,1.69344,8.39061e+06,3.69306e+06,1.36669e+07,0,0,0,0
95.0174,122.105,2.76285,0.23,0,2.81157,2.87432,0,0.52674,4.89888,4.03744e+06,2.76295e+06,1.13516e+07,0,0,0,0,52.8975,61.308,2.38078,1,1,1.62929,1.66565,0,1.25843,1.69344,8.39061e+06,3.69306e+06,1.36708e+07,0,0,0,0
95.6637,122.105,4.13223,0.25,0,2.90045,2.96518,0,0.526889,4.89888,4.03744e+06,2.76295e+06,1.17104e+07,0,0,0,0,53.442,61.308,4.1175,1,1,1.68244,1.71998,0,1.25879,1.69344,8.39061e+06,3.69306e+06,1.41167e+07,0,0,0,0
97.8372,122.105,5.83795,0.27,0,2.90124,2.96598,0,0.543545,4.89888,4.03744e+06,2.76295e+06,1.17136e+07,0,0,0,0,54.698,61.308,5.9002,1,1,1.68289,1.72045,0,1.29985,1.69344,8.39061e+06,3.69306e+06,1.41205e+07,0,0,0,0
99.9395,122.105,5.89188,0.24,0,2.90203,2.96679,0,0.543693,4.89888,4.03744e+06,2.76295e+06,1.17168e+07,0,0,0,0,56.0381,61.308,5.99404,1,1,1.68335,1.72092,0,1.3002,1.69344,8.39061e+06,3.69306e+06,1.41244e+07,0,0,0,0
101.767,122.105,5.55097,0.25,0,2.90282,2.9676,0,0.54384,4.89888,4.03744e+06,2.76295e+06,1.17199e+07,0,0,0,0,57.4783,61.308,6.45591,1,1,1.68381,1.72138,0,1.30056,1.69344,8.39061e+06,3.69306e+06,1.41282e+07,0,0,0,0
104.829,122.105,7.24083,0.25,0,3.18682,3.25793,0,0.543988,4.89888,4.03744e+06,2.76295e+06,1.28666e+07,0,0,0,0,58.2749,61.308,5.26605,1,1,1.69344,1.92431,0.18886,1.30091,1.69344,8.39061e+06,3.69306e+06,1.4209e+07,0,0,0,0
104.001,122.105,2.46689,0.29,0,3.18768,3.25882,0,0.59721,4.89888,4.03744e+06,2.76295e+06,1.28701e+07,0,0,0,0,58.7775,61.308,3.17671,1,1,1.69344,1.92483,0.189371,1.30835,1.69344,8.39061e+06,3.69306e+06,1.4209e+07,0,0,0,0
104.704,122.105,4.77559,0.3,0,3.18855,3.2597,0,0.597372,4.89888,4.03744e+06,2.76295e+06,1.28736e+07,0,0,0,0,59.9866,61.308,4.47192,1,1,1.69344,1.92535,0.189883,1.30835,1.69344,8.39061e+06,3.69306e+06,1.4209e+07,0,0,0,0
105.239,122.105,4.25318,0.29,0,3.18941,3.26059,0,0.597534,4.89888,4.03744e+06,2.76295e+06,1.28771e+07,0,0,0,0,61.1519,61.308,4.51554,1,1,1.69344,1.92587,0.190394,1.30835,1.69344,8.39061e+06,3.69306e+06,1.4209e+07,0,0,0,0
105.775,122.105,3.90283,0.29,0,2.78589,2.84806,0,0.597696,4.89888,4.03744e+06,2.76295e+06,1.12479e+07,0,0,0,0,61.8911,61.308,3.87178,1,1,1.61829,1.65441,0,1.30835,1.69344,8.39061e+06,3.69306e+06,1.35785e+07,0,0,0,0
107.906,122.105,6.05453,0.31,0,2.78665,2.84883,0,0.522076,4.89888,4.03744e+06,2.76295e+06,1.12509e+07,0,0,0,0,62.3362,61.308,6.76032,1,1,1.61873,1.65486,0,1.25029,1.69344,8.39061e+06,3.69306e+06,1.35822e+07,0,0,0,0
109.721,122.105,5.51144,0.26,0,2.7874,2.84961,0,0.522218,4.89888,4.03744e+06,2.76295e+06,1.1254e+07,0,0,0,0,62.3362,61.308,5.09472,1,1,1.61917,1.6553,0,1.25063,1.69344,8.39061e+06,3.69306e+06,1.35858e+07,0,0,0,0
110.596,122.105,4.41131,0.29,0,2.78816,2.85038,0,0.52236,4.89888,4.03744e+06,2.76295e+06,1.1257e+07,0,0,0,0,62.3362,61.308,3.62432,1,1,1.61961,1.65575,0,1.25097,1.69344,8.39061e+06,3.69306e+06,1.35895e+07,0,0,0,0
110.398,122.105,3.20126,0.31,0,2.78892,2.85115,0,0.522501,4.89888,4.03744e+06,2.76295e+06,1.12601e+07,0,0,0,0,62.3362,61.308,2.81083,1,1,1.62005,1.6562,0,1.25131,1.69344,8.39061e+06,3.69306e+06,1.35932e+07,0,0,0,0
112.433,122.105,5.68387,0.32,0,2.8916,2.95613,0,0.522643,4.89888,4.03744e+06,2.76295e+06,1.16747e+07,0,0,0,0,62.3362,61.308,3.51036,1,1,1.68566,1.72328,0,1.25165,1.69344,8.39061e+06,3.69306e+06,1.41438e+07,0,0,0,0
112.997,122.105,4.34496,0.33,0,2.89239,2.95693,0,0.541886,4.89888,4.03744e+06,2.76295e+06,1.16778e+07,0,0,0,0,62.3362,61.308,3.7508,1,1,1.68612,1.72375,0,1.30234,1.69344,8.39061e+06,3.69306e+06,1.41476e+07,0,0,0,0
113.136,122.105,3.6277,0.36,0,2.89317,2.95774,0,0.542033,4.89888,4.03744e+06,2.76295e+06,1.1681e+07,0,0,0,0,62.3362,61.308,4.15534,1,1,1.68658,1.72422,0,1.3027,1.69344,8.39061e+06,3.69306e+06,1.41514e+07,0,0,0,0
113.067,122.105,3.60632,0.38,0,2.89396,2.95854,0,0.542181,4.89888,4.03744e+06,2.76295e+06,1.16842e+07,0,0,0,0,62.3362,61.308,4.52379,1,1,1.68704,1.72469,0,1.30305,1.69344,8.39061e+06,3.69306e+06,1.41553e+07,0,0,0,0
112.772,122.105,3.03663,0.38,0,2.85485,2.91855,0,0.542328,4.89888,4.03744e+06,2.76295e+06,1.15263e+07,0,0,0,0,62.2154,61.308,3.99629,1,1,1.66215,1.69925,0,1.30341,1.69344,8.39061e+06,3.69306e+06,1.39465e+07,0,0,0,0
112.12,122.105,2.45484,0.38,0,2.85562,2.91935,0,0.534998,4.89888,4.03744e+06,2.76295e+06,1.15294e+07,0,0,0,0,62.2544,61.308,2.41614,1,1,1.66261,1.69971,0,1.28418,1.69344,8.39061e+06,3.69306e+06,1.39503e+07,0,0,0,0
111.104,122.105,2.09472,0.37,0,2.85639,2.92014,0,0.535143,4.89888,4.03744e+06,2.76295e+06,1.15325e+07,0,0,0,0,62.2055,61.308,2.24545,1,1,1.66306,1.70017,0,1.28453,1.69344,8.39061e+06,3.69306e+06,1.39541e+07,0,0,0,0
110.145,122.105,2.09219,0.36,0,2.85717,2.92093,0,0.535288,4.89888,4.03744e+06,2.76295e+06,1.15356e+07,0,0,0,0,62.2985,61.308,2.284,1,1,1.66351,1.70063,0,1.28488,1.69344,8.39061e+06,3.69306e+06,1.39578e+07,0,0,0,0
109.719,122.105,2.75477,0.34,0,2.99352,3.06032,0,0.535434,4.89888,4.03744e+06,2.76295e+06,1.20861e+07,0,0,0,0,62.1223,61.308,2.5411,1,1,1.69344,1.79306,0.0604806,1.28523,1.69344,8.39061e+06,3.69306e+06,1.4209e+07,0,0,0,0
108.86,122.105,2.16559,0.32,0,2.99433,3.06115,0,0.560985,4.89888,4.03744e+06,2.76295e+06,1.20894e+07,0,0,0,0,62.0278,61.308,2.09574,1,1,1.69344,1.79355,0.0609562,1.30835,1.69344,8.39061e+06,3.69306e+06,1.4209e+07,0,0,0,0
107.773,122.105,1.91744,0.27,0,2.99514,3.06198,0,0.561137,4.89888,4.03744e+06,2.76295e+06,1.20927e+07,0,0,0,0,61.6988,61.308,2.03223,1,1,1.69344,1.79403,0.0614318,1.30835,1.69344,8.39061e+06,3.69306e+06,1.4209e+07,0,0,0,0
106.539,122.105,1.74018,0.25,0,2.99595,3.06281,0,0.561289,4.89888,4.03744e+06,2.76295e+06,1.2096e+07,0,0,0,0,61.2353,61.308,1.72648,1,1,1.69344,1.79452,0.0619075,1.30835,1.69344,8.39061e+06,3.69306e+06,1.4209e+07,0,0,0,0
105.238,122.105,1.63324,0.24,0,2.99676,3.06364,0,0.561441,4.89888,4.03744e+06,2.76295e+06,1.20992e+07,0,0,0,0,60.5707,61.308,1.71428,1,1,1.69344,1.79501,0.0623833,1.30835,1.69344,8.39061e+06,3.69306e+06,1.4209e+07,0,0,0,0
104.203,122.105,1.81406,0.3,0,2.97073,3.03702,0,0.561594,4.89888,4.03744e+06,2.76295e+06,1.19941e+07,0,0,0,0,59.9506,61.308,1.57006,1,1,1.69344,1.84611,0.112371,1.30835,1.69344,8.39061e+06,3.69306e+06,1.4209e+07,0,0,0,0
103.216,122.105,1.84077,0.28,0,2.97153,3.03785,0,0.556715,4.89888,4.03744e+06,2.76295e+06,1.19974e+07,0,0,0,0,59.2528,61.308,1.57517,1,1,1.69344,1.84661,0.11286,1.30835,1.69344,8.39061e+06,3.69306e+06,1.4209e+07,0,0,0,0
102.095,122.105,1.66156,0.26,0,2.97234,3.03867,0,0.556865,4.89888,4.03744e+06,2.76295e+06,1.20006e+07,0,0,0,0,58.5221,61.308,1.46681,1,1,1.69344,1.84711,0.11335,1.30835,1.69344,8.39061e+06,3.69306e+06,1.4209e+07,0,0,0,0
100.897,122.105,1.56425,0.25,0,2.97314,3.03949,0,0.557016,4.89888,4.03744e+06,2.76295e+06,1.20039e+07,0,0,0,0,57.7204,61.308,1.47087,1,1,1.69344,1.84761,0.113839,1.30835,1.69344,8.39061e+06,3.69306e+06,1.4209e+07,0,0,0,0
99.5716,122.105,1.46098,0.23,0,3.04336,3.11127,0,0.557167,4.89888,4.03744e+06,2.76295e+06,1.22874e+07,0,0,0,0,56.8379,61.308,1.39454,1,1,1.69344,1.89327,0.158503,1.30835,1.69344,8.39061e+06,3.69306e+06,1.4209e+07,0,0,0,0
98.3105,122.105,1.50679,0.23,0,3.04418,3.11211,0,0.570325,4.89888,4.03744e+06,2.76295e+06,1.22907e+07,0,0,0,0,56.1308,61.308,1.46411,1,1,1.69344,1.89378,0.159005,1.30835,1.69344,8.39061e+06,3.69306e+06,1.4209e+07,0,0,0,0
96.9609,122.105,1.38633,0.23,0,3.045,3.11296,0,0.570479,4.89888,4.03744e+06,2.76295e+06,1.2294e+07,0,0,0,0,55.201,61.308,1.40069,1,1,1.69344,1.8943,0.159506,1.30835,1.69344,8.39061e+06,3.69306e+06,1.4209e+07,0,0,0,0
95.5265,122.105,1.26597,0.25,0,3.04583,3.1138,0,0.570634,4.89888,4.03744e+06,2.76295e+06,1.22973e+07,0,0,0,0,54.364,61.308,1.24062,1,1,1.69344,1.89481,0.160008,1.30835,1.69344,8.39061e+06,3.69306e+06,1.4209e+07,0,0,0,0
94.0151,122.105,1.36994,0.25,0,3.25013,3.32266,0,0.570788,4.89888,4.03744e+06,2.76295e+06,1.31222e+07,0,0,0,0,53.3408,61.308,1.45955,1,1,1.69344,2.0585,0.320127,1.30835,1.69344,8.39061e+06,3.69306e+06,1.4209e+07,0,0,0,0
92.4747,122.105,1.27226,0.24,0,3.25101,3.32356,0,0.609074,4.89888,4.03744e+06,2.76295e+06,1.31257e+07,0,0,0,0,52.2956,61.308,1.05361,1,1,1.69344,2.05906,0.320673,1.30835,1.69344,8.39061e+06,3.69306e+06,1.4209e+07,0,0,0,0
91.0693,122.105,1.40114,0.24,0,3.25189,3.32446,0,0.609239,4.89888,4.03744e+06,2.76295e+06,1.31293e+07,0,0,0,0,51.1546,61.308,1.22762,1,1,1.69344,2.05962,0.321218,1.30835,1.69344,8.39061e+06,3.69306e+06,1.4209e+07,0,0,0,0
89.4342,122.105,1.12378,0.23,0,3.25277,3.32536,0,0.609404,4.89888,4.03744e+06,2.76295e+06,1.31328e+07,0,0,0,0,50.2117,61.308,0.88753,1,1,1.69344,2.06017,0.321763,1.30835,1.69344,8.39061e+06,3.69306e+06,1.4209e+07,0,0,0,0
88.0418,122.105,1.4001,0.24,0,3.25365,3.32626,0,0.609569,4.89888,4.03744e+06,2.76295e+06,1.31364e+07,0,0,0,0,49.5259,61.308,1.53105,1,1,1.69344,2.06073,0.322309,1.30835,1.69344,8.39061e+06,3.69306e+06,1.4209e+07,0,0,0,0
87.6094,122.105,2.42116,0.25,0,3.15523,3.22564,0,0.609734,4.89888,4.03744e+06,2.76295e+06,1.2739e+07,0,0,0,0,49.3765,61.308,1.66398,1,1,1.69344,1.96211,0.225842,1.30835,1.69344,8.39061e+06,3.69306e+06,1.4209e+07,0,0,0,0
87.866,122.105,3.21719,0.25,0,3.15608,3.22651,0,0.59129,4.89888,4.03744e+06,2.76295e+06,1.27425e+07,0,0,0,0,49.5958,61.308,2.34564,1,1,1.69344,1.96264,0.226361,1.30835,1.69344,8.39061e+06,3.69306e+06,1.4209e+07,0,0,0,0
87.9591,122.105,3.07094,0.26,0,3.15694,3.22739,0,0.59145,4.89888,4.03744e+06,2.76295e+06,1.27459e+07,0,0,0,0,49.3855,61.308,2.55707,1,1,1.69344,1.96317,0.226881,1.30835,1.69344,8.39061e+06,3.69306e+06,1.4209e+07,0,0,0,0
87.0191,122.105,1.86111,0.26,0,3.15779,3.22826,0,0.59161,4.89888,4.03744e+06,2.76295e+06,1.27494e+07,0,0,0,0,49.0146,61.308,1.61685,1,1,1.69344,1.96371,0.2274,1.30835,1.69344,8.39061e+06,3.69306e+06,1.4209e+07,0,0,0,0
87.0572,122.105,2.94889,0.26,0,3.07705,3.14572,0,0.59177,4.89888,4.03744e+06,2.76295e+06,1.24234e+07,0,0,0,0,49.2258,61.308,2.17144,1,1,1.69344,1.87386,0.139519,1.30835,1.69344,8.39061e+06,3.69306e+06,1.4209e+07,0,0,0,0
88.4547,122.105,4.69731,0.26,0,3.07788,3.14657,0,0.576639,4.89888,4.03744e+06,2.76295e+06,1.24268e+07,0,0,0,0,49.5503,61.308,3.26025,1,1,1.69344,1.87437,0.140015,1.30835,1.69344,8.39061e+06,3.69306e+06,1.4209e+07,0,0,0,0
91.9497,122.105,7.15562,0.26,0,3.07872,3.14742,0,0.576795,4.89888,4.03744e+06,2.76295e+06,1.24301e+07,0,0,0,0,50.4249,61.308,4.44202,1,1,1.69344,1.87488,0.140511,1.30835,1.69344,8.39061e+06,3.69306e+06,1.4209e+07,0,0,0,0
94.8237,122.105,6.60937,0.23,0,3.07955,3.14827,0,0.576952,4.89888,4.03744e+06,2.76295e+06,1.24335e+07,0,0,0,0,51.5658,61.308,4.77196,1,1,1.69344,1.87538,0.141007,1.30835,1.69344,8.39061e+06,3.69306e+06,1.4209e+07,0,0,0,0
97.2684,122.105,5.94497,0.23,0,2.84839,2.91196,0,0.577108,4.89888,4.03744e+06,2.76295e+06,1.15002e+07,0,0,0,0,52.2486,61.308,3.86944,1,1,1.65063,1.68746,0,1.30835,1.69344,8.39061e+06,3.69306e+06,1.38498e+07,0,0,0,0
103.364,122.105,9.9217,0.23,0,2.84916,2.91275,0,0.533789,4.89888,4.03744e+06,2.76295e+06,1.15033e+07,0,0,0,0,54.8485,61.308,6.81327,1,1,1.65108,1.68792,0,1.27528,1.69344,8.39061e+06,3.69306e+06,1.38535e+07,0,0,0,0
107.471,122.105,7.88233,0.21,0,2.84994,2.91353,0,0.533933,4.89888,4.03744e+06,2.76295e+06,1.15064e+07,0,0,0,0,56.7905,61.308,5.86035,1,1,1.65152,1.68838,0,1.27562,1.69344,8.39061e+06,3.69306e+06,1.38573e+07,0,0,0,0
110.8,122.105,7.25444,0.2,0,2.85071,2.91432,0,0.534078,4.89888,4.03744e+06,2.76295e+06,1.15095e+07,0,0,0,0,59.08,61.308,6.60568,1,1,1.65197,1.68883,0,1.27597,1.69344,8.39061e+06,3.69306e+06,1.3861e+07,0,0,0,0
116.205,122.105,9.5923,0.22,0,2.85148,2.91511,0,0.534222,4.89888,4.03744e+06,2.76295e+06,1.15127e+07,0,0,0,0,62.3362,61.308,11.0706,1,1,1.65242,1.68929,0,1.27631,1.69344,8.39061e+06,3.69306e+06,1.38648e+07,0,0,0,0
122.105,122.105,12.8195,0.17,0,2.94158,3.00722,0,0.534367,4.89888,4.03744e+06,2.76295e+06,1.18764e+07,0,0,0,0,62.3362,61.308,9.20057,1,1,1.69344,1.74437,0.0128538,1.27666,1.69344,8.39061e+06,3.69306e+06,1.4209e+07,0,0,0,0
122.105,122.105,7.5736,0.12,0,2.94234,3.00801,0,0.551252,4.89888,4.03744e+06,2.76295e+06,1.18795e+07,0,0,0,0,62.3362,61.308,4.53754,1,1,1.69344,1.74482,0.0132966,1.30835,1.69344,8.39061e+06,3.69306e+06,1.4209e+07,0,0,0,0
122.105,122.105,6.54071,0.12,0,2.94311,3.00879,0,0.551395,4.89888,4.03744e+06,2.76295e+06,1.18826e+07,0,0,0,0,62.3362,61.308,3.43969,1,1,1.69344,1.74528,0.0137393,1.30835,1.69344,8.39061e+06,3.69306e+06,1.4209e+07,0,0,0,0
122.105,122.105,6.1063,0.12,0,2.94387,3.00957,0,0.551538,4.89888,4.03744e+06,2.76295e+06,1.18857e+07,0,0,0,0,62.3362,61.308,3.15871,1,1,1.69344,1.74573,0.0141822,1.30835,1.69344,8.39061e+06,3.69306e+06,1.4209e+07,0,0,0,0
122.105,122.105,6.73389,0.12,0,3.23185,3.30397,0,0.551681,4.89888,4.03744e+06,2.76295e+06,1.30484e+07,0,0,0,0,62.3362,61.308,4.42536,1,1,1.69344,1.9515,0.215457,1.30835,1.69344,8.39061e+06,3.69306e+06,1.4209e+07,0,0,0,0
122.105,122.105,6.46322,0.11,0,3.23269,3.30483,0,0.605648,4.89888,4.03744e+06,2.76295e+06,1.30518e+07,0,0,0,0,62.3362,61.308,4.29578,1,1,1.69344,1.952,0.215952,1.30835,1.69344,8.39061e+06,3.69306e+06,1.4209e+07,0,0,0,0
122.105,122.105,4.26465,0.14,0,3.23352,3.30568,0,0.605805,4.89888,4.03744e+06,2.76295e+06,1.30551e+07,0,0,0,0,62.0363,61.308,3.02696,1,1,1.69344,1.95251,0.216448,1.30835,1.69344,8.39061e+06,3.69306e+06,1.4209e+07,0,0,0,0
122.105,122.105,4.1576,0.14,0,3.23436,3.30654,0,0.605962,4.89888,4.03744e+06,2.76295e+06,1.30585e+07,0,0,0,0,62.2412,61.308,2.41049,1,1,1.69344,1.95301,0.216943,1.30835,1.69344,8.39061e+06,3.69306e+06,1.4209e+07,0,0,0,0
122.105,122.105,7.16823,0.14,0,2.82512,2.88816,0,0.60612,4.89888,4.03744e+06,2.76295e+06,1.14062e+07,0,0,0,0,62.3362,61.308,3.55423,1,1,1.64108,1.6777,0,1.30835,1.69344,8.39061e+06,3.69306e+06,1.37697e+07,0,0,0,0
122.105,122.105,7.74526,0.14,0,2.82585,2.88891,0,0.529427,4.89888,4.03744e+06,2.76295e+06,1.14092e+07,0,0,0,0,62.3362,61.308,5.47075,1,1,1.6415,1.67814,0,1.2679,1.69344,8.39061e+06,3.69306e+06,1.37732e+07,0,0,0,0
122.105,122.105,5.21911,0.18,0,2.82658,2.88966,0,0.529565,4.89888,4.03744e+06,2.76295e+06,1.14122e+07,0,0,0,0,62.3362,61.308,4.09527,1,1,1.64193,1.67857,0,1.26823,1.69344,8.39061e+06,3.69306e+06,1.37768e+07,0,0,0,0
122.105,122.105,3.69853,0.18,0,2.82732,2.89041,0,0.529702,4.89888,4.03744e+06,2.76295e+06,1.14151e+07,0,0,0,0,62.3362,61.308,3.82463,1,1,1.64236,1.67901,0,1.26856,1.69344,8.39061e+06,3.69306e+06,1.37804e+07,0,0,0,0
122.105,122.105,4.89087,0.19,0,2.82805,2.89116,0,0.529839,4.89888,4.03744e+06,2.76295e+06,1.14181e+07,0,0,0,0,62.3362,61.308,3.61924,1,1,1.64278,1.67944,0,1.26888,1.69344,8.39061e+06,3.69306e+06,1.37839e+07,0,0,0,0
122.105,122.105,5.65533,0.18,0,2.93214,2.99757,0,0.529976,4.89888,4.03744e+06,2.76295e+06,1.18383e+07,0,0,0,0,62.3362,61.308,5.16643,1,1,1.69344,1.74744,0.015856,1.26921,1.69344,8.39061e+06,3.69306e+06,1.4209e+07,0,0,0,0
122.105,122.105,7.01652,0.21,0,2.9329,2.99835,0,0.549483,4.89888,4.03744e+06,2.76295e+06,1.18414e+07,0,0,0,0,62.3362,61.308,6.42143,1,1,1.69344,1.74789,0.016299,1.30835,1.69344,8.39061e+06,3.69306e+06,1.4209e+07,0,0,0,0
122.105,122.105,5.27173,0.22,0,2.93366,2.99913,0,0.549625,4.89888,4.03744e+06,2.76295e+06,1.18445e+07,0,0,0,0,62.3362,61.308,4.40789,1,1,1.69344,1.74835,0.016742,1.30835,1.69344,8.39061e+06,3.69306e+06,1.4209e+07,0,0,0,0
122.105,122.105,5.0609,0.22,0,2.93442,2.9999,0,0.549768,4.89888,4.03744e+06,2.76295e+06,1.18475e+07,0,0,0,0,62.3362,61.308,4.54392,1,1,1.69344,1.7488,0.0171851,1.30835,1.69344,8.39061e+06,3.69306e+06,1.4209e+07,0,0,0,0
122.105,122.105,4.40947,0.21,0,2.89473,2.95932,0,0.54991,4.89888,4.03744e+06,2.76295e+06,1.16873e+07,0,0,0,0,62.3362,61.308,3.57759,1,1,1.68537,1.72298,0,1.30835,1.69344,8.39061e+06,3.69306e+06,1.41413e+07,0,0,0,0
122.105,122.105,3.53472,0.18,0,2.89548,2.96009,0,0.542472,4.89888,4.03744e+06,2.76295e+06,1.16903e+07,0,0,0,0,62.3362,61.308,2.76443,1,1,1.68581,1.72343,0,1.30212,1.69344,8.39061e+06,3.69306e+06,1.4145e+07,0,0,0,0
122.105,122.105,3.20683,0.17,0,2.89623,2.96086,0,0.542612,4.89888,4.03744e+06,2.76295e+06,1.16933e+07,0,0,0,0,62.2974,61.308,2.45166,1,1,1.68625,1.72388,0,1.30246,1.69344,8.39061e+06,3.69306e+06,1.41486e+07,0,0,0,0
122.105,122.105,3.15171,0.16,0,2.89698,2.96162,0,0.542753,4.89888,4.03744e+06,2.76295e+06,1.16964e+07,0,0,0,0,62.3131,61.308,2.63596,1,1,1.68668,1.72432,0,1.30279,1.69344,8.39061e+06,3.69306e+06,1.41523e+07,0,0,0,0
121.808,122.105,2.92647,0.15,0,3.03519,3.10292,0,0.542893,4.89888,4.03744e+06,2.76295e+06,1.22544e+07,0,0,0,0,62.2544,61.308,2.40497,1,1,1.69344,1.81802,0.0848951,1.30313,1.69344,8.39061e+06,3.69306e+06,1.4209e+07,0,0,0,0
121.494,122.105,2.84729,0.23,0,3.03597,3.10372,0,0.568794,4.89888,4.03744e+06,2.76295e+06,1.22575e+07,0,0,0,0,62.191,61.308,2.42876,1,1,1.69344,1.81849,0.0853556,1.30835,1.69344,8.39061e+06,3.69306e+06,1.4209e+07,0,0,0,0
121.113,122.105,2.73901,0.22,0,3.03676,3.10453,0,0.568941,4.89888,4.03744e+06,2.76295e+06,1.22607e+07,0,0,0,0,62.0281,61.308,2.16528,1,1,1.69344,1.81896,0.0858162,1.30835,1.69344,8.39061e+06,3.69306e+06,1.4209e+07,0,0,0,0
120.457,122.105,2.42475,0.18,0,3.03754,3.10533,0,0.569088,4.89888,4.03744e+06,2.76295e+06,1.22639e+07,0,0,0,0,61.7388,61.308,2.01815,1,1,1.69344,1.81943,0.0862769,1.30835,1.69344,8.39061e+06,3.69306e+06,1.4209e+07,0,0,0,0
119.727,122.105,2.29341,0.18,0,3.03833,3.10613,0,0.569236,4.89888,4.03744e+06,2.76295e+06,1.22671e+07,0,0,0,0,61.557,61.308,1.9284,1,1,1.69344,1.8199,0.0867376,1.30835,1.69344,8.39061e+06,3.69306e+06,1.4209e+07,0,0,0,0
119.324,122.105,2.68973,0.18,0,3.0119,3.07911,0,0.569383,4.89888,4.03744e+06,2.76295e+06,1.21603e+07,0,0,0,0,61.4609,61.308,2.39147,1,1,1.69344,1.87169,0.137396,1.30835,1.69344,8.39061e+06,3.69306e+06,1.4209e+07,0,0,0,0
119.188,122.105,2.94551,0.18,0,3.01268,3.07991,0,0.56443,4.89888,4.03744e+06,2.76295e+06,1.21635e+07,0,0,0,0,61.423,61.308,2.76807,1,1,1.69344,1.87218,0.13787,1.30835,1.69344,8.39061e+06,3.69306e+06,1.4209e+07,0,0,0,0
118.862,122.105,2.71601,0.18,0,3.01346,3.0807,0,0.564576,4.89888,4.03744e+06,2.76295e+06,1.21666e+07,0,0,0,0,61.3758,61.308,2.71954,1,1,1.69344,1.87266,0.138344,1.30835,1.69344,8.39061e+06,3.69306e+06,1.4209e+07,0,0,0,0
118.386,122.105,2.54733,0.19,0,3.01424,3.0815,0,0.564722,4.89888,4.03744e+06,2.76295e+06,1.21698e+07,0,0,0,0,61.3341,61.308,2.80663,1,1,1.69344,1.87315,0.138818,1.30835,1.69344,8.39061e+06,3.69306e+06,1.4209e+07,0,0,0,0
117.748,122.105,2.40522,0.18,0,3.08538,3.15423,0,0.564868,4.89888,4.03744e+06,2.76295e+06,1.2457e+07,0,0,0,0,61.187,61.308,2.57269,1,1,1.69344,1.91941,0.184076,1.30835,1.69344,8.39061e+06,3.69306e+06,1.4209e+07,0,0,0,0
117.062,122.105,2.31541,0.18,0,3.08618,3.15505,0,0.5782,4.89888,4.03744e+06,2.76295e+06,1.24603e+07,0,0,0,0,61.0272,61.308,2.38306,1,1,1.69344,1.91991,0.184562,1.30835,1.69344,8.39061e+06,3.69306e+06,1.4209e+07,0,0,0,0
116.221,122.105,2.13052,0.16,0,3.08698,3.15587,0,0.57835,4.89888,4.03744e+06,2.76295e+06,1.24635e+07,0,0,0,0,60.7437,61.308,2.35408,1,1,1.69344,1.92041,0.185048,1.30835,1.69344,8.39061e+06,3.69306e+06,1.4209e+07,0,0,0,0
115.231,122.105,1.94625,0.17,0,3.08778,3.15668,0,0.5785,4.89888,4.03744e+06,2.76295e+06,1.24667e+07,0,0,0,0,60.4097,61.308,2.06163,1,1,1.69344,1.9209,0.185534,1.30835,1.69344,8.39061e+06,3.69306e+06,1.4209e+07,0,0,0,0
114.177,122.105,2.09946,0.17,0,3.29485,3.36838,0,0.578649,4.89888,4.03744e+06,2.76295e+06,1.33027e+07,0,0,0,0,60.166,61.308,2.44071,1,1,1.69344,2.08683,0.347833,1.30835,1.69344,8.39061e+06,3.69306e+06,1.4209e+07,0,0,0,0
112.791,122.105,1.72719,0.18,0,3.2957,3.36925,0,0.617455,4.89888,4.03744e+06,2.76295e+06,1.33062e+07,0,0,0,0,59.9086,61.308,2.2314,1,1,1.69344,2.08737,0.348361,1.30835,1.69344,8.39061e+06,3.69306e+06,1.4209e+07,0,0,0,0
111.104,122.105,1.37942,0.21,0,3.29655,3.37012,0,0.617614,4.89888,4.03744e+06,2.76295e+06,1.33096e+07,0,0,0,0,59.558,61.308,2.00195,1,1,1.69344,2.08791,0.348889,1.30835,1.69344,8.39061e+06,3.69306e+06,1.4209e+07,0,0,0,0
109.527,122.105,1.48506,0.21,0,3.29741,3.37099,0,0.617774,4.89888,4.03744e+06,2.76295e+06,1.33131e+07,0,0,0,0,59.2152,61.308,2.01953,1,1,1.69344,2.08845,0.349418,1.30835,1.69344,8.39061e+06,3.69306e+06,1.4209e+07,0,0,0,0
108.618,122.105,2.20826,0.21,0,3.29826,3.37186,0,0.617934,4.89888,4.03744e+06,2.76295e+06,1.33165e+07,0,0,0,0,59.0014,61.308,2.42337,1,1,1.69344,2.08899,0.349946,1.30835,1.69344,8.39061e+06,3.69306e+06,1.4209e+07,0,0,0,0
109.149,122.105,3.71685,0.19,0,3.19845,3.26983,0,0.618094,4.89888,4.03744e+06,2.76295e+06,1.29135e+07,0,0,0,0,59.3102,61.308,3.44895,1,1,1.69344,1.98899,0.252132,1.30835,1.69344,8.39061e+06,3.69306e+06,1.4209e+07,0,0,0,0
108.628,122.105,2.70532,0.2,0,3.19928,3.27067,0,0.59939,4.89888,4.03744e+06,2.76295e+06,1.29169e+07,0,0,0,0,59.5458,61.308,3.40772,1,1,1.69344,1.9895,0.252635,1.30835,1.69344,8.39061e+06,3.69306e+06,1.4209e+07,0,0,0,0
107.215,122.105,1.64253,0.2,0,3.20011,3.27152,0,0.599545,4.89888,4.03744e+06,2.76295e+06,1.29202e+07,0,0,0,0,59.4194,61.308,2.10928,1,1,1.69344,1.99002,0.253138,1.30835,1.69344,8.39061e+06,3.69306e+06,1.4209e+07,0,0,0,0
106.273,122.105,2.22066,0.18,0,3.20093,3.27236,0,0.5997,4.89888,4.03744e+06,2.76295e+06,1.29236e+07,0,0,0,0,59.5832,61.308,2.60414,1,1,1.69344,1.99053,0.253642,1.30835,1.69344,8.39061e+06,3.69306e+06,1.4209e+07,0,0,0,0
108.305,122.105,5.57388,0.19,0,3.11905,3.18865,0,0.599855,4.89888,4.03744e+06,2.76295e+06,1.2593e+07,0,0,0,0,60.4969,61.308,5.39923,1,1,1.69344,1.89944,0.164537,1.30835,1.69344,8.39061e+06,3.69306e+06,1.4209e+07,0,0,0,0
107.73,122.105,2.66594,0.18,0,3.11986,3.18948,0,0.58451,4.89888,4.03744e+06,2.76295e+06,1.25962e+07,0,0,0,0,60.6972,61.308,3.15231,1,1,1.69344,1.89993,0.165017,1.30835,1.69344,8.39061e+06,3.69306e+06,1.4209e+07,0,0,0,0
106.504,122.105,1.92686,0.17,0,3.12066,3.1903,0,0.584661,4.89888,4.03744e+06,2.76295e+06,1.25995e+07,0,0,0,0,60.5346,61.308,2.18133,1,1,1.69344,1.90042,0.165497,1.30835,1.69344,8.39061e+06,3.69306e+06,1.4209e+07,0,0,0,0
105.957,122.105,2.8495,0.17,0,3.12147,3.19113,0,0.584812,4.89888,4.03744e+06,2.76295e+06,1.26027e+07,0,0,0,0,60.8649,61.308,3.49711,1,1,1.69344,1.90091,0.165977,1.30835,1.69344,8.39061e+06,3.69306e+06,1.4209e+07,0,0,0,0
107.79,122.105,5.44385,0.18,0,2.88713,2.95156,0,0.584963,4.89888,4.03744e+06,2.76295e+06,1.16566e+07,0,0,0,0,62.1232,61.308,4.77534,1,1,1.67308,1.71041,0,1.30835,1.69344,8.39061e+06,3.69306e+06,1.40381e+07,0,0,0,0
108.713,122.105,4.13333,0.18,0,2.88788,2.95232,0,0.541049,4.89888,4.03744e+06,2.76295e+06,1.16596e+07,0,0,0,0,62.3362,61.308,5.61601,1,1,1.67351,1.71086,0,1.29262,1.69344,8.39061e+06,3.69306e+06,1.40418e+07,0,0,0,0
110.668,122.105,5.64497,0.21,0,2.88862,2.95309,0,0.541188,4.89888,4.03744e+06,2.76295e+06,1.16626e+07,0,0,0,0,62.3362,61.308,8.28415,1,1,1.67394,1.7113,0,1.29295,1.69344,8.39061e+06,3.69306e+06,1.40454e+07,0,0,0,0
112.816,122.105,5.92335,0.22,0,2.88937,2.95385,0,0.541328,4.89888,4.03744e+06,2.76295e+06,1.16656e+07,0,0,0,0,62.3362,61.308,7.57187,1,1,1.67437,1.71174,0,1.29329,1.69344,8.39061e+06,3.69306e+06,1.4049e+07,0,0,0,0
122.105,122.105,19.2185,0.22,0,2.89012,2.95461,0,0.541468,4.89888,4.03744e+06,2.76295e+06,1.16687e+07,0,0,0,0,62.3362,61.308,24.202,1,1,1.67481,1.71218,0,1.29362,1.69344,8.39061e+06,3.69306e+06,1.40527e+07,0,0,0,0
122.105,122.105,9.44257,0.14,0,2.89012,2.95461,0,0.541608,4.89888,4.03744e+06,2.76295e+06,1.16687e+07,0,0,0,0,62.3362,61.308,12.2799,1,1,1.67481,1.71218,0,1.29396,1.69344,8.39061e+06,3.69306e+06,1.40527e+07,0,0,0,0
122.105,122.105,19.9966,0.14,0,2.98141,3.04794,0,0.541608,4.89888,4.03744e+06,2.76295e+06,1.20372e+07,0,0,0,0,62.3362,61.308,15.2068,1,1,1.69344,1.76799,0.0359549,1.29396,1.69344,8.39061e+06,3.69306e+06,1.4209e+07,0,0,0,0
122.105,122.105,23.5918,0.15,0,2.98214,3.04869,0,0.558715,4.89888,4.03744e+06,2.76295e+06,1.20402e+07,0,0,0,0,62.3362,61.308,25.4897,1,1,1.69344,1.76843,0.0363828,1.30835,1.69344,8.39061e+06,3.69306e+06,1.4209e+07,0,0,0,0
122.105,122.105,13.4295,0.14,0,2.98288,3.04945,0,0.558854,4.89888,4.03744e+06,2.76295e+06,1.20432e+07,0,0,0,0,62.3362,61.308,16.3837,1,1,1.69344,1.76886,0.036811,1.30835,1.69344,8.39061e+06,3.69306e+06,1.4209e+07,0,0,0,0
122.105,122.105,13.9075,0.14,0,2.98362,3.0502,0,0.558992,4.89888,4.03744e+06,2.76295e+06,1.20462e+07,0,0,0,0,62.3362,61.308,10.3715,1,1,1.69344,1.7693,0.0372392,1.30835,1.69344,8.39061e+06,3.69306e+06,1.4209e+07,0,0,0,0
122.105,122.105,10.6894,0.15,0,3.27545,3.34854,0,0.55913,4.89888,4.03744e+06,2.76295e+06,1.32244e+07,0,0,0,0,62.3362,61.308,13.4628,1,1,1.69344,1.97782,0.241209,1.30835,1.69344,8.39061e+06,3.69306e+06,1.4209e+07,0,0,0,0
122.105,122.105,8.4031,0.14,0,3.27626,3.34937,0,0.613819,4.89888,4.03744e+06,2.76295e+06,1.32277e+07,0,0,0,0,62.3362,61.308,12.3492,1,1,1.69344,1.97831,0.241687,1.30835,1.69344,8.39061e+06,3.69306e+06,1.4209e+07,0,0,0,0
122.105,122.105,10.3136,0.16,0,3.27707,3.3502,0,0.61397,4.89888,4.03744e+06,2.76295e+06,1.32309e+07,0,0,0,0,62.3362,61.308,15.8804,1,1,1.69344,1.9788,0.242166,1.30835,1.69344,8.39061e+06,3.69306e+06,1.4209e+07,0,0,0,0
122.105,122.105,8.84327,0.16,0,3.27788,3.35103,0,0.614122,4.89888,4.03744e+06,2.76295e+06,1.32342e+07,0,0,0,0,62.3362,61.308,12.869,1,1,1.69344,1.97929,0.242645,1.30835,1.69344,8.39061e+06,3.69306e+06,1.4209e+07,0,0,0,0
122.105,122.105,8.7523,0.18,0,2.86309,2.92699,0,0.614274,4.89888,4.03744e+06,2.76295e+06,1.15596e+07,0,0,0,0,62.3362,61.308,13.6479,1,1,1.66314,1.70025,0,1.30835,1.69344,8.39061e+06,3.69306e+06,1.39548e+07,0,0,0,0
122.105,122.105,8.21787,0.19,0,2.8638,2.92771,0,0.536544,4.89888,4.03744e+06,2.76295e+06,1.15624e+07,0,0,0,0,62.3362,61.308,13.7935,1,1,1.66355,1.70067,0,1.28494,1.69344,8.39061e+06,3.69306e+06,1.39582e+07,0,0,0,0
122.105,122.105,11.9232,0.22,0,2.86451,2.92843,0,0.536676,4.89888,4.03744e+06,2.76295e+06,1.15653e+07,0,0,0,0,62.3362,61.308,16.1782,1,1,1.66396,1.70109,0,1.28526,1.69344,8.39061e+06,3.69306e+06,1.39617e+07,0,0,0,0
122.105,122.105,10.2432,0.25,0,2.86522,2.92916,0,0.536809,4.89888,4.03744e+06,2.76295e+06,1.15681e+07,0,0,0,0,62.3362,61.308,14.6402,1,1,1.66437,1.70151,0,1.28558,1.69344,8.39061e+06,3.69306e+06,1.39651e+07,0,0,0,0
122.105,122.105,14.0305,0.24,0,2.86593,2.92988,0,0.536942,4.89888,4.03744e+06,2.76295e+06,1.1571e+07,0,0,0,0,62.3362,61.308,15.8959,1,1,1.66478,1.70194,0,1.28589,1.69344,8.39061e+06,3.69306e+06,1.39686e+07,0,0,0,0
122.105,122.105,6.56335,0.25,0,2.97138,3.03768,0,0.537075,4.89888,4.03744e+06,2.76295e+06,1.19967e+07,0,0,0,0,62.3362,61.308,7.83804,1,1,1.69344,1.77082,0.0387287,1.28621,1.69344,8.39061e+06,3.69306e+06,1.4209e+07,0,0,0,0
122.105,122.105,6.50395,0.24,0,2.97211,3.03844,0,0.556836,4.89888,4.03744e+06,2.76295e+06,1.19997e+07,0,0,0,0,62.3362,61.308,8.2468,1,1,1.69344,1.77126,0.039157,1.30835,1.69344,8.39061e+06,3.69306e+06,1.4209e+07,0,0,0,0
122.105,122.105,7.72564,0.25,0,2.97285,3.03919,0,0.556974,4.89888,4.03744e+06,2.76295e+06,1.20027e+07,0,0,0,0,62.3362,61.308,10.5629,1,1,1.69344,1.7717,0.0395853,1.30835,1.69344,8.39061e+06,3.69306e+06,1.4209e+07,0,0,0,0
122.105,122.105,8.56275,0.25,0,2.97358,3.03994,0,0.557111,4.89888,4.03744e+06,2.76295e+06,1.20056e+07,0,0,0,0,62.3362,61.308,11.5116,1,1,1.69344,1.77214,0.0400137,1.30835,1.69344,8.39061e+06,3.69306e+06,1.4209e+07,0,0,0,0
122.105,122.105,5.35525,0.24,0,2.93332,2.99878,0,0.557249,4.89888,4.03744e+06,2.76295e+06,1.18431e+07,0,0,0,0,62.3362,61.308,5.02413,1,1,1.69344,1.74596,0.0144048,1.30835,1.69344,8.39061e+06,3.69306e+06,1.4209e+07,0,0,0,0
122.105,122.105,4.75087,0.22,0,2.93405,2.99952,0,0.549704,4.89888,4.03744e+06,2.76295e+06,1.1846e+07,0,0,0,0,62.3362,61.308,4.41736,1,1,1.69344,1.74639,0.0148269,1.30835,1.69344,8.39061e+06,3.69306e+06,1.4209e+07,0,0,0,0
122.105,122.105,4.3662,0.2,0,2.93477,3.00026,0,0.54984,4.89888,4.03744e+06,2.76295e+06,1.1849e+07,0,0,0,0,62.3362,61.308,4.10189,1,1,1.69344,1.74682,0.0152491,1.30835,1.69344,8.39061e+06,3.69306e+06,1.4209e+07,0,0,0,0
122.105,122.105,4.17507,0.2,0,2.9355,3.001,0,0.549976,4.89888,4.03744e+06,2.76295e+06,1.18519e+07,0,0,0,0,62.3362,61.308,4.21964,1,1,1.69344,1.74725,0.0156713,1.30835,1.69344,8.39061e+06,3.69306e+06,1.4209e+07,0,0,0,0
122.105,122.105,4.4595,0.17,0,3.07551,3.14414,0,0.550112,4.89888,4.03744e+06,2.76295e+06,1.24172e+07,0,0,0,0,62.3362,61.308,4.5059,1,1,1.69344,1.84217,0.10852,1.30835,1.69344,8.39061e+06,3.69306e+06,1.4209e+07,0,0,0,0
122.105,122.105,4.35184,0.17,0,3.07627,3.14492,0,0.57635,4.89888,4.03744e+06,2.76295e+06,1.24202e+07,0,0,0,0,62.3362,61.308,3.58242,1,1,1.69344,1.84263,0.108965,1.30835,1.69344,8.39061e+06,3.69306e+06,1.4209e+07,0,0,0,0
122.105,122.105,4.0256,0.16,0,3.07703,3.14569,0,0.576493,4.89888,4.03744e+06,2.76295e+06,1.24233e+07,0,0,0,0,62.3362,61.308,3.24625,1,1,1.69344,1.84308,0.10941,1.30835,1.69344,8.39061e+06,3.69306e+06,1.4209e+07,0,0,0,0
122.105,122.105,3.75474,0.16,0,3.07779,3.14647,0,0.576635,4.89888,4.03744e+06,2.76295e+06,1.24264e+07,0,0,0,0,62.3362,61.308,3.03629,1,1,1.69344,1.84354,0.109856,1.30835,1.69344,8.39061e+06,3.69306e+06,1.4209e+07,0,0,0,0
122.099,122.105,3.29968,0.16,0,3.07855,3.14725,0,0.576777,4.89888,4.03744e+06,2.76295e+06,1.24294e+07,0,0,0,0,62.3362,61.308,2.77824,1,1,1.69344,1.84399,0.110301,1.30835,1.69344,8.39061e+06,3.69306e+06,1.4209e+07,0,0,0,0
121.653,122.105,2.82425,0.21,0,3.05173,3.11983,0,0.57692,4.89888,4.03744e+06,2.76295e+06,1.23212e+07,0,0,0,0,62.3362,61.308,2.50995,1,1,1.69344,1.89645,0.161608,1.30835,1.69344,8.39061e+06,3.69306e+06,1.4209e+07,0,0,0,0
121.005,122.105,2.59935,0.21,0,3.05248,3.1206,0,0.571894,4.89888,4.03744e+06,2.76295e+06,1.23242e+07,0,0,0,0,62.3362,61.308,2.46599,1,1,1.69344,1.89691,0.162066,1.30835,1.69344,8.39061e+06,3.69306e+06,1.4209e+07,0,0,0,0
120.17,122.105,2.38138,0.21,0,3.05324,3.12137,0,0.572035,4.89888,4.03744e+06,2.76295e+06,1.23272e+07,0,0,0,0,62.3006,61.308,2.23547,1,1,1.69344,1.89738,0.162525,1.30835,1.69344,8.39061e+06,3.69306e+06,1.4209e+07,0,0,0,0
119.277,122.105,2.2528,0.21,0,3.05399,3.12214,0,0.572176,4.89888,4.03744e+06,2.76295e+06,1.23303e+07,0,0,0,0,62.1301,61.308,2.18649,1,1,1.69344,1.89785,0.162983,1.30835,1.69344,8.39061e+06,3.69306e+06,1.4209e+07,0,0,0,0
118.47,122.105,2.32625,0.2,0,3.12604,3.1958,0,0.572318,4.89888,4.03744e+06,2.76295e+06,1.26212e+07,0,0,0,0,61.8939,61.308,2.07616,1,1,1.69344,1.94471,0.208815,1.30835,1.69344,8.39061e+06,3.69306e+06,1.4209e+07,0,0,0,0
117.504,122.105,2.16141,0.2,0,3.12681,3.19658,0,0.585819,4.89888,4.03744e+06,2.76295e+06,1.26243e+07,0,0,0,0,61.5158,61.308,2.00447,1,1,1.69344,1.94519,0.209285,1.30835,1.69344,8.39061e+06,3.69306e+06,1.4209e+07,0,0,0,0
116.376,122.105,1.96817,0.2,0,3.12758,3.19737,0,0.585964,4.89888,4.03744e+06,2.76295e+06,1.26274e+07,0,0,0,0,61.0873,61.308,1.84277,1,1,1.69344,1.94567,0.209754,1.30835,1.69344,8.39061e+06,3.69306e+06,1.4209e+07,0,0,0,0
115.07,122.105,1.76703,0.2,0,3.12835,3.19816,0,0.586108,4.89888,4.03744e+06,2.76295e+06,1.26305e+07,0,0,0,0,60.5351,61.308,1.81965,1,1,1.69344,1.94615,0.210224,1.30835,1.69344,8.39061e+06,3.69306e+06,1.4209e+07,0,0,0,0
113.532,122.105,1.63913,0.2,0,3.3381,3.4126,0,0.586253,4.89888,4.03744e+06,2.76295e+06,1.34774e+07,0,0,0,0,60.1163,61.308,1.62053,1,1,1.69344,2.11422,0.374632,1.30835,1.69344,8.39061e+06,3.69306e+06,1.4209e+07,0,0,0,0
112.319,122.105,1.97188,0.21,0,3.33893,3.41344,0,0.625561,4.89888,4.03744e+06,2.76295e+06,1.34807e+07,0,0,0,0,59.4547,61.308,1.94741,1,1,1.69344,2.11474,0.375142,1.30835,1.69344,8.39061e+06,3.69306e+06,1.4209e+07,0,0,0,0
110.794,122.105,1.60154,0.21,0,3.33975,3.41428,0,0.625715,4.89888,4.03744e+06,2.76295e+06,1.3484e+07,0,0,0,0,58.9787,61.308,1.37316,1,1,1.69344,2.11527,0.375652,1.30835,1.69344,8.39061e+06,3.69306e+06,1.4209e+07,0,0,0,0
109.6,122.105,2.02088,0.21,0,3.34058,3.41512,0,0.625869,4.89888,4.03744e+06,2.76295e+06,1.34874e+07,0,0,0,0,58.7462,61.308,2.50129,1,1,1.69344,2.11579,0.376163,1.30835,1.69344,8.39061e+06,3.69306e+06,1.4209e+07,0,0,0,0
108.339,122.105,1.88602,0.21,0,3.3414,3.41597,0,0.626024,4.89888,4.03744e+06,2.76295e+06,1.34907e+07,0,0,0,0,58.3195,61.308,1.75327,1,1,1.69344,2.11631,0.376674,1.30835,1.69344,8.39061e+06,3.69306e+06,1.4209e+07,0,0,0,0
107.682,122.105,2.38215,0.21,0,3.24025,3.31256,0,0.626178,4.89888,4.03744e+06,2.76295e+06,1.30823e+07,0,0,0,0,58.1112,61.308,1.88091,1,1,1.69344,2.01498,0.277557,1.30835,1.69344,8.39061e+06,3.69306e+06,1.4209e+07,0,0,0,0
107.264,122.105,2.76119,0.21,0,3.24105,3.31337,0,0.607223,4.89888,4.03744e+06,2.76295e+06,1.30855e+07,0,0,0,0,58.2557,61.308,2.61857,1,1,1.69344,2.01548,0.278044,1.30835,1.69344,8.39061e+06,3.69306e+06,1.4209e+07,0,0,0,0
106.736,122.105,2.66388,0.21,0,3.24185,3.31419,0,0.607372,4.89888,4.03744e+06,2.76295e+06,1.30888e+07,0,0,0,0,58.3707,61.308,2.49369,1,1,1.69344,2.01598,0.27853,1.30835,1.69344,8.39061e+06,3.69306e+06,1.4209e+07,0,0,0,0
106.491,122.105,3.13903,0.22,0,3.24265,3.31501,0,0.607522,4.89888,4.03744e+06,2.76295e+06,1.3092e+07,0,0,0,0,58.8153,61.308,3.14822,1,1,1.69344,2.01647,0.279016,1.30835,1.69344,8.39061e+06,3.69306e+06,1.4209e+07,0,0,0,0
107.693,122.105,4.64953,0.21,0,3.15966,3.23017,0,0.607672,4.89888,4.03744e+06,2.76295e+06,1.27569e+07,0,0,0,0,59.5367,61.308,3.85247,1,1,1.69344,1.92417,0.188728,1.30835,1.69344,8.39061e+06,3.69306e+06,1.4209e+07,0,0,0,0
107.785,122.105,3.33353,0.2,0,3.16044,3.23097,0,0.59212,4.89888,4.03744e+06,2.76295e+06,1.27601e+07,0,0,0,0,60.2638,61.308,3.91312,1,1,1.69344,1.92464,0.189192,1.30835,1.69344,8.39061e+06,3.69306e+06,1.4209e+07,0,0,0,0
108.688,122.105,4.48938,0.19,0,3.16122,3.23176,0,0.592266,4.89888,4.03744e+06,2.76295e+06,1.27632e+07,0,0,0,0,60.5822,61.308,2.90423,1,1,1.69344,1.92512,0.189656,1.30835,1.69344,8.39061e+06,3.69306e+06,1.4209e+07,0,0,0,0
114.238,122.105,9.34742,0.2,0,3.162,3.23256,0,0.592412,4.89888,4.03744e+06,2.76295e+06,1.27664e+07,0,0,0,0,61.5226,61.308,5.15933,1,1,1.69344,1.92559,0.19012,1.30835,1.69344,8.39061e+06,3.69306e+06,1.4209e+07,0,0,0,0
117.318,122.105,6.6458,0.18,0,2.92458,2.98985,0,0.592558,4.89888,4.03744e+06,2.76295e+06,1.18078e+07,0,0,0,0,61.7995,61.308,3.23181,1,1,1.69344,1.7326,0.00134051,1.30835,1.69344,8.39061e+06,3.69306e+06,1.4209e+07,0,0,0,0
120.274,122.105,6.72084,0.18,0,2.9253,2.99059,0,0.548067,4.89888,4.03744e+06,2.76295e+06,1.18107e+07,0,0,0,0,62.3362,61.308,4.61392,1,1,1.69344,1.73303,0.00175819,1.30835,1.69344,8.39061e+06,3.69306e+06,1.4209e+07,0,0,0,0
122.105,122.105,6.15861,0.21,0,2.92603,2.99132,0,0.548202,4.89888,4.03744e+06,2.76295e+06,1.18136e+07,0,0,0,0,62.3362,61.308,4.45105,1,1,1.69344,1.73346,0.00217611,1.30835,1.69344,8.39061e+06,3.69306e+06,1.4209e+07,0,0,0,0
122.105,122.105,10.402,0.18,0,2.92675,2.99206,0,0.548337,4.89888,4.03744e+06,2.76295e+06,1.18166e+07,0,0,0,0,62.3362,61.308,4.70468,1,1,1.69344,1.73388,0.00259392,1.30835,1.69344,8.39061e+06,3.69306e+06,1.4209e+07,0,0,0,0
122.105,122.105,7.12189,0.17,0,2.92747,2.9928,0,0.548472,4.89888,4.03744e+06,2.76295e+06,1.18195e+07,0,0,0,0,62.3362,61.308,4.15689,1,1,1.69344,1.73431,0.00301195,1.30835,1.69344,8.39061e+06,3.69306e+06,1.4209e+07,0,0,0,0
122.105,122.105,4.41736,0.17,0,3.0199,3.08729,0,0.548608,4.89888,4.03744e+06,2.76295e+06,1.21927e+07,0,0,0,0,62.3362,61.308,3.77797,1,1,1.69344,1.79082,0.0582852,1.30835,1.69344,8.39061e+06,3.69306e+06,1.4209e+07,0,0,0,0
122.105,122.105,6.25631,0.15,0,3.02062,3.08802,0,0.56593,4.89888,4.03744e+06,2.76295e+06,1.21955e+07,0,0,0,0,62.3362,61.308,4.55669,1,1,1.69344,1.79124,0.0586985,1.30835,1.69344,8.39061e+06,3.69306e+06,1.4209e+07,0,0,0,0
122.105,122.105,3.95056,0.16,0,3.02133,3.08875,0,0.566063,4.89888,4.03744e+06,2.76295e+06,1.21984e+07,0,0,0,0,62.3362,61.308,3.21786,1,1,1.69344,1.79166,0.0591116,1.30835,1.69344,8.39061e+06,3.69306e+06,1.4209e+07,0,0,0,0
121.625,122.105,2.86218,0.16,0,3.02204,3.08948,0,0.566197,4.89888,4.03744e+06,2.76295e+06,1.22013e+07,0,0,0,0,62.213,61.308,2.76105,1,1,1.69344,1.79208,0.059525,1.30835,1.69344,8.39061e+06,3.69306e+06,1.4209e+07,0,0,0,0
122.105,122.105,4.97223,0.25,0,3.31759,3.39162,0,0.56633,4.89888,4.03744e+06,2.76295e+06,1.33945e+07,0,0,0,0,62.3362,61.308,5.40554,1,1,1.69344,2.00327,0.266098,1.30835,1.69344,8.39061e+06,3.69306e+06,1.4209e+07,0,0,0,0
122.105,122.105,6.83323,0.18,0,3.31837,3.39242,0,0.621715,4.89888,4.03744e+06,2.76295e+06,1.33977e+07,0,0,0,0,62.3362,61.308,5.79851,1,1,1.69344,2.00374,0.26656,1.30835,1.69344,8.39061e+06,3.69306e+06,1.4209e+07,0,0,0,0
122.105,122.105,4.82606,0.17,0,3.31915,3.39322,0,0.621862,4.89888,4.03744e+06,2.76295e+06,1.34009e+07,0,0,0,0,62.3362,61.308,5.17286,1,1,1.69344,2.00421,0.267023,1.30835,1.69344,8.39061e+06,3.69306e+06,1.4209e+07,0,0,0,0
122.105,122.105,7.64402,0.19,0,3.31993,3.39402,0,0.622009,4.89888,4.03744e+06,2.76295e+06,1.3404e+07,0,0,0,0,62.3362,61.308,6.26574,1,1,1.69344,2.00468,0.267485,1.30835,1.69344,8.39061e+06,3.69306e+06,1.4209e+07,0,0,0,0
122.105,122.105,7.86954,0.18,0,2.89979,2.9645,0,0.622155,4.89888,4.03744e+06,2.76295e+06,1.17077e+07,0,0,0,0,62.3362,61.308,7.53754,1,1,1.68446,1.72205,0,1.30835,1.69344,8.39061e+06,3.69306e+06,1.41336e+07,0,0,0,0
122.105,122.105,6.39063,0.23,0,2.90048,2.9652,0,0.543421,4.89888,4.03744e+06,2.76295e+06,1.17105e+07,0,0,0,0,62.3362,61.308,6.77703,1,1,1.68485,1.72245,0,1.30141,1.69344,8.39061e+06,3.69306e+06,1.4137e+07,0,0,0,0
122.105,122.105,7.00834,0.25,0,2.90116,2.9659,0,0.543549,4.89888,4.03744e+06,2.76295e+06,1.17132e+07,0,0,0,0,62.3362,61.308,7.22154,1,1,1.68525,1.72286,0,1.30172,1.69344,8.39061e+06,3.69306e+06,1.41403e+07,0,0,0,0
122.105,122.105,8.65834,0.26,0,2.90184,2.9666,0,0.543677,4.89888,4.03744e+06,2.76295e+06,1.1716e+07,0,0,0,0,62.3362,61.308,7.84293,1,1,1.68565,1.72326,0,1.30202,1.69344,8.39061e+06,3.69306e+06,1.41436e+07,0,0,0,0
122.105,122.105,9.02262,0.27,0,2.90253,2.9673,0,0.543806,4.89888,4.03744e+06,2.76295e+06,1.17188e+07,0,0,0,0,62.3362,61.308,8.09243,1,1,1.68605,1.72367,0,1.30233,1.69344,8.39061e+06,3.69306e+06,1.4147e+07,0,0,0,0
122.105,122.105,7.86684,0.28,0,3.00929,3.07644,0,0.543934,4.89888,4.03744e+06,2.76295e+06,1.21498e+07,0,0,0,0,62.3362,61.308,16.2356,1,1,1.69344,1.79342,0.06083,1.30264,1.69344,8.39061e+06,3.69306e+06,1.4209e+07,0,0,0,0
122.105,122.105,7.24033,0.31,0,3.01,3.07717,0,0.563941,4.89888,4.03744e+06,2.76295e+06,1.21527e+07,0,0,0,0,62.3362,61.308,18.7168,1,1,1.69344,1.79384,0.0612433,1.30835,1.69344,8.39061e+06,3.69306e+06,1.4209e+07,0,0,0,0
122.105,122.105,5.26942,0.29,0,3.01071,3.07789,0,0.564074,4.89888,4.03744e+06,2.76295e+06,1.21555e+07,0,0,0,0,62.3362,61.308,13.4088,1,1,1.69344,1.79426,0.0616567,1.30835,1.69344,8.39061e+06,3.69306e+06,1.4209e+07,0,0,0,0
122.105,122.105,4.60862,0.28,0,3.01142,3.07862,0,0.564207,4.89888,4.03744e+06,2.76295e+06,1.21584e+07,0,0,0,0,62.3362,61.308,11.3157,1,1,1.69344,1.79469,0.0620702,1.30835,1.69344,8.39061e+06,3.69306e+06,1.4209e+07,0,0,0,0
122.105,122.105,3.92062,0.27,0,2.97061,3.0369,0,0.564339,4.89888,4.03744e+06,2.76295e+06,1.19937e+07,0,0,0,0,62.3362,61.308,5.52849,1,1,1.69344,1.76815,0.0361154,1.30835,1.69344,8.39061e+06,3.69306e+06,1.4209e+07,0,0,0,0
122.105,122.105,3.62339,0.23,0,2.97131,3.03762,0,0.556693,4.89888,4.03744e+06,2.76295e+06,1.19965e+07,0,0,0,0,62.3362,61.308,5.2406,1,1,1.69344,1.76857,0.0365229,1.30835,1.69344,8.39061e+06,3.69306e+06,1.4209e+07,0,0,0,0
122.055,122.105,3.37612,0.22,0,2.97201,3.03833,0,0.556824,4.89888,4.03744e+06,2.76295e+06,1.19993e+07,0,0,0,0,62.3362,61.308,5.24977,1,1,1.69344,1.76898,0.0369303,1.30835,1.69344,8.39061e+06,3.69306e+06,1.4209e+07,0,0,0,0
121.899,122.105,3.35748,0.32,0,2.97271,3.03905,0,0.556955,4.89888,4.03744e+06,2.76295e+06,1.20021e+07,0,0,0,0,62.3362,61.308,6.43673,1,1,1.69344,1.7694,0.0373377,1.30835,1.69344,8.39061e+06,3.69306e+06,1.4209e+07,0,0,0,0
121.368,122.105,2.89405,0.3,0,3.11446,3.18396,0,0.557086,4.89888,4.03744e+06,2.76295e+06,1.25744e+07,0,0,0,0,62.3362,61.308,4.32925,1,1,1.69344,1.8655,0.131342,1.30835,1.69344,8.39061e+06,3.69306e+06,1.4209e+07,0,0,0,0
120.607,122.105,2.56309,0.26,0,3.11519,3.18471,0,0.58365,4.89888,4.03744e+06,2.76295e+06,1.25774e+07,0,0,0,0,62.3362,61.308,3.69452,1,1,1.69344,1.86594,0.131772,1.30835,1.69344,8.39061e+06,3.69306e+06,1.4209e+07,0,0,0,0
119.675,122.105,2.35535,0.25,0,3.11593,3.18546,0,0.583787,4.89888,4.03744e+06,2.76295e+06,1.25804e+07,0,0,0,0,62.3362,61.308,3.50254,1,1,1.69344,1.86638,0.132202,1.30835,1.69344,8.39061e+06,3.69306e+06,1.4209e+07,0,0,0,0
118.686,122.105,2.24139,0.23,0,3.11666,3.18621,0,0.583925,4.89888,4.03744e+06,2.76295e+06,1.25833e+07,0,0,0,0,62.3194,61.308,3.0609,1,1,1.69344,1.86682,0.132631,1.30835,1.69344,8.39061e+06,3.69306e+06,1.4209e+07,0,0,0,0
117.636,122.105,2.1403,0.22,0,3.11739,3.18696,0,0.584062,4.89888,4.03744e+06,2.76295e+06,1.25863e+07,0,0,0,0,62.2223,61.308,2.95302,1,1,1.69344,1.86726,0.133061,1.30835,1.69344,8.39061e+06,3.69306e+06,1.4209e+07,0,0,0,0
116.812,122.105,2.3112,0.21,0,3.0902,3.15916,0,0.5842,4.89888,4.03744e+06,2.76295e+06,1.24765e+07,0,0,0,0,62.0395,61.308,2.94227,1,1,1.69344,1.92035,0.184994,1.30835,1.69344,8.39061e+06,3.69306e+06,1.4209e+07,0,0,0,0
115.932,122.105,2.24577,0.21,0,3.09093,3.1599,0,0.579104,4.89888,4.03744e+06,2.76295e+06,1.24794e+07,0,0,0,0,61.8205,61.308,2.90245,1,1,1.69344,1.92081,0.185436,1.30835,1.69344,8.39061e+06,3.69306e+06,1.4209e+07,0,0,0,0
114.891,122.105,2.03182,0.22,0,3.09166,3.16065,0,0.57924,4.89888,4.03744e+06,2.76295e+06,1.24824e+07,0,0,0,0,61.5287,61.308,2.66167,1,1,1.69344,1.92126,0.185879,1.30835,1.69344,8.39061e+06,3.69306e+06,1.4209e+07,0,0,0,0
113.754,122.105,1.91362,0.22,0,3.09238,3.16139,0,0.579376,4.89888,4.03744e+06,2.76295e+06,1.24853e+07,0,0,0,0,61.2112,61.308,2.72615,1,1,1.69344,1.92171,0.186321,1.30835,1.69344,8.39061e+06,3.69306e+06,1.4209e+07,0,0,0,0
112.816,122.105,2.16497,0.23,0,3.1653,3.23593,0,0.579513,4.89888,4.03744e+06,2.76295e+06,1.27797e+07,0,0,0,0,60.928,61.308,2.76297,1,1,1.69344,1.96913,0.232707,1.30835,1.69344,8.39061e+06,3.69306e+06,1.4209e+07,0,0,0,0
111.736,122.105,2.01263,0.23,0,3.16604,3.2367,0,0.593177,4.89888,4.03744e+06,2.76295e+06,1.27827e+07,0,0,0,0,60.6,61.308,2.62023,1,1,1.69344,1.96959,0.23316,1.30835,1.69344,8.39061e+06,3.69306e+06,1.4209e+07,0,0,0,0
110.516,122.105,1.84045,0.23,0,3.16679,3.23746,0,0.593316,4.89888,4.03744e+06,2.76295e+06,1.27857e+07,0,0,0,0,60.2465,61.308,2.40712,1,1,1.69344,1.97006,0.233613,1.30835,1.69344,8.39061e+06,3.69306e+06,1.4209e+07,0,0,0,0
109.119,122.105,1.63872,0.22,0,3.16753,3.23822,0,0.593456,4.89888,4.03744e+06,2.76295e+06,1.27887e+07,0,0,0,0,59.8842,61.308,2.38487,1,1,1.69344,1.97052,0.234067,1.30835,1.69344,8.39061e+06,3.69306e+06,1.4209e+07,0,0,0,0
107.352,122.105,1.38991,0.22,0,3.37987,3.4553,0,0.593596,4.89888,4.03744e+06,2.76295e+06,1.3646e+07,0,0,0,0,59.2825,61.308,1.95325,1,1,1.69344,2.14068,0.400509,1.30835,1.69344,8.39061e+06,3.69306e+06,1.4209e+07,0,0,0,0
105.596,122.105,1.33915,0.22,0,3.38067,3.45611,0,0.633388,4.89888,4.03744e+06,2.76295e+06,1.36492e+07,0,0,0,0,58.4861,61.308,1.55556,1,1,1.69344,2.14118,0.401002,1.30835,1.69344,8.39061e+06,3.69306e+06,1.4209e+07,0,0,0,0
103.663,122.105,1.14869,0.23,0,3.38146,3.45692,0,0.633537,4.89888,4.03744e+06,2.76295e+06,1.36524e+07,0,0,0,0,57.8853,61.308,1.3686,1,1,1.69344,2.14168,0.401494,1.30835,1.69344,8.39061e+06,3.69306e+06,1.4209e+07,0,0,0,0
101.841,122.105,1.26058,0.23,0,3.38226,3.45774,0,0.633686,4.89888,4.03744e+06,2.76295e+06,1.36557e+07,0,0,0,0,57.3751,61.308,1.81668,1,1,1.69344,2.14219,0.401987,1.30835,1.69344,8.39061e+06,3.69306e+06,1.4209e+07,0,0,0,0
99.9519,122.105,1.1969,0.23,0,3.38305,3.45855,0,0.633835,4.89888,4.03744e+06,2.76295e+06,1.36589e+07,0,0,0,0,56.4,61.308,1.61151,1,1,1.69344,2.14269,0.40248,1.30835,1.69344,8.39061e+06,3.69306e+06,1.4209e+07,0,0,0,0
97.9081,122.105,0.880657,0.24,0,3.2806,3.35381,0,0.633984,4.89888,4.03744e+06,2.76295e+06,1.32452e+07,0,0,0,0,55.6161,61.308,1.20676,1,1,1.69344,2.04008,0.302105,1.30835,1.69344,8.39061e+06,3.69306e+06,1.4209e+07,0,0,0,0
96.0984,122.105,1.15989,0.24,0,3.28138,3.3546,0,0.614785,4.89888,4.03744e+06,2.76295e+06,1.32483e+07,0,0,0,0,55.1036,61.308,1.56033,1,1,1.69344,2.04056,0.302574,1.30835,1.69344,8.39061e+06,3.69306e+06,1.4209e+07,0,0,0,0
94.5353,122.105,1.54391,0.27,0,3.28215,3.35539,0,0.61493,4.89888,4.03744e+06,2.76295e+06,1.32515e+07,0,0,0,0,54.6648,61.308,2.34054,1,1,1.69344,2.04104,0.303043,1.30835,1.69344,8.39061e+06,3.69306e+06,1.4209e+07,0,0,0,0
92.8619,122.105,1.32446,0.28,0,3.28292,3.35618,0,0.615074,4.89888,4.03744e+06,2.76295e+06,1.32546e+07,0,0,0,0,53.6902,61.308,1.56794,1,1,1.69344,2.04152,0.303513,1.30835,1.69344,8.39061e+06,3.69306e+06,1.4209e+07,0,0,0,0
91.0946,122.105,1.16759,0.27,0,3.19886,3.27025,0,0.615219,4.89888,4.03744e+06,2.76295e+06,1.29152e+07,0,0,0,0,52.4204,61.308,1.12418,1,1,1.69344,1.94804,0.212081,1.30835,1.69344,8.39061e+06,3.69306e+06,1.4209e+07,0,0,0,0
89.1991,122.105,0.986672,0.27,0,3.19962,3.27102,0,0.599467,4.89888,4.03744e+06,2.76295e+06,1.29182e+07,0,0,0,0,51.7996,61.308,0.774231,1,1,1.69344,1.9485,0.212529,1.30835,1.69344,8.39061e+06,3.69306e+06,1.4209e+07,0,0,0,0
87.7151,122.105,1.57412,0.3,0,3.20037,3.27179,0,0.599608,4.89888,4.03744e+06,2.76295e+06,1.29213e+07,0,0,0,0,51.5572,61.308,2.11382,1,1,1.69344,1.94896,0.212977,1.30835,1.69344,8.39061e+06,3.69306e+06,1.4209e+07,0,0,0,0
87.8801,122.105,3.52883,0.3,0,3.20112,3.27256,0,0.599749,4.89888,4.03744e+06,2.76295e+06,1.29243e+07,0,0,0,0,51.7964,61.308,3.75311,1,1,1.69344,1.94942,0.213425,1.30835,1.69344,8.39061e+06,3.69306e+06,1.4209e+07,0,0,0,0
87.7889,122.105,2.93127,0.33,0,2.96073,3.02681,0,0.59989,4.89888,4.03744e+06,2.76295e+06,1.19538e+07,0,0,0,0,51.7528,61.308,1.81951,1,1,1.69344,1.75402,0.0222896,1.30835,1.69344,8.39061e+06,3.69306e+06,1.4209e+07,0,0,0,0
87.8477,122.105,3.22731,0.34,0,2.96143,3.02752,0,0.554842,4.89888,4.03744e+06,2.76295e+06,1.19566e+07,0,0,0,0,51.6539,61.308,2.52618,1,1,1.69344,1.75443,0.0226927,1.30835,1.69344,8.39061e+06,3.69306e+06,1.4209e+07,0,0,0,0
87.882,122.105,3.21951,0.35,0,2.96213,3.02823,0,0.554972,4.89888,4.03744e+06,2.76295e+06,1.19594e+07,0,0,0,0,51.5668,61.308,2.09517,1,1,1.69344,1.75484,0.0230959,1.30835,1.69344,8.39061e+06,3.69306e+06,1.4209e+07,0,0,0,0
88.1561,122.105,3.5019,0.36,0,2.96282,3.02894,0,0.555102,4.89888,4.03744e+06,2.76295e+06,1.19622e+07,0,0,0,0,51.6087,61.308,2.76394,1,1,1.69344,1.75525,0.0234991,1.30835,1.69344,8.39061e+06,3.69306e+06,1.4209e+07,0,0,0,0
91.1656,122.105,6.75604,0.38,0,2.96352,3.02965,0,0.555233,4.89888,4.03744e+06,2.76295e+06,1.1965e+07,0,0,0,0,52.0831,61.308,4.99167,1,1,1.69344,1.75567,0.0239025,1.30835,1.69344,8.39061e+06,3.69306e+06,1.4209e+07,0,0,0,0
89.6143,122.105,1.3423,0.38,0,3.05706,3.12528,0,0.555363,4.89888,4.03744e+06,2.76295e+06,1.23427e+07,0,0,0,0,51.9675,61.308,2.12365,1,1,1.69344,1.81285,0.0798362,1.30835,1.69344,8.39061e+06,3.69306e+06,1.4209e+07,0,0,0,0
89.0256,122.105,2.52864,0.39,0,3.05774,3.12598,0,0.572892,4.89888,4.03744e+06,2.76295e+06,1.23454e+07,0,0,0,0,51.9364,61.308,2.4073,1,1,1.69344,1.81326,0.0802342,1.30835,1.69344,8.39061e+06,3.69306e+06,1.4209e+07,0,0,0,0
89.3723,122.105,3.3622,0.45,0,2.78542,3.12668,0,0.573021,4.89888,4.03744e+06,2.76295e+06,1.1246e+07,0,0,0,0,51.9206,61.308,2.32618,1,1,1.61571,1.81366,0,1.30835,1.69344,8.39061e+06,3.69306e+06,1.35568e+07,0,0,0,0
88.6944,122.105,2.18846,0.48,0,2.78605,3.12738,0,0.521988,4.89888,4.03744e+06,2.76295e+06,1.12485e+07,0,0,0,0,52.0581,61.308,2.27427,1,1,1.61608,1.81407,0,1.2483,1.69344,8.39061e+06,3.69306e+06,1.35599e+07,0,0,0,0
87.5735,122.105,1.99038,0.49,0,3.05848,3.43319,0,0.522105,4.89888,4.03744e+06,2.76295e+06,1.23484e+07,0,0,0,0,52.8325,61.308,4.46867,1,1,1.69344,2.02782,0.113057,1.24858,1.69344,8.39061e+06,3.69306e+06,1.4209e+07,0,0,0,0
87.9293,122.105,3.50856,0.52,0,3.05916,3.43396,0,0.573159,4.89888,4.03744e+06,2.76295e+06,1.23512e+07,0,0,0,0,52.8102,61.308,3.33545,1,1,1.69344,2.02827,0.113462,1.30835,1.69344,8.39061e+06,3.69306e+06,1.4209e+07,0,0,0,0
86.833,122.105,1.82883,0.53,0,3.05985,3.43473,0,0.573287,4.89888,4.03744e+06,2.76295e+06,1.2354e+07,0,0,0,0,52.0985,61.308,2.00399,1,1,1.69344,2.02873,0.113867,1.30835,1.69344,8.39061e+06,3.69306e+06,1.4209e+07,0,0,0,0
85.562,122.105,1.57241,0.54,0,3.06054,3.4355,0,0.573416,4.89888,4.03744e+06,2.76295e+06,1.23567e+07,0,0,0,0,51.7406,61.308,1.64018,1,1,1.69344,2.02919,0.114273,1.30835,1.69344,8.39061e+06,3.69306e+06,1.4209e+07,0,0,0,0
86.9015,122.105,4.57358,0.58,0,2.67319,3.0007,0,0.573545,4.89888,4.03744e+06,2.76295e+06,1.07929e+07,0,0,0,0,52.2453,61.308,4.52574,1,1,1.55283,1.74307,0,1.30835,1.69344,8.39061e+06,3.69306e+06,1.30292e+07,0,0,0,0
90.4767,122.105,7.07173,0.61,0,2.67379,3.00137,0,0.500957,4.89888,4.03744e+06,2.76295e+06,1.07953e+07,0,0,0,0,53.0423,61.308,5.38574,1,1,1.55318,1.74346,0,1.19972,1.69344,8.39061e+06,3.69306e+06,1.30321e+07,0,0,0,0
92.303,122.105,5.15835,0.56,0,2.67439,3.00205,0,0.501069,4.89888,4.03744e+06,2.76295e+06,1.07977e+07,0,0,0,0,53.5155,61.308,4.97146,1,1,1.55352,1.74386,0,1.19998,1.69344,8.39061e+06,3.69306e+06,1.3035e+07,0,0,0,0
95.5405,122.105,6.70504,0.58,0,2.67499,3.00272,0,0.501181,4.89888,4.03744e+06,2.76295e+06,1.08001e+07,0,0,0,0,54.0697,61.308,4.60993,1,1,1.55387,1.74425,0,1.20025,1.69344,8.39061e+06,3.69306e+06,1.3038e+07,0,0,0,0
97.591,122.105,5.4318,0.61,0,2.67559,3.00339,0,0.501294,4.89888,4.03744e+06,2.76295e+06,1.08025e+07,0,0,0,0,54.5869,61.308,5.66931,1,1,1.55422,1.74464,0,1.20052,1.69344,8.39061e+06,3.69306e+06,1.30409e+07,0,0,0,0
98.6633,122.105,4.39729,0.65,0,2.77398,3.11383,0,0.501406,4.89888,4.03744e+06,2.76295e+06,1.11997e+07,0,0,0,0,54.533,61.308,2.92777,1,1,1.61709,1.81521,0,1.20079,1.69344,8.39061e+06,3.69306e+06,1.35684e+07,0,0,0,0
100.64,122.105,5.39234,0.62,0,2.7746,3.11453,0,0.519843,4.89888,4.03744e+06,2.76295e+06,1.12023e+07,0,0,0,0,54.9238,61.308,3.74852,1,1,1.61746,1.81562,0,1.24937,1.69344,8.39061e+06,3.69306e+06,1.35715e+07,0,0,0,0
101.268,122.105,3.86113,0.63,0,2.77522,3.11523,0,0.51996,4.89888,4.03744e+06,2.76295e+06,1.12048e+07,0,0,0,0,54.8628,61.308,2.49398,1,1,1.61782,1.81603,0,1.24965,1.69344,8.39061e+06,3.69306e+06,1.35745e+07,0,0,0,0
101.547,122.105,3.50012,0.65,0,2.77584,3.11592,0,0.520076,4.89888,4.03744e+06,2.76295e+06,1.12073e+07,0,0,0,0,54.3728,61.308,2.1476,1,1,1.61818,1.81643,0,1.24993,1.69344,8.39061e+06,3.69306e+06,1.35775e+07,0,0,0,0
101.41,122.105,2.796,0.65,0,2.7382,3.07367,0,0.520193,4.89888,4.03744e+06,2.76295e+06,1.10553e+07,0,0,0,0,53.7794,61.308,1.72376,1,1,1.59424,1.78956,0,1.25021,1.69344,8.39061e+06,3.69306e+06,1.33766e+07,0,0,0,0
101.021,122.105,2.56752,0.65,0,2.73881,3.07436,0,0.513138,4.89888,4.03744e+06,2.76295e+06,1.10578e+07,0,0,0,0,53.4638,61.308,1.68457,1,1,1.5946,1.78996,0,1.23171,1.69344,8.39061e+06,3.69306e+06,1.33796e+07,0,0,0,0
101.757,122.105,3.69856,0.6,0,2.73942,3.07505,0,0.513253,4.89888,4.03744e+06,2.76295e+06,1.10603e+07,0,0,0,0,53.0973,61.308,1.97691,1,1,1.59495,1.79036,0,1.23199,1.69344,8.39061e+06,3.69306e+06,1.33826e+07,0,0,0,0
101.473,122.105,2.58337,0.59,0,2.74004,3.07574,0,0.513368,4.89888,4.03744e+06,2.76295e+06,1.10627e+07,0,0,0,0,52.4468,61.308,1.74853,1,1,1.59531,1.79076,0,1.23226,1.69344,8.39061e+06,3.69306e+06,1.33856e+07,0,0,0,0
100.835,122.105,2.24702,0.57,0,2.87066,3.22236,0,0.513483,4.89888,4.03744e+06,2.76295e+06,1.15901e+07,0,0,0,0,51.6801,61.308,1.4612,1,1,1.68194,1.888,0,1.23254,1.69344,8.39061e+06,3.69306e+06,1.41125e+07,0,0,0,0
100.079,122.105,2.05312,0.56,0,2.8713,3.22308,0,0.537962,4.89888,4.03744e+06,2.76295e+06,1.15927e+07,0,0,0,0,50.9901,61.308,1.50998,1,1,1.68232,1.88842,0,1.29947,1.69344,8.39061e+06,3.69306e+06,1.41157e+07,0,0,0,0
99.3096,122.105,2.04857,0.5,0,2.87195,3.2238,0,0.538082,4.89888,4.03744e+06,2.76295e+06,1.15953e+07,0,0,0,0,50.296,61.308,1.51991,1,1,1.68269,1.88885,0,1.29976,1.69344,8.39061e+06,3.69306e+06,1.41188e+07,0,0,0,0
98.4408,122.105,1.90803,0.43,0,2.87259,3.22453,0,0.538203,4.89888,4.03744e+06,2.76295e+06,1.15979e+07,0,0,0,0,49.507,61.308,1.4586,1,1,1.68307,1.88927,0,1.30005,1.69344,8.39061e+06,3.69306e+06,1.4122e+07,0,0,0,0
97.4511,122.105,1.74682,0.4,0,2.87323,3.22525,0,0.538324,4.89888,4.03744e+06,2.76295e+06,1.16005e+07,0,0,0,0,48.7286,61.308,1.37116,1,1,1.68345,1.88969,0,1.30034,1.69344,8.39061e+06,3.69306e+06,1.41252e+07,0,0,0,0
96.197,122.105,1.3752,0.48,0,2.84814,3.19708,0,0.538444,4.89888,4.03744e+06,2.76295e+06,1.14992e+07,0,0,0,0,47.8867,61.308,1.42575,1,1,1.69344,1.9434,0.0378524,1.30063,1.69344,8.39061e+06,3.69306e+06,1.4209e+07,0,0,0,0
94.8884,122.105,1.3164,0.44,0,2.84878,3.19779,0,0.533741,4.89888,4.03744e+06,2.76295e+06,1.15018e+07,0,0,0,0,47.0258,61.308,1.33497,1,1,1.69344,1.94384,0.0382402,1.30835,1.69344,8.39061e+06,3.69306e+06,1.4209e+07,0,0,0,0
93.2815,122.105,1.21497,0.36,0,3.12869,3.19851,0,0.533861,4.89888,4.03744e+06,2.76295e+06,1.26319e+07,0,0,0,0,46.0427,61.308,1.33264,1,1,1.69344,1.94427,0.208392,1.30835,1.69344,8.39061e+06,3.69306e+06,1.4209e+07,0,0,0,0
91.6018,122.105,1.10834,0.34,0,3.12939,3.19923,0,0.586317,4.89888,4.03744e+06,2.76295e+06,1.26347e+07,0,0,0,0,44.9758,61.308,1.18619,1,1,1.69344,1.94471,0.208818,1.30835,1.69344,8.39061e+06,3.69306e+06,1.4209e+07,0,0,0,0
89.8348,122.105,1.00654,0.31,0,3.20314,3.27462,0,0.586448,4.89888,4.03744e+06,2.76295e+06,1.29325e+07,0,0,0,0,44.0134,61.308,1.12319,1,1,1.69344,1.99267,0.255737,1.30835,1.69344,8.39061e+06,3.69306e+06,1.4209e+07,0,0,0,0
88.1123,122.105,1.06051,0.3,0,3.20386,3.27536,0,0.600269,4.89888,4.03744e+06,2.76295e+06,1.29354e+07,0,0,0,0,43.093,61.308,1.29488,1,1,1.69344,1.99312,0.256173,1.30835,1.69344,8.39061e+06,3.69306e+06,1.4209e+07,0,0,0,0
86.3584,122.105,0.974266,0.34,0,3.20458,3.27609,0,0.600403,4.89888,4.03744e+06,2.76295e+06,1.29383e+07,0,0,0,0,41.9894,61.308,1.2423,1,1,1.69344,1.99357,0.25661,1.30835,1.69344,8.39061e+06,3.69306e+06,1.4209e+07,0,0,0,0
84.5614,122.105,0.887672,0.32,0,3.2053,3.27682,0,0.600538,4.89888,4.03744e+06,2.76295e+06,1.29412e+07,0,0,0,0,41.0964,61.308,1.07794,1,1,1.69344,1.99401,0.257046,1.30835,1.69344,8.39061e+06,3.69306e+06,1.4209e+07,0,0,0,0
82.7032,122.105,0.989349,0.31,0,3.42013,3.49645,0,0.600672,4.89888,4.03744e+06,2.76295e+06,1.38086e+07,0,0,0,0,40.0508,61.308,1.3657,1,1,1.69344,2.16617,0.425449,1.30835,1.69344,8.39061e+06,3.69306e+06,1.4209e+07,0,0,0,0
80.7673,122.105,0.823329,0.31,0,3.42089,3.49723,0,0.640932,4.89888,4.03744e+06,2.76295e+06,1.38116e+07,0,0,0,0,38.9552,61.308,1.11352,1,1,1.69344,2.16666,0.425923,1.30835,1.69344,8.39061e+06,3.69306e+06,1.4209e+07,0,0,0,0
78.8023,122.105,0.782066,0.33,0,3.42166,3.49802,0,0.641076,4.89888,4.03744e+06,2.76295e+06,1.38147e+07,0,0,0,0,37.9372,61.308,1.0383,1,1,1.69344,2.16714,0.426398,1.30835,1.69344,8.39061e+06,3.69306e+06,1.4209e+07,0,0,0,0
77.0632,122.105,1.02724,0.33,0,3.42243,3.4988,0,0.641219,4.89888,4.03744e+06,2.76295e+06,1.38178e+07,0,0,0,0,37.0593,61.308,1.17031,1,1,1.69344,2.16763,0.426872,1.30835,1.69344,8.39061e+06,3.69306e+06,1.4209e+07,0,0,0,0
75.6794,122.105,1.45395,0.33,0,3.42319,3.49958,0,0.641363,4.89888,4.03744e+06,2.76295e+06,1.38209e+07,0,0,0,0,36.5727,61.308,1.3834,1,1,1.69344,2.16811,0.427347,1.30835,1.69344,8.39061e+06,3.69306e+06,1.4209e+07,0,0,0,0
73.8533,122.105,0.86112,0.34,0,3.31949,3.39357,0,0.641506,4.89888,4.03744e+06,2.76295e+06,1.34022e+07,0,0,0,0,35.5584,61.308,1.66227,1,1,1.69344,2.06426,0.325758,1.30835,1.69344,8.39061e+06,3.69306e+06,1.4209e+07,0,0,0,0
71.9377,122.105,0.721441,0.33,0,3.32023,3.39433,0,0.622072,4.89888,4.03744e+06,2.76295e+06,1.34052e+07,0,0,0,0,34.3297,61.308,0.924289,1,1,1.69344,2.06472,0.32621,1.30835,1.69344,8.39061e+06,3.69306e+06,1.4209e+07,0,0,0,0
70.0339,122.105,0.743651,0.34,0,3.32097,3.39508,0,0.622211,4.89888,4.03744e+06,2.76295e+06,1.34082e+07,0,0,0,0,33.4656,61.308,0.894385,1,1,1.69344,2.06518,0.326662,1.30835,1.69344,8.39061e+06,3.69306e+06,1.4209e+07,0,0,0,0
69.1176,122.105,2.12194,0.34,0,3.32172,3.39584,0,0.622351,4.89888,4.03744e+06,2.76295e+06,1.34112e+07,0,0,0,0,32.8914,61.308,1.56673,1,1,1.69344,2.06564,0.327113,1.30835,1.69344,8.39061e+06,3.69306e+06,1.4209e+07,0,0,0,0
67.68,122.105,1.31348,0.34,0,3.23663,3.30886,0,0.62249,4.89888,4.03744e+06,2.76295e+06,1.30677e+07,0,0,0,0,31.7328,61.308,1.29106,1,1,1.69344,1.97104,0.234579,1.30835,1.69344,8.39061e+06,3.69306e+06,1.4209e+07,0,0,0,0
66.6586,122.105,1.7629,0.37,0,3.23736,3.3096,0,0.606545,4.89888,4.03744e+06,2.76295e+06,1.30706e+07,0,0,0,0,31.0839,61.308,0.862199,1,1,1.69344,1.97149,0.235011,1.30835,1.69344,8.39061e+06,3.69306e+06,1.4209e+07,0,0,0,0
67.1101,122.105,3.55467,0.36,0,3.23808,3.31034,0,0.606681,4.89888,4.03744e+06,2.76295e+06,1.30735e+07,0,0,0,0,30.8457,61.308,1.89096,1,1,1.69344,1.97193,0.235442,1.30835,1.69344,8.39061e+06,3.69306e+06,1.4209e+07,0,0,0,0
66.584,122.105,2.39659,0.37,0,3.23881,3.31108,0,0.606816,4.89888,4.03744e+06,2.76295e+06,1.30765e+07,0,0,0,0,30.1748,61.308,1.90425,1,1,1.69344,1.97237,0.235873,1.30835,1.69344,8.39061e+06,3.69306e+06,1.4209e+07,0,0,0,0
66.1529,122.105,2.37938,0.38,0,2.99556,3.0624,0,0.606952,4.89888,4.03744e+06,2.76295e+06,1.20944e+07,0,0,0,0,29.5989,61.308,1.2792,1,1,1.69344,1.77465,0.0424683,1.30835,1.69344,8.39061e+06,3.69306e+06,1.4209e+07,0,0,0,0
66.2719,122.105,2.62608,0.42,0,2.72877,3.06309,0,0.561367,4.89888,4.03744e+06,2.76295e+06,1.10172e+07,0,0,0,0,28.9892,61.308,1.64167,1,1,1.58131,1.77504,0,1.30835,1.69344,8.39061e+06,3.69306e+06,1.32682e+07,0,0,0,0
66.5222,122.105,2.68721,0.42,0,2.72938,3.06377,0,0.511372,4.89888,4.03744e+06,2.76295e+06,1.10197e+07,0,0,0,0,28.25,61.308,1.51203,1,1,1.58166,1.77544,0,1.22172,1.69344,8.39061e+06,3.69306e+06,1.32711e+07,0,0,0,0
66.2651,122.105,2.11271,0.46,0,2.72999,3.06446,0,0.511486,4.89888,4.03744e+06,2.76295e+06,1.10222e+07,0,0,0,0,27.8389,61.308,1.3586,1,1,1.58202,1.77584,0,1.22199,1.69344,8.39061e+06,3.69306e+06,1.32741e+07,0,0,0,0
67.0067,122.105,3.22649,0.49,0,2.7306,3.06514,0,0.511601,4.89888,4.03744e+06,2.76295e+06,1.10246e+07,0,0,0,0,27.6568,61.308,1.85238,1,1,1.58237,1.77623,0,1.22227,1.69344,8.39061e+06,3.69306e+06,1.32771e+07,0,0,0,0
67.6238,122.105,3.2722,0.52,0,2.81676,3.16185,0,0.511715,4.89888,4.03744e+06,2.76295e+06,1.13725e+07,0,0,0,0,27.6584,61.308,2.21118,1,1,1.63389,1.83407,0,1.22254,1.69344,8.39061e+06,3.69306e+06,1.37093e+07,0,0,0,0
69.6143,122.105,4.86999,0.55,0,2.81736,3.16253,0,0.52786,4.89888,4.03744e+06,2.76295e+06,1.13749e+07,0,0,0,0,27.871,61.308,3.02681,1,1,1.63424,1.83446,0,1.26234,1.69344,8.39061e+06,3.69306e+06,1.37123e+07,0,0,0,0
72.9487,122.105,6.46256,0.57,0,2.81796,3.1632,0,0.527973,4.89888,4.03744e+06,2.76295e+06,1.13773e+07,0,0,0,0,28.509,61.308,4.25306,1,1,1.63458,1.83485,0,1.26261,1.69344,8.39061e+06,3.69306e+06,1.37152e+07,0,0,0,0
77.9549,122.105,8.52065,0.58,0,2.81856,3.16387,0,0.528085,4.89888,4.03744e+06,2.76295e+06,1.13797e+07,0,0,0,0,29.4045,61.308,5.3435,1,1,1.63493,1.83524,0,1.26288,1.69344,8.39061e+06,3.69306e+06,1.37181e+07,0,0,0,0
82.0067,122.105,7.90043,0.56,0,3.09413,3.47321,0,0.528198,4.89888,4.03744e+06,2.76295e+06,1.24924e+07,0,0,0,0,30.2061,61.308,5.44122,1,1,1.69344,2.05146,0.134115,1.26315,1.69344,8.39061e+06,3.69306e+06,1.4209e+07,0,0,0,0
86.5947,122.105,8.83668,0.53,0,3.09479,3.47395,0,0.57984,4.89888,4.03744e+06,2.76295e+06,1.2495e+07,0,0,0,0,31.1403,61.308,6.21954,1,1,1.69344,2.0519,0.134504,1.30835,1.69344,8.39061e+06,3.69306e+06,1.4209e+07,0,0,0,0
88.38,122.105,5.28949,0.55,0,3.09545,3.47469,0,0.579964,4.89888,4.03744e+06,2.76295e+06,1.24977e+07,0,0,0,0,31.7607,61.308,4.31878,1,1,1.69344,2.05233,0.134894,1.30835,1.69344,8.39061e+06,3.69306e+06,1.4209e+07,0,0,0,0
89.303,122.105,4.17483,0.56,0,3.09611,3.47543,0,0.580087,4.89888,4.03744e+06,2.76295e+06,1.25003e+07,0,0,0,0,32.0262,61.308,2.80328,1,1,1.69344,2.05277,0.135283,1.30835,1.69344,8.39061e+06,3.69306e+06,1.4209e+07,0,0,0,0
90.1028,122.105,3.78905,0.58,0,2.70423,3.03554,0,0.580211,4.89888,4.03744e+06,2.76295e+06,1.09182e+07,0,0,0,0,32.2844,61.308,2.57373,1,1,1.57086,1.76331,0,1.30835,1.69344,8.39061e+06,3.69306e+06,1.31805e+07,0,0,0,0
91.2632,122.105,4.3653,0.56,0,2.70481,3.03619,0,0.506773,4.89888,4.03744e+06,2.76295e+06,1.09205e+07,0,0,0,0,32.4807,61.308,2.73866,1,1,1.57119,1.76369,0,1.21364,1.69344,8.39061e+06,3.69306e+06,1.31833e+07,0,0,0,0
92.2481,122.105,4.23061,0.57,0,2.70538,3.03683,0,0.506881,4.89888,4.03744e+06,2.76295e+06,1.09228e+07,0,0,0,0,32.7485,61.308,2.99367,1,1,1.57153,1.76406,0,1.2139,1.69344,8.39061e+06,3.69306e+06,1.31861e+07,0,0,0,0
100.785,122.105,13.1965,0.6,0,2.70596,3.03748,0,0.506989,4.89888,4.03744e+06,2.76295e+06,1.09251e+07,0,0,0,0,34.8002,61.308,7.40297,1,1,1.57186,1.76444,0,1.21416,1.69344,8.39061e+06,3.69306e+06,1.31889e+07,0,0,0,0
109.182,122.105,13.6669,0.57,0,2.70654,3.03813,0,0.507097,4.89888,4.03744e+06,2.76295e+06,1.09275e+07,0,0,0,0,37.1716,61.308,7.87689,1,1,1.5722,1.76481,0,1.21442,1.69344,8.39061e+06,3.69306e+06,1.31917e+07,0,0,0,0
112.32,122.105,6.72475,0.53,0,2.80602,3.1498,0,0.507205,4.89888,4.03744e+06,2.76295e+06,1.13291e+07,0,0,0,0,37.9081,61.308,4.33592,1,1,1.63578,1.83618,0,1.21468,1.69344,8.39061e+06,3.69306e+06,1.37252e+07,0,0,0,0
114.582,122.105,5.84949,0.55,0,2.80662,3.15047,0,0.525849,4.89888,4.03744e+06,2.76295e+06,1.13316e+07,0,0,0,0,38.4155,61.308,3.40548,1,1,1.63612,1.83657,0,1.2638,1.69344,8.39061e+06,3.69306e+06,1.37281e+07,0,0,0,0
116.208,122.105,5.18427,0.44,0,2.80722,3.15114,0,0.525961,4.89888,4.03744e+06,2.76295e+06,1.1334e+07,0,0,0,0,38.7448,61.308,3.28382,1,1,1.63647,1.83697,0,1.26407,1.69344,8.39061e+06,3.69306e+06,1.3731e+07,0,0,0,0
118.444,122.105,5.93499,0.46,0,2.80782,3.15182,0,0.526073,4.89888,4.03744e+06,2.76295e+06,1.13364e+07,0,0,0,0,39.157,61.308,3.59023,1,1,1.63682,1.83736,0,1.26434,1.69344,8.39061e+06,3.69306e+06,1.37339e+07,0,0,0,0
119.547,122.105,4.39772,0.45,0,2.76971,3.10904,0,0.526185,4.89888,4.03744e+06,2.76295e+06,1.11825e+07,0,0,0,0,39.3101,61.308,3.00167,1,1,1.61258,1.81015,0,1.26461,1.69344,8.39061e+06,3.69306e+06,1.35306e+07,0,0,0,0
119.992,122.105,3.6388,0.43,0,2.77029,3.1097,0,0.519043,4.89888,4.03744e+06,2.76295e+06,1.11849e+07,0,0,0,0,39.4488,61.308,3.2179,1,1,1.61293,1.81053,0,1.24588,1.69344,8.39061e+06,3.69306e+06,1.35334e+07,0,0,0,0
120.566,122.105,3.84543,0.4,0,2.77088,3.11036,0,0.519153,4.89888,4.03744e+06,2.76295e+06,1.11873e+07,0,0,0,0,39.4563,61.308,2.69571,1,1,1.61327,1.81092,0,1.24615,1.69344,8.39061e+06,3.69306e+06,1.35363e+07,0,0,0,0
120.871,122.105,3.72378,0.39,0,3.04311,3.11102,0,0.519264,4.89888,4.03744e+06,2.76295e+06,1.22864e+07,0,0,0,0,39.3493,61.308,2.76198,1,1,1.69344,1.81131,0.0783266,1.24641,1.69344,8.39061e+06,3.69306e+06,1.4209e+07,0,0,0,0
120.593,122.105,3.09393,0.37,0,3.18815,3.25929,0,0.570279,4.89888,4.03744e+06,2.76295e+06,1.28719e+07,0,0,0,0,39.1843,61.308,2.64401,1,1,1.69344,1.90964,0.174515,1.30835,1.69344,8.39061e+06,3.69306e+06,1.4209e+07,0,0,0,0
120.155,122.105,2.93931,0.33,0,3.18882,3.25998,0,0.597458,4.89888,4.03744e+06,2.76295e+06,1.28747e+07,0,0,0,0,38.9523,61.308,2.59444,1,1,1.69344,1.91005,0.174912,1.30835,1.69344,8.39061e+06,3.69306e+06,1.4209e+07,0,0,0,0
119.653,122.105,2.83372,0.29,0,3.1895,3.26068,0,0.597585,4.89888,4.03744e+06,2.76295e+06,1.28774e+07,0,0,0,0,38.6731,61.308,2.36005,1,1,1.69344,1.91045,0.175309,1.30835,1.69344,8.39061e+06,3.69306e+06,1.4209e+07,0,0,0,0
118.879,122.105,2.51878,0.3,0,3.19018,3.26137,0,0.597713,4.89888,4.03744e+06,2.76295e+06,1.28801e+07,0,0,0,0,38.3457,61.308,2.1999,1,1,1.69344,1.91086,0.175707,1.30835,1.69344,8.39061e+06,3.69306e+06,1.4209e+07,0,0,0,0
118.033,122.105,2.38427,0.28,0,3.19086,3.26206,0,0.59784,4.89888,4.03744e+06,2.76295e+06,1.28829e+07,0,0,0,0,37.978,61.308,2.09912,1,1,1.69344,1.91126,0.176104,1.30835,1.69344,8.39061e+06,3.69306e+06,1.4209e+07,0,0,0,0
117.384,122.105,2.53769,0.26,0,3.16295,3.23354,0,0.597967,4.89888,4.03744e+06,2.76295e+06,1.27702e+07,0,0,0,0,37.6707,61.308,2.0062,1,1,1.69344,1.96556,0.229217,1.30835,1.69344,8.39061e+06,3.69306e+06,1.4209e+07,0,0,0,0
116.73,122.105,2.54374,0.27,0,3.16362,3.23422,0,0.592737,4.89888,4.03744e+06,2.76295e+06,1.27729e+07,0,0,0,0,37.3638,61.308,2.0986,1,1,1.69344,1.96598,0.229626,1.30835,1.69344,8.39061e+06,3.69306e+06,1.4209e+07,0,0,0,0
116,122.105,2.45604,0.27,0,3.1643,3.23491,0,0.592863,4.89888,4.03744e+06,2.76295e+06,1.27756e+07,0,0,0,0,37.0287,61.308,2.09139,1,1,1.69344,1.9664,0.230035,1.30835,1.69344,8.39061e+06,3.69306e+06,1.4209e+07,0,0,0,0
115.055,122.105,2.19244,0.27,0,3.16497,3.2356,0,0.592989,4.89888,4.03744e+06,2.76295e+06,1.27784e+07,0,0,0,0,36.6287,61.308,1.86879,1,1,1.69344,1.96682,0.230443,1.30835,1.69344,8.39061e+06,3.69306e+06,1.4209e+07,0,0,0,0
113.967,122.105,2.08077,0.25,0,3.23952,3.31181,0,0.593115,4.89888,4.03744e+06,2.76295e+06,1.30794e+07,0,0,0,0,36.0868,61.308,1.7357,1,1,1.69344,2.0153,0.277873,1.30835,1.69344,8.39061e+06,3.69306e+06,1.4209e+07,0,0,0,0
112.82,122.105,1.99816,0.24,0,3.24021,3.31252,0,0.607086,4.89888,4.03744e+06,2.76295e+06,1.30821e+07,0,0,0,0,35.4573,61.308,1.60491,1,1,1.69344,2.01573,0.278292,1.30835,1.69344,8.39061e+06,3.69306e+06,1.4209e+07,0,0,0,0
111.491,122.105,1.80382,0.26,0,3.2409,3.31322,0,0.607215,4.89888,4.03744e+06,2.76295e+06,1.30849e+07,0,0,0,0,34.7144,61.308,1.51914,1,1,1.69344,2.01616,0.278711,1.30835,1.69344,8.39061e+06,3.69306e+06,1.4209e+07,0,0,0,0
110.045,122.105,1.6613,0.25,0,3.24159,3.31393,0,0.607344,4.89888,4.03744e+06,2.76295e+06,1.30877e+07,0,0,0,0,33.9738,61.308,1.41504,1,1,1.69344,2.01659,0.27913,1.30835,1.69344,8.39061e+06,3.69306e+06,1.4209e+07,0,0,0,0
108.239,122.105,1.44702,0.25,0,3.45881,3.536,0,0.607473,4.89888,4.03744e+06,2.76295e+06,1.39647e+07,0,0,0,0,33.3472,61.308,1.42218,1,1,1.69344,2.19068,0.449415,1.30835,1.69344,8.39061e+06,3.69306e+06,1.4209e+07,0,0,0,0
106.165,122.105,1.15786,0.25,0,3.45955,3.53675,0,0.648182,4.89888,4.03744e+06,2.76295e+06,1.39677e+07,0,0,0,0,32.6402,61.308,1.50473,1,1,1.69344,2.19114,0.449871,1.30835,1.69344,8.39061e+06,3.69306e+06,1.4209e+07,0,0,0,0
104.062,122.105,1.10178,0.25,0,3.46028,3.5375,0,0.648319,4.89888,4.03744e+06,2.76295e+06,1.39707e+07,0,0,0,0,32.0033,61.308,1.40563,1,1,1.69344,2.19161,0.450326,1.30835,1.69344,8.39061e+06,3.69306e+06,1.4209e+07,0,0,0,0
102.29,122.105,1.44404,0.26,0,3.46102,3.53825,0,0.648457,4.89888,4.03744e+06,2.76295e+06,1.39736e+07,0,0,0,0,31.3966,61.308,1.58796,1,1,1.69344,2.19207,0.450781,1.30835,1.69344,8.39061e+06,3.69306e+06,1.4209e+07,0,0,0,0
101.027,122.105,2.02983,0.27,0,3.46175,3.53901,0,0.648595,4.89888,4.03744e+06,2.76295e+06,1.39766e+07,0,0,0,0,30.4463,61.308,1.84685,1,1,1.69344,2.19254,0.451237,1.30835,1.69344,8.39061e+06,3.69306e+06,1.4209e+07,0,0,0,0
99.0458,122.105,1.02629,0.27,0,3.35684,3.43175,0,0.648733,4.89888,4.03744e+06,2.76295e+06,1.3553e+07,0,0,0,0,29.0643,61.308,0.959469,1,1,1.69344,2.08749,0.348481,1.30835,1.69344,8.39061e+06,3.69306e+06,1.4209e+07,0,0,0,0
96.7627,122.105,0.661797,0.28,0,3.35756,3.43248,0,0.629073,4.89888,4.03744e+06,2.76295e+06,1.35559e+07,0,0,0,0,27.7772,61.308,0.672979,1,1,1.69344,2.08793,0.348914,1.30835,1.69344,8.39061e+06,3.69306e+06,1.4209e+07,0,0,0,0
94.7689,122.105,1.04403,0.29,0,3.35827,3.43321,0,0.629206,4.89888,4.03744e+06,2.76295e+06,1.35588e+07,0,0,0,0,26.8732,61.308,0.882862,1,1,1.69344,2.08837,0.349348,1.30835,1.69344,8.39061e+06,3.69306e+06,1.4209e+07,0,0,0,0
93.7723,122.105,2.32865,0.29,0,3.35898,3.43394,0,0.62934,4.89888,4.03744e+06,2.76295e+06,1.35617e+07,0,0,0,0,25.7908,61.308,1.26084,1,1,1.69344,2.08882,0.349782,1.30835,1.69344,8.39061e+06,3.69306e+06,1.4209e+07,0,0,0,0
91.8063,122.105,1.00836,0.29,0,3.27291,3.34594,0,0.629473,4.89888,4.03744e+06,2.76295e+06,1.32142e+07,0,0,0,0,24.6251,61.308,0.830555,1,1,1.69344,1.99313,0.256187,1.30835,1.69344,8.39061e+06,3.69306e+06,1.4209e+07,0,0,0,0
90.3119,122.105,1.54799,0.29,0,3.2736,3.34665,0,0.613343,4.89888,4.03744e+06,2.76295e+06,1.3217e+07,0,0,0,0,23.687,61.308,0.931205,1,1,1.69344,1.99356,0.256601,1.30835,1.69344,8.39061e+06,3.69306e+06,1.4209e+07,0,0,0,0
90.0319,122.105,2.97287,0.29,0,3.2743,3.34737,0,0.613473,4.89888,4.03744e+06,2.76295e+06,1.32198e+07,0,0,0,0,23.3036,61.308,1.34774,1,1,1.69344,1.99398,0.257015,1.30835,1.69344,8.39061e+06,3.69306e+06,1.4209e+07,0,0,0,0
89.2967,122.105,2.46547,0.3,0,3.27499,3.34808,0,0.613603,4.89888,4.03744e+06,2.76295e+06,1.32226e+07,0,0,0,0,22.7121,61.308,1.99294,1,1,1.69344,1.9944,0.257429,1.30835,1.69344,8.39061e+06,3.69306e+06,1.4209e+07,0,0,0,0
88.6472,122.105,2.4275,0.35,0,3.02899,3.09658,0,0.613733,4.89888,4.03744e+06,2.76295e+06,1.22294e+07,0,0,0,0,21.9705,61.308,1.35645,1,1,1.69344,1.79445,0.0618433,1.30835,1.69344,8.39061e+06,3.69306e+06,1.4209e+07,0,0,0,0
87.6975,122.105,2.03933,0.37,0,3.02963,3.09724,0,0.567633,4.89888,4.03744e+06,2.76295e+06,1.22319e+07,0,0,0,0,20.9207,61.308,1.22381,1,1,1.69344,1.79483,0.0622158,1.30835,1.69344,8.39061e+06,3.69306e+06,1.4209e+07,0,0,0,0
86.2597,122.105,1.52435,0.38,0,3.03028,3.0979,0,0.567753,4.89888,4.03744e+06,2.76295e+06,1.22345e+07,0,0,0,0,19.9003,61.308,1.18135,1,1,1.69344,1.79522,0.0625884,1.30835,1.69344,8.39061e+06,3.69306e+06,1.4209e+07,0,0,0,0
85.5458,122.105,2.21878,0.39,0,3.03092,3.09856,0,0.567874,4.89888,4.03744e+06,2.76295e+06,1.22371e+07,0,0,0,0,19.281,61.308,1.23076,1,1,1.69344,1.7956,0.0629611,1.30835,1.69344,8.39061e+06,3.69306e+06,1.4209e+07,0,0,0,0
87.3496,122.105,4.66622,0.41,0,2.76096,3.09921,0,0.567994,4.89888,4.03744e+06,2.76295e+06,1.11472e+07,0,0,0,0,18.8735,61.308,1.72728,1,1,1.59996,1.79598,0,1.30835,1.69344,8.39061e+06,3.69306e+06,1.34246e+07,0,0,0,0
91.7091,122.105,7.60952,0.43,0,2.84803,3.19696,0,0.517403,4.89888,4.03744e+06,2.76295e+06,1.14988e+07,0,0,0,0,19.1408,61.308,3.52783,1,1,1.65203,1.85443,0,1.23613,1.69344,8.39061e+06,3.69306e+06,1.38616e+07,0,0,0,0
93.2902,122.105,4.64021,0.4,0,2.84861,3.19761,0,0.533722,4.89888,4.03744e+06,2.76295e+06,1.15011e+07,0,0,0,0,19.2062,61.308,2.8906,1,1,1.65236,1.8548,0,1.27636,1.69344,8.39061e+06,3.69306e+06,1.38643e+07,0,0,0,0
93.9558,122.105,3.67145,0.44,0,2.84918,3.19825,0,0.533829,4.89888,4.03744e+06,2.76295e+06,1.15034e+07,0,0,0,0,19.1935,61.308,2.56154,1,1,1.6527,1.85518,0,1.27662,1.69344,8.39061e+06,3.69306e+06,1.38671e+07,0,0,0,0
95.7756,122.105,5.73168,0.44,0,2.84976,3.19889,0,0.533937,4.89888,4.03744e+06,2.76295e+06,1.15057e+07,0,0,0,0,20.0069,61.308,4.49136,1,1,1.65303,1.85555,0,1.27687,1.69344,8.39061e+06,3.69306e+06,1.38699e+07,0,0,0,0
97.8483,122.105,5.70543,0.46,0,3.12835,3.51162,0,0.534044,4.89888,4.03744e+06,2.76295e+06,1.26305e+07,0,0,0,0,20.6348,61.308,4.4086,1,1,1.69344,2.07414,0.154323,1.27713,1.69344,8.39061e+06,3.69306e+06,1.4209e+07,0,0,0,0
99.057,122.105,5.09333,0.39,0,3.43565,3.51232,0,0.586252,4.89888,4.03744e+06,2.76295e+06,1.38712e+07,0,0,0,0,21.6236,61.308,3.93794,1,1,1.69344,2.07456,0.335835,1.30835,1.69344,8.39061e+06,3.69306e+06,1.4209e+07,0,0,0,0
100.956,122.105,5.63555,0.41,0,3.12961,3.51303,0,0.643841,4.89888,4.03744e+06,2.76295e+06,1.26356e+07,0,0,0,0,22.5647,61.308,4.35479,1,1,1.69344,2.07498,0.155068,1.30835,1.69344,8.39061e+06,3.69306e+06,1.4209e+07,0,0,0,0
104.353,122.105,7.33964,0.42,0,3.13024,3.51374,0,0.586488,4.89888,4.03744e+06,2.76295e+06,1.26381e+07,0,0,0,0,23.4255,61.308,4.57146,1,1,1.69344,2.0754,0.15544,1.30835,1.69344,8.39061e+06,3.69306e+06,1.4209e+07,0,0,0,0
106.697,122.105,5.88452,0.44,0,2.73401,3.06897,0,0.586606,4.89888,4.03744e+06,2.76295e+06,1.10384e+07,0,0,0,0,24.5525,61.308,4.44368,1,1,1.58815,1.78273,0,1.30835,1.69344,8.39061e+06,3.69306e+06,1.33256e+07,0,0,0,0
108.789,122.105,6.12859,0.39,0,3.00258,3.06959,0,0.512353,4.89888,4.03744e+06,2.76295e+06,1.21227e+07,0,0,0,0,25.9093,61.308,4.6125,1,1,1.69344,1.78309,0.0507247,1.22701,1.69344,8.39061e+06,3.69306e+06,1.4209e+07,0,0,0,0
111.243,122.105,6.43984,0.42,0,2.73511,3.0702,0,0.562683,4.89888,4.03744e+06,2.76295e+06,1.10428e+07,0,0,0,0,27.1407,61.308,5.16159,1,1,1.58879,1.78345,0,1.30835,1.69344,8.39061e+06,3.69306e+06,1.3331e+07,0,0,0,0
112.95,122.105,5.31878,0.44,0,2.73566,3.07082,0,0.51256,4.89888,4.03744e+06,2.76295e+06,1.10451e+07,0,0,0,0,27.9568,61.308,3.72556,1,1,1.58911,1.78381,0,1.2275,1.69344,8.39061e+06,3.69306e+06,1.33336e+07,0,0,0,0
115.031,122.105,5.70451,0.52,0,2.73621,3.07144,0,0.512663,4.89888,4.03744e+06,2.76295e+06,1.10473e+07,0,0,0,0,28.767,61.308,3.80897,1,1,1.58943,1.78416,0,1.22775,1.69344,8.39061e+06,3.69306e+06,1.33363e+07,0,0,0,0
116.626,122.105,5.28391,0.44,0,2.83676,3.1843,0,0.512766,4.89888,4.03744e+06,2.76295e+06,1.14532e+07,0,0,0,0,29.8866,61.308,4.40478,1,1,1.65369,1.8563,0,1.228,1.69344,8.39061e+06,3.69306e+06,1.38755e+07,0,0,0,0
117.291,122.105,4.14223,0.47,0,2.83733,3.18495,0,0.531609,4.89888,4.03744e+06,2.76295e+06,1.14555e+07,0,0,0,0,30.6754,61.308,3.62506,1,1,1.65403,1.85667,0,1.27764,1.69344,8.39061e+06,3.69306e+06,1.38783e+07,0,0,0,0
118.089,122.105,4.31095,0.49,0,2.8379,3.18559,0,0.531716,4.89888,4.03744e+06,2.76295e+06,1.14578e+07,0,0,0,0,31.4168,61.308,3.53098,1,1,1.65436,1.85704,0,1.2779,1.69344,8.39061e+06,3.69306e+06,1.38811e+07,0,0,0,0
118.226,122.105,3.45819,0.46,0,2.83847,3.18623,0,0.531823,4.89888,4.03744e+06,2.76295e+06,1.14602e+07,0,0,0,0,31.8601,61.308,3.33304,1,1,1.65469,1.85742,0,1.27816,1.69344,8.39061e+06,3.69306e+06,1.38839e+07,0,0,0,0
118.235,122.105,3.21832,0.45,0,2.79991,3.14295,0,0.53193,4.89888,4.03744e+06,2.76295e+06,1.13045e+07,0,0,0,0,32.0825,61.308,2.86886,1,1,1.63017,1.82989,0,1.27842,1.69344,8.39061e+06,3.69306e+06,1.36781e+07,0,0,0,0
117.78,122.105,2.68664,0.44,0,2.80048,3.14358,0,0.524704,4.89888,4.03744e+06,2.76295e+06,1.13068e+07,0,0,0,0,32.1291,61.308,2.34583,1,1,1.6305,1.83026,0,1.25947,1.69344,8.39061e+06,3.69306e+06,1.36809e+07,0,0,0,0
117.238,122.105,2.47704,0.42,0,2.80104,3.14421,0,0.52481,4.89888,4.03744e+06,2.76295e+06,1.1309e+07,0,0,0,0,32.074,61.308,2.12692,1,1,1.63083,1.83063,0,1.25972,1.69344,8.39061e+06,3.69306e+06,1.36837e+07,0,0,0,0
116.648,122.105,2.4869,0.4,0,2.80161,3.14485,0,0.524915,4.89888,4.03744e+06,2.76295e+06,1.13113e+07,0,0,0,0,32.0766,61.308,2.39143,1,1,1.63116,1.831,0,1.25998,1.69344,8.39061e+06,3.69306e+06,1.36864e+07,0,0,0,0
115.665,122.105,2.37286,0.39,0,3.22277,3.29469,0,0.525021,4.89888,4.03744e+06,2.76295e+06,1.30117e+07,0,0,0,0,32.0494,61.308,2.21814,1,1,1.69344,1.93038,0.194803,1.26023,1.69344,8.39061e+06,3.69306e+06,1.4209e+07,0,0,0,0
114.553,122.105,2.17531,0.35,0,3.22342,3.29535,0,0.603947,4.89888,4.03744e+06,2.76295e+06,1.30144e+07,0,0,0,0,31.8932,61.308,2.18714,1,1,1.69344,1.93077,0.195183,1.30835,1.69344,8.39061e+06,3.69306e+06,1.4209e+07,0,0,0,0
113.395,122.105,2.09082,0.31,0,3.22407,3.29602,0,0.604069,4.89888,4.03744e+06,2.76295e+06,1.3017e+07,0,0,0,0,31.6197,61.308,1.96377,1,1,1.69344,1.93116,0.195563,1.30835,1.69344,8.39061e+06,3.69306e+06,1.4209e+07,0,0,0,0
112.085,122.105,1.88501,0.39,0,3.22472,3.29668,0,0.60419,4.89888,4.03744e+06,2.76295e+06,1.30196e+07,0,0,0,0,31.2249,61.308,1.87523,1,1,1.69344,1.93155,0.195943,1.30835,1.69344,8.39061e+06,3.69306e+06,1.4209e+07,0,0,0,0
110.725,122.105,1.7975,0.36,0,3.22537,3.29734,0,0.604312,4.89888,4.03744e+06,2.76295e+06,1.30222e+07,0,0,0,0,30.9659,61.308,1.7757,1,1,1.69344,1.93193,0.196323,1.30835,1.69344,8.39061e+06,3.69306e+06,1.4209e+07,0,0,0,0
110.021,122.105,2.46846,0.33,0,3.19712,3.26847,0,0.604434,4.89888,4.03744e+06,2.76295e+06,1.29082e+07,0,0,0,0,30.8211,61.308,2.42864,1,1,1.69344,1.9868,0.249988,1.30835,1.69344,8.39061e+06,3.69306e+06,1.4209e+07,0,0,0,0
109.248,122.105,2.38763,0.3,0,3.19776,3.26913,0,0.599141,4.89888,4.03744e+06,2.76295e+06,1.29108e+07,0,0,0,0,30.6873,61.308,2.55807,1,1,1.69344,1.9872,0.250379,1.30835,1.69344,8.39061e+06,3.69306e+06,1.4209e+07,0,0,0,0
108.284,122.105,2.16962,0.3,0,3.19841,3.26978,0,0.599261,4.89888,4.03744e+06,2.76295e+06,1.29134e+07,0,0,0,0,30.5048,61.308,2.27409,1,1,1.69344,1.9876,0.25077,1.30835,1.69344,8.39061e+06,3.69306e+06,1.4209e+07,0,0,0,0
107.272,122.105,2.06666,0.28,0,3.19905,3.27044,0,0.599382,4.89888,4.03744e+06,2.76295e+06,1.2916e+07,0,0,0,0,30.2448,61.308,2.21746,1,1,1.69344,1.988,0.251161,1.30835,1.69344,8.39061e+06,3.69306e+06,1.4209e+07,0,0,0,0
106.255,122.105,2.0962,0.28,0,3.27437,3.34744,0,0.599502,4.89888,4.03744e+06,2.76295e+06,1.32201e+07,0,0,0,0,30.0249,61.308,2.30958,1,1,1.69344,2.03698,0.299079,1.30835,1.69344,8.39061e+06,3.69306e+06,1.4209e+07,0,0,0,0
105.471,122.105,2.33396,0.28,0,3.27503,3.34811,0,0.613617,4.89888,4.03744e+06,2.76295e+06,1.32227e+07,0,0,0,0,29.9206,61.308,2.58307,1,1,1.69344,2.03739,0.29948,1.30835,1.69344,8.39061e+06,3.69306e+06,1.4209e+07,0,0,0,0
104.441,122.105,2.06522,0.3,0,3.27569,3.34879,0,0.61374,4.89888,4.03744e+06,2.76295e+06,1.32254e+07,0,0,0,0,29.7708,61.308,2.372,1,1,1.69344,2.0378,0.29988,1.30835,1.69344,8.39061e+06,3.69306e+06,1.4209e+07,0,0,0,0
103.29,122.105,1.92416,0.29,0,3.27634,3.34946,0,0.613864,4.89888,4.03744e+06,2.76295e+06,1.3228e+07,0,0,0,0,29.6065,61.308,2.28765,1,1,1.69344,2.03821,0.300281,1.30835,1.69344,8.39061e+06,3.69306e+06,1.4209e+07,0,0,0,0
101.69,122.105,1.6188,0.28,0,3.49586,3.57387,0,0.613987,4.89888,4.03744e+06,2.76295e+06,1.41143e+07,0,0,0,0,29.4401,61.308,2.28504,1,1,1.69344,2.21414,0.472367,1.30835,1.69344,8.39061e+06,3.69306e+06,1.4209e+07,0,0,0,0
100.623,122.105,2.21761,0.26,0,3.49656,3.57459,0,0.655124,4.89888,4.03744e+06,2.76295e+06,1.41172e+07,0,0,0,0,29.5398,61.308,2.8929,1,1,1.69344,2.21458,0.472803,1.30835,1.69344,8.39061e+06,3.69306e+06,1.4209e+07,0,0,0,0
99.4209,122.105,1.94846,0.26,0,3.49727,3.57531,0,0.655256,4.89888,4.03744e+06,2.76295e+06,1.412e+07,0,0,0,0,29.3894,61.308,2.33916,1,1,1.69344,2.21503,0.473239,1.30835,1.69344,8.39061e+06,3.69306e+06,1.4209e+07,0,0,0,0
97.661,122.105,1.35293,0.27,0,3.49797,3.57603,0,0.655388,4.89888,4.03744e+06,2.76295e+06,1.41228e+07,0,0,0,0,29.1344,61.308,2.06399,1,1,1.69344,2.21547,0.473674,1.30835,1.69344,8.39061e+06,3.69306e+06,1.4209e+07,0,0,0,0
95.8444,122.105,1.29915,0.29,0,3.49867,3.57675,0,0.655519,4.89888,4.03744e+06,2.76295e+06,1.41257e+07,0,0,0,0,28.9009,61.308,2.09776,1,1,1.69344,2.21592,0.47411,1.30835,1.69344,8.39061e+06,3.69306e+06,1.4209e+07,0,0,0,0
94.4438,122.105,1.6203,0.3,0,3.39261,3.46831,0,0.655651,4.89888,4.03744e+06,2.76295e+06,1.36974e+07,0,0,0,0,28.9125,61.308,2.56751,1,1,1.69344,2.10973,0.370234,1.30835,1.69344,8.39061e+06,3.69306e+06,1.4209e+07,0,0,0,0
92.9489,122.105,1.50151,0.3,0,3.39329,3.46901,0,0.635774,4.89888,4.03744e+06,2.76295e+06,1.37002e+07,0,0,0,0,28.901,61.308,2.35056,1,1,1.69344,2.11015,0.370649,1.30835,1.69344,8.39061e+06,3.69306e+06,1.4209e+07,0,0,0,0
91.9603,122.105,2.06797,0.3,0,3.39397,3.46971,0,0.635902,4.89888,4.03744e+06,2.76295e+06,1.37029e+07,0,0,0,0,29.1256,61.308,2.73942,1,1,1.69344,2.11057,0.371064,1.30835,1.69344,8.39061e+06,3.69306e+06,1.4209e+07,0,0,0,0
93.4496,122.105,5.15208,0.3,0,3.39465,3.47041,0,0.63603,4.89888,4.03744e+06,2.76295e+06,1.37057e+07,0,0,0,0,30.5352,61.308,4.86274,1,1,1.69344,2.111,0.371478,1.30835,1.69344,8.39061e+06,3.69306e+06,1.4209e+07,0,0,0,0
92.8463,122.105,2.54414,0.3,0,3.30762,3.38144,0,0.636158,4.89888,4.03744e+06,2.76295e+06,1.33543e+07,0,0,0,0,30.8315,61.308,3.01725,1,1,1.69344,2.01428,0.276867,1.30835,1.69344,8.39061e+06,3.69306e+06,1.4209e+07,0,0,0,0
91.4833,122.105,1.80123,0.3,0,3.30829,3.38212,0,0.619849,4.89888,4.03744e+06,2.76295e+06,1.3357e+07,0,0,0,0,30.7641,61.308,2.2692,1,1,1.69344,2.01468,0.277263,1.30835,1.69344,8.39061e+06,3.69306e+06,1.4209e+07,0,0,0,0
90.5944,122.105,2.47509,0.3,0,3.30895,3.3828,0,0.619973,4.89888,4.03744e+06,2.76295e+06,1.33597e+07,0,0,0,0,31.0142,61.308,3.11364,1,1,1.69344,2.01509,0.277659,1.30835,1.69344,8.39061e+06,3.69306e+06,1.4209e+07,0,0,0,0
92.0589,122.105,5.17781,0.31,0,3.30962,3.38347,0,0.620098,4.89888,4.03744e+06,2.76295e+06,1.33624e+07,0,0,0,0,32.3564,61.308,4.83029,1,1,1.69344,2.01549,0.278055,1.30835,1.69344,8.39061e+06,3.69306e+06,1.4209e+07,0,0,0,0
93.2506,122.105,4.47273,0.32,0,3.06098,3.12929,0,0.620222,4.89888,4.03744e+06,2.76295e+06,1.23585e+07,0,0,0,0,32.8825,61.308,3.89286,1,1,1.69344,1.81341,0.0803815,1.30835,1.69344,8.39061e+06,3.69306e+06,1.4209e+07,0,0,0,0
92.772,122.105,2.84535,0.33,0,3.0616,3.12992,0,0.573628,4.89888,4.03744e+06,2.76295e+06,1.2361e+07,0,0,0,0,34.054,61.308,4.80241,1,1,1.69344,1.81377,0.0807378,1.30835,1.69344,8.39061e+06,3.69306e+06,1.4209e+07,0,0,0,0
92.8085,122.105,3.56344,0.34,0,3.06221,3.13055,0,0.573743,4.89888,4.03744e+06,2.76295e+06,1.23635e+07,0,0,0,0,36.0683,61.308,6.5576,1,1,1.69344,1.81413,0.0810942,1.30835,1.69344,8.39061e+06,3.69306e+06,1.4209e+07,0,0,0,0
92.4425,122.105,3.17024,0.36,0,3.06283,3.13118,0,0.573858,4.89888,4.03744e+06,2.76295e+06,1.2366e+07,0,0,0,0,37.227,61.308,4.48217,1,1,1.69344,1.8145,0.0814505,1.30835,1.69344,8.39061e+06,3.69306e+06,1.4209e+07,0,0,0,0
92.3324,122.105,3.33305,0.38,0,3.06344,3.1318,0,0.573974,4.89888,4.03744e+06,2.76295e+06,1.23684e+07,0,0,0,0,39.1163,61.308,5.79516,1,1,1.69344,1.81486,0.081807,1.30835,1.69344,8.39061e+06,3.69306e+06,1.4209e+07,0,0,0,0
94.7843,122.105,6.29018,0.41,0,2.87795,3.23054,0,0.574089,4.89888,4.03744e+06,2.76295e+06,1.16195e+07,0,0,0,0,41.055,61.308,6.32129,1,1,1.66938,1.87391,0,1.30835,1.69344,8.39061e+06,3.69306e+06,1.40072e+07,0,0,0,0
99.4461,122.105,8.76548,0.42,0,2.8785,3.23116,0,0.539328,4.89888,4.03744e+06,2.76295e+06,1.16218e+07,0,0,0,0,43.4403,61.308,8.11065,1,1,1.6697,1.87427,0,1.28977,1.69344,8.39061e+06,3.69306e+06,1.40098e+07,0,0,0,0
108.794,122.105,15.0002,0.39,0,3.16123,3.23177,0,0.53943,4.89888,4.03744e+06,2.76295e+06,1.27633e+07,0,0,0,0,48.2103,61.308,13.2116,1,1,1.69344,1.87462,0.140262,1.29001,1.69344,8.39061e+06,3.69306e+06,1.4209e+07,0,0,0,0
118.944,122.105,15.4357,0.37,0,3.16183,3.23239,0,0.592414,4.89888,4.03744e+06,2.76295e+06,1.27657e+07,0,0,0,0,51.1053,61.308,9.45042,1,1,1.69344,1.87498,0.140611,1.30835,1.69344,8.39061e+06,3.69306e+06,1.4209e+07,0,0,0,0
122.105,122.105,11.0045,0.34,0,3.47089,3.54834,0,0.592527,4.89888,4.03744e+06,2.76295e+06,1.40135e+07,0,0,0,0,52.8865,61.308,7.26811,1,1,1.69344,2.09584,0.356646,1.30835,1.69344,8.39061e+06,3.69306e+06,1.4209e+07,0,0,0,0
122.105,122.105,9.16705,0.23,0,3.47155,3.54902,0,0.650444,4.89888,4.03744e+06,2.76295e+06,1.40161e+07,0,0,0,0,54.6449,61.308,8.51222,1,1,1.69344,2.09623,0.357036,1.30835,1.69344,8.39061e+06,3.69306e+06,1.4209e+07,0,0,0,0
122.105,122.105,13.6127,0.25,0,3.47221,3.54969,0,0.650568,4.89888,4.03744e+06,2.76295e+06,1.40188e+07,0,0,0,0,59.3716,61.308,13.6987,1,1,1.69344,2.09663,0.357426,1.30835,1.69344,8.39061e+06,3.69306e+06,1.4209e+07,0,0,0,0
122.105,122.105,15.3058,0.25,0,3.47287,3.55037,0,0.650691,4.89888,4.03744e+06,2.76295e+06,1.40215e+07,0,0,0,0,62.3362,61.308,14.1015,1,1,1.69344,2.09703,0.357816,1.30835,1.69344,8.39061e+06,3.69306e+06,1.4209e+07,0,0,0,0
122.105,122.105,14.1953,0.27,0,3.03324,3.10092,0,0.650815,4.89888,4.03744e+06,2.76295e+06,1.22465e+07,0,0,0,0,62.3362,61.308,11.8888,1,1,1.69344,1.80129,0.0685321,1.30835,1.69344,8.39061e+06,3.69306e+06,1.4209e+07,0,0,0,0
122.105,122.105,9.21215,0.3,0,3.03381,3.10151,0,0.568428,4.89888,4.03744e+06,2.76295e+06,1.22488e+07,0,0,0,0,62.3362,61.308,10.5461,1,1,1.69344,1.80163,0.0688672,1.30835,1.69344,8.39061e+06,3.69306e+06,1.4209e+07,0,0,0,0
122.105,122.105,7.83765,0.32,0,3.03439,3.1021,0,0.568536,4.89888,4.03744e+06,2.76295e+06,1.22512e+07,0,0,0,0,62.3362,61.308,8.21361,1,1,1.69344,1.80198,0.0692023,1.30835,1.69344,8.39061e+06,3.69306e+06,1.4209e+07,0,0,0,0
122.105,122.105,8.95668,0.32,0,3.03497,3.10269,0,0.568645,4.89888,4.03744e+06,2.76295e+06,1.22535e+07,0,0,0,0,62.3362,61.308,8.98702,1,1,1.69344,1.80232,0.0695375,1.30835,1.69344,8.39061e+06,3.69306e+06,1.4209e+07,0,0,0,0
122.105,122.105,7.84414,0.35,0,3.03554,3.10328,0,0.568753,4.89888,4.03744e+06,2.76295e+06,1.22558e+07,0,0,0,0,62.3362,61.308,7.69831,1,1,1.69344,1.80266,0.0698727,1.30835,1.69344,8.39061e+06,3.69306e+06,1.4209e+07,0,0,0,0
122.105,122.105,7.25117,0.38,0,3.14705,3.21728,0,0.568861,4.89888,4.03744e+06,2.76295e+06,1.2706e+07,0,0,0,0,62.3362,61.308,8.48185,1,1,1.69344,1.87552,0.14114,1.30835,1.69344,8.39061e+06,3.69306e+06,1.4209e+07,0,0,0,0
122.105,122.105,7.78699,0.4,0,2.86668,3.21789,0,0.589758,4.89888,4.03744e+06,2.76295e+06,1.1574e+07,0,0,0,0,62.3362,61.308,8.83135,1,1,1.67114,1.87588,0,1.30835,1.69344,8.39061e+06,3.69306e+06,1.40219e+07,0,0,0,0
122.105,122.105,11.3722,0.41,0,2.86723,3.21851,0,0.537216,4.89888,4.03744e+06,2.76295e+06,1.15762e+07,0,0,0,0,62.3362,61.308,15.6061,1,1,1.67146,1.87623,0,1.29112,1.69344,8.39061e+06,3.69306e+06,1.40245e+07,0,0,0,0
122.105,122.105,7.94642,0.4,0,2.86777,3.21912,0,0.537318,4.89888,4.03744e+06,2.76295e+06,1.15784e+07,0,0,0,0,62.3362,61.308,10.1641,1,1,1.67177,1.87659,0,1.29137,1.69344,8.39061e+06,3.69306e+06,1.40272e+07,0,0,0,0
122.105,122.105,6.37599,0.39,0,3.10604,3.17535,0,0.537421,4.89888,4.03744e+06,2.76295e+06,1.25404e+07,0,0,0,0,62.3362,61.308,7.4228,1,1,1.69344,1.84876,0.114965,1.29161,1.69344,8.39061e+06,3.69306e+06,1.4209e+07,0,0,0,0
122.105,122.105,4.86051,0.37,0,3.10663,3.17596,0,0.582072,4.89888,4.03744e+06,2.76295e+06,1.25428e+07,0,0,0,0,62.3362,61.308,5.57677,1,1,1.69344,1.84911,0.115309,1.30835,1.69344,8.39061e+06,3.69306e+06,1.4209e+07,0,0,0,0
122.105,122.105,4.56687,0.36,0,3.10722,3.17656,0,0.582183,4.89888,4.03744e+06,2.76295e+06,1.25452e+07,0,0,0,0,62.3362,61.308,5.15415,1,1,1.69344,1.84946,0.115653,1.30835,1.69344,8.39061e+06,3.69306e+06,1.4209e+07,0,0,0,0
122.105,122.105,4.6363,0.32,0,3.10781,3.17717,0,0.582293,4.89888,4.03744e+06,2.76295e+06,1.25476e+07,0,0,0,0,62.3362,61.308,5.18256,1,1,1.69344,1.84982,0.115997,1.30835,1.69344,8.39061e+06,3.69306e+06,1.4209e+07,0,0,0,0
122.105,122.105,4.58411,0.3,0,3.25586,3.32851,0,0.582404,4.89888,4.03744e+06,2.76295e+06,1.31453e+07,0,0,0,0,62.3362,61.308,4.67165,1,1,1.69344,1.9502,0.214187,1.30835,1.69344,8.39061e+06,3.69306e+06,1.4209e+07,0,0,0,0
122.105,122.105,3.99229,0.3,0,3.25647,3.32914,0,0.610147,4.89888,4.03744e+06,2.76295e+06,1.31478e+07,0,0,0,0,62.3362,61.308,3.47828,1,1,1.69344,1.95057,0.214549,1.30835,1.69344,8.39061e+06,3.69306e+06,1.4209e+07,0,0,0,0
122.105,122.105,4.59576,0.28,0,3.25709,3.32978,0,0.610263,4.89888,4.03744e+06,2.76295e+06,1.31503e+07,0,0,0,0,62.3362,61.308,4.44659,1,1,1.69344,1.95094,0.214912,1.30835,1.69344,8.39061e+06,3.69306e+06,1.4209e+07,0,0,0,0
122.105,122.105,3.9784,0.26,0,3.25771,3.33041,0,0.610379,4.89888,4.03744e+06,2.76295e+06,1.31528e+07,0,0,0,0,62.3362,61.308,3.80187,1,1,1.69344,1.95131,0.215274,1.30835,1.69344,8.39061e+06,3.69306e+06,1.4209e+07,0,0,0,0
121.932,122.105,3.41138,0.27,0,3.25833,3.33104,0,0.610495,4.89888,4.03744e+06,2.76295e+06,1.31553e+07,0,0,0,0,62.3362,61.308,3.52843,1,1,1.69344,1.95168,0.215637,1.30835,1.69344,8.39061e+06,3.69306e+06,1.4209e+07,0,0,0,0
121.757,122.105,3.52905,0.3,0,3.22976,3.30184,0,0.610611,4.89888,4.03744e+06,2.76295e+06,1.304e+07,0,0,0,0,62.3362,61.308,3.59779,1,1,1.69344,2.00708,0.269829,1.30835,1.69344,8.39061e+06,3.69306e+06,1.4209e+07,0,0,0,0
121.568,122.105,3.5297,0.28,0,3.23037,3.30246,0,0.605257,4.89888,4.03744e+06,2.76295e+06,1.30424e+07,0,0,0,0,62.3362,61.308,3.74932,1,1,1.69344,2.00746,0.270202,1.30835,1.69344,8.39061e+06,3.69306e+06,1.4209e+07,0,0,0,0
121.195,122.105,3.27586,0.28,0,3.23099,3.30309,0,0.605372,4.89888,4.03744e+06,2.76295e+06,1.30449e+07,0,0,0,0,62.3362,61.308,3.61678,1,1,1.69344,2.00784,0.270575,1.30835,1.69344,8.39061e+06,3.69306e+06,1.4209e+07,0,0,0,0
120.665,122.105,3.06277,0.28,0,3.2316,3.30372,0,0.605487,4.89888,4.03744e+06,2.76295e+06,1.30474e+07,0,0,0,0,62.3362,61.308,3.7414,1,1,1.69344,2.00822,0.270948,1.30835,1.69344,8.39061e+06,3.69306e+06,1.4209e+07,0,0,0,0
119.917,122.105,2.85587,0.26,0,3.30765,3.38146,0,0.605602,4.89888,4.03744e+06,2.76295e+06,1.33544e+07,0,0,0,0,62.3362,61.308,3.43024,1,1,1.69344,2.05769,0.319331,1.30835,1.69344,8.39061e+06,3.69306e+06,1.4209e+07,0,0,0,0
119.035,122.105,2.62089,0.26,0,3.30828,3.3821,0,0.619853,4.89888,4.03744e+06,2.76295e+06,1.3357e+07,0,0,0,0,62.3362,61.308,2.98847,1,1,1.69344,2.05808,0.319713,1.30835,1.69344,8.39061e+06,3.69306e+06,1.4209e+07,0,0,0,0
117.988,122.105,2.39014,0.24,0,3.30891,3.38275,0,0.619971,4.89888,4.03744e+06,2.76295e+06,1.33595e+07,0,0,0,0,62.2987,61.308,2.62706,1,1,1.69344,2.05847,0.320095,1.30835,1.69344,8.39061e+06,3.69306e+06,1.4209e+07,0,0,0,0
117.061,122.105,2.61448,0.24,0,3.30953,3.38339,0,0.620089,4.89888,4.03744e+06,2.76295e+06,1.3362e+07,0,0,0,0,62.3362,61.308,3.10359,1,1,1.69344,2.05886,0.320478,1.30835,1.69344,8.39061e+06,3.69306e+06,1.4209e+07,0,0,0,0
115.973,122.105,2.61606,0.24,0,3.53123,3.61004,0,0.620207,4.89888,4.03744e+06,2.76295e+06,1.42571e+07,0,0,0,0,62.3362,61.308,3.13153,1,1,1.69344,2.23654,0.494283,1.30835,1.69344,8.39061e+06,3.69306e+06,1.4209e+07,0,0,0,0
114.806,122.105,2.40373,0.24,0,3.5319,3.61072,0,0.661753,4.89888,4.03744e+06,2.76295e+06,1.42598e+07,0,0,0,0,62.2051,61.308,2.58177,1,1,1.69344,2.23697,0.494698,1.30835,1.69344,8.39061e+06,3.69306e+06,1.4209e+07,0,0,0,0
113.845,122.105,2.61579,0.24,0,3.53257,3.61141,0,0.661879,4.89888,4.03744e+06,2.76295e+06,1.42625e+07,0,0,0,0,62.1984,61.308,3.04589,1,1,1.69344,2.23739,0.495113,1.30835,1.69344,8.39061e+06,3.69306e+06,1.4209e+07,0,0,0,0
112.464,122.105,2.12869,0.25,0,3.53325,3.61209,0,0.662005,4.89888,4.03744e+06,2.76295e+06,1.42653e+07,0,0,0,0,61.9519,61.308,2.28714,1,1,1.69344,2.23782,0.495529,1.30835,1.69344,8.39061e+06,3.69306e+06,1.4209e+07,0,0,0,0
111.444,122.105,2.59493,0.25,0,3.53392,3.61278,0,0.66213,4.89888,4.03744e+06,2.76295e+06,1.4268e+07,0,0,0,0,62.1445,61.308,3.75574,1,1,1.69344,2.23824,0.495944,1.30835,1.69344,8.39061e+06,3.69306e+06,1.4209e+07,0,0,0,0
109.735,122.105,1.71764,0.26,0,3.42674,3.50321,0,0.662256,4.89888,4.03744e+06,2.76295e+06,1.38353e+07,0,0,0,0,61.8467,61.308,2.15976,1,1,1.69344,2.13095,0.390999,1.30835,1.69344,8.39061e+06,3.69306e+06,1.4209e+07,0,0,0,0
108.907,122.105,2.81027,0.26,0,3.42739,3.50388,0,0.642172,4.89888,4.03744e+06,2.76295e+06,1.38379e+07,0,0,0,0,61.9036,61.308,3.44506,1,1,1.69344,2.13136,0.391395,1.30835,1.69344,8.39061e+06,3.69306e+06,1.4209e+07,0,0,0,0
106.934,122.105,1.37881,0.27,0,3.42804,3.50454,0,0.642293,4.89888,4.03744e+06,2.76295e+06,1.38405e+07,0,0,0,0,61.5415,61.308,1.91761,1,1,1.69344,2.13176,0.39179,1.30835,1.69344,8.39061e+06,3.69306e+06,1.4209e+07,0,0,0,0
105.1,122.105,1.51025,0.27,0,3.42869,3.50521,0,0.642415,4.89888,4.03744e+06,2.76295e+06,1.38431e+07,0,0,0,0,61.2818,61.308,1.94153,1,1,1.69344,2.13217,0.392186,1.30835,1.69344,8.39061e+06,3.69306e+06,1.4209e+07,0,0,0,0
105.635,122.105,4.40337,0.28,0,3.34076,3.41531,0,0.642537,4.89888,4.03744e+06,2.76295e+06,1.34881e+07,0,0,0,0,61.5822,61.308,4.47422,1,1,1.69344,2.03445,0.296604,1.30835,1.69344,8.39061e+06,3.69306e+06,1.4209e+07,0,0,0,0
106.011,122.105,4.05639,0.28,0,3.34139,3.41596,0,0.626058,4.89888,4.03744e+06,2.76295e+06,1.34906e+07,0,0,0,0,61.9091,61.308,4.0885,1,1,1.69344,2.03484,0.296982,1.30835,1.69344,8.39061e+06,3.69306e+06,1.4209e+07,0,0,0,0
106.902,122.105,4.38767,0.27,0,3.34202,3.4166,0,0.626177,4.89888,4.03744e+06,2.76295e+06,1.34932e+07,0,0,0,0,61.7266,61.308,1.95226,1,1,1.69344,2.03523,0.297359,1.30835,1.69344,8.39061e+06,3.69306e+06,1.4209e+07,0,0,0,0
108.531,122.105,5.4794,0.27,0,3.34266,3.41725,0,0.626295,4.89888,4.03744e+06,2.76295e+06,1.34958e+07,0,0,0,0,62.0106,61.308,3.78086,1,1,1.69344,2.03561,0.297737,1.30835,1.69344,8.39061e+06,3.69306e+06,1.4209e+07,0,0,0,0
111.801,122.105,7.01684,0.27,0,3.0915,3.16049,0,0.626414,4.89888,4.03744e+06,2.76295e+06,1.24817e+07,0,0,0,0,62.3362,61.308,4.0545,1,1,1.69344,1.83149,0.0980697,1.30835,1.69344,8.39061e+06,3.69306e+06,1.4209e+07,0,0,0,0
115.163,122.105,7.0437,0.27,0,3.09209,3.16109,0,0.579348,4.89888,4.03744e+06,2.76295e+06,1.24841e+07,0,0,0,0,62.3362,61.308,4.27203,1,1,1.69344,1.83184,0.0984095,1.30835,1.69344,8.39061e+06,3.69306e+06,1.4209e+07,0,0,0,0
118.644,122.105,7.04353,0.25,0,3.09268,3.16169,0,0.579458,4.89888,4.03744e+06,2.76295e+06,1.24865e+07,0,0,0,0,62.2769,61.308,3.68922,1,1,1.69344,1.83218,0.0987494,1.30835,1.69344,8.39061e+06,3.69306e+06,1.4209e+07,0,0,0,0
122.105,122.105,8.26769,0.25,0,3.09326,3.16229,0,0.579568,4.89888,4.03744e+06,2.76295e+06,1.24889e+07,0,0,0,0,62.3362,61.308,6.22324,1,1,1.69344,1.83253,0.0990894,1.30835,1.69344,8.39061e+06,3.69306e+06,1.4209e+07,0,0,0,0
122.105,122.105,9.23535,0.23,0,3.09385,3.16289,0,0.579678,4.89888,4.03744e+06,2.76295e+06,1.24912e+07,0,0,0,0,62.3362,61.308,6.71108,1,1,1.69344,1.83288,0.0994294,1.30835,1.69344,8.39061e+06,3.69306e+06,1.4209e+07,0,0,0,0
122.105,122.105,5.87141,0.23,0,3.09385,3.16289,0,0.579788,4.89888,4.03744e+06,2.76295e+06,1.24912e+07,0,0,0,0,62.3362,61.308,4.94731,1,1,1.69344,1.83288,0.0994294,1.30835,1.69344,8.39061e+06,3.69306e+06,1.4209e+07,0,0,0,0
121.859,122.105,3.54491,0.23,0,3.19136,3.26258,0,0.579788,4.89888,4.03744e+06,2.76295e+06,1.28849e+07,0,0,0,0,62.2657,61.308,3.04709,1,1,1.69344,1.89249,0.157739,1.30835,1.69344,8.39061e+06,3.69306e+06,1.4209e+07,0,0,0,0
122.105,122.105,4.55643,0.32,0,3.19193,3.26316,0,0.59806,4.89888,4.03744e+06,2.76295e+06,1.28872e+07,0,0,0,0,62.3362,61.308,3.86712,1,1,1.69344,1.89283,0.158071,1.30835,1.69344,8.39061e+06,3.69306e+06,1.4209e+07,0,0,0,0
122.105,122.105,9.43881,0.27,0,3.1925,3.26375,0,0.598168,4.89888,4.03744e+06,2.76295e+06,1.28895e+07,0,0,0,0,62.3362,61.308,5.12133,1,1,1.69344,1.89317,0.158403,1.30835,1.69344,8.39061e+06,3.69306e+06,1.4209e+07,0,0,0,0
122.105,122.105,13.8556,0.26,0,3.19307,3.26433,0,0.598275,4.89888,4.03744e+06,2.76295e+06,1.28918e+07,0,0,0,0,62.3362,61.308,6.31129,1,1,1.69344,1.89351,0.158735,1.30835,1.69344,8.39061e+06,3.69306e+06,1.4209e+07,0,0,0,0
122.105,122.105,5.62413,0.28,0,3.50515,3.58337,0,0.598382,4.89888,4.03744e+06,2.76295e+06,1.41518e+07,0,0,0,0,62.3362,61.308,4.28997,1,1,1.69344,2.11652,0.376883,1.30835,1.69344,8.39061e+06,3.69306e+06,1.4209e+07,0,0,0,0
122.105,122.105,5.36035,0.28,0,3.50578,3.58401,0,0.656865,4.89888,4.03744e+06,2.76295e+06,1.41543e+07,0,0,0,0,62.3362,61.308,4.34905,1,1,1.69344,2.1169,0.377254,1.30835,1.69344,8.39061e+06,3.69306e+06,1.4209e+07,0,0,0,0
122.105,122.105,6.21356,0.3,0,3.5064,3.58465,0,0.656982,4.89888,4.03744e+06,2.76295e+06,1.41569e+07,0,0,0,0,62.3362,61.308,4.35779,1,1,1.69344,2.11728,0.377625,1.30835,1.69344,8.39061e+06,3.69306e+06,1.4209e+07,0,0,0,0
122.105,122.105,6.59698,0.29,0,3.50703,3.58529,0,0.6571,4.89888,4.03744e+06,2.76295e+06,1.41594e+07,0,0,0,0,62.3362,61.308,4.67167,1,1,1.69344,2.11766,0.377996,1.30835,1.69344,8.39061e+06,3.69306e+06,1.4209e+07,0,0,0,0
122.105,122.105,5.8635,0.32,0,3.06304,3.1314,0,0.657218,4.89888,4.03744e+06,2.76295e+06,1.23668e+07,0,0,0,0,62.2997,61.308,3.05123,1,1,1.69344,1.81899,0.0858465,1.30835,1.69344,8.39061e+06,3.69306e+06,1.4209e+07,0,0,0,0
122.105,122.105,12.6749,0.34,0,3.06359,3.13196,0,0.574014,4.89888,4.03744e+06,2.76295e+06,1.23691e+07,0,0,0,0,62.3362,61.308,9.43237,1,1,1.69344,1.81932,0.0861654,1.30835,1.69344,8.39061e+06,3.69306e+06,1.4209e+07,0,0,0,0
122.105,122.105,9.79485,0.36,0,3.06414,3.13252,0,0.574117,4.89888,4.03744e+06,2.76295e+06,1.23713e+07,0,0,0,0,62.3362,61.308,7.522,1,1,1.69344,1.81964,0.0864842,1.30835,1.69344,8.39061e+06,3.69306e+06,1.4209e+07,0,0,0,0
122.105,122.105,9.72052,0.37,0,3.06469,3.13308,0,0.57422,4.89888,4.03744e+06,2.76295e+06,1.23735e+07,0,0,0,0,62.3362,61.308,5.4184,1,1,1.69344,1.81997,0.0868031,1.30835,1.69344,8.39061e+06,3.69306e+06,1.4209e+07,0,0,0,0
122.105,122.105,10.664,0.42,0,2.79162,3.13364,0,0.574323,4.89888,4.03744e+06,2.76295e+06,1.1271e+07,0,0,0,0,62.3362,61.308,6.78213,1,1,1.62162,1.8203,0,1.30835,1.69344,8.39061e+06,3.69306e+06,1.36064e+07,0,0,0,0
122.105,122.105,9.35917,0.44,0,2.89414,3.24872,0,0.523151,4.89888,4.03744e+06,2.76295e+06,1.16849e+07,0,0,0,0,62.3362,61.308,6.64709,1,1,1.68715,1.89385,0,1.25287,1.69344,8.39061e+06,3.69306e+06,1.41562e+07,0,0,0,0
122.105,122.105,6.9837,0.44,0,2.89466,3.2493,0,0.542362,4.89888,4.03744e+06,2.76295e+06,1.1687e+07,0,0,0,0,62.3362,61.308,5.40019,1,1,1.68745,1.89419,0,1.30349,1.69344,8.39061e+06,3.69306e+06,1.41587e+07,0,0,0,0
122.105,122.105,6.06049,0.43,0,2.89518,3.24988,0,0.54246,4.89888,4.03744e+06,2.76295e+06,1.16891e+07,0,0,0,0,62.3362,61.308,5.12862,1,1,1.68775,1.89453,0,1.30372,1.69344,8.39061e+06,3.69306e+06,1.41613e+07,0,0,0,0
122.105,122.105,5.90758,0.41,0,2.8957,3.25047,0,0.542557,4.89888,4.03744e+06,2.76295e+06,1.16912e+07,0,0,0,0,62.3362,61.308,4.30383,1,1,1.68805,1.89486,0,1.30396,1.69344,8.39061e+06,3.69306e+06,1.41638e+07,0,0,0,0
122.105,122.105,5.1701,0.39,0,3.13625,3.20624,0,0.542654,4.89888,4.03744e+06,2.76295e+06,1.26624e+07,0,0,0,0,62.3362,61.308,3.24866,1,1,1.69344,1.86674,0.132556,1.30419,1.69344,8.39061e+06,3.69306e+06,1.4209e+07,0,0,0,0
122.105,122.105,4.87857,0.37,0,3.13681,3.20681,0,0.587734,4.89888,4.03744e+06,2.76295e+06,1.26647e+07,0,0,0,0,62.3362,61.308,3.14998,1,1,1.69344,1.86708,0.132883,1.30835,1.69344,8.39061e+06,3.69306e+06,1.4209e+07,0,0,0,0
122.105,122.105,4.74582,0.36,0,3.13738,3.20739,0,0.587839,4.89888,4.03744e+06,2.76295e+06,1.2667e+07,0,0,0,0,62.3362,61.308,3.80009,1,1,1.69344,1.86741,0.13321,1.30835,1.69344,8.39061e+06,3.69306e+06,1.4209e+07,0,0,0,0
122.105,122.105,4.35341,0.33,0,3.13794,3.20796,0,0.587944,4.89888,4.03744e+06,2.76295e+06,1.26692e+07,0,0,0,0,62.3362,61.308,3.23081,1,1,1.69344,1.86775,0.133537,1.30835,1.69344,8.39061e+06,3.69306e+06,1.4209e+07,0,0,0,0
122.105,122.105,4.34836,0.3,0,3.28738,3.36074,0,0.58805,4.89888,4.03744e+06,2.76295e+06,1.32726e+07,0,0,0,0,62.3263,61.308,3.04604,1,1,1.69344,1.96908,0.232658,1.30835,1.69344,8.39061e+06,3.69306e+06,1.4209e+07,0,0,0,0
122.105,122.105,4.03296,0.3,0,3.28797,3.36134,0,0.616055,4.89888,4.03744e+06,2.76295e+06,1.3275e+07,0,0,0,0,62.1692,61.308,2.40661,1,1,1.69344,1.96943,0.233002,1.30835,1.69344,8.39061e+06,3.69306e+06,1.4209e+07,0,0,0,0
122.101,122.105,3.58936,0.29,0,3.28856,3.36194,0,0.616165,4.89888,4.03744e+06,2.76295e+06,1.32773e+07,0,0,0,0,61.9902,61.308,2.47335,1,1,1.69344,1.96979,0.233347,1.30835,1.69344,8.39061e+06,3.69306e+06,1.4209e+07,0,0,0,0
121.925,122.105,3.3397,0.32,0,3.28915,3.36255,0,0.616276,4.89888,4.03744e+06,2.76295e+06,1.32797e+07,0,0,0,0,61.7733,61.308,2.52256,1,1,1.69344,1.97014,0.233692,1.30835,1.69344,8.39061e+06,3.69306e+06,1.4209e+07,0,0,0,0
121.664,122.105,3.18449,0.3,0,3.28974,3.36315,0,0.616386,4.89888,4.03744e+06,2.76295e+06,1.32821e+07,0,0,0,0,61.5939,61.308,2.47751,1,1,1.69344,1.97049,0.234037,1.30835,1.69344,8.39061e+06,3.69306e+06,1.4209e+07,0,0,0,0
121.325,122.105,3.08239,0.28,0,3.26085,3.33362,0,0.616496,4.89888,4.03744e+06,2.76295e+06,1.31655e+07,0,0,0,0,61.4526,61.308,2.45641,1,1,1.69344,2.0264,0.288729,1.30835,1.69344,8.39061e+06,3.69306e+06,1.4209e+07,0,0,0,0
120.759,122.105,2.83941,0.28,0,3.26144,3.33422,0,0.611084,4.89888,4.03744e+06,2.76295e+06,1.31678e+07,0,0,0,0,61.3037,61.308,2.451,1,1,1.69344,2.02677,0.289084,1.30835,1.69344,8.39061e+06,3.69306e+06,1.4209e+07,0,0,0,0
119.974,122.105,2.58547,0.28,0,3.26202,3.33482,0,0.611194,4.89888,4.03744e+06,2.76295e+06,1.31702e+07,0,0,0,0,61.1001,61.308,2.18678,1,1,1.69344,2.02713,0.289439,1.30835,1.69344,8.39061e+06,3.69306e+06,1.4209e+07,0,0,0,0
119.177,122.105,2.50072,0.28,0,3.26261,3.33541,0,0.611303,4.89888,4.03744e+06,2.76295e+06,1.31726e+07,0,0,0,0,60.8524,61.308,2.22347,1,1,1.69344,2.02749,0.289794,1.30835,1.69344,8.39061e+06,3.69306e+06,1.4209e+07,0,0,0,0
118.113,122.105,2.26063,0.26,0,3.33935,3.41387,0,0.611412,4.89888,4.03744e+06,2.76295e+06,1.34824e+07,0,0,0,0,60.5434,61.308,2.12718,1,1,1.69344,2.07741,0.338619,1.30835,1.69344,8.39061e+06,3.69306e+06,1.4209e+07,0,0,0,0
116.931,122.105,2.08078,0.25,0,3.33994,3.41448,0,0.625793,4.89888,4.03744e+06,2.76295e+06,1.34848e+07,0,0,0,0,60.1187,61.308,2.03214,1,1,1.69344,2.07778,0.338982,1.30835,1.69344,8.39061e+06,3.69306e+06,1.4209e+07,0,0,0,0
115.599,122.105,1.8952,0.24,0,3.34054,3.41509,0,0.625905,4.89888,4.03744e+06,2.76295e+06,1.34872e+07,0,0,0,0,59.6989,61.308,1.77073,1,1,1.69344,2.07815,0.339346,1.30835,1.69344,8.39061e+06,3.69306e+06,1.4209e+07,0,0,0,0
114.492,122.105,2.2011,0.25,0,3.34114,3.4157,0,0.626017,4.89888,4.03744e+06,2.76295e+06,1.34896e+07,0,0,0,0,59.4059,61.308,2.3191,1,1,1.69344,2.07852,0.33971,1.30835,1.69344,8.39061e+06,3.69306e+06,1.4209e+07,0,0,0,0
112.737,122.105,1.68136,0.24,0,3.56492,3.64447,0,0.626129,4.89888,4.03744e+06,2.76295e+06,1.43931e+07,0,0,0,0,59.0514,61.308,2.13193,1,1,1.69344,2.25788,0.515151,1.30835,1.69344,8.39061e+06,3.69306e+06,1.4209e+07,0,0,0,0
110.949,122.105,1.64749,0.25,0,3.56555,3.64512,0,0.668066,4.89888,4.03744e+06,2.76295e+06,1.43957e+07,0,0,0,0,58.6835,61.308,2.0963,1,1,1.69344,2.25828,0.515546,1.30835,1.69344,8.39061e+06,3.69306e+06,1.4209e+07,0,0,0,0
109.916,122.105,2.49985,0.25,0,3.56619,3.64578,0,0.668185,4.89888,4.03744e+06,2.76295e+06,1.43983e+07,0,0,0,0,58.4573,61.308,2.55523,1,1,1.69344,2.25868,0.515941,1.30835,1.69344,8.39061e+06,3.69306e+06,1.4209e+07,0,0,0,0
109.402,122.105,3.03961,0.27,0,3.56683,3.64643,0,0.668305,4.89888,4.03744e+06,2.76295e+06,1.44009e+07,0,0,0,0,58.4014,61.308,2.68302,1,1,1.69344,2.25909,0.516336,1.30835,1.69344,8.39061e+06,3.69306e+06,1.4209e+07,0,0,0,0
108.444,122.105,2.66876,0.27,0,3.56747,3.64708,0,0.668424,4.89888,4.03744e+06,2.76295e+06,1.44034e+07,0,0,0,0,58.5573,61.308,4.06299,1,1,1.69344,2.25949,0.516731,1.30835,1.69344,8.39061e+06,3.69306e+06,1.4209e+07,0,0,0,0
108.509,122.105,3.93198,0.28,0,3.45924,3.53644,0,0.668544,4.89888,4.03744e+06,2.76295e+06,1.39665e+07,0,0,0,0,59.3004,61.308,6.29737,1,1,1.69344,2.15116,0.410766,1.30835,1.69344,8.39061e+06,3.69306e+06,1.4209e+07,0,0,0,0
108.964,122.105,4.15133,0.28,0,3.45986,3.53707,0,0.648262,4.89888,4.03744e+06,2.76295e+06,1.3969e+07,0,0,0,0,60.032,61.308,6.06786,1,1,1.69344,2.15155,0.411143,1.30835,1.69344,8.39061e+06,3.69306e+06,1.4209e+07,0,0,0,0
111.343,122.105,6.59461,0.28,0,3.46048,3.5377,0,0.648377,4.89888,4.03744e+06,2.76295e+06,1.39715e+07,0,0,0,0,61.8566,61.308,10.3456,1,1,1.69344,2.15193,0.411519,1.30835,1.69344,8.39061e+06,3.69306e+06,1.4209e+07,0,0,0,0
113.267,122.105,6.20057,0.28,0,3.4611,3.53833,0,0.648493,4.89888,4.03744e+06,2.76295e+06,1.3974e+07,0,0,0,0,62.3362,61.308,9.42952,1,1,1.69344,2.15232,0.411896,1.30835,1.69344,8.39061e+06,3.69306e+06,1.4209e+07,0,0,0,0
113.319,122.105,4.01543,0.28,0,3.37229,3.44755,0,0.648609,4.89888,4.03744e+06,2.76295e+06,1.36154e+07,0,0,0,0,62.3362,61.308,4.13999,1,1,1.69344,2.05366,0.315388,1.30835,1.69344,8.39061e+06,3.69306e+06,1.4209e+07,0,0,0,0
113.656,122.105,4.35895,0.28,0,3.37289,3.44816,0,0.631967,4.89888,4.03744e+06,2.76295e+06,1.36178e+07,0,0,0,0,62.3362,61.308,6.09142,1,1,1.69344,2.05402,0.315748,1.30835,1.69344,8.39061e+06,3.69306e+06,1.4209e+07,0,0,0,0
113.545,122.105,3.97892,0.28,0,3.3735,3.44878,0,0.63208,4.89888,4.03744e+06,2.76295e+06,1.36203e+07,0,0,0,0,62.3362,61.308,5.7499,1,1,1.69344,2.05439,0.316107,1.30835,1.69344,8.39061e+06,3.69306e+06,1.4209e+07,0,0,0,0
116.081,122.105,7.09617,0.27,0,3.3741,3.4494,0,0.632193,4.89888,4.03744e+06,2.76295e+06,1.36227e+07,0,0,0,0,62.3362,61.308,7.42478,1,1,1.69344,2.05476,0.316466,1.30835,1.69344,8.39061e+06,3.69306e+06,1.4209e+07,0,0,0,0
116.91,122.105,5.01259,0.26,0,3.12055,3.19019,0,0.632306,4.89888,4.03744e+06,2.76295e+06,1.2599e+07,0,0,0,0,62.3362,61.308,5.23386,1,1,1.69344,1.8487,0.114901,1.30835,1.69344,8.39061e+06,3.69306e+06,1.4209e+07,0,0,0,0
119.607,122.105,7.51092,0.26,0,3.12111,3.19076,0,0.584791,4.89888,4.03744e+06,2.76295e+06,1.26013e+07,0,0,0,0,62.3362,61.308,13.006,1,1,1.69344,1.84903,0.115224,1.30835,1.69344,8.39061e+06,3.69306e+06,1.4209e+07,0,0,0,0
121.582,122.105,6.25399,0.27,0,3.12166,3.19133,0,0.584895,4.89888,4.03744e+06,2.76295e+06,1.26035e+07,0,0,0,0,62.3362,61.308,5.94018,1,1,1.69344,1.84936,0.115548,1.30835,1.69344,8.39061e+06,3.69306e+06,1.4209e+07,0,0,0,0
122.105,122.105,5.39488,0.29,0,3.12222,3.1919,0,0.585,4.89888,4.03744e+06,2.76295e+06,1.26058e+07,0,0,0,0,62.3362,61.308,6.71947,1,1,1.69344,1.84969,0.115871,1.30835,1.69344,8.39061e+06,3.69306e+06,1.4209e+07,0,0,0,0
122.105,122.105,6.84283,0.26,0,3.12278,3.19247,0,0.585105,4.89888,4.03744e+06,2.76295e+06,1.2608e+07,0,0,0,0,62.3362,61.308,7.50098,1,1,1.69344,1.85002,0.116194,1.30835,1.69344,8.39061e+06,3.69306e+06,1.4209e+07,0,0,0,0
122.105,122.105,14.2924,0.27,0,3.22116,3.29305,0,0.585209,4.89888,4.03744e+06,2.76295e+06,1.30052e+07,0,0,0,0,62.3362,61.308,11.4039,1,1,1.69344,1.91017,0.175029,1.30835,1.69344,8.39061e+06,3.69306e+06,1.4209e+07,0,0,0,0
122.105,122.105,16.6,0.29,0,3.22171,3.2936,0,0.603646,4.89888,4.03744e+06,2.76295e+06,1.30074e+07,0,0,0,0,62.3362,61.308,18.3994,1,1,1.69344,1.91049,0.175344,1.30835,1.69344,8.39061e+06,3.69306e+06,1.4209e+07,0,0,0,0
122.105,122.105,8.91732,0.29,0,3.22225,3.29416,0,0.603748,4.89888,4.03744e+06,2.76295e+06,1.30096e+07,0,0,0,0,62.3362,61.308,10.0534,1,1,1.69344,1.91081,0.175659,1.30835,1.69344,8.39061e+06,3.69306e+06,1.4209e+07,0,0,0,0
122.105,122.105,9.84969,0.3,0,3.22279,3.29471,0,0.60385,4.89888,4.03744e+06,2.76295e+06,1.30118e+07,0,0,0,0,62.3362,61.308,7.5958,1,1,1.69344,1.91113,0.175974,1.30835,1.69344,8.39061e+06,3.69306e+06,1.4209e+07,0,0,0,0
122.105,122.105,10.1946,0.32,0,3.53773,3.61668,0,0.603951,4.89888,4.03744e+06,2.76295e+06,1.42834e+07,0,0,0,0,62.3362,61.308,12.8346,1,1,1.69344,2.1362,0.396129,1.30835,1.69344,8.39061e+06,3.69306e+06,1.4209e+07,0,0,0,0
122.105,122.105,10.6077,0.33,0,3.53833,3.61729,0,0.662971,4.89888,4.03744e+06,2.76295e+06,1.42858e+07,0,0,0,0,62.3362,61.308,14.7948,1,1,1.69344,2.13656,0.39648,1.30835,1.69344,8.39061e+06,3.69306e+06,1.4209e+07,0,0,0,0
122.105,122.105,8.66664,0.34,0,3.53892,3.6179,0,0.663083,4.89888,4.03744e+06,2.76295e+06,1.42882e+07,0,0,0,0,62.3362,61.308,12.1723,1,1,1.69344,2.13692,0.396832,1.30835,1.69344,8.39061e+06,3.69306e+06,1.4209e+07,0,0,0,0
122.105,122.105,11.4371,0.34,0,3.53952,3.61851,0,0.663194,4.89888,4.03744e+06,2.76295e+06,1.42906e+07,0,0,0,0,62.3362,61.308,11.685,1,1,1.69344,2.13728,0.397185,1.30835,1.69344,8.39061e+06,3.69306e+06,1.4209e+07,0,0,0,0
122.105,122.105,11.2964,0.36,0,3.09138,3.16037,0,0.663306,4.89888,4.03744e+06,2.76295e+06,1.24813e+07,0,0,0,0,62.3362,61.308,16.4685,1,1,1.69344,1.83582,0.102309,1.30835,1.69344,8.39061e+06,3.69306e+06,1.4209e+07,0,0,0,0
122.105,122.105,9.08137,0.36,0,3.0919,3.1609,0,0.579325,4.89888,4.03744e+06,2.76295e+06,1.24834e+07,0,0,0,0,62.3362,61.308,11.834,1,1,1.69344,1.83613,0.102612,1.30835,1.69344,8.39061e+06,3.69306e+06,1.4209e+07,0,0,0,0
122.105,122.105,9.11477,0.37,0,3.09242,3.16143,0,0.579423,4.89888,4.03744e+06,2.76295e+06,1.24855e+07,0,0,0,0,62.3362,61.308,11.5945,1,1,1.69344,1.83644,0.102914,1.30835,1.69344,8.39061e+06,3.69306e+06,1.4209e+07,0,0,0,0
122.105,122.105,7.80027,0.4,0,2.81686,3.16197,0,0.57952,4.89888,4.03744e+06,2.76295e+06,1.13729e+07,0,0,0,0,62.3362,61.308,9.66055,1,1,1.63628,1.83675,0,1.30835,1.69344,8.39061e+06,3.69306e+06,1.37294e+07,0,0,0,0
122.105,122.105,6.45391,0.42,0,2.81733,3.1625,0,0.527879,4.89888,4.03744e+06,2.76295e+06,1.13748e+07,0,0,0,0,62.3362,61.308,9.01729,1,1,1.63656,1.83706,0,1.26419,1.69344,8.39061e+06,3.69306e+06,1.37317e+07,0,0,0,0
122.105,122.105,8.49735,0.46,0,2.92076,3.2786,0,0.527968,4.89888,4.03744e+06,2.76295e+06,1.17924e+07,0,0,0,0,62.3362,61.308,20.8312,1,1,1.69344,1.91127,0.00922396,1.2644,1.69344,8.39061e+06,3.69306e+06,1.4209e+07,0,0,0,0
122.105,122.105,7.34731,0.47,0,2.92125,3.27915,0,0.547351,4.89888,4.03744e+06,2.76295e+06,1.17944e+07,0,0,0,0,62.3362,61.308,14.4827,1,1,1.69344,1.91159,0.00951048,1.30835,1.69344,8.39061e+06,3.69306e+06,1.4209e+07,0,0,0,0
122.105,122.105,5.45043,0.47,0,2.92175,3.27971,0,0.547443,4.89888,4.03744e+06,2.76295e+06,1.17964e+07,0,0,0,0,62.3362,61.308,9.63408,1,1,1.69344,1.91191,0.00979711,1.30835,1.69344,8.39061e+06,3.69306e+06,1.4209e+07,0,0,0,0
122.105,122.105,5.21066,0.46,0,2.92224,3.28026,0,0.547535,4.89888,4.03744e+06,2.76295e+06,1.17983e+07,0,0,0,0,62.3362,61.308,8.8111,1,1,1.69344,1.91223,0.0100837,1.30835,1.69344,8.39061e+06,3.69306e+06,1.4209e+07,0,0,0,0
122.105,122.105,4.97445,0.42,0,2.88245,3.23559,0,0.547627,4.89888,4.03744e+06,2.76295e+06,1.16377e+07,0,0,0,0,62.3362,61.308,10.3812,1,1,1.67822,1.88383,0,1.30835,1.69344,8.39061e+06,3.69306e+06,1.40813e+07,0,0,0,0
122.105,122.105,4.77468,0.41,0,2.88293,3.23614,0,0.540171,4.89888,4.03744e+06,2.76295e+06,1.16397e+07,0,0,0,0,62.3362,61.308,9.93723,1,1,1.67851,1.88415,0,1.2966,1.69344,8.39061e+06,3.69306e+06,1.40837e+07,0,0,0,0
122.105,122.105,4.48254,0.38,0,3.16603,3.23668,0,0.540262,4.89888,4.03744e+06,2.76295e+06,1.27826e+07,0,0,0,0,62.3362,61.308,9.18177,1,1,1.69344,1.88447,0.149891,1.29681,1.69344,8.39061e+06,3.69306e+06,1.4209e+07,0,0,0,0
122.105,122.105,4.06493,0.34,0,3.16656,3.23722,0,0.593314,4.89888,4.03744e+06,2.76295e+06,1.27848e+07,0,0,0,0,62.3362,61.308,8.40407,1,1,1.69344,1.88478,0.150201,1.30835,1.69344,8.39061e+06,3.69306e+06,1.4209e+07,0,0,0,0
122.02,122.105,3.9017,0.32,0,3.31733,3.39136,0,0.593413,4.89888,4.03744e+06,2.76295e+06,1.33935e+07,0,0,0,0,62.3362,61.308,7.32131,1,1,1.69344,1.98702,0.250205,1.30835,1.69344,8.39061e+06,3.69306e+06,1.4209e+07,0,0,0,0
121.821,122.105,3.67152,0.39,0,3.31789,3.39193,0,0.621668,4.89888,4.03744e+06,2.76295e+06,1.33958e+07,0,0,0,0,62.3362,61.308,7.00487,1,1,1.69344,1.98735,0.250532,1.30835,1.69344,8.39061e+06,3.69306e+06,1.4209e+07,0,0,0,0
121.535,122.105,3.50002,0.36,0,3.31845,3.3925,0,0.621772,4.89888,4.03744e+06,2.76295e+06,1.3398e+07,0,0,0,0,62.3362,61.308,7.09717,1,1,1.69344,1.98769,0.250859,1.30835,1.69344,8.39061e+06,3.69306e+06,1.4209e+07,0,0,0,0
121.207,122.105,3.41198,0.34,0,3.319,3.39307,0,0.621877,4.89888,4.03744e+06,2.76295e+06,1.34003e+07,0,0,0,0,62.3362,61.308,6.8258,1,1,1.69344,1.98802,0.251187,1.30835,1.69344,8.39061e+06,3.69306e+06,1.4209e+07,0,0,0,0
121.061,122.105,3.53889,0.3,0,3.31956,3.39364,0,0.621982,4.89888,4.03744e+06,2.76295e+06,1.34025e+07,0,0,0,0,62.3362,61.308,5.54868,1,1,1.69344,1.98836,0.251514,1.30835,1.69344,8.39061e+06,3.69306e+06,1.4209e+07,0,0,0,0
121.136,122.105,3.72536,0.3,0,3.29039,3.36381,0,0.622086,4.89888,4.03744e+06,2.76295e+06,1.32847e+07,0,0,0,0,62.3362,61.308,3.44023,1,1,1.69344,2.04475,0.30668,1.30835,1.69344,8.39061e+06,3.69306e+06,1.4209e+07,0,0,0,0
120.945,122.105,3.4367,0.29,0,3.29094,3.36438,0,0.616618,4.89888,4.03744e+06,2.76295e+06,1.3287e+07,0,0,0,0,62.3362,61.308,3.43127,1,1,1.69344,2.0451,0.307016,1.30835,1.69344,8.39061e+06,3.69306e+06,1.4209e+07,0,0,0,0
120.497,122.105,3.13852,0.29,0,3.29149,3.36494,0,0.616722,4.89888,4.03744e+06,2.76295e+06,1.32892e+07,0,0,0,0,62.3362,61.308,3.06751,1,1,1.69344,2.04544,0.307353,1.30835,1.69344,8.39061e+06,3.69306e+06,1.4209e+07,0,0,0,0
119.964,122.105,2.97993,0.29,0,3.29205,3.36551,0,0.616826,4.89888,4.03744e+06,2.76295e+06,1.32914e+07,0,0,0,0,62.3362,61.308,3.01779,1,1,1.69344,2.04579,0.307689,1.30835,1.69344,8.39061e+06,3.69306e+06,1.4209e+07,0,0,0,0
119.403,122.105,2.93733,0.27,0,3.36944,3.44463,0,0.616929,4.89888,4.03744e+06,2.76295e+06,1.36039e+07,0,0,0,0,62.3158,61.308,2.93225,1,1,1.69344,2.09613,0.356933,1.30835,1.69344,8.39061e+06,3.69306e+06,1.4209e+07,0,0,0,0
118.722,122.105,2.81469,0.27,0,3.37001,3.44521,0,0.631433,4.89888,4.03744e+06,2.76295e+06,1.36062e+07,0,0,0,0,62.193,61.308,3.02073,1,1,1.69344,2.09648,0.357278,1.30835,1.69344,8.39061e+06,3.69306e+06,1.4209e+07,0,0,0,0
117.898,122.105,2.60824,0.25,0,3.37058,3.44579,0,0.63154,4.89888,4.03744e+06,2.76295e+06,1.36085e+07,0,0,0,0,62.0054,61.308,2.77059,1,1,1.69344,2.09683,0.357622,1.30835,1.69344,8.39061e+06,3.69306e+06,1.4209e+07,0,0,0,0
117.051,122.105,2.62119,0.25,0,3.37114,3.44637,0,0.631646,4.89888,4.03744e+06,2.76295e+06,1.36108e+07,0,0,0,0,61.8841,61.308,2.96903,1,1,1.69344,2.09719,0.357967,1.30835,1.69344,8.39061e+06,3.69306e+06,1.4209e+07,0,0,0,0
115.826,122.105,2.44722,0.25,0,3.59689,3.67716,0,0.631752,4.89888,4.03744e+06,2.76295e+06,1.45222e+07,0,0,0,0,61.6985,61.308,2.75815,1,1,1.69344,2.27813,0.534959,1.30835,1.69344,8.39061e+06,3.69306e+06,1.4209e+07,0,0,0,0
114.35,122.105,2.09874,0.25,0,3.5975,3.67778,0,0.674057,4.89888,4.03744e+06,2.76295e+06,1.45247e+07,0,0,0,0,61.3988,61.308,2.3881,1,1,1.69344,2.27851,0.535334,1.30835,1.69344,8.39061e+06,3.69306e+06,1.4209e+07,0,0,0,0
113.61,122.105,2.88077,0.25,0,3.5981,3.67839,0,0.674171,4.89888,4.03744e+06,2.76295e+06,1.45271e+07,0,0,0,0,61.2023,61.308,2.79279,1,1,1.69344,2.27889,0.535708,1.30835,1.69344,8.39061e+06,3.69306e+06,1.4209e+07,0,0,0,0
113.873,122.105,4.02392,0.27,0,3.5987,3.67901,0,0.674284,4.89888,4.03744e+06,2.76295e+06,1.45295e+07,0,0,0,0,61.271,61.308,3.21665,1,1,1.69344,2.27928,0.536083,1.30835,1.69344,8.39061e+06,3.69306e+06,1.4209e+07,0,0,0,0
113.045,122.105,2.85779,0.28,0,3.59931,3.67963,0,0.674397,4.89888,4.03744e+06,2.76295e+06,1.4532e+07,0,0,0,0,61.1458,61.308,2.70155,1,1,1.69344,2.27966,0.536458,1.30835,1.69344,8.39061e+06,3.69306e+06,1.4209e+07,0,0,0,0
112.133,122.105,2.79298,0.28,0,3.49008,3.56796,0,0.674511,4.89888,4.03744e+06,2.76295e+06,1.4091e+07,0,0,0,0,60.9783,61.308,2.33455,1,1,1.69344,2.17034,0.429524,1.30835,1.69344,8.39061e+06,3.69306e+06,1.4209e+07,0,0,0,0
110.937,122.105,2.565,0.28,0,3.49066,3.56856,0,0.65404,4.89888,4.03744e+06,2.76295e+06,1.40933e+07,0,0,0,0,61.1423,61.308,3.81809,1,1,1.69344,2.1707,0.429881,1.30835,1.69344,8.39061e+06,3.69306e+06,1.4209e+07,0,0,0,0
109.507,122.105,2.16115,0.28,0,3.49125,3.56916,0,0.65415,4.89888,4.03744e+06,2.76295e+06,1.40957e+07,0,0,0,0,60.8277,61.308,2.19295,1,1,1.69344,2.17107,0.430238,1.30835,1.69344,8.39061e+06,3.69306e+06,1.4209e+07,0,0,0,0
108.045,122.105,2.10114,0.28,0,3.49184,3.56976,0,0.65426,4.89888,4.03744e+06,2.76295e+06,1.40981e+07,0,0,0,0,60.312,61.308,2.01162,1,1,1.69344,2.17143,0.430595,1.30835,1.69344,8.39061e+06,3.69306e+06,1.4209e+07,0,0,0,0
106.47,122.105,1.94277,0.28,0,3.40221,3.47813,0,0.65437,4.89888,4.03744e+06,2.76295e+06,1.37362e+07,0,0,0,0,59.4471,61.308,1.60066,1,1,1.69344,2.07188,0.333209,1.30835,1.69344,8.39061e+06,3.69306e+06,1.4209e+07,0,0,0,0
104.529,122.105,1.46487,0.28,0,3.40278,3.47871,0,0.637573,4.89888,4.03744e+06,2.76295e+06,1.37385e+07,0,0,0,0,58.9431,61.308,1.04716,1,1,1.69344,2.07222,0.333549,1.30835,1.69344,8.39061e+06,3.69306e+06,1.4209e+07,0,0,0,0
103.153,122.105,2.384,0.31,0,3.40335,3.4793,0,0.63768,4.89888,4.03744e+06,2.76295e+06,1.37408e+07,0,0,0,0,58.9239,61.308,2.86721,1,1,1.69344,2.07257,0.33389,1.30835,1.69344,8.39061e+06,3.69306e+06,1.4209e+07,0,0,0,0
104.1,122.105,5.16472,0.33,0,3.40392,3.47988,0,0.637788,4.89888,4.03744e+06,2.76295e+06,1.37431e+07,0,0,0,0,59.9262,61.308,5.06076,1,1,1.69344,2.07292,0.33423,1.30835,1.69344,8.39061e+06,3.69306e+06,1.4209e+07,0,0,0,0
104.039,122.105,3.53012,0.35,0,3.1481,3.21835,0,0.637895,4.89888,4.03744e+06,2.76295e+06,1.27102e+07,0,0,0,0,59.9584,61.308,2.59328,1,1,1.69344,1.86502,0.130864,1.30835,1.69344,8.39061e+06,3.69306e+06,1.4209e+07,0,0,0,0
103.016,122.105,2.41534,0.35,0,3.14862,3.21889,0,0.589953,4.89888,4.03744e+06,2.76295e+06,1.27124e+07,0,0,0,0,59.7958,61.308,1.76513,1,1,1.69344,1.86533,0.131171,1.30835,1.69344,8.39061e+06,3.69306e+06,1.4209e+07,0,0,0,0
104.361,122.105,5.34307,0.37,0,3.14915,3.21943,0,0.590052,4.89888,4.03744e+06,2.76295e+06,1.27145e+07,0,0,0,0,61.2654,61.308,5.70093,1,1,1.69344,1.86564,0.131477,1.30835,1.69344,8.39061e+06,3.69306e+06,1.4209e+07,0,0,0,0
105.317,122.105,4.64238,0.38,0,3.14968,3.21997,0,0.590151,4.89888,4.03744e+06,2.76295e+06,1.27166e+07,0,0,0,0,61.5199,61.308,2.99764,1,1,1.69344,1.86595,0.131784,1.30835,1.69344,8.39061e+06,3.69306e+06,1.4209e+07,0,0,0,0
106.172,122.105,4.14292,0.41,0,2.86901,3.22051,0,0.59025,4.89888,4.03744e+06,2.76295e+06,1.15835e+07,0,0,0,0,61.6388,61.308,2.65104,1,1,1.66258,1.86627,0,1.30835,1.69344,8.39061e+06,3.69306e+06,1.395e+07,0,0,0,0
104.99,122.105,2.32994,0.38,0,3.24942,3.32194,0,0.537653,4.89888,4.03744e+06,2.76295e+06,1.31193e+07,0,0,0,0,61.799,61.308,2.59855,1,1,1.69344,1.92692,0.191422,1.28451,1.69344,8.39061e+06,3.69306e+06,1.4209e+07,0,0,0,0
106.663,122.105,5.88195,0.44,0,2.95984,3.32246,0,0.608942,4.89888,4.03744e+06,2.76295e+06,1.19502e+07,0,0,0,0,62.272,61.308,3.43688,1,1,1.69344,1.92723,0.0234432,1.30835,1.69344,8.39061e+06,3.69306e+06,1.4209e+07,0,0,0,0
115.714,122.105,13.71,0.4,0,2.9603,3.32298,0,0.554673,4.89888,4.03744e+06,2.76295e+06,1.1952e+07,0,0,0,0,62.3362,61.308,7.0873,1,1,1.69344,1.92753,0.0237137,1.30835,1.69344,8.39061e+06,3.69306e+06,1.4209e+07,0,0,0,0
118.211,122.105,6.63094,0.38,0,3.25096,3.32351,0,0.554761,4.89888,4.03744e+06,2.76295e+06,1.31255e+07,0,0,0,0,62.3362,61.308,5.13461,1,1,1.69344,1.92783,0.192313,1.30835,1.69344,8.39061e+06,3.69306e+06,1.4209e+07,0,0,0,0
122.105,122.105,8.80479,0.39,0,3.56861,3.64825,0,0.60923,4.89888,4.03744e+06,2.76295e+06,1.44081e+07,0,0,0,0,62.3362,61.308,4.43085,1,1,1.69344,2.15485,0.414369,1.30835,1.69344,8.39061e+06,3.69306e+06,1.4209e+07,0,0,0,0
122.105,122.105,8.24804,0.34,0,3.56918,3.64883,0,0.668758,4.89888,4.03744e+06,2.76295e+06,1.44103e+07,0,0,0,0,62.3362,61.308,3.91214,1,1,1.69344,2.15519,0.414701,1.30835,1.69344,8.39061e+06,3.69306e+06,1.4209e+07,0,0,0,0
122.105,122.105,8.96538,0.34,0,3.56974,3.6494,0,0.668864,4.89888,4.03744e+06,2.76295e+06,1.44126e+07,0,0,0,0,62.3362,61.308,4.84844,1,1,1.69344,2.15553,0.415033,1.30835,1.69344,8.39061e+06,3.69306e+06,1.4209e+07,0,0,0,0
122.105,122.105,6.94492,0.36,0,3.5703,3.64998,0,0.668969,4.89888,4.03744e+06,2.76295e+06,1.44149e+07,0,0,0,0,62.3362,61.308,3.76809,1,1,1.69344,2.15587,0.415366,1.30835,1.69344,8.39061e+06,3.69306e+06,1.4209e+07,0,0,0,0
122.105,122.105,6.79423,0.36,0,3.11823,3.18782,0,0.669074,4.89888,4.03744e+06,2.76295e+06,1.25897e+07,0,0,0,0,62.3362,61.308,3.57287,1,1,1.69344,1.85177,0.117907,1.30835,1.69344,8.39061e+06,3.69306e+06,1.4209e+07,0,0,0,0
122.105,122.105,5.76705,0.37,0,3.11872,3.18832,0,0.584357,4.89888,4.03744e+06,2.76295e+06,1.25917e+07,0,0,0,0,62.3362,61.308,2.86048,1,1,1.69344,1.85206,0.118192,1.30835,1.69344,8.39061e+06,3.69306e+06,1.4209e+07,0,0,0,0
122.105,122.105,6.00639,0.37,0,3.11922,3.18882,0,0.584449,4.89888,4.03744e+06,2.76295e+06,1.25936e+07,0,0,0,0,62.3362,61.308,3.14312,1,1,1.69344,1.85235,0.118477,1.30835,1.69344,8.39061e+06,3.69306e+06,1.4209e+07,0,0,0,0
122.105,122.105,9.86183,0.4,0,2.84123,3.18933,0,0.584541,4.89888,4.03744e+06,2.76295e+06,1.14713e+07,0,0,0,0,62.3362,61.308,5.54395,1,1,1.65044,1.85264,0,1.30835,1.69344,8.39061e+06,3.69306e+06,1.38482e+07,0,0,0,0
122.105,122.105,10.2318,0.45,0,2.84168,3.18983,0,0.532447,4.89888,4.03744e+06,2.76295e+06,1.14731e+07,0,0,0,0,62.3362,61.308,5.16004,1,1,1.6507,1.85294,0,1.27513,1.69344,8.39061e+06,3.69306e+06,1.38504e+07,0,0,0,0
122.105,122.105,9.72874,0.46,0,2.94597,3.3069,0,0.532531,4.89888,4.03744e+06,2.76295e+06,1.18942e+07,0,0,0,0,62.3362,61.308,6.1872,1,1,1.69344,1.92776,0.0239195,1.27533,1.69344,8.39061e+06,3.69306e+06,1.4209e+07,0,0,0,0
122.105,122.105,7.04397,0.48,0,2.94644,3.30742,0,0.552075,4.89888,4.03744e+06,2.76295e+06,1.1896e+07,0,0,0,0,62.3362,61.308,4.81393,1,1,1.69344,1.92807,0.02419,1.30835,1.69344,8.39061e+06,3.69306e+06,1.4209e+07,0,0,0,0
122.105,122.105,6.12571,0.48,0,2.9469,3.30794,0,0.552162,4.89888,4.03744e+06,2.76295e+06,1.18979e+07,0,0,0,0,62.3362,61.308,4.601,1,1,1.69344,1.92837,0.0244604,1.30835,1.69344,8.39061e+06,3.69306e+06,1.4209e+07,0,0,0,0
122.105,122.105,5.96407,0.48,0,2.94736,3.30846,0,0.552249,4.89888,4.03744e+06,2.76295e+06,1.18998e+07,0,0,0,0,62.3362,61.308,4.67197,1,1,1.69344,1.92867,0.0247309,1.30835,1.69344,8.39061e+06,3.69306e+06,1.4209e+07,0,0,0,0
122.105,122.105,4.98888,0.44,0,2.9072,3.26338,0,0.552336,4.89888,4.03744e+06,2.76295e+06,1.17376e+07,0,0,0,0,62.3362,61.308,5.4687,1,1,1.69264,1.90001,0,1.30835,1.69344,8.39061e+06,3.69306e+06,1.42023e+07,0,0,0,0
122.105,122.105,3.99777,0.41,0,2.90766,3.26389,0,0.544809,4.89888,4.03744e+06,2.76295e+06,1.17395e+07,0,0,0,0,62.0567,61.308,2.13388,1,1,1.6929,1.90031,0,1.30773,1.69344,8.39061e+06,3.69306e+06,1.42045e+07,0,0,0,0
122.065,122.105,3.69021,0.39,0,3.19315,3.2644,0,0.544895,4.89888,4.03744e+06,2.76295e+06,1.28921e+07,0,0,0,0,61.7041,61.308,1.99351,1,1,1.69344,1.90061,0.16568,1.30794,1.69344,8.39061e+06,3.69306e+06,1.4209e+07,0,0,0,0
122.105,122.105,3.4532,0.45,0,2.90857,3.26492,0,0.598396,4.89888,4.03744e+06,2.76295e+06,1.17432e+07,0,0,0,0,61.2721,61.308,1.90249,1,1,1.69344,1.90091,0,1.30835,1.69344,8.39061e+06,3.69306e+06,1.4209e+07,0,0,0,0
121.915,122.105,3.48781,0.34,0,3.34567,3.42033,0,0.545067,4.89888,4.03744e+06,2.76295e+06,1.35079e+07,0,0,0,0,60.8569,61.308,2.0778,1,1,1.69344,2.004,0.266811,1.30835,1.69344,8.39061e+06,3.69306e+06,1.4209e+07,0,0,0,0
121.486,122.105,2.90132,0.4,0,3.04751,3.42087,0,0.626979,4.89888,4.03744e+06,2.76295e+06,1.23041e+07,0,0,0,0,60.531,61.308,1.86603,1,1,1.69344,2.00431,0.0921138,1.30835,1.69344,8.39061e+06,3.69306e+06,1.4209e+07,0,0,0,0
120.565,122.105,2.55998,0.36,0,3.34673,3.42141,0,0.571103,4.89888,4.03744e+06,2.76295e+06,1.35122e+07,0,0,0,0,60.1384,61.308,1.82831,1,1,1.69344,2.00463,0.267428,1.30835,1.69344,8.39061e+06,3.69306e+06,1.4209e+07,0,0,0,0
119.624,122.105,2.56084,0.35,0,3.34725,3.42195,0,0.627176,4.89888,4.03744e+06,2.76295e+06,1.35143e+07,0,0,0,0,59.8734,61.308,1.85514,1,1,1.69344,2.00494,0.267737,1.30835,1.69344,8.39061e+06,3.69306e+06,1.4209e+07,0,0,0,0
118.721,122.105,2.55597,0.31,0,3.34778,3.42249,0,0.627275,4.89888,4.03744e+06,2.76295e+06,1.35164e+07,0,0,0,0,59.689,61.308,1.95413,1,1,1.69344,2.00526,0.268046,1.30835,1.69344,8.39061e+06,3.69306e+06,1.4209e+07,0,0,0,0
118.123,122.105,2.84424,0.3,0,3.31832,3.39237,0,0.627374,4.89888,4.03744e+06,2.76295e+06,1.33975e+07,0,0,0,0,59.6117,61.308,2.39002,1,1,1.69344,2.06211,0.323659,1.30835,1.69344,8.39061e+06,3.69306e+06,1.4209e+07,0,0,0,0
117.319,122.105,2.61681,0.29,0,3.31884,3.3929,0,0.621853,4.89888,4.03744e+06,2.76295e+06,1.33996e+07,0,0,0,0,59.514,61.308,2.34927,1,1,1.69344,2.06244,0.323977,1.30835,1.69344,8.39061e+06,3.69306e+06,1.4209e+07,0,0,0,0
116.324,122.105,2.39003,0.29,0,3.31936,3.39344,0,0.621951,4.89888,4.03744e+06,2.76295e+06,1.34017e+07,0,0,0,0,59.3668,61.308,2.12524,1,1,1.69344,2.06276,0.324294,1.30835,1.69344,8.39061e+06,3.69306e+06,1.4209e+07,0,0,0,0
115.27,122.105,2.25836,0.29,0,3.31988,3.39397,0,0.622048,4.89888,4.03744e+06,2.76295e+06,1.34038e+07,0,0,0,0,58.9145,61.308,2.08387,1,1,1.69344,2.06309,0.324612,1.30835,1.69344,8.39061e+06,3.69306e+06,1.4209e+07,0,0,0,0
113.857,122.105,1.89865,0.27,0,3.3979,3.47373,0,0.622146,4.89888,4.03744e+06,2.76295e+06,1.37188e+07,0,0,0,0,58.5864,61.308,1.74328,1,1,1.69344,2.11383,0.374249,1.30835,1.69344,8.39061e+06,3.69306e+06,1.4209e+07,0,0,0,0
112.655,122.105,2.15457,0.3,0,3.39843,3.47427,0,0.636766,4.89888,4.03744e+06,2.76295e+06,1.3721e+07,0,0,0,0,58.443,61.308,2.13974,1,1,1.69344,2.11416,0.374574,1.30835,1.69344,8.39061e+06,3.69306e+06,1.4209e+07,0,0,0,0
111.325,122.105,1.97626,0.28,0,3.39897,3.47482,0,0.636866,4.89888,4.03744e+06,2.76295e+06,1.37231e+07,0,0,0,0,58.101,61.308,2.09189,1,1,1.69344,2.1145,0.3749,1.30835,1.69344,8.39061e+06,3.69306e+06,1.4209e+07,0,0,0,0
109.871,122.105,1.80611,0.27,0,3.3995,3.47536,0,0.636967,4.89888,4.03744e+06,2.76295e+06,1.37253e+07,0,0,0,0,57.7092,61.308,1.83871,1,1,1.69344,2.11483,0.375225,1.30835,1.69344,8.39061e+06,3.69306e+06,1.4209e+07,0,0,0,0
108.165,122.105,1.72053,0.26,0,3.62711,3.70805,0,0.637067,4.89888,4.03744e+06,2.76295e+06,1.46442e+07,0,0,0,0,57.412,61.308,1.85474,1,1,1.69344,2.29727,0.553682,1.30835,1.69344,8.39061e+06,3.69306e+06,1.4209e+07,0,0,0,0
106.692,122.105,1.97761,0.27,0,3.62768,3.70864,0,0.679721,4.89888,4.03744e+06,2.76295e+06,1.46465e+07,0,0,0,0,57.1247,61.308,2.25425,1,1,1.69344,2.29763,0.554035,1.30835,1.69344,8.39061e+06,3.69306e+06,1.4209e+07,0,0,0,0
104.904,122.105,1.61465,0.27,0,3.62825,3.70922,0,0.679828,4.89888,4.03744e+06,2.76295e+06,1.46488e+07,0,0,0,0,56.7904,61.308,1.69268,1,1,1.69344,2.29799,0.554389,1.30835,1.69344,8.39061e+06,3.69306e+06,1.4209e+07,0,0,0,0
103.403,122.105,1.95239,0.3,0,3.62882,3.7098,0,0.679934,4.89888,4.03744e+06,2.76295e+06,1.46511e+07,0,0,0,0,56.8326,61.308,2.77531,1,1,1.69344,2.29835,0.554742,1.30835,1.69344,8.39061e+06,3.69306e+06,1.4209e+07,0,0,0,0
101.868,122.105,1.90739,0.3,0,3.62939,3.71039,0,0.680041,4.89888,4.03744e+06,2.76295e+06,1.46534e+07,0,0,0,0,56.6542,61.308,2.20806,1,1,1.69344,2.29871,0.555096,1.30835,1.69344,8.39061e+06,3.69306e+06,1.4209e+07,0,0,0,0
101.343,122.105,2.99261,0.3,0,3.51921,3.59774,0,0.680148,4.89888,4.03744e+06,2.76295e+06,1.42086e+07,0,0,0,0,57.036,61.308,3.89462,1,1,1.69344,2.18846,0.447246,1.30835,1.69344,8.39061e+06,3.69306e+06,1.4209e+07,0,0,0,0
100.618,122.105,2.71685,0.3,0,3.51976,3.59831,0,0.6595,4.89888,4.03744e+06,2.76295e+06,1.42108e+07,0,0,0,0,57.1034,61.308,3.17011,1,1,1.69344,2.1888,0.447582,1.30835,1.69344,8.39061e+06,3.69306e+06,1.4209e+07,0,0,0,0
99.6404,122.105,2.48888,0.31,0,3.52032,3.59888,0,0.659604,4.89888,4.03744e+06,2.76295e+06,1.42131e+07,0,0,0,0,57.1627,61.308,3.09252,1,1,1.69344,2.18915,0.447919,1.30835,1.69344,8.39061e+06,3.69306e+06,1.4209e+07,0,0,0,0
98.6792,122.105,2.71867,0.31,0,3.52087,3.59944,0,0.659707,4.89888,4.03744e+06,2.76295e+06,1.42153e+07,0,0,0,0,57.2679,61.308,3.10586,1,1,1.69344,2.18949,0.448256,1.30835,1.69344,8.39061e+06,3.69306e+06,1.4209e+07,0,0,0,0
98.5192,122.105,3.75496,0.31,0,3.43046,3.50701,0,0.659811,4.89888,4.03744e+06,2.76295e+06,1.38503e+07,0,0,0,0,57.4316,61.308,3.10723,1,1,1.69344,2.08908,0.350038,1.30835,1.69344,8.39061e+06,3.69306e+06,1.4209e+07,0,0,0,0
98.3769,122.105,3.64349,0.31,0,3.431,3.50756,0,0.642868,4.89888,4.03744e+06,2.76295e+06,1.38524e+07,0,0,0,0,58.523,61.308,4.67751,1,1,1.69344,2.08941,0.350359,1.30835,1.69344,8.39061e+06,3.69306e+06,1.4209e+07,0,0,0,0
97.7649,122.105,3.36295,0.31,0,3.43154,3.50811,0,0.642969,4.89888,4.03744e+06,2.76295e+06,1.38546e+07,0,0,0,0,59.1801,61.308,3.81491,1,1,1.69344,2.08974,0.35068,1.30835,1.69344,8.39061e+06,3.69306e+06,1.4209e+07,0,0,0,0
99.3602,122.105,6.03097,0.33,0,3.43208,3.50867,0,0.64307,4.89888,4.03744e+06,2.76295e+06,1.38568e+07,0,0,0,0,60.836,61.308,6.19682,1,1,1.69344,2.09007,0.351002,1.30835,1.69344,8.39061e+06,3.69306e+06,1.4209e+07,0,0,0,0
102.451,122.105,6.83928,0.35,0,3.1741,3.24493,0,0.643171,4.89888,4.03744e+06,2.76295e+06,1.28152e+07,0,0,0,0,61.162,61.308,3.79011,1,1,1.69344,1.88042,0.145933,1.30835,1.69344,8.39061e+06,3.69306e+06,1.4209e+07,0,0,0,0
103.775,122.105,4.89435,0.36,0,3.1746,3.24544,0,0.594826,4.89888,4.03744e+06,2.76295e+06,1.28172e+07,0,0,0,0,62.2374,61.308,4.64519,1,1,1.69344,1.88072,0.146223,1.30835,1.69344,8.39061e+06,3.69306e+06,1.4209e+07,0,0,0,0
104.946,122.105,4.90971,0.38,0,3.1751,3.24595,0,0.59492,4.89888,4.03744e+06,2.76295e+06,1.28193e+07,0,0,0,0,62.3362,61.308,4.76984,1,1,1.69344,1.88101,0.146512,1.30835,1.69344,8.39061e+06,3.69306e+06,1.4209e+07,0,0,0,0
109.45,122.105,8.64437,0.4,0,2.89213,3.24646,0,0.595013,4.89888,4.03744e+06,2.76295e+06,1.16768e+07,0,0,0,0,62.3362,61.308,11.2435,1,1,1.67597,1.88131,0,1.30835,1.69344,8.39061e+06,3.69306e+06,1.40625e+07,0,0,0,0
111.567,122.105,6.30245,0.36,0,3.1761,3.24697,0,0.541986,4.89888,4.03744e+06,2.76295e+06,1.28233e+07,0,0,0,0,62.3362,61.308,6.2424,1,1,1.69344,1.8816,0.14709,1.29486,1.69344,8.39061e+06,3.69306e+06,1.4209e+07,0,0,0,0
118.345,122.105,11.8706,0.39,0,3.27609,3.3492,0,0.5952,4.89888,4.03744e+06,2.76295e+06,1.3227e+07,0,0,0,0,62.3362,61.308,8.75465,1,1,1.69344,1.94274,0.206889,1.30835,1.69344,8.39061e+06,3.69306e+06,1.4209e+07,0,0,0,0
122.105,122.105,9.41096,0.35,0,3.27657,3.34969,0,0.613939,4.89888,4.03744e+06,2.76295e+06,1.32289e+07,0,0,0,0,62.3362,61.308,6.56294,1,1,1.69344,1.94302,0.207168,1.30835,1.69344,8.39061e+06,3.69306e+06,1.4209e+07,0,0,0,0
122.105,122.105,9.71487,0.33,0,3.27705,3.35018,0,0.614029,4.89888,4.03744e+06,2.76295e+06,1.32309e+07,0,0,0,0,62.3362,61.308,4.53677,1,1,1.69344,1.94331,0.207447,1.30835,1.69344,8.39061e+06,3.69306e+06,1.4209e+07,0,0,0,0
122.105,122.105,7.83441,0.34,0,3.27753,3.35067,0,0.614119,4.89888,4.03744e+06,2.76295e+06,1.32328e+07,0,0,0,0,62.3362,61.308,4.44931,1,1,1.69344,1.94359,0.207726,1.30835,1.69344,8.39061e+06,3.69306e+06,1.4209e+07,0,0,0,0
122.105,122.105,11.7768,0.35,0,3.59774,3.67803,0,0.61421,4.89888,4.03744e+06,2.76295e+06,1.45257e+07,0,0,0,0,62.3362,61.308,8.57193,1,1,1.69344,2.17244,0.431575,1.30835,1.69344,8.39061e+06,3.69306e+06,1.4209e+07,0,0,0,0
122.105,122.105,9.16456,0.34,0,3.59827,3.67857,0,0.674217,4.89888,4.03744e+06,2.76295e+06,1.45278e+07,0,0,0,0,62.3362,61.308,7.09269,1,1,1.69344,2.17276,0.431887,1.30835,1.69344,8.39061e+06,3.69306e+06,1.4209e+07,0,0,0,0
122.105,122.105,6.2181,0.35,0,3.5988,3.67911,0,0.674316,4.89888,4.03744e+06,2.76295e+06,1.45299e+07,0,0,0,0,62.3362,61.308,4.8981,1,1,1.69344,2.17307,0.432199,1.30835,1.69344,8.39061e+06,3.69306e+06,1.4209e+07,0,0,0,0
122.105,122.105,5.31168,0.36,0,3.59933,3.67965,0,0.674415,4.89888,4.03744e+06,2.76295e+06,1.45321e+07,0,0,0,0,62.3362,61.308,5.41716,1,1,1.69344,2.17339,0.432511,1.30835,1.69344,8.39061e+06,3.69306e+06,1.4209e+07,0,0,0,0
122.105,122.105,5.00736,0.36,0,3.14355,3.2137,0,0.674514,4.89888,4.03744e+06,2.76295e+06,1.26919e+07,0,0,0,0,62.3362,61.308,4.39789,1,1,1.69344,1.8668,0.132614,1.30835,1.69344,8.39061e+06,3.69306e+06,1.4209e+07,0,0,0,0
122.105,122.105,6.6091,0.38,0,3.14401,3.21418,0,0.589102,4.89888,4.03744e+06,2.76295e+06,1.26938e+07,0,0,0,0,62.3362,61.308,4.20028,1,1,1.69344,1.86708,0.132882,1.30835,1.69344,8.39061e+06,3.69306e+06,1.4209e+07,0,0,0,0
122.105,122.105,5.77142,0.39,0,3.14448,3.21465,0,0.589188,4.89888,4.03744e+06,2.76295e+06,1.26956e+07,0,0,0,0,62.3362,61.308,3.35174,1,1,1.69344,1.86735,0.13315,1.30835,1.69344,8.39061e+06,3.69306e+06,1.4209e+07,0,0,0,0
122.105,122.105,5.69442,0.41,0,2.86421,3.21512,0,0.589275,4.89888,4.03744e+06,2.76295e+06,1.15641e+07,0,0,0,0,62.3362,61.308,4.06915,1,1,1.66379,1.86763,0,1.30835,1.69344,8.39061e+06,3.69306e+06,1.39602e+07,0,0,0,0
122.105,122.105,5.99722,0.47,0,2.86463,3.21559,0,0.536753,4.89888,4.03744e+06,2.76295e+06,1.15658e+07,0,0,0,0,62.3362,61.308,4.11833,1,1,1.66403,1.8679,0,1.28544,1.69344,8.39061e+06,3.69306e+06,1.39622e+07,0,0,0,0
122.105,122.105,6.41358,0.49,0,2.96973,3.33357,0,0.536832,4.89888,4.03744e+06,2.76295e+06,1.19901e+07,0,0,0,0,62.3362,61.308,5.05613,1,1,1.69344,1.94331,0.0377715,1.28563,1.69344,8.39061e+06,3.69306e+06,1.4209e+07,0,0,0,0
122.105,122.105,4.91989,0.5,0,2.97017,3.33406,0,0.556528,4.89888,4.03744e+06,2.76295e+06,1.19919e+07,0,0,0,0,62.3362,61.308,3.85399,1,1,1.69344,1.9436,0.0380256,1.30835,1.69344,8.39061e+06,3.69306e+06,1.4209e+07,0,0,0,0
122.105,122.105,3.96134,0.49,0,2.97061,3.33455,0,0.55661,4.89888,4.03744e+06,2.76295e+06,1.19936e+07,0,0,0,0,62.3362,61.308,3.11412,1,1,1.69344,1.94388,0.0382797,1.30835,1.69344,8.39061e+06,3.69306e+06,1.4209e+07,0,0,0,0
122.105,122.105,3.59217,0.48,0,2.97104,3.33504,0,0.556692,4.89888,4.03744e+06,2.76295e+06,1.19954e+07,0,0,0,0,62.3362,61.308,2.80854,1,1,1.69344,1.94417,0.038534,1.30835,1.69344,8.39061e+06,3.69306e+06,1.4209e+07,0,0,0,0
122.105,122.105,3.91749,0.46,0,2.93052,3.28956,0,0.556773,4.89888,4.03744e+06,2.76295e+06,1.18318e+07,0,0,0,0,62.3362,61.308,3.01749,1,1,1.69344,1.91525,0.0127757,1.30835,1.69344,8.39061e+06,3.69306e+06,1.4209e+07,0,0,0,0
122.105,122.105,3.65388,0.42,0,2.93095,3.29004,0,0.54918,4.89888,4.03744e+06,2.76295e+06,1.18335e+07,0,0,0,0,62.3362,61.308,3.38266,1,1,1.69344,1.91553,0.0130261,1.30835,1.69344,8.39061e+06,3.69306e+06,1.4209e+07,0,0,0,0
122.105,122.105,3.32179,0.4,0,2.93138,3.29052,0,0.549261,4.89888,4.03744e+06,2.76295e+06,1.18353e+07,0,0,0,0,62.3362,61.308,2.82609,1,1,1.69344,1.91582,0.0132765,1.30835,1.69344,8.39061e+06,3.69306e+06,1.4209e+07,0,0,0,0
122.105,122.105,4.00956,0.37,0,3.21917,3.29101,0,0.549341,4.89888,4.03744e+06,2.76295e+06,1.29972e+07,0,0,0,0,62.3362,61.308,2.86903,1,1,1.69344,1.9161,0.180831,1.30835,1.69344,8.39061e+06,3.69306e+06,1.4209e+07,0,0,0,0
121.606,122.105,3.06181,0.35,0,3.37237,3.44763,0,0.603272,4.89888,4.03744e+06,2.76295e+06,1.36157e+07,0,0,0,0,62.2705,61.308,2.61148,1,1,1.69344,2.01999,0.282453,1.30835,1.69344,8.39061e+06,3.69306e+06,1.4209e+07,0,0,0,0
121.265,122.105,2.86629,0.4,0,3.07179,3.44813,0,0.631982,4.89888,4.03744e+06,2.76295e+06,1.24022e+07,0,0,0,0,62.1434,61.308,2.28061,1,1,1.69344,2.02028,0.106343,1.30835,1.69344,8.39061e+06,3.69306e+06,1.4209e+07,0,0,0,0
120.605,122.105,2.77851,0.37,0,3.37336,3.44864,0,0.575654,4.89888,4.03744e+06,2.76295e+06,1.36197e+07,0,0,0,0,62.0276,61.308,2.41374,1,1,1.69344,2.02058,0.283033,1.30835,1.69344,8.39061e+06,3.69306e+06,1.4209e+07,0,0,0,0
119.715,122.105,2.53096,0.35,0,3.37385,3.44914,0,0.632168,4.89888,4.03744e+06,2.76295e+06,1.36217e+07,0,0,0,0,61.8711,61.308,2.31777,1,1,1.69344,2.02088,0.283323,1.30835,1.69344,8.39061e+06,3.69306e+06,1.4209e+07,0,0,0,0
118.785,122.105,2.44126,0.31,0,3.37435,3.44965,0,0.63226,4.89888,4.03744e+06,2.76295e+06,1.36237e+07,0,0,0,0,61.7011,61.308,2.35228,1,1,1.69344,2.02117,0.283613,1.30835,1.69344,8.39061e+06,3.69306e+06,1.4209e+07,0,0,0,0
117.741,122.105,2.28051,0.3,0,3.34462,3.41926,0,0.632353,4.89888,4.03744e+06,2.76295e+06,1.35037e+07,0,0,0,0,61.5482,61.308,2.32287,1,1,1.69344,2.07846,0.339647,1.30835,1.69344,8.39061e+06,3.69306e+06,1.4209e+07,0,0,0,0
116.516,122.105,2.07182,0.29,0,3.34511,3.41976,0,0.626781,4.89888,4.03744e+06,2.76295e+06,1.35057e+07,0,0,0,0,61.3456,61.308,2.0695,1,1,1.69344,2.07876,0.339945,1.30835,1.69344,8.39061e+06,3.69306e+06,1.4209e+07,0,0,0,0
115.248,122.105,1.97233,0.29,0,3.3456,3.42026,0,0.626873,4.89888,4.03744e+06,2.76295e+06,1.35076e+07,0,0,0,0,61.052,61.308,2.01504,1,1,1.69344,2.07907,0.340243,1.30835,1.69344,8.39061e+06,3.69306e+06,1.4209e+07,0,0,0,0
113.821,122.105,1.77737,0.29,0,3.34609,3.42076,0,0.626965,4.89888,4.03744e+06,2.76295e+06,1.35096e+07,0,0,0,0,60.5546,61.308,1.94812,1,1,1.69344,2.07937,0.340541,1.30835,1.69344,8.39061e+06,3.69306e+06,1.4209e+07,0,0,0,0
112.22,122.105,1.61459,0.3,0,3.42468,3.50111,0,0.627057,4.89888,4.03744e+06,2.76295e+06,1.38269e+07,0,0,0,0,59.8017,61.308,1.66768,1,1,1.69344,2.13049,0.390548,1.30835,1.69344,8.39061e+06,3.69306e+06,1.4209e+07,0,0,0,0
110.554,122.105,1.5058,0.3,0,3.42519,3.50162,0,0.641786,4.89888,4.03744e+06,2.76295e+06,1.3829e+07,0,0,0,0,58.9413,61.308,1.46629,1,1,1.69344,2.13081,0.390854,1.30835,1.69344,8.39061e+06,3.69306e+06,1.4209e+07,0,0,0,0
108.796,122.105,1.39042,0.29,0,3.42569,3.50214,0,0.64188,4.89888,4.03744e+06,2.76295e+06,1.3831e+07,0,0,0,0,58.402,61.308,1.37935,1,1,1.69344,2.13112,0.39116,1.30835,1.69344,8.39061e+06,3.69306e+06,1.4209e+07,0,0,0,0
107.299,122.105,1.6962,0.29,0,3.42619,3.50265,0,0.641974,4.89888,4.03744e+06,2.76295e+06,1.3833e+07,0,0,0,0,57.8661,61.308,1.80523,1,1,1.69344,2.13143,0.391465,1.30835,1.69344,8.39061e+06,3.69306e+06,1.4209e+07,0,0,0,0
105.442,122.105,1.45845,0.27,0,3.65555,3.73712,0,0.642068,4.89888,4.03744e+06,2.76295e+06,1.4759e+07,0,0,0,0,57.2943,61.308,1.59804,1,1,1.69344,2.31528,0.571299,1.30835,1.69344,8.39061e+06,3.69306e+06,1.4209e+07,0,0,0,0
103.383,122.105,1.23318,0.29,0,3.65608,3.73767,0,0.68505,4.89888,4.03744e+06,2.76295e+06,1.47612e+07,0,0,0,0,56.6012,61.308,1.57434,1,1,1.69344,2.31562,0.571631,1.30835,1.69344,8.39061e+06,3.69306e+06,1.4209e+07,0,0,0,0
101.289,122.105,1.1693,0.3,0,3.65662,3.73822,0,0.68515,4.89888,4.03744e+06,2.76295e+06,1.47634e+07,0,0,0,0,56.015,61.308,1.46876,1,1,1.69344,2.31596,0.571963,1.30835,1.69344,8.39061e+06,3.69306e+06,1.4209e+07,0,0,0,0
99.5754,122.105,1.55062,0.3,0,3.65716,3.73877,0,0.68525,4.89888,4.03744e+06,2.76295e+06,1.47655e+07,0,0,0,0,55.4705,61.308,1.65657,1,1,1.69344,2.3163,0.572296,1.30835,1.69344,8.39061e+06,3.69306e+06,1.4209e+07,0,0,0,0
98.4487,122.105,2.21453,0.3,0,3.65769,3.73932,0,0.685351,4.89888,4.03744e+06,2.76295e+06,1.47677e+07,0,0,0,0,55.0715,61.308,1.9492,1,1,1.69344,2.31664,0.572628,1.30835,1.69344,8.39061e+06,3.69306e+06,1.4209e+07,0,0,0,0
97.297,122.105,2.01025,0.31,0,3.54661,3.62576,0,0.685451,4.89888,4.03744e+06,2.76295e+06,1.43192e+07,0,0,0,0,54.9782,61.308,3.34059,1,1,1.69344,2.2055,0.463913,1.30835,1.69344,8.39061e+06,3.69306e+06,1.4209e+07,0,0,0,0
95.943,122.105,1.7523,0.33,0,3.54713,3.62629,0,0.664635,4.89888,4.03744e+06,2.76295e+06,1.43213e+07,0,0,0,0,54.5654,61.308,2.329,1,1,1.69344,2.20582,0.46423,1.30835,1.69344,8.39061e+06,3.69306e+06,1.4209e+07,0,0,0,0
94.3208,122.105,1.4472,0.34,0,3.54765,3.62682,0,0.664732,4.89888,4.03744e+06,2.76295e+06,1.43234e+07,0,0,0,0,54.0618,61.308,1.84038,1,1,1.69344,2.20614,0.464546,1.30835,1.69344,8.39061e+06,3.69306e+06,1.4209e+07,0,0,0,0
93.4653,122.105,2.3286,0.34,0,3.54817,3.62735,0,0.66483,4.89888,4.03744e+06,2.76295e+06,1.43255e+07,0,0,0,0,53.8358,61.308,2.44287,1,1,1.69344,2.20647,0.464862,1.30835,1.69344,8.39061e+06,3.69306e+06,1.4209e+07,0,0,0,0
92.996,122.105,2.9987,0.35,0,3.45702,3.53417,0,0.664927,4.89888,4.03744e+06,2.76295e+06,1.39575e+07,0,0,0,0,53.9079,61.308,2.97123,1,1,1.69344,2.10526,0.365861,1.30835,1.69344,8.39061e+06,3.69306e+06,1.4209e+07,0,0,0,0
91.8321,122.105,2.16474,0.36,0,3.45753,3.53468,0,0.647846,4.89888,4.03744e+06,2.76295e+06,1.39595e+07,0,0,0,0,53.8421,61.308,2.70257,1,1,1.69344,2.10556,0.366163,1.30835,1.69344,8.39061e+06,3.69306e+06,1.4209e+07,0,0,0,0
90.8864,122.105,2.32738,0.36,0,3.45803,3.5352,0,0.647941,4.89888,4.03744e+06,2.76295e+06,1.39616e+07,0,0,0,0,53.8839,61.308,3.0802,1,1,1.69344,2.10587,0.366465,1.30835,1.69344,8.39061e+06,3.69306e+06,1.4209e+07,0,0,0,0
95.9785,122.105,9.08867,0.37,0,3.45854,3.53572,0,0.648035,4.89888,4.03744e+06,2.76295e+06,1.39636e+07,0,0,0,0,54.658,61.308,5.09821,1,1,1.69344,2.10618,0.366766,1.30835,1.69344,8.39061e+06,3.69306e+06,1.4209e+07,0,0,0,0
97.5789,122.105,5.32567,0.38,0,3.19854,3.26992,0,0.64813,4.89888,4.03744e+06,2.76295e+06,1.29139e+07,0,0,0,0,55.0761,61.308,3.96939,1,1,1.69344,1.8949,0.160097,1.30835,1.69344,8.39061e+06,3.69306e+06,1.4209e+07,0,0,0,0
98.0941,122.105,3.97613,0.38,0,3.19901,3.2704,0,0.599407,4.89888,4.03744e+06,2.76295e+06,1.29158e+07,0,0,0,0,55.2264,61.308,3.55801,1,1,1.69344,1.89518,0.160369,1.30835,1.69344,8.39061e+06,3.69306e+06,1.4209e+07,0,0,0,0
99.2464,122.105,4.72195,0.38,0,3.19948,3.27088,0,0.599494,4.89888,4.03744e+06,2.76295e+06,1.29177e+07,0,0,0,0,55.7058,61.308,4.73565,1,1,1.69344,1.89546,0.160641,1.30835,1.69344,8.39061e+06,3.69306e+06,1.4209e+07,0,0,0,0
100.667,122.105,4.9309,0.41,0,2.91431,3.27136,0,0.599582,4.89888,4.03744e+06,2.76295e+06,1.17663e+07,0,0,0,0,56.5098,61.308,5.52207,1,1,1.68883,1.89573,0,1.30835,1.69344,8.39061e+06,3.69306e+06,1.41703e+07,0,0,0,0
104.188,122.105,7.24221,0.41,0,2.91474,3.27184,0,0.546142,4.89888,4.03744e+06,2.76295e+06,1.17681e+07,0,0,0,0,57.6434,61.308,6.08069,1,1,1.68907,1.89601,0,1.30479,1.69344,8.39061e+06,3.69306e+06,1.41724e+07,0,0,0,0
109.902,122.105,10.2493,0.44,0,3.00647,3.37481,0,0.546222,4.89888,4.03744e+06,2.76295e+06,1.21384e+07,0,0,0,0,59.5376,61.308,7.52236,1,1,1.69344,1.95759,0.0504939,1.30498,1.69344,8.39061e+06,3.69306e+06,1.4209e+07,0,0,0,0
116.663,122.105,11.9722,0.39,0,3.30159,3.37527,0,0.563413,4.89888,4.03744e+06,2.76295e+06,1.333e+07,0,0,0,0,62.3362,61.308,9.29719,1,1,1.69344,1.95786,0.221682,1.30835,1.69344,8.39061e+06,3.69306e+06,1.4209e+07,0,0,0,0
120.322,122.105,8.23835,0.37,0,3.30204,3.37573,0,0.618718,4.89888,4.03744e+06,2.76295e+06,1.33318e+07,0,0,0,0,62.3362,61.308,6.89763,1,1,1.69344,1.95813,0.221944,1.30835,1.69344,8.39061e+06,3.69306e+06,1.4209e+07,0,0,0,0
122.105,122.105,7.21196,0.38,0,3.30249,3.37619,0,0.618803,4.89888,4.03744e+06,2.76295e+06,1.33336e+07,0,0,0,0,62.3362,61.308,5.44494,1,1,1.69344,1.95839,0.222205,1.30835,1.69344,8.39061e+06,3.69306e+06,1.4209e+07,0,0,0,0
122.105,122.105,9.02699,0.36,0,3.62511,3.706,0,0.618887,4.89888,4.03744e+06,2.76295e+06,1.46361e+07,0,0,0,0,62.3362,61.308,6.16662,1,1,1.69344,2.18896,0.447737,1.30835,1.69344,8.39061e+06,3.69306e+06,1.4209e+07,0,0,0,0
122.105,122.105,7.27829,0.36,0,3.6256,3.70651,0,0.679345,4.89888,4.03744e+06,2.76295e+06,1.46381e+07,0,0,0,0,62.3362,61.308,5.42356,1,1,1.69344,2.18926,0.448029,1.30835,1.69344,8.39061e+06,3.69306e+06,1.4209e+07,0,0,0,0
122.105,122.105,6.68903,0.36,0,3.6261,3.70702,0,0.679438,4.89888,4.03744e+06,2.76295e+06,1.46401e+07,0,0,0,0,62.3362,61.308,4.92998,1,1,1.69344,2.18956,0.448322,1.30835,1.69344,8.39061e+06,3.69306e+06,1.4209e+07,0,0,0,0
122.105,122.105,7.47818,0.36,0,3.62659,3.70752,0,0.679531,4.89888,4.03744e+06,2.76295e+06,1.46421e+07,0,0,0,0,62.3362,61.308,5.54558,1,1,1.69344,2.18986,0.448614,1.30835,1.69344,8.39061e+06,3.69306e+06,1.4209e+07,0,0,0,0
122.105,122.105,6.52047,0.37,0,3.16733,3.23801,0,0.679623,4.89888,4.03744e+06,2.76295e+06,1.27879e+07,0,0,0,0,62.3362,61.308,4.48785,1,1,1.69344,1.88092,0.146427,1.30835,1.69344,8.39061e+06,3.69306e+06,1.4209e+07,0,0,0,0
122.105,122.105,8.36995,0.38,0,3.16776,3.23846,0,0.593558,4.89888,4.03744e+06,2.76295e+06,1.27896e+07,0,0,0,0,62.3362,61.308,8.17865,1,1,1.69344,1.88118,0.146678,1.30835,1.69344,8.39061e+06,3.69306e+06,1.4209e+07,0,0,0,0
122.105,122.105,6.57361,0.39,0,3.1682,3.2389,0,0.593639,4.89888,4.03744e+06,2.76295e+06,1.27914e+07,0,0,0,0,62.3362,61.308,5.29382,1,1,1.69344,1.88144,0.146929,1.30835,1.69344,8.39061e+06,3.69306e+06,1.4209e+07,0,0,0,0
122.105,122.105,4.43498,0.44,0,2.88579,3.23934,0,0.59372,4.89888,4.03744e+06,2.76295e+06,1.16512e+07,0,0,0,0,62.3362,61.308,3.50476,1,1,1.67632,1.8817,0,1.30835,1.69344,8.39061e+06,3.69306e+06,1.40654e+07,0,0,0,0
122.105,122.105,4.19324,0.48,0,2.88618,3.23978,0,0.540796,4.89888,4.03744e+06,2.76295e+06,1.16528e+07,0,0,0,0,62.3362,61.308,3.29011,1,1,1.67655,1.88195,0,1.29513,1.69344,8.39061e+06,3.69306e+06,1.40673e+07,0,0,0,0
122.105,122.105,5.12588,0.53,0,2.99204,3.35861,0,0.54087,4.89888,4.03744e+06,2.76295e+06,1.20802e+07,0,0,0,0,62.3362,61.308,3.59124,1,1,1.69344,1.95791,0.0507769,1.2953,1.69344,8.39061e+06,3.69306e+06,1.4209e+07,0,0,0,0
122.105,122.105,3.57754,0.51,0,2.99245,3.35907,0,0.560709,4.89888,4.03744e+06,2.76295e+06,1.20818e+07,0,0,0,0,62.3362,61.308,2.83054,1,1,1.69344,1.95818,0.0510151,1.30835,1.69344,8.39061e+06,3.69306e+06,1.4209e+07,0,0,0,0
122.105,122.105,3.7736,0.51,0,2.99286,3.35953,0,0.560786,4.89888,4.03744e+06,2.76295e+06,1.20835e+07,0,0,0,0,62.3362,61.308,2.8251,1,1,1.69344,1.95844,0.0512532,1.30835,1.69344,8.39061e+06,3.69306e+06,1.4209e+07,0,0,0,0
121.758,122.105,3.03065,0.49,0,2.99327,3.35999,0,0.560862,4.89888,4.03744e+06,2.76295e+06,1.20851e+07,0,0,0,0,62.2466,61.308,2.57964,1,1,1.69344,1.95871,0.0514913,1.30835,1.69344,8.39061e+06,3.69306e+06,1.4209e+07,0,0,0,0
121.386,122.105,2.91395,0.6,0,2.95242,3.31413,0,0.560939,4.89888,4.03744e+06,2.76295e+06,1.19202e+07,0,0,0,0,61.9728,61.308,2.42269,1,1,1.69344,1.92956,0.0255228,1.30835,1.69344,8.39061e+06,3.69306e+06,1.4209e+07,0,0,0,0
120.905,122.105,2.67118,0.59,0,2.95282,3.31459,0,0.553283,4.89888,4.03744e+06,2.76295e+06,1.19218e+07,0,0,0,0,61.7518,61.308,2.08656,1,1,1.69344,1.92983,0.0257573,1.30835,1.69344,8.39061e+06,3.69306e+06,1.4209e+07,0,0,0,0
120.367,122.105,2.65523,0.56,0,2.95322,3.31504,0,0.553359,4.89888,4.03744e+06,2.76295e+06,1.19235e+07,0,0,0,0,61.5887,61.308,2.30958,1,1,1.69344,1.93009,0.025992,1.30835,1.69344,8.39061e+06,3.69306e+06,1.4209e+07,0,0,0,0
119.762,122.105,2.53423,0.49,0,2.95363,3.31549,0,0.553434,4.89888,4.03744e+06,2.76295e+06,1.19251e+07,0,0,0,0,61.413,61.308,2.15307,1,1,1.69344,1.93035,0.0262266,1.30835,1.69344,8.39061e+06,3.69306e+06,1.4209e+07,0,0,0,0
119.011,122.105,2.49591,0.47,0,3.09416,3.47324,0,0.55351,4.89888,4.03744e+06,2.76295e+06,1.24925e+07,0,0,0,0,61.1131,61.308,1.97226,1,1,1.69344,2.03499,0.119448,1.30835,1.69344,8.39061e+06,3.69306e+06,1.4209e+07,0,0,0,0
118.249,122.105,2.43775,0.42,0,3.09458,3.47372,0,0.579846,4.89888,4.03744e+06,2.76295e+06,1.24942e+07,0,0,0,0,60.7649,61.308,1.99536,1,1,1.69344,2.03527,0.119696,1.30835,1.69344,8.39061e+06,3.69306e+06,1.4209e+07,0,0,0,0
117.412,122.105,2.35526,0.4,0,3.095,3.47419,0,0.579925,4.89888,4.03744e+06,2.76295e+06,1.24959e+07,0,0,0,0,60.5073,61.308,2.03064,1,1,1.69344,2.03555,0.119943,1.30835,1.69344,8.39061e+06,3.69306e+06,1.4209e+07,0,0,0,0
116.239,122.105,2.24996,0.35,0,3.39882,3.47466,0,0.580004,4.89888,4.03744e+06,2.76295e+06,1.37225e+07,0,0,0,0,60.1937,61.308,1.98251,1,1,1.69344,2.03583,0.297948,1.30835,1.69344,8.39061e+06,3.69306e+06,1.4209e+07,0,0,0,0
114.955,122.105,2.10691,0.32,0,3.39928,3.47514,0,0.636938,4.89888,4.03744e+06,2.76295e+06,1.37244e+07,0,0,0,0,59.7122,61.308,1.863,1,1,1.69344,2.03611,0.29822,1.30835,1.69344,8.39061e+06,3.69306e+06,1.4209e+07,0,0,0,0
113.358,122.105,1.59735,0.3,0,3.36929,3.44448,0,0.637025,4.89888,4.03744e+06,2.76295e+06,1.36033e+07,0,0,0,0,58.831,61.308,1.45033,1,1,1.69344,2.09379,0.354646,1.30835,1.69344,8.39061e+06,3.69306e+06,1.4209e+07,0,0,0,0
111.688,122.105,1.51857,0.33,0,3.36975,3.44495,0,0.631406,4.89888,4.03744e+06,2.76295e+06,1.36052e+07,0,0,0,0,57.9551,61.308,1.36826,1,1,1.69344,2.09408,0.354926,1.30835,1.69344,8.39061e+06,3.69306e+06,1.4209e+07,0,0,0,0
109.918,122.105,1.39617,0.31,0,3.37021,3.44542,0,0.631492,4.89888,4.03744e+06,2.76295e+06,1.3607e+07,0,0,0,0,56.9694,61.308,1.3449,1,1,1.69344,2.09436,0.355205,1.30835,1.69344,8.39061e+06,3.69306e+06,1.4209e+07,0,0,0,0
108.057,122.105,1.27794,0.3,0,3.37067,3.44589,0,0.631578,4.89888,4.03744e+06,2.76295e+06,1.36089e+07,0,0,0,0,56.0345,61.308,1.21669,1,1,1.69344,2.09465,0.355485,1.30835,1.69344,8.39061e+06,3.69306e+06,1.4209e+07,0,0,0,0
106.247,122.105,1.35943,0.3,0,3.44981,3.52679,0,0.631664,4.89888,4.03744e+06,2.76295e+06,1.39284e+07,0,0,0,0,55.098,61.308,1.3199,1,1,1.69344,2.14612,0.405838,1.30835,1.69344,8.39061e+06,3.69306e+06,1.4209e+07,0,0,0,0
104.438,122.105,1.35921,0.3,0,3.45028,3.52728,0,0.646494,4.89888,4.03744e+06,2.76295e+06,1.39303e+07,0,0,0,0,54.0902,61.308,1.32607,1,1,1.69344,2.14642,0.406124,1.30835,1.69344,8.39061e+06,3.69306e+06,1.4209e+07,0,0,0,0
102.542,122.105,1.23794,0.32,0,3.45075,3.52776,0,0.646582,4.89888,4.03744e+06,2.76295e+06,1.39322e+07,0,0,0,0,53.0856,61.308,1.21672,1,1,1.69344,2.14671,0.40641,1.30835,1.69344,8.39061e+06,3.69306e+06,1.4209e+07,0,0,0,0
100.552,122.105,1.11327,0.32,0,3.45122,3.52824,0,0.646671,4.89888,4.03744e+06,2.76295e+06,1.39341e+07,0,0,0,0,52.0666,61.308,1.2011,1,1,1.69344,2.147,0.406697,1.30835,1.69344,8.39061e+06,3.69306e+06,1.4209e+07,0,0,0,0
98.2661,122.105,0.981185,0.31,0,3.68222,3.76439,0,0.646759,4.89888,4.03744e+06,2.76295e+06,1.48667e+07,0,0,0,0,51.0743,61.308,1.18418,1,1,1.69344,2.33217,0.587821,1.30835,1.69344,8.39061e+06,3.69306e+06,1.4209e+07,0,0,0,0
96,122.105,0.995662,0.3,0,3.68272,3.7649,0,0.690047,4.89888,4.03744e+06,2.76295e+06,1.48687e+07,0,0,0,0,50.0212,61.308,1.1856,1,1,1.69344,2.33249,0.588132,1.30835,1.69344,8.39061e+06,3.69306e+06,1.4209e+07,0,0,0,0
93.6782,122.105,0.900841,0.33,0,3.68322,3.76541,0,0.690141,4.89888,4.03744e+06,2.76295e+06,1.48708e+07,0,0,0,0,48.9745,61.308,1.09795,1,1,1.69344,2.33281,0.588443,1.30835,1.69344,8.39061e+06,3.69306e+06,1.4209e+07,0,0,0,0
91.4647,122.105,0.993435,0.32,0,3.68372,3.76593,0,0.690235,4.89888,4.03744e+06,2.76295e+06,1.48728e+07,0,0,0,0,48.1032,61.308,1.12781,1,1,1.69344,2.33312,0.588754,1.30835,1.69344,8.39061e+06,3.69306e+06,1.4209e+07,0,0,0,0
89.7038,122.105,1.47962,0.33,0,3.68422,3.76644,0,0.69033,4.89888,4.03744e+06,2.76295e+06,1.48748e+07,0,0,0,0,46.8637,61.308,1.37531,1,1,1.69344,2.33344,0.589065,1.30835,1.69344,8.39061e+06,3.69306e+06,1.4209e+07,0,0,0,0
87.9454,122.105,1.33208,0.34,0,3.5723,3.65202,0,0.690424,4.89888,4.03744e+06,2.76295e+06,1.44229e+07,0,0,0,0,45.7094,61.308,0.800069,1,1,1.69344,2.22147,0.47954,1.30835,1.69344,8.39061e+06,3.69306e+06,1.4209e+07,0,0,0,0
85.8985,122.105,1.01454,0.36,0,3.57279,3.65252,0,0.669449,4.89888,4.03744e+06,2.76295e+06,1.44249e+07,0,0,0,0,44.3287,61.308,1.03734,1,1,1.69344,2.22178,0.479837,1.30835,1.69344,8.39061e+06,3.69306e+06,1.4209e+07,0,0,0,0
83.7842,122.105,0.861743,0.36,0,3.57328,3.65302,0,0.669541,4.89888,4.03744e+06,2.76295e+06,1.44269e+07,0,0,0,0,42.746,61.308,0.593058,1,1,1.69344,2.22208,0.480133,1.30835,1.69344,8.39061e+06,3.69306e+06,1.4209e+07,0,0,0,0
81.6733,122.105,0.837311,0.37,0,3.57376,3.65351,0,0.669632,4.89888,4.03744e+06,2.76295e+06,1.44288e+07,0,0,0,0,41.3141,61.308,0.544583,1,1,1.69344,2.22238,0.480429,1.30835,1.69344,8.39061e+06,3.69306e+06,1.4209e+07,0,0,0,0
80.1334,122.105,1.47671,0.39,0,3.48192,3.55962,0,0.669723,4.89888,4.03744e+06,2.76295e+06,1.4058e+07,0,0,0,0,39.9199,61.308,0.802992,1,1,1.69344,2.12042,0.380692,1.30835,1.69344,8.39061e+06,3.69306e+06,1.4209e+07,0,0,0,0
78.6454,122.105,1.15979,0.43,0,3.17154,3.56011,0,0.652512,4.89888,4.03744e+06,2.76295e+06,1.28049e+07,0,0,0,0,38.9312,61.308,0.514234,1,1,1.69344,2.12071,0.195806,1.30835,1.69344,8.39061e+06,3.69306e+06,1.4209e+07,0,0,0,0
77.4977,122.105,1.59988,0.44,0,3.17198,3.56059,0,0.594347,4.89888,4.03744e+06,2.76295e+06,1.28066e+07,0,0,0,0,38.3909,61.308,1.27446,1,1,1.69344,2.121,0.196064,1.30835,1.69344,8.39061e+06,3.69306e+06,1.4209e+07,0,0,0,0
78.5297,122.105,4.08706,0.45,0,3.17241,3.56108,0,0.594428,4.89888,4.03744e+06,2.76295e+06,1.28084e+07,0,0,0,0,38.0575,61.308,2.46024,1,1,1.69344,2.12129,0.196321,1.30835,1.69344,8.39061e+06,3.69306e+06,1.4209e+07,0,0,0,0
78.5488,122.105,2.73712,0.49,0,2.93389,3.29334,0,0.594509,4.89888,4.03744e+06,2.76295e+06,1.18454e+07,0,0,0,0,37.724,61.308,1.61244,1,1,1.69344,1.90847,0.00673265,1.30835,1.69344,8.39061e+06,3.69306e+06,1.4209e+07,0,0,0,0
78.9788,122.105,3.39838,0.5,0,2.93429,3.29378,0,0.549811,4.89888,4.03744e+06,2.76295e+06,1.1847e+07,0,0,0,0,37.2805,61.308,2.3589,1,1,1.69344,1.90873,0.00696448,1.30835,1.69344,8.39061e+06,3.69306e+06,1.4209e+07,0,0,0,0
78.9601,122.105,2.79924,0.51,0,2.93469,3.29423,0,0.549886,4.89888,4.03744e+06,2.76295e+06,1.18486e+07,0,0,0,0,36.7108,61.308,1.6989,1,1,1.69344,1.90899,0.0071962,1.30835,1.69344,8.39061e+06,3.69306e+06,1.4209e+07,0,0,0,0
79.7566,122.105,3.90798,0.53,0,2.93509,3.29468,0,0.549961,4.89888,4.03744e+06,2.76295e+06,1.18502e+07,0,0,0,0,36.2757,61.308,2.26695,1,1,1.69344,1.90925,0.00742793,1.30835,1.69344,8.39061e+06,3.69306e+06,1.4209e+07,0,0,0,0
80.6417,122.105,4.00836,0.57,0,2.93549,3.29513,0,0.550036,4.89888,4.03744e+06,2.76295e+06,1.18518e+07,0,0,0,0,35.9811,61.308,1.90196,1,1,1.69344,1.90951,0.00765976,1.30835,1.69344,8.39061e+06,3.69306e+06,1.4209e+07,0,0,0,0
93.4288,122.105,18.1068,0.6,0,3.02785,3.3988,0,0.550111,4.89888,4.03744e+06,2.76295e+06,1.22247e+07,0,0,0,0,39.4642,61.308,7.50371,1,1,1.69344,1.97151,0.0628927,1.30835,1.69344,8.39061e+06,3.69306e+06,1.4209e+07,0,0,0,0
98.0061,122.105,8.73004,0.54,0,3.02823,3.39923,0,0.567418,4.89888,4.03744e+06,2.76295e+06,1.22263e+07,0,0,0,0,39.8256,61.308,4.8279,1,1,1.69344,1.97176,0.0631151,1.30835,1.69344,8.39061e+06,3.69306e+06,1.4209e+07,0,0,0,0
100.074,122.105,5.94237,0.5,0,3.02861,3.39966,0,0.56749,4.89888,4.03744e+06,2.76295e+06,1.22278e+07,0,0,0,0,39.8406,61.308,4.29786,1,1,1.69344,1.97201,0.0633374,1.30835,1.69344,8.39061e+06,3.69306e+06,1.4209e+07,0,0,0,0
102.522,122.105,6.35796,0.52,0,3.029,3.40009,0,0.567562,4.89888,4.03744e+06,2.76295e+06,1.22294e+07,0,0,0,0,39.8511,61.308,4.35766,1,1,1.69344,1.97226,0.0635598,1.30835,1.69344,8.39061e+06,3.69306e+06,1.4209e+07,0,0,0,0
105.71,122.105,7.54152,0.54,0,3.32486,3.7322,0,0.567634,4.89888,4.03744e+06,2.76295e+06,1.34239e+07,0,0,0,0,40.486,61.308,5.56459,1,1,1.69344,2.20443,0.270394,1.30835,1.69344,8.39061e+06,3.69306e+06,1.4209e+07,0,0,0,0
112.711,122.105,12.0282,0.57,0,3.32528,3.73268,0,0.623078,4.89888,4.03744e+06,2.76295e+06,1.34256e+07,0,0,0,0,41.8954,61.308,7.61171,1,1,1.69344,2.20471,0.270643,1.30835,1.69344,8.39061e+06,3.69306e+06,1.4209e+07,0,0,0,0
116.478,122.105,8.33957,0.51,0,3.3257,3.73315,0,0.623157,4.89888,4.03744e+06,2.76295e+06,1.34273e+07,0,0,0,0,42.6434,61.308,3.89476,1,1,1.69344,2.20499,0.270892,1.30835,1.69344,8.39061e+06,3.69306e+06,1.4209e+07,0,0,0,0
118.726,122.105,6.31916,0.44,0,3.32612,3.73362,0,0.623236,4.89888,4.03744e+06,2.76295e+06,1.3429e+07,0,0,0,0,43.042,61.308,2.7318,1,1,1.69344,2.20527,0.27114,1.30835,1.69344,8.39061e+06,3.69306e+06,1.4209e+07,0,0,0,0
120.519,122.105,5.50822,0.47,0,2.90488,3.26077,0,0.623315,4.89888,4.03744e+06,2.76295e+06,1.17283e+07,0,0,0,0,43.3062,61.308,2.80156,1,1,1.68741,1.89415,0,1.30835,1.69344,8.39061e+06,3.69306e+06,1.41584e+07,0,0,0,0
121.156,122.105,4.38908,0.49,0,2.90525,3.26119,0,0.544375,4.89888,4.03744e+06,2.76295e+06,1.17298e+07,0,0,0,0,43.6399,61.308,3.11249,1,1,1.68763,1.89439,0,1.3037,1.69344,8.39061e+06,3.69306e+06,1.41602e+07,0,0,0,0
122.105,122.105,4.70673,0.54,0,2.90562,3.2616,0,0.544444,4.89888,4.03744e+06,2.76295e+06,1.17312e+07,0,0,0,0,43.9028,61.308,2.99439,1,1,1.68784,1.89463,0,1.30386,1.69344,8.39061e+06,3.69306e+06,1.4162e+07,0,0,0,0
122.105,122.105,4.49158,0.46,0,2.90598,3.26201,0,0.544513,4.89888,4.03744e+06,2.76295e+06,1.17327e+07,0,0,0,0,44.2158,61.308,3.15347,1,1,1.68805,1.89487,0,1.30403,1.69344,8.39061e+06,3.69306e+06,1.41638e+07,0,0,0,0
122.105,122.105,13.2033,0.51,0,2.90635,3.26242,0,0.544582,4.89888,4.03744e+06,2.76295e+06,1.17342e+07,0,0,0,0,46.479,61.308,7.42421,1,1,1.68827,1.89511,0,1.30419,1.69344,8.39061e+06,3.69306e+06,1.41656e+07,0,0,0,0
122.105,122.105,11.007,0.55,0,3.01293,3.38206,0,0.54465,4.89888,4.03744e+06,2.76295e+06,1.21645e+07,0,0,0,0,47.5385,61.308,4.61797,1,1,1.69344,1.97157,0.0629501,1.30436,1.69344,8.39061e+06,3.69306e+06,1.4209e+07,0,0,0,0
122.105,122.105,7.41754,0.53,0,3.01331,3.38248,0,0.564622,4.89888,4.03744e+06,2.76295e+06,1.2166e+07,0,0,0,0,48.0943,61.308,3.43408,1,1,1.69344,1.97182,0.0631724,1.30835,1.69344,8.39061e+06,3.69306e+06,1.4209e+07,0,0,0,0
122.105,122.105,6.37468,0.53,0,3.01369,3.38291,0,0.564694,4.89888,4.03744e+06,2.76295e+06,1.21676e+07,0,0,0,0,48.5227,61.308,3.31335,1,1,1.69344,1.97207,0.0633947,1.30835,1.69344,8.39061e+06,3.69306e+06,1.4209e+07,0,0,0,0
122.105,122.105,6.12692,0.51,0,3.01407,3.38334,0,0.564765,4.89888,4.03744e+06,2.76295e+06,1.21691e+07,0,0,0,0,48.8691,61.308,3.00899,1,1,1.69344,1.97232,0.063617,1.30835,1.69344,8.39061e+06,3.69306e+06,1.4209e+07,0,0,0,0
122.105,122.105,6.60449,0.51,0,2.9729,3.33713,0,0.564837,4.89888,4.03744e+06,2.76295e+06,1.20029e+07,0,0,0,0,49.3572,61.308,3.7204,1,1,1.69344,1.94295,0.0374506,1.30835,1.69344,8.39061e+06,3.69306e+06,1.4209e+07,0,0,0,0
122.105,122.105,5.76644,0.46,0,2.97328,3.33755,0,0.557122,4.89888,4.03744e+06,2.76295e+06,1.20044e+07,0,0,0,0,49.8849,61.308,4.00494,1,1,1.69344,1.9432,0.0376696,1.30835,1.69344,8.39061e+06,3.69306e+06,1.4209e+07,0,0,0,0
122.105,122.105,5.09254,0.45,0,2.97366,3.33798,0,0.557193,4.89888,4.03744e+06,2.76295e+06,1.20059e+07,0,0,0,0,50.2844,61.308,3.5458,1,1,1.69344,1.94344,0.0378887,1.30835,1.69344,8.39061e+06,3.69306e+06,1.4209e+07,0,0,0,0
122.105,122.105,4.61298,0.4,0,2.97403,3.3384,0,0.557263,4.89888,4.03744e+06,2.76295e+06,1.20075e+07,0,0,0,0,50.5583,61.308,3.20789,1,1,1.69344,1.94369,0.0381077,1.30835,1.69344,8.39061e+06,3.69306e+06,1.4209e+07,0,0,0,0
122.105,122.105,4.51402,0.38,0,3.42086,3.4972,0,0.557334,4.89888,4.03744e+06,2.76295e+06,1.38115e+07,0,0,0,0,50.811,61.308,3.13,1,1,1.69344,2.04903,0.310866,1.30835,1.69344,8.39061e+06,3.69306e+06,1.4209e+07,0,0,0,0
122.105,122.105,4.83841,0.35,0,3.4213,3.49765,0,0.64107,4.89888,4.03744e+06,2.76295e+06,1.38133e+07,0,0,0,0,51.0278,61.308,3.51308,1,1,1.69344,2.04929,0.31112,1.30835,1.69344,8.39061e+06,3.69306e+06,1.4209e+07,0,0,0,0
122.105,122.105,4.11116,0.34,0,3.42173,3.49809,0,0.641151,4.89888,4.03744e+06,2.76295e+06,1.3815e+07,0,0,0,0,51.1605,61.308,3.17244,1,1,1.69344,2.04955,0.311373,1.30835,1.69344,8.39061e+06,3.69306e+06,1.4209e+07,0,0,0,0
122.105,122.105,3.92048,0.32,0,3.42216,3.49853,0,0.641232,4.89888,4.03744e+06,2.76295e+06,1.38168e+07,0,0,0,0,51.2312,61.308,2.98479,1,1,1.69344,2.04981,0.311627,1.30835,1.69344,8.39061e+06,3.69306e+06,1.4209e+07,0,0,0,0
122.105,122.105,3.78084,0.31,0,3.42259,3.49897,0,0.641313,4.89888,4.03744e+06,2.76295e+06,1.38185e+07,0,0,0,0,51.3215,61.308,3.22282,1,1,1.69344,2.05007,0.311881,1.30835,1.69344,8.39061e+06,3.69306e+06,1.4209e+07,0,0,0,0
122.105,122.105,3.86454,0.3,0,3.39237,3.46807,0,0.641394,4.89888,4.03744e+06,2.76295e+06,1.36965e+07,0,0,0,0,51.5615,61.308,3.94657,1,1,1.69344,2.10813,0.368673,1.30835,1.69344,8.39061e+06,3.69306e+06,1.4209e+07,0,0,0,0
122.105,122.105,3.74112,0.3,0,3.3928,3.46851,0,0.63573,4.89888,4.03744e+06,2.76295e+06,1.36982e+07,0,0,0,0,51.8192,61.308,4.12557,1,1,1.69344,2.1084,0.368934,1.30835,1.69344,8.39061e+06,3.69306e+06,1.4209e+07,0,0,0,0
121.976,122.105,3.47535,0.29,0,3.39323,3.46895,0,0.635811,4.89888,4.03744e+06,2.76295e+06,1.36999e+07,0,0,0,0,52.0586,61.308,3.99128,1,1,1.69344,2.10866,0.369195,1.30835,1.69344,8.39061e+06,3.69306e+06,1.4209e+07,0,0,0,0
121.65,122.105,3.23965,0.31,0,3.39366,3.46939,0,0.635891,4.89888,4.03744e+06,2.76295e+06,1.37017e+07,0,0,0,0,52.3028,61.308,4.14055,1,1,1.69344,2.10893,0.369456,1.30835,1.69344,8.39061e+06,3.69306e+06,1.4209e+07,0,0,0,0
121.312,122.105,3.2956,0.29,0,3.4733,3.55081,0,0.635971,4.89888,4.03744e+06,2.76295e+06,1.40232e+07,0,0,0,0,52.4952,61.308,4.15059,1,1,1.69344,2.16074,0.420131,1.30835,1.69344,8.39061e+06,3.69306e+06,1.4209e+07,0,0,0,0
121.12,122.105,3.42515,0.28,0,3.47374,3.55126,0,0.650896,4.89888,4.03744e+06,2.76295e+06,1.4025e+07,0,0,0,0,52.6318,61.308,4.17323,1,1,1.69344,2.16101,0.420398,1.30835,1.69344,8.39061e+06,3.69306e+06,1.4209e+07,0,0,0,0
120.734,122.105,3.18793,0.26,0,3.47418,3.55171,0,0.650978,4.89888,4.03744e+06,2.76295e+06,1.40268e+07,0,0,0,0,52.7211,61.308,3.92261,1,1,1.69344,2.16128,0.420665,1.30835,1.69344,8.39061e+06,3.69306e+06,1.4209e+07,0,0,0,0
120.089,122.105,2.903,0.26,0,3.47462,3.55215,0,0.651061,4.89888,4.03744e+06,2.76295e+06,1.40285e+07,0,0,0,0,52.756,61.308,4.03024,1,1,1.69344,2.16156,0.420933,1.30835,1.69344,8.39061e+06,3.69306e+06,1.4209e+07,0,0,0,0
119.595,122.105,3.56708,0.26,0,3.70714,3.78987,0,0.651143,4.89888,4.03744e+06,2.76295e+06,1.49673e+07,0,0,0,0,53.0408,61.308,4.95525,1,1,1.69344,2.34795,0.603262,1.30835,1.69344,8.39061e+06,3.69306e+06,1.4209e+07,0,0,0,0
118.698,122.105,2.9539,0.26,0,3.70761,3.79035,0,0.694718,4.89888,4.03744e+06,2.76295e+06,1.49692e+07,0,0,0,0,53.1624,61.308,4.48769,1,1,1.69344,2.34825,0.603552,1.30835,1.69344,8.39061e+06,3.69306e+06,1.4209e+07,0,0,0,0
118.105,122.105,3.2995,0.26,0,3.70808,3.79083,0,0.694806,4.89888,4.03744e+06,2.76295e+06,1.49711e+07,0,0,0,0,53.3188,61.308,4.42218,1,1,1.69344,2.34855,0.603843,1.30835,1.69344,8.39061e+06,3.69306e+06,1.4209e+07,0,0,0,0
116.782,122.105,2.41716,0.27,0,3.70855,3.7913,0,0.694894,4.89888,4.03744e+06,2.76295e+06,1.4973e+07,0,0,0,0,53.3259,61.308,4.07518,1,1,1.69344,2.34885,0.604133,1.30835,1.69344,8.39061e+06,3.69306e+06,1.4209e+07,0,0,0,0
115.644,122.105,2.5986,0.27,0,3.70901,3.79178,0,0.694981,4.89888,4.03744e+06,2.76295e+06,1.49749e+07,0,0,0,0,53.3945,61.308,4.05655,1,1,1.69344,2.34914,0.604423,1.30835,1.69344,8.39061e+06,3.69306e+06,1.4209e+07,0,0,0,0
114.896,122.105,2.95074,0.28,0,3.5963,3.67656,0,0.695069,4.89888,4.03744e+06,2.76295e+06,1.45198e+07,0,0,0,0,53.3881,61.308,3.58887,1,1,1.69344,2.2364,0.49414,1.30835,1.69344,8.39061e+06,3.69306e+06,1.4209e+07,0,0,0,0
113.852,122.105,2.7188,0.28,0,3.59676,3.67702,0,0.673947,4.89888,4.03744e+06,2.76295e+06,1.45217e+07,0,0,0,0,53.4409,61.308,3.28406,1,1,1.69344,2.23668,0.494416,1.30835,1.69344,8.39061e+06,3.69306e+06,1.4209e+07,0,0,0,0
113.21,122.105,3.32678,0.29,0,3.59721,3.67749,0,0.674032,4.89888,4.03744e+06,2.76295e+06,1.45235e+07,0,0,0,0,54.1527,61.308,5.17094,1,1,1.69344,2.23696,0.494693,1.30835,1.69344,8.39061e+06,3.69306e+06,1.4209e+07,0,0,0,0
112.503,122.105,3.14008,0.29,0,3.59767,3.67795,0,0.674117,4.89888,4.03744e+06,2.76295e+06,1.45253e+07,0,0,0,0,54.635,61.308,4.77775,1,1,1.69344,2.23725,0.494969,1.30835,1.69344,8.39061e+06,3.69306e+06,1.4209e+07,0,0,0,0
111.735,122.105,3.11139,0.29,0,3.50517,3.58339,0,0.674203,4.89888,4.03744e+06,2.76295e+06,1.41519e+07,0,0,0,0,55.3136,61.308,5.63073,1,1,1.69344,2.13458,0.394545,1.30835,1.69344,8.39061e+06,3.69306e+06,1.4209e+07,0,0,0,0
109.835,122.105,1.74907,0.3,0,3.50562,3.58385,0,0.656869,4.89888,4.03744e+06,2.76295e+06,1.41537e+07,0,0,0,0,55.1772,61.308,3.01168,1,1,1.69344,2.13485,0.394809,1.30835,1.69344,8.39061e+06,3.69306e+06,1.4209e+07,0,0,0,0
107.749,122.105,1.56746,0.3,0,3.50606,3.5843,0,0.656952,4.89888,4.03744e+06,2.76295e+06,1.41555e+07,0,0,0,0,54.9321,61.308,2.57839,1,1,1.69344,2.13512,0.395073,1.30835,1.69344,8.39061e+06,3.69306e+06,1.4209e+07,0,0,0,0
106.035,122.105,2.16814,0.31,0,3.5065,3.58475,0,0.657035,4.89888,4.03744e+06,2.76295e+06,1.41573e+07,0,0,0,0,54.9626,61.308,3.53233,1,1,1.69344,2.13539,0.395337,1.30835,1.69344,8.39061e+06,3.69306e+06,1.4209e+07,0,0,0,0
106.358,122.105,4.41117,0.34,0,3.24283,3.3152,0,0.657118,4.89888,4.03744e+06,2.76295e+06,1.30927e+07,0,0,0,0,55.9422,61.308,5.28547,1,1,1.69344,1.92114,0.185763,1.30835,1.69344,8.39061e+06,3.69306e+06,1.4209e+07,0,0,0,0
105.376,122.105,2.63844,0.35,0,3.24324,3.31562,0,0.607707,4.89888,4.03744e+06,2.76295e+06,1.30944e+07,0,0,0,0,56.274,61.308,2.67111,1,1,1.69344,1.92138,0.186001,1.30835,1.69344,8.39061e+06,3.69306e+06,1.4209e+07,0,0,0,0
104.678,122.105,2.84586,0.41,0,2.95411,3.31604,0,0.607783,4.89888,4.03744e+06,2.76295e+06,1.1927e+07,0,0,0,0,56.5713,61.308,2.61941,1,1,1.69344,1.92162,0.018452,1.30835,1.69344,8.39061e+06,3.69306e+06,1.4209e+07,0,0,0,0
107.366,122.105,7.62796,0.43,0,2.95449,3.31646,0,0.553601,4.89888,4.03744e+06,2.76295e+06,1.19285e+07,0,0,0,0,58.277,61.308,6.74426,1,1,1.69344,1.92187,0.0186683,1.30835,1.69344,8.39061e+06,3.69306e+06,1.4209e+07,0,0,0,0
110.637,122.105,7.84881,0.41,0,2.95486,3.31687,0,0.553671,4.89888,4.03744e+06,2.76295e+06,1.19301e+07,0,0,0,0,60.0138,61.308,7.69916,1,1,1.69344,1.92211,0.0188846,1.30835,1.69344,8.39061e+06,3.69306e+06,1.4209e+07,0,0,0,0
111.669,122.105,5.1493,0.42,0,2.95486,3.31687,0,0.553741,4.89888,4.03744e+06,2.76295e+06,1.19301e+07,0,0,0,0,60.4156,61.308,4.24248,1,1,1.69344,1.92211,0.0188846,1.30835,1.69344,8.39061e+06,3.69306e+06,1.4209e+07,0,0,0,0
113.066,122.105,5.4214,0.42,0,3.0478,3.4212,0,0.553741,4.89888,4.03744e+06,2.76295e+06,1.23053e+07,0,0,0,0,61.038,61.308,4.98606,1,1,1.69344,1.9845,0.0744647,1.30835,1.69344,8.39061e+06,3.69306e+06,1.4209e+07,0,0,0,0
115.542,122.105,6.77038,0.44,0,3.04815,3.4216,0,0.571157,4.89888,4.03744e+06,2.76295e+06,1.23067e+07,0,0,0,0,62.168,61.308,6.72949,1,1,1.69344,1.98473,0.0746714,1.30835,1.69344,8.39061e+06,3.69306e+06,1.4209e+07,0,0,0,0
118.87,122.105,7.98686,0.41,0,3.04851,3.422,0,0.571224,4.89888,4.03744e+06,2.76295e+06,1.23082e+07,0,0,0,0,62.3362,61.308,10.2727,1,1,1.69344,1.98496,0.0748779,1.30835,1.69344,8.39061e+06,3.69306e+06,1.4209e+07,0,0,0,0
121.451,122.105,7.13439,0.43,0,3.04886,3.4224,0,0.57129,4.89888,4.03744e+06,2.76295e+06,1.23096e+07,0,0,0,0,62.3362,61.308,6.451,1,1,1.69344,1.9852,0.0750846,1.30835,1.69344,8.39061e+06,3.69306e+06,1.4209e+07,0,0,0,0
122.105,122.105,6.42902,0.44,0,3.34663,3.75665,0,0.571357,4.89888,4.03744e+06,2.76295e+06,1.35118e+07,0,0,0,0,62.3362,61.308,6.594,1,1,1.69344,2.21887,0.283256,1.30835,1.69344,8.39061e+06,3.69306e+06,1.4209e+07,0,0,0,0
122.105,122.105,9.29736,0.39,0,3.67507,3.75709,0,0.627159,4.89888,4.03744e+06,2.76295e+06,1.48379e+07,0,0,0,0,62.3362,61.308,8.01562,1,1,1.69344,2.21913,0.47725,1.30835,1.69344,8.39061e+06,3.69306e+06,1.4209e+07,0,0,0,0
122.105,122.105,6.10586,0.38,0,3.6755,3.75753,0,0.688709,4.89888,4.03744e+06,2.76295e+06,1.48396e+07,0,0,0,0,62.3362,61.308,6.12115,1,1,1.69344,2.21939,0.477504,1.30835,1.69344,8.39061e+06,3.69306e+06,1.4209e+07,0,0,0,0
122.105,122.105,7.91854,0.4,0,3.34781,3.75796,0,0.688789,4.89888,4.03744e+06,2.76295e+06,1.35166e+07,0,0,0,0,62.3362,61.308,6.45093,1,1,1.69344,2.21965,0.283949,1.30835,1.69344,8.39061e+06,3.69306e+06,1.4209e+07,0,0,0,0
122.105,122.105,8.73556,0.41,0,2.92379,3.282,0,0.627379,4.89888,4.03744e+06,2.76295e+06,1.18046e+07,0,0,0,0,62.3362,61.308,10.0971,1,1,1.69344,1.90648,0.00495807,1.30835,1.69344,8.39061e+06,3.69306e+06,1.4209e+07,0,0,0,0
122.105,122.105,7.88013,0.43,0,2.92413,3.28239,0,0.547919,4.89888,4.03744e+06,2.76295e+06,1.1806e+07,0,0,0,0,62.3362,61.308,9.23061,1,1,1.69344,1.9067,0.00515645,1.30835,1.69344,8.39061e+06,3.69306e+06,1.4209e+07,0,0,0,0
122.105,122.105,8.47756,0.49,0,2.92448,3.28277,0,0.547983,4.89888,4.03744e+06,2.76295e+06,1.18074e+07,0,0,0,0,62.3362,61.308,10.3987,1,1,1.69344,1.90692,0.00535483,1.30835,1.69344,8.39061e+06,3.69306e+06,1.4209e+07,0,0,0,0
122.105,122.105,10.3259,0.52,0,2.92482,3.28315,0,0.548047,4.89888,4.03744e+06,2.76295e+06,1.18088e+07,0,0,0,0,62.3362,61.308,11.9961,1,1,1.69344,1.90715,0.00555332,1.30835,1.69344,8.39061e+06,3.69306e+06,1.4209e+07,0,0,0,0
122.105,122.105,8.37281,0.55,0,2.92516,3.28354,0,0.548111,4.89888,4.03744e+06,2.76295e+06,1.18101e+07,0,0,0,0,62.3362,61.308,7.85561,1,1,1.69344,1.90737,0.00575169,1.30835,1.69344,8.39061e+06,3.69306e+06,1.4209e+07,0,0,0,0
122.105,122.105,9.97765,0.55,0,3.03239,3.40391,0,0.548175,4.89888,4.03744e+06,2.76295e+06,1.22431e+07,0,0,0,0,62.3362,61.308,10.8476,1,1,1.69344,1.98431,0.0742983,1.30835,1.69344,8.39061e+06,3.69306e+06,1.4209e+07,0,0,0,0
122.105,122.105,6.91974,0.54,0,3.03275,3.4043,0,0.56827,4.89888,4.03744e+06,2.76295e+06,1.22445e+07,0,0,0,0,62.3362,61.308,6.28228,1,1,1.69344,1.98454,0.0745047,1.30835,1.69344,8.39061e+06,3.69306e+06,1.4209e+07,0,0,0,0
122.105,122.105,6.13485,0.51,0,3.0331,3.4047,0,0.568337,4.89888,4.03744e+06,2.76295e+06,1.22459e+07,0,0,0,0,62.3362,61.308,5.50163,1,1,1.69344,1.98478,0.0747112,1.30835,1.69344,8.39061e+06,3.69306e+06,1.4209e+07,0,0,0,0
122.105,122.105,6.72935,0.52,0,3.03345,3.4051,0,0.568403,4.89888,4.03744e+06,2.76295e+06,1.22474e+07,0,0,0,0,62.3362,61.308,6.12415,1,1,1.69344,1.98501,0.0749176,1.30835,1.69344,8.39061e+06,3.69306e+06,1.4209e+07,0,0,0,0
122.105,122.105,5.21581,0.47,0,2.992,3.35856,0,0.568469,4.89888,4.03744e+06,2.76295e+06,1.208e+07,0,0,0,0,62.3362,61.308,5.12381,1,1,1.69344,1.95543,0.0485661,1.30835,1.69344,8.39061e+06,3.69306e+06,1.4209e+07,0,0,0,0
122.105,122.105,4.60493,0.45,0,2.99235,3.35895,0,0.5607,4.89888,4.03744e+06,2.76295e+06,1.20814e+07,0,0,0,0,62.3362,61.308,4.65004,1,1,1.69344,1.95566,0.0487695,1.30835,1.69344,8.39061e+06,3.69306e+06,1.4209e+07,0,0,0,0
122.105,122.105,4.09486,0.42,0,2.99269,3.35935,0,0.560765,4.89888,4.03744e+06,2.76295e+06,1.20828e+07,0,0,0,0,62.3362,61.308,4.08587,1,1,1.69344,1.95589,0.0489729,1.30835,1.69344,8.39061e+06,3.69306e+06,1.4209e+07,0,0,0,0
121.968,122.105,3.77504,0.38,0,3.2864,3.35974,0,0.560831,4.89888,4.03744e+06,2.76295e+06,1.32686e+07,0,0,0,0,62.3362,61.308,3.85912,1,1,1.69344,1.95611,0.219974,1.30835,1.69344,8.39061e+06,3.69306e+06,1.4209e+07,0,0,0,0
121.892,122.105,3.48786,0.46,0,3.13539,3.51952,0,0.615871,4.89888,4.03744e+06,2.76295e+06,1.26589e+07,0,0,0,0,62.2982,61.308,3.07975,1,1,1.69344,2.06211,0.143606,1.30835,1.69344,8.39061e+06,3.69306e+06,1.4209e+07,0,0,0,0
121.706,122.105,3.38107,0.42,0,3.13576,3.51994,0,0.587572,4.89888,4.03744e+06,2.76295e+06,1.26604e+07,0,0,0,0,62.3004,61.308,3.10887,1,1,1.69344,2.06235,0.14382,1.30835,1.69344,8.39061e+06,3.69306e+06,1.4209e+07,0,0,0,0
121.142,122.105,3.23081,0.38,0,3.4435,3.52035,0,0.587641,4.89888,4.03744e+06,2.76295e+06,1.39029e+07,0,0,0,0,62.3062,61.308,3.01319,1,1,1.69344,2.06259,0.32413,1.30835,1.69344,8.39061e+06,3.69306e+06,1.4209e+07,0,0,0,0
120.418,122.105,3.02701,0.35,0,3.4439,3.52076,0,0.645312,4.89888,4.03744e+06,2.76295e+06,1.39045e+07,0,0,0,0,62.2526,61.308,2.8385,1,1,1.69344,2.06283,0.324365,1.30835,1.69344,8.39061e+06,3.69306e+06,1.4209e+07,0,0,0,0
119.239,122.105,2.38506,0.32,0,3.44431,3.52117,0,0.645387,4.89888,4.03744e+06,2.76295e+06,1.39062e+07,0,0,0,0,62.11,61.308,2.37796,1,1,1.69344,2.06308,0.324601,1.30835,1.69344,8.39061e+06,3.69306e+06,1.4209e+07,0,0,0,0
117.853,122.105,2.07109,0.32,0,3.41386,3.49004,0,0.645463,4.89888,4.03744e+06,2.76295e+06,1.37832e+07,0,0,0,0,61.8684,61.308,2.02573,1,1,1.69344,2.12148,0.381734,1.30835,1.69344,8.39061e+06,3.69306e+06,1.4209e+07,0,0,0,0
116.401,122.105,1.97658,0.31,0,3.41425,3.49045,0,0.639757,4.89888,4.03744e+06,2.76295e+06,1.37848e+07,0,0,0,0,61.546,61.308,1.95998,1,1,1.69344,2.12173,0.381976,1.30835,1.69344,8.39061e+06,3.69306e+06,1.4209e+07,0,0,0,0
114.857,122.105,1.84892,0.31,0,3.41465,3.49085,0,0.639831,4.89888,4.03744e+06,2.76295e+06,1.37864e+07,0,0,0,0,61.0454,61.308,1.82582,1,1,1.69344,2.12198,0.382218,1.30835,1.69344,8.39061e+06,3.69306e+06,1.4209e+07,0,0,0,0
113.2,122.105,1.69851,0.29,0,3.41505,3.49126,0,0.639906,4.89888,4.03744e+06,2.76295e+06,1.3788e+07,0,0,0,0,60.5693,61.308,1.69852,1,1,1.69344,2.12223,0.382461,1.30835,1.69344,8.39061e+06,3.69306e+06,1.4209e+07,0,0,0,0
111.51,122.105,1.69381,0.33,0,3.49516,3.57316,0,0.639981,4.89888,4.03744e+06,2.76295e+06,1.41115e+07,0,0,0,0,60.2906,61.308,1.9094,1,1,1.69344,2.17434,0.433434,1.30835,1.69344,8.39061e+06,3.69306e+06,1.4209e+07,0,0,0,0
109.8,122.105,1.6812,0.3,0,3.49557,3.57357,0,0.654993,4.89888,4.03744e+06,2.76295e+06,1.41131e+07,0,0,0,0,59.9518,61.308,1.96057,1,1,1.69344,2.17459,0.433683,1.30835,1.69344,8.39061e+06,3.69306e+06,1.4209e+07,0,0,0,0
108.021,122.105,1.5569,0.29,0,3.49598,3.57399,0,0.655069,4.89888,4.03744e+06,2.76295e+06,1.41148e+07,0,0,0,0,59.4623,61.308,1.85586,1,1,1.69344,2.17484,0.433931,1.30835,1.69344,8.39061e+06,3.69306e+06,1.4209e+07,0,0,0,0
106.158,122.105,1.44474,0.28,0,3.49638,3.57441,0,0.655146,4.89888,4.03744e+06,2.76295e+06,1.41164e+07,0,0,0,0,58.9529,61.308,1.74652,1,1,1.69344,2.1751,0.434179,1.30835,1.69344,8.39061e+06,3.69306e+06,1.4209e+07,0,0,0,0
104.164,122.105,1.55304,0.28,0,3.73033,3.81357,0,0.655222,4.89888,4.03744e+06,2.76295e+06,1.5061e+07,0,0,0,0,58.4486,61.308,1.70007,1,1,1.69344,2.36264,0.617628,1.30835,1.69344,8.39061e+06,3.69306e+06,1.4209e+07,0,0,0,0
102.243,122.105,1.59615,0.31,0,3.73076,3.81402,0,0.699063,4.89888,4.03744e+06,2.76295e+06,1.50627e+07,0,0,0,0,57.7137,61.308,1.78141,1,1,1.69344,2.36292,0.617898,1.30835,1.69344,8.39061e+06,3.69306e+06,1.4209e+07,0,0,0,0
100.093,122.105,1.29654,0.31,0,3.7312,3.81446,0,0.699145,4.89888,4.03744e+06,2.76295e+06,1.50645e+07,0,0,0,0,57.1791,61.308,1.33764,1,1,1.69344,2.36319,0.618167,1.30835,1.69344,8.39061e+06,3.69306e+06,1.4209e+07,0,0,0,0
98.1718,122.105,1.59567,0.31,0,3.73163,3.81491,0,0.699226,4.89888,4.03744e+06,2.76295e+06,1.50662e+07,0,0,0,0,56.55,61.308,2.19483,1,1,1.69344,2.36347,0.618437,1.30835,1.69344,8.39061e+06,3.69306e+06,1.4209e+07,0,0,0,0
96.1634,122.105,1.34705,0.31,0,3.73207,3.81535,0,0.699308,4.89888,4.03744e+06,2.76295e+06,1.5068e+07,0,0,0,0,55.4122,61.308,1.24039,1,1,1.69344,2.36374,0.618707,1.30835,1.69344,8.39061e+06,3.69306e+06,1.4209e+07,0,0,0,0
94.186,122.105,1.25351,0.35,0,3.61862,3.69937,0,0.69939,4.89888,4.03744e+06,2.76295e+06,1.461e+07,0,0,0,0,54.4211,61.308,1.05712,1,1,1.69344,2.25028,0.507716,1.30835,1.69344,8.39061e+06,3.69306e+06,1.4209e+07,0,0,0,0
92.358,122.105,1.47537,0.35,0,3.61904,3.69981,0,0.67813,4.89888,4.03744e+06,2.76295e+06,1.46117e+07,0,0,0,0,53.53,61.308,1.348,1,1,1.69344,2.25054,0.507973,1.30835,1.69344,8.39061e+06,3.69306e+06,1.4209e+07,0,0,0,0
90.5069,122.105,1.44396,0.35,0,3.61947,3.70024,0,0.678209,4.89888,4.03744e+06,2.76295e+06,1.46134e+07,0,0,0,0,52.8787,61.308,1.31475,1,1,1.69344,2.2508,0.50823,1.30835,1.69344,8.39061e+06,3.69306e+06,1.4209e+07,0,0,0,0
88.7941,122.105,1.68183,0.37,0,3.61989,3.70067,0,0.678288,4.89888,4.03744e+06,2.76295e+06,1.46151e+07,0,0,0,0,52.1766,61.308,1.71948,1,1,1.69344,2.25106,0.508487,1.30835,1.69344,8.39061e+06,3.69306e+06,1.4209e+07,0,0,0,0
87.791,122.105,1.99403,0.41,0,3.21198,3.60549,0,0.678367,4.89888,4.03744e+06,2.76295e+06,1.29681e+07,0,0,0,0,51.2605,61.308,1.43263,1,1,1.69344,2.14774,0.219891,1.30835,1.69344,8.39061e+06,3.69306e+06,1.4209e+07,0,0,0,0
86.8484,122.105,2.06517,0.41,0,3.21235,3.60591,0,0.601924,4.89888,4.03744e+06,2.76295e+06,1.29697e+07,0,0,0,0,50.7593,61.308,1.05793,1,1,1.69344,2.14799,0.220114,1.30835,1.69344,8.39061e+06,3.69306e+06,1.4209e+07,0,0,0,0
86.208,122.105,2.51603,0.42,0,3.21273,3.60633,0,0.601995,4.89888,4.03744e+06,2.76295e+06,1.29712e+07,0,0,0,0,50.615,61.308,2.31676,1,1,1.69344,2.14824,0.220338,1.30835,1.69344,8.39061e+06,3.69306e+06,1.4209e+07,0,0,0,0
88.9204,122.105,6.4334,0.44,0,3.2131,3.60675,0,0.602065,4.89888,4.03744e+06,2.76295e+06,1.29727e+07,0,0,0,0,51.5207,61.308,4.7534,1,1,1.69344,2.1485,0.220561,1.30835,1.69344,8.39061e+06,3.69306e+06,1.4209e+07,0,0,0,0
89.093,122.105,3.25383,0.45,0,2.97146,3.33551,0,0.602135,4.89888,4.03744e+06,2.76295e+06,1.19971e+07,0,0,0,0,51.7876,61.308,2.54741,1,1,1.69344,1.93291,0.0285068,1.30835,1.69344,8.39061e+06,3.69306e+06,1.4209e+07,0,0,0,0
88.3503,122.105,2.28593,0.48,0,2.97181,3.3359,0,0.556852,4.89888,4.03744e+06,2.76295e+06,1.19985e+07,0,0,0,0,51.3843,61.308,2.94411,1,1,1.69344,1.93314,0.0287076,1.30835,1.69344,8.39061e+06,3.69306e+06,1.4209e+07,0,0,0,0
87.0296,122.105,1.53414,0.5,0,2.97216,3.33629,0,0.556917,4.89888,4.03744e+06,2.76295e+06,1.19999e+07,0,0,0,0,50.9661,61.308,1.52602,1,1,1.69344,1.93336,0.0289086,1.30835,1.69344,8.39061e+06,3.69306e+06,1.4209e+07,0,0,0,0
86.1285,122.105,2.08679,0.54,0,2.9725,3.33668,0,0.556982,4.89888,4.03744e+06,2.76295e+06,1.20013e+07,0,0,0,0,50.7387,61.308,2.02897,1,1,1.69344,1.93359,0.0291094,1.30835,1.69344,8.39061e+06,3.69306e+06,1.4209e+07,0,0,0,0
85.3516,122.105,2.31385,0.57,0,2.97285,3.33707,0,0.557047,4.89888,4.03744e+06,2.76295e+06,1.20027e+07,0,0,0,0,50.4545,61.308,2.05333,1,1,1.69344,1.93381,0.0293103,1.30835,1.69344,8.39061e+06,3.69306e+06,1.4209e+07,0,0,0,0
85.1993,122.105,3.05155,0.62,0,3.06632,3.44199,0,0.557112,4.89888,4.03744e+06,2.76295e+06,1.23801e+07,0,0,0,0,50.1604,61.308,2.17283,1,1,1.69344,1.99656,0.0852118,1.30835,1.69344,8.39061e+06,3.69306e+06,1.4209e+07,0,0,0,0
88.2695,122.105,6.36855,0.63,0,3.06665,3.44236,0,0.574629,4.89888,4.03744e+06,2.76295e+06,1.23814e+07,0,0,0,0,50.3332,61.308,3.67317,1,1,1.69344,1.99678,0.0854025,1.30835,1.69344,8.39061e+06,3.69306e+06,1.4209e+07,0,0,0,0
92,122.105,7.38275,0.64,0,3.06698,3.44273,0,0.574691,4.89888,4.03744e+06,2.76295e+06,1.23827e+07,0,0,0,0,50.5257,61.308,3.37382,1,1,1.69344,1.99699,0.0855932,1.30835,1.69344,8.39061e+06,3.69306e+06,1.4209e+07,0,0,0,0
99.193,122.105,11.352,0.62,0,3.06731,3.4431,0,0.574752,4.89888,4.03744e+06,2.76295e+06,1.23841e+07,0,0,0,0,50.7806,61.308,4.45502,1,1,1.69344,1.99721,0.0857841,1.30835,1.69344,8.39061e+06,3.69306e+06,1.4209e+07,0,0,0,0
100.797,122.105,5.26008,0.6,0,3.36685,3.77934,0,0.574814,4.89888,4.03744e+06,2.76295e+06,1.35934e+07,0,0,0,0,50.7007,61.308,2.27729,1,1,1.69344,2.23227,0.295196,1.30835,1.69344,8.39061e+06,3.69306e+06,1.4209e+07,0,0,0,0
100.895,122.105,3.98233,0.62,0,3.36721,3.77974,0,0.630947,4.89888,4.03744e+06,2.76295e+06,1.35949e+07,0,0,0,0,50.9404,61.308,3.26728,1,1,1.69344,2.23251,0.295409,1.30835,1.69344,8.39061e+06,3.69306e+06,1.4209e+07,0,0,0,0
102.153,122.105,5.14319,0.63,0,3.36757,3.78015,0,0.631015,4.89888,4.03744e+06,2.76295e+06,1.35964e+07,0,0,0,0,50.8333,61.308,2.7927,1,1,1.69344,2.23275,0.295623,1.30835,1.69344,8.39061e+06,3.69306e+06,1.4209e+07,0,0,0,0
105.333,122.105,7.26616,0.65,0,3.36793,3.78056,0,0.631083,4.89888,4.03744e+06,2.76295e+06,1.35978e+07,0,0,0,0,50.8098,61.308,4.30282,1,1,1.69344,2.23299,0.295836,1.30835,1.69344,8.39061e+06,3.69306e+06,1.4209e+07,0,0,0,0
107.936,122.105,6.43602,0.67,0,2.94134,3.3017,0,0.63115,4.89888,4.03744e+06,2.76295e+06,1.18755e+07,0,0,0,0,50.9075,61.308,3.70916,1,1,1.69344,1.91792,0.0151513,1.30835,1.69344,8.39061e+06,3.69306e+06,1.4209e+07,0,0,0,0
110.962,122.105,7.0674,0.64,0,2.94166,3.30205,0,0.551207,4.89888,4.03744e+06,2.76295e+06,1.18767e+07,0,0,0,0,51.0612,61.308,3.29052,1,1,1.69344,1.91813,0.0153345,1.30835,1.69344,8.39061e+06,3.69306e+06,1.4209e+07,0,0,0,0
114.437,122.105,7.38539,0.67,0,2.94197,3.30241,0,0.551266,4.89888,4.03744e+06,2.76295e+06,1.1878e+07,0,0,0,0,51.3226,61.308,3.64711,1,1,1.69344,1.91833,0.0155177,1.30835,1.69344,8.39061e+06,3.69306e+06,1.4209e+07,0,0,0,0
117.026,122.105,6.18291,0.65,0,2.94229,3.30276,0,0.551325,4.89888,4.03744e+06,2.76295e+06,1.18793e+07,0,0,0,0,51.185,61.308,2.86168,1,1,1.69344,1.91854,0.0157009,1.30835,1.69344,8.39061e+06,3.69306e+06,1.4209e+07,0,0,0,0
118.566,122.105,5.20962,0.67,0,2.9426,3.30312,0,0.551385,4.89888,4.03744e+06,2.76295e+06,1.18806e+07,0,0,0,0,51.1322,61.308,2.80955,1,1,1.69344,1.91874,0.0158841,1.30835,1.69344,8.39061e+06,3.69306e+06,1.4209e+07,0,0,0,0
119.79,122.105,5.06795,0.67,0,3.05045,3.42417,0,0.551444,4.89888,4.03744e+06,2.76295e+06,1.2316e+07,0,0,0,0,51.2138,61.308,2.87488,1,1,1.69344,1.99613,0.0848223,1.30835,1.69344,8.39061e+06,3.69306e+06,1.4209e+07,0,0,0,0
120.471,122.105,4.44311,0.67,0,3.05077,3.42454,0,0.571653,4.89888,4.03744e+06,2.76295e+06,1.23173e+07,0,0,0,0,50.9302,61.308,2.35221,1,1,1.69344,1.99634,0.085013,1.30835,1.69344,8.39061e+06,3.69306e+06,1.4209e+07,0,0,0,0
120.243,122.105,3.21955,0.65,0,3.0511,3.42491,0,0.571715,4.89888,4.03744e+06,2.76295e+06,1.23186e+07,0,0,0,0,50.2796,61.308,1.96653,1,1,1.69344,1.99655,0.0852036,1.30835,1.69344,8.39061e+06,3.69306e+06,1.4209e+07,0,0,0,0
119.797,122.105,2.91024,0.65,0,3.05143,3.42527,0,0.571776,4.89888,4.03744e+06,2.76295e+06,1.23199e+07,0,0,0,0,49.5552,61.308,1.6702,1,1,1.69344,1.99677,0.0853942,1.30835,1.69344,8.39061e+06,3.69306e+06,1.4209e+07,0,0,0,0
119.409,122.105,2.92414,0.63,0,3.00969,3.37843,0,0.571837,4.89888,4.03744e+06,2.76295e+06,1.21514e+07,0,0,0,0,48.842,61.308,1.75213,1,1,1.69344,1.96699,0.0588697,1.30835,1.69344,8.39061e+06,3.69306e+06,1.4209e+07,0,0,0,0
118.782,122.105,2.61324,0.6,0,3.01002,3.37879,0,0.564016,4.89888,4.03744e+06,2.76295e+06,1.21527e+07,0,0,0,0,48.1203,61.308,1.57298,1,1,1.69344,1.96721,0.0590575,1.30835,1.69344,8.39061e+06,3.69306e+06,1.4209e+07,0,0,0,0
118.086,122.105,2.47277,0.53,0,3.01034,3.37915,0,0.564077,4.89888,4.03744e+06,2.76295e+06,1.2154e+07,0,0,0,0,47.4116,61.308,1.55363,1,1,1.69344,1.96742,0.0592453,1.30835,1.69344,8.39061e+06,3.69306e+06,1.4209e+07,0,0,0,0
117.319,122.105,2.41867,0.49,0,3.01066,3.37951,0,0.564137,4.89888,4.03744e+06,2.76295e+06,1.21553e+07,0,0,0,0,46.6906,61.308,1.59138,1,1,1.69344,1.96763,0.0594332,1.30835,1.69344,8.39061e+06,3.69306e+06,1.4209e+07,0,0,0,0
116.547,122.105,2.49482,0.46,0,3.15382,3.54021,0,0.564198,4.89888,4.03744e+06,2.76295e+06,1.27333e+07,0,0,0,0,46.0535,61.308,1.63996,1,1,1.69344,2.07423,0.154401,1.30835,1.69344,8.39061e+06,3.69306e+06,1.4209e+07,0,0,0,0
115.64,122.105,2.29323,0.42,0,3.15415,3.54059,0,0.591025,4.89888,4.03744e+06,2.76295e+06,1.27347e+07,0,0,0,0,45.4335,61.308,1.54871,1,1,1.69344,2.07445,0.154599,1.30835,1.69344,8.39061e+06,3.69306e+06,1.4209e+07,0,0,0,0
114.359,122.105,2.13332,0.38,0,3.46367,3.54096,0,0.591088,4.89888,4.03744e+06,2.76295e+06,1.39843e+07,0,0,0,0,44.7762,61.308,1.55799,1,1,1.69344,2.07467,0.335946,1.30835,1.69344,8.39061e+06,3.69306e+06,1.4209e+07,0,0,0,0
113.032,122.105,2.08029,0.35,0,3.46404,3.54134,0,0.649092,4.89888,4.03744e+06,2.76295e+06,1.39858e+07,0,0,0,0,44.2533,61.308,1.53794,1,1,1.69344,2.0749,0.336164,1.30835,1.69344,8.39061e+06,3.69306e+06,1.4209e+07,0,0,0,0
111.829,122.105,2.17633,0.39,0,3.46441,3.54172,0,0.649161,4.89888,4.03744e+06,2.76295e+06,1.39873e+07,0,0,0,0,43.892,61.308,1.7491,1,1,1.69344,2.07512,0.336381,1.30835,1.69344,8.39061e+06,3.69306e+06,1.4209e+07,0,0,0,0
110.757,122.105,2.28718,0.35,0,3.43375,3.51038,0,0.649231,4.89888,4.03744e+06,2.76295e+06,1.38636e+07,0,0,0,0,43.6171,61.308,1.90935,1,1,1.69344,2.13385,0.393828,1.30835,1.69344,8.39061e+06,3.69306e+06,1.4209e+07,0,0,0,0
109.55,122.105,2.14708,0.33,0,3.43412,3.51075,0,0.643485,4.89888,4.03744e+06,2.76295e+06,1.3865e+07,0,0,0,0,43.1987,61.308,1.86669,1,1,1.69344,2.13408,0.394051,1.30835,1.69344,8.39061e+06,3.69306e+06,1.4209e+07,0,0,0,0
108.191,122.105,1.96495,0.32,0,3.43449,3.51113,0,0.643554,4.89888,4.03744e+06,2.76295e+06,1.38665e+07,0,0,0,0,42.6638,61.308,1.70981,1,1,1.69344,2.1343,0.394275,1.30835,1.69344,8.39061e+06,3.69306e+06,1.4209e+07,0,0,0,0
106.735,122.105,1.82718,0.32,0,3.43486,3.51151,0,0.643623,4.89888,4.03744e+06,2.76295e+06,1.3868e+07,0,0,0,0,42.1532,61.308,1.60143,1,1,1.69344,2.13453,0.394499,1.30835,1.69344,8.39061e+06,3.69306e+06,1.4209e+07,0,0,0,0
105.49,122.105,2.10358,0.33,0,3.51539,3.59384,0,0.643692,4.89888,4.03744e+06,2.76295e+06,1.41932e+07,0,0,0,0,41.8918,61.308,1.84735,1,1,1.69344,2.18693,0.445748,1.30835,1.69344,8.39061e+06,3.69306e+06,1.4209e+07,0,0,0,0
104.166,122.105,2.01329,0.34,0,3.51577,3.59423,0,0.658785,4.89888,4.03744e+06,2.76295e+06,1.41947e+07,0,0,0,0,41.4828,61.308,1.87854,1,1,1.69344,2.18716,0.445977,1.30835,1.69344,8.39061e+06,3.69306e+06,1.4209e+07,0,0,0,0
102.748,122.105,1.86715,0.33,0,3.51615,3.59461,0,0.658856,4.89888,4.03744e+06,2.76295e+06,1.41962e+07,0,0,0,0,41.1007,61.308,1.7243,1,1,1.69344,2.18739,0.446206,1.30835,1.69344,8.39061e+06,3.69306e+06,1.4209e+07,0,0,0,0
101.323,122.105,1.87303,0.32,0,3.51652,3.595,0,0.658926,4.89888,4.03744e+06,2.76295e+06,1.41977e+07,0,0,0,0,40.7957,61.308,1.84932,1,1,1.69344,2.18763,0.446435,1.30835,1.69344,8.39061e+06,3.69306e+06,1.4209e+07,0,0,0,0
99.6803,122.105,1.84317,0.15,0,3.75178,3.8355,0,0.658997,4.89888,4.03744e+06,2.76295e+06,1.51476e+07,0,0,0,0,40.3869,61.308,1.84274,1,1,1.69344,2.37623,0.630919,1.30835,1.69344,8.39061e+06,3.69306e+06,1.4209e+07,0,0,0,0
97.8438,122.105,1.59456,0.16,0,3.75218,3.83591,0,0.703084,4.89888,4.03744e+06,2.76295e+06,1.51492e+07,0,0,0,0,39.879,61.308,1.69992,1,1,1.69344,2.37648,0.631167,1.30835,1.69344,8.39061e+06,3.69306e+06,1.4209e+07,0,0,0,0
96.054,122.105,1.62071,0,0,3.75258,3.83633,0,0.703159,4.89888,4.03744e+06,2.76295e+06,1.51508e+07,0,0,0,0,39.4746,61.308,1.62985,1,1,1.69344,2.37674,0.631417,1.30835,1.69344,8.39061e+06,3.69306e+06,1.4209e+07,0,0,0,0
94.8946,122.105,2.28382,0.18,0,3.75299,3.83674,0,0.703234,4.89888,4.03744e+06,2.76295e+06,1.51524e+07,0,0,0,0,39.1686,61.308,1.95263,1,1,1.69344,2.37699,0.631666,1.30835,1.69344,8.39061e+06,3.69306e+06,1.4209e+07,0,0,0,0
94.6968,122.105,3.47376,0,0,3.75339,3.83715,0,0.70331,4.89888,4.03744e+06,2.76295e+06,1.51541e+07,0,0,0,0,39.1707,61.308,2.40143,1,1,1.69344,2.37725,0.631914,1.30835,1.69344,8.39061e+06,3.69306e+06,1.4209e+07,0,0,0,0
95.4576,122.105,4.57308,0,0,3.63926,3.72047,0,0.703385,4.89888,4.03744e+06,2.76295e+06,1.46933e+07,0,0,0,0,39.5047,61.308,3.36163,1,1,1.69344,2.26311,0.520268,1.30835,1.69344,8.39061e+06,3.69306e+06,1.4209e+07,0,0,0,0
95.9913,122.105,4.35374,0,0,3.63965,3.72087,0,0.681997,4.89888,4.03744e+06,2.76295e+06,1.46948e+07,0,0,0,0,39.8641,61.308,3.72825,1,1,1.69344,2.26335,0.520506,1.30835,1.69344,8.39061e+06,3.69306e+06,1.4209e+07,0,0,0,0
95.1123,122.105,2.64491,0,0,3.64004,3.72127,0,0.68207,4.89888,4.03744e+06,2.76295e+06,1.46964e+07,0,0,0,0,39.8212,61.308,2.30945,1,1,1.69344,2.26359,0.520743,1.30835,1.69344,8.39061e+06,3.69306e+06,1.4209e+07,0,0,0,0
94.9935,122.105,3.58906,0,0,3.64043,3.72167,0,0.682143,4.89888,4.03744e+06,2.76295e+06,1.4698e+07,0,0,0,0,39.9842,61.308,2.85384,1,1,1.69344,2.26384,0.52098,1.30835,1.69344,8.39061e+06,3.69306e+06,1.4209e+07,0,0,0,0
93.9285,122.105,2.56499,0,0,3.54677,3.62591,0,0.682216,4.89888,4.03744e+06,2.76295e+06,1.43198e+07,0,0,0,0,39.3275,61.308,1.76599,1,1,1.69344,2.15991,0.419321,1.30835,1.69344,8.39061e+06,3.69306e+06,1.4209e+07,0,0,0,0
93.2211,122.105,2.94584,0,0,3.54715,3.6263,0,0.664664,4.89888,4.03744e+06,2.76295e+06,1.43214e+07,0,0,0,0,38.9655,61.308,1.28846,1,1,1.69344,2.16014,0.419547,1.30835,1.69344,8.39061e+06,3.69306e+06,1.4209e+07,0,0,0,0
96.9724,122.105,7.92627,0,0,3.54752,3.62669,0,0.664735,4.89888,4.03744e+06,2.76295e+06,1.43229e+07,0,0,0,0,39.722,61.308,4.43625,1,1,1.69344,2.16037,0.419773,1.30835,1.69344,8.39061e+06,3.69306e+06,1.4209e+07,0,0,0,0
99.2284,122.105,6.47744,0,0,3.5479,3.62708,0,0.664806,4.89888,4.03744e+06,2.76295e+06,1.43244e+07,0,0,0,0,40.111,61.308,3.80315,1,1,1.69344,2.1606,0.42,1.30835,1.69344,8.39061e+06,3.69306e+06,1.4209e+07,0,0,0,0
104.589,122.105,9.75401,0,0,3.28106,3.35428,0,0.664877,4.89888,4.03744e+06,2.76295e+06,1.32471e+07,0,0,0,0,41.1279,61.308,4.51024,1,1,1.69344,1.94379,0.207915,1.30835,1.69344,8.39061e+06,3.69306e+06,1.4209e+07,0,0,0,0
110.51,122.105,10.5855,0,0,3.28141,3.35464,0,0.61487,4.89888,4.03744e+06,2.76295e+06,1.32485e+07,0,0,0,0,42.3047,61.308,4.93863,1,1,1.69344,1.94399,0.208119,1.30835,1.69344,8.39061e+06,3.69306e+06,1.4209e+07,0,0,0,0
116.121,122.105,10.714,0,0,3.28176,3.355,0,0.614936,4.89888,4.03744e+06,2.76295e+06,1.32499e+07,0,0,0,0,43.9225,61.308,5.9456,1,1,1.69344,1.9442,0.208322,1.30835,1.69344,8.39061e+06,3.69306e+06,1.4209e+07,0,0,0,0
120.602,122.105,9.0936,0,0,3.28211,3.35536,0,0.615002,4.89888,4.03744e+06,2.76295e+06,1.32513e+07,0,0,0,0,44.7571,61.308,4.21421,1,1,1.69344,1.94441,0.208526,1.30835,1.69344,8.39061e+06,3.69306e+06,1.4209e+07,0,0,0,0
122.105,122.105,9.48108,0,0,3.28246,3.35571,0,0.615068,4.89888,4.03744e+06,2.76295e+06,1.32527e+07,0,0,0,0,46.3734,61.308,6.14079,1,1,1.69344,1.94462,0.20873,1.30835,1.69344,8.39061e+06,3.69306e+06,1.4209e+07,0,0,0,0
122.105,122.105,7.04335,0,0,3.38564,3.46119,0,0.615134,4.89888,4.03744e+06,2.76295e+06,1.36693e+07,0,0,0,0,48.7112,61.308,7.93357,1,1,1.69344,2.0077,0.270434,1.30835,1.69344,8.39061e+06,3.69306e+06,1.4209e+07,0,0,0,0
122.105,122.105,11.4467,0,0,3.38597,3.46153,0,0.634469,4.89888,4.03744e+06,2.76295e+06,1.36706e+07,0,0,0,0,54.0346,61.308,14.0636,1,1,1.69344,2.0079,0.270627,1.30835,1.69344,8.39061e+06,3.69306e+06,1.4209e+07,0,0,0,0
122.105,122.105,13.3476,0.19,0,3.3863,3.46187,0,0.634531,4.89888,4.03744e+06,2.76295e+06,1.3672e+07,0,0,0,0,58.9744,61.308,12.7111,1,1,1.69344,2.00809,0.270819,1.30835,1.69344,8.39061e+06,3.69306e+06,1.4209e+07,0,0,0,0
122.105,122.105,14.9891,0.38,0,3.38663,3.46221,0,0.634593,4.89888,4.03744e+06,2.76295e+06,1.36733e+07,0,0,0,0,62.3362,61.308,11.479,1,1,1.69344,2.00829,0.271011,1.30835,1.69344,8.39061e+06,3.69306e+06,1.4209e+07,0,0,0,0
122.105,122.105,9.34138,0.38,0,3.71732,3.80028,0,0.634655,4.89888,4.03744e+06,2.76295e+06,1.50084e+07,0,0,0,0,62.3362,61.308,8.61099,1,1,1.69344,2.24464,0.502203,1.30835,1.69344,8.39061e+06,3.69306e+06,1.4209e+07,0,0,0,0
122.105,122.105,9.06075,0.37,0,3.71769,3.80065,0,0.696626,4.89888,4.03744e+06,2.76295e+06,1.50099e+07,0,0,0,0,62.3362,61.308,7.75813,1,1,1.69344,2.24486,0.502418,1.30835,1.69344,8.39061e+06,3.69306e+06,1.4209e+07,0,0,0,0
122.105,122.105,7.07691,0.38,0,3.71805,3.80102,0,0.696694,4.89888,4.03744e+06,2.76295e+06,1.50114e+07,0,0,0,0,62.3362,61.308,7.04751,1,1,1.69344,2.24508,0.502633,1.30835,1.69344,8.39061e+06,3.69306e+06,1.4209e+07,0,0,0,0
122.105,122.105,6.81818,0.38,0,3.71841,3.80139,0,0.696762,4.89888,4.03744e+06,2.76295e+06,1.50129e+07,0,0,0,0,62.3362,61.308,6.50064,1,1,1.69344,2.2453,0.502848,1.30835,1.69344,8.39061e+06,3.69306e+06,1.4209e+07,0,0,0,0
122.105,122.105,5.44965,0.39,0,3.2474,3.31987,0,0.69683,4.89888,4.03744e+06,2.76295e+06,1.31112e+07,0,0,0,0,62.3362,61.308,5.56724,1,1,1.69344,1.92847,0.192936,1.30835,1.69344,8.39061e+06,3.69306e+06,1.4209e+07,0,0,0,0
122.105,122.105,4.92031,0.44,0,2.95781,3.32019,0,0.608562,4.89888,4.03744e+06,2.76295e+06,1.1942e+07,0,0,0,0,62.3362,61.308,6.42411,1,1,1.69344,1.92866,0.0247202,1.30835,1.69344,8.39061e+06,3.69306e+06,1.4209e+07,0,0,0,0
122.105,122.105,6.34363,0.5,0,2.9581,3.32052,0,0.554294,4.89888,4.03744e+06,2.76295e+06,1.19432e+07,0,0,0,0,62.3362,61.308,7.44081,1,1,1.69344,1.92885,0.0248882,1.30835,1.69344,8.39061e+06,3.69306e+06,1.4209e+07,0,0,0,0
122.105,122.105,8.43715,0.54,0,2.95839,3.32084,0,0.554348,4.89888,4.03744e+06,2.76295e+06,1.19443e+07,0,0,0,0,62.3362,61.308,7.37047,1,1,1.69344,1.92904,0.0250563,1.30835,1.69344,8.39061e+06,3.69306e+06,1.4209e+07,0,0,0,0
122.105,122.105,6.47207,0.57,0,2.95868,3.32116,0,0.554403,4.89888,4.03744e+06,2.76295e+06,1.19455e+07,0,0,0,0,62.3362,61.308,6.3099,1,1,1.69344,1.92923,0.0252244,1.30835,1.69344,8.39061e+06,3.69306e+06,1.4209e+07,0,0,0,0
122.105,122.105,6.47354,0.58,0,3.06709,3.44285,0,0.554457,4.89888,4.03744e+06,2.76295e+06,1.23832e+07,0,0,0,0,62.3362,61.308,5.9552,1,1,1.69344,2.00701,0.0945224,1.30835,1.69344,8.39061e+06,3.69306e+06,1.4209e+07,0,0,0,0
122.105,122.105,7.16099,0.56,0,3.06739,3.44319,0,0.574772,4.89888,4.03744e+06,2.76295e+06,1.23844e+07,0,0,0,0,62.3362,61.308,5.95264,1,1,1.69344,2.00721,0.0946974,1.30835,1.69344,8.39061e+06,3.69306e+06,1.4209e+07,0,0,0,0
122.105,122.105,5.83051,0.54,0,3.06769,3.44352,0,0.574828,4.89888,4.03744e+06,2.76295e+06,1.23856e+07,0,0,0,0,62.3362,61.308,5.6879,1,1,1.69344,2.00741,0.0948722,1.30835,1.69344,8.39061e+06,3.69306e+06,1.4209e+07,0,0,0,0
122.105,122.105,4.58564,0.52,0,3.06799,3.44386,0,0.574884,4.89888,4.03744e+06,2.76295e+06,1.23868e+07,0,0,0,0,62.3362,61.308,3.91734,1,1,1.69344,2.0076,0.095047,1.30835,1.69344,8.39061e+06,3.69306e+06,1.4209e+07,0,0,0,0
122.105,122.105,3.93528,0.47,0,3.026,3.39673,0,0.57494,4.89888,4.03744e+06,2.76295e+06,1.22173e+07,0,0,0,0,62.3362,61.308,3.31725,1,1,1.69344,1.97765,0.0683621,1.30835,1.69344,8.39061e+06,3.69306e+06,1.4209e+07,0,0,0,0
122.105,122.105,3.81047,0.45,0,3.02629,3.39706,0,0.567072,4.89888,4.03744e+06,2.76295e+06,1.22185e+07,0,0,0,0,62.3362,61.308,3.29224,1,1,1.69344,1.97784,0.0685344,1.30835,1.69344,8.39061e+06,3.69306e+06,1.4209e+07,0,0,0,0
121.995,122.105,3.29338,0.41,0,3.02659,3.39739,0,0.567127,4.89888,4.03744e+06,2.76295e+06,1.22197e+07,0,0,0,0,62.3362,61.308,3.10139,1,1,1.69344,1.97804,0.0687066,1.30835,1.69344,8.39061e+06,3.69306e+06,1.4209e+07,0,0,0,0
121.775,122.105,3.20588,0.47,0,3.02688,3.39772,0,0.567183,4.89888,4.03744e+06,2.76295e+06,1.22209e+07,0,0,0,0,62.3362,61.308,3.23814,1,1,1.69344,1.97823,0.068879,1.30835,1.69344,8.39061e+06,3.69306e+06,1.4209e+07,0,0,0,0
121.587,122.105,3.38752,0.46,0,3.17078,3.55925,0,0.567238,4.89888,4.03744e+06,2.76295e+06,1.28018e+07,0,0,0,0,62.3362,61.308,3.28041,1,1,1.69344,2.08539,0.164341,1.30835,1.69344,8.39061e+06,3.69306e+06,1.4209e+07,0,0,0,0
121.234,122.105,3.17272,0.4,0,3.17109,3.5596,0,0.594204,4.89888,4.03744e+06,2.76295e+06,1.28031e+07,0,0,0,0,62.3362,61.308,3.03694,1,1,1.69344,2.08559,0.164522,1.30835,1.69344,8.39061e+06,3.69306e+06,1.4209e+07,0,0,0,0
120.43,122.105,2.91354,0.38,0,3.48224,3.55995,0,0.594262,4.89888,4.03744e+06,2.76295e+06,1.40593e+07,0,0,0,0,62.3362,61.308,3.02807,1,1,1.69344,2.0858,0.346825,1.30835,1.69344,8.39061e+06,3.69306e+06,1.4209e+07,0,0,0,0
119.584,122.105,2.89403,0.36,0,3.48258,3.56029,0,0.652571,4.89888,4.03744e+06,2.76295e+06,1.40607e+07,0,0,0,0,62.3362,61.308,3.06954,1,1,1.69344,2.086,0.347024,1.30835,1.69344,8.39061e+06,3.69306e+06,1.4209e+07,0,0,0,0
118.771,122.105,2.80226,0.32,0,3.48292,3.56064,0,0.652635,4.89888,4.03744e+06,2.76295e+06,1.40621e+07,0,0,0,0,62.3362,61.308,2.88848,1,1,1.69344,2.0862,0.347224,1.30835,1.69344,8.39061e+06,3.69306e+06,1.4209e+07,0,0,0,0
118.08,122.105,2.82414,0.32,0,3.45206,3.5291,0,0.652699,4.89888,4.03744e+06,2.76295e+06,1.39375e+07,0,0,0,0,62.3362,61.308,3.00908,1,1,1.69344,2.14522,0.404957,1.30835,1.69344,8.39061e+06,3.69306e+06,1.4209e+07,0,0,0,0
117.384,122.105,2.82485,0.31,0,3.4524,3.52944,0,0.646916,4.89888,4.03744e+06,2.76295e+06,1.39388e+07,0,0,0,0,62.3362,61.308,3.00274,1,1,1.69344,2.14543,0.405162,1.30835,1.69344,8.39061e+06,3.69306e+06,1.4209e+07,0,0,0,0
116.592,122.105,2.69364,0.32,0,3.45274,3.52979,0,0.646979,4.89888,4.03744e+06,2.76295e+06,1.39402e+07,0,0,0,0,62.3362,61.308,2.94959,1,1,1.69344,2.14564,0.405368,1.30835,1.69344,8.39061e+06,3.69306e+06,1.4209e+07,0,0,0,0
115.522,122.105,2.38402,0.31,0,3.45307,3.53013,0,0.647043,4.89888,4.03744e+06,2.76295e+06,1.39416e+07,0,0,0,0,62.3362,61.308,2.75747,1,1,1.69344,2.14585,0.405573,1.30835,1.69344,8.39061e+06,3.69306e+06,1.4209e+07,0,0,0,0
114.442,122.105,2.35421,0.29,0,3.53401,3.61287,0,0.647106,4.89888,4.03744e+06,2.76295e+06,1.42683e+07,0,0,0,0,62.3362,61.308,2.50206,1,1,1.69344,2.1985,0.457073,1.30835,1.69344,8.39061e+06,3.69306e+06,1.4209e+07,0,0,0,0
113.234,122.105,2.20323,0.26,0,3.53435,3.61322,0,0.662273,4.89888,4.03744e+06,2.76295e+06,1.42697e+07,0,0,0,0,62.3017,61.308,2.46936,1,1,1.69344,2.19872,0.457284,1.30835,1.69344,8.39061e+06,3.69306e+06,1.4209e+07,0,0,0,0
111.896,122.105,2.02545,0.29,0,3.5347,3.61358,0,0.662337,4.89888,4.03744e+06,2.76295e+06,1.42711e+07,0,0,0,0,62.1978,61.308,2.21575,1,1,1.69344,2.19893,0.457494,1.30835,1.69344,8.39061e+06,3.69306e+06,1.4209e+07,0,0,0,0
110.61,122.105,2.11447,0.28,0,3.53504,3.61393,0,0.662402,4.89888,4.03744e+06,2.76295e+06,1.42725e+07,0,0,0,0,62.1896,61.308,2.49312,1,1,1.69344,2.19915,0.457704,1.30835,1.69344,8.39061e+06,3.69306e+06,1.4209e+07,0,0,0,0
109.254,122.105,2.25696,0.28,0,3.7715,3.85567,0,0.662467,4.89888,4.03744e+06,2.76295e+06,1.52272e+07,0,0,0,0,62.1905,61.308,2.38557,1,1,1.69344,2.38872,0.643137,1.30835,1.69344,8.39061e+06,3.69306e+06,1.4209e+07,0,0,0,0
107.963,122.105,2.25217,0.29,0,3.77187,3.85604,0,0.706779,4.89888,4.03744e+06,2.76295e+06,1.52287e+07,0,0,0,0,62.2006,61.308,2.44536,1,1,1.69344,2.38895,0.643365,1.30835,1.69344,8.39061e+06,3.69306e+06,1.4209e+07,0,0,0,0
106.45,122.105,2.03309,0.29,0,3.77224,3.85642,0,0.706848,4.89888,4.03744e+06,2.76295e+06,1.52302e+07,0,0,0,0,62.1755,61.308,2.34574,1,1,1.69344,2.38919,0.643594,1.30835,1.69344,8.39061e+06,3.69306e+06,1.4209e+07,0,0,0,0
104.987,122.105,2.0631,0.3,0,3.77261,3.8568,0,0.706918,4.89888,4.03744e+06,2.76295e+06,1.52317e+07,0,0,0,0,62.2925,61.308,2.56606,1,1,1.69344,2.38942,0.643822,1.30835,1.69344,8.39061e+06,3.69306e+06,1.4209e+07,0,0,0,0
103.812,122.105,2.44612,0.33,0,3.77298,3.85717,0,0.706987,4.89888,4.03744e+06,2.76295e+06,1.52331e+07,0,0,0,0,62.3362,61.308,3.22383,1,1,1.69344,2.38965,0.64405,1.30835,1.69344,8.39061e+06,3.69306e+06,1.4209e+07,0,0,0,0
102.99,122.105,2.75775,0.33,0,3.65822,3.73985,0,0.707056,4.89888,4.03744e+06,2.76295e+06,1.47698e+07,0,0,0,0,62.3362,61.308,3.4003,1,1,1.69344,2.2749,0.531801,1.30835,1.69344,8.39061e+06,3.69306e+06,1.4209e+07,0,0,0,0
102.188,122.105,2.94015,0.33,0,3.65857,3.74022,0,0.68555,4.89888,4.03744e+06,2.76295e+06,1.47713e+07,0,0,0,0,62.3362,61.308,4.19429,1,1,1.69344,2.27512,0.532018,1.30835,1.69344,8.39061e+06,3.69306e+06,1.4209e+07,0,0,0,0
101.393,122.105,3.01136,0.32,0,3.65893,3.74058,0,0.685617,4.89888,4.03744e+06,2.76295e+06,1.47727e+07,0,0,0,0,62.3362,61.308,4.45035,1,1,1.69344,2.27534,0.532236,1.30835,1.69344,8.39061e+06,3.69306e+06,1.4209e+07,0,0,0,0
100.776,122.105,3.29553,0.31,0,3.65929,3.74095,0,0.685684,4.89888,4.03744e+06,2.76295e+06,1.47741e+07,0,0,0,0,62.3362,61.308,4.73213,1,1,1.69344,2.27557,0.532453,1.30835,1.69344,8.39061e+06,3.69306e+06,1.4209e+07,0,0,0,0
100.969,122.105,4.25717,0.19,0,3.56511,3.64467,0,0.685751,4.89888,4.03744e+06,2.76295e+06,1.43939e+07,0,0,0,0,62.3362,61.308,6.02719,1,1,1.69344,2.17108,0.430248,1.30835,1.69344,8.39061e+06,3.69306e+06,1.4209e+07,0,0,0,0
100.239,122.105,3.0359,0.19,0,3.56546,3.64502,0,0.668101,4.89888,4.03744e+06,2.76295e+06,1.43953e+07,0,0,0,0,62.3362,61.308,5.72943,1,1,1.69344,2.17129,0.430455,1.30835,1.69344,8.39061e+06,3.69306e+06,1.4209e+07,0,0,0,0
100.172,122.105,4.20654,0.18,0,3.5658,3.64538,0,0.668167,4.89888,4.03744e+06,2.76295e+06,1.43967e+07,0,0,0,0,62.3362,61.308,4.25431,1,1,1.69344,2.1715,0.430662,1.30835,1.69344,8.39061e+06,3.69306e+06,1.4209e+07,0,0,0,0
103.878,122.105,8.12905,0.02,0,3.56615,3.64573,0,0.668232,4.89888,4.03744e+06,2.76295e+06,1.43981e+07,0,0,0,0,62.3362,61.308,7.52052,1,1,1.69344,2.17172,0.43087,1.30835,1.69344,8.39061e+06,3.69306e+06,1.4209e+07,0,0,0,0
105.046,122.105,4.98978,0.2,0,3.2979,3.3715,0,0.668297,4.89888,4.03744e+06,2.76295e+06,1.33151e+07,0,0,0,0,62.3362,61.308,5.24029,1,1,1.69344,1.95376,0.217677,1.30835,1.69344,8.39061e+06,3.69306e+06,1.4209e+07,0,0,0,0
106.575,122.105,5.65244,0.21,0,3.29823,3.37183,0,0.618027,4.89888,4.03744e+06,2.76295e+06,1.33164e+07,0,0,0,0,62.3362,61.308,7.98372,1,1,1.69344,1.95396,0.217864,1.30835,1.69344,8.39061e+06,3.69306e+06,1.4209e+07,0,0,0,0
107.984,122.105,5.82408,0,0,3.29855,3.37216,0,0.618087,4.89888,4.03744e+06,2.76295e+06,1.33177e+07,0,0,0,0,62.3362,61.308,8.82903,1,1,1.69344,1.95415,0.21805,1.30835,1.69344,8.39061e+06,3.69306e+06,1.4209e+07,0,0,0,0
112.926,122.105,10.4612,0,0,3.29887,3.37249,0,0.618148,4.89888,4.03744e+06,2.76295e+06,1.3319e+07,0,0,0,0,62.3362,61.308,20.2506,1,1,1.69344,1.95434,0.218237,1.30835,1.69344,8.39061e+06,3.69306e+06,1.4209e+07,0,0,0,0
114.775,122.105,6.71122,0.22,0,3.29919,3.37282,0,0.618208,4.89888,4.03744e+06,2.76295e+06,1.33203e+07,0,0,0,0,62.3362,61.308,10.239,1,1,1.69344,1.95453,0.218424,1.30835,1.69344,8.39061e+06,3.69306e+06,1.4209e+07,0,0,0,0
114.261,122.105,3.64023,0,0,3.40286,3.4788,0,0.618269,4.89888,4.03744e+06,2.76295e+06,1.37388e+07,0,0,0,0,62.3362,61.308,4.47441,1,1,1.69344,2.01791,0.280425,1.30835,1.69344,8.39061e+06,3.69306e+06,1.4209e+07,0,0,0,0
114.161,122.105,4.49552,0,0,3.40316,3.47911,0,0.637696,4.89888,4.03744e+06,2.76295e+06,1.37401e+07,0,0,0,0,62.3362,61.308,5.78904,1,1,1.69344,2.01809,0.2806,1.30835,1.69344,8.39061e+06,3.69306e+06,1.4209e+07,0,0,0,0
113.521,122.105,3.53306,0,0,3.40347,3.47942,0,0.637753,4.89888,4.03744e+06,2.76295e+06,1.37413e+07,0,0,0,0,62.3362,61.308,4.92266,1,1,1.69344,2.01827,0.280775,1.30835,1.69344,8.39061e+06,3.69306e+06,1.4209e+07,0,0,0,0
113.158,122.105,3.96548,0.16,0,3.40377,3.47973,0,0.63781,4.89888,4.03744e+06,2.76295e+06,1.37425e+07,0,0,0,0,62.3362,61.308,5.09927,1,1,1.69344,2.01845,0.28095,1.30835,1.69344,8.39061e+06,3.69306e+06,1.4209e+07,0,0,0,0
111.484,122.105,2.71609,0,0,3.7361,3.81947,0,0.637866,4.89888,4.03744e+06,2.76295e+06,1.50842e+07,0,0,0,0,62.3362,61.308,3.52209,1,1,1.69344,2.25598,0.513292,1.30835,1.69344,8.39061e+06,3.69306e+06,1.4209e+07,0,0,0,0
112.092,122.105,5.59957,0,0,3.73643,3.81981,0,0.700144,4.89888,4.03744e+06,2.76295e+06,1.50856e+07,0,0,0,0,62.3362,61.308,7.25063,1,1,1.69344,2.25618,0.513488,1.30835,1.69344,8.39061e+06,3.69306e+06,1.4209e+07,0,0,0,0
111.539,122.105,4.00707,0,0,3.73676,3.82015,0,0.700206,4.89888,4.03744e+06,2.76295e+06,1.50869e+07,0,0,0,0,62.3362,61.308,4.55949,1,1,1.69344,2.25638,0.513684,1.30835,1.69344,8.39061e+06,3.69306e+06,1.4209e+07,0,0,0,0
109.915,122.105,2.56543,0,0,3.73709,3.82049,0,0.700268,4.89888,4.03744e+06,2.76295e+06,1.50883e+07,0,0,0,0,62.3362,61.308,3.10893,1,1,1.69344,2.25658,0.513879,1.30835,1.69344,8.39061e+06,3.69306e+06,1.4209e+07,0,0,0,0
109.176,122.105,3.07548,0,0,3.26368,3.33651,0,0.70033,4.89888,4.03744e+06,2.76295e+06,1.31769e+07,0,0,0,0,62.3362,61.308,3.223,1,1,1.69344,1.93814,0.202394,1.30835,1.69344,8.39061e+06,3.69306e+06,1.4209e+07,0,0,0,0
109.584,122.105,4.37219,0,0,3.26397,3.33681,0,0.611613,4.89888,4.03744e+06,2.76295e+06,1.31781e+07,0,0,0,0,62.3362,61.308,3.29852,1,1,1.69344,1.93831,0.202562,1.30835,1.69344,8.39061e+06,3.69306e+06,1.4209e+07,0,0,0,0
110.68,122.105,5.14692,0,0,3.26426,3.3371,0,0.611668,4.89888,4.03744e+06,2.76295e+06,1.31792e+07,0,0,0,0,62.3362,61.308,3.30422,1,1,1.69344,1.93848,0.20273,1.30835,1.69344,8.39061e+06,3.69306e+06,1.4209e+07,0,0,0,0
111.171,122.105,4.49067,0,0,3.26455,3.3374,0,0.611722,4.89888,4.03744e+06,2.76295e+06,1.31804e+07,0,0,0,0,62.3362,61.308,3.42099,1,1,1.69344,1.93866,0.202898,1.30835,1.69344,8.39061e+06,3.69306e+06,1.4209e+07,0,0,0,0
111.849,122.105,4.699,0,0,3.26484,3.33769,0,0.611776,4.89888,4.03744e+06,2.76295e+06,1.31816e+07,0,0,0,0,62.3362,61.308,3.43551,1,1,1.69344,1.93883,0.203066,1.30835,1.69344,8.39061e+06,3.69306e+06,1.4209e+07,0,0,0,0
113.112,122.105,5.6692,0,0,3.38443,3.45995,0,0.61183,4.89888,4.03744e+06,2.76295e+06,1.36644e+07,0,0,0,0,62.3362,61.308,4.88606,1,1,1.69344,2.01699,0.279517,1.30835,1.69344,8.39061e+06,3.69306e+06,1.4209e+07,0,0,0,0
113.106,122.105,4.08097,0,0,3.38473,3.46026,0,0.634242,4.89888,4.03744e+06,2.76295e+06,1.36656e+07,0,0,0,0,62.3362,61.308,3.29815,1,1,1.69344,2.01716,0.279692,1.30835,1.69344,8.39061e+06,3.69306e+06,1.4209e+07,0,0,0,0
112.684,122.105,3.45694,0,0,3.38503,3.46057,0,0.634298,4.89888,4.03744e+06,2.76295e+06,1.36668e+07,0,0,0,0,62.3362,61.308,2.82741,1,1,1.69344,2.01734,0.279867,1.30835,1.69344,8.39061e+06,3.69306e+06,1.4209e+07,0,0,0,0
111.983,122.105,3.14162,0,0,3.38533,3.46087,0,0.634354,4.89888,4.03744e+06,2.76295e+06,1.3668e+07,0,0,0,0,62.2708,61.308,2.58281,1,1,1.69344,2.01752,0.280042,1.30835,1.69344,8.39061e+06,3.69306e+06,1.4209e+07,0,0,0,0
111.795,122.105,3.64906,0,0,3.33896,3.41348,0,0.63441,4.89888,4.03744e+06,2.76295e+06,1.34809e+07,0,0,0,0,62.3362,61.308,3.83557,1,1,1.69344,1.9874,0.250579,1.30835,1.69344,8.39061e+06,3.69306e+06,1.4209e+07,0,0,0,0
111.287,122.105,3.21577,0,0,3.33926,3.41378,0,0.625722,4.89888,4.03744e+06,2.76295e+06,1.3482e+07,0,0,0,0,62.3362,61.308,3.382,1,1,1.69344,1.98758,0.250751,1.30835,1.69344,8.39061e+06,3.69306e+06,1.4209e+07,0,0,0,0
110.571,122.105,2.93531,0,0,3.33956,3.41408,0,0.625777,4.89888,4.03744e+06,2.76295e+06,1.34832e+07,0,0,0,0,62.3362,61.308,3.08705,1,1,1.69344,1.98775,0.250924,1.30835,1.69344,8.39061e+06,3.69306e+06,1.4209e+07,0,0,0,0
109.72,122.105,2.72934,0,0,3.33985,3.41438,0,0.625833,4.89888,4.03744e+06,2.76295e+06,1.34844e+07,0,0,0,0,62.3362,61.308,3.01793,1,1,1.69344,1.98793,0.251096,1.30835,1.69344,8.39061e+06,3.69306e+06,1.4209e+07,0,0,0,0
108.674,122.105,2.69741,0,0,3.49859,3.57667,0,0.625888,4.89888,4.03744e+06,2.76295e+06,1.41254e+07,0,0,0,0,62.3362,61.308,3.26042,1,1,1.69344,2.09559,0.35641,1.30835,1.69344,8.39061e+06,3.69306e+06,1.4209e+07,0,0,0,0
107.423,122.105,2.36862,0,0,3.49891,3.57699,0,0.655637,4.89888,4.03744e+06,2.76295e+06,1.41266e+07,0,0,0,0,62.3362,61.308,2.92046,1,1,1.69344,2.09578,0.356591,1.30835,1.69344,8.39061e+06,3.69306e+06,1.4209e+07,0,0,0,0
106.132,122.105,2.33786,0,0,3.49922,3.5773,0,0.655695,4.89888,4.03744e+06,2.76295e+06,1.41279e+07,0,0,0,0,62.3362,61.308,2.9753,1,1,1.69344,2.09597,0.356773,1.30835,1.69344,8.39061e+06,3.69306e+06,1.4209e+07,0,0,0,0
104.764,122.105,2.20535,0,0,3.49953,3.57762,0,0.655753,4.89888,4.03744e+06,2.76295e+06,1.41291e+07,0,0,0,0,62.3362,61.308,2.86692,1,1,1.69344,2.09615,0.356955,1.30835,1.69344,8.39061e+06,3.69306e+06,1.4209e+07,0,0,0,0
103.382,122.105,2.15699,0,0,3.49984,3.57794,0,0.655811,4.89888,4.03744e+06,2.76295e+06,1.41304e+07,0,0,0,0,62.3362,61.308,2.67755,1,1,1.69344,2.09634,0.357136,1.30835,1.69344,8.39061e+06,3.69306e+06,1.4209e+07,0,0,0,0
102.142,122.105,2.24473,0,0,3.4688,3.54621,0,0.655869,4.89888,4.03744e+06,2.76295e+06,1.4005e+07,0,0,0,0,62.3362,61.308,2.65987,1,1,1.69344,2.15563,0.415131,1.30835,1.69344,8.39061e+06,3.69306e+06,1.4209e+07,0,0,0,0
100.757,122.105,2.0588,0,0,3.4691,3.54652,0,0.650053,4.89888,4.03744e+06,2.76295e+06,1.40063e+07,0,0,0,0,62.3362,61.308,2.4419,1,1,1.69344,2.15582,0.415318,1.30835,1.69344,8.39061e+06,3.69306e+06,1.4209e+07,0,0,0,0
99.2639,122.105,1.90401,0,0,3.46941,3.54683,0,0.65011,4.89888,4.03744e+06,2.76295e+06,1.40075e+07,0,0,0,0,62.3238,61.308,2.33485,1,1,1.69344,2.15601,0.415505,1.30835,1.69344,8.39061e+06,3.69306e+06,1.4209e+07,0,0,0,0
97.7278,122.105,1.79611,0,0,3.46972,3.54715,0,0.650168,4.89888,4.03744e+06,2.76295e+06,1.40088e+07,0,0,0,0,62.1798,61.308,2.24954,1,1,1.69344,2.1562,0.415691,1.30835,1.69344,8.39061e+06,3.69306e+06,1.4209e+07,0,0,0,0
96.0201,122.105,1.63243,0,0,3.55101,3.63025,0,0.650225,4.89888,4.03744e+06,2.76295e+06,1.4337e+07,0,0,0,0,61.9341,61.308,2.03424,1,1,1.69344,2.20908,0.467421,1.30835,1.69344,8.39061e+06,3.69306e+06,1.4209e+07,0,0,0,0
94.324,122.105,1.67139,0,0,3.55133,3.63058,0,0.665459,4.89888,4.03744e+06,2.76295e+06,1.43382e+07,0,0,0,0,61.6107,61.308,2.05832,1,1,1.69344,2.20928,0.467612,1.30835,1.69344,8.39061e+06,3.69306e+06,1.4209e+07,0,0,0,0
92.5731,122.105,1.53941,0,0,3.55164,3.6309,0,0.665518,4.89888,4.03744e+06,2.76295e+06,1.43395e+07,0,0,0,0,61.121,61.308,1.98465,1,1,1.69344,2.20947,0.467804,1.30835,1.69344,8.39061e+06,3.69306e+06,1.4209e+07,0,0,0,0
90.7455,122.105,1.40935,0,0,3.55195,3.63122,0,0.665577,4.89888,4.03744e+06,2.76295e+06,1.43408e+07,0,0,0,0,60.7184,61.308,1.74546,1,1,1.69344,2.20967,0.467995,1.30835,1.69344,8.39061e+06,3.69306e+06,1.4209e+07,0,0,0,0
88.707,122.105,1.42424,0,0,3.78951,3.87408,0,0.665636,4.89888,4.03744e+06,2.76295e+06,1.52999e+07,0,0,0,0,59.9422,61.308,2.01938,1,1,1.69344,2.40013,0.654294,1.30835,1.69344,8.39061e+06,3.69306e+06,1.4209e+07,0,0,0,0
86.3163,122.105,0.895854,0,0,3.78985,3.87442,0,0.710154,4.89888,4.03744e+06,2.76295e+06,1.53013e+07,0,0,0,0,58.9326,61.308,1.29323,1,1,1.69344,2.40034,0.654502,1.30835,1.69344,8.39061e+06,3.69306e+06,1.4209e+07,0,0,0,0
83.9259,122.105,0.88079,0,0,3.79018,3.87476,0,0.710217,4.89888,4.03744e+06,2.76295e+06,1.53026e+07,0,0,0,0,58.0379,61.308,1.21662,1,1,1.69344,2.40055,0.65471,1.30835,1.69344,8.39061e+06,3.69306e+06,1.4209e+07,0,0,0,0
81.7922,122.105,1.1716,0,0,3.79052,3.87511,0,0.71028,4.89888,4.03744e+06,2.76295e+06,1.5304e+07,0,0,0,0,57.3225,61.308,1.42082,1,1,1.69344,2.40076,0.654918,1.30835,1.69344,8.39061e+06,3.69306e+06,1.4209e+07,0,0,0,0
79.9859,122.105,1.59579,0,0,3.79085,3.87545,0,0.710343,4.89888,4.03744e+06,2.76295e+06,1.53053e+07,0,0,0,0,56.9765,61.308,1.71645,1,1,1.69344,2.40098,0.655126,1.30835,1.69344,8.39061e+06,3.69306e+06,1.4209e+07,0,0,0,0
78.3765,122.105,1.73393,0,0,3.67552,3.75754,0,0.710406,4.89888,4.03744e+06,2.76295e+06,1.48397e+07,0,0,0,0,56.8322,61.308,2.09773,1,1,1.69344,2.28566,0.542324,1.30835,1.69344,8.39061e+06,3.69306e+06,1.4209e+07,0,0,0,0
76.7573,122.105,1.86798,0,0,3.67584,3.75787,0,0.688792,4.89888,4.03744e+06,2.76295e+06,1.4841e+07,0,0,0,0,56.9799,61.308,2.58572,1,1,1.69344,2.28586,0.542522,1.30835,1.69344,8.39061e+06,3.69306e+06,1.4209e+07,0,0,0,0
75.1379,122.105,1.93216,0,0,3.67617,3.7582,0,0.688853,4.89888,4.03744e+06,2.76295e+06,1.48423e+07,0,0,0,0,57.2522,61.308,2.74043,1,1,1.69344,2.28606,0.54272,1.30835,1.69344,8.39061e+06,3.69306e+06,1.4209e+07,0,0,0,0
73.6148,122.105,2.12913,0,0,3.67649,3.75854,0,0.688914,4.89888,4.03744e+06,2.76295e+06,1.48436e+07,0,0,0,0,57.5636,61.308,2.91465,1,1,1.69344,2.28626,0.542918,1.30835,1.69344,8.39061e+06,3.69306e+06,1.4209e+07,0,0,0,0
71.723,122.105,1.55422,0,0,3.58184,3.66177,0,0.688975,4.89888,4.03744e+06,2.76295e+06,1.44614e+07,0,0,0,0,57.0989,61.308,2.30497,1,1,1.69344,2.18127,0.440213,1.30835,1.69344,8.39061e+06,3.69306e+06,1.4209e+07,0,0,0,0
69.752,122.105,1.3432,0,0,3.58215,3.66209,0,0.671236,4.89888,4.03744e+06,2.76295e+06,1.44627e+07,0,0,0,0,56.0677,61.308,1.11679,1,1,1.69344,2.18146,0.440402,1.30835,1.69344,8.39061e+06,3.69306e+06,1.4209e+07,0,0,0,0
67.6318,122.105,1.16251,0,0,3.58247,3.66242,0,0.671296,4.89888,4.03744e+06,2.76295e+06,1.4464e+07,0,0,0,0,55.635,61.308,1.09684,1,1,1.69344,2.18165,0.440591,1.30835,1.69344,8.39061e+06,3.69306e+06,1.4209e+07,0,0,0,0
66.6502,122.105,2.89632,0,0,3.58279,3.66274,0,0.671355,4.89888,4.03744e+06,2.76295e+06,1.44653e+07,0,0,0,0,56.1822,61.308,3.4081,1,1,1.69344,2.18185,0.44078,1.30835,1.69344,8.39061e+06,3.69306e+06,1.4209e+07,0,0,0,0
66.5717,122.105,3.63991,0,0,3.31326,3.3872,0,0.671415,4.89888,4.03744e+06,2.76295e+06,1.33771e+07,0,0,0,0,56.9884,61.308,3.04037,1,1,1.69344,1.96286,0.226574,1.30835,1.69344,8.39061e+06,3.69306e+06,1.4209e+07,0,0,0,0
66.8241,122.105,4.01734,0,0,3.31355,3.3875,0,0.620904,4.89888,4.03744e+06,2.76295e+06,1.33782e+07,0,0,0,0,56.674,61.308,2.24966,1,1,1.69344,1.96303,0.226744,1.30835,1.69344,8.39061e+06,3.69306e+06,1.4209e+07,0,0,0,0
67.0219,122.105,3.83687,0,0,3.31384,3.3878,0,0.620959,4.89888,4.03744e+06,2.76295e+06,1.33794e+07,0,0,0,0,56.2367,61.308,1.9206,1,1,1.69344,1.96321,0.226915,1.30835,1.69344,8.39061e+06,3.69306e+06,1.4209e+07,0,0,0,0
67.2826,122.105,3.93516,0,0,3.31414,3.3881,0,0.621014,4.89888,4.03744e+06,2.76295e+06,1.33806e+07,0,0,0,0,55.7692,61.308,1.80822,1,1,1.69344,1.96338,0.227085,1.30835,1.69344,8.39061e+06,3.69306e+06,1.4209e+07,0,0,0,0
67.8899,122.105,4.35928,0,0,3.31443,3.3884,0,0.621069,4.89888,4.03744e+06,2.76295e+06,1.33818e+07,0,0,0,0,55.8259,61.308,1.9263,1,1,1.69344,1.96356,0.227255,1.30835,1.69344,8.39061e+06,3.69306e+06,1.4209e+07,0,0,0,0
68.5953,122.105,4.33854,0,0,3.41855,3.49484,0,0.621124,4.89888,4.03744e+06,2.76295e+06,1.38022e+07,0,0,0,0,56.8923,61.308,4.64259,1,1,1.69344,2.02722,0.289524,1.30835,1.69344,8.39061e+06,3.69306e+06,1.4209e+07,0,0,0,0
70.3517,122.105,5.74688,0,1,3.41882,3.49512,0,0.640636,4.89888,4.03744e+06,2.76295e+06,1.38033e+07,0,0,0,0,59.1744,61.308,7.0779,1,1,1.69344,2.02738,0.289683,1.30835,1.69344,8.39061e+06,3.69306e+06,1.4209e+07,0,0,0,0
71.9735,122.105,5.50019,0,1,3.41909,3.49539,0,0.640687,4.89888,4.03744e+06,2.76295e+06,1.38044e+07,0,0,0,0,60.6115,61.308,5.78083,1,1,1.69344,2.02754,0.28984,1.30835,1.69344,8.39061e+06,3.69306e+06,1.4209e+07,0,0,0,0
72.8408,122.105,4.67409,0,1,3.41937,3.49567,0,0.640738,4.89888,4.03744e+06,2.76295e+06,1.38055e+07,0,0,0,0,61.586,61.308,4.33896,1,1,1.69344,2.0277,0.289998,1.30835,1.69344,8.39061e+06,3.69306e+06,1.4209e+07,0,0,0,0
73.628,122.105,4.97874,0,1,3.75318,3.83694,0,0.640789,4.89888,4.03744e+06,2.76295e+06,1.51532e+07,0,0,0,0,62.3362,61.308,5.29551,1,1,1.69344,2.2663,0.523385,1.30835,1.69344,8.39061e+06,3.69306e+06,1.4209e+07,0,0,0,0
74.656,122.105,5.12757,0,1,3.75348,3.83724,0,0.703346,4.89888,4.03744e+06,2.76295e+06,1.51544e+07,0,0,0,0,62.3362,61.308,5.70365,1,1,1.69344,2.26648,0.523562,1.30835,1.69344,8.39061e+06,3.69306e+06,1.4209e+07,0,0,0,0
75.8117,122.105,5.25195,0,1,3.75378,3.83755,0,0.703403,4.89888,4.03744e+06,2.76295e+06,1.51556e+07,0,0,0,0,62.3362,61.308,5.56818,1,1,1.69344,2.26666,0.523738,1.30835,1.69344,8.39061e+06,3.69306e+06,1.4209e+07,0,0,0,0
77.3854,122.105,5.79694,0,1,3.75408,3.83786,0,0.703459,4.89888,4.03744e+06,2.76295e+06,1.51569e+07,0,0,0,0,62.3362,61.308,6.04685,1,1,1.69344,2.26684,0.523915,1.30835,1.69344,8.39061e+06,3.69306e+06,1.4209e+07,0,0,0,0
78.7674,122.105,4.87183,0,1,3.27849,3.35165,0,0.703515,4.89888,4.03744e+06,2.76295e+06,1.32367e+07,0,0,0,0,62.3362,61.308,5.95137,1,1,1.69344,1.94694,0.210996,1.30835,1.69344,8.39061e+06,3.69306e+06,1.4209e+07,0,0,0,0
81.3162,122.105,6.13464,0,1,3.27875,3.35192,0,0.614389,4.89888,4.03744e+06,2.76295e+06,1.32377e+07,0,0,0,0,62.3362,61.308,7.60146,1,1,1.69344,1.94709,0.211148,1.30835,1.69344,8.39061e+06,3.69306e+06,1.4209e+07,0,0,0,0
84.0096,122.105,6.77219,0,1,3.27901,3.35218,0,0.614437,4.89888,4.03744e+06,2.76295e+06,1.32388e+07,0,0,0,0,62.3362,61.308,9.44436,1,1,1.69344,1.94725,0.211299,1.30835,1.69344,8.39061e+06,3.69306e+06,1.4209e+07,0,0,0,0
88.189,122.105,8.37962,0,1,3.27927,3.35245,0,0.614486,4.89888,4.03744e+06,2.76295e+06,1.32398e+07,0,0,0,0,62.3362,61.308,11.2534,1,1,1.69344,1.9474,0.211451,1.30835,1.69344,8.39061e+06,3.69306e+06,1.4209e+07,0,0,0,0
92.4974,122.105,8.97983,0,1,3.27953,3.35272,0,0.614535,4.89888,4.03744e+06,2.76295e+06,1.32409e+07,0,0,0,0,62.3362,61.308,16.3527,1,1,1.69344,1.94756,0.211603,1.30835,1.69344,8.39061e+06,3.69306e+06,1.4209e+07,0,0,0,0
95.944,122.105,7.69053,0,1,3.39963,3.4755,0,0.614584,4.89888,4.03744e+06,2.76295e+06,1.37258e+07,0,0,0,0,62.3362,61.308,7.26084,1,1,1.69344,2.02605,0.28838,1.30835,1.69344,8.39061e+06,3.69306e+06,1.4209e+07,0,0,0,0
97.0157,122.105,5.17616,0,1,3.3999,3.47577,0,0.637091,4.89888,4.03744e+06,2.76295e+06,1.37269e+07,0,0,0,0,62.3362,61.308,6.83918,1,1,1.69344,2.02621,0.288538,1.30835,1.69344,8.39061e+06,3.69306e+06,1.4209e+07,0,0,0,0
97.8676,122.105,4.75791,0,1,3.40017,3.47605,0,0.637141,4.89888,4.03744e+06,2.76295e+06,1.3728e+07,0,0,0,0,62.3362,61.308,7.66956,1,1,1.69344,2.02637,0.288695,1.30835,1.69344,8.39061e+06,3.69306e+06,1.4209e+07,0,0,0,0
98.4077,122.105,4.72936,0,1,3.40044,3.47633,0,0.637192,4.89888,4.03744e+06,2.76295e+06,1.37291e+07,0,0,0,0,62.3362,61.308,8.75469,1,1,1.69344,2.02653,0.288853,1.30835,1.69344,8.39061e+06,3.69306e+06,1.4209e+07,0,0,0,0
99.245,122.105,4.73621,0,1,3.35384,3.42869,0,0.637243,4.89888,4.03744e+06,2.76295e+06,1.35409e+07,0,0,0,0,62.3362,61.308,6.42739,1,1,1.69344,1.99626,0.259241,1.30835,1.69344,8.39061e+06,3.69306e+06,1.4209e+07,0,0,0,0
99.3694,122.105,3.82889,0,1,3.35411,3.42896,0,0.62851,4.89888,4.03744e+06,2.76295e+06,1.3542e+07,0,0,0,0,62.3362,61.308,4.7237,1,1,1.69344,1.99642,0.259397,1.30835,1.69344,8.39061e+06,3.69306e+06,1.4209e+07,0,0,0,0
99.0733,122.105,3.35051,0,1,3.35438,3.42923,0,0.62856,4.89888,4.03744e+06,2.76295e+06,1.35431e+07,0,0,0,0,62.3362,61.308,4.26525,1,1,1.69344,1.99657,0.259552,1.30835,1.69344,8.39061e+06,3.69306e+06,1.4209e+07,0,0,0,0
98.8374,122.105,3.43784,0,1,3.35464,3.4295,0,0.62861,4.89888,4.03744e+06,2.76295e+06,1.35442e+07,0,0,0,0,62.3362,61.308,3.55952,1,1,1.69344,1.99673,0.259707,1.30835,1.69344,8.39061e+06,3.69306e+06,1.4209e+07,0,0,0,0
98.6567,122.105,3.54883,0,1,3.51406,3.59248,0,0.62866,4.89888,4.03744e+06,2.76295e+06,1.41878e+07,0,0,0,0,62.3362,61.308,3.53865,1,1,1.69344,2.10486,0.365469,1.30835,1.69344,8.39061e+06,3.69306e+06,1.4209e+07,0,0,0,0
98.1029,122.105,3.06074,0,1,3.51434,3.59276,0,0.658534,4.89888,4.03744e+06,2.76295e+06,1.41889e+07,0,0,0,0,62.3362,61.308,3.54384,1,1,1.69344,2.10502,0.365633,1.30835,1.69344,8.39061e+06,3.69306e+06,1.4209e+07,0,0,0,0
97.5079,122.105,3.0482,0,1,3.51462,3.59305,0,0.658587,4.89888,4.03744e+06,2.76295e+06,1.419e+07,0,0,0,0,62.3362,61.308,3.59249,1,1,1.69344,2.10519,0.365797,1.30835,1.69344,8.39061e+06,3.69306e+06,1.4209e+07,0,0,0,0
96.763,122.105,2.81815,0,1,3.5149,3.59333,0,0.658639,4.89888,4.03744e+06,2.76295e+06,1.41912e+07,0,0,0,0,62.3362,61.308,3.31678,1,1,1.69344,2.10536,0.365961,1.30835,1.69344,8.39061e+06,3.69306e+06,1.4209e+07,0,0,0,0
95.9372,122.105,2.67636,0,1,3.51518,3.59362,0,0.658692,4.89888,4.03744e+06,2.76295e+06,1.41923e+07,0,0,0,0,62.3362,61.308,3.22101,1,1,1.69344,2.10553,0.366125,1.30835,1.69344,8.39061e+06,3.69306e+06,1.4209e+07,0,0,0,0
95.0518,122.105,2.50634,0,1,3.48397,3.56172,0,0.658744,4.89888,4.03744e+06,2.76295e+06,1.40663e+07,0,0,0,0,62.3362,61.308,2.80856,1,1,1.69344,2.16505,0.424354,1.30835,1.69344,8.39061e+06,3.69306e+06,1.4209e+07,0,0,0,0
94.0063,122.105,2.30878,0,1,3.48425,3.562,0,0.652896,4.89888,4.03744e+06,2.76295e+06,1.40674e+07,0,0,0,0,62.3356,61.308,2.47603,1,1,1.69344,2.16523,0.424523,1.30835,1.69344,8.39061e+06,3.69306e+06,1.4209e+07,0,0,0,0
92.8426,122.105,2.13269,0,1,3.48453,3.56229,0,0.652948,4.89888,4.03744e+06,2.76295e+06,1.40685e+07,0,0,0,0,62.2451,61.308,2.431,1,1,1.69344,2.1654,0.424691,1.30835,1.69344,8.39061e+06,3.69306e+06,1.4209e+07,0,0,0,0
91.601,122.105,2.00515,0,1,3.4848,3.56257,0,0.653,4.89888,4.03744e+06,2.76295e+06,1.40697e+07,0,0,0,0,62.0707,61.308,2.34051,1,1,1.69344,2.16557,0.42486,1.30835,1.69344,8.39061e+06,3.69306e+06,1.4209e+07,0,0,0,0
90.248,122.105,1.86533,0,1,3.56641,3.646,0,0.653052,4.89888,4.03744e+06,2.76295e+06,1.43992e+07,0,0,0,0,61.8392,61.308,2.13992,1,1,1.69344,2.21867,0.476795,1.30835,1.69344,8.39061e+06,3.69306e+06,1.4209e+07,0,0,0,0
88.8474,122.105,1.78006,0,1,3.5667,3.64629,0,0.668346,4.89888,4.03744e+06,2.76295e+06,1.44003e+07,0,0,0,0,61.493,61.308,2.02686,1,1,1.69344,2.21884,0.476967,1.30835,1.69344,8.39061e+06,3.69306e+06,1.4209e+07,0,0,0,0
87.3763,122.105,1.65157,0,1,3.56698,3.64658,0,0.668399,4.89888,4.03744e+06,2.76295e+06,1.44015e+07,0,0,0,0,61.0824,61.308,1.92042,1,1,1.69344,2.21902,0.47714,1.30835,1.69344,8.39061e+06,3.69306e+06,1.4209e+07,0,0,0,0
85.8193,122.105,1.53002,0,1,3.56727,3.64687,0,0.668453,4.89888,4.03744e+06,2.76295e+06,1.44026e+07,0,0,0,0,60.6853,61.308,1.80348,1,1,1.69344,2.21919,0.477313,1.30835,1.69344,8.39061e+06,3.69306e+06,1.4209e+07,0,0,0,0
84.2198,122.105,1.77351,0,1,3.80581,3.89074,0,0.668506,4.89888,4.03744e+06,2.76295e+06,1.53657e+07,0,0,0,0,60.396,61.308,2.29916,1,1,1.69344,2.41045,0.664393,1.30835,1.69344,8.39061e+06,3.69306e+06,1.4209e+07,0,0,0,0
82.2418,122.105,1.31421,0,1,3.80611,3.89105,0,0.713209,4.89888,4.03744e+06,2.76295e+06,1.53669e+07,0,0,0,0,59.9954,61.308,2.07587,1,1,1.69344,2.41064,0.664581,1.30835,1.69344,8.39061e+06,3.69306e+06,1.4209e+07,0,0,0,0
80.2111,122.105,1.25007,0,1,3.80642,3.89136,0,0.713266,4.89888,4.03744e+06,2.76295e+06,1.53682e+07,0,0,0,0,59.5529,61.308,1.93679,1,1,1.69344,2.41083,0.664768,1.30835,1.69344,8.39061e+06,3.69306e+06,1.4209e+07,0,0,0,0
78.5448,122.105,1.64425,0,1,3.80672,3.89167,0,0.713323,4.89888,4.03744e+06,2.76295e+06,1.53694e+07,0,0,0,0,59.1636,61.308,2.18459,1,1,1.69344,2.41103,0.664956,1.30835,1.69344,8.39061e+06,3.69306e+06,1.4209e+07,0,0,0,0
77.4611,122.105,2.31692,0,1,3.80702,3.89198,0,0.713379,4.89888,4.03744e+06,2.76295e+06,1.53706e+07,0,0,0,0,58.9612,61.308,2.56917,1,1,1.69344,2.41122,0.665144,1.30835,1.69344,8.39061e+06,3.69306e+06,1.4209e+07,0,0,0,0
75.6174,122.105,1.3438,0,1,3.69116,3.77353,0,0.713436,4.89888,4.03744e+06,2.76295e+06,1.49028e+07,0,0,0,0,58.4853,61.308,1.87353,1,1,1.69344,2.29539,0.551841,1.30835,1.69344,8.39061e+06,3.69306e+06,1.4209e+07,0,0,0,0
73.8372,122.105,1.40583,0,1,3.69145,3.77383,0,0.691723,4.89888,4.03744e+06,2.76295e+06,1.4904e+07,0,0,0,0,58.0732,61.308,1.91845,1,1,1.69344,2.29557,0.552019,1.30835,1.69344,8.39061e+06,3.69306e+06,1.4209e+07,0,0,0,0
72.508,122.105,1.85796,0,1,3.69175,3.77413,0,0.691778,4.89888,4.03744e+06,2.76295e+06,1.49052e+07,0,0,0,0,57.7245,61.308,2.14718,1,1,1.69344,2.29575,0.552198,1.30835,1.69344,8.39061e+06,3.69306e+06,1.4209e+07,0,0,0,0
71.7809,122.105,2.66256,0,1,3.69204,3.77443,0,0.691834,4.89888,4.03744e+06,2.76295e+06,1.49064e+07,0,0,0,0,57.7119,61.308,3.52606,1,1,1.69344,2.29593,0.552376,1.30835,1.69344,8.39061e+06,3.69306e+06,1.4209e+07,0,0,0,0
70.461,122.105,1.85885,0,1,3.59695,3.67722,0,0.691889,4.89888,4.03744e+06,2.76295e+06,1.45225e+07,0,0,0,0,56.9963,61.308,2.17119,1,1,1.69344,2.19047,0.449217,1.30835,1.69344,8.39061e+06,3.69306e+06,1.4209e+07,0,0,0,0
68.7612,122.105,1.39881,0,1,3.59724,3.67751,0,0.674069,4.89888,4.03744e+06,2.76295e+06,1.45236e+07,0,0,0,0,56.415,61.308,1.1658,1,1,1.69344,2.19065,0.449388,1.30835,1.69344,8.39061e+06,3.69306e+06,1.4209e+07,0,0,0,0
67.2579,122.105,1.70944,0,1,3.59753,3.67781,0,0.674123,4.89888,4.03744e+06,2.76295e+06,1.45248e+07,0,0,0,0,56.1242,61.308,2.59034,1,1,1.69344,2.19082,0.449558,1.30835,1.69344,8.39061e+06,3.69306e+06,1.4209e+07,0,0,0,0
68.0052,122.105,4.35487,0,1,3.59781,3.6781,0,0.674176,4.89888,4.03744e+06,2.76295e+06,1.45259e+07,0,0,0,0,56.6889,61.308,5.18755,1,1,1.69344,2.191,0.449729,1.30835,1.69344,8.39061e+06,3.69306e+06,1.4209e+07,0,0,0,0
67.6834,122.105,2.74382,0,1,3.32712,3.40137,0,0.67423,4.89888,4.03744e+06,2.76295e+06,1.3433e+07,0,0,0,0,56.5886,61.308,2.26975,1,1,1.69344,1.97107,0.234608,1.30835,1.69344,8.39061e+06,3.69306e+06,1.4209e+07,0,0,0,0
67.8651,122.105,3.32132,0,1,3.32738,3.40164,0,0.623502,4.89888,4.03744e+06,2.76295e+06,1.34341e+07,0,0,0,0,56.4424,61.308,2.90594,1,1,1.69344,1.97123,0.234761,1.30835,1.69344,8.39061e+06,3.69306e+06,1.4209e+07,0,0,0,0
67.8339,122.105,3.04059,0,1,3.32765,3.40191,0,0.623552,4.89888,4.03744e+06,2.76295e+06,1.34352e+07,0,0,0,0,56.2605,61.308,2.73644,1,1,1.69344,1.97139,0.234915,1.30835,1.69344,8.39061e+06,3.69306e+06,1.4209e+07,0,0,0,0
68.4942,122.105,3.75024,0,1,3.32791,3.40218,0,0.623602,4.89888,4.03744e+06,2.76295e+06,1.34362e+07,0,0,0,0,56.0515,61.308,2.75948,1,1,1.69344,1.97154,0.235068,1.30835,1.69344,8.39061e+06,3.69306e+06,1.4209e+07,0,0,0,0
69.4921,122.105,4.1135,0,1,3.32818,3.40245,0,0.623651,4.89888,4.03744e+06,2.76295e+06,1.34373e+07,0,0,0,0,55.8162,61.308,3.04599,1,1,1.69344,1.9717,0.235221,1.30835,1.69344,8.39061e+06,3.69306e+06,1.4209e+07,0,0,0,0
70.3833,122.105,4.37263,0,1,3.4327,3.5093,0,0.623701,4.89888,4.03744e+06,2.76295e+06,1.38593e+07,0,0,0,0,55.6713,61.308,3.16329,1,1,1.69344,2.03561,0.297732,1.30835,1.69344,8.39061e+06,3.69306e+06,1.4209e+07,0,0,0,0
72.0364,122.105,5.08572,0,1,3.43294,3.50955,0,0.643288,4.89888,4.03744e+06,2.76295e+06,1.38603e+07,0,0,0,0,55.7657,61.308,3.50234,1,1,1.69344,2.03575,0.297872,1.30835,1.69344,8.39061e+06,3.69306e+06,1.4209e+07,0,0,0,0
73.8443,122.105,5.38477,0,1,3.43318,3.5098,0,0.643333,4.89888,4.03744e+06,2.76295e+06,1.38613e+07,0,0,0,0,55.7439,61.308,2.90304,1,1,1.69344,2.03589,0.298013,1.30835,1.69344,8.39061e+06,3.69306e+06,1.4209e+07,0,0,0,0
74.8961,122.105,4.33344,0,1,3.43343,3.51005,0,0.643379,4.89888,4.03744e+06,2.76295e+06,1.38622e+07,0,0,0,0,55.614,61.308,2.50112,1,1,1.69344,2.03604,0.298154,1.30835,1.69344,8.39061e+06,3.69306e+06,1.4209e+07,0,0,0,0
75.7914,122.105,4.55904,0,1,3.76858,3.85268,0,0.643424,4.89888,4.03744e+06,2.76295e+06,1.52154e+07,0,0,0,0,55.48,61.308,2.52882,1,1,1.69344,2.27559,0.53248,1.30835,1.69344,8.39061e+06,3.69306e+06,1.4209e+07,0,0,0,0
76.7045,122.105,4.65225,0,1,3.76885,3.85295,0,0.706232,4.89888,4.03744e+06,2.76295e+06,1.52165e+07,0,0,0,0,55.4193,61.308,2.82137,1,1,1.69344,2.27575,0.532637,1.30835,1.69344,8.39061e+06,3.69306e+06,1.4209e+07,0,0,0,0
78.2122,122.105,5.44403,0,1,3.76911,3.85322,0,0.706282,4.89888,4.03744e+06,2.76295e+06,1.52176e+07,0,0,0,0,55.4419,61.308,3.18953,1,1,1.69344,2.27591,0.532795,1.30835,1.69344,8.39061e+06,3.69306e+06,1.4209e+07,0,0,0,0
80.4351,122.105,6.38378,0,1,3.76938,3.8535,0,0.706332,4.89888,4.03744e+06,2.76295e+06,1.52186e+07,0,0,0,0,55.6015,61.308,3.32059,1,1,1.69344,2.27608,0.532952,1.30835,1.69344,8.39061e+06,3.69306e+06,1.4209e+07,0,0,0,0
82.9673,122.105,6.274,0,1,3.29182,3.36528,0,0.706382,4.89888,4.03744e+06,2.76295e+06,1.32905e+07,0,0,0,0,55.7805,61.308,3.59911,1,1,1.69344,1.95485,0.21874,1.30835,1.69344,8.39061e+06,3.69306e+06,1.4209e+07,0,0,0,0
88.5488,122.105,9.7853,0,1,3.29205,3.36552,0,0.616887,4.89888,4.03744e+06,2.76295e+06,1.32914e+07,0,0,0,0,57.0887,61.308,6.35676,1,1,1.69344,1.95499,0.218875,1.30835,1.69344,8.39061e+06,3.69306e+06,1.4209e+07,0,0,0,0
90.1575,122.105,5.45621,0,1,3.29228,3.36575,0,0.616931,4.89888,4.03744e+06,2.76295e+06,1.32924e+07,0,0,0,0,57.1411,61.308,2.75155,1,1,1.69344,1.95513,0.219011,1.30835,1.69344,8.39061e+06,3.69306e+06,1.4209e+07,0,0,0,0
91.0493,122.105,4.42677,0,1,3.29252,3.36599,0,0.616974,4.89888,4.03744e+06,2.76295e+06,1.32933e+07,0,0,0,0,57.0119,61.308,2.28161,1,1,1.69344,1.95527,0.219146,1.30835,1.69344,8.39061e+06,3.69306e+06,1.4209e+07,0,0,0,0
92.6976,122.105,5.48669,0,1,3.29275,3.36623,0,0.617018,4.89888,4.03744e+06,2.76295e+06,1.32943e+07,0,0,0,0,58.0461,61.308,4.55446,1,1,1.69344,1.9554,0.219281,1.30835,1.69344,8.39061e+06,3.69306e+06,1.4209e+07,0,0,0,0
95.2949,122.105,6.62766,0,1,3.4133,3.48947,0,0.617061,4.89888,4.03744e+06,2.76295e+06,1.3781e+07,0,0,0,0,60.2894,61.308,7.17843,1,1,1.69344,2.03419,0.296349,1.30835,1.69344,8.39061e+06,3.69306e+06,1.4209e+07,0,0,0,0
96.1349,122.105,4.66481,0,1,3.41354,3.48972,0,0.639653,4.89888,4.03744e+06,2.76295e+06,1.3782e+07,0,0,0,0,62.218,61.308,6.9743,1,1,1.69344,2.03434,0.29649,1.30835,1.69344,8.39061e+06,3.69306e+06,1.4209e+07,0,0,0,0
96.7125,122.105,4.27282,0,1,3.41378,3.48996,0,0.639698,4.89888,4.03744e+06,2.76295e+06,1.37829e+07,0,0,0,0,62.3362,61.308,7.20201,1,1,1.69344,2.03448,0.296631,1.30835,1.69344,8.39061e+06,3.69306e+06,1.4209e+07,0,0,0,0
97.0393,122.105,4.27089,0,1,3.41402,3.49021,0,0.639743,4.89888,4.03744e+06,2.76295e+06,1.37839e+07,0,0,0,0,62.3362,61.308,9.03905,1,1,1.69344,2.03462,0.296771,1.30835,1.69344,8.39061e+06,3.69306e+06,1.4209e+07,0,0,0,0
96.8952,122.105,3.35717,0,1,3.36721,3.44235,0,0.639788,4.89888,4.03744e+06,2.76295e+06,1.35949e+07,0,0,0,0,62.3362,61.308,6.42189,1,1,1.69344,2.00421,0.267023,1.30835,1.69344,8.39061e+06,3.69306e+06,1.4209e+07,0,0,0,0
96.5661,122.105,3.0582,0,1,3.36745,3.44259,0,0.631015,4.89888,4.03744e+06,2.76295e+06,1.35958e+07,0,0,0,0,62.3362,61.308,5.39628,1,1,1.69344,2.00435,0.267161,1.30835,1.69344,8.39061e+06,3.69306e+06,1.4209e+07,0,0,0,0
96.1498,122.105,2.99632,0,1,3.36768,3.44284,0,0.631059,4.89888,4.03744e+06,2.76295e+06,1.35968e+07,0,0,0,0,62.3362,61.308,5.52429,1,1,1.69344,2.0045,0.2673,1.30835,1.69344,8.39061e+06,3.69306e+06,1.4209e+07,0,0,0,0
95.7679,122.105,2.97747,0,1,3.36792,3.44308,0,0.631104,4.89888,4.03744e+06,2.76295e+06,1.35978e+07,0,0,0,0,62.3362,61.308,5.23857,1,1,1.69344,2.00464,0.267438,1.30835,1.69344,8.39061e+06,3.69306e+06,1.4209e+07,0,0,0,0
94.9536,122.105,2.55628,0,1,3.52793,3.60666,0,0.631148,4.89888,4.03744e+06,2.76295e+06,1.42438e+07,0,0,0,0,62.3362,61.308,4.46527,1,1,1.69344,2.11317,0.3736,1.30835,1.69344,8.39061e+06,3.69306e+06,1.4209e+07,0,0,0,0
93.7901,122.105,2.09719,0,1,3.52818,3.60692,0,0.661135,4.89888,4.03744e+06,2.76295e+06,1.42448e+07,0,0,0,0,62.3362,61.308,3.58513,1,1,1.69344,2.11332,0.373746,1.30835,1.69344,8.39061e+06,3.69306e+06,1.4209e+07,0,0,0,0
92.5879,122.105,2.04726,0,1,3.52843,3.60717,0,0.661182,4.89888,4.03744e+06,2.76295e+06,1.42458e+07,0,0,0,0,62.3362,61.308,3.53381,1,1,1.69344,2.11347,0.373892,1.30835,1.69344,8.39061e+06,3.69306e+06,1.4209e+07,0,0,0,0
91.2958,122.105,1.90931,0,1,3.52868,3.60743,0,0.661228,4.89888,4.03744e+06,2.76295e+06,1.42468e+07,0,0,0,0,62.3362,61.308,3.22628,1,1,1.69344,2.11362,0.374038,1.30835,1.69344,8.39061e+06,3.69306e+06,1.4209e+07,0,0,0,0
89.9705,122.105,1.80662,0,1,3.52893,3.60768,0,0.661275,4.89888,4.03744e+06,2.76295e+06,1.42478e+07,0,0,0,0,62.288,61.308,3.27104,1,1,1.69344,2.11376,0.374184,1.30835,1.69344,8.39061e+06,3.69306e+06,1.4209e+07,0,0,0,0
89.7118,122.105,2.89197,0,1,3.49757,3.57562,0,0.661322,4.89888,4.03744e+06,2.76295e+06,1.41212e+07,0,0,0,0,62.1493,61.308,2.24162,1,1,1.69344,2.17351,0.432622,1.30835,1.69344,8.39061e+06,3.69306e+06,1.4209e+07,0,0,0,0
89.2972,122.105,2.73958,0,1,3.49782,3.57588,0,0.655445,4.89888,4.03744e+06,2.76295e+06,1.41222e+07,0,0,0,0,61.9723,61.308,2.11498,1,1,1.69344,2.17366,0.432772,1.30835,1.69344,8.39061e+06,3.69306e+06,1.4209e+07,0,0,0,0
88.676,122.105,2.51319,0,1,3.49807,3.57613,0,0.655491,4.89888,4.03744e+06,2.76295e+06,1.41232e+07,0,0,0,0,61.6891,61.308,2.07871,1,1,1.69344,2.17381,0.432922,1.30835,1.69344,8.39061e+06,3.69306e+06,1.4209e+07,0,0,0,0
87.8669,122.105,2.29466,0,1,3.49831,3.57638,0,0.655538,4.89888,4.03744e+06,2.76295e+06,1.41242e+07,0,0,0,0,61.3551,61.308,1.88119,1,1,1.69344,2.17397,0.433072,1.30835,1.69344,8.39061e+06,3.69306e+06,1.4209e+07,0,0,0,0
87.0587,122.105,2.29642,0,1,3.58021,3.6601,0,0.655584,4.89888,4.03744e+06,2.76295e+06,1.44549e+07,0,0,0,0,60.8758,61.308,1.80049,1,1,1.69344,2.22725,0.485189,1.30835,1.69344,8.39061e+06,3.69306e+06,1.4209e+07,0,0,0,0
86.3148,122.105,2.33282,0,1,3.58046,3.66036,0,0.670931,4.89888,4.03744e+06,2.76295e+06,1.44559e+07,0,0,0,0,60.2988,61.308,1.75754,1,1,1.69344,2.2274,0.485343,1.30835,1.69344,8.39061e+06,3.69306e+06,1.4209e+07,0,0,0,0
85.3518,122.105,2.09598,0,1,3.58071,3.66062,0,0.670979,4.89888,4.03744e+06,2.76295e+06,1.44569e+07,0,0,0,0,59.633,61.308,1.66194,1,1,1.69344,2.22756,0.485496,1.30835,1.69344,8.39061e+06,3.69306e+06,1.4209e+07,0,0,0,0
84.2525,122.105,1.92708,0,1,3.58097,3.66088,0,0.671026,4.89888,4.03744e+06,2.76295e+06,1.44579e+07,0,0,0,0,58.8917,61.308,1.55485,1,1,1.69344,2.22772,0.48565,1.30835,1.69344,8.39061e+06,3.69306e+06,1.4209e+07,0,0,0,0
82.7487,122.105,1.7456,0,1,3.82039,3.90565,0,0.671073,4.89888,4.03744e+06,2.76295e+06,1.54246e+07,0,0,0,0,57.8904,61.308,1.47568,1,1,1.69344,2.41969,0.673428,1.30835,1.69344,8.39061e+06,3.69306e+06,1.4209e+07,0,0,0,0
81.3654,122.105,1.8518,0,1,3.82066,3.90593,0,0.715942,4.89888,4.03744e+06,2.76295e+06,1.54257e+07,0,0,0,0,56.9525,61.308,1.11037,1,1,1.69344,2.41986,0.673595,1.30835,1.69344,8.39061e+06,3.69306e+06,1.4209e+07,0,0,0,0
80.1377,122.105,2.04418,0,1,3.82093,3.9062,0,0.715993,4.89888,4.03744e+06,2.76295e+06,1.54268e+07,0,0,0,0,55.8407,61.308,1.37678,1,1,1.69344,2.42003,0.673762,1.30835,1.69344,8.39061e+06,3.69306e+06,1.4209e+07,0,0,0,0
78.5676,122.105,1.6577,0,1,3.8212,3.90648,0,0.716043,4.89888,4.03744e+06,2.76295e+06,1.54279e+07,0,0,0,0,55.1822,61.308,0.96883,1,1,1.69344,2.4202,0.673929,1.30835,1.69344,8.39061e+06,3.69306e+06,1.4209e+07,0,0,0,0
77.3424,122.105,2.08601,0,1,3.82147,3.90675,0,0.716094,4.89888,4.03744e+06,2.76295e+06,1.5429e+07,0,0,0,0,54.3816,61.308,1.77363,1,1,1.69344,2.42037,0.674096,1.30835,1.69344,8.39061e+06,3.69306e+06,1.4209e+07,0,0,0,0
75.676,122.105,1.4905,0,1,3.70514,3.78782,0,0.716144,4.89888,4.03744e+06,2.76295e+06,1.49593e+07,0,0,0,0,53.8272,61.308,1.25157,1,1,1.69344,2.30408,0.560343,1.30835,1.69344,8.39061e+06,3.69306e+06,1.4209e+07,0,0,0,0
75.0761,122.105,2.64707,0,1,3.7054,3.78809,0,0.694343,4.89888,4.03744e+06,2.76295e+06,1.49603e+07,0,0,0,0,53.2732,61.308,2.29122,1,1,1.69344,2.30424,0.560502,1.30835,1.69344,8.39061e+06,3.69306e+06,1.4209e+07,0,0,0,0
73.2986,122.105,1.35987,0,1,3.70566,3.78836,0,0.694392,4.89888,4.03744e+06,2.76295e+06,1.49614e+07,0,0,0,0,52.3178,61.308,1.38975,1,1,1.69344,2.3044,0.560661,1.30835,1.69344,8.39061e+06,3.69306e+06,1.4209e+07,0,0,0,0
71.5561,122.105,1.33784,0,1,3.70592,3.78862,0,0.694441,4.89888,4.03744e+06,2.76295e+06,1.49624e+07,0,0,0,0,51.7882,61.308,1.27959,1,1,1.69344,2.30457,0.56082,1.30835,1.69344,8.39061e+06,3.69306e+06,1.4209e+07,0,0,0,0
70.3633,122.105,1.99406,0,1,3.61044,3.69101,0,0.69449,4.89888,4.03744e+06,2.76295e+06,1.45769e+07,0,0,0,0,50.9097,61.308,1.65939,1,1,1.69344,2.19869,0.457254,1.30835,1.69344,8.39061e+06,3.69306e+06,1.4209e+07,0,0,0,0
68.6343,122.105,1.40742,0,1,3.6107,3.69127,0,0.676597,4.89888,4.03744e+06,2.76295e+06,1.4578e+07,0,0,0,0,50.1828,61.308,1.20857,1,1,1.69344,2.19884,0.457405,1.30835,1.69344,8.39061e+06,3.69306e+06,1.4209e+07,0,0,0,0
67.5683,122.105,2.14277,0,1,3.61095,3.69154,0,0.676645,4.89888,4.03744e+06,2.76295e+06,1.4579e+07,0,0,0,0,49.7037,61.308,1.47182,1,1,1.69344,2.199,0.457557,1.30835,1.69344,8.39061e+06,3.69306e+06,1.4209e+07,0,0,0,0
69.1167,122.105,5.00804,0,1,3.61121,3.6918,0,0.676693,4.89888,4.03744e+06,2.76295e+06,1.458e+07,0,0,0,0,49.8293,61.308,3.77284,1,1,1.69344,2.19915,0.457709,1.30835,1.69344,8.39061e+06,3.69306e+06,1.4209e+07,0,0,0,0
70.2053,122.105,4.09136,0,1,3.33948,3.414,0,0.67674,4.89888,4.03744e+06,2.76295e+06,1.34829e+07,0,0,0,0,49.6776,61.308,2.60691,1,1,1.69344,1.9784,0.24177,1.30835,1.69344,8.39061e+06,3.69306e+06,1.4209e+07,0,0,0,0
73.4533,122.105,6.53639,0,1,3.33971,3.41424,0,0.625818,4.89888,4.03744e+06,2.76295e+06,1.34839e+07,0,0,0,0,49.7433,61.308,3.76463,1,1,1.69344,1.97854,0.241906,1.30835,1.69344,8.39061e+06,3.69306e+06,1.4209e+07,0,0,0,0
74.2351,122.105,3.89438,0,1,3.33995,3.41448,0,0.625862,4.89888,4.03744e+06,2.76295e+06,1.34848e+07,0,0,0,0,49.2945,61.308,2.22695,1,1,1.69344,1.97867,0.242043,1.30835,1.69344,8.39061e+06,3.69306e+06,1.4209e+07,0,0,0,0
74.7429,122.105,3.65807,0,1,3.34019,3.41473,0,0.625907,4.89888,4.03744e+06,2.76295e+06,1.34858e+07,0,0,0,0,48.8083,61.308,1.69308,1,1,1.69344,1.97881,0.242179,1.30835,1.69344,8.39061e+06,3.69306e+06,1.4209e+07,0,0,0,0
76.4067,122.105,4.92007,0,1,3.34042,3.41497,0,0.625951,4.89888,4.03744e+06,2.76295e+06,1.34867e+07,0,0,0,0,48.5655,61.308,2.6974,1,1,1.69344,1.97895,0.242316,1.30835,1.69344,8.39061e+06,3.69306e+06,1.4209e+07,0,0,0,0
77.0371,122.105,3.89331,0,1,3.34042,3.41497,0,0.625995,4.89888,4.03744e+06,2.76295e+06,1.34867e+07,0,0,0,0,48.315,61.308,2.05747,1,1,1.69344,1.97895,0.242316,1.30835,1.69344,8.39061e+06,3.69306e+06,1.4209e+07,0,0,0,0
79.3501,122.105,5.76516,0,1,3.4453,3.52218,0,0.625995,4.89888,4.03744e+06,2.76295e+06,1.39102e+07,0,0,0,0,48.3399,61.308,2.64725,1,1,1.69344,2.04308,0.305038,1.30835,1.69344,8.39061e+06,3.69306e+06,1.4209e+07,0,0,0,0
81.0669,122.105,5.21945,0,1,3.44551,3.5224,0,0.645648,4.89888,4.03744e+06,2.76295e+06,1.3911e+07,0,0,0,0,48.0196,61.308,2.21806,1,1,1.69344,2.0432,0.305162,1.30835,1.69344,8.39061e+06,3.69306e+06,1.4209e+07,0,0,0,0
82.2381,122.105,4.44697,0,1,3.44572,3.52261,0,0.645688,4.89888,4.03744e+06,2.76295e+06,1.39119e+07,0,0,0,0,47.5027,61.308,1.93303,1,1,1.69344,2.04333,0.305285,1.30835,1.69344,8.39061e+06,3.69306e+06,1.4209e+07,0,0,0,0
82.721,122.105,3.6856,0,1,3.44593,3.52283,0,0.645728,4.89888,4.03744e+06,2.76295e+06,1.39127e+07,0,0,0,0,46.7403,61.308,1.81156,1,1,1.69344,2.04345,0.305408,1.30835,1.69344,8.39061e+06,3.69306e+06,1.4209e+07,0,0,0,0
82.3866,122.105,3.18302,0,1,3.78228,3.86668,0,0.645768,4.89888,4.03744e+06,2.76295e+06,1.52707e+07,0,0,0,0,46.3044,61.308,1.48676,1,1,1.69344,2.28386,0.540569,1.30835,1.69344,8.39061e+06,3.69306e+06,1.4209e+07,0,0,0,0
82.4424,122.105,3.70575,0,1,3.78251,3.86692,0,0.708798,4.89888,4.03744e+06,2.76295e+06,1.52716e+07,0,0,0,0,45.8039,61.308,2.11954,1,1,1.69344,2.284,0.540706,1.30835,1.69344,8.39061e+06,3.69306e+06,1.4209e+07,0,0,0,0
83.3378,122.105,4.55923,0,1,3.78274,3.86716,0,0.708842,4.89888,4.03744e+06,2.76295e+06,1.52726e+07,0,0,0,0,45.1022,61.308,2.01753,1,1,1.69344,2.28414,0.540845,1.30835,1.69344,8.39061e+06,3.69306e+06,1.4209e+07,0,0,0,0
83.5444,122.105,3.84114,0,1,3.78298,3.8674,0,0.708886,4.89888,4.03744e+06,2.76295e+06,1.52735e+07,0,0,0,0,44.448,61.308,1.75139,1,1,1.69344,2.28429,0.540982,1.30835,1.69344,8.39061e+06,3.69306e+06,1.4209e+07,0,0,0,0
83.9135,122.105,3.74772,0,1,3.30366,3.37739,0,0.70893,4.89888,4.03744e+06,2.76295e+06,1.33383e+07,0,0,0,0,43.67,61.308,1.78281,1,1,1.69344,1.96189,0.225621,1.30835,1.69344,8.39061e+06,3.69306e+06,1.4209e+07,0,0,0,0
84.7321,122.105,4.10535,0,1,3.30387,3.3776,0,0.619107,4.89888,4.03744e+06,2.76295e+06,1.33392e+07,0,0,0,0,43.0115,61.308,1.76968,1,1,1.69344,1.96201,0.225739,1.30835,1.69344,8.39061e+06,3.69306e+06,1.4209e+07,0,0,0,0
85.1099,122.105,3.71472,0,1,3.30407,3.3778,0,0.619145,4.89888,4.03744e+06,2.76295e+06,1.334e+07,0,0,0,0,42.3617,61.308,1.7281,1,1,1.69344,1.96213,0.225857,1.30835,1.69344,8.39061e+06,3.69306e+06,1.4209e+07,0,0,0,0
84.7395,122.105,2.9028,0,1,3.30428,3.37801,0,0.619183,4.89888,4.03744e+06,2.76295e+06,1.33408e+07,0,0,0,0,42.2062,61.308,1.76435,1,1,1.69344,1.96225,0.225976,1.30835,1.69344,8.39061e+06,3.69306e+06,1.4209e+07,0,0,0,0
86.7196,122.105,5.59836,0,1,3.30448,3.37822,0,0.619221,4.89888,4.03744e+06,2.76295e+06,1.33416e+07,0,0,0,0,42.361,61.308,3.10055,1,1,1.69344,1.96237,0.226094,1.30835,1.69344,8.39061e+06,3.69306e+06,1.4209e+07,0,0,0,0
87.7967,122.105,4.72428,0,1,3.42543,3.50187,0,0.619259,4.89888,4.03744e+06,2.76295e+06,1.383e+07,0,0,0,0,42.021,61.308,2.25392,1,1,1.69344,2.04142,0.30342,1.30835,1.69344,8.39061e+06,3.69306e+06,1.4209e+07,0,0,0,0
87.8968,122.105,3.5489,0,1,3.42564,3.50209,0,0.641925,4.89888,4.03744e+06,2.76295e+06,1.38308e+07,0,0,0,0,41.3423,61.308,1.87315,1,1,1.69344,2.04155,0.303543,1.30835,1.69344,8.39061e+06,3.69306e+06,1.4209e+07,0,0,0,0
87.6103,122.105,2.99499,0,1,3.42585,3.5023,0,0.641965,4.89888,4.03744e+06,2.76295e+06,1.38317e+07,0,0,0,0,40.5317,61.308,1.57436,1,1,1.69344,2.04167,0.303666,1.30835,1.69344,8.39061e+06,3.69306e+06,1.4209e+07,0,0,0,0
87.1216,122.105,2.77635,0,1,3.42606,3.50252,0,0.642005,4.89888,4.03744e+06,2.76295e+06,1.38325e+07,0,0,0,0,39.8939,61.308,1.6597,1,1,1.69344,2.0418,0.303789,1.30835,1.69344,8.39061e+06,3.69306e+06,1.4209e+07,0,0,0,0
86.6252,122.105,2.75553,0,1,3.37905,3.45446,0,0.642044,4.89888,4.03744e+06,2.76295e+06,1.36427e+07,0,0,0,0,39.2613,61.308,1.83383,1,1,1.69344,2.01126,0.273919,1.30835,1.69344,8.39061e+06,3.69306e+06,1.4209e+07,0,0,0,0
86.0177,122.105,2.53153,0,1,3.37926,3.45467,0,0.633234,4.89888,4.03744e+06,2.76295e+06,1.36436e+07,0,0,0,0,38.7267,61.308,1.64109,1,1,1.69344,2.01139,0.27404,1.30835,1.69344,8.39061e+06,3.69306e+06,1.4209e+07,0,0,0,0
85.3638,122.105,2.51861,0,1,3.37947,3.45489,0,0.633274,4.89888,4.03744e+06,2.76295e+06,1.36444e+07,0,0,0,0,38.1095,61.308,1.8171,1,1,1.69344,2.01151,0.274162,1.30835,1.69344,8.39061e+06,3.69306e+06,1.4209e+07,0,0,0,0
84.6006,122.105,2.33021,0,1,3.37968,3.4551,0,0.633313,4.89888,4.03744e+06,2.76295e+06,1.36452e+07,0,0,0,0,37.3851,61.308,1.64669,1,1,1.69344,2.01163,0.274283,1.30835,1.69344,8.39061e+06,3.69306e+06,1.4209e+07,0,0,0,0
83.5813,122.105,2.08942,0,1,3.54022,3.61922,0,0.633352,4.89888,4.03744e+06,2.76295e+06,1.42934e+07,0,0,0,0,36.524,61.308,1.4313,1,1,1.69344,2.12053,0.380797,1.30835,1.69344,8.39061e+06,3.69306e+06,1.4209e+07,0,0,0,0
82.5348,122.105,2.07001,0,1,3.54044,3.61944,0,0.663437,4.89888,4.03744e+06,2.76295e+06,1.42943e+07,0,0,0,0,35.7452,61.308,1.45715,1,1,1.69344,2.12066,0.380925,1.30835,1.69344,8.39061e+06,3.69306e+06,1.4209e+07,0,0,0,0
81.3763,122.105,1.91928,0,1,3.54066,3.61967,0,0.663478,4.89888,4.03744e+06,2.76295e+06,1.42952e+07,0,0,0,0,34.9258,61.308,1.34438,1,1,1.69344,2.12079,0.381053,1.30835,1.69344,8.39061e+06,3.69306e+06,1.4209e+07,0,0,0,0
80.1539,122.105,1.81655,0,1,3.54087,3.61989,0,0.663519,4.89888,4.03744e+06,2.76295e+06,1.42961e+07,0,0,0,0,34.4809,61.308,1.32679,1,1,1.69344,2.12092,0.381181,1.30835,1.69344,8.39061e+06,3.69306e+06,1.4209e+07,0,0,0,0
79.5368,122.105,2.5542,0,1,3.54109,3.62011,0,0.66356,4.89888,4.03744e+06,2.76295e+06,1.42969e+07,0,0,0,0,34.2244,61.308,1.84302,1,1,1.69344,2.12105,0.381309,1.30835,1.69344,8.39061e+06,3.69306e+06,1.4209e+07,0,0,0,0
78.9013,122.105,2.51553,0,1,3.50959,3.58791,0,0.663601,4.89888,4.03744e+06,2.76295e+06,1.41698e+07,0,0,0,0,33.8655,61.308,1.96663,1,1,1.69344,2.18098,0.43993,1.30835,1.69344,8.39061e+06,3.69306e+06,1.4209e+07,0,0,0,0
78.0894,122.105,2.31518,0,1,3.50981,3.58813,0,0.657698,4.89888,4.03744e+06,2.76295e+06,1.41706e+07,0,0,0,0,33.4696,61.308,1.72828,1,1,1.69344,2.18111,0.440061,1.30835,1.69344,8.39061e+06,3.69306e+06,1.4209e+07,0,0,0,0
77.1392,122.105,2.13742,0,1,3.51003,3.58836,0,0.657738,4.89888,4.03744e+06,2.76295e+06,1.41715e+07,0,0,0,0,32.987,61.308,1.70013,1,1,1.69344,2.18125,0.440193,1.30835,1.69344,8.39061e+06,3.69306e+06,1.4209e+07,0,0,0,0
76.2941,122.105,2.21762,0,1,3.51024,3.58858,0,0.657779,4.89888,4.03744e+06,2.76295e+06,1.41724e+07,0,0,0,0,32.5209,61.308,1.64267,1,1,1.69344,2.18138,0.440325,1.30835,1.69344,8.39061e+06,3.69306e+06,1.4209e+07,0,0,0,0
75.4902,122.105,2.34091,0,1,3.59239,3.67255,0,0.65782,4.89888,4.03744e+06,2.76295e+06,1.4504e+07,0,0,0,0,32.0215,61.308,1.72133,1,1,1.69344,2.23482,0.492599,1.30835,1.69344,8.39061e+06,3.69306e+06,1.4209e+07,0,0,0,0
74.4918,122.105,2.1475,0,1,3.59261,3.67278,0,0.673213,4.89888,4.03744e+06,2.76295e+06,1.45049e+07,0,0,0,0,31.4142,61.308,1.65148,1,1,1.69344,2.23496,0.492734,1.30835,1.69344,8.39061e+06,3.69306e+06,1.4209e+07,0,0,0,0
73.337,122.105,1.96302,0,1,3.59283,3.67301,0,0.673255,4.89888,4.03744e+06,2.76295e+06,1.45058e+07,0,0,0,0,30.7777,61.308,1.52042,1,1,1.69344,2.2351,0.492869,1.30835,1.69344,8.39061e+06,3.69306e+06,1.4209e+07,0,0,0,0
71.9783,122.105,1.7496,0,1,3.59305,3.67323,0,0.673296,4.89888,4.03744e+06,2.76295e+06,1.45067e+07,0,0,0,0,29.9162,61.308,1.50677,1,1,1.69344,2.23524,0.493004,1.30835,1.69344,8.39061e+06,3.69306e+06,1.4209e+07,0,0,0,0
70.3442,122.105,1.68079,0,1,3.83325,3.9188,0,0.673338,4.89888,4.03744e+06,2.76295e+06,1.54765e+07,0,0,0,0,29.1564,61.308,1.17781,1,1,1.69344,2.42783,0.681394,1.30835,1.69344,8.39061e+06,3.69306e+06,1.4209e+07,0,0,0,0
68.8587,122.105,1.83759,0,1,3.83349,3.91904,0,0.718352,4.89888,4.03744e+06,2.76295e+06,1.54775e+07,0,0,0,0,28.2303,61.308,1.44002,1,1,1.69344,2.42798,0.681541,1.30835,1.69344,8.39061e+06,3.69306e+06,1.4209e+07,0,0,0,0
67.0655,122.105,1.47899,0,1,3.83373,3.91928,0,0.718396,4.89888,4.03744e+06,2.76295e+06,1.54784e+07,0,0,0,0,27.6564,61.308,1.08134,1,1,1.69344,2.42813,0.681687,1.30835,1.69344,8.39061e+06,3.69306e+06,1.4209e+07,0,0,0,0
65.5278,122.105,1.82562,0,1,3.83396,3.91952,0,0.71844,4.89888,4.03744e+06,2.76295e+06,1.54794e+07,0,0,0,0,27.2663,61.308,1.7778,1,1,1.69344,2.42828,0.681834,1.30835,1.69344,8.39061e+06,3.69306e+06,1.4209e+07,0,0,0,0
65.3224,122.105,3.6123,0,1,3.8342,3.91976,0,0.718485,4.89888,4.03744e+06,2.76295e+06,1.54803e+07,0,0,0,0,27.3177,61.308,3.28143,1,1,1.69344,2.42843,0.68198,1.30835,1.69344,8.39061e+06,3.69306e+06,1.4209e+07,0,0,0,0
64.6221,122.105,2.98123,0,1,3.71744,3.8004,0,0.718529,4.89888,4.03744e+06,2.76295e+06,1.50089e+07,0,0,0,0,27.2428,61.308,3.20439,1,1,1.69344,2.31173,0.567828,1.30835,1.69344,8.39061e+06,3.69306e+06,1.4209e+07,0,0,0,0
63.2037,122.105,1.98428,0,1,3.71767,3.80064,0,0.696649,4.89888,4.03744e+06,2.76295e+06,1.50099e+07,0,0,0,0,26.9771,61.308,2.11561,1,1,1.69344,2.31187,0.567967,1.30835,1.69344,8.39061e+06,3.69306e+06,1.4209e+07,0,0,0,0
63.1404,122.105,3.62343,0,1,3.7179,3.80087,0,0.696692,4.89888,4.03744e+06,2.76295e+06,1.50108e+07,0,0,0,0,27.0082,61.308,3.16386,1,1,1.69344,2.31202,0.568107,1.30835,1.69344,8.39061e+06,3.69306e+06,1.4209e+07,0,0,0,0
65.2588,122.105,6.54184,0,1,3.71813,3.8011,0,0.696735,4.89888,4.03744e+06,2.76295e+06,1.50117e+07,0,0,0,0,27.5764,61.308,5.17728,1,1,1.69344,2.31216,0.568246,1.30835,1.69344,8.39061e+06,3.69306e+06,1.4209e+07,0,0,0,0
65.4498,122.105,4.353,0,1,3.62231,3.70314,0,0.696778,4.89888,4.03744e+06,2.76295e+06,1.46248e+07,0,0,0,0,28.4195,61.308,5.51687,1,1,1.69344,2.20591,0.464319,1.30835,1.69344,8.39061e+06,3.69306e+06,1.4209e+07,0,0,0,0
65.1106,122.105,3.16974,0,1,3.62253,3.70337,0,0.67882,4.89888,4.03744e+06,2.76295e+06,1.46257e+07,0,0,0,0,28.36,61.308,2.47745,1,1,1.69344,2.20605,0.464453,1.30835,1.69344,8.39061e+06,3.69306e+06,1.4209e+07,0,0,0,0
66.0039,122.105,5.07129,0,1,3.62275,3.7036,0,0.678862,4.89888,4.03744e+06,2.76295e+06,1.46266e+07,0,0,0,0,29.0377,61.308,4.37839,1,1,1.69344,2.20618,0.464586,1.30835,1.69344,8.39061e+06,3.69306e+06,1.4209e+07,0,0,0,0
67.1188,122.105,5.33331,0,1,3.62298,3.70383,0,0.678904,4.89888,4.03744e+06,2.76295e+06,1.46275e+07,0,0,0,0,29.641,61.308,5.14776,1,1,1.69344,2.20632,0.464719,1.30835,1.69344,8.39061e+06,3.69306e+06,1.4209e+07,0,0,0,0
71.192,122.105,8.13027,0,1,3.35033,3.4251,0,0.678946,4.89888,4.03744e+06,2.76295e+06,1.35267e+07,0,0,0,0,30.4058,61.308,4.23421,1,1,1.69344,1.98483,0.248059,1.30835,1.69344,8.39061e+06,3.69306e+06,1.4209e+07,0,0,0,0
74.5473,122.105,7.69033,0,1,3.35054,3.42531,0,0.627852,4.89888,4.03744e+06,2.76295e+06,1.35276e+07,0,0,0,0,31.2439,61.308,6.09938,1,1,1.69344,1.98495,0.248179,1.30835,1.69344,8.39061e+06,3.69306e+06,1.4209e+07,0,0,0,0
77.9857,122.105,7.97671,0,1,3.35075,3.42552,0,0.627891,4.89888,4.03744e+06,2.76295e+06,1.35284e+07,0,0,0,0,32.1187,61.308,6.6394,1,1,1.69344,1.98507,0.248298,1.30835,1.69344,8.39061e+06,3.69306e+06,1.4209e+07,0,0,0,0
81.8242,122.105,7.9547,0,1,3.35095,3.42573,0,0.62793,4.89888,4.03744e+06,2.76295e+06,1.35293e+07,0,0,0,0,32.9101,61.308,4.88505,1,1,1.69344,1.98519,0.248418,1.30835,1.69344,8.39061e+06,3.69306e+06,1.4209e+07,0,0,0,0
82.9734,122.105,4.98699,0,1,3.35116,3.42594,0,0.627968,4.89888,4.03744e+06,2.76295e+06,1.35301e+07,0,0,0,0,33.8032,61.308,4.95158,1,1,1.69344,1.98531,0.248538,1.30835,1.69344,8.39061e+06,3.69306e+06,1.4209e+07,0,0,0,0
82.4965,122.105,3.64573,0,1,3.45634,3.53347,0,0.628007,4.89888,4.03744e+06,2.76295e+06,1.39547e+07,0,0,0,0,34.566,61.308,4.67478,1,1,1.69344,2.04962,0.311444,1.30835,1.69344,8.39061e+06,3.69306e+06,1.4209e+07,0,0,0,0
83.8368,122.105,5.80378,0,1,3.45652,3.53366,0,0.647718,4.89888,4.03744e+06,2.76295e+06,1.39555e+07,0,0,0,0,36.537,61.308,6.72221,1,1,1.69344,2.04973,0.311551,1.30835,1.69344,8.39061e+06,3.69306e+06,1.4209e+07,0,0,0,0
85.2004,122.105,5.98731,0,1,3.45671,3.53384,0,0.647752,4.89888,4.03744e+06,2.76295e+06,1.39562e+07,0,0,0,0,39.3078,61.308,9.0895,1,1,1.69344,2.04984,0.311657,1.30835,1.69344,8.39061e+06,3.69306e+06,1.4209e+07,0,0,0,0
87.5809,122.105,7.52651,0,1,3.45689,3.53403,0,0.647787,4.89888,4.03744e+06,2.76295e+06,1.3957e+07,0,0,0,0,43.4896,61.308,12.8628,1,1,1.69344,2.04995,0.311763,1.30835,1.69344,8.39061e+06,3.69306e+06,1.4209e+07,0,0,0,0
88.1266,122.105,5.24186,0,1,3.79427,3.87894,0,0.647821,4.89888,4.03744e+06,2.76295e+06,1.53191e+07,0,0,0,0,44.452,61.308,4.19868,1,1,1.69344,2.2911,0.547651,1.30835,1.69344,8.39061e+06,3.69306e+06,1.4209e+07,0,0,0,0
87.9991,122.105,4.58251,0,1,3.79447,3.87914,0,0.711046,4.89888,4.03744e+06,2.76295e+06,1.53199e+07,0,0,0,0,45.5714,61.308,4.65693,1,1,1.69344,2.29122,0.54777,1.30835,1.69344,8.39061e+06,3.69306e+06,1.4209e+07,0,0,0,0
90.8181,122.105,8.16166,0,1,3.79467,3.87935,0,0.711083,4.89888,4.03744e+06,2.76295e+06,1.53207e+07,0,0,0,0,48.1167,61.308,8.69505,1,1,1.69344,2.29135,0.547889,1.30835,1.69344,8.39061e+06,3.69306e+06,1.4209e+07,0,0,0,0
95.3708,122.105,10.1354,0,1,3.79487,3.87956,0,0.711121,4.89888,4.03744e+06,2.76295e+06,1.53215e+07,0,0,0,0,51.6745,61.308,12.8665,1,1,1.69344,2.29147,0.548008,1.30835,1.69344,8.39061e+06,3.69306e+06,1.4209e+07,0,0,0,0
97.864,122.105,6.78656,0,1,3.31402,3.38798,0,0.711159,4.89888,4.03744e+06,2.76295e+06,1.33801e+07,0,0,0,0,53.8263,61.308,8.27621,1,1,1.69344,1.96804,0.231637,1.30835,1.69344,8.39061e+06,3.69306e+06,1.4209e+07,0,0,0,0
102.133,122.105,9.29582,0,1,3.3142,3.38816,0,0.621048,4.89888,4.03744e+06,2.76295e+06,1.33809e+07,0,0,0,0,57.4581,61.308,11.6782,1,1,1.69344,1.96814,0.231739,1.30835,1.69344,8.39061e+06,3.69306e+06,1.4209e+07,0,0,0,0
108.279,122.105,12.2993,0,1,3.31437,3.38834,0,0.621081,4.89888,4.03744e+06,2.76295e+06,1.33816e+07,0,0,0,0,62.3362,61.308,19.0234,1,1,1.69344,1.96825,0.231842,1.30835,1.69344,8.39061e+06,3.69306e+06,1.4209e+07,0,0,0,0
111.341,122.105,8.12564,0,1,3.31455,3.38852,0,0.621113,4.89888,4.03744e+06,2.76295e+06,1.33823e+07,0,0,0,0,62.3362,61.308,10.287,1,1,1.69344,1.96835,0.231944,1.30835,1.69344,8.39061e+06,3.69306e+06,1.4209e+07,0,0,0,0
114.028,122.105,7.60062,0,1,3.31472,3.3887,0,0.621146,4.89888,4.03744e+06,2.76295e+06,1.3383e+07,0,0,0,0,62.3362,61.308,11.0455,1,1,1.69344,1.96845,0.232046,1.30835,1.69344,8.39061e+06,3.69306e+06,1.4209e+07,0,0,0,0
115.751,122.105,6.29975,0,1,3.43602,3.5127,0,0.621179,4.89888,4.03744e+06,2.76295e+06,1.38727e+07,0,0,0,0,62.3362,61.308,8.27024,1,1,1.69344,2.04773,0.309593,1.30835,1.69344,8.39061e+06,3.69306e+06,1.4209e+07,0,0,0,0
117.161,122.105,5.77713,0,1,3.4362,3.51288,0,0.64391,4.89888,4.03744e+06,2.76295e+06,1.38734e+07,0,0,0,0,62.3362,61.308,7.17815,1,1,1.69344,2.04784,0.309699,1.30835,1.69344,8.39061e+06,3.69306e+06,1.4209e+07,0,0,0,0
118.296,122.105,5.59158,0,1,3.43638,3.51307,0,0.643944,4.89888,4.03744e+06,2.76295e+06,1.38742e+07,0,0,0,0,62.3362,61.308,6.24469,1,1,1.69344,2.04795,0.309805,1.30835,1.69344,8.39061e+06,3.69306e+06,1.4209e+07,0,0,0,0
119.633,122.105,5.75288,0,1,3.43657,3.51326,0,0.643978,4.89888,4.03744e+06,2.76295e+06,1.38749e+07,0,0,0,0,62.3362,61.308,6.46066,1,1,1.69344,2.04806,0.309912,1.30835,1.69344,8.39061e+06,3.69306e+06,1.4209e+07,0,0,0,0
120.86,122.105,5.53384,0,1,3.38938,3.46502,0,0.644012,4.89888,4.03744e+06,2.76295e+06,1.36844e+07,0,0,0,0,62.3362,61.308,5.98968,1,1,1.69344,2.01741,0.279932,1.30835,1.69344,8.39061e+06,3.69306e+06,1.4209e+07,0,0,0,0
121.491,122.105,4.80083,0,1,3.38956,3.4652,0,0.63517,4.89888,4.03744e+06,2.76295e+06,1.36851e+07,0,0,0,0,62.3362,61.308,5.4938,1,1,1.69344,2.01752,0.280037,1.30835,1.69344,8.39061e+06,3.69306e+06,1.4209e+07,0,0,0,0
121.714,122.105,4.25534,0,1,3.38974,3.46538,0,0.635204,4.89888,4.03744e+06,2.76295e+06,1.36859e+07,0,0,0,0,62.3362,61.308,4.81778,1,1,1.69344,2.01762,0.280142,1.30835,1.69344,8.39061e+06,3.69306e+06,1.4209e+07,0,0,0,0
121.689,122.105,3.90891,0,1,3.38992,3.46557,0,0.635237,4.89888,4.03744e+06,2.76295e+06,1.36866e+07,0,0,0,0,62.3362,61.308,4.48927,1,1,1.69344,2.01773,0.280246,1.30835,1.69344,8.39061e+06,3.69306e+06,1.4209e+07,0,0,0,0
121.545,122.105,3.90652,0,1,3.55092,3.63016,0,0.635271,4.89888,4.03744e+06,2.76295e+06,1.43366e+07,0,0,0,0,62.3362,61.308,4.15204,1,1,1.69344,2.12693,0.387064,1.30835,1.69344,8.39061e+06,3.69306e+06,1.4209e+07,0,0,0,0
121.319,122.105,3.78238,0,1,3.5511,3.63035,0,0.665442,4.89888,4.03744e+06,2.76295e+06,1.43374e+07,0,0,0,0,62.3362,61.308,4.39927,1,1,1.69344,2.12705,0.387175,1.30835,1.69344,8.39061e+06,3.69306e+06,1.4209e+07,0,0,0,0
120.803,122.105,3.4451,0,1,3.55129,3.63054,0,0.665477,4.89888,4.03744e+06,2.76295e+06,1.43381e+07,0,0,0,0,62.3362,61.308,4.22645,1,1,1.69344,2.12716,0.387285,1.30835,1.69344,8.39061e+06,3.69306e+06,1.4209e+07,0,0,0,0
120.194,122.105,3.29088,0,1,3.55148,3.63073,0,0.665512,4.89888,4.03744e+06,2.76295e+06,1.43389e+07,0,0,0,0,62.3362,61.308,4.30818,1,1,1.69344,2.12727,0.387395,1.30835,1.69344,8.39061e+06,3.69306e+06,1.4209e+07,0,0,0,0
119.095,122.105,2.57617,0,1,3.55167,3.63093,0,0.665547,4.89888,4.03744e+06,2.76295e+06,1.43396e+07,0,0,0,0,62.3362,61.308,3.23315,1,1,1.69344,2.12738,0.387505,1.30835,1.69344,8.39061e+06,3.69306e+06,1.4209e+07,0,0,0,0
117.777,122.105,2.27978,0,1,3.52004,3.5986,0,0.665583,4.89888,4.03744e+06,2.76295e+06,1.4212e+07,0,0,0,0,62.2352,61.308,2.68626,1,1,1.69344,2.18747,0.446283,1.30835,1.69344,8.39061e+06,3.69306e+06,1.4209e+07,0,0,0,0
116.309,122.105,2.10488,0,1,3.52023,3.59879,0,0.659656,4.89888,4.03744e+06,2.76295e+06,1.42127e+07,0,0,0,0,62.122,61.308,2.70233,1,1,1.69344,2.18759,0.446396,1.30835,1.69344,8.39061e+06,3.69306e+06,1.4209e+07,0,0,0,0
114.693,122.105,1.91892,0,1,3.52042,3.59898,0,0.659691,4.89888,4.03744e+06,2.76295e+06,1.42135e+07,0,0,0,0,61.9539,61.308,2.40518,1,1,1.69344,2.1877,0.44651,1.30835,1.69344,8.39061e+06,3.69306e+06,1.4209e+07,0,0,0,0
113.051,122.105,1.8298,0,1,3.5206,3.59917,0,0.659726,4.89888,4.03744e+06,2.76295e+06,1.42142e+07,0,0,0,0,61.6867,61.308,2.35878,1,1,1.69344,2.18782,0.446623,1.30835,1.69344,8.39061e+06,3.69306e+06,1.4209e+07,0,0,0,0
111.375,122.105,1.81985,0,1,3.60296,3.68336,0,0.659761,4.89888,4.03744e+06,2.76295e+06,1.45467e+07,0,0,0,0,61.3714,61.308,2.45427,1,1,1.69344,2.2414,0.499033,1.30835,1.69344,8.39061e+06,3.69306e+06,1.4209e+07,0,0,0,0
109.592,122.105,1.69892,0,1,3.60315,3.68356,0,0.675195,4.89888,4.03744e+06,2.76295e+06,1.45475e+07,0,0,0,0,61.0159,61.308,2.38016,1,1,1.69344,2.24152,0.499149,1.30835,1.69344,8.39061e+06,3.69306e+06,1.4209e+07,0,0,0,0
107.701,122.105,1.54911,0,1,3.60334,3.68375,0,0.67523,4.89888,4.03744e+06,2.76295e+06,1.45483e+07,0,0,0,0,60.6328,61.308,2.17407,1,1,1.69344,2.24164,0.499265,1.30835,1.69344,8.39061e+06,3.69306e+06,1.4209e+07,0,0,0,0
105.692,122.105,1.4009,0,1,3.60353,3.68395,0,0.675266,4.89888,4.03744e+06,2.76295e+06,1.4549e+07,0,0,0,0,60.2385,61.308,2.14477,1,1,1.69344,2.24176,0.499381,1.30835,1.69344,8.39061e+06,3.69306e+06,1.4209e+07,0,0,0,0
103.542,122.105,1.40148,0,1,3.8444,3.93019,0,0.675302,4.89888,4.03744e+06,2.76295e+06,1.55215e+07,0,0,0,0,59.7824,61.308,1.95911,1,1,1.69344,2.43489,0.6883,1.30835,1.69344,8.39061e+06,3.69306e+06,1.4209e+07,0,0,0,0
101.569,122.105,1.60129,0,1,3.8446,3.9304,0,0.720441,4.89888,4.03744e+06,2.76295e+06,1.55223e+07,0,0,0,0,59.4344,61.308,2.40477,1,1,1.69344,2.43502,0.688426,1.30835,1.69344,8.39061e+06,3.69306e+06,1.4209e+07,0,0,0,0
99.3769,122.105,1.30132,0,1,3.84481,3.93061,0,0.720479,4.89888,4.03744e+06,2.76295e+06,1.55232e+07,0,0,0,0,58.9177,61.308,1.68811,1,1,1.69344,2.43515,0.688552,1.30835,1.69344,8.39061e+06,3.69306e+06,1.4209e+07,0,0,0,0
97.4521,122.105,1.66147,0,1,3.84501,3.93082,0,0.720517,4.89888,4.03744e+06,2.76295e+06,1.5524e+07,0,0,0,0,58.7307,61.308,3.10873,1,1,1.69344,2.43528,0.688679,1.30835,1.69344,8.39061e+06,3.69306e+06,1.4209e+07,0,0,0,0
95.3788,122.105,1.42568,0,1,3.84521,3.93102,0,0.720555,4.89888,4.03744e+06,2.76295e+06,1.55248e+07,0,0,0,0,58.4031,61.308,2.16408,1,1,1.69344,2.43541,0.688805,1.30835,1.69344,8.39061e+06,3.69306e+06,1.4209e+07,0,0,0,0
93.7047,122.105,1.68143,0,1,3.72809,3.81129,0,0.720593,4.89888,4.03744e+06,2.76295e+06,1.50519e+07,0,0,0,0,58.1754,61.308,2.27457,1,1,1.69344,2.31835,0.574304,1.30835,1.69344,8.39061e+06,3.69306e+06,1.4209e+07,0,0,0,0
91.8248,122.105,1.47633,0,1,3.72829,3.81149,0,0.698644,4.89888,4.03744e+06,2.76295e+06,1.50527e+07,0,0,0,0,58.2467,61.308,3.75545,1,1,1.69344,2.31847,0.574425,1.30835,1.69344,8.39061e+06,3.69306e+06,1.4209e+07,0,0,0,0
89.8008,122.105,1.23665,0,1,3.72849,3.81169,0,0.698681,4.89888,4.03744e+06,2.76295e+06,1.50535e+07,0,0,0,0,57.8505,61.308,1.99956,1,1,1.69344,2.3186,0.574545,1.30835,1.69344,8.39061e+06,3.69306e+06,1.4209e+07,0,0,0,0
88.0385,122.105,1.54816,0,1,3.72868,3.81189,0,0.698718,4.89888,4.03744e+06,2.76295e+06,1.50543e+07,0,0,0,0,57.5691,61.308,2.2784,1,1,1.69344,2.31872,0.574665,1.30835,1.69344,8.39061e+06,3.69306e+06,1.4209e+07,0,0,0,0
86.4385,122.105,1.69881,0,1,3.63255,3.71362,0,0.698755,4.89888,4.03744e+06,2.76295e+06,1.46662e+07,0,0,0,0,57.3581,61.308,2.40481,1,1,1.69344,2.21215,0.470424,1.30835,1.69344,8.39061e+06,3.69306e+06,1.4209e+07,0,0,0,0
84.655,122.105,1.50026,0,1,3.63275,3.71381,0,0.680741,4.89888,4.03744e+06,2.76295e+06,1.4667e+07,0,0,0,0,57.0494,61.308,2.05989,1,1,1.69344,2.21227,0.470539,1.30835,1.69344,8.39061e+06,3.69306e+06,1.4209e+07,0,0,0,0
83.2575,122.105,2.06118,0,1,3.63294,3.71401,0,0.680777,4.89888,4.03744e+06,2.76295e+06,1.46678e+07,0,0,0,0,56.9892,61.308,2.82379,1,1,1.69344,2.21239,0.470654,1.30835,1.69344,8.39061e+06,3.69306e+06,1.4209e+07,0,0,0,0
83.7606,122.105,4.29273,0,1,3.63313,3.71421,0,0.680813,4.89888,4.03744e+06,2.76295e+06,1.46685e+07,0,0,0,0,57.7849,61.308,4.28796,1,1,1.69344,2.2125,0.470768,1.30835,1.69344,8.39061e+06,3.69306e+06,1.4209e+07,0,0,0,0
84.4123,122.105,4.18306,0,1,3.35969,3.43467,0,0.680849,4.89888,4.03744e+06,2.76295e+06,1.35645e+07,0,0,0,0,58.2507,61.308,4.21737,1,1,1.69344,1.99037,0.253484,1.30835,1.69344,8.39061e+06,3.69306e+06,1.4209e+07,0,0,0,0
87.0492,122.105,6.35321,0,1,3.35987,3.43485,0,0.629607,4.89888,4.03744e+06,2.76295e+06,1.35653e+07,0,0,0,0,59.178,61.308,4.97366,1,1,1.69344,1.99048,0.253587,1.30835,1.69344,8.39061e+06,3.69306e+06,1.4209e+07,0,0,0,0
88.268,122.105,4.97772,0,1,3.36005,3.43503,0,0.62964,4.89888,4.03744e+06,2.76295e+06,1.3566e+07,0,0,0,0,59.6556,61.308,3.72753,1,1,1.69344,1.99058,0.25369,1.30835,1.69344,8.39061e+06,3.69306e+06,1.4209e+07,0,0,0,0
87.79,122.105,2.96778,0,1,3.36023,3.43521,0,0.629673,4.89888,4.03744e+06,2.76295e+06,1.35667e+07,0,0,0,0,59.5064,61.308,2.2581,1,1,1.69344,1.99069,0.253793,1.30835,1.69344,8.39061e+06,3.69306e+06,1.4209e+07,0,0,0,0
88.7041,122.105,4.85473,0,1,3.36041,3.4354,0,0.629707,4.89888,4.03744e+06,2.76295e+06,1.35674e+07,0,0,0,0,59.9524,61.308,4.20612,1,1,1.69344,1.99079,0.253896,1.30835,1.69344,8.39061e+06,3.69306e+06,1.4209e+07,0,0,0,0
92.5694,122.105,8.38819,0,1,3.46585,3.54319,0,0.62974,6.47136,4.03744e+06,2.76295e+06,1.39931e+07,0,0,0,0,61.208,61.308,7.1203,1,1,1.69344,2.05526,0.316959,1.30835,1.69344,8.39061e+06,3.69306e+06,1.4209e+07,0,0,0,0
96.5599,122.105,8.95822,0,1,3.466,3.54335,0,0.6495,6.47136,4.03744e+06,2.76295e+06,1.39938e+07,0,0,0,0,62.3362,61.308,8.94322,1,1,1.69344,2.05535,0.317048,1.30835,1.69344,8.39061e+06,3.69306e+06,1.4209e+07,0,0,0,0
98.3286,122.105,6.11723,0,1,3.46615,3.5435,0,0.649528,6.47136,4.03744e+06,2.76295e+06,1.39944e+07,0,0,0,0,62.3362,61.308,6.00523,1,1,1.69344,2.05544,0.317137,1.30835,1.69344,8.39061e+06,3.69306e+06,1.4209e+07,0,0,0,0
102.756,122.105,8.79521,0,1,3.46631,3.54366,0,0.649557,6.47136,4.03744e+06,2.76295e+06,1.3995e+07,0,0,0,0,62.3362,61.308,6.93889,1,1,1.69344,2.05554,0.317226,1.30835,1.69344,8.39061e+06,3.69306e+06,1.4209e+07,0,0,0,0
104.395,122.105,6.40986,0,1,3.80457,3.88947,0,0.649586,6.47136,4.03744e+06,2.76295e+06,1.53607e+07,0,0,0,0,62.3362,61.308,5.75016,1,1,1.69344,2.29733,0.553738,1.30835,1.69344,8.39061e+06,3.69306e+06,1.4209e+07,0,0,0,0
107.542,122.105,7.89749,0,1,3.80474,3.88965,0,0.712977,6.47136,4.03744e+06,2.76295e+06,1.53614e+07,0,0,0,0,62.3362,61.308,6.9492,1,1,1.69344,2.29743,0.553837,1.30835,1.69344,8.39061e+06,3.69306e+06,1.4209e+07,0,0,0,0
113.773,122.105,11.9713,0,1,3.80491,3.88982,0,0.713008,6.47136,4.03744e+06,2.76295e+06,1.53621e+07,0,0,0,0,62.3362,61.308,8.81369,1,1,1.69344,2.29753,0.553937,1.30835,1.69344,8.39061e+06,3.69306e+06,1.4209e+07,0,0,0,0
114.189,122.105,4.99905,0,1,3.80508,3.88999,0,0.71304,6.47136,4.03744e+06,2.76295e+06,1.53628e+07,0,0,0,0,62.3362,61.308,4.59859,1,1,1.69344,2.29763,0.554037,1.30835,1.69344,8.39061e+06,3.69306e+06,1.4209e+07,0,0,0,0
114.975,122.105,4.63558,0,1,3.32291,3.39706,0,0.713071,6.47136,4.03744e+06,2.76295e+06,1.3416e+07,0,0,0,0,62.3362,61.308,3.0692,1,1,1.69344,1.97331,0.236799,1.30835,1.69344,8.39061e+06,3.69306e+06,1.4209e+07,0,0,0,0
115.428,122.105,4.28267,0,1,3.32305,3.39721,0,0.622713,6.47136,4.03744e+06,2.76295e+06,1.34166e+07,0,0,0,0,62.3362,61.308,2.95025,1,1,1.69344,1.9734,0.236884,1.30835,1.69344,8.39061e+06,3.69306e+06,1.4209e+07,0,0,0,0
118.346,122.105,7.36083,0,1,3.3232,3.39736,0,0.62274,6.47136,4.03744e+06,2.76295e+06,1.34172e+07,0,0,0,0,62.3362,61.308,4.69228,1,1,1.69344,1.97349,0.23697,1.30835,1.69344,8.39061e+06,3.69306e+06,1.4209e+07,0,0,0,0
121.213,122.105,7.91913,0,1,3.32335,3.39751,0,0.622768,6.47136,4.03744e+06,2.76295e+06,1.34178e+07,0,0,0,0,62.3362,61.308,6.21938,1,1,1.69344,1.97358,0.237056,1.30835,1.69344,8.39061e+06,3.69306e+06,1.4209e+07,0,0,0,0
122.105,122.105,6.96777,0,1,3.3235,3.39766,0,0.622796,6.47136,4.03744e+06,2.76295e+06,1.34184e+07,0,0,0,0,62.3362,61.308,4.601,1,1,1.69344,1.97366,0.237141,1.30835,1.69344,8.39061e+06,3.69306e+06,1.4209e+07,0,0,0,0
122.105,122.105,5.1147,0,1,3.44508,3.52196,0,0.622823,6.47136,4.03744e+06,2.76295e+06,1.39093e+07,0,0,0,0,62.3362,61.308,4.23669,1,1,1.69344,2.05313,0.314876,1.30835,1.69344,8.39061e+06,3.69306e+06,1.4209e+07,0,0,0,0
122.105,122.105,4.91685,0,1,3.44524,3.52212,0,0.645608,6.47136,4.03744e+06,2.76295e+06,1.39099e+07,0,0,0,0,62.3362,61.308,4.30809,1,1,1.69344,2.05322,0.314966,1.30835,1.69344,8.39061e+06,3.69306e+06,1.4209e+07,0,0,0,0
122.105,122.105,4.5954,0,1,3.44539,3.52227,0,0.645637,6.47136,4.03744e+06,2.76295e+06,1.39105e+07,0,0,0,0,62.3362,61.308,5.38891,1,1,1.69344,2.05332,0.315055,1.30835,1.69344,8.39061e+06,3.69306e+06,1.4209e+07,0,0,0,0
121.83,122.105,3.77112,0,1,3.44554,3.52243,0,0.645666,6.47136,4.03744e+06,2.76295e+06,1.39111e+07,0,0,0,0,62.3362,61.308,3.46032,1,1,1.69344,2.05341,0.315144,1.30835,1.69344,8.39061e+06,3.69306e+06,1.4209e+07,0,0,0,0
121.248,122.105,3.23826,0,1,3.3982,3.47404,0,0.645694,6.47136,4.03744e+06,2.76295e+06,1.372e+07,0,0,0,0,62.3362,61.308,2.96072,1,1,1.69344,2.02266,0.285069,1.30835,1.69344,8.39061e+06,3.69306e+06,1.4209e+07,0,0,0,0
120.449,122.105,2.91956,0,1,3.39835,3.47419,0,0.636823,6.47136,4.03744e+06,2.76295e+06,1.37206e+07,0,0,0,0,62.3362,61.308,2.62807,1,1,1.69344,2.02275,0.285157,1.30835,1.69344,8.39061e+06,3.69306e+06,1.4209e+07,0,0,0,0
119.612,122.105,2.85256,0,1,3.3985,3.47434,0,0.636851,6.47136,4.03744e+06,2.76295e+06,1.37212e+07,0,0,0,0,62.3362,61.308,2.74244,1,1,1.69344,2.02284,0.285245,1.30835,1.69344,8.39061e+06,3.69306e+06,1.4209e+07,0,0,0,0
118.615,122.105,2.66411,0,1,3.39865,3.4745,0,0.63688,6.47136,4.03744e+06,2.76295e+06,1.37219e+07,0,0,0,0,62.3362,61.308,2.56262,1,1,1.69344,2.02293,0.285332,1.30835,1.69344,8.39061e+06,3.69306e+06,1.4209e+07,0,0,0,0
117.449,122.105,2.51057,0,1,3.56003,3.63948,0,0.636908,6.47136,4.03744e+06,2.76295e+06,1.43734e+07,0,0,0,0,62.3362,61.308,2.62147,1,1,1.69344,2.13239,0.392407,1.30835,1.69344,8.39061e+06,3.69306e+06,1.4209e+07,0,0,0,0
116.153,122.105,2.32344,0,1,3.56019,3.63964,0,0.667151,6.47136,4.03744e+06,2.76295e+06,1.4374e+07,0,0,0,0,62.3062,61.308,2.34794,1,1,1.69344,2.13249,0.3925,1.30835,1.69344,8.39061e+06,3.69306e+06,1.4209e+07,0,0,0,0
114.726,122.105,2.12407,0,1,3.56035,3.6398,0,0.66718,6.47136,4.03744e+06,2.76295e+06,1.43747e+07,0,0,0,0,62.214,61.308,2.26045,1,1,1.69344,2.13258,0.392592,1.30835,1.69344,8.39061e+06,3.69306e+06,1.4209e+07,0,0,0,0
113.23,122.105,2.02566,0,1,3.56051,3.63996,0,0.66721,6.47136,4.03744e+06,2.76295e+06,1.43753e+07,0,0,0,0,62.0763,61.308,2.12604,1,1,1.69344,2.13268,0.392685,1.30835,1.69344,8.39061e+06,3.69306e+06,1.4209e+07,0,0,0,0
111.719,122.105,1.99149,0,1,3.56067,3.64013,0,0.667239,6.47136,4.03744e+06,2.76295e+06,1.4376e+07,0,0,0,0,61.916,61.308,2.20602,1,1,1.69344,2.13277,0.392777,1.30835,1.69344,8.39061e+06,3.69306e+06,1.4209e+07,0,0,0,0
110.21,122.105,1.95073,0,1,3.52893,3.60768,0,0.667269,6.47136,4.03744e+06,2.76295e+06,1.42478e+07,0,0,0,0,61.7289,61.308,2.201,1,1,1.69344,2.193,0.451685,1.30835,1.69344,8.39061e+06,3.69306e+06,1.4209e+07,0,0,0,0
108.58,122.105,1.81322,0,1,3.52909,3.60784,0,0.661322,6.47136,4.03744e+06,2.76295e+06,1.42485e+07,0,0,0,0,61.5249,61.308,2.21097,1,1,1.69344,2.19309,0.45178,1.30835,1.69344,8.39061e+06,3.69306e+06,1.4209e+07,0,0,0,0
106.844,122.105,1.67111,0,1,3.52924,3.608,0,0.661351,6.47136,4.03744e+06,2.76295e+06,1.42491e+07,0,0,0,0,61.2118,61.308,1.946,1,1,1.69344,2.19319,0.451875,1.30835,1.69344,8.39061e+06,3.69306e+06,1.4209e+07,0,0,0,0
105.002,122.105,1.499,0,1,3.5294,3.60816,0,0.66138,6.47136,4.03744e+06,2.76295e+06,1.42497e+07,0,0,0,0,60.6819,61.308,1.82919,1,1,1.69344,2.19329,0.45197,1.30835,1.69344,8.39061e+06,3.69306e+06,1.4209e+07,0,0,0,0
103.035,122.105,1.38948,0,1,3.61193,3.69253,0,0.66141,6.47136,4.03744e+06,2.76295e+06,1.45829e+07,0,0,0,0,60.2282,61.308,1.73776,1,1,1.69344,2.24698,0.504492,1.30835,1.69344,8.39061e+06,3.69306e+06,1.4209e+07,0,0,0,0
101.002,122.105,1.28066,0,1,3.61209,3.6927,0,0.676876,6.47136,4.03744e+06,2.76295e+06,1.45836e+07,0,0,0,0,59.5429,61.308,1.70793,1,1,1.69344,2.24708,0.504589,1.30835,1.69344,8.39061e+06,3.69306e+06,1.4209e+07,0,0,0,0
98.9082,122.105,1.16703,0,1,3.61225,3.69286,0,0.676906,6.47136,4.03744e+06,2.76295e+06,1.45842e+07,0,0,0,0,59.0189,61.308,1.49842,1,1,1.69344,2.24718,0.504687,1.30835,1.69344,8.39061e+06,3.69306e+06,1.4209e+07,0,0,0,0
96.896,122.105,1.28039,0,1,3.61241,3.69302,0,0.676936,6.47136,4.03744e+06,2.76295e+06,1.45849e+07,0,0,0,0,58.3631,61.308,1.77215,1,1,1.69344,2.24728,0.504784,1.30835,1.69344,8.39061e+06,3.69306e+06,1.4209e+07,0,0,0,0
94.613,122.105,1.11323,0,1,3.85384,3.93984,0,0.676966,6.47136,4.03744e+06,2.76295e+06,1.55596e+07,0,0,0,0,57.6979,61.308,1.45495,1,1,1.69344,2.44087,0.694148,1.30835,1.69344,8.39061e+06,3.69306e+06,1.4209e+07,0,0,0,0
92.3735,122.105,1.08482,0,1,3.85401,3.94002,0,0.722209,6.47136,4.03744e+06,2.76295e+06,1.55603e+07,0,0,0,0,56.8416,61.308,1.56568,1,1,1.69344,2.44098,0.694254,1.30835,1.69344,8.39061e+06,3.69306e+06,1.4209e+07,0,0,0,0
89.9998,122.105,0.899992,0,1,3.85418,3.94019,0,0.722241,6.47136,4.03744e+06,2.76295e+06,1.5561e+07,0,0,0,0,56.2424,61.308,1.24845,1,1,1.69344,2.44109,0.694359,1.30835,1.69344,8.39061e+06,3.69306e+06,1.4209e+07,0,0,0,0
87.7874,122.105,1.06537,0,1,3.85435,3.94036,0,0.722273,6.47136,4.03744e+06,2.76295e+06,1.55617e+07,0,0,0,0,55.6225,61.308,1.8863,1,1,1.69344,2.44119,0.694465,1.30835,1.69344,8.39061e+06,3.69306e+06,1.4209e+07,0,0,0,0
85.5763,122.105,1.07482,0,1,3.85452,3.94054,0,0.722306,6.47136,4.03744e+06,2.76295e+06,1.55624e+07,0,0,0,0,55.1246,61.308,1.48349,1,1,1.69344,2.4413,0.694571,1.30835,1.69344,8.39061e+06,3.69306e+06,1.4209e+07,0,0,0,0
83.9315,122.105,1.61965,0,1,3.73708,3.82048,0,0.722338,6.47136,4.03744e+06,2.76295e+06,1.50882e+07,0,0,0,0,54.8987,61.308,2.14925,1,1,1.69344,2.32394,0.579774,1.30835,1.69344,8.39061e+06,3.69306e+06,1.4209e+07,0,0,0,0
82.0201,122.105,1.28093,0,1,3.73725,3.82065,0,0.700329,6.47136,4.03744e+06,2.76295e+06,1.50889e+07,0,0,0,0,54.1216,61.308,1.93596,1,1,1.69344,2.32405,0.579875,1.30835,1.69344,8.39061e+06,3.69306e+06,1.4209e+07,0,0,0,0
79.8426,122.105,0.852089,0,1,3.73741,3.82082,0,0.70036,6.47136,4.03744e+06,2.76295e+06,1.50896e+07,0,0,0,0,53.6028,61.308,1.29161,1,1,1.69344,2.32415,0.579976,1.30835,1.69344,8.39061e+06,3.69306e+06,1.4209e+07,0,0,0,0
78.2648,122.105,1.55101,0,1,3.73758,3.82099,0,0.700391,6.47136,4.03744e+06,2.76295e+06,1.50902e+07,0,0,0,0,52.6773,61.308,1.93109,1,1,1.69344,2.32425,0.580076,1.30835,1.69344,8.39061e+06,3.69306e+06,1.4209e+07,0,0,0,0
76.7397,122.105,1.4396,0,1,3.64119,3.72245,0,0.700422,6.47136,4.03744e+06,2.76295e+06,1.47011e+07,0,0,0,0,51.3518,61.308,0.968903,1,1,1.69344,2.21741,0.475568,1.30835,1.69344,8.39061e+06,3.69306e+06,1.4209e+07,0,0,0,0
75.0333,122.105,1.19747,0,1,3.64135,3.72261,0,0.682359,6.47136,4.03744e+06,2.76295e+06,1.47017e+07,0,0,0,0,50.7105,61.308,0.697954,1,1,1.69344,2.21751,0.475664,1.30835,1.69344,8.39061e+06,3.69306e+06,1.4209e+07,0,0,0,0
73.8735,122.105,1.89404,0,1,3.64151,3.72278,0,0.682389,6.47136,4.03744e+06,2.76295e+06,1.47024e+07,0,0,0,0,50.4255,61.308,1.90313,1,1,1.69344,2.21761,0.47576,1.30835,1.69344,8.39061e+06,3.69306e+06,1.4209e+07,0,0,0,0
74.8527,122.105,4.28478,0,1,3.64167,3.72294,0,0.682419,6.47136,4.03744e+06,2.76295e+06,1.4703e+07,0,0,0,0,50.8726,61.308,3.38789,1,1,1.69344,2.21771,0.475857,1.30835,1.69344,8.39061e+06,3.69306e+06,1.4209e+07,0,0,0,0
75.1951,122.105,3.4509,0,1,3.36756,3.44271,0,0.68245,6.47136,4.03744e+06,2.76295e+06,1.35963e+07,0,0,0,0,50.9737,61.308,2.44577,1,1,1.69344,1.99503,0.258045,1.30835,1.69344,8.39061e+06,3.69306e+06,1.4209e+07,0,0,0,0
76.3821,122.105,4.46822,0,1,3.36771,3.44287,0,0.631081,6.47136,4.03744e+06,2.76295e+06,1.35969e+07,0,0,0,0,51.3186,61.308,3.30951,1,1,1.69344,1.99512,0.258131,1.30835,1.69344,8.39061e+06,3.69306e+06,1.4209e+07,0,0,0,0
77.1355,122.105,3.8866,0,1,3.36786,3.44302,0,0.631109,6.47136,4.03744e+06,2.76295e+06,1.35975e+07,0,0,0,0,51.5432,61.308,2.82202,1,1,1.69344,1.99521,0.258217,1.30835,1.69344,8.39061e+06,3.69306e+06,1.4209e+07,0,0,0,0
78.0622,122.105,4.07269,0,1,3.36801,3.44317,0,0.631137,6.47136,4.03744e+06,2.76295e+06,1.35981e+07,0,0,0,0,51.7641,61.308,2.92932,1,1,1.69344,1.9953,0.258304,1.30835,1.69344,8.39061e+06,3.69306e+06,1.4209e+07,0,0,0,0
81.8271,122.105,7.37757,0,1,3.36816,3.44332,0,0.631165,6.47136,4.03744e+06,2.76295e+06,1.35987e+07,0,0,0,0,53.1167,61.308,4.93271,1,1,1.69344,1.99539,0.25839,1.30835,1.69344,8.39061e+06,3.69306e+06,1.4209e+07,0,0,0,0
85.6011,122.105,7.93981,0,1,3.47381,3.55133,0,0.631193,6.47136,4.03744e+06,2.76295e+06,1.40253e+07,0,0,0,0,55.1194,61.308,7.02355,1,1,1.69344,2.05999,0.321581,1.30835,1.69344,8.39061e+06,3.69306e+06,1.4209e+07,0,0,0,0
88.2364,122.105,6.56009,0,0,3.47394,3.55146,0,0.650993,6.47136,4.03744e+06,2.76295e+06,1.40258e+07,0,0,0,0,56.398,61.308,5.82461,1,1,1.69344,2.06006,0.321653,1.30835,1.69344,8.39061e+06,3.69306e+06,1.4209e+07,0,0,0,0
89.8625,122.105,5.41726,0,0,3.47406,3.55159,0,0.651016,6.47136,4.03744e+06,2.76295e+06,1.40263e+07,0,0,0,0,57.1884,61.308,4.47965,1,1,1.69344,2.06013,0.321724,1.30835,1.69344,8.39061e+06,3.69306e+06,1.4209e+07,0,0,0,0
92.6975,122.105,7.04626,0,0,3.47418,3.55171,0,0.651039,6.47136,4.03744e+06,2.76295e+06,1.40268e+07,0,0,0,0,57.9768,61.308,4.70506,1,1,1.69344,2.06021,0.321796,1.30835,1.69344,8.39061e+06,3.69306e+06,1.4209e+07,0,0,0,0
93.3162,122.105,4.8905,0,0,3.81318,3.89828,0,0.651062,6.47136,4.03744e+06,2.76295e+06,1.53955e+07,0,0,0,0,59.5659,61.308,5.60405,1,1,1.69344,2.30253,0.558825,1.30835,1.69344,8.39061e+06,3.69306e+06,1.4209e+07,0,0,0,0
95.2799,122.105,6.54269,0,0,3.81332,3.89842,0,0.714591,6.47136,4.03744e+06,2.76295e+06,1.5396e+07,0,0,0,0,61.5438,61.308,6.69501,1,1,1.69344,2.30261,0.558905,1.30835,1.69344,8.39061e+06,3.69306e+06,1.4209e+07,0,0,0,0
96.4865,122.105,5.61439,0,0,3.81346,3.89856,0,0.714616,6.47136,4.03744e+06,2.76295e+06,1.53966e+07,0,0,0,0,62.3362,61.308,4.79166,1,1,1.69344,2.30269,0.558986,1.30835,1.69344,8.39061e+06,3.69306e+06,1.4209e+07,0,0,0,0
97.9402,122.105,5.90239,0,0,3.81359,3.8987,0,0.714642,6.47136,4.03744e+06,2.76295e+06,1.53971e+07,0,0,0,0,62.3362,61.308,4.94338,1,1,1.69344,2.30277,0.559066,1.30835,1.69344,8.39061e+06,3.69306e+06,1.4209e+07,0,0,0,0
99.6598,122.105,5.93011,0,0,3.33031,3.40463,0,0.714667,6.47136,4.03744e+06,2.76295e+06,1.34459e+07,0,0,0,0,62.3362,61.308,6.4828,1,1,1.69344,1.97771,0.241101,1.30835,1.69344,8.39061e+06,3.69306e+06,1.4209e+07,0,0,0,0
101.404,122.105,6.09401,0,0,3.33043,3.40475,0,0.624101,6.47136,4.03744e+06,2.76295e+06,1.34464e+07,0,0,0,0,62.3362,61.308,5.42957,1,1,1.69344,1.97778,0.24117,1.30835,1.69344,8.39061e+06,3.69306e+06,1.4209e+07,0,0,0,0
103.517,122.105,6.32372,0,0,3.33055,3.40487,0,0.624123,6.47136,4.03744e+06,2.76295e+06,1.34469e+07,0,0,0,0,62.3362,61.308,6.03114,1,1,1.69344,1.97785,0.241239,1.30835,1.69344,8.39061e+06,3.69306e+06,1.4209e+07,0,0,0,0
104.905,122.105,5.26186,0,0,3.33067,3.405,0,0.624145,6.47136,4.03744e+06,2.76295e+06,1.34474e+07,0,0,0,0,62.3362,61.308,4.62911,1,1,1.69344,1.97792,0.241308,1.30835,1.69344,8.39061e+06,3.69306e+06,1.4209e+07,0,0,0,0
105.89,122.105,4.94551,0,0,3.33079,3.40512,0,0.624167,6.47136,4.03744e+06,2.76295e+06,1.34478e+07,0,0,0,0,62.3362,61.308,6.10256,1,1,1.69344,1.97799,0.241377,1.30835,1.69344,8.39061e+06,3.69306e+06,1.4209e+07,0,0,0,0
106.554,122.105,4.47613,0,0,3.45261,3.52966,0,0.62419,6.47136,4.03744e+06,2.76295e+06,1.39397e+07,0,0,0,0,62.3362,61.308,7.18784,1,1,1.69344,2.05762,0.319265,1.30835,1.69344,8.39061e+06,3.69306e+06,1.4209e+07,0,0,0,0
106.687,122.105,4.16171,0,0,3.45273,3.52978,0,0.647019,6.47136,4.03744e+06,2.76295e+06,1.39402e+07,0,0,0,0,62.3362,61.308,8.09655,1,1,1.69344,2.05769,0.319336,1.30835,1.69344,8.39061e+06,3.69306e+06,1.4209e+07,0,0,0,0
107.239,122.105,4.56879,0,0,3.45286,3.52991,0,0.647042,6.47136,4.03744e+06,2.76295e+06,1.39407e+07,0,0,0,0,62.3362,61.308,7.51194,1,1,1.69344,2.05777,0.319408,1.30835,1.69344,8.39061e+06,3.69306e+06,1.4209e+07,0,0,0,0
107.147,122.105,3.69057,0,0,3.45298,3.53003,0,0.647065,6.47136,4.03744e+06,2.76295e+06,1.39412e+07,0,0,0,0,62.3362,61.308,7.39518,1,1,1.69344,2.05784,0.31948,1.30835,1.69344,8.39061e+06,3.69306e+06,1.4209e+07,0,0,0,0
106.903,122.105,3.35606,0,0,3.40551,3.48151,0,0.647088,6.47136,4.03744e+06,2.76295e+06,1.37495e+07,0,0,0,0,62.3362,61.308,5.86458,1,1,1.69344,2.02701,0.289323,1.30835,1.69344,8.39061e+06,3.69306e+06,1.4209e+07,0,0,0,0
106.098,122.105,2.68848,0,0,3.40563,3.48163,0,0.638192,6.47136,4.03744e+06,2.76295e+06,1.375e+07,0,0,0,0,62.3362,61.308,4.87013,1,1,1.69344,2.02708,0.289393,1.30835,1.69344,8.39061e+06,3.69306e+06,1.4209e+07,0,0,0,0
105.051,122.105,2.41239,0,0,3.40575,3.48175,0,0.638215,6.47136,4.03744e+06,2.76295e+06,1.37505e+07,0,0,0,0,62.3362,61.308,4.05697,1,1,1.69344,2.02715,0.289464,1.30835,1.69344,8.39061e+06,3.69306e+06,1.4209e+07,0,0,0,0
104.359,122.105,2.83511,0,0,3.40587,3.48188,0,0.638238,6.47136,4.03744e+06,2.76295e+06,1.3751e+07,0,0,0,0,62.3362,61.308,4.37524,1,1,1.69344,2.02723,0.289535,1.30835,1.69344,8.39061e+06,3.69306e+06,1.4209e+07,0,0,0,0
103.05,122.105,2.11452,0,0,3.56756,3.64718,0,0.638261,6.47136,4.03744e+06,2.76295e+06,1.44038e+07,0,0,0,0,62.3362,61.308,3.49637,1,1,1.69344,2.1369,0.396819,1.30835,1.69344,8.39061e+06,3.69306e+06,1.4209e+07,0,0,0,0
101.584,122.105,1.90006,0,0,3.56769,3.64731,0,0.668562,6.47136,4.03744e+06,2.76295e+06,1.44043e+07,0,0,0,0,62.3362,61.308,2.99341,1,1,1.69344,2.13698,0.396894,1.30835,1.69344,8.39061e+06,3.69306e+06,1.4209e+07,0,0,0,0
99.9878,122.105,1.7109,0,0,3.56782,3.64744,0,0.668585,6.47136,4.03744e+06,2.76295e+06,1.44048e+07,0,0,0,0,62.3362,61.308,2.85657,1,1,1.69344,2.13706,0.396968,1.30835,1.69344,8.39061e+06,3.69306e+06,1.4209e+07,0,0,0,0
98.353,122.105,1.63053,0,0,3.56795,3.64757,0,0.668609,6.47136,4.03744e+06,2.76295e+06,1.44053e+07,0,0,0,0,62.3362,61.308,2.70847,1,1,1.69344,2.13713,0.397042,1.30835,1.69344,8.39061e+06,3.69306e+06,1.4209e+07,0,0,0,0
96.9698,122.105,1.8912,0,0,3.56807,3.6477,0,0.668633,6.47136,4.03744e+06,2.76295e+06,1.44059e+07,0,0,0,0,62.3362,61.308,2.8482,1,1,1.69344,2.13721,0.397117,1.30835,1.69344,8.39061e+06,3.69306e+06,1.4209e+07,0,0,0,0
95.9717,122.105,2.27009,0,0,3.53624,3.61516,0,0.668657,6.47136,4.03744e+06,2.76295e+06,1.42773e+07,0,0,0,0,62.3362,61.308,3.10148,1,1,1.69344,2.19754,0.456128,1.30835,1.69344,8.39061e+06,3.69306e+06,1.4209e+07,0,0,0,0
94.859,122.105,2.14779,0,0,3.53637,3.61528,0,0.662692,6.47136,4.03744e+06,2.76295e+06,1.42779e+07,0,0,0,0,62.3362,61.308,2.97787,1,1,1.69344,2.19762,0.456205,1.30835,1.69344,8.39061e+06,3.69306e+06,1.4209e+07,0,0,0,0
93.5959,122.105,1.96634,0,0,3.53649,3.61541,0,0.662715,6.47136,4.03744e+06,2.76295e+06,1.42784e+07,0,0,0,0,62.3362,61.308,2.83576,1,1,1.69344,2.19769,0.456281,1.30835,1.69344,8.39061e+06,3.69306e+06,1.4209e+07,0,0,0,0
92.2113,122.105,1.80209,0,0,3.53662,3.61554,0,0.662739,6.47136,4.03744e+06,2.76295e+06,1.42789e+07,0,0,0,0,62.3362,61.308,2.60907,1,1,1.69344,2.19777,0.456358,1.30835,1.69344,8.39061e+06,3.69306e+06,1.4209e+07,0,0,0,0
90.838,122.105,1.82213,0,0,3.61929,3.70005,0,0.662762,6.47136,4.03744e+06,2.76295e+06,1.46126e+07,0,0,0,0,62.3362,61.308,2.83069,1,1,1.69344,2.25156,0.508967,1.30835,1.69344,8.39061e+06,3.69306e+06,1.4209e+07,0,0,0,0
89.4478,122.105,1.80222,0,0,3.61941,3.70018,0,0.678254,6.47136,4.03744e+06,2.76295e+06,1.46132e+07,0,0,0,0,62.3362,61.308,2.8818,1,1,1.69344,2.25164,0.509046,1.30835,1.69344,8.39061e+06,3.69306e+06,1.4209e+07,0,0,0,0
87.9856,122.105,1.67206,0,0,3.61954,3.70032,0,0.678278,6.47136,4.03744e+06,2.76295e+06,1.46137e+07,0,0,0,0,62.3362,61.308,2.72338,1,1,1.69344,2.25172,0.509124,1.30835,1.69344,8.39061e+06,3.69306e+06,1.4209e+07,0,0,0,0
86.4357,122.105,1.54791,0,0,3.61967,3.70045,0,0.678302,6.47136,4.03744e+06,2.76295e+06,1.46142e+07,0,0,0,0,62.3362,61.308,2.57248,1,1,1.69344,2.2518,0.509202,1.30835,1.69344,8.39061e+06,3.69306e+06,1.4209e+07,0,0,0,0
84.7899,122.105,1.6298,0,0,3.86155,3.94773,0,0.678326,6.47136,4.03744e+06,2.76295e+06,1.55908e+07,0,0,0,0,62.3362,61.308,2.73299,1,1,1.69344,2.44575,0.698926,1.30835,1.69344,8.39061e+06,3.69306e+06,1.4209e+07,0,0,0,0
83.1237,122.105,1.52714,0,0,3.86169,3.94787,0,0.723655,6.47136,4.03744e+06,2.76295e+06,1.55913e+07,0,0,0,0,62.2497,61.308,2.55503,1,1,1.69344,2.44584,0.699011,1.30835,1.69344,8.39061e+06,3.69306e+06,1.4209e+07,0,0,0,0
81.2335,122.105,1.23825,0,0,3.86183,3.94801,0,0.72368,6.47136,4.03744e+06,2.76295e+06,1.55919e+07,0,0,0,0,61.9686,61.308,1.91849,1,1,1.69344,2.44593,0.699096,1.30835,1.69344,8.39061e+06,3.69306e+06,1.4209e+07,0,0,0,0
79.5976,122.105,1.50947,0,0,3.86196,3.94815,0,0.723706,6.47136,4.03744e+06,2.76295e+06,1.55924e+07,0,0,0,0,62.1143,61.308,3.14562,1,1,1.69344,2.44601,0.699181,1.30835,1.69344,8.39061e+06,3.69306e+06,1.4209e+07,0,0,0,0
77.6752,122.105,1.17885,0,0,3.8621,3.94829,0,0.723732,6.47136,4.03744e+06,2.76295e+06,1.5593e+07,0,0,0,0,62.0134,61.308,2.22248,1,1,1.69344,2.4461,0.699266,1.30835,1.69344,8.39061e+06,3.69306e+06,1.4209e+07,0,0,0,0
76.0641,122.105,1.41293,0,0,3.7444,3.82796,0,0.723758,6.47136,4.03744e+06,2.76295e+06,1.51178e+07,0,0,0,0,62.3362,61.308,2.9159,1,1,1.69344,2.32849,0.584224,1.30835,1.69344,8.39061e+06,3.69306e+06,1.4209e+07,0,0,0,0
74.2299,122.105,1.11096,0,0,3.74453,3.82809,0,0.7017,6.47136,4.03744e+06,2.76295e+06,1.51183e+07,0,0,0,0,62.0591,61.308,2.57526,1,1,1.69344,2.32857,0.584305,1.30835,1.69344,8.39061e+06,3.69306e+06,1.4209e+07,0,0,0,0
72.1768,122.105,0.739376,0,0,3.74466,3.82823,0,0.701725,6.47136,4.03744e+06,2.76295e+06,1.51188e+07,0,0,0,0,61.9251,61.308,1.75246,1,1,1.69344,2.32866,0.584386,1.30835,1.69344,8.39061e+06,3.69306e+06,1.4209e+07,0,0,0,0
70.6856,122.105,1.35586,0,0,3.7448,3.82837,0,0.70175,6.47136,4.03744e+06,2.76295e+06,1.51194e+07,0,0,0,0,62.1739,61.308,2.61893,1,1,1.69344,2.32874,0.584467,1.30835,1.69344,8.39061e+06,3.69306e+06,1.4209e+07,0,0,0,0
69.5954,122.105,1.75397,0,0,3.64819,3.7296,0,0.701775,6.47136,4.03744e+06,2.76295e+06,1.47293e+07,0,0,0,0,62.012,61.308,2.21909,1,1,1.69344,2.22167,0.479738,1.30835,1.69344,8.39061e+06,3.69306e+06,1.4209e+07,0,0,0,0
68.4536,122.105,1.6599,0,0,3.64832,3.72973,0,0.683671,6.47136,4.03744e+06,2.76295e+06,1.47299e+07,0,0,0,0,61.904,61.308,2.60889,1,1,1.69344,2.22175,0.479815,1.30835,1.69344,8.39061e+06,3.69306e+06,1.4209e+07,0,0,0,0
69.6077,122.105,4.25493,0,0,3.64845,3.72987,0,0.683695,6.47136,4.03744e+06,2.76295e+06,1.47304e+07,0,0,0,0,62.3362,61.308,5.11549,1,1,1.69344,2.22183,0.479893,1.30835,1.69344,8.39061e+06,3.69306e+06,1.4209e+07,0,0,0,0
69.23,122.105,2.51276,0,0,3.64858,3.73,0,0.683719,6.47136,4.03744e+06,2.76295e+06,1.47309e+07,0,0,0,0,62.3362,61.308,2.50257,1,1,1.69344,2.22191,0.47997,1.30835,1.69344,8.39061e+06,3.69306e+06,1.4209e+07,0,0,0,0
68.6355,122.105,2.10073,0,0,3.37392,3.44921,0,0.683744,6.47136,4.03744e+06,2.76295e+06,1.3622e+07,0,0,0,0,62.3362,61.308,2.90742,1,1,1.69344,1.9988,0.261728,1.30835,1.69344,8.39061e+06,3.69306e+06,1.4209e+07,0,0,0,0
68.3292,122.105,2.49517,0,0,3.37404,3.44933,0,0.632272,6.47136,4.03744e+06,2.76295e+06,1.36225e+07,0,0,0,0,62.3362,61.308,3.61349,1,1,1.69344,1.99887,0.261797,1.30835,1.69344,8.39061e+06,3.69306e+06,1.4209e+07,0,0,0,0
68.2522,122.105,2.62608,0,0,3.37416,3.44946,0,0.632295,6.47136,4.03744e+06,2.76295e+06,1.3623e+07,0,0,0,0,62.2135,61.308,2.3992,1,1,1.69344,1.99894,0.261867,1.30835,1.69344,8.39061e+06,3.69306e+06,1.4209e+07,0,0,0,0
68.9701,122.105,3.51098,0,0,3.37428,3.44958,0,0.632317,6.47136,4.03744e+06,2.76295e+06,1.36234e+07,0,0,0,0,62.3362,61.308,3.8004,1,1,1.69344,1.99901,0.261936,1.30835,1.69344,8.39061e+06,3.69306e+06,1.4209e+07,0,0,0,0
69.0867,122.105,2.96758,0,0,3.3744,3.4497,0,0.63234,6.47136,4.03744e+06,2.76295e+06,1.36239e+07,0,0,0,0,62.3362,61.308,4.49131,1,1,1.69344,1.99908,0.262006,1.30835,1.69344,8.39061e+06,3.69306e+06,1.4209e+07,0,0,0,0
70.415,122.105,4.36095,0,0,3.48022,3.55788,0,0.632362,6.47136,4.03744e+06,2.76295e+06,1.40512e+07,0,0,0,0,62.3362,61.308,5.12456,1,1,1.69344,2.06379,0.325296,1.30835,1.69344,8.39061e+06,3.69306e+06,1.4209e+07,0,0,0,0
71.0091,122.105,3.55019,0,0,3.48031,3.55798,0,0.652193,6.47136,4.03744e+06,2.76295e+06,1.40515e+07,0,0,0,0,62.3362,61.308,4.43959,1,1,1.69344,2.06384,0.32535,1.30835,1.69344,8.39061e+06,3.69306e+06,1.4209e+07,0,0,0,0
72.1109,122.105,4.16479,0,0,3.48041,3.55807,0,0.65221,6.47136,4.03744e+06,2.76295e+06,1.40519e+07,0,0,0,0,62.3362,61.308,5.44086,1,1,1.69344,2.0639,0.325404,1.30835,1.69344,8.39061e+06,3.69306e+06,1.4209e+07,0,0,0,0
73.4201,122.105,4.31911,0,0,3.4805,3.55817,0,0.652228,6.47136,4.03744e+06,2.76295e+06,1.40523e+07,0,0,0,0,62.3362,61.308,4.89086,1,1,1.69344,2.06395,0.325459,1.30835,1.69344,8.39061e+06,3.69306e+06,1.4209e+07,0,0,0,0
75.8399,122.105,5.89535,0,0,3.82008,3.90533,0,0.652245,6.47136,4.03744e+06,2.76295e+06,1.54233e+07,0,0,0,0,62.3362,61.308,6.24902,1,1,1.69344,2.30669,0.562899,1.30835,1.69344,8.39061e+06,3.69306e+06,1.4209e+07,0,0,0,0
77.2325,122.105,4.90939,0,0,3.82018,3.90543,0,0.715883,6.47136,4.03744e+06,2.76295e+06,1.54237e+07,0,0,0,0,62.3362,61.308,4.60521,1,1,1.69344,2.30675,0.562959,1.30835,1.69344,8.39061e+06,3.69306e+06,1.4209e+07,0,0,0,0
76.7622,122.105,2.80911,0,0,3.82029,3.90554,0,0.715902,6.47136,4.03744e+06,2.76295e+06,1.54242e+07,0,0,0,0,62.1103,61.308,2.89765,1,1,1.69344,2.30681,0.56302,1.30835,1.69344,8.39061e+06,3.69306e+06,1.4209e+07,0,0,0,0
77.2347,122.105,3.92575,0,0,3.82039,3.90564,0,0.715922,6.47136,4.03744e+06,2.76295e+06,1.54246e+07,0,0,0,0,62.1071,61.308,3.85291,1,1,1.69344,2.30688,0.563081,1.30835,1.69344,8.39061e+06,3.69306e+06,1.4209e+07,0,0,0,0
78.2198,122.105,4.49413,0,0,3.33622,3.41067,0,0.715941,6.47136,4.03744e+06,2.76295e+06,1.34698e+07,0,0,0,0,62.3362,61.308,4.66148,1,1,1.69344,1.98122,0.244532,1.30835,1.69344,8.39061e+06,3.69306e+06,1.4209e+07,0,0,0,0
78.5702,122.105,3.64643,0,0,3.33631,3.41076,0,0.625208,6.47136,4.03744e+06,2.76295e+06,1.34701e+07,0,0,0,0,62.3362,61.308,3.10905,1,1,1.69344,1.98127,0.244584,1.30835,1.69344,8.39061e+06,3.69306e+06,1.4209e+07,0,0,0,0
78.5008,122.105,3.05004,0,0,3.3364,3.41085,0,0.625224,6.47136,4.03744e+06,2.76295e+06,1.34705e+07,0,0,0,0,62.3362,61.308,2.72637,1,1,1.69344,1.98133,0.244636,1.30835,1.69344,8.39061e+06,3.69306e+06,1.4209e+07,0,0,0,0
81.4272,122.105,6.77431,0,0,3.33649,3.41095,0,0.625241,6.47136,4.03744e+06,2.76295e+06,1.34709e+07,0,0,0,0,62.3362,61.308,6.07204,1,1,1.69344,1.98138,0.244688,1.30835,1.69344,8.39061e+06,3.69306e+06,1.4209e+07,0,0,0,0
83.0326,122.105,5.16786,0,0,3.33658,3.41104,0,0.625258,6.47136,4.03744e+06,2.76295e+06,1.34712e+07,0,0,0,0,62.3362,61.308,7.1034,1,1,1.69344,1.98143,0.24474,1.30835,1.69344,8.39061e+06,3.69306e+06,1.4209e+07,0,0,0,0
84.7445,122.105,5.48127,0,0,3.45858,3.53576,0,0.625275,6.47136,4.03744e+06,2.76295e+06,1.39638e+07,0,0,0,0,62.3362,61.308,5.08369,1,1,1.69344,2.06118,0.322747,1.30835,1.69344,8.39061e+06,3.69306e+06,1.4209e+07,0,0,0,0
85.2145,122.105,3.84005,0,0,3.45868,3.53586,0,0.648138,6.47136,4.03744e+06,2.76295e+06,1.39642e+07,0,0,0,0,62.3362,61.308,3.61535,1,1,1.69344,2.06123,0.322801,1.30835,1.69344,8.39061e+06,3.69306e+06,1.4209e+07,0,0,0,0
85.2876,122.105,3.36307,0,0,3.45877,3.53595,0,0.648156,6.47136,4.03744e+06,2.76295e+06,1.39646e+07,0,0,0,0,62.3283,61.308,3.19984,1,1,1.69344,2.06129,0.322855,1.30835,1.69344,8.39061e+06,3.69306e+06,1.4209e+07,0,0,0,0
85.991,122.105,4.40532,0,0,3.45886,3.53605,0,0.648173,6.47136,4.03744e+06,2.76295e+06,1.39649e+07,0,0,0,0,62.3362,61.308,4.86121,1,1,1.69344,2.06135,0.322909,1.30835,1.69344,8.39061e+06,3.69306e+06,1.4209e+07,0,0,0,0
86.2591,122.105,3.56667,0,0,3.41128,3.48741,0,0.648191,6.47136,4.03744e+06,2.76295e+06,1.37728e+07,0,0,0,0,62.2345,61.308,3.18958,1,1,1.69344,2.03045,0.292684,1.30835,1.69344,8.39061e+06,3.69306e+06,1.4209e+07,0,0,0,0
86.2033,122.105,3.17275,0,0,3.41137,3.4875,0,0.639274,6.47136,4.03744e+06,2.76295e+06,1.37732e+07,0,0,0,0,62.0172,61.308,2.97624,1,1,1.69344,2.0305,0.292737,1.30835,1.69344,8.39061e+06,3.69306e+06,1.4209e+07,0,0,0,0
85.6497,122.105,2.58292,0,0,3.41146,3.48759,0,0.639291,6.47136,4.03744e+06,2.76295e+06,1.37736e+07,0,0,0,0,61.7043,61.308,2.46546,1,1,1.69344,2.03055,0.29279,1.30835,1.69344,8.39061e+06,3.69306e+06,1.4209e+07,0,0,0,0
84.8623,122.105,2.24533,0,0,3.41156,3.48769,0,0.639308,6.47136,4.03744e+06,2.76295e+06,1.37739e+07,0,0,0,0,61.3349,61.308,2.1587,1,1,1.69344,2.03061,0.292844,1.30835,1.69344,8.39061e+06,3.69306e+06,1.4209e+07,0,0,0,0
84.0385,122.105,2.2916,0,0,3.57349,3.65323,0,0.639326,6.47136,4.03744e+06,2.76295e+06,1.44277e+07,0,0,0,0,60.9681,61.308,2.2438,1,1,1.69344,2.14045,0.400289,1.30835,1.69344,8.39061e+06,3.69306e+06,1.4209e+07,0,0,0,0
83.1764,122.105,2.21373,0,0,3.57358,3.65333,0,0.669671,6.47136,4.03744e+06,2.76295e+06,1.44281e+07,0,0,0,0,60.5897,61.308,2.22934,1,1,1.69344,2.14051,0.400345,1.30835,1.69344,8.39061e+06,3.69306e+06,1.4209e+07,0,0,0,0
82.1401,122.105,1.99888,0,0,3.57368,3.65343,0,0.669689,6.47136,4.03744e+06,2.76295e+06,1.44285e+07,0,0,0,0,60.176,61.308,2.06687,1,1,1.69344,2.14057,0.400401,1.30835,1.69344,8.39061e+06,3.69306e+06,1.4209e+07,0,0,0,0
81.0755,122.105,1.92696,0,0,3.57377,3.65353,0,0.669707,6.47136,4.03744e+06,2.76295e+06,1.44289e+07,0,0,0,0,59.7211,61.308,1.86384,1,1,1.69344,2.14062,0.400457,1.30835,1.69344,8.39061e+06,3.69306e+06,1.4209e+07,0,0,0,0
79.8101,122.105,1.69332,0,0,3.57387,3.65362,0,0.669725,6.47136,4.03744e+06,2.76295e+06,1.44293e+07,0,0,0,0,59.2524,61.308,1.8265,1,1,1.69344,2.14068,0.400514,1.30835,1.69344,8.39061e+06,3.69306e+06,1.4209e+07,0,0,0,0
78.4015,122.105,1.50077,0,0,3.54196,3.621,0,0.669743,6.47136,4.03744e+06,2.76295e+06,1.43004e+07,0,0,0,0,58.7686,61.308,1.89059,1,1,1.69344,2.20109,0.459602,1.30835,1.69344,8.39061e+06,3.69306e+06,1.4209e+07,0,0,0,0
76.9722,122.105,1.43404,0,0,3.54205,3.6211,0,0.663763,6.47136,4.03744e+06,2.76295e+06,1.43008e+07,0,0,0,0,58.2527,61.308,1.82617,1,1,1.69344,2.20115,0.45966,1.30835,1.69344,8.39061e+06,3.69306e+06,1.4209e+07,0,0,0,0
75.5076,122.105,1.34579,0,0,3.54215,3.62119,0,0.663781,6.47136,4.03744e+06,2.76295e+06,1.43012e+07,0,0,0,0,57.6481,61.308,1.72141,1,1,1.69344,2.20121,0.459718,1.30835,1.69344,8.39061e+06,3.69306e+06,1.4209e+07,0,0,0,0
74.0134,122.105,1.26378,0,0,3.54224,3.62129,0,0.663798,6.47136,4.03744e+06,2.76295e+06,1.43016e+07,0,0,0,0,56.8338,61.308,1.62152,1,1,1.69344,2.20127,0.459776,1.30835,1.69344,8.39061e+06,3.69306e+06,1.4209e+07,0,0,0,0
72.4648,122.105,1.1904,0,0,3.62501,3.7059,0,0.663816,6.47136,4.03744e+06,2.76295e+06,1.46357e+07,0,0,0,0,56.0006,61.308,1.43504,1,1,1.69344,2.25512,0.51245,1.30835,1.69344,8.39061e+06,3.69306e+06,1.4209e+07,0,0,0,0
70.941,122.105,1.16134,0,0,3.62511,3.706,0,0.679327,6.47136,4.03744e+06,2.76295e+06,1.46361e+07,0,0,0,0,55.0702,61.308,1.43237,1,1,1.69344,2.25518,0.512509,1.30835,1.69344,8.39061e+06,3.69306e+06,1.4209e+07,0,0,0,0
69.3481,122.105,1.03157,0,0,3.6252,3.7061,0,0.679345,6.47136,4.03744e+06,2.76295e+06,1.46365e+07,0,0,0,0,54.1032,61.308,1.32015,1,1,1.69344,2.25524,0.512568,1.30835,1.69344,8.39061e+06,3.69306e+06,1.4209e+07,0,0,0,0
67.7515,122.105,0.962143,0,0,3.6253,3.7062,0,0.679363,6.47136,4.03744e+06,2.76295e+06,1.46369e+07,0,0,0,0,53.0664,61.308,1.26286,1,1,1.69344,2.2553,0.512628,1.30835,1.69344,8.39061e+06,3.69306e+06,1.4209e+07,0,0,0,0
65.9921,122.105,0.855761,0,0,3.86752,3.95383,0,0.679381,6.47136,4.03744e+06,2.76295e+06,1.56149e+07,0,0,0,0,51.9997,61.308,1.16959,1,1,1.69344,2.44954,0.702625,1.30835,1.69344,8.39061e+06,3.69306e+06,1.4209e+07,0,0,0,0
64.3547,122.105,0.874637,0,0,3.86763,3.95394,0,0.724774,6.47136,4.03744e+06,2.76295e+06,1.56153e+07,0,0,0,0,50.881,61.308,1.14014,1,1,1.69344,2.4496,0.702689,1.30835,1.69344,8.39061e+06,3.69306e+06,1.4209e+07,0,0,0,0
62.7239,122.105,0.795003,0,0,3.86773,3.95404,0,0.724793,6.47136,4.03744e+06,2.76295e+06,1.56157e+07,0,0,0,0,49.8248,61.308,1.09192,1,1,1.69344,2.44967,0.702754,1.30835,1.69344,8.39061e+06,3.69306e+06,1.4209e+07,0,0,0,0
61.2106,122.105,0.805418,0,0,3.86783,3.95415,0,0.724813,6.47136,4.03744e+06,2.76295e+06,1.56161e+07,0,0,0,0,49.0367,61.308,1.17809,1,1,1.69344,2.44973,0.702818,1.30835,1.69344,8.39061e+06,3.69306e+06,1.4209e+07,0,0,0,0
59.8338,122.105,0.86659,0,0,3.86794,3.95425,0,0.724832,6.47136,4.03744e+06,2.76295e+06,1.56166e+07,0,0,0,0,48.4039,61.308,1.40897,1,1,1.69344,2.4498,0.702882,1.30835,1.69344,8.39061e+06,3.69306e+06,1.4209e+07,0,0,0,0
58.5746,122.105,0.824039,0,0,3.75002,3.83371,0,0.724852,6.47136,4.03744e+06,2.76295e+06,1.51405e+07,0,0,0,0,47.9511,61.308,2.49215,1,1,1.69344,2.33199,0.587646,1.30835,1.69344,8.39061e+06,3.69306e+06,1.4209e+07,0,0,0,0
57.3447,122.105,0.701716,0,0,3.75012,3.83381,0,0.702754,6.47136,4.03744e+06,2.76295e+06,1.51409e+07,0,0,0,0,47.1682,61.308,1.43748,1,1,1.69344,2.33205,0.587708,1.30835,1.69344,8.39061e+06,3.69306e+06,1.4209e+07,0,0,0,0
56.2215,122.105,0.681061,0,0,3.75023,3.83391,0,0.702773,6.47136,4.03744e+06,2.76295e+06,1.51413e+07,0,0,0,0,46.5444,61.308,1.31736,1,1,1.69344,2.33212,0.587769,1.30835,1.69344,8.39061e+06,3.69306e+06,1.4209e+07,0,0,0,0
55.6908,122.105,1.45932,0,0,3.75033,3.83402,0,0.702792,6.47136,4.03744e+06,2.76295e+06,1.51417e+07,0,0,0,0,46.0071,61.308,2.07095,1,1,1.69344,2.33218,0.58783,1.30835,1.69344,8.39061e+06,3.69306e+06,1.4209e+07,0,0,0,0
55.542,122.105,1.57071,0,0,3.65354,3.73508,0,0.702811,6.47136,4.03744e+06,2.76295e+06,1.47509e+07,0,0,0,0,45.3535,61.308,1.26122,1,1,1.69344,2.22493,0.482927,1.30835,1.69344,8.39061e+06,3.69306e+06,1.4209e+07,0,0,0,0
55.0129,122.105,1.21653,0,0,3.65364,3.73518,0,0.684674,6.47136,4.03744e+06,2.76295e+06,1.47513e+07,0,0,0,0,44.9078,61.308,1.48499,1,1,1.69344,2.22499,0.482986,1.30835,1.69344,8.39061e+06,3.69306e+06,1.4209e+07,0,0,0,0
56.1453,122.105,3.07983,0,0,3.65374,3.73528,0,0.684693,6.47136,4.03744e+06,2.76295e+06,1.47517e+07,0,0,0,0,44.5449,61.308,2.88385,1,1,1.69344,2.22505,0.483044,1.30835,1.69344,8.39061e+06,3.69306e+06,1.4209e+07,0,0,0,0
56.0853,122.105,1.81929,0,0,3.65384,3.73538,0,0.684711,6.47136,4.03744e+06,2.76295e+06,1.47521e+07,0,0,0,0,44.1111,61.308,1.39746,1,1,1.69344,2.22511,0.483103,1.30835,1.69344,8.39061e+06,3.69306e+06,1.4209e+07,0,0,0,0
56.8943,122.105,2.68011,0,0,3.37875,3.45415,0,0.684729,6.47136,4.03744e+06,2.76295e+06,1.36415e+07,0,0,0,0,43.8574,61.308,1.72892,1,1,1.69344,2.00166,0.264529,1.30835,1.69344,8.39061e+06,3.69306e+06,1.4209e+07,0,0,0,0
58.5187,122.105,3.7299,0,0,3.37884,3.45425,0,0.633178,6.47136,4.03744e+06,2.76295e+06,1.36419e+07,0,0,0,0,43.7713,61.308,2.38727,1,1,1.69344,2.00172,0.264582,1.30835,1.69344,8.39061e+06,3.69306e+06,1.4209e+07,0,0,0,0
59.8127,122.105,3.62253,0,0,3.37893,3.45434,0,0.633195,6.47136,4.03744e+06,2.76295e+06,1.36422e+07,0,0,0,0,43.7046,61.308,2.36062,1,1,1.69344,2.00177,0.264634,1.30835,1.69344,8.39061e+06,3.69306e+06,1.4209e+07,0,0,0,0
62.2255,122.105,4.84131,0,0,3.37903,3.45443,0,0.633212,6.47136,4.03744e+06,2.76295e+06,1.36426e+07,0,0,0,0,43.7719,61.308,3.04956,1,1,1.69344,2.00182,0.264687,1.30835,1.69344,8.39061e+06,3.69306e+06,1.4209e+07,0,0,0,0
64.25,122.105,5.00728,0,0,3.37912,3.45452,0,0.633229,6.47136,4.03744e+06,2.76295e+06,1.3643e+07,0,0,0,0,43.8758,61.308,3.30026,1,1,1.69344,2.00188,0.264739,1.30835,1.69344,8.39061e+06,3.69306e+06,1.4209e+07,0,0,0,0
64.3864,122.105,3.12303,0,0,3.48505,3.56282,0,0.633246,6.47136,4.03744e+06,2.76295e+06,1.40707e+07,0,0,0,0,44.6307,61.308,3.93243,1,1,1.69344,2.06665,0.3281,1.30835,1.69344,8.39061e+06,3.69306e+06,1.4209e+07,0,0,0,0
64.266,122.105,2.7523,0,0,3.48512,3.56289,0,0.653099,6.47136,4.03744e+06,2.76295e+06,1.40709e+07,0,0,0,0,45.3758,61.308,3.95232,1,1,1.69344,2.06669,0.328137,1.30835,1.69344,8.39061e+06,3.69306e+06,1.4209e+07,0,0,0,0
64.0658,122.105,2.57299,0,0,3.48518,3.56295,0,0.653111,6.47136,4.03744e+06,2.76295e+06,1.40712e+07,0,0,0,0,45.9184,61.308,3.36675,1,1,1.69344,2.06673,0.328174,1.30835,1.69344,8.39061e+06,3.69306e+06,1.4209e+07,0,0,0,0
64.3798,122.105,3.27154,0,0,3.48524,3.56302,0,0.653123,6.47136,4.03744e+06,2.76295e+06,1.40714e+07,0,0,0,0,46.66,61.308,3.94218,1,1,1.69344,2.06677,0.328211,1.30835,1.69344,8.39061e+06,3.69306e+06,1.4209e+07,0,0,0,0
63.7035,122.105,2.16857,0,0,3.82526,3.91062,0,0.653135,6.47136,4.03744e+06,2.76295e+06,1.54442e+07,0,0,0,0,46.8954,61.308,2.52397,1,1,1.69344,2.30982,0.565955,1.30835,1.69344,8.39061e+06,3.69306e+06,1.4209e+07,0,0,0,0
63.0647,122.105,2.21732,0,0,3.82533,3.91069,0,0.716853,6.47136,4.03744e+06,2.76295e+06,1.54445e+07,0,0,0,0,47.2958,61.308,3.06393,1,1,1.69344,2.30986,0.565996,1.30835,1.69344,8.39061e+06,3.69306e+06,1.4209e+07,0,0,0,0
62.8838,122.105,2.63374,0,0,3.8254,3.91076,0,0.716866,6.47136,4.03744e+06,2.76295e+06,1.54448e+07,0,0,0,0,47.4899,61.308,2.9011,1,1,1.69344,2.3099,0.566037,1.30835,1.69344,8.39061e+06,3.69306e+06,1.4209e+07,0,0,0,0
62.3355,122.105,2.16484,0,0,3.82547,3.91083,0,0.716879,6.47136,4.03744e+06,2.76295e+06,1.54451e+07,0,0,0,0,47.6487,61.308,2.55768,1,1,1.69344,2.30994,0.566079,1.30835,1.69344,8.39061e+06,3.69306e+06,1.4209e+07,0,0,0,0
62.5732,122.105,2.75334,0,0,3.34062,3.41517,0,0.716892,6.47136,4.03744e+06,2.76295e+06,1.34876e+07,0,0,0,0,47.6765,61.308,2.40986,1,1,1.69344,1.98383,0.24709,1.30835,1.69344,8.39061e+06,3.69306e+06,1.4209e+07,0,0,0,0
62.8676,122.105,2.8703,0,0,3.34068,3.41524,0,0.626033,6.47136,4.03744e+06,2.76295e+06,1.34878e+07,0,0,0,0,47.6869,61.308,2.31199,1,1,1.69344,1.98387,0.247126,1.30835,1.69344,8.39061e+06,3.69306e+06,1.4209e+07,0,0,0,0
63.449,122.105,3.28274,0,0,3.34075,3.4153,0,0.626044,6.47136,4.03744e+06,2.76295e+06,1.3488e+07,0,0,0,0,47.9819,61.308,2.88361,1,1,1.69344,1.98391,0.247161,1.30835,1.69344,8.39061e+06,3.69306e+06,1.4209e+07,0,0,0,0
64.825,122.105,4.27479,0,0,3.34081,3.41536,0,0.626056,6.47136,4.03744e+06,2.76295e+06,1.34883e+07,0,0,0,0,48.5324,61.308,3.46413,1,1,1.69344,1.98394,0.247197,1.30835,1.69344,8.39061e+06,3.69306e+06,1.4209e+07,0,0,0,0
66.6079,122.105,4.65166,0,0,3.34087,3.41542,0,0.626067,6.47136,4.03744e+06,2.76295e+06,1.34885e+07,0,0,0,0,49.3599,61.308,4.45312,1,1,1.69344,1.98398,0.247232,1.30835,1.69344,8.39061e+06,3.69306e+06,1.4209e+07,0,0,0,0
67.3636,122.105,3.77113,0,0,3.463,3.54028,0,0.626079,6.47136,4.03744e+06,2.76295e+06,1.39816e+07,0,0,0,0,49.7999,61.308,3.3966,1,1,1.69344,2.06381,0.325321,1.30835,1.69344,8.39061e+06,3.69306e+06,1.4209e+07,0,0,0,0
67.5277,122.105,3.13193,0,0,3.46306,3.54034,0,0.648966,6.47136,4.03744e+06,2.76295e+06,1.39819e+07,0,0,0,0,50.0014,61.308,2.83789,1,1,1.69344,2.06385,0.325358,1.30835,1.69344,8.39061e+06,3.69306e+06,1.4209e+07,0,0,0,0
67.777,122.105,3.20235,0,0,3.46313,3.54041,0,0.648978,6.47136,4.03744e+06,2.76295e+06,1.39821e+07,0,0,0,0,50.175,61.308,2.73816,1,1,1.69344,2.06389,0.325395,1.30835,1.69344,8.39061e+06,3.69306e+06,1.4209e+07,0,0,0,0
67.6236,122.105,2.7339,0,0,3.46319,3.54047,0,0.64899,6.47136,4.03744e+06,2.76295e+06,1.39824e+07,0,0,0,0,50.2015,61.308,2.44023,1,1,1.69344,2.06392,0.325432,1.30835,1.69344,8.39061e+06,3.69306e+06,1.4209e+07,0,0,0,0
67.3718,122.105,2.48539,0,0,3.41552,3.49174,0,0.649001,6.47136,4.03744e+06,2.76295e+06,1.37899e+07,0,0,0,0,50.1739,61.308,2.49451,1,1,1.69344,2.03297,0.295151,1.30835,1.69344,8.39061e+06,3.69306e+06,1.4209e+07,0,0,0,0
67.0251,122.105,2.28471,0,0,3.41558,3.4918,0,0.640068,6.47136,4.03744e+06,2.76295e+06,1.37902e+07,0,0,0,0,50.0932,61.308,2.20932,1,1,1.69344,2.033,0.295187,1.30835,1.69344,8.39061e+06,3.69306e+06,1.4209e+07,0,0,0,0
66.6545,122.105,2.27553,0,0,3.41564,3.49187,0,0.64008,6.47136,4.03744e+06,2.76295e+06,1.37904e+07,0,0,0,0,50.0469,61.308,2.41045,1,1,1.69344,2.03304,0.295223,1.30835,1.69344,8.39061e+06,3.69306e+06,1.4209e+07,0,0,0,0
66.1832,122.105,2.11169,0,0,3.41571,3.49193,0,0.640092,6.47136,4.03744e+06,2.76295e+06,1.37907e+07,0,0,0,0,49.9407,61.308,2.23318,1,1,1.69344,2.03308,0.29526,1.30835,1.69344,8.39061e+06,3.69306e+06,1.4209e+07,0,0,0,0
65.5956,122.105,2.03105,0,0,3.5778,3.65764,0,0.640103,6.47136,4.03744e+06,2.76295e+06,1.44451e+07,0,0,0,0,49.7781,61.308,2.08847,1,1,1.69344,2.14304,0.402818,1.30835,1.69344,8.39061e+06,3.69306e+06,1.4209e+07,0,0,0,0
64.7842,122.105,1.70978,0,0,3.57787,3.65771,0,0.67048,6.47136,4.03744e+06,2.76295e+06,1.44454e+07,0,0,0,0,49.5613,61.308,2.09576,1,1,1.69344,2.14308,0.402856,1.30835,1.69344,8.39061e+06,3.69306e+06,1.4209e+07,0,0,0,0
63.9981,122.105,1.71571,0,0,3.57793,3.65778,0,0.670492,6.47136,4.03744e+06,2.76295e+06,1.44457e+07,0,0,0,0,49.4585,61.308,2.13358,1,1,1.69344,2.14312,0.402894,1.30835,1.69344,8.39061e+06,3.69306e+06,1.4209e+07,0,0,0,0
63.1688,122.105,1.58784,0,0,3.578,3.65784,0,0.670505,6.47136,4.03744e+06,2.76295e+06,1.44459e+07,0,0,0,0,49.309,61.308,2.01571,1,1,1.69344,2.14315,0.402932,1.30835,1.69344,8.39061e+06,3.69306e+06,1.4209e+07,0,0,0,0
62.3945,122.105,1.60129,0,0,3.57806,3.65791,0,0.670517,6.47136,4.03744e+06,2.76295e+06,1.44462e+07,0,0,0,0,49.1927,61.308,2.01611,1,1,1.69344,2.14319,0.40297,1.30835,1.69344,8.39061e+06,3.69306e+06,1.4209e+07,0,0,0,0
62.026,122.105,2.09939,0,0,3.54608,3.62522,0,0.670529,6.47136,4.03744e+06,2.76295e+06,1.43171e+07,0,0,0,0,49.2549,61.308,2.61643,1,1,1.69344,2.20365,0.46211,1.30835,1.69344,8.39061e+06,3.69306e+06,1.4209e+07,0,0,0,0
61.5289,122.105,1.92013,0,0,3.54615,3.62528,0,0.664536,6.47136,4.03744e+06,2.76295e+06,1.43173e+07,0,0,0,0,49.2529,61.308,2.33836,1,1,1.69344,2.20369,0.462149,1.30835,1.69344,8.39061e+06,3.69306e+06,1.4209e+07,0,0,0,0
61.0103,122.105,1.82285,0,0,3.54621,3.62535,0,0.664548,6.47136,4.03744e+06,2.76295e+06,1.43176e+07,0,0,0,0,49.1464,61.308,2.30119,1,1,1.69344,2.20373,0.462188,1.30835,1.69344,8.39061e+06,3.69306e+06,1.4209e+07,0,0,0,0
60.375,122.105,1.64897,0,0,3.54628,3.62541,0,0.66456,6.47136,4.03744e+06,2.76295e+06,1.43179e+07,0,0,0,0,48.9792,61.308,2.20879,1,1,1.69344,2.20377,0.462228,1.30835,1.69344,8.39061e+06,3.69306e+06,1.4209e+07,0,0,0,0
59.8273,122.105,1.7155,0,0,3.6291,3.71009,0,0.664572,6.47136,4.03744e+06,2.76295e+06,1.46523e+07,0,0,0,0,48.8778,61.308,2.28758,1,1,1.69344,2.25766,0.514943,1.30835,1.69344,8.39061e+06,3.69306e+06,1.4209e+07,0,0,0,0
59.2253,122.105,1.5832,0,0,3.62917,3.71016,0,0.680094,6.47136,4.03744e+06,2.76295e+06,1.46525e+07,0,0,0,0,48.6336,61.308,2.18693,1,1,1.69344,2.25771,0.514983,1.30835,1.69344,8.39061e+06,3.69306e+06,1.4209e+07,0,0,0,0
58.5816,122.105,1.44994,0,0,3.62924,3.71023,0,0.680107,6.47136,4.03744e+06,2.76295e+06,1.46528e+07,0,0,0,0,48.3382,61.308,1.95577,1,1,1.69344,2.25775,0.515023,1.30835,1.69344,8.39061e+06,3.69306e+06,1.4209e+07,0,0,0,0
58.0208,122.105,1.53281,0,0,3.6293,3.71029,0,0.680119,6.47136,4.03744e+06,2.76295e+06,1.46531e+07,0,0,0,0,48.1143,61.308,2.20354,1,1,1.69344,2.25779,0.515063,1.30835,1.69344,8.39061e+06,3.69306e+06,1.4209e+07,0,0,0,0
57.5509,122.105,1.71979,0,0,3.87176,3.95816,0,0.680131,6.47136,4.03744e+06,2.76295e+06,1.5632e+07,0,0,0,0,47.9365,61.308,2.32869,1,1,1.69344,2.45222,0.70525,1.30835,1.69344,8.39061e+06,3.69306e+06,1.4209e+07,0,0,0,0
57.1815,122.105,1.71257,0,0,3.87183,3.95823,0,0.725568,6.47136,4.03744e+06,2.76295e+06,1.56323e+07,0,0,0,0,47.6603,61.308,2.23873,1,1,1.69344,2.45226,0.705294,1.30835,1.69344,8.39061e+06,3.69306e+06,1.4209e+07,0,0,0,0
56.9379,122.105,1.8548,0,0,3.8719,3.95831,0,0.725581,6.47136,4.03744e+06,2.76295e+06,1.56326e+07,0,0,0,0,47.5445,61.308,2.75755,1,1,1.69344,2.45231,0.705337,1.30835,1.69344,8.39061e+06,3.69306e+06,1.4209e+07,0,0,0,0
56.4707,122.105,1.53317,0,0,3.87197,3.95838,0,0.725594,6.47136,4.03744e+06,2.76295e+06,1.56328e+07,0,0,0,0,47.1969,61.308,1.92291,1,1,1.69344,2.45235,0.705381,1.30835,1.69344,8.39061e+06,3.69306e+06,1.4209e+07,0,0,0,0
56.3434,122.105,1.97783,0,0,3.87204,3.95845,0,0.725607,6.47136,4.03744e+06,2.76295e+06,1.56331e+07,0,0,0,0,47.3059,61.308,3.64833,1,1,1.69344,2.4524,0.705425,1.30835,1.69344,8.39061e+06,3.69306e+06,1.4209e+07,0,0,0,0
56.7744,122.105,2.55986,0,0,3.75397,3.83774,0,0.725621,6.47136,4.03744e+06,2.76295e+06,1.51564e+07,0,0,0,0,47.5035,61.308,2.80543,1,1,1.69344,2.33444,0.590047,1.30835,1.69344,8.39061e+06,3.69306e+06,1.4209e+07,0,0,0,0
56.4441,122.105,1.73274,0,0,3.75404,3.83781,0,0.703494,6.47136,4.03744e+06,2.76295e+06,1.51567e+07,0,0,0,0,47.047,61.308,2.14237,1,1,1.69344,2.33449,0.590088,1.30835,1.69344,8.39061e+06,3.69306e+06,1.4209e+07,0,0,0,0
55.9265,122.105,1.35139,0,0,3.75411,3.83788,0,0.703507,6.47136,4.03744e+06,2.76295e+06,1.5157e+07,0,0,0,0,46.8389,61.308,1.65545,1,1,1.69344,2.33453,0.59013,1.30835,1.69344,8.39061e+06,3.69306e+06,1.4209e+07,0,0,0,0
56.93,122.105,3.27175,0,0,3.75418,3.83795,0,0.70352,6.47136,4.03744e+06,2.76295e+06,1.51572e+07,0,0,0,0,47.0568,61.308,3.24295,1,1,1.69344,2.33457,0.590171,1.30835,1.69344,8.39061e+06,3.69306e+06,1.4209e+07,0,0,0,0
58.2443,122.105,4.0704,0,0,3.65726,3.73888,0,0.703532,6.47136,4.03744e+06,2.76295e+06,1.4766e+07,0,0,0,0,47.8146,61.308,4.19286,1,1,1.69344,2.2272,0.485142,1.30835,1.69344,8.39061e+06,3.69306e+06,1.4209e+07,0,0,0,0
60.0704,122.105,4.79879,0,0,3.65733,3.73895,0,0.685371,6.47136,4.03744e+06,2.76295e+06,1.47662e+07,0,0,0,0,48.5398,61.308,5.12238,1,1,1.69344,2.22724,0.485182,1.30835,1.69344,8.39061e+06,3.69306e+06,1.4209e+07,0,0,0,0
61.4973,122.105,4.7752,0,0,3.6574,3.73901,0,0.685383,6.47136,4.03744e+06,2.76295e+06,1.47665e+07,0,0,0,0,49.7975,61.308,6.84016,1,1,1.69344,2.22728,0.485222,1.30835,1.69344,8.39061e+06,3.69306e+06,1.4209e+07,0,0,0,0
62.939,122.105,4.89186,0,0,3.65746,3.73908,0,0.685396,6.47136,4.03744e+06,2.76295e+06,1.47668e+07,0,0,0,0,50.5867,61.308,4.80708,1,1,1.69344,2.22732,0.485262,1.30835,1.69344,8.39061e+06,3.69306e+06,1.4209e+07,0,0,0,0
64.4291,122.105,4.60286,0,0,3.38208,3.45755,0,0.685408,6.47136,4.03744e+06,2.76295e+06,1.36549e+07,0,0,0,0,51.1341,61.308,3.83028,1,1,1.69344,2.00363,0.266454,1.30835,1.69344,8.39061e+06,3.69306e+06,1.4209e+07,0,0,0,0
66.0778,122.105,4.61052,0,0,3.38214,3.45761,0,0.633801,6.47136,4.03744e+06,2.76295e+06,1.36552e+07,0,0,0,0,51.5164,61.308,3.16884,1,1,1.69344,2.00367,0.26649,1.30835,1.69344,8.39061e+06,3.69306e+06,1.4209e+07,0,0,0,0
67.5576,122.105,4.72452,0,0,3.3822,3.45768,0,0.633812,6.47136,4.03744e+06,2.76295e+06,1.36554e+07,0,0,0,0,52.1332,61.308,3.4842,1,1,1.69344,2.0037,0.266526,1.30835,1.69344,8.39061e+06,3.69306e+06,1.4209e+07,0,0,0,0
71.9545,122.105,8.45931,0,0,3.38226,3.45774,0,0.633824,6.47136,4.03744e+06,2.76295e+06,1.36557e+07,0,0,0,0,54.7875,61.308,7.94242,1,1,1.69344,2.00374,0.266561,1.30835,1.69344,8.39061e+06,3.69306e+06,1.4209e+07,0,0,0,0
73.8356,122.105,5.67479,0,0,3.38232,3.4578,0,0.633836,6.47136,4.03744e+06,2.76295e+06,1.36559e+07,0,0,0,0,55.6049,61.308,4.24983,1,1,1.69344,2.00378,0.266597,1.30835,1.69344,8.39061e+06,3.69306e+06,1.4209e+07,0,0,0,0
77.0926,122.105,6.99531,0,0,3.38232,3.4578,0,0.633847,6.47136,4.03744e+06,2.76295e+06,1.36559e+07,0,0,0,0,55.7626,61.308,4.17788,1,1,1.69344,2.00378,0.266597,1.30835,1.69344,8.39061e+06,3.69306e+06,1.4209e+07,0,0,0,0
82.5574,122.105,10.1129,0,0,3.48833,3.56617,0,0.633847,6.47136,4.03744e+06,2.76295e+06,1.40839e+07,0,0,0,0,56.4379,61.308,5.19634,1,1,1.69344,2.0686,0.330001,1.30835,1.69344,8.39061e+06,3.69306e+06,1.4209e+07,0,0,0,0
89.2228,122.105,11.19,0,0,3.48836,3.56621,0,0.653713,6.47136,4.03744e+06,2.76295e+06,1.4084e+07,0,0,0,0,57.4412,61.308,5.88709,1,1,1.69344,2.06862,0.33002,1.30835,1.69344,8.39061e+06,3.69306e+06,1.4209e+07,0,0,0,0
93.5961,122.105,8.704,0,0,3.4884,3.56624,0,0.653719,6.47136,4.03744e+06,2.76295e+06,1.40842e+07,0,0,0,0,58.1247,61.308,4.65064,1,1,1.69344,2.06864,0.33004,1.30835,1.69344,8.39061e+06,3.69306e+06,1.4209e+07,0,0,0,0
97.5469,122.105,8.59097,0,0,3.48843,3.56628,0,0.653726,6.47136,4.03744e+06,2.76295e+06,1.40843e+07,0,0,0,0,59.0534,61.308,5.39091,1,1,1.69344,2.06866,0.33006,1.30835,1.69344,8.39061e+06,3.69306e+06,1.4209e+07,0,0,0,0
101.803,122.105,9.15354,0,0,3.82872,3.91416,0,0.653732,6.47136,4.03744e+06,2.76295e+06,1.54582e+07,0,0,0,0,60.0169,61.308,5.48547,1,1,1.69344,2.31191,0.568003,1.30835,1.69344,8.39061e+06,3.69306e+06,1.4209e+07,0,0,0,0
105.764,122.105,8.79453,0,0,3.82876,3.9142,0,0.717503,6.47136,4.03744e+06,2.76295e+06,1.54584e+07,0,0,0,0,60.6878,61.308,4.81421,1,1,1.69344,2.31193,0.568025,1.30835,1.69344,8.39061e+06,3.69306e+06,1.4209e+07,0,0,0,0
110.342,122.105,9.4374,0,0,3.8288,3.91424,0,0.71751,6.47136,4.03744e+06,2.76295e+06,1.54585e+07,0,0,0,0,61.3795,61.308,4.71684,1,1,1.69344,2.31195,0.568047,1.30835,1.69344,8.39061e+06,3.69306e+06,1.4209e+07,0,0,0,0
113.431,122.105,7.97512,0,0,3.82883,3.91428,0,0.717517,6.47136,4.03744e+06,2.76295e+06,1.54587e+07,0,0,0,0,61.7141,61.308,3.67735,1,1,1.69344,2.31198,0.568069,1.30835,1.69344,8.39061e+06,3.69306e+06,1.4209e+07,0,0,0,0
117.464,122.105,9.06663,0,0,3.34354,3.41815,0,0.717524,6.47136,4.03744e+06,2.76295e+06,1.34993e+07,0,0,0,0,62.3362,61.308,4.64233,1,1,1.69344,1.98557,0.248783,1.30835,1.69344,8.39061e+06,3.69306e+06,1.4209e+07,0,0,0,0
120.696,122.105,8.25283,0,0,3.34357,3.41818,0,0.626579,6.47136,4.03744e+06,2.76295e+06,1.34995e+07,0,0,0,0,62.3362,61.308,4.78575,1,1,1.69344,1.98558,0.248802,1.30835,1.69344,8.39061e+06,3.69306e+06,1.4209e+07,0,0,0,0
122.105,122.105,9.12077,0,0,3.3436,3.41822,0,0.626585,6.47136,4.03744e+06,2.76295e+06,1.34996e+07,0,0,0,0,62.3362,61.308,5.99293,1,1,1.69344,1.9856,0.248821,1.30835,1.69344,8.39061e+06,3.69306e+06,1.4209e+07,0,0,0,0
122.105,122.105,15.8947,0,0,3.34364,3.41825,0,0.626591,6.47136,4.03744e+06,2.76295e+06,1.34997e+07,0,0,0,0,62.3362,61.308,8.64975,1,1,1.69344,1.98562,0.24884,1.30835,1.69344,8.39061e+06,3.69306e+06,1.4209e+07,0,0,0,0
122.105,122.105,11.3664,0,0,3.34367,3.41828,0,0.626597,6.47136,4.03744e+06,2.76295e+06,1.34998e+07,0,0,0,0,62.3362,61.308,9.83224,1,1,1.69344,1.98564,0.248859,1.30835,1.69344,8.39061e+06,3.69306e+06,1.4209e+07,0,0,0,0
122.105,122.105,12.5824,0.33,0,3.46587,3.54322,0,0.626603,6.47136,4.03744e+06,2.76295e+06,1.39932e+07,0,0,0,0,62.3362,61.308,10.8019,1,1,1.69344,2.06552,0.326996,1.30835,1.69344,8.39061e+06,3.69306e+06,1.4209e+07,0,0,0,0
122.105,122.105,10.3453,0.59,0,3.15653,3.54325,0,0.649504,6.47136,4.03744e+06,2.76295e+06,1.27443e+07,0,0,0,0,62.3362,61.308,8.22149,1,1,1.69344,2.06554,0.146663,1.30835,1.69344,8.39061e+06,3.69306e+06,1.4209e+07,0,0,0,0
122.105,122.105,8.63101,0.59,0,3.15656,3.54329,0,0.591533,6.47136,4.03744e+06,2.76295e+06,1.27444e+07,0,0,0,0,62.3362,61.308,7.65511,1,1,1.69344,2.06556,0.146681,1.30835,1.69344,8.39061e+06,3.69306e+06,1.4209e+07,0,0,0,0
122.105,122.105,8.56878,0.52,0,3.15659,3.54332,0,0.591539,6.47136,4.03744e+06,2.76295e+06,1.27445e+07,0,0,0,0,62.3362,61.308,6.58204,1,1,1.69344,2.06558,0.146699,1.30835,1.69344,8.39061e+06,3.69306e+06,1.4209e+07,0,0,0,0
122.105,122.105,7.77623,0.51,0,3.11311,3.49452,0,0.591545,6.47136,4.03744e+06,2.76295e+06,1.2569e+07,0,0,0,0,62.3362,61.308,5.72457,1,1,1.69344,2.03459,0.119084,1.30835,1.69344,8.39061e+06,3.69306e+06,1.4209e+07,0,0,0,0
122.105,122.105,7.16459,0.48,0,3.11314,3.49455,0,0.583398,6.47136,4.03744e+06,2.76295e+06,1.25691e+07,0,0,0,0,62.3362,61.308,5.36769,1,1,1.69344,2.03461,0.119102,1.30835,1.69344,8.39061e+06,3.69306e+06,1.4209e+07,0,0,0,0
122.105,122.105,6.59899,0.45,0,3.11317,3.49459,0,0.583403,6.47136,4.03744e+06,2.76295e+06,1.25692e+07,0,0,0,0,62.3362,61.308,5.08893,1,1,1.69344,2.03463,0.119119,1.30835,1.69344,8.39061e+06,3.69306e+06,1.4209e+07,0,0,0,0
122.105,122.105,7.02242,0.43,0,3.11321,3.49462,0,0.583409,6.47136,4.03744e+06,2.76295e+06,1.25694e+07,0,0,0,0,62.3362,61.308,5.03736,1,1,1.69344,2.03465,0.119137,1.30835,1.69344,8.39061e+06,3.69306e+06,1.4209e+07,0,0,0,0
122.105,122.105,6.24124,0.4,0,3.26092,3.66043,0,0.583415,6.47136,4.03744e+06,2.76295e+06,1.31657e+07,0,0,0,0,62.3362,61.308,4.60872,1,1,1.69344,2.14467,0.217153,1.30835,1.69344,8.39061e+06,3.69306e+06,1.4209e+07,0,0,0,0
122.105,122.105,5.80623,0.39,0,3.58056,3.66047,0,0.611096,6.47136,4.03744e+06,2.76295e+06,1.44563e+07,0,0,0,0,62.3362,61.308,4.38216,1,1,1.69344,2.14469,0.404435,1.30835,1.69344,8.39061e+06,3.69306e+06,1.4209e+07,0,0,0,0
122.105,122.105,5.60421,0.38,0,3.5806,3.6605,0,0.670997,6.47136,4.03744e+06,2.76295e+06,1.44564e+07,0,0,0,0,62.3362,61.308,4.20984,1,1,1.69344,2.14471,0.404455,1.30835,1.69344,8.39061e+06,3.69306e+06,1.4209e+07,0,0,0,0
122.105,122.105,5.08581,0.38,0,3.58063,3.66054,0,0.671004,6.47136,4.03744e+06,2.76295e+06,1.44566e+07,0,0,0,0,62.3362,61.308,4.04213,1,1,1.69344,2.14473,0.404476,1.30835,1.69344,8.39061e+06,3.69306e+06,1.4209e+07,0,0,0,0
122.105,122.105,4.45699,0.37,0,3.58067,3.66057,0,0.671011,6.47136,4.03744e+06,2.76295e+06,1.44567e+07,0,0,0,0,62.3362,61.308,3.7746,1,1,1.69344,2.14475,0.404496,1.30835,1.69344,8.39061e+06,3.69306e+06,1.4209e+07,0,0,0,0
122.105,122.105,4.2416,0.35,0,3.54863,3.62782,0,0.671017,6.47136,4.03744e+06,2.76295e+06,1.43274e+07,0,0,0,0,62.3362,61.308,3.65194,1,1,1.69344,2.20524,0.46366,1.30835,1.69344,8.39061e+06,3.69306e+06,1.4209e+07,0,0,0,0
122.071,122.105,3.9605,0.34,0,3.54867,3.62786,0,0.665014,6.47136,4.03744e+06,2.76295e+06,1.43275e+07,0,0,0,0,62.3362,61.308,3.3901,1,1,1.69344,2.20526,0.463681,1.30835,1.69344,8.39061e+06,3.69306e+06,1.4209e+07,0,0,0,0
121.869,122.105,3.7529,0.38,0,3.5487,3.62789,0,0.66502,6.47136,4.03744e+06,2.76295e+06,1.43277e+07,0,0,0,0,62.3362,61.308,3.19308,1,1,1.69344,2.20528,0.463702,1.30835,1.69344,8.39061e+06,3.69306e+06,1.4209e+07,0,0,0,0
121.784,122.105,3.83202,0.37,0,3.54874,3.62793,0,0.665027,6.47136,4.03744e+06,2.76295e+06,1.43278e+07,0,0,0,0,62.3362,61.308,3.16958,1,1,1.69344,2.2053,0.463723,1.30835,1.69344,8.39061e+06,3.69306e+06,1.4209e+07,0,0,0,0
121.376,122.105,3.51474,0.37,0,3.63159,3.71263,0,0.665033,6.47136,4.03744e+06,2.76295e+06,1.46623e+07,0,0,0,0,62.2094,61.308,3.05589,1,1,1.69344,2.25921,0.516456,1.30835,1.69344,8.39061e+06,3.69306e+06,1.4209e+07,0,0,0,0
120.789,122.105,3.25579,0.37,0,3.63163,3.71267,0,0.68056,6.47136,4.03744e+06,2.76295e+06,1.46625e+07,0,0,0,0,62.0201,61.308,2.80239,1,1,1.69344,2.25923,0.516478,1.30835,1.69344,8.39061e+06,3.69306e+06,1.4209e+07,0,0,0,0
120.172,122.105,3.27432,0.37,0,3.63166,3.71271,0,0.680567,6.47136,4.03744e+06,2.76295e+06,1.46626e+07,0,0,0,0,61.8948,61.308,3.0025,1,1,1.69344,2.25926,0.516499,1.30835,1.69344,8.39061e+06,3.69306e+06,1.4209e+07,0,0,0,0
119.828,122.105,3.67822,0.36,0,3.6317,3.71274,0,0.680574,6.47136,4.03744e+06,2.76295e+06,1.46627e+07,0,0,0,0,61.8346,61.308,3.21588,1,1,1.69344,2.25928,0.516521,1.30835,1.69344,8.39061e+06,3.69306e+06,1.4209e+07,0,0,0,0
119.337,122.105,3.55337,0.37,0,3.87428,3.96074,0,0.68058,6.47136,4.03744e+06,2.76295e+06,1.56422e+07,0,0,0,0,61.6493,61.308,2.80385,1,1,1.69344,2.45382,0.706812,1.30835,1.69344,8.39061e+06,3.69306e+06,1.4209e+07,0,0,0,0
119.128,122.105,3.9226,0.37,0,3.87432,3.96078,0,0.72604,6.47136,4.03744e+06,2.76295e+06,1.56423e+07,0,0,0,0,61.65,61.308,3.47755,1,1,1.69344,2.45384,0.706836,1.30835,1.69344,8.39061e+06,3.69306e+06,1.4209e+07,0,0,0,0
118.302,122.105,3.18238,0.38,0,3.87436,3.96082,0,0.726047,6.47136,4.03744e+06,2.76295e+06,1.56425e+07,0,0,0,0,61.3805,61.308,2.44263,1,1,1.69344,2.45386,0.706859,1.30835,1.69344,8.39061e+06,3.69306e+06,1.4209e+07,0,0,0,0
118.102,122.105,4.04964,0.39,0,3.87439,3.96086,0,0.726054,6.47136,4.03744e+06,2.76295e+06,1.56426e+07,0,0,0,0,61.6124,61.308,4.49172,1,1,1.69344,2.45389,0.706883,1.30835,1.69344,8.39061e+06,3.69306e+06,1.4209e+07,0,0,0,0
117.12,122.105,3.11001,0.39,0,3.87443,3.96089,0,0.726062,6.47136,4.03744e+06,2.76295e+06,1.56428e+07,0,0,0,0,61.2893,61.308,2.9609,1,1,1.69344,2.45391,0.706906,1.30835,1.69344,8.39061e+06,3.69306e+06,1.4209e+07,0,0,0,0
116.427,122.105,3.18866,0.39,0,3.75626,3.84008,0,0.726069,6.47136,4.03744e+06,2.76295e+06,1.51656e+07,0,0,0,0,60.9562,61.308,2.75063,1,1,1.69344,2.33587,0.591437,1.30835,1.69344,8.39061e+06,3.69306e+06,1.4209e+07,0,0,0,0
116.602,122.105,4.21274,0.38,0,3.75629,3.84012,0,0.703922,6.47136,4.03744e+06,2.76295e+06,1.51658e+07,0,0,0,0,60.7816,61.308,3.57967,1,1,1.69344,2.33589,0.591459,1.30835,1.69344,8.39061e+06,3.69306e+06,1.4209e+07,0,0,0,0
117.67,122.105,5.4913,0.37,0,3.75633,3.84015,0,0.703929,6.47136,4.03744e+06,2.76295e+06,1.51659e+07,0,0,0,0,61.0106,61.308,5.36999,1,1,1.69344,2.33591,0.591482,1.30835,1.69344,8.39061e+06,3.69306e+06,1.4209e+07,0,0,0,0
117.153,122.105,3.49184,0.38,0,3.75637,3.84019,0,0.703936,6.47136,4.03744e+06,2.76295e+06,1.51661e+07,0,0,0,0,60.8696,61.308,3.19053,1,1,1.69344,2.33593,0.591504,1.30835,1.69344,8.39061e+06,3.69306e+06,1.4209e+07,0,0,0,0
115.114,122.105,1.75928,0.39,0,3.65937,3.74103,0,0.703943,6.47136,4.03744e+06,2.76295e+06,1.47745e+07,0,0,0,0,60.4934,61.308,1.86053,1,1,1.69344,2.22848,0.486395,1.30835,1.69344,8.39061e+06,3.69306e+06,1.4209e+07,0,0,0,0
113.918,122.105,2.62036,0.4,0,3.33275,3.74106,0,0.685765,6.47136,4.03744e+06,2.76295e+06,1.34558e+07,0,0,0,0,60.4509,61.308,2.97858,1,1,1.69344,2.2285,0.291835,1.30835,1.69344,8.39061e+06,3.69306e+06,1.4209e+07,0,0,0,0
114.528,122.105,4.92435,0.5,0,3.33278,3.7411,0,0.624557,6.47136,4.03744e+06,2.76295e+06,1.34559e+07,0,0,0,0,61.0282,61.308,3.9503,1,1,1.69344,2.22852,0.291854,1.30835,1.69344,8.39061e+06,3.69306e+06,1.4209e+07,0,0,0,0
114.698,122.105,4.43104,0.31,0,3.65947,3.74114,0,0.624564,6.47136,4.03744e+06,2.76295e+06,1.47749e+07,0,0,0,0,61.158,61.308,3.53143,1,1,1.69344,2.22854,0.486459,1.30835,1.69344,8.39061e+06,3.69306e+06,1.4209e+07,0,0,0,0
115.92,122.105,5.38914,0.24,0,3.3839,3.45942,0,0.685785,6.47136,4.03744e+06,2.76295e+06,1.36623e+07,0,0,0,0,60.561,61.308,1.72527,1,1,1.69344,2.00471,0.267514,1.30835,1.69344,8.39061e+06,3.69306e+06,1.4209e+07,0,0,0,0
116.583,122.105,5.20711,0.26,0,3.38394,3.45945,0,0.634144,6.47136,4.03744e+06,2.76295e+06,1.36624e+07,0,0,0,0,61.2811,61.308,5.47832,1,1,1.69344,2.00473,0.267533,1.30835,1.69344,8.39061e+06,3.69306e+06,1.4209e+07,0,0,0,0
117.082,122.105,4.66625,0.26,0,3.38397,3.45949,0,0.63415,6.47136,4.03744e+06,2.76295e+06,1.36626e+07,0,0,0,0,61.2461,61.308,3.15712,1,1,1.69344,2.00475,0.267552,1.30835,1.69344,8.39061e+06,3.69306e+06,1.4209e+07,0,0,0,0
116.267,122.105,2.99958,0.24,0,3.384,3.45952,0,0.634156,6.47136,4.03744e+06,2.76295e+06,1.36627e+07,0,0,0,0,60.8153,61.308,2.26732,1,1,1.69344,2.00477,0.267572,1.30835,1.69344,8.39061e+06,3.69306e+06,1.4209e+07,0,0,0,0
116.917,122.105,4.87776,0.26,0,3.38404,3.45955,0,0.634162,6.47136,4.03744e+06,2.76295e+06,1.36628e+07,0,0,0,0,61.6642,61.308,5.38567,1,1,1.69344,2.00479,0.267591,1.30835,1.69344,8.39061e+06,3.69306e+06,1.4209e+07,0,0,0,0
118.791,122.105,6.3106,0.26,0,3.49007,3.56795,0,0.634169,6.47136,4.03744e+06,2.76295e+06,1.40909e+07,0,0,0,0,62.3362,61.308,6.7959,1,1,1.69344,2.06963,0.33101,1.30835,1.69344,8.39061e+06,3.69306e+06,1.4209e+07,0,0,0,0
120.477,122.105,6.24972,0.25,0,3.49007,3.56796,0,0.654039,6.47136,4.03744e+06,2.76295e+06,1.40909e+07,0,0,0,0,62.3362,61.308,7.17215,1,1,1.69344,2.06963,0.331012,1.30835,1.69344,8.39061e+06,3.69306e+06,1.4209e+07,0,0,0,0
121.962,122.105,5.97323,0.27,0,3.49008,3.56796,0,0.65404,6.47136,4.03744e+06,2.76295e+06,1.4091e+07,0,0,0,0,62.3362,61.308,7.27192,1,1,1.69344,2.06963,0.331015,1.30835,1.69344,8.39061e+06,3.69306e+06,1.4209e+07,0,0,0,0
122.105,122.105,8.76226,0.36,0,3.49008,3.56797,0,0.654041,6.47136,4.03744e+06,2.76295e+06,1.4091e+07,0,0,0,0,62.3362,61.308,6.97213,1,1,1.69344,2.06964,0.331018,1.30835,1.69344,8.39061e+06,3.69306e+06,1.4209e+07,0,0,0,0
122.105,122.105,10.7306,0.24,0,3.8305,3.91598,0,0.654041,6.47136,4.03744e+06,2.76295e+06,1.54654e+07,0,0,0,0,62.3362,61.308,12.3631,1,1,1.69344,2.31298,0.569054,1.30835,1.69344,8.39061e+06,3.69306e+06,1.4209e+07,0,0,0,0
122.105,122.105,21.0045,0.47,0,3.48858,3.91599,0,0.717836,6.47136,4.03744e+06,2.76295e+06,1.40849e+07,0,0,0,0,62.3362,61.308,18.2391,1,1,1.69344,2.31299,0.367099,1.30835,1.69344,8.39061e+06,3.69306e+06,1.4209e+07,0,0,0,0
122.105,122.105,9.06443,0.5,0,3.48859,3.91599,0,0.653761,6.47136,4.03744e+06,2.76295e+06,1.40849e+07,0,0,0,0,62.3362,61.308,9.29977,1,1,1.69344,2.31299,0.367102,1.30835,1.69344,8.39061e+06,3.69306e+06,1.4209e+07,0,0,0,0
122.105,122.105,7.32158,0.51,0,3.48859,3.916,0,0.653761,6.47136,4.03744e+06,2.76295e+06,1.4085e+07,0,0,0,0,62.3362,61.308,7.47323,1,1,1.69344,2.31299,0.367104,1.30835,1.69344,8.39061e+06,3.69306e+06,1.4209e+07,0,0,0,0
122.105,122.105,7.95211,0.55,0,3.0464,3.41962,0,0.653762,6.47136,4.03744e+06,2.76295e+06,1.22996e+07,0,0,0,0,62.3362,61.308,7.8982,1,1,1.69344,1.98642,0.0761763,1.30835,1.69344,8.39061e+06,3.69306e+06,1.4209e+07,0,0,0,0
122.105,122.105,7.80145,0.6,0,3.0464,3.41963,0,0.570894,6.47136,4.03744e+06,2.76295e+06,1.22996e+07,0,0,0,0,62.3362,61.308,6.72429,1,1,1.69344,1.98642,0.0761786,1.30835,1.69344,8.39061e+06,3.69306e+06,1.4209e+07,0,0,0,0
122.105,122.105,13.0228,0.61,0,3.0464,3.41963,0,0.570895,6.47136,4.03744e+06,2.76295e+06,1.22997e+07,0,0,0,0,62.3362,61.308,11.4693,1,1,1.69344,1.98643,0.076181,1.30835,1.69344,8.39061e+06,3.69306e+06,1.4209e+07,0,0,0,0
122.105,122.105,9.89742,0.61,0,3.04641,3.41964,0,0.570896,6.47136,4.03744e+06,2.76295e+06,1.22997e+07,0,0,0,0,62.3362,61.308,7.78117,1,1,1.69344,1.98643,0.0761833,1.30835,1.69344,8.39061e+06,3.69306e+06,1.4209e+07,0,0,0,0
122.105,122.105,8.35743,0.62,0,3.04641,3.41964,0,0.570897,6.47136,4.03744e+06,2.76295e+06,1.22997e+07,0,0,0,0,62.3362,61.308,8.19392,1,1,1.69344,1.98643,0.0761856,1.30835,1.69344,8.39061e+06,3.69306e+06,1.4209e+07,0,0,0,0
122.105,122.105,8.43878,0.61,0,3.15772,3.54459,0,0.570897,6.47136,4.03744e+06,2.76295e+06,1.27491e+07,0,0,0,0,62.3362,61.308,9.06501,1,1,1.69344,2.06633,0.147361,1.30835,1.69344,8.39061e+06,3.69306e+06,1.4209e+07,0,0,0,0
122.105,122.105,6.04347,0.58,0,3.15773,3.5446,0,0.591758,6.47136,4.03744e+06,2.76295e+06,1.27491e+07,0,0,0,0,62.3362,61.308,7.24471,1,1,1.69344,2.06633,0.147363,1.30835,1.69344,8.39061e+06,3.69306e+06,1.4209e+07,0,0,0,0
122.105,122.105,5.408,0.57,0,3.15773,3.5446,0,0.591758,6.47136,4.03744e+06,2.76295e+06,1.27491e+07,0,0,0,0,62.3362,61.308,7.14982,1,1,1.69344,2.06633,0.147366,1.30835,1.69344,8.39061e+06,3.69306e+06,1.4209e+07,0,0,0,0
122.105,122.105,5.524,0.5,0,3.15774,3.54461,0,0.591759,6.47136,4.03744e+06,2.76295e+06,1.27492e+07,0,0,0,0,62.3362,61.308,6.65378,1,1,1.69344,2.06634,0.147368,1.30835,1.69344,8.39061e+06,3.69306e+06,1.4209e+07,0,0,0,0
122.105,122.105,5.24935,0.49,0,3.11422,3.49576,0,0.59176,6.47136,4.03744e+06,2.76295e+06,1.25735e+07,0,0,0,0,62.3362,61.308,5.33822,1,1,1.69344,2.03531,0.119728,1.30835,1.69344,8.39061e+06,3.69306e+06,1.4209e+07,0,0,0,0
122.105,122.105,4.77289,0.46,0,3.11422,3.49576,0,0.583605,6.47136,4.03744e+06,2.76295e+06,1.25735e+07,0,0,0,0,62.3362,61.308,5.13922,1,1,1.69344,2.03531,0.11973,1.30835,1.69344,8.39061e+06,3.69306e+06,1.4209e+07,0,0,0,0
122.105,122.105,4.44329,0.44,0,3.11423,3.49577,0,0.583606,6.47136,4.03744e+06,2.76295e+06,1.25735e+07,0,0,0,0,62.3362,61.308,4.93906,1,1,1.69344,2.03531,0.119732,1.30835,1.69344,8.39061e+06,3.69306e+06,1.4209e+07,0,0,0,0
122.105,122.105,4.53063,0.42,0,3.11423,3.49577,0,0.583606,6.47136,4.03744e+06,2.76295e+06,1.25735e+07,0,0,0,0,62.3362,61.308,4.55277,1,1,1.69344,2.03532,0.119735,1.30835,1.69344,8.39061e+06,3.69306e+06,1.4209e+07,0,0,0,0
122.105,122.105,4.38923,0.41,0,3.26197,3.66161,0,0.583607,6.47136,4.03744e+06,2.76295e+06,1.317e+07,0,0,0,0,62.3362,61.308,5.27482,1,1,1.69344,2.14536,0.217767,1.30835,1.69344,8.39061e+06,3.69306e+06,1.4209e+07,0,0,0,0
122.105,122.105,4.06479,0.39,0,3.58168,3.66161,0,0.611292,6.47136,4.03744e+06,2.76295e+06,1.44608e+07,0,0,0,0,62.3362,61.308,4.24945,1,1,1.69344,2.14536,0.405091,1.30835,1.69344,8.39061e+06,3.69306e+06,1.4209e+07,0,0,0,0
121.91,122.105,3.70973,0.38,0,3.58169,3.66162,0,0.671207,6.47136,4.03744e+06,2.76295e+06,1.44608e+07,0,0,0,0,62.3362,61.308,3.50762,1,1,1.69344,2.14536,0.405094,1.30835,1.69344,8.39061e+06,3.69306e+06,1.4209e+07,0,0,0,0
121.645,122.105,3.32516,0.41,0,3.26198,3.66162,0,0.671208,6.47136,4.03744e+06,2.76295e+06,1.317e+07,0,0,0,0,62.3362,61.308,3.66019,1,1,1.69344,2.14537,0.217775,1.30835,1.69344,8.39061e+06,3.69306e+06,1.4209e+07,0,0,0,0
121.485,122.105,3.52521,0.39,0,3.5817,3.66163,0,0.611295,6.47136,4.03744e+06,2.76295e+06,1.44609e+07,0,0,0,0,62.3362,61.308,3.62593,1,1,1.69344,2.14537,0.4051,1.30835,1.69344,8.39061e+06,3.69306e+06,1.4209e+07,0,0,0,0
121.321,122.105,3.47132,0.39,0,3.54962,3.62884,0,0.67121,6.47136,4.03744e+06,2.76295e+06,1.43314e+07,0,0,0,0,62.3362,61.308,3.28847,1,1,1.69344,2.20585,0.464262,1.30835,1.69344,8.39061e+06,3.69306e+06,1.4209e+07,0,0,0,0
120.905,122.105,3.21174,0.38,0,3.54963,3.62884,0,0.665199,6.47136,4.03744e+06,2.76295e+06,1.43314e+07,0,0,0,0,62.3362,61.308,3.30569,1,1,1.69344,2.20586,0.464265,1.30835,1.69344,8.39061e+06,3.69306e+06,1.4209e+07,0,0,0,0
120.26,122.105,2.95275,0.38,0,3.54963,3.62885,0,0.6652,6.47136,4.03744e+06,2.76295e+06,1.43314e+07,0,0,0,0,62.3211,61.308,2.90521,1,1,1.69344,2.20586,0.464268,1.30835,1.69344,8.39061e+06,3.69306e+06,1.4209e+07,0,0,0,0
119.39,122.105,2.65011,0.37,0,3.54964,3.62885,0,0.665201,6.47136,4.03744e+06,2.76295e+06,1.43314e+07,0,0,0,0,62.1197,61.308,2.48305,1,1,1.69344,2.20586,0.464271,1.30835,1.69344,8.39061e+06,3.69306e+06,1.4209e+07,0,0,0,0
118.67,122.105,2.90514,0.37,0,3.63248,3.71354,0,0.665202,6.47136,4.03744e+06,2.76295e+06,1.46659e+07,0,0,0,0,61.9763,61.308,2.6403,1,1,1.69344,2.25977,0.516999,1.30835,1.69344,8.39061e+06,3.69306e+06,1.4209e+07,0,0,0,0
117.761,122.105,2.67176,0.37,0,3.63249,3.71355,0,0.680727,6.47136,4.03744e+06,2.76295e+06,1.46659e+07,0,0,0,0,61.7047,61.308,2.6207,1,1,1.69344,2.25977,0.517001,1.30835,1.69344,8.39061e+06,3.69306e+06,1.4209e+07,0,0,0,0
116.67,122.105,2.44042,0.37,0,3.63249,3.71355,0,0.680728,6.47136,4.03744e+06,2.76295e+06,1.4666e+07,0,0,0,0,61.3808,61.308,2.29133,1,1,1.69344,2.25977,0.517004,1.30835,1.69344,8.39061e+06,3.69306e+06,1.4209e+07,0,0,0,0
115.712,122.105,2.6375,0.37,0,3.6325,3.71356,0,0.680729,6.47136,4.03744e+06,2.76295e+06,1.4666e+07,0,0,0,0,61.1506,61.308,2.71512,1,1,1.69344,2.25978,0.517007,1.30835,1.69344,8.39061e+06,3.69306e+06,1.4209e+07,0,0,0,0
114.189,122.105,2.19284,0.38,0,3.8751,3.96158,0,0.68073,6.47136,4.03744e+06,2.76295e+06,1.56455e+07,0,0,0,0,60.7781,61.308,2.27359,1,1,1.69344,2.45434,0.707321,1.30835,1.69344,8.39061e+06,3.69306e+06,1.4209e+07,0,0,0,0
112.856,122.105,2.4247,0.37,0,3.87511,3.96158,0,0.726194,6.47136,4.03744e+06,2.76295e+06,1.56455e+07,0,0,0,0,60.548,61.308,2.82013,1,1,1.69344,2.45434,0.707324,1.30835,1.69344,8.39061e+06,3.69306e+06,1.4209e+07,0,0,0,0
111.428,122.105,1.9713,0.41,0,3.52921,3.96159,0,0.726195,6.47136,4.03744e+06,2.76295e+06,1.42489e+07,0,0,0,0,60.1123,61.308,1.97953,1,1,1.69344,2.45434,0.493026,1.30835,1.69344,8.39061e+06,3.69306e+06,1.4209e+07,0,0,0,0
110.405,122.105,2.48045,0.42,0,3.52921,3.96159,0,0.661373,6.47136,4.03744e+06,2.76295e+06,1.4249e+07,0,0,0,0,60.0595,61.308,3.64621,1,1,1.69344,2.45434,0.493029,1.30835,1.69344,8.39061e+06,3.69306e+06,1.4209e+07,0,0,0,0
109.533,122.105,2.65863,0.42,0,3.52922,3.9616,0,0.661374,6.47136,4.03744e+06,2.76295e+06,1.4249e+07,0,0,0,0,59.7035,61.308,2.46728,1,1,1.69344,2.45435,0.493032,1.30835,1.69344,8.39061e+06,3.69306e+06,1.4209e+07,0,0,0,0
108.924,122.105,2.88533,0.42,0,3.42154,3.84073,0,0.661375,6.47136,4.03744e+06,2.76295e+06,1.38142e+07,0,0,0,0,59.5924,61.308,3.90299,1,1,1.69344,2.33626,0.387834,1.30835,1.69344,8.39061e+06,3.69306e+06,1.4209e+07,0,0,0,0
108.028,122.105,2.51811,0.42,0,3.42154,3.84074,0,0.641197,6.47136,4.03744e+06,2.76295e+06,1.38143e+07,0,0,0,0,59.1657,61.308,2.7371,1,1,1.69344,2.33626,0.387837,1.30835,1.69344,8.39061e+06,3.69306e+06,1.4209e+07,0,0,0,0
106.756,122.105,2.09195,0.44,0,3.42155,3.84074,0,0.641197,6.47136,4.03744e+06,2.76295e+06,1.38143e+07,0,0,0,0,58.6493,61.308,2.15874,1,1,1.69344,2.33627,0.38784,1.30835,1.69344,8.39061e+06,3.69306e+06,1.4209e+07,0,0,0,0
106.387,122.105,3.17525,0.45,0,3.42155,3.84075,0,0.641198,6.47136,4.03744e+06,2.76295e+06,1.38143e+07,0,0,0,0,58.3843,61.308,2.69241,1,1,1.69344,2.33627,0.387842,1.30835,1.69344,8.39061e+06,3.69306e+06,1.4209e+07,0,0,0,0
106.73,122.105,4.06473,0.45,0,3.33317,3.74153,0,0.641199,6.47136,4.03744e+06,2.76295e+06,1.34575e+07,0,0,0,0,58.2789,61.308,3.33917,1,1,1.69344,2.22878,0.292085,1.30835,1.69344,8.39061e+06,3.69306e+06,1.4209e+07,0,0,0,0
107.077,122.105,4.15764,0.48,0,3.33317,3.74154,0,0.624636,6.47136,4.03744e+06,2.76295e+06,1.34575e+07,0,0,0,0,58.2857,61.308,3.47409,1,1,1.69344,2.22879,0.292088,1.30835,1.69344,8.39061e+06,3.69306e+06,1.4209e+07,0,0,0,0
107.727,122.105,4.55495,0.5,0,3.33318,3.74154,0,0.624637,6.47136,4.03744e+06,2.76295e+06,1.34575e+07,0,0,0,0,58.7563,61.308,4.78593,1,1,1.69344,2.22879,0.29209,1.30835,1.69344,8.39061e+06,3.69306e+06,1.4209e+07,0,0,0,0
108.057,122.105,4.36746,0.5,0,3.33318,3.74155,0,0.624638,6.47136,4.03744e+06,2.76295e+06,1.34575e+07,0,0,0,0,59.3868,61.308,4.73831,1,1,1.69344,2.22879,0.292093,1.30835,1.69344,8.39061e+06,3.69306e+06,1.4209e+07,0,0,0,0
112.575,122.105,8.93462,0.5,0,3.08216,3.45977,0,0.624639,6.47136,4.03744e+06,2.76295e+06,1.2444e+07,0,0,0,0,60.543,61.308,5.87637,1,1,1.69344,2.00492,0.0926552,1.30835,1.69344,8.39061e+06,3.69306e+06,1.4209e+07,0,0,0,0
117.105,122.105,9.28003,0.5,0,3.08216,3.45978,0,0.577597,6.47136,4.03744e+06,2.76295e+06,1.2444e+07,0,0,0,0,62.3362,61.308,8.45132,1,1,1.69344,2.00492,0.0926575,1.30835,1.69344,8.39061e+06,3.69306e+06,1.4209e+07,0,0,0,0
120.525,122.105,7.64108,0.45,0,3.08217,3.45978,0,0.577598,6.47136,4.03744e+06,2.76295e+06,1.24441e+07,0,0,0,0,62.3362,61.308,5.16274,1,1,1.69344,2.00492,0.0926599,1.30835,1.69344,8.39061e+06,3.69306e+06,1.4209e+07,0,0,0,0
122.105,122.105,12.0809,0.45,0,3.08217,3.45979,0,0.577598,6.47136,4.03744e+06,2.76295e+06,1.24441e+07,0,0,0,0,62.3362,61.308,8.85082,1,1,1.69344,2.00493,0.0926622,1.30835,1.69344,8.39061e+06,3.69306e+06,1.4209e+07,0,0,0,0
122.105,122.105,7.25275,0.4,0,3.08218,3.45979,0,0.577599,6.47136,4.03744e+06,2.76295e+06,1.24441e+07,0,0,0,0,62.3362,61.308,5.52236,1,1,1.69344,2.00493,0.0926645,1.30835,1.69344,8.39061e+06,3.69306e+06,1.4209e+07,0,0,0,0
122.105,122.105,9.3695,0.41,0,3.17872,3.56817,0,0.5776,6.47136,4.03744e+06,2.76295e+06,1.28339e+07,0,0,0,0,62.3362,61.308,7.01371,1,1,1.69344,2.06975,0.150411,1.30835,1.69344,8.39061e+06,3.69306e+06,1.4209e+07,0,0,0,0
122.105,122.105,9.18373,0.43,0,3.1787,3.56814,0,0.595693,6.47136,4.03744e+06,2.76295e+06,1.28338e+07,0,0,0,0,62.3362,61.308,6.11059,1,1,1.69344,2.06974,0.150398,1.30835,1.69344,8.39061e+06,3.69306e+06,1.4209e+07,0,0,0,0
122.105,122.105,9.11658,0.44,0,3.17868,3.56811,0,0.595689,6.47136,4.03744e+06,2.76295e+06,1.28337e+07,0,0,0,0,62.3362,61.308,6.43467,1,1,1.69344,2.06972,0.150385,1.30835,1.69344,8.39061e+06,3.69306e+06,1.4209e+07,0,0,0,0
122.105,122.105,7.77524,0.45,0,3.17866,3.56809,0,0.595684,6.47136,4.03744e+06,2.76295e+06,1.28336e+07,0,0,0,0,62.3362,61.308,6.05515,1,1,1.69344,2.06971,0.150372,1.30835,1.69344,8.39061e+06,3.69306e+06,1.4209e+07,0,0,0,0
122.105,122.105,8.25602,0.45,0,3.48867,3.91609,0,0.59568,6.47136,4.03744e+06,2.76295e+06,1.40853e+07,0,0,0,0,62.3362,61.308,4.90824,1,1,1.69344,2.31304,0.36715,1.30835,1.69344,8.39061e+06,3.69306e+06,1.4209e+07,0,0,0,0
122.105,122.105,9.89421,0.47,0,3.48864,3.91606,0,0.653777,6.47136,4.03744e+06,2.76295e+06,1.40852e+07,0,0,0,0,62.3362,61.308,6.49491,1,1,1.69344,2.31303,0.367135,1.30835,1.69344,8.39061e+06,3.69306e+06,1.4209e+07,0,0,0,0
122.105,122.105,8.52341,0.5,0,3.48862,3.91603,0,0.653772,6.47136,4.03744e+06,2.76295e+06,1.40851e+07,0,0,0,0,62.3362,61.308,5.15431,1,1,1.69344,2.31301,0.367121,1.30835,1.69344,8.39061e+06,3.69306e+06,1.4209e+07,0,0,0,0
122.105,122.105,7.12866,0.52,0,3.4886,3.916,0,0.653767,6.47136,4.03744e+06,2.76295e+06,1.4085e+07,0,0,0,0,62.3362,61.308,4.19279,1,1,1.69344,2.31299,0.367106,1.30835,1.69344,8.39061e+06,3.69306e+06,1.4209e+07,0,0,0,0
122.105,122.105,8.17888,0.56,0,3.04637,3.4196,0,0.653763,6.47136,4.03744e+06,2.76295e+06,1.22995e+07,0,0,0,0,62.3362,61.308,6.27662,1,1,1.69344,1.98641,0.0761629,1.30835,1.69344,8.39061e+06,3.69306e+06,1.4209e+07,0,0,0,0
122.105,122.105,7.45182,0.6,0,3.04635,3.41957,0,0.57089,6.47136,4.03744e+06,2.76295e+06,1.22994e+07,0,0,0,0,62.3362,61.308,6.34831,1,1,1.69344,1.98639,0.0761503,1.30835,1.69344,8.39061e+06,3.69306e+06,1.4209e+07,0,0,0,0
122.105,122.105,10.8456,0.63,0,3.04633,3.41955,0,0.570886,6.47136,4.03744e+06,2.76295e+06,1.22994e+07,0,0,0,0,62.3362,61.308,7.31118,1,1,1.69344,1.98638,0.0761377,1.30835,1.69344,8.39061e+06,3.69306e+06,1.4209e+07,0,0,0,0
122.105,122.105,9.24241,0.61,0,3.04631,3.41953,0,0.570882,6.47136,4.03744e+06,2.76295e+06,1.22993e+07,0,0,0,0,62.3362,61.308,6.67424,1,1,1.69344,1.98636,0.0761251,1.30835,1.69344,8.39061e+06,3.69306e+06,1.4209e+07,0,0,0,0
122.105,122.105,10.3482,0.62,0,3.04629,3.4195,0,0.570878,6.47136,4.03744e+06,2.76295e+06,1.22992e+07,0,0,0,0,62.3362,61.308,7.02538,1,1,1.69344,1.98635,0.0761125,1.30835,1.69344,8.39061e+06,3.69306e+06,1.4209e+07,0,0,0,0
122.105,122.105,12.5539,0.61,0,3.15757,3.54442,0,0.570874,6.47136,4.03744e+06,2.76295e+06,1.27485e+07,0,0,0,0,62.3362,61.308,8.89301,1,1,1.69344,2.06622,0.147269,1.30835,1.69344,8.39061e+06,3.69306e+06,1.4209e+07,0,0,0,0
122.105,122.105,8.74647,0.59,0,3.15755,3.54439,0,0.591728,6.47136,4.03744e+06,2.76295e+06,1.27484e+07,0,0,0,0,62.3362,61.308,6.75695,1,1,1.69344,2.06621,0.147256,1.30835,1.69344,8.39061e+06,3.69306e+06,1.4209e+07,0,0,0,0
122.105,122.105,6.99405,0.57,0,3.15752,3.54437,0,0.591724,6.47136,4.03744e+06,2.76295e+06,1.27483e+07,0,0,0,0,62.3362,61.308,5.99098,1,1,1.69344,2.06619,0.147243,1.30835,1.69344,8.39061e+06,3.69306e+06,1.4209e+07,0,0,0,0
122.105,122.105,6.17648,0.5,0,3.1575,3.54434,0,0.59172,6.47136,4.03744e+06,2.76295e+06,1.27482e+07,0,0,0,0,62.3362,61.308,5.24007,1,1,1.69344,2.06618,0.14723,1.30835,1.69344,8.39061e+06,3.69306e+06,1.4209e+07,0,0,0,0
122.105,122.105,4.99847,0.49,0,3.11396,3.49547,0,0.591716,6.47136,4.03744e+06,2.76295e+06,1.25724e+07,0,0,0,0,62.3362,61.308,3.24301,1,1,1.69344,2.03514,0.119576,1.30835,1.69344,8.39061e+06,3.69306e+06,1.4209e+07,0,0,0,0
122.105,122.105,4.73001,0.46,0,3.11394,3.49544,0,0.583556,6.47136,4.03744e+06,2.76295e+06,1.25723e+07,0,0,0,0,62.3362,61.308,3.12434,1,1,1.69344,2.03512,0.119563,1.30835,1.69344,8.39061e+06,3.69306e+06,1.4209e+07,0,0,0,0
122.105,122.105,4.46929,0.44,0,3.11392,3.49542,0,0.583552,6.47136,4.03744e+06,2.76295e+06,1.25722e+07,0,0,0,0,62.3362,61.308,3.57638,1,1,1.69344,2.03511,0.11955,1.30835,1.69344,8.39061e+06,3.69306e+06,1.4209e+07,0,0,0,0
122.105,122.105,4.228,0.45,0,3.11389,3.49539,0,0.583548,6.47136,4.03744e+06,2.76295e+06,1.25721e+07,0,0,0,0,62.3362,61.308,3.40192,1,1,1.69344,2.03509,0.119538,1.30835,1.69344,8.39061e+06,3.69306e+06,1.4209e+07,0,0,0,0
122.105,122.105,3.70104,0.42,0,3.26158,3.66118,0,0.583544,6.47136,4.03744e+06,2.76295e+06,1.31684e+07,0,0,0,0,62.3362,61.308,2.85945,1,1,1.69344,2.14511,0.217543,1.30835,1.69344,8.39061e+06,3.69306e+06,1.4209e+07,0,0,0,0
122.105,122.105,3.49411,0.4,0,3.26156,3.66115,0,0.611221,6.47136,4.03744e+06,2.76295e+06,1.31683e+07,0,0,0,0,62.3362,61.308,2.51509,1,1,1.69344,2.14509,0.217529,1.30835,1.69344,8.39061e+06,3.69306e+06,1.4209e+07,0,0,0,0
121.709,122.105,3.26184,0.38,0,3.58121,3.66113,0,0.611216,6.47136,4.03744e+06,2.76295e+06,1.44589e+07,0,0,0,0,62.297,61.308,2.22453,1,1,1.69344,2.14508,0.404813,1.30835,1.69344,8.39061e+06,3.69306e+06,1.4209e+07,0,0,0,0
121.428,122.105,3.03073,0.41,0,3.26151,3.6611,0,0.671118,6.47136,4.03744e+06,2.76295e+06,1.31682e+07,0,0,0,0,62.1642,61.308,2.11111,1,1,1.69344,2.14506,0.217502,1.30835,1.69344,8.39061e+06,3.69306e+06,1.4209e+07,0,0,0,0
121.242,122.105,3.27845,0.4,0,3.26149,3.66107,0,0.611208,6.47136,4.03744e+06,2.76295e+06,1.31681e+07,0,0,0,0,62.1541,61.308,2.46482,1,1,1.69344,2.14505,0.217489,1.30835,1.69344,8.39061e+06,3.69306e+06,1.4209e+07,0,0,0,0
120.726,122.105,3.2117,0.39,0,3.54906,3.62826,0,0.611203,6.47136,4.03744e+06,2.76295e+06,1.43291e+07,0,0,0,0,62.1843,61.308,2.5116,1,1,1.69344,2.2055,0.463919,1.30835,1.69344,8.39061e+06,3.69306e+06,1.4209e+07,0,0,0,0
120.043,122.105,2.99499,0.39,0,3.54903,3.62823,0,0.665093,6.47136,4.03744e+06,2.76295e+06,1.4329e+07,0,0,0,0,62.2172,61.308,2.59111,1,1,1.69344,2.20549,0.463903,1.30835,1.69344,8.39061e+06,3.69306e+06,1.4209e+07,0,0,0,0
119.22,122.105,2.82694,0.38,0,3.54901,3.62821,0,0.665089,6.47136,4.03744e+06,2.76295e+06,1.43289e+07,0,0,0,0,62.2228,61.308,2.54165,1,1,1.69344,2.20547,0.463888,1.30835,1.69344,8.39061e+06,3.69306e+06,1.4209e+07,0,0,0,0
118.393,122.105,2.75285,0.37,0,3.54898,3.62818,0,0.665084,6.47136,4.03744e+06,2.76295e+06,1.43288e+07,0,0,0,0,62.1705,61.308,2.35641,1,1,1.69344,2.20545,0.463872,1.30835,1.69344,8.39061e+06,3.69306e+06,1.4209e+07,0,0,0,0
117.402,122.105,2.61798,0.37,0,3.63178,3.71283,0,0.665079,6.47136,4.03744e+06,2.76295e+06,1.46631e+07,0,0,0,0,62.0452,61.308,2.17693,1,1,1.69344,2.25933,0.516572,1.30835,1.69344,8.39061e+06,3.69306e+06,1.4209e+07,0,0,0,0
116.272,122.105,2.40814,0.37,0,3.63176,3.7128,0,0.680596,6.47136,4.03744e+06,2.76295e+06,1.4663e+07,0,0,0,0,61.6772,61.308,2.06325,1,1,1.69344,2.25931,0.516556,1.30835,1.69344,8.39061e+06,3.69306e+06,1.4209e+07,0,0,0,0
114.971,122.105,2.19344,0.37,0,3.63173,3.71278,0,0.680591,6.47136,4.03744e+06,2.76295e+06,1.46629e+07,0,0,0,0,61.4107,61.308,1.81204,1,1,1.69344,2.2593,0.51654,1.30835,1.69344,8.39061e+06,3.69306e+06,1.4209e+07,0,0,0,0
113.927,122.105,2.54678,0.37,0,3.6317,3.71275,0,0.680586,6.47136,4.03744e+06,2.76295e+06,1.46628e+07,0,0,0,0,61.3027,61.308,2.35478,1,1,1.69344,2.25928,0.516525,1.30835,1.69344,8.39061e+06,3.69306e+06,1.4209e+07,0,0,0,0
112.512,122.105,1.94889,0.41,0,3.5284,3.96068,0,0.680581,6.47136,4.03744e+06,2.76295e+06,1.42457e+07,0,0,0,0,61.0357,61.308,2.07797,1,1,1.69344,2.45378,0.492525,1.30835,1.69344,8.39061e+06,3.69306e+06,1.4209e+07,0,0,0,0
110.891,122.105,1.7085,0.41,0,3.52837,3.96065,0,0.661222,6.47136,4.03744e+06,2.76295e+06,1.42456e+07,0,0,0,0,60.7843,61.308,1.88502,1,1,1.69344,2.45376,0.492509,1.30835,1.69344,8.39061e+06,3.69306e+06,1.4209e+07,0,0,0,0
109.477,122.105,1.98887,0.42,0,3.52835,3.96062,0,0.661217,6.47136,4.03744e+06,2.76295e+06,1.42455e+07,0,0,0,0,60.5521,61.308,2.00201,1,1,1.69344,2.45374,0.492494,1.30835,1.69344,8.39061e+06,3.69306e+06,1.4209e+07,0,0,0,0
108.058,122.105,1.90418,0.43,0,3.52832,3.96059,0,0.661212,6.47136,4.03744e+06,2.76295e+06,1.42454e+07,0,0,0,0,60.1218,61.308,1.97674,1,1,1.69344,2.45373,0.492478,1.30835,1.69344,8.39061e+06,3.69306e+06,1.4209e+07,0,0,0,0
106.123,122.105,1.50127,0.42,0,3.5283,3.96057,0,0.661207,6.47136,4.03744e+06,2.76295e+06,1.42453e+07,0,0,0,0,59.4327,61.308,1.70694,1,1,1.69344,2.45371,0.492463,1.30835,1.69344,8.39061e+06,3.69306e+06,1.4209e+07,0,0,0,0
104.406,122.105,1.77564,0.42,0,3.42062,3.8397,0,0.661203,6.47136,4.03744e+06,2.76295e+06,1.38105e+07,0,0,0,0,59.2283,61.308,1.49967,1,1,1.69344,2.33563,0.387275,1.30835,1.69344,8.39061e+06,3.69306e+06,1.4209e+07,0,0,0,0
102.909,122.105,1.9435,0.47,0,3.4206,3.83967,0,0.641024,6.47136,4.03744e+06,2.76295e+06,1.38104e+07,0,0,0,0,59.361,61.308,2.57596,1,1,1.69344,2.33562,0.38726,1.30835,1.69344,8.39061e+06,3.69306e+06,1.4209e+07,0,0,0,0
101.792,122.105,2.44555,0.48,0,3.42057,3.83964,0,0.64102,6.47136,4.03744e+06,2.76295e+06,1.38103e+07,0,0,0,0,59.8519,61.308,3.8705,1,1,1.69344,2.3356,0.387245,1.30835,1.69344,8.39061e+06,3.69306e+06,1.4209e+07,0,0,0,0
102.272,122.105,4.4139,0.48,0,3.42055,3.83962,0,0.641015,6.47136,4.03744e+06,2.76295e+06,1.38102e+07,0,0,0,0,61.433,61.308,6.55168,1,1,1.69344,2.33558,0.38723,1.30835,1.69344,8.39061e+06,3.69306e+06,1.4209e+07,0,0,0,0
100.728,122.105,1.78085,0.49,0,3.33216,3.7404,0,0.64101,6.47136,4.03744e+06,2.76295e+06,1.34534e+07,0,0,0,0,61.1471,61.308,2.19302,1,1,1.69344,2.22811,0.291484,1.30835,1.69344,8.39061e+06,3.69306e+06,1.4209e+07,0,0,0,0
99.2138,122.105,1.81074,0.5,0,3.33214,3.74038,0,0.624447,6.47136,4.03744e+06,2.76295e+06,1.34533e+07,0,0,0,0,60.8533,61.308,1.61734,1,1,1.69344,2.22809,0.29147,1.30835,1.69344,8.39061e+06,3.69306e+06,1.4209e+07,0,0,0,0
97.9414,122.105,2.27296,0.5,0,3.33211,3.74035,0,0.624443,6.47136,4.03744e+06,2.76295e+06,1.34532e+07,0,0,0,0,61.1372,61.308,3.52933,1,1,1.69344,2.22808,0.291456,1.30835,1.69344,8.39061e+06,3.69306e+06,1.4209e+07,0,0,0,0
99.2983,122.105,5.62304,0.52,0,3.33209,3.74032,0,0.624438,6.47136,4.03744e+06,2.76295e+06,1.34531e+07,0,0,0,0,62.3362,61.308,7.28387,1,1,1.69344,2.22806,0.291442,1.30835,1.69344,8.39061e+06,3.69306e+06,1.4209e+07,0,0,0,0
98.4625,122.105,2.47348,0.53,0,3.08112,3.45861,0,0.624434,6.47136,4.03744e+06,2.76295e+06,1.24398e+07,0,0,0,0,62.3362,61.308,3.80701,1,1,1.69344,2.00424,0.0920545,1.30835,1.69344,8.39061e+06,3.69306e+06,1.4209e+07,0,0,0,0
97.3536,122.105,2.21396,0.54,0,3.0811,3.45858,0,0.577403,6.47136,4.03744e+06,2.76295e+06,1.24398e+07,0,0,0,0,62.3362,61.308,3.64532,1,1,1.69344,2.00423,0.092042,1.30835,1.69344,8.39061e+06,3.69306e+06,1.4209e+07,0,0,0,0
96.8843,122.105,2.82984,0.61,0,3.08108,3.45856,0,0.577399,6.47136,4.03744e+06,2.76295e+06,1.24397e+07,0,0,0,0,62.3362,61.308,4.70208,1,1,1.69344,2.00422,0.0920293,1.30835,1.69344,8.39061e+06,3.69306e+06,1.4209e+07,0,0,0,0
96.2849,122.105,3.10758,0.65,0,3.08106,3.45853,0,0.577394,6.47136,4.03744e+06,2.76295e+06,1.24396e+07,0,0,0,0,62.3362,61.308,5.07666,1,1,1.69344,2.0042,0.0920165,1.30835,1.69344,8.39061e+06,3.69306e+06,1.4209e+07,0,0,0,0
100.549,122.105,8.66946,0.64,0,3.08104,3.45851,0,0.57739,6.47136,4.03744e+06,2.76295e+06,1.24395e+07,0,0,0,0,62.3362,61.308,7.11387,1,1,1.69344,2.00419,0.0920038,1.30835,1.69344,8.39061e+06,3.69306e+06,1.4209e+07,0,0,0,0
104.32,122.105,8.38659,0.61,0,3.17752,3.56682,0,0.577386,6.47136,4.03744e+06,2.76295e+06,1.2829e+07,0,0,0,0,62.3362,61.308,5.23348,1,1,1.69344,2.06897,0.149713,1.30835,1.69344,8.39061e+06,3.69306e+06,1.4209e+07,0,0,0,0
106.313,122.105,6.16784,0.64,0,3.17747,3.56676,0,0.595467,6.47136,4.03744e+06,2.76295e+06,1.28288e+07,0,0,0,0,62.3362,61.308,5.47158,1,1,1.69344,2.06894,0.149685,1.30835,1.69344,8.39061e+06,3.69306e+06,1.4209e+07,0,0,0,0
110.217,122.105,8.37143,0.59,0,3.17742,3.56671,0,0.595458,6.47136,4.03744e+06,2.76295e+06,1.28286e+07,0,0,0,0,62.3362,61.308,5.7005,1,1,1.69344,2.0689,0.149656,1.30835,1.69344,8.39061e+06,3.69306e+06,1.4209e+07,0,0,0,0
117.916,122.105,13.0379,0.6,0,3.17737,3.56665,0,0.595449,6.47136,4.03744e+06,2.76295e+06,1.28284e+07,0,0,0,0,62.3362,61.308,7.54208,1,1,1.69344,2.06887,0.149628,1.30835,1.69344,8.39061e+06,3.69306e+06,1.4209e+07,0,0,0,0
118.654,122.105,5.43777,0.54,0,3.48723,3.91447,0,0.59544,6.47136,4.03744e+06,2.76295e+06,1.40795e+07,0,0,0,0,62.0229,61.308,3.22169,1,1,1.69344,2.31209,0.366301,1.30835,1.69344,8.39061e+06,3.69306e+06,1.4209e+07,0,0,0,0
118.706,122.105,4.50217,0.57,0,3.48718,3.91441,0,0.653507,6.47136,4.03744e+06,2.76295e+06,1.40793e+07,0,0,0,0,62.3362,61.308,2.3218,1,1,1.69344,2.31206,0.36627,1.30835,1.69344,8.39061e+06,3.69306e+06,1.4209e+07,0,0,0,0
121.373,122.105,7.52453,0.61,0,3.48713,3.91435,0,0.653497,6.47136,4.03744e+06,2.76295e+06,1.4079e+07,0,0,0,0,62.3362,61.308,4.44069,1,1,1.69344,2.31202,0.366238,1.30835,1.69344,8.39061e+06,3.69306e+06,1.4209e+07,0,0,0,0
122.105,122.105,8.60211,0.62,0,3.48707,3.91429,0,0.653487,6.47136,4.03744e+06,2.76295e+06,1.40788e+07,0,0,0,0,62.3362,61.308,6.48267,1,1,1.69344,2.31198,0.366206,1.30835,1.69344,8.39061e+06,3.69306e+06,1.4209e+07,0,0,0,0
122.105,122.105,8.11004,0.55,0,3.04502,3.41808,0,0.653477,6.47136,4.03744e+06,2.76295e+06,1.22941e+07,0,0,0,0,62.3362,61.308,6.09142,1,1,1.69344,1.98552,0.0753749,1.30835,1.69344,8.39061e+06,3.69306e+06,1.4209e+07,0,0,0,0
122.105,122.105,7.30831,0.6,0,3.04497,3.41802,0,0.570636,6.47136,4.03744e+06,2.76295e+06,1.22939e+07,0,0,0,0,62.3362,61.308,5.83671,1,1,1.69344,1.98549,0.0753475,1.30835,1.69344,8.39061e+06,3.69306e+06,1.4209e+07,0,0,0,0
122.105,122.105,8.59509,0.62,0,3.04492,3.41797,0,0.570627,6.47136,4.03744e+06,2.76295e+06,1.22937e+07,0,0,0,0,62.3362,61.308,5.43399,1,1,1.69344,1.98546,0.0753201,1.30835,1.69344,8.39061e+06,3.69306e+06,1.4209e+07,0,0,0,0
122.105,122.105,7.01126,0.61,0,3.04487,3.41792,0,0.570618,6.47136,4.03744e+06,2.76295e+06,1.22935e+07,0,0,0,0,62.3362,61.308,4.69419,1,1,1.69344,1.98543,0.0752927,1.30835,1.69344,8.39061e+06,3.69306e+06,1.4209e+07,0,0,0,0
122.105,122.105,7.30062,0.62,0,3.04483,3.41786,0,0.570609,6.47136,4.03744e+06,2.76295e+06,1.22933e+07,0,0,0,0,62.3362,61.308,5.25403,1,1,1.69344,1.9854,0.0752653,1.30835,1.69344,8.39061e+06,3.69306e+06,1.4209e+07,0,0,0,0
122.105,122.105,8.03276,0.61,0,3.15603,3.54269,0,0.570601,6.47136,4.03744e+06,2.76295e+06,1.27423e+07,0,0,0,0,62.3362,61.308,6.40151,1,1,1.69344,2.06522,0.146373,1.30835,1.69344,8.39061e+06,3.69306e+06,1.4209e+07,0,0,0,0
122.105,122.105,5.68834,0.58,0,3.15598,3.54264,0,0.59144,6.47136,4.03744e+06,2.76295e+06,1.27421e+07,0,0,0,0,62.3362,61.308,4.373,1,1,1.69344,2.06519,0.146344,1.30835,1.69344,8.39061e+06,3.69306e+06,1.4209e+07,0,0,0,0
122.105,122.105,4.90011,0.57,0,3.15593,3.54258,0,0.591431,6.47136,4.03744e+06,2.76295e+06,1.27419e+07,0,0,0,0,62.3362,61.308,3.78855,1,1,1.69344,2.06515,0.146316,1.30835,1.69344,8.39061e+06,3.69306e+06,1.4209e+07,0,0,0,0
122.105,122.105,4.34412,0.51,0,3.15588,3.54253,0,0.591422,6.47136,4.03744e+06,2.76295e+06,1.27417e+07,0,0,0,0,62.2756,61.308,3.20369,1,1,1.69344,2.06512,0.146287,1.30835,1.69344,8.39061e+06,3.69306e+06,1.4209e+07,0,0,0,0
122.105,122.105,3.75459,0.5,0,3.11234,3.49365,0,0.591412,6.47136,4.03744e+06,2.76295e+06,1.25659e+07,0,0,0,0,62.3317,61.308,2.40058,1,1,1.69344,2.03408,0.118632,1.30835,1.69344,8.39061e+06,3.69306e+06,1.4209e+07,0,0,0,0
122.105,122.105,5.4105,0.47,0,3.11229,3.49359,0,0.583252,6.47136,4.03744e+06,2.76295e+06,1.25657e+07,0,0,0,0,62.3137,61.308,2.83572,1,1,1.69344,2.03405,0.118604,1.30835,1.69344,8.39061e+06,3.69306e+06,1.4209e+07,0,0,0,0
122.105,122.105,3.76768,0.45,0,3.11224,3.49354,0,0.583243,6.47136,4.03744e+06,2.76295e+06,1.25655e+07,0,0,0,0,62.2251,61.308,2.5057,1,1,1.69344,2.03402,0.118576,1.30835,1.69344,8.39061e+06,3.69306e+06,1.4209e+07,0,0,0,0
121.939,122.105,3.22126,0.43,0,3.11219,3.49349,0,0.583234,6.47136,4.03744e+06,2.76295e+06,1.25653e+07,0,0,0,0,62.0079,61.308,2.15239,1,1,1.69344,2.03398,0.118548,1.30835,1.69344,8.39061e+06,3.69306e+06,1.4209e+07,0,0,0,0
121.705,122.105,3.25183,0.48,0,3.25978,3.65915,0,0.583225,6.47136,4.03744e+06,2.76295e+06,1.31611e+07,0,0,0,0,61.9709,61.308,2.05756,1,1,1.69344,2.14392,0.216484,1.30835,1.69344,8.39061e+06,3.69306e+06,1.4209e+07,0,0,0,0
121.642,122.105,3.405,0.44,0,3.25973,3.65909,0,0.610882,6.47136,4.03744e+06,2.76295e+06,1.31609e+07,0,0,0,0,61.8231,61.308,2.39146,1,1,1.69344,2.14389,0.216455,1.30835,1.69344,8.39061e+06,3.69306e+06,1.4209e+07,0,0,0,0
121.274,122.105,2.99416,0.43,0,3.25968,3.65904,0,0.610873,6.47136,4.03744e+06,2.76295e+06,1.31607e+07,0,0,0,0,61.4594,61.308,2.0008,1,1,1.69344,2.14385,0.216425,1.30835,1.69344,8.39061e+06,3.69306e+06,1.4209e+07,0,0,0,0
120.766,122.105,2.82027,0.42,0,3.25963,3.65898,0,0.610863,6.47136,4.03744e+06,2.76295e+06,1.31605e+07,0,0,0,0,61.0123,61.308,1.70862,1,1,1.69344,2.14382,0.216396,1.30835,1.69344,8.39061e+06,3.69306e+06,1.4209e+07,0,0,0,0
120,122.105,2.51689,0.4,0,3.25957,3.65892,0,0.610854,6.47136,4.03744e+06,2.76295e+06,1.31603e+07,0,0,0,0,60.6233,61.308,1.77784,1,1,1.69344,2.14379,0.216366,1.30835,1.69344,8.39061e+06,3.69306e+06,1.4209e+07,0,0,0,0
118.744,122.105,2.24154,0.39,0,3.54694,3.6261,0,0.610844,6.47136,4.03744e+06,2.76295e+06,1.43206e+07,0,0,0,0,60.1337,61.308,1.87853,1,1,1.69344,2.20419,0.462633,1.30835,1.69344,8.39061e+06,3.69306e+06,1.4209e+07,0,0,0,0
117.324,122.105,2.02346,0.38,0,3.54689,3.62604,0,0.664697,6.47136,4.03744e+06,2.76295e+06,1.43203e+07,0,0,0,0,59.6688,61.308,1.73569,1,1,1.69344,2.20415,0.4626,1.30835,1.69344,8.39061e+06,3.69306e+06,1.4209e+07,0,0,0,0
115.808,122.105,1.90552,0.38,0,3.54683,3.62598,0,0.664687,6.47136,4.03744e+06,2.76295e+06,1.43201e+07,0,0,0,0,59.1975,61.308,1.75939,1,1,1.69344,2.20412,0.462566,1.30835,1.69344,8.39061e+06,3.69306e+06,1.4209e+07,0,0,0,0
114.243,122.105,1.84293,0.37,0,3.54678,3.62593,0,0.664676,6.47136,4.03744e+06,2.76295e+06,1.43199e+07,0,0,0,0,58.7137,61.308,1.77555,1,1,1.69344,2.20409,0.462533,1.30835,1.69344,8.39061e+06,3.69306e+06,1.4209e+07,0,0,0,0
112.546,122.105,1.74512,0.37,0,3.6295,3.71049,0,0.664666,6.47136,4.03744e+06,2.76295e+06,1.46539e+07,0,0,0,0,58.0928,61.308,1.79632,1,1,1.69344,2.25791,0.515181,1.30835,1.69344,8.39061e+06,3.69306e+06,1.4209e+07,0,0,0,0
111.023,122.105,1.60409,0.4,0,3.30546,3.71043,0,0.680168,6.47136,4.03744e+06,2.76295e+06,1.33456e+07,0,0,0,0,57.5706,61.308,1.60728,1,1,1.69344,2.25787,0.318001,1.30835,1.69344,8.39061e+06,3.69306e+06,1.4209e+07,0,0,0,0
109.546,122.105,1.67574,0.4,0,3.30541,3.71038,0,0.619444,6.47136,4.03744e+06,2.76295e+06,1.33454e+07,0,0,0,0,57.209,61.308,1.81051,1,1,1.69344,2.25784,0.31797,1.30835,1.69344,8.39061e+06,3.69306e+06,1.4209e+07,0,0,0,0
108.145,122.105,1.75478,0.4,0,3.30536,3.71032,0,0.619434,6.47136,4.03744e+06,2.76295e+06,1.33452e+07,0,0,0,0,56.8919,61.308,1.9029,1,1,1.69344,2.2578,0.317939,1.30835,1.69344,8.39061e+06,3.69306e+06,1.4209e+07,0,0,0,0
106.443,122.105,1.92915,0.39,0,3.87166,3.95805,0,0.619425,6.47136,4.03744e+06,2.76295e+06,1.56316e+07,0,0,0,0,56.3097,61.308,2.03889,1,1,1.69344,2.45215,0.705185,1.30835,1.69344,8.39061e+06,3.69306e+06,1.4209e+07,0,0,0,0
104.432,122.105,1.56049,0.39,0,3.8716,3.95799,0,0.725548,6.47136,4.03744e+06,2.76295e+06,1.56313e+07,0,0,0,0,55.8196,61.308,1.47013,1,1,1.69344,2.45211,0.705148,1.30835,1.69344,8.39061e+06,3.69306e+06,1.4209e+07,0,0,0,0
102.988,122.105,1.91442,0.42,0,3.52595,3.95793,0,0.725537,6.47136,4.03744e+06,2.76295e+06,1.42358e+07,0,0,0,0,55.5647,61.308,2.41193,1,1,1.69344,2.45208,0.491008,1.30835,1.69344,8.39061e+06,3.69306e+06,1.4209e+07,0,0,0,0
101.261,122.105,1.61137,0.42,0,3.52589,3.95787,0,0.660763,6.47136,4.03744e+06,2.76295e+06,1.42356e+07,0,0,0,0,55.1334,61.308,1.73498,1,1,1.69344,2.45204,0.490975,1.30835,1.69344,8.39061e+06,3.69306e+06,1.4209e+07,0,0,0,0
99.703,122.105,1.81965,0.43,0,3.52584,3.95781,0,0.660753,6.47136,4.03744e+06,2.76295e+06,1.42354e+07,0,0,0,0,54.713,61.308,1.80296,1,1,1.69344,2.452,0.490941,1.30835,1.69344,8.39061e+06,3.69306e+06,1.4209e+07,0,0,0,0
98.2504,122.105,1.84128,0.43,0,3.41821,3.83699,0,0.660742,6.47136,4.03744e+06,2.76295e+06,1.38008e+07,0,0,0,0,54.3762,61.308,1.81623,1,1,1.69344,2.33399,0.385809,1.30835,1.69344,8.39061e+06,3.69306e+06,1.4209e+07,0,0,0,0
97.3489,122.105,2.36397,0.44,0,3.41816,3.83693,0,0.640573,6.47136,4.03744e+06,2.76295e+06,1.38006e+07,0,0,0,0,54.1148,61.308,2.0251,1,1,1.69344,2.33395,0.385776,1.30835,1.69344,8.39061e+06,3.69306e+06,1.4209e+07,0,0,0,0
97.1781,122.105,3.42998,0.47,0,3.4181,3.83687,0,0.640563,6.47136,4.03744e+06,2.76295e+06,1.38004e+07,0,0,0,0,54.2838,61.308,3.31949,1,1,1.69344,2.33392,0.385744,1.30835,1.69344,8.39061e+06,3.69306e+06,1.4209e+07,0,0,0,0
96.6144,122.105,2.84074,0.47,0,3.41805,3.83681,0,0.640553,6.47136,4.03744e+06,2.76295e+06,1.38002e+07,0,0,0,0,54.1665,61.308,2.41678,1,1,1.69344,2.33388,0.385712,1.30835,1.69344,8.39061e+06,3.69306e+06,1.4209e+07,0,0,0,0
95.7582,122.105,2.36831,0.48,0,3.3297,3.73764,0,0.640543,6.47136,4.03744e+06,2.76295e+06,1.34435e+07,0,0,0,0,53.7772,61.308,1.76791,1,1,1.69344,2.22646,0.29002,1.30835,1.69344,8.39061e+06,3.69306e+06,1.4209e+07,0,0,0,0
96.731,122.105,4.44628,0.49,0,3.32965,3.73758,0,0.623986,6.47136,4.03744e+06,2.76295e+06,1.34433e+07,0,0,0,0,53.6328,61.308,2.28543,1,1,1.69344,2.22643,0.289989,1.30835,1.69344,8.39061e+06,3.69306e+06,1.4209e+07,0,0,0,0
99.6382,122.105,6.6306,0.5,0,3.3296,3.73753,0,0.623977,6.47136,4.03744e+06,2.76295e+06,1.3443e+07,0,0,0,0,54.1424,61.308,4.24323,1,1,1.69344,2.22639,0.289958,1.30835,1.69344,8.39061e+06,3.69306e+06,1.4209e+07,0,0,0,0
