0rest_m,1rest_m,0transf,1transf
1.000000,1.000000,0.3024,-0.3024
1.000000,1.000000,0.281663,-0.281663
1.000000,1.000000,0.281172,-0.281172
1.000000,1.000000,0.28068,-0.28068
1.000000,1.000000,0.280188,-0.280188
1.000000,1.000000,0.111019,-0.111019
1.000000,1.000000,0.110469,-0.110469
1.000000,1.000000,0.109919,-0.109919
1.000000,1.000000,0.109369,-0.109369
1.000000,1.000000,0.3024,-0.3024
1.000000,1.000000,0.3024,-0.3024
1.000000,1.000000,0.3024,-0.3024
1.000000,1.000000,0.3024,-0.3024
1.000000,1.000000,0.3024,-0.3024
1.000000,1.000000,0.277581,-0.277581
1.000000,1.000000,0.277089,-0.277089
1.000000,1.000000,0.276596,-0.276596
1.000000,1.000000,0.276103,-0.276103
1.000000,1.000000,0.297214,-0.297214
1.000000,1.000000,0.296729,-0.296729
1.000000,1.000000,0.296243,-0.296243
1.000000,1.000000,0.295757,-0.295757
1.000000,1.000000,0.218552,-0.218552
1.000000,1.000000,0.21804,-0.21804
1.000000,1.000000,0.217527,-0.217527
1.000000,1.000000,0.217015,-0.217015
1.000000,1.000000,0.216502,-0.216502
1.000000,1.000000,0.173751,-0.173751
1.000000,1.000000,0.173223,-0.173223
1.000000,1.000000,0.172696,-0.172696
1.000000,1.000000,0.172168,-0.172168
1.000000,1.000000,0.133945,-0.133945
1.000000,1.000000,0.133404,-0.133404
1.000000,1.000000,0.132863,-0.132863
1.000000,1.000000,0.132322,-0.132322
1.000000,1.000000,0,-0
1.000000,1.000000,0,-0
1.000000,1.000000,0,-0
1.000000,1.000000,0,-0
1.000000,1.000000,0,-0
1.000000,1.000000,0.0754303,-0.0754303
1.000000,1.000000,0.0748697,-0.0748697
1.000000,1.000000,0.0743091,-0.0743091
1.000000,1.000000,0.0737483,-0.0737483
1.000000,1.000000,0.148694,-0.148694
1.000000,1.000000,0.148159,-0.148159
1.000000,1.000000,0.147623,-0.147623
1.000000,1.000000,0.147088,-0.147088
1.000000,1.000000,0.3024,-0.3024
1.000000,1.000000,0.3024,-0.3024
1.000000,1.000000,0.3024,-0.3024
1.000000,1.000000,0.3024,-0.3024
1.000000,1.000000,0.302096,-0.302096
1.000000,1.000000,0.255946,-0.255946
1.000000,1.000000,0.255464,-0.255464
1.000000,1.000000,0.254981,-0.254981
1.000000,1.000000,0.254498,-0.254498
1.000000,1.000000,0.0823183,-0.0823183
1.000000,1.000000,0.0817782,-0.0817782
1.000000,1.000000,0.0812379,-0.0812379
1.000000,1.000000,0.0806975,-0.0806975
1.000000,1.000000,0.3024,-0.3024
1.000000,1.000000,0.3024,-0.3024
1.000000,1.000000,0.3024,-0.3024
1.000000,1.000000,0.3024,-0.3024
1.000000,1.000000,0.3024,-0.3024
1.000000,1.000000,0.252021,-0.252021
1.000000,1.000000,0.251537,-0.251537
1.000000,1.000000,0.251054,-0.251054
1.000000,1.000000,0.25057,-0.25057
1.000000,1.000000,0.272073,-0.272073
1.000000,1.000000,0.271597,-0.271597
1.000000,1.000000,0.27112,-0.27112
1.000000,1.000000,0.270643,-0.270643
1.000000,1.000000,0.192089,-0.192089
1.000000,1.000000,0.191586,-0.191586
1.000000,1.000000,0.191083,-0.191083
1.000000,1.000000,0.19058,-0.19058
1.000000,1.000000,0.190076,-0.190076
1.000000,1.000000,0.14659,-0.14659
1.000000,1.000000,0.146072,-0.146072
1.000000,1.000000,0.145554,-0.145554
1.000000,1.000000,0.145036,-0.145036
1.000000,1.000000,0.10616,-0.10616
1.000000,1.000000,0.105628,-0.105628
1.000000,1.000000,0.105097,-0.105097
1.000000,1.000000,0.104566,-0.104566
1.000000,1.000000,0,-0
1.000000,1.000000,0,-0
1.000000,1.000000,0,-0
1.000000,1.000000,0,-0
1.000000,1.000000,0,-0
1.000000,1.000000,0.0467966,-0.0467966
1.000000,1.000000,0.0462464,-0.0462464
1.000000,1.000000,0.045696,-0.045696
1.000000,1.000000,0.0451455,-0.0451455
1.000000,1.000000,0.121417,-0.121417
1.000000,1.000000,0.120891,-0.120891
1.000000,1.000000,0.120366,-0.120366
1.000000,1.000000,0.11984,-0.11984
1.000000,1.000000,0.279523,-0.279523
1.000000,1.000000,0.27905,-0.27905
1.000000,1.000000,0.278577,-0.278577
1.000000,1.000000,0.278104,-0.278104
1.000000,1.000000,0.27763,-0.27763
1.000000,1.000000,0.230699,-0.230699
1.000000,1.000000,0.230226,-0.230226
1.000000,1.000000,0.229753,-0.229753
1.000000,1.000000,0.22928,-0.22928
1.000000,1.000000,0.0541464,-0.0541464
1.000000,1.000000,0.0536175,-0.0536175
1.000000,1.000000,0.0530883,-0.0530883
1.000000,1.000000,0.052559,-0.052559
1.000000,1.000000,0.286724,-0.286724
1.000000,1.000000,0.28627,-0.28627
1.000000,1.000000,0.285815,-0.285815
1.000000,1.000000,0.28536,-0.28536
1.000000,1.000000,0.284905,-0.284905
1.000000,1.000000,0.226943,-0.226943
1.000000,1.000000,0.22647,-0.22647
1.000000,1.000000,0.225996,-0.225996
1.000000,1.000000,0.225522,-0.225522
1.000000,1.000000,0.247411,-0.247411
1.000000,1.000000,0.246945,-0.246945
1.000000,1.000000,0.246477,-0.246477
1.000000,1.000000,0.24601,-0.24601
1.000000,1.000000,0.166135,-0.166135
1.000000,1.000000,0.165643,-0.165643
1.000000,1.000000,0.16515,-0.16515
1.000000,1.000000,0.164657,-0.164657
1.000000,1.000000,0.164164,-0.164164
1.000000,1.000000,0.119958,-0.119958
1.000000,1.000000,0.119451,-0.119451
1.000000,1.000000,0.118943,-0.118943
1.000000,1.000000,0.118436,-0.118436
1.000000,1.000000,0.078921,-0.078921
1.000000,1.000000,0.078401,-0.078401
1.000000,1.000000,0.0778807,-0.0778807
1.000000,1.000000,0.0773605,-0.0773605
1.000000,1.000000,0,-0
1.000000,1.000000,0,-0
1.000000,1.000000,0,-0
1.000000,1.000000,0,-0
1.000000,1.000000,0,-0
1.000000,1.000000,0.0187391,-0.0187391
1.000000,1.000000,0.0182003,-0.0182003
1.000000,1.000000,0.0176614,-0.0176614
1.000000,1.000000,0.0171224,-0.0171224
1.000000,1.000000,0.0946941,-0.0946941
1.000000,1.000000,0.0941796,-0.0941796
1.000000,1.000000,0.093665,-0.093665
1.000000,1.000000,0.0931504,-0.0931504
1.000000,1.000000,0.255524,-0.255524
1.000000,1.000000,0.255061,-0.255061
1.000000,1.000000,0.254598,-0.254598
1.000000,1.000000,0.254134,-0.254134
1.000000,1.000000,0.253671,-0.253671
1.000000,1.000000,0.205975,-0.205975
1.000000,1.000000,0.205513,-0.205513
1.000000,1.000000,0.20505,-0.20505
1.000000,1.000000,0.204588,-0.204588
1.000000,1.000000,0.0265635,-0.0265635
1.000000,1.000000,0.0260464,-0.0260464
1.000000,1.000000,0.0255293,-0.0255293
1.000000,1.000000,0.025012,-0.025012
1.000000,1.000000,0.263077,-0.263077
1.000000,1.000000,0.262633,-0.262633
1.000000,1.000000,0.262188,-0.262188
1.000000,1.000000,0.261743,-0.261743
1.000000,1.000000,0.261299,-0.261299
1.000000,1.000000,0.202398,-0.202398
1.000000,1.000000,0.201935,-0.201935
1.000000,1.000000,0.201472,-0.201472
1.000000,1.000000,0.201009,-0.201009
1.000000,1.000000,0.223277,-0.223277
1.000000,1.000000,0.222821,-0.222821
1.000000,1.000000,0.222365,-0.222365
0.911771,0.911771,0.221908,-0.221908
0.911771,0.911771,0.140741,-0.140741
0.911771,0.911771,0.14026,-0.14026
0.911771,0.911771,0.139778,-0.139778
0.982354,0.982354,0.139297,-0.139297
0.911771,0.911771,0.138815,-0.138815
0.911771,0.911771,0.0939054,-0.0939054
0.911771,0.911771,0.0934098,-0.0934098
0.911771,0.911771,0.0929141,-0.0929141
0.911771,0.911771,0.0924183,-0.0924183
0.911771,0.911771,0.0522792,-0.0522792
0.911771,0.911771,0.051771,-0.051771
1.000000,1.000000,0.0512627,-0.0512627
0.911771,0.911771,0.0507544,-0.0507544
1.000000,1.000000,0,-0
1.000000,1.000000,0,-0
0.911771,0.911771,0,-0
1.000000,1.000000,0,-0
1.000000,1.000000,0,-0
1.000000,1.000000,0,-0
1.000000,1.000000,0,-0
1.000000,1.000000,0,-0
1.000000,1.000000,0,-0
1.000000,1.000000,0.0685706,-0.0685706
1.000000,1.000000,0.0680679,-0.0680679
1.000000,1.000000,0,-0
1.000000,1.000000,0,-0
1.000000,1.000000,0,-0
1.000000,1.000000,0,-0
1.000000,1.000000,0,-0
1.000000,1.000000,0,-0
1.000000,1.000000,0,-0
1.000000,1.000000,0,-0
1.000000,1.000000,0,-0
1.000000,1.000000,0.180912,-0.180912
1.000000,1.000000,0.180461,-0.180461
1.000000,1.000000,0,-0
1.000000,1.000000,0,-0
1.000000,1.000000,0,-0
1.000000,1.000000,0,-0
1.000000,1.000000,0.239974,-0.239974
1.000000,1.000000,0.239541,-0.239541
1.000000,1.000000,0.239107,-0.239107
1.000000,1.000000,0.238673,-0.238673
1.000000,1.000000,0.238239,-0.238239
1.000000,1.000000,0.178422,-0.178422
1.000000,1.000000,0.177971,-0.177971
1.000000,1.000000,0.177519,-0.177519
1.000000,1.000000,0.177067,-0.177067
1.000000,1.000000,0.199706,-0.199706
1.000000,1.000000,0.199261,-0.199261
1.000000,1.000000,0.198816,-0.198816
1.000000,1.000000,0.19837,-0.19837
1.000000,1.000000,0.115943,-0.115943
1.000000,1.000000,0.115473,-0.115473
1.000000,1.000000,0.115003,-0.115003
1.000000,1.000000,0.114533,-0.114533
1.000000,1.000000,0.114063,-0.114063
1.000000,1.000000,0.0684682,-0.0684682
1.000000,1.000000,0.0679847,-0.0679847
1.000000,1.000000,0.0675012,-0.0675012
1.000000,1.000000,0.0670174,-0.0670174
1.000000,1.000000,0.0262701,-0.0262701
1.000000,1.000000,0.0257744,-0.0257744
1.000000,1.000000,0.0252786,-0.0252786
1.000000,1.000000,0.0247826,-0.0247826
1.000000,1.000000,0,-0
1.000000,1.000000,0,-0
1.000000,1.000000,0,-0
1.000000,1.000000,0,-0
1.000000,1.000000,0,-0
1.000000,1.000000,0,-0
1.000000,1.000000,0,-0
1.000000,1.000000,0,-0
1.000000,1.000000,0,-0
1.000000,1.000000,0,-0
1.000000,1.000000,0,-0
1.000000,1.000000,0,-0
1.000000,1.000000,0,-0
1.000000,1.000000,0,-0
1.000000,1.000000,0,-0
1.000000,1.000000,0,-0
1.000000,1.000000,0,-0
1.000000,1.000000,0,-0
1.000000,1.000000,0.158245,-0.158245
1.000000,1.000000,0,-0
1.000000,1.000000,0,-0
1.000000,1.000000,0,-0
1.000000,1.000000,0,-0
1.000000,1.000000,0,-0
1.000000,1.000000,0,-0
1.000000,1.000000,0,-0
1.000000,1.000000,0,-0
1.000000,1.000000,0.217019,-0.217019
1.000000,1.000000,0.216596,-0.216596
1.000000,1.000000,0.216174,-0.216174
1.000000,1.000000,0.215751,-0.215751
1.000000,1.000000,0.155041,-0.155041
1.000000,1.000000,0.154601,-0.154601
1.000000,1.000000,0.154161,-0.154161
1.000000,1.000000,0.153721,-0.153721
1.000000,1.000000,0.176722,-0.176722
1.000000,1.000000,0.176288,-0.176288
1.000000,1.000000,0.175854,-0.175854
1.000000,1.000000,0.175421,-0.175421
1.000000,1.000000,0.0917641,-0.0917641
1.000000,1.000000,0.0913066,-0.0913066
1.000000,1.000000,0.0908488,-0.0908488
1.000000,1.000000,0.090391,-0.090391
1.000000,1.000000,0.0899331,-0.0899331
1.000000,1.000000,0.0436703,-0.0436703
1.000000,1.000000,0.0431993,-0.0431993
1.000000,1.000000,0.0427282,-0.0427282
1.000000,1.000000,0.0422571,-0.0422571
1.000000,1.000000,0.000917425,-0.000917425
1.000000,1.000000,0.000434509,-0.000434509
1.000000,1.000000,0,-0
1.000000,1.000000,0,-0
1.000000,1.000000,0,-0
1.000000,1.000000,0,-0
1.000000,1.000000,0,-0
1.000000,1.000000,0,-0
1.000000,1.000000,0,-0
1.000000,1.000000,0,-0
1.000000,1.000000,0,-0
1.000000,1.000000,0,-0
1.000000,1.000000,0,-0
1.000000,1.000000,0,-0
1.000000,1.000000,0,-0
1.000000,1.000000,0,-0
1.000000,1.000000,0,-0
1.000000,1.000000,0,-0
1.000000,1.000000,0,-0
1.000000,1.000000,0,-0
1.000000,1.000000,0,-0
1.000000,1.000000,0,-0
1.000000,1.000000,0,-0
1.000000,1.000000,0,-0
1.000000,1.000000,0,-0
1.000000,1.000000,0,-0
1.000000,1.000000,0,-0
1.000000,1.000000,0,-0
1.000000,1.000000,0,-0
1.000000,1.000000,0,-0
1.000000,1.000000,0,-0
1.000000,1.000000,0.195496,-0.195496
1.000000,1.000000,0.195085,-0.195085
1.000000,1.000000,0.194674,-0.194674
1.000000,1.000000,0.194263,-0.194263
1.000000,1.000000,0.193852,-0.193852
1.000000,1.000000,0.132274,-0.132274
1.000000,1.000000,0.131846,-0.131846
1.000000,1.000000,0.131418,-0.131418
1.000000,1.000000,0.13099,-0.13099
1.000000,1.000000,0.154344,-0.154344
1.000000,1.000000,0.153922,-0.153922
1.000000,1.000000,0.1535,-0.1535
1.000000,1.000000,0.153078,-0.153078
1.000000,1.000000,0.0682262,-0.0682262
1.000000,1.000000,0.0677811,-0.0677811
1.000000,1.000000,0.067336,-0.067336
1.000000,1.000000,0.0668908,-0.0668908
1.000000,1.000000,0.0664455,-0.0664455
1.000000,1.000000,0.0195335,-0.0195335
1.000000,1.000000,0.0190754,-0.0190754
1.000000,1.000000,0.0186173,-0.0186173
1.000000,1.000000,0.018159,-0.018159
1.000000,1.000000,0,-0
1.000000,1.000000,0,-0
1.000000,1.000000,0,-0
1.000000,1.000000,0,-0
1.000000,1.000000,0,-0
1.000000,1.000000,0,-0
1.000000,1.000000,0,-0
1.000000,1.000000,0,-0
1.000000,1.000000,0,-0
1.000000,1.000000,0,-0
1.000000,1.000000,0,-0
1.000000,1.000000,0,-0
1.000000,1.000000,0,-0
1.000000,1.000000,0,-0
1.000000,1.000000,0,-0
1.000000,1.000000,0,-0
1.000000,1.000000,0,-0
1.000000,1.000000,0.165192,-0.165192
1.000000,1.000000,0.164774,-0.164774
1.000000,1.000000,0.164356,-0.164356
1.000000,1.000000,0.163938,-0.163938
1.000000,1.000000,0.163519,-0.163519
1.000000,1.000000,0.112955,-0.112955
1.000000,1.000000,0.11254,-0.11254
1.000000,1.000000,0.112126,-0.112126
1.000000,1.000000,0.11171,-0.11171
1.000000,1.000000,0,-0
1.000000,1.000000,0,-0
1.000000,1.000000,0,-0
1.000000,1.000000,0,-0
1.000000,1.000000,0.174162,-0.174162
1.000000,1.000000,0.173763,-0.173763
1.000000,1.000000,0.173364,-0.173364
1.000000,1.000000,0.172965,-0.172965
1.000000,1.000000,0.172566,-0.172566
1.000000,1.000000,0.110144,-0.110144
1.000000,1.000000,0.109729,-0.109729
1.000000,1.000000,0.109313,-0.109313
1.000000,1.000000,0.108898,-0.108898
1.000000,1.000000,0.132596,-0.132596
1.000000,1.000000,0.132187,-0.132187
1.000000,1.000000,0.131777,-0.131777
1.000000,1.000000,0.131367,-0.131367
1.000000,1.000000,0.0453551,-0.0453551
1.000000,1.000000,0.0449232,-0.0449232
1.000000,1.000000,0.0444912,-0.0444912
1.000000,1.000000,0.044059,-0.044059
1.000000,1.000000,0.0436269,-0.0436269
1.000000,1.000000,0,-0
1.000000,1.000000,0,-0
1.000000,1.000000,0,-0
1.000000,1.000000,0,-0
1.000000,1.000000,0,-0
1.000000,1.000000,0,-0
1.000000,1.000000,0,-0
0.982354,0.982354,0,-0
0.982354,0.982354,0,-0
0.982354,0.982354,0,-0
0.982354,0.982354,0,-0
0.982354,0.982354,0,-0
1.000000,1.000000,0,-0
1.000000,1.000000,0,-0
1.000000,1.000000,0,-0
1.000000,1.000000,0,-0
1.000000,1.000000,0,-0
1.000000,1.000000,0,-0
1.000000,1.000000,0,-0
1.000000,1.000000,0,-0
1.000000,1.000000,0,-0
1.000000,1.000000,0.14414,-0.14414
1.000000,1.000000,0.143734,-0.143734
1.000000,1.000000,0.143328,-0.143328
1.000000,1.000000,0.142923,-0.142923
1.000000,1.000000,0.142516,-0.142516
1.000000,1.000000,0.0912864,-0.0912864
1.000000,1.000000,0.0908843,-0.0908843
1.000000,1.000000,0.0904821,-0.0904821
1.000000,1.000000,0.0900799,-0.0900799
1.000000,1.000000,0,-0
1.000000,1.000000,0,-0
1.000000,1.000000,0,-0
1.000000,1.000000,0,-0
1.000000,1.000000,0.153463,-0.153463
1.000000,1.000000,0.153076,-0.153076
1.000000,1.000000,0.15269,-0.15269
1.000000,1.000000,0.152303,-0.152303
1.000000,1.000000,0.151916,-0.151916
1.000000,1.000000,0.0886767,-0.0886767
1.000000,1.000000,0.0882742,-0.0882742
1.000000,1.000000,0.0878717,-0.0878717
1.000000,1.000000,0.0874691,-0.0874691
1.000000,1.000000,0.111502,-0.111502
1.000000,1.000000,0.111105,-0.111105
1.000000,1.000000,0.110708,-0.110708
1.000000,1.000000,0.110311,-0.110311
1.000000,1.000000,0.023174,-0.023174
1.000000,1.000000,0.0227555,-0.0227555
1.000000,1.000000,0.022337,-0.022337
1.000000,1.000000,0.0219183,-0.0219183
1.000000,1.000000,0.0214996,-0.0214996
1.000000,1.000000,0,-0
1.000000,1.000000,0,-0
1.000000,1.000000,0,-0
1.000000,1.000000,0,-0
1.000000,1.000000,0,-0
1.000000,1.000000,0,-0
1.000000,1.000000,0,-0
0.982354,0.982354,0,-0
0.982354,0.982354,0,-0
0.982354,0.982354,0,-0
0.982354,0.982354,0,-0
0.982354,0.982354,0,-0
1.000000,1.000000,0,-0
1.000000,1.000000,0,-0
1.000000,1.000000,0,-0
1.000000,1.000000,0,-0
1.000000,1.000000,0,-0
1.000000,1.000000,0,-0
1.000000,1.000000,0,-0
1.000000,1.000000,0,-0
1.000000,1.000000,0,-0
1.000000,1.000000,0.123739,-0.123739
1.000000,1.000000,0.123346,-0.123346
1.000000,1.000000,0.122953,-0.122953
1.000000,1.000000,0.12256,-0.12256
1.000000,1.000000,0.122167,-0.122167
1.000000,1.000000,0.0702915,-0.0702915
1.000000,1.000000,0.0699024,-0.0699024
1.000000,1.000000,0.0695132,-0.0695132
1.000000,1.000000,0.069124,-0.069124
1.000000,1.000000,0,-0
1.000000,1.000000,0,-0
1.000000,1.000000,0,-0
1.000000,1.000000,0,-0
1.000000,1.000000,0.133412,-0.133412
1.000000,1.000000,0.133038,-0.133038
1.000000,1.000000,0.132664,-0.132664
1.000000,1.000000,0.13229,-0.13229
1.000000,1.000000,0.131916,-0.131916
1.000000,1.000000,0.0678849,-0.0678849
1.000000,1.000000,0.0674956,-0.0674956
1.000000,1.000000,0.0671061,-0.0671061
1.000000,1.000000,0.0667165,-0.0667165
1.000000,1.000000,0.0910739,-0.0910739
1.000000,1.000000,0.09069,-0.09069
1.000000,1.000000,0.0903062,-0.0903062
1.000000,1.000000,0.0899222,-0.0899222
1.000000,1.000000,0.00169598,-0.00169598
1.000000,1.000000,0.00129103,-0.00129103
1.000000,1.000000,0.000886073,-0.000886073
1.000000,1.000000,0.000481119,-0.000481119
1.000000,1.000000,7.60463e-05,-7.60463e-05
1.000000,1.000000,0,-0
1.000000,1.000000,0,-0
1.000000,1.000000,0,-0
1.000000,1.000000,0,-0
1.000000,1.000000,0,-0
1.000000,1.000000,0,-0
1.000000,1.000000,0,-0
0.982354,0.982354,0,-0
0.982354,0.982354,0,-0
0.982354,0.982354,0,-0
0.982354,0.982354,0,-0
0.982354,0.982354,0,-0
1.000000,1.000000,0,-0
1.000000,1.000000,0,-0
1.000000,1.000000,0,-0
1.000000,1.000000,0,-0
1.000000,1.000000,0,-0
1.000000,1.000000,0,-0
1.000000,1.000000,0,-0
1.000000,1.000000,0,-0
1.000000,1.000000,0,-0
1.000000,1.000000,0.104,-0.104
1.000000,1.000000,0.10362,-0.10362
1.000000,1.000000,0.10324,-0.10324
1.000000,1.000000,0.10286,-0.10286
1.000000,1.000000,0.102479,-0.102479
1.000000,1.000000,0.0499798,-0.0499798
1.000000,1.000000,0.0496031,-0.0496031
1.000000,1.000000,0.0492262,-0.0492262
1.000000,1.000000,0.0488493,-0.0488493
1.000000,1.000000,0,-0
1.000000,1.000000,0,-0
1.000000,1.000000,0,-0
1.000000,1.000000,0,-0
1.000000,1.000000,0.114012,-0.114012
1.000000,1.000000,0.11365,-0.11365
1.000000,1.000000,0.113288,-0.113288
1.000000,1.000000,0.112926,-0.112926
1.000000,1.000000,0.112563,-0.112563
1.000000,1.000000,0.0477668,-0.0477668
1.000000,1.000000,0.0473897,-0.0473897
1.000000,1.000000,0.0470127,-0.0470127
1.000000,1.000000,0.0466355,-0.0466355
1.000000,1.000000,0.0713066,-0.0713066
1.000000,1.000000,0.070935,-0.070935
1.000000,1.000000,0.0705633,-0.0705633
1.000000,1.000000,0.0701916,-0.0701916
1.000000,1.000000,0,-0
1.000000,1.000000,0,-0
1.000000,1.000000,0,-0
1.000000,1.000000,0,-0
1.000000,1.000000,0,-0
1.000000,1.000000,0,-0
1.000000,1.000000,0,-0
1.000000,1.000000,0,-0
1.000000,1.000000,0,-0
1.000000,1.000000,0,-0
1.000000,1.000000,0,-0
1.000000,1.000000,0,-0
0.982354,0.982354,0,-0
0.982354,0.982354,0,-0
0.982354,0.982354,0,-0
0.982354,0.982354,0,-0
0.982354,0.982354,0,-0
1.000000,1.000000,0,-0
1.000000,1.000000,0,-0
1.000000,1.000000,0,-0
1.000000,1.000000,0,-0
1.000000,1.000000,0,-0
1.000000,1.000000,0,-0
1.000000,1.000000,0,-0
1.000000,1.000000,0,-0
1.000000,1.000000,0,-0
1.000000,1.000000,0,-0
1.000000,1.000000,0,-0
1.000000,1.000000,0,-0
1.000000,1.000000,0,-0
1.000000,1.000000,0,-0
1.000000,1.000000,0,-0
1.000000,1.000000,0.0299517,-0.0299517
1.000000,1.000000,0.0295868,-0.0295868
1.000000,1.000000,0.0292218,-0.0292218
1.000000,1.000000,0,-0
1.000000,1.000000,0,-0
1.000000,1.000000,0,-0
1.000000,1.000000,0,-0
1.000000,1.000000,0.0952309,-0.0952309
1.000000,1.000000,0.0948802,-0.0948802
1.000000,1.000000,0.0945295,-0.0945295
1.000000,1.000000,0.0941787,-0.0941787
1.000000,1.000000,0.0938278,-0.0938278
1.000000,1.000000,0.0282895,-0.0282895
1.000000,1.000000,0.0279244,-0.0279244
1.000000,1.000000,0.0275593,-0.0275593
1.000000,1.000000,0.027194,-0.027194
1.000000,1.000000,0.0521688,-0.0521688
1.000000,1.000000,0.0518089,-0.0518089
1.000000,1.000000,0.0514491,-0.0514491
1.000000,1.000000,0.051089,-0.051089
1.000000,1.000000,0,-0
1.000000,1.000000,0,-0
1.000000,1.000000,0,-0
1.000000,1.000000,0,-0
1.000000,1.000000,0,-0
1.000000,1.000000,0,-0
1.000000,1.000000,0,-0
1.000000,1.000000,0,-0
1.000000,1.000000,0,-0
1.000000,1.000000,0,-0
1.000000,1.000000,0,-0
1.000000,1.000000,0,-0
0.982354,0.982354,0,-0
0.982354,0.982354,0,-0
0.982354,0.982354,0,-0
0.982354,0.982354,0,-0
0.982354,0.982354,0,-0
0.982354,0.982354,0,-0
0.982354,0.982354,0,-0
0.982354,0.982354,0,-0
0.982354,0.982354,0,-0
1.000000,1.000000,0,-0
1.000000,1.000000,0,-0
1.000000,1.000000,0,-0
1.000000,1.000000,0,-0
1.000000,1.000000,0,-0
1.000000,1.000000,0.0663903,-0.0663903
1.000000,1.000000,0.066034,-0.066034
1.000000,1.000000,0.0656776,-0.0656776
1.000000,1.000000,0.0653213,-0.0653213
1.000000,1.000000,0.0649649,-0.0649649
1.000000,1.000000,0.0649649,-0.0649649
1.000000,1.000000,0.0112762,-0.0112762
1.000000,1.000000,0.0109235,-0.0109235
1.000000,1.000000,0.0105706,-0.0105706
1.000000,1.000000,0.0102177,-0.0102177
0.982354,0.982354,0,-0
0.982354,0.982354,0,-0
0.982354,0.982354,0,-0
1.000000,1.000000,0,-0
1.000000,1.000000,0.0770492,-0.0770492
1.000000,1.000000,0.0767102,-0.0767102
1.000000,1.000000,0.0763711,-0.0763711
1.000000,1.000000,0.0760319,-0.0760319
1.000000,1.000000,0.0756928,-0.0756928
1.000000,1.000000,0.00943719,-0.00943719
1.000000,1.000000,0.00908422,-0.00908422
1.000000,1.000000,0.00873124,-0.00873124
1.000000,1.000000,0.00837814,-0.00837814
1.000000,1.000000,0.0336474,-0.0336474
1.000000,1.000000,0.0332996,-0.0332996
1.000000,1.000000,0.0329516,-0.0329516
1.000000,1.000000,0.0326036,-0.0326036
1.000000,1.000000,0,-0
1.000000,1.000000,0,-0
1.000000,1.000000,0,-0
1.000000,1.000000,0,-0
1.000000,1.000000,0,-0
1.000000,1.000000,0,-0
1.000000,1.000000,0,-0
1.000000,1.000000,0,-0
1.000000,1.000000,0,-0
1.000000,1.000000,0,-0
1.000000,1.000000,0,-0
1.000000,1.000000,0,-0
0.982354,0.982354,0,-0
0.982354,0.982354,0,-0
0.982354,0.982354,0,-0
0.982354,0.982354,0,-0
0.982354,0.982354,0,-0
0.982354,0.982354,0,-0
0.982354,0.982354,0,-0
0.982354,0.982354,0,-0
0.982354,0.982354,0,-0
1.000000,1.000000,0,-0
1.000000,1.000000,0,-0
1.000000,1.000000,0,-0
1.000000,1.000000,0,-0
1.000000,1.000000,0,-0
1.000000,1.000000,0.048502,-0.048502
1.000000,1.000000,0.0481576,-0.0481576
1.000000,1.000000,0.0478132,-0.0478132
1.000000,1.000000,0.0474688,-0.0474688
1.000000,1.000000,0.0471243,-0.0471243
1.000000,1.000000,0,-0
1.000000,1.000000,0,-0
1.000000,1.000000,0,-0
0.982354,0.982354,0,-0
0.982354,0.982354,0,-0
0.982354,0.982354,0,-0
0.982354,0.982354,0,-0
1.000000,1.000000,0,-0
1.000000,1.000000,0.0594783,-0.0594783
1.000000,1.000000,0.0591509,-0.0591509
1.000000,1.000000,0.0588237,-0.0588237
1.000000,1.000000,0.0584963,-0.0584963
1.000000,1.000000,0.0581689,-0.0581689
1.000000,1.000000,0,-0
1.000000,1.000000,0,-0
1.000000,1.000000,0,-0
1.000000,1.000000,0,-0
1.000000,1.000000,0.015753,-0.015753
1.000000,1.000000,0.0154173,-0.0154173
1.000000,1.000000,0.0150815,-0.0150815
1.000000,1.000000,0.0147456,-0.0147456
1.000000,1.000000,0,-0
1.000000,1.000000,0,-0
1.000000,1.000000,0,-0
1.000000,1.000000,0,-0
1.000000,1.000000,0,-0
1.000000,1.000000,0,-0
1.000000,1.000000,0,-0
1.000000,1.000000,0,-0
1.000000,1.000000,0,-0
1.000000,1.000000,0,-0
1.000000,1.000000,0,-0
1.000000,1.000000,0,-0
0.982354,0.982354,0,-0
0.982354,0.982354,0,-0
0.982354,0.982354,0,-0
0.982354,0.982354,0,-0
0.982354,0.982354,0,-0
0.982354,0.982354,0,-0
0.982354,0.982354,0,-0
0.982354,0.982354,0,-0
0.982354,0.982354,0,-0
1.000000,1.000000,0,-0
1.000000,1.000000,0,-0
1.000000,1.000000,0,-0
1.000000,1.000000,0,-0
1.000000,1.000000,0,-0
1.000000,1.000000,0.0312352,-0.0312352
1.000000,1.000000,0.0309029,-0.0309029
1.000000,1.000000,0.0305706,-0.0305706
1.000000,1.000000,0.0302383,-0.0302383
1.000000,1.000000,0.0299058,-0.0299058
1.000000,1.000000,0,-0
1.000000,1.000000,0,-0
1.000000,1.000000,0,-0
0.982354,0.982354,0,-0
0.982354,0.982354,0,-0
0.982354,0.982354,0,-0
0.982354,0.982354,0,-0
1.000000,1.000000,0,-0
1.000000,1.000000,0.042526,-0.042526
1.000000,1.000000,0.0422108,-0.0422108
1.000000,1.000000,0.0418955,-0.0418955
1.000000,1.000000,0.0415803,-0.0415803
1.000000,1.000000,0.0412649,-0.0412649
1.000000,1.000000,0,-0
1.000000,1.000000,0,-0
1.000000,1.000000,0,-0
1.000000,1.000000,0,-0
1.000000,1.000000,0,-0
1.000000,1.000000,0,-0
1.000000,1.000000,0,-0
1.000000,1.000000,0,-0
1.000000,1.000000,0,-0
1.000000,1.000000,0,-0
1.000000,1.000000,0,-0
1.000000,1.000000,0,-0
1.000000,1.000000,0,-0
1.000000,1.000000,0,-0
1.000000,1.000000,0,-0
1.000000,1.000000,0,-0
0.982354,0.982354,0,-0
0.982354,0.982354,0,-0
0.982354,0.982354,0,-0
0.982354,0.982354,0,-0
0.982354,0.982354,0,-0
0.982354,0.982354,0,-0
0.982354,0.982354,0,-0
0.982354,0.982354,0,-0
0.982354,0.982354,0,-0
0.982354,0.982354,0,-0
0.982354,0.982354,0,-0
0.982354,0.982354,0,-0
0.982354,0.982354,0,-0
1.000000,1.000000,0,-0
1.000000,1.000000,0,-0
1.000000,1.000000,0,-0
1.000000,1.000000,0,-0
1.000000,1.000000,0,-0
1.000000,1.000000,0.0146034,-0.0146034
1.000000,1.000000,0.0142834,-0.0142834
1.000000,1.000000,0.0139635,-0.0139635
1.000000,1.000000,0.0136434,-0.0136434
1.000000,1.000000,0.0133233,-0.0133233
1.000000,1.000000,0,-0
1.000000,1.000000,0,-0
1.000000,1.000000,0,-0
0.982354,0.982354,0,-0
0.982354,0.982354,0,-0
0.982354,0.982354,0,-0
0.982354,0.982354,0,-0
1.000000,1.000000,0,-0
1.000000,1.000000,0.0262089,-0.0262089
1.000000,1.000000,0.0259063,-0.0259063
1.000000,1.000000,0.0256036,-0.0256036
1.000000,1.000000,0.025301,-0.025301
1.000000,1.000000,0.0249982,-0.0249982
1.000000,1.000000,0,-0
1.000000,1.000000,0,-0
1.000000,1.000000,0,-0
1.000000,1.000000,0,-0
1.000000,1.000000,0,-0
1.000000,1.000000,0,-0
1.000000,1.000000,0,-0
1.000000,1.000000,0,-0
1.000000,1.000000,0,-0
1.000000,1.000000,0,-0
1.000000,1.000000,0,-0
1.000000,1.000000,0,-0
1.000000,1.000000,0,-0
1.000000,1.000000,0,-0
1.000000,1.000000,0,-0
1.000000,1.000000,0,-0
0.982354,0.982354,0,-0
0.982354,0.982354,0,-0
0.982354,0.982354,0,-0
0.982354,0.982354,0,-0
0.982354,0.982354,0,-0
0.982354,0.982354,0,-0
0.982354,0.982354,0,-0
0.982354,0.982354,0,-0
0.982354,0.982354,0,-0
0.982354,0.982354,0,-0
0.982354,0.982354,0,-0
0.982354,0.982354,0,-0
0.982354,0.982354,0,-0
0.982354,0.982354,0,-0
0.982354,0.982354,0,-0
0.982354,0.982354,0,-0
0.982354,0.982354,0,-0
1.000000,1.000000,0,-0
1.000000,1.000000,0,-0
1.000000,1.000000,0,-0
1.000000,1.000000,0,-0
1.000000,1.000000,0,-0
1.000000,1.000000,0,-0
1.000000,1.000000,0,-0
1.000000,1.000000,0,-0
1.000000,1.000000,0,-0
0.982354,0.982354,0,-0
0.982354,0.982354,0,-0
0.982354,0.982354,0,-0
0.982354,0.982354,0,-0
1.000000,1.000000,0,-0
1.000000,1.000000,0.010555,-0.010555
1.000000,1.000000,0.0102656,-0.0102656
1.000000,1.000000,0.00997602,-0.00997602
1.000000,1.000000,0.00968646,-0.00968646
1.000000,1.000000,0.00939678,-0.00939678
1.000000,1.000000,0,-0
1.000000,1.000000,0,-0
1.000000,1.000000,0,-0
1.000000,1.000000,0,-0
1.000000,1.000000,0,-0
1.000000,1.000000,0,-0
1.000000,1.000000,0,-0
1.000000,1.000000,0,-0
1.000000,1.000000,0,-0
1.000000,1.000000,0,-0
1.000000,1.000000,0,-0
1.000000,1.000000,0,-0
1.000000,1.000000,0,-0
1.000000,1.000000,0,-0
1.000000,1.000000,0,-0
1.000000,1.000000,0,-0
0.982354,0.982354,0,-0
0.982354,0.982354,0,-0
0.982354,0.982354,0,-0
0.982354,0.982354,0,-0
0.982354,0.982354,0,-0
0.982354,0.982354,0,-0
0.982354,0.982354,0,-0
0.982354,0.982354,0,-0
0.982354,0.982354,0,-0
0.982354,0.982354,0,-0
0.982354,0.982354,0,-0
0.982354,0.982354,0,-0
0.982354,0.982354,0,-0
0.982354,0.982354,0,-0
0.982354,0.982354,0,-0
0.982354,0.982354,0,-0
0.982354,0.982354,0,-0
1.000000,1.000000,0,-0
1.000000,1.000000,0,-0
1.000000,1.000000,0,-0
1.000000,1.000000,0,-0
0.911771,0.911771,0,-0
0.911771,0.911771,0,-0
0.911771,0.911771,0,-0
0.911771,0.911771,0,-0
0.911771,0.911771,0,-0
0.911771,0.911771,0,-0
0.911771,0.911771,0,-0
0.911771,0.911771,0,-0
0.911771,0.911771,0,-0
0.911771,0.911771,0,-0
0.911771,0.911771,0,-0
0.911771,0.911771,0,-0
0.911771,0.911771,0,-0
0.911771,0.911771,0,-0
0.911771,0.911771,0,-0
0.911771,0.911771,0,-0
0.911771,0.911771,0,-0
0.911771,0.911771,0,-0
0.911771,0.911771,0,-0
0.911771,0.911771,0,-0
0.911771,0.911771,0,-0
0.911771,0.911771,0,-0
0.911771,0.911771,0,-0
0.911771,0.911771,0,-0
0.911771,0.911771,0,-0
0.911771,0.911771,0,-0
0.911771,0.911771,0,-0
0.911771,0.911771,0,-0
0.911771,0.911771,0,-0
0.911771,0.911771,0,-0
0.982354,0.982354,0,-0
0.982354,0.982354,0,-0
0.911771,0.911771,0,-0
0.982354,0.982354,0,-0
0.982354,0.982354,0,-0
0.982354,0.982354,0,-0
0.982354,0.982354,0,-0
0.982354,0.982354,0,-0
0.982354,0.982354,0,-0
0.982354,0.982354,0,-0
0.982354,0.982354,0,-0
0.982354,0.982354,0,-0
0.982354,0.982354,0,-0
0.982354,0.982354,0,-0
0.982354,0.982354,0,-0
0.982354,0.982354,0,-0
0.982354,0.982354,0,-0
0.911771,0.911771,0,-0
0.911771,0.911771,0,-0
1.000000,1.000000,0,-0
0.911771,0.911771,0,-0
0.911771,0.911771,0,-0
0.911771,0.911771,0,-0
0.911771,0.911771,0,-0
0.911771,0.911771,0,-0
1.000000,1.000000,0,-0
1.000000,1.000000,0,-0
1.000000,1.000000,0,-0
0.982354,0.982354,0,-0
0.982354,0.982354,0,-0
0.982354,0.982354,0,-0
0.982354,0.982354,0,-0
1.000000,1.000000,0,-0
1.000000,1.000000,0,-0
1.000000,1.000000,0,-0
1.000000,1.000000,0,-0
1.000000,1.000000,0,-0
1.000000,1.000000,0,-0
1.000000,1.000000,0,-0
1.000000,1.000000,0,-0
1.000000,1.000000,0,-0
1.000000,1.000000,0,-0
1.000000,1.000000,0,-0
1.000000,1.000000,0,-0
1.000000,1.000000,0,-0
1.000000,1.000000,0,-0
1.000000,1.000000,0,-0
1.000000,1.000000,0,-0
1.000000,1.000000,0,-0
1.000000,1.000000,0,-0
0.982354,0.982354,0,-0
0.982354,0.982354,0,-0
0.982354,0.982354,0,-0
0.982354,0.982354,0,-0
0.982354,0.982354,0,-0
0.982354,0.982354,0,-0
0.982354,0.982354,0,-0
0.982354,0.982354,0,-0
0.982354,0.982354,0,-0
0.982354,0.982354,0,-0
0.982354,0.982354,0,-0
0.982354,0.982354,0,-0
0.982354,0.982354,0,-0
0.982354,0.982354,0,-0
0.982354,0.982354,0,-0
0.982354,0.982354,0,-0
0.982354,0.982354,0,-0
0.982354,0.982354,0,-0
0.982354,0.982354,0,-0
0.982354,0.982354,0,-0
0.982354,0.982354,0,-0
1.000000,1.000000,0,-0
1.000000,1.000000,0,-0
1.000000,1.000000,0,-0
1.000000,1.000000,0,-0
1.000000,1.000000,0,-0
1.000000,1.000000,0,-0
1.000000,1.000000,0,-0
1.000000,1.000000,0,-0
1.000000,1.000000,0,-0
0.982354,0.982354,0,-0
0.982354,0.982354,0,-0
0.982354,0.982354,0,-0
0.982354,0.982354,0,-0
1.000000,1.000000,0,-0
1.000000,1.000000,0,-0
1.000000,1.000000,0,-0
1.000000,1.000000,0,-0
1.000000,1.000000,0,-0
1.000000,1.000000,0,-0
1.000000,1.000000,0,-0
1.000000,1.000000,0,-0
1.000000,1.000000,0,-0
1.000000,1.000000,0,-0
1.000000,1.000000,0,-0
0.911771,0.911771,0,-0
1.000000,1.000000,0,-0
1.000000,1.000000,0,-0
1.000000,1.000000,0,-0
1.000000,1.000000,0,-0
1.000000,1.000000,0,-0
1.000000,1.000000,0,-0
0.982354,0.982354,0,-0
0.982354,0.982354,0,-0
0.982354,0.982354,0,-0
0.982354,0.982354,0,-0
0.982354,0.982354,0,-0
0.982354,0.982354,0,-0
0.982354,0.982354,0,-0
0.982354,0.982354,0,-0
0.982354,0.982354,0,-0
0.982354,0.982354,0,-0
0.982354,0.982354,0,-0
0.982354,0.982354,0,-0
0.982354,0.982354,0,-0
0.982354,0.982354,0,-0
0.982354,0.982354,0,-0
0.982354,0.982354,0,-0
0.982354,0.982354,0,-0
0.982354,0.982354,0,-0
0.982354,0.982354,0,-0
0.982354,0.982354,0,-0
0.982354,0.982354,0,-0
1.000000,1.000000,0,-0
1.000000,1.000000,0,-0
1.000000,1.000000,0,-0
1.000000,1.000000,0,-0
1.000000,1.000000,0,-0
1.000000,1.000000,0,-0
1.000000,1.000000,0,-0
1.000000,1.000000,0,-0
1.000000,1.000000,0,-0
0.982354,0.982354,0,-0
0.982354,0.982354,0,-0
0.982354,0.982354,0,-0
0.982354,0.982354,0,-0
1.000000,1.000000,0,-0
1.000000,1.000000,0,-0
1.000000,1.000000,0,-0
0.911771,0.911771,0,-0
1.000000,1.000000,0,-0
0.911771,0.911771,0,-0
0.911771,0.911771,0,-0
1.000000,1.000000,0,-0
1.000000,1.000000,0,-0
1.000000,1.000000,0,-0
1.000000,1.000000,0,-0
0.911771,0.911771,0,-0
1.000000,1.000000,0,-0
1.000000,1.000000,0,-0
1.000000,1.000000,0,-0
1.000000,1.000000,0,-0
1.000000,1.000000,0,-0
1.000000,1.000000,0,-0
0.982354,0.982354,0,-0
0.982354,0.982354,0,-0
0.982354,0.982354,0,-0
0.982354,0.982354,0,-0
0.982354,0.982354,0,-0
0.982354,0.982354,0,-0
0.982354,0.982354,0,-0
0.982354,0.982354,0,-0
0.982354,0.982354,0,-0
0.982354,0.982354,0,-0
0.982354,0.982354,0,-0
0.982354,0.982354,0,-0
0.982354,0.982354,0,-0
0.982354,0.982354,0,-0
0.982354,0.982354,0,-0
0.982354,0.982354,0,-0
0.982354,0.982354,0,-0
0.911771,0.911771,0,-0
0.911771,0.911771,0,-0
0.982354,0.982354,0,-0
0.982354,0.982354,0,-0
1.000000,1.000000,0,-0
0.911771,0.911771,0,-0
0.911771,0.911771,0,-0
0.911771,0.911771,0,-0
0.911771,0.911771,0,-0
0.911771,0.911771,0,-0
0.911771,0.911771,0,-0
0.911771,0.911771,0,-0
0.911771,0.911771,0,-0
0.911771,0.911771,0,-0
0.911771,0.911771,0,-0
0.982354,0.982354,0,-0
0.982354,0.982354,0,-0
1.000000,1.000000,0,-0
1.000000,1.000000,0,-0
1.000000,1.000000,0,-0
1.000000,1.000000,0,-0
1.000000,1.000000,0,-0
1.000000,1.000000,0,-0
1.000000,1.000000,0,-0
1.000000,1.000000,0,-0
1.000000,1.000000,0,-0
1.000000,1.000000,0,-0
1.000000,1.000000,0,-0
1.000000,1.000000,0,-0
1.000000,1.000000,0,-0
0.982354,0.982354,0,-0
0.982354,0.982354,0,-0
0.982354,0.982354,0,-0
0.982354,0.982354,0,-0
0.982354,0.982354,0,-0
0.982354,0.982354,0,-0
0.982354,0.982354,0,-0
0.982354,0.982354,0,-0
0.982354,0.982354,0,-0
0.982354,0.982354,0,-0
0.982354,0.982354,0,-0
0.982354,0.982354,0,-0
0.982354,0.982354,0,-0
0.982354,0.982354,0,-0
0.982354,0.982354,0,-0
0.982354,0.982354,0,-0
0.982354,0.982354,0,-0
0.982354,0.982354,0,-0
0.982354,0.982354,0,-0
0.982354,0.982354,0,-0
0.982354,0.982354,0,-0
0.982354,0.982354,0,-0
0.982354,0.982354,0,-0
0.982354,0.982354,0,-0
0.982354,0.982354,0,-0
0.982354,0.982354,0,-0
1.000000,1.000000,0,-0
1.000000,1.000000,0,-0
1.000000,1.000000,0,-0
1.000000,1.000000,0,-0
1.000000,1.000000,0,-0
1.000000,1.000000,0,-0
1.000000,1.000000,0,-0
1.000000,1.000000,0,-0
1.000000,1.000000,0,-0
0.982354,0.982354,0,-0
0.982354,0.982354,0,-0
0.982354,0.982354,0,-0
0.982354,0.982354,0,-0
1.000000,1.000000,0,-0
1.000000,1.000000,0,-0
1.000000,1.000000,0,-0
1.000000,1.000000,0,-0
1.000000,1.000000,0,-0
1.000000,1.000000,0,-0
1.000000,1.000000,0,-0
1.000000,1.000000,0,-0
1.000000,1.000000,0,-0
1.000000,1.000000,0,-0
1.000000,1.000000,0,-0
1.000000,1.000000,0,-0
1.000000,1.000000,0,-0
0.982354,0.982354,0,-0
0.982354,0.982354,0,-0
0.982354,0.982354,0,-0
0.982354,0.982354,0,-0
0.982354,0.982354,0,-0
0.982354,0.982354,0,-0
0.982354,0.982354,0,-0
0.982354,0.982354,0,-0
0.982354,0.982354,0,-0
0.982354,0.982354,0,-0
0.982354,0.982354,0,-0
0.982354,0.982354,0,-0
0.982354,0.982354,0,-0
0.982354,0.982354,0,-0
0.982354,0.982354,0,-0
0.982354,0.982354,0,-0
0.982354,0.982354,0,-0
0.982354,0.982354,0,-0
0.982354,0.982354,0,-0
0.982354,0.982354,0,-0
0.982354,0.982354,0,-0
0.982354,0.982354,0,-0
0.982354,0.982354,0,-0
0.982354,0.982354,0,-0
0.982354,0.982354,0,-0
0.982354,0.982354,0,-0
1.000000,1.000000,0,-0
1.000000,1.000000,0,-0
1.000000,1.000000,0,-0
1.000000,1.000000,0,-0
1.000000,1.000000,0,-0
1.000000,1.000000,0,-0
1.000000,1.000000,0,-0
1.000000,1.000000,0,-0
1.000000,1.000000,0,-0
0.982354,0.982354,0,-0
0.982354,0.982354,0,-0
0.982354,0.982354,0,-0
0.982354,0.982354,0,-0
1.000000,1.000000,0,-0
1.000000,1.000000,0,-0
1.000000,1.000000,0,-0
1.000000,1.000000,0,-0
0.911771,0.911771,0,-0
1.000000,1.000000,0,-0
0.982354,0.982354,0,-0
0.911771,0.911771,0,-0
1.000000,1.000000,0,-0
0.911771,0.911771,0,-0
0.911771,0.911771,0,-0
0.911771,0.911771,0,-0
0.911771,0.911771,0,-0
0.911771,0.911771,0,-0
0.982354,0.982354,0,-0
0.982354,0.982354,0,-0
0.911771,0.911771,0,-0
0.982354,0.982354,0,-0
0.982354,0.982354,0,-0
0.982354,0.982354,0,-0
0.982354,0.982354,0,-0
0.982354,0.982354,0,-0
0.982354,0.982354,0,-0
0.982354,0.982354,0,-0
0.982354,0.982354,0,-0
0.982354,0.982354,0,-0
0.982354,0.982354,0,-0
0.982354,0.982354,0,-0
0.982354,0.982354,0,-0
0.982354,0.982354,0,-0
0.982354,0.982354,0,-0
0.982354,0.982354,0,-0
0.982354,0.982354,0,-0
0.982354,0.982354,0,-0
0.982354,0.982354,0,-0
0.982354,0.982354,0,-0
0.982354,0.982354,0,-0
0.911771,0.911771,0,-0
0.911771,0.911771,0,-0
0.911771,0.911771,0,-0
0.911771,0.911771,0,-0
0.911771,0.911771,0,-0
0.911771,0.911771,0,-0
0.911771,0.911771,0,-0
0.911771,0.911771,0,-0
0.911771,0.911771,0,-0
0.911771,0.911771,0,-0
0.911771,0.911771,0,-0
0.911771,0.911771,0,-0
0.911771,0.911771,0,-0
0.911771,0.911771,0,-0
0.911771,0.911771,0,-0
0.911771,0.911771,0,-0
0.911771,0.911771,0,-0
0.911771,0.911771,0,-0
0.911771,0.911771,0,-0
0.911771,0.911771,0,-0
0.911771,0.911771,0,-0
0.911771,0.911771,0,-0
0.911771,0.911771,0,-0
0.911771,0.911771,0,-0
0.911771,0.911771,0,-0
1.000000,1.000000,0,-0
1.000000,1.000000,0,-0
0.911771,0.911771,0,-0
0.911771,0.911771,0,-0
0.982354,0.982354,0,-0
0.982354,0.982354,0,-0
0.982354,0.982354,0,-0
0.982354,0.982354,0,-0
0.982354,0.982354,0,-0
0.982354,0.982354,0,-0
0.982354,0.982354,0,-0
0.982354,0.982354,0,-0
0.982354,0.982354,0,-0
0.982354,0.982354,0,-0
0.982354,0.982354,0,-0
0.982354,0.982354,0,-0
0.982354,0.982354,0,-0
0.982354,0.982354,0,-0
0.982354,0.982354,0,-0
0.982354,0.982354,0,-0
0.982354,0.982354,0,-0
0.982354,0.982354,0,-0
0.982354,0.982354,0,-0
0.982354,0.982354,0,-0
0.982354,0.982354,0,-0
0.982354,0.982354,0,-0
0.982354,0.982354,0,-0
0.982354,0.982354,0,-0
0.982354,0.982354,0,-0
0.982354,0.982354,0,-0
0.911771,0.911771,0,-0
0.911771,0.911771,0,-0
0.911771,0.911771,0,-0
0.911771,0.911771,0,-0
0.911771,0.911771,0,-0
0.911771,0.911771,0,-0
0.911771,0.911771,0,-0
0.911771,0.911771,0,-0
0.911771,0.911771,0,-0
0.911771,0.911771,0,-0
0.911771,0.911771,0,-0
0.911771,0.911771,0,-0
0.911771,0.911771,0,-0
0.911771,0.911771,0,-0
0.911771,0.911771,0,-0
0.911771,0.911771,0,-0
0.911771,0.911771,0,-0
0.911771,0.911771,0,-0
0.911771,0.911771,0,-0
0.911771,0.911771,0,-0
0.911771,0.911771,0,-0
0.911771,0.911771,0,-0
0.911771,0.911771,0,-0
0.911771,0.911771,0,-0
0.911771,0.911771,0,-0
0.911771,0.911771,0,-0
0.911771,0.911771,0,-0
0.911771,0.911771,0,-0
0.911771,0.911771,0,-0
0.982354,0.982354,0,-0
0.982354,0.982354,0,-0
0.911771,0.911771,0,-0
0.982354,0.982354,0,-0
0.982354,0.982354,0,-0
0.982354,0.982354,0,-0
0.982354,0.982354,0,-0
0.982354,0.982354,0,-0
0.982354,0.982354,0,-0
0.982354,0.982354,0,-0
0.982354,0.982354,0,-0
0.982354,0.982354,0,-0
0.982354,0.982354,0,-0
0.982354,0.982354,0,-0
0.911771,0.911771,0,-0
0.911771,0.911771,0,-0
0.911771,0.911771,0,-0
0.911771,0.911771,0,-0
0.911771,0.911771,0,-0
0.911771,0.911771,0,-0
0.911771,0.911771,0,-0
0.911771,0.911771,0,-0
0.911771,0.911771,0,-0
0.911771,0.911771,0,-0
0.911771,0.911771,0,-0
0.911771,0.911771,0,-0
0.911771,0.911771,0,-0
1.000000,1.000000,0,-0
1.000000,1.000000,0,-0
1.000000,1.000000,0,-0
1.000000,1.000000,0,-0
1.000000,1.000000,0,-0
0.982354,0.982354,0,-0
0.982354,0.982354,0,-0
0.982354,0.982354,0,-0
0.982354,0.982354,0,-0
1.000000,1.000000,0,-0
1.000000,1.000000,0,-0
1.000000,1.000000,0,-0
1.000000,1.000000,0,-0
0.911771,0.911771,0,-0
0.911771,0.911771,0,-0
0.911771,0.911771,0,-0
0.911771,0.911771,0,-0
0.911771,0.911771,0,-0
0.911771,0.911771,0,-0
1.000000,1.000000,0,-0
1.000000,1.000000,0,-0
1.000000,1.000000,0,-0
0.982354,0.982354,0,-0
0.982354,0.982354,0,-0
0.982354,0.982354,0,-0
0.982354,0.982354,0,-0
0.982354,0.982354,0,-0
0.982354,0.982354,0,-0
0.982354,0.982354,0,-0
0.982354,0.982354,0,-0
0.982354,0.982354,0,-0
0.982354,0.982354,0,-0
0.982354,0.982354,0,-0
0.982354,0.982354,0,-0
0.982354,0.982354,0,-0
0.982354,0.982354,0,-0
0.982354,0.982354,0,-0
0.982354,0.982354,0,-0
0.982354,0.982354,0,-0
0.982354,0.982354,0,-0
0.982354,0.982354,0,-0
0.982354,0.982354,0,-0
0.982354,0.982354,0,-0
0.982354,0.982354,0,-0
0.982354,0.982354,0,-0
0.982354,0.982354,0,-0
0.982354,0.982354,0,-0
0.982354,0.982354,0,-0
1.000000,1.000000,0,-0
0.982354,0.982354,0,-0
1.000000,1.000000,0,-0
1.000000,1.000000,0,-0
1.000000,1.000000,0,-0
1.000000,1.000000,0,-0
1.000000,1.000000,0,-0
1.000000,1.000000,0,-0
1.000000,1.000000,0,-0
0.982354,0.982354,0,-0
0.982354,0.982354,0,-0
0.982354,0.982354,0,-0
0.982354,0.982354,0,-0
1.000000,1.000000,0,-0
1.000000,1.000000,0,-0
1.000000,1.000000,0,-0
1.000000,1.000000,0,-0
0.911771,0.911771,0,-0
0.911771,0.911771,0,-0
0.911771,0.911771,0,-0
0.911771,0.911771,0,-0
0.911771,0.911771,0,-0
0.911771,0.911771,0,-0
0.911771,0.911771,0,-0
0.911771,0.911771,0,-0
0.911771,0.911771,0,-0
0.911771,0.911771,0,-0
0.982354,0.982354,0,-0
0.982354,0.982354,0,-0
0.982354,0.982354,0,-0
0.982354,0.982354,0,-0
0.982354,0.982354,0,-0
0.982354,0.982354,0,-0
0.982354,0.982354,0,-0
0.982354,0.982354,0,-0
0.982354,0.982354,0,-0
0.982354,0.982354,0,-0
0.982354,0.982354,0,-0
0.982354,0.982354,0,-0
0.982354,0.982354,0,-0
0.982354,0.982354,0,-0
0.982354,0.982354,0,-0
0.982354,0.982354,0,-0
0.982354,0.982354,0,-0
0.982354,0.982354,0,-0
0.982354,0.982354,0,-0
0.982354,0.982354,0,-0
0.982354,0.982354,0,-0
0.982354,0.982354,0,-0
0.982354,0.982354,0,-0
0.982354,0.982354,0,-0
0.982354,0.982354,0,-0
0.911771,0.911771,0,-0
0.911771,0.911771,0,-0
0.911771,0.911771,0,-0
0.911771,0.911771,0,-0
0.911771,0.911771,0,-0
0.911771,0.911771,0,-0
0.911771,0.911771,0,-0
0.911771,0.911771,0,-0
0.911771,0.911771,0,-0
0.982354,0.982354,0,-0
0.982354,0.982354,0,-0
0.982354,0.982354,0,-0
0.982354,0.982354,0,-0
1.000000,1.000000,0,-0
1.000000,1.000000,0,-0
1.000000,1.000000,0,-0
1.000000,1.000000,0,-0
0.911771,0.911771,0,-0
0.911771,0.911771,0,-0
0.911771,0.911771,0,-0
0.911771,0.911771,0,-0
0.911771,0.911771,0,-0
0.982354,0.982354,0,-0
1.000000,1.000000,0,-0
1.000000,1.000000,0,-0
0.911771,0.911771,0,-0
0.911771,0.911771,0,-0
0.982354,0.982354,0,-0
0.982354,0.982354,0,-0
0.982354,0.982354,0,-0
0.982354,0.982354,0,-0
0.982354,0.982354,0,-0
0.982354,0.982354,0,-0
0.982354,0.982354,0,-0
0.982354,0.982354,0,-0
0.982354,0.982354,0,-0
0.982354,0.982354,0,-0
0.982354,0.982354,0,-0
0.982354,0.982354,0,-0
0.982354,0.982354,0,-0
0.982354,0.982354,0,-0
0.982354,0.982354,0,-0
0.982354,0.982354,0,-0
0.982354,0.982354,0,-0
0.982354,0.982354,0,-0
0.982354,0.982354,0,-0
0.982354,0.982354,0,-0
0.982354,0.982354,0,-0
0.982354,0.982354,0,-0
0.982354,0.982354,0,-0
0.911771,0.911771,0,-0
0.911771,0.911771,0,-0
0.911771,0.911771,0,-0
0.911771,0.911771,0,-0
0.911771,0.911771,0,-0
0.911771,0.911771,0,-0
0.911771,0.911771,0,-0
0.911771,0.911771,0,-0
0.911771,0.911771,0,-0
0.911771,0.911771,0,-0
0.911771,0.911771,0,-0
0.911771,0.911771,0,-0
0.911771,0.911771,0,-0
0.911771,0.911771,0,-0
0.911771,0.911771,0,-0
0.911771,0.911771,0,-0
0.911771,0.911771,0,-0
0.911771,0.911771,0,-0
0.911771,0.911771,0,-0
0.911771,0.911771,0,-0
0.911771,0.911771,0,-0
0.911771,0.911771,0,-0
0.911771,0.911771,0,-0
0.911771,0.911771,0,-0
0.911771,0.911771,0,-0
0.911771,0.911771,0,-0
0.911771,0.911771,0,-0
0.911771,0.911771,0,-0
0.911771,0.911771,0,-0
0.982354,0.982354,0,-0
0.982354,0.982354,0,-0
0.982354,0.982354,0,-0
0.982354,0.982354,0,-0
0.982354,0.982354,0,-0
0.982354,0.982354,0,-0
0.982354,0.982354,0,-0
0.982354,0.982354,0,-0
0.982354,0.982354,0,-0
0.982354,0.982354,0,-0
0.982354,0.982354,0,-0
0.982354,0.982354,0,-0
0.982354,0.982354,0,-0
0.982354,0.982354,0,-0
0.982354,0.982354,0,-0
0.982354,0.982354,0,-0
0.982354,0.982354,0,-0
0.982354,0.982354,0,-0
0.982354,0.982354,0,-0
0.982354,0.982354,0,-0
0.982354,0.982354,0,-0
0.982354,0.982354,0,-0
0.982354,0.982354,0,-0
0.982354,0.982354,0,-0
0.982354,0.982354,0,-0
0.911771,0.911771,0,-0
0.911771,0.911771,0,-0
0.911771,0.911771,0,-0
0.911771,0.911771,0,-0
0.911771,0.911771,0,-0
0.911771,0.911771,0,-0
0.911771,0.911771,0,-0
0.911771,0.911771,0,-0
0.911771,0.911771,0,-0
0.911771,0.911771,0,-0
0.911771,0.911771,0,-0
0.911771,0.911771,0,-0
0.911771,0.911771,0,-0
0.911771,0.911771,0,-0
0.911771,0.911771,0,-0
0.911771,0.911771,0,-0
0.911771,0.911771,0,-0
0.911771,0.911771,0,-0
0.911771,0.911771,0,-0
0.911771,0.911771,0,-0
0.911771,0.911771,0,-0
0.911771,0.911771,0,-0
0.911771,0.911771,0,-0
0.911771,0.911771,0,-0
0.911771,0.911771,0,-0
0.911771,0.911771,0,-0
0.911771,0.911771,0,-0
0.911771,0.911771,0,-0
0.911771,0.911771,0,-0
0.982354,0.982354,0,-0
0.982354,0.982354,0,-0
0.911771,0.911771,0,-0
0.982354,0.982354,0,-0
0.982354,0.982354,0,-0
0.982354,0.982354,0,-0
0.982354,0.982354,0,-0
0.982354,0.982354,0,-0
0.982354,0.982354,0,-0
0.982354,0.982354,0,-0
0.982354,0.982354,0,-0
0.982354,0.982354,0,-0
0.982354,0.982354,0,-0
0.982354,0.982354,0,-0
0.982354,0.982354,0,-0
0.982354,0.982354,0,-0
0.982354,0.982354,0,-0
0.982354,0.982354,0,-0
0.982354,0.982354,0,-0
0.982354,0.982354,0,-0
0.982354,0.982354,0,-0
0.982354,0.982354,0,-0
0.982354,0.982354,0,-0
0.982354,0.982354,0,-0
0.982354,0.982354,0,-0
0.982354,0.982354,0,-0
0.982354,0.982354,0,-0
0.982354,0.982354,0,-0
0.982354,0.982354,0,-0
0.982354,0.982354,0,-0
0.982354,0.982354,0,-0
0.982354,0.982354,0,-0
0.982354,0.982354,0,-0
0.982354,0.982354,0,-0
0.982354,0.982354,0,-0
0.982354,0.982354,0,-0
0.982354,0.982354,0,-0
1.000000,1.000000,0,-0
1.000000,1.000000,0,-0
1.000000,1.000000,0,-0
1.000000,1.000000,0,-0
0.911771,0.911771,0,-0
0.911771,0.911771,0,-0
0.911771,0.911771,0,-0
0.911771,0.911771,0,-0
0.911771,0.911771,0,-0
1.000000,1.000000,0,-0
1.000000,1.000000,0,-0
1.000000,1.000000,0,-0
1.000000,1.000000,0,-0
0.982354,0.982354,0,-0
0.982354,0.982354,0,-0
0.982354,0.982354,0,-0
0.982354,0.982354,0,-0
0.982354,0.982354,0,-0
0.982354,0.982354,0,-0
0.982354,0.982354,0,-0
0.982354,0.982354,0,-0
0.982354,0.982354,0,-0
0.982354,0.982354,0,-0
0.982354,0.982354,0,-0
0.982354,0.982354,0,-0
0.982354,0.982354,0,-0
0.982354,0.982354,0,-0
0.982354,0.982354,0,-0
0.982354,0.982354,0,-0
0.982354,0.982354,0,-0
0.982354,0.982354,0,-0
0.982354,0.982354,0,-0
0.982354,0.982354,0,-0
0.982354,0.982354,0,-0
0.911771,0.911771,0,-0
0.982354,0.982354,0,-0
0.982354,0.982354,0,-0
0.911771,0.911771,0,-0
0.911771,0.911771,0,-0
0.911771,0.911771,0,-0
0.911771,0.911771,0,-0
0.911771,0.911771,0,-0
0.911771,0.911771,0,-0
0.911771,0.911771,0,-0
0.911771,0.911771,0,-0
0.911771,0.911771,0,-0
0.911771,0.911771,0,-0
0.911771,0.911771,0,-0
0.911771,0.911771,0,-0
0.911771,0.911771,0,-0
0.911771,0.911771,0,-0
0.911771,0.911771,0,-0
0.911771,0.911771,0,-0
0.911771,0.911771,0,-0
0.911771,0.911771,0,-0
0.911771,0.911771,0,-0
1.000000,1.000000,0,-0
0.911771,0.911771,0,-0
0.911771,0.911771,0,-0
0.911771,0.911771,0,-0
0.982354,0.982354,0,-0
1.000000,1.000000,0,-0
1.000000,1.000000,0,-0
1.000000,1.000000,0,-0
0.911771,0.911771,0,-0
0.982354,0.982354,0,-0
0.982354,0.982354,0,-0
0.982354,0.982354,0,-0
0.982354,0.982354,0,-0
0.982354,0.982354,0,-0
0.982354,0.982354,0,-0
0.982354,0.982354,0,-0
0.982354,0.982354,0,-0
0.982354,0.982354,0,-0
0.982354,0.982354,0,-0
0.982354,0.982354,0,-0
0.982354,0.982354,0,-0
0.982354,0.982354,0,-0
0.982354,0.982354,0,-0
0.982354,0.982354,0,-0
0.982354,0.982354,0,-0
0.982354,0.982354,0,-0
0.982354,0.982354,0,-0
0.982354,0.982354,0,-0
0.982354,0.982354,0,-0
0.982354,0.982354,0,-0
0.982354,0.982354,0,-0
0.982354,0.982354,0,-0
0.982354,0.982354,0,-0
0.911771,0.911771,0,-0
0.911771,0.911771,0,-0
0.911771,0.911771,0,-0
0.911771,0.911771,0,-0
0.911771,0.911771,0,-0
0.911771,0.911771,0,-0
0.911771,0.911771,0,-0
0.911771,0.911771,0,-0
0.911771,0.911771,0,-0
0.911771,0.911771,0,-0
0.911771,0.911771,0,-0
0.911771,0.911771,0,-0
0.911771,0.911771,0,-0
0.911771,0.911771,0,-0
0.911771,0.911771,0,-0
0.911771,0.911771,0,-0
0.911771,0.911771,0,-0
0.911771,0.911771,0,-0
0.911771,0.911771,0,-0
0.911771,0.911771,0,-0
0.911771,0.911771,0,-0
0.911771,0.911771,0,-0
0.911771,0.911771,0,-0
0.911771,0.911771,0,-0
0.911771,0.911771,0,-0
0.911771,0.911771,0,-0
0.911771,0.911771,0,-0
0.911771,0.911771,0,-0
0.911771,0.911771,0,-0
0.911771,0.911771,0,-0
0.911771,0.911771,0,-0
0.911771,0.911771,0,-0
0.911771,0.911771,0,-0
0.911771,0.911771,0,-0
0.911771,0.911771,0,-0
0.911771,0.911771,0,-0
0.911771,0.911771,0,-0
0.911771,0.911771,0,-0
0.911771,0.911771,0,-0
0.911771,0.911771,0,-0
0.911771,0.911771,0,-0
0.911771,0.911771,0,-0
0.911771,0.911771,0,-0
0.911771,0.911771,0,-0
0.911771,0.911771,0,-0
0.911771,0.911771,0,-0
0.911771,0.911771,0,-0
0.911771,0.911771,0,-0
0.911771,0.911771,0,-0
0.911771,0.911771,0,-0
0.911771,0.911771,0,-0
0.911771,0.911771,0,-0
0.911771,0.911771,0,-0
0.911771,0.911771,0,-0
0.911771,0.911771,0,-0
0.911771,0.911771,0,-0
0.911771,0.911771,0,-0
0.911771,0.911771,0,-0
0.911771,0.911771,0,-0
0.911771,0.911771,0,-0
0.911771,0.911771,0,-0
0.911771,0.911771,0,-0
0.911771,0.911771,0,-0
0.911771,0.911771,0,-0
0.911771,0.911771,0,-0
0.911771,0.911771,0,-0
0.911771,0.911771,0,-0
0.911771,0.911771,0,-0
0.911771,0.911771,0,-0
0.911771,0.911771,0,-0
0.911771,0.911771,0,-0
0.911771,0.911771,0,-0
0.911771,0.911771,0,-0
0.911771,0.911771,0,-0
0.911771,0.911771,0,-0
0.911771,0.911771,0,-0
0.911771,0.911771,0,-0
0.911771,0.911771,0,-0
0.911771,0.911771,0,-0
0.911771,0.911771,0,-0
0.911771,0.911771,0,-0
0.911771,0.911771,0,-0
0.911771,0.911771,0,-0
0.911771,0.911771,0,-0
0.911771,0.911771,0,-0
0.911771,0.911771,0,-0
0.911771,0.911771,0,-0
0.911771,0.911771,0,-0
0.982354,0.982354,0,-0
0.982354,0.982354,0,-0
0.911771,0.911771,0,-0
0.982354,0.982354,0,-0
0.982354,0.982354,0,-0
0.982354,0.982354,0,-0
0.982354,0.982354,0,-0
0.982354,0.982354,0,-0
0.982354,0.982354,0,-0
0.982354,0.982354,0,-0
0.982354,0.982354,0,-0
0.911771,0.911771,0,-0
0.911771,0.911771,0,-0
0.911771,0.911771,0,-0
0.911771,0.911771,0,-0
0.911771,0.911771,0,-0
0.911771,0.911771,0,-0
0.911771,0.911771,0,-0
0.911771,0.911771,0,-0
0.911771,0.911771,0,-0
0.911771,0.911771,0,-0
0.911771,0.911771,0,-0
0.911771,0.911771,0,-0
0.911771,0.911771,0,-0
0.911771,0.911771,0,-0
0.911771,0.911771,0,-0
0.911771,0.911771,0,-0
0.911771,0.911771,0,-0
0.982354,0.982354,0,-0
0.982354,0.982354,0,-0
0.982354,0.982354,0,-0
1.000000,1.000000,0,-0
1.000000,1.000000,0,-0
1.000000,1.000000,0,-0
1.000000,1.000000,0,-0
1.000000,1.000000,0,-0
0.982354,0.982354,0,-0
0.982354,0.982354,0,-0
0.982354,0.982354,0,-0
0.982354,0.982354,0,-0
0.982354,0.982354,0,-0
0.982354,0.982354,0,-0
0.982354,0.982354,0,-0
0.982354,0.982354,0,-0
0.982354,0.982354,0,-0
0.982354,0.982354,0,-0
0.982354,0.982354,0,-0
0.982354,0.982354,0,-0
0.982354,0.982354,0,-0
0.982354,0.982354,0,-0
0.982354,0.982354,0,-0
0.982354,0.982354,0,-0
0.982354,0.982354,0,-0
0.982354,0.982354,0,-0
0.982354,0.982354,0,-0
0.982354,0.982354,0,-0
0.982354,0.982354,0,-0
0.982354,0.982354,0,-0
0.982354,0.982354,0,-0
0.982354,0.982354,0,-0
0.982354,0.982354,0,-0
0.982354,0.982354,0,-0
0.982354,0.982354,0,-0
0.982354,0.982354,0,-0
0.982354,0.982354,0,-0
0.982354,0.982354,0,-0
0.982354,0.982354,0,-0
0.982354,0.982354,0,-0
0.982354,0.982354,0,-0
0.982354,0.982354,0,-0
1.000000,1.000000,0,-0
0.911771,0.911771,0,-0
1.000000,1.000000,0,-0
1.000000,1.000000,0,-0
0.911771,0.911771,0,-0
1.000000,1.000000,0,-0
0.982354,0.982354,0,-0
0.911771,0.911771,0,-0
0.911771,0.911771,0,-0
0.911771,0.911771,0,-0
0.911771,0.911771,0,-0
0.911771,0.911771,0,-0
0.911771,0.911771,0,-0
0.911771,0.911771,0,-0
0.911771,0.911771,0,-0
0.911771,0.911771,0,-0
0.911771,0.911771,0,-0
0.911771,0.911771,0,-0
0.911771,0.911771,0,-0
0.911771,0.911771,0,-0
0.911771,0.911771,0,-0
0.982354,0.982354,0,-0
0.982354,0.982354,0,-0
0.982354,0.982354,0,-0
0.982354,0.982354,0,-0
0.982354,0.982354,0,-0
0.982354,0.982354,-0.42336,0.42336
0.982354,0.982354,0,-0
0.982354,0.982354,0,-0
0.982354,0.982354,-0.42336,0.42336
0.982354,0.982354,-0.42336,0.42336
0.982354,0.982354,-0.42336,0.42336
0.982354,0.982354,-0.42336,0.42336
0.982354,0.982354,-0.42336,0.42336
0.982354,0.982354,-0.42336,0.42336
0.982354,0.982354,-0.42336,0.42336
0.982354,0.982354,-0.42336,0.42336
0.982354,0.982354,-0.42336,0.42336
0.982354,0.982354,-0.42336,0.42336
0.982354,0.982354,-0.42336,0.42336
0.982354,0.982354,-0.42336,0.42336
0.982354,0.982354,-0.42336,0.42336
0.982354,0.982354,-0.42336,0.42336
0.982354,0.982354,-0.42336,0.42336
0.982354,0.982354,-0.42336,0.42336
0.982354,0.982354,-0.42336,0.42336
0.982354,0.982354,-0.42336,0.42336
0.982354,0.982354,-0.42336,0.42336
0.982354,0.982354,-0.42336,0.42336
0.982354,0.982354,-0.42336,0.42336
0.982354,0.982354,-0.42336,0.42336
0.982354,0.982354,-0.42336,0.42336
0.982354,0.982354,-0.42336,0.42336
1.000000,1.000000,0,-0
1.000000,1.000000,0,-0
1.000000,1.000000,0,-0
1.000000,1.000000,0,-0
1.000000,1.000000,0,-0
0.982354,0.982354,-0.42336,0.42336
0.982354,0.982354,-0.42336,0.42336
0.982354,0.982354,-0.42336,0.42336
0.982354,0.982354,-0.42336,0.42336
0.982354,0.982354,-0.42336,0.42336
0.982354,0.982354,-0.42336,0.42336
0.982354,0.982354,-0.42336,0.42336
0.982354,0.982354,-0.42336,0.42336
1.000000,1.000000,0,-0
1.000000,1.000000,0,-0
1.000000,1.000000,0,-0
1.000000,1.000000,0,-0
1.000000,1.000000,0,-0
0.982354,0.982354,-0.42336,0.42336
0.982354,0.982354,-0.42336,0.42336
0.982354,0.982354,-0.42336,0.42336
0.982354,0.982354,-0.42336,0.42336
0.982354,0.982354,-0.42336,0.42336
0.982354,0.982354,-0.42336,0.42336
0.982354,0.982354,-0.42336,0.42336
0.982354,0.982354,-0.42336,0.42336
0.982354,0.982354,-0.42336,0.42336
0.982354,0.982354,-0.42336,0.42336
0.982354,0.982354,-0.42336,0.42336
0.982354,0.982354,-0.42336,0.42336
0.982354,0.982354,-0.42336,0.42336
0.982354,0.982354,-0.42336,0.42336
0.982354,0.982354,-0.42336,0.42336
0.982354,0.982354,-0.42336,0.42336
0.982354,0.982354,-0.42336,0.42336
0.982354,0.982354,-0.42336,0.42336
0.982354,0.982354,-0.42336,0.42336
0.982354,0.982354,-0.42336,0.42336
0.982354,0.982354,-0.42336,0.42336
0.982354,0.982354,-0.42336,0.42336
0.982354,0.982354,-0.42336,0.42336
0.982354,0.982354,-0.42336,0.42336
0.982354,0.982354,-0.42336,0.42336
0.982354,0.982354,-0.42336,0.42336
0.982354,0.982354,-0.42336,0.42336
0.982354,0.982354,-0.42336,0.42336
0.982354,0.982354,-0.42336,0.42336
0.982354,0.982354,-0.42336,0.42336
0.982354,0.982354,-0.42336,0.42336
0.982354,0.982354,-0.42336,0.42336
0.982354,0.982354,-0.42336,0.42336
0.982354,0.982354,-0.42336,0.42336
1.000000,1.000000,0,-0
1.000000,1.000000,0,-0
1.000000,1.000000,0,-0
1.000000,1.000000,0,-0
1.000000,1.000000,0,-0
0.982354,0.982354,-0.42336,0.42336
0.982354,0.982354,-0.42336,0.42336
0.982354,0.982354,-0.42336,0.42336
0.982354,0.982354,-0.42336,0.42336
0.982354,0.982354,-0.42336,0.42336
0.982354,0.982354,-0.42336,0.42336
0.982354,0.982354,-0.42336,0.42336
0.982354,0.982354,-0.42336,0.42336
1.000000,1.000000,0,-0
1.000000,1.000000,0,-0
1.000000,1.000000,0,-0
1.000000,1.000000,0,-0
1.000000,1.000000,0,-0
0.982354,0.982354,-0.42336,0.42336
0.982354,0.982354,-0.42336,0.42336
0.982354,0.982354,-0.42336,0.42336
0.982354,0.982354,-0.42336,0.42336
0.982354,0.982354,-0.42336,0.42336
0.982354,0.982354,-0.42336,0.42336
0.982354,0.982354,-0.42336,0.42336
0.982354,0.982354,-0.42336,0.42336
0.982354,0.982354,-0.42336,0.42336
0.982354,0.982354,-0.42336,0.42336
0.982354,0.982354,-0.42336,0.42336
0.982354,0.982354,-0.42336,0.42336
0.982354,0.982354,-0.42336,0.42336
0.982354,0.982354,-0.42336,0.42336
0.982354,0.982354,-0.42336,0.42336
0.982354,0.982354,-0.42336,0.42336
0.982354,0.982354,-0.42336,0.42336
0.982354,0.982354,-0.42336,0.42336
0.982354,0.982354,-0.42336,0.42336
0.982354,0.982354,-0.42336,0.42336
0.982354,0.982354,-0.42336,0.42336
0.982354,0.982354,-0.42336,0.42336
0.982354,0.982354,-0.42336,0.42336
0.982354,0.982354,-0.42336,0.42336
0.982354,0.982354,-0.42336,0.42336
0.982354,0.982354,-0.42336,0.42336
0.982354,0.982354,-0.42336,0.42336
0.982354,0.982354,-0.42336,0.42336
0.982354,0.982354,-0.42336,0.42336
0.982354,0.982354,-0.42336,0.42336
0.982354,0.982354,-0.42336,0.42336
0.982354,0.982354,-0.42336,0.42336
0.982354,0.982354,-0.42336,0.42336
0.982354,0.982354,-0.42336,0.42336
1.000000,1.000000,0,-0
1.000000,1.000000,0,-0
1.000000,1.000000,0,-0
1.000000,1.000000,0,-0
1.000000,1.000000,0,-0
0.982354,0.982354,-0.42336,0.42336
0.982354,0.982354,-0.42336,0.42336
0.982354,0.982354,-0.42336,0.42336
0.982354,0.982354,-0.42336,0.42336
0.982354,0.982354,-0.42336,0.42336
0.982354,0.982354,-0.42336,0.42336
0.982354,0.982354,-0.42336,0.42336
0.982354,0.982354,-0.42336,0.42336
1.000000,1.000000,0,-0
1.000000,1.000000,0,-0
1.000000,1.000000,0,-0
1.000000,1.000000,0,-0
1.000000,1.000000,0,-0
0.982354,0.982354,-0.42336,0.42336
0.982354,0.982354,-0.42336,0.42336
0.982354,0.982354,-0.42336,0.42336
0.982354,0.982354,-0.42336,0.42336
0.982354,0.982354,-0.42336,0.42336
0.982354,0.982354,-0.42336,0.42336
0.982354,0.982354,-0.42336,0.42336
0.982354,0.982354,-0.42336,0.42336
0.982354,0.982354,-0.42336,0.42336
0.982354,0.982354,-0.42336,0.42336
0.982354,0.982354,-0.42336,0.42336
0.982354,0.982354,-0.42336,0.42336
0.982354,0.982354,-0.42336,0.42336
0.982354,0.982354,-0.42336,0.42336
0.982354,0.982354,-0.42336,0.42336
0.982354,0.982354,-0.42336,0.42336
0.982354,0.982354,-0.42336,0.42336
0.982354,0.982354,-0.42336,0.42336
0.982354,0.982354,-0.42336,0.42336
0.982354,0.982354,-0.42336,0.42336
0.982354,0.982354,-0.42336,0.42336
0.982354,0.982354,-0.42336,0.42336
0.982354,0.982354,-0.42336,0.42336
0.982354,0.982354,-0.42336,0.42336
0.982354,0.982354,-0.42336,0.42336
0.982354,0.982354,-0.42336,0.42336
0.982354,0.982354,-0.42336,0.42336
0.982354,0.982354,-0.42336,0.42336
0.982354,0.982354,-0.42336,0.42336
0.982354,0.982354,-0.42336,0.42336
0.982354,0.982354,-0.42336,0.42336
0.982354,0.982354,-0.42336,0.42336
0.982354,0.982354,-0.42336,0.42336
