0cont_fund,0ins_pout,0ins_price,0infra_npv,0debt_serv,0gross_rev,0cont_contrib,0drought_cost,0water_price
0,0,0,0,60,2.30601e+07,-1.77341e+06,1.77341e+06,1.30243e+07
0,0,0,0,0,2.30153e+07,-1.74167e+06,1.74167e+06,1.30243e+07
0,0,0,0,0,2.30187e+07,-1.74093e+06,1.74093e+06,1.30243e+07
0,0,0,0,0,2.30222e+07,-1.74019e+06,1.74019e+06,1.30243e+07
0,0,0,0,0,2.52051e+07,-1.73945e+06,1.73945e+06,1.30243e+07
0,0,0,0,0,2.46075e+07,-1.35212e+06,1.35212e+06,1.30243e+07
0,0,0,0,0,2.46113e+07,-1.35129e+06,1.35129e+06,1.30243e+07
0,0,0,0,0,2.46151e+07,-1.35046e+06,1.35046e+06,1.30243e+07
0,0,0,0,0,2.16052e+07,-1.34963e+06,1.34963e+06,1.30243e+07
0,0,0,0,0,2.22689e+07,-1.77341e+06,1.77341e+06,1.30243e+07
0,0,0,0,0,2.22733e+07,-1.77341e+06,1.77341e+06,1.30243e+07
0,0,0,0,0,2.22777e+07,-1.77341e+06,1.77341e+06,1.30243e+07
0,0,0,0,0,2.22821e+07,-1.77341e+06,1.77341e+06,1.30243e+07
0,0,0,0,0,2.30349e+07,-1.77341e+06,1.77341e+06,1.30243e+07
0,0,0,0,0,2.29834e+07,-1.73735e+06,1.73735e+06,1.30243e+07
0,0,0,0,0,2.29868e+07,-1.73661e+06,1.73661e+06,1.30243e+07
0,0,0,0,0,2.29902e+07,-1.73587e+06,1.73587e+06,1.30243e+07
0,0,0,0,0,2.27017e+07,-1.73513e+06,1.73513e+06,1.30243e+07
0,0,0,0,0,2.27658e+07,-1.77341e+06,1.77341e+06,1.30243e+07
0,0,0,0,0,2.27703e+07,-1.77341e+06,1.77341e+06,1.30243e+07
0,0,0,0,0,2.27748e+07,-1.77341e+06,1.77341e+06,1.30243e+07
0,0,0,0,0,2.37936e+07,-1.77341e+06,1.77341e+06,1.30243e+07
0,0,0,0,0,2.35369e+07,-1.60542e+06,1.60542e+06,1.30243e+07
0,0,0,0,0,2.35405e+07,-1.60465e+06,1.60465e+06,1.30243e+07
0,0,0,0,0,2.3544e+07,-1.60388e+06,1.60388e+06,1.30243e+07
0,0,0,0,0,2.35475e+07,-1.60311e+06,1.60311e+06,1.30243e+07
0,0,0,0,0,2.3744e+07,-1.60233e+06,1.60233e+06,1.30243e+07
0,0,0,0,0,2.35974e+07,-1.50501e+06,1.50501e+06,1.30243e+07
0,0,0,0,0,2.3601e+07,-1.50421e+06,1.50421e+06,1.30243e+07
0,0,0,0,0,2.36045e+07,-1.50342e+06,1.50342e+06,1.30243e+07
0,0,0,0,0,2.41161e+07,-1.50262e+06,1.50262e+06,1.30243e+07
0,0,0,0,0,2.39857e+07,-1.4157e+06,1.4157e+06,1.30243e+07
0,0,0,0,0,2.39894e+07,-1.41488e+06,1.41488e+06,1.30243e+07
0,0,0,0,0,2.3993e+07,-1.41407e+06,1.41407e+06,1.30243e+07
0,0,0,0,0,2.56617e+07,-1.41326e+06,1.41326e+06,1.30243e+07
0,0,0,0,0,2.51816e+07,-1.10127e+06,1.10127e+06,1.30243e+07
0,0,0,0,0,2.51856e+07,-1.10039e+06,1.10039e+06,1.30243e+07
0,0,0,0,0,2.51895e+07,-1.0995e+06,1.0995e+06,1.30243e+07
0,0,0,0,0,2.51934e+07,-1.09862e+06,1.09862e+06,1.30243e+07
0,0,0,0,0,2.42732e+07,-1.09773e+06,1.09773e+06,1.30243e+07
0,0,0,0,0,2.4571e+07,-1.28593e+06,1.28593e+06,1.30243e+07
0,0,0,0,0,2.45748e+07,-1.28509e+06,1.28509e+06,1.30243e+07
0,0,0,0,0,2.45786e+07,-1.28424e+06,1.28424e+06,1.30243e+07
0,0,0,0,0,2.37724e+07,-1.2834e+06,1.2834e+06,1.30243e+07
0,0,0,0,0,2.4044e+07,-1.45482e+06,1.45482e+06,1.30243e+07
0,0,0,0,0,2.40477e+07,-1.45402e+06,1.45402e+06,1.30243e+07
0,0,0,0,0,2.40513e+07,-1.45321e+06,1.45321e+06,1.30243e+07
0,0,0,0,0,2.21441e+07,-1.4524e+06,1.4524e+06,1.30243e+07
0,0,0,0,0,2.2648e+07,-1.77341e+06,1.77341e+06,1.30243e+07
0,0,0,0,0,2.26525e+07,-1.77341e+06,1.77341e+06,1.30243e+07
0,0,0,0,0,2.2657e+07,-1.77341e+06,1.77341e+06,1.30243e+07
0,0,0,0,0,2.26614e+07,-1.77341e+06,1.77341e+06,1.30243e+07
0,0,0,0,60,2.32992e+07,-1.77341e+06,1.77341e+06,1.30243e+07
0,0,0,0,0,2.31941e+07,-1.70298e+06,1.70298e+06,1.30243e+07
0,0,0,0,0,2.31975e+07,-1.70226e+06,1.70226e+06,1.30243e+07
0,0,0,0,0,2.32008e+07,-1.70153e+06,1.70153e+06,1.30243e+07
0,0,0,0,0,2.54093e+07,-1.7008e+06,1.7008e+06,1.30243e+07
0,0,0,0,0,2.48046e+07,-1.30894e+06,1.30894e+06,1.30243e+07
0,0,0,0,0,2.48083e+07,-1.30813e+06,1.30813e+06,1.30243e+07
0,0,0,0,0,2.4812e+07,-1.30732e+06,1.30732e+06,1.30243e+07
0,0,0,0,0,2.17668e+07,-1.3065e+06,1.3065e+06,1.30243e+07
0,0,0,0,0,2.24975e+07,-1.77341e+06,1.77341e+06,1.30243e+07
0,0,0,0,0,2.25018e+07,-1.77341e+06,1.77341e+06,1.30243e+07
0,0,0,0,0,2.25062e+07,-1.77341e+06,1.77341e+06,1.30243e+07
0,0,0,0,0,2.25105e+07,-1.77341e+06,1.77341e+06,1.30243e+07
0,0,0,0,0,2.32719e+07,-1.77341e+06,1.77341e+06,1.30243e+07
0,0,0,0,0,2.31605e+07,-1.6989e+06,1.6989e+06,1.30243e+07
0,0,0,0,0,2.31638e+07,-1.69817e+06,1.69817e+06,1.30243e+07
0,0,0,0,0,2.31672e+07,-1.69744e+06,1.69744e+06,1.30243e+07
0,0,0,0,0,2.28753e+07,-1.69672e+06,1.69672e+06,1.30243e+07
0,0,0,0,0,2.29564e+07,-1.746e+06,1.746e+06,1.30243e+07
0,0,0,0,0,2.29597e+07,-1.74529e+06,1.74529e+06,1.30243e+07
0,0,0,0,0,2.2963e+07,-1.74457e+06,1.74457e+06,1.30243e+07
0,0,0,0,0,2.39923e+07,-1.74385e+06,1.74385e+06,1.30243e+07
0,0,0,0,0,2.37197e+07,-1.56561e+06,1.56561e+06,1.30243e+07
0,0,0,0,0,2.37231e+07,-1.56485e+06,1.56485e+06,1.30243e+07
0,0,0,0,0,2.37266e+07,-1.56409e+06,1.56409e+06,1.30243e+07
0,0,0,0,0,2.37301e+07,-1.56334e+06,1.56334e+06,1.30243e+07
0,0,0,0,0,2.39287e+07,-1.56258e+06,1.56258e+06,1.30243e+07
0,0,0,0,0,2.37803e+07,-1.46415e+06,1.46415e+06,1.30243e+07
0,0,0,0,0,2.37838e+07,-1.46337e+06,1.46337e+06,1.30243e+07
0,0,0,0,0,2.37873e+07,-1.46259e+06,1.46259e+06,1.30243e+07
0,0,0,0,0,2.43047e+07,-1.46181e+06,1.46181e+06,1.30243e+07
0,0,0,0,0,2.41727e+07,-1.3739e+06,1.3739e+06,1.30243e+07
0,0,0,0,0,2.41763e+07,-1.3731e+06,1.3731e+06,1.30243e+07
0,0,0,0,0,2.41799e+07,-1.3723e+06,1.3723e+06,1.30243e+07
0,0,0,0,0,2.58677e+07,-1.3715e+06,1.3715e+06,1.30243e+07
0,0,0,0,0,2.5382e+07,-1.05594e+06,1.05594e+06,1.30243e+07
0,0,0,0,0,2.53858e+07,-1.05507e+06,1.05507e+06,1.30243e+07
0,0,0,0,0,2.53897e+07,-1.0542e+06,1.0542e+06,1.30243e+07
0,0,0,0,0,2.53935e+07,-1.05333e+06,1.05333e+06,1.30243e+07
0,0,0,0,0,2.44626e+07,-1.05247e+06,1.05247e+06,1.30243e+07
0,0,0,0,0,2.47638e+07,-1.24285e+06,1.24285e+06,1.30243e+07
0,0,0,0,0,2.47675e+07,-1.24203e+06,1.24203e+06,1.30243e+07
0,0,0,0,0,2.47712e+07,-1.2412e+06,1.2412e+06,1.30243e+07
0,0,0,0,0,2.39556e+07,-1.24037e+06,1.24037e+06,1.30243e+07
0,0,0,0,0,2.42302e+07,-1.41379e+06,1.41379e+06,1.30243e+07
0,0,0,0,0,2.42338e+07,-1.413e+06,1.413e+06,1.30243e+07
0,0,0,0,0,2.42374e+07,-1.41221e+06,1.41221e+06,1.30243e+07
0,0,0,0,0,2.23082e+07,-1.41142e+06,1.41142e+06,1.30243e+07
0,0,0,0,0,2.28758e+07,-1.77341e+06,1.77341e+06,1.30243e+07
0,0,0,0,0,2.28798e+07,-1.77313e+06,1.77313e+06,1.30243e+07
0,0,0,0,0,2.28831e+07,-1.77242e+06,1.77242e+06,1.30243e+07
0,0,0,0,0,2.28863e+07,-1.77171e+06,1.77171e+06,1.30243e+07
0,0,0,5.79214e+07,60,2.35302e+07,-1.771e+06,1.771e+06,1.30243e+07
0,0,0,5.79214e+07,0,2.33697e+07,-1.665e+06,1.665e+06,1.30243e+07
0,0,0,5.79214e+07,0,2.33729e+07,-1.66429e+06,1.66429e+06,1.30243e+07
0,0,0,5.79214e+07,0,2.33762e+07,-1.66358e+06,1.66358e+06,1.30243e+07
0,0,0,5.79214e+07,0,2.56098e+07,-1.66287e+06,1.66287e+06,1.30243e+07
0,0,0,5.79214e+07,0,2.49981e+07,-1.26656e+06,1.26656e+06,1.30243e+07
0,0,0,5.79214e+07,0,2.50017e+07,-1.26576e+06,1.26576e+06,1.30243e+07
0,0,0,5.79214e+07,0,2.50053e+07,-1.26497e+06,1.26497e+06,1.30243e+07
0,0,0,5.79214e+07,0,2.19253e+07,-1.26417e+06,1.26417e+06,1.30243e+07
0,0,0,5.79214e+07,0,2.27218e+07,-1.77341e+06,1.77341e+06,1.30243e+07
0,0,0,5.79214e+07,0,2.27261e+07,-1.77341e+06,1.77341e+06,1.30243e+07
0,0,0,5.79214e+07,0,2.27303e+07,-1.77341e+06,1.77341e+06,1.30243e+07
0,0,0,5.79214e+07,0,2.27345e+07,-1.77341e+06,1.77341e+06,1.30243e+07
0,0,0,5.79214e+07,0,2.35045e+07,-1.77341e+06,1.77341e+06,1.30243e+07
0,0,0,5.79214e+07,0,2.33343e+07,-1.66117e+06,1.66117e+06,1.30243e+07
0,0,0,5.79214e+07,0,2.33375e+07,-1.66046e+06,1.66046e+06,1.30243e+07
0,0,0,5.79214e+07,0,2.33408e+07,-1.65975e+06,1.65975e+06,1.30243e+07
0,0,0,5.79214e+07,0,2.30455e+07,-1.65904e+06,1.65904e+06,1.30243e+07
0,0,0,5.79214e+07,0,2.31274e+07,-1.7089e+06,1.7089e+06,1.30243e+07
0,0,0,5.79214e+07,0,2.31306e+07,-1.7082e+06,1.7082e+06,1.30243e+07
0,0,0,5.79214e+07,0,2.31339e+07,-1.7075e+06,1.7075e+06,1.30243e+07
0,0,0,5.79214e+07,0,2.41747e+07,-1.7068e+06,1.7068e+06,1.30243e+07
0,0,0,5.79214e+07,0,2.38989e+07,-1.52657e+06,1.52657e+06,1.30243e+07
0,0,0,5.79214e+07,0,2.39023e+07,-1.52582e+06,1.52582e+06,1.30243e+07
0,0,0,5.79214e+07,0,2.39057e+07,-1.52508e+06,1.52508e+06,1.30243e+07
0,0,0,5.79214e+07,0,2.39091e+07,-1.52434e+06,1.52434e+06,1.30243e+07
0,0,0,5.79214e+07,0,2.41099e+07,-1.5236e+06,1.5236e+06,1.30243e+07
0,0,0,5.79214e+07,0,2.39596e+07,-1.42408e+06,1.42408e+06,1.30243e+07
0,0,0,5.79214e+07,0,2.3963e+07,-1.42332e+06,1.42332e+06,1.30243e+07
0,0,0,5.79214e+07,0,2.39665e+07,-1.42256e+06,1.42256e+06,1.30243e+07
0,0,0,5.79214e+07,0,2.44895e+07,-1.42179e+06,1.42179e+06,1.30243e+07
0,0,0,5.79214e+07,0,2.4356e+07,-1.33292e+06,1.33292e+06,1.30243e+07
0,0,0,5.79214e+07,0,2.43595e+07,-1.33214e+06,1.33214e+06,1.30243e+07
0,0,0,5.79214e+07,0,2.4363e+07,-1.33136e+06,1.33136e+06,1.30243e+07
0,0,0,5.79214e+07,0,2.60696e+07,-1.33058e+06,1.33058e+06,1.30243e+07
0,0,0,5.79214e+07,0,2.55783e+07,-1.01151e+06,1.01151e+06,1.30243e+07
0,0,0,5.79214e+07,0,2.55821e+07,-1.01066e+06,1.01066e+06,1.30243e+07
0,0,0,5.79214e+07,0,2.55858e+07,-1.00981e+06,1.00981e+06,1.30243e+07
0,0,0,5.79214e+07,0,2.55896e+07,-1.00896e+06,1.00896e+06,1.30243e+07
0,0,0,5.79214e+07,0,2.46482e+07,-1.00811e+06,1.00811e+06,1.30243e+07
0,0,0,5.79214e+07,0,2.49526e+07,-1.20065e+06,1.20065e+06,1.30243e+07
0,0,0,5.79214e+07,0,2.49562e+07,-1.19984e+06,1.19984e+06,1.30243e+07
0,0,0,5.79214e+07,0,2.49599e+07,-1.19903e+06,1.19903e+06,1.30243e+07
0,0,0,5.79214e+07,0,2.41351e+07,-1.19821e+06,1.19821e+06,1.30243e+07
0,0,0,5.79214e+07,0,2.44127e+07,-1.37359e+06,1.37359e+06,1.30243e+07
0,0,0,5.79214e+07,0,2.44162e+07,-1.37281e+06,1.37281e+06,1.30243e+07
0,0,0,5.79214e+07,0,2.44197e+07,-1.37204e+06,1.37204e+06,1.30243e+07
0,0,0,5.79214e+07,0,2.24689e+07,-1.37127e+06,1.37127e+06,1.30243e+07
0,0,0,5.79214e+07,0,2.30434e+07,-1.73774e+06,1.73774e+06,1.30243e+07
0,0,0,5.79214e+07,0,2.30467e+07,-1.73705e+06,1.73705e+06,1.30243e+07
0,0,0,5.79214e+07,0,2.30499e+07,-1.73635e+06,1.73635e+06,1.30243e+07
0,0,0,5.79214e+07,0,2.30531e+07,-1.73565e+06,1.73565e+06,1.30243e+07
0,0,0,5.79214e+07,60,2.37039e+07,-1.73495e+06,1.73495e+06,1.30243e+07
0,0,0,5.79214e+07,0,2.35415e+07,-1.62781e+06,1.62781e+06,1.30243e+07
0,0,0,5.79214e+07,0,2.35448e+07,-1.62711e+06,1.62711e+06,1.30243e+07
0,0,0,5.79214e+07,0,2.3548e+07,-1.62642e+06,1.62642e+06,1.30243e+07
0,0,0,5.79214e+07,0,2.5806e+07,-1.62572e+06,1.62572e+06,1.30243e+07
0,0,0,5.79214e+07,0,2.51875e+07,-1.22507e+06,1.22507e+06,1.30243e+07
0,0,0,5.79214e+07,0,2.5191e+07,-1.22429e+06,1.22429e+06,1.30243e+07
0,0,0,5.79214e+07,0,2.51946e+07,-1.22351e+06,1.22351e+06,1.30243e+07
0,0,0,5.79214e+07,0,2.20805e+07,-1.22273e+06,1.22273e+06,1.30243e+07
0,0,0,5.79214e+07,0,2.29192e+07,-1.75915e+06,1.75915e+06,1.30243e+07
0,0,0,5.79214e+07,0,2.29223e+07,-1.75848e+06,1.75848e+06,1.30243e+07
0,0,0,5.79214e+07,0,2.29254e+07,-1.75781e+06,1.75781e+06,1.30243e+07
0,0,0,5.79214e+07,0,2.29285e+07,-1.75714e+06,1.75714e+06,1.30243e+07
0,0,0,5.79214e+07,0,2.37057e+07,-1.75647e+06,1.75647e+06,1.30243e+07
0,0,0,5.79214e+07,0,2.35043e+07,-1.62425e+06,1.62425e+06,1.30243e+07
0,0,0,5.79214e+07,0,2.35075e+07,-1.62355e+06,1.62355e+06,1.30243e+07
0,0,0,5.79214e+07,0,2.35107e+07,-1.62286e+06,1.62286e+06,1.30243e+07
0,0,0,5.79214e+07,0,2.3212e+07,-1.62216e+06,1.62216e+06,1.30243e+07
0,0,0,5.79214e+07,0,2.32947e+07,-1.6726e+06,1.6726e+06,1.30243e+07
0,0,0,5.79214e+07,0,2.32979e+07,-1.67191e+06,1.67191e+06,1.30243e+07
0,0,0,5.79214e+07,0,2.33011e+07,-1.67123e+06,1.67123e+06,1.30243e+07
0,0,0,5.79214e+07,0,2.43532e+07,-1.67054e+06,1.67054e+06,1.30243e+07
0,0,0,5.79214e+07,0,2.40742e+07,-1.48836e+06,1.48836e+06,1.30243e+07
0,0,0,5.79214e+07,0,2.40775e+07,-1.48764e+06,1.48764e+06,1.30243e+07
0,0,0,5.79214e+07,0,2.40808e+07,-1.48692e+06,1.48692e+06,1.30243e+07
0,0,0,5.79214e+07,0,2.40842e+07,-1.48619e+06,1.48619e+06,1.30243e+07
0,0,0,5.79214e+07,0,2.4287e+07,-1.48547e+06,1.48547e+06,1.30243e+07
0,0,0,5.79214e+07,0,2.4135e+07,-1.38489e+06,1.38489e+06,1.30243e+07
0,0,0,5.79214e+07,0,2.41384e+07,-1.38415e+06,1.38415e+06,1.30243e+07
0,0,0,5.79214e+07,0,2.41417e+07,-1.3834e+06,1.3834e+06,1.30243e+07
0,0,0,5.79214e+07,0,2.46704e+07,-1.38265e+06,1.38265e+06,1.30243e+07
0,0,0,5.79214e+07,0,2.45352e+07,-1.29285e+06,1.29285e+06,1.30243e+07
0,0,0,5.79214e+07,0,2.45387e+07,-1.29208e+06,1.29208e+06,1.30243e+07
0,0,0,5.79214e+07,0,2.45421e+07,-1.29132e+06,1.29132e+06,1.30243e+07
0,0,0,5.79214e+07,0,2.62671e+07,-1.29055e+06,1.29055e+06,1.30243e+07
0,0,0,5.79214e+07,0,2.57703e+07,-968059,968059,1.30243e+07
0,0,0,5.79214e+07,0,2.5774e+07,-967227,967227,1.30243e+07
0,0,0,5.79214e+07,0,2.57777e+07,-966396,966396,1.30243e+07
0,0,0,5.79214e+07,0,2.57813e+07,-965565,965565,1.30243e+07
0,0,0,5.79214e+07,0,2.48296e+07,-964733,964733,1.30243e+07
0,0,0,5.79214e+07,0,2.51372e+07,-1.15938e+06,1.15938e+06,1.30243e+07
0,0,0,5.79214e+07,0,2.51408e+07,-1.15859e+06,1.15859e+06,1.30243e+07
0,0,0,5.79214e+07,0,2.51443e+07,-1.1578e+06,1.1578e+06,1.30243e+07
0,0,0,5.79214e+07,0,2.43105e+07,-1.157e+06,1.157e+06,1.30243e+07
0,0,0,5.79214e+07,0,2.4591e+07,-1.33429e+06,1.33429e+06,1.30243e+07
0,0,0,5.79214e+07,0,2.45944e+07,-1.33353e+06,1.33353e+06,1.30243e+07
0,0,0,5.79214e+07,0,2.45979e+07,-1.33278e+06,1.33278e+06,1.30243e+07
0,0,0,5.79214e+07,0,2.26261e+07,-1.33202e+06,1.33202e+06,1.30243e+07
0,0,0,5.79214e+07,0,2.32066e+07,-1.70245e+06,1.70245e+06,1.30243e+07
0,0,0,5.79214e+07,0,2.32098e+07,-1.70177e+06,1.70177e+06,1.30243e+07
0,0,0,5.79214e+07,0,2.32129e+07,-1.70109e+06,1.70109e+06,1.30243e+07
0,0,0,5.79214e+07,0,2.32161e+07,-1.70041e+06,1.70041e+06,1.30243e+07
0,0,0,5.79214e+07,60,2.38737e+07,-1.69973e+06,1.69973e+06,1.30243e+07
0,0,0,5.79214e+07,0,2.37095e+07,-1.59147e+06,1.59147e+06,1.30243e+07
0,0,0,5.79214e+07,0,2.37126e+07,-1.59079e+06,1.59079e+06,1.30243e+07
0,0,0,5.79214e+07,0,2.37158e+07,-1.59011e+06,1.59011e+06,1.30243e+07
0,0,0,5.79214e+07,0,2.59978e+07,-1.58943e+06,1.58943e+06,1.30243e+07
0,0,0,5.79214e+07,0,2.53725e+07,-1.18452e+06,1.18452e+06,1.30243e+07
0,0,0,5.79214e+07,0,2.5376e+07,-1.18376e+06,1.18376e+06,1.30243e+07
0,0,0,5.79214e+07,0,2.53794e+07,-1.18301e+06,1.18301e+06,1.30243e+07
0,0,0,5.79214e+07,0,2.22322e+07,-1.18225e+06,1.18225e+06,1.30243e+07
0,0,0,5.79214e+07,0,2.30797e+07,-1.72439e+06,1.72439e+06,1.30243e+07
0,0,0,5.79214e+07,0,2.30827e+07,-1.72374e+06,1.72374e+06,1.30243e+07
0,0,0,5.79214e+07,0,2.30857e+07,-1.72309e+06,1.72309e+06,1.30243e+07
0,0,0,5.79214e+07,0,2.30887e+07,-1.72243e+06,1.72243e+06,1.30243e+07
0,0,0,5.79214e+07,0,2.38741e+07,-1.72178e+06,1.72178e+06,1.30243e+07
0,0,0,5.79214e+07,0,2.36704e+07,-1.58818e+06,1.58818e+06,1.30243e+07
0,0,0,5.79214e+07,0,2.36735e+07,-1.5875e+06,1.5875e+06,1.30243e+07
0,0,0,5.79214e+07,0,2.36767e+07,-1.58682e+06,1.58682e+06,1.30243e+07
0,0,0,5.79214e+07,0,2.33747e+07,-1.58614e+06,1.58614e+06,1.30243e+07
0,0,0,5.79214e+07,0,2.34582e+07,-1.63714e+06,1.63714e+06,1.30243e+07
0,0,0,5.79214e+07,0,2.34613e+07,-1.63647e+06,1.63647e+06,1.30243e+07
0,0,0,5.79214e+07,0,2.34644e+07,-1.6358e+06,1.6358e+06,1.30243e+07
0,0,0,5.79214e+07,0,2.45274e+07,-1.63513e+06,1.63513e+06,1.30243e+07
0,0,0,5.79214e+07,0,2.42454e+07,-1.45106e+06,1.45106e+06,1.30243e+07
0,0,0,5.79214e+07,0,2.42486e+07,-1.45035e+06,1.45035e+06,1.30243e+07
0,0,0,5.79214e+07,0,2.42519e+07,-1.44965e+06,1.44965e+06,1.30243e+07
0,0,0,5.79214e+07,0,2.42551e+07,-1.44894e+06,1.44894e+06,1.30243e+07
0,0,0,5.79214e+07,0,2.446e+07,-1.44823e+06,1.44823e+06,1.30243e+07
0,0,0,5.79214e+07,0,2.43063e+07,-1.34663e+06,1.34663e+06,1.30243e+07
0,0,0,5.79214e+07,0,2.43096e+07,-1.3459e+06,1.3459e+06,1.30243e+07
0,0,0,5.79214e+07,0,2.43128e+07,-1.34517e+06,1.34517e+06,1.30243e+07
0,0,0,5.79214e+07,0,2.48469e+07,-1.34444e+06,1.34444e+06,1.30243e+07
0,0,0,5.79214e+07,0,2.47102e+07,-1.25372e+06,1.25372e+06,1.30243e+07
0,0,0,5.79214e+07,0,2.47136e+07,-1.25297e+06,1.25297e+06,1.30243e+07
0,0,0,5.79214e+07,0,2.47169e+07,-1.25223e+06,1.25223e+06,1.30243e+07
0,0,0,5.79214e+07,0,2.64598e+07,-1.25148e+06,1.25148e+06,1.30243e+07
0,0,0,5.79214e+07,0,2.59577e+07,-925645,925645,1.30243e+07
0,0,0,5.79214e+07,0,2.59613e+07,-924835,924835,1.30243e+07
0,0,0,5.79214e+07,0,2.59649e+07,-924024,924024,1.30243e+07
0,0,0,5.79214e+07,0,2.59685e+07,-923213,923213,1.30243e+07
0,0,0,5.79214e+07,0,2.50067e+07,-922402,922402,1.30243e+07
0,0,0,5.79214e+07,0,2.53174e+07,-1.1191e+06,1.1191e+06,1.30243e+07
0,0,0,5.79214e+07,0,2.53209e+07,-1.11833e+06,1.11833e+06,1.30243e+07
0,0,0,5.79214e+07,0,2.53243e+07,-1.11756e+06,1.11756e+06,1.30243e+07
0,0,0,5.79214e+07,0,2.44818e+07,-1.11679e+06,1.11679e+06,1.30243e+07
0,0,0,5.79214e+07,0,2.4765e+07,-1.29594e+06,1.29594e+06,1.30243e+07
0,0,0,5.79214e+07,0,2.47683e+07,-1.2952e+06,1.2952e+06,1.30243e+07
0,0,0,5.79214e+07,0,2.47717e+07,-1.29447e+06,1.29447e+06,1.30243e+07
0,0,0,5.79214e+07,0,2.27794e+07,-1.29373e+06,1.29373e+06,1.30243e+07
0,0,0,5.79214e+07,0,2.33658e+07,-1.66803e+06,1.66803e+06,1.30243e+07
0,0,0,5.79214e+07,0,2.33689e+07,-1.66736e+06,1.66736e+06,1.30243e+07
0,0,0,5.79214e+07,0,2.3372e+07,-1.6667e+06,1.6667e+06,1.30243e+07
0,0,0,5.79214e+07,0,2.3375e+07,-1.66603e+06,1.66603e+06,1.30243e+07
0,0,0,5.79214e+07,0,2.40394e+07,-1.66537e+06,1.66537e+06,1.30243e+07
0,0,0,5.79214e+07,60,2.38733e+07,-1.55601e+06,1.55601e+06,1.30243e+07
0,0,0,5.79214e+07,0,2.38764e+07,-1.55535e+06,1.55535e+06,1.30243e+07
0,0,0,5.79214e+07,0,2.38795e+07,-1.55469e+06,1.55469e+06,1.30243e+07
0,0,0,5.79214e+07,0,2.61849e+07,-1.55403e+06,1.55403e+06,1.30243e+07
0,0,0,5.79214e+07,0,2.5553e+07,-1.14498e+06,1.14498e+06,1.30243e+07
0,0,0,5.79214e+07,0,2.55564e+07,-1.14424e+06,1.14424e+06,1.30243e+07
0,0,0,5.79214e+07,0,2.55598e+07,-1.1435e+06,1.1435e+06,1.30243e+07
0,0,0,5.79214e+07,0,2.23801e+07,-1.14276e+06,1.14276e+06,1.30243e+07
0,0,0,5.79214e+07,0,2.32362e+07,-1.6905e+06,1.6905e+06,1.30243e+07
0,0,0,5.79214e+07,0,2.32391e+07,-1.68986e+06,1.68986e+06,1.30243e+07
0,0,0,5.79214e+07,0,2.3242e+07,-1.68922e+06,1.68922e+06,1.30243e+07
0,0,0,5.79214e+07,0,2.3245e+07,-1.68859e+06,1.68859e+06,1.30243e+07
0,0,0,5.79214e+07,0,2.40383e+07,-1.68795e+06,1.68795e+06,1.30243e+07
0,0,0,5.79214e+07,0,2.38324e+07,-1.55301e+06,1.55301e+06,1.30243e+07
0,0,0,5.79214e+07,0,2.38354e+07,-1.55235e+06,1.55235e+06,1.30243e+07
0,0,0,5.79214e+07,0,2.38385e+07,-1.55169e+06,1.55169e+06,1.30243e+07
0,0,0,5.79214e+07,0,2.35333e+07,-1.55102e+06,1.55102e+06,1.30243e+07
0,0,0,5.79214e+07,0,2.36176e+07,-1.60256e+06,1.60256e+06,1.30243e+07
0,0,0,5.79214e+07,0,2.36206e+07,-1.60191e+06,1.60191e+06,1.30243e+07
0,0,0,5.79214e+07,0,2.36236e+07,-1.60126e+06,1.60126e+06,1.30243e+07
0,0,0,5.79214e+07,0,2.46973e+07,-1.60061e+06,1.60061e+06,1.30243e+07
0,0,0,5.79214e+07,0,2.44123e+07,-1.41469e+06,1.41469e+06,1.30243e+07
0,0,0,5.79214e+07,0,2.44155e+07,-1.414e+06,1.414e+06,1.30243e+07
0,0,0,5.79214e+07,0,2.44186e+07,-1.41331e+06,1.41331e+06,1.30243e+07
0,0,0,5.79214e+07,0,2.44218e+07,-1.41262e+06,1.41262e+06,1.30243e+07
0,0,0,5.79214e+07,0,2.46286e+07,-1.41193e+06,1.41193e+06,1.30243e+07
0,0,0,5.79214e+07,0,2.44733e+07,-1.30932e+06,1.30932e+06,1.30243e+07
0,0,0,5.79214e+07,0,2.44764e+07,-1.30861e+06,1.30861e+06,1.30243e+07
0,0,0,5.79214e+07,0,2.44796e+07,-1.3079e+06,1.3079e+06,1.30243e+07
0,0,0,5.79214e+07,0,2.50189e+07,-1.3072e+06,1.3072e+06,1.30243e+07
0,0,0,5.79214e+07,0,2.48808e+07,-1.21558e+06,1.21558e+06,1.30243e+07
0,0,0,5.79214e+07,0,2.4884e+07,-1.21486e+06,1.21486e+06,1.30243e+07
0,0,0,5.79214e+07,0,2.48873e+07,-1.21413e+06,1.21413e+06,1.30243e+07
0,0,0,5.79214e+07,0,2.66477e+07,-1.2134e+06,1.2134e+06,1.30243e+07
0,0,0,5.79214e+07,0,2.61404e+07,-884307,884307,1.30243e+07
0,0,0,5.79214e+07,0,2.61439e+07,-883517,883517,1.30243e+07
0,0,0,5.79214e+07,0,2.61474e+07,-882727,882727,1.30243e+07
0,0,0,5.79214e+07,0,2.61509e+07,-881937,881937,1.30243e+07
0,0,0,5.79214e+07,0,2.51793e+07,-881147,881147,1.30243e+07
0,0,0,5.79214e+07,0,2.5493e+07,-1.07985e+06,1.07985e+06,1.30243e+07
0,0,0,5.79214e+07,0,2.54964e+07,-1.0791e+06,1.0791e+06,1.30243e+07
0,0,0,5.79214e+07,0,2.54997e+07,-1.07835e+06,1.07835e+06,1.30243e+07
0,0,0,5.79214e+07,0,2.46486e+07,-1.0776e+06,1.0776e+06,1.30243e+07
0,0,0,5.79214e+07,0,2.49346e+07,-1.25857e+06,1.25857e+06,1.30243e+07
0,0,0,5.79214e+07,0,2.49378e+07,-1.25786e+06,1.25786e+06,1.30243e+07
0,0,0,5.79214e+07,0,2.49411e+07,-1.25714e+06,1.25714e+06,1.30243e+07
0,0,0,5.79214e+07,0,2.29287e+07,-1.25642e+06,1.25642e+06,1.30243e+07
0,0,0,5.79214e+07,0,2.35209e+07,-1.63448e+06,1.63448e+06,1.30243e+07
0,0,0,5.79214e+07,0,2.35239e+07,-1.63383e+06,1.63383e+06,1.30243e+07
0,0,0,5.79214e+07,0,2.35269e+07,-1.63319e+06,1.63319e+06,1.30243e+07
0,0,0,5.79214e+07,0,2.35299e+07,-1.63254e+06,1.63254e+06,1.30243e+07
0,0,0,5.79214e+07,0,2.35289e+07,-1.63189e+06,1.63189e+06,1.30243e+07
0,0,0,2.71115e+08,60,2.42008e+07,-1.63189e+06,1.63189e+06,1.30243e+07
0,0,0,2.71115e+08,0,2.40329e+07,-1.52147e+06,1.52147e+06,1.30243e+07
0,0,0,2.71115e+08,0,2.40359e+07,-1.52083e+06,1.52083e+06,1.30243e+07
0,0,0,2.71115e+08,0,2.40389e+07,-1.52018e+06,1.52018e+06,1.30243e+07
0,0,0,2.71115e+08,0,2.63671e+07,-1.51954e+06,1.51954e+06,1.30243e+07
0,0,0,2.71115e+08,0,2.57288e+07,-1.10646e+06,1.10646e+06,1.30243e+07
0,0,0,2.71115e+08,0,2.57321e+07,-1.10574e+06,1.10574e+06,1.30243e+07
0,0,0,2.71115e+08,0,2.57354e+07,-1.10502e+06,1.10502e+06,1.30243e+07
0,0,0,2.71115e+08,0,2.25241e+07,-1.1043e+06,1.1043e+06,1.30243e+07
0,0,0,2.71115e+08,0,2.33886e+07,-1.65748e+06,1.65748e+06,1.30243e+07
0,0,0,2.71115e+08,0,2.33914e+07,-1.65686e+06,1.65686e+06,1.30243e+07
0,0,0,2.71115e+08,0,2.33943e+07,-1.65625e+06,1.65625e+06,1.30243e+07
0,0,0,2.71115e+08,0,2.33971e+07,-1.65563e+06,1.65563e+06,1.30243e+07
0,0,0,2.71115e+08,0,2.41981e+07,-1.65501e+06,1.65501e+06,1.30243e+07
0,0,0,2.71115e+08,0,2.39901e+07,-1.51876e+06,1.51876e+06,1.30243e+07
0,0,0,2.71115e+08,0,2.39931e+07,-1.51812e+06,1.51812e+06,1.30243e+07
0,0,0,2.71115e+08,0,2.3996e+07,-1.51747e+06,1.51747e+06,1.30243e+07
0,0,0,2.71115e+08,0,2.36878e+07,-1.51683e+06,1.51683e+06,1.30243e+07
0,0,0,2.71115e+08,0,2.37727e+07,-1.5689e+06,1.5689e+06,1.30243e+07
0,0,0,2.71115e+08,0,2.37756e+07,-1.56827e+06,1.56827e+06,1.30243e+07
0,0,0,2.71115e+08,0,2.37786e+07,-1.56763e+06,1.56763e+06,1.30243e+07
0,0,0,2.71115e+08,0,2.48628e+07,-1.567e+06,1.567e+06,1.30243e+07
0,0,0,2.71115e+08,0,2.45748e+07,-1.37928e+06,1.37928e+06,1.30243e+07
0,0,0,2.71115e+08,0,2.45779e+07,-1.37861e+06,1.37861e+06,1.30243e+07
0,0,0,2.71115e+08,0,2.4581e+07,-1.37794e+06,1.37794e+06,1.30243e+07
0,0,0,2.71115e+08,0,2.4584e+07,-1.37727e+06,1.37727e+06,1.30243e+07
0,0,0,2.71115e+08,0,2.47928e+07,-1.3766e+06,1.3766e+06,1.30243e+07
0,0,0,2.71115e+08,0,2.46358e+07,-1.27301e+06,1.27301e+06,1.30243e+07
0,0,0,2.71115e+08,0,2.46389e+07,-1.27232e+06,1.27232e+06,1.30243e+07
0,0,0,2.71115e+08,0,2.46419e+07,-1.27163e+06,1.27163e+06,1.30243e+07
0,0,0,2.71115e+08,0,2.51864e+07,-1.27094e+06,1.27094e+06,1.30243e+07
0,0,0,2.71115e+08,0,2.50468e+07,-1.17847e+06,1.17847e+06,1.30243e+07
0,0,0,2.71115e+08,0,2.50499e+07,-1.17776e+06,1.17776e+06,1.30243e+07
0,0,0,2.71115e+08,0,2.50531e+07,-1.17705e+06,1.17705e+06,1.30243e+07
0,0,0,2.71115e+08,0,2.68304e+07,-1.17635e+06,1.17635e+06,1.30243e+07
0,0,0,2.71115e+08,0,2.63181e+07,-844081,844081,1.30243e+07
0,0,0,2.71115e+08,0,2.63215e+07,-843313,843313,1.30243e+07
0,0,0,2.71115e+08,0,2.63249e+07,-842545,842545,1.30243e+07
0,0,0,2.71115e+08,0,2.63283e+07,-841777,841777,1.30243e+07
0,0,0,2.71115e+08,0,2.53472e+07,-841009,841009,1.30243e+07
0,0,0,2.71115e+08,0,2.56638e+07,-1.04167e+06,1.04167e+06,1.30243e+07
0,0,0,2.71115e+08,0,2.56671e+07,-1.04094e+06,1.04094e+06,1.30243e+07
0,0,0,2.71115e+08,0,2.56704e+07,-1.0402e+06,1.0402e+06,1.30243e+07
0,0,0,2.71115e+08,0,2.48109e+07,-1.03947e+06,1.03947e+06,1.30243e+07
0,0,0,2.71115e+08,0,2.50995e+07,-1.22222e+06,1.22222e+06,1.30243e+07
0,0,0,2.71115e+08,0,2.51027e+07,-1.22153e+06,1.22153e+06,1.30243e+07
0,0,0,2.71115e+08,0,2.51058e+07,-1.22083e+06,1.22083e+06,1.30243e+07
0,0,0,2.71115e+08,0,2.3074e+07,-1.22013e+06,1.22013e+06,1.30243e+07
0,0,0,2.71115e+08,0,2.36718e+07,-1.60185e+06,1.60185e+06,1.30243e+07
0,0,0,2.71115e+08,0,2.36747e+07,-1.60122e+06,1.60122e+06,1.30243e+07
0,0,0,2.71115e+08,0,2.36776e+07,-1.60059e+06,1.60059e+06,1.30243e+07
0,0,0,2.71115e+08,0,2.36805e+07,-1.59997e+06,1.59997e+06,1.30243e+07
0,0,0,2.71115e+08,9.082e+06,2.46285e+07,-1.77341e+06,1.77341e+06,1.30243e+07
0,0,0,2.71115e+08,0,2.46324e+07,-1.77341e+06,1.77341e+06,1.30243e+07
0,0,0,2.71115e+08,0,2.46363e+07,-1.77341e+06,1.77341e+06,1.30243e+07
0,0,0,2.71115e+08,0,2.46401e+07,-1.77341e+06,1.77341e+06,1.30243e+07
0,0,0,2.71115e+08,0,2.69914e+07,-1.77341e+06,1.77341e+06,1.30243e+07
0,0,0,2.71115e+08,0,2.69957e+07,-1.77341e+06,1.77341e+06,1.30243e+07
0,0,0,2.71115e+08,0,2.7e+07,-1.77341e+06,1.77341e+06,1.30243e+07
0,0,0,2.71115e+08,0,2.70042e+07,-1.77341e+06,1.77341e+06,1.30243e+07
0,0,0,2.71115e+08,0,2.37633e+07,-1.77341e+06,1.77341e+06,1.30243e+07
0,0,0,2.71115e+08,0,2.3767e+07,-1.77341e+06,1.77341e+06,1.30243e+07
0,0,0,2.71115e+08,0,2.37707e+07,-1.77341e+06,1.77341e+06,1.30243e+07
0,0,0,2.71115e+08,0,2.37744e+07,-1.77341e+06,1.77341e+06,1.30243e+07
0,0,0,2.71115e+08,0,2.37781e+07,-1.77341e+06,1.77341e+06,1.30243e+07
0,0,0,2.71115e+08,0,2.45875e+07,-1.77341e+06,1.77341e+06,1.30243e+07
0,0,0,2.71115e+08,0,2.45914e+07,-1.77341e+06,1.77341e+06,1.30243e+07
0,0,0,2.71115e+08,0,2.45953e+07,-1.77341e+06,1.77341e+06,1.30243e+07
0,0,0,2.71115e+08,0,2.45991e+07,-1.77341e+06,1.77341e+06,1.30243e+07
0,0,0,2.71115e+08,0,2.42888e+07,-1.77341e+06,1.77341e+06,1.30243e+07
0,0,0,2.71115e+08,0,2.42926e+07,-1.77341e+06,1.77341e+06,1.30243e+07
0,0,0,2.71115e+08,0,2.42964e+07,-1.77341e+06,1.77341e+06,1.30243e+07
0,0,0,2.71115e+08,0,2.43002e+07,-1.77341e+06,1.77341e+06,1.30243e+07
0,0,0,2.71115e+08,0,2.53954e+07,-1.77341e+06,1.77341e+06,1.30243e+07
0,0,0,2.71115e+08,0,2.53994e+07,-1.77341e+06,1.77341e+06,1.30243e+07
0,0,0,2.71115e+08,0,2.54034e+07,-1.77341e+06,1.77341e+06,1.30243e+07
0,0,0,2.71115e+08,0,2.54074e+07,-1.77341e+06,1.77341e+06,1.30243e+07
0,0,0,2.71115e+08,0,2.54114e+07,-1.77341e+06,1.77341e+06,1.30243e+07
0,0,0,2.71115e+08,0,2.5623e+07,-1.77341e+06,1.77341e+06,1.30243e+07
0,0,0,2.71115e+08,0,2.5627e+07,-1.77341e+06,1.77341e+06,1.30243e+07
0,0,0,2.71115e+08,0,2.56311e+07,-1.77341e+06,1.77341e+06,1.30243e+07
0,0,0,2.71115e+08,0,2.56351e+07,-1.77341e+06,1.77341e+06,1.30243e+07
0,0,0,2.71115e+08,0,2.61856e+07,-1.77341e+06,1.77341e+06,1.30243e+07
0,0,0,2.71115e+08,0,2.61897e+07,-1.77341e+06,1.77341e+06,1.30243e+07
0,0,0,2.71115e+08,0,2.61939e+07,-1.77341e+06,1.77341e+06,1.30243e+07
0,0,0,2.71115e+08,0,2.6198e+07,-1.77341e+06,1.77341e+06,1.30243e+07
0,0,0,2.71115e+08,0,2.79929e+07,-1.77341e+06,1.77341e+06,1.30243e+07
0,0,0,2.71115e+08,0,2.79973e+07,-1.77341e+06,1.77341e+06,1.30243e+07
0,0,0,2.71115e+08,0,2.80018e+07,-1.77341e+06,1.77341e+06,1.30243e+07
0,0,0,2.71115e+08,0,2.80063e+07,-1.77341e+06,1.77341e+06,1.30243e+07
0,0,0,2.71115e+08,0,2.80107e+07,-1.77341e+06,1.77341e+06,1.30243e+07
0,0,0,2.71115e+08,0,2.70215e+07,-1.77341e+06,1.77341e+06,1.30243e+07
0,0,0,2.71115e+08,0,2.70258e+07,-1.77341e+06,1.77341e+06,1.30243e+07
0,0,0,2.71115e+08,0,2.70301e+07,-1.77341e+06,1.77341e+06,1.30243e+07
0,0,0,2.71115e+08,0,2.70344e+07,-1.77341e+06,1.77341e+06,1.30243e+07
0,0,0,2.71115e+08,0,2.61679e+07,-1.77341e+06,1.77341e+06,1.30243e+07
0,0,0,2.71115e+08,0,2.61721e+07,-1.77341e+06,1.77341e+06,1.30243e+07
0,0,0,2.71115e+08,0,2.61762e+07,-1.77341e+06,1.77341e+06,1.30243e+07
0,0,0,2.71115e+08,0,2.61803e+07,-1.77341e+06,1.77341e+06,1.30243e+07
0,0,0,2.71115e+08,0,2.41306e+07,-1.77341e+06,1.77341e+06,1.30243e+07
0,0,0,2.71115e+08,0,2.41344e+07,-1.77341e+06,1.77341e+06,1.30243e+07
0,0,0,2.71115e+08,0,2.41382e+07,-1.77341e+06,1.77341e+06,1.30243e+07
0,0,0,2.71115e+08,0,2.4142e+07,-1.77341e+06,1.77341e+06,1.30243e+07
0,0,0,2.71115e+08,0,2.41457e+07,-1.77341e+06,1.77341e+06,1.30243e+07
0,0,0,2.71115e+08,9.082e+06,2.483e+07,-1.77341e+06,1.77341e+06,1.30243e+07
0,0,0,2.71115e+08,0,2.48337e+07,-1.77341e+06,1.77341e+06,1.30243e+07
0,0,0,2.71115e+08,0,2.48375e+07,-1.77341e+06,1.77341e+06,1.30243e+07
0,0,0,2.71115e+08,0,2.48412e+07,-1.77341e+06,1.77341e+06,1.30243e+07
0,0,0,2.71115e+08,0,2.72139e+07,-1.77341e+06,1.77341e+06,1.30243e+07
0,0,0,2.71115e+08,0,2.72181e+07,-1.77341e+06,1.77341e+06,1.30243e+07
0,0,0,2.71115e+08,0,2.72222e+07,-1.77341e+06,1.77341e+06,1.30243e+07
0,0,0,2.71115e+08,0,2.72264e+07,-1.77341e+06,1.77341e+06,1.30243e+07
0,0,0,2.71115e+08,0,2.39556e+07,-1.77341e+06,1.77341e+06,1.30243e+07
0,0,0,2.71115e+08,0,2.39592e+07,-1.77341e+06,1.77341e+06,1.30243e+07
0,0,0,2.71115e+08,0,2.39628e+07,-1.77341e+06,1.77341e+06,1.30243e+07
0,0,0,2.71115e+08,0,2.39664e+07,-1.77341e+06,1.77341e+06,1.30243e+07
0,0,0,2.71115e+08,0,2.397e+07,-1.77341e+06,1.77341e+06,1.30243e+07
0,0,0,2.71115e+08,0,2.47866e+07,-1.77341e+06,1.77341e+06,1.30243e+07
0,0,0,2.71115e+08,0,2.47903e+07,-1.77341e+06,1.77341e+06,1.30243e+07
0,0,0,2.71115e+08,0,2.47941e+07,-1.77341e+06,1.77341e+06,1.30243e+07
0,0,0,2.71115e+08,0,2.47978e+07,-1.77341e+06,1.77341e+06,1.30243e+07
0,0,0,2.71115e+08,0,2.44845e+07,-1.77341e+06,1.77341e+06,1.30243e+07
0,0,0,2.71115e+08,0,2.44882e+07,-1.77341e+06,1.77341e+06,1.30243e+07
0,0,0,2.71115e+08,0,2.44919e+07,-1.77341e+06,1.77341e+06,1.30243e+07
0,0,0,2.71115e+08,0,2.44956e+07,-1.77341e+06,1.77341e+06,1.30243e+07
0,0,0,2.71115e+08,0,2.56006e+07,-1.77341e+06,1.77341e+06,1.30243e+07
0,0,0,2.71115e+08,0,2.56045e+07,-1.77341e+06,1.77341e+06,1.30243e+07
0,0,0,2.71115e+08,0,2.56083e+07,-1.77341e+06,1.77341e+06,1.30243e+07
0,0,0,2.71115e+08,0,2.56122e+07,-1.77341e+06,1.77341e+06,1.30243e+07
0,0,0,2.71115e+08,0,2.56161e+07,-1.77341e+06,1.77341e+06,1.30243e+07
0,0,0,2.71115e+08,0,2.58294e+07,-1.77341e+06,1.77341e+06,1.30243e+07
0,0,0,2.71115e+08,0,2.58333e+07,-1.77341e+06,1.77341e+06,1.30243e+07
0,0,0,2.71115e+08,0,2.58372e+07,-1.77341e+06,1.77341e+06,1.30243e+07
0,0,0,2.71115e+08,0,2.58411e+07,-1.77341e+06,1.77341e+06,1.30243e+07
0,0,0,2.71115e+08,0,2.63964e+07,-1.77341e+06,1.77341e+06,1.30243e+07
0,0,0,2.71115e+08,0,2.64004e+07,-1.77341e+06,1.77341e+06,1.30243e+07
0,0,0,2.71115e+08,0,2.64044e+07,-1.77341e+06,1.77341e+06,1.30243e+07
0,0,0,2.71115e+08,0,2.64084e+07,-1.77341e+06,1.77341e+06,1.30243e+07
0,0,0,2.71115e+08,0,2.82193e+07,-1.77341e+06,1.77341e+06,1.30243e+07
0,0,0,2.71115e+08,0,2.82236e+07,-1.77341e+06,1.77341e+06,1.30243e+07
0,0,0,2.71115e+08,0,2.82279e+07,-1.77341e+06,1.77341e+06,1.30243e+07
0,0,0,2.71115e+08,0,2.82322e+07,-1.77341e+06,1.77341e+06,1.30243e+07
0,0,0,2.71115e+08,0,2.82365e+07,-1.77341e+06,1.77341e+06,1.30243e+07
0,0,0,2.71115e+08,0,2.72383e+07,-1.77341e+06,1.77341e+06,1.30243e+07
0,0,0,2.71115e+08,0,2.72425e+07,-1.77341e+06,1.77341e+06,1.30243e+07
0,0,0,2.71115e+08,0,2.72466e+07,-1.77341e+06,1.77341e+06,1.30243e+07
0,0,0,2.71115e+08,0,2.72508e+07,-1.77341e+06,1.77341e+06,1.30243e+07
0,0,0,2.71115e+08,0,2.63764e+07,-1.77341e+06,1.77341e+06,1.30243e+07
0,0,0,2.71115e+08,0,2.63804e+07,-1.77341e+06,1.77341e+06,1.30243e+07
0,0,0,2.71115e+08,0,2.63844e+07,-1.77341e+06,1.77341e+06,1.30243e+07
0,0,0,2.71115e+08,0,2.63884e+07,-1.77341e+06,1.77341e+06,1.30243e+07
0,0,0,2.71115e+08,0,2.43204e+07,-1.77341e+06,1.77341e+06,1.30243e+07
0,0,0,2.71115e+08,0,2.4324e+07,-1.77341e+06,1.77341e+06,1.30243e+07
0,0,0,2.71115e+08,0,2.43277e+07,-1.77341e+06,1.77341e+06,1.30243e+07
0,0,0,2.71115e+08,0,2.43314e+07,-1.77341e+06,1.77341e+06,1.30243e+07
0,0,0,2.71115e+08,0,2.4335e+07,-1.77341e+06,1.77341e+06,1.30243e+07
0,0,0,2.71115e+08,9.082e+06,2.50252e+07,-1.77341e+06,1.77341e+06,1.30243e+07
0,0,0,2.71115e+08,0,2.50288e+07,-1.77341e+06,1.77341e+06,1.30243e+07
0,0,0,2.71115e+08,0,2.50324e+07,-1.77341e+06,1.77341e+06,1.30243e+07
0,0,0,2.71115e+08,0,2.5036e+07,-1.77341e+06,1.77341e+06,1.30243e+07
0,0,0,2.71115e+08,0,2.74295e+07,-1.77341e+06,1.77341e+06,1.30243e+07
0,0,0,2.71115e+08,0,2.74335e+07,-1.77341e+06,1.77341e+06,1.30243e+07
0,0,0,2.71115e+08,0,2.74375e+07,-1.77341e+06,1.77341e+06,1.30243e+07
0,0,0,2.71115e+08,0,2.74415e+07,-1.77341e+06,1.77341e+06,1.30243e+07
0,0,0,2.71115e+08,0,2.41419e+07,-1.77341e+06,1.77341e+06,1.30243e+07
0,0,0,2.71115e+08,0,2.41453e+07,-1.77341e+06,1.77341e+06,1.30243e+07
0,0,0,2.71115e+08,0,2.41488e+07,-1.77341e+06,1.77341e+06,1.30243e+07
0,0,0,2.71115e+08,0,2.41523e+07,-1.77341e+06,1.77341e+06,1.30243e+07
0,0,0,2.71115e+08,0,2.41558e+07,-1.77341e+06,1.77341e+06,1.30243e+07
0,0,0,2.71115e+08,0,2.49794e+07,-1.77341e+06,1.77341e+06,1.30243e+07
0,0,0,2.71115e+08,0,2.4983e+07,-1.77341e+06,1.77341e+06,1.30243e+07
0,0,0,2.71115e+08,0,2.49866e+07,-1.77341e+06,1.77341e+06,1.30243e+07
0,0,0,2.71115e+08,0,2.49902e+07,-1.77341e+06,1.77341e+06,1.30243e+07
0,0,0,2.71115e+08,0,2.46741e+07,-1.77341e+06,1.77341e+06,1.30243e+07
0,0,0,2.71115e+08,0,2.46776e+07,-1.77341e+06,1.77341e+06,1.30243e+07
0,0,0,2.71115e+08,0,2.46812e+07,-1.77341e+06,1.77341e+06,1.30243e+07
0,0,0,2.71115e+08,0,2.46847e+07,-1.77341e+06,1.77341e+06,1.30243e+07
0,0,0,2.71115e+08,0,2.57992e+07,-1.77341e+06,1.77341e+06,1.30243e+07
0,0,0,2.71115e+08,0,2.5803e+07,-1.77341e+06,1.77341e+06,1.30243e+07
0,0,0,2.71115e+08,0,2.58067e+07,-1.77341e+06,1.77341e+06,1.30243e+07
0,0,0,2.71115e+08,0,2.58105e+07,-1.77341e+06,1.77341e+06,1.30243e+07
0,0,0,2.71115e+08,0,2.58142e+07,-1.77341e+06,1.77341e+06,1.30243e+07
0,0,0,2.71115e+08,0,2.60292e+07,-1.77341e+06,1.77341e+06,1.30243e+07
0,0,0,2.71115e+08,0,2.6033e+07,-1.77341e+06,1.77341e+06,1.30243e+07
0,0,0,2.71115e+08,0,2.60368e+07,-1.77341e+06,1.77341e+06,1.30243e+07
0,0,0,2.71115e+08,0,2.60406e+07,-1.77341e+06,1.77341e+06,1.30243e+07
0,0,0,2.71115e+08,0,2.66005e+07,-1.77341e+06,1.77341e+06,1.30243e+07
0,0,0,2.71115e+08,0,2.66044e+07,-1.77341e+06,1.77341e+06,1.30243e+07
0,0,0,2.71115e+08,0,2.66083e+07,-1.77341e+06,1.77341e+06,1.30243e+07
0,0,0,2.71115e+08,0,2.66121e+07,-1.77341e+06,1.77341e+06,1.30243e+07
0,0,0,2.71115e+08,0,2.84384e+07,-1.77341e+06,1.77341e+06,1.30243e+07
0,0,0,2.71115e+08,0,2.84425e+07,-1.77341e+06,1.77341e+06,1.30243e+07
0,0,0,2.71115e+08,0,2.84467e+07,-1.77341e+06,1.77341e+06,1.30243e+07
0,0,0,2.71115e+08,0,2.84509e+07,-1.77341e+06,1.77341e+06,1.30243e+07
0,0,0,2.71115e+08,0,2.84551e+07,-1.77341e+06,1.77341e+06,1.30243e+07
0,0,0,2.71115e+08,0,2.74481e+07,-1.77341e+06,1.77341e+06,1.30243e+07
0,0,0,2.71115e+08,0,2.74521e+07,-1.77341e+06,1.77341e+06,1.30243e+07
0,0,0,2.71115e+08,0,2.74562e+07,-1.77341e+06,1.77341e+06,1.30243e+07
0,0,0,2.71115e+08,0,2.74602e+07,-1.77341e+06,1.77341e+06,1.30243e+07
0,0,0,2.71115e+08,0,2.65782e+07,-1.77341e+06,1.77341e+06,1.30243e+07
0,0,0,2.71115e+08,0,2.65821e+07,-1.77341e+06,1.77341e+06,1.30243e+07
0,0,0,2.71115e+08,0,2.65859e+07,-1.77341e+06,1.77341e+06,1.30243e+07
0,0,0,2.71115e+08,0,2.65898e+07,-1.77341e+06,1.77341e+06,1.30243e+07
0,0,0,2.71115e+08,0,2.4504e+07,-1.77341e+06,1.77341e+06,1.30243e+07
0,0,0,2.71115e+08,0,2.45075e+07,-1.77341e+06,1.77341e+06,1.30243e+07
0,0,0,2.71115e+08,0,2.45111e+07,-1.77341e+06,1.77341e+06,1.30243e+07
0,0,0,2.71115e+08,0,2.45146e+07,-1.77341e+06,1.77341e+06,1.30243e+07
0,0,0,2.71115e+08,0,2.45181e+07,-1.77341e+06,1.77341e+06,1.30243e+07
0,0,0,2.71115e+08,9.082e+06,2.5214e+07,-1.77341e+06,1.77341e+06,1.30243e+07
0,0,0,2.71115e+08,0,2.52175e+07,-1.77341e+06,1.77341e+06,1.30243e+07
0,0,0,2.71115e+08,0,2.5221e+07,-1.77341e+06,1.77341e+06,1.30243e+07
0,0,0,2.71115e+08,0,2.52245e+07,-1.77341e+06,1.77341e+06,1.30243e+07
0,0,0,2.71115e+08,0,2.76381e+07,-1.77341e+06,1.77341e+06,1.30243e+07
0,0,0,2.71115e+08,0,2.7642e+07,-1.77341e+06,1.77341e+06,1.30243e+07
0,0,0,2.71115e+08,0,2.76458e+07,-1.77341e+06,1.77341e+06,1.30243e+07
0,0,0,2.71115e+08,0,2.76497e+07,-1.77341e+06,1.77341e+06,1.30243e+07
0,0,0,2.71115e+08,0,2.43221e+07,-1.77341e+06,1.77341e+06,1.30243e+07
0,0,0,2.71115e+08,0,2.43254e+07,-1.77341e+06,1.77341e+06,1.30243e+07
0,0,0,2.71115e+08,0,2.43288e+07,-1.77341e+06,1.77341e+06,1.30243e+07
0,0,0,2.71115e+08,0,2.43322e+07,-1.77341e+06,1.77341e+06,1.30243e+07
0,0,0,2.71115e+08,0,2.43355e+07,-1.77341e+06,1.77341e+06,1.30243e+07
0,0,0,2.71115e+08,0,2.5166e+07,-1.77341e+06,1.77341e+06,1.30243e+07
0,0,0,2.71115e+08,0,2.51695e+07,-1.77341e+06,1.77341e+06,1.30243e+07
0,0,0,2.71115e+08,0,2.5173e+07,-1.77341e+06,1.77341e+06,1.30243e+07
0,0,0,2.71115e+08,0,2.51765e+07,-1.77341e+06,1.77341e+06,1.30243e+07
0,0,0,2.71115e+08,0,2.48575e+07,-1.77341e+06,1.77341e+06,1.30243e+07
0,0,0,2.71115e+08,0,2.48609e+07,-1.77341e+06,1.77341e+06,1.30243e+07
0,0,0,2.71115e+08,0,2.48644e+07,-1.77341e+06,1.77341e+06,1.30243e+07
0,0,0,2.71115e+08,0,2.48678e+07,-1.77341e+06,1.77341e+06,1.30243e+07
0,0,0,2.71115e+08,0,2.59915e+07,-1.77341e+06,1.77341e+06,1.30243e+07
0,0,0,2.71115e+08,0,2.59951e+07,-1.77341e+06,1.77341e+06,1.30243e+07
0,0,0,2.71115e+08,0,2.59987e+07,-1.77341e+06,1.77341e+06,1.30243e+07
0,0,0,2.71115e+08,0,2.60023e+07,-1.77341e+06,1.77341e+06,1.30243e+07
0,0,0,2.71115e+08,0,2.6006e+07,-1.77341e+06,1.77341e+06,1.30243e+07
0,0,0,2.71115e+08,0,2.62226e+07,-1.77341e+06,1.77341e+06,1.30243e+07
0,0,0,2.71115e+08,0,2.62263e+07,-1.77341e+06,1.77341e+06,1.30243e+07
0,0,0,2.71115e+08,0,2.62299e+07,-1.77341e+06,1.77341e+06,1.30243e+07
0,0,0,2.71115e+08,0,2.62336e+07,-1.77341e+06,1.77341e+06,1.30243e+07
0,0,0,2.71115e+08,0,2.6798e+07,-1.77341e+06,1.77341e+06,1.30243e+07
0,0,0,2.71115e+08,0,2.68018e+07,-1.77341e+06,1.77341e+06,1.30243e+07
0,0,0,2.71115e+08,0,2.68055e+07,-1.77341e+06,1.77341e+06,1.30243e+07
0,0,0,2.71115e+08,0,2.68093e+07,-1.77341e+06,1.77341e+06,1.30243e+07
0,0,0,2.71115e+08,0,2.86504e+07,-1.77341e+06,1.77341e+06,1.30243e+07
0,0,0,2.71115e+08,0,2.86545e+07,-1.77341e+06,1.77341e+06,1.30243e+07
0,0,0,2.71115e+08,0,2.86585e+07,-1.77341e+06,1.77341e+06,1.30243e+07
0,0,0,2.71115e+08,0,2.86626e+07,-1.77341e+06,1.77341e+06,1.30243e+07
0,0,0,2.71115e+08,0,2.86666e+07,-1.77341e+06,1.77341e+06,1.30243e+07
0,0,0,2.71115e+08,0,2.76512e+07,-1.77341e+06,1.77341e+06,1.30243e+07
0,0,0,2.71115e+08,0,2.76551e+07,-1.77341e+06,1.77341e+06,1.30243e+07
0,0,0,2.71115e+08,0,2.7659e+07,-1.77341e+06,1.77341e+06,1.30243e+07
0,0,0,2.71115e+08,0,2.76629e+07,-1.77341e+06,1.77341e+06,1.30243e+07
0,0,0,2.71115e+08,0,2.67735e+07,-1.77341e+06,1.77341e+06,1.30243e+07
0,0,0,2.71115e+08,0,2.67772e+07,-1.77341e+06,1.77341e+06,1.30243e+07
0,0,0,2.71115e+08,0,2.6781e+07,-1.77341e+06,1.77341e+06,1.30243e+07
0,0,0,2.71115e+08,0,2.67847e+07,-1.77341e+06,1.77341e+06,1.30243e+07
0,0,0,2.71115e+08,0,2.46817e+07,-1.77341e+06,1.77341e+06,1.30243e+07
0,0,0,2.71115e+08,0,2.46851e+07,-1.77341e+06,1.77341e+06,1.30243e+07
0,0,0,2.71115e+08,0,2.46886e+07,-1.77341e+06,1.77341e+06,1.30243e+07
0,0,0,2.71115e+08,0,2.4692e+07,-1.77341e+06,1.77341e+06,1.30243e+07
0,0,0,2.71115e+08,0,2.46954e+07,-1.77341e+06,1.77341e+06,1.30243e+07
0,0,0,2.71115e+08,0,2.53968e+07,-1.77341e+06,1.77341e+06,1.30243e+07
0,0,0,2.71115e+08,4.25102e+07,2.54002e+07,-1.77341e+06,1.77341e+06,1.30243e+07
0,0,0,2.71115e+08,0,2.54036e+07,-1.77341e+06,1.77341e+06,1.30243e+07
0,0,0,2.71115e+08,0,2.5407e+07,-1.77341e+06,1.77341e+06,1.30243e+07
0,0,0,2.71115e+08,0,2.784e+07,-1.77341e+06,1.77341e+06,1.30243e+07
0,0,0,2.71115e+08,0,2.78438e+07,-1.77341e+06,1.77341e+06,1.30243e+07
0,0,0,2.71115e+08,0,2.78475e+07,-1.77341e+06,1.77341e+06,1.30243e+07
0,0,0,2.71115e+08,0,2.78513e+07,-1.77341e+06,1.77341e+06,1.30243e+07
0,0,0,2.71115e+08,0,2.44966e+07,-1.77341e+06,1.77341e+06,1.30243e+07
0,0,0,2.71115e+08,0,2.44998e+07,-1.77341e+06,1.77341e+06,1.30243e+07
0,0,0,2.71115e+08,0,2.45031e+07,-1.77341e+06,1.77341e+06,1.30243e+07
0,0,0,2.71115e+08,0,2.45063e+07,-1.77341e+06,1.77341e+06,1.30243e+07
0,0,0,2.71115e+08,0,2.45096e+07,-1.77341e+06,1.77341e+06,1.30243e+07
0,0,0,2.71115e+08,0,2.53466e+07,-1.77341e+06,1.77341e+06,1.30243e+07
0,0,0,2.71115e+08,0,2.535e+07,-1.77341e+06,1.77341e+06,1.30243e+07
0,0,0,2.71115e+08,0,2.53533e+07,-1.77341e+06,1.77341e+06,1.30243e+07
0,0,0,2.71115e+08,0,2.53567e+07,-1.77341e+06,1.77341e+06,1.30243e+07
0,0,0,2.71115e+08,0,2.5035e+07,-1.77341e+06,1.77341e+06,1.30243e+07
0,0,0,2.71115e+08,0,2.50384e+07,-1.77341e+06,1.77341e+06,1.30243e+07
0,0,0,2.71115e+08,0,2.50417e+07,-1.77341e+06,1.77341e+06,1.30243e+07
0,0,0,2.71115e+08,0,2.50451e+07,-1.77341e+06,1.77341e+06,1.30243e+07
0,0,0,2.71115e+08,0,2.61776e+07,-1.77341e+06,1.77341e+06,1.30243e+07
0,0,0,2.71115e+08,0,2.61811e+07,-1.77341e+06,1.77341e+06,1.30243e+07
0,0,0,2.71115e+08,0,2.61846e+07,-1.77341e+06,1.77341e+06,1.30243e+07
0,0,0,2.71115e+08,0,2.61881e+07,-1.77341e+06,1.77341e+06,1.30243e+07
0,0,0,2.71115e+08,0,2.61916e+07,-1.77341e+06,1.77341e+06,1.30243e+07
0,0,0,2.71115e+08,0,2.64099e+07,-1.77341e+06,1.77341e+06,1.30243e+07
0,0,0,2.71115e+08,0,2.64134e+07,-1.77341e+06,1.77341e+06,1.30243e+07
0,0,0,2.71115e+08,0,2.6417e+07,-1.77341e+06,1.77341e+06,1.30243e+07
0,0,0,2.71115e+08,0,2.64205e+07,-1.77341e+06,1.77341e+06,1.30243e+07
0,0,0,2.71115e+08,0,2.69892e+07,-1.77341e+06,1.77341e+06,1.30243e+07
0,0,0,2.71115e+08,0,2.69929e+07,-1.77341e+06,1.77341e+06,1.30243e+07
0,0,0,2.71115e+08,0,2.69965e+07,-1.77341e+06,1.77341e+06,1.30243e+07
0,0,0,2.71115e+08,0,2.70001e+07,-1.77341e+06,1.77341e+06,1.30243e+07
0,0,0,2.71115e+08,0,2.88558e+07,-1.77341e+06,1.77341e+06,1.30243e+07
0,0,0,2.71115e+08,0,2.88597e+07,-1.77341e+06,1.77341e+06,1.30243e+07
0,0,0,2.71115e+08,0,2.88636e+07,-1.77341e+06,1.77341e+06,1.30243e+07
0,0,0,2.71115e+08,0,2.88675e+07,-1.77341e+06,1.77341e+06,1.30243e+07
0,0,0,2.71115e+08,0,2.88714e+07,-1.77341e+06,1.77341e+06,1.30243e+07
0,0,0,2.71115e+08,0,2.78478e+07,-1.77341e+06,1.77341e+06,1.30243e+07
0,0,0,2.71115e+08,0,2.78516e+07,-1.77341e+06,1.77341e+06,1.30243e+07
0,0,0,2.71115e+08,0,2.78554e+07,-1.77341e+06,1.77341e+06,1.30243e+07
0,0,0,2.71115e+08,0,2.78591e+07,-1.77341e+06,1.77341e+06,1.30243e+07
0,0,0,2.71115e+08,0,2.69626e+07,-1.77341e+06,1.77341e+06,1.30243e+07
0,0,0,2.71115e+08,0,2.69662e+07,-1.77341e+06,1.77341e+06,1.30243e+07
0,0,0,2.71115e+08,0,2.69699e+07,-1.77341e+06,1.77341e+06,1.30243e+07
0,0,0,2.71115e+08,0,2.69735e+07,-1.77341e+06,1.77341e+06,1.30243e+07
0,0,0,2.71115e+08,0,2.48538e+07,-1.77341e+06,1.77341e+06,1.30243e+07
0,0,0,2.71115e+08,0,2.48571e+07,-1.77341e+06,1.77341e+06,1.30243e+07
0,0,0,2.71115e+08,0,2.48604e+07,-1.77341e+06,1.77341e+06,1.30243e+07
0,0,0,2.71115e+08,0,2.48637e+07,-1.77341e+06,1.77341e+06,1.30243e+07
0,0,0,2.71115e+08,0,2.48671e+07,-1.77341e+06,1.77341e+06,1.30243e+07
0,0,0,2.71115e+08,0,2.48671e+07,-1.77341e+06,1.77341e+06,1.30243e+07
0,0,0,2.71115e+08,4.25102e+07,2.55738e+07,-1.77341e+06,1.77341e+06,1.30243e+07
0,0,0,2.71115e+08,0,2.55771e+07,-1.77341e+06,1.77341e+06,1.30243e+07
0,0,0,2.71115e+08,0,2.55804e+07,-1.77341e+06,1.77341e+06,1.30243e+07
0,0,0,2.71115e+08,0,2.55836e+07,-1.77341e+06,1.77341e+06,1.30243e+07
0,0,0,2.71115e+08,0,2.80355e+07,-1.77341e+06,1.77341e+06,1.30243e+07
0,0,0,2.71115e+08,0,2.80391e+07,-1.77341e+06,1.77341e+06,1.30243e+07
0,0,0,2.71115e+08,0,2.80428e+07,-1.77341e+06,1.77341e+06,1.30243e+07
0,0,0,2.71115e+08,0,2.80464e+07,-1.77341e+06,1.77341e+06,1.30243e+07
0,0,0,2.71115e+08,0,2.46655e+07,-1.77341e+06,1.77341e+06,1.30243e+07
0,0,0,2.71115e+08,0,2.46686e+07,-1.77341e+06,1.77341e+06,1.30243e+07
0,0,0,2.71115e+08,0,2.46718e+07,-1.77341e+06,1.77341e+06,1.30243e+07
0,0,0,2.71115e+08,0,2.46749e+07,-1.77341e+06,1.77341e+06,1.30243e+07
0,0,0,2.71115e+08,0,2.46781e+07,-1.77341e+06,1.77341e+06,1.30243e+07
0,0,0,2.71115e+08,0,2.55214e+07,-1.77341e+06,1.77341e+06,1.30243e+07
0,0,0,2.71115e+08,0,2.55247e+07,-1.77341e+06,1.77341e+06,1.30243e+07
0,0,0,2.71115e+08,0,2.55279e+07,-1.77341e+06,1.77341e+06,1.30243e+07
0,0,0,2.71115e+08,0,2.55312e+07,-1.77341e+06,1.77341e+06,1.30243e+07
0,0,0,2.71115e+08,0,2.52069e+07,-1.77341e+06,1.77341e+06,1.30243e+07
0,0,0,2.71115e+08,0,2.52101e+07,-1.77341e+06,1.77341e+06,1.30243e+07
0,0,0,2.71115e+08,0,2.52134e+07,-1.77341e+06,1.77341e+06,1.30243e+07
0,0,0,2.71115e+08,0,2.52166e+07,-1.77341e+06,1.77341e+06,1.30243e+07
0,0,0,2.71115e+08,0,2.63577e+07,-1.77341e+06,1.77341e+06,1.30243e+07
0,0,0,2.71115e+08,0,2.63611e+07,-1.77341e+06,1.77341e+06,1.30243e+07
0,0,0,2.71115e+08,0,2.63645e+07,-1.77341e+06,1.77341e+06,1.30243e+07
0,0,0,2.71115e+08,0,2.63678e+07,-1.77341e+06,1.77341e+06,1.30243e+07
0,0,0,2.71115e+08,0,2.63712e+07,-1.77341e+06,1.77341e+06,1.30243e+07
0,0,0,2.71115e+08,0,2.6591e+07,-1.77341e+06,1.77341e+06,1.30243e+07
0,0,0,2.71115e+08,0,2.65944e+07,-1.77341e+06,1.77341e+06,1.30243e+07
0,0,0,2.71115e+08,0,2.65979e+07,-1.77341e+06,1.77341e+06,1.30243e+07
0,0,0,2.71115e+08,0,2.66013e+07,-1.77341e+06,1.77341e+06,1.30243e+07
0,0,0,2.71115e+08,0,2.71742e+07,-1.77341e+06,1.77341e+06,1.30243e+07
0,0,0,2.71115e+08,0,2.71778e+07,-1.77341e+06,1.77341e+06,1.30243e+07
0,0,0,2.71115e+08,0,2.71813e+07,-1.77341e+06,1.77341e+06,1.30243e+07
0,0,0,2.71115e+08,0,2.71848e+07,-1.77341e+06,1.77341e+06,1.30243e+07
0,0,0,2.71115e+08,0,2.90544e+07,-1.77341e+06,1.77341e+06,1.30243e+07
0,0,0,2.71115e+08,0,2.90581e+07,-1.77341e+06,1.77341e+06,1.30243e+07
0,0,0,2.71115e+08,0,2.90619e+07,-1.77341e+06,1.77341e+06,1.30243e+07
0,0,0,2.71115e+08,0,2.90657e+07,-1.77341e+06,1.77341e+06,1.30243e+07
0,0,0,2.71115e+08,0,2.90695e+07,-1.77341e+06,1.77341e+06,1.30243e+07
0,0,0,2.71115e+08,0,2.8038e+07,-1.77341e+06,1.77341e+06,1.30243e+07
0,0,0,2.71115e+08,0,2.80416e+07,-1.77341e+06,1.77341e+06,1.30243e+07
0,0,0,2.71115e+08,0,2.80453e+07,-1.77341e+06,1.77341e+06,1.30243e+07
0,0,0,2.71115e+08,0,2.80489e+07,-1.77341e+06,1.77341e+06,1.30243e+07
0,0,0,2.71115e+08,0,2.71455e+07,-1.77341e+06,1.77341e+06,1.30243e+07
0,0,0,2.71115e+08,0,2.7149e+07,-1.77341e+06,1.77341e+06,1.30243e+07
0,0,0,2.71115e+08,0,2.71525e+07,-1.77341e+06,1.77341e+06,1.30243e+07
0,0,0,2.71115e+08,0,2.7156e+07,-1.77341e+06,1.77341e+06,1.30243e+07
0,0,0,2.71115e+08,0,2.50202e+07,-1.77341e+06,1.77341e+06,1.30243e+07
0,0,0,2.71115e+08,0,2.50234e+07,-1.77341e+06,1.77341e+06,1.30243e+07
0,0,0,2.71115e+08,0,2.50266e+07,-1.77341e+06,1.77341e+06,1.30243e+07
0,0,0,2.71115e+08,0,2.50298e+07,-1.77341e+06,1.77341e+06,1.30243e+07
0,0,0,2.71115e+08,0,2.5033e+07,-1.77341e+06,1.77341e+06,1.30243e+07
0,0,0,2.71115e+08,4.25102e+07,2.57449e+07,-1.77341e+06,1.77341e+06,1.30243e+07
0,0,0,2.71115e+08,60,2.57481e+07,-1.77341e+06,1.77341e+06,1.30243e+07
0,0,0,2.71115e+08,0,2.57512e+07,-1.77341e+06,1.77341e+06,1.30243e+07
0,0,0,2.71115e+08,0,2.57544e+07,-1.77341e+06,1.77341e+06,1.30243e+07
0,0,0,2.71115e+08,0,2.82245e+07,-1.77341e+06,1.77341e+06,1.30243e+07
0,0,0,2.71115e+08,0,2.8228e+07,-1.77341e+06,1.77341e+06,1.30243e+07
0,0,0,2.71115e+08,0,2.82315e+07,-1.77341e+06,1.77341e+06,1.30243e+07
0,0,0,2.71115e+08,0,2.8235e+07,-1.77341e+06,1.77341e+06,1.30243e+07
0,0,0,2.71115e+08,0,2.48287e+07,-1.77341e+06,1.77341e+06,1.30243e+07
0,0,0,2.71115e+08,0,2.48317e+07,-1.77341e+06,1.77341e+06,1.30243e+07
0,0,0,2.71115e+08,0,2.48348e+07,-1.77341e+06,1.77341e+06,1.30243e+07
0,0,0,2.71115e+08,0,2.48378e+07,-1.77341e+06,1.77341e+06,1.30243e+07
0,0,0,2.71115e+08,0,2.48409e+07,-1.77341e+06,1.77341e+06,1.30243e+07
0,0,0,2.71115e+08,0,2.56903e+07,-1.77341e+06,1.77341e+06,1.30243e+07
0,0,0,2.71115e+08,0,2.56935e+07,-1.77341e+06,1.77341e+06,1.30243e+07
0,0,0,2.71115e+08,0,2.56966e+07,-1.77341e+06,1.77341e+06,1.30243e+07
0,0,0,2.71115e+08,0,2.56998e+07,-1.77341e+06,1.77341e+06,1.30243e+07
0,0,0,2.71115e+08,0,2.53729e+07,-1.77341e+06,1.77341e+06,1.30243e+07
0,0,0,2.71115e+08,0,2.53761e+07,-1.77341e+06,1.77341e+06,1.30243e+07
0,0,0,2.71115e+08,0,2.53792e+07,-1.77341e+06,1.77341e+06,1.30243e+07
0,0,0,2.71115e+08,0,2.53823e+07,-1.77341e+06,1.77341e+06,1.30243e+07
0,0,0,2.71115e+08,0,2.65316e+07,-1.77341e+06,1.77341e+06,1.30243e+07
0,0,0,2.71115e+08,0,2.65349e+07,-1.77341e+06,1.77341e+06,1.30243e+07
0,0,0,2.71115e+08,0,2.65382e+07,-1.77341e+06,1.77341e+06,1.30243e+07
0,0,0,2.71115e+08,0,2.65415e+07,-1.77341e+06,1.77341e+06,1.30243e+07
0,0,0,2.71115e+08,0,2.65447e+07,-1.77341e+06,1.77341e+06,1.30243e+07
0,0,0,2.71115e+08,0,2.6766e+07,-1.77341e+06,1.77341e+06,1.30243e+07
0,0,0,2.71115e+08,0,2.67693e+07,-1.77341e+06,1.77341e+06,1.30243e+07
0,0,0,2.71115e+08,0,2.67726e+07,-1.77341e+06,1.77341e+06,1.30243e+07
0,0,0,2.71115e+08,0,2.67759e+07,-1.77341e+06,1.77341e+06,1.30243e+07
0,0,0,2.71115e+08,0,2.73529e+07,-1.77341e+06,1.77341e+06,1.30243e+07
0,0,0,2.71115e+08,0,2.73563e+07,-1.77341e+06,1.77341e+06,1.30243e+07
0,0,0,2.71115e+08,0,2.73597e+07,-1.77341e+06,1.77341e+06,1.30243e+07
0,0,0,2.71115e+08,0,2.73631e+07,-1.77341e+06,1.77341e+06,1.30243e+07
0,0,0,2.71115e+08,0,2.92461e+07,-1.77341e+06,1.77341e+06,1.30243e+07
0,0,0,2.71115e+08,0,2.92498e+07,-1.77341e+06,1.77341e+06,1.30243e+07
0,0,0,2.71115e+08,0,2.92535e+07,-1.77341e+06,1.77341e+06,1.30243e+07
0,0,0,2.71115e+08,0,2.92571e+07,-1.77341e+06,1.77341e+06,1.30243e+07
0,0,0,2.71115e+08,0,2.92608e+07,-1.77341e+06,1.77341e+06,1.30243e+07
0,0,0,2.71115e+08,0,2.82216e+07,-1.77341e+06,1.77341e+06,1.30243e+07
0,0,0,2.71115e+08,0,2.82251e+07,-1.77341e+06,1.77341e+06,1.30243e+07
0,0,0,2.71115e+08,0,2.82286e+07,-1.77341e+06,1.77341e+06,1.30243e+07
0,0,0,2.71115e+08,0,2.82321e+07,-1.77341e+06,1.77341e+06,1.30243e+07
0,0,0,2.71115e+08,0,2.7322e+07,-1.77341e+06,1.77341e+06,1.30243e+07
0,0,0,2.71115e+08,0,2.73254e+07,-1.77341e+06,1.77341e+06,1.30243e+07
0,0,0,2.71115e+08,0,2.73288e+07,-1.77341e+06,1.77341e+06,1.30243e+07
0,0,0,2.71115e+08,0,2.73321e+07,-1.77341e+06,1.77341e+06,1.30243e+07
0,0,0,2.71115e+08,0,2.51808e+07,-1.77341e+06,1.77341e+06,1.30243e+07
0,0,0,2.71115e+08,0,2.51839e+07,-1.77341e+06,1.77341e+06,1.30243e+07
0,0,0,2.71115e+08,0,2.5187e+07,-1.77341e+06,1.77341e+06,1.30243e+07
0,0,0,2.71115e+08,0,2.51901e+07,-1.77341e+06,1.77341e+06,1.30243e+07
0,0,0,2.71115e+08,0,2.51932e+07,-1.77341e+06,1.77341e+06,1.30243e+07
0,0,0,2.71115e+08,4.25101e+07,2.591e+07,-1.77341e+06,1.77341e+06,1.30243e+07
0,0,0,2.71115e+08,0,2.59131e+07,-1.77341e+06,1.77341e+06,1.30243e+07
0,0,0,2.71115e+08,0,2.59161e+07,-1.77341e+06,1.77341e+06,1.30243e+07
0,0,0,2.71115e+08,0,2.59192e+07,-1.77341e+06,1.77341e+06,1.30243e+07
0,0,0,2.71115e+08,0,2.84068e+07,-1.77341e+06,1.77341e+06,1.30243e+07
0,0,0,2.71115e+08,0,2.84102e+07,-1.77341e+06,1.77341e+06,1.30243e+07
0,0,0,2.71115e+08,0,2.84135e+07,-1.77341e+06,1.77341e+06,1.30243e+07
0,0,0,2.71115e+08,0,2.84169e+07,-1.77341e+06,1.77341e+06,1.30243e+07
0,0,0,2.71115e+08,0,2.49862e+07,-1.77341e+06,1.77341e+06,1.30243e+07
0,0,0,2.71115e+08,0,2.49891e+07,-1.77341e+06,1.77341e+06,1.30243e+07
0,0,0,2.71115e+08,0,2.4992e+07,-1.77341e+06,1.77341e+06,1.30243e+07
0,0,0,2.71115e+08,0,2.4995e+07,-1.77341e+06,1.77341e+06,1.30243e+07
0,0,0,2.71115e+08,0,2.49979e+07,-1.77341e+06,1.77341e+06,1.30243e+07
0,0,0,2.71115e+08,0,2.58532e+07,-1.77341e+06,1.77341e+06,1.30243e+07
0,0,0,2.71115e+08,0,2.58563e+07,-1.77341e+06,1.77341e+06,1.30243e+07
0,0,0,2.71115e+08,0,2.58593e+07,-1.77341e+06,1.77341e+06,1.30243e+07
0,0,0,2.71115e+08,0,2.58624e+07,-1.77341e+06,1.77341e+06,1.30243e+07
0,0,0,2.71115e+08,0,2.55331e+07,-1.77341e+06,1.77341e+06,1.30243e+07
0,0,0,2.71115e+08,0,2.55361e+07,-1.77341e+06,1.77341e+06,1.30243e+07
0,0,0,2.71115e+08,0,2.55391e+07,-1.77341e+06,1.77341e+06,1.30243e+07
0,0,0,2.71115e+08,0,2.55421e+07,-1.77341e+06,1.77341e+06,1.30243e+07
0,0,0,2.71115e+08,0,2.66994e+07,-1.77341e+06,1.77341e+06,1.30243e+07
0,0,0,2.71115e+08,0,2.67026e+07,-1.77341e+06,1.77341e+06,1.30243e+07
0,0,0,2.71115e+08,0,2.67057e+07,-1.77341e+06,1.77341e+06,1.30243e+07
0,0,0,2.71115e+08,0,2.67089e+07,-1.77341e+06,1.77341e+06,1.30243e+07
0,0,0,2.71115e+08,0,2.6712e+07,-1.77341e+06,1.77341e+06,1.30243e+07
0,0,0,2.71115e+08,0,2.69347e+07,-1.77341e+06,1.77341e+06,1.30243e+07
0,0,0,2.71115e+08,0,2.69379e+07,-1.77341e+06,1.77341e+06,1.30243e+07
0,0,0,2.71115e+08,0,2.69411e+07,-1.77341e+06,1.77341e+06,1.30243e+07
0,0,0,2.71115e+08,0,2.69442e+07,-1.77341e+06,1.77341e+06,1.30243e+07
0,0,0,2.71115e+08,0,2.75251e+07,-1.77341e+06,1.77341e+06,1.30243e+07
0,0,0,2.71115e+08,0,2.75284e+07,-1.77341e+06,1.77341e+06,1.30243e+07
0,0,0,2.71115e+08,0,2.75317e+07,-1.77341e+06,1.77341e+06,1.30243e+07
0,0,0,2.71115e+08,0,2.75349e+07,-1.77341e+06,1.77341e+06,1.30243e+07
0,0,0,2.71115e+08,0,2.9431e+07,-1.77341e+06,1.77341e+06,1.30243e+07
0,0,0,2.71115e+08,0,2.94345e+07,-1.77341e+06,1.77341e+06,1.30243e+07
0,0,0,2.71115e+08,0,2.9438e+07,-1.77341e+06,1.77341e+06,1.30243e+07
0,0,0,2.71115e+08,0,2.94415e+07,-1.77341e+06,1.77341e+06,1.30243e+07
0,0,0,2.71115e+08,0,2.9445e+07,-1.77341e+06,1.77341e+06,1.30243e+07
0,0,0,2.71115e+08,0,2.83985e+07,-1.77341e+06,1.77341e+06,1.30243e+07
0,0,0,2.71115e+08,0,2.84019e+07,-1.77341e+06,1.77341e+06,1.30243e+07
0,0,0,2.71115e+08,0,2.84053e+07,-1.77341e+06,1.77341e+06,1.30243e+07
0,0,0,2.71115e+08,0,2.84087e+07,-1.77341e+06,1.77341e+06,1.30243e+07
0,0,0,2.71115e+08,0,2.74921e+07,-1.77341e+06,1.77341e+06,1.30243e+07
0,0,0,2.71115e+08,0,2.74953e+07,-1.77341e+06,1.77341e+06,1.30243e+07
0,0,0,2.71115e+08,0,2.74986e+07,-1.77341e+06,1.77341e+06,1.30243e+07
0,0,0,2.71115e+08,0,2.75018e+07,-1.77341e+06,1.77341e+06,1.30243e+07
0,0,0,2.71115e+08,0,2.53355e+07,-1.77341e+06,1.77341e+06,1.30243e+07
0,0,0,2.71115e+08,0,2.53385e+07,-1.77341e+06,1.77341e+06,1.30243e+07
0,0,0,2.71115e+08,0,2.53414e+07,-1.77341e+06,1.77341e+06,1.30243e+07
0,0,0,2.71115e+08,0,2.53444e+07,-1.77341e+06,1.77341e+06,1.30243e+07
0,0,0,2.71115e+08,0,2.53474e+07,-1.77341e+06,1.77341e+06,1.30243e+07
0,0,0,2.71115e+08,4.25101e+07,2.60691e+07,-1.77341e+06,1.77341e+06,1.30243e+07
0,0,0,2.71115e+08,0,2.6072e+07,-1.77341e+06,1.77341e+06,1.30243e+07
0,0,0,2.71115e+08,0,2.60749e+07,-1.77341e+06,1.77341e+06,1.30243e+07
0,0,0,2.71115e+08,0,2.60779e+07,-1.77341e+06,1.77341e+06,1.30243e+07
0,0,0,2.71115e+08,0,2.85823e+07,-1.77341e+06,1.77341e+06,1.30243e+07
0,0,0,2.71115e+08,0,2.85856e+07,-1.77341e+06,1.77341e+06,1.30243e+07
0,0,0,2.71115e+08,0,2.85888e+07,-1.77341e+06,1.77341e+06,1.30243e+07
0,0,0,2.71115e+08,0,2.85921e+07,-1.77341e+06,1.77341e+06,1.30243e+07
0,0,0,2.71115e+08,0,2.51378e+07,-1.77341e+06,1.77341e+06,1.30243e+07
0,0,0,2.71115e+08,0,2.51406e+07,-1.77341e+06,1.77341e+06,1.30243e+07
0,0,0,2.71115e+08,0,2.51434e+07,-1.77341e+06,1.77341e+06,1.30243e+07
0,0,0,2.71115e+08,0,2.51462e+07,-1.77341e+06,1.77341e+06,1.30243e+07
0,0,0,2.71115e+08,0,2.5149e+07,-1.77341e+06,1.77341e+06,1.30243e+07
0,0,0,2.71115e+08,0,2.601e+07,-1.77341e+06,1.77341e+06,1.30243e+07
0,0,0,2.71115e+08,0,2.60129e+07,-1.77341e+06,1.77341e+06,1.30243e+07
0,0,0,2.71115e+08,0,2.60159e+07,-1.77341e+06,1.77341e+06,1.30243e+07
0,0,0,2.71115e+08,0,2.60188e+07,-1.77341e+06,1.77341e+06,1.30243e+07
0,0,0,2.71115e+08,0,2.56871e+07,-1.77341e+06,1.77341e+06,1.30243e+07
0,0,0,2.71115e+08,0,2.569e+07,-1.77341e+06,1.77341e+06,1.30243e+07
0,0,0,2.71115e+08,0,2.56929e+07,-1.77341e+06,1.77341e+06,1.30243e+07
0,0,0,2.71115e+08,0,2.56958e+07,-1.77341e+06,1.77341e+06,1.30243e+07
0,0,0,2.71115e+08,0,2.68608e+07,-1.77341e+06,1.77341e+06,1.30243e+07
0,0,0,2.71115e+08,0,2.68638e+07,-1.77341e+06,1.77341e+06,1.30243e+07
0,0,0,2.71115e+08,0,2.68668e+07,-1.77341e+06,1.77341e+06,1.30243e+07
0,0,0,2.71115e+08,0,2.68698e+07,-1.77341e+06,1.77341e+06,1.30243e+07
0,0,0,2.71115e+08,0,2.68729e+07,-1.77341e+06,1.77341e+06,1.30243e+07
0,0,0,2.71115e+08,0,2.70969e+07,-1.77341e+06,1.77341e+06,1.30243e+07
0,0,0,2.71115e+08,0,2.70999e+07,-1.77341e+06,1.77341e+06,1.30243e+07
0,0,0,2.71115e+08,0,2.7103e+07,-1.77341e+06,1.77341e+06,1.30243e+07
0,0,0,2.71115e+08,0,2.7106e+07,-1.77341e+06,1.77341e+06,1.30243e+07
0,0,0,2.71115e+08,0,2.76907e+07,-1.77341e+06,1.77341e+06,1.30243e+07
0,0,0,2.71115e+08,0,2.76938e+07,-1.77341e+06,1.77341e+06,1.30243e+07
0,0,0,2.71115e+08,0,2.76969e+07,-1.77341e+06,1.77341e+06,1.30243e+07
0,0,0,2.71115e+08,0,2.77001e+07,-1.77341e+06,1.77341e+06,1.30243e+07
0,0,0,2.71115e+08,0,2.96086e+07,-1.77341e+06,1.77341e+06,1.30243e+07
0,0,0,2.71115e+08,0,2.9612e+07,-1.77341e+06,1.77341e+06,1.30243e+07
0,0,0,2.71115e+08,0,2.96153e+07,-1.77341e+06,1.77341e+06,1.30243e+07
0,0,0,2.71115e+08,0,2.96187e+07,-1.77341e+06,1.77341e+06,1.30243e+07
0,0,0,2.71115e+08,0,2.96221e+07,-1.77341e+06,1.77341e+06,1.30243e+07
0,0,0,2.71115e+08,0,2.85685e+07,-1.77341e+06,1.77341e+06,1.30243e+07
0,0,0,2.71115e+08,0,2.85717e+07,-1.77341e+06,1.77341e+06,1.30243e+07
0,0,0,2.71115e+08,0,2.8575e+07,-1.77341e+06,1.77341e+06,1.30243e+07
0,0,0,2.71115e+08,0,2.85782e+07,-1.77341e+06,1.77341e+06,1.30243e+07
0,0,0,2.71115e+08,0,2.76554e+07,-1.77341e+06,1.77341e+06,1.30243e+07
0,0,0,2.71115e+08,0,2.76585e+07,-1.77341e+06,1.77341e+06,1.30243e+07
0,0,0,2.71115e+08,0,2.76616e+07,-1.77341e+06,1.77341e+06,1.30243e+07
0,0,0,2.71115e+08,0,2.76648e+07,-1.77341e+06,1.77341e+06,1.30243e+07
0,0,0,2.71115e+08,0,2.5484e+07,-1.77341e+06,1.77341e+06,1.30243e+07
0,0,0,2.71115e+08,0,2.54869e+07,-1.77341e+06,1.77341e+06,1.30243e+07
0,0,0,2.71115e+08,0,2.54897e+07,-1.77341e+06,1.77341e+06,1.30243e+07
0,0,0,2.71115e+08,0,2.54926e+07,-1.77341e+06,1.77341e+06,1.30243e+07
0,0,0,2.71115e+08,0,2.54954e+07,-1.77341e+06,1.77341e+06,1.30243e+07
0,0,0,2.71115e+08,4.25101e+07,2.62217e+07,-1.77341e+06,1.77341e+06,1.30243e+07
0,0,0,2.71115e+08,0,2.62245e+07,-1.77341e+06,1.77341e+06,1.30243e+07
0,0,0,2.71115e+08,0,2.62273e+07,-1.77341e+06,1.77341e+06,1.30243e+07
0,0,0,2.71115e+08,0,2.62301e+07,-1.77341e+06,1.77341e+06,1.30243e+07
0,0,0,2.71115e+08,0,2.87508e+07,-1.77341e+06,1.77341e+06,1.30243e+07
0,0,0,2.71115e+08,0,2.87539e+07,-1.77341e+06,1.77341e+06,1.30243e+07
0,0,0,2.71115e+08,0,2.8757e+07,-1.77341e+06,1.77341e+06,1.30243e+07
0,0,0,2.71115e+08,0,2.87601e+07,-1.77341e+06,1.77341e+06,1.30243e+07
0,0,0,2.71115e+08,0,2.52832e+07,-1.77341e+06,1.77341e+06,1.30243e+07
0,0,0,2.71115e+08,0,2.52859e+07,-1.77341e+06,1.77341e+06,1.30243e+07
0,0,0,2.71115e+08,0,2.52886e+07,-1.77341e+06,1.77341e+06,1.30243e+07
0,0,0,2.71115e+08,0,2.52912e+07,-1.77341e+06,1.77341e+06,1.30243e+07
0,0,0,2.71115e+08,0,2.52939e+07,-1.77341e+06,1.77341e+06,1.30243e+07
0,0,0,2.71115e+08,0,2.61604e+07,-1.77341e+06,1.77341e+06,1.30243e+07
0,0,0,2.71115e+08,0,2.61632e+07,-1.77341e+06,1.77341e+06,1.30243e+07
0,0,0,2.71115e+08,0,2.6166e+07,-1.77341e+06,1.77341e+06,1.30243e+07
0,0,0,2.71115e+08,0,2.61688e+07,-1.77341e+06,1.77341e+06,1.30243e+07
0,0,0,2.71115e+08,0,2.58348e+07,-1.77341e+06,1.77341e+06,1.30243e+07
0,0,0,2.71115e+08,0,2.58376e+07,-1.77341e+06,1.77341e+06,1.30243e+07
0,0,0,2.71115e+08,0,2.58403e+07,-1.77341e+06,1.77341e+06,1.30243e+07
0,0,0,2.71115e+08,0,2.58431e+07,-1.77341e+06,1.77341e+06,1.30243e+07
0,0,0,2.71115e+08,0,2.70154e+07,-1.77341e+06,1.77341e+06,1.30243e+07
0,0,0,2.71115e+08,0,2.70183e+07,-1.77341e+06,1.77341e+06,1.30243e+07
0,0,0,2.71115e+08,0,2.70212e+07,-1.77341e+06,1.77341e+06,1.30243e+07
0,0,0,2.71115e+08,0,2.70241e+07,-1.77341e+06,1.77341e+06,1.30243e+07
0,0,0,2.71115e+08,0,2.7027e+07,-1.77341e+06,1.77341e+06,1.30243e+07
0,0,0,2.71115e+08,0,2.72523e+07,-1.77341e+06,1.77341e+06,1.30243e+07
0,0,0,2.71115e+08,0,2.72552e+07,-1.77341e+06,1.77341e+06,1.30243e+07
0,0,0,2.71115e+08,0,2.72581e+07,-1.77341e+06,1.77341e+06,1.30243e+07
0,0,0,2.71115e+08,0,2.72611e+07,-1.77341e+06,1.77341e+06,1.30243e+07
0,0,0,2.71115e+08,0,2.78492e+07,-1.77341e+06,1.77341e+06,1.30243e+07
0,0,0,2.71115e+08,0,2.78522e+07,-1.77341e+06,1.77341e+06,1.30243e+07
0,0,0,2.71115e+08,0,2.78552e+07,-1.77341e+06,1.77341e+06,1.30243e+07
0,0,0,2.71115e+08,0,2.78582e+07,-1.77341e+06,1.77341e+06,1.30243e+07
0,0,0,2.71115e+08,0,2.97787e+07,-1.77341e+06,1.77341e+06,1.30243e+07
0,0,0,2.71115e+08,0,2.97819e+07,-1.77341e+06,1.77341e+06,1.30243e+07
0,0,0,2.71115e+08,0,2.97852e+07,-1.77341e+06,1.77341e+06,1.30243e+07
0,0,0,2.71115e+08,0,2.97884e+07,-1.77341e+06,1.77341e+06,1.30243e+07
0,0,0,2.71115e+08,0,2.97916e+07,-1.77341e+06,1.77341e+06,1.30243e+07
0,0,0,2.71115e+08,0,2.87312e+07,-1.77341e+06,1.77341e+06,1.30243e+07
0,0,0,2.71115e+08,0,2.87343e+07,-1.77341e+06,1.77341e+06,1.30243e+07
0,0,0,2.71115e+08,0,2.87374e+07,-1.77341e+06,1.77341e+06,1.30243e+07
0,0,0,2.71115e+08,0,2.87405e+07,-1.77341e+06,1.77341e+06,1.30243e+07
0,0,0,2.71115e+08,0,2.78117e+07,-1.77341e+06,1.77341e+06,1.30243e+07
0,0,0,2.71115e+08,0,2.78147e+07,-1.77341e+06,1.77341e+06,1.30243e+07
0,0,0,2.71115e+08,0,2.78177e+07,-1.77341e+06,1.77341e+06,1.30243e+07
0,0,0,2.71115e+08,0,2.78207e+07,-1.77341e+06,1.77341e+06,1.30243e+07
0,0,0,2.71115e+08,0,2.56261e+07,-1.77341e+06,1.77341e+06,1.30243e+07
0,0,0,2.71115e+08,0,2.56289e+07,-1.77341e+06,1.77341e+06,1.30243e+07
0,0,0,2.71115e+08,0,2.56316e+07,-1.77341e+06,1.77341e+06,1.30243e+07
0,0,0,2.71115e+08,0,2.56343e+07,-1.77341e+06,1.77341e+06,1.30243e+07
0,0,0,2.71115e+08,0,2.56371e+07,-1.77341e+06,1.77341e+06,1.30243e+07
0,0,0,2.71115e+08,0,2.63677e+07,-1.77341e+06,1.77341e+06,1.30243e+07
0,0,0,2.71115e+08,4.25101e+07,2.63704e+07,-1.77341e+06,1.77341e+06,1.30243e+07
0,0,0,2.71115e+08,0,2.63731e+07,-1.77341e+06,1.77341e+06,1.30243e+07
0,0,0,2.71115e+08,0,2.63757e+07,-1.77341e+06,1.77341e+06,1.30243e+07
0,0,0,2.71115e+08,0,2.89119e+07,-1.77341e+06,1.77341e+06,1.30243e+07
0,0,0,2.71115e+08,0,2.89148e+07,-1.77341e+06,1.77341e+06,1.30243e+07
0,0,0,2.71115e+08,0,2.89178e+07,-1.77341e+06,1.77341e+06,1.30243e+07
0,0,0,2.71115e+08,0,2.89208e+07,-1.77341e+06,1.77341e+06,1.30243e+07
0,0,0,2.71115e+08,0,2.54222e+07,-1.77341e+06,1.77341e+06,1.30243e+07
0,0,0,2.71115e+08,0,2.54248e+07,-1.77341e+06,1.77341e+06,1.30243e+07
0,0,0,2.71115e+08,0,2.54273e+07,-1.77341e+06,1.77341e+06,1.30243e+07
0,0,0,2.71115e+08,0,2.54299e+07,-1.77341e+06,1.77341e+06,1.30243e+07
0,0,0,2.71115e+08,0,2.54325e+07,-1.77341e+06,1.77341e+06,1.30243e+07
0,0,0,2.71115e+08,0,2.63041e+07,-1.77341e+06,1.77341e+06,1.30243e+07
0,0,0,2.71115e+08,0,2.63068e+07,-1.77341e+06,1.77341e+06,1.30243e+07
0,0,0,2.71115e+08,0,2.63094e+07,-1.77341e+06,1.77341e+06,1.30243e+07
0,0,0,2.71115e+08,0,2.63121e+07,-1.77341e+06,1.77341e+06,1.30243e+07
0,0,0,2.71115e+08,0,2.5976e+07,-1.77341e+06,1.77341e+06,1.30243e+07
0,0,0,2.71115e+08,0,2.59786e+07,-1.77341e+06,1.77341e+06,1.30243e+07
0,0,0,2.71115e+08,0,2.59812e+07,-1.77341e+06,1.77341e+06,1.30243e+07
0,0,0,2.71115e+08,0,2.59839e+07,-1.77341e+06,1.77341e+06,1.30243e+07
0,0,0,2.71115e+08,0,2.71632e+07,-1.77341e+06,1.77341e+06,1.30243e+07
0,0,0,2.71115e+08,0,2.71659e+07,-1.77341e+06,1.77341e+06,1.30243e+07
0,0,0,2.71115e+08,0,2.71687e+07,-1.77341e+06,1.77341e+06,1.30243e+07
0,0,0,2.71115e+08,0,2.71715e+07,-1.77341e+06,1.77341e+06,1.30243e+07
0,0,0,2.71115e+08,0,2.71742e+07,-1.77341e+06,1.77341e+06,1.30243e+07
0,0,0,2.71115e+08,0,2.74007e+07,-1.77341e+06,1.77341e+06,1.30243e+07
0,0,0,2.71115e+08,0,2.74035e+07,-1.77341e+06,1.77341e+06,1.30243e+07
0,0,0,2.71115e+08,0,2.74063e+07,-1.77341e+06,1.77341e+06,1.30243e+07
0,0,0,2.71115e+08,0,2.74091e+07,-1.77341e+06,1.77341e+06,1.30243e+07
0,0,0,2.71115e+08,0,2.80007e+07,-1.77341e+06,1.77341e+06,1.30243e+07
0,0,0,2.71115e+08,0,2.80035e+07,-1.77341e+06,1.77341e+06,1.30243e+07
0,0,0,2.71115e+08,0,2.80064e+07,-1.77341e+06,1.77341e+06,1.30243e+07
0,0,0,2.71115e+08,0,2.80093e+07,-1.77341e+06,1.77341e+06,1.30243e+07
0,0,0,2.71115e+08,0,2.99411e+07,-1.77341e+06,1.77341e+06,1.30243e+07
0,0,0,2.71115e+08,0,2.99442e+07,-1.77341e+06,1.77341e+06,1.30243e+07
0,0,0,2.71115e+08,0,2.99473e+07,-1.77341e+06,1.77341e+06,1.30243e+07
0,0,0,2.71115e+08,0,2.99504e+07,-1.77341e+06,1.77341e+06,1.30243e+07
0,0,0,2.71115e+08,0,2.99534e+07,-1.77341e+06,1.77341e+06,1.30243e+07
0,0,0,2.71115e+08,0,2.88865e+07,-1.77341e+06,1.77341e+06,1.30243e+07
0,0,0,2.71115e+08,0,2.88895e+07,-1.77341e+06,1.77341e+06,1.30243e+07
0,0,0,2.71115e+08,0,2.88924e+07,-1.77341e+06,1.77341e+06,1.30243e+07
0,0,0,2.71115e+08,0,2.88954e+07,-1.77341e+06,1.77341e+06,1.30243e+07
0,0,0,2.71115e+08,0,2.79609e+07,-1.77341e+06,1.77341e+06,1.30243e+07
0,0,0,2.71115e+08,0,2.79638e+07,-1.77341e+06,1.77341e+06,1.30243e+07
0,0,0,2.71115e+08,0,2.79666e+07,-1.77341e+06,1.77341e+06,1.30243e+07
0,0,0,2.71115e+08,0,2.79695e+07,-1.77341e+06,1.77341e+06,1.30243e+07
0,0,0,2.71115e+08,0,2.57617e+07,-1.77341e+06,1.77341e+06,1.30243e+07
0,0,0,2.71115e+08,0,2.57643e+07,-1.77341e+06,1.77341e+06,1.30243e+07
0,0,0,2.71115e+08,0,2.5767e+07,-1.77341e+06,1.77341e+06,1.30243e+07
0,0,0,2.71115e+08,0,2.57696e+07,-1.77341e+06,1.77341e+06,1.30243e+07
0,0,0,2.71115e+08,0,2.57722e+07,-1.77341e+06,1.77341e+06,1.30243e+07
0,0,0,2.71115e+08,0,2.57722e+07,-1.77341e+06,1.77341e+06,1.30243e+07
0,0,0,2.71115e+08,0,2.6507e+07,-1.77341e+06,1.77341e+06,1.30243e+07
0,0,0,2.71115e+08,0,2.65095e+07,-1.77341e+06,1.77341e+06,1.30243e+07
0,0,0,2.71115e+08,0,2.65121e+07,-1.77341e+06,1.77341e+06,1.30243e+07
0,0,0,2.71115e+08,0,2.65146e+07,-1.77341e+06,1.77341e+06,1.30243e+07
0,0,0,2.71115e+08,0,2.90655e+07,-1.77341e+06,1.77341e+06,1.30243e+07
0,0,0,2.71115e+08,0,2.90683e+07,-1.77341e+06,1.77341e+06,1.30243e+07
0,0,0,2.71115e+08,0,2.90711e+07,-1.77341e+06,1.77341e+06,1.30243e+07
0,0,0,2.71115e+08,0,2.9074e+07,-1.77341e+06,1.77341e+06,1.30243e+07
0,0,0,2.71115e+08,0,2.55548e+07,-1.77341e+06,1.77341e+06,1.30243e+07
0,0,0,2.71115e+08,0,2.55572e+07,-1.77341e+06,1.77341e+06,1.30243e+07
0,0,0,2.71115e+08,0,2.55597e+07,-1.77341e+06,1.77341e+06,1.30243e+07
0,0,0,2.71115e+08,0,2.55621e+07,-1.77341e+06,1.77341e+06,1.30243e+07
0,0,0,2.71115e+08,0,2.55646e+07,-1.77341e+06,1.77341e+06,1.30243e+07
0,0,0,2.71115e+08,0,2.64411e+07,-1.77341e+06,1.77341e+06,1.30243e+07
0,0,0,2.71115e+08,0,2.64437e+07,-1.77341e+06,1.77341e+06,1.30243e+07
0,0,0,2.71115e+08,0,2.64462e+07,-1.77341e+06,1.77341e+06,1.30243e+07
0,0,0,2.71115e+08,0,2.64487e+07,-1.77341e+06,1.77341e+06,1.30243e+07
0,0,0,2.71115e+08,0,2.61105e+07,-1.77341e+06,1.77341e+06,1.30243e+07
0,0,0,2.71115e+08,0,2.6113e+07,-1.77341e+06,1.77341e+06,1.30243e+07
0,0,0,2.71115e+08,0,2.61155e+07,-1.77341e+06,1.77341e+06,1.30243e+07
0,0,0,2.71115e+08,0,2.6118e+07,-1.77341e+06,1.77341e+06,1.30243e+07
0,0,0,2.71115e+08,0,2.7304e+07,-1.77341e+06,1.77341e+06,1.30243e+07
0,0,0,2.71115e+08,0,2.73066e+07,-1.77341e+06,1.77341e+06,1.30243e+07
0,0,0,2.71115e+08,0,2.73092e+07,-1.77341e+06,1.77341e+06,1.30243e+07
0,0,0,2.71115e+08,0,2.73119e+07,-1.77341e+06,1.77341e+06,1.30243e+07
0,0,0,2.71115e+08,0,2.73145e+07,-1.77341e+06,1.77341e+06,1.30243e+07
0,0,0,2.71115e+08,0,2.75421e+07,-1.77341e+06,1.77341e+06,1.30243e+07
0,0,0,2.71115e+08,0,2.75448e+07,-1.77341e+06,1.77341e+06,1.30243e+07
0,0,0,2.71115e+08,0,2.75475e+07,-1.77341e+06,1.77341e+06,1.30243e+07
0,0,0,2.71115e+08,0,2.75501e+07,-1.77341e+06,1.77341e+06,1.30243e+07
0,0,0,2.71115e+08,0,2.81449e+07,-1.77341e+06,1.77341e+06,1.30243e+07
0,0,0,2.71115e+08,0,2.81476e+07,-1.77341e+06,1.77341e+06,1.30243e+07
0,0,0,2.71115e+08,0,2.81504e+07,-1.77341e+06,1.77341e+06,1.30243e+07
0,0,0,2.71115e+08,0,2.81531e+07,-1.77341e+06,1.77341e+06,1.30243e+07
0,0,0,2.71115e+08,0,3.00958e+07,-1.77341e+06,1.77341e+06,1.30243e+07
0,0,0,2.71115e+08,0,3.00987e+07,-1.77341e+06,1.77341e+06,1.30243e+07
0,0,0,2.71115e+08,0,3.01016e+07,-1.77341e+06,1.77341e+06,1.30243e+07
0,0,0,2.71115e+08,0,3.01046e+07,-1.77341e+06,1.77341e+06,1.30243e+07
0,0,0,2.71115e+08,0,3.01075e+07,-1.77341e+06,1.77341e+06,1.30243e+07
0,0,0,2.71115e+08,0,2.90343e+07,-1.77341e+06,1.77341e+06,1.30243e+07
0,0,0,2.71115e+08,0,2.90372e+07,-1.77341e+06,1.77341e+06,1.30243e+07
0,0,0,2.71115e+08,0,2.904e+07,-1.77341e+06,1.77341e+06,1.30243e+07
0,0,0,2.71115e+08,0,2.90428e+07,-1.77341e+06,1.77341e+06,1.30243e+07
0,0,0,2.71115e+08,0,2.81029e+07,-1.77341e+06,1.77341e+06,1.30243e+07
0,0,0,2.71115e+08,0,2.81056e+07,-1.77341e+06,1.77341e+06,1.30243e+07
0,0,0,2.71115e+08,0,2.81083e+07,-1.77341e+06,1.77341e+06,1.30243e+07
0,0,0,2.71115e+08,0,2.8111e+07,-1.77341e+06,1.77341e+06,1.30243e+07
0,0,0,2.71115e+08,0,2.58908e+07,-1.77341e+06,1.77341e+06,1.30243e+07
0,0,0,2.71115e+08,0,2.58933e+07,-1.77341e+06,1.77341e+06,1.30243e+07
0,0,0,2.71115e+08,0,2.58957e+07,-1.77341e+06,1.77341e+06,1.30243e+07
0,0,0,2.71115e+08,0,2.58982e+07,-1.77341e+06,1.77341e+06,1.30243e+07
0,0,0,2.71115e+08,0,2.59007e+07,-1.77341e+06,1.77341e+06,1.30243e+07
0,0,0,2.71115e+08,0,2.66395e+07,-1.77341e+06,1.77341e+06,1.30243e+07
0,0,0,2.71115e+08,0,2.66419e+07,-1.77341e+06,1.77341e+06,1.30243e+07
0,0,0,2.71115e+08,0,2.66443e+07,-1.77341e+06,1.77341e+06,1.30243e+07
0,0,0,2.71115e+08,0,2.66467e+07,-1.77341e+06,1.77341e+06,1.30243e+07
0,0,0,2.71115e+08,0,2.92116e+07,-1.77341e+06,1.77341e+06,1.30243e+07
0,0,0,2.71115e+08,0,2.92143e+07,-1.77341e+06,1.77341e+06,1.30243e+07
0,0,0,2.71115e+08,0,2.9217e+07,-1.77341e+06,1.77341e+06,1.30243e+07
0,0,0,2.71115e+08,0,2.92196e+07,-1.77341e+06,1.77341e+06,1.30243e+07
0,0,0,2.71115e+08,0,2.56808e+07,-1.77341e+06,1.77341e+06,1.30243e+07
0,0,0,2.71115e+08,0,2.56832e+07,-1.77341e+06,1.77341e+06,1.30243e+07
0,0,0,2.71115e+08,0,2.56855e+07,-1.77341e+06,1.77341e+06,1.30243e+07
0,0,0,2.71115e+08,0,2.56878e+07,-1.77341e+06,1.77341e+06,1.30243e+07
0,0,0,2.71115e+08,0,2.56901e+07,-1.77341e+06,1.77341e+06,1.30243e+07
0,0,0,2.71115e+08,0,2.65713e+07,-1.77341e+06,1.77341e+06,1.30243e+07
0,0,0,2.71115e+08,0,2.65738e+07,-1.77341e+06,1.77341e+06,1.30243e+07
0,0,0,2.71115e+08,0,2.65762e+07,-1.77341e+06,1.77341e+06,1.30243e+07
0,0,0,2.71115e+08,0,2.65786e+07,-1.77341e+06,1.77341e+06,1.30243e+07
0,0,0,2.71115e+08,0,2.62383e+07,-1.77341e+06,1.77341e+06,1.30243e+07
0,0,0,2.71115e+08,0,2.62407e+07,-1.77341e+06,1.77341e+06,1.30243e+07
0,0,0,2.71115e+08,0,2.62431e+07,-1.77341e+06,1.77341e+06,1.30243e+07
0,0,0,2.71115e+08,0,2.62455e+07,-1.77341e+06,1.77341e+06,1.30243e+07
0,0,0,2.71115e+08,0,2.74378e+07,-1.77341e+06,1.77341e+06,1.30243e+07
0,0,0,2.71115e+08,0,2.74402e+07,-1.77341e+06,1.77341e+06,1.30243e+07
0,0,0,2.71115e+08,0,2.74427e+07,-1.77341e+06,1.77341e+06,1.30243e+07
0,0,0,2.71115e+08,0,2.74452e+07,-1.77341e+06,1.77341e+06,1.30243e+07
0,0,0,2.71115e+08,0,2.74477e+07,-1.77341e+06,1.77341e+06,1.30243e+07
0,0,0,2.71115e+08,0,2.76765e+07,-1.77341e+06,1.77341e+06,1.30243e+07
0,0,0,2.71115e+08,0,2.7679e+07,-1.77341e+06,1.77341e+06,1.30243e+07
0,0,0,2.71115e+08,0,2.76815e+07,-1.77341e+06,1.77341e+06,1.30243e+07
0,0,0,2.71115e+08,0,2.7684e+07,-1.77341e+06,1.77341e+06,1.30243e+07
0,0,0,2.71115e+08,0,2.82819e+07,-1.77341e+06,1.77341e+06,1.30243e+07
0,0,0,2.71115e+08,0,2.82844e+07,-1.77341e+06,1.77341e+06,1.30243e+07
0,0,0,2.71115e+08,0,2.8287e+07,-1.77341e+06,1.77341e+06,1.30243e+07
0,0,0,2.71115e+08,0,2.82896e+07,-1.77341e+06,1.77341e+06,1.30243e+07
0,0,0,2.71115e+08,0,3.02426e+07,-1.77341e+06,1.77341e+06,1.30243e+07
0,0,0,2.71115e+08,0,3.02454e+07,-1.77341e+06,1.77341e+06,1.30243e+07
0,0,0,2.71115e+08,0,3.02481e+07,-1.77341e+06,1.77341e+06,1.30243e+07
0,0,0,2.71115e+08,0,3.02509e+07,-1.77341e+06,1.77341e+06,1.30243e+07
0,0,0,2.71115e+08,0,3.02537e+07,-1.77341e+06,1.77341e+06,1.30243e+07
0,0,0,2.71115e+08,0,2.91746e+07,-1.77341e+06,1.77341e+06,1.30243e+07
0,0,0,2.71115e+08,0,2.91773e+07,-1.77341e+06,1.77341e+06,1.30243e+07
0,0,0,2.71115e+08,0,2.918e+07,-1.77341e+06,1.77341e+06,1.30243e+07
0,0,0,2.71115e+08,0,2.91826e+07,-1.77341e+06,1.77341e+06,1.30243e+07
0,0,0,2.71115e+08,0,2.82376e+07,-1.77341e+06,1.77341e+06,1.30243e+07
0,0,0,2.71115e+08,0,2.82402e+07,-1.77341e+06,1.77341e+06,1.30243e+07
0,0,0,2.71115e+08,0,2.82427e+07,-1.77341e+06,1.77341e+06,1.30243e+07
0,0,0,2.71115e+08,0,2.82453e+07,-1.77341e+06,1.77341e+06,1.30243e+07
0,0,0,2.71115e+08,0,2.60132e+07,-1.77341e+06,1.77341e+06,1.30243e+07
0,0,0,2.71115e+08,0,2.60155e+07,-1.77341e+06,1.77341e+06,1.30243e+07
0,0,0,2.71115e+08,0,2.60179e+07,-1.77341e+06,1.77341e+06,1.30243e+07
0,0,0,2.71115e+08,0,2.60202e+07,-1.77341e+06,1.77341e+06,1.30243e+07
0,0,0,2.71115e+08,0,2.60226e+07,-1.77341e+06,1.77341e+06,1.30243e+07
0,0,0,2.71115e+08,0,2.67651e+07,-1.77341e+06,1.77341e+06,1.30243e+07
0,0,0,2.71115e+08,0,2.67673e+07,-1.77341e+06,1.77341e+06,1.30243e+07
0,0,0,2.71115e+08,0,2.67696e+07,-1.77341e+06,1.77341e+06,1.30243e+07
0,0,0,2.71115e+08,0,2.67719e+07,-1.77341e+06,1.77341e+06,1.30243e+07
0,0,0,2.71115e+08,0,2.93501e+07,-1.77341e+06,1.77341e+06,1.30243e+07
0,0,0,2.71115e+08,0,2.93526e+07,-1.77341e+06,1.77341e+06,1.30243e+07
0,0,0,2.71115e+08,0,2.93551e+07,-1.77341e+06,1.77341e+06,1.30243e+07
0,0,0,2.71115e+08,0,2.93577e+07,-1.77341e+06,1.77341e+06,1.30243e+07
0,0,0,2.71115e+08,0,2.58003e+07,-1.77341e+06,1.77341e+06,1.30243e+07
0,0,0,2.71115e+08,0,2.58024e+07,-1.77341e+06,1.77341e+06,1.30243e+07
0,0,0,2.71115e+08,0,2.58046e+07,-1.77341e+06,1.77341e+06,1.30243e+07
0,0,0,2.71115e+08,0,2.58068e+07,-1.77341e+06,1.77341e+06,1.30243e+07
0,0,0,2.71115e+08,0,2.5809e+07,-1.77341e+06,1.77341e+06,1.30243e+07
0,0,0,2.71115e+08,0,2.66947e+07,-1.77341e+06,1.77341e+06,1.30243e+07
0,0,0,2.71115e+08,0,2.66969e+07,-1.77341e+06,1.77341e+06,1.30243e+07
0,0,0,2.71115e+08,0,2.66992e+07,-1.77341e+06,1.77341e+06,1.30243e+07
0,0,0,2.71115e+08,0,2.67015e+07,-1.77341e+06,1.77341e+06,1.30243e+07
0,0,0,2.71115e+08,0,2.63594e+07,-1.77341e+06,1.77341e+06,1.30243e+07
0,0,0,2.71115e+08,0,2.63616e+07,-1.77341e+06,1.77341e+06,1.30243e+07
0,0,0,2.71115e+08,0,2.63638e+07,-1.77341e+06,1.77341e+06,1.30243e+07
0,0,0,2.71115e+08,0,2.63661e+07,-1.77341e+06,1.77341e+06,1.30243e+07
0,0,0,2.71115e+08,0,2.75643e+07,-1.77341e+06,1.77341e+06,1.30243e+07
0,0,0,2.71115e+08,0,2.75667e+07,-1.77341e+06,1.77341e+06,1.30243e+07
0,0,0,2.71115e+08,0,2.7569e+07,-1.77341e+06,1.77341e+06,1.30243e+07
0,0,0,2.71115e+08,0,2.75714e+07,-1.77341e+06,1.77341e+06,1.30243e+07
0,0,0,2.71115e+08,0,2.75738e+07,-1.77341e+06,1.77341e+06,1.30243e+07
0,0,0,2.71115e+08,0,2.78035e+07,-1.77341e+06,1.77341e+06,1.30243e+07
0,0,0,2.71115e+08,0,2.78059e+07,-1.77341e+06,1.77341e+06,1.30243e+07
0,0,0,2.71115e+08,0,2.78082e+07,-1.77341e+06,1.77341e+06,1.30243e+07
0,0,0,2.71115e+08,0,2.78106e+07,-1.77341e+06,1.77341e+06,1.30243e+07
0,0,0,2.71115e+08,0,2.84114e+07,-1.77341e+06,1.77341e+06,1.30243e+07
0,0,0,2.71115e+08,0,2.84138e+07,-1.77341e+06,1.77341e+06,1.30243e+07
0,0,0,2.71115e+08,0,2.84162e+07,-1.77341e+06,1.77341e+06,1.30243e+07
0,0,0,2.71115e+08,0,2.84187e+07,-1.77341e+06,1.77341e+06,1.30243e+07
0,0,0,2.71115e+08,0,3.03813e+07,-1.77341e+06,1.77341e+06,1.30243e+07
0,0,0,2.71115e+08,0,3.0384e+07,-1.77341e+06,1.77341e+06,1.30243e+07
0,0,0,2.71115e+08,0,3.03866e+07,-1.77341e+06,1.77341e+06,1.30243e+07
0,0,0,2.71115e+08,0,3.03892e+07,-1.77341e+06,1.77341e+06,1.30243e+07
0,0,0,2.71115e+08,0,3.03918e+07,-1.77341e+06,1.77341e+06,1.30243e+07
0,0,0,2.71115e+08,0,2.93072e+07,-1.77341e+06,1.77341e+06,1.30243e+07
0,0,0,2.71115e+08,0,2.93097e+07,-1.77341e+06,1.77341e+06,1.30243e+07
0,0,0,2.71115e+08,0,2.93122e+07,-1.77341e+06,1.77341e+06,1.30243e+07
0,0,0,2.71115e+08,0,2.93147e+07,-1.77341e+06,1.77341e+06,1.30243e+07
0,0,0,2.71115e+08,0,2.83648e+07,-1.77341e+06,1.77341e+06,1.30243e+07
0,0,0,2.71115e+08,0,2.83672e+07,-1.77341e+06,1.77341e+06,1.30243e+07
0,0,0,2.71115e+08,0,2.83697e+07,-1.77341e+06,1.77341e+06,1.30243e+07
0,0,0,2.71115e+08,0,2.83721e+07,-1.77341e+06,1.77341e+06,1.30243e+07
0,0,0,2.71115e+08,0,2.61287e+07,-1.77341e+06,1.77341e+06,1.30243e+07
0,0,0,2.71115e+08,0,2.61309e+07,-1.77341e+06,1.77341e+06,1.30243e+07
0,0,0,2.71115e+08,0,2.61331e+07,-1.77341e+06,1.77341e+06,1.30243e+07
0,0,0,2.71115e+08,0,2.61353e+07,-1.77341e+06,1.77341e+06,1.30243e+07
0,0,0,2.71115e+08,0,2.61375e+07,-1.77341e+06,1.77341e+06,1.30243e+07
0,0,0,2.71115e+08,0,2.68836e+07,-1.77341e+06,1.77341e+06,1.30243e+07
0,0,0,2.71115e+08,0,2.68857e+07,-1.77341e+06,1.77341e+06,1.30243e+07
0,0,0,2.71115e+08,0,2.68879e+07,-1.77341e+06,1.77341e+06,1.30243e+07
0,0,0,2.71115e+08,0,2.689e+07,-1.77341e+06,1.77341e+06,1.30243e+07
0,0,0,2.71115e+08,0,2.94807e+07,-1.77341e+06,1.77341e+06,1.30243e+07
0,0,0,2.71115e+08,0,2.94831e+07,-1.77341e+06,1.77341e+06,1.30243e+07
0,0,0,2.71115e+08,0,2.94855e+07,-1.77341e+06,1.77341e+06,1.30243e+07
0,0,0,2.71115e+08,0,2.94878e+07,-1.77341e+06,1.77341e+06,1.30243e+07
0,0,0,2.71115e+08,0,2.59129e+07,-1.77341e+06,1.77341e+06,1.30243e+07
0,0,0,2.71115e+08,0,2.59149e+07,-1.77341e+06,1.77341e+06,1.30243e+07
0,0,0,2.71115e+08,0,2.5917e+07,-1.77341e+06,1.77341e+06,1.30243e+07
0,0,0,2.71115e+08,0,2.5919e+07,-1.77341e+06,1.77341e+06,1.30243e+07
0,0,0,2.71115e+08,0,2.59211e+07,-1.77341e+06,1.77341e+06,1.30243e+07
0,0,0,2.71115e+08,0,2.68109e+07,-1.77341e+06,1.77341e+06,1.30243e+07
0,0,0,2.71115e+08,0,2.6813e+07,-1.77341e+06,1.77341e+06,1.30243e+07
0,0,0,2.71115e+08,0,2.68152e+07,-1.77341e+06,1.77341e+06,1.30243e+07
0,0,0,2.71115e+08,0,2.68173e+07,-1.77341e+06,1.77341e+06,1.30243e+07
0,0,0,2.71115e+08,0,2.64734e+07,-1.77341e+06,1.77341e+06,1.30243e+07
0,0,0,2.71115e+08,0,2.64755e+07,-1.77341e+06,1.77341e+06,1.30243e+07
0,0,0,2.71115e+08,0,2.64776e+07,-1.77341e+06,1.77341e+06,1.30243e+07
0,0,0,2.71115e+08,0,2.64797e+07,-1.77341e+06,1.77341e+06,1.30243e+07
0,0,0,2.71115e+08,0,2.76836e+07,-1.77341e+06,1.77341e+06,1.30243e+07
0,0,0,2.71115e+08,0,2.76858e+07,-1.77341e+06,1.77341e+06,1.30243e+07
0,0,0,2.71115e+08,0,2.7688e+07,-1.77341e+06,1.77341e+06,1.30243e+07
0,0,0,2.71115e+08,0,2.76902e+07,-1.77341e+06,1.77341e+06,1.30243e+07
0,0,0,2.71115e+08,0,2.76924e+07,-1.77341e+06,1.77341e+06,1.30243e+07
0,0,0,2.71115e+08,0,2.79231e+07,-1.77341e+06,1.77341e+06,1.30243e+07
0,0,0,2.71115e+08,0,2.79253e+07,-1.77341e+06,1.77341e+06,1.30243e+07
0,0,0,2.71115e+08,0,2.79276e+07,-1.77341e+06,1.77341e+06,1.30243e+07
0,0,0,2.71115e+08,0,2.79298e+07,-1.77341e+06,1.77341e+06,1.30243e+07
0,0,0,2.71115e+08,0,2.85332e+07,-1.77341e+06,1.77341e+06,1.30243e+07
0,0,0,2.71115e+08,0,2.85355e+07,-1.77341e+06,1.77341e+06,1.30243e+07
0,0,0,2.71115e+08,0,2.85378e+07,-1.77341e+06,1.77341e+06,1.30243e+07
0,0,0,2.71115e+08,0,2.85401e+07,-1.77341e+06,1.77341e+06,1.30243e+07
0,0,0,2.71115e+08,0,3.05119e+07,-1.77341e+06,1.77341e+06,1.30243e+07
0,0,0,2.71115e+08,0,3.05144e+07,-1.77341e+06,1.77341e+06,1.30243e+07
0,0,0,2.71115e+08,0,3.05168e+07,-1.77341e+06,1.77341e+06,1.30243e+07
0,0,0,2.71115e+08,0,3.05193e+07,-1.77341e+06,1.77341e+06,1.30243e+07
0,0,0,2.71115e+08,0,3.05217e+07,-1.77341e+06,1.77341e+06,1.30243e+07
0,0,0,2.71115e+08,0,2.94319e+07,-1.77341e+06,1.77341e+06,1.30243e+07
0,0,0,2.71115e+08,0,2.94342e+07,-1.77341e+06,1.77341e+06,1.30243e+07
0,0,0,2.71115e+08,0,2.94366e+07,-1.77341e+06,1.77341e+06,1.30243e+07
0,0,0,2.71115e+08,0,2.9439e+07,-1.77341e+06,1.77341e+06,1.30243e+07
0,0,0,2.71115e+08,0,2.84844e+07,-1.77341e+06,1.77341e+06,1.30243e+07
0,0,0,2.71115e+08,0,2.84867e+07,-1.77341e+06,1.77341e+06,1.30243e+07
0,0,0,2.71115e+08,0,2.8489e+07,-1.77341e+06,1.77341e+06,1.30243e+07
0,0,0,2.71115e+08,0,2.84913e+07,-1.77341e+06,1.77341e+06,1.30243e+07
0,0,0,2.71115e+08,0,2.62373e+07,-1.77341e+06,1.77341e+06,1.30243e+07
0,0,0,2.71115e+08,0,2.62393e+07,-1.77341e+06,1.77341e+06,1.30243e+07
0,0,0,2.71115e+08,0,2.62414e+07,-1.77341e+06,1.77341e+06,1.30243e+07
0,0,0,2.71115e+08,0,2.62435e+07,-1.77341e+06,1.77341e+06,1.30243e+07
0,0,0,2.71115e+08,0,2.62456e+07,-1.77341e+06,1.77341e+06,1.30243e+07
0,0,0,2.71115e+08,0,2.65743e+07,-2.19401e+06,2.19401e+06,1.30243e+07
0,0,0,2.71115e+08,0,2.69969e+07,-1.77341e+06,1.77341e+06,1.30243e+07
0,0,0,2.71115e+08,0,2.65783e+07,-2.19408e+06,2.19408e+06,1.30243e+07
0,0,0,2.71115e+08,0,2.48974e+07,-3.87693e+06,3.87693e+06,1.47291e+07
0,0,0,2.71115e+08,0,2.96034e+07,-1.77341e+06,1.77341e+06,1.30243e+07
0,0,0,2.71115e+08,0,2.96056e+07,-1.77341e+06,1.77341e+06,1.30243e+07
0,0,0,2.71115e+08,0,2.96079e+07,-1.77341e+06,1.77341e+06,1.30243e+07
0,0,0,2.71115e+08,0,2.96101e+07,-1.77341e+06,1.77341e+06,1.30243e+07
0,0,0,2.71115e+08,0,2.60186e+07,-1.77341e+06,1.77341e+06,1.30243e+07
0,0,0,2.71115e+08,0,2.60206e+07,-1.77341e+06,1.77341e+06,1.30243e+07
0,0,0,2.71115e+08,0,2.60225e+07,-1.77341e+06,1.77341e+06,1.30243e+07
0,0,0,2.71115e+08,0,2.60244e+07,-1.77341e+06,1.77341e+06,1.30243e+07
0,0,0,2.71115e+08,0,2.60263e+07,-1.77341e+06,1.77341e+06,1.30243e+07
0,0,0,2.71115e+08,0,2.69201e+07,-1.77341e+06,1.77341e+06,1.30243e+07
0,0,0,2.71115e+08,0,2.69221e+07,-1.77341e+06,1.77341e+06,1.30243e+07
0,0,0,2.71115e+08,0,2.69241e+07,-1.77341e+06,1.77341e+06,1.30243e+07
0,0,0,2.71115e+08,0,2.69261e+07,-1.77341e+06,1.77341e+06,1.30243e+07
0,0,0,2.71115e+08,0,2.65804e+07,-1.77341e+06,1.77341e+06,1.30243e+07
0,0,0,2.71115e+08,0,2.65824e+07,-1.77341e+06,1.77341e+06,1.30243e+07
0,0,0,2.71115e+08,0,2.65844e+07,-1.77341e+06,1.77341e+06,1.30243e+07
0,0,0,2.71115e+08,0,2.65863e+07,-1.77341e+06,1.77341e+06,1.30243e+07
0,0,0,2.71115e+08,0,2.77955e+07,-1.77341e+06,1.77341e+06,1.30243e+07
0,0,0,2.71115e+08,0,2.77976e+07,-1.77341e+06,1.77341e+06,1.30243e+07
0,0,0,2.71115e+08,0,2.77996e+07,-1.77341e+06,1.77341e+06,1.30243e+07
0,0,0,2.71115e+08,0,2.78017e+07,-1.77341e+06,1.77341e+06,1.30243e+07
0,0,0,2.71115e+08,0,2.78038e+07,-1.77341e+06,1.77341e+06,1.30243e+07
0,0,0,2.71115e+08,0,2.80353e+07,-1.77341e+06,1.77341e+06,1.30243e+07
0,0,0,2.71115e+08,0,2.80374e+07,-1.77341e+06,1.77341e+06,1.30243e+07
0,0,0,2.71115e+08,0,2.80395e+07,-1.77341e+06,1.77341e+06,1.30243e+07
0,0,0,2.71115e+08,0,2.80416e+07,-1.77341e+06,1.77341e+06,1.30243e+07
0,0,0,2.71115e+08,0,2.86476e+07,-1.77341e+06,1.77341e+06,1.30243e+07
0,0,0,2.71115e+08,0,2.86497e+07,-1.77341e+06,1.77341e+06,1.30243e+07
0,0,0,2.71115e+08,0,2.86519e+07,-1.77341e+06,1.77341e+06,1.30243e+07
0,0,0,2.71115e+08,0,2.8654e+07,-1.77341e+06,1.77341e+06,1.30243e+07
0,0,0,2.71115e+08,0,3.06343e+07,-1.77341e+06,1.77341e+06,1.30243e+07
0,0,0,2.71115e+08,0,3.06367e+07,-1.77341e+06,1.77341e+06,1.30243e+07
0,0,0,2.71115e+08,0,3.0639e+07,-1.77341e+06,1.77341e+06,1.30243e+07
0,0,0,2.71115e+08,0,3.06413e+07,-1.77341e+06,1.77341e+06,1.30243e+07
0,0,0,2.71115e+08,0,3.06436e+07,-1.77341e+06,1.77341e+06,1.30243e+07
0,0,0,2.71115e+08,0,2.95487e+07,-1.77341e+06,1.77341e+06,1.30243e+07
0,0,0,2.71115e+08,0,2.95509e+07,-1.77341e+06,1.77341e+06,1.30243e+07
0,0,0,2.71115e+08,0,2.95532e+07,-1.77341e+06,1.77341e+06,1.30243e+07
0,0,0,2.71115e+08,0,2.95554e+07,-1.77341e+06,1.77341e+06,1.30243e+07
0,0,0,2.71115e+08,0,2.85965e+07,-1.77341e+06,1.77341e+06,1.30243e+07
0,0,0,2.71115e+08,0,2.85987e+07,-1.77341e+06,1.77341e+06,1.30243e+07
0,0,0,2.71115e+08,0,2.86008e+07,-1.77341e+06,1.77341e+06,1.30243e+07
0,0,0,2.71115e+08,0,2.86029e+07,-1.77341e+06,1.77341e+06,1.30243e+07
0,0,0,2.71115e+08,0,2.6339e+07,-1.77341e+06,1.77341e+06,1.30243e+07
0,0,0,2.71115e+08,0,2.6341e+07,-1.77341e+06,1.77341e+06,1.30243e+07
0,0,0,2.71115e+08,0,2.63429e+07,-1.77341e+06,1.77341e+06,1.30243e+07
0,0,0,2.71115e+08,0,2.63449e+07,-1.77341e+06,1.77341e+06,1.30243e+07
0,0,0,2.71115e+08,0,2.63468e+07,-1.77341e+06,1.77341e+06,1.30243e+07
0,0,0,2.71115e+08,0,2.70993e+07,-1.77341e+06,1.77341e+06,1.30243e+07
0,0,0,2.71115e+08,0,2.71011e+07,-1.77341e+06,1.77341e+06,1.30243e+07
0,0,0,2.71115e+08,0,2.7103e+07,-1.77341e+06,1.77341e+06,1.30243e+07
0,0,0,2.71115e+08,0,2.71049e+07,-1.77341e+06,1.77341e+06,1.30243e+07
0,0,0,2.71115e+08,0,2.97183e+07,-1.77341e+06,1.77341e+06,1.30243e+07
0,0,0,2.71115e+08,0,2.97204e+07,-1.77341e+06,1.77341e+06,1.30243e+07
0,0,0,2.71115e+08,0,2.97225e+07,-1.77341e+06,1.77341e+06,1.30243e+07
0,0,0,2.71115e+08,0,2.97245e+07,-1.77341e+06,1.77341e+06,1.30243e+07
0,0,0,2.71115e+08,0,2.61177e+07,-1.77341e+06,1.77341e+06,1.30243e+07
0,0,0,2.71115e+08,0,2.61195e+07,-1.77341e+06,1.77341e+06,1.30243e+07
0,0,0,2.71115e+08,0,2.61213e+07,-1.77341e+06,1.77341e+06,1.30243e+07
0,0,0,2.71115e+08,0,2.61231e+07,-1.77341e+06,1.77341e+06,1.30243e+07
0,0,0,2.71115e+08,0,2.61248e+07,-1.77341e+06,1.77341e+06,1.30243e+07
0,0,0,2.71115e+08,0,2.70222e+07,-1.77341e+06,1.77341e+06,1.30243e+07
0,0,0,2.71115e+08,0,2.70241e+07,-1.77341e+06,1.77341e+06,1.30243e+07
0,0,0,2.71115e+08,0,2.70259e+07,-1.77341e+06,1.77341e+06,1.30243e+07
0,0,0,2.71115e+08,0,2.70278e+07,-1.77341e+06,1.77341e+06,1.30243e+07
0,0,0,2.71115e+08,0,2.66806e+07,-1.77341e+06,1.77341e+06,1.30243e+07
0,0,0,2.71115e+08,0,2.66824e+07,-1.77341e+06,1.77341e+06,1.30243e+07
0,0,0,2.71115e+08,0,2.66843e+07,-1.77341e+06,1.77341e+06,1.30243e+07
0,0,0,2.71115e+08,0,2.66861e+07,-1.77341e+06,1.77341e+06,1.30243e+07
0,0,0,2.71115e+08,0,2.79002e+07,-1.77341e+06,1.77341e+06,1.30243e+07
0,0,0,2.71115e+08,0,2.79021e+07,-1.77341e+06,1.77341e+06,1.30243e+07
0,0,0,2.71115e+08,0,2.7904e+07,-1.77341e+06,1.77341e+06,1.30243e+07
0,0,0,2.71115e+08,0,2.7906e+07,-1.77341e+06,1.77341e+06,1.30243e+07
0,0,0,2.71115e+08,0,2.79079e+07,-1.77341e+06,1.77341e+06,1.30243e+07
0,0,0,2.71115e+08,0,2.81403e+07,-1.77341e+06,1.77341e+06,1.30243e+07
0,0,0,2.71115e+08,0,2.81422e+07,-1.77341e+06,1.77341e+06,1.30243e+07
0,0,0,2.71115e+08,0,2.81442e+07,-1.77341e+06,1.77341e+06,1.30243e+07
0,0,0,2.71115e+08,0,2.81461e+07,-1.77341e+06,1.77341e+06,1.30243e+07
0,0,0,2.71115e+08,0,2.87545e+07,-1.77341e+06,1.77341e+06,1.30243e+07
0,0,0,2.71115e+08,0,2.87565e+07,-1.77341e+06,1.77341e+06,1.30243e+07
0,0,0,2.71115e+08,0,2.87585e+07,-1.77341e+06,1.77341e+06,1.30243e+07
0,0,0,2.71115e+08,0,2.87605e+07,-1.77341e+06,1.77341e+06,1.30243e+07
0,0,0,2.71115e+08,0,3.07488e+07,-1.77341e+06,1.77341e+06,1.30243e+07
0,0,0,2.71115e+08,0,3.07509e+07,-1.77341e+06,1.77341e+06,1.30243e+07
0,0,0,2.71115e+08,0,3.07531e+07,-1.77341e+06,1.77341e+06,1.30243e+07
0,0,0,2.71115e+08,0,3.07552e+07,-1.77341e+06,1.77341e+06,1.30243e+07
0,0,0,2.71115e+08,0,3.07574e+07,-1.77341e+06,1.77341e+06,1.30243e+07
0,0,0,2.71115e+08,0,2.96579e+07,-1.77341e+06,1.77341e+06,1.30243e+07
0,0,0,2.71115e+08,0,2.966e+07,-1.77341e+06,1.77341e+06,1.30243e+07
0,0,0,2.71115e+08,0,2.96621e+07,-1.77341e+06,1.77341e+06,1.30243e+07
0,0,0,2.71115e+08,0,2.96641e+07,-1.77341e+06,1.77341e+06,1.30243e+07
0,0,0,2.71115e+08,0,2.87012e+07,-1.77341e+06,1.77341e+06,1.30243e+07
0,0,0,2.71115e+08,0,2.87032e+07,-1.77341e+06,1.77341e+06,1.30243e+07
0,0,0,2.71115e+08,0,2.87052e+07,-1.77341e+06,1.77341e+06,1.30243e+07
0,0,0,2.71115e+08,0,2.87072e+07,-1.77341e+06,1.77341e+06,1.30243e+07
0,0,0,2.71115e+08,0,2.6434e+07,-1.77341e+06,1.77341e+06,1.30243e+07
0,0,0,2.71115e+08,0,2.64359e+07,-1.77341e+06,1.77341e+06,1.30243e+07
0,0,0,2.71115e+08,0,2.64377e+07,-1.77341e+06,1.77341e+06,1.30243e+07
0,0,0,2.71115e+08,0,2.64395e+07,-1.77341e+06,1.77341e+06,1.30243e+07
0,0,0,2.71115e+08,0,2.64413e+07,-1.77341e+06,1.77341e+06,1.30243e+07
0,0,0,2.71115e+08,0,2.64413e+07,-1.77341e+06,1.77341e+06,1.30243e+07
0,0,0,2.71115e+08,0,2.71966e+07,-1.77341e+06,1.77341e+06,1.30243e+07
0,0,0,2.71115e+08,0,2.71984e+07,-1.77341e+06,1.77341e+06,1.30243e+07
0,0,0,2.71115e+08,0,2.72001e+07,-1.77341e+06,1.77341e+06,1.30243e+07
0,0,0,2.71115e+08,0,2.72018e+07,-1.77341e+06,1.77341e+06,1.30243e+07
0,0,0,2.71115e+08,0,2.98255e+07,-1.77341e+06,1.77341e+06,1.30243e+07
0,0,0,2.71115e+08,0,2.98275e+07,-1.77341e+06,1.77341e+06,1.30243e+07
0,0,0,2.71115e+08,0,2.98294e+07,-1.77341e+06,1.77341e+06,1.30243e+07
0,0,0,2.71115e+08,0,2.98313e+07,-1.77341e+06,1.77341e+06,1.30243e+07
0,0,0,2.71115e+08,0,2.621e+07,-1.77341e+06,1.77341e+06,1.30243e+07
0,0,0,2.71115e+08,0,2.62117e+07,-1.77341e+06,1.77341e+06,1.30243e+07
0,0,0,2.71115e+08,0,2.62134e+07,-1.77341e+06,1.77341e+06,1.30243e+07
0,0,0,2.71115e+08,0,2.6215e+07,-1.77341e+06,1.77341e+06,1.30243e+07
0,0,0,2.71115e+08,0,2.62167e+07,-1.77341e+06,1.77341e+06,1.30243e+07
0,0,0,2.71115e+08,0,2.71175e+07,-1.77341e+06,1.77341e+06,1.30243e+07
0,0,0,2.71115e+08,0,2.71192e+07,-1.77341e+06,1.77341e+06,1.30243e+07
0,0,0,2.71115e+08,0,2.71209e+07,-1.77341e+06,1.77341e+06,1.30243e+07
0,0,0,2.71115e+08,0,2.71226e+07,-1.77341e+06,1.77341e+06,1.30243e+07
0,0,0,2.71115e+08,0,2.67739e+07,-1.77341e+06,1.77341e+06,1.30243e+07
0,0,0,2.71115e+08,0,2.67756e+07,-1.77341e+06,1.77341e+06,1.30243e+07
0,0,0,2.71115e+08,0,2.67774e+07,-1.77341e+06,1.77341e+06,1.30243e+07
0,0,0,2.71115e+08,0,2.67791e+07,-1.77341e+06,1.77341e+06,1.30243e+07
0,0,0,2.71115e+08,0,2.79977e+07,-1.77341e+06,1.77341e+06,1.30243e+07
0,0,0,2.71115e+08,0,2.79995e+07,-1.77341e+06,1.77341e+06,1.30243e+07
0,0,0,2.71115e+08,0,2.80013e+07,-1.77341e+06,1.77341e+06,1.30243e+07
0,0,0,2.71115e+08,0,2.80031e+07,-1.77341e+06,1.77341e+06,1.30243e+07
0,0,0,2.71115e+08,0,2.80049e+07,-1.77341e+06,1.77341e+06,1.30243e+07
0,0,0,2.71115e+08,0,2.8238e+07,-1.77341e+06,1.77341e+06,1.30243e+07
0,0,0,2.71115e+08,0,2.82398e+07,-1.77341e+06,1.77341e+06,1.30243e+07
0,0,0,2.71115e+08,0,2.82416e+07,-1.77341e+06,1.77341e+06,1.30243e+07
0,0,0,2.71115e+08,0,2.82434e+07,-1.77341e+06,1.77341e+06,1.30243e+07
0,0,0,2.71115e+08,0,2.88539e+07,-1.77341e+06,1.77341e+06,1.30243e+07
0,0,0,2.71115e+08,0,2.88558e+07,-1.77341e+06,1.77341e+06,1.30243e+07
0,0,0,2.71115e+08,0,2.88577e+07,-1.77341e+06,1.77341e+06,1.30243e+07
0,0,0,2.71115e+08,0,2.88595e+07,-1.77341e+06,1.77341e+06,1.30243e+07
0,0,0,2.71115e+08,0,3.08553e+07,-1.77341e+06,1.77341e+06,1.30243e+07
0,0,0,2.71115e+08,0,3.08572e+07,-1.77341e+06,1.77341e+06,1.30243e+07
0,0,0,2.71115e+08,0,3.08592e+07,-1.77341e+06,1.77341e+06,1.30243e+07
0,0,0,2.71115e+08,0,3.08612e+07,-1.77341e+06,1.77341e+06,1.30243e+07
0,0,0,2.71115e+08,0,3.08632e+07,-1.77341e+06,1.77341e+06,1.30243e+07
0,0,0,2.71115e+08,0,2.97595e+07,-1.77341e+06,1.77341e+06,1.30243e+07
0,0,0,2.71115e+08,0,2.97614e+07,-1.77341e+06,1.77341e+06,1.30243e+07
0,0,0,2.71115e+08,0,2.97633e+07,-1.77341e+06,1.77341e+06,1.30243e+07
0,0,0,2.71115e+08,0,2.97652e+07,-1.77341e+06,1.77341e+06,1.30243e+07
0,0,0,2.71115e+08,0,2.87986e+07,-1.77341e+06,1.77341e+06,1.30243e+07
0,0,0,2.71115e+08,0,2.88004e+07,-1.77341e+06,1.77341e+06,1.30243e+07
0,0,0,2.71115e+08,0,2.88023e+07,-1.77341e+06,1.77341e+06,1.30243e+07
0,0,0,2.71115e+08,0,2.88041e+07,-1.77341e+06,1.77341e+06,1.30243e+07
0,0,0,2.71115e+08,0,2.65223e+07,-1.77341e+06,1.77341e+06,1.30243e+07
0,0,0,2.71115e+08,0,2.6524e+07,-1.77341e+06,1.77341e+06,1.30243e+07
0,0,0,2.71115e+08,0,2.65257e+07,-1.77341e+06,1.77341e+06,1.30243e+07
0,0,0,2.71115e+08,0,2.65274e+07,-1.77341e+06,1.77341e+06,1.30243e+07
0,0,0,2.71115e+08,0,2.65291e+07,-1.77341e+06,1.77341e+06,1.30243e+07
0,0,0,2.71115e+08,0,2.7287e+07,-1.77341e+06,1.77341e+06,1.30243e+07
0,0,0,2.71115e+08,0,2.72886e+07,-1.77341e+06,1.77341e+06,1.30243e+07
0,0,0,2.71115e+08,0,2.72902e+07,-1.77341e+06,1.77341e+06,1.30243e+07
0,0,0,2.71115e+08,0,2.72918e+07,-1.77341e+06,1.77341e+06,1.30243e+07
0,0,0,2.71115e+08,0,2.99251e+07,-1.77341e+06,1.77341e+06,1.30243e+07
0,0,0,2.71115e+08,0,2.99268e+07,-1.77341e+06,1.77341e+06,1.30243e+07
0,0,0,2.71115e+08,0,2.99286e+07,-1.77341e+06,1.77341e+06,1.30243e+07
0,0,0,2.71115e+08,0,2.99304e+07,-1.77341e+06,1.77341e+06,1.30243e+07
0,0,0,2.71115e+08,0,2.62957e+07,-1.77341e+06,1.77341e+06,1.30243e+07
0,0,0,2.71115e+08,0,2.62973e+07,-1.77341e+06,1.77341e+06,1.30243e+07
0,0,0,2.71115e+08,0,2.62988e+07,-1.77341e+06,1.77341e+06,1.30243e+07
0,0,0,2.71115e+08,0,2.63003e+07,-1.77341e+06,1.77341e+06,1.30243e+07
0,0,0,2.71115e+08,0,2.63019e+07,-1.77341e+06,1.77341e+06,1.30243e+07
0,0,0,2.71115e+08,0,2.72058e+07,-1.77341e+06,1.77341e+06,1.30243e+07
0,0,0,2.71115e+08,0,2.72074e+07,-1.77341e+06,1.77341e+06,1.30243e+07
0,0,0,2.71115e+08,0,2.7209e+07,-1.77341e+06,1.77341e+06,1.30243e+07
0,0,0,2.71115e+08,0,2.72106e+07,-1.77341e+06,1.77341e+06,1.30243e+07
0,0,0,2.71115e+08,0,2.68605e+07,-1.77341e+06,1.77341e+06,1.30243e+07
0,0,0,2.71115e+08,0,2.6862e+07,-1.77341e+06,1.77341e+06,1.30243e+07
0,0,0,2.71115e+08,0,2.68636e+07,-1.77341e+06,1.77341e+06,1.30243e+07
0,0,0,2.71115e+08,0,2.68652e+07,-1.77341e+06,1.77341e+06,1.30243e+07
0,0,0,2.71115e+08,0,2.80881e+07,-1.77341e+06,1.77341e+06,1.30243e+07
0,0,0,2.71115e+08,0,2.80897e+07,-1.77341e+06,1.77341e+06,1.30243e+07
0,0,0,2.71115e+08,0,2.80914e+07,-1.77341e+06,1.77341e+06,1.30243e+07
0,0,0,2.71115e+08,0,2.8093e+07,-1.77341e+06,1.77341e+06,1.30243e+07
0,0,0,2.71115e+08,0,2.80947e+07,-1.77341e+06,1.77341e+06,1.30243e+07
0,0,0,2.71115e+08,0,2.83285e+07,-1.77341e+06,1.77341e+06,1.30243e+07
0,0,0,2.71115e+08,0,2.83302e+07,-1.77341e+06,1.77341e+06,1.30243e+07
0,0,0,2.71115e+08,0,2.83318e+07,-1.77341e+06,1.77341e+06,1.30243e+07
0,0,0,2.71115e+08,0,2.83335e+07,-1.77341e+06,1.77341e+06,1.30243e+07
0,0,0,2.71115e+08,0,2.8946e+07,-1.77341e+06,1.77341e+06,1.30243e+07
0,0,0,2.71115e+08,0,2.89477e+07,-1.77341e+06,1.77341e+06,1.30243e+07
0,0,0,2.71115e+08,0,2.89495e+07,-1.77341e+06,1.77341e+06,1.30243e+07
0,0,0,2.71115e+08,0,2.89512e+07,-1.77341e+06,1.77341e+06,1.30243e+07
0,0,0,2.71115e+08,0,3.09537e+07,-1.77341e+06,1.77341e+06,1.30243e+07
0,0,0,2.71115e+08,0,3.09556e+07,-1.77341e+06,1.77341e+06,1.30243e+07
0,0,0,2.71115e+08,0,3.09574e+07,-1.77341e+06,1.77341e+06,1.30243e+07
0,0,0,2.71115e+08,0,3.09593e+07,-1.77341e+06,1.77341e+06,1.30243e+07
0,0,0,2.71115e+08,0,3.09611e+07,-1.77341e+06,1.77341e+06,1.30243e+07
0,0,0,2.71115e+08,0,2.98534e+07,-1.77341e+06,1.77341e+06,1.30243e+07
0,0,0,2.71115e+08,0,2.98551e+07,-1.77341e+06,1.77341e+06,1.30243e+07
0,0,0,2.71115e+08,0,2.98569e+07,-1.77341e+06,1.77341e+06,1.30243e+07
0,0,0,2.71115e+08,0,2.98587e+07,-1.77341e+06,1.77341e+06,1.30243e+07
0,0,0,2.71115e+08,0,2.88885e+07,-1.77341e+06,1.77341e+06,1.30243e+07
0,0,0,2.71115e+08,0,2.88902e+07,-1.77341e+06,1.77341e+06,1.30243e+07
0,0,0,2.71115e+08,0,2.88919e+07,-1.77341e+06,1.77341e+06,1.30243e+07
0,0,0,2.71115e+08,0,2.88936e+07,-1.77341e+06,1.77341e+06,1.30243e+07
0,0,0,2.71115e+08,0,2.66039e+07,-1.77341e+06,1.77341e+06,1.30243e+07
0,0,0,2.71115e+08,0,2.66054e+07,-1.77341e+06,1.77341e+06,1.30243e+07
0,0,0,2.71115e+08,0,2.6607e+07,-1.77341e+06,1.77341e+06,1.30243e+07
0,0,0,2.71115e+08,0,2.66085e+07,-1.77341e+06,1.77341e+06,1.30243e+07
0,0,0,2.71115e+08,0,2.66101e+07,-1.77341e+06,1.77341e+06,1.30243e+07
0,0,0,2.71115e+08,0,2.73705e+07,-1.77341e+06,1.77341e+06,1.30243e+07
0,0,0,2.71115e+08,0,2.7372e+07,-1.77341e+06,1.77341e+06,1.30243e+07
0,0,0,2.71115e+08,0,2.73734e+07,-1.77341e+06,1.77341e+06,1.30243e+07
0,0,0,2.71115e+08,0,2.73749e+07,-1.77341e+06,1.77341e+06,1.30243e+07
0,0,0,2.71115e+08,0,3.00169e+07,-1.77341e+06,1.77341e+06,1.30243e+07
0,0,0,2.71115e+08,0,3.00185e+07,-1.77341e+06,1.77341e+06,1.30243e+07
0,0,0,2.71115e+08,0,3.00202e+07,-1.77341e+06,1.77341e+06,1.30243e+07
0,0,0,2.71115e+08,0,3.00218e+07,-1.77341e+06,1.77341e+06,1.30243e+07
0,0,0,2.71115e+08,0,2.63748e+07,-1.77341e+06,1.77341e+06,1.30243e+07
0,0,0,2.71115e+08,0,2.63762e+07,-1.77341e+06,1.77341e+06,1.30243e+07
0,0,0,2.71115e+08,0,2.63776e+07,-1.77341e+06,1.77341e+06,1.30243e+07
0,0,0,2.71115e+08,0,2.6379e+07,-1.77341e+06,1.77341e+06,1.30243e+07
0,0,0,2.71115e+08,0,2.63804e+07,-1.77341e+06,1.77341e+06,1.30243e+07
0,0,0,2.71115e+08,0,2.72872e+07,-1.77341e+06,1.77341e+06,1.30243e+07
0,0,0,2.71115e+08,0,2.72886e+07,-1.77341e+06,1.77341e+06,1.30243e+07
0,0,0,2.71115e+08,0,2.72901e+07,-1.77341e+06,1.77341e+06,1.30243e+07
0,0,0,2.71115e+08,0,2.72916e+07,-1.77341e+06,1.77341e+06,1.30243e+07
0,0,0,2.71115e+08,0,2.69402e+07,-1.77341e+06,1.77341e+06,1.30243e+07
0,0,0,2.71115e+08,0,2.69416e+07,-1.77341e+06,1.77341e+06,1.30243e+07
0,0,0,2.71115e+08,0,2.69431e+07,-1.77341e+06,1.77341e+06,1.30243e+07
0,0,0,2.71115e+08,0,2.69445e+07,-1.77341e+06,1.77341e+06,1.30243e+07
0,0,0,2.71115e+08,0,2.81713e+07,-1.77341e+06,1.77341e+06,1.30243e+07
0,0,0,2.71115e+08,0,2.81728e+07,-1.77341e+06,1.77341e+06,1.30243e+07
0,0,0,2.71115e+08,0,2.81743e+07,-1.77341e+06,1.77341e+06,1.30243e+07
0,0,0,2.71115e+08,0,2.81758e+07,-1.77341e+06,1.77341e+06,1.30243e+07
0,0,0,2.71115e+08,0,2.81773e+07,-1.77341e+06,1.77341e+06,1.30243e+07
0,0,0,2.71115e+08,0,2.84118e+07,-1.77341e+06,1.77341e+06,1.30243e+07
0,0,0,2.71115e+08,0,2.84133e+07,-1.77341e+06,1.77341e+06,1.30243e+07
0,0,0,2.71115e+08,0,2.84148e+07,-1.77341e+06,1.77341e+06,1.30243e+07
0,0,0,2.71115e+08,0,2.84164e+07,-1.77341e+06,1.77341e+06,1.30243e+07
0,0,0,2.71115e+08,0,2.90307e+07,-1.77341e+06,1.77341e+06,1.30243e+07
0,0,0,2.71115e+08,0,2.90323e+07,-1.77341e+06,1.77341e+06,1.30243e+07
0,0,0,2.71115e+08,0,2.90339e+07,-1.77341e+06,1.77341e+06,1.30243e+07
0,0,0,2.71115e+08,0,2.90354e+07,-1.77341e+06,1.77341e+06,1.30243e+07
0,0,0,2.71115e+08,0,3.10443e+07,-1.77341e+06,1.77341e+06,1.30243e+07
0,0,0,2.71115e+08,0,3.1046e+07,-1.77341e+06,1.77341e+06,1.30243e+07
0,0,0,2.71115e+08,0,3.10477e+07,-1.77341e+06,1.77341e+06,1.30243e+07
0,0,0,2.71115e+08,0,3.10494e+07,-1.77341e+06,1.77341e+06,1.30243e+07
0,0,0,2.71115e+08,0,3.10511e+07,-1.77341e+06,1.77341e+06,1.30243e+07
0,0,0,2.71115e+08,0,2.99396e+07,-1.77341e+06,1.77341e+06,1.30243e+07
0,0,0,2.71115e+08,0,2.99412e+07,-1.77341e+06,1.77341e+06,1.30243e+07
0,0,0,2.71115e+08,0,2.99429e+07,-1.77341e+06,1.77341e+06,1.30243e+07
0,0,0,2.71115e+08,0,2.99445e+07,-1.77341e+06,1.77341e+06,1.30243e+07
0,0,0,2.71115e+08,0,2.89711e+07,-1.77341e+06,1.77341e+06,1.30243e+07
0,0,0,2.71115e+08,0,2.89727e+07,-1.77341e+06,1.77341e+06,1.30243e+07
0,0,0,2.71115e+08,0,2.89742e+07,-1.77341e+06,1.77341e+06,1.30243e+07
0,0,0,2.71115e+08,0,2.89758e+07,-1.77341e+06,1.77341e+06,1.30243e+07
0,0,0,2.71115e+08,0,2.66787e+07,-1.77341e+06,1.77341e+06,1.30243e+07
0,0,0,2.71115e+08,0,2.66801e+07,-1.77341e+06,1.77341e+06,1.30243e+07
0,0,0,2.71115e+08,0,2.66816e+07,-1.77341e+06,1.77341e+06,1.30243e+07
0,0,0,2.71115e+08,0,2.6683e+07,-1.77341e+06,1.77341e+06,1.30243e+07
0,0,0,2.71115e+08,0,2.66844e+07,-1.77341e+06,1.77341e+06,1.30243e+07
0,0,0,5.27774e+08,0,2.74471e+07,-1.77341e+06,1.77341e+06,1.30243e+07
0,0,0,5.27774e+08,0,2.74484e+07,-1.77341e+06,1.77341e+06,1.30243e+07
0,0,0,5.27774e+08,0,2.74497e+07,-1.77341e+06,1.77341e+06,1.30243e+07
0,0,0,5.27774e+08,0,2.74511e+07,-1.77341e+06,1.77341e+06,1.30243e+07
0,0,0,5.27774e+08,0,3.01011e+07,-1.77341e+06,1.77341e+06,1.30243e+07
0,0,0,5.27774e+08,0,3.01026e+07,-1.77341e+06,1.77341e+06,1.30243e+07
0,0,0,5.27774e+08,0,3.01041e+07,-1.77341e+06,1.77341e+06,1.30243e+07
0,0,0,5.27774e+08,0,3.01055e+07,-1.77341e+06,1.77341e+06,1.30243e+07
0,0,0,5.27774e+08,0,2.64472e+07,-1.77341e+06,1.77341e+06,1.30243e+07
0,0,0,5.27774e+08,0,2.64485e+07,-1.77341e+06,1.77341e+06,1.30243e+07
0,0,0,5.27774e+08,0,2.64497e+07,-1.77341e+06,1.77341e+06,1.30243e+07
0,0,0,5.27774e+08,0,2.6451e+07,-1.77341e+06,1.77341e+06,1.30243e+07
0,0,0,5.27774e+08,0,2.64523e+07,-1.77341e+06,1.77341e+06,1.30243e+07
0,0,0,5.27774e+08,0,2.73617e+07,-1.77341e+06,1.77341e+06,1.30243e+07
0,0,0,5.27774e+08,0,2.7363e+07,-1.77341e+06,1.77341e+06,1.30243e+07
0,0,0,5.27774e+08,0,2.73644e+07,-1.77341e+06,1.77341e+06,1.30243e+07
0,0,0,5.27774e+08,0,2.73657e+07,-1.77341e+06,1.77341e+06,1.30243e+07
0,0,0,5.27774e+08,0,2.70131e+07,-1.77341e+06,1.77341e+06,1.30243e+07
0,0,0,5.27774e+08,0,2.70144e+07,-1.77341e+06,1.77341e+06,1.30243e+07
0,0,0,5.27774e+08,0,2.70158e+07,-1.77341e+06,1.77341e+06,1.30243e+07
0,0,0,5.27774e+08,0,2.70171e+07,-1.77341e+06,1.77341e+06,1.30243e+07
0,0,0,5.27774e+08,0,2.82474e+07,-1.77341e+06,1.77341e+06,1.30243e+07
0,0,0,5.27774e+08,0,2.82487e+07,-1.77341e+06,1.77341e+06,1.30243e+07
0,0,0,5.27774e+08,0,2.82501e+07,-1.77341e+06,1.77341e+06,1.30243e+07
0,0,0,5.27774e+08,0,2.82515e+07,-1.77341e+06,1.77341e+06,1.30243e+07
0,0,0,5.27774e+08,0,2.82529e+07,-1.77341e+06,1.77341e+06,1.30243e+07
0,0,0,5.27774e+08,0,2.84879e+07,-1.77341e+06,1.77341e+06,1.30243e+07
0,0,0,5.27774e+08,0,2.84893e+07,-1.77341e+06,1.77341e+06,1.30243e+07
0,0,0,5.27774e+08,0,2.84907e+07,-1.77341e+06,1.77341e+06,1.30243e+07
0,0,0,5.27774e+08,0,2.84921e+07,-1.77341e+06,1.77341e+06,1.30243e+07
0,0,0,5.27774e+08,0,2.91081e+07,-1.77341e+06,1.77341e+06,1.30243e+07
0,0,0,5.27774e+08,0,2.91095e+07,-1.77341e+06,1.77341e+06,1.30243e+07
0,0,0,5.27774e+08,0,2.9111e+07,-1.77341e+06,1.77341e+06,1.30243e+07
0,0,0,5.27774e+08,0,2.91124e+07,-1.77341e+06,1.77341e+06,1.30243e+07
0,0,0,5.27774e+08,0,3.1127e+07,-1.77341e+06,1.77341e+06,1.30243e+07
0,0,0,5.27774e+08,0,3.11285e+07,-1.77341e+06,1.77341e+06,1.30243e+07
0,0,0,5.27774e+08,0,3.11301e+07,-1.77341e+06,1.77341e+06,1.30243e+07
0,0,0,5.27774e+08,0,3.11316e+07,-1.77341e+06,1.77341e+06,1.30243e+07
0,0,0,5.27774e+08,0,3.11332e+07,-1.77341e+06,1.77341e+06,1.30243e+07
0,0,0,5.27774e+08,0,3.00183e+07,-1.77341e+06,1.77341e+06,1.30243e+07
0,0,0,5.27774e+08,0,3.00198e+07,-1.77341e+06,1.77341e+06,1.30243e+07
0,0,0,5.27774e+08,0,3.00213e+07,-1.77341e+06,1.77341e+06,1.30243e+07
0,0,0,5.27774e+08,0,3.00228e+07,-1.77341e+06,1.77341e+06,1.30243e+07
0,0,0,5.27774e+08,0,2.90464e+07,-1.77341e+06,1.77341e+06,1.30243e+07
0,0,0,5.27774e+08,0,2.90479e+07,-1.77341e+06,1.77341e+06,1.30243e+07
0,0,0,5.27774e+08,0,2.90493e+07,-1.77341e+06,1.77341e+06,1.30243e+07
0,0,0,5.27774e+08,0,2.90507e+07,-1.77341e+06,1.77341e+06,1.30243e+07
0,0,0,5.27774e+08,0,2.67469e+07,-1.77341e+06,1.77341e+06,1.30243e+07
0,0,0,5.27774e+08,0,2.67482e+07,-1.77341e+06,1.77341e+06,1.30243e+07
0,0,0,5.27774e+08,0,2.67495e+07,-1.77341e+06,1.77341e+06,1.30243e+07
0,0,0,5.27774e+08,0,2.67508e+07,-1.77341e+06,1.77341e+06,1.30243e+07
0,0,0,5.27774e+08,0,2.67521e+07,-1.77341e+06,1.77341e+06,1.30243e+07
0,0,0,5.27774e+08,0,2.75168e+07,-1.77341e+06,1.77341e+06,1.30243e+07
0,0,0,5.27774e+08,0,2.7518e+07,-1.77341e+06,1.77341e+06,1.30243e+07
0,0,0,5.27774e+08,0,2.75192e+07,-1.77341e+06,1.77341e+06,1.30243e+07
0,0,0,5.27774e+08,0,2.75204e+07,-1.77341e+06,1.77341e+06,1.30243e+07
0,0,0,5.27774e+08,0,3.01777e+07,-1.77341e+06,1.77341e+06,1.30243e+07
0,0,0,5.27774e+08,0,3.01791e+07,-1.77341e+06,1.77341e+06,1.30243e+07
0,0,0,5.27774e+08,0,3.01804e+07,-1.77341e+06,1.77341e+06,1.30243e+07
0,0,0,5.27774e+08,0,3.01817e+07,-1.77341e+06,1.77341e+06,1.30243e+07
0,0,0,5.27774e+08,0,2.6513e+07,-1.77341e+06,1.77341e+06,1.30243e+07
0,0,0,5.27774e+08,0,2.65142e+07,-1.77341e+06,1.77341e+06,1.30243e+07
0,0,0,5.27774e+08,0,2.65154e+07,-1.77341e+06,1.77341e+06,1.30243e+07
0,0,0,5.27774e+08,0,2.65165e+07,-1.77341e+06,1.77341e+06,1.30243e+07
0,0,0,5.27774e+08,0,2.65177e+07,-1.77341e+06,1.77341e+06,1.30243e+07
0,0,0,5.27774e+08,0,2.74294e+07,-1.77341e+06,1.77341e+06,1.30243e+07
0,0,0,5.27774e+08,0,2.74307e+07,-1.77341e+06,1.77341e+06,1.30243e+07
0,0,0,5.27774e+08,0,2.74319e+07,-1.77341e+06,1.77341e+06,1.30243e+07
0,0,0,5.27774e+08,0,2.74331e+07,-1.77341e+06,1.77341e+06,1.30243e+07
0,0,0,5.27774e+08,0,2.70794e+07,-1.77341e+06,1.77341e+06,1.30243e+07
0,0,0,5.27774e+08,0,2.70806e+07,-1.77341e+06,1.77341e+06,1.30243e+07
0,0,0,5.27774e+08,0,2.70817e+07,-1.77341e+06,1.77341e+06,1.30243e+07
0,0,0,5.27774e+08,0,2.70829e+07,-1.77341e+06,1.77341e+06,1.30243e+07
0,0,0,5.27774e+08,0,2.83164e+07,-1.77341e+06,1.77341e+06,1.30243e+07
0,0,0,5.27774e+08,0,2.83177e+07,-1.77341e+06,1.77341e+06,1.30243e+07
0,0,0,5.27774e+08,0,2.83189e+07,-1.77341e+06,1.77341e+06,1.30243e+07
0,0,0,5.27774e+08,0,2.83202e+07,-1.77341e+06,1.77341e+06,1.30243e+07
0,0,0,5.27774e+08,0,2.83214e+07,-1.77341e+06,1.77341e+06,1.30243e+07
0,0,0,5.27774e+08,0,2.85569e+07,-1.77341e+06,1.77341e+06,1.30243e+07
0,0,0,5.27774e+08,0,2.85582e+07,-1.77341e+06,1.77341e+06,1.30243e+07
0,0,0,5.27774e+08,0,2.85594e+07,-1.77341e+06,1.77341e+06,1.30243e+07
0,0,0,5.27774e+08,0,2.85607e+07,-1.77341e+06,1.77341e+06,1.30243e+07
0,0,0,5.27774e+08,0,2.91782e+07,-1.77341e+06,1.77341e+06,1.30243e+07
0,0,0,5.27774e+08,0,2.91795e+07,-1.77341e+06,1.77341e+06,1.30243e+07
0,0,0,5.27774e+08,0,2.91808e+07,-1.77341e+06,1.77341e+06,1.30243e+07
0,0,0,5.27774e+08,0,2.91821e+07,-1.77341e+06,1.77341e+06,1.30243e+07
0,0,0,5.27774e+08,0,3.12018e+07,-1.77341e+06,1.77341e+06,1.30243e+07
0,0,0,5.27774e+08,0,3.12032e+07,-1.77341e+06,1.77341e+06,1.30243e+07
0,0,0,5.27774e+08,0,3.12046e+07,-1.77341e+06,1.77341e+06,1.30243e+07
0,0,0,5.27774e+08,0,3.1206e+07,-1.77341e+06,1.77341e+06,1.30243e+07
0,0,0,5.27774e+08,0,3.12074e+07,-1.77341e+06,1.77341e+06,1.30243e+07
0,0,0,5.27774e+08,0,3.00895e+07,-1.77341e+06,1.77341e+06,1.30243e+07
0,0,0,5.27774e+08,0,3.00908e+07,-1.77341e+06,1.77341e+06,1.30243e+07
0,0,0,5.27774e+08,0,3.00922e+07,-1.77341e+06,1.77341e+06,1.30243e+07
0,0,0,5.27774e+08,0,3.00935e+07,-1.77341e+06,1.77341e+06,1.30243e+07
0,0,0,5.27774e+08,0,2.91145e+07,-1.77341e+06,1.77341e+06,1.30243e+07
0,0,0,5.27774e+08,0,2.91158e+07,-1.77341e+06,1.77341e+06,1.30243e+07
0,0,0,5.27774e+08,0,2.91171e+07,-1.77341e+06,1.77341e+06,1.30243e+07
0,0,0,5.27774e+08,0,2.91184e+07,-1.77341e+06,1.77341e+06,1.30243e+07
0,0,0,5.27774e+08,0,2.68085e+07,-1.77341e+06,1.77341e+06,1.30243e+07
0,0,0,5.27774e+08,0,2.68097e+07,-1.77341e+06,1.77341e+06,1.30243e+07
0,0,0,5.27774e+08,0,2.68108e+07,-1.77341e+06,1.77341e+06,1.30243e+07
0,0,0,5.27774e+08,0,2.6812e+07,-1.77341e+06,1.77341e+06,1.30243e+07
0,0,0,5.27774e+08,0,2.68132e+07,-1.77341e+06,1.77341e+06,1.30243e+07
0,0,0,5.27774e+08,0,2.75797e+07,-1.77341e+06,1.77341e+06,1.30243e+07
0,0,0,5.27774e+08,0,2.75807e+07,-1.77341e+06,1.77341e+06,1.30243e+07
0,0,0,5.27774e+08,0,2.75818e+07,-1.77341e+06,1.77341e+06,1.30243e+07
0,0,0,5.27774e+08,0,2.75829e+07,-1.77341e+06,1.77341e+06,1.30243e+07
0,0,0,5.27774e+08,0,3.02468e+07,-1.77341e+06,1.77341e+06,1.30243e+07
0,0,0,5.27774e+08,0,3.0248e+07,-1.77341e+06,1.77341e+06,1.30243e+07
0,0,0,5.27774e+08,0,3.02491e+07,-1.77341e+06,1.77341e+06,1.30243e+07
0,0,0,5.27774e+08,0,3.02503e+07,-1.77341e+06,1.77341e+06,1.30243e+07
0,0,0,5.27774e+08,0,2.65723e+07,-1.77341e+06,1.77341e+06,1.30243e+07
0,0,0,5.27774e+08,0,2.65734e+07,-1.77341e+06,1.77341e+06,1.30243e+07
0,0,0,5.27774e+08,0,2.65744e+07,-1.77341e+06,1.77341e+06,1.30243e+07
0,0,0,5.27774e+08,0,2.65754e+07,-1.77341e+06,1.77341e+06,1.30243e+07
0,0,0,5.27774e+08,0,2.65765e+07,-1.77341e+06,1.77341e+06,1.30243e+07
0,0,0,5.27774e+08,0,2.74904e+07,-1.77341e+06,1.77341e+06,1.30243e+07
0,0,0,5.27774e+08,0,2.74914e+07,-1.77341e+06,1.77341e+06,1.30243e+07
0,0,0,5.27774e+08,0,2.74925e+07,-1.77341e+06,1.77341e+06,1.30243e+07
0,0,0,5.27774e+08,0,2.74936e+07,-1.77341e+06,1.77341e+06,1.30243e+07
0,0,0,5.27774e+08,0,2.71389e+07,-1.77341e+06,1.77341e+06,1.30243e+07
0,0,0,5.27774e+08,0,2.71399e+07,-1.77341e+06,1.77341e+06,1.30243e+07
0,0,0,5.27774e+08,0,2.7141e+07,-1.77341e+06,1.77341e+06,1.30243e+07
0,0,0,5.27774e+08,0,2.71421e+07,-1.77341e+06,1.77341e+06,1.30243e+07
0,0,0,5.27774e+08,0,2.83784e+07,-1.77341e+06,1.77341e+06,1.30243e+07
0,0,0,5.27774e+08,0,2.83795e+07,-1.77341e+06,1.77341e+06,1.30243e+07
0,0,0,5.27774e+08,0,2.83806e+07,-1.77341e+06,1.77341e+06,1.30243e+07
0,0,0,5.27774e+08,0,2.83817e+07,-1.77341e+06,1.77341e+06,1.30243e+07
0,0,0,5.27774e+08,0,2.83829e+07,-1.77341e+06,1.77341e+06,1.30243e+07
0,0,0,5.27774e+08,0,2.86188e+07,-1.77341e+06,1.77341e+06,1.30243e+07
0,0,0,5.27774e+08,0,2.86199e+07,-1.77341e+06,1.77341e+06,1.30243e+07
0,0,0,5.27774e+08,0,2.8621e+07,-1.77341e+06,1.77341e+06,1.30243e+07
0,0,0,5.27774e+08,0,2.86221e+07,-1.77341e+06,1.77341e+06,1.30243e+07
0,0,0,5.27774e+08,0,2.9241e+07,-1.77341e+06,1.77341e+06,1.30243e+07
0,0,0,5.27774e+08,0,2.92421e+07,-1.77341e+06,1.77341e+06,1.30243e+07
0,0,0,5.27774e+08,0,2.92433e+07,-1.77341e+06,1.77341e+06,1.30243e+07
0,0,0,5.27774e+08,0,2.92444e+07,-1.77341e+06,1.77341e+06,1.30243e+07
0,0,0,5.27774e+08,0,3.12688e+07,-1.77341e+06,1.77341e+06,1.30243e+07
0,0,0,5.27774e+08,0,3.127e+07,-1.77341e+06,1.77341e+06,1.30243e+07
0,0,0,5.27774e+08,0,3.12713e+07,-1.77341e+06,1.77341e+06,1.30243e+07
0,0,0,5.27774e+08,0,3.12725e+07,-1.77341e+06,1.77341e+06,1.30243e+07
0,0,0,5.27774e+08,0,3.12737e+07,-1.77341e+06,1.77341e+06,1.30243e+07
0,0,0,5.27774e+08,0,3.01531e+07,-1.77341e+06,1.77341e+06,1.30243e+07
0,0,0,5.27774e+08,0,3.01543e+07,-1.77341e+06,1.77341e+06,1.30243e+07
0,0,0,5.27774e+08,0,3.01555e+07,-1.77341e+06,1.77341e+06,1.30243e+07
0,0,0,5.27774e+08,0,3.01567e+07,-1.77341e+06,1.77341e+06,1.30243e+07
0,0,0,5.27774e+08,0,2.91752e+07,-1.77341e+06,1.77341e+06,1.30243e+07
0,0,0,5.27774e+08,0,2.91764e+07,-1.77341e+06,1.77341e+06,1.30243e+07
0,0,0,5.27774e+08,0,2.91775e+07,-1.77341e+06,1.77341e+06,1.30243e+07
0,0,0,5.27774e+08,0,2.91787e+07,-1.77341e+06,1.77341e+06,1.30243e+07
0,0,0,5.27774e+08,0,2.68634e+07,-1.77341e+06,1.77341e+06,1.30243e+07
0,0,0,5.27774e+08,0,2.68644e+07,-1.77341e+06,1.77341e+06,1.30243e+07
0,0,0,5.27774e+08,0,2.68655e+07,-1.77341e+06,1.77341e+06,1.30243e+07
0,0,0,5.27774e+08,0,2.68665e+07,-1.77341e+06,1.77341e+06,1.30243e+07
0,0,0,5.27774e+08,0,2.68676e+07,-1.77341e+06,1.77341e+06,1.30243e+07
0,0,0,5.27774e+08,0,2.68676e+07,-1.77341e+06,1.77341e+06,1.30243e+07
0,0,0,5.27774e+08,0,2.76357e+07,-1.77341e+06,1.77341e+06,1.30243e+07
0,0,0,5.27774e+08,0,2.76366e+07,-1.77341e+06,1.77341e+06,1.30243e+07
0,0,0,5.27774e+08,0,2.76375e+07,-1.77341e+06,1.77341e+06,1.30243e+07
0,0,0,5.27774e+08,0,2.76385e+07,-1.77341e+06,1.77341e+06,1.30243e+07
0,0,0,5.27774e+08,0,3.03082e+07,-1.77341e+06,1.77341e+06,1.30243e+07
0,0,0,5.27774e+08,0,3.03092e+07,-1.77341e+06,1.77341e+06,1.30243e+07
0,0,0,5.27774e+08,0,3.03103e+07,-1.77341e+06,1.77341e+06,1.30243e+07
0,0,0,5.27774e+08,0,3.03113e+07,-1.77341e+06,1.77341e+06,1.30243e+07
0,0,0,5.27774e+08,0,2.6625e+07,-1.77341e+06,1.77341e+06,1.30243e+07
0,0,0,5.27774e+08,0,2.66259e+07,-1.77341e+06,1.77341e+06,1.30243e+07
0,0,0,5.27774e+08,0,2.66268e+07,-1.77341e+06,1.77341e+06,1.30243e+07
0,0,0,5.27774e+08,0,2.66277e+07,-1.77341e+06,1.77341e+06,1.30243e+07
0,0,0,5.27774e+08,0,2.66286e+07,-1.77341e+06,1.77341e+06,1.30243e+07
0,0,0,5.27774e+08,0,2.75444e+07,-1.77341e+06,1.77341e+06,1.30243e+07
0,0,0,5.27774e+08,0,2.75453e+07,-1.77341e+06,1.77341e+06,1.30243e+07
0,0,0,5.27774e+08,0,2.75463e+07,-1.77341e+06,1.77341e+06,1.30243e+07
0,0,0,5.27774e+08,0,2.75472e+07,-1.77341e+06,1.77341e+06,1.30243e+07
0,0,0,5.27774e+08,0,2.71916e+07,-1.77341e+06,1.77341e+06,1.30243e+07
0,0,0,5.27774e+08,0,2.71926e+07,-1.77341e+06,1.77341e+06,1.30243e+07
0,0,0,5.27774e+08,0,2.71935e+07,-1.77341e+06,1.77341e+06,1.30243e+07
0,0,0,5.27774e+08,0,2.71944e+07,-1.77341e+06,1.77341e+06,1.30243e+07
0,0,0,5.27774e+08,0,2.84333e+07,-1.77341e+06,1.77341e+06,1.30243e+07
0,0,0,5.27774e+08,0,2.84342e+07,-1.77341e+06,1.77341e+06,1.30243e+07
0,0,0,5.27774e+08,0,2.84352e+07,-1.77341e+06,1.77341e+06,1.30243e+07
0,0,0,5.27774e+08,0,2.84362e+07,-1.77341e+06,1.77341e+06,1.30243e+07
0,0,0,5.27774e+08,0,2.84372e+07,-1.77341e+06,1.77341e+06,1.30243e+07
0,0,0,5.27774e+08,0,2.86734e+07,-1.77341e+06,1.77341e+06,1.30243e+07
0,0,0,5.27774e+08,0,2.86744e+07,-1.77341e+06,1.77341e+06,1.30243e+07
0,0,0,5.27774e+08,0,2.86754e+07,-1.77341e+06,1.77341e+06,1.30243e+07
0,0,0,5.27774e+08,0,2.86764e+07,-1.77341e+06,1.77341e+06,1.30243e+07
0,0,0,5.27774e+08,0,2.92964e+07,-1.77341e+06,1.77341e+06,1.30243e+07
0,0,0,5.27774e+08,0,2.92974e+07,-1.77341e+06,1.77341e+06,1.30243e+07
0,0,0,5.27774e+08,0,2.92984e+07,-1.77341e+06,1.77341e+06,1.30243e+07
0,0,0,5.27774e+08,0,2.92994e+07,-1.77341e+06,1.77341e+06,1.30243e+07
0,0,0,5.27774e+08,0,3.13278e+07,-1.77341e+06,1.77341e+06,1.30243e+07
0,0,0,5.27774e+08,0,3.13289e+07,-1.77341e+06,1.77341e+06,1.30243e+07
0,0,0,5.27774e+08,0,3.133e+07,-1.77341e+06,1.77341e+06,1.30243e+07
0,0,0,5.27774e+08,0,3.13311e+07,-1.77341e+06,1.77341e+06,1.30243e+07
0,0,0,5.27774e+08,0,3.13322e+07,-1.77341e+06,1.77341e+06,1.30243e+07
0,0,0,5.27774e+08,0,3.02091e+07,-1.77341e+06,1.77341e+06,1.30243e+07
0,0,0,5.27774e+08,0,3.02101e+07,-1.77341e+06,1.77341e+06,1.30243e+07
0,0,0,5.27774e+08,0,3.02112e+07,-1.77341e+06,1.77341e+06,1.30243e+07
0,0,0,5.27774e+08,0,3.02122e+07,-1.77341e+06,1.77341e+06,1.30243e+07
0,0,0,5.27774e+08,0,2.92287e+07,-1.77341e+06,1.77341e+06,1.30243e+07
0,0,0,5.27774e+08,0,2.92297e+07,-1.77341e+06,1.77341e+06,1.30243e+07
0,0,0,5.27774e+08,0,2.92307e+07,-1.77341e+06,1.77341e+06,1.30243e+07
0,0,0,5.27774e+08,0,2.92317e+07,-1.77341e+06,1.77341e+06,1.30243e+07
0,0,0,5.27774e+08,0,2.69116e+07,-1.77341e+06,1.77341e+06,1.30243e+07
0,0,0,5.27774e+08,0,2.69125e+07,-1.77341e+06,1.77341e+06,1.30243e+07
0,0,0,5.27774e+08,0,2.69134e+07,-1.77341e+06,1.77341e+06,1.30243e+07
0,0,0,5.27774e+08,0,2.69144e+07,-1.77341e+06,1.77341e+06,1.30243e+07
0,0,0,5.27774e+08,0,2.69153e+07,-1.77341e+06,1.77341e+06,1.30243e+07
0,0,0,5.27774e+08,0,2.76847e+07,-1.77341e+06,1.77341e+06,1.30243e+07
0,0,0,5.27774e+08,0,2.76856e+07,-1.77341e+06,1.77341e+06,1.30243e+07
0,0,0,5.27774e+08,0,2.76864e+07,-1.77341e+06,1.77341e+06,1.30243e+07
0,0,0,5.27774e+08,0,2.76872e+07,-1.77341e+06,1.77341e+06,1.30243e+07
0,0,0,5.27774e+08,0,3.03619e+07,-1.77341e+06,1.77341e+06,1.30243e+07
0,0,0,5.27774e+08,0,3.03628e+07,-1.77341e+06,1.77341e+06,1.30243e+07
0,0,0,5.27774e+08,0,3.03637e+07,-1.77341e+06,1.77341e+06,1.30243e+07
0,0,0,5.27774e+08,0,3.03646e+07,-1.77341e+06,1.77341e+06,1.30243e+07
0,0,0,5.27774e+08,0,2.66711e+07,-1.77341e+06,1.77341e+06,1.30243e+07
0,0,0,5.27774e+08,0,2.66719e+07,-1.77341e+06,1.77341e+06,1.30243e+07
0,0,0,5.27774e+08,0,2.66726e+07,-1.77341e+06,1.77341e+06,1.30243e+07
0,0,0,5.27774e+08,0,2.66734e+07,-1.77341e+06,1.77341e+06,1.30243e+07
0,0,0,5.27774e+08,0,2.66742e+07,-1.77341e+06,1.77341e+06,1.30243e+07
0,0,0,5.27774e+08,0,2.75916e+07,-1.77341e+06,1.77341e+06,1.30243e+07
0,0,0,5.27774e+08,0,2.75924e+07,-1.77341e+06,1.77341e+06,1.30243e+07
0,0,0,5.27774e+08,0,2.75932e+07,-1.77341e+06,1.77341e+06,1.30243e+07
0,0,0,5.27774e+08,0,2.7594e+07,-1.77341e+06,1.77341e+06,1.30243e+07
0,0,0,5.27774e+08,0,2.72376e+07,-1.77341e+06,1.77341e+06,1.30243e+07
0,0,0,5.27774e+08,0,2.72384e+07,-1.77341e+06,1.77341e+06,1.30243e+07
0,0,0,5.27774e+08,0,2.72392e+07,-1.77341e+06,1.77341e+06,1.30243e+07
0,0,0,5.27774e+08,0,2.724e+07,-1.77341e+06,1.77341e+06,1.30243e+07
0,0,0,5.27774e+08,0,2.8481e+07,-1.77341e+06,1.77341e+06,1.30243e+07
0,0,0,5.27774e+08,0,2.84819e+07,-1.77341e+06,1.77341e+06,1.30243e+07
0,0,0,5.27774e+08,0,2.84827e+07,-1.77341e+06,1.77341e+06,1.30243e+07
0,0,0,5.27774e+08,0,2.84836e+07,-1.77341e+06,1.77341e+06,1.30243e+07
0,0,0,5.27774e+08,0,2.84844e+07,-1.77341e+06,1.77341e+06,1.30243e+07
0,0,0,5.27774e+08,0,2.8721e+07,-1.77341e+06,1.77341e+06,1.30243e+07
0,0,0,5.27774e+08,0,2.87218e+07,-1.77341e+06,1.77341e+06,1.30243e+07
0,0,0,5.27774e+08,0,2.87227e+07,-1.77341e+06,1.77341e+06,1.30243e+07
0,0,0,5.27774e+08,0,2.87235e+07,-1.77341e+06,1.77341e+06,1.30243e+07
0,0,0,5.27774e+08,0,2.93445e+07,-1.77341e+06,1.77341e+06,1.30243e+07
0,0,0,5.27774e+08,0,2.93454e+07,-1.77341e+06,1.77341e+06,1.30243e+07
0,0,0,5.27774e+08,0,2.93462e+07,-1.77341e+06,1.77341e+06,1.30243e+07
0,0,0,5.27774e+08,0,2.93471e+07,-1.77341e+06,1.77341e+06,1.30243e+07
0,0,0,5.27774e+08,0,3.1379e+07,-1.77341e+06,1.77341e+06,1.30243e+07
0,0,0,5.27774e+08,0,3.13799e+07,-1.77341e+06,1.77341e+06,1.30243e+07
0,0,0,5.27774e+08,0,3.13809e+07,-1.77341e+06,1.77341e+06,1.30243e+07
0,0,0,5.27774e+08,0,3.13818e+07,-1.77341e+06,1.77341e+06,1.30243e+07
0,0,0,5.27774e+08,0,3.13828e+07,-1.77341e+06,1.77341e+06,1.30243e+07
0,0,0,5.27774e+08,0,3.02575e+07,-1.77341e+06,1.77341e+06,1.30243e+07
0,0,0,5.27774e+08,0,3.02584e+07,-1.77341e+06,1.77341e+06,1.30243e+07
0,0,0,5.27774e+08,0,3.02593e+07,-1.77341e+06,1.77341e+06,1.30243e+07
0,0,0,5.27774e+08,0,3.02602e+07,-1.77341e+06,1.77341e+06,1.30243e+07
0,0,0,5.27774e+08,0,2.92748e+07,-1.77341e+06,1.77341e+06,1.30243e+07
0,0,0,5.27774e+08,0,2.92757e+07,-1.77341e+06,1.77341e+06,1.30243e+07
0,0,0,5.27774e+08,0,2.92765e+07,-1.77341e+06,1.77341e+06,1.30243e+07
0,0,0,5.27774e+08,0,2.92774e+07,-1.77341e+06,1.77341e+06,1.30243e+07
0,0,0,5.27774e+08,0,2.69532e+07,-1.77341e+06,1.77341e+06,1.30243e+07
0,0,0,5.27774e+08,0,2.6954e+07,-1.77341e+06,1.77341e+06,1.30243e+07
0,0,0,5.27774e+08,0,2.69548e+07,-1.77341e+06,1.77341e+06,1.30243e+07
0,0,0,5.27774e+08,0,2.69556e+07,-1.77341e+06,1.77341e+06,1.30243e+07
0,0,0,5.27774e+08,0,2.69564e+07,-1.77341e+06,1.77341e+06,1.30243e+07
0,0,0,5.27774e+08,0,2.7727e+07,-1.77341e+06,1.77341e+06,1.30243e+07
0,0,0,5.27774e+08,0,2.77277e+07,-1.77341e+06,1.77341e+06,1.30243e+07
0,0,0,5.27774e+08,0,2.77284e+07,-1.77341e+06,1.77341e+06,1.30243e+07
0,0,0,5.27774e+08,0,2.7729e+07,-1.77341e+06,1.77341e+06,1.30243e+07
0,0,0,5.27774e+08,0,3.04081e+07,-1.77341e+06,1.77341e+06,1.30243e+07
0,0,0,5.27774e+08,0,3.04089e+07,-1.77341e+06,1.77341e+06,1.30243e+07
0,0,0,5.27774e+08,0,3.04097e+07,-1.77341e+06,1.77341e+06,1.30243e+07
0,0,0,5.27774e+08,0,3.04104e+07,-1.77341e+06,1.77341e+06,1.30243e+07
0,0,0,5.27774e+08,0,2.67106e+07,-1.77341e+06,1.77341e+06,1.30243e+07
0,0,0,5.27774e+08,0,2.67113e+07,-1.77341e+06,1.77341e+06,1.30243e+07
0,0,0,5.27774e+08,0,2.67119e+07,-1.77341e+06,1.77341e+06,1.30243e+07
0,0,0,5.27774e+08,0,2.67126e+07,-1.77341e+06,1.77341e+06,1.30243e+07
0,0,0,5.27774e+08,0,2.67132e+07,-1.77341e+06,1.77341e+06,1.30243e+07
0,0,0,5.27774e+08,0,2.7632e+07,-1.77341e+06,1.77341e+06,1.30243e+07
0,0,0,5.27774e+08,0,2.76326e+07,-1.77341e+06,1.77341e+06,1.30243e+07
0,0,0,5.27774e+08,0,2.76333e+07,-1.77341e+06,1.77341e+06,1.30243e+07
0,0,0,5.27774e+08,0,2.7634e+07,-1.77341e+06,1.77341e+06,1.30243e+07
0,0,0,5.27774e+08,0,2.72769e+07,-1.77341e+06,1.77341e+06,1.30243e+07
0,0,0,5.27774e+08,0,2.72776e+07,-1.77341e+06,1.77341e+06,1.30243e+07
0,0,0,5.27774e+08,0,2.72782e+07,-1.77341e+06,1.77341e+06,1.30243e+07
0,0,0,5.27774e+08,0,2.72789e+07,-1.77341e+06,1.77341e+06,1.30243e+07
0,0,0,5.27774e+08,0,2.85218e+07,-1.77341e+06,1.77341e+06,1.30243e+07
0,0,0,5.27774e+08,0,2.85225e+07,-1.77341e+06,1.77341e+06,1.30243e+07
0,0,0,5.27774e+08,0,2.85232e+07,-1.77341e+06,1.77341e+06,1.30243e+07
0,0,0,5.27774e+08,0,2.85239e+07,-1.77341e+06,1.77341e+06,1.30243e+07
0,0,0,5.27774e+08,0,2.85246e+07,-1.77341e+06,1.77341e+06,1.30243e+07
0,0,0,5.27774e+08,0,2.87614e+07,-1.77341e+06,1.77341e+06,1.30243e+07
0,0,0,5.27774e+08,0,2.87621e+07,-1.77341e+06,1.77341e+06,1.30243e+07
0,0,0,5.27774e+08,0,2.87628e+07,-1.77341e+06,1.77341e+06,1.30243e+07
0,0,0,5.27774e+08,0,2.87635e+07,-1.77341e+06,1.77341e+06,1.30243e+07
0,0,0,5.27774e+08,0,2.93853e+07,-1.77341e+06,1.77341e+06,1.30243e+07
0,0,0,5.27774e+08,0,2.9386e+07,-1.77341e+06,1.77341e+06,1.30243e+07
0,0,0,5.27774e+08,0,2.93868e+07,-1.77341e+06,1.77341e+06,1.30243e+07
0,0,0,5.27774e+08,0,2.93875e+07,-1.77341e+06,1.77341e+06,1.30243e+07
0,0,0,5.27774e+08,0,3.14224e+07,-1.77341e+06,1.77341e+06,1.30243e+07
0,0,0,5.27774e+08,0,3.14231e+07,-1.77341e+06,1.77341e+06,1.30243e+07
0,0,0,5.27774e+08,0,3.14239e+07,-1.77341e+06,1.77341e+06,1.30243e+07
0,0,0,5.27774e+08,0,3.14247e+07,-1.77341e+06,1.77341e+06,1.30243e+07
0,0,0,5.27774e+08,0,3.14255e+07,-1.77341e+06,1.77341e+06,1.30243e+07
0,0,0,5.27774e+08,0,3.02984e+07,-1.77341e+06,1.77341e+06,1.30243e+07
0,0,0,5.27774e+08,0,3.02992e+07,-1.77341e+06,1.77341e+06,1.30243e+07
0,0,0,5.27774e+08,0,3.02999e+07,-1.77341e+06,1.77341e+06,1.30243e+07
0,0,0,5.27774e+08,0,3.03007e+07,-1.77341e+06,1.77341e+06,1.30243e+07
0,0,0,5.27774e+08,0,2.93137e+07,-1.77341e+06,1.77341e+06,1.30243e+07
0,0,0,5.27774e+08,0,2.93144e+07,-1.77341e+06,1.77341e+06,1.30243e+07
0,0,0,5.27774e+08,0,2.93151e+07,-1.77341e+06,1.77341e+06,1.30243e+07
0,0,0,5.27774e+08,0,2.93159e+07,-1.77341e+06,1.77341e+06,1.30243e+07
0,0,0,5.27774e+08,0,2.69882e+07,-1.77341e+06,1.77341e+06,1.30243e+07
0,0,0,5.27774e+08,0,2.69888e+07,-1.77341e+06,1.77341e+06,1.30243e+07
0,0,0,5.27774e+08,0,2.69895e+07,-1.77341e+06,1.77341e+06,1.30243e+07
0,0,0,5.27774e+08,0,2.69902e+07,-1.77341e+06,1.77341e+06,1.30243e+07
0,0,0,5.27774e+08,0,2.69908e+07,-1.77341e+06,1.77341e+06,1.30243e+07
0,0,0,5.27774e+08,0,2.77624e+07,-1.77341e+06,1.77341e+06,1.30243e+07
0,0,0,5.27774e+08,0,2.7763e+07,-1.77341e+06,1.77341e+06,1.30243e+07
0,0,0,5.27774e+08,0,2.77635e+07,-1.77341e+06,1.77341e+06,1.30243e+07
0,0,0,5.27774e+08,0,2.77641e+07,-1.77341e+06,1.77341e+06,1.30243e+07
0,0,0,5.27774e+08,0,3.04468e+07,-1.77341e+06,1.77341e+06,1.30243e+07
0,0,0,5.27774e+08,0,3.04474e+07,-1.77341e+06,1.77341e+06,1.30243e+07
0,0,0,5.27774e+08,0,3.0448e+07,-1.77341e+06,1.77341e+06,1.30243e+07
0,0,0,5.27774e+08,0,3.04486e+07,-1.77341e+06,1.77341e+06,1.30243e+07
0,0,0,5.27774e+08,0,2.67435e+07,-1.77341e+06,1.77341e+06,1.30243e+07
0,0,0,5.27774e+08,0,2.67441e+07,-1.77341e+06,1.77341e+06,1.30243e+07
0,0,0,5.27774e+08,0,2.67446e+07,-1.77341e+06,1.77341e+06,1.30243e+07
0,0,0,5.27774e+08,0,2.67451e+07,-1.77341e+06,1.77341e+06,1.30243e+07
0,0,0,5.27774e+08,0,2.67457e+07,-1.77341e+06,1.77341e+06,1.30243e+07
0,0,0,5.27774e+08,0,2.76655e+07,-1.77341e+06,1.77341e+06,1.30243e+07
0,0,0,5.27774e+08,0,2.7666e+07,-1.77341e+06,1.77341e+06,1.30243e+07
0,0,0,5.27774e+08,0,2.76666e+07,-1.77341e+06,1.77341e+06,1.30243e+07
0,0,0,5.27774e+08,0,2.76671e+07,-1.77341e+06,1.77341e+06,1.30243e+07
0,0,0,5.27774e+08,0,2.73094e+07,-1.77341e+06,1.77341e+06,1.30243e+07
0,0,0,5.27774e+08,0,2.731e+07,-1.77341e+06,1.77341e+06,1.30243e+07
0,0,0,5.27774e+08,0,2.73105e+07,-1.77341e+06,1.77341e+06,1.30243e+07
0,0,0,5.27774e+08,0,2.7311e+07,-1.77341e+06,1.77341e+06,1.30243e+07
0,0,0,5.27774e+08,0,2.85554e+07,-1.77341e+06,1.77341e+06,1.30243e+07
0,0,0,5.27774e+08,0,2.8556e+07,-1.77341e+06,1.77341e+06,1.30243e+07
0,0,0,5.27774e+08,0,2.85565e+07,-1.77341e+06,1.77341e+06,1.30243e+07
0,0,0,5.27774e+08,0,2.85571e+07,-1.77341e+06,1.77341e+06,1.30243e+07
0,0,0,5.27774e+08,0,2.85577e+07,-1.77341e+06,1.77341e+06,1.30243e+07
0,0,0,5.27774e+08,0,2.87946e+07,-1.77341e+06,1.77341e+06,1.30243e+07
0,0,0,5.27774e+08,0,2.87952e+07,-1.77341e+06,1.77341e+06,1.30243e+07
0,0,0,5.27774e+08,0,2.87958e+07,-1.77341e+06,1.77341e+06,1.30243e+07
0,0,0,5.27774e+08,0,2.87963e+07,-1.77341e+06,1.77341e+06,1.30243e+07
0,0,0,5.27774e+08,0,2.94188e+07,-1.77341e+06,1.77341e+06,1.30243e+07
0,0,0,5.27774e+08,0,2.94194e+07,-1.77341e+06,1.77341e+06,1.30243e+07
0,0,0,5.27774e+08,0,2.942e+07,-1.77341e+06,1.77341e+06,1.30243e+07
0,0,0,5.27774e+08,0,2.94205e+07,-1.77341e+06,1.77341e+06,1.30243e+07
0,0,0,5.27774e+08,0,3.14578e+07,-1.77341e+06,1.77341e+06,1.30243e+07
0,0,0,5.27774e+08,0,3.14584e+07,-1.77341e+06,1.77341e+06,1.30243e+07
0,0,0,5.27774e+08,0,3.1459e+07,-1.77341e+06,1.77341e+06,1.30243e+07
0,0,0,5.27774e+08,0,3.14597e+07,-1.77341e+06,1.77341e+06,1.30243e+07
0,0,0,5.27774e+08,0,3.14603e+07,-1.77341e+06,1.77341e+06,1.30243e+07
0,0,0,5.27774e+08,0,3.03317e+07,-1.77341e+06,1.77341e+06,1.30243e+07
0,0,0,5.27774e+08,0,3.03323e+07,-1.77341e+06,1.77341e+06,1.30243e+07
0,0,0,5.27774e+08,0,3.03329e+07,-1.77341e+06,1.77341e+06,1.30243e+07
0,0,0,5.27774e+08,0,3.03335e+07,-1.77341e+06,1.77341e+06,1.30243e+07
0,0,0,5.27774e+08,0,2.93452e+07,-1.77341e+06,1.77341e+06,1.30243e+07
0,0,0,5.27774e+08,0,2.93458e+07,-1.77341e+06,1.77341e+06,1.30243e+07
0,0,0,5.27774e+08,0,2.93464e+07,-1.77341e+06,1.77341e+06,1.30243e+07
0,0,0,5.27774e+08,0,2.9347e+07,-1.77341e+06,1.77341e+06,1.30243e+07
0,0,0,5.27774e+08,0,2.70164e+07,-1.77341e+06,1.77341e+06,1.30243e+07
0,0,0,5.27774e+08,0,2.70169e+07,-1.77341e+06,1.77341e+06,1.30243e+07
0,0,0,5.27774e+08,0,2.70175e+07,-1.77341e+06,1.77341e+06,1.30243e+07
0,0,0,5.27774e+08,0,2.7018e+07,-1.77341e+06,1.77341e+06,1.30243e+07
0,0,0,5.27774e+08,0,2.70185e+07,-1.77341e+06,1.77341e+06,1.30243e+07
0,0,0,5.27774e+08,0,2.77909e+07,-1.77341e+06,1.77341e+06,1.30243e+07
0,0,0,5.27774e+08,0,2.77913e+07,-1.77341e+06,1.77341e+06,1.30243e+07
0,0,0,5.27774e+08,0,2.77917e+07,-1.77341e+06,1.77341e+06,1.30243e+07
0,0,0,5.27774e+08,0,2.77921e+07,-1.77341e+06,1.77341e+06,1.30243e+07
0,0,0,5.27774e+08,0,3.04777e+07,-1.77341e+06,1.77341e+06,1.30243e+07
0,0,0,5.27774e+08,0,3.04781e+07,-1.77341e+06,1.77341e+06,1.30243e+07
0,0,0,5.27774e+08,0,3.04786e+07,-1.77341e+06,1.77341e+06,1.30243e+07
0,0,0,5.27774e+08,0,2.80737e+07,-4.17874e+06,4.17874e+06,1.47291e+07
0,0,0,5.27774e+08,0,2.46864e+07,-3.85688e+06,3.85688e+06,1.47291e+07
0,0,0,5.27774e+08,0,2.46867e+07,-3.85691e+06,3.85691e+06,1.47291e+07
0,0,0,5.27774e+08,0,2.46871e+07,-3.85695e+06,3.85695e+06,1.47291e+07
0,0,0,5.27774e+08,0,2.46874e+07,-3.85698e+06,3.85698e+06,1.47291e+07
0,0,0,5.27774e+08,0,2.46878e+07,-3.85702e+06,3.85702e+06,1.47291e+07
0,0,0,5.27774e+08,0,2.55286e+07,-3.93691e+06,3.93691e+06,1.47291e+07
0,0,0,5.27774e+08,0,2.5529e+07,-3.93694e+06,3.93694e+06,1.47291e+07
0,0,0,5.27774e+08,0,2.55294e+07,-3.93698e+06,3.93698e+06,1.47291e+07
0,0,0,5.27774e+08,0,2.55298e+07,-3.93701e+06,3.93701e+06,1.47291e+07
0,0,0,5.27774e+08,0,2.52026e+07,-3.90593e+06,3.90593e+06,1.47291e+07
0,0,0,5.27774e+08,0,2.5203e+07,-3.90597e+06,3.90597e+06,1.47291e+07
0,0,0,5.27774e+08,0,2.69094e+07,-2.19993e+06,2.19993e+06,1.30243e+07
0,0,0,5.27774e+08,0,2.73364e+07,-1.77341e+06,1.77341e+06,1.30243e+07
0,0,0,5.27774e+08,0,2.85819e+07,-1.77341e+06,1.77341e+06,1.30243e+07
0,0,0,5.27774e+08,0,2.63415e+07,-4.01415e+06,4.01415e+06,1.47291e+07
0,0,0,5.27774e+08,0,2.81346e+07,-2.22157e+06,2.22157e+06,1.30243e+07
0,0,0,5.27774e+08,0,2.85831e+07,-1.77341e+06,1.77341e+06,1.30243e+07
0,0,0,5.27774e+08,0,2.85836e+07,-1.77341e+06,1.77341e+06,1.30243e+07
0,0,0,5.27774e+08,0,2.83683e+07,-2.2257e+06,2.2257e+06,1.30243e+07
0,0,0,5.27774e+08,0,2.88211e+07,-1.77341e+06,1.77341e+06,1.30243e+07
0,0,0,5.27774e+08,0,2.88215e+07,-1.77341e+06,1.77341e+06,1.30243e+07
0,0,0,5.27774e+08,0,2.88219e+07,-1.77341e+06,1.77341e+06,1.30243e+07
0,0,0,5.27774e+08,0,2.94448e+07,-1.77341e+06,1.77341e+06,1.30243e+07
0,0,0,5.27774e+08,0,2.94453e+07,-1.77341e+06,1.77341e+06,1.30243e+07
0,0,0,5.27774e+08,0,2.94457e+07,-1.77341e+06,1.77341e+06,1.30243e+07
0,0,0,5.27774e+08,0,2.94462e+07,-1.77341e+06,1.77341e+06,1.30243e+07
0,0,0,5.27774e+08,0,3.14852e+07,-1.77341e+06,1.77341e+06,1.30243e+07
0,0,0,5.27774e+08,0,3.14857e+07,-1.77341e+06,1.77341e+06,1.30243e+07
0,0,0,5.27774e+08,0,3.14861e+07,-1.77341e+06,1.77341e+06,1.30243e+07
0,0,0,5.27774e+08,0,3.14866e+07,-1.77341e+06,1.77341e+06,1.30243e+07
0,0,0,5.27774e+08,0,3.14871e+07,-1.77341e+06,1.77341e+06,1.30243e+07
0,0,0,5.27774e+08,0,3.03573e+07,-1.77341e+06,1.77341e+06,1.30243e+07
0,0,0,5.27774e+08,0,3.03578e+07,-1.77341e+06,1.77341e+06,1.30243e+07
0,0,0,5.27774e+08,0,3.03582e+07,-1.77341e+06,1.77341e+06,1.30243e+07
0,0,0,5.27774e+08,0,3.03587e+07,-1.77341e+06,1.77341e+06,1.30243e+07
0,0,0,5.27774e+08,0,2.93693e+07,-1.77341e+06,1.77341e+06,1.30243e+07
0,0,0,5.27774e+08,0,2.93698e+07,-1.77341e+06,1.77341e+06,1.30243e+07
0,0,0,5.27774e+08,0,2.70611e+07,-4.08252e+06,4.08252e+06,1.47291e+07
0,0,0,5.27774e+08,0,2.70615e+07,-4.08256e+06,4.08256e+06,1.47291e+07
0,0,0,5.27774e+08,0,2.49312e+07,-3.88014e+06,3.88014e+06,1.47291e+07
0,0,0,5.27774e+08,0,2.49315e+07,-3.88017e+06,3.88017e+06,1.47291e+07
0,0,0,5.27774e+08,0,2.49319e+07,-3.88021e+06,3.88021e+06,1.47291e+07
0,0,0,5.27774e+08,0,2.49323e+07,-3.88024e+06,3.88024e+06,1.47291e+07
0,0,0,5.27774e+08,0,2.49326e+07,-3.88028e+06,3.88028e+06,1.47291e+07
0,0,0,5.27774e+08,0,2.56384e+07,-3.94734e+06,3.94734e+06,1.47291e+07
0,0,0,5.27774e+08,0,2.56387e+07,-3.94737e+06,3.94737e+06,1.47291e+07
0,0,0,5.27774e+08,0,2.78129e+07,-1.77341e+06,1.77341e+06,1.30243e+07
0,0,0,5.27774e+08,0,2.78132e+07,-1.77341e+06,1.77341e+06,1.30243e+07
0,0,0,5.27774e+08,0,3.05009e+07,-1.77341e+06,1.77341e+06,1.30243e+07
0,0,0,5.27774e+08,0,3.05012e+07,-1.77341e+06,1.77341e+06,1.30243e+07
0,0,0,5.27774e+08,0,3.05015e+07,-1.77341e+06,1.77341e+06,1.30243e+07
0,0,0,5.27774e+08,0,3.05018e+07,-1.77341e+06,1.77341e+06,1.30243e+07
0,0,0,5.27774e+08,0,2.67894e+07,-1.77341e+06,1.77341e+06,1.30243e+07
0,0,0,5.27774e+08,0,2.67897e+07,-1.77341e+06,1.77341e+06,1.30243e+07
0,0,0,5.27774e+08,0,2.67899e+07,-1.77341e+06,1.77341e+06,1.30243e+07
0,0,0,5.27774e+08,0,2.67902e+07,-1.77341e+06,1.77341e+06,1.30243e+07
0,0,0,5.27774e+08,0,2.67905e+07,-1.77341e+06,1.77341e+06,1.30243e+07
0,0,0,5.27774e+08,0,2.77118e+07,-1.77341e+06,1.77341e+06,1.30243e+07
0,0,0,5.27774e+08,0,2.77121e+07,-1.77341e+06,1.77341e+06,1.30243e+07
0,0,0,5.27774e+08,0,2.77123e+07,-1.77341e+06,1.77341e+06,1.30243e+07
0,0,0,5.27774e+08,0,2.77126e+07,-1.77341e+06,1.77341e+06,1.30243e+07
0,0,0,5.27774e+08,0,2.7354e+07,-1.77341e+06,1.77341e+06,1.30243e+07
0,0,0,5.27774e+08,0,2.73543e+07,-1.77341e+06,1.77341e+06,1.30243e+07
0,0,0,5.27774e+08,0,2.73546e+07,-1.77341e+06,1.77341e+06,1.30243e+07
0,0,0,5.27774e+08,0,2.73548e+07,-1.77341e+06,1.77341e+06,1.30243e+07
0,0,0,5.27774e+08,0,2.86011e+07,-1.77341e+06,1.77341e+06,1.30243e+07
0,0,0,5.27774e+08,0,2.86014e+07,-1.77341e+06,1.77341e+06,1.30243e+07
0,0,0,5.27774e+08,0,2.86017e+07,-1.77341e+06,1.77341e+06,1.30243e+07
0,0,0,5.27774e+08,0,2.8602e+07,-1.77341e+06,1.77341e+06,1.30243e+07
0,0,0,5.27774e+08,0,2.86023e+07,-1.77341e+06,1.77341e+06,1.30243e+07
0,0,0,5.27774e+08,0,2.88394e+07,-1.77341e+06,1.77341e+06,1.30243e+07
0,0,0,5.27774e+08,0,2.88397e+07,-1.77341e+06,1.77341e+06,1.30243e+07
0,0,0,5.27774e+08,0,2.884e+07,-1.77341e+06,1.77341e+06,1.30243e+07
0,0,0,5.27774e+08,0,2.88403e+07,-1.77341e+06,1.77341e+06,1.30243e+07
0,0,0,5.27774e+08,0,2.94635e+07,-1.77341e+06,1.77341e+06,1.30243e+07
0,0,0,5.27774e+08,0,2.94638e+07,-1.77341e+06,1.77341e+06,1.30243e+07
0,0,0,5.27774e+08,0,2.94641e+07,-1.77341e+06,1.77341e+06,1.30243e+07
0,0,0,5.27774e+08,0,2.94644e+07,-1.77341e+06,1.77341e+06,1.30243e+07
0,0,0,5.27774e+08,0,3.15046e+07,-1.77341e+06,1.77341e+06,1.30243e+07
0,0,0,5.27774e+08,0,3.1505e+07,-1.77341e+06,1.77341e+06,1.30243e+07
0,0,0,5.27774e+08,0,3.15053e+07,-1.77341e+06,1.77341e+06,1.30243e+07
0,0,0,5.27774e+08,0,3.15056e+07,-1.77341e+06,1.77341e+06,1.30243e+07
0,0,0,5.27774e+08,0,3.15059e+07,-1.77341e+06,1.77341e+06,1.30243e+07
0,0,0,5.27774e+08,0,3.03753e+07,-1.77341e+06,1.77341e+06,1.30243e+07
0,0,0,5.27774e+08,0,3.03756e+07,-1.77341e+06,1.77341e+06,1.30243e+07
0,0,0,5.27774e+08,0,3.03759e+07,-1.77341e+06,1.77341e+06,1.30243e+07
0,0,0,5.27774e+08,0,3.03762e+07,-1.77341e+06,1.77341e+06,1.30243e+07
0,0,0,5.27774e+08,0,2.93861e+07,-1.77341e+06,1.77341e+06,1.30243e+07
0,0,0,5.27774e+08,0,2.93864e+07,-1.77341e+06,1.77341e+06,1.30243e+07
0,0,0,5.27774e+08,0,2.93867e+07,-1.77341e+06,1.77341e+06,1.30243e+07
0,0,0,5.27774e+08,0,2.9387e+07,-1.77341e+06,1.77341e+06,1.30243e+07
0,0,0,5.27774e+08,0,2.70526e+07,-1.77341e+06,1.77341e+06,1.30243e+07
0,0,0,5.27774e+08,0,2.70529e+07,-1.77341e+06,1.77341e+06,1.30243e+07
0,0,0,5.27774e+08,0,2.70532e+07,-1.77341e+06,1.77341e+06,1.30243e+07
0,0,0,5.27774e+08,0,2.70535e+07,-1.77341e+06,1.77341e+06,1.30243e+07
0,0,0,5.27774e+08,0,2.70537e+07,-1.77341e+06,1.77341e+06,1.30243e+07
0,0,0,5.27774e+08,0,2.70537e+07,-1.77341e+06,1.77341e+06,1.30243e+07
0,0,0,5.27774e+08,0,2.78269e+07,-1.77341e+06,1.77341e+06,1.30243e+07
0,0,0,5.27774e+08,0,2.78271e+07,-1.77341e+06,1.77341e+06,1.30243e+07
0,0,0,5.27774e+08,0,2.78272e+07,-1.77341e+06,1.77341e+06,1.30243e+07
0,0,0,5.27774e+08,0,2.78274e+07,-1.77341e+06,1.77341e+06,1.30243e+07
0,0,0,5.27774e+08,0,3.05164e+07,-1.77341e+06,1.77341e+06,1.30243e+07
0,0,0,5.27774e+08,0,3.05166e+07,-1.77341e+06,1.77341e+06,1.30243e+07
0,0,0,5.27774e+08,0,3.05168e+07,-1.77341e+06,1.77341e+06,1.30243e+07
0,0,0,5.27774e+08,0,3.05169e+07,-1.77341e+06,1.77341e+06,1.30243e+07
0,0,0,5.27774e+08,0,2.68024e+07,-1.77341e+06,1.77341e+06,1.30243e+07
0,0,0,5.27774e+08,0,2.68025e+07,-1.77341e+06,1.77341e+06,1.30243e+07
0,0,0,5.27774e+08,0,2.68027e+07,-1.77341e+06,1.77341e+06,1.30243e+07
0,0,0,5.27774e+08,0,2.68028e+07,-1.77341e+06,1.77341e+06,1.30243e+07
0,0,0,5.27774e+08,0,2.68029e+07,-1.77341e+06,1.77341e+06,1.30243e+07
0,0,0,5.27774e+08,0,2.77246e+07,-1.77341e+06,1.77341e+06,1.30243e+07
0,0,0,5.27774e+08,0,2.77247e+07,-1.77341e+06,1.77341e+06,1.30243e+07
0,0,0,5.27774e+08,0,2.77249e+07,-1.77341e+06,1.77341e+06,1.30243e+07
0,0,0,5.27774e+08,0,2.7725e+07,-1.77341e+06,1.77341e+06,1.30243e+07
0,0,0,5.27774e+08,0,2.73661e+07,-1.77341e+06,1.77341e+06,1.30243e+07
0,0,0,5.27774e+08,0,2.73663e+07,-1.77341e+06,1.77341e+06,1.30243e+07
0,0,0,5.27774e+08,0,2.73664e+07,-1.77341e+06,1.77341e+06,1.30243e+07
0,0,0,5.27774e+08,0,2.73665e+07,-1.77341e+06,1.77341e+06,1.30243e+07
0,0,0,5.27774e+08,0,2.86133e+07,-1.77341e+06,1.77341e+06,1.30243e+07
0,0,0,5.27774e+08,0,2.86135e+07,-1.77341e+06,1.77341e+06,1.30243e+07
0,0,0,5.27774e+08,0,2.86136e+07,-1.77341e+06,1.77341e+06,1.30243e+07
0,0,0,5.27774e+08,0,2.86138e+07,-1.77341e+06,1.77341e+06,1.30243e+07
0,0,0,5.27774e+08,0,2.86139e+07,-1.77341e+06,1.77341e+06,1.30243e+07
0,0,0,5.27774e+08,0,2.8851e+07,-1.77341e+06,1.77341e+06,1.30243e+07
0,0,0,5.27774e+08,0,2.88511e+07,-1.77341e+06,1.77341e+06,1.30243e+07
0,0,0,5.27774e+08,0,2.88513e+07,-1.77341e+06,1.77341e+06,1.30243e+07
0,0,0,5.27774e+08,0,2.88515e+07,-1.77341e+06,1.77341e+06,1.30243e+07
0,0,0,5.27774e+08,0,2.94748e+07,-1.77341e+06,1.77341e+06,1.30243e+07
0,0,0,5.27774e+08,0,2.94749e+07,-1.77341e+06,1.77341e+06,1.30243e+07
0,0,0,5.27774e+08,0,2.94751e+07,-1.77341e+06,1.77341e+06,1.30243e+07
0,0,0,5.27774e+08,0,2.94753e+07,-1.77341e+06,1.77341e+06,1.30243e+07
0,0,0,5.27774e+08,0,3.15162e+07,-1.77341e+06,1.77341e+06,1.30243e+07
0,0,0,5.27774e+08,0,3.15164e+07,-1.77341e+06,1.77341e+06,1.30243e+07
0,0,0,5.27774e+08,0,3.15166e+07,-1.77341e+06,1.77341e+06,1.30243e+07
0,0,0,5.27774e+08,0,3.15167e+07,-1.77341e+06,1.77341e+06,1.30243e+07
0,0,0,5.27774e+08,0,3.15169e+07,-1.77341e+06,1.77341e+06,1.30243e+07
0,0,0,5.27774e+08,0,3.03857e+07,-1.77341e+06,1.77341e+06,1.30243e+07
0,0,0,5.27774e+08,0,3.03858e+07,-1.77341e+06,1.77341e+06,1.30243e+07
0,0,0,5.27774e+08,0,3.0386e+07,-1.77341e+06,1.77341e+06,1.30243e+07
0,0,0,5.27774e+08,0,3.03862e+07,-1.77341e+06,1.77341e+06,1.30243e+07
0,0,0,5.27774e+08,0,2.93955e+07,-1.77341e+06,1.77341e+06,1.30243e+07
0,0,0,5.27774e+08,0,2.93957e+07,-1.77341e+06,1.77341e+06,1.30243e+07
0,0,0,5.27774e+08,0,2.93959e+07,-1.77341e+06,1.77341e+06,1.30243e+07
0,0,0,5.27774e+08,0,2.9396e+07,-1.77341e+06,1.77341e+06,1.30243e+07
0,0,0,5.27774e+08,0,2.70608e+07,-1.77341e+06,1.77341e+06,1.30243e+07
0,0,0,5.27774e+08,0,2.70609e+07,-1.77341e+06,1.77341e+06,1.30243e+07
0,0,0,5.27774e+08,0,2.70611e+07,-1.77341e+06,1.77341e+06,1.30243e+07
0,0,0,5.27774e+08,0,2.70612e+07,-1.77341e+06,1.77341e+06,1.30243e+07
0,0,0,5.27774e+08,0,2.70613e+07,-1.77341e+06,1.77341e+06,1.30243e+07
0,0,0,5.27774e+08,0,2.78347e+07,-1.77341e+06,1.77341e+06,1.30243e+07
0,0,0,5.27774e+08,0,2.78347e+07,-1.77341e+06,1.77341e+06,1.30243e+07
0,0,0,5.27774e+08,0,2.78347e+07,-1.77341e+06,1.77341e+06,1.30243e+07
0,0,0,5.27774e+08,0,2.78347e+07,-1.77341e+06,1.77341e+06,1.30243e+07
0,0,0,5.27774e+08,0,3.05244e+07,-1.77341e+06,1.77341e+06,1.30243e+07
0,0,0,5.27774e+08,0,3.05244e+07,-1.77341e+06,1.77341e+06,1.30243e+07
0,0,0,5.27774e+08,0,3.05245e+07,-1.77341e+06,1.77341e+06,1.30243e+07
0,0,0,5.27774e+08,0,3.05245e+07,-1.77341e+06,1.77341e+06,1.30243e+07
0,0,0,5.27774e+08,0,2.68088e+07,-1.77341e+06,1.77341e+06,1.30243e+07
0,0,0,5.27774e+08,0,2.68088e+07,-1.77341e+06,1.77341e+06,1.30243e+07
0,0,0,5.27774e+08,0,2.68088e+07,-1.77341e+06,1.77341e+06,1.30243e+07
0,0,0,5.27774e+08,0,2.68088e+07,-1.77341e+06,1.77341e+06,1.30243e+07
0,0,0,5.27774e+08,0,2.68089e+07,-1.77341e+06,1.77341e+06,1.30243e+07
0,0,0,5.27774e+08,0,2.77306e+07,-1.77341e+06,1.77341e+06,1.30243e+07
0,0,0,5.27774e+08,0,2.77306e+07,-1.77341e+06,1.77341e+06,1.30243e+07
0,0,0,5.27774e+08,0,2.77306e+07,-1.77341e+06,1.77341e+06,1.30243e+07
0,0,0,5.27774e+08,0,2.77307e+07,-1.77341e+06,1.77341e+06,1.30243e+07
0,0,0,5.27774e+08,0,2.73715e+07,-1.77341e+06,1.77341e+06,1.30243e+07
0,0,0,5.27774e+08,0,2.73715e+07,-1.77341e+06,1.77341e+06,1.30243e+07
0,0,0,5.27774e+08,0,2.73715e+07,-1.77341e+06,1.77341e+06,1.30243e+07
0,0,0,5.27774e+08,0,2.73716e+07,-1.77341e+06,1.77341e+06,1.30243e+07
0,0,0,5.27774e+08,0,2.86184e+07,-1.77341e+06,1.77341e+06,1.30243e+07
0,0,0,5.27774e+08,0,2.86185e+07,-1.77341e+06,1.77341e+06,1.30243e+07
0,0,0,5.27774e+08,0,2.86185e+07,-1.77341e+06,1.77341e+06,1.30243e+07
0,0,0,5.27774e+08,0,2.86185e+07,-1.77341e+06,1.77341e+06,1.30243e+07
0,0,0,5.27774e+08,0,2.86185e+07,-1.77341e+06,1.77341e+06,1.30243e+07
0,0,0,5.27774e+08,0,2.88555e+07,-1.77341e+06,1.77341e+06,1.30243e+07
0,0,0,5.27774e+08,0,2.88555e+07,-1.77341e+06,1.77341e+06,1.30243e+07
0,0,0,5.27774e+08,0,2.88555e+07,-1.77341e+06,1.77341e+06,1.30243e+07
0,0,0,5.27774e+08,0,2.88555e+07,-1.77341e+06,1.77341e+06,1.30243e+07
0,0,0,5.27774e+08,0,2.94788e+07,-1.77341e+06,1.77341e+06,1.30243e+07
0,0,0,5.27774e+08,0,2.94789e+07,-1.77341e+06,1.77341e+06,1.30243e+07
0,0,0,5.27774e+08,0,2.94789e+07,-1.77341e+06,1.77341e+06,1.30243e+07
0,0,0,5.27774e+08,0,2.94789e+07,-1.77341e+06,1.77341e+06,1.30243e+07
0,0,0,5.27774e+08,0,3.152e+07,-1.77341e+06,1.77341e+06,1.30243e+07
0,0,0,5.27774e+08,0,3.152e+07,-1.77341e+06,1.77341e+06,1.30243e+07
0,0,0,5.27774e+08,0,3.152e+07,-1.77341e+06,1.77341e+06,1.30243e+07
0,0,0,5.27774e+08,0,3.152e+07,-1.77341e+06,1.77341e+06,1.30243e+07
0,0,0,5.27774e+08,0,3.15201e+07,-1.77341e+06,1.77341e+06,1.30243e+07
0,0,0,5.27774e+08,0,3.03886e+07,-1.77341e+06,1.77341e+06,1.30243e+07
0,0,0,5.27774e+08,0,3.03886e+07,-1.77341e+06,1.77341e+06,1.30243e+07
0,0,0,5.27774e+08,0,3.03886e+07,-1.77341e+06,1.77341e+06,1.30243e+07
0,0,0,5.27774e+08,0,3.03886e+07,-1.77341e+06,1.77341e+06,1.30243e+07
0,0,0,5.27774e+08,0,2.93978e+07,-1.77341e+06,1.77341e+06,1.30243e+07
0,0,0,5.27774e+08,0,2.93978e+07,-1.77341e+06,1.77341e+06,1.30243e+07
0,0,0,5.27774e+08,0,2.93978e+07,-1.77341e+06,1.77341e+06,1.30243e+07
0,0,0,5.27774e+08,0,2.93978e+07,-1.77341e+06,1.77341e+06,1.30243e+07
0,0,0,5.27774e+08,0,2.70623e+07,-1.77341e+06,1.77341e+06,1.30243e+07
0,0,0,5.27774e+08,0,2.70623e+07,-1.77341e+06,1.77341e+06,1.30243e+07
0,0,0,5.27774e+08,0,2.70623e+07,-1.77341e+06,1.77341e+06,1.30243e+07
0,0,0,5.27774e+08,0,2.70624e+07,-1.77341e+06,1.77341e+06,1.30243e+07
0,0,0,5.27774e+08,0,2.70624e+07,-1.77341e+06,1.77341e+06,1.30243e+07
0,0,0,5.27774e+08,0,2.78356e+07,-1.77341e+06,1.77341e+06,1.30243e+07
0,0,0,5.27774e+08,0,2.78355e+07,-1.77341e+06,1.77341e+06,1.30243e+07
0,0,0,5.27774e+08,0,2.78354e+07,-1.77341e+06,1.77341e+06,1.30243e+07
0,0,0,5.27774e+08,0,2.78353e+07,-1.77341e+06,1.77341e+06,1.30243e+07
0,0,0,5.27774e+08,0,3.05249e+07,-1.77341e+06,1.77341e+06,1.30243e+07
0,0,0,5.27774e+08,0,3.05247e+07,-1.77341e+06,1.77341e+06,1.30243e+07
0,0,0,5.27774e+08,0,3.05246e+07,-1.77341e+06,1.77341e+06,1.30243e+07
0,0,0,5.27774e+08,0,3.05245e+07,-1.77341e+06,1.77341e+06,1.30243e+07
0,0,0,5.27774e+08,0,2.68087e+07,-1.77341e+06,1.77341e+06,1.30243e+07
0,0,0,5.27774e+08,0,2.68086e+07,-1.77341e+06,1.77341e+06,1.30243e+07
0,0,0,5.27774e+08,0,2.68085e+07,-1.77341e+06,1.77341e+06,1.30243e+07
0,0,0,5.27774e+08,0,2.68083e+07,-1.77341e+06,1.77341e+06,1.30243e+07
0,0,0,5.27774e+08,0,2.68082e+07,-1.77341e+06,1.77341e+06,1.30243e+07
0,0,0,5.27774e+08,0,2.77298e+07,-1.77341e+06,1.77341e+06,1.30243e+07
0,0,0,5.27774e+08,0,2.77297e+07,-1.77341e+06,1.77341e+06,1.30243e+07
0,0,0,5.27774e+08,0,2.77296e+07,-1.77341e+06,1.77341e+06,1.30243e+07
0,0,0,5.27774e+08,0,2.77295e+07,-1.77341e+06,1.77341e+06,1.30243e+07
0,0,0,5.27774e+08,0,2.73702e+07,-1.77341e+06,1.77341e+06,1.30243e+07
0,0,0,5.27774e+08,0,2.73701e+07,-1.77341e+06,1.77341e+06,1.30243e+07
0,0,0,5.27774e+08,0,2.737e+07,-1.77341e+06,1.77341e+06,1.30243e+07
0,0,0,5.27774e+08,0,2.73699e+07,-1.77341e+06,1.77341e+06,1.30243e+07
0,0,0,5.27774e+08,0,2.86166e+07,-1.77341e+06,1.77341e+06,1.30243e+07
0,0,0,5.27774e+08,0,2.86165e+07,-1.77341e+06,1.77341e+06,1.30243e+07
0,0,0,5.27774e+08,0,2.86163e+07,-1.77341e+06,1.77341e+06,1.30243e+07
0,0,0,5.27774e+08,0,2.86162e+07,-1.77341e+06,1.77341e+06,1.30243e+07
0,0,0,5.27774e+08,0,2.86161e+07,-1.77341e+06,1.77341e+06,1.30243e+07
0,0,0,5.27774e+08,0,2.88529e+07,-1.77341e+06,1.77341e+06,1.30243e+07
0,0,0,5.27774e+08,0,2.88528e+07,-1.77341e+06,1.77341e+06,1.30243e+07
0,0,0,5.27774e+08,0,2.88527e+07,-1.77341e+06,1.77341e+06,1.30243e+07
0,0,0,5.27774e+08,0,2.88526e+07,-1.77341e+06,1.77341e+06,1.30243e+07
0,0,0,5.27774e+08,0,2.94757e+07,-1.77341e+06,1.77341e+06,1.30243e+07
0,0,0,5.27774e+08,0,2.94755e+07,-1.77341e+06,1.77341e+06,1.30243e+07
0,0,0,5.27774e+08,0,2.94754e+07,-1.77341e+06,1.77341e+06,1.30243e+07
0,0,0,5.27774e+08,0,2.94753e+07,-1.77341e+06,1.77341e+06,1.30243e+07
0,0,0,5.27774e+08,0,3.15159e+07,-1.77341e+06,1.77341e+06,1.30243e+07
0,0,0,5.27774e+08,0,3.15158e+07,-1.77341e+06,1.77341e+06,1.30243e+07
0,0,0,5.27774e+08,0,3.15157e+07,-1.77341e+06,1.77341e+06,1.30243e+07
0,0,0,5.27774e+08,0,3.15156e+07,-1.77341e+06,1.77341e+06,1.30243e+07
0,0,0,5.27774e+08,0,3.15154e+07,-1.77341e+06,1.77341e+06,1.30243e+07
0,0,0,5.27774e+08,0,3.0384e+07,-1.77341e+06,1.77341e+06,1.30243e+07
0,0,0,5.27774e+08,0,3.03838e+07,-1.77341e+06,1.77341e+06,1.30243e+07
0,0,0,5.27774e+08,0,3.03837e+07,-1.77341e+06,1.77341e+06,1.30243e+07
0,0,0,5.27774e+08,0,3.03836e+07,-1.77341e+06,1.77341e+06,1.30243e+07
0,0,0,5.27774e+08,0,2.93928e+07,-1.77341e+06,1.77341e+06,1.30243e+07
0,0,0,5.27774e+08,0,2.93927e+07,-1.77341e+06,1.77341e+06,1.30243e+07
0,0,0,5.27774e+08,0,2.93925e+07,-1.77341e+06,1.77341e+06,1.30243e+07
0,0,0,5.27774e+08,0,2.93924e+07,-1.77341e+06,1.77341e+06,1.30243e+07
0,0,0,5.27774e+08,0,2.70572e+07,-1.77341e+06,1.77341e+06,1.30243e+07
0,0,0,5.27774e+08,0,2.70571e+07,-1.77341e+06,1.77341e+06,1.30243e+07
0,0,0,5.27774e+08,0,2.7057e+07,-1.77341e+06,1.77341e+06,1.30243e+07
0,0,0,5.27774e+08,0,2.70569e+07,-1.77341e+06,1.77341e+06,1.30243e+07
0,0,0,5.27774e+08,0,2.70568e+07,-1.77341e+06,1.77341e+06,1.30243e+07
0,0,0,5.27774e+08,0,2.78297e+07,-1.77341e+06,1.77341e+06,1.30243e+07
0,0,0,5.27774e+08,0,2.78295e+07,-1.77341e+06,1.77341e+06,1.30243e+07
0,0,0,5.27774e+08,0,2.78292e+07,-1.77341e+06,1.77341e+06,1.30243e+07
0,0,0,5.27774e+08,0,2.7829e+07,-1.77341e+06,1.77341e+06,1.30243e+07
0,0,0,5.27774e+08,0,3.05178e+07,-1.77341e+06,1.77341e+06,1.30243e+07
0,0,0,5.27774e+08,0,3.05175e+07,-1.77341e+06,1.77341e+06,1.30243e+07
0,0,0,5.27774e+08,0,3.05173e+07,-1.77341e+06,1.77341e+06,1.30243e+07
0,0,0,5.27774e+08,0,3.0517e+07,-1.77341e+06,1.77341e+06,1.30243e+07
0,0,0,5.27774e+08,0,2.6802e+07,-1.77341e+06,1.77341e+06,1.30243e+07
0,0,0,5.27774e+08,0,2.68018e+07,-1.77341e+06,1.77341e+06,1.30243e+07
0,0,0,5.27774e+08,0,2.68016e+07,-1.77341e+06,1.77341e+06,1.30243e+07
0,0,0,5.27774e+08,0,2.68013e+07,-1.77341e+06,1.77341e+06,1.30243e+07
0,0,0,5.27774e+08,0,2.68011e+07,-1.77341e+06,1.77341e+06,1.30243e+07
0,0,0,5.27774e+08,0,2.77223e+07,-1.77341e+06,1.77341e+06,1.30243e+07
0,0,0,5.27774e+08,0,2.77221e+07,-1.77341e+06,1.77341e+06,1.30243e+07
0,0,0,5.27774e+08,0,2.77218e+07,-1.77341e+06,1.77341e+06,1.30243e+07
0,0,0,5.27774e+08,0,2.77216e+07,-1.77341e+06,1.77341e+06,1.30243e+07
0,0,0,5.27774e+08,0,2.73623e+07,-1.77341e+06,1.77341e+06,1.30243e+07
0,0,0,5.27774e+08,0,2.73621e+07,-1.77341e+06,1.77341e+06,1.30243e+07
0,0,0,5.27774e+08,0,2.73618e+07,-1.77341e+06,1.77341e+06,1.30243e+07
0,0,0,5.27774e+08,0,2.73616e+07,-1.77341e+06,1.77341e+06,1.30243e+07
0,0,0,5.27774e+08,0,2.86077e+07,-1.77341e+06,1.77341e+06,1.30243e+07
0,0,0,5.27774e+08,0,2.86075e+07,-1.77341e+06,1.77341e+06,1.30243e+07
0,0,0,5.27774e+08,0,2.86072e+07,-1.77341e+06,1.77341e+06,1.30243e+07
0,0,0,5.27774e+08,0,2.8607e+07,-1.77341e+06,1.77341e+06,1.30243e+07
0,0,0,5.27774e+08,0,2.86067e+07,-1.77341e+06,1.77341e+06,1.30243e+07
0,0,0,5.27774e+08,0,2.88433e+07,-1.77341e+06,1.77341e+06,1.30243e+07
0,0,0,5.27774e+08,0,2.8843e+07,-1.77341e+06,1.77341e+06,1.30243e+07
0,0,0,5.27774e+08,0,2.88428e+07,-1.77341e+06,1.77341e+06,1.30243e+07
0,0,0,5.27774e+08,0,2.88425e+07,-1.77341e+06,1.77341e+06,1.30243e+07
0,0,0,5.27774e+08,0,2.94653e+07,-1.77341e+06,1.77341e+06,1.30243e+07
0,0,0,5.27774e+08,0,2.9465e+07,-1.77341e+06,1.77341e+06,1.30243e+07
0,0,0,5.27774e+08,0,2.94647e+07,-1.77341e+06,1.77341e+06,1.30243e+07
0,0,0,5.27774e+08,0,2.94645e+07,-1.77341e+06,1.77341e+06,1.30243e+07
0,0,0,5.27774e+08,0,3.15042e+07,-1.77341e+06,1.77341e+06,1.30243e+07
0,0,0,5.27774e+08,0,3.15039e+07,-1.77341e+06,1.77341e+06,1.30243e+07
0,0,0,5.27774e+08,0,3.15036e+07,-1.77341e+06,1.77341e+06,1.30243e+07
0,0,0,5.27774e+08,0,3.15033e+07,-1.77341e+06,1.77341e+06,1.30243e+07
0,0,0,5.27774e+08,0,3.15031e+07,-1.77341e+06,1.77341e+06,1.30243e+07
0,0,0,5.27774e+08,0,3.03719e+07,-1.77341e+06,1.77341e+06,1.30243e+07
0,0,0,5.27774e+08,0,3.03717e+07,-1.77341e+06,1.77341e+06,1.30243e+07
0,0,0,5.27774e+08,0,3.03714e+07,-1.77341e+06,1.77341e+06,1.30243e+07
0,0,0,5.27774e+08,0,3.03711e+07,-1.77341e+06,1.77341e+06,1.30243e+07
0,0,0,5.27774e+08,0,2.93806e+07,-1.77341e+06,1.77341e+06,1.30243e+07
0,0,0,5.27774e+08,0,2.93804e+07,-1.77341e+06,1.77341e+06,1.30243e+07
0,0,0,5.27774e+08,0,2.93801e+07,-1.77341e+06,1.77341e+06,1.30243e+07
