0st_vol,0capacity,0net_inf,0st_rof,0lt_rof,0rest_demand,0unrest_demand,0unfulf_demand,0wastewater,0treat_capacity,0agg_price,0res_price,0gross_rev,0drought_cost,0cont_contrib,0debt_serv,0infra_npv,1st_vol,1capacity,1net_inf,1st_rof,1lt_rof,1rest_demand,1unrest_demand,1unfulf_demand,1wastewater,1treat_capacity,1agg_price,1res_price,1gross_rev,1drought_cost,1cont_contrib,1debt_serv,1infra_npv
85.139,85.139,4.60096,0.05,0,1.86497,2.46977,0,0,4.47552,4.2568e+06,2.70226e+06,7.93881e+06,0,0,0,0,62.3362,61.308,3.17243,0,0,1.72511,1.12031,0,0,2.1168,8.84649e+06,3.61194e+06,1.52611e+07,0,0,0,0
85.139,85.139,3.91155,0.05,0,1.8765,2.47048,0,0.349496,4.47552,4.2568e+06,2.70226e+06,7.98788e+06,0,0,0,0,62.3362,61.308,4.18417,0,0,1.7146,1.12062,0,1.33282,2.1168,8.84649e+06,3.61194e+06,1.51682e+07,0,0,0,0
85.139,85.139,6.5018,0.05,0,1.87752,2.47118,0,0.351656,4.47552,4.2568e+06,2.70226e+06,7.99223e+06,0,0,0,0,62.3362,61.308,6.53084,0,0,1.7146,1.12094,0,1.3247,2.1168,8.84649e+06,3.61194e+06,1.51682e+07,0,0,0,0
85.139,85.139,6.95599,0.05,0,1.87854,2.47188,0,0.351848,4.47552,4.2568e+06,2.70226e+06,7.99658e+06,0,0,0,0,62.3362,61.308,5.20497,0,0,1.7146,1.12126,0,1.3247,2.1168,8.84649e+06,3.61194e+06,1.51682e+07,0,0,0,0
85.139,85.139,5.474,0.05,0,2.12074,2.71375,0,0.352039,4.47552,4.2568e+06,2.70226e+06,9.02754e+06,0,0,0,0,62.3362,61.308,4.39334,0,0,1.84647,1.25346,0,1.3247,2.1168,8.84649e+06,3.61194e+06,1.63348e+07,0,0,0,0
85.139,85.139,7.06728,0.05,0,2.2537,2.71453,0,0.397426,4.47552,4.2568e+06,2.70226e+06,9.59354e+06,0,0,0,0,62.3362,61.308,5.22642,0,0,1.71464,1.25381,0,1.42659,2.1168,8.84649e+06,3.61194e+06,1.51685e+07,0,0,0,0
85.139,85.139,5.46579,0.05,0,2.25483,2.7153,0,0.422344,4.47552,4.2568e+06,2.70226e+06,9.59835e+06,0,0,0,0,62.3362,61.308,4.39934,0,0,1.71464,1.25417,0,1.32473,2.1168,8.84649e+06,3.61194e+06,1.51685e+07,0,0,0,0
85.139,85.139,5.28976,0.05,0,2.25596,2.71607,0,0.422555,4.47552,4.2568e+06,2.70226e+06,9.60315e+06,0,0,0,0,62.3362,61.308,4.24615,0,0,1.71464,1.25453,0,1.32473,2.1168,8.84649e+06,3.61194e+06,1.51685e+07,0,0,0,0
85.139,85.139,4.7693,0.05,0,1.91271,2.37247,0,0.422767,4.47552,4.2568e+06,2.70226e+06,8.14202e+06,0,0,0,0,62.3362,61.308,3.08091,0,0,1.53746,1.0777,0,1.32473,2.1168,8.84649e+06,3.61194e+06,1.36011e+07,0,0,0,0
85.139,85.139,4.04246,0.05,0,1.76834,2.37314,0,0.358442,4.47552,4.2568e+06,2.70226e+06,7.52746e+06,0,0,0,0,62.1142,61.308,2.93062,0,0,1.68281,1.07801,0,1.18784,2.1168,8.84649e+06,3.61194e+06,1.4887e+07,0,0,0,0
85.139,85.139,5.29928,0.05,0,1.76901,2.37381,0,0.331387,4.47552,4.2568e+06,2.70226e+06,7.53033e+06,0,0,0,0,62.0663,61.308,3.94067,0,0,1.68312,1.07832,0,1.30014,2.1168,8.84649e+06,3.61194e+06,1.48897e+07,0,0,0,0
85.139,85.139,6.40255,0.05,0,1.76969,2.37449,0,0.331513,4.47552,4.2568e+06,2.70226e+06,7.53321e+06,0,0,0,0,62.3362,61.308,5.78699,0,0,1.68342,1.07862,0,1.30038,2.1168,8.84649e+06,3.61194e+06,1.48924e+07,0,0,0,0
85.139,85.139,8.70399,0.05,0,1.77036,2.37516,0,0.33164,4.47552,4.2568e+06,2.70226e+06,7.53608e+06,0,0,0,0,62.3362,61.308,7.65701,0,0,1.68373,1.07893,0,1.30061,2.1168,8.84649e+06,3.61194e+06,1.48951e+07,0,0,0,0
85.139,85.139,8.04055,0.05,0,1.85785,2.46265,0,0.331766,4.47552,4.2568e+06,2.70226e+06,7.90848e+06,0,0,0,0,62.3362,61.308,8.35803,0,0,1.72744,1.12264,0,1.30085,2.1168,8.84649e+06,3.61194e+06,1.52818e+07,0,0,0,0
85.139,85.139,5.86689,0.05,0,1.87171,2.46335,0,0.348161,4.47552,4.2568e+06,2.70226e+06,7.96749e+06,0,0,0,0,62.3362,61.308,4.70842,0,0,1.7146,1.12296,0,1.33462,2.1168,8.84649e+06,3.61194e+06,1.51682e+07,0,0,0,0
85.139,85.139,5.5348,0.05,0,1.87273,2.46405,0,0.350759,4.47552,4.2568e+06,2.70226e+06,7.97183e+06,0,0,0,0,62.3362,61.308,4.17291,0,0,1.7146,1.12328,0,1.3247,2.1168,8.84649e+06,3.61194e+06,1.51682e+07,0,0,0,0
85.139,85.139,4.82306,0.05,0,1.87375,2.46475,0,0.35095,4.47552,4.2568e+06,2.70226e+06,7.97618e+06,0,0,0,0,62.3362,61.308,3.56452,0,0,1.7146,1.1236,0,1.3247,2.1168,8.84649e+06,3.61194e+06,1.51682e+07,0,0,0,0
85.139,85.139,4.98651,0.05,0,1.84079,2.43147,0,0.351141,4.47552,4.2568e+06,2.70226e+06,7.83587e+06,0,0,0,0,62.3362,61.308,4.68422,0,0,1.69772,1.10704,0,1.3247,2.1168,8.84649e+06,3.61194e+06,1.50189e+07,0,0,0,0
85.139,85.139,4.55363,0.05,0,1.82736,2.43216,0,0.344964,4.47552,4.2568e+06,2.70226e+06,7.7787e+06,0,0,0,0,62.3362,61.308,4.3332,0,0,1.71216,1.10736,0,1.31166,2.1168,8.84649e+06,3.61194e+06,1.51466e+07,0,0,0,0
85.139,85.139,4.14871,0.05,0,1.82805,2.43285,0,0.342448,4.47552,4.2568e+06,2.70226e+06,7.78165e+06,0,0,0,0,62.3362,61.308,3.96611,0,0,1.71247,1.10767,0,1.32281,2.1168,8.84649e+06,3.61194e+06,1.51494e+07,0,0,0,0
85.139,85.139,3.86288,0.04,0,1.82874,2.43354,0,0.342577,4.47552,4.2568e+06,2.70226e+06,7.78459e+06,0,0,0,0,62.3362,61.308,3.90363,0,0,1.71279,1.10799,0,1.32306,2.1168,8.84649e+06,3.61194e+06,1.51522e+07,0,0,0,0
85.139,85.139,4.04372,0.04,0,1.94491,2.54971,0,0.342707,4.47552,4.2568e+06,2.70226e+06,8.27908e+06,0,0,0,0,62.3362,61.308,4.87007,0,0,1.77302,1.16822,0,1.3233,2.1168,8.84649e+06,3.61194e+06,1.5685e+07,0,0,0,0
85.139,85.139,3.94399,0.02,0,2.00438,2.55043,0,0.364476,4.47552,4.2568e+06,2.70226e+06,8.53222e+06,0,0,0,0,62.3362,61.308,3.871,0,0,1.71461,1.16855,0,1.36984,2.1168,8.84649e+06,3.61194e+06,1.51683e+07,0,0,0,0
85.139,85.139,3.55282,0.02,0,2.00543,2.55116,0,0.37562,4.47552,4.2568e+06,2.70226e+06,8.53672e+06,0,0,0,0,62.3362,61.308,3.37003,0,0,1.71461,1.16889,0,1.32471,2.1168,8.84649e+06,3.61194e+06,1.51683e+07,0,0,0,0
85.139,85.139,3.1785,0.01,0,2.00649,2.55188,0,0.375818,4.47552,4.2568e+06,2.70226e+06,8.54122e+06,0,0,0,0,62.3362,61.308,3.56554,0,0,1.71461,1.16922,0,1.32471,2.1168,8.84649e+06,3.61194e+06,1.51683e+07,0,0,0,0
85.139,85.139,2.96099,0.01,0,2.00755,2.55261,0,0.376016,4.47552,4.2568e+06,2.70226e+06,8.54572e+06,0,0,0,0,62.3191,61.308,3.41601,0,0,1.71461,1.16955,0,1.32471,2.1168,8.84649e+06,3.61194e+06,1.51683e+07,0,0,0,0
85.139,85.139,2.83053,0.01,0,1.98574,2.53047,0,0.376215,4.47552,4.2568e+06,2.70226e+06,8.45288e+06,0,0,0,0,62.3362,61.308,3.13919,0,0,1.74759,1.20286,0,1.32471,2.1168,8.84649e+06,3.61194e+06,1.54601e+07,0,0,0,0
85.139,85.139,2.57503,0.01,0,2.01977,2.53119,0,0.372127,4.47552,4.2568e+06,2.70226e+06,8.59775e+06,0,0,0,0,62.3362,61.308,2.98829,0,0,1.71462,1.20321,0,1.35019,2.1168,8.84649e+06,3.61194e+06,1.51684e+07,0,0,0,0
85.139,85.139,2.34035,0.01,0,2.02083,2.5319,0,0.378505,4.47552,4.2568e+06,2.70226e+06,8.60226e+06,0,0,0,0,62.3092,61.308,2.74104,0,0,1.71462,1.20355,0,1.32472,2.1168,8.84649e+06,3.61194e+06,1.51684e+07,0,0,0,0
85.0892,85.139,2.21605,0.01,0,2.02189,2.53262,0,0.378704,4.47552,4.2568e+06,2.70226e+06,8.60678e+06,0,0,0,0,62.161,61.308,2.71118,0,0,1.71462,1.20389,0,1.32472,2.1168,8.84649e+06,3.61194e+06,1.51684e+07,0,0,0,0
85.0834,85.139,2.32476,0.03,0,2.08208,2.59247,0,0.378903,4.47552,4.2568e+06,2.70226e+06,8.86298e+06,0,0,0,0,62.0725,61.308,2.80668,0,0,1.74405,1.23366,0,1.32472,2.1168,8.84649e+06,3.61194e+06,1.54287e+07,0,0,0,0
84.901,85.139,2.15097,0.03,0,2.11258,2.5932,0,0.390181,4.47552,4.2568e+06,2.70226e+06,8.99283e+06,0,0,0,0,61.8185,61.308,2.66159,0,0,1.71463,1.23401,0,1.34745,2.1168,8.84649e+06,3.61194e+06,1.51685e+07,0,0,0,0
84.564,85.139,1.99224,0.03,0,2.11367,2.59394,0,0.395898,4.47552,4.2568e+06,2.70226e+06,8.99746e+06,0,0,0,0,61.5118,61.308,2.37358,0,0,1.71463,1.23436,0,1.32472,2.1168,8.84649e+06,3.61194e+06,1.51685e+07,0,0,0,0
84.2745,85.139,2.02947,0.03,0,2.11476,2.59468,0,0.396102,4.47552,4.2568e+06,2.70226e+06,9.00209e+06,0,0,0,0,61.2783,61.308,2.67731,0,0,1.71463,1.23471,0,1.32472,2.1168,8.84649e+06,3.61194e+06,1.51685e+07,0,0,0,0
83.9466,85.139,2.13099,0.03,0,2.28918,2.76875,0,0.396306,4.47552,4.2568e+06,2.70226e+06,9.74458e+06,0,0,0,0,61.0678,61.308,2.67654,0,0,1.82096,1.34139,0,1.32472,2.1168,8.84649e+06,3.61194e+06,1.61091e+07,0,0,0,0
83.3361,85.139,1.93018,0.03,0,2.39665,2.76954,0,0.428993,4.47552,4.2568e+06,2.70226e+06,1.02021e+07,0,0,0,0,60.6954,61.308,2.17558,0,0,1.71466,1.34178,0,1.40688,2.1168,8.84649e+06,3.61194e+06,1.51687e+07,0,0,0,0
82.8475,85.139,2.07212,0.03,0,2.39782,2.77033,0,0.449133,4.47552,4.2568e+06,2.70226e+06,1.0207e+07,0,0,0,0,60.464,61.308,2.67994,0,0,1.71466,1.34216,0,1.32475,2.1168,8.84649e+06,3.61194e+06,1.51687e+07,0,0,0,0
82.0111,85.139,1.71433,0.03,0,2.39899,2.77111,0,0.449352,4.47552,4.2568e+06,2.70226e+06,1.0212e+07,0,0,0,0,60.0294,61.308,1.86522,0,0,1.71466,1.34254,0,1.32475,2.1168,8.84649e+06,3.61194e+06,1.51687e+07,0,0,0,0
81.5769,85.139,2.11081,0.03,0,2.40016,2.7719,0,0.449571,4.47552,4.2568e+06,2.70226e+06,1.0217e+07,0,0,0,0,59.9955,61.308,3.55278,0,0,1.71466,1.34292,0,1.32475,2.1168,8.84649e+06,3.61194e+06,1.51687e+07,0,0,0,0
80.546,85.139,1.4753,0.03,0,2.31673,2.68809,0,0.44979,4.47552,4.2568e+06,2.70226e+06,9.86185e+06,0,0,0,0,59.6896,61.308,2.08441,0,0,1.65003,1.27867,0,1.32475,2.1168,8.84649e+06,3.61194e+06,1.4597e+07,0,0,0,0
80.1157,85.139,2.0547,0.03,0,2.25324,2.68885,0,0.434155,4.47552,4.2568e+06,2.70226e+06,9.5916e+06,0,0,0,0,59.415,61.308,2.32902,0,0,1.71464,1.27903,0,1.27481,2.1168,8.84649e+06,3.61194e+06,1.51686e+07,0,0,0,0
80.4213,85.139,2.86791,0.03,0,2.25437,2.68962,0,0.422258,4.47552,4.2568e+06,2.70226e+06,9.59639e+06,0,0,0,0,59.5627,61.308,3.82153,0,0,1.71464,1.2794,0,1.32473,2.1168,8.84649e+06,3.61194e+06,1.51686e+07,0,0,0,0
80.316,85.139,2.51509,0.03,0,2.2555,2.69038,0,0.422469,4.47552,4.2568e+06,2.70226e+06,9.60119e+06,0,0,0,0,59.4302,61.308,2.77982,0,0,1.71464,1.27976,0,1.32473,2.1168,8.84649e+06,3.61194e+06,1.51686e+07,0,0,0,0
79.3795,85.139,1.56809,0.03,0,2.18711,2.62163,0,0.42268,4.47552,4.2568e+06,2.70226e+06,9.31007e+06,0,0,0,0,58.7878,61.308,1.81805,0,0,1.65575,1.22122,0,1.32473,2.1168,8.84649e+06,3.61194e+06,1.46475e+07,0,0,0,0
78.0343,85.139,1.19403,0.04,0,2.12932,2.62237,0,0.409864,4.47552,4.2568e+06,2.70226e+06,9.06407e+06,0,0,0,0,57.9719,61.308,1.29784,0,0,1.71463,1.22157,0,1.27923,2.1168,8.84649e+06,3.61194e+06,1.51684e+07,0,0,0,0
76.5108,85.139,0.984279,0.03,0,2.13041,2.62312,0,0.399034,4.47552,4.2568e+06,2.70226e+06,9.06871e+06,0,0,0,0,57.4295,61.308,1.32364,0,0,1.71463,1.22192,0,1.32472,2.1168,8.84649e+06,3.61194e+06,1.51684e+07,0,0,0,0
76.3691,85.139,2.52613,0.03,0,2.1315,2.62386,0,0.399239,4.47552,4.2568e+06,2.70226e+06,9.07336e+06,0,0,0,0,57.6103,61.308,4.07975,0,0,1.71463,1.22227,0,1.32472,2.1168,8.84649e+06,3.61194e+06,1.51684e+07,0,0,0,0
76.9445,85.139,3.1183,0.03,0,1.93493,2.42694,0,0.399443,4.47552,4.2568e+06,2.70226e+06,8.2366e+06,0,0,0,0,58.1303,61.308,3.29075,0,0,1.59182,1.09981,0,1.32472,2.1168,8.84649e+06,3.61194e+06,1.4082e+07,0,0,0,0
79.3507,85.139,4.83529,0.02,0,1.82283,2.42763,0,0.362606,4.47552,4.2568e+06,2.70226e+06,7.75943e+06,0,0,0,0,58.2323,61.308,2.99397,0,0,1.70492,1.10012,0,1.22984,2.1168,8.84649e+06,3.61194e+06,1.50825e+07,0,0,0,0
81.1601,85.139,4.34503,0.02,0,1.82352,2.42832,0,0.341599,4.47552,4.2568e+06,2.70226e+06,7.76237e+06,0,0,0,0,58.5569,61.308,3.80242,0,0,1.70523,1.10043,0,1.31722,2.1168,8.84649e+06,3.61194e+06,1.50853e+07,0,0,0,0
82.4188,85.139,3.71922,0.02,0,1.82421,2.42901,0,0.341728,4.47552,4.2568e+06,2.70226e+06,7.7653e+06,0,0,0,0,58.9892,61.308,3.97486,0,0,1.70554,1.10074,0,1.31746,2.1168,8.84649e+06,3.61194e+06,1.50881e+07,0,0,0,0
84.1593,85.139,4.28328,0.02,0,1.8249,2.4297,0,0.341857,4.47552,4.2568e+06,2.70226e+06,7.76824e+06,0,0,0,0,59.1896,61.308,3.59001,0,0,1.70586,1.10106,0,1.3177,2.1168,8.84649e+06,3.61194e+06,1.50908e+07,0,0,0,0
85.139,85.139,10.0762,0.02,0,1.90172,2.50652,0,0.341987,4.47552,4.2568e+06,2.70226e+06,8.09523e+06,0,0,0,0,60.3276,61.308,6.6119,0,0,1.74177,1.13697,0,1.31794,2.1168,8.84649e+06,3.61194e+06,1.54086e+07,0,0,0,0
85.139,85.139,5.5711,0.02,0,1.9299,2.50721,0,0.356382,4.47552,4.2568e+06,2.70226e+06,8.2152e+06,0,0,0,0,60.7383,61.308,4.62653,0,0,1.71459,1.13729,0,1.3457,2.1168,8.84649e+06,3.61194e+06,1.51681e+07,0,0,0,0
85.139,85.139,5.24351,0.01,0,1.93091,2.5079,0,0.361664,4.47552,4.2568e+06,2.70226e+06,8.21947e+06,0,0,0,0,62.2452,61.308,8.54249,0,0,1.71459,1.1376,0,1.32469,2.1168,8.84649e+06,3.61194e+06,1.51681e+07,0,0,0,0
85.139,85.139,4.93771,0.02,0,1.93191,2.50859,0,0.361852,4.47552,4.2568e+06,2.70226e+06,8.22374e+06,0,0,0,0,62.3362,61.308,5.85407,0,0,1.71459,1.13791,0,1.32469,2.1168,8.84649e+06,3.61194e+06,1.51681e+07,0,0,0,0
85.139,85.139,5.24491,0.02,0,2.17766,2.75403,0,0.36204,4.47552,4.2568e+06,2.70226e+06,9.26986e+06,0,0,0,0,62.3362,61.308,5.75167,0,0,1.84842,1.27206,0,1.32469,2.1168,8.84649e+06,3.61194e+06,1.63521e+07,0,0,0,0
85.139,85.139,5.68567,0.02,0,2.31256,2.75479,0,0.408094,4.47552,4.2568e+06,2.70226e+06,9.84411e+06,0,0,0,0,62.3362,61.308,4.4954,0,0,1.71463,1.27241,0,1.42809,2.1168,8.84649e+06,3.61194e+06,1.51685e+07,0,0,0,0
85.139,85.139,3.88205,0.04,0,2.31367,2.75554,0,0.433375,4.47552,4.2568e+06,2.70226e+06,9.84883e+06,0,0,0,0,62.3362,61.308,3.89324,0,0,1.71463,1.27276,0,1.32472,2.1168,8.84649e+06,3.61194e+06,1.51685e+07,0,0,0,0
85.139,85.139,4.44982,0.04,0,2.31478,2.7563,0,0.433582,4.47552,4.2568e+06,2.70226e+06,9.85355e+06,0,0,0,0,62.3362,61.308,4.11332,0,0,1.71463,1.27311,0,1.32472,2.1168,8.84649e+06,3.61194e+06,1.51685e+07,0,0,0,0
85.139,85.139,5.3946,0.04,0,1.96641,2.40759,0,0.43379,4.47552,4.2568e+06,2.70226e+06,8.37062e+06,0,0,0,0,62.3362,61.308,5.40257,0,0,1.53483,1.09366,0,1.32472,2.1168,8.84649e+06,3.61194e+06,1.35778e+07,0,0,0,0
85.139,85.139,4.90113,0.04,0,1.80345,2.40825,0,0.368506,4.47552,4.2568e+06,2.70226e+06,7.67691e+06,0,0,0,0,62.3362,61.308,4.06707,0,0,1.69876,1.09396,0,1.18581,2.1168,8.84649e+06,3.61194e+06,1.5028e+07,0,0,0,0
85.139,85.139,5.02068,0.04,0,1.80411,2.40891,0,0.337966,4.47552,4.2568e+06,2.70226e+06,7.67973e+06,0,0,0,0,62.3362,61.308,3.92446,0,0,1.69906,1.09426,0,1.31246,2.1168,8.84649e+06,3.61194e+06,1.50307e+07,0,0,0,0
85.139,85.139,6.7021,0.05,0,1.80477,2.40957,0,0.33809,4.47552,4.2568e+06,2.70226e+06,7.68255e+06,0,0,0,0,62.3362,61.308,5.98236,0,0,1.69936,1.09456,0,1.31269,2.1168,8.84649e+06,3.61194e+06,1.50334e+07,0,0,0,0
85.139,85.139,7.34035,0.05,0,1.80544,2.41024,0,0.338215,4.47552,4.2568e+06,2.70226e+06,7.68538e+06,0,0,0,0,62.3362,61.308,7.36733,0,0,1.69966,1.09486,0,1.31293,2.1168,8.84649e+06,3.61194e+06,1.5036e+07,0,0,0,0
85.139,85.139,6.21009,0.05,0,1.89419,2.49899,0,0.338339,4.47552,4.2568e+06,2.70226e+06,8.06318e+06,0,0,0,0,62.3362,61.308,5.43459,0,0,1.74401,1.13921,0,1.31316,2.1168,8.84649e+06,3.61194e+06,1.54284e+07,0,0,0,0
85.139,85.139,4.94793,0.05,0,1.92461,2.49968,0,0.354971,4.47552,4.2568e+06,2.70226e+06,8.19266e+06,0,0,0,0,62.3362,61.308,4.81896,0,0,1.71459,1.13952,0,1.34742,2.1168,8.84649e+06,3.61194e+06,1.51681e+07,0,0,0,0
85.139,85.139,4.16574,0.05,0,1.92561,2.50036,0,0.360671,4.47552,4.2568e+06,2.70226e+06,8.19692e+06,0,0,0,0,62.3362,61.308,4.27628,0,0,1.71459,1.13984,0,1.32469,2.1168,8.84649e+06,3.61194e+06,1.51681e+07,0,0,0,0
85.139,85.139,3.73243,0.05,0,1.92661,2.50105,0,0.360859,4.47552,4.2568e+06,2.70226e+06,8.20118e+06,0,0,0,0,62.3362,61.308,3.96084,0,0,1.71459,1.14015,0,1.32469,2.1168,8.84649e+06,3.61194e+06,1.51681e+07,0,0,0,0
85.139,85.139,3.89998,0.05,0,1.89313,2.46726,0,0.361047,4.47552,4.2568e+06,2.70226e+06,8.05867e+06,0,0,0,0,62.3362,61.308,3.49085,0,0,1.69747,1.12334,0,1.3247,2.1168,8.84649e+06,3.61194e+06,1.50166e+07,0,0,0,0
85.139,85.139,3.43786,0.05,0,1.877,2.46794,0,0.354773,4.47552,4.2568e+06,2.70226e+06,7.98999e+06,0,0,0,0,62.3362,61.308,3.00861,0,0,1.71459,1.12365,0,1.31146,2.1168,8.84649e+06,3.61194e+06,1.51681e+07,0,0,0,0
85.139,85.139,3.03154,0.05,0,1.87798,2.46862,0,0.351749,4.47552,4.2568e+06,2.70226e+06,7.9942e+06,0,0,0,0,62.3135,61.308,2.68718,0,0,1.71459,1.12396,0,1.32469,2.1168,8.84649e+06,3.61194e+06,1.51681e+07,0,0,0,0
85.139,85.139,2.72592,0.04,0,1.87897,2.4693,0,0.351934,4.47552,4.2568e+06,2.70226e+06,7.9984e+06,0,0,0,0,62.1949,61.308,2.40438,0,0,1.71459,1.12427,0,1.32469,2.1168,8.84649e+06,3.61194e+06,1.51681e+07,0,0,0,0
85.139,85.139,2.58513,0.04,0,1.99713,2.58714,0,0.35212,4.47552,4.2568e+06,2.70226e+06,8.50137e+06,0,0,0,0,62.0593,61.308,2.27762,0,0,1.77539,1.18537,0,1.32469,2.1168,8.84649e+06,3.61194e+06,1.5706e+07,0,0,0,0
85.139,85.139,2.60229,0.03,0,2.05895,2.58786,0,0.374262,4.47552,4.2568e+06,2.70226e+06,8.76453e+06,0,0,0,0,61.8513,61.308,2.18294,0,0,1.71461,1.1857,0,1.37167,2.1168,8.84649e+06,3.61194e+06,1.51682e+07,0,0,0,0
85.139,85.139,2.51226,0.03,0,2.05999,2.58857,0,0.385847,4.47552,4.2568e+06,2.70226e+06,8.76895e+06,0,0,0,0,61.6571,61.308,2.36151,0,0,1.71461,1.18603,0,1.3247,2.1168,8.84649e+06,3.61194e+06,1.51682e+07,0,0,0,0
84.9966,85.139,2.30927,0.02,0,2.06103,2.58928,0,0.386042,4.47552,4.2568e+06,2.70226e+06,8.77337e+06,0,0,0,0,61.4271,61.308,2.24385,0,0,1.71461,1.18635,0,1.3247,2.1168,8.84649e+06,3.61194e+06,1.51682e+07,0,0,0,0
84.7865,85.139,2.18645,0.04,0,2.06207,2.58999,0,0.386236,4.47552,4.2568e+06,2.70226e+06,8.77779e+06,0,0,0,0,61.1779,61.308,2.26939,0,0,1.71461,1.18668,0,1.3247,2.1168,8.84649e+06,3.61194e+06,1.51682e+07,0,0,0,0
84.3589,85.139,1.91031,0.03,0,2.0399,2.5675,0,0.386431,4.47552,4.2568e+06,2.70226e+06,8.68344e+06,0,0,0,0,60.8082,61.308,2.23419,0,0,1.74807,1.22047,0,1.3247,2.1168,8.84649e+06,3.61194e+06,1.54643e+07,0,0,0,0
83.7731,85.139,1.76845,0.03,0,2.0744,2.56821,0,0.382277,4.47552,4.2568e+06,2.70226e+06,8.83028e+06,0,0,0,0,60.4067,61.308,2.07903,0,0,1.71462,1.2208,0,1.35056,2.1168,8.84649e+06,3.61194e+06,1.51683e+07,0,0,0,0
83.1428,85.139,1.711,0.03,0,2.07544,2.56891,0,0.388742,4.47552,4.2568e+06,2.70226e+06,8.83471e+06,0,0,0,0,59.9759,61.308,1.90957,0,0,1.71462,1.22114,0,1.32471,2.1168,8.84649e+06,3.61194e+06,1.51683e+07,0,0,0,0
82.4633,85.139,1.63143,0.03,0,2.07648,2.56962,0,0.388937,4.47552,4.2568e+06,2.70226e+06,8.83915e+06,0,0,0,0,59.5066,61.308,1.79446,0,0,1.71462,1.22148,0,1.32471,2.1168,8.84649e+06,3.61194e+06,1.51683e+07,0,0,0,0
81.8397,85.139,1.73771,0.03,0,2.13751,2.63031,0,0.389132,4.47552,4.2568e+06,2.70226e+06,9.09894e+06,0,0,0,0,59.1516,61.308,2.13901,0,0,1.74447,1.25167,0,1.32471,2.1168,8.84649e+06,3.61194e+06,1.54324e+07,0,0,0,0
81.2004,85.139,1.75912,0.03,0,2.16842,2.63104,0,0.400569,4.47552,4.2568e+06,2.70226e+06,9.23053e+06,0,0,0,0,58.8619,61.308,2.37628,0,0,1.71462,1.25201,0,1.34778,2.1168,8.84649e+06,3.61194e+06,1.51684e+07,0,0,0,0
80.4159,85.139,1.58886,0.03,0,2.16949,2.63176,0,0.406363,4.47552,4.2568e+06,2.70226e+06,9.23508e+06,0,0,0,0,58.4477,61.308,2.287,0,0,1.71462,1.25236,0,1.32472,2.1168,8.84649e+06,3.61194e+06,1.51684e+07,0,0,0,0
79.4991,85.139,1.44722,0.03,0,2.17056,2.63248,0,0.406563,4.47552,4.2568e+06,2.70226e+06,9.23963e+06,0,0,0,0,57.994,61.308,1.98188,0,0,1.71462,1.2527,0,1.32472,2.1168,8.84649e+06,3.61194e+06,1.51684e+07,0,0,0,0
78.5668,85.139,1.56079,0.03,0,2.34749,2.80907,0,0.406763,4.47552,4.2568e+06,2.70226e+06,9.99278e+06,0,0,0,0,57.616,61.308,2.40747,0,0,1.82251,1.36093,0,1.32472,2.1168,8.84649e+06,3.61194e+06,1.61228e+07,0,0,0,0
77.5956,85.139,1.58363,0.04,0,2.45649,2.80984,0,0.439919,4.47552,4.2568e+06,2.70226e+06,1.04568e+07,0,0,0,0,57.1358,61.308,2.02087,0,0,1.71465,1.3613,0,1.40807,2.1168,8.84649e+06,3.61194e+06,1.51687e+07,0,0,0,0
76.4446,85.139,1.42025,0.04,0,2.45763,2.81061,0,0.460346,4.47552,4.2568e+06,2.70226e+06,1.04616e+07,0,0,0,0,56.6389,61.308,1.93551,0,0,1.71465,1.36167,0,1.32474,2.1168,8.84649e+06,3.61194e+06,1.51687e+07,0,0,0,0
75.3274,85.139,1.43521,0.04,0,2.45878,2.81139,0,0.46056,4.47552,4.2568e+06,2.70226e+06,1.04665e+07,0,0,0,0,56.2141,61.308,2.08887,0,0,1.71465,1.36205,0,1.32474,2.1168,8.84649e+06,3.61194e+06,1.51687e+07,0,0,0,0
74.2269,85.139,1.44859,0.04,0,2.45993,2.81216,0,0.460775,4.47552,4.2568e+06,2.70226e+06,1.04714e+07,0,0,0,0,55.801,61.308,2.46807,0,0,1.71465,1.36242,0,1.32474,2.1168,8.84649e+06,3.61194e+06,1.51687e+07,0,0,0,0
73.3753,85.139,1.5746,0.04,0,2.37525,2.72711,0,0.46099,4.47552,4.2568e+06,2.70226e+06,1.01109e+07,0,0,0,0,55.5748,61.308,2.38844,0,0,1.64908,1.29723,0,1.32474,2.1168,8.84649e+06,3.61194e+06,1.45886e+07,0,0,0,0
72.3691,85.139,1.35062,0.05,0,2.3108,2.72786,0,0.445122,4.47552,4.2568e+06,2.70226e+06,9.83662e+06,0,0,0,0,55.2344,61.308,2.07986,0,0,1.71464,1.29758,0,1.27408,2.1168,8.84649e+06,3.61194e+06,1.51685e+07,0,0,0,0
72.129,85.139,2.21439,0.05,0,2.31191,2.72861,0,0.433045,4.47552,4.2568e+06,2.70226e+06,9.84133e+06,0,0,0,0,55.2699,61.308,2.79374,0,0,1.71464,1.29794,0,1.32473,2.1168,8.84649e+06,3.61194e+06,1.51685e+07,0,0,0,0
74.4305,85.139,4.97399,0.05,0,2.31302,2.72936,0,0.433252,4.47552,4.2568e+06,2.70226e+06,9.84604e+06,0,0,0,0,55.9006,61.308,4.06909,0,0,1.71464,1.2983,0,1.32473,2.1168,8.84649e+06,3.61194e+06,1.51685e+07,0,0,0,0
74.415,85.139,2.5335,0.05,0,2.2436,2.65958,0,0.433459,4.47552,4.2568e+06,2.70226e+06,9.55054e+06,0,0,0,0,55.8364,61.308,2.5674,0,0,1.65489,1.2389,0,1.32473,2.1168,8.84649e+06,3.61194e+06,1.46399e+07,0,0,0,0
74.1394,85.139,2.21417,0.04,0,2.18494,2.66031,0,0.42045,4.47552,4.2568e+06,2.70226e+06,9.30082e+06,0,0,0,0,55.6162,61.308,2.51679,0,0,1.71462,1.23924,0,1.27856,2.1168,8.84649e+06,3.61194e+06,1.51684e+07,0,0,0,0
74.2342,85.139,2.60562,0.04,0,2.18601,2.66104,0,0.409457,4.47552,4.2568e+06,2.70226e+06,9.30539e+06,0,0,0,0,55.3068,61.308,1.82975,0,0,1.71462,1.23959,0,1.32472,2.1168,8.84649e+06,3.61194e+06,1.51684e+07,0,0,0,0
79.1254,85.139,7.54472,0.03,0,2.18708,2.66177,0,0.409658,4.47552,4.2568e+06,2.70226e+06,9.30995e+06,0,0,0,0,56.3848,61.308,6.32134,0,0,1.71462,1.23993,0,1.32472,2.1168,8.84649e+06,3.61194e+06,1.51684e+07,0,0,0,0
82.3958,85.139,5.87059,0.03,0,1.98763,2.46199,0,0.409859,4.47552,4.2568e+06,2.70226e+06,8.46095e+06,0,0,0,0,57.2306,61.308,5.56738,0,0,1.59004,1.11569,0,1.32472,2.1168,8.84649e+06,3.61194e+06,1.40663e+07,0,0,0,0
84.6844,85.139,4.81147,0.02,0,1.86407,2.46266,0,0.372483,4.47552,4.2568e+06,2.70226e+06,7.93497e+06,0,0,0,0,58.3129,61.308,4.95269,0,0,1.71459,1.11599,0,1.22846,2.1168,8.84649e+06,3.61194e+06,1.51681e+07,0,0,0,0
85.139,85.139,3.55523,0.02,0,1.86505,2.46334,0,0.349327,4.47552,4.2568e+06,2.70226e+06,7.93916e+06,0,0,0,0,59.1989,61.308,5.41508,0,0,1.71459,1.1163,0,1.32469,2.1168,8.84649e+06,3.61194e+06,1.51681e+07,0,0,0,0
85.139,85.139,3.19151,0.02,0,1.86604,2.46402,0,0.349511,4.47552,4.2568e+06,2.70226e+06,7.94334e+06,0,0,0,0,59.7633,61.308,4.25341,0,0,1.71459,1.11661,0,1.32469,2.1168,8.84649e+06,3.61194e+06,1.51681e+07,0,0,0,0
85.139,85.139,3.66028,0.02,0,1.86702,2.4647,0,0.349696,4.47552,4.2568e+06,2.70226e+06,7.94753e+06,0,0,0,0,60.5984,61.308,5.80128,0,0,1.71459,1.11691,0,1.32469,2.1168,8.84649e+06,3.61194e+06,1.51681e+07,0,0,0,0
85.139,85.139,3.16985,0.02,0,1.94523,2.54259,0,0.34988,4.47552,4.2568e+06,2.70226e+06,8.28044e+06,0,0,0,0,60.8722,61.308,3.99795,0,1,1.75071,1.15334,0,1.32469,2.1168,8.84649e+06,3.61194e+06,1.54876e+07,0,0,0,0
85.0281,85.139,2.39037,0.02,0,1.98233,2.54327,0,0.364536,4.47552,4.2568e+06,2.70226e+06,8.43837e+06,0,0,0,0,60.779,61.308,2.89069,0,1,1.71459,1.15365,0,1.3526,2.1168,8.84649e+06,3.61194e+06,1.51681e+07,0,0,0,0
84.7799,85.139,2.24419,0.03,0,1.98331,2.54395,0,0.371488,4.47552,4.2568e+06,2.70226e+06,8.44255e+06,0,0,0,0,60.6212,61.308,2.72315,0,1,1.71459,1.15395,0,1.32469,2.1168,8.84649e+06,3.61194e+06,1.51681e+07,0,0,0,0
84.826,85.139,2.50726,0.04,0,1.98429,2.54462,0,0.371672,4.47552,4.2568e+06,2.70226e+06,8.44673e+06,0,0,0,0,61.1726,61.308,3.98182,0,1,1.71459,1.15426,0,1.32469,2.1168,8.84649e+06,3.61194e+06,1.51681e+07,0,0,0,0
84.1903,85.139,2.0589,0.05,0,2.23354,2.79356,0,0.371857,4.47552,4.2568e+06,2.70226e+06,9.50772e+06,0,0,0,0,61.193,61.308,3.0574,0,1,1.85034,1.29032,0,1.32469,2.1168,8.84649e+06,3.61194e+06,1.6369e+07,0,0,0,0
83.1355,85.139,1.7152,0.05,0,2.37034,2.7943,0,0.418565,4.47552,4.2568e+06,2.70226e+06,1.00901e+07,0,0,0,0,60.9608,61.308,2.67816,0,1,1.71462,1.29066,0,1.42957,2.1168,8.84649e+06,3.61194e+06,1.51684e+07,0,0,0,0
83.0858,85.139,2.70513,0.04,0,2.37143,2.79505,0,0.444202,4.47552,4.2568e+06,2.70226e+06,1.00947e+07,0,0,0,0,60.6668,61.308,2.31329,0,1,1.71462,1.291,0,1.32472,2.1168,8.84649e+06,3.61194e+06,1.51684e+07,0,0,0,0
82.5172,85.139,2.19561,0.04,0,2.37251,2.79579,0,0.444405,4.47552,4.2568e+06,2.70226e+06,1.00993e+07,0,0,0,0,60.4887,61.308,2.68336,0,1,1.71462,1.29135,0,1.32472,2.1168,8.84649e+06,3.61194e+06,1.51684e+07,0,0,0,0
82.8348,85.139,2.82979,0.04,0,2.01912,2.44205,0,0.444609,4.47552,4.2568e+06,2.70226e+06,8.59498e+06,0,0,0,0,60.8662,61.308,3.2716,0,1,1.53225,1.10931,0,1.32472,2.1168,8.84649e+06,3.61194e+06,1.3555e+07,0,0,0,0
84.4286,85.139,4.04083,0.04,0,1.8379,2.4427,0,0.378383,4.47552,4.2568e+06,2.70226e+06,7.82357e+06,0,0,0,0,61.8311,61.308,4.38042,0,1,1.71441,1.10961,0,1.18381,2.1168,8.84649e+06,3.61194e+06,1.51665e+07,0,0,0,0
85.139,85.139,5.3903,0.04,0,1.83868,2.44335,0,0.344423,4.47552,4.2568e+06,2.70226e+06,7.82688e+06,0,0,0,0,62.3362,61.308,7.97749,0,1,1.71457,1.1099,0,1.32455,2.1168,8.84649e+06,3.61194e+06,1.5168e+07,0,0,0,0
85.139,85.139,4.61893,0.04,0,1.83962,2.444,0,0.344569,4.47552,4.2568e+06,2.70226e+06,7.8309e+06,0,0,0,0,62.3362,61.308,4.82334,0,1,1.71457,1.1102,0,1.32468,2.1168,8.84649e+06,3.61194e+06,1.5168e+07,0,0,0,0
85.139,85.139,4.47622,0.04,0,1.84057,2.44465,0,0.344746,4.47552,4.2568e+06,2.70226e+06,7.83492e+06,0,0,0,0,62.3362,61.308,4.67376,0,1,1.71458,1.11049,0,1.32468,2.1168,8.84649e+06,3.61194e+06,1.5168e+07,0,0,0,0
85.139,85.139,3.29534,0.04,0,1.93086,2.53464,0,0.344922,4.47552,4.2568e+06,2.70226e+06,8.21927e+06,0,0,0,0,62.3362,61.308,3.66412,0,1,1.75925,1.15546,0,1.32468,2.1168,8.84649e+06,3.61194e+06,1.55632e+07,0,0,0,0
85.139,85.139,3.15914,0.05,0,1.9765,2.53532,0,0.361843,4.47552,4.2568e+06,2.70226e+06,8.41356e+06,0,0,0,0,62.3362,61.308,3.39898,0,1,1.71459,1.15577,0,1.3592,2.1168,8.84649e+06,3.61194e+06,1.51681e+07,0,0,0,0
85.139,85.139,2.53062,0.05,0,1.97748,2.53599,0,0.370396,4.47552,4.2568e+06,2.70226e+06,8.41774e+06,0,0,0,0,62.3362,61.308,3.19473,0,1,1.71459,1.15608,0,1.32469,2.1168,8.84649e+06,3.61194e+06,1.51681e+07,0,0,0,0
85.139,85.139,2.67872,0.05,0,1.97846,2.53666,0,0.37058,4.47552,4.2568e+06,2.70226e+06,8.42191e+06,0,0,0,0,62.3362,61.308,3.12049,0,1,1.71459,1.15638,0,1.32469,2.1168,8.84649e+06,3.61194e+06,1.51681e+07,0,0,0,0
85.0645,85.139,2.36618,0.05,0,1.94447,2.50237,0,0.370764,4.47552,4.2568e+06,2.70226e+06,8.27722e+06,0,0,0,0,62.3362,61.308,2.976,0,1,1.69722,1.13932,0,1.32469,2.1168,8.84649e+06,3.61194e+06,1.50144e+07,0,0,0,0
84.7777,85.139,2.10633,0.07,0,1.92808,2.50303,0,0.364394,4.47552,4.2568e+06,2.70226e+06,8.20742e+06,0,0,0,0,62.2989,61.308,3.19795,0,1,1.71458,1.13963,0,1.31127,2.1168,8.84649e+06,3.61194e+06,1.5168e+07,0,0,0,0
84.5514,85.139,2.16023,0.07,0,1.92904,2.5037,0,0.361321,4.47552,4.2568e+06,2.70226e+06,8.21154e+06,0,0,0,0,62.3076,61.308,3.22446,0,1,1.71458,1.13993,0,1.32469,2.1168,8.84649e+06,3.61194e+06,1.5168e+07,0,0,0,0
85.0906,85.139,2.95756,0.07,0,1.93001,2.50436,0,0.361503,4.47552,4.2568e+06,2.70226e+06,8.21566e+06,0,0,0,0,62.3362,61.308,3.59751,0,1,1.71458,1.14023,0,1.32469,2.1168,8.84649e+06,3.61194e+06,1.5168e+07,0,0,0,0
84.5982,85.139,1.93212,0.07,0,2.04981,2.62386,0,0.361684,4.47552,4.2568e+06,2.70226e+06,8.72562e+06,0,0,0,0,62.2931,61.308,3.11435,0,1,1.77625,1.2022,0,1.32469,2.1168,8.84649e+06,3.61194e+06,1.57135e+07,0,0,0,0
84.0164,85.139,1.83727,0.07,0,2.11247,2.62456,0,0.384134,4.47552,4.2568e+06,2.70226e+06,8.99236e+06,0,0,0,0,62.1671,61.308,2.89794,0,1,1.7146,1.20252,0,1.37233,2.1168,8.84649e+06,3.61194e+06,1.51682e+07,0,0,0,0
83.2006,85.139,1.59231,0.06,0,2.11349,2.62525,0,0.395877,4.47552,4.2568e+06,2.70226e+06,8.99669e+06,0,0,0,0,61.9526,61.308,2.66073,0,1,1.7146,1.20284,0,1.3247,2.1168,8.84649e+06,3.61194e+06,1.51682e+07,0,0,0,0
82.2399,85.139,1.43768,0.05,0,2.11451,2.62595,0,0.396068,4.47552,4.2568e+06,2.70226e+06,9.00102e+06,0,0,0,0,61.6398,61.308,2.36023,0,1,1.7146,1.20315,0,1.3247,2.1168,8.84649e+06,3.61194e+06,1.51682e+07,0,0,0,0
81.1949,85.139,1.32454,0.05,0,2.11552,2.62665,0,0.396258,4.47552,4.2568e+06,2.70226e+06,9.00534e+06,0,0,0,0,61.3036,61.308,2.40549,0,1,1.7146,1.20347,0,1.3247,2.1168,8.84649e+06,3.61194e+06,1.51682e+07,0,0,0,0
80.0253,85.139,1.12053,0.04,0,2.09301,2.60381,0,0.396449,4.47552,4.2568e+06,2.70226e+06,8.90951e+06,0,0,0,0,60.8694,61.308,1.92324,0,1,1.74854,1.23773,0,1.3247,2.1168,8.84649e+06,3.61194e+06,1.54684e+07,0,0,0,0
78.7704,85.139,1.05152,0.03,0,2.12795,2.6045,0,0.39223,4.47552,4.2568e+06,2.70226e+06,9.05827e+06,0,0,0,0,60.4101,61.308,1.78406,0,1,1.71461,1.23806,0,1.35092,2.1168,8.84649e+06,3.61194e+06,1.51683e+07,0,0,0,0
77.4361,85.139,0.965766,0.06,0,2.12898,2.6052,0,0.398779,4.47552,4.2568e+06,2.70226e+06,9.06261e+06,0,0,0,0,59.7759,61.308,1.79602,0,1,1.71461,1.23839,0,1.32471,2.1168,8.84649e+06,3.61194e+06,1.51683e+07,0,0,0,0
76.0301,85.139,0.88424,0.05,0,2.13,2.60589,0,0.39897,4.47552,4.2568e+06,2.70226e+06,9.06696e+06,0,0,0,0,59.0591,61.308,1.57346,0,1,1.71461,1.23872,0,1.32471,2.1168,8.84649e+06,3.61194e+06,1.51683e+07,0,0,0,0
74.5283,85.139,0.824026,0.04,0,2.19185,2.66741,0,0.399161,4.47552,4.2568e+06,2.70226e+06,9.33025e+06,0,0,0,0,58.3593,61.308,1.48246,0,1,1.74489,1.26932,0,1.32471,2.1168,8.84649e+06,3.61194e+06,1.54361e+07,0,0,0,0
72.9543,85.139,0.751412,0.04,0,2.22316,2.66812,0,0.410753,4.47552,4.2568e+06,2.70226e+06,9.46355e+06,0,0,0,0,57.5015,61.308,1.53187,0,1,1.71462,1.26966,0,1.3481,2.1168,8.84649e+06,3.61194e+06,1.51683e+07,0,0,0,0
71.3355,85.139,0.696325,0.04,0,2.22421,2.66883,0,0.416621,4.47552,4.2568e+06,2.70226e+06,9.468e+06,0,0,0,0,56.7556,61.308,1.36376,0,1,1.71462,1.27,0,1.32471,2.1168,8.84649e+06,3.61194e+06,1.51683e+07,0,0,0,0
69.7447,85.139,0.708612,0.04,0,2.22525,2.66954,0,0.416817,4.47552,4.2568e+06,2.70226e+06,9.47245e+06,0,0,0,0,56.1218,61.308,1.53934,0,1,1.71462,1.27033,0,1.32471,2.1168,8.84649e+06,3.61194e+06,1.51683e+07,0,0,0,0
68.055,85.139,0.736609,0.04,0,2.40463,2.84858,0,0.417013,4.47552,4.2568e+06,2.70226e+06,1.0236e+07,0,0,0,0,55.3356,61.308,1.62352,0,1,1.82402,1.38007,0,1.32471,2.1168,8.84649e+06,3.61194e+06,1.61361e+07,0,0,0,0
66.1634,85.139,0.624194,0.08,0,2.51513,2.84934,0,0.450628,4.47552,4.2568e+06,2.70226e+06,1.07064e+07,0,0,0,0,54.4788,61.308,1.4034,0,1,1.71465,1.38044,0,1.40924,2.1168,8.84649e+06,3.61194e+06,1.51686e+07,0,0,0,0
64.2212,85.139,0.554761,0.11,0,2.51625,2.85009,0,0.471335,4.47552,4.2568e+06,2.70226e+06,1.07112e+07,0,0,0,0,53.5929,61.308,1.30721,0,1,1.71465,1.3808,0,1.32474,2.1168,8.84649e+06,3.61194e+06,1.51686e+07,0,0,0,0
62.3385,85.139,0.597253,0.11,0,2.51737,2.85085,0,0.471545,4.47552,4.2568e+06,2.70226e+06,1.07159e+07,0,0,0,0,52.9091,61.308,1.31839,0,1,1.71465,1.38117,0,1.32474,2.1168,8.84649e+06,3.61194e+06,1.51686e+07,0,0,0,0
60.7629,85.139,0.925251,0.14,0,2.5185,2.85161,0,0.471756,4.47552,4.2568e+06,2.70226e+06,1.07207e+07,0,0,0,0,52.1901,61.308,1.58172,0,1,1.71465,1.38154,0,1.32474,2.1168,8.84649e+06,3.61194e+06,1.51686e+07,0,0,0,0
59.1749,85.139,0.787761,0.14,0,2.43259,2.76534,0,0.471966,4.47552,4.2568e+06,2.70226e+06,1.0355e+07,0,0,0,0,51.3653,61.308,1.48041,0,1,1.64816,1.31541,0,1.32474,2.1168,8.84649e+06,3.61194e+06,1.45804e+07,0,0,0,0
56.979,85.139,0.633098,0.15,0,2.3672,2.76607,0,0.455868,4.47552,4.2568e+06,2.70226e+06,1.00767e+07,0,0,0,0,50.7537,61.308,1.28085,0,1,1.71463,1.31576,0,1.27337,2.1168,8.84649e+06,3.61194e+06,1.51684e+07,0,0,0,0
56.1243,85.139,0.987369,0.15,0,2.36829,2.7668,0,0.443614,4.47552,4.2568e+06,2.70226e+06,1.00813e+07,0,0,0,0,50.3647,61.308,2.18487,0,1,1.71463,1.31611,0,1.32472,2.1168,8.84649e+06,3.61194e+06,1.51684e+07,0,0,0,0
54.7208,85.139,0.951569,0.18,0,2.36937,2.76754,0,0.443817,4.47552,4.2568e+06,2.70226e+06,1.00859e+07,0,0,0,0,49.9319,61.308,1.99111,0,1,1.71463,1.31646,0,1.32472,2.1168,8.84649e+06,3.61194e+06,1.51684e+07,0,0,0,0
53.8583,85.139,1.49667,0.16,0,2.29894,2.69676,0,0.44402,4.47552,4.2568e+06,2.70226e+06,9.78613e+06,0,0,0,0,49.5816,61.308,1.9691,0,1,1.65404,1.25622,0,1.32472,2.1168,8.84649e+06,3.61194e+06,1.46325e+07,0,0,0,0
53.299,85.139,1.74347,0.16,0,2.23942,2.69748,0,0.430822,4.47552,4.2568e+06,2.70226e+06,9.53276e+06,0,0,0,0,49.2464,61.308,2.09039,0,1,1.71461,1.25656,0,1.27791,2.1168,8.84649e+06,3.61194e+06,1.51683e+07,0,0,0,0
52.659,85.139,1.64401,0.16,0,2.24047,2.69819,0,0.419668,4.47552,4.2568e+06,2.70226e+06,9.53723e+06,0,0,0,0,48.8922,61.308,2.00611,0,1,1.71461,1.25689,0,1.32471,2.1168,8.84649e+06,3.61194e+06,1.51683e+07,0,0,0,0
52.6132,85.139,2.29482,0.16,0,2.24152,2.69891,0,0.419864,4.47552,4.2568e+06,2.70226e+06,9.5417e+06,0,0,0,0,48.7253,61.308,2.63222,0,1,1.71461,1.25723,0,1.32471,2.1168,8.84649e+06,3.61194e+06,1.51683e+07,0,0,0,0
55.353,85.139,4.98309,0.17,0,2.03926,2.49631,0,0.420061,4.47552,4.2568e+06,2.70226e+06,8.68071e+06,0,0,0,0,49.4439,61.308,4.22428,0,1,1.5883,1.13124,0,1.32471,2.1168,8.84649e+06,3.61194e+06,1.40508e+07,0,0,0,0
57.128,85.139,4.00701,0.17,0,1.91394,2.49698,0,0.382157,4.47552,4.2568e+06,2.70226e+06,8.14724e+06,0,0,0,0,49.2939,61.308,2.07311,0,1,1.71458,1.13154,0,1.22712,2.1168,8.84649e+06,3.61194e+06,1.5168e+07,0,0,0,0
58.6645,85.139,3.84147,0.17,0,1.9149,2.49764,0,0.358672,4.47552,4.2568e+06,2.70226e+06,8.15134e+06,0,0,0,0,49.3202,61.308,2.56019,0,1,1.71458,1.13184,0,1.32468,2.1168,8.84649e+06,3.61194e+06,1.5168e+07,0,0,0,0
61.0468,85.139,4.6406,0.17,0,1.91586,2.4983,0,0.358852,4.47552,4.2568e+06,2.70226e+06,8.15544e+06,0,0,0,0,49.3835,61.308,2.82287,0,1,1.71458,1.13214,0,1.32468,2.1168,8.84649e+06,3.61194e+06,1.5168e+07,0,0,0,0
63.3411,85.139,4.74029,0.17,0,1.91683,2.49896,0,0.359033,4.47552,4.2568e+06,2.70226e+06,8.15954e+06,0,0,0,0,49.3504,61.308,2.67869,0,1,1.71458,1.13244,0,1.32468,2.1168,8.84649e+06,3.61194e+06,1.5168e+07,0,0,0,0
66.8124,85.139,6.00222,0.14,0,1.99608,2.57792,0,0.359213,4.47552,4.2568e+06,2.70226e+06,8.49692e+06,0,0,0,0,49.6325,61.308,4.21472,0,1,1.7512,1.16936,0,1.32468,2.1168,8.84649e+06,3.61194e+06,1.5492e+07,0,0,0,0
68.1579,85.139,3.87338,0.15,0,2.03367,2.57858,0,0.374066,4.47552,4.2568e+06,2.70226e+06,8.6569e+06,0,0,0,0,49.7277,61.308,4.01424,0,1,1.71458,1.16966,0,1.35298,2.1168,8.84649e+06,3.61194e+06,1.5168e+07,0,0,0,0
69.1754,85.139,3.52495,0.1,0,2.03463,2.57924,0,0.381109,4.47552,4.2568e+06,2.70226e+06,8.66098e+06,0,0,0,0,49.7542,61.308,3.72387,0,1,1.71458,1.16996,0,1.32468,2.1168,8.84649e+06,3.61194e+06,1.5168e+07,0,0,0,0
70.219,85.139,3.59351,0.12,0,2.03559,2.5799,0,0.381289,4.47552,4.2568e+06,2.70226e+06,8.66507e+06,0,0,0,0,49.792,61.308,3.78524,0,1,1.71458,1.17026,0,1.32468,2.1168,8.84649e+06,3.61194e+06,1.5168e+07,0,0,0,0
70.9984,85.139,3.59297,0.11,0,2.28825,2.83227,0,0.381469,4.47552,4.2568e+06,2.70226e+06,9.74061e+06,0,0,0,0,49.763,61.308,3.78492,0,1,1.85221,1.3082,0,1.32468,2.1168,8.84649e+06,3.61194e+06,1.63856e+07,0,0,0,0
72.6616,85.139,4.69368,0.12,0,2.42691,2.83299,0,0.428818,4.47552,4.2568e+06,2.70226e+06,1.03308e+07,0,0,0,0,49.7987,61.308,3.70694,0,1,1.71462,1.30853,0,1.43102,2.1168,8.84649e+06,3.61194e+06,1.51683e+07,0,0,0,0
72.8957,85.139,3.18864,0.12,0,2.42797,2.83372,0,0.454802,4.47552,4.2568e+06,2.70226e+06,1.03354e+07,0,0,0,0,49.7791,61.308,3.40942,0,1,1.71462,1.30887,0,1.32471,2.1168,8.84649e+06,3.61194e+06,1.51683e+07,0,0,0,0
73.4019,85.139,3.41016,0.12,0,2.42903,2.83444,0,0.455001,4.47552,4.2568e+06,2.70226e+06,1.03399e+07,0,0,0,0,49.7042,61.308,3.32446,0,1,1.71462,1.3092,0,1.32471,2.1168,8.84649e+06,3.61194e+06,1.51683e+07,0,0,0,0
74.9826,85.139,4.23254,0.13,0,2.07071,2.47579,0,0.4552,4.47552,4.2568e+06,2.70226e+06,8.81461e+06,0,0,0,0,50.4201,61.308,4.39817,0,1,1.52972,1.12464,0,1.32471,2.1168,8.84649e+06,3.61194e+06,1.35327e+07,0,0,0,0
79.3848,85.139,7.20904,0.09,0,1.88679,2.47643,0,0.388052,4.47552,4.2568e+06,2.70226e+06,8.03168e+06,0,0,0,0,53.8213,61.308,9.45386,0,1,1.71457,1.12493,0,1.18186,2.1168,8.84649e+06,3.61194e+06,1.51679e+07,0,0,0,0
82.6635,85.139,5.97818,0.09,0,1.88771,2.47706,0,0.353584,4.47552,4.2568e+06,2.70226e+06,8.0356e+06,0,0,0,0,56.9153,61.308,8.41021,0,1,1.71457,1.12522,0,1.32468,2.1168,8.84649e+06,3.61194e+06,1.51679e+07,0,0,0,0
85.139,85.139,5.62722,0.06,0,1.88863,2.4777,0,0.353757,4.47552,4.2568e+06,2.70226e+06,8.03953e+06,0,0,0,0,59.6063,61.308,8.64338,0,1,1.71457,1.12551,0,1.32468,2.1168,8.84649e+06,3.61194e+06,1.51679e+07,0,0,0,0
85.139,85.139,8.20722,0.05,0,1.88956,2.47833,0,0.35393,4.47552,4.2568e+06,2.70226e+06,8.04346e+06,0,0,0,0,62.3362,61.308,9.88402,0,1,1.71457,1.12579,0,1.32468,2.1168,8.84649e+06,3.61194e+06,1.51679e+07,0,0,0,0
85.139,85.139,6.32893,0.05,0,1.98106,2.56954,0,0.354103,4.47552,4.2568e+06,2.70226e+06,8.43295e+06,0,0,0,0,62.3362,61.308,8.88009,0,1,1.75986,1.17137,0,1.32468,2.1168,8.84649e+06,3.61194e+06,1.55686e+07,0,0,0,0
85.139,85.139,5.95175,0.06,0,2.02729,2.5702,0,0.37125,4.47552,4.2568e+06,2.70226e+06,8.62977e+06,0,0,0,0,62.3362,61.308,10.5859,0,1,1.71458,1.17167,0,1.35967,2.1168,8.84649e+06,3.61194e+06,1.5168e+07,0,0,0,0
85.139,85.139,5.5245,0.06,0,2.02825,2.57086,0,0.379915,4.47552,4.2568e+06,2.70226e+06,8.63385e+06,0,0,0,0,62.3362,61.308,10.2136,0,1,1.71458,1.17197,0,1.32468,2.1168,8.84649e+06,3.61194e+06,1.5168e+07,0,0,0,0
85.139,85.139,4.79841,0.06,0,2.02921,2.57152,0,0.380094,4.47552,4.2568e+06,2.70226e+06,8.63793e+06,0,0,0,0,62.3362,61.308,8.10316,0,1,1.71458,1.17227,0,1.32468,2.1168,8.84649e+06,3.61194e+06,1.5168e+07,0,0,0,0
85.139,85.139,3.87934,0.06,0,1.99472,2.53672,0,0.380274,4.47552,4.2568e+06,2.70226e+06,8.4911e+06,0,0,0,0,62.3362,61.308,5.57758,0,1,1.69697,1.15496,0,1.32468,2.1168,8.84649e+06,3.61194e+06,1.50122e+07,0,0,0,0
85.139,85.139,3.09007,0.05,0,1.97806,2.53737,0,0.37381,4.47552,4.2568e+06,2.70226e+06,8.42019e+06,0,0,0,0,62.3362,61.308,4.03455,0,1,1.71458,1.15526,0,1.31108,2.1168,8.84649e+06,3.61194e+06,1.5168e+07,0,0,0,0
85.139,85.139,2.61729,0.05,0,1.979,2.53802,0,0.370688,4.47552,4.2568e+06,2.70226e+06,8.42422e+06,0,0,0,0,62.3362,61.308,3.64935,0,1,1.71458,1.15556,0,1.32468,2.1168,8.84649e+06,3.61194e+06,1.5168e+07,0,0,0,0
85.0396,85.139,2.40419,0.05,0,1.97995,2.53867,0,0.370865,4.47552,4.2568e+06,2.70226e+06,8.42824e+06,0,0,0,0,62.3362,61.308,2.92487,0,1,1.71458,1.15585,0,1.32468,2.1168,8.84649e+06,3.61194e+06,1.5168e+07,0,0,0,0
85.139,85.139,2.97139,0.08,0,2.10135,2.65978,0,0.371043,4.47552,4.2568e+06,2.70226e+06,8.94503e+06,0,0,0,0,62.3362,61.308,3.41443,0,1,1.77708,1.21866,0,1.32468,2.1168,8.84649e+06,3.61194e+06,1.57209e+07,0,0,0,0
84.9255,85.139,2.37558,0.04,0,2.16484,2.66046,0,0.393794,4.47552,4.2568e+06,2.70226e+06,9.21527e+06,0,0,0,0,62.323,61.308,2.71229,0,1,1.71459,1.21897,0,1.37297,2.1168,8.84649e+06,3.61194e+06,1.51681e+07,0,0,0,0
84.7994,85.139,2.3951,0.07,0,2.16583,2.66114,0,0.405691,4.47552,4.2568e+06,2.70226e+06,9.2195e+06,0,0,0,0,62.3362,61.308,3.13643,0,1,1.71459,1.21928,0,1.32469,2.1168,8.84649e+06,3.61194e+06,1.51681e+07,0,0,0,0
84.4454,85.139,2.11994,0.05,0,2.16683,2.66183,0,0.405877,4.47552,4.2568e+06,2.70226e+06,9.22373e+06,0,0,0,0,62.1903,61.308,2.63089,0,1,1.71459,1.21959,0,1.32469,2.1168,8.84649e+06,3.61194e+06,1.51681e+07,0,0,0,0
83.9811,85.139,1.99634,0.05,0,2.16782,2.66251,0,0.406063,4.47552,4.2568e+06,2.70226e+06,9.22796e+06,0,0,0,0,61.8261,61.308,2.26447,0,1,1.71459,1.2199,0,1.32469,2.1168,8.84649e+06,3.61194e+06,1.51681e+07,0,0,0,0
83.5134,85.139,1.96195,0.05,0,2.14496,2.63934,0,0.406249,4.47552,4.2568e+06,2.70226e+06,9.13066e+06,0,0,0,0,61.2378,61.308,1.82917,0,1,1.74899,1.25462,0,1.32469,2.1168,8.84649e+06,3.61194e+06,1.54724e+07,0,0,0,0
82.9313,85.139,1.86455,0.03,0,2.18035,2.64001,0,0.401966,4.47552,4.2568e+06,2.70226e+06,9.28129e+06,0,0,0,0,60.58,61.308,1.64221,0,1,1.7146,1.25494,0,1.35127,2.1168,8.84649e+06,3.61194e+06,1.51682e+07,0,0,0,0
82.2321,85.139,1.73613,0.03,0,2.18134,2.64069,0,0.408597,4.47552,4.2568e+06,2.70226e+06,9.28554e+06,0,0,0,0,59.7915,61.308,1.52473,0,1,1.7146,1.25526,0,1.3247,2.1168,8.84649e+06,3.61194e+06,1.51682e+07,0,0,0,0
81.4476,85.139,1.64269,0.03,0,2.18234,2.64136,0,0.408784,4.47552,4.2568e+06,2.70226e+06,9.28978e+06,0,0,0,0,58.7442,61.308,1.43611,0,1,1.7146,1.25558,0,1.3247,2.1168,8.84649e+06,3.61194e+06,1.51682e+07,0,0,0,0
80.4434,85.139,1.44017,0.03,0,2.245,2.7037,0,0.408971,4.47552,4.2568e+06,2.70226e+06,9.5565e+06,0,0,0,0,57.6605,61.308,1.18374,0,1,1.74529,1.28659,0,1.3247,2.1168,8.84649e+06,3.61194e+06,1.54397e+07,0,0,0,0
79.2344,85.139,1.25224,0.03,0,2.2767,2.70439,0,0.420713,4.47552,4.2568e+06,2.70226e+06,9.69145e+06,0,0,0,0,56.6323,61.308,1.14978,0,1,1.71461,1.28692,0,1.34841,2.1168,8.84649e+06,3.61194e+06,1.51683e+07,0,0,0,0
77.9516,85.139,1.1576,0.04,0,2.27772,2.70508,0,0.426654,4.47552,4.2568e+06,2.70226e+06,9.6958e+06,0,0,0,0,55.4549,61.308,1.15713,0,1,1.71461,1.28725,0,1.32471,2.1168,8.84649e+06,3.61194e+06,1.51683e+07,0,0,0,0
76.5938,85.139,1.07317,0.04,0,2.27875,2.70578,0,0.426845,4.47552,4.2568e+06,2.70226e+06,9.70015e+06,0,0,0,0,54.3502,61.308,1.0334,0,1,1.71461,1.28758,0,1.32471,2.1168,8.84649e+06,3.61194e+06,1.51683e+07,0,0,0,0
75.119,85.139,1.09127,0.04,0,2.46052,2.88722,0,0.427037,4.47552,4.2568e+06,2.70226e+06,1.04739e+07,0,0,0,0,53.0403,61.308,1.16497,0,1,1.82549,1.39879,0,1.32471,2.1168,8.84649e+06,3.61194e+06,1.61492e+07,0,0,0,0
73.4777,85.139,0.984687,0.04,0,2.57247,2.88796,0,0.461102,4.47552,4.2568e+06,2.70226e+06,1.09505e+07,0,0,0,0,51.6859,61.308,0.8487,0,1,1.71464,1.39915,0,1.41038,2.1168,8.84649e+06,3.61194e+06,1.51685e+07,0,0,0,0
71.8719,85.139,1.01455,0.08,0,2.57357,2.8887,0,0.482081,4.47552,4.2568e+06,2.70226e+06,1.09552e+07,0,0,0,0,50.2853,61.308,0.890976,0,1,1.71464,1.39951,0,1.32473,2.1168,8.84649e+06,3.61194e+06,1.51685e+07,0,0,0,0
70.1098,85.139,0.865358,0.08,0,2.57467,2.88944,0,0.482287,4.47552,4.2568e+06,2.70226e+06,1.09598e+07,0,0,0,0,49.0136,61.308,0.783402,0,1,1.71464,1.39987,0,1.32473,2.1168,8.84649e+06,3.61194e+06,1.51685e+07,0,0,0,0
68.4419,85.139,0.935212,0.08,0,2.57577,2.89018,0,0.482493,4.47552,4.2568e+06,2.70226e+06,1.09645e+07,0,0,0,0,47.839,61.308,1.04201,0,1,1.71464,1.40022,0,1.32473,2.1168,8.84649e+06,3.61194e+06,1.51685e+07,0,0,0,0
67.002,85.139,1.03819,0.09,0,2.48866,2.80271,0,0.482698,4.47552,4.2568e+06,2.70226e+06,1.05937e+07,0,0,0,0,46.5683,61.308,0.974953,0,1,1.64725,1.33319,0,1.32473,2.1168,8.84649e+06,3.61194e+06,1.45724e+07,0,0,0,0
65.5456,85.139,0.996889,0.13,0,2.42235,2.80343,0,0.466375,4.47552,4.2568e+06,2.70226e+06,1.03114e+07,0,0,0,0,45.5238,61.308,0.931438,0,1,1.71462,1.33354,0,1.27267,2.1168,8.84649e+06,3.61194e+06,1.51684e+07,0,0,0,0
64.1791,85.139,1.12455,0.13,0,2.4234,2.80415,0,0.453948,4.47552,4.2568e+06,2.70226e+06,1.03159e+07,0,0,0,0,44.5714,61.308,1.28899,0,1,1.71462,1.33388,0,1.32472,2.1168,8.84649e+06,3.61194e+06,1.51684e+07,0,0,0,0
62.7725,85.139,1.09142,0.13,0,2.42446,2.80487,0,0.454146,4.47552,4.2568e+06,2.70226e+06,1.03204e+07,0,0,0,0,43.8191,61.308,1.2232,0,1,1.71462,1.33422,0,1.32472,2.1168,8.84649e+06,3.61194e+06,1.51684e+07,0,0,0,0
61.6498,85.139,1.34193,0.14,0,2.35305,2.73311,0,0.454344,4.47552,4.2568e+06,2.70226e+06,1.00164e+07,0,0,0,0,43.31,61.308,1.54728,0,1,1.65322,1.27316,0,1.32472,2.1168,8.84649e+06,3.61194e+06,1.46252e+07,0,0,0,0
61.3462,85.139,2.08766,0.16,0,2.29269,2.73381,0,0.440961,4.47552,4.2568e+06,2.70226e+06,9.75949e+06,0,0,0,0,42.4669,61.308,1.61727,0,1,1.71461,1.27348,0,1.27728,2.1168,8.84649e+06,3.61194e+06,1.51682e+07,0,0,0,0
60.7827,85.139,1.85891,0.16,0,2.29371,2.73451,0,0.429649,4.47552,4.2568e+06,2.70226e+06,9.76386e+06,0,0,0,0,41.9827,61.308,1.15568,0,1,1.71461,1.27381,0,1.3247,2.1168,8.84649e+06,3.61194e+06,1.51682e+07,0,0,0,0
60.7855,85.139,2.45419,0.16,0,2.29474,2.73521,0,0.429841,4.47552,4.2568e+06,2.70226e+06,9.76822e+06,0,0,0,0,41.9463,61.308,2.85078,0,1,1.71461,1.27413,0,1.3247,2.1168,8.84649e+06,3.61194e+06,1.51682e+07,0,0,0,0
64.9104,85.139,6.67869,0.16,0,2.08972,2.52986,0,0.430034,4.47552,4.2568e+06,2.70226e+06,8.8955e+06,0,0,0,0,42.8395,61.308,5.56261,0,1,1.58659,1.14644,0,1.3247,2.1168,8.84649e+06,3.61194e+06,1.40358e+07,0,0,0,0
65.5671,85.139,2.98993,0.15,0,1.96268,2.53051,0,0.391613,4.47552,4.2568e+06,2.70226e+06,8.35471e+06,0,0,0,0,42.4623,61.308,1.57179,0,1,1.71457,1.14674,0,1.2258,2.1168,8.84649e+06,3.61194e+06,1.5168e+07,0,0,0,0
69.1113,85.139,6.17009,0.15,0,1.96362,2.53116,0,0.367805,4.47552,4.2568e+06,2.70226e+06,8.35871e+06,0,0,0,0,42.9318,61.308,4.65606,0,1,1.71457,1.14703,0,1.32468,2.1168,8.84649e+06,3.61194e+06,1.5168e+07,0,0,0,0
72.6341,85.139,6.11246,0.11,0,1.96456,2.53181,0,0.367982,4.47552,4.2568e+06,2.70226e+06,8.36272e+06,0,0,0,0,42.9126,61.308,3.01147,0,1,1.71457,1.14732,0,1.32468,2.1168,8.84649e+06,3.61194e+06,1.5168e+07,0,0,0,0
76.2975,85.139,6.15166,0.11,0,1.9655,2.53245,0,0.368158,4.47552,4.2568e+06,2.70226e+06,8.36672e+06,0,0,0,0,42.6325,61.308,2.37457,0,1,1.71457,1.14762,0,1.32468,2.1168,8.84649e+06,3.61194e+06,1.5168e+07,0,0,0,0
78.6496,85.139,4.873,0.06,0,2.04578,2.61244,0,0.368334,4.47552,4.2568e+06,2.70226e+06,8.70848e+06,0,0,0,0,42.1943,61.308,2.60345,0,1,1.75168,1.18502,0,1.32468,2.1168,8.84649e+06,3.61194e+06,1.54963e+07,0,0,0,7.74588e+07
79.271,85.139,3.12131,0.06,0,2.08383,2.61309,0,0.38338,4.47552,4.2568e+06,2.70226e+06,8.87044e+06,0,0,0,0,41.5873,61.308,1.53528,0,1,1.71457,1.18532,0,1.35335,2.1168,8.84649e+06,3.61194e+06,1.51679e+07,0,0,0,7.74588e+07
80.8646,85.139,4.16781,0.06,0,2.08477,2.61373,0,0.39051,4.47552,4.2568e+06,2.70226e+06,8.87443e+06,0,0,0,0,41.4664,61.308,1.90133,0,1,1.71457,1.18561,0,1.32468,2.1168,8.84649e+06,3.61194e+06,1.51679e+07,0,0,0,7.74588e+07
83.6237,85.139,5.41992,0.07,0,2.0857,2.61438,0,0.390685,4.47552,4.2568e+06,2.70226e+06,8.87842e+06,0,0,0,0,41.5207,61.308,2.86577,0,1,1.71457,1.1859,0,1.32468,2.1168,8.84649e+06,3.61194e+06,1.51679e+07,0,0,0,7.74588e+07
85.139,85.139,4.48474,0.07,0,2.34171,2.87009,0,0.390861,4.47552,4.2568e+06,2.70226e+06,9.96816e+06,0,0,0,0,40.5739,61.308,2.06067,0,1,1.85404,1.32566,0,1.32468,2.1168,8.84649e+06,3.61194e+06,1.64018e+07,0,0,0,7.74588e+07
84.5899,85.139,2.35304,0.05,0,2.48218,2.87079,0,0.438836,4.47552,4.2568e+06,2.70226e+06,1.05661e+07,0,0,0,0,39.7056,61.308,1.23535,0,1,1.71461,1.32599,0,1.43243,2.1168,8.84649e+06,3.61194e+06,1.51683e+07,0,0,0,7.74588e+07
83.3658,85.139,1.6409,0.07,0,2.48321,2.8715,0,0.46516,4.47552,4.2568e+06,2.70226e+06,1.05705e+07,0,0,0,0,39.3118,61.308,1.89732,0,1,1.71461,1.32632,0,1.32471,2.1168,8.84649e+06,3.61194e+06,1.51683e+07,0,0,0,7.74588e+07
85.139,85.139,5.2205,0.07,0,2.48425,2.87221,0,0.465354,4.47552,4.2568e+06,2.70226e+06,1.05749e+07,0,0,0,0,38.4038,61.308,2.02529,0,1,1.71461,1.32664,0,1.32471,2.1168,8.84649e+06,3.61194e+06,1.51683e+07,0,0,0,7.74588e+07
84.9453,85.139,2.37985,0.04,0,2.12112,2.50876,0,0.465548,4.47552,4.2568e+06,2.70226e+06,9.02918e+06,0,0,0,0,38.1078,61.308,1.30337,0,1,1.52725,1.13962,0,1.32471,2.1168,8.84649e+06,3.61194e+06,1.35108e+07,0,0,0,7.74588e+07
85.139,85.139,3.78219,0.05,0,1.93471,2.50938,0,0.397498,4.47552,4.2568e+06,2.70226e+06,8.23567e+06,0,0,0,0,38.2074,61.308,2.49263,0,1,1.71456,1.1399,0,1.17995,2.1168,8.84649e+06,3.61194e+06,1.51678e+07,0,0,0,7.74588e+07
85.139,85.139,5.1649,0.04,0,1.93561,2.50999,0,0.362565,4.47552,4.2568e+06,2.70226e+06,8.2395e+06,0,0,0,0,38.3302,61.308,2.43575,0,1,1.71456,1.14018,0,1.32467,2.1168,8.84649e+06,3.61194e+06,1.51678e+07,0,0,0,7.74588e+07
85.139,85.139,3.9549,0.05,0,1.93651,2.51061,0,0.362734,4.47552,4.2568e+06,2.70226e+06,8.24333e+06,0,0,0,0,38.3789,61.308,2.48759,0,1,1.71456,1.14046,0,1.32467,2.1168,8.84649e+06,3.61194e+06,1.51678e+07,0,0,0,7.74588e+07
85.139,85.139,4.92756,0.05,0,1.93741,2.51123,0,0.362902,4.47552,4.2568e+06,2.70226e+06,8.24717e+06,0,0,0,0,38.4746,61.308,2.81142,0,1,1.71456,1.14074,0,1.32467,2.1168,8.84649e+06,3.61194e+06,1.51678e+07,0,0,0,7.74588e+07
85.139,85.139,3.49385,0.06,0,2.03009,2.60363,0,0.363071,4.47552,4.2568e+06,2.70226e+06,8.64168e+06,0,0,0,0,38.307,61.308,2.34067,0,1,1.76045,1.18691,0,1.32467,2.1168,8.84649e+06,3.61194e+06,1.55738e+07,0,0,0,7.74588e+07
85.139,85.139,3.29334,0.06,0,2.0769,2.60427,0,0.380439,4.47552,4.2568e+06,2.70226e+06,8.84096e+06,0,0,0,0,38.1935,61.308,2.16477,0,1,1.71457,1.1872,0,1.36013,2.1168,8.84649e+06,3.61194e+06,1.51679e+07,0,0,0,7.74588e+07
85.139,85.139,2.64054,0.06,0,2.07784,2.60491,0,0.389212,4.47552,4.2568e+06,2.70226e+06,8.84494e+06,0,0,0,0,37.9633,61.308,2.05168,0,1,1.71457,1.1875,0,1.32468,2.1168,8.84649e+06,3.61194e+06,1.51679e+07,0,0,0,7.74588e+07
85.139,85.139,2.79512,0.07,0,2.07877,2.60556,0,0.389387,4.47552,4.2568e+06,2.70226e+06,8.84892e+06,0,0,0,0,37.5385,61.308,2.01494,0,1,1.71457,1.18779,0,1.32468,2.1168,8.84649e+06,3.61194e+06,1.51679e+07,0,0,0,7.74588e+07
85.135,85.139,2.57554,0.07,0,2.04379,2.57028,0,0.389562,4.47552,4.2568e+06,2.70226e+06,8.7e+06,0,0,0,0,36.7258,61.308,1.84509,0,1,1.69673,1.17024,0,1.32468,2.1168,8.84649e+06,3.61194e+06,1.50101e+07,0,0,0,7.74588e+07
84.6306,85.139,1.97131,0.1,0,2.02688,2.57091,0,0.383006,4.47552,4.2568e+06,2.70226e+06,8.62799e+06,0,0,0,0,36.0545,61.308,1.47877,0,1,1.71457,1.17053,0,1.31089,2.1168,8.84649e+06,3.61194e+06,1.51679e+07,0,0,0,7.74588e+07
84.0783,85.139,1.91691,0.08,0,2.0278,2.57155,0,0.379836,4.47552,4.2568e+06,2.70226e+06,8.63192e+06,0,0,0,0,35.3194,61.308,1.63731,0,1,1.71457,1.17082,0,1.32468,2.1168,8.84649e+06,3.61194e+06,1.51679e+07,0,0,0,7.74588e+07
83.4703,85.139,1.85215,0.08,0,2.02872,2.57218,0,0.380009,4.47552,4.2568e+06,2.70226e+06,8.63585e+06,0,0,0,0,34.5555,61.308,1.51659,0,1,1.71457,1.17111,0,1.32468,2.1168,8.84649e+06,3.61194e+06,1.51679e+07,0,0,0,7.74588e+07
82.6969,85.139,1.76616,0.08,0,2.15169,2.69486,0,0.380182,4.47552,4.2568e+06,2.70226e+06,9.15931e+06,0,0,0,0,33.687,61.308,1.3694,0,1,1.7779,1.23473,0,1.32468,2.1168,8.84649e+06,3.61194e+06,1.57282e+07,0,0,0,7.74588e+07
81.7068,85.139,1.57066,0.08,0,2.21598,2.69553,0,0.403227,4.47552,4.2568e+06,2.70226e+06,9.43295e+06,0,0,0,0,32.7601,61.308,1.37722,0,1,1.71458,1.23503,0,1.37361,2.1168,8.84649e+06,3.61194e+06,1.51681e+07,0,0,0,7.74588e+07
80.6674,85.139,1.42501,0.08,0,2.21694,2.69619,0,0.415274,4.47552,4.2568e+06,2.70226e+06,9.43708e+06,0,0,0,0,31.7744,61.308,1.21145,0,1,1.71458,1.23534,0,1.32469,2.1168,8.84649e+06,3.61194e+06,1.51681e+07,0,0,0,7.74588e+07
79.5777,85.139,1.36318,0.07,0,2.21791,2.69686,0,0.415455,4.47552,4.2568e+06,2.70226e+06,9.4412e+06,0,0,0,0,30.8441,61.308,1.19866,0,1,1.71458,1.23564,0,1.32469,2.1168,8.84649e+06,3.61194e+06,1.51681e+07,0,0,0,7.74588e+07
78.4362,85.139,1.30239,0.05,0,2.21888,2.69752,0,0.415637,4.47552,4.2568e+06,2.70226e+06,9.44533e+06,0,0,0,0,30.0573,61.308,1.26543,0,1,1.71458,1.23595,0,1.32469,2.1168,8.84649e+06,3.61194e+06,1.51681e+07,0,0,0,7.74588e+07
77.4486,85.139,1.41981,0.09,0,2.19569,2.67402,0,0.415819,4.47552,4.2568e+06,2.70226e+06,9.34659e+06,0,0,0,0,29.3364,61.308,1.3573,0,1,1.74944,1.2711,0,1.32469,2.1168,8.84649e+06,3.61194e+06,1.54764e+07,0,0,0,7.74588e+07
76.5752,85.139,1.52835,0.07,0,2.2315,2.67468,0,0.411472,4.47552,4.2568e+06,2.70226e+06,9.49905e+06,0,0,0,0,28.5639,61.308,1.40956,0,1,1.71459,1.27142,0,1.35161,2.1168,8.84649e+06,3.61194e+06,1.51681e+07,0,0,0,7.74588e+07
75.5965,85.139,1.41855,0.06,0,2.23247,2.67534,0,0.418183,4.47552,4.2568e+06,2.70226e+06,9.50319e+06,0,0,0,0,27.6823,61.308,1.37927,0,1,1.71459,1.27173,0,1.32469,2.1168,8.84649e+06,3.61194e+06,1.51681e+07,0,0,0,7.74588e+07
74.4994,85.139,1.29287,0.05,0,2.23345,2.676,0,0.418366,4.47552,4.2568e+06,2.70226e+06,9.50733e+06,0,0,0,0,26.7086,61.308,1.26036,0,1,1.71459,1.27204,0,1.32469,2.1168,8.84649e+06,3.61194e+06,1.51681e+07,0,0,0,7.74588e+07
73.2512,85.139,1.16919,0.04,0,2.29689,2.73913,0,0.418548,4.47552,4.2568e+06,2.70226e+06,9.77738e+06,0,0,0,0,25.7025,61.308,1.16111,0,1,1.74568,1.30345,0,1.32469,2.1168,8.84649e+06,3.61194e+06,1.54432e+07,0,0,0,7.74588e+07
72.0162,85.139,1.18998,0.06,0,2.32897,2.7398,0,0.430437,4.47552,4.2568e+06,2.70226e+06,9.91394e+06,0,0,0,0,24.8171,61.308,1.19228,0,1,1.7146,1.30377,0,1.34872,2.1168,8.84649e+06,3.61194e+06,1.51682e+07,0,0,0,7.74588e+07
70.7298,85.139,1.12331,0.06,0,2.32996,2.74048,0,0.436449,4.47552,4.2568e+06,2.70226e+06,9.91818e+06,0,0,0,0,23.8179,61.308,1.23516,0,1,1.7146,1.30409,0,1.3247,2.1168,8.84649e+06,3.61194e+06,1.51682e+07,0,0,0,7.74588e+07
69.3818,85.139,1.05108,0.07,0,2.33096,2.74115,0,0.436635,4.47552,4.2568e+06,2.70226e+06,9.92243e+06,0,0,0,0,22.8531,61.308,1.13251,0,1,1.7146,1.30441,0,1.3247,2.1168,8.84649e+06,3.61194e+06,1.51682e+07,0,0,0,7.74588e+07
67.8796,85.139,1.03349,0.07,0,2.51507,2.92494,0,0.436822,4.47552,4.2568e+06,2.70226e+06,1.07062e+07,0,0,0,0,21.7797,61.308,1.21318,0,1,1.82693,1.41706,0,1.3247,2.1168,8.84649e+06,3.61194e+06,1.61619e+07,0,0,0,7.74588e+07
66.1913,85.139,0.90403,0.11,0,2.62845,2.92566,0,0.471325,4.47552,4.2568e+06,2.70226e+06,1.11888e+07,0,0,0,0,20.5575,61.308,1.03089,0,1,1.71463,1.41741,0,1.41149,2.1168,8.84649e+06,3.61194e+06,1.51684e+07,0,0,0,7.74588e+07
64.4043,85.139,0.787547,0.11,0,2.62952,2.92638,0,0.492571,4.47552,4.2568e+06,2.70226e+06,1.11933e+07,0,0,0,0,19.3828,61.308,0.872617,0,1,1.71463,1.41776,0,1.32472,2.1168,8.84649e+06,3.61194e+06,1.51684e+07,0,0,0,7.74588e+07
62.9123,85.139,1.07214,0.12,0,2.63059,2.92711,0,0.492772,4.47552,4.2568e+06,2.70226e+06,1.11979e+07,0,0,0,0,18.3279,61.308,0.983855,0,1,1.71463,1.41811,0,1.32472,2.1168,8.84649e+06,3.61194e+06,1.51684e+07,0,0,0,7.74588e+07
61.8738,85.139,1.57237,0.12,0,2.63166,2.92783,0,0.492972,4.47552,4.2568e+06,2.70226e+06,1.12024e+07,0,0,0,0,17.4268,61.308,1.1606,0,1,1.71463,1.41846,0,1.32472,2.1168,8.84649e+06,3.61194e+06,1.51684e+07,0,0,0,7.74588e+07
60.9507,85.139,1.59881,0.15,0,2.54338,2.83919,0,0.493173,4.47552,4.2568e+06,2.70226e+06,1.08266e+07,0,0,0,0,16.9538,61.308,1.23174,0,1,1.64636,1.35055,0,1.32472,2.1168,8.84649e+06,3.61194e+06,1.45645e+07,0,0,0,7.74588e+07
59.8343,85.139,1.30452,0.16,0,2.47616,2.83989,0,0.476629,4.47552,4.2568e+06,2.70226e+06,1.05405e+07,0,0,0,0,16.2406,61.308,1.99011,0,1,1.71461,1.35088,0,1.27198,2.1168,8.84649e+06,3.61194e+06,1.51683e+07,0,0,0,7.74588e+07
58.5814,85.139,1.16093,0.16,0,2.47719,2.84059,0,0.464033,4.47552,4.2568e+06,2.70226e+06,1.05449e+07,0,0,0,0,15.2242,61.308,1.18331,0,1,1.71461,1.35121,0,1.32471,2.1168,8.84649e+06,3.61194e+06,1.51683e+07,0,0,0,7.74588e+07
57.174,85.139,0.990255,0.16,0,2.47823,2.84129,0,0.464226,4.47552,4.2568e+06,2.70226e+06,1.05493e+07,0,0,0,0,14.4642,61.308,1.07648,0,1,1.71461,1.35155,0,1.32471,2.1168,8.84649e+06,3.61194e+06,1.51683e+07,0,0,0,7.74588e+07
56.7958,85.139,2.11573,0.16,0,2.40584,2.76858,0,0.46442,4.47552,4.2568e+06,2.70226e+06,1.02412e+07,0,0,0,0,13.9993,61.308,1.57258,0,1,1.65241,1.28968,0,1.32471,2.1168,8.84649e+06,3.61194e+06,1.46181e+07,0,0,0,7.74588e+07
55.8281,85.139,1.45542,0.15,0,2.34466,2.76926,0,0.450855,4.47552,4.2568e+06,2.70226e+06,9.98074e+06,0,0,0,0,13.5209,61.308,1.394,0,1,1.7146,1.29,0,1.27665,2.1168,8.84649e+06,3.61194e+06,1.51682e+07,0,0,0,7.74588e+07
56.6298,85.139,3.28586,0.17,0,2.34566,2.76994,0,0.439389,4.47552,4.2568e+06,2.70226e+06,9.98499e+06,0,0,0,0,13.1798,61.308,1.85924,0,1,1.7146,1.29031,0,1.3247,2.1168,8.84649e+06,3.61194e+06,1.51682e+07,0,0,0,7.74588e+07
59.2619,85.139,5.17894,0.17,0,2.34666,2.77063,0,0.439577,4.47552,4.2568e+06,2.70226e+06,9.98925e+06,0,0,0,0,13.3411,61.308,3.36019,0,1,1.7146,1.29063,0,1.3247,2.1168,8.84649e+06,3.61194e+06,1.51682e+07,0,0,0,7.74588e+07
60.2474,85.139,3.33636,0.15,0,2.13895,2.5626,0,0.439764,4.47552,4.2568e+06,2.70226e+06,9.10507e+06,0,0,0,0,13.3663,61.308,2.7976,0,1,1.58493,1.16128,0,1.3247,2.1168,8.84649e+06,3.61194e+06,1.4021e+07,0,0,0,7.74588e+07
63.331,85.139,5.54381,0.16,0,2.01023,2.56323,0,0.400839,4.47552,4.2568e+06,2.70226e+06,8.55713e+06,0,0,0,0,13.4228,61.308,2.42497,0,1,1.71457,1.16156,0,1.22451,2.1168,8.84649e+06,3.61194e+06,1.51679e+07,0,0,0,7.74588e+07
65.8713,85.139,5.05574,0.14,0,2.01115,2.56386,0,0.376717,4.47552,4.2568e+06,2.70226e+06,8.56103e+06,0,0,0,0,13.546,61.308,3.34223,0,1,1.71457,1.16185,0,1.32467,2.1168,8.84649e+06,3.61194e+06,1.51679e+07,0,0,0,7.74588e+07
68.4105,85.139,5.02739,0.15,0,2.01206,2.56449,0,0.376889,4.47552,4.2568e+06,2.70226e+06,8.56494e+06,0,0,0,0,13.8332,61.308,5.64579,0,1,1.71457,1.16214,0,1.32467,2.1168,8.84649e+06,3.61194e+06,1.51679e+07,0,0,0,7.74588e+07
71.1664,85.139,5.27043,0.12,0,2.01298,2.56512,0,0.377061,4.47552,4.2568e+06,2.70226e+06,8.56885e+06,0,0,0,0,13.9757,61.308,4.57892,0,1,1.71457,1.16242,0,1.32467,2.1168,8.84649e+06,3.61194e+06,1.51679e+07,0,0,0,7.74588e+07
73.0025,85.139,4.46649,0.11,0,2.09426,2.64612,0,0.377233,4.47552,4.2568e+06,2.70226e+06,8.91486e+06,0,0,0,0,14.2898,61.308,4.30145,0,1,1.75216,1.2003,0,1.32467,2.1168,8.84649e+06,3.61194e+06,1.55004e+07,0,0,0,7.74588e+07
73.9103,85.139,3.54168,0.12,0.02,2.13277,2.64675,0,0.392465,4.47552,4.2568e+06,2.70226e+06,9.07876e+06,0,0,0,0,14.5715,61.308,5.46777,0,1,1.71456,1.20058,0,1.35372,2.1168,8.84649e+06,3.61194e+06,1.51679e+07,0,0,0,7.74588e+07
75.0588,85.139,3.76953,0.08,0.02,2.13368,2.64738,0,0.399681,4.47552,4.2568e+06,2.70226e+06,9.08264e+06,0,0,0,0,14.6282,61.308,4.5712,0,1,1.71456,1.20087,0,1.32467,2.1168,8.84649e+06,3.61194e+06,1.51679e+07,0,0,0,7.74588e+07
75.3269,85.139,2.849,0.1,0.02,2.13459,2.64801,0,0.399852,4.47552,4.2568e+06,2.70226e+06,9.08653e+06,0,0,0,0,14.518,61.308,4.0208,0,1,1.71457,1.20115,0,1.32467,2.1168,8.84649e+06,3.61194e+06,1.51679e+07,0,0,0,7.74588e+07
76.1333,85.139,3.63244,0.1,0.02,2.39385,2.90698,0,0.400023,4.47552,4.2568e+06,2.70226e+06,1.01901e+07,0,0,0,0,14.9478,61.308,5.22216,0,1,1.85583,1.3427,0,1.32467,2.1168,8.84649e+06,3.61194e+06,1.64176e+07,0,0,0,7.74588e+07
75.9625,85.139,2.78239,0.1,0.02,2.53609,2.90767,0,0.448607,4.47552,4.2568e+06,2.70226e+06,1.07956e+07,0,0,0,0,15.0544,61.308,3.67109,0,1,1.7146,1.34302,0,1.43381,2.1168,8.84649e+06,3.61194e+06,1.51682e+07,0,0,0,7.74588e+07
75.8569,85.139,2.85897,0.1,0.02,2.5371,2.90835,0,0.475263,4.47552,4.2568e+06,2.70226e+06,1.07999e+07,0,0,0,0,15.0821,61.308,3.76328,0,1,1.7146,1.34334,0,1.3247,2.1168,8.84649e+06,3.61194e+06,1.51682e+07,0,0,0,7.74588e+07
76.7078,85.139,3.90868,0.1,0.02,2.53811,2.90905,0,0.475452,4.47552,4.2568e+06,2.70226e+06,1.08042e+07,0,0,0,0,15.0903,61.308,4.15649,0,1,1.7146,1.34366,0,1.3247,2.1168,8.84649e+06,3.61194e+06,1.51682e+07,0,0,0,7.74588e+07
77.1944,85.139,3.17659,0.11,0.02,2.17029,2.54091,0,0.475641,4.47552,4.2568e+06,2.70226e+06,9.23847e+06,0,0,0,0,15.3094,61.308,3.66161,0,1,1.52484,1.15422,0,1.3247,2.1168,8.84649e+06,3.61194e+06,1.34895e+07,0,0,0,7.74588e+07
78.1258,85.139,3.49169,0.1,0.02,1.98145,2.54151,0,0.406712,4.47552,4.2568e+06,2.70226e+06,8.43463e+06,0,0,0,0,15.5817,61.308,3.66558,0,1,1.71455,1.15449,0,1.17809,2.1168,8.84649e+06,3.61194e+06,1.51678e+07,0,0,0,7.74588e+07
79.4211,85.139,3.86437,0.11,0.02,1.98233,2.54211,0,0.371324,4.47552,4.2568e+06,2.70226e+06,8.43836e+06,0,0,0,0,15.6819,61.308,3.34325,0,1,1.71455,1.15477,0,1.32466,2.1168,8.84649e+06,3.61194e+06,1.51678e+07,0,0,0,7.74588e+07
80.0634,85.139,3.17677,0.13,0.02,1.9832,2.54272,0,0.371488,4.47552,4.2568e+06,2.70226e+06,8.4421e+06,0,0,0,0,15.4718,61.308,2.32726,0,1,1.71455,1.15504,0,1.32466,2.1168,8.84649e+06,3.61194e+06,1.51678e+07,0,0,0,7.74588e+07
80.5804,85.139,3.05419,0.09,0.02,1.98408,2.54332,0,0.371653,4.47552,4.2568e+06,2.70226e+06,8.44583e+06,0,0,0,0,15.3516,61.308,2.39607,0,1,1.71455,1.15532,0,1.32466,2.1168,8.84649e+06,3.61194e+06,1.51678e+07,0,0,0,7.74588e+07
82.51,85.139,4.72389,0.11,0.02,2.07791,2.63687,0,0.371817,4.47552,4.2568e+06,2.70226e+06,8.84523e+06,0,0,0,0,15.4693,61.308,3.86137,0,1,1.76103,1.20207,0,1.32466,2.1168,8.84649e+06,3.61194e+06,1.55789e+07,0,0,0,7.74588e+07
85.139,85.139,5.68674,0.11,0.02,2.12529,2.6375,0,0.3894,4.47552,4.2568e+06,2.70226e+06,9.0469e+06,0,0,0,0,15.5997,61.308,4.19157,0,1,1.71457,1.20235,0,1.36057,2.1168,8.84649e+06,3.61194e+06,1.51679e+07,0,0,0,7.74588e+07
85.139,85.139,4.46595,0.07,0.02,2.1262,2.63812,0,0.398278,4.47552,4.2568e+06,2.70226e+06,9.05078e+06,0,0,0,0,15.6333,61.308,3.40619,0,1,1.71457,1.20264,0,1.32467,2.1168,8.84649e+06,3.61194e+06,1.51679e+07,0,0,0,7.74588e+07
85.139,85.139,3.53893,0.07,0.02,2.12711,2.63875,0,0.398449,4.47552,4.2568e+06,2.70226e+06,9.05466e+06,0,0,0,0,15.4936,61.308,2.66177,0,1,1.71457,1.20292,0,1.32467,2.1168,8.84649e+06,3.61194e+06,1.51679e+07,0,0,0,7.74588e+07
85.139,85.139,3.13772,0.07,0.02,2.09164,2.603,0,0.39862,4.47552,4.2568e+06,2.70226e+06,8.90369e+06,0,0,0,0,15.1865,61.308,2.36976,0,1,1.6965,1.18514,0,1.32467,2.1168,8.84649e+06,3.61194e+06,1.5008e+07,0,0,0,7.74588e+07
85.0508,85.139,2.49506,0.07,0.02,2.07448,2.60362,0,0.391974,4.47552,4.2568e+06,2.70226e+06,8.83062e+06,0,0,0,0,14.8881,61.308,2.14018,0,1,1.71456,1.18542,0,1.31071,2.1168,8.84649e+06,3.61194e+06,1.51678e+07,0,0,0,7.74588e+07
84.8078,85.139,2.26082,0.09,0.02,2.07537,2.60423,0,0.388757,4.47552,4.2568e+06,2.70226e+06,8.83444e+06,0,0,0,0,14.6576,61.308,1.90816,0,1,1.71456,1.1857,0,1.32467,2.1168,8.84649e+06,3.61194e+06,1.51678e+07,0,0,0,7.74588e+07
84.5323,85.139,2.19435,0.08,0.02,2.07627,2.60485,0,0.388925,4.47552,4.2568e+06,2.70226e+06,8.83827e+06,0,0,0,0,14.3454,61.308,2.05073,0,1,1.71456,1.18598,0,1.32467,2.1168,8.84649e+06,3.61194e+06,1.51678e+07,0,0,0,7.74588e+07
84.0096,85.139,2.03846,0.08,0.02,2.20077,2.72907,0,0.389094,4.47552,4.2568e+06,2.70226e+06,9.36822e+06,0,0,0,0,13.9121,61.308,1.86905,0,1,1.7787,1.2504,0,1.32467,2.1168,8.84649e+06,3.61194e+06,1.57352e+07,0,0,0,7.74588e+07
83.3803,85.139,1.99032,0.08,0.02,2.26583,2.72971,0,0.412424,4.47552,4.2568e+06,2.70226e+06,9.64519e+06,0,0,0,0,13.5065,61.308,1.8396,0,1,1.71458,1.2507,0,1.37422,2.1168,8.84649e+06,3.61194e+06,1.5168e+07,0,0,0,7.74588e+07
82.5312,85.139,1.71888,0.07,0.02,2.26678,2.73036,0,0.424617,4.47552,4.2568e+06,2.70226e+06,9.6492e+06,0,0,0,0,13.1283,61.308,1.76222,0,1,1.71458,1.25099,0,1.32468,2.1168,8.84649e+06,3.61194e+06,1.5168e+07,0,0,0,7.74588e+07
81.666,85.139,1.69479,0.06,0.02,2.26772,2.73101,0,0.424794,4.47552,4.2568e+06,2.70226e+06,9.65322e+06,0,0,0,0,12.7501,61.308,1.78484,0,1,1.71458,1.25129,0,1.32468,2.1168,8.84649e+06,3.61194e+06,1.5168e+07,0,0,0,7.74588e+07
80.7029,85.139,1.58507,0.04,0.02,2.26867,2.73166,0,0.424971,4.47552,4.2568e+06,2.70226e+06,9.65724e+06,0,0,0,0,12.4098,61.308,1.68945,0,1,1.71458,1.25159,0,1.32468,2.1168,8.84649e+06,3.61194e+06,1.5168e+07,0,0,0,7.74588e+07
79.8994,85.139,1.70975,0.04,0.02,2.24514,2.70783,0,0.425148,4.47552,4.2568e+06,2.70226e+06,9.5571e+06,0,0,0,0,12.1581,61.308,1.75524,0,1,1.74987,1.28718,0,1.32468,2.1168,8.84649e+06,3.61194e+06,1.54802e+07,0,0,0,7.74588e+07
79.1895,85.139,1.82423,0.03,0.02,2.28137,2.70847,0,0.420739,4.47552,4.2568e+06,2.70226e+06,9.71132e+06,0,0,0,0,11.9188,61.308,2.04763,0,1,1.71459,1.28748,0,1.35195,2.1168,8.84649e+06,3.61194e+06,1.51681e+07,0,0,0,7.74588e+07
78.321,85.139,1.6497,0.04,0.02,2.28232,2.70912,0,0.427529,4.47552,4.2568e+06,2.70226e+06,9.71536e+06,0,0,0,0,11.6397,61.308,1.82286,0,1,1.71459,1.28779,0,1.32469,2.1168,8.84649e+06,3.61194e+06,1.51681e+07,0,0,0,7.74588e+07
77.411,85.139,1.56651,0.03,0.02,2.28326,2.70976,0,0.427706,4.47552,4.2568e+06,2.70226e+06,9.71939e+06,0,0,0,0,11.2779,61.308,1.8012,0,1,1.71459,1.28809,0,1.32469,2.1168,8.84649e+06,3.61194e+06,1.51681e+07,0,0,0,7.74588e+07
76.2926,85.139,1.3934,0.03,0.02,2.34747,2.77366,0,0.427884,4.47552,4.2568e+06,2.70226e+06,9.99269e+06,0,0,0,0,10.8572,61.308,1.73342,0,1,1.74607,1.31988,0,1.32469,2.1168,8.84649e+06,3.61194e+06,1.54466e+07,0,0,0,7.74588e+07
75.0422,85.139,1.27004,0.02,0.02,2.37991,2.77431,0,0.439916,4.47552,4.2568e+06,2.70226e+06,1.01308e+07,0,0,0,0,10.491,61.308,1.73473,0,1,1.71459,1.32019,0,1.34901,2.1168,8.84649e+06,3.61194e+06,1.51681e+07,0,0,0,7.74588e+07
73.8753,85.139,1.36457,0.02,0.02,2.38089,2.77497,0,0.445996,4.47552,4.2568e+06,2.70226e+06,1.01349e+07,0,0,0,0,10.1647,61.308,2.04918,0,1,1.71459,1.32051,0,1.32469,2.1168,8.84649e+06,3.61194e+06,1.51681e+07,0,0,0,7.74588e+07
72.6298,85.139,1.25822,0.02,0.02,2.38186,2.77563,0,0.446178,4.47552,4.2568e+06,2.70226e+06,1.01391e+07,0,0,0,0,9.77913,61.308,1.96936,0,1,1.71459,1.32082,0,1.32469,2.1168,8.84649e+06,3.61194e+06,1.51681e+07,0,0,0,7.74588e+07
71.1326,85.139,1.14527,0.05,0.02,2.56824,2.9617,0,0.44636,4.47552,4.2568e+06,2.70226e+06,1.09325e+07,0,0,0,0,9.36638,61.308,1.70587,0,1,1.82834,1.43488,0,1.32469,2.1168,8.84649e+06,3.61194e+06,1.61744e+07,0,0,0,7.74588e+07
69.7609,85.139,1.36098,0.05,0.02,2.683,2.96241,0,0.481289,4.47552,4.2568e+06,2.70226e+06,1.1421e+07,0,0,0,0,9.05981,61.308,2.20856,0,1,1.71462,1.43522,0,1.41257,2.1168,8.84649e+06,3.61194e+06,1.51684e+07,0,0,0,7.74588e+07
68.5462,85.139,1.51136,0.05,0.02,2.68405,2.96311,0,0.502795,4.47552,4.2568e+06,2.70226e+06,1.14254e+07,0,0,0,0,8.79238,61.308,2.28109,0,1,1.71462,1.43556,0,1.32472,2.1168,8.84649e+06,3.61194e+06,1.51684e+07,0,0,0,7.74588e+07
67.0884,85.139,1.27964,0.05,0.02,2.68509,2.96381,0,0.50299,4.47552,4.2568e+06,2.70226e+06,1.14299e+07,0,0,0,0,8.44984,61.308,2.00783,0,1,1.71462,1.4359,0,1.32472,2.1168,8.84649e+06,3.61194e+06,1.51684e+07,0,0,0,7.74588e+07
65.767,85.139,1.3897,0.1,0.02,2.68613,2.96451,0,0.503186,4.47552,4.2568e+06,2.70226e+06,1.14343e+07,0,0,0,0,8.29913,61.308,2.66138,0,1,1.71462,1.43624,0,1.32472,2.1168,8.84649e+06,3.61194e+06,1.51684e+07,0,0,0,7.74588e+07
64.5061,85.139,1.3587,0.11,0.02,2.5967,2.87475,0,0.503381,4.47552,4.2568e+06,2.70226e+06,1.10536e+07,0,0,0,0,7.98945,61.308,2.20265,0,1,1.6455,1.36746,0,1.32472,2.1168,8.84649e+06,3.61194e+06,1.45569e+07,0,0,0,7.74588e+07
63.4265,85.139,1.45844,0.11,0.02,2.5286,2.87543,0,0.486622,4.47552,4.2568e+06,2.70226e+06,1.07638e+07,0,0,0,0,7.55857,61.308,2.09257,0,1,1.7146,1.36778,0,1.27131,2.1168,8.84649e+06,3.61194e+06,1.51682e+07,0,0,0,7.74588e+07
62.3517,85.139,1.46927,0.11,0.02,2.52961,2.87611,0,0.473861,4.47552,4.2568e+06,2.70226e+06,1.0768e+07,0,0,0,0,7.17781,61.308,2.17267,0,1,1.7146,1.36811,0,1.3247,2.1168,8.84649e+06,3.61194e+06,1.51682e+07,0,0,0,7.74588e+07
61.3901,85.139,1.60148,0.15,0.02,2.53062,2.87679,0,0.474049,4.47552,4.2568e+06,2.70226e+06,1.07723e+07,0,0,0,0,6.82285,61.308,2.32104,0,1,1.7146,1.36843,0,1.3247,2.1168,8.84649e+06,3.61194e+06,1.51682e+07,0,0,0,7.74588e+07
60.6263,85.139,1.85221,0.15,0.02,2.45729,2.80314,0,0.474238,4.47552,4.2568e+06,2.70226e+06,1.04602e+07,0,0,0,0,6.72959,61.308,2.95885,0,1,1.65163,1.30578,0,1.3247,2.1168,8.84649e+06,3.61194e+06,1.46111e+07,0,0,0,7.74588e+07
59.1927,85.139,1.08859,0.15,0.02,2.3953,2.80381,0,0.460496,4.47552,4.2568e+06,2.70226e+06,1.01963e+07,0,0,0,0,6.31057,61.308,1.78097,0,1,1.71459,1.30609,0,1.27605,2.1168,8.84649e+06,3.61194e+06,1.51681e+07,0,0,0,7.74588e+07
58.0491,85.139,1.31486,0.15,0.02,2.39628,2.80447,0,0.44888,4.47552,4.2568e+06,2.70226e+06,1.02005e+07,0,0,0,0,5.97527,61.308,2.12145,0,1,1.71459,1.3064,0,1.32469,2.1168,8.84649e+06,3.61194e+06,1.51681e+07,0,0,0,7.74588e+07
60.7053,85.139,5.26959,0.14,0.02,2.39725,2.80513,0,0.449063,4.47552,4.2568e+06,2.70226e+06,1.02046e+07,0,0,0,0,6.02006,61.308,3.51941,0,1,1.71459,1.30671,0,1.32469,2.1168,8.84649e+06,3.61194e+06,1.51681e+07,0,0,0,7.74588e+07
61.0933,85.139,2.81832,0.15,0.02,2.18692,2.59449,0,0.449245,4.47552,4.2568e+06,2.70226e+06,9.30926e+06,0,0,0,0,6.01433,61.308,2.74012,0,1,1.5833,1.17573,0,1.32469,2.1168,8.84649e+06,3.61194e+06,1.40067e+07,0,0,0,7.74588e+07
61.0721,85.139,2.43245,0.17,0.02,2.05656,2.59511,0,0.409829,4.47552,4.2568e+06,2.70226e+06,8.75435e+06,0,0,0,0,6.42182,61.308,3.64564,0,1,1.71456,1.17601,0,1.22326,2.1168,8.84649e+06,3.61194e+06,1.51678e+07,0,0,0,7.74588e+07
61.4498,85.139,2.91221,0.17,0.02,2.05745,2.59572,0,0.385399,4.47552,4.2568e+06,2.70226e+06,8.75815e+06,0,0,0,0,7.57401,61.308,6.16044,0,1,1.71456,1.17629,0,1.32467,2.1168,8.84649e+06,3.61194e+06,1.51678e+07,0,0,0,7.74588e+07
63.6544,85.139,4.78357,0.17,0.02,2.05835,2.59634,0,0.385566,4.47552,4.2568e+06,2.70226e+06,8.76196e+06,0,0,0,0,8.71,61.308,6.15848,0,1,1.71456,1.17657,0,1.32467,2.1168,8.84649e+06,3.61194e+06,1.51678e+07,0,0,0,7.74588e+07
65.8145,85.139,4.75391,0.17,0.02,2.05924,2.59695,0,0.385734,4.47552,4.2568e+06,2.70226e+06,8.76576e+06,0,0,0,0,10.4421,61.308,6.3362,0,1,1.71456,1.17685,0,1.32467,2.1168,8.84649e+06,3.61194e+06,1.51678e+07,0,0,0,7.74588e+07
70.9652,85.139,7.96221,0.17,0.02,2.05952,2.59695,0,0.385902,4.47552,4.2568e+06,2.70226e+06,8.76695e+06,0,0,0,0,13.028,61.308,7.87112,0,1,1.71428,1.17685,0,1.32467,2.1168,8.84649e+06,3.61194e+06,1.51654e+07,0,0,0,7.74588e+07
72.6842,85.139,4.43968,0.12,0.02,2.1415,2.67893,0,0.385954,4.47552,4.2568e+06,2.70226e+06,9.11591e+06,0,0,0,0,13.4866,61.308,5.45783,0,1,1.75261,1.21518,0,1.32445,2.1168,8.84649e+06,3.61194e+06,1.55045e+07,0,0,0,7.74588e+07
73.659,85.139,3.71209,0.13,0.02,2.18044,2.67954,0,0.401316,4.47552,4.2568e+06,2.70226e+06,9.28169e+06,0,0,0,0,13.706,61.308,4.74351,0,1,1.71456,1.21546,0,1.35407,2.1168,8.84649e+06,3.61194e+06,1.51678e+07,0,0,0,7.74588e+07
74.8659,85.139,3.97272,0.14,0.02,2.18133,2.68015,0,0.408615,4.47552,4.2568e+06,2.70226e+06,9.28547e+06,0,0,0,0,14.0785,61.308,5.35782,0,1,1.71456,1.21574,0,1.32467,2.1168,8.84649e+06,3.61194e+06,1.51678e+07,0,0,0,7.74588e+07
75.7593,85.139,3.63797,0.11,0.02,2.18222,2.68076,0,0.408781,4.47552,4.2568e+06,2.70226e+06,9.28925e+06,0,0,0,0,14.4301,61.308,5.30099,0,1,1.71456,1.21601,0,1.32467,2.1168,8.84649e+06,3.61194e+06,1.51678e+07,0,0,0,7.74588e+07
75.9066,85.139,2.9853,0.12,0.02,2.44464,2.94291,0,0.408947,4.47552,4.2568e+06,2.70226e+06,1.04063e+07,0,0,0,0,14.3168,61.308,2.91102,0,1,1.85757,1.3593,0,1.32467,2.1168,8.84649e+06,3.61194e+06,1.64329e+07,0,0,0,7.74588e+07
76.2356,85.139,3.30463,0.1,0.02,2.5886,2.94358,0,0.458126,4.47552,4.2568e+06,2.70226e+06,1.10191e+07,0,0,0,0,14.3387,61.308,3.95144,0,1,1.71459,1.35961,0,1.43516,2.1168,8.84649e+06,3.61194e+06,1.51681e+07,0,0,0,7.74588e+07
76.9864,85.139,3.75067,0.11,0.02,2.58958,2.94425,0,0.485103,4.47552,4.2568e+06,2.70226e+06,1.10233e+07,0,0,0,0,14.5147,61.308,3.82037,0,1,1.71459,1.35992,0,1.32469,2.1168,8.84649e+06,3.61194e+06,1.51681e+07,0,0,0,7.74588e+07
77.6014,85.139,3.63478,0.11,0.02,2.59056,2.94492,0,0.485287,4.47552,4.2568e+06,2.70226e+06,1.10275e+07,0,0,0,0,14.7763,61.308,4.58645,0,1,1.71459,1.36023,0,1.32469,2.1168,8.84649e+06,3.61194e+06,1.51681e+07,0,0,0,7.74588e+07
78.2342,85.139,3.34806,0.11,0.02,2.21817,2.57222,0,0.485471,4.47552,4.2568e+06,2.70226e+06,9.44229e+06,0,0,0,0,14.8981,61.308,3.05116,0,1,1.52249,1.16844,0,1.32469,2.1168,8.84649e+06,3.61194e+06,1.34687e+07,0,0,0,7.74588e+07
79.1481,85.139,3.48945,0.11,0.02,2.02697,2.57281,0,0.415685,4.47552,4.2568e+06,2.70226e+06,8.6284e+06,0,0,0,0,14.8774,61.308,3.18574,0,1,1.71455,1.16871,0,1.17628,2.1168,8.84649e+06,3.61194e+06,1.51677e+07,0,0,0,7.74588e+07
80.8206,85.139,4.32389,0.14,0.02,2.02782,2.57339,0,0.379854,4.47552,4.2568e+06,2.70226e+06,8.63203e+06,0,0,0,0,14.9466,61.308,3.44902,0,1,1.71455,1.16898,0,1.32466,2.1168,8.84649e+06,3.61194e+06,1.51677e+07,0,0,0,7.74588e+07
82.9445,85.139,4.87414,0.1,0.02,2.02868,2.57398,0,0.380014,4.47552,4.2568e+06,2.70226e+06,8.63566e+06,0,0,0,0,15.2092,61.308,4.0533,0,1,1.71455,1.16924,0,1.32466,2.1168,8.84649e+06,3.61194e+06,1.51677e+07,0,0,0,7.74588e+07
85.139,85.139,5.8869,0.11,0.02,2.02953,2.57457,0,0.380174,4.47552,4.2568e+06,2.70226e+06,8.63929e+06,0,0,0,0,15.2476,61.308,3.75695,0,1,1.71455,1.16951,0,1.32466,2.1168,8.84649e+06,3.61194e+06,1.51677e+07,0,0,0,7.74588e+07
85.139,85.139,5.09248,0.07,0.02,2.12447,2.66924,0,0.380334,4.47552,4.2568e+06,2.70226e+06,9.04345e+06,0,0,0,0,15.4315,61.308,4.16077,0,1,1.76159,1.21682,0,1.32466,2.1168,8.84649e+06,3.61194e+06,1.55839e+07,0,0,0,7.74588e+07
85.139,85.139,4.56276,0.07,0.02,2.1724,2.66985,0,0.398126,4.47552,4.2568e+06,2.70226e+06,9.24744e+06,0,0,0,0,15.3312,61.308,3.2869,0,1,1.71456,1.2171,0,1.36101,2.1168,8.84649e+06,3.61194e+06,1.51678e+07,0,0,0,7.74588e+07
85.139,85.139,3.90522,0.07,0.02,2.17328,2.67046,0,0.407107,4.47552,4.2568e+06,2.70226e+06,9.25121e+06,0,0,0,0,15.0761,61.308,2.74021,0,1,1.71456,1.21738,0,1.32467,2.1168,8.84649e+06,3.61194e+06,1.51678e+07,0,0,0,7.74588e+07
85.139,85.139,3.51836,0.07,0.02,2.17417,2.67107,0,0.407273,4.47552,4.2568e+06,2.70226e+06,9.25499e+06,0,0,0,0,14.8747,61.308,3.04708,0,1,1.71456,1.21766,0,1.32467,2.1168,8.84649e+06,3.61194e+06,1.51678e+07,0,0,0,7.74588e+07
85.139,85.139,3.51241,0.07,0.02,2.13823,2.63486,0,0.407439,4.47552,4.2568e+06,2.70226e+06,9.10201e+06,0,0,0,0,14.8768,61.308,3.13104,0,1,1.69627,1.19964,0,1.32467,2.1168,8.84649e+06,3.61194e+06,1.5006e+07,0,0,0,7.74588e+07
85.139,85.139,3.11596,0.07,0.02,2.12082,2.63546,0,0.400705,4.47552,4.2568e+06,2.70226e+06,9.0279e+06,0,0,0,0,14.7929,61.308,2.75564,0,1,1.71455,1.19992,0,1.31054,2.1168,8.84649e+06,3.61194e+06,1.51678e+07,0,0,0,7.74588e+07
85.139,85.139,2.85694,0.06,0.02,2.12169,2.63606,0,0.397442,4.47552,4.2568e+06,2.70226e+06,9.03162e+06,0,0,0,0,14.65,61.308,2.53917,0,1,1.71455,1.20019,0,1.32466,2.1168,8.84649e+06,3.61194e+06,1.51678e+07,0,0,0,7.74588e+07
85.139,85.139,2.6902,0.05,0.02,2.12257,2.63666,0,0.397605,4.47552,4.2568e+06,2.70226e+06,9.03534e+06,0,0,0,0,14.4923,61.308,2.60079,0,1,1.71455,1.20046,0,1.32466,2.1168,8.84649e+06,3.61194e+06,1.51678e+07,0,0,0,7.74588e+07
84.9221,85.139,2.46638,0.05,0.02,2.24855,2.76236,0,0.397769,4.47552,4.2568e+06,2.70226e+06,9.5716e+06,0,0,0,0,14.4093,61.308,2.67874,0,1,1.77947,1.26566,0,1.32466,2.1168,8.84649e+06,3.61194e+06,1.57421e+07,0,0,0,7.74588e+07
84.4803,85.139,2.26039,0.08,0.02,2.31437,2.76299,0,0.421378,4.47552,4.2568e+06,2.70226e+06,9.85179e+06,0,0,0,0,14.217,61.308,2.10057,0,1,1.71457,1.26594,0,1.37482,2.1168,8.84649e+06,3.61194e+06,1.51679e+07,0,0,0,7.74588e+07
83.7949,85.139,1.98413,0.06,0.02,2.31529,2.76362,0,0.433713,4.47552,4.2568e+06,2.70226e+06,9.8557e+06,0,0,0,0,13.9646,61.308,1.95797,0,1,1.71457,1.26623,0,1.32468,2.1168,8.84649e+06,3.61194e+06,1.51679e+07,0,0,0,7.74588e+07
83.0489,85.139,1.87272,0.04,0.02,2.3162,2.76425,0,0.433885,4.47552,4.2568e+06,2.70226e+06,9.85961e+06,0,0,0,0,13.5053,61.308,1.86902,0,1,1.71457,1.26652,0,1.32468,2.1168,8.84649e+06,3.61194e+06,1.51679e+07,0,0,0,7.74588e+07
82.2353,85.139,1.78394,0.04,0.02,2.31712,2.76488,0,0.434057,4.47552,4.2568e+06,2.70226e+06,9.86352e+06,0,0,0,0,12.7388,61.308,1.65152,0,1,1.71457,1.26681,0,1.32468,2.1168,8.84649e+06,3.61194e+06,1.51679e+07,0,0,0,7.74588e+07
81.5052,85.139,1.79747,0.04,0.02,2.29327,2.74074,0,0.434229,4.47552,4.2568e+06,2.70226e+06,9.76199e+06,0,0,0,0,11.8879,61.308,1.32761,0,1,1.75029,1.30282,0,1.32468,2.1168,8.84649e+06,3.61194e+06,1.54839e+07,0,0,0,7.74588e+07
80.6403,85.139,1.68942,0.02,0.02,2.32991,2.74137,0,0.429759,4.47552,4.2568e+06,2.70226e+06,9.91794e+06,0,0,0,0,11.0066,61.308,1.25233,0,1,1.71458,1.30312,0,1.35227,2.1168,8.84649e+06,3.61194e+06,1.5168e+07,0,0,0,7.74588e+07
79.6355,85.139,1.54356,0.02,0.02,2.33083,2.74199,0,0.436624,4.47552,4.2568e+06,2.70226e+06,9.92186e+06,0,0,0,0,10.0244,61.308,1.23112,0,1,1.71458,1.30341,0,1.32468,2.1168,8.84649e+06,3.61194e+06,1.5168e+07,0,0,0,7.74588e+07
78.5022,85.139,1.39939,0.02,0.02,2.33175,2.74262,0,0.436797,4.47552,4.2568e+06,2.70226e+06,9.92578e+06,0,0,0,0,8.89785,61.308,1.11309,0,1,1.71458,1.30371,0,1.32468,2.1168,8.84649e+06,3.61194e+06,1.5168e+07,0,0,0,7.74588e+07
77.224,85.139,1.25874,0.02,0.02,2.39669,2.80726,0,0.43697,4.47552,4.2568e+06,2.70226e+06,1.02022e+07,0,0,0,0,7.76316,61.308,0.954212,0,1,1.74644,1.33587,0,1.32468,2.1168,8.84649e+06,3.61194e+06,1.54499e+07,0,0,0,7.74588e+07
75.9125,85.139,1.26438,0.02,0.02,2.42949,2.8079,0,0.44914,4.47552,4.2568e+06,2.70226e+06,1.03419e+07,0,0,0,0,6.62861,61.308,0.97469,0,1,1.71458,1.33618,0,1.3493,2.1168,8.84649e+06,3.61194e+06,1.51681e+07,0,0,0,7.74588e+07
74.5334,85.139,1.1724,0.02,0.02,2.43044,2.80854,0,0.455287,4.47552,4.2568e+06,2.70226e+06,1.03459e+07,0,0,0,0,5.37619,61.308,0.940291,0,1,1.71458,1.33648,0,1.32469,2.1168,8.84649e+06,3.61194e+06,1.51681e+07,0,0,0,7.74588e+07
73.0634,85.139,1.06749,0.02,0.02,2.43138,2.80918,0,0.455464,4.47552,4.2568e+06,2.70226e+06,1.03499e+07,0,0,0,0,4.23209,61.308,0.82603,0,1,1.71458,1.33678,0,1.32469,2.1168,8.84649e+06,3.61194e+06,1.51681e+07,0,0,0,7.74588e+07
71.5575,85.139,1.16424,0.05,0.02,2.61998,2.99748,0,0.455641,4.47552,4.2568e+06,2.70226e+06,1.11527e+07,0,0,0,0,2.91338,61.308,0.975523,0,1,1.8297,1.45221,0,1.32469,2.1168,8.84649e+06,3.61194e+06,1.61864e+07,0,0,0,7.74588e+07
69.8162,85.139,1.00824,0.05,0.02,2.73609,2.99816,0,0.490985,4.47552,4.2568e+06,2.70226e+06,1.1647e+07,0,0,0,0,1.66776,61.308,0.6941,0,1,1.71461,1.45254,0,1.41363,2.1168,8.84649e+06,3.61194e+06,1.51683e+07,0,0,0,7.74588e+07
68.1811,85.139,1.11612,0.08,0.02,2.7371,2.99884,0,0.512743,4.47552,4.2568e+06,2.70226e+06,1.16513e+07,0,0,0,0,0.331058,61.308,0.860605,0,1,1.66776,1.45287,0.0468485,1.32471,2.1168,8.84649e+06,3.61194e+06,1.47538e+07,0,0,0,7.74588e+07
66.3521,85.139,0.908087,0.08,0.02,2.73812,2.99953,0,0.512933,4.47552,4.2568e+06,2.70226e+06,1.16556e+07,0,0,0,0,0.586213,61.308,0.605762,0,1,0.331058,1.4532,1.38355,1.28851,2.1168,8.84649e+06,3.61194e+06,2.9287e+06,0,0,0,7.74588e+07
64.7381,85.139,1.10211,0.11,0.02,2.73913,3.00021,0,0.513123,4.47552,4.2568e+06,2.70226e+06,1.16599e+07,0,0,0,0,0.465154,61.308,1.07309,0,1,0.586213,1.45353,1.1284,0.255776,2.1168,8.84649e+06,3.61194e+06,5.18593e+06,0,0,0,7.74588e+07
62.843,85.139,0.724305,0.11,0.02,2.64858,2.90933,0,0.513313,4.47552,4.2568e+06,2.70226e+06,1.12745e+07,0,0,0,0,0.161125,61.308,0.707552,0,1,0.465154,1.38391,1.17951,0.452908,2.1168,8.84649e+06,3.61194e+06,4.11498e+06,0,0,0,7.74588e+07
60.9394,85.139,0.644508,0.12,0.02,2.57963,2.91,0,0.496345,4.47552,4.2568e+06,2.70226e+06,1.09809e+07,0,0,0,0,0.042573,61.308,0.418352,0,1,0.161125,1.38423,1.55347,0.359378,2.1168,8.84649e+06,3.61194e+06,1.42539e+06,0,0,0,7.74588e+07
58.9616,85.139,0.549731,0.16,0.02,2.58061,2.91066,0,0.483422,4.47552,4.2568e+06,2.70226e+06,1.09851e+07,0,0,0,0,0.131292,61.308,0.380662,0,1,0.042573,1.38454,1.67202,0.124485,2.1168,8.84649e+06,3.61194e+06,376622,0,0,0,7.74588e+07
57.4939,85.139,1.17451,0.16,0.02,2.58158,2.91132,0,0.483605,4.47552,4.2568e+06,2.70226e+06,1.09893e+07,0,0,0,0,0.42246,61.308,0.570207,0,1,0.131292,1.38486,1.5833,0.0328919,2.1168,8.84649e+06,3.61194e+06,1.16147e+06,0,0,0,7.74588e+07
56.6636,85.139,1.71357,0.16,0.02,2.50734,2.83676,0,0.483789,4.47552,4.2568e+06,2.70226e+06,1.06732e+07,0,0,0,0,0.463216,61.308,0.812005,0,1,0.42246,1.32144,1.2284,0.101436,2.1168,8.84649e+06,3.61194e+06,3.73729e+06,0,0,0,7.74588e+07
55.4815,85.139,1.35706,0.19,0.02,2.44457,2.83741,0,0.469875,4.47552,4.2568e+06,2.70226e+06,1.0406e+07,0,0,0,0,0.412108,61.308,0.675614,0,1,0.463216,1.32174,1.25136,0.326392,2.1168,8.84649e+06,3.61194e+06,4.09784e+06,0,0,0,7.74588e+07
54.1213,85.139,1.15065,0.19,0.02,2.44552,2.83805,0,0.458112,4.47552,4.2568e+06,2.70226e+06,1.04101e+07,0,0,0,0,1.18245,61.308,0.806929,0,1,0.412108,1.32204,1.30247,0.357881,2.1168,8.84649e+06,3.61194e+06,3.6457e+06,0,0,0,7.74588e+07
55.0374,85.139,3.56889,0.19,0.02,2.44646,2.8387,0,0.45829,4.47552,4.2568e+06,2.70226e+06,1.04141e+07,0,0,0,0,1.47611,61.308,2.5811,0,1,1.18245,1.32234,0.532128,0.318394,2.1168,8.84649e+06,3.61194e+06,1.04606e+07,0,0,0,7.74588e+07
55.8441,85.139,3.32962,0.2,0.02,2.23358,2.62551,0,0.458467,4.47552,4.2568e+06,2.70226e+06,9.50787e+06,0,0,0,0,1.63068,61.308,1.79924,0,1,1.47611,1.18979,0.105619,0.913563,2.1168,8.84649e+06,3.61194e+06,1.30584e+07,0,0,0,7.74588e+07
57.688,85.139,4.3409,0.2,0.02,2.10162,2.62611,0,0.418572,4.47552,4.2568e+06,2.70226e+06,8.94617e+06,0,0,0,0,2.19702,61.308,3.39313,0,1,1.63068,1.19006,0.0838685,1.14044,2.1168,8.84649e+06,3.61194e+06,1.44258e+07,0,0,0,7.74588e+07
58.7335,85.139,3.5168,0.19,0.02,2.10249,2.62671,0,0.393844,4.47552,4.2568e+06,2.70226e+06,8.94986e+06,0,0,0,0,1.46838,61.308,2.18855,0,1,1.71455,1.19033,0,1.25987,2.1168,8.84649e+06,3.61194e+06,1.51678e+07,0,0,0,7.74588e+07
59.8009,85.139,3.53753,0.21,0.02,2.10336,2.62731,0,0.394006,4.47552,4.2568e+06,2.70226e+06,8.95356e+06,0,0,0,0,0.649134,61.308,1.26326,0,1,1.46838,1.1906,0.24617,1.32466,2.1168,8.84649e+06,3.61194e+06,1.299e+07,0,0,0,7.74588e+07
60.4336,85.139,3.122,0.21,0.02,2.10423,2.6279,0,0.394169,4.47552,4.2568e+06,2.70226e+06,8.95727e+06,0,0,0,0,1.25188,61.308,1.20757,0,1,0.649134,1.19087,1.06542,1.13447,2.1168,8.84649e+06,3.61194e+06,5.74255e+06,0,0,0,7.74588e+07
62.7177,85.139,4.81586,0.21,0.02,2.10603,2.71083,0,0.394332,4.47552,4.2568e+06,2.70226e+06,8.96496e+06,0,0,0,0,2.47858,61.308,3.87303,0,1,1.25188,1.22965,0.58257,0.501521,2.96352,8.84649e+06,3.61194e+06,1.10748e+07,0,0,0,7.74588e+07
64.3277,85.139,4.15019,0.19,0.02,2.10663,2.71143,0,0.394671,4.47552,4.2568e+06,2.70226e+06,8.96748e+06,0,0,0,0,2.73151,61.308,2.62378,0,1,1.83472,1.22992,0,0.967205,2.96352,8.84649e+06,3.61194e+06,1.62309e+07,0,0,0,7.74588e+07
66.7461,85.139,4.94633,0.19,0.02,2.10722,2.71202,0,0.394782,4.47552,4.2568e+06,2.70226e+06,8.97001e+06,0,0,0,0,3.06386,61.308,2.93204,0,1,1.83499,1.23019,0,1.41751,2.96352,8.84649e+06,3.61194e+06,1.62332e+07,0,0,0,7.74588e+07
68.0968,85.139,3.86263,0.19,0.02,2.10781,2.71261,0,0.394893,4.47552,4.2568e+06,2.70226e+06,8.97253e+06,0,0,0,0,3.53215,61.308,2.83714,0,1,1.83526,1.23046,0,1.41771,2.96352,8.84649e+06,3.61194e+06,1.62356e+07,0,0,0,7.74588e+07
70.1819,85.139,4.92117,0.2,0.02,2.37305,2.97785,0,0.395004,4.47552,4.2568e+06,2.70226e+06,1.01016e+07,0,0,0,0,4.23719,61.308,3.34498,0,1,1.98024,1.37544,0,1.41792,2.96352,8.84649e+06,3.61194e+06,1.75181e+07,0,0,0,7.74588e+07
71.5174,85.139,4.17782,0.16,0.02,2.3737,2.9785,0,0.444709,4.47552,4.2568e+06,2.70226e+06,1.01043e+07,0,0,0,0,4.76617,61.308,2.97918,0,1,1.98054,1.37574,0,1.52993,2.96352,8.84649e+06,3.61194e+06,1.75208e+07,0,0,0,7.74588e+07
72.5207,85.139,3.82806,0.17,0.02,2.37435,2.97915,0,0.444831,4.47552,4.2568e+06,2.70226e+06,1.01071e+07,0,0,0,0,5.37373,61.308,3.14681,0,1,1.98084,1.37604,0,1.53016,2.96352,8.84649e+06,3.61194e+06,1.75235e+07,0,0,0,7.74588e+07
74.005,85.139,4.30779,0.17,0.02,2.375,2.9798,0,0.444953,4.47552,4.2568e+06,2.70226e+06,1.01099e+07,0,0,0,0,5.89872,61.308,3.15104,0,1,1.98114,1.37634,0,1.5304,2.96352,8.84649e+06,3.61194e+06,1.75261e+07,0,0,0,7.74588e+07
75.6415,85.139,4.20275,0.12,0.02,1.99786,2.60266,0,0.445075,4.47552,4.2568e+06,2.70226e+06,8.50449e+06,0,0,0,0,6.07137,61.308,2.97482,0,1,1.78707,1.18227,0,1.53063,2.96352,8.84649e+06,3.61194e+06,1.58093e+07,0,0,0,7.74588e+07
77.4604,85.139,4.42978,0.12,0.02,1.99843,2.60323,0,0.374399,4.47552,4.2568e+06,2.70226e+06,8.50691e+06,0,0,0,0,5.99908,61.308,2.18948,0,1,1.78733,1.18253,0,1.38069,2.96352,8.84649e+06,3.61194e+06,1.58116e+07,0,0,0,7.74588e+07
78.9486,85.139,4.15675,0.16,0.02,1.999,2.6038,0,0.374506,4.47552,4.2568e+06,2.70226e+06,8.50933e+06,0,0,0,0,6.07803,61.308,2.30585,0,1,1.78759,1.18279,0,1.38089,2.96352,8.84649e+06,3.61194e+06,1.58139e+07,0,0,0,7.74588e+07
85.139,85.139,12.6933,0.16,0.02,1.99957,2.60437,0,0.374612,4.47552,4.2568e+06,2.70226e+06,8.51175e+06,0,0,0,0,7.56425,61.308,5.42259,0,1,1.78785,1.18305,0,1.38109,2.96352,8.84649e+06,3.61194e+06,1.58162e+07,0,0,0,7.74588e+07
85.139,85.139,13.5835,0.07,0.02,2.00014,2.60494,0,0.374719,4.47552,4.2568e+06,2.70226e+06,8.51418e+06,0,0,0,0,9.81817,61.308,6.59146,0,1,1.78811,1.18331,0,1.38129,2.96352,8.84649e+06,3.61194e+06,1.58185e+07,0,0,0,7.74588e+07
85.139,85.139,9.15709,0.08,0.02,2.09591,2.70071,0,0.374826,4.47552,4.2568e+06,2.70226e+06,8.92185e+06,0,0,0,0,11.2945,61.308,5.46392,0,1,1.83597,1.23117,0,1.38149,2.96352,8.84649e+06,3.61194e+06,1.62419e+07,0,0,0,7.74588e+07
85.139,85.139,7.45697,0.08,0.02,2.0965,2.7013,0,0.392773,4.47552,4.2568e+06,2.70226e+06,8.92436e+06,0,0,0,0,12.4,61.308,4.14685,0,1,1.83624,1.23144,0,1.41847,2.96352,8.84649e+06,3.61194e+06,1.62442e+07,0,0,0,7.74588e+07
85.139,85.139,5.83597,0.07,0.02,2.09709,2.70189,0,0.392884,4.47552,4.2568e+06,2.70226e+06,8.92688e+06,0,0,0,0,13.0004,61.308,3.34708,0,1,1.83651,1.23171,0,1.41868,2.96352,8.84649e+06,3.61194e+06,1.62466e+07,0,0,0,7.74588e+07
85.139,85.139,5.10898,0.07,0.02,2.09768,2.70248,0,0.392994,4.47552,4.2568e+06,2.70226e+06,8.92939e+06,0,0,0,0,13.4054,61.308,3.05403,0,1,1.83677,1.23197,0,1.41888,2.96352,8.84649e+06,3.61194e+06,1.6249e+07,0,0,0,7.74588e+07
85.139,85.139,4.75803,0.07,0.02,2.06102,2.66582,0,0.393105,4.47552,4.2568e+06,2.70226e+06,8.77332e+06,0,0,0,0,13.5422,61.308,2.48873,0,1,1.81854,1.21374,0,1.41909,2.96352,8.84649e+06,3.61194e+06,1.60877e+07,0,0,0,7.74588e+07
85.139,85.139,4.24965,0.07,0.02,2.0616,2.6664,0,0.386234,4.47552,4.2568e+06,2.70226e+06,8.7758e+06,0,0,0,0,13.7444,61.308,2.48979,0,1,1.8188,1.214,0,1.405,2.96352,8.84649e+06,3.61194e+06,1.609e+07,0,0,0,7.74588e+07
85.139,85.139,3.83863,0.07,0.02,2.06218,2.66698,0,0.386343,4.47552,4.2568e+06,2.70226e+06,8.77828e+06,0,0,0,0,13.809,61.308,2.42135,0,1,1.81907,1.21427,0,1.40521,2.96352,8.84649e+06,3.61194e+06,1.60924e+07,0,0,0,7.74588e+07
85.139,85.139,4.32357,0.07,0.02,2.06276,2.66756,0,0.386453,4.47552,4.2568e+06,2.70226e+06,8.78076e+06,0,0,0,0,13.767,61.308,2.1677,0,1,1.81934,1.21454,0,1.40541,2.96352,8.84649e+06,3.61194e+06,1.60947e+07,0,0,0,7.74588e+07
85.139,85.139,3.89032,0.06,0.02,2.18992,2.79472,0,0.386562,4.47552,4.2568e+06,2.70226e+06,9.32203e+06,0,0,0,0,13.5739,61.308,2.15927,0,1,1.88528,1.28048,0,1.40562,2.96352,8.84649e+06,3.61194e+06,1.66781e+07,0,0,0,7.74588e+07
85.139,85.139,3.24255,0.04,0.02,2.19053,2.79533,0,0.41039,4.47552,4.2568e+06,2.70226e+06,9.32463e+06,0,0,0,0,13.2867,61.308,1.99708,0,1,1.88556,1.28076,0,1.45657,2.96352,8.84649e+06,3.61194e+06,1.66806e+07,0,0,0,7.74588e+07
85.139,85.139,3.01822,0.04,0.02,2.19114,2.79594,0,0.410505,4.47552,4.2568e+06,2.70226e+06,9.32723e+06,0,0,0,0,12.953,61.308,1.80414,0,1,1.88584,1.28104,0,1.45678,2.96352,8.84649e+06,3.61194e+06,1.66831e+07,0,0,0,7.74588e+07
85.139,85.139,2.96506,0.04,0.02,2.19175,2.79655,0,0.410619,4.47552,4.2568e+06,2.70226e+06,9.32983e+06,0,0,0,0,12.7537,61.308,1.82657,0,1,1.88612,1.28132,0,1.457,2.96352,8.84649e+06,3.61194e+06,1.66855e+07,0,0,0,7.74588e+07
85.139,85.139,2.66075,0.02,0.02,2.19236,2.79716,0,0.410734,4.47552,4.2568e+06,2.70226e+06,9.33243e+06,0,0,0,0,12.6574,61.308,1.94281,0,1,1.8864,1.2816,0,1.45722,2.96352,8.84649e+06,3.61194e+06,1.6688e+07,0,0,0,7.74588e+07
85.139,85.139,2.51421,0.02,0.02,2.16791,2.77271,0,0.410848,4.47552,4.2568e+06,2.70226e+06,9.22837e+06,0,0,0,0,12.6353,61.308,2.51331,0,1,1.92282,1.31802,0,1.45743,2.96352,8.84649e+06,3.61194e+06,1.70102e+07,0,0,0,7.74588e+07
85.139,85.139,2.50873,0.02,0.02,2.16852,2.77332,0,0.406267,4.47552,4.2568e+06,2.70226e+06,9.23095e+06,0,0,0,0,12.5862,61.308,2.53338,0,1,1.92311,1.31831,0,1.48557,2.96352,8.84649e+06,3.61194e+06,1.70127e+07,0,0,0,7.74588e+07
85.1254,85.139,2.3913,0.02,0.02,2.16913,2.77393,0,0.406381,4.47552,4.2568e+06,2.70226e+06,9.23353e+06,0,0,0,0,12.5101,61.308,2.52649,0,1,1.92339,1.31859,0,1.48579,2.96352,8.84649e+06,3.61194e+06,1.70153e+07,0,0,0,7.74588e+07
84.8524,85.139,2.10096,0.02,0.02,2.16973,2.77453,0,0.406494,4.47552,4.2568e+06,2.70226e+06,9.23611e+06,0,0,0,0,12.3725,61.308,2.3118,0,1,1.92368,1.31888,0,1.48601,2.96352,8.84649e+06,3.61194e+06,1.70178e+07,0,0,0,7.74588e+07
84.4468,85.139,2.01836,0.02,0.02,2.23511,2.83991,0,0.406608,4.47552,4.2568e+06,2.70226e+06,9.51439e+06,0,0,0,0,12.2266,61.308,2.32494,0,1,1.9562,1.3514,0,1.48624,2.96352,8.84649e+06,3.61194e+06,1.73055e+07,0,0,0,7.74588e+07
84.0066,85.139,1.97474,0.02,0.02,2.23573,2.84053,0,0.418859,4.47552,4.2568e+06,2.70226e+06,9.51703e+06,0,0,0,0,12.081,61.308,2.34725,0,1,1.9565,1.3517,0,1.51136,2.96352,8.84649e+06,3.61194e+06,1.73082e+07,0,0,0,7.74588e+07
83.3527,85.139,1.7539,0.02,0.02,2.23635,2.84115,0,0.418975,4.47552,4.2568e+06,2.70226e+06,9.51967e+06,0,0,0,0,11.8937,61.308,2.22028,0,1,1.9568,1.352,0,1.51159,2.96352,8.84649e+06,3.61194e+06,1.73108e+07,0,0,0,7.74588e+07
82.5591,85.139,1.60596,0.02,0.02,2.23697,2.84177,0,0.419091,4.47552,4.2568e+06,2.70226e+06,9.52232e+06,0,0,0,0,11.6849,61.308,2.07436,0,1,1.95709,1.35229,0,1.51182,2.96352,8.84649e+06,3.61194e+06,1.73134e+07,0,0,0,7.74588e+07
81.5619,85.139,1.54109,0.02,0.02,2.42742,3.03222,0,0.419208,4.47552,4.2568e+06,2.70226e+06,1.0333e+07,0,0,0,0,11.4658,61.308,2.07701,0,1,2.07384,1.46904,0,1.51205,2.96352,8.84649e+06,3.61194e+06,1.83462e+07,0,0,0,7.74588e+07
81.024,85.139,2.02332,0.02,0.02,2.42808,3.03288,0,0.454899,4.47552,4.2568e+06,2.70226e+06,1.03359e+07,0,0,0,0,11.3559,61.308,2.49517,0,1,2.07416,1.46936,0,1.60225,2.96352,8.84649e+06,3.61194e+06,1.8349e+07,0,0,0,7.74588e+07
80.1094,85.139,1.66333,0.02,0.02,2.42875,3.03355,0,0.455023,4.47552,4.2568e+06,2.70226e+06,1.03387e+07,0,0,0,0,11.0878,61.308,1.98982,0,1,2.07448,1.46968,0,1.6025,2.96352,8.84649e+06,3.61194e+06,1.83519e+07,0,0,0,7.74588e+07
79.4824,85.139,1.92895,0.02,0.02,2.42941,3.03421,0,0.455147,4.47552,4.2568e+06,2.70226e+06,1.03415e+07,0,0,0,0,11.1276,61.308,3.00621,0,1,2.0748,1.47,0,1.60274,2.96352,8.84649e+06,3.61194e+06,1.83547e+07,0,0,0,7.74588e+07
78.5549,85.139,1.61993,0.03,0.02,2.43007,3.03487,0,0.455271,4.47552,4.2568e+06,2.70226e+06,1.03443e+07,0,0,0,0,10.9423,61.308,2.32273,0,1,2.07512,1.47032,0,1.60299,2.96352,8.84649e+06,3.61194e+06,1.83576e+07,0,0,0,7.74588e+07
77.4739,85.139,1.39456,0.07,0.02,2.33812,2.94292,0,0.455395,4.47552,4.2568e+06,2.70226e+06,9.95289e+06,0,0,0,0,10.6434,61.308,2.05316,0,1,2.00469,1.39989,0,1.60324,2.96352,8.84649e+06,3.61194e+06,1.77344e+07,0,0,0,7.74588e+07
76.599,85.139,1.61194,0.07,0.02,2.33876,2.94356,0,0.438163,4.47552,4.2568e+06,2.70226e+06,9.95563e+06,0,0,0,0,10.5049,61.308,2.54165,0,1,2.00499,1.40019,0,1.54882,2.96352,8.84649e+06,3.61194e+06,1.77371e+07,0,0,0,7.74588e+07
75.6816,85.139,1.58346,0.07,0.02,2.3394,2.9442,0,0.438284,4.47552,4.2568e+06,2.70226e+06,9.95836e+06,0,0,0,0,10.3635,61.308,2.52763,0,1,2.0053,1.4005,0,1.54906,2.96352,8.84649e+06,3.61194e+06,1.77398e+07,0,0,0,7.74588e+07
74.9542,85.139,1.86059,0.07,0.02,2.34005,2.94485,0,0.438404,4.47552,4.2568e+06,2.70226e+06,9.9611e+06,0,0,0,0,10.521,61.308,3.24475,0,1,2.0056,1.4008,0,1.54929,2.96352,8.84649e+06,3.61194e+06,1.77425e+07,0,0,0,7.74588e+07
74.0101,85.139,1.61413,0.08,0.02,2.2646,2.8694,0,0.438525,4.47552,4.2568e+06,2.70226e+06,9.63995e+06,0,0,0,0,10.2837,61.308,2.0304,0,1,1.94144,1.33664,0,1.54953,2.96352,8.84649e+06,3.61194e+06,1.7175e+07,0,0,0,7.74588e+07
72.5991,85.139,1.13166,0.08,0.02,2.26523,2.87003,0,0.424386,4.47552,4.2568e+06,2.70226e+06,9.64261e+06,0,0,0,0,9.87182,61.308,1.77378,0,1,1.94174,1.33694,0,1.49996,2.96352,8.84649e+06,3.61194e+06,1.71776e+07,0,0,0,7.74588e+07
72.8437,85.139,2.89361,0.11,0.02,2.26586,2.87066,0,0.424504,4.47552,4.2568e+06,2.70226e+06,9.64528e+06,0,0,0,0,10.3124,61.308,5.45877,0,1,1.94203,1.33723,0,1.50019,2.96352,8.84649e+06,3.61194e+06,1.71801e+07,0,0,0,7.74588e+07
73.5446,85.139,3.40798,0.11,0.02,2.26648,2.87128,0,0.424621,4.47552,4.2568e+06,2.70226e+06,9.64795e+06,0,0,0,0,11.1198,61.308,4.35038,0,1,1.94232,1.33752,0,1.50041,2.96352,8.84649e+06,3.61194e+06,1.71827e+07,0,0,0,7.74588e+07
73.3859,85.139,2.33362,0.11,0.02,2.05082,2.65562,0,0.424739,4.47552,4.2568e+06,2.70226e+06,8.72993e+06,0,0,0,0,11.3505,61.308,3.46597,0,1,1.80823,1.20343,0,1.50064,2.96352,8.84649e+06,3.61194e+06,1.59965e+07,0,0,0,7.74588e+07
73.262,85.139,2.38583,0.12,0.02,2.0514,2.6562,0,0.384324,4.47552,4.2568e+06,2.70226e+06,8.7324e+06,0,0,0,0,11.584,61.308,3.66389,0,1,1.8085,1.2037,0,1.39704,2.96352,8.84649e+06,3.61194e+06,1.59989e+07,0,0,0,7.74588e+07
74.0547,85.139,3.49978,0.13,0.02,2.05198,2.65678,0,0.384433,4.47552,4.2568e+06,2.70226e+06,8.73487e+06,0,0,0,0,12.7479,61.308,5.17205,0,1,1.80876,1.20396,0,1.39725,2.96352,8.84649e+06,3.61194e+06,1.60012e+07,0,0,0,7.74588e+07
74.6393,85.139,3.32129,0.09,0.02,2.05256,2.65736,0,0.384542,4.47552,4.2568e+06,2.70226e+06,8.73734e+06,0,0,0,0,14.22,61.308,7.2178,0,1,1.80902,1.20422,0,1.39745,2.96352,8.84649e+06,3.61194e+06,1.60035e+07,0,0,0,7.74588e+07
75.3061,85.139,3.28993,0.11,0.02,2.05314,2.65794,0,0.38465,4.47552,4.2568e+06,2.70226e+06,8.73981e+06,0,0,0,0,14.7898,61.308,5.29139,0,1,1.80929,1.20449,0,1.39765,2.96352,8.84649e+06,3.61194e+06,1.60058e+07,0,0,0,7.74588e+07
76.9604,85.139,4.31942,0.11,0.02,2.137,2.7418,0,0.384759,4.47552,4.2568e+06,2.70226e+06,9.09676e+06,0,0,0,0,15.0793,61.308,4.10554,0,0,1.8485,1.2437,0,1.39785,2.96352,8.84649e+06,3.61194e+06,1.63527e+07,0,0,0,7.74588e+07
78.3558,85.139,4.03569,0.11,0.02,2.13757,2.74237,0,0.400473,4.47552,4.2568e+06,2.70226e+06,9.0992e+06,0,0,0,0,15.2898,61.308,3.78473,0,0,1.84876,1.24396,0,1.42815,2.96352,8.84649e+06,3.61194e+06,1.6355e+07,0,0,0,7.74588e+07
79.6455,85.139,3.93146,0.12,0.02,2.13815,2.74295,0,0.400581,4.47552,4.2568e+06,2.70226e+06,9.10165e+06,0,0,0,0,15.5268,61.308,3.89718,0,0,1.84902,1.24422,0,1.42835,2.96352,8.84649e+06,3.61194e+06,1.63573e+07,0,0,0,7.74588e+07
80.9869,85.139,4.08244,0.09,0.02,2.13872,2.74352,0,0.400688,4.47552,4.2568e+06,2.70226e+06,9.1041e+06,0,0,0,0,15.6827,61.308,3.67678,0,0,1.84928,1.24448,0,1.42855,2.96352,8.84649e+06,3.61194e+06,1.63596e+07,0,0,0,7.74588e+07
83.4953,85.139,5.45709,0.1,0.02,2.40695,3.01175,0,0.400796,4.47552,4.2568e+06,2.70226e+06,1.02459e+07,0,0,0,0,15.854,61.308,3.6749,0,0,1.9959,1.3911,0,1.42875,2.96352,8.84649e+06,3.61194e+06,1.76567e+07,0,0,0,7.74588e+07
85.139,85.139,5.43869,0.09,0.02,2.40758,3.01238,0,0.451062,4.47552,4.2568e+06,2.70226e+06,1.02486e+07,0,0,0,0,15.839,61.308,2.44197,0,0,1.99619,1.39139,0,1.54203,2.96352,8.84649e+06,3.61194e+06,1.76592e+07,0,0,0,7.74588e+07
85.139,85.139,3.75121,0.05,0.02,2.40821,3.01301,0,0.45118,4.47552,4.2568e+06,2.70226e+06,1.02513e+07,0,0,0,0,16.1347,61.308,3.5058,0,0,1.99648,1.39168,0,1.54225,2.96352,8.84649e+06,3.61194e+06,1.76618e+07,0,0,0,7.74588e+07
85.139,85.139,5.20817,0.05,0.02,2.40884,3.01364,0,0.451299,4.47552,4.2568e+06,2.70226e+06,1.02539e+07,0,0,0,0,16.0912,61.308,3.02625,0,0,1.99677,1.39197,0,1.54248,2.96352,8.84649e+06,3.61194e+06,1.76644e+07,0,0,0,7.74588e+07
85.139,85.139,6.00826,0.05,0.02,2.02739,2.63219,0,0.451417,4.47552,4.2568e+06,2.70226e+06,8.63021e+06,0,0,0,0,16.7499,61.308,5.31766,0,0,1.80049,1.19569,0,1.5427,2.96352,8.84649e+06,3.61194e+06,1.5928e+07,0,0,0,7.74588e+07
85.139,85.139,5.29923,0.05,0.02,2.02795,2.63275,0,0.379934,4.47552,4.2568e+06,2.70226e+06,8.63255e+06,0,0,0,0,17.9186,61.308,5.38917,0,0,1.80074,1.19594,0,1.39106,2.96352,8.84649e+06,3.61194e+06,1.59302e+07,0,0,0,7.74588e+07
85.139,85.139,4.16377,0.05,0.02,2.0285,2.6333,0,0.380037,4.47552,4.2568e+06,2.70226e+06,8.6349e+06,0,0,0,0,18.916,61.308,5.31063,0,0,1.80099,1.19619,0,1.39125,2.96352,8.84649e+06,3.61194e+06,1.59324e+07,0,0,0,7.74588e+07
85.139,85.139,4.96347,0.07,0.02,2.02905,2.63385,0,0.380141,4.47552,4.2568e+06,2.70226e+06,8.63725e+06,0,0,0,0,19.8474,61.308,4.68285,0,0,1.80124,1.19644,0,1.39144,2.96352,8.84649e+06,3.61194e+06,1.59346e+07,0,0,0,7.74588e+07
85.139,85.139,4.48922,0.08,0.02,2.0296,2.6344,0,0.380244,4.47552,4.2568e+06,2.70226e+06,8.6396e+06,0,0,0,0,20.7365,61.308,5.30555,0,0,1.80149,1.19669,0,1.39164,2.96352,8.84649e+06,3.61194e+06,1.59369e+07,0,0,0,7.74588e+07
85.139,85.139,7.69821,0.09,0.02,2.12643,2.73123,0,0.380347,4.47552,4.2568e+06,2.70226e+06,9.05177e+06,0,0,0,0,22.4936,61.308,6.34389,0,0,1.84988,1.24508,0,1.39183,2.96352,8.84649e+06,3.61194e+06,1.63649e+07,0,0,0,7.74588e+07
85.139,85.139,6.67458,0.09,0.02,2.127,2.7318,0,0.398493,4.47552,4.2568e+06,2.70226e+06,9.05421e+06,0,0,0,0,24.4847,61.308,7.48434,0,0,1.85014,1.24534,0,1.42922,2.96352,8.84649e+06,3.61194e+06,1.63673e+07,0,0,0,7.74588e+07
85.139,85.139,4.96055,0.09,0.02,2.12757,2.73237,0,0.3986,4.47552,4.2568e+06,2.70226e+06,9.05665e+06,0,0,0,0,25.6381,61.308,5.42684,0,0,1.8504,1.2456,0,1.42942,2.96352,8.84649e+06,3.61194e+06,1.63696e+07,0,0,0,7.74588e+07
85.139,85.139,4.36889,0.07,0.02,2.12815,2.73295,0,0.398707,4.47552,4.2568e+06,2.70226e+06,9.05908e+06,0,0,0,0,26.4107,61.308,4.66708,0,0,1.85066,1.24586,0,1.42962,2.96352,8.84649e+06,3.61194e+06,1.63719e+07,0,0,0,7.74588e+07
85.139,85.139,3.62428,0.07,0.02,2.09104,2.69584,0,0.398815,4.47552,4.2568e+06,2.70226e+06,8.90115e+06,0,0,0,0,26.8107,61.308,3.77573,0,0,1.83221,1.22741,0,1.42982,2.96352,8.84649e+06,3.61194e+06,1.62086e+07,0,0,0,7.74588e+07
85.139,85.139,3.1846,0.07,0.02,2.09161,2.69641,0,0.391862,4.47552,4.2568e+06,2.70226e+06,8.90355e+06,0,0,0,0,26.9942,61.308,3.40047,0,0,1.83247,1.22767,0,1.41557,2.96352,8.84649e+06,3.61194e+06,1.62109e+07,0,0,0,7.74588e+07
85.139,85.139,2.9009,0.07,0.02,2.09217,2.69697,0,0.391967,4.47552,4.2568e+06,2.70226e+06,8.90595e+06,0,0,0,0,27.0846,61.308,3.11096,0,0,1.83273,1.22793,0,1.41577,2.96352,8.84649e+06,3.61194e+06,1.62132e+07,0,0,0,7.74588e+07
85.139,85.139,2.70173,0.07,0.02,2.09274,2.69754,0,0.392073,4.47552,4.2568e+06,2.70226e+06,8.90836e+06,0,0,0,0,27.1481,61.308,3.05857,0,0,1.83298,1.22818,0,1.41596,2.96352,8.84649e+06,3.61194e+06,1.62155e+07,0,0,0,7.74588e+07
85.139,85.139,2.63541,0.06,0.02,2.22129,2.82609,0,0.392179,4.47552,4.2568e+06,2.70226e+06,9.45559e+06,0,0,0,0,27.2918,61.308,3.50248,0,0,1.89966,1.29486,0,1.41616,2.96352,8.84649e+06,3.61194e+06,1.68053e+07,0,0,0,7.74588e+07
84.9044,85.139,2.31354,0.05,0.02,2.22189,2.82669,0,0.41627,4.47552,4.2568e+06,2.70226e+06,9.45811e+06,0,0,0,0,27.2142,61.308,2.6373,0,0,1.89993,1.29513,0,1.46767,2.96352,8.84649e+06,3.61194e+06,1.68077e+07,0,0,0,7.74588e+07
84.5856,85.139,2.21614,0.08,0.02,2.22248,2.82728,0,0.416381,4.47552,4.2568e+06,2.70226e+06,9.46063e+06,0,0,0,0,27.1286,61.308,2.6358,0,0,1.9002,1.2954,0,1.46788,2.96352,8.84649e+06,3.61194e+06,1.68101e+07,0,0,0,7.74588e+07
84.1584,85.139,2.10464,0.07,0.02,2.22307,2.82787,0,0.416492,4.47552,4.2568e+06,2.70226e+06,9.46315e+06,0,0,0,0,27.0321,61.308,2.77666,0,0,1.90047,1.29567,0,1.46809,2.96352,8.84649e+06,3.61194e+06,1.68125e+07,0,0,0,7.74588e+07
83.5746,85.139,1.9532,0.05,0.02,2.22366,2.82846,0,0.416603,4.47552,4.2568e+06,2.70226e+06,9.46568e+06,0,0,0,0,26.9094,61.308,2.67977,0,0,1.90074,1.29594,0,1.4683,2.96352,8.84649e+06,3.61194e+06,1.68149e+07,0,0,0,7.74588e+07
83.6481,85.139,2.52519,0.04,0.02,2.19892,2.80372,0,0.416714,4.47552,4.2568e+06,2.70226e+06,9.36034e+06,0,0,0,0,26.621,61.308,1.95463,0,0,1.93755,1.33275,0,1.46851,2.96352,8.84649e+06,3.61194e+06,1.71406e+07,0,0,0,7.74588e+07
83.578,85.139,2.38153,0.03,0.02,2.1995,2.8043,0,0.412077,4.47552,4.2568e+06,2.70226e+06,9.36284e+06,0,0,0,0,26.3013,61.308,1.83076,0,0,1.93783,1.33303,0,1.49695,2.96352,8.84649e+06,3.61194e+06,1.7143e+07,0,0,0,7.74588e+07
83.3049,85.139,2.17791,0.02,0.02,2.20009,2.80489,0,0.412187,4.47552,4.2568e+06,2.70226e+06,9.36534e+06,0,0,0,0,25.8188,61.308,1.82693,0,0,1.93811,1.33331,0,1.49717,2.96352,8.84649e+06,3.61194e+06,1.71455e+07,0,0,0,7.74588e+07
82.8362,85.139,1.96973,0.02,0.02,2.20068,2.80548,0,0.412297,4.47552,4.2568e+06,2.70226e+06,9.36784e+06,0,0,0,0,25.2399,61.308,1.62911,0,0,1.93839,1.33359,0,1.49739,2.96352,8.84649e+06,3.61194e+06,1.7148e+07,0,0,0,7.74588e+07
82.1348,85.139,1.752,0.02,0.02,2.26675,2.87155,0,0.412407,4.47552,4.2568e+06,2.70226e+06,9.64911e+06,0,0,0,0,24.7929,61.308,1.53885,0,0,1.97127,1.36647,0,1.4976,2.96352,8.84649e+06,3.61194e+06,1.74388e+07,0,0,0,7.74588e+07
81.6111,85.139,1.94683,0.02,0.02,2.26736,2.87216,0,0.42479,4.47552,4.2568e+06,2.70226e+06,9.65167e+06,0,0,0,0,24.5179,61.308,1.90856,0,0,1.97155,1.36675,0,1.523,2.96352,8.84649e+06,3.61194e+06,1.74413e+07,0,0,0,7.74588e+07
80.9246,85.139,1.76052,0.02,0.02,2.26796,2.87276,0,0.424902,4.47552,4.2568e+06,2.70226e+06,9.65423e+06,0,0,0,0,23.9713,61.308,1.82408,0,0,1.97184,1.36704,0,1.52322,2.96352,8.84649e+06,3.61194e+06,1.74438e+07,0,0,0,7.74588e+07
80.0898,85.139,1.6032,0.02,0.02,2.26856,2.87336,0,0.425015,4.47552,4.2568e+06,2.70226e+06,9.65679e+06,0,0,0,0,23.5502,61.308,1.58569,0,0,1.97212,1.36732,0,1.52344,2.96352,8.84649e+06,3.61194e+06,1.74464e+07,0,0,0,7.74588e+07
79.2344,85.139,1.73248,0.02,0.02,2.4611,3.0659,0,0.425128,4.47552,4.2568e+06,2.70226e+06,1.04764e+07,0,0,0,0,23.2038,61.308,1.89953,0,0,2.09016,1.48536,0,1.52366,2.96352,8.84649e+06,3.61194e+06,1.84905e+07,0,0,0,7.74588e+07
78.617,85.139,2.00592,0.05,0.02,2.46174,3.06654,0,0.46121,4.47552,4.2568e+06,2.70226e+06,1.04791e+07,0,0,0,0,22.6368,61.308,1.91995,0,0,2.09047,1.48567,0,1.61485,2.96352,8.84649e+06,3.61194e+06,1.84933e+07,0,0,0,7.74588e+07
77.6028,85.139,1.60918,0.05,0.02,2.46238,3.06718,0,0.461331,4.47552,4.2568e+06,2.70226e+06,1.04819e+07,0,0,0,0,22.2066,61.308,1.38394,0,0,2.09078,1.48598,0,1.61509,2.96352,8.84649e+06,3.61194e+06,1.8496e+07,0,0,0,7.74588e+07
76.953,85.139,1.95628,0.07,0.02,2.46303,3.06783,0,0.461451,4.47552,4.2568e+06,2.70226e+06,1.04846e+07,0,0,0,0,21.9802,61.308,2.41368,0,0,2.09109,1.48629,0,1.61534,2.96352,8.84649e+06,3.61194e+06,1.84988e+07,0,0,0,7.74588e+07
75.9173,85.139,1.55511,0.07,0.02,2.46367,3.06847,0,0.461571,4.47552,4.2568e+06,2.70226e+06,1.04873e+07,0,0,0,0,21.6453,61.308,1.65671,0,0,2.0914,1.4866,0,1.61558,2.96352,8.84649e+06,3.61194e+06,1.85016e+07,0,0,0,7.74588e+07
75.6081,85.139,2.23528,0.07,0.02,2.37067,2.97547,0,0.461692,4.47552,4.2568e+06,2.70226e+06,1.00915e+07,0,0,0,0,21.4238,61.308,2.34323,0,0,2.02017,1.41537,0,1.61582,2.96352,8.84649e+06,3.61194e+06,1.78714e+07,0,0,0,7.74588e+07
75.2897,85.139,2.22748,0.07,0.02,2.37129,2.97609,0,0.444263,4.47552,4.2568e+06,2.70226e+06,1.00941e+07,0,0,0,0,21.2736,61.308,2.69971,0,0,2.02047,1.41567,0,1.56078,2.96352,8.84649e+06,3.61194e+06,1.7874e+07,0,0,0,7.74588e+07
74.7212,85.139,1.96012,0.08,0.02,2.37192,2.97672,0,0.44438,4.47552,4.2568e+06,2.70226e+06,1.00968e+07,0,0,0,0,21.0468,61.308,2.48067,0,0,2.02076,1.41596,0,1.56101,2.96352,8.84649e+06,3.61194e+06,1.78767e+07,0,0,0,7.74588e+07
75.224,85.139,3.15416,0.08,0.02,2.37254,2.97734,0,0.444497,4.47552,4.2568e+06,2.70226e+06,1.00994e+07,0,0,0,0,21.0301,61.308,3.46804,0,0,2.02106,1.41626,0,1.56124,2.96352,8.84649e+06,3.61194e+06,1.78793e+07,0,0,0,7.74588e+07
75.9248,85.139,3.40819,0.08,0.02,2.29623,2.90103,0,0.444614,4.47552,4.2568e+06,2.70226e+06,9.7746e+06,0,0,0,0,21.0505,61.308,3.91055,0,0,1.95618,1.35138,0,1.56147,2.96352,8.84649e+06,3.61194e+06,1.73053e+07,0,0,0,7.74588e+07
76.0277,85.139,2.87407,0.08,0.02,2.29684,2.90164,0,0.430314,4.47552,4.2568e+06,2.70226e+06,9.77719e+06,0,0,0,0,21.4589,61.308,5.37043,0,0,1.95646,1.35166,0,1.51134,2.96352,8.84649e+06,3.61194e+06,1.73078e+07,0,0,0,7.74588e+07
75.5571,85.139,2.25958,0.08,0.02,2.29745,2.90225,0,0.430428,4.47552,4.2568e+06,2.70226e+06,9.77977e+06,0,0,0,0,21.6706,61.308,4.64378,0,0,1.95675,1.35195,0,1.51156,2.96352,8.84649e+06,3.61194e+06,1.73103e+07,0,0,0,7.74588e+07
79.1691,85.139,6.37816,0.07,0.02,2.29806,2.90286,0,0.430542,4.47552,4.2568e+06,2.70226e+06,9.78236e+06,0,0,0,0,22.5571,61.308,7.31484,0,0,1.95703,1.35223,0,1.51178,2.96352,8.84649e+06,3.61194e+06,1.73128e+07,0,0,0,7.74588e+07
85.139,85.139,10.4289,0.07,0.02,2.08,2.6848,0,0.430656,4.47552,4.2568e+06,2.70226e+06,8.85414e+06,0,0,0,0,24.5093,61.308,10.4701,0,0,1.82146,1.21666,0,1.512,2.96352,8.84649e+06,3.61194e+06,1.61135e+07,0,0,0,7.74588e+07
85.139,85.139,8.49538,0.04,0.02,2.08056,2.68536,0,0.389792,4.47552,4.2568e+06,2.70226e+06,8.85653e+06,0,0,0,0,28.057,61.308,10.7355,0,0,1.82171,1.21691,0,1.40726,2.96352,8.84649e+06,3.61194e+06,1.61158e+07,0,0,0,7.74588e+07
85.139,85.139,7.81056,0.04,0.02,2.08113,2.68593,0,0.389898,4.47552,4.2568e+06,2.70226e+06,8.85892e+06,0,0,0,0,31.9102,61.308,11.3629,0,0,1.82197,1.21717,0,1.40745,2.96352,8.84649e+06,3.61194e+06,1.6118e+07,0,0,0,7.74588e+07
85.139,85.139,7.35334,0.05,0.02,2.08169,2.68649,0,0.390003,4.47552,4.2568e+06,2.70226e+06,8.86132e+06,0,0,0,0,35.3865,61.308,10.1,0,0,1.82222,1.21742,0,1.40765,2.96352,8.84649e+06,3.61194e+06,1.61203e+07,0,0,0,7.74588e+07
85.139,85.139,7.93096,0.05,0.02,2.08225,2.68705,0,0.390108,4.47552,4.2568e+06,2.70226e+06,8.86371e+06,0,0,0,0,39.8957,61.308,11.4861,0,0,1.82248,1.21768,0,1.40785,2.96352,8.84649e+06,3.61194e+06,1.61225e+07,0,0,0,7.74588e+07
85.139,85.139,4.14058,0.05,0.04,2.167,2.7718,0,0.390214,4.47552,4.2568e+06,2.70226e+06,9.22446e+06,0,0,0,0,41.1328,61.308,5.99937,0,0,1.86211,1.25731,0,1.40805,2.96352,8.84649e+06,3.61194e+06,1.64731e+07,0,0,0,7.74588e+07
84.2451,85.139,1.70285,0.06,0.04,2.16755,2.77235,0,0.406095,4.47552,4.2568e+06,2.70226e+06,9.22682e+06,0,0,0,0,41.1351,61.308,3.12915,0,0,1.86236,1.25756,0,1.43866,2.96352,8.84649e+06,3.61194e+06,1.64753e+07,0,0,0,7.74588e+07
83.2351,85.139,1.57301,0.1,0.04,2.16811,2.77291,0,0.406199,4.47552,4.2568e+06,2.70226e+06,9.22919e+06,0,0,0,0,41.208,61.308,3.09521,0,0,1.86261,1.25781,0,1.43886,2.96352,8.84649e+06,3.61194e+06,1.64776e+07,0,0,0,7.74588e+07
83.7649,85.139,3.13543,0.1,0.04,2.16866,2.77346,0,0.406303,4.47552,4.2568e+06,2.70226e+06,9.23156e+06,0,0,0,0,41.5948,61.308,4.28536,0,0,1.86286,1.25806,0,1.43905,2.96352,8.84649e+06,3.61194e+06,1.64798e+07,0,0,0,7.74588e+07
84.1566,85.139,3.30118,0.1,0.04,2.43979,3.04459,0,0.406408,4.47552,4.2568e+06,2.70226e+06,1.03857e+07,0,0,0,0,41.7359,61.308,3.4985,0,0,2.01107,1.40627,0,1.43925,2.96352,8.84649e+06,3.61194e+06,1.77909e+07,0,0,0,7.74588e+07
83.5175,85.139,2.23297,0.1,0.04,2.4404,3.0452,0,0.457217,4.47552,4.2568e+06,2.70226e+06,1.03883e+07,0,0,0,0,41.67,61.308,3.34221,0,0,2.01135,1.40655,0,1.55375,2.96352,8.84649e+06,3.61194e+06,1.77934e+07,0,0,0,7.74588e+07
82.8547,85.139,2.20334,0.1,0.04,2.44101,3.04581,0,0.457331,4.47552,4.2568e+06,2.70226e+06,1.03909e+07,0,0,0,0,41.5573,61.308,3.67866,0,0,2.01163,1.40683,0,1.55397,2.96352,8.84649e+06,3.61194e+06,1.77959e+07,0,0,0,7.74588e+07
82.8143,85.139,2.87269,0.1,0.04,2.44162,3.04642,0,0.457446,4.47552,4.2568e+06,2.70226e+06,1.03935e+07,0,0,0,0,41.5564,61.308,4.14676,0,0,2.01191,1.40711,0,1.55419,2.96352,8.84649e+06,3.61194e+06,1.77984e+07,0,0,0,7.74588e+07
83.9557,85.139,3.77514,0.1,0.04,2.056,2.6608,0,0.45756,4.47552,4.2568e+06,2.70226e+06,8.75199e+06,0,0,0,0,41.6152,61.308,3.92714,0,0,1.81348,1.20868,0,1.5544,2.96352,8.84649e+06,3.61194e+06,1.6043e+07,0,0,0,7.74588e+07
84.6027,85.139,3.31916,0.1,0.04,2.05654,2.66134,0,0.385295,4.47552,4.2568e+06,2.70226e+06,8.75426e+06,0,0,0,0,41.4852,61.308,3.32349,0,0,1.81373,1.20893,0,1.4011,2.96352,8.84649e+06,3.61194e+06,1.60451e+07,0,0,0,7.74588e+07
84.7509,85.139,2.7647,0.11,0.04,2.05707,2.66187,0,0.385395,4.47552,4.2568e+06,2.70226e+06,8.75653e+06,0,0,0,0,41.3212,61.308,3.71284,0,0,1.81397,1.20917,0,1.40128,2.96352,8.84649e+06,3.61194e+06,1.60472e+07,0,0,0,7.74588e+07
85.139,85.139,4.16358,0.12,0.04,2.05761,2.66241,0,0.385495,4.47552,4.2568e+06,2.70226e+06,8.7588e+06,0,0,0,0,41.2656,61.308,3.54791,0,0,1.81421,1.20941,0,1.40147,2.96352,8.84649e+06,3.61194e+06,1.60494e+07,0,0,0,7.74588e+07
85.139,85.139,2.82477,0.1,0.04,2.05814,2.66294,0,0.385595,4.47552,4.2568e+06,2.70226e+06,8.76108e+06,0,0,0,0,41.1308,61.308,3.24027,0,0,1.81445,1.20965,0,1.40166,2.96352,8.84649e+06,3.61194e+06,1.60515e+07,0,0,0,7.74588e+07
85.139,85.139,4.24773,0.09,0.04,2.15599,2.76079,0,0.385695,4.47552,4.2568e+06,2.70226e+06,9.17761e+06,0,0,0,0,41.5611,61.308,5.04523,0,0,1.86336,1.25856,0,1.40185,2.96352,8.84649e+06,3.61194e+06,1.64842e+07,0,0,0,7.74588e+07
85.139,85.139,3.99284,0.09,0.04,2.15654,2.76134,0,0.404033,4.47552,4.2568e+06,2.70226e+06,9.17997e+06,0,0,0,0,42.2611,61.308,6.11599,0,0,1.86361,1.25881,0,1.43963,2.96352,8.84649e+06,3.61194e+06,1.64864e+07,0,0,0,7.74588e+07
85.139,85.139,4.13072,0.09,0.04,2.1571,2.7619,0,0.404136,4.47552,4.2568e+06,2.70226e+06,9.18232e+06,0,0,0,0,42.5198,61.308,4.86722,0,0,1.86386,1.25906,0,1.43982,2.96352,8.84649e+06,3.61194e+06,1.64886e+07,0,0,0,7.74588e+07
85.139,85.139,3.32898,0.09,0.04,2.15765,2.76245,0,0.40424,4.47552,4.2568e+06,2.70226e+06,9.18468e+06,0,0,0,0,42.6198,61.308,4.33411,0,0,1.86411,1.25931,0,1.44002,2.96352,8.84649e+06,3.61194e+06,1.64909e+07,0,0,0,7.74588e+07
85.1072,85.139,2.57932,0.07,0.04,2.12012,2.72492,0,0.404344,4.47552,4.2568e+06,2.70226e+06,9.02494e+06,0,0,0,0,42.4751,61.308,3.08499,0,0,1.84545,1.24065,0,1.44021,2.96352,8.84649e+06,3.61194e+06,1.63258e+07,0,0,0,7.74588e+07
84.9087,85.139,2.35125,0.13,0.04,2.12067,2.72547,0,0.397311,4.47552,4.2568e+06,2.70226e+06,9.02726e+06,0,0,0,0,42.2216,61.308,2.64077,0,0,1.8457,1.2409,0,1.4258,2.96352,8.84649e+06,3.61194e+06,1.6328e+07,0,0,0,7.74588e+07
84.6567,85.139,2.29202,0.12,0.04,2.12122,2.72602,0,0.397414,4.47552,4.2568e+06,2.70226e+06,9.02959e+06,0,0,0,0,42.038,61.308,2.9722,0,0,1.84595,1.24115,0,1.42599,2.96352,8.84649e+06,3.61194e+06,1.63302e+07,0,0,0,7.74588e+07
84.3696,85.139,2.25092,0.11,0.04,2.12176,2.72656,0,0.397516,4.47552,4.2568e+06,2.70226e+06,9.03192e+06,0,0,0,0,41.8532,61.308,2.66287,0,0,1.8462,1.2414,0,1.42618,2.96352,8.84649e+06,3.61194e+06,1.63324e+07,0,0,0,7.74588e+07
83.8366,85.139,2.08089,0.09,0.04,2.25168,2.85648,0,0.397619,4.47552,4.2568e+06,2.70226e+06,9.58493e+06,0,0,0,0,41.5617,61.308,2.46622,0,0,1.91358,1.30878,0,1.42637,2.96352,8.84649e+06,3.61194e+06,1.69284e+07,0,0,0,7.74588e+07
83.1238,85.139,1.82849,0.08,0.04,2.25225,2.85705,0,0.421964,4.47552,4.2568e+06,2.70226e+06,9.58737e+06,0,0,0,0,41.2863,61.308,2.26289,0,0,1.91384,1.30904,0,1.47843,2.96352,8.84649e+06,3.61194e+06,1.69308e+07,0,0,0,7.74588e+07
82.327,85.139,1.71622,0.08,0.04,2.25282,2.85762,0,0.422072,4.47552,4.2568e+06,2.70226e+06,9.5898e+06,0,0,0,0,41.0315,61.308,2.29034,0,0,1.9141,1.3093,0,1.47863,2.96352,8.84649e+06,3.61194e+06,1.69331e+07,0,0,0,7.74588e+07
81.4714,85.139,1.64704,0.07,0.04,2.2534,2.8582,0,0.422179,4.47552,4.2568e+06,2.70226e+06,9.59224e+06,0,0,0,0,40.7881,61.308,2.21628,0,0,1.91436,1.30956,0,1.47884,2.96352,8.84649e+06,3.61194e+06,1.69354e+07,0,0,0,7.74588e+07
80.5231,85.139,1.54327,0.05,0.04,2.25397,2.85877,0,0.422286,4.47552,4.2568e+06,2.70226e+06,9.59468e+06,0,0,0,0,40.5039,61.308,2.0646,0,0,1.91463,1.30983,0,1.47904,2.96352,8.84649e+06,3.61194e+06,1.69377e+07,0,0,0,7.74588e+07
79.5663,85.139,1.48679,0.04,0.04,2.22893,2.83373,0,0.422394,4.47552,4.2568e+06,2.70226e+06,9.48811e+06,0,0,0,0,40.2907,61.308,2.21316,0,0,1.95182,1.34702,0,1.47924,2.96352,8.84649e+06,3.61194e+06,1.72668e+07,0,0,0,7.74588e+07
78.4926,85.139,1.35971,0.03,0.04,2.2295,2.8343,0,0.417702,4.47552,4.2568e+06,2.70226e+06,9.49053e+06,0,0,0,0,40.063,61.308,2.04945,0,0,1.95209,1.34729,0,1.50798,2.96352,8.84649e+06,3.61194e+06,1.72692e+07,0,0,0,7.74588e+07
77.3258,85.139,1.24215,0.06,0.04,2.23007,2.83487,0,0.417808,4.47552,4.2568e+06,2.70226e+06,9.49295e+06,0,0,0,0,39.7881,61.308,1.96096,0,0,1.95236,1.34756,0,1.50819,2.96352,8.84649e+06,3.61194e+06,1.72716e+07,0,0,0,7.74588e+07
76.1221,85.139,1.16862,0.04,0.04,2.23064,2.83544,0,0.417915,4.47552,4.2568e+06,2.70226e+06,9.49536e+06,0,0,0,0,39.4293,61.308,1.89819,0,0,1.95263,1.34783,0,1.5084,2.96352,8.84649e+06,3.61194e+06,1.72739e+07,0,0,0,7.74588e+07
74.8139,85.139,1.10952,0.06,0.04,2.29739,2.90219,0,0.418021,4.47552,4.2568e+06,2.70226e+06,9.77953e+06,0,0,0,0,39.0497,61.308,1.87597,0,0,1.98584,1.38104,0,1.5086,2.96352,8.84649e+06,3.61194e+06,1.75678e+07,0,0,0,7.74588e+07
73.4419,85.139,1.03444,0.05,0.04,2.29797,2.90277,0,0.430531,4.47552,4.2568e+06,2.70226e+06,9.782e+06,0,0,0,0,38.6242,61.308,1.79863,0,0,1.98612,1.38132,0,1.53426,2.96352,8.84649e+06,3.61194e+06,1.75702e+07,0,0,0,7.74588e+07
72.0031,85.139,0.957103,0.1,0.04,2.29856,2.90336,0,0.43064,4.47552,4.2568e+06,2.70226e+06,9.78448e+06,0,0,0,0,38.0496,61.308,1.70828,0,0,1.9864,1.3816,0,1.53448,2.96352,8.84649e+06,3.61194e+06,1.75727e+07,0,0,0,7.74588e+07
70.5061,85.139,0.881837,0.09,0.04,2.29914,2.90394,0,0.430749,4.47552,4.2568e+06,2.70226e+06,9.78696e+06,0,0,0,0,37.4297,61.308,1.56652,0,0,1.98668,1.38188,0,1.53469,2.96352,8.84649e+06,3.61194e+06,1.75751e+07,0,0,0,7.74588e+07
68.8023,85.139,0.812546,0.1,0.04,2.4937,3.0985,0,0.430858,4.47552,4.2568e+06,2.70226e+06,1.06152e+07,0,0,0,0,36.792,61.308,1.51687,0,0,2.10595,1.50115,0,1.53491,2.96352,8.84649e+06,3.61194e+06,1.86303e+07,0,0,0,7.74588e+07
66.9167,85.139,0.611078,0.1,0.04,2.49432,3.09912,0,0.467319,4.47552,4.2568e+06,2.70226e+06,1.06178e+07,0,0,0,0,36.1128,61.308,1.53357,0,0,2.10625,1.50145,0,1.62706,2.96352,8.84649e+06,3.61194e+06,1.86329e+07,0,0,0,7.74588e+07
64.9804,85.139,0.541954,0.16,0.04,2.49494,3.09974,0,0.467436,4.47552,4.2568e+06,2.70226e+06,1.06205e+07,0,0,0,0,35.4166,61.308,1.42193,0,0,2.10655,1.50175,0,1.62729,2.96352,8.84649e+06,3.61194e+06,1.86356e+07,0,0,0,7.74588e+07
63.1198,85.139,0.602515,0.16,0.04,2.49556,3.10036,0,0.467552,4.47552,4.2568e+06,2.70226e+06,1.06231e+07,0,0,0,0,34.9359,61.308,1.4607,0,0,2.10685,1.50205,0,1.62752,2.96352,8.84649e+06,3.61194e+06,1.86382e+07,0,0,0,7.74588e+07
61.5979,85.139,0.966469,0.16,0.04,2.49619,3.10099,0,0.467669,4.47552,4.2568e+06,2.70226e+06,1.06258e+07,0,0,0,0,34.559,61.308,1.78067,0,0,2.10715,1.50235,0,1.62775,2.96352,8.84649e+06,3.61194e+06,1.86409e+07,0,0,0,7.74588e+07
60.4949,85.139,1.3735,0.2,0.04,2.40217,3.00697,0,0.467785,4.47552,4.2568e+06,2.70226e+06,1.02256e+07,0,0,0,0,34.5133,61.308,2.86904,0,0,2.03516,1.43036,0,1.62799,2.96352,8.84649e+06,3.61194e+06,1.8004e+07,0,0,0,7.74588e+07
59.1379,85.139,1.12459,0.2,0.04,2.40278,3.00758,0,0.450167,4.47552,4.2568e+06,2.70226e+06,1.02281e+07,0,0,0,0,34.8832,61.308,5.14729,0,0,2.03544,1.43064,0,1.57236,2.96352,8.84649e+06,3.61194e+06,1.80065e+07,0,0,0,7.74588e+07
57.6738,85.139,1.00693,0.21,0.04,2.40338,3.00818,0,0.45028,4.47552,4.2568e+06,2.70226e+06,1.02307e+07,0,0,0,0,34.7239,61.308,3.17187,0,0,2.03573,1.43093,0,1.57258,2.96352,8.84649e+06,3.61194e+06,1.80091e+07,0,0,0,7.74588e+07
56.068,85.139,0.842317,0.21,0.04,2.40398,3.00878,0,0.450393,4.47552,4.2568e+06,2.70226e+06,1.02333e+07,0,0,0,0,34.4781,61.308,2.81436,0,0,2.03602,1.43122,0,1.5728,2.96352,8.84649e+06,3.61194e+06,1.80116e+07,0,0,0,7.74588e+07
55.209,85.139,1.62303,0.25,0.04,2.32685,2.93165,0,0.450506,4.47552,4.2568e+06,2.70226e+06,9.9049e+06,0,0,0,0,34.5147,61.308,3.37157,0,0,1.97044,1.36564,0,1.57303,2.96352,8.84649e+06,3.61194e+06,1.74315e+07,0,0,0,7.74588e+07
55.8692,85.139,3.3194,0.24,0.04,2.32743,2.93223,0,0.436051,4.47552,4.2568e+06,2.70226e+06,9.90741e+06,0,0,0,0,35.7783,61.308,7.70429,0,0,1.97071,1.36591,0,1.52236,2.96352,8.84649e+06,3.61194e+06,1.74339e+07,0,0,0,7.74588e+07
55.6798,85.139,2.43636,0.24,0.04,2.32802,2.93282,0,0.436161,4.47552,4.2568e+06,2.70226e+06,9.90991e+06,0,0,0,0,36.7329,61.308,5.36057,0,0,1.97099,1.36619,0,1.52257,2.96352,8.84649e+06,3.61194e+06,1.74363e+07,0,0,0,7.74588e+07
56.2438,85.139,3.20193,0.22,0.04,2.32861,2.93341,0,0.436271,4.47552,4.2568e+06,2.70226e+06,9.91241e+06,0,0,0,0,37.7181,61.308,6.45475,0,0,1.97126,1.36646,0,1.52278,2.96352,8.84649e+06,3.61194e+06,1.74387e+07,0,0,0,7.74588e+07
56.2375,85.139,2.45031,0.22,0.04,2.10823,2.71303,0,0.436381,4.47552,4.2568e+06,2.70226e+06,8.97432e+06,0,0,0,0,37.9347,61.308,4.04139,0,0,1.83425,1.22945,0,1.523,2.96352,8.84649e+06,3.61194e+06,1.62267e+07,0,0,0,7.74588e+07
57.5937,85.139,3.91133,0.23,0.04,2.10878,2.71358,0,0.395083,4.47552,4.2568e+06,2.70226e+06,8.97663e+06,0,0,0,0,40.3685,61.308,7.36171,0,0,1.8345,1.2297,0,1.41714,2.96352,8.84649e+06,3.61194e+06,1.62289e+07,0,0,0,7.74588e+07
58.7293,85.139,3.61871,0.23,0.04,2.10932,2.71412,0,0.395185,4.47552,4.2568e+06,2.70226e+06,8.97894e+06,0,0,0,0,41.2446,61.308,5.46029,0,0,1.83474,1.22994,0,1.41733,2.96352,8.84649e+06,3.61194e+06,1.6231e+07,0,0,0,7.74588e+07
60.6577,85.139,4.54437,0.24,0.04,2.10986,2.71466,0,0.395287,4.47552,4.2568e+06,2.70226e+06,8.98126e+06,0,0,0,0,42.1294,61.308,5.88876,0,0,1.83499,1.23019,0,1.41752,2.96352,8.84649e+06,3.61194e+06,1.62332e+07,0,0,0,7.74588e+07
61.7835,85.139,3.69607,0.24,0.04,2.11041,2.71521,0,0.395389,4.47552,4.2568e+06,2.70226e+06,8.98358e+06,0,0,0,0,42.9862,61.308,5.34121,0,0,1.83524,1.23044,0,1.41771,2.96352,8.84649e+06,3.61194e+06,1.62354e+07,0,0,0,7.74588e+07
63.2512,85.139,4.11026,0.25,0.04,2.19602,2.80082,0,0.395491,5.32224,4.2568e+06,2.70226e+06,9.348e+06,0,0,0,0,44.0463,61.308,5.6585,0,0,1.87527,1.27047,0,1.4179,2.96352,8.84649e+06,3.61194e+06,1.65896e+07,0,0,0,7.74588e+07
64.7352,85.139,4.1332,0.23,0.04,2.19656,2.80136,0,0.411534,5.32224,4.2568e+06,2.70226e+06,9.35029e+06,0,0,0,2.85105e+08,45.7687,61.308,7.5209,0,0,1.87551,1.27071,0,1.44883,2.96352,8.84649e+06,3.61194e+06,1.65917e+07,0,0,0,7.74588e+07
67.4926,85.139,5.3959,0.22,0.04,2.19709,2.80189,0,0.411635,5.32224,4.2568e+06,2.70226e+06,9.35258e+06,0,0,0,2.85105e+08,46.9453,61.308,6.41072,0,0,1.87576,1.27096,0,1.44902,2.96352,8.84649e+06,3.61194e+06,1.65939e+07,0,0,0,7.74588e+07
72.0229,85.139,7.58755,0.24,0.04,2.19763,2.80243,0,0.411736,5.32224,4.2568e+06,2.70226e+06,9.35488e+06,0,0,0,2.85105e+08,48.4276,61.308,7.62303,0,0,1.876,1.2712,0,1.44921,2.96352,8.84649e+06,3.61194e+06,1.6596e+07,0,0,0,7.74588e+07
78.9444,85.139,10.3099,0.21,0.04,2.47157,3.07637,0,0.411837,5.32224,4.2568e+06,2.70226e+06,1.0521e+07,0,0,0,2.85105e+08,53.7952,61.308,17.1782,0,0,2.02574,1.42094,0,1.4494,2.96352,8.84649e+06,3.61194e+06,1.79207e+07,0,0,0,7.74588e+07
81.397,85.139,5.56005,0.17,0.04,2.47216,3.07696,0,0.463172,5.32224,4.2568e+06,2.70226e+06,1.05235e+07,0,0,0,2.85105e+08,56.059,61.308,6.99767,0,0,2.02602,1.42122,0,1.56509,2.96352,8.84649e+06,3.61194e+06,1.79231e+07,0,0,0,7.74588e+07
85.139,85.139,8.96901,0.13,0.04,2.47275,3.07755,0,0.463283,5.32224,4.2568e+06,2.70226e+06,1.0526e+07,0,0,0,2.85105e+08,60.5251,61.308,13.0812,0,0,2.02629,1.42149,0,1.5653,2.96352,8.84649e+06,3.61194e+06,1.79255e+07,0,0,0,7.74588e+07
85.139,85.139,9.56011,0.08,0.04,2.47334,3.07814,0,0.463393,5.32224,4.2568e+06,2.70226e+06,1.05285e+07,0,0,0,2.85105e+08,62.3362,61.308,18.3919,0,0,2.02656,1.42176,0,1.56551,2.96352,8.84649e+06,3.61194e+06,1.7928e+07,0,0,0,7.74588e+07
85.139,85.139,12.5354,0.06,0.04,2.08368,2.68848,0,0.463504,5.32224,4.2568e+06,2.70226e+06,8.86982e+06,0,0,0,2.85105e+08,62.3362,61.308,18.5937,0,0,1.82606,1.22126,0,1.56572,2.96352,8.84649e+06,3.61194e+06,1.61542e+07,0,0,0,7.74588e+07
85.139,85.139,7.9113,0.07,0.04,2.0842,2.689,0,0.390482,5.32224,4.2568e+06,2.70226e+06,8.87202e+06,0,0,0,2.85105e+08,62.3362,61.308,10.1951,0,0,1.82629,1.22149,0,1.41081,2.96352,8.84649e+06,3.61194e+06,1.61563e+07,0,0,0,7.74588e+07
85.139,85.139,6.95101,0.09,0.04,2.08472,2.68952,0,0.390579,5.32224,4.2568e+06,2.70226e+06,8.87422e+06,0,0,0,2.85105e+08,62.3362,61.308,9.33431,0,0,1.82653,1.22173,0,1.41099,2.96352,8.84649e+06,3.61194e+06,1.61583e+07,0,0,0,7.74588e+07
85.139,85.139,7.65202,0.1,0.04,2.08523,2.69003,0,0.390676,5.32224,4.2568e+06,2.70226e+06,8.87642e+06,0,0,0,2.85105e+08,62.3362,61.308,10.4496,0,0,1.82676,1.22196,0,1.41117,2.96352,8.84649e+06,3.61194e+06,1.61604e+07,0,0,0,7.74588e+07
85.139,85.139,8.77205,0.12,0.04,2.08575,2.69055,0,0.390773,5.32224,4.2568e+06,2.70226e+06,8.87862e+06,0,0,0,2.85105e+08,62.3362,61.308,12.196,0,0,1.827,1.2222,0,1.41136,2.96352,8.84649e+06,3.61194e+06,1.61625e+07,0,0,0,7.74588e+07
85.139,85.139,9.24754,0.12,0.04,2.18459,2.78939,0,0.39087,5.32224,4.2568e+06,2.70226e+06,9.29937e+06,0,0,0,2.85105e+08,62.3362,61.308,14.1216,0,0,1.8764,1.2716,0,1.41154,2.96352,8.84649e+06,3.61194e+06,1.65995e+07,0,0,0,7.74588e+07
85.139,85.139,10.9987,0.12,0.04,2.18513,2.78993,0,0.409393,5.32224,4.2568e+06,2.70226e+06,9.30165e+06,0,0,0,2.85105e+08,62.3362,61.308,15.5321,0,0,1.87664,1.27184,0,1.4497,2.96352,8.84649e+06,3.61194e+06,1.66017e+07,0,0,0,7.74588e+07
85.139,85.139,9.10408,0.11,0.04,2.18567,2.79047,0,0.409493,5.32224,4.2568e+06,2.70226e+06,9.30393e+06,0,0,0,2.85105e+08,62.3362,61.308,14.5697,0,0,1.87688,1.27208,0,1.44989,2.96352,8.84649e+06,3.61194e+06,1.66038e+07,0,0,0,7.74588e+07
85.139,85.139,7.32081,0.11,0.04,2.1862,2.791,0,0.409594,5.32224,4.2568e+06,2.70226e+06,9.30622e+06,0,0,0,2.85105e+08,62.3362,61.308,10.0668,0,0,1.87713,1.27233,0,1.45008,2.96352,8.84649e+06,3.61194e+06,1.6606e+07,0,0,0,7.74588e+07
85.139,85.139,6.47429,0.1,0.04,2.14826,2.75306,0,0.409694,5.32224,4.2568e+06,2.70226e+06,9.14472e+06,0,0,0,2.85105e+08,62.3362,61.308,8.40636,0,0,1.85826,1.25346,0,1.45027,2.96352,8.84649e+06,3.61194e+06,1.64391e+07,0,0,0,7.74588e+07
85.139,85.139,5.71918,0.09,0.04,2.14879,2.75359,0,0.402585,5.32224,4.2568e+06,2.70226e+06,9.14697e+06,0,0,0,2.85105e+08,62.3362,61.308,7.22796,0,0,1.8585,1.2537,0,1.43569,2.96352,8.84649e+06,3.61194e+06,1.64412e+07,0,0,0,7.74588e+07
85.139,85.139,5.41521,0.08,0.04,2.14932,2.75412,0,0.402684,5.32224,4.2568e+06,2.70226e+06,9.14923e+06,0,0,0,2.85105e+08,62.3362,61.308,6.17016,0,0,1.85875,1.25395,0,1.43588,2.96352,8.84649e+06,3.61194e+06,1.64434e+07,0,0,0,7.74588e+07
85.139,85.139,4.98096,0.08,0.04,2.14985,2.75465,0,0.402783,5.32224,4.2568e+06,2.70226e+06,9.15148e+06,0,0,0,2.85105e+08,62.3362,61.308,5.83182,0,0,1.85899,1.25419,0,1.43607,2.96352,8.84649e+06,3.61194e+06,1.64455e+07,0,0,0,7.74588e+07
85.139,85.139,4.56877,0.08,0.04,2.28108,2.88588,0,0.402882,5.32224,4.2568e+06,2.70226e+06,9.71008e+06,0,0,0,2.85105e+08,62.3362,61.308,5.59067,0,0,1.92705,1.32225,0,1.43625,2.96352,8.84649e+06,3.61194e+06,1.70476e+07,0,0,0,7.74588e+07
85.139,85.139,4.4136,0.06,0.04,2.28163,2.88643,0,0.427474,5.32224,4.2568e+06,2.70226e+06,9.71244e+06,0,0,0,2.85105e+08,62.3362,61.308,5.59242,0,0,1.9273,1.3225,0,1.48884,2.96352,8.84649e+06,3.61194e+06,1.70499e+07,0,0,0,7.74588e+07
85.139,85.139,4.13931,0.06,0.04,2.28219,2.88699,0,0.427578,5.32224,4.2568e+06,2.70226e+06,9.71481e+06,0,0,0,2.85105e+08,62.3362,61.308,5.12703,0,0,1.92756,1.32276,0,1.48903,2.96352,8.84649e+06,3.61194e+06,1.70521e+07,0,0,0,7.74588e+07
85.139,85.139,4.07336,0.04,0.04,2.28274,2.88754,0,0.427682,5.32224,4.2568e+06,2.70226e+06,9.71717e+06,0,0,0,2.85105e+08,62.3362,61.308,5.27901,0,0,1.92781,1.32301,0,1.48923,2.96352,8.84649e+06,3.61194e+06,1.70544e+07,0,0,0,7.74588e+07
85.139,85.139,3.66434,0.04,0.04,2.2833,2.8881,0,0.427786,5.32224,4.2568e+06,2.70226e+06,9.71953e+06,0,0,0,2.85105e+08,62.3362,61.308,5.22205,0,0,1.92806,1.32326,0,1.48943,2.96352,8.84649e+06,3.61194e+06,1.70566e+07,0,0,0,7.74588e+07
85.139,85.139,4.39039,0.03,0.04,2.25798,2.86278,0,0.42789,5.32224,4.2568e+06,2.70226e+06,9.61176e+06,0,0,0,2.85105e+08,62.3362,61.308,4.47378,0,0,1.96563,1.36083,0,1.48962,2.96352,8.84649e+06,3.61194e+06,1.73889e+07,0,0,0,7.74588e+07
85.139,85.139,4.49779,0.02,0.04,2.25853,2.86333,0,0.423145,5.32224,4.2568e+06,2.70226e+06,9.6141e+06,0,0,0,2.85105e+08,62.3362,61.308,4.09462,0,0,1.96589,1.36109,0,1.51865,2.96352,8.84649e+06,3.61194e+06,1.73912e+07,0,0,0,7.74588e+07
85.139,85.139,4.29318,0.02,0.04,2.25908,2.86388,0,0.423248,5.32224,4.2568e+06,2.70226e+06,9.61644e+06,0,0,0,2.85105e+08,62.3362,61.308,3.96378,0,0,1.96615,1.36135,0,1.51885,2.96352,8.84649e+06,3.61194e+06,1.73936e+07,0,0,0,7.74588e+07
85.139,85.139,4.05523,0.02,0.04,2.25963,2.86443,0,0.423352,5.32224,4.2568e+06,2.70226e+06,9.61878e+06,0,0,0,2.85105e+08,62.3362,61.308,3.88585,0,0,1.96641,1.36161,0,1.51905,2.96352,8.84649e+06,3.61194e+06,1.73959e+07,0,0,0,7.74588e+07
85.139,85.139,4.03145,0.02,0.04,2.32704,2.93184,0,0.423455,5.32224,4.2568e+06,2.70226e+06,9.90575e+06,0,0,0,2.85105e+08,62.3362,61.308,3.99924,0,0,1.99995,1.39515,0,1.51925,2.96352,8.84649e+06,3.61194e+06,1.76926e+07,0,0,0,7.74588e+07
85.139,85.139,4.47349,0.02,0.04,2.32761,2.93241,0,0.436088,5.32224,4.2568e+06,2.70226e+06,9.90815e+06,0,0,0,2.85105e+08,62.3362,61.308,4.2619,0,0,2.00022,1.39542,0,1.54517,2.96352,8.84649e+06,3.61194e+06,1.76949e+07,0,0,0,7.74588e+07
85.139,85.139,3.97178,0.02,0.04,2.32817,2.93297,0,0.436193,5.32224,4.2568e+06,2.70226e+06,9.91054e+06,0,0,0,2.85105e+08,62.3362,61.308,4.0281,0,0,2.00049,1.39569,0,1.54537,2.96352,8.84649e+06,3.61194e+06,1.76973e+07,0,0,0,7.74588e+07
85.139,85.139,3.63619,0.02,0.04,2.32873,2.93353,0,0.436299,5.32224,4.2568e+06,2.70226e+06,9.91294e+06,0,0,0,2.85105e+08,62.3362,61.308,3.77659,0,0,2.00076,1.39596,0,1.54558,2.96352,8.84649e+06,3.61194e+06,1.76997e+07,0,0,0,7.74588e+07
85.139,85.139,3.13788,0.02,0.04,2.52525,3.13005,0,0.436405,5.32224,4.2568e+06,2.70226e+06,1.07495e+07,0,0,0,2.85105e+08,62.3362,61.308,3.74767,0,0,2.12124,1.51644,0,1.54579,2.96352,8.84649e+06,3.61194e+06,1.87655e+07,0,0,0,7.74588e+07
85.139,85.139,3.75077,0.02,0.04,2.52585,3.13065,0,0.473232,5.32224,4.2568e+06,2.70226e+06,1.0752e+07,0,0,0,2.85105e+08,62.3362,61.308,3.7386,0,0,2.12153,1.51673,0,1.63887,2.96352,8.84649e+06,3.61194e+06,1.87681e+07,0,0,0,7.74588e+07
85.139,85.139,4.40149,0.02,0.04,2.52646,3.13126,0,0.473345,5.32224,4.2568e+06,2.70226e+06,1.07546e+07,0,0,0,2.85105e+08,62.3362,61.308,4.64905,0,0,2.12182,1.51702,0,1.63909,2.96352,8.84649e+06,3.61194e+06,1.87706e+07,0,0,0,7.74588e+07
85.139,85.139,3.52598,0.02,0.04,2.52706,3.13186,0,0.473458,5.32224,4.2568e+06,2.70226e+06,1.07572e+07,0,0,0,2.85105e+08,62.3362,61.308,3.35428,0,0,2.12211,1.51731,0,1.63932,2.96352,8.84649e+06,3.61194e+06,1.87732e+07,0,0,0,7.74588e+07
85.139,85.139,4.29393,0.03,0.04,2.52766,3.13246,0,0.47357,5.32224,4.2568e+06,2.70226e+06,1.07597e+07,0,0,0,2.85105e+08,62.3362,61.308,5.82991,0,0,2.1224,1.5176,0,1.63954,2.96352,8.84649e+06,3.61194e+06,1.87758e+07,0,0,0,7.74588e+07
85.139,85.139,5.00394,0.04,0.04,2.43267,3.03747,0,0.473683,5.32224,4.2568e+06,2.70226e+06,1.03554e+07,0,0,0,2.85105e+08,62.3362,61.308,4.7948,0,0,2.04966,1.44486,0,1.63977,2.96352,8.84649e+06,3.61194e+06,1.81323e+07,0,0,0,7.74588e+07
85.139,85.139,5.85023,0.04,0.04,2.43325,3.03805,0,0.455882,5.32224,4.2568e+06,2.70226e+06,1.03578e+07,0,0,0,2.85105e+08,62.3362,61.308,5.58812,0,0,2.04994,1.44514,0,1.58357,2.96352,8.84649e+06,3.61194e+06,1.81348e+07,0,0,0,7.74588e+07
85.139,85.139,6.67767,0.04,0.04,2.43383,3.03863,0,0.455991,5.32224,4.2568e+06,2.70226e+06,1.03603e+07,0,0,0,2.85105e+08,62.3362,61.308,7.15318,0,0,2.05022,1.44542,0,1.58378,2.96352,8.84649e+06,3.61194e+06,1.81372e+07,0,0,0,7.74588e+07
85.139,85.139,6.50883,0.05,0.04,2.43442,3.03922,0,0.4561,5.32224,4.2568e+06,2.70226e+06,1.03628e+07,0,0,0,2.85105e+08,62.3362,61.308,6.97908,0,0,2.05049,1.44569,0,1.584,2.96352,8.84649e+06,3.61194e+06,1.81397e+07,0,0,0,7.74588e+07
85.139,85.139,8.22122,0.05,0.04,2.35648,2.96128,0,0.45621,5.32224,4.2568e+06,2.70226e+06,1.0031e+07,0,0,0,2.85105e+08,62.3362,61.308,9.52502,0,0,1.98424,1.37944,0,1.58421,2.96352,8.84649e+06,3.61194e+06,1.75536e+07,0,0,0,7.74588e+07
85.139,85.139,5.65051,0.05,0.04,2.35704,2.96184,0,0.441603,5.32224,4.2568e+06,2.70226e+06,1.00335e+07,0,0,0,2.85105e+08,62.3362,61.308,8.37827,0,0,1.98451,1.37971,0,1.53303,2.96352,8.84649e+06,3.61194e+06,1.75559e+07,0,0,0,7.74588e+07
85.139,85.139,7.39521,0.04,0.04,2.35761,2.96241,0,0.44171,5.32224,4.2568e+06,2.70226e+06,1.00359e+07,0,0,0,2.85105e+08,62.3362,61.308,9.00563,0,0,1.98477,1.37997,0,1.53323,2.96352,8.84649e+06,3.61194e+06,1.75583e+07,0,0,0,7.74588e+07
85.139,85.139,4.8537,0.04,0.04,2.35818,2.96298,0,0.441817,5.32224,4.2568e+06,2.70226e+06,1.00383e+07,0,0,0,2.85105e+08,62.3362,61.308,6.28682,0,0,1.98504,1.38024,0,1.53343,2.96352,8.84649e+06,3.61194e+06,1.75606e+07,0,0,0,7.74588e+07
85.139,85.139,7.88437,0.04,0.04,2.13556,2.74036,0,0.441923,5.32224,4.2568e+06,2.70226e+06,9.09065e+06,0,0,0,2.85105e+08,62.3362,61.308,9.09491,0,0,1.84664,1.24184,0,1.53364,2.96352,8.84649e+06,3.61194e+06,1.63362e+07,0,0,0,7.74588e+07
85.139,85.139,6.94016,0.04,0.04,2.13609,2.74089,0,0.400204,5.32224,4.2568e+06,2.70226e+06,9.09289e+06,0,0,0,2.85105e+08,62.3362,61.308,13.8657,0,0,1.84687,1.24207,0,1.42671,2.96352,8.84649e+06,3.61194e+06,1.63383e+07,0,0,0,7.74588e+07
85.139,85.139,4.91912,0.05,0.04,2.13661,2.74141,0,0.400303,5.32224,4.2568e+06,2.70226e+06,9.09513e+06,0,0,0,2.85105e+08,62.3362,61.308,11.9929,0,0,1.84711,1.24231,0,1.42689,2.96352,8.84649e+06,3.61194e+06,1.63405e+07,0,0,0,7.74588e+07
85.139,85.139,6.05119,0.06,0.04,2.13714,2.74194,0,0.400402,5.32224,4.2568e+06,2.70226e+06,9.09737e+06,0,0,0,2.85105e+08,62.3362,61.308,15.7714,0,0,1.84735,1.24255,0,1.42708,2.96352,8.84649e+06,3.61194e+06,1.63426e+07,0,0,0,7.74588e+07
85.139,85.139,4.76507,0.08,0.04,2.13767,2.74247,0,0.4005,5.32224,4.2568e+06,2.70226e+06,9.09961e+06,0,0,0,2.85105e+08,62.3362,61.308,6.24755,0,0,1.84759,1.24279,0,1.42726,2.96352,8.84649e+06,3.61194e+06,1.63447e+07,0,0,0,7.74588e+07
85.139,85.139,12.2233,0.08,0.04,2.22411,2.82891,0,0.400599,5.32224,4.2568e+06,2.70226e+06,9.4676e+06,0,0,0,2.85105e+08,62.3362,61.308,8.17477,0,0,1.88802,1.28322,0,1.42745,2.96352,8.84649e+06,3.61194e+06,1.67023e+07,0,0,0,7.74588e+07
85.139,85.139,7.33577,0.09,0,2.22464,2.82944,0,0.416799,5.32224,4.2568e+06,2.70226e+06,9.46982e+06,0,0,0,2.85105e+08,62.3362,61.308,6.20663,0,0,1.88825,1.28345,0,1.45868,2.96352,8.84649e+06,3.61194e+06,1.67044e+07,0,0,0,7.74588e+07
85.139,85.139,4.35775,0.1,0,2.22516,2.82996,0,0.416897,5.32224,4.2568e+06,2.70226e+06,9.47204e+06,0,0,0,2.85105e+08,62.2189,61.308,5.4264,0,0,1.88849,1.28369,0,1.45886,2.96352,8.84649e+06,3.61194e+06,1.67065e+07,0,0,0,7.74588e+07
85.139,85.139,4.54327,0.12,0,2.22568,2.83048,0,0.416994,5.32224,4.2568e+06,2.70226e+06,9.47426e+06,0,0,0,2.85105e+08,62.0334,61.308,5.28365,0,0,1.88873,1.28393,0,1.45905,2.96352,8.84649e+06,3.61194e+06,1.67086e+07,0,0,0,7.74588e+07
85.139,85.139,4.39004,0.12,0,2.50233,3.10713,0,0.417092,5.32224,4.2568e+06,2.70226e+06,1.06519e+07,0,0,0,2.85105e+08,61.9145,61.308,5.52542,0,0,2.03995,1.43515,0,1.45923,2.96352,8.84649e+06,3.61194e+06,1.80464e+07,0,0,0,7.74588e+07
85.139,85.139,7.14829,0.12,0,2.5029,3.1077,0,0.468937,5.32224,4.2568e+06,2.70226e+06,1.06543e+07,0,0,0,2.85105e+08,61.8872,61.308,4.47496,0,0,2.04022,1.43542,0,1.57607,2.96352,8.84649e+06,3.61194e+06,1.80487e+07,0,0,0,7.74588e+07
85.139,85.139,4.88458,0.1,0,2.50347,3.10827,0,0.469044,5.32224,4.2568e+06,2.70226e+06,1.06568e+07,0,0,0,2.85105e+08,61.6706,61.308,3.96049,0,0,2.04048,1.43568,0,1.57627,2.96352,8.84649e+06,3.61194e+06,1.80511e+07,0,0,0,7.74588e+07
85.139,85.139,5.60183,0.1,0,2.50405,3.10885,0,0.469151,5.32224,4.2568e+06,2.70226e+06,1.06592e+07,0,0,0,2.85105e+08,61.5714,61.308,4.17645,0,0,2.04075,1.43595,0,1.57648,2.96352,8.84649e+06,3.61194e+06,1.80534e+07,0,0,0,7.74588e+07
85.139,85.139,5.78211,0.09,0,2.11048,2.71528,0,0.469259,5.32224,4.2568e+06,2.70226e+06,8.98389e+06,0,0,0,2.85105e+08,61.6174,61.308,4.76188,0,0,1.83823,1.23343,0,1.57668,2.96352,8.84649e+06,3.61194e+06,1.62619e+07,0,0,0,7.74588e+07
85.139,85.139,10.6688,0.09,0,2.11098,2.71578,0,0.395504,5.32224,4.2568e+06,2.70226e+06,8.98602e+06,0,0,0,2.85105e+08,62.3362,61.308,8.46253,0,0,1.83846,1.23366,0,1.42022,2.96352,8.84649e+06,3.61194e+06,1.62639e+07,0,0,0,7.74588e+07
85.139,85.139,8.2862,0.11,0,2.11148,2.71628,0,0.395598,5.32224,4.2568e+06,2.70226e+06,8.98815e+06,0,0,0,2.85105e+08,62.3362,61.308,6.79634,0,0,1.83868,1.23388,0,1.42039,2.96352,8.84649e+06,3.61194e+06,1.62659e+07,0,0,0,7.74588e+07
85.139,85.139,8.47411,0.12,0,2.11198,2.71678,0,0.395692,5.32224,4.2568e+06,2.70226e+06,8.99028e+06,0,0,0,2.85105e+08,62.3362,61.308,4.88385,0,0,1.83891,1.23411,0,1.42057,2.96352,8.84649e+06,3.61194e+06,1.62679e+07,0,0,0,7.74588e+07
85.139,85.139,5.82049,0.12,0,2.11248,2.71728,0,0.395786,5.32224,4.2568e+06,2.70226e+06,8.99241e+06,0,0,0,2.85105e+08,62.1807,61.308,3.42241,0,0,1.83914,1.23434,0,1.42074,2.96352,8.84649e+06,3.61194e+06,1.62699e+07,0,0,0,7.74588e+07
85.139,85.139,7.99191,0.12,0,2.21229,2.81709,0,0.395879,5.32224,4.2568e+06,2.70226e+06,9.41725e+06,0,0,0,2.85105e+08,62.3362,61.308,4.25771,0,0,1.88902,1.28422,0,1.42092,2.96352,8.84649e+06,3.61194e+06,1.67112e+07,0,0,0,7.74588e+07
85.139,85.139,8.1224,0.12,0,2.21281,2.81761,0,0.414582,5.32224,4.2568e+06,2.70226e+06,9.41946e+06,0,0,0,2.85105e+08,62.3362,61.308,5.77699,0,0,1.88926,1.28446,0,1.45946,2.96352,8.84649e+06,3.61194e+06,1.67133e+07,0,0,0,7.74588e+07
85.139,85.139,6.5908,0.12,0,2.21332,2.81812,0,0.41468,5.32224,4.2568e+06,2.70226e+06,9.42167e+06,0,0,0,2.85105e+08,62.3362,61.308,5.70551,0,0,1.88949,1.28469,0,1.45964,2.96352,8.84649e+06,3.61194e+06,1.67154e+07,0,0,0,7.74588e+07
85.139,85.139,5.03387,0.12,0,2.21384,2.81864,0,0.414777,5.32224,4.2568e+06,2.70226e+06,9.42388e+06,0,0,0,2.85105e+08,62.2805,61.308,4.18216,0,0,1.88973,1.28493,0,1.45982,2.96352,8.84649e+06,3.61194e+06,1.67175e+07,0,0,0,7.74588e+07
85.139,85.139,5.03731,0.12,0,2.17551,2.78031,0,0.414874,5.32224,4.2568e+06,2.70226e+06,9.26069e+06,0,0,0,2.85105e+08,62.2593,61.308,4.055,0,0,1.87067,1.26587,0,1.46001,2.96352,8.84649e+06,3.61194e+06,1.65488e+07,0,0,0,7.74588e+07
85.139,85.139,6.62687,0.11,0,2.17602,2.78082,0,0.40769,5.32224,4.2568e+06,2.70226e+06,9.26287e+06,0,0,0,2.85105e+08,62.3362,61.308,4.39799,0,0,1.8709,1.2661,0,1.44528,2.96352,8.84649e+06,3.61194e+06,1.65509e+07,0,0,0,7.74588e+07
85.139,85.139,5.04265,0.09,0,2.17653,2.78133,0,0.407786,5.32224,4.2568e+06,2.70226e+06,9.26506e+06,0,0,0,2.85105e+08,62.3322,61.308,4.0959,0,0,1.87113,1.26633,0,1.44546,2.96352,8.84649e+06,3.61194e+06,1.6553e+07,0,0,0,7.74588e+07
85.139,85.139,4.6865,0.09,0,2.17705,2.78185,0,0.407882,5.32224,4.2568e+06,2.70226e+06,9.26724e+06,0,0,0,2.85105e+08,62.1717,61.308,3.19855,0,0,1.87137,1.26657,0,1.44564,2.96352,8.84649e+06,3.61194e+06,1.6555e+07,0,0,0,7.74588e+07
85.139,85.139,4.06723,0.08,0,2.30954,2.91434,0,0.407978,5.32224,4.2568e+06,2.70226e+06,9.83126e+06,0,0,0,2.85105e+08,61.9387,61.308,2.94537,0,0,1.94009,1.33529,0,1.44582,2.96352,8.84649e+06,3.61194e+06,1.7163e+07,0,0,0,7.74588e+07
85.139,85.139,4.10711,0.08,0,2.31008,2.91488,0,0.432809,5.32224,4.2568e+06,2.70226e+06,9.83355e+06,0,0,0,2.85105e+08,61.9253,61.308,3.53083,0,0,1.94034,1.33554,0,1.49891,2.96352,8.84649e+06,3.61194e+06,1.71652e+07,0,0,0,7.74588e+07
85.139,85.139,4.00202,0.06,0,2.31062,2.91542,0,0.432909,5.32224,4.2568e+06,2.70226e+06,9.83583e+06,0,0,0,2.85105e+08,61.7959,61.308,3.07074,0,0,1.94058,1.33578,0,1.4991,2.96352,8.84649e+06,3.61194e+06,1.71673e+07,0,0,0,7.74588e+07
85.139,85.139,3.75158,0.05,0,2.31116,2.91596,0,0.43301,5.32224,4.2568e+06,2.70226e+06,9.83812e+06,0,0,0,2.85105e+08,61.6211,61.308,2.71659,0,0,1.94083,1.33603,0,1.49929,2.96352,8.84649e+06,3.61194e+06,1.71695e+07,0,0,0,7.74588e+07
85.139,85.139,3.50705,0.04,0,2.31169,2.91649,0,0.433111,5.32224,4.2568e+06,2.70226e+06,9.8404e+06,0,0,0,2.85105e+08,61.3204,61.308,2.52794,0,0,1.94108,1.33628,0,1.49948,2.96352,8.84649e+06,3.61194e+06,1.71717e+07,0,0,0,7.74588e+07
85.1128,85.139,2.55299,0.03,0,2.2861,2.8909,0,0.433211,5.32224,4.2568e+06,2.70226e+06,9.73148e+06,0,0,0,2.85105e+08,60.7806,61.308,2.02939,0,0,1.979,1.3742,0,1.49967,2.96352,8.84649e+06,3.61194e+06,1.75072e+07,0,0,0,7.74588e+07
84.4574,85.139,1.91217,0.05,0,2.28664,2.89144,0,0.428416,5.32224,4.2568e+06,2.70226e+06,9.73375e+06,0,0,0,2.85105e+08,60.2024,61.308,1.63834,0,0,1.97925,1.37445,0,1.52898,2.96352,8.84649e+06,3.61194e+06,1.75094e+07,0,0,0,7.74588e+07
83.6602,85.139,1.76543,0.04,0,2.28717,2.89197,0,0.428516,5.32224,4.2568e+06,2.70226e+06,9.73601e+06,0,0,0,2.85105e+08,59.453,61.308,1.62608,0,0,1.97951,1.37471,0,1.52917,2.96352,8.84649e+06,3.61194e+06,1.75117e+07,0,0,0,7.74588e+07
82.7193,85.139,1.61313,0.05,0,2.2877,2.8925,0,0.428616,5.32224,4.2568e+06,2.70226e+06,9.73828e+06,0,0,0,2.85105e+08,58.6715,61.308,1.4386,0,0,1.97976,1.37496,0,1.52937,2.96352,8.84649e+06,3.61194e+06,1.75139e+07,0,0,0,7.74588e+07
81.6422,85.139,1.50265,0.05,0,2.35575,2.96055,0,0.428715,5.32224,4.2568e+06,2.70226e+06,1.0028e+07,0,0,0,2.85105e+08,57.8447,61.308,1.41448,0,0,2.01362,1.40882,0,1.52956,2.96352,8.84649e+06,3.61194e+06,1.78134e+07,0,0,0,7.74588e+07
80.6575,85.139,1.56588,0.05,0,2.3563,2.9611,0,0.441468,5.32224,4.2568e+06,2.70226e+06,1.00303e+07,0,0,0,2.85105e+08,57.0116,61.308,1.40863,0,0,2.01388,1.40908,0,1.55572,2.96352,8.84649e+06,3.61194e+06,1.78157e+07,0,0,0,7.74588e+07
79.5844,85.139,1.46623,0.05,0,2.35684,2.96164,0,0.44157,5.32224,4.2568e+06,2.70226e+06,1.00326e+07,0,0,0,2.85105e+08,56.0929,61.308,1.4024,0,0,2.01414,1.40934,0,1.55592,2.96352,8.84649e+06,3.61194e+06,1.7818e+07,0,0,0,7.74588e+07
78.3582,85.139,1.3023,0.05,0,2.35739,2.96219,0,0.441673,5.32224,4.2568e+06,2.70226e+06,1.00349e+07,0,0,0,2.85105e+08,55.1267,61.308,1.27358,0,0,2.0144,1.4096,0,1.55612,2.96352,8.84649e+06,3.61194e+06,1.78203e+07,0,0,0,7.74588e+07
76.8657,85.139,1.18091,0.1,0,2.5558,3.1606,0,0.441775,5.32224,4.2568e+06,2.70226e+06,1.08795e+07,0,0,0,2.85105e+08,54.1048,61.308,1.24244,0,0,2.13604,1.53124,0,1.55632,2.96352,8.84649e+06,3.61194e+06,1.88964e+07,0,0,0,7.74588e+07
75.1321,85.139,0.94505,0.1,0,2.55639,3.16119,0,0.478958,5.32224,4.2568e+06,2.70226e+06,1.0882e+07,0,0,0,2.85105e+08,53.0012,61.308,1.15509,0,0,2.13632,1.53152,0,1.6503,2.96352,8.84649e+06,3.61194e+06,1.88989e+07,0,0,0,7.74588e+07
73.3213,85.139,0.866713,0.11,0,2.55697,3.16177,0,0.479067,5.32224,4.2568e+06,2.70226e+06,1.08845e+07,0,0,0,2.85105e+08,51.9705,61.308,1.05266,0,0,2.1366,1.5318,0,1.65052,2.96352,8.84649e+06,3.61194e+06,1.89014e+07,0,0,0,7.74588e+07
71.6341,85.139,0.979042,0.17,0,2.55755,3.16235,0,0.479176,5.32224,4.2568e+06,2.70226e+06,1.0887e+07,0,0,0,2.85105e+08,50.9241,61.308,1.1249,0,0,2.13688,1.53208,0,1.65074,2.96352,8.84649e+06,3.61194e+06,1.89039e+07,0,0,0,7.74588e+07
69.9497,85.139,0.964476,0.17,0,2.55813,3.16293,0,0.479285,5.32224,4.2568e+06,2.70226e+06,1.08894e+07,0,0,0,2.85105e+08,50.0537,61.308,1.1047,0,0,2.13717,1.53237,0,1.65096,2.96352,8.84649e+06,3.61194e+06,1.89064e+07,0,0,0,7.74588e+07
68.3485,85.139,0.991117,0.16,0,2.46219,3.06699,0,0.479394,5.32224,4.2568e+06,2.70226e+06,1.0481e+07,0,0,0,2.85105e+08,49.554,61.308,1.36631,0,0,2.06371,1.45891,0,1.65117,2.96352,8.84649e+06,3.61194e+06,1.82565e+07,0,0,0,7.74588e+07
67.3558,85.139,1.7417,0.17,0,2.46276,3.06756,0,0.461415,5.32224,4.2568e+06,2.70226e+06,1.04835e+07,0,0,0,2.85105e+08,49.3489,61.308,1.97393,0,0,2.06397,1.45917,0,1.59442,2.96352,8.84649e+06,3.61194e+06,1.82589e+07,0,0,0,7.74588e+07
66.0667,85.139,1.36476,0.21,0,2.46332,3.06812,0,0.461521,5.32224,4.2568e+06,2.70226e+06,1.04859e+07,0,0,0,2.85105e+08,49.0654,61.308,1.87413,0,0,2.06424,1.45944,0,1.59463,2.96352,8.84649e+06,3.61194e+06,1.82613e+07,0,0,0,7.74588e+07
64.6531,85.139,1.18953,0.21,0,2.46389,3.06869,0,0.461627,5.32224,4.2568e+06,2.70226e+06,1.04883e+07,0,0,0,2.85105e+08,48.7206,61.308,1.82134,0,0,2.06451,1.45971,0,1.59483,2.96352,8.84649e+06,3.61194e+06,1.82637e+07,0,0,0,7.74588e+07
63.2887,85.139,1.18853,0.21,0,2.38517,2.98997,0,0.461733,5.32224,4.2568e+06,2.70226e+06,1.01532e+07,0,0,0,2.85105e+08,48.4767,61.308,1.75553,0,0,1.99761,1.39281,0,1.59504,2.96352,8.84649e+06,3.61194e+06,1.76718e+07,0,0,0,7.74588e+07
62.038,85.139,1.35197,0.21,0,2.38572,2.99052,0,0.44698,5.32224,4.2568e+06,2.70226e+06,1.01555e+07,0,0,0,2.85105e+08,48.1909,61.308,1.97818,0,0,1.99786,1.39306,0,1.54335,2.96352,8.84649e+06,3.61194e+06,1.76741e+07,0,0,0,7.74588e+07
61.3409,85.139,1.91554,0.24,0,2.38627,2.99107,0,0.447083,5.32224,4.2568e+06,2.70226e+06,1.01579e+07,0,0,0,2.85105e+08,47.8939,61.308,1.79654,0,0,1.99812,1.39332,0,1.54355,2.96352,8.84649e+06,3.61194e+06,1.76763e+07,0,0,0,7.74588e+07
63.5679,85.139,4.97456,0.22,0,2.38682,2.99162,0,0.447187,5.32224,4.2568e+06,2.70226e+06,1.01602e+07,0,0,0,2.85105e+08,48.7482,61.308,5.91519,0,0,1.99838,1.39358,0,1.54375,2.96352,8.84649e+06,3.61194e+06,1.76786e+07,0,0,0,7.74588e+07
64.4852,85.139,3.45656,0.22,0,2.16202,2.76682,0,0.44729,5.32224,4.2568e+06,2.70226e+06,9.2033e+06,0,0,0,2.85105e+08,49.0424,61.308,4.0256,0,0,1.85863,1.25383,0,1.54395,2.96352,8.84649e+06,3.61194e+06,1.64423e+07,0,0,0,7.74588e+07
68.3113,85.139,6.42317,0.22,0,2.16253,2.76733,0,0.405163,5.32224,4.2568e+06,2.70226e+06,9.20547e+06,0,0,0,2.85105e+08,49.4167,61.308,3.96468,0,0,1.85886,1.25406,0,1.43598,2.96352,8.84649e+06,3.61194e+06,1.64444e+07,0,0,0,7.74588e+07
71.999,85.139,6.41331,0.2,0,2.16304,2.76784,0,0.405259,5.32224,4.2568e+06,2.70226e+06,9.20764e+06,0,0,0,2.85105e+08,49.6477,61.308,3.37206,0,0,1.85909,1.25429,0,1.43615,2.96352,8.84649e+06,3.61194e+06,1.64464e+07,0,0,0,7.74588e+07
76.4138,85.139,7.36756,0.22,0,2.16355,2.76835,0,0.405354,5.32224,4.2568e+06,2.70226e+06,9.20981e+06,0,0,0,2.85105e+08,49.9968,61.308,3.99753,0,0,1.85932,1.25452,0,1.43633,2.96352,8.84649e+06,3.61194e+06,1.64485e+07,0,0,0,7.74588e+07
81.1734,85.139,7.56969,0.19,0,2.16406,2.76886,0,0.40545,5.32224,4.2568e+06,2.70226e+06,9.21198e+06,0,0,0,2.85105e+08,50.4244,61.308,3.37948,0,0,1.85955,1.25475,0,1.43651,2.96352,8.84649e+06,3.61194e+06,1.64505e+07,0,0,0,7.74588e+07
85.139,85.139,7.08714,0.17,0,2.16406,2.76886,0,0.405546,5.32224,4.2568e+06,2.70226e+06,9.21198e+06,0,0,0,2.85105e+08,50.6672,61.308,2.99176,0,0,1.85955,1.25475,0,1.43669,2.96352,8.84649e+06,3.61194e+06,1.64505e+07,0,0,0,7.74588e+07
85.139,85.139,3.8589,0.1,0,2.25132,2.85612,0,0.405546,5.32224,4.2568e+06,2.70226e+06,9.58341e+06,0,0,0,2.85105e+08,50.3326,61.308,2.18817,0,0,1.90036,1.29556,0,1.43669,2.96352,8.84649e+06,3.61194e+06,1.68115e+07,0,0,0,7.74588e+07
85.139,85.139,3.10951,0.12,0,2.25182,2.85662,0,0.421897,5.32224,4.2568e+06,2.70226e+06,9.58556e+06,0,0,0,2.85105e+08,49.8278,61.308,1.94346,0,0,1.90058,1.29578,0,1.46822,2.96352,8.84649e+06,3.61194e+06,1.68135e+07,0,0,0,7.74588e+07
85.139,85.139,2.95035,0.12,0,2.25233,2.85713,0,0.421992,5.32224,4.2568e+06,2.70226e+06,9.5877e+06,0,0,0,2.85105e+08,49.4659,61.308,1.81643,0,0,1.90081,1.29601,0,1.46839,2.96352,8.84649e+06,3.61194e+06,1.68155e+07,0,0,0,7.74588e+07
85.139,85.139,3.10254,0.12,0,2.25283,2.85763,0,0.422086,5.32224,4.2568e+06,2.70226e+06,9.58985e+06,0,0,0,2.85105e+08,49.2818,61.308,1.93373,0,0,1.90104,1.29624,0,1.46857,2.96352,8.84649e+06,3.61194e+06,1.68175e+07,0,0,0,7.74588e+07
85.139,85.139,5.37335,0.12,0,2.53211,3.13691,0,0.422181,5.32224,4.2568e+06,2.70226e+06,1.07787e+07,0,0,0,2.85105e+08,48.6858,61.308,2.27425,0,0,2.05371,1.44891,0,1.46875,2.96352,8.84649e+06,3.61194e+06,1.81681e+07,0,0,0,7.74588e+07
84.7673,85.139,2.6557,0.12,0,2.53267,3.13747,0,0.474518,5.32224,4.2568e+06,2.70226e+06,1.0781e+07,0,0,0,2.85105e+08,47.537,61.308,1.48888,0,0,2.05396,1.44916,0,1.5867,2.96352,8.84649e+06,3.61194e+06,1.81704e+07,0,0,0,7.74588e+07
84.0675,85.139,2.24404,0.17,0,2.53322,3.13802,0,0.474622,5.32224,4.2568e+06,2.70226e+06,1.07834e+07,0,0,0,2.85105e+08,46.6551,61.308,1.2193,0,0,2.05422,1.44942,0,1.58689,2.96352,8.84649e+06,3.61194e+06,1.81726e+07,0,0,0,7.74588e+07
83.6919,85.139,2.60434,0.16,0,2.53377,3.13857,0,0.474726,5.32224,4.2568e+06,2.70226e+06,1.07858e+07,0,0,0,2.85105e+08,46.344,61.308,1.84092,0,0,2.05448,1.44968,0,1.58709,2.96352,8.84649e+06,3.61194e+06,1.81749e+07,0,0,0,7.74588e+07
85.139,85.139,4.94991,0.17,0,2.13642,2.74122,0,0.474829,5.32224,4.2568e+06,2.70226e+06,9.09432e+06,0,0,0,2.85105e+08,46.2346,61.308,2.21201,0,0,1.85001,1.24521,0,1.58729,2.96352,8.84649e+06,3.61194e+06,1.63661e+07,0,0,0,7.74588e+07
85.139,85.139,6.32672,0.12,0,2.13691,2.74171,0,0.400366,5.32224,4.2568e+06,2.70226e+06,9.09638e+06,0,0,0,2.85105e+08,47.0175,61.308,3.98484,0,0,1.85023,1.24543,0,1.42932,2.96352,8.84649e+06,3.61194e+06,1.63681e+07,0,0,0,7.74588e+07
85.139,85.139,5.86882,0.12,0,2.13739,2.74219,0,0.400457,5.32224,4.2568e+06,2.70226e+06,9.09844e+06,0,0,0,2.85105e+08,47.1667,61.308,2.81504,0,0,1.85045,1.24565,0,1.42949,2.96352,8.84649e+06,3.61194e+06,1.637e+07,0,0,0,7.74588e+07
85.139,85.139,5.47975,0.13,0,2.13788,2.74268,0,0.400547,5.32224,4.2568e+06,2.70226e+06,9.1005e+06,0,0,0,2.85105e+08,47.0874,61.308,2.52739,0,0,1.85067,1.24587,0,1.42966,2.96352,8.84649e+06,3.61194e+06,1.6372e+07,0,0,0,7.74588e+07
85.139,85.139,6.5258,0.13,0,2.13836,2.74316,0,0.400638,5.32224,4.2568e+06,2.70226e+06,9.10256e+06,0,0,0,2.85105e+08,47.5547,61.308,3.81717,0,0,1.85089,1.24609,0,1.42983,2.96352,8.84649e+06,3.61194e+06,1.63739e+07,0,0,0,7.74588e+07
85.139,85.139,3.80806,0.13,0,2.23909,2.84389,0,0.400729,5.32224,4.2568e+06,2.70226e+06,9.53135e+06,0,0,0,2.85105e+08,47.4963,61.308,2.48831,0,0,1.90124,1.29644,0,1.43,2.96352,8.84649e+06,3.61194e+06,1.68193e+07,0,0,0,7.74588e+07
85.139,85.139,3.1919,0.12,0,2.23959,2.84439,0,0.419606,5.32224,4.2568e+06,2.70226e+06,9.53349e+06,0,0,0,2.85105e+08,47.2215,61.308,2.18182,0,0,1.90147,1.29667,0,1.4689,2.96352,8.84649e+06,3.61194e+06,1.68213e+07,0,0,0,7.74588e+07
85.139,85.139,3.36345,0.13,0,2.24009,2.84489,0,0.4197,5.32224,4.2568e+06,2.70226e+06,9.53562e+06,0,0,0,2.85105e+08,46.8311,61.308,2.09631,0,0,1.9017,1.2969,0,1.46907,2.96352,8.84649e+06,3.61194e+06,1.68233e+07,0,0,0,7.74588e+07
85.139,85.139,2.74918,0.13,0,2.2406,2.8454,0,0.419794,5.32224,4.2568e+06,2.70226e+06,9.53776e+06,0,0,0,2.85105e+08,46.4226,61.308,1.87634,0,0,1.90193,1.29713,0,1.46925,2.96352,8.84649e+06,3.61194e+06,1.68254e+07,0,0,0,7.74588e+07
85.139,85.139,2.70993,0.12,0,2.20187,2.80667,0,0.419888,5.32224,4.2568e+06,2.70226e+06,9.37293e+06,0,0,0,2.85105e+08,46.1261,61.308,2.01896,0,0,1.88267,1.27787,0,1.46943,2.96352,8.84649e+06,3.61194e+06,1.6655e+07,0,0,0,7.74588e+07
85.139,85.139,2.61067,0.1,0,2.20237,2.80717,0,0.412631,5.32224,4.2568e+06,2.70226e+06,9.37504e+06,0,0,0,2.85105e+08,45.8848,61.308,2.10645,0,0,1.8829,1.2781,0,1.45455,2.96352,8.84649e+06,3.61194e+06,1.6657e+07,0,0,0,7.74588e+07
84.9696,85.139,2.4165,0.09,0,2.20287,2.80767,0,0.412724,5.32224,4.2568e+06,2.70226e+06,9.37715e+06,0,0,0,2.85105e+08,45.5259,61.308,1.96929,0,0,1.88312,1.27832,0,1.45473,2.96352,8.84649e+06,3.61194e+06,1.6659e+07,0,0,0,7.74588e+07
84.9026,85.139,2.52237,0.15,0,2.20336,2.80816,0,0.412817,5.32224,4.2568e+06,2.70226e+06,9.37926e+06,0,0,0,2.85105e+08,45.3242,61.308,1.96515,0,0,1.88335,1.27855,0,1.4549,2.96352,8.84649e+06,3.61194e+06,1.6661e+07,0,0,0,7.74588e+07
84.4903,85.139,2.22119,0.12,0,2.33709,2.94189,0,0.41291,5.32224,4.2568e+06,2.70226e+06,9.94852e+06,0,0,0,2.85105e+08,44.8706,61.308,2.00729,0,0,1.95271,1.34791,0,1.45508,2.96352,8.84649e+06,3.61194e+06,1.72746e+07,0,0,0,7.74588e+07
83.8275,85.139,1.94524,0.1,0,2.33761,2.94241,0,0.437971,5.32224,4.2568e+06,2.70226e+06,9.95072e+06,0,0,0,2.85105e+08,44.4512,61.308,1.75301,0,0,1.95295,1.34815,0,1.50867,2.96352,8.84649e+06,3.61194e+06,1.72767e+07,0,0,0,7.74588e+07
82.9206,85.139,1.69242,0.08,0,2.33813,2.94293,0,0.438068,5.32224,4.2568e+06,2.70226e+06,9.95294e+06,0,0,0,2.85105e+08,43.8577,61.308,1.71886,0,0,1.95319,1.34839,0,1.50885,2.96352,8.84649e+06,3.61194e+06,1.72789e+07,0,0,0,7.74588e+07
81.8685,85.139,1.53568,0.08,0,2.33865,2.94345,0,0.438165,5.32224,4.2568e+06,2.70226e+06,9.95514e+06,0,0,0,2.85105e+08,43.2848,61.308,1.52081,0,0,1.95343,1.34863,0,1.50903,2.96352,8.84649e+06,3.61194e+06,1.7281e+07,0,0,0,7.74588e+07
81.0296,85.139,1.71728,0.06,0,2.33917,2.94397,0,0.438263,5.32224,4.2568e+06,2.70226e+06,9.95735e+06,0,0,0,2.85105e+08,42.8284,61.308,1.67352,0,0,1.95366,1.34886,0,1.50922,2.96352,8.84649e+06,3.61194e+06,1.72831e+07,0,0,0,7.74588e+07
80.4544,85.139,1.95542,0.06,0,2.31331,2.91811,0,0.43836,5.32224,4.2568e+06,2.70226e+06,9.84731e+06,0,0,0,2.85105e+08,42.4889,61.308,1.82924,0,0,1.99193,1.38713,0,1.5094,2.96352,8.84649e+06,3.61194e+06,1.76216e+07,0,0,0,7.74588e+07
79.716,85.139,1.7886,0.05,0,2.31383,2.91863,0,0.433515,5.32224,4.2568e+06,2.70226e+06,9.8495e+06,0,0,0,2.85105e+08,41.9944,61.308,1.82463,0,0,1.99218,1.38738,0,1.53897,2.96352,8.84649e+06,3.61194e+06,1.76238e+07,0,0,0,7.74588e+07
78.8202,85.139,1.61761,0.06,0,2.31434,2.91914,0,0.433612,5.32224,4.2568e+06,2.70226e+06,9.85169e+06,0,0,0,2.85105e+08,41.4611,61.308,1.63056,0,0,1.99242,1.38762,0,1.53916,2.96352,8.84649e+06,3.61194e+06,1.7626e+07,0,0,0,7.74588e+07
77.8839,85.139,1.53701,0.11,0,2.31486,2.91966,0,0.433708,5.32224,4.2568e+06,2.70226e+06,9.85388e+06,0,0,0,2.85105e+08,40.8271,61.308,1.60478,0,0,1.99267,1.38787,0,1.53935,2.96352,8.84649e+06,3.61194e+06,1.76281e+07,0,0,0,7.74588e+07
76.7868,85.139,1.40696,0.11,0,2.38353,2.98833,0,0.433805,5.32224,4.2568e+06,2.70226e+06,1.01462e+07,0,0,0,2.85105e+08,40.2765,61.308,1.537,0,0,2.02683,1.42203,0,1.53954,2.96352,8.84649e+06,3.61194e+06,1.79303e+07,0,0,0,7.74588e+07
75.7096,85.139,1.43727,0.09,0,2.38405,2.98885,0,0.446673,5.32224,4.2568e+06,2.70226e+06,1.01484e+07,0,0,0,2.85105e+08,39.7115,61.308,1.63746,0,0,2.02708,1.42228,0,1.56593,2.96352,8.84649e+06,3.61194e+06,1.79326e+07,0,0,0,7.74588e+07
74.5526,85.139,1.33389,0.1,0,2.38458,2.98938,0,0.446771,5.32224,4.2568e+06,2.70226e+06,1.01507e+07,0,0,0,2.85105e+08,38.9384,61.308,1.58307,0,0,2.02733,1.42253,0,1.56612,2.96352,8.84649e+06,3.61194e+06,1.79348e+07,0,0,0,7.74588e+07
73.2892,85.139,1.21453,0.1,0,2.38511,2.98991,0,0.44687,5.32224,4.2568e+06,2.70226e+06,1.01529e+07,0,0,0,2.85105e+08,38.1492,61.308,1.38428,0,0,2.02759,1.42279,0,1.56632,2.96352,8.84649e+06,3.61194e+06,1.7937e+07,0,0,0,7.74588e+07
71.9176,85.139,1.23759,0.17,0,2.58535,3.19015,0,0.446969,5.32224,4.2568e+06,2.70226e+06,1.10053e+07,0,0,0,2.85105e+08,37.0261,61.308,1.39497,0,0,2.15035,1.54555,0,1.56651,2.96352,8.84649e+06,3.61194e+06,1.90231e+07,0,0,0,7.74588e+07
70.5614,85.139,1.23857,0.17,0,2.58592,3.19072,0,0.484495,5.32224,4.2568e+06,2.70226e+06,1.10077e+07,0,0,0,2.85105e+08,35.7401,61.308,1.04099,0,0,2.15063,1.54583,0,1.66136,2.96352,8.84649e+06,3.61194e+06,1.90255e+07,0,0,0,7.74588e+07
68.9697,85.139,0.999769,0.17,0,2.58648,3.19128,0,0.484601,5.32224,4.2568e+06,2.70226e+06,1.10101e+07,0,0,0,2.85105e+08,34.6773,61.308,0.781648,0,0,2.1509,1.5461,0,1.66157,2.96352,8.84649e+06,3.61194e+06,1.90279e+07,0,0,0,7.74588e+07
67.5909,85.139,1.19327,0.17,0,2.58704,3.19184,0,0.484706,5.32224,4.2568e+06,2.70226e+06,1.10125e+07,0,0,0,2.85105e+08,33.528,61.308,1.28103,0,0,2.15117,1.54637,0,1.66178,2.96352,8.84649e+06,3.61194e+06,1.90303e+07,0,0,0,7.74588e+07
65.8566,85.139,0.828844,0.2,0,2.5876,3.1924,0,0.484812,5.32224,4.2568e+06,2.70226e+06,1.10149e+07,0,0,0,2.85105e+08,32.504,61.308,0.885635,0,0,2.15144,1.54664,0,1.66199,2.96352,8.84649e+06,3.61194e+06,1.90327e+07,0,0,0,7.74588e+07
64.4686,85.139,1.09881,0.23,0,2.49075,3.09555,0,0.484917,5.32224,4.2568e+06,2.70226e+06,1.06026e+07,0,0,0,2.85105e+08,31.4765,61.308,1.44451,0,0,2.07729,1.47249,0,1.66221,2.96352,8.84649e+06,3.61194e+06,1.83767e+07,0,0,0,7.74588e+07
62.5697,85.139,0.57767,0.23,0,2.49129,3.09609,0,0.466766,5.32224,4.2568e+06,2.70226e+06,1.06049e+07,0,0,0,2.85105e+08,30.1215,61.308,0.878532,0,0,2.07755,1.47275,0,1.60491,2.96352,8.84649e+06,3.61194e+06,1.8379e+07,0,0,0,7.74588e+07
60.7005,85.139,0.566043,0.21,0,2.49184,3.09664,0,0.466868,5.32224,4.2568e+06,2.70226e+06,1.06072e+07,0,0,0,2.85105e+08,29.4432,61.308,0.845437,0,0,2.07781,1.47301,0,1.60511,2.96352,8.84649e+06,3.61194e+06,1.83813e+07,0,0,0,7.74588e+07
59.687,85.139,1.52496,0.26,0,2.49238,3.09718,0,0.466971,5.32224,4.2568e+06,2.70226e+06,1.06096e+07,0,0,0,2.85105e+08,28.9494,61.308,1.86969,0,0,2.07807,1.47327,0,1.60531,2.96352,8.84649e+06,3.61194e+06,1.83836e+07,0,0,0,7.74588e+07
58.25,85.139,1.15017,0.24,0,2.41291,3.01771,0,0.467073,5.32224,4.2568e+06,2.70226e+06,1.02713e+07,0,0,0,2.85105e+08,28.0578,61.308,1.56661,0,0,2.01053,1.40573,0,1.60551,2.96352,8.84649e+06,3.61194e+06,1.77861e+07,0,0,0,7.74588e+07
56.6104,85.139,0.917528,0.25,0,2.41344,3.01824,0,0.452179,5.32224,4.2568e+06,2.70226e+06,1.02735e+07,0,0,0,2.85105e+08,27.4564,61.308,0.969298,0,0,2.01078,1.40598,0,1.55334,2.96352,8.84649e+06,3.61194e+06,1.77883e+07,0,0,0,7.74588e+07
55.9457,85.139,1.92353,0.29,0,2.41397,3.01877,0,0.452279,5.32224,4.2568e+06,2.70226e+06,1.02758e+07,0,0,0,2.85105e+08,27.6623,61.308,2.09499,0,0,2.01103,1.40623,0,1.55353,2.96352,8.84649e+06,3.61194e+06,1.77905e+07,0,0,0,7.74588e+07
57.1386,85.139,3.92437,0.29,0,2.41451,3.01931,0,0.452379,5.32224,4.2568e+06,2.70226e+06,1.02781e+07,0,0,0,2.85105e+08,28.8395,61.308,4.31723,0,0,2.01127,1.40647,0,1.55372,2.96352,8.84649e+06,3.61194e+06,1.77927e+07,0,0,0,7.74588e+07
57.3347,85.139,2.65687,0.24,0,2.18761,2.79241,0,0.452478,5.32224,4.2568e+06,2.70226e+06,9.31221e+06,0,0,0,2.85105e+08,29.0427,61.308,2.44978,0,0,1.87022,1.26542,0,1.55391,2.96352,8.84649e+06,3.61194e+06,1.65449e+07,0,0,0,7.74588e+07
58.0709,85.139,3.26466,0.27,0,2.1881,2.7929,0,0.409958,5.32224,4.2568e+06,2.70226e+06,9.3143e+06,0,0,0,2.85105e+08,28.9648,61.308,2.26524,0,0,1.87044,1.26564,0,1.44493,2.96352,8.84649e+06,3.61194e+06,1.65469e+07,0,0,0,7.74588e+07
58.5679,85.139,2.97388,0.27,0,2.1886,2.7934,0,0.41005,5.32224,4.2568e+06,2.70226e+06,9.3164e+06,0,0,0,2.85105e+08,28.8633,61.308,2.13762,0,0,1.87067,1.26587,0,1.44511,2.96352,8.84649e+06,3.61194e+06,1.65488e+07,0,0,0,7.74588e+07
59.8114,85.139,3.7497,0.3,0,2.18909,2.79389,0,0.410143,5.32224,4.2568e+06,2.70226e+06,9.3185e+06,0,0,0,2.85105e+08,28.9397,61.308,2.13337,0,0,1.87089,1.26609,0,1.44528,2.96352,8.84649e+06,3.61194e+06,1.65508e+07,0,0,0,7.74588e+07
61.2075,85.139,3.91873,0.31,0,2.18958,2.79438,0,0.410235,5.32224,4.2568e+06,2.70226e+06,9.3206e+06,0,0,0,2.85105e+08,29.0636,61.308,2.49375,0,0,1.87111,1.26631,0,1.44545,2.96352,8.84649e+06,3.61194e+06,1.65528e+07,0,0,0,7.74588e+07
62.7255,85.139,4.24085,0.34,0,2.27762,2.88242,0,0.410327,5.32224,4.2568e+06,2.70226e+06,9.69536e+06,0,0,0,2.85105e+08,30.3054,61.308,5.38026,0,0,1.91229,1.30749,0,1.44562,2.96352,8.84649e+06,3.61194e+06,1.6917e+07,0,0,0,7.74588e+07
64.976,85.139,4.82347,0.3,0,2.27811,2.88291,0,0.426826,5.32224,4.2568e+06,2.70226e+06,9.69743e+06,0,0,0,2.85105e+08,31.1152,61.308,4.63172,0,0,1.91251,1.30771,0,1.47743,2.96352,8.84649e+06,3.61194e+06,1.6919e+07,0,0,0,7.74588e+07
68.9188,85.139,6.93026,0.29,0,2.27859,2.88339,0,0.426917,5.32224,4.2568e+06,2.70226e+06,9.6995e+06,0,0,0,2.85105e+08,32.0021,61.308,4.96949,0,0,1.91273,1.30793,0,1.4776,2.96352,8.84649e+06,3.61194e+06,1.69209e+07,0,0,0,7.74588e+07
75.3457,85.139,9.65773,0.27,0,2.27908,2.88388,0,0.427008,5.32224,4.2568e+06,2.70226e+06,9.70157e+06,0,0,0,2.85105e+08,35.6463,61.308,11.3826,0,0,1.91295,1.30815,0,1.47777,2.96352,8.84649e+06,3.61194e+06,1.69229e+07,0,0,0,7.74588e+07
84.2624,85.139,12.4325,0.23,0,2.5609,3.1657,0,0.427099,5.32224,4.2568e+06,2.70226e+06,1.09012e+07,0,0,0,2.85105e+08,40.9026,61.308,18.4813,0,0,2.06701,1.46221,0,1.47794,2.96352,8.84649e+06,3.61194e+06,1.82857e+07,0,0,0,7.74588e+07
85.139,85.139,11.6027,0.19,0,2.56143,3.16623,0,0.479913,5.32224,4.2568e+06,2.70226e+06,1.09035e+07,0,0,0,2.85105e+08,45.4784,61.308,16.4265,0,0,2.06725,1.46245,0,1.59697,2.96352,8.84649e+06,3.61194e+06,1.82879e+07,0,0,0,7.74588e+07
85.139,85.139,6.3557,0.13,0,2.56197,3.16677,0,0.480013,5.32224,4.2568e+06,2.70226e+06,1.09058e+07,0,0,0,2.85105e+08,48.1014,61.308,9.66154,0,0,2.0675,1.4627,0,1.59716,2.96352,8.84649e+06,3.61194e+06,1.82901e+07,0,0,0,7.74588e+07
85.139,85.139,5.1209,0.12,0,2.5625,3.1673,0,0.480113,5.32224,4.2568e+06,2.70226e+06,1.09081e+07,0,0,0,2.85105e+08,50.5508,61.308,9.89369,0,0,2.06775,1.46295,0,1.59735,2.96352,8.84649e+06,3.61194e+06,1.82923e+07,0,0,0,7.74588e+07
85.139,85.139,6.44034,0.12,0,2.16149,2.76629,0,0.480213,5.32224,4.2568e+06,2.70226e+06,9.20104e+06,0,0,0,2.85105e+08,53.7846,61.308,10.3547,0,0,1.8614,1.2566,0,1.59754,2.96352,8.84649e+06,3.61194e+06,1.64669e+07,0,0,0,7.74588e+07
85.139,85.139,5.98281,0.13,0,2.16196,2.76676,0,0.405064,5.32224,4.2568e+06,2.70226e+06,9.20303e+06,0,0,0,2.85105e+08,55.4984,61.308,6.91227,0,0,1.86162,1.25682,0,1.43812,2.96352,8.84649e+06,3.61194e+06,1.64688e+07,0,0,0,7.74588e+07
85.139,85.139,4.93583,0.13,0,2.16243,2.76723,0,0.405152,5.32224,4.2568e+06,2.70226e+06,9.20502e+06,0,0,0,2.85105e+08,57.1334,61.308,6.2706,0,0,1.86183,1.25703,0,1.43828,2.96352,8.84649e+06,3.61194e+06,1.64706e+07,0,0,0,7.74588e+07
85.139,85.139,7.67882,0.14,0,2.1629,2.7677,0,0.405239,5.32224,4.2568e+06,2.70226e+06,9.20701e+06,0,0,0,2.85105e+08,59.827,61.308,9.68121,0,0,1.86204,1.25724,0,1.43845,2.96352,8.84649e+06,3.61194e+06,1.64725e+07,0,0,0,7.74588e+07
85.139,85.139,10.0485,0.14,0,2.16336,2.76816,0,0.405327,5.32224,4.2568e+06,2.70226e+06,9.20899e+06,0,0,0,2.85105e+08,62.3362,61.308,10.3413,0,0,1.86225,1.25745,0,1.43861,2.96352,8.84649e+06,3.61194e+06,1.64744e+07,0,0,0,7.74588e+07
85.139,85.139,8.40613,0.16,0,2.26499,2.86979,0,0.405414,5.32224,4.2568e+06,2.70226e+06,9.6416e+06,0,0,0,2.85105e+08,62.3362,61.308,9.19746,0,0,1.91305,1.30825,0,1.43878,2.96352,8.84649e+06,3.61194e+06,1.69237e+07,0,0,0,7.74588e+07
85.139,85.139,7.47293,0.18,0,2.26547,2.87027,0,0.424459,5.32224,4.2568e+06,2.70226e+06,9.64366e+06,0,0,0,2.85105e+08,62.3362,61.308,6.99444,0,0,1.91327,1.30847,0,1.47802,2.96352,8.84649e+06,3.61194e+06,1.69257e+07,0,0,0,7.74588e+07
85.139,85.139,6.37369,0.17,0,2.26596,2.87076,0,0.42455,5.32224,4.2568e+06,2.70226e+06,9.64572e+06,0,0,0,2.85105e+08,62.3362,61.308,5.72683,0,0,1.91349,1.30869,0,1.47819,2.96352,8.84649e+06,3.61194e+06,1.69276e+07,0,0,0,7.74588e+07
85.139,85.139,5.79949,0.17,0,2.26644,2.87124,0,0.424641,5.32224,4.2568e+06,2.70226e+06,9.64779e+06,0,0,0,2.85105e+08,62.3362,61.308,6.37998,0,0,1.91371,1.30891,0,1.47836,2.96352,8.84649e+06,3.61194e+06,1.69296e+07,0,0,0,7.74588e+07
85.139,85.139,4.06757,0.14,0,2.22735,2.83215,0,0.424732,5.32224,4.2568e+06,2.70226e+06,9.48137e+06,0,0,0,2.85105e+08,62.3362,61.308,3.52371,0,0,1.89427,1.28947,0,1.47853,2.96352,8.84649e+06,3.61194e+06,1.67576e+07,0,0,0,7.74588e+07
85.139,85.139,3.67428,0.11,0,2.22783,2.83263,0,0.417405,5.32224,4.2568e+06,2.70226e+06,9.4834e+06,0,0,0,2.85105e+08,62.3362,61.308,3.50666,0,0,1.89449,1.28969,0,1.46351,2.96352,8.84649e+06,3.61194e+06,1.67596e+07,0,0,0,7.74588e+07
85.139,85.139,5.31144,0.11,0,2.2283,2.8331,0,0.417495,5.32224,4.2568e+06,2.70226e+06,9.48544e+06,0,0,0,2.85105e+08,62.3362,61.308,3.98737,0,0,1.89471,1.28991,0,1.46368,2.96352,8.84649e+06,3.61194e+06,1.67615e+07,0,0,0,7.74588e+07
85.139,85.139,4.01221,0.09,0,2.22878,2.83358,0,0.417584,5.32224,4.2568e+06,2.70226e+06,9.48747e+06,0,0,0,2.85105e+08,62.3362,61.308,3.61059,0,0,1.89492,1.29012,0,1.46385,2.96352,8.84649e+06,3.61194e+06,1.67634e+07,0,0,0,7.74588e+07
85.139,85.139,3.51524,0.08,0,2.3637,2.9685,0,0.417674,5.32224,4.2568e+06,2.70226e+06,1.00618e+07,0,0,0,2.85105e+08,62.3362,61.308,2.9407,0,0,1.9649,1.3601,0,1.46402,2.96352,8.84649e+06,3.61194e+06,1.73825e+07,0,0,0,7.74588e+07
85.139,85.139,3.28213,0.07,0,2.3642,2.969,0,0.442957,5.32224,4.2568e+06,2.70226e+06,1.00639e+07,0,0,0,2.85105e+08,62.3362,61.308,2.6547,0,0,1.96513,1.36033,0,1.51808,2.96352,8.84649e+06,3.61194e+06,1.73845e+07,0,0,0,7.74588e+07
85.139,85.139,3.23962,0.07,0,2.3647,2.9695,0,0.443051,5.32224,4.2568e+06,2.70226e+06,1.00661e+07,0,0,0,2.85105e+08,62.3362,61.308,2.70057,0,0,1.96536,1.36056,0,1.51826,2.96352,8.84649e+06,3.61194e+06,1.73866e+07,0,0,0,7.74588e+07
85.139,85.139,3.03468,0.05,0,2.3652,2.97,0,0.443145,5.32224,4.2568e+06,2.70226e+06,1.00682e+07,0,0,0,2.85105e+08,62.3362,61.308,2.58254,0,0,1.96559,1.36079,0,1.51844,2.96352,8.84649e+06,3.61194e+06,1.73886e+07,0,0,0,7.74588e+07
85.1287,85.139,2.63858,0.04,0,2.3657,2.9705,0,0.443239,5.32224,4.2568e+06,2.70226e+06,1.00703e+07,0,0,0,2.85105e+08,62.3294,61.308,2.40036,0,0,1.96582,1.36102,0,1.51862,2.96352,8.84649e+06,3.61194e+06,1.73906e+07,0,0,0,7.74588e+07
84.5541,85.139,2.02226,0.09,0,2.3396,2.9444,0,0.443333,5.32224,4.2568e+06,2.70226e+06,9.95918e+06,0,0,0,2.85105e+08,62.1402,61.308,2.33652,0,0,2.00443,1.39963,0,1.51879,2.96352,8.84649e+06,3.61194e+06,1.77321e+07,0,0,0,7.74588e+07
83.9039,85.139,1.92305,0.08,0,2.34009,2.94489,0,0.43844,5.32224,4.2568e+06,2.70226e+06,9.9613e+06,0,0,0,2.85105e+08,61.9109,61.308,2.29742,0,0,2.00466,1.39986,0,1.54862,2.96352,8.84649e+06,3.61194e+06,1.77342e+07,0,0,0,7.74588e+07
83.0311,85.139,1.67156,0.07,0,2.34059,2.94539,0,0.438533,5.32224,4.2568e+06,2.70226e+06,9.96341e+06,0,0,0,2.85105e+08,61.6151,61.308,2.14558,0,0,2.0049,1.4001,0,1.5488,2.96352,8.84649e+06,3.61194e+06,1.77363e+07,0,0,0,7.74588e+07
82.1313,85.139,1.6331,0.07,0,2.34109,2.94589,0,0.438627,5.32224,4.2568e+06,2.70226e+06,9.96553e+06,0,0,0,2.85105e+08,61.3161,61.308,2.22839,0,0,2.00514,1.40034,0,1.54899,2.96352,8.84649e+06,3.61194e+06,1.77384e+07,0,0,0,7.74588e+07
81.1676,85.139,1.60904,0.07,0,2.41035,3.01515,0,0.43872,5.32224,4.2568e+06,2.70226e+06,1.02604e+07,0,0,0,2.85105e+08,61.1048,61.308,2.18345,0,0,2.0396,1.4348,0,1.54917,2.96352,8.84649e+06,3.61194e+06,1.80433e+07,0,0,0,7.74588e+07
80.2113,85.139,1.63809,0.08,0,2.41086,3.01566,0,0.451699,5.32224,4.2568e+06,2.70226e+06,1.02625e+07,0,0,0,2.85105e+08,60.8545,61.308,2.26511,0,0,2.03984,1.43504,0,1.57579,2.96352,8.84649e+06,3.61194e+06,1.80454e+07,0,0,0,7.74588e+07
79.1631,85.139,1.51789,0.09,0,2.41136,3.01616,0,0.451794,5.32224,4.2568e+06,2.70226e+06,1.02647e+07,0,0,0,2.85105e+08,60.5532,61.308,2.18526,0,0,2.04008,1.43528,0,1.57598,2.96352,8.84649e+06,3.61194e+06,1.80475e+07,0,0,0,7.74588e+07
77.9929,85.139,1.38206,0.14,0,2.41187,3.01667,0,0.45189,5.32224,4.2568e+06,2.70226e+06,1.02669e+07,0,0,0,2.85105e+08,60.2179,61.308,1.91959,0,0,2.04032,1.43552,0,1.57617,2.96352,8.84649e+06,3.61194e+06,1.80497e+07,0,0,0,7.74588e+07
76.8777,85.139,1.58494,0.14,0,2.61389,3.21869,0,0.451985,5.32224,4.2568e+06,2.70226e+06,1.11268e+07,0,0,0,2.85105e+08,60.0111,61.308,2.60189,0,0,2.16418,1.55938,0,1.57635,2.96352,8.84649e+06,3.61194e+06,1.91454e+07,0,0,0,7.74588e+07
75.8685,85.139,1.69181,0.14,0,2.61443,3.21923,0,0.489842,5.32224,4.2568e+06,2.70226e+06,1.11291e+07,0,0,0,2.85105e+08,59.8575,61.308,2.72828,0,0,2.16444,1.55964,0,1.67204,2.96352,8.84649e+06,3.61194e+06,1.91477e+07,0,0,0,7.74588e+07
74.552,85.139,1.39751,0.13,0,2.61497,3.21977,0,0.489944,5.32224,4.2568e+06,2.70226e+06,1.11314e+07,0,0,0,2.85105e+08,59.5219,61.308,2.17502,0,0,2.1647,1.5599,0,1.67225,2.96352,8.84649e+06,3.61194e+06,1.915e+07,0,0,0,7.74588e+07
73.4778,85.139,1.61397,0.14,0,2.61552,3.22032,0,0.490046,5.32224,4.2568e+06,2.70226e+06,1.11337e+07,0,0,0,2.85105e+08,59.5403,61.308,3.28678,0,0,2.16497,1.56017,0,1.67245,2.96352,8.84649e+06,3.61194e+06,1.91524e+07,0,0,0,7.74588e+07
72.1437,85.139,1.34287,0.19,0,2.61606,3.22086,0,0.490148,5.32224,4.2568e+06,2.70226e+06,1.1136e+07,0,0,0,2.85105e+08,59.4039,61.308,2.82186,0,0,2.16523,1.56043,0,1.67265,2.96352,8.84649e+06,3.61194e+06,1.91547e+07,0,0,0,7.74588e+07
70.6261,85.139,1.08539,0.19,0,2.51831,3.12311,0,0.49025,5.32224,4.2568e+06,2.70226e+06,1.072e+07,0,0,0,2.85105e+08,59.1508,61.308,2.76493,0,0,2.0904,1.4856,0,1.67286,2.96352,8.84649e+06,3.61194e+06,1.84927e+07,0,0,0,7.74588e+07
68.9173,85.139,0.861969,0.19,0,2.51884,3.12364,0,0.471932,5.32224,4.2568e+06,2.70226e+06,1.07222e+07,0,0,0,2.85105e+08,58.7565,61.308,2.33936,0,0,2.09065,1.48585,0,1.61504,2.96352,8.84649e+06,3.61194e+06,1.84949e+07,0,0,0,7.74588e+07
67.4378,85.139,1.07085,0.18,0,2.51937,3.12417,0,0.472031,5.32224,4.2568e+06,2.70226e+06,1.07244e+07,0,0,0,2.85105e+08,58.3687,61.308,2.4363,0,0,2.0909,1.4861,0,1.61524,2.96352,8.84649e+06,3.61194e+06,1.84971e+07,0,0,0,7.74588e+07
69.076,85.139,4.30723,0.24,0,2.5199,3.1247,0,0.47213,5.32224,4.2568e+06,2.70226e+06,1.07267e+07,0,0,0,2.85105e+08,58.759,61.308,4.95882,0,0,2.09115,1.48635,0,1.61543,2.96352,8.84649e+06,3.61194e+06,1.84994e+07,0,0,0,7.74588e+07
70.2886,85.139,3.95554,0.19,0,2.43969,3.04449,0,0.472228,5.32224,4.2568e+06,2.70226e+06,1.03853e+07,0,0,0,2.85105e+08,59.2022,61.308,5.23359,0,0,2.02301,1.41821,0,1.61563,2.96352,8.84649e+06,3.61194e+06,1.78965e+07,0,0,0,7.74588e+07
72.1504,85.139,4.67678,0.19,0,2.4402,3.045,0,0.457198,5.32224,4.2568e+06,2.70226e+06,1.03875e+07,0,0,0,2.85105e+08,59.7482,61.308,5.16377,0,0,2.02325,1.41845,0,1.56297,2.96352,8.84649e+06,3.61194e+06,1.78986e+07,0,0,0,7.74588e+07
73.1528,85.139,3.84478,0.2,0,2.44072,3.04552,0,0.457294,5.32224,4.2568e+06,2.70226e+06,1.03896e+07,0,0,0,2.85105e+08,60.2815,61.308,4.4461,0,0,2.02348,1.41868,0,1.56316,2.96352,8.84649e+06,3.61194e+06,1.79007e+07,0,0,0,7.74588e+07
74.897,85.139,4.56143,0.21,0,2.44123,3.04603,0,0.457391,5.32224,4.2568e+06,2.70226e+06,1.03918e+07,0,0,0,2.85105e+08,60.5213,61.308,4.4011,0,0,2.02372,1.41892,0,1.56334,2.96352,8.84649e+06,3.61194e+06,1.79028e+07,0,0,0,7.74588e+07
77.803,85.139,6.05251,0.19,0,2.21231,2.81711,0,0.457487,5.32224,4.2568e+06,2.70226e+06,9.41733e+06,0,0,0,2.85105e+08,62.3362,61.308,8.77295,0,0,1.88141,1.27661,0,1.56353,2.96352,8.84649e+06,3.61194e+06,1.66439e+07,0,0,0,7.74588e+07
83.0927,85.139,8.53564,0.2,0,2.21278,2.81758,0,0.414586,5.32224,4.2568e+06,2.70226e+06,9.41936e+06,0,0,0,2.85105e+08,62.3362,61.308,14.9051,0,0,1.88163,1.27683,0,1.45358,2.96352,8.84649e+06,3.61194e+06,1.66458e+07,0,0,0,7.74588e+07
85.139,85.139,10.6322,0.16,0,2.21326,2.81806,0,0.414675,5.32224,4.2568e+06,2.70226e+06,9.42138e+06,0,0,0,2.85105e+08,62.3362,61.308,18.8632,0,0,1.88184,1.27704,0,1.45375,2.96352,8.84649e+06,3.61194e+06,1.66477e+07,0,0,0,7.74588e+07
85.139,85.139,10.9414,0.13,0,2.21373,2.81853,0,0.414764,5.32224,4.2568e+06,2.70226e+06,9.4234e+06,0,0,0,2.85105e+08,62.3362,61.308,25.7595,0,0,1.88206,1.27726,0,1.45391,2.96352,8.84649e+06,3.61194e+06,1.66496e+07,0,0,0,7.74588e+07
85.139,85.139,13.3643,0.12,0,2.21421,2.81901,0,0.414853,5.32224,4.2568e+06,2.70226e+06,9.42543e+06,0,0,0,2.85105e+08,62.3362,61.308,28.0605,0,0,1.88227,1.27747,0,1.45408,2.96352,8.84649e+06,3.61194e+06,1.66515e+07,0,0,0,7.74588e+07
85.139,85.139,5.78947,0.13,0,2.303,2.9078,0,0.414942,5.32224,4.2568e+06,2.70226e+06,9.8034e+06,0,0,0,2.85105e+08,62.3362,61.308,7.56507,0,0,1.9238,1.319,0,1.45425,2.96352,8.84649e+06,3.61194e+06,1.70189e+07,0,0,0,7.74588e+07
85.139,85.139,5.58852,0.14,0,2.30347,2.90827,0,0.431582,5.32224,4.2568e+06,2.70226e+06,9.8054e+06,0,0,0,2.85105e+08,62.3362,61.308,7.12512,0,0,1.92401,1.31921,0,1.48633,2.96352,8.84649e+06,3.61194e+06,1.70207e+07,0,0,0,7.74588e+07
85.139,85.139,4.33091,0.16,0,2.30394,2.90874,0,0.43167,5.32224,4.2568e+06,2.70226e+06,9.80739e+06,0,0,0,2.85105e+08,62.3362,61.308,5.39571,0,0,1.92422,1.31942,0,1.48649,2.96352,8.84649e+06,3.61194e+06,1.70226e+07,0,0,0,7.74588e+07
85.139,85.139,3.97415,0.16,0,2.30441,2.90921,0,0.431758,5.32224,4.2568e+06,2.70226e+06,9.80939e+06,0,0,0,2.85105e+08,62.3362,61.308,5.04524,0,0,1.92444,1.31964,0,1.48666,2.96352,8.84649e+06,3.61194e+06,1.70245e+07,0,0,0,7.74588e+07
85.139,85.139,3.32779,0.14,0,2.58868,3.19348,0,0.431846,5.32224,4.2568e+06,2.70226e+06,1.10195e+07,0,0,0,2.85105e+08,62.3362,61.308,3.70965,0,0,2.07984,1.47504,0,1.48682,2.96352,8.84649e+06,3.61194e+06,1.83992e+07,0,0,0,7.74588e+07
85.139,85.139,3.07231,0.14,0,2.58919,3.19399,0,0.485118,5.32224,4.2568e+06,2.70226e+06,1.10217e+07,0,0,0,2.85105e+08,62.3362,61.308,3.55206,0,0,2.08007,1.47527,0,1.60688,2.96352,8.84649e+06,3.61194e+06,1.84013e+07,0,0,0,7.74588e+07
85.139,85.139,3.23746,0.14,0,2.58971,3.19451,0,0.485215,5.32224,4.2568e+06,2.70226e+06,1.10239e+07,0,0,0,2.85105e+08,62.3362,61.308,3.25007,0,0,2.08031,1.47551,0,1.60706,2.96352,8.84649e+06,3.61194e+06,1.84034e+07,0,0,0,7.74588e+07
85.139,85.139,3.28183,0.14,0,2.59022,3.19502,0,0.485311,5.32224,4.2568e+06,2.70226e+06,1.1026e+07,0,0,0,2.85105e+08,62.3362,61.308,4.69307,0,0,2.08055,1.47575,0,1.60725,2.96352,8.84649e+06,3.61194e+06,1.84055e+07,0,0,0,7.74588e+07
85.139,85.139,4.7955,0.14,0,2.18568,2.79048,0,0.485408,5.32224,4.2568e+06,2.70226e+06,9.304e+06,0,0,0,2.85105e+08,62.3362,61.308,4.98154,0,0,1.87239,1.26759,0,1.60743,2.96352,8.84649e+06,3.61194e+06,1.65641e+07,0,0,0,7.74588e+07
85.139,85.139,4.14195,0.15,0,2.18613,2.79093,0,0.409597,5.32224,4.2568e+06,2.70226e+06,9.30592e+06,0,0,0,2.85105e+08,62.3362,61.308,4.50849,0,0,1.87259,1.26779,0,1.44661,2.96352,8.84649e+06,3.61194e+06,1.65659e+07,0,0,0,7.74588e+07
85.139,85.139,7.65854,0.16,0,2.18658,2.79138,0,0.409681,5.32224,4.2568e+06,2.70226e+06,9.30783e+06,0,0,0,2.85105e+08,62.3362,61.308,7.61413,0,0,1.8728,1.268,0,1.44677,2.96352,8.84649e+06,3.61194e+06,1.65677e+07,0,0,0,7.74588e+07
85.139,85.139,7.43757,0.19,0,2.18703,2.79183,0,0.409766,5.32224,4.2568e+06,2.70226e+06,9.30975e+06,0,0,0,2.85105e+08,62.3362,61.308,8.63984,0,0,1.873,1.2682,0,1.44692,2.96352,8.84649e+06,3.61194e+06,1.65695e+07,0,0,0,7.74588e+07
85.139,85.139,5.87094,0.18,0,2.18748,2.79228,0,0.40985,5.32224,4.2568e+06,2.70226e+06,9.31166e+06,0,0,0,2.85105e+08,62.3362,61.308,6.11054,0,0,1.87321,1.26841,0,1.44708,2.96352,8.84649e+06,3.61194e+06,1.65713e+07,0,0,0,7.74588e+07
85.139,85.139,7.02388,0.19,0,2.28997,2.89477,0,0.409934,5.32224,4.2568e+06,2.70226e+06,9.74795e+06,0,0,0,2.85105e+08,62.3362,61.308,6.58645,0,0,1.92443,1.31963,0,1.44724,2.96352,8.84649e+06,3.61194e+06,1.70245e+07,0,0,0,7.74588e+07
85.139,85.139,6.10315,0.21,0,2.29044,2.89524,0,0.429141,5.32224,4.2568e+06,2.70226e+06,9.74993e+06,0,0,0,2.85105e+08,62.3362,61.308,7.83378,0,0,1.92465,1.31985,0,1.48682,2.96352,8.84649e+06,3.61194e+06,1.70264e+07,0,0,0,7.74588e+07
85.139,85.139,4.54274,0.18,0,2.29091,2.89571,0,0.429228,5.32224,4.2568e+06,2.70226e+06,9.75192e+06,0,0,0,2.85105e+08,62.3362,61.308,5.70378,0,0,1.92486,1.32006,0,1.48698,2.96352,8.84649e+06,3.61194e+06,1.70283e+07,0,0,0,7.74588e+07
85.139,85.139,3.99695,0.17,0,2.29137,2.89617,0,0.429316,5.32224,4.2568e+06,2.70226e+06,9.7539e+06,0,0,0,2.85105e+08,62.3362,61.308,4.93646,0,0,1.92507,1.32027,0,1.48715,2.96352,8.84649e+06,3.61194e+06,1.70301e+07,0,0,0,7.74588e+07
85.139,85.139,4.41143,0.17,0,2.25192,2.85672,0,0.429403,5.32224,4.2568e+06,2.70226e+06,9.58595e+06,0,0,0,2.85105e+08,62.3362,61.308,8.78983,0,0,1.90546,1.30066,0,1.48731,2.96352,8.84649e+06,3.61194e+06,1.68566e+07,0,0,0,7.74588e+07
85.139,85.139,3.79277,0.15,0,2.25238,2.85718,0,0.422009,5.32224,4.2568e+06,2.70226e+06,9.58791e+06,0,0,0,2.85105e+08,62.3243,61.308,3.10175,0,0,1.90567,1.30087,0,1.47216,2.96352,8.84649e+06,3.61194e+06,1.68585e+07,0,0,0,7.74588e+07
85.139,85.139,3.35257,0.13,0,2.25284,2.85764,0,0.422095,5.32224,4.2568e+06,2.70226e+06,9.58987e+06,0,0,0,2.85105e+08,62.1523,61.308,2.78882,0,0,1.90588,1.30108,0,1.47232,2.96352,8.84649e+06,3.61194e+06,1.68603e+07,0,0,0,7.74588e+07
85.139,85.139,3.13065,0.1,0,2.2533,2.8581,0,0.422182,5.32224,4.2568e+06,2.70226e+06,9.59183e+06,0,0,0,2.85105e+08,61.9361,61.308,2.64454,0,0,1.90609,1.30129,0,1.47248,2.96352,8.84649e+06,3.61194e+06,1.68622e+07,0,0,0,7.74588e+07
85.139,85.139,3.44374,0.08,0,2.38936,2.99416,0,0.422268,5.32224,4.2568e+06,2.70226e+06,1.0171e+07,0,0,0,2.85105e+08,62.0001,61.308,3.35103,0,0,1.97666,1.37186,0,1.47264,2.96352,8.84649e+06,3.61194e+06,1.74865e+07,0,0,0,7.74588e+07
85.139,85.139,3.06398,0.08,0,2.38984,2.99464,0,0.447766,5.32224,4.2568e+06,2.70226e+06,1.01731e+07,0,0,0,2.85105e+08,62.1662,61.308,3.62418,0,0,1.97688,1.37208,0,1.52717,2.96352,8.84649e+06,3.61194e+06,1.74885e+07,0,0,0,7.74588e+07
85.139,85.139,2.83527,0.07,0,2.39032,2.99512,0,0.447856,5.32224,4.2568e+06,2.70226e+06,1.01751e+07,0,0,0,2.85105e+08,62.3362,61.308,3.00133,0,0,1.9771,1.3723,0,1.52734,2.96352,8.84649e+06,3.61194e+06,1.74904e+07,0,0,0,7.74588e+07
84.9506,85.139,2.55393,0.05,0,2.39081,2.99561,0,0.447947,5.32224,4.2568e+06,2.70226e+06,1.01772e+07,0,0,0,2.85105e+08,62.3362,61.308,2.62065,0,0,1.97732,1.37252,0,1.52751,2.96352,8.84649e+06,3.61194e+06,1.74924e+07,0,0,0,7.74588e+07
84.4959,85.139,2.24829,0.1,0,2.39129,2.99609,0,0.448037,5.32224,4.2568e+06,2.70226e+06,1.01792e+07,0,0,0,2.85105e+08,62.3362,61.308,2.60273,0,0,1.97755,1.37275,0,1.52768,2.96352,8.84649e+06,3.61194e+06,1.74943e+07,0,0,0,7.74588e+07
83.8598,85.139,1.94353,0.1,0,2.36493,2.96973,0,0.448128,5.32224,4.2568e+06,2.70226e+06,1.0067e+07,0,0,0,2.85105e+08,62.0811,61.308,2.13827,0,0,2.01647,1.41167,0,1.52785,2.96352,8.84649e+06,3.61194e+06,1.78387e+07,0,0,0,7.74588e+07
83.1172,85.139,1.83349,0.09,0,2.36541,2.97021,0,0.443189,5.32224,4.2568e+06,2.70226e+06,1.00691e+07,0,0,0,2.85105e+08,61.7875,61.308,2.00315,0,0,2.0167,1.4119,0,1.55793,2.96352,8.84649e+06,3.61194e+06,1.78407e+07,0,0,0,7.74588e+07
82.223,85.139,1.67755,0.08,0,2.36589,2.97069,0,0.443278,5.32224,4.2568e+06,2.70226e+06,1.00711e+07,0,0,0,2.85105e+08,61.3861,61.308,1.99851,0,0,2.01693,1.41213,0,1.5581,2.96352,8.84649e+06,3.61194e+06,1.78427e+07,0,0,0,7.74588e+07
81.1826,85.139,1.51712,0.09,0,2.36637,2.97117,0,0.443368,5.32224,4.2568e+06,2.70226e+06,1.00732e+07,0,0,0,2.85105e+08,61.0208,61.308,1.78407,0,0,2.01715,1.41235,0,1.55828,2.96352,8.84649e+06,3.61194e+06,1.78447e+07,0,0,0,7.74588e+07
80.2579,85.139,1.66298,0.09,0,2.4362,3.041,0,0.443458,5.32224,4.2568e+06,2.70226e+06,1.03704e+07,0,0,0,2.85105e+08,60.6848,61.308,1.90029,0,0,2.0519,1.4471,0,1.55845,2.96352,8.84649e+06,3.61194e+06,1.81521e+07,0,0,0,7.74588e+07
79.395,85.139,1.71434,0.09,0,2.43669,3.04149,0,0.456544,5.32224,4.2568e+06,2.70226e+06,1.03725e+07,0,0,0,2.85105e+08,60.3629,61.308,2.00978,0,0,2.05213,1.44733,0,1.5853,2.96352,8.84649e+06,3.61194e+06,1.81542e+07,0,0,0,7.74588e+07
78.3241,85.139,1.4973,0.15,0,2.43718,3.04198,0,0.456636,5.32224,4.2568e+06,2.70226e+06,1.03746e+07,0,0,0,2.85105e+08,59.9385,61.308,1.85581,0,0,2.05237,1.44757,0,1.58548,2.96352,8.84649e+06,3.61194e+06,1.81562e+07,0,0,0,7.74588e+07
77.1466,85.139,1.38057,0.16,0,2.43767,3.04247,0,0.456728,5.32224,4.2568e+06,2.70226e+06,1.03767e+07,0,0,0,2.85105e+08,59.3942,61.308,1.77945,0,0,2.0526,1.4478,0,1.58566,2.96352,8.84649e+06,3.61194e+06,1.81583e+07,0,0,0,7.74588e+07
75.5537,85.139,1.10563,0.16,0,2.64139,3.24619,0,0.45682,5.32224,4.2568e+06,2.70226e+06,1.12438e+07,0,0,0,2.85105e+08,58.5035,61.308,1.62449,0,0,2.1775,1.5727,0,1.58584,2.96352,8.84649e+06,3.61194e+06,1.92632e+07,0,0,0,7.74588e+07
73.7374,85.139,0.87277,0.16,0,2.64191,3.24671,0,0.494996,5.32224,4.2568e+06,2.70226e+06,1.12461e+07,0,0,0,2.85105e+08,57.4354,61.308,1.19232,0,0,2.17775,1.57295,0,1.68234,2.96352,8.84649e+06,3.61194e+06,1.92655e+07,0,0,0,7.74588e+07
71.8882,85.139,0.82331,0.21,0,2.64243,3.24723,0,0.495094,5.32224,4.2568e+06,2.70226e+06,1.12483e+07,0,0,0,2.85105e+08,56.4358,61.308,1.11061,0,0,2.17801,1.57321,0,1.68253,2.96352,8.84649e+06,3.61194e+06,1.92677e+07,0,0,0,7.74588e+07
70.3497,85.139,1.1241,0.2,0,2.64296,3.24776,0,0.495192,5.32224,4.2568e+06,2.70226e+06,1.12505e+07,0,0,0,2.85105e+08,55.5831,61.308,1.2501,0,0,2.17826,1.57346,0,1.68273,2.96352,8.84649e+06,3.61194e+06,1.927e+07,0,0,0,7.74588e+07
69.2896,85.139,1.6461,0.2,0,2.64348,3.24828,0,0.49529,5.32224,4.2568e+06,2.70226e+06,1.12528e+07,0,0,0,2.85105e+08,54.8637,61.308,1.492,0,0,2.17851,1.57371,0,1.68292,2.96352,8.84649e+06,3.61194e+06,1.92722e+07,0,0,0,7.74588e+07
67.9072,85.139,1.23206,0.2,0,2.54488,3.14968,0,0.495388,5.32224,4.2568e+06,2.70226e+06,1.0833e+07,0,0,0,2.85105e+08,54.2269,61.308,1.75866,0,0,2.10304,1.49824,0,1.68312,2.96352,8.84649e+06,3.61194e+06,1.86045e+07,0,0,0,7.74588e+07
66.1132,85.139,0.84744,0.24,0,2.54539,3.15019,0,0.47691,5.32224,4.2568e+06,2.70226e+06,1.08352e+07,0,0,0,2.85105e+08,53.1126,61.308,1.33065,0,0,2.10328,1.49848,0,1.62481,2.96352,8.84649e+06,3.61194e+06,1.86066e+07,0,0,0,7.74588e+07
64.2008,85.139,0.668732,0.25,0,2.54589,3.15069,0,0.477005,5.32224,4.2568e+06,2.70226e+06,1.08373e+07,0,0,0,2.85105e+08,52.5907,61.308,1.04843,0,0,2.10352,1.49872,0,1.62499,2.96352,8.84649e+06,3.61194e+06,1.86088e+07,0,0,0,7.74588e+07
63.1249,85.139,1.57393,0.25,0,2.5464,3.1512,0,0.4771,5.32224,4.2568e+06,2.70226e+06,1.08395e+07,0,0,0,2.85105e+08,52.4717,61.308,2.0054,0,0,2.10376,1.49896,0,1.62518,2.96352,8.84649e+06,3.61194e+06,1.86109e+07,0,0,0,7.74588e+07
63.0798,85.139,2.65631,0.24,0,2.46549,3.07029,0,0.477196,5.32224,4.2568e+06,2.70226e+06,1.04951e+07,0,0,0,2.85105e+08,52.7143,61.308,2.77996,0,0,2.03503,1.43023,0,1.62537,2.96352,8.84649e+06,3.61194e+06,1.80028e+07,0,0,0,7.74588e+07
63.3473,85.139,2.98997,0.24,0,2.46599,3.07079,0,0.462033,5.32224,4.2568e+06,2.70226e+06,1.04972e+07,0,0,0,2.85105e+08,52.7283,61.308,2.65465,0,0,2.03526,1.43046,0,1.57226,2.96352,8.84649e+06,3.61194e+06,1.80049e+07,0,0,0,7.74588e+07
63.4837,85.139,2.90344,0.22,0,2.46648,3.07128,0,0.462126,5.32224,4.2568e+06,2.70226e+06,1.04993e+07,0,0,0,2.85105e+08,53.4477,61.308,3.76596,0,0,2.03549,1.43069,0,1.57244,2.96352,8.84649e+06,3.61194e+06,1.80069e+07,0,0,0,7.74588e+07
63.6483,85.139,2.88097,0.23,0,2.46698,3.07178,0,0.462219,5.32224,4.2568e+06,2.70226e+06,1.05014e+07,0,0,0,2.85105e+08,53.8593,61.308,3.69378,0,0,2.03572,1.43092,0,1.57262,2.96352,8.84649e+06,3.61194e+06,1.80089e+07,0,0,0,7.74588e+07
66.2617,85.139,5.28824,0.24,0,2.23609,2.84089,0,0.462311,5.32224,4.2568e+06,2.70226e+06,9.51859e+06,0,0,0,2.85105e+08,55.4417,61.308,5.4303,0,0,1.89219,1.28739,0,1.57279,2.96352,8.84649e+06,3.61194e+06,1.67393e+07,0,0,0,7.74588e+07
68.0892,85.139,4.51233,0.25,0,2.23655,2.84135,0,0.419044,5.32224,4.2568e+06,2.70226e+06,9.52054e+06,0,0,0,2.85105e+08,56.3421,61.308,4.63603,0,0,1.8924,1.2876,0,1.46191,2.96352,8.84649e+06,3.61194e+06,1.67411e+07,0,0,0,7.74588e+07
70.7495,85.139,5.45579,0.27,0,2.23701,2.84181,0,0.41913,5.32224,4.2568e+06,2.70226e+06,9.52249e+06,0,0,0,2.85105e+08,57.6608,61.308,5.34052,0,0,1.89261,1.28781,0,1.46207,2.96352,8.84649e+06,3.61194e+06,1.67429e+07,0,0,0,7.74588e+07
72.5658,85.139,4.73553,0.26,0,2.23747,2.84227,0,0.419216,5.32224,4.2568e+06,2.70226e+06,9.52444e+06,0,0,0,2.85105e+08,58.0654,61.308,3.51384,0,0,1.89282,1.28802,0,1.46223,2.96352,8.84649e+06,3.61194e+06,1.67448e+07,0,0,0,7.74588e+07
74.2558,85.139,4.54802,0.26,0,2.23792,2.84272,0,0.419301,5.32224,4.2568e+06,2.70226e+06,9.52639e+06,0,0,0,2.85105e+08,57.8394,61.308,2.13442,0,0,1.89302,1.28822,0,1.46239,2.96352,8.84649e+06,3.61194e+06,1.67466e+07,0,0,0,7.74588e+07
75.5527,85.139,4.1668,0.24,0,2.32744,2.93224,0,0.419387,5.32224,4.2568e+06,2.70226e+06,9.90744e+06,0,0,0,2.85105e+08,57.9776,61.308,3.48762,0,0,1.93489,1.33009,0,1.46255,2.96352,8.84649e+06,3.61194e+06,1.71169e+07,0,0,0,7.74588e+07
77.1469,85.139,4.57899,0.24,0,2.32789,2.93269,0,0.436163,5.32224,4.2568e+06,2.70226e+06,9.90936e+06,0,0,0,2.85105e+08,58.2868,61.308,3.85874,0,0,1.93509,1.33029,0,1.49489,2.96352,8.84649e+06,3.61194e+06,1.71187e+07,0,0,0,7.74588e+07
83.3095,85.139,9.27702,0.23,0,2.32834,2.93314,0,0.436247,5.32224,4.2568e+06,2.70226e+06,9.91127e+06,0,0,0,2.85105e+08,60.4621,61.308,8.66799,0,0,1.93529,1.33049,0,1.49505,2.96352,8.84649e+06,3.61194e+06,1.71206e+07,0,0,0,7.74588e+07
85.139,85.139,9.59314,0.2,0,2.32879,2.93359,0,0.436331,5.32224,4.2568e+06,2.70226e+06,9.91319e+06,0,0,0,2.85105e+08,61.6574,61.308,5.9526,0,0,1.9355,1.3307,0,1.49521,2.96352,8.84649e+06,3.61194e+06,1.71224e+07,0,0,0,7.74588e+07
85.139,85.139,9.78175,0.16,0,2.61542,3.22022,0,0.436416,5.32224,4.2568e+06,2.70226e+06,1.11333e+07,0,0,0,2.85105e+08,62.3362,61.308,6.58004,0,0,2.09219,1.48739,0,1.49537,2.96352,8.84649e+06,3.61194e+06,1.85085e+07,0,0,0,7.74588e+07
85.139,85.139,9.38251,0.15,0,2.61592,3.22072,0,0.49013,5.32224,4.2568e+06,2.70226e+06,1.11354e+07,0,0,0,2.85105e+08,62.3362,61.308,7.57699,0,0,2.09242,1.48762,0,1.61642,2.96352,8.84649e+06,3.61194e+06,1.85105e+07,0,0,0,7.74588e+07
85.139,85.139,8.30874,0.15,0,2.61641,3.22121,0,0.490223,5.32224,4.2568e+06,2.70226e+06,1.11375e+07,0,0,0,2.85105e+08,62.3362,61.308,6.73239,0,0,2.09264,1.48784,0,1.6166,2.96352,8.84649e+06,3.61194e+06,1.85126e+07,0,0,0,7.74588e+07
85.139,85.139,6.0328,0.14,0,2.6169,3.2217,0,0.490315,5.32224,4.2568e+06,2.70226e+06,1.11396e+07,0,0,0,2.85105e+08,62.3362,61.308,4.95626,0,0,2.09287,1.48807,0,1.61678,2.96352,8.84649e+06,3.61194e+06,1.85146e+07,0,0,0,7.74588e+07
85.139,85.139,4.59999,0.15,0,2.20896,2.81376,0,0.490408,5.32224,4.2568e+06,2.70226e+06,9.40311e+06,0,0,0,2.85105e+08,62.3362,61.308,4.206,0,0,1.88297,1.27817,0,1.61695,2.96352,8.84649e+06,3.61194e+06,1.66576e+07,0,0,0,7.74588e+07
85.139,85.139,4.62731,0.16,0,2.2094,2.8142,0,0.41396,5.32224,4.2568e+06,2.70226e+06,9.40495e+06,0,0,0,2.85105e+08,62.3362,61.308,4.20405,0,0,1.88316,1.27836,0,1.45478,2.96352,8.84649e+06,3.61194e+06,1.66594e+07,0,0,0,7.74588e+07
85.139,85.139,5.86227,0.17,0,2.20983,2.81463,0,0.414041,5.32224,4.2568e+06,2.70226e+06,9.40679e+06,0,0,0,2.85105e+08,62.3362,61.308,5.42673,0,0,1.88336,1.27856,0,1.45493,2.96352,8.84649e+06,3.61194e+06,1.66611e+07,0,0,0,7.74588e+07
85.139,85.139,6.77827,0.2,0,2.21026,2.81506,0,0.414122,5.32224,4.2568e+06,2.70226e+06,9.40863e+06,0,0,0,2.85105e+08,62.3362,61.308,8.30297,0,0,1.88355,1.27875,0,1.45508,2.96352,8.84649e+06,3.61194e+06,1.66628e+07,0,0,0,7.74588e+07
85.139,85.139,7.98541,0.21,0,2.21069,2.81549,0,0.414203,5.32224,4.2568e+06,2.70226e+06,9.41046e+06,0,0,0,2.85105e+08,62.3362,61.308,8.29698,0,0,1.88375,1.27895,0,1.45523,2.96352,8.84649e+06,3.61194e+06,1.66646e+07,0,0,0,7.74588e+07
85.139,85.139,8.38441,0.24,0,2.31401,2.91881,0,0.414284,5.32224,4.2568e+06,2.70226e+06,9.85027e+06,0,0,0,2.85105e+08,62.3362,61.308,8.22925,0,0,1.93539,1.33059,0,1.45539,2.96352,8.84649e+06,3.61194e+06,1.71214e+07,0,0,0,7.74588e+07
85.139,85.139,6.99417,0.22,0,2.31446,2.91926,0,0.433646,5.32224,4.2568e+06,2.70226e+06,9.85218e+06,0,0,0,2.85105e+08,62.3362,61.308,6.9384,0,0,1.9356,1.3308,0,1.49529,2.96352,8.84649e+06,3.61194e+06,1.71232e+07,0,0,0,7.74588e+07
85.139,85.139,6.81488,0.21,0,2.31491,2.91971,0,0.43373,5.32224,4.2568e+06,2.70226e+06,9.85409e+06,0,0,0,2.85105e+08,62.3362,61.308,7.25281,0,0,1.9358,1.331,0,1.49544,2.96352,8.84649e+06,3.61194e+06,1.7125e+07,0,0,0,7.74588e+07
85.139,85.139,7.08488,0.2,0,2.31536,2.92016,0,0.433814,5.32224,4.2568e+06,2.70226e+06,9.85599e+06,0,0,0,2.85105e+08,62.3362,61.308,7.2775,0,0,1.93601,1.33121,0,1.4956,2.96352,8.84649e+06,3.61194e+06,1.71269e+07,0,0,0,7.74588e+07
85.139,85.139,5.38958,0.18,0,2.27555,2.88035,0,0.433898,5.32224,4.2568e+06,2.70226e+06,9.68655e+06,0,0,0,2.85105e+08,62.3362,61.308,3.49958,0,0,1.91622,1.31142,0,1.49576,2.96352,8.84649e+06,3.61194e+06,1.69518e+07,0,0,0,7.74588e+07
85.139,85.139,4.45949,0.16,0,2.27599,2.88079,0,0.426438,5.32224,4.2568e+06,2.70226e+06,9.68843e+06,0,0,0,2.85105e+08,62.3362,61.308,3.69255,0,0,1.91642,1.31162,0,1.48047,2.96352,8.84649e+06,3.61194e+06,1.69536e+07,0,0,0,7.74588e+07
85.139,85.139,4.17779,0.14,0,2.27643,2.88123,0,0.426521,5.32224,4.2568e+06,2.70226e+06,9.69032e+06,0,0,0,2.85105e+08,62.3362,61.308,3.50466,0,0,1.91662,1.31182,0,1.48062,2.96352,8.84649e+06,3.61194e+06,1.69554e+07,0,0,0,7.74588e+07
85.139,85.139,3.83979,0.13,0,2.27688,2.88168,0,0.426604,5.32224,4.2568e+06,2.70226e+06,9.6922e+06,0,0,0,2.85105e+08,62.3362,61.308,3.53254,0,0,1.91682,1.31202,0,1.48078,2.96352,8.84649e+06,3.61194e+06,1.69571e+07,0,0,0,7.74588e+07
85.139,85.139,3.73136,0.1,0,2.41404,3.01884,0,0.426687,5.32224,4.2568e+06,2.70226e+06,1.02761e+07,0,0,0,2.85105e+08,62.3362,61.308,4.1951,0,0,1.98797,1.38317,0,1.48094,2.96352,8.84649e+06,3.61194e+06,1.75865e+07,0,0,0,7.74588e+07
85.139,85.139,3.89438,0.08,0,2.4145,3.0193,0,0.452391,5.32224,4.2568e+06,2.70226e+06,1.0278e+07,0,0,0,2.85105e+08,62.3362,61.308,3.2823,0,0,1.98818,1.38338,0,1.5359,2.96352,8.84649e+06,3.61194e+06,1.75884e+07,0,0,0,7.74588e+07
85.139,85.139,3.41029,0.07,0,2.41496,3.01976,0,0.452477,5.32224,4.2568e+06,2.70226e+06,1.028e+07,0,0,0,2.85105e+08,62.3362,61.308,3.00757,0,0,1.98839,1.38359,0,1.53607,2.96352,8.84649e+06,3.61194e+06,1.75903e+07,0,0,0,7.74588e+07
85.139,85.139,3.26018,0.06,0,2.41543,3.02023,0,0.452564,5.32224,4.2568e+06,2.70226e+06,1.0282e+07,0,0,0,2.85105e+08,62.3362,61.308,3.04376,0,0,1.9886,1.3838,0,1.53623,2.96352,8.84649e+06,3.61194e+06,1.75922e+07,0,0,0,7.74588e+07
85.139,85.139,3.11166,0.05,0,2.41589,3.02069,0,0.452651,5.32224,4.2568e+06,2.70226e+06,1.0284e+07,0,0,0,2.85105e+08,62.3362,61.308,2.9569,0,0,1.98882,1.38402,0,1.5364,2.96352,8.84649e+06,3.61194e+06,1.7594e+07,0,0,0,7.74588e+07
84.9125,85.139,2.54921,0.04,0,2.3893,2.9941,0,0.452738,5.32224,4.2568e+06,2.70226e+06,1.01707e+07,0,0,0,2.85105e+08,62.3362,61.308,3.16357,0,0,2.02805,1.42325,0,1.53656,2.96352,8.84649e+06,3.61194e+06,1.79411e+07,0,0,0,7.74588e+07
84.629,85.139,2.4006,0.11,0,2.38975,2.99455,0,0.447754,5.32224,4.2568e+06,2.70226e+06,1.01727e+07,0,0,0,2.85105e+08,62.3362,61.308,3.14829,0,0,2.02827,1.42347,0,1.56687,2.96352,8.84649e+06,3.61194e+06,1.79431e+07,0,0,0,7.74588e+07
84.1767,85.139,2.21432,0.11,0,2.39021,2.99501,0,0.44784,5.32224,4.2568e+06,2.70226e+06,1.01747e+07,0,0,0,2.85105e+08,62.3362,61.308,3.09447,0,0,2.02849,1.42369,0,1.56704,2.96352,8.84649e+06,3.61194e+06,1.7945e+07,0,0,0,7.74588e+07
83.5931,85.139,2.06881,0.11,0,2.39067,2.99547,0,0.447926,5.32224,4.2568e+06,2.70226e+06,1.01766e+07,0,0,0,2.85105e+08,62.3362,61.308,3.18845,0,0,2.02871,1.42391,0,1.56721,2.96352,8.84649e+06,3.61194e+06,1.79469e+07,0,0,0,7.74588e+07
82.7419,85.139,1.84647,0.1,0,2.46105,3.06585,0,0.448012,5.32224,4.2568e+06,2.70226e+06,1.04762e+07,0,0,0,2.85105e+08,62.3065,61.308,2.59308,0,0,2.06372,1.45892,0,1.56738,2.96352,8.84649e+06,3.61194e+06,1.82567e+07,0,0,0,7.74588e+07
82.0063,85.139,1.97162,0.1,0,2.46152,3.06632,0,0.461201,5.32224,4.2568e+06,2.70226e+06,1.04782e+07,0,0,0,2.85105e+08,62.3362,61.308,2.74867,0,0,2.06395,1.45915,0,1.59443,2.96352,8.84649e+06,3.61194e+06,1.82587e+07,0,0,0,7.74588e+07
81.1499,85.139,1.82187,0.1,0,2.46199,3.06679,0,0.461289,5.32224,4.2568e+06,2.70226e+06,1.04802e+07,0,0,0,2.85105e+08,62.2394,61.308,2.75196,0,0,2.06417,1.45937,0,1.59461,2.96352,8.84649e+06,3.61194e+06,1.82607e+07,0,0,0,7.74588e+07
80.171,85.139,1.68923,0.1,0,2.46246,3.06726,0,0.461377,5.32224,4.2568e+06,2.70226e+06,1.04822e+07,0,0,0,2.85105e+08,62.0781,61.308,2.46077,0,0,2.0644,1.4596,0,1.59478,2.96352,8.84649e+06,3.61194e+06,1.82627e+07,0,0,0,7.74588e+07
78.9805,85.139,1.63551,0.11,0,2.66781,3.27261,0,0.461466,5.32224,4.2568e+06,2.70226e+06,1.13563e+07,0,0,0,2.85105e+08,62.0017,61.308,2.72823,0,0,2.1903,1.5855,0,1.59495,2.96352,8.84649e+06,3.61194e+06,1.93765e+07,0,0,0,7.74588e+07
77.29,85.139,1.11364,0.17,0,2.66832,3.27312,0,0.499948,5.32224,4.2568e+06,2.70226e+06,1.13585e+07,0,0,0,2.85105e+08,61.8148,61.308,2.35979,0,0,2.19055,1.58575,0,1.69223,2.96352,8.84649e+06,3.61194e+06,1.93787e+07,0,0,0,7.74588e+07
75.6762,85.139,1.17348,0.17,0,2.66882,3.27362,0,0.500043,5.32224,4.2568e+06,2.70226e+06,1.13606e+07,0,0,0,2.85105e+08,61.6217,61.308,2.3291,0,0,2.19079,1.58599,0,1.69242,2.96352,8.84649e+06,3.61194e+06,1.93808e+07,0,0,0,7.74588e+07
74.6073,85.139,1.7592,0.17,0,2.66932,3.27412,0,0.500137,5.32224,4.2568e+06,2.70226e+06,1.13628e+07,0,0,0,2.85105e+08,61.581,61.308,2.78389,0,0,2.19103,1.58623,0,1.6926,2.96352,8.84649e+06,3.61194e+06,1.9383e+07,0,0,0,7.74588e+07
74.1965,85.139,2.46384,0.18,0,2.66982,3.27462,0,0.500231,5.32224,4.2568e+06,2.70226e+06,1.13649e+07,0,0,0,2.85105e+08,61.815,61.308,3.13703,0,0,2.19128,1.58648,0,1.69279,2.96352,8.84649e+06,3.61194e+06,1.93851e+07,0,0,0,7.74588e+07
73.2559,85.139,1.76353,0.18,0,2.5704,3.1752,0,0.500325,5.32224,4.2568e+06,2.70226e+06,1.09417e+07,0,0,0,2.85105e+08,61.9949,61.308,3.72482,0,0,2.11518,1.51038,0,1.69298,2.96352,8.84649e+06,3.61194e+06,1.87119e+07,0,0,0,7.74588e+07
72.0355,85.139,1.44897,0.24,0,2.57088,3.17568,0,0.481692,5.32224,4.2568e+06,2.70226e+06,1.09437e+07,0,0,0,2.85105e+08,62.0355,61.308,3.2753,0,0,2.11541,1.51061,0,1.63419,2.96352,8.84649e+06,3.61194e+06,1.87139e+07,0,0,0,7.74588e+07
71.6385,85.139,2.37319,0.22,0,2.57137,3.17617,0,0.481784,5.32224,4.2568e+06,2.70226e+06,1.09458e+07,0,0,0,2.85105e+08,62.3362,61.308,4.40812,0,0,2.11564,1.51084,0,1.63436,2.96352,8.84649e+06,3.61194e+06,1.8716e+07,0,0,0,7.74588e+07
73.9525,85.139,5.3357,0.22,0,2.57186,3.17666,0,0.481875,5.32224,4.2568e+06,2.70226e+06,1.09479e+07,0,0,0,2.85105e+08,62.3362,61.308,6.4307,0,0,2.11587,1.51107,0,1.63454,2.96352,8.84649e+06,3.61194e+06,1.8718e+07,0,0,0,7.74588e+07
73.5102,85.139,2.36404,0.17,0,2.49027,3.09507,0,0.481966,5.32224,4.2568e+06,2.70226e+06,1.06006e+07,0,0,0,2.85105e+08,62.3362,61.308,3.75784,0,0,2.04657,1.44177,0,1.63472,2.96352,8.84649e+06,3.61194e+06,1.81049e+07,0,0,0,7.74588e+07
72.5794,85.139,1.84549,0.21,0,2.49075,3.09555,0,0.466677,5.32224,4.2568e+06,2.70226e+06,1.06026e+07,0,0,0,2.85105e+08,62.3323,61.308,2.98197,0,0,2.04679,1.44199,0,1.58118,2.96352,8.84649e+06,3.61194e+06,1.81069e+07,0,0,0,7.74588e+07
72.3026,85.139,2.58589,0.21,0,2.49122,3.09602,0,0.466766,5.32224,4.2568e+06,2.70226e+06,1.06046e+07,0,0,0,2.85105e+08,62.3362,61.308,3.91455,0,0,2.04701,1.44221,0,1.58135,2.96352,8.84649e+06,3.61194e+06,1.81089e+07,0,0,0,7.74588e+07
74.9283,85.139,5.56382,0.22,0,2.4917,3.0965,0,0.466855,5.32224,4.2568e+06,2.70226e+06,1.06066e+07,0,0,0,2.85105e+08,62.3362,61.308,6.35749,0,0,2.04723,1.44243,0,1.58152,2.96352,8.84649e+06,3.61194e+06,1.81108e+07,0,0,0,7.74588e+07
77.2342,85.139,5.1049,0.21,0,2.25893,2.86373,0,0.466944,5.32224,4.2568e+06,2.70226e+06,9.61582e+06,0,0,0,2.85105e+08,62.3362,61.308,4.7258,0,0,1.90254,1.29774,0,1.58169,2.96352,8.84649e+06,3.61194e+06,1.68308e+07,0,0,0,7.74588e+07
81.7058,85.139,7.43733,0.2,0,2.25937,2.86417,0,0.423324,5.32224,4.2568e+06,2.70226e+06,9.61769e+06,0,0,0,2.85105e+08,62.3362,61.308,6.00127,0,0,1.90274,1.29794,0,1.4699,2.96352,8.84649e+06,3.61194e+06,1.68326e+07,0,0,0,7.74588e+07
84.4212,85.139,5.67608,0.19,0,2.25981,2.86461,0,0.423407,5.32224,4.2568e+06,2.70226e+06,9.61956e+06,0,0,0,2.85105e+08,62.3362,61.308,6.93294,0,0,1.90294,1.29814,0,1.47006,2.96352,8.84649e+06,3.61194e+06,1.68343e+07,0,0,0,7.74588e+07
85.139,85.139,5.64176,0.19,0,2.26025,2.86505,0,0.423489,5.32224,4.2568e+06,2.70226e+06,9.62143e+06,0,0,0,2.85105e+08,62.3362,61.308,10.9202,0,0,1.90314,1.29834,0,1.47021,2.96352,8.84649e+06,3.61194e+06,1.68361e+07,0,0,0,7.74588e+07
85.139,85.139,5.9141,0.18,0,2.26069,2.86549,0,0.423571,5.32224,4.2568e+06,2.70226e+06,9.6233e+06,0,0,0,2.85105e+08,62.3362,61.308,8.96481,0,0,1.90334,1.29854,0,1.47037,2.96352,8.84649e+06,3.61194e+06,1.68379e+07,0,0,0,7.74588e+07
85.139,85.139,3.79109,0.18,0,2.3509,2.9557,0,0.423654,5.32224,4.2568e+06,2.70226e+06,1.00073e+07,0,0,0,2.85105e+08,62.3362,61.308,3.99362,0,0,1.94553,1.34073,0,1.47052,2.96352,8.84649e+06,3.61194e+06,1.72111e+07,0,0,0,7.74588e+07
85.139,85.139,5.89554,0.18,0,2.35133,2.95613,0,0.440559,5.32224,4.2568e+06,2.70226e+06,1.00091e+07,0,0,0,2.85105e+08,62.3362,61.308,5.50963,0,0,1.94572,1.34092,0,1.50311,2.96352,8.84649e+06,3.61194e+06,1.72128e+07,0,0,0,7.74588e+07
85.139,85.139,8.35108,0.18,0,2.35176,2.95656,0,0.44064,5.32224,4.2568e+06,2.70226e+06,1.0011e+07,0,0,0,2.85105e+08,62.3362,61.308,10.9919,0,0,1.94592,1.34112,0,1.50327,2.96352,8.84649e+06,3.61194e+06,1.72145e+07,0,0,0,7.74588e+07
85.139,85.139,11.6479,0.18,0,2.35219,2.95699,0,0.44072,5.32224,4.2568e+06,2.70226e+06,1.00128e+07,0,0,0,2.85105e+08,62.3362,61.308,13.3678,0,0,1.94611,1.34131,0,1.50342,2.96352,8.84649e+06,3.61194e+06,1.72163e+07,0,0,0,7.74588e+07
85.139,85.139,8.69699,0.17,0,2.64108,3.24588,0,0.440801,5.32224,4.2568e+06,2.70226e+06,1.12426e+07,0,0,0,2.85105e+08,62.3362,61.308,10.2466,0,0,2.10404,1.49924,0,1.50357,2.96352,8.84649e+06,3.61194e+06,1.86134e+07,0,0,0,7.74588e+07
85.139,85.139,4.57444,0.17,0,2.64156,3.24636,0,0.494939,5.32224,4.2568e+06,2.70226e+06,1.12446e+07,0,0,0,2.85105e+08,62.3362,61.308,4.65692,0,0,2.10426,1.49946,0,1.62558,2.96352,8.84649e+06,3.61194e+06,1.86153e+07,0,0,0,7.74588e+07
85.0892,85.139,3.17411,0.17,0,2.64203,3.24683,0,0.495028,5.32224,4.2568e+06,2.70226e+06,1.12466e+07,0,0,0,2.85105e+08,62.3362,61.308,6.64921,0,0,2.10448,1.49968,0,1.62575,2.96352,8.84649e+06,3.61194e+06,1.86172e+07,0,0,0,7.74588e+07
85.139,85.139,4.40829,0.22,0,2.6425,3.2473,0,0.495117,5.32224,4.2568e+06,2.70226e+06,1.12486e+07,0,0,0,2.85105e+08,62.3362,61.308,5.25827,0,0,2.1047,1.4999,0,1.62592,2.96352,8.84649e+06,3.61194e+06,1.86192e+07,0,0,0,7.74588e+07
85.139,85.139,4.95522,0.15,0,2.2313,2.8361,0,0.495205,5.32224,4.2568e+06,2.70226e+06,9.49819e+06,0,0,0,2.85105e+08,62.3362,61.308,7.50787,0,0,1.89311,1.28831,0,1.62609,2.96352,8.84649e+06,3.61194e+06,1.67474e+07,0,0,0,7.74588e+07
85.139,85.139,5.13876,0.18,0,2.23171,2.83651,0,0.418146,5.32224,4.2568e+06,2.70226e+06,9.49995e+06,0,0,0,2.85105e+08,62.3362,61.308,5.21157,0,0,1.8933,1.2885,0,1.46262,2.96352,8.84649e+06,3.61194e+06,1.67491e+07,0,0,0,7.74588e+07
85.139,85.139,4.48313,0.18,0,2.23213,2.83693,0,0.418223,5.32224,4.2568e+06,2.70226e+06,9.5017e+06,0,0,0,2.85105e+08,62.3362,61.308,5.17814,0,0,1.89349,1.28869,0,1.46276,2.96352,8.84649e+06,3.61194e+06,1.67507e+07,0,0,0,7.74588e+07
85.139,85.139,7.63805,0.2,0,2.23254,2.83734,0,0.4183,5.32224,4.2568e+06,2.70226e+06,9.50346e+06,0,0,0,2.85105e+08,62.3362,61.308,8.3591,0,0,1.89368,1.28888,0,1.46291,2.96352,8.84649e+06,3.61194e+06,1.67524e+07,0,0,0,7.74588e+07
85.139,85.139,7.73287,0.22,0,2.23295,2.83775,0,0.418378,5.32224,4.2568e+06,2.70226e+06,9.50522e+06,0,0,0,2.85105e+08,62.3362,61.308,7.80893,0,0,1.89386,1.28906,0,1.46305,2.96352,8.84649e+06,3.61194e+06,1.6754e+07,0,0,0,7.74588e+07
85.139,85.139,8.64885,0.24,0,2.33707,2.94187,0,0.418455,5.32224,4.2568e+06,2.70226e+06,9.94841e+06,0,0,0,2.85105e+08,62.3362,61.308,6.78788,0,0,1.9459,1.3411,0,1.4632,2.96352,8.84649e+06,3.61194e+06,1.72144e+07,0,0,0,7.74588e+07
85.139,85.139,6.3406,0.24,0,2.33749,2.94229,0,0.437966,5.32224,4.2568e+06,2.70226e+06,9.95024e+06,0,0,0,2.85105e+08,62.3362,61.308,4.76396,0,0,1.9461,1.3413,0,1.5034,2.96352,8.84649e+06,3.61194e+06,1.72161e+07,0,0,0,7.74588e+07
85.139,85.139,4.69238,0.23,0,2.33792,2.94272,0,0.438047,5.32224,4.2568e+06,2.70226e+06,9.95206e+06,0,0,0,2.85105e+08,62.3362,61.308,3.84754,0,0,1.94629,1.34149,0,1.50356,2.96352,8.84649e+06,3.61194e+06,1.72179e+07,0,0,0,7.74588e+07
85.139,85.139,4.05668,0.22,0,2.33835,2.94315,0,0.438127,5.32224,4.2568e+06,2.70226e+06,9.95388e+06,0,0,0,2.85105e+08,62.3362,61.308,3.63827,0,0,1.94649,1.34169,0,1.50371,2.96352,8.84649e+06,3.61194e+06,1.72196e+07,0,0,0,7.74588e+07
85.139,85.139,3.95217,0.2,0,2.29821,2.90301,0,0.438207,5.32224,4.2568e+06,2.70226e+06,9.78301e+06,0,0,0,2.85105e+08,62.3362,61.308,3.02707,0,0,1.92653,1.32173,0,1.50386,2.96352,8.84649e+06,3.61194e+06,1.70431e+07,0,0,0,7.74588e+07
85.139,85.139,3.71377,0.17,0,2.29863,2.90343,0,0.430685,5.32224,4.2568e+06,2.70226e+06,9.78481e+06,0,0,0,2.85105e+08,62.3362,61.308,3.14082,0,0,1.92673,1.32193,0,1.48844,2.96352,8.84649e+06,3.61194e+06,1.70448e+07,0,0,0,7.74588e+07
85.139,85.139,3.35638,0.16,0,2.29906,2.90386,0,0.430764,5.32224,4.2568e+06,2.70226e+06,9.78661e+06,0,0,0,2.85105e+08,62.3362,61.308,2.73642,0,0,1.92692,1.32212,0,1.48859,2.96352,8.84649e+06,3.61194e+06,1.70465e+07,0,0,0,7.74588e+07
85.139,85.139,3.9129,0.13,0,2.29948,2.90428,0,0.430843,5.32224,4.2568e+06,2.70226e+06,9.78841e+06,0,0,0,2.85105e+08,62.3362,61.308,2.6588,0,0,1.92711,1.32231,0,1.48874,2.96352,8.84649e+06,3.61194e+06,1.70482e+07,0,0,0,7.74588e+07
85.139,85.139,3.12731,0.11,0,2.43769,3.04249,0,0.430922,5.32224,4.2568e+06,2.70226e+06,1.03768e+07,0,0,0,2.85105e+08,62.1991,61.308,2.56304,0,0,1.99881,1.39401,0,1.48889,2.96352,8.84649e+06,3.61194e+06,1.76824e+07,0,0,0,7.74588e+07
85.139,85.139,2.80241,0.08,0,2.43814,3.04294,0,0.456824,5.32224,4.2568e+06,2.70226e+06,1.03786e+07,0,0,0,2.85105e+08,62.3362,61.308,2.29307,0,0,1.99901,1.39421,0,1.54428,2.96352,8.84649e+06,3.61194e+06,1.76842e+07,0,0,0,7.74588e+07
85.139,85.139,2.83272,0.07,0,2.43858,3.04338,0,0.456907,5.32224,4.2568e+06,2.70226e+06,1.03805e+07,0,0,0,2.85105e+08,62.206,61.308,2.39293,0,0,1.99921,1.39441,0,1.54443,2.96352,8.84649e+06,3.61194e+06,1.7686e+07,0,0,0,7.74588e+07
84.9662,85.139,2.49372,0.07,0,2.43902,3.04382,0,0.45699,5.32224,4.2568e+06,2.70226e+06,1.03824e+07,0,0,0,2.85105e+08,61.8792,61.308,2.01967,0,0,1.99941,1.39461,0,1.54459,2.96352,8.84649e+06,3.61194e+06,1.76878e+07,0,0,0,7.74588e+07
84.6849,85.139,2.37246,0.12,0,2.43946,3.04426,0,0.457073,5.32224,4.2568e+06,2.70226e+06,1.03843e+07,0,0,0,2.85105e+08,61.6374,61.308,1.73976,0,0,1.99962,1.39482,0,1.54475,2.96352,8.84649e+06,3.61194e+06,1.76896e+07,0,0,0,7.74588e+07
84.0258,85.139,1.98543,0.13,0,2.41264,3.01744,0,0.457156,5.32224,4.2568e+06,2.70226e+06,1.02701e+07,0,0,0,2.85105e+08,61.4196,61.308,2.13413,0,0,2.03915,1.43435,0,1.5449,2.96352,8.84649e+06,3.61194e+06,1.80393e+07,0,0,0,7.74588e+07
83.1508,85.139,1.76483,0.14,0,2.41308,3.01788,0,0.452128,5.32224,4.2568e+06,2.70226e+06,1.0272e+07,0,0,0,2.85105e+08,61.1708,61.308,1.94781,0,0,2.03936,1.43456,0,1.57545,2.96352,8.84649e+06,3.61194e+06,1.80411e+07,0,0,0,7.74588e+07
82.163,85.139,1.6183,0.13,0,2.41352,3.01832,0,0.452211,5.32224,4.2568e+06,2.70226e+06,1.02738e+07,0,0,0,2.85105e+08,60.8614,61.308,1.91295,0,0,2.03957,1.43477,0,1.57561,2.96352,8.84649e+06,3.61194e+06,1.8043e+07,0,0,0,7.74588e+07
81.1084,85.139,1.51464,0.14,0,2.41396,3.01876,0,0.452293,5.32224,4.2568e+06,2.70226e+06,1.02757e+07,0,0,0,2.85105e+08,60.3445,61.308,1.84852,0,0,2.03977,1.43497,0,1.57577,2.96352,8.84649e+06,3.61194e+06,1.80448e+07,0,0,0,7.74588e+07
79.8175,85.139,1.3305,0.14,0,2.48486,3.08966,0,0.452375,5.32224,4.2568e+06,2.70226e+06,1.05775e+07,0,0,0,2.85105e+08,59.8218,61.308,1.70514,0,0,2.07505,1.47025,0,1.57593,2.96352,8.84649e+06,3.61194e+06,1.83569e+07,0,0,0,7.74588e+07
78.6229,85.139,1.41857,0.14,0,2.48531,3.09011,0,0.465662,5.32224,4.2568e+06,2.70226e+06,1.05794e+07,0,0,0,2.85105e+08,59.5407,61.308,1.8904,0,0,2.07527,1.47047,0,1.60319,2.96352,8.84649e+06,3.61194e+06,1.83588e+07,0,0,0,7.74588e+07
77.3661,85.139,1.33739,0.19,0,2.48576,3.09056,0,0.465747,5.32224,4.2568e+06,2.70226e+06,1.05814e+07,0,0,0,2.85105e+08,59.1171,61.308,1.93123,0,0,2.07548,1.47068,0,1.60335,2.96352,8.84649e+06,3.61194e+06,1.83607e+07,0,0,0,7.74588e+07
76.0353,85.139,1.25178,0.19,0,2.48621,3.09101,0,0.465831,5.32224,4.2568e+06,2.70226e+06,1.05833e+07,0,0,0,2.85105e+08,58.7157,61.308,1.7722,0,0,2.0757,1.4709,0,1.60352,2.96352,8.84649e+06,3.61194e+06,1.83626e+07,0,0,0,7.74588e+07
74.5248,85.139,1.22952,0.2,0,2.69312,3.29792,0,0.465915,5.32224,4.2568e+06,2.70226e+06,1.14641e+07,0,0,0,2.85105e+08,58.2903,61.308,1.90012,0,0,2.20257,1.59777,0,1.60368,2.96352,8.84649e+06,3.61194e+06,1.9485e+07,0,0,0,7.74588e+07
72.67,85.139,0.853891,0.19,0,2.6936,3.2984,0,0.504691,5.32224,4.2568e+06,2.70226e+06,1.14661e+07,0,0,0,2.85105e+08,57.7287,61.308,1.74055,0,0,2.2028,1.598,0,1.7017,2.96352,8.84649e+06,3.61194e+06,1.9487e+07,0,0,0,7.74588e+07
70.7849,85.139,0.804313,0.22,0,2.69408,3.29888,0,0.504781,5.32224,4.2568e+06,2.70226e+06,1.14682e+07,0,0,0,2.85105e+08,57.2471,61.308,1.6219,0,0,2.20303,1.59823,0,1.70188,2.96352,8.84649e+06,3.61194e+06,1.94891e+07,0,0,0,7.74588e+07
69.1953,85.139,1.09125,0.23,0,2.69456,3.29936,0,0.504871,5.32224,4.2568e+06,2.70226e+06,1.14702e+07,0,0,0,2.85105e+08,56.8219,61.308,1.82658,0,0,2.20326,1.59846,0,1.70206,2.96352,8.84649e+06,3.61194e+06,1.94911e+07,0,0,0,7.74588e+07
68.0593,85.139,1.60319,0.23,0,2.69504,3.29984,0,0.504961,5.32224,4.2568e+06,2.70226e+06,1.14723e+07,0,0,0,2.85105e+08,56.5929,61.308,2.17206,0,0,2.2035,1.5987,0,1.70224,2.96352,8.84649e+06,3.61194e+06,1.94932e+07,0,0,0,7.74588e+07
67.4377,85.139,1.98494,0.25,0,2.59483,3.19963,0,0.505051,5.32224,4.2568e+06,2.70226e+06,1.10457e+07,0,0,0,2.85105e+08,56.2826,61.308,2.10298,0,0,2.1268,1.522,0,1.70242,2.96352,8.84649e+06,3.61194e+06,1.88147e+07,0,0,0,7.74588e+07
66.7023,85.139,1.91682,0.25,0,2.59529,3.20009,0,0.486271,5.32224,4.2568e+06,2.70226e+06,1.10476e+07,0,0,0,2.85105e+08,55.9954,61.308,2.03037,0,0,2.12702,1.52222,0,1.64316,2.96352,8.84649e+06,3.61194e+06,1.88166e+07,0,0,0,7.74588e+07
66.1717,85.139,2.16409,0.26,0,2.59576,3.20056,0,0.486358,5.32224,4.2568e+06,2.70226e+06,1.10496e+07,0,0,0,2.85105e+08,56.0114,61.308,2.81145,0,0,2.12724,1.52244,0,1.64333,2.96352,8.84649e+06,3.61194e+06,1.88186e+07,0,0,0,7.74588e+07
65.5468,85.139,2.09663,0.26,0,2.59623,3.20103,0,0.486445,5.32224,4.2568e+06,2.70226e+06,1.10516e+07,0,0,0,2.85105e+08,56.0026,61.308,2.66893,0,0,2.12746,1.52266,0,1.64351,2.96352,8.84649e+06,3.61194e+06,1.88206e+07,0,0,0,7.74588e+07
65.2385,85.139,2.41192,0.26,0,2.51399,3.11879,0,0.486533,5.32224,4.2568e+06,2.70226e+06,1.07015e+07,0,0,0,2.85105e+08,56.0422,61.308,2.89947,0,0,2.05762,1.45282,0,1.64368,2.96352,8.84649e+06,3.61194e+06,1.82027e+07,0,0,0,7.74588e+07
64.5508,85.139,1.96604,0.25,0,2.51444,3.11924,0,0.471122,5.32224,4.2568e+06,2.70226e+06,1.07035e+07,0,0,0,2.85105e+08,55.7017,61.308,1.9281,0,0,2.05783,1.45303,0,1.58971,2.96352,8.84649e+06,3.61194e+06,1.82045e+07,0,0,0,7.74588e+07
64.9087,85.139,3.08183,0.25,0,2.5149,3.1197,0,0.471207,5.32224,4.2568e+06,2.70226e+06,1.07054e+07,0,0,0,2.85105e+08,55.6458,61.308,2.76999,0,0,2.05804,1.45324,0,1.58988,2.96352,8.84649e+06,3.61194e+06,1.82064e+07,0,0,0,7.74588e+07
67.5264,85.139,5.45287,0.25,0,2.51535,3.12015,0,0.471292,5.32224,4.2568e+06,2.70226e+06,1.07073e+07,0,0,0,2.85105e+08,56.1755,61.308,3.67634,0,0,2.05825,1.45345,0,1.59004,2.96352,8.84649e+06,3.61194e+06,1.82083e+07,0,0,0,7.74588e+07
71.2252,85.139,6.37982,0.25,0,2.28079,2.88559,0,0.471377,5.32224,4.2568e+06,2.70226e+06,9.70885e+06,0,0,0,2.85105e+08,56.5734,61.308,3.978,0,0,1.91245,1.30765,0,1.5902,2.96352,8.84649e+06,3.61194e+06,1.69184e+07,0,0,0,7.74588e+07
72.9551,85.139,4.51356,0.24,0,2.28121,2.88601,0,0.42742,5.32224,4.2568e+06,2.70226e+06,9.71064e+06,0,0,0,2.85105e+08,57.1141,61.308,3.79153,0,0,1.91264,1.30784,0,1.47756,2.96352,8.84649e+06,3.61194e+06,1.69201e+07,0,0,0,7.74588e+07
77.3929,85.139,7.20154,0.26,0,2.28163,2.88643,0,0.427498,5.32224,4.2568e+06,2.70226e+06,9.71243e+06,0,0,0,2.85105e+08,58.0312,61.308,4.53519,0,0,1.91283,1.30803,0,1.4777,2.96352,8.84649e+06,3.61194e+06,1.69218e+07,0,0,0,7.74588e+07
81.6384,85.139,7.25042,0.25,0,2.28205,2.88685,0,0.427577,5.32224,4.2568e+06,2.70226e+06,9.71421e+06,0,0,0,2.85105e+08,58.8582,61.308,4.33397,0,0,1.91302,1.30822,0,1.47785,2.96352,8.84649e+06,3.61194e+06,1.69235e+07,0,0,0,7.74588e+07
82.6023,85.139,3.68746,0.23,0,2.28247,2.88727,0,0.427656,5.32224,4.2568e+06,2.70226e+06,9.716e+06,0,0,0,2.85105e+08,58.8456,61.308,2.40313,0,0,1.91321,1.30841,0,1.478,2.96352,8.84649e+06,3.61194e+06,1.69252e+07,0,0,0,7.74588e+07
82.385,85.139,2.59782,0.23,0,2.37334,2.97814,0,0.427735,5.32224,4.2568e+06,2.70226e+06,1.01028e+07,0,0,0,2.85105e+08,58.7301,61.308,2.76367,0,0,1.95571,1.35091,0,1.47814,2.96352,8.84649e+06,3.61194e+06,1.73011e+07,0,0,0,7.74588e+07
82.2038,85.139,2.68551,0.23,0,2.37375,2.97855,0,0.444764,5.32224,4.2568e+06,2.70226e+06,1.01046e+07,0,0,0,2.85105e+08,58.8141,61.308,3.55117,0,0,1.95589,1.35109,0,1.51098,2.96352,8.84649e+06,3.61194e+06,1.73028e+07,0,0,0,7.74588e+07
81.8957,85.139,2.50739,0.23,0,2.37416,2.97896,0,0.444841,5.32224,4.2568e+06,2.70226e+06,1.01063e+07,0,0,0,2.85105e+08,59.0765,61.308,3.83129,0,0,1.95608,1.35128,0,1.51112,2.96352,8.84649e+06,3.61194e+06,1.73044e+07,0,0,0,7.74588e+07
85.139,85.139,7.26708,0.23,0,2.37457,2.97937,0,0.444918,5.32224,4.2568e+06,2.70226e+06,1.01081e+07,0,0,0,2.85105e+08,59.7293,61.308,5.22383,0,0,1.95627,1.35147,0,1.51127,2.96352,8.84649e+06,3.61194e+06,1.73061e+07,0,0,0,7.74588e+07
85.139,85.139,16.3406,0.18,0,2.66563,3.27043,0,0.444995,5.32224,4.2568e+06,2.70226e+06,1.1347e+07,0,0,0,2.85105e+08,62.1537,61.308,11.9975,0,0,2.11538,1.51058,0,1.51141,2.96352,8.84649e+06,3.61194e+06,1.87137e+07,0,0,0,7.74588e+07
85.139,85.139,10.6749,0.18,0,2.66608,3.27088,0,0.499538,5.32224,4.2568e+06,2.70226e+06,1.13489e+07,0,0,0,2.85105e+08,62.3362,61.308,11.0588,0,0,2.11559,1.51079,0,1.63434,2.96352,8.84649e+06,3.61194e+06,1.87155e+07,0,0,0,7.74588e+07
85.139,85.139,11.7232,0.19,0,2.66653,3.27133,0,0.499623,5.32224,4.2568e+06,2.70226e+06,1.13509e+07,0,0,0,2.85105e+08,62.3362,61.308,11.9087,0,0,2.11579,1.51099,0,1.6345,2.96352,8.84649e+06,3.61194e+06,1.87173e+07,0,0,0,7.74588e+07
85.139,85.139,10.7934,0.18,0,2.66698,3.27178,0,0.499708,5.32224,4.2568e+06,2.70226e+06,1.13528e+07,0,0,0,2.85105e+08,62.3362,61.308,9.78497,0,0,2.116,1.5112,0,1.63466,2.96352,8.84649e+06,3.61194e+06,1.87192e+07,0,0,0,7.74588e+07
85.139,85.139,8.1714,0.17,0,2.25266,2.85746,0,0.499792,5.32224,4.2568e+06,2.70226e+06,9.58909e+06,0,0,0,2.85105e+08,62.3362,61.308,6.68986,0,0,1.90281,1.29801,0,1.63482,2.96352,8.84649e+06,3.61194e+06,1.68332e+07,0,0,0,7.74588e+07
85.139,85.139,6.23036,0.18,0,2.25305,2.85785,0,0.422148,5.32224,4.2568e+06,2.70226e+06,9.59077e+06,0,0,0,2.85105e+08,62.3362,61.308,7.13846,0,0,1.90299,1.29819,0,1.47011,2.96352,8.84649e+06,3.61194e+06,1.68348e+07,0,0,0,7.74588e+07
85.139,85.139,5.03888,0.22,0,2.25344,2.85824,0,0.422221,5.32224,4.2568e+06,2.70226e+06,9.59245e+06,0,0,0,2.85105e+08,62.3362,61.308,5.06199,0,0,1.90317,1.29837,0,1.47025,2.96352,8.84649e+06,3.61194e+06,1.68364e+07,0,0,0,7.74588e+07
85.139,85.139,3.52312,0.22,0,2.25384,2.85864,0,0.422295,5.32224,4.2568e+06,2.70226e+06,9.59413e+06,0,0,0,2.85105e+08,62.3362,61.308,3.97464,0,0,1.90335,1.29855,0,1.47039,2.96352,8.84649e+06,3.61194e+06,1.6838e+07,0,0,0,7.74588e+07
85.139,85.139,4.84829,0.24,0,2.25423,2.85903,0,0.422369,5.32224,4.2568e+06,2.70226e+06,9.5958e+06,0,0,0,2.85105e+08,62.3362,61.308,4.96814,0,0,1.90353,1.29873,0,1.47053,2.96352,8.84649e+06,3.61194e+06,1.68395e+07,0,0,0,7.74588e+07
85.139,85.139,7.03817,0.24,0,2.3591,2.9639,0,0.422443,5.32224,4.2568e+06,2.70226e+06,1.00422e+07,0,0,0,2.85105e+08,62.3362,61.308,8.24141,0,0,1.95595,1.35115,0,1.47067,2.96352,8.84649e+06,3.61194e+06,1.73033e+07,0,0,0,7.74588e+07
85.139,85.139,7.73488,0.26,0,2.35951,2.96431,0,0.442096,5.32224,4.2568e+06,2.70226e+06,1.0044e+07,0,0,0,2.85105e+08,62.3362,61.308,7.30912,0,0,1.95614,1.35134,0,1.51117,2.96352,8.84649e+06,3.61194e+06,1.73049e+07,0,0,0,7.74588e+07
85.139,85.139,6.49425,0.27,0,2.35992,2.96472,0,0.442173,5.32224,4.2568e+06,2.70226e+06,1.00457e+07,0,0,0,2.85105e+08,62.3362,61.308,6.04766,0,0,1.95632,1.35152,0,1.51131,2.96352,8.84649e+06,3.61194e+06,1.73066e+07,0,0,0,7.74588e+07
85.139,85.139,6.05193,0.24,0,2.36033,2.96513,0,0.442249,5.32224,4.2568e+06,2.70226e+06,1.00474e+07,0,0,0,2.85105e+08,62.3362,61.308,5.73574,0,0,1.95651,1.35171,0,1.51145,2.96352,8.84649e+06,3.61194e+06,1.73082e+07,0,0,0,7.74588e+07
85.139,85.139,5.39306,0.21,0,2.31987,2.92467,0,0.442326,5.32224,4.2568e+06,2.70226e+06,9.87519e+06,0,0,0,2.85105e+08,62.3362,61.308,5.93452,0,0,1.93639,1.33159,0,1.5116,2.96352,8.84649e+06,3.61194e+06,1.71303e+07,0,0,0,7.74588e+07
85.139,85.139,5.96987,0.2,0,2.32027,2.92507,0,0.434743,5.32224,4.2568e+06,2.70226e+06,9.87691e+06,0,0,0,2.85105e+08,62.3362,61.308,5.32784,0,0,1.93658,1.33178,0,1.49606,2.96352,8.84649e+06,3.61194e+06,1.71319e+07,0,0,0,7.74588e+07
85.139,85.139,4.67051,0.17,0,2.32067,2.92547,0,0.434818,5.32224,4.2568e+06,2.70226e+06,9.87863e+06,0,0,0,2.85105e+08,62.3362,61.308,4.7114,0,0,1.93676,1.33196,0,1.4962,2.96352,8.84649e+06,3.61194e+06,1.71335e+07,0,0,0,7.74588e+07
85.139,85.139,4.24522,0.14,0,2.32108,2.92588,0,0.434894,5.32224,4.2568e+06,2.70226e+06,9.88035e+06,0,0,0,2.85105e+08,62.2883,61.308,3.66171,0,0,1.93694,1.33214,0,1.49634,2.96352,8.84649e+06,3.61194e+06,1.71352e+07,0,0,0,7.74588e+07
85.139,85.139,3.72852,0.12,0,2.46029,3.06509,0,0.43497,5.32224,4.2568e+06,2.70226e+06,1.0473e+07,0,0,0,2.85105e+08,62.1702,61.308,3.39759,0,0,2.00916,1.40436,0,1.49648,2.96352,8.84649e+06,3.61194e+06,1.7774e+07,0,0,0,7.74588e+07
85.139,85.139,4.01774,0.11,0,2.46072,3.06552,0,0.461059,5.32224,4.2568e+06,2.70226e+06,1.04748e+07,0,0,0,2.85105e+08,62.3362,61.308,3.8332,0,0,2.00935,1.40455,0,1.55228,2.96352,8.84649e+06,3.61194e+06,1.77757e+07,0,0,0,7.74588e+07
85.139,85.139,4.04923,0.08,0,2.46114,3.06594,0,0.461138,5.32224,4.2568e+06,2.70226e+06,1.04766e+07,0,0,0,2.85105e+08,62.3362,61.308,4.44988,0,0,2.00955,1.40475,0,1.55243,2.96352,8.84649e+06,3.61194e+06,1.77774e+07,0,0,0,7.74588e+07
85.139,85.139,3.58282,0.09,0,2.46156,3.06636,0,0.461217,5.32224,4.2568e+06,2.70226e+06,1.04784e+07,0,0,0,2.85105e+08,62.3362,61.308,3.73704,0,0,2.00974,1.40494,0,1.55258,2.96352,8.84649e+06,3.61194e+06,1.77792e+07,0,0,0,7.74588e+07
85.139,85.139,3.37469,0.09,0,2.46198,3.06678,0,0.461297,5.32224,4.2568e+06,2.70226e+06,1.04802e+07,0,0,0,2.85105e+08,62.223,61.308,3.22801,0,0,2.00994,1.40514,0,1.55273,2.96352,8.84649e+06,3.61194e+06,1.77809e+07,0,0,0,7.74588e+07
85.139,85.139,3.60795,0.08,0,2.43494,3.03974,0,0.461376,5.32224,4.2568e+06,2.70226e+06,1.0365e+07,0,0,0,2.85105e+08,62.1612,61.308,3.07855,0,0,2.04975,1.44495,0,1.55288,2.96352,8.84649e+06,3.61194e+06,1.81331e+07,0,0,0,7.74588e+07
85.139,85.139,3.54315,0.08,0,2.43536,3.04016,0,0.456307,5.32224,4.2568e+06,2.70226e+06,1.03668e+07,0,0,0,2.85105e+08,62.1246,61.308,2.9764,0,0,2.04995,1.44515,0,1.58363,2.96352,8.84649e+06,3.61194e+06,1.81348e+07,0,0,0,7.74588e+07
85.139,85.139,3.29923,0.07,0,2.43577,3.04057,0,0.456386,5.32224,4.2568e+06,2.70226e+06,1.03686e+07,0,0,0,2.85105e+08,61.9703,61.308,2.7709,0,0,2.05015,1.44535,0,1.58379,2.96352,8.84649e+06,3.61194e+06,1.81366e+07,0,0,0,7.74588e+07
85.139,85.139,3.12114,0.08,0,2.43619,3.04099,0,0.456464,5.32224,4.2568e+06,2.70226e+06,1.03704e+07,0,0,0,2.85105e+08,61.7699,61.308,2.60974,0,0,2.05034,1.44554,0,1.58394,2.96352,8.84649e+06,3.61194e+06,1.81384e+07,0,0,0,7.74588e+07
85.139,85.139,2.9567,0.09,0,2.50759,3.11239,0,0.456543,5.32224,4.2568e+06,2.70226e+06,1.06743e+07,0,0,0,2.85105e+08,61.5258,61.308,2.17518,0,0,2.08587,1.48107,0,1.5841,2.96352,8.84649e+06,3.61194e+06,1.84526e+07,0,0,0,7.74588e+07
85.139,85.139,3.24405,0.09,0,2.50802,3.11282,0,0.469923,5.32224,4.2568e+06,2.70226e+06,1.06761e+07,0,0,0,2.85105e+08,61.2624,61.308,2.24996,0,0,2.08608,1.48128,0,1.61154,2.96352,8.84649e+06,3.61194e+06,1.84544e+07,0,0,0,7.74588e+07
85.139,85.139,3.00688,0.09,0,2.50845,3.11325,0,0.470003,5.32224,4.2568e+06,2.70226e+06,1.0678e+07,0,0,0,2.85105e+08,60.9017,61.308,2.27442,0,0,2.08628,1.48148,0,1.6117,2.96352,8.84649e+06,3.61194e+06,1.84563e+07,0,0,0,7.74588e+07
85.139,85.139,2.78477,0.1,0,2.50888,3.11368,0,0.470084,5.32224,4.2568e+06,2.70226e+06,1.06798e+07,0,0,0,2.85105e+08,60.4951,61.308,2.02905,0,0,2.08648,1.48168,0,1.61186,2.96352,8.84649e+06,3.61194e+06,1.84581e+07,0,0,0,7.74588e+07
85.1074,85.139,2.83724,0.1,0,2.71729,3.32209,0,0.470164,5.32224,4.2568e+06,2.70226e+06,1.15669e+07,0,0,0,2.85105e+08,60.0702,61.308,2.28834,0,0,2.21427,1.60947,0,1.61202,2.96352,8.84649e+06,3.61194e+06,1.95885e+07,0,0,0,7.74588e+07
85.139,85.139,3.52622,0.16,0,2.71775,3.32255,0,0.50922,5.32224,4.2568e+06,2.70226e+06,1.15689e+07,0,0,0,2.85105e+08,59.7214,61.308,1.82657,0,0,2.21449,1.60969,0,1.71075,2.96352,8.84649e+06,3.61194e+06,1.95905e+07,0,0,0,7.74588e+07
85.139,85.139,3.38442,0.1,0,2.7182,3.323,0,0.509306,5.32224,4.2568e+06,2.70226e+06,1.15708e+07,0,0,0,2.85105e+08,59.3707,61.308,2.05064,0,0,2.21472,1.60992,0,1.71092,2.96352,8.84649e+06,3.61194e+06,1.95925e+07,0,0,0,7.74588e+07
85.139,85.139,3.19045,0.11,0,2.71866,3.32346,0,0.509391,5.32224,4.2568e+06,2.70226e+06,1.15728e+07,0,0,0,2.85105e+08,59.0054,61.308,2.35031,0,0,2.21494,1.61014,0,1.71109,2.96352,8.84649e+06,3.61194e+06,1.95944e+07,0,0,0,7.74588e+07
85.139,85.139,3.08255,0.11,0,2.71912,3.32392,0,0.509477,5.32224,4.2568e+06,2.70226e+06,1.15747e+07,0,0,0,2.85105e+08,58.6353,61.308,2.31795,0,0,2.21516,1.61036,0,1.71126,2.96352,8.84649e+06,3.61194e+06,1.95964e+07,0,0,0,7.74588e+07
85.139,85.139,3.52558,0.12,0,2.61815,3.22295,0,0.509563,5.32224,4.2568e+06,2.70226e+06,1.11449e+07,0,0,0,2.85105e+08,58.1682,61.308,2.27042,0,0,2.13789,1.53309,0,1.71143,2.96352,8.84649e+06,3.61194e+06,1.89128e+07,0,0,0,7.74588e+07
85.139,85.139,3.60218,0.12,0,2.61859,3.22339,0,0.490641,5.32224,4.2568e+06,2.70226e+06,1.11468e+07,0,0,0,2.85105e+08,57.7655,61.308,2.37627,0,0,2.1381,1.5333,0,1.65173,2.96352,8.84649e+06,3.61194e+06,1.89147e+07,0,0,0,7.74588e+07
85.139,85.139,4.12049,0.12,0,2.61904,3.22384,0,0.490724,5.32224,4.2568e+06,2.70226e+06,1.11487e+07,0,0,0,2.85105e+08,57.5714,61.308,3.00937,0,0,2.13831,1.53351,0,1.6519,2.96352,8.84649e+06,3.61194e+06,1.89166e+07,0,0,0,7.74588e+07
85.139,85.139,3.99193,0.12,0,2.61948,3.22428,0,0.490808,5.32224,4.2568e+06,2.70226e+06,1.11506e+07,0,0,0,2.85105e+08,57.3632,61.308,2.93345,0,0,2.13852,1.53372,0,1.65206,2.96352,8.84649e+06,3.61194e+06,1.89184e+07,0,0,0,7.74588e+07
85.139,85.139,4.16941,0.12,0,2.53662,3.14142,0,0.490891,5.32224,4.2568e+06,2.70226e+06,1.07979e+07,0,0,0,2.85105e+08,57.4583,61.308,3.72406,0,0,2.06816,1.46336,0,1.65222,2.96352,8.84649e+06,3.61194e+06,1.8296e+07,0,0,0,7.74588e+07
84.3817,85.139,1.98439,0.12,0,2.53706,3.14186,0,0.475363,5.32224,4.2568e+06,2.70226e+06,1.07997e+07,0,0,0,2.85105e+08,57.5741,61.308,2.90424,0,0,2.06836,1.46356,0,1.59786,2.96352,8.84649e+06,3.61194e+06,1.82977e+07,0,0,0,7.74588e+07
84.5352,85.139,3.03106,0.17,0,2.53749,3.14229,0,0.475444,5.32224,4.2568e+06,2.70226e+06,1.08016e+07,0,0,0,2.85105e+08,58.03,61.308,3.60104,0,0,2.06856,1.46376,0,1.59802,2.96352,8.84649e+06,3.61194e+06,1.82995e+07,0,0,0,7.74588e+07
85.139,85.139,5.34013,0.17,0,2.53792,3.14272,0,0.475526,5.32224,4.2568e+06,2.70226e+06,1.08034e+07,0,0,0,2.85105e+08,59.0378,61.308,4.7984,0,0,2.06876,1.46396,0,1.59817,2.96352,8.84649e+06,3.61194e+06,1.83013e+07,0,0,0,7.74588e+07
85.139,85.139,6.23581,0.15,0,2.30164,2.90644,0,0.475607,5.32224,4.2568e+06,2.70226e+06,9.79761e+06,0,0,0,2.85105e+08,60.1114,61.308,5.97777,0,0,1.9219,1.3171,0,1.59833,2.96352,8.84649e+06,3.61194e+06,1.7002e+07,0,0,0,7.74588e+07
85.139,85.139,5.43237,0.16,0,2.30204,2.90684,0,0.431327,5.32224,4.2568e+06,2.70226e+06,9.79932e+06,0,0,0,2.85105e+08,61.9617,61.308,6.39497,0,0,1.92208,1.31728,0,1.48486,2.96352,8.84649e+06,3.61194e+06,1.70036e+07,0,0,0,7.74588e+07
85.139,85.139,5.24403,0.18,0,2.30244,2.90724,0,0.431402,5.32224,4.2568e+06,2.70226e+06,9.80102e+06,0,0,0,2.85105e+08,62.3362,61.308,5.81738,0,0,1.92226,1.31746,0,1.485,2.96352,8.84649e+06,3.61194e+06,1.70052e+07,0,0,0,7.74588e+07
85.139,85.139,7.11665,0.19,0,2.30284,2.90764,0,0.431478,5.32224,4.2568e+06,2.70226e+06,9.80273e+06,0,0,0,2.85105e+08,62.3362,61.308,6.03361,0,0,1.92244,1.31764,0,1.48514,2.96352,8.84649e+06,3.61194e+06,1.70068e+07,0,0,0,7.74588e+07
85.139,85.139,10.0637,0.2,0,2.30324,2.90804,0,0.431553,5.32224,4.2568e+06,2.70226e+06,9.80443e+06,0,0,0,2.85105e+08,62.3362,61.308,9.12545,0,0,1.92262,1.31782,0,1.48528,2.96352,8.84649e+06,3.61194e+06,1.70085e+07,0,0,0,7.74588e+07
85.139,85.139,6.62397,0.2,0,2.30324,2.90804,0,0.431628,5.32224,4.2568e+06,2.70226e+06,9.80443e+06,0,0,0,2.85105e+08,61.9123,61.308,8.36798,0,0,1.92262,1.31782,0,1.48542,2.96352,8.84649e+06,3.61194e+06,1.70085e+07,0,0,0,7.74588e+07
84.559,85.139,2.20522,0.21,0,2.39475,2.99955,0,0.431628,5.32224,4.2568e+06,2.70226e+06,1.01939e+07,0,0,0,2.85105e+08,61.5681,61.308,1.52932,0,0,1.96542,1.36062,0,1.48542,2.96352,8.84649e+06,3.61194e+06,1.7387e+07,0,0,0,7.74588e+07
85.139,85.139,4.42634,0.23,0,2.39514,2.99994,0,0.448776,5.32224,4.2568e+06,2.70226e+06,1.01956e+07,0,0,0,2.85105e+08,61.7323,61.308,2.83281,0,0,1.96559,1.36079,0,1.51848,2.96352,8.84649e+06,3.61194e+06,1.73886e+07,0,0,0,7.74588e+07
85.139,85.139,6.28169,0.2,0,2.39553,3.00033,0,0.448849,5.32224,4.2568e+06,2.70226e+06,1.01973e+07,0,0,0,2.85105e+08,62.3362,61.308,5.62197,0,0,1.96577,1.36097,0,1.51862,2.96352,8.84649e+06,3.61194e+06,1.73902e+07,0,0,0,7.74588e+07
85.139,85.139,8.78265,0.2,0,2.39592,3.00072,0,0.448922,5.32224,4.2568e+06,2.70226e+06,1.01989e+07,0,0,0,2.85105e+08,62.3362,61.308,7.14826,0,0,1.96595,1.36115,0,1.51875,2.96352,8.84649e+06,3.61194e+06,1.73917e+07,0,0,0,7.74588e+07
85.139,85.139,3.97396,0.19,0,2.68903,3.29383,0,0.448995,5.32224,4.2568e+06,2.70226e+06,1.14467e+07,0,0,0,2.85105e+08,62.3362,61.308,4.64765,0,0,2.12619,1.52139,0,1.51889,2.96352,8.84649e+06,3.61194e+06,1.88093e+07,0,0,0,7.74588e+07
85.139,85.139,3.52371,0.19,0,2.68946,3.29426,0,0.503925,5.32224,4.2568e+06,2.70226e+06,1.14485e+07,0,0,0,2.85105e+08,62.3362,61.308,2.78763,0,0,2.12639,1.52159,0,1.64269,2.96352,8.84649e+06,3.61194e+06,1.8811e+07,0,0,0,7.74588e+07
85.139,85.139,6.00851,0.19,0,2.68989,3.29469,0,0.504005,5.32224,4.2568e+06,2.70226e+06,1.14503e+07,0,0,0,2.85105e+08,62.3362,61.308,3.76714,0,0,2.12658,1.52178,0,1.64285,2.96352,8.84649e+06,3.61194e+06,1.88128e+07,0,0,0,7.74588e+07
85.139,85.139,4.73596,0.18,0,2.69032,3.29512,0,0.504086,5.32224,4.2568e+06,2.70226e+06,1.14521e+07,0,0,0,2.85105e+08,62.3362,61.308,3.58178,0,0,2.12678,1.52198,0,1.643,2.96352,8.84649e+06,3.61194e+06,1.88146e+07,0,0,0,7.74588e+07
85.139,85.139,5.52724,0.22,0,2.27302,2.87782,0,0.504166,5.32224,4.2568e+06,2.70226e+06,9.67577e+06,0,0,0,2.85105e+08,62.3362,61.308,7.53534,0,0,1.91206,1.30726,0,1.64315,2.96352,8.84649e+06,3.61194e+06,1.6915e+07,0,0,0,7.74588e+07
85.139,85.139,5.11562,0.22,0,2.27339,2.87819,0,0.425963,5.32224,4.2568e+06,2.70226e+06,9.67737e+06,0,0,0,2.85105e+08,62.3362,61.308,7.28013,0,0,1.91223,1.30743,0,1.47726,2.96352,8.84649e+06,3.61194e+06,1.69165e+07,0,0,0,7.74588e+07
85.139,85.139,5.22738,0.23,0,2.27377,2.87857,0,0.426034,5.32224,4.2568e+06,2.70226e+06,9.67896e+06,0,0,0,2.85105e+08,62.3362,61.308,6.87819,0,0,1.9124,1.3076,0,1.47739,2.96352,8.84649e+06,3.61194e+06,1.69181e+07,0,0,0,7.74588e+07
85.139,85.139,4.75408,0.25,0,2.27414,2.87894,0,0.426104,5.32224,4.2568e+06,2.70226e+06,9.68056e+06,0,0,0,2.85105e+08,62.3362,61.308,6.47557,0,0,1.91257,1.30777,0,1.47752,2.96352,8.84649e+06,3.61194e+06,1.69196e+07,0,0,0,7.74588e+07
85.139,85.139,3.82392,0.27,0,2.27452,2.87932,0,0.426174,5.32224,4.2568e+06,2.70226e+06,9.68216e+06,0,0,0,2.85105e+08,62.3362,61.308,4.80565,0,0,1.91274,1.30794,0,1.47765,2.96352,8.84649e+06,3.61194e+06,1.69211e+07,0,0,0,7.74588e+07
85.139,85.139,4.30007,0.3,0,2.38011,2.98491,0,0.426245,5.32224,4.2568e+06,2.70226e+06,1.01316e+07,0,0,0,2.85105e+08,62.3362,61.308,5.88705,0,0,1.96553,1.36073,0,1.47779,2.96352,8.84649e+06,3.61194e+06,1.7388e+07,0,0,0,7.74588e+07
85.139,85.139,5.1942,0.29,0,2.3805,2.9853,0,0.446033,5.32224,4.2568e+06,2.70226e+06,1.01333e+07,0,0,0,2.85105e+08,62.3362,61.308,7.39843,0,0,1.9657,1.3609,0,1.51857,2.96352,8.84649e+06,3.61194e+06,1.73896e+07,0,0,0,7.74588e+07
85.139,85.139,5.74084,0.27,0,2.38089,2.98569,0,0.446106,5.32224,4.2568e+06,2.70226e+06,1.0135e+07,0,0,0,2.85105e+08,62.3362,61.308,7.20499,0,0,1.96588,1.36108,0,1.5187,2.96352,8.84649e+06,3.61194e+06,1.73911e+07,0,0,0,7.74588e+07
85.139,85.139,4.08366,0.24,0,2.38128,2.98608,0,0.446178,5.32224,4.2568e+06,2.70226e+06,1.01366e+07,0,0,0,2.85105e+08,62.3362,61.308,4.99446,0,0,1.96606,1.36126,0,1.51884,2.96352,8.84649e+06,3.61194e+06,1.73927e+07,0,0,0,7.74588e+07
85.139,85.139,3.40171,0.22,0,2.34051,2.94531,0,0.446251,5.32224,4.2568e+06,2.70226e+06,9.96305e+06,0,0,0,2.85105e+08,62.3362,61.308,3.60436,0,0,1.94579,1.34099,0,1.51898,2.96352,8.84649e+06,3.61194e+06,1.72134e+07,0,0,0,7.74588e+07
85.139,85.139,3.07556,0.19,0,2.34089,2.94569,0,0.438611,5.32224,4.2568e+06,2.70226e+06,9.96469e+06,0,0,0,2.85105e+08,62.3211,61.308,3.11178,0,0,1.94597,1.34117,0,1.50332,2.96352,8.84649e+06,3.61194e+06,1.7215e+07,0,0,0,7.74588e+07
85.139,85.139,3.58103,0.16,0,2.34127,2.94607,0,0.438683,5.32224,4.2568e+06,2.70226e+06,9.96632e+06,0,0,0,2.85105e+08,62.2446,61.308,3.05149,0,0,1.94614,1.34134,0,1.50345,2.96352,8.84649e+06,3.61194e+06,1.72165e+07,0,0,0,7.74588e+07
85.139,85.139,2.85515,0.15,0,2.34166,2.94646,0,0.438754,5.32224,4.2568e+06,2.70226e+06,9.96795e+06,0,0,0,2.85105e+08,62.1279,61.308,3.03428,0,0,1.94631,1.34151,0,1.50359,2.96352,8.84649e+06,3.61194e+06,1.72181e+07,0,0,0,7.74588e+07
85.139,85.139,2.8704,0.15,0,2.48183,3.08663,0,0.438826,5.32224,4.2568e+06,2.70226e+06,1.05646e+07,0,0,0,2.85105e+08,62.0417,61.308,2.85571,0,0,2.01903,1.41423,0,1.50372,2.96352,8.84649e+06,3.61194e+06,1.78613e+07,0,0,0,7.74588e+07
85.0203,85.139,2.7214,0.11,0,2.48223,3.08703,0,0.465095,5.32224,4.2568e+06,2.70226e+06,1.05664e+07,0,0,0,2.85105e+08,61.906,61.308,2.5762,0,0,2.01921,1.41441,0,1.5599,2.96352,8.84649e+06,3.61194e+06,1.78629e+07,0,0,0,7.74588e+07
84.7638,85.139,2.54997,0.21,0,2.48263,3.08743,0,0.46517,5.32224,4.2568e+06,2.70226e+06,1.05681e+07,0,0,0,2.85105e+08,61.774,61.308,2.76954,0,0,2.0194,1.4146,0,1.56004,2.96352,8.84649e+06,3.61194e+06,1.78646e+07,0,0,0,7.74588e+07
84.4128,85.139,2.43774,0.19,0,2.48304,3.08784,0,0.465246,5.32224,4.2568e+06,2.70226e+06,1.05698e+07,0,0,0,2.85105e+08,61.6087,61.308,2.68667,0,0,2.01958,1.41478,0,1.56019,2.96352,8.84649e+06,3.61194e+06,1.78662e+07,0,0,0,7.74588e+07
84.0012,85.139,2.35549,0.17,0,2.48344,3.08824,0,0.465321,5.32224,4.2568e+06,2.70226e+06,1.05715e+07,0,0,0,2.85105e+08,61.3663,61.308,2.4185,0,0,2.01977,1.41497,0,1.56033,2.96352,8.84649e+06,3.61194e+06,1.78678e+07,0,0,0,7.74588e+07
83.5608,85.139,2.26933,0.17,0,2.45618,3.06098,0,0.465396,5.32224,4.2568e+06,2.70226e+06,1.04554e+07,0,0,0,2.85105e+08,61.0569,61.308,2.23308,0,0,2.05984,1.45504,0,1.56047,2.96352,8.84649e+06,3.61194e+06,1.82224e+07,0,0,0,7.74588e+07
83.0189,85.139,2.15079,0.18,0,2.45658,3.06138,0,0.460288,5.32224,4.2568e+06,2.70226e+06,1.04571e+07,0,0,0,2.85105e+08,60.7156,61.308,2.14674,0,0,2.06003,1.45523,0,1.59144,2.96352,8.84649e+06,3.61194e+06,1.82241e+07,0,0,0,7.74588e+07
82.3325,85.139,1.99438,0.17,0,2.45697,3.06177,0,0.460362,5.32224,4.2568e+06,2.70226e+06,1.04588e+07,0,0,0,2.85105e+08,60.3008,61.308,2.00104,0,0,2.06022,1.45542,0,1.59158,2.96352,8.84649e+06,3.61194e+06,1.82257e+07,0,0,0,7.74588e+07
81.5768,85.139,1.91313,0.17,0,2.45737,3.06217,0,0.460437,5.32224,4.2568e+06,2.70226e+06,1.04605e+07,0,0,0,2.85105e+08,59.8499,61.308,1.883,0,0,2.06041,1.45561,0,1.59173,2.96352,8.84649e+06,3.61194e+06,1.82274e+07,0,0,0,7.74588e+07
80.8009,85.139,1.92888,0.15,0,2.52925,3.13405,0,0.460512,5.32224,4.2568e+06,2.70226e+06,1.07665e+07,0,0,0,2.85105e+08,59.345,61.308,1.81423,0,0,2.09618,1.49138,0,1.59187,2.96352,8.84649e+06,3.61194e+06,1.85438e+07,0,0,0,7.74588e+07
79.9141,85.139,1.80611,0.16,0,2.52966,3.13446,0,0.473981,5.32224,4.2568e+06,2.70226e+06,1.07682e+07,0,0,0,2.85105e+08,58.7797,61.308,1.80691,0,0,2.09637,1.49157,0,1.61951,2.96352,8.84649e+06,3.61194e+06,1.85455e+07,0,0,0,7.74588e+07
78.8364,85.139,1.60406,0.16,0,2.53006,3.13486,0,0.474057,5.32224,4.2568e+06,2.70226e+06,1.077e+07,0,0,0,2.85105e+08,58.1525,61.308,1.64021,0,0,2.09656,1.49176,0,1.61966,2.96352,8.84649e+06,3.61194e+06,1.85472e+07,0,0,0,7.74588e+07
77.6301,85.139,1.45442,0.21,0,2.53047,3.13527,0,0.474134,5.32224,4.2568e+06,2.70226e+06,1.07717e+07,0,0,0,2.85105e+08,57.3635,61.308,1.59983,0,0,2.09676,1.49196,0,1.61981,2.96352,8.84649e+06,3.61194e+06,1.8549e+07,0,0,0,7.74588e+07
76.6382,85.139,1.85926,0.21,0,2.7403,3.3451,0,0.47421,5.32224,4.2568e+06,2.70226e+06,1.16649e+07,0,0,0,2.85105e+08,56.8806,61.308,1.54345,0,0,2.22542,1.62062,0,1.61996,2.96352,8.84649e+06,3.61194e+06,1.96872e+07,0,0,0,7.74588e+07
75.7878,85.139,2.004,0.21,0,2.74073,3.34553,0,0.513532,5.32224,4.2568e+06,2.70226e+06,1.16667e+07,0,0,0,2.85105e+08,56.4351,61.308,1.81792,0,0,2.22563,1.62083,0,1.71936,2.96352,8.84649e+06,3.61194e+06,1.9689e+07,0,0,0,7.74588e+07
74.8284,85.139,1.89243,0.21,0,2.74117,3.34597,0,0.513614,5.32224,4.2568e+06,2.70226e+06,1.16686e+07,0,0,0,2.85105e+08,55.9773,61.308,2.08512,0,0,2.22584,1.62104,0,1.71952,2.96352,8.84649e+06,3.61194e+06,1.96909e+07,0,0,0,7.74588e+07
73.8185,85.139,1.82708,0.2,0,2.74161,3.34641,0,0.513695,5.32224,4.2568e+06,2.70226e+06,1.16705e+07,0,0,0,2.85105e+08,55.5155,61.308,2.05639,0,0,2.22605,1.62125,0,1.71969,2.96352,8.84649e+06,3.61194e+06,1.96928e+07,0,0,0,7.74588e+07
73.0332,85.139,2.01751,0.21,0,2.74204,3.34684,0,0.513777,5.32224,4.2568e+06,2.70226e+06,1.16723e+07,0,0,0,2.85105e+08,55.0047,61.308,2.24381,0,0,2.22627,1.62147,0,1.71985,2.96352,8.84649e+06,3.61194e+06,1.96946e+07,0,0,0,7.74588e+07
72.918,85.139,2.58187,0.24,0,2.64035,3.24515,0,0.513859,5.32224,4.2568e+06,2.70226e+06,1.12394e+07,0,0,0,2.85105e+08,54.5518,61.308,2.96043,0,0,2.14845,1.54365,0,1.72001,2.96352,8.84649e+06,3.61194e+06,1.90062e+07,0,0,0,7.74588e+07
72.697,85.139,2.50217,0.24,0,2.64077,3.24557,0,0.494801,5.32224,4.2568e+06,2.70226e+06,1.12412e+07,0,0,0,2.85105e+08,54.0905,61.308,2.88377,0,0,2.14865,1.54385,0,1.65989,2.96352,8.84649e+06,3.61194e+06,1.9008e+07,0,0,0,7.74588e+07
72.8277,85.139,2.98591,0.24,0,2.64119,3.24599,0,0.494881,5.32224,4.2568e+06,2.70226e+06,1.1243e+07,0,0,0,2.85105e+08,53.8136,61.308,3.6684,0,0,2.14885,1.54405,0,1.66005,2.96352,8.84649e+06,3.61194e+06,1.90098e+07,0,0,0,7.74588e+07
72.9216,85.139,3.06167,0.23,0,2.64162,3.24642,0,0.49496,5.32224,4.2568e+06,2.70226e+06,1.12448e+07,0,0,0,2.85105e+08,53.4438,61.308,2.82351,0,0,2.14905,1.54425,0,1.6602,2.96352,8.84649e+06,3.61194e+06,1.90116e+07,0,0,0,7.74588e+07
75.4679,85.139,5.50996,0.24,0,2.55817,3.16297,0,0.495039,5.32224,4.2568e+06,2.70226e+06,1.08896e+07,0,0,0,2.85105e+08,53.653,61.308,4.87275,0,0,2.07819,1.47339,0,1.66036,2.96352,8.84649e+06,3.61194e+06,1.83847e+07,0,0,0,7.74588e+07
78.085,85.139,5.60221,0.21,0,2.55858,3.16338,0,0.4794,5.32224,4.2568e+06,2.70226e+06,1.08913e+07,0,0,0,2.85105e+08,54.5454,61.308,6.44785,0,0,2.07839,1.47359,0,1.60561,2.96352,8.84649e+06,3.61194e+06,1.83864e+07,0,0,0,7.74588e+07
82.3953,85.139,7.34226,0.21,0,2.55899,3.16379,0,0.479477,5.32224,4.2568e+06,2.70226e+06,1.08931e+07,0,0,0,2.85105e+08,55.3325,61.308,7.14239,0,0,2.07858,1.47378,0,1.60576,2.96352,8.84649e+06,3.61194e+06,1.83881e+07,0,0,0,7.74588e+07
84.019,85.139,4.78354,0.2,0,2.5594,3.1642,0,0.479555,5.32224,4.2568e+06,2.70226e+06,1.08948e+07,0,0,0,2.85105e+08,55.5717,61.308,5.04276,0,0,2.07877,1.47397,0,1.60591,2.96352,8.84649e+06,3.61194e+06,1.83898e+07,0,0,0,7.74588e+07
85.139,85.139,7.26863,0.2,0,2.32148,2.92628,0,0.479632,5.32224,4.2568e+06,2.70226e+06,9.88207e+06,0,0,0,2.85105e+08,57.4048,61.308,8.43121,0,0,1.93089,1.32609,0,1.60606,2.96352,8.84649e+06,3.61194e+06,1.70816e+07,0,0,0,7.74588e+07
85.139,85.139,8.39846,0.18,0,2.32186,2.92666,0,0.435046,5.32224,4.2568e+06,2.70226e+06,9.8837e+06,0,0,0,2.85105e+08,59.1606,61.308,8.06331,0,0,1.93106,1.32626,0,1.4918,2.96352,8.84649e+06,3.61194e+06,1.70831e+07,0,0,0,7.74588e+07
85.139,85.139,7.62405,0.19,0,2.32224,2.92704,0,0.435117,5.32224,4.2568e+06,2.70226e+06,9.88532e+06,0,0,0,2.85105e+08,61.66,61.308,9.84072,0,0,1.93123,1.32643,0,1.49194,2.96352,8.84649e+06,3.61194e+06,1.70846e+07,0,0,0,7.74588e+07
85.139,85.139,6.75692,0.21,0,2.32263,2.92743,0,0.435189,5.32224,4.2568e+06,2.70226e+06,9.88694e+06,0,0,0,2.85105e+08,62.3362,61.308,7.81638,0,0,1.93141,1.32661,0,1.49207,2.96352,8.84649e+06,3.61194e+06,1.70862e+07,0,0,0,7.74588e+07
85.139,85.139,8.8658,0.22,0,2.32301,2.92781,0,0.43526,5.32224,4.2568e+06,2.70226e+06,9.88856e+06,0,0,0,2.85105e+08,62.3362,61.308,9.9477,0,0,1.93158,1.32678,0,1.4922,2.96352,8.84649e+06,3.61194e+06,1.70877e+07,0,0,0,7.74588e+07
85.139,85.139,8.70942,0.23,0.02,2.41511,3.01991,0,0.435331,5.32224,4.2568e+06,2.70226e+06,1.02806e+07,0,0,0,2.85105e+08,62.3362,61.308,10.3422,0,0,1.97465,1.36985,0,1.49234,2.96352,8.84649e+06,3.61194e+06,1.74687e+07,0,0,0,7.74588e+07
85.139,85.139,7.27027,0.22,0.02,2.41548,3.02028,0,0.452592,5.32224,4.2568e+06,2.70226e+06,1.02822e+07,0,0,0,2.85105e+08,62.3362,61.308,8.60601,0,0,1.97482,1.37002,0,1.52562,2.96352,8.84649e+06,3.61194e+06,1.74702e+07,0,0,0,7.74588e+07
85.139,85.139,8.16217,0.21,0.02,2.41585,3.02065,0,0.452661,5.32224,4.2568e+06,2.70226e+06,1.02838e+07,0,0,0,2.85105e+08,62.3362,61.308,6.56745,0,0,1.97499,1.37019,0,1.52575,2.96352,8.84649e+06,3.61194e+06,1.74717e+07,0,0,0,7.74588e+07
85.139,85.139,6.61748,0.21,0.02,2.41622,3.02102,0,0.45273,5.32224,4.2568e+06,2.70226e+06,1.02854e+07,0,0,0,2.85105e+08,62.3362,61.308,5.469,0,0,1.97516,1.37036,0,1.52588,2.96352,8.84649e+06,3.61194e+06,1.74732e+07,0,0,0,7.74588e+07
85.139,85.139,6.86412,0.21,0.02,2.71129,3.31609,0,0.4528,5.32224,4.2568e+06,2.70226e+06,1.15414e+07,0,0,0,2.85105e+08,62.3362,61.308,6.31618,0,0,2.13647,1.53167,0,1.52601,2.96352,8.84649e+06,3.61194e+06,1.89003e+07,0,0,0,7.74588e+07
85.139,85.139,7.09132,0.21,0.02,2.7117,3.3165,0,0.508096,5.32224,4.2568e+06,2.70226e+06,1.15431e+07,0,0,0,2.85105e+08,62.3362,61.308,6.23024,0,0,2.13666,1.53186,0,1.65064,2.96352,8.84649e+06,3.61194e+06,1.89019e+07,0,0,0,7.74588e+07
85.139,85.139,6.46087,0.2,0.02,2.71211,3.31691,0,0.508172,5.32224,4.2568e+06,2.70226e+06,1.15449e+07,0,0,0,2.85105e+08,62.3362,61.308,6.94118,0,0,2.13685,1.53205,0,1.65078,2.96352,8.84649e+06,3.61194e+06,1.89036e+07,0,0,0,7.74588e+07
85.139,85.139,5.68665,0.2,0.02,2.71251,3.31731,0,0.508249,5.32224,4.2568e+06,2.70226e+06,1.15466e+07,0,0,0,2.85105e+08,62.3362,61.308,7.20874,0,0,2.13703,1.53223,0,1.65093,2.96352,8.84649e+06,3.61194e+06,1.89052e+07,0,0,0,7.74588e+07
85.139,85.139,6.62575,0.22,0.02,2.29238,2.89718,0,0.508325,5.32224,4.2568e+06,2.70226e+06,9.75819e+06,0,0,0,2.85105e+08,62.3362,61.308,9.72716,0,0,1.92086,1.31606,0,1.65107,2.96352,8.84649e+06,3.61194e+06,1.69928e+07,0,0,0,7.74588e+07
85.139,85.139,6.46235,0.23,0.02,2.29273,2.89753,0,0.429592,5.32224,4.2568e+06,2.70226e+06,9.7597e+06,0,0,0,2.85105e+08,62.3362,61.308,6.63053,0,0,1.92102,1.31622,0,1.48405,2.96352,8.84649e+06,3.61194e+06,1.69943e+07,0,0,0,7.74588e+07
85.139,85.139,9.32984,0.25,0.02,2.29309,2.89789,0,0.429658,5.32224,4.2568e+06,2.70226e+06,9.76121e+06,0,0,0,2.85105e+08,62.3362,61.308,14.7668,0,0,1.92118,1.31638,0,1.48418,2.96352,8.84649e+06,3.61194e+06,1.69957e+07,0,0,0,7.74588e+07
85.139,85.139,10.7103,0.27,0.02,2.29345,2.89825,0,0.429725,5.32224,4.2568e+06,2.70226e+06,9.76273e+06,0,0,0,2.85105e+08,62.3362,61.308,11.5945,0,0,1.92134,1.31654,0,1.4843,2.96352,8.84649e+06,3.61194e+06,1.69971e+07,0,0,0,7.74588e+07
85.139,85.139,6.46267,0.29,0.02,2.2938,2.8986,0,0.429792,5.32224,4.2568e+06,2.70226e+06,9.76424e+06,0,0,0,2.85105e+08,62.3362,61.308,7.58853,0,0,1.9215,1.3167,0,1.48443,2.96352,8.84649e+06,3.61194e+06,1.69986e+07,0,0,0,7.74588e+07
85.139,85.139,7.0865,0.32,0.02,2.40008,3.00488,0,0.429858,5.32224,4.2568e+06,2.70226e+06,1.02166e+07,0,0,0,2.85105e+08,62.3362,61.308,11.6815,0,0,1.97463,1.36983,0,1.48455,2.96352,8.84649e+06,3.61194e+06,1.74685e+07,0,0,0,7.74588e+07
85.139,85.139,8.36511,0.33,0.02,2.40045,3.00525,0,0.449775,5.32224,4.2568e+06,2.70226e+06,1.02182e+07,0,0,0,2.85105e+08,62.3362,61.308,16.5451,0,0,1.9748,1.37,0,1.5256,2.96352,8.84649e+06,3.61194e+06,1.747e+07,0,0,0,7.74588e+07
85.139,85.139,6.0251,0.3,0.02,2.40082,3.00562,0,0.449844,5.32224,4.2568e+06,2.70226e+06,1.02198e+07,0,0,0,2.85105e+08,62.3362,61.308,9.90395,0,0,1.97496,1.37016,0,1.52573,2.96352,8.84649e+06,3.61194e+06,1.74715e+07,0,0,0,7.74588e+07
85.139,85.139,5.33755,0.28,0.02,2.40118,3.00598,0,0.449913,5.32224,4.2568e+06,2.70226e+06,1.02214e+07,0,0,0,2.85105e+08,62.3362,61.308,8.30225,0,0,1.97513,1.37033,0,1.52586,2.96352,8.84649e+06,3.61194e+06,1.7473e+07,0,0,0,7.74588e+07
85.139,85.139,5.4904,0.24,0.02,2.36012,2.96492,0,0.449982,5.32224,4.2568e+06,2.70226e+06,1.00465e+07,0,0,0,2.85105e+08,62.3362,61.308,5.6015,0,0,1.95472,1.34992,0,1.52599,2.96352,8.84649e+06,3.61194e+06,1.72924e+07,0,0,0,7.74588e+07
85.139,85.139,4.07128,0.23,0.02,2.36048,2.96528,0,0.442286,5.32224,4.2568e+06,2.70226e+06,1.00481e+07,0,0,0,2.85105e+08,62.3362,61.308,6.13363,0,0,1.95489,1.35009,0,1.51022,2.96352,8.84649e+06,3.61194e+06,1.72939e+07,0,0,0,7.74588e+07
85.139,85.139,5.47439,0.21,0.02,2.36085,2.96565,0,0.442354,5.32224,4.2568e+06,2.70226e+06,1.00496e+07,0,0,0,2.85105e+08,62.3362,61.308,7.37178,0,0,1.95505,1.35025,0,1.51034,2.96352,8.84649e+06,3.61194e+06,1.72953e+07,0,0,0,7.74588e+07
85.139,85.139,4.1084,0.17,0.02,2.36121,2.96601,0,0.442422,5.32224,4.2568e+06,2.70226e+06,1.00512e+07,0,0,0,2.85105e+08,62.3362,61.308,6.71123,0,0,1.95522,1.35042,0,1.51047,2.96352,8.84649e+06,3.61194e+06,1.72968e+07,0,0,0,7.74588e+07
85.139,85.139,3.8954,0.16,0.02,2.50229,3.10709,0,0.442491,5.32224,4.2568e+06,2.70226e+06,1.06517e+07,0,0,0,2.85105e+08,62.3362,61.308,5.24794,0,0,2.0284,1.4236,0,1.5106,2.96352,8.84649e+06,3.61194e+06,1.79442e+07,0,0,0,7.74588e+07
85.139,85.139,3.70035,0.15,0.02,2.50267,3.10747,0,0.468929,5.32224,4.2568e+06,2.70226e+06,1.06534e+07,0,0,0,2.85105e+08,62.3362,61.308,4.67202,0,0,2.02858,1.42378,0,1.56714,2.96352,8.84649e+06,3.61194e+06,1.79458e+07,0,0,0,7.74588e+07
85.139,85.139,3.45813,0.12,0.02,2.50305,3.10785,0,0.469,5.32224,4.2568e+06,2.70226e+06,1.0655e+07,0,0,0,2.85105e+08,62.3362,61.308,4.24209,0,0,2.02875,1.42395,0,1.56728,2.96352,8.84649e+06,3.61194e+06,1.79473e+07,0,0,0,7.74588e+07
85.139,85.139,3.22418,0.11,0.02,2.50343,3.10823,0,0.469072,5.32224,4.2568e+06,2.70226e+06,1.06566e+07,0,0,0,2.85105e+08,62.3362,61.308,4.13806,0,0,2.02893,1.42413,0,1.56741,2.96352,8.84649e+06,3.61194e+06,1.79489e+07,0,0,0,7.74588e+07
85.139,85.139,3.31225,0.13,0.02,2.50381,3.10861,0,0.469143,5.32224,4.2568e+06,2.70226e+06,1.06582e+07,0,0,0,2.85105e+08,62.3362,61.308,4.06515,0,0,2.0291,1.4243,0,1.56755,2.96352,8.84649e+06,3.61194e+06,1.79504e+07,0,0,0,7.74588e+07
85.139,85.139,3.46339,0.12,0.02,2.47635,3.08115,0,0.469215,5.32224,4.2568e+06,2.70226e+06,1.05413e+07,0,0,0,2.85105e+08,62.3362,61.308,3.4856,0,0,2.06943,1.46463,0,1.56768,2.96352,8.84649e+06,3.61194e+06,1.83072e+07,0,0,0,7.74588e+07
85.139,85.139,3.28449,0.13,0.02,2.47673,3.08153,0,0.464068,5.32224,4.2568e+06,2.70226e+06,1.05429e+07,0,0,0,2.85105e+08,62.3362,61.308,3.36691,0,0,2.06961,1.46481,0,1.59884,2.96352,8.84649e+06,3.61194e+06,1.83088e+07,0,0,0,7.74588e+07
85.139,85.139,3.07811,0.12,0.02,2.47711,3.08191,0,0.464139,5.32224,4.2568e+06,2.70226e+06,1.05445e+07,0,0,0,2.85105e+08,62.3258,61.308,3.15337,0,0,2.06979,1.46499,0,1.59898,2.96352,8.84649e+06,3.61194e+06,1.83104e+07,0,0,0,7.74588e+07
85.139,85.139,2.88634,0.14,0.02,2.47749,3.08229,0,0.46421,5.32224,4.2568e+06,2.70226e+06,1.05461e+07,0,0,0,2.85105e+08,62.2516,61.308,2.96764,0,0,2.06997,1.46517,0,1.59912,2.96352,8.84649e+06,3.61194e+06,1.8312e+07,0,0,0,7.74588e+07
85.139,85.139,3.0612,0.14,0.02,2.54981,3.15461,0,0.464281,5.32224,4.2568e+06,2.70226e+06,1.0854e+07,0,0,0,2.85105e+08,62.1672,61.308,2.91439,0,0,2.10596,1.50116,0,1.59926,2.96352,8.84649e+06,3.61194e+06,1.86303e+07,0,0,0,7.74588e+07
85.139,85.139,2.83574,0.14,0.02,2.55019,3.15499,0,0.477834,5.32224,4.2568e+06,2.70226e+06,1.08557e+07,0,0,0,2.85105e+08,61.9662,61.308,2.96238,0,0,2.10614,1.50134,0,1.62706,2.96352,8.84649e+06,3.61194e+06,1.8632e+07,0,0,0,7.74588e+07
85.0207,85.139,2.62685,0.14,0.02,2.55058,3.15538,0,0.477906,5.32224,4.2568e+06,2.70226e+06,1.08573e+07,0,0,0,2.85105e+08,61.7102,61.308,2.63934,0,0,2.10633,1.50153,0,1.62721,2.96352,8.84649e+06,3.61194e+06,1.86336e+07,0,0,0,7.74588e+07
84.9629,85.139,2.67522,0.2,0.02,2.55097,3.15577,0,0.477979,5.32224,4.2568e+06,2.70226e+06,1.08589e+07,0,0,0,2.85105e+08,61.5303,61.308,2.97822,0,0,2.10651,1.50171,0,1.62735,2.96352,8.84649e+06,3.61194e+06,1.86352e+07,0,0,0,7.74588e+07
84.115,85.139,2.02464,0.19,0.02,2.76214,3.36694,0,0.478051,5.32224,4.2568e+06,2.70226e+06,1.17579e+07,0,0,0,2.85105e+08,61.1822,61.308,2.35638,0,0,2.236,1.6312,0,1.62749,2.96352,8.84649e+06,3.61194e+06,1.97808e+07,0,0,0,7.74588e+07
82.7321,85.139,1.45895,0.18,0.02,2.76255,3.36735,0,0.517625,5.32224,4.2568e+06,2.70226e+06,1.17596e+07,0,0,0,2.85105e+08,60.6552,61.308,1.77354,0,0,2.2362,1.6314,0,1.72754,2.96352,8.84649e+06,3.61194e+06,1.97825e+07,0,0,0,7.74588e+07
82.037,85.139,2.16181,0.18,0.02,2.76297,3.36777,0,0.517703,5.32224,4.2568e+06,2.70226e+06,1.17614e+07,0,0,0,2.85105e+08,60.212,61.308,2.1274,0,0,2.2364,1.6316,0,1.72769,2.96352,8.84649e+06,3.61194e+06,1.97843e+07,0,0,0,7.74588e+07
82.2111,85.139,3.08657,0.18,0.02,2.76338,3.36818,0,0.51778,5.32224,4.2568e+06,2.70226e+06,1.17631e+07,0,0,0,2.85105e+08,59.9325,61.308,2.35736,0,0,2.2366,1.6318,0,1.72785,2.96352,8.84649e+06,3.61194e+06,1.97861e+07,0,0,0,7.74588e+07
81.4596,85.139,2.19115,0.18,0.02,2.76379,3.36859,0,0.517858,5.32224,4.2568e+06,2.70226e+06,1.17649e+07,0,0,0,2.85105e+08,59.6893,61.308,2.35047,0,0,2.2368,1.632,0,1.728,2.96352,8.84649e+06,3.61194e+06,1.97879e+07,0,0,0,7.74588e+07
80.3496,85.139,1.73109,0.18,0.02,2.66141,3.26621,0,0.517935,5.32224,4.2568e+06,2.70226e+06,1.13291e+07,0,0,0,2.85105e+08,59.6804,61.308,2.33137,0,0,2.15847,1.55367,0,1.72815,2.96352,8.84649e+06,3.61194e+06,1.90949e+07,0,0,0,7.74588e+07
79.2914,85.139,1.72995,0.18,0.02,2.66182,3.26662,0,0.498749,5.32224,4.2568e+06,2.70226e+06,1.13308e+07,0,0,0,2.85105e+08,59.7679,61.308,2.19587,0,0,2.15866,1.55386,0,1.66763,2.96352,8.84649e+06,3.61194e+06,1.90966e+07,0,0,0,7.74588e+07
81.0806,85.139,4.73213,0.23,0.02,2.66222,3.26702,0,0.498824,5.32224,4.2568e+06,2.70226e+06,1.13325e+07,0,0,0,2.85105e+08,60.6796,61.308,5.00251,0,0,2.15885,1.55405,0,1.66778,2.96352,8.84649e+06,3.61194e+06,1.90983e+07,0,0,0,7.74588e+07
81.065,85.139,3.01241,0.18,0.02,2.66262,3.26742,0,0.498899,5.32224,4.2568e+06,2.70226e+06,1.13342e+07,0,0,0,2.85105e+08,60.9447,61.308,2.7048,0,0,2.15904,1.55424,0,1.66793,2.96352,8.84649e+06,3.61194e+06,1.91e+07,0,0,0,7.74588e+07
80.8057,85.139,2.63548,0.19,0.02,2.5786,3.1834,0,0.498974,5.32224,4.2568e+06,2.70226e+06,1.09766e+07,0,0,0,2.85105e+08,61.1974,61.308,2.62008,0,0,2.08771,1.48291,0,1.66808,2.96352,8.84649e+06,3.61194e+06,1.84689e+07,0,0,0,7.74588e+07
79.647,85.139,1.71886,0.2,0.02,2.57899,3.18379,0,0.48323,5.32224,4.2568e+06,2.70226e+06,1.09782e+07,0,0,0,2.85105e+08,61.6195,61.308,3.51704,0,0,2.0879,1.4831,0,1.61297,2.96352,8.84649e+06,3.61194e+06,1.84706e+07,0,0,0,7.74588e+07
78.3178,85.139,1.56894,0.21,0.02,2.57938,3.18418,0,0.483303,5.32224,4.2568e+06,2.70226e+06,1.09799e+07,0,0,0,2.85105e+08,61.6943,61.308,2.45891,0,0,2.08808,1.48328,0,1.61311,2.96352,8.84649e+06,3.61194e+06,1.84722e+07,0,0,0,7.74588e+07
80.3497,85.139,5.29694,0.23,0.02,2.57977,3.18457,0,0.483376,5.32224,4.2568e+06,2.70226e+06,1.09816e+07,0,0,0,2.85105e+08,62.2093,61.308,4.17602,0,0,2.08826,1.48346,0,1.61325,2.96352,8.84649e+06,3.61194e+06,1.84738e+07,0,0,0,7.74588e+07
80.5832,85.139,3.02735,0.21,0.02,2.3403,2.9451,0,0.48345,5.32224,4.2568e+06,2.70226e+06,9.96218e+06,0,0,0,2.85105e+08,61.9343,61.308,1.95283,0,0,1.93942,1.33462,0,1.61339,2.96352,8.84649e+06,3.61194e+06,1.7157e+07,0,0,0,7.74588e+07
80.9674,85.139,3.28232,0.23,0.02,2.34066,2.94546,0,0.438572,5.32224,4.2568e+06,2.70226e+06,9.96372e+06,0,0,0,2.85105e+08,61.813,61.308,2.14234,0,0,1.93958,1.33478,0,1.49839,2.96352,8.84649e+06,3.61194e+06,1.71585e+07,0,0,0,7.74588e+07
83.2725,85.139,5.42468,0.24,0.02,2.34102,2.94582,0,0.43864,5.32224,4.2568e+06,2.70226e+06,9.96525e+06,0,0,0,2.85105e+08,61.8793,61.308,2.82894,0,0,1.93974,1.33494,0,1.49852,2.96352,8.84649e+06,3.61194e+06,1.71599e+07,0,0,0,7.74588e+07
85.139,85.139,10.8248,0.25,0.02,2.34138,2.94618,0,0.438708,5.32224,4.2568e+06,2.70226e+06,9.96679e+06,0,0,0,2.85105e+08,62.3362,61.308,7.21192,0,0,1.93991,1.33511,0,1.49865,2.96352,8.84649e+06,3.61194e+06,1.71614e+07,0,0,0,7.74588e+07
85.139,85.139,6.18698,0.23,0.02,2.34175,2.94655,0,0.438775,5.32224,4.2568e+06,2.70226e+06,9.96833e+06,0,0,0,2.85105e+08,62.3362,61.308,3.97093,0,0,1.94007,1.33527,0,1.49877,2.96352,8.84649e+06,3.61194e+06,1.71628e+07,0,0,0,7.74588e+07
85.139,85.139,4.52818,0.23,0.02,2.43442,3.03922,0,0.438843,5.32224,4.2568e+06,2.70226e+06,1.03628e+07,0,0,0,2.85105e+08,62.3362,61.308,4.75694,0,0,1.98341,1.37861,0,1.4989,2.96352,8.84649e+06,3.61194e+06,1.75462e+07,0,0,0,7.74588e+07
85.139,85.139,5.26858,0.23,0.02,2.43476,3.03956,0,0.456209,5.32224,4.2568e+06,2.70226e+06,1.03643e+07,0,0,0,2.85105e+08,62.3362,61.308,5.01435,0,0,1.98357,1.37877,0,1.53238,2.96352,8.84649e+06,3.61194e+06,1.75476e+07,0,0,0,7.74588e+07
85.139,85.139,5.55742,0.23,0.02,2.43511,3.03991,0,0.456275,5.32224,4.2568e+06,2.70226e+06,1.03658e+07,0,0,0,2.85105e+08,62.3362,61.308,4.82056,0,0,1.98373,1.37893,0,1.5325,2.96352,8.84649e+06,3.61194e+06,1.7549e+07,0,0,0,7.74588e+07
85.139,85.139,3.19433,0.22,0.02,2.43546,3.04026,0,0.456341,5.32224,4.2568e+06,2.70226e+06,1.03673e+07,0,0,0,2.85105e+08,62.3362,61.308,3.53565,0,0,1.98389,1.37909,0,1.53263,2.96352,8.84649e+06,3.61194e+06,1.75504e+07,0,0,0,7.74588e+07
85.139,85.139,6.59689,0.22,0.02,2.73239,3.33719,0,0.456406,5.32224,4.2568e+06,2.70226e+06,1.16312e+07,0,0,0,2.85105e+08,62.3362,61.308,5.58972,0,0,2.14621,1.54141,0,1.53275,2.96352,8.84649e+06,3.61194e+06,1.89865e+07,0,0,0,7.74588e+07
85.139,85.139,9.09073,0.22,0.02,2.73277,3.33757,0,0.51205,5.32224,4.2568e+06,2.70226e+06,1.16329e+07,0,0,0,2.85105e+08,62.3362,61.308,7.78243,0,0,2.14639,1.54159,0,1.65816,2.96352,8.84649e+06,3.61194e+06,1.8988e+07,0,0,0,7.74588e+07
85.139,85.139,4.74966,0.24,0.02,2.73316,3.33796,0,0.512122,5.32224,4.2568e+06,2.70226e+06,1.16345e+07,0,0,0,2.85105e+08,62.3362,61.308,4.32822,0,0,2.14657,1.54177,0,1.6583,2.96352,8.84649e+06,3.61194e+06,1.89896e+07,0,0,0,7.74588e+07
85.139,85.139,3.70998,0.23,0.02,2.73354,3.33834,0,0.512194,5.32224,4.2568e+06,2.70226e+06,1.16361e+07,0,0,0,2.85105e+08,62.3362,61.308,3.74304,0,0,2.14675,1.54195,0,1.65844,2.96352,8.84649e+06,3.61194e+06,1.89912e+07,0,0,0,7.74588e+07
85.139,85.139,3.37332,0.23,0.02,2.31072,2.91552,0,0.512266,5.32224,4.2568e+06,2.70226e+06,9.83627e+06,0,0,0,2.85105e+08,62.3362,61.308,3.71981,0,0,1.92919,1.32439,0,1.65858,2.96352,8.84649e+06,3.61194e+06,1.70666e+07,0,0,0,7.74588e+07
85.139,85.139,3.20198,0.24,0.02,2.31106,2.91586,0,0.433029,5.32224,4.2568e+06,2.70226e+06,9.8377e+06,0,0,0,2.85105e+08,62.3362,61.308,3.68048,0,0,1.92934,1.32454,0,1.49049,2.96352,8.84649e+06,3.61194e+06,1.70679e+07,0,0,0,7.74588e+07
85.139,85.139,4.371,0.27,0.02,2.31139,2.91619,0,0.433092,5.32224,4.2568e+06,2.70226e+06,9.83912e+06,0,0,0,2.85105e+08,62.3362,61.308,4.10524,0,0,1.92949,1.32469,0,1.49061,2.96352,8.84649e+06,3.61194e+06,1.70693e+07,0,0,0,7.74588e+07
85.139,85.139,4.90678,0.27,0.02,2.31173,2.91653,0,0.433155,5.32224,4.2568e+06,2.70226e+06,9.84055e+06,0,0,0,2.85105e+08,62.3362,61.308,6.16258,0,0,1.92965,1.32485,0,1.49073,2.96352,8.84649e+06,3.61194e+06,1.70706e+07,0,0,0,7.74588e+07
85.139,85.139,5.4106,0.31,0.02,2.31206,2.91686,0,0.433218,5.32224,4.2568e+06,2.70226e+06,9.84198e+06,0,0,0,2.85105e+08,62.3362,61.308,4.84652,0,0,1.9298,1.325,0,1.49085,2.96352,8.84649e+06,3.61194e+06,1.70719e+07,0,0,0,7.74588e+07
85.139,85.139,7.14164,0.31,0.02,2.41899,3.02379,0,0.433281,5.32224,4.2568e+06,2.70226e+06,1.02971e+07,0,0,0,2.85105e+08,62.3362,61.308,4.90609,0,0,1.98325,1.37845,0,1.49096,2.96352,8.84649e+06,3.61194e+06,1.75448e+07,0,0,0,7.74588e+07
85.139,85.139,4.86255,0.32,0.02,2.41934,3.02414,0,0.453318,5.32224,4.2568e+06,2.70226e+06,1.02986e+07,0,0,0,2.85105e+08,62.3362,61.308,3.91936,0,0,1.98341,1.37861,0,1.53226,2.96352,8.84649e+06,3.61194e+06,1.75462e+07,0,0,0,7.74588e+07
85.139,85.139,5.33334,0.32,0.02,2.41968,3.02448,0,0.453383,5.32224,4.2568e+06,2.70226e+06,1.03001e+07,0,0,0,2.85105e+08,62.3362,61.308,4.48776,0,0,1.98357,1.37877,0,1.53238,2.96352,8.84649e+06,3.61194e+06,1.75476e+07,0,0,0,7.74588e+07
85.139,85.139,4.79738,0.3,0.02,2.42003,3.02483,0,0.453449,5.32224,4.2568e+06,2.70226e+06,1.03016e+07,0,0,0,2.85105e+08,62.3362,61.308,4.20445,0,0,1.98372,1.37892,0,1.5325,2.96352,8.84649e+06,3.61194e+06,1.7549e+07,0,0,0,7.74588e+07
85.139,85.139,4.09793,0.27,0.02,2.37868,2.98348,0,0.453514,5.32224,4.2568e+06,2.70226e+06,1.01256e+07,0,0,0,2.85105e+08,62.3362,61.308,5.67157,0,0,1.96317,1.35837,0,1.53263,2.96352,8.84649e+06,3.61194e+06,1.73672e+07,0,0,0,7.74588e+07
85.139,85.139,4.52477,0.26,0.02,2.37903,2.98383,0,0.445766,5.32224,4.2568e+06,2.70226e+06,1.0127e+07,0,0,0,2.85105e+08,62.3362,61.308,4.35509,0,0,1.96333,1.35853,0,1.51675,2.96352,8.84649e+06,3.61194e+06,1.73686e+07,0,0,0,7.74588e+07
85.139,85.139,3.44262,0.22,0.02,2.37937,2.98417,0,0.44583,5.32224,4.2568e+06,2.70226e+06,1.01285e+07,0,0,0,2.85105e+08,62.3362,61.308,3.98097,0,0,1.96349,1.35869,0,1.51687,2.96352,8.84649e+06,3.61194e+06,1.737e+07,0,0,0,7.74588e+07
85.139,85.139,3.19437,0.19,0.02,2.37971,2.98451,0,0.445894,5.32224,4.2568e+06,2.70226e+06,1.013e+07,0,0,0,2.85105e+08,62.3362,61.308,3.12225,0,0,1.96364,1.35884,0,1.51699,2.96352,8.84649e+06,3.61194e+06,1.73713e+07,0,0,0,7.74588e+07
85.0636,85.139,2.78764,0.18,0.02,2.52165,3.12645,0,0.445959,5.32224,4.2568e+06,2.70226e+06,1.07342e+07,0,0,0,2.85105e+08,62.3362,61.308,3.15157,0,0,2.03727,1.43247,0,1.51711,2.96352,8.84649e+06,3.61194e+06,1.80227e+07,0,0,0,7.74588e+07
84.8602,85.139,2.64516,0.31,0.02,2.52201,3.12681,0,0.472557,5.32224,4.2568e+06,2.70226e+06,1.07357e+07,0,0,0,2.85105e+08,62.3362,61.308,3.02471,0,0,2.03744,1.43264,0,1.574,2.96352,8.84649e+06,3.61194e+06,1.80242e+07,0,0,0,7.74588e+07
84.5431,85.139,2.49236,0.26,0.02,2.52237,3.12717,0,0.472625,5.32224,4.2568e+06,2.70226e+06,1.07372e+07,0,0,0,2.85105e+08,62.3263,61.308,2.6761,0,0,2.0376,1.4328,0,1.57413,2.96352,8.84649e+06,3.61194e+06,1.80256e+07,0,0,0,7.74588e+07
84.1066,85.139,2.31256,0.24,0.02,2.52273,3.12753,0,0.472692,5.32224,4.2568e+06,2.70226e+06,1.07387e+07,0,0,0,2.85105e+08,62.1945,61.308,2.51743,0,0,2.03777,1.43297,0,1.57425,2.96352,8.84649e+06,3.61194e+06,1.80271e+07,0,0,0,7.74588e+07
83.4875,85.139,2.11421,0.2,0.02,2.52309,3.12789,0,0.47276,5.32224,4.2568e+06,2.70226e+06,1.07403e+07,0,0,0,2.85105e+08,61.9233,61.308,2.25557,0,0,2.03793,1.43313,0,1.57438,2.96352,8.84649e+06,3.61194e+06,1.80286e+07,0,0,0,7.74588e+07
82.6839,85.139,1.89794,0.21,0.02,2.49543,3.10023,0,0.472827,5.32224,4.2568e+06,2.70226e+06,1.06225e+07,0,0,0,2.85105e+08,61.439,61.308,1.86716,0,0,2.0785,1.4737,0,1.57451,2.96352,8.84649e+06,3.61194e+06,1.83875e+07,0,0,0,7.74588e+07
81.7253,85.139,1.7339,0.21,0.02,2.49579,3.10059,0,0.467644,5.32224,4.2568e+06,2.70226e+06,1.06241e+07,0,0,0,2.85105e+08,60.9099,61.308,1.66022,0,0,2.07867,1.47387,0,1.60585,2.96352,8.84649e+06,3.61194e+06,1.8389e+07,0,0,0,7.74588e+07
80.6559,85.139,1.59034,0.2,0.02,2.49615,3.10095,0,0.467711,5.32224,4.2568e+06,2.70226e+06,1.06256e+07,0,0,0,2.85105e+08,60.3028,61.308,1.62873,0,0,2.07884,1.47404,0,1.60598,2.96352,8.84649e+06,3.61194e+06,1.83905e+07,0,0,0,7.74588e+07
79.5213,85.139,1.48904,0.21,0.02,2.4965,3.1013,0,0.467778,5.32224,4.2568e+06,2.70226e+06,1.06271e+07,0,0,0,2.85105e+08,59.5734,61.308,1.5718,0,0,2.07901,1.47421,0,1.60611,2.96352,8.84649e+06,3.61194e+06,1.8392e+07,0,0,0,7.74588e+07
78.3444,85.139,1.48484,0.2,0.02,2.56925,3.17405,0,0.467845,5.32224,4.2568e+06,2.70226e+06,1.09368e+07,0,0,0,2.85105e+08,59.0743,61.308,1.68523,0,0,2.11521,1.51041,0,1.60625,2.96352,8.84649e+06,3.61194e+06,1.87122e+07,0,0,0,7.74588e+07
77.187,85.139,1.52155,0.23,0.02,2.56961,3.17441,0,0.481477,5.32224,4.2568e+06,2.70226e+06,1.09383e+07,0,0,0,2.85105e+08,58.5599,61.308,1.75427,0,0,2.11538,1.51058,0,1.63421,2.96352,8.84649e+06,3.61194e+06,1.87137e+07,0,0,0,7.74588e+07
75.9464,85.139,1.4099,0.22,0.02,2.56998,3.17478,0,0.481545,5.32224,4.2568e+06,2.70226e+06,1.09399e+07,0,0,0,2.85105e+08,57.8338,61.308,1.6886,0,0,2.11556,1.51076,0,1.63435,2.96352,8.84649e+06,3.61194e+06,1.87153e+07,0,0,0,7.74588e+07
74.5948,85.139,1.28376,0.22,0.02,2.57034,3.17514,0,0.481614,5.32224,4.2568e+06,2.70226e+06,1.09414e+07,0,0,0,2.85105e+08,57.2783,61.308,1.49058,0,0,2.11573,1.51093,0,1.63448,2.96352,8.84649e+06,3.61194e+06,1.87168e+07,0,0,0,7.74588e+07
73.1201,85.139,1.30953,0.22,0.02,2.78279,3.38759,0,0.481682,5.32224,4.2568e+06,2.70226e+06,1.18458e+07,0,0,0,2.85105e+08,56.5958,61.308,1.72391,0,0,2.246,1.6412,0,1.63461,2.96352,8.84649e+06,3.61194e+06,1.98693e+07,0,0,0,7.74588e+07
71.5367,85.139,1.19701,0.25,0.02,2.78318,3.38798,0,0.521494,5.32224,4.2568e+06,2.70226e+06,1.18474e+07,0,0,0,2.85105e+08,55.5971,61.308,1.52452,0,0,2.24619,1.64139,0,1.73526,2.96352,8.84649e+06,3.61194e+06,1.98709e+07,0,0,0,7.74588e+07
69.7448,85.139,0.975565,0.26,0.02,2.78357,3.38837,0,0.521567,5.32224,4.2568e+06,2.70226e+06,1.18491e+07,0,0,0,2.85105e+08,55.0066,61.308,1.07457,0,0,2.24638,1.64158,0,1.73541,2.96352,8.84649e+06,3.61194e+06,1.98726e+07,0,0,0,7.74588e+07
68.1863,85.139,1.18892,0.26,0.02,2.78396,3.38876,0,0.52164,5.32224,4.2568e+06,2.70226e+06,1.18507e+07,0,0,0,2.85105e+08,54.3536,61.308,1.9592,0,0,2.24657,1.64177,0,1.73556,2.96352,8.84649e+06,3.61194e+06,1.98743e+07,0,0,0,7.74588e+07
66.4416,85.139,0.995423,0.26,0.02,2.78435,3.38915,0,0.521713,5.32224,4.2568e+06,2.70226e+06,1.18524e+07,0,0,0,2.85105e+08,53.668,61.308,1.37294,0,0,2.24676,1.64196,0,1.7357,2.96352,8.84649e+06,3.61194e+06,1.98759e+07,0,0,0,7.74588e+07
65.2186,85.139,1.50342,0.29,0.02,2.68132,3.28612,0,0.521786,5.32224,4.2568e+06,2.70226e+06,1.14138e+07,0,0,0,2.85105e+08,53.3748,61.308,1.64939,0,0,2.16794,1.56314,0,1.73585,2.96352,8.84649e+06,3.61194e+06,1.91786e+07,0,0,0,7.74588e+07
63.8141,85.139,1.29822,0.29,0.02,2.68169,3.28649,0,0.502479,5.32224,4.2568e+06,2.70226e+06,1.14154e+07,0,0,0,2.85105e+08,53.1356,61.308,2.66432,0,0,2.16812,1.56332,0,1.67495,2.96352,8.84649e+06,3.61194e+06,1.91802e+07,0,0,0,7.74588e+07
62.2616,85.139,1.13973,0.29,0.02,2.68207,3.28687,0,0.50255,5.32224,4.2568e+06,2.70226e+06,1.1417e+07,0,0,0,2.85105e+08,52.3938,61.308,1.52488,0,0,2.1683,1.5635,0,1.67509,2.96352,8.84649e+06,3.61194e+06,1.91818e+07,0,0,0,7.74588e+07
60.6953,85.139,1.10363,0.32,0.02,2.68245,3.28725,0,0.50262,5.32224,4.2568e+06,2.70226e+06,1.14186e+07,0,0,0,2.85105e+08,51.742,61.308,1.39992,0,0,2.16848,1.56368,0,1.67523,2.96352,8.84649e+06,3.61194e+06,1.91834e+07,0,0,0,7.74588e+07
59.2658,85.139,1.20364,0.31,0.02,2.5979,3.2027,0,0.502691,5.32224,4.2568e+06,2.70226e+06,1.10587e+07,0,0,0,2.85105e+08,51.1778,61.308,1.54305,0,0,2.0967,1.4919,0,1.67537,2.96352,8.84649e+06,3.61194e+06,1.85485e+07,0,0,0,7.74588e+07
58.2916,85.139,1.74235,0.31,0.02,2.59827,3.20307,0,0.486847,5.32224,4.2568e+06,2.70226e+06,1.10603e+07,0,0,0,2.85105e+08,50.2097,61.308,1.50027,0,0,2.09688,1.49208,0,1.61991,2.96352,8.84649e+06,3.61194e+06,1.855e+07,0,0,0,7.74588e+07
57.0289,85.139,1.44726,0.32,0.02,2.59864,3.20344,0,0.486916,5.32224,4.2568e+06,2.70226e+06,1.10619e+07,0,0,0,2.85105e+08,49.6632,61.308,1.0836,0,0,2.09705,1.49225,0,1.62005,2.96352,8.84649e+06,3.61194e+06,1.85515e+07,0,0,0,7.74588e+07
56.4573,85.139,2.18444,0.33,0.02,2.59901,3.20381,0,0.486985,5.32224,4.2568e+06,2.70226e+06,1.10634e+07,0,0,0,2.85105e+08,49.565,61.308,2.98469,0,0,2.09722,1.49242,0,1.62018,2.96352,8.84649e+06,3.61194e+06,1.8553e+07,0,0,0,7.74588e+07
60.564,85.139,6.98873,0.36,0.02,2.35806,2.96286,0,0.487054,5.32224,4.2568e+06,2.70226e+06,1.00378e+07,0,0,0,2.85105e+08,50.6232,61.308,6.0619,0,0,1.94747,1.34267,0,1.62031,2.96352,8.84649e+06,3.61194e+06,1.72282e+07,0,0,0,7.74588e+07
64.0779,85.139,6.42791,0.33,0.02,2.35841,2.96321,0,0.441901,5.32224,4.2568e+06,2.70226e+06,1.00393e+07,0,0,0,2.85105e+08,50.9219,61.308,3.43115,0,0,1.94762,1.34282,0,1.50461,2.96352,8.84649e+06,3.61194e+06,1.72296e+07,0,0,0,7.74588e+07
67.6247,85.139,6.40717,0.33,0.02,2.35875,2.96355,0,0.441965,5.32224,4.2568e+06,2.70226e+06,1.00407e+07,0,0,0,2.85105e+08,51.1633,61.308,3.30391,0,0,1.94777,1.34297,0,1.50473,2.96352,8.84649e+06,3.61194e+06,1.7231e+07,0,0,0,7.74588e+07
70.5502,85.139,5.88658,0.33,0.02,2.35909,2.96389,0,0.442029,5.32224,4.2568e+06,2.70226e+06,1.00422e+07,0,0,0,2.85105e+08,51.5173,61.308,3.58045,0,0,1.94793,1.34313,0,1.50485,2.96352,8.84649e+06,3.61194e+06,1.72323e+07,0,0,0,7.74588e+07
73.7503,85.139,6.20305,0.31,0.02,2.35943,2.96423,0,0.442093,5.32224,4.2568e+06,2.70226e+06,1.00436e+07,0,0,0,2.85105e+08,52.0645,61.308,4.12894,0,0,1.94808,1.34328,0,1.50497,2.96352,8.84649e+06,3.61194e+06,1.72337e+07,0,0,0,7.74588e+07
74.9293,85.139,4.11359,0.32,0.02,2.45263,3.05743,0,0.442157,5.32224,4.2568e+06,2.70226e+06,1.04403e+07,0,0,0,2.85105e+08,52.3611,61.308,4.91372,0,0,1.99167,1.38687,0,1.50509,2.96352,8.84649e+06,3.61194e+06,1.76193e+07,0,0,0,7.74588e+07
75.6665,85.139,3.64419,0.29,0.02,2.45296,3.05776,0,0.459623,5.32224,4.2568e+06,2.70226e+06,1.04417e+07,0,0,0,2.85105e+08,52.4959,61.308,4.36568,0,0,1.99182,1.38702,0,1.53877,2.96352,8.84649e+06,3.61194e+06,1.76206e+07,0,0,0,7.74588e+07
76.0932,85.139,3.3125,0.29,0.02,2.45329,3.05809,0,0.459685,5.32224,4.2568e+06,2.70226e+06,1.04431e+07,0,0,0,2.85105e+08,52.5421,61.308,3.97882,0,0,1.99197,1.38717,0,1.53888,2.96352,8.84649e+06,3.61194e+06,1.76219e+07,0,0,0,7.74588e+07
76.4485,85.139,3.24853,0.3,0.02,2.45362,3.05842,0,0.459746,5.32224,4.2568e+06,2.70226e+06,1.04445e+07,0,0,0,2.85105e+08,52.6014,61.308,4.04501,0,0,1.99212,1.38732,0,1.539,2.96352,8.84649e+06,3.61194e+06,1.76233e+07,0,0,0,7.74588e+07
76.5115,85.139,3.22846,0.31,0.02,2.75229,3.35709,0,0.459808,5.32224,4.2568e+06,2.70226e+06,1.17159e+07,0,0,0,2.85105e+08,52.4582,61.308,2.96877,0,0,2.15541,1.55061,0,1.53911,2.96352,8.84649e+06,3.61194e+06,1.90678e+07,0,0,0,7.74588e+07
77.1319,85.139,3.86575,0.32,0.02,2.75265,3.35745,0,0.515779,5.32224,4.2568e+06,2.70226e+06,1.17175e+07,0,0,0,2.85105e+08,52.4943,61.308,3.62682,0,0,2.15557,1.55077,0,1.66527,2.96352,8.84649e+06,3.61194e+06,1.90692e+07,0,0,0,7.74588e+07
79.1452,85.139,5.28901,0.33,0.02,2.75301,3.35781,0,0.515847,5.32224,4.2568e+06,2.70226e+06,1.1719e+07,0,0,0,2.85105e+08,52.9942,61.308,6.4672,0,0,2.15574,1.55094,0,1.6654,2.96352,8.84649e+06,3.61194e+06,1.90707e+07,0,0,0,7.74588e+07
79.3505,85.139,3.39948,0.34,0.02,2.75337,3.35817,0,0.515914,5.32224,4.2568e+06,2.70226e+06,1.17205e+07,0,0,0,2.85105e+08,52.8073,61.308,3.70511,0,0,2.15591,1.55111,0,1.66552,2.96352,8.84649e+06,3.61194e+06,1.90722e+07,0,0,0,7.74588e+07
80.3888,85.139,4.02313,0.37,0.02,2.32802,2.93282,0,0.515982,5.32224,4.2568e+06,2.70226e+06,9.90989e+06,0,0,0,2.85105e+08,53.4761,61.308,4.44697,0,0,1.93705,1.33225,0,1.66565,2.96352,8.84649e+06,3.61194e+06,1.71361e+07,0,0,0,7.74588e+07
83.9987,85.139,6.65588,0.32,0.02,2.32833,2.93313,0,0.43627,5.32224,4.2568e+06,2.70226e+06,9.91124e+06,0,0,0,2.85105e+08,55.1016,61.308,6.24467,0,0,1.93719,1.33239,0,1.49656,2.96352,8.84649e+06,3.61194e+06,1.71373e+07,0,0,0,7.74588e+07
85.139,85.139,5.11967,0.33,0.02,2.32865,2.93345,0,0.43633,5.32224,4.2568e+06,2.70226e+06,9.91258e+06,0,0,0,2.85105e+08,56.1569,61.308,4.81639,0,0,1.93733,1.33253,0,1.49667,2.96352,8.84649e+06,3.61194e+06,1.71386e+07,0,0,0,7.74588e+07
85.139,85.139,6.19972,0.29,0.02,2.32896,2.93376,0,0.436389,5.32224,4.2568e+06,2.70226e+06,9.91392e+06,0,0,0,2.85105e+08,57.3907,61.308,5.38183,0,0,1.93748,1.33268,0,1.49678,2.96352,8.84649e+06,3.61194e+06,1.71399e+07,0,0,0,7.74588e+07
85.139,85.139,5.13474,0.31,0.02,2.32928,2.93408,0,0.436448,5.32224,4.2568e+06,2.70226e+06,9.91526e+06,0,0,0,2.85105e+08,58.6737,61.308,6.0387,0,0,1.93762,1.33282,0,1.49689,2.96352,8.84649e+06,3.61194e+06,1.71411e+07,0,0,0,7.74588e+07
85.139,85.139,4.11641,0.31,0.02,2.43681,3.04161,0,0.436507,5.32224,4.2568e+06,2.70226e+06,1.0373e+07,0,0,0,2.85105e+08,59.0095,61.308,4.21863,0,0,1.99137,1.38657,0,1.49701,2.96352,8.84649e+06,3.61194e+06,1.76167e+07,0,0,0,7.74588e+07
85.139,85.139,4.62841,0.32,0.02,2.43714,3.04194,0,0.456658,5.32224,4.2568e+06,2.70226e+06,1.03744e+07,0,0,0,2.85105e+08,59.6637,61.308,5.02391,0,0,1.99152,1.38672,0,1.53854,2.96352,8.84649e+06,3.61194e+06,1.7618e+07,0,0,0,7.74588e+07
85.139,85.139,4.59579,0.33,0.02,2.43746,3.04226,0,0.45672,5.32224,4.2568e+06,2.70226e+06,1.03758e+07,0,0,0,2.85105e+08,60.4937,61.308,5.61036,0,0,1.99167,1.38687,0,1.53865,2.96352,8.84649e+06,3.61194e+06,1.76193e+07,0,0,0,7.74588e+07
85.139,85.139,6.82585,0.31,0.02,2.43779,3.04259,0,0.456781,5.32224,4.2568e+06,2.70226e+06,1.03772e+07,0,0,0,2.85105e+08,62.0127,61.308,6.94545,0,0,1.99182,1.38702,0,1.53877,2.96352,8.84649e+06,3.61194e+06,1.76206e+07,0,0,0,7.74588e+07
85.139,85.139,4.51573,0.28,0.02,2.39618,3.00098,0,0.456842,5.32224,4.2568e+06,2.70226e+06,1.02e+07,0,0,0,2.85105e+08,62.3362,61.308,5.0152,0,0,1.97114,1.36634,0,1.53888,2.96352,8.84649e+06,3.61194e+06,1.74377e+07,0,0,0,7.74588e+07
85.139,85.139,3.70078,0.26,0.02,2.3965,3.0013,0,0.449044,5.32224,4.2568e+06,2.70226e+06,1.02014e+07,0,0,0,2.85105e+08,62.3362,61.308,4.40746,0,0,1.97129,1.36649,0,1.5229,2.96352,8.84649e+06,3.61194e+06,1.7439e+07,0,0,0,7.74588e+07
85.139,85.139,3.27417,0.23,0.02,2.39683,3.00163,0,0.449105,5.32224,4.2568e+06,2.70226e+06,1.02028e+07,0,0,0,2.85105e+08,62.3362,61.308,3.87341,0,0,1.97143,1.36663,0,1.52302,2.96352,8.84649e+06,3.61194e+06,1.74403e+07,0,0,0,7.74588e+07
85.139,85.139,2.98229,0.2,0.02,2.39715,3.00195,0,0.449165,5.32224,4.2568e+06,2.70226e+06,1.02042e+07,0,0,0,2.85105e+08,62.3362,61.308,3.54307,0,0,1.97158,1.36678,0,1.52313,2.96352,8.84649e+06,3.61194e+06,1.74416e+07,0,0,0,7.74588e+07
84.9289,85.139,2.68072,0.18,0.02,2.53989,3.14469,0,0.449226,5.32224,4.2568e+06,2.70226e+06,1.08118e+07,0,0,0,2.85105e+08,62.3362,61.308,3.33626,0,0,2.04563,1.44083,0,1.52324,2.96352,8.84649e+06,3.61194e+06,1.80966e+07,0,0,0,7.74588e+07
84.4528,85.139,2.37103,0.33,0.02,2.54023,3.14503,0,0.475975,5.32224,4.2568e+06,2.70226e+06,1.08132e+07,0,0,0,2.85105e+08,62.293,61.308,3.05233,0,0,2.04579,1.44099,0,1.58045,2.96352,8.84649e+06,3.61194e+06,1.8098e+07,0,0,0,7.74588e+07
83.8677,85.139,2.24301,0.27,0.02,2.54057,3.14537,0,0.476039,5.32224,4.2568e+06,2.70226e+06,1.08147e+07,0,0,0,2.85105e+08,62.1765,61.308,2.74002,0,0,2.04594,1.44114,0,1.58057,2.96352,8.84649e+06,3.61194e+06,1.80994e+07,0,0,0,7.74588e+07
83.1267,85.139,2.02935,0.24,0.02,2.5409,3.1457,0,0.476102,5.32224,4.2568e+06,2.70226e+06,1.08161e+07,0,0,0,2.85105e+08,62.0016,61.308,2.64075,0,0,2.04609,1.44129,0,1.58069,2.96352,8.84649e+06,3.61194e+06,1.81008e+07,0,0,0,7.74588e+07
82.4084,85.139,2.04089,0.21,0.02,2.54124,3.14604,0,0.476165,5.32224,4.2568e+06,2.70226e+06,1.08175e+07,0,0,0,2.85105e+08,61.8333,61.308,2.636,0,0,2.04625,1.44145,0,1.58081,2.96352,8.84649e+06,3.61194e+06,1.81021e+07,0,0,0,7.74588e+07
82.2156,85.139,2.58727,0.22,0.02,2.5134,3.1182,0,0.476229,5.32224,4.2568e+06,2.70226e+06,1.0699e+07,0,0,0,2.85105e+08,61.9019,61.308,3.45787,0,0,2.08704,1.48224,0,1.58093,2.96352,8.84649e+06,3.61194e+06,1.8463e+07,0,0,0,7.74588e+07
81.9118,85.139,2.4451,0.21,0.02,2.51374,3.11854,0,0.471011,5.32224,4.2568e+06,2.70226e+06,1.07005e+07,0,0,0,2.85105e+08,61.894,61.308,3.33189,0,0,2.0872,1.4824,0,1.61245,2.96352,8.84649e+06,3.61194e+06,1.84644e+07,0,0,0,7.74588e+07
81.4952,85.139,2.31412,0.21,0.02,2.51407,3.11887,0,0.471074,5.32224,4.2568e+06,2.70226e+06,1.07019e+07,0,0,0,2.85105e+08,61.7996,61.308,3.1593,0,0,2.08736,1.48256,0,1.61257,2.96352,8.84649e+06,3.61194e+06,1.84658e+07,0,0,0,7.74588e+07
80.9223,85.139,2.14817,0.21,0.02,2.51441,3.11921,0,0.471137,5.32224,4.2568e+06,2.70226e+06,1.07033e+07,0,0,0,2.85105e+08,61.623,61.308,2.95842,0,0,2.08752,1.48272,0,1.6127,2.96352,8.84649e+06,3.61194e+06,1.84672e+07,0,0,0,7.74588e+07
80.4049,85.139,2.27548,0.2,0.02,2.58754,3.19234,0,0.4712,5.32224,4.2568e+06,2.70226e+06,1.10146e+07,0,0,0,2.85105e+08,61.5223,61.308,3.00551,0,0,2.12392,1.51912,0,1.61282,2.96352,8.84649e+06,3.61194e+06,1.87892e+07,0,0,0,7.74588e+07
79.7111,85.139,2.06278,0.21,0.02,2.58789,3.19269,0,0.484906,5.32224,4.2568e+06,2.70226e+06,1.10161e+07,0,0,0,2.85105e+08,61.2739,61.308,2.90991,0,0,2.12408,1.51928,0,1.64094,2.96352,8.84649e+06,3.61194e+06,1.87907e+07,0,0,0,7.74588e+07
78.8757,85.139,1.91187,0.21,0.02,2.58823,3.19303,0,0.48497,5.32224,4.2568e+06,2.70226e+06,1.10176e+07,0,0,0,2.85105e+08,60.9725,61.308,2.59197,0,0,2.12424,1.51944,0,1.64106,2.96352,8.84649e+06,3.61194e+06,1.87921e+07,0,0,0,7.74588e+07
78.0892,85.139,1.94504,0.22,0.02,2.58857,3.19337,0,0.485034,5.32224,4.2568e+06,2.70226e+06,1.1019e+07,0,0,0,2.85105e+08,60.7448,61.308,2.92503,0,0,2.12441,1.51961,0,1.64119,2.96352,8.84649e+06,3.61194e+06,1.87935e+07,0,0,0,7.74588e+07
77.2431,85.139,2.05739,0.22,0.02,2.80221,3.40701,0,0.485099,5.32224,4.2568e+06,2.70226e+06,1.19284e+07,0,0,0,2.85105e+08,60.5532,61.308,3.13035,0,0,2.25542,1.65062,0,1.64132,2.96352,8.84649e+06,3.61194e+06,1.99525e+07,0,0,0,7.74588e+07
76.2613,85.139,1.92272,0.23,0.02,2.80258,3.40738,0,0.525135,5.32224,4.2568e+06,2.70226e+06,1.193e+07,0,0,0,2.85105e+08,60.2484,61.308,3.1631,0,0,2.25559,1.65079,0,1.74253,2.96352,8.84649e+06,3.61194e+06,1.99541e+07,0,0,0,7.74588e+07
75.463,85.139,2.13034,0.23,0.02,2.80294,3.40774,0,0.525203,5.32224,4.2568e+06,2.70226e+06,1.19316e+07,0,0,0,2.85105e+08,60.1029,61.308,3.92477,0,0,2.25577,1.65097,0,1.74267,2.96352,8.84649e+06,3.61194e+06,1.99557e+07,0,0,0,7.74588e+07
74.2782,85.139,1.73542,0.23,0.02,2.80331,3.40811,0,0.525272,5.32224,4.2568e+06,2.70226e+06,1.19331e+07,0,0,0,2.85105e+08,59.7269,61.308,2.74897,0,0,2.25595,1.65115,0,1.74281,2.96352,8.84649e+06,3.61194e+06,1.99572e+07,0,0,0,7.74588e+07
73.4943,85.139,2.11647,0.23,0.02,2.80368,3.40848,0,0.52534,5.32224,4.2568e+06,2.70226e+06,1.19347e+07,0,0,0,2.85105e+08,59.7793,61.308,5.09001,0,0,2.25613,1.65133,0,1.74295,2.96352,8.84649e+06,3.61194e+06,1.99588e+07,0,0,0,7.74588e+07
72.2394,85.139,1.5594,0.26,0.02,2.70004,3.30484,0,0.525409,5.32224,4.2568e+06,2.70226e+06,1.14935e+07,0,0,0,2.85105e+08,59.4134,61.308,2.40846,0,0,2.17684,1.57204,0,1.74308,2.96352,8.84649e+06,3.61194e+06,1.92574e+07,0,0,0,7.74588e+07
71.1219,85.139,1.71802,0.26,0.02,2.70039,3.30519,0,0.505987,5.32224,4.2568e+06,2.70226e+06,1.1495e+07,0,0,0,2.85105e+08,59.0524,61.308,2.19811,0,0,2.17701,1.57221,0,1.68183,2.96352,8.84649e+06,3.61194e+06,1.92589e+07,0,0,0,7.74588e+07
70.555,85.139,2.2996,0.26,0.02,2.70075,3.30555,0,0.506053,5.32224,4.2568e+06,2.70226e+06,1.14965e+07,0,0,0,2.85105e+08,58.8366,61.308,2.85365,0,0,2.17718,1.57238,0,1.68196,2.96352,8.84649e+06,3.61194e+06,1.92604e+07,0,0,0,7.74588e+07
70.5569,85.139,2.99394,0.26,0.02,2.7011,3.3059,0,0.50612,5.32224,4.2568e+06,2.70226e+06,1.1498e+07,0,0,0,2.85105e+08,58.989,61.308,4.2807,0,0,2.17735,1.57255,0,1.68209,2.96352,8.84649e+06,3.61194e+06,1.92619e+07,0,0,0,7.74588e+07
69.4699,85.139,1.68832,0.25,0.02,2.61605,3.22085,0,0.506186,5.32224,4.2568e+06,2.70226e+06,1.1136e+07,0,0,0,2.85105e+08,58.6189,61.308,2.29413,0,0,2.10516,1.50036,0,1.68222,2.96352,8.84649e+06,3.61194e+06,1.86233e+07,0,0,0,7.74588e+07
68.2776,85.139,1.6022,0.25,0.02,2.61639,3.22119,0,0.490247,5.32224,4.2568e+06,2.70226e+06,1.11375e+07,0,0,0,2.85105e+08,57.817,61.308,1.69942,0,0,2.10532,1.50052,0,1.62644,2.96352,8.84649e+06,3.61194e+06,1.86247e+07,0,0,0,7.74588e+07
66.8845,85.139,1.42623,0.26,0.02,2.61674,3.22154,0,0.490312,5.32224,4.2568e+06,2.70226e+06,1.11389e+07,0,0,0,2.85105e+08,57.3483,61.308,1.21184,0,0,2.10548,1.50068,0,1.62657,2.96352,8.84649e+06,3.61194e+06,1.86261e+07,0,0,0,7.74588e+07
65.9247,85.139,1.88357,0.3,0.02,2.61709,3.22189,0,0.490377,5.32224,4.2568e+06,2.70226e+06,1.11404e+07,0,0,0,2.85105e+08,57.3986,61.308,2.97858,0,0,2.10564,1.50084,0,1.62669,2.96352,8.84649e+06,3.61194e+06,1.86275e+07,0,0,0,7.74588e+07
67.8699,85.139,4.83967,0.3,0.02,2.37476,2.97956,0,0.490442,5.32224,4.2568e+06,2.70226e+06,1.01089e+07,0,0,0,2.85105e+08,58.3204,61.308,5.63669,0,0,1.95503,1.35023,0,1.62682,2.96352,8.84649e+06,3.61194e+06,1.72952e+07,0,0,0,7.74588e+07
67.6661,85.139,2.49786,0.31,0.02,2.37508,2.97988,0,0.44503,5.32224,4.2568e+06,2.70226e+06,1.01102e+07,0,0,0,2.85105e+08,57.9574,61.308,2.47481,0,0,1.95518,1.35038,0,1.51046,2.96352,8.84649e+06,3.61194e+06,1.72965e+07,0,0,0,7.74588e+07
68.0225,85.139,3.18109,0.33,0.02,2.3754,2.9802,0,0.44509,5.32224,4.2568e+06,2.70226e+06,1.01116e+07,0,0,0,2.85105e+08,57.8262,61.308,2.89316,0,0,1.95532,1.35052,0,1.51057,2.96352,8.84649e+06,3.61194e+06,1.72977e+07,0,0,0,7.74588e+07
69.1093,85.139,3.92475,0.33,0.02,2.37572,2.98052,0,0.44515,5.32224,4.2568e+06,2.70226e+06,1.0113e+07,0,0,0,2.85105e+08,57.8796,61.308,3.58466,0,0,1.95547,1.35067,0,1.51068,2.96352,8.84649e+06,3.61194e+06,1.7299e+07,0,0,0,7.74588e+07
70.5176,85.139,4.44509,0.31,0.02,2.37604,2.98084,0,0.44521,5.32224,4.2568e+06,2.70226e+06,1.01143e+07,0,0,0,2.85105e+08,58.2803,61.308,4.89256,0,0,1.95561,1.35081,0,1.51079,2.96352,8.84649e+06,3.61194e+06,1.73003e+07,0,0,0,7.74588e+07
76.8399,85.139,9.59883,0.32,0.02,2.46975,3.07455,0,0.44527,5.32224,4.2568e+06,2.70226e+06,1.05132e+07,0,0,0,2.85105e+08,61.2404,61.308,8.87811,0,0,1.99944,1.39464,0,1.51091,2.96352,8.84649e+06,3.61194e+06,1.7688e+07,0,0,0,7.74588e+07
80.787,85.139,7.19486,0.29,0.02,2.47005,3.07485,0,0.46283,5.32224,4.2568e+06,2.70226e+06,1.05145e+07,0,0,0,2.85105e+08,62.3362,61.308,5.7382,0,0,1.99958,1.39478,0,1.54476,2.96352,8.84649e+06,3.61194e+06,1.76892e+07,0,0,0,7.74588e+07
85.139,85.139,9.36334,0.25,0.02,2.47036,3.07516,0,0.462888,5.32224,4.2568e+06,2.70226e+06,1.05158e+07,0,0,0,2.85105e+08,62.3362,61.308,7.18934,0,0,1.99971,1.39491,0,1.54487,2.96352,8.84649e+06,3.61194e+06,1.76905e+07,0,0,0,7.74588e+07
85.139,85.139,7.74312,0.23,0.02,2.47067,3.07547,0,0.462946,5.32224,4.2568e+06,2.70226e+06,1.05171e+07,0,0,0,2.85105e+08,62.3362,61.308,7.12684,0,0,1.99985,1.39505,0,1.54498,2.96352,8.84649e+06,3.61194e+06,1.76917e+07,0,0,0,7.74588e+07
85.139,85.139,4.93783,0.22,0.02,2.77098,3.37578,0,0.463003,5.32224,4.2568e+06,2.70226e+06,1.17955e+07,0,0,0,2.85105e+08,62.3362,61.308,4.84209,0,0,2.16404,1.55924,0,1.54509,2.96352,8.84649e+06,3.61194e+06,1.91442e+07,0,0,0,7.74588e+07
85.139,85.139,4.2696,0.23,0.02,2.77132,3.37612,0,0.519282,5.32224,4.2568e+06,2.70226e+06,1.17969e+07,0,0,0,2.85105e+08,62.3362,61.308,3.22759,0,0,2.1642,1.5594,0,1.67194,2.96352,8.84649e+06,3.61194e+06,1.91455e+07,0,0,0,7.74588e+07
85.139,85.139,5.69415,0.23,0.02,2.77166,3.37646,0,0.519345,5.32224,4.2568e+06,2.70226e+06,1.17984e+07,0,0,0,2.85105e+08,62.3362,61.308,5.08603,0,0,2.16435,1.55955,0,1.67206,2.96352,8.84649e+06,3.61194e+06,1.91469e+07,0,0,0,7.74588e+07
85.139,85.139,6.28288,0.23,0.02,2.772,3.3768,0,0.519409,5.32224,4.2568e+06,2.70226e+06,1.17998e+07,0,0,0,2.85105e+08,62.3362,61.308,7.29342,0,0,2.16451,1.55971,0,1.67218,2.96352,8.84649e+06,3.61194e+06,1.91483e+07,0,0,0,7.74588e+07
85.139,85.139,9.27091,0.23,0.02,2.34426,2.94906,0,0.519472,5.32224,4.2568e+06,2.70226e+06,9.97904e+06,0,0,0,2.85105e+08,62.3362,61.308,12.3879,0,0,1.94443,1.33963,0,1.6723,2.96352,8.84649e+06,3.61194e+06,1.72013e+07,0,0,0,7.74588e+07
85.139,85.139,7.19005,0.27,0.02,2.34456,2.94936,0,0.439315,5.32224,4.2568e+06,2.70226e+06,9.9803e+06,0,0,0,2.85105e+08,62.3362,61.308,13.5283,0,0,1.94456,1.33976,0,1.50226,2.96352,8.84649e+06,3.61194e+06,1.72025e+07,0,0,0,7.74588e+07
85.139,85.139,7.37846,0.28,0.02,2.34485,2.94965,0,0.43937,5.32224,4.2568e+06,2.70226e+06,9.98156e+06,0,0,0,2.85105e+08,62.3362,61.308,13.5137,0,0,1.94469,1.33989,0,1.50237,2.96352,8.84649e+06,3.61194e+06,1.72037e+07,0,0,0,7.74588e+07
85.139,85.139,9.86523,0.3,0.02,2.34515,2.94995,0,0.439425,5.32224,4.2568e+06,2.70226e+06,9.98281e+06,0,0,0,2.85105e+08,62.3362,61.308,15.4314,0,0,1.94483,1.34003,0,1.50247,2.96352,8.84649e+06,3.61194e+06,1.72049e+07,0,0,0,7.74588e+07
85.139,85.139,11.0052,0.31,0.02,2.34544,2.95024,0,0.439481,5.32224,4.2568e+06,2.70226e+06,9.98407e+06,0,0,0,2.85105e+08,62.3362,61.308,16.1278,0,0,1.94496,1.34016,0,1.50257,2.96352,8.84649e+06,3.61194e+06,1.72061e+07,0,0,0,7.74588e+07
85.139,85.139,11.3531,0.32,0.02,2.45355,3.05835,0,0.439536,5.32224,4.2568e+06,2.70226e+06,1.04442e+07,0,0,0,2.85105e+08,62.3362,61.308,16.038,0,0,1.999,1.3942,0,1.50268,2.96352,8.84649e+06,3.61194e+06,1.76842e+07,0,0,0,7.74588e+07
85.139,85.139,8.47104,0.34,0.02,2.45385,3.05865,0,0.459794,5.32224,4.2568e+06,2.70226e+06,1.04455e+07,0,0,0,2.85105e+08,62.3362,61.308,12.6333,0,0,1.99914,1.39434,0,1.54443,2.96352,8.84649e+06,3.61194e+06,1.76854e+07,0,0,0,7.74588e+07
85.139,85.139,7.77618,0.34,0.02,2.45416,3.05896,0,0.459852,5.32224,4.2568e+06,2.70226e+06,1.04468e+07,0,0,0,2.85105e+08,62.3362,61.308,13.4111,0,0,1.99928,1.39448,0,1.54454,2.96352,8.84649e+06,3.61194e+06,1.76866e+07,0,0,0,7.74588e+07
85.139,85.139,7.0652,0.33,0.02,2.45446,3.05926,0,0.459909,5.32224,4.2568e+06,2.70226e+06,1.04482e+07,0,0,0,2.85105e+08,62.3362,61.308,12.9926,0,0,1.99942,1.39462,0,1.54465,2.96352,8.84649e+06,3.61194e+06,1.76879e+07,0,0,0,7.74588e+07
85.139,85.139,6.31358,0.3,0.02,2.4126,3.0174,0,0.459967,5.32224,4.2568e+06,2.70226e+06,1.027e+07,0,0,0,2.85105e+08,62.3362,61.308,7.35594,0,0,1.97862,1.37382,0,1.54475,2.96352,8.84649e+06,3.61194e+06,1.75038e+07,0,0,0,7.74588e+07
85.139,85.139,5.38796,0.28,0.02,2.4129,3.0177,0,0.452122,5.32224,4.2568e+06,2.70226e+06,1.02712e+07,0,0,0,2.85105e+08,62.3362,61.308,5.05979,0,0,1.97875,1.37395,0,1.52868,2.96352,8.84649e+06,3.61194e+06,1.7505e+07,0,0,0,7.74588e+07
85.139,85.139,4.90635,0.28,0.02,2.41321,3.01801,0,0.452178,5.32224,4.2568e+06,2.70226e+06,1.02725e+07,0,0,0,2.85105e+08,62.3362,61.308,4.82985,0,0,1.97889,1.37409,0,1.52879,2.96352,8.84649e+06,3.61194e+06,1.75062e+07,0,0,0,7.74588e+07
85.139,85.139,4.46383,0.24,0.02,2.41351,3.01831,0,0.452235,5.32224,4.2568e+06,2.70226e+06,1.02738e+07,0,0,0,2.85105e+08,62.3362,61.308,4.07646,0,0,1.97903,1.37423,0,1.52889,2.96352,8.84649e+06,3.61194e+06,1.75075e+07,0,0,0,7.74588e+07
85.139,85.139,4.43873,0.2,0.02,2.55701,3.16181,0,0.452292,5.32224,4.2568e+06,2.70226e+06,1.08846e+07,0,0,0,2.85105e+08,62.3362,61.308,3.72898,0,0,2.05347,1.44867,0,1.529,2.96352,8.84649e+06,3.61194e+06,1.8166e+07,0,0,0,7.74588e+07
85.139,85.139,4.44154,0.2,0.02,2.55732,3.16212,0,0.479183,5.32224,4.2568e+06,2.70226e+06,1.0886e+07,0,0,0,2.85105e+08,62.3362,61.308,3.15158,0,0,2.05362,1.44882,0,1.58651,2.96352,8.84649e+06,3.61194e+06,1.81673e+07,0,0,0,7.74588e+07
85.139,85.139,4.37071,0.18,0.02,2.55764,3.16244,0,0.479242,5.32224,4.2568e+06,2.70226e+06,1.08873e+07,0,0,0,2.85105e+08,62.3362,61.308,3.23366,0,0,2.05376,1.44896,0,1.58662,2.96352,8.84649e+06,3.61194e+06,1.81686e+07,0,0,0,7.74588e+07
85.139,85.139,3.93191,0.17,0.02,2.55796,3.16276,0,0.479302,5.32224,4.2568e+06,2.70226e+06,1.08887e+07,0,0,0,2.85105e+08,62.3362,61.308,3.1835,0,0,2.05391,1.44911,0,1.58674,2.96352,8.84649e+06,3.61194e+06,1.81699e+07,0,0,0,7.74588e+07
85.139,85.139,3.74737,0.17,0.02,2.55827,3.16307,0,0.479361,5.32224,4.2568e+06,2.70226e+06,1.089e+07,0,0,0,2.85105e+08,62.3362,61.308,3.20365,0,0,2.05405,1.44925,0,1.58685,2.96352,8.84649e+06,3.61194e+06,1.81712e+07,0,0,0,7.74588e+07
85.139,85.139,2.77159,0.17,0.02,2.53026,3.13506,0,0.47942,5.32224,4.2568e+06,2.70226e+06,1.07708e+07,0,0,0,2.85105e+08,62.26,61.308,2.40233,0,0,2.09506,1.49026,0,1.58696,2.96352,8.84649e+06,3.61194e+06,1.85339e+07,0,0,0,7.74588e+07
84.9543,85.139,2.57284,0.17,0.02,2.53057,3.13537,0,0.47417,5.32224,4.2568e+06,2.70226e+06,1.07721e+07,0,0,0,2.85105e+08,62.1569,61.308,2.34838,0,0,2.09521,1.49041,0,1.61864,2.96352,8.84649e+06,3.61194e+06,1.85352e+07,0,0,0,7.74588e+07
84.5473,85.139,2.34524,0.23,0.02,2.53089,3.13569,0,0.474229,5.32224,4.2568e+06,2.70226e+06,1.07735e+07,0,0,0,2.85105e+08,62.0103,61.308,2.15173,0,0,2.09536,1.49056,0,1.61876,2.96352,8.84649e+06,3.61194e+06,1.85365e+07,0,0,0,7.74588e+07
83.9662,85.139,2.14243,0.22,0.02,2.5312,3.136,0,0.474288,5.32224,4.2568e+06,2.70226e+06,1.07748e+07,0,0,0,2.85105e+08,61.7272,61.308,2.05808,0,0,2.09551,1.49071,0,1.61887,2.96352,8.84649e+06,3.61194e+06,1.85379e+07,0,0,0,7.74588e+07
83.2113,85.139,1.98843,0.22,0.02,2.60471,3.20951,0,0.474347,5.32224,4.2568e+06,2.70226e+06,1.10877e+07,0,0,0,2.85105e+08,61.4249,61.308,1.88489,0,0,2.13209,1.52729,0,1.61899,2.96352,8.84649e+06,3.61194e+06,1.88615e+07,0,0,0,7.74588e+07
82.3893,85.139,1.95293,0.21,0.02,2.60503,3.20983,0,0.488122,5.32224,4.2568e+06,2.70226e+06,1.10891e+07,0,0,0,2.85105e+08,61.1032,61.308,1.96714,0,0,2.13224,1.52744,0,1.64725,2.96352,8.84649e+06,3.61194e+06,1.88628e+07,0,0,0,7.74588e+07
81.449,85.139,1.80255,0.21,0.02,2.60535,3.21015,0,0.488183,5.32224,4.2568e+06,2.70226e+06,1.10904e+07,0,0,0,2.85105e+08,60.5391,61.308,1.87359,0,0,2.13239,1.52759,0,1.64737,2.96352,8.84649e+06,3.61194e+06,1.88642e+07,0,0,0,7.74588e+07
80.3603,85.139,1.64064,0.21,0.02,2.60567,3.21047,0,0.488243,5.32224,4.2568e+06,2.70226e+06,1.10918e+07,0,0,0,2.85105e+08,60.1174,61.308,1.63747,0,0,2.13254,1.52774,0,1.64749,2.96352,8.84649e+06,3.61194e+06,1.88655e+07,0,0,0,7.74588e+07
79.2487,85.139,1.78904,0.21,0.02,2.82043,3.42523,0,0.488303,5.32224,4.2568e+06,2.70226e+06,1.2006e+07,0,0,0,2.85105e+08,59.5201,61.308,2.04062,0,0,2.26424,1.65944,0,1.6476,2.96352,8.84649e+06,3.61194e+06,2.00306e+07,0,0,0,7.74588e+07
77.851,85.139,1.47831,0.23,0.02,2.82077,3.42557,0,0.528549,5.32224,4.2568e+06,2.70226e+06,1.20075e+07,0,0,0,2.85105e+08,58.9583,61.308,1.4462,0,0,2.26441,1.65961,0,1.74935,2.96352,8.84649e+06,3.61194e+06,2.00321e+07,0,0,0,7.74588e+07
76.5991,85.139,1.63582,0.23,0.02,2.82112,3.42592,0,0.528613,5.32224,4.2568e+06,2.70226e+06,1.20089e+07,0,0,0,2.85105e+08,58.1582,61.308,1.79327,0,0,2.26458,1.65978,0,1.74948,2.96352,8.84649e+06,3.61194e+06,2.00335e+07,0,0,0,7.74588e+07
75.0517,85.139,1.3301,0.23,0.02,2.82146,3.42626,0,0.528677,5.32224,4.2568e+06,2.70226e+06,1.20104e+07,0,0,0,2.85105e+08,57.5868,61.308,1.26167,0,0,2.26474,1.65994,0,1.74961,2.96352,8.84649e+06,3.61194e+06,2.0035e+07,0,0,0,7.74588e+07
73.8192,85.139,1.62671,0.23,0.02,2.8218,3.4266,0,0.528741,5.32224,4.2568e+06,2.70226e+06,1.20118e+07,0,0,0,2.85105e+08,56.9004,61.308,2.3107,0,0,2.26491,1.66011,0,1.74974,2.96352,8.84649e+06,3.61194e+06,2.00365e+07,0,0,0,7.74588e+07
72.5184,85.139,1.53006,0.24,0.02,2.71759,3.32239,0,0.528806,5.32224,4.2568e+06,2.70226e+06,1.15682e+07,0,0,0,2.85105e+08,56.4001,61.308,1.27792,0,0,2.18519,1.58039,0,1.74987,2.96352,8.84649e+06,3.61194e+06,1.93313e+07,0,0,0,7.74588e+07
71.6628,85.139,1.94991,0.27,0.02,2.71792,3.32272,0,0.509276,5.32224,4.2568e+06,2.70226e+06,1.15696e+07,0,0,0,2.85105e+08,55.7922,61.308,1.82617,0,0,2.18535,1.58055,0,1.68828,2.96352,8.84649e+06,3.61194e+06,1.93327e+07,0,0,0,7.74588e+07
70.1362,85.139,1.31871,0.27,0.02,2.71825,3.32305,0,0.509338,5.32224,4.2568e+06,2.70226e+06,1.1571e+07,0,0,0,2.85105e+08,54.7007,61.308,1.40895,0,0,2.18551,1.58071,0,1.6884,2.96352,8.84649e+06,3.61194e+06,1.93341e+07,0,0,0,7.74588e+07
68.4085,85.139,1.04917,0.27,0.02,2.71858,3.32338,0,0.5094,5.32224,4.2568e+06,2.70226e+06,1.15725e+07,0,0,0,2.85105e+08,53.6535,61.308,1.06516,0,0,2.18567,1.58087,0,1.68852,2.96352,8.84649e+06,3.61194e+06,1.93355e+07,0,0,0,7.74588e+07
66.7367,85.139,1.04067,0.27,0.02,2.63306,3.23786,0,0.509463,5.32224,4.2568e+06,2.70226e+06,1.12084e+07,0,0,0,2.85105e+08,52.6507,61.308,1.17605,0,0,2.11308,1.50828,0,1.68865,2.96352,8.84649e+06,3.61194e+06,1.86933e+07,0,0,0,7.74588e+07
65.3167,85.139,1.29591,0.3,0.02,2.63338,3.23818,0,0.493435,5.32224,4.2568e+06,2.70226e+06,1.12098e+07,0,0,0,2.85105e+08,51.4546,61.308,1.10904,0,0,2.11323,1.50843,0,1.63257,2.96352,8.84649e+06,3.61194e+06,1.86947e+07,0,0,0,7.74588e+07
63.9206,85.139,1.37809,0.3,0.02,2.63371,3.23851,0,0.493496,5.32224,4.2568e+06,2.70226e+06,1.12111e+07,0,0,0,2.85105e+08,50.8229,61.308,0.820597,0,0,2.11338,1.50858,0,1.63268,2.96352,8.84649e+06,3.61194e+06,1.8696e+07,0,0,0,7.74588e+07
62.7551,85.139,1.60827,0.32,0.02,2.63403,3.23883,0,0.493556,5.32224,4.2568e+06,2.70226e+06,1.12125e+07,0,0,0,2.85105e+08,50.4655,61.308,1.80657,0,0,2.11353,1.50873,0,1.6328,2.96352,8.84649e+06,3.61194e+06,1.86974e+07,0,0,0,7.74588e+07
64.1783,85.139,4.19371,0.32,0.02,2.39041,2.99521,0,0.493617,5.32224,4.2568e+06,2.70226e+06,1.01755e+07,0,0,0,2.85105e+08,50.7827,61.308,3.71603,0,0,1.96212,1.35732,0,1.63292,2.96352,8.84649e+06,3.61194e+06,1.73579e+07,0,0,0,7.74588e+07
63.3332,85.139,1.90472,0.33,0.02,2.39071,2.99551,0,0.447963,5.32224,4.2568e+06,2.70226e+06,1.01768e+07,0,0,0,2.85105e+08,50.7036,61.308,2.88953,0,0,1.96226,1.35746,0,1.51594,2.96352,8.84649e+06,3.61194e+06,1.73591e+07,0,0,0,7.74588e+07
62.3924,85.139,1.79435,0.33,0.02,2.39101,2.99581,0,0.448019,5.32224,4.2568e+06,2.70226e+06,1.0178e+07,0,0,0,2.85105e+08,50.7368,61.308,3.44846,0,0,1.96239,1.35759,0,1.51604,2.96352,8.84649e+06,3.61194e+06,1.73603e+07,0,0,0,7.74588e+07
61.0655,85.139,1.34264,0.37,0.02,2.39131,2.99611,0,0.448075,5.32224,4.2568e+06,2.70226e+06,1.01793e+07,0,0,0,2.85105e+08,50.2668,61.308,2.13039,0,0,1.96253,1.35773,0,1.51615,2.96352,8.84649e+06,3.61194e+06,1.73615e+07,0,0,0,7.74588e+07
60.4166,85.139,1.81327,0.42,0.02,2.10511,2.99641,0,0.448131,5.32224,4.2568e+06,3.49568e+06,8.96103e+06,0,0,0,2.85105e+08,49.6392,61.308,2.27904,0,0,1.83284,1.35787,0,1.51625,2.96352,8.84649e+06,4.67245e+06,1.62142e+07,0,0,0,7.74588e+07
59.6124,85.139,1.63556,0.46,0.02,2.19028,3.09058,0,0.394498,5.32224,4.2568e+06,3.49568e+06,9.32356e+06,0,0,0,2.85105e+08,49.135,61.308,1.73522,0,0,1.87267,1.40191,0,1.41605,2.96352,8.84649e+06,4.67245e+06,1.65665e+07,0,0,0,7.74588e+07
61.0117,85.139,3.83907,0.48,0.02,2.19054,3.09087,0,0.410458,6.048,4.2568e+06,3.49568e+06,9.32467e+06,0,0,0,2.85105e+08,48.987,61.308,1.98927,0,0,1.87278,1.40204,0,1.44682,2.96352,8.84649e+06,4.67245e+06,1.65676e+07,0,0,0,7.74588e+07
70.0853,85.139,11.8826,0.52,0.02,2.1908,3.09115,0,0.410507,6.048,4.2568e+06,3.49568e+06,9.32578e+06,0,0,0,2.85105e+08,49.5013,61.308,4.02053,0,0,1.8729,1.40217,0,1.44691,2.96352,8.84649e+06,4.67245e+06,1.65686e+07,0,0,0,7.74588e+07
73.675,85.139,6.6039,0.37,0.02,2.48664,3.09144,0,0.410556,6.048,4.2568e+06,2.70226e+06,1.05851e+07,0,0,0,2.85105e+08,49.8466,61.308,3.33844,0,0,2.0071,1.4023,0,1.447,2.96352,8.84649e+06,3.61194e+06,1.77558e+07,0,0,0,7.74588e+07
75.4664,85.139,4.94484,0.37,0.02,2.78849,3.39329,0,0.465997,6.048,4.2568e+06,2.70226e+06,1.187e+07,0,0,0,2.85105e+08,49.9575,61.308,2.93101,0,0,2.17213,1.56733,0,1.55069,2.96352,8.84649e+06,3.61194e+06,1.92157e+07,0,0,0,7.74588e+07
80.8456,85.139,8.73827,0.32,0.02,2.7888,3.3936,0,0.522563,6.048,4.2568e+06,2.70226e+06,1.18714e+07,0,0,0,2.85105e+08,50.3902,61.308,4.2579,0,0,2.17227,1.56747,0,1.67818,2.96352,8.84649e+06,3.61194e+06,1.9217e+07,0,0,0,7.74588e+07
85.139,85.139,8.01621,0.29,0.02,2.78912,3.39392,0,0.522622,6.048,4.2568e+06,2.70226e+06,1.18727e+07,0,0,0,2.85105e+08,51.0925,61.308,4.60422,0,0,2.17242,1.56762,0,1.6783,2.96352,8.84649e+06,3.61194e+06,1.92183e+07,0,0,0,7.74588e+07
85.139,85.139,7.38298,0.24,0.02,2.78944,3.39424,0,0.522681,6.048,4.2568e+06,2.70226e+06,1.18741e+07,0,0,0,2.85105e+08,52.0262,61.308,4.83523,0,0,2.17256,1.56776,0,1.67841,2.96352,8.84649e+06,3.61194e+06,1.92196e+07,0,0,0,7.74588e+07
85.139,85.139,6.94043,0.25,0.02,2.35947,2.96427,0,0.52274,6.048,4.2568e+06,2.70226e+06,1.00438e+07,0,0,0,2.85105e+08,52.696,61.308,4.38386,0,0,1.95133,1.34653,0,1.67852,2.96352,8.84649e+06,3.61194e+06,1.72625e+07,0,0,0,7.74588e+07
85.139,85.139,3.92649,0.29,0.02,2.35975,2.96455,0,0.442165,6.048,4.2568e+06,2.70226e+06,1.0045e+07,0,0,0,2.85105e+08,52.9646,61.308,2.65341,0,0,1.95146,1.34666,0,1.5076,2.96352,8.84649e+06,3.61194e+06,1.72636e+07,0,0,0,7.74588e+07
85.139,85.139,5.25011,0.29,0.02,2.36002,2.96482,0,0.442217,6.048,4.2568e+06,2.70226e+06,1.00461e+07,0,0,0,2.85105e+08,53.659,61.308,3.63674,0,0,1.95159,1.34679,0,1.5077,2.96352,8.84649e+06,3.61194e+06,1.72647e+07,0,0,0,7.74588e+07
85.139,85.139,10.3135,0.31,0.02,2.3603,2.9651,0,0.442268,6.048,4.2568e+06,2.70226e+06,1.00473e+07,0,0,0,2.85105e+08,54.6973,61.308,4.77976,0,0,1.95171,1.34691,0,1.50779,2.96352,8.84649e+06,3.61194e+06,1.72658e+07,0,0,0,7.74588e+07
85.139,85.139,6.66428,0.33,0.02,2.36057,2.96537,0,0.44232,6.048,4.2568e+06,2.70226e+06,1.00485e+07,0,0,0,2.85105e+08,55.2635,61.308,3.38167,0,0,1.95184,1.34704,0,1.50789,2.96352,8.84649e+06,3.61194e+06,1.72669e+07,0,0,0,7.74588e+07
85.139,85.139,8.05086,0.34,0.02,2.46921,3.07401,0,0.442372,6.048,4.2568e+06,2.70226e+06,1.05109e+07,0,0,0,2.85105e+08,57.0297,61.308,5.29273,0,0,2.00614,1.40134,0,1.50799,2.96352,8.84649e+06,3.61194e+06,1.77473e+07,0,0,0,7.74588e+07
85.139,85.139,7.57935,0.34,0.02,2.46949,3.07429,0,0.46273,6.048,4.2568e+06,2.70226e+06,1.05121e+07,0,0,0,2.85105e+08,59.3997,61.308,6.75047,0,0,2.00627,1.40147,0,1.54995,2.96352,8.84649e+06,3.61194e+06,1.77485e+07,0,0,0,7.74588e+07
85.139,85.139,6.08826,0.35,0.02,2.46978,3.07458,0,0.462783,6.048,4.2568e+06,2.70226e+06,1.05134e+07,0,0,0,2.85105e+08,61.0957,61.308,6.11759,0,0,2.0064,1.4016,0,1.55005,2.96352,8.84649e+06,3.61194e+06,1.77496e+07,0,0,0,7.74588e+07
85.139,85.139,4.78419,0.34,0.02,2.47007,3.07487,0,0.462837,6.048,4.2568e+06,2.70226e+06,1.05146e+07,0,0,0,2.85105e+08,62.1163,61.308,4.51167,0,0,2.00653,1.40173,0,1.55015,2.96352,8.84649e+06,3.61194e+06,1.77508e+07,0,0,0,7.74588e+07
85.139,85.139,4.55281,0.3,0.02,2.42797,3.03277,0,0.462891,6.048,4.2568e+06,2.70226e+06,1.03354e+07,0,0,0,2.85105e+08,62.3362,61.308,4.70024,0,0,1.98561,1.38081,0,1.55025,2.96352,8.84649e+06,3.61194e+06,1.75657e+07,0,0,0,7.74588e+07
85.139,85.139,3.82672,0.3,0.02,2.42825,3.03305,0,0.455002,6.048,4.2568e+06,2.70226e+06,1.03366e+07,0,0,0,2.85105e+08,62.3362,61.308,3.88397,0,0,1.98574,1.38094,0,1.53408,2.96352,8.84649e+06,3.61194e+06,1.75668e+07,0,0,0,7.74588e+07
85.139,85.139,3.11582,0.29,0.02,2.42853,3.03333,0,0.455054,6.048,4.2568e+06,2.70226e+06,1.03378e+07,0,0,0,2.85105e+08,62.3362,61.308,3.51086,0,0,1.98587,1.38107,0,1.53418,2.96352,8.84649e+06,3.61194e+06,1.7568e+07,0,0,0,7.74588e+07
85.0282,85.139,2.79146,0.26,0.02,2.42882,3.03362,0,0.455107,6.048,4.2568e+06,2.70226e+06,1.0339e+07,0,0,0,2.85105e+08,62.3362,61.308,2.73497,0,0,1.986,1.3812,0,1.53428,2.96352,8.84649e+06,3.61194e+06,1.75691e+07,0,0,0,7.74588e+07
85.139,85.139,3.41223,0.36,0.02,2.57302,3.17782,0,0.45516,6.048,4.2568e+06,2.70226e+06,1.09528e+07,0,0,0,2.85105e+08,62.3362,61.308,2.92696,0,0,2.06081,1.45601,0,1.53438,2.96352,8.84649e+06,3.61194e+06,1.82309e+07,0,0,0,7.74588e+07
85.139,85.139,3.08608,0.21,0.02,2.57331,3.17811,0,0.482183,6.048,4.2568e+06,2.70226e+06,1.09541e+07,0,0,0,2.85105e+08,62.3362,61.308,2.8557,0,0,2.06094,1.45614,0,1.59218,2.96352,8.84649e+06,3.61194e+06,1.82321e+07,0,0,0,7.74588e+07
84.9491,85.139,2.69131,0.2,0.02,2.57361,3.17841,0,0.482239,6.048,4.2568e+06,2.70226e+06,1.09553e+07,0,0,0,2.85105e+08,62.2455,61.308,2.47001,0,0,2.06108,1.45628,0,1.59229,2.96352,8.84649e+06,3.61194e+06,1.82333e+07,0,0,0,7.74588e+07
84.4349,85.139,2.35824,0.29,0.02,2.5739,3.1787,0,0.482294,6.048,4.2568e+06,2.70226e+06,1.09566e+07,0,0,0,2.85105e+08,62.0904,61.308,2.44905,0,0,2.06122,1.45642,0,1.59239,2.96352,8.84649e+06,3.61194e+06,1.82345e+07,0,0,0,7.74588e+07
83.7252,85.139,2.14866,0.27,0.02,2.5742,3.179,0,0.48235,6.048,4.2568e+06,2.70226e+06,1.09578e+07,0,0,0,2.85105e+08,61.8628,61.308,2.23822,0,0,2.06135,1.45655,0,1.59249,2.96352,8.84649e+06,3.61194e+06,1.82357e+07,0,0,0,7.74588e+07
83.5638,85.139,2.64486,0.23,0.02,2.54602,3.15082,0,0.482405,6.048,4.2568e+06,2.70226e+06,1.08379e+07,0,0,0,2.85105e+08,61.9141,61.308,2.74424,0,0,2.10255,1.49775,0,1.5926,2.96352,8.84649e+06,3.61194e+06,1.86002e+07,0,0,0,7.74588e+07
83.3866,85.139,2.62699,0.24,0.02,2.54631,3.15111,0,0.477124,6.048,4.2568e+06,2.70226e+06,1.08391e+07,0,0,0,2.85105e+08,61.9913,61.308,2.7873,0,0,2.10269,1.49789,0,1.62443,2.96352,8.84649e+06,3.61194e+06,1.86014e+07,0,0,0,7.74588e+07
83.0975,85.139,2.4814,0.23,0.02,2.54661,3.15141,0,0.477179,6.048,4.2568e+06,2.70226e+06,1.08404e+07,0,0,0,2.85105e+08,61.9805,61.308,2.73189,0,0,2.10283,1.49803,0,1.62454,2.96352,8.84649e+06,3.61194e+06,1.86027e+07,0,0,0,7.74588e+07
82.6384,85.139,2.31402,0.22,0.02,2.5469,3.1517,0,0.477234,6.048,4.2568e+06,2.70226e+06,1.08416e+07,0,0,0,2.85105e+08,61.9721,61.308,2.73726,0,0,2.10297,1.49817,0,1.62465,2.96352,8.84649e+06,3.61194e+06,1.86039e+07,0,0,0,7.74588e+07
81.9932,85.139,2.15469,0.22,0.02,2.62075,3.22555,0,0.477289,6.048,4.2568e+06,2.70226e+06,1.1156e+07,0,0,0,2.85105e+08,61.8842,61.308,2.4514,0,0,2.13972,1.53492,0,1.62475,2.96352,8.84649e+06,3.61194e+06,1.8929e+07,0,0,0,7.74588e+07
81.6625,85.139,2.47389,0.21,0.02,2.62105,3.22585,0,0.491129,6.048,4.2568e+06,2.70226e+06,1.11573e+07,0,0,0,2.85105e+08,62.0355,61.308,2.86728,0,0,2.13986,1.53506,0,1.65315,2.96352,8.84649e+06,3.61194e+06,1.89303e+07,0,0,0,7.74588e+07
81.1482,85.139,2.26322,0.21,0.02,2.62136,3.22616,0,0.491186,6.048,4.2568e+06,2.70226e+06,1.11586e+07,0,0,0,2.85105e+08,62.014,61.308,2.79996,0,0,2.14001,1.53521,0,1.65326,2.96352,8.84649e+06,3.61194e+06,1.89315e+07,0,0,0,7.74588e+07
80.4556,85.139,2.07641,0.21,0.02,2.62165,3.22645,0,0.491242,6.048,4.2568e+06,2.70226e+06,1.11598e+07,0,0,0,2.85105e+08,61.9217,61.308,2.46201,0,0,2.14015,1.53535,0,1.65337,2.96352,8.84649e+06,3.61194e+06,1.89328e+07,0,0,0,7.74588e+07
79.7063,85.139,2.18543,0.21,0.02,2.83746,3.44226,0,0.491298,6.048,4.2568e+06,2.70226e+06,1.20785e+07,0,0,0,2.85105e+08,61.9126,61.308,2.90816,0,0,2.27249,1.66769,0,1.65348,2.96352,8.84649e+06,3.61194e+06,2.01036e+07,0,0,0,7.74588e+07
78.1286,85.139,1.32093,0.21,0.02,2.83778,3.44258,0,0.531739,6.048,4.2568e+06,2.70226e+06,1.20798e+07,0,0,0,2.85105e+08,61.5719,61.308,1.95869,0,0,2.27265,1.66785,0,1.75573,2.96352,8.84649e+06,3.61194e+06,2.01049e+07,0,0,0,7.74588e+07
76.4195,85.139,1.17147,0.23,0.02,2.8381,3.4429,0,0.531799,6.048,4.2568e+06,2.70226e+06,1.20812e+07,0,0,0,2.85105e+08,61.2119,61.308,1.81029,0,0,2.2728,1.668,0,1.75585,2.96352,8.84649e+06,3.61194e+06,2.01063e+07,0,0,0,7.74588e+07
74.8548,85.139,1.30423,0.23,0.02,2.83842,3.44322,0,0.531859,6.048,4.2568e+06,2.70226e+06,1.20826e+07,0,0,0,2.85105e+08,60.9327,61.308,1.85935,0,0,2.27296,1.66816,0,1.75597,2.96352,8.84649e+06,3.61194e+06,2.01077e+07,0,0,0,7.74588e+07
74.0272,85.139,2.09115,0.23,0.02,2.83874,3.44354,0,0.531919,6.048,4.2568e+06,2.70226e+06,1.20839e+07,0,0,0,2.85105e+08,60.8163,61.308,2.26865,0,0,2.27311,1.66831,0,1.75609,2.96352,8.84649e+06,3.61194e+06,2.01091e+07,0,0,0,7.74588e+07
73.5829,85.139,2.37997,0.24,0.02,2.73398,3.33878,0,0.531979,6.048,4.2568e+06,2.70226e+06,1.1638e+07,0,0,0,2.85105e+08,61.7474,61.308,3.84049,0,0,2.19299,1.58819,0,1.75621,2.96352,8.84649e+06,3.61194e+06,1.94003e+07,0,0,0,7.74588e+07
72.4824,85.139,1.72667,0.27,0.02,2.73429,3.33909,0,0.512348,6.048,4.2568e+06,2.70226e+06,1.16393e+07,0,0,0,2.85105e+08,61.8293,61.308,2.55967,0,0,2.19314,1.58834,0,1.6943,2.96352,8.84649e+06,3.61194e+06,1.94016e+07,0,0,0,7.74588e+07
71.0841,85.139,1.41364,0.27,0.02,2.7346,3.3394,0,0.512406,6.048,4.2568e+06,2.70226e+06,1.16406e+07,0,0,0,2.85105e+08,61.8594,61.308,2.04778,0,0,2.19329,1.58849,0,1.69442,2.96352,8.84649e+06,3.61194e+06,1.94029e+07,0,0,0,7.74588e+07
70.4971,85.139,2.3175,0.27,0.02,2.73491,3.33971,0,0.512465,6.048,4.2568e+06,2.70226e+06,1.1642e+07,0,0,0,2.85105e+08,62.3362,61.308,2.83577,0,0,2.19343,1.58863,0,1.69453,2.96352,8.84649e+06,3.61194e+06,1.94042e+07,0,0,0,7.74588e+07
71.8585,85.139,4.35245,0.28,0.02,2.64894,3.25374,0,0.512523,6.048,4.2568e+06,2.70226e+06,1.1276e+07,0,0,0,2.85105e+08,62.3362,61.308,4.00376,0,0,2.12048,1.51568,0,1.69465,2.96352,8.84649e+06,3.61194e+06,1.87588e+07,0,0,0,7.74588e+07
70.9403,85.139,1.88311,0.27,0.02,2.64925,3.25405,0,0.496412,6.048,4.2568e+06,2.70226e+06,1.12773e+07,0,0,0,2.85105e+08,62.3362,61.308,2.74077,0,0,2.12062,1.51582,0,1.63828,2.96352,8.84649e+06,3.61194e+06,1.87601e+07,0,0,0,7.74588e+07
70.7878,85.139,2.78771,0.28,0.02,2.64955,3.25435,0,0.496469,6.048,4.2568e+06,2.70226e+06,1.12786e+07,0,0,0,2.85105e+08,62.3362,61.308,3.62206,0,0,2.12076,1.51596,0,1.63839,2.96352,8.84649e+06,3.61194e+06,1.87613e+07,0,0,0,7.74588e+07
73.0824,85.139,5.31314,0.28,0.02,2.64985,3.25465,0,0.496525,6.048,4.2568e+06,2.70226e+06,1.12799e+07,0,0,0,2.85105e+08,62.3362,61.308,5.09895,0,0,2.1209,1.5161,0,1.6385,2.96352,8.84649e+06,3.61194e+06,1.87626e+07,0,0,0,7.74588e+07
75.2478,85.139,5.15462,0.28,0.02,2.40502,3.00982,0,0.496582,6.048,4.2568e+06,2.70226e+06,1.02377e+07,0,0,0,2.85105e+08,62.3362,61.308,5.37415,0,0,1.96874,1.36394,0,1.63861,2.96352,8.84649e+06,3.61194e+06,1.74165e+07,0,0,0,7.74588e+07
74.874,85.139,2.42038,0.26,0.02,2.4053,3.0101,0,0.4507,6.048,4.2568e+06,2.70226e+06,1.02389e+07,0,0,0,2.85105e+08,62.3362,61.308,4.6141,0,0,1.96887,1.36407,0,1.52105,2.96352,8.84649e+06,3.61194e+06,1.74176e+07,0,0,0,7.74588e+07
74.3742,85.139,2.33452,0.27,0.02,2.40558,3.01038,0,0.450753,6.048,4.2568e+06,2.70226e+06,1.02401e+07,0,0,0,2.85105e+08,62.3362,61.308,4.60214,0,0,1.969,1.3642,0,1.52115,2.96352,8.84649e+06,3.61194e+06,1.74187e+07,0,0,0,7.74588e+07
74.7401,85.139,3.15829,0.29,0.02,2.40586,3.01066,0,0.450805,6.048,4.2568e+06,2.70226e+06,1.02412e+07,0,0,0,2.85105e+08,62.3362,61.308,5.90499,0,0,1.96912,1.36432,0,1.52125,2.96352,8.84649e+06,3.61194e+06,1.74198e+07,0,0,0,7.74588e+07
74.9234,85.139,3.14368,0.29,0.02,2.40614,3.01094,0,0.450858,6.048,4.2568e+06,2.70226e+06,1.02424e+07,0,0,0,2.85105e+08,62.3362,61.308,6.32292,0,0,1.96925,1.36445,0,1.52135,2.96352,8.84649e+06,3.61194e+06,1.7421e+07,0,0,0,7.74588e+07
77.3655,85.139,5.30539,0.29,0.02,2.40614,3.01094,0,0.45091,6.048,4.2568e+06,2.70226e+06,1.02424e+07,0,0,0,2.85105e+08,62.3362,61.308,7.00525,0,0,1.96925,1.36445,0,1.52144,2.96352,8.84649e+06,3.61194e+06,1.7421e+07,0,0,0,7.74588e+07
78.238,85.139,3.83233,0.29,0,2.50074,3.10554,0,0.45091,6.048,4.2568e+06,2.70226e+06,1.06452e+07,0,0,0,2.85105e+08,62.3362,61.308,5.55856,0,0,2.0135,1.4087,0,1.52144,2.96352,8.84649e+06,3.61194e+06,1.78124e+07,0,0,0,7.74588e+07
78.3652,85.139,3.07919,0.31,0,2.50101,3.10581,0,0.468639,6.048,4.2568e+06,2.70226e+06,1.06463e+07,0,0,0,2.85105e+08,62.3362,61.308,4.44933,0,0,2.01362,1.40882,0,1.55563,2.96352,8.84649e+06,3.61194e+06,1.78134e+07,0,0,0,7.74588e+07
77.9787,85.139,2.48613,0.32,0,2.50128,3.10608,0,0.468689,6.048,4.2568e+06,2.70226e+06,1.06474e+07,0,0,0,2.85105e+08,62.3362,61.308,3.9555,0,0,2.01374,1.40894,0,1.55572,2.96352,8.84649e+06,3.61194e+06,1.78145e+07,0,0,0,7.74588e+07
77.5663,85.139,2.47721,0.34,0,2.50154,3.10634,0,0.468739,6.048,4.2568e+06,2.70226e+06,1.06486e+07,0,0,0,2.85105e+08,62.3362,61.308,3.99505,0,0,2.01386,1.40906,0,1.55581,2.96352,8.84649e+06,3.61194e+06,1.78156e+07,0,0,0,7.74588e+07
77.6369,85.139,3.30914,0.34,0,2.80482,3.40962,0,0.468789,6.048,4.2568e+06,2.70226e+06,1.19396e+07,0,0,0,2.85105e+08,62.3362,61.308,5.4429,0,0,2.17967,1.57487,0,1.55591,2.96352,8.84649e+06,3.61194e+06,1.92824e+07,0,0,0,7.74588e+07
77.7183,85.139,3.30551,0.34,0,2.80512,3.40992,0,0.525624,6.048,4.2568e+06,2.70226e+06,1.19408e+07,0,0,0,2.85105e+08,62.3362,61.308,5.7347,0,0,2.17981,1.57501,0,1.68401,2.96352,8.84649e+06,3.61194e+06,1.92836e+07,0,0,0,7.74588e+07
78.0594,85.139,3.57521,0.37,0,2.80541,3.41021,0,0.525679,6.048,4.2568e+06,2.70226e+06,1.19421e+07,0,0,0,2.85105e+08,62.3362,61.308,6.1173,0,0,2.17994,1.57514,0,1.68412,2.96352,8.84649e+06,3.61194e+06,1.92848e+07,0,0,0,7.74588e+07
79.5626,85.139,4.84615,0.37,0,2.8057,3.4105,0,0.525734,6.048,4.2568e+06,2.70226e+06,1.19433e+07,0,0,0,2.85105e+08,62.3362,61.308,7.22944,0,0,2.18008,1.57528,0,1.68422,2.96352,8.84649e+06,3.61194e+06,1.9286e+07,0,0,0,7.74588e+07
81.64,85.139,5.0315,0.33,0,2.37366,2.97846,0,0.525789,6.048,4.2568e+06,2.70226e+06,1.01042e+07,0,0,0,2.85105e+08,62.3362,61.308,10.601,0,0,1.95778,1.35298,0,1.68433,2.96352,8.84649e+06,3.61194e+06,1.73195e+07,0,0,0,7.74588e+07
84.5272,85.139,5.81857,0.35,0,2.37391,2.97871,0,0.444823,6.048,4.2568e+06,2.70226e+06,1.01053e+07,0,0,0,2.85105e+08,62.3362,61.308,10.0823,0,0,1.95789,1.35309,0,1.51258,2.96352,8.84649e+06,3.61194e+06,1.73205e+07,0,0,0,7.74588e+07
85.139,85.139,4.76465,0.37,0,2.37417,2.97897,0,0.444871,6.048,4.2568e+06,2.70226e+06,1.01064e+07,0,0,0,2.85105e+08,62.3362,61.308,6.78173,0,0,1.95801,1.35321,0,1.51267,2.96352,8.84649e+06,3.61194e+06,1.73215e+07,0,0,0,7.74588e+07
85.139,85.139,3.40348,0.33,0,2.37443,2.97923,0,0.444919,6.048,4.2568e+06,2.70226e+06,1.01074e+07,0,0,0,2.85105e+08,62.3362,61.308,5.53652,0,0,1.95813,1.35333,0,1.51276,2.96352,8.84649e+06,3.61194e+06,1.73226e+07,0,0,0,7.74588e+07
85.139,85.139,2.88502,0.34,0,2.37468,2.97948,0,0.444967,6.048,4.2568e+06,2.70226e+06,1.01085e+07,0,0,0,2.85105e+08,62.3362,61.308,3.85692,0,0,1.95824,1.35344,0,1.51285,2.96352,8.84649e+06,3.61194e+06,1.73236e+07,0,0,0,7.74588e+07
85.139,85.139,4.44498,0.34,0,2.48381,3.08861,0,0.445015,6.048,4.2568e+06,2.70226e+06,1.05731e+07,0,0,0,2.85105e+08,62.3362,61.308,5.87198,0,0,2.0128,1.408,0,1.51294,2.96352,8.84649e+06,3.61194e+06,1.78062e+07,0,0,0,7.74588e+07
85.0497,85.139,2.82291,0.35,0,2.48408,3.08888,0,0.465466,6.048,4.2568e+06,2.70226e+06,1.05742e+07,0,0,0,2.85105e+08,62.3362,61.308,3.77971,0,0,2.01292,1.40812,0,1.55509,2.96352,8.84649e+06,3.61194e+06,1.78073e+07,0,0,0,7.74588e+07
84.5859,85.139,2.15531,0.46,0,2.18898,3.08914,0,0.465516,6.048,4.2568e+06,3.49568e+06,9.31803e+06,0,0,0,2.85105e+08,62.3362,61.308,3.00523,0,0,1.87839,1.40824,0,1.55518,2.96352,8.84649e+06,4.67245e+06,1.66172e+07,0,0,0,7.74588e+07
84.3237,85.139,2.37274,0.43,0,2.18922,3.08941,0,0.410215,6.048,4.2568e+06,3.49568e+06,9.31906e+06,0,0,0,2.85105e+08,62.3362,61.308,2.93043,0,0,1.8785,1.40836,0,1.45125,2.96352,8.84649e+06,4.67245e+06,1.66182e+07,0,0,0,7.74588e+07
84.5312,85.139,2.75458,0.43,0,2.15095,3.04709,0,0.41026,6.048,4.2568e+06,3.49568e+06,9.15614e+06,0,0,0,2.85105e+08,62.3171,61.308,2.76144,0,0,1.85949,1.38733,0,1.45133,2.96352,8.84649e+06,4.67245e+06,1.64499e+07,0,0,0,7.74588e+07
84.6852,85.139,2.68461,0.43,0,2.15118,3.04735,0,0.403088,6.048,4.2568e+06,3.49568e+06,9.15715e+06,0,0,0,2.85105e+08,62.3362,61.308,3.01253,0,0,1.85959,1.38745,0,1.43664,2.96352,8.84649e+06,4.67245e+06,1.64509e+07,0,0,0,7.74588e+07
84.4736,85.139,2.5073,0.39,0,2.38454,3.04761,0,0.403132,6.048,4.2568e+06,2.91306e+06,1.01505e+07,0,0,0,2.85105e+08,62.3362,61.308,2.77514,0,0,1.96584,1.38757,0,1.43672,2.96352,8.84649e+06,3.89371e+06,1.73908e+07,0,0,0,7.74588e+07
84.2379,85.139,2.52512,0.36,0,2.44308,3.04788,0,0.446862,6.048,4.2568e+06,2.70226e+06,1.03997e+07,0,0,0,2.85105e+08,62.2642,61.308,2.57108,0,0,1.99249,1.38769,0,1.51881,2.96352,8.84649e+06,3.61194e+06,1.76265e+07,0,0,0,7.74588e+07
83.5662,85.139,2.13697,0.35,0,2.58793,3.19273,0,0.457833,6.048,4.2568e+06,2.70226e+06,1.10163e+07,0,0,0,2.85105e+08,62.1195,61.308,2.2464,0,0,2.06764,1.46284,0,1.5394,2.96352,8.84649e+06,3.61194e+06,1.82914e+07,0,0,0,7.74588e+07
82.7905,85.139,2.0068,0.31,0,2.58821,3.19301,0,0.484979,6.048,4.2568e+06,2.70226e+06,1.10175e+07,0,0,0,2.85105e+08,62.0011,61.308,2.2798,0,0,2.06777,1.46297,0,1.59746,2.96352,8.84649e+06,3.61194e+06,1.82925e+07,0,0,0,7.74588e+07
81.9442,85.139,1.92682,0.29,0,2.58848,3.19328,0,0.48503,6.048,4.2568e+06,2.70226e+06,1.10186e+07,0,0,0,2.85105e+08,61.8967,61.308,2.21732,0,0,2.06789,1.46309,0,1.59756,2.96352,8.84649e+06,3.61194e+06,1.82936e+07,0,0,0,7.74588e+07
80.9866,85.139,1.80543,0.27,0,2.58876,3.19356,0,0.485082,6.048,4.2568e+06,2.70226e+06,1.10198e+07,0,0,0,2.85105e+08,61.3598,61.308,2.06537,0,0,2.06802,1.46322,0,1.59766,2.96352,8.84649e+06,3.61194e+06,1.82947e+07,0,0,0,7.74588e+07
79.4989,85.139,1.20686,0.23,0,2.58903,3.19383,0,0.485133,6.048,4.2568e+06,2.70226e+06,1.1021e+07,0,0,0,2.85105e+08,60.3214,61.308,1.44214,0,0,2.06815,1.46335,0,1.59775,2.96352,8.84649e+06,3.61194e+06,1.82958e+07,0,0,0,7.74588e+07
77.8085,85.139,0.960666,0.25,0,2.5607,3.1655,0,0.485184,6.048,4.2568e+06,2.70226e+06,1.09004e+07,0,0,0,2.85105e+08,59.2386,61.308,1.10488,0,0,2.10953,1.50473,0,1.59785,2.96352,8.84649e+06,3.61194e+06,1.86619e+07,0,0,0,7.74588e+07
76.0496,85.139,0.881493,0.27,0,2.56097,3.16577,0,0.479875,6.048,4.2568e+06,2.70226e+06,1.09015e+07,0,0,0,2.85105e+08,58.0435,61.308,1.10821,0,0,2.10966,1.50486,0,1.62982,2.96352,8.84649e+06,3.61194e+06,1.86631e+07,0,0,0,7.74588e+07
74.2294,85.139,0.806768,0.27,0,2.56124,3.16604,0,0.479926,6.048,4.2568e+06,2.70226e+06,1.09027e+07,0,0,0,2.85105e+08,56.7994,61.308,0.978556,0,0,2.10979,1.50499,0,1.62992,2.96352,8.84649e+06,3.61194e+06,1.86642e+07,0,0,0,7.74588e+07
72.361,85.139,0.732485,0.27,0,2.56152,3.16632,0,0.479977,6.048,4.2568e+06,2.70226e+06,1.09038e+07,0,0,0,2.85105e+08,55.4901,61.308,0.932054,0,0,2.10992,1.50512,0,1.63002,2.96352,8.84649e+06,3.61194e+06,1.86654e+07,0,0,0,7.74588e+07
70.3898,85.139,0.677814,0.31,0,2.63569,3.24049,0,0.480028,6.048,4.2568e+06,2.70226e+06,1.12196e+07,0,0,0,2.85105e+08,54.05,61.308,0.911123,0,0,2.14683,1.54203,0,1.63012,2.96352,8.84649e+06,3.61194e+06,1.89919e+07,0,0,0,7.74588e+07
68.3788,85.139,0.621898,0.3,0,2.63597,3.24077,0,0.493928,6.048,4.2568e+06,2.70226e+06,1.12208e+07,0,0,0,2.85105e+08,52.7223,61.308,0.802194,0,0,2.14696,1.54216,0,1.65864,2.96352,8.84649e+06,3.61194e+06,1.89931e+07,0,0,0,7.74588e+07
66.4251,85.139,0.654514,0.3,0,2.63625,3.24105,0,0.49398,6.048,4.2568e+06,2.70226e+06,1.1222e+07,0,0,0,2.85105e+08,51.4529,61.308,0.946876,0,0,2.14709,1.54229,0,1.65874,2.96352,8.84649e+06,3.61194e+06,1.89942e+07,0,0,0,7.74588e+07
64.4285,85.139,0.659084,0.35,0,2.63653,3.24133,0,0.494033,6.048,4.2568e+06,2.70226e+06,1.12232e+07,0,0,0,2.85105e+08,50.114,61.308,0.954583,0,0,2.14723,1.54243,0,1.65884,2.96352,8.84649e+06,3.61194e+06,1.89954e+07,0,0,0,7.74588e+07
62.2788,85.139,0.516695,0.35,0,2.8533,3.4581,0,0.494085,6.048,4.2568e+06,2.70226e+06,1.21459e+07,0,0,0,2.85105e+08,48.6515,61.308,0.767487,0,0,2.28017,1.67537,0,1.65895,2.96352,8.84649e+06,3.61194e+06,2.01715e+07,0,0,0,7.74588e+07
59.5109,85.139,0.437115,0.36,0,2.85359,3.45839,0,0.534708,6.048,4.2568e+06,2.70226e+06,1.21472e+07,0,0,0,2.85105e+08,47.1821,61.308,0.685968,0,0,2.28031,1.67551,0,1.76166,2.96352,8.84649e+06,3.61194e+06,2.01727e+07,0,0,0,7.74588e+07
56.7012,85.139,0.470888,0.35,0,2.85389,3.45869,0,0.534764,6.048,4.2568e+06,2.70226e+06,1.21484e+07,0,0,0,2.85105e+08,45.8123,61.308,0.692034,0,0,2.28045,1.67565,0,1.76177,2.96352,8.84649e+06,3.61194e+06,2.0174e+07,0,0,0,7.74588e+07
56.0486,85.139,0.729328,0.4,0,2.52346,3.45899,0,0.534819,6.048,4.2568e+06,3.49568e+06,1.07419e+07,0,0,0,2.85105e+08,44.7258,61.308,0.830457,0,0,2.12037,1.6758,0,1.76188,2.96352,8.84649e+06,4.67245e+06,1.87578e+07,0,0,0,7.74588e+07
54.3162,85.139,0.846266,0.39,0,2.78834,3.45929,0,0.472897,6.048,4.2568e+06,2.91306e+06,1.18694e+07,0,0,0,2.85105e+08,43.6783,61.308,1.16754,0,0,2.24869,1.67594,0,1.6382,2.96352,8.84649e+06,3.89371e+06,1.9893e+07,0,0,0,7.74588e+07
52.3637,85.139,0.54014,0.38,0,2.74923,3.35403,0,0.522534,6.048,4.2568e+06,2.70226e+06,1.17029e+07,0,0,0,2.85105e+08,42.5333,61.308,1.02769,0,0,2.20024,1.59544,0,1.73734,2.96352,8.84649e+06,3.61194e+06,1.94644e+07,0,0,0,7.74588e+07
50.4427,85.139,0.560809,0.37,0,2.74952,3.35432,0,0.515205,6.048,4.2568e+06,2.70226e+06,1.17041e+07,0,0,0,2.85105e+08,41.772,61.308,0.994207,0,0,2.20038,1.59558,0,1.69991,2.96352,8.84649e+06,3.61194e+06,1.94656e+07,0,0,0,7.74588e+07
49.7081,85.139,1.6305,0.4,0,2.42906,3.35461,0,0.515259,6.048,4.2568e+06,3.49568e+06,1.034e+07,0,0,0,2.85105e+08,41.6518,61.308,1.77091,0,0,2.04795,1.59572,0,1.70001,2.96352,8.84649e+06,4.67245e+06,1.81171e+07,0,0,0,7.74588e+07
48.8783,85.139,1.53576,0.41,0,2.42932,3.35489,0,0.455206,6.048,4.2568e+06,3.49568e+06,1.03411e+07,0,0,0,2.85105e+08,41.3754,61.308,1.80528,0,0,2.04807,1.59585,0,1.58224,2.96352,8.84649e+06,4.67245e+06,1.81182e+07,0,0,0,7.74588e+07
49.1974,85.139,2.69574,0.42,0,2.3512,3.26851,0,0.455255,6.048,4.2568e+06,3.49568e+06,1.00086e+07,0,0,0,2.85105e+08,41.3125,61.308,3.04068,0,0,1.98178,1.52256,0,1.58234,2.96352,8.84649e+06,4.67245e+06,1.75318e+07,0,0,0,7.74588e+07
49.3834,85.139,2.55346,0.41,0,2.35145,3.26879,0,0.440614,6.048,4.2568e+06,3.49568e+06,1.00096e+07,0,0,0,2.85105e+08,41.0423,61.308,1.77838,0,0,1.9819,1.52269,0,1.53113,2.96352,8.84649e+06,4.67245e+06,1.75329e+07,0,0,0,7.74588e+07
52.095,85.139,5.16153,0.41,0,2.3517,3.26907,0,0.440662,6.048,4.2568e+06,3.49568e+06,1.00107e+07,0,0,0,2.85105e+08,41.4919,61.308,4.23969,0,0,1.98202,1.52282,0,1.53122,2.96352,8.84649e+06,4.67245e+06,1.75339e+07,0,0,0,7.74588e+07
59.456,85.139,10.2728,0.38,0,2.66455,3.26935,0,0.440709,6.048,4.2568e+06,2.70226e+06,1.13425e+07,0,0,0,2.85105e+08,43.1557,61.308,8.87238,0,0,2.12775,1.52295,0,1.53131,2.96352,8.84649e+06,3.61194e+06,1.88231e+07,0,0,0,7.74588e+07
64.8831,85.139,8.10191,0.36,0,2.41859,3.02339,0,0.499337,6.048,4.2568e+06,2.70226e+06,1.02955e+07,0,0,0,2.85105e+08,43.3753,61.308,3.60918,0,0,1.9749,1.3701,0,1.6439,2.96352,8.84649e+06,3.61194e+06,1.74709e+07,0,0,0,7.74588e+07
71.9682,85.139,9.93291,0.35,0,2.41885,3.02365,0,0.453244,6.048,4.2568e+06,2.70226e+06,1.02966e+07,0,0,0,2.85105e+08,43.6308,61.308,3.38094,0,0,1.97501,1.37021,0,1.5258,2.96352,8.84649e+06,3.61194e+06,1.74719e+07,0,0,0,7.74588e+07
81.3606,85.139,12.3453,0.33,0,2.41911,3.02391,0,0.453293,6.048,4.2568e+06,2.70226e+06,1.02977e+07,0,0,0,2.85105e+08,45.059,61.308,6.41759,0,0,1.97513,1.37033,0,1.5259,2.96352,8.84649e+06,3.61194e+06,1.7473e+07,0,0,0,7.74588e+07
85.139,85.139,16.7742,0.28,0,2.41937,3.02417,0,0.453342,6.048,4.2568e+06,2.70226e+06,1.02988e+07,0,0,0,2.85105e+08,46.9092,61.308,8.02405,0,0,1.97525,1.37045,0,1.52599,2.96352,8.84649e+06,3.61194e+06,1.7474e+07,0,0,0,7.74588e+07
85.139,85.139,7.82856,0.25,0,2.41963,3.02443,0,0.453391,6.048,4.2568e+06,2.70226e+06,1.02999e+07,0,0,0,2.85105e+08,47.4836,61.308,4.48896,0,0,1.97537,1.37057,0,1.52608,2.96352,8.84649e+06,3.61194e+06,1.74751e+07,0,0,0,7.74588e+07
85.139,85.139,4.26423,0.25,0,2.51464,3.11944,0,0.453439,6.048,4.2568e+06,2.70226e+06,1.07043e+07,0,0,0,2.85105e+08,48.0974,61.308,4.22658,0,0,2.0198,1.415,0,1.52617,2.96352,8.84649e+06,3.61194e+06,1.78681e+07,0,0,0,7.74588e+07
85.139,85.139,3.45129,0.25,0,2.51489,3.11969,0,0.471244,6.048,4.2568e+06,2.70226e+06,1.07054e+07,0,0,0,2.85105e+08,48.412,61.308,3.44891,0,0,2.01991,1.41511,0,1.5605,2.96352,8.84649e+06,3.61194e+06,1.78691e+07,0,0,0,7.74588e+07
85.139,85.139,3.0632,0.25,0,2.51513,3.11993,0,0.47129,6.048,4.2568e+06,2.70226e+06,1.07064e+07,0,0,0,2.85105e+08,48.56,61.308,2.89049,0,0,2.02002,1.41522,0,1.56058,2.96352,8.84649e+06,3.61194e+06,1.78701e+07,0,0,0,7.74588e+07
84.4752,85.139,2.32685,0.26,0,2.51538,3.12018,0,0.471336,6.048,4.2568e+06,2.70226e+06,1.07075e+07,0,0,0,2.85105e+08,48.8587,61.308,2.91747,0,0,2.02014,1.41534,0,1.56067,2.96352,8.84649e+06,3.61194e+06,1.78711e+07,0,0,0,7.74588e+07
85.139,85.139,5.24459,0.31,0,2.81999,3.42479,0,0.471382,6.048,4.2568e+06,2.70226e+06,1.20041e+07,0,0,0,2.85105e+08,49.8819,61.308,6.47897,0,0,2.18667,1.58187,0,1.56076,2.96352,8.84649e+06,3.61194e+06,1.93444e+07,0,0,0,7.74588e+07
85.1043,85.139,3.30256,0.28,0,2.82026,3.42506,0,0.528465,6.048,4.2568e+06,2.70226e+06,1.20053e+07,0,0,0,2.85105e+08,50.7064,61.308,5.23302,0,0,2.1868,1.582,0,1.68942,2.96352,8.84649e+06,3.61194e+06,1.93455e+07,0,0,0,7.74588e+07
84.2666,85.139,2.40267,0.34,0,2.82053,3.42533,0,0.528516,6.048,4.2568e+06,2.70226e+06,1.20064e+07,0,0,0,2.85105e+08,50.7392,61.308,2.83633,0,0,2.18692,1.58212,0,1.68952,2.96352,8.84649e+06,3.61194e+06,1.93466e+07,0,0,0,7.74588e+07
83.0777,85.139,1.99094,0.34,0,2.8208,3.4256,0,0.528567,6.048,4.2568e+06,2.70226e+06,1.20076e+07,0,0,0,2.85105e+08,50.8636,61.308,2.35289,0,0,2.18705,1.58225,0,1.68962,2.96352,8.84649e+06,3.61194e+06,1.93477e+07,0,0,0,7.74588e+07
85.139,85.139,8.84002,0.35,0,2.38682,2.99162,0,0.528618,6.048,4.2568e+06,2.70226e+06,1.01602e+07,0,0,0,2.85105e+08,52.0913,61.308,6.4976,0,0,1.96376,1.35896,0,1.68971,2.96352,8.84649e+06,3.61194e+06,1.73724e+07,0,0,0,7.74588e+07
85.139,85.139,7.2161,0.32,0,2.38706,2.99186,0,0.44729,6.048,4.2568e+06,2.70226e+06,1.01612e+07,0,0,0,2.85105e+08,53.1598,61.308,5.64738,0,0,1.96387,1.35907,0,1.5172,2.96352,8.84649e+06,3.61194e+06,1.73733e+07,0,0,0,7.74588e+07
85.139,85.139,6.55071,0.34,0,2.38729,2.99209,0,0.447334,6.048,4.2568e+06,2.70226e+06,1.01622e+07,0,0,0,2.85105e+08,54.0142,61.308,5.79893,0,0,1.96397,1.35917,0,1.51728,2.96352,8.84649e+06,3.61194e+06,1.73743e+07,0,0,0,7.74588e+07
85.139,85.139,9.59165,0.35,0,2.38753,2.99233,0,0.447378,6.048,4.2568e+06,2.70226e+06,1.01632e+07,0,0,0,2.85105e+08,55.2362,61.308,6.63521,0,0,1.96408,1.35928,0,1.51737,2.96352,8.84649e+06,3.61194e+06,1.73752e+07,0,0,0,7.74588e+07
85.139,85.139,8.11948,0.36,0,2.38777,2.99257,0,0.447423,6.048,4.2568e+06,2.70226e+06,1.01642e+07,0,0,0,2.85105e+08,57.6478,61.308,9.33079,0,0,1.96419,1.35939,0,1.51745,2.96352,8.84649e+06,3.61194e+06,1.73762e+07,0,0,0,7.74588e+07
85.139,85.139,8.22245,0.37,0,2.49735,3.10215,0,0.447467,6.048,4.2568e+06,2.70226e+06,1.06307e+07,0,0,0,2.85105e+08,61.3881,61.308,11.1861,0,0,2.01897,1.41417,0,1.51753,2.96352,8.84649e+06,3.61194e+06,1.78608e+07,0,0,0,7.74588e+07
85.139,85.139,6.10099,0.37,0,2.4976,3.1024,0,0.468004,6.048,4.2568e+06,2.70226e+06,1.06318e+07,0,0,0,2.85105e+08,62.3362,61.308,10.6547,0,0,2.01908,1.41428,0,1.55986,2.96352,8.84649e+06,3.61194e+06,1.78618e+07,0,0,0,7.74588e+07
85.139,85.139,5.15504,0.36,0,2.49784,3.10264,0,0.46805,6.048,4.2568e+06,2.70226e+06,1.06328e+07,0,0,0,2.85105e+08,62.3362,61.308,8.14233,0,0,2.0192,1.4144,0,1.55994,2.96352,8.84649e+06,3.61194e+06,1.78628e+07,0,0,0,7.74588e+07
85.139,85.139,4.49363,0.33,0,2.49809,3.10289,0,0.468096,6.048,4.2568e+06,2.70226e+06,1.06339e+07,0,0,0,2.85105e+08,62.3362,61.308,7.26843,0,0,2.01931,1.41451,0,1.56003,2.96352,8.84649e+06,3.61194e+06,1.78638e+07,0,0,0,7.74588e+07
85.139,85.139,3.79574,0.32,0,2.45556,3.06036,0,0.468142,6.048,4.2568e+06,2.70226e+06,1.04528e+07,0,0,0,2.85105e+08,62.3362,61.308,4.05424,0,0,1.99818,1.39338,0,1.56012,2.96352,8.84649e+06,3.61194e+06,1.76768e+07,0,0,0,7.74588e+07
85.139,85.139,3.24625,0.31,0,2.45581,3.06061,0,0.460173,6.048,4.2568e+06,2.70226e+06,1.04539e+07,0,0,0,2.85105e+08,62.3362,61.308,3.68706,0,0,1.99829,1.39349,0,1.54379,2.96352,8.84649e+06,3.61194e+06,1.76778e+07,0,0,0,7.74588e+07
85.0648,85.139,2.87996,0.31,0,2.45605,3.06085,0,0.460218,6.048,4.2568e+06,2.70226e+06,1.04549e+07,0,0,0,2.85105e+08,62.3362,61.308,3.24805,0,0,1.9984,1.3936,0,1.54388,2.96352,8.84649e+06,3.61194e+06,1.76788e+07,0,0,0,7.74588e+07
84.782,85.139,2.64057,0.38,0,2.45629,3.06109,0,0.460264,6.048,4.2568e+06,2.70226e+06,1.04559e+07,0,0,0,2.85105e+08,62.3362,61.308,2.98979,0,0,1.99851,1.39371,0,1.54396,2.96352,8.84649e+06,3.61194e+06,1.76798e+07,0,0,0,7.74588e+07
84.5544,85.139,2.82436,0.37,0,2.60175,3.20655,0,0.460309,6.048,4.2568e+06,2.70226e+06,1.10751e+07,0,0,0,2.85105e+08,62.3362,61.308,3.37386,0,0,2.07397,1.46917,0,1.54405,2.96352,8.84649e+06,3.61194e+06,1.83474e+07,0,0,0,7.74588e+07
83.9583,85.139,2.35501,0.36,0,2.60201,3.20681,0,0.487569,6.048,4.2568e+06,2.70226e+06,1.10762e+07,0,0,0,2.85105e+08,62.3362,61.308,3.24314,0,0,2.07409,1.46929,0,1.60235,2.96352,8.84649e+06,3.61194e+06,1.83484e+07,0,0,0,7.74588e+07
83.3442,85.139,2.3154,0.31,0,2.60226,3.20706,0,0.487616,6.048,4.2568e+06,2.70226e+06,1.10773e+07,0,0,0,2.85105e+08,62.3362,61.308,3.09658,0,0,2.07421,1.46941,0,1.60244,2.96352,8.84649e+06,3.61194e+06,1.83494e+07,0,0,0,7.74588e+07
82.4243,85.139,2.00849,0.28,0,2.60251,3.20731,0,0.487664,6.048,4.2568e+06,2.70226e+06,1.10784e+07,0,0,0,2.85105e+08,62.187,61.308,2.42761,0,0,2.07432,1.46952,0,1.60253,2.96352,8.84649e+06,3.61194e+06,1.83505e+07,0,0,0,7.74588e+07
82.0135,85.139,2.47771,0.23,0,2.60277,3.20757,0,0.487711,6.048,4.2568e+06,2.70226e+06,1.10794e+07,0,0,0,2.85105e+08,62.2517,61.308,3.02267,0,0,2.07444,1.46964,0,1.60262,2.96352,8.84649e+06,3.61194e+06,1.83515e+07,0,0,0,7.74588e+07
81.9981,85.139,2.83587,0.24,0,2.57429,3.17909,0,0.487759,6.048,4.2568e+06,2.70226e+06,1.09582e+07,0,0,0,2.85105e+08,62.3362,61.308,3.58523,0,0,2.11599,1.51119,0,1.60271,2.96352,8.84649e+06,3.61194e+06,1.87191e+07,0,0,0,7.74588e+07
81.7679,85.139,2.6182,0.23,0,2.57454,3.17934,0,0.482422,6.048,4.2568e+06,2.70226e+06,1.09593e+07,0,0,0,2.85105e+08,62.3362,61.308,3.55249,0,0,2.11611,1.51131,0,1.63481,2.96352,8.84649e+06,3.61194e+06,1.87201e+07,0,0,0,7.74588e+07
81.3203,85.139,2.39228,0.21,0,2.57479,3.17959,0,0.482469,6.048,4.2568e+06,2.70226e+06,1.09604e+07,0,0,0,2.85105e+08,62.3362,61.308,3.15654,0,0,2.11623,1.51143,0,1.63491,2.96352,8.84649e+06,3.61194e+06,1.87212e+07,0,0,0,7.74588e+07
80.6936,85.139,2.17312,0.22,0,2.57504,3.17984,0,0.482516,6.048,4.2568e+06,2.70226e+06,1.09614e+07,0,0,0,2.85105e+08,62.3362,61.308,3.02642,0,0,2.11635,1.51155,0,1.635,2.96352,8.84649e+06,3.61194e+06,1.87222e+07,0,0,0,7.74588e+07
80.1213,85.139,2.27584,0.21,0,2.64951,3.25431,0,0.482563,6.048,4.2568e+06,2.70226e+06,1.12784e+07,0,0,0,2.85105e+08,62.3362,61.308,3.22176,0,0,2.15341,1.54861,0,1.63509,2.96352,8.84649e+06,3.61194e+06,1.90501e+07,0,0,0,7.74588e+07
79.4065,85.139,2.10553,0.21,0,2.64977,3.25457,0,0.496519,6.048,4.2568e+06,2.70226e+06,1.12795e+07,0,0,0,2.85105e+08,62.3055,61.308,3.24607,0,0,2.15353,1.54873,0,1.66372,2.96352,8.84649e+06,3.61194e+06,1.90512e+07,0,0,0,7.74588e+07
78.5473,85.139,1.95136,0.23,0,2.65003,3.25483,0,0.496567,6.048,4.2568e+06,2.70226e+06,1.12806e+07,0,0,0,2.85105e+08,62.2051,61.308,2.8982,0,0,2.15365,1.54885,0,1.66382,2.96352,8.84649e+06,3.61194e+06,1.90522e+07,0,0,0,7.74588e+07
77.7384,85.139,1.98545,0.23,0,2.65028,3.25508,0,0.496615,6.048,4.2568e+06,2.70226e+06,1.12817e+07,0,0,0,2.85105e+08,62.2008,61.308,3.26753,0,0,2.15377,1.54897,0,1.66391,2.96352,8.84649e+06,3.61194e+06,1.90533e+07,0,0,0,7.74588e+07
76.434,85.139,1.64376,0.23,0,2.86795,3.47275,0,0.496663,6.048,4.2568e+06,2.70226e+06,1.22083e+07,0,0,0,2.85105e+08,62.2589,61.308,3.36105,0,0,2.28727,1.68247,0,1.66401,2.96352,8.84649e+06,3.61194e+06,2.02343e+07,0,0,0,7.74588e+07
74.8395,85.139,1.32423,0.23,0,2.86823,3.47303,0,0.537454,6.048,4.2568e+06,2.70226e+06,1.22095e+07,0,0,0,2.85105e+08,62.2303,61.308,3.14221,0,0,2.2874,1.6826,0,1.76714,2.96352,8.84649e+06,3.61194e+06,2.02355e+07,0,0,0,7.74588e+07
73.4976,85.139,1.56924,0.23,0,2.8685,3.4733,0,0.537506,6.048,4.2568e+06,2.70226e+06,1.22106e+07,0,0,0,2.85105e+08,62.2737,61.308,3.40114,0,0,2.28753,1.68273,0,1.76724,2.96352,8.84649e+06,3.61194e+06,2.02366e+07,0,0,0,7.74588e+07
73.1847,85.139,2.67842,0.27,0,2.86878,3.47358,0,0.537557,6.048,4.2568e+06,2.70226e+06,1.22118e+07,0,0,0,2.85105e+08,62.3362,61.308,4.08616,0,0,2.28767,1.68287,0,1.76735,2.96352,8.84649e+06,3.61194e+06,2.02378e+07,0,0,0,7.74588e+07
72.877,85.139,2.74256,0.27,0,2.86905,3.47385,0,0.537609,6.048,4.2568e+06,2.70226e+06,1.2213e+07,0,0,0,2.85105e+08,62.3362,61.308,4.7076,0,0,2.2878,1.683,0,1.76745,2.96352,8.84649e+06,3.61194e+06,2.0239e+07,0,0,0,7.74588e+07
72.4739,85.139,2.60778,0.27,0,2.76333,3.36813,0,0.53766,6.048,4.2568e+06,2.70226e+06,1.17629e+07,0,0,0,2.85105e+08,62.3362,61.308,7.64548,0,0,2.20695,1.60215,0,1.76755,2.96352,8.84649e+06,3.61194e+06,1.95237e+07,0,0,0,7.74588e+07
72.3029,85.139,2.87861,0.27,0,2.76359,3.36839,0,0.517847,6.048,4.2568e+06,2.70226e+06,1.1764e+07,0,0,0,2.85105e+08,62.3362,61.308,8.08864,0,0,2.20708,1.60228,0,1.70509,2.96352,8.84649e+06,3.61194e+06,1.95249e+07,0,0,0,7.74588e+07
72.169,85.139,2.91037,0.27,0,2.76386,3.36866,0,0.517897,6.048,4.2568e+06,2.70226e+06,1.17652e+07,0,0,0,2.85105e+08,62.3362,61.308,7.28065,0,0,2.2072,1.6024,0,1.70519,2.96352,8.84649e+06,3.61194e+06,1.9526e+07,0,0,0,7.74588e+07
71.6261,85.139,2.5974,0.28,0,2.76412,3.36892,0,0.517947,6.048,4.2568e+06,2.70226e+06,1.17663e+07,0,0,0,2.85105e+08,62.3362,61.308,7.22714,0,0,2.20733,1.60253,0,1.70528,2.96352,8.84649e+06,3.61194e+06,1.95271e+07,0,0,0,7.74588e+07
72.6148,85.139,4.19486,0.28,0,2.67736,3.28216,0,0.517997,6.048,4.2568e+06,2.70226e+06,1.1397e+07,0,0,0,2.85105e+08,62.3362,61.308,6.9349,0,0,2.13372,1.52892,0,1.70538,2.96352,8.84649e+06,3.61194e+06,1.88759e+07,0,0,0,7.74588e+07
73.2674,85.139,3.86525,0.28,0,2.67762,3.28242,0,0.501737,6.048,4.2568e+06,2.70226e+06,1.13981e+07,0,0,0,2.85105e+08,62.3362,61.308,7.27707,0,0,2.13384,1.52904,0,1.64851,2.96352,8.84649e+06,3.61194e+06,1.8877e+07,0,0,0,7.74588e+07
75.6341,85.139,5.63636,0.28,0,2.67788,3.28268,0,0.501785,6.048,4.2568e+06,2.70226e+06,1.13992e+07,0,0,0,2.85105e+08,62.3362,61.308,8.16005,0,0,2.13396,1.52916,0,1.6486,2.96352,8.84649e+06,3.61194e+06,1.8878e+07,0,0,0,7.74588e+07
77.8062,85.139,5.42049,0.26,0,2.67814,3.28294,0,0.501834,6.048,4.2568e+06,2.70226e+06,1.14003e+07,0,0,0,2.85105e+08,62.3362,61.308,8.16159,0,0,2.13408,1.52928,0,1.6487,2.96352,8.84649e+06,3.61194e+06,1.88791e+07,0,0,0,7.74588e+07
79.8772,85.139,5.15972,0.26,0,2.43113,3.03593,0,0.501883,6.048,4.2568e+06,2.70226e+06,1.03488e+07,0,0,0,2.85105e+08,62.3362,61.308,11.5229,0,0,1.98058,1.37578,0,1.64879,2.96352,8.84649e+06,3.61194e+06,1.75212e+07,0,0,0,7.74588e+07
82.4046,85.139,5.68317,0.26,0,2.43137,3.03617,0,0.455594,6.048,4.2568e+06,2.70226e+06,1.03499e+07,0,0,0,2.85105e+08,62.3362,61.308,12.7001,0,0,1.98069,1.37589,0,1.53019,2.96352,8.84649e+06,3.61194e+06,1.75221e+07,0,0,0,7.74588e+07
85.139,85.139,6.01169,0.26,0,2.43161,3.03641,0,0.455639,6.048,4.2568e+06,2.70226e+06,1.03509e+07,0,0,0,2.85105e+08,62.3362,61.308,17.0167,0,0,1.98079,1.37599,0,1.53028,2.96352,8.84649e+06,3.61194e+06,1.75231e+07,0,0,0,7.74588e+07
85.139,85.139,4.54071,0.24,0,2.43185,3.03665,0,0.455684,6.048,4.2568e+06,2.70226e+06,1.03519e+07,0,0,0,2.85105e+08,62.3362,61.308,11.5504,0,0,1.9809,1.3761,0,1.53036,2.96352,8.84649e+06,3.61194e+06,1.7524e+07,0,0,0,7.74588e+07
85.139,85.139,5.52166,0.24,0,2.43209,3.03689,0,0.455729,6.048,4.2568e+06,2.70226e+06,1.03529e+07,0,0,0,2.85105e+08,62.3362,61.308,12.9818,0,0,1.98101,1.37621,0,1.53045,2.96352,8.84649e+06,3.61194e+06,1.7525e+07,0,0,0,7.74588e+07
85.139,85.139,9.96212,0.23,0.02,2.52747,3.13227,0,0.455774,6.048,4.2568e+06,2.70226e+06,1.07589e+07,0,0,0,2.85105e+08,62.3362,61.308,12.3258,0,0,2.02562,1.42082,0,1.53053,2.96352,8.84649e+06,3.61194e+06,1.79196e+07,0,0,0,7.74588e+07
85.139,85.139,14.1617,0.23,0.02,2.5277,3.1325,0,0.473648,6.048,4.2568e+06,2.70226e+06,1.07599e+07,0,0,0,2.85105e+08,62.3362,61.308,27.2367,0,0,2.02572,1.42092,0,1.56499,2.96352,8.84649e+06,3.61194e+06,1.79205e+07,0,0,0,7.74588e+07
85.139,85.139,13.9089,0.23,0.02,2.52792,3.13272,0,0.47369,6.048,4.2568e+06,2.70226e+06,1.07608e+07,0,0,0,2.85105e+08,62.3362,61.308,21.954,0,0,2.02582,1.42102,0,1.56507,2.96352,8.84649e+06,3.61194e+06,1.79214e+07,0,0,0,7.74588e+07
85.139,85.139,8.96664,0.24,0.02,2.52815,3.13295,0,0.473733,6.048,4.2568e+06,2.70226e+06,1.07618e+07,0,0,0,2.85105e+08,62.3362,61.308,12.7344,0,0,2.02593,1.42113,0,1.56515,2.96352,8.84649e+06,3.61194e+06,1.79223e+07,0,0,0,7.74588e+07
85.139,85.139,8.63374,0.26,0.02,2.83398,3.43878,0,0.473775,6.048,4.2568e+06,2.70226e+06,1.20637e+07,0,0,0,2.85105e+08,62.3362,61.308,11.292,0,0,2.19314,1.58834,0,1.56523,2.96352,8.84649e+06,3.61194e+06,1.94016e+07,0,0,0,7.74588e+07
85.139,85.139,6.4847,0.27,0.02,2.83423,3.43903,0,0.531087,6.048,4.2568e+06,2.70226e+06,1.20647e+07,0,0,0,2.85105e+08,62.3362,61.308,11.0457,0,0,2.19325,1.58845,0,1.69442,2.96352,8.84649e+06,3.61194e+06,1.94026e+07,0,0,0,7.74588e+07
85.139,85.139,7.77204,0.27,0.02,2.83447,3.43927,0,0.531134,6.048,4.2568e+06,2.70226e+06,1.20658e+07,0,0,0,2.85105e+08,62.3362,61.308,14.3725,0,0,2.19337,1.58857,0,1.69451,2.96352,8.84649e+06,3.61194e+06,1.94036e+07,0,0,0,7.74588e+07
85.139,85.139,6.16463,0.3,0.02,2.83472,3.43952,0,0.53118,6.048,4.2568e+06,2.70226e+06,1.20668e+07,0,0,0,2.85105e+08,62.3362,61.308,10.4308,0,0,2.19348,1.58868,0,1.69459,2.96352,8.84649e+06,3.61194e+06,1.94046e+07,0,0,0,7.74588e+07
85.139,85.139,7.25681,0.3,0.02,2.39896,3.00376,0,0.531227,6.048,4.2568e+06,2.70226e+06,1.02119e+07,0,0,0,2.85105e+08,62.3362,61.308,10.5067,0,0,1.96927,1.36447,0,1.69468,2.96352,8.84649e+06,3.61194e+06,1.74211e+07,0,0,0,7.74588e+07
85.139,85.139,5.73701,0.31,0.02,2.39918,3.00398,0,0.449565,6.048,4.2568e+06,2.70226e+06,1.02128e+07,0,0,0,2.85105e+08,62.3362,61.308,8.27706,0,0,1.96937,1.36457,0,1.52146,2.96352,8.84649e+06,3.61194e+06,1.7422e+07,0,0,0,7.74588e+07
85.139,85.139,7.83323,0.33,0.02,2.39939,3.00419,0,0.449605,6.048,4.2568e+06,2.70226e+06,1.02137e+07,0,0,0,2.85105e+08,62.3362,61.308,11.9436,0,0,1.96947,1.36467,0,1.52154,2.96352,8.84649e+06,3.61194e+06,1.74229e+07,0,0,0,7.74588e+07
85.139,85.139,9.80899,0.33,0.02,2.39961,3.00441,0,0.449646,6.048,4.2568e+06,2.70226e+06,1.02146e+07,0,0,0,2.85105e+08,62.3362,61.308,13.6836,0,0,1.96957,1.36477,0,1.52161,2.96352,8.84649e+06,3.61194e+06,1.74238e+07,0,0,0,7.74588e+07
85.139,85.139,9.81692,0.36,0.02,2.39983,3.00463,0,0.449687,6.048,4.2568e+06,2.70226e+06,1.02156e+07,0,0,0,2.85105e+08,62.3362,61.308,11.3099,0,0,1.96967,1.36487,0,1.52169,2.96352,8.84649e+06,3.61194e+06,1.74246e+07,0,0,0,7.74588e+07
85.139,85.139,8.38267,0.35,0.02,2.50983,3.11463,0,0.449727,6.048,4.2568e+06,2.70226e+06,1.06838e+07,0,0,0,2.85105e+08,62.3362,61.308,9.52567,0,0,2.02466,1.41986,0,1.52176,2.96352,8.84649e+06,3.61194e+06,1.79112e+07,0,0,0,7.74588e+07
85.139,85.139,9.33737,0.35,0.02,2.51006,3.11486,0,0.470343,6.048,4.2568e+06,2.70226e+06,1.06848e+07,0,0,0,2.85105e+08,62.3362,61.308,8.85144,0,0,2.02477,1.41997,0,1.56425,2.96352,8.84649e+06,3.61194e+06,1.79121e+07,0,0,0,7.74588e+07
85.139,85.139,7.61894,0.36,0.02,2.51028,3.11508,0,0.470385,6.048,4.2568e+06,2.70226e+06,1.06858e+07,0,0,0,2.85105e+08,62.3362,61.308,8.77677,0,0,2.02487,1.42007,0,1.56433,2.96352,8.84649e+06,3.61194e+06,1.7913e+07,0,0,0,7.74588e+07
85.139,85.139,6.28194,0.35,0.02,2.51051,3.11531,0,0.470427,6.048,4.2568e+06,2.70226e+06,1.06867e+07,0,0,0,2.85105e+08,62.3362,61.308,6.29426,0,0,2.02497,1.42017,0,1.56441,2.96352,8.84649e+06,3.61194e+06,1.79139e+07,0,0,0,7.74588e+07
85.139,85.139,6.65316,0.32,0.02,2.46779,3.07259,0,0.470469,6.048,4.2568e+06,2.70226e+06,1.05049e+07,0,0,0,2.85105e+08,62.3362,61.308,7.58665,0,0,2.00374,1.39894,0,1.56449,2.96352,8.84649e+06,3.61194e+06,1.77261e+07,0,0,0,7.74588e+07
85.139,85.139,6.22133,0.34,0.02,2.46802,3.07282,0,0.462465,6.048,4.2568e+06,2.70226e+06,1.05058e+07,0,0,0,2.85105e+08,62.3362,61.308,6.76156,0,0,2.00385,1.39905,0,1.54809,2.96352,8.84649e+06,3.61194e+06,1.7727e+07,0,0,0,7.74588e+07
85.139,85.139,5.66415,0.34,0.02,2.46824,3.07304,0,0.462506,6.048,4.2568e+06,2.70226e+06,1.05068e+07,0,0,0,2.85105e+08,62.3362,61.308,6.36479,0,0,2.00395,1.39915,0,1.54817,2.96352,8.84649e+06,3.61194e+06,1.77279e+07,0,0,0,7.74588e+07
85.139,85.139,5.36651,0.31,0.02,2.46846,3.07326,0,0.462548,6.048,4.2568e+06,2.70226e+06,1.05077e+07,0,0,0,2.85105e+08,62.3362,61.308,6.45894,0,0,2.00405,1.39925,0,1.54825,2.96352,8.84649e+06,3.61194e+06,1.77288e+07,0,0,0,7.74588e+07
85.139,85.139,5.55422,0.27,0.02,2.61448,3.21928,0,0.462589,6.048,4.2568e+06,2.70226e+06,1.11293e+07,0,0,0,2.85105e+08,62.3362,61.308,6.30829,0,0,2.07981,1.47501,0,1.54833,2.96352,8.84649e+06,3.61194e+06,1.8399e+07,0,0,0,7.74588e+07
85.139,85.139,5.00579,0.24,0.02,2.61471,3.21951,0,0.489953,6.048,4.2568e+06,2.70226e+06,1.11303e+07,0,0,0,2.85105e+08,62.3362,61.308,6.99494,0,0,2.07991,1.47511,0,1.60686,2.96352,8.84649e+06,3.61194e+06,1.83999e+07,0,0,0,7.74588e+07
85.139,85.139,5.01575,0.2,0.02,2.61494,3.21974,0,0.489997,6.048,4.2568e+06,2.70226e+06,1.11313e+07,0,0,0,2.85105e+08,62.3362,61.308,5.58215,0,0,2.08002,1.47522,0,1.60694,2.96352,8.84649e+06,3.61194e+06,1.84009e+07,0,0,0,7.74588e+07
85.139,85.139,4.34658,0.2,0.02,2.61518,3.21998,0,0.49004,6.048,4.2568e+06,2.70226e+06,1.11323e+07,0,0,0,2.85105e+08,62.3362,61.308,5.1553,0,0,2.08013,1.47533,0,1.60702,2.96352,8.84649e+06,3.61194e+06,1.84018e+07,0,0,0,7.74588e+07
85.139,85.139,4.02786,0.19,0.02,2.61541,3.22021,0,0.490084,6.048,4.2568e+06,2.70226e+06,1.11333e+07,0,0,0,2.85105e+08,62.3362,61.308,4.41991,0,0,2.08023,1.47543,0,1.6071,2.96352,8.84649e+06,3.61194e+06,1.84027e+07,0,0,0,7.74588e+07
85.139,85.139,3.68301,0.19,0.02,2.5868,3.1916,0,0.490128,6.048,4.2568e+06,2.70226e+06,1.10115e+07,0,0,0,2.85105e+08,62.3362,61.308,3.93902,0,0,2.12194,1.51714,0,1.60719,2.96352,8.84649e+06,3.61194e+06,1.87717e+07,0,0,0,7.74588e+07
85.139,85.139,3.33118,0.19,0.02,2.58703,3.19183,0,0.484766,6.048,4.2568e+06,2.70226e+06,1.10125e+07,0,0,0,2.85105e+08,62.3362,61.308,3.53644,0,0,2.12204,1.51724,0,1.63941,2.96352,8.84649e+06,3.61194e+06,1.87726e+07,0,0,0,7.74588e+07
85.139,85.139,3.16686,0.19,0.02,2.58726,3.19206,0,0.484809,6.048,4.2568e+06,2.70226e+06,1.10134e+07,0,0,0,2.85105e+08,62.3362,61.308,3.46372,0,0,2.12215,1.51735,0,1.63949,2.96352,8.84649e+06,3.61194e+06,1.87736e+07,0,0,0,7.74588e+07
85.139,85.139,2.81503,0.19,0.02,2.58749,3.19229,0,0.484852,6.048,4.2568e+06,2.70226e+06,1.10144e+07,0,0,0,2.85105e+08,62.3362,61.308,3.31444,0,0,2.12226,1.51746,0,1.63958,2.96352,8.84649e+06,3.61194e+06,1.87746e+07,0,0,0,7.74588e+07
85.139,85.139,3.22017,0.19,0.02,2.66223,3.26703,0,0.484896,6.048,4.2568e+06,2.70226e+06,1.13326e+07,0,0,0,2.85105e+08,62.3362,61.308,3.78171,0,0,2.15946,1.55466,0,1.63966,2.96352,8.84649e+06,3.61194e+06,1.91036e+07,0,0,0,7.74588e+07
85.139,85.139,3.04334,0.2,0.02,2.66246,3.26726,0,0.498901,6.048,4.2568e+06,2.70226e+06,1.13336e+07,0,0,0,2.85105e+08,62.3362,61.308,3.79192,0,0,2.15957,1.55477,0,1.6684,2.96352,8.84649e+06,3.61194e+06,1.91046e+07,0,0,0,7.74588e+07
85.139,85.139,2.84686,0.2,0.02,2.6627,3.2675,0,0.498946,6.048,4.2568e+06,2.70226e+06,1.13346e+07,0,0,0,2.85105e+08,62.3362,61.308,3.48346,0,0,2.15968,1.55488,0,1.66848,2.96352,8.84649e+06,3.61194e+06,1.91056e+07,0,0,0,7.74588e+07
85.139,85.139,2.80201,0.2,0.02,2.66294,3.26774,0,0.49899,6.048,4.2568e+06,2.70226e+06,1.13356e+07,0,0,0,2.85105e+08,62.3362,61.308,3.73946,0,0,2.15979,1.55499,0,1.66857,2.96352,8.84649e+06,3.61194e+06,1.91066e+07,0,0,0,7.74588e+07
85.0806,85.139,2.90161,0.2,0.02,2.88143,3.48623,0,0.499034,6.048,4.2568e+06,2.70226e+06,1.22656e+07,0,0,0,2.85105e+08,62.3362,61.308,3.19785,0,0,2.29379,1.68899,0,1.66866,2.96352,8.84649e+06,3.61194e+06,2.0292e+07,0,0,0,7.74588e+07
85.139,85.139,3.22899,0.23,0.02,2.88168,3.48648,0,0.539979,6.048,4.2568e+06,2.70226e+06,1.22667e+07,0,0,0,2.85105e+08,62.3362,61.308,3.44502,0,0,2.29392,1.68912,0,1.77218,2.96352,8.84649e+06,3.61194e+06,2.02931e+07,0,0,0,7.74588e+07
84.7707,85.139,2.6149,0.19,0.02,2.88193,3.48673,0,0.540026,6.048,4.2568e+06,2.70226e+06,1.22678e+07,0,0,0,2.85105e+08,62.3362,61.308,2.43511,0,0,2.29404,1.68924,0,1.77228,2.96352,8.84649e+06,3.61194e+06,2.02942e+07,0,0,0,7.74588e+07
85.0172,85.139,3.21759,0.23,0.02,2.88218,3.48698,0,0.540073,6.048,4.2568e+06,2.70226e+06,1.22689e+07,0,0,0,2.85105e+08,62.3362,61.308,4.40907,0,0,2.29416,1.68936,0,1.77237,2.96352,8.84649e+06,3.61194e+06,2.02953e+07,0,0,0,7.74588e+07
84.9921,85.139,2.95138,0.23,0.02,2.88243,3.48723,0,0.540121,6.048,4.2568e+06,2.70226e+06,1.22699e+07,0,0,0,2.85105e+08,62.3362,61.308,3.17608,0,0,2.29428,1.68948,0,1.77247,2.96352,8.84649e+06,3.61194e+06,2.02963e+07,0,0,0,7.74588e+07
85.139,85.139,3.42528,0.23,0.02,2.77628,3.38108,0,0.540168,6.048,4.2568e+06,2.70226e+06,1.1818e+07,0,0,0,2.85105e+08,62.3362,61.308,5.13366,0,0,2.21311,1.60831,0,1.77256,2.96352,8.84649e+06,3.61194e+06,1.95782e+07,0,0,0,7.74588e+07
85.139,85.139,3.03759,0.2,0.02,2.77652,3.38132,0,0.520274,6.048,4.2568e+06,2.70226e+06,1.18191e+07,0,0,0,2.85105e+08,62.3362,61.308,2.99821,0,0,2.21323,1.60843,0,1.70985,2.96352,8.84649e+06,3.61194e+06,1.95793e+07,0,0,0,7.74588e+07
84.8134,85.139,2.58565,0.19,0.02,2.77677,3.38157,0,0.52032,6.048,4.2568e+06,2.70226e+06,1.18201e+07,0,0,0,2.85105e+08,62.3362,61.308,2.72931,0,0,2.21334,1.60854,0,1.70994,2.96352,8.84649e+06,3.61194e+06,1.95803e+07,0,0,0,7.74588e+07
85.139,85.139,5.51983,0.22,0.02,2.77701,3.38181,0,0.520366,6.048,4.2568e+06,2.70226e+06,1.18212e+07,0,0,0,2.85105e+08,62.3362,61.308,4.31212,0,0,2.21346,1.60866,0,1.71003,2.96352,8.84649e+06,3.61194e+06,1.95813e+07,0,0,0,7.74588e+07
84.7897,85.139,2.82693,0.2,0.02,2.68989,3.29469,0,0.520412,6.048,4.2568e+06,2.70226e+06,1.14503e+07,0,0,0,2.85105e+08,62.3362,61.308,5.29492,0,0,2.13955,1.53475,0,1.71012,2.96352,8.84649e+06,3.61194e+06,1.89275e+07,0,0,0,7.74588e+07
83.8658,85.139,2.1406,0.23,0.02,2.69013,3.29493,0,0.504085,6.048,4.2568e+06,2.70226e+06,1.14513e+07,0,0,0,2.85105e+08,62.3362,61.308,5.51768,0,0,2.13967,1.53487,0,1.65302,2.96352,8.84649e+06,3.61194e+06,1.89285e+07,0,0,0,7.74588e+07
85.139,85.139,8.21897,0.24,0.02,2.69036,3.29516,0,0.50413,6.048,4.2568e+06,2.70226e+06,1.14523e+07,0,0,0,2.85105e+08,62.3362,61.308,8.59137,0,0,2.13978,1.53498,0,1.65311,2.96352,8.84649e+06,3.61194e+06,1.89295e+07,0,0,0,7.74588e+07
85.139,85.139,6.34827,0.21,0.02,2.6906,3.2954,0,0.504174,6.048,4.2568e+06,2.70226e+06,1.14533e+07,0,0,0,2.85105e+08,62.3362,61.308,8.97216,0,0,2.13989,1.53509,0,1.65319,2.96352,8.84649e+06,3.61194e+06,1.89305e+07,0,0,0,7.74588e+07
85.139,85.139,4.61036,0.23,0.02,2.44264,3.04744,0,0.504219,6.048,4.2568e+06,2.70226e+06,1.03978e+07,0,0,0,2.85105e+08,62.3362,61.308,6.2227,0,0,1.98579,1.38099,0,1.65328,2.96352,8.84649e+06,3.61194e+06,1.75673e+07,0,0,0,7.74588e+07
85.139,85.139,3.5267,0.25,0.02,2.44286,3.04766,0,0.457751,6.048,4.2568e+06,2.70226e+06,1.03988e+07,0,0,0,2.85105e+08,62.3362,61.308,4.93539,0,0,1.98589,1.38109,0,1.53422,2.96352,8.84649e+06,3.61194e+06,1.75682e+07,0,0,0,7.74588e+07
85.139,85.139,4.66392,0.25,0.02,2.44308,3.04788,0,0.457792,6.048,4.2568e+06,2.70226e+06,1.03997e+07,0,0,0,2.85105e+08,62.3362,61.308,5.67232,0,0,1.98599,1.38119,0,1.5343,2.96352,8.84649e+06,3.61194e+06,1.75691e+07,0,0,0,7.74588e+07
85.139,85.139,4.92309,0.24,0.02,2.4433,3.0481,0,0.457833,6.048,4.2568e+06,2.70226e+06,1.04006e+07,0,0,0,2.85105e+08,62.3362,61.308,6.47093,0,0,1.98609,1.38129,0,1.53438,2.96352,8.84649e+06,3.61194e+06,1.75699e+07,0,0,0,7.74588e+07
85.139,85.139,6.52571,0.25,0.02,2.44352,3.04832,0,0.457875,6.048,4.2568e+06,2.70226e+06,1.04016e+07,0,0,0,2.85105e+08,62.3362,61.308,8.95972,0,0,1.98619,1.38139,0,1.53445,2.96352,8.84649e+06,3.61194e+06,1.75708e+07,0,0,0,7.74588e+07
85.139,85.139,6.78651,0.25,0.02,2.53924,3.14404,0,0.457916,6.048,4.2568e+06,2.70226e+06,1.0809e+07,0,0,0,2.85105e+08,62.3362,61.308,6.18194,0,0,2.03096,1.42616,0,1.53453,2.96352,8.84649e+06,3.61194e+06,1.79668e+07,0,0,0,7.74588e+07
85.139,85.139,7.30788,0.23,0.02,2.53944,3.14424,0,0.475853,6.048,4.2568e+06,2.70226e+06,1.08099e+07,0,0,0,2.85105e+08,62.3362,61.308,7.66015,0,0,2.03105,1.42625,0,1.56912,2.96352,8.84649e+06,3.61194e+06,1.79677e+07,0,0,0,7.74588e+07
85.139,85.139,5.97886,0.24,0.02,2.53965,3.14445,0,0.475891,6.048,4.2568e+06,2.70226e+06,1.08108e+07,0,0,0,2.85105e+08,62.3362,61.308,4.43709,0,0,2.03114,1.42634,0,1.56919,2.96352,8.84649e+06,3.61194e+06,1.79685e+07,0,0,0,7.74588e+07
85.139,85.139,6.1055,0.25,0.02,2.53985,3.14465,0,0.47593,6.048,4.2568e+06,2.70226e+06,1.08116e+07,0,0,0,2.85105e+08,62.3362,61.308,4.74927,0,0,2.03124,1.42644,0,1.56926,2.96352,8.84649e+06,3.61194e+06,1.79693e+07,0,0,0,7.74588e+07
85.139,85.139,6.87965,0.27,0.02,2.8468,3.4516,0,0.475969,6.048,4.2568e+06,2.70226e+06,1.21183e+07,0,0,0,2.85105e+08,62.3362,61.308,5.40685,0,0,2.19906,1.59426,0,1.56933,2.96352,8.84649e+06,3.61194e+06,1.9454e+07,0,0,0,7.74588e+07
85.139,85.139,9.23842,0.27,0.02,2.84703,3.45183,0,0.533491,6.048,4.2568e+06,2.70226e+06,1.21192e+07,0,0,0,2.85105e+08,62.3362,61.308,9.77019,0,0,2.19916,1.59436,0,1.69899,2.96352,8.84649e+06,3.61194e+06,1.94549e+07,0,0,0,7.74588e+07
85.139,85.139,7.51129,0.28,0.02,2.84726,3.45206,0,0.533533,6.048,4.2568e+06,2.70226e+06,1.21202e+07,0,0,0,2.85105e+08,62.3362,61.308,6.57933,0,0,2.19927,1.59447,0,1.69907,2.96352,8.84649e+06,3.61194e+06,1.94558e+07,0,0,0,7.74588e+07
85.139,85.139,5.40682,0.3,0.02,2.84748,3.45228,0,0.533576,6.048,4.2568e+06,2.70226e+06,1.21211e+07,0,0,0,2.85105e+08,62.3362,61.308,3.62526,0,0,2.19937,1.59457,0,1.69916,2.96352,8.84649e+06,3.61194e+06,1.94567e+07,0,0,0,7.74588e+07
85.139,85.139,7.42129,0.31,0.02,2.41008,3.01488,0,0.533618,6.048,4.2568e+06,2.70226e+06,1.02592e+07,0,0,0,2.85105e+08,62.3362,61.308,5.53387,0,0,1.97432,1.36952,0,1.69924,2.96352,8.84649e+06,3.61194e+06,1.74658e+07,0,0,0,7.74588e+07
85.139,85.139,6.11275,0.31,0.02,2.41028,3.01508,0,0.451649,6.048,4.2568e+06,2.70226e+06,1.02601e+07,0,0,0,2.85105e+08,62.3362,61.308,5.89488,0,0,1.97441,1.36961,0,1.52536,2.96352,8.84649e+06,3.61194e+06,1.74666e+07,0,0,0,7.74588e+07
85.139,85.139,6.8509,0.35,0.02,2.41048,3.01528,0,0.451686,6.048,4.2568e+06,2.70226e+06,1.02609e+07,0,0,0,2.85105e+08,62.3362,61.308,7.62038,0,0,1.9745,1.3697,0,1.52543,2.96352,8.84649e+06,3.61194e+06,1.74674e+07,0,0,0,7.74588e+07
85.139,85.139,6.51847,0.35,0.02,2.41067,3.01547,0,0.451723,6.048,4.2568e+06,2.70226e+06,1.02617e+07,0,0,0,2.85105e+08,62.3362,61.308,7.95021,0,0,1.97459,1.36979,0,1.5255,2.96352,8.84649e+06,3.61194e+06,1.74682e+07,0,0,0,7.74588e+07
85.139,85.139,6.31448,0.36,0.02,2.41087,3.01567,0,0.45176,6.048,4.2568e+06,2.70226e+06,1.02626e+07,0,0,0,2.85105e+08,62.3362,61.308,7.64208,0,0,1.97468,1.36988,0,1.52557,2.96352,8.84649e+06,3.61194e+06,1.7469e+07,0,0,0,7.74588e+07
85.139,85.139,4.5299,0.39,0.02,2.46148,3.12606,0,0.451797,6.048,4.2568e+06,2.91306e+06,1.0478e+07,0,0,0,2.85105e+08,62.3362,61.308,5.59971,0,0,2.00262,1.42507,0,1.52564,2.96352,8.84649e+06,3.89371e+06,1.77162e+07,0,0,0,7.74588e+07
85.139,85.139,3.78741,0.38,0.02,2.52147,3.12627,0,0.461282,6.048,4.2568e+06,2.70226e+06,1.07334e+07,0,0,0,2.85105e+08,62.3362,61.308,4.79212,0,0,2.02997,1.42517,0,1.54723,2.96352,8.84649e+06,3.61194e+06,1.79581e+07,0,0,0,7.74588e+07
85.139,85.139,4.30688,0.4,0.02,2.22274,3.12647,0,0.472523,6.048,4.2568e+06,3.49568e+06,9.46175e+06,0,0,0,2.85105e+08,62.3362,61.308,6.14714,0,0,1.89379,1.42526,0,1.56835,2.96352,8.84649e+06,4.67245e+06,1.67534e+07,0,0,0,7.74588e+07
85.139,85.139,4.1578,0.4,0.02,2.22293,3.12668,0,0.416541,6.048,4.2568e+06,3.49568e+06,9.46254e+06,0,0,0,2.85105e+08,62.3362,61.308,6.8801,0,0,1.89387,1.42535,0,1.46314,2.96352,8.84649e+06,4.67245e+06,1.67541e+07,0,0,0,7.74588e+07
85.139,85.139,3.67679,0.34,0.02,2.47899,3.08379,0,0.416576,6.048,4.2568e+06,2.70226e+06,1.05525e+07,0,0,0,2.85105e+08,62.3362,61.308,4.17589,0,0,2.00884,1.40404,0,1.4632,2.96352,8.84649e+06,3.61194e+06,1.77712e+07,0,0,0,7.74588e+07
85.139,85.139,3.4817,0.33,0.02,2.47919,3.08399,0,0.464562,6.048,4.2568e+06,2.70226e+06,1.05534e+07,0,0,0,2.85105e+08,62.3362,61.308,4.0123,0,0,2.00893,1.40413,0,1.55203,2.96352,8.84649e+06,3.61194e+06,1.7772e+07,0,0,0,7.74588e+07
85.139,85.139,3.26172,0.33,0.02,2.47939,3.08419,0,0.4646,6.048,4.2568e+06,2.70226e+06,1.05543e+07,0,0,0,2.85105e+08,62.3362,61.308,4.75898,0,0,2.00902,1.40422,0,1.5521,2.96352,8.84649e+06,3.61194e+06,1.77728e+07,0,0,0,7.74588e+07
85.139,85.139,3.03713,0.31,0.02,2.47959,3.08439,0,0.464638,6.048,4.2568e+06,2.70226e+06,1.05551e+07,0,0,0,2.85105e+08,62.3362,61.308,4.21055,0,0,2.00912,1.40432,0,1.55217,2.96352,8.84649e+06,3.61194e+06,1.77736e+07,0,0,0,7.74588e+07
84.7536,85.139,2.52253,0.27,0.02,2.62612,3.23092,0,0.464676,6.048,4.2568e+06,2.70226e+06,1.11789e+07,0,0,0,2.85105e+08,62.3362,61.308,3.28272,0,0,2.08514,1.48034,0,1.55224,2.96352,8.84649e+06,3.61194e+06,1.84462e+07,0,0,0,7.74588e+07
84.223,85.139,2.31943,0.36,0.02,2.62633,3.23113,0,0.492135,6.048,4.2568e+06,2.70226e+06,1.11798e+07,0,0,0,2.85105e+08,62.3362,61.308,3.53568,0,0,2.08524,1.48044,0,1.61098,2.96352,8.84649e+06,3.61194e+06,1.8447e+07,0,0,0,7.74588e+07
83.5024,85.139,2.06915,0.31,0.02,2.62654,3.23134,0,0.492174,6.048,4.2568e+06,2.70226e+06,1.11807e+07,0,0,0,2.85105e+08,62.2876,61.308,2.97275,0,0,2.08533,1.48053,0,1.61105,2.96352,8.84649e+06,3.61194e+06,1.84479e+07,0,0,0,7.74588e+07
82.6583,85.139,1.93155,0.31,0.02,2.62675,3.23155,0,0.492214,6.048,4.2568e+06,2.70226e+06,1.11816e+07,0,0,0,2.85105e+08,62.0689,61.308,2.51719,0,0,2.08543,1.48063,0,1.61113,2.96352,8.84649e+06,3.61194e+06,1.84487e+07,0,0,0,7.74588e+07
81.836,85.139,1.96383,0.24,0.02,2.62697,3.23177,0,0.492254,6.048,4.2568e+06,2.70226e+06,1.11825e+07,0,0,0,2.85105e+08,61.8451,61.308,2.67965,0,0,2.08553,1.48073,0,1.6112,2.96352,8.84649e+06,3.61194e+06,1.84496e+07,0,0,0,7.74588e+07
81.1472,85.139,2.10887,0.23,0.02,2.59823,3.20303,0,0.492294,6.048,4.2568e+06,2.70226e+06,1.10601e+07,0,0,0,2.85105e+08,61.8773,61.308,3.37186,0,0,2.12737,1.52257,0,1.61128,2.96352,8.84649e+06,3.61194e+06,1.88198e+07,0,0,0,7.74588e+07
80.3284,85.139,1.97334,0.23,0.02,2.59844,3.20324,0,0.486909,6.048,4.2568e+06,2.70226e+06,1.1061e+07,0,0,0,2.85105e+08,61.8713,61.308,3.23708,0,0,2.12747,1.52267,0,1.64361,2.96352,8.84649e+06,3.61194e+06,1.88206e+07,0,0,0,7.74588e+07
79.3409,85.139,1.79757,0.21,0.02,2.59865,3.20345,0,0.486948,6.048,4.2568e+06,2.70226e+06,1.10619e+07,0,0,0,2.85105e+08,61.8239,61.308,3.08111,0,0,2.12757,1.52277,0,1.64368,2.96352,8.84649e+06,3.61194e+06,1.88215e+07,0,0,0,7.74588e+07
78.2144,85.139,1.63285,0.27,0.02,2.59886,3.20366,0,0.486987,6.048,4.2568e+06,2.70226e+06,1.10628e+07,0,0,0,2.85105e+08,61.7173,61.308,2.8236,0,0,2.12767,1.52287,0,1.64376,2.96352,8.84649e+06,3.61194e+06,1.88224e+07,0,0,0,7.74588e+07
77.0288,85.139,1.60824,0.26,0.02,2.67384,3.27864,0,0.487027,6.048,4.2568e+06,2.70226e+06,1.1382e+07,0,0,0,2.85105e+08,61.5433,61.308,2.80138,0,0,2.16498,1.56018,0,1.64384,2.96352,8.84649e+06,3.61194e+06,1.91525e+07,0,0,0,7.74588e+07
75.7977,85.139,1.55378,0.25,0.02,2.67406,3.27886,0,0.501078,6.048,4.2568e+06,2.70226e+06,1.13829e+07,0,0,0,2.85105e+08,61.2809,61.308,2.79069,0,0,2.16509,1.56029,0,1.67267,2.96352,8.84649e+06,3.61194e+06,1.91534e+07,0,0,0,7.74588e+07
74.4819,85.139,1.45032,0.24,0.02,2.67427,3.27907,0,0.501119,6.048,4.2568e+06,2.70226e+06,1.13838e+07,0,0,0,2.85105e+08,60.965,61.308,2.64802,0,0,2.16519,1.56039,0,1.67275,2.96352,8.84649e+06,3.61194e+06,1.91543e+07,0,0,0,7.74588e+07
73.0642,85.139,1.33106,0.24,0.02,2.67449,3.27929,0,0.501159,6.048,4.2568e+06,2.70226e+06,1.13848e+07,0,0,0,2.85105e+08,60.6423,61.308,2.4785,0,0,2.16529,1.56049,0,1.67282,2.96352,8.84649e+06,3.61194e+06,1.91552e+07,0,0,0,7.74588e+07
71.5611,85.139,1.42126,0.29,0.02,2.89373,3.49853,0,0.501199,6.048,4.2568e+06,2.70226e+06,1.2318e+07,0,0,0,2.85105e+08,60.3953,61.308,3.00358,0,0,2.29975,1.69495,0,1.6729,2.96352,8.84649e+06,3.61194e+06,2.03447e+07,0,0,0,7.74588e+07
69.8514,85.139,1.21082,0.29,0.02,2.89396,3.49876,0,0.542285,6.048,4.2568e+06,2.70226e+06,1.2319e+07,0,0,0,2.85105e+08,60.0496,61.308,2.84035,0,0,2.29986,1.69506,0,1.77679,2.96352,8.84649e+06,3.61194e+06,2.03457e+07,0,0,0,7.74588e+07
68.0165,85.139,1.09054,0.29,0.02,2.89419,3.49899,0,0.542328,6.048,4.2568e+06,2.70226e+06,1.232e+07,0,0,0,2.85105e+08,59.6818,61.308,2.71987,0,0,2.29998,1.69518,0,1.77688,2.96352,8.84649e+06,3.61194e+06,2.03467e+07,0,0,0,7.74588e+07
66.2191,85.139,1.09976,0.31,0.02,2.89442,3.49922,0,0.542371,6.048,4.2568e+06,2.70226e+06,1.23209e+07,0,0,0,2.85105e+08,59.407,61.308,2.93081,0,0,2.30009,1.69529,0,1.77696,2.96352,8.84649e+06,3.61194e+06,2.03477e+07,0,0,0,7.74588e+07
64.6038,85.139,1.28707,0.3,0.02,2.89465,3.49945,0,0.542414,6.048,4.2568e+06,2.70226e+06,1.23219e+07,0,0,0,2.85105e+08,59.3014,61.308,4.16194,0,0,2.3002,1.6954,0,1.77705,2.96352,8.84649e+06,3.61194e+06,2.03487e+07,0,0,0,7.74588e+07
64.1277,85.139,2.43416,0.3,0.02,2.7881,3.3929,0,0.542457,6.048,4.2568e+06,2.70226e+06,1.18684e+07,0,0,0,2.85105e+08,60.3036,61.308,7.64418,0,0,2.21873,1.61393,0,1.77713,2.96352,8.84649e+06,3.61194e+06,1.9628e+07,0,0,0,7.74588e+07
63.3424,85.139,2.10186,0.3,0.02,2.78832,3.39312,0,0.522489,6.048,4.2568e+06,2.70226e+06,1.18693e+07,0,0,0,2.85105e+08,62.1819,61.308,12.6289,0,0,2.21884,1.61404,0,1.71419,2.96352,8.84649e+06,3.61194e+06,1.96289e+07,0,0,0,7.74588e+07
62.303,85.139,1.84271,0.3,0.02,2.78854,3.39334,0,0.522531,6.048,4.2568e+06,2.70226e+06,1.18702e+07,0,0,0,2.85105e+08,62.3362,61.308,7.27394,0,0,2.21894,1.61414,0,1.71427,2.96352,8.84649e+06,3.61194e+06,1.96298e+07,0,0,0,7.74588e+07
61.2279,85.139,1.78533,0.31,0.02,2.78876,3.39356,0,0.522573,6.048,4.2568e+06,2.70226e+06,1.18712e+07,0,0,0,2.85105e+08,62.3362,61.308,6.66832,0,0,2.21905,1.61425,0,1.71435,2.96352,8.84649e+06,3.61194e+06,1.96308e+07,0,0,0,7.74588e+07
60.2129,85.139,1.79775,0.34,0.02,2.70132,3.30612,0,0.522614,6.048,4.2568e+06,2.70226e+06,1.14989e+07,0,0,0,2.85105e+08,62.3362,61.308,4.2364,0,0,2.14488,1.54008,0,1.71444,2.96352,8.84649e+06,3.61194e+06,1.89746e+07,0,0,0,7.74588e+07
58.9199,85.139,1.50331,0.34,0.02,2.70153,3.30633,0,0.506227,6.048,4.2568e+06,2.70226e+06,1.14999e+07,0,0,0,2.85105e+08,62.2131,61.308,2.1206,0,0,2.14498,1.54018,0,1.65713,2.96352,8.84649e+06,3.61194e+06,1.89755e+07,0,0,0,7.74588e+07
57.8837,85.139,1.7545,0.34,0.02,2.70175,3.30655,0,0.506267,6.048,4.2568e+06,2.70226e+06,1.15008e+07,0,0,0,2.85105e+08,62.3362,61.308,4.64278,0,0,2.14508,1.54028,0,1.65721,2.96352,8.84649e+06,3.61194e+06,1.89764e+07,0,0,0,7.74588e+07
59.6661,85.139,4.70222,0.34,0.02,2.70197,3.30677,0,0.506308,6.048,4.2568e+06,2.70226e+06,1.15017e+07,0,0,0,2.85105e+08,62.3362,61.308,9.52953,0,0,2.14518,1.54038,0,1.65729,2.96352,8.84649e+06,3.61194e+06,1.89773e+07,0,0,0,7.74588e+07
60.5783,85.139,3.59856,0.35,0.02,2.45313,3.05793,0,0.506348,6.048,4.2568e+06,2.70226e+06,1.04425e+07,0,0,0,2.85105e+08,62.3362,61.308,4.72825,0,0,1.99055,1.38575,0,1.65737,2.96352,8.84649e+06,3.61194e+06,1.76093e+07,0,0,0,7.74588e+07
64.4137,85.139,6.52917,0.35,0.02,2.45333,3.05813,0,0.459716,6.048,4.2568e+06,2.70226e+06,1.04433e+07,0,0,0,2.85105e+08,62.3033,61.308,3.81078,0,0,1.99064,1.38584,0,1.5379,2.96352,8.84649e+06,3.61194e+06,1.76101e+07,0,0,0,7.74588e+07
67.1503,85.139,5.51786,0.34,0.02,2.45353,3.05833,0,0.459754,6.048,4.2568e+06,2.70226e+06,1.04442e+07,0,0,0,2.85105e+08,62.3362,61.308,4.82475,0,0,1.99073,1.38593,0,1.53797,2.96352,8.84649e+06,3.61194e+06,1.76109e+07,0,0,0,7.74588e+07
71.4185,85.139,7.11106,0.39,0.02,2.39524,3.05853,0,0.459792,6.048,4.2568e+06,2.91306e+06,1.01961e+07,0,0,0,2.85105e+08,62.3362,61.308,13.1292,0,0,1.96431,1.38602,0,1.53804,2.96352,8.84649e+06,3.89371e+06,1.73773e+07,0,0,0,7.74588e+07
73.374,85.139,4.76119,0.35,0.02,2.45393,3.05873,0,0.448869,6.048,4.2568e+06,2.70226e+06,1.04459e+07,0,0,0,2.85105e+08,62.3362,61.308,5.78203,0,0,1.99091,1.38611,0,1.51763,2.96352,8.84649e+06,3.61194e+06,1.76126e+07,0,0,0,7.74588e+07
78.9915,85.139,9.07818,0.38,0.02,2.54995,3.15475,0,0.459867,6.048,4.2568e+06,2.70226e+06,1.08546e+07,0,0,0,2.85105e+08,62.3362,61.308,15.0839,0,0,2.03582,1.43102,0,1.53818,2.96352,8.84649e+06,3.61194e+06,1.80098e+07,0,0,0,7.74588e+07
83.7302,85.139,8.04931,0.32,0.02,2.55014,3.15494,0,0.477861,6.048,4.2568e+06,2.70226e+06,1.08554e+07,0,0,0,2.85105e+08,62.3362,61.308,9.73083,0,0,2.0359,1.4311,0,1.57287,2.96352,8.84649e+06,3.61194e+06,1.80106e+07,0,0,0,7.74588e+07
85.139,85.139,7.1441,0.28,0.02,2.55032,3.15512,0,0.477896,6.048,4.2568e+06,2.70226e+06,1.08562e+07,0,0,0,2.85105e+08,62.3362,61.308,8.29731,0,0,2.03599,1.43119,0,1.57294,2.96352,8.84649e+06,3.61194e+06,1.80113e+07,0,0,0,7.74588e+07
85.139,85.139,5.89822,0.23,0.02,2.55051,3.15531,0,0.477931,6.048,4.2568e+06,2.70226e+06,1.0857e+07,0,0,0,2.85105e+08,62.3362,61.308,7.48065,0,0,2.03607,1.43127,0,1.573,2.96352,8.84649e+06,3.61194e+06,1.80121e+07,0,0,0,7.74588e+07
85.139,85.139,4.71463,0.25,0.02,2.85848,3.46328,0,0.477966,6.048,4.2568e+06,2.70226e+06,1.21679e+07,0,0,0,2.85105e+08,62.3362,61.308,7.45857,0,0,2.20445,1.59965,0,1.57307,2.96352,8.84649e+06,3.61194e+06,1.95017e+07,0,0,0,7.74588e+07
85.139,85.139,5.65792,0.26,0.02,2.85868,3.46348,0,0.535678,6.048,4.2568e+06,2.70226e+06,1.21688e+07,0,0,0,2.85105e+08,62.3362,61.308,7.80519,0,0,2.20455,1.59975,0,1.70316,2.96352,8.84649e+06,3.61194e+06,1.95025e+07,0,0,0,7.74588e+07
85.139,85.139,7.24896,0.27,0.02,2.85888,3.46368,0,0.535717,6.048,4.2568e+06,2.70226e+06,1.21697e+07,0,0,0,2.85105e+08,62.3362,61.308,8.37404,0,0,2.20464,1.59984,0,1.70323,2.96352,8.84649e+06,3.61194e+06,1.95033e+07,0,0,0,7.74588e+07
85.139,85.139,4.94916,0.28,0.02,2.85909,3.46389,0,0.535755,6.048,4.2568e+06,2.70226e+06,1.21706e+07,0,0,0,2.85105e+08,62.3362,61.308,7.14851,0,0,2.20474,1.59994,0,1.70331,2.96352,8.84649e+06,3.61194e+06,1.95042e+07,0,0,0,7.74588e+07
85.139,85.139,7.19429,0.29,0.02,2.4202,3.025,0,0.535793,6.048,4.2568e+06,2.70226e+06,1.03023e+07,0,0,0,2.85105e+08,62.3362,61.308,10.0511,0,0,1.97892,1.37412,0,1.70338,2.96352,8.84649e+06,3.61194e+06,1.75065e+07,0,0,0,7.74588e+07
85.139,85.139,7.63015,0.3,0.02,2.42038,3.02518,0,0.453545,6.048,4.2568e+06,2.70226e+06,1.0303e+07,0,0,0,2.85105e+08,62.3362,61.308,9.67162,0,0,1.979,1.3742,0,1.52891,2.96352,8.84649e+06,3.61194e+06,1.75072e+07,0,0,0,7.74588e+07
85.139,85.139,7.92425,0.33,0.02,2.42055,3.02535,0,0.453578,6.048,4.2568e+06,2.70226e+06,1.03038e+07,0,0,0,2.85105e+08,62.3362,61.308,9.67848,0,0,1.97908,1.37428,0,1.52898,2.96352,8.84649e+06,3.61194e+06,1.75079e+07,0,0,0,7.74588e+07
85.139,85.139,7.33673,0.34,0.02,2.42073,3.02553,0,0.453612,6.048,4.2568e+06,2.70226e+06,1.03046e+07,0,0,0,2.85105e+08,62.3362,61.308,8.95715,0,0,1.97916,1.37436,0,1.52904,2.96352,8.84649e+06,3.61194e+06,1.75086e+07,0,0,0,7.74588e+07
85.139,85.139,6.35929,0.36,0.02,2.42091,3.02571,0,0.453645,6.048,4.2568e+06,2.70226e+06,1.03053e+07,0,0,0,2.85105e+08,62.3362,61.308,7.97086,0,0,1.97924,1.37444,0,1.5291,2.96352,8.84649e+06,3.61194e+06,1.75094e+07,0,0,0,7.74588e+07
85.139,85.139,5.0934,0.36,0.02,2.53165,3.13645,0,0.453679,6.048,4.2568e+06,2.70226e+06,1.07767e+07,0,0,0,2.85105e+08,62.3362,61.308,8.77242,0,0,2.03461,1.42981,0,1.52916,2.96352,8.84649e+06,3.61194e+06,1.79991e+07,0,0,0,7.74588e+07
85.139,85.139,6.18202,0.36,0.02,2.53183,3.13663,0,0.474431,6.048,4.2568e+06,2.70226e+06,1.07775e+07,0,0,0,2.85105e+08,62.3362,61.308,8.37773,0,0,2.03469,1.42989,0,1.57194,2.96352,8.84649e+06,3.61194e+06,1.79999e+07,0,0,0,7.74588e+07
85.139,85.139,4.34821,0.38,0.02,2.53202,3.13682,0,0.474466,6.048,4.2568e+06,2.70226e+06,1.07783e+07,0,0,0,2.85105e+08,62.3362,61.308,5.71375,0,0,2.03478,1.42998,0,1.572,2.96352,8.84649e+06,3.61194e+06,1.80006e+07,0,0,0,7.74588e+07
85.139,85.139,4.20759,0.38,0.02,2.5322,3.137,0,0.4745,6.048,4.2568e+06,2.70226e+06,1.07791e+07,0,0,0,2.85105e+08,62.3362,61.308,5.76296,0,0,2.03486,1.43006,0,1.57207,2.96352,8.84649e+06,3.61194e+06,1.80014e+07,0,0,0,7.74588e+07
85.139,85.139,4.0762,0.32,0.02,2.48915,3.09395,0,0.474535,6.048,4.2568e+06,2.70226e+06,1.05958e+07,0,0,0,2.85105e+08,62.3362,61.308,5.75837,0,0,2.01347,1.40867,0,1.57213,2.96352,8.84649e+06,3.61194e+06,1.78121e+07,0,0,0,7.74588e+07
85.139,85.139,3.59642,0.31,0.02,2.48933,3.09413,0,0.466467,6.048,4.2568e+06,2.70226e+06,1.05966e+07,0,0,0,2.85105e+08,62.3362,61.308,5.05544,0,0,2.01355,1.40875,0,1.55561,2.96352,8.84649e+06,3.61194e+06,1.78129e+07,0,0,0,7.74588e+07
85.139,85.139,3.27631,0.31,0.02,2.48951,3.09431,0,0.466501,6.048,4.2568e+06,2.70226e+06,1.05974e+07,0,0,0,2.85105e+08,62.3362,61.308,4.62448,0,0,2.01363,1.40883,0,1.55567,2.96352,8.84649e+06,3.61194e+06,1.78136e+07,0,0,0,7.74588e+07
85.139,85.139,3.05101,0.29,0.02,2.4897,3.0945,0,0.466535,6.048,4.2568e+06,2.70226e+06,1.05981e+07,0,0,0,2.85105e+08,62.3362,61.308,4.54514,0,0,2.01372,1.40892,0,1.55573,2.96352,8.84649e+06,3.61194e+06,1.78143e+07,0,0,0,7.74588e+07
85.0175,85.139,2.87941,0.25,0.02,2.63668,3.24148,0,0.466569,6.048,4.2568e+06,2.70226e+06,1.12238e+07,0,0,0,2.85105e+08,62.3362,61.308,4.87863,0,0,2.08998,1.48518,0,1.5558,2.96352,8.84649e+06,3.61194e+06,1.8489e+07,0,0,0,7.74588e+07
84.5027,85.139,2.41534,0.35,0.02,2.63687,3.24167,0,0.494114,6.048,4.2568e+06,2.70226e+06,1.12246e+07,0,0,0,2.85105e+08,62.3362,61.308,3.69699,0,0,2.09007,1.48527,0,1.61472,2.96352,8.84649e+06,3.61194e+06,1.84897e+07,0,0,0,7.74588e+07
83.9249,85.139,2.33941,0.3,0.02,2.63706,3.24186,0,0.49415,6.048,4.2568e+06,2.70226e+06,1.12254e+07,0,0,0,2.85105e+08,62.3362,61.308,3.33926,0,0,2.09015,1.48535,0,1.61479,2.96352,8.84649e+06,3.61194e+06,1.84905e+07,0,0,0,7.74588e+07
83.1176,85.139,2.06942,0.29,0.02,2.63726,3.24206,0,0.494186,6.048,4.2568e+06,2.70226e+06,1.12263e+07,0,0,0,2.85105e+08,62.3362,61.308,3.14547,0,0,2.09024,1.48544,0,1.61485,2.96352,8.84649e+06,3.61194e+06,1.84913e+07,0,0,0,7.74588e+07
82.2692,85.139,1.99593,0.23,0.02,2.63745,3.24225,0,0.494222,6.048,4.2568e+06,2.70226e+06,1.12271e+07,0,0,0,2.85105e+08,62.3362,61.308,2.94704,0,0,2.09033,1.48553,0,1.61492,2.96352,8.84649e+06,3.61194e+06,1.84921e+07,0,0,0,7.74588e+07
81.4937,85.139,2.085,0.21,0.02,2.6086,3.2134,0,0.494257,6.048,4.2568e+06,2.70226e+06,1.11043e+07,0,0,0,2.85105e+08,62.2151,61.308,2.49356,0,0,2.1323,1.5275,0,1.61499,2.96352,8.84649e+06,3.61194e+06,1.88633e+07,0,0,0,7.74588e+07
80.6349,85.139,1.97214,0.21,0.02,2.60879,3.21359,0,0.488851,6.048,4.2568e+06,2.70226e+06,1.11051e+07,0,0,0,2.85105e+08,62.0393,61.308,2.40713,0,0,2.13239,1.52759,0,1.64741,2.96352,8.84649e+06,3.61194e+06,1.88641e+07,0,0,0,7.74588e+07
79.6805,85.139,1.85828,0.2,0.02,2.60898,3.21378,0,0.488887,6.048,4.2568e+06,2.70226e+06,1.11059e+07,0,0,0,2.85105e+08,61.7787,61.308,2.26313,0,0,2.13248,1.52768,0,1.64748,2.96352,8.84649e+06,3.61194e+06,1.88649e+07,0,0,0,7.74588e+07
78.6132,85.139,1.73409,0.19,0.02,2.60917,3.21397,0,0.488922,6.048,4.2568e+06,2.70226e+06,1.11067e+07,0,0,0,2.85105e+08,61.4399,61.308,2.12239,0,0,2.13257,1.52777,0,1.64755,2.96352,8.84649e+06,3.61194e+06,1.88657e+07,0,0,0,7.74588e+07
77.3381,85.139,1.54425,0.24,0.02,2.68437,3.28917,0,0.488958,6.048,4.2568e+06,2.70226e+06,1.14268e+07,0,0,0,2.85105e+08,61.122,61.308,1.92147,0,0,2.16999,1.56519,0,1.64762,2.96352,8.84649e+06,3.61194e+06,1.91968e+07,0,0,0,7.74588e+07
75.9975,85.139,1.48538,0.23,0.02,2.68456,3.28936,0,0.50305,6.048,4.2568e+06,2.70226e+06,1.14276e+07,0,0,0,2.85105e+08,60.7173,61.308,1.88465,0,0,2.17008,1.56528,0,1.67654,2.96352,8.84649e+06,3.61194e+06,1.91976e+07,0,0,0,7.74588e+07
74.5789,85.139,1.37457,0.22,0.02,2.68475,3.28955,0,0.503087,6.048,4.2568e+06,2.70226e+06,1.14285e+07,0,0,0,2.85105e+08,60.1102,61.308,1.8195,0,0,2.17018,1.56538,0,1.67661,2.96352,8.84649e+06,3.61194e+06,1.91984e+07,0,0,0,7.74588e+07
73.0556,85.139,1.25159,0.22,0.02,2.68495,3.28975,0,0.503123,6.048,4.2568e+06,2.70226e+06,1.14293e+07,0,0,0,2.85105e+08,59.6541,61.308,1.59586,0,0,2.17027,1.56547,0,1.67668,2.96352,8.84649e+06,3.61194e+06,1.91993e+07,0,0,0,7.74588e+07
71.4625,85.139,1.34409,0.27,0.02,2.90486,3.50966,0,0.503159,6.048,4.2568e+06,2.70226e+06,1.23654e+07,0,0,0,2.85105e+08,59.3352,61.308,2.19934,0,0,2.30515,1.70035,0,1.67675,2.96352,8.84649e+06,3.61194e+06,2.03925e+07,0,0,0,7.74588e+07
69.5098,85.139,0.960245,0.27,0.02,2.90507,3.50987,0,0.544371,6.048,4.2568e+06,2.70226e+06,1.23663e+07,0,0,0,2.85105e+08,58.9576,61.308,2.00507,0,0,2.30525,1.70045,0,1.78096,2.96352,8.84649e+06,3.61194e+06,2.03934e+07,0,0,0,7.74588e+07
67.5918,85.139,0.97284,0.27,0.02,2.90528,3.51008,0,0.54441,6.048,4.2568e+06,2.70226e+06,1.23672e+07,0,0,0,2.85105e+08,58.5571,61.308,1.92255,0,0,2.30535,1.70055,0,1.78104,2.96352,8.84649e+06,3.61194e+06,2.03942e+07,0,0,0,7.74588e+07
66.1288,85.139,1.43555,0.29,0.02,2.90548,3.51028,0,0.544449,6.048,4.2568e+06,2.70226e+06,1.23681e+07,0,0,0,2.85105e+08,58.2563,61.308,2.30507,0,0,2.30545,1.70065,0,1.78111,2.96352,8.84649e+06,3.61194e+06,2.03951e+07,0,0,0,7.74588e+07
65.233,85.139,2.05118,0.28,0.02,2.90569,3.51049,0,0.544488,6.048,4.2568e+06,2.70226e+06,1.23689e+07,0,0,0,2.85105e+08,58.1493,61.308,2.5691,0,0,2.30555,1.70075,0,1.78119,2.96352,8.84649e+06,3.61194e+06,2.0396e+07,0,0,0,7.74588e+07
64.0423,85.139,1.59033,0.28,0.02,2.79878,3.40358,0,0.544527,6.048,4.2568e+06,2.70226e+06,1.19138e+07,0,0,0,2.85105e+08,57.8895,61.308,2.91709,0,0,2.22381,1.61901,0,1.78127,2.96352,8.84649e+06,3.61194e+06,1.9673e+07,0,0,0,7.74588e+07
62.041,85.139,0.744577,0.28,0.02,2.79898,3.40378,0,0.524492,6.048,4.2568e+06,2.70226e+06,1.19147e+07,0,0,0,2.85105e+08,57.3532,61.308,1.532,0,0,2.22391,1.61911,0,1.71812,2.96352,8.84649e+06,3.61194e+06,1.96738e+07,0,0,0,7.74588e+07
60.2062,85.139,0.90962,0.3,0.02,2.79918,3.40398,0,0.52453,6.048,4.2568e+06,2.70226e+06,1.19156e+07,0,0,0,2.85105e+08,57.0051,61.308,1.69192,0,0,2.22401,1.61921,0,1.71819,2.96352,8.84649e+06,3.61194e+06,1.96746e+07,0,0,0,7.74588e+07
59.8151,85.139,2.45402,0.29,0.02,2.79939,3.40419,0,0.524567,6.048,4.2568e+06,2.70226e+06,1.19164e+07,0,0,0,2.85105e+08,56.9252,61.308,3.79953,0,0,2.2241,1.6193,0,1.71827,2.96352,8.84649e+06,3.61194e+06,1.96755e+07,0,0,0,7.74588e+07
58.3563,85.139,1.24891,0.32,0.02,2.71164,3.31644,0,0.524605,6.048,4.2568e+06,2.70226e+06,1.15429e+07,0,0,0,2.85105e+08,56.2021,61.308,1.64297,0,0,2.14969,1.54489,0,1.71834,2.96352,8.84649e+06,3.61194e+06,1.90172e+07,0,0,0,7.74588e+07
57.4228,85.139,1.84109,0.32,0.02,2.71184,3.31664,0,0.508162,6.048,4.2568e+06,2.70226e+06,1.15437e+07,0,0,0,2.85105e+08,55.3011,61.308,1.32825,0,0,2.14978,1.54498,0,1.66085,2.96352,8.84649e+06,3.61194e+06,1.9018e+07,0,0,0,7.74588e+07
56.1471,85.139,1.47787,0.32,0.02,2.71203,3.31683,0,0.508198,6.048,4.2568e+06,2.70226e+06,1.15446e+07,0,0,0,2.85105e+08,54.7412,61.308,1.12542,0,0,2.14987,1.54507,0,1.66092,2.96352,8.84649e+06,3.61194e+06,1.90188e+07,0,0,0,7.74588e+07
56.0967,85.139,2.77198,0.35,0.02,2.71223,3.31703,0,0.508235,6.048,4.2568e+06,2.70226e+06,1.15454e+07,0,0,0,2.85105e+08,54.7383,61.308,3.33973,0,0,2.14996,1.54516,0,1.66099,2.96352,8.84649e+06,3.61194e+06,1.90196e+07,0,0,0,7.74588e+07
58.4028,85.139,5.07628,0.39,0.02,2.40394,3.0674,0,0.508272,6.048,4.2568e+06,2.91306e+06,1.02331e+07,0,0,0,2.85105e+08,55.4377,61.308,4.18982,0,0,1.96826,1.39004,0,1.66106,2.96352,8.84649e+06,3.89371e+06,1.74122e+07,0,0,0,7.74588e+07
58.0688,85.139,2.45136,0.33,0.02,2.46278,3.06758,0,0.450499,6.048,4.2568e+06,2.70226e+06,1.04836e+07,0,0,0,2.85105e+08,55.4264,61.308,2.97494,0,0,1.99492,1.39012,0,1.52067,2.96352,8.84649e+06,3.61194e+06,1.7648e+07,0,0,0,7.74588e+07
58.2584,85.139,2.93798,0.38,0.02,2.46296,3.06776,0,0.461525,6.048,4.2568e+06,2.70226e+06,1.04843e+07,0,0,0,2.85105e+08,55.3833,61.308,2.78376,0,0,1.995,1.3902,0,1.54127,2.96352,8.84649e+06,3.61194e+06,1.76488e+07,0,0,0,7.74588e+07
59.3533,85.139,3.70808,0.44,0.02,2.16981,3.06794,0,0.461559,6.048,4.2568e+06,3.49568e+06,9.23642e+06,0,0,0,2.85105e+08,55.4441,61.308,3.44708,0,0,1.86215,1.39028,0,1.54134,2.96352,8.84649e+06,4.67245e+06,1.64735e+07,0,0,0,7.74588e+07
62.928,85.139,6.35958,0.44,0.02,2.16997,3.06812,0,0.406622,6.048,4.2568e+06,3.49568e+06,9.23711e+06,0,0,0,2.85105e+08,56.1856,61.308,7.0929,0,0,1.86223,1.39037,0,1.4387,2.96352,8.84649e+06,4.67245e+06,1.64742e+07,0,0,0,7.74588e+07
65.5099,85.139,5.47888,0.43,0.02,2.25706,3.16442,0,0.406652,6.048,4.2568e+06,3.49568e+06,9.60783e+06,0,0,0,2.85105e+08,59.6832,61.308,9.89025,0,0,1.90296,1.4354,0,1.43876,2.96352,8.84649e+06,4.67245e+06,1.68345e+07,0,0,0,7.74588e+07
67.0097,85.139,4.2571,0.46,0.02,2.25721,3.16458,0,0.422972,6.048,4.2568e+06,3.49568e+06,9.60847e+06,0,0,0,2.85105e+08,60.1689,61.308,4.84141,0,0,1.90303,1.43548,0,1.47023,2.96352,8.84649e+06,4.67245e+06,1.68351e+07,0,0,0,7.74588e+07
67.981,85.139,3.69738,0.48,0.02,2.25736,3.16475,0,0.423,6.048,4.2568e+06,3.49568e+06,9.6091e+06,0,0,0,2.85105e+08,60.5188,61.308,4.37322,0,0,1.90309,1.43555,0,1.47028,2.96352,8.84649e+06,4.67245e+06,1.68357e+07,0,0,0,7.74588e+07
68.6126,85.139,3.33384,0.47,0.02,2.25751,3.16491,0,0.423029,6.048,4.2568e+06,3.49568e+06,9.60974e+06,0,0,0,2.85105e+08,60.7681,61.308,4.01541,0,0,1.90316,1.43563,0,1.47033,2.96352,8.84649e+06,4.67245e+06,1.68363e+07,0,0,0,7.74588e+07
68.7419,85.139,3.33608,0.38,0.02,2.86899,3.47379,0,0.423057,6.048,4.2568e+06,2.70226e+06,1.22127e+07,0,0,0,2.85105e+08,61.3133,61.308,4.04439,0,0,2.20931,1.60451,0,1.47038,2.96352,8.84649e+06,3.61194e+06,1.95446e+07,0,0,0,7.74588e+07
69.7929,85.139,4.06328,0.4,0.02,2.53702,3.47398,0,0.53765,6.048,4.2568e+06,3.49568e+06,1.07996e+07,0,0,0,2.85105e+08,62.3362,61.308,4.83361,0,0,2.05597,1.60459,0,1.70691,2.96352,8.84649e+06,4.67245e+06,1.81881e+07,0,0,0,7.74588e+07
70.9539,85.139,4.19548,0.41,0.02,2.53718,3.47416,0,0.475437,6.048,4.2568e+06,3.49568e+06,1.08003e+07,0,0,0,2.85105e+08,62.3362,61.308,4.7217,0,0,2.05605,1.60468,0,1.58845,2.96352,8.84649e+06,4.67245e+06,1.81888e+07,0,0,0,7.74588e+07
72.4953,85.139,4.61281,0.43,0.02,2.53735,3.47434,0,0.475468,6.048,4.2568e+06,3.49568e+06,1.0801e+07,0,0,0,2.85105e+08,62.3362,61.308,5.12371,0,0,2.05613,1.60476,0,1.5885,2.96352,8.84649e+06,4.67245e+06,1.81895e+07,0,0,0,7.74588e+07
73.6213,85.139,3.80081,0.48,0.02,2.1392,3.0341,0,0.475499,6.048,4.2568e+06,3.49568e+06,9.10615e+06,0,0,0,2.85105e+08,62.3362,61.308,4.00534,0,0,1.85128,1.37826,0,1.58856,2.96352,8.84649e+06,4.67245e+06,1.63773e+07,0,0,0,7.74588e+07
73.457,85.139,2.4447,0.54,0.02,2.13935,3.03426,0,0.400887,6.048,4.2568e+06,3.49568e+06,9.10676e+06,0,0,0,2.85105e+08,62.3362,61.308,2.86787,0,0,1.85134,1.37833,0,1.4303,2.96352,8.84649e+06,4.67245e+06,1.63779e+07,0,0,0,7.74588e+07
77.7504,85.139,6.94706,0.58,0.02,2.13949,3.03442,0,0.400914,6.048,4.2568e+06,3.49568e+06,9.10737e+06,0,0,0,2.85105e+08,62.3362,61.308,6.26862,0,0,1.85141,1.3784,0,1.43035,2.96352,8.84649e+06,4.67245e+06,1.63785e+07,0,0,0,7.74588e+07
82.3744,85.139,7.59133,0.53,0.02,2.13963,3.03458,0,0.400941,6.048,4.2568e+06,3.49568e+06,9.10799e+06,0,0,0,2.85105e+08,62.3362,61.308,7.96773,0,0,1.85147,1.37847,0,1.4304,2.96352,8.84649e+06,4.67245e+06,1.6379e+07,0,0,0,7.74588e+07
85.139,85.139,7.48358,0.45,0.02,2.13978,3.03474,0,0.400967,6.048,4.2568e+06,3.49568e+06,9.1086e+06,0,0,0,2.85105e+08,62.3362,61.308,5.33093,0,0,1.85154,1.37855,0,1.43045,2.96352,8.84649e+06,4.67245e+06,1.63796e+07,0,0,0,7.74588e+07
85.139,85.139,3.70185,0.35,0.02,2.54099,3.14579,0,0.400994,6.048,4.2568e+06,2.70226e+06,1.08165e+07,0,0,0,2.85105e+08,62.3362,61.308,7.15141,0,0,2.03886,1.43406,0,1.4305,2.96352,8.84649e+06,3.61194e+06,1.80368e+07,0,0,0,7.74588e+07
85.139,85.139,4.31429,0.35,0.02,2.54115,3.14595,0,0.476181,6.048,4.2568e+06,2.70226e+06,1.08172e+07,0,0,0,2.85105e+08,62.3362,61.308,7.26454,0,0,2.03894,1.43414,0,1.57523,2.96352,8.84649e+06,3.61194e+06,1.80375e+07,0,0,0,7.74588e+07
85.139,85.139,4.79627,0.37,0.02,2.54132,3.14612,0,0.476212,6.048,4.2568e+06,2.70226e+06,1.08179e+07,0,0,0,2.85105e+08,62.3362,61.308,8.9106,0,0,2.03901,1.43421,0,1.57528,2.96352,8.84649e+06,3.61194e+06,1.80381e+07,0,0,0,7.74588e+07
85.139,85.139,5.84555,0.38,0.02,2.54148,3.14628,0,0.476243,6.048,4.2568e+06,2.70226e+06,1.08186e+07,0,0,0,2.85105e+08,62.3362,61.308,11.056,0,0,2.03909,1.43429,0,1.57534,2.96352,8.84649e+06,3.61194e+06,1.80388e+07,0,0,0,7.74588e+07
85.139,85.139,4.07829,0.33,0.02,2.49828,3.10308,0,0.476274,6.048,4.2568e+06,2.70226e+06,1.06347e+07,0,0,0,2.85105e+08,62.3362,61.308,6.84172,0,0,2.01763,1.41283,0,1.5754,2.96352,8.84649e+06,3.61194e+06,1.78489e+07,0,0,0,7.74588e+07
85.139,85.139,3.04662,0.32,0.02,2.49844,3.10324,0,0.468178,6.048,4.2568e+06,2.70226e+06,1.06354e+07,0,0,0,2.85105e+08,62.3362,61.308,4.20721,0,0,2.0177,1.4129,0,1.55882,2.96352,8.84649e+06,3.61194e+06,1.78496e+07,0,0,0,7.74588e+07
85.0257,85.139,2.77559,0.32,0.02,2.49861,3.10341,0,0.468208,6.048,4.2568e+06,2.70226e+06,1.06361e+07,0,0,0,2.85105e+08,62.3362,61.308,3.83939,0,0,2.01777,1.41297,0,1.55887,2.96352,8.84649e+06,3.61194e+06,1.78502e+07,0,0,0,7.74588e+07
85.0045,85.139,2.58453,0.4,0.02,2.20203,3.10357,0,0.468239,6.048,4.2568e+06,3.49568e+06,9.37357e+06,0,0,0,2.85105e+08,62.3362,61.308,3.75131,0,0,1.88274,1.41305,0,1.55893,2.96352,8.84649e+06,4.67245e+06,1.66556e+07,0,0,0,7.74588e+07
84.8729,85.139,2.5614,0.4,0.02,2.33533,3.25096,0,0.41266,6.048,4.2568e+06,3.49568e+06,9.94101e+06,0,0,0,2.85105e+08,62.3362,61.308,4.20155,0,0,1.9519,1.48952,0,1.45461,2.96352,8.84649e+06,4.67245e+06,1.72675e+07,0,0,0,7.74588e+07
84.3536,85.139,2.40556,0.37,0.02,2.64633,3.25113,0,0.43764,6.048,4.2568e+06,2.70226e+06,1.12649e+07,0,0,0,2.85105e+08,62.3362,61.308,3.09442,0,0,2.0944,1.4896,0,1.50804,2.96352,8.84649e+06,3.61194e+06,1.85281e+07,0,0,0,7.74588e+07
83.6493,85.139,2.20041,0.31,0.02,2.6465,3.2513,0,0.495923,6.048,4.2568e+06,2.70226e+06,1.12656e+07,0,0,0,2.85105e+08,62.3362,61.308,2.80555,0,0,2.09448,1.48968,0,1.61813,2.96352,8.84649e+06,3.61194e+06,1.85288e+07,0,0,0,7.74588e+07
82.846,85.139,2.03749,0.3,0.02,2.64667,3.25147,0,0.495955,6.048,4.2568e+06,2.70226e+06,1.12663e+07,0,0,0,2.85105e+08,62.3362,61.308,2.69966,0,0,2.09456,1.48976,0,1.61819,2.96352,8.84649e+06,3.61194e+06,1.85295e+07,0,0,0,7.74588e+07
81.9426,85.139,1.9239,0.23,0.02,2.64684,3.25164,0,0.495986,6.048,4.2568e+06,2.70226e+06,1.12671e+07,0,0,0,2.85105e+08,62.3362,61.308,2.53803,0,0,2.09463,1.48983,0,1.61825,2.96352,8.84649e+06,3.61194e+06,1.85302e+07,0,0,0,7.74588e+07
81.2751,85.139,2.13558,0.21,0.02,2.61789,3.22269,0,0.496018,6.048,4.2568e+06,2.70226e+06,1.11438e+07,0,0,0,2.85105e+08,62.2674,61.308,2.28959,0,0,2.13671,1.53191,0,1.61831,2.96352,8.84649e+06,3.61194e+06,1.89024e+07,0,0,0,7.74588e+07
80.5803,85.139,2.09718,0.21,0.02,2.61806,3.22286,0,0.490592,6.048,4.2568e+06,2.70226e+06,1.11445e+07,0,0,0,2.85105e+08,62.1641,61.308,2.28036,0,0,2.13679,1.53199,0,1.65083,2.96352,8.84649e+06,3.61194e+06,1.89031e+07,0,0,0,7.74588e+07
79.8123,85.139,1.99526,0.2,0.02,2.61823,3.22303,0,0.490624,6.048,4.2568e+06,2.70226e+06,1.11453e+07,0,0,0,2.85105e+08,62.0112,61.308,2.2063,0,0,2.13687,1.53207,0,1.65089,2.96352,8.84649e+06,3.61194e+06,1.89038e+07,0,0,0,7.74588e+07
78.8058,85.139,1.73062,0.19,0.02,2.61839,3.22319,0,0.490656,6.048,4.2568e+06,2.70226e+06,1.1146e+07,0,0,0,2.85105e+08,61.6924,61.308,2.11292,0,0,2.13695,1.53215,0,1.65095,2.96352,8.84649e+06,3.61194e+06,1.89045e+07,0,0,0,7.74588e+07
77.5564,85.139,1.52818,0.25,0.02,2.69379,3.29859,0,0.490687,6.048,4.2568e+06,2.70226e+06,1.14669e+07,0,0,0,2.85105e+08,61.313,61.308,1.81334,0,0,2.17448,1.56968,0,1.65101,2.96352,8.84649e+06,3.61194e+06,1.92365e+07,0,0,0,7.74588e+07
76.3991,85.139,1.62329,0.24,0.02,2.69396,3.29876,0,0.504816,6.048,4.2568e+06,2.70226e+06,1.14677e+07,0,0,0,2.85105e+08,61.1134,61.308,1.99207,0,0,2.17456,1.56976,0,1.68,2.96352,8.84649e+06,3.61194e+06,1.92372e+07,0,0,0,7.74588e+07
75.1286,85.139,1.4838,0.23,0.02,2.69414,3.29894,0,0.504849,6.048,4.2568e+06,2.70226e+06,1.14684e+07,0,0,0,2.85105e+08,60.6537,61.308,1.94979,0,0,2.17464,1.56984,0,1.68006,2.96352,8.84649e+06,3.61194e+06,1.92379e+07,0,0,0,7.74588e+07
73.7484,85.139,1.36169,0.23,0.02,2.69431,3.29911,0,0.504881,6.048,4.2568e+06,2.70226e+06,1.14691e+07,0,0,0,2.85105e+08,60.2907,61.308,1.71309,0,0,2.17472,1.56992,0,1.68013,2.96352,8.84649e+06,3.61194e+06,1.92387e+07,0,0,0,7.74588e+07
72.1902,85.139,1.34905,0.29,0.02,2.91483,3.51963,0,0.504913,6.048,4.2568e+06,2.70226e+06,1.24078e+07,0,0,0,2.85105e+08,59.748,61.308,1.95412,0,0,2.30998,1.70518,0,1.68019,2.96352,8.84649e+06,3.61194e+06,2.04352e+07,0,0,0,7.74588e+07
70.1662,85.139,0.872218,0.29,0.02,2.91501,3.51981,0,0.546238,6.048,4.2568e+06,2.70226e+06,1.24086e+07,0,0,0,2.85105e+08,59.004,61.308,1.49984,0,0,2.31006,1.70526,0,1.78469,2.96352,8.84649e+06,3.61194e+06,2.0436e+07,0,0,0,7.74588e+07
68.1414,85.139,0.849447,0.29,0.02,2.91519,3.51999,0,0.546273,6.048,4.2568e+06,2.70226e+06,1.24094e+07,0,0,0,2.85105e+08,58.4222,61.308,1.41126,0,0,2.31015,1.70535,0,1.78476,2.96352,8.84649e+06,3.61194e+06,2.04367e+07,0,0,0,7.74588e+07
66.4917,85.139,1.21557,0.28,0.02,2.91538,3.52018,0,0.546307,6.048,4.2568e+06,2.70226e+06,1.24102e+07,0,0,0,2.85105e+08,58.0042,61.308,1.64901,0,0,2.31024,1.70544,0,1.78482,2.96352,8.84649e+06,3.61194e+06,2.04375e+07,0,0,0,7.74588e+07
65.3372,85.139,1.76482,0.3,0.02,2.91556,3.52036,0,0.546342,6.048,4.2568e+06,2.70226e+06,1.2411e+07,0,0,0,2.85105e+08,57.7796,61.308,1.91321,0,0,2.31033,1.70553,0,1.78489,2.96352,8.84649e+06,3.61194e+06,2.04383e+07,0,0,0,7.74588e+07
63.7987,85.139,1.34388,0.3,0.02,2.80833,3.41313,0,0.546377,6.048,4.2568e+06,2.70226e+06,1.19545e+07,0,0,0,2.85105e+08,57.5468,61.308,2.21846,0,0,2.22836,1.62356,0,1.78496,2.96352,8.84649e+06,3.61194e+06,1.97131e+07,0,0,0,7.74588e+07
62.4442,85.139,1.54988,0.3,0.02,2.80851,3.41331,0,0.526281,6.048,4.2568e+06,2.70226e+06,1.19553e+07,0,0,0,2.85105e+08,57.8145,61.308,3.78149,0,0,2.22844,1.62364,0,1.72163,2.96352,8.84649e+06,3.61194e+06,1.97139e+07,0,0,0,7.74588e+07
61.0525,85.139,1.49254,0.3,0.02,2.80869,3.41349,0,0.526315,6.048,4.2568e+06,2.70226e+06,1.1956e+07,0,0,0,2.85105e+08,57.9884,61.308,3.61306,0,0,2.22853,1.62373,0,1.72169,2.96352,8.84649e+06,3.61194e+06,1.97146e+07,0,0,0,7.74588e+07
59.654,85.139,1.46743,0.31,0.02,2.80887,3.41367,0,0.526348,6.048,4.2568e+06,2.70226e+06,1.19568e+07,0,0,0,2.85105e+08,58.3126,61.308,4.28367,0,0,2.22861,1.62381,0,1.72176,2.96352,8.84649e+06,3.61194e+06,1.97154e+07,0,0,0,7.74588e+07
59.2093,85.139,2.54169,0.34,0.02,2.72086,3.32566,0,0.526382,6.048,4.2568e+06,2.70226e+06,1.15821e+07,0,0,0,2.85105e+08,58.7831,61.308,4.74026,0,0,2.15398,1.54918,0,1.72183,2.96352,8.84649e+06,3.61194e+06,1.90552e+07,0,0,0,7.74588e+07
60.8466,85.139,4.61287,0.34,0.02,2.72103,3.32583,0,0.509889,6.048,4.2568e+06,2.70226e+06,1.15829e+07,0,0,0,2.85105e+08,59.2638,61.308,4.52598,0,0,2.15406,1.54926,0,1.66417,2.96352,8.84649e+06,3.61194e+06,1.90559e+07,0,0,0,7.74588e+07
62.5856,85.139,4.65285,0.34,0.02,2.72121,3.32601,0,0.509921,6.048,4.2568e+06,2.70226e+06,1.15836e+07,0,0,0,2.85105e+08,59.738,61.308,4.40466,0,0,2.15414,1.54934,0,1.66423,2.96352,8.84649e+06,3.61194e+06,1.90566e+07,0,0,0,7.74588e+07
62.9972,85.139,3.47903,0.31,0.02,2.72138,3.32618,0,0.509954,6.048,4.2568e+06,2.70226e+06,1.15844e+07,0,0,0,2.85105e+08,59.8873,61.308,3.18214,0,0,2.15422,1.54942,0,1.66429,2.96352,8.84649e+06,3.61194e+06,1.90573e+07,0,0,0,7.74588e+07
66.0004,85.139,5.94347,0.31,0.02,2.47104,3.07584,0,0.509987,6.048,4.2568e+06,2.70226e+06,1.05187e+07,0,0,0,2.85105e+08,60.4634,61.308,4.51956,0,0,1.99866,1.39386,0,1.66435,2.96352,8.84649e+06,3.61194e+06,1.76811e+07,0,0,0,7.74588e+07
69.8716,85.139,6.77992,0.32,0.02,2.4712,3.076,0,0.463073,6.048,4.2568e+06,2.70226e+06,1.05194e+07,0,0,0,2.85105e+08,61.4919,61.308,6.00788,0,0,1.99874,1.39394,0,1.54417,2.96352,8.84649e+06,3.61194e+06,1.76818e+07,0,0,0,7.74588e+07
72.0775,85.139,5.12359,0.3,0.02,2.47136,3.07616,0,0.463103,6.048,4.2568e+06,2.70226e+06,1.05201e+07,0,0,0,2.85105e+08,62.2579,61.308,5.24489,0,0,1.99881,1.39401,0,1.54422,2.96352,8.84649e+06,3.61194e+06,1.76824e+07,0,0,0,7.74588e+07
74.0289,85.139,4.96707,0.3,0.02,2.47153,3.07633,0,0.463134,6.048,4.2568e+06,2.70226e+06,1.05208e+07,0,0,0,2.85105e+08,62.3362,61.308,5.85227,0,0,1.99888,1.39408,0,1.54428,2.96352,8.84649e+06,3.61194e+06,1.76831e+07,0,0,0,7.74588e+07
77.3693,85.139,6.2806,0.28,0.02,2.47169,3.07649,0,0.463164,6.048,4.2568e+06,2.70226e+06,1.05215e+07,0,0,0,2.85105e+08,62.3362,61.308,6.93197,0,0,1.99896,1.39416,0,1.54434,2.96352,8.84649e+06,3.61194e+06,1.76837e+07,0,0,0,7.74588e+07
79.5899,85.139,5.41269,0.28,0.02,2.47169,3.07649,0,0.463194,6.048,4.2568e+06,2.70226e+06,1.05215e+07,0,0,0,2.85105e+08,62.3362,61.308,5.31857,0,0,1.99896,1.39416,0,1.54439,2.96352,8.84649e+06,3.61194e+06,1.76837e+07,0,0,0,7.74588e+07
81.0527,110.355,4.64525,0.3,0.02,2.56822,3.17302,0,0.463194,6.048,4.2568e+06,2.70226e+06,1.09324e+07,0,0,0,2.85105e+08,62.3362,61.308,4.07069,0,0,2.04411,1.43931,0,1.54439,2.96352,8.84649e+06,3.61194e+06,1.80832e+07,0,0,0,7.74588e+07
82.1293,110.355,4.23797,0.3,0.02,2.56837,3.17317,0,0.481285,6.048,4.2568e+06,2.70226e+06,1.0933e+07,0,0,0,2.85105e+08,62.3358,61.308,3.01787,0,0,2.04417,1.43937,0,1.57928,2.96352,8.84649e+06,3.61194e+06,1.80837e+07,0,0,0,7.74588e+07
83.3784,110.355,4.51703,0.32,0.02,2.56851,3.17331,0,0.481312,6.048,4.2568e+06,2.70226e+06,1.09336e+07,0,0,0,2.85105e+08,62.3362,61.308,3.21331,0,0,2.04424,1.43944,0,1.57933,2.96352,8.84649e+06,3.61194e+06,1.80843e+07,0,0,0,7.74588e+07
83.9121,110.355,3.68465,0.33,0.02,2.56866,3.17346,0,0.481339,6.048,4.2568e+06,2.70226e+06,1.09343e+07,0,0,0,2.85105e+08,62.3362,61.308,2.99249,0,0,2.0443,1.4395,0,1.57938,2.96352,8.84649e+06,3.61194e+06,1.80849e+07,0,0,0,7.74588e+07
84.7453,110.355,4.28693,0.35,0.02,2.87835,3.48315,0,0.481367,6.048,4.2568e+06,2.70226e+06,1.22525e+07,0,0,0,2.85105e+08,62.2681,61.308,2.6203,0,0,2.21363,1.60883,0,1.57943,2.96352,8.84649e+06,3.61194e+06,1.95829e+07,0,0,0,7.74588e+07
85.0509,110.355,3.73788,0.3,0.02,2.87851,3.48331,0,0.539403,6.048,4.2568e+06,2.70226e+06,1.22532e+07,0,0,0,2.85105e+08,62.2368,61.308,2.69228,0,0,2.21371,1.60891,0,1.71025,2.96352,8.84649e+06,3.61194e+06,1.95835e+07,0,0,0,7.74588e+07
85.8441,110.355,4.21121,0.3,0.02,2.87867,3.48347,0,0.539433,6.048,4.2568e+06,2.70226e+06,1.22539e+07,0,0,0,2.85105e+08,62.2089,61.308,2.86276,0,0,2.21378,1.60898,0,1.71031,2.96352,8.84649e+06,3.61194e+06,1.95842e+07,0,0,0,7.74588e+07
86.5642,110.355,4.27043,0.31,0.02,2.87883,3.48363,0,0.539463,6.048,4.2568e+06,2.70226e+06,1.22546e+07,0,0,0,2.85105e+08,62.3362,61.308,3.46425,0,0,2.21385,1.60905,0,1.71037,2.96352,8.84649e+06,3.61194e+06,1.95848e+07,0,0,0,7.74588e+07
91.1047,110.355,7.89239,0.32,0.02,2.4374,3.0422,0,0.539492,6.048,4.2568e+06,2.70226e+06,1.03755e+07,0,0,0,2.85105e+08,62.3362,61.308,6.6519,0,0,1.98673,1.38193,0,1.71042,2.96352,8.84649e+06,3.61194e+06,1.75756e+07,0,0,0,7.74588e+07
94.7957,110.355,7.01245,0.3,0.02,2.43754,3.04234,0,0.456768,6.048,4.2568e+06,2.70226e+06,1.03761e+07,0,0,0,2.85105e+08,62.3362,61.308,4.39517,0,0,1.9868,1.382,0,1.53495,2.96352,8.84649e+06,3.61194e+06,1.75762e+07,0,0,0,7.74588e+07
96.4536,110.355,5.01626,0.31,0.02,2.43767,3.04247,0,0.456794,6.048,4.2568e+06,2.70226e+06,1.03767e+07,0,0,0,2.85105e+08,62.3362,61.308,3.48386,0,0,1.98686,1.38206,0,1.535,2.96352,8.84649e+06,3.61194e+06,1.75767e+07,0,0,0,7.74588e+07
97.6826,110.355,4.48147,0.26,0.02,2.43781,3.04261,0,0.45682,6.048,4.2568e+06,2.70226e+06,1.03773e+07,0,0,0,2.85105e+08,62.1913,61.308,2.57414,0,0,1.98692,1.38212,0,1.53505,2.96352,8.84649e+06,3.61194e+06,1.75773e+07,0,0,0,7.74588e+07
103.611,110.355,9.40445,0.27,0.02,2.43795,3.04275,0,0.456846,6.048,4.2568e+06,2.70226e+06,1.03779e+07,0,0,0,2.85105e+08,62.3362,61.308,6.23182,0,0,1.98699,1.38219,0,1.5351,2.96352,8.84649e+06,3.61194e+06,1.75778e+07,0,0,0,7.74588e+07
106.738,110.355,6.65201,0.17,0.02,2.54927,3.15407,0,0.456872,6.048,4.2568e+06,2.70226e+06,1.08517e+07,0,0,0,2.85105e+08,62.3362,61.308,4.15763,0,0,2.04264,1.43784,0,1.53515,2.96352,8.84649e+06,3.61194e+06,1.80702e+07,0,0,0,7.74588e+07
109.162,110.355,5.94804,0.17,0.02,2.54942,3.15422,0,0.477734,6.048,4.2568e+06,2.70226e+06,1.08523e+07,0,0,0,2.85105e+08,62.3018,61.308,3.58737,0,0,2.04271,1.43791,0,1.57815,2.96352,8.84649e+06,3.61194e+06,1.80708e+07,0,0,0,7.74588e+07
110.355,110.355,5.48597,0.07,0.02,2.54956,3.15436,0,0.477761,6.048,4.2568e+06,2.70226e+06,1.0853e+07,0,0,0,2.85105e+08,62.3362,61.308,4.03436,0,0,2.04277,1.43797,0,1.5782,2.96352,8.84649e+06,3.61194e+06,1.80714e+07,0,0,0,7.74588e+07
110.355,110.355,4.87008,0.06,0.02,2.54971,3.15451,0,0.477788,6.048,4.2568e+06,2.70226e+06,1.08536e+07,0,0,0,2.85105e+08,62.2286,61.308,3.21007,0,0,2.04284,1.43804,0,1.57825,2.96352,8.84649e+06,3.61194e+06,1.8072e+07,0,0,0,7.74588e+07
110.355,110.355,4.3407,0.06,0.02,2.50637,3.11117,0,0.477815,6.048,4.2568e+06,2.70226e+06,1.06691e+07,0,0,0,2.85105e+08,62.0166,61.308,2.69218,0,0,2.02131,1.41651,0,1.5783,2.96352,8.84649e+06,3.61194e+06,1.78815e+07,0,0,0,7.74588e+07
110.355,110.355,3.53315,0.05,0.02,2.50651,3.11131,0,0.469694,6.048,4.2568e+06,2.70226e+06,1.06697e+07,0,0,0,2.85105e+08,61.6787,61.308,2.44021,0,0,2.02137,1.41657,0,1.56166,2.96352,8.84649e+06,3.61194e+06,1.78821e+07,0,0,0,7.74588e+07
110.355,110.355,3.16381,0.04,0.02,2.50666,3.11146,0,0.469721,6.048,4.2568e+06,2.70226e+06,1.06703e+07,0,0,0,2.85105e+08,61.3035,61.308,1.87785,0,0,2.02144,1.41664,0,1.56171,2.96352,8.84649e+06,3.61194e+06,1.78826e+07,0,0,0,7.74588e+07
110.355,110.355,3.79873,0.03,0.02,2.5068,3.1116,0,0.469748,6.048,4.2568e+06,2.70226e+06,1.06709e+07,0,0,0,2.85105e+08,61.0235,61.308,2.03377,0,0,2.0215,1.4167,0,1.56176,2.96352,8.84649e+06,3.61194e+06,1.78832e+07,0,0,0,7.74588e+07
110.355,110.355,3.43722,0.02,0.02,2.65455,3.25935,0,0.469774,6.048,4.2568e+06,2.70226e+06,1.12999e+07,0,0,0,2.85105e+08,60.9494,61.308,2.70426,0,0,2.09817,1.49337,0,1.56181,2.96352,8.84649e+06,3.61194e+06,1.85614e+07,0,0,0,7.74588e+07
110.355,110.355,3.13221,0.02,0.02,2.6547,3.2595,0,0.497463,6.048,4.2568e+06,2.70226e+06,1.13005e+07,0,0,0,2.85105e+08,60.733,61.308,2.37327,0,0,2.09824,1.49344,0,1.62104,2.96352,8.84649e+06,3.61194e+06,1.8562e+07,0,0,0,7.74588e+07
110.17,110.355,2.87875,0.02,0.02,2.65485,3.25965,0,0.497491,6.048,4.2568e+06,2.70226e+06,1.13012e+07,0,0,0,2.85105e+08,60.3863,61.308,1.99294,0,0,2.0983,1.4935,0,1.6211,2.96352,8.84649e+06,3.61194e+06,1.85626e+07,0,0,0,7.74588e+07
109.917,110.355,2.8006,0.03,0.02,2.655,3.2598,0,0.497519,6.048,4.2568e+06,2.70226e+06,1.13018e+07,0,0,0,2.85105e+08,59.8861,61.308,1.83416,0,0,2.09837,1.49357,0,1.62115,2.96352,8.84649e+06,3.61194e+06,1.85632e+07,0,0,0,7.74588e+07
109.307,110.355,2.35234,0.03,0.02,2.65515,3.25995,0,0.497547,6.048,4.2568e+06,2.70226e+06,1.13024e+07,0,0,0,2.85105e+08,59.3401,61.308,1.80009,0,0,2.09844,1.49364,0,1.6212,2.96352,8.84649e+06,3.61194e+06,1.85638e+07,0,0,0,7.74588e+07
108.567,110.355,2.18354,0.03,0.02,2.6261,3.2309,0,0.497575,6.048,4.2568e+06,2.70226e+06,1.11788e+07,0,0,0,2.85105e+08,58.8289,61.308,1.69553,0,0,2.14062,1.53582,0,1.62126,2.96352,8.84649e+06,3.61194e+06,1.8937e+07,0,0,0,7.74588e+07
107.645,110.355,1.99844,0.04,0.02,2.62625,3.23105,0,0.492131,6.048,4.2568e+06,2.70226e+06,1.11794e+07,0,0,0,2.85105e+08,58.1638,61.308,1.69231,0,0,2.14069,1.53589,0,1.65384,2.96352,8.84649e+06,3.61194e+06,1.89376e+07,0,0,0,7.74588e+07
106.548,110.355,1.8073,0.04,0.02,2.6264,3.2312,0,0.492159,6.048,4.2568e+06,2.70226e+06,1.118e+07,0,0,0,2.85105e+08,57.4319,61.308,1.50762,0,0,2.14076,1.53596,0,1.6539,2.96352,8.84649e+06,3.61194e+06,1.89382e+07,0,0,0,7.74588e+07
105.434,110.355,1.73277,0.07,0.02,2.62655,3.23135,0,0.492187,6.048,4.2568e+06,2.70226e+06,1.11807e+07,0,0,0,2.85105e+08,56.7629,61.308,1.44633,0,0,2.14083,1.53603,0,1.65395,2.96352,8.84649e+06,3.61194e+06,1.89388e+07,0,0,0,7.74588e+07
104.545,110.355,2.01887,0.07,0.02,2.70211,3.30691,0,0.492215,6.048,4.2568e+06,2.70226e+06,1.15023e+07,0,0,0,2.85105e+08,56.2977,61.308,1.69055,0,0,2.17843,1.57363,0,1.654,2.96352,8.84649e+06,3.61194e+06,1.92715e+07,0,0,0,7.74588e+07
103.529,110.355,1.86969,0.07,0.02,2.70226,3.30706,0,0.506375,6.048,4.2568e+06,2.70226e+06,1.1503e+07,0,0,0,2.85105e+08,55.6445,61.308,1.71486,0,0,2.17851,1.57371,0,1.68306,2.96352,8.84649e+06,3.61194e+06,1.92721e+07,0,0,0,7.74588e+07
102.383,110.355,1.73214,0.07,0.02,2.70241,3.30721,0,0.506404,6.048,4.2568e+06,2.70226e+06,1.15036e+07,0,0,0,2.85105e+08,55.1082,61.308,1.52861,0,0,2.17858,1.57378,0,1.68311,2.96352,8.84649e+06,3.61194e+06,1.92728e+07,0,0,0,7.74588e+07
101.286,110.355,1.76368,0.08,0.02,2.70256,3.30736,0,0.506432,6.048,4.2568e+06,2.70226e+06,1.15043e+07,0,0,0,2.85105e+08,54.5044,61.308,1.72451,0,0,2.17865,1.57385,0,1.68317,2.96352,8.84649e+06,3.61194e+06,1.92734e+07,0,0,0,7.74588e+07
100.32,110.355,2.09299,0.13,0.02,2.92361,3.52841,0,0.506461,6.048,4.2568e+06,2.70226e+06,1.24452e+07,0,0,0,2.85105e+08,53.9534,61.308,1.71043,0,0,2.31423,1.70943,0,1.68323,2.96352,8.84649e+06,3.61194e+06,2.04728e+07,0,0,0,7.74588e+07
99.1897,110.355,1.9236,0.13,0.02,2.92377,3.52857,0,0.547885,6.048,4.2568e+06,2.70226e+06,1.24459e+07,0,0,0,2.85105e+08,53.4815,61.308,1.60952,0,0,2.31431,1.70951,0,1.78797,2.96352,8.84649e+06,3.61194e+06,2.04735e+07,0,0,0,7.74588e+07
98.4363,110.355,2.29593,0.13,0.02,2.92393,3.52873,0,0.547915,6.048,4.2568e+06,2.70226e+06,1.24466e+07,0,0,0,2.85105e+08,52.987,61.308,1.70725,0,0,2.31439,1.70959,0,1.78804,2.96352,8.84649e+06,3.61194e+06,2.04742e+07,0,0,0,7.74588e+07
97.419,110.355,2.02281,0.13,0.02,2.9241,3.5289,0,0.547945,6.048,4.2568e+06,2.70226e+06,1.24473e+07,0,0,0,2.85105e+08,52.4241,61.308,1.67151,0,0,2.31447,1.70967,0,1.7881,2.96352,8.84649e+06,3.61194e+06,2.04749e+07,0,0,0,7.74588e+07
96.1544,110.355,1.83673,0.14,0.02,2.92426,3.52906,0,0.547975,6.048,4.2568e+06,2.70226e+06,1.2448e+07,0,0,0,2.85105e+08,52.0687,61.308,1.58203,0,0,2.31454,1.70974,0,1.78816,2.96352,8.84649e+06,3.61194e+06,2.04756e+07,0,0,0,7.74588e+07
94.9717,110.355,1.83519,0.13,0.02,2.81674,3.42154,0,0.548006,6.048,4.2568e+06,2.70226e+06,1.19903e+07,0,0,0,2.85105e+08,51.5952,61.308,1.90967,0,0,2.23236,1.62756,0,1.78822,2.96352,8.84649e+06,3.61194e+06,1.97485e+07,0,0,0,7.74588e+07
93.6354,110.355,1.66552,0.17,0.02,2.81689,3.42169,0,0.527857,6.048,4.2568e+06,2.70226e+06,1.19909e+07,0,0,0,2.85105e+08,51.242,61.308,1.4956,0,0,2.23243,1.62763,0,1.72472,2.96352,8.84649e+06,3.61194e+06,1.97492e+07,0,0,0,7.74588e+07
92.883,110.355,2.34312,0.17,0.02,2.81705,3.42185,0,0.527886,6.048,4.2568e+06,2.70226e+06,1.19916e+07,0,0,0,2.85105e+08,51.1816,61.308,2.46826,0,0,2.2325,1.6277,0,1.72478,2.96352,8.84649e+06,3.61194e+06,1.97498e+07,0,0,0,7.74588e+07
92.5896,110.355,2.96945,0.17,0.02,2.81721,3.42201,0,0.527915,6.048,4.2568e+06,2.70226e+06,1.19923e+07,0,0,0,2.85105e+08,51.1875,61.308,2.69518,0,0,2.23258,1.62778,0,1.72483,2.96352,8.84649e+06,3.61194e+06,1.97505e+07,0,0,0,7.74588e+07
91.9867,110.355,2.58152,0.18,0.02,2.72896,3.33376,0,0.527945,6.048,4.2568e+06,2.70226e+06,1.16166e+07,0,0,0,2.85105e+08,51.308,61.308,3.30066,0,0,2.15776,1.55296,0,1.72489,2.96352,8.84649e+06,3.61194e+06,1.90886e+07,0,0,0,7.74588e+07
91.2059,110.355,2.41402,0.18,0.02,2.72911,3.33391,0,0.511407,6.048,4.2568e+06,2.70226e+06,1.16173e+07,0,0,0,2.85105e+08,51.1955,61.308,2.00261,0,0,2.15783,1.55303,0,1.66708,2.96352,8.84649e+06,3.61194e+06,1.90892e+07,0,0,0,7.74588e+07
90.6788,110.355,2.60351,0.18,0.02,2.72927,3.33407,0,0.511436,6.048,4.2568e+06,2.70226e+06,1.16179e+07,0,0,0,2.85105e+08,51.0472,61.308,2.3224,0,0,2.1579,1.5531,0,1.66714,2.96352,8.84649e+06,3.61194e+06,1.90898e+07,0,0,0,7.74588e+07
89.9721,110.355,2.43024,0.2,0.02,2.72942,3.33422,0,0.511465,6.048,4.2568e+06,2.70226e+06,1.16186e+07,0,0,0,2.85105e+08,51.0646,61.308,2.56457,0,0,2.15797,1.55317,0,1.66719,2.96352,8.84649e+06,3.61194e+06,1.90905e+07,0,0,0,7.74588e+07
88.4621,110.355,1.47326,0.22,0.02,2.47846,3.08326,0,0.511493,6.048,4.2568e+06,2.70226e+06,1.05503e+07,0,0,0,2.85105e+08,51.7998,61.308,3.61269,0,0,2.00202,1.39722,0,1.66725,2.96352,8.84649e+06,3.61194e+06,1.77109e+07,0,0,0,7.74588e+07
87.3699,110.355,1.96326,0.23,0.02,2.4786,3.0834,0,0.464463,6.048,4.2568e+06,2.70226e+06,1.05509e+07,0,0,0,2.85105e+08,52.8874,61.308,4.80571,0,0,2.00209,1.39729,0,1.54676,2.96352,8.84649e+06,3.61194e+06,1.77114e+07,0,0,0,7.74588e+07
86.1494,110.355,1.81809,0.24,0.02,2.47874,3.08354,0,0.464489,6.048,4.2568e+06,2.70226e+06,1.05515e+07,0,0,0,2.85105e+08,53.7336,61.308,4.03228,0,0,2.00215,1.39735,0,1.54681,2.96352,8.84649e+06,3.61194e+06,1.7712e+07,0,0,0,7.74588e+07
84.9633,110.355,1.81222,0.24,0.02,2.47888,3.08368,0,0.464516,6.048,4.2568e+06,2.70226e+06,1.05521e+07,0,0,0,2.85105e+08,54.5078,61.308,3.73399,0,0,2.00221,1.39741,0,1.54686,2.96352,8.84649e+06,3.61194e+06,1.77126e+07,0,0,0,7.74588e+07
83.7696,110.355,1.77222,0.24,0.02,2.47902,3.08382,0,0.464542,6.048,4.2568e+06,2.70226e+06,1.05527e+07,0,0,0,2.85105e+08,55.0835,61.308,3.71716,0,0,2.00228,1.39748,0,1.54691,2.96352,8.84649e+06,3.61194e+06,1.77131e+07,0,0,0,7.74588e+07
83.1545,110.355,2.53569,0.3,0.02,2.57577,3.18057,0,0.464568,6.048,4.2568e+06,2.70226e+06,1.09645e+07,0,0,0,2.85105e+08,55.0954,61.308,3.01514,0,0,2.04753,1.44273,0,1.54696,2.96352,8.84649e+06,3.61194e+06,1.81134e+07,0,0,0,7.74588e+07
83.3603,110.355,3.39996,0.3,0.02,2.57589,3.18069,0,0.482699,6.048,4.2568e+06,2.70226e+06,1.0965e+07,0,0,0,2.85105e+08,55.5571,61.308,3.84744,0,0,2.04758,1.44278,0,1.58192,2.96352,8.84649e+06,3.61194e+06,1.81139e+07,0,0,0,7.74588e+07
87.2792,110.355,7.14233,0.31,0.02,2.57602,3.18082,0,0.482722,6.048,4.2568e+06,2.70226e+06,1.09656e+07,0,0,0,2.85105e+08,56.3849,61.308,5.09131,0,0,2.04764,1.44284,0,1.58196,2.96352,8.84649e+06,3.61194e+06,1.81144e+07,0,0,0,7.74588e+07
93.6833,110.355,9.9841,0.28,0.02,2.57614,3.18094,0,0.482746,6.048,4.2568e+06,2.70226e+06,1.09661e+07,0,0,0,2.85105e+08,57.46,61.308,6.01865,0,0,2.0477,1.4429,0,1.58201,2.96352,8.84649e+06,3.61194e+06,1.81149e+07,0,0,0,7.74588e+07
94.455,110.355,4.49029,0.24,0.02,2.88654,3.49134,0,0.482769,6.048,4.2568e+06,2.70226e+06,1.22874e+07,0,0,0,2.85105e+08,57.3589,61.308,2.1704,0,0,2.21742,1.61262,0,1.58205,2.96352,8.84649e+06,3.61194e+06,1.96163e+07,0,0,0,7.74588e+07
94.4644,110.355,3.77595,0.26,0.02,2.88668,3.49148,0,0.540938,6.048,4.2568e+06,2.70226e+06,1.2288e+07,0,0,0,2.85105e+08,57.3202,61.308,2.41351,0,0,2.21748,1.61268,0,1.71318,2.96352,8.84649e+06,3.61194e+06,1.96169e+07,0,0,0,7.74588e+07
97.7997,110.355,7.18164,0.26,0.02,2.88682,3.49162,0,0.540964,6.048,4.2568e+06,2.70226e+06,1.22886e+07,0,0,0,2.85105e+08,57.8207,61.308,4.54116,0,0,2.21754,1.61274,0,1.71322,2.96352,8.84649e+06,3.61194e+06,1.96175e+07,0,0,0,7.74588e+07
102.572,110.355,8.70793,0.2,0.02,2.88695,3.49175,0,0.540989,6.048,4.2568e+06,2.70226e+06,1.22892e+07,0,0,0,2.85105e+08,58.6616,61.308,6.49266,0,0,2.21761,1.61281,0,1.71327,2.96352,8.84649e+06,3.61194e+06,1.9618e+07,0,0,0,7.74588e+07
103.812,110.355,4.64228,0.15,0.02,2.44447,3.04927,0,0.541015,6.048,4.2568e+06,2.70226e+06,1.04056e+07,0,0,0,2.85105e+08,58.8187,61.308,2.81726,0,0,1.98995,1.38515,0,1.71332,2.96352,8.84649e+06,3.61194e+06,1.7604e+07,0,0,0,7.74588e+07
106.336,110.355,5.94648,0.17,0.02,2.44459,3.04939,0,0.458094,6.048,4.2568e+06,2.70226e+06,1.04061e+07,0,0,0,2.85105e+08,59.4213,61.308,4.07898,0,0,1.99,1.3852,0,1.53743,2.96352,8.84649e+06,3.61194e+06,1.76045e+07,0,0,0,7.74588e+07
107.346,110.355,4.40929,0.19,0.02,2.44471,3.04951,0,0.458117,6.048,4.2568e+06,2.70226e+06,1.04066e+07,0,0,0,2.85105e+08,59.8579,61.308,3.92047,0,0,1.99006,1.38526,0,1.53747,2.96352,8.84649e+06,3.61194e+06,1.7605e+07,0,0,0,7.74588e+07
110.355,110.355,8.93683,0.12,0.02,2.44483,3.04963,0,0.458139,6.048,4.2568e+06,2.70226e+06,1.04071e+07,0,0,0,2.85105e+08,61.1369,61.308,6.53906,0,0,1.99011,1.38531,0,1.53752,2.96352,8.84649e+06,3.61194e+06,1.76055e+07,0,0,0,7.74588e+07
110.355,110.355,5.33655,0.09,0.02,2.44495,3.04975,0,0.458161,6.048,4.2568e+06,2.70226e+06,1.04077e+07,0,0,0,2.85105e+08,62.3362,61.308,8.02136,0,0,1.99016,1.38536,0,1.53756,2.96352,8.84649e+06,3.61194e+06,1.7606e+07,0,0,0,7.74588e+07
110.355,110.355,7.84057,0.09,0.02,2.55651,3.16131,0,0.458184,6.048,4.2568e+06,2.70226e+06,1.08825e+07,0,0,0,2.85105e+08,62.3362,61.308,8.97186,0,0,2.04594,1.44114,0,1.5376,2.96352,8.84649e+06,3.61194e+06,1.80994e+07,0,0,0,7.74588e+07
110.355,110.355,5.53799,0.09,0.02,2.55663,3.16143,0,0.47909,6.048,4.2568e+06,2.70226e+06,1.08831e+07,0,0,0,2.85105e+08,62.3362,61.308,6.00387,0,0,2.046,1.4412,0,1.58069,2.96352,8.84649e+06,3.61194e+06,1.80999e+07,0,0,0,7.74588e+07
110.355,110.355,4.83907,0.07,0.02,2.55676,3.16156,0,0.479113,6.048,4.2568e+06,2.70226e+06,1.08836e+07,0,0,0,2.85105e+08,62.3362,61.308,5.80186,0,0,2.04605,1.44125,0,1.58074,2.96352,8.84649e+06,3.61194e+06,1.81004e+07,0,0,0,7.74588e+07
110.355,110.355,4.41618,0.06,0.02,2.55688,3.16168,0,0.479136,6.048,4.2568e+06,2.70226e+06,1.08841e+07,0,0,0,2.85105e+08,62.3362,61.308,5.30411,0,0,2.04611,1.44131,0,1.58078,2.96352,8.84649e+06,3.61194e+06,1.81009e+07,0,0,0,7.74588e+07
110.355,110.355,3.82907,0.06,0.02,2.51343,3.11823,0,0.479159,6.048,4.2568e+06,2.70226e+06,1.06991e+07,0,0,0,2.85105e+08,62.3362,61.308,3.61397,0,0,2.02452,1.41972,0,1.58082,2.96352,8.84649e+06,3.61194e+06,1.79099e+07,0,0,0,7.74588e+07
110.355,110.355,3.82063,0.05,0.02,2.51355,3.11835,0,0.471016,6.048,4.2568e+06,2.70226e+06,1.06997e+07,0,0,0,2.85105e+08,62.3362,61.308,3.57286,0,0,2.02458,1.41978,0,1.56415,2.96352,8.84649e+06,3.61194e+06,1.79104e+07,0,0,0,7.74588e+07
110.355,110.355,3.28359,0.04,0.02,2.51367,3.11847,0,0.471039,6.048,4.2568e+06,2.70226e+06,1.07002e+07,0,0,0,2.85105e+08,62.3362,61.308,3.38047,0,0,2.02463,1.41983,0,1.56419,2.96352,8.84649e+06,3.61194e+06,1.79109e+07,0,0,0,7.74588e+07
110.355,110.355,3.18301,0.03,0.02,2.5138,3.1186,0,0.471062,6.048,4.2568e+06,2.70226e+06,1.07007e+07,0,0,0,2.85105e+08,62.3362,61.308,3.51442,0,0,2.02469,1.41989,0,1.56423,2.96352,8.84649e+06,3.61194e+06,1.79114e+07,0,0,0,7.74588e+07
110.355,110.355,3.61913,0.02,0.02,2.66186,3.26666,0,0.471085,6.048,4.2568e+06,2.70226e+06,1.1331e+07,0,0,0,2.85105e+08,62.3362,61.308,3.15716,0,0,2.10152,1.49672,0,1.56428,2.96352,8.84649e+06,3.61194e+06,1.8591e+07,0,0,0,7.74588e+07
110.346,110.355,3.15102,0.02,0.02,2.66199,3.26679,0,0.498833,6.048,4.2568e+06,2.70226e+06,1.13315e+07,0,0,0,2.85105e+08,62.3362,61.308,3.08291,0,0,2.10157,1.49677,0,1.62363,2.96352,8.84649e+06,3.61194e+06,1.85916e+07,0,0,0,7.74588e+07
110.06,110.355,2.8596,0.02,0.02,2.66212,3.26692,0,0.498857,6.048,4.2568e+06,2.70226e+06,1.13321e+07,0,0,0,2.85105e+08,62.3362,61.308,2.72488,0,0,2.10163,1.49683,0,1.62368,2.96352,8.84649e+06,3.61194e+06,1.85921e+07,0,0,0,7.74588e+07
109.657,110.355,2.68529,0.03,0.02,2.66225,3.26705,0,0.498881,6.048,4.2568e+06,2.70226e+06,1.13326e+07,0,0,0,2.85105e+08,62.3362,61.308,2.53513,0,0,2.10169,1.49689,0,1.62372,2.96352,8.84649e+06,3.61194e+06,1.85926e+07,0,0,0,7.74588e+07
108.738,110.355,2.13783,0.03,0.02,2.66238,3.26718,0,0.498905,6.048,4.2568e+06,2.70226e+06,1.13332e+07,0,0,0,2.85105e+08,62.3216,61.308,2.3524,0,0,2.10175,1.49695,0,1.62377,2.96352,8.84649e+06,3.61194e+06,1.85931e+07,0,0,0,7.74588e+07
107.529,110.355,1.80961,0.03,0.02,2.63324,3.23804,0,0.498929,6.048,4.2568e+06,2.70226e+06,1.12092e+07,0,0,0,2.85105e+08,62.2977,61.308,2.3369,0,0,2.14401,1.53921,0,1.62381,2.96352,8.84649e+06,3.61194e+06,1.8967e+07,0,0,0,7.74588e+07
106.172,110.355,1.65132,0.04,0.02,2.63337,3.23817,0,0.493469,6.048,4.2568e+06,2.70226e+06,1.12097e+07,0,0,0,2.85105e+08,62.2271,61.308,2.14376,0,0,2.14407,1.53927,0,1.65646,2.96352,8.84649e+06,3.61194e+06,1.89675e+07,0,0,0,7.74588e+07
104.708,110.355,1.50758,0.07,0.02,2.6335,3.2383,0,0.493493,6.048,4.2568e+06,2.70226e+06,1.12103e+07,0,0,0,2.85105e+08,62.0544,61.308,2.05004,0,0,2.14413,1.53933,0,1.65651,2.96352,8.84649e+06,3.61194e+06,1.8968e+07,0,0,0,7.74588e+07
103.219,110.355,1.42886,0.07,0.02,2.63362,3.23842,0,0.493517,6.048,4.2568e+06,2.70226e+06,1.12108e+07,0,0,0,2.85105e+08,61.7159,61.308,1.93726,0,0,2.14419,1.53939,0,1.65656,2.96352,8.84649e+06,3.61194e+06,1.89686e+07,0,0,0,7.74588e+07
101.556,110.355,1.31719,0.07,0.02,2.70933,3.31413,0,0.493541,6.048,4.2568e+06,2.70226e+06,1.15331e+07,0,0,0,2.85105e+08,61.2736,61.308,1.83988,0,0,2.18187,1.57707,0,1.6566,2.96352,8.84649e+06,3.61194e+06,1.93019e+07,0,0,0,7.74588e+07
99.797,110.355,1.20751,0.07,0.02,2.70946,3.31426,0,0.507729,6.048,4.2568e+06,2.70226e+06,1.15336e+07,0,0,0,2.85105e+08,60.707,61.308,1.77942,0,0,2.18193,1.57713,0,1.68571,2.96352,8.84649e+06,3.61194e+06,1.93025e+07,0,0,0,7.74588e+07
97.9408,110.355,1.09676,0.12,0.02,2.70959,3.31439,0,0.507753,6.048,4.2568e+06,2.70226e+06,1.15342e+07,0,0,0,2.85105e+08,60.0979,61.308,1.63181,0,0,2.182,1.5772,0,1.68576,2.96352,8.84649e+06,3.61194e+06,1.9303e+07,0,0,0,7.74588e+07
95.9896,110.355,0.966014,0.13,0.02,2.70972,3.31452,0,0.507778,6.048,4.2568e+06,2.70226e+06,1.15347e+07,0,0,0,2.85105e+08,59.1003,61.308,1.61076,0,0,2.18206,1.57726,0,1.68581,2.96352,8.84649e+06,3.61194e+06,1.93035e+07,0,0,0,7.74588e+07
93.6033,110.355,0.706304,0.14,0.02,2.93123,3.53603,0,0.507802,6.048,4.2568e+06,2.70226e+06,1.24776e+07,0,0,0,2.85105e+08,57.8626,61.308,1.09825,0,0,2.31792,1.71312,0,1.68586,2.96352,8.84649e+06,3.61194e+06,2.05055e+07,0,0,0,7.74588e+07
91.1434,110.355,0.610202,0.17,0.02,2.93136,3.53616,0,0.549312,6.048,4.2568e+06,2.70226e+06,1.24782e+07,0,0,0,2.85105e+08,56.6036,61.308,0.942957,0,0,2.31799,1.71319,0,1.79083,2.96352,8.84649e+06,3.61194e+06,2.05061e+07,0,0,0,7.74588e+07
88.7634,110.355,0.676199,0.16,0.02,2.9315,3.5363,0,0.549338,6.048,4.2568e+06,2.70226e+06,1.24788e+07,0,0,0,2.85105e+08,55.4842,61.308,0.968484,0,0,2.31806,1.71326,0,1.79088,2.96352,8.84649e+06,3.61194e+06,2.05066e+07,0,0,0,7.74588e+07
86.7398,110.355,1.08572,0.19,0.02,2.93164,3.53644,0,0.549364,6.048,4.2568e+06,2.70226e+06,1.24794e+07,0,0,0,2.85105e+08,54.5502,61.308,1.18189,0,0,2.31812,1.71332,0,1.79093,2.96352,8.84649e+06,3.61194e+06,2.05072e+07,0,0,0,7.74588e+07
85.1731,110.355,1.59998,0.2,0.02,2.93178,3.53658,0,0.54939,6.048,4.2568e+06,2.70226e+06,1.248e+07,0,0,0,2.85105e+08,54.439,61.308,1.66217,0,0,2.31819,1.71339,0,1.79098,2.96352,8.84649e+06,3.61194e+06,2.05078e+07,0,0,0,7.74588e+07
83.4593,110.355,1.38594,0.19,0.02,2.82401,3.42881,0,0.549416,6.048,4.2568e+06,2.70226e+06,1.20212e+07,0,0,0,2.85105e+08,54.746,61.308,2.90357,0,0,2.23582,1.63102,0,1.79103,2.96352,8.84649e+06,3.61194e+06,1.97791e+07,0,0,0,7.74588e+07
81.6597,110.355,1.22909,0.23,0.02,2.82415,3.42895,0,0.52922,6.048,4.2568e+06,2.70226e+06,1.20218e+07,0,0,0,2.85105e+08,54.2653,61.308,1.94705,0,0,2.23588,1.63108,0,1.72739,2.96352,8.84649e+06,3.61194e+06,1.97797e+07,0,0,0,7.74588e+07
79.6626,110.355,1.01108,0.22,0.02,2.82428,3.42908,0,0.529245,6.048,4.2568e+06,2.70226e+06,1.20224e+07,0,0,0,2.85105e+08,53.853,61.308,1.55841,0,0,2.23594,1.63114,0,1.72744,2.96352,8.84649e+06,3.61194e+06,1.97803e+07,0,0,0,7.74588e+07
78.5539,110.355,2.03365,0.22,0.02,2.82442,3.42922,0,0.52927,6.048,4.2568e+06,2.70226e+06,1.2023e+07,0,0,0,2.85105e+08,53.9932,61.308,2.0962,0,0,2.23601,1.63121,0,1.72749,2.96352,8.84649e+06,3.61194e+06,1.97808e+07,0,0,0,7.74588e+07
80.8585,110.355,5.7101,0.27,0.02,2.73596,3.34076,0,0.529296,6.048,4.2568e+06,2.70226e+06,1.16464e+07,0,0,0,2.85105e+08,54.7158,61.308,3.62459,0,0,2.16102,1.55622,0,1.72754,2.96352,8.84649e+06,3.61194e+06,1.91174e+07,0,0,0,7.74588e+07
85.5307,110.355,8.1099,0.22,0.02,2.73609,3.34089,0,0.512719,6.048,4.2568e+06,2.70226e+06,1.1647e+07,0,0,0,2.85105e+08,56.8992,61.308,6.77967,0,0,2.16108,1.55628,0,1.6696,2.96352,8.84649e+06,3.61194e+06,1.9118e+07,0,0,0,7.74588e+07
86.9391,110.355,4.84189,0.2,0.02,2.73623,3.34103,0,0.512744,6.048,4.2568e+06,2.70226e+06,1.16476e+07,0,0,0,2.85105e+08,57.7376,61.308,3.71714,0,0,2.16114,1.55634,0,1.66965,2.96352,8.84649e+06,3.61194e+06,1.91185e+07,0,0,0,7.74588e+07
88.0464,110.355,4.46212,0.22,0.02,2.73636,3.34116,0,0.512769,6.048,4.2568e+06,2.70226e+06,1.16481e+07,0,0,0,2.85105e+08,58.4954,61.308,3.75131,0,0,2.1612,1.5564,0,1.6697,2.96352,8.84649e+06,3.61194e+06,1.9119e+07,0,0,0,7.74588e+07
94.3623,110.355,9.66516,0.22,0.02,2.48485,3.08965,0,0.512793,6.048,4.2568e+06,2.70226e+06,1.05775e+07,0,0,0,2.85105e+08,59.6291,61.308,3.55127,0,0,2.00492,1.40012,0,1.66974,2.96352,8.84649e+06,3.61194e+06,1.77365e+07,0,0,0,7.74588e+07
101.04,110.355,10.0663,0.22,0.02,2.48497,3.08977,0,0.465661,6.048,4.2568e+06,2.70226e+06,1.0578e+07,0,0,0,2.85105e+08,60.5993,61.308,3.8627,0,0,2.00498,1.40018,0,1.549,2.96352,8.84649e+06,3.61194e+06,1.7737e+07,0,0,0,7.74588e+07
105.668,110.355,7.99685,0.2,0.02,2.48509,3.08989,0,0.465684,6.048,4.2568e+06,2.70226e+06,1.05785e+07,0,0,0,2.85105e+08,61.5023,61.308,4.98783,0,0,2.00503,1.40023,0,1.54904,2.96352,8.84649e+06,3.61194e+06,1.77375e+07,0,0,0,7.74588e+07
110.355,110.355,8.26983,0.18,0.02,2.48522,3.09002,0,0.465707,6.048,4.2568e+06,2.70226e+06,1.05791e+07,0,0,0,2.85105e+08,62.3362,61.308,6.83539,0,0,2.00509,1.40029,0,1.54909,2.96352,8.84649e+06,3.61194e+06,1.7738e+07,0,0,0,7.74588e+07
110.355,110.355,7.18746,0.12,0.02,2.48534,3.09014,0,0.465729,6.048,4.2568e+06,2.70226e+06,1.05796e+07,0,0,0,2.85105e+08,62.3362,61.308,4.80501,0,0,2.00514,1.40034,0,1.54913,2.96352,8.84649e+06,3.61194e+06,1.77385e+07,0,0,0,7.74588e+07
110.355,110.355,4.04386,0.12,0.02,2.58226,3.18706,0,0.465752,6.048,4.2568e+06,2.70226e+06,1.09922e+07,0,0,0,2.85105e+08,62.3362,61.308,2.85384,0,0,2.05047,1.44567,0,1.54917,2.96352,8.84649e+06,3.61194e+06,1.81395e+07,0,0,0,7.74588e+07
110.355,110.355,7.50841,0.11,0.02,2.58237,3.18717,0,0.483916,6.048,4.2568e+06,2.70226e+06,1.09926e+07,0,0,0,2.85105e+08,62.3362,61.308,3.40494,0,0,2.05052,1.44572,0,1.5842,2.96352,8.84649e+06,3.61194e+06,1.81399e+07,0,0,0,7.74588e+07
110.355,110.355,4.17824,0.11,0.02,2.58247,3.18727,0,0.483936,6.048,4.2568e+06,2.70226e+06,1.09931e+07,0,0,0,2.85105e+08,62.3362,61.308,3.16693,0,0,2.05057,1.44577,0,1.58423,2.96352,8.84649e+06,3.61194e+06,1.81403e+07,0,0,0,7.74588e+07
110.355,110.355,3.61381,0.12,0.02,2.58258,3.18738,0,0.483955,6.048,4.2568e+06,2.70226e+06,1.09935e+07,0,0,0,2.85105e+08,62.3362,61.308,3.52838,0,0,2.05062,1.44582,0,1.58427,2.96352,8.84649e+06,3.61194e+06,1.81408e+07,0,0,0,7.74588e+07
110.355,110.355,7.86806,0.11,0.02,2.89358,3.49838,0,0.483975,6.048,4.2568e+06,2.70226e+06,1.23174e+07,0,0,0,2.85105e+08,62.3362,61.308,8.49363,0,0,2.22067,1.61587,0,1.58431,2.96352,8.84649e+06,3.61194e+06,1.96451e+07,0,0,0,7.74588e+07
110.355,110.355,8.93811,0.09,0.02,2.8937,3.4985,0,0.542257,6.048,4.2568e+06,2.70226e+06,1.23179e+07,0,0,0,2.85105e+08,62.3362,61.308,8.78135,0,0,2.22072,1.61592,0,1.71569,2.96352,8.84649e+06,3.61194e+06,1.96456e+07,0,0,0,7.74588e+07
110.355,110.355,4.57812,0.1,0.02,2.89381,3.49861,0,0.542279,6.048,4.2568e+06,2.70226e+06,1.23184e+07,0,0,0,2.85105e+08,62.3362,61.308,4.76968,0,0,2.22077,1.61597,0,1.71573,2.96352,8.84649e+06,3.61194e+06,1.9646e+07,0,0,0,7.74588e+07
110.252,110.355,3.65214,0.1,0.02,2.89393,3.49873,0,0.5423,6.048,4.2568e+06,2.70226e+06,1.23189e+07,0,0,0,2.85105e+08,62.3362,61.308,4.54322,0,0,2.22083,1.61603,0,1.71577,2.96352,8.84649e+06,3.61194e+06,1.96465e+07,0,0,0,7.74588e+07
110.355,110.355,4.40207,0.1,0.02,2.45054,3.05534,0,0.542322,6.048,4.2568e+06,2.70226e+06,1.04315e+07,0,0,0,2.85105e+08,62.3362,61.308,4.29938,0,0,1.9927,1.3879,0,1.71581,2.96352,8.84649e+06,3.61194e+06,1.76284e+07,0,0,0,7.74588e+07
110.355,110.355,4.90975,0.11,0.02,2.45064,3.05544,0,0.459232,6.048,4.2568e+06,2.70226e+06,1.04319e+07,0,0,0,2.85105e+08,62.3362,61.308,6.60586,0,0,1.99275,1.38795,0,1.53956,2.96352,8.84649e+06,3.61194e+06,1.76288e+07,0,0,0,7.74588e+07
110.355,110.355,4.4578,0.12,0.02,2.45074,3.05554,0,0.45925,6.048,4.2568e+06,2.70226e+06,1.04323e+07,0,0,0,2.85105e+08,62.3362,61.308,4.20822,0,0,1.9928,1.388,0,1.5396,2.96352,8.84649e+06,3.61194e+06,1.76292e+07,0,0,0,7.74588e+07
110.355,110.355,4.54662,0.12,0.02,2.45084,3.05564,0,0.459269,6.048,4.2568e+06,2.70226e+06,1.04327e+07,0,0,0,2.85105e+08,62.3362,61.308,4.24959,0,0,1.99284,1.38804,0,1.53963,2.96352,8.84649e+06,3.61194e+06,1.76296e+07,0,0,0,7.74588e+07
110.355,110.355,6.38803,0.1,0.02,2.45094,3.05574,0,0.459288,6.048,4.2568e+06,2.70226e+06,1.04332e+07,0,0,0,2.85105e+08,62.3362,61.308,5.26338,0,0,1.99289,1.38809,0,1.53967,2.96352,8.84649e+06,3.61194e+06,1.76301e+07,0,0,0,7.74588e+07
110.355,110.355,6.92352,0.09,0.02,2.5627,3.1675,0,0.459307,6.048,4.2568e+06,2.70226e+06,1.09089e+07,0,0,0,2.85105e+08,62.3362,61.308,6.41097,0,0,2.04876,1.44396,0,1.5397,2.96352,8.84649e+06,3.61194e+06,1.81243e+07,0,0,0,7.74588e+07
110.355,110.355,7.78258,0.09,0.02,2.5628,3.1676,0,0.48025,6.048,4.2568e+06,2.70226e+06,1.09093e+07,0,0,0,2.85105e+08,62.3362,61.308,5.85266,0,0,2.04881,1.44401,0,1.58287,2.96352,8.84649e+06,3.61194e+06,1.81248e+07,0,0,0,7.74588e+07
110.355,110.355,6.26328,0.07,0.02,2.56291,3.16771,0,0.480269,6.048,4.2568e+06,2.70226e+06,1.09098e+07,0,0,0,2.85105e+08,62.3362,61.308,5.75892,0,0,2.04886,1.44406,0,1.58291,2.96352,8.84649e+06,3.61194e+06,1.81252e+07,0,0,0,7.74588e+07
110.355,110.355,4.88775,0.06,0.02,2.56301,3.16781,0,0.480289,6.048,4.2568e+06,2.70226e+06,1.09102e+07,0,0,0,2.85105e+08,62.3362,61.308,3.77839,0,0,2.0489,1.4441,0,1.58295,2.96352,8.84649e+06,3.61194e+06,1.81256e+07,0,0,0,7.74588e+07
110.355,110.355,4.05483,0.06,0.02,2.51945,3.12425,0,0.480308,6.048,4.2568e+06,2.70226e+06,1.07248e+07,0,0,0,2.85105e+08,62.3362,61.308,3.75699,0,0,2.02727,1.42247,0,1.58298,2.96352,8.84649e+06,3.61194e+06,1.79342e+07,0,0,0,7.74588e+07
110.355,110.355,3.80266,0.05,0.02,2.51956,3.12436,0,0.472146,6.048,4.2568e+06,2.70226e+06,1.07252e+07,0,0,0,2.85105e+08,62.3362,61.308,3.10355,0,0,2.02731,1.42251,0,1.56627,2.96352,8.84649e+06,3.61194e+06,1.79346e+07,0,0,0,7.74588e+07
110.355,110.355,4.47161,0.04,0.02,2.51966,3.12446,0,0.472165,6.048,4.2568e+06,2.70226e+06,1.07257e+07,0,0,0,2.85105e+08,62.3362,61.308,3.20507,0,0,2.02736,1.42256,0,1.5663,2.96352,8.84649e+06,3.61194e+06,1.7935e+07,0,0,0,7.74588e+07
110.355,110.355,3.37856,0.03,0.02,2.51976,3.12456,0,0.472184,6.048,4.2568e+06,2.70226e+06,1.07261e+07,0,0,0,2.85105e+08,62.3362,61.308,3.0408,0,0,2.02741,1.42261,0,1.56634,2.96352,8.84649e+06,3.61194e+06,1.79354e+07,0,0,0,7.74588e+07
110.355,110.355,3.22302,0.02,0.02,2.66809,3.27289,0,0.472204,6.048,4.2568e+06,2.70226e+06,1.13575e+07,0,0,0,2.85105e+08,62.227,61.308,2.66969,0,0,2.10437,1.49957,0,1.56637,2.96352,8.84649e+06,3.61194e+06,1.86163e+07,0,0,0,7.74588e+07
110.177,110.355,2.90258,0.02,0.02,2.6682,3.273,0,0.5,6.048,4.2568e+06,2.70226e+06,1.1358e+07,0,0,0,2.85105e+08,62.0527,61.308,2.45561,0,0,2.10442,1.49962,0,1.62584,2.96352,8.84649e+06,3.61194e+06,1.86167e+07,0,0,0,7.74588e+07
109.947,110.355,2.84006,0.03,0.02,2.66831,3.27311,0,0.50002,6.048,4.2568e+06,2.70226e+06,1.13584e+07,0,0,0,2.85105e+08,61.822,61.308,2.22682,0,0,2.10447,1.49967,0,1.62587,2.96352,8.84649e+06,3.61194e+06,1.86172e+07,0,0,0,7.74588e+07
109.389,110.355,2.48165,0.03,0.02,2.66841,3.27321,0,0.500041,6.048,4.2568e+06,2.70226e+06,1.13589e+07,0,0,0,2.85105e+08,61.5371,61.308,2.07662,0,0,2.10452,1.49972,0,1.62591,2.96352,8.84649e+06,3.61194e+06,1.86176e+07,0,0,0,7.74588e+07
108.45,110.355,2.02694,0.03,0.02,2.66852,3.27332,0,0.500061,6.048,4.2568e+06,2.70226e+06,1.13594e+07,0,0,0,2.85105e+08,61.2054,61.308,2.07173,0,0,2.10457,1.49977,0,1.62595,2.96352,8.84649e+06,3.61194e+06,1.8618e+07,0,0,0,7.74588e+07
107.198,110.355,1.68635,0.03,0.02,2.63931,3.24411,0,0.500081,6.048,4.2568e+06,2.70226e+06,1.1235e+07,0,0,0,2.85105e+08,60.8779,61.308,2.10403,0,0,2.1469,1.5421,0,1.62599,2.96352,8.84649e+06,3.61194e+06,1.89925e+07,0,0,0,7.74588e+07
105.872,110.355,1.59872,0.07,0.02,2.63942,3.24422,0,0.494607,6.048,4.2568e+06,2.70226e+06,1.12355e+07,0,0,0,2.85105e+08,60.4456,61.308,1.87884,0,0,2.14695,1.54215,0,1.65869,2.96352,8.84649e+06,3.61194e+06,1.8993e+07,0,0,0,7.74588e+07
104.504,110.355,1.54063,0.07,0.02,2.63953,3.24433,0,0.494627,6.048,4.2568e+06,2.70226e+06,1.12359e+07,0,0,0,2.85105e+08,60.0486,61.308,1.78982,0,0,2.147,1.5422,0,1.65873,2.96352,8.84649e+06,3.61194e+06,1.89934e+07,0,0,0,7.74588e+07
103.25,110.355,1.59164,0.07,0.02,2.63963,3.24443,0,0.494647,6.048,4.2568e+06,2.70226e+06,1.12364e+07,0,0,0,2.85105e+08,59.596,61.308,1.98609,0,0,2.14705,1.54225,0,1.65877,2.96352,8.84649e+06,3.61194e+06,1.89939e+07,0,0,0,7.74588e+07
101.683,110.355,1.35113,0.07,0.02,2.71546,3.32026,0,0.494667,6.048,4.2568e+06,2.70226e+06,1.15592e+07,0,0,0,2.85105e+08,59.0191,61.308,1.70143,0,0,2.18479,1.57999,0,1.65881,2.96352,8.84649e+06,3.61194e+06,1.93277e+07,0,0,0,7.74588e+07
99.9859,110.355,1.21084,0.07,0.02,2.71557,3.32037,0,0.508877,6.048,4.2568e+06,2.70226e+06,1.15596e+07,0,0,0,2.85105e+08,58.3271,61.308,1.65301,0,0,2.18484,1.58004,0,1.68797,2.96352,8.84649e+06,3.61194e+06,1.93282e+07,0,0,0,7.74588e+07
98.2215,110.355,1.13148,0.12,0.02,2.71568,3.32048,0,0.508898,6.048,4.2568e+06,2.70226e+06,1.15601e+07,0,0,0,2.85105e+08,57.5684,61.308,1.51112,0,0,2.18489,1.58009,0,1.68801,2.96352,8.84649e+06,3.61194e+06,1.93286e+07,0,0,0,7.74588e+07
96.3797,110.355,1.03203,0.12,0.02,2.71579,3.32059,0,0.508918,6.048,4.2568e+06,2.70226e+06,1.15606e+07,0,0,0,2.85105e+08,56.82,61.308,1.44152,0,0,2.18494,1.58014,0,1.68805,2.96352,8.84649e+06,3.61194e+06,1.93291e+07,0,0,0,7.74588e+07
94.3927,110.355,1.09448,0.12,0.02,2.93767,3.54247,0,0.508939,6.048,4.2568e+06,2.70226e+06,1.25051e+07,0,0,0,2.85105e+08,56.3086,61.308,1.43867,0,0,2.32104,1.71624,0,1.68809,2.96352,8.84649e+06,3.61194e+06,2.05331e+07,0,0,0,7.74588e+07
92.5372,110.355,1.24925,0.15,0.02,2.93779,3.54259,0,0.55052,6.048,4.2568e+06,2.70226e+06,1.25056e+07,0,0,0,2.85105e+08,55.57,61.308,1.85384,0,0,2.3211,1.7163,0,1.79324,2.96352,8.84649e+06,3.61194e+06,2.05336e+07,0,0,0,7.74588e+07
90.4867,110.355,1.03648,0.14,0.02,2.93791,3.54271,0,0.550542,6.048,4.2568e+06,2.70226e+06,1.25061e+07,0,0,0,2.85105e+08,55.0241,61.308,1.29167,0,0,2.32116,1.71636,0,1.79328,2.96352,8.84649e+06,3.61194e+06,2.05341e+07,0,0,0,7.74588e+07
88.6816,110.355,1.26842,0.14,0.02,2.93802,3.54282,0,0.550564,6.048,4.2568e+06,2.70226e+06,1.25066e+07,0,0,0,2.85105e+08,54.7734,61.308,2.45484,0,0,2.32121,1.71641,0,1.79333,2.96352,8.84649e+06,3.61194e+06,2.05346e+07,0,0,0,7.74588e+07
86.8862,110.355,1.28983,0.18,0.02,2.93814,3.54294,0,0.550586,6.048,4.2568e+06,2.70226e+06,1.25071e+07,0,0,0,2.85105e+08,54.378,61.308,1.77105,0,0,2.32127,1.71647,0,1.79337,2.96352,8.84649e+06,3.61194e+06,2.05351e+07,0,0,0,7.74588e+07
85.2761,110.355,1.40116,0.18,0.02,2.83015,3.43495,0,0.550608,6.048,4.2568e+06,2.70226e+06,1.20474e+07,0,0,0,2.85105e+08,54.2064,61.308,2.94373,0,0,2.23874,1.63394,0,1.79341,2.96352,8.84649e+06,3.61194e+06,1.9805e+07,0,0,0,7.74588e+07
83.5213,110.355,1.24825,0.17,0.02,2.83027,3.43507,0,0.530371,6.048,4.2568e+06,2.70226e+06,1.20479e+07,0,0,0,2.85105e+08,53.7359,61.308,1.81431,0,0,2.23879,1.63399,0,1.72965,2.96352,8.84649e+06,3.61194e+06,1.98054e+07,0,0,0,7.74588e+07
81.6149,110.355,1.03986,0.21,0.02,2.83038,3.43518,0,0.530392,6.048,4.2568e+06,2.70226e+06,1.20484e+07,0,0,0,2.85105e+08,53.217,61.308,1.60987,0,0,2.23885,1.63405,0,1.72969,2.96352,8.84649e+06,3.61194e+06,1.98059e+07,0,0,0,7.74588e+07
80.4493,110.355,1.92553,0.2,0.02,2.83049,3.43529,0,0.530413,6.048,4.2568e+06,2.70226e+06,1.20488e+07,0,0,0,2.85105e+08,52.9729,61.308,2.12299,0,0,2.2389,1.6341,0,1.72973,2.96352,8.84649e+06,3.61194e+06,1.98064e+07,0,0,0,7.74588e+07
78.7171,110.355,1.28822,0.22,0.02,2.74186,3.34666,0,0.530435,6.048,4.2568e+06,2.70226e+06,1.16715e+07,0,0,0,2.85105e+08,52.5883,61.308,1.86373,0,0,2.16377,1.55897,0,1.72977,2.96352,8.84649e+06,3.61194e+06,1.91417e+07,0,0,0,7.74588e+07
77.5032,110.355,1.82076,0.24,0.02,2.74197,3.34677,0,0.513825,6.048,4.2568e+06,2.70226e+06,1.1672e+07,0,0,0,2.85105e+08,52.2356,61.308,1.69104,0,0,2.16382,1.55902,0,1.67173,2.96352,8.84649e+06,3.61194e+06,1.91422e+07,0,0,0,7.74588e+07
79.0239,110.355,4.7168,0.25,0.02,2.74208,3.34688,0,0.513846,6.048,4.2568e+06,2.70226e+06,1.16725e+07,0,0,0,2.85105e+08,52.9014,61.308,5.58237,0,0,2.16387,1.55907,0,1.67176,2.96352,8.84649e+06,3.61194e+06,1.91426e+07,0,0,0,7.74588e+07
79.1608,110.355,3.28144,0.22,0.02,2.74219,3.34699,0,0.513866,6.048,4.2568e+06,2.70226e+06,1.1673e+07,0,0,0,2.85105e+08,53.0715,61.308,3.79925,0,0,2.16392,1.55912,0,1.6718,2.96352,8.84649e+06,3.61194e+06,1.91431e+07,0,0,0,7.74588e+07
80.6481,110.355,4.40926,0.23,0.02,2.49023,3.09503,0,0.513887,6.048,4.2568e+06,2.70226e+06,1.06004e+07,0,0,0,2.85105e+08,53.4697,61.308,4.76549,0,0,2.00736,1.40256,0,1.67184,2.96352,8.84649e+06,3.61194e+06,1.77581e+07,0,0,0,7.74588e+07
82.2598,110.355,4.52355,0.24,0.02,2.49033,3.09513,0,0.466669,6.048,4.2568e+06,2.70226e+06,1.06008e+07,0,0,0,2.85105e+08,53.8886,61.308,4.19362,0,0,2.0074,1.4026,0,1.55088,2.96352,8.84649e+06,3.61194e+06,1.77585e+07,0,0,0,7.74588e+07
86.0152,110.355,6.90809,0.25,0.02,2.49043,3.09523,0,0.466688,6.048,4.2568e+06,2.70226e+06,1.06013e+07,0,0,0,2.85105e+08,55.4214,61.308,6.19294,0,0,2.00745,1.40265,0,1.55092,2.96352,8.84649e+06,3.61194e+06,1.77589e+07,0,0,0,7.74588e+07
88.735,110.355,5.98035,0.22,0.02,2.49053,3.09533,0,0.466707,6.048,4.2568e+06,2.70226e+06,1.06017e+07,0,0,0,2.85105e+08,57.0215,61.308,7.92006,0,0,2.0075,1.4027,0,1.55096,2.96352,8.84649e+06,3.61194e+06,1.77593e+07,0,0,0,7.74588e+07
91.9886,110.355,6.55757,0.22,0.02,2.49064,3.09544,0,0.466726,6.048,4.2568e+06,2.70226e+06,1.06021e+07,0,0,0,2.85105e+08,57.7017,61.308,5.54659,0,0,2.00754,1.40274,0,1.55099,2.96352,8.84649e+06,3.61194e+06,1.77597e+07,0,0,0,7.74588e+07
99.8651,110.355,11.5814,0.18,0.02,2.5877,3.1925,0,0.466745,6.048,4.2568e+06,2.70226e+06,1.10153e+07,0,0,0,2.85105e+08,60.0239,61.308,9.58913,0,0,2.05294,1.44814,0,1.55103,2.96352,8.84649e+06,3.61194e+06,1.81613e+07,0,0,0,7.74588e+07
103.432,110.355,7.22077,0.18,0.02,2.58779,3.19259,0,0.484936,6.048,4.2568e+06,2.70226e+06,1.10157e+07,0,0,0,2.85105e+08,61.218,61.308,5.51601,0,0,2.05298,1.44818,0,1.5861,2.96352,8.84649e+06,3.61194e+06,1.81617e+07,0,0,0,7.74588e+07
106.886,110.355,7.26917,0.14,0.02,2.58787,3.19267,0,0.484952,6.048,4.2568e+06,2.70226e+06,1.1016e+07,0,0,0,2.85105e+08,62.3362,61.308,7.06589,0,0,2.05302,1.44822,0,1.58613,2.96352,8.84649e+06,3.61194e+06,1.8162e+07,0,0,0,7.74588e+07
109.173,110.355,5.9714,0.15,0.02,2.58796,3.19276,0,0.484968,6.048,4.2568e+06,2.70226e+06,1.10164e+07,0,0,0,2.85105e+08,62.3362,61.308,4.0435,0,0,2.05306,1.44826,0,1.58616,2.96352,8.84649e+06,3.61194e+06,1.81624e+07,0,0,0,7.74588e+07
110.355,110.355,5.9708,0.09,0.02,2.89947,3.50427,0,0.484983,6.048,4.2568e+06,2.70226e+06,1.23424e+07,0,0,0,2.85105e+08,62.3362,61.308,5.65651,0,0,2.22338,1.61858,0,1.58619,2.96352,8.84649e+06,3.61194e+06,1.96691e+07,0,0,0,7.74588e+07
110.355,110.355,5.62508,0.07,0.02,2.89956,3.50436,0,0.54336,6.048,4.2568e+06,2.70226e+06,1.23428e+07,0,0,0,2.85105e+08,62.3362,61.308,6.80886,0,0,2.22343,1.61863,0,1.71779,2.96352,8.84649e+06,3.61194e+06,1.96695e+07,0,0,0,7.74588e+07
110.355,110.355,4.92914,0.08,0.02,2.89965,3.50445,0,0.543377,6.048,4.2568e+06,2.70226e+06,1.23432e+07,0,0,0,2.85105e+08,62.3362,61.308,5.5659,0,0,2.22347,1.61867,0,1.71782,2.96352,8.84649e+06,3.61194e+06,1.96699e+07,0,0,0,7.74588e+07
110.355,110.355,4.18468,0.08,0.02,2.89974,3.50454,0,0.543395,6.048,4.2568e+06,2.70226e+06,1.23436e+07,0,0,0,2.85105e+08,62.3362,61.308,4.64269,0,0,2.22351,1.61871,0,1.71785,2.96352,8.84649e+06,3.61194e+06,1.96703e+07,0,0,0,7.74588e+07
110.355,110.355,5.5219,0.08,0.02,2.4556,3.0604,0,0.543412,6.048,4.2568e+06,2.70226e+06,1.0453e+07,0,0,0,2.85105e+08,62.3362,61.308,5.59337,0,0,1.995,1.3902,0,1.71789,2.96352,8.84649e+06,3.61194e+06,1.76488e+07,0,0,0,7.74588e+07
110.355,110.355,5.16325,0.09,0.02,2.45568,3.06048,0,0.46018,6.048,4.2568e+06,2.70226e+06,1.04533e+07,0,0,0,2.85105e+08,62.3362,61.308,4.10268,0,0,1.99504,1.39024,0,1.54134,2.96352,8.84649e+06,3.61194e+06,1.76491e+07,0,0,0,7.74588e+07
110.355,110.355,3.72793,0.1,0.02,2.45576,3.06056,0,0.460195,6.048,4.2568e+06,2.70226e+06,1.04537e+07,0,0,0,2.85105e+08,62.3362,61.308,3.25105,0,0,1.99508,1.39028,0,1.54137,2.96352,8.84649e+06,3.61194e+06,1.76494e+07,0,0,0,7.74588e+07
110.355,110.355,3.32417,0.1,0.02,2.45584,3.06064,0,0.46021,6.048,4.2568e+06,2.70226e+06,1.0454e+07,0,0,0,2.85105e+08,62.3239,61.308,2.37997,0,0,1.99511,1.39031,0,1.5414,2.96352,8.84649e+06,3.61194e+06,1.76497e+07,0,0,0,7.74588e+07
110.355,110.355,4.26789,0.08,0.02,2.45593,3.06073,0,0.460225,6.048,4.2568e+06,2.70226e+06,1.04544e+07,0,0,0,2.85105e+08,62.3362,61.308,4.17825,0,0,1.99515,1.39035,0,1.54142,2.96352,8.84649e+06,3.61194e+06,1.76501e+07,0,0,0,7.74588e+07
110.355,110.355,4.84657,0.07,0.02,2.56784,3.17264,0,0.46024,6.048,4.2568e+06,2.70226e+06,1.09308e+07,0,0,0,2.85105e+08,62.3362,61.308,6.2939,0,0,2.05111,1.44631,0,1.54145,2.96352,8.84649e+06,3.61194e+06,1.81451e+07,0,0,0,7.74588e+07
110.355,110.355,3.45354,0.07,0.02,2.56793,3.17273,0,0.481213,6.048,4.2568e+06,2.70226e+06,1.09311e+07,0,0,0,2.85105e+08,62.3362,61.308,4.24305,0,0,2.05114,1.44634,0,1.58468,2.96352,8.84649e+06,3.61194e+06,1.81454e+07,0,0,0,7.74588e+07
109.994,110.355,2.95833,0.05,0.02,2.56801,3.17281,0,0.481229,6.048,4.2568e+06,2.70226e+06,1.09315e+07,0,0,0,2.85105e+08,62.3362,61.308,3.63974,0,0,2.05118,1.44638,0,1.58471,2.96352,8.84649e+06,3.61194e+06,1.81458e+07,0,0,0,7.74588e+07
109.406,110.355,2.76187,0.04,0.02,2.56809,3.17289,0,0.481245,6.048,4.2568e+06,2.70226e+06,1.09318e+07,0,0,0,2.85105e+08,62.3362,61.308,3.33297,0,0,2.05122,1.44642,0,1.58474,2.96352,8.84649e+06,3.61194e+06,1.81461e+07,0,0,0,7.74588e+07
109.075,110.355,2.90887,0.04,0.02,2.52445,3.12925,0,0.481261,6.048,4.2568e+06,2.70226e+06,1.0746e+07,0,0,0,2.85105e+08,62.3362,61.308,3.55868,0,0,2.02954,1.42474,0,1.58477,2.96352,8.84649e+06,3.61194e+06,1.79543e+07,0,0,0,7.74588e+07
108.484,110.355,2.62874,0.03,0.02,2.52453,3.12933,0,0.473081,6.048,4.2568e+06,2.70226e+06,1.07464e+07,0,0,0,2.85105e+08,62.3362,61.308,3.44868,0,0,2.02958,1.42478,0,1.56802,2.96352,8.84649e+06,3.61194e+06,1.79546e+07,0,0,0,7.74588e+07
108.223,110.355,2.95693,0.03,0.02,2.52461,3.12941,0,0.473097,6.048,4.2568e+06,2.70226e+06,1.07468e+07,0,0,0,2.85105e+08,62.3362,61.308,3.09375,0,0,2.02961,1.42481,0,1.56805,2.96352,8.84649e+06,3.61194e+06,1.7955e+07,0,0,0,7.74588e+07
107.61,110.355,2.50473,0.02,0.02,2.52469,3.12949,0,0.473112,6.048,4.2568e+06,2.70226e+06,1.07471e+07,0,0,0,2.85105e+08,62.3362,61.308,3.14489,0,0,2.02965,1.42485,0,1.56808,2.96352,8.84649e+06,3.61194e+06,1.79553e+07,0,0,0,7.74588e+07
106.785,110.355,2.37248,0.02,0.02,2.67323,3.27803,0,0.473128,6.048,4.2568e+06,2.70226e+06,1.13794e+07,0,0,0,2.85105e+08,62.3362,61.308,2.96519,0,0,2.10673,1.50193,0,1.56811,2.96352,8.84649e+06,3.61194e+06,1.86371e+07,0,0,0,7.74588e+07
106.033,110.355,2.43291,0.05,0.02,2.67332,3.27812,0,0.500964,6.048,4.2568e+06,2.70226e+06,1.13798e+07,0,0,0,2.85105e+08,62.3362,61.308,3.6286,0,0,2.10677,1.50197,0,1.62766,2.96352,8.84649e+06,3.61194e+06,1.86375e+07,0,0,0,7.74588e+07
105.187,110.355,2.21909,0.05,0.02,2.67341,3.27821,0,0.50098,6.048,4.2568e+06,2.70226e+06,1.13802e+07,0,0,0,2.85105e+08,62.3362,61.308,3.17926,0,0,2.10681,1.50201,0,1.62769,2.96352,8.84649e+06,3.61194e+06,1.86378e+07,0,0,0,7.74588e+07
104.18,110.355,2.03941,0.06,0.02,2.6735,3.2783,0,0.500997,6.048,4.2568e+06,2.70226e+06,1.13805e+07,0,0,0,2.85105e+08,62.2561,61.308,2.66468,0,0,2.10685,1.50205,0,1.62772,2.96352,8.84649e+06,3.61194e+06,1.86382e+07,0,0,0,7.74588e+07
103.216,110.355,2.05927,0.06,0.02,2.67358,3.27838,0,0.501013,6.048,4.2568e+06,2.70226e+06,1.13809e+07,0,0,0,2.85105e+08,62.1283,61.308,2.6331,0,0,2.10689,1.50209,0,1.62775,2.96352,8.84649e+06,3.61194e+06,1.86385e+07,0,0,0,7.74588e+07
102.298,110.355,2.06799,0.06,0.02,2.64431,3.24911,0,0.501029,6.048,4.2568e+06,2.70226e+06,1.12563e+07,0,0,0,2.85105e+08,62.0547,61.308,2.65471,0,0,2.14927,1.54447,0,1.62778,2.96352,8.84649e+06,3.61194e+06,1.90135e+07,0,0,0,7.74588e+07
101.22,110.355,1.90094,0.07,0.02,2.64439,3.24919,0,0.495543,6.048,4.2568e+06,2.70226e+06,1.12566e+07,0,0,0,2.85105e+08,61.9611,61.308,2.66803,0,0,2.14931,1.54451,0,1.66053,2.96352,8.84649e+06,3.61194e+06,1.90139e+07,0,0,0,7.74588e+07
99.9957,110.355,1.7411,0.1,0.02,2.64448,3.24928,0,0.495559,6.048,4.2568e+06,2.70226e+06,1.1257e+07,0,0,0,2.85105e+08,61.8147,61.308,2.34586,0,0,2.14935,1.54455,0,1.66056,2.96352,8.84649e+06,3.61194e+06,1.90142e+07,0,0,0,7.74588e+07
98.6774,110.355,1.59777,0.1,0.02,2.64456,3.24936,0,0.495575,6.048,4.2568e+06,2.70226e+06,1.12574e+07,0,0,0,2.85105e+08,61.5849,61.308,2.30693,0,0,2.14939,1.54459,0,1.66059,2.96352,8.84649e+06,3.61194e+06,1.90146e+07,0,0,0,7.74588e+07
97.5065,110.355,1.80645,0.11,0.02,2.72048,3.32528,0,0.495591,6.048,4.2568e+06,2.70226e+06,1.15805e+07,0,0,0,2.85105e+08,61.2639,61.308,2.13623,0,0,2.18718,1.58238,0,1.66062,2.96352,8.84649e+06,3.61194e+06,1.93489e+07,0,0,0,7.74588e+07
96.2289,110.355,1.66436,0.11,0.02,2.72057,3.32537,0,0.509819,6.048,4.2568e+06,2.70226e+06,1.15809e+07,0,0,0,2.85105e+08,60.7785,61.308,2.03862,0,0,2.18722,1.58242,0,1.68981,2.96352,8.84649e+06,3.61194e+06,1.93492e+07,0,0,0,7.74588e+07
94.817,110.355,1.51505,0.11,0.02,2.72066,3.32546,0,0.509835,6.048,4.2568e+06,2.70226e+06,1.15813e+07,0,0,0,2.85105e+08,60.3429,61.308,1.77824,0,0,2.18726,1.58246,0,1.68985,2.96352,8.84649e+06,3.61194e+06,1.93496e+07,0,0,0,7.74588e+07
93.6122,110.355,1.70331,0.15,0.02,2.72075,3.32555,0,0.509852,6.048,4.2568e+06,2.70226e+06,1.15817e+07,0,0,0,2.85105e+08,60.0388,61.308,2.32655,0,0,2.1873,1.5825,0,1.68988,2.96352,8.84649e+06,3.61194e+06,1.935e+07,0,0,0,7.74588e+07
92.303,110.355,1.79607,0.15,0.02,2.94294,3.54774,0,0.509868,6.048,4.2568e+06,2.70226e+06,1.25275e+07,0,0,0,2.85105e+08,59.7109,61.308,2.1937,0,0,2.3236,1.7188,0,1.68991,2.96352,8.84649e+06,3.61194e+06,2.05557e+07,0,0,0,7.74588e+07
91.2006,110.355,2.01395,0.15,0.02,2.94304,3.54784,0,0.551507,6.048,4.2568e+06,2.70226e+06,1.25279e+07,0,0,0,2.85105e+08,59.4218,61.308,2.3446,0,0,2.32364,1.71884,0,1.79521,2.96352,8.84649e+06,3.61194e+06,2.05561e+07,0,0,0,7.74588e+07
89.7734,110.355,1.71762,0.14,0.02,2.94313,3.54793,0,0.551525,6.048,4.2568e+06,2.70226e+06,1.25283e+07,0,0,0,2.85105e+08,59.0433,61.308,2.06252,0,0,2.32369,1.71889,0,1.79525,2.96352,8.84649e+06,3.61194e+06,2.05565e+07,0,0,0,7.74588e+07
88.5176,110.355,1.85639,0.17,0.02,2.94322,3.54802,0,0.551543,6.048,4.2568e+06,2.70226e+06,1.25287e+07,0,0,0,2.85105e+08,58.8913,61.308,2.73901,0,0,2.32373,1.71893,0,1.79528,2.96352,8.84649e+06,3.61194e+06,2.05569e+07,0,0,0,7.74588e+07
87.0673,110.355,1.6446,0.18,0.02,2.94332,3.54812,0,0.55156,6.048,4.2568e+06,2.70226e+06,1.25291e+07,0,0,0,2.85105e+08,58.5443,61.308,2.3691,0,0,2.32378,1.71898,0,1.79532,2.96352,8.84649e+06,3.61194e+06,2.05573e+07,0,0,0,7.74588e+07
86.0043,110.355,1.89032,0.17,0.02,2.83515,3.43995,0,0.551578,6.048,4.2568e+06,2.70226e+06,1.20687e+07,0,0,0,2.85105e+08,58.44,61.308,3.04344,0,0,2.24111,1.63631,0,1.79535,2.96352,8.84649e+06,3.61194e+06,1.9826e+07,0,0,0,7.74588e+07
84.8675,110.355,1.83327,0.17,0.02,2.83524,3.44004,0,0.531307,6.048,4.2568e+06,2.70226e+06,1.2069e+07,0,0,0,2.85105e+08,58.1693,61.308,2.53141,0,0,2.24116,1.63636,0,1.73148,2.96352,8.84649e+06,3.61194e+06,1.98264e+07,0,0,0,7.74588e+07
83.5351,110.355,1.60842,0.16,0.02,2.83533,3.44013,0,0.531324,6.048,4.2568e+06,2.70226e+06,1.20694e+07,0,0,0,2.85105e+08,57.8847,61.308,2.48995,0,0,2.2412,1.6364,0,1.73152,2.96352,8.84649e+06,3.61194e+06,1.98268e+07,0,0,0,7.74588e+07
82.1073,110.355,1.65755,0.2,0.02,2.83542,3.44022,0,0.531342,6.048,4.2568e+06,2.70226e+06,1.20698e+07,0,0,0,2.85105e+08,57.6577,61.308,2.51801,0,0,2.24124,1.63644,0,1.73155,2.96352,8.84649e+06,3.61194e+06,1.98271e+07,0,0,0,7.74588e+07
82.7276,110.355,3.80721,0.21,0.02,2.74664,3.35144,0,0.531359,6.048,4.2568e+06,2.70226e+06,1.16919e+07,0,0,0,2.85105e+08,57.954,61.308,5.09863,0,0,2.16599,1.56119,0,1.73159,2.96352,8.84649e+06,3.61194e+06,1.91614e+07,0,0,0,7.74588e+07
82.7185,110.355,3.14434,0.2,0.02,2.74673,3.35153,0,0.514721,6.048,4.2568e+06,2.70226e+06,1.16923e+07,0,0,0,2.85105e+08,58.108,61.308,3.64876,0,0,2.16603,1.56123,0,1.67345,2.96352,8.84649e+06,3.61194e+06,1.91618e+07,0,0,0,7.74588e+07
83.4427,110.355,3.90199,0.21,0.02,2.74682,3.35162,0,0.514738,6.048,4.2568e+06,2.70226e+06,1.16927e+07,0,0,0,2.85105e+08,58.2845,61.308,4.42873,0,0,2.16608,1.56128,0,1.67348,2.96352,8.84649e+06,3.61194e+06,1.91622e+07,0,0,0,7.74588e+07
83.4027,110.355,3.11642,0.21,0.02,2.74691,3.35171,0,0.514754,6.048,4.2568e+06,2.70226e+06,1.1693e+07,0,0,0,2.85105e+08,58.0232,61.308,2.85502,0,0,2.16612,1.56132,0,1.67351,2.96352,8.84649e+06,3.61194e+06,1.91625e+07,0,0,0,7.74588e+07
83.0446,110.355,2.62037,0.23,0.02,2.49457,3.09937,0,0.514771,6.048,4.2568e+06,2.70226e+06,1.06189e+07,0,0,0,2.85105e+08,57.8992,61.308,3.31589,0,0,2.00932,1.40452,0,1.67354,2.96352,8.84649e+06,3.61194e+06,1.77755e+07,0,0,0,7.74588e+07
82.9824,110.355,2.96641,0.24,0.02,2.49465,3.09945,0,0.467482,6.048,4.2568e+06,2.70226e+06,1.06192e+07,0,0,0,2.85105e+08,58.3746,61.308,6.092,0,0,2.00936,1.40456,0,1.5524,2.96352,8.84649e+06,3.61194e+06,1.77758e+07,0,0,0,7.74588e+07
87.0178,110.355,7.48944,0.25,0.02,2.49473,3.09953,0,0.467498,6.048,4.2568e+06,2.70226e+06,1.06196e+07,0,0,0,2.85105e+08,61.1727,61.308,7.6522,0,0,2.0094,1.4046,0,1.55243,2.96352,8.84649e+06,3.61194e+06,1.77761e+07,0,0,0,7.74588e+07
96.7111,110.355,13.7573,0.22,0.02,2.49482,3.09962,0,0.467513,6.048,4.2568e+06,2.70226e+06,1.06199e+07,0,0,0,2.85105e+08,62.3362,61.308,12.6249,0,0,2.00944,1.40464,0,1.55246,2.96352,8.84649e+06,3.61194e+06,1.77765e+07,0,0,0,7.74588e+07
98.1752,110.355,4.80399,0.18,0.02,2.4949,3.0997,0,0.467528,6.048,4.2568e+06,2.70226e+06,1.06203e+07,0,0,0,2.85105e+08,62.3362,61.308,6.01876,0,0,2.00947,1.40467,0,1.55249,2.96352,8.84649e+06,3.61194e+06,1.77768e+07,0,0,0,7.74588e+07
97.9114,110.355,3.20109,0.18,0.02,2.59208,3.19688,0,0.467544,6.048,4.2568e+06,2.70226e+06,1.1034e+07,0,0,0,2.85105e+08,62.1124,61.308,2.77905,0,0,2.05493,1.45013,0,1.55252,2.96352,8.84649e+06,3.61194e+06,1.81789e+07,0,0,0,7.74588e+07
105.499,110.355,11.5554,0.18,0.02,2.59214,3.19694,0,0.485756,6.048,4.2568e+06,2.70226e+06,1.10342e+07,0,0,0,2.85105e+08,62.3362,61.308,9.02337,0,0,2.05496,1.45016,0,1.58764,2.96352,8.84649e+06,3.61194e+06,1.81791e+07,0,0,0,7.74588e+07
110.355,110.355,13.6338,0.14,0.02,2.59221,3.19701,0,0.485768,6.048,4.2568e+06,2.70226e+06,1.10345e+07,0,0,0,2.85105e+08,62.3362,61.308,14.5875,0,0,2.05499,1.45019,0,1.58766,2.96352,8.84649e+06,3.61194e+06,1.81794e+07,0,0,0,7.74588e+07
110.355,110.355,7.62864,0.1,0.02,2.59227,3.19707,0,0.48578,6.048,4.2568e+06,2.70226e+06,1.10348e+07,0,0,0,2.85105e+08,62.3362,61.308,9.15157,0,0,2.05501,1.45021,0,1.58768,2.96352,8.84649e+06,3.61194e+06,1.81797e+07,0,0,0,7.74588e+07
110.355,110.355,5.74135,0.09,0.02,2.90418,3.50898,0,0.485792,6.048,4.2568e+06,2.70226e+06,1.23625e+07,0,0,0,2.85105e+08,62.3362,61.308,6.30045,0,0,2.22556,1.62076,0,1.5877,2.96352,8.84649e+06,3.61194e+06,1.96884e+07,0,0,0,7.74588e+07
110.355,110.355,5.80312,0.07,0.02,2.90425,3.50905,0,0.544243,6.048,4.2568e+06,2.70226e+06,1.23628e+07,0,0,0,2.85105e+08,62.3362,61.308,6.22905,0,0,2.22559,1.62079,0,1.71947,2.96352,8.84649e+06,3.61194e+06,1.96887e+07,0,0,0,7.74588e+07
110.355,110.355,5.69202,0.07,0.02,2.90432,3.50912,0,0.544256,6.048,4.2568e+06,2.70226e+06,1.23631e+07,0,0,0,2.85105e+08,62.3362,61.308,6.09859,0,0,2.22563,1.62083,0,1.71949,2.96352,8.84649e+06,3.61194e+06,1.9689e+07,0,0,0,7.74588e+07
110.355,110.355,6.86771,0.08,0.02,2.90439,3.50919,0,0.544269,6.048,4.2568e+06,2.70226e+06,1.23634e+07,0,0,0,2.85105e+08,62.3362,61.308,5.6456,0,0,2.22566,1.62086,0,1.71952,2.96352,8.84649e+06,3.61194e+06,1.96893e+07,0,0,0,7.74588e+07
110.355,110.355,7.40348,0.08,0.02,2.45964,3.06444,0,0.544282,6.048,4.2568e+06,2.70226e+06,1.04702e+07,0,0,0,2.85105e+08,62.3362,61.308,7.11183,0,0,1.99684,1.39204,0,1.71954,2.96352,8.84649e+06,3.61194e+06,1.7665e+07,0,0,0,7.74588e+07
110.355,110.355,6.8605,0.09,0.02,2.4597,3.0645,0,0.460936,6.048,4.2568e+06,2.70226e+06,1.04704e+07,0,0,0,2.85105e+08,62.3362,61.308,6.39255,0,0,1.99686,1.39206,0,1.54275,2.96352,8.84649e+06,3.61194e+06,1.76652e+07,0,0,0,7.74588e+07
110.355,110.355,6.91475,0.1,0.02,2.45976,3.06456,0,0.460947,6.048,4.2568e+06,2.70226e+06,1.04707e+07,0,0,0,2.85105e+08,62.3362,61.308,8.52941,0,0,1.99689,1.39209,0,1.54278,2.96352,8.84649e+06,3.61194e+06,1.76655e+07,0,0,0,7.74588e+07
110.355,110.355,7.48417,0.1,0.02,2.45982,3.06462,0,0.460959,6.048,4.2568e+06,2.70226e+06,1.0471e+07,0,0,0,2.85105e+08,62.3362,61.308,7.74144,0,0,1.99692,1.39212,0,1.5428,2.96352,8.84649e+06,3.61194e+06,1.76657e+07,0,0,0,7.74588e+07
110.355,110.355,8.33309,0.08,0.02,2.45988,3.06468,0,0.46097,6.048,4.2568e+06,2.70226e+06,1.04712e+07,0,0,0,2.85105e+08,62.3362,61.308,8.82026,0,0,1.99695,1.39215,0,1.54282,2.96352,8.84649e+06,3.61194e+06,1.7666e+07,0,0,0,7.74588e+07
110.355,110.355,5.39152,0.08,0.02,2.57192,3.17672,0,0.460982,6.048,4.2568e+06,2.70226e+06,1.09481e+07,0,0,0,2.85105e+08,62.3362,61.308,6.32292,0,0,2.05297,1.44817,0,1.54284,2.96352,8.84649e+06,3.61194e+06,1.81615e+07,0,0,0,7.74588e+07
110.355,110.355,4.80482,0.07,0.02,2.57199,3.17679,0,0.481978,6.048,4.2568e+06,2.70226e+06,1.09484e+07,0,0,0,2.85105e+08,62.3362,61.308,4.77465,0,0,2.053,1.4482,0,1.58612,2.96352,8.84649e+06,3.61194e+06,1.81618e+07,0,0,0,7.74588e+07
110.355,110.355,4.27697,0.05,0.02,2.57205,3.17685,0,0.48199,6.048,4.2568e+06,2.70226e+06,1.09487e+07,0,0,0,2.85105e+08,62.3362,61.308,4.43127,0,0,2.05302,1.44822,0,1.58614,2.96352,8.84649e+06,3.61194e+06,1.81621e+07,0,0,0,7.74588e+07
110.355,110.355,6.42279,0.04,0.02,2.57211,3.17691,0,0.482002,6.048,4.2568e+06,2.70226e+06,1.0949e+07,0,0,0,2.85105e+08,62.3362,61.308,5.62486,0,0,2.05305,1.44825,0,1.58617,2.96352,8.84649e+06,3.61194e+06,1.81623e+07,0,0,0,7.74588e+07
110.355,110.355,3.73145,0.04,0.02,2.52839,3.13319,0,0.482014,6.048,4.2568e+06,2.70226e+06,1.07628e+07,0,0,0,2.85105e+08,62.3362,61.308,3.72134,0,0,2.03133,1.42653,0,1.58619,2.96352,8.84649e+06,3.61194e+06,1.79702e+07,0,0,0,7.74588e+07
110.355,110.355,3.28045,0.03,0.02,2.52845,3.13325,0,0.47382,6.048,4.2568e+06,2.70226e+06,1.07631e+07,0,0,0,2.85105e+08,62.3362,61.308,3.5505,0,0,2.03136,1.42656,0,1.56941,2.96352,8.84649e+06,3.61194e+06,1.79704e+07,0,0,0,7.74588e+07
110.355,110.355,3.89709,0.03,0.02,2.52851,3.13331,0,0.473832,6.048,4.2568e+06,2.70226e+06,1.07634e+07,0,0,0,2.85105e+08,62.3362,61.308,3.71993,0,0,2.03139,1.42659,0,1.56943,2.96352,8.84649e+06,3.61194e+06,1.79707e+07,0,0,0,7.74588e+07
110.355,110.355,3.311,0.02,0.02,2.52858,3.13338,0,0.473844,6.048,4.2568e+06,2.70226e+06,1.07636e+07,0,0,0,2.85105e+08,62.3362,61.308,3.50471,0,0,2.03142,1.42662,0,1.56945,2.96352,8.84649e+06,3.61194e+06,1.79709e+07,0,0,0,7.74588e+07
110.355,110.355,3.4259,0.02,0.02,2.67728,3.28208,0,0.473855,6.048,4.2568e+06,2.70226e+06,1.13966e+07,0,0,0,2.85105e+08,62.3362,61.308,3.46467,0,0,2.10858,1.50378,0,1.56947,2.96352,8.84649e+06,3.61194e+06,1.86535e+07,0,0,0,7.74588e+07
110.319,110.355,3.18588,0.02,0.02,2.67735,3.28215,0,0.501722,6.048,4.2568e+06,2.70226e+06,1.13969e+07,0,0,0,2.85105e+08,62.3362,61.308,3.35216,0,0,2.10861,1.50381,0,1.62909,2.96352,8.84649e+06,3.61194e+06,1.86538e+07,0,0,0,7.74588e+07
109.934,110.355,2.82285,0.03,0.02,2.67741,3.28221,0,0.501735,6.048,4.2568e+06,2.70226e+06,1.13972e+07,0,0,0,2.85105e+08,62.3362,61.308,3.13952,0,0,2.10864,1.50384,0,1.62911,2.96352,8.84649e+06,3.61194e+06,1.86541e+07,0,0,0,7.74588e+07
109.33,110.355,2.57603,0.03,0.02,2.67748,3.28228,0,0.501747,6.048,4.2568e+06,2.70226e+06,1.13975e+07,0,0,0,2.85105e+08,62.3362,61.308,2.97499,0,0,2.10867,1.50387,0,1.62914,2.96352,8.84649e+06,3.61194e+06,1.86543e+07,0,0,0,7.74588e+07
108.564,110.355,2.34942,0.03,0.02,2.67754,3.28234,0,0.501759,6.048,4.2568e+06,2.70226e+06,1.13978e+07,0,0,0,2.85105e+08,62.3132,61.308,2.79126,0,0,2.1087,1.5039,0,1.62916,2.96352,8.84649e+06,3.61194e+06,1.86546e+07,0,0,0,7.74588e+07
107.383,110.355,1.88073,0.03,0.02,2.64821,3.25301,0,0.501771,6.048,4.2568e+06,2.70226e+06,1.12729e+07,0,0,0,2.85105e+08,62.3362,61.308,3.22588,0,0,2.15113,1.54633,0,1.62918,2.96352,8.84649e+06,3.61194e+06,1.90299e+07,0,0,0,7.74588e+07
106.043,110.355,1.70065,0.04,0.02,2.64827,3.25307,0,0.496275,6.048,4.2568e+06,2.70226e+06,1.12732e+07,0,0,0,2.85105e+08,62.2997,61.308,2.87285,0,0,2.15116,1.54636,0,1.66196,2.96352,8.84649e+06,3.61194e+06,1.90302e+07,0,0,0,7.74588e+07
104.682,110.355,1.61418,0.07,0.02,2.64834,3.25314,0,0.496287,6.048,4.2568e+06,2.70226e+06,1.12734e+07,0,0,0,2.85105e+08,62.1523,61.308,2.83763,0,0,2.15119,1.54639,0,1.66198,2.96352,8.84649e+06,3.61194e+06,1.90305e+07,0,0,0,7.74588e+07
103.167,110.355,1.43619,0.07,0.02,2.6484,3.2532,0,0.496299,6.048,4.2568e+06,2.70226e+06,1.12737e+07,0,0,0,2.85105e+08,61.9426,61.308,2.73015,0,0,2.15122,1.54642,0,1.66201,2.96352,8.84649e+06,3.61194e+06,1.90307e+07,0,0,0,7.74588e+07
101.685,110.355,1.52936,0.07,0.02,2.72439,3.32919,0,0.496311,6.048,4.2568e+06,2.70226e+06,1.15972e+07,0,0,0,2.85105e+08,61.7188,61.308,2.91218,0,0,2.18904,1.58424,0,1.66203,2.96352,8.84649e+06,3.61194e+06,1.93653e+07,0,0,0,7.74588e+07
100.179,110.355,1.49249,0.07,0.02,2.72446,3.32926,0,0.510552,6.048,4.2568e+06,2.70226e+06,1.15975e+07,0,0,0,2.85105e+08,61.4856,61.308,2.97594,0,0,2.18907,1.58427,0,1.69125,2.96352,8.84649e+06,3.61194e+06,1.93656e+07,0,0,0,7.74588e+07
98.5031,110.355,1.30929,0.11,0.02,2.72453,3.32933,0,0.510564,6.048,4.2568e+06,2.70226e+06,1.15978e+07,0,0,0,2.85105e+08,61.21,61.308,2.72654,0,0,2.1891,1.5843,0,1.69128,2.96352,8.84649e+06,3.61194e+06,1.93659e+07,0,0,0,7.74588e+07
96.7486,110.355,1.20956,0.12,0.02,2.72459,3.32939,0,0.510577,6.048,4.2568e+06,2.70226e+06,1.1598e+07,0,0,0,2.85105e+08,60.9202,61.308,2.62518,0,0,2.18913,1.58433,0,1.6913,2.96352,8.84649e+06,3.61194e+06,1.93662e+07,0,0,0,7.74588e+07
94.6489,110.355,1.06119,0.12,0.02,2.94702,3.55182,0,0.510589,6.048,4.2568e+06,2.70226e+06,1.25449e+07,0,0,0,2.85105e+08,60.63,61.308,2.75304,0,0,2.32557,1.72077,0,1.69133,2.96352,8.84649e+06,3.61194e+06,2.05732e+07,0,0,0,7.74588e+07
92.6334,110.355,1.16978,0.15,0.02,2.94709,3.55189,0,0.552272,6.048,4.2568e+06,2.70226e+06,1.25452e+07,0,0,0,2.85105e+08,60.3637,61.308,3.16261,0,0,2.32561,1.72081,0,1.79674,2.96352,8.84649e+06,3.61194e+06,2.05735e+07,0,0,0,7.74588e+07
90.4964,110.355,1.05658,0.14,0.02,2.94716,3.55196,0,0.552285,6.048,4.2568e+06,2.70226e+06,1.25455e+07,0,0,0,2.85105e+08,60.0727,61.308,3.02838,0,0,2.32564,1.72084,0,1.79676,2.96352,8.84649e+06,3.61194e+06,2.05738e+07,0,0,0,7.74588e+07
88.3935,110.355,1.06405,0.14,0.02,2.94723,3.55203,0,0.552298,6.048,4.2568e+06,2.70226e+06,1.25458e+07,0,0,0,2.85105e+08,59.884,61.308,3.26258,0,0,2.32568,1.72088,0,1.79679,2.96352,8.84649e+06,3.61194e+06,2.05741e+07,0,0,0,7.74588e+07
86.3738,110.355,1.14057,0.18,0.02,2.94731,3.55211,0,0.552312,6.048,4.2568e+06,2.70226e+06,1.25461e+07,0,0,0,2.85105e+08,59.685,61.308,3.6954,0,0,2.32571,1.72091,0,1.79682,2.96352,8.84649e+06,3.61194e+06,2.05744e+07,0,0,0,7.74588e+07
84.5291,110.355,1.2309,0.17,0.02,2.839,3.4438,0,0.552325,6.048,4.2568e+06,2.70226e+06,1.2085e+07,0,0,0,2.85105e+08,59.7125,61.308,4.07678,0,0,2.24294,1.63814,0,1.79684,2.96352,8.84649e+06,3.61194e+06,1.98422e+07,0,0,0,7.74588e+07
82.6026,110.355,1.07949,0.17,0.02,2.83906,3.44386,0,0.532028,6.048,4.2568e+06,2.70226e+06,1.20853e+07,0,0,0,2.85105e+08,59.2942,61.308,2.34576,0,0,2.24298,1.63818,0,1.7329,2.96352,8.84649e+06,3.61194e+06,1.98425e+07,0,0,0,7.74588e+07
80.6611,110.355,1.04574,0.21,0.02,2.83913,3.44393,0,0.532041,6.048,4.2568e+06,2.70226e+06,1.20856e+07,0,0,0,2.85105e+08,58.8353,61.308,2.15092,0,0,2.24301,1.63821,0,1.73292,2.96352,8.84649e+06,3.61194e+06,1.98427e+07,0,0,0,7.74588e+07
79.5889,110.355,2.14951,0.2,0.02,2.8392,3.444,0,0.532053,6.048,4.2568e+06,2.70226e+06,1.20859e+07,0,0,0,2.85105e+08,59.066,61.308,3.45305,0,0,2.24304,1.63824,0,1.73295,2.96352,8.84649e+06,3.61194e+06,1.9843e+07,0,0,0,7.74588e+07
79.5264,110.355,3.03926,0.21,0.02,2.7503,3.3551,0,0.532066,6.048,4.2568e+06,2.70226e+06,1.17075e+07,0,0,0,2.85105e+08,58.9877,61.308,2.50437,0,0,2.1677,1.5629,0,1.73297,2.96352,8.84649e+06,3.61194e+06,1.91765e+07,0,0,0,7.74588e+07
79.7259,110.355,3.28117,0.2,0.02,2.75037,3.35517,0,0.515407,6.048,4.2568e+06,2.70226e+06,1.17078e+07,0,0,0,2.85105e+08,58.7142,61.308,1.96637,0,0,2.16773,1.56293,0,1.67476,2.96352,8.84649e+06,3.61194e+06,1.91768e+07,0,0,0,7.74588e+07
85.003,110.355,8.54133,0.21,0.02,2.75044,3.35524,0,0.515419,6.048,4.2568e+06,2.70226e+06,1.1708e+07,0,0,0,2.85105e+08,59.6875,61.308,6.47725,0,0,2.16776,1.56296,0,1.67479,2.96352,8.84649e+06,3.61194e+06,1.91771e+07,0,0,0,7.74588e+07
87.6953,110.355,5.92791,0.2,0.02,2.7505,3.3553,0,0.515432,6.048,4.2568e+06,2.70226e+06,1.17083e+07,0,0,0,2.85105e+08,60.0544,61.308,4.40811,0,0,2.16779,1.56299,0,1.67481,2.96352,8.84649e+06,3.61194e+06,1.91773e+07,0,0,0,7.74588e+07
93.6178,110.355,9.17486,0.2,0.02,2.49787,3.10267,0,0.515444,6.048,4.2568e+06,2.70226e+06,1.06329e+07,0,0,0,2.85105e+08,61.6735,61.308,6.38922,0,0,2.01082,1.40602,0,1.67483,2.96352,8.84649e+06,3.61194e+06,1.77887e+07,0,0,0,7.74588e+07
100.57,110.355,10.4306,0.2,0.02,2.49793,3.10273,0,0.468101,6.048,4.2568e+06,2.70226e+06,1.06332e+07,0,0,0,2.85105e+08,62.3362,61.308,7.67084,0,0,2.01085,1.40605,0,1.55356,2.96352,8.84649e+06,3.61194e+06,1.7789e+07,0,0,0,7.74588e+07
107.29,110.355,10.1829,0.19,0.02,2.498,3.1028,0,0.468113,6.048,4.2568e+06,2.70226e+06,1.06335e+07,0,0,0,2.85105e+08,62.3362,61.308,6.86502,0,0,2.01088,1.40608,0,1.55358,2.96352,8.84649e+06,3.61194e+06,1.77892e+07,0,0,0,7.74588e+07
110.355,110.355,10.7687,0.11,0.02,2.49806,3.10286,0,0.468124,6.048,4.2568e+06,2.70226e+06,1.06337e+07,0,0,0,2.85105e+08,62.3362,61.308,9.26396,0,0,2.01091,1.40611,0,1.5536,2.96352,8.84649e+06,3.61194e+06,1.77895e+07,0,0,0,7.74588e+07
110.355,110.355,8.15705,0.12,0.02,2.49812,3.10292,0,0.468136,6.048,4.2568e+06,2.70226e+06,1.0634e+07,0,0,0,2.85105e+08,62.2773,61.308,6.81795,0,0,2.01093,1.40613,0,1.55363,2.96352,8.84649e+06,3.61194e+06,1.77897e+07,0,0,0,7.74588e+07
108.416,110.355,1.288,0.11,0.02,2.59538,3.20018,0,0.468148,6.048,4.2568e+06,2.70226e+06,1.1048e+07,0,0,0,2.85105e+08,62.3362,61.308,2.28508,0,0,2.05643,1.45163,0,1.55365,2.96352,8.84649e+06,3.61194e+06,1.81921e+07,0,0,0,7.74588e+07
107.73,110.355,2.5548,0.1,0.02,2.59543,3.20023,0,0.486375,6.048,4.2568e+06,2.70226e+06,1.10482e+07,0,0,0,2.85105e+08,62.3362,61.308,3.15276,0,0,2.05645,1.45165,0,1.58879,2.96352,8.84649e+06,3.61194e+06,1.81923e+07,0,0,0,7.74588e+07
107.955,110.355,3.61319,0.09,0.02,2.59547,3.20027,0,0.486383,6.048,4.2568e+06,2.70226e+06,1.10484e+07,0,0,0,2.85105e+08,62.3362,61.308,2.79349,0,0,2.05646,1.45166,0,1.58881,2.96352,8.84649e+06,3.61194e+06,1.81925e+07,0,0,0,7.74588e+07
107.627,110.355,3.13477,0.1,0.02,2.59551,3.20031,0,0.486391,6.048,4.2568e+06,2.70226e+06,1.10486e+07,0,0,0,2.85105e+08,62.211,61.308,2.73199,0,0,2.05648,1.45168,0,1.58882,2.96352,8.84649e+06,3.61194e+06,1.81927e+07,0,0,0,7.74588e+07
106.089,110.355,2.06178,0.09,0.02,2.90771,3.51251,0,0.486399,6.048,4.2568e+06,2.70226e+06,1.23775e+07,0,0,0,2.85105e+08,62.2541,61.308,2.30538,0,0,2.22719,1.62239,0,1.58884,2.96352,8.84649e+06,3.61194e+06,1.97028e+07,0,0,0,7.74588e+07
104.727,110.355,2.18336,0.12,0.02,2.90776,3.51256,0,0.544905,6.048,4.2568e+06,2.70226e+06,1.23777e+07,0,0,0,2.85105e+08,62.192,61.308,2.51079,0,0,2.22722,1.62242,0,1.72073,2.96352,8.84649e+06,3.61194e+06,1.9703e+07,0,0,0,7.74588e+07
103.891,110.355,2.73642,0.12,0.02,2.90781,3.51261,0,0.544914,6.048,4.2568e+06,2.70226e+06,1.23779e+07,0,0,0,2.85105e+08,61.8089,61.308,2.36193,0,0,2.22724,1.62244,0,1.72075,2.96352,8.84649e+06,3.61194e+06,1.97032e+07,0,0,0,7.74588e+07
102.622,110.355,2.2091,0.12,0.02,2.90785,3.51265,0,0.544923,6.048,4.2568e+06,2.70226e+06,1.23781e+07,0,0,0,2.85105e+08,61.7771,61.308,2.07027,0,0,2.22726,1.62246,0,1.72076,2.96352,8.84649e+06,3.61194e+06,1.97034e+07,0,0,0,7.74588e+07
104.009,110.355,4.74783,0.12,0.02,2.46265,3.06745,0,0.544932,6.048,4.2568e+06,2.70226e+06,1.0483e+07,0,0,0,2.85105e+08,62.1372,61.308,3.06911,0,0,1.9982,1.3934,0,1.72078,2.96352,8.84649e+06,3.61194e+06,1.76771e+07,0,0,0,7.74588e+07
104.838,110.355,4.15357,0.14,0.02,2.46269,3.06749,0,0.4615,6.048,4.2568e+06,2.70226e+06,1.04832e+07,0,0,0,2.85105e+08,62.3362,61.308,3.26802,0,0,1.99822,1.39342,0,1.54381,2.96352,8.84649e+06,3.61194e+06,1.76772e+07,0,0,0,7.74588e+07
104.805,110.355,3.26787,0.17,0.02,2.46273,3.06753,0,0.461507,6.048,4.2568e+06,2.70226e+06,1.04833e+07,0,0,0,2.85105e+08,62.3362,61.308,3.19981,0,0,1.99824,1.39344,0,1.54383,2.96352,8.84649e+06,3.61194e+06,1.76774e+07,0,0,0,7.74588e+07
105.384,110.355,3.89063,0.17,0.02,2.46277,3.06757,0,0.461515,6.048,4.2568e+06,2.70226e+06,1.04835e+07,0,0,0,2.85105e+08,62.3362,61.308,2.84154,0,0,1.99826,1.39346,0,1.54384,2.96352,8.84649e+06,3.61194e+06,1.76776e+07,0,0,0,7.74588e+07
105.733,110.355,3.64499,0.16,0.02,2.46281,3.06761,0,0.461523,6.048,4.2568e+06,2.70226e+06,1.04837e+07,0,0,0,2.85105e+08,62.3362,61.308,2.91274,0,0,1.99828,1.39348,0,1.54385,2.96352,8.84649e+06,3.61194e+06,1.76777e+07,0,0,0,7.74588e+07
106.052,110.355,3.70994,0.14,0.02,2.57494,3.17974,0,0.461531,6.048,4.2568e+06,2.70226e+06,1.0961e+07,0,0,0,2.85105e+08,62.3316,61.308,2.63474,0,0,2.05434,1.44954,0,1.54387,2.96352,8.84649e+06,3.61194e+06,1.81737e+07,0,0,0,7.74588e+07
106.114,110.355,3.39628,0.14,0.02,2.57498,3.17978,0,0.482544,6.048,4.2568e+06,2.70226e+06,1.09612e+07,0,0,0,2.85105e+08,62.3362,61.308,2.6642,0,0,2.05436,1.44956,0,1.58718,2.96352,8.84649e+06,3.61194e+06,1.81739e+07,0,0,0,7.74588e+07
105.974,110.355,3.17095,0.12,0.02,2.57502,3.17982,0,0.482552,6.048,4.2568e+06,2.70226e+06,1.09614e+07,0,0,0,2.85105e+08,62.0968,61.308,3.32922,0,0,2.05438,1.44958,0,1.5872,2.96352,8.84649e+06,3.61194e+06,1.81741e+07,0,0,0,7.74588e+07
105.375,110.355,2.64389,0.1,0.02,2.57507,3.17987,0,0.48256,6.048,4.2568e+06,2.70226e+06,1.09615e+07,0,0,0,2.85105e+08,61.6901,61.308,2.03462,0,0,2.0544,1.4496,0,1.58721,2.96352,8.84649e+06,3.61194e+06,1.81742e+07,0,0,0,7.74588e+07
104.604,110.355,2.39639,0.07,0.02,2.53128,3.13608,0,0.482568,6.048,4.2568e+06,2.70226e+06,1.07752e+07,0,0,0,2.85105e+08,61.1541,61.308,1.92669,0,0,2.03265,1.42785,0,1.58723,2.96352,8.84649e+06,3.61194e+06,1.79818e+07,0,0,0,7.74588e+07
103.744,110.355,2.16863,0.05,0.02,2.53133,3.13613,0,0.474363,6.048,4.2568e+06,2.70226e+06,1.07753e+07,0,0,0,2.85105e+08,60.5811,61.308,1.76479,0,0,2.03267,1.42787,0,1.57043,2.96352,8.84649e+06,3.61194e+06,1.7982e+07,0,0,0,7.74588e+07
102.876,110.355,2.10486,0.05,0.02,2.53137,3.13617,0,0.474371,6.048,4.2568e+06,2.70226e+06,1.07755e+07,0,0,0,2.85105e+08,60.0401,61.308,1.89681,0,0,2.03269,1.42789,0,1.57044,2.96352,8.84649e+06,3.61194e+06,1.79822e+07,0,0,0,7.74588e+07
101.875,110.355,1.95527,0.04,0.02,2.53141,3.13621,0,0.474379,6.048,4.2568e+06,2.70226e+06,1.07757e+07,0,0,0,2.85105e+08,59.4347,61.308,1.7291,0,0,2.03271,1.42791,0,1.57046,2.96352,8.84649e+06,3.61194e+06,1.79823e+07,0,0,0,7.74588e+07
100.781,110.355,1.99156,0.06,0.02,2.68023,3.28503,0,0.474387,6.048,4.2568e+06,2.70226e+06,1.14092e+07,0,0,0,2.85105e+08,58.936,61.308,1.78123,0,0,2.10993,1.50513,0,1.57047,2.96352,8.84649e+06,3.61194e+06,1.86655e+07,0,0,0,7.74588e+07
99.4559,110.355,1.7368,0.1,0.02,2.68027,3.28507,0,0.502275,6.048,4.2568e+06,2.70226e+06,1.14094e+07,0,0,0,2.85105e+08,58.3413,61.308,1.79054,0,0,2.10995,1.50515,0,1.63013,2.96352,8.84649e+06,3.61194e+06,1.86657e+07,0,0,0,7.74588e+07
97.9175,110.355,1.50468,0.1,0.02,2.68032,3.28512,0,0.502283,6.048,4.2568e+06,2.70226e+06,1.14096e+07,0,0,0,2.85105e+08,57.6962,61.308,1.60684,0,0,2.10997,1.50517,0,1.63015,2.96352,8.84649e+06,3.61194e+06,1.86658e+07,0,0,0,7.74588e+07
96.2304,110.355,1.34172,0.1,0.02,2.68036,3.28516,0,0.502292,6.048,4.2568e+06,2.70226e+06,1.14098e+07,0,0,0,2.85105e+08,56.9811,61.308,1.45855,0,0,2.10999,1.50519,0,1.63016,2.96352,8.84649e+06,3.61194e+06,1.8666e+07,0,0,0,7.74588e+07
94.4592,110.355,1.22743,0.1,0.02,2.68041,3.28521,0,0.5023,6.048,4.2568e+06,2.70226e+06,1.14099e+07,0,0,0,2.85105e+08,56.1763,61.308,1.45405,0,0,2.11001,1.50521,0,1.63018,2.96352,8.84649e+06,3.61194e+06,1.86662e+07,0,0,0,7.74588e+07
92.6546,110.355,1.13557,0.14,0.02,2.65103,3.25583,0,0.502308,6.048,4.2568e+06,2.70226e+06,1.12849e+07,0,0,0,2.85105e+08,55.2541,61.308,1.36792,0,0,2.15247,1.54767,0,1.6302,2.96352,8.84649e+06,3.61194e+06,1.90418e+07,0,0,0,7.74588e+07
90.7607,110.355,1.02685,0.14,0.02,2.65107,3.25587,0,0.496803,6.048,4.2568e+06,2.70226e+06,1.12851e+07,0,0,0,2.85105e+08,54.3456,61.308,1.22086,0,0,2.15249,1.54769,0,1.663,2.96352,8.84649e+06,3.61194e+06,1.9042e+07,0,0,0,7.74588e+07
88.8743,110.355,0.974647,0.14,0.02,2.65112,3.25592,0,0.496811,6.048,4.2568e+06,2.70226e+06,1.12853e+07,0,0,0,2.85105e+08,53.3313,61.308,1.20318,0,0,2.15251,1.54771,0,1.66301,2.96352,8.84649e+06,3.61194e+06,1.90421e+07,0,0,0,7.74588e+07
86.9039,110.355,0.867165,0.16,0.02,2.65116,3.25596,0,0.496819,6.048,4.2568e+06,2.70226e+06,1.12854e+07,0,0,0,2.85105e+08,52.2394,61.308,1.15593,0,0,2.15253,1.54773,0,1.66303,2.96352,8.84649e+06,3.61194e+06,1.90423e+07,0,0,0,7.74588e+07
84.8327,110.355,0.81649,0.16,0.02,2.72719,3.33199,0,0.496827,6.048,4.2568e+06,2.70226e+06,1.16091e+07,0,0,0,2.85105e+08,51.2798,61.308,1.1425,0,0,2.19037,1.58557,0,1.66304,2.96352,8.84649e+06,3.61194e+06,1.93771e+07,0,0,0,7.74588e+07
82.9271,110.355,0.924751,0.16,0.02,2.72724,3.33204,0,0.511076,6.048,4.2568e+06,2.70226e+06,1.16093e+07,0,0,0,2.85105e+08,50.5061,61.308,1.4097,0,0,2.19039,1.58559,0,1.69228,2.96352,8.84649e+06,3.61194e+06,1.93773e+07,0,0,0,7.74588e+07
80.9733,110.355,0.855001,0.22,0.02,2.72728,3.33208,0,0.511084,6.048,4.2568e+06,2.70226e+06,1.16095e+07,0,0,0,2.85105e+08,49.5825,61.308,1.41111,0,0,2.19041,1.58561,0,1.6923,2.96352,8.84649e+06,3.61194e+06,1.93775e+07,0,0,0,7.74588e+07
78.9711,110.355,0.792596,0.21,0.02,2.72733,3.33213,0,0.511093,6.048,4.2568e+06,2.70226e+06,1.16097e+07,0,0,0,2.85105e+08,48.558,61.308,1.26187,0,0,2.19044,1.58564,0,1.69231,2.96352,8.84649e+06,3.61194e+06,1.93777e+07,0,0,0,7.74588e+07
76.7624,110.355,0.770684,0.22,0.02,2.94992,3.55472,0,0.511101,6.048,4.2568e+06,2.70226e+06,1.25572e+07,0,0,0,2.85105e+08,47.4402,61.308,1.20472,0,0,2.32698,1.72218,0,1.69233,2.96352,8.84649e+06,3.61194e+06,2.05856e+07,0,0,0,7.74588e+07
74.5793,110.355,0.803824,0.27,0.02,2.94996,3.55476,0,0.552814,6.048,4.2568e+06,2.70226e+06,1.25574e+07,0,0,0,2.85105e+08,46.4704,61.308,1.08601,0,0,2.327,1.7222,0,1.79782,2.96352,8.84649e+06,3.61194e+06,2.05858e+07,0,0,0,7.74588e+07
72.4611,110.355,0.867375,0.26,0.02,2.95001,3.55481,0,0.552823,6.048,4.2568e+06,2.70226e+06,1.25576e+07,0,0,0,2.85105e+08,45.3696,61.308,1.33745,0,0,2.32702,1.72222,0,1.79784,2.96352,8.84649e+06,3.61194e+06,2.0586e+07,0,0,0,7.74588e+07
70.2185,110.355,0.720135,0.3,0.02,2.95006,3.55486,0,0.552832,6.048,4.2568e+06,2.70226e+06,1.25578e+07,0,0,0,2.85105e+08,44.6665,61.308,0.937809,0,0,2.32705,1.72225,0,1.79786,2.96352,8.84649e+06,3.61194e+06,2.05862e+07,0,0,0,7.74588e+07
68.1563,110.355,0.880017,0.3,0.02,2.95011,3.55491,0,0.552841,6.048,4.2568e+06,2.70226e+06,1.2558e+07,0,0,0,2.85105e+08,43.968,61.308,1.75924,0,0,2.32707,1.72227,0,1.79788,2.96352,8.84649e+06,3.61194e+06,2.05864e+07,0,0,0,7.74588e+07
66.5139,110.355,1.30441,0.3,0.02,2.84169,3.44649,0,0.55285,6.048,4.2568e+06,2.70226e+06,1.20965e+07,0,0,0,2.85105e+08,43.6471,61.308,1.42467,0,0,2.24423,1.63943,0,1.79789,2.96352,8.84649e+06,3.61194e+06,1.98535e+07,0,0,0,7.74588e+07
64.7525,110.355,1.15649,0.33,0.02,2.84174,3.44654,0,0.532533,6.048,4.2568e+06,2.70226e+06,1.20967e+07,0,0,0,2.85105e+08,43.1765,61.308,2.23444,0,0,2.24425,1.63945,0,1.73389,2.96352,8.84649e+06,3.61194e+06,1.98537e+07,0,0,0,7.74588e+07
62.8814,110.355,1.03098,0.32,0.02,2.84178,3.44658,0,0.532542,6.048,4.2568e+06,2.70226e+06,1.20969e+07,0,0,0,2.85105e+08,42.2401,61.308,1.31478,0,0,2.24427,1.63947,0,1.73391,2.96352,8.84649e+06,3.61194e+06,1.98539e+07,0,0,0,7.74588e+07
60.8856,110.355,0.880313,0.35,0.02,2.84183,3.44663,0,0.53255,6.048,4.2568e+06,2.70226e+06,1.20971e+07,0,0,0,2.85105e+08,41.7702,61.308,1.19652,0,0,2.24429,1.63949,0,1.73392,2.96352,8.84649e+06,3.61194e+06,1.98541e+07,0,0,0,7.74588e+07
60.4796,110.355,2.30858,0.4,0.02,2.43181,3.35764,0,0.532559,6.048,4.2568e+06,3.49568e+06,1.03517e+07,0,0,0,2.85105e+08,41.9394,61.308,2.40249,0,0,2.01933,1.56408,0,1.73394,2.96352,8.84649e+06,4.67245e+06,1.7864e+07,0,0,0,7.74588e+07
61.6352,110.355,4.10206,0.39,0.02,2.68868,3.35769,0,0.45572,6.048,4.2568e+06,2.91306e+06,1.14452e+07,0,0,0,2.85105e+08,42.1389,61.308,2.99692,0,0,2.13899,1.5641,0,1.56014,2.96352,8.84649e+06,3.89371e+06,1.89226e+07,0,0,0,7.74588e+07
60.556,110.355,1.75533,0.39,0.02,2.68872,3.35773,0,0.503859,6.048,4.2568e+06,2.91306e+06,1.14453e+07,0,0,0,2.85105e+08,41.9248,61.308,1.95262,0,0,2.13901,1.56412,0,1.65258,2.96352,8.84649e+06,3.89371e+06,1.89227e+07,0,0,0,7.74588e+07
60.0387,110.355,2.41113,0.38,0.02,2.75298,3.35778,0,0.503867,6.048,4.2568e+06,2.70226e+06,1.17189e+07,0,0,0,2.85105e+08,41.9216,61.308,2.49058,0,0,2.16894,1.56414,0,1.6526,2.96352,8.84649e+06,3.61194e+06,1.91875e+07,0,0,0,7.74588e+07
60.5785,110.355,3.10641,0.41,0.02,2.20327,3.10494,0,0.515908,6.048,4.2568e+06,3.49568e+06,9.37886e+06,0,0,0,2.85105e+08,42.1169,61.308,2.80729,0,0,1.87732,1.40705,0,1.67573,2.96352,8.84649e+06,4.67245e+06,1.66077e+07,0,0,0,7.74588e+07
63.2399,110.355,5.21274,0.44,0.02,2.20331,3.10498,0,0.412892,6.048,4.2568e+06,3.49568e+06,9.37902e+06,0,0,0,2.85105e+08,43.5485,61.308,5.16694,0,0,1.87733,1.40707,0,1.45042,2.96352,8.84649e+06,4.67245e+06,1.66078e+07,0,0,0,7.74588e+07
64.0899,110.355,3.4371,0.41,0.02,2.20334,3.10503,0,0.412899,6.048,4.2568e+06,3.49568e+06,9.37918e+06,0,0,0,2.85105e+08,43.9266,61.308,3.11927,0,0,1.87735,1.40709,0,1.45043,2.96352,8.84649e+06,4.67245e+06,1.6608e+07,0,0,0,7.74588e+07
65.8196,110.355,4.32839,0.44,0.02,2.20338,3.10507,0,0.412907,6.048,4.2568e+06,3.49568e+06,9.37935e+06,0,0,0,2.85105e+08,44.7078,61.308,3.86615,0,0,1.87737,1.40711,0,1.45044,2.96352,8.84649e+06,4.67245e+06,1.66081e+07,0,0,0,7.74588e+07
67.3861,110.355,4.33832,0.48,0.02,2.20342,3.10511,0,0.412914,6.048,4.2568e+06,3.49568e+06,9.37951e+06,0,0,0,2.85105e+08,46.2738,61.308,4.15905,0,0,1.87739,1.40713,0,1.45046,2.96352,8.84649e+06,4.67245e+06,1.66083e+07,0,0,0,7.74588e+07
69.4825,110.355,4.9152,0.49,0.02,2.20342,3.10511,0,0.412921,6.048,4.2568e+06,3.49568e+06,9.37951e+06,0,0,0,2.85105e+08,47.013,61.308,5.42864,0,0,1.87739,1.40713,0,1.45047,2.96352,8.84649e+06,4.67245e+06,1.66083e+07,0,0,0,7.74588e+07
70.8577,110.355,4.10247,0.46,0.02,2.29143,3.20242,0,0.412921,6.048,4.2568e+06,3.49568e+06,9.75413e+06,0,0,0,2.85105e+08,47.6301,61.308,6.02939,0,0,1.91855,1.45264,0,1.45047,2.96352,8.84649e+06,4.67245e+06,1.69724e+07,0,0,0,7.74588e+07
73.4606,110.355,5.41946,0.47,0.02,2.29145,3.20244,0,0.429413,6.048,4.2568e+06,3.49568e+06,9.75422e+06,0,0,0,2.85105e+08,48.3998,61.308,6.6102,0,0,1.91856,1.45265,0,1.48227,2.96352,8.84649e+06,4.67245e+06,1.69725e+07,0,0,0,7.74588e+07
76.6119,110.355,6.35251,0.38,0.02,2.59767,3.20247,0,0.429417,6.048,4.2568e+06,2.70226e+06,1.10577e+07,0,0,0,2.85105e+08,49.4518,61.308,7.85197,0,0,2.05746,1.45266,0,1.48228,2.96352,8.84649e+06,3.61194e+06,1.82013e+07,0,0,0,7.74588e+07
78.9638,110.355,5.40116,0.4,0.02,2.29149,3.20249,0,0.486803,6.048,4.2568e+06,3.49568e+06,9.7544e+06,0,0,0,2.85105e+08,49.9622,61.308,5.69309,0,0,1.91858,1.45267,0,1.5896,2.96352,8.84649e+06,4.67245e+06,1.69727e+07,0,0,0,7.74588e+07
80.4998,110.355,5.00326,0.34,0.02,2.91008,3.51488,0,0.429425,6.048,4.2568e+06,2.70226e+06,1.23876e+07,0,0,0,2.85105e+08,50.0717,61.308,4.17201,0,0,2.22829,1.62349,0,1.48229,2.96352,8.84649e+06,3.61194e+06,1.97125e+07,0,0,0,7.74588e+07
81.3243,110.355,4.26825,0.35,0.02,2.91011,3.51491,0,0.545349,6.048,4.2568e+06,2.70226e+06,1.23877e+07,0,0,0,2.85105e+08,50.2917,61.308,4.53792,0,0,2.2283,1.6235,0,1.72157,2.96352,8.84649e+06,3.61194e+06,1.97126e+07,0,0,0,7.74588e+07
82.9313,110.355,5.04432,0.37,0.02,2.91013,3.51493,0,0.545354,6.048,4.2568e+06,2.70226e+06,1.23878e+07,0,0,0,2.85105e+08,50.4235,61.308,4.59117,0,0,2.22831,1.62351,0,1.72158,2.96352,8.84649e+06,3.61194e+06,1.97127e+07,0,0,0,7.74588e+07
84.9473,110.355,5.43455,0.39,0.02,2.84294,3.51496,0,0.545359,6.048,4.2568e+06,2.91306e+06,1.21018e+07,0,0,0,2.85105e+08,51.2103,61.308,6.00041,0,0,2.19728,1.62352,0,1.72159,2.96352,8.84649e+06,3.89371e+06,1.94382e+07,0,0,0,7.74588e+07
86.9191,110.355,5.08901,0.34,0.02,2.46464,3.06944,0,0.532767,6.048,4.2568e+06,2.70226e+06,1.04914e+07,0,0,0,2.85105e+08,52.0656,61.308,5.12705,0,0,1.99911,1.39431,0,1.69762,2.96352,8.84649e+06,3.61194e+06,1.76851e+07,0,0,0,7.74588e+07
88.5579,110.355,4.89133,0.35,0.02,2.46466,3.06946,0,0.461873,6.048,4.2568e+06,2.70226e+06,1.04915e+07,0,0,0,2.85105e+08,53.208,61.308,5.37548,0,0,1.99912,1.39432,0,1.54451,2.96352,8.84649e+06,3.61194e+06,1.76852e+07,0,0,0,7.74588e+07
93.7304,110.355,8.53994,0.41,0.02,2.1712,3.06948,0,0.461877,6.048,4.2568e+06,3.49568e+06,9.24234e+06,0,0,0,2.85105e+08,55.4477,61.308,9.62963,0,0,1.86581,1.39433,0,1.54452,2.96352,8.84649e+06,4.67245e+06,1.65059e+07,0,0,0,7.74588e+07
97.8032,110.355,7.70099,0.31,0.02,2.4647,3.0695,0,0.406882,6.048,4.2568e+06,2.70226e+06,1.04917e+07,0,0,0,2.85105e+08,57.0887,61.308,8.09701,0,0,1.99914,1.39434,0,1.44152,2.96352,8.84649e+06,3.61194e+06,1.76853e+07,0,0,0,7.74588e+07
98.6105,110.355,4.0433,0.23,0.02,2.46472,3.06952,0,0.461885,6.048,4.2568e+06,2.70226e+06,1.04918e+07,0,0,0,2.85105e+08,57.344,61.308,3.60587,0,0,1.99915,1.39435,0,1.54453,2.96352,8.84649e+06,3.61194e+06,1.76854e+07,0,0,0,7.74588e+07
99.0142,110.355,3.73538,0.21,0.02,2.5769,3.1817,0,0.461889,6.048,4.2568e+06,2.70226e+06,1.09693e+07,0,0,0,2.85105e+08,57.5649,61.308,3.31948,0,0,2.05524,1.45044,0,1.54454,2.96352,8.84649e+06,3.61194e+06,1.81816e+07,0,0,0,7.74588e+07
101.14,110.355,5.50136,0.22,0.02,2.57692,3.18172,0,0.482911,6.048,4.2568e+06,2.70226e+06,1.09694e+07,0,0,0,2.85105e+08,58.3263,61.308,4.75175,0,0,2.05525,1.45045,0,1.58788,2.96352,8.84649e+06,3.61194e+06,1.81817e+07,0,0,0,7.74588e+07
103.044,110.355,5.31373,0.21,0.02,2.57695,3.18175,0,0.482916,6.048,4.2568e+06,2.70226e+06,1.09695e+07,0,0,0,2.85105e+08,59.2785,61.308,5.37064,0,0,2.05526,1.45046,0,1.58788,2.96352,8.84649e+06,3.61194e+06,1.81818e+07,0,0,0,7.74588e+07
104.92,110.355,5.18486,0.09,0.02,2.57697,3.18177,0,0.48292,6.048,4.2568e+06,2.70226e+06,1.09696e+07,0,0,0,2.85105e+08,59.623,61.308,3.79133,0,0,2.05527,1.45047,0,1.58789,2.96352,8.84649e+06,3.61194e+06,1.81819e+07,0,0,0,7.74588e+07
105.612,110.355,3.81699,0.07,0.02,2.53314,3.13794,0,0.482924,6.048,4.2568e+06,2.70226e+06,1.07831e+07,0,0,0,2.85105e+08,59.5484,61.308,2.88192,0,0,2.0335,1.4287,0,1.5879,2.96352,8.84649e+06,3.61194e+06,1.79893e+07,0,0,0,7.74588e+07
105.947,110.355,3.4324,0.06,0.02,2.53316,3.13796,0,0.474711,6.048,4.2568e+06,2.70226e+06,1.07832e+07,0,0,0,2.85105e+08,59.3804,61.308,2.57963,0,0,2.03351,1.42871,0,1.57108,2.96352,8.84649e+06,3.61194e+06,1.79894e+07,0,0,0,7.74588e+07
106.07,110.355,3.16301,0.05,0.02,2.53319,3.13799,0,0.474715,6.048,4.2568e+06,2.70226e+06,1.07833e+07,0,0,0,2.85105e+08,59.2099,61.308,2.45337,0,0,2.03352,1.42872,0,1.57109,2.96352,8.84649e+06,3.61194e+06,1.79895e+07,0,0,0,7.74588e+07
106.177,110.355,3.16238,0.05,0.02,2.53321,3.13801,0,0.474719,6.048,4.2568e+06,2.70226e+06,1.07834e+07,0,0,0,2.85105e+08,59.0416,61.308,2.78417,0,0,2.03353,1.42873,0,1.5711,2.96352,8.84649e+06,3.61194e+06,1.79896e+07,0,0,0,7.74588e+07
105.993,110.355,2.91114,0.04,0.02,2.68209,3.28689,0,0.474723,6.048,4.2568e+06,2.70226e+06,1.14171e+07,0,0,0,2.85105e+08,58.7443,61.308,2.27613,0,0,2.11078,1.50598,0,1.5711,2.96352,8.84649e+06,3.61194e+06,1.8673e+07,0,0,0,7.74588e+07
105.724,110.355,2.76737,0.05,0.02,2.68211,3.28691,0,0.502624,6.048,4.2568e+06,2.70226e+06,1.14172e+07,0,0,0,2.85105e+08,58.4002,61.308,2.09977,0,0,2.11079,1.50599,0,1.63079,2.96352,8.84649e+06,3.61194e+06,1.86731e+07,0,0,0,7.74588e+07
105.385,110.355,2.68879,0.05,0.02,2.68214,3.28694,0,0.502628,6.048,4.2568e+06,2.70226e+06,1.14173e+07,0,0,0,2.85105e+08,58.0647,61.308,2.23205,0,0,2.11081,1.50601,0,1.6308,2.96352,8.84649e+06,3.61194e+06,1.86732e+07,0,0,0,7.74588e+07
104.781,110.355,2.44662,0.05,0.02,2.68216,3.28696,0,0.502633,6.048,4.2568e+06,2.70226e+06,1.14174e+07,0,0,0,2.85105e+08,57.7011,61.308,2.14752,0,0,2.11082,1.50602,0,1.63081,2.96352,8.84649e+06,3.61194e+06,1.86733e+07,0,0,0,7.74588e+07
103.404,110.355,1.60718,0.06,0.02,2.68219,3.28699,0,0.502637,6.048,4.2568e+06,2.70226e+06,1.14175e+07,0,0,0,2.85105e+08,57.209,61.308,2.07986,0,0,2.11083,1.50603,0,1.63082,2.96352,8.84649e+06,3.61194e+06,1.86734e+07,0,0,0,7.74588e+07
101.93,110.355,1.46714,0.06,0.02,2.65277,3.25757,0,0.502642,6.048,4.2568e+06,2.70226e+06,1.12923e+07,0,0,0,2.85105e+08,56.7049,61.308,1.99998,0,0,2.1533,1.5485,0,1.63083,2.96352,8.84649e+06,3.61194e+06,1.90491e+07,0,0,0,7.74588e+07
100.396,110.355,1.39038,0.06,0.02,2.65279,3.25759,0,0.497129,6.048,4.2568e+06,2.70226e+06,1.12924e+07,0,0,0,2.85105e+08,56.156,61.308,1.78033,0,0,2.15331,1.54851,0,1.66364,2.96352,8.84649e+06,3.61194e+06,1.90492e+07,0,0,0,7.74588e+07
98.8269,110.355,1.33887,0.1,0.02,2.65282,3.25762,0,0.497134,6.048,4.2568e+06,2.70226e+06,1.12925e+07,0,0,0,2.85105e+08,55.405,61.308,1.69455,0,0,2.15332,1.54852,0,1.66364,2.96352,8.84649e+06,3.61194e+06,1.90493e+07,0,0,0,7.74588e+07
97.1173,110.355,1.12909,0.11,0.02,2.65284,3.25764,0,0.497138,6.048,4.2568e+06,2.70226e+06,1.12926e+07,0,0,0,2.85105e+08,54.7508,61.308,1.45863,0,0,2.15333,1.54853,0,1.66365,2.96352,8.84649e+06,3.61194e+06,1.90494e+07,0,0,0,7.74588e+07
95.3809,110.355,1.18429,0.11,0.02,2.72889,3.33369,0,0.497142,6.048,4.2568e+06,2.70226e+06,1.16163e+07,0,0,0,2.85105e+08,54.2185,61.308,1.73122,0,0,2.19118,1.58638,0,1.66366,2.96352,8.84649e+06,3.61194e+06,1.93842e+07,0,0,0,7.74588e+07
93.5545,110.355,1.06843,0.14,0.02,2.72892,3.33372,0,0.511394,6.048,4.2568e+06,2.70226e+06,1.16164e+07,0,0,0,2.85105e+08,53.4441,61.308,1.67739,0,0,2.19119,1.58639,0,1.69291,2.96352,8.84649e+06,3.61194e+06,1.93843e+07,0,0,0,7.74588e+07
91.6469,110.355,0.973417,0.13,0.02,2.72894,3.33374,0,0.511399,6.048,4.2568e+06,2.70226e+06,1.16165e+07,0,0,0,2.85105e+08,52.8073,61.308,1.44926,0,0,2.1912,1.5864,0,1.69291,2.96352,8.84649e+06,3.61194e+06,1.93844e+07,0,0,0,7.74588e+07
89.807,110.355,1.02221,0.13,0.02,2.72896,3.33376,0,0.511403,6.048,4.2568e+06,2.70226e+06,1.16166e+07,0,0,0,2.85105e+08,52.0417,61.308,1.75355,0,0,2.19121,1.58641,0,1.69292,2.96352,8.84649e+06,3.61194e+06,1.93845e+07,0,0,0,7.74588e+07
87.5928,110.355,0.869267,0.17,0.02,2.95164,3.55644,0,0.511408,6.048,4.2568e+06,2.70226e+06,1.25645e+07,0,0,0,2.85105e+08,51.1862,61.308,1.40253,0,0,2.32781,1.72301,0,1.69293,2.96352,8.84649e+06,3.61194e+06,2.05929e+07,0,0,0,7.74588e+07
85.2921,110.355,0.782499,0.17,0.02,2.95166,3.55646,0,0.553137,6.048,4.2568e+06,2.70226e+06,1.25646e+07,0,0,0,2.85105e+08,50.4021,61.308,1.3431,0,0,2.32782,1.72302,0,1.79847,2.96352,8.84649e+06,3.61194e+06,2.05931e+07,0,0,0,7.74588e+07
83.0216,110.355,0.789321,0.17,0.02,2.95169,3.55649,0,0.553142,6.048,4.2568e+06,2.70226e+06,1.25647e+07,0,0,0,2.85105e+08,49.8151,61.308,1.44789,0,0,2.32783,1.72303,0,1.79848,2.96352,8.84649e+06,3.61194e+06,2.05932e+07,0,0,0,7.74588e+07
80.806,110.355,0.79672,0.2,0.02,2.95172,3.55652,0,0.553147,6.048,4.2568e+06,2.70226e+06,1.25649e+07,0,0,0,2.85105e+08,49.2179,61.308,1.71558,0,0,2.32785,1.72305,0,1.79849,2.96352,8.84649e+06,3.61194e+06,2.05933e+07,0,0,0,7.74588e+07
78.8502,110.355,1.1084,0.21,0.02,2.95174,3.55654,0,0.553152,6.048,4.2568e+06,2.70226e+06,1.2565e+07,0,0,0,2.85105e+08,48.8334,61.308,1.68692,0,0,2.32786,1.72306,0,1.79849,2.96352,8.84649e+06,3.61194e+06,2.05934e+07,0,0,0,7.74588e+07
77.026,110.355,1.14391,0.22,0.02,2.84325,3.44805,0,0.553156,6.048,4.2568e+06,2.70226e+06,1.21031e+07,0,0,0,2.85105e+08,48.5479,61.308,1.97359,0,0,2.24497,1.64017,0,1.7985,2.96352,8.84649e+06,3.61194e+06,1.98601e+07,0,0,0,7.74588e+07
75.088,110.355,1.00612,0.27,0.02,2.84328,3.44808,0,0.532825,6.048,4.2568e+06,2.70226e+06,1.21033e+07,0,0,0,2.85105e+08,48.1981,61.308,1.81012,0,0,2.24498,1.64018,0,1.73446,2.96352,8.84649e+06,3.61194e+06,1.98602e+07,0,0,0,7.74588e+07
73.6763,110.355,1.6219,0.27,0.02,2.8433,3.4481,0,0.53283,6.048,4.2568e+06,2.70226e+06,1.21034e+07,0,0,0,2.85105e+08,48.0275,61.308,2.52593,0,0,2.24499,1.64019,0,1.73447,2.96352,8.84649e+06,3.61194e+06,1.98603e+07,0,0,0,7.74588e+07
72.2954,110.355,1.68498,0.25,0.02,2.84333,3.44813,0,0.532835,6.048,4.2568e+06,2.70226e+06,1.21035e+07,0,0,0,2.85105e+08,47.6386,61.308,1.84216,0,0,2.245,1.6402,0,1.73448,2.96352,8.84649e+06,3.61194e+06,1.98604e+07,0,0,0,7.74588e+07
71.7223,110.355,2.38505,0.3,0.02,2.75428,3.35908,0,0.53284,6.048,4.2568e+06,2.70226e+06,1.17244e+07,0,0,0,2.85105e+08,47.3321,61.308,1.6895,0,0,2.16955,1.56475,0,1.73449,2.96352,8.84649e+06,3.61194e+06,1.91929e+07,0,0,0,7.74588e+07
72.4727,110.355,3.75247,0.31,0.02,2.7543,3.3591,0,0.516152,6.048,4.2568e+06,2.70226e+06,1.17245e+07,0,0,0,2.85105e+08,47.578,61.308,3.08676,0,0,2.16956,1.56476,0,1.67619,2.96352,8.84649e+06,3.61194e+06,1.9193e+07,0,0,0,7.74588e+07
71.9409,110.355,2.41926,0.3,0.02,2.75433,3.35913,0,0.516156,6.048,4.2568e+06,2.70226e+06,1.17246e+07,0,0,0,2.85105e+08,47.5548,61.308,2.54872,0,0,2.16957,1.56477,0,1.6762,2.96352,8.84649e+06,3.61194e+06,1.91931e+07,0,0,0,7.74588e+07
73.358,110.355,4.5965,0.3,0.02,2.75435,3.35915,0,0.516161,6.048,4.2568e+06,2.70226e+06,1.17247e+07,0,0,0,2.85105e+08,47.5958,61.308,2.7848,0,0,2.16958,1.56478,0,1.67621,2.96352,8.84649e+06,3.61194e+06,1.91932e+07,0,0,0,7.74588e+07
75.5047,110.355,5.10466,0.28,0.02,2.50139,3.10619,0,0.516165,6.048,4.2568e+06,2.70226e+06,1.06479e+07,0,0,0,2.85105e+08,47.5127,61.308,2.27248,0,0,2.01242,1.40762,0,1.67622,2.96352,8.84649e+06,3.61194e+06,1.78028e+07,0,0,0,7.74588e+07
77.2698,110.355,4.73307,0.29,0.02,2.50141,3.10621,0,0.468761,6.048,4.2568e+06,2.70226e+06,1.0648e+07,0,0,0,2.85105e+08,47.3924,61.308,2.71598,0,0,2.01243,1.40763,0,1.55479,2.96352,8.84649e+06,3.61194e+06,1.78029e+07,0,0,0,7.74588e+07
77.3618,110.355,3.03068,0.3,0.02,2.50144,3.10624,0,0.468765,6.048,4.2568e+06,2.70226e+06,1.06481e+07,0,0,0,2.85105e+08,47.0691,61.308,2.02741,0,0,2.01244,1.40764,0,1.5548,2.96352,8.84649e+06,3.61194e+06,1.7803e+07,0,0,0,7.74588e+07
79.0212,110.355,4.60239,0.29,0.02,2.50146,3.10626,0,0.468769,6.048,4.2568e+06,2.70226e+06,1.06482e+07,0,0,0,2.85105e+08,46.8687,61.308,2.75708,0,0,2.01245,1.40765,0,1.55481,2.96352,8.84649e+06,3.61194e+06,1.78031e+07,0,0,0,7.74588e+07
81.4383,110.355,5.39565,0.27,0.02,2.50148,3.10628,0,0.468773,6.048,4.2568e+06,2.70226e+06,1.06483e+07,0,0,0,2.85105e+08,47.3647,61.308,3.58876,0,0,2.01246,1.40766,0,1.55482,2.96352,8.84649e+06,3.61194e+06,1.78032e+07,0,0,0,7.74588e+07
86.3221,110.355,8.01501,0.27,0.02,2.59881,3.20361,0,0.468778,6.048,4.2568e+06,2.70226e+06,1.10626e+07,0,0,0,2.85105e+08,48.6069,61.308,5.09559,0,0,2.05798,1.45318,0,1.55482,2.96352,8.84649e+06,3.61194e+06,1.82059e+07,0,0,0,7.74588e+07
89.615,110.355,6.54478,0.23,0.02,2.59881,3.20361,0,0.487017,6.048,4.2568e+06,2.70226e+06,1.10626e+07,0,0,0,2.85105e+08,49.2797,61.308,3.61451,0,0,2.05798,1.45318,0,1.59,2.96352,8.84649e+06,3.61194e+06,1.82059e+07,0,0,0,7.74588e+07
90.7842,110.355,4.40936,0.23,0.02,2.59882,3.20362,0,0.487017,6.048,4.2568e+06,2.70226e+06,1.10626e+07,0,0,0,2.85105e+08,49.9094,61.308,3.52238,0,0,2.05798,1.45318,0,1.59,2.96352,8.84649e+06,3.61194e+06,1.82059e+07,0,0,0,7.74588e+07
91.7099,110.355,4.25307,0.21,0.02,2.59882,3.20362,0,0.487018,6.048,4.2568e+06,2.70226e+06,1.10626e+07,0,0,0,2.85105e+08,50.4163,61.308,3.26702,0,0,2.05798,1.45318,0,1.59,2.96352,8.84649e+06,3.61194e+06,1.82059e+07,0,0,0,7.74588e+07
91.8835,110.355,3.67035,0.21,0.02,2.9113,3.5161,0,0.487019,6.048,4.2568e+06,2.70226e+06,1.23928e+07,0,0,0,2.85105e+08,50.7174,61.308,2.75424,0,0,2.22885,1.62405,0,1.59,2.96352,8.84649e+06,3.61194e+06,1.97175e+07,0,0,0,7.74588e+07
94.1772,110.355,6.01824,0.22,0.02,2.9113,3.5161,0,0.545577,6.048,4.2568e+06,2.70226e+06,1.23928e+07,0,0,0,2.85105e+08,51.6976,61.308,4.05103,0,0,2.22885,1.62405,0,1.72201,2.96352,8.84649e+06,3.61194e+06,1.97175e+07,0,0,0,7.74588e+07
96.1027,110.355,5.66495,0.23,0.02,2.9113,3.5161,0,0.545577,6.048,4.2568e+06,2.70226e+06,1.23928e+07,0,0,0,2.85105e+08,52.515,61.308,3.86137,0,0,2.22885,1.62405,0,1.72201,2.96352,8.84649e+06,3.61194e+06,1.97175e+07,0,0,0,7.74588e+07
99.2785,110.355,7.02262,0.19,0.02,2.91131,3.51611,0,0.545578,6.048,4.2568e+06,2.70226e+06,1.23928e+07,0,0,0,2.85105e+08,53.3487,61.308,4.69437,0,0,2.22885,1.62405,0,1.72201,2.96352,8.84649e+06,3.61194e+06,1.97175e+07,0,0,0,7.74588e+07
105.694,110.355,10.1265,0.2,0.02,2.46562,3.07042,0,0.545579,6.048,4.2568e+06,2.70226e+06,1.04956e+07,0,0,0,2.85105e+08,55.1984,61.308,8.46507,0,0,1.99955,1.39475,0,1.72201,2.96352,8.84649e+06,3.61194e+06,1.7689e+07,0,0,0,7.74588e+07
108.767,110.355,6.6006,0.16,0.02,2.46562,3.07042,0,0.462057,6.048,4.2568e+06,2.70226e+06,1.04957e+07,0,0,0,2.85105e+08,56.0927,61.308,5.23975,0,0,1.99955,1.39475,0,1.54485,2.96352,8.84649e+06,3.61194e+06,1.7689e+07,0,0,0,7.74588e+07
110.355,110.355,7.59961,0.09,0.02,2.46563,3.07043,0,0.462058,6.048,4.2568e+06,2.70226e+06,1.04957e+07,0,0,0,2.85105e+08,56.8512,61.308,4.23297,0,0,1.99956,1.39476,0,1.54486,2.96352,8.84649e+06,3.61194e+06,1.76891e+07,0,0,0,7.74588e+07
110.355,110.355,7.43536,0.09,0.02,2.46563,3.07043,0,0.462058,6.048,4.2568e+06,2.70226e+06,1.04957e+07,0,0,0,2.85105e+08,57.5525,61.308,3.49974,0,0,1.99956,1.39476,0,1.54486,2.96352,8.84649e+06,3.61194e+06,1.76891e+07,0,0,0,7.74588e+07
110.355,110.355,5.37329,0.09,0.02,2.46563,3.07043,0,0.462059,6.048,4.2568e+06,2.70226e+06,1.04957e+07,0,0,0,2.85105e+08,58.1397,61.308,3.84174,0,0,1.99956,1.39476,0,1.54486,2.96352,8.84649e+06,3.61194e+06,1.76891e+07,0,0,0,7.74588e+07
110.355,110.355,5.29512,0.07,0.02,2.57782,3.18262,0,0.462059,6.048,4.2568e+06,2.70226e+06,1.09733e+07,0,0,0,2.85105e+08,58.5836,61.308,3.63899,0,0,2.05566,1.45086,0,1.54486,2.96352,8.84649e+06,3.61194e+06,1.81853e+07,0,0,0,7.74588e+07
110.355,110.355,4.58227,0.05,0.02,2.57783,3.18263,0,0.483084,6.048,4.2568e+06,2.70226e+06,1.09733e+07,0,0,0,2.85105e+08,59.1745,61.308,4.00092,0,0,2.05566,1.45086,0,1.5882,2.96352,8.84649e+06,3.61194e+06,1.81854e+07,0,0,0,7.74588e+07
110.355,110.355,4.94916,0.05,0.02,2.57783,3.18263,0,0.483084,6.048,4.2568e+06,2.70226e+06,1.09733e+07,0,0,0,2.85105e+08,59.4188,61.308,3.33924,0,0,2.05566,1.45086,0,1.5882,2.96352,8.84649e+06,3.61194e+06,1.81854e+07,0,0,0,7.74588e+07
110.299,110.355,3.30474,0.05,0.02,2.57783,3.18263,0,0.483085,6.048,4.2568e+06,2.70226e+06,1.09733e+07,0,0,0,2.85105e+08,59.3313,61.308,2.39773,0,0,2.05566,1.45086,0,1.5882,2.96352,8.84649e+06,3.61194e+06,1.81854e+07,0,0,0,7.74588e+07
109.964,110.355,2.93583,0.04,0.02,2.53397,3.13877,0,0.483086,6.048,4.2568e+06,2.70226e+06,1.07866e+07,0,0,0,2.85105e+08,59.2157,61.308,2.27648,0,0,2.03387,1.42907,0,1.5882,2.96352,8.84649e+06,3.61194e+06,1.79926e+07,0,0,0,7.74588e+07
110.355,110.355,4.59605,0.03,0.02,2.53397,3.13877,0,0.474866,6.048,4.2568e+06,2.70226e+06,1.07866e+07,0,0,0,2.85105e+08,59.28,61.308,2.71692,0,0,2.03388,1.42908,0,1.57137,2.96352,8.84649e+06,3.61194e+06,1.79927e+07,0,0,0,7.74588e+07
110.096,110.355,2.92594,0.02,0.02,2.53398,3.13878,0,0.474867,6.048,4.2568e+06,2.70226e+06,1.07866e+07,0,0,0,2.85105e+08,59.0906,61.308,2.31622,0,0,2.03388,1.42908,0,1.57137,2.96352,8.84649e+06,3.61194e+06,1.79927e+07,0,0,0,7.74588e+07
109.608,110.355,2.67019,0.02,0.02,2.53398,3.13878,0,0.474867,6.048,4.2568e+06,2.70226e+06,1.07866e+07,0,0,0,2.85105e+08,58.9056,61.308,2.02496,0,0,2.03388,1.42908,0,1.57137,2.96352,8.84649e+06,3.61194e+06,1.79927e+07,0,0,0,7.74588e+07
109.321,110.355,2.94963,0.02,0.02,2.68288,3.28768,0,0.474868,6.048,4.2568e+06,2.70226e+06,1.14205e+07,0,0,0,2.85105e+08,58.7448,61.308,2.16953,0,0,2.11114,1.50634,0,1.57137,2.96352,8.84649e+06,3.61194e+06,1.86762e+07,0,0,0,7.74588e+07
108.845,110.355,2.69167,0.02,0.02,2.68288,3.28768,0,0.502771,6.048,4.2568e+06,2.70226e+06,1.14205e+07,0,0,0,2.85105e+08,58.5747,61.308,2.16313,0,0,2.11115,1.50635,0,1.63107,2.96352,8.84649e+06,3.61194e+06,1.86762e+07,0,0,0,7.74588e+07
108.321,110.355,2.63548,0.02,0.02,2.68288,3.28768,0,0.502772,6.048,4.2568e+06,2.70226e+06,1.14205e+07,0,0,0,2.85105e+08,58.4579,61.308,2.19344,0,0,2.11115,1.50635,0,1.63107,2.96352,8.84649e+06,3.61194e+06,1.86762e+07,0,0,0,7.74588e+07
107.633,110.355,2.45999,0.02,0.02,2.68289,3.28769,0,0.502772,6.048,4.2568e+06,2.70226e+06,1.14205e+07,0,0,0,2.85105e+08,58.2446,61.308,2.02502,0,0,2.11115,1.50635,0,1.63107,2.96352,8.84649e+06,3.61194e+06,1.86762e+07,0,0,0,7.74588e+07
106.919,110.355,2.37266,0.03,0.02,2.68289,3.28769,0,0.502773,6.048,4.2568e+06,2.70226e+06,1.14205e+07,0,0,0,2.85105e+08,57.9924,61.308,1.93664,0,0,2.11115,1.50635,0,1.63107,2.96352,8.84649e+06,3.61194e+06,1.86763e+07,0,0,0,7.74588e+07
106.046,110.355,2.17406,0.06,0.02,2.65345,3.25825,0,0.502773,6.048,4.2568e+06,2.70226e+06,1.12952e+07,0,0,0,2.85105e+08,57.6043,61.308,1.94672,0,0,2.15362,1.54882,0,1.63107,2.96352,8.84649e+06,3.61194e+06,1.90519e+07,0,0,0,7.74588e+07
104.98,110.355,1.96627,0.06,0.02,2.65345,3.25825,0,0.497256,6.048,4.2568e+06,2.70226e+06,1.12952e+07,0,0,0,2.85105e+08,57.177,61.308,1.73807,0,0,2.15362,1.54882,0,1.66388,2.96352,8.84649e+06,3.61194e+06,1.9052e+07,0,0,0,7.74588e+07
103.879,110.355,1.86861,0.07,0.02,2.65345,3.25825,0,0.497257,6.048,4.2568e+06,2.70226e+06,1.12952e+07,0,0,0,2.85105e+08,56.4719,61.308,1.71223,0,0,2.15362,1.54882,0,1.66389,2.96352,8.84649e+06,3.61194e+06,1.9052e+07,0,0,0,7.74588e+07
102.527,110.355,1.58973,0.07,0.02,2.65346,3.25826,0,0.497257,6.048,4.2568e+06,2.70226e+06,1.12952e+07,0,0,0,2.85105e+08,55.5488,61.308,1.45149,0,0,2.15362,1.54882,0,1.66389,2.96352,8.84649e+06,3.61194e+06,1.9052e+07,0,0,0,7.74588e+07
100.948,110.355,1.39903,0.07,0.02,2.7295,3.3343,0,0.497258,6.048,4.2568e+06,2.70226e+06,1.16189e+07,0,0,0,2.85105e+08,54.4128,61.308,1.24906,0,0,2.19147,1.58667,0,1.66389,2.96352,8.84649e+06,3.61194e+06,1.93868e+07,0,0,0,7.74588e+07
99.2653,110.355,1.28347,0.1,0.02,2.7295,3.3343,0,0.511508,6.048,4.2568e+06,2.70226e+06,1.16189e+07,0,0,0,2.85105e+08,53.4293,61.308,1.096,0,0,2.19147,1.58667,0,1.69313,2.96352,8.84649e+06,3.61194e+06,1.93868e+07,0,0,0,7.74588e+07
97.6746,110.355,1.35102,0.09,0.02,2.72951,3.33431,0,0.511509,6.048,4.2568e+06,2.70226e+06,1.1619e+07,0,0,0,2.85105e+08,52.5195,61.308,1.29612,0,0,2.19147,1.58667,0,1.69313,2.96352,8.84649e+06,3.61194e+06,1.93868e+07,0,0,0,7.74588e+07
96.1077,110.355,1.36058,0.1,0.02,2.72951,3.33431,0,0.51151,6.048,4.2568e+06,2.70226e+06,1.1619e+07,0,0,0,2.85105e+08,51.4271,61.308,1.30911,0,0,2.19147,1.58667,0,1.69313,2.96352,8.84649e+06,3.61194e+06,1.93868e+07,0,0,0,7.74588e+07
94.1665,110.355,1.15429,0.09,0.02,2.9522,3.557,0,0.51151,6.048,4.2568e+06,2.70226e+06,1.25669e+07,0,0,0,2.85105e+08,50.0231,61.308,1.03815,0,0,2.32808,1.72328,0,1.69313,2.96352,8.84649e+06,3.61194e+06,2.05953e+07,0,0,0,7.74588e+07
92.0413,110.355,0.955129,0.13,0.02,2.9522,3.557,0,0.553242,6.048,4.2568e+06,2.70226e+06,1.25669e+07,0,0,0,2.85105e+08,49.0052,61.308,0.725392,0,0,2.32808,1.72328,0,1.79868,2.96352,8.84649e+06,3.61194e+06,2.05954e+07,0,0,0,7.74588e+07
90.1495,110.355,1.17563,0.13,0.02,2.95221,3.55701,0,0.553243,6.048,4.2568e+06,2.70226e+06,1.25669e+07,0,0,0,2.85105e+08,47.9001,61.308,1.37061,0,0,2.32808,1.72328,0,1.79868,2.96352,8.84649e+06,3.61194e+06,2.05954e+07,0,0,0,7.74588e+07
88.0778,110.355,0.981571,0.16,0.02,2.95221,3.55701,0,0.553243,6.048,4.2568e+06,2.70226e+06,1.2567e+07,0,0,0,2.85105e+08,47.3047,61.308,0.966657,0,0,2.32809,1.72329,0,1.79868,2.96352,8.84649e+06,3.61194e+06,2.05954e+07,0,0,0,7.74588e+07
86.5105,110.355,1.48062,0.17,0.02,2.95221,3.55701,0,0.553244,6.048,4.2568e+06,2.70226e+06,1.2567e+07,0,0,0,2.85105e+08,47.1863,61.308,2.5765,0,0,2.32809,1.72329,0,1.79868,2.96352,8.84649e+06,3.61194e+06,2.05954e+07,0,0,0,7.74588e+07
85.2976,110.355,1.79094,0.17,0.02,2.84369,3.44849,0,0.553245,6.048,4.2568e+06,2.70226e+06,1.2105e+07,0,0,0,2.85105e+08,47.2437,61.308,2.98672,0,0,2.24517,1.64037,0,1.79868,2.96352,8.84649e+06,3.61194e+06,1.98619e+07,0,0,0,7.74588e+07
84.6661,110.355,2.39773,0.16,0.02,2.84369,3.44849,0,0.532907,6.048,4.2568e+06,2.70226e+06,1.2105e+07,0,0,0,2.85105e+08,47.5385,61.308,3.85928,0,0,2.24518,1.64038,0,1.73462,2.96352,8.84649e+06,3.61194e+06,1.98619e+07,0,0,0,7.74588e+07
84.6854,110.355,3.08205,0.16,0.02,2.84369,3.44849,0,0.532908,6.048,4.2568e+06,2.70226e+06,1.2105e+07,0,0,0,2.85105e+08,48.4509,61.308,5.78899,0,0,2.24518,1.64038,0,1.73462,2.96352,8.84649e+06,3.61194e+06,1.98619e+07,0,0,0,7.74588e+07
84.6735,110.355,3.07901,0.16,0.02,2.8437,3.4485,0,0.532908,6.048,4.2568e+06,2.70226e+06,1.2105e+07,0,0,0,2.85105e+08,48.732,61.308,3.87199,0,0,2.24518,1.64038,0,1.73462,2.96352,8.84649e+06,3.61194e+06,1.9862e+07,0,0,0,7.74588e+07
86.9427,110.355,5.31135,0.16,0.02,2.75462,3.35942,0,0.532909,6.048,4.2568e+06,2.70226e+06,1.17258e+07,0,0,0,2.85105e+08,49.1137,61.308,4.49511,0,0,2.16971,1.56491,0,1.73463,2.96352,8.84649e+06,3.61194e+06,1.91943e+07,0,0,0,7.74588e+07
88.7577,110.355,5.03167,0.18,0.02,2.75462,3.35942,0,0.516215,6.048,4.2568e+06,2.70226e+06,1.17259e+07,0,0,0,2.85105e+08,50.5359,61.308,5.61927,0,0,2.16971,1.56491,0,1.67632,2.96352,8.84649e+06,3.61194e+06,1.91943e+07,0,0,0,7.74588e+07
90.4186,110.355,4.91444,0.21,0.02,2.75462,3.35942,0,0.516216,6.048,4.2568e+06,2.70226e+06,1.17259e+07,0,0,0,2.85105e+08,52.3235,61.308,6.89835,0,0,2.16971,1.56491,0,1.67632,2.96352,8.84649e+06,3.61194e+06,1.91943e+07,0,0,0,7.74588e+07
94.8851,110.355,7.88722,0.18,0.02,2.75463,3.35943,0,0.516217,6.048,4.2568e+06,2.70226e+06,1.17259e+07,0,0,0,2.85105e+08,54.4035,61.308,7.96039,0,0,2.16971,1.56491,0,1.67632,2.96352,8.84649e+06,3.61194e+06,1.91943e+07,0,0,0,7.74588e+07
100.698,110.355,8.94871,0.21,0.02,2.50163,3.10643,0,0.516217,6.048,4.2568e+06,2.70226e+06,1.06489e+07,0,0,0,2.85105e+08,54.1806,61.308,2.51155,0,0,2.01252,1.40772,0,1.67632,2.96352,8.84649e+06,3.61194e+06,1.78038e+07,0,0,0,7.74588e+07
104.913,110.355,7.44722,0.2,0.02,2.50163,3.10643,0,0.468805,6.048,4.2568e+06,2.70226e+06,1.06489e+07,0,0,0,2.85105e+08,54.6808,61.308,3.64834,0,0,2.01252,1.40772,0,1.55488,2.96352,8.84649e+06,3.61194e+06,1.78038e+07,0,0,0,7.74588e+07
110.355,110.355,9.39078,0.16,0.02,2.50163,3.10643,0,0.468806,6.048,4.2568e+06,2.70226e+06,1.06489e+07,0,0,0,2.85105e+08,58.1688,61.308,9.80364,0,0,2.01253,1.40773,0,1.55488,2.96352,8.84649e+06,3.61194e+06,1.78038e+07,0,0,0,7.74588e+07
110.355,110.355,5.89906,0.12,0.02,2.50164,3.10644,0,0.468806,6.048,4.2568e+06,2.70226e+06,1.0649e+07,0,0,0,2.85105e+08,58.6248,61.308,3.94283,0,0,2.01253,1.40773,0,1.55488,2.96352,8.84649e+06,3.61194e+06,1.78038e+07,0,0,0,7.74588e+07
110.355,110.355,3.8,0.12,0.02,2.50164,3.10644,0,0.468807,6.048,4.2568e+06,2.70226e+06,1.0649e+07,0,0,0,2.85105e+08,58.8478,61.308,3.75617,0,0,2.01253,1.40773,0,1.55488,2.96352,8.84649e+06,3.61194e+06,1.78038e+07,0,0,0,7.74588e+07
110.355,110.355,4.10798,0.11,0.02,2.59895,3.20375,0,0.468807,6.048,4.2568e+06,2.70226e+06,1.10632e+07,0,0,0,6.20777e+08,59.5539,61.308,6.05641,0,0,2.05804,1.45324,0,1.55488,2.96352,8.84649e+06,3.61194e+06,1.82065e+07,0,0,0,7.74588e+07
110.355,110.355,5.48408,0.11,0.02,2.59894,3.20374,0,0.487044,6.048,4.2568e+06,2.70226e+06,1.10631e+07,0,0,0,6.20777e+08,60.5535,61.308,7.65056,0,0,2.05804,1.45324,0,1.59005,2.96352,8.84649e+06,3.61194e+06,1.82064e+07,0,0,0,7.74588e+07
110.355,110.355,3.72263,0.1,0.02,2.59892,3.20372,0,0.48704,6.048,4.2568e+06,2.70226e+06,1.10631e+07,0,0,0,6.20777e+08,60.819,61.308,4.7244,0,0,2.05803,1.45323,0,1.59004,2.96352,8.84649e+06,3.61194e+06,1.82063e+07,0,0,0,7.74588e+07
110.355,110.355,5.07304,0.09,0.02,2.5989,3.2037,0,0.487037,6.048,4.2568e+06,2.70226e+06,1.1063e+07,0,0,0,6.20777e+08,61.5626,61.308,6.2383,0,0,2.05802,1.45322,0,1.59003,2.96352,8.84649e+06,3.61194e+06,1.82063e+07,0,0,0,7.74588e+07
110.355,110.355,7.47345,0.09,0.02,2.91136,3.51616,0,0.487034,6.048,4.2568e+06,2.70226e+06,1.23931e+07,0,0,0,6.20777e+08,62.3362,61.308,14.8303,0,0,2.22888,1.62408,0,1.59003,2.96352,8.84649e+06,3.61194e+06,1.97178e+07,0,0,0,7.74588e+07
110.355,110.355,5.43729,0.09,0.02,2.91135,3.51615,0,0.54559,6.048,4.2568e+06,2.70226e+06,1.2393e+07,0,0,0,6.20777e+08,62.3362,61.308,7.81361,0,0,2.22887,1.62407,0,1.72203,2.96352,8.84649e+06,3.61194e+06,1.97177e+07,0,0,0,7.74588e+07
110.355,110.355,4.50573,0.09,0.02,2.91133,3.51613,0,0.545586,6.048,4.2568e+06,2.70226e+06,1.23929e+07,0,0,0,6.20777e+08,62.3362,61.308,6.42458,0,0,2.22886,1.62406,0,1.72203,2.96352,8.84649e+06,3.61194e+06,1.97176e+07,0,0,0,7.74588e+07
110.355,110.355,5.27854,0.1,0.02,2.91131,3.51611,0,0.545583,6.048,4.2568e+06,2.70226e+06,1.23928e+07,0,0,0,6.20777e+08,62.3362,61.308,8.61222,0,0,2.22885,1.62405,0,1.72202,2.96352,8.84649e+06,3.61194e+06,1.97175e+07,0,0,0,7.74588e+07
110.355,110.355,6.71506,0.11,0.02,2.4656,3.0704,0,0.545579,6.048,4.2568e+06,2.70226e+06,1.04956e+07,0,0,0,6.20777e+08,62.3362,61.308,10.1163,0,0,1.99955,1.39475,0,1.72201,2.96352,8.84649e+06,3.61194e+06,1.7689e+07,0,0,0,7.74588e+07
110.355,110.355,5.84505,0.1,0.02,2.46559,3.07039,0,0.462054,6.048,4.2568e+06,2.70226e+06,1.04955e+07,0,0,0,6.20777e+08,62.3362,61.308,10.1361,0,0,1.99954,1.39474,0,1.54485,2.96352,8.84649e+06,3.61194e+06,1.76889e+07,0,0,0,7.74588e+07
110.355,110.355,5.47775,0.09,0.02,2.46557,3.07037,0,0.462051,6.048,4.2568e+06,2.70226e+06,1.04954e+07,0,0,0,6.20777e+08,62.3362,61.308,9.7922,0,0,1.99953,1.39473,0,1.54484,2.96352,8.84649e+06,3.61194e+06,1.76888e+07,0,0,0,7.74588e+07
110.355,110.355,5.54806,0.09,0.02,2.46555,3.07035,0,0.462048,6.048,4.2568e+06,2.70226e+06,1.04954e+07,0,0,0,6.20777e+08,62.3362,61.308,9.25109,0,0,1.99952,1.39472,0,1.54484,2.96352,8.84649e+06,3.61194e+06,1.76888e+07,0,0,0,7.74588e+07
110.355,110.355,6.0754,0.09,0.02,2.46554,3.07034,0,0.462045,6.048,4.2568e+06,2.70226e+06,1.04953e+07,0,0,0,6.20777e+08,62.3362,61.308,9.13204,0,0,1.99952,1.39472,0,1.54483,2.96352,8.84649e+06,3.61194e+06,1.76887e+07,0,0,0,7.74588e+07
110.355,110.355,7.58502,0.07,0.02,2.5777,3.1825,0,0.462042,6.048,4.2568e+06,2.70226e+06,1.09728e+07,0,0,0,6.20777e+08,62.3362,61.308,12.5476,0,0,2.0556,1.4508,0,1.54483,2.96352,8.84649e+06,3.61194e+06,1.81849e+07,0,0,0,7.74588e+07
110.355,110.355,5.40824,0.05,0.02,2.57769,3.18249,0,0.483062,6.048,4.2568e+06,2.70226e+06,1.09727e+07,0,0,0,6.20777e+08,62.3362,61.308,8.48941,0,0,2.05559,1.45079,0,1.58816,2.96352,8.84649e+06,3.61194e+06,1.81848e+07,0,0,0,7.74588e+07
110.355,110.355,4.63381,0.05,0.02,2.57767,3.18247,0,0.483059,6.048,4.2568e+06,2.70226e+06,1.09726e+07,0,0,0,6.20777e+08,62.3362,61.308,7.2695,0,0,2.05559,1.45079,0,1.58815,2.96352,8.84649e+06,3.61194e+06,1.81847e+07,0,0,0,7.74588e+07
110.355,110.355,3.63325,0.05,0.02,2.57765,3.18245,0,0.483056,6.048,4.2568e+06,2.70226e+06,1.09725e+07,0,0,0,6.20777e+08,62.3362,61.308,5.43032,0,0,2.05558,1.45078,0,1.58815,2.96352,8.84649e+06,3.61194e+06,1.81847e+07,0,0,0,7.74588e+07
109.808,110.355,2.59447,0.04,0.02,2.53378,3.13858,0,0.483052,6.048,4.2568e+06,2.70226e+06,1.07858e+07,0,0,0,6.20777e+08,62.3362,61.308,3.52091,0,0,2.03379,1.42899,0,1.58814,2.96352,8.84649e+06,3.61194e+06,1.79919e+07,0,0,0,7.74588e+07
110.355,110.355,3.73686,0.03,0.02,2.53376,3.13856,0,0.474829,6.048,4.2568e+06,2.70226e+06,1.07857e+07,0,0,0,6.20777e+08,62.3362,61.308,3.98733,0,0,2.03378,1.42898,0,1.5713,2.96352,8.84649e+06,3.61194e+06,1.79918e+07,0,0,0,7.74588e+07
110.089,110.355,2.83574,0.02,0.02,2.53374,3.13854,0,0.474826,6.048,4.2568e+06,2.70226e+06,1.07856e+07,0,0,0,6.20777e+08,62.3362,61.308,3.60528,0,0,2.03377,1.42897,0,1.5713,2.96352,8.84649e+06,3.61194e+06,1.79917e+07,0,0,0,7.74588e+07
109.363,110.355,2.30361,0.02,0.02,2.53373,3.13853,0,0.474823,6.048,4.2568e+06,2.70226e+06,1.07856e+07,0,0,0,6.20777e+08,62.3362,61.308,3.15788,0,0,2.03376,1.42896,0,1.57129,2.96352,8.84649e+06,3.61194e+06,1.79917e+07,0,0,0,7.74588e+07
108.753,110.355,2.48939,0.02,0.02,2.68259,3.28739,0,0.47482,6.048,4.2568e+06,2.70226e+06,1.14192e+07,0,0,0,6.20777e+08,62.3362,61.308,3.30986,0,0,2.11101,1.50621,0,1.57129,2.96352,8.84649e+06,3.61194e+06,1.8675e+07,0,0,0,7.74588e+07
107.95,110.355,2.27739,0.02,0.02,2.68257,3.28737,0,0.502717,6.048,4.2568e+06,2.70226e+06,1.14192e+07,0,0,0,6.20777e+08,62.2917,61.308,2.99608,0,0,2.111,1.5062,0,1.63097,2.96352,8.84649e+06,3.61194e+06,1.8675e+07,0,0,0,7.74588e+07
107.072,110.355,2.10932,0.02,0.02,2.68256,3.28736,0,0.502714,6.048,4.2568e+06,2.70226e+06,1.14191e+07,0,0,0,6.20777e+08,62.183,61.308,2.88569,0,0,2.111,1.5062,0,1.63096,2.96352,8.84649e+06,3.61194e+06,1.86749e+07,0,0,0,7.74588e+07
106.094,110.355,1.99122,0.05,0.02,2.68254,3.28734,0,0.502711,6.048,4.2568e+06,2.70226e+06,1.1419e+07,0,0,0,6.20777e+08,62.0337,61.308,2.70508,0,0,2.11099,1.50619,0,1.63096,2.96352,8.84649e+06,3.61194e+06,1.86748e+07,0,0,0,7.74588e+07
105.258,110.355,2.17,0.05,0.02,2.68252,3.28732,0,0.502708,6.048,4.2568e+06,2.70226e+06,1.14189e+07,0,0,0,6.20777e+08,61.7722,61.308,2.60017,0,0,2.11098,1.50618,0,1.63095,2.96352,8.84649e+06,3.61194e+06,1.86748e+07,0,0,0,7.74588e+07
104.532,110.355,2.25994,0.06,0.02,2.65306,3.25786,0,0.502704,6.048,4.2568e+06,2.70226e+06,1.12935e+07,0,0,0,6.20777e+08,61.484,61.308,2.73076,0,0,2.15343,1.54863,0,1.63094,2.96352,8.84649e+06,3.61194e+06,1.90503e+07,0,0,0,7.74588e+07
103.733,110.355,2.1669,0.06,0.02,2.65304,3.25784,0,0.497184,6.048,4.2568e+06,2.70226e+06,1.12935e+07,0,0,0,6.20777e+08,61.1641,61.308,2.72739,0,0,2.15342,1.54862,0,1.66374,2.96352,8.84649e+06,3.61194e+06,1.90502e+07,0,0,0,7.74588e+07
102.738,110.355,1.91483,0.07,0.02,2.65303,3.25783,0,0.49718,6.048,4.2568e+06,2.70226e+06,1.12934e+07,0,0,0,6.20777e+08,60.7685,61.308,2.42843,0,0,2.15342,1.54862,0,1.66374,2.96352,8.84649e+06,3.61194e+06,1.90502e+07,0,0,0,7.74588e+07
101.745,110.355,1.9001,0.07,0.02,2.65301,3.25781,0,0.497177,6.048,4.2568e+06,2.70226e+06,1.12933e+07,0,0,0,6.20777e+08,60.3291,61.308,2.44115,0,0,2.15341,1.54861,0,1.66373,2.96352,8.84649e+06,3.61194e+06,1.90501e+07,0,0,0,7.74588e+07
100.726,110.355,1.92373,0.07,0.02,2.72902,3.33382,0,0.497174,6.048,4.2568e+06,2.70226e+06,1.16169e+07,0,0,0,6.20777e+08,59.815,61.308,2.15643,0,0,2.19124,1.58644,0,1.66372,2.96352,8.84649e+06,3.61194e+06,1.93848e+07,0,0,0,7.74588e+07
99.556,110.355,1.76156,0.1,0.02,2.729,3.3338,0,0.511419,6.048,4.2568e+06,2.70226e+06,1.16168e+07,0,0,0,6.20777e+08,59.2859,61.308,2.0079,0,0,2.19123,1.58643,0,1.69295,2.96352,8.84649e+06,3.61194e+06,1.93847e+07,0,0,0,7.74588e+07
98.1813,110.355,1.52147,0.09,0.02,2.72899,3.33379,0,0.511415,6.048,4.2568e+06,2.70226e+06,1.16167e+07,0,0,0,6.20777e+08,58.7498,61.308,1.99085,0,0,2.19122,1.58642,0,1.69295,2.96352,8.84649e+06,3.61194e+06,1.93846e+07,0,0,0,7.74588e+07
96.6056,110.355,1.32379,0.1,0.02,2.72897,3.33377,0,0.511412,6.048,4.2568e+06,2.70226e+06,1.16167e+07,0,0,0,6.20777e+08,58.2003,61.308,1.92368,0,0,2.19122,1.58642,0,1.69294,2.96352,8.84649e+06,3.61194e+06,1.93846e+07,0,0,0,7.74588e+07
94.655,110.355,1.16507,0.09,0.02,2.9516,3.5564,0,0.511409,6.048,4.2568e+06,2.70226e+06,1.25644e+07,0,0,0,6.20777e+08,57.6758,61.308,2.01108,0,0,2.32779,1.72299,0,1.69293,2.96352,8.84649e+06,3.61194e+06,2.05928e+07,0,0,0,7.74588e+07
92.7811,110.355,1.23793,0.13,0.02,2.95158,3.55638,0,0.55313,6.048,4.2568e+06,2.70226e+06,1.25643e+07,0,0,0,6.20777e+08,57.1723,61.308,2.20114,0,0,2.32778,1.72298,0,1.79845,2.96352,8.84649e+06,3.61194e+06,2.05927e+07,0,0,0,7.74588e+07
91.0654,110.355,1.38243,0.13,0.02,2.95156,3.55636,0,0.553126,6.048,4.2568e+06,2.70226e+06,1.25642e+07,0,0,0,6.20777e+08,56.6848,61.308,2.16509,0,0,2.32777,1.72297,0,1.79844,2.96352,8.84649e+06,3.61194e+06,2.05926e+07,0,0,0,7.74588e+07
88.9859,110.355,1.02042,0.12,0.02,2.95154,3.55634,0,0.553122,6.048,4.2568e+06,2.70226e+06,1.25641e+07,0,0,0,6.20777e+08,56.0669,61.308,2.00015,0,0,2.32776,1.72296,0,1.79844,2.96352,8.84649e+06,3.61194e+06,2.05925e+07,0,0,0,7.74588e+07
86.9239,110.355,1.10564,0.17,0.02,2.95152,3.55632,0,0.553119,6.048,4.2568e+06,2.70226e+06,1.2564e+07,0,0,0,6.20777e+08,55.0566,61.308,1.51176,0,0,2.32775,1.72295,0,1.79843,2.96352,8.84649e+06,3.61194e+06,2.05924e+07,0,0,0,7.74588e+07
85.0625,110.355,1.269,0.17,0.02,2.843,3.4478,0,0.553115,6.048,4.2568e+06,2.70226e+06,1.21021e+07,0,0,0,6.20777e+08,54.4237,61.308,1.08357,0,0,2.24485,1.64005,0,1.79842,2.96352,8.84649e+06,3.61194e+06,1.9859e+07,0,0,0,7.74588e+07
83.5578,110.355,1.56476,0.16,0.02,2.84298,3.44778,0,0.532778,6.048,4.2568e+06,2.70226e+06,1.2102e+07,0,0,0,6.20777e+08,53.8892,61.308,1.68391,0,0,2.24484,1.64004,0,1.73437,2.96352,8.84649e+06,3.61194e+06,1.98589e+07,0,0,0,7.74588e+07
81.7992,110.355,1.2795,0.21,0.02,2.84296,3.44776,0,0.532774,6.048,4.2568e+06,2.70226e+06,1.21019e+07,0,0,0,6.20777e+08,53.426,61.308,2.36969,0,0,2.24483,1.64003,0,1.73436,2.96352,8.84649e+06,3.61194e+06,1.98589e+07,0,0,0,7.74588e+07
82.7318,110.355,4.15894,0.19,0.02,2.84294,3.44774,0,0.532771,6.048,4.2568e+06,2.70226e+06,1.21018e+07,0,0,0,6.20777e+08,53.5605,61.308,5.47257,0,0,2.24482,1.64002,0,1.73436,2.96352,8.84649e+06,3.61194e+06,1.98588e+07,0,0,0,7.74588e+07
82.6327,110.355,3.00994,0.19,0.02,2.75386,3.35866,0,0.532767,6.048,4.2568e+06,2.70226e+06,1.17226e+07,0,0,0,6.20777e+08,53.3652,61.308,2.59141,0,0,2.16936,1.56456,0,1.73435,2.96352,8.84649e+06,3.61194e+06,1.91912e+07,0,0,0,7.74588e+07
82.1705,110.355,2.66264,0.21,0.02,2.75384,3.35864,0,0.516074,6.048,4.2568e+06,2.70226e+06,1.17225e+07,0,0,0,6.20777e+08,53.9243,61.308,5.53179,0,0,2.16935,1.56455,0,1.67604,2.96352,8.84649e+06,3.61194e+06,1.91911e+07,0,0,0,7.74588e+07
82.0974,110.355,3.05124,0.22,0.02,2.75383,3.35863,0,0.51607,6.048,4.2568e+06,2.70226e+06,1.17225e+07,0,0,0,6.20777e+08,53.8593,61.308,2.62045,0,0,2.16934,1.56454,0,1.67604,2.96352,8.84649e+06,3.61194e+06,1.9191e+07,0,0,0,7.74588e+07
82.5718,110.355,3.67176,0.16,0.02,2.75381,3.35861,0,0.516067,6.048,4.2568e+06,2.70226e+06,1.17224e+07,0,0,0,6.20777e+08,54.3739,61.308,5.1011,0,0,2.16933,1.56453,0,1.67603,2.96352,8.84649e+06,3.61194e+06,1.9191e+07,0,0,0,7.74588e+07
83.8974,110.355,4.46353,0.14,0.02,2.50085,3.10565,0,0.516064,6.048,4.2568e+06,2.70226e+06,1.06456e+07,0,0,0,6.20777e+08,55.0629,61.308,6.11907,0,0,2.01217,1.40737,0,1.67602,2.96352,8.84649e+06,3.61194e+06,1.78006e+07,0,0,0,7.74588e+07
85.7498,110.355,4.9337,0.2,0.02,2.50083,3.10563,0,0.468659,6.048,4.2568e+06,2.70226e+06,1.06455e+07,0,0,0,6.20777e+08,55.8071,61.308,6.12012,0,0,2.01216,1.40736,0,1.5546,2.96352,8.84649e+06,3.61194e+06,1.78006e+07,0,0,0,7.74588e+07
88.2606,110.355,5.69347,0.1,0.02,2.50082,3.10562,0,0.468656,6.048,4.2568e+06,2.70226e+06,1.06455e+07,0,0,0,6.20777e+08,57.2486,61.308,7.05793,0,0,2.01216,1.40736,0,1.5546,2.96352,8.84649e+06,3.61194e+06,1.78005e+07,0,0,0,7.74588e+07
91.7924,110.355,6.97467,0.12,0.02,2.5008,3.1056,0,0.468653,6.048,4.2568e+06,2.70226e+06,1.06454e+07,0,0,0,6.20777e+08,58.2516,61.308,6.17366,0,0,2.01215,1.40735,0,1.55459,2.96352,8.84649e+06,3.61194e+06,1.78004e+07,0,0,0,7.74588e+07
98.7354,110.355,10.6433,0.1,0.02,2.50078,3.10558,0,0.46865,6.048,4.2568e+06,2.70226e+06,1.06453e+07,0,0,0,6.20777e+08,61.7406,61.308,11.9776,0,0,2.01214,1.40734,0,1.55459,2.96352,8.84649e+06,3.61194e+06,1.78004e+07,0,0,0,7.74588e+07
101.942,110.355,6.93789,0.1,0.02,2.59805,3.20285,0,0.468647,6.048,4.2568e+06,2.70226e+06,1.10594e+07,0,0,0,6.20777e+08,62.3362,61.308,5.20814,0,0,2.05764,1.45284,0,1.55458,2.96352,8.84649e+06,3.61194e+06,1.82028e+07,0,0,0,7.74588e+07
104.897,110.355,6.61331,0.03,0.02,2.59801,3.20281,0,0.486875,6.048,4.2568e+06,2.70226e+06,1.10592e+07,0,0,0,6.20777e+08,62.3362,61.308,4.54595,0,0,2.05762,1.45282,0,1.58973,2.96352,8.84649e+06,3.61194e+06,1.82027e+07,0,0,0,7.74588e+07
106.586,110.355,5.20011,0.08,0.02,2.59798,3.20278,0,0.486868,6.048,4.2568e+06,2.70226e+06,1.10591e+07,0,0,0,6.20777e+08,62.3362,61.308,3.62999,0,0,2.0576,1.4528,0,1.58972,2.96352,8.84649e+06,3.61194e+06,1.82025e+07,0,0,0,7.74588e+07
107.945,110.355,4.83942,0.07,0.02,2.59794,3.20274,0,0.486861,6.048,4.2568e+06,2.70226e+06,1.10589e+07,0,0,0,6.20777e+08,62.3362,61.308,3.72782,0,0,2.05759,1.45279,0,1.5897,2.96352,8.84649e+06,3.61194e+06,1.82024e+07,0,0,0,7.74588e+07
110.355,110.355,6.61487,0.01,0.02,2.91029,3.51509,0,0.486854,6.048,4.2568e+06,2.70226e+06,1.23885e+07,0,0,0,6.20777e+08,62.3362,61.308,6.83685,0,0,2.22838,1.62358,0,1.58969,2.96352,8.84649e+06,3.61194e+06,1.97134e+07,0,0,0,7.74588e+07
110.355,110.355,8.89348,0.05,0.02,2.91025,3.51505,0,0.545388,6.048,4.2568e+06,2.70226e+06,1.23883e+07,0,0,0,6.20777e+08,62.3362,61.308,7.72756,0,0,2.22836,1.62356,0,1.72165,2.96352,8.84649e+06,3.61194e+06,1.97132e+07,0,0,0,7.74588e+07
110.355,110.355,12.0388,0.08,0.02,2.91021,3.51501,0,0.54538,6.048,4.2568e+06,2.70226e+06,1.23881e+07,0,0,0,6.20777e+08,62.3362,61.308,11.2586,0,0,2.22835,1.62355,0,1.72163,2.96352,8.84649e+06,3.61194e+06,1.9713e+07,0,0,0,7.74588e+07
110.355,110.355,16.3188,0.1,0.02,2.91017,3.51497,0,0.545372,6.048,4.2568e+06,2.70226e+06,1.2388e+07,0,0,0,6.20777e+08,62.3362,61.308,12.0623,0,0,2.22833,1.62353,0,1.72162,2.96352,8.84649e+06,3.61194e+06,1.97129e+07,0,0,0,7.74588e+07
110.355,110.355,6.73779,0.11,0.02,2.46459,3.06939,0,0.545365,6.048,4.2568e+06,2.70226e+06,1.04912e+07,0,0,0,6.20777e+08,62.3362,61.308,8.54627,0,0,1.99908,1.39428,0,1.72161,2.96352,8.84649e+06,3.61194e+06,1.76849e+07,0,0,0,7.74588e+07
110.355,110.355,5.52765,0.11,0.02,2.46455,3.06935,0,0.461863,6.048,4.2568e+06,2.70226e+06,1.04911e+07,0,0,0,6.20777e+08,62.3362,61.308,6.91207,0,0,1.99907,1.39427,0,1.54449,2.96352,8.84649e+06,3.61194e+06,1.76847e+07,0,0,0,7.74588e+07
110.355,110.355,6.93243,0.1,0.02,2.46451,3.06931,0,0.461857,6.048,4.2568e+06,2.70226e+06,1.04909e+07,0,0,0,6.20777e+08,62.3362,61.308,8.96243,0,0,1.99905,1.39425,0,1.54448,2.96352,8.84649e+06,3.61194e+06,1.76846e+07,0,0,0,7.74588e+07
110.355,110.355,9.4181,0.09,0.02,2.46448,3.06928,0,0.46185,6.048,4.2568e+06,2.70226e+06,1.04908e+07,0,0,0,6.20777e+08,62.3362,61.308,12.168,0,0,1.99904,1.39424,0,1.54447,2.96352,8.84649e+06,3.61194e+06,1.76844e+07,0,0,0,7.74588e+07
110.355,110.355,8.28643,0.09,0.02,2.46444,3.06924,0,0.461843,6.048,4.2568e+06,2.70226e+06,1.04906e+07,0,0,0,6.20777e+08,62.3362,61.308,9.12926,0,0,1.99902,1.39422,0,1.54445,2.96352,8.84649e+06,3.61194e+06,1.76843e+07,0,0,0,7.74588e+07
110.355,110.355,5.78599,0.08,0.02,2.57655,3.18135,0,0.461837,6.048,4.2568e+06,2.70226e+06,1.09678e+07,0,0,0,6.20777e+08,62.3362,61.308,7.44443,0,0,2.05508,1.45028,0,1.54444,2.96352,8.84649e+06,3.61194e+06,1.81802e+07,0,0,0,7.74588e+07
110.355,110.355,5.3297,0.05,0.02,2.57651,3.18131,0,0.482846,6.048,4.2568e+06,2.70226e+06,1.09677e+07,0,0,0,6.20777e+08,62.3362,61.308,7.68925,0,0,2.05506,1.45026,0,1.58775,2.96352,8.84649e+06,3.61194e+06,1.81801e+07,0,0,0,7.74588e+07
110.355,110.355,4.95966,0.05,0.02,2.57648,3.18128,0,0.482839,6.048,4.2568e+06,2.70226e+06,1.09675e+07,0,0,0,6.20777e+08,62.3362,61.308,9.65148,0,0,2.05504,1.45024,0,1.58774,2.96352,8.84649e+06,3.61194e+06,1.81799e+07,0,0,0,7.74588e+07
110.355,110.355,4.09271,0.05,0.02,2.57644,3.18124,0,0.482832,6.048,4.2568e+06,2.70226e+06,1.09674e+07,0,0,0,6.20777e+08,62.3362,61.308,6.6925,0,0,2.05503,1.45023,0,1.58773,2.96352,8.84649e+06,3.61194e+06,1.81798e+07,0,0,0,7.74588e+07
110.355,110.355,3.282,0.04,0.02,2.53256,3.13736,0,0.482825,6.048,4.2568e+06,2.70226e+06,1.07806e+07,0,0,0,6.20777e+08,62.3362,61.308,4.42406,0,0,2.03323,1.42843,0,1.58771,2.96352,8.84649e+06,3.61194e+06,1.7987e+07,0,0,0,7.74588e+07
110.355,110.355,5.01932,0.03,0.02,2.53252,3.13732,0,0.474602,6.048,4.2568e+06,2.70226e+06,1.07804e+07,0,0,0,6.20777e+08,62.3362,61.308,5.20646,0,0,2.03322,1.42842,0,1.57088,2.96352,8.84649e+06,3.61194e+06,1.79868e+07,0,0,0,7.74588e+07
110.355,110.355,3.40398,0.02,0.02,2.53249,3.13729,0,0.474595,6.048,4.2568e+06,2.70226e+06,1.07803e+07,0,0,0,6.20777e+08,62.3362,61.308,4.6031,0,0,2.0332,1.4284,0,1.57086,2.96352,8.84649e+06,3.61194e+06,1.79867e+07,0,0,0,7.74588e+07
110.143,110.355,2.89858,0.02,0.02,2.53245,3.13725,0,0.474588,6.048,4.2568e+06,2.70226e+06,1.07801e+07,0,0,0,6.20777e+08,62.3362,61.308,3.95508,0,0,2.03318,1.42838,0,1.57085,2.96352,8.84649e+06,3.61194e+06,1.79865e+07,0,0,0,7.74588e+07
109.791,110.355,2.81436,0.02,0.02,2.68123,3.28603,0,0.474581,6.048,4.2568e+06,2.70226e+06,1.14135e+07,0,0,0,6.20777e+08,62.3362,61.308,3.20567,0,0,2.11039,1.50559,0,1.57084,2.96352,8.84649e+06,3.61194e+06,1.86696e+07,0,0,0,7.74588e+07
109.46,110.355,2.81865,0.02,0.02,2.6812,3.286,0,0.502463,6.048,4.2568e+06,2.70226e+06,1.14133e+07,0,0,0,6.20777e+08,62.3362,61.308,3.23192,0,0,2.11037,1.50557,0,1.63049,2.96352,8.84649e+06,3.61194e+06,1.86694e+07,0,0,0,7.74588e+07
108.958,110.355,2.63618,0.02,0.02,2.68116,3.28596,0,0.502456,6.048,4.2568e+06,2.70226e+06,1.14131e+07,0,0,0,6.20777e+08,62.3362,61.308,3.06129,0,0,2.11036,1.50556,0,1.63048,2.96352,8.84649e+06,3.61194e+06,1.86692e+07,0,0,0,7.74588e+07
108.355,110.355,2.47227,0.02,0.02,2.68112,3.28592,0,0.502449,6.048,4.2568e+06,2.70226e+06,1.1413e+07,0,0,0,6.20777e+08,62.3362,61.308,2.95574,0,0,2.11034,1.50554,0,1.63046,2.96352,8.84649e+06,3.61194e+06,1.86691e+07,0,0,0,7.74588e+07
107.625,110.355,2.32226,0.03,0.02,2.68108,3.28588,0,0.502442,6.048,4.2568e+06,2.70226e+06,1.14128e+07,0,0,0,6.20777e+08,62.2175,61.308,2.73047,0,0,2.11032,1.50552,0,1.63045,2.96352,8.84649e+06,3.61194e+06,1.86689e+07,0,0,0,7.74588e+07
106.699,110.355,2.12395,0.03,0.02,2.65162,3.25642,0,0.502435,6.048,4.2568e+06,2.70226e+06,1.12874e+07,0,0,0,6.20777e+08,62.0333,61.308,2.62899,0,0,2.15275,1.54795,0,1.63043,2.96352,8.84649e+06,3.61194e+06,1.90442e+07,0,0,0,7.74588e+07
105.68,110.355,2.01339,0.06,0.02,2.65158,3.25638,0,0.496913,6.048,4.2568e+06,2.70226e+06,1.12872e+07,0,0,0,6.20777e+08,61.7895,61.308,2.34749,0,0,2.15273,1.54793,0,1.66321,2.96352,8.84649e+06,3.61194e+06,1.90441e+07,0,0,0,7.74588e+07
104.605,110.355,1.93991,0.07,0.02,2.65154,3.25634,0,0.496906,6.048,4.2568e+06,2.70226e+06,1.12871e+07,0,0,0,6.20777e+08,61.5182,61.308,2.23621,0,0,2.15271,1.54791,0,1.6632,2.96352,8.84649e+06,3.61194e+06,1.90439e+07,0,0,0,7.74588e+07
103.746,110.355,2.08785,0.07,0.02,2.6515,3.2563,0,0.496899,6.048,4.2568e+06,2.70226e+06,1.12869e+07,0,0,0,6.20777e+08,61.4247,61.308,2.54715,0,0,2.15269,1.54789,0,1.66318,2.96352,8.84649e+06,3.61194e+06,1.90438e+07,0,0,0,7.74588e+07
102.658,110.355,1.9591,0.07,0.02,2.72746,3.33226,0,0.496892,6.048,4.2568e+06,2.70226e+06,1.16102e+07,0,0,0,6.20777e+08,61.2153,61.308,2.35976,0,0,2.1905,1.5857,0,1.66317,2.96352,8.84649e+06,3.61194e+06,1.93782e+07,0,0,0,7.74588e+07
101.453,110.355,1.80672,0.07,0.02,2.72742,3.33222,0,0.511126,6.048,4.2568e+06,2.70226e+06,1.16101e+07,0,0,0,6.20777e+08,60.9144,61.308,2.24769,0,0,2.19048,1.58568,0,1.69238,2.96352,8.84649e+06,3.61194e+06,1.93781e+07,0,0,0,7.74588e+07
100.1,110.355,1.64453,0.09,0.02,2.72738,3.33218,0,0.511119,6.048,4.2568e+06,2.70226e+06,1.16099e+07,0,0,0,6.20777e+08,60.5707,61.308,1.96429,0,0,2.19046,1.58566,0,1.69236,2.96352,8.84649e+06,3.61194e+06,1.93779e+07,0,0,0,7.74588e+07
98.9719,110.355,1.84977,0.1,0.02,2.72735,3.33215,0,0.511112,6.048,4.2568e+06,2.70226e+06,1.16098e+07,0,0,0,6.20777e+08,60.3786,61.308,2.56518,0,0,2.19044,1.58564,0,1.69235,2.96352,8.84649e+06,3.61194e+06,1.93777e+07,0,0,0,7.74588e+07
97.3677,110.355,1.57797,0.1,0.02,2.94984,3.55464,0,0.511105,6.048,4.2568e+06,2.70226e+06,1.25569e+07,0,0,0,6.20777e+08,60.11,61.308,2.27208,0,0,2.32694,1.72214,0,1.69234,2.96352,8.84649e+06,3.61194e+06,2.05853e+07,0,0,0,7.74588e+07
95.7072,110.355,1.52678,0.1,0.02,2.9498,3.5546,0,0.552801,6.048,4.2568e+06,2.70226e+06,1.25567e+07,0,0,0,6.20777e+08,59.8583,61.308,2.34681,0,0,2.32692,1.72212,0,1.79779,2.96352,8.84649e+06,3.61194e+06,2.05851e+07,0,0,0,7.74588e+07
93.8801,110.355,1.37494,0.13,0.02,2.94976,3.55456,0,0.552793,6.048,4.2568e+06,2.70226e+06,1.25565e+07,0,0,0,6.20777e+08,59.5812,61.308,2.24912,0,0,2.3269,1.7221,0,1.79778,2.96352,8.84649e+06,3.61194e+06,2.05849e+07,0,0,0,7.74588e+07
92.0906,110.355,1.38664,0.12,0.02,2.94972,3.55452,0,0.552786,6.048,4.2568e+06,2.70226e+06,1.25564e+07,0,0,0,6.20777e+08,59.4092,61.308,2.4409,0,0,2.32688,1.72208,0,1.79776,2.96352,8.84649e+06,3.61194e+06,2.05847e+07,0,0,0,7.74588e+07
90.2779,110.355,1.33489,0.13,0.02,2.94968,3.55448,0,0.552778,6.048,4.2568e+06,2.70226e+06,1.25562e+07,0,0,0,6.20777e+08,58.467,61.308,2.25133,0,0,2.32686,1.72206,0,1.79775,2.96352,8.84649e+06,3.61194e+06,2.05846e+07,0,0,0,7.74588e+07
88.1859,110.355,0.99389,0.13,0.02,2.84119,3.44599,0,0.55277,6.048,4.2568e+06,2.70226e+06,1.20944e+07,0,0,0,6.20777e+08,57.3266,61.308,0.909123,0,0,2.24399,1.63919,0,1.79773,2.96352,8.84649e+06,3.61194e+06,1.98514e+07,0,0,0,7.74588e+07
86.0803,110.355,1.08745,0.16,0.02,2.84115,3.44595,0,0.532439,6.048,4.2568e+06,2.70226e+06,1.20942e+07,0,0,0,6.20777e+08,56.3135,61.308,1.15242,0,0,2.24397,1.63917,0,1.7337,2.96352,8.84649e+06,3.61194e+06,1.98512e+07,0,0,0,7.74588e+07
83.9199,110.355,1.03511,0.16,0.02,2.84111,3.44591,0,0.532432,6.048,4.2568e+06,2.70226e+06,1.2094e+07,0,0,0,6.20777e+08,55.4371,61.308,1.18784,0,0,2.24395,1.63915,0,1.73369,2.96352,8.84649e+06,3.61194e+06,1.98511e+07,0,0,0,7.74588e+07
81.9744,110.355,1.18038,0.21,0.02,2.84107,3.44587,0,0.532424,6.048,4.2568e+06,2.70226e+06,1.20939e+07,0,0,0,6.20777e+08,54.4562,61.308,1.34289,0,0,2.24393,1.63913,0,1.73367,2.96352,8.84649e+06,3.61194e+06,1.98509e+07,0,0,0,7.74588e+07
79.692,110.355,0.758052,0.2,0.02,2.75202,3.35682,0,0.532417,6.048,4.2568e+06,2.70226e+06,1.17148e+07,0,0,0,6.20777e+08,53.723,61.308,1.07728,0,0,2.1685,1.5637,0,1.73366,2.96352,8.84649e+06,3.61194e+06,1.91836e+07,0,0,0,7.74588e+07
77.8164,110.355,1.19127,0.21,0.02,2.75198,3.35678,0,0.515728,6.048,4.2568e+06,2.70226e+06,1.17146e+07,0,0,0,6.20777e+08,53.2147,61.308,1.54349,0,0,2.16848,1.56368,0,1.67538,2.96352,8.84649e+06,3.61194e+06,1.91834e+07,0,0,0,7.74588e+07
76.7723,110.355,2.0924,0.25,0.02,2.75194,3.35674,0,0.515721,6.048,4.2568e+06,2.70226e+06,1.17144e+07,0,0,0,6.20777e+08,52.9792,61.308,2.00423,0,0,2.16846,1.56366,0,1.67537,2.96352,8.84649e+06,3.61194e+06,1.91833e+07,0,0,0,7.74588e+07
