0st_vol,0capacity,0net_inf,0st_rof,0lt_rof,0rest_demand,0unrest_demand,0unfulf_demand,0wastewater,0treat_capacity,1st_vol,1capacity,1net_inf,1st_rof,1lt_rof,1rest_demand,1unrest_demand,1unfulf_demand,1wastewater,1treat_capacity
85.139,85.139,6.46158,0.05,0,2.16737,2.46977,0,0,4.47552,99.3022,98.274,9.21861,0,0,1.73502,1.43262,0,0,2.1168
85.139,85.139,4.38636,0.05,0,2.1886,2.47026,0,0.406166,4.47552,99.3022,98.274,4.73699,0,0,1.71456,1.4329,0,1.34047,2.1168
85.139,85.139,3.04403,0.05,0,2.18938,2.47075,0,0.410144,4.47552,99.3022,98.274,3.78937,0,0,1.71456,1.43319,0,1.32467,2.1168
85.139,85.139,3.57282,0.05,0,2.19015,2.47125,0,0.410289,4.47552,99.3022,98.274,6.02604,0,0,1.71456,1.43347,0,1.32467,2.1168
85.139,85.139,7.99604,0.05,0,2.43202,2.71282,0,0.410434,4.47552,99.3022,98.274,10.8575,0,0,1.88314,1.60234,0,1.32467,2.1168
85.139,85.139,6.91372,0.05,0,2.60142,2.71336,0,0.45576,4.47552,99.3022,98.274,10.7037,0,0,1.7146,1.60265,0,1.45492,2.1168
85.139,85.139,4.64351,0.05,0,2.60228,2.7139,0,0.487506,4.47552,99.3022,98.274,5.76487,0,0,1.7146,1.60297,0,1.3247,2.1168
85.139,85.139,3.79856,0.05,0,2.60313,2.71444,0,0.487667,4.47552,99.3022,98.274,4.75058,0,0,1.7146,1.60329,0,1.3247,2.1168
85.139,85.139,5.31673,0.05,0,2.25985,2.37084,0,0.487827,4.47552,99.3022,98.274,6.4481,0,0,1.48818,1.37719,0,1.3247,2.1168
85.139,85.139,5.70789,0.05,0,2.06891,2.37131,0,0.423496,4.47552,99.3022,98.274,6.88943,0,0,1.67987,1.37747,0,1.14977,2.1168
85.139,85.139,7.15648,0.05,0,2.06938,2.37178,0,0.387714,4.47552,99.3022,98.274,8.76501,0,0,1.68014,1.37774,0,1.29787,2.1168
85.139,85.139,9.71474,0.05,0,2.06986,2.37226,0,0.387802,4.47552,99.3022,98.274,12.119,0,0,1.68042,1.37802,0,1.29808,2.1168
85.139,85.139,9.96625,0.05,0,2.07033,2.37273,0,0.387891,4.47552,99.3022,98.274,10.0617,0,0,1.68069,1.37829,0,1.29829,2.1168
85.139,85.139,8.68349,0.05,0,2.15751,2.45991,0,0.387979,4.47552,99.3022,98.274,8.60789,0,0,1.73641,1.43401,0,1.2985,2.1168
85.139,85.139,6.43482,0.05,0,2.18013,2.4604,0,0.404317,4.47552,99.3022,98.274,6.91177,0,0,1.71457,1.43429,0,1.34155,2.1168
85.139,85.139,5.56295,0.05,0,2.1809,2.46089,0,0.408556,4.47552,99.3022,98.274,6.47472,0,0,1.71457,1.43458,0,1.32467,2.1168
85.139,85.139,5.66942,0.05,0,2.18168,2.46138,0,0.408701,4.47552,99.3022,98.274,6.12366,0,0,1.71457,1.43486,0,1.32467,2.1168
85.139,85.139,5.11578,0.05,0,2.14852,2.42794,0,0.408846,4.47552,99.3022,98.274,4.92964,0,0,1.69301,1.4136,0,1.32467,2.1168
85.139,85.139,4.53239,0.05,0,2.12774,2.42842,0,0.402633,4.47552,99.3022,98.274,4.62008,0,0,1.71456,1.41388,0,1.30802,2.1168
85.139,85.139,4.03968,0.04,0,2.1285,2.4289,0,0.398738,4.47552,99.3022,98.274,4.92901,0,0,1.71456,1.41416,0,1.32467,2.1168
85.139,85.139,4.20434,0.04,0,2.12927,2.42939,0,0.398882,4.47552,99.3022,98.274,4.33867,0,0,1.71456,1.41444,0,1.32467,2.1168
85.139,85.139,4.07264,0.04,0,2.2453,2.54514,0,0.399025,4.47552,99.3022,98.274,4.26752,0,0,1.79105,1.49121,0,1.32467,2.1168
85.139,85.139,3.302,0.02,0,2.32257,2.54564,0,0.420769,4.47552,99.3022,98.274,3.61919,0,0,1.71458,1.49151,0,1.38376,2.1168
85.139,85.139,3.14218,0.01,0,2.32338,2.54615,0,0.43525,4.47552,99.3022,98.274,3.17735,0,0,1.71458,1.4918,0,1.32468,2.1168
85.139,85.139,2.98787,0.01,0,2.32418,2.54666,0,0.435401,4.47552,99.3022,98.274,2.98484,0,0,1.71458,1.4921,0,1.32468,2.1168
85.139,85.139,2.76918,0.01,0,2.32498,2.54716,0,0.435551,4.47552,99.3022,98.274,3.06723,0,0,1.71458,1.4924,0,1.32468,2.1168
85.139,85.139,2.80309,0.01,0,2.30297,2.52485,0,0.435702,4.47552,99.3022,98.274,3.49078,0,0,1.75666,1.53478,0,1.32468,2.1168
85.139,85.139,2.70877,0.01,0,2.34585,2.52535,0,0.431577,4.47552,99.3022,98.274,3.44388,0,0,1.71459,1.53508,0,1.35719,2.1168
85.0125,85.139,2.42276,0.01,0,2.34666,2.52586,0,0.439612,4.47552,99.3022,98.274,3.19596,0,0,1.71459,1.53539,0,1.32469,2.1168
84.7444,85.139,2.26878,0.03,0,2.34747,2.52636,0,0.439764,4.47552,99.3022,98.274,3.23448,0,0,1.71459,1.53569,0,1.32469,2.1168
84.5178,85.139,2.3593,0.03,0,2.40725,2.58583,0,0.439915,4.47552,99.3022,98.274,3.22347,0,0,1.75212,1.57353,0,1.32469,2.1168
84.2411,85.139,2.33445,0.03,0,2.4456,2.58635,0,0.451118,4.47552,99.3022,98.274,3.17948,0,0,1.71459,1.57384,0,1.35369,2.1168
83.6782,85.139,2.04038,0.03,0,2.44643,2.58686,0,0.458305,4.47552,99.3022,98.274,2.95132,0,0,1.71459,1.57416,0,1.32469,2.1168
82.9659,85.139,1.88172,0.03,0,2.44726,2.58738,0,0.458461,4.47552,99.3022,98.274,2.83827,0,0,1.71459,1.57447,0,1.32469,2.1168
81.8548,85.139,1.59463,0.03,0,2.62092,2.76073,0,0.458616,4.47552,99.268,98.274,2.92755,0,0,1.85018,1.71037,0,1.32469,2.1168
80.6162,85.139,1.55699,0.03,0,2.75736,2.76128,0,0.49116,4.47552,99.2794,98.274,3.07572,0,0,1.71462,1.71071,0,1.42945,2.1168
79.9448,85.139,2.12421,0.03,0,2.75825,2.76183,0,0.51673,4.47552,99.3022,98.274,3.46335,0,0,1.71462,1.71105,0,1.32472,2.1168
80.1769,85.139,3.11188,0.03,0,2.75915,2.76238,0,0.516897,4.47552,99.3022,98.274,4.05492,0,0,1.71462,1.71139,0,1.32472,2.1168
79.8708,85.139,2.58868,0.03,0,2.76004,2.76293,0,0.517064,4.47552,99.3022,98.274,3.59948,0,0,1.71462,1.71173,0,1.32472,2.1168
78.3275,85.139,1.12718,0.03,0,2.67661,2.67916,0,0.517231,4.47552,99.1983,98.274,2.8588,0,0,1.63225,1.6297,0,1.32472,2.1168
76.6749,85.139,0.936916,0.04,0,2.59511,2.67969,0,0.501597,4.47552,98.9764,98.274,2.55124,0,0,1.7146,1.63002,0,1.26107,2.1168
75.699,85.139,1.73673,0.04,0,2.59597,2.68023,0,0.486324,4.47552,99.107,98.274,3.50919,0,0,1.7146,1.63034,0,1.3247,2.1168
76.3238,85.139,3.46037,0.04,0,2.59683,2.68076,0,0.486484,4.47552,99.3022,98.274,4.99516,0,0,1.7146,1.63067,0,1.3247,2.1168
74.8873,85.139,1.24031,0.04,0,2.52842,2.61203,0,0.486645,4.47552,99.3022,98.274,2.81731,0,0,1.63956,1.55595,0,1.3247,2.1168
73.8244,85.139,1.56644,0.04,0,2.45422,2.61255,0,0.473826,4.47552,99.2608,98.274,2.61708,0,0,1.71459,1.55626,0,1.26673,2.1168
74.1833,85.139,3.02747,0.03,0,2.45505,2.61307,0,0.459922,4.47552,99.3022,98.274,3.71944,0,0,1.71459,1.55657,0,1.32469,2.1168
75.044,85.139,3.54444,0.03,0,2.45589,2.61359,0,0.460077,4.47552,99.3022,98.274,6.24115,0,0,1.71459,1.55688,0,1.32469,2.1168
74.8947,85.139,2.37394,0.03,0,2.25984,2.41724,0,0.460233,4.47552,99.3022,98.274,5.56169,0,0,1.55818,1.40078,0,1.32469,2.1168
74.1572,85.139,1.70329,0.02,0,2.11532,2.41772,0,0.423495,4.47552,99.281,98.274,4.37662,0,0,1.70346,1.40106,0,1.20385,2.1168
73.8315,85.139,2.14264,0.02,0,2.1158,2.4182,0,0.396411,4.47552,99.2032,98.274,3.47993,0,0,1.70374,1.40134,0,1.31609,2.1168
73.9932,85.139,2.65846,0.02,0,2.11629,2.41869,0,0.396502,4.47552,99.3022,98.274,3.49901,0,0,1.70402,1.40162,0,1.31631,2.1168
74.0022,85.139,2.49818,0.03,0,2.11677,2.41917,0,0.396592,4.47552,99.3022,98.274,5.46352,0,0,1.70429,1.40189,0,1.31652,2.1168
76.0303,85.139,4.88429,0.03,0,2.19305,2.49545,0,0.396682,4.47552,99.3022,98.274,4.12903,0,0,1.74991,1.44751,0,1.31674,2.1168
78.7415,85.139,5.54119,0.03,0,2.22916,2.49593,0,0.410977,4.47552,99.3022,98.274,4.81815,0,0,1.71456,1.44779,0,1.35198,2.1168
82.0722,85.139,6.15009,0.04,0,2.22992,2.49641,0,0.417744,4.47552,99.3022,98.274,6.67984,0,0,1.71456,1.44807,0,1.32467,2.1168
85.139,85.139,7.37773,0.04,0,2.23068,2.49689,0,0.417887,4.47552,99.3022,98.274,5.53631,0,0,1.71456,1.44835,0,1.32467,2.1168
85.139,85.139,6.85903,0.01,0,2.47503,2.74096,0,0.41803,4.47552,99.3022,98.274,5.03191,0,0,1.88489,1.61896,0,1.32467,2.1168
85.139,85.139,3.39613,0.02,0,2.64617,2.74149,0,0.463821,4.47552,99.3022,98.274,3.70347,0,0,1.71459,1.61927,0,1.45626,2.1168
85.139,85.139,4.63824,0.03,0,2.64701,2.74202,0,0.495892,4.47552,99.3022,98.274,4.07673,0,0,1.71459,1.61958,0,1.32469,2.1168
85.139,85.139,3.77293,0.03,0,2.64785,2.74255,0,0.49605,4.47552,99.3022,98.274,3.66045,0,0,1.71459,1.61989,0,1.32469,2.1168
85.139,85.139,4.32743,0.03,0,2.30099,2.39538,0,0.496208,4.47552,99.3022,98.274,4.18848,0,0,1.48583,1.39145,0,1.32469,2.1168
85.139,85.139,4.49201,0.04,0,2.09344,2.39584,0,0.431206,4.47552,99.3022,98.274,3.42466,0,0,1.69412,1.39172,0,1.14796,2.1168
85.139,85.139,6.06799,0.04,0,2.0939,2.3963,0,0.392311,4.47552,99.3022,98.274,5.34398,0,0,1.69439,1.39199,0,1.30887,2.1168
85.139,85.139,4.54606,0.04,0,2.09437,2.39677,0,0.392398,4.47552,99.3022,98.274,4.87131,0,0,1.69466,1.39226,0,1.30908,2.1168
85.139,85.139,8.54077,0.04,0,2.09483,2.39723,0,0.392485,4.47552,99.3022,98.274,7.86695,0,0,1.69492,1.39252,0,1.30929,2.1168
85.139,85.139,4.00949,0.05,0,2.1829,2.4853,0,0.392571,4.47552,99.3022,98.274,5.27534,0,0,1.75121,1.44881,0,1.3095,2.1168
85.139,85.139,3.64189,0.05,0,2.22031,2.48578,0,0.409076,4.47552,99.3022,98.274,4.34521,0,0,1.71456,1.44909,0,1.35299,2.1168
85.139,85.139,3.44677,0.05,0,2.22107,2.48626,0,0.416086,4.47552,99.3022,98.274,4.08031,0,0,1.71456,1.44937,0,1.32467,2.1168
85.139,85.139,2.97147,0.05,0,2.22183,2.48674,0,0.416229,4.47552,99.3022,98.274,3.58542,0,0,1.71456,1.44965,0,1.32467,2.1168
85.139,85.139,3.29304,0.05,0,2.18831,2.45294,0,0.416371,4.47552,99.3022,98.274,3.87587,0,0,1.69279,1.42816,0,1.32467,2.1168
85.139,85.139,3.46442,0.05,0,2.16729,2.45342,0,0.41009,4.47552,99.3022,98.274,3.96458,0,0,1.71456,1.42843,0,1.30785,2.1168
85.139,85.139,3.10752,0.04,0,2.16804,2.45389,0,0.406151,4.47552,99.3022,98.274,3.73502,0,0,1.71456,1.42871,0,1.32467,2.1168
85.139,85.139,2.92271,0.04,0,2.1688,2.45437,0,0.406292,4.47552,99.3022,98.274,3.44169,0,0,1.71456,1.42899,0,1.32467,2.1168
85.139,85.139,3.02198,0.04,0,2.286,2.57129,0,0.406432,4.47552,99.3022,98.274,3.53477,0,0,1.79183,1.50654,0,1.32467,2.1168
85.139,85.139,2.87305,0.02,0,2.36404,2.57179,0,0.428396,4.47552,99.3022,98.274,4.02504,0,0,1.71457,1.50683,0,1.38437,2.1168
84.9926,85.139,2.49591,0.01,0,2.36483,2.57229,0,0.443022,4.47552,99.3022,98.274,3.55327,0,0,1.71457,1.50712,0,1.32468,2.1168
84.7447,85.139,2.38244,0.04,0,2.36562,2.57278,0,0.44317,4.47552,99.3022,98.274,3.41779,0,0,1.71457,1.50741,0,1.32468,2.1168
84.4021,85.139,2.28077,0.04,0,2.36641,2.57328,0,0.443317,4.47552,99.3022,98.274,3.6717,0,0,1.71457,1.5077,0,1.32468,2.1168
84.166,85.139,2.3611,0.02,0,2.34415,2.55073,0,0.443465,4.47552,99.3022,98.274,3.30764,0,0,1.75708,1.5505,0,1.32468,2.1168
83.7439,85.139,2.20883,0.02,0,2.38744,2.55122,0,0.439293,4.47552,99.3022,98.274,3.19778,0,0,1.71458,1.5508,0,1.35752,2.1168
83.1282,85.139,2.01133,0.03,0,2.38824,2.55171,0,0.447407,4.47552,99.3022,98.274,3.04118,0,0,1.71458,1.5511,0,1.32468,2.1168
82.3516,85.139,1.82729,0.03,0,2.38903,2.55221,0,0.447556,4.47552,99.3022,98.274,2.80646,0,0,1.71458,1.5514,0,1.32468,2.1168
81.6685,85.139,1.93235,0.03,0,2.4494,2.61228,0,0.447704,4.47552,99.2233,98.274,2.96751,0,0,1.7525,1.58962,0,1.32468,2.1168
80.9186,85.139,1.89255,0.03,0,2.48812,2.61278,0,0.459018,4.47552,99.1233,98.274,2.83205,0,0,1.71459,1.58993,0,1.35398,2.1168
80.0378,85.139,1.7476,0.03,0,2.48894,2.61329,0,0.466274,4.47552,99.0099,98.274,2.73484,0,0,1.71459,1.59024,0,1.32469,2.1168
78.8666,85.139,1.4388,0.03,0,2.48975,2.61379,0,0.466426,4.47552,98.8953,98.274,2.72167,0,0,1.71459,1.59054,0,1.32469,2.1168
77.5057,85.139,1.38897,0.04,0,2.66516,2.78889,0,0.466579,4.47552,98.6475,98.274,2.5925,0,0,1.85155,1.72782,0,1.32469,2.1168
76.7522,85.139,2.09431,0.04,0,2.78943,2.78943,0,0.499451,4.47552,98.5469,98.274,2.86125,0,0,1.72815,1.72815,0,1.43051,2.1168
75.6508,85.139,1.76547,0.04,0,2.78997,2.78997,0,0.52274,4.47552,98.3599,98.274,2.52218,0,0,1.72849,1.72849,0,1.33517,2.1168
74.7309,85.139,1.92287,0.04,0,2.79051,2.79051,0,0.522841,4.47552,98.391,98.274,3.30595,0,0,1.72882,1.72882,0,1.33543,2.1168
73.6849,85.139,1.78906,0.04,0,2.79105,2.79105,0,0.522942,4.47552,98.201,98.274,3.02581,0,0,1.72916,1.72916,0,1.33569,2.1168
72.3237,85.139,1.43819,0.05,0,2.70642,2.70642,0,0.523044,4.47552,98.1632,98.274,2.07942,0,0,1.64628,1.64628,0,1.33595,2.1168
72.3995,85.139,2.83059,0.05,0,2.63894,2.70694,0,0.507183,4.47552,98.3821,98.274,3.65059,0,0,1.7146,1.6466,0,1.27191,2.1168
70.9902,85.139,1.3276,0.05,0,2.63978,2.70747,0,0.494537,4.47552,98.1442,98.274,2.02819,0,0,1.7146,1.64691,0,1.3247,2.1168
69.7501,85.139,1.46406,0.05,0,2.64063,2.70799,0,0.494695,4.47552,98.2062,98.274,2.09719,0,0,1.7146,1.64723,0,1.3247,2.1168
70.5001,85.139,3.51689,0.05,0,2.5715,2.63855,0,0.494853,4.47552,98.5088,98.274,4.00334,0,0,1.6388,1.57175,0,1.3247,2.1168
70.8628,85.139,3.05216,0.05,0,2.49653,2.63906,0,0.481899,4.47552,98.9352,98.274,3.64285,0,0,1.71458,1.57205,0,1.26613,2.1168
70.673,85.139,2.49122,0.05,0,2.49734,2.63957,0,0.467849,4.47552,99.3022,98.274,4.9603,0,0,1.71458,1.57236,0,1.32469,2.1168
70.235,85.139,2.26832,0.05,0,2.49816,2.64008,0,0.468002,4.47552,99.3022,98.274,3.72288,0,0,1.71458,1.57266,0,1.32469,2.1168
74.2964,85.139,6.89798,0.05,0,2.30011,2.44173,0,0.468155,4.47552,99.3022,98.274,5.70238,0,0,1.55659,1.41497,0,1.32469,2.1168
73.9187,85.139,2.10619,0.03,0,2.14288,2.4422,0,0.43104,4.47552,99.2152,98.274,2.17864,0,0,1.71455,1.41524,0,1.20262,2.1168
75.5048,85.139,4.1889,0.02,0,2.14363,2.44267,0,0.401577,4.47552,99.3022,98.274,3.53054,0,0,1.71455,1.41551,0,1.32466,2.1168
76.5919,85.139,3.67029,0.03,0,2.14438,2.44314,0,0.401716,4.47552,99.2998,98.274,2.57111,0,0,1.71455,1.41579,0,1.32466,2.1168
79.3139,85.139,5.37519,0.03,0,2.14513,2.44362,0,0.401856,4.47552,99.3022,98.274,4.83361,0,0,1.71455,1.41606,0,1.32466,2.1168
79.381,85.139,2.75843,0.03,0,2.22243,2.52065,0,0.401997,4.47552,99.3022,98.274,3.77724,0,0,1.76035,1.46213,0,1.32466,2.1168
78.7926,85.139,2.07961,0.04,0,2.26897,2.52112,0,0.416484,4.47552,99.3022,98.274,3.65682,0,0,1.71455,1.4624,0,1.36004,2.1168
82.0374,85.139,6.02997,0.04,0,2.26972,2.5216,0,0.425205,4.47552,99.3022,98.274,5.78083,0,0,1.71455,1.46268,0,1.32466,2.1168
85.139,85.139,13.0037,0.04,0,2.27047,2.52207,0,0.425345,4.47552,99.3022,98.274,10.5003,0,0,1.71455,1.46295,0,1.32466,2.1168
85.139,85.139,7.312,0.02,0,2.51725,2.76858,0,0.425485,4.47552,99.3022,98.274,8.14225,0,0,1.8866,1.63527,0,1.32466,2.1168
85.139,85.139,8.81212,0.02,0,2.69009,2.7691,0,0.471733,4.47552,99.3022,98.274,10.4957,0,0,1.71459,1.63558,0,1.45759,2.1168
85.139,85.139,8.71882,0.04,0,2.69092,2.76962,0,0.504123,4.47552,99.3022,98.274,9.3367,0,0,1.71459,1.63588,0,1.32469,2.1168
85.139,85.139,7.60114,0.05,0,2.69174,2.77014,0,0.504278,4.47552,99.3022,98.274,8.59179,0,0,1.71459,1.63619,0,1.32469,2.1168
85.139,85.139,10.5636,0.05,0,2.34137,2.41946,0,0.504432,4.47552,99.3022,98.274,10.3171,0,0,1.48353,1.40544,0,1.32469,2.1168
85.139,85.139,8.11487,0.05,0,2.11751,2.41991,0,0.438772,4.47552,99.3022,98.274,7.99315,0,0,1.7081,1.4057,0,1.14617,2.1168
85.139,85.139,5.80849,0.05,0,2.11797,2.42037,0,0.396822,4.47552,99.3022,98.274,6.63989,0,0,1.70836,1.40596,0,1.31968,2.1168
85.139,85.139,5.86673,0.05,0,2.11842,2.42082,0,0.396907,4.47552,99.3022,98.274,5.43997,0,0,1.70863,1.40623,0,1.31988,2.1168
85.139,85.139,5.49459,0.05,0,2.11887,2.42127,0,0.396992,4.47552,99.3022,98.274,6.23563,0,0,1.70889,1.40649,0,1.32009,2.1168
85.139,85.139,7.85455,0.05,0,2.20781,2.51021,0,0.397077,4.47552,99.3022,98.274,9.175,0,0,1.76573,1.46333,0,1.32029,2.1168
85.139,85.139,5.89895,0.05,0,2.25974,2.51068,0,0.413744,4.47552,99.3022,98.274,7.73561,0,0,1.71455,1.46361,0,1.3642,2.1168
85.139,85.139,8.85709,0.05,0,2.26048,2.51115,0,0.423474,4.47552,99.3022,98.274,11.1905,0,0,1.71455,1.46388,0,1.32466,2.1168
85.139,85.139,5.87807,0.05,0,2.26123,2.51162,0,0.423614,4.47552,99.3022,98.274,8.1878,0,0,1.71455,1.46416,0,1.32466,2.1168
85.139,85.139,5.40848,0.05,0,2.22735,2.47747,0,0.423754,4.47552,99.3022,98.274,7.90609,0,0,1.69256,1.44244,0,1.32466,2.1168
85.139,85.139,4.94698,0.05,0,2.2061,2.47794,0,0.417405,4.47552,99.3022,98.274,7.05745,0,0,1.71455,1.44271,0,1.30767,2.1168
85.139,85.139,4.4646,0.05,0,2.20683,2.4784,0,0.413422,4.47552,99.3022,98.274,6.3054,0,0,1.71455,1.44298,0,1.32466,2.1168
85.139,85.139,4.27925,0.04,0,2.20757,2.47887,0,0.41356,4.47552,99.3022,98.274,6.04947,0,0,1.71455,1.44325,0,1.32466,2.1168
85.139,85.139,4.13265,0.04,0,2.32591,2.59694,0,0.413698,4.47552,99.3022,98.274,5.58762,0,0,1.79259,1.52157,0,1.32466,2.1168
85.139,85.139,4.10155,0.04,0,2.40471,2.59743,0,0.435876,4.47552,99.3022,98.274,5.90186,0,0,1.71457,1.52185,0,1.38496,2.1168
85.139,85.139,3.565,0.03,0,2.40549,2.59792,0,0.450643,4.47552,99.3022,98.274,5.24414,0,0,1.71457,1.52214,0,1.32467,2.1168
85.139,85.139,3.15321,0.02,0,2.40626,2.5984,0,0.450788,4.47552,99.3022,98.274,4.95948,0,0,1.71457,1.52242,0,1.32467,2.1168
85.139,85.139,2.87731,0.02,0,2.40703,2.59889,0,0.450933,4.47552,99.3022,98.274,4.71043,0,0,1.71457,1.52271,0,1.32467,2.1168
85.139,85.139,2.64719,0.02,0,2.38452,2.5761,0,0.451078,4.47552,99.3022,98.274,3.73611,0,0,1.7575,1.56593,0,1.32467,2.1168
84.8819,85.139,2.40187,0.02,0,2.42823,2.57658,0,0.44686,4.47552,99.3022,98.274,3.38591,0,0,1.71457,1.56622,0,1.35784,2.1168
84.4426,85.139,2.19522,0.03,0,2.429,2.57706,0,0.45505,4.47552,99.3022,98.274,3.24588,0,0,1.71457,1.56651,0,1.32468,2.1168
83.9117,85.139,2.06668,0.03,0,2.42978,2.57755,0,0.455195,4.47552,99.3022,98.274,3.13354,0,0,1.71457,1.56681,0,1.32468,2.1168
83.1617,85.139,1.89124,0.03,0,2.49072,2.6382,0,0.455341,4.47552,99.3022,98.274,2.93309,0,0,1.75287,1.60539,0,1.32468,2.1168
82.6521,85.139,2.16917,0.03,0,2.52981,2.63869,0,0.466762,4.47552,99.3022,98.274,3.32568,0,0,1.71458,1.6057,0,1.35426,2.1168
82.0024,85.139,2.01082,0.03,0,2.5306,2.63919,0,0.474086,4.47552,99.3022,98.274,3.35686,0,0,1.71458,1.606,0,1.32469,2.1168
81.2105,85.139,1.8622,0.03,0,2.5314,2.63968,0,0.474235,4.47552,99.3022,98.274,2.98661,0,0,1.71458,1.6063,0,1.32469,2.1168
80.318,85.139,1.89746,0.03,0,2.70852,2.8165,0,0.474384,4.47552,99.3022,98.274,3.40586,0,0,1.8529,1.74492,0,1.32469,2.1168
79.329,85.139,1.89281,0.03,0,2.81703,2.81703,0,0.507577,4.47552,99.2804,98.274,2.72435,0,0,1.74525,1.74525,0,1.43155,2.1168
78.5458,85.139,2.10583,0.04,0,2.81756,2.81756,0,0.527912,4.47552,99.3022,98.274,3.24769,0,0,1.74558,1.74558,0,1.34838,2.1168
77.3503,85.139,1.69789,0.04,0,2.81809,2.81809,0,0.528011,4.47552,99.2086,98.274,2.45761,0,0,1.7459,1.7459,0,1.34863,2.1168
76.506,85.139,2.02885,0.04,0,2.81862,2.81862,0,0.52811,4.47552,99.3022,98.274,3.97842,0,0,1.74623,1.74623,0,1.34889,2.1168
75.1756,85.139,1.49818,0.04,0,2.73313,2.73313,0,0.528209,4.47552,99.3022,98.274,6.44385,0,0,1.66252,1.66252,0,1.34914,2.1168
73.6097,85.139,1.22242,0.04,0,2.68189,2.73364,0,0.512189,4.47552,99.2677,98.274,3.86218,0,0,1.71459,1.66284,0,1.28447,2.1168
72.0856,85.139,1.26831,0.06,0,2.68271,2.73416,0,0.502586,4.47552,99.2238,98.274,3.75422,0,0,1.71459,1.66315,0,1.32469,2.1168
72.7209,85.139,3.68865,0.07,0,2.68354,2.73467,0,0.50274,4.47552,99.3022,98.274,6.74236,0,0,1.71459,1.66346,0,1.32469,2.1168
72.2313,85.139,2.49066,0.07,0,2.61371,2.66453,0,0.502895,4.47552,99.3022,98.274,5.28322,0,0,1.63804,1.58722,0,1.32469,2.1168
70.2354,85.139,0.89636,0.07,0,2.53797,2.66503,0,0.489809,4.47552,99.3022,98.274,2.93673,0,0,1.71458,1.58752,0,1.26555,2.1168
68.5103,85.139,1.09453,0.06,0,2.53877,2.66553,0,0.475615,4.47552,99.3022,98.274,3.52542,0,0,1.71458,1.58782,0,1.32468,2.1168
69.8467,85.139,4.35195,0.08,0,2.53957,2.66603,0,0.475765,4.47552,99.3022,98.274,6.14485,0,0,1.71458,1.58812,0,1.32468,2.1168
69.3946,85.139,2.35355,0.07,0,2.33954,2.46571,0,0.475915,4.47552,99.3022,98.274,4.80115,0,0,1.55503,1.42886,0,1.32468,2.1168
70.2742,85.139,3.46222,0.07,0,2.18075,2.46617,0,0.438431,4.47552,99.3022,98.274,6.17376,0,0,1.71455,1.42913,0,1.20141,2.1168
73.7655,85.139,6.36138,0.07,0,2.18149,2.46663,0,0.408673,4.47552,99.3022,98.274,8.41647,0,0,1.71455,1.4294,0,1.32466,2.1168
76.6849,85.139,5.64341,0.07,0,2.18222,2.4671,0,0.40881,4.47552,99.3022,98.274,7.32616,0,0,1.71455,1.42967,0,1.32466,2.1168
78.0906,85.139,4.2381,0.03,0,2.18295,2.46756,0,0.408947,4.47552,99.3022,98.274,4.42175,0,0,1.71455,1.42994,0,1.32466,2.1168
79.6938,85.139,4.59031,0.04,0,2.26099,2.54533,0,0.409085,4.47552,99.3022,98.274,6.41384,0,0,1.76079,1.47645,0,1.32466,2.1168
82.882,85.139,6.28448,0.03,0,2.30796,2.54579,0,0.42371,4.47552,99.3022,98.274,7.15641,0,0,1.71455,1.47671,0,1.36039,2.1168
84.8573,85.139,5.00927,0.03,0,2.30869,2.54626,0,0.432512,4.47552,99.3022,98.274,7.02496,0,0,1.71455,1.47698,0,1.32466,2.1168
85.139,85.139,4.54581,0.04,0,2.30942,2.54672,0,0.432649,4.47552,99.3022,98.274,6.61614,0,0,1.71455,1.47725,0,1.32466,2.1168
85.139,85.139,8.04705,0.03,0,2.5586,2.79563,0,0.432785,4.47552,99.3022,98.274,9.13072,0,0,1.88827,1.65124,0,1.32466,2.1168
85.139,85.139,4.07696,0.03,0,2.73309,2.79613,0,0.479481,4.47552,99.3022,98.274,4.3414,0,0,1.71458,1.65154,0,1.45888,2.1168
85.139,85.139,4.44843,0.04,0,2.7339,2.79664,0,0.512182,4.47552,99.3022,98.274,4.54582,0,0,1.71458,1.65184,0,1.32468,2.1168
85.139,85.139,3.37419,0.04,0,2.73471,2.79715,0,0.512333,4.47552,99.3022,98.274,3.4991,0,0,1.71458,1.65214,0,1.32468,2.1168
85.139,85.139,6.76108,0.04,0,2.38089,2.44303,0,0.512484,4.47552,99.3022,98.274,7.18994,0,0,1.48127,1.41913,0,1.32468,2.1168
85.139,85.139,6.0062,0.04,0,2.14833,2.44348,0,0.44618,4.47552,99.3022,98.274,6.99485,0,0,1.71454,1.41939,0,1.14443,2.1168
85.139,85.139,4.31467,0.04,0,2.14903,2.44392,0,0.402597,4.47552,99.3022,98.274,7.60614,0,0,1.71454,1.41965,0,1.32465,2.1168
85.139,85.139,6.18165,0.04,0,2.14973,2.44436,0,0.402728,4.47552,99.3022,98.274,9.50382,0,0,1.71454,1.4199,0,1.32465,2.1168
85.139,85.139,5.06233,0.05,0,2.15043,2.44481,0,0.402859,4.47552,99.3022,98.274,8.45797,0,0,1.71454,1.42016,0,1.32465,2.1168
85.139,85.139,6.0844,0.05,0,2.24047,2.53459,0,0.402991,4.47552,99.3022,98.274,11.7971,0,0,1.77167,1.47755,0,1.32465,2.1168
85.139,85.139,4.28628,0.05,0,2.29832,2.53505,0,0.419865,4.47552,99.3022,98.274,7.27492,0,0,1.71455,1.47781,0,1.36879,2.1168
85.139,85.139,3.94276,0.05,0,2.29905,2.53551,0,0.430705,4.47552,99.3022,98.274,7.61991,0,0,1.71455,1.47808,0,1.32466,2.1168
85.139,85.139,3.74484,0.05,0,2.29978,2.53597,0,0.430842,4.47552,99.3022,98.274,7.96021,0,0,1.71455,1.47835,0,1.32466,2.1168
85.139,85.139,3.3186,0.05,0,2.26555,2.50148,0,0.430978,4.47552,99.3022,98.274,5.76031,0,0,1.69234,1.45641,0,1.32466,2.1168
85.139,85.139,3.28469,0.05,0,2.24406,2.50193,0,0.424563,4.47552,99.3022,98.274,5.44378,0,0,1.71454,1.45668,0,1.30751,2.1168
85.139,85.139,2.90605,0.05,0,2.24478,2.50238,0,0.420538,4.47552,99.3022,98.274,4.7893,0,0,1.71454,1.45694,0,1.32466,2.1168
85.0582,85.139,2.62643,0.05,0,2.2455,2.50284,0,0.420672,4.47552,99.3022,98.274,4.34384,0,0,1.71454,1.45721,0,1.32466,2.1168
84.7031,85.139,2.41839,0.07,0,2.36497,2.62204,0,0.420807,4.47552,99.3022,98.274,4.10679,0,0,1.79334,1.53627,0,1.32466,2.1168
84.4177,85.139,2.47949,0.07,0,2.44451,2.62252,0,0.443195,4.47552,99.3022,98.274,4.78954,0,0,1.71456,1.53655,0,1.38554,2.1168
83.937,85.139,2.27399,0.07,0,2.44526,2.62299,0,0.458101,4.47552,99.3022,98.274,4.18264,0,0,1.71456,1.53683,0,1.32467,2.1168
83.2686,85.139,2.07397,0.05,0,2.44602,2.62347,0,0.458242,4.47552,99.3022,98.274,3.3462,0,0,1.71456,1.53711,0,1.32467,2.1168
82.3772,85.139,1.82171,0.05,0,2.44677,2.62394,0,0.458383,4.47552,99.3022,98.274,3.43274,0,0,1.71456,1.53739,0,1.32467,2.1168
82.4447,85.139,2.74511,0.04,0,2.42402,2.60092,0,0.458525,4.47552,99.2839,98.274,3.2555,0,0,1.75791,1.58101,0,1.32467,2.1168
82.6974,85.139,2.96472,0.03,0,2.46812,2.60139,0,0.454262,4.47552,99.2534,98.274,3.11579,0,0,1.71457,1.5813,0,1.35816,2.1168
82.6948,85.139,2.7081,0.03,0,2.46888,2.60186,0,0.462526,4.47552,99.2066,98.274,3.05987,0,0,1.71457,1.58159,0,1.32467,2.1168
82.4565,85.139,2.45529,0.03,0,2.46964,2.60233,0,0.462668,4.47552,99.1202,98.274,2.76807,0,0,1.71457,1.58187,0,1.32467,2.1168
82.0421,85.139,2.27854,0.03,0,2.53114,2.66355,0,0.46281,4.47552,98.867,98.274,2.58223,0,0,1.75323,1.62082,0,1.32467,2.1168
81.6973,85.139,2.40242,0.03,0,2.57058,2.66403,0,0.474336,4.47552,98.6874,98.274,2.64785,0,0,1.71457,1.62112,0,1.35454,2.1168
81.1509,85.139,2.17174,0.03,0,2.57135,2.66452,0,0.481726,4.47552,98.4099,98.274,2.57484,0,0,1.71457,1.62141,0,1.32468,2.1168
80.4208,85.139,1.97781,0.03,0,2.57213,2.665,0,0.481872,4.47552,98.1018,98.274,2.22316,0,0,1.71457,1.62171,0,1.32468,2.1168
79.7183,85.139,2.14473,0.03,0,2.75093,2.8435,0,0.482017,4.47552,97.7884,98.274,2.79371,0,0,1.85422,1.76165,0,1.32468,2.1168
79.1737,85.139,2.38252,0.03,0,2.84402,2.84402,0,0.515524,4.47552,97.4968,98.274,2.45022,0,0,1.76197,1.76197,0,1.43257,2.1168
78.1391,85.139,1.90946,0.04,0,2.84453,2.84453,0,0.532969,4.47552,97.0836,98.274,1.84525,0,0,1.76229,1.76229,0,1.3613,2.1168
77.4388,85.139,2.21911,0.04,0,2.84505,2.84505,0,0.533066,4.47552,96.8573,98.274,2.76482,0,0,1.76261,1.76261,0,1.36154,2.1168
76.3924,85.139,1.86265,0.04,0,2.84557,2.84557,0,0.533162,4.47552,96.5095,98.274,2.1931,0,0,1.76293,1.76293,0,1.36179,2.1168
75.7212,85.139,2.12768,0.04,0,2.75925,2.75925,0,0.533259,4.47552,96.7128,98.274,4.6622,0,0,1.67841,1.67841,0,1.36204,2.1168
74.9497,85.139,1.98715,0.05,0,2.72388,2.75975,0,0.517083,4.47552,96.5431,98.274,2.90548,0,0,1.71458,1.67871,0,1.29674,2.1168
74.1306,85.139,1.92844,0.05,0,2.72468,2.76025,0,0.510455,4.47552,96.3339,98.274,2.67548,0,0,1.71458,1.67902,0,1.32469,2.1168
75.0675,85.139,3.92672,0.05,0,2.72549,2.76075,0,0.510606,4.47552,96.7982,98.274,4.39829,0,0,1.71459,1.67932,0,1.32469,2.1168
78.0013,85.139,5.90807,0.05,0,2.65497,2.68992,0,0.510757,4.47552,97.1911,98.274,4.56206,0,0,1.63731,1.60235,0,1.32469,2.1168
77.5267,85.139,2.40789,0.05,0,2.57848,2.69041,0,0.497541,4.47552,97.3162,98.274,3.05249,0,0,1.71457,1.60264,0,1.26498,2.1168
77.4608,85.139,2.834,0.05,0,2.57926,2.6909,0,0.483207,4.47552,97.2608,98.274,2.30949,0,0,1.71457,1.60293,0,1.32468,2.1168
82.6636,85.139,8.23381,0.04,0,2.58004,2.69139,0,0.483353,4.47552,98.5474,98.274,7.4573,0,0,1.71457,1.60322,0,1.32468,2.1168
85.139,85.139,6.56862,0.02,0,2.37809,2.48915,0,0.4835,4.47552,99.3022,98.274,6.52314,0,0,1.5535,1.44245,0,1.32468,2.1168
85.139,85.139,4.88395,0.02,0,2.21777,2.4896,0,0.445654,4.47552,99.3022,98.274,3.71767,0,0,1.71454,1.44271,0,1.20024,2.1168
85.139,85.139,3.75595,0.02,0,2.21848,2.49005,0,0.41561,4.47552,99.3022,98.274,4.13507,0,0,1.71454,1.44297,0,1.32466,2.1168
85.139,85.139,3.56398,0.02,0,2.2192,2.4905,0,0.415744,4.47552,99.3022,98.274,3.65714,0,0,1.71454,1.44323,0,1.32466,2.1168
85.139,85.139,5.18587,0.02,0,2.21991,2.49096,0,0.415877,4.47552,99.3022,98.274,4.85202,0,0,1.71454,1.4435,0,1.32466,2.1168
85.139,85.139,5.95652,0.03,0,2.29867,2.56945,0,0.416011,4.47552,99.3022,98.274,5.10827,0,0,1.76122,1.49044,0,1.32466,2.1168
85.139,85.139,5.91104,0.04,0,2.34606,2.5699,0,0.430771,4.47552,99.3022,98.274,5.23032,0,0,1.71454,1.4907,0,1.36072,2.1168
85.139,85.139,5.58252,0.04,0,2.34677,2.57035,0,0.439652,4.47552,99.3022,98.274,6.09975,0,0,1.71454,1.49096,0,1.32465,2.1168
85.139,85.139,8.13966,0.05,0,2.34748,2.5708,0,0.439785,4.47552,99.3022,98.274,6.87475,0,0,1.71454,1.49122,0,1.32465,2.1168
85.139,85.139,8.35129,0.05,0,2.59899,2.82205,0,0.439919,4.47552,99.3022,98.274,7.11996,0,0,1.88991,1.66685,0,1.32465,2.1168
85.139,85.139,6.01173,0.05,0,2.77511,2.82254,0,0.487051,4.47552,99.3022,98.274,4.4954,0,0,1.71457,1.66714,0,1.46014,2.1168
85.139,85.139,4.14313,0.05,0,2.7759,2.82304,0,0.520056,4.47552,99.3022,98.274,6.45734,0,0,1.71457,1.66743,0,1.32468,2.1168
85.139,85.139,5.75202,0.05,0,2.77669,2.82353,0,0.520204,4.47552,99.3022,98.274,5.28301,0,0,1.71457,1.66773,0,1.32468,2.1168
85.139,85.139,8.23896,0.05,0,2.41951,2.46606,0,0.520351,4.47552,99.3022,98.274,7.69513,0,0,1.47906,1.43251,0,1.32468,2.1168
85.139,85.139,6.58963,0.05,0,2.18473,2.4665,0,0.453416,4.47552,99.3022,98.274,6.66565,0,0,1.71453,1.43276,0,1.14272,2.1168
85.139,85.139,6.63989,0.05,0,2.18541,2.46693,0,0.409418,4.47552,99.3022,98.274,8.79183,0,0,1.71453,1.43301,0,1.32465,2.1168
85.139,85.139,7.187,0.05,0,2.18609,2.46736,0,0.409546,4.47552,99.3022,98.274,8.36146,0,0,1.71453,1.43326,0,1.32465,2.1168
85.139,85.139,7.62665,0.05,0,2.18678,2.46779,0,0.409674,4.47552,99.3022,98.274,9.03362,0,0,1.71453,1.43351,0,1.32465,2.1168
85.139,85.139,7.38115,0.05,0,2.27764,2.55841,0,0.409802,4.47552,99.3022,98.274,9.2843,0,0,1.7722,1.49143,0,1.32465,2.1168
85.139,85.139,6.07702,0.05,0,2.33601,2.55886,0,0.426831,4.47552,99.3022,98.274,8.61542,0,0,1.71454,1.49169,0,1.3692,2.1168
85.139,85.139,5.18907,0.05,0,2.33672,2.55931,0,0.437768,4.47552,99.3022,98.274,8.21263,0,0,1.71454,1.49195,0,1.32465,2.1168
85.139,85.139,4.98136,0.05,0,2.33743,2.55976,0,0.437901,4.47552,99.3022,98.274,7.51627,0,0,1.71454,1.49221,0,1.32465,2.1168
85.139,85.139,5.09303,0.05,0,2.30285,2.52492,0,0.438034,4.47552,99.3022,98.274,7.19381,0,0,1.69213,1.47006,0,1.32465,2.1168
85.139,85.139,3.79995,0.05,0,2.28115,2.52536,0,0.431555,4.47552,99.3022,98.274,4.99871,0,0,1.71454,1.47032,0,1.30734,2.1168
85.139,85.139,3.3794,0.05,0,2.28185,2.52581,0,0.427487,4.47552,99.3022,98.274,5.21065,0,0,1.71454,1.47058,0,1.32465,2.1168
85.139,85.139,3.05325,0.05,0,2.28255,2.52625,0,0.427618,4.47552,99.3022,98.274,5.06628,0,0,1.71454,1.47084,0,1.32465,2.1168
85.139,85.139,3.43672,0.05,0,2.40311,2.64655,0,0.42775,4.47552,99.3022,98.274,4.74115,0,0,1.79407,1.55063,0,1.32465,2.1168
85.1254,85.139,2.80219,0.04,0,2.48337,2.64701,0,0.450342,4.47552,99.3022,98.274,4.12738,0,0,1.71455,1.5509,0,1.3861,2.1168
84.9352,85.139,2.60206,0.07,0,2.4841,2.64748,0,0.465383,4.47552,99.3022,98.274,3.72385,0,0,1.71455,1.55117,0,1.32466,2.1168
84.477,85.139,2.31762,0.05,0,2.48484,2.64794,0,0.465521,4.47552,99.3022,98.274,3.42273,0,0,1.71455,1.55145,0,1.32466,2.1168
83.9503,85.139,2.18118,0.05,0,2.48558,2.64841,0,0.465659,4.47552,99.3022,98.274,3.28771,0,0,1.71455,1.55172,0,1.32466,2.1168
83.367,85.139,2.12123,0.05,0,2.46259,2.62515,0,0.465797,4.47552,99.3022,98.274,3.48866,0,0,1.7583,1.59574,0,1.32466,2.1168
82.5751,85.139,1.95876,0.04,0,2.50707,2.62561,0,0.461489,4.47552,99.3022,98.274,3.72154,0,0,1.71456,1.59602,0,1.35847,2.1168
81.62,85.139,1.77536,0.03,0,2.50781,2.62607,0,0.469825,4.47552,99.3022,98.274,3.406,0,0,1.71456,1.5963,0,1.32467,2.1168
80.6181,85.139,1.6777,0.03,0,2.50855,2.62653,0,0.469964,4.47552,99.3022,98.274,3.31536,0,0,1.71456,1.59658,0,1.32467,2.1168
79.376,85.139,1.47305,0.04,0,2.5706,2.6883,0,0.470103,4.47552,99.3022,98.274,3.105,0,0,1.75358,1.63588,0,1.32467,2.1168
77.9717,85.139,1.31618,0.04,0,2.61038,2.68877,0,0.481731,4.47552,99.2461,98.274,2.47062,0,0,1.71457,1.63617,0,1.35482,2.1168
76.4164,85.139,1.15209,0.04,0,2.61113,2.68924,0,0.489184,4.47552,99.1644,98.274,2.30219,0,0,1.71457,1.63646,0,1.32467,2.1168
74.7862,85.139,1.06294,0.04,0,2.61189,2.68972,0,0.489327,4.47552,99.0839,98.274,2.22174,0,0,1.71457,1.63675,0,1.32467,2.1168
72.8681,85.139,0.892791,0.04,0,2.79232,2.86985,0,0.489469,4.47552,98.848,98.274,2.19423,0,0,1.85551,1.77797,0,1.32467,2.1168
70.7623,85.139,0.7505,0.06,0,2.87036,2.87036,0,0.523281,4.47552,98.5631,98.274,1.95481,0,0,1.77829,1.77829,0,1.43357,2.1168
68.5633,85.139,0.630886,0.06,0,2.87086,2.87086,0,0.537905,4.47552,98.1973,98.274,1.7536,0,0,1.7786,1.7786,0,1.3739,2.1168
66.4186,85.139,0.663558,0.06,0,2.87137,2.87137,0,0.537999,4.47552,98.0286,98.274,1.74498,0,0,1.77891,1.77891,0,1.37415,2.1168
64.5865,85.139,0.99453,0.09,0,2.87187,2.87187,0,0.538094,4.47552,97.7088,98.274,2.05637,0,0,1.77922,1.77922,0,1.37439,2.1168
62.8166,85.139,0.989929,0.09,0,2.78473,2.78473,0,0.538188,4.47552,97.773,98.274,1.84256,0,0,1.69391,1.69391,0,1.37463,2.1168
60.896,85.139,0.805723,0.09,0,2.76486,2.78522,0,0.521859,4.47552,97.1991,98.274,2.11516,0,0,1.71458,1.69421,0,1.30872,2.1168
58.5918,85.139,0.3926,0.11,0,2.76564,2.78571,0,0.518134,4.47552,96.4806,98.274,1.17727,0,0,1.71458,1.69451,0,1.32468,2.1168
56.3554,85.139,0.423238,0.12,0,2.76643,2.7862,0,0.518281,4.47552,96.4234,98.274,1.21418,0,0,1.71458,1.69481,0,1.32468,2.1168
54.7978,85.139,1.15232,0.14,0,2.69523,2.7147,0,0.518429,4.47552,96.0239,98.274,2.7648,0,0,1.63659,1.61711,0,1.32468,2.1168
53.0364,85.139,0.826341,0.13,0,2.61801,2.71518,0,0.505086,4.47552,95.0985,98.274,1.20956,0,0,1.71456,1.6174,0,1.26443,2.1168
51.14,85.139,0.686635,0.13,0,2.61877,2.71566,0,0.490615,4.47552,94.9031,98.274,0.890533,0,0,1.71456,1.61768,0,1.32467,2.1168
49.5966,85.139,1.03585,0.13,0,2.61953,2.71613,0,0.490758,4.47552,94.9358,98.274,2.3261,0,0,1.71456,1.61796,0,1.32467,2.1168
49.6071,85.139,2.5208,0.14,0,2.4157,2.51202,0,0.490901,4.47552,95.6776,98.274,4.07416,0,0,1.55202,1.4557,0,1.32467,2.1168
48.9505,85.139,1.70812,0.14,0,2.25388,2.51246,0,0.452703,4.47552,95.2834,98.274,1.95452,0,0,1.71454,1.45596,0,1.19909,2.1168
48.4914,85.139,1.89802,0.15,0,2.25458,2.5129,0,0.422377,4.47552,94.6347,98.274,1.6852,0,0,1.71454,1.45621,0,1.32465,2.1168
47.6995,85.139,1.51931,0.15,0,2.25527,2.51334,0,0.422508,4.47552,94.1252,98.274,1.47537,0,0,1.71454,1.45647,0,1.32465,2.1168
46.5945,85.139,1.21211,0.17,0,2.25597,2.51378,0,0.422638,4.47552,93.6743,98.274,2.00577,0,0,1.71454,1.45672,0,1.32465,2.1168
47.1078,85.139,2.8978,0.17,0,2.33543,2.59298,0,0.422769,4.47552,93.2866,98.274,2.01338,0,0,1.76164,1.50409,0,1.32465,2.1168
47.6472,85.139,3.00398,0.2,0,2.38323,2.59342,0,0.437659,4.47552,93.2693,98.274,2.06734,0,0,1.71453,1.50434,0,1.36104,2.1168
47.6439,85.139,2.50117,0.21,0,2.38392,2.59386,0,0.446617,4.47552,93.0839,98.274,2.52975,0,0,1.71453,1.5046,0,1.32465,2.1168
46.9819,85.139,1.8748,0.22,0,2.38461,2.5943,0,0.446747,4.47552,92.6258,98.274,1.98428,0,0,1.71453,1.50485,0,1.32465,2.1168
46.133,85.139,1.80269,0.22,0,2.63839,2.84782,0,0.446877,4.47552,91.9107,98.274,1.82334,0,0,1.8915,1.68207,0,1.32465,2.1168
45.3217,85.139,1.94153,0.24,0,2.8161,2.84831,0,0.494435,4.47552,91.4547,98.274,1.8673,0,0,1.71456,1.68236,0,1.46138,2.1168
44.5324,85.139,1.94506,0.33,0,2.81686,2.84879,0,0.527737,4.47552,91.1165,98.274,1.78285,0,0,1.71456,1.68264,0,1.32467,2.1168
44.2783,85.139,2.51434,0.35,0,2.81763,2.84927,0,0.52788,4.47552,90.8085,98.274,2.30862,0,0,1.71456,1.68293,0,1.32467,2.1168
44.5934,85.139,2.85089,0.36,0,2.45717,2.48853,0,0.528024,4.47552,91.351,98.274,2.20244,0,0,1.47691,1.44556,0,1.32467,2.1168
46.5391,85.139,4.32193,0.38,0,2.22023,2.48895,0,0.460474,4.47552,93.0049,98.274,4.93475,0,0,1.71452,1.4458,0,1.14106,2.1168
48.6817,85.139,4.68216,0.33,0,2.22089,2.48937,0,0.41607,4.47552,94.5595,98.274,5.7173,0,0,1.71452,1.44605,0,1.32464,2.1168
50.1646,85.139,3.9474,0.36,0,2.22156,2.48979,0,0.416195,4.47552,95.6558,98.274,4.17223,0,0,1.71452,1.44629,0,1.32464,2.1168
51.9638,85.139,4.3071,0.41,0,2.22222,2.49021,0,0.41632,4.47552,96.7472,98.274,4.20215,0,0,1.71452,1.44654,0,1.32464,2.1168
52.8639,85.139,3.51282,0.37,0,2.31389,2.58164,0,0.416445,4.47552,97.9526,98.274,4.74538,0,0,1.77271,1.50497,0,1.32464,2.1168
53.1431,85.139,2.85422,0.44,0,2.37276,2.58207,0,0.433624,4.47552,98.8625,98.274,3.98711,0,0,1.71453,1.50522,0,1.3696,2.1168
52.7992,85.139,2.1739,0.48,0,2.37346,2.58251,0,0.444656,4.47552,99.0782,98.274,3.24365,0,0,1.71453,1.50548,0,1.32465,2.1168
52.3545,85.139,2.04806,0.51,0,2.37415,2.58295,0,0.444786,4.47552,99.0517,98.274,3.01407,0,0,1.71453,1.50573,0,1.32465,2.1168
51.9517,85.139,2.03389,0.52,0,2.33923,2.54778,0,0.444915,4.47552,98.7559,98.274,2.89368,0,0,1.69192,1.48337,0,1.32465,2.1168
51.2312,85.139,1.68361,0.54,0,2.31731,2.54821,0,0.438373,4.47552,98.3797,98.274,1.95371,0,0,1.71453,1.48363,0,1.30718,2.1168
50.4605,85.139,1.54369,0.54,0,2.31799,2.54864,0,0.434263,4.47552,98.0889,98.274,1.75728,0,0,1.71453,1.48388,0,1.32465,2.1168
49.6599,85.139,1.50108,0.62,0,2.31867,2.54907,0,0.434391,4.47552,97.722,98.274,1.95869,0,0,1.71453,1.48413,0,1.32465,2.1168
48.7343,85.139,1.45039,0.63,0,2.44029,2.67045,0,0.434519,4.47552,97.2341,98.274,1.80086,0,0,1.79478,1.56463,0,1.32465,2.1168
47.5829,85.139,1.24995,0.63,0,2.52125,2.6709,0,0.457311,4.47552,96.6372,98.274,1.58031,0,0,1.71455,1.5649,0,1.38665,2.1168
46.3639,85.139,1.15211,0.63,0,2.52197,2.67135,0,0.472483,4.47552,96.0515,98.274,1.42675,0,0,1.71455,1.56516,0,1.32466,2.1168
45.0539,85.139,1.01916,0.62,0,2.52269,2.6718,0,0.472617,4.47552,95.3841,98.274,1.34918,0,0,1.71455,1.56543,0,1.32466,2.1168
43.7332,85.139,0.963245,0.74,0,2.5234,2.67226,0,0.472752,4.47552,94.6876,98.274,1.28763,0,0,1.71455,1.56569,0,1.32466,2.1168
42.4233,85.139,0.946176,0.74,0,2.50018,2.64877,0,0.472886,4.47552,93.9511,98.274,1.24826,0,0,1.75869,1.6101,0,1.32466,2.1168
41.1057,85.139,0.958186,0.71,0,2.54504,2.64922,0,0.468535,4.47552,93.1943,98.274,1.22981,0,0,1.71455,1.61038,0,1.35876,2.1168
39.7675,85.139,0.893583,0.69,0,2.54577,2.64967,0,0.476941,4.47552,92.3929,98.274,1.17537,0,0,1.71455,1.61065,0,1.32466,2.1168
38.3639,85.139,0.789928,0.67,0,2.54649,2.65012,0,0.477077,4.47552,91.5945,98.274,1.15584,0,0,1.71455,1.61092,0,1.32466,2.1168
36.9111,85.139,0.774377,0.76,0,2.60907,2.71243,0,0.477212,4.47552,90.7632,98.274,1.17827,0,0,1.75392,1.65057,0,1.32466,2.1168
35.4485,85.139,0.80924,0.75,0,2.64917,2.71289,0,0.488939,4.47552,90.0795,98.274,1.24958,0,0,1.71456,1.65085,0,1.35508,2.1168
33.9677,85.139,0.790874,0.73,0,2.64991,2.71335,0,0.496455,4.47552,89.3672,98.274,1.29547,0,0,1.71456,1.65112,0,1.32467,2.1168
32.4404,85.139,0.737908,0.81,0,2.65065,2.71381,0,0.496593,4.47552,88.5673,98.274,1.21994,0,0,1.71456,1.6514,0,1.32467,2.1168
30.6762,85.139,0.677207,0.78,0,2.83266,2.89554,0,0.496732,4.47552,87.6522,98.274,1.15012,0,0,1.85676,1.79389,0,1.32467,2.1168
28.8662,85.139,0.698672,0.74,0,2.89603,2.89603,0,0.530841,4.47552,86.6624,98.274,1.24288,0,0,1.79419,1.79419,0,1.43453,2.1168
26.9801,85.139,0.630905,0.67,0,2.89652,2.89652,0,0.542716,4.47552,85.5985,98.274,1.02923,0,0,1.7945,1.7945,0,1.38619,2.1168
24.9935,85.139,0.541616,0.81,0,2.89701,2.89701,0,0.542808,4.47552,84.6579,98.274,0.906468,0,0,1.7948,1.7948,0,1.38643,2.1168
23.059,85.139,0.582848,0.78,0,2.8975,2.8975,0,0.5429,4.47552,83.7682,98.274,1.19059,0,0,1.7951,1.7951,0,1.38666,2.1168
21.2678,85.139,0.629328,0.68,0,2.80957,2.80957,0,0.542992,4.47552,82.8382,98.274,1.07635,0,0,1.70902,1.70902,0,1.3869,2.1168
19.5621,85.139,0.726361,0.87,0,2.80479,2.81005,0,0.526514,4.47552,82.15,98.274,1.02383,0,0,1.71457,1.70931,0,1.32039,2.1168
17.9291,85.139,0.820329,0.8,0,2.80556,2.81052,0,0.525618,4.47552,81.5682,98.274,1.42149,0,0,1.71457,1.7096,0,1.32468,2.1168
16.2625,85.139,0.794201,0.72,0,2.80632,2.811,0,0.525761,4.47552,81.1435,98.274,1.35825,0,0,1.71457,1.70989,0,1.32468,2.1168
14.7646,85.139,0.938151,0.93,0,2.73446,2.73885,0,0.525905,4.47552,80.6425,98.274,1.72103,0,0,1.63588,1.6315,0,1.32468,2.1168
13.5607,85.139,1.1531,0.88,0,2.65653,2.73931,0,0.512438,4.47552,80.513,98.274,1.16419,0,0,1.71456,1.63177,0,1.26388,2.1168
13.8508,85.139,1.55152,0.87,0,2.65727,2.73978,0,0.497834,4.47552,80.5981,98.274,2.48396,0,0,1.71456,1.63205,0,1.32467,2.1168
16.3372,85.139,4.2248,0.83,0,2.65801,2.74024,0,0.497973,4.47552,81.3951,98.274,4.7912,0,0,1.71456,1.63233,0,1.32467,2.1168
16.5804,85.139,2.49317,0.75,0,2.45235,2.5343,0,0.498112,4.47552,81.7878,98.274,2.4129,0,0,1.55057,1.46861,0,1.32467,2.1168
16.7772,85.139,2.22837,0.76,0,2.28907,2.53473,0,0.45957,4.47552,81.9598,98.274,2.21596,0,0,1.71453,1.46886,0,1.19797,2.1168
17.1957,85.139,2.4632,0.72,0,2.28974,2.53516,0,0.428971,4.47552,82.2999,98.274,3.14445,0,0,1.71453,1.46911,0,1.32465,2.1168
19.2393,85.139,4.15813,0.34,0,2.29042,2.53559,0,0.429098,4.47552,82.7758,98.274,3.51621,0,0,1.71453,1.46936,0,1.32465,2.1168
22.236,85.139,5.2446,0.37,0,2.2911,2.53602,0,0.429225,4.47552,83.3228,98.274,3.64876,0,0,1.71453,1.46961,0,1.32465,2.1168
24.1685,85.139,4.12607,0.42,0,2.29135,2.53602,0,0.429352,4.47552,83.7712,98.274,3.38307,0,0,1.71428,1.46961,0,1.32465,2.1168
27.3299,85.139,5.60927,0.36,0,2.37124,2.61591,0,0.429399,4.47552,84.3948,98.274,7.19905,0,1,1.76205,1.51738,0,1.32445,2.1168
28.7935,85.139,3.83695,0.39,0,2.41943,2.61633,0,0.444369,4.47552,84.8996,98.274,5.49587,0,1,1.71453,1.51763,0,1.36136,2.1168
29.1378,85.139,2.61232,0.36,0,2.42011,2.61676,0,0.453402,4.47552,85.1323,98.274,4.52986,0,1,1.71453,1.51788,0,1.32464,2.1168
29.3588,85.139,2.54593,0.41,0,2.42078,2.61719,0,0.453528,4.47552,85.3929,98.274,4.80552,0,1,1.71453,1.51813,0,1.32464,2.1168
31.5693,85.139,4.9163,0.47,0,2.67677,2.87293,0,0.453655,4.47552,85.7457,98.274,6.16955,0,1,1.89306,1.6969,0,1.32464,2.1168
32.6928,85.139,3.93578,0.47,0,2.85602,2.8734,0,0.501627,4.47552,85.9243,98.274,4.93108,0,1,1.71456,1.69718,0,1.46258,2.1168
33.3642,85.139,3.47944,0.48,0,2.85676,2.87387,0,0.535218,4.47552,85.9628,98.274,4.43935,0,1,1.71456,1.69745,0,1.32467,2.1168
34.1113,85.139,3.63248,0.49,0,2.85751,2.87434,0,0.535358,4.47552,86.2515,98.274,4.51313,0,1,1.71456,1.69773,0,1.32467,2.1168
38.6285,85.139,7.13863,0.46,0,2.49386,2.5104,0,0.535497,4.47552,88.1811,98.274,11.0147,0,1,1.47481,1.45827,0,1.32467,2.1168
42.8194,85.139,6.78004,0.5,0,2.2548,2.51081,0,0.467349,4.47552,89.8256,98.274,9.34083,0,1,1.71452,1.4585,0,1.13944,2.1168
45.0044,85.139,4.82735,0.47,0,2.25545,2.51122,0,0.422549,4.47552,90.8307,98.274,7.97721,0,1,1.71452,1.45874,0,1.32464,2.1168
47.6826,85.139,5.27519,0.5,0,2.2561,2.51163,0,0.422671,4.47552,91.6848,98.274,7.24449,0,1,1.71452,1.45898,0,1.32464,2.1168
50.5616,85.139,5.58369,0.46,0,2.25674,2.51204,0,0.422792,4.47552,93.0946,98.274,8.82831,0,1,1.71452,1.45922,0,1.32464,2.1168
54.1438,85.139,6.37968,0.52,0,2.34919,2.60425,0,0.422914,4.47552,95.0099,98.274,9.45958,0,1,1.77322,1.51815,0,1.32464,2.1168
56.7211,85.139,5.37278,0.48,0,2.40855,2.60468,0,0.440238,4.47552,96.6788,98.274,8.83216,0,1,1.71453,1.5184,0,1.36999,2.1168
58.7958,85.139,4.84049,0.51,0,2.40923,2.6051,0,0.451363,4.47552,98.1778,98.274,8.14007,0,1,1.71453,1.51865,0,1.32464,2.1168
61.7004,85.139,5.70217,0.43,0,2.4099,2.60553,0,0.451489,4.47552,99.3022,98.274,8.54951,0,1,1.71453,1.5189,0,1.32464,2.1168
62.806,85.139,3.80091,0.44,0,2.37466,2.57004,0,0.451615,4.47552,99.3022,98.274,5.04991,0,1,1.69172,1.49633,0,1.32464,2.1168
63.4627,85.139,3.31401,0.33,0,2.35251,2.57046,0,0.44501,4.47552,99.3022,98.274,4.59832,0,1,1.71452,1.49658,0,1.30702,2.1168
63.7938,85.139,2.96014,0.33,0,2.35317,2.57088,0,0.44086,4.47552,99.3022,98.274,4.03526,0,1,1.71452,1.49682,0,1.32464,2.1168
63.9321,85.139,2.74239,0.32,0,2.35384,2.5713,0,0.440985,4.47552,99.3022,98.274,3.78817,0,1,1.71452,1.49707,0,1.32464,2.1168
63.9222,85.139,2.66059,0.31,0,2.4765,2.69371,0,0.441109,4.47552,99.3022,98.274,3.67635,0,1,1.79548,1.57826,0,1.32464,2.1168
63.7213,85.139,2.4785,0.28,0,2.55813,2.69415,0,0.464096,4.47552,99.3022,98.274,3.52688,0,1,1.71454,1.57852,0,1.38719,2.1168
63.3681,85.139,2.28969,0.27,0,2.55883,2.69459,0,0.479394,4.47552,99.3022,98.274,3.53729,0,1,1.71454,1.57878,0,1.32465,2.1168
62.9511,85.139,2.2152,0.22,0,2.55953,2.69503,0,0.479525,4.47552,99.3022,98.274,3.49788,0,1,1.71454,1.57904,0,1.32465,2.1168
62.5045,85.139,2.17786,0.19,0,2.56023,2.69547,0,0.479656,4.47552,99.3022,98.274,3.51554,0,1,1.71454,1.57929,0,1.32465,2.1168
62.2011,85.139,2.30385,0.17,0,2.53678,2.67177,0,0.479787,4.47552,99.3022,98.274,4.17724,0,1,1.75907,1.62408,0,1.32465,2.1168
61.6622,85.139,2.0988,0.26,0,2.582,2.6722,0,0.475393,4.47552,99.3022,98.274,3.97194,0,1,1.71455,1.62435,0,1.35906,2.1168
60.9574,85.139,1.90641,0.23,0,2.5827,2.67264,0,0.483867,4.47552,99.3022,98.274,3.64957,0,1,1.71455,1.62461,0,1.32466,2.1168
60.192,85.139,1.80361,0.18,0,2.58341,2.67308,0,0.483999,4.47552,99.2962,98.274,3.62,0,1,1.71455,1.62488,0,1.32466,2.1168
59.4843,85.139,1.92867,0.16,0,2.6465,2.73591,0,0.48413,4.47552,99.3022,98.274,3.77367,0,1,1.75426,1.66485,0,1.32466,2.1168
58.666,85.139,1.82706,0.15,0,2.68693,2.73635,0,0.495955,4.47552,99.3022,98.274,3.84489,0,1,1.71455,1.66513,0,1.35534,2.1168
57.7446,85.139,1.70993,0.14,0,2.68765,2.7368,0,0.50353,4.47552,99.2829,98.274,3.51037,0,1,1.71455,1.6654,0,1.32466,2.1168
56.8112,85.139,1.68013,0.13,0,2.68836,2.73725,0,0.503665,4.47552,99.3022,98.274,3.77673,0,1,1.71455,1.66567,0,1.32466,2.1168
55.7407,85.139,1.66467,0.12,0,2.87192,2.92053,0,0.5038,4.47552,99.2459,98.274,3.75183,0,1,1.85798,1.80937,0,1.32466,2.1168
54.4871,85.139,1.50128,0.17,0,2.92101,2.92101,0,0.538198,4.47552,99.1653,98.274,3.54703,0,1,1.80967,1.80967,0,1.43548,2.1168
53.0757,85.139,1.34962,0.16,0,2.92149,2.92149,0,0.547397,4.47552,99.0582,98.274,3.39734,0,1,1.80996,1.80996,0,1.39815,2.1168
51.7098,85.139,1.36227,0.15,0,2.92196,2.92196,0,0.547487,4.47552,99.0589,98.274,3.65127,0,1,1.81026,1.81026,0,1.39838,2.1168
50.3408,85.139,1.334,0.14,0,2.92244,2.92244,0,0.547576,4.47552,98.8797,98.274,4.05631,0,1,1.81055,1.81055,0,1.39861,2.1168
48.5436,85.139,0.802177,0.18,0,2.83374,2.83374,0,0.547666,4.47552,98.63,98.274,1.86063,0,1,1.72372,1.72372,0,1.39883,2.1168
46.7903,85.139,0.87694,0.17,0,2.8342,2.8342,0,0.531043,4.47552,98.5471,98.274,2.36642,0,1,1.724,1.724,0,1.33175,2.1168
45.012,85.139,0.835882,0.17,0,2.83466,2.83466,0,0.531129,4.47552,98.5126,98.274,2.45316,0,1,1.72429,1.72429,0,1.33197,2.1168
43.3539,85.139,0.955334,0.19,0,2.83513,2.83513,0,0.531216,4.47552,98.5665,98.274,2.78024,0,1,1.72457,1.72457,0,1.33218,2.1168
42.4479,85.139,1.75205,0.19,0,2.76234,2.76234,0,0.531303,4.47552,99.1928,98.274,4.27004,0,1,1.64549,1.64549,0,1.3324,2.1168
40.8734,85.139,0.938204,0.19,0,2.694,2.76279,0,0.517663,4.47552,99.1603,98.274,2.65639,0,1,1.71455,1.64576,0,1.27131,2.1168
39.1986,85.139,0.776082,0.17,0,2.69472,2.76324,0,0.504856,4.47552,99.0409,98.274,2.39311,0,1,1.71455,1.64603,0,1.32466,2.1168
37.7595,85.139,1.06144,0.22,0,2.69544,2.7637,0,0.504991,4.47552,99.1422,98.274,3.30206,0,1,1.71455,1.6463,0,1.32466,2.1168
36.8033,85.139,1.35679,0.22,0,2.48799,2.55598,0,0.505126,4.47552,99.3022,98.274,3.65985,0,1,1.54916,1.48117,0,1.32466,2.1168
35.5138,85.139,0.981149,0.23,0,2.32329,2.55639,0,0.46625,4.47552,99.3022,98.274,3.19058,0,1,1.71452,1.48142,0,1.19688,2.1168
34.231,85.139,0.88291,0.24,0,2.32395,2.55681,0,0.435384,4.47552,99.3022,98.274,2.69882,0,1,1.71452,1.48166,0,1.32464,2.1168
32.8777,85.139,0.847166,0.25,0,2.32461,2.55723,0,0.435508,4.47552,99.3022,98.274,2.83294,0,1,1.71452,1.4819,0,1.32464,2.1168
32.0011,85.139,1.2956,0.28,0,2.32527,2.55765,0,0.435631,4.47552,99.3022,98.274,3.14004,0,1,1.71452,1.48214,0,1.32464,2.1168
33.6831,85.139,4.04852,0.31,0,2.40606,2.6382,0,0.435755,4.47552,99.2929,98.274,3.68146,0,1,1.76245,1.53031,0,1.32464,2.1168
35.3301,85.139,4.07987,0.34,0,2.45464,2.63861,0,0.450895,4.47552,99.3022,98.274,3.29905,0,1,1.71452,1.53055,0,1.36167,2.1168
36.781,85.139,3.87818,0.32,0,2.4553,2.63902,0,0.46,4.47552,99.3022,98.274,4.36404,0,1,1.71452,1.53079,0,1.32464,2.1168
40.9636,85.139,6.68703,0.37,0,2.45595,2.63944,0,0.460123,4.47552,99.3022,98.274,6.12447,0,1,1.71452,1.53103,0,1.32464,2.1168
46.653,85.139,8.69503,0.34,0,2.71409,2.89734,0,0.460246,4.47552,99.3022,98.274,8.69983,0,1,1.89457,1.71132,0,1.32464,2.1168
55.7435,85.139,12.6427,0.28,0,2.89483,2.89779,0,0.508621,4.47552,99.3022,98.274,10.5661,0,1,1.71455,1.71159,0,1.46374,2.1168
58.9361,85.139,6.47645,0.28,0,2.89556,2.89825,0,0.542492,4.47552,99.3022,98.274,5.69126,0,1,1.71455,1.71186,0,1.32466,2.1168
60.8897,85.139,5.17301,0.23,0,2.89628,2.8987,0,0.542627,4.47552,99.3022,98.274,5.29883,0,1,1.71455,1.71213,0,1.32466,2.1168
62.5815,85.139,4.56826,0.25,0,2.52952,2.53167,0,0.542763,4.47552,99.2776,98.274,4.15818,0,1,1.47277,1.47062,0,1.32466,2.1168
63.6307,85.139,3.73131,0.21,0,2.28841,2.53207,0,0.474032,4.47552,99.3022,98.274,3.00336,0,1,1.71451,1.47085,0,1.13787,2.1168
67.4748,85.139,6.74886,0.23,0,2.28904,2.53247,0,0.428848,4.47552,99.3022,98.274,5.30393,0,1,1.71451,1.47108,0,1.32463,2.1168
70.9736,85.139,6.45672,0.27,0,2.28967,2.53287,0,0.428966,4.47552,99.3022,98.274,6.76864,0,1,1.71451,1.47131,0,1.32463,2.1168
73.6338,85.139,5.67014,0.2,0,2.2903,2.53326,0,0.429084,4.47552,99.3022,98.274,4.78038,0,1,1.71451,1.47154,0,1.32463,2.1168
75.9963,85.139,5.26078,0.23,0,2.3835,2.62624,0,0.429202,4.47552,99.3022,98.274,5.14194,0,1,1.7737,1.53097,0,1.32463,2.1168
77.829,85.139,4.9601,0.16,0,2.44334,2.62665,0,0.446668,4.47552,99.3022,98.274,5.13663,0,1,1.71452,1.53121,0,1.37036,2.1168
78.4337,85.139,3.52624,0.18,0,2.44399,2.62706,0,0.457882,4.47552,99.3022,98.274,3.52588,0,1,1.71452,1.53145,0,1.32464,2.1168
78.6548,85.139,3.07494,0.19,0,2.44464,2.62747,0,0.458004,4.47552,99.3022,98.274,3.1436,0,1,1.71452,1.53169,0,1.32464,2.1168
78.855,85.139,3.03481,0.17,0,2.40908,2.59167,0,0.458126,4.47552,99.3022,98.274,3.71689,0,1,1.69152,1.50893,0,1.32464,2.1168
78.8353,85.139,2.77251,0.17,0,2.38672,2.59208,0,0.451461,4.47552,99.3022,98.274,3.30732,0,1,1.71452,1.50916,0,1.30687,2.1168
79.2686,85.139,3.23201,0.16,0,2.38737,2.59248,0,0.447272,4.47552,99.3022,98.274,3.45735,0,1,1.71452,1.5094,0,1.32464,2.1168
79.1397,85.139,2.5789,0.16,0,2.38801,2.59289,0,0.447392,4.47552,99.3022,98.274,3.25423,0,1,1.71452,1.50964,0,1.32464,2.1168
78.922,85.139,2.51681,0.16,0,2.51167,2.71632,0,0.447513,4.47552,99.2569,98.274,3.19656,0,1,1.79615,1.59151,0,1.32464,2.1168
78.8801,85.139,2.7946,0.13,0,2.59397,2.71674,0,0.470688,4.47552,99.2825,98.274,3.28295,0,1,1.71453,1.59176,0,1.3877,2.1168
78.5116,85.139,2.44243,0.13,0,2.59465,2.71717,0,0.48611,4.47552,99.2555,98.274,3.08227,0,1,1.71453,1.59201,0,1.32465,2.1168
78.0529,85.139,2.29302,0.13,0,2.59532,2.7176,0,0.486237,4.47552,99.1739,98.274,2.93988,0,1,1.71453,1.59226,0,1.32465,2.1168
77.4568,85.139,2.15545,0.11,0,2.596,2.71802,0,0.486364,4.47552,99.0712,98.274,2.78616,0,1,1.71453,1.59251,0,1.32465,2.1168
76.6472,85.139,1.92093,0.09,0,2.57233,2.6941,0,0.486491,4.47552,98.9709,98.274,2.61307,0,1,1.75943,1.63766,0,1.32465,2.1168
75.7325,85.139,1.84108,0.07,0,2.61791,2.69453,0,0.482055,4.47552,98.9082,98.274,2.72262,0,1,1.71454,1.63792,0,1.35934,2.1168
74.7967,85.139,1.80744,0.06,0,2.61859,2.69495,0,0.490596,4.47552,98.8191,98.274,2.74169,0,1,1.71454,1.63817,0,1.32465,2.1168
73.8023,85.139,1.71956,0.05,0,2.61927,2.69537,0,0.490723,4.47552,98.6851,98.274,2.64749,0,1,1.71454,1.63843,0,1.32465,2.1168
72.7683,85.139,1.72238,0.04,0,2.68286,2.75871,0,0.490851,4.47552,98.4387,98.274,2.41576,0,1,1.75458,1.67873,0,1.32465,2.1168
71.7548,85.139,1.76929,0.08,0,2.7236,2.75915,0,0.502769,4.47552,98.1987,98.274,2.41786,0,1,1.71454,1.679,0,1.35559,2.1168
70.5584,85.139,1.57309,0.07,0,2.7243,2.75958,0,0.510402,4.47552,97.9291,98.274,2.27445,0,1,1.71454,1.67926,0,1.32466,2.1168
69.236,85.139,1.43242,0.06,0,2.72499,2.76001,0,0.510533,4.47552,97.6478,98.274,2.15474,0,1,1.71454,1.67952,0,1.32466,2.1168
67.6435,85.139,1.27632,0.06,0,2.91005,2.94481,0,0.510664,4.47552,97.0262,98.274,2.12409,0,1,1.85917,1.82441,0,1.32466,2.1168
65.9276,85.139,1.15417,0.1,0,2.94527,2.94527,0,0.545343,4.47552,96.6362,98.274,1.65519,0,1,1.8247,1.8247,0,1.43639,2.1168
64.3465,85.139,1.28648,0.09,0,2.94573,2.94573,0,0.551943,4.47552,95.9665,98.274,1.96475,0,1,1.82498,1.82498,0,1.40976,2.1168
62.5317,85.139,1.04697,0.09,0,2.9462,2.9462,0,0.55203,4.47552,95.5717,98.274,1.48965,0,1,1.82527,1.82527,0,1.40998,2.1168
60.9392,85.139,1.23922,0.1,0,2.94666,2.94666,0,0.552117,4.47552,94.9867,98.274,2.40659,0,1,1.82556,1.82556,0,1.4102,2.1168
59.1886,85.139,0.987011,0.13,0,2.8572,2.8572,0,0.552204,4.47552,94.213,98.274,1.48148,0,1,1.738,1.738,0,1.41043,2.1168
57.393,85.139,0.87579,0.12,0,2.85765,2.85765,0,0.53544,4.47552,93.9908,98.274,1.21683,0,1,1.73827,1.73827,0,1.34278,2.1168
56.8682,85.139,2.23522,0.12,0,2.8581,2.8581,0,0.535524,4.47552,93.6552,98.274,2.90259,0,1,1.73854,1.73854,0,1.34299,2.1168
55.7556,85.139,1.72421,0.12,0,2.85855,2.85855,0,0.535608,4.47552,93.4664,98.274,1.72382,0,1,1.73882,1.73882,0,1.3432,2.1168
55.3941,85.139,2.39244,0.13,0,2.78515,2.78515,0,0.535692,4.47552,93.243,98.274,2.06718,0,1,1.65907,1.65907,0,1.34341,2.1168
54.561,85.139,1.8819,0.13,0,2.73038,2.78558,0,0.521936,4.47552,93.1337,98.274,1.97214,0,1,1.71454,1.65933,0,1.2818,2.1168
54.7352,85.139,2.9143,0.13,0,2.73108,2.78602,0,0.511673,4.47552,93.0812,98.274,2.43578,0,1,1.71454,1.6596,0,1.32465,2.1168
58.8582,85.139,7.04761,0.13,0,2.73178,2.78646,0,0.511804,4.47552,93.8736,98.274,5.85432,0,1,1.71454,1.65986,0,1.32465,2.1168
61.0777,85.139,4.97573,0.12,0,2.52259,2.57701,0,0.511935,4.47552,94.2186,98.274,3.73714,0,1,1.54779,1.49336,0,1.32465,2.1168
62.7304,85.139,4.2662,0.13,0,2.3565,2.57742,0,0.472733,4.47552,94.3372,98.274,3.12669,0,1,1.71451,1.4936,0,1.19582,2.1168
64.651,85.139,4.61577,0.12,0,2.35714,2.57782,0,0.441609,4.47552,94.5282,98.274,3.05924,0,1,1.71451,1.49383,0,1.32463,2.1168
66.6188,85.139,4.6797,0.12,0,2.35778,2.57823,0,0.441729,4.47552,94.7546,98.274,3.13103,0,1,1.71452,1.49407,0,1.32463,2.1168
70.5141,85.139,6.81256,0.12,0,2.35842,2.57863,0,0.441849,4.47552,95.5803,98.274,4.87284,0,1,1.71452,1.4943,0,1.32463,2.1168
73.3179,85.139,5.84022,0.09,0.02,2.43985,2.65983,0,0.441969,4.47552,96.7403,98.274,6.04034,0,1,1.76284,1.54286,0,1.32463,2.1168
74.8945,85.139,4.51475,0.1,0.02,2.48881,2.66023,0,0.457229,4.47552,97.4505,98.274,4.79715,0,1,1.71451,1.54309,0,1.36197,2.1168
75.7993,85.139,3.81964,0.09,0.02,2.48945,2.66063,0,0.466403,4.47552,98.0419,98.274,4.21565,0,1,1.71451,1.54333,0,1.32463,2.1168
77.3246,85.139,4.51237,0.09,0.02,2.49008,2.66103,0,0.466522,4.47552,98.9987,98.274,5.1286,0,1,1.71451,1.54356,0,1.32463,2.1168
78.7104,85.139,4.54079,0.09,0.02,2.7503,2.92103,0,0.466641,4.47552,99.3022,98.274,4.16822,0,1,1.89603,1.72531,0,1.32463,2.1168
79.4159,85.139,3.99643,0.09,0.02,2.92147,2.92147,0,0.515407,4.47552,99.3022,98.274,3.92987,0,1,1.72557,1.72557,0,1.46487,2.1168
80.584,85.139,4.49411,0.1,0.02,2.92191,2.92191,0,0.547483,4.47552,99.3022,98.274,4.58807,0,1,1.72583,1.72583,0,1.33318,2.1168
83.2898,85.139,6.13371,0.07,0.02,2.92235,2.92235,0,0.547565,4.47552,99.3022,98.274,5.04645,0,1,1.72609,1.72609,0,1.33338,2.1168
85.139,85.139,8.05141,0.07,0.02,2.55231,2.55231,0,0.547648,4.47552,99.3022,98.274,8.40842,0,1,1.48261,1.48261,0,1.33358,2.1168
85.139,85.139,11.6844,0.06,0.02,2.32102,2.55269,0,0.478302,4.47552,99.3022,98.274,12.0294,0,1,1.7145,1.48283,0,1.14546,2.1168
85.139,85.139,12.1303,0.06,0.02,2.32163,2.55308,0,0.434959,4.47552,99.3022,98.274,12.1913,0,1,1.7145,1.48305,0,1.32463,2.1168
85.139,85.139,11.2032,0.06,0.02,2.32224,2.55346,0,0.435073,4.47552,99.3022,98.274,11.2915,0,1,1.7145,1.48328,0,1.32463,2.1168
85.139,85.139,9.60994,0.08,0.02,2.32285,2.55385,0,0.435187,4.47552,99.3022,98.274,8.99109,0,1,1.7145,1.4835,0,1.32463,2.1168
85.139,85.139,11.4889,0.09,0.02,2.41678,2.64756,0,0.435302,4.47552,99.3022,98.274,11.4852,0,1,1.77418,1.5434,0,1.32463,2.1168
85.139,85.139,8.79228,0.1,0.02,2.47708,2.64796,0,0.452905,4.47552,99.3022,98.274,6.62548,0,1,1.71451,1.54363,0,1.37073,2.1168
85.139,85.139,5.76586,0.1,0.02,2.47771,2.64836,0,0.464205,4.47552,99.3022,98.274,5.10844,0,1,1.71451,1.54387,0,1.32463,2.1168
85.139,85.139,4.96969,0.1,0.02,2.47835,2.64876,0,0.464324,4.47552,99.3022,98.274,4.92948,0,1,1.71451,1.5441,0,1.32463,2.1168
85.139,85.139,6.07384,0.1,0.02,2.44247,2.61265,0,0.464442,4.47552,99.3022,98.274,4.67461,0,1,1.69132,1.52114,0,1.32463,2.1168
85.139,85.139,5.53816,0.11,0.02,2.41991,2.61304,0,0.457719,4.47552,99.3022,98.274,3.84924,0,1,1.71451,1.52137,0,1.30672,2.1168
85.139,85.139,5.71429,0.1,0.02,2.42053,2.61344,0,0.45349,4.47552,99.3022,98.274,5.32239,0,1,1.71451,1.5216,0,1.32463,2.1168
85.139,85.139,5.36073,0.1,0.02,2.42115,2.61383,0,0.453607,4.47552,99.3022,98.274,5.12699,0,1,1.71451,1.52183,0,1.32463,2.1168
85.139,85.139,4.69026,0.08,0.02,2.54579,2.73824,0,0.453724,4.47552,99.3022,98.274,4.56907,0,1,1.7968,1.60435,0,1.32463,2.1168
85.139,85.139,4.3331,0.07,0.02,2.62872,2.73865,0,0.477081,4.47552,99.3022,98.274,4.18642,0,1,1.71452,1.60459,0,1.38821,2.1168
85.139,85.139,4.1539,0.06,0.02,2.62938,2.73907,0,0.492623,4.47552,99.3022,98.274,4.15945,0,1,1.71452,1.60484,0,1.32464,2.1168
85.139,85.139,3.94405,0.05,0.02,2.63004,2.73948,0,0.492746,4.47552,99.3022,98.274,4.30266,0,1,1.71452,1.60508,0,1.32464,2.1168
85.139,85.139,3.66054,0.04,0.02,2.63069,2.73989,0,0.492869,4.47552,99.3022,98.274,4.13401,0,1,1.71452,1.60532,0,1.32464,2.1168
85.139,85.139,3.40097,0.04,0.02,2.60681,2.71576,0,0.492992,4.47552,99.3022,98.274,3.48386,0,1,1.75978,1.65083,0,1.32464,2.1168
85.139,85.139,3.39461,0.04,0.02,2.65272,2.71617,0,0.488515,4.47552,99.3022,98.274,3.5243,0,1,1.71453,1.65108,0,1.35961,2.1168
85.139,85.139,3.23594,0.04,0.02,2.65338,2.71658,0,0.49712,4.47552,99.3022,98.274,3.5135,0,1,1.71453,1.65133,0,1.32465,2.1168
85.139,85.139,2.84198,0.04,0.02,2.65404,2.717,0,0.497244,4.47552,99.3022,98.274,3.23998,0,1,1.71453,1.65157,0,1.32465,2.1168
84.8415,85.139,2.5349,0.04,0.02,2.71812,2.78082,0,0.497367,4.47552,99.2865,98.274,2.78142,0,1,1.75489,1.69219,0,1.32465,2.1168
84.7498,85.139,2.80279,0.04,0.02,2.75915,2.78124,0,0.509376,4.47552,99.3022,98.274,3.05724,0,1,1.71454,1.69244,0,1.35583,2.1168
84.4193,85.139,2.53611,0.04,0.02,2.75983,2.78167,0,0.517065,4.47552,99.2413,98.274,2.93382,0,1,1.71454,1.6927,0,1.32465,2.1168
83.871,85.139,2.30922,0.04,0.02,2.7605,2.78209,0,0.517192,4.47552,99.134,98.274,2.54868,0,1,1.71454,1.69295,0,1.32465,2.1168
83.2535,85.139,2.38264,0.04,0.02,2.94701,2.96834,0,0.517319,4.47552,99.0158,98.274,3.10547,0,1,1.86031,1.83899,0,1.32465,2.1168
81.8587,85.139,1.60044,0.04,0.02,2.96879,2.96879,0,0.55227,4.47552,98.7127,98.274,2.32848,0,1,1.83927,1.83927,0,1.43728,2.1168
80.7718,85.139,1.90307,0.04,0.02,2.96924,2.96924,0,0.556351,4.47552,98.4471,98.274,2.52554,0,1,1.83954,1.83954,0,1.42102,2.1168
80.9609,85.139,3.25024,0.04,0.02,2.96968,2.96968,0,0.556435,4.47552,98.3367,98.274,2.9898,0,1,1.83982,1.83982,0,1.42123,2.1168
81.0496,85.139,3.16852,0.04,0.02,2.97013,2.97013,0,0.556519,4.47552,98.2581,98.274,2.86776,0,1,1.8401,1.8401,0,1.42145,2.1168
79.5508,85.139,1.4415,0.05,0.02,2.87995,2.87995,0,0.556603,4.47552,98.6424,98.274,3.85787,0,1,1.75183,1.75183,0,1.42166,2.1168
77.8061,85.139,1.18244,0.05,0.02,2.88038,2.88038,0,0.539702,4.47552,98.5487,98.274,2.23055,0,1,1.75209,1.75209,0,1.35346,2.1168
76.0424,85.139,1.14498,0.07,0.02,2.88082,2.88082,0,0.539783,4.47552,98.4083,98.274,2.05794,0,1,1.75236,1.75236,0,1.35367,2.1168
75.2376,85.139,2.35896,0.07,0.02,2.88125,2.88125,0,0.539865,4.47552,99.0369,98.274,3.5483,0,1,1.75262,1.75262,0,1.35387,2.1168
75.7592,85.139,3.62707,0.07,0.02,2.80725,2.80725,0,0.539947,4.47552,99.3022,98.274,3.698,0,1,1.67224,1.67224,0,1.35408,2.1168
75.5072,85.139,2.90448,0.07,0.02,2.76563,2.80767,0,0.526078,4.47552,99.3022,98.274,4.37125,0,1,1.71453,1.67249,0,1.29197,2.1168
75.8771,85.139,3.64288,0.07,0.02,2.76631,2.8081,0,0.518279,4.47552,99.3022,98.274,6.79437,0,1,1.71453,1.67274,0,1.32465,2.1168
76.9186,85.139,4.13267,0.06,0.02,2.76698,2.80852,0,0.518406,4.47552,99.3022,98.274,6.61644,0,1,1.71453,1.673,0,1.32465,2.1168
78.0751,85.139,4.14158,0.07,0.02,2.55612,2.5974,0,0.518533,4.47552,99.3022,98.274,4.77749,0,1,1.54646,1.50518,0,1.32465,2.1168
77.8652,85.139,2.66853,0.07,0.02,2.38869,2.59779,0,0.479016,4.47552,99.3022,98.274,3.0405,0,1,1.71451,1.50541,0,1.1948,2.1168
77.6712,85.139,2.79483,0.07,0.02,2.38931,2.59818,0,0.447641,4.47552,99.3022,98.274,2.78543,0,1,1.71451,1.50563,0,1.32463,2.1168
83.2346,85.139,8.93918,0.07,0.02,2.38993,2.59858,0,0.447757,4.47552,99.3022,98.274,9.88808,0,1,1.71451,1.50586,0,1.32463,2.1168
85.139,85.139,5.71186,0.06,0.02,2.39055,2.59897,0,0.447873,4.47552,99.3022,98.274,6.488,0,1,1.71451,1.50609,0,1.32463,2.1168
85.139,85.139,4.87938,0.05,0.06,2.4726,2.68079,0,0.447989,4.47552,99.3022,98.274,4.75178,0,1,1.76321,1.55502,0,1.32463,2.1168
85.139,85.139,5.01756,0.05,0.06,2.52192,2.68118,0,0.463365,4.47552,99.3022,98.274,5.65322,0,1,1.71451,1.55524,0,1.36226,2.1168
85.139,85.139,3.74198,0.06,0.06,2.52253,2.68157,0,0.472607,4.47552,99.3022,98.274,4.77727,0,1,1.71451,1.55547,0,1.32463,2.1168
85.139,85.139,3.70036,0.07,0.06,2.52314,2.68195,0,0.472722,4.47552,99.3022,98.274,4.13046,0,1,1.71451,1.55569,0,1.32463,2.1168
85.139,85.139,4.42215,0.07,0.06,2.78539,2.94397,0,0.472837,4.47552,99.3022,98.274,5.1373,0,1,1.89745,1.73886,0,1.32463,2.1168
85.139,85.139,10.1672,0.07,0.06,2.9444,2.9444,0,0.521982,4.47552,99.3022,98.274,8.78835,0,1,1.73912,1.73912,0,1.46597,2.1168
85.139,85.139,8.71537,0.06,0.06,2.94483,2.94483,0,0.55178,4.47552,99.3022,98.274,7.8833,0,1,1.73937,1.73937,0,1.34364,2.1168
85.139,85.139,6.34632,0.06,0.06,2.94525,2.94525,0,0.55186,4.47552,99.3022,98.274,5.67168,0,1,1.73962,1.73962,0,1.34384,2.1168
85.139,85.139,4.90092,0.06,0.06,2.5723,2.5723,0,0.55194,4.47552,99.3022,98.274,4.88949,0,1,1.49422,1.49422,0,1.34403,2.1168
85.139,85.139,5.3291,0.06,0.06,2.35261,2.57267,0,0.482048,4.47552,99.3022,98.274,7.03693,0,1,1.7145,1.49443,0,1.15443,2.1168
85.139,85.139,5.48399,0.06,0.06,2.3532,2.57304,0,0.440878,4.47552,99.3022,98.274,6.56839,0,1,1.7145,1.49465,0,1.32462,2.1168
85.139,85.139,5.20125,0.07,0.06,2.35379,2.57341,0,0.440989,4.47552,99.3022,98.274,7.06584,0,1,1.7145,1.49487,0,1.32462,2.1168
85.139,85.139,5.69881,0.08,0.06,2.35437,2.57379,0,0.441099,4.47552,99.3022,98.274,5.93426,0,1,1.7145,1.49508,0,1.32462,2.1168
85.139,85.139,8.0403,0.11,0.06,2.44902,2.66822,0,0.44121,4.47552,99.3022,98.274,6.37996,0,1,1.77464,1.55544,0,1.32462,2.1168
85.139,85.139,6.99269,0.1,0.06,2.50976,2.6686,0,0.458946,4.47552,99.3022,98.274,6.04622,0,1,1.71451,1.55567,0,1.37108,2.1168
85.139,85.139,7.12038,0.1,0.06,2.51037,2.66899,0,0.470329,4.47552,99.3022,98.274,6.75455,0,1,1.71451,1.55589,0,1.32463,2.1168
85.139,85.139,6.52877,0.1,0.06,2.51099,2.66938,0,0.470444,4.47552,99.3022,98.274,5.98244,0,1,1.71451,1.55612,0,1.32463,2.1168
85.139,85.139,5.33691,0.11,0.06,2.4748,2.63297,0,0.470559,4.47552,99.3022,98.274,5.10223,0,1,1.69113,1.53297,0,1.32463,2.1168
85.139,85.139,4.16002,0.11,0.06,2.45204,2.63335,0,0.463778,4.47552,99.3022,98.274,3.46764,0,1,1.7145,1.53319,0,1.30657,2.1168
85.139,85.139,3.60268,0.11,0.06,2.45264,2.63373,0,0.459512,4.47552,99.3022,98.274,3.15285,0,1,1.7145,1.53342,0,1.32462,2.1168
85.139,85.139,3.20665,0.11,0.06,2.45325,2.63411,0,0.459625,4.47552,99.2949,98.274,2.7588,0,1,1.7145,1.53364,0,1.32462,2.1168
85.139,85.139,2.98483,0.1,0.06,2.57883,2.75947,0,0.459739,4.47552,99.216,98.274,2.5829,0,1,1.79743,1.61679,0,1.32462,2.1168
85.0308,85.139,2.8641,0.07,0.06,2.66238,2.75987,0,0.483272,4.47552,99.1319,98.274,2.42781,0,1,1.71451,1.61702,0,1.3887,2.1168
84.6532,85.139,2.51702,0.12,0.06,2.66301,2.76027,0,0.498929,4.47552,98.9655,98.274,2.32158,0,1,1.71451,1.61726,0,1.32463,2.1168
84.2078,85.139,2.44055,0.1,0.06,2.66365,2.76067,0,0.499048,4.47552,98.8299,98.274,2.35004,0,1,1.71451,1.61749,0,1.32463,2.1168
83.6465,85.139,2.314,0.08,0.06,2.66428,2.76107,0,0.499167,4.47552,98.6802,98.274,2.24832,0,1,1.71451,1.61773,0,1.32463,2.1168
83.1404,85.139,2.34239,0.06,0.06,2.64018,2.73674,0,0.499286,4.47552,98.5658,98.274,2.48645,0,1,1.76013,1.66357,0,1.32463,2.1168
82.476,85.139,2.21296,0.05,0.06,2.68643,2.73713,0,0.49477,4.47552,98.4528,98.274,2.213,0,1,1.71452,1.66382,0,1.35987,2.1168
81.6663,85.139,2.03166,0.04,0.06,2.68706,2.73753,0,0.503436,4.47552,98.2693,98.274,2.17272,0,1,1.71452,1.66406,0,1.32464,2.1168
80.7554,85.139,1.90029,0.04,0.06,2.6877,2.73793,0,0.503556,4.47552,98.0236,98.274,2.09784,0,1,1.71452,1.6643,0,1.32464,2.1168
79.744,85.139,1.85707,0.04,0.06,2.75225,2.80223,0,0.503676,4.47552,97.7657,98.274,2.16187,0,1,1.7552,1.70521,0,1.32464,2.1168
78.787,85.139,1.94603,0.04,0.06,2.79357,2.80264,0,0.515771,4.47552,97.5557,98.274,2.18615,0,1,1.71453,1.70546,0,1.35606,2.1168
77.6492,85.139,1.75529,0.06,0.06,2.79422,2.80304,0,0.523515,4.47552,97.2534,98.274,2.09823,0,1,1.71453,1.70571,0,1.32464,2.1168
76.3965,85.139,1.62194,0.06,0.06,2.79488,2.80345,0,0.523638,4.47552,96.9328,98.274,1.92009,0,1,1.71453,1.70596,0,1.32464,2.1168
74.8871,85.139,1.49186,0.06,0.06,2.98279,2.99111,0,0.52376,4.47552,96.4091,98.274,1.85676,0,1,1.86142,1.8531,0,1.32464,2.1168
73.1106,85.139,1.2324,0.06,0.06,2.99155,2.99155,0,0.558975,4.47552,96.0908,98.274,1.72592,0,1,1.85337,1.85337,0,1.43814,2.1168
71.4619,85.139,1.36393,0.09,0.06,2.99198,2.99198,0,0.560616,4.47552,95.4808,98.274,2.10357,0,1,1.85364,1.85364,0,1.43191,2.1168
69.5738,85.139,1.10926,0.09,0.06,2.99242,2.99242,0,0.560698,4.47552,95.1482,98.274,1.50468,0,1,1.85391,1.85391,0,1.43212,2.1168
67.9553,85.139,1.35618,0.09,0.06,2.99285,2.99285,0,0.560779,4.47552,94.9813,98.274,2.70348,0,1,1.85418,1.85418,0,1.43233,2.1168
66.5039,85.139,1.4032,0.11,0.06,2.90196,2.90196,0,0.56086,4.47552,94.5568,98.274,1.98999,0,1,1.76522,1.76522,0,1.43254,2.1168
65.247,85.139,1.64555,0.11,0.06,2.90238,2.90238,0,0.543827,4.47552,94.2,98.274,2.43053,0,1,1.76548,1.76548,0,1.36381,2.1168
63.9983,85.139,1.65833,0.12,0.06,2.9028,2.9028,0,0.543906,4.47552,93.8873,98.274,2.53927,0,1,1.76573,1.76573,0,1.36401,2.1168
62.8793,85.139,1.80931,0.12,0.06,2.90322,2.90322,0,0.543985,4.47552,93.5982,98.274,2.7239,0,1,1.76599,1.76599,0,1.3642,2.1168
61.8829,85.139,1.9652,0.12,0.06,2.82863,2.82863,0,0.544063,4.47552,93.6066,98.274,3.43395,0,1,1.68498,1.68498,0,1.3644,2.1168
61.44,85.139,2.65641,0.13,0.06,2.79974,2.82904,0,0.530086,4.47552,94.0021,98.274,5.15723,0,1,1.71452,1.68522,0,1.30182,2.1168
61.6277,85.139,3.23409,0.13,0.06,2.8004,2.82945,0,0.524672,4.47552,94.5561,98.274,6.11609,0,1,1.71452,1.68547,0,1.32464,2.1168
62.2776,85.139,3.55967,0.13,0.06,2.80105,2.82987,0,0.524795,4.47552,95.1366,98.274,6.18451,0,1,1.71452,1.68571,0,1.32464,2.1168
62.4373,85.139,3.04011,0.13,0.06,2.58856,2.61712,0,0.524917,4.47552,95.5874,98.274,4.40699,0,1,1.54518,1.51661,0,1.32464,2.1168
63.2575,85.139,3.56732,0.13,0.06,2.41983,2.6175,0,0.485096,4.47552,95.8787,98.274,5.50056,0,1,1.7145,1.51683,0,1.1938,2.1168
65.091,85.139,4.76684,0.13,0.06,2.42043,2.61788,0,0.453477,4.47552,97.0207,98.274,7.1016,0,1,1.7145,1.51705,0,1.32462,2.1168
67.1854,85.139,5.14349,0.13,0.06,2.42103,2.61826,0,0.453589,4.47552,98.6851,98.274,10.211,0,1,1.7145,1.51727,0,1.32462,2.1168
69.3311,85.139,5.05338,0.13,0.06,2.42163,2.61864,0,0.453702,4.47552,99.3022,98.274,7.83858,0,1,1.7145,1.51749,0,1.32462,2.1168
74.4333,85.139,8.20421,0.12,0.06,2.39867,2.70107,0,0.453814,4.47552,99.3022,98.274,8.86707,0,1,1.86918,1.56678,0,1.32462,3.38688
79.929,85.139,8.63762,0.1,0.06,2.39904,2.70144,0,0.44951,4.47552,99.3022,98.274,7.58414,0,1,1.8694,1.567,0,1.44413,3.38688
85.139,85.139,9.71419,0.08,0.06,2.39942,2.70182,0,0.449581,4.47552,99.3022,98.274,5.65136,0,1,1.86962,1.56722,0,1.4443,3.38688
85.139,85.139,7.8581,0.07,0.06,2.39979,2.70219,0,0.449651,4.47552,99.3022,98.274,4.85618,0,1,1.86984,1.56744,0,1.44447,3.38688
85.139,85.139,6.01554,0.07,0.06,2.66377,2.96617,0,0.449722,4.47552,99.3022,98.274,4.91291,0,1,2.05438,1.75198,0,1.44463,3.38688
85.139,85.139,6.70702,0.07,0.06,2.66419,2.96659,0,0.499191,4.47552,99.3022,98.274,5.94249,0,1,2.05462,1.75222,0,1.58721,3.38688
85.139,85.139,6.19216,0.06,0.06,2.6646,2.967,0,0.499269,4.47552,99.3022,98.274,4.58052,0,1,2.05486,1.75246,0,1.5874,3.38688
85.139,85.139,5.12421,0.06,0.06,2.66501,2.96741,0,0.499346,4.47552,99.3022,98.274,4.54566,0,1,2.05511,1.75271,0,1.58759,3.38688
85.139,85.139,3.78094,0.06,0.06,2.28924,2.59164,0,0.499423,4.47552,99.3022,98.274,3.67789,0,1,1.80785,1.50545,0,1.58778,3.38688
85.139,85.139,3.8987,0.06,0.06,2.2896,2.592,0,0.429003,4.47552,99.3022,98.274,3.63287,0,1,1.80806,1.50566,0,1.39675,3.38688
85.139,85.139,5.92554,0.06,0.06,2.28996,2.59236,0,0.42907,4.47552,99.3022,98.274,4.61818,0,1,1.80827,1.50587,0,1.39691,3.38688
85.139,85.139,9.45709,0.07,0.06,2.29032,2.59272,0,0.429138,4.47552,99.3022,98.274,9.37716,0,1,1.80848,1.50608,0,1.39707,3.38688
85.139,85.139,5.07819,0.09,0.06,2.29068,2.59308,0,0.429206,4.47552,99.3022,98.274,3.91781,0,1,1.80869,1.50629,0,1.39723,3.38688
85.139,85.139,6.47547,0.11,0.06,2.3858,2.6882,0,0.429273,4.47552,99.3022,98.274,6.26134,0,1,1.86949,1.56709,0,1.39739,3.38688
85.139,85.139,7.05243,0.11,0.06,2.38617,2.68857,0,0.447099,4.47552,99.3022,98.274,7.24128,0,1,1.86971,1.56731,0,1.44437,3.38688
85.139,85.139,6.03095,0.11,0.06,2.38655,2.68895,0,0.447169,4.47552,99.3022,98.274,6.10623,0,1,1.86993,1.56753,0,1.44454,3.38688
85.139,85.139,5.44663,0.1,0.06,2.38692,2.68932,0,0.447239,4.47552,99.3022,98.274,6.63014,0,1,1.87015,1.56775,0,1.44471,3.38688
85.139,85.139,4.70858,0.11,0.06,2.35023,2.65263,0,0.447309,4.47552,99.3022,98.274,4.48095,0,1,1.84682,1.54442,0,1.44487,3.38688
85.139,85.139,4.2709,0.11,0.06,2.3506,2.653,0,0.440433,4.47552,99.3022,98.274,3.55605,0,1,1.84703,1.54463,0,1.42685,3.38688
85.139,85.139,3.76623,0.11,0.06,2.35097,2.65337,0,0.440502,4.47552,99.3022,98.274,3.17983,0,1,1.84725,1.54485,0,1.42702,3.38688
85.139,85.139,3.38681,0.11,0.06,2.35134,2.65374,0,0.440571,4.47552,99.3022,98.274,2.8472,0,1,1.84746,1.54506,0,1.42718,3.38688
85.139,85.139,3.12093,0.11,0.06,2.47761,2.78001,0,0.44064,4.47552,99.1395,98.274,2.6876,0,1,1.93123,1.62883,0,1.42735,3.38688
85.139,85.139,3.31959,0.1,0.06,2.478,2.7804,0,0.464304,4.47552,99.1328,98.274,2.31447,0,1,1.93145,1.62905,0,1.49206,3.38688
85.139,85.139,3.22543,0.07,0.06,2.47838,2.78078,0,0.464376,4.47552,99.0759,98.274,2.41231,0,1,1.93168,1.62928,0,1.49224,3.38688
85.139,85.139,2.93474,0.06,0.06,2.47877,2.78117,0,0.464449,4.47552,98.9815,98.274,2.30113,0,1,1.93191,1.62951,0,1.49242,3.38688
85.139,85.139,2.79345,0.05,0.06,2.47916,2.78156,0,0.464522,4.47552,98.8733,98.274,2.32988,0,1,1.93213,1.62973,0,1.49259,3.38688
84.3954,85.139,1.96184,0.04,0.06,2.45463,2.75703,0,0.464594,4.47552,98.7767,98.274,2.41493,0,1,1.97831,1.67591,0,1.49277,3.38688
83.2974,85.139,1.59379,0.05,0.06,2.45501,2.75741,0,0.459998,4.47552,98.6496,98.274,2.18201,0,1,1.97854,1.67614,0,1.52844,3.38688
82.1007,85.139,1.46149,0.04,0.06,2.4554,2.7578,0,0.46007,4.47552,98.4589,98.274,2.13801,0,1,1.97878,1.67638,0,1.52862,3.38688
80.8474,85.139,1.36789,0.04,0.06,2.45578,2.75818,0,0.460142,4.47552,98.167,98.274,2.06461,0,1,1.97901,1.67661,0,1.5288,3.38688
79.4843,85.139,1.30616,0.04,0.06,2.52055,2.82295,0,0.460214,4.47552,97.8711,98.274,2.03769,0,1,2.02022,1.71782,0,1.52898,3.38688
78.241,85.139,1.4191,0.04,0.06,2.52094,2.82334,0,0.472351,4.47552,97.6364,98.274,2.19289,0,1,2.02046,1.71806,0,1.56082,3.38688
76.8921,85.139,1.30064,0.06,0.06,2.52133,2.82373,0,0.472424,4.47552,97.2809,98.274,2.13143,0,1,2.0207,1.7183,0,1.56101,3.38688
75.4365,85.139,1.18092,0.06,0.06,2.52173,2.82413,0,0.472498,4.47552,96.9118,98.274,1.95634,0,1,2.02094,1.71854,0,1.56119,3.38688
73.7094,85.139,1.03935,0.06,0.06,2.71076,3.01316,0,0.472572,4.47552,96.4293,98.274,1.93536,0,1,2.16916,1.86676,0,1.56138,3.38688
71.7598,85.139,0.790069,0.09,0.06,2.71118,3.01358,0,0.507996,4.47552,95.8517,98.274,1.85413,0,1,2.16942,1.86702,0,1.67589,3.38688
69.731,85.139,0.687808,0.09,0.06,2.7116,3.014,0,0.508075,4.47552,95.2355,98.274,1.72456,0,1,2.16968,1.86728,0,1.67609,3.38688
67.7724,85.139,0.740391,0.09,0.06,2.71202,3.01442,0,0.508154,4.47552,94.7794,98.274,1.74908,0,1,2.16994,1.86754,0,1.67629,3.38688
66.1926,85.139,1.14703,0.13,0.06,2.71244,3.01484,0,0.508233,4.47552,94.3948,98.274,2.07222,0,1,2.1702,1.8678,0,1.67649,3.38688
65.1826,85.139,1.68741,0.13,0.06,2.62086,2.92326,0,0.508311,4.47552,94.4244,98.274,3.00454,0,1,2.08058,1.77818,0,1.6767,3.38688
64.2492,85.139,1.74649,0.12,0.06,2.62127,2.92367,0,0.491149,4.47552,94.6062,98.274,3.53661,0,1,2.08083,1.77843,0,1.60745,3.38688
63.5104,85.139,1.96236,0.12,0.06,2.62168,2.92408,0,0.491226,4.47552,94.7936,98.274,3.2838,0,1,2.08107,1.77867,0,1.60765,3.38688
63.801,85.139,3.06265,0.12,0.06,2.62208,2.92448,0,0.491302,4.47552,95.6985,98.274,5.61045,0,1,2.08132,1.77892,0,1.60784,3.38688
64.5263,85.139,3.62815,0.12,0.06,2.54694,2.84934,0,0.491379,4.47552,96.6343,98.274,5.57165,0,1,1.99971,1.69731,0,1.60803,3.38688
66.6942,85.139,5.26198,0.12,0.06,2.54733,2.84973,0,0.477296,4.47552,97.6025,98.274,6.15184,0,1,1.99995,1.69755,0,1.54498,3.38688
68.7601,85.139,5.1241,0.12,0.06,2.54773,2.85013,0,0.47737,4.47552,98.6776,98.274,6.47805,0,1,2.00018,1.69778,0,1.54516,3.38688
69.7503,85.139,3.97699,0.11,0.06,2.54813,2.85053,0,0.477445,4.47552,99.3022,98.274,4.88807,0,1,2.00042,1.69802,0,1.54534,3.38688
74,85.139,7.43141,0.11,0.06,2.33382,2.63622,0,0.477519,4.47552,99.3022,98.274,11.0997,0,1,1.83007,1.52767,0,1.54553,3.38688
76.2518,85.139,5.23584,0.08,0.06,2.33419,2.63659,0,0.437357,4.47552,99.3022,98.274,7.82933,0,1,1.83029,1.52789,0,1.41391,3.38688
77.7767,85.139,4.60562,0.09,0.06,2.33455,2.63695,0,0.437426,4.47552,99.3022,98.274,7.73737,0,1,1.8305,1.5281,0,1.41408,3.38688
85.139,85.139,11.339,0.09,0.06,2.33492,2.63732,0,0.437495,4.47552,99.3022,98.274,14.9169,0,1,1.83071,1.52831,0,1.41424,3.38688
85.139,85.139,10.3719,0.05,0.06,2.33529,2.63769,0,0.437564,4.47552,99.3022,98.274,14.9802,0,1,1.83093,1.52853,0,1.41441,3.38688
85.139,85.139,8.45282,0.05,0.06,2.4183,2.7207,0,0.437633,4.47552,99.3022,98.274,10.3528,0,1,1.88057,1.57817,0,1.41457,3.38688
85.139,85.139,9.33353,0.06,0.06,2.41866,2.72106,0,0.453189,4.47552,99.3022,98.274,11.1014,0,0,1.88078,1.57838,0,1.45293,3.38688
85.139,85.139,7.32364,0.08,0.06,2.41902,2.72142,0,0.453257,4.47552,99.3022,98.274,10.3554,0,0,1.88099,1.57859,0,1.45309,3.38688
85.139,85.139,8.3179,0.07,0.06,2.41939,2.72179,0,0.453325,4.47552,99.3022,98.274,11.1638,0,0,1.8812,1.5788,0,1.45325,3.38688
85.139,85.139,9.07722,0.07,0.06,2.68527,2.98767,0,0.453394,4.47552,99.3022,98.274,11.4996,0,0,2.06707,1.76467,0,1.45342,3.38688
85.139,85.139,5.61321,0.07,0.06,2.68567,2.98807,0,0.503219,4.47552,99.3022,98.274,9.80914,0,0,2.06731,1.76491,0,1.59702,3.38688
85.139,85.139,5.27337,0.07,0.06,2.68607,2.98847,0,0.503294,4.47552,99.3022,98.274,9.05432,0,0,2.06754,1.76514,0,1.5972,3.38688
85.139,85.139,5.69203,0.06,0.06,2.68647,2.98887,0,0.503369,4.47552,99.3022,98.274,8.53753,0,0,2.06778,1.76538,0,1.59738,3.38688
85.139,85.139,7.20413,0.06,0.06,2.30796,2.61036,0,0.503444,4.47552,99.3022,98.274,11.7396,0,0,1.81873,1.51633,0,1.59757,3.38688
85.139,85.139,7.47344,0.06,0.06,2.30831,2.61071,0,0.432511,4.47552,99.3022,98.274,7.59413,0,0,1.81893,1.51653,0,1.40515,3.38688
85.139,85.139,7.23592,0.07,0.06,2.30866,2.61106,0,0.432577,4.47552,99.3022,98.274,12.1556,0,0,1.81913,1.51673,0,1.40531,3.38688
85.139,85.139,6.67518,0.09,0.06,2.30901,2.61141,0,0.432642,4.47552,99.3022,98.274,12.0547,0,0,1.81934,1.51694,0,1.40546,3.38688
85.139,85.139,7.30673,0.12,0.06,2.30936,2.61176,0,0.432708,4.47552,99.3022,98.274,15.4165,0,0,1.81954,1.51714,0,1.40562,3.38688
85.139,85.139,8.11806,0.11,0.06,2.40515,2.70755,0,0.432774,4.47552,99.3022,98.274,12.7848,0,0,1.88077,1.57837,0,1.40578,3.38688
85.139,85.139,7.26967,0.11,0.06,2.40551,2.70791,0,0.450725,4.47552,99.3022,98.274,11.2946,0,0,1.88098,1.57858,0,1.45308,3.38688
85.139,85.139,5.12594,0.12,0.06,2.40587,2.70827,0,0.450793,4.47552,99.3022,98.274,7.60597,0,0,1.88119,1.57879,0,1.45325,3.38688
85.139,85.139,4.5866,0.12,0.06,2.40624,2.70864,0,0.450861,4.47552,99.3022,98.274,6.6238,0,0,1.8814,1.579,0,1.45341,3.38688
85.139,85.139,4.52938,0.11,0.06,2.36926,2.67166,0,0.450929,4.47552,99.3022,98.274,7.1865,0,0,1.8579,1.5555,0,1.45357,3.38688
85.139,85.139,3.77007,0.11,0.06,2.36962,2.67202,0,0.444,4.47552,99.3022,98.274,4.15106,0,0,1.85811,1.55571,0,1.43541,3.38688
85.139,85.139,3.33605,0.11,0.06,2.36998,2.67238,0,0.444067,4.47552,99.3022,98.274,3.7548,0,0,1.85832,1.55592,0,1.43558,3.38688
85.139,85.139,3.08823,0.11,0.06,2.37034,2.67274,0,0.444134,4.47552,99.3022,98.274,3.46845,0,0,1.85853,1.55613,0,1.43574,3.38688
85.139,85.139,3.01636,0.11,0.06,2.4975,2.7999,0,0.444201,4.47552,99.3022,98.274,3.96448,0,0,1.94288,1.64048,0,1.4359,3.38688
85.139,85.139,3.24933,0.1,0.06,2.49787,2.80027,0,0.468031,4.47552,99.3022,98.274,3.7257,0,0,1.9431,1.6407,0,1.50107,3.38688
85.139,85.139,3.09877,0.07,0.06,2.49825,2.80065,0,0.468101,4.47552,99.3022,98.274,3.2803,0,0,1.94332,1.64092,0,1.50124,3.38688
85.0544,85.139,2.7399,0.06,0.06,2.49862,2.80102,0,0.468172,4.47552,99.3022,98.274,2.93657,0,0,1.94354,1.64114,0,1.50141,3.38688
84.7716,85.139,2.5022,0.09,0.06,2.499,2.8014,0,0.468242,4.47552,99.3022,98.274,3.11486,0,0,1.94376,1.64136,0,1.50158,3.38688
84.1624,85.139,2.08782,0.07,0.06,2.47428,2.77668,0,0.468312,4.47552,99.07,98.274,2.50484,0,0,1.99026,1.68786,0,1.50175,3.38688
83.3457,85.139,1.8569,0.06,0.06,2.47465,2.77705,0,0.46368,4.47552,98.8042,98.274,2.13848,0,0,1.99048,1.68808,0,1.53767,3.38688
82.4022,85.139,1.72533,0.05,0.06,2.47502,2.77742,0,0.46375,4.47552,98.3915,98.274,2.09901,0,0,1.99071,1.68831,0,1.53785,3.38688
81.3158,85.139,1.57411,0.04,0.06,2.4754,2.7778,0,0.46382,4.47552,97.9499,98.274,1.92979,0,0,1.99093,1.68853,0,1.53802,3.38688
80.1023,85.139,1.47433,0.04,0.06,2.54061,2.84301,0,0.463889,4.47552,97.5528,98.274,1.86226,0,0,2.03243,1.73003,0,1.5382,3.38688
78.9434,85.139,1.50451,0.04,0.06,2.54099,2.84339,0,0.47611,4.47552,96.9943,98.274,1.93865,0,0,2.03266,1.73026,0,1.57025,3.38688
77.628,85.139,1.33628,0.06,0.06,2.54137,2.84377,0,0.476181,4.47552,96.4529,98.274,1.773,0,0,2.03289,1.73049,0,1.57043,3.38688
76.2096,85.139,1.21168,0.07,0.06,2.54175,2.84415,0,0.476252,4.47552,95.8895,98.274,1.73661,0,0,2.03312,1.73072,0,1.57061,3.38688
74.4409,85.139,1.00569,0.07,0.06,2.7321,3.0345,0,0.476324,4.47552,95.1936,98.274,1.70236,0,0,2.18238,1.87998,0,1.57079,3.38688
72.6015,85.139,0.921977,0.08,0.06,2.73251,3.03491,0,0.511996,4.47552,94.4304,98.274,1.57251,0,0,2.18263,1.88023,0,1.68611,3.38688
70.6753,85.139,0.815344,0.1,0.06,2.73292,3.03532,0,0.512073,4.47552,93.6544,98.274,1.44647,0,0,2.18289,1.88049,0,1.6863,3.38688
68.8115,85.139,0.859124,0.1,0.06,2.73332,3.03572,0,0.512149,4.47552,93.0483,98.274,1.43632,0,0,2.18314,1.88074,0,1.6865,3.38688
67.3511,85.139,1.28793,0.1,0.06,2.73373,3.03613,0,0.512225,4.47552,92.4829,98.274,1.69868,0,0,2.18339,1.88099,0,1.68669,3.38688
66.4563,85.139,1.82568,0.14,0.06,2.64149,2.94389,0,0.512301,4.47552,92.3175,98.274,1.90198,0,0,2.09313,1.79073,0,1.68689,3.38688
66.0774,85.139,2.31654,0.14,0.06,2.64189,2.94429,0,0.495015,4.47552,92.2882,98.274,2.5538,0,0,2.09337,1.79097,0,1.61715,3.38688
65.1619,85.139,1.83303,0.14,0.06,2.64228,2.94468,0,0.495089,4.47552,91.7049,98.274,2.25739,0,0,2.09361,1.79121,0,1.61734,3.38688
63.7011,85.139,1.21552,0.12,0.06,2.64267,2.94507,0,0.495163,4.47552,91.4934,98.274,1.51421,0,0,2.09385,1.79145,0,1.61752,3.38688
63.3297,85.139,2.29954,0.12,0.06,2.56698,2.86938,0,0.495237,4.47552,91.4275,98.274,2.27355,0,0,2.01165,1.70925,0,1.61771,3.38688
62.9779,85.139,2.46984,0.12,0.06,2.56737,2.86977,0,0.481052,4.47552,91.5166,98.274,3.48851,0,0,2.01188,1.70948,0,1.5542,3.38688
65.2286,85.139,5.12252,0.12,0.06,2.56775,2.87015,0,0.481124,4.47552,91.9056,98.274,4.38388,0,0,2.01211,1.70971,0,1.55438,3.38688
68.0075,85.139,5.78199,0.12,0.06,2.56814,2.87054,0,0.481196,4.47552,92.4689,98.274,5.05213,0,0,2.01234,1.70994,0,1.55456,3.38688
71.2829,85.139,6.19897,0.13,0.06,2.35231,2.65471,0,0.481269,4.47552,93.1781,98.274,5.18163,0,0,1.84079,1.53839,0,1.55473,3.38688
75.1547,85.139,6.99797,0.12,0.06,2.35266,2.65506,0,0.440822,4.47552,95.1192,98.274,7.68509,0,0,1.84099,1.53859,0,1.42219,3.38688
75.776,85.139,3.70516,0.1,0.06,2.35302,2.65542,0,0.440889,4.47552,96.0128,98.274,6.19961,0,0,1.8412,1.5388,0,1.42235,3.38688
76.8275,85.139,4.20875,0.1,0.06,2.35338,2.65578,0,0.440956,4.47552,97.0965,98.274,6.86513,0,0,1.84141,1.53901,0,1.42251,3.38688
80.3326,85.139,6.64806,0.11,0.06,2.35373,2.65613,0,0.441023,4.47552,98.2512,98.274,6.94445,0,0,1.84161,1.53921,0,1.42267,3.38688
85.139,85.139,12.4652,0.08,0.06,2.35373,2.65613,0,0.441089,4.47552,99.3022,98.274,8.42994,0,0,1.84161,1.53921,0,1.42283,3.38688
85.139,85.139,8.10605,0.06,0.06,2.4373,2.7397,0,0.441089,4.47552,99.3022,98.274,4.84141,0,0,1.89159,1.58919,0,1.42283,3.38688
85.139,85.139,8.3675,0.08,0.06,2.43766,2.74006,0,0.456751,4.47552,99.3022,98.274,5.65717,0,0,1.8918,1.5894,0,1.46145,3.38688
85.139,85.139,10.3319,0.08,0.06,2.43801,2.74041,0,0.456817,4.47552,99.3022,98.274,5.79515,0,0,1.892,1.5896,0,1.4616,3.38688
85.139,85.139,7.67458,0.09,0.06,2.43836,2.74076,0,0.456883,4.47552,99.3022,98.274,5.49613,0,0,1.89221,1.58981,0,1.46176,3.38688
85.139,85.139,6.78864,0.11,0.06,2.70608,3.00848,0,0.456949,4.47552,99.3022,98.274,6.36063,0,0,2.07936,1.77696,0,1.46192,3.38688
85.139,85.139,7.28237,0.13,0.06,2.70646,3.00886,0,0.507119,4.47552,99.3022,98.274,6.20008,0,0,2.07959,1.77719,0,1.60652,3.38688
85.139,85.139,8.01157,0.14,0.06,2.70685,3.00925,0,0.507191,4.47552,99.3022,98.274,6.20586,0,0,2.07982,1.77742,0,1.60669,3.38688
85.139,85.139,7.42945,0.14,0.06,2.70724,3.00964,0,0.507264,4.47552,99.3022,98.274,5.46258,0,0,2.08005,1.77765,0,1.60687,3.38688
85.139,85.139,7.6798,0.14,0.06,2.32608,2.62848,0,0.507336,4.47552,99.3022,98.274,6.35108,0,0,1.82926,1.52686,0,1.60704,3.38688
85.139,85.139,6.58363,0.14,0.06,2.32642,2.62882,0,0.435908,4.47552,99.3022,98.274,5.15579,0,0,1.82945,1.52705,0,1.41328,3.38688
85.139,85.139,7.11985,0.14,0.06,2.32676,2.62916,0,0.435971,4.47552,99.3022,98.274,5.36355,0,0,1.82965,1.52725,0,1.41344,3.38688
85.139,85.139,11.2005,0.14,0.06,2.3271,2.6295,0,0.436035,4.47552,99.3022,98.274,9.81031,0,0,1.82985,1.52745,0,1.41359,3.38688
85.139,85.139,8.30877,0.14,0.06,2.32744,2.62984,0,0.436098,4.47552,99.3022,98.274,6.27735,0,0,1.83004,1.52764,0,1.41374,3.38688
85.139,85.139,7.6941,0.14,0.06,2.42387,2.72627,0,0.436161,4.47552,99.3022,98.274,6.8107,0,0,1.89169,1.58929,0,1.41389,3.38688
85.139,85.139,6.7771,0.14,0.06,2.42423,2.72663,0,0.454234,4.47552,99.3022,98.274,6.32992,0,0,1.89189,1.58949,0,1.46152,3.38688
85.139,85.139,5.17338,0.13,0.06,2.42458,2.72698,0,0.4543,4.47552,99.3022,98.274,4.67607,0,0,1.8921,1.5897,0,1.46167,3.38688
85.139,85.139,4.67661,0.12,0.06,2.42493,2.72733,0,0.454366,4.47552,99.3022,98.274,3.99338,0,0,1.8923,1.5899,0,1.46183,3.38688
85.139,85.139,4.41587,0.12,0.06,2.38768,2.69008,0,0.454431,4.47552,99.3022,98.274,3.05274,0,0,1.86863,1.56623,0,1.46199,3.38688
85.139,85.139,3.88444,0.12,0.06,2.38803,2.69043,0,0.447452,4.47552,99.3022,98.274,3.32491,0,0,1.86883,1.56643,0,1.4437,3.38688
85.139,85.139,3.6427,0.12,0.06,2.38838,2.69078,0,0.447517,4.47552,99.3022,98.274,2.79641,0,0,1.86903,1.56663,0,1.44386,3.38688
85.139,85.139,4.28548,0.11,0.06,2.38872,2.69112,0,0.447582,4.47552,99.3022,98.274,2.99285,0,0,1.86923,1.56683,0,1.44401,3.38688
85.139,85.139,3.6041,0.1,0.06,2.51674,2.81914,0,0.447646,4.47552,99.1986,98.274,2.70519,0,0,1.95415,1.65175,0,1.44417,3.38688
85.139,85.139,3.51186,0.09,0.06,2.51711,2.81951,0,0.471638,4.47552,99.0321,98.274,2.58323,0,0,1.95437,1.65197,0,1.50978,3.38688
85.139,85.139,3.27999,0.06,0.06,2.51747,2.81987,0,0.471706,4.47552,98.843,98.274,2.35764,0,0,1.95458,1.65218,0,1.50994,3.38688
85.139,85.139,3.05907,0.06,0.06,2.51783,2.82023,0,0.471774,4.47552,98.6259,98.274,2.28251,0,0,1.95479,1.65239,0,1.51011,3.38688
85.0548,85.139,2.66008,0.04,0.06,2.51819,2.82059,0,0.471842,4.47552,98.289,98.274,2.28201,0,0,1.955,1.6526,0,1.51027,3.38688
84.6113,85.139,2.24532,0.07,0.06,2.49329,2.79569,0,0.47191,4.47552,97.9499,98.274,2.04469,0,0,2.00181,1.69941,0,1.51044,3.38688
83.9969,85.139,2.0706,0.05,0.06,2.49365,2.79605,0,0.467243,4.47552,97.4174,98.274,2.03103,0,0,2.00203,1.69963,0,1.5466,3.38688
83.2092,85.139,1.89015,0.04,0.06,2.49401,2.79641,0,0.46731,4.47552,96.9088,98.274,1.81624,0,0,2.00225,1.69985,0,1.54677,3.38688
82.2959,85.139,1.73461,0.04,0.06,2.49437,2.79677,0,0.467378,4.47552,96.582,98.274,1.77861,0,0,2.00247,1.70007,0,1.54694,3.38688
81.528,85.139,1.92894,0.05,0.06,2.56001,2.86241,0,0.467445,4.47552,96.1984,98.274,2.17062,0,0,2.04423,1.74183,0,1.54711,3.38688
80.5538,85.139,1.71342,0.05,0.06,2.56038,2.86278,0,0.479746,4.47552,95.7431,98.274,2.0402,0,0,2.04446,1.74206,0,1.57937,3.38688
79.4358,85.139,1.55931,0.05,0.06,2.56075,2.86315,0,0.479815,4.47552,95.2846,98.274,1.93519,0,0,2.04468,1.74228,0,1.57955,3.38688
78.1143,85.139,1.32932,0.08,0.06,2.56111,2.86351,0,0.479884,4.47552,94.7262,98.274,1.91774,0,0,2.04491,1.74251,0,1.57972,3.38688
76.3649,85.139,1.07948,0.08,0.06,2.75275,3.05515,0,0.479953,4.47552,93.955,98.274,1.74816,0,0,2.19517,1.89277,0,1.57989,3.38688
74.4066,85.139,0.867131,0.08,0.06,2.75314,3.05554,0,0.515865,4.47552,93.1944,98.274,1.54377,0,0,2.19542,1.89302,0,1.69599,3.38688
72.5311,85.139,0.9335,0.09,0.06,2.75354,3.05594,0,0.515939,4.47552,92.6245,98.274,1.56792,0,0,2.19566,1.89326,0,1.69618,3.38688
71.1305,85.139,1.44618,0.11,0.06,2.75393,3.05633,0,0.516013,4.47552,92.0679,98.274,1.85097,0,0,2.1959,1.8935,0,1.69637,3.38688
70.1556,85.139,1.87997,0.11,0.06,2.75432,3.05672,0,0.516086,4.47552,91.6962,98.274,1.98506,0,0,2.19615,1.89375,0,1.69655,3.38688
69.4964,85.139,2.11147,0.11,0.06,2.66144,2.96384,0,0.51616,4.47552,91.3276,98.274,2.35504,0,0,2.10526,1.80286,0,1.69674,3.38688
68.5616,85.139,1.84748,0.11,0.06,2.66182,2.96422,0,0.498754,4.47552,90.8468,98.274,1.91465,0,0,2.10549,1.80309,0,1.62653,3.38688
67.4386,85.139,1.65482,0.11,0.06,2.6622,2.9646,0,0.498825,4.47552,90.369,98.274,1.88851,0,0,2.10573,1.80333,0,1.6267,3.38688
66.2086,85.139,1.68438,0.12,0.06,2.66259,2.96499,0,0.498897,4.47552,90.0964,98.274,1.88876,0,0,2.10596,1.80356,0,1.62688,3.38688
66.5243,85.139,3.15991,0.12,0.06,2.58636,2.88876,0,0.498968,4.47552,89.9268,98.274,2.91133,0,0,2.0232,1.7208,0,1.62706,3.38688
66.8808,85.139,3.25536,0.13,0.06,2.58674,2.88914,0,0.484685,4.47552,89.7843,98.274,2.84248,0,0,2.02342,1.72102,0,1.56312,3.38688
67.8189,85.139,3.88676,0.13,0.06,2.58711,2.88951,0,0.484754,4.47552,89.8281,98.274,3.27584,0,0,2.02364,1.72124,0,1.56329,3.38688
69.3754,85.139,4.65367,0.13,0.06,2.58748,2.88988,0,0.484824,4.47552,90.2412,98.274,3.98792,0,0,2.02386,1.72146,0,1.56347,3.38688
74.0842,85.139,7.65368,0.13,0.06,2.37018,2.67258,0,0.484894,4.47552,91.0462,98.274,5.65382,0,0,1.85115,1.54875,0,1.56364,3.38688
80.5117,85.139,9.6662,0.11,0.06,2.37053,2.67293,0,0.444172,4.47552,92.3401,98.274,7.22404,0,0,1.85135,1.54895,0,1.4302,3.38688
85.139,85.139,8.30392,0.09,0.06,2.37087,2.67327,0,0.444237,4.47552,93.5083,98.274,6.00915,0,0,1.85155,1.54915,0,1.43035,3.38688
85.139,85.139,6.87616,0.06,0.06,2.37122,2.67362,0,0.444301,4.47552,94.744,98.274,6.35097,0,0,1.85175,1.54935,0,1.4305,3.38688
85.139,85.139,8.15638,0.07,0.06,2.37156,2.67396,0,0.444366,4.47552,95.5556,98.274,5.59346,0,0,1.85194,1.54954,0,1.43066,3.38688
84.7788,85.139,2.70906,0.09,0.06,2.45568,2.75808,0,0.44443,4.47552,96.0869,98.274,4.65169,0,0,1.90225,1.59985,0,1.43081,3.38688
85.0116,85.139,3.30613,0.1,0.06,2.45602,2.75842,0,0.460194,4.47552,97.0111,98.274,5.82751,0,0,1.90245,1.60005,0,1.46968,3.38688
84.9118,85.139,2.94365,0.11,0.06,2.45636,2.75876,0,0.460258,4.47552,97.9215,98.274,5.72804,0,0,1.90265,1.60025,0,1.46983,3.38688
84.6977,85.139,2.76725,0.11,0.06,2.4567,2.7591,0,0.460322,4.47552,98.6172,98.274,4.91187,0,0,1.90284,1.60044,0,1.46998,3.38688
85.139,85.139,4.20514,0.11,0.06,2.72619,3.02859,0,0.460385,4.47552,99.3022,98.274,5.84991,0,0,2.09124,1.78884,0,1.47014,3.38688
85.139,85.139,3.9856,0.08,0.06,2.72656,3.02896,0,0.510888,4.47552,99.3022,98.274,5.74778,0,0,2.09146,1.78906,0,1.61569,3.38688
85.139,85.139,4.18701,0.09,0.06,2.72694,3.02934,0,0.510958,4.47552,99.3022,98.274,6.04908,0,0,2.09168,1.78928,0,1.61586,3.38688
85.139,85.139,4.44293,0.09,0.06,2.72731,3.02971,0,0.511028,4.47552,99.3022,98.274,6.71697,0,0,2.0919,1.7895,0,1.61603,3.38688
85.139,85.139,3.87601,0.09,0.06,2.3436,2.646,0,0.511098,4.47552,99.3022,98.274,4.99106,0,0,1.83943,1.53703,0,1.6162,3.38688
85.139,85.139,3.51298,0.1,0.06,2.34393,2.64633,0,0.439191,4.47552,99.3022,98.274,3.67527,0,0,1.83962,1.53722,0,1.42114,3.38688
85.139,85.139,4.6935,0.1,0.06,2.34425,2.64665,0,0.439252,4.47552,99.3022,98.274,7.08894,0,0,1.83981,1.53741,0,1.42129,3.38688
85.139,85.139,3.69093,0.12,0.06,2.34458,2.64698,0,0.439313,4.47552,99.3022,98.274,4.32543,0,0,1.84,1.5376,0,1.42144,3.38688
85.139,85.139,3.56706,0.12,0.06,2.34491,2.64731,0,0.439374,4.47552,99.3022,98.274,4.23481,0,0,1.84019,1.53779,0,1.42158,3.38688
85.139,85.139,3.3214,0.12,0.06,2.44197,2.74437,0,0.439435,4.47552,99.3022,98.274,2.86434,0,0,1.90224,1.59984,0,1.42173,3.38688
85.0359,85.139,2.82453,0.13,0.06,2.44231,2.74471,0,0.457625,4.47552,99.3022,98.274,3.24362,0,0,1.90243,1.60003,0,1.46967,3.38688
85.0108,85.139,2.87914,0.18,0.06,2.44265,2.74505,0,0.457689,4.47552,99.3022,98.274,3.47159,0,0,1.90263,1.60023,0,1.46982,3.38688
84.3875,85.139,2.22926,0.16,0.06,2.44299,2.74539,0,0.457752,4.47552,99.2371,98.274,2.61343,0,0,1.90283,1.60043,0,1.46997,3.38688
83.7839,85.139,2.2355,0.17,0.06,2.40548,2.70788,0,0.457816,4.47552,99.261,98.274,2.86039,0,0,1.87899,1.57659,0,1.47012,3.38688
83.1078,85.139,2.04978,0.17,0.06,2.40582,2.70822,0,0.450787,4.47552,99.1336,98.274,2.58777,0,0,1.87918,1.57678,0,1.45171,3.38688
82.3832,85.139,1.99322,0.16,0.06,2.40615,2.70855,0,0.45085,4.47552,99.0714,98.274,2.88078,0,0,1.87938,1.57698,0,1.45186,3.38688
81.6021,85.139,1.92609,0.14,0.06,2.40648,2.70888,0,0.450912,4.47552,99.0121,98.274,2.61798,0,0,1.87957,1.57717,0,1.45201,3.38688
80.7064,85.139,1.88245,0.13,0.06,2.53533,2.83773,0,0.450975,4.47552,98.8573,98.274,2.72111,0,0,1.96505,1.66265,0,1.45216,3.38688
79.6835,85.139,1.71991,0.13,0.06,2.53568,2.83808,0,0.475122,4.47552,98.6972,98.274,2.72988,0,0,1.96525,1.66285,0,1.5182,3.38688
78.5682,85.139,1.61512,0.12,0.06,2.53603,2.83843,0,0.475187,4.47552,98.4957,98.274,2.52043,0,0,1.96546,1.66306,0,1.51835,3.38688
77.3332,85.139,1.47739,0.14,0.06,2.53638,2.83878,0,0.475253,4.47552,98.2402,98.274,2.29401,0,0,1.96566,1.66326,0,1.51851,3.38688
76.095,85.139,1.4238,0.13,0.06,2.53673,2.83913,0,0.475319,4.47552,97.8459,98.274,2.14099,0,0,1.96587,1.66347,0,1.51867,3.38688
74.9146,85.139,1.46316,0.13,0.06,2.51165,2.81405,0,0.475384,4.47552,97.5879,98.274,2.0474,0,0,2.01297,1.71057,0,1.51883,3.38688
73.7355,85.139,1.45243,0.11,0.06,2.512,2.8144,0,0.470684,4.47552,97.2654,98.274,2.06539,0,0,2.01318,1.71078,0,1.55522,3.38688
72.5105,85.139,1.38125,0.15,0.06,2.51235,2.81475,0,0.470749,4.47552,96.8286,98.274,2.02804,0,0,2.0134,1.711,0,1.55539,3.38688
71.1342,85.139,1.2001,0.15,0.06,2.5127,2.8151,0,0.470814,4.47552,96.3588,98.274,1.90847,0,0,2.01361,1.71121,0,1.55555,3.38688
69.9364,85.139,1.42086,0.15,0.06,2.57875,2.88115,0,0.470879,4.47552,95.7328,98.274,1.88609,0,0,2.05564,1.75324,0,1.55571,3.38688
68.6188,85.139,1.28917,0.13,0.06,2.57911,2.88151,0,0.483258,4.47552,95.0996,98.274,1.74156,0,0,2.05585,1.75345,0,1.58819,3.38688
67.2144,85.139,1.18863,0.13,0.06,2.57946,2.88186,0,0.483324,4.47552,94.4625,98.274,1.67638,0,0,2.05607,1.75367,0,1.58835,3.38688
65.6453,85.139,0.994376,0.18,0.06,2.57982,2.88222,0,0.483391,4.47552,93.7848,98.274,1.65742,0,0,2.05629,1.75389,0,1.58852,3.38688
64.0261,85.139,1.09334,0.17,0.06,2.77269,3.07509,0,0.483458,4.47552,93.2094,98.274,1.57139,0,0,2.20752,1.90512,0,1.58869,3.38688
62.7175,85.139,1.40264,0.16,0.06,2.77307,3.07547,0,0.519601,4.47552,92.2822,98.274,1.9132,0,0,2.20776,1.90536,0,1.70553,3.38688
61.1872,85.139,1.16183,0.14,0.06,2.77345,3.07585,0,0.519673,4.47552,91.7994,98.274,1.3632,0,0,2.20799,1.90559,0,1.70571,3.38688
59.9384,85.139,1.42685,0.18,0.06,2.77382,3.07622,0,0.519744,4.47552,91.4575,98.274,2.52,0,0,2.20823,1.90583,0,1.7059,3.38688
58.4941,85.139,1.22702,0.18,0.06,2.7742,3.0766,0,0.519815,4.47552,90.9974,98.274,2.0301,0,0,2.20846,1.90606,0,1.70608,3.38688
57.5551,85.139,1.76849,0.18,0.06,2.6807,2.9831,0,0.519886,4.47552,90.7566,98.274,3.18322,0,0,2.11698,1.81458,0,1.70626,3.38688
56.445,85.139,1.56725,0.18,0.06,2.68107,2.98347,0,0.502364,4.47552,90.8256,98.274,4.97015,0,0,2.1172,1.8148,0,1.63558,3.38688
55.1761,85.139,1.39937,0.21,0.06,2.68144,2.98384,0,0.502433,4.47552,90.4681,98.274,3.0191,0,0,2.11743,1.81503,0,1.63575,3.38688
53.728,85.139,1.19599,0.21,0.06,2.68181,2.98421,0,0.502501,4.47552,90.0645,98.274,2.75735,0,0,2.11765,1.81525,0,1.63592,3.38688
52.8919,85.139,1.87612,0.21,0.06,2.60508,2.90748,0,0.502571,4.47552,89.8847,98.274,3.20792,0,0,2.03434,1.73194,0,1.6361,3.38688
52.3089,85.139,2.10232,0.2,0.06,2.60543,2.90783,0,0.488191,4.47552,89.8136,98.274,3.19122,0,0,2.03456,1.73216,0,1.57173,3.38688
52.8372,85.139,3.25161,0.2,0.06,2.60579,2.90819,0,0.488258,4.47552,89.8759,98.274,3.92936,0,0,2.03477,1.73237,0,1.5719,3.38688
57.7316,85.139,7.86,0.19,0.06,2.60615,2.90855,0,0.488326,4.47552,91.2077,98.274,9.64959,0,0,2.03499,1.73259,0,1.57207,3.38688
60.485,85.139,5.54714,0.16,0.06,2.38744,2.68984,0,0.488393,4.47552,92.1396,98.274,7.72633,0,0,1.86115,1.55875,0,1.57223,3.38688
64.8809,85.139,7.4106,0.18,0.06,2.38777,2.69017,0,0.447406,4.47552,93.5004,98.274,8.43216,0,0,1.86134,1.55894,0,1.43792,3.38688
70.6788,85.139,8.97457,0.17,0.06,2.3881,2.6905,0,0.447468,4.47552,95.0214,98.274,6.36663,0,0,1.86153,1.55913,0,1.43807,3.38688
76.5229,85.139,9.08052,0.15,0.06,2.38843,2.69083,0,0.44753,4.47552,99.3022,98.274,12.9227,0,0,1.86172,1.55932,0,1.43822,3.38688
79.1659,85.139,5.65579,0.13,0.06,2.38877,2.69117,0,0.447592,4.47552,99.3022,98.274,6.13277,0,0,1.86192,1.55952,0,1.43837,3.38688
79.2251,85.139,2.97665,0.13,0.06,2.47341,2.77581,0,0.447655,4.47552,99.3022,98.274,3.59393,0,0,1.91254,1.61014,0,1.43852,3.38688
78.8346,85.139,2.52988,0.15,0.06,2.47374,2.77614,0,0.463517,4.47552,99.3022,98.274,4.33624,0,0,1.91273,1.61033,0,1.47763,3.38688
77.9886,85.139,1.98953,0.14,0.06,2.47407,2.77647,0,0.463579,4.47552,99.3022,98.274,3.81823,0,0,1.91292,1.61052,0,1.47777,3.38688
76.798,85.139,1.69371,0.14,0.06,2.47439,2.77679,0,0.46364,4.47552,99.2037,98.274,2.67566,0,0,1.91311,1.61071,0,1.47792,3.38688
75.6271,85.139,1.96465,0.14,0.06,2.7456,3.048,0,0.463701,4.47552,99.1393,98.274,3.35613,0,0,2.1027,1.8003,0,1.47807,3.38688
75.1448,85.139,2.63887,0.15,0.06,2.74596,3.04836,0,0.514525,4.47552,99.2189,98.274,4.13895,0,0,2.10292,1.80052,0,1.62455,3.38688
75.2887,85.139,3.30731,0.15,0.06,2.74632,3.04872,0,0.514592,4.47552,99.3022,98.274,3.84377,0,0,2.10313,1.80073,0,1.62471,3.38688
74.8679,85.139,2.66997,0.16,0.06,2.74667,3.04907,0,0.514659,4.47552,99.3022,98.274,3.3495,0,0,2.10334,1.80094,0,1.62488,3.38688
75.1519,85.139,3.14194,0.18,0.06,2.3605,2.6629,0,0.514727,4.47552,98.9738,98.274,2.95683,0,0,1.84925,1.54685,0,1.62504,3.38688
75.4724,85.139,3.20177,0.22,0.06,2.36081,2.66321,0,0.442358,4.47552,99.0779,98.274,2.28107,0,0,1.84943,1.54703,0,1.42873,3.38688
76.7195,85.139,4.15818,0.23,0.06,2.36113,2.66353,0,0.442416,4.47552,99.3022,98.274,3.26764,0,0,1.84961,1.54721,0,1.42887,3.38688
78.5376,85.139,4.75215,0.25,0.06,2.36144,2.66384,0,0.442475,4.47552,99.3022,98.274,6.60712,0,0,1.8498,1.5474,0,1.42901,3.38688
79.1169,85.139,3.46429,0.27,0.06,2.36176,2.66416,0,0.442534,4.47552,99.3022,98.274,3.34724,0,0,1.84998,1.54758,0,1.42915,3.38688
80.2671,85.139,4.18826,0.29,0.06,2.45943,2.76183,0,0.442593,4.47552,99.1247,98.274,3.22705,0,0,1.91241,1.61001,0,1.42929,3.38688
81.8794,85.139,4.66682,0.21,0.06,2.45975,2.76215,0,0.460896,4.47552,99.3022,98.274,4.91363,0,0,1.9126,1.6102,0,1.47753,3.38688
82.8083,85.139,4.06727,0.19,0.06,2.46008,2.76248,0,0.460957,4.47552,99.3022,98.274,5.92043,0,0,1.91279,1.61039,0,1.47768,3.38688
82.7452,85.139,3.03381,0.18,0.06,2.4604,2.7628,0,0.461018,4.47552,99.3022,98.274,4.29656,0,0,1.91298,1.61058,0,1.47782,3.38688
82.7821,85.139,2.88559,0.18,0.06,2.42265,2.72505,0,0.46108,4.47552,99.3022,98.274,3.73341,0,0,1.88898,1.58658,0,1.47797,3.38688
82.3292,85.139,2.34185,0.18,0.06,2.42297,2.72537,0,0.454004,4.47552,99.1693,98.274,3.04125,0,0,1.88917,1.58677,0,1.45943,3.38688
81.6163,85.139,2.06643,0.16,0.06,2.42329,2.72569,0,0.454064,4.47552,99.0138,98.274,2.85175,0,0,1.88936,1.58696,0,1.45957,3.38688
81.1619,85.139,2.34123,0.14,0.06,2.42361,2.72601,0,0.454124,4.47552,98.8857,98.274,2.76562,0,0,1.88954,1.58714,0,1.45972,3.38688
80.5541,85.139,2.19388,0.13,0.06,2.55326,2.85566,0,0.454185,4.47552,98.6537,98.274,2.79144,0,0,1.97555,1.67315,0,1.45986,3.38688
79.8294,85.139,2.05706,0.13,0.06,2.5536,2.856,0,0.478481,4.47552,98.4306,98.274,2.87486,0,0,1.97575,1.67335,0,1.52631,3.38688
78.9173,85.139,1.85317,0.13,0.06,2.55394,2.85634,0,0.478544,4.47552,98.1667,98.274,2.66532,0,0,1.97595,1.67355,0,1.52646,3.38688
77.9606,85.139,1.79387,0.14,0.06,2.55427,2.85667,0,0.478608,4.47552,97.8555,98.274,2.40653,0,0,1.97614,1.67374,0,1.52662,3.38688
76.8387,85.139,1.59322,0.13,0.06,2.55461,2.85701,0,0.478671,4.47552,97.5165,98.274,2.29632,0,0,1.97634,1.67394,0,1.52677,3.38688
75.6464,85.139,1.48964,0.13,0.06,2.52936,2.83176,0,0.478734,4.47552,97.2045,98.274,2.31046,0,0,2.02373,1.72133,0,1.52692,3.38688
74.408,85.139,1.40797,0.12,0.06,2.52969,2.83209,0,0.474001,4.47552,96.8246,98.274,2.23126,0,0,2.02394,1.72154,0,1.56354,3.38688
73.1135,85.139,1.33579,0.09,0.06,2.53003,2.83243,0,0.474064,4.47552,96.4079,98.274,2.12898,0,0,2.02414,1.72174,0,1.56369,3.38688
71.7307,85.139,1.23483,0.15,0.06,2.53036,2.83276,0,0.474127,4.47552,95.9385,98.274,1.99059,0,0,2.02434,1.72194,0,1.56385,3.38688
70.36,85.139,1.27439,0.15,0.06,2.59681,2.89921,0,0.474189,4.47552,95.5858,98.274,2.15482,0,0,2.06663,1.76423,0,1.56401,3.38688
68.9599,85.139,1.2247,0.13,0.06,2.59716,2.89956,0,0.486643,4.47552,95.2043,98.274,2.206,0,0,2.06684,1.76444,0,1.59668,3.38688
67.496,85.139,1.14369,0.13,0.06,2.5975,2.8999,0,0.486707,4.47552,94.783,98.274,2.08009,0,0,2.06705,1.76465,0,1.59684,3.38688
65.9549,85.139,1.0497,0.19,0.06,2.59784,2.90024,0,0.486771,4.47552,94.3586,98.274,1.95764,0,0,2.06725,1.76485,0,1.597,3.38688
64.4528,85.139,1.22379,0.18,0.06,2.7919,3.0943,0,0.486835,4.47552,93.9311,98.274,2.38127,0,0,2.21943,1.91703,0,1.59716,3.38688
62.919,85.139,1.18273,0.17,0.06,2.79227,3.09467,0,0.523202,4.47552,93.3427,98.274,1.88639,0,0,2.21965,1.91725,0,1.71473,3.38688
61.2004,85.139,0.996941,0.15,0.06,2.79263,3.09503,0,0.523271,4.47552,92.8829,98.274,1.66075,0,0,2.21988,1.91748,0,1.7149,3.38688
59.5973,85.139,1.08589,0.2,0.06,2.793,3.0954,0,0.523339,4.47552,92.5825,98.274,2.19059,0,0,2.22011,1.91771,0,1.71508,3.38688
57.9356,85.139,1.01032,0.2,0.06,2.79336,3.09576,0,0.523408,4.47552,92.1665,98.274,1.97254,0,0,2.22033,1.91793,0,1.71525,3.38688
57.5366,85.139,2.31692,0.2,0.06,2.69926,3.00166,0,0.523476,4.47552,92.4334,98.274,4.25287,0,0,2.12827,1.82587,0,1.71543,3.38688
57.0152,85.139,2.24632,0.2,0.06,2.69962,3.00202,0,0.505842,4.47552,92.7229,98.274,4.69171,0,0,2.12848,1.82608,0,1.6443,3.38688
55.6793,85.139,1.35708,0.19,0.06,2.69997,3.00237,0,0.505908,4.47552,92.6349,98.274,2.88767,0,0,2.1287,1.8263,0,1.64447,3.38688
54.7831,85.139,1.82224,0.23,0.06,2.70032,3.00272,0,0.505974,4.47552,92.8485,98.274,3.54937,0,0,2.12891,1.82651,0,1.64463,3.38688
56.7447,85.139,4.7153,0.23,0.06,2.6231,2.9255,0,0.506041,4.47552,93.8004,98.274,6.8477,0,0,2.04508,1.74268,0,1.6448,3.38688
57.3179,85.139,3.37567,0.22,0.06,2.62345,2.92585,0,0.491569,4.47552,94.0013,98.274,3.61823,0,0,2.04529,1.74289,0,1.58003,3.38688
58.9453,85.139,4.52841,0.16,0.06,2.62379,2.92619,0,0.491634,4.47552,94.5264,98.274,4.59404,0,0,2.04549,1.74309,0,1.58019,3.38688
60.6628,85.139,4.64346,0.16,0.06,2.62414,2.92654,0,0.491699,4.47552,95.435,98.274,5.48396,0,0,2.0457,1.7433,0,1.58035,3.38688
62.545,85.139,4.6416,0.18,0.06,2.40406,2.70646,0,0.491764,4.47552,96.0999,98.274,4.8915,0,0,1.87078,1.56838,0,1.58051,3.38688
67.771,85.139,8.16819,0.16,0.06,2.40438,2.70678,0,0.45052,4.47552,97.3378,98.274,8.41645,0,0,1.87096,1.56856,0,1.44536,3.38688
73.7981,85.139,9.07301,0.19,0.06,2.4047,2.7071,0,0.45058,4.47552,98.2182,98.274,5.73173,0,0,1.87115,1.56875,0,1.44551,3.38688
82.8826,85.139,12.3646,0.14,0.06,2.40502,2.70742,0,0.45064,4.47552,99.3022,98.274,8.81562,0,0,1.87133,1.56893,0,1.44565,3.38688
85.139,85.139,8.65772,0.11,0.06,2.40534,2.70774,0,0.4507,4.47552,99.3022,98.274,9.24489,0,0,1.87152,1.56912,0,1.44579,3.38688
85.139,85.139,5.59582,0.08,0.06,2.49049,2.79289,0,0.45076,4.47552,99.3022,98.274,5.70739,0,0,1.92244,1.62004,0,1.44594,3.38688
85.139,85.139,5.48966,0.08,0.06,2.4908,2.7932,0,0.466718,4.47552,99.3022,98.274,5.96087,0,0,1.92263,1.62023,0,1.48528,3.38688
85.139,85.139,5.65872,0.09,0.06,2.49112,2.79352,0,0.466776,4.47552,99.3022,98.274,7.9355,0,0,1.92281,1.62041,0,1.48542,3.38688
85.139,85.139,8.05855,0.09,0.06,2.49143,2.79383,0,0.466835,4.47552,99.3022,98.274,7.10941,0,0,1.92299,1.62059,0,1.48556,3.38688
85.139,85.139,9.22554,0.09,0.06,2.76428,3.06668,0,0.466894,4.47552,99.3022,98.274,7.54033,0,0,2.11374,1.81134,0,1.4857,3.38688
85.139,85.139,7.58529,0.08,0.06,2.76463,3.06703,0,0.518026,4.47552,99.3022,98.274,6.80321,0,0,2.11395,1.81155,0,1.63308,3.38688
85.139,85.139,6.93192,0.08,0.06,2.76497,3.06737,0,0.518091,4.47552,99.3022,98.274,7.04519,0,0,2.11415,1.81175,0,1.63323,3.38688
85.139,85.139,6.06919,0.08,0.06,2.76532,3.06772,0,0.518156,4.47552,99.3022,98.274,7.27644,0,0,2.11435,1.81195,0,1.63339,3.38688
85.139,85.139,6.08669,0.08,0.06,2.37677,2.67917,0,0.51822,4.47552,99.3022,98.274,9.2303,0,0,1.8587,1.5563,0,1.63355,3.38688
85.139,85.139,6.50672,0.1,0.06,2.37707,2.67947,0,0.445406,4.47552,99.3022,98.274,13.8618,0,0,1.85887,1.55647,0,1.43603,3.38688
85.139,85.139,6.90195,0.11,0.06,2.37737,2.67977,0,0.445462,4.47552,99.3022,98.274,14.0118,0,0,1.85905,1.55665,0,1.43616,3.38688
85.139,85.139,12.1111,0.13,0.06,2.37767,2.68007,0,0.445519,4.47552,99.3022,98.274,22.1892,0,0,1.85922,1.55682,0,1.4363,3.38688
85.139,85.139,7.62513,0.13,0.06,2.37797,2.68037,0,0.445576,4.47552,99.3022,98.274,12.5298,0,0,1.8594,1.557,0,1.43644,3.38688
85.139,85.139,7.6949,0.14,0.06,2.47622,2.77862,0,0.445632,4.47552,99.3022,98.274,13.5839,0,0,1.9222,1.6198,0,1.43657,3.38688
85.139,85.139,10.941,0.14,0.06,2.47653,2.77893,0,0.464044,4.47552,99.3022,98.274,16.4015,0,0,1.92238,1.61998,0,1.48509,3.38688
85.139,85.139,8.36837,0.13,0.06,2.47685,2.77925,0,0.464102,4.47552,99.3022,98.274,13.6552,0,0,1.92257,1.62017,0,1.48523,3.38688
85.139,85.139,6.59167,0.15,0.06,2.47716,2.77956,0,0.464161,4.47552,99.3022,98.274,11.3526,0,0,1.92275,1.62035,0,1.48537,3.38688
85.139,85.139,6.36834,0.13,0.06,2.43916,2.74156,0,0.46422,4.47552,99.3022,98.274,10.1166,0,0,1.8986,1.5962,0,1.48552,3.38688
85.139,85.139,5.72026,0.13,0.06,2.43947,2.74187,0,0.457098,4.47552,99.3022,98.274,8.61253,0,0,1.89878,1.59638,0,1.46686,3.38688
85.139,85.139,5.41825,0.12,0.06,2.43978,2.74218,0,0.457156,4.47552,99.3022,98.274,8.167,0,0,1.89896,1.59656,0,1.46699,3.38688
85.139,85.139,5.08019,0.12,0.06,2.44009,2.74249,0,0.457214,4.47552,99.3022,98.274,7.83577,0,0,1.89914,1.59674,0,1.46713,3.38688
85.139,85.139,4.65322,0.12,0.06,2.5705,2.8729,0,0.457272,4.47552,99.3022,98.274,7.28099,0,0,1.98565,1.68325,0,1.46727,3.38688
85.139,85.139,4.18398,0.1,0.06,2.57083,2.87323,0,0.481712,4.47552,99.3022,98.274,5.82963,0,0,1.98584,1.68344,0,1.53412,3.38688
85.139,85.139,4.03893,0.09,0.06,2.57115,2.87355,0,0.481773,4.47552,99.3022,98.274,6.22775,0,0,1.98603,1.68363,0,1.53426,3.38688
85.139,85.139,3.71312,0.06,0.06,2.57148,2.87388,0,0.481834,4.47552,99.3022,98.274,5.89287,0,0,1.98622,1.68382,0,1.53441,3.38688
85.139,85.139,3.51529,0.05,0.06,2.5718,2.8742,0,0.481894,4.47552,99.3022,98.274,5.94477,0,0,1.98641,1.68401,0,1.53456,3.38688
85.139,85.139,3.70455,0.04,0.06,2.54638,2.84878,0,0.481955,4.47552,99.3022,98.274,4.02913,0,0,2.03408,1.73168,0,1.5347,3.38688
85.139,85.139,3.51594,0.04,0.06,2.5467,2.8491,0,0.477191,4.47552,99.3022,98.274,3.78095,0,0,2.03428,1.73188,0,1.57153,3.38688
85.139,85.139,3.34776,0.04,0.06,2.54702,2.84942,0,0.477251,4.47552,99.3022,98.274,3.69752,0,0,2.03447,1.73207,0,1.57168,3.38688
85.139,85.139,3.14777,0.04,0.06,2.54734,2.84974,0,0.477311,4.47552,99.2665,98.274,3.73591,0,0,2.03467,1.73227,0,1.57183,3.38688
84.9485,85.139,2.67084,0.04,0.06,2.61418,2.91658,0,0.477372,4.47552,99.0029,98.274,2.95084,0,0,2.07719,1.77479,0,1.57198,3.38688
84.9045,85.139,2.82707,0.06,0.06,2.6145,2.9169,0,0.489897,4.47552,98.7673,98.274,3.05034,0,0,2.07739,1.77499,0,1.60484,3.38688
84.6519,85.139,2.58221,0.06,0.06,2.61483,2.91723,0,0.489958,4.47552,98.4229,98.274,3.04383,0,0,2.07759,1.77519,0,1.605,3.38688
84.1968,85.139,2.37025,0.06,0.06,2.61516,2.91756,0,0.49002,4.47552,98.0351,98.274,2.65506,0,0,2.07779,1.77539,0,1.60515,3.38688
83.6637,85.139,2.44991,0.06,0.06,2.81036,3.11276,0,0.490081,4.47552,97.6869,98.274,3.03579,0,0,2.23087,1.92847,0,1.6053,3.38688
83.3799,85.139,2.74388,0.08,0.06,2.81071,3.11311,0,0.526662,4.47552,97.3272,98.274,2.69201,0,0,2.23108,1.92868,0,1.72357,3.38688
82.5866,85.139,2.26078,0.08,0.06,2.81107,3.11347,0,0.526728,4.47552,96.8363,98.274,2.15678,0,0,2.2313,1.9289,0,1.72373,3.38688
82.1802,85.139,2.61671,0.08,0.06,2.81142,3.11382,0,0.526794,4.47552,96.6018,98.274,3.22387,0,0,2.23152,1.92912,0,1.7239,3.38688
81.3683,85.139,2.19859,0.08,0.06,2.81177,3.11417,0,0.526859,4.47552,96.191,98.274,2.57157,0,0,2.23174,1.92934,0,1.72407,3.38688
81.4019,85.139,3.04259,0.08,0.06,2.71709,3.01949,0,0.526925,4.47552,96.1922,98.274,3.53832,0,0,2.13911,1.83671,0,1.72424,3.38688
80.9811,85.139,2.54962,0.08,0.06,2.71743,3.01983,0,0.509183,4.47552,96.1708,98.274,3.54725,0,0,2.13932,1.83692,0,1.65268,3.38688
81.6035,85.139,3.72261,0.09,0.06,2.71777,3.02017,0,0.509247,4.47552,96.2831,98.274,3.89506,0,0,2.13953,1.83713,0,1.65284,3.38688
81.6258,85.139,3.09205,0.09,0.06,2.71811,3.02051,0,0.50931,4.47552,96.474,98.274,4.13103,0,0,2.13973,1.83733,0,1.653,3.38688
82.8927,85.139,4.51745,0.09,0.06,2.64042,2.94282,0,0.509374,4.47552,97.255,98.274,5.44106,0,0,2.0554,1.753,0,1.65316,3.38688
83.2816,85.139,3.63238,0.1,0.06,2.64075,2.94315,0,0.494814,4.47552,97.839,98.274,4.02928,0,0,2.05559,1.75319,0,1.588,3.38688
83.4575,85.139,3.32561,0.1,0.06,2.64108,2.94348,0,0.494876,4.47552,98.3547,98.274,4.04231,0,0,2.05579,1.75339,0,1.58815,3.38688
84.4584,85.139,4.24511,0.1,0.06,2.64141,2.94381,0,0.494938,4.47552,99.2924,98.274,5.12876,0,0,2.05599,1.75359,0,1.5883,3.38688
85.139,85.139,5.30874,0.09,0.06,2.42002,2.72242,0,0.495,4.47552,99.3022,98.274,6.31124,0,0,1.88002,1.57762,0,1.58846,3.38688
85.139,85.139,4.30905,0.05,0.06,2.42032,2.72272,0,0.453511,4.47552,99.3022,98.274,5.46876,0,0,1.8802,1.5778,0,1.45251,3.38688
85.139,85.139,4.96387,0.06,0.06,2.42063,2.72303,0,0.453568,4.47552,99.3022,98.274,6.50214,0,0,1.88038,1.57798,0,1.45264,3.38688
85.139,85.139,6.0984,0.06,0.06,2.42094,2.72334,0,0.453626,4.47552,99.3022,98.274,5.82614,0,0,1.88056,1.57816,0,1.45278,3.38688
85.139,85.139,10.0802,0.08,0.06,2.42124,2.72364,0,0.453683,4.47552,99.3022,98.274,11.0875,0,0,1.88074,1.57834,0,1.45292,3.38688
85.1176,85.139,3.17769,0.1,0.08,2.50688,2.80928,0,0.453741,4.47552,99.3022,98.274,4.81166,0,0,1.93195,1.62955,0,1.45306,3.38688
83.7144,85.139,1.70439,0.14,0.08,2.50718,2.80958,0,0.469789,4.47552,99.3022,98.274,4.15341,0,0,1.93213,1.62973,0,1.49263,3.38688
83.4321,85.139,2.86199,0.14,0.08,2.50748,2.80988,0,0.469846,4.47552,99.3022,98.274,5.7143,0,0,1.9323,1.6299,0,1.49276,3.38688
84.4003,85.139,4.15873,0.15,0.08,2.50778,2.81018,0,0.469902,4.47552,99.3022,98.274,6.64392,0,0,1.93247,1.63007,0,1.4929,3.38688
85.139,85.139,5.90729,0.13,0.08,2.78221,3.08461,0,0.469958,4.47552,99.3022,98.274,7.34898,0,0,2.12433,1.82193,0,1.49303,3.38688
84.5258,85.139,2.73491,0.1,0.08,2.78254,3.08494,0,0.521386,4.47552,99.3022,98.274,3.48054,0,0,2.12453,1.82213,0,1.64126,3.38688
84.5352,85.139,3.39742,0.14,0.08,2.78287,3.08527,0,0.521448,4.47552,99.3022,98.274,5.50119,0,0,2.12472,1.82232,0,1.64141,3.38688
84.6793,85.139,3.58298,0.14,0.08,2.7832,3.0856,0,0.52151,4.47552,99.3022,98.274,5.11801,0,0,2.12492,1.82252,0,1.64156,3.38688
85.1323,85.139,3.49142,0.15,0.08,2.39237,2.69477,0,0.521572,4.47552,99.3022,98.274,5.90381,0,0,1.86776,1.56536,0,1.64171,3.38688
85.139,85.139,3.99,0.17,0.08,2.39266,2.69506,0,0.44833,4.47552,99.3022,98.274,4.57529,0,0,1.86793,1.56553,0,1.44303,3.38688
85.139,85.139,5.97273,0.13,0.08,2.39295,2.69535,0,0.448384,4.47552,99.3022,98.274,7.09973,0,0,1.8681,1.5657,0,1.44316,3.38688
85.139,85.139,7.73477,0.13,0.08,2.39324,2.69564,0,0.448439,4.47552,99.3022,98.274,9.01474,0,0,1.86826,1.56586,0,1.44329,3.38688
85.139,85.139,4.17621,0.13,0.08,2.39353,2.69593,0,0.448493,4.47552,99.3022,98.274,4.25182,0,0,1.86843,1.56603,0,1.44342,3.38688
85.139,85.139,5.97601,0.14,0.08,2.49233,2.79473,0,0.448547,4.47552,99.3022,98.274,6.22271,0,0,1.93159,1.62919,0,1.44355,3.38688
85.139,85.139,5.37236,0.14,0.08,2.49263,2.79503,0,0.467062,4.47552,99.3022,98.274,5.55922,0,0,1.93177,1.62937,0,1.49235,3.38688
85.139,85.139,5.7043,0.15,0.08,2.49293,2.79533,0,0.467118,4.47552,99.3022,98.274,5.49876,0,0,1.93194,1.62954,0,1.49248,3.38688
85.139,85.139,5.87432,0.15,0.08,2.49323,2.79563,0,0.467175,4.47552,99.3022,98.274,7.13291,0,0,1.93212,1.62972,0,1.49262,3.38688
85.139,85.139,4.61435,0.14,0.08,2.45499,2.75739,0,0.467231,4.47552,99.3022,98.274,4.77569,0,0,1.90781,1.60541,0,1.49275,3.38688
85.139,85.139,3.73026,0.13,0.08,2.45529,2.75769,0,0.460065,4.47552,99.3022,98.274,4.55784,0,0,1.90799,1.60559,0,1.47398,3.38688
85.139,85.139,3.49878,0.13,0.08,2.45558,2.75798,0,0.460121,4.47552,99.3022,98.274,3.84079,0,0,1.90816,1.60576,0,1.47411,3.38688
85.139,85.139,4.10761,0.12,0.08,2.45588,2.75828,0,0.460176,4.47552,99.3022,98.274,4.07703,0,0,1.90833,1.60593,0,1.47424,3.38688
85.139,85.139,3.11973,0.12,0.08,2.58703,2.88943,0,0.460231,4.47552,99.3022,98.274,3.77795,0,0,1.99534,1.69294,0,1.47438,3.38688
85.139,85.139,2.96852,0.11,0.08,2.58734,2.88974,0,0.48481,4.47552,99.3022,98.274,3.34608,0,0,1.99552,1.69312,0,1.5416,3.38688
85.1052,85.139,2.83853,0.09,0.08,2.58765,2.89005,0,0.484868,4.47552,99.3022,98.274,3.29982,0,0,1.9957,1.6933,0,1.54174,3.38688
84.954,85.139,2.71192,0.12,0.08,2.58796,2.89036,0,0.484926,4.47552,99.3022,98.274,3.43747,0,0,1.99588,1.69348,0,1.54188,3.38688
84.5805,85.139,2.50962,0.1,0.08,2.58827,2.89067,0,0.484984,4.47552,99.2771,98.274,3.27079,0,0,1.99606,1.69366,0,1.54202,3.38688
83.7698,85.139,1.92803,0.09,0.08,2.56269,2.86509,0,0.485042,4.47552,98.954,98.274,2.26144,0,0,2.04399,1.74159,0,1.54216,3.38688
82.7725,85.139,1.72969,0.07,0.08,2.56299,2.86539,0,0.480247,4.47552,98.5688,98.274,1.97893,0,0,2.04418,1.74178,0,1.57919,3.38688
81.6328,85.139,1.58021,0.07,0.08,2.5633,2.8657,0,0.480305,4.47552,98.0496,98.274,1.93924,0,0,2.04437,1.74197,0,1.57933,3.38688
80.3625,85.139,1.43265,0.06,0.08,2.56361,2.86601,0,0.480363,4.47552,97.5137,98.274,1.76881,0,0,2.04455,1.74215,0,1.57948,3.38688
78.9509,85.139,1.29931,0.06,0.08,2.63081,2.93321,0,0.48042,4.47552,96.9478,98.274,1.66254,0,0,2.08732,1.78492,0,1.57962,3.38688
77.6695,85.139,1.43975,0.08,0.08,2.63112,2.93352,0,0.493014,4.47552,96.5471,98.274,1.89998,0,0,2.08751,1.78511,0,1.61266,3.38688
76.2882,85.139,1.31649,0.09,0.08,2.63144,2.93384,0,0.493072,4.47552,95.8538,98.274,1.86679,0,0,2.0877,1.7853,0,1.61281,3.38688
74.8104,85.139,1.20799,0.09,0.08,2.63175,2.93415,0,0.493131,4.47552,95.3867,98.274,1.63725,0,0,2.08789,1.78549,0,1.61296,3.38688
73.253,85.139,1.27103,0.1,0.08,2.82805,3.13045,0,0.49319,4.47552,94.3617,98.274,1.96316,0,0,2.24182,1.93942,0,1.6131,3.38688
71.296,85.139,0.868451,0.14,0.08,2.82838,3.13078,0,0.529976,4.47552,93.4938,98.274,1.1886,0,0,2.24203,1.93963,0,1.73203,3.38688
69.4553,85.139,0.977064,0.14,0.08,2.82872,3.13112,0,0.530039,4.47552,92.3915,98.274,1.449,0,0,2.24224,1.93984,0,1.73219,3.38688
67.4356,85.139,0.785156,0.14,0.08,2.82905,3.13145,0,0.530102,4.47552,91.7587,98.274,1.05802,0,0,2.24244,1.94004,0,1.73235,3.38688
65.6068,85.139,0.952544,0.16,0.08,2.82939,3.13179,0,0.530165,4.47552,90.9515,98.274,1.809,0,0,2.24265,1.94025,0,1.73251,3.38688
63.981,85.139,1.14036,0.16,0.08,2.73416,3.03656,0,0.530227,4.47552,90.4548,98.274,1.63841,0,0,2.1495,1.8471,0,1.73267,3.38688
62.6763,85.139,1.4647,0.17,0.08,2.73449,3.03689,0,0.512382,4.47552,90.2503,98.274,1.93118,0,0,2.14969,1.84729,0,1.6607,3.38688
61.1401,85.139,1.21769,0.15,0.08,2.73481,3.03721,0,0.512442,4.47552,89.8891,98.274,2.95003,0,0,2.14989,1.84749,0,1.66085,3.38688
59.4274,85.139,1.02159,0.2,0.08,2.73514,3.03754,0,0.512503,4.47552,89.2987,98.274,1.6117,0,0,2.15009,1.84769,0,1.66101,3.38688
57.819,85.139,1.07651,0.19,0.08,2.65699,2.95939,0,0.512565,4.47552,88.5409,98.274,1.61496,0,0,2.06527,1.76287,0,1.66116,3.38688
56.031,85.139,0.912416,0.19,0.08,2.6573,2.9597,0,0.497919,4.47552,88.1953,98.274,1.17656,0,0,2.06546,1.76306,0,1.59563,3.38688
54.2903,85.139,0.938298,0.23,0.08,2.65762,2.96002,0,0.497979,4.47552,87.7771,98.274,2.09782,0,0,2.06564,1.76324,0,1.59577,3.38688
54.1194,85.139,2.6535,0.23,0.08,2.65794,2.96034,0,0.498038,4.47552,87.9136,98.274,4.65184,0,0,2.06583,1.76343,0,1.59592,3.38688
53.23,85.139,1.70291,0.23,0.08,2.43528,2.73768,0,0.498098,4.47552,88.0527,98.274,2.04141,0,0,1.88887,1.58647,0,1.59606,3.38688
53.6118,85.139,3.09539,0.25,0.08,2.43558,2.73798,0,0.456372,4.47552,87.9915,98.274,2.9733,0,0,1.88904,1.58664,0,1.45934,3.38688
54.9558,85.139,4.0502,0.26,0.08,2.43587,2.73827,0,0.456427,4.47552,87.8918,98.274,2.68476,0,0,1.88921,1.58681,0,1.45947,3.38688
56.7975,85.139,4.78835,0.28,0.08,2.43616,2.73856,0,0.456482,4.47552,88.5064,98.274,4.51595,0,0,1.88938,1.58698,0,1.45961,3.38688
58.304,85.139,4.22912,0.26,0.08,2.43646,2.73886,0,0.456537,4.47552,89.1209,98.274,4.39424,0,0,1.88955,1.58715,0,1.45974,3.38688
59.1185,85.139,3.61927,0.28,0.08,2.52256,2.82496,0,0.456592,4.47552,89.4161,98.274,3.69429,0,0,1.94105,1.63865,0,1.45987,3.38688
59.963,85.139,3.67019,0.28,0.08,2.52284,2.82524,0,0.472727,4.47552,89.9469,98.274,4.20372,0,0,1.94121,1.63881,0,1.49965,3.38688
60.3929,85.139,3.23522,0.3,0.08,2.52313,2.82553,0,0.472781,4.47552,90.3955,98.274,3.76253,0,0,1.94138,1.63898,0,1.49978,3.38688
61.3439,85.139,3.81726,0.31,0.08,2.52342,2.82582,0,0.472835,4.47552,91.1492,98.274,4.51211,0,0,1.94154,1.63914,0,1.49991,3.38688
62.7641,85.139,4.51202,0.33,0.08,2.79936,3.10176,0,0.472889,4.47552,91.4811,98.274,3.99813,0,0,2.13446,1.83206,0,1.50004,3.38688
65.8948,85.139,6.33112,0.31,0.08,2.79967,3.10207,0,0.5246,4.47552,91.8938,98.274,4.52278,0,0,2.13465,1.83225,0,1.64908,3.38688
65.7322,85.139,2.88562,0.31,0.08,2.79999,3.10239,0,0.524659,4.47552,91.8382,98.274,2.70903,0,0,2.13483,1.83243,0,1.64923,3.38688
66.0495,85.139,3.34659,0.3,0.08,2.8003,3.1027,0,0.524718,4.47552,91.7851,98.274,2.9827,0,0,2.13502,1.83262,0,1.64937,3.38688
66.2972,85.139,2.98212,0.31,0.08,2.40729,2.70969,0,0.524777,4.47552,92.264,98.274,3.61913,0,0,1.87643,1.57403,0,1.64951,3.38688
67.4652,85.139,4.04963,0.34,0.08,2.40757,2.70997,0,0.451126,4.47552,92.3113,98.274,2.91335,0,0,1.87659,1.57419,0,1.44973,3.38688
69.0666,85.139,4.49568,0.36,0.08,2.40784,2.71024,0,0.451178,4.47552,92.7243,98.274,2.76713,0,0,1.87675,1.57435,0,1.44985,3.38688
71.2964,85.139,5.14082,0.31,0.08,2.40812,2.71052,0,0.45123,4.47552,93.5014,98.274,3.97834,0,0,1.87691,1.57451,0,1.44998,3.38688
74.2831,85.139,5.96164,0.35,0.08,2.40839,2.71079,0,0.451281,4.47552,94.465,98.274,7.38373,0,0,1.87707,1.57467,0,1.4501,3.38688
74.324,85.139,2.96541,0.29,0.08,2.50772,2.81012,0,0.451333,4.47552,94.6118,98.274,2.53866,0,0,1.94057,1.63817,0,1.45022,3.38688
74.4121,85.139,3.01244,0.29,0.08,2.50801,2.81041,0,0.469948,4.47552,94.7538,98.274,3.02854,0,0,1.94073,1.63833,0,1.49928,3.38688
74.9955,85.139,3.53823,0.31,0.08,2.5083,2.8107,0,0.470001,4.47552,94.8936,98.274,3.14002,0,0,1.9409,1.6385,0,1.49941,3.38688
75.1481,85.139,3.09725,0.32,0.08,2.50858,2.81098,0,0.470055,4.47552,94.9581,98.274,2.59185,0,0,1.94107,1.63867,0,1.49954,3.38688
74.9295,85.139,2.61337,0.31,0.08,2.47012,2.77252,0,0.470108,4.47552,94.7627,98.274,2.50091,0,0,1.91662,1.61422,0,1.49967,3.38688
74.4505,85.139,2.34562,0.31,0.08,2.4704,2.7728,0,0.462901,4.47552,94.5329,98.274,2.32315,0,0,1.91679,1.61439,0,1.48078,3.38688
73.7593,85.139,2.09237,0.28,0.08,2.47068,2.77308,0,0.462953,4.47552,94.3112,98.274,2.08688,0,0,1.91695,1.61455,0,1.48091,3.38688
73.0097,85.139,1.96796,0.38,0.08,2.47097,2.77337,0,0.463006,4.47552,94.0656,98.274,2.06299,0,0,1.91712,1.61472,0,1.48104,3.38688
72.0904,85.139,1.89551,0.37,0.08,2.60282,2.90522,0,0.463059,4.47552,93.5107,98.274,2.12919,0,0,2.00459,1.70219,0,1.48116,3.38688
70.9788,85.139,1.67929,0.35,0.08,2.60312,2.90552,0,0.487769,4.47552,92.9947,98.274,1.74306,0,0,2.00476,1.70236,0,1.54874,3.38688
69.7347,85.139,1.4758,0.28,0.08,2.60341,2.90581,0,0.487824,4.47552,92.4984,98.274,1.65575,0,0,2.00493,1.70253,0,1.54888,3.38688
68.4597,85.139,1.43097,0.26,0.08,2.60371,2.90611,0,0.487879,4.47552,91.9516,98.274,1.67961,0,0,2.00511,1.70271,0,1.54901,3.38688
67.126,85.139,1.35676,0.24,0.08,2.604,2.9064,0,0.487935,4.47552,91.4252,98.274,1.60937,0,0,2.00528,1.70288,0,1.54915,3.38688
65.6796,85.139,1.19584,0.31,0.08,2.57827,2.88067,0,0.48799,4.47552,90.9141,98.274,1.69358,0,0,2.05346,1.75106,0,1.54928,3.38688
64.1463,85.139,1.09064,0.29,0.08,2.57856,2.88096,0,0.483167,4.47552,90.2917,98.274,1.74207,0,0,2.05364,1.75124,0,1.58651,3.38688
62.5358,85.139,0.996731,0.28,0.08,2.57885,2.88125,0,0.483222,4.47552,89.6786,98.274,1.55709,0,0,2.05382,1.75142,0,1.58664,3.38688
60.8778,85.139,0.913989,0.26,0.08,2.57914,2.88154,0,0.483277,4.47552,88.9582,98.274,1.52491,0,0,2.054,1.7516,0,1.58678,3.38688
59.1565,85.139,0.877064,0.3,0.08,2.64669,2.94909,0,0.483332,4.47552,88.17,98.274,1.42426,0,0,2.09698,1.79458,0,1.58692,3.38688
57.3706,85.139,0.784586,0.29,0.08,2.64699,2.94939,0,0.49599,4.47552,87.3314,98.274,1.39636,0,0,2.09716,1.79476,0,1.62013,3.38688
55.5567,85.139,0.734394,0.26,0.08,2.64729,2.94969,0,0.496046,4.47552,86.5851,98.274,1.27601,0,0,2.09735,1.79495,0,1.62027,3.38688
53.7543,85.139,0.721195,0.32,0.08,2.64759,2.94999,0,0.496103,4.47552,85.9281,98.274,1.37521,0,0,2.09753,1.79513,0,1.62041,3.38688
51.8898,85.139,0.775665,0.28,0.08,2.84493,3.14733,0,0.496159,4.47552,84.9167,98.274,1.51589,0,0,2.25228,1.94988,0,1.62055,3.38688
49.7633,85.139,0.471842,0.28,0.08,2.84525,3.14765,0,0.53314,4.47552,83.8452,98.274,1.09445,0,0,2.25248,1.95008,0,1.74011,3.38688
47.589,85.139,0.387129,0.31,0.08,2.84557,3.14797,0,0.5332,4.47552,82.7816,98.274,0.982867,0,0,2.25268,1.95028,0,1.74027,3.38688
45.0149,85.139,0.407712,0.31,0.08,2.84589,3.14829,0,0.53326,4.47552,81.8323,98.274,0.979,0,0,2.25288,1.95048,0,1.74042,3.38688
43.5529,85.139,0.611174,0.32,0.08,2.84621,3.14861,0,0.53332,4.47552,81.1382,98.274,1.1516,0,0,2.25307,1.95067,0,1.74057,3.38688
41.8868,85.139,0.720522,0.32,0.08,2.75045,3.05285,0,0.53338,4.47552,80.6248,98.274,1.58519,0,0,2.15941,1.85701,0,1.74072,3.38688
40.2009,85.139,0.641384,0.31,0.08,2.75076,3.05316,0,0.515435,4.47552,80.045,98.274,1.51156,0,0,2.1596,1.8572,0,1.66836,3.38688
38.4411,85.139,0.56297,0.32,0.08,2.75107,3.05347,0,0.515493,4.47552,79.4945,98.274,1.48228,0,0,2.15978,1.85738,0,1.6685,3.38688
36.6127,85.139,0.580759,0.34,0.08,2.75138,3.05378,0,0.515551,4.47552,79.0147,98.274,1.51223,0,0,2.15997,1.85757,0,1.66865,3.38688
34.9206,85.139,0.665696,0.34,0.08,2.6728,2.9752,0,0.515609,4.47552,78.4561,98.274,1.58148,0,0,2.07469,1.77229,0,1.6688,3.38688
33.3346,85.139,0.780816,0.35,0.08,2.6731,2.9755,0,0.500883,4.47552,78.0034,98.274,1.25384,0,0,2.07487,1.77247,0,1.6029,3.38688
32.4235,85.139,1.49782,0.37,0.08,2.67341,2.97581,0,0.500939,4.47552,77.9013,98.274,1.66295,0,0,2.07505,1.77265,0,1.60304,3.38688
32.2338,85.139,2.2273,0.37,0.08,2.67371,2.97611,0,0.500996,4.47552,78.1015,98.274,3.00375,0,0,2.07523,1.77283,0,1.60318,3.38688
31.4547,85.139,1.40154,0.37,0.08,2.44985,2.75225,0,0.501053,4.47552,77.8668,98.274,2.3654,0,0,1.89732,1.59492,0,1.60332,3.38688
31.334,85.139,2.10061,0.4,0.08,2.45013,2.75253,0,0.459102,4.47552,77.4692,98.274,1.6749,0,0,1.89748,1.59508,0,1.46587,3.38688
30.8249,85.139,1.68393,0.42,0.08,2.45041,2.75281,0,0.459155,4.47552,77.0311,98.274,1.54775,0,0,1.89764,1.59524,0,1.46599,3.38688
30.1075,85.139,1.47372,0.46,0.08,2.45069,2.75309,0,0.459207,4.47552,76.6225,98.274,1.88695,0,0,1.8978,1.5954,0,1.46612,3.38688
29.7203,85.139,1.83861,0.49,0.08,2.45097,2.75337,0,0.45926,4.47552,76.477,98.274,1.84514,0,0,1.89796,1.59556,0,1.46624,3.38688
29.9683,85.139,2.50843,0.53,0.08,2.45097,2.75337,0,0.459312,4.47552,76.4952,98.274,2.55303,0,0,1.89796,1.59556,0,1.46637,3.38688
31.3302,85.139,3.72685,0.55,0.1,2.53751,2.83991,0,0.459312,4.47552,76.8277,98.274,3.71228,0,0,1.94972,1.64732,0,1.46637,3.38688
34.6465,85.139,5.84131,0.56,0.1,2.53779,2.84019,0,0.47553,4.47552,77.3541,98.274,3.95844,0,0,1.94988,1.64748,0,1.50635,3.38688
36.8308,85.139,4.64228,0.55,0.1,2.53806,2.84046,0,0.475581,4.47552,77.6551,98.274,3.14193,0,0,1.95004,1.64764,0,1.50648,3.38688
38.0604,85.139,3.58704,0.56,0.1,2.53833,2.84073,0,0.475632,4.47552,77.857,98.274,2.75983,0,0,1.9502,1.6478,0,1.5066,3.38688
40.7278,85.139,5.48017,0.58,0.1,2.81571,3.11811,0,0.475684,4.47552,78.0837,98.274,3.69041,0,0,2.14412,1.84172,0,1.50672,3.38688
44.0061,85.139,6.13785,0.53,0.1,2.81601,3.11841,0,0.527664,4.47552,78.3934,98.274,4.15617,0,0,2.1443,1.8419,0,1.65655,3.38688
47.3609,85.139,6.25476,0.56,0.1,2.81631,3.11871,0,0.52772,4.47552,78.6317,98.274,3.76972,0,0,2.14447,1.84207,0,1.65668,3.38688
50.9684,85.139,6.57391,0.52,0.1,2.81661,3.11901,0,0.527777,4.47552,78.9771,98.274,4.60875,0,0,2.14465,1.84225,0,1.65682,3.38688
56.1583,85.139,8.0132,0.56,0.1,2.42152,2.72392,0,0.527833,4.47552,80.1199,98.274,7.16796,0,0,1.88469,1.58229,0,1.65696,3.38688
58.6959,85.139,5.29416,0.53,0.1,2.42178,2.72418,0,0.453792,4.47552,81.2609,98.274,6.12875,0,0,1.88485,1.58245,0,1.45611,3.38688
59.7406,85.139,3.80961,0.52,0.1,2.42204,2.72444,0,0.453842,4.47552,82.0061,98.274,5.44639,0,0,1.885,1.5826,0,1.45623,3.38688
62.0079,85.139,5.07336,0.54,0.1,2.4223,2.7247,0,0.453891,4.47552,82.8436,98.274,5.24591,0,0,1.88515,1.58275,0,1.45635,3.38688
63.9619,85.139,4.79371,0.59,0.1,2.42257,2.72497,0,0.45394,4.47552,83.4857,98.274,5.46884,0,0,1.8853,1.5829,0,1.45647,3.38688
67.3302,85.139,6.39745,0.55,0.1,2.5224,2.8248,0,0.453989,4.47552,84.2664,98.274,6.29776,0,0,1.94912,1.64672,0,1.45658,3.38688
69.0251,85.139,4.64864,0.56,0.1,2.52267,2.82507,0,0.472698,4.47552,84.7429,98.274,4.50161,0,0,1.94928,1.64688,0,1.50589,3.38688
70.051,85.139,3.93864,0.46,0.1,2.52295,2.82535,0,0.472749,4.47552,84.9833,98.274,3.73556,0,0,1.94944,1.64704,0,1.50601,3.38688
70.6644,85.139,3.50343,0.44,0.1,2.52322,2.82562,0,0.4728,4.47552,85.1596,98.274,3.54867,0,0,1.9496,1.6472,0,1.50614,3.38688
70.8637,85.139,3.02168,0.44,0.1,2.48454,2.78694,0,0.472851,4.47552,85.4969,98.274,4.01001,0,0,1.92502,1.62262,0,1.50626,3.38688
71.9639,85.139,3.9434,0.42,0.1,2.48481,2.78721,0,0.465603,4.47552,85.9514,98.274,4.17557,0,0,1.92517,1.62277,0,1.48727,3.38688
72.7138,85.139,3.59273,0.4,0.1,2.48508,2.78748,0,0.465653,4.47552,86.3678,98.274,4.04066,0,0,1.92533,1.62293,0,1.48739,3.38688
72.6324,85.139,2.6935,0.38,0.1,2.48535,2.78775,0,0.465704,4.47552,86.626,98.274,3.51543,0,0,1.92549,1.62309,0,1.48751,3.38688
72.3068,85.139,2.52067,0.37,0.1,2.61787,2.92027,0,0.465754,4.47552,86.6255,98.274,3.27202,0,0,2.0134,1.711,0,1.48763,3.38688
71.816,85.139,2.31105,0.3,0.1,2.61815,2.92055,0,0.490589,4.47552,86.586,98.274,3.18157,0,0,2.01357,1.71117,0,1.55556,3.38688
71.2855,85.139,2.2626,0.28,0.1,2.61843,2.92083,0,0.490641,4.47552,86.6071,98.274,3.23651,0,0,2.01373,1.71133,0,1.55568,3.38688
70.6158,85.139,2.11194,0.27,0.1,2.61871,2.92111,0,0.490694,4.47552,86.5589,98.274,2.9733,0,0,2.0139,1.7115,0,1.55581,3.38688
70.4241,85.139,2.57483,0.23,0.1,2.61899,2.92139,0,0.490747,4.47552,86.5805,98.274,3.12303,0,0,2.01406,1.71166,0,1.55594,3.38688
70.5242,85.139,2.83922,0.22,0.1,2.59311,2.89551,0,0.490799,4.47552,86.6336,98.274,3.30281,0,0,2.06249,1.76009,0,1.55606,3.38688
70.3749,85.139,2.58661,0.22,0.1,2.59338,2.89578,0,0.485948,4.47552,86.6388,98.274,3.03457,0,0,2.06265,1.76025,0,1.59348,3.38688
70.0288,85.139,2.36368,0.21,0.1,2.59366,2.89606,0,0.486,4.47552,86.5847,98.274,2.90992,0,0,2.06282,1.76042,0,1.59361,3.38688
69.5742,85.139,2.21665,0.2,0.1,2.59394,2.89634,0,0.486053,4.47552,86.3999,98.274,2.71961,0,0,2.06299,1.76059,0,1.59374,3.38688
69.1648,85.139,2.33443,0.18,0.1,2.66182,2.96422,0,0.486105,4.47552,86.1933,98.274,2.83577,0,0,2.10619,1.80379,0,1.59387,3.38688
68.5833,85.139,2.13607,0.18,0.1,2.66211,2.96451,0,0.498825,4.47552,85.8799,98.274,2.82012,0,0,2.10636,1.80396,0,1.62724,3.38688
67.835,85.139,1.95963,0.18,0.1,2.66239,2.96479,0,0.498879,4.47552,85.5245,98.274,2.46276,0,0,2.10654,1.80414,0,1.62738,3.38688
67.2062,85.139,2.06278,0.23,0.1,2.66268,2.96508,0,0.498932,4.47552,85.2498,98.274,2.96659,0,0,2.10671,1.80431,0,1.62751,3.38688
66.5987,85.139,2.25408,0.21,0.1,2.86101,3.16341,0,0.498986,4.47552,84.8626,98.274,2.54519,0,0,2.26224,1.95984,0,1.62764,3.38688
66.2851,85.139,2.56508,0.2,0.1,2.86131,3.16371,0,0.536153,4.47552,84.5489,98.274,2.79642,0,0,2.26243,1.96003,0,1.74781,3.38688
65.4651,85.139,2.06644,0.19,0.1,2.86162,3.16402,0,0.53621,4.47552,84.0699,98.274,2.11782,0,0,2.26262,1.96022,0,1.74795,3.38688
65.0726,85.139,2.47132,0.18,0.1,2.86192,3.16432,0,0.536267,4.47552,83.8963,98.274,3.42606,0,0,2.26281,1.96041,0,1.7481,3.38688
64.5548,85.139,2.36308,0.18,0.1,2.86222,3.16462,0,0.536324,4.47552,83.7361,98.274,3.4498,0,0,2.263,1.9606,0,1.74824,3.38688
64.6205,85.139,2.90243,0.17,0.1,2.76596,3.06836,0,0.536381,4.47552,84.0385,98.274,4.71325,0,0,2.16884,1.86644,0,1.74839,3.38688
65.7871,85.139,4.04547,0.17,0.1,2.76626,3.06866,0,0.518342,4.47552,84.4596,98.274,5.07475,0,0,2.16902,1.86662,0,1.67565,3.38688
68.3924,85.139,5.63982,0.17,0.1,2.76655,3.06895,0,0.518397,4.47552,85.6855,98.274,8.42546,0,0,2.1692,1.8668,0,1.67579,3.38688
70.2042,85.139,4.93989,0.14,0.1,2.76685,3.06925,0,0.518452,4.47552,86.3536,98.274,5.99428,0,0,2.16938,1.86698,0,1.67592,3.38688
70.5718,85.139,3.5056,0.14,0.1,2.68785,2.99025,0,0.518508,4.47552,87.2365,98.274,5.13193,0,0,2.08365,1.78125,0,1.67606,3.38688
71.7275,85.139,4.22212,0.14,0.1,2.68814,2.99054,0,0.503703,4.47552,88.4131,98.274,6.63541,0,0,2.08382,1.78142,0,1.60983,3.38688
72.4822,85.139,3.88684,0.15,0.1,2.68843,2.99083,0,0.503757,4.47552,89.5985,98.274,6.25167,0,0,2.084,1.7816,0,1.60996,3.38688
73.5031,85.139,4.16489,0.15,0.1,2.68871,2.99111,0,0.503811,4.47552,90.4706,98.274,5.08736,0,0,2.08417,1.78177,0,1.6101,3.38688
74.9848,85.139,4.37908,0.16,0.1,2.46372,2.76612,0,0.503865,4.47552,91.6925,98.274,6.23975,0,0,1.90535,1.60295,0,1.61023,3.38688
76.0161,85.139,3.92062,0.15,0.1,2.46398,2.76638,0,0.4617,4.47552,92.705,98.274,5.35414,0,0,1.9055,1.6031,0,1.47207,3.38688
76.7387,85.139,3.61453,0.17,0.1,2.46425,2.76665,0,0.46175,4.47552,94.1105,98.274,7.41835,0,0,1.90566,1.60326,0,1.47219,3.38688
79.2101,85.139,5.49566,0.18,0.1,2.46451,2.76691,0,0.4618,4.47552,95.8382,98.274,8.54594,0,0,1.90581,1.60341,0,1.47231,3.38688
85.139,85.139,11.9541,0.2,0.1,2.46478,2.76718,0,0.46185,4.47552,99.3022,98.274,13.8547,0,0,1.90597,1.60357,0,1.47243,3.38688
85.139,85.139,11.6288,0.12,0.1,2.55174,2.85414,0,0.4619,4.47552,99.3022,98.274,7.23723,0,0,1.95797,1.65557,0,1.47255,3.38688
85.139,85.139,8.96437,0.12,0.1,2.552,2.8544,0,0.478196,4.47552,99.3022,98.274,5.86887,0,0,1.95812,1.65572,0,1.51273,3.38688
85.139,85.139,14.6464,0.12,0.1,2.55226,2.85466,0,0.478245,4.47552,99.3022,98.274,12.8515,0,0,1.95827,1.65587,0,1.51285,3.38688
85.139,85.139,11.8076,0.12,0.1,2.55252,2.85492,0,0.478293,4.47552,99.3022,98.274,11.4791,0,0,1.95842,1.65602,0,1.51296,3.38688
85.139,85.139,7.52131,0.12,0.1,2.83126,3.13366,0,0.478342,4.47552,99.3022,98.274,7.72879,0,0,2.1533,1.8509,0,1.51308,3.38688
85.139,85.139,10.7952,0.14,0.1,2.83155,3.13395,0,0.530579,4.47552,99.3022,98.274,8.17992,0,0,2.15347,1.85107,0,1.66364,3.38688
85.139,85.139,8.54786,0.12,0.1,2.83183,3.13423,0,0.530632,4.47552,99.3022,98.274,10.3355,0,0,2.15364,1.85124,0,1.66377,3.38688
85.139,85.139,8.60913,0.14,0.1,2.83212,3.13452,0,0.530685,4.47552,99.3022,98.274,8.73127,0,0,2.15381,1.85141,0,1.6639,3.38688
85.139,85.139,8.61291,0.14,0.1,2.43504,2.73744,0,0.530739,4.47552,99.3022,98.274,15.492,0,0,1.89255,1.59015,0,1.66403,3.38688
85.139,85.139,7.4488,0.15,0.1,2.43529,2.73769,0,0.456327,4.47552,99.3022,98.274,11.5599,0,0,1.89269,1.59029,0,1.46218,3.38688
85.139,85.139,5.28693,0.16,0.1,2.43554,2.73794,0,0.456374,4.47552,99.3022,98.274,9.37413,0,0,1.89284,1.59044,0,1.4623,3.38688
85.139,85.139,5.7906,0.17,0.1,2.43579,2.73819,0,0.456421,4.47552,99.3022,98.274,8.46023,0,0,1.89298,1.59058,0,1.46241,3.38688
85.139,85.139,7.78293,0.17,0.1,2.43604,2.73844,0,0.456467,4.47552,99.3022,98.274,12.275,0,0,1.89313,1.59073,0,1.46252,3.38688
85.139,85.139,9.35787,0.17,0.1,2.53635,2.83875,0,0.456514,4.47552,99.3022,98.274,14.3813,0,0,1.95726,1.65486,0,1.46263,3.38688
85.139,85.139,6.72462,0.19,0.1,2.53661,2.83901,0,0.475313,4.47552,99.3022,98.274,11.0396,0,0,1.95741,1.65501,0,1.51218,3.38688
85.139,85.139,5.7723,0.19,0.1,2.53687,2.83927,0,0.475361,4.47552,99.3022,98.274,10.5834,0,0,1.95756,1.65516,0,1.51229,3.38688
85.139,85.139,5.49095,0.17,0.1,2.53713,2.83953,0,0.475409,4.47552,99.3022,98.274,10.7537,0,0,1.95771,1.65531,0,1.51241,3.38688
85.139,85.139,5.73495,0.15,0.1,2.49824,2.80064,0,0.475457,4.47552,99.3022,98.274,9.23805,0,0,1.933,1.6306,0,1.51252,3.38688
85.139,85.139,5.12839,0.15,0.1,2.4985,2.8009,0,0.468171,4.47552,99.3022,98.274,7.26992,0,0,1.93315,1.63075,0,1.49343,3.38688
85.139,85.139,4.55096,0.15,0.1,2.49875,2.80115,0,0.468219,4.47552,99.3022,98.274,6.7728,0,0,1.93329,1.63089,0,1.49355,3.38688
85.139,85.139,4.48086,0.15,0.1,2.49901,2.80141,0,0.468266,4.47552,99.3022,98.274,7.06102,0,0,1.93344,1.63104,0,1.49366,3.38688
85.139,85.139,4.54692,0.14,0.1,2.63216,2.93456,0,0.468314,4.47552,99.3022,98.274,6.2236,0,0,2.02178,1.71938,0,1.49378,3.38688
85.139,85.139,4.39914,0.13,0.1,2.63243,2.93483,0,0.493267,4.47552,99.3022,98.274,6.28698,0,0,2.02194,1.71954,0,1.56203,3.38688
85.139,85.139,4.12724,0.12,0.1,2.6327,2.9351,0,0.493317,4.47552,99.3022,98.274,5.73072,0,0,2.02209,1.71969,0,1.56215,3.38688
85.139,85.139,3.97283,0.1,0.1,2.63296,2.93536,0,0.493367,4.47552,99.3022,98.274,5.4623,0,0,2.02225,1.71985,0,1.56227,3.38688
85.139,85.139,3.91748,0.08,0.1,2.63323,2.93563,0,0.493417,4.47552,99.3022,98.274,4.13104,0,0,2.0224,1.72,0,1.56239,3.38688
85.139,85.139,3.94736,0.07,0.1,2.6072,2.9096,0,0.493467,4.47552,99.3022,98.274,3.07938,0,0,2.07105,1.76865,0,1.56251,3.38688
85.139,85.139,3.74045,0.06,0.1,2.60746,2.90986,0,0.488589,4.47552,99.3022,98.274,2.91665,0,0,2.07121,1.76881,0,1.6001,3.38688
85.139,85.139,3.46987,0.08,0.1,2.60773,2.91013,0,0.488639,4.47552,99.212,98.274,2.71457,0,0,2.07137,1.76897,0,1.60022,3.38688
85.139,85.139,3.31373,0.07,0.1,2.60799,2.91039,0,0.488688,4.47552,99.1241,98.274,2.54845,0,0,2.07154,1.76914,0,1.60034,3.38688
85.139,85.139,3.83754,0.08,0.1,2.67619,2.97859,0,0.488738,4.47552,99.0734,98.274,2.71707,0,0,2.11493,1.81253,0,1.60047,3.38688
85.139,85.139,3.51581,0.08,0.1,2.67646,2.97886,0,0.501517,4.47552,98.8793,98.274,2.65033,0,0,2.11509,1.81269,0,1.63399,3.38688
85.139,85.139,3.22413,0.08,0.1,2.67673,2.97913,0,0.501568,4.47552,98.6265,98.274,2.33028,0,0,2.11526,1.81286,0,1.63412,3.38688
85.139,85.139,3.39645,0.08,0.1,2.677,2.9794,0,0.501619,4.47552,98.4787,98.274,2.79225,0,0,2.11542,1.81302,0,1.63425,3.38688
84.9869,85.139,2.81127,0.08,0.1,2.87627,3.17867,0,0.501669,4.47552,98.0624,98.274,2.40686,0,0,2.2717,1.9693,0,1.63438,3.38688
84.1082,85.139,2.06088,0.11,0.1,2.87656,3.17896,0,0.539013,4.47552,97.6119,98.274,1.90048,0,0,2.27187,1.96947,0,1.75511,3.38688
83.6228,85.139,2.45257,0.11,0.1,2.87684,3.17924,0,0.539067,4.47552,97.2869,98.274,2.05979,0,0,2.27205,1.96965,0,1.75525,3.38688
84.7919,85.139,4.1893,0.11,0.1,2.87713,3.17953,0,0.539121,4.47552,97.0371,98.274,2.4588,0,0,2.27223,1.96983,0,1.75539,3.38688
85.139,85.139,3.74495,0.12,0.1,2.87742,3.17982,0,0.539175,4.47552,96.2359,98.274,2.19725,0,0,2.27241,1.97001,0,1.75553,3.38688
83.8279,85.139,1.68623,0.09,0.1,2.78068,3.08308,0,0.539229,4.47552,95.5899,98.274,1.30942,0,0,2.1778,1.8754,0,1.75566,3.38688
82.8445,85.139,2.045,0.13,0.1,2.78096,3.08336,0,0.5211,4.47552,95.0028,98.274,1.71397,0,0,2.17797,1.87557,0,1.68256,3.38688
81.8757,85.139,2.03688,0.13,0.1,2.78124,3.08364,0,0.521152,4.47552,94.777,98.274,1.73079,0,0,2.17814,1.87574,0,1.6827,3.38688
84.0248,85.139,5.27366,0.13,0.1,2.78152,3.08392,0,0.521205,4.47552,95.6526,98.274,5.68264,0,0,2.17831,1.87591,0,1.68283,3.38688
82.9796,85.139,2.06136,0.13,0.1,2.70213,3.00453,0,0.521257,4.47552,95.5678,98.274,2.65248,0,0,2.09216,1.78976,0,1.68296,3.38688
81.0532,85.139,1.14959,0.13,0.1,2.7024,3.0048,0,0.506379,4.47552,95.3114,98.274,2.14469,0,0,2.09232,1.78992,0,1.6164,3.38688
79.4852,85.139,1.44435,0.13,0.1,2.70268,3.00508,0,0.50643,4.47552,95.1818,98.274,2.57512,0,0,2.09248,1.79008,0,1.61653,3.38688
82.0862,85.139,5.78685,0.13,0.1,2.70295,3.00535,0,0.506481,4.47552,95.6781,98.274,4.51356,0,0,2.09265,1.79025,0,1.61665,3.38688
81.7467,85.139,2.56713,0.13,0.1,2.47686,2.77926,0,0.506533,4.47552,96.3043,98.274,4.34931,0,0,1.91297,1.61057,0,1.61678,3.38688
82.8373,85.139,4.12985,0.14,0.1,2.47712,2.77952,0,0.464164,4.47552,96.7691,98.274,4.61014,0,0,1.91311,1.61071,0,1.47796,3.38688
84.9145,85.139,5.10285,0.16,0.1,2.47737,2.77977,0,0.464212,4.47552,97.825,98.274,5.63873,0,0,1.91326,1.61086,0,1.47807,3.38688
85.139,85.139,3.30255,0.17,0.1,2.47762,2.78002,0,0.464259,4.47552,98.134,98.274,3.82185,0,0,1.91341,1.61101,0,1.47819,3.38688
84.5257,85.139,2.2814,0.13,0.1,2.47787,2.78027,0,0.464306,4.47552,98.0607,98.274,2.75056,0,0,1.91355,1.61115,0,1.4783,3.38688
84.239,85.139,2.71858,0.17,0.1,2.56523,2.86763,0,0.464353,4.47552,97.9608,98.274,2.81551,0,0,1.9658,1.6634,0,1.47841,3.38688
85.139,85.139,4.91797,0.18,0.1,2.56547,2.86787,0,0.480724,4.47552,98.3653,98.274,3.82624,0,0,1.96594,1.66354,0,1.51877,3.38688
85.139,85.139,4.91273,0.14,0.1,2.56572,2.86812,0,0.48077,4.47552,99.1022,98.274,5.06596,0,0,1.96608,1.66368,0,1.51888,3.38688
85.139,85.139,6.85673,0.12,0.1,2.56596,2.86836,0,0.480815,4.47552,99.3022,98.274,7.41594,0,0,1.96622,1.66382,0,1.51899,3.38688
85.139,85.139,6.27306,0.14,0.1,2.846,3.1484,0,0.480861,4.47552,99.3022,98.274,6.0236,0,0,2.16201,1.85961,0,1.5191,3.38688
85.139,85.139,6.86222,0.14,0.1,2.84627,3.14867,0,0.533341,4.47552,99.3022,98.274,6.48574,0,0,2.16217,1.85977,0,1.67037,3.38688
85.139,85.139,8.03949,0.15,0.1,2.84654,3.14894,0,0.533391,4.47552,99.3022,98.274,6.89691,0,0,2.16233,1.85993,0,1.67049,3.38688
85.139,85.139,6.97807,0.15,0.1,2.84681,3.14921,0,0.533442,4.47552,99.3022,98.274,8.41055,0,0,2.16249,1.86009,0,1.67061,3.38688
85.139,85.139,6.02143,0.14,0.1,2.44786,2.75026,0,0.533492,4.47552,99.3022,98.274,5.40358,0,0,1.89999,1.59759,0,1.67074,3.38688
85.139,85.139,5.74416,0.16,0.1,2.44809,2.75049,0,0.458729,4.47552,99.3022,98.274,4.99661,0,0,1.90013,1.59773,0,1.46794,3.38688
85.139,85.139,5.40526,0.16,0.1,2.44833,2.75073,0,0.458773,4.47552,99.3022,98.274,4.55354,0,0,1.90027,1.59787,0,1.46804,3.38688
85.139,85.139,6.95953,0.17,0.1,2.44856,2.75096,0,0.458817,4.47552,99.3022,98.274,7.69408,0,0,1.9004,1.598,0,1.46815,3.38688
85.139,85.139,9.41461,0.18,0.1,2.4488,2.7512,0,0.458861,4.47552,99.3022,98.274,9.22403,0,0,1.90054,1.59814,0,1.46825,3.38688
85.139,85.139,7.48713,0.2,0.1,2.54956,2.85196,0,0.458905,4.47552,99.3022,98.274,7.02938,0,0,1.96496,1.66256,0,1.46836,3.38688
85.139,85.139,7.46475,0.19,0.1,2.54981,2.85221,0,0.477788,4.47552,99.3022,98.274,7.66489,0,0,1.9651,1.6627,0,1.51813,3.38688
85.139,85.139,11.0307,0.19,0.1,2.55005,2.85245,0,0.477834,4.47552,99.3022,98.274,10.2073,0,0,1.96524,1.66284,0,1.51824,3.38688
85.139,85.139,7.40209,0.18,0.1,2.55029,2.85269,0,0.477879,4.47552,99.3022,98.274,7.35742,0,0,1.96538,1.66298,0,1.51835,3.38688
85.139,85.139,5.89332,0.17,0.1,2.51122,2.81362,0,0.477925,4.47552,99.3022,98.274,5.02228,0,0,1.94055,1.63815,0,1.51845,3.38688
85.139,85.139,5.50552,0.15,0.1,2.51146,2.81386,0,0.470602,4.47552,99.3022,98.274,4.68148,0,0,1.94069,1.63829,0,1.49927,3.38688
85.139,85.139,5.26658,0.15,0.1,2.5117,2.8141,0,0.470647,4.47552,99.3022,98.274,4.39229,0,0,1.94083,1.63843,0,1.49938,3.38688
85.139,85.139,4.60737,0.15,0.1,2.51194,2.81434,0,0.470692,4.47552,99.3022,98.274,4.72926,0,0,1.94097,1.63857,0,1.49948,3.38688
85.139,85.139,4.76181,0.14,0.1,2.64569,2.94809,0,0.470737,4.47552,99.3022,98.274,4.34863,0,0,2.02971,1.72731,0,1.49959,3.38688
85.139,85.139,4.53956,0.14,0.1,2.64594,2.94834,0,0.495802,4.47552,99.3022,98.274,3.69562,0,0,2.02985,1.72745,0,1.56815,3.38688
85.139,85.139,4.33708,0.12,0.1,2.64619,2.94859,0,0.49585,4.47552,99.3022,98.274,3.87434,0,0,2.03,1.7276,0,1.56826,3.38688
85.139,85.139,4.01285,0.1,0.1,2.64645,2.94885,0,0.495897,4.47552,99.3022,98.274,3.69246,0,0,2.03015,1.72775,0,1.56838,3.38688
85.139,85.139,3.62728,0.08,0.1,2.6467,2.9491,0,0.495944,4.47552,99.3022,98.274,3.88791,0,0,2.03029,1.72789,0,1.56849,3.38688
85.139,85.139,2.97378,0.09,0.1,2.62053,2.92293,0,0.495991,4.47552,99.3022,98.274,4.15326,0,0,2.07916,1.77676,0,1.56861,3.38688
85.1226,85.139,2.81016,0.08,0.1,2.62078,2.92318,0,0.491088,4.47552,99.3022,98.274,4.0159,0,0,2.07931,1.77691,0,1.60636,3.38688
84.9718,85.139,2.66231,0.13,0.1,2.62103,2.92343,0,0.491135,4.47552,99.3022,98.274,3.81118,0,0,2.07946,1.77706,0,1.60647,3.38688
84.6355,85.139,2.47,0.11,0.1,2.62128,2.92368,0,0.491181,4.47552,99.3022,98.274,3.55471,0,0,2.07961,1.77721,0,1.60659,3.38688
83.843,85.139,2.0303,0.11,0.1,2.68977,2.99217,0,0.491228,4.47552,99.0818,98.274,2.61172,0,0,2.12319,1.82079,0,1.60671,3.38688
83.2956,85.139,2.28512,0.1,0.1,2.69002,2.99242,0,0.504063,4.47552,99.0697,98.274,3.14946,0,0,2.12335,1.82095,0,1.64038,3.38688
82.5569,85.139,2.06693,0.1,0.1,2.69028,2.99268,0,0.50411,4.47552,98.8855,98.274,2.98854,0,0,2.1235,1.8211,0,1.6405,3.38688
81.6442,85.139,1.88214,0.11,0.1,2.69053,2.99293,0,0.504158,4.47552,98.6459,98.274,2.61021,0,0,2.12366,1.82126,0,1.64062,3.38688
80.6806,85.139,1.99154,0.11,0.1,2.89069,3.19309,0,0.504206,4.47552,98.5953,98.274,3.35771,0,0,2.28063,1.97823,0,1.64074,3.38688
79.5192,85.139,1.78172,0.11,0.1,2.89096,3.19336,0,0.541716,4.47552,98.5308,98.274,3.27836,0,0,2.2808,1.9784,0,1.76202,3.38688
78.4002,85.139,1.81012,0.12,0.1,2.89124,3.19364,0,0.541767,4.47552,98.4283,98.274,3.16845,0,0,2.28097,1.97857,0,1.76215,3.38688
78.1302,85.139,2.68076,0.15,0.1,2.89151,3.19391,0,0.541818,4.47552,98.4862,98.274,3.75683,0,0,2.28114,1.97874,0,1.76228,3.38688
78.7238,85.139,3.59899,0.14,0.1,2.89178,3.19418,0,0.541869,4.47552,98.7726,98.274,4.07602,0,0,2.28131,1.97891,0,1.76241,3.38688
77.6596,85.139,1.78267,0.14,0.1,2.79459,3.09699,0,0.54192,4.47552,98.8773,98.274,4.78256,0,0,2.18625,1.88385,0,1.76254,3.38688
76.3092,85.139,1.48711,0.14,0.1,2.79485,3.09725,0,0.523706,4.47552,98.5021,98.274,2.56566,0,0,2.18641,1.88401,0,1.6891,3.38688
75.5386,85.139,2.12285,0.14,0.1,2.79512,3.09752,0,0.523755,4.47552,98.3012,98.274,2.94274,0,0,2.18657,1.88417,0,1.68922,3.38688
77.6645,85.139,5.22577,0.14,0.1,2.79538,3.09778,0,0.523805,4.47552,98.8852,98.274,5.27057,0,0,2.18674,1.88434,0,1.68935,3.38688
76.9292,85.139,2.29046,0.14,0.1,2.71561,3.01801,0,0.523854,4.47552,98.814,98.274,3.32257,0,0,2.10019,1.79779,0,1.68947,3.38688
75.8163,85.139,1.86297,0.14,0.1,2.71587,3.01827,0,0.508906,4.47552,98.7779,98.274,3.32228,0,0,2.10034,1.79794,0,1.62261,3.38688
79.9576,85.139,7.20837,0.14,0.1,2.71613,3.01853,0,0.508954,4.47552,99.3022,98.274,5.44252,0,0,2.1005,1.7981,0,1.62273,3.38688
82.3146,85.139,5.52489,0.13,0.1,2.71639,3.01879,0,0.509003,4.47552,99.3022,98.274,5.6678,0,0,2.10065,1.79825,0,1.62284,3.38688
82.9614,85.139,3.56976,0.14,0.1,2.48928,2.79168,0,0.509051,4.47552,99.3022,98.274,4.32245,0,0,1.92016,1.61776,0,1.62296,3.38688
85.0116,85.139,4.99733,0.14,0.1,2.48951,2.79191,0,0.46649,4.47552,99.3022,98.274,6.842,0,0,1.9203,1.6179,0,1.48352,3.38688
85.139,85.139,3.29778,0.16,0.1,2.48975,2.79215,0,0.466535,4.47552,99.3022,98.274,5.17834,0,0,1.92044,1.61804,0,1.48362,3.38688
84.9561,85.139,2.68723,0.13,0.1,2.48999,2.79239,0,0.466579,4.47552,99.3022,98.274,3.52096,0,0,1.92057,1.61817,0,1.48373,3.38688
84.1746,85.139,2.08277,0.17,0.1,2.49023,2.79263,0,0.466624,4.47552,99.3022,98.274,3.54378,0,0,1.92071,1.61831,0,1.48384,3.38688
85.139,85.139,17.0771,0.18,0.1,2.57796,2.88036,0,0.466669,4.47552,99.3022,98.274,17.1714,0,0,1.97318,1.67078,0,1.48394,3.38688
85.139,85.139,16.4106,0.18,0.1,2.57818,2.88058,0,0.483109,4.47552,99.3022,98.274,17.2596,0,0,1.97331,1.67091,0,1.52448,3.38688
85.139,85.139,10.4053,0.23,0.1,2.57841,2.88081,0,0.483152,4.47552,99.3022,98.274,10.2943,0,0,1.97345,1.67105,0,1.52458,3.38688
85.139,85.139,8.34712,0.23,0.1,2.57864,2.88104,0,0.483195,4.47552,99.3022,98.274,6.65327,0,0,1.97358,1.67118,0,1.52468,3.38688
85.139,85.139,9.65005,0.23,0.1,2.85991,3.16231,0,0.483238,4.47552,99.3022,98.274,7.96655,0,0,2.17022,1.86782,0,1.52479,3.38688
85.139,85.139,9.09443,0.23,0.1,2.86016,3.16256,0,0.535947,4.47552,99.3022,98.274,8.55692,0,0,2.17037,1.86797,0,1.67671,3.38688
85.139,85.139,9.27256,0.23,0.1,2.86041,3.16281,0,0.535994,4.47552,99.3022,98.274,9.75338,0,0,2.17052,1.86812,0,1.67683,3.38688
85.139,85.139,7.37431,0.23,0.1,2.86066,3.16306,0,0.536041,4.47552,99.3022,98.274,7.76128,0,0,2.17067,1.86827,0,1.67694,3.38688
85.139,85.139,6.60739,0.23,0.1,2.45995,2.76235,0,0.536088,4.47552,99.3022,98.274,5.39193,0,0,1.90701,1.60461,0,1.67706,3.38688
85.139,85.139,6.56093,0.23,0.1,2.46017,2.76257,0,0.460994,4.47552,99.3022,98.274,6.03183,0,0,1.90714,1.60474,0,1.47336,3.38688
85.139,85.139,6.16828,0.23,0.1,2.46039,2.76279,0,0.461035,4.47552,99.3022,98.274,7.87528,0,0,1.90727,1.60487,0,1.47346,3.38688
85.139,85.139,6.60195,0.22,0.1,2.46061,2.76301,0,0.461076,4.47552,99.3022,98.274,7.59894,0,0,1.9074,1.605,0,1.47356,3.38688
85.139,85.139,10.6833,0.22,0.1,2.46083,2.76323,0,0.461118,4.47552,99.3022,98.274,11.4324,0,0,1.90753,1.60513,0,1.47366,3.38688
85.139,85.139,7.63711,0.22,0.1,2.56202,2.86442,0,0.461159,4.47552,99.3022,98.274,5.86365,0,0,1.97222,1.66982,0,1.47376,3.38688
85.139,85.139,7.14956,0.2,0.1,2.56225,2.86465,0,0.480122,4.47552,99.3022,98.274,9.38668,0,0,1.97235,1.66995,0,1.52373,3.38688
85.139,85.139,6.04303,0.2,0.1,2.56247,2.86487,0,0.480165,4.47552,99.3022,98.274,9.47114,0,0,1.97248,1.67008,0,1.52384,3.38688
85.139,85.139,4.50887,0.2,0.1,2.5627,2.8651,0,0.480208,4.47552,99.3022,98.274,6.75523,0,0,1.97262,1.67022,0,1.52394,3.38688
85.139,85.139,4.68114,0.17,0.1,2.52344,2.82584,0,0.48025,4.47552,99.3022,98.274,5.56551,0,0,1.94767,1.64527,0,1.52404,3.38688
85.139,85.139,4.17596,0.16,0.1,2.52367,2.82607,0,0.472893,4.47552,99.3022,98.274,4.34097,0,0,1.9478,1.6454,0,1.50477,3.38688
85.139,85.139,3.66405,0.15,0.1,2.52389,2.82629,0,0.472935,4.47552,99.3022,98.274,3.95364,0,0,1.94793,1.64553,0,1.50487,3.38688
85.139,85.139,3.39492,0.15,0.1,2.52412,2.82652,0,0.472977,4.47552,99.3022,98.274,3.70555,0,0,1.94806,1.64566,0,1.50497,3.38688
85.139,85.139,3.43921,0.16,0.1,2.65843,2.96083,0,0.473019,4.47552,99.3022,98.274,3.53578,0,0,2.03717,1.73477,0,1.50507,3.38688
85.139,85.139,3.62665,0.14,0.1,2.65867,2.96107,0,0.49819,4.47552,99.3022,98.274,3.46843,0,0,2.03731,1.73491,0,1.57392,3.38688
85.139,85.139,3.4649,0.12,0.1,2.65891,2.96131,0,0.498235,4.47552,99.3022,98.274,3.5848,0,0,2.03745,1.73505,0,1.57403,3.38688
85.139,85.139,3.20608,0.1,0.1,2.65914,2.96154,0,0.498279,4.47552,99.3022,98.274,3.39957,0,0,2.03759,1.73519,0,1.57413,3.38688
85.139,85.139,3.06525,0.1,0.1,2.65938,2.96178,0,0.498323,4.47552,99.3022,98.274,3.43579,0,0,2.03773,1.73533,0,1.57424,3.38688
85.139,85.139,3.16129,0.1,0.1,2.63309,2.93549,0,0.498368,4.47552,99.3022,98.274,3.48706,0,0,2.08679,1.78439,0,1.57435,3.38688
85.139,85.139,2.99893,0.09,0.1,2.63332,2.93572,0,0.49344,4.47552,99.3022,98.274,3.37502,0,0,2.08693,1.78453,0,1.61225,3.38688
85.0729,85.139,2.79243,0.09,0.1,2.63355,2.93595,0,0.493484,4.47552,99.3022,98.274,3.13072,0,0,2.08707,1.78467,0,1.61236,3.38688
84.8638,85.139,2.64189,0.12,0.1,2.63379,2.93619,0,0.493528,4.47552,99.2581,98.274,2.95408,0,0,2.08722,1.78482,0,1.61247,3.38688
84.2916,85.139,2.29245,0.11,0.1,2.70255,3.00495,0,0.493572,4.47552,99.021,98.274,2.4408,0,0,2.13097,1.82857,0,1.61258,3.38688
83.4899,85.139,2.0393,0.1,0.1,2.70279,3.00519,0,0.506458,4.47552,98.8275,98.274,2.18302,0,0,2.13112,1.82872,0,1.64639,3.38688
82.5034,85.139,1.83748,0.11,0.1,2.70303,3.00543,0,0.506503,4.47552,98.5903,98.274,2.20886,0,0,2.13127,1.82887,0,1.6465,3.38688
81.917,85.139,2.23468,0.11,0.1,2.70327,3.00567,0,0.506548,4.47552,98.6102,98.274,2.97444,0,0,2.13141,1.82901,0,1.64662,3.38688
81.5104,85.139,2.6241,0.11,0.1,2.90426,3.20666,0,0.506593,4.47552,98.715,98.274,3.02076,0,0,2.28904,1.98664,0,1.64673,3.38688
80.2484,85.139,1.74681,0.11,0.1,2.90452,3.20692,0,0.544259,4.47552,98.6263,98.274,2.46796,0,0,2.2892,1.9868,0,1.76851,3.38688
78.9425,85.139,1.69412,0.12,0.1,2.90478,3.20718,0,0.544307,4.47552,98.5063,98.274,2.40329,0,0,2.28936,1.98696,0,1.76863,3.38688
78.0244,85.139,2.07129,0.15,0.1,2.90503,3.20743,0,0.544355,4.47552,98.4455,98.274,2.73553,0,0,2.28952,1.98712,0,1.76876,3.38688
76.6329,85.139,1.58841,0.15,0.1,2.90529,3.20769,0,0.544403,4.47552,98.2889,98.274,2.36173,0,0,2.28967,1.98727,0,1.76888,3.38688
75.0171,85.139,1.2095,0.14,0.1,2.80767,3.11007,0,0.544451,4.47552,98.2148,98.274,3.45271,0,0,2.19421,1.89181,0,1.769,3.38688
73.2178,85.139,1.01251,0.14,0.1,2.80791,3.11031,0,0.526157,4.47552,97.8154,98.274,1.87876,0,0,2.19436,1.89196,0,1.69525,3.38688
71.7921,85.139,1.43821,0.17,0.1,2.80816,3.11056,0,0.526203,4.47552,97.5807,98.274,2.16416,0,0,2.19451,1.89211,0,1.69536,3.38688
72.2704,85.139,3.55817,0.16,0.1,2.80841,3.11081,0,0.52625,4.47552,98.0768,98.274,4.01886,0,0,2.19466,1.89226,0,1.69548,3.38688
72.0338,85.139,2.76587,0.15,0.1,2.72829,3.03069,0,0.526296,4.47552,98.0779,98.274,3.46752,0,0,2.10774,1.80534,0,1.6956,3.38688
72.3326,85.139,3.35942,0.15,0.1,2.72853,3.03093,0,0.511282,4.47552,98.2093,98.274,4.29625,0,0,2.10789,1.80549,0,1.62844,3.38688
73.172,85.139,3.95205,0.15,0.1,2.72878,3.03118,0,0.511327,4.47552,98.9865,98.274,5.9587,0,0,2.10803,1.80563,0,1.62855,3.38688
73.9574,85.139,3.91479,0.18,0.1,2.72902,3.03142,0,0.511373,4.47552,99.3022,98.274,5.51355,0,0,2.10818,1.80578,0,1.62866,3.38688
74.2366,85.139,3.18667,0.15,0.1,2.50094,2.80334,0,0.511418,4.47552,99.3022,98.274,3.87288,0,0,1.92692,1.62452,0,1.62878,3.38688
75.1376,85.139,3.77389,0.18,0.1,2.50116,2.80356,0,0.468676,4.47552,99.3022,98.274,5.76078,0,0,1.92705,1.62465,0,1.48874,3.38688
78.795,85.139,6.7295,0.21,0.1,2.50139,2.80379,0,0.468718,4.47552,99.3022,98.274,5.36112,0,0,1.92718,1.62478,0,1.48884,3.38688
80.8051,85.139,5.00992,0.21,0.1,2.50161,2.80401,0,0.46876,4.47552,99.3022,98.274,4.29618,0,0,1.92731,1.62491,0,1.48894,3.38688
82.2731,85.139,4.52791,0.18,0.1,2.50184,2.80424,0,0.468802,4.47552,99.3022,98.274,4.80269,0,0,1.92744,1.62504,0,1.48904,3.38688
84.681,85.139,5.73576,0.2,0.1,2.58991,2.89231,0,0.468844,4.47552,99.3022,98.274,3.93398,0,0,1.98012,1.67772,0,1.48914,3.38688
85.139,85.139,4.71147,0.18,0.1,2.59013,2.89253,0,0.48535,6.048,99.3022,98.274,3.50092,0,0,1.98024,1.67784,0,1.52984,3.38688
85.139,85.139,5.47805,0.14,0.1,2.59034,2.89274,0,0.48539,6.048,99.3022,98.274,4.28659,0,0,1.98036,1.67796,0,1.52993,3.38688
85.139,85.139,7.66017,0.14,0.1,2.59056,2.89296,0,0.48543,6.048,99.3022,98.274,4.87084,0,0,1.98049,1.67809,0,1.53003,3.38688
85.139,85.139,6.526,0.15,0.1,2.87297,3.17537,0,0.485471,6.048,99.3022,98.274,4.95089,0,0,2.17794,1.87554,0,1.53013,3.38688
85.139,85.139,4.66494,0.16,0.1,2.8732,3.1756,0,0.538394,6.048,99.3022,98.274,3.09641,0,0,2.17808,1.87568,0,1.68267,3.38688
85.139,85.139,5.08205,0.16,0.1,2.87344,3.17584,0,0.538438,6.048,99.0033,98.274,3.22038,0,0,2.17822,1.87582,0,1.68278,3.38688
85.139,85.139,3.85472,0.16,0.1,2.87368,3.17608,0,0.538483,6.048,98.8764,98.274,2.52787,0,0,2.17836,1.87596,0,1.68289,3.38688
85.139,85.139,10.0419,0.16,0.1,2.47129,2.77369,0,0.538527,6.048,99.3022,98.274,8.02009,0,0,1.91361,1.61121,0,1.683,3.38688
85.139,85.139,9.56117,0.19,0.1,2.4715,2.7739,0,0.463121,6.048,99.3022,98.274,10.1565,0,0,1.91373,1.61133,0,1.47845,3.38688
85.139,85.139,9.513,0.22,0.1,2.47171,2.77411,0,0.463159,6.048,99.3022,98.274,10.0653,0,0,1.91385,1.61145,0,1.47855,3.38688
85.139,85.139,7.53873,0.23,0.1,2.47191,2.77431,0,0.463198,6.048,99.3022,98.274,7.17382,0,0,1.91397,1.61157,0,1.47864,3.38688
85.139,85.139,8.99876,0.22,0.1,2.47212,2.77452,0,0.463237,6.048,99.3022,98.274,8.80775,0,0,1.91409,1.61169,0,1.47873,3.38688
85.139,85.139,7.71339,0.22,0.1,2.57371,2.87611,0,0.463275,6.048,99.3022,98.274,10.9249,0,0,1.97903,1.67663,0,1.47882,3.38688
85.139,85.139,8.58108,0.2,0.1,2.57392,2.87632,0,0.482313,6.048,99.3022,98.274,9.60716,0,0,1.97916,1.67676,0,1.529,3.38688
85.139,85.139,5.70508,0.2,0.1,2.57414,2.87654,0,0.482353,6.048,99.3022,98.274,6.84004,0,0,1.97928,1.67688,0,1.5291,3.38688
85.139,85.139,6.13596,0.2,0.1,2.57435,2.87675,0,0.482393,6.048,99.3022,98.274,7.29371,0,0,1.97941,1.67701,0,1.52919,3.38688
85.139,85.139,4.87919,0.19,0.1,2.53491,2.83731,0,0.482433,6.048,99.3022,98.274,4.84317,0,0,1.95435,1.65195,0,1.52929,3.38688
85.139,85.139,4.18008,0.16,0.1,2.53513,2.83753,0,0.475043,6.048,99.3022,98.274,3.53353,0,0,1.95447,1.65207,0,1.50993,3.38688
85.139,85.139,4.70534,0.15,0.1,2.53534,2.83774,0,0.475082,6.048,99.3022,98.274,3.32202,0,0,1.95459,1.65219,0,1.51002,3.38688
85.139,85.139,3.98638,0.15,0.1,2.53555,2.83795,0,0.475122,6.048,99.3022,98.274,3.26092,0,0,1.95472,1.65232,0,1.51012,3.38688
85.139,85.139,3.57902,0.16,0.1,2.67039,2.97279,0,0.475162,6.048,99.3022,98.274,2.89783,0,0,2.04418,1.74178,0,1.51021,3.38688
85.139,85.139,3.67778,0.14,0.1,2.67061,2.97301,0,0.500432,6.048,99.2948,98.274,2.79283,0,0,2.04431,1.74191,0,1.57933,3.38688
85.139,85.139,3.52077,0.13,0.1,2.67083,2.97323,0,0.500473,6.048,99.3014,98.274,2.98069,0,0,2.04444,1.74204,0,1.57943,3.38688
85.139,85.139,3.24616,0.11,0.1,2.67106,2.97346,0,0.500514,6.048,99.2617,98.274,2.80969,0,0,2.04457,1.74217,0,1.57953,3.38688
85.139,85.139,3.06565,0.11,0.1,2.67128,2.97368,0,0.500556,6.048,99.2034,98.274,2.82319,0,0,2.0447,1.7423,0,1.57963,3.38688
84.965,85.139,2.714,0.1,0.1,2.64486,2.94726,0,0.500597,6.048,99.0179,98.274,2.72718,0,0,2.09395,1.79155,0,1.57973,3.38688
84.6539,85.139,2.57667,0.15,0.1,2.64508,2.94748,0,0.495647,6.048,98.796,98.274,2.58354,0,0,2.09408,1.79168,0,1.61778,3.38688
84.1286,85.139,2.35723,0.15,0.1,2.6453,2.9477,0,0.495689,6.048,98.5646,98.274,2.58419,0,0,2.09421,1.79181,0,1.61789,3.38688
83.3888,85.139,2.12844,0.13,0.1,2.64552,2.94792,0,0.49573,6.048,98.2874,98.274,2.32169,0,0,2.09435,1.79195,0,1.61799,3.38688
82.6961,85.139,2.22542,0.11,0.1,2.71455,3.01695,0,0.495771,6.048,98.0411,98.274,2.39336,0,0,2.13827,1.83587,0,1.61809,3.38688
81.8603,85.139,2.04826,0.11,0.1,2.71477,3.01717,0,0.508706,6.048,97.68,98.274,2.35453,0,0,2.13841,1.83601,0,1.65203,3.38688
80.9042,85.139,1.91682,0.11,0.1,2.71499,3.01739,0,0.508748,6.048,97.2738,98.274,2.14872,0,0,2.13854,1.83614,0,1.65213,3.38688
79.9296,85.139,1.88389,0.11,0.1,2.71522,3.01762,0,0.50879,6.048,96.9149,98.274,2.31721,0,0,2.13868,1.83628,0,1.65224,3.38688
78.8791,85.139,1.96169,0.12,0.1,2.91699,3.21939,0,0.508832,6.048,96.3508,98.274,2.46468,0,0,2.29693,1.99453,0,1.65235,3.38688
77.2726,85.139,1.389,0.16,0.1,2.91723,3.21963,0,0.546644,6.048,95.8734,98.274,1.69783,0,0,2.29707,1.99467,0,1.7746,3.38688
75.8047,85.139,1.53955,0.16,0.1,2.91747,3.21987,0,0.546689,6.048,95.1519,98.274,2.0753,0,0,2.29722,1.99482,0,1.77472,3.38688
74.065,85.139,1.25484,0.15,0.1,2.91771,3.22011,0,0.546734,6.048,94.6609,98.274,1.48203,0,0,2.29737,1.99497,0,1.77483,3.38688
72.6212,85.139,1.52911,0.15,0.1,2.91795,3.22035,0,0.546779,6.048,94.4464,98.274,2.66322,0,0,2.29752,1.99512,0,1.77495,3.38688
72.565,85.139,2.8955,0.17,0.1,2.81993,3.12233,0,0.546824,6.048,95.0435,98.274,4.06036,0,0,2.20167,1.89927,0,1.77506,3.38688
71.891,85.139,2.39781,0.17,0.1,2.82016,3.12256,0,0.528454,6.048,95.3568,98.274,3.63869,0,0,2.20181,1.89941,0,1.70101,3.38688
70.5237,85.139,1.58704,0.17,0.1,2.82039,3.12279,0,0.528498,6.048,95.4002,98.274,2.47087,0,0,2.20195,1.89955,0,1.70112,3.38688
70.4591,85.139,2.96454,0.16,0.1,2.82062,3.12302,0,0.528542,6.048,95.9108,98.274,3.71405,0,0,2.20209,1.89969,0,1.70123,3.38688
72.106,85.139,4.73791,0.16,0.1,2.74018,3.04258,0,0.528585,6.048,97.1673,98.274,6.36369,0,0,2.11482,1.81242,0,1.70134,3.38688
72.798,85.139,3.85147,0.15,0.1,2.7404,3.0428,0,0.513509,6.048,98.2746,98.274,5.96935,0,0,2.11496,1.81256,0,1.63391,3.38688
72.5649,85.139,2.90321,0.16,0.1,2.74063,3.04303,0,0.513551,6.048,99.2248,98.274,4.62039,0,0,2.11509,1.81269,0,1.63402,3.38688
73.3272,85.139,3.89345,0.18,0.1,2.74086,3.04326,0,0.513594,6.048,99.3022,98.274,5.35925,0,0,2.11523,1.81283,0,1.63412,3.38688
73.9905,85.139,3.67256,0.19,0.1,2.51187,2.81427,0,0.513636,6.048,99.3022,98.274,4.03396,0,0,1.93326,1.63086,0,1.63422,3.38688
76.6561,85.139,5.85846,0.19,0.1,2.51208,2.81448,0,0.470725,6.048,99.3022,98.274,7.92137,0,0,1.93338,1.63098,0,1.49363,3.38688
80.4279,85.139,7.09542,0.21,0.1,2.51229,2.81469,0,0.470764,6.048,99.3022,98.274,6.24684,0,0,1.9335,1.6311,0,1.49373,3.38688
84.2499,85.139,7.17877,0.18,0.1,2.5125,2.8149,0,0.470804,6.048,99.3022,98.274,13.018,0,0,1.93362,1.63122,0,1.49382,3.38688
85.139,85.139,4.46947,0.19,0.1,2.51271,2.81511,0,0.470843,6.048,99.3022,98.274,5.93856,0,0,1.93374,1.63134,0,1.49392,3.38688
85.139,85.139,5.32642,0.16,0.1,2.60111,2.90351,0,0.470882,6.048,99.3022,98.274,5.19159,0,0,1.98661,1.68421,0,1.49401,3.38688
85.139,85.139,7.79018,0.16,0,2.60132,2.90372,0,0.487449,6.048,99.3022,98.274,6.4355,0,0,1.98673,1.68433,0,1.53486,3.38688
85.139,85.139,5.41909,0.16,0,2.60152,2.90392,0,0.487487,6.048,99.3022,98.274,5.14886,0,0,1.98685,1.68445,0,1.53495,3.38688
85.139,85.139,5.87981,0.15,0,2.60172,2.90412,0,0.487524,6.048,99.3022,98.274,6.21908,0,0,1.98696,1.68456,0,1.53504,3.38688
85.139,85.139,7.05489,0.16,0,2.8852,3.1876,0,0.487562,6.048,99.3022,98.274,6.62799,0,0,2.18516,1.88276,0,1.53513,3.38688
85.139,85.139,4.37435,0.17,0,2.88542,3.18782,0,0.540686,6.048,99.3022,98.274,5.82631,0,0,2.18529,1.88289,0,1.68826,3.38688
85.139,85.139,6.27319,0.17,0,2.88564,3.18804,0,0.540728,6.048,99.3022,98.274,7.01214,0,0,2.18542,1.88302,0,1.68836,3.38688
85.139,85.139,5.50197,0.17,0,2.88586,3.18826,0,0.540769,6.048,99.3022,98.274,5.05224,0,0,2.18555,1.88315,0,1.68846,3.38688
85.139,85.139,7.69483,0.19,0,2.48192,2.78432,0,0.54081,6.048,99.3022,98.274,9.33958,0,0,1.91978,1.61738,0,1.68856,3.38688
85.139,85.139,10.4313,0.22,0,2.48211,2.78451,0,0.465112,6.048,99.3022,98.274,16.3921,0,0,1.91989,1.61749,0,1.48322,3.38688
85.139,85.139,8.62364,0.23,0,2.48231,2.78471,0,0.465148,6.048,99.3022,98.274,12.3118,0,0,1.92,1.6176,0,1.48331,3.38688
85.139,85.139,7.13905,0.23,0,2.4825,2.7849,0,0.465184,6.048,99.3022,98.274,10.5506,0,0,1.92012,1.61772,0,1.4834,3.38688
85.139,85.139,7.08187,0.22,0,2.48269,2.78509,0,0.46522,6.048,99.3022,98.274,10.4738,0,0,1.92023,1.61783,0,1.48348,3.38688
85.139,85.139,10.0199,0.22,0,2.58465,2.88705,0,0.465256,6.048,99.3022,98.274,14.8676,0,0,1.98541,1.68301,0,1.48357,3.38688
85.139,85.139,6.49633,0.21,0,2.58485,2.88725,0,0.484364,6.048,99.3022,98.274,10.8959,0,0,1.98553,1.68313,0,1.53393,3.38688
85.139,85.139,5.36095,0.2,0,2.58505,2.88745,0,0.484401,6.048,99.3022,98.274,9.919,0,0,1.98565,1.68325,0,1.53402,3.38688
85.139,85.139,4.72202,0.2,0,2.58525,2.88765,0,0.484439,6.048,99.3022,98.274,9.12096,0,0,1.98576,1.68336,0,1.53411,3.38688
85.139,85.139,5.49941,0.19,0,2.54565,2.84805,0,0.484476,6.048,99.3022,98.274,8.58624,0,0,1.9606,1.6582,0,1.5342,3.38688
85.139,85.139,5.25897,0.16,0,2.54585,2.84825,0,0.477055,6.048,99.3022,98.274,7.36295,0,0,1.96071,1.65831,0,1.51476,3.38688
85.139,85.139,4.97944,0.16,0,2.54604,2.84844,0,0.477092,6.048,99.3022,98.274,6.35144,0,0,1.96083,1.65843,0,1.51485,3.38688
85.139,85.139,4.58014,0.16,0,2.54624,2.84864,0,0.477129,6.048,99.3022,98.274,5.92619,0,0,1.96094,1.65854,0,1.51494,3.38688
85.139,85.139,4.28921,0.16,0,2.68158,2.98398,0,0.477166,6.048,99.3022,98.274,5.47056,0,0,2.05073,1.74833,0,1.51502,3.38688
85.139,85.139,4.12165,0.14,0,2.68179,2.98419,0,0.502528,6.048,99.3022,98.274,5.95606,0,0,2.05085,1.74845,0,1.5844,3.38688
85.139,85.139,3.79524,0.13,0,2.68199,2.98439,0,0.502567,6.048,99.3022,98.274,4.99945,0,0,2.05097,1.74857,0,1.58449,3.38688
85.139,85.139,3.45576,0.12,0,2.6822,2.9846,0,0.502605,6.048,99.3022,98.274,4.20691,0,0,2.0511,1.7487,0,1.58458,3.38688
85.139,85.139,3.05116,0.11,0,2.68241,2.98481,0,0.502644,6.048,99.3022,98.274,4.33327,0,0,2.05122,1.74882,0,1.58468,3.38688
85.139,85.139,3.57201,0.11,0,2.65588,2.95828,0,0.502683,6.048,99.3022,98.274,3.34469,0,0,2.10064,1.79824,0,1.58477,3.38688
85.139,85.139,3.50021,0.1,0,2.65608,2.95848,0,0.497711,6.048,99.2237,98.274,2.87256,0,0,2.10077,1.79837,0,1.62296,3.38688
85.139,85.139,3.3334,0.09,0,2.65629,2.95869,0,0.49775,6.048,99.1005,98.274,2.81182,0,0,2.10089,1.79849,0,1.62305,3.38688
85.139,85.139,3.14565,0.09,0,2.65649,2.95889,0,0.497788,6.048,98.9288,98.274,2.82677,0,0,2.10102,1.79862,0,1.62315,3.38688
85.139,85.139,3.1211,0.08,0,2.72576,3.02816,0,0.497827,6.048,98.7136,98.274,2.73924,0,0,2.14509,1.84269,0,1.62324,3.38688
85.139,85.139,3.24351,0.09,0,2.72597,3.02837,0,0.510807,6.048,98.4508,98.274,2.78513,0,0,2.14522,1.84282,0,1.6573,3.38688
85.139,85.139,2.92421,0.09,0,2.72618,3.02858,0,0.510846,6.048,98.1447,98.274,2.69239,0,0,2.14535,1.84295,0,1.6574,3.38688
84.9261,85.139,2.66546,0.1,0,2.72639,3.02879,0,0.510885,6.048,97.8122,98.274,2.48185,0,0,2.14548,1.84308,0,1.6575,3.38688
84.2176,85.139,2.31876,0.12,0,2.92889,3.23129,0,0.510925,6.048,97.4707,98.274,2.46659,0,0,2.3043,2.0019,0,1.6576,3.38688
83.2431,85.139,2.03998,0.12,0,2.92911,3.23151,0,0.548874,6.048,97.0578,98.274,2.20318,0,0,2.30443,2.00203,0,1.7803,3.38688
82.0557,85.139,1.80917,0.13,0,2.92934,3.23174,0,0.548916,6.048,96.5912,98.274,2.05538,0,0,2.30457,2.00217,0,1.78041,3.38688
81.0807,85.139,2.01414,0.13,0,2.92956,3.23196,0,0.548958,6.048,96.1381,98.274,2.12217,0,0,2.30471,2.00231,0,1.78051,3.38688
81.2423,85.139,3.22944,0.13,0,2.92978,3.23218,0,0.549,6.048,95.8058,98.274,2.55323,0,0,2.30485,2.00245,0,1.78062,3.38688
82.3063,85.139,4.08139,0.13,0,2.83138,3.13378,0,0.549041,6.048,95.7079,98.274,3.03685,0,0,2.20864,1.90624,0,1.78073,3.38688
83.2698,85.139,3.99229,0.13,0,2.8316,3.134,0,0.530601,6.048,95.9929,98.274,4.42566,0,0,2.20877,1.90637,0,1.70639,3.38688
84.3429,85.139,4.14746,0.13,0,2.83182,3.13422,0,0.530642,6.048,96.3044,98.274,4.30029,0,0,2.2089,1.9065,0,1.70649,3.38688
85.139,85.139,4.32112,0.14,0,2.83203,3.13443,0,0.530682,6.048,96.43,98.274,3.92031,0,0,2.20903,1.90663,0,1.7066,3.38688
85.139,85.139,3.68983,0.13,0,2.75128,3.05368,0,0.530723,6.048,96.7312,98.274,4.15216,0,0,2.12143,1.81903,0,1.7067,3.38688
84.6847,85.139,2.69979,0.13,0,2.75149,3.05389,0,0.515589,6.048,96.8877,98.274,3.45395,0,0,2.12156,1.81916,0,1.63902,3.38688
84.8557,85.139,3.27594,0.15,0,2.7517,3.0541,0,0.515629,6.048,97.2348,98.274,4.56754,0,0,2.12169,1.81929,0,1.63912,3.38688
84.7188,85.139,3.00299,0.15,0,2.75191,3.05431,0,0.515668,6.048,97.5923,98.274,4.2312,0,0,2.12181,1.81941,0,1.63921,3.38688
84.9929,85.139,3.22065,0.14,0,2.52208,2.82448,0,0.515708,6.048,97.8762,98.274,3.41535,0,0,1.93917,1.63677,0,1.63931,3.38688
85.0658,85.139,3.00597,0.16,0,2.52228,2.82468,0,0.472638,6.048,98.0861,98.274,2.91399,0,0,1.93928,1.63688,0,1.4982,3.38688
85.139,85.139,3.30307,0.18,0,2.52247,2.82487,0,0.472675,6.048,98.378,98.274,3.22532,0,0,1.9394,1.637,0,1.49829,3.38688
85.139,85.139,7.4181,0.15,0,2.52267,2.82507,0,0.472711,6.048,99.3022,98.274,6.58636,0,0,1.93951,1.63711,0,1.49838,3.38688
85.139,85.139,10.3929,0.17,0,2.52286,2.82526,0,0.472748,6.048,99.3022,98.274,9.98684,0,0,1.93962,1.63722,0,1.49847,3.38688
85.139,85.139,10.3674,0.21,0,2.52286,2.82526,0,0.472785,6.048,99.3022,98.274,6.18613,0,0,1.93962,1.63722,0,1.49855,3.38688
85.139,85.139,7.1776,0.26,0,2.61157,2.91397,0,0.472785,6.048,99.3022,98.274,4.9046,0,0,1.99268,1.69028,0,1.49855,3.38688
85.139,85.139,6.92145,0.26,0,2.61176,2.91416,0,0.489408,6.048,99.3022,98.274,4.34632,0,0,1.99279,1.69039,0,1.53954,3.38688
85.139,85.139,6.92842,0.25,0,2.61194,2.91434,0,0.489443,6.048,99.3022,98.274,4.67671,0,0,1.99289,1.69049,0,1.53963,3.38688
85.139,85.139,6.84337,0.25,0,2.61213,2.91453,0,0.489478,6.048,99.3022,98.274,4.94763,0,0,1.993,1.6906,0,1.53971,3.38688
85.139,85.139,11.0881,0.25,0,2.89661,3.19901,0,0.489513,6.048,99.3022,98.274,6.04239,0,0,2.1919,1.8895,0,1.53979,3.38688
85.139,85.139,9.29891,0.25,0,2.89682,3.19922,0,0.542825,6.048,99.3022,98.274,4.87881,0,0,2.19202,1.88962,0,1.69346,3.38688
85.139,85.139,10.9688,0.25,0,2.89702,3.19942,0,0.542863,6.048,99.3022,98.274,5.99465,0,0,2.19214,1.88974,0,1.69356,3.38688
85.139,85.139,14.0492,0.25,0,2.89723,3.19963,0,0.542902,6.048,99.3022,98.274,8.9983,0,0,2.19227,1.88987,0,1.69365,3.38688
85.139,85.139,6.27874,0.25,0,2.49183,2.79423,0,0.54294,6.048,99.3022,98.274,3.88551,0,0,1.92554,1.62314,0,1.69374,3.38688
85.139,85.139,6.88772,0.25,0,2.49201,2.79441,0,0.466969,6.048,99.3022,98.274,6.28345,0,0,1.92564,1.62324,0,1.48767,3.38688
85.139,85.139,4.67335,0.25,0,2.49219,2.79459,0,0.467003,6.048,99.3022,98.274,3.8317,0,0,1.92575,1.62335,0,1.48775,3.38688
85.139,85.139,5.37281,0.25,0,2.49237,2.79477,0,0.467036,6.048,99.3022,98.274,7.89814,0,0,1.92585,1.62345,0,1.48783,3.38688
85.139,85.139,5.91254,0.24,0,2.49255,2.79495,0,0.46707,6.048,99.3022,98.274,5.33015,0,0,1.92595,1.62355,0,1.48791,3.38688
85.139,85.139,7.7803,0.23,0,2.59485,2.89725,0,0.467103,6.048,99.3022,98.274,8.86193,0,0,1.99136,1.68896,0,1.48799,3.38688
85.139,85.139,6.74234,0.2,0,2.59504,2.89744,0,0.486276,6.048,99.3022,98.274,5.71087,0,0,1.99147,1.68907,0,1.53852,3.38688
85.139,85.139,5.47541,0.2,0,2.59523,2.89763,0,0.486311,6.048,99.3022,98.274,4.79221,0,0,1.99158,1.68918,0,1.53861,3.38688
85.139,85.139,5.00592,0.19,0,2.59541,2.89781,0,0.486345,6.048,99.3022,98.274,4.25647,0,0,1.99168,1.68928,0,1.53869,3.38688
85.139,85.139,3.70739,0.17,0,2.55566,2.85806,0,0.48638,6.048,99.3022,98.274,3.45549,0,0,1.96642,1.66402,0,1.53878,3.38688
85.139,85.139,3.58822,0.16,0,2.55584,2.85824,0,0.47893,6.048,99.3022,98.274,3.03461,0,0,1.96653,1.66413,0,1.51926,3.38688
85.139,85.139,3.10533,0.16,0,2.55602,2.85842,0,0.478964,6.048,99.2179,98.274,3.04408,0,0,1.96664,1.66424,0,1.51934,3.38688
84.9364,85.139,2.66138,0.16,0,2.55621,2.85861,0,0.478999,6.048,99.0961,98.274,3.02588,0,0,1.96674,1.66434,0,1.51942,3.38688
84.9189,85.139,3.00624,0.2,0,2.692,2.9944,0,0.479033,6.048,98.9374,98.274,3.11407,0,0,2.05684,1.75444,0,1.51951,3.38688
84.6738,85.139,2.76855,0.19,0,2.69219,2.99459,0,0.504481,6.048,98.7183,98.274,2.56517,0,0,2.05695,1.75455,0,1.58911,3.38688
84.1947,85.139,2.52123,0.18,0,2.69238,2.99478,0,0.504517,6.048,98.5123,98.274,2.14802,0,0,2.05706,1.75466,0,1.5892,3.38688
83.4487,85.139,2.2256,0.17,0,2.69258,2.99498,0,0.504553,6.048,98.1876,98.274,2.22463,0,0,2.05718,1.75478,0,1.58929,3.38688
82.8152,85.139,2.28559,0.16,0,2.69277,2.99517,0,0.504589,6.048,97.7718,98.274,2.20527,0,0,2.05729,1.75489,0,1.58937,3.38688
82.1433,85.139,2.21258,0.15,0,2.66613,2.96853,0,0.504625,6.048,97.2401,98.274,2.04781,0,0,2.10688,1.80448,0,1.58946,3.38688
81.2888,85.139,2.02069,0.15,0,2.66632,2.96872,0,0.499633,6.048,96.7089,98.274,1.83956,0,0,2.10699,1.80459,0,1.62777,3.38688
80.3011,85.139,1.85381,0.13,0,2.66651,2.96891,0,0.499669,6.048,96.1625,98.274,1.79763,0,0,2.10711,1.80471,0,1.62786,3.38688
79.3106,85.139,1.81515,0.12,0,2.6667,2.9691,0,0.499705,6.048,95.6632,98.274,1.87495,0,0,2.10722,1.80482,0,1.62795,3.38688
78.0698,85.139,1.63972,0.19,0,2.73619,3.03859,0,0.49974,6.048,95.0421,98.274,1.86432,0,0,2.15144,1.84904,0,1.62804,3.38688
76.7401,85.139,1.51958,0.17,0,2.73639,3.03879,0,0.512762,6.048,94.2717,98.274,1.77962,0,0,2.15156,1.84916,0,1.66221,3.38688
75.2915,85.139,1.38362,0.16,0,2.73658,3.03898,0,0.512799,6.048,93.9125,98.274,1.57846,0,0,2.15168,1.84928,0,1.6623,3.38688
74.0903,85.139,1.61332,0.16,0,2.73678,3.03918,0,0.512835,6.048,93.1733,98.274,2.21303,0,0,2.1518,1.8494,0,1.66239,3.38688
71.9563,85.139,0.849319,0.16,0,2.93996,3.24236,0,0.512872,6.048,92.2622,98.274,1.53927,0,0,2.31115,2.00875,0,1.66248,3.38688
69.764,85.139,0.773288,0.19,0,2.94016,3.24256,0,0.550948,6.048,91.5465,98.274,1.44574,0,0,2.31128,2.00888,0,1.7856,3.38688
67.9418,85.139,1.15934,0.19,0,2.94037,3.24277,0,0.550987,6.048,90.884,98.274,1.69445,0,0,2.31141,2.00901,0,1.7857,3.38688
66.563,85.139,1.62413,0.22,0,2.94058,3.24298,0,0.551026,6.048,90.4719,98.274,1.8948,0,0,2.31154,2.00914,0,1.7858,3.38688
64.6287,85.139,1.03161,0.22,0,2.94079,3.24319,0,0.551065,6.048,89.5566,98.274,1.96942,0,0,2.31167,2.00927,0,1.7859,3.38688
62.7374,85.139,0.957993,0.22,0,2.84204,3.14444,0,0.551104,6.048,88.5105,98.274,1.15455,0,0,2.21512,1.91272,0,1.78599,3.38688
60.7109,85.139,0.798094,0.22,0,2.84224,3.14464,0,0.532597,6.048,87.6155,98.274,1.03134,0,0,2.21524,1.91284,0,1.7114,3.38688
59.2609,85.139,1.47781,0.26,0,2.84244,3.14484,0,0.532635,6.048,87.1531,98.274,1.46161,0,0,2.21536,1.91296,0,1.71149,3.38688
59.064,85.139,2.84769,0.26,0,2.84264,3.14504,0,0.532673,6.048,86.4552,98.274,2.10775,0,0,2.21548,1.91308,0,1.71159,3.38688
57.2055,85.139,1.03339,0.25,0,2.76159,3.06399,0,0.532711,6.048,86.2009,98.274,1.21126,0,0,2.12758,1.82518,0,1.71168,3.38688
56.4573,85.139,2.17145,0.25,0,2.76179,3.06419,0,0.517522,6.048,86.0053,98.274,2.41694,0,0,2.1277,1.8253,0,1.64377,3.38688
57.8196,85.139,4.43065,0.31,0,2.76199,3.06439,0,0.517559,6.048,86.4085,98.274,4.8572,0,0,2.12781,1.82541,0,1.64386,3.38688
58.4403,85.139,3.58713,0.27,0,2.76218,3.06458,0,0.517596,6.048,86.5588,98.274,3.60499,0,0,2.12793,1.82553,0,1.64395,3.38688
59.1176,85.139,3.50786,0.28,0,2.53157,2.83397,0,0.517633,6.048,86.501,98.274,2.73671,0,0,1.94467,1.64227,0,1.64404,3.38688
60.722,85.139,4.50562,0.29,0,2.53175,2.83415,0,0.474415,6.048,86.5391,98.274,3.29498,0,0,1.94477,1.64237,0,1.50245,3.38688
62.1679,85.139,4.47094,0.3,0,2.53193,2.83433,0,0.474449,6.048,86.6735,98.274,3.41357,0,0,1.94488,1.64248,0,1.50253,3.38688
66.7623,85.139,7.78905,0.31,0,2.53211,2.83451,0,0.474483,6.048,88.0489,98.274,7.60298,0,0,1.94498,1.64258,0,1.50261,3.38688
68.6321,85.139,4.97469,0.3,0,2.53229,2.83469,0,0.474517,6.048,88.4317,98.274,4.87911,0,0,1.94509,1.64269,0,1.50269,3.38688
69.218,85.139,3.50281,0.26,0,2.62128,2.92368,0,0.474551,6.048,88.942,98.274,5.03725,0,0,1.99831,1.69591,0,1.50278,3.38688
71.6293,85.139,5.50441,0.27,0,2.62145,2.92385,0,0.491228,6.048,89.7001,98.274,5.34453,0,0,1.99841,1.69601,0,1.54389,3.38688
72.97,85.139,4.37301,0.3,0,2.62162,2.92402,0,0.49126,6.048,90.1681,98.274,4.2475,0,0,1.99851,1.69611,0,1.54397,3.38688
73.4134,85.139,3.36993,0.32,0,2.6218,2.9242,0,0.491292,6.048,90.5031,98.274,3.73552,0,0,1.99861,1.69621,0,1.54405,3.38688
73.8049,85.139,3.5885,0.33,0,2.90721,3.20961,0,0.491325,6.048,90.6687,98.274,3.92042,0,0,2.19816,1.89576,0,1.54413,3.38688
74.7321,85.139,4.17697,0.26,0,2.90739,3.20979,0,0.54481,6.048,90.9554,98.274,4.89905,0,0,2.19827,1.89587,0,1.6983,3.38688
76.8026,85.139,5.43531,0.27,0,2.90758,3.20998,0,0.544846,6.048,91.2231,98.274,5.17736,0,0,2.19838,1.89598,0,1.69838,3.38688
77.9071,85.139,4.38228,0.3,0,2.90777,3.21017,0,0.544881,6.048,91.5148,98.274,4.56645,0,0,2.1985,1.8961,0,1.69847,3.38688
80.9202,85.139,6.11274,0.31,0,2.50103,2.80343,0,0.544917,6.048,92.0076,98.274,5.29284,0,0,1.93088,1.62848,0,1.69856,3.38688
82.8387,85.139,4.9929,0.26,0,2.50119,2.80359,0,0.468693,6.048,92.3758,98.274,4.37212,0,0,1.93098,1.62858,0,1.4918,3.38688
85.139,85.139,6.82446,0.27,0,2.50136,2.80376,0,0.468724,6.048,93.1682,98.274,6.22528,0,0,1.93107,1.62867,0,1.49187,3.38688
85.139,85.139,8.54924,0.22,0,2.50152,2.80392,0,0.468755,6.048,94.1354,98.274,7.32545,0,0,1.93117,1.62877,0,1.49195,3.38688
85.139,85.139,9.20695,0.21,0,2.50169,2.80409,0,0.468786,6.048,96.1306,98.274,9.43531,0,0,1.93126,1.62886,0,1.49202,3.38688
85.139,85.139,9.22372,0.22,0,2.60432,2.90672,0,0.468817,6.048,97.4691,98.274,7.64637,0,0,1.99688,1.69448,0,1.49209,3.38688
85.139,85.139,5.83271,0.2,0,2.60449,2.90689,0,0.488049,6.048,97.9911,98.274,5.10622,0,0,1.99697,1.69457,0,1.54279,3.38688
85.139,85.139,4.66609,0.2,0,2.60466,2.90706,0,0.488081,6.048,98.2831,98.274,4.5131,0,0,1.99707,1.69467,0,1.54286,3.38688
85.139,85.139,4.25705,0.19,0,2.60483,2.90723,0,0.488113,6.048,98.6141,98.274,4.7705,0,0,1.99717,1.69477,0,1.54294,3.38688
85.139,85.139,4.34826,0.17,0,2.56493,2.86733,0,0.488145,6.048,99.1637,98.274,5.39176,0,0,1.97182,1.66942,0,1.54302,3.38688
85.139,85.139,4.06717,0.16,0,2.5651,2.8675,0,0.480668,6.048,99.3022,98.274,4.68454,0,0,1.97192,1.66952,0,1.52343,3.38688
85.139,85.139,3.71726,0.16,0,2.56527,2.86767,0,0.4807,6.048,99.3022,98.274,4.40643,0,0,1.97202,1.66962,0,1.52351,3.38688
85.139,85.139,3.48354,0.16,0,2.56544,2.86784,0,0.480731,6.048,99.3022,98.274,4.49522,0,0,1.97212,1.66972,0,1.52358,3.38688
84.79,85.139,2.68897,0.15,0,2.70166,3.00406,0,0.480763,6.048,99.3022,98.274,4.06076,0,0,2.0625,1.7601,0,1.52366,3.38688
84.3348,85.139,2.47525,0.19,0,2.70183,3.00423,0,0.50629,6.048,99.3022,98.274,3.80835,0,0,2.0626,1.7602,0,1.59348,3.38688
83.6513,85.139,2.22694,0.18,0,2.70201,3.00441,0,0.506324,6.048,99.232,98.274,3.19199,0,0,2.0627,1.7603,0,1.59356,3.38688
82.9071,85.139,2.14899,0.17,0,2.70219,3.00459,0,0.506357,6.048,99.0096,98.274,2.91257,0,0,2.06281,1.76041,0,1.59364,3.38688
82.6127,85.139,2.63717,0.16,0,2.70236,3.00476,0,0.50639,6.048,98.907,98.274,3.13806,0,0,2.06291,1.76051,0,1.59373,3.38688
82.6474,85.139,2.95333,0.15,0,2.67563,2.97803,0,0.506423,6.048,98.9416,98.274,3.36229,0,0,2.11265,1.81025,0,1.59381,3.38688
82.5432,85.139,2.79569,0.15,0,2.6758,2.9782,0,0.501413,6.048,98.8859,98.274,3.19401,0,0,2.11276,1.81036,0,1.63223,3.38688
82.2474,85.139,2.59491,0.13,0,2.67598,2.97838,0,0.501446,6.048,98.7442,98.274,2.97678,0,0,2.11286,1.81046,0,1.63231,3.38688
81.805,85.139,2.42725,0.12,0,2.67616,2.97856,0,0.501479,6.048,98.5728,98.274,2.72895,0,0,2.11297,1.81057,0,1.6324,3.38688
81.2648,85.139,2.36728,0.13,0,2.74585,3.04825,0,0.501512,6.048,98.4212,98.274,2.61791,0,0,2.15732,1.85492,0,1.63248,3.38688
80.6126,85.139,2.23288,0.12,0,2.74603,3.04843,0,0.514572,6.048,98.1815,98.274,2.68254,0,0,2.15743,1.85503,0,1.66675,3.38688
79.8281,85.139,2.0897,0.12,0,2.74621,3.04861,0,0.514606,6.048,97.8862,98.274,2.44559,0,0,2.15754,1.85514,0,1.66683,3.38688
79.022,85.139,2.05341,0.11,0,2.74639,3.04879,0,0.514639,6.048,97.6484,98.274,2.64278,0,0,2.15765,1.85525,0,1.66691,3.38688
78.2419,85.139,2.21914,0.14,0,2.9502,3.2526,0,0.514673,6.048,97.3599,98.274,2.562,0,0,2.3175,2.0151,0,1.667,3.38688
77.6561,85.139,2.41904,0.15,0,2.95039,3.25279,0,0.552867,6.048,97.1455,98.274,2.75871,0,0,2.31762,2.01522,0,1.7905,3.38688
76.6246,85.139,1.99524,0.15,0,2.95058,3.25298,0,0.552903,6.048,96.7651,98.274,2.21251,0,0,2.31773,2.01533,0,1.79059,3.38688
75.936,85.139,2.30725,0.15,0,2.95077,3.25317,0,0.552939,6.048,96.708,98.274,3.28921,0,0,2.31785,2.01545,0,1.79068,3.38688
74.6486,85.139,1.67443,0.15,0,2.95096,3.25336,0,0.552974,6.048,96.2653,98.274,2.53192,0,0,2.31797,2.01557,0,1.79077,3.38688
72.9294,85.139,1.1399,0.12,0,2.85188,3.15428,0,0.55301,6.048,95.8948,98.274,2.09896,0,0,2.22111,1.91871,0,1.79087,3.38688
71.726,85.139,1.68267,0.15,0,2.85207,3.15447,0,0.534443,6.048,95.6284,98.274,2.48898,0,0,2.22122,1.91882,0,1.71603,3.38688
71.08,85.139,2.34701,0.15,0,2.85226,3.15466,0,0.534478,6.048,95.7829,98.274,4.02001,0,0,2.22133,1.91893,0,1.71611,3.38688
70.1172,85.139,2.05922,0.15,0,2.85244,3.15484,0,0.534513,6.048,95.6428,98.274,2.79973,0,0,2.22145,1.91905,0,1.7162,3.38688
69.8137,85.139,2.76326,0.14,0,2.77113,3.07353,0,0.534548,6.048,96.2393,98.274,5.09244,0,0,2.13326,1.83086,0,1.71629,3.38688
71.1602,85.139,4.66995,0.15,0,2.77131,3.07371,0,0.519309,6.048,97.0036,98.274,5.53847,0,0,2.13337,1.83097,0,1.64816,3.38688
71.354,85.139,3.43828,0.16,0,2.77149,3.07389,0,0.519343,6.048,97.6273,98.274,5.2667,0,0,2.13348,1.83108,0,1.64824,3.38688
71.9674,85.139,3.88686,0.18,0,2.77167,3.07407,0,0.519377,6.048,98.501,98.274,5.72641,0,0,2.13358,1.83118,0,1.64832,3.38688
71.7366,85.139,2.94053,0.21,0,2.54033,2.84273,0,0.519411,6.048,99.3022,98.274,5.63933,0,0,1.94974,1.64734,0,1.64841,3.38688
70.5887,85.139,1.85241,0.22,0,2.54049,2.84289,0,0.476057,6.048,99.3022,98.274,3.64694,0,0,1.94984,1.64744,0,1.50637,3.38688
69.4322,85.139,1.92498,0.23,0,2.54066,2.84306,0,0.476088,6.048,99.3022,98.274,3.72275,0,0,1.94994,1.64754,0,1.50645,3.38688
68.9836,85.139,2.69425,0.25,0,2.54083,2.84323,0,0.47612,6.048,99.3022,98.274,4.68999,0,0,1.95004,1.64764,0,1.50652,3.38688
70.0945,85.139,4.25158,0.25,0,2.541,2.8434,0,0.476151,6.048,99.3022,98.274,4.76597,0,0,1.95013,1.64773,0,1.5066,3.38688
75.0671,85.139,8.28532,0.24,0,2.63024,2.93264,0,0.476183,6.048,99.3022,98.274,4.75065,0,0,2.00351,1.70111,0,1.50667,3.38688
77.8261,85.139,5.97735,0.19,0,2.6304,2.9328,0,0.492908,6.048,99.3022,98.274,3.87429,0,0,2.0036,1.7012,0,1.54791,3.38688
80.2862,85.139,5.61438,0.21,0,2.63056,2.93296,0,0.492937,6.048,99.2194,98.274,3.62236,0,0,2.00369,1.70129,0,1.54798,3.38688
84.2211,85.139,7.1282,0.17,0,2.63072,2.93312,0,0.492967,6.048,99.3022,98.274,4.45668,0,0,2.00378,1.70138,0,1.54805,3.38688
85.139,85.139,6.24231,0.18,0,2.91698,3.21938,0,0.492996,6.048,99.217,98.274,3.40734,0,0,2.20393,1.90153,0,1.54812,3.38688
85.139,85.139,6.06083,0.13,0,2.91715,3.21955,0,0.546642,6.048,99.0332,98.274,3.51373,0,0,2.20404,1.90164,0,1.70276,3.38688
85.139,85.139,8.0538,0.15,0,2.91733,3.21973,0,0.546675,6.048,98.8757,98.274,3.66038,0,0,2.20414,1.90174,0,1.70284,3.38688
85.139,85.139,6.49419,0.17,0,2.9175,3.2199,0,0.546707,6.048,98.837,98.274,4.31002,0,0,2.20424,1.90184,0,1.70292,3.38688
85.139,85.139,5.55519,0.17,0,2.50951,2.81191,0,0.54674,6.048,98.4686,98.274,2.51961,0,0,1.93581,1.63341,0,1.703,3.38688
85.139,85.139,5.2317,0.19,0,2.50966,2.81206,0,0.470282,6.048,98.2227,98.274,2.47687,0,0,1.93589,1.63349,0,1.4956,3.38688
85.139,85.139,5.20069,0.2,0,2.50981,2.81221,0,0.470311,6.048,98.1072,98.274,2.45979,0,0,1.93598,1.63358,0,1.49567,3.38688
85.139,85.139,6.90824,0.21,0,2.50996,2.81236,0,0.470339,6.048,98.4998,98.274,3.91176,0,0,1.93607,1.63367,0,1.49574,3.38688
85.139,85.139,11.3407,0.21,0,2.51012,2.81252,0,0.470367,6.048,99.3022,98.274,5.70146,0,0,1.93616,1.63376,0,1.49581,3.38688
85.139,85.139,11.1964,0.21,0,2.61304,2.91544,0,0.470396,6.048,99.3022,98.274,4.31766,0,0,2.00196,1.69956,0,1.49588,3.38688
85.139,85.139,6.8293,0.2,0,2.61319,2.91559,0,0.489683,6.048,99.2199,98.274,3.00286,0,0,2.00205,1.69965,0,1.54671,3.38688
85.139,85.139,5.72201,0.19,0,2.61335,2.91575,0,0.489713,6.048,99.1099,98.274,2.75951,0,0,2.00214,1.69974,0,1.54678,3.38688
85.139,85.139,5.28265,0.19,0,2.61351,2.91591,0,0.489742,6.048,99.1039,98.274,2.7362,0,0,2.00223,1.69983,0,1.54685,3.38688
85.139,85.139,5.78011,0.17,0,2.57347,2.87587,0,0.489771,6.048,99.3022,98.274,3.72689,0,0,1.9768,1.6744,0,1.54693,3.38688
85.139,85.139,5.24994,0.16,0,2.57363,2.87603,0,0.482269,6.048,99.3022,98.274,3.23407,0,0,1.97689,1.67449,0,1.52727,3.38688
85.139,85.139,5.06172,0.17,0,2.57378,2.87618,0,0.482298,6.048,99.3022,98.274,3.03998,0,0,1.97698,1.67458,0,1.52734,3.38688
85.139,85.139,4.88151,0.16,0,2.57394,2.87634,0,0.482327,6.048,99.3022,98.274,3.00098,0,0,1.97707,1.67467,0,1.52741,3.38688
85.139,85.139,4.15346,0.16,0,2.71055,3.01295,0,0.482356,6.048,99.2469,98.274,2.7464,0,0,2.06771,1.76531,0,1.52748,3.38688
85.139,85.139,3.91831,0.15,0,2.71071,3.01311,0,0.507957,6.048,99.1585,98.274,2.69455,0,0,2.0678,1.7654,0,1.59751,3.38688
85.139,85.139,3.75108,0.14,0,2.71087,3.01327,0,0.507987,6.048,99.0836,98.274,2.87448,0,0,2.0679,1.7655,0,1.59758,3.38688
85.139,85.139,3.4583,0.12,0,2.71103,3.01343,0,0.508017,6.048,98.9664,98.274,2.70911,0,0,2.06799,1.76559,0,1.59766,3.38688
85.139,85.139,3.09124,0.12,0,2.7112,3.0136,0,0.508048,6.048,98.8236,98.274,2.77817,0,0,2.06809,1.76569,0,1.59773,3.38688
84.9728,85.139,2.70597,0.1,0,2.68437,2.98677,0,0.508078,6.048,98.6556,98.274,2.90214,0,0,2.11796,1.81556,0,1.5978,3.38688
84.7678,85.139,2.65805,0.16,0,2.68453,2.98693,0,0.50305,6.048,98.4555,98.274,2.91497,0,0,2.11806,1.81566,0,1.63634,3.38688
84.4608,85.139,2.52893,0.14,0,2.68469,2.98709,0,0.503081,6.048,98.2073,98.274,2.81611,0,0,2.11816,1.81576,0,1.63641,3.38688
83.8423,85.139,2.19261,0.13,0,2.68485,2.98725,0,0.503111,6.048,97.9018,98.274,2.71676,0,0,2.11825,1.81585,0,1.63649,3.38688
83.6423,85.139,2.68071,0.13,0,2.75473,3.05713,0,0.503141,6.048,97.7088,98.274,2.92738,0,0,2.16273,1.86033,0,1.63656,3.38688
83.2257,85.139,2.45555,0.12,0,2.7549,3.0573,0,0.516237,6.048,97.469,98.274,2.85162,0,0,2.16283,1.86043,0,1.67092,3.38688
82.5903,85.139,2.22767,0.12,0,2.75506,3.05746,0,0.516268,6.048,97.1968,98.274,2.61353,0,0,2.16293,1.86053,0,1.671,3.38688
81.7074,85.139,1.9569,0.12,0,2.75523,3.05763,0,0.516299,6.048,96.9125,98.274,2.58609,0,0,2.16303,1.86063,0,1.67108,3.38688
80.8568,85.139,2.16958,0.11,0,2.95961,3.26201,0,0.516329,6.048,96.7061,98.274,2.95929,0,0,2.32333,2.02093,0,1.67115,3.38688
80.1474,85.139,2.31543,0.11,0,2.95978,3.26218,0,0.554631,6.048,96.532,98.274,3.12008,0,0,2.32344,2.02104,0,1.795,3.38688
79.5385,85.139,2.41139,0.11,0,2.95996,3.26236,0,0.554664,6.048,96.3595,98.274,3.33735,0,0,2.32355,2.02115,0,1.79509,3.38688
79.2993,85.139,2.77189,0.11,0,2.96014,3.26254,0,0.554697,6.048,96.2226,98.274,3.41278,0,0,2.32366,2.02126,0,1.79517,3.38688
78.6308,85.139,2.34227,0.15,0,2.96031,3.26271,0,0.55473,6.048,96.0056,98.274,3.28231,0,0,2.32376,2.02136,0,1.79526,3.38688
78.1693,85.139,2.44272,0.15,0,2.86093,3.16333,0,0.554763,6.048,96.1333,98.274,5.4694,0,0,2.22661,1.92421,0,1.79534,3.38688
77.4339,85.139,2.16951,0.14,0,2.8611,3.1635,0,0.536139,6.048,95.7977,98.274,3.3461,0,0,2.22671,1.92431,0,1.72028,3.38688
76.3895,85.139,1.84837,0.13,0,2.86128,3.16368,0,0.536171,6.048,95.4098,98.274,3.06099,0,0,2.22682,1.92442,0,1.72036,3.38688
77.2316,85.139,3.9473,0.13,0,2.86145,3.16385,0,0.536203,6.048,95.5625,98.274,4.7167,0,0,2.22692,1.92452,0,1.72044,3.38688
76.9713,85.139,2.81562,0.13,0,2.77988,3.08228,0,0.536235,6.048,95.4892,98.274,3.95935,0,0,2.13847,1.83607,0,1.72052,3.38688
76.689,85.139,2.77675,0.13,0,2.78005,3.08245,0,0.52095,6.048,95.369,98.274,3.72874,0,0,2.13857,1.83617,0,1.65219,3.38688
76.6459,85.139,3.00189,0.13,0,2.78021,3.08261,0,0.520981,6.048,95.6576,98.274,5.01813,0,0,2.13867,1.83627,0,1.65226,3.38688
76.3538,85.139,2.81668,0.15,0,2.78038,3.08278,0,0.521012,6.048,96.0863,98.274,5.02337,0,0,2.13877,1.83637,0,1.65234,3.38688
77.1958,85.139,3.8623,0.18,0,2.54837,2.85077,0,0.521043,6.048,96.5637,98.274,5.44903,0,0,1.9544,1.652,0,1.65241,3.38688
78.5064,85.139,4.27197,0.19,0,2.54852,2.85092,0,0.477564,6.048,97.2788,98.274,5.95697,0,0,1.95449,1.65209,0,1.50997,3.38688
80.2226,85.139,5.08654,0.22,0,2.54867,2.85107,0,0.477593,6.048,98.4608,98.274,7.64541,0,0,1.95458,1.65218,0,1.51004,3.38688
81.8566,85.139,4.88147,0.18,0,2.54883,2.85123,0,0.477621,6.048,99.3022,98.274,6.46461,0,0,1.95467,1.65227,0,1.51011,3.38688
83.5949,85.139,5.10543,0.18,0,2.54898,2.85138,0,0.47765,6.048,99.3022,98.274,7.87334,0,0,1.95476,1.65236,0,1.51018,3.38688
85.139,85.139,10.2879,0.18,0,2.63846,2.94086,0,0.477679,6.048,99.3022,98.274,15.3675,0,0,2.00828,1.70588,0,1.51025,3.38688
85.139,85.139,8.61793,0.15,0,2.63861,2.94101,0,0.494448,6.048,99.3022,98.274,12.4353,0,0,2.00836,1.70596,0,1.5516,3.38688
85.139,85.139,6.09581,0.15,0,2.63875,2.94115,0,0.494475,6.048,99.3022,98.274,6.88959,0,0,2.00844,1.70604,0,1.55166,3.38688
85.139,85.139,5.69818,0.16,0,2.6389,2.9413,0,0.494502,6.048,99.3022,98.274,6.06523,0,0,2.00853,1.70613,0,1.55172,3.38688
85.139,85.139,7.38304,0.17,0,2.92594,3.22834,0,0.494529,6.048,99.3022,98.274,7.94702,0,0,2.20923,1.90683,0,1.55179,3.38688
85.139,85.139,8.71233,0.18,0,2.9261,3.2285,0,0.548321,6.048,99.3022,98.274,9.0498,0,0,2.20932,1.90692,0,1.70685,3.38688
85.139,85.139,8.38643,0.22,0,2.92626,3.22866,0,0.548351,6.048,99.3022,98.274,10.1284,0,0,2.20941,1.90701,0,1.70692,3.38688
85.139,85.139,7.64484,0.23,0,2.92642,3.22882,0,0.548381,6.048,99.3022,98.274,8.50227,0,0,2.20951,1.90711,0,1.70699,3.38688
85.139,85.139,3.96477,0.23,0,2.51728,2.81968,0,0.54841,6.048,99.3022,98.274,4.80177,0,0,1.94032,1.63792,0,1.70706,3.38688
84.336,85.139,2.26833,0.23,0,2.51742,2.81982,0,0.471738,6.048,99.3022,98.274,4.17469,0,0,1.9404,1.638,0,1.49909,3.38688
85.139,85.139,6.35204,0.3,0,2.51756,2.81996,0,0.471764,6.048,99.3022,98.274,8.83961,0,0,1.94048,1.63808,0,1.49915,3.38688
85.139,85.139,7.01151,0.23,0,2.51769,2.82009,0,0.47179,6.048,99.3022,98.274,11.209,0,0,1.94056,1.63816,0,1.49922,3.38688
85.139,85.139,6.23747,0.23,0,2.51783,2.82023,0,0.471816,6.048,99.3022,98.274,7.16998,0,0,1.94064,1.63824,0,1.49928,3.38688
85.139,85.139,4.79583,0.21,0,2.62102,2.92342,0,0.471842,6.048,99.3022,98.274,7.18374,0,0,2.00661,1.70421,0,1.49934,3.38688
85.139,85.139,4.22254,0.2,0,2.62116,2.92356,0,0.491179,6.048,99.3022,98.274,6.64187,0,0,2.0067,1.7043,0,1.55031,3.38688
85.139,85.139,3.22084,0.19,0,2.62131,2.92371,0,0.491206,6.048,99.3022,98.274,4.89037,0,0,2.00678,1.70438,0,1.55037,3.38688
84.8899,85.139,2.87154,0.19,0,2.62145,2.92385,0,0.491233,6.048,99.3022,98.274,4.35501,0,0,2.00686,1.70446,0,1.55044,3.38688
84.7425,85.139,2.85329,0.25,0,2.58129,2.88369,0,0.49126,6.048,99.3022,98.274,3.9581,0,0,1.98135,1.67895,0,1.5505,3.38688
84.4302,85.139,2.67616,0.25,0,2.58144,2.88384,0,0.483735,6.048,99.3022,98.274,3.85852,0,0,1.98143,1.67903,0,1.53079,3.38688
85.139,85.139,4.16642,0.23,0,2.58158,2.88398,0,0.483761,6.048,99.3022,98.274,4.63486,0,0,1.98152,1.67912,0,1.53086,3.38688
84.8001,85.139,2.59695,0.16,0,2.58172,2.88412,0,0.483788,6.048,99.3022,98.274,3.74617,0,0,1.9816,1.6792,0,1.53092,3.38688
84.3436,85.139,2.57586,0.21,0,2.71868,3.02108,0,0.483814,6.048,99.2555,98.274,3.46633,0,0,2.07247,1.77007,0,1.53098,3.38688
84.0162,85.139,2.69465,0.19,0,2.71883,3.02123,0,0.509481,6.048,99.1882,98.274,3.34132,0,0,2.07256,1.77016,0,1.60119,3.38688
83.4218,85.139,2.38373,0.18,0,2.71898,3.02138,0,0.509508,6.048,99.0572,98.274,3.16734,0,0,2.07264,1.77024,0,1.60126,3.38688
82.7407,85.139,2.25281,0.16,0,2.71912,3.02152,0,0.509536,6.048,98.877,98.274,3.02366,0,0,2.07273,1.77033,0,1.60132,3.38688
81.9426,85.139,2.10831,0.15,0,2.71927,3.02167,0,0.509564,6.048,98.7022,98.274,2.91007,0,0,2.07282,1.77042,0,1.60139,3.38688
81.0755,85.139,1.95192,0.14,0,2.69236,2.99476,0,0.509592,6.048,98.5933,98.274,2.85949,0,0,2.12282,1.82042,0,1.60146,3.38688
80.0954,85.139,1.83376,0.14,0,2.6925,2.9949,0,0.504548,6.048,98.4435,98.274,2.73142,0,0,2.12291,1.82051,0,1.64009,3.38688
78.9636,85.139,1.6745,0.12,0,2.69265,2.99505,0,0.504575,6.048,98.2743,98.274,2.67467,0,0,2.12299,1.82059,0,1.64016,3.38688
77.6927,85.139,1.5183,0.18,0,2.6928,2.9952,0,0.504602,6.048,98.0577,98.274,2.44404,0,0,2.12308,1.82068,0,1.64023,3.38688
76.658,85.139,1.80312,0.17,0,2.76285,3.06525,0,0.50463,6.048,98.0383,98.274,2.70967,0,0,2.16766,1.86526,0,1.64029,3.38688
75.5118,85.139,1.66767,0.15,0,2.763,3.0654,0,0.517758,6.048,97.8098,98.274,2.60938,0,0,2.16776,1.86536,0,1.67474,3.38688
74.2394,85.139,1.52991,0.15,0,2.76315,3.06555,0,0.517786,6.048,97.5922,98.274,2.29946,0,0,2.16785,1.86545,0,1.67481,3.38688
73.0668,85.139,1.61045,0.14,0,2.7633,3.0657,0,0.517814,6.048,97.4842,98.274,2.76159,0,0,2.16794,1.86554,0,1.67488,3.38688
71.7842,85.139,1.65244,0.17,0,2.9682,3.2706,0,0.517842,6.048,97.3716,98.274,2.7091,0,0,2.32865,2.02625,0,1.67495,3.38688
70.5346,85.139,1.65913,0.17,0,2.96836,3.27076,0,0.556241,6.048,97.2012,98.274,2.56655,0,0,2.32875,2.02635,0,1.79912,3.38688
69.0999,85.139,1.48255,0.17,0,2.96852,3.27092,0,0.556271,6.048,97.0014,98.274,2.46194,0,0,2.32885,2.02645,0,1.79919,3.38688
67.7066,85.139,1.50083,0.17,0,2.96868,3.27108,0,0.556301,6.048,96.9218,98.274,2.66834,0,0,2.32895,2.02655,0,1.79927,3.38688
66.4087,85.139,1.58407,0.2,0,2.96885,3.27125,0,0.556332,6.048,96.6568,98.274,3.03623,0,0,2.32905,2.02665,0,1.79935,3.38688
64.9738,85.139,1.33118,0.19,0,2.86919,3.17159,0,0.556362,6.048,96.368,98.274,2.10961,0,0,2.23163,1.92923,0,1.79942,3.38688
64.6792,85.139,2.47135,0.19,0,2.86935,3.17175,0,0.537686,6.048,96.3364,98.274,3.79943,0,0,2.23173,1.92933,0,1.72416,3.38688
63.0661,85.139,1.13204,0.19,0,2.8695,3.1719,0,0.537716,6.048,95.8604,98.274,2.00983,0,0,2.23182,1.92942,0,1.72423,3.38688
61.7173,85.139,1.40041,0.19,0,2.86966,3.17206,0,0.537745,6.048,95.7351,98.274,2.3059,0,0,2.23192,1.92952,0,1.72431,3.38688
61.1235,85.139,2.10127,0.23,0,2.78787,3.09027,0,0.537774,6.048,95.5663,98.274,2.75276,0,0,2.14323,1.84083,0,1.72438,3.38688
60.8274,85.139,2.50101,0.24,0,2.78802,3.09042,0,0.522446,6.048,95.1764,98.274,2.36011,0,0,2.14332,1.84092,0,1.65586,3.38688
60.0453,85.139,2.00931,0.23,0,2.78817,3.09057,0,0.522475,6.048,95.0006,98.274,1.98818,0,0,2.14341,1.84101,0,1.65593,3.38688
60.9624,85.139,3.76215,0.25,0,2.78832,3.09072,0,0.522503,6.048,95.6733,98.274,5.54233,0,0,2.1435,1.8411,0,1.656,3.38688
65.8393,85.139,7.74153,0.25,0,2.55569,2.85809,0,0.522531,6.048,98.0589,98.274,8.05994,0,0,1.95865,1.65625,0,1.65607,3.38688
68.4231,85.139,5.44839,0.23,0,2.55583,2.85823,0,0.478937,6.048,98.861,98.274,4.22016,0,0,1.95873,1.65633,0,1.51325,3.38688
70.5914,85.139,5.05288,0.21,0,2.55597,2.85837,0,0.478963,6.048,99.3022,98.274,5.53341,0,0,1.95881,1.65641,0,1.51332,3.38688
71.5087,85.139,3.75108,0.24,0,2.55611,2.85851,0,0.47899,6.048,99.3022,98.274,3.25372,0,0,1.95889,1.65649,0,1.51338,3.38688
73.493,85.139,4.86514,0.23,0,2.55625,2.85865,0,0.479016,6.048,99.3022,98.274,3.27799,0,0,1.95897,1.65657,0,1.51344,3.38688
77.8858,85.139,7.47431,0.24,0,2.64595,2.94835,0,0.479042,6.048,99.3022,98.274,5.54625,0,0,2.01262,1.71022,0,1.5135,3.38688
80.3707,85.139,5.50414,0.2,0,2.64608,2.94848,0,0.495851,6.048,99.3022,98.274,4.02698,0,0,2.0127,1.7103,0,1.55495,3.38688
82.0243,85.139,4.66067,0.15,0,2.64621,2.94861,0,0.495876,6.048,99.3022,98.274,3.54067,0,0,2.01277,1.71037,0,1.55501,3.38688
84.4552,85.139,5.51466,0.15,0,2.64634,2.94874,0,0.4959,6.048,99.3022,98.274,4.32096,0,0,2.01285,1.71045,0,1.55507,3.38688
85.139,85.139,5.15939,0.16,0,2.9341,3.2365,0,0.495924,6.048,99.3022,98.274,4.39921,0,0,2.21404,1.91164,0,1.55513,3.38688
85.139,85.139,8.10582,0.13,0,2.93424,3.23664,0,0.54985,6.048,99.3022,98.274,3.95333,0,0,2.21413,1.91173,0,1.71057,3.38688
85.139,85.139,3.68982,0.14,0,2.93438,3.23678,0,0.549876,6.048,99.0332,98.274,2.35957,0,0,2.21421,1.91181,0,1.71064,3.38688
85.139,85.139,4.28466,0.16,0,2.93452,3.23692,0,0.549903,6.048,98.7626,98.274,2.59764,0,0,2.2143,1.9119,0,1.7107,3.38688
85.139,85.139,3.68291,0.17,0,2.52435,2.82675,0,0.54993,6.048,98.953,98.274,3.13059,0,0,1.94443,1.64203,0,1.71077,3.38688
85.139,85.139,5.1045,0.17,0,2.52447,2.82687,0,0.473063,6.048,99.1693,98.274,4.01028,0,0,1.9445,1.6421,0,1.50226,3.38688
85.139,85.139,4.03068,0.18,0,2.5246,2.827,0,0.473086,6.048,98.9069,98.274,2.52011,0,0,1.94457,1.64217,0,1.50232,3.38688
85.139,85.139,3.51536,0.2,0,2.52472,2.82712,0,0.47311,6.048,98.8524,98.274,2.39778,0,0,1.94464,1.64224,0,1.50238,3.38688
85.139,85.139,5.37865,0.2,0,2.52485,2.82725,0,0.473133,6.048,98.4699,98.274,3.58908,0,0,1.94472,1.64232,0,1.50243,3.38688
85.139,85.139,3.29319,0.19,0,2.62828,2.93068,0,0.473156,6.048,98.3353,98.274,2.07038,0,0,2.01084,1.70844,0,1.50249,3.38688
85.139,85.139,3.68936,0.19,0,2.62841,2.93081,0,0.492539,6.048,97.6817,98.274,2.40634,0,0,2.01092,1.70852,0,1.55358,3.38688
84.5022,85.139,2.38277,0.18,0,2.62854,2.93094,0,0.492563,6.048,96.8529,98.274,1.59264,0,0,2.01099,1.70859,0,1.55364,3.38688
83.4524,85.139,1.94112,0.26,0,2.62867,2.93107,0,0.492588,6.048,96.4852,98.274,1.35195,0,0,2.01107,1.70867,0,1.55369,3.38688
83.0879,85.139,2.60777,0.23,0,2.5884,2.8908,0,0.492612,6.048,96.209,98.274,2.22582,0,0,1.98549,1.68309,0,1.55375,3.38688
82.658,85.139,2.47974,0.24,0,2.58852,2.89092,0,0.485065,6.048,95.888,98.274,2.10763,0,0,1.98556,1.68316,0,1.53399,3.38688
82.1866,85.139,2.38895,0.22,0,2.58865,2.89105,0,0.485089,6.048,95.6049,98.274,2.204,0,0,1.98563,1.68323,0,1.53404,3.38688
81.5506,85.139,2.21134,0.2,0,2.58878,2.89118,0,0.485113,6.048,95.2754,98.274,2.07445,0,0,1.98571,1.68331,0,1.5341,3.38688
80.8239,85.139,2.22948,0.2,0,2.72606,3.02846,0,0.485137,6.048,95.0391,98.274,2.12181,0,0,2.07679,1.77439,0,1.53416,3.38688
79.7909,85.139,1.85101,0.18,0,2.72619,3.02859,0,0.510864,6.048,94.6546,98.274,2.04739,0,0,2.07687,1.77447,0,1.60453,3.38688
78.6959,85.139,1.76987,0.18,0,2.72633,3.02873,0,0.510889,6.048,94.3464,98.274,2.07681,0,0,2.07695,1.77455,0,1.60459,3.38688
77.5326,85.139,1.6895,0.21,0,2.72646,3.02886,0,0.510914,6.048,93.9606,98.274,2.01429,0,0,2.07703,1.77463,0,1.60465,3.38688
76.2827,85.139,1.58847,0.19,0,2.72659,3.02899,0,0.510939,6.048,93.6373,98.274,1.9331,0,0,2.07711,1.77471,0,1.60471,3.38688
75.0637,85.139,1.57496,0.19,0,2.6996,3.002,0,0.510964,6.048,93.4174,98.274,2.13918,0,0,2.12722,1.82482,0,1.60477,3.38688
73.7937,85.139,1.49783,0.19,0,2.69973,3.00213,0,0.505905,6.048,93.1228,98.274,2.09981,0,0,2.1273,1.8249,0,1.64349,3.38688
72.3578,85.139,1.30106,0.17,0,2.69986,3.00226,0,0.505929,6.048,92.8469,98.274,1.97441,0,0,2.12738,1.82498,0,1.64355,3.38688
70.9078,85.139,1.27181,0.2,0,2.7,3.0024,0,0.505954,6.048,92.2938,98.274,2.03131,0,0,2.12746,1.82506,0,1.64361,3.38688
69.2572,85.139,1.11134,0.19,0,2.7702,3.0726,0,0.505979,6.048,91.7533,98.274,1.61764,0,0,2.17214,1.86974,0,1.64368,3.38688
67.7548,85.139,1.25795,0.18,0,2.77034,3.07274,0,0.519136,6.048,91.3049,98.274,1.88807,0,0,2.17222,1.86982,0,1.67819,3.38688
66.1584,85.139,1.13729,0.22,0,2.77047,3.07287,0,0.519161,6.048,90.6019,98.274,1.78188,0,0,2.1723,1.8699,0,1.67826,3.38688
64.4781,85.139,1.0357,0.22,0,2.77061,3.07301,0,0.519186,6.048,90.0392,98.274,1.5596,0,0,2.17239,1.86999,0,1.67832,3.38688
62.6836,85.139,1.06578,0.19,0,2.97598,3.27838,0,0.519212,6.048,89.0622,98.274,1.74609,0,0,2.33347,2.03107,0,1.67839,3.38688
60.8459,85.139,1.00836,0.19,0,2.97613,3.27853,0,0.5577,6.048,88.0225,98.274,1.27396,0,0,2.33356,2.03116,0,1.80284,3.38688
58.8574,85.139,0.847958,0.23,0,2.97627,3.27867,0,0.557727,6.048,87.1899,98.274,1.12108,0,0,2.33365,2.03125,0,1.80291,3.38688
56.9762,85.139,0.925052,0.23,0,2.97642,3.27882,0,0.557754,6.048,86.3522,98.274,1.47857,0,0,2.33374,2.03134,0,1.80298,3.38688
55.0532,85.139,0.860514,0.22,0,2.97656,3.27896,0,0.557781,6.048,85.7657,98.274,1.33102,0,0,2.33383,2.03143,0,1.80305,3.38688
53.4529,85.139,1.14536,0.27,0,2.87666,3.17906,0,0.557808,6.048,85.7255,98.274,2.05177,0,0,2.23618,1.93378,0,1.80312,3.38688
51.8036,85.139,1.06562,0.26,0,2.8768,3.1792,0,0.539086,6.048,85.8941,98.274,3.18521,0,0,2.23626,1.93386,0,1.72767,3.38688
50.0589,85.139,0.947452,0.26,0,2.87694,3.17934,0,0.539112,6.048,85.4707,98.274,1.97059,0,0,2.23635,1.93395,0,1.72774,3.38688
48.1859,85.139,0.787982,0.3,0,2.87708,3.17948,0,0.539138,6.048,85.0105,98.274,1.75219,0,0,2.23643,1.93403,0,1.7278,3.38688
46.7211,85.139,1.1564,0.31,0,2.79508,3.09748,0,0.539165,6.048,84.3244,98.274,1.72861,0,0,2.14753,1.84513,0,1.72787,3.38688
45.0777,85.139,0.949004,0.31,0,2.79522,3.09762,0,0.523798,6.048,84.1077,98.274,1.26239,0,0,2.14761,1.84521,0,1.65918,3.38688
43.9226,85.139,1.43087,0.33,0,2.79535,3.09775,0,0.523824,6.048,84.2117,98.274,3.3246,0,0,2.14769,1.84529,0,1.65924,3.38688
44.7263,85.139,3.47785,0.33,0,2.79549,3.09789,0,0.52385,6.048,85.4785,98.274,5.83647,0,0,2.14777,1.84537,0,1.65931,3.38688
45.9057,85.139,3.72239,0.33,0,2.56231,2.86471,0,0.523875,6.048,86.6796,98.274,4.59194,0,0,1.96248,1.66008,0,1.65937,3.38688
51.5104,85.139,8.28758,0.29,0,2.56244,2.86484,0,0.480177,6.048,89.8806,98.274,8.78494,0,0,1.96256,1.66016,0,1.51622,3.38688
53.7157,85.139,4.95741,0.3,0,2.56256,2.86496,0,0.480201,6.048,92.3127,98.274,6.91756,0,0,1.96263,1.66023,0,1.51627,3.38688
56.0884,85.139,5.17843,0.31,0,2.56269,2.86509,0,0.480224,6.048,94.4139,98.274,6.41772,0,0,1.9627,1.6603,0,1.51633,3.38688
57.5847,85.139,4.33422,0.35,0,2.56282,2.86522,0,0.480248,6.048,96.5331,98.274,6.16739,0,0,1.96278,1.66038,0,1.51639,3.38688
58.595,85.139,3.96097,0.33,0,2.6527,2.9551,0,0.480272,6.048,99.3022,98.274,7.42658,0,0,2.01654,1.71414,0,1.51644,3.38688
59.6388,85.139,3.97092,0.35,0,2.65282,2.95522,0,0.497117,6.048,99.3022,98.274,10.3392,0,0,2.01661,1.71421,0,1.55798,3.38688
62.2637,85.139,5.64347,0.35,0,2.65294,2.95534,0,0.497138,6.048,99.3022,98.274,9.10727,0,0,2.01667,1.71427,0,1.55803,3.38688
66.1968,85.139,7.3107,0.38,0,2.65305,2.95545,0,0.49716,6.048,99.3022,98.274,11.291,0,0,2.01674,1.71434,0,1.55808,3.38688
72.5754,85.139,10.1731,0.35,0,2.94145,3.24385,0,0.497182,6.048,99.3022,98.274,25.0586,0,0,2.21838,1.91598,0,1.55813,3.38688
76.6212,85.139,7.77511,0.29,0,2.94157,3.24397,0,0.551227,6.048,99.3022,98.274,15.0053,0,0,2.21846,1.91606,0,1.71392,3.38688
81.0717,85.139,8.28699,0.25,0,2.9417,3.2441,0,0.551251,6.048,99.3022,98.274,17.8727,0,0,2.21853,1.91613,0,1.71398,3.38688
85.139,85.139,12.7328,0.2,0,2.94183,3.24423,0,0.551275,6.048,99.3022,98.274,28.5887,0,0,2.21861,1.91621,0,1.71404,3.38688
85.139,85.139,10.1695,0.18,0,2.53071,2.83311,0,0.551298,6.048,99.3022,98.274,24.466,0,0,1.94812,1.64572,0,1.7141,3.38688
85.139,85.139,10.132,0.18,0,2.53082,2.83322,0,0.474255,6.048,99.3022,98.274,15.4419,0,0,1.94819,1.64579,0,1.50512,3.38688
85.139,85.139,14.5659,0.19,0,2.53093,2.83333,0,0.474276,6.048,99.3022,98.274,30.2109,0,0,1.94825,1.64585,0,1.50517,3.38688
85.139,85.139,17.354,0.21,0,2.53104,2.83344,0,0.474297,6.048,99.3022,98.274,29.3137,0,0,1.94832,1.64592,0,1.50522,3.38688
85.139,85.139,10.9548,0.21,0,2.53116,2.83356,0,0.474318,6.048,99.3022,98.274,13.9588,0,0,1.94838,1.64598,0,1.50527,3.38688
85.139,85.139,15.7291,0.21,0,2.6348,2.9372,0,0.474339,6.048,99.3022,98.274,21.8125,0,0,2.01465,1.71225,0,1.50532,3.38688
85.139,85.139,12.0816,0.21,0,2.63492,2.93732,0,0.493762,6.048,99.3022,98.274,18.9121,0,0,2.01471,1.71231,0,1.55652,3.38688
85.139,85.139,9.43056,0.21,0,2.63503,2.93743,0,0.493784,6.048,99.3022,98.274,14.9286,0,0,2.01478,1.71238,0,1.55657,3.38688
85.139,85.139,8.86857,0.2,0,2.63515,2.93755,0,0.493805,6.048,99.3022,98.274,14.8708,0,0,2.01485,1.71245,0,1.55662,3.38688
85.139,85.139,7.62591,0.19,0,2.59478,2.89718,0,0.493827,6.048,99.3022,98.274,11.1258,0,0,1.9892,1.6868,0,1.55667,3.38688
85.139,85.139,8.74415,0.2,0,2.59489,2.89729,0,0.486261,6.048,99.3022,98.274,10.6317,0,0,1.98927,1.68687,0,1.53686,3.38688
85.139,85.139,7.20935,0.19,0,2.595,2.8974,0,0.486282,6.048,99.3022,98.274,10.9533,0,0,1.98933,1.68693,0,1.53691,3.38688
85.139,85.139,6.51706,0.18,0,2.59512,2.89752,0,0.486303,6.048,99.3022,98.274,10.1985,0,0,1.9894,1.687,0,1.53696,3.38688
85.139,85.139,6.02563,0.18,0,2.73268,3.03508,0,0.486325,6.048,99.3022,98.274,8.90289,0,0,2.08068,1.77828,0,1.53701,3.38688
85.139,85.139,6.12633,0.17,0,2.7328,3.0352,0,0.512105,6.048,99.3022,98.274,7.57809,0,0,2.08074,1.77834,0,1.60753,3.38688
85.139,85.139,5.46947,0.14,0,2.73292,3.03532,0,0.512127,6.048,99.3022,98.274,7.0416,0,0,2.08081,1.77841,0,1.60758,3.38688
85.139,85.139,5.24412,0.12,0,2.73304,3.03544,0,0.51215,6.048,99.3022,98.274,6.1504,0,0,2.08088,1.77848,0,1.60764,3.38688
85.139,85.139,4.89354,0.12,0,2.73316,3.03556,0,0.512172,6.048,99.3022,98.274,7.6837,0,0,2.08095,1.77855,0,1.60769,3.38688
85.139,85.139,3.77427,0.1,0,2.70609,3.00849,0,0.512194,6.048,99.3022,98.274,3.56725,0,0,2.13116,1.82876,0,1.60775,3.38688
85.139,85.139,3.60057,0.09,0,2.70621,3.00861,0,0.507121,6.048,99.3022,98.274,3.48151,0,0,2.13124,1.82884,0,1.64654,3.38688
85.139,85.139,3.40216,0.09,0,2.70633,3.00873,0,0.507143,6.048,99.3022,98.274,3.46342,0,0,2.13131,1.82891,0,1.64659,3.38688
85.139,85.139,3.12619,0.08,0,2.70644,3.00884,0,0.507165,6.048,99.3022,98.274,3.33675,0,0,2.13138,1.82898,0,1.64665,3.38688
84.874,85.139,2.66761,0.08,0,2.77678,3.07918,0,0.507187,6.048,99.1301,98.274,2.62684,0,0,2.17615,1.87375,0,1.6467,3.38688
84.7271,85.139,2.79947,0.1,0,2.77691,3.07931,0,0.520369,6.048,99.029,98.274,2.80164,0,0,2.17622,1.87382,0,1.68129,3.38688
84.3444,85.139,2.53087,0.1,0,2.77703,3.07943,0,0.520392,6.048,98.7584,98.274,2.64399,0,0,2.17629,1.87389,0,1.68135,3.38688
83.7466,85.139,2.30485,0.1,0,2.77715,3.07955,0,0.520415,6.048,98.4531,98.274,2.31636,0,0,2.17637,1.87397,0,1.6814,3.38688
83.083,85.139,2.40648,0.1,0,2.98295,3.28535,0,0.520437,6.048,97.9081,98.274,2.76978,0,0,2.33779,2.03539,0,1.68146,3.38688
81.8449,85.139,1.83589,0.11,0,2.98307,3.28547,0,0.559004,6.048,97.3246,98.274,1.74678,0,0,2.33787,2.03547,0,1.80617,3.38688
80.7834,85.139,2.03419,0.11,0,2.9832,3.2856,0,0.559028,6.048,96.5309,98.274,2.12089,0,0,2.33795,2.03555,0,1.80623,3.38688
79.3546,85.139,1.65714,0.1,0,2.98333,3.28573,0,0.559052,6.048,96.0137,98.274,1.52629,0,0,2.33802,2.03562,0,1.8063,3.38688
78.3102,85.139,2.02091,0.12,0,2.98346,3.28586,0,0.559076,6.048,95.2861,98.274,2.71305,0,0,2.3381,2.0357,0,1.80636,3.38688
77.1821,85.139,1.82683,0.12,0,2.88333,3.18573,0,0.5591,6.048,94.2833,98.274,1.42656,0,0,2.24023,1.93783,0,1.80642,3.38688
75.8814,85.139,1.76037,0.11,0,2.88345,3.18585,0,0.540336,6.048,93.5499,98.274,1.45173,0,0,2.24031,1.93791,0,1.7308,3.38688
74.8383,85.139,2.02826,0.11,0,2.88358,3.18598,0,0.540359,6.048,92.8891,98.274,1.84888,0,0,2.24039,1.93799,0,1.73086,3.38688
73.7457,85.139,2.01828,0.1,0,2.8837,3.1861,0,0.540383,6.048,92.608,98.274,1.84217,0,0,2.24046,1.93806,0,1.73092,3.38688
73.8428,85.139,3.31978,0.12,0,2.80152,3.10392,0,0.540406,6.048,93.0309,98.274,4.48717,0,0,2.15136,1.84896,0,1.73098,3.38688
74.0721,85.139,3.42883,0.1,0,2.80164,3.10404,0,0.525005,6.048,93.6373,98.274,4.25883,0,0,2.15144,1.84904,0,1.66214,3.38688
74.6531,85.139,3.81634,0.11,0,2.80176,3.10416,0,0.525028,6.048,94.2547,98.274,4.92208,0,0,2.15151,1.84911,0,1.6622,3.38688
74.8066,85.139,3.35932,0.12,0,2.80189,3.10429,0,0.525051,6.048,94.3131,98.274,3.56309,0,0,2.15158,1.84918,0,1.66226,3.38688
76.4667,85.139,4.82965,0.14,0,2.56821,2.87061,0,0.525073,6.048,94.5576,98.274,3.72635,0,0,1.9659,1.6635,0,1.66231,3.38688
79.2956,85.139,6.04995,0.18,0,2.56832,2.87072,0,0.481283,6.048,94.5632,98.274,3.21447,0,0,1.96597,1.66357,0,1.51886,3.38688
81.0632,85.139,4.95639,0.2,0,2.56843,2.87083,0,0.481304,6.048,94.4662,98.274,3.20571,0,0,1.96603,1.66363,0,1.51891,3.38688
82.6804,85.139,4.92303,0.16,0,2.56855,2.87095,0,0.481325,6.048,94.7454,98.274,4.1443,0,0,1.9661,1.6637,0,1.51896,3.38688
85.139,85.139,9.38881,0.16,0,2.56866,2.87106,0,0.481346,6.048,95.6203,98.274,4.86226,0,0,1.96616,1.66376,0,1.51901,3.38688
85.139,85.139,7.46488,0.14,0,2.56866,2.87106,0,0.481367,6.048,96.2182,98.274,4.91583,0,0,1.96616,1.66376,0,1.51906,3.38688
85.139,85.139,6.40946,0.17,0,2.65872,2.96112,0,0.481367,6.048,96.4984,98.274,3.86907,0,0,2.02003,1.71763,0,1.51906,3.38688
85.139,85.139,7.69579,0.17,0,2.65882,2.96122,0,0.498243,6.048,96.9337,98.274,4.42742,0,0,2.02008,1.71768,0,1.56067,3.38688
85.139,85.139,5.98453,0.2,0,2.65892,2.96132,0,0.498262,6.048,97.3469,98.274,4.24587,0,0,2.02014,1.71774,0,1.56072,3.38688
85.139,85.139,5.9301,0.21,0,2.65902,2.96142,0,0.498281,6.048,97.503,98.274,3.36861,0,0,2.0202,1.7178,0,1.56076,3.38688
85.139,85.139,10.4083,0.22,0,2.94798,3.25038,0,0.4983,6.048,98.3077,98.274,6.0702,0,0,2.22224,1.91984,0,1.56081,3.38688
85.139,85.139,6.69955,0.23,0,2.94809,3.25049,0,0.552452,6.048,98.355,98.274,3.99387,0,0,2.22231,1.91991,0,1.71691,3.38688
85.139,85.139,4.54893,0.23,0,2.94821,3.25061,0,0.552473,6.048,98.4111,98.274,2.74638,0,0,2.22238,1.91998,0,1.71696,3.38688
85.139,85.139,5.04927,0.23,0,2.94832,3.25072,0,0.552494,6.048,98.6116,98.274,3.42624,0,0,2.22244,1.92004,0,1.71701,3.38688
85.139,85.139,7.42748,0.23,0,2.53636,2.83876,0,0.552515,6.048,99.2023,98.274,4.12084,0,0,1.95141,1.64901,0,1.71706,3.38688
85.139,85.139,7.62457,0.23,0,2.53646,2.83886,0,0.475315,6.048,99.3022,98.274,4.42501,0,0,1.95146,1.64906,0,1.50766,3.38688
85.139,85.139,10.191,0.23,0,2.53656,2.83896,0,0.475333,6.048,99.3022,98.274,4.92975,0,0,1.95152,1.64912,0,1.5077,3.38688
85.139,85.139,11.3633,0.23,0,2.53666,2.83906,0,0.475351,6.048,99.3022,98.274,5.43587,0,0,1.95158,1.64918,0,1.50774,3.38688
85.139,85.139,7.88672,0.23,0,2.53675,2.83915,0,0.47537,6.048,99.3022,98.274,5.24274,0,0,1.95163,1.64923,0,1.50779,3.38688
85.139,85.139,8.11639,0.21,0,2.64059,2.94299,0,0.475388,6.048,99.3022,98.274,6.01721,0,0,2.01802,1.71562,0,1.50783,3.38688
85.139,85.139,5.68734,0.21,0,2.64069,2.94309,0,0.494847,6.048,99.3022,98.274,4.18936,0,0,2.01808,1.71568,0,1.55912,3.38688
85.139,85.139,4.93735,0.2,0,2.64079,2.94319,0,0.494866,6.048,99.1936,98.274,3.59217,0,0,2.01814,1.71574,0,1.55917,3.38688
85.139,85.139,4.18954,0.2,0,2.64089,2.94329,0,0.494885,6.048,98.9646,98.274,2.83143,0,0,2.0182,1.7158,0,1.55921,3.38688
85.139,85.139,3.47793,0.2,0,2.60043,2.90283,0,0.494904,6.048,98.4211,98.274,2.35376,0,0,1.99249,1.69009,0,1.55926,3.38688
85.139,85.139,3.1915,0.19,0,2.60053,2.90293,0,0.48732,6.048,98.1425,98.274,1.98318,0,0,1.99255,1.69015,0,1.5394,3.38688
85.139,85.139,3.95116,0.18,0,2.60063,2.90303,0,0.487339,6.048,97.8444,98.274,2.26147,0,0,1.99261,1.69021,0,1.53944,3.38688
85.139,85.139,3.07994,0.18,0,2.60073,2.90313,0,0.487358,6.048,97.2665,98.274,1.95041,0,0,1.99266,1.69026,0,1.53949,3.38688
85.139,85.139,3.06611,0.17,0,2.73855,3.04095,0,0.487376,6.048,96.6242,98.274,1.89538,0,0,2.08411,1.78171,0,1.53953,3.38688
85.093,85.139,2.97501,0.14,0,2.73865,3.04105,0,0.513204,6.048,96.0183,98.274,1.73242,0,0,2.08417,1.78177,0,1.61018,3.38688
84.716,85.139,2.61089,0.19,0,2.73876,3.04116,0,0.513223,6.048,95.3133,98.274,1.6253,0,0,2.08423,1.78183,0,1.61023,3.38688
84.2447,85.139,2.46517,0.18,0,2.73886,3.04126,0,0.513243,6.048,95.1308,98.274,1.55477,0,0,2.08429,1.78189,0,1.61028,3.38688
84.7939,85.139,3.4929,0.15,0,2.73896,3.04136,0,0.513262,6.048,95.0559,98.274,2.98859,0,0,2.08435,1.78195,0,1.61033,3.38688
85.139,85.139,3.39134,0.14,0,2.71183,3.01423,0,0.513282,6.048,94.9203,98.274,3.14057,0,0,2.13465,1.83225,0,1.61037,3.38688
85.139,85.139,3.04527,0.09,0,2.71193,3.01433,0,0.508197,6.048,94.7058,98.274,2.93697,0,0,2.13472,1.83232,0,1.64923,3.38688
85.0229,85.139,2.84902,0.08,0,2.71203,3.01443,0,0.508216,6.048,94.4586,98.274,2.84397,0,0,2.13478,1.83238,0,1.64928,3.38688
84.8226,85.139,2.7234,0.11,0,2.71214,3.01454,0,0.508235,6.048,94.1629,98.274,2.58154,0,0,2.13484,1.83244,0,1.64933,3.38688
84.3627,85.139,2.52495,0.1,0,2.7826,3.085,0,0.508255,6.048,93.706,98.274,2.24955,0,0,2.17968,1.87728,0,1.64938,3.38688
83.7551,85.139,2.34228,0.1,0,2.7827,3.0851,0,0.521459,6.048,93.1338,98.274,2.15553,0,0,2.17975,1.87735,0,1.68402,3.38688
82.9531,85.139,2.1327,0.1,0,2.78281,3.08521,0,0.521478,6.048,92.6269,98.274,1.89812,0,0,2.17981,1.87741,0,1.68407,3.38688
82.5183,85.139,2.48837,0.1,0,2.78291,3.08531,0,0.521498,6.048,92.2353,98.274,2.68042,0,0,2.17988,1.87748,0,1.68412,3.38688
81.8022,85.139,2.37741,0.1,0,2.98908,3.29148,0,0.521518,6.048,91.7191,98.274,2.03733,0,0,2.34159,2.03919,0,1.68417,3.38688
80.8133,85.139,2.13118,0.11,0,2.9892,3.2916,0,0.560154,6.048,91.1881,98.274,1.95182,0,0,2.34166,2.03926,0,1.80911,3.38688
79.8732,85.139,2.15411,0.1,0,2.98931,3.29171,0,0.560175,6.048,90.7226,98.274,2.09825,0,0,2.34173,2.03933,0,1.80916,3.38688
78.9562,85.139,2.17419,0.1,0,2.98942,3.29182,0,0.560196,6.048,90.2685,98.274,2.49955,0,0,2.3418,2.0394,0,1.80922,3.38688
78.6207,85.139,2.80998,0.12,0,2.98953,3.29193,0,0.560217,6.048,90.0025,98.274,2.78234,0,0,2.34187,2.03947,0,1.80927,3.38688
78.4211,85.139,2.87528,0.11,0,2.8892,3.1916,0,0.560239,6.048,90.1731,98.274,4.78439,0,0,2.24381,1.94141,0,1.80933,3.38688
77.902,85.139,2.55788,0.11,0,2.88931,3.19171,0,0.541437,6.048,89.8914,98.274,3.04054,0,0,2.24387,1.94147,0,1.73356,3.38688
76.9684,85.139,2.12828,0.1,0,2.88942,3.19182,0,0.541457,6.048,89.5359,98.274,2.71622,0,0,2.24394,1.94154,0,1.73362,3.38688
76.7462,85.139,2.93337,0.1,0,2.88953,3.19193,0,0.541478,6.048,89.3871,98.274,2.83339,0,0,2.24401,1.94161,0,1.73367,3.38688
76.0101,85.139,2.34455,0.1,0,2.80718,3.10958,0,0.541498,6.048,89.5028,98.274,3.16111,0,0,2.15474,1.85234,0,1.73372,3.38688
74.728,85.139,1.74506,0.1,0,2.80729,3.10969,0,0.526066,6.048,89.6666,98.274,3.27278,0,0,2.1548,1.8524,0,1.66475,3.38688
73.9023,85.139,2.2682,0.12,0,2.8074,3.1098,0,0.526086,6.048,89.5706,98.274,2.80548,0,0,2.15486,1.85246,0,1.6648,3.38688
75.7289,85.139,5.24028,0.14,0,2.8075,3.1099,0,0.526106,6.048,89.8599,98.274,4.44377,0,0,2.15493,1.85253,0,1.66485,3.38688
75.0007,85.139,2.16725,0.18,0,2.57339,2.87579,0,0.526126,6.048,89.6763,98.274,3.05135,0,0,1.9689,1.6665,0,1.6649,3.38688
74.5757,85.139,2.54259,0.19,0,2.57349,2.87589,0,0.482253,6.048,89.5256,98.274,3.03671,0,0,1.96896,1.66656,0,1.52118,3.38688
73.8461,85.139,2.20269,0.2,0,2.57359,2.87599,0,0.482272,6.048,89.3616,98.274,2.92812,0,0,1.96902,1.66662,0,1.52122,3.38688
73.8918,85.139,2.97551,0.19,0,2.57369,2.87609,0,0.48229,6.048,89.1609,98.274,2.96267,0,0,1.96908,1.66668,0,1.52126,3.38688
75.9055,85.139,5.05445,0.2,0,2.57378,2.87618,0,0.482309,6.048,91.0433,98.274,7.31616,0,0,1.96913,1.66673,0,1.52131,3.38688
79.678,85.139,6.9707,0.2,0,2.66399,2.96639,0,0.482327,6.048,92.1799,98.274,7.28592,0,0,2.02308,1.72068,0,1.52135,3.38688
85.0487,85.139,8.89093,0.18,0,2.66407,2.96647,0,0.499231,6.048,94.0683,98.274,12.5014,0,0,2.02313,1.72073,0,1.56303,3.38688
85.139,85.139,7.18392,0.18,0,2.66416,2.96656,0,0.499248,6.048,96.4022,98.274,9.4086,0,0,2.02318,1.72078,0,1.56307,3.38688
85.139,85.139,9.10047,0.14,0,2.66425,2.96665,0,0.499264,6.048,98.2256,98.274,8.66705,0,0,2.02324,1.72084,0,1.56311,3.38688
85.139,85.139,11.454,0.15,0,2.95371,3.25611,0,0.49928,6.048,99.3022,98.274,15.2839,0,0,2.22563,1.92323,0,1.56315,3.38688
85.139,85.139,9.14228,0.18,0,2.9538,3.2562,0,0.553524,6.048,99.3022,98.274,14.1043,0,0,2.22568,1.92328,0,1.71952,3.38688
85.139,85.139,8.58264,0.2,0,2.9539,3.2563,0,0.553542,6.048,99.3022,98.274,14.5338,0,0,2.22574,1.92334,0,1.71956,3.38688
85.139,85.139,7.20829,0.22,0,2.95399,3.25639,0,0.55356,6.048,99.3022,98.274,13.3761,0,0,2.2258,1.9234,0,1.71961,3.38688
85.139,85.139,6.47934,0.23,0,2.54131,2.84371,0,0.553578,6.048,99.3022,98.274,13.4594,0,0,1.95428,1.65188,0,1.71965,3.38688
85.139,85.139,5.72076,0.23,0,2.54139,2.84379,0,0.476241,6.048,99.3022,98.274,12.6376,0,0,1.95433,1.65193,0,1.50988,3.38688
85.139,85.139,7.37333,0.23,0,2.54148,2.84388,0,0.476257,6.048,99.3022,98.274,14.2514,0,0,1.95438,1.65198,0,1.50991,3.38688
85.139,85.139,7.06593,0.23,0,2.54156,2.84396,0,0.476273,6.048,99.3022,98.274,13.6776,0,0,1.95442,1.65202,0,1.50995,3.38688
85.139,85.139,9.17195,0.23,0,2.54164,2.84404,0,0.476288,6.048,99.3022,98.274,21.3927,0,0,1.95447,1.65207,0,1.50999,3.38688
85.139,85.139,8.02859,0.22,0,2.64565,2.94805,0,0.476304,6.048,99.3022,98.274,18.3967,0,0,2.02097,1.71857,0,1.51003,3.38688
85.139,85.139,7.26045,0.21,0,2.64573,2.94813,0,0.495794,6.048,99.3022,98.274,14.0605,0,0,2.02102,1.71862,0,1.5614,3.38688
85.139,85.139,5.88073,0.2,0,2.64582,2.94822,0,0.49581,6.048,99.3022,98.274,10.9324,0,0,2.02107,1.71867,0,1.56144,3.38688
85.139,85.139,5.16725,0.2,0,2.64591,2.94831,0,0.495827,6.048,99.3022,98.274,10.165,0,0,2.02112,1.71872,0,1.56148,3.38688
85.139,85.139,4.96669,0.2,0,2.60536,2.90776,0,0.495843,6.048,99.3022,98.274,10.4938,0,0,1.99536,1.69296,0,1.56152,3.38688
85.139,85.139,4.49846,0.2,0,2.60544,2.90784,0,0.488244,6.048,99.3022,98.274,9.3697,0,0,1.99541,1.69301,0,1.54162,3.38688
85.139,85.139,4.24931,0.18,0,2.60553,2.90793,0,0.48826,6.048,99.3022,98.274,8.42113,0,0,1.99546,1.69306,0,1.54165,3.38688
85.139,85.139,4.19192,0.18,0,2.60562,2.90802,0,0.488276,6.048,99.3022,98.274,8.54576,0,0,1.99551,1.69311,0,1.54169,3.38688
85.139,85.139,3.65318,0.17,0,2.74365,3.04605,0,0.488292,6.048,99.3022,98.274,8.39048,0,0,2.0871,1.7847,0,1.54173,3.38688
85.139,85.139,3.72344,0.14,0,2.74374,3.04614,0,0.51416,6.048,99.3022,98.274,6.63957,0,0,2.08715,1.78475,0,1.61249,3.38688
85.139,85.139,3.19476,0.13,0,2.74383,3.04623,0,0.514177,6.048,99.3022,98.274,5.98441,0,0,2.08721,1.78481,0,1.61254,3.38688
85.0573,85.139,2.94003,0.12,0,2.74392,3.04632,0,0.514194,6.048,99.3022,98.274,5.25514,0,0,2.08726,1.78486,0,1.61258,3.38688
85.139,85.139,3.53539,0.15,0,2.74401,3.04641,0,0.514211,6.048,99.3022,98.274,5.80303,0,0,2.08731,1.78491,0,1.61262,3.38688
85.139,85.139,3.61199,0.1,0,2.71682,3.01922,0,0.514228,6.048,99.3022,98.274,5.53791,0,0,2.13768,1.83528,0,1.61266,3.38688
85.139,85.139,3.42366,0.09,0,2.71691,3.01931,0,0.509131,6.048,99.3022,98.274,5.37053,0,0,2.13774,1.83534,0,1.65158,3.38688
85.139,85.139,3.19501,0.08,0,2.71699,3.01939,0,0.509148,6.048,99.3022,98.274,5.03787,0,0,2.13779,1.83539,0,1.65162,3.38688
85.139,85.139,3.08072,0.08,0,2.71708,3.01948,0,0.509165,6.048,99.3022,98.274,4.6336,0,0,2.13785,1.83545,0,1.65166,3.38688
85.139,85.139,3.08314,0.08,0,2.78764,3.09004,0,0.509181,6.048,99.3022,98.274,4.38378,0,0,2.18275,1.88035,0,1.6517,3.38688
85.0324,85.139,2.84797,0.08,0,2.78773,3.09013,0,0.522404,6.048,99.2634,98.274,4.18168,0,0,2.18281,1.88041,0,1.68639,3.38688
84.6827,85.139,2.59204,0.1,0,2.78783,3.09023,0,0.522421,6.048,99.1662,98.274,3.65068,0,0,2.18286,1.88046,0,1.68644,3.38688
84.6669,85.139,2.91806,0.1,0,2.78792,3.09032,0,0.522438,6.048,99.2708,98.274,4.85887,0,0,2.18292,1.88052,0,1.68648,3.38688
84.0378,85.139,2.49534,0.11,0,2.9944,3.2968,0,0.522456,6.048,99.2002,98.274,4.14919,0,0,2.34488,2.04248,0,1.68652,3.38688
83.2705,85.139,2.34917,0.11,0,2.9945,3.2969,0,0.561151,6.048,99.111,98.274,3.78836,0,0,2.34494,2.04254,0,1.81166,3.38688
81.9603,85.139,1.81044,0.11,0,2.9946,3.297,0,0.561169,6.048,98.9015,98.274,3.40529,0,0,2.345,2.0426,0,1.8117,3.38688
80.8485,85.139,1.9929,0.1,0,2.99469,3.29709,0,0.561187,6.048,98.752,98.274,3.47221,0,0,2.34506,2.04266,0,1.81175,3.38688
79.3154,85.139,1.64277,0.1,0,2.99479,3.29719,0,0.561206,6.048,98.8427,98.274,4.87995,0,0,2.34513,2.04273,0,1.8118,3.38688
77.8485,85.139,1.70246,0.12,0,2.89428,3.19668,0,0.561224,6.048,98.7263,98.274,3.67949,0,0,2.2469,1.9445,0,1.81184,3.38688
76.4367,85.139,1.74707,0.11,0,2.89438,3.19678,0,0.542389,6.048,98.8422,98.274,4.67934,0,0,2.24696,1.94456,0,1.73595,3.38688
74.8866,85.139,1.58529,0.1,0,2.89447,3.19687,0,0.542407,6.048,98.7383,98.274,3.67301,0,0,2.24701,1.94461,0,1.736,3.38688
73.6852,85.139,1.96728,0.1,0,2.89457,3.19697,0,0.542424,6.048,98.9458,98.274,5.49619,0,0,2.24707,1.94467,0,1.73604,3.38688
71.3701,85.139,0.679872,0.12,0,2.81207,3.11447,0,0.542442,6.048,98.4219,98.274,2.09102,0,0,2.15765,1.85525,0,1.73609,3.38688
69.1609,85.139,0.894805,0.17,0,2.81217,3.11457,0,0.526983,6.048,97.9874,98.274,1.79734,0,0,2.15771,1.85531,0,1.667,3.38688
66.8552,85.139,0.757267,0.18,0,2.81226,3.11466,0,0.527,6.048,97.5877,98.274,2.12506,0,0,2.15776,1.85536,0,1.66704,3.38688
65.9856,85.139,2.36282,0.22,0,2.81235,3.11475,0,0.527017,6.048,98.2978,98.274,6.54405,0,0,2.15781,1.85541,0,1.66709,3.38688
65.3886,85.139,2.31202,0.23,0,2.57786,2.88026,0,0.527034,6.048,98.5442,98.274,4.3531,0,0,1.97149,1.66909,0,1.66713,3.38688
65.1861,85.139,2.79252,0.26,0,2.57794,2.88034,0,0.483091,6.048,98.6823,98.274,3.99743,0,0,1.97154,1.66914,0,1.52318,3.38688
65.1163,85.139,2.87721,0.26,0,2.57803,2.88043,0,0.483107,6.048,98.8564,98.274,4.19644,0,0,1.97159,1.66919,0,1.52321,3.38688
65.9812,85.139,4.11504,0.26,0,2.57811,2.88051,0,0.483122,6.048,99.3022,98.274,6.73089,0,0,1.97164,1.66924,0,1.52325,3.38688
66.6622,85.139,3.69323,0.28,0,2.5782,2.8806,0,0.483138,6.048,99.3022,98.274,6.32982,0,0,1.97169,1.66929,0,1.52329,3.38688
69.0653,85.139,5.50665,0.29,0,2.66852,2.97092,0,0.483154,6.048,99.3022,98.274,5.17592,0,0,2.02572,1.72332,0,1.52333,3.38688
70.596,85.139,4.71598,0.27,0,2.6686,2.971,0,0.500082,6.048,99.3022,98.274,4.28843,0,0,2.02576,1.72336,0,1.56507,3.38688
71.4907,85.139,3.94583,0.29,0,2.66867,2.97107,0,0.500095,6.048,99.3022,98.274,3.73595,0,0,2.0258,1.7234,0,1.5651,3.38688
72.038,85.139,3.59733,0.29,0,2.66874,2.97114,0,0.500109,6.048,99.3022,98.274,3.38329,0,0,2.02584,1.72344,0,1.56513,3.38688
74.0716,85.139,5.4524,0.29,0,2.95862,3.26102,0,0.500123,6.048,99.3022,98.274,3.92768,0,0,2.22853,1.92613,0,1.56517,3.38688
75.0233,85.139,4.39477,0.26,0,2.9587,3.2611,0,0.554446,6.048,99.3022,98.274,3.16609,0,0,2.22858,1.92618,0,1.72176,3.38688
76.2019,85.139,4.62314,0.25,0,2.95879,3.26119,0,0.554461,6.048,99.1411,98.274,3.97032,0,0,2.22863,1.92623,0,1.7218,3.38688
76.6808,85.139,3.83125,0.26,0,2.95887,3.26127,0,0.554476,6.048,99.0974,98.274,2.7815,0,0,2.22867,1.92627,0,1.72184,3.38688
78.4397,85.139,4.84299,0.27,0,2.54555,2.84795,0,0.554491,6.048,99.3022,98.274,4.07719,0,0,1.95674,1.65434,0,1.72187,3.38688
79.7136,85.139,4.33802,0.29,0,2.54562,2.84802,0,0.477036,6.048,99.3022,98.274,3.49658,0,0,1.95678,1.65438,0,1.51178,3.38688
81.6231,85.139,5.03049,0.24,0,2.54569,2.84809,0,0.477049,6.048,99.2483,98.274,3.41762,0,0,1.95682,1.65442,0,1.51181,3.38688
82.8789,85.139,4.35224,0.25,0,2.54576,2.84816,0,0.477062,6.048,99.3022,98.274,3.00589,0,0,1.95686,1.65446,0,1.51184,3.38688
84.9836,85.139,5.2585,0.28,0,2.54583,2.84823,0,0.477076,6.048,99.3022,98.274,4.61382,0,0,1.95691,1.65451,0,1.51187,3.38688
85.139,85.139,4.75074,0.28,0,2.64997,2.95237,0,0.477089,6.048,99.3022,98.274,4.11095,0,0,2.02349,1.72109,0,1.5119,3.38688
85.139,85.139,3.55038,0.2,0,2.65005,2.95245,0,0.496605,6.048,99.1101,98.274,3.29277,0,0,2.02353,1.72113,0,1.56335,3.38688
85.0118,85.139,3.02199,0.19,0,2.65012,2.95252,0,0.496618,6.048,98.92,98.274,2.73482,0,0,2.02358,1.72118,0,1.56338,3.38688
84.7181,85.139,2.80831,0.23,0,2.65019,2.95259,0,0.496632,6.048,98.6687,98.274,2.73579,0,0,2.02362,1.72122,0,1.56341,3.38688
84.7617,85.139,3.06098,0.24,0,2.60957,2.91197,0,0.496646,6.048,98.3733,98.274,2.75289,0,0,1.99781,1.69541,0,1.56345,3.38688
84.6336,85.139,2.8123,0.24,0,2.60964,2.91204,0,0.489033,6.048,98.2113,98.274,2.60341,0,0,1.99785,1.69545,0,1.54351,3.38688
84.3179,85.139,2.59574,0.21,0,2.60971,2.91211,0,0.489047,6.048,97.9143,98.274,2.42992,0,0,1.9979,1.6955,0,1.54354,3.38688
83.9183,85.139,2.49709,0.21,0,2.60978,2.91218,0,0.48906,6.048,97.5411,98.274,2.2709,0,0,1.99794,1.69554,0,1.54357,3.38688
83.1894,85.139,2.26064,0.2,0,2.74801,3.05041,0,0.489074,6.048,97.0513,98.274,2.07604,0,0,2.08965,1.78725,0,1.54361,3.38688
82.3017,85.139,2.04276,0.19,0,2.74808,3.05048,0,0.514976,6.048,96.6216,98.274,2.02822,0,0,2.0897,1.7873,0,1.61447,3.38688
81.3953,85.139,2.01467,0.18,0,2.74816,3.05056,0,0.51499,6.048,96.1665,98.274,2.08317,0,0,2.08974,1.78734,0,1.6145,3.38688
80.3716,85.139,1.88422,0.17,0,2.74823,3.05063,0,0.515004,6.048,95.7052,98.274,1.94665,0,0,2.08978,1.78738,0,1.61453,3.38688
79.3853,85.139,1.88973,0.14,0,2.74831,3.05071,0,0.515018,6.048,95.3013,98.274,1.87444,0,0,2.08983,1.78743,0,1.61457,3.38688
78.42,85.139,1.86695,0.18,0,2.72106,3.02346,0,0.515033,6.048,94.725,98.274,1.90997,0,0,2.14026,1.83786,0,1.6146,3.38688
77.2981,85.139,1.70125,0.17,0,2.72113,3.02353,0,0.509926,6.048,94.1131,98.274,1.75165,0,0,2.14031,1.83791,0,1.65357,3.38688
76.0572,85.139,1.55443,0.15,0,2.72121,3.02361,0,0.50994,6.048,93.4433,98.274,1.67963,0,0,2.14035,1.83795,0,1.6536,3.38688
74.7751,85.139,1.4745,0.15,0,2.72128,3.02368,0,0.509954,6.048,92.6551,98.274,1.60156,0,0,2.1404,1.838,0,1.65364,3.38688
73.3787,85.139,1.40948,0.12,0,2.79193,3.09433,0,0.509968,6.048,91.8548,98.274,1.52049,0,0,2.18536,1.88296,0,1.65367,3.38688
71.9069,85.139,1.31976,0.18,0,2.792,3.0944,0,0.523207,6.048,90.9804,98.274,1.52117,0,0,2.18541,1.88301,0,1.68841,3.38688
70.301,85.139,1.17108,0.16,0,2.79208,3.09448,0,0.523221,6.048,90.0934,98.274,1.38838,0,0,2.18545,1.88305,0,1.68844,3.38688
68.6093,85.139,1.06114,0.15,0,2.79215,3.09455,0,0.523235,6.048,88.9607,98.274,1.35912,0,0,2.1855,1.8831,0,1.68848,3.38688
66.6699,85.139,0.948503,0.15,0,2.99891,3.30131,0,0.52325,6.048,87.7299,98.274,1.04267,0,0,2.34768,2.04528,0,1.68852,3.38688
64.7187,85.139,0.926175,0.18,0,2.99899,3.30139,0,0.561995,6.048,86.7737,98.274,0.990016,0,0,2.34773,2.04533,0,1.81381,3.38688
62.73,85.139,0.867985,0.18,0,2.99907,3.30147,0,0.562011,6.048,85.7076,98.274,1.21646,0,0,2.34778,2.04538,0,1.81385,3.38688
60.7219,85.139,0.826528,0.18,0,2.99915,3.30155,0,0.562026,6.048,84.7333,98.274,1.19108,0,0,2.34783,2.04543,0,1.81389,3.38688
58.9115,85.139,0.972521,0.22,0,2.99923,3.30163,0,0.562041,6.048,84.0001,98.274,1.26658,0,0,2.34788,2.04548,0,1.81393,3.38688
57.3778,85.139,1.18312,0.22,0,2.89858,3.20098,0,0.562056,6.048,83.3429,98.274,1.6312,0,0,2.24951,1.94711,0,1.81397,3.38688
55.9468,85.139,1.28219,0.23,0,2.89866,3.20106,0,0.543193,6.048,82.8133,98.274,1.76972,0,0,2.24956,1.94716,0,1.73797,3.38688
54.5553,85.139,1.32531,0.27,0,2.89873,3.20113,0,0.543208,6.048,82.2823,98.274,1.87491,0,0,2.2496,1.9472,0,1.73801,3.38688
53.3122,85.139,1.55308,0.27,0,2.89881,3.20121,0,0.543223,6.048,81.5188,98.274,2.43561,0,0,2.24965,1.94725,0,1.73804,3.38688
51.4226,85.139,0.836085,0.29,0,2.8162,3.1186,0,0.543238,6.048,80.9429,98.274,1.24585,0,0,2.16011,1.85771,0,1.73808,3.38688
50.2779,85.139,1.59606,0.28,0,2.81627,3.11867,0,0.527755,6.048,80.694,98.274,1.73035,0,0,2.16015,1.85775,0,1.6689,3.38688
49.4069,85.139,1.86317,0.31,0,2.81635,3.11875,0,0.527769,6.048,80.6391,98.274,2.96834,0,0,2.1602,1.8578,0,1.66893,3.38688
48.0561,85.139,1.36906,0.31,0,2.81643,3.11883,0,0.527784,6.048,80.3307,98.274,2.14528,0,0,2.16024,1.85784,0,1.66897,3.38688
47.1445,85.139,1.69629,0.3,0,2.58161,2.88401,0,0.527798,6.048,80.0466,98.274,2.38644,0,0,1.97367,1.67127,0,1.669,3.38688
45.3997,85.139,0.827634,0.34,0,2.58169,2.88409,0,0.483795,6.048,79.7186,98.274,2.12565,0,0,1.97371,1.67131,0,1.52486,3.38688
44.136,85.139,1.28996,0.4,0,2.58176,2.88416,0,0.483808,6.048,79.4129,98.274,2.17942,0,0,1.97375,1.67135,0,1.52489,3.38688
44.3767,85.139,2.74916,0.42,0,2.58183,2.88423,0,0.483821,6.048,79.322,98.274,3.12343,0,0,1.97379,1.67139,0,1.52492,3.38688
45.7717,85.139,4.00622,0.43,0,2.5819,2.8843,0,0.483835,6.048,79.6301,98.274,4.08812,0,0,1.97384,1.67144,0,1.52495,3.38688
47.733,85.139,4.74451,0.43,0,2.67233,2.97473,0,0.483848,6.048,80.5563,98.274,5.57996,0,0,2.02792,1.72552,0,1.52499,3.38688
49.3208,85.139,4.37878,0.45,0,2.67239,2.97479,0,0.500794,6.048,81.4123,98.274,5.37594,0,0,2.02796,1.72556,0,1.56677,3.38688
51.047,85.139,4.5888,0.45,0,2.67245,2.97485,0,0.500805,6.048,82.2732,98.274,5.45364,0,0,2.02799,1.72559,0,1.5668,3.38688
52.8084,85.139,4.69217,0.45,0,2.67251,2.97491,0,0.500816,6.048,83.0653,98.274,5.64562,0,0,2.02802,1.72562,0,1.56682,3.38688
53.2962,85.139,3.50794,0.43,0,2.96274,3.26514,0,0.500827,6.048,83.7366,98.274,4.75107,0,0,2.23096,1.92856,0,1.56685,3.38688
53.5762,85.139,3.282,0.47,0,2.9628,3.2652,0,0.555217,6.048,84.2658,98.274,4.73212,0,0,2.231,1.9286,0,1.72364,3.38688
54.8598,85.139,4.35775,0.48,0,2.96286,3.26526,0,0.555229,6.048,85.0303,98.274,5.69008,0,0,2.23104,1.92864,0,1.72367,3.38688
56.476,85.139,4.73265,0.51,0,2.96293,3.26533,0,0.555241,6.048,85.897,98.274,5.46727,0,0,2.23107,1.92867,0,1.7237,3.38688
58.6408,85.139,5.05357,0.55,0,2.54908,2.85148,0,0.555253,6.048,87.4065,98.274,7.24181,0,0,1.9588,1.6564,0,1.72373,3.38688
61.0795,85.139,5.38902,0.52,0,2.54914,2.85154,0,0.477698,6.048,89.3247,98.274,8.14389,0,0,1.95883,1.65643,0,1.51337,3.38688
62.9668,85.139,4.82696,0.57,0,2.5492,2.8516,0,0.477709,6.048,90.8471,98.274,6.957,0,0,1.95886,1.65646,0,1.51339,3.38688
65.5484,85.139,5.59778,0.52,0,2.54925,2.85165,0,0.47772,6.048,92.3646,98.274,6.78342,0,0,1.95889,1.65649,0,1.51342,3.38688
67.8731,85.139,5.33409,0.55,0,2.54931,2.85171,0,0.47773,6.048,93.7875,98.274,6.18012,0,0,1.95893,1.65653,0,1.51344,3.38688
70.8055,85.139,6.03503,0.58,0,2.65357,2.95597,0,0.477741,6.048,95.1966,98.274,6.49446,0,0,2.02558,1.72318,0,1.51347,3.38688
71.8705,85.139,4.07585,0.5,0,2.65362,2.95602,0,0.497278,6.048,96.1505,98.274,5.20059,0,0,2.02562,1.72322,0,1.56497,3.38688
73.1404,85.139,4.34713,0.5,0,2.65368,2.95608,0,0.497289,6.048,97.0744,98.274,5.17184,0,0,2.02565,1.72325,0,1.56499,3.38688
73.6607,85.139,3.52885,0.48,0,2.65374,2.95614,0,0.4973,6.048,97.6251,98.274,4.43398,0,0,2.02569,1.72329,0,1.56502,3.38688
73.2948,85.139,2.53797,0.46,0,2.61306,2.91546,0,0.497311,6.048,97.7944,98.274,2.86138,0,0,1.99984,1.69744,0,1.56505,3.38688
72.6159,85.139,2.19795,0.43,0,2.61311,2.91551,0,0.489687,6.048,97.9362,98.274,2.91385,0,0,1.99988,1.69748,0,1.54508,3.38688
72.2862,85.139,2.54551,0.38,0,2.61317,2.91557,0,0.489698,6.048,98.1764,98.274,2.9147,0,0,1.99991,1.69751,0,1.5451,3.38688
72.2701,85.139,2.86145,0.37,0,2.61323,2.91563,0,0.489708,6.048,98.4271,98.274,2.99927,0,0,1.99994,1.69754,0,1.54513,3.38688
71.5263,85.139,2.17305,0.34,0,2.7516,3.054,0,0.489719,6.048,98.5326,98.274,2.98866,0,0,2.09176,1.78936,0,1.54516,3.38688
70.6483,85.139,2.01874,0.3,0,2.75166,3.05406,0,0.51565,6.048,98.4891,98.274,2.76969,0,0,2.09179,1.78939,0,1.61609,3.38688
69.7263,85.139,1.95897,0.28,0,2.75172,3.05412,0,0.515661,6.048,98.4105,98.274,2.53006,0,0,2.09183,1.78943,0,1.61612,3.38688
68.5969,85.139,1.71914,0.26,0,2.75178,3.05418,0,0.515672,6.048,98.3137,98.274,2.37056,0,0,2.09186,1.78946,0,1.61615,3.38688
67.7984,85.139,2.01331,0.24,0,2.75184,3.05424,0,0.515684,6.048,98.2144,98.274,2.47935,0,0,2.0919,1.7895,0,1.61617,3.38688
67.4608,85.139,2.4622,0.29,0,2.72455,3.02695,0,0.515695,6.048,98.1402,98.274,2.56042,0,0,2.14238,1.83998,0,1.6162,3.38688
66.9254,85.139,2.25987,0.27,0,2.72461,3.02701,0,0.51058,6.048,97.9664,98.274,2.5614,0,0,2.14242,1.84002,0,1.65521,3.38688
66.2106,85.139,2.06858,0.23,0,2.72467,3.02707,0,0.510591,6.048,97.7443,98.274,2.28611,0,0,2.14246,1.84006,0,1.65523,3.38688
65.361,85.139,1.89938,0.23,0,2.72473,3.02713,0,0.510603,6.048,97.5164,98.274,2.23186,0,0,2.14249,1.84009,0,1.65526,3.38688
64.5614,85.139,1.98817,0.24,0,2.79544,3.09784,0,0.510614,6.048,97.3906,98.274,2.43074,0,0,2.18749,1.88509,0,1.65529,3.38688
63.7228,85.139,1.94179,0.23,0,2.7955,3.0979,0,0.523865,6.048,97.1967,98.274,2.49669,0,0,2.18753,1.88513,0,1.69006,3.38688
62.7742,85.139,1.8136,0.23,0,2.79556,3.09796,0,0.523876,6.048,96.9251,98.274,2.34584,0,0,2.18757,1.88517,0,1.69009,3.38688
61.6939,85.139,1.66459,0.21,0,2.79562,3.09802,0,0.523888,6.048,96.6642,98.274,2.2214,0,0,2.18761,1.88521,0,1.69012,3.38688
60.5951,85.139,1.79198,0.26,0,3.00259,3.30499,0,0.523899,6.048,96.4167,98.274,2.48651,0,0,2.34996,2.04756,0,1.69015,3.38688
59.3959,85.139,1.6817,0.25,0,3.00265,3.30505,0,0.562685,6.048,95.9979,98.274,2.17328,0,0,2.35,2.0476,0,1.81558,3.38688
57.927,85.139,1.41628,0.25,0,3.00272,3.30512,0,0.562697,6.048,95.6826,98.274,1.91218,0,0,2.35004,2.04764,0,1.81561,3.38688
56.6163,85.139,1.54354,0.25,0,3.00279,3.30519,0,0.56271,6.048,95.6152,98.274,2.52339,0,0,2.35008,2.04768,0,1.81564,3.38688
55.6493,85.139,1.92188,0.29,0,3.00285,3.30525,0,0.562722,6.048,95.5595,98.274,2.60263,0,0,2.35012,2.04772,0,1.81567,3.38688
55.9604,85.139,3.23465,0.28,0,2.90207,3.20447,0,0.562734,6.048,96.487,98.274,4.45057,0,0,2.25163,1.94923,0,1.8157,3.38688
56.8923,85.139,3.87776,0.28,0,2.90213,3.20453,0,0.543847,6.048,97.8889,98.274,5.22534,0,0,2.25167,1.94927,0,1.73961,3.38688
57.7043,85.139,3.78882,0.25,0,2.90219,3.20459,0,0.543859,6.048,98.8475,98.274,4.51278,0,0,2.25171,1.94931,0,1.73964,3.38688
57.9917,85.139,3.3297,0.25,0,2.90226,3.20466,0,0.543871,6.048,99.3022,98.274,4.48582,0,0,2.25175,1.94935,0,1.73967,3.38688
57.581,85.139,2.56312,0.26,0,2.81954,3.12194,0,0.543883,6.048,99.3022,98.274,4.27563,0,0,2.1621,1.8597,0,1.7397,3.38688
56.8957,85.139,2.32135,0.25,0,2.8196,3.122,0,0.528381,6.048,99.3022,98.274,3.66545,0,0,2.16213,1.85973,0,1.67044,3.38688
57.211,85.139,3.35088,0.27,0,2.81966,3.12206,0,0.528393,6.048,99.3022,98.274,5.67301,0,0,2.16217,1.85977,0,1.67046,3.38688
58.7677,85.139,4.7014,0.27,0,2.81972,3.12212,0,0.528404,6.048,99.3022,98.274,5.39057,0,0,2.16221,1.85981,0,1.67049,3.38688
62.3655,85.139,6.67461,0.28,0,2.58465,2.88705,0,0.528416,6.048,99.3022,98.274,7.31413,0,0,1.97543,1.67303,0,1.67052,3.38688
64.4355,85.139,5.10465,0.28,0,2.58471,2.88711,0,0.484363,6.048,99.3022,98.274,5.77726,0,0,1.97546,1.67306,0,1.52622,3.38688
65.8161,85.139,4.45611,0.26,0,2.58476,2.88716,0,0.484374,6.048,99.3022,98.274,7.02769,0,0,1.97549,1.67309,0,1.52624,3.38688
68.1248,85.139,5.49231,0.26,0,2.58482,2.88722,0,0.484384,6.048,99.3022,98.274,10.1121,0,0,1.97553,1.67313,0,1.52627,3.38688
72.2598,85.139,7.50982,0.23,0,2.58488,2.88728,0,0.484395,6.048,99.3022,98.274,9.66481,0,0,1.97556,1.67316,0,1.52629,3.38688
74.1597,85.139,5.09122,0.25,0,2.67538,2.97778,0,0.484406,6.048,99.3022,98.274,8.26118,0,0,2.02969,1.72729,0,1.52632,3.38688
76.047,85.139,5.09664,0.21,0,2.67543,2.97783,0,0.501367,6.048,99.3022,98.274,8.89687,0,0,2.02972,1.72732,0,1.56814,3.38688
77.6146,85.139,4.75804,0.22,0,2.67547,2.97787,0,0.501375,6.048,99.3022,98.274,9.6088,0,0,2.02975,1.72735,0,1.56816,3.38688
80.79,85.139,6.44601,0.22,0,2.67552,2.97792,0,0.501384,6.048,99.3022,98.274,8.35956,0,0,2.02977,1.72737,0,1.56818,3.38688
82.0681,85.139,4.76142,0.19,0,2.96603,3.26843,0,0.501392,6.048,99.3022,98.274,5.68112,0,0,2.2329,1.9305,0,1.5682,3.38688
83.5649,85.139,5.01554,0.2,0,2.96608,3.26848,0,0.555833,6.048,99.3022,98.274,7.86213,0,0,2.23293,1.93053,0,1.72514,3.38688
85.139,85.139,5.72527,0.2,0,2.96612,3.26852,0,0.555843,6.048,99.3022,98.274,9.04475,0,0,2.23296,1.93056,0,1.72516,3.38688
85.139,85.139,5.83461,0.17,0,2.96617,3.26857,0,0.555852,6.048,99.3022,98.274,11.3663,0,0,2.23299,1.93059,0,1.72519,3.38688
85.139,85.139,4.67236,0.17,0,2.5519,2.8543,0,0.555861,6.048,99.3022,98.274,7.00077,0,0,1.96043,1.65803,0,1.72521,3.38688
85.139,85.139,3.76218,0.18,0,2.55195,2.85435,0,0.478227,6.048,99.3022,98.274,7.4875,0,0,1.96046,1.65806,0,1.51463,3.38688
85.139,85.139,5.53288,0.19,0,2.55199,2.85439,0,0.478235,6.048,99.3022,98.274,8.79991,0,0,1.96048,1.65808,0,1.51465,3.38688
85.139,85.139,6.99046,0.2,0,2.55203,2.85443,0,0.478243,6.048,99.3022,98.274,8.87797,0,0,1.96051,1.65811,0,1.51467,3.38688
85.139,85.139,4.43428,0.2,0,2.55208,2.85448,0,0.478251,6.048,99.3022,98.274,7.28525,0,0,1.96053,1.65813,0,1.51469,3.38688
85.139,85.139,4.23013,0.2,0,2.65642,2.95882,0,0.478259,6.048,99.3022,98.274,6.42232,0,0,2.02725,1.72485,0,1.51471,3.38688
85.139,85.139,5.39863,0.19,0,2.65646,2.95886,0,0.497812,6.048,99.3022,98.274,9.31791,0,0,2.02727,1.72487,0,1.56625,3.38688
85.139,85.139,3.84887,0.19,0,2.6565,2.9589,0,0.497821,6.048,99.3022,98.274,6.32281,0,0,2.0273,1.7249,0,1.56627,3.38688
85.139,85.139,3.29762,0.18,0,2.65655,2.95895,0,0.497829,6.048,99.3022,98.274,5.3985,0,0,2.02732,1.72492,0,1.56629,3.38688
85.139,85.139,3.65904,0.19,0,2.61581,2.91821,0,0.497837,6.048,99.3022,98.274,6.47426,0,0,2.00145,1.69905,0,1.56631,3.38688
85.139,85.139,3.30601,0.19,0,2.61585,2.91825,0,0.490203,6.048,99.3022,98.274,5.65976,0,0,2.00147,1.69907,0,1.54632,3.38688
85.139,85.139,3.85757,0.17,0,2.6159,2.9183,0,0.490211,6.048,99.3022,98.274,5.71333,0,0,2.0015,1.6991,0,1.54634,3.38688
85.139,85.139,3.08,0.17,0,2.61594,2.91834,0,0.490219,6.048,99.3022,98.274,5.50868,0,0,2.00152,1.69912,0,1.54636,3.38688
84.9258,85.139,2.75043,0.17,0,2.75443,3.05683,0,0.490228,6.048,99.3022,98.274,4.53316,0,0,2.09341,1.79101,0,1.54638,3.38688
84.3686,85.139,2.4157,0.19,0,2.75447,3.05687,0,0.516179,6.048,99.3022,98.274,4.17153,0,0,2.09344,1.79104,0,1.61737,3.38688
83.5418,85.139,2.13644,0.18,0,2.75452,3.05692,0,0.516188,6.048,99.3022,98.274,3.92963,0,0,2.09347,1.79107,0,1.61739,3.38688
82.5471,85.139,1.94951,0.17,0,2.75456,3.05696,0,0.516197,6.048,99.3022,98.274,3.72903,0,0,2.09349,1.79109,0,1.61741,3.38688
81.4847,85.139,1.84009,0.14,0,2.75461,3.05701,0,0.516205,6.048,99.3022,98.274,3.42825,0,0,2.09352,1.79112,0,1.61743,3.38688
80.3778,85.139,1.74915,0.13,0,2.72727,3.02967,0,0.516214,6.048,99.3022,98.274,3.5628,0,0,2.14404,1.84164,0,1.61745,3.38688
79.1726,85.139,1.64403,0.13,0,2.72732,3.02972,0,0.511091,6.048,99.2841,98.274,3.38851,0,0,2.14407,1.84167,0,1.65649,3.38688
77.8349,85.139,1.50212,0.16,0,2.72737,3.02977,0,0.5111,6.048,99.2428,98.274,3.32338,0,0,2.1441,1.8417,0,1.65651,3.38688
76.376,85.139,1.36179,0.16,0,2.72741,3.02981,0,0.511108,6.048,99.145,98.274,3.02188,0,0,2.14413,1.84173,0,1.65653,3.38688
74.7791,85.139,1.25417,0.14,0,2.79817,3.10057,0,0.511117,6.048,98.8242,98.274,2.56968,0,0,2.18916,1.88676,0,1.65655,3.38688
73.1195,85.139,1.17906,0.14,0,2.79821,3.10061,0,0.524376,6.048,98.4414,98.274,2.35582,0,0,2.18919,1.88679,0,1.69134,3.38688
71.3815,85.139,1.08213,0.18,0,2.79826,3.10066,0,0.524385,6.048,98.0527,98.274,2.21783,0,0,2.18921,1.88681,0,1.69136,3.38688
69.8742,85.139,1.28933,0.17,0,2.79831,3.10071,0,0.524394,6.048,97.8098,98.274,2.95134,0,0,2.18924,1.88684,0,1.69139,3.38688
67.9983,85.139,1.07935,0.17,0,3.00544,3.30784,0,0.524403,6.048,97.3952,98.274,2.34958,0,0,2.35172,2.04932,0,1.69141,3.38688
66.0027,85.139,0.945776,0.2,0,3.00549,3.30789,0,0.563219,6.048,96.8543,98.274,2.07809,0,0,2.35175,2.04935,0,1.81694,3.38688
64.0843,85.139,1.01737,0.2,0,3.00554,3.30794,0,0.563229,6.048,96.3939,98.274,2.5366,0,0,2.35178,2.04938,0,1.81696,3.38688
62.0158,85.139,0.842871,0.2,0,3.00559,3.30799,0,0.563238,6.048,95.8096,98.274,1.78857,0,0,2.35181,2.04941,0,1.81699,3.38688
60.2081,85.139,1.07949,0.24,0,3.00564,3.30804,0,0.563247,6.048,95.5186,98.274,3.36969,0,0,2.35184,2.04944,0,1.81701,3.38688
58.3884,85.139,0.951384,0.24,0,2.90475,3.20715,0,0.563256,6.048,95.2315,98.274,3.23594,0,0,2.25327,1.95087,0,1.81704,3.38688
56.4823,85.139,0.845437,0.25,0,2.9048,3.2072,0,0.544351,6.048,94.651,98.274,1.95846,0,0,2.2533,1.9509,0,1.74087,3.38688
54.4777,85.139,0.720539,0.29,0,2.90485,3.20725,0,0.54436,6.048,94.0381,98.274,1.78755,0,0,2.25332,1.95092,0,1.7409,3.38688
53.1836,85.139,1.53899,0.29,0,2.9049,3.2073,0,0.544369,6.048,93.8006,98.274,2.6874,0,0,2.25335,1.95095,0,1.74092,3.38688
52.551,85.139,2.14838,0.3,0,2.82209,3.12449,0,0.544378,6.048,93.6068,98.274,2.48435,0,0,2.16362,1.86122,0,1.74094,3.38688
52.0281,85.139,2.27395,0.29,0,2.82214,3.12454,0,0.52886,6.048,93.424,98.274,2.38262,0,0,2.16365,1.86125,0,1.67161,3.38688
52.6122,85.139,3.38619,0.3,0,2.82219,3.12459,0,0.528869,6.048,93.8261,98.274,4.30663,0,0,2.16367,1.86127,0,1.67163,3.38688
51.9469,85.139,2.12807,0.29,0,2.82223,3.12463,0,0.528878,6.048,93.818,98.274,3.39588,0,0,2.1637,1.8613,0,1.67165,3.38688
53.6007,85.139,4.40515,0.3,0,2.58696,2.88936,0,0.528886,6.048,93.8552,98.274,3.72432,0,0,1.97677,1.67437,0,1.67168,3.38688
53.0361,85.139,2.07463,0.32,0,2.587,2.8894,0,0.484795,6.048,93.4136,98.274,1.98759,0,0,1.97679,1.67439,0,1.52725,3.38688
54.6414,85.139,4.39345,0.32,0,2.58704,2.88944,0,0.484804,6.048,93.595,98.274,5.32146,0,0,1.97682,1.67442,0,1.52727,3.38688
56.2296,85.139,4.36309,0.35,0,2.58709,2.88949,0,0.484812,6.048,93.4292,98.274,3.55344,0,0,1.97684,1.67444,0,1.52729,3.38688
57.9207,85.139,4.40976,0.38,0,2.58713,2.88953,0,0.48482,6.048,93.0829,98.274,2.85588,0,0,1.97687,1.67447,0,1.52731,3.38688
61.5752,85.139,6.85386,0.34,0,2.67769,2.98009,0,0.484828,6.048,94.1934,98.274,8.66504,0,0,2.03103,1.72863,0,1.52733,3.38688
70.615,85.139,12.5049,0.35,0,2.67772,2.98012,0,0.5018,6.048,97.3056,98.274,14.0985,0,0,2.03105,1.72865,0,1.56918,3.38688
75.6886,85.139,8.50726,0.27,0,2.67775,2.98015,0,0.501805,6.048,99.3022,98.274,10.354,0,0,2.03107,1.72867,0,1.56919,3.38688
80.8027,85.139,8.62021,0.22,0,2.67778,2.98018,0,0.501811,6.048,99.3022,98.274,11.4884,0,0,2.03109,1.72869,0,1.5692,3.38688
83.4199,85.139,6.37126,0.19,0,2.9685,3.2709,0,0.501817,6.048,99.3022,98.274,10.7817,0,0,2.23436,1.93196,0,1.56922,3.38688
84.6431,85.139,4.75245,0.19,0,2.96853,3.27093,0,0.556296,6.048,99.3022,98.274,8.64637,0,0,2.23438,1.93198,0,1.72627,3.38688
85.139,85.139,4.92627,0.19,0,2.96856,3.27096,0,0.556303,6.048,99.3022,98.274,8.03492,0,0,2.2344,1.932,0,1.72628,3.38688
85.139,85.139,4.41426,0.17,0,2.9686,3.271,0,0.556309,6.048,99.3022,98.274,8.11107,0,0,2.23442,1.93202,0,1.7263,3.38688
85.139,85.139,4.82596,0.17,0,2.55401,2.85641,0,0.556315,6.048,99.3022,98.274,7.68678,0,0,1.96165,1.65925,0,1.72631,3.38688
85.139,85.139,5.27176,0.18,0,2.55404,2.85644,0,0.478621,6.048,99.3022,98.274,5.22421,0,0,1.96167,1.65927,0,1.51557,3.38688
85.139,85.139,3.51674,0.19,0,2.55406,2.85646,0,0.478626,6.048,99.3022,98.274,4.10121,0,0,1.96169,1.65929,0,1.51559,3.38688
85.139,85.139,4.60774,0.2,0,2.55409,2.85649,0,0.478632,6.048,99.3022,98.274,6.97293,0,0,1.9617,1.6593,0,1.5156,3.38688
85.139,85.139,4.68537,0.2,0,2.55412,2.85652,0,0.478637,6.048,99.3022,98.274,5.9651,0,0,1.96172,1.65932,0,1.51561,3.38688
85.139,85.139,4.05658,0.2,0,2.65852,2.96092,0,0.478643,6.048,99.3022,98.274,5.28052,0,0,2.02848,1.72608,0,1.51563,3.38688
85.139,85.139,3.48388,0.19,0,2.65855,2.96095,0,0.498207,6.048,99.3022,98.274,5.49873,0,0,2.02849,1.72609,0,1.5672,3.38688
85.139,85.139,3.87896,0.19,0,2.65858,2.96098,0,0.498213,6.048,99.3022,98.274,5.66003,0,0,2.02851,1.72611,0,1.56721,3.38688
85.139,85.139,3.20667,0.18,0,2.65861,2.96101,0,0.498219,6.048,99.3022,98.274,5.17202,0,0,2.02853,1.72613,0,1.56723,3.38688
85.139,85.139,3.08306,0.18,0,2.61783,2.92023,0,0.498224,6.048,99.3022,98.274,4.95438,0,0,2.00262,1.70022,0,1.56724,3.38688
84.791,85.139,2.69404,0.19,0,2.61786,2.92026,0,0.490582,6.048,99.3022,98.274,4.95447,0,0,2.00264,1.70024,0,1.54723,3.38688
84.5227,85.139,2.76471,0.22,0,2.61789,2.92029,0,0.490588,6.048,99.3022,98.274,4.952,0,0,2.00266,1.70026,0,1.54724,3.38688
85.139,85.139,3.78692,0.22,0,2.61792,2.92032,0,0.490593,6.048,99.3022,98.274,5.45128,0,0,2.00268,1.70028,0,1.54725,3.38688
84.5244,85.139,2.47359,0.17,0,2.75649,3.05889,0,0.490599,6.048,99.3022,98.274,4.51055,0,0,2.09462,1.79222,0,1.54727,3.38688
83.7699,85.139,2.25656,0.2,0,2.75652,3.05892,0,0.516565,6.048,99.3022,98.274,3.92335,0,0,2.09464,1.79224,0,1.6183,3.38688
82.9366,85.139,2.15701,0.19,0,2.75655,3.05895,0,0.516571,6.048,99.3022,98.274,3.99829,0,0,2.09466,1.79226,0,1.61832,3.38688
82.0181,85.139,2.05856,0.16,0,2.75658,3.05898,0,0.516577,6.048,99.3022,98.274,3.89457,0,0,2.09468,1.79228,0,1.61833,3.38688
80.9059,85.139,1.85368,0.14,0,2.75661,3.05901,0,0.516583,6.048,99.3022,98.274,3.62512,0,0,2.09469,1.79229,0,1.61835,3.38688
79.377,85.139,1.37797,0.13,0,2.72924,3.03164,0,0.516589,6.048,99.3022,98.274,3.3945,0,0,2.14524,1.84284,0,1.61836,3.38688
77.7942,85.139,1.27454,0.17,0,2.72927,3.03167,0,0.51146,6.048,99.3022,98.274,3.26421,0,0,2.14526,1.84286,0,1.65741,3.38688
76.1441,85.139,1.1901,0.16,0,2.7293,3.0317,0,0.511466,6.048,99.3022,98.274,3.32033,0,0,2.14528,1.84288,0,1.65743,3.38688
74.4396,85.139,1.1177,0.16,0,2.72934,3.03174,0,0.511472,6.048,99.3022,98.274,3.2545,0,0,2.1453,1.8429,0,1.65744,3.38688
72.8487,85.139,1.26569,0.14,0,2.80012,3.10252,0,0.511478,6.048,99.3022,98.274,3.37958,0,0,2.19035,1.88795,0,1.65746,3.38688
71.3008,85.139,1.29195,0.18,0,2.80015,3.10255,0,0.524743,6.048,99.3022,98.274,3.51849,0,0,2.19037,1.88797,0,1.69226,3.38688
69.6068,85.139,1.12952,0.18,0,2.80019,3.10259,0,0.524749,6.048,99.3022,98.274,3.27323,0,0,2.19039,1.88799,0,1.69228,3.38688
67.843,85.139,1.04175,0.17,0,2.80022,3.10262,0,0.524755,6.048,99.3022,98.274,3.15688,0,0,2.1904,1.888,0,1.69229,3.38688
65.8228,85.139,0.918016,0.2,0,3.00746,3.30986,0,0.524761,6.048,99.3022,98.274,3.08088,0,0,2.35297,2.05057,0,1.69231,3.38688
63.8586,85.139,0.946696,0.2,0,3.00749,3.30989,0,0.563598,6.048,99.1641,98.274,2.84741,0,0,2.353,2.0506,0,1.81791,3.38688
61.9715,85.139,1.0203,0.2,0,3.00753,3.30993,0,0.563605,6.048,99.2305,98.274,3.46485,0,0,2.35302,2.05062,0,1.81792,3.38688
59.9365,85.139,0.846388,0.24,0,3.00756,3.30996,0,0.563611,6.048,99.0001,98.274,2.4726,0,0,2.35304,2.05064,0,1.81794,3.38688
58.1155,85.139,1.03614,0.23,0,3.0076,3.31,0,0.563617,6.048,99.252,98.274,4.55247,0,0,2.35306,2.05066,0,1.81796,3.38688
56.0945,85.139,0.720418,0.23,0,2.90664,3.20904,0,0.563623,6.048,98.756,98.274,2.17282,0,0,2.25441,1.95201,0,1.81797,3.38688
54.0775,85.139,0.727974,0.28,0,2.90667,3.20907,0,0.544704,6.048,98.4209,98.274,2.01516,0,0,2.25443,1.95203,0,1.74176,3.38688
52.4194,85.139,1.08194,0.29,0,2.9067,3.2091,0,0.54471,6.048,98.2026,98.274,2.39914,0,0,2.25445,1.95205,0,1.74177,3.38688
51.1494,85.139,1.48826,0.3,0,2.90673,3.20913,0,0.544716,6.048,98.4646,98.274,3.87964,0,0,2.25447,1.95207,0,1.74179,3.38688
49.6081,85.139,1.15946,0.3,0,2.82387,3.12627,0,0.544722,6.048,98.2523,98.274,2.45131,0,0,2.16468,1.86228,0,1.7418,3.38688
48.1726,85.139,1.27118,0.36,0,2.8239,3.1263,0,0.529193,6.048,97.9291,98.274,2.3929,0,0,2.16469,1.86229,0,1.67243,3.38688
47.2374,85.139,1.8112,0.36,0,2.82393,3.12633,0,0.529199,6.048,97.7675,98.274,2.86656,0,0,2.16471,1.86231,0,1.67244,3.38688
48.2717,85.139,3.80641,0.35,0,2.82396,3.12636,0,0.529205,6.048,98.3444,98.274,4.66017,0,0,2.16473,1.86233,0,1.67246,3.38688
48.3715,85.139,2.73661,0.34,0,2.58854,2.89094,0,0.529211,6.048,98.2378,98.274,2.79495,0,0,1.97768,1.67528,0,1.67247,3.38688
48.1605,85.139,2.48003,0.37,0,2.58857,2.89097,0,0.485093,6.048,98.1045,98.274,2.45491,0,0,1.9777,1.6753,0,1.52796,3.38688
49.2693,85.139,3.84254,0.4,0,2.5886,2.891,0,0.485098,6.048,98.2316,98.274,3.34813,0,0,1.97772,1.67532,0,1.52797,3.38688
52.8451,85.139,6.32915,0.41,0,2.58863,2.89103,0,0.485104,6.048,98.2388,98.274,2.7689,0,0,1.97774,1.67534,0,1.52799,3.38688
55.9336,85.139,5.86715,0.4,0,2.58866,2.89106,0,0.485109,6.048,99.0987,98.274,4.38293,0,0,1.97775,1.67535,0,1.528,3.38688
59.4525,85.139,6.3642,0.41,0,2.58866,2.89106,0,0.485115,6.048,99.3022,98.274,3.88897,0,0,1.97775,1.67535,0,1.52801,3.38688
62.5371,85.139,6.12695,0.37,0,2.67926,2.98166,0,0.485115,6.048,99.2066,98.274,3.26036,0,0,2.03194,1.72954,0,1.52801,3.38688
65.6335,85.139,6.1358,0.34,0,2.67927,2.98167,0,0.502093,6.048,99.1188,98.274,3.24608,0,0,2.03195,1.72955,0,1.56988,3.38688
68.6606,85.139,6.07863,0.36,0,2.67929,2.98169,0,0.502096,6.048,99.2408,98.274,3.87222,0,0,2.03196,1.72956,0,1.56988,3.38688
71.9615,85.139,6.41157,0.3,0,2.6793,2.9817,0,0.502099,6.048,99.2604,98.274,4.09883,0,0,2.03197,1.72957,0,1.56989,3.38688
74.3692,85.139,5.7523,0.32,0,2.97015,3.27255,0,0.502102,6.048,99.2131,98.274,3.65666,0,0,2.23534,1.93294,0,1.5699,3.38688
76.4847,85.139,5.51879,0.26,0,2.97017,3.27257,0,0.556606,6.048,98.9381,98.274,2.96351,0,0,2.23535,1.93295,0,1.72702,3.38688
78.4875,85.139,5.42635,0.27,0,2.97019,3.27259,0,0.55661,6.048,98.6927,98.274,2.72641,0,0,2.23536,1.93296,0,1.72703,3.38688
82.6404,85.139,7.72803,0.28,0,2.9702,3.2726,0,0.556613,6.048,98.8234,98.274,4.01032,0,0,2.23537,1.93297,0,1.72704,3.38688
85.139,85.139,8.16066,0.24,0,2.5554,2.8578,0,0.556616,6.048,99.2051,98.274,4.35673,0,0,1.96246,1.66006,0,1.72705,3.38688
85.139,85.139,5.84785,0.2,0,2.55541,2.85781,0,0.478881,6.048,99.1738,98.274,3.49657,0,0,1.96247,1.66007,0,1.5162,3.38688
85.139,85.139,5.22254,0.21,0,2.55543,2.85783,0,0.478884,6.048,99.0727,98.274,2.67055,0,0,1.96248,1.66008,0,1.5162,3.38688
85.139,85.139,5.51315,0.22,0,2.55544,2.85784,0,0.478887,6.048,99.137,98.274,3.34496,0,0,1.96249,1.66009,0,1.51621,3.38688
85.139,85.139,7.77513,0.22,0,2.55546,2.85786,0,0.47889,6.048,99.3022,98.274,3.81138,0,0,1.9625,1.6601,0,1.51622,3.38688
85.139,85.139,5.82963,0.21,0,2.6599,2.9623,0,0.478893,6.048,99.3022,98.274,3.44064,0,0,2.02927,1.72687,0,1.51623,3.38688
85.139,85.139,4.78482,0.21,0,2.65991,2.96231,0,0.498464,6.048,99.2207,98.274,3.06929,0,0,2.02928,1.72688,0,1.56782,3.38688
85.139,85.139,4.05263,0.2,0,2.65993,2.96233,0,0.498467,6.048,98.9632,98.274,2.71119,0,0,2.02929,1.72689,0,1.56783,3.38688
85.139,85.139,3.42806,0.2,0,2.65994,2.96234,0,0.49847,6.048,98.7018,98.274,2.39231,0,0,2.0293,1.7269,0,1.56783,3.38688
85.139,85.139,3.02137,0.2,0,2.61913,2.92153,0,0.498473,6.048,98.4028,98.274,2.58266,0,0,2.00338,1.70098,0,1.56784,3.38688
85.139,85.139,3.49747,0.18,0,2.61915,2.92155,0,0.490825,6.048,98.2008,98.274,2.54138,0,0,2.00339,1.70099,0,1.54781,3.38688
85.139,85.139,3.93262,0.18,0,2.61916,2.92156,0,0.490828,6.048,97.9877,98.274,2.60917,0,0,2.0034,1.701,0,1.54782,3.38688
84.9788,85.139,2.73707,0.17,0,2.61918,2.92158,0,0.490831,6.048,97.6712,98.274,2.38282,0,0,2.00341,1.70101,0,1.54783,3.38688
84.8482,85.139,2.89754,0.22,0,2.75779,3.06019,0,0.490834,6.048,97.3787,98.274,2.40067,0,0,2.09538,1.79298,0,1.54783,3.38688
84.4268,85.139,2.53739,0.2,0,2.7578,3.0602,0,0.516809,6.048,97.0501,98.274,2.21771,0,0,2.09539,1.79299,0,1.61889,3.38688
83.9123,85.139,2.42575,0.17,0,2.75782,3.06022,0,0.516812,6.048,96.6836,98.274,2.25058,0,0,2.0954,1.793,0,1.6189,3.38688
83.2984,85.139,2.31528,0.15,0,2.75784,3.06024,0,0.516815,6.048,96.3711,98.274,2.17815,0,0,2.09541,1.79301,0,1.61891,3.38688
83.3939,85.139,3.05104,0.14,0,2.75785,3.06025,0,0.516819,6.048,96.1737,98.274,2.60554,0,0,2.09542,1.79302,0,1.61892,3.38688
83.3562,85.139,2.89571,0.13,0,2.73046,3.03286,0,0.516822,6.048,95.9289,98.274,2.48042,0,0,2.14598,1.84358,0,1.61892,3.38688
83.0748,85.139,2.648,0.11,0,2.73048,3.03288,0,0.511688,6.048,95.6184,98.274,2.47653,0,0,2.14599,1.84359,0,1.65798,3.38688
82.5492,85.139,2.39058,0.11,0,2.73049,3.03289,0,0.511691,6.048,95.016,98.274,2.23194,0,0,2.146,1.8436,0,1.65799,3.38688
81.7733,85.139,2.08879,0.1,0,2.73051,3.03291,0,0.511695,6.048,94.4524,98.274,1.80204,0,0,2.14601,1.84361,0,1.658,3.38688
81.1131,85.139,2.27524,0.1,0,2.80131,3.10371,0,0.511698,6.048,93.9286,98.274,2.02447,0,0,2.19107,1.88867,0,1.65801,3.38688
80.2653,85.139,2.05617,0.1,0,2.80133,3.10373,0,0.524965,6.048,93.1591,98.274,1.91976,0,0,2.19108,1.88868,0,1.69282,3.38688
79.2468,85.139,1.87268,0.09,0,2.80134,3.10374,0,0.524969,6.048,92.621,98.274,1.67831,0,0,2.19109,1.88869,0,1.69283,3.38688
78.36,85.139,1.99253,0.12,0,2.80136,3.10376,0,0.524972,6.048,91.832,98.274,2.05688,0,0,2.1911,1.8887,0,1.69284,3.38688
77.0679,85.139,1.74955,0.12,0,3.00866,3.31106,0,0.524975,6.048,91.1743,98.274,1.58835,0,0,2.35372,2.05132,0,1.69284,3.38688
75.9466,85.139,1.93668,0.13,0,3.00868,3.31108,0,0.563824,6.048,90.2774,98.274,1.92914,0,0,2.35373,2.05133,0,1.81848,3.38688
74.4749,85.139,1.57555,0.13,0,3.0087,3.3111,0,0.563827,6.048,89.7745,98.274,1.38653,0,0,2.35374,2.05134,0,1.81849,3.38688
73.3736,85.139,1.92537,0.11,0,3.00872,3.31112,0,0.563831,6.048,89.3902,98.274,2.47194,0,0,2.35375,2.05135,0,1.8185,3.38688
71.6108,85.139,1.32159,0.14,0,3.00874,3.31114,0,0.563834,6.048,88.7224,98.274,1.89994,0,0,2.35376,2.05136,0,1.81851,3.38688
69.6473,85.139,1.00003,0.13,0,2.90773,3.21013,0,0.563837,6.048,87.8981,98.274,1.5063,0,0,2.25508,1.95268,0,1.81852,3.38688
67.7932,85.139,1.10686,0.13,0,2.90775,3.21015,0,0.544908,6.048,87.4278,98.274,1.48638,0,0,2.25509,1.95269,0,1.74227,3.38688
68.7211,85.139,3.91014,0.18,0,2.90776,3.21016,0,0.544911,6.048,87.2496,98.274,3.07088,0,0,2.2551,1.9527,0,1.74228,3.38688
69.4892,85.139,4.00553,0.11,0,2.90778,3.21018,0,0.544915,6.048,87.3231,98.274,3.681,0,0,2.25511,1.95271,0,1.74229,3.38688
69.8047,85.139,3.48834,0.12,0,2.82487,3.12727,0,0.544918,6.048,87.5772,98.274,4.42133,0,0,2.16527,1.86287,0,1.7423,3.38688
70.8673,85.139,4.07717,0.14,0,2.82489,3.12729,0,0.529381,6.048,87.8586,98.274,4.49066,0,0,2.16528,1.86288,0,1.67289,3.38688
71.7588,85.139,4.02724,0.17,0,2.8249,3.1273,0,0.529384,6.048,87.9281,98.274,3.25215,0,0,2.16529,1.86289,0,1.6729,3.38688
72.414,85.139,3.85731,0.19,0,2.82492,3.12732,0,0.529387,6.048,88.0168,98.274,3.41763,0,0,2.1653,1.8629,0,1.67291,3.38688
73.7132,85.139,4.44255,0.21,0,2.58941,2.89181,0,0.52939,6.048,88.4431,98.274,4.47185,0,0,1.97819,1.67579,0,1.67291,3.38688
77.2159,85.139,6.86701,0.23,0,2.58943,2.89183,0,0.485256,6.048,90.8086,98.274,9.76346,0,0,1.9782,1.6758,0,1.52835,3.38688
81.9824,85.139,8.22534,0.18,0,2.58945,2.89185,0,0.485259,6.048,91.492,98.274,5.26795,0,0,1.97821,1.67581,0,1.52836,3.38688
84.5411,85.139,5.76686,0.15,0,2.58946,2.89186,0,0.485262,6.048,91.9119,98.274,4.26817,0,0,1.97822,1.67582,0,1.52836,3.38688
85.139,85.139,5.88628,0.16,0,2.58948,2.89188,0,0.485265,6.048,92.3606,98.274,4.28003,0,0,1.97823,1.67583,0,1.52837,3.38688
85.139,85.139,4.567,0.11,0,2.68009,2.98249,0,0.485268,6.048,92.8529,98.274,4.36249,0,0,2.03242,1.73002,0,1.52838,3.38688
85.139,85.139,4.61605,0.12,0,2.68009,2.98249,0,0.502248,6.048,93.3238,98.274,4.19563,0,0,2.03242,1.73002,0,1.57025,3.38688
85.139,85.139,9.20851,0.13,0,2.68009,2.98249,0,0.502249,6.048,94.2222,98.274,5.72159,0,0,2.03242,1.73002,0,1.57025,3.38688
85.139,85.139,9.56816,0.14,0,2.68009,2.98249,0,0.502249,6.048,95.073,98.274,6.28967,0,0,2.03243,1.73003,0,1.57025,3.38688
85.139,85.139,5.95445,0.17,0,2.971,3.2734,0,0.502249,6.048,96.1788,98.274,6.07104,0,0,2.23584,1.93344,0,1.57025,3.38688
85.139,85.139,5.07501,0.18,0,2.971,3.2734,0,0.556766,6.048,96.9796,98.274,5.69459,0,0,2.23584,1.93344,0,1.72741,3.38688
85.139,85.139,4.21325,0.18,0,2.97101,3.27341,0,0.556766,6.048,97.4727,98.274,4.48461,0,0,2.23584,1.93344,0,1.72741,3.38688
85.139,85.139,5.42313,0.18,0,2.97101,3.27341,0,0.556766,6.048,98.4146,98.274,5.80025,0,0,2.23585,1.93345,0,1.72741,3.38688
85.139,85.139,7.52899,0.19,0,2.55608,2.85848,0,0.556767,6.048,99.3022,98.274,8.28016,0,0,1.96286,1.66046,0,1.72741,3.38688
85.139,85.139,5.40755,0.2,0,2.55609,2.85849,0,0.47901,6.048,99.3022,98.274,6.87682,0,0,1.96286,1.66046,0,1.51651,3.38688
85.139,85.139,5.45195,0.19,0,2.55609,2.85849,0,0.479011,6.048,99.3022,98.274,5.59338,0,0,1.96286,1.66046,0,1.51651,3.38688
85.139,85.139,5.11276,0.21,0,2.55609,2.85849,0,0.479011,6.048,99.3022,98.274,6.51458,0,0,1.96286,1.66046,0,1.51651,3.38688
85.139,85.139,7.92264,0.21,0,2.55609,2.85849,0,0.479011,6.048,99.3022,98.274,15.1811,0,0,1.96287,1.66047,0,1.51651,3.38688
85.139,85.139,5.0941,0.21,0,2.66054,2.96294,0,0.479012,6.048,99.3022,98.274,7.82797,0,0,2.02965,1.72725,0,1.51651,3.38688
85.139,85.139,4.33979,0.21,0,2.66054,2.96294,0,0.498585,6.048,99.3022,98.274,5.96756,0,0,2.02965,1.72725,0,1.56811,3.38688
85.139,85.139,4.09385,0.2,0,2.66054,2.96294,0,0.498585,6.048,99.3022,98.274,5.17461,0,0,2.02965,1.72725,0,1.56811,3.38688
85.139,85.139,3.91556,0.2,0,2.66054,2.96294,0,0.498586,6.048,99.3022,98.274,5.22636,0,0,2.02965,1.72725,0,1.56811,3.38688
85.139,85.139,3.71546,0.2,0,2.61971,2.92211,0,0.498586,6.048,99.3022,98.274,5.35521,0,0,2.00372,1.70132,0,1.56811,3.38688
85.139,85.139,3.28753,0.18,0,2.61971,2.92211,0,0.490934,6.048,99.3022,98.274,4.69759,0,0,2.00372,1.70132,0,1.54807,3.38688
85.0725,85.139,2.99464,0.18,0,2.61971,2.92211,0,0.490934,6.048,99.3022,98.274,4.30029,0,0,2.00372,1.70132,0,1.54807,3.38688
84.8136,85.139,2.76194,0.23,0,2.61972,2.92212,0,0.490935,6.048,99.3022,98.274,3.97536,0,0,2.00372,1.70132,0,1.54807,3.38688
84.3409,85.139,2.60694,0.22,0,2.75834,3.06074,0,0.490935,6.048,99.3022,98.274,3.3698,0,0,2.0957,1.7933,0,1.54807,3.38688
83.7895,85.139,2.51638,0.2,0,2.75834,3.06074,0,0.516912,6.048,99.3022,98.274,3.58748,0,0,2.09571,1.79331,0,1.61914,3.38688
83.0254,85.139,2.3137,0.17,0,2.75834,3.06074,0,0.516912,6.048,99.3022,98.274,3.39232,0,0,2.09571,1.79331,0,1.61914,3.38688
82.1994,85.139,2.19022,0.15,0,2.75834,3.06074,0,0.516913,6.048,99.3022,98.274,3.41948,0,0,2.09571,1.79331,0,1.61914,3.38688
81.1667,85.139,1.90552,0.15,0,2.75834,3.06074,0,0.516913,6.048,99.124,98.274,2.87334,0,0,2.09571,1.79331,0,1.61914,3.38688
80.0559,85.139,1.79122,0.13,0,2.73093,3.03333,0,0.516914,6.048,98.8775,98.274,2.64812,0,0,2.14627,1.84387,0,1.61915,3.38688
78.8028,85.139,1.63913,0.11,0,2.73094,3.03334,0,0.511777,6.048,98.621,98.274,2.6515,0,0,2.14627,1.84387,0,1.65821,3.38688
77.4074,85.139,1.48023,0.16,0,2.73094,3.03334,0,0.511777,6.048,98.319,98.274,2.37756,0,0,2.14627,1.84387,0,1.65821,3.38688
76.0314,85.139,1.47077,0.14,0,2.73094,3.03334,0,0.511778,6.048,97.9327,98.274,2.33726,0,0,2.14627,1.84387,0,1.65821,3.38688
74.6595,85.139,1.52081,0.14,0,2.80173,3.10413,0,0.511778,6.048,97.5273,98.274,2.43347,0,0,2.19133,1.88893,0,1.65821,3.38688
73.1344,85.139,1.35213,0.14,0,2.80174,3.10414,0,0.525045,6.048,97.0873,98.274,2.31652,0,0,2.19133,1.88893,0,1.69302,3.38688
71.513,85.139,1.23864,0.16,0,2.80174,3.10414,0,0.525045,6.048,96.6298,98.274,2.16659,0,0,2.19133,1.88893,0,1.69302,3.38688
69.7561,85.139,1.07161,0.17,0,2.80174,3.10414,0,0.525046,6.048,96.1648,98.274,2.14921,0,0,2.19133,1.88893,0,1.69302,3.38688
67.9859,85.139,1.23952,0.17,0,3.00906,3.31146,0,0.525046,6.048,95.2644,98.274,1.8853,0,0,2.35396,2.05156,0,1.69302,3.38688
65.9896,85.139,0.999959,0.19,0,3.00906,3.31146,0,0.563897,6.048,94.5899,98.274,1.3691,0,0,2.35396,2.05156,0,1.81867,3.38688
64.2302,85.139,1.20737,0.2,0,3.00906,3.31146,0,0.563898,6.048,94.0132,98.274,2.36596,0,0,2.35397,2.05157,0,1.81867,3.38688
62.2511,85.139,0.960041,0.18,0,3.00906,3.31146,0,0.563898,6.048,93.426,98.274,1.67905,0,0,2.35397,2.05157,0,1.81867,3.38688
60.6717,85.139,1.35887,0.23,0,3.00907,3.31147,0,0.563899,6.048,93.0754,98.274,2.50264,0,0,2.35397,2.05157,0,1.81867,3.38688
59.3419,85.139,1.53159,0.25,0,2.90803,3.21043,0,0.563899,6.048,92.8319,98.274,2.70595,0,0,2.25526,1.95286,0,1.81868,3.38688
58.5885,85.139,2.12757,0.25,0,2.90803,3.21043,0,0.544965,6.048,92.6698,98.274,2.94915,0,0,2.25526,1.95286,0,1.74241,3.38688
58.5968,85.139,2.98127,0.25,0,2.90804,3.21044,0,0.544966,6.048,92.9872,98.274,4.87834,0,0,2.25526,1.95286,0,1.74241,3.38688
58.1125,85.139,2.52819,0.25,0,2.90804,3.21044,0,0.544966,6.048,93.0825,98.274,4.13475,0,0,2.25526,1.95286,0,1.74242,3.38688
58.4154,85.139,3.24309,0.24,0,2.82511,3.12751,0,0.544966,6.048,93.4113,98.274,4.55194,0,0,2.16541,1.86301,0,1.74242,3.38688
59.2996,85.139,3.87203,0.26,0,2.82511,3.12751,0,0.529425,6.048,94.0909,98.274,5.28267,0,0,2.16542,1.86302,0,1.673,3.38688
60.8052,85.139,4.63487,0.27,0,2.82511,3.12751,0,0.529426,6.048,95.4886,98.274,6.51177,0,0,2.16542,1.86302,0,1.673,3.38688
64.8007,85.139,7.11161,0.26,0,2.82511,3.12751,0,0.529426,6.048,96.2966,98.274,6.8618,0,0,2.16542,1.86302,0,1.673,3.38688
67.6147,85.139,5.79705,0.24,0,2.58958,2.89198,0,0.529426,6.048,96.7566,98.274,5.32035,0,0,1.97829,1.67589,0,1.673,3.38688
69.1188,85.139,4.46762,0.26,0,2.58958,2.89198,0,0.485287,6.048,96.6542,98.274,3.26157,0,0,1.97829,1.67589,0,1.52842,3.38688
71.3003,85.139,5.18537,0.23,0,2.58958,2.89198,0,0.485287,6.048,97.1872,98.274,4.08986,0,0,1.97829,1.67589,0,1.52842,3.38688
75.7989,85.139,7.86998,0.22,0,2.58959,2.89199,0,0.485288,6.048,98.3251,98.274,6.4669,0,0,1.97829,1.67589,0,1.52843,3.38688
76.2597,85.139,3.48427,0.18,0,2.58959,2.89199,0,0.485288,6.048,98.2903,98.274,3.60333,0,0,1.97829,1.67589,0,1.52843,3.38688
75.1032,85.139,1.9112,0.2,0,2.68019,2.98259,0,0.485289,6.048,98.2045,98.274,2.90039,0,0,2.03248,1.73008,0,1.52843,3.38688
73.8664,85.139,1.78144,0.21,0,2.68017,2.98257,0,0.502267,6.048,98.2633,98.274,3.06208,0,0,2.03247,1.73007,0,1.57029,3.38688
75.8892,85.139,5.14678,0.22,0,2.68016,2.98256,0,0.502265,6.048,98.6373,98.274,4.56268,0,0,2.03247,1.73007,0,1.57029,3.38688
83.0341,85.139,10.7546,0.24,0,2.68015,2.98255,0,0.502262,6.048,99.3022,98.274,8.68334,0,0,2.03246,1.73006,0,1.57028,3.38688
82.4551,85.139,2.8334,0.19,0,2.97105,3.27345,0,0.50226,6.048,99.3022,98.274,4.31198,0,0,2.23587,1.93347,0,1.57028,3.38688
82.2039,85.139,3.19456,0.2,0,2.97104,3.27344,0,0.556774,6.048,99.3022,98.274,4.55619,0,0,2.23586,1.93346,0,1.72743,3.38688
81.628,85.139,2.80257,0.22,0,2.97102,3.27342,0,0.556772,6.048,99.3022,98.274,4.21957,0,0,2.23585,1.93345,0,1.72743,3.38688
84.7354,85.139,6.69106,0.22,0,2.97101,3.27341,0,0.55677,6.048,99.3022,98.274,6.87377,0,0,2.23585,1.93345,0,1.72742,3.38688
85.139,85.139,5.45145,0.23,0,2.55607,2.85847,0,0.556767,6.048,99.3022,98.274,6.46091,0,0,1.96285,1.66045,0,1.72741,3.38688
85.139,85.139,6.48647,0.2,0,2.55606,2.85846,0,0.479008,6.048,99.3022,98.274,5.91599,0,0,1.96285,1.66045,0,1.5165,3.38688
85.139,85.139,5.8778,0.19,0,2.55605,2.85845,0,0.479006,6.048,99.3022,98.274,6.51018,0,0,1.96284,1.66044,0,1.5165,3.38688
85.139,85.139,7.02013,0.21,0,2.55604,2.85844,0,0.479004,6.048,99.3022,98.274,6.2221,0,0,1.96283,1.66043,0,1.51649,3.38688
85.139,85.139,6.92081,0.21,0,2.55603,2.85843,0,0.479002,6.048,99.3022,98.274,5.38114,0,0,1.96283,1.66043,0,1.51649,3.38688
85.139,85.139,6.52079,0.21,0,2.66046,2.96286,0,0.478999,6.048,99.3022,98.274,7.37578,0,0,2.0296,1.7272,0,1.51648,3.38688
85.139,85.139,5.59673,0.21,0,2.66044,2.96284,0,0.498569,6.048,99.3022,98.274,8.29309,0,0,2.0296,1.7272,0,1.56807,3.38688
85.139,85.139,4.04226,0.2,0,2.66043,2.96283,0,0.498567,6.048,99.3022,98.274,5.84842,0,0,2.02959,1.72719,0,1.56807,3.38688
85.139,85.139,3.95975,0.2,0,2.66042,2.96282,0,0.498565,6.048,99.3022,98.274,4.7357,0,0,2.02958,1.72718,0,1.56806,3.38688
85.139,85.139,3.84581,0.19,0,2.61957,2.92197,0,0.498563,6.048,99.3022,98.274,3.49093,0,0,2.00364,1.70124,0,1.56805,3.38688
85.1386,85.139,3.06615,0.18,0,2.61956,2.92196,0,0.490908,6.048,99.21,98.274,2.90988,0,0,2.00363,1.70123,0,1.54801,3.38688
84.8105,85.139,2.72585,0.23,0,2.61955,2.92195,0,0.490906,6.048,99.0348,98.274,2.42521,0,0,2.00362,1.70122,0,1.54801,3.38688
84.9362,85.139,3.20405,0.23,0,2.61954,2.92194,0,0.490904,6.048,98.9459,98.274,2.61159,0,0,2.00362,1.70122,0,1.548,3.38688
84.4399,85.139,2.59716,0.22,0,2.75814,3.06054,0,0.490902,6.048,98.7197,98.274,2.61944,0,0,2.09559,1.79319,0,1.54799,3.38688
83.8236,85.139,2.45805,0.2,0,2.75812,3.06052,0,0.516875,6.048,98.4366,98.274,2.36055,0,0,2.09558,1.79318,0,1.61905,3.38688
83.0315,85.139,2.22448,0.17,0,2.75811,3.06051,0,0.516872,6.048,98.1041,98.274,2.2771,0,0,2.09557,1.79317,0,1.61905,3.38688
82.1438,85.139,2.10516,0.15,0,2.7581,3.0605,0,0.51687,6.048,97.7382,98.274,2.14932,0,0,2.09557,1.79317,0,1.61904,3.38688
80.8704,85.139,1.66592,0.14,0,2.75809,3.06049,0,0.516868,6.048,97.4399,98.274,2.25598,0,0,2.09556,1.79316,0,1.61903,3.38688
79.4651,85.139,1.4826,0.13,0,2.73066,3.03306,0,0.516865,6.048,97.138,98.274,2.20079,0,0,2.1461,1.8437,0,1.61903,3.38688
77.951,85.139,1.36325,0.11,0,2.73065,3.03305,0,0.511726,6.048,96.7346,98.274,2.20881,0,0,2.1461,1.8437,0,1.65808,3.38688
76.3388,85.139,1.24878,0.15,0,2.73064,3.03304,0,0.511724,6.048,96.32,98.274,1.95543,0,0,2.14609,1.84369,0,1.65807,3.38688
74.7193,85.139,1.20624,0.14,0,2.73063,3.03303,0,0.511722,6.048,95.9465,98.274,1.97068,0,0,2.14608,1.84368,0,1.65807,3.38688
73.1958,85.139,1.34072,0.13,0,2.8014,3.1038,0,0.51172,6.048,95.5597,98.274,2.17206,0,0,2.19112,1.88872,0,1.65806,3.38688
71.5209,85.139,1.17315,0.16,0,2.80139,3.10379,0,0.524982,6.048,95.1052,98.274,2.01553,0,0,2.19112,1.88872,0,1.69286,3.38688
69.7732,85.139,1.08226,0.16,0,2.80138,3.10378,0,0.52498,6.048,94.6333,98.274,1.93892,0,0,2.19111,1.88871,0,1.69286,3.38688
67.886,85.139,0.90847,0.16,0,2.80136,3.10376,0,0.524978,6.048,94.1999,98.274,1.92002,0,0,2.1911,1.8887,0,1.69285,3.38688
65.8044,85.139,0.84996,0.19,0,3.00864,3.31104,0,0.524975,6.048,93.7148,98.274,1.96677,0,0,2.3537,2.0513,0,1.69285,3.38688
63.6563,85.139,0.753253,0.18,0,3.00862,3.31102,0,0.563819,6.048,93.2307,98.274,1.84805,0,0,2.35369,2.05129,0,1.81847,3.38688
61.6123,85.139,0.835865,0.18,0,3.00861,3.31101,0,0.563816,6.048,92.8433,98.274,1.90573,0,0,2.35369,2.05129,0,1.81846,3.38688
60.0376,85.139,1.34151,0.23,0,3.0086,3.311,0,0.563814,6.048,92.5927,98.274,2.30102,0,0,2.35368,2.05128,0,1.81846,3.38688
59.0527,85.139,1.90764,0.23,0,3.00858,3.31098,0,0.563811,6.048,92.4896,98.274,2.55041,0,0,2.35367,2.05127,0,1.81845,3.38688
57.7473,85.139,1.47635,0.24,0,2.90755,3.20995,0,0.563809,6.048,92.5531,98.274,3.68668,0,0,2.25497,1.95257,0,1.81845,3.38688
56.2945,85.139,1.31626,0.25,0,2.90754,3.20994,0,0.544875,6.048,92.1957,98.274,2.30857,0,0,2.25496,1.95256,0,1.74219,3.38688
54.6476,85.139,1.09722,0.29,0,2.90752,3.20992,0,0.544872,6.048,91.7697,98.274,2.05636,0,0,2.25495,1.95255,0,1.74218,3.38688
53.6052,85.139,1.77703,0.29,0,2.90751,3.20991,0,0.54487,6.048,91.5018,98.274,2.56633,0,0,2.25494,1.95254,0,1.74218,3.38688
52.1603,85.139,1.2172,0.3,0,2.82458,3.12698,0,0.544868,6.048,90.9227,98.274,1.92159,0,0,2.1651,1.8627,0,1.74217,3.38688
51.0095,85.139,1.59678,0.3,0,2.82457,3.12697,0,0.529326,6.048,90.4453,98.274,1.6525,0,0,2.16509,1.86269,0,1.67276,3.38688
49.6487,85.139,1.35433,0.34,0,2.82455,3.12695,0,0.529324,6.048,90.1217,98.274,1.95027,0,0,2.16508,1.86268,0,1.67275,3.38688
50.9922,85.139,4.19644,0.35,0,2.82454,3.12694,0,0.529321,6.048,90.7904,98.274,5.98802,0,0,2.16508,1.86268,0,1.67274,3.38688
52.3664,85.139,4.06187,0.39,0,2.58904,2.89144,0,0.529319,6.048,91.2737,98.274,4.46509,0,0,1.97797,1.67557,0,1.67274,3.38688
52.9216,85.139,3.26931,0.34,0,2.58902,2.89142,0,0.485185,6.048,91.7479,98.274,4.87585,0,0,1.97796,1.67556,0,1.52818,3.38688
53.2984,85.139,3.10279,0.35,0,2.58901,2.89141,0,0.485183,6.048,92.067,98.274,4.31139,0,0,1.97796,1.67556,0,1.52818,3.38688
55.0418,85.139,4.5116,0.39,0,2.589,2.8914,0,0.485181,6.048,92.6578,98.274,5.72145,0,0,1.97795,1.67555,0,1.52817,3.38688
56.4043,85.139,4.2123,0.41,0,2.58899,2.89139,0,0.485179,6.048,92.7751,98.274,4.11617,0,0,1.97794,1.67554,0,1.52817,3.38688
58.686,85.139,5.13751,0.42,0,2.67956,2.98196,0,0.485177,6.048,93.0123,98.274,3.67559,0,0,2.03211,1.72971,0,1.52816,3.38688
60.8432,85.139,5.10699,0.38,0,2.67953,2.98193,0,0.502149,6.048,93.5675,98.274,4.5387,0,0,2.0321,1.7297,0,1.57001,3.38688
61.939,85.139,3.95025,0.39,0,2.6795,2.9819,0,0.502144,6.048,94.0673,98.274,4.54532,0,0,2.03208,1.72968,0,1.57,3.38688
61.9586,85.139,2.89488,0.4,0,2.67948,2.98188,0,0.502139,6.048,94.0778,98.274,2.64631,0,0,2.03207,1.72967,0,1.56999,3.38688
62.1304,85.139,3.24084,0.44,0,2.9703,3.2727,0,0.502134,6.048,93.9062,98.274,2.67539,0,0,2.23542,1.93302,0,1.56998,3.38688
64.6532,85.139,5.74915,0.44,0,2.97027,3.27267,0,0.556633,6.048,94.1105,98.274,4.02714,0,0,2.23541,1.93301,0,1.72709,3.38688
66.8972,85.139,5.5421,0.38,0,2.97024,3.27264,0,0.556628,6.048,94.3131,98.274,3.84232,0,0,2.23539,1.93299,0,1.72708,3.38688
68.8808,85.139,5.28556,0.43,0,2.97021,3.27261,0,0.556623,6.048,94.4035,98.274,4.09619,0,0,2.23537,1.93297,0,1.72706,3.38688
70.376,85.139,4.3853,0.36,0,2.55536,2.85776,0,0.556617,6.048,95.3422,98.274,4.51806,0,0,1.96244,1.66004,0,1.72705,3.38688
71.8635,85.139,4.48986,0.39,0,2.55534,2.85774,0,0.478875,6.048,95.8133,98.274,4.08712,0,0,1.96243,1.66003,0,1.51618,3.38688
72.299,85.139,3.36947,0.44,0,2.55531,2.85771,0,0.47887,6.048,96.1278,98.274,3.21509,0,0,1.96241,1.66001,0,1.51617,3.38688
73.3362,85.139,4.01035,0.44,0,2.55529,2.85769,0,0.478866,6.048,96.4702,98.274,3.36944,0,0,1.9624,1.66,0,1.51616,3.38688
74.5097,85.139,4.18356,0.47,0,2.55526,2.85766,0,0.478861,6.048,96.8732,98.274,3.72678,0,0,1.96238,1.65998,0,1.51615,3.38688
76.288,85.139,5.07989,0.39,0,2.65965,2.96205,0,0.478856,6.048,97.2144,98.274,3.65314,0,0,2.02913,1.72673,0,1.51614,3.38688
77.5114,85.139,4.39699,0.37,0,2.65962,2.96202,0,0.498418,6.048,97.6494,98.274,3.91729,0,0,2.02912,1.72672,0,1.56771,3.38688
80.3862,85.139,6.00842,0.36,0,2.6596,2.962,0,0.498414,6.048,98.3222,98.274,4.91292,0,0,2.0291,1.7267,0,1.5677,3.38688
80.9789,85.139,3.6038,0.25,0,2.65957,2.96197,0,0.498409,6.048,98.3069,98.274,2.91966,0,0,2.02909,1.72669,0,1.56768,3.38688
80.975,85.139,3.03423,0.26,0,2.61872,2.92112,0,0.498404,6.048,98.3638,98.274,3.10946,0,0,2.00314,1.70074,0,1.56767,3.38688
80.7963,85.139,2.76316,0.25,0,2.6187,2.9211,0,0.490749,6.048,98.2452,98.274,2.7852,0,0,2.00313,1.70073,0,1.54763,3.38688
80.5666,85.139,2.69288,0.24,0,2.61867,2.92107,0,0.490744,6.048,98.1847,98.274,3.05339,0,0,2.00311,1.70071,0,1.54762,3.38688
80.1725,85.139,2.5146,0.24,0,2.61865,2.92105,0,0.49074,6.048,98.1121,98.274,2.79556,0,0,2.0031,1.7007,0,1.54761,3.38688
79.6517,85.139,2.48099,0.22,0,2.75719,3.05959,0,0.490735,6.048,97.9196,98.274,2.66945,0,0,2.09503,1.79263,0,1.54759,3.38688
79.0193,85.139,2.35062,0.21,0,2.75716,3.05956,0,0.516697,6.048,97.6602,98.274,2.41166,0,0,2.09502,1.79262,0,1.61862,3.38688
78.1539,85.139,2.07921,0.24,0,2.75714,3.05954,0,0.516692,6.048,97.3504,98.274,2.28147,0,0,2.095,1.7926,0,1.61861,3.38688
77.2165,85.139,1.96585,0.22,0,2.75711,3.05951,0,0.516687,6.048,96.9167,98.274,2.17489,0,0,2.09499,1.79259,0,1.6186,3.38688
76.476,85.139,2.13326,0.2,0,2.75708,3.05948,0,0.516682,6.048,96.4473,98.274,2.06546,0,0,2.09497,1.79257,0,1.61859,3.38688
75.8409,85.139,2.19248,0.17,0,2.72965,3.03205,0,0.516677,6.048,95.9708,98.274,1.97238,0,0,2.14549,1.84309,0,1.61857,3.38688
75.0204,85.139,2.00089,0.16,0,2.72963,3.03203,0,0.511537,6.048,95.3999,98.274,1.93308,0,0,2.14547,1.84307,0,1.6576,3.38688
74.0297,85.139,1.81453,0.14,0,2.7296,3.032,0,0.511532,6.048,94.8339,98.274,1.76194,0,0,2.14546,1.84306,0,1.65759,3.38688
72.9939,85.139,1.72665,0.12,0,2.72958,3.03198,0,0.511527,6.048,94.1542,98.274,1.71722,0,0,2.14544,1.84304,0,1.65758,3.38688
71.8044,85.139,1.63105,0.17,0,2.80031,3.10271,0,0.511522,6.048,93.3068,98.274,1.63977,0,0,2.19046,1.88806,0,1.65757,3.38688
70.5071,85.139,1.51083,0.16,0,2.80028,3.10268,0,0.524778,6.048,92.6002,98.274,1.46084,0,0,2.19044,1.88804,0,1.69235,3.38688
69.2561,85.139,1.5388,0.15,0,2.80026,3.10266,0,0.524773,6.048,91.9954,98.274,1.66388,0,0,2.19043,1.88803,0,1.69234,3.38688
68.0856,85.139,1.60029,0.15,0,2.80023,3.10263,0,0.524768,6.048,91.3501,98.274,1.75815,0,0,2.19041,1.88801,0,1.69232,3.38688
66.4544,85.139,1.28111,0.19,0,3.00741,3.30981,0,0.524763,6.048,90.54,98.274,1.64609,0,0,2.35294,2.05054,0,1.69231,3.38688
64.6979,85.139,1.12688,0.19,0,3.00738,3.30978,0,0.563589,6.048,89.832,98.274,1.56111,0,0,2.35293,2.05053,0,1.81788,3.38688
63.3608,85.139,1.53508,0.19,0,3.00735,3.30975,0,0.563584,6.048,89.3206,98.274,1.75671,0,0,2.35291,2.05051,0,1.81787,3.38688
62.68,85.139,2.25058,0.19,0,3.00733,3.30973,0,0.563578,6.048,88.8857,98.274,2.06334,0,0,2.35289,2.05049,0,1.81786,3.38688
61.8537,85.139,2.07607,0.18,0,3.0073,3.3097,0,0.563573,6.048,88.4663,98.274,1.8944,0,0,2.35287,2.05047,0,1.81784,3.38688
60.8702,85.139,1.7752,0.24,0,2.90629,3.20869,0,0.563567,6.048,88.0948,98.274,3.11784,0,0,2.2542,1.9518,0,1.81783,3.38688
59.6407,85.139,1.51923,0.24,0,2.90626,3.20866,0,0.544638,6.048,87.4453,98.274,1.72222,0,0,2.25418,1.95178,0,1.74159,3.38688
58.6431,85.139,1.77031,0.24,0,2.90623,3.20863,0,0.544633,6.048,86.903,98.274,1.76684,0,0,2.25416,1.95176,0,1.74158,3.38688
60.6274,85.139,5.0229,0.24,0,2.9062,3.2086,0,0.544628,6.048,86.9401,98.274,3.42253,0,0,2.25415,1.95175,0,1.74157,3.38688
62.9084,85.139,5.29982,0.24,0,2.82329,3.12569,0,0.544623,6.048,86.8412,98.274,3.00879,0,0,2.16433,1.86193,0,1.74155,3.38688
65.1765,85.139,5.33495,0.18,0,2.82326,3.12566,0,0.529085,6.048,86.8533,98.274,3.19705,0,0,2.16432,1.86192,0,1.67216,3.38688
67.8854,85.139,5.7815,0.2,0,2.82324,3.12564,0,0.52908,6.048,87.3224,98.274,4.33772,0,0,2.1643,1.8619,0,1.67215,3.38688
