0volume,0demand,0up_spill,0ww_inflow,0catch_inflow,0evap,0ds_spill,0treat_cap,1volume,1demand,1up_spill,1ww_inflow,1catch_inflow,1evap,1ds_spill,1treat_cap,2volume,2s_area,2demand,2up_spill,2ww_inflow,2catch_inflow,2evap,2ds_spill,2treat_cap,2valloc_0,2talloc_0,2valloc_1,2talloc_1,3volume,3demand,3up_spill,3ww_inflow,3catch_inflow,3evap,3ds_spill,3treat_cap,3valloc_1,3talloc_1,3valloc_2,3talloc_2,4demand,4up_spill,4ww_inflow,4catch_inflow,4ds_spill,4treat_cap,11volume,11s_area,11demand,11up_spill,11ww_inflow,11catch_inflow,11evap,11ds_spill,11treat_cap
72.29,1.84028,0,0,5.41372,0.227514,3.34593,3.6288,61.308,0,0,0,1.52643,0.262625,1.2638,0.66528,12.849,1,0.327095,3.34593,0,113.505,5.30523,111.218,0.84672,12.849,0.84672,3695.15,0,0,0,2.256,0,8.73046,1.45591,9.53055,0.42336,0,0.42336,460.49,0,1.01871,0,0,3.27471,2.256,1.028160,1,0,122.013,0,0,0,122.013,0
72.29,1.84073,0,0,5.52133,0.227514,3.45308,3.6288,61.308,0,0,0,1.14649,0.262625,0.883868,0.66528,12.849,1,0.327177,3.45308,0,115.348,5.30523,113.169,0.84672,12.849,0.84672,3695.15,0,0,0,1.81283,1.19322,7.58582,1.45591,9.13596,0.42336,0,0.42336,460.49,0,1.01886,0,0,2.83169,1.81283,1.028160,1,0,123.189,0,0,0,123.189,0
72.29,1.84119,0,0,4.37969,0.227514,2.31099,3.6288,61.308,0,0,0,1.10412,0.262625,0.841497,0.66528,12.849,1,0.327258,2.31099,0,109.28,5.30523,105.958,0.84672,12.849,0.84672,3695.15,0,0,0,1.42235,1.19344,5.61567,1.45591,6.77555,0.42336,0,0.42336,460.49,0,1.01902,0,0,2.44137,1.42235,1.028160,1,0,113.575,0,0,0,113.575,0
72.29,1.84165,0,0,3.60132,0.327093,1.43258,3.6288,61.308,0,0,0,0.847878,0.229043,0.618834,0.66528,12.849,1,0.327339,1.43258,0,83.865,3.81234,81.1579,0.84672,12.849,0.84672,3695.15,0,0,0,1.05824,1.19366,4.01011,1.03241,5.2296,0.42336,0,0.42336,460.49,0,1.01918,0,0,2.07742,1.05824,1.028160,1,0,87.0064,0,0,0,87.0064,0
72.29,2.04682,0,0,5.16455,0.289437,2.82829,3.6288,61.308,0.0754689,0,0,1.03808,0.243385,0.719224,0.66528,12.849,1,0.363808,2.82829,0,98.9963,3.88704,97.5737,0.84672,12.849,0.84672,3695.15,0,0,0,1.52245,1.19388,6.25464,1.11515,7.85582,0.42336,0,0.42336,460.49,0,1.02816,0,0,2.55061,1.52245,1.028160,1,0,106.149,0,0,0,106.149,0
72.29,2.04733,0,0,5.06599,0.261196,2.75747,3.6288,61.308,0.0756435,0,0,1.27721,0.254142,0.947423,0.66528,12.849,1,0.363897,2.75747,0,102.081,3.94307,100.531,0.84672,12.849,0.84672,3695.15,0,0,0,1.997,1.30442,7.72788,1.1772,9.8521,0.42336,0,0.42336,460.49,0,1.02816,0,0,3.02516,1.997,1.028160,1,0,111.331,0,0,0,111.331,0
72.29,2.04783,0,0,6.97532,0.26487,4.66262,3.6288,61.308,0.0758182,0,0,1.28473,0.246246,0.962669,0.66528,12.849,1,0.363986,4.66262,0,103.095,3.80784,103.586,0.84672,12.849,0.84672,3695.15,0,0,0,1.98762,1.30466,9.33569,1.14948,11.4785,0.42336,0,0.42336,460.49,0,1.02816,0,0,3.01578,1.98762,1.028160,1,0,116.027,0,0,0,116.027,0
72.29,2.04833,0,0,6.94541,0.286917,4.61016,3.6288,61.308,0.0759929,0,0,1.63732,0.198873,1.36246,0.66528,12.849,1,0.364075,4.61016,0,125.522,2.99649,126.772,0.84672,12.849,0.84672,3695.15,0,0,0,2.62507,1.30491,12.4121,0.98318,15.3589,0.42336,0,0.42336,460.49,0,1.02816,0,0,3.65323,2.62507,1.028160,1,0,143.493,0,0,0,143.493,0
72.29,1.75658,0,0,5.98464,0.310869,3.91719,3.6288,61.308,0,0,0,1.32308,0.202576,1.1205,0.66528,12.849,1,0.31222,3.91719,0,107.383,2.95341,108.035,0.84672,12.849,0.84672,3695.15,0,0,0,2.06582,1.30515,8.43519,0.838013,10.9682,0.42336,0,0.42336,460.49,0,0.991103,0,0,3.05693,2.06582,1.028160,1,0,120.123,0,0,0,120.123,0
72.29,1.75702,0,0,4.84592,0.328833,2.76006,3.6288,61.308,0,0,0,0.902906,0.205354,0.697552,0.66528,12.849,1,0.312298,2.76006,0,73.1514,2.9211,72.6781,0.84672,12.849,0.84672,3695.15,0,0,0,0.657328,1.15342,4.41238,0.729139,5.49399,0.42336,0,0.42336,460.49,0,0.991253,0,0,1.64858,0.657328,1.028160,1,0,78.8696,0,0,0,78.8696,0
72.29,1.75746,0,0,4.502,0.328833,2.41571,3.6288,61.308,0,0,0,0.971559,0.205354,0.766205,0.66528,12.849,1,0.312376,2.41571,0,73.2758,2.9211,72.4581,0.84672,12.849,0.84672,3695.15,0,0,0,0.739008,1.15363,4.05509,0.729139,5.21859,0.42336,0,0.42336,460.49,0,0.991403,0,0,1.73041,0.739008,1.028160,1,0,78.4429,0,0,0,78.4429,0
72.29,1.7579,0,0,8.30246,0.328833,6.21573,3.6288,61.308,0,0,0,1.57559,0.205354,1.37024,0.66528,12.849,1,0.312454,6.21573,0,141.303,2.9211,144.285,0.84672,12.849,0.84672,3695.15,0,0,0,1.98965,1.15385,8.30053,0.729139,10.7149,0.42336,0,0.42336,460.49,0,0.991553,0,0,2.98121,1.98965,1.028160,1,0,156.37,0,0,0,156.37,0
72.29,1.75834,0,0,8.01266,0.301841,5.95248,3.6288,61.308,0,0,0,1.77231,0.206968,1.56534,0.66528,12.849,1,0.312532,5.95248,0,146.14,3.60535,148.174,0.84672,12.849,0.84672,3695.15,0,0,0,2.37066,1.15406,12.5885,0.847247,15.2659,0.42336,0,0.42336,460.49,0,0.991703,0,0,3.36236,2.37066,1.028160,1,0,165.005,0,0,0,165.005,0
72.29,1.83242,0,0,4.5189,0.294544,2.39193,3.6288,61.308,0,0,0,1.66058,0.165054,1.49553,0.66528,12.849,1,0.325699,2.39193,0,80.6223,3.6859,79.0026,0.84672,12.849,0.84672,3695.15,0,0,0,1.34344,1.15427,7.59223,0.893949,9.19599,0.42336,0,0.42336,460.49,0,1.01958,0,0,2.36302,1.34344,1.028160,1,0,89.6941,0,0,0,89.6941,0
72.29,1.83288,0,0,3.65901,0.289799,1.53633,3.6288,61.308,0,0,0,1.34797,0.164113,1.18386,0.66528,12.849,1,0.32578,1.53633,0,54.2153,3.69548,51.7304,0.84672,12.849,0.84672,3695.15,0,0,0,0.960065,1.19216,6.68719,0.899577,7.93984,0.42336,0,0.42336,460.49,0,1.01974,0,0,1.9798,0.960065,1.028160,1,0,60.8541,0,0,0,60.8541,0
72.29,1.83333,0,0,3.65895,0.289799,1.53582,3.6288,61.308,0,0,0,1.28342,0.164113,1.11931,0.66528,12.849,1,0.325861,1.53582,0,66.0035,3.69548,63.5179,0.84672,12.849,0.84672,3695.15,0,0,0,0.874424,1.19238,6.27696,0.899577,7.44419,0.42336,0,0.42336,460.49,0,1.0199,0,0,1.89432,0.874424,1.028160,1,0,72.0814,0,0,0,72.0814,0
72.29,1.83379,0,0,3.07098,0.289799,0.947387,3.6288,61.308,0,0,0,1.03501,0.164113,0.870899,0.66528,12.849,1,0.325942,0.947387,0,45.0998,3.69548,42.0257,0.84672,12.849,0.84672,3695.15,0,0,0,1.07833,1.1926,5.06091,0.899577,6.43227,0.42336,0,0.42336,460.49,0,1.02005,0,0,2.09838,1.07833,1.028160,1,0,49.3289,0,0,0,49.3289,0
72.29,1.80543,0,0,2.79763,0.238566,0.75364,3.6288,61.308,0,0,0,1.03324,0.170912,0.862328,0.66528,12.849,1,0.320901,0.75364,0,60.4753,3.93515,56.9729,0.84672,12.849,0.84672,3695.15,0,0,0,0.88134,1.19283,4.39677,0.979574,5.49136,0.42336,0,0.42336,460.49,0,1.00943,0,0,1.89077,0.88134,1.028160,1,0,63.3266,0,0,0,63.3266,0
72.2215,1.80588,0,0,2.33028,0.230027,0.36288,3.6288,61.308,0,0,0,0.980139,0.172045,0.808094,0.66528,12.849,1,0.320981,0.36288,0,52.7277,3.97509,48.7945,0.84672,12.849,0.84672,3695.15,0,0,0,0.772339,1.17836,4.94881,0.992906,5.9066,0.42336,0,0.42336,460.49,0,1.00958,0,0,1.78192,0.772339,1.028160,1,0,55.5092,0,0,0,55.5092,0
72.2246,1.80607,0,0,2.40199,0.229908,0.36288,3.6288,61.308,0,0,0,1.03434,0.172045,0.862293,0.66528,12.849,1,0.321319,0.36288,0,50.7866,3.97509,46.8531,0.84672,12.849,0.84672,3695.15,0,0,0,0.7576,1.17858,4.26743,0.992906,5.2107,0.42336,0,0.42336,460.49,0,1.00974,0,0,1.76734,0.7576,1.028160,1,0,52.9261,0,0,0,52.9261,0
72.29,1.80653,0,0,3.3007,0.214698,1.21411,3.6288,61.308,0,0,0,1.13746,0.175615,0.961849,0.66528,12.849,1,0.321387,1.21411,0,66.2163,4.08345,63.0255,0.84672,12.849,0.84672,3695.15,0,0,0,0.972444,1.1788,4.26256,0.972847,5.44095,0.42336,0,0.42336,460.49,0,1.00989,0,0,1.98234,0.972444,1.028160,1,0,69.4283,0,0,0,69.4283,0
71.9818,1.90513,0,0,2.14218,0.182376,0.36288,3.6288,61.308,0.0201453,0,0,0.934347,0.206168,0.708034,0.66528,12.849,1,0.338623,0.36288,0,45.5823,4.75616,40.8504,0.84672,12.849,0.84672,3695.15,0,0,0,0.609258,1.17901,3.51702,1.00833,4.29696,0.42336,0,0.42336,460.49,0,1.02816,0,0,1.63742,0.609258,1.028160,1,0,45.8554,0,0,0,45.8554,0
71.4495,1.90438,0,0,1.89238,0.15743,0.36288,3.6288,61.308,0.0203079,0,0,0.708808,0.217706,0.470795,0.66528,12.849,1,0.339938,0.36288,0,34.2308,4.78748,29.4663,0.84672,12.849,0.84672,3695.15,0,0,0,0.495573,1.2304,2.77081,1.11453,3.38226,0.42336,0,0.42336,460.49,0,1.02816,0,0,1.52373,0.495573,1.028160,1,0,33.3193,0,0,0,33.3193,0
70.8006,1.9027,0,0,1.75076,0.134105,0.36288,3.6288,61.308,0.0204706,0,0,0.720559,0.223061,0.477027,0.66528,12.849,1,0.342169,0.36288,0,31.0108,4.95001,26.0815,0.84672,12.849,0.84672,3695.15,0,0,0,0.498519,1.23063,2.73399,1.08444,3.3787,0.42336,0,0.42336,460.49,0,1.02816,0,0,1.52668,0.498519,1.028160,1,0,29.9372,0,0,0,29.9372,0
70.1,1.90052,0,0,1.69624,0.13344,0.36288,3.6288,61.308,0.0206334,0,0,0.755058,0.223061,0.511364,0.66528,12.849,1,0.344909,0.36288,0,29.4249,4.95001,24.4929,0.84672,12.849,0.84672,3695.15,0,0,0,0.442981,1.23086,2.83803,1.08444,3.42743,0.42336,0,0.42336,460.49,0,1.02816,0,0,1.47114,0.442981,1.028160,1,0,28.4317,0,0,0,28.4317,0
69.4518,1.89807,0,0,1.74189,0.129086,0.36288,3.6288,61.308,0.0207962,0,0,0.762601,0.225751,0.516054,0.66528,12.849,1,0.347908,0.36288,0,30.8907,4.93761,25.968,0.84672,12.849,0.84672,3695.15,0,0,0,0.466836,1.23109,2.89298,1.08995,3.50096,0.42336,0,0.42336,460.49,0,1.02816,0,0,1.495,0.466836,1.028160,1,0,29.985,0,0,0,29.985,0
69.662,1.87654,0,0,2.55628,0.106729,0.36288,3.6288,61.308,0.0420097,0,0,1.12228,0.241892,0.838373,0.66528,12.849,1,0.34717,0.36288,0,47.8532,4.86318,43.0057,0.84672,12.849,0.84672,3695.15,0,0,0,1.21769,1.23132,5.15974,1.12302,6.48572,0.42336,0,0.42336,460.49,0,1.02816,0,0,2.24585,1.21769,1.028160,1,0,50.3298,0,0,0,50.3298,0
69.6514,1.87789,0,0,2.33715,0.106903,0.36288,3.6288,61.308,0.0421772,0,0,1.09534,0.241892,0.811275,0.66528,12.849,1,0.346372,0.36288,0,47.1776,4.86318,42.3309,0.84672,12.849,0.84672,3695.15,0,0,0,1.25893,1.24354,5.0963,1.12302,6.47574,0.42336,0,0.42336,460.49,0,1.02816,0,0,2.28709,1.25893,1.028160,1,0,49.6179,0,0,0,49.6179,0
69.4393,1.87831,0,0,2.13598,0.106894,0.36288,3.6288,61.308,0.0423447,0,0,1.02432,0.241892,0.740078,0.66528,12.849,1,0.346502,0.36288,0,44.3748,4.86318,39.528,0.84672,12.849,0.84672,3695.15,0,0,0,0.926415,1.24377,4.84955,1.12302,5.89671,0.42336,0,0.42336,460.49,0,1.02816,0,0,1.95458,0.926415,1.028160,1,0,46.1648,0,0,0,46.1648,0
69.0746,1.87788,0,0,1.9641,0.0880873,0.36288,3.6288,61.308,0.0425122,0,0,0.970661,0.285769,0.64238,0.66528,12.849,1,0.347481,0.36288,0,39.7304,5.42778,34.3181,0.84672,12.849,0.84672,3695.15,0,0,0,0.927703,1.244,4.61746,1.32911,5.46005,0.42336,0,0.42336,460.49,0,1.02816,0,0,1.95586,0.927703,1.028160,1,0,40.4205,0,0,0,40.4205,0
68.6475,1.92655,0,0,1.93938,0.0769992,0.36288,3.6288,61.308,0.061457,0,0,0.953243,0.317341,0.574445,0.66528,12.849,1,0.358369,0.36288,0,38.5294,5.83143,32.7025,0.84672,12.849,0.84672,3695.15,0,0,0,0.745736,1.24423,4.03537,1.51561,4.50974,0.42336,0,0.42336,460.49,0,1.02816,0,0,1.7739,0.745736,1.028160,1,0,37.7866,0,0,0,37.7866,0
68.0676,1.92515,0,0,1.78602,0.0779773,0.36288,3.6288,61.308,0.0616287,0,0,0.820126,0.316807,0.441691,0.66528,12.849,1,0.360336,0.36288,0,36.9979,5.82351,31.177,0.84672,12.849,0.84672,3695.15,0,0,0,0.755784,1.27003,4.03805,1.52838,4.53549,0.42336,0,0.42336,460.49,0,1.02816,0,0,1.78394,0.755784,1.028160,1,0,36.1542,0,0,0,36.1542,0
67.3753,1.92304,0,0,1.6713,0.0776244,0.36288,3.6288,61.308,0.0618005,0,0,0.759154,0.316807,0.380547,0.66528,12.849,1,0.363009,0.36288,0,33.3999,5.82351,27.5763,0.84672,12.849,0.84672,3695.15,0,0,0,0.679234,1.27027,3.60393,1.52838,4.02505,0.42336,0,0.42336,460.49,0,1.02816,0,0,1.70739,0.679234,1.028160,1,0,31.9819,0,0,0,31.9819,0
66.5492,1.92038,0,0,1.53434,0.0772032,0.36288,3.6288,61.308,0.0619723,0,0,0.750807,0.316807,0.372028,0.66528,12.849,1,0.366231,0.36288,0,30.5315,5.82351,24.7047,0.84672,12.849,0.84672,3695.15,0,0,0,0.539006,1.27051,3.52478,1.52838,3.80592,0.42336,0,0.42336,460.49,0,1.02816,0,0,1.56717,0.539006,1.028160,1,0,28.8826,0,0,0,28.8826,0
65.7931,2.062,0,0,1.74714,0.0783695,0.36288,3.6288,61.308,0.129979,0,0,0.886516,0.305115,0.451422,0.66528,12.849,1,0.398121,0.36288,0,31.4429,5.78999,25.6177,0.84672,12.849,0.84672,3695.15,0,0,0,1.04416,1.27075,4.90583,1.50091,5.71983,0.42336,0,0.42336,460.49,0,1.02816,0,0,2.07232,1.04416,1.028160,1,0,31.789,0,0,0,31.789,0
64.6159,2.05868,0,0,1.35978,0.11543,0.36288,3.6288,61.308,0.130166,0,0,0.773073,0.297552,0.345355,0.66528,12.849,1,0.402047,0.36288,0,29.6064,5.21094,24.3563,0.84672,12.849,0.84672,3695.15,0,0,0,0.803788,1.35581,3.37542,1.30316,4.23185,0.42336,0,0.42336,460.49,0,1.02816,0,0,1.83195,0.803788,1.028160,1,0,28.9335,0,0,0,28.9335,0
63.5049,2.05307,0,0,1.41928,0.114345,0.36288,3.6288,61.308,0.130353,0,0,0.7743,0.297552,0.346395,0.66528,12.849,1,0.408257,0.36288,0,29.5466,5.21094,24.2903,0.84672,12.849,0.84672,3695.15,0,0,0,0.961468,1.35606,3.78654,1.30316,4.80091,0.42336,0,0.42336,460.49,0,1.02816,0,0,1.98963,0.961468,1.028160,1,0,29.4376,0,0,0,29.4376,0
62.6266,2.04763,0,0,1.64556,0.113322,0.36288,3.6288,61.308,0.13054,0,0,0.809456,0.297552,0.381364,0.66528,12.849,1,0.414299,0.36288,0,28.1918,5.21094,22.9294,0.84672,12.849,0.84672,3695.15,0,0,0,0.894292,1.35632,4.72441,1.30316,5.67186,0.42336,0,0.42336,460.49,0,1.02816,0,0,1.92245,0.894292,1.028160,1,0,28.9827,0,0,0,28.9827,0
61.3132,2.04331,0,0,1.21233,0.119489,0.36288,3.6288,61.308,0.130726,0,0,0.700358,0.297674,0.271958,0.66528,12.849,1,0.419223,0.36288,0,27.4126,5.24424,22.112,0.84672,12.849,0.84672,3695.15,0,0,0,0.817145,1.35658,3.22672,1.29664,4.1038,0.42336,0,0.42336,460.49,0,1.02816,0,0,1.84531,0.817145,1.028160,1,0,26.4877,0,0,0,26.4877,0
59.4508,1.96662,0,0,0.645804,0.178737,0.36288,3.6288,60.9132,0.470624,0,0,0.338283,0.262453,0,0.66528,12.849,1,0.412132,0.36288,0,16.8581,4.90931,11.8996,0.84672,12.849,0.84672,3695.15,0,0,0,0.204422,1.35683,2.26827,1.1475,2.68202,0.42336,0,0.42336,460.49,0,0.647231,0,0,0.851653,0.204422,1.028160,1,0,14.5816,0,0,0,14.5816,0
57.4475,1.95649,0,0,0.532335,0.216276,0.36288,3.6288,60.5458,0.504671,0,0,0.379673,0.242434,0,0.66528,12.849,1,0.422853,0.36288,0,13.1779,3.96687,9.15106,0.84672,12.849,0.84672,3695.15,0,0,0,0.216518,1.30943,2.59402,0.890828,3.22915,0.42336,0,0.42336,460.49,0,0.613362,0,0,0.829881,0.216518,1.028160,1,0,12.3802,0,0,0,12.3802,0
55.5533,1.94492,0,0,0.630221,0.216612,0.36288,3.6288,60.8636,0.0900509,0,0,0.648695,0.240801,0,0.66528,12.849,1,0.43501,0.36288,0,15.6329,3.93719,11.6236,0.84672,12.849,0.84672,3695.15,0,0,0,0.234706,1.30968,3.71611,0.887187,4.37331,0.42336,0,0.42336,460.49,0,1.02816,0,0,1.26287,0.234706,1.028160,1,0,15.9969,0,0,0,15.9969,0
53.6576,1.93335,0,0,0.613111,0.21259,0.36288,3.6288,61.0475,0.130163,0,0,0.555377,0.241288,0,0.66528,12.849,1,0.447166,0.36288,0,15.2488,3.93719,11.2274,0.84672,12.849,0.84672,3695.15,0,0,0,0.216518,1.30993,3.03607,0.887187,3.67533,0.42336,0,0.42336,460.49,0,0.988226,0,0,1.20474,0.216518,1.028160,1,0,14.9027,0,0,0,14.9027,0
51.8472,1.86514,0,0,0.625091,0.207471,0.36288,3.6288,61.1478,0.223435,0,0,0.565377,0.241676,0,0.66528,12.849,1,0.446633,0.36288,0,14.0836,4.53275,9.46713,0.84672,12.849,0.84672,3695.15,0,0,0,0.216518,1.31018,2.91756,1.07221,3.37204,0.42336,0,0.42336,460.49,0,0.85758,0,0,1.0741,0.216518,1.028160,1,0,12.8392,0,0,0,12.8392,0
50.2144,1.8531,0,0,0.785981,0.202841,0.36288,3.6288,61.308,0.095102,0,0,0.67186,0.24191,0.174657,0.66528,12.849,1,0.459244,0.36288,0,19.3323,4.97941,14.2565,0.84672,12.849,0.84672,3695.15,0,0,0,0.216518,1.26842,5.66431,1.21097,5.93828,0.42336,0,0.42336,460.49,0,0.986083,0,0,1.2026,0.216518,1.028160,1,0,20.3694,0,0,0,20.3694,0
48.9014,1.84167,0,0,1.11112,0.219505,0.36288,3.6288,61.308,0.053195,0,0,0.851057,0.234888,0.562975,0.66528,12.849,1,0.471251,0.36288,0,30.7415,4.76495,25.8682,0.84672,12.849,0.84672,3695.15,0,0,0,0.461635,1.26866,5.21919,1.17983,5.76966,0.42336,0,0.42336,460.49,0,1.02816,0,0,1.4898,0.461635,1.028160,1,0,32.2008,0,0,0,32.2008,0
48.8782,1.8321,0,0,2.4146,0.242877,0.36288,3.6288,61.308,0.0533651,0,0,1.70027,0.225198,1.42171,0.66528,12.849,1,0.48139,0.36288,0,35.6196,4.47899,31.0221,0.84672,12.849,0.84672,3695.15,0,0,0,1.11573,1.2689,9.51428,1.13829,10.7606,0.42336,0,0.42336,460.49,0,1.02816,0,0,2.14389,1.11573,1.028160,1,0,43.2044,0,0,0,43.2044,0
48.4004,1.67634,0,0,1.80105,0.239629,0.36288,3.6288,61.308,0,0,0,0.838086,0.219565,0.618521,0.66528,12.849,1,0.440673,0.36288,0,31.4798,4.21331,27.1887,0.84672,12.849,0.84672,3695.15,0,0,0,0.487043,1.26913,7.84466,1.07499,8.52585,0.42336,0,0.42336,460.49,0,1.00342,0,0,1.49046,0.487043,1.028160,1,0,36.333,0,0,0,36.333,0
47.8715,1.67332,0,0,1.73782,0.230467,0.36288,3.6288,61.308,0,0,0,0.975042,0.205482,0.76956,0.66528,12.849,1,0.444221,0.36288,0,38.3634,3.5491,34.733,0.84672,12.849,0.84672,3695.15,0,0,0,0.62566,1.17197,6.68326,0.916721,7.56417,0.42336,0,0.42336,460.49,0,1.00357,0,0,1.62923,0.62566,1.028160,1,0,43.0667,0,0,0,43.0667,0
46.8216,1.66987,0,0,1.21193,0.229143,0.36288,3.6288,61.1446,0.415094,0,0,0.457156,0.205482,0,0.66528,12.849,1,0.448202,0.36288,0,26.0247,3.5491,22.3903,0.84672,12.849,0.84672,3695.15,0,0,0,0.412474,1.17219,5.3347,0.916721,6.00264,0.42336,0,0.42336,460.49,0,0.588629,0,0,1.0011,0.412474,1.028160,1,0,28.3929,0,0,0,28.3929,0
47.3562,1.66239,0,0,2.78637,0.226514,0.36288,3.6288,61.308,0,0,0,1.55309,0.20527,1.1844,0.66528,12.849,1,0.456202,0.36288,0,75.3144,3.5491,71.672,0.84672,12.849,0.84672,3695.15,0,0,0,2.1242,1.1724,9.52569,0.916721,11.9056,0.42336,0,0.42336,460.49,0,1.00388,0,0,3.12808,2.1242,1.028160,1,0,84.762,0,0,0,84.762,0
47.6366,1.66686,0,0,2.53505,0.224898,0.36288,3.6288,61.308,0,0,0,0.737174,0.204,0.533174,0.66528,12.849,1,0.452264,0.36288,0,54.3393,3.47321,50.7767,0.84672,12.849,0.84672,3695.15,0,0,0,0.749959,1.17262,6.89465,0.904142,7.91309,0.42336,0,0.42336,460.49,0,1.00403,0,0,1.75399,0.749959,1.028160,1,0,59.223,0,0,0,59.223,0
48.2693,1.72913,0,0,2.9658,0.241035,0.36288,3.6288,61.308,0,0,0,0.821742,0.181202,0.64054,0.66528,12.849,1,0.466397,0.36288,0,45.0458,3.31822,41.624,0.84672,12.849,0.84672,3695.15,0,0,0,0.939185,1.17284,7.63806,0.765294,8.98479,0.42336,0,0.42336,460.49,0,1.02687,0,0,1.96606,0.939185,1.028160,1,0,51.2494,0,0,0,51.2494,0
48.5727,1.73437,0,0,2.64889,0.248282,0.36288,3.6288,61.308,0,0,0,1.27987,0.178885,1.10098,0.66528,12.849,1,0.461679,0.36288,0,35.1096,3.3683,31.6425,0.84672,12.849,0.84672,3695.15,0,0,0,0.932993,1.2048,6.46727,0.754733,7.85034,0.42336,0,0.42336,460.49,0,1.02703,0,0,1.96002,0.932993,1.028160,1,0,40.5938,0,0,0,40.5938,0
49.8539,1.73707,0,0,3.63024,0.249101,0.36288,3.6288,61.308,0,0,0,1.86778,0.178885,1.68889,0.66528,12.849,1,0.459509,0.36288,0,64.2789,3.3683,60.814,0.84672,12.849,0.84672,3695.15,0,0,0,1.70883,1.20502,9.80489,0.754733,11.964,0.42336,0,0.42336,460.49,0,1.02718,0,0,2.73601,1.70883,1.028160,1,0,74.4669,0,0,0,74.4669,0
53.7249,1.74688,0,0,6.23334,0.252552,0.36288,3.6288,61.308,0,0,0,4.58424,0.178885,4.40535,0.66528,12.849,1,0.450229,0.36288,0,134.256,3.3683,130.8,0.84672,12.849,0.84672,3695.15,0,0,0,4.90645,1.20524,18.3646,0.754733,23.7215,0.42336,0,0.42336,460.49,0,1.02733,0,0,5.93378,4.90645,1.028160,1,0,158.927,0,0,0,158.927,0
56.921,1.97027,0,0,5.80955,0.280331,0.36288,3.6288,61.308,0.0845805,0,0,2.8115,0.178755,2.54816,0.66528,12.849,1,0.471215,0.36288,0,88.082,3.86529,84.1084,0.84672,12.849,0.84672,3695.15,0,0,0,3.30514,1.20545,12.2821,0.911609,15.8811,0.42336,0,0.42336,460.49,0,1.02816,0,0,4.3333,3.30514,1.028160,1,0,102.538,0,0,0,102.538,0
58.483,1.99233,0,0,4.21018,0.292938,0.36288,3.6288,61.308,0.0847519,0,0,2.06713,0.167353,1.81502,0.66528,12.849,1,0.449736,0.36288,0,73.0377,4.31455,68.6363,0.84672,12.849,0.84672,3695.15,0,0,0,2.38532,1.31724,11.9188,1.06602,14.5553,0.42336,0,0.42336,460.49,0,1.02816,0,0,3.41348,2.38532,1.028160,1,0,85.0067,0,0,0,85.0067,0
58.064,2.00265,0,0,2.2332,0.286675,0.36288,3.6288,61.308,0.0849234,0,0,1.32894,0.171473,1.07254,0.66528,12.849,1,0.439993,0.36288,0,37.1396,4.28957,32.773,0.84672,12.849,0.84672,3695.15,0,0,0,0.947635,1.31748,6.74393,1.04928,7.95976,0.42336,0,0.42336,460.49,0,1.02816,0,0,1.9758,0.947635,1.028160,1,0,41.8053,0,0,0,41.8053,0
58.2832,2.00053,0,0,2.84132,0.25869,0.36288,3.6288,61.308,0.085095,0,0,1.62257,0.181771,1.35571,0.66528,12.849,1,0.442698,0.36288,0,46.1294,4.22709,41.8225,0.84672,12.849,0.84672,3695.15,0,0,0,1.43048,1.31772,9.803,1.00744,11.5438,0.42336,0,0.42336,460.49,0,1.02816,0,0,2.45864,1.43048,1.028160,1,0,54.722,0,0,0,54.722,0
58.8747,1.71715,0,0,2.94694,0.275426,0.36288,3.6288,61.308,0,0,0,1.83152,0.19688,1.63464,0.66528,12.849,1,0.378559,0.36288,0,48.6842,4.34674,44.3218,0.84672,12.849,0.84672,3695.15,0,0,0,1.43191,1.31796,6.9391,1.09332,8.59566,0.42336,0,0.42336,460.49,0,0.998917,0,0,2.43083,1.43191,1.028160,1,0,54.5521,0,0,0,54.5521,0
61.6162,1.72069,0,0,5.12374,0.298711,0.36288,3.6288,61.308,0,0,0,2.54159,0.217025,2.32457,0.66528,12.849,1,0.375528,0.36288,0,93.2325,4.50628,88.7136,0.84672,12.849,0.84672,3695.15,0,0,0,1.33209,1.1645,9.45968,1.20782,10.7484,0.42336,0,0.42336,460.49,0,0.999064,0,0,2.33116,1.33209,1.028160,1,0,101.787,0,0,0,101.787,0
62.9109,1.73493,0,0,3.69865,0.306158,0.36288,3.6288,61.308,0,0,0,1.10945,0.217025,0.892421,0.66528,12.849,1,0.361791,0.36288,0,47.7714,4.50628,43.2662,0.84672,12.849,0.84672,3695.15,0,0,0,0.811369,1.16471,5.05426,1.20782,5.82252,0.42336,0,0.42336,460.49,0,0.999212,0,0,1.81058,0.811369,1.028160,1,0,49.9812,0,0,0,49.9812,0
64.7908,1.74154,0,0,4.29178,0.307398,0.36288,3.6288,61.308,0,0,0,1.59485,0.200851,1.394,0.66528,12.849,1,0.355694,0.36288,0,64.8097,4.48288,60.334,0.84672,12.849,0.84672,3695.15,0,0,0,1.39872,1.16492,13.1606,1.14462,14.5796,0.42336,0,0.42336,460.49,0,0.999359,0,0,2.39808,1.39872,1.028160,1,0,76.3076,0,0,0,76.3076,0
68.4464,1.75057,0,0,6.07838,0.309368,0.36288,3.6288,61.308,0,0,0,1.65446,0.179286,1.47518,0.66528,12.849,1,0.347165,0.36288,0,79.9623,4.45169,75.5264,0.84672,12.849,0.84672,3695.15,0,0,0,1.83982,1.16513,11.6921,1.06034,13.6367,0.42336,0,0.42336,460.49,0,0.999507,0,0,2.83933,1.83982,1.028160,1,0,90.6382,0,0,0,90.6382,0
72.29,1.84046,0,0,7.57949,0.307333,1.58808,3.6288,61.308,0,0,0,2.04495,0.18558,1.85937,0.66528,12.849,1,0.345498,1.58808,0,82.0714,4.98929,78.3247,0.84672,12.849,0.84672,3695.15,0,0,0,2.39208,1.16534,12.7049,1.23573,15.0266,0.42336,0,0.42336,460.49,0,1.0277,0,0,3.41978,2.39208,1.028160,1,0,95.2107,0,0,0,95.2107,0
72.29,1.85651,0,0,5.62924,0.316565,3.45616,3.6288,61.308,0,0,0,1.7311,0.18558,1.54552,0.66528,12.849,1,0.32998,3.45616,0,69.355,4.98929,67.4919,0.84672,12.849,0.84672,3695.15,0,0,0,0.625551,1.20365,11.9925,1.23573,12.586,0.42336,0,0.42336,460.49,0,1.02785,0,0,1.6534,0.625551,1.028160,1,0,81.6234,0,0,0,81.6234,0
72.29,1.85696,0,0,5.15204,0.316565,2.97852,3.6288,61.308,0.0601602,0,0,1.44392,0.18558,1.19818,0.66528,12.849,1,0.33006,2.97852,0,61.2854,4.98929,58.9446,0.84672,12.849,0.84672,3695.15,0,0,0,0.528595,1.20387,7.74852,1.23573,8.24526,0.42336,0,0.42336,460.49,0,0.967844,0,0,1.49644,0.528595,1.028160,1,0,68.388,0,0,0,68.388,0
72.29,1.8574,0,0,4.9645,0.280853,2.82624,3.6288,61.308,0.158741,0,0,1.38621,0.20461,1.02286,0.66528,12.849,1,0.330139,2.82624,0,54.644,5.22196,51.9182,0.84672,12.849,0.84672,3695.15,0,0,0,0.528595,1.20408,7.61815,1.28153,8.0693,0.42336,0,0.42336,460.49,0,0.869417,0,0,1.39801,0.528595,1.028160,1,0,61.0103,0,0,0,61.0103,0
72.29,1.82871,0,0,4.26336,0.270565,2.16409,3.6288,61.308,0,0,0,1.31978,0.228818,1.09096,0.66528,12.849,1,0.325039,2.16409,0,53.659,4.89435,50.6037,0.84672,12.849,0.84672,3695.15,0,0,0,0.774223,1.2043,7.93835,1.25605,8.66082,0.42336,0,0.42336,460.49,0,1.01741,0,0,1.79163,0.774223,1.028160,1,0,60.3555,0,0,0,60.3555,0
72.29,1.82915,0,0,3.7801,0.277163,1.67379,3.6288,61.308,0,0,0,1.23776,0.232793,1.00497,0.66528,12.849,1,0.325117,1.67379,0,48.6946,4.6935,45.3498,0.84672,12.849,0.84672,3695.15,0,0,0,0.732003,1.18966,7.38755,1.23211,8.0771,0.42336,0,0.42336,460.49,0,1.01756,0,0,1.74957,0.732003,1.028160,1,0,54.4318,0,0,0,54.4318,0
72.29,1.82959,0,0,3.40616,0.277163,1.2994,3.6288,61.308,0,0,0,1.09693,0.232793,0.864142,0.66528,12.849,1,0.325195,1.2994,0,42.5065,4.6935,38.7872,0.84672,12.849,0.84672,3695.15,0,0,0,0.554525,1.18988,6.67129,1.23211,7.18358,0.42336,0,0.42336,460.49,0,1.01771,0,0,1.57224,0.554525,1.028160,1,0,46.8349,0,0,0,46.8349,0
72.29,1.83003,0,0,3.13017,0.246917,1.05322,3.6288,61.308,0,0,0,1.03394,0.192971,0.840969,0.66528,12.849,1,0.325274,1.05322,0,40.7716,3.86778,37.6317,0.84672,12.849,0.84672,3695.15,0,0,0,0.482687,1.19009,6.03723,1.02268,6.68733,0.42336,0,0.42336,460.49,0,1.01786,0,0,1.50055,0.482687,1.028160,1,0,45.16,0,0,0,45.16,0
72.29,1.92948,0,0,3.06081,0.231422,0.8999,3.6288,61.308,0.0285463,0,0,1.08308,0.203567,0.850963,0.66528,12.849,1,0.342951,0.8999,0,36.9738,4.13196,33.3988,0.84672,12.849,0.84672,3695.15,0,0,0,0.786594,1.19031,6.3954,1.03066,7.34164,0.42336,0,0.42336,460.49,0,1.02816,0,0,1.81475,0.786594,1.028160,1,0,41.5914,0,0,0,41.5914,0
72.29,1.92995,0,0,2.73028,0.152725,0.647612,3.6288,61.308,0.028706,0,0,0.968051,0.242337,0.697009,0.66528,12.849,1,0.343033,0.647612,0,32.5176,5.00126,27.8209,0.84672,12.849,0.84672,3695.15,0,0,0,0.43238,1.24227,5.3024,1.13933,5.83772,0.42336,0,0.42336,460.49,0,1.02816,0,0,1.46054,0.43238,1.028160,1,0,34.3556,0,0,0,34.3556,0
72.29,1.93041,0,0,2.61761,0.152725,0.534475,3.6288,61.308,0.0288657,0,0,0.94443,0.242337,0.673227,0.66528,12.849,1,0.343116,0.534475,0,30.0882,5.00126,25.2783,0.84672,12.849,0.84672,3695.15,0,0,0,0.430229,1.24249,5.12331,1.13933,5.65671,0.42336,0,0.42336,460.49,0,1.02816,0,0,1.45839,0.430229,1.028160,1,0,31.6082,0,0,0,31.6082,0
72.29,1.93087,0,0,2.50083,0.152725,0.417233,3.6288,61.308,0.0290255,0,0,0.948119,0.242337,0.676757,0.66528,12.849,1,0.343198,0.417233,0,28.749,5.00126,23.8218,0.84672,12.849,0.84672,3695.15,0,0,0,0.559967,1.24272,4.87923,1.13933,5.54259,0.42336,0,0.42336,460.49,0,1.02816,0,0,1.58813,0.559967,1.028160,1,0,30.0411,0,0,0,30.0411,0
72.1219,1.93134,0,0,2.31331,0.187145,0.36288,3.6288,61.308,0.0291853,0,0,0.89456,0.233119,0.632255,0.66528,12.849,1,0.34328,0.36288,0,26.7474,4.40895,22.358,0.84672,12.849,0.84672,3695.15,0,0,0,0.504853,1.24294,4.43781,1.16218,5.02342,0.42336,0,0.42336,460.49,0,1.02816,0,0,1.53301,0.504853,1.028160,1,0,28.0137,0,0,0,28.0137,0
71.3005,1.91153,0,0,1.57552,0.122568,0.36288,3.6288,61.308,0.0506323,0,0,0.774127,0.309946,0.413549,0.66528,12.849,1,0.340551,0.36288,0,25.0763,5.61278,19.4859,0.84672,12.849,0.84672,3695.15,0,0,0,0.659655,1.24317,3.59664,1.41638,4.08308,0.42336,0,0.42336,460.49,0,1.02816,0,0,1.68782,0.659655,1.028160,1,0,23.9825,0,0,0,23.9825,0
70.3608,1.90866,0,0,1.45363,0.121803,0.36288,3.6288,61.308,0.0507967,0,0,0.753106,0.309946,0.392363,0.66528,12.849,1,0.343958,0.36288,0,22.6594,5.61278,17.0656,0.84672,12.849,0.84672,3695.15,0,0,0,0.569929,1.25551,3.38669,1.41638,3.79575,0.42336,0,0.42336,460.49,0,1.02816,0,0,1.59809,0.569929,1.028160,1,0,21.2537,0,0,0,21.2537,0
69.3315,1.90523,0,0,1.3598,0.120928,0.36288,3.6288,61.308,0.0509612,0,0,0.690777,0.309946,0.32987,0.66528,12.849,1,0.347926,0.36288,0,20.6643,5.61278,15.0665,0.84672,12.849,0.84672,3695.15,0,0,0,0.389949,1.25574,3.30019,1.41638,3.52951,0.42336,0,0.42336,460.49,0,1.02816,0,0,1.41811,0.389949,1.028160,1,0,18.9258,0,0,0,18.9258,0
68.2653,1.90133,0,0,1.31798,0.11997,0.36288,3.6288,61.308,0.0511257,0,0,0.665202,0.309946,0.304131,0.66528,12.849,1,0.352368,0.36288,0,18.4206,5.61278,12.8183,0.84672,12.849,0.84672,3695.15,0,0,0,0.309813,1.25597,3.26576,1.41638,3.41516,0.42336,0,0.42336,460.49,0,1.02816,0,0,1.33797,0.309813,1.028160,1,0,16.5376,0,0,0,16.5376,0
67.1606,1.94737,0,0,1.30163,0.0961368,0.36288,3.6288,61.308,0.0702778,0,0,0.767647,0.329496,0.367872,0.66528,12.849,1,0.366537,0.36288,0,21.3856,5.77378,15.6081,0.84672,12.849,0.84672,3695.15,0,0,0,0.290183,1.2562,3.00661,1.48771,3.06528,0.42336,0,0.42336,460.49,0,1.02816,0,0,1.31834,0.290183,1.028160,1,0,19.0413,0,0,0,19.0413,0
65.9121,1.94278,0,0,1.15301,0.0957874,0.36288,3.6288,61.308,0.0704464,0,0,0.662723,0.328611,0.263665,0.66528,12.849,1,0.371687,0.36288,0,18.3414,5.76166,12.571,0.84672,12.849,0.84672,3695.15,0,0,0,0.327923,1.28228,2.72775,1.46249,2.87547,0.42336,0,0.42336,460.49,0,1.02816,0,0,1.35608,0.327923,1.028160,1,0,15.7101,0,0,0,15.7101,0
64.5949,1.93735,0,0,1.07785,0.0948433,0.36288,3.6288,61.308,0.0867978,0,0,0.613174,0.328611,0.197765,0.66528,12.849,1,0.377669,0.36288,0,17.4401,5.76166,11.6636,0.84672,12.849,0.84672,3695.15,0,0,0,0.227405,1.28251,2.3935,1.46249,2.44093,0.42336,0,0.42336,460.49,0,1.01198,0,0,1.23938,0.227405,1.028160,1,0,14.3023,0,0,0,14.3023,0
63.2702,1.93139,0,0,1.06337,0.0938472,0.36288,3.6288,61.308,0.0707837,0,0,0.663391,0.328611,0.263996,0.66528,12.849,1,0.384185,0.36288,0,16.1826,5.76166,10.3997,0.84672,12.849,0.84672,3695.15,0,0,0,0.294745,1.28275,2.70678,1.46249,2.82179,0.42336,0,0.42336,460.49,0,1.02816,0,0,1.3229,0.294745,1.028160,1,0,13.4854,0,0,0,13.4854,0
61.8816,2.07052,0,0,1.12088,0.0760775,0.36288,3.6288,61.308,0.139546,0,0,0.700315,0.313579,0.24719,0.66528,12.849,1,0.420484,0.36288,0,16.6221,6.0371,10.5274,0.84672,12.849,0.84672,3695.15,0,0,0,0.43848,1.28298,3.33219,1.5292,3.52445,0.42336,0,0.42336,460.49,0,1.02816,0,0,1.46664,0.43848,1.028160,1,0,14.299,0,0,0,14.299,0
60.22,2.0632,0,0,0.838002,0.0735131,0.36288,3.6288,61.308,0.139729,0,0,0.605651,0.328188,0.137734,0.66528,12.849,1,0.428399,0.36288,0,14.9178,6.23217,8.62013,0.84672,12.849,0.84672,3695.15,0,0,0,0.376289,1.36898,2.76424,1.51775,2.99176,0.42336,0,0.42336,460.49,0,1.02816,0,0,1.40445,0.376289,1.028160,1,0,11.7496,0,0,0,11.7496,0
58.482,2.05394,0,0,0.751326,0.0724991,0.36288,3.6288,61.308,0.139913,0,0,0.549009,0.328188,0.0809083,0.66528,12.849,1,0.438245,0.36288,0,13.3174,6.23217,7.00982,0.84672,12.849,0.84672,3695.15,0,0,0,0.285103,1.36924,2.69556,1.51775,2.83215,0.42336,0,0.42336,460.49,0,1.02816,0,0,1.31326,0.285103,1.028160,1,0,9.92287,0,0,0,9.92287,0
56.9033,2.04375,0,0,0.899251,0.0712966,0.36288,3.6288,61.308,0.140096,0,0,0.589782,0.328188,0.121498,0.66528,12.849,1,0.44903,0.36288,0,13.7826,6.23217,7.4643,0.84672,12.849,0.84672,3695.15,0,0,0,0.398071,1.36949,2.9567,1.51775,3.20651,0.42336,0,0.42336,460.49,0,1.02816,0,0,1.42623,0.398071,1.028160,1,0,10.7923,0,0,0,10.7923,0
55.9514,2.03407,0,0,1.53765,0.0925906,0.36288,3.6288,61.308,0.140279,0,0,0.757521,0.322824,0.294417,0.66528,12.849,1,0.459301,0.36288,0,22.905,6.08375,16.7248,0.84672,12.849,0.84672,3695.15,0,0,0,0.633131,1.36974,3.27284,1.49955,3.77616,0.42336,0,0.42336,460.49,0,1.02816,0,0,1.66129,0.633131,1.028160,1,0,20.7954,0,0,0,20.7954,0
54.7526,1.95881,0,0,1.2014,0.0785032,0.36288,3.6288,61.308,0.098785,0,0,0.908107,0.279433,0.52989,0.66528,12.849,1,0.449833,0.36288,0,19.5534,5.46272,14.0037,0.84672,12.849,0.84672,3695.15,0,0,0,1.88274,1.36999,4.00762,1.32705,5.9333,0.42336,0,0.42336,460.49,0,1.02816,0,0,2.9109,1.88274,1.028160,1,0,20.4669,0,0,0,20.4669,0
53.1799,1.9513,0,0,0.817862,0.0764019,0.36288,3.6288,61.308,0.0989597,0,0,0.759586,0.273648,0.386978,0.66528,12.849,1,0.457919,0.36288,0,17.6941,5.32455,12.2745,0.84672,12.849,0.84672,3695.15,0,0,0,1.55798,1.32206,3.66361,1.30012,5.24353,0.42336,0,0.42336,460.49,0,1.02816,0,0,2.58614,1.55798,1.028160,1,0,17.905,0,0,0,17.905,0
52.0857,1.94086,0,0,1.35126,0.141712,0.36288,3.6288,61.308,0.0991344,0,0,1.15024,0.213003,0.838106,0.66528,12.849,1,0.468937,0.36288,0,25.191,4.49403,20.5909,0.84672,12.849,0.84672,3695.15,0,0,0,2.25902,1.3223,4.85343,1.04053,7.39423,0.42336,0,0.42336,460.49,0,1.02816,0,0,3.28718,2.25902,1.028160,1,0,28.8232,0,0,0,28.8232,0
52.6141,1.93342,0,0,3.01408,0.189458,0.36288,3.6288,61.308,0.0993091,0,0,1.82957,0.167519,1.56274,0.66528,12.849,1,0.476953,0.36288,0,64.3714,3.87114,60.3862,0.84672,12.849,0.84672,3695.15,0,0,0,3.53814,1.32254,10.3747,0.845834,14.3895,0.42336,0,0.42336,460.49,0,1.02816,0,0,4.5663,3.53814,1.028160,1,0,76.3384,0,0,0,76.3384,0
51.5799,1.88139,0,0,1.39543,0.18536,0.36288,3.6288,61.308,0.0615145,0,0,0.782146,0.175714,0.544917,0.66528,12.849,1,0.459459,0.36288,0,35.9419,3.80269,32.0426,0.84672,12.849,0.84672,3695.15,0,0,0,1.60593,1.32279,4.14205,0.900935,6.16983,0.42336,0,0.42336,460.49,0,1.02816,0,0,2.63409,1.60593,1.028160,1,0,38.7574,0,0,0,38.7574,0
50.7614,1.87446,0,0,1.59547,0.176616,0.36288,3.6288,61.308,0.0616814,0,0,0.78387,0.18664,0.535549,0.66528,12.849,1,0.466946,0.36288,0,36.3905,3.71144,32.575,0.84672,12.849,0.84672,3695.15,0,0,0,0.881772,1.28056,5.11186,0.974404,6.29978,0.42336,0,0.42336,460.49,0,1.02816,0,0,1.90993,0.881772,1.028160,1,0,39.4103,0,0,0,39.4103,0
50.2294,1.8689,0,0,1.87496,0.175113,0.36288,3.6288,61.308,0.0618482,0,0,1.29395,0.18664,1.04546,0.66528,12.849,1,0.473067,0.36288,0,39.3947,3.71144,35.5731,0.84672,12.849,0.84672,3695.15,0,0,0,2.53995,1.28079,6.21251,0.974404,9.05886,0.42336,0,0.42336,460.49,0,1.02816,0,0,3.56811,2.53995,1.028160,1,0,45.6774,0,0,0,45.6774,0
49.1618,1.86536,0,0,1.35224,0.191661,0.36288,3.6288,61.308,0.0620151,0,0,0.857579,0.193539,0.602025,0.66528,12.849,1,0.477171,0.36288,0,35.2313,3.82741,31.2896,0.84672,12.849,0.84672,3695.15,0,0,0,1.46185,1.28103,6.32084,1.00148,8.06224,0.42336,0,0.42336,460.49,0,1.02816,0,0,2.49001,1.46185,1.028160,1,0,39.9539,0,0,0,39.9539,0
51.1535,1.69964,0,0,4.28339,0.229097,0.36288,3.6288,61.308,0,0,0,1.52012,0.204963,1.31516,0.66528,12.849,1,0.44422,0.36288,0,113.451,4.11587,109.254,0.84672,12.849,0.84672,3695.15,0,0,0,2.85886,1.28126,11.115,1.04715,14.208,0.42336,0,0.42336,460.49,0,1.0112,0,0,3.87005,2.85886,1.028160,1,0,124.777,0,0,0,124.777,0
54.1703,1.71387,0,0,5.30473,0.211188,0.36288,3.6288,61.308,0,0,0,2.89622,0.170031,2.72619,0.66528,12.849,1,0.430499,0.36288,0,111.28,4.10686,107.105,0.84672,12.849,0.84672,3695.15,0,0,0,4.16187,1.18301,12.8888,0.914982,17.3187,0.42336,0,0.42336,460.49,0,1.01135,0,0,5.17322,4.16187,1.028160,1,0,127.15,0,0,0,127.15,0
56.6433,1.73367,0,0,4.78732,0.217844,0.36288,3.6288,61.308,0,0,0,3.20085,0.170031,3.03082,0.66528,12.849,1,0.411221,0.36288,0,130.836,4.10686,126.68,0.84672,12.849,0.84672,3695.15,0,0,0,4.54119,1.18322,12.7467,0.914982,17.5561,0.42336,0,0.42336,460.49,0,1.0115,0,0,5.55269,4.54119,1.028160,1,0,147.267,0,0,0,147.267,0
59.3601,1.74873,0,0,5.05177,0.2233,0.36288,3.6288,61.308,0,0,0,3.72283,0.170031,3.5528,0.66528,12.849,1,0.396683,0.36288,0,135.521,4.10686,131.38,0.84672,12.849,0.84672,3695.15,0,0,0,5.36448,1.18343,15.6307,0.914982,21.2636,0.42336,0,0.42336,460.49,0,1.01165,0,0,6.37613,5.36448,1.028160,1,0,156.197,0,0,0,156.197,0
61.686,1.76408,0,0,4.6783,0.225484,0.36288,3.6288,61.308,0,0,0,2.8463,0.231979,2.61432,0.66528,12.849,1,0.38185,0.36288,0,101.947,4.93269,96.9952,0.84672,12.849,0.84672,3695.15,0,0,0,4.07714,1.18365,12.1225,1.31252,16.0708,0.42336,0,0.42336,460.49,0,1.0118,0,0,5.08893,4.07714,1.028160,1,0,115.68,0,0,0,115.68,0
63.1142,1.83991,0,0,3.88797,0.256962,0.36288,3.6288,61.308,0.00672762,0,0,2.03216,0.233261,1.79217,0.66528,12.849,1,0.383248,0.36288,0,75.0303,4.78427,70.2256,0.84672,12.849,0.84672,3695.15,0,0,0,2.58619,1.18386,7.78741,1.29802,10.2594,0.42336,0,0.42336,460.49,0,1.02816,0,0,3.61435,2.58619,1.028160,1,0,82.2773,0,0,0,82.2773,0
63.7195,1.84755,0,0,3.09483,0.279082,0.36288,3.6288,61.308,0.0068777,0,0,1.16465,0.228069,0.929708,0.66528,12.849,1,0.37613,0.36288,0,73.9947,4.74211,69.2393,0.84672,12.849,0.84672,3695.15,0,0,0,1.23753,1.21617,3.59313,1.22719,4.81965,0.42336,0,0.42336,460.49,0,1.02816,0,0,2.26569,1.23753,1.028160,1,0,74.9887,0,0,0,74.9887,0
66.8325,1.85095,0,0,5.60307,0.276289,0.36288,3.6288,61.308,0.00702791,0,0,2.84799,0.228582,2.61238,0.66528,12.849,1,0.373243,0.36288,0,90.8885,4.69462,86.1835,0.84672,12.849,0.84672,3695.15,0,0,0,6.02112,1.21639,12.7084,1.23529,18.7106,0.42336,0,0.42336,460.49,0,1.02816,0,0,7.04928,6.02112,1.028160,1,0,107.507,0,0,0,107.507,0
68.3964,1.86597,0,0,4.05035,0.257616,0.36288,3.6288,61.308,0.00717805,0,0,3.00551,0.231662,2.76667,0.66528,12.849,1,0.358745,0.36288,0,96.2703,4.40969,91.8648,0.84672,12.849,0.84672,3695.15,0,0,0,2.2112,1.2166,8.95951,1.28384,11.1035,0.42336,0,0.42336,460.49,0,1.02816,0,0,3.23936,2.2112,1.028160,1,0,105.735,0,0,0,105.735,0
69.2159,2.08086,0,0,3.53263,0.269393,0.36288,3.6288,61.308,0.0935239,0,0,1.43872,0.238186,1.10701,0.66528,12.849,1,0.390912,0.36288,0,74.0836,4.26626,69.7893,0.84672,12.849,0.84672,3695.15,0,0,0,1.26916,1.21681,4.72728,1.24156,5.97169,0.42336,0,0.42336,460.49,0,1.02816,0,0,2.29732,1.26916,1.028160,1,0,76.868,0,0,0,76.868,0
71.8123,2.08524,0,0,5.33521,0.290686,0.36288,3.6288,61.308,0.0936918,0,0,1.74701,0.205204,1.44811,0.66528,12.849,1,0.387097,0.36288,0,111.958,3.81066,108.123,0.84672,12.849,0.84672,3695.15,0,0,0,2.40952,1.32982,5.45526,1.02725,8.16736,0.42336,0,0.42336,460.49,0,1.02816,0,0,3.43768,2.40952,1.028160,1,0,117.739,0,0,0,117.739,0
72.29,2.09759,0,0,6.90284,0.29655,4.03095,3.6288,61.308,0.0938598,0,0,2.10908,0.205204,1.81002,0.66528,12.849,1,0.375312,4.03095,0,121.522,3.81066,121.367,0.84672,12.849,0.84672,3695.15,0,0,0,4.84021,1.33006,7.48727,1.02725,12.6303,0.42336,0,0.42336,460.49,0,1.02816,0,0,5.86837,4.84021,1.028160,1,0,135.808,0,0,0,135.808,0
72.29,2.10018,0,0,5.0202,0.297629,2.62239,3.6288,61.308,0.0940278,0,0,1.64543,0.205204,1.3462,0.66528,12.849,1,0.373292,2.62239,0,137.951,3.81066,136.39,0.84672,12.849,0.84672,3695.15,0,0,0,1.99568,1.33029,5.51818,1.02725,7.8169,0.42336,0,0.42336,460.49,0,1.02816,0,0,3.02384,1.99568,1.028160,1,0,145.553,0,0,0,145.553,0
72.29,1.80185,0,0,4.01428,0.314355,1.89808,3.6288,61.308,0,0,0,1.54255,0.188079,1.35447,0.66528,12.849,1,0.320265,1.89808,0,100.666,3.38667,98.8567,0.84672,12.849,0.84672,3695.15,0,0,0,1.19776,1.33053,3.92277,0.885204,5.56586,0.42336,0,0.42336,460.49,0,1.00659,0,0,2.20435,1.19776,1.028160,1,0,105.777,0,0,0,105.777,0
72.29,1.80227,0,0,9.04841,0.34559,6.90055,3.6288,61.308,0,0,0,7.61003,0.206548,7.40349,0.66528,12.849,1,0.32034,6.90055,0,207.54,3.38531,210.735,0.84672,12.849,0.84672,3695.15,0,0,0,9.12295,1.17537,19.3585,0.833635,28.8232,0.42336,0,0.42336,460.49,0,1.00673,0,0,10.1297,9.12295,1.028160,1,0,246.961,0,0,0,246.961,0
72.29,1.80269,0,0,6.83134,0.34559,4.68306,3.6288,61.308,0,0,0,5.60847,0.206548,5.40193,0.66528,12.849,1,0.320415,4.68306,0,227.963,3.38531,228.94,0.84672,12.849,0.84672,3695.15,0,0,0,7.30809,1.17558,14.6463,0.833635,22.2963,0.42336,0,0.42336,460.49,0,1.00687,0,0,8.31496,7.30809,1.028160,1,0,256.638,0,0,0,256.638,0
72.29,1.80311,0,0,6.92382,0.34559,4.77512,3.6288,61.308,0,0,0,4.15417,0.206548,3.94762,0.66528,12.849,1,0.32049,4.77512,0,254.445,3.38531,255.514,0.84672,12.849,0.84672,3695.15,0,0,0,4.92374,1.17578,11.8229,0.833635,17.0888,0.42336,0,0.42336,460.49,0,1.00702,0,0,5.93076,4.92374,1.028160,1,0,276.55,0,0,0,276.55,0
72.29,1.80354,0,0,4.8034,0.280206,2.71966,3.6288,61.308,0,0,0,2.86452,0.243182,2.62134,0.66528,12.849,1,0.320565,2.71966,0,158.496,3.89929,156.996,0.84672,12.849,0.84672,3695.15,0,0,0,3.16559,1.17599,7.79967,1.0053,11.136,0.42336,0,0.42336,460.49,0,1.00716,0,0,4.17276,3.16559,1.028160,1,0,170.754,0,0,0,170.754,0
72.29,1.87925,0,0,5.37641,0.336931,3.16023,3.6288,61.308,0.00749849,0,0,4.31952,0.19156,4.12047,0.66528,12.849,1,0.334023,3.16023,0,205.672,3.46279,205.035,0.84672,12.849,0.84672,3695.15,0,0,0,5.68063,1.17619,10.3405,0.849984,16.3474,0.42336,0,0.42336,460.49,0,1.02816,0,0,6.70879,5.68063,1.028160,1,0,225.503,0,0,0,225.503,0
72.29,1.87969,0,0,5.82479,0.354887,3.59022,3.6288,61.308,0.00764881,0,0,4.23351,0.181445,4.04442,0.66528,12.849,1,0.334101,3.59022,0,206.222,3.31412,206.164,0.84672,12.849,0.84672,3695.15,0,0,0,6.04359,1.21492,10.2197,0.804563,16.6736,0.42336,0,0.42336,460.49,0,1.02816,0,0,7.07175,6.04359,1.028160,1,0,226.882,0,0,0,226.882,0
72.29,1.88013,0,0,8.23815,0.354887,6.00314,3.6288,61.308,0.00779919,0,0,7.02664,0.181445,6.8374,0.66528,12.849,1,0.334179,6.00314,0,220.349,3.31412,222.704,0.84672,12.849,0.84672,3695.15,0,0,0,11.9503,1.21513,19.0574,0.804563,31.4183,0.42336,0,0.42336,460.49,0,1.02816,0,0,12.9785,11.9503,1.028160,1,0,260.96,0,0,0,260.96,0
72.29,1.88057,0,0,5.69592,0.319175,3.49618,3.6288,61.308,0.00794963,0,0,4.99692,0.200475,4.78849,0.66528,12.849,1,0.334256,3.49618,0,269.837,3.54679,269.452,0.84672,12.849,0.84672,3695.15,0,0,0,6.9787,1.21534,11.0181,0.850364,18.3618,0.42336,0,0.42336,460.49,0,1.02816,0,0,8.00686,6.9787,1.028160,1,0,292.602,0,0,0,292.602,0
72.29,1.85154,0,0,5.11682,0.28002,2.98526,3.6288,61.308,0,0,0,3.13273,0.20794,2.92479,0.66528,12.849,1,0.329097,2.98526,0,162.095,3.36878,161.382,0.84672,12.849,0.84672,3695.15,0,0,0,4.20511,1.21556,9.64215,0.960881,14.1019,0.42336,0,0.42336,460.49,0,1.02524,0,0,5.23035,4.20511,1.028160,1,0,178.409,0,0,0,178.409,0
72.29,1.85197,0,0,4.08056,0.283085,1.9455,3.6288,61.308,0,0,0,2.39909,0.191102,2.20799,0.66528,12.849,1,0.329174,1.9455,0,113.592,3.12816,112.08,0.84672,12.849,0.84672,3695.15,0,0,0,3.60232,1.20075,6.97265,0.983995,10.7917,0.42336,0,0.42336,460.49,0,1.02539,0,0,4.62771,3.60232,1.028160,1,0,125.08,0,0,0,125.08,0
72.29,1.85241,0,0,3.75118,0.283085,1.61569,3.6288,61.308,0,0,0,2.19568,0.191102,2.00458,0.66528,12.849,1,0.329251,1.61569,0,110.937,3.12816,109.095,0.84672,12.849,0.84672,3695.15,0,0,0,2.80298,1.20096,6.48821,0.983995,9.50815,0.42336,0,0.42336,460.49,0,1.02554,0,0,3.82851,2.80298,1.028160,1,0,120.608,0,0,0,120.608,0
72.29,1.85284,0,0,3.68178,0.283085,1.54586,3.6288,61.308,0,0,0,1.97008,0.191102,1.77897,0.66528,12.849,1,0.329328,1.54586,0,88.1781,3.12816,86.2665,0.84672,12.849,0.84672,3695.15,0,0,0,4.46395,1.20117,6.22087,0.983995,10.902,0.42336,0,0.42336,460.49,0,1.02568,0,0,5.48963,4.46395,1.028160,1,0,98.9474,0,0,0,98.9474,0
72.29,1.95336,0,0,3.47127,0.259908,1.25799,3.6288,61.308,0.0367856,0,0,1.77282,0.203416,1.53261,0.66528,12.849,1,0.347196,1.25799,0,79.8777,3.52665,77.2618,0.84672,12.849,0.84672,3695.15,0,0,0,3.79922,1.20138,5.73407,0.985124,9.74955,0.42336,0,0.42336,460.49,0,1.02816,0,0,4.82738,3.79922,1.028160,1,0,88.544,0,0,0,88.544,0
72.29,1.95382,0,0,3.37747,0.205906,1.21775,3.6288,61.308,0.036942,0,0,1.62495,0.222938,1.36507,0.66528,12.849,1,0.347276,1.21775,0,80.1706,4.17616,76.8649,0.84672,12.849,0.84672,3695.15,0,0,0,3.32094,1.2539,6.34266,1.0222,9.8953,0.42336,0,0.42336,460.49,0,1.02816,0,0,4.3491,3.32094,1.028160,1,0,88.1252,0,0,0,88.1252,0
72.29,1.95427,0,0,3.10435,0.205906,0.944175,3.6288,61.308,0.0370984,0,0,1.67182,0.222938,1.41179,0.66528,12.849,1,0.347357,0.944175,0,75.9404,4.17616,72.3611,0.84672,12.849,0.84672,3695.15,0,0,0,2.16654,1.25412,6.09532,1.0222,8.49379,0.42336,0,0.42336,460.49,0,1.02816,0,0,3.1947,2.16654,1.028160,1,0,82.2666,0,0,0,82.2666,0
72.29,1.95472,0,0,2.82194,0.205906,0.661315,3.6288,61.308,0.0372549,0,0,1.4423,0.222938,1.18211,0.66528,12.849,1,0.347437,0.661315,0,70.9266,4.17616,67.0643,0.84672,12.849,0.84672,3695.15,0,0,0,1.55571,1.25434,5.6362,1.0222,7.42406,0.42336,0,0.42336,460.49,0,1.02816,0,0,2.58387,1.55571,1.028160,1,0,75.6705,0,0,0,75.6705,0
72.2642,1.95518,0,0,2.49816,0.205906,0.36288,3.6288,61.308,0.0374114,0,0,1.41232,0.222938,1.15197,0.66528,12.849,1,0.347518,0.36288,0,60.142,4.17616,55.9812,0.84672,12.849,0.84672,3695.15,0,0,0,1.74709,1.25456,5.5798,1.0222,7.55926,0.42336,0,0.42336,460.49,0,1.02816,0,0,2.77525,1.74709,1.028160,1,0,64.6924,0,0,0,64.6924,0
72.29,1.93571,0,0,2.76257,0.139785,0.66127,3.6288,61.308,0.0590869,0,0,1.10054,0.248183,0.793268,0.66528,12.849,1,0.344181,0.66127,0,58.7185,4.68808,54.3475,0.84672,12.849,0.84672,3695.15,0,0,0,1.31369,1.25479,4.35593,1.17027,5.75415,0.42336,0,0.42336,460.49,0,1.02816,0,0,2.34185,1.31369,1.028160,1,0,60.8949,0,0,0,60.8949,0
72.29,1.93627,0,0,2.70215,0.128797,0.637088,3.6288,61.308,0.0592479,0,0,0.98877,0.25239,0.677132,0.66528,12.849,1,0.344157,0.637088,0,56.646,4.7734,52.1655,0.84672,12.849,0.84672,3695.15,0,0,0,1.11978,1.26726,3.96086,1.19494,5.15295,0.42336,0,0.42336,460.49,0,1.02816,0,0,2.14794,1.11978,1.028160,1,0,57.9956,0,0,0,57.9956,0
72.29,1.93672,0,0,2.56146,0.101221,0.52352,3.6288,61.308,0.0594089,0,0,0.942399,0.295436,0.587554,0.66528,12.849,1,0.344237,0.52352,0,53.23,5.54448,47.8648,0.84672,12.849,0.84672,3695.15,0,0,0,1.1353,1.26748,3.86655,1.42495,4.84437,0.42336,0,0.42336,460.49,0,1.02816,0,0,2.16346,1.1353,1.028160,1,0,53.2967,0,0,0,53.2967,0
72.2316,1.93717,0,0,2.35078,0.109104,0.36288,3.6288,61.308,0.05957,0,0,0.928774,0.28029,0.588915,0.66528,12.849,1,0.344317,0.36288,0,53.2433,5.55912,47.7028,0.84672,12.849,0.84672,3695.15,0,0,0,1.10676,1.26771,3.72578,1.38864,4.71161,0.42336,0,0.42336,460.49,0,1.02816,0,0,2.13492,1.10676,1.028160,1,0,53.0033,0,0,0,53.0033,0
72.1616,1.98859,0,0,2.38012,0.0987042,0.36288,3.6288,61.308,0.078925,0,0,0.836119,0.283661,0.473532,0.66528,12.849,1,0.353742,0.36288,0,48.7937,5.58837,43.2145,0.84672,12.849,0.84672,3695.15,0,0,0,1.05396,1.26793,3.56302,1.41524,4.46968,0.42336,0,0.42336,460.49,0,1.02816,0,0,2.08212,1.05396,1.028160,1,0,48.1577,0,0,0,48.1577,0
72.1953,1.98876,0,0,2.47026,0.0848569,0.36288,3.6288,61.308,0.0790901,0,0,0.762748,0.288157,0.3955,0.66528,12.849,1,0.354115,0.36288,0,46.155,5.62737,40.5364,0.84672,12.849,0.84672,3695.15,0,0,0,1.18149,1.29429,3.73803,1.4507,4.76311,0.42336,0,0.42336,460.49,0,1.02816,0,0,2.20965,1.18149,1.028160,1,0,45.695,0,0,0,45.695,0
71.9802,1.98936,0,0,2.22195,0.0848787,0.36288,3.6288,61.308,0.0792552,0,0,0.71547,0.288157,0.348057,0.66528,12.849,1,0.354057,0.36288,0,43.4987,5.62737,37.8801,0.84672,12.849,0.84672,3695.15,0,0,0,1.11091,1.29452,3.81604,1.4507,4.77077,0.42336,0,0.42336,460.49,0,1.02816,0,0,2.13907,1.11091,1.028160,1,0,42.999,0,0,0,42.999,0
71.5657,1.98892,0,0,2.02208,0.08474,0.36288,3.6288,61.308,0.0794204,0,0,0.68637,0.288157,0.318792,0.66528,12.849,1,0.355037,0.36288,0,40.8564,5.62737,35.2369,0.84672,12.849,0.84672,3695.15,0,0,0,0.908824,1.29474,3.54764,1.4507,4.30052,0.42336,0,0.42336,460.49,0,1.02816,0,0,1.93698,0.908824,1.028160,1,0,39.8562,0,0,0,39.8562,0
70.7461,2.1375,0,0,1.74972,0.0690057,0.36288,3.6288,61.308,0.148922,0,0,0.68351,0.295224,0.239364,0.66528,12.849,1,0.38377,0.36288,0,38.9815,5.86918,33.0914,0.84672,12.849,0.84672,3695.15,0,0,0,0.887587,1.29497,3.595,1.48074,4.29682,0.42336,0,0.42336,460.49,0,1.02816,0,0,1.91575,0.887587,1.028160,1,0,37.6276,0,0,0,37.6276,0
69.9439,2.13423,0,0,1.77751,0.0825951,0.36288,3.6288,61.308,0.149102,0,0,0.670775,0.300782,0.220892,0.66528,12.849,1,0.387622,0.36288,0,39.6792,5.29001,34.3645,0.84672,12.849,0.84672,3695.15,0,0,0,0.887216,1.3819,2.5559,1.44763,3.37739,0.42336,0,0.42336,460.49,0,1.02816,0,0,1.91538,0.887216,1.028160,1,0,37.9627,0,0,0,37.9627,0
68.947,2.13097,0,0,1.57907,0.0820864,0.36288,3.6288,61.308,0.149281,0,0,0.600668,0.300782,0.150605,0.66528,12.849,1,0.391468,0.36288,0,35.4648,5.29001,30.1462,0.84672,12.849,0.84672,3695.15,0,0,0,0.780192,1.38215,2.49607,1.44763,3.21078,0.42336,0,0.42336,460.49,0,1.02816,0,0,1.80835,0.780192,1.028160,1,0,33.5076,0,0,0,33.5076,0
68.0912,2.12668,0,0,1.71518,0.0814542,0.36288,3.6288,61.308,0.149461,0,0,0.607788,0.300782,0.157545,0.66528,12.849,1,0.39633,0.36288,0,33.8948,5.29001,28.5714,0.84672,12.849,0.84672,3695.15,0,0,0,0.793627,1.3824,2.65122,1.44763,3.37961,0.42336,0,0.42336,460.49,0,1.02816,0,0,1.82179,0.793627,1.028160,1,0,32.1085,0,0,0,32.1085,0
68.1588,2.12298,0,0,2.64921,0.0956973,0.36288,3.6288,61.308,0.149641,0,0,0.731074,0.297563,0.28387,0.66528,12.849,1,0.400613,0.36288,0,54.7462,5.20095,49.5076,0.84672,12.849,0.84672,3695.15,0,0,0,1.15564,1.38264,2.80184,1.4367,3.90342,0.42336,0,0.42336,460.49,0,1.02816,0,0,2.1838,1.15564,1.028160,1,0,53.6948,0,0,0,53.6948,0
67.9859,2.05124,0,0,2.3981,0.156932,0.36288,3.6288,61.308,0.107692,0,0,0.862453,0.295017,0.459744,0.66528,12.849,1,0.386691,0.36288,0,46.6226,5.17889,41.4199,0.84672,12.849,0.84672,3695.15,0,0,0,0.842763,1.38289,3.40368,1.35274,4.27659,0.42336,0,0.42336,460.49,0,1.02816,0,0,1.87092,0.842763,1.028160,1,0,46.1562,0,0,0,46.1562,0
66.7722,2.05089,0,0,1.37338,0.173281,0.36288,3.6288,61.308,0.107863,0,0,0.603902,0.295715,0.200324,0.66528,12.849,1,0.387608,0.36288,0,33.8098,5.21755,28.5675,0.84672,12.849,0.84672,3695.15,0,0,0,0.295661,1.33443,2.58072,1.32498,2.88582,0.42336,0,0.42336,460.49,0,1.02816,0,0,1.32382,0.295661,1.028160,1,0,31.6537,0,0,0,31.6537,0
65.6007,2.04545,0,0,1.40845,0.171631,0.36288,3.6288,61.308,0.108034,0,0,0.577693,0.295715,0.173944,0.66528,12.849,1,0.393607,0.36288,0,36.0887,5.21755,30.8404,0.84672,12.849,0.84672,3695.15,0,0,0,0.269404,1.33467,3.09892,1.32498,3.37801,0.42336,0,0.42336,460.49,0,1.02816,0,0,1.29756,0.269404,1.028160,1,0,34.3923,0,0,0,34.3923,0
64.687,2.04004,0,0,1.65931,0.170039,0.36288,3.6288,61.308,0.108205,0,0,0.788443,0.295715,0.384523,0.66528,12.849,1,0.399577,0.36288,0,36.1788,5.21755,30.9245,0.84672,12.849,0.84672,3695.15,0,0,0,0.569091,1.3349,3.95491,1.32498,4.53392,0.42336,0,0.42336,460.49,0,1.02816,0,0,1.59725,0.569091,1.028160,1,0,35.843,0,0,0,35.843,0
64.8121,1.9767,0,0,2.65269,0.188047,0.36288,3.6288,61.308,0.069998,0,0,1.02519,0.277356,0.677834,0.66528,12.849,1,0.392638,0.36288,0,61.5503,5.00175,56.5188,0.84672,12.849,0.84672,3695.15,0,0,0,0.81032,1.33514,8.19017,1.21404,9.12159,0.42336,0,0.42336,460.49,0,1.02816,0,0,1.83848,0.81032,1.028160,1,0,66.3182,0,0,0,66.3182,0
64.6688,1.97779,0,0,2.42171,0.224283,0.36288,3.6288,61.308,0.0701613,0,0,1.28728,0.225691,0.99143,0.66528,12.849,1,0.392096,0.36288,0,71.4271,4.45148,66.9464,0.84672,12.849,0.84672,3695.15,0,0,0,0.814545,1.29245,6.46623,1.03426,7.53897,0.42336,0,0.42336,460.49,0,1.02816,0,0,1.8427,0.814545,1.028160,1,0,75.4768,0,0,0,75.4768,0
64.9955,1.97752,0,0,2.9462,0.279192,0.36288,3.6288,61.308,0.0703247,0,0,1.00414,0.168698,0.765119,0.66528,12.849,1,0.392912,0.36288,0,92.5301,3.65305,88.847,0.84672,12.849,0.84672,3695.15,0,0,0,1.29624,1.29268,7.83069,0.960927,9.45868,0.42336,0,0.42336,460.49,0,1.02816,0,0,2.3244,1.29624,1.028160,1,0,99.0708,0,0,0,99.0708,0
65.8577,1.97963,0,0,3.48468,0.279927,0.36288,3.6288,61.308,0.0704881,0,0,1.21022,0.168698,0.971037,0.66528,12.849,1,0.391354,0.36288,0,112.255,3.65305,108.574,0.84672,12.849,0.84672,3695.15,0,0,0,1.70609,1.29291,9.80605,0.960927,11.8441,0.42336,0,0.42336,460.49,0,1.02816,0,0,2.73425,1.70609,1.028160,1,0,121.389,0,0,0,121.389,0
67.4402,1.81587,0,0,4.0431,0.281865,0.36288,3.6288,61.308,0,0,0,1.74826,0.168698,1.57956,0.66528,12.849,1,0.354281,0.36288,0,130.873,3.65305,127.228,0.84672,12.849,0.84672,3695.15,0,0,0,2.37265,1.29314,11.8615,0.960927,14.5664,0.42336,0,0.42336,460.49,0,1.01881,0,0,3.39147,2.37265,1.028160,1,0,143.374,0,0,0,143.374,0
66.5764,1.82328,0,0,1.58986,0.26748,0.36288,3.6288,61.308,0,0,0,0.721677,0.197856,0.523821,0.66528,12.849,1,0.347379,0.36288,0,48.3405,4.51941,43.8365,0.84672,12.849,0.84672,3695.15,0,0,0,2.36863,1.19382,7.84433,1.00633,10.4004,0.42336,0,0.42336,460.49,0,1.01896,0,0,3.38759,2.36863,1.028160,1,0,54.7608,0,0,0,54.7608,0
66.5362,1.81993,0,0,2.40827,0.26566,0.36288,3.6288,61.308,0,0,0,0.83465,0.197856,0.636794,0.66528,12.849,1,0.351239,0.36288,0,78.0429,4.51941,73.5351,0.84672,12.849,0.84672,3695.15,0,0,0,2.83354,1.19403,9.33319,1.00633,12.3544,0.42336,0,0.42336,460.49,0,1.01911,0,0,3.85265,2.83354,1.028160,1,0,86.5263,0,0,0,86.5263,0
72.29,1.82017,0,0,10.1506,0.265575,2.31105,3.6288,61.308,0,0,0,5.08829,0.197856,4.89044,0.66528,12.849,1,0.351499,2.31105,0,321.671,4.51941,319.111,0.84672,12.849,0.84672,3695.15,0,0,0,3.0025,1.19424,25.004,1.00633,28.1944,0.42336,0,0.42336,460.49,0,1.01926,0,0,4.02176,3.0025,1.028160,1,0,352.196,0,0,0,352.196,0
72.29,1.84436,0,0,5.83813,0.24283,3.75094,3.6288,61.308,0,0,0,3.38209,0.186046,3.19605,0.66528,12.849,1,0.327821,3.75094,0,187.22,3.83175,186.812,0.84672,12.849,0.84672,3695.15,0,0,0,2.97534,1.19445,16.0487,0.871308,19.3472,0.42336,0,0.42336,460.49,0,1.0194,0,0,3.99474,2.97534,1.028160,1,0,209.355,0,0,0,209.355,0
72.29,1.91062,0,0,3.50016,0.256059,1.33348,3.6288,61.308,0.0145764,0,0,1.21085,0.237686,0.95859,0.66528,12.849,1,0.339598,1.33348,0,95.0452,4.43658,91.6025,0.84672,12.849,0.84672,3695.15,0,0,0,2.28656,1.19466,7.42981,1.10755,9.80348,0.42336,0,0.42336,460.49,0,1.02816,0,0,3.31472,2.28656,1.028160,1,0,102.365,0,0,0,102.365,0
72.29,1.91105,0,0,3.5148,0.288349,1.3154,3.6288,61.308,0.0147232,0,0,0.9382,0.266005,0.657472,0.66528,12.849,1,0.339675,1.3154,0,98.3215,5.05407,94.2431,0.84672,12.849,0.84672,3695.15,0,0,0,1.04411,1.22731,5.78604,1.39728,6.66017,0.42336,0,0.42336,460.49,0,1.02816,0,0,2.07227,1.04411,1.028160,1,0,101.561,0,0,0,101.561,0
72.29,1.91148,0,0,3.44619,0.288349,1.24636,3.6288,61.308,0.0148699,0,0,0.935271,0.266005,0.654396,0.66528,12.849,1,0.339751,1.24636,0,95.0797,5.05407,90.9323,0.84672,12.849,0.84672,3695.15,0,0,0,1.03564,1.22752,5.48099,1.39728,6.34687,0.42336,0,0.42336,460.49,0,1.02816,0,0,2.0638,1.03564,1.028160,1,0,97.9336,0,0,0,97.9336,0
72.29,1.91191,0,0,3.68519,0.268251,1.50503,3.6288,61.308,0.0150167,0,0,1.08047,0.253962,0.811488,0.66528,12.849,1,0.339828,1.50503,0,90.6275,4.34224,87.4505,0.84672,12.849,0.84672,3695.15,0,0,0,1.34691,1.22773,5.82922,1.25145,7.1524,0.42336,0,0.42336,460.49,0,1.02816,0,0,2.37507,1.34691,1.028160,1,0,95.4144,0,0,0,95.4144,0
72.29,2.12391,0,0,3.73156,0.311189,1.29646,3.6288,61.308,0.10228,0,0,1.15015,0.182489,0.865379,0.66528,12.849,1,0.377509,1.29646,0,90.8937,3.67953,88.1331,0.84672,12.849,0.84672,3695.15,0,0,0,2.36532,1.22793,6.37716,1.07193,8.89848,0.42336,0,0.42336,460.49,0,1.02816,0,0,3.39348,2.36532,1.028160,1,0,97.8969,0,0,0,97.8969,0
72.29,2.12438,0,0,4.30139,0.33197,1.84504,3.6288,61.308,0.102445,0,0,1.2619,0.244576,0.914878,0.66528,12.849,1,0.377593,1.84504,0,106.847,4.87095,103.444,0.84672,12.849,0.84672,3695.15,0,0,0,1.70895,1.34214,6.2688,1.17147,8.14842,0.42336,0,0.42336,460.49,0,1.02816,0,0,2.73711,1.70895,1.028160,1,0,112.507,0,0,0,112.507,0
72.29,2.12485,0,0,3.06156,0.33197,0.604735,3.6288,61.308,0.102609,0,0,0.844595,0.244576,0.49741,0.66528,12.849,1,0.377677,0.604735,0,81.5461,4.87095,76.9022,0.84672,12.849,0.84672,3695.15,0,0,0,1.13662,1.34238,5.0757,1.17147,6.38322,0.42336,0,0.42336,460.49,0,1.02816,0,0,2.16478,1.13662,1.028160,1,0,83.7828,0,0,0,83.7828,0
72.29,2.12533,0,0,3.17657,0.335834,0.715406,3.6288,61.308,0.102773,0,0,0.9025,0.244878,0.554849,0.66528,12.849,1,0.377761,0.715406,0,76.1288,4.76089,71.7055,0.84672,12.849,0.84672,3695.15,0,0,0,1.42338,1.34261,7.24308,1.14159,8.86747,0.42336,0,0.42336,460.49,0,1.02816,0,0,2.45154,1.42338,1.028160,1,0,81.1278,0,0,0,81.1278,0
72.29,1.82379,0,0,3.3108,0.354587,1.13242,3.6288,61.308,0,0,0,0.915408,0.238129,0.677279,0.66528,12.849,1,0.324165,1.13242,0,83.8066,4.03674,80.5781,0.84672,12.849,0.84672,3695.15,0,0,0,1.54777,1.34284,5.77191,0.933023,7.72949,0.42336,0,0.42336,460.49,0,1.01409,0,0,2.56186,1.54777,1.028160,1,0,88.9849,0,0,0,88.9849,0
72.29,1.82421,0,0,3.64795,0.328007,1.49573,3.6288,61.308,0,0,0,0.933777,0.186753,0.747024,0.66528,12.849,1,0.324239,1.49573,0,59.4853,3.65379,57.003,0.84672,12.849,0.84672,3695.15,0,0,0,1.97931,1.18602,6.5673,0.757287,8.97534,0.42336,0,0.42336,460.49,0,1.01423,0,0,2.99354,1.97931,1.028160,1,0,66.7253,0,0,0,66.7253,0
72.29,1.82462,0,0,3.56933,0.328007,1.41671,3.6288,61.308,0,0,0,1.16123,0.186753,0.974481,0.66528,12.849,1,0.324312,1.41671,0,77.1492,3.65379,74.5878,0.84672,12.849,0.84672,3695.15,0,0,0,2.37179,1.18622,7.95398,0.757287,10.7547,0.42336,0,0.42336,460.49,0,1.01437,0,0,3.38616,2.37179,1.028160,1,0,86.317,0,0,0,86.317,0
72.29,1.82503,0,0,4.99088,0.328007,2.83784,3.6288,61.308,0,0,0,1.23878,0.186753,1.05202,0.66528,12.849,1,0.324385,2.83784,0,121.478,3.65379,120.338,0.84672,12.849,0.84672,3695.15,0,0,0,2.56083,1.18642,10.4109,0.757287,13.4008,0.42336,0,0.42336,460.49,0,1.01452,0,0,3.57534,2.56083,1.028160,1,0,134.791,0,0,0,134.791,0
72.29,1.82544,0,0,5.00629,0.324923,2.85593,3.6288,61.308,0,0,0,1.10164,0.203411,0.898232,0.66528,12.849,1,0.324459,2.85593,0,95.3571,4.02402,93.8645,0.84672,12.849,0.84672,3695.15,0,0,0,2.6424,1.18662,9.14509,0.858205,12.1159,0.42336,0,0.42336,460.49,0,1.01466,0,0,3.65706,2.6424,1.028160,1,0,106.879,0,0,0,106.879,0
72.29,1.90195,0,0,5.04303,0.322959,2.81812,3.6288,61.308,0.0152905,0,0,1.15018,0.199574,0.935318,0.66528,12.849,1,0.338057,2.81812,0,88.6326,3.95284,87.1598,0.84672,12.849,0.84672,3695.15,0,0,0,2.26131,1.18682,8.42443,0.876137,10.9964,0.42336,0,0.42336,460.49,0,1.02816,0,0,3.28947,2.26131,1.028160,1,0,99.0915,0,0,0,99.0915,0
72.29,1.90238,0,0,4.34162,0.325256,2.11398,3.6288,61.308,0.0154375,0,0,1.1324,0.181381,0.935584,0.66528,12.849,1,0.338133,2.11398,0,106.335,3.55415,104.557,0.84672,12.849,0.84672,3695.15,0,0,0,2.35147,1.22595,8.61178,0.782392,11.4068,0.42336,0,0.42336,460.49,0,1.02816,0,0,3.37963,2.35147,1.028160,1,0,116.899,0,0,0,116.899,0
72.29,1.90281,0,0,4.82767,0.325256,2.59961,3.6288,61.308,0.0155845,0,0,1.35244,0.181381,1.15547,0.66528,12.849,1,0.33821,2.59961,0,120.327,3.55415,119.034,0.84672,12.849,0.84672,3695.15,0,0,0,2.10806,1.22616,9.20402,0.782392,11.7558,0.42336,0,0.42336,460.49,0,1.02816,0,0,3.13622,2.10806,1.028160,1,0,131.945,0,0,0,131.945,0
72.29,1.90324,0,0,4.02217,0.325256,1.79368,3.6288,61.308,0.0157314,0,0,1.16178,0.181381,0.964666,0.66528,12.849,1,0.338286,1.79368,0,89.9027,3.55415,87.8039,0.84672,12.849,0.84672,3695.15,0,0,0,2.11178,1.22636,6.90654,0.782392,9.46229,0.42336,0,0.42336,460.49,0,1.02816,0,0,3.13994,2.11178,1.028160,1,0,98.2309,0,0,0,98.2309,0
72.29,1.87389,0,0,3.31402,0.275488,1.16464,3.6288,61.308,0.00474147,0,0,0.833691,0.189357,0.639592,0.66528,12.849,1,0.333069,1.16464,0,78.313,3.68717,75.4574,0.84672,12.849,0.84672,3695.15,0,0,0,1.27708,1.22657,5.04828,0.851711,6.70022,0.42336,0,0.42336,460.49,0,1.02816,0,0,2.30524,1.27708,1.028160,1,0,82.7972,0,0,0,82.7972,0
72.29,1.87431,0,0,3.06,0.261943,0.92375,3.6288,61.308,0.00488637,0,0,0.871007,0.20582,0.660301,0.66528,12.849,1,0.333144,0.92375,0,73.6111,3.51855,70.6831,0.84672,12.849,0.84672,3695.15,0,0,0,1.35632,1.2116,5.22618,0.921639,6.87246,0.42336,0,0.42336,460.49,0,1.02816,0,0,2.38448,1.35632,1.028160,1,0,78.2159,0,0,0,78.2159,0
72.29,1.87473,0,0,3.19598,0.261943,1.0593,3.6288,61.308,0.00503127,0,0,0.746081,0.20582,0.53523,0.66528,12.849,1,0.33322,1.0593,0,73.0054,3.51855,70.2129,0.84672,12.849,0.84672,3695.15,0,0,0,0.951636,1.21181,6.13225,0.921639,7.37405,0.42336,0,0.42336,460.49,0,1.02816,0,0,1.9798,0.951636,1.028160,1,0,78.1222,0,0,0,78.1222,0
72.29,1.87516,0,0,3.12322,0.22545,1.02262,3.6288,61.308,0.00517623,0,0,0.727566,0.223623,0.498766,0.66528,12.849,1,0.333295,1.02262,0,72.5829,4.9221,68.3501,0.84672,12.849,0.84672,3695.15,0,0,0,1.04019,1.21201,5.54021,0.976973,6.81544,0.42336,0,0.42336,460.49,0,1.02816,0,0,2.06835,1.04019,1.028160,1,0,75.6643,0,0,0,75.6643,0
72.29,1.97673,0,0,2.56481,0.162282,0.425798,3.6288,61.308,0.0448473,0,0,0.692781,0.244135,0.403799,0.66528,12.849,1,0.351349,0.425798,0,45.4202,5.45438,40.0403,0.84672,12.849,0.84672,3695.15,0,0,0,0.864423,1.21222,4.84873,1.11296,5.81241,0.42336,0,0.42336,460.49,0,1.02816,0,0,1.89258,0.864423,1.028160,1,0,46.2565,0,0,0,46.2565,0
72.29,1.97717,0,0,2.55582,0.187918,0.390725,3.6288,61.308,0.0450001,0,0,0.734305,0.243189,0.446116,0.66528,12.849,1,0.351428,0.390725,0,57.3859,4.70421,52.721,0.84672,12.849,0.84672,3695.15,0,0,0,0.929508,1.26529,4.54555,1.04888,5.69147,0.42336,0,0.42336,460.49,0,1.02816,0,0,1.95767,0.929508,1.028160,1,0,58.8586,0,0,0,58.8586,0
72.1876,1.97762,0,0,2.42603,0.187918,0.36288,3.6288,61.308,0.045153,0,0,0.67017,0.243189,0.381829,0.66528,12.849,1,0.351506,0.36288,0,52.004,4.70421,47.3112,0.84672,12.849,0.84672,3695.15,0,0,0,0.718053,1.2655,4.26647,1.04888,5.20115,0.42336,0,0.42336,460.49,0,1.02816,0,0,1.74621,0.718053,1.028160,1,0,52.8941,0,0,0,52.8941,0
71.8946,1.97764,0,0,2.19927,0.151809,0.36288,3.6288,61.308,0.0453059,0,0,0.639766,0.266797,0.327663,0.66528,12.849,1,0.352008,0.36288,0,45.854,4.97196,40.8929,0.84672,12.849,0.84672,3695.15,0,0,0,0.660995,1.26572,4.15563,1.11729,4.96506,0.42336,0,0.42336,460.49,0,1.02816,0,0,1.68915,0.660995,1.028160,1,0,46.1856,0,0,0,46.1856,0
71.496,1.97686,0,0,2.07825,0.137119,0.36288,3.6288,61.308,0.0454588,0,0,0.611131,0.27624,0.289431,0.66528,12.849,1,0.353305,0.36288,0,44.3798,5.07906,39.3103,0.84672,12.849,0.84672,3695.15,0,0,0,0.546601,1.26594,4.14409,1.14465,4.81197,0.42336,0,0.42336,460.49,0,1.02816,0,0,1.57476,0.546601,1.028160,1,0,44.4117,0,0,0,44.4117,0
70.626,1.95564,0,0,1.58201,0.133471,0.36288,3.6288,61.308,0.0673576,0,0,0.573741,0.272568,0.233816,0.66528,12.849,1,0.351461,0.36288,0,32.9173,5.40636,27.5223,0.84672,12.849,0.84672,3695.15,0,0,0,0.338282,1.26615,3.39766,1.21386,3.78824,0.42336,0,0.42336,460.49,0,1.02816,0,0,1.36644,0.338282,1.028160,1,0,31.5444,0,0,0,31.5444,0
69.5683,1.95242,0,0,1.35972,0.102052,0.36288,3.6288,61.308,0.0848899,0,0,0.528073,0.312361,0.130822,0.66528,12.849,1,0.355204,0.36288,0,26.9164,5.58159,21.3425,0.84672,12.849,0.84672,3695.15,0,0,0,0.261274,1.27875,3.11329,1.37823,3.27508,0.42336,0,0.42336,460.49,0,1.01079,0,0,1.27206,0.261274,1.028160,1,0,24.7484,0,0,0,24.7484,0
68.4487,1.9483,0,0,1.29275,0.101223,0.36288,3.6288,61.308,0.128705,0,0,0.502268,0.312361,0.0612018,0.66528,12.849,1,0.359843,0.36288,0,24.5168,5.58159,18.9382,0.84672,12.849,0.84672,3695.15,0,0,0,0.261274,1.27897,2.97431,1.37823,3.13632,0.42336,0,0.42336,460.49,0,0.967127,0,0,1.2284,0.261274,1.028160,1,0,22.1357,0,0,0,22.1357,0
67.2392,1.94378,0,0,1.19756,0.100345,0.36288,3.6288,61.2521,0.186837,0,0,0.443266,0.312361,0,0.66528,12.849,1,0.364881,0.36288,0,23.0253,5.58159,17.4418,0.84672,12.849,0.84672,3695.15,0,0,0,0.261274,1.27919,2.80473,1.37823,2.96696,0.42336,0,0.42336,460.49,0,0.909153,0,0,1.17043,0.261274,1.028160,1,0,20.4087,0,0,0,20.4087,0
65.8681,1.98987,0,0,1.07742,0.0957576,0.36288,3.6288,60.9684,0.340768,0,0,0.370478,0.313363,0,0.66528,12.849,1,0.380252,0.36288,0,20.6702,5.65485,14.998,0.84672,12.849,0.84672,3695.15,0,0,0,0.261274,1.2794,2.58987,1.39891,2.73164,0.42336,0,0.42336,460.49,0,0.774775,0,0,1.03605,0.261274,1.028160,1,0,17.7297,0,0,0,17.7297,0
64.4598,1.98369,0,0,1.02392,0.0857236,0.36288,3.6288,60.617,0.372941,0,0,0.337147,0.315576,0,0.66528,12.849,1,0.386962,0.36288,0,21.869,5.838,16.007,0.84672,12.849,0.84672,3695.15,0,0,0,0.261274,1.30603,2.61362,1.45062,2.73031,0.42336,0,0.42336,460.49,0,0.742764,0,0,1.00404,0.261274,1.028160,1,0,18.7373,0,0,0,18.7373,0
62.9884,1.97709,0,0,0.953381,0.0847606,0.36288,3.6288,60.3367,0.257939,0,0,0.292498,0.314874,0,0.66528,12.849,1,0.3941,0.36288,0,18.517,5.838,12.6478,0.84672,12.849,0.84672,3695.15,0,0,0,0.227405,1.30625,2.63772,1.45062,2.72077,0.42336,0,0.42336,460.49,0,0.857926,0,0,1.08533,0.227405,1.028160,1,0,15.3685,0,0,0,15.3685,0
61.4534,1.96988,0,0,0.88147,0.0837546,0.36288,3.6288,59.9035,0.390189,0,0,0.271248,0.314313,0,0.66528,12.849,1,0.401836,0.36288,0,17.7562,5.838,11.8792,0.84672,12.849,0.84672,3695.15,0,0,0,0.227405,1.30648,2.29348,1.45062,2.37675,0.42336,0,0.42336,460.49,0,0.725838,0,0,0.953243,0.227405,1.028160,1,0,14.2559,0,0,0,14.2559,0
59.8036,2.10976,0,0,0.901048,0.078207,0.36288,3.6288,59.5569,0.331782,0,0,0.301233,0.316014,0,0.66528,12.849,1,0.441119,0.36288,0,16.8881,5.91277,10.8971,0.84672,12.849,0.84672,3695.15,0,0,0,0.227405,1.3067,2.83684,1.46555,2.90539,0.42336,0,0.42336,460.49,0,0.85447,0,0,1.08187,0.227405,1.028160,1,0,13.8025,0,0,0,13.8025,0
58.2192,2.10021,0,0,0.954323,0.0756218,0.36288,3.6288,59.2948,0.279098,0,0,0.305375,0.288434,0,0.66528,12.849,1,0.451236,0.36288,0,23.4687,5.39042,17.9899,0.84672,12.849,0.84672,3695.15,0,0,0,0.227405,1.39453,2.89816,1.41663,3.10347,0.42336,0,0.42336,460.49,0,0.90733,0,0,1.13473,0.227405,1.028160,1,0,21.0934,0,0,0,21.0934,0
56.8129,2.09061,0,0,1.12576,0.0785988,0.36288,3.6288,59.0754,0.254079,0,0,0.315639,0.280921,0,0.66528,12.849,1,0.461398,0.36288,0,23.7097,5.22858,18.3826,0.84672,12.849,0.84672,3695.15,0,0,0,0.204422,1.39477,3.71167,1.39353,3.91734,0.42336,0,0.42336,460.49,0,0.932524,0,0,1.13695,0.204422,1.028160,1,0,22.3,0,0,0,22.3,0
55.1265,2.08176,0,0,0.84018,0.0819339,0.36288,3.6288,58.7509,0.318709,0,0,0.274862,0.280606,0,0.66528,12.849,1,0.470818,0.36288,0,22.5931,5.25078,17.2344,0.84672,12.849,0.84672,3695.15,0,0,0,0.204422,1.39502,2.49283,1.38918,2.70308,0.42336,0,0.42336,460.49,0,0.868069,0,0,1.07249,0.204422,1.028160,1,0,19.9374,0,0,0,19.9374,0
53.4557,2.07054,0,0,0.854055,0.0914138,0.36288,3.6288,58.4026,0.351008,0,0,0.282914,0.280222,0,0.66528,12.849,1,0.482605,0.36288,0,20.8087,5.30628,15.3827,0.84672,12.849,0.84672,3695.15,0,0,0,0.204422,1.39526,2.50083,1.37832,2.7222,0.42336,0,0.42336,460.49,0,0.835946,0,0,1.04037,0.204422,1.028160,1,0,18.1049,0,0,0,18.1049,0
51.9838,1.98858,0,0,0.993764,0.114243,0.36288,3.6288,58.0999,0.282116,0,0,0.246682,0.267247,0,0.66528,12.849,1,0.477989,0.36288,0,18.1733,5.29641,12.7618,0.84672,12.849,0.84672,3695.15,0,0,0,0.204422,1.3955,2.28596,1.28762,2.59826,0.42336,0,0.42336,460.49,0,0.862445,0,0,1.06687,0.204422,1.028160,1,0,15.36,0,0,0,15.36,0
50.5676,1.97816,0,0,1.06216,0.137233,0.36288,3.6288,58.0466,0.116568,0,0,0.315038,0.251832,0,0.66528,12.849,1,0.48895,0.36288,0,19.0635,5.04662,13.8908,0.84672,12.849,0.84672,3695.15,0,0,0,0.568486,1.34652,2.25221,1.17397,2.99325,0.42336,0,0.42336,460.49,0,1.02816,0,0,1.59665,0.568486,1.028160,1,0,16.884,0,0,0,16.884,0
49.3853,1.96768,0,0,1.28349,0.13522,0.36288,3.6288,58.0742,0.116735,0,0,0.396103,0.251745,0,0.66528,12.849,1,0.499979,0.36288,0,20.533,5.04662,15.3492,0.84672,12.849,0.84672,3695.15,0,0,0,0.749736,1.34675,2.52199,1.17397,3.44451,0.42336,0,0.42336,460.49,0,1.02816,0,0,1.7779,0.749736,1.028160,1,0,18.7938,0,0,0,18.7938,0
48.1756,1.95862,0,0,1.24526,0.133538,0.36288,3.6288,58.0265,0.116902,0,0,0.320996,0.25179,0,0.66528,12.849,1,0.509591,0.36288,0,22.0726,5.04662,16.8793,0.84672,12.849,0.84672,3695.15,0,0,0,0.598311,1.34699,2.20993,1.17397,2.98126,0.42336,0,0.42336,460.49,0,1.02816,0,0,1.62647,0.598311,1.028160,1,0,19.8605,0,0,0,19.8605,0
46.9125,1.89244,0,0,1.13231,0.140035,0.36288,3.6288,58.0501,0.0782912,0,0,0.343411,0.241572,0,0.66528,12.849,1,0.504737,0.36288,0,23.6563,4.74096,18.7735,0.84672,12.849,0.84672,3695.15,0,0,0,0.548407,1.34722,2.39295,1.0887,3.19987,0.42336,0,0.42336,460.49,0,1.02816,0,0,1.57657,0.548407,1.028160,1,0,21.9734,0,0,0,21.9734,0
46.2362,1.88219,0,0,1.72656,0.157782,0.36288,3.6288,58.1525,0.0784508,0,0,0.426064,0.24519,0,0.66528,12.849,1,0.515519,0.36288,0,22.8365,4.16102,18.5228,0.84672,12.849,0.84672,3695.15,0,0,0,0.422271,1.30408,3.24213,0.981479,3.987,0.42336,0,0.42336,460.49,0,1.02816,0,0,1.45043,0.422271,1.028160,1,0,22.5098,0,0,0,22.5098,0
45.333,1.87671,0,0,1.5384,0.201982,0.36288,3.6288,57.8623,0.341863,0,0,0.29105,0.239345,0,0.66528,12.849,1,0.521537,0.36288,0,20.0983,4.21943,15.7202,0.84672,12.849,0.84672,3695.15,0,0,0,0.292723,1.3043,2.70927,1.05589,3.25041,0.42336,0,0.42336,460.49,0,0.764908,0,0,1.05763,0.292723,1.028160,1,0,18.9706,0,0,0,18.9706,0
44.9307,1.86903,0,0,2.02949,0.199953,0.36288,3.6288,58.207,0.0787701,0,0,0.662301,0.238897,0,0.66528,12.849,1,0.529751,0.36288,0,26.8902,4.21943,22.5039,0.84672,12.849,0.84672,3695.15,0,0,0,1.66851,1.30452,4.81566,1.05589,6.73281,0.42336,0,0.42336,460.49,0,1.02816,0,0,2.69667,1.66851,1.028160,1,0,29.2367,0,0,0,29.2367,0
48.1534,1.70754,0,0,5.49215,0.199048,0.36288,3.6288,59.5069,0,0,0,1.53941,0.239429,0,0.66528,12.849,1,0.488312,0.36288,0,80.3153,4.21943,75.9704,0.84672,12.849,0.84672,3695.15,0,0,0,3.84582,1.30475,8.39321,1.05589,12.4879,0.42336,0,0.42336,460.49,0,1.02626,0,0,4.87208,3.84582,1.028160,1,0,88.4583,0,0,0,88.4583,0
50.9235,1.73373,0,0,5.09245,0.225732,0.36288,3.6288,60.108,0,0,0,0.819642,0.218539,0,0.66528,12.849,1,0.462619,0.36288,0,81.4666,3.91027,77.4566,0.84672,12.849,0.84672,3695.15,0,0,0,2.26759,1.20439,5.54543,0.95833,8.05908,0.42336,0,0.42336,460.49,0,1.02641,0,0,3.294,2.26759,1.028160,1,0,85.5157,0,0,0,85.5157,0
51.908,1.75422,0,0,3.33746,0.235847,0.36288,3.6288,60.4295,0,0,0,0.536979,0.215548,0,0.66528,12.849,1,0.442624,0.36288,0,51.9401,3.85875,48.0016,0.84672,12.849,0.84672,3695.15,0,0,0,1.04303,1.2046,5.113,0.942071,6.41856,0.42336,0,0.42336,460.49,0,1.02655,0,0,2.06958,1.04303,1.028160,1,0,54.4201,0,0,0,54.4201,0
52.6121,1.76135,0,0,3.07587,0.247559,0.36288,3.6288,60.583,0,0,0,0.380169,0.226597,0,0.66528,12.849,1,0.435993,0.36288,0,40.8909,4.08732,36.7304,0.84672,12.849,0.84672,3695.15,0,0,0,0.581315,1.2048,6.19879,1.01337,6.97153,0.42336,0,0.42336,460.49,0,1.02669,0,0,1.60801,0.581315,1.028160,1,0,43.702,0,0,0,43.702,0
54.4444,1.76643,0,0,4.23437,0.272736,0.36288,3.6288,60.9935,0,0,0,0.663852,0.253361,0,0.66528,12.849,1,0.431401,0.36288,0,66.5478,4.65875,61.8205,0.84672,12.849,0.84672,3695.15,0,0,0,1.46345,1.205,6.11983,1.19163,7.59665,0.42336,0,0.42336,460.49,0,1.02684,0,0,2.49028,1.46345,1.028160,1,0,69.4172,0,0,0,69.4172,0
55.4807,1.84196,0,0,3.51048,0.269268,0.36288,3.6288,61.308,0.0222464,0,0,0.892765,0.234022,0.322036,0.66528,12.849,1,0.434707,0.36288,0,98.1763,4.38879,93.7157,0.84672,12.849,0.84672,3695.15,0,0,0,1.27142,1.20521,6.77759,1.15759,8.09662,0.42336,0,0.42336,460.49,0,1.02816,0,0,2.29958,1.27142,1.028160,1,0,102.134,0,0,0,102.134,0
57.7338,1.84895,0,0,4.72538,0.260485,0.36288,3.6288,61.308,0.0223896,0,0,1.58345,0.207769,1.35329,0.66528,12.849,1,0.428206,0.36288,0,103.394,4.02885,99.2998,0.84672,12.849,0.84672,3695.15,0,0,0,2.59328,1.23819,10.3232,1.11221,13.0424,0.42336,0,0.42336,460.49,0,1.02816,0,0,3.62144,2.59328,1.028160,1,0,113.696,0,0,0,113.696,0
60.1971,1.86303,0,0,4.95552,0.266351,0.36288,3.6288,61.308,0.0225328,0,0,2.16402,0.207769,1.93372,0.66528,12.849,1,0.414627,0.36288,0,98.0675,4.02885,93.9869,0.84672,12.849,0.84672,3695.15,0,0,0,3.42102,1.23839,13.9374,1.11221,17.4846,0.42336,0,0.42336,460.49,0,1.02816,0,0,4.44918,3.42102,1.028160,1,0,113.405,0,0,0,113.405,0
63.5914,1.87741,0,0,5.90738,0.272765,0.36288,3.6288,61.308,0.0226761,0,0,1.7108,0.207769,1.48035,0.66528,12.849,1,0.400732,0.36288,0,51.3498,4.02885,47.2831,0.84672,12.849,0.84672,3695.15,0,0,0,2.99504,1.2386,11.2405,1.11221,14.3619,0.42336,0,0.42336,460.49,0,1.02816,0,0,4.0232,2.99504,1.028160,1,0,63.1253,0,0,0,63.1253,0
68.9346,2.10505,0,0,8.11128,0.300108,0.36288,3.6288,61.308,0.110836,0,0,1.81456,0.233988,1.46974,0.66528,12.849,1,0.425338,0.36288,0,157.386,4.22015,153.104,0.84672,12.849,0.84672,3695.15,0,0,0,3.31503,1.2388,16.767,1.17898,20.1419,0.42336,0,0.42336,460.49,0,1.02816,0,0,4.34319,3.31503,1.028160,1,0,174.715,0,0,0,174.715,0
72.29,2.1333,0,0,11.2315,0.320015,5.4228,3.6288,61.308,0.110997,0,0,5.25717,0.203517,4.94266,0.66528,12.849,1,0.397634,5.4228,0,214.337,3.79554,215.566,0.84672,12.849,0.84672,3695.15,0,0,0,9.65749,1.35418,36.7959,1.11088,46.6967,0.42336,0,0.42336,460.49,0,1.02816,0,0,10.6856,9.65749,1.028160,1,0,267.206,0,0,0,267.206,0
72.29,2.14943,0,0,7.44941,0.329887,4.97009,3.6288,61.308,0.111157,0,0,4.2455,0.194762,3.93958,0.66528,12.849,1,0.382045,4.97009,0,174.608,3.64431,175.552,0.84672,12.849,0.84672,3695.15,0,0,0,3.36297,1.35441,17.5786,1.06752,21.2285,0.42336,0,0.42336,460.49,0,1.02816,0,0,4.39113,3.36297,1.028160,1,0,200.72,0,0,0,200.72,0
72.29,2.14989,0,0,6.41694,0.306736,3.96031,3.6288,61.308,0.111317,0,0,2.87822,0.206919,2.55998,0.66528,12.849,1,0.382127,3.96031,0,113.137,3.81227,112.903,0.84672,12.849,0.84672,3695.15,0,0,0,2.2491,1.35463,15.0255,1.0302,17.599,0.42336,0,0.42336,460.49,0,1.02816,0,0,3.27726,2.2491,1.028160,1,0,133.062,0,0,0,133.062,0
72.29,1.84523,0,0,5.90359,0.302084,3.75627,3.6288,61.308,0,0,0,2.80727,0.236735,2.57054,0.66528,12.849,1,0.327976,3.75627,0,121.362,4.53526,120.255,0.84672,12.849,0.84672,3695.15,0,0,0,2.7481,1.35486,13.6242,1.14199,16.5852,0.42336,0,0.42336,460.49,0,1.02143,0,0,3.76953,2.7481,1.028160,1,0,139.411,0,0,0,139.411,0
72.29,1.84564,0,0,4.42594,0.315001,2.26531,3.6288,61.308,0,0,0,1.32319,0.248582,1.07461,0.66528,12.849,1,0.328048,2.26531,0,119.094,4.02969,117.001,0.84672,12.849,0.84672,3695.15,0,0,0,1.28812,1.19641,7.78853,1.08412,9.18895,0.42336,0,0.42336,460.49,0,1.02156,0,0,2.30969,1.28812,1.028160,1,0,127.265,0,0,0,127.265,0
72.29,1.84604,0,0,4.51202,0.315001,2.35098,3.6288,61.308,0,0,0,1.61116,0.248582,1.36258,0.66528,12.849,1,0.328119,2.35098,0,128.136,4.02969,126.129,0.84672,12.849,0.84672,3695.15,0,0,0,1.57462,1.19661,8.78947,1.08412,10.4766,0.42336,0,0.42336,460.49,0,1.0217,0,0,2.59632,1.57462,1.028160,1,0,137.968,0,0,0,137.968,0
72.29,1.84644,0,0,4.19966,0.281017,2.0722,3.6288,61.308,0,0,0,1.40917,0.230533,1.17863,0.66528,12.849,1,0.328191,2.0722,0,139.785,3.76811,137.761,0.84672,12.849,0.84672,3695.15,0,0,0,1.40529,1.1968,7.81549,1.04654,9.37104,0.42336,0,0.42336,460.49,0,1.02184,0,0,2.42713,1.40529,1.028160,1,0,148.31,0,0,0,148.31,0
72.29,1.84684,0,0,5.49707,0.247366,3.40286,3.6288,61.308,0,0,0,2.91357,0.233511,2.68006,0.66528,12.849,1,0.328263,3.40286,0,142.594,4.00883,141.659,0.84672,12.849,0.84672,3695.15,0,0,0,2.77252,1.197,11.65,1.07789,14.5416,0.42336,0,0.42336,460.49,0,1.02198,0,0,3.7945,2.77252,1.028160,1,0,158.881,0,0,0,158.881,0
72.29,1.92412,0,0,6.98781,0.279987,4.7837,3.6288,61.308,0.0229019,0,0,3.16771,0.215585,2.92922,0.66528,12.849,1,0.341998,4.7837,0,128.127,3.91767,128.651,0.84672,12.849,0.84672,3695.15,0,0,0,2.76274,1.19719,14.8444,0.956646,17.8477,0.42336,0,0.42336,460.49,0,1.02816,0,0,3.7909,2.76274,1.028160,1,0,149.428,0,0,0,149.428,0
72.29,1.92454,0,0,3.82995,0.299808,1.6056,3.6288,61.308,0.0230452,0,0,1.88035,0.20108,1.65622,0.66528,12.849,1,0.342073,1.6056,0,78.9644,3.53818,76.6898,0.84672,12.849,0.84672,3695.15,0,0,0,1.60826,1.23672,5.67866,0.875205,7.64843,0.42336,0,0.42336,460.49,0,1.02816,0,0,2.63642,1.60826,1.028160,1,0,85.9944,0,0,0,85.9944,0
72.29,1.92496,0,0,3.56374,0.299808,1.33897,3.6288,61.308,0.0231886,0,0,2.03462,0.20108,1.81035,0.66528,12.849,1,0.342147,1.33897,0,67.3523,3.53818,64.8109,0.84672,12.849,0.84672,3695.15,0,0,0,1.51036,1.23692,7.38196,0.875205,9.25404,0.42336,0,0.42336,460.49,0,1.02816,0,0,2.53852,1.51036,1.028160,1,0,75.8753,0,0,0,75.8753,0
72.29,1.92538,0,0,3.26151,0.290086,1.04605,3.6288,61.308,0.023332,0,0,2.59636,0.197598,2.37543,0.66528,12.849,1,0.342221,1.04605,0,64.1564,3.32109,61.5391,0.84672,12.849,0.84672,3695.15,0,0,0,2.18216,1.23713,6.52562,0.830864,9.11404,0.42336,0,0.42336,460.49,0,1.02816,0,0,3.21032,2.18216,1.028160,1,0,73.0286,0,0,0,73.0286,0
72.29,1.89571,0,0,2.68877,0.268768,0.524287,3.6288,61.308,0.0122244,0,0,1.46107,0.210817,1.23803,0.66528,12.849,1,0.336949,0.524287,0,54.488,3.4998,51.1755,0.84672,12.849,0.84672,3695.15,0,0,0,1.01384,1.23733,4.50301,0.920525,5.83366,0.42336,0,0.42336,460.49,0,1.02816,0,0,2.042,1.01384,1.028160,1,0,58.2472,0,0,0,58.2472,0
72.1335,1.89613,0,0,2.35971,0.257207,0.36288,3.6288,61.308,0.0123657,0,0,1.62282,0.216468,1.39398,0.66528,12.849,1,0.337022,0.36288,0,51.3689,3.40673,47.9881,0.84672,12.849,0.84672,3695.15,0,0,0,1.77659,1.2222,5.05056,1.0451,7.00425,0.42336,0,0.42336,460.49,0,1.02816,0,0,2.80475,1.77659,1.028160,1,0,56.3863,0,0,0,56.3863,0
72.0259,1.89592,0,0,2.40809,0.256901,0.36288,3.6288,61.308,0.0125071,0,0,1.39666,0.216468,1.16769,0.66528,12.849,1,0.337716,0.36288,0,49.59,3.40673,46.2084,0.84672,12.849,0.84672,3695.15,0,0,0,1.28158,1.2224,4.99529,1.0451,6.45418,0.42336,0,0.42336,460.49,0,1.02816,0,0,2.30974,1.28158,1.028160,1,0,53.8303,0,0,0,53.8303,0
72.0038,1.8959,0,0,2.46302,0.226342,0.36288,3.6288,61.308,0.0126485,0,0,1.36583,0.231304,1.12188,0.66528,12.849,1,0.338218,0.36288,0,51.3913,4.57635,46.8396,0.84672,12.849,0.84672,3695.15,0,0,0,1.38345,1.2226,6.21225,1.09121,7.72708,0.42336,0,0.42336,460.49,0,1.02816,0,0,2.41161,1.38345,1.028160,1,0,55.6886,0,0,0,55.6886,0
71.4593,1.99835,0,0,1.98534,0.168596,0.36288,3.6288,61.308,0.0527199,0,0,1.29642,0.251274,0.99243,0.66528,12.849,1,0.356603,0.36288,0,33.3549,5.28288,28.0783,0.84672,12.849,0.84672,3695.15,0,0,0,1.22368,1.2228,4.69229,1.21107,5.9277,0.42336,0,0.42336,460.49,0,1.02816,0,0,2.25184,1.22368,1.028160,1,0,34.9984,0,0,0,34.9984,0
71.0352,1.99648,0,0,2.1002,0.164945,0.36288,3.6288,61.308,0.052869,0,0,1.26119,0.26467,0.943651,0.66528,12.849,1,0.358984,0.36288,0,40.2401,4.86348,35.3805,0.84672,12.849,0.84672,3695.15,0,0,0,1.46386,1.27641,4.98023,1.11459,6.6059,0.42336,0,0.42336,460.49,0,1.02816,0,0,2.49202,1.46386,1.028160,1,0,42.9301,0,0,0,42.9301,0
70.4409,1.99509,0,0,1.93327,0.169575,0.36288,3.6288,61.308,0.0530181,0,0,1.1865,0.265148,0.86833,0.66528,12.849,1,0.360877,0.36288,0,38.932,4.76375,34.1703,0.84672,12.849,0.84672,3695.15,0,0,0,1.35403,1.27662,4.69067,1.08583,6.2355,0.42336,0,0.42336,460.49,0,1.02816,0,0,2.38219,1.35403,1.028160,1,0,41.2741,0,0,0,41.2741,0
69.7932,1.99295,0,0,1.8769,0.168803,0.36288,3.6288,61.308,0.0531673,0,0,1.09138,0.265148,0.773063,0.66528,12.849,1,0.36353,0.36288,0,36.3957,4.76375,31.6313,0.84672,12.849,0.84672,3695.15,0,0,0,1.10548,1.27683,4.30832,1.08583,5.6048,0.42336,0,0.42336,460.49,0,1.02816,0,0,2.13364,1.10548,1.028160,1,0,38.0091,0,0,0,38.0091,0
68.9527,1.99053,0,0,1.65973,0.146776,0.36288,3.6288,61.308,0.0533165,0,0,1.02437,0.279313,0.691737,0.66528,12.849,1,0.366459,0.36288,0,32.3533,4.9244,27.4253,0.84672,12.849,0.84672,3695.15,0,0,0,0.984995,1.27704,4.20724,1.12687,5.3424,0.42336,0,0.42336,460.49,0,1.02816,0,0,2.01315,0.984995,1.028160,1,0,33.4594,0,0,0,33.4594,0
68.2864,1.96711,0,0,1.78549,0.121879,0.36288,3.6288,61.308,0.0754329,0,0,1.13222,0.289952,0.766836,0.66528,12.849,1,0.366562,0.36288,0,32.4886,5.28554,27.1994,0.84672,12.849,0.84672,3695.15,0,0,0,0.985807,1.27725,4.55455,1.18974,5.62787,0.42336,0,0.42336,460.49,0,1.02816,0,0,2.01397,0.985807,1.028160,1,0,33.5941,0,0,0,33.5941,0
67.697,1.96453,0,0,1.84594,0.107909,0.36288,3.6288,61.308,0.0755864,0,0,1.14046,0.307344,0.757532,0.66528,12.849,1,0.369652,0.36288,0,33.584,5.42106,28.1562,0.84672,12.849,0.84672,3695.15,0,0,0,0.960949,1.28997,4.67489,1.27395,5.65185,0.42336,0,0.42336,460.49,0,1.02816,0,0,1.98911,0.960949,1.028160,1,0,34.5656,0,0,0,34.5656,0
67.0289,1.96225,0,0,1.75217,0.0951584,0.36288,3.6288,61.308,0.0757399,0,0,1.10195,0.325028,0.701178,0.66528,12.849,1,0.372438,0.36288,0,31.3722,5.44005,25.9226,0.84672,12.849,0.84672,3695.15,0,0,0,0.892987,1.29018,4.71006,1.33253,5.5607,0.42336,0,0.42336,460.49,0,1.02816,0,0,1.92115,0.892987,1.028160,1,0,32.1844,0,0,0,32.1844,0
66.2563,1.95956,0,0,1.64452,0.0946586,0.36288,3.6288,61.308,0.0758934,0,0,0.969771,0.325028,0.568849,0.66528,12.849,1,0.375634,0.36288,0,28.6651,5.44005,23.2123,0.84672,12.849,0.84672,3695.15,0,0,0,0.821915,1.29039,4.46997,1.33253,5.24975,0.42336,0,0.42336,460.49,0,1.02816,0,0,1.85007,0.821915,1.028160,1,0,29.0309,0,0,0,29.0309,0
65.3725,2.00788,0,0,1.57829,0.0913192,0.36288,3.6288,61.308,0.0956396,0,0,0.908004,0.326265,0.486099,0.66528,12.849,1,0.389385,0.36288,0,28.0558,5.50916,22.5201,0.84672,12.849,0.84672,3695.15,0,0,0,0.720014,1.29061,4.19654,1.34945,4.85771,0.42336,0,0.42336,460.49,0,1.02816,0,0,1.74817,0.720014,1.028160,1,0,27.864,0,0,0,27.864,0
64.6302,2.00391,0,0,1.6987,0.0742252,0.36288,3.6288,61.308,0.095797,0,0,0.916618,0.333683,0.487137,0.66528,12.849,1,0.39387,0.36288,0,29.6487,5.92379,23.6939,0.84672,12.849,0.84672,3695.15,0,0,0,0.708903,1.31749,4.11399,1.45097,4.68942,0.42336,0,0.42336,460.49,0,1.02816,0,0,1.73706,0.708903,1.028160,1,0,28.8705,0,0,0,28.8705,0
63.7469,2.00057,0,0,1.55396,0.0737839,0.36288,3.6288,61.308,0.0959544,0,0,0.861529,0.333683,0.431891,0.66528,12.849,1,0.397729,0.36288,0,27.8764,5.92379,21.9177,0.84672,12.849,0.84672,3695.15,0,0,0,0.676261,1.31771,4.18745,1.45097,4.73045,0.42336,0,0.42336,460.49,0,1.02816,0,0,1.70442,0.676261,1.028160,1,0,27.0801,0,0,0,27.0801,0
62.7214,1.99641,0,0,1.40703,0.0732589,0.36288,3.6288,61.308,0.0961118,0,0,0.823141,0.333683,0.393346,0.66528,12.849,1,0.402402,0.36288,0,26.2542,5.92379,20.2909,0.84672,12.849,0.84672,3695.15,0,0,0,0.502511,1.31793,3.89343,1.45097,4.26291,0.42336,0,0.42336,460.49,0,1.02816,0,0,1.53067,0.502511,1.028160,1,0,24.9471,0,0,0,24.9471,0
61.3889,2.14114,0,0,1.2305,0.0590129,0.36288,3.6288,61.308,0.167043,0,0,0.817292,0.341453,0.308796,0.66528,12.849,1,0.43863,0.36288,0,24.9996,6.14811,18.7757,0.84672,12.849,0.84672,3695.15,0,0,0,0.478068,1.31815,3.93508,1.49579,4.23551,0.42336,0,0.42336,460.49,0,1.02816,0,0,1.50623,0.478068,1.028160,1,0,23.32,0,0,0,23.32,0
59.895,2.13372,0,0,1.05748,0.0546953,0.36288,3.6288,61.308,0.167214,0,0,0.786447,0.302986,0.316248,0.66528,12.849,1,0.446599,0.36288,0,22.8472,5.93056,16.8329,0.84672,12.849,0.84672,3695.15,0,0,0,0.551509,1.40686,3.59109,1.48005,4.06941,0.42336,0,0.42336,460.49,0,1.02816,0,0,1.57967,0.551509,1.028160,1,0,21.2186,0,0,0,21.2186,0
58.2967,2.12501,0,0,0.938926,0.0493676,0.36288,3.6288,61.308,0.167385,0,0,0.699227,0.292678,0.239164,0.66528,12.849,1,0.455868,0.36288,0,20.4638,5.88431,14.4865,0.84672,12.849,0.84672,3695.15,0,0,0,0.506563,1.4071,3.42433,1.53305,3.80495,0.42336,0,0.42336,460.49,0,1.02816,0,0,1.53472,0.506563,1.028160,1,0,18.5306,0,0,0,18.5306,0
56.7697,2.11522,0,0,0.999708,0.0486123,0.36288,3.6288,61.308,0.167556,0,0,0.693507,0.292678,0.233273,0.66528,12.849,1,0.466209,0.36288,0,19.1161,5.88431,13.1285,0.84672,12.849,0.84672,3695.15,0,0,0,0.482855,1.40733,3.6091,1.53305,3.96624,0.42336,0,0.42336,460.49,0,1.02816,0,0,1.51102,0.482855,1.028160,1,0,17.328,0,0,0,17.328,0
55.7451,2.10544,0,0,1.50053,0.0568329,0.36288,3.6288,61.308,0.167727,0,0,0.825768,0.290532,0.367508,0.66528,12.849,1,0.476537,0.36288,0,28.2281,5.82494,22.2895,0.84672,12.849,0.84672,3695.15,0,0,0,0.781427,1.40757,3.83543,1.52577,4.49865,0.42336,0,0.42336,460.49,0,1.02816,0,0,1.80959,0.781427,1.028160,1,0,27.1557,0,0,0,27.1557,0
55.2391,2.02724,0,0,1.96432,0.0801511,0.36288,3.6288,61.308,0.1249,0,0,0.849645,0.251908,0.472837,0.66528,12.849,1,0.46727,0.36288,0,32.0109,5.72896,26.1776,0.84672,12.849,0.84672,3695.15,0,0,0,0.74444,1.40781,3.88816,1.475,4.56541,0.42336,0,0.42336,460.49,0,1.02816,0,0,1.7726,0.74444,1.028160,1,0,31.2158,0,0,0,31.2158,0
54.3433,2.0242,0,0,1.59956,0.108271,0.36288,3.6288,61.308,0.125063,0,0,0.670251,0.194618,0.350569,0.66528,12.849,1,0.470843,0.36288,0,30.1023,4.8861,25.1082,0.84672,12.849,0.84672,3695.15,0,0,0,0.665254,1.35833,3.68518,1.19068,4.51807,0.42336,0,0.42336,460.49,0,1.02816,0,0,1.69341,0.665254,1.028160,1,0,29.9769,0,0,0,29.9769,0
53.3969,2.01836,0,0,1.56884,0.134039,0.36288,3.6288,61.308,0.125226,0,0,0.960474,0.184064,0.651184,0.66528,12.849,1,0.477223,0.36288,0,28.7048,4.43194,24.1585,0.84672,12.849,0.84672,3695.15,0,0,0,1.15487,1.35855,4.77505,1.07855,6.20992,0.42336,0,0.42336,460.49,0,1.02816,0,0,2.18303,1.15487,1.028160,1,0,31.0196,0,0,0,31.0196,0
52.5007,2.01197,0,0,1.61142,0.132757,0.36288,3.6288,61.308,0.12539,0,0,1.26059,0.184064,0.95114,0.66528,12.849,1,0.484145,0.36288,0,29.0644,4.43194,24.5112,0.84672,12.849,0.84672,3695.15,0,0,0,1.77052,1.35878,5.44876,1.07855,7.49951,0.42336,0,0.42336,460.49,0,1.02816,0,0,2.79868,1.77052,1.028160,1,0,32.9619,0,0,0,32.9619,0
51.5221,1.94768,0,0,1.46353,0.131542,0.36288,3.6288,61.308,0.0863839,0,0,0.976717,0.184064,0.70627,0.66528,12.849,1,0.476673,0.36288,0,26.0247,4.43194,21.479,0.84672,12.849,0.84672,3695.15,0,0,0,1.17652,1.35901,4.28649,1.07855,5.74347,0.42336,0,0.42336,460.49,0,1.02816,0,0,2.20468,1.17652,1.028160,1,0,27.9287,0,0,0,27.9287,0
50.4067,1.94085,0,0,1.37979,0.191478,0.36288,3.6288,61.308,0.0865396,0,0,0.69565,0.17897,0.43014,0.66528,12.849,1,0.484024,0.36288,0,21.2772,4.10623,17.0498,0.84672,12.849,0.84672,3695.15,0,0,0,0.465449,1.31542,3.5255,0.977909,4.32846,0.42336,0,0.42336,460.49,0,1.02816,0,0,1.49361,0.465449,1.028160,1,0,21.8084,0,0,0,21.8084,0
50.6658,1.93273,0,0,2.74393,0.189255,0.36288,3.6288,61.308,0.0866953,0,0,1.29275,0.17897,1.02709,0.66528,12.849,1,0.492665,0.36288,0,31.3797,4.10623,27.1437,0.84672,12.849,0.84672,3695.15,0,0,0,1.32889,1.31564,7.21012,0.977909,8.87674,0.42336,0,0.42336,460.49,0,1.02816,0,0,2.35705,1.32889,1.028160,1,0,37.0475,0,0,0,37.0475,0
50.2287,1.93516,0,0,2.05076,0.189772,0.36288,3.6288,61.308,0.086851,0,0,1.35972,0.17897,1.0939,0.66528,12.849,1,0.490761,0.36288,0,22.0385,4.10623,17.8044,0.84672,12.849,0.84672,3695.15,0,0,0,1.56457,1.31586,5.62317,0.977909,7.52568,0.42336,0,0.42336,460.49,0,1.02816,0,0,2.59273,1.56457,1.028160,1,0,26.4239,0,0,0,26.4239,0
50.5338,1.76852,0,0,2.66044,0.223952,0.36288,3.6288,61.308,0.00536702,0,0,1.02306,0.192767,0.824926,0.66528,12.849,1,0.452405,0.36288,0,29.4425,4.33819,25.0148,0.84672,12.849,0.84672,3695.15,0,0,0,0.877902,1.31607,9.6856,1.03206,10.8475,0.42336,0,0.42336,460.49,0,1.02816,0,0,1.90606,0.877902,1.028160,1,0,36.6873,0,0,0,36.6873,0
55.4954,1.77109,0,0,7.33493,0.239419,0.36288,3.6288,61.308,0.00550721,0,0,4.86499,0.224344,4.63513,0.66528,12.849,1,0.450325,0.36288,0,100.892,4.67402,96.1304,0.84672,12.849,0.84672,3695.15,0,0,0,4.41261,1.2147,20.493,1.19316,24.9271,0.42336,0,0.42336,460.49,0,1.02816,0,0,5.44077,4.41261,1.028160,1,0,125.693,0,0,0,125.693,0
61.6902,1.80417,0,0,8.6089,0.247017,0.36288,3.6288,61.308,0.0056474,0,0,6.28966,0.232835,6.05118,0.66528,12.849,1,0.417725,0.36288,0,130.429,4.73875,125.636,0.84672,12.849,0.84672,3695.15,0,0,0,4.49174,1.2149,28.7119,1.24135,33.1772,0.42336,0,0.42336,460.49,0,1.02816,0,0,5.5199,4.49174,1.028160,1,0,164.864,0,0,0,164.864,0
68.754,1.83929,0,0,9.52785,0.261885,0.36288,3.6288,61.308,0.00578759,0,0,7.24135,0.232835,7.00273,0.66528,12.849,1,0.383092,0.36288,0,181.165,4.73875,176.406,0.84672,12.849,0.84672,3695.15,0,0,0,4.17643,1.2151,29.131,1.24135,33.2812,0.42336,0,0.42336,460.49,0,1.02816,0,0,5.20459,4.17643,1.028160,1,0,216.69,0,0,0,216.69,0
72.29,1.87286,0,0,7.75621,0.277149,2.07022,3.6288,61.308,0.00592784,0,0,7.23125,0.232835,6.99248,0.66528,12.849,1,0.350006,2.07022,0,147.84,4.73875,144.821,0.84672,12.849,0.84672,3695.15,0,0,0,3.68476,1.2153,24.9762,1.24135,28.6349,0.42336,0,0.42336,460.49,0,1.02816,0,0,4.71292,3.68476,1.028160,1,0,180.449,0,0,0,180.449,0
72.29,1.95498,0,0,7.04813,0.295094,4.79806,3.6288,61.308,0.0297288,0,0,5.73591,0.204223,5.50195,0.66528,12.849,1,0.347483,4.79806,0,116.275,4.07842,116.648,0.84672,12.849,0.84672,3695.15,0,0,0,4.06476,1.2155,19.5861,1.04845,23.8179,0.42336,0,0.42336,460.49,0,1.02816,0,0,5.09292,4.06476,1.028160,1,0,145.967,0,0,0,145.967,0
72.29,1.95539,0,0,5.45417,0.283595,3.21519,3.6288,61.308,0.0298683,0,0,4.29222,0.230532,4.03182,0.66528,12.849,1,0.347556,3.21519,0,89.9761,4.40107,88.4427,0.84672,12.849,0.84672,3695.15,0,0,0,4.42841,1.24881,14.9865,1.09333,19.5704,0.42336,0,0.42336,460.49,0,1.02816,0,0,5.45657,4.42841,1.028160,1,0,112.045,0,0,0,112.045,0
72.29,1.9558,0,0,5.49403,0.283595,3.25464,3.6288,61.308,0.0300079,0,0,5.13919,0.230532,4.87865,0.66528,12.849,1,0.347628,3.25464,0,149.936,4.40107,148.442,0.84672,12.849,0.84672,3695.15,0,0,0,4.1844,1.249,17.6711,1.09333,22.0112,0.42336,0,0.42336,460.49,0,1.02816,0,0,5.21256,4.1844,1.028160,1,0,175.332,0,0,0,175.332,0
72.29,1.95621,0,0,4.40684,0.283595,2.16704,3.6288,61.308,0.0301474,0,0,3.55971,0.230532,3.29903,0.66528,12.849,1,0.347701,2.16704,0,100.859,4.40107,98.2773,0.84672,12.849,0.84672,3695.15,0,0,0,3.58996,1.2492,11.6078,1.09333,15.3536,0.42336,0,0.42336,460.49,0,1.02816,0,0,4.61812,3.58996,1.028160,1,0,116.93,0,0,0,116.93,0
72.29,2.1725,0,0,3.89863,0.285866,1.44026,3.6288,61.308,0.119182,0,0,3.15262,0.213909,2.81953,0.66528,12.849,1,0.386146,1.44026,0,88.1306,4.14305,85.0417,0.84672,12.849,0.84672,3695.15,0,0,0,2.95533,1.2494,10.4932,1.02438,13.6735,0.42336,0,0.42336,460.49,0,1.02816,0,0,3.98349,2.95533,1.028160,1,0,101.535,0,0,0,101.535,0
72.29,2.17295,0,0,7.57359,0.331616,5.06902,3.6288,61.308,0.119338,0,0,4.95066,0.183545,4.64778,0.66528,12.849,1,0.386226,5.06902,0,210.507,3.79306,211.396,0.84672,12.849,0.84672,3695.15,0,0,0,5.90918,1.36593,20.7726,0.993842,27.0539,0.42336,0,0.42336,460.49,0,1.02816,0,0,6.93734,5.90918,1.028160,1,0,243.098,0,0,0,243.098,0
72.29,2.1734,0,0,5.53257,0.338736,3.02044,3.6288,61.308,0.119494,0,0,3.84321,0.182179,3.54154,0.66528,12.849,1,0.386305,3.02044,0,129.98,3.79208,128.822,0.84672,12.849,0.84672,3695.15,0,0,0,3.26956,1.36615,12.4541,1.00407,16.0858,0.42336,0,0.42336,460.49,0,1.02816,0,0,4.29772,3.26956,1.028160,1,0,148.45,0,0,0,148.45,0
72.29,2.17385,0,0,4.52406,0.338736,2.01147,3.6288,61.308,0.11965,0,0,3.00089,0.182179,2.69906,0.66528,12.849,1,0.386385,2.01147,0,92.4454,3.79208,90.2784,0.84672,12.849,0.84672,3695.15,0,0,0,1.8915,1.36637,9.37146,1.00407,11.6253,0.42336,0,0.42336,460.49,0,1.02816,0,0,2.91966,1.8915,1.028160,1,0,104.603,0,0,0,104.603,0
72.29,1.86615,0,0,4.01411,0.319193,1.82877,3.6288,61.308,0.000420136,0,0,3.05171,0.209231,2.84206,0.66528,12.849,1,0.331693,1.82877,0,80.3218,3.84421,77.9746,0.84672,12.849,0.84672,3695.15,0,0,0,1.94066,1.36659,8.86274,1.04994,11.12,0.42336,0,0.42336,460.49,0,1.02816,0,0,2.96882,1.94066,1.028160,1,0,91.9367,0,0,0,91.9367,0
72.29,1.86654,0,0,5.36248,0.301282,3.19466,3.6288,61.308,0.000554306,0,0,1.96735,0.166694,1.8001,0.66528,12.849,1,0.331763,3.19466,0,80.699,3.39966,80.1622,0.84672,12.849,0.84672,3695.15,0,0,0,2.49896,1.20656,16.5656,0.823687,19.4475,0.42336,0,0.42336,460.49,0,1.02816,0,0,3.52712,2.49896,1.028160,1,0,101.41,0,0,0,101.41,0
72.29,1.86693,0,0,4.80596,0.300739,2.63829,3.6288,61.308,0.000688476,0,0,1.70782,0.156223,1.55091,0.66528,12.849,1,0.331833,2.63829,0,109.583,3.31905,108.57,0.84672,12.849,0.84672,3695.15,0,0,0,1.76661,1.20675,11.3873,0.780246,13.5805,0.42336,0,0.42336,460.49,0,1.02816,0,0,2.79477,1.76661,1.028160,1,0,123.702,0,0,0,123.702,0
72.29,1.86732,0,0,3.41034,0.300739,1.24228,3.6288,61.308,0.000822646,0,0,2.88237,0.156223,2.72533,0.66528,12.849,1,0.331902,1.24228,0,89.0836,3.31905,86.6749,0.84672,12.849,0.84672,3695.15,0,0,0,1.68307,1.20694,8.27876,0.780246,10.3885,0.42336,0,0.42336,460.49,0,1.02816,0,0,2.71123,1.68307,1.028160,1,0,99.7888,0,0,0,99.7888,0
72.29,1.86771,0,0,4.92903,0.277269,2.78404,3.6288,61.308,0.000956876,0,0,3.64068,0.160383,3.47934,0.66528,12.849,1,0.331972,2.78404,0,117.032,3.38013,116.104,0.84672,12.849,0.84672,3695.15,0,0,0,2.28012,1.20713,11.063,0.790275,13.76,0.42336,0,0.42336,460.49,0,1.02816,0,0,3.30828,2.28012,1.028160,1,0,133.344,0,0,0,133.344,0
72.29,1.94575,0,0,4.62974,0.285005,2.39899,3.6288,61.308,0.0303244,0,0,3.00546,0.162816,2.81232,0.66528,12.849,1,0.345841,2.39899,0,99.3997,3.42832,98.0246,0.84672,12.849,0.84672,3695.15,0,0,0,1.89753,1.20732,10.0154,0.826897,12.2933,0.42336,0,0.42336,460.49,0,1.02816,0,0,2.92569,1.89753,1.028160,1,0,113.13,0,0,0,113.13,0
72.29,1.94615,0,0,5.2997,0.318789,3.03476,3.6288,61.308,0.0304642,0,0,3.07605,0.161901,2.88368,0.66528,12.849,1,0.345914,3.03476,0,128.965,3.43151,128.222,0.84672,12.849,0.84672,3695.15,0,0,0,2.2275,1.24723,10.3069,0.865696,12.916,0.42336,0,0.42336,460.49,0,1.02816,0,0,3.25566,2.2275,1.028160,1,0,144.022,0,0,0,144.022,0
72.29,1.94656,0,0,3.98454,0.318789,1.7192,3.6288,61.308,0.0306039,0,0,1.89397,0.161901,1.70147,0.66528,12.849,1,0.345986,1.7192,0,80.2639,3.43151,78.2056,0.84672,12.849,0.84672,3695.15,0,0,0,1.33045,1.24743,8.38331,0.865696,10.0955,0.42336,0,0.42336,460.49,0,1.02816,0,0,2.35861,1.33045,1.028160,1,0,90.0025,0,0,0,90.0025,0
72.29,1.94697,0,0,3.75901,0.318789,1.49326,3.6288,61.308,0.0307436,0,0,2.05478,0.161901,1.86214,0.66528,12.849,1,0.346058,1.49326,0,92.6277,3.43151,90.3434,0.84672,12.849,0.84672,3695.15,0,0,0,1.34501,1.24762,8.43229,0.865696,10.1592,0.42336,0,0.42336,460.49,0,1.02816,0,0,2.37317,1.34501,1.028160,1,0,102.365,0,0,0,102.365,0
72.29,1.91699,0,0,3.38224,0.269798,1.19545,3.6288,61.308,0.019521,0,0,1.77534,0.191886,1.56393,0.66528,12.849,1,0.340731,1.19545,0,84.4235,3.81932,81.4589,0.84672,12.849,0.84672,3695.15,0,0,0,1.2477,1.24782,8.14396,0.939703,9.69978,0.42336,0,0.42336,460.49,0,1.02816,0,0,2.27586,1.2477,1.028160,1,0,92.7226,0,0,0,92.7226,0
72.29,1.9174,0,0,3.14417,0.288332,0.938437,3.6288,61.308,0.0196587,0,0,1.41637,0.205279,1.19143,0.66528,12.849,1,0.340803,0.938437,0,54.55,4.11023,51.0374,0.84672,12.849,0.84672,3695.15,0,0,0,1.16344,1.23254,5.0322,0.982989,6.44518,0.42336,0,0.42336,460.49,0,1.02816,0,0,2.1916,1.16344,1.028160,1,0,58.674,0,0,0,58.674,0
72.29,1.9178,0,0,2.60455,0.288332,0.398416,3.6288,61.308,0.0197965,0,0,1.2929,0.205279,1.06782,0.66528,12.849,1,0.340874,0.398416,0,47.0938,4.11023,43.0411,0.84672,12.849,0.84672,3695.15,0,0,0,0.977979,1.23273,4.46434,0.982989,5.69206,0.42336,0,0.42336,460.49,0,1.02816,0,0,2.00614,0.977979,1.028160,1,0,49.801,0,0,0,49.801,0
72.0704,1.9182,0,0,2.34986,0.288332,0.36288,3.6288,61.308,0.0199342,0,0,1.10571,0.205279,0.8805,0.66528,12.849,1,0.340945,0.36288,0,45.7743,4.11023,41.686,0.84672,12.849,0.84672,3695.15,0,0,0,0.489508,1.23293,4.54883,0.982989,5.28828,0.42336,0,0.42336,460.49,0,1.02816,0,0,1.51767,0.489508,1.028160,1,0,47.8548,0,0,0,47.8548,0
72.29,2.02087,0,0,2.90973,0.261653,0.407653,3.6288,61.308,0.0603956,0,0,1.32644,0.217396,1.04865,0.66528,12.849,1,0.360288,0.407653,0,50.6987,4.26785,46.4783,0.84672,12.849,0.84672,3695.15,0,0,0,0.629415,1.23312,4.62329,1.01721,5.46862,0.42336,0,0.42336,460.49,0,1.02816,0,0,1.65758,0.629415,1.028160,1,0,52.9955,0,0,0,52.9955,0
71.9018,2.02222,0,0,2.22857,0.231707,0.36288,3.6288,61.308,0.0605409,0,0,0.941604,0.232034,0.64903,0.66528,12.849,1,0.359434,0.36288,0,43.1044,4.44951,38.6583,0.84672,12.849,0.84672,3695.15,0,0,0,0.506218,1.28725,3.63172,1.07828,4.34691,0.42336,0,0.42336,460.49,0,1.02816,0,0,1.53438,0.506218,1.028160,1,0,43.6542,0,0,0,43.6542,0
71.3845,2.02099,0,0,2.0579,0.191298,0.36288,3.6288,61.308,0.157921,0,0,0.879526,0.228492,0.493114,0.66528,12.849,1,0.361155,0.36288,0,38.3504,4.45536,33.8967,0.84672,12.849,0.84672,3695.15,0,0,0,0.402797,1.28745,3.14944,1.01114,3.82855,0.42336,0,0.42336,460.49,0,0.930925,0,0,1.33372,0.402797,1.028160,1,0,38.2184,0,0,0,38.2184,0
70.8094,2.01919,0,0,1.99751,0.190545,0.36288,3.6288,61.308,0.0717352,0,0,0.934027,0.228492,0.6338,0.66528,12.849,1,0.363449,0.36288,0,36.5537,4.45536,32.0978,0.84672,12.849,0.84672,3695.15,0,0,0,0.30119,1.28766,3.35036,1.01114,3.92807,0.42336,0,0.42336,460.49,0,1.01726,0,0,1.31845,0.30119,1.028160,1,0,36.6596,0,0,0,36.6596,0
70.1347,2.01711,0,0,1.89503,0.189708,0.36288,3.6288,61.308,0.128015,0,0,0.907649,0.228492,0.551143,0.66528,12.849,1,0.366023,0.36288,0,34.3323,4.45536,29.8738,0.84672,12.849,0.84672,3695.15,0,0,0,0.30119,1.28786,3.0976,1.01114,3.67551,0.42336,0,0.42336,460.49,0,0.961122,0,0,1.26231,0.30119,1.028160,1,0,34.1005,0,0,0,34.1005,0
69.418,1.99423,0,0,1.81064,0.170245,0.36288,3.6288,61.308,0.0833052,0,0,0.875059,0.241009,0.550745,0.66528,12.849,1,0.365351,0.36288,0,33.2067,4.67014,28.5341,0.84672,12.849,0.84672,3695.15,0,0,0,0.409571,1.28807,3.26506,1.09258,3.87012,0.42336,0,0.42336,460.49,0,1.02816,0,0,1.43773,0.409571,1.028160,1,0,32.955,0,0,0,32.955,0
68.712,1.99146,0,0,1.79317,0.144798,0.36288,3.6288,61.308,0.0834548,0,0,0.843644,0.257698,0.502491,0.66528,12.849,1,0.368611,0.36288,0,35.3325,4.95652,30.3702,0.84672,12.849,0.84672,3695.15,0,0,0,0.670136,1.3009,3.59169,1.20117,4.36156,0.42336,0,0.42336,460.49,0,1.02816,0,0,1.6983,0.670136,1.028160,1,0,35.2343,0,0,0,35.2343,0
67.8644,1.98868,0,0,1.64788,0.144005,0.36288,3.6288,61.308,0.0836043,0,0,0.8194,0.257698,0.478098,0.66528,12.849,1,0.371879,0.36288,0,34.7744,4.95652,29.8089,0.84672,12.849,0.84672,3695.15,0,0,0,0.670861,1.30111,3.62177,1.20117,4.39257,0.42336,0,0.42336,460.49,0,1.02816,0,0,1.69902,0.670861,1.028160,1,0,34.6796,0,0,0,34.6796,0
66.8732,1.98519,0,0,1.49996,0.143053,0.36288,3.6288,61.308,0.0837539,0,0,0.766385,0.257698,0.424933,0.66528,12.849,1,0.375863,0.36288,0,33.3834,4.95652,28.4139,0.84672,12.849,0.84672,3695.15,0,0,0,0.443923,1.30132,3.40232,1.20117,3.9464,0.42336,0,0.42336,460.49,0,1.02816,0,0,1.47208,0.443923,1.028160,1,0,32.7852,0,0,0,32.7852,0
65.7283,2.03308,0,0,1.37926,0.128246,0.36288,3.6288,61.308,0.103688,0,0,0.731696,0.290605,0.337402,0.66528,12.849,1,0.390636,0.36288,0,29.5956,5.37998,24.1879,0.84672,12.849,0.84672,3695.15,0,0,0,0.436588,1.30153,3.27377,1.35573,3.65615,0.42336,0,0.42336,460.49,0,1.02816,0,0,1.46475,0.436588,1.028160,1,0,28.1814,0,0,0,28.1814,0
64.6127,2.02781,0,0,1.37913,0.103955,0.36288,3.6288,61.308,0.103841,0,0,0.919598,0.323274,0.492483,0.66528,12.849,1,0.39641,0.36288,0,26.8894,5.93055,20.9253,0.84672,12.849,0.84672,3695.15,0,0,0,0.349428,1.32867,2.93015,1.55058,3.05767,0.42336,0,0.42336,460.49,0,1.02816,0,0,1.37759,0.349428,1.028160,1,0,24.4755,0,0,0,24.4755,0
63.5178,2.02252,0,0,1.38859,0.0981391,0.36288,3.6288,61.308,0.103995,0,0,0.873789,0.327717,0.442078,0.66528,12.849,1,0.402202,0.36288,0,35.2222,5.96851,29.2143,0.84672,12.849,0.84672,3695.15,0,0,0,0.513985,1.32888,3.22542,1.57307,3.49521,0.42336,0,0.42336,460.49,0,1.02816,0,0,1.54215,0.513985,1.028160,1,0,33.1516,0,0,0,33.1516,0
62.3407,2.01717,0,0,1.30023,0.0972733,0.36288,3.6288,61.308,0.104148,0,0,0.812592,0.327717,0.380727,0.66528,12.849,1,0.408054,0.36288,0,28.28,5.96851,22.2663,0.84672,12.849,0.84672,3695.15,0,0,0,0.485395,1.3291,2.90746,1.57307,3.14888,0.42336,0,0.42336,460.49,0,1.02816,0,0,1.51356,0.485395,1.028160,1,0,25.7959,0,0,0,25.7959,0
60.903,2.16227,0,0,1.1838,0.0963426,0.36288,3.6288,61.308,0.175766,0,0,0.771457,0.327717,0.267974,0.66528,12.849,1,0.445664,0.36288,0,25.7736,5.96851,19.7223,0.84672,12.849,0.84672,3695.15,0,0,0,0.252513,1.32931,2.71201,1.57307,2.72076,0.42336,0,0.42336,460.49,0,1.02816,0,0,1.28067,0.252513,1.028160,1,0,22.711,0,0,0,22.711,0
59.5885,2.15403,0,0,1.28472,0.0823384,0.36288,3.6288,61.308,0.175933,0,0,0.887915,0.320482,0.391501,0.66528,12.849,1,0.454445,0.36288,0,23.3656,5.89748,17.3765,0.84672,12.849,0.84672,3695.15,0,0,0,0.668071,1.41888,3.72929,1.5292,4.28705,0.42336,0,0.42336,460.49,0,1.02816,0,0,1.69623,0.668071,1.028160,1,0,22.0551,0,0,0,22.0551,0
58.2688,2.14622,0,0,1.26125,0.0718321,0.36288,3.6288,61.308,0.1761,0,0,0.865261,0.315055,0.374107,0.66528,12.849,1,0.462787,0.36288,0,22.0615,5.8442,16.1174,0.84672,12.849,0.84672,3695.15,0,0,0,0.574966,1.41911,3.07208,1.49629,3.56987,0.42336,0,0.42336,460.49,0,1.02816,0,0,1.60313,0.574966,1.028160,1,0,20.0613,0,0,0,20.0613,0
56.7355,2.13807,0,0,1.03862,0.0709219,0.36288,3.6288,61.308,0.176266,0,0,0.753106,0.315055,0.261784,0.66528,12.849,1,0.471472,0.36288,0,27.3881,5.8442,21.4353,0.84672,12.849,0.84672,3695.15,0,0,0,0.388377,1.41934,2.74077,1.49629,3.0522,0.42336,0,0.42336,460.49,0,1.02816,0,0,1.41654,0.388377,1.028160,1,0,24.7493,0,0,0,24.7493,0
55.3237,2.12813,0,0,1.14899,0.0698645,0.36288,3.6288,61.308,0.176433,0,0,1.03452,0.315055,0.543031,0.66528,12.849,1,0.48196,0.36288,0,23.4814,5.8442,17.5182,0.84672,12.849,0.84672,3695.15,0,0,0,0.826191,1.41957,3.27527,1.49629,4.02474,0.42336,0,0.42336,460.49,0,1.02816,0,0,1.85435,0.826191,1.028160,1,0,22.0859,0,0,0,22.0859,0
53.8503,2.04645,0,0,1.00265,0.0667236,0.36288,3.6288,61.308,0.133183,0,0,0.700118,0.307107,0.259828,0.66528,12.849,1,0.475292,0.36288,0,20.7652,5.57126,15.0815,0.84672,12.849,0.84672,3695.15,0,0,0,0.398846,1.4198,3.40877,1.44233,3.78509,0.42336,0,0.42336,460.49,0,1.02816,0,0,1.42701,0.398846,1.028160,1,0,19.1265,0,0,0,19.1265,0
52.0639,2.03637,0,0,0.673315,0.0604013,0.36288,3.6288,61.308,0.258976,0,0,0.608589,0.287236,0.062376,0.66528,12.849,1,0.485891,0.36288,0,13.0433,4.8889,8.03137,0.84672,12.849,0.84672,3695.15,0,0,0,0.204422,1.36983,3.1802,1.30743,3.44703,0.42336,0,0.42336,460.49,0,0.902526,0,0,1.10695,0.204422,1.028160,1,0,11.5408,0,0,0,11.5408,0
50.177,2.02342,0,0,0.558681,0.0593049,0.36288,3.6288,60.543,0.805113,0,0,0.327329,0.287236,0,0.66528,12.849,1,0.499366,0.36288,0,12.4972,4.8889,7.47185,0.84672,12.849,0.84672,3695.15,0,0,0,0.216518,1.37005,2.36839,1.30743,2.64753,0.42336,0,0.42336,460.49,0,0.356548,0,0,0.573066,0.216518,1.028160,1,0,10.1194,0,0,0,10.1194,0
48.5023,2.00889,0,0,0.803549,0.106504,0.36288,3.6288,59.9724,0.732573,0,0,0.402624,0.240583,0,0.66528,12.849,1,0.514423,0.36288,0,14.5855,4.26602,10.168,0.84672,12.849,0.84672,3695.15,0,0,0,0.216518,1.37027,2.60615,1.11273,3.08021,0.42336,0,0.42336,460.49,0,0.429246,0,0,0.645765,0.216518,1.028160,1,0,13.2482,0,0,0,13.2482,0
47.997,1.93754,0,0,1.96311,0.167939,0.36288,3.6288,60.3098,0.310391,0,0,0.827315,0.179578,0,0.66528,12.849,1,0.513284,0.36288,0,43.9874,3.4355,40.4015,0.84672,12.849,0.84672,3695.15,0,0,0,0.216518,1.37049,6.94156,0.853143,7.67542,0.42336,0,0.42336,460.49,0,0.812039,0,0,1.02856,0.216518,1.028160,1,0,48.0769,0,0,0,48.0769,0
47.122,1.93368,0,0,1.58695,0.165365,0.36288,3.6288,60.2785,0.331209,0,0,0.507289,0.207386,0,0.66528,12.849,1,0.517654,0.36288,0,25.2792,4.1684,20.956,0.84672,12.849,0.84672,3695.15,0,0,0,0.216518,1.32647,5.27067,1.01013,5.80353,0.42336,0,0.42336,460.49,0,0.791372,0,0,1.00789,0.216518,1.028160,1,0,26.7595,0,0,0,26.7595,0
45.9969,1.92653,0,0,1.36344,0.199155,0.36288,3.6288,59.8225,0.598207,0,0,0.349442,0.207178,0,0.66528,12.849,1,0.525316,0.36288,0,19.4704,4.33598,14.972,0.84672,12.849,0.84672,3695.15,0,0,0,0.216518,1.32669,4.68705,1.09417,5.13609,0.42336,0,0.42336,460.49,0,0.524526,0,0,0.741044,0.216518,1.028160,1,0,20.1081,0,0,0,20.1081,0
45.3192,1.91688,0,0,1.79868,0.196686,0.36288,3.6288,60.3164,0.0947246,0,0,0.79517,0.206577,0,0.66528,12.849,1,0.535471,0.36288,0,26.05,4.33598,21.5415,0.84672,12.849,0.84672,3695.15,0,0,0,0.861322,1.3269,8.33134,1.09417,9.42539,0.42336,0,0.42336,460.49,0,1.02816,0,0,1.88948,0.861322,1.028160,1,0,30.9669,0,0,0,30.9669,0
47.8791,1.74937,0,0,4.86742,0.195199,0.36288,3.6288,61.308,0.0124461,0,0,1.84823,0.207228,0.636964,0.66528,12.849,1,0.495986,0.36288,0,77.8061,4.33598,73.3371,0.84672,12.849,0.84672,3695.15,0,0,0,2.38556,1.32711,14.5206,1.09417,17.1391,0.42336,0,0.42336,460.49,0,1.02816,0,0,3.41372,2.38556,1.028160,1,0,91.1132,0,0,0,91.1132,0
48.1351,1.77065,0,0,2.62221,0.232654,0.36288,3.6288,61.308,0.0125826,0,0,0.807088,0.180655,0.613851,0.66528,12.849,1,0.475178,0.36288,0,42.0928,3.98081,37.9997,0.84672,12.849,0.84672,3695.15,0,0,0,0.409899,1.22475,6.55581,0.889462,7.301,0.42336,0,0.42336,460.49,0,1.02816,0,0,1.43806,0.409899,1.028160,1,0,45.9145,0,0,0,45.9145,0
48.6475,1.77302,0,0,2.8735,0.225256,0.36288,3.6288,61.308,0.0127192,0,0,0.833389,0.187154,0.633515,0.66528,12.849,1,0.473282,0.36288,0,56.6435,4.09531,52.4378,0.84672,12.849,0.84672,3695.15,0,0,0,0.900642,1.22495,5.83593,0.843824,7.1177,0.42336,0,0.42336,460.49,0,1.02816,0,0,1.9288,0.900642,1.028160,1,0,60.189,0,0,0,60.189,0
48.8391,1.77733,0,0,2.55832,0.226513,0.36288,3.6288,61.308,0.0128558,0,0,0.749192,0.187154,0.549182,0.66528,12.849,1,0.469438,0.36288,0,48.4913,4.09531,44.2894,0.84672,12.849,0.84672,3695.15,0,0,0,0.566732,1.22514,4.3883,0.843824,5.33635,0.42336,0,0.42336,460.49,0,1.02816,0,0,1.59489,0.566732,1.028160,1,0,50.175,0,0,0,50.175,0
49.1814,1.77917,0,0,2.70796,0.223604,0.36288,3.6288,61.308,0.0129924,0,0,0.759318,0.206398,0.539927,0.66528,12.849,1,0.468078,0.36288,0,41.9914,3.74684,38.1393,0.84672,12.849,0.84672,3695.15,0,0,0,0.651067,1.22533,4.56583,0.734499,5.70773,0.42336,0,0.42336,460.49,0,1.02816,0,0,1.67923,0.651067,1.028160,1,0,44.387,0,0,0,44.387,0
50.0219,1.78175,0,0,3.20351,0.218357,0.36288,3.6288,61.308,0.0129924,0,0,0.854254,0.203017,0.638245,0.66528,12.849,1,0.465495,0.36288,0,51.8625,3.35044,48.4095,0.84672,12.849,0.84672,3695.15,0,0,0,1.08824,1.22553,5.88654,0.642959,7.55736,0.42336,0,0.42336,460.49,0,1.02816,0,0,2.1164,1.08824,1.028160,1,0,56.6051,0,0,0,56.6051,0
50.2473,1.8519,0,0,2.65644,0.216314,0.36288,3.6288,61.308,0.114562,0,0,0.658558,0.160524,0.383472,0.66528,12.849,1,0.475693,0.36288,0,40.2365,3.65851,36.4652,0.84672,12.849,0.84672,3695.15,0,0,0,0.412474,1.22553,5.66071,0.88947,6.40924,0.42336,0,0.42336,460.49,0,0.950616,0,0,1.36309,0.412474,1.028160,1,0,43.2579,0,0,0,43.2579,0
54.9281,1.85397,0,0,7.11456,0.216829,0.36288,3.6288,61.308,0.0371536,0,0,1.88352,0.160524,1.68584,0.66528,12.849,1,0.47409,0.36288,0,123.435,3.65851,119.666,0.84672,12.849,0.84672,3695.15,0,0,0,2.10556,1.25915,14.2909,0.88947,16.7661,0.42336,0,0.42336,460.49,0,1.02816,0,0,3.13372,2.10556,1.028160,1,0,138.118,0,0,0,138.118,0
59.1145,1.8871,0,0,6.67247,0.236146,0.36288,3.6288,61.308,0.0372894,0,0,2.03494,0.165336,1.83231,0.66528,12.849,1,0.441437,0.36288,0,114.63,3.74997,110.802,0.84672,12.849,0.84672,3695.15,0,0,0,2.86708,1.25934,12.4181,0.912937,15.6316,0.42336,0,0.42336,460.49,0,1.02816,0,0,3.89524,2.86708,1.028160,1,0,128.266,0,0,0,128.266,0
66.6286,1.91316,0,0,10.0901,0.299925,0.36288,3.6288,61.308,0.0374251,0,0,2.71802,0.194208,2.48639,0.66528,12.849,1,0.41584,0.36288,0,275.437,4.2987,271.086,0.84672,12.849,0.84672,3695.15,0,0,0,5.47841,1.25953,20.0765,1.05374,25.7607,0.42336,0,0.42336,460.49,0,1.02816,0,0,6.50657,5.47841,1.028160,1,0,299.333,0,0,0,299.333,0
69.8434,2.16807,0,0,6.07067,0.324939,0.36288,3.6288,61.308,0.127311,0,0,1.52816,0.168358,1.23249,0.66528,12.849,1,0.418102,0.36288,0,127.959,3.75023,124.154,0.84672,12.849,0.84672,3695.15,0,0,0,2.12097,1.25973,9.06042,0.92837,11.5128,0.42336,0,0.42336,460.49,0,1.02816,0,0,3.14913,2.12097,1.028160,1,0,136.899,0,0,0,136.899,0
72.29,2.18476,0,0,6.09938,0.335501,1.13247,3.6288,61.308,0.127463,0,0,1.14029,0.158018,0.854809,0.66528,12.849,1,0.401928,1.13247,0,109.975,3.53084,107.175,0.84672,12.849,0.84672,3695.15,0,0,0,1.90171,1.37737,7.84305,0.878221,10.2439,0.42336,0,0.42336,460.49,0,1.02816,0,0,2.92987,1.90171,1.028160,1,0,118.274,0,0,0,118.274,0
72.29,2.19675,0,0,4.62583,0.341847,2.08724,3.6288,61.308,0.127615,0,0,0.928783,0.158018,0.64315,0.66528,12.849,1,0.390455,2.08724,0,83.5367,3.53084,81.7027,0.84672,12.849,0.84672,3695.15,0,0,0,1.1253,1.37758,7.12627,0.878221,8.75093,0.42336,0,0.42336,460.49,0,1.02816,0,0,2.15346,1.1253,1.028160,1,0,91.0967,0,0,0,91.0967,0
72.29,2.19718,0,0,9.25001,0.32886,6.72397,3.6288,61.308,0.127767,0,0,1.82546,0.185681,1.51201,0.66528,12.849,1,0.390533,6.72397,0,121.492,4.18604,123.64,0.84672,12.849,0.84672,3695.15,0,0,0,3.58487,1.37779,9.88321,1.0832,13.7627,0.42336,0,0.42336,460.49,0,1.02816,0,0,4.61303,3.58487,1.028160,1,0,138.914,0,0,0,138.914,0
72.29,1.88651,0,0,6.9978,0.321255,4.79003,3.6288,61.308,0.00738691,0,0,2.38179,0.173758,2.20064,0.66528,12.849,1,0.335313,4.79003,0,140.656,3.58156,141.529,0.84672,12.849,0.84672,3695.15,0,0,0,3.53777,1.37801,11.7597,0.956409,15.7191,0.42336,0,0.42336,460.49,0,1.02816,0,0,4.56593,3.53777,1.028160,1,0,159.449,0,0,0,159.449,0
72.29,1.88689,0,0,5.8289,0.320291,3.62171,3.6288,61.308,0.00751738,0,0,1.77562,0.164563,1.60354,0.66528,12.849,1,0.335381,3.62171,0,110.468,3.23495,110.52,0.84672,12.849,0.84672,3695.15,0,0,0,2.29217,1.21643,10.4495,0.872896,13.0852,0.42336,0,0.42336,460.49,0,1.02816,0,0,3.32033,2.29217,1.028160,1,0,125.209,0,0,0,125.209,0
72.29,1.88727,0,0,6.96044,0.320291,4.75288,3.6288,61.308,0.00764785,0,0,2.39543,0.164563,2.22322,0.66528,12.849,1,0.335449,4.75288,0,135.78,3.23495,136.963,0.84672,12.849,0.84672,3695.15,0,0,0,2.81244,1.21662,13.5051,0.872896,16.6613,0.42336,0,0.42336,460.49,0,1.02816,0,0,3.8406,2.81244,1.028160,1,0,155.847,0,0,0,155.847,0
72.29,1.88766,0,0,10.2068,0.320291,7.99883,3.6288,61.308,0.00777839,0,0,4.12811,0.164563,3.95577,0.66528,12.849,1,0.335517,7.99883,0,196.657,3.23495,201.085,0.84672,12.849,0.84672,3695.15,0,0,0,6.40522,1.2168,27.9912,0.872896,34.7403,0.42336,0,0.42336,460.49,0,1.02816,0,0,7.43338,6.40522,1.028160,1,0,239.781,0,0,0,239.781,0
72.29,1.88804,0,0,8.5434,0.3115,6.34387,3.6288,61.308,0.00790892,0,0,3.12981,0.216099,2.9058,0.66528,12.849,1,0.335584,6.34387,0,156.598,4.51713,158.089,0.84672,12.849,0.84672,3695.15,0,0,0,4.08642,1.21699,17.8803,1.06508,22.1186,0.42336,0,0.42336,460.49,0,1.02816,0,0,5.11458,4.08642,1.028160,1,0,183.114,0,0,0,183.114,0
72.29,1.9668,0,0,7.80598,0.27856,5.56062,3.6288,61.308,0.0375523,0,0,2.69936,0.211079,2.45073,0.66528,12.849,1,0.349584,5.56062,0,121.135,3.93288,122.413,0.84672,12.849,0.84672,3695.15,0,0,0,2.67156,1.21717,11.7882,0.961932,14.715,0.42336,0,0.42336,460.49,0,1.02816,0,0,3.69972,2.67156,1.028160,1,0,139.578,0,0,0,139.578,0
72.29,1.9672,0,0,6.15028,0.27856,3.90452,3.6288,61.308,0.0376882,0,0,1.31288,0.211079,1.06411,0.66528,12.849,1,0.349654,3.90452,0,125.101,3.93288,124.723,0.84672,12.849,0.84672,3695.15,0,0,0,1.448,1.25746,7.84711,0.961932,9.59064,0.42336,0,0.42336,460.49,0,1.02816,0,0,2.47616,1.448,1.028160,1,0,135.378,0,0,0,135.378,0
72.29,1.96759,0,0,5.59599,0.278929,3.34947,3.6288,61.308,0.037824,0,0,1.07777,0.212992,0.826955,0.66528,12.849,1,0.349725,3.34947,0,128.995,3.95171,128.043,0.84672,12.849,0.84672,3695.15,0,0,0,1.08142,1.25765,6.91597,0.976418,8.27863,0.42336,0,0.42336,460.49,0,1.02816,0,0,2.10958,1.08142,1.028160,1,0,137.149,0,0,0,137.149,0
72.29,1.96799,0,0,5.34657,0.257945,3.12064,3.6288,61.308,0.03796,0,0,0.942659,0.234904,0.669795,0.66528,12.849,1,0.349795,3.12064,0,106.873,4.20535,105.439,0.84672,12.849,0.84672,3695.15,0,0,0,0.946037,1.25784,6.5067,1.08308,7.6275,0.42336,0,0.42336,460.49,0,1.02816,0,0,1.9742,0.946037,1.028160,1,0,113.736,0,0,0,113.736,0
72.29,1.93772,0,0,5.31975,0.199104,3.18293,3.6288,61.308,0.0266253,0,0,1.96797,0.221829,1.71951,0.66528,12.849,1,0.344414,3.18293,0,95.9826,3.85224,94.9689,0.84672,12.849,0.84672,3695.15,0,0,0,2.09803,1.25804,11.3051,0.992119,13.669,0.42336,0,0.42336,460.49,0,1.02816,0,0,3.12619,2.09803,1.028160,1,0,110.357,0,0,0,110.357,0
72.29,1.93811,0,0,5.8216,0.199104,3.68439,3.6288,61.308,0.0267592,0,0,1.55401,0.221829,1.30542,0.66528,12.849,1,0.344484,3.68439,0,119.087,3.85224,118.575,0.84672,12.849,0.84672,3695.15,0,0,0,1.77475,1.2426,8.2531,0.992119,10.2783,0.42336,0,0.42336,460.49,0,1.02816,0,0,2.80291,1.77475,1.028160,1,0,130.158,0,0,0,130.158,0
72.29,1.9385,0,0,4.5452,0.199104,2.4076,3.6288,61.308,0.0268931,0,0,1.15059,0.221829,0.901867,0.66528,12.849,1,0.344553,2.4076,0,95.5817,3.85224,93.7925,0.84672,12.849,0.84672,3695.15,0,0,0,1.59459,1.24279,7.51775,0.992119,9.36301,0.42336,0,0.42336,460.49,0,1.02816,0,0,2.62275,1.59459,1.028160,1,0,104.057,0,0,0,104.057,0
72.29,1.93889,0,0,4.20484,0.199104,2.06685,3.6288,61.308,0.0270271,0,0,0.922752,0.221829,0.673896,0.66528,12.849,1,0.344623,2.06685,0,67.6797,3.85224,65.5497,0.84672,12.849,0.84672,3695.15,0,0,0,0.991889,1.24298,6.3364,0.992119,7.57915,0.42336,0,0.42336,460.49,0,1.02816,0,0,2.02005,0.991889,1.028160,1,0,73.8027,0,0,0,73.8027,0
72.29,2.04345,0,0,4.04734,0.165542,1.83835,3.6288,61.308,0.067868,0,0,1.02357,0.229235,0.726469,0.66528,12.849,1,0.363208,1.83835,0,63.8176,4.13676,61.156,0.84672,12.849,0.84672,3695.15,0,0,0,1.42094,1.24317,6.14426,1.0525,7.75587,0.42336,0,0.42336,460.49,0,1.02816,0,0,2.4491,1.42094,1.028160,1,0,69.6383,0,0,0,69.6383,0
72.29,2.04386,0,0,4.12177,0.14037,1.93754,3.6288,61.308,0.0680093,0,0,1.05156,0.23479,0.748757,0.66528,12.849,1,0.363281,1.93754,0,62.6012,4.35015,59.8253,0.84672,12.849,0.84672,3695.15,0,0,0,1.61284,1.2978,5.69691,1.09778,7.50977,0.42336,0,0.42336,460.49,0,1.02816,0,0,2.641,1.61284,1.028160,1,0,68.0838,0,0,0,68.0838,0
72.29,2.04427,0,0,3.72741,0.14037,1.54277,3.6288,61.308,0.0681506,0,0,1.01147,0.23479,0.708527,0.66528,12.849,1,0.363354,1.54277,0,60.2141,4.35015,57.0433,0.84672,12.849,0.84672,3695.15,0,0,0,0.922173,1.298,5.4393,1.09778,6.56169,0.42336,0,0.42336,460.49,0,1.02816,0,0,1.95033,0.922173,1.028160,1,0,64.3135,0,0,0,64.3135,0
72.29,2.04468,0,0,3.31494,0.14037,1.12989,3.6288,61.308,0.0682919,0,0,0.901619,0.23479,0.598536,0.66528,12.849,1,0.363427,1.12989,0,52.6297,4.35015,49.046,0.84672,12.849,0.84672,3695.15,0,0,0,0.66947,1.2982,5.13115,1.09778,6.00103,0.42336,0,0.42336,460.49,0,1.02816,0,0,1.69763,0.66947,1.028160,1,0,55.6456,0,0,0,55.6456,0
72.29,2.04509,0,0,2.87253,0.127055,0.700386,3.6288,61.308,0.0684333,0,0,0.857511,0.244627,0.544451,0.66528,12.849,1,0.363499,0.700386,0,44.8701,4.51299,40.694,0.84672,12.849,0.84672,3695.15,0,0,0,0.724784,1.2984,4.26197,1.1459,5.13925,0.42336,0,0.42336,460.49,0,1.02816,0,0,1.75294,0.724784,1.028160,1,0,46.3777,0,0,0,46.3777,0
72.2481,2.02488,0,0,2.43958,0.0937701,0.36288,3.6288,61.308,0.0909678,0,0,0.809266,0.269219,0.449079,0.66528,12.849,1,0.359907,0.36288,0,38.2473,4.92009,33.3302,0.84672,12.849,0.84672,3695.15,0,0,0,0.673289,1.2986,2.51866,1.26618,3.22436,0.42336,0,0.42336,460.49,0,1.02816,0,0,1.70145,0.673289,1.028160,1,0,37.0036,0,0,0,37.0036,0
72.0508,2.02511,0,0,2.28446,0.0937403,0.36288,3.6288,61.308,0.0911132,0,0,0.769349,0.269219,0.409017,0.66528,12.849,1,0.360157,0.36288,0,38.1973,4.92009,33.2799,0.84672,12.849,0.84672,3695.15,0,0,0,0.570603,1.31155,2.58833,1.26618,3.20429,0.42336,0,0.42336,460.49,0,1.02816,0,0,1.59876,0.570603,1.028160,1,0,36.8932,0,0,0,36.8932,0
71.6472,2.02468,0,0,2.07761,0.0935999,0.36288,3.6288,61.308,0.0912586,0,0,0.750203,0.269219,0.389725,0.66528,12.849,1,0.361066,0.36288,0,37.4497,4.92009,32.5315,0.84672,12.849,0.84672,3695.15,0,0,0,0.549893,1.31175,2.48009,1.26618,3.07554,0.42336,0,0.42336,460.49,0,1.02816,0,0,1.57805,0.549893,1.028160,1,0,35.9967,0,0,0,35.9967,0
71.0534,2.02336,0,0,1.88572,0.0933128,0.36288,3.6288,61.308,0.0914041,0,0,0.703814,0.269219,0.343192,0.66528,12.849,1,0.362863,0.36288,0,33.3707,4.92009,28.4506,0.84672,12.849,0.84672,3695.15,0,0,0,0.371935,1.31195,2.39914,1.26618,2.81684,0.42336,0,0.42336,460.49,0,1.02816,0,0,1.40009,0.371935,1.028160,1,0,31.6107,0,0,0,31.6107,0
70.3458,2.07434,0,0,1.80567,0.0760353,0.36288,3.6288,61.308,0.111521,0,0,0.622156,0.318811,0.191824,0.66528,12.849,1,0.375116,0.36288,0,28.0268,5.54153,22.473,0.84672,12.849,0.84672,3695.15,0,0,0,0.264194,1.31215,2.21935,1.43881,2.35689,0.42336,0,0.42336,460.49,0,1.02816,0,0,1.29235,0.264194,1.028160,1,0,25.0217,0,0,0,25.0217,0
69.9132,2.07157,0,0,2.06221,0.0603982,0.36288,3.6288,61.308,0.11167,0,0,0.811132,0.329827,0.369635,0.66528,12.849,1,0.378382,0.36288,0,35.7498,5.6133,30.121,0.84672,12.849,0.84672,3695.15,0,0,0,0.537417,1.33955,2.56624,1.48618,2.95703,0.42336,0,0.42336,460.49,0,1.02816,0,0,1.56558,0.537417,1.028160,1,0,33.4477,0,0,0,33.4477,0
69.3184,2.07,0,0,1.89835,0.060197,0.36288,3.6288,61.308,0.111819,0,0,0.687649,0.329827,0.246003,0.66528,12.849,1,0.380436,0.36288,0,29.3645,5.6133,23.7337,0.84672,12.849,0.84672,3695.15,0,0,0,0.632362,1.33975,2.48131,1.48618,2.96725,0.42336,0,0.42336,460.49,0,1.02816,0,0,1.66052,0.632362,1.028160,1,0,26.9469,0,0,0,26.9469,0
68.5662,2.06766,0,0,1.73823,0.0599203,0.36288,3.6288,61.308,0.111968,0,0,0.636906,0.329827,0.195111,0.66528,12.849,1,0.383266,0.36288,0,27.9108,5.6133,22.2771,0.84672,12.849,0.84672,3695.15,0,0,0,0.391288,1.33996,2.18105,1.48618,2.42612,0.42336,0,0.42336,460.49,0,1.02816,0,0,1.41945,0.391288,1.028160,1,0,24.8984,0,0,0,24.8984,0
67.7055,2.21943,0,0,1.77497,0.0533772,0.36288,3.6288,61.308,0.184255,0,0,0.663854,0.348855,0.130744,0.66528,12.849,1,0.415911,0.36288,0,26.6715,5.76018,20.8583,0.84672,12.849,0.84672,3695.15,0,0,0,0.375244,1.34017,2.78599,1.50124,3.00017,0.42336,0,0.42336,460.49,0,1.02816,0,0,1.4034,0.375244,1.028160,1,0,23.9892,0,0,0,23.9892,0
66.9645,2.21542,0,0,1.88163,0.0442974,0.36288,3.6288,61.308,0.184417,0,0,0.645011,0.347695,0.1129,0.66528,12.849,1,0.420438,0.36288,0,26.3566,5.93723,20.3618,0.84672,12.849,0.84672,3695.15,0,0,0,0.377611,1.43057,2.74747,1.53764,3.01801,0.42336,0,0.42336,460.49,0,1.02816,0,0,1.40577,0.377611,1.028160,1,0,23.4927,0,0,0,23.4927,0
66.4106,2.21196,0,0,2.06499,0.0440394,0.36288,3.6288,61.308,0.184579,0,0,0.796496,0.347695,0.264222,0.66528,12.849,1,0.424425,0.36288,0,33.8964,5.93723,27.8977,0.84672,12.849,0.84672,3695.15,0,0,0,0.718356,1.4308,2.99716,1.53764,3.60867,0.42336,0,0.42336,460.49,0,1.02816,0,0,1.74652,0.718356,1.028160,1,0,31.7706,0,0,0,31.7706,0
65.4534,2.20943,0,0,1.65893,0.0438465,0.36288,3.6288,61.308,0.204795,0,0,0.576091,0.347695,0.0236014,0.66528,12.849,1,0.427476,0.36288,0,33.1223,5.93723,27.1205,0.84672,12.849,0.84672,3695.15,0,0,0,0.204422,1.43102,2.40603,1.53764,2.50383,0.42336,0,0.42336,460.49,0,1.00811,0,0,1.21253,0.204422,1.028160,1,0,29.6479,0,0,0,29.6479,0
64.8801,2.20464,0,0,2.03812,0.0439173,0.36288,3.6288,61.308,0.184904,0,0,0.970366,0.341512,0.443951,0.66528,12.849,1,0.432788,0.36288,0,32.0842,5.97418,26.0401,0.84672,12.849,0.84672,3695.15,0,0,0,1.17057,1.43124,3.63335,1.54396,4.69121,0.42336,0,0.42336,460.49,0,1.02816,0,0,2.19873,1.17057,1.028160,1,0,31.1753,0,0,0,31.1753,0
64.6202,2.127,0,0,2.2761,0.0461291,0.36288,3.6288,61.308,0.141242,0,0,0.784982,0.304413,0.339327,0.66528,12.849,1,0.421237,0.36288,0,29.4329,6.19595,23.1786,0.84672,12.849,0.84672,3695.15,0,0,0,0.243242,1.43147,3.68319,1.58185,3.77605,0.42336,0,0.42336,460.49,0,1.02816,0,0,1.2714,0.243242,1.028160,1,0,27.2939,0,0,0,27.2939,0
63.8031,2.12601,0,0,1.71782,0.0460327,0.36288,3.6288,61.308,0.167308,0,0,0.620249,0.304413,0.148529,0.66528,12.849,1,0.422734,0.36288,0,43.533,6.19595,37.2772,0.84672,12.849,0.84672,3695.15,0,0,0,0.216518,1.38102,2.85807,1.58185,2.87376,0.42336,0,0.42336,460.49,0,1.00225,0,0,1.21877,0.216518,1.028160,1,0,40.2995,0,0,0,40.2995,0
62.418,2.12193,0,0,1.14552,0.0457297,0.36288,3.6288,60.8532,0.622393,0,0,0.471987,0.304413,0,0.66528,12.849,1,0.427326,0.36288,0,27.3086,6.19595,21.0482,0.84672,12.849,0.84672,3695.15,0,0,0,0.216518,1.38123,1.92888,1.58185,1.94479,0.42336,0,0.42336,460.49,0,0.547318,0,0,0.763837,0.216518,1.028160,1,0,22.993,0,0,0,22.993,0
62.0878,2.11449,0,0,2.24813,0.100958,0.36288,3.6288,61.0076,0.242638,0,0,0.703636,0.306608,0,0.66528,12.849,1,0.435276,0.36288,0,31.9575,5.82699,26.0582,0.84672,12.849,0.84672,3695.15,0,0,0,0.216518,1.38145,3.0202,1.50642,3.11175,0.42336,0,0.42336,460.49,0,0.927227,0,0,1.14375,0.216518,1.028160,1,0,29.1699,0,0,0,29.1699,0
62.5185,2.05193,0,0,2.98444,0.139021,0.36288,3.6288,61.308,0.101941,0,0,0.946457,0.23654,0.307548,0.66528,12.849,1,0.424645,0.36288,0,29.3379,4.51975,24.7564,0.84672,12.849,0.84672,3695.15,0,0,0,0.810752,1.38166,4.95575,1.17221,5.97595,0.42336,0,0.42336,460.49,0,1.02816,0,0,1.83891,0.810752,1.028160,1,0,31.0399,0,0,0,31.0399,0
63.2612,2.05477,0,0,3.29379,0.133363,0.36288,3.6288,61.308,0.102088,0,0,1.12586,0.202071,0.821704,0.66528,12.849,1,0.422304,0.36288,0,39.6541,4.11316,35.4816,0.84672,12.849,0.84672,3695.15,0,0,0,0.983457,1.33723,5.30813,1.07594,6.55288,0.42336,0,0.42336,460.49,0,1.02816,0,0,2.01162,0.983457,1.028160,1,0,42.8561,0,0,0,42.8561,0
62.8924,2.0593,0,0,2.18754,0.134175,0.36288,3.6288,61.308,0.102236,0,0,1.08724,0.202071,0.782934,0.66528,12.849,1,0.418266,0.36288,0,24.4064,4.11316,20.2378,0.84672,12.849,0.84672,3695.15,0,0,0,1.04506,1.33743,3.95352,1.07594,5.26007,0.42336,0,0.42336,460.49,0,1.02816,0,0,2.07322,1.04506,1.028160,1,0,26.2808,0,0,0,26.2808,0
63.4918,2.05768,0,0,3.20319,0.18329,0.36288,3.6288,61.308,0.102383,0,0,0.859061,0.219317,0.53736,0.66528,12.849,1,0.420386,0.36288,0,47.6179,4.40312,43.1573,0.84672,12.849,0.84672,3695.15,0,0,0,0.562832,1.33764,7.268,1.14363,8.02484,0.42336,0,0.42336,460.49,0,1.02816,0,0,1.59099,0.562832,1.028160,1,0,51.7195,0,0,0,51.7195,0
68.5451,1.8872,0,0,7.5281,0.224632,0.36288,3.6288,61.308,0.0193316,0,0,1.32977,0.215044,1.0954,0.66528,12.849,1,0.381919,0.36288,0,94.5786,4.65324,89.9063,0.84672,12.849,0.84672,3695.15,0,0,0,1.79972,1.33785,5.94097,1.11186,7.96668,0.42336,0,0.42336,460.49,0,1.02816,0,0,2.82788,1.79972,1.028160,1,0,98.9684,0,0,0,98.9684,0
72.29,1.9113,0,0,6.83005,0.262372,0.91152,3.6288,61.308,0.0194644,0,0,1.53692,0.200148,1.31731,0.66528,12.849,1,0.358279,0.91152,0,91.3524,4.8321,87.0736,0.84672,12.849,0.84672,3695.15,0,0,0,1.43064,1.23453,5.53146,1.03339,7.16323,0.42336,0,0.42336,460.49,0,1.02816,0,0,2.4588,1.43064,1.028160,1,0,95.5541,0,0,0,95.5541,0
72.29,1.92745,0,0,3.4633,0.270045,1.26581,3.6288,61.308,0.130586,0,0,1.00482,0.200148,0.674089,0.66528,12.849,1,0.34259,1.26581,0,58.2636,4.8321,54.3547,0.84672,12.849,0.84672,3695.15,0,0,0,0.412474,1.23471,4.19489,1.03339,4.80869,0.42336,0,0.42336,460.49,0,0.917171,0,0,1.32964,0.412474,1.028160,1,0,59.8375,0,0,0,59.8375,0
72.29,1.92784,0,0,3.77752,0.277371,1.57231,3.6288,61.308,0.0663081,0,0,0.832378,0.205603,0.560466,0.66528,12.849,1,0.342659,1.57231,0,43.1014,4.59645,39.7346,0.84672,12.849,0.84672,3695.15,0,0,0,0.412474,1.2349,3.49631,1.0345,4.10919,0.42336,0,0.42336,460.49,0,0.981582,0,0,1.39406,0.412474,1.028160,1,0,44.4043,0,0,0,44.4043,0
72.29,1.92823,0,0,7.70178,0.301449,5.47211,3.6288,61.308,0.0198627,0,0,1.34604,0.196547,1.12963,0.66528,12.849,1,0.342728,5.47211,0,67.3225,3.75982,68.6921,0.84672,12.849,0.84672,3695.15,0,0,0,1.65923,1.23509,6.46636,0.970169,8.3905,0.42336,0,0.42336,460.49,0,1.02816,0,0,2.68739,1.65923,1.028160,1,0,78.2122,0,0,0,78.2122,0
72.29,1.99707,0,0,6.0536,0.257119,3.79941,3.6288,61.308,0.0441065,0,0,1.9946,0.247966,1.70253,0.66528,12.849,1,0.354964,3.79941,0,150.06,4.92817,148.577,0.84672,12.849,0.84672,3695.15,0,0,0,2.91933,1.23528,8.5701,1.4125,11.3122,0.42336,0,0.42336,460.49,0,1.02816,0,0,3.94749,2.91933,1.028160,1,0,161.591,0,0,0,161.591,0
72.29,1.99746,0,0,8.15685,0.257119,5.90227,3.6288,61.308,0.0442383,0,0,2.80505,0.247966,2.51285,0.66528,12.849,1,0.355033,5.90227,0,152.301,4.92817,152.92,0.84672,12.849,0.84672,3695.15,0,0,0,3.99052,1.2692,11.3121,1.4125,15.1593,0.42336,0,0.42336,460.49,0,1.02816,0,0,5.01868,3.99052,1.028160,1,0,170.592,0,0,0,170.592,0
72.29,1.99784,0,0,15.3886,0.257119,13.1337,3.6288,61.308,0.04437,0,0,4.34487,0.247966,4.05254,0.66528,12.849,1,0.355102,13.1337,0,416.611,4.92817,424.462,0.84672,12.849,0.84672,3695.15,0,0,0,4.0509,1.26939,19.7731,1.4125,23.6809,0.42336,0,0.42336,460.49,0,1.02816,0,0,5.07906,4.0509,1.028160,1,0,452.195,0,0,0,452.195,0
72.29,1.99823,0,0,7.03673,0.257119,4.78138,3.6288,61.308,0.0445018,0,0,1.9031,0.247966,1.61063,0.66528,12.849,1,0.35517,4.78138,0,169.193,4.92817,168.691,0.84672,12.849,0.84672,3695.15,0,0,0,2.33468,1.26958,8.54617,1.4125,10.7379,0.42336,0,0.42336,460.49,0,1.02816,0,0,3.36284,2.33468,1.028160,1,0,181.039,0,0,0,181.039,0
72.29,2.2186,0,0,6.62245,0.259938,4.14391,3.6288,61.308,0.135216,0,0,2.41381,0.216549,2.06204,0.66528,12.849,1,0.394339,4.14391,0,177.937,4.13958,177.547,0.84672,12.849,0.84672,3695.15,0,0,0,2.50519,1.26977,8.62773,1.20087,11.2018,0.42336,0,0.42336,460.49,0,1.02816,0,0,3.53335,2.50519,1.028160,1,0,190.811,0,0,0,190.811,0
72.29,2.21902,0,0,15.0857,0.271978,12.5947,3.6288,61.308,0.135363,0,0,4.95343,0.188193,4.62988,0.66528,12.849,1,0.394415,12.5947,0,269.433,3.45912,278.174,0.84672,12.849,0.84672,3695.15,0,0,0,5.34492,1.38849,20.463,1.06548,26.1309,0.42336,0,0.42336,460.49,0,1.02816,0,0,6.37308,5.34492,1.028160,1,0,308.935,0,0,0,308.935,0
72.29,2.21945,0,0,5.97469,0.271978,3.48326,3.6288,61.308,0.13551,0,0,2.37944,0.188193,2.05574,0.66528,12.849,1,0.39449,3.48326,0,317.083,3.45912,316.712,0.84672,12.849,0.84672,3695.15,0,0,0,2.36437,1.3887,8.94853,1.06548,11.6361,0.42336,0,0.42336,460.49,0,1.02816,0,0,3.39253,2.36437,1.028160,1,0,330.404,0,0,0,330.404,0
72.29,2.21987,0,0,4.59239,0.278486,2.09404,3.6288,61.308,0.135658,0,0,1.99555,0.236413,1.62348,0.66528,12.849,1,0.394565,2.09404,0,166.678,4.03678,164.34,0.84672,12.849,0.84672,3695.15,0,0,0,1.96135,1.3889,7.47196,1.16533,9.65688,0.42336,0,0.42336,460.49,0,1.02816,0,0,2.98951,1.96135,1.028160,1,0,175.621,0,0,0,175.621,0
72.29,1.90631,0,0,6.34904,0.298092,4.14464,3.6288,61.308,0.0141598,0,0,2.28851,0.237283,2.03707,0.66528,12.849,1,0.338833,4.14464,0,167.941,4.07316,167.674,0.84672,12.849,0.84672,3695.15,0,0,0,2.3852,1.38911,8.96296,1.04111,11.6962,0.42336,0,0.42336,460.49,0,1.02816,0,0,3.41336,2.3852,1.028160,1,0,181.407,0,0,0,181.407,0
72.29,1.90668,0,0,7.17759,0.283132,4.98778,3.6288,61.308,0.0142864,0,0,1.63154,0.198422,1.41883,0.66528,12.849,1,0.338898,4.98778,0,169.309,3.52102,170.436,0.84672,12.849,0.84672,3695.15,0,0,0,1.82157,1.22604,7.95735,0.802106,10.2029,0.42336,0,0.42336,460.49,0,1.02816,0,0,2.84973,1.82157,1.028160,1,0,182.058,0,0,0,182.058,0
72.29,1.90705,0,0,5.88593,0.27334,3.70554,3.6288,61.308,0.0144131,0,0,1.50939,0.204968,1.29001,0.66528,12.849,1,0.338964,3.70554,0,129.044,3.57326,128.838,0.84672,12.849,0.84672,3695.15,0,0,0,1.37633,1.22622,6.61833,0.798884,8.42198,0.42336,0,0.42336,460.49,0,1.02816,0,0,2.40449,1.37633,1.028160,1,0,138.55,0,0,0,138.55,0
72.29,1.90742,0,0,5.34757,0.27334,3.16681,3.6288,61.308,0.0145398,0,0,1.33813,0.204968,1.11862,0.66528,12.849,1,0.33903,3.16681,0,115.631,3.57326,114.885,0.84672,12.849,0.84672,3695.15,0,0,0,1.60862,1.2264,6.19498,0.798884,8.23112,0.42336,0,0.42336,460.49,0,1.02816,0,0,2.63678,1.60862,1.028160,1,0,124.235,0,0,0,124.235,0
72.29,1.90779,0,0,7.49877,0.280622,5.31035,3.6288,61.308,0.0146665,0,0,1.55582,0.201119,1.34004,0.66528,12.849,1,0.339096,5.31035,0,149.325,3.58312,150.713,0.84672,12.849,0.84672,3695.15,0,0,0,1.87979,1.22658,8.54652,0.794114,10.8588,0.42336,0,0.42336,460.49,0,1.02816,0,0,2.90795,1.87979,1.028160,1,0,162.912,0,0,0,162.912,0
72.29,1.98727,0,0,7.12831,0.324316,4.81673,3.6288,61.308,0.0445776,0,0,2.10197,0.178022,1.87937,0.66528,12.849,1,0.353221,4.81673,0,143.701,3.64234,144.523,0.84672,12.849,0.84672,3695.15,0,0,0,2.75013,1.22675,7.56734,0.765492,10.7787,0.42336,0,0.42336,460.49,0,1.02816,0,0,3.77829,2.75013,1.028160,1,0,157.181,0,0,0,157.181,0
72.29,1.98765,0,0,5.13643,0.324316,2.82446,3.6288,61.308,0.0447095,0,0,1.1151,0.178022,0.892364,0.66528,12.849,1,0.35329,2.82446,0,91.9115,3.64234,90.7403,0.84672,12.849,0.84672,3695.15,0,0,0,1.48259,1.2674,5.93133,0.765492,7.91584,0.42336,0,0.42336,460.49,0,1.02816,0,0,2.51075,1.48259,1.028160,1,0,99.5485,0,0,0,99.5485,0
72.29,1.98803,0,0,4.75092,0.324316,2.43857,3.6288,61.308,0.0448414,0,0,1.26064,0.178022,1.03777,0.66528,12.849,1,0.353358,2.43857,0,105.492,3.64234,103.935,0.84672,12.849,0.84672,3695.15,0,0,0,1.56152,1.26759,6.14757,0.765492,8.21118,0.42336,0,0.42336,460.49,0,1.02816,0,0,2.58968,1.56152,1.028160,1,0,113.184,0,0,0,113.184,0
72.29,1.98842,0,0,4.44182,0.26182,2.19159,3.6288,61.308,0.0449733,0,0,1.28702,0.211326,1.03072,0.66528,12.849,1,0.353426,2.19159,0,91.9659,4.04953,89.7545,0.84672,12.849,0.84672,3695.15,0,0,0,1.66228,1.26778,6.3192,0.845644,8.40362,0.42336,0,0.42336,460.49,0,1.02816,0,0,2.69044,1.66228,1.028160,1,0,99.1889,0,0,0,99.1889,0
72.29,1.95785,0,0,4.44763,0.232106,2.25767,3.6288,61.308,0.0335293,0,0,1.21276,0.200758,0.978475,0.66528,12.849,1,0.347994,2.25767,0,76.6627,4.36445,74.208,0.84672,12.849,0.84672,3695.15,0,0,0,1.51182,1.26796,5.36484,0.97117,7.17346,0.42336,0,0.42336,460.49,0,1.02816,0,0,2.53998,1.51182,1.028160,1,0,82.3599,0,0,0,82.3599,0
72.29,1.95823,0,0,3.53983,0.227154,1.35445,3.6288,61.308,0.0336593,0,0,0.978972,0.198996,0.746317,0.66528,12.849,1,0.348061,1.35445,0,65.9068,4.41693,62.4962,0.84672,12.849,0.84672,3695.15,0,0,0,1.21584,1.25238,4.38636,0.992091,5.86249,0.42336,0,0.42336,460.49,0,1.02816,0,0,2.244,1.21584,1.028160,1,0,69.105,0,0,0,69.105,0
72.29,1.95861,0,0,3.10348,0.227154,0.917715,3.6288,61.308,0.0337893,0,0,0.923106,0.198996,0.690321,0.66528,12.849,1,0.348128,0.917715,0,60.1779,4.41693,56.3305,0.84672,12.849,0.84672,3695.15,0,0,0,0.944274,1.25256,4.08531,0.992091,5.29006,0.42336,0,0.42336,460.49,0,1.02816,0,0,1.97243,0.944274,1.028160,1,0,62.3109,0,0,0,62.3109,0
72.29,1.95899,0,0,3.36614,0.227154,1.17999,3.6288,61.308,0.0339193,0,0,0.885764,0.198996,0.652849,0.66528,12.849,1,0.348196,1.17999,0,64.873,4.41693,61.2879,0.84672,12.849,0.84672,3695.15,0,0,0,0.574085,1.25274,4.47115,0.992091,5.30589,0.42336,0,0.42336,460.49,0,1.02816,0,0,1.60224,0.574085,1.028160,1,0,67.2466,0,0,0,67.2466,0
72.29,2.0645,0,0,3.38592,0.199516,1.12191,3.6288,61.308,0.0751287,0,0,0.964233,0.209776,0.679328,0.66528,12.849,1,0.366949,1.12191,0,60.4143,4.71522,56.4541,0.84672,12.849,0.84672,3695.15,0,0,0,0.620793,1.25293,4.13012,1.01243,4.99141,0.42336,0,0.42336,460.49,0,1.02816,0,0,1.64895,0.620793,1.028160,1,0,62.1248,0,0,0,62.1248,0
72.29,2.06489,0,0,3.25952,0.217715,0.976909,3.6288,61.308,0.0752658,0,0,1.06968,0.177699,0.816719,0.66528,12.849,1,0.367019,0.976909,0,57.0657,4.62532,53.0503,0.84672,12.849,0.84672,3695.15,0,0,0,0.958859,1.30805,4.15119,0.91853,5.49957,0.42336,0,0.42336,460.49,0,1.02816,0,0,1.98702,0.958859,1.028160,1,0,59.3666,0,0,0,59.3666,0
72.29,2.06529,0,0,3.1239,0.122698,0.935915,3.6288,61.308,0.075403,0,0,0.986377,0.211492,0.699482,0.66528,12.849,1,0.36709,0.935915,0,57.4208,5.07874,52.9109,0.84672,12.849,0.84672,3695.15,0,0,0,0.911848,1.30825,4.09704,1.00975,5.30739,0.42336,0,0.42336,460.49,0,1.02816,0,0,1.94001,0.911848,1.028160,1,0,58.9178,0,0,0,58.9178,0
72.29,2.06569,0,0,2.81083,0.122698,0.622447,3.6288,61.308,0.0755401,0,0,0.799986,0.211492,0.512954,0.66528,12.849,1,0.367161,0.622447,0,51.5825,5.07874,46.7591,0.84672,12.849,0.84672,3695.15,0,0,0,0.608291,1.30844,3.55636,1.00975,4.46334,0.42336,0,0.42336,460.49,0,1.02816,0,0,1.63645,0.608291,1.028160,1,0,51.7354,0,0,0,51.7354,0
72.29,2.06609,0,0,2.87988,0.12838,0.685419,3.6288,61.308,0.0756773,0,0,0.700367,0.21628,0.40841,0.66528,12.849,1,0.367231,0.685419,0,48.5075,5.10428,43.7214,0.84672,12.849,0.84672,3695.15,0,0,0,0.603668,1.30863,3.76345,1.03996,4.6358,0.42336,0,0.42336,460.49,0,1.02816,0,0,1.63183,0.603668,1.028160,1,0,48.7656,0,0,0,48.7656,0
72.29,2.04568,0,0,3.64067,0.15136,1.44364,3.6288,61.308,0.0984117,0,0,1.00036,0.249161,0.652784,0.66528,12.849,1,0.363603,1.44364,0,52.0029,5.28951,47.7934,0.84672,12.849,0.84672,3695.15,0,0,0,1.03844,1.30883,5.46302,1.23074,6.57955,0.42336,0,0.42336,460.49,0,1.02816,0,0,2.0666,1.03844,1.028160,1,0,55.0257,0,0,0,55.0257,0
72.29,2.04607,0,0,3.41364,0.0847007,1.28287,3.6288,61.308,0.0985528,0,0,1.00333,0.274066,0.63071,0.66528,12.849,1,0.363674,1.28287,0,48.4985,5.48184,43.9358,0.84672,12.849,0.84672,3695.15,0,0,0,0.993056,1.32189,5.46346,1.28787,6.49054,0.42336,0,0.42336,460.49,0,1.02816,0,0,2.02122,0.993056,1.028160,1,0,51.0571,0,0,0,51.0571,0
72.29,2.04646,0,0,3.16589,0.0847672,1.03466,3.6288,61.308,0.0986939,0,0,0.989928,0.274066,0.617168,0.66528,12.849,1,0.363744,1.03466,0,44.4792,5.48184,39.6683,0.84672,12.849,0.84672,3695.15,0,0,0,0.981176,1.32208,4.98441,1.28787,5.9998,0.42336,0,0.42336,460.49,0,1.02816,0,0,2.00934,0.981176,1.028160,1,0,46.2853,0,0,0,46.2853,0
72.29,2.04686,0,0,2.96048,0.0847007,0.828919,3.6288,61.308,0.0988352,0,0,0.998862,0.274066,0.625961,0.66528,12.849,1,0.363814,0.828919,0,41.488,5.48184,36.4712,0.84672,12.849,0.84672,3695.15,0,0,0,1.0543,1.32228,4.88413,1.28787,5.97284,0.42336,0,0.42336,460.49,0,1.02816,0,0,2.08246,1.0543,1.028160,1,0,43.0701,0,0,0,43.0701,0
72.29,2.10102,0,0,3.05561,0.0884548,0.866134,3.6288,61.308,0.119129,0,0,0.846815,0.285906,0.441779,0.66528,12.849,1,0.373441,0.866134,0,40.7807,5.58167,35.6917,0.84672,12.849,0.84672,3695.15,0,0,0,0.747671,1.32248,4.0987,1.38653,4.78232,0.42336,0,0.42336,460.49,0,1.02816,0,0,1.77583,0.747671,1.028160,1,0,40.9158,0,0,0,40.9158,0
72.29,2.10143,0,0,3.05008,0.0899564,0.858699,3.6288,61.308,0.119274,0,0,0.79742,0.290643,0.387504,0.66528,12.849,1,0.373513,0.858699,0,38.4867,5.62159,33.3503,0.84672,12.849,0.84672,3695.15,0,0,0,0.68999,1.35011,3.89928,1.426,4.51338,0.42336,0,0.42336,460.49,0,1.02816,0,0,1.71815,0.68999,1.028160,1,0,38.2512,0,0,0,38.2512,0
72.29,2.10183,0,0,2.70106,0.0899564,0.509274,3.6288,61.308,0.119419,0,0,0.748829,0.290643,0.338768,0.66528,12.849,1,0.373585,0.509274,0,36.2616,5.62159,30.7757,0.84672,12.849,0.84672,3695.15,0,0,0,0.571337,1.35031,3.86133,1.426,4.35698,0.42336,0,0.42336,460.49,0,1.02816,0,0,1.5995,0.571337,1.028160,1,0,35.4715,0,0,0,35.4715,0
72.1885,2.10224,0,0,2.4536,0.0899564,0.36288,3.6288,61.308,0.119563,0,0,0.728525,0.290643,0.318319,0.66528,12.849,1,0.373657,0.36288,0,34.1346,5.62159,28.5022,0.84672,12.849,0.84672,3695.15,0,0,0,0.46802,1.35051,3.72349,1.426,4.11603,0.42336,0,0.42336,460.49,0,1.02816,0,0,1.49618,0.46802,1.028160,1,0,32.9365,0,0,0,32.9365,0
71.6183,2.25974,0,0,2.12712,0.0747173,0.36288,3.6288,61.308,0.192499,0,0,0.736586,0.294425,0.249662,0.66528,12.849,1,0.402215,0.36288,0,32.7381,5.80065,26.8981,0.84672,12.849,0.84672,3695.15,0,0,0,0.620093,1.35071,3.65272,1.45515,4.16837,0.42336,0,0.42336,460.49,0,1.02816,0,0,1.64825,0.620093,1.028160,1,0,31.3161,0,0,0,31.3161,0
70.891,2.25745,0,0,1.98377,0.0907919,0.36288,3.6288,61.308,0.192657,0,0,0.714424,0.279149,0.242619,0.66528,12.849,1,0.405008,0.36288,0,30.692,5.40193,25.248,0.84672,12.849,0.84672,3695.15,0,0,0,0.97664,1.44193,3.52436,1.42287,4.52006,0.42336,0,0.42336,460.49,0,1.02816,0,0,2.0048,0.97664,1.028160,1,0,30.0107,0,0,0,30.0107,0
70.0597,2.25436,0,0,1.87628,0.0902882,0.36288,3.6288,61.308,0.192814,0,0,0.657089,0.279149,0.185127,0.66528,12.849,1,0.408604,0.36288,0,27.5831,5.40193,22.1355,0.84672,12.849,0.84672,3695.15,0,0,0,0.851437,1.44215,3.48436,1.42287,4.35507,0.42336,0,0.42336,460.49,0,1.02816,0,0,1.8796,0.851437,1.028160,1,0,26.6756,0,0,0,26.6756,0
69.9475,2.25069,0,0,2.59106,0.0897126,0.36288,3.6288,61.308,0.192971,0,0,0.727713,0.279149,0.255593,0.66528,12.849,1,0.412779,0.36288,0,29.5869,5.40193,24.1351,0.84672,12.849,0.84672,3695.15,0,0,0,1.10492,1.44236,3.88428,1.42287,5.00868,0.42336,0,0.42336,460.49,0,1.02816,0,0,2.13308,1.10492,1.028160,1,0,29.3993,0,0,0,29.3993,0
70.9892,2.25056,0,0,3.7724,0.117217,0.36288,3.6288,61.308,0.193129,0,0,0.968656,0.271778,0.50375,0.66528,12.849,1,0.413417,0.36288,0,49.3718,5.26202,44.0593,0.84672,12.849,0.84672,3695.15,0,0,0,1.37163,1.44258,4.31958,1.40051,5.73328,0.42336,0,0.42336,460.49,0,1.02816,0,0,2.39979,1.37163,1.028160,1,0,50.2963,0,0,0,50.2963,0
70.173,2.17948,0,0,1.77106,0.044871,0.36288,3.6288,61.308,0.149067,0,0,0.505358,0.281071,0.0752199,0.66528,12.849,1,0.394485,0.36288,0,23.8413,5.53686,18.2728,0.84672,12.849,0.84672,3695.15,0,0,0,1.00721,1.4428,1.81947,1.4701,2.79938,0.42336,0,0.42336,460.49,0,1.02816,0,0,2.03537,1.00721,1.028160,1,0,21.1474,0,0,0,21.1474,0
69.0531,2.17602,0,0,1.46353,0.0445903,0.36288,3.6288,61.308,0.149216,0,0,0.445211,0.281071,0.0149235,0.66528,12.849,1,0.398439,0.36288,0,22.0126,5.53686,16.4402,0.84672,12.849,0.84672,3695.15,0,0,0,0.781626,1.39189,1.68497,1.4701,2.38839,0.42336,0,0.42336,460.49,0,1.02816,0,0,1.80979,0.781626,1.028160,1,0,18.8435,0,0,0,18.8435,0
69.0998,2.17099,0,0,2.72047,0.13993,0.36288,3.6288,61.308,0.149366,0,0,0.692625,0.205265,0.337993,0.66528,12.849,1,0.403965,0.36288,0,38.8667,4.49871,34.3269,0.84672,12.849,0.84672,3695.15,0,0,0,1.23296,1.39209,2.92554,1.14561,4.40499,0.42336,0,0.42336,460.49,0,1.02816,0,0,2.26112,1.23296,1.028160,1,0,39.0699,0,0,0,39.0699,0
71.8057,2.17163,0,0,5.4187,0.178285,0.36288,3.6288,61.308,0.149516,0,0,1.05487,0.174943,0.730407,0.66528,12.849,1,0.403812,0.36288,0,77.8983,4.08345,73.7739,0.84672,12.849,0.84672,3695.15,0,0,0,2.10552,1.3923,4.17986,1.01581,6.66188,0.42336,0,0.42336,460.49,0,1.02816,0,0,3.13368,2.10552,1.028160,1,0,81.1662,0,0,0,81.1662,0
72.29,2.12189,0,0,6.52774,0.204149,3.71736,3.6288,61.308,0.109388,0,0,1.81979,0.18997,1.52043,0.66528,12.849,1,0.379694,3.71736,0,97.9932,4.01445,97.3165,0.84672,12.849,0.84672,3695.15,0,0,0,4.54045,1.39251,8.90204,1.02659,13.8084,0.42336,0,0.42336,460.49,0,1.02816,0,0,5.56861,4.54045,1.028160,1,0,112.645,0,0,0,112.645,0
72.29,2.12446,0,0,6.29453,0.221547,3.94853,3.6288,61.308,0.109531,0,0,1.58615,0.20124,1.27538,0.66528,12.849,1,0.377606,3.94853,0,116.212,3.9627,115.821,0.84672,12.849,0.84672,3695.15,0,0,0,3.25122,1.34767,7.46499,1.03467,11.0292,0.42336,0,0.42336,460.49,0,1.02816,0,0,4.27938,3.25122,1.028160,1,0,128.125,0,0,0,128.125,0
72.29,2.12487,0,0,4.20338,0.221547,1.85696,3.6288,61.308,0.109674,0,0,1.1599,0.20124,0.848988,0.66528,12.849,1,0.377679,1.85696,0,58.2953,3.9627,55.8119,0.84672,12.849,0.84672,3695.15,0,0,0,2.33921,1.34787,4.20456,1.03467,6.85697,0.42336,0,0.42336,460.49,0,1.02816,0,0,3.36737,2.33921,1.028160,1,0,63.5178,0,0,0,63.5178,0
72.29,2.12527,0,0,5.93247,0.219561,3.58764,3.6288,61.308,0.109817,0,0,1.61735,0.225652,1.28188,0.66528,12.849,1,0.377751,3.58764,0,84.062,3.94764,83.3243,0.84672,12.849,0.84672,3695.15,0,0,0,3.91562,1.34807,5.05608,1.07249,9.24728,0.42336,0,0.42336,460.49,0,1.02816,0,0,4.94378,3.91562,1.028160,1,0,93.8534,0,0,0,93.8534,0
72.29,1.94626,0,0,5.84866,0.230567,3.67183,3.6288,61.308,0.0260149,0,0,1.76753,0.255668,1.48585,0.66528,12.849,1,0.345932,3.67183,0,93.3042,3.78951,92.8406,0.84672,12.849,0.84672,3695.15,0,0,0,3.94277,1.34827,7.32711,1.09897,11.5192,0.42336,0,0.42336,460.49,0,1.02816,0,0,4.97093,3.94277,1.028160,1,0,105.846,0,0,0,105.846,0
72.29,1.94663,0,0,9.92092,0.251855,7.72243,3.6288,61.308,0.0261437,0,0,2.90892,0.220651,2.66213,0.66528,12.849,1,0.345999,7.72243,0,150.509,4.56487,153.32,0.84672,12.849,0.84672,3695.15,0,0,0,5.76475,1.24401,11.853,1.22339,17.6384,0.42336,0,0.42336,460.49,0,1.02816,0,0,6.79291,5.76475,1.028160,1,0,173.621,0,0,0,173.621,0
72.29,1.94701,0,0,8.57719,0.300687,6.32949,3.6288,61.308,0.0262725,0,0,2.85366,0.236842,2.59055,0.66528,12.849,1,0.346066,6.32949,0,174.252,4.13501,176.101,0.84672,12.849,0.84672,3695.15,0,0,0,5.70577,1.24419,11.5693,1.07491,17.4444,0.42336,0,0.42336,460.49,0,1.02816,0,0,6.73393,5.70577,1.028160,1,0,196.136,0,0,0,196.136,0
72.29,1.94739,0,0,8.63447,0.300687,6.38639,3.6288,61.308,0.0264014,0,0,3.04662,0.236842,2.78338,0.66528,12.849,1,0.346134,6.38639,0,183.686,4.13501,185.591,0.84672,12.849,0.84672,3695.15,0,0,0,6.14684,1.24438,12.0366,1.07491,18.353,0.42336,0,0.42336,460.49,0,1.02816,0,0,7.175,6.14684,1.028160,1,0,206.727,0,0,0,206.727,0
72.29,1.94777,0,0,11.6813,0.300687,9.43283,3.6288,61.308,0.0265302,0,0,2.94772,0.236842,2.68435,0.66528,12.849,1,0.346201,9.43283,0,184.707,4.13501,189.658,0.84672,12.849,0.84672,3695.15,0,0,0,5.77195,1.24456,11.0016,1.07491,16.9432,0.42336,0,0.42336,460.49,0,1.02816,0,0,6.80011,5.77195,1.028160,1,0,209.286,0,0,0,209.286,0
72.29,2.01721,0,0,9.50492,0.276147,7.21156,3.6288,61.308,0.0509856,0,0,2.21154,0.235818,1.92473,0.66528,12.849,1,0.358544,7.21156,0,102.324,4.02484,105.153,0.84672,12.849,0.84672,3695.15,0,0,0,4.89135,1.24474,9.53951,1.11648,14.5591,0.42336,0,0.42336,460.49,0,1.02816,0,0,5.91951,4.89135,1.028160,1,0,121.636,0,0,0,121.636,0
72.29,2.01759,0,0,3.51343,0.272057,1.22379,3.6288,61.308,0.0511132,0,0,0.881963,0.235647,0.595202,0.66528,12.849,1,0.35861,1.22379,0,66.6374,4.00649,63.4961,0.84672,12.849,0.84672,3695.15,0,0,0,2.13259,1.27896,9.13317,1.1234,11.4213,0.42336,0,0.42336,460.49,0,1.02816,0,0,3.16075,2.13259,1.028160,1,0,75.5126,0,0,0,75.5126,0
72.29,2.01796,0,0,6.40462,0.279126,4.10753,3.6288,61.308,0.051241,0,0,2.79164,0.208669,2.53173,0.66528,12.849,1,0.358677,4.10753,0,113.609,3.82846,113.529,0.84672,12.849,0.84672,3695.15,0,0,0,4.79651,1.27915,7.66826,1.08091,12.663,0.42336,0,0.42336,460.49,0,1.02816,0,0,5.82467,4.79651,1.028160,1,0,128.724,0,0,0,128.724,0
72.29,2.01833,0,0,5.1253,0.288551,2.81842,3.6288,61.308,0.0513686,0,0,1.47588,0.172698,1.25182,0.66528,12.849,1,0.358743,2.81842,0,121.776,3.59111,120.645,0.84672,12.849,0.84672,3695.15,0,0,0,2.7499,1.27933,6.74404,1.02426,9.74901,0.42336,0,0.42336,460.49,0,1.02816,0,0,3.77806,2.7499,1.028160,1,0,131.646,0,0,0,131.646,0
72.29,2.24065,0,0,6.81226,0.292219,4.27939,3.6288,61.308,0.142885,0,0,1.95405,0.184844,1.62632,0.66528,12.849,1,0.398259,4.27939,0,108.95,3.85845,108.972,0.84672,12.849,0.84672,3695.15,0,0,0,3.19503,1.27951,8.27479,1.05586,11.6935,0.42336,0,0.42336,460.49,0,1.02816,0,0,4.22319,3.19503,1.028160,1,0,122.292,0,0,0,122.292,0
72.29,2.24106,0,0,4.42003,0.29711,1.88185,3.6288,61.308,0.143028,0,0,1.63159,0.201037,1.28752,0.66528,12.849,1,0.398332,1.88185,0,77.4312,4.21491,74.6998,0.84672,12.849,0.84672,3695.15,0,0,0,2.75847,1.39928,7.45643,1.098,10.5162,0.42336,0,0.42336,460.49,0,1.02816,0,0,3.78663,2.75847,1.028160,1,0,86.5035,0,0,0,86.5035,0
71.9197,2.24147,0,0,2.51306,0.279022,0.36288,3.6288,61.308,0.143171,0,0,1.11133,0.207216,0.760942,0.66528,12.849,1,0.398405,0.36288,0,43.1944,4.17742,38.9814,0.84672,12.849,0.84672,3695.15,0,0,0,1.30647,1.39948,4.65252,1.0729,6.28558,0.42336,0,0.42336,460.49,0,1.02816,0,0,2.33463,1.30647,1.028160,1,0,46.028,0,0,0,46.028,0
72.29,2.24014,0,0,3.46472,0.254188,0.600079,3.6288,61.308,0.143314,0,0,1.52818,0.215455,1.16941,0.66528,12.849,1,0.400218,0.600079,0,58.6459,4.12745,54.7183,0.84672,12.849,0.84672,3695.15,0,0,0,2.04755,1.39968,7.52774,1.03942,9.93555,0.42336,0,0.42336,460.49,0,1.02816,0,0,3.07571,2.04755,1.028160,1,0,65.8233,0,0,0,65.8233,0
72.2223,1.92552,0,0,2.4926,0.271882,0.36288,3.6288,61.308,0.020731,0,0,1.34483,0.206528,1.11757,0.66528,12.849,1,0.342247,0.36288,0,57.1196,4.0261,53.1142,0.84672,12.849,0.84672,3695.15,0,0,0,1.31643,1.39988,5.29276,0.988711,7.02037,0.42336,0,0.42336,460.49,0,1.02816,0,0,2.34459,1.31643,1.028160,1,0,61.2521,0,0,0,61.2521,0
72.29,1.92561,0,0,3.89014,0.294367,1.60248,3.6288,61.308,0.0208537,0,0,0.949847,0.194626,0.734368,0.66528,12.849,1,0.342583,1.60248,0,74.0332,3.89099,71.4021,0.84672,12.849,0.84672,3695.15,0,0,0,0.92461,1.23535,7.49183,0.921096,8.7307,0.42336,0,0.42336,460.49,0,1.02816,0,0,1.95277,0.92461,1.028160,1,0,80.8672,0,0,0,80.8672,0
72.29,1.92624,0,0,4.59198,0.294518,2.37122,3.6288,61.308,0.0209764,0,0,1.08872,0.194626,0.873116,0.66528,12.849,1,0.342374,2.37122,0,77.8265,3.89099,75.9644,0.84672,12.849,0.84672,3695.15,0,0,0,1.1942,1.23553,6.66533,0.921096,8.17396,0.42336,0,0.42336,460.49,0,1.02816,0,0,2.22236,1.1942,1.028160,1,0,85.0115,0,0,0,85.0115,0
72.29,1.9266,0,0,3.94207,0.297735,1.71774,3.6288,61.308,0.0210991,0,0,0.92162,0.19079,0.709731,0.66528,12.849,1,0.342438,1.71774,0,64.2733,3.89628,61.7523,0.84672,12.849,0.84672,3695.15,0,0,0,1.0317,1.2357,6.9693,0.911606,8.3251,0.42336,0,0.42336,460.49,0,1.02816,0,0,2.05986,1.0317,1.028160,1,0,70.7872,0,0,0,70.7872,0
72.29,1.92696,0,0,3.29261,0.31704,1.04861,3.6288,61.308,0.0212219,0,0,0.971611,0.167776,0.782613,0.66528,12.849,1,0.342502,1.04861,0,59.0566,3.92805,55.8346,0.84672,12.849,0.84672,3695.15,0,0,0,1.14101,1.23588,6.3698,0.854665,7.89201,0.42336,0,0.42336,460.49,0,1.02816,0,0,2.16917,1.14101,1.028160,1,0,64.5092,0,0,0,64.5092,0
72.29,2.00712,0,0,4.24431,0.289075,1.94811,3.6288,61.308,0.0513927,0,0,1.18495,0.16491,0.968647,0.66528,12.849,1,0.35675,1.94811,0,80.3209,4.4099,77.5024,0.84672,12.849,0.84672,3695.15,0,0,0,1.31366,1.23605,6.85351,1.00246,8.40076,0.42336,0,0.42336,460.49,0,1.02816,0,0,2.34182,1.31366,1.028160,1,0,86.8718,0,0,0,86.8718,0
72.29,2.00749,0,0,6.87396,0.291469,4.575,3.6288,61.308,0.0515204,0,0,1.81646,0.168108,1.59683,0.66528,12.849,1,0.356816,4.575,0,135.403,4.31739,135.304,0.84672,12.849,0.84672,3695.15,0,0,0,2.96415,1.27705,11.2937,1.00231,14.5326,0.42336,0,0.42336,460.49,0,1.02816,0,0,3.99231,2.96415,1.028160,1,0,151.434,0,0,0,151.434,0
72.29,2.00786,0,0,5.40808,0.291469,3.10875,3.6288,61.308,0.0516482,0,0,1.61921,0.168108,1.39946,0.66528,12.849,1,0.356882,3.10875,0,104.267,4.31739,102.701,0.84672,12.849,0.84672,3695.15,0,0,0,2.13125,1.27723,9.42719,1.00231,11.8334,0.42336,0,0.42336,460.49,0,1.02816,0,0,3.15941,2.13125,1.028160,1,0,115.934,0,0,0,115.934,0
72.29,2.00823,0,0,4.29264,0.291469,1.99293,3.6288,61.308,0.051776,0,0,1.26591,0.168108,1.04602,0.66528,12.849,1,0.356949,1.99293,0,81.1071,4.31739,78.4257,0.84672,12.849,0.84672,3695.15,0,0,0,1.44042,1.27741,7.12316,1.00231,8.83869,0.42336,0,0.42336,460.49,0,1.02816,0,0,2.46858,1.44042,1.028160,1,0,88.3104,0,0,0,88.3104,0
72.29,1.97738,0,0,3.58289,0.257674,1.34783,3.6288,61.308,0.0402259,0,0,0.963852,0.225645,0.697981,0.66528,12.849,1,0.351465,1.34783,0,63.8506,5.18822,59.6588,0.84672,12.849,0.84672,3695.15,0,0,0,1.0554,1.27759,5.24744,1.13865,6.44178,0.42336,0,0.42336,460.49,0,1.02816,0,0,2.08356,1.0554,1.028160,1,0,66.7985,0,0,0,66.7985,0
72.29,1.97775,0,0,3.29262,0.20134,1.11353,3.6288,61.308,0.0403519,0,0,0.922061,0.221572,0.660137,0.66528,12.849,1,0.35153,1.11353,0,65.5582,4.44555,61.8746,0.84672,12.849,0.84672,3695.15,0,0,0,0.822165,1.26186,4.4858,1.05931,5.51051,0.42336,0,0.42336,460.49,0,1.02816,0,0,1.85033,0.822165,1.028160,1,0,68.0453,0,0,0,68.0453,0
72.29,1.97812,0,0,2.98758,0.190343,0.81912,3.6288,61.308,0.0404778,0,0,0.996417,0.218176,0.737763,0.66528,12.849,1,0.351596,0.81912,0,54.5694,4.26489,50.772,0.84672,12.849,0.84672,3695.15,0,0,0,0.64571,1.26204,4.2077,1.03853,5.07692,0.42336,0,0.42336,460.49,0,1.02816,0,0,1.67387,0.64571,1.028160,1,0,56.5867,0,0,0,56.5867,0
72.29,1.97849,0,0,2.88822,0.190343,0.719392,3.6288,61.308,0.0406038,0,0,0.883552,0.218176,0.624772,0.66528,12.849,1,0.351661,0.719392,0,48.2113,4.26489,44.3141,0.84672,12.849,0.84672,3695.15,0,0,0,0.494061,1.26222,3.99809,1.03853,4.71585,0.42336,0,0.42336,460.49,0,1.02816,0,0,1.52222,0.494061,1.028160,1,0,49.6547,0,0,0,49.6547,0
72.1544,2.08491,0,0,2.51618,0.203984,0.36288,3.6288,61.308,0.0821703,0,0,0.829492,0.195705,0.551616,0.66528,12.849,1,0.370576,0.36288,0,45.8522,4.20759,41.6369,0.84672,12.849,0.84672,3695.15,0,0,0,0.43276,1.2624,3.63333,0.980591,4.34789,0.42336,0,0.42336,460.49,0,1.02816,0,0,1.46092,0.43276,1.028160,1,0,46.5364,0,0,0,46.5364,0
71.8001,2.0847,0,0,2.22229,0.129068,0.36288,3.6288,61.308,0.314918,0,0,0.712454,0.235519,0.162018,0.66528,12.849,1,0.371236,0.36288,0,37.1634,5.06824,32.0868,0.84672,12.849,0.84672,3695.15,0,0,0,0.402797,1.318,2.89268,1.18234,3.43114,0.42336,0,0.42336,460.49,0,0.795545,0,0,1.19834,0.402797,1.028160,1,0,35.68,0,0,0,35.68,0
71.351,2.08353,0,0,2.12606,0.128721,0.36288,3.6288,61.308,0.257629,0,0,0.680651,0.235519,0.187502,0.66528,12.849,1,0.372859,0.36288,0,34.2332,5.06824,29.1549,0.84672,12.849,0.84672,3695.15,0,0,0,0.30119,1.31819,2.79753,1.18234,3.23457,0.42336,0,0.42336,460.49,0,0.852967,0,0,1.15416,0.30119,1.028160,1,0,32.577,0,0,0,32.577,0
70.8137,2.08193,0,0,2.03577,0.12828,0.36288,3.6288,61.308,0.11795,0,0,0.691952,0.235519,0.338483,0.66528,12.849,1,0.374917,0.36288,0,32.6619,5.06824,27.5816,0.84672,12.849,0.84672,3695.15,0,0,0,0.30119,1.31837,2.66357,1.18234,3.10079,0.42336,0,0.42336,460.49,0,0.992779,0,0,1.29397,0.30119,1.028160,1,0,31.0209,0,0,0,31.0209,0
70.0892,2.0799,0,0,1.87521,0.156926,0.36288,3.6288,61.308,0.18195,0,0,0.648449,0.227618,0.238882,0.66528,12.849,1,0.377394,0.36288,0,30.5326,4.56056,25.9576,0.84672,12.849,0.84672,3695.15,0,0,0,0.30119,1.31856,2.43901,1.20192,2.85684,0.42336,0,0.42336,460.49,0,0.928912,0,0,1.2301,0.30119,1.028160,1,0,29.0533,0,0,0,29.0533,0
69.1325,2.0561,0,0,1.56797,0.105684,0.36288,3.6288,61.308,0.10563,0,0,0.691399,0.232075,0.353694,0.66528,12.849,1,0.376931,0.36288,0,30.4471,4.89573,25.5373,0.84672,12.849,0.84672,3695.15,0,0,0,0.331534,1.31875,3.37969,1.13354,3.89644,0.42336,0,0.42336,460.49,0,1.02816,0,0,1.35969,0.331534,1.028160,1,0,29.7874,0,0,0,29.7874,0
68.0386,2.05208,0,0,1.426,0.104903,0.36288,3.6288,61.308,0.105767,0,0,0.674188,0.232075,0.336346,0.66528,12.849,1,0.3814,0.36288,0,29.8512,4.89573,24.9369,0.84672,12.849,0.84672,3695.15,0,0,0,0.313917,1.33192,3.23836,1.13354,3.75065,0.42336,0,0.42336,460.49,0,1.02816,0,0,1.34208,0.313917,1.028160,1,0,29.0239,0,0,0,29.0239,0
66.8187,2.0473,0,0,1.2943,0.104011,0.36288,3.6288,61.308,0.204598,0,0,0.632502,0.232075,0.195829,0.66528,12.849,1,0.38663,0.36288,0,26.5999,4.89573,21.6804,0.84672,12.849,0.84672,3695.15,0,0,0,0.261274,1.33211,3.13267,1.13354,3.59251,0.42336,0,0.42336,460.49,0,0.929465,0,0,1.19074,0.261274,1.028160,1,0,25.4687,0,0,0,25.4687,0
65.571,2.04176,0,0,1.22795,0.0710798,0.36288,3.6288,61.308,0.200104,0,0,0.593296,0.308858,0.0843337,0.66528,12.849,1,0.392622,0.36288,0,23.9265,5.88378,18.013,0.84672,12.849,0.84672,3695.15,0,0,0,0.261274,1.3323,2.96887,1.4942,3.06824,0.42336,0,0.42336,460.49,0,0.934096,0,0,1.19537,0.261274,1.028160,1,0,21.1655,0,0,0,21.1655,0
64.044,2.0893,0,0,1.00127,0.076059,0.36288,3.6288,61.092,0.43949,0,0,0.535055,0.311558,0,0.66528,12.849,1,0.40941,0.36288,0,24.3874,5.88318,18.4576,0.84672,12.849,0.84672,3695.15,0,0,0,0.261274,1.33249,2.55418,1.48395,2.66399,0.42336,0,0.42336,460.49,0,0.715176,0,0,0.97645,0.261274,1.028160,1,0,21.1216,0,0,0,21.1216,0
62.3946,2.08155,0,0,0.874411,0.0793394,0.36288,3.6288,60.7342,0.529365,0,0,0.484684,0.313154,0,0.66528,12.849,1,0.417617,0.36288,0,18.3036,5.88273,12.3661,0.84672,12.849,0.84672,3695.15,0,0,0,0.261274,1.36035,2.14589,1.47626,2.29125,0.42336,0,0.42336,460.49,0,0.625441,0,0,0.886715,0.261274,1.028160,1,0,14.6574,0,0,0,14.6574,0
60.6813,2.07278,0,0,0.800651,0.0782802,0.36288,3.6288,60.2463,0.624372,0,0,0.448921,0.312445,0,0.66528,12.849,1,0.42685,0.36288,0,17.3974,5.88273,11.4507,0.84672,12.849,0.84672,3695.15,0,0,0,0.227405,1.36055,1.88622,1.47626,1.9979,0.42336,0,0.42336,460.49,0,0.530574,0,0,0.757979,0.227405,1.028160,1,0,13.4486,0,0,0,13.4486,0
59.0329,2.06322,0,0,0.845942,0.0682416,0.36288,3.6288,59.9721,0.472898,0,0,0.515349,0.316623,0,0.66528,12.849,1,0.436877,0.36288,0,17.0627,6.03228,10.9564,0.84672,12.849,0.84672,3695.15,0,0,0,0.227405,1.36074,2.49522,1.50614,2.57723,0.42336,0,0.42336,460.49,0,0.682188,0,0,0.909593,0.227405,1.028160,1,0,13.5337,0,0,0,13.5337,0
57.2056,2.20731,0,0,0.806235,0.0634257,0.36288,3.6288,59.6416,0.537598,0,0,0.489328,0.2822,0,0.66528,12.849,1,0.480439,0.36288,0,15.7521,6.06426,9.57028,0.84672,12.849,0.84672,3695.15,0,0,0,0.227405,1.36094,2.46161,1.5458,2.50415,0.42336,0,0.42336,460.49,0,0.691053,0,0,0.918458,0.227405,1.028160,1,0,12.0744,0,0,0,12.0744,0
55.106,2.19518,0,0,0.511447,0.0529719,0.36288,3.6288,58.9788,0.699785,0,0,0.346937,0.309956,0,0.66528,12.849,1,0.493062,0.36288,0,10.2318,6.27574,3.82591,0.84672,12.849,0.84672,3695.15,0,0,0,0.227405,1.45294,2.2187,1.6069,2.29215,0.42336,0,0.42336,460.49,0,0.529019,0,0,0.756423,0.227405,1.028160,1,0,6.11805,0,0,0,6.11805,0
53.2539,2.18035,0,0,0.743054,0.0518791,0.36288,3.6288,58.5263,0.542508,0,0,0.398643,0.308643,0,0.66528,12.849,1,0.508389,0.36288,0,11.6534,6.27574,5.23212,0.84672,12.849,0.84672,3695.15,0,0,0,0.204422,1.45315,2.45992,1.6069,2.5106,0.42336,0,0.42336,460.49,0,0.686448,0,0,0.89087,0.204422,1.028160,1,0,7.74271,0,0,0,7.74271,0
51.7185,2.1665,0,0,1.07096,0.0769536,0.36288,3.6288,58.2876,0.467821,0,0,0.527655,0.298534,0,0.66528,12.849,1,0.522728,0.36288,0,19.013,6.14433,12.7088,0.84672,12.849,0.84672,3695.15,0,0,0,0.204422,1.45336,2.73863,1.58038,2.81603,0.42336,0,0.42336,460.49,0,0.761288,0,0,0.96571,0.204422,1.028160,1,0,15.5249,0,0,0,15.5249,0
49.8638,2.15446,0,0,0.728048,0.0654737,0.36288,3.6288,57.8629,0.563679,0,0,0.432414,0.293494,0,0.66528,12.849,1,0.535256,0.36288,0,20.401,6.33528,13.8934,0.84672,12.849,0.84672,3695.15,0,0,0,0.204422,1.45357,1.93151,1.5778,2.0117,0.42336,0,0.42336,460.49,0,0.665582,0,0,0.870005,0.204422,1.028160,1,0,15.9051,0,0,0,15.9051,0
48.0578,2.06642,0,0,0.657127,0.0337668,0.36288,3.6288,57.4898,0.380876,0,0,0.339953,0.332093,0,0.66528,12.849,1,0.53248,0.36288,0,12.8578,6.03864,6.64955,0.84672,12.849,0.84672,3695.15,0,0,0,0.204422,1.45378,2.76448,1.62195,2.80073,0.42336,0,0.42336,460.49,0,0.803935,0,0,1.00836,0.204422,1.028160,1,0,9.45028,0,0,0,9.45028,0
46.2165,2.05101,0,0,0.648718,0.0761426,0.36288,3.6288,57.0096,0.495605,0,0,0.312794,0.297439,0,0.66528,12.849,1,0.548369,0.36288,0,10.6193,5.65791,4.77594,0.84672,12.849,0.84672,3695.15,0,0,0,0.216518,1.40242,2.31295,1.51552,2.41637,0.42336,0,0.42336,460.49,0,0.689351,0,0,0.905869,0.216518,1.028160,1,0,7.19231,0,0,0,7.19231,0
44.6057,2.03429,0,0,0.868778,0.0824536,0.36288,3.6288,56.9021,0.202379,0,0,0.384682,0.2898,0,0.66528,12.849,1,0.565568,0.36288,0,14.0911,5.6027,8.28568,0.84672,12.849,0.84672,3695.15,0,0,0,0.216518,1.40262,2.84285,1.49656,2.96543,0.42336,0,0.42336,460.49,0,0.982722,0,0,1.19924,0.216518,1.028160,1,0,11.2511,0,0,0,11.2511,0
43.2373,2.0188,0,0,1.09426,0.0809755,0.36288,3.6288,57.0321,0.157086,0,0,0.576731,0.289597,0,0.66528,12.849,1,0.581532,0.36288,0,28.68,5.6027,22.8586,0.84672,12.849,0.84672,3695.15,0,0,0,0.771155,1.40282,3.92679,1.49656,4.60421,0.42336,0,0.42336,460.49,0,1.02816,0,0,1.79931,0.771155,1.028160,1,0,27.4628,0,0,0,27.4628,0
41.7592,1.94717,0,0,0.955489,0.123542,0.36288,3.6288,57.0876,0.116605,0,0,0.409483,0.237464,0,0.66528,12.849,1,0.578648,0.36288,0,23.2504,4.85682,18.1778,0.84672,12.849,0.84672,3695.15,0,0,0,0.286213,1.40302,2.30209,1.27955,2.71178,0.42336,0,0.42336,460.49,0,1.02816,0,0,1.31437,0.286213,1.028160,1,0,20.8896,0,0,0,20.8896,0
41.2676,1.93186,0,0,1.9507,0.147549,0.36288,3.6288,57.0136,0.318954,0,0,0.42558,0.180566,0,0.66528,12.849,1,0.59442,0.36288,0,40.4394,3.89266,36.3152,0.84672,12.849,0.84672,3695.15,0,0,0,0.216518,1.35778,2.80605,0.976577,3.40377,0.42336,0,0.42336,460.49,0,0.82595,0,0,1.04247,0.216518,1.028160,1,0,39.719,0,0,0,39.719,0
42.7833,1.92682,0,0,3.95214,0.1467,0.36288,3.6288,57.6429,0.116882,0,0,0.926605,0.180479,0,0.66528,12.849,1,0.59993,0.36288,0,64.0592,3.89266,59.9295,0.84672,12.849,0.84672,3695.15,0,0,0,1.26769,1.35798,5.89715,0.976577,7.54623,0.42336,0,0.42336,460.49,0,1.02816,0,0,2.29585,1.26769,1.028160,1,0,67.4757,0,0,0,67.4757,0
42.9524,1.94352,0,0,2.62475,0.149319,0.36288,3.6288,58.2394,0.117021,0,0,0.894793,0.181217,0,0.66528,12.849,1,0.583692,0.36288,0,39.4273,3.89266,35.3138,0.84672,12.849,0.84672,3695.15,0,0,0,1.33799,1.35817,4.39223,0.976577,6.11182,0.42336,0,0.42336,460.49,0,1.02816,0,0,2.36615,1.33799,1.028160,1,0,41.4256,0,0,0,41.4256,0
43.9646,1.78159,0,0,3.34804,0.191312,0.36288,3.6288,58.5754,0.0324913,0,0,0.572063,0.203587,0,0.66528,12.849,1,0.532954,0.36288,0,52.2464,4.21467,47.8617,0.84672,12.849,0.84672,3695.15,0,0,0,0.564859,1.35837,7.55971,1.05297,8.42996,0.42336,0,0.42336,460.49,0,1.02816,0,0,1.59302,0.564859,1.028160,1,0,56.2916,0,0,0,56.2916,0
43.4336,1.79142,0,0,1.84091,0.217675,0.36288,3.6288,58.6614,0.0326161,0,0,0.358023,0.239424,0,0.66528,12.849,1,0.523555,0.36288,0,26.8517,4.52298,22.1681,0.84672,12.849,0.84672,3695.15,0,0,0,0.496938,1.2532,3.80479,1.13224,4.4227,0.42336,0,0.42336,460.49,0,1.02816,0,0,1.5251,0.496938,1.028160,1,0,26.5908,0,0,0,26.5908,0
43.2457,1.78681,0,0,2.17817,0.216356,0.36288,3.6288,58.8641,0.0327409,0,0,0.475002,0.239557,0,0.66528,12.849,1,0.528593,0.36288,0,31.8017,4.52298,27.113,0.84672,12.849,0.84672,3695.15,0,0,0,0.900426,1.25338,4.73916,1.13224,5.76073,0.42336,0,0.42336,460.49,0,1.02816,0,0,1.92859,0.900426,1.028160,1,0,32.8737,0,0,0,32.8737,0
42.7998,1.78537,0,0,1.9182,0.215889,0.36288,3.6288,58.8222,0.154647,0,0,0.352614,0.239869,0,0.66528,12.849,1,0.530463,0.36288,0,22.4004,4.52298,17.7098,0.84672,12.849,0.84672,3695.15,0,0,0,0.412474,1.25356,5.48274,1.13224,6.01653,0.42336,0,0.42336,460.49,0,0.906379,0,0,1.31885,0.412474,1.028160,1,0,23.7264,0,0,0,23.7264,0
42.6096,1.78145,0,0,2.14759,0.193388,0.36288,3.6288,59.1153,0.0329905,0,0,0.516942,0.190818,0,0.66528,12.849,1,0.534813,0.36288,0,26.8811,3.46975,23.2394,0.84672,12.849,0.84672,3695.15,0,0,0,0.735687,1.25374,4.7809,0.851121,5.9192,0.42336,0,0.42336,460.49,0,1.02816,0,0,1.76385,0.735687,1.028160,1,0,29.1586,0,0,0,29.1586,0
44.5182,1.84298,0,0,4.30378,0.189329,0.36288,3.6288,59.7902,0.0576507,0,0,0.956942,0.224397,0,0.66528,12.849,1,0.555754,0.36288,0,57.5833,3.79697,53.5934,0.84672,12.849,0.84672,3695.15,0,0,0,1.68493,1.25391,7.74262,1.07718,9.60429,0.42336,0,0.42336,460.49,0,1.02816,0,0,2.71309,1.68493,1.028160,1,0,63.1977,0,0,0,63.1977,0
46.1833,1.8618,0,0,4.08531,0.195524,0.36288,3.6288,60.5069,0.0577742,0,0,1.02108,0.2466,0,0.66528,12.849,1,0.53736,0.36288,0,62.8341,4.09636,58.5633,0.84672,12.849,0.84672,3695.15,0,0,0,1.83915,1.28842,8.1851,1.21258,10.1001,0.42336,0,0.42336,460.49,0,1.02816,0,0,2.86731,1.83915,1.028160,1,0,68.6634,0,0,0,68.6634,0
48.9746,1.87729,0,0,5.2307,0.199217,0.36288,3.6288,61.2364,0.0578977,0,0,1.03512,0.247728,0,0.66528,12.849,1,0.522295,0.36288,0,93.7986,4.09636,89.5428,0.84672,12.849,0.84672,3695.15,0,0,0,1.96295,1.2886,8.0905,1.21258,10.1295,0.42336,0,0.42336,460.49,0,1.02816,0,0,2.99111,1.96295,1.028160,1,0,99.6723,0,0,0,99.6723,0
49.9009,1.90121,0,0,3.3972,0.206802,0.36288,3.6288,61.308,0.0580213,0,0,0.73011,0.243272,0.357225,0.66528,12.849,1,0.498802,0.36288,0,52.9238,4.02954,48.7583,0.84672,12.849,0.84672,3695.15,0,0,0,0.91832,1.28877,6.72867,1.18679,7.74897,0.42336,0,0.42336,460.49,0,1.02816,0,0,1.94648,0.91832,1.028160,1,0,56.8645,0,0,0,56.8645,0
50.1843,2.11856,0,0,2.98248,0.2177,0.36288,3.6288,61.308,0.150315,0,0,0.667278,0.213771,0.303191,0.66528,12.849,1,0.545508,0.36288,0,42.8396,3.75177,38.9052,0.84672,12.849,0.84672,3695.15,0,0,0,0.68199,1.28895,7.26971,1.04761,8.19304,0.42336,0,0.42336,460.49,0,1.02816,0,0,1.71015,0.68199,1.028160,1,0,47.4015,0,0,0,47.4015,0
51.3598,2.12139,0,0,3.87914,0.219327,0.36288,3.6288,61.308,0.150454,0,0,1.38142,0.223848,1.00712,0.66528,12.849,1,0.543152,0.36288,0,51.6133,4.05972,47.3733,0.84672,12.849,0.84672,3695.15,0,0,0,1.81244,1.40974,7.37308,1.08643,9.50883,0.42336,0,0.42336,460.49,0,1.02816,0,0,2.8406,1.81244,1.028160,1,0,57.8892,0,0,0,57.8892,0
53.2715,2.1317,0,0,4.62829,0.222048,0.36288,3.6288,61.308,0.150592,0,0,1.00494,0.223848,0.630496,0.66528,12.849,1,0.533301,0.36288,0,68.1826,4.05972,63.9524,0.84672,12.849,0.84672,3695.15,0,0,0,1.79467,1.40993,8.95121,1.08643,11.0694,0.42336,0,0.42336,460.49,0,1.02816,0,0,2.82283,1.79467,1.028160,1,0,75.6523,0,0,0,75.6523,0
52.9998,2.1475,0,0,2.45496,0.216246,0.36288,3.6288,61.308,0.153434,0,0,0.646059,0.227968,0.264657,0.66528,12.849,1,0.517974,0.36288,0,34.6709,4.03473,30.481,0.84672,12.849,0.84672,3695.15,0,0,0,0.608429,1.41013,5.0649,1.06969,6.01376,0.42336,0,0.42336,460.49,0,1.02546,0,0,1.63388,0.608429,1.028160,1,0,36.7594,0,0,0,36.7594,0
55.272,1.8429,0,0,4.7068,0.228791,0.36288,3.6288,61.308,0.0270962,0,0,1.35893,0.216726,1.11511,0.66528,12.849,1,0.446783,0.36288,0,55.1391,3.86944,51.1858,0.84672,12.849,0.84672,3695.15,0,0,0,2.14842,1.41032,10.4169,0.97634,12.9993,0.42336,0,0.42336,460.49,0,1.02816,0,0,3.17658,2.14842,1.028160,1,0,65.3001,0,0,0,65.3001,0
60.4766,1.85814,0,0,7.75855,0.332971,0.36288,3.6288,61.308,0.0272149,0,0,2.70839,0.162876,2.5183,0.66528,12.849,1,0.431958,0.36288,0,122.393,3.61242,118.712,0.84672,12.849,0.84672,3695.15,0,0,0,3.75455,1.24438,15.5011,0.847573,19.6525,0.42336,0,0.42336,460.49,0,1.02816,0,0,4.78271,3.75455,1.028160,1,0,140.883,0,0,0,140.883,0
63.3178,1.88913,0,0,5.44347,0.35026,0.36288,3.6288,61.308,0.0273337,0,0,2.05216,0.162876,1.86195,0.66528,12.849,1,0.40137,0.36288,0,119.174,3.61242,115.523,0.84672,12.849,0.84672,3695.15,0,0,0,3.11071,1.24455,13.9992,0.847573,17.5069,0.42336,0,0.42336,460.49,0,1.02816,0,0,4.13887,3.11071,1.028160,1,0,134.892,0,0,0,134.892,0
66.3008,1.90444,0,0,5.55612,0.305769,0.36288,3.6288,61.308,0.0274525,0,0,1.55983,0.132794,1.39958,0.66528,12.849,1,0.386467,0.36288,0,103.692,3.17645,100.492,0.84672,12.849,0.84672,3695.15,0,0,0,2.38103,1.24471,12.7548,0.784946,15.5956,0.42336,0,0.42336,460.49,0,1.02816,0,0,3.40919,2.38103,1.028160,1,0,117.487,0,0,0,117.487,0
68.8917,1.91935,0,0,5.1647,0.291569,0.36288,3.6288,61.308,0.0275713,0,0,1.86307,0.120761,1.71474,0.66528,12.849,1,0.371968,0.36288,0,108.334,3.00206,105.322,0.84672,12.849,0.84672,3695.15,0,0,0,3.03234,1.24488,12.6586,0.759895,16.1759,0.42336,0,0.42336,460.49,0,1.02816,0,0,4.0605,3.03234,1.028160,1,0,123.213,0,0,0,123.213,0
72.29,2.01137,0,0,6.53664,0.321297,0.805687,3.6288,61.308,0.0579932,0,0,2.45707,0.126202,2.27287,0.66528,12.849,1,0.375141,0.805687,0,125.104,3.19853,122.336,0.84672,12.849,0.84672,3695.15,0,0,0,3.72085,1.24505,13.5448,0.711129,17.7995,0.42336,0,0.42336,460.49,0,1.02816,0,0,4.74901,3.72085,1.028160,1,0,142.408,0,0,0,142.408,0
72.29,2.02671,0,0,7.24941,0.333859,4.88884,3.6288,61.308,0.0581168,0,0,3.79841,0.127108,3.61319,0.66528,12.849,1,0.360232,4.88884,0,104.635,3.23127,105.932,0.84672,12.849,0.84672,3695.15,0,0,0,4.27448,1.28639,14.4574,0.703001,19.3153,0.42336,0,0.42336,460.49,0,1.02816,0,0,5.30264,4.27448,1.028160,1,0,128.861,0,0,0,128.861,0
72.29,2.02707,0,0,5.07014,0.333859,2.70922,3.6288,61.308,0.0582405,0,0,2.27602,0.127108,2.09067,0.66528,12.849,1,0.360296,2.70922,0,86.7776,3.23127,85.8952,0.84672,12.849,0.84672,3695.15,0,0,0,2.69451,1.28657,11.6419,0.703001,14.92,0.42336,0,0.42336,460.49,0,1.02816,0,0,3.72267,2.69451,1.028160,1,0,102.906,0,0,0,102.906,0
72.29,2.02743,0,0,4.38458,0.307075,2.05007,3.6288,61.308,0.0583641,0,0,1.80399,0.141381,1.60424,0.66528,12.849,1,0.36036,2.05007,0,82.4161,3.40578,80.7,0.84672,12.849,0.84672,3695.15,0,0,0,2.14635,1.28674,11.3294,0.737352,14.0251,0.42336,0,0.42336,460.49,0,1.02816,0,0,3.17451,2.14635,1.028160,1,0,96.3294,0,0,0,96.3294,0
72.29,1.9963,0,0,3.86173,0.270012,1.59541,3.6288,61.308,0.046711,0,0,1.59651,0.182855,1.36694,0.66528,12.849,1,0.354827,1.59541,0,67.7929,3.86712,65.1664,0.84672,12.849,0.84672,3695.15,0,0,0,2.0345,1.28692,8.69392,0.875485,11.1399,0.42336,0,0.42336,460.49,0,1.02816,0,0,3.06266,2.0345,1.028160,1,0,77.6732,0,0,0,77.6732,0
72.29,1.99666,0,0,2.81421,0.268999,0.548558,3.6288,61.308,0.0468328,0,0,0.79971,0.199687,0.55319,0.66528,12.849,1,0.35489,0.548558,0,53.2675,4.03861,49.4226,0.84672,12.849,0.84672,3695.15,0,0,0,0.753028,1.27105,5.04192,0.944734,6.12126,0.42336,0,0.42336,460.49,0,1.02816,0,0,1.78119,0.753028,1.028160,1,0,56.097,0,0,0,56.097,0
72.2013,1.99701,0,0,2.54023,0.268999,0.36288,3.6288,61.308,0.0469547,0,0,0.80225,0.199687,0.555608,0.66528,12.849,1,0.354954,0.36288,0,48.8826,4.03861,44.8519,0.84672,12.849,0.84672,3695.15,0,0,0,0.827124,1.27122,6.41799,0.944734,7.5716,0.42336,0,0.42336,460.49,0,1.02816,0,0,1.85528,0.827124,1.028160,1,0,52.9791,0,0,0,52.9791,0
72.29,1.997,0,0,3.92612,0.268818,1.57164,3.6288,61.308,0.0470766,0,0,0.97988,0.199687,0.733116,0.66528,12.849,1,0.355387,1.57164,0,61.4627,4.03861,58.6404,0.84672,12.849,0.84672,3695.15,0,0,0,1.11835,1.27139,5.78943,0.944734,7.23444,0.42336,0,0.42336,460.49,0,1.02816,0,0,2.14651,1.11835,1.028160,1,0,66.6079,0,0,0,66.6079,0
72.29,2.10467,0,0,2.69198,0.222731,0.364583,3.6288,61.308,0.0889888,0,0,0.912289,0.214758,0.608542,0.66528,12.849,1,0.374089,0.364583,0,52.6576,4.37956,48.2685,0.84672,12.849,0.84672,3695.15,0,0,0,0.862868,1.27156,5.16119,0.906979,6.38864,0.42336,0,0.42336,460.49,0,1.02816,0,0,1.89103,0.862868,1.028160,1,0,55.2657,0,0,0,55.2657,0
72.29,2.10504,0,0,2.76225,0.202967,0.454244,3.6288,61.308,0.0891173,0,0,0.768537,0.230526,0.448893,0.66528,12.849,1,0.374155,0.454244,0,47.0071,4.17107,42.9162,0.84672,12.849,0.84672,3695.15,0,0,0,0.691528,1.32763,4.9111,1.03983,5.89043,0.42336,0,0.42336,460.49,0,1.02816,0,0,1.71969,0.691528,1.028160,1,0,49.2555,0,0,0,49.2555,0
72.0874,2.10541,0,0,2.42228,0.1566,0.36288,3.6288,61.308,0.0892458,0,0,0.716835,0.230763,0.396826,0.66528,12.849,1,0.374221,0.36288,0,40.0727,4.18708,35.8742,0.84672,12.849,0.84672,3695.15,0,0,0,0.702,1.32781,4.55935,0.993423,5.59574,0.42336,0,0.42336,460.49,0,1.02816,0,0,1.73016,0.702,1.028160,1,0,41.8668,0,0,0,41.8668,0
71.8562,2.10489,0,0,2.39291,0.156359,0.36288,3.6288,61.308,0.0893744,0,0,0.773012,0.230763,0.452875,0.66528,12.849,1,0.37518,0.36288,0,38.8784,4.18708,34.679,0.84672,12.849,0.84672,3695.15,0,0,0,0.670317,1.32799,4.94019,0.993423,5.94507,0.42336,0,0.42336,460.49,0,1.02816,0,0,1.69848,0.670317,1.028160,1,0,41.0769,0,0,0,41.0769,0
71.4749,2.10424,0,0,2.24195,0.156084,0.36288,3.6288,61.308,0.089503,0,0,0.725363,0.230763,0.405097,0.66528,12.849,1,0.376271,0.36288,0,36.2748,4.18708,32.0743,0.84672,12.849,0.84672,3695.15,0,0,0,0.615609,1.32817,4.41729,0.993423,5.36765,0.42336,0,0.42336,460.49,0,1.02816,0,0,1.64377,0.615609,1.028160,1,0,37.8471,0,0,0,37.8471,0
71.005,2.08178,0,0,2.09587,0.121116,0.36288,3.6288,61.308,0.112618,0,0,0.618965,0.271006,0.235341,0.66528,12.849,1,0.374241,0.36288,0,31.5024,5.02877,26.4623,0.84672,12.849,0.84672,3695.15,0,0,0,0.338437,1.32835,3.82541,1.23917,4.25304,0.42336,0,0.42336,460.49,0,1.02816,0,0,1.3666,0.338437,1.028160,1,0,30.9506,0,0,0,30.9506,0
70.4555,2.08005,0,0,2.00842,0.114949,0.36288,3.6288,61.308,0.14916,0,0,0.577374,0.277713,0.150501,0.66528,12.849,1,0.376404,0.36288,0,30.7573,5.16905,25.5747,0.84672,12.849,0.84672,3695.15,0,0,0,0.261274,1.34162,3.83909,1.28012,4.16186,0.42336,0,0.42336,460.49,0,0.991751,0,0,1.25302,0.261274,1.028160,1,0,29.8871,0,0,0,29.8871,0
69.7365,2.07794,0,0,1.83626,0.114466,0.36288,3.6288,61.308,0.126284,0,0,0.563515,0.277713,0.159519,0.66528,12.849,1,0.378954,0.36288,0,30.323,5.16905,25.1379,0.84672,12.849,0.84672,3695.15,0,0,0,0.261274,1.34181,3.79189,1.28012,4.11485,0.42336,0,0.42336,460.49,0,1.01476,0,0,1.27603,0.261274,1.028160,1,0,29.4123,0,0,0,29.4123,0
68.863,2.07501,0,0,1.67822,0.113832,0.36288,3.6288,61.2453,0.311943,0,0,0.526973,0.277713,0,0.66528,12.849,1,0.382321,0.36288,0,28.5215,5.16905,23.333,0.84672,12.849,0.84672,3695.15,0,0,0,0.261274,1.34199,3.60831,1.28012,3.93145,0.42336,0,0.42336,460.49,0,0.829233,0,0,1.09051,0.261274,1.028160,1,0,27.2645,0,0,0,27.2645,0
67.7813,2.12557,0,0,1.51048,0.103709,0.36288,3.6288,60.9928,0.37891,0,0,0.434165,0.307803,0,0.66528,12.849,1,0.396606,0.36288,0,24.8975,5.62843,19.2354,0.84672,12.849,0.84672,3695.15,0,0,0,0.261274,1.34218,3.25533,1.40642,3.45235,0.42336,0,0.42336,460.49,0,0.782896,0,0,1.04417,0.261274,1.028160,1,0,22.6877,0,0,0,22.6877,0
66.5974,2.12063,0,0,1.40076,0.101196,0.36288,3.6288,60.6063,0.396024,0,0,0.331539,0.32197,0,0.66528,12.849,1,0.401998,0.36288,0,22.092,5.9116,16.1413,0.84672,12.849,0.84672,3695.15,0,0,0,0.261274,1.37027,2.80829,1.45461,2.98522,0.42336,0,0.42336,460.49,0,0.765919,0,0,1.02719,0.261274,1.028160,1,0,19.1265,0,0,0,19.1265,0
65.2934,2.11501,0,0,1.27412,0.100255,0.36288,3.6288,60.0735,0.523055,0,0,0.311417,0.321181,0,0.66528,12.849,1,0.408061,0.36288,0,20.3144,5.9116,14.3576,0.84672,12.849,0.84672,3695.15,0,0,0,0.227405,1.37046,2.57019,1.45461,2.71345,0.42336,0,0.42336,460.49,0,0.639023,0,0,0.866428,0.227405,1.028160,1,0,17.071,0,0,0,17.071,0
64.1738,2.10857,0,0,1.44156,0.0897156,0.36288,3.6288,59.9205,0.217689,0,0,0.378615,0.313952,0,0.66528,12.849,1,0.414944,0.36288,0,20.8908,6.0531,14.7857,0.84672,12.849,0.84672,3695.15,0,0,0,0.227405,1.37065,3.76803,1.49149,3.8746,0.42336,0,0.42336,460.49,0,0.944525,0,0,1.17193,0.227405,1.028160,1,0,18.6603,0,0,0,18.6603,0
62.8622,2.26019,0,0,1.39295,0.0814702,0.36288,3.6288,59.645,0.335063,0,0,0.348917,0.28932,0,0.66528,12.849,1,0.452539,0.36288,0,21.1663,6.14513,14.9315,0.84672,12.849,0.84672,3695.15,0,0,0,0.227405,1.37083,3.1119,1.53139,3.17875,0.42336,0,0.42336,460.49,0,0.901325,0,0,1.12873,0.227405,1.028160,1,0,18.1102,0,0,0,18.1102,0
61.2154,2.25274,0,0,1.10174,0.132858,0.36288,3.6288,58.7841,0.810228,0,0,0.254792,0.305479,0,0.66528,12.849,1,0.460459,0.36288,0,15.753,5.83979,9.8156,0.84672,12.849,0.84672,3695.15,0,0,0,0.227405,1.4636,1.88873,1.48336,2.09638,0.42336,0,0.42336,460.49,0,0.426306,0,0,0.653711,0.227405,1.028160,1,0,11.912,0,0,0,11.912,0
59.4862,2.2429,0,0,1.00765,0.13107,0.36288,3.6288,57.8935,0.828433,0,0,0.241684,0.303799,0,0.66528,12.849,1,0.47078,0.36288,0,15.7195,5.83979,9.77184,0.84672,12.849,0.84672,3695.15,0,0,0,0.204422,1.4638,1.84829,1.48336,2.03316,0.42336,0,0.42336,460.49,0,0.40825,0,0,0.612672,0.204422,1.028160,1,0,11.805,0,0,0,11.805,0
57.9773,2.23203,0,0,1.21507,0.129065,0.36288,3.6288,57.0589,0.780112,0,0,0.24758,0.302061,0,0.66528,12.849,1,0.482118,0.36288,0,15.6402,5.83979,9.68119,0.84672,12.849,0.84672,3695.15,0,0,0,0.204422,1.464,2.66714,1.48336,2.85221,0.42336,0,0.42336,460.49,0,0.456717,0,0,0.66114,0.204422,1.028160,1,0,12.5334,0,0,0,12.5334,0
56.3317,2.22215,0,0,1.06663,0.127193,0.36288,3.6288,56.2052,0.801539,0,0,0.248186,0.300432,0,0.66528,12.849,1,0.492476,0.36288,0,14.7582,5.83979,8.78878,0.84672,12.849,0.84672,3695.15,0,0,0,0.204422,1.46421,1.96066,1.48336,2.14593,0.42336,0,0.42336,460.49,0,0.435438,0,0,0.63986,0.204422,1.028160,1,0,10.9347,0,0,0,10.9347,0
54.3455,2.13586,0,0,0.680355,0.167822,0.36288,3.6288,55.1598,0.962256,0,0,0.214679,0.297757,0,0.66528,12.849,1,0.487179,0.36288,0,18.155,5.93803,12.0926,0.84672,12.849,0.84672,3695.15,0,0,0,0.204422,1.46441,1.44766,1.46927,1.64722,0.42336,0,0.42336,460.49,0,0.229895,0,0,0.434317,0.204422,1.028160,1,0,13.7399,0,0,0,13.7399,0
52.8584,2.12183,0,0,1.1758,0.178239,0.36288,3.6288,54.5083,0.735417,0,0,0.379136,0.295268,0,0.66528,12.849,1,0.501668,0.36288,0,26.3441,5.96179,20.2436,0.84672,12.849,0.84672,3695.15,0,0,0,0.216518,1.41261,2.41098,1.46667,2.57344,0.42336,0,0.42336,460.49,0,0.456875,0,0,0.673393,0.216518,1.028160,1,0,22.817,0,0,0,22.817,0
50.7363,2.11085,0,0,0.527223,0.175559,0.36288,3.6288,53.3646,1.06473,0,0,0.215099,0.294003,0,0.66528,12.849,1,0.513112,0.36288,0,20.0309,5.96179,13.9189,0.84672,12.849,0.84672,3695.15,0,0,0,0.216518,1.41281,1.23968,1.46667,1.40234,0.42336,0,0.42336,460.49,0,0.127703,0,0,0.344221,0.216518,1.028160,1,0,15.3212,0,0,0,15.3212,0
48.7461,2.09409,0,0,0.660299,0.193563,0.36288,3.6288,52.2983,1.04939,0,0,0.272185,0.289136,0,0.66528,12.849,1,0.53033,0.36288,0,19.1103,5.78133,13.1615,0.84672,12.849,0.84672,3695.15,0,0,0,0.216518,1.413,1.51663,1.43951,1.70664,0.42336,0,0.42336,460.49,0,0.143182,0,0,0.3597,0.216518,1.028160,1,0,14.8682,0,0,0,14.8682,0
47.7654,2.01748,0,0,1.63131,0.231621,0.36288,3.6288,51.97,0.486953,0,0,0.447126,0.288484,0,0.66528,12.849,1,0.531788,0.36288,0,18.4948,4.95327,13.3726,0.84672,12.849,0.84672,3695.15,0,0,0,0.216518,1.4132,3.22165,1.19266,3.65871,0.42336,0,0.42336,460.49,0,0.664796,0,0,0.881315,0.216518,1.028160,1,0,17.0313,0,0,0,17.0313,0
46.0584,2.00923,0,0,0.906673,0.241592,0.36288,3.6288,51.0671,0.902507,0,0,0.22759,0.227983,0,0.66528,12.849,1,0.540487,0.36288,0,14.5649,4.19806,10.1892,0.84672,12.849,0.84672,3695.15,0,0,0,0.216518,1.36757,1.92138,1.0788,2.42668,0.42336,0,0.42336,460.49,0,0.249376,0,0,0.465895,0.216518,1.028160,1,0,12.6159,0,0,0,12.6159,0
44.1786,1.99392,0,0,0.729138,0.252177,0.36288,3.6288,49.9847,1.03041,0,0,0.172452,0.224419,0,0.66528,12.849,1,0.556247,0.36288,0,11.3486,4.21753,6.93765,0.84672,12.849,0.84672,3695.15,0,0,0,0.292723,1.36776,1.65119,1.1036,2.20808,0.42336,0,0.42336,460.49,0,0.121607,0,0,0.41433,0.292723,1.028160,1,0,9.14573,0,0,0,9.14573,0
42.9552,1.97593,0,0,1.3624,0.246892,0.36288,3.6288,50.0571,0.17572,0,0,0.470511,0.222445,0,0.66528,12.849,1,0.574685,0.36288,0,22.6096,4.21753,18.1802,0.84672,12.849,0.84672,3695.15,0,0,0,0.292723,1.36795,3.64276,1.1036,4.19984,0.42336,0,0.42336,460.49,0,0.976431,0,0,1.26915,0.292723,1.028160,1,0,22.3801,0,0,0,22.3801,0
43.0428,1.79826,0,0,2.50079,0.252078,0.36288,3.6288,50.584,0.109651,0,0,0.851968,0.21534,0,0.66528,12.849,1,0.537906,0.36288,0,43.4708,4.10871,39.187,0.84672,12.849,0.84672,3695.15,0,0,0,0.292723,1.36814,4.76738,1.07277,5.35547,0.42336,0,0.42336,460.49,0,0.957267,0,0,1.24999,0.292723,1.028160,1,0,44.5425,0,0,0,44.5425,0
43.3296,1.79943,0,0,2.69534,0.24628,0.36288,3.6288,50.1811,0.449062,0,0,0.290504,0.244412,0,0.66528,12.849,1,0.537159,0.36288,0,53.1831,4.49515,48.5137,0.84672,12.849,0.84672,3695.15,0,0,0,0.292723,1.2621,4.21411,1.10846,4.66047,0.42336,0,0.42336,460.49,0,0.617976,0,0,0.910699,0.292723,1.028160,1,0,53.1741,0,0,0,53.1741,0
43.9831,1.80249,0,0,3.06603,0.247094,0.36288,3.6288,50.017,0.264114,0,0,0.343694,0.243609,0,0.66528,12.849,1,0.534512,0.36288,0,61.1332,4.49515,56.4664,0.84672,12.849,0.84672,3695.15,0,0,0,0.412474,1.26227,4.85877,1.10846,5.42506,0.42336,0,0.42336,460.49,0,0.803045,0,0,1.21552,0.412474,1.028160,1,0,61.8915,0,0,0,61.8915,0
43.4884,1.80896,0,0,1.92402,0.246896,0.36288,3.6288,49.224,0.741964,0,0,0.184303,0.235353,0,0.66528,12.849,1,0.528459,0.36288,0,40.6196,4.33893,36.1151,0.84672,12.849,0.84672,3695.15,0,0,0,0.412474,1.26244,3.16438,1.06353,3.77576,0.42336,0,0.42336,460.49,0,0.325316,0,0,0.737789,0.412474,1.028160,1,0,39.8908,0,0,0,39.8908,0
42.7988,1.80464,0,0,1.71111,0.233242,0.36288,3.6288,48.2483,0.940258,0,0,0.151059,0.186558,0,0.66528,12.849,1,0.533195,0.36288,0,36.9389,3.40158,33.367,0.84672,12.849,0.84672,3695.15,0,0,0,0.412474,1.26261,2.5391,0.793967,3.42022,0.42336,0,0.42336,460.49,0,0.127143,0,0,0.539616,0.412474,1.028160,1,0,36.7873,0,0,0,36.7873,0
42.7616,1.86197,0,0,2.44083,0.253138,0.36288,3.6288,48.1498,0.551036,0,0,0.656017,0.203489,0,0.66528,12.849,1,0.558999,0.36288,0,43.5867,4.36428,39.0263,0.84672,12.849,0.84672,3695.15,0,0,0,0.412474,1.26278,4.41011,1.11223,4.97313,0.42336,0,0.42336,460.49,0,0.541223,0,0,0.953696,0.412474,1.028160,1,0,43.9995,0,0,0,43.9995,0
42.8589,1.86191,0,0,2.59139,0.26933,0.36288,3.6288,48.3241,0.432412,0,0,0.823884,0.217136,0,0.66528,12.849,1,0.559467,0.36288,0,46.3915,5.08631,41.1086,0.84672,12.849,0.84672,3695.15,0,0,0,0.503194,1.29757,4.99445,1.35093,5.44428,0.42336,0,0.42336,460.49,0,0.659966,0,0,1.16316,0.503194,1.028160,1,0,46.5529,0,0,0,46.5529,0
42.5135,1.86321,0,0,2.15032,0.269633,0.36288,3.6288,48.191,0.596942,0,0,0.681264,0.217451,0,0.66528,12.849,1,0.558586,0.36288,0,41.77,5.08631,36.488,0.84672,12.849,0.84672,3695.15,0,0,0,0.503194,1.29774,4.35856,1.35093,4.80856,0.42336,0,0.42336,460.49,0,0.495556,0,0,0.998749,0.503194,1.028160,1,0,41.2965,0,0,0,41.2965,0
42.6315,1.86004,0,0,2.58727,0.246334,0.36288,3.6288,48.7239,0.36119,0,0,1.10023,0.206143,0,0.66528,12.849,1,0.562166,0.36288,0,45.2244,5.00681,40.0183,0.84672,12.849,0.84672,3695.15,0,0,0,0.503194,1.29791,5.61958,1.21383,6.20684,0.42336,0,0.42336,460.49,0,0.731428,0,0,1.23462,0.503194,1.028160,1,0,46.2251,0,0,0,46.2251,0
42.2544,2.06579,0,0,2.29096,0.239369,0.36288,3.6288,49.4175,0.376848,0,0,1.2732,0.202721,0,0.66528,12.849,1,0.622622,0.36288,0,49.7589,4.88304,44.6161,0.84672,12.849,0.84672,3695.15,0,0,0,0.503194,1.29808,5.60751,1.15011,6.25867,0.42336,0,0.42336,460.49,0,0.808816,0,0,1.31201,0.503194,1.028160,1,0,50.8748,0,0,0,50.8748,0
43.9123,2.06188,0,0,4.33053,0.247872,0.36288,3.6288,50.7712,0.157638,0,0,1.71589,0.204557,0,0.66528,12.849,1,0.626989,0.36288,0,79.3463,4.33125,74.7509,0.84672,12.849,0.84672,3695.15,0,0,0,0.562015,1.41985,8.14983,1.09681,9.03489,0.42336,0,0.42336,460.49,0,1.02816,0,0,1.59017,0.562015,1.028160,1,0,83.7858,0,0,0,83.7858,0
45.5945,2.08054,0,0,4.37823,0.252657,0.36288,3.6288,52.0007,0.157772,0,0,1.59414,0.206837,0,0.66528,12.849,1,0.608778,0.36288,0,77.4265,4.33125,72.8494,0.84672,12.849,0.84672,3695.15,0,0,0,0.74323,1.42004,5.71151,1.09681,6.77797,0.42336,0,0.42336,460.49,0,1.02816,0,0,1.77139,0.74323,1.028160,1,0,79.6273,0,0,0,79.6273,0
45.8915,2.09841,0,0,3.0158,0.257511,0.36288,3.6288,52.2641,0.536726,0,0,1.00896,0.208909,0,0.66528,12.849,1,0.591355,0.36288,0,53.3234,4.33125,48.7637,0.84672,12.849,0.84672,3695.15,0,0,0,0.608429,1.42023,5.42626,1.09681,6.35811,0.42336,0,0.42336,460.49,0,0.649339,0,0,1.25777,0.608429,1.028160,1,0,55.1218,0,0,0,55.1218,0
46.1522,1.8054,0,0,2.65949,0.230528,0.36288,3.6288,52.3101,0.612774,0,0,0.870731,0.21187,0,0.66528,12.849,1,0.505488,0.36288,0,56.1529,4.27422,51.7361,0.84672,12.849,0.84672,3695.15,0,0,0,0.608429,1.42042,5.87007,1.11984,6.77908,0.42336,0,0.42336,460.49,0,0.448641,0,0,1.05707,0.608429,1.028160,1,0,58.5152,0,0,0,58.5152,0
48.5247,1.80794,0,0,4.79045,0.247115,0.36288,3.6288,54.076,0.0333699,0,0,1.96328,0.164065,0,0.66528,12.849,1,0.503341,0.36288,0,96.0587,3.49944,92.4188,0.84672,12.849,0.84672,3695.15,0,0,0,1.11543,1.25311,11.6014,0.79701,13.173,0.42336,0,0.42336,460.49,0,1.02816,0,0,2.14359,1.11543,1.028160,1,0,105.592,0,0,0,105.592,0
51.1888,1.82771,0,0,5.10842,0.253644,0.36288,3.6288,55.3882,0.0334849,0,0,1.51208,0.166341,0,0.66528,12.849,1,0.483966,0.36288,0,77.8602,3.49944,74.2397,0.84672,12.849,0.84672,3695.15,0,0,0,0.761832,1.25327,9.85945,0.79701,11.0775,0.42336,0,0.42336,460.49,0,1.02816,0,0,1.78999,0.761832,1.028160,1,0,85.3172,0,0,0,85.3172,0
52.7784,1.84817,0,0,4.06158,0.26093,0.36288,3.6288,55.9781,0.389395,0,0,1.14707,0.167787,0,0.66528,12.849,1,0.463911,0.36288,0,88.5635,3.49944,84.963,0.84672,12.849,0.84672,3695.15,0,0,0,0.558835,1.25344,7.26149,0.79701,8.27675,0.42336,0,0.42336,460.49,0,0.672365,0,0,1.2312,0.558835,1.028160,1,0,93.2397,0,0,0,93.2397,0
53.0521,1.85972,0,0,2.75193,0.255702,0.36288,3.6288,56.0068,0.60138,0,0,0.792668,0.162624,0,0.66528,12.849,1,0.452752,0.36288,0,71.4433,3.41225,67.9412,0.84672,12.849,0.84672,3695.15,0,0,0,0.558835,1.2536,6.55767,0.784484,7.58562,0.42336,0,0.42336,460.49,0,0.460495,0,0,1.01933,0.558835,1.028160,1,0,75.5268,0,0,0,75.5268,0
54.0957,1.75558,0,0,3.41934,0.257283,0.36288,3.6288,55.9252,0.683765,0,0,0.746366,0.144198,0,0.66528,12.849,1,0.425195,0.36288,0,51.3269,2.81715,48.4474,0.84672,12.849,0.84672,3695.15,0,0,0,0.558835,1.25376,4.90685,0.652662,6.06678,0.42336,0,0.42336,460.49,0,0.34242,0,0,0.901256,0.558835,1.028160,1,0,54.5142,0,0,0,54.5142,0
56.2757,1.76251,0,0,4.5854,0.279981,0.36288,3.6288,56.6453,0.254579,0,0,1.14444,0.169807,0,0.66528,12.849,1,0.418639,0.36288,0,79.7443,3.1226,76.5659,0.84672,12.849,0.84672,3695.15,0,0,0,0.528595,1.20151,6.4333,0.829098,7.33431,0.42336,0,0.42336,460.49,0,0.771716,0,0,1.30031,0.528595,1.028160,1,0,83.9002,0,0,0,83.9002,0
56.8655,1.96141,0,0,3.20024,0.286167,0.36288,3.6288,56.4249,0.855534,0,0,0.805749,0.170607,0,0.66528,12.849,1,0.447834,0.36288,0,53.7919,3.1226,50.5843,0.84672,12.849,0.84672,3695.15,0,0,0,0.528595,1.20166,4.90386,0.829098,5.80502,0.42336,0,0.42336,460.49,0,0.237246,0,0,0.765841,0.528595,1.028160,1,0,56.3893,0,0,0,56.3893,0
58.2562,1.92838,0,0,3.96985,0.287841,0.36288,3.6288,57.8486,0.0514622,0,0,1.64554,0.170362,0,0.66528,12.849,1,0.435726,0.36288,0,90.7805,3.1226,87.585,0.84672,12.849,0.84672,3695.15,0,0,0,0.754091,1.29577,8.91692,0.829098,10.1377,0.42336,0,0.42336,460.49,0,1.02816,0,0,1.78225,0.754091,1.028160,1,0,97.7227,0,0,0,97.7227,0
58.795,1.90712,0,0,3.10266,0.293884,0.36288,3.6288,58.3792,0.419281,0,0,1.11453,0.164663,0,0.66528,12.849,1,0.420634,0.36288,0,57.8192,3.04071,54.7208,0.84672,12.849,0.84672,3695.15,0,0,0,0.528595,1.27715,5.64589,0.865692,6.58594,0.42336,0,0.42336,460.49,0,0.648786,0,0,1.17738,0.528595,1.028160,1,0,61.3067,0,0,0,61.3067,0
58.7355,1.94749,0,0,2.4904,0.239511,0.36288,3.6288,58.5389,0.581164,0,0,0.926364,0.18544,0,0.66528,12.849,1,0.425602,0.36288,0,42.7207,3.20061,39.4573,0.84672,12.849,0.84672,3695.15,0,0,0,0.528595,1.26141,4.29985,0.930551,5.15931,0.42336,0,0.42336,460.49,0,0.500101,0,0,1.0287,0.528595,1.028160,1,0,44.6166,0,0,0,44.6166,0
58.6146,1.94747,0,0,2.42881,0.239373,0.36288,3.6288,59.0647,0.324086,0,0,1.0355,0.18563,0,0.66528,12.849,1,0.426028,0.36288,0,41.3808,3.20061,38.1171,0.84672,12.849,0.84672,3695.15,0,0,0,0.402797,1.2801,5.08957,0.930551,5.84192,0.42336,0,0.42336,460.49,0,0.757296,0,0,1.16009,0.402797,1.028160,1,0,43.959,0,0,0,43.959,0
58.4534,1.94708,0,0,2.38785,0.239093,0.36288,3.6288,59.4328,0.478567,0,0,1.0329,0.186258,0,0.66528,12.849,1,0.426822,0.36288,0,40.035,3.20061,36.7704,0.84672,12.849,0.84672,3695.15,0,0,0,0.402797,1.28027,4.36547,0.930551,5.11799,0.42336,0,0.42336,460.49,0,0.602934,0,0,1.00573,0.402797,1.028160,1,0,41.8884,0,0,0,41.8884,0
58.0358,2.05054,0,0,2.21283,0.217078,0.36288,3.6288,59.5474,0.543485,0,0,0.829414,0.17129,0,0.66528,12.849,1,0.450741,0.36288,0,37.0455,2.74503,34.2126,0.84672,12.849,0.84672,3695.15,0,0,0,0.402797,1.28044,4.09318,0.928012,4.8484,0.42336,0,0.42336,460.49,0,0.580262,0,0,0.983059,0.402797,1.028160,1,0,39.061,0,0,0,39.061,0
57.2211,2.04823,0,0,1.78019,0.183758,0.36288,3.6288,59.3104,0.636161,0,0,0.616609,0.217507,0,0.66528,12.849,1,0.453474,0.36288,0,27.5699,4.28463,23.1947,0.84672,12.849,0.84672,3695.15,0,0,0,0.402797,1.33695,3.05353,1.10076,3.69252,0.42336,0,0.42336,460.49,0,0.487711,0,0,0.890508,0.402797,1.028160,1,0,26.8872,0,0,0,26.8872,0
56.2997,2.0433,0,0,1.64698,0.162153,0.36288,3.6288,59.1818,0.532959,0,0,0.626848,0.222465,0,0.66528,12.849,1,0.458824,0.36288,0,24.9766,4.44717,20.4335,0.84672,12.849,0.84672,3695.15,0,0,0,0.30119,1.33712,3.01294,1.07067,3.58059,0.42336,0,0.42336,460.49,0,0.591036,0,0,0.892227,0.30119,1.028160,1,0,24.0141,0,0,0,24.0141,0
55.3343,2.03754,0,0,1.59569,0.160685,0.36288,3.6288,59.0508,0.565562,0,0,0.656865,0.222282,0,0.66528,12.849,1,0.465017,0.36288,0,23.6993,4.44717,19.15,0.84672,12.849,0.84672,3695.15,0,0,0,0.30119,1.3373,3.12761,1.07067,3.69543,0.42336,0,0.42336,460.49,0,0.558559,0,0,0.859749,0.30119,1.028160,1,0,22.8455,0,0,0,22.8455,0
54.2753,2.0313,0,0,1.49436,0.159147,0.36288,3.6288,58.791,0.643671,0,0,0.605955,0.222095,0,0.66528,12.849,1,0.471681,0.36288,0,22.213,4.44717,17.657,0.84672,12.849,0.84672,3695.15,0,0,0,0.30119,1.33747,2.83382,1.07067,3.40182,0.42336,0,0.42336,460.49,0,0.480574,0,0,0.781765,0.30119,1.028160,1,0,21.0589,0,0,0,21.0589,0
53.2701,2.00388,0,0,1.49627,0.134757,0.36288,3.6288,58.944,0.241482,0,0,0.629124,0.234617,0,0.66528,12.849,1,0.474393,0.36288,0,29.7975,4.32267,25.3633,0.84672,12.849,0.84672,3695.15,0,0,0,0.30119,1.33765,3.02345,1.2046,3.45769,0.42336,0,0.42336,460.49,0,0.906059,0,0,1.20725,0.30119,1.028160,1,0,28.821,0,0,0,28.821,0
52.2359,1.99701,0,0,1.43275,0.107076,0.36288,3.6288,59.0387,0.285812,0,0,0.624721,0.244245,0,0.66528,12.849,1,0.481688,0.36288,0,28.2779,4.32684,23.8322,0.84672,12.849,0.84672,3695.15,0,0,0,0.261274,1.35102,2.35403,1.27493,2.69139,0.42336,0,0.42336,460.49,0,0.861857,0,0,1.12313,0.261274,1.028160,1,0,26.5236,0,0,0,26.5236,0
51.1657,1.98969,0,0,1.38838,0.105944,0.36288,3.6288,59.1016,0.292844,0,0,0.600165,0.244393,0,0.66528,12.849,1,0.489425,0.36288,0,26.047,4.32684,21.5936,0.84672,12.849,0.84672,3695.15,0,0,0,0.261274,1.3512,2.26888,1.27493,2.60642,0.42336,0,0.42336,460.49,0,0.854954,0,0,1.11623,0.261274,1.028160,1,0,24.2,0,0,0,24.2,0
50.0611,1.98185,0,0,1.34488,0.104773,0.36288,3.6288,59.1399,0.292246,0,0,0.57496,0.244492,0,0.66528,12.849,1,0.497691,0.36288,0,23.9738,4.32684,19.5121,0.84672,12.849,0.84672,3695.15,0,0,0,0.261274,1.35137,2.23246,1.27493,2.57018,0.42336,0,0.42336,460.49,0,0.85568,0,0,1.11695,0.261274,1.028160,1,0,22.0823,0,0,0,22.0823,0
48.8718,2.02512,0,0,1.29501,0.0963701,0.36288,3.6288,58.9851,0.442033,0,0,0.54802,0.260701,0,0.66528,12.849,1,0.519779,0.36288,0,23.5216,4.62204,18.7427,0.84672,12.849,0.84672,3695.15,0,0,0,0.261274,1.35155,2.13988,1.33125,2.42145,0.42336,0,0.42336,460.49,0,0.726684,0,0,0.987958,0.261274,1.028160,1,0,21.1641,0,0,0,21.1641,0
47.7573,2.01544,0,0,1.34129,0.077396,0.36288,3.6288,58.7753,0.44575,0,0,0.536648,0.300777,0,0.66528,12.849,1,0.529885,0.36288,0,24.2909,5.36004,18.7639,0.84672,12.849,0.84672,3695.15,0,0,0,0.261274,1.37986,2.02569,1.47205,2.19478,0.42336,0,0.42336,460.49,0,0.723099,0,0,0.984372,0.261274,1.028160,1,0,20.9587,0,0,0,20.9587,0
46.539,2.00604,0,0,1.22702,0.0764636,0.36288,3.6288,58.5488,0.430502,0,0,0.504388,0.300372,0,0.66528,12.849,1,0.53972,0.36288,0,22.8391,5.36004,17.3023,0.84672,12.849,0.84672,3695.15,0,0,0,0.227405,1.38005,2.06188,1.47205,2.19728,0.42336,0,0.42336,460.49,0,0.738478,0,0,0.965883,0.227405,1.028160,1,0,19.4996,0,0,0,19.4996,0
45.2163,1.9953,0,0,1.11098,0.0754444,0.36288,3.6288,58.2017,0.529086,0,0,0.481914,0.299934,0,0.66528,12.849,1,0.550886,0.36288,0,21.5101,5.36004,15.962,0.84672,12.849,0.84672,3695.15,0,0,0,0.227405,1.38023,1.9171,1.47205,2.05269,0.42336,0,0.42336,460.49,0,0.640025,0,0,0.86743,0.227405,1.028160,1,0,18.0147,0,0,0,18.0147,0
43.6309,2.13126,0,0,0.971594,0.0629005,0.36288,3.6288,57.7556,0.617708,0,0,0.478497,0.306882,0,0.66528,12.849,1,0.605634,0.36288,0,20.4822,5.58436,14.655,0.84672,12.849,0.84672,3695.15,0,0,0,0.227405,1.38041,1.93762,1.51687,2.02856,0.42336,0,0.42336,460.49,0,0.626167,0,0,0.853572,0.227405,1.028160,1,0,16.6836,0,0,0,16.6836,0
42.4196,2.11462,0,0,1.32045,0.0542753,0.36288,3.6288,57.1874,0.72471,0,0,0.502179,0.345595,0,0.66528,12.849,1,0.62274,0.36288,0,23.5633,5.79405,17.5094,0.84672,12.849,0.84672,3695.15,0,0,0,0.227405,1.47391,2.32464,1.36098,2.66497,0.42336,0,0.42336,460.49,0,0.519307,0,0,0.746712,0.227405,1.028160,1,0,20.1743,0,0,0,20.1743,0
41.2175,2.10132,0,0,1.3263,0.0641725,0.36288,3.6288,56.7128,0.637407,0,0,0.491035,0.328266,0,0.66528,12.849,1,0.636496,0.36288,0,21.9017,5.83024,15.7978,0.84672,12.849,0.84672,3695.15,0,0,0,0.204422,1.47411,2.6571,1.38447,2.95116,0.42336,0,0.42336,460.49,0,0.606753,0,0,0.811175,0.204422,1.028160,1,0,18.749,0,0,0,18.749,0
39.9445,2.08752,0,0,1.23862,0.0611626,0.36288,3.6288,56.5913,0.282826,0,0,0.487401,0.326086,0,0.66528,12.849,1,0.650756,0.36288,0,21.8163,5.91486,15.6136,0.84672,12.849,0.84672,3695.15,0,0,0,0.204422,1.4743,2.61035,1.40603,2.88305,0.42336,0,0.42336,460.49,0,0.961477,0,0,1.1659,0.204422,1.028160,1,0,18.4967,0,0,0,18.4967,0
38.6287,2.07218,0,0,1.17945,0.0602451,0.36288,3.6288,56.4368,0.305537,0,0,0.476821,0.325828,0,0.66528,12.849,1,0.666559,0.36288,0,20.78,5.91486,14.5614,0.84672,12.849,0.84672,3695.15,0,0,0,0.204422,1.4745,2.54338,1.40603,2.81628,0.42336,0,0.42336,460.49,0,0.938909,0,0,1.14333,0.204422,1.028160,1,0,17.3777,0,0,0,17.3777,0
37.6424,1.98585,0,0,1.38951,0.027071,0.36288,3.6288,56.4229,0.171095,0,0,0.51729,0.360022,0,0.66528,12.849,1,0.660549,0.36288,0,22.4289,6.65922,15.472,0.84672,12.849,0.84672,3695.15,0,0,0,0.346006,1.4747,2.9317,1.41173,3.34068,0.42336,0,0.42336,460.49,0,1.02816,0,0,1.37417,0.346006,1.028160,1,0,18.8127,0,0,0,18.8127,0
36.6859,1.97328,0,0,1.4349,0.0552777,0.36288,3.6288,56.4661,0.171231,0,0,0.549957,0.335527,0,0.66528,12.849,1,0.673566,0.36288,0,21.8924,5.94537,15.6363,0.84672,12.849,0.84672,3695.15,0,0,0,0.475485,1.42248,3.05203,1.09209,3.85791,0.42336,0,0.42336,460.49,0,1.02816,0,0,1.50365,0.475485,1.028160,1,0,19.4942,0,0,0,19.4942,0
35.8726,1.9606,0,0,1.61674,0.106572,0.36288,3.6288,56.7614,0.171367,0,0,0.770342,0.303699,0,0.66528,12.849,1,0.686689,0.36288,0,21.1103,5.08893,15.6975,0.84672,12.849,0.84672,3695.15,0,0,0,0.931738,1.42267,4.07585,0.905065,5.52519,0.42336,0,0.42336,460.49,0,1.02816,0,0,1.9599,0.931738,1.028160,1,0,21.2227,0,0,0,21.2227,0
34.9692,1.94947,0,0,1.51664,0.107692,0.36288,3.6288,57.0673,0.171503,0,0,0.78262,0.305261,0,0.66528,12.849,1,0.698269,0.36288,0,25.9835,5.10521,20.5429,0.84672,12.849,0.84672,3695.15,0,0,0,0.873426,1.42286,4.12391,0.914385,5.5058,0.42336,0,0.42336,460.49,0,1.02816,0,0,1.90159,0.873426,1.028160,1,0,26.0487,0,0,0,26.0487,0
34.5357,1.88086,0,0,1.92449,0.114221,0.36288,3.6288,57.5096,0.13035,0,0,0.876493,0.303805,0,0.66528,12.849,1,0.691101,0.36288,0,41.38,5.16594,35.8858,0.84672,12.849,0.84672,3695.15,0,0,0,1.17535,1.42305,4.67675,0.959002,6.31614,0.42336,0,0.42336,460.49,0,1.02816,0,0,2.20351,1.17535,1.028160,1,0,42.202,0,0,0,42.202,0
34.5199,1.87486,0,0,2.38151,0.159556,0.36288,3.6288,57.821,0.13048,0,0,0.734098,0.292257,0,0.66528,12.849,1,0.697541,0.36288,0,33.7567,5.53035,27.8916,0.84672,12.849,0.84672,3695.15,0,0,0,0.794724,1.37705,3.2117,1.22671,4.15677,0.42336,0,0.42336,460.49,0,1.02816,0,0,1.82288,0.794724,1.028160,1,0,32.0484,0,0,0,32.0484,0
34.3798,1.87494,0,0,2.2573,0.159525,0.36288,3.6288,58.1065,0.130609,0,0,0.709,0.292847,0,0.66528,12.849,1,0.697891,0.36288,0,28.6355,5.53035,22.7701,0.84672,12.849,0.84672,3695.15,0,0,0,0.71693,1.37723,5.27029,1.22671,6.13774,0.42336,0,0.42336,460.49,0,1.02816,0,0,1.74509,0.71693,1.028160,1,0,28.9078,0,0,0,28.9078,0
35.0916,1.87319,0,0,3.11824,0.170426,0.36288,3.6288,58.6276,0.130739,0,0,0.940524,0.288641,0,0.66528,12.849,1,0.70008,0.36288,0,48.9252,5.38737,43.2006,0.84672,12.849,0.84672,3695.15,0,0,0,1.25187,1.37741,5.04642,1.20594,6.46976,0.42336,0,0.42336,460.49,0,1.02816,0,0,2.28003,1.25187,1.028160,1,0,49.6704,0,0,0,49.6704,0
39.7453,1.72535,0,0,6.94201,0.200085,0.36288,3.6288,60.223,0.0448236,0,0,1.91784,0.277704,0,0.66528,12.849,1,0.631749,0.36288,0,59.3444,5.02992,54.0457,0.84672,12.849,0.84672,3695.15,0,0,0,2.24357,1.3776,9.27439,1.15403,11.7415,0.42336,0,0.42336,460.49,0,1.02816,0,0,3.27173,2.24357,1.028160,1,0,65.7872,0,0,0,65.7872,0
41.0906,1.78156,0,0,3.67863,0.18889,0.36288,3.6288,60.7114,0.0449403,0,0,0.747856,0.214493,0,0.66528,12.849,1,0.575948,0.36288,0,59.0496,4.14198,54.6945,0.84672,12.849,0.84672,3695.15,0,0,0,0.874679,1.27071,4.26011,0.943822,5.46167,0.42336,0,0.42336,460.49,0,1.02816,0,0,1.90284,0.874679,1.028160,1,0,60.1562,0,0,0,60.1562,0
42.16,1.79623,0,0,3.41664,0.188124,0.36288,3.6288,61.308,0.0450572,0,0,0.978212,0.204115,0.132416,0.66528,12.849,1,0.56168,0.36288,0,63.9312,3.99399,59.7385,0.84672,12.849,0.84672,3695.15,0,0,0,1.33923,1.27087,5.08702,0.908788,6.78834,0.42336,0,0.42336,460.49,0,1.02816,0,0,2.36739,1.33923,1.028160,1,0,66.6592,0,0,0,66.6592,0
43.2986,1.80746,0,0,3.49944,0.190498,0.36288,3.6288,61.308,0.045174,0,0,1.00488,0.204888,0.754822,0.66528,12.849,1,0.550855,0.36288,0,75.797,3.99399,71.615,0.84672,12.849,0.84672,3695.15,0,0,0,1.24011,1.27104,4.94885,0.908788,6.55121,0.42336,0,0.42336,460.49,0,1.02816,0,0,2.26827,1.24011,1.028160,1,0,78.9211,0,0,0,78.9211,0
49.1966,1.81894,0,0,8.29094,0.21109,0.36288,3.6288,61.308,0.0452909,0,0,1.94749,0.194506,1.70769,0.66528,12.849,1,0.539776,0.36288,0,103.509,4.57743,98.7546,0.84672,12.849,0.84672,3695.15,0,0,0,2.36279,1.27121,9.11822,1.04979,11.7024,0.42336,0,0.42336,460.49,0,1.02816,0,0,3.39095,2.36279,1.028160,1,0,112.165,0,0,0,112.165,0
55.3952,1.93668,0,0,8.72154,0.223403,0.36288,3.6288,61.308,0.0703412,0,0,1.83229,0.227163,1.53479,0.66528,12.849,1,0.505815,0.36288,0,141.088,4.89249,136.052,0.84672,12.849,0.84672,3695.15,0,0,0,3.06393,1.27137,11.0508,1.19539,14.1907,0.42336,0,0.42336,460.49,0,1.02816,0,0,4.09209,3.06393,1.028160,1,0,151.778,0,0,0,151.778,0
59.4912,1.98294,0,0,6.67164,0.229851,0.36288,3.6288,61.308,0.070457,0,0,2.22375,0.231662,1.92163,0.66528,12.849,1,0.459947,0.36288,0,117.73,4.35309,113.279,0.84672,12.849,0.84672,3695.15,0,0,0,3.73513,1.30642,13.3246,1.07401,17.2922,0.42336,0,0.42336,460.49,0,1.02816,0,0,4.76329,3.73513,1.028160,1,0,132.493,0,0,0,132.493,0
65.2904,2.00932,0,0,8.41071,0.239269,0.36288,3.6288,61.308,0.0705728,0,0,2.75822,0.231662,2.45599,0.66528,12.849,1,0.433975,0.36288,0,114.307,4.35309,109.883,0.84672,12.849,0.84672,3695.15,0,0,0,4.21724,1.30659,16.2992,1.07401,20.749,0.42336,0,0.42336,460.49,0,1.02816,0,0,5.2454,4.21724,1.028160,1,0,133.088,0,0,0,133.088,0
69.8785,2.04186,0,0,7.2695,0.276711,0.36288,3.6288,61.308,0.0706887,0,0,3.88682,0.213052,3.60308,0.66528,12.849,1,0.401833,0.36288,0,188.572,4.27221,184.261,0.84672,12.849,0.84672,3695.15,0,0,0,4.09282,1.30675,12.569,1.13854,16.8301,0.42336,0,0.42336,460.49,0,1.02816,0,0,5.12098,4.09282,1.028160,1,0,204.694,0,0,0,204.694,0
72.29,2.29076,0,0,5.5825,0.284229,0.595973,3.6288,61.308,0.164464,0,0,2.35389,0.185269,2.00416,0.66528,12.849,1,0.421217,0.595973,0,119.782,3.87061,116.086,0.84672,12.849,0.84672,3695.15,0,0,0,2.42321,1.30692,7.62057,0.952178,10.3985,0.42336,0,0.42336,460.49,0,1.02816,0,0,3.45137,2.42321,1.028160,1,0,128.488,0,0,0,128.488,0
72.29,2.30306,0,0,3.67206,0.325265,1.04373,3.6288,61.308,0.164593,0,0,2.49795,0.227479,2.10587,0.66528,12.849,1,0.409352,1.04373,0,111.456,4.46198,107.628,0.84672,12.849,0.84672,3695.15,0,0,0,2.67634,1.42965,8.93825,1.32167,11.7226,0.42336,0,0.42336,460.49,0,1.02816,0,0,3.7045,2.67634,1.028160,1,0,121.457,0,0,0,121.457,0
72.29,2.30344,0,0,5.57677,0.325265,2.94807,3.6288,61.308,0.164723,0,0,3.30878,0.227479,2.91658,0.66528,12.849,1,0.409418,2.94807,0,97.7607,4.46198,95.8374,0.84672,12.849,0.84672,3695.15,0,0,0,3.5967,1.42983,12.379,1.32167,16.0838,0.42336,0,0.42336,460.49,0,1.02816,0,0,4.62486,3.5967,1.028160,1,0,114.838,0,0,0,114.838,0
72.29,2.30381,0,0,6.51442,0.325265,3.88535,3.6288,61.308,0.164852,0,0,2.41035,0.227479,2.01802,0.66528,12.849,1,0.409484,3.88535,0,124.428,4.46198,123.442,0.84672,12.849,0.84672,3695.15,0,0,0,2.93501,1.43001,11.6832,1.32167,14.7265,0.42336,0,0.42336,460.49,0,1.02816,0,0,3.96317,2.93501,1.028160,1,0,140.187,0,0,0,140.187,0
72.29,1.97956,0,0,5.47918,0.359367,3.14024,3.6288,61.308,0.0392173,0,0,2.25356,0.206746,2.0076,0.66528,12.849,1,0.351853,3.14024,0,120.244,5.03465,117.997,0.84672,12.849,0.84672,3695.15,0,0,0,2.46682,1.43019,9.70108,1.4351,12.163,0.42336,0,0.42336,460.49,0,1.02816,0,0,3.49498,2.46682,1.028160,1,0,132.168,0,0,0,132.168,0
72.29,1.97989,0,0,4.94191,0.34298,2.61904,3.6288,61.308,0.0393286,0,0,2.78492,0.161858,2.58374,0.66528,12.849,1,0.35191,2.61904,0,112.125,3.59058,110.801,0.84672,12.849,0.84672,3695.15,0,0,0,3.82159,1.26156,12.0509,1.04149,16.0926,0.42336,0,0.42336,460.49,0,1.02816,0,0,4.84975,3.82159,1.028160,1,0,129.478,0,0,0,129.478,0
72.29,1.98022,0,0,5.42667,0.34298,3.10348,3.6288,61.308,0.03944,0,0,3.6046,0.161858,3.4033,0.66528,12.849,1,0.351968,3.10348,0,125.836,3.59058,124.997,0.84672,12.849,0.84672,3695.15,0,0,0,3.3037,1.26172,15.8104,1.04149,19.3344,0.42336,0,0.42336,460.49,0,1.02816,0,0,4.33186,3.3037,1.028160,1,0,147.735,0,0,0,147.735,0
72.29,1.98054,0,0,5.11007,0.322129,2.8074,3.6288,61.308,0.0395513,0,0,3.08361,0.191297,2.85276,0.66528,12.849,1,0.352026,2.8074,0,83.516,4.43276,81.5386,0.84672,12.849,0.84672,3695.15,0,0,0,2.76852,1.26188,11.2069,1.16187,14.0754,0.42336,0,0.42336,460.49,0,1.02816,0,0,3.79668,2.76852,1.028160,1,0,98.4667,0,0,0,98.4667,0
72.29,1.98087,0,0,4.41355,0.313789,2.1189,3.6288,61.308,0.0396627,0,0,2.26095,0.203072,2.01821,0.66528,12.849,1,0.352084,2.1189,0,80.7771,4.76963,77.7743,0.84672,12.849,0.84672,3695.15,0,0,0,2.50909,1.26204,9.1495,1.21002,11.7106,0.42336,0,0.42336,460.49,0,1.02816,0,0,3.53725,2.50909,1.028160,1,0,91.5031,0,0,0,91.5031,0
72.29,2.06296,0,0,4.94778,0.313432,2.57139,3.6288,61.308,0.0705632,0,0,3.28155,0.182897,3.02809,0.66528,12.849,1,0.366676,2.57139,0,108.888,3.98597,107.107,0.84672,12.849,0.84672,3695.15,0,0,0,3.73677,1.26219,12.1517,0.992693,16.158,0.42336,0,0.42336,460.49,0,1.02816,0,0,4.76493,3.73677,1.028160,1,0,126.293,0,0,0,126.293,0
72.29,2.0633,0,0,6.20798,0.313165,3.83151,3.6288,61.308,0.0706792,0,0,4.88341,0.167766,4.64497,0.66528,12.849,1,0.366736,3.83151,0,129.589,3.39822,129.655,0.84672,12.849,0.84672,3695.15,0,0,0,4.55417,1.30419,14.7004,0.829695,19.7291,0.42336,0,0.42336,460.49,0,1.02816,0,0,5.58233,4.55417,1.028160,1,0,154.029,0,0,0,154.029,0
72.29,2.06364,0,0,4.47326,0.313165,2.09645,3.6288,61.308,0.0707951,0,0,2.59069,0.167766,2.35213,0.66528,12.849,1,0.366796,2.09645,0,82.8852,3.39822,81.2167,0.84672,12.849,0.84672,3695.15,0,0,0,2.68142,1.30435,11.5223,0.829695,14.6784,0.42336,0,0.42336,460.49,0,1.02816,0,0,3.70958,2.68142,1.028160,1,0,98.2472,0,0,0,98.2472,0
72.29,2.06398,0,0,4.13751,0.313165,1.76037,3.6288,61.308,0.070911,0,0,2.92884,0.167766,2.69016,0.66528,12.849,1,0.366856,1.76037,0,95.1316,3.39822,93.1269,0.84672,12.849,0.84672,3695.15,0,0,0,2.79803,1.30452,11.9423,0.829695,15.2151,0.42336,0,0.42336,460.49,0,1.02816,0,0,3.82619,2.79803,1.028160,1,0,111.032,0,0,0,111.032,0
72.29,2.03232,0,0,3.76537,0.257636,1.47541,3.6288,61.308,0.0590618,0,0,2.6759,0.201011,2.41583,0.66528,12.849,1,0.36123,1.47541,0,82.5733,3.91176,79.7758,0.84672,12.849,0.84672,3695.15,0,0,0,2.79995,1.30468,11.9111,0.934626,15.0811,0.42336,0,0.42336,460.49,0,1.02816,0,0,3.82811,2.79995,1.028160,1,0,97.2727,0,0,0,97.2727,0
72.29,2.03266,0,0,3.87942,0.262991,1.58377,3.6288,61.308,0.0591761,0,0,2.29874,0.174326,2.06524,0.66528,12.849,1,0.361289,1.58377,0,71.2567,3.65154,68.8276,0.84672,12.849,0.84672,3695.15,0,0,0,2.35066,1.28854,10.1822,0.922854,12.8986,0.42336,0,0.42336,460.49,0,1.02816,0,0,3.37882,2.35066,1.028160,1,0,83.7914,0,0,0,83.7914,0
72.29,2.03299,0,0,3.8318,0.228623,1.57018,3.6288,61.308,0.0592903,0,0,2.12434,0.158674,1.90638,0.66528,12.849,1,0.361349,1.57018,0,71.4208,3.2049,69.4248,0.84672,12.849,0.84672,3695.15,0,0,0,2.31549,1.2887,7.85773,0.895847,10.5661,0.42336,0,0.42336,460.49,0,1.02816,0,0,3.34365,2.31549,1.028160,1,0,81.8972,0,0,0,81.8972,0
72.29,2.03332,0,0,3.31061,0.182909,1.09437,3.6288,61.308,0.0594046,0,0,2.03992,0.20801,1.77251,0.66528,12.849,1,0.361408,1.09437,0,59.0678,3.84195,55.9588,0.84672,12.849,0.84672,3695.15,0,0,0,1.92291,1.28886,6.8224,1.07406,8.96011,0.42336,0,0.42336,460.49,0,1.02816,0,0,2.95107,1.92291,1.028160,1,0,66.6914,0,0,0,66.6914,0
72.29,2.14231,0,0,3.16026,0.182909,0.835045,3.6288,61.308,0.101975,0,0,2.16668,0.20801,1.85669,0.66528,12.849,1,0.380779,0.835045,0,62.5614,3.84195,59.1737,0.84672,12.849,0.84672,3695.15,0,0,0,2.34137,1.28902,7.15513,1.07406,9.71146,0.42336,0,0.42336,460.49,0,1.02816,0,0,3.36953,2.34137,1.028160,1,0,70.7418,0,0,0,70.7418,0
72.29,2.14266,0,0,3.11044,0.178488,0.789299,3.6288,61.308,0.102096,0,0,1.85052,0.202786,1.54563,0.66528,12.849,1,0.380841,0.789299,0,54.7042,4.4688,50.6439,0.84672,12.849,0.84672,3695.15,0,0,0,1.81396,1.34597,6.83787,1.01065,8.98715,0.42336,0,0.42336,460.49,0,1.02816,0,0,2.84212,1.81396,1.028160,1,0,61.1767,0,0,0,61.1767,0
72.29,2.14301,0,0,2.83435,0.153517,0.53783,3.6288,61.308,0.102216,0,0,1.42315,0.186323,1.13462,0.66528,12.849,1,0.380903,0.53783,0,47.549,4.1177,43.5883,0.84672,12.849,0.84672,3695.15,0,0,0,1.68115,1.34614,6.37181,0.997541,8.40156,0.42336,0,0.42336,460.49,0,1.02816,0,0,2.70931,1.68115,1.028160,1,0,53.1244,0,0,0,53.1244,0
72.2501,2.14335,0,0,2.58914,0.122839,0.36288,3.6288,61.308,0.102337,0,0,1.41113,0.189972,1.11882,0.66528,12.849,1,0.380965,0.36288,0,42.4977,4.2314,38.2482,0.84672,12.849,0.84672,3695.15,0,0,0,1.68048,1.34631,6.08655,0.962014,8.15133,0.42336,0,0.42336,460.49,0,1.02816,0,0,2.70864,1.68048,1.028160,1,0,47.5183,0,0,0,47.5183,0
72.1587,2.14353,0,0,2.53779,0.122802,0.36288,3.6288,61.308,0.102457,0,0,1.52623,0.189972,1.2338,0.66528,12.849,1,0.381206,0.36288,0,40.7112,4.2314,36.4614,0.84672,12.849,0.84672,3695.15,0,0,0,1.62933,1.34648,6.55844,0.962014,8.57224,0.42336,0,0.42336,460.49,0,1.02816,0,0,2.65749,1.62933,1.028160,1,0,46.2675,0,0,0,46.2675,0
72.0447,2.12197,0,0,2.47361,0.102696,0.36288,3.6288,61.308,0.12593,0,0,1.36217,0.243345,0.992891,0.66528,12.849,1,0.37785,0.36288,0,38.0777,4.91252,33.1502,0.84672,12.849,0.84672,3695.15,0,0,0,1.34805,1.34665,5.75338,1.15067,7.29741,0.42336,0,0.42336,460.49,0,1.02816,0,0,2.37621,1.34805,1.028160,1,0,41.4405,0,0,0,41.4405,0
71.9309,2.12181,0,0,2.45852,0.087605,0.36288,3.6288,61.308,0.126054,0,0,1.29722,0.283375,0.88779,0.66528,12.849,1,0.378419,0.36288,0,37.3984,5.42336,31.9595,0.84672,12.849,0.84672,3695.15,0,0,0,1.17275,1.36012,5.85903,1.29216,7.09974,0.42336,0,0.42336,460.49,0,1.02816,0,0,2.20091,1.17275,1.028160,1,0,39.9471,0,0,0,39.9471,0
71.6316,2.12165,0,0,2.27276,0.0875292,0.36288,3.6288,61.308,0.126178,0,0,1.25413,0.283375,0.844578,0.66528,12.849,1,0.378989,0.36288,0,37.1726,5.42336,31.7331,0.84672,12.849,0.84672,3695.15,0,0,0,1.1355,1.36029,5.94092,1.29216,7.14456,0.42336,0,0.42336,460.49,0,1.02816,0,0,2.16366,1.1355,1.028160,1,0,39.7222,0,0,0,39.7222,0
71.1241,2.12065,0,0,2.06327,0.0873299,0.36288,3.6288,61.308,0.126302,0,0,1.18475,0.283375,0.775075,0.66528,12.849,1,0.380394,0.36288,0,36.0678,5.42336,30.6269,0.84672,12.849,0.84672,3695.15,0,0,0,0.923262,1.36046,5.58447,1.29216,6.57604,0.42336,0,0.42336,460.49,0,1.02816,0,0,1.95142,0.923262,1.028160,1,0,37.978,0,0,0,37.978,0
70.4172,2.17412,0,0,1.90874,0.0786325,0.36288,3.6288,61.308,0.147249,0,0,1.11145,0.298235,0.665965,0.66528,12.849,1,0.392768,0.36288,0,31.4137,5.64231,25.7415,0.84672,12.849,0.84672,3695.15,0,0,0,0.769997,1.36063,5.27922,1.35777,6.05208,0.42336,0,0.42336,460.49,0,1.02816,0,0,1.79816,0.769997,1.028160,1,0,32.4596,0,0,0,32.4596,0
70.0136,2.17114,0,0,2.19164,0.0611703,0.36288,3.6288,61.308,0.147376,0,0,1.30558,0.310615,0.84759,0.66528,12.849,1,0.396167,0.36288,0,36.1676,5.96799,30.1664,0.84672,12.849,0.84672,3695.15,0,0,0,0.814441,1.38916,4.88133,1.39081,5.69412,0.42336,0,0.42336,460.49,0,1.02816,0,0,1.8426,0.814441,1.028160,1,0,36.7081,0,0,0,36.7081,0
69.4973,2.16956,0,0,2.07712,0.0609803,0.36288,3.6288,61.308,0.147504,0,0,1.16802,0.310615,0.709906,0.66528,12.849,1,0.398161,0.36288,0,31.9569,5.96799,25.9537,0.84672,12.849,0.84672,3695.15,0,0,0,0.994032,1.38933,5.0984,1.39081,6.09095,0.42336,0,0.42336,460.49,0,1.02816,0,0,2.02219,0.994032,1.028160,1,0,32.7545,0,0,0,32.7545,0
68.848,2.16742,0,0,1.94174,0.0607372,0.36288,3.6288,61.308,0.147631,0,0,1.08068,0.310615,0.622437,0.66528,12.849,1,0.400723,0.36288,0,30.3864,5.96799,24.3805,0.84672,12.849,0.84672,3695.15,0,0,0,0.820022,1.38951,4.47365,1.39081,5.29237,0.42336,0,0.42336,460.49,0,1.02816,0,0,1.84818,0.820022,1.028160,1,0,30.2953,0,0,0,30.2953,0
68.0142,2.32617,0,0,1.91563,0.0604315,0.36288,3.6288,61.308,0.222964,0,0,1.16919,0.310615,0.635612,0.66528,12.849,1,0.434129,0.36288,0,28.1955,5.96799,22.1563,0.84672,12.849,0.84672,3695.15,0,0,0,0.944577,1.38969,5.05917,1.39081,6.00262,0.42336,0,0.42336,460.49,0,1.02816,0,0,1.97274,0.944577,1.028160,1,0,28.7945,0,0,0,28.7945,0
66.8435,2.32207,0,0,1.56978,0.0555254,0.36288,3.6288,61.308,0.223102,0,0,1.02496,0.304245,0.497616,0.66528,12.849,1,0.438677,0.36288,0,25.5477,6.12152,19.3504,0.84672,12.849,0.84672,3695.15,0,0,0,0.751568,1.4839,4.84215,1.38135,5.69626,0.42336,0,0.42336,460.49,0,1.02816,0,0,1.77973,0.751568,1.028160,1,0,25.5443,0,0,0,25.5443,0
65.317,2.316,0,0,1.21884,0.0663821,0.36288,3.6288,61.308,0.22324,0,0,0.84672,0.294445,0.329034,0.66528,12.849,1,0.445193,0.36288,0,21.4237,5.97355,15.3679,0.84672,12.849,0.84672,3695.15,0,0,0,0.532673,1.48409,3.9608,1.33574,4.64182,0.42336,0,0.42336,460.49,0,1.02816,0,0,1.56083,0.532673,1.028160,1,0,20.3387,0,0,0,20.3387,0
63.9048,2.30768,0,0,1.32391,0.0655801,0.36288,3.6288,61.308,0.223379,0,0,0.856751,0.294445,0.338927,0.66528,12.849,1,0.45396,0.36288,0,20.4755,5.97355,14.4109,0.84672,12.849,0.84672,3695.15,0,0,0,0.544285,1.48428,4.207,1.33574,4.89982,0.42336,0,0.42336,460.49,0,1.02816,0,0,1.57245,0.544285,1.028160,1,0,19.6496,0,0,0,19.6496,0
63.208,2.29969,0,0,2.04485,0.0791381,0.36288,3.6288,61.308,0.223517,0,0,1.03053,0.291227,0.515783,0.66528,12.849,1,0.462387,0.36288,0,33.0713,5.8845,27.0873,0.84672,12.849,0.84672,3695.15,0,0,0,0.856742,1.48447,4.44601,1.32482,5.4624,0.42336,0,0.42336,460.49,0,1.02816,0,0,1.8849,0.856742,1.028160,1,0,33.0655,0,0,0,33.0655,0
62.8165,2.21811,0,0,2.27317,0.0836666,0.36288,3.6288,61.308,0.177975,0,0,1.23099,0.299159,0.753859,0.66528,12.849,1,0.450901,0.36288,0,31.1958,6.19211,24.9157,0.84672,12.849,0.84672,3695.15,0,0,0,0.663206,1.48466,5.04026,1.36378,5.82435,0.42336,0,0.42336,460.49,0,1.02816,0,0,1.69137,0.663206,1.028160,1,0,31.4939,0,0,0,31.4939,0
61.2307,2.21614,0,0,1.08724,0.0939779,0.36288,3.6288,61.308,0.178106,0,0,0.971136,0.306015,0.487015,0.66528,12.849,1,0.453307,0.36288,0,21.2781,6.47191,14.7157,0.84672,12.849,0.84672,3695.15,0,0,0,0.23487,1.43203,4.8101,1.39962,5.07739,0.42336,0,0.42336,460.49,0,1.02816,0,0,1.26303,0.23487,1.028160,1,0,20.2801,0,0,0,20.2801,0
59.8428,2.20679,0,0,1.32017,0.138412,0.36288,3.6288,61.308,0.178238,0,0,0.984519,0.271511,0.534771,0.66528,12.849,1,0.463086,0.36288,0,19.3169,6.19584,13.0208,0.84672,12.849,0.84672,3695.15,0,0,0,0.255908,1.43222,3.55872,1.30479,3.94205,0.42336,0,0.42336,460.49,0,1.02816,0,0,1.28407,0.255908,1.028160,1,0,17.4977,0,0,0,17.4977,0
59.1742,2.19831,0,0,2.02931,0.136744,0.36288,3.6288,61.308,0.178369,0,0,1.66292,0.271511,1.21304,0.66528,12.849,1,0.472004,0.36288,0,35.8436,6.19584,29.5387,0.84672,12.849,0.84672,3695.15,0,0,0,1.21008,1.4324,6.87991,1.30479,8.2176,0.42336,0,0.42336,460.49,0,1.02816,0,0,2.23824,1.21008,1.028160,1,0,38.9693,0,0,0,38.9693,0
58.2341,2.13118,0,0,1.68986,0.135869,0.36288,3.6288,61.308,0.136896,0,0,1.32125,0.271511,0.912848,0.66528,12.849,1,0.462762,0.36288,0,53.1869,6.19584,46.8912,0.84672,12.849,0.84672,3695.15,0,0,0,0.739619,1.43258,4.84367,1.30479,5.71108,0.42336,0,0.42336,460.49,0,1.02816,0,0,1.76778,0.739619,1.028160,1,0,53.5151,0,0,0,53.5151,0
57.1548,2.12541,0,0,1.62912,0.220107,0.36288,3.6288,61.308,0.137022,0,0,0.845381,0.242,0.466359,0.66528,12.849,1,0.468958,0.36288,0,49.307,3.82694,45.374,0.84672,12.849,0.84672,3695.15,0,0,0,0.74291,1.38623,6.21083,1.07292,7.26704,0.42336,0,0.42336,460.49,0,1.02816,0,0,1.77107,0.74291,1.028160,1,0,53.1074,0,0,0,53.1074,0
56.4506,2.11852,0,0,1.99496,0.217796,0.36288,3.6288,61.308,0.137147,0,0,1.1154,0.242,0.736251,0.66528,12.849,1,0.476265,0.36288,0,55.5202,3.82694,51.5799,0.84672,12.849,0.84672,3695.15,0,0,0,0.776244,1.3864,6.47687,1.07292,7.5666,0.42336,0,0.42336,460.49,0,1.02816,0,0,1.8044,0.776244,1.028160,1,0,59.8827,0,0,0,59.8827,0
55.5964,2.11402,0,0,1.83898,0.216288,0.36288,3.6288,61.308,0.137273,0,0,1.41502,0.242,1.03575,0.66528,12.849,1,0.481183,0.36288,0,47.4562,3.82694,43.511,0.84672,12.849,0.84672,3695.15,0,0,0,1.36756,1.38658,8.93618,1.07292,10.6174,0.42336,0,0.42336,460.49,0,1.02816,0,0,2.39572,1.36756,1.028160,1,0,55.1641,0,0,0,55.1641,0
54.9896,1.93108,0,0,1.92873,0.241586,0.36288,3.6288,61.308,0.0506974,0,0,1.84545,0.251223,1.54353,0.66528,12.849,1,0.446296,0.36288,0,68.3429,3.11612,65.1434,0.84672,12.849,0.84672,3695.15,0,0,0,1.35276,1.38676,8.27213,0.921732,10.0899,0.42336,0,0.42336,460.49,0,1.02816,0,0,2.38092,1.35276,1.028160,1,0,76.7768,0,0,0,76.7768,0
54.5192,1.9274,0,0,2.08187,0.261922,0.36288,3.6288,61.308,0.0508104,0,0,2.13462,0.2301,1.85371,0.66528,12.849,1,0.450362,0.36288,0,70.3445,4.0529,66.2042,0.84672,12.849,0.84672,3695.15,0,0,0,1.72556,1.27905,9.52452,1.10846,11.4207,0.42336,0,0.42336,460.49,0,1.02816,0,0,2.75372,1.72556,1.028160,1,0,79.4785,0,0,0,79.4785,0
53.9924,1.92457,0,0,2.02822,0.267575,0.36288,3.6288,61.308,0.0509236,0,0,2.04092,0.221036,1.76896,0.66528,12.849,1,0.45358,0.36288,0,57.9544,4.475,53.3887,0.84672,12.849,0.84672,3695.15,0,0,0,2.64799,1.27921,14.8849,1.19323,17.6189,0.42336,0,0.42336,460.49,0,1.02816,0,0,3.67615,2.64799,1.028160,1,0,72.7766,0,0,0,72.7766,0
52.88,1.92132,0,0,1.43795,0.266152,0.36288,3.6288,61.308,0.0510367,0,0,0.770291,0.221036,0.498219,0.66528,12.849,1,0.45723,0.36288,0,48.7451,4.475,44.1757,0.84672,12.849,0.84672,3695.15,0,0,0,0.922432,1.27937,7.85322,1.19323,8.86179,0.42336,0,0.42336,460.49,0,1.02816,0,0,1.95059,0.922432,1.028160,1,0,53.5357,0,0,0,53.5357,0
51.8173,1.91389,0,0,1.46968,0.255646,0.36288,3.6288,61.308,0.0511499,0,0,0.854676,0.256122,0.547404,0.66528,12.849,1,0.465045,0.36288,0,43.5281,4.60444,38.8215,0.84672,12.849,0.84672,3695.15,0,0,0,0.62862,1.27953,6.09445,1.29312,6.70947,0.42336,0,0.42336,460.49,0,1.02816,0,0,1.65678,0.62862,1.028160,1,0,46.0784,0,0,0,46.0784,0
51.81,1.90625,0,0,2.51753,0.255694,0.36288,3.6288,61.308,0.0511499,0,0,0.85927,0.244421,0.563699,0.66528,12.849,1,0.472688,0.36288,0,77.9764,4.38197,73.4847,0.84672,12.849,0.84672,3695.15,0,0,0,0.531706,1.27969,6.90295,1.26402,7.45033,0.42336,0,0.42336,460.49,0,1.02816,0,0,1.55987,0.531706,1.028160,1,0,81.4987,0,0,0,81.4987,0
53.4935,1.97382,0,0,4.29034,0.270184,0.36288,3.6288,61.308,0.0763857,0,0,1.05471,0.180084,0.798241,0.66528,12.849,1,0.489512,0.36288,0,108.656,3.69631,104.833,0.84672,12.849,0.84672,3695.15,0,0,0,0.899303,1.27969,5.95837,1.09137,7.04599,0.42336,0,0.42336,460.49,0,1.02816,0,0,1.92746,0.899303,1.028160,1,0,112.677,0,0,0,112.677,0
55.6884,1.98655,0,0,4.81928,0.274903,0.36288,3.6288,61.308,0.0764977,0,0,1.52144,0.180084,1.26486,0.66528,12.849,1,0.477165,0.36288,0,99.7268,3.69631,95.9162,0.84672,12.849,0.84672,3695.15,0,0,0,1.53713,1.315,9.03891,1.09137,10.7997,0.42336,0,0.42336,460.49,0,1.02816,0,0,2.56529,1.53713,1.028160,1,0,107.981,0,0,0,107.981,0
58.9676,2.00215,0,0,5.92529,0.281056,0.36288,3.6288,61.308,0.0766098,0,0,1.17422,0.180084,0.917525,0.66528,12.849,1,0.461956,0.36288,0,67.3167,3.69631,63.5213,0.84672,12.849,0.84672,3695.15,0,0,0,1.19826,1.31516,7.01531,1.09137,8.43736,0.42336,0,0.42336,460.49,0,1.02816,0,0,2.22642,1.19826,1.028160,1,0,72.8762,0,0,0,72.8762,0
64.6274,2.02356,0,0,8.36127,0.315055,0.36288,3.6288,61.308,0.0767218,0,0,1.33794,0.208001,1.05322,0.66528,12.849,1,0.440932,0.36288,0,180.405,3.93752,176.389,0.84672,12.849,0.84672,3695.15,0,0,0,1.56161,1.31532,11.2317,1.16488,12.9437,0.42336,0,0.42336,460.49,0,1.02816,0,0,2.58977,1.56161,1.028160,1,0,190.386,0,0,0,190.386,0
66.4213,2.28124,0,0,4.7634,0.325334,0.36288,3.6288,61.308,0.171202,0,0,0.923262,0.201587,0.550473,0.66528,12.849,1,0.453549,0.36288,0,93.0957,4.06383,88.9412,0.84672,12.849,0.84672,3695.15,0,0,0,1.57572,1.31548,6.42918,1.12625,8.19413,0.42336,0,0.42336,460.49,0,1.02816,0,0,2.60388,1.57572,1.028160,1,0,97.6858,0,0,0,97.6858,0
66.8206,2.29186,0,0,3.38011,0.326087,0.36288,3.6288,61.308,0.205403,0,0,0.807875,0.20319,0.399281,0.66528,12.849,1,0.443354,0.36288,0,49.9233,4.06686,45.776,0.84672,12.849,0.84672,3695.15,0,0,0,0.503194,1.43913,3.84347,1.12419,4.6616,0.42336,0,0.42336,460.49,0,0.994084,0,0,1.49728,0.503194,1.028160,1,0,50.8368,0,0,0,50.8368,0
68.5708,2.29444,0,0,4.73457,0.327121,0.36288,3.6288,61.308,0.324691,0,0,0.793532,0.20319,0.265651,0.66528,12.849,1,0.4412,0.36288,0,71.7122,4.06686,67.567,0.84672,12.849,0.84672,3695.15,0,0,0,0.608429,1.4393,8.06706,1.12419,8.99059,0.42336,0,0.42336,460.49,0,0.874921,0,0,1.48335,0.608429,1.028160,1,0,76.8232,0,0,0,76.8232,0
71.023,2.30428,0,0,5.45088,0.331456,0.36288,3.6288,61.308,0.171578,0,0,1.30264,0.17968,0.951378,0.66528,12.849,1,0.431783,0.36288,0,148.726,3.86935,144.788,0.84672,12.849,0.84672,3695.15,0,0,0,1.10744,1.43948,7.5854,1.02888,9.10344,0.42336,0,0.42336,460.49,0,1.02816,0,0,2.1356,1.10744,1.028160,1,0,154.843,0,0,0,154.843,0
72.29,1.99108,0,0,7.54231,0.300996,3.98326,3.6288,61.308,0.0449893,0,0,1.37616,0.189583,1.14159,0.66528,12.849,1,0.360212,3.98326,0,113.988,3.74705,113.864,0.84672,12.849,0.84672,3695.15,0,0,0,1.31738,1.43966,9.75182,0.812306,11.6965,0.42336,0,0.42336,460.49,0,1.02816,0,0,2.34554,1.31738,1.028160,1,0,126.703,0,0,0,126.703,0
72.29,1.99675,0,0,4.58012,0.297769,2.2856,3.6288,61.308,0.0450969,0,0,1.30319,0.196458,1.06163,0.66528,12.849,1,0.354908,2.2856,0,74.075,3.77055,72.2352,0.84672,12.849,0.84672,3695.15,0,0,0,0.617388,1.26975,9.16488,0.79739,10.2546,0.42336,0,0.42336,460.49,0,1.02816,0,0,1.64555,0.617388,1.028160,1,0,83.5514,0,0,0,83.5514,0
72.29,1.99707,0,0,3.56108,0.297769,1.26624,3.6288,61.308,0.0452045,0,0,1.18598,0.196458,0.944316,0.66528,12.849,1,0.354964,1.26624,0,66.9584,3.77055,64.0992,0.84672,12.849,0.84672,3695.15,0,0,0,0.660623,1.2699,7.23021,0.79739,8.36334,0.42336,0,0.42336,460.49,0,1.02816,0,0,1.68878,0.660623,1.028160,1,0,73.4068,0,0,0,73.4068,0
72.29,1.99738,0,0,4.28855,0.297769,1.9934,3.6288,61.308,0.208427,0,0,1.14114,0.196458,0.736252,0.66528,12.849,1,0.35502,1.9934,0,69.7084,3.77055,67.5762,0.84672,12.849,0.84672,3695.15,0,0,0,0.558835,1.27005,8.91423,0.79739,9.94573,0.42336,0,0.42336,460.49,0,0.865045,0,0,1.42388,0.558835,1.028160,1,0,78.2582,0,0,0,78.2582,0
72.29,1.9977,0,0,4.32771,0.259215,2.07079,3.6288,61.308,0.114436,0,0,1.03515,0.184918,0.735796,0.66528,12.849,1,0.355076,2.07079,0,81.8381,4.26724,79.2866,0.84672,12.849,0.84672,3695.15,0,0,0,0.558835,1.2702,7.97541,0.8514,8.95305,0.42336,0,0.42336,460.49,0,0.959144,0,0,1.51798,0.558835,1.028160,1,0,88.9754,0,0,0,88.9754,0
72.29,2.0804,0,0,4.68866,0.275601,2.33266,3.6288,61.308,0.261064,0,0,0.824826,0.192871,0.370891,0.66528,12.849,1,0.369775,2.33266,0,90.0469,4.63596,87.3739,0.84672,12.849,0.84672,3695.15,0,0,0,0.558835,1.27036,7.92616,0.883174,8.87218,0.42336,0,0.42336,460.49,0,0.843644,0,0,1.40248,0.558835,1.028160,1,0,96.6169,0,0,0,96.6169,0
72.29,2.08072,0,0,5.8578,0.285177,3.4919,3.6288,61.308,0.0766602,0,0,1.19147,0.205665,0.909149,0.66528,12.849,1,0.369833,3.4919,0,114.292,4.26594,113.148,0.84672,12.849,0.84672,3695.15,0,0,0,0.889721,1.31266,11.1323,0.882568,12.4521,0.42336,0,0.42336,460.49,0,1.02816,0,0,1.91788,0.889721,1.028160,1,0,126.509,0,0,0,126.509,0
72.29,2.08105,0,0,7.0587,0.285177,4.69247,3.6288,61.308,0.0767723,0,0,1.43354,0.205665,1.1511,0.66528,12.849,1,0.369891,4.69247,0,139.457,4.26594,139.514,0.84672,12.849,0.84672,3695.15,0,0,0,1.55251,1.31282,12.5822,0.882568,14.5649,0.42336,0,0.42336,460.49,0,1.02816,0,0,2.58067,1.55251,1.028160,1,0,155.23,0,0,0,155.23,0
72.29,2.08138,0,0,5.36433,0.27298,3.00998,3.6288,61.308,0.0768843,0,0,1.09068,0.20688,0.806915,0.66528,12.849,1,0.369949,3.00998,0,102.129,4.28937,100.48,0.84672,12.849,0.84672,3695.15,0,0,0,0.729026,1.31298,10.4712,0.898125,11.615,0.42336,0,0.42336,460.49,0,1.02816,0,0,1.75719,0.729026,1.028160,1,0,112.902,0,0,0,112.902,0
72.29,2.04947,0,0,5.28448,0.199799,3.03521,3.6288,61.308,0.0649416,0,0,0.955869,0.21417,0.676758,0.66528,12.849,1,0.364278,3.03521,0,108.072,4.42995,106.313,0.84672,12.849,0.84672,3695.15,0,0,0,0.815011,1.31314,10.929,0.991466,12.0657,0.42336,0,0.42336,460.49,0,1.02816,0,0,1.84317,0.815011,1.028160,1,0,119.055,0,0,0,119.055,0
72.29,2.0498,0,0,4.23522,0.199799,1.98563,3.6288,61.308,0.218378,0,0,0.717535,0.21417,0.284987,0.66528,12.849,1,0.364336,1.98563,0,76.0372,4.42995,73.2285,0.84672,12.849,0.84672,3695.15,0,0,0,0.528595,1.29687,5.81985,0.991466,6.65385,0.42336,0,0.42336,460.49,0,0.874835,0,0,1.40343,0.528595,1.028160,1,0,80.1674,0,0,0,80.1674,0
72.29,2.05012,0,0,3.70869,0.199799,1.45877,3.6288,61.308,0.25926,0,0,0.68091,0.21417,0.20748,0.66528,12.849,1,0.364393,1.45877,0,66.9419,4.42995,63.6063,0.84672,12.849,0.84672,3695.15,0,0,0,0.402797,1.29702,5.42656,0.991466,6.13491,0.42336,0,0.42336,460.49,0,0.834062,0,0,1.23686,0.402797,1.028160,1,0,69.9487,0,0,0,69.9487,0
72.29,2.05044,0,0,3.33376,0.199799,1.08352,3.6288,61.2986,0.398561,0,0,0.603339,0.21417,0,0.66528,12.849,1,0.36445,1.08352,0,57.8459,4.42995,54.135,0.84672,12.849,0.84672,3695.15,0,0,0,0.402797,1.29718,4.74841,0.991466,5.45692,0.42336,0,0.42336,460.49,0,0.694872,0,0,1.09767,0.402797,1.028160,1,0,59.592,0,0,0,59.592,0
72.29,2.16022,0,0,3.36208,0.1757,1.02616,3.6288,61.308,0.220399,0,0,0.641415,0.220611,0.191014,0.66528,12.849,1,0.383963,1.02616,0,56.148,4.32811,52.4621,0.84672,12.849,0.84672,3695.15,0,0,0,0.402797,1.29734,5.06479,0.986292,5.77864,0.42336,0,0.42336,460.49,0,0.915918,0,0,1.31871,0.402797,1.028160,1,0,58.4317,0,0,0,58.4317,0
72.29,2.16056,0,0,3.36877,0.17211,1.0361,3.6288,61.308,0.255101,0,0,0.621271,0.23117,0.135,0.66528,12.849,1,0.384023,1.0361,0,51.9227,4.45253,48.1222,0.84672,12.849,0.84672,3695.15,0,0,0,0.402797,1.3547,5.09023,1.02611,5.82162,0.42336,0,0.42336,460.49,0,0.881332,0,0,1.28413,0.402797,1.028160,1,0,54.0789,0,0,0,54.0789,0
72.29,2.1609,0,0,2.99811,0.143317,0.693899,3.6288,61.308,0.20762,0,0,0.58969,0.250056,0.132014,0.66528,12.849,1,0.384083,0.693899,0,45.9345,4.66672,41.5776,0.84672,12.849,0.84672,3695.15,0,0,0,0.30119,1.35486,4.95171,1.08084,5.52693,0.42336,0,0.42336,460.49,0,0.92893,0,0,1.23012,0.30119,1.028160,1,0,47.2365,0,0,0,47.2365,0
72.29,2.16124,0,0,2.83853,0.121723,0.555566,3.6288,61.308,0.280382,0,0,0.56511,0.264222,0.020507,0.66528,12.849,1,0.384143,0.555566,0,43.7683,4.82738,39.1124,0.84672,12.849,0.84672,3695.15,0,0,0,0.30119,1.35503,4.89706,1.12188,5.43139,0.42336,0,0.42336,460.49,0,0.856284,0,0,1.15747,0.30119,1.028160,1,0,44.5643,0,0,0,44.5643,0
72.29,2.16157,0,0,2.76788,0.118047,0.488263,3.6288,61.308,0.190072,0,0,0.637559,0.268943,0.178543,0.66528,12.849,1,0.384203,0.488263,0,43.8048,4.98892,38.9199,0.84672,12.849,0.84672,3695.15,0,0,0,0.30119,1.35519,4.64822,1.16698,5.13762,0.42336,0,0.42336,460.49,0,0.946711,0,0,1.2479,0.30119,1.028160,1,0,44.2361,0,0,0,44.2361,0
72.29,2.14025,0,0,2.72694,0.113146,0.473543,3.6288,61.308,0.132265,0,0,0.722684,0.275239,0.31518,0.66528,12.849,1,0.380413,0.473543,0,43.9635,5.20432,38.8523,0.84672,12.849,0.84672,3695.15,0,0,0,0.311731,1.35536,4.13385,1.22711,4.57383,0.42336,0,0.42336,460.49,0,1.02816,0,0,1.33989,0.311731,1.028160,1,0,43.7413,0,0,0,43.7413,0
72.1666,2.14058,0,0,2.49318,0.113146,0.36288,3.6288,61.308,0.132385,0,0,0.705344,0.275239,0.29772,0.66528,12.849,1,0.380473,0.36288,0,43.3429,5.20432,38.121,0.84672,12.849,0.84672,3695.15,0,0,0,0.336338,1.36892,4.08304,1.22711,4.56118,0.42336,0,0.42336,460.49,0,1.02816,0,0,1.3645,0.336338,1.028160,1,0,42.9799,0,0,0,42.9799,0
71.8289,2.14037,0,0,2.2786,0.11304,0.36288,3.6288,61.308,0.255823,0,0,0.659604,0.275239,0.128541,0.66528,12.849,1,0.381085,0.36288,0,40.7678,5.20432,35.5453,0.84672,12.849,0.84672,3695.15,0,0,0,0.261274,1.36908,3.88535,1.22711,4.28859,0.42336,0,0.42336,460.49,0,0.904841,0,0,1.16611,0.261274,1.028160,1,0,39.9624,0,0,0,39.9624,0
71.3283,2.13918,0,0,2.09522,0.0937766,0.36288,3.6288,61.308,0.255166,0,0,0.625071,0.319115,0.0507905,0.66528,12.849,1,0.382664,0.36288,0,36.5011,5.76893,30.7124,0.84672,12.849,0.84672,3695.15,0,0,0,0.261274,1.36925,3.6994,1.4332,3.89672,0.42336,0,0.42336,460.49,0,0.905619,0,0,1.16689,0.261274,1.028160,1,0,34.6599,0,0,0,34.6599,0
70.9706,2.1931,0,0,2.27752,0.079174,0.36288,3.6288,61.2012,0.350153,0,0,0.587076,0.343715,0,0.66528,12.849,1,0.395063,0.36288,0,33.6311,6.1656,27.4333,0.84672,12.849,0.84672,3695.15,0,0,0,0.261274,1.36942,3.41385,1.58459,3.45995,0.42336,0,0.42336,460.49,0,0.83173,0,0,1.093,0.261274,1.028160,1,0,30.8933,0,0,0,30.8933,0
70.3508,2.19176,0,0,2.01374,0.0789576,0.36288,3.6288,60.9469,0.463512,0,0,0.552671,0.343483,0,0.66528,12.849,1,0.39681,0.36288,0,31.7693,6.1656,25.5697,0.84672,12.849,0.84672,3695.15,0,0,0,0.261274,1.39814,3.20261,1.58459,3.27744,0.42336,0,0.42336,460.49,0,0.718494,0,0,0.979767,0.261274,1.028160,1,0,28.8472,0,0,0,28.8472,0
69.5496,2.18914,0,0,1.81975,0.068924,0.36288,3.6288,60.687,0.459021,0,0,0.547211,0.348099,0,0.66528,12.849,1,0.399829,0.36288,0,30.1152,6.31515,23.7631,0.84672,12.849,0.84672,3695.15,0,0,0,0.227405,1.39831,3.19552,1.61447,3.20677,0.42336,0,0.42336,460.49,0,0.723108,0,0,0.950512,0.227405,1.028160,1,0,26.9698,0,0,0,26.9698,0
68.4272,2.18559,0,0,1.49439,0.0683124,0.36288,3.6288,60.4092,0.472492,0,0,0.535423,0.340739,0,0.66528,12.849,1,0.40378,0.36288,0,28.3307,6.34532,21.9445,0.84672,12.849,0.84672,3695.15,0,0,0,0.227405,1.39849,3.05765,1.51089,3.17265,0.42336,0,0.42336,460.49,0,0.709759,0,0,0.937164,0.227405,1.028160,1,0,25.1172,0,0,0,25.1172,0
67.0939,2.34298,0,0,1.43296,0.0604099,0.36288,3.6288,59.9568,0.613082,0,0,0.494618,0.333862,0,0.66528,12.849,1,0.439956,0.36288,0,24.9238,6.32505,18.5217,0.84672,12.849,0.84672,3695.15,0,0,0,0.227405,1.39866,2.78604,1.49143,2.92067,0.42336,0,0.42336,460.49,0,0.645054,0,0,0.872459,0.227405,1.028160,1,0,21.4424,0,0,0,21.4424,0
65.6558,2.336,0,0,1.31226,0.0514365,0.36288,3.6288,59.3915,0.682033,0,0,0.447309,0.330658,0,0.66528,12.849,1,0.447363,0.36288,0,21.677,6.35282,15.2397,0.84672,12.849,0.84672,3695.15,0,0,0,0.227405,1.49356,2.54595,1.49911,2.7678,0.42336,0,0.42336,460.49,0,0.576236,0,0,0.803641,0.227405,1.028160,1,0,18.0075,0,0,0,18.0075,0
64.3111,2.32817,0,0,1.39719,0.0508522,0.36288,3.6288,58.834,0.671618,0,0,0.443652,0.329466,0,0.66528,12.849,1,0.455628,0.36288,0,20.2495,6.35282,13.8039,0.84672,12.849,0.84672,3695.15,0,0,0,0.204422,1.49374,2.6833,1.49911,2.88235,0.42336,0,0.42336,460.49,0,0.586786,0,0,0.791208,0.204422,1.028160,1,0,16.6863,0,0,0,16.6863,0
63.6649,2.32059,0,0,2.09712,0.059871,0.36288,3.6288,58.5207,0.515384,0,0,0.528259,0.326179,0,0.66528,12.849,1,0.46364,0.36288,0,29.9017,6.29345,23.5075,0.84672,12.849,0.84672,3695.15,0,0,0,0.204422,1.49393,2.85158,1.49183,3.0581,0.42336,0,0.42336,460.49,0,0.743152,0,0,0.947575,0.204422,1.028160,1,0,26.5655,0,0,0,26.5655,0
63.7536,2.31703,0,0,2.83859,0.0699357,0.36288,3.6288,58.6222,0.337785,0,0,0.745792,0.306554,0,0.66528,12.849,1,0.467629,0.36288,0,33.2594,5.89119,27.2635,0.84672,12.849,0.84672,3695.15,0,0,0,0.204422,1.49411,3.62174,1.40221,3.91806,0.42336,0,0.42336,460.49,0,0.920886,0,0,1.12531,0.204422,1.028160,1,0,31.1815,0,0,0,31.1815,0
62.8264,2.23953,0,0,1.72774,0.052553,0.36288,3.6288,59.4011,0.184627,0,0,1.24248,0.278911,0,0.66528,12.849,1,0.451358,0.36288,0,23.4255,4.98929,18.3478,0.84672,12.849,0.84672,3695.15,0,0,0,1.35057,1.49429,5.0116,1.22728,6.62919,0.42336,0,0.42336,460.49,0,1.02816,0,0,2.37873,1.35057,1.028160,1,0,24.977,0,0,0,24.977,0
61.6764,2.23435,0,0,1.49934,0.0521577,0.36288,3.6288,59.6236,0.184754,0,0,0.687537,0.280308,0,0.66528,12.849,1,0.456959,0.36288,0,24.0536,4.98929,18.9702,0.84672,12.849,0.84672,3695.15,0,0,0,0.357566,1.44127,3.71728,1.22728,4.28884,0.42336,0,0.42336,460.49,0,1.02816,0,0,1.38573,0.357566,1.028160,1,0,23.2591,0,0,0,23.2591,0
60.4927,2.22764,0,0,1.45848,0.0516673,0.36288,3.6288,59.7941,0.184882,0,0,0.63605,0.280707,0,0.66528,12.849,1,0.464083,0.36288,0,21.9725,4.98929,16.882,0.84672,12.849,0.84672,3695.15,0,0,0,0.238982,1.44145,3.6526,1.22728,4.10576,0.42336,0,0.42336,460.49,0,1.02816,0,0,1.26714,0.238982,1.028160,1,0,20.9877,0,0,0,20.9877,0
60.665,2.2205,0,0,2.93199,0.176257,0.36288,3.6288,60.7973,0.185009,0,0,1.36417,0.175899,0,0.66528,12.849,1,0.471646,0.36288,0,59.7422,3.53588,56.0976,0.84672,12.849,0.84672,3695.15,0,0,0,0.793135,1.44163,9.20312,0.772991,10.6649,0.42336,0,0.42336,460.49,0,1.02816,0,0,1.82129,0.793135,1.028160,1,0,66.7625,0,0,0,66.7625,0
60.467,2.1581,0,0,2.51471,0.191791,0.36288,3.6288,61.274,0.143226,0,0,0.872858,0.252965,0,0.66528,12.849,1,0.457091,0.36288,0,35.7826,4.43075,31.2577,0.84672,12.849,0.84672,3695.15,0,0,0,0.47863,1.4418,3.78151,1.19398,4.50796,0.42336,0,0.42336,460.49,0,1.02816,0,0,1.50679,0.47863,1.028160,1,0,35.7657,0,0,0,35.7657,0
59.0574,2.1572,0,0,1.30453,0.194018,0.36288,3.6288,61.308,0.143347,0,0,0.964181,0.266424,0.520388,0.66528,12.849,1,0.458398,0.36288,0,42.5764,4.57989,37.901,0.84672,12.849,0.84672,3695.15,0,0,0,0.692617,1.3951,6.27339,1.26415,7.09696,0.42336,0,0.42336,460.49,0,1.02816,0,0,1.72078,0.692617,1.028160,1,0,45.5183,0,0,0,45.5183,0
58.3723,2.14855,0,0,2.05439,0.228074,0.36288,3.6288,61.308,0.143469,0,0,1.38058,0.25437,0.982739,0.66528,12.849,1,0.467456,0.36288,0,60.1521,4.22244,55.8251,0.84672,12.849,0.84672,3695.15,0,0,0,1.11344,1.39527,5.83162,1.21223,7.1281,0.42336,0,0.42336,460.49,0,1.02816,0,0,2.1416,1.11344,1.028160,1,0,63.9359,0,0,0,63.9359,0
59.0435,2.14439,0,0,3.41958,0.241119,0.36288,3.6288,61.308,0.14359,0,0,1.85274,0.249525,1.45962,0.66528,12.849,1,0.472027,0.36288,0,63.5053,4.07946,59.3167,0.84672,12.849,0.84672,3695.15,0,0,0,1.55828,1.39544,9.71438,1.19147,11.4766,0.42336,0,0.42336,460.49,0,1.02816,0,0,2.58644,1.55828,1.028160,1,0,72.2529,0,0,0,72.2529,0
60.3223,1.96857,0,0,3.85887,0.248594,0.36288,3.6288,61.308,0.0563762,0,0,2.73345,0.232049,2.44502,0.66528,12.849,1,0.4284,0.36288,0,70.6493,4.19736,66.3864,0.84672,12.849,0.84672,3695.15,0,0,0,1.78241,1.39561,11.8188,1.15206,13.8448,0.42336,0,0.42336,460.49,0,1.02816,0,0,2.81057,1.78241,1.028160,1,0,82.6762,0,0,0,82.6762,0
62.7646,1.97637,0,0,5.03775,0.256141,0.36288,3.6288,61.308,0.0564855,0,0,4.70934,0.218942,4.43392,0.66528,12.849,1,0.420979,0.36288,0,112.446,4.28578,108.102,0.84672,12.849,0.84672,3695.15,0,0,0,2.93192,1.28711,16.0395,1.12251,19.136,0.42336,0,0.42336,460.49,0,1.02816,0,0,3.96008,2.93192,1.028160,1,0,131.672,0,0,0,131.672,0
65.8458,1.99028,0,0,5.6957,0.261362,0.36288,3.6288,61.308,0.0565948,0,0,5.25493,0.218942,4.97939,0.66528,12.849,1,0.407445,0.36288,0,141.049,4.28578,136.719,0.84672,12.849,0.84672,3695.15,0,0,0,3.44366,1.28726,16.0704,1.12251,19.6788,0.42336,0,0.42336,460.49,0,1.02816,0,0,4.47182,3.44366,1.028160,1,0,161.377,0,0,0,161.377,0
69.7172,2.00655,0,0,6.50874,0.267948,0.36288,3.6288,61.308,0.0567042,0,0,7.18008,0.218942,6.90444,0.66528,12.849,1,0.391554,0.36288,0,115.984,4.28578,111.67,0.84672,12.849,0.84672,3695.15,0,0,0,3.26398,1.28742,19.3495,1.12251,22.7784,0.42336,0,0.42336,460.49,0,1.02816,0,0,4.29214,3.26398,1.028160,1,0,141.353,0,0,0,141.353,0
72.29,2.02523,0,0,6.3451,0.288602,1.45845,3.6288,61.308,0.0568136,0,0,5.01731,0.20908,4.75141,0.66528,12.849,1,0.373253,1.45845,0,144.036,3.88038,141.24,0.84672,12.849,0.84672,3695.15,0,0,0,2.37821,1.28757,14.9238,1.0154,17.5742,0.42336,0,0.42336,460.49,0,1.02816,0,0,3.40637,2.37821,1.028160,1,0,163.566,0,0,0,163.566,0
72.29,2.10868,0,0,3.60468,0.221099,1.2749,3.6288,61.308,0.0822287,0,0,2.47869,0.19996,2.1965,0.66528,12.849,1,0.374801,1.2749,0,78.6688,3.41481,76.1541,0.84672,12.849,0.84672,3695.15,0,0,0,0.824195,1.28773,9.53195,0.772339,10.8715,0.42336,0,0.42336,460.49,0,1.02816,0,0,1.85236,0.824195,1.028160,1,0,89.2222,0,0,0,89.2222,0
72.29,2.10899,0,0,5.55425,0.221099,3.22416,3.6288,61.308,0.0823368,0,0,5.697,0.19996,5.4147,0.66528,12.849,1,0.374858,3.22416,0,141.806,3.41481,141.24,0.84672,12.849,0.84672,3695.15,0,0,0,2.93678,1.32329,17.4436,0.772339,20.9313,0.42336,0,0.42336,460.49,0,1.02816,0,0,3.96494,2.93678,1.028160,1,0,167.586,0,0,0,167.586,0
72.29,2.10931,0,0,7.21763,0.271024,4.8373,3.6288,61.308,0.0824449,0,0,5.32291,0.22402,5.01645,0.66528,12.849,1,0.374914,4.8373,0,202.273,3.87209,202.863,0.84672,12.849,0.84672,3695.15,0,0,0,4.1445,1.32344,19.0401,0.889675,23.6184,0.42336,0,0.42336,460.49,0,1.02816,0,0,5.17266,4.1445,1.028160,1,0,231.498,0,0,0,231.498,0
72.29,2.10963,0,0,5.95417,0.290994,3.55355,3.6288,61.308,0.0825531,0,0,5.7294,0.233644,5.4132,0.66528,12.849,1,0.37497,3.55355,0,236.422,4.05499,235.546,0.84672,12.849,0.84672,3695.15,0,0,0,4.25743,1.3236,15.7624,0.93661,20.4068,0.42336,0,0.42336,460.49,0,1.02816,0,0,5.28559,4.25743,1.028160,1,0,261.366,0,0,0,261.366,0
72.29,2.34079,0,0,5.16155,0.318436,2.50233,3.6288,61.308,0.177714,0,0,4.46972,0.202178,4.08983,0.66528,12.849,1,0.416057,2.50233,0,191.404,3.98922,189.501,0.84672,12.849,0.84672,3695.15,0,0,0,2.66568,1.32375,12.9338,0.918115,16.0051,0.42336,0,0.42336,460.49,0,1.02816,0,0,3.69384,2.66568,1.028160,1,0,209.596,0,0,0,209.596,0
72.29,2.34113,0,0,4.91772,0.329413,2.24717,3.6288,61.308,0.177835,0,0,3.39556,0.189591,3.02814,0.66528,12.849,1,0.416119,2.24717,0,177.358,3.96291,175.227,0.84672,12.849,0.84672,3695.15,0,0,0,1.65991,1.44829,11.2672,0.910717,13.4646,0.42336,0,0.42336,460.49,0,1.02816,0,0,2.68807,1.65991,1.028160,1,0,191.719,0,0,0,191.719,0
72.29,2.34148,0,0,7.07753,0.329413,4.40664,3.6288,61.308,0.177956,0,0,4.84514,0.189591,4.47759,0.66528,12.849,1,0.416181,4.40664,0,230.17,3.96291,230.197,0.84672,12.849,0.84672,3695.15,0,0,0,2.9677,1.44846,18.8533,0.910717,22.3588,0.42336,0,0.42336,460.49,0,1.02816,0,0,3.99586,2.9677,1.028160,1,0,257.034,0,0,0,257.034,0
72.29,2.34183,0,0,7.54972,0.312404,4.89548,3.6288,61.308,0.178077,0,0,6.51786,0.220858,6.11893,0.66528,12.849,1,0.416243,4.89548,0,241.961,4.77284,241.667,0.84672,12.849,0.84672,3695.15,0,0,0,4.11859,1.44863,25.7278,1.1506,30.1445,0.42336,0,0.42336,460.49,0,1.02816,0,0,5.14675,4.11859,1.028160,1,0,277.93,0,0,0,277.93,0
72.29,2.01275,0,0,4.68144,0.327649,2.34104,3.6288,61.308,0.0505674,0,0,3.06438,0.17955,2.83427,0.66528,12.849,1,0.35775,2.34104,0,147.403,4.1983,145.188,0.84672,12.849,0.84672,3695.15,0,0,0,2.0658,1.4488,13.4875,0.985202,16.0169,0.42336,0,0.42336,460.49,0,1.02816,0,0,3.09396,2.0658,1.028160,1,0,164.039,0,0,0,164.039,0
72.29,2.01305,0,0,3.71722,0.330933,1.37324,3.6288,61.308,0.0506713,0,0,1.90066,0.180936,1.66905,0.66528,12.849,1,0.357804,1.37324,0,84.9969,4.22615,81.7862,0.84672,12.849,0.84672,3695.15,0,0,0,1.54362,1.27766,5.90744,1.03206,7.69666,0.42336,0,0.42336,460.49,0,1.02816,0,0,2.57178,1.54362,1.028160,1,0,91.1519,0,0,0,91.1519,0
72.29,2.01335,0,0,5.50234,0.305505,3.18348,3.6288,61.308,0.0507752,0,0,3.15441,0.171609,2.93203,0.66528,12.849,1,0.357858,3.18348,0,142.974,4.0446,141.755,0.84672,12.849,0.84672,3695.15,0,0,0,3.30457,1.2778,13.2468,1.01314,16.816,0.42336,0,0.42336,460.49,0,1.02816,0,0,4.33273,3.30457,1.028160,1,0,161.503,0,0,0,161.503,0
72.29,2.01366,0,0,5.00937,0.356843,2.63887,3.6288,61.308,0.0508791,0,0,3.23265,0.22394,2.95783,0.66528,12.849,1,0.357912,2.63887,0,111.432,4.52484,109.188,0.84672,12.849,0.84672,3695.15,0,0,0,2.43647,1.27795,9.99009,1.12509,12.5794,0.42336,0,0.42336,460.49,0,1.02816,0,0,3.46463,2.43647,1.028160,1,0,124.725,0,0,0,124.725,0
72.29,2.01396,0,0,5.30806,0.297322,2.99678,3.6288,61.308,0.050983,0,0,2.47823,0.199365,2.22788,0.66528,12.849,1,0.357966,2.99678,0,181.713,4.12404,180.228,0.84672,12.849,0.84672,3695.15,0,0,0,2.27116,1.2781,9.55817,1.10768,11.9997,0.42336,0,0.42336,460.49,0,1.02816,0,0,3.29932,2.27116,1.028160,1,0,194.455,0,0,0,194.455,0
72.29,2.09724,0,0,5.03681,0.261802,2.67776,3.6288,61.308,0.0823311,0,0,2.32357,0.198091,2.04315,0.66528,12.849,1,0.372769,2.67776,0,134.946,3.99399,133.257,0.84672,12.849,0.84672,3695.15,0,0,0,2.51933,1.27824,9.81193,1.18943,12.4201,0.42336,0,0.42336,460.49,0,1.02816,0,0,3.54749,2.51933,1.028160,1,0,147.72,0,0,0,147.72,0
72.29,2.09756,0,0,3.66603,0.261802,1.30667,3.6288,61.308,0.0824393,0,0,1.84348,0.198091,1.56295,0.66528,12.849,1,0.372825,1.30667,0,95.4418,3.99399,92.3816,0.84672,12.849,0.84672,3695.15,0,0,0,1.33849,1.32085,7.57469,1.18943,9.0446,0.42336,0,0.42336,460.49,0,1.02816,0,0,2.36665,1.33849,1.028160,1,0,102.989,0,0,0,102.989,0
72.29,2.09787,0,0,3.10833,0.245256,0.765198,3.6288,61.308,0.0825474,0,0,1.47633,0.202887,1.19089,0.66528,12.849,1,0.372881,0.765198,0,79.914,3.99902,76.3073,0.84672,12.849,0.84672,3695.15,0,0,0,1.00491,1.321,5.94,1.19596,7.06995,0.42336,0,0.42336,460.49,0,1.02816,0,0,2.03307,1.00491,1.028160,1,0,84.5681,0,0,0,84.5681,0
72.29,2.09819,0,0,2.82141,0.248005,0.475216,3.6288,61.308,0.0826556,0,0,1.2932,0.214484,0.996061,0.66528,12.849,1,0.372937,0.475216,0,72.3565,4.30546,68.1534,0.84672,12.849,0.84672,3695.15,0,0,0,0.848068,1.32115,5.4782,1.1991,6.44832,0.42336,0,0.42336,460.49,0,1.02816,0,0,1.87623,0.848068,1.028160,1,0,75.5977,0,0,0,75.5977,0
72.29,2.06604,0,0,3.55644,0.151732,1.33867,3.6288,61.308,0.0706224,0,0,2.12346,0.218128,1.83471,0.66528,12.849,1,0.367223,1.33867,0,79.3696,4.31592,76.0252,0.84672,12.849,0.84672,3695.15,0,0,0,1.65104,1.3213,7.36335,1.21796,9.11775,0.42336,0,0.42336,460.49,0,1.02816,0,0,2.6792,1.65104,1.028160,1,0,86.9776,0,0,0,86.9776,0
72.29,2.06635,0,0,3.0354,0.151732,0.817311,3.6288,61.308,0.070729,0,0,2.00602,0.218128,1.71716,0.66528,12.849,1,0.367279,0.817311,0,69.5995,4.31592,65.7336,0.84672,12.849,0.84672,3695.15,0,0,0,1.36954,1.30491,6.26307,1.21796,7.71957,0.42336,0,0.42336,460.49,0,1.02816,0,0,2.3977,1.36954,1.028160,1,0,75.1704,0,0,0,75.1704,0
72.29,2.06666,0,0,2.70036,0.151732,0.481967,3.6288,61.308,0.0708356,0,0,1.79499,0.218128,1.50602,0.66528,12.849,1,0.367334,0.481967,0,59.6781,4.31592,55.4768,0.84672,12.849,0.84672,3695.15,0,0,0,1.06961,1.30506,5.35517,1.21796,6.51188,0.42336,0,0.42336,460.49,0,1.02816,0,0,2.09777,1.06961,1.028160,1,0,63.4947,0,0,0,63.4947,0
72.1971,2.06697,0,0,2.47576,0.138769,0.36288,3.6288,61.308,0.0709423,0,0,1.6241,0.201061,1.35209,0.66528,12.849,1,0.367389,0.36288,0,54.756,3.96204,50.7895,0.84672,12.849,0.84672,3695.15,0,0,0,0.917447,1.30522,5.00446,1.1282,6.09892,0.42336,0,0.42336,460.49,0,1.02816,0,0,1.94561,0.917447,1.028160,1,0,58.2405,0,0,0,58.2405,0
72.0095,2.17711,0,0,2.47126,0.118916,0.36288,3.6288,61.308,0.114129,0,0,1.9066,0.204814,1.58766,0.66528,12.849,1,0.387462,0.36288,0,58.0125,4.04892,53.939,0.84672,12.849,0.84672,3695.15,0,0,0,0.919192,1.30537,4.98303,1.08383,6.12376,0.42336,0,0.42336,460.49,0,1.02816,0,0,1.94735,0.919192,1.028160,1,0,61.6504,0,0,0,61.6504,0
71.8958,2.17658,0,0,2.53409,0.10836,0.36288,3.6288,61.308,0.114241,0,0,1.72519,0.212514,1.39844,0.66528,12.849,1,0.388377,0.36288,0,62.1401,4.11006,58.0045,0.84672,12.849,0.84672,3695.15,0,0,0,0.879647,1.36313,5.01918,1.14864,6.11332,0.42336,0,0.42336,460.49,0,1.02816,0,0,1.90781,0.879647,1.028160,1,0,65.5163,0,0,0,65.5163,0
71.5167,2.17638,0,0,2.22219,0.0620373,0.36288,3.6288,61.308,0.114353,0,0,1.60915,0.212751,1.28204,0.66528,12.849,1,0.388957,0.36288,0,52.9736,4.12608,48.8214,0.84672,12.849,0.84672,3695.15,0,0,0,0.891276,1.36329,4.6597,1.10224,5.81203,0.42336,0,0.42336,460.49,0,1.02816,0,0,1.91944,0.891276,1.028160,1,0,55.9155,0,0,0,55.9155,0
71.1122,2.17496,0,0,2.19525,0.0618583,0.36288,3.6288,61.308,0.114466,0,0,1.73524,0.212751,1.40802,0.66528,12.849,1,0.390763,0.36288,0,51.3944,4.12608,47.2405,0.84672,12.849,0.84672,3695.15,0,0,0,0.856103,1.36345,5.04892,1.10224,6.16624,0.42336,0,0.42336,460.49,0,1.02816,0,0,1.88426,0.856103,1.028160,1,0,54.8147,0,0,0,54.8147,0
70.6703,2.1734,0,0,2.15681,0.0624099,0.36288,3.6288,61.308,0.114578,0,0,1.52913,0.22551,1.18904,0.66528,12.849,1,0.392704,0.36288,0,45.8766,4.44051,41.4063,0.84672,12.849,0.84672,3695.15,0,0,0,0.911399,1.36361,4.75678,1.13897,5.89281,0.42336,0,0.42336,460.49,0,1.02816,0,0,1.93956,0.911399,1.028160,1,0,48.4881,0,0,0,48.4881,0
70.4166,2.14991,0,0,2.32312,0.0640487,0.36288,3.6288,61.308,0.138384,0,0,1.24889,0.257409,0.853093,0.66528,12.849,1,0.390888,0.36288,0,39.636,5.22659,34.3814,0.84672,12.849,0.84672,3695.15,0,0,0,1.19318,1.36377,5.51564,1.23081,6.84178,0.42336,0,0.42336,460.49,0,1.02816,0,0,2.22134,1.19318,1.028160,1,0,42.0763,0,0,0,42.0763,0
70.0067,2.14904,0,0,2.16593,0.0639238,0.36288,3.6288,61.308,0.1385,0,0,1.2,0.257409,0.804093,0.66528,12.849,1,0.392138,0.36288,0,39.112,5.22659,33.8561,0.84672,12.849,0.84672,3695.15,0,0,0,1.10366,1.37742,5.63598,1.23081,6.88626,0.42336,0,0.42336,460.49,0,1.02816,0,0,2.13182,1.10366,1.028160,1,0,41.5465,0,0,0,41.5465,0
69.3947,2.14742,0,0,1.96203,0.0637222,0.36288,3.6288,61.308,0.138615,0,0,1.14668,0.257409,0.750659,0.66528,12.849,1,0.394137,0.36288,0,38.4369,5.22659,33.1791,0.84672,12.849,0.84672,3695.15,0,0,0,0.997721,1.37758,5.32434,1.23081,6.46883,0.42336,0,0.42336,460.49,0,1.02816,0,0,2.02588,0.997721,1.028160,1,0,40.3986,0,0,0,40.3986,0
68.6147,2.14481,0,0,1.78643,0.0587654,0.36288,3.6288,61.308,0.138731,0,0,1.08444,0.268378,0.677332,0.66528,12.849,1,0.397129,0.36288,0,33.836,5.36773,28.434,0.84672,12.849,0.84672,3695.15,0,0,0,0.804211,1.37774,5.16771,1.28233,6.06733,0.42336,0,0.42336,460.49,0,1.02816,0,0,1.83237,0.804211,1.028160,1,0,35.1786,0,0,0,35.1786,0
67.9317,2.19725,0,0,1.92653,0.0493861,0.36288,3.6288,61.308,0.159974,0,0,1.07075,0.304145,0.606627,0.66528,12.849,1,0.411463,0.36288,0,34.1634,5.70982,28.405,0.84672,12.849,0.84672,3695.15,0,0,0,1.25108,1.3779,5.16467,1.45299,6.34066,0.42336,0,0.42336,460.49,0,1.02816,0,0,2.27924,1.25108,1.028160,1,0,35.3523,0,0,0,35.3523,0
67.2434,2.19409,0,0,1.92092,0.0522298,0.36288,3.6288,61.308,0.160093,0,0,1.05532,0.299137,0.596086,0.66528,12.849,1,0.415004,0.36288,0,32.2421,5.62569,26.5643,0.84672,12.849,0.84672,3695.15,0,0,0,1.33916,1.40682,5.28276,1.42991,6.59883,0.42336,0,0.42336,460.49,0,1.02816,0,0,2.36732,1.33916,1.028160,1,0,33.7592,0,0,0,33.7592,0
66.3082,2.19086,0,0,1.67048,0.0519477,0.36288,3.6288,61.308,0.160211,0,0,0.991751,0.299137,0.532403,0.66528,12.849,1,0.418633,0.36288,0,30.5042,5.62569,24.8228,0.84672,12.849,0.84672,3695.15,0,0,0,1.13929,1.40699,5.14091,1.42991,6.25728,0.42336,0,0.42336,460.49,0,1.02816,0,0,2.16745,1.13929,1.028160,1,0,31.6124,0,0,0,31.6124,0
65.2458,2.18624,0,0,1.53824,0.0515644,0.36288,3.6288,61.308,0.16033,0,0,0.971723,0.299137,0.512256,0.66528,12.849,1,0.423642,0.36288,0,28.7699,5.62569,23.0835,0.84672,12.849,0.84672,3695.15,0,0,0,1.02782,1.40715,5.08886,1.42991,6.09393,0.42336,0,0.42336,460.49,0,1.02816,0,0,2.05598,1.02782,1.028160,1,0,29.6896,0,0,0,29.6896,0
64.2823,2.34332,0,0,1.78241,0.0396832,0.36288,3.6288,61.308,0.236747,0,0,1.05053,0.311719,0.502063,0.66528,12.849,1,0.461475,0.36288,0,29.9926,5.86688,24.0272,0.84672,12.849,0.84672,3695.15,0,0,0,1.15726,1.40732,4.86057,1.51885,5.90629,0.42336,0,0.42336,460.49,0,1.02816,0,0,2.18542,1.15726,1.028160,1,0,30.4355,0,0,0,30.4355,0
63.3432,2.3379,0,0,1.81998,0.0583182,0.36288,3.6288,61.308,0.236876,0,0,0.946521,0.312008,0.397637,0.66528,12.849,1,0.467309,0.36288,0,37.8719,5.62422,32.1432,0.84672,12.849,0.84672,3695.15,0,0,0,0.867637,1.50289,4.18808,1.56734,4.99127,0.42336,0,0.42336,460.49,0,1.02816,0,0,1.8958,0.867637,1.028160,1,0,37.5321,0,0,0,37.5321,0
62.4487,2.33249,0,0,1.85875,0.0578757,0.36288,3.6288,61.308,0.237005,0,0,1.08576,0.312008,0.53675,0.66528,12.849,1,0.473139,0.36288,0,32.8063,5.62422,27.0718,0.84672,12.849,0.84672,3695.15,0,0,0,0.975093,1.50306,4.34925,1.56734,5.26006,0.42336,0,0.42336,460.49,0,1.02816,0,0,2.00325,0.975093,1.028160,1,0,32.8686,0,0,0,32.8686,0
61.5754,2.32721,0,0,1.87545,0.0586281,0.36288,3.6288,61.308,0.237134,0,0,1.09397,0.305113,0.551724,0.66528,12.849,1,0.47883,0.36288,0,33.2872,5.43937,27.7319,0.84672,12.849,0.84672,3695.15,0,0,0,1.46452,1.50324,5.56294,1.49538,7.03532,0.42336,0,0.42336,460.49,0,1.02816,0,0,2.49268,1.46452,1.028160,1,0,35.319,0,0,0,35.319,0
60.7482,2.32194,0,0,1.92671,0.0691421,0.36288,3.6288,61.308,0.237263,0,0,1.02533,0.266576,0.521487,0.66528,12.849,1,0.484521,0.36288,0,22.361,4.46115,17.7782,0.84672,12.849,0.84672,3695.15,0,0,0,0.998991,1.50342,5.75952,1.10154,7.16039,0.42336,0,0.42336,460.49,0,1.02816,0,0,2.02715,0.998991,1.028160,1,0,25.4601,0,0,0,25.4601,0
59.9532,2.23853,0,0,1.8986,0.0921569,0.36288,3.6288,61.308,0.19105,0,0,1.71978,0.283562,1.24517,0.66528,12.849,1,0.473477,0.36288,0,23.5873,5.24622,18.2305,0.84672,12.849,0.84672,3695.15,0,0,0,1.98506,1.5036,4.04692,1.32881,6.20677,0.42336,0,0.42336,460.49,0,1.02816,0,0,3.01322,1.98506,1.028160,1,0,25.6824,0,0,0,25.6824,0
58.9287,2.23369,0,0,1.66357,0.0915087,0.36288,3.6288,61.308,0.191173,0,0,1.06301,0.283562,0.58827,0.66528,12.849,1,0.478718,0.36288,0,23.9485,5.24622,18.5865,0.84672,12.849,0.84672,3695.15,0,0,0,1.15229,1.45019,3.1904,1.32881,4.46407,0.42336,0,0.42336,460.49,0,1.02816,0,0,2.18045,1.15229,1.028160,1,0,23.6388,0,0,0,23.6388,0
57.6013,2.22719,0,0,1.35327,0.0906117,0.36288,3.6288,61.308,0.191296,0,0,0.87493,0.283562,0.400072,0.66528,12.849,1,0.485624,0.36288,0,21.9918,5.24622,16.6229,0.84672,12.849,0.84672,3695.15,0,0,0,0.674352,1.45036,2.88267,1.32881,3.67857,0.42336,0,0.42336,460.49,0,1.02816,0,0,1.70251,0.674352,1.028160,1,0,20.7015,0,0,0,20.7015,0
57.0969,2.21837,0,0,2.23587,0.158979,0.36288,3.6288,61.308,0.191419,0,0,1.32492,0.222917,0.910582,0.66528,12.849,1,0.494847,0.36288,0,31.3095,4.4157,26.7618,0.84672,12.849,0.84672,3695.15,0,0,0,1.13586,1.45053,3.81891,1.06922,5.33608,0.42336,0,0.42336,460.49,0,1.02816,0,0,2.16402,1.13586,1.028160,1,0,33.0085,0,0,0,33.0085,0
57.0174,2.15153,0,0,2.62916,0.194302,0.36288,3.6288,61.308,0.149336,0,0,1.28017,0.189825,0.941011,0.66528,12.849,1,0.484177,0.36288,0,50.794,3.82281,46.8499,0.84672,12.849,0.84672,3695.15,0,0,0,1.40149,1.4507,6.96216,0.919376,8.89497,0.42336,0,0.42336,460.49,0,1.02816,0,0,2.42965,1.40149,1.028160,1,0,56.6859,0,0,0,56.6859,0
58.0894,2.1513,0,0,3.7741,0.187843,0.36288,3.6288,61.308,0.149454,0,0,1.5179,0.194781,1.17366,0.66528,12.849,1,0.484801,0.36288,0,49.5972,3.83481,45.6405,0.84672,12.849,0.84672,3695.15,0,0,0,1.50313,1.40367,7.58683,0.937316,9.5563,0.42336,0,0.42336,460.49,0,1.02816,0,0,2.53129,1.50313,1.028160,1,0,56.3705,0,0,0,56.3705,0
59.8131,2.15895,0,0,4.43528,0.189825,0.36288,3.6288,61.308,0.149571,0,0,2.50558,0.194781,2.16123,0.66528,12.849,1,0.477546,0.36288,0,53.6918,3.83481,49.7423,0.84672,12.849,0.84672,3695.15,0,0,0,3.70077,1.40383,9.22044,0.937316,13.3877,0.42336,0,0.42336,460.49,0,1.02816,0,0,4.72893,3.70077,1.028160,1,0,65.2913,0,0,0,65.2913,0
60.266,2.1706,0,0,3.19874,0.21231,0.36288,3.6288,61.308,0.149688,0,0,1.66059,0.20168,1.30922,0.66528,12.849,1,0.466287,0.36288,0,48.017,3.95079,43.9628,0.84672,12.849,0.84672,3695.15,0,0,0,2.27193,1.40399,9.38117,0.964393,12.0927,0.42336,0,0.42336,460.49,0,1.02816,0,0,3.30009,2.27193,1.028160,1,0,57.3647,0,0,0,57.3647,0
65.1766,1.99133,0,0,7.5193,0.254539,0.36288,3.6288,61.308,0.0618577,0,0,2.86578,0.214376,2.58955,0.66528,12.849,1,0.424561,0.36288,0,108.168,4.1551,103.951,0.84672,12.849,0.84672,3695.15,0,0,0,3.64437,1.40416,17.0121,1.05275,21.0078,0.42336,0,0.42336,460.49,0,1.02816,0,0,4.67253,3.64437,1.028160,1,0,127.549,0,0,0,127.549,0
67.896,2.01835,0,0,5.35575,0.255071,0.36288,3.6288,61.308,0.0619632,0,0,3.8954,0.20831,3.62513,0.66528,12.849,1,0.397901,0.36288,0,90.1489,4.04093,86.0729,0.84672,12.849,0.84672,3695.15,0,0,0,3.48983,1.29489,16.7894,1.08031,20.4938,0.42336,0,0.42336,460.49,0,1.02816,0,0,4.51799,3.48983,1.028160,1,0,110.192,0,0,0,110.192,0
70.9833,2.03206,0,0,5.74292,0.260634,0.36288,3.6288,61.308,0.0620687,0,0,4.62036,0.20831,4.34998,0.66528,12.849,1,0.384558,0.36288,0,110.798,4.04093,106.736,0.84672,12.849,0.84672,3695.15,0,0,0,3.62096,1.29504,19.3735,1.08031,23.2092,0.42336,0,0.42336,460.49,0,1.02816,0,0,4.64912,3.62096,1.028160,1,0,134.295,0,0,0,134.295,0
72.29,2.04653,0,0,5.31769,0.26695,1.69755,3.6288,61.308,0.0621742,0,0,3.4344,0.20831,3.16392,0.66528,12.849,1,0.370452,1.69755,0,155.593,4.04093,152.879,0.84672,12.849,0.84672,3695.15,0,0,0,3.02759,1.29519,19.2356,1.08031,22.478,0.42336,0,0.42336,460.49,0,1.02816,0,0,4.05575,3.02759,1.028160,1,0,178.521,0,0,0,178.521,0
72.29,2.05253,0,0,4.67296,0.292611,2.32782,3.6288,61.308,0.0622797,0,0,1.38456,0.206919,1.11536,0.66528,12.849,1,0.364821,2.32782,0,110.531,4.41555,108.078,0.84672,12.849,0.84672,3695.15,0,0,0,1.22968,1.29534,11.5324,1.12543,12.932,0.42336,0,0.42336,460.49,0,1.02816,0,0,2.25784,1.22968,1.028160,1,0,122.125,0,0,0,122.125,0
72.29,2.12519,0,0,8.07539,0.316715,5.63349,3.6288,61.308,0.0878677,0,0,3.05028,0.209092,2.75332,0.66528,12.849,1,0.377736,5.63349,0,174.445,3.79229,175.909,0.84672,12.849,0.84672,3695.15,0,0,0,4.2787,1.29548,15.6319,1.09249,20.1136,0.42336,0,0.42336,460.49,0,1.02816,0,0,5.30686,4.2787,1.028160,1,0,198.775,0,0,0,198.775,0
72.29,2.12549,0,0,8.7785,0.316715,6.33629,3.6288,61.308,0.0879718,0,0,4.04069,0.209092,3.74362,0.66528,12.849,1,0.37779,6.33629,0,184.696,3.79229,186.863,0.84672,12.849,0.84672,3695.15,0,0,0,5.379,1.33129,21.3001,1.09249,26.9179,0.42336,0,0.42336,460.49,0,1.02816,0,0,6.40716,5.379,1.028160,1,0,217.524,0,0,0,217.524,0
72.29,2.1258,0,0,8.42884,0.316715,5.98633,3.6288,61.308,0.088076,0,0,2.92303,0.209092,2.62586,0.66528,12.849,1,0.377844,5.98633,0,192.862,3.79229,194.678,0.84672,12.849,0.84672,3695.15,0,0,0,4.15929,1.33144,16.6521,1.09249,21.0504,0.42336,0,0.42336,460.49,0,1.02816,0,0,5.18745,4.15929,1.028160,1,0,218.355,0,0,0,218.355,0
72.29,2.1261,0,0,12.187,0.313516,9.74736,3.6288,61.308,0.0881802,0,0,4.19063,0.220172,3.88228,0.66528,12.849,1,0.377898,9.74736,0,270.412,4.03924,275.742,0.84672,12.849,0.84672,3695.15,0,0,0,6.04534,1.33159,25.4604,1.11209,31.7253,0.42336,0,0.42336,460.49,0,1.02816,0,0,7.0735,6.04534,1.028160,1,0,311.35,0,0,0,311.35,0
72.29,2.35885,0,0,14.7147,0.304058,12.0518,3.6288,61.308,0.183999,0,0,5.15705,0.19738,4.77567,0.66528,12.849,1,0.419269,12.0518,0,267.826,3.95092,275.508,0.84672,12.849,0.84672,3695.15,0,0,0,7.48786,1.33173,28.0208,1.07014,35.7703,0.42336,0,0.42336,460.49,0,1.02816,0,0,8.51602,7.48786,1.028160,1,0,316.054,0,0,0,316.054,0
72.29,2.35919,0,0,12.2217,0.302963,9.55956,3.6288,61.308,0.184115,0,0,4.49436,0.159512,4.15073,0.66528,12.849,1,0.419328,9.55956,0,429.149,3.42163,434.867,0.84672,12.849,0.84672,3695.15,0,0,0,7.46271,1.45713,30.3311,1.0019,38.249,0.42336,0,0.42336,460.49,0,1.02816,0,0,8.49087,7.46271,1.028160,1,0,477.267,0,0,0,477.267,0
72.29,2.35952,0,0,6.08202,0.302963,3.41954,3.6288,61.308,0.184232,0,0,2.47875,0.159512,2.135,0.66528,12.849,1,0.419388,3.41954,0,213.716,3.42163,213.295,0.84672,12.849,0.84672,3695.15,0,0,0,4.15365,1.4573,14.8961,1.0019,19.5051,0.42336,0,0.42336,460.49,0,1.02816,0,0,5.18181,4.15365,1.028160,1,0,234.935,0,0,0,234.935,0
72.29,2.35986,0,0,5.16242,0.315978,2.48658,3.6288,61.308,0.184348,0,0,2.9838,0.255952,2.5435,0.66528,12.849,1,0.419447,2.48658,0,183.067,4.57696,180.557,0.84672,12.849,0.84672,3695.15,0,0,0,4.55082,1.45746,15.4888,1.2016,20.2955,0.42336,0,0.42336,460.49,0,1.02816,0,0,5.57898,4.55082,1.028160,1,0,203.396,0,0,0,203.396,0
72.29,2.02848,0,0,6.17033,0.344975,3.79687,3.6288,61.308,0.055949,0,0,4.66711,0.209899,4.40126,0.66528,12.849,1,0.360547,3.79687,0,158.846,3.89359,158.389,0.84672,12.849,0.84672,3695.15,0,0,0,6.0368,1.45763,20.9383,0.963757,27.4689,0.42336,0,0.42336,460.49,0,1.02816,0,0,7.06496,6.0368,1.028160,1,0,190.259,0,0,0,190.259,0
72.29,2.02877,0,0,5.05641,0.353147,2.6745,3.6288,61.308,0.0560491,0,0,2.03528,0.206527,1.77271,0.66528,12.849,1,0.360599,2.6745,0,142.881,3.94233,141.252,0.84672,12.849,0.84672,3695.15,0,0,0,2.72312,1.28529,13.7785,0.967611,16.8193,0.42336,0,0.42336,460.49,0,1.02816,0,0,3.75128,2.72312,1.028160,1,0,159.844,0,0,0,159.844,0
72.29,2.02906,0,0,3.42598,0.341819,1.0551,3.6288,61.308,0.0561492,0,0,1.40645,0.200511,1.14979,0.66528,12.849,1,0.360651,1.0551,0,115.26,3.85514,112.1,0.84672,12.849,0.84672,3695.15,0,0,0,2.07759,1.28543,12.4426,0.955086,14.8506,0.42336,0,0.42336,460.49,0,1.02816,0,0,3.10575,2.07759,1.028160,1,0,128.1,0,0,0,128.1,0
72.29,2.02936,0,0,4.6575,0.27385,2.3543,3.6288,61.308,0.0562492,0,0,1.67647,0.164413,1.45581,0.66528,12.849,1,0.360703,2.3543,0,117.918,3.33196,116.579,0.84672,12.849,0.84672,3695.15,0,0,0,2.65463,1.28557,13.336,0.879933,16.3963,0.42336,0,0.42336,460.49,0,1.02816,0,0,3.68279,2.65463,1.028160,1,0,134.432,0,0,0,134.432,0
72.29,2.02965,0,0,5.36644,0.284879,3.05191,3.6288,61.308,0.0563494,0,0,2.29395,0.166417,2.07119,0.66528,12.849,1,0.360755,3.05191,0,143.867,3.46675,143.092,0.84672,12.849,0.84672,3695.15,0,0,0,3.23446,1.28571,14.1858,0.884168,17.8218,0.42336,0,0.42336,460.49,0,1.02816,0,0,4.26262,3.23446,1.028160,1,0,162.985,0,0,0,162.985,0
72.29,2.11349,0,0,6.31321,0.351056,3.84867,3.6288,61.308,0.0879093,0,0,3.42387,0.178445,3.15751,0.66528,12.849,1,0.375657,3.84867,0,171.154,4.27549,170.352,0.84672,12.849,0.84672,3695.15,0,0,0,4.28922,1.28585,20.3419,0.909576,25.0074,0.42336,0,0.42336,460.49,0,1.02816,0,0,5.31738,4.28922,1.028160,1,0,198.517,0,0,0,198.517,0
72.29,2.1138,0,0,6.3034,0.351056,3.83855,3.6288,61.308,0.0880135,0,0,4.01159,0.178445,3.74513,0.66528,12.849,1,0.375711,3.83855,0,214.361,4.27549,213.548,0.84672,12.849,0.84672,3695.15,0,0,0,4.68119,1.32874,20.7661,0.909576,25.8664,0.42336,0,0.42336,460.49,0,1.02816,0,0,5.70935,4.68119,1.028160,1,0,243.16,0,0,0,243.16,0
72.29,2.1141,0,0,5.5845,0.351056,3.11934,3.6288,61.308,0.0881176,0,0,2.60537,0.178445,2.33881,0.66528,12.849,1,0.375765,3.11934,0,152.421,4.27549,150.889,0.84672,12.849,0.84672,3695.15,0,0,0,3.64224,1.32889,16.8105,0.909576,20.8721,0.42336,0,0.42336,460.49,0,1.02816,0,0,4.6704,3.64224,1.028160,1,0,174.1,0,0,0,174.1,0
72.29,2.1144,0,0,5.14392,0.310631,2.71888,3.6288,61.308,0.0882218,0,0,2.1296,0.178471,1.86291,0.66528,12.849,1,0.375819,2.71888,0,116.897,4.16606,115.074,0.84672,12.849,0.84672,3695.15,0,0,0,2.96083,1.32904,14.3968,0.903625,17.7831,0.42336,0,0.42336,460.49,0,1.02816,0,0,3.98899,2.96083,1.028160,1,0,134.72,0,0,0,134.72,0
72.29,2.08202,0,0,5.1203,0.230844,2.80743,3.6288,61.308,0.0761012,0,0,2.6489,0.213468,2.35933,0.66528,12.849,1,0.370064,2.80743,0,121.748,4.54079,119.645,0.84672,12.849,0.84672,3695.15,0,0,0,3.68643,1.32918,14.4089,1.09763,18.3269,0.42336,0,0.42336,460.49,0,1.02816,0,0,4.71459,3.68643,1.028160,1,0,140.331,0,0,0,140.331,0
72.29,2.08232,0,0,4.84485,0.22653,2.536,3.6288,61.308,0.0762038,0,0,2.53988,0.219296,2.24438,0.66528,12.849,1,0.370117,2.536,0,114.9,4.62756,112.438,0.84672,12.849,0.84672,3695.15,0,0,0,3.08175,1.31267,12.8758,1.13128,16.1389,0.42336,0,0.42336,460.49,0,1.02816,0,0,4.10991,3.08175,1.028160,1,0,130.822,0,0,0,130.822,0
72.29,2.08262,0,0,4.50966,0.22653,2.20051,3.6288,61.308,0.0763065,0,0,2.38384,0.219296,2.08823,0.66528,12.849,1,0.37017,2.20051,0,104.631,4.62756,101.834,0.84672,12.849,0.84672,3695.15,0,0,0,2.65913,1.31282,11.5195,1.13128,14.3601,0.42336,0,0.42336,460.49,0,1.02816,0,0,3.68729,2.65913,1.028160,1,0,118.282,0,0,0,118.282,0
72.29,2.08292,0,0,4.12446,0.199522,1.84202,3.6288,61.308,0.0764091,0,0,2.19156,0.239608,1.87554,0.66528,12.849,1,0.370223,1.84202,0,94.0965,4.90344,90.6649,0.84672,12.849,0.84672,3695.15,0,0,0,2.4986,1.31296,10.4182,1.15136,13.0784,0.42336,0,0.42336,460.49,0,1.02816,0,0,3.52676,2.4986,1.028160,1,0,105.619,0,0,0,105.619,0
72.29,2.19422,0,0,3.99705,0.21443,1.58839,3.6288,61.308,0.119887,0,0,2.05743,0.240578,1.69696,0.66528,12.849,1,0.390006,1.58839,0,93.9038,4.62681,90.4754,0.84672,12.849,0.84672,3695.15,0,0,0,2.71312,1.31311,10.5813,1.0003,13.6072,0.42336,0,0.42336,460.49,0,1.02816,0,0,3.74128,2.71312,1.028160,1,0,105.78,0,0,0,105.78,0
72.29,2.19454,0,0,3.79158,0.162587,1.43446,3.6288,61.308,0.119995,0,0,1.84956,0.255008,1.47456,0.66528,12.849,1,0.390062,1.43446,0,78.4313,5.00301,74.4727,0.84672,12.849,0.84672,3695.15,0,0,0,2.2599,1.37127,9.67568,1.06729,12.2395,0.42336,0,0.42336,460.49,0,1.02816,0,0,3.28806,2.2599,1.028160,1,0,88.1868,0,0,0,88.1868,0
72.29,2.19485,0,0,3.61655,0.151169,1.27053,3.6288,61.308,0.120104,0,0,1.74536,0.258517,1.36674,0.66528,12.849,1,0.390118,1.27053,0,71.5893,5.06268,67.407,0.84672,12.849,0.84672,3695.15,0,0,0,2.06089,1.37142,9.35366,1.09265,11.6933,0.42336,0,0.42336,460.49,0,1.02816,0,0,3.08905,2.06089,1.028160,1,0,80.4671,0,0,0,80.4671,0
72.29,2.19516,0,0,3.49426,0.151169,1.14793,3.6288,61.308,0.120212,0,0,1.78036,0.258517,1.40163,0.66528,12.849,1,0.390174,1.14793,0,68.2569,5.06268,63.9519,0.84672,12.849,0.84672,3695.15,0,0,0,2.39738,1.37157,8.94672,1.09265,11.623,0.42336,0,0.42336,460.49,0,1.02816,0,0,3.42554,2.39738,1.028160,1,0,76.9766,0,0,0,76.9766,0
72.29,2.19548,0,0,3.18744,0.166107,0.825859,3.6288,61.308,0.12032,0,0,1.5979,0.252699,1.22488,0.66528,12.849,1,0.390229,0.825859,0,63.1363,4.70441,58.8675,0.84672,12.849,0.84672,3695.15,0,0,0,2.08696,1.37172,8.0644,1.10214,10.4209,0.42336,0,0.42336,460.49,0,1.02816,0,0,3.11512,2.08696,1.028160,1,0,70.5133,0,0,0,70.5133,0
72.29,2.17383,0,0,2.91193,0.11805,0.620056,3.6288,61.308,0.144283,0,0,1.17698,0.254656,0.778036,0.66528,12.849,1,0.386381,0.620056,0,54.858,4.92398,50.1677,0.84672,12.849,0.84672,3695.15,0,0,0,1.0973,1.37188,6.8586,1.06771,8.26007,0.42336,0,0.42336,460.49,0,1.02816,0,0,2.12546,1.0973,1.028160,1,0,59.2058,0,0,0,59.2058,0
72.29,2.17414,0,0,2.77188,0.10848,0.48926,3.6288,61.308,0.144395,0,0,1.13631,0.2702,0.721712,0.66528,12.849,1,0.386436,0.48926,0,52.659,5.14115,47.6207,0.84672,12.849,0.84672,3695.15,0,0,0,1.07478,1.38561,6.60692,1.14121,7.92611,0.42336,0,0.42336,460.49,0,1.02816,0,0,2.10294,1.07478,1.028160,1,0,56.2685,0,0,0,56.2685,0
72.2734,2.17445,0,0,2.61519,0.0944141,0.36288,3.6288,61.308,0.144506,0,0,1.09623,0.290128,0.6616,0.66528,12.849,1,0.386492,0.36288,0,49.8807,5.70237,44.1547,0.84672,12.849,0.84672,3695.15,0,0,0,1.13535,1.38577,6.55309,1.27956,7.79465,0.42336,0,0.42336,460.49,0,1.02816,0,0,2.16351,1.13535,1.028160,1,0,52.611,0,0,0,52.611,0
72.0314,2.17468,0,0,2.39385,0.0983448,0.36288,3.6288,61.308,0.144618,0,0,1.06194,0.282555,0.63477,0.66528,12.849,1,0.386622,0.36288,0,49.2495,5.70969,43.516,0.84672,12.849,0.84672,3695.15,0,0,0,1.02814,1.38592,6.05284,1.2614,7.2055,0.42336,0,0.42336,460.49,0,1.02816,0,0,2.0563,1.02814,1.028160,1,0,51.3563,0,0,0,51.3563,0
71.7654,2.23062,0,0,2.41195,0.0844157,0.36288,3.6288,61.308,0.166,0,0,1.0136,0.310674,0.536928,0.66528,12.849,1,0.397899,0.36288,0,41.6774,5.76286,35.8795,0.84672,12.849,0.84672,3695.15,0,0,0,0.776235,1.38608,4.97643,1.41295,5.72579,0.42336,0,0.42336,460.49,0,1.02816,0,0,1.80439,0.776235,1.028160,1,0,42.1422,0,0,0,42.1422,0
71.4786,2.22968,0,0,2.38448,0.0787568,0.36288,3.6288,61.308,0.166114,0,0,0.890533,0.321922,0.402498,0.66528,12.849,1,0.399206,0.36288,0,52.0605,5.78413,46.24,0.84672,12.849,0.84672,3695.15,0,0,0,0.844016,1.41519,5.0429,1.47357,5.82853,0.42336,0,0.42336,460.49,0,1.02816,0,0,1.87218,0.844016,1.028160,1,0,52.4711,0,0,0,52.4711,0
71.0412,2.22864,0,0,2.23272,0.0785847,0.36288,3.6288,61.308,0.166228,0,0,0.828179,0.321922,0.340029,0.66528,12.849,1,0.400621,0.36288,0,41.7995,5.78413,35.9777,0.84672,12.849,0.84672,3695.15,0,0,0,0.8093,1.41535,4.54578,1.47357,5.29686,0.42336,0,0.42336,460.49,0,1.02816,0,0,1.83746,0.8093,1.028160,1,0,41.6146,0,0,0,41.6146,0
70.4059,2.22687,0,0,2.03281,0.0783222,0.36288,3.6288,61.308,0.166343,0,0,0.78624,0.321922,0.297976,0.66528,12.849,1,0.402768,0.36288,0,38.0946,5.78413,32.2706,0.84672,12.849,0.84672,3695.15,0,0,0,0.526556,1.41551,4.24018,1.47357,4.70867,0.42336,0,0.42336,460.49,0,1.02816,0,0,1.55472,0.526556,1.028160,1,0,37.2773,0,0,0,37.2773,0
70.0554,2.38974,0,0,2.47385,0.0718171,0.36288,3.6288,61.308,0.243273,0,0,0.939695,0.331595,0.364828,0.66528,12.849,1,0.436124,0.36288,0,39.0758,5.95834,33.0442,0.84672,12.849,0.84672,3695.15,0,0,0,1.17404,1.41567,6.72699,1.51466,7.80203,0.42336,0,0.42336,460.49,0,1.02816,0,0,2.2022,1.17404,1.028160,1,0,41.2111,0,0,0,41.2111,0
69.562,2.38823,0,0,2.34158,0.0837742,0.36288,3.6288,61.308,0.243397,0,0,0.674041,0.326671,0.103973,0.66528,12.849,1,0.43803,0.36288,0,33.8794,5.95384,27.8504,0.84672,12.849,0.84672,3695.15,0,0,0,0.570966,1.51188,5.37322,1.54023,5.91584,0.42336,0,0.42336,460.49,0,1.02816,0,0,1.59913,0.570966,1.028160,1,0,33.8702,0,0,0,33.8702,0
69.3288,2.38595,0,0,2.59654,0.0809424,0.36288,3.6288,61.308,0.243521,0,0,0.804868,0.32228,0.239066,0.66528,12.849,1,0.440715,0.36288,0,40.6179,5.9872,34.5529,0.84672,12.849,0.84672,3695.15,0,0,0,0.944957,1.51205,5.37523,1.5512,6.28103,0.42336,0,0.42336,460.49,0,1.02816,0,0,1.97312,0.944957,1.028160,1,0,41.073,0,0,0,41.073,0
68.5589,2.38503,0,0,2.05878,0.0807961,0.36288,3.6288,61.308,0.243645,0,0,0.604111,0.32228,0.0381856,0.66528,12.849,1,0.442028,0.36288,0,44.6001,5.9872,38.5338,0.84672,12.849,0.84672,3695.15,0,0,0,0.453747,1.51222,4.31589,1.5512,4.73065,0.42336,0,0.42336,460.49,0,1.02816,0,0,1.48191,0.453747,1.028160,1,0,43.3026,0,0,0,43.3026,0
68.2369,2.38119,0,0,2.50237,0.0803133,0.36288,3.6288,61.308,0.243769,0,0,0.97125,0.32228,0.4052,0.66528,12.849,1,0.446272,0.36288,0,38.8778,5.9872,32.8072,0.84672,12.849,0.84672,3695.15,0,0,0,1.42877,1.51239,6.21864,1.5512,7.6086,0.42336,0,0.42336,460.49,0,1.02816,0,0,2.45693,1.42877,1.028160,1,0,40.821,0,0,0,40.821,0
67.8245,2.29938,0,0,2.35118,0.101294,0.36288,3.6288,61.308,0.197239,0,0,0.915408,0.265062,0.453106,0.66528,12.849,1,0.432973,0.36288,0,56.89,5.39122,51.4287,0.84672,12.849,0.84672,3695.15,0,0,0,1.63622,1.51256,6.23144,1.40578,7.97444,0.42336,0,0.42336,460.49,0,1.02816,0,0,2.66438,1.63622,1.028160,1,0,59.8562,0,0,0,59.8562,0
66.631,2.2975,0,0,1.56787,0.100967,0.36288,3.6288,61.308,0.197358,0,0,0.696609,0.265062,0.234189,0.66528,12.849,1,0.435249,0.36288,0,35.6879,5.39122,30.2243,0.84672,12.849,0.84672,3695.15,0,0,0,0.641719,1.45879,4.20553,1.40578,4.90025,0.42336,0,0.42336,460.49,0,1.02816,0,0,1.66988,0.641719,1.028160,1,0,35.3587,0,0,0,35.3587,0
66.8962,2.29129,0,0,3.077,0.15769,0.36288,3.6288,61.308,0.197476,0,0,1.03851,0.268141,0.572894,0.66528,12.849,1,0.441847,0.36288,0,41.7632,5.02227,36.6619,0.84672,12.849,0.84672,3695.15,0,0,0,1.47224,1.45895,6.58495,1.33036,8.18578,0.42336,0,0.42336,460.49,0,1.02816,0,0,2.5004,1.47224,1.028160,1,0,45.4206,0,0,0,45.4206,0
69.0908,2.29308,0,0,5.06441,0.213803,0.36288,3.6288,61.308,0.197594,0,0,1.66272,0.284939,1.18019,0.66528,12.849,1,0.440441,0.36288,0,73.0127,4.73151,68.2036,0.84672,12.849,0.84672,3695.15,0,0,0,3.06742,1.45912,12.0226,1.23684,15.3123,0.42336,0,0.42336,460.49,0,1.02816,0,0,4.09558,3.06742,1.028160,1,0,84.696,0,0,0,84.696,0
68.4294,2.23907,0,0,2.20207,0.261503,0.36288,3.6288,61.308,0.155223,0,0,0.854037,0.229215,0.469599,0.66528,12.849,1,0.416406,0.36288,0,50.932,4.33371,46.5448,0.84672,12.849,0.84672,3695.15,0,0,0,0.752129,1.45928,6.77685,1.12909,7.85917,0.42336,0,0.42336,460.49,0,1.02816,0,0,1.78029,0.752129,1.028160,1,0,54.8736,0,0,0,54.8736,0
69.6509,2.236,0,0,4.11334,0.292979,0.36288,3.6288,61.308,0.155336,0,0,1.9487,0.187422,1.60594,0.66528,12.849,1,0.419854,0.36288,0,105.735,4.03536,101.642,0.84672,12.849,0.84672,3695.15,0,0,0,3.23165,1.41192,14.6818,1.04828,18.2771,0.42336,0,0.42336,460.49,0,1.02816,0,0,4.25981,3.23165,1.028160,1,0,121.525,0,0,0,121.525,0
69.5811,2.24254,0,0,2.84502,0.309449,0.36288,3.6288,61.308,0.155449,0,0,1.32382,0.192048,0.976324,0.66528,12.849,1,0.413697,0.36288,0,79.6206,3.91254,75.6573,0.84672,12.849,0.84672,3695.15,0,0,0,1.87294,1.41208,8.54384,1.00585,10.823,0.42336,0,0.42336,460.49,0,1.02816,0,0,2.9011,1.87294,1.028160,1,0,87.4566,0,0,0,87.4566,0
69.9068,2.24251,0,0,3.27459,0.343444,0.36288,3.6288,61.308,0.155562,0,0,1.61289,0.203613,1.25371,0.66528,12.849,1,0.414106,0.36288,0,49.9576,3.60549,46.3009,0.84672,12.849,0.84672,3695.15,0,0,0,2.36304,1.41223,10.9035,0.899794,13.779,0.42336,0,0.42336,460.49,0,1.02816,0,0,3.3912,2.36304,1.028160,1,0,61.3336,0,0,0,61.3336,0
71.3637,2.05618,0,0,4.21317,0.337273,0.36288,3.6288,61.308,0.0671377,0,0,1.92986,0.210564,1.65215,0.66528,12.849,1,0.37793,0.36288,0,90.8504,3.71838,87.1169,0.84672,12.849,0.84672,3695.15,0,0,0,2.81813,1.41239,13.6286,0.954989,16.9042,0.42336,0,0.42336,460.49,0,1.02816,0,0,3.84629,2.81813,1.028160,1,0,105.673,0,0,0,105.673,0
72.29,2.06302,0,0,5.40955,0.323275,2.09692,3.6288,61.308,0.0672393,0,0,2.01672,0.22794,1.72154,0.66528,12.849,1,0.371446,2.09692,0,140.683,4.00061,138.408,0.84672,12.849,0.84672,3695.15,0,0,0,3.56244,1.30238,17.9512,1.09297,21.723,0.42336,0,0.42336,460.49,0,1.02816,0,0,4.5906,3.56244,1.028160,1,0,161.853,0,0,0,161.853,0
72.29,2.06736,0,0,6.549,0.325564,4.15608,3.6288,61.308,0.0673408,0,0,2.17884,0.22794,1.88356,0.66528,12.849,1,0.367457,4.15608,0,171.159,4.00061,170.947,0.84672,12.849,0.84672,3695.15,0,0,0,1.77762,1.30252,14.6657,1.09297,16.6529,0.42336,0,0.42336,460.49,0,1.02816,0,0,2.80578,1.77762,1.028160,1,0,189.484,0,0,0,189.484,0
72.29,2.06766,0,0,6.62772,0.325564,4.2345,3.6288,61.308,0.0674425,0,0,5.69456,0.22794,5.39918,0.66528,12.849,1,0.36751,4.2345,0,172.694,4.00061,172.56,0.84672,12.849,0.84672,3695.15,0,0,0,3.96023,1.30267,21.7564,1.09297,25.9263,0.42336,0,0.42336,460.49,0,1.02816,0,0,4.98839,3.96023,1.028160,1,0,203.886,0,0,0,203.886,0
72.29,2.06795,0,0,4.13652,0.312363,1.7562,3.6288,61.308,0.0675441,0,0,1.94115,0.204717,1.66889,0.66528,12.849,1,0.367563,1.7562,0,104.731,3.75569,102.364,0.84672,12.849,0.84672,3695.15,0,0,0,1.88149,1.30281,13.0042,0.916461,15.2721,0.42336,0,0.42336,460.49,0,1.02816,0,0,2.90965,1.88149,1.028160,1,0,119.305,0,0,0,119.305,0
72.29,2.14108,0,0,3.54541,0.284166,1.12016,3.6288,61.308,0.0932981,0,0,1.28516,0.226886,0.964973,0.66528,12.849,1,0.380561,1.12016,0,95.0262,5.02802,90.7378,0.84672,12.849,0.84672,3695.15,0,0,0,1.64938,1.30296,7.48136,1.3683,9.06539,0.42336,0,0.42336,460.49,0,1.02816,0,0,2.67754,1.64938,1.028160,1,0,100.768,0,0,0,100.768,0
72.29,2.14138,0,0,4.06751,0.281117,1.64502,3.6288,61.308,0.0933981,0,0,1.2062,0.233484,0.879314,0.66528,12.849,1,0.380613,1.64502,0,71.248,5.27069,67.2418,0.84672,12.849,0.84672,3695.15,0,0,0,1.41,1.33899,6.08925,1.46567,7.37257,0.42336,0,0.42336,460.49,0,1.02816,0,0,2.43816,1.41,1.028160,1,0,75.4936,0,0,0,75.4936,0
72.29,2.14167,0,0,5.26233,0.281117,2.83954,3.6288,61.308,0.093498,0,0,1.21702,0.233484,0.89004,0.66528,12.849,1,0.380666,2.83954,0,76.7051,5.27069,73.8932,0.84672,12.849,0.84672,3695.15,0,0,0,1.51534,1.33914,6.01175,1.46567,7.40056,0.42336,0,0.42336,460.49,0,1.02816,0,0,2.5435,1.51534,1.028160,1,0,82.1838,0,0,0,82.1838,0
72.2796,2.14196,0,0,2.81246,0.318064,0.36288,3.6288,61.308,0.093598,0,0,1.31241,0.216941,1.00187,0.66528,12.849,1,0.380718,0.36288,0,54.692,4.35922,50.3149,0.84672,12.849,0.84672,3695.15,0,0,0,1.77894,1.33928,5.13651,1.18484,7.06989,0.42336,0,0.42336,460.49,0,1.02816,0,0,2.8071,1.77894,1.028160,1,0,58.3867,0,0,0,58.3867,0
72.29,2.3762,0,0,3.84845,0.351234,1.11058,3.6288,61.308,0.190049,0,0,1.42288,0.205402,1.02743,0.66528,12.849,1,0.422412,1.11058,0,71.0506,3.76563,67.9731,0.84672,12.849,0.84672,3695.15,0,0,0,2.46463,1.33942,6.148,0.97971,8.97234,0.42336,0,0.42336,460.49,0,1.02816,0,0,3.49279,2.46463,1.028160,1,0,77.9729,0,0,0,77.9729,0
72.29,2.37657,0,0,4.00975,0.358578,1.27461,3.6288,61.308,0.190161,0,0,1.16339,0.206559,0.766668,0.66528,12.849,1,0.422417,1.27461,0,69.7403,3.88563,66.7069,0.84672,12.849,0.84672,3695.15,0,0,0,2.44998,1.46565,6.21239,0.987038,9.14099,0.42336,0,0.42336,460.49,0,1.02816,0,0,3.47814,2.44998,1.028160,1,0,76.6146,0,0,0,76.6146,0
72.29,2.37689,0,0,3.11964,0.333575,0.409168,3.6288,61.308,0.190273,0,0,0.86691,0.21373,0.462908,0.66528,12.849,1,0.422475,0.409168,0,59.6036,3.93198,55.6583,0.84672,12.849,0.84672,3695.15,0,0,0,1.72564,1.46581,5.85904,1.03643,8.01406,0.42336,0,0.42336,460.49,0,1.02816,0,0,2.7538,1.72564,1.028160,1,0,64.1352,0,0,0,64.1352,0
72.29,2.37721,0,0,3.12584,0.300238,0.448387,3.6288,61.308,0.190384,0,0,1.04217,0.223291,0.628495,0.66528,12.849,1,0.422532,0.448387,0,92.2225,3.99378,88.2546,0.84672,12.849,0.84672,3695.15,0,0,0,1.94317,1.46596,5.43949,1.10229,7.74633,0.42336,0,0.42336,460.49,0,1.02816,0,0,2.97133,1.94317,1.028160,1,0,96.6294,0,0,0,96.6294,0
72.29,2.04362,0,0,3.47776,0.3073,1.12684,3.6288,61.308,0.0611291,0,0,1.49194,0.192565,1.23824,0.66528,12.849,1,0.363238,1.12684,0,77.6356,3.65785,74.7413,0.84672,12.849,0.84672,3695.15,0,0,0,1.31268,1.46612,5.97809,0.950847,7.80605,0.42336,0,0.42336,460.49,0,1.02816,0,0,2.34084,1.31268,1.028160,1,0,83.7856,0,0,0,83.7856,0
72.29,2.0439,0,0,4.74968,0.316715,2.38906,3.6288,61.308,0.0612252,0,0,1.26368,0.151596,1.05086,0.66528,12.849,1,0.363288,2.38906,0,101.073,3.20996,99.8891,0.84672,12.849,0.84672,3695.15,0,0,0,2.35313,1.29263,8.06855,0.748918,10.9654,0.42336,0,0.42336,460.49,0,1.02816,0,0,3.38129,2.35313,1.028160,1,0,111.905,0,0,0,111.905,0
72.29,2.04418,0,0,4.45221,0.316715,2.09131,3.6288,61.308,0.0613212,0,0,0.94519,0.151596,0.732273,0.66528,12.849,1,0.363338,2.09131,0,80.6172,3.20996,79.1353,0.84672,12.849,0.84672,3695.15,0,0,0,1.53128,1.29277,6.62969,0.748918,8.70481,0.42336,0,0.42336,460.49,0,1.02816,0,0,2.55944,1.53128,1.028160,1,0,88.5724,0,0,0,88.5724,0
72.29,2.04446,0,0,3.52134,0.316715,1.16017,3.6288,61.308,0.0614173,0,0,0.693103,0.151596,0.48009,0.66528,12.849,1,0.363388,1.16017,0,85.6725,3.20996,83.2593,0.84672,12.849,0.84672,3695.15,0,0,0,0.760078,1.2929,5.04444,0.748918,6.3485,0.42336,0,0.42336,460.49,0,1.02816,0,0,1.78824,0.760078,1.028160,1,0,90.0879,0,0,0,90.0879,0
72.0154,2.04475,0,0,2.4271,0.294058,0.36288,3.6288,61.308,0.163422,0,0,0.474979,0.139563,0.171993,0.66528,12.849,1,0.363438,0.36288,0,68.9118,3.03556,65.8757,0.84672,12.849,0.84672,3695.15,0,0,0,0.558835,1.29304,4.50659,0.723868,5.6346,0.42336,0,0.42336,460.49,0,0.926251,0,0,1.48509,0.558835,1.028160,1,0,71.6822,0,0,0,71.6822,0
72.29,2.1279,0,0,4.42549,0.331085,1.69192,3.6288,61.308,0.0932769,0,0,1.37729,0.15768,1.12633,0.66528,12.849,1,0.379661,1.69192,0,112.685,3.05109,110.946,0.84672,12.849,0.84672,3695.15,0,0,0,2.62222,1.29318,7.19512,0.6213,10.4892,0.42336,0,0.42336,460.49,0,1.02816,0,0,3.65038,2.62222,1.028160,1,0,122.561,0,0,0,122.561,0
72.29,2.12942,0,0,4.2457,0.331776,1.7845,3.6288,61.308,0.0933769,0,0,1.80444,0.15768,1.55338,0.66528,12.849,1,0.378488,1.7845,0,131.748,3.05109,130.103,0.84672,12.849,0.84672,3695.15,0,0,0,3.00949,1.33634,10.0572,0.6213,13.7818,0.42336,0,0.42336,460.49,0,1.02816,0,0,4.03765,3.00949,1.028160,1,0,145.438,0,0,0,145.438,0
72.29,2.12971,0,0,3.92636,0.331776,1.46487,3.6288,61.308,0.0934769,0,0,1.78413,0.15768,1.53297,0.66528,12.849,1,0.37854,1.46487,0,127.237,3.05109,125.272,0.84672,12.849,0.84672,3695.15,0,0,0,2.782,1.33648,9.83068,0.6213,13.3279,0.42336,0,0.42336,460.49,0,1.02816,0,0,3.81016,2.782,1.028160,1,0,140.133,0,0,0,140.133,0
72.29,2.13,0,0,3.45584,0.316687,1.00915,3.6288,61.308,0.0935769,0,0,1.34732,0.156015,1.09773,0.66528,12.849,1,0.378592,1.00915,0,94.9925,3.14994,92.4731,0.84672,12.849,0.84672,3695.15,0,0,0,2.12971,1.33662,6.17896,0.627728,9.01756,0.42336,0,0.42336,460.49,0,1.02816,0,0,3.15787,2.12971,1.028160,1,0,102.588,0,0,0,102.588,0
72.29,2.09739,0,0,3.10001,0.268714,0.733898,3.6288,61.308,0.0813717,0,0,1.43999,0.188671,1.16994,0.66528,12.849,1,0.372796,0.733898,0,85.0668,4.14465,81.2833,0.84672,12.849,0.84672,3695.15,0,0,0,1.60307,1.33676,5.65727,0.863371,7.73374,0.42336,0,0.42336,460.49,0,1.02816,0,0,2.63123,1.60307,1.028160,1,0,90.187,0,0,0,90.187,0
72.29,2.09768,0,0,2.96526,0.238252,0.629323,3.6288,61.308,0.0814702,0,0,1.40239,0.212135,1.10879,0.66528,12.849,1,0.372847,0.629323,0,77.3608,4.52151,73.0958,0.84672,12.849,0.84672,3695.15,0,0,0,1.69258,1.32014,5.41669,0.956634,7.47278,0.42336,0,0.42336,460.49,0,1.02816,0,0,2.72074,1.69258,1.028160,1,0,81.6774,0,0,0,81.6774,0
72.29,2.09797,0,0,2.77637,0.238252,0.440147,3.6288,61.308,0.0815688,0,0,1.4068,0.212135,1.1131,0.66528,12.849,1,0.372898,0.440147,0,71.1893,4.52151,66.735,0.84672,12.849,0.84672,3695.15,0,0,0,1.61384,1.32028,5.12876,0.956634,7.10624,0.42336,0,0.42336,460.49,0,1.02816,0,0,2.642,1.61384,1.028160,1,0,74.9544,0,0,0,74.9544,0
72.2482,2.09826,0,0,2.65756,0.238252,0.36288,3.6288,61.308,0.0816674,0,0,1.74638,0.212135,1.45258,0.66528,12.849,1,0.372949,0.36288,0,67.8491,4.52151,63.3175,0.84672,12.849,0.84672,3695.15,0,0,0,2.17878,1.32042,6.14961,0.956634,8.69218,0.42336,0,0.42336,460.49,0,1.02816,0,0,3.20694,2.17878,1.028160,1,0,73.4622,0,0,0,73.4622,0
71.7648,2.21008,0,0,2.34138,0.25183,0.36288,3.6288,61.308,0.125425,0,0,1.36103,0.165937,1.06967,0.66528,12.849,1,0.393052,0.36288,0,56.7108,4.24029,52.4403,0.84672,12.849,0.84672,3695.15,0,0,0,1.53573,1.32056,5.0549,0.798318,7.11287,0.42336,0,0.42336,460.49,0,1.02816,0,0,2.56389,1.53573,1.028160,1,0,60.6229,0,0,0,60.6229,0
71.1735,2.20814,0,0,2.18849,0.208743,0.36288,3.6288,61.308,0.125529,0,0,1.321,0.206432,0.989035,0.66528,12.849,1,0.395352,0.36288,0,51.1465,4.88058,46.2334,0.84672,12.849,0.84672,3695.15,0,0,0,1.19489,1.37909,4.32018,0.986521,5.90763,0.42336,0,0.42336,460.49,0,1.02816,0,0,2.22305,1.19489,1.028160,1,0,53.1301,0,0,0,53.1301,0
70.3614,2.20565,0,0,1.91779,0.161365,0.36288,3.6288,61.308,0.125633,0,0,1.05141,0.199686,0.726091,0.66528,12.849,1,0.398188,0.36288,0,44.2743,4.69056,39.5484,0.84672,12.849,0.84672,3695.15,0,0,0,1.15678,1.37923,3.9473,0.949302,5.53402,0.42336,0,0.42336,460.49,0,1.02816,0,0,2.18494,1.15678,1.028160,1,0,45.8085,0,0,0,45.8085,0
69.4789,2.20207,0,0,1.83528,0.152862,0.36288,3.6288,61.308,0.125737,0,0,1.10548,0.201471,0.778272,0.66528,12.849,1,0.402129,0.36288,0,41.5986,4.74474,36.8146,0.84672,12.849,0.84672,3695.15,0,0,0,1.14452,1.37938,4.11229,0.939273,5.69693,0.42336,0,0.42336,460.49,0,1.02816,0,0,2.17268,1.14452,1.028160,1,0,43.2898,0,0,0,43.2898,0
68.5194,2.19806,0,0,1.75327,0.151823,0.36288,3.6288,61.308,0.125841,0,0,1.11016,0.201471,0.782851,0.66528,12.849,1,0.406495,0.36288,0,39.0842,4.74474,34.2958,0.84672,12.849,0.84672,3695.15,0,0,0,1.04881,1.37953,3.95425,0.939273,5.44332,0.42336,0,0.42336,460.49,0,1.02816,0,0,2.07697,1.04881,1.028160,1,0,40.522,0,0,0,40.522,0
68.0514,2.17163,0,0,2.19708,0.130549,0.36288,3.6288,61.308,0.149955,0,0,1.04571,0.250446,0.645307,0.66528,12.849,1,0.407233,0.36288,0,38.409,4.92366,33.441,0.84672,12.849,0.84672,3695.15,0,0,0,0.726814,1.37967,3.47903,1.1017,4.48382,0.42336,0,0.42336,460.49,0,1.02816,0,0,1.75497,0.726814,1.028160,1,0,38.5701,0,0,0,38.5701,0
67.4079,2.16958,0,0,2.01906,0.130072,0.36288,3.6288,61.308,0.150062,0,0,1.01566,0.250446,0.61515,0.66528,12.849,1,0.409644,0.36288,0,37.8024,4.92366,32.832,0.84672,12.849,0.84672,3695.15,0,0,0,0.72754,1.39349,3.50814,1.1017,4.52748,0.42336,0,0.42336,460.49,0,1.02816,0,0,1.7557,0.72754,1.028160,1,0,37.9746,0,0,0,37.9746,0
66.5869,2.16659,0,0,1.83784,0.129416,0.36288,3.6288,61.308,0.150169,0,0,0.949942,0.250446,0.549327,0.66528,12.849,1,0.412985,0.36288,0,36.2902,4.92366,31.3164,0.84672,12.849,0.84672,3695.15,0,0,0,0.49305,1.39364,3.29558,1.1017,4.08058,0.42336,0,0.42336,460.49,0,1.02816,0,0,1.52121,0.49305,1.028160,1,0,35.9463,0,0,0,35.9463,0
65.6364,2.16261,0,0,1.68994,0.114916,0.36288,3.6288,61.308,0.150276,0,0,0.906941,0.283353,0.473312,0.66528,12.849,1,0.417311,0.36288,0,32.1723,5.34711,26.7708,0.84672,12.849,0.84672,3695.15,0,0,0,0.485464,1.39379,3.17105,1.25626,3.79404,0.42336,0,0.42336,460.49,0,1.02816,0,0,1.51362,0.485464,1.028160,1,0,31.0382,0,0,0,31.0382,0
64.7614,2.21412,0,0,1.80258,0.100623,0.36288,3.6288,61.308,0.171792,0,0,0.768303,0.317931,0.27858,0.66528,12.849,1,0.433436,0.36288,0,29.4147,5.80431,23.5398,0.84672,12.849,0.84672,3695.15,0,0,0,0.452373,1.39394,2.70634,1.46676,3.08589,0.42336,0,0.42336,460.49,0,1.02816,0,0,1.48053,0.452373,1.028160,1,0,26.9043,0,0,0,26.9043,0
63.7466,2.20953,0,0,1.661,0.103385,0.36288,3.6288,61.308,0.171902,0,0,0.654126,0.310958,0.171266,0.66528,12.849,1,0.438382,0.36288,0,27.9513,5.72376,22.152,0.84672,12.849,0.84672,3695.15,0,0,0,0.33626,1.42323,2.43297,1.47007,2.7224,0.42336,0,0.42336,460.49,0,1.02816,0,0,1.36442,0.33626,1.028160,1,0,25.0457,0,0,0,25.0457,0
62.5958,2.20402,0,0,1.51864,0.102541,0.36288,3.6288,61.308,0.172011,0,0,0.631869,0.310958,0.1489,0.66528,12.849,1,0.444251,0.36288,0,26.2494,5.72376,20.4442,0.84672,12.849,0.84672,3695.15,0,0,0,0.228977,1.42339,2.31811,1.47007,2.50041,0.42336,0,0.42336,460.49,0,1.02816,0,0,1.25714,0.228977,1.028160,1,0,23.0935,0,0,0,23.0935,0
61.2521,2.19754,0,0,1.30316,0.0863905,0.36288,3.6288,61.308,0.182843,0,0,0.629277,0.31732,0.129114,0.66528,12.849,1,0.451089,0.36288,0,25.0383,5.98306,18.967,0.84672,12.849,0.84672,3695.15,0,0,0,0.227405,1.42354,2.30339,1.48534,2.46899,0.42336,0,0.42336,460.49,0,1.01744,0,0,1.24484,0.227405,1.028160,1,0,21.5651,0,0,0,21.5651,0
59.5338,2.35259,0,0,1.09163,0.0944616,0.36288,3.6288,61.2866,0.288847,0,0,0.573513,0.306111,0,0.66528,12.849,1,0.493509,0.36288,0,22.5021,5.8204,16.5511,0.84672,12.849,0.84672,3695.15,0,0,0,0.227405,1.42369,2.18821,1.38748,2.45183,0.42336,0,0.42336,460.49,0,0.988857,0,0,1.21626,0.227405,1.028160,1,0,19.0029,0,0,0,19.0029,0
57.6145,2.3412,0,0,0.874515,0.0897142,0.36288,3.6288,61.1468,0.264515,0,0,0.431349,0.306551,0,0.66528,12.849,1,0.505293,0.36288,0,16.2379,5.6657,10.4298,0.84672,12.849,0.84672,3695.15,0,0,0,0.227405,1.52051,2.13602,1.51237,2.37157,0.42336,0,0.42336,460.49,0,1.01331,0,0,1.24071,0.227405,1.028160,1,0,12.8014,0,0,0,12.8014,0
56.1394,2.32775,0,0,1.31258,0.0970777,0.36288,3.6288,61.1065,0.249782,0,0,0.513608,0.304137,0,0.66528,12.849,1,0.519126,0.36288,0,23.9781,5.60632,18.2155,0.84672,12.849,0.84672,3695.15,0,0,0,0.45773,1.52068,2.26997,1.50509,2.74329,0.42336,0,0.42336,460.49,0,1.02816,0,0,1.48589,0.45773,1.028160,1,0,20.9588,0,0,0,20.9588,0
55.1985,2.31696,0,0,1.84827,0.109299,0.36288,3.6288,61.2209,0.249901,0,0,0.659233,0.294971,0,0.66528,12.849,1,0.530298,0.36288,0,31.2977,5.61066,25.5196,0.84672,12.849,0.84672,3695.15,0,0,0,0.528232,1.52084,2.4993,1.48482,3.06355,0.42336,0,0.42336,460.49,0,1.02816,0,0,1.55639,0.528232,1.028160,1,0,28.5832,0,0,0,28.5832,0
54.2331,2.30994,0,0,1.8093,0.101891,0.36288,3.6288,61.308,0.25002,0,0,0.68801,0.292383,0.0584935,0.66528,12.849,1,0.537703,0.36288,0,28.7964,5.72523,22.8964,0.84672,12.849,0.84672,3695.15,0,0,0,0.920791,1.52101,2.41399,1.48327,3.37251,0.42336,0,0.42336,460.49,0,1.02816,0,0,1.94895,0.920791,1.028160,1,0,26.3274,0,0,0,26.3274,0
52.8815,2.2248,0,0,1.33088,0.0948478,0.36288,3.6288,61.308,0.203185,0,0,0.638424,0.336566,0.0986738,0.66528,12.849,1,0.527103,0.36288,0,23.7839,5.73216,17.8876,0.84672,12.849,0.84672,3695.15,0,0,0,0.411186,1.52117,2.43638,1.55335,2.81539,0.42336,0,0.42336,460.49,0,1.02816,0,0,1.43935,0.411186,1.028160,1,0,20.8016,0,0,0,20.8016,0
51.3169,2.21426,0,0,1.14721,0.134647,0.36288,3.6288,61.1605,0.361678,0,0,0.523562,0.309399,0,0.66528,12.849,1,0.538015,0.36288,0,18.9213,5.45724,13.2889,0.84672,12.849,0.84672,3695.15,0,0,0,0.216518,1.46704,1.92565,1.4702,2.13901,0.42336,0,0.42336,460.49,0,0.86978,0,0,1.0863,0.216518,1.028160,1,0,15.4279,0,0,0,15.4279,0
50.3241,2.20144,0,0,1.72056,0.149052,0.36288,3.6288,61.2643,0.203412,0,0,0.602586,0.295321,0,0.66528,12.849,1,0.551209,0.36288,0,23.0434,5.34681,17.5083,0.84672,12.849,0.84672,3695.15,0,0,0,0.323508,1.4672,2.04822,1.43228,2.40665,0.42336,0,0.42336,460.49,0,1.02816,0,0,1.35167,0.323508,1.028160,1,0,19.9149,0,0,0,19.9149,0
49.9437,2.19308,0,0,2.32304,0.147508,0.36288,3.6288,61.308,0.203525,0,0,0.973728,0.295515,0.431025,0.66528,12.849,1,0.559947,0.36288,0,45.9837,5.34681,40.4398,0.84672,12.849,0.84672,3695.15,0,0,0,1.1696,1.46736,3.22638,1.43228,4.43106,0.42336,0,0.42336,460.49,0,1.02816,0,0,2.19776,1.1696,1.028160,1,0,45.3019,0,0,0,45.3019,0
49.703,2.12719,0,0,2.4388,0.189358,0.36288,3.6288,61.308,0.160877,0,0,1.04571,0.280394,0.604436,0.66528,12.849,1,0.547263,0.36288,0,61.8221,5.24862,56.389,0.84672,12.849,0.84672,3695.15,0,0,0,1.09062,1.46752,3.72066,1.38641,4.89239,0.42336,0,0.42336,460.49,0,1.02816,0,0,2.11878,1.09062,1.028160,1,0,61.8859,0,0,0,61.8859,0
48.4137,2.12538,0,0,1.44421,0.24532,0.36288,3.6288,61.308,0.160986,0,0,0.786508,0.260124,0.365398,0.66528,12.849,1,0.549443,0.36288,0,45.6867,5.1177,40.3824,0.84672,12.849,0.84672,3695.15,0,0,0,1.02103,1.41984,3.08988,1.32525,4.2055,0.42336,0,0.42336,460.49,0,1.02816,0,0,2.04919,1.02103,1.028160,1,0,44.9533,0,0,0,44.9533,0
46.7043,2.1141,0,0,1.00951,0.241937,0.36288,3.6288,61.308,0.161094,0,0,0.539392,0.260124,0.118174,0.66528,12.849,1,0.561083,0.36288,0,26.0448,5.1177,20.7289,0.84672,12.849,0.84672,3695.15,0,0,0,0.397112,1.42,2.90933,1.32525,3.40119,0.42336,0,0.42336,460.49,0,1.02816,0,0,1.42527,0.397112,1.028160,1,0,24.2482,0,0,0,24.2482,0
45.4593,2.09828,0,0,1.45368,0.237444,0.36288,3.6288,61.308,0.161202,0,0,0.875154,0.260124,0.453828,0.66528,12.849,1,0.577267,0.36288,0,46.8964,5.1177,41.5643,0.84672,12.849,0.84672,3695.15,0,0,0,1.24124,1.42015,4.59064,1.32525,5.92677,0.42336,0,0.42336,460.49,0,1.02816,0,0,2.2694,1.24124,1.028160,1,0,47.9449,0,0,0,47.9449,0
45.7231,1.91137,0,0,2.81354,0.275525,0.36288,3.6288,61.308,0.0722073,0,0,1.37962,0.240343,1.06707,0.66528,12.849,1,0.540244,0.36288,0,58.5186,4.59076,53.7505,0.84672,12.849,0.84672,3695.15,0,0,0,1.56663,1.4203,7.64853,1.2346,9.40086,0.42336,0,0.42336,460.49,0,1.02816,0,0,2.59479,1.56663,1.028160,1,0,64.2184,0,0,0,64.2184,0
45.2388,1.91406,0,0,2.04988,0.257243,0.36288,3.6288,61.308,0.0723048,0,0,0.59986,0.223398,0.304157,0.66528,12.849,1,0.537885,0.36288,0,36.0677,4.43173,31.4609,0.84672,12.849,0.84672,3695.15,0,0,0,0.727039,1.30958,5.75727,1.12675,6.66714,0.42336,0,0.42336,460.49,0,1.02816,0,0,1.7552,0.727039,1.028160,1,0,38.4322,0,0,0,38.4322,0
46.9896,1.90984,0,0,4.27938,0.255848,0.36288,3.6288,61.308,0.0724023,0,0,1.83263,0.223398,1.53683,0.66528,12.849,1,0.542444,0.36288,0,101.171,4.43173,96.5602,0.84672,12.849,0.84672,3695.15,0,0,0,4.05226,1.30971,9.67654,1.12675,13.9118,0.42336,0,0.42336,460.49,0,1.02816,0,0,5.08042,4.05226,1.028160,1,0,112.009,0,0,0,112.009,0
48.725,1.92598,0,0,4.28516,0.260888,0.36288,3.6288,61.308,0.0724998,0,0,1.16167,0.223398,0.865776,0.66528,12.849,1,0.526645,0.36288,0,86.2608,4.43173,81.6653,0.84672,12.849,0.84672,3695.15,0,0,0,2.2841,1.30985,7.77738,1.12675,10.2446,0.42336,0,0.42336,460.49,0,1.02816,0,0,3.31226,2.2841,1.028160,1,0,92.7757,0,0,0,92.7757,0
50.5692,1.94109,0,0,4.39306,0.244894,0.36288,3.6288,61.308,0.0725974,0,0,0.790759,0.213024,0.505138,0.66528,12.849,1,0.511872,0.36288,0,62.2399,3.90043,58.1905,0.84672,12.849,0.84672,3695.15,0,0,0,1.72277,1.30999,6.37808,1.03869,8.37216,0.42336,0,0.42336,460.49,0,1.02816,0,0,2.75093,1.72277,1.028160,1,0,67.0678,0,0,0,67.0678,0
52.205,2.02507,0,0,4.2658,0.242061,0.36288,3.6288,61.308,0.0985104,0,0,1.66411,0.206897,1.3587,0.66528,12.849,1,0.514545,0.36288,0,108.638,4.24892,104.238,0.84672,12.849,0.84672,3695.15,0,0,0,2.06745,1.31013,7.2992,1.10434,9.57244,0.42336,0,0.42336,460.49,0,1.02816,0,0,3.09561,2.06745,1.028160,1,0,115.169,0,0,0,115.169,0
54.7794,2.03827,0,0,5.23306,0.257566,0.36288,3.6288,61.308,0.0986061,0,0,1.7286,0.258662,1.37134,0.66528,12.849,1,0.501672,0.36288,0,103.292,5.40718,97.7461,0.84672,12.849,0.84672,3695.15,0,0,0,2.41766,1.34639,10.9622,1.45091,13.2753,0.42336,0,0.42336,460.49,0,1.02816,0,0,3.44582,2.41766,1.028160,1,0,112.393,0,0,0,112.393,0
57.3113,2.05764,0,0,5.21687,0.264418,0.36288,3.6288,61.308,0.0987018,0,0,2.40029,0.258662,2.04292,0.66528,12.849,1,0.482638,0.36288,0,102.501,5.40718,96.9737,0.84672,12.849,0.84672,3695.15,0,0,0,3.1309,1.34653,10.2099,1.45091,13.2364,0.42336,0,0.42336,460.49,0,1.02816,0,0,4.15906,3.1309,1.028160,1,0,112.253,0,0,0,112.253,0
59.9226,2.07533,0,0,5.32067,0.271157,0.36288,3.6288,61.308,0.0987974,0,0,1.80285,0.258662,1.44539,0.66528,12.849,1,0.465281,0.36288,0,104.166,5.40718,98.656,0.84672,12.849,0.84672,3695.15,0,0,0,2.56823,1.34666,8.87155,1.45091,11.3355,0.42336,0,0.42336,460.49,0,1.02816,0,0,3.59639,2.56823,1.028160,1,0,111.437,0,0,0,111.437,0
61.2654,2.32066,0,0,4.3016,0.27528,0.36288,3.6288,61.308,0.195855,0,0,1.90734,0.25629,1.4552,0.66528,12.849,1,0.497611,0.36288,0,109.649,5.10604,104.409,0.84672,12.849,0.84672,3695.15,0,0,0,2.32818,1.3468,7.67985,1.37507,9.97976,0.42336,0,0.42336,460.49,0,1.02816,0,0,3.35634,2.32818,1.028160,1,0,115.844,0,0,0,115.844,0
62.7388,2.32997,0,0,4.4376,0.271355,0.36288,3.6288,61.308,0.195962,0,0,2.00162,0.25036,1.5553,0.66528,12.849,1,0.488658,0.36288,0,118.352,4.3532,113.873,0.84672,12.849,0.84672,3695.15,0,0,0,2.11711,1.47382,7.35497,1.18546,9.76044,0.42336,0,0.42336,460.49,0,1.02816,0,0,3.14527,2.11711,1.028160,1,0,125.189,0,0,0,125.189,0
66.1423,2.3398,0,0,6.38089,0.274665,0.36288,3.6288,61.308,0.196069,0,0,2.9327,0.25036,2.48627,0.66528,12.849,1,0.479195,0.36288,0,166.698,4.3532,162.229,0.84672,12.849,0.84672,3695.15,0,0,0,2.67322,1.47397,11.5322,1.18546,14.4939,0.42336,0,0.42336,460.49,0,1.02816,0,0,3.70138,2.67322,1.028160,1,0,179.209,0,0,0,179.209,0
70.1332,2.36075,0,0,6.99688,0.282313,0.36288,3.6288,61.308,0.196176,0,0,2.41256,0.25036,1.96603,0.66528,12.849,1,0.458606,0.36288,0,171.062,4.3532,166.614,0.84672,12.849,0.84672,3695.15,0,0,0,2.84062,1.47412,12.3915,1.18546,15.5208,0.42336,0,0.42336,460.49,0,1.02816,0,0,3.86878,2.84062,1.028160,1,0,184.1,0,0,0,184.1,0
72.29,2.04864,0,0,5.74506,0.296918,1.24274,3.6288,61.308,0.0660986,0,0,2.55571,0.209733,2.27988,0.66528,12.849,1,0.375328,1.24274,0,184.955,3.64694,182.175,0.84672,12.849,0.84672,3695.15,0,0,0,2.12352,1.47427,16.6288,0.991203,19.2354,0.42336,0,0.42336,460.49,0,1.02816,0,0,3.15168,2.12352,1.028160,1,0,203.691,0,0,0,203.691,0
72.29,2.05842,0,0,4.05391,0.303894,1.6916,3.6288,61.308,0.0661905,0,0,2.18984,0.172195,1.95146,0.66528,12.849,1,0.365868,1.6916,0,143.148,2.5284,141.945,0.84672,12.849,0.84672,3695.15,0,0,0,1.25494,1.29968,8.75664,0.677135,10.6341,0.42336,0,0.42336,460.49,0,1.02816,0,0,2.2831,1.25494,1.028160,1,0,154.53,0,0,0,154.53,0
72.29,2.05869,0,0,3.82394,0.303894,1.46136,3.6288,61.308,0.0662824,0,0,1.96702,0.172195,1.72854,0.66528,12.849,1,0.365916,1.46136,0,131.316,2.5284,129.883,0.84672,12.849,0.84672,3695.15,0,0,0,1.57699,1.29981,8.90395,0.677135,11.1036,0.42336,0,0.42336,460.49,0,1.02816,0,0,2.60515,1.57699,1.028160,1,0,142.715,0,0,0,142.715,0
72.29,2.05896,0,0,5.58259,0.303894,3.21974,3.6288,61.308,0.0663743,0,0,2.41325,0.172195,2.17468,0.66528,12.849,1,0.365964,3.21974,0,189.2,2.5284,189.525,0.84672,12.849,0.84672,3695.15,0,0,0,1.80138,1.29994,11.4528,0.677135,13.877,0.42336,0,0.42336,460.49,0,1.02816,0,0,2.82954,1.80138,1.028160,1,0,205.577,0,0,0,205.577,0
72.29,2.05922,0,0,5.44887,0.30315,3.08649,3.6288,61.308,0.0664663,0,0,2.31258,0.168228,2.07789,0.66528,12.849,1,0.366011,3.08649,0,190.216,2.60456,190.332,0.84672,12.849,0.84672,3695.15,0,0,0,1.74742,1.30007,12.7104,0.714731,15.0431,0.42336,0,0.42336,460.49,0,1.02816,0,0,2.77558,1.74742,1.028160,1,0,207.453,0,0,0,207.453,0
72.29,2.14412,0,0,5.40257,0.316145,2.9423,3.6288,61.308,0.0984246,0,0,2.50335,0.155731,2.2492,0.66528,12.849,1,0.381102,2.9423,0,185.185,2.19991,185.546,0.84672,12.849,0.84672,3695.15,0,0,0,2.44879,1.3002,11.2714,0.576846,14.4435,0.42336,0,0.42336,460.49,0,1.02816,0,0,3.47695,2.44879,1.028160,1,0,202.239,0,0,0,202.239,0
72.29,2.1444,0,0,3.73155,0.317945,1.2692,3.6288,61.308,0.0985203,0,0,1.94512,0.150075,1.69653,0.66528,12.849,1,0.381151,1.2692,0,99.773,2.04582,98.6152,0.84672,12.849,0.84672,3695.15,0,0,0,1.56149,1.34363,7.16671,0.533568,9.53826,0.42336,0,0.42336,460.49,0,1.02816,0,0,2.58965,1.56149,1.028160,1,0,109.85,0,0,0,109.85,0
72.29,2.14468,0,0,3.4022,0.317945,0.939573,3.6288,61.308,0.0986159,0,0,1.79423,0.150075,1.54554,0.66528,12.849,1,0.381201,0.939573,0,85.6086,2.04582,84.1211,0.84672,12.849,0.84672,3695.15,0,0,0,1.35509,1.34376,5.94556,0.533568,8.11084,0.42336,0,0.42336,460.49,0,1.02816,0,0,2.38325,1.35509,1.028160,1,0,93.7775,0,0,0,93.7775,0
72.29,2.14496,0,0,3.52581,0.287086,1.09376,3.6288,61.308,0.0987116,0,0,1.86506,0.154096,1.61225,0.66528,12.849,1,0.38125,1.09376,0,104.054,1.79949,102.967,0.84672,12.849,0.84672,3695.15,0,0,0,2.00511,1.3439,6.60133,0.630332,9.32001,0.42336,0,0.42336,460.49,0,1.02816,0,0,3.03327,2.00511,1.028160,1,0,113.899,0,0,0,113.899,0
72.29,2.11213,0,0,3.30849,0.286445,0.909911,3.6288,61.308,0.086425,0,0,1.41171,0.169887,1.15539,0.66528,12.849,1,0.375416,0.909911,0,79.6004,2.51527,77.6196,0.84672,12.849,0.84672,3695.15,0,0,0,1.14909,1.34403,5.63058,0.723623,7.40007,0.42336,0,0.42336,460.49,0,1.02816,0,0,2.17725,1.14909,1.028160,1,0,86.1751,0,0,0,86.1751,0
72.29,2.11241,0,0,2.83706,0.244902,0.479746,3.6288,61.308,0.0865192,0,0,1.24722,0.20147,0.959229,0.66528,12.849,1,0.375465,0.479746,0,81.089,2.98599,78.2073,0.84672,12.849,0.84672,3695.15,0,0,0,1.25115,1.3273,4.46381,0.792297,6.24996,0.42336,0,0.42336,460.49,0,1.02816,0,0,2.27931,1.25115,1.028160,1,0,85.4165,0,0,0,85.4165,0
72.167,2.11268,0,0,2.57817,0.225642,0.36288,3.6288,61.308,0.0866135,0,0,1.07129,0.224828,0.759849,0.66528,12.849,1,0.375513,0.36288,0,60.5734,3.60717,56.9536,0.84672,12.849,0.84672,3695.15,0,0,0,0.929526,1.32743,3.59306,0.837547,5.01246,0.42336,0,0.42336,460.49,0,1.02816,0,0,1.95769,0.929526,1.028160,1,0,62.7259,0,0,0,62.7259,0
71.943,2.11241,0,0,2.47681,0.225432,0.36288,3.6288,61.308,0.0867078,0,0,0.975871,0.224828,0.664335,0.66528,12.849,1,0.376106,0.36288,0,56.9712,3.60717,53.3508,0.84672,12.849,0.84672,3695.15,0,0,0,0.788504,1.32756,3.34722,0.837547,4.62574,0.42336,0,0.42336,460.49,0,1.02816,0,0,1.81666,0.788504,1.028160,1,0,58.6409,0,0,0,58.6409,0
71.4939,2.22404,0,0,2.36089,0.223159,0.36288,3.6288,61.308,0.130734,0,0,0.941518,0.223781,0.587004,0.66528,12.849,1,0.397213,0.36288,0,45.2088,3.61404,41.5604,0.84672,12.849,0.84672,3695.15,0,0,0,0.730624,1.3277,3.3266,0.869857,4.51506,0.42336,0,0.42336,460.49,0,1.02816,0,0,1.75878,0.730624,1.028160,1,0,46.6625,0,0,0,46.6625,0
70.9532,2.22221,0,0,2.21017,0.165708,0.36288,3.6288,61.308,0.130833,0,0,0.847575,0.228206,0.488536,0.66528,12.849,1,0.39938,0.36288,0,47.9771,3.98034,43.9603,0.84672,12.849,0.84672,3695.15,0,0,0,0.53765,1.38658,3.27011,1.00353,4.19081,0.42336,0,0.42336,460.49,0,1.02816,0,0,1.56581,0.53765,1.028160,1,0,48.6396,0,0,0,48.6396,0
70.328,2.21992,0,0,2.11505,0.157491,0.36288,3.6288,61.308,0.130932,0,0,0.891181,0.229991,0.530258,0.66528,12.849,1,0.402008,0.36288,0,45.0777,4.03452,41.0041,0.84672,12.849,0.84672,3695.15,0,0,0,0.528863,1.38672,3.4068,0.993504,4.32888,0.42336,0,0.42336,460.49,0,1.02816,0,0,1.55702,0.528863,1.028160,1,0,45.8632,0,0,0,45.8632,0
69.6117,2.21719,0,0,2.02056,0.156736,0.36288,3.6288,61.308,0.131032,0,0,0.89494,0.229991,0.533917,0.66528,12.849,1,0.405083,0.36288,0,42.3529,4.03452,38.2762,0.84672,12.849,0.84672,3695.15,0,0,0,0.460279,1.38686,3.27587,0.993504,4.12951,0.42336,0,0.42336,460.49,0,1.02816,0,0,1.48844,0.460279,1.028160,1,0,42.9396,0,0,0,42.9396,0
68.7681,2.21396,0,0,1.88902,0.155871,0.36288,3.6288,61.308,0.131131,0,0,0.833095,0.229991,0.471972,0.66528,12.849,1,0.408654,0.36288,0,39.5279,4.03452,35.4476,0.84672,12.849,0.84672,3695.15,0,0,0,0.380592,1.38701,3.10306,0.993504,3.87716,0.42336,0,0.42336,460.49,0,1.02816,0,0,1.40875,0.380592,1.028160,1,0,39.7967,0,0,0,39.7967,0
67.9095,2.18794,0,0,1.81786,0.125614,0.36288,3.6288,61.308,0.15539,0,0,0.748146,0.301456,0.2913,0.66528,12.849,1,0.408807,0.36288,0,38.2062,5.27699,32.8833,0.84672,12.849,0.84672,3695.15,0,0,0,0.627912,1.38715,3.47496,1.22959,4.26044,0.42336,0,0.42336,460.49,0,1.02816,0,0,1.65607,0.627912,1.028160,1,0,37.435,0,0,0,37.435,0
66.9726,2.18388,0,0,1.73145,0.121593,0.36288,3.6288,61.308,0.155493,0,0,0.719116,0.317299,0.246324,0.66528,12.849,1,0.413207,0.36288,0,35.8372,5.27163,30.5153,0.84672,12.849,0.84672,3695.15,0,0,0,0.594691,1.40104,3.57331,1.28224,4.28681,0.42336,0,0.42336,460.49,0,1.02816,0,0,1.62285,0.594691,1.028160,1,0,35.0484,0,0,0,35.0484,0
65.9348,2.17931,0,0,1.62508,0.120699,0.36288,3.6288,61.308,0.155595,0,0,0.632855,0.317299,0.159961,0.66528,12.849,1,0.418111,0.36288,0,32.7449,5.27163,27.418,0.84672,12.849,0.84672,3695.15,0,0,0,0.53466,1.40118,3.39117,1.28224,4.04478,0.42336,0,0.42336,460.49,0,1.02816,0,0,1.56282,0.53466,1.028160,1,0,31.6228,0,0,0,31.6228,0
64.8001,2.17409,0,0,1.52201,0.119709,0.36288,3.6288,61.308,0.155697,0,0,0.590045,0.317299,0.117048,0.66528,12.849,1,0.423674,0.36288,0,31.3349,5.27163,26.0025,0.84672,12.849,0.84672,3695.15,0,0,0,0.448433,1.40133,3.20977,1.28224,3.77729,0.42336,0,0.42336,460.49,0,1.02816,0,0,1.47659,0.448433,1.028160,1,0,29.8969,0,0,0,29.8969,0
63.5597,2.22467,0,0,1.46113,0.113959,0.36288,3.6288,61.308,0.177341,0,0,0.63128,0.300508,0.153431,0.66528,12.849,1,0.441122,0.36288,0,30.0586,5.11683,24.8636,0.84672,12.849,0.84672,3695.15,0,0,0,0.461713,1.40147,3.39012,1.22925,4.02405,0.42336,0,0.42336,460.49,0,1.02816,0,0,1.48987,0.461713,1.028160,1,0,29.0411,0,0,0,29.0411,0
62.302,2.21779,0,0,1.41223,0.0892531,0.36288,3.6288,61.308,0.177446,0,0,0.672339,0.327366,0.167527,0.66528,12.849,1,0.448341,0.36288,0,28.8891,5.74197,23.0617,0.84672,12.849,0.84672,3695.15,0,0,0,0.317978,1.43094,3.58368,1.39773,3.93487,0.42336,0,0.42336,460.49,0,1.02816,0,0,1.34614,0.317978,1.028160,1,0,27.1641,0,0,0,27.1641,0
60.9947,2.21057,0,0,1.34679,0.0806166,0.36288,3.6288,61.308,0.177551,0,0,0.602944,0.357812,0.0675815,0.66528,12.849,1,0.455903,0.36288,0,27.6095,6.30346,21.213,0.84672,12.849,0.84672,3695.15,0,0,0,0.554118,1.43108,3.02048,1.56669,3.439,0.42336,0,0.42336,460.49,0,1.02816,0,0,1.58228,0.554118,1.028160,1,0,24.7196,0,0,0,24.7196,0
59.8757,2.20279,0,0,1.52639,0.0797513,0.36288,3.6288,61.308,0.177655,0,0,0.717986,0.357812,0.182518,0.66528,12.849,1,0.464034,0.36288,0,30.4601,6.30346,24.0554,0.84672,12.849,0.84672,3695.15,0,0,0,0.520707,1.43123,3.47492,1.56669,3.86017,0.42336,0,0.42336,460.49,0,1.02816,0,0,1.54887,0.520707,1.028160,1,0,28.0981,0,0,0,28.0981,0
58.414,2.35922,0,0,1.33936,0.0789698,0.36288,3.6288,61.2817,0.25555,0,0,0.58702,0.357812,0,0.66528,12.849,1,0.506275,0.36288,0,31.2865,6.30346,24.8396,0.84672,12.849,0.84672,3695.15,0,0,0,0.340019,1.43138,3.21591,1.56669,3.42062,0.42336,0,0.42336,460.49,0,1.02816,0,0,1.36818,0.340019,1.028160,1,0,28.2602,0,0,0,28.2602,0
56.6113,2.34913,0,0,0.964933,0.0555988,0.36288,3.6288,61.308,0.255663,0,0,0.617126,0.309535,0.0255853,0.66528,12.849,1,0.516726,0.36288,0,20.8261,5.58369,15.0886,0.84672,12.849,0.84672,3695.15,0,0,0,0.62157,1.52879,3.80141,1.48251,4.46925,0.42336,0,0.42336,460.49,0,1.02816,0,0,1.64973,0.62157,1.028160,1,0,19.5834,0,0,0,19.5834,0
54.8852,2.33602,0,0,1.02738,0.0546256,0.36288,3.6288,61.308,0.255777,0,0,0.612062,0.309587,0.0466977,0.66528,12.849,1,0.530204,0.36288,0,19.4545,5.58369,13.7035,0.84672,12.849,0.84672,3695.15,0,0,0,0.596099,1.52894,4.00651,1.48251,4.64904,0.42336,0,0.42336,460.49,0,1.02816,0,0,1.62426,0.596099,1.028160,1,0,18.3992,0,0,0,18.3992,0
53.6791,2.32281,0,0,1.54202,0.0624705,0.36288,3.6288,61.308,0.255891,0,0,0.728793,0.307441,0.16546,0.66528,12.849,1,0.543786,0.36288,0,28.7277,5.52432,23.0225,0.84672,12.849,0.84672,3695.15,0,0,0,0.91705,1.5291,4.25774,1.47523,5.22866,0.42336,0,0.42336,460.49,0,1.02816,0,0,1.94521,0.91705,1.028160,1,0,28.4166,0,0,0,28.4166,0
53.0993,2.31325,0,0,2.17134,0.0750026,0.36288,3.6288,61.308,0.256005,0,0,0.935427,0.298341,0.381081,0.66528,12.849,1,0.553715,0.36288,0,37.4971,5.52865,31.7776,0.84672,12.849,0.84672,3695.15,0,0,0,1.00935,1.52926,4.68788,1.45496,5.77153,0.42336,0,0.42336,460.49,0,1.02816,0,0,2.03751,1.00935,1.028160,1,0,37.9302,0,0,0,37.9302,0
52.0147,2.23081,0,0,1.57404,0.0649023,0.36288,3.6288,61.308,0.208877,0,0,0.621538,0.275021,0.137641,0.66528,12.849,1,0.539812,0.36288,0,32.13,5.69377,26.2593,0.84672,12.849,0.84672,3695.15,0,0,0,0.539628,1.52941,4.02031,1.444,4.64536,0.42336,0,0.42336,460.49,0,1.02816,0,0,1.56779,0.539628,1.028160,1,0,31.0423,0,0,0,31.0423,0
51.721,2.22207,0,0,2.35403,0.0628347,0.36288,3.6288,61.308,0.208985,0,0,0.798006,0.266814,0.322207,0.66528,12.849,1,0.548909,0.36288,0,19.8365,5.71399,13.9365,0.84672,12.849,0.84672,3695.15,0,0,0,1.33598,1.47495,5.84287,1.44024,7.21356,0.42336,0,0.42336,460.49,0,1.02816,0,0,2.36414,1.33598,1.028160,1,0,21.4722,0,0,0,21.4722,0
50.5733,2.21986,0,0,1.49774,0.0626436,0.36288,3.6288,61.308,0.209094,0,0,0.561223,0.266814,0.0853155,0.66528,12.849,1,0.551477,0.36288,0,30.2764,5.71399,24.3738,0.84672,12.849,0.84672,3695.15,0,0,0,0.873979,1.4751,4.00588,1.44024,4.91473,0.42336,0,0.42336,460.49,0,1.02816,0,0,1.90214,0.873979,1.028160,1,0,29.3738,0,0,0,29.3738,0
49.1665,2.21016,0,0,1.22808,0.0618969,0.36288,3.6288,61.308,0.209202,0,0,0.512493,0.266814,0.0364765,0.66528,12.849,1,0.561528,0.36288,0,17.5643,5.71399,11.6517,0.84672,12.849,0.84672,3695.15,0,0,0,0.283314,1.47525,2.86263,1.44024,3.18096,0.42336,0,0.42336,460.49,0,1.02816,0,0,1.31147,0.283314,1.028160,1,0,14.8691,0,0,0,14.8691,0
48.1917,2.13474,0,0,1.65399,0.131179,0.36288,3.6288,61.308,0.166289,0,0,0.66228,0.259872,0.23612,0.66528,12.849,1,0.557886,0.36288,0,28.8413,5.27158,23.3747,0.84672,12.849,0.84672,3695.15,0,0,0,0.738634,1.4754,4.59424,1.3341,5.47418,0.42336,0,0.42336,460.49,0,1.02816,0,0,1.76679,0.738634,1.028160,1,0,29.085,0,0,0,29.085,0
47.4573,2.12611,0,0,1.93609,0.18151,0.36288,3.6288,61.308,0.166392,0,0,0.730391,0.241678,0.322321,0.66528,12.849,1,0.566868,0.36288,0,51.2929,5.12705,45.9619,0.84672,12.849,0.84672,3695.15,0,0,0,0.90142,1.42743,4.46966,1.24828,5.55023,0.42336,0,0.42336,460.49,0,1.02816,0,0,1.92958,0.90142,1.028160,1,0,51.8344,0,0,0,51.8344,0
46.4722,2.11948,0,0,1.67739,0.180058,0.36288,3.6288,61.308,0.166496,0,0,0.708659,0.241678,0.300485,0.66528,12.849,1,0.573846,0.36288,0,35.4033,5.12705,30.0653,0.84672,12.849,0.84672,3695.15,0,0,0,0.912704,1.42757,3.91219,1.24828,5.00419,0.42336,0,0.42336,460.49,0,1.02816,0,0,1.94086,0.912704,1.028160,1,0,35.3699,0,0,0,35.3699,0
49.2338,2.11022,0,0,5.39196,0.157255,0.36288,3.6288,61.308,0.166599,0,0,1.03721,0.231751,0.638856,0.66528,12.849,1,0.58345,0.36288,0,66.4433,4.88705,61.3357,0.84672,12.849,0.84672,3695.15,0,0,0,1.6667,1.42772,8.33725,1.30194,10.1297,0.42336,0,0.42336,460.49,0,1.02816,0,0,2.69486,1.6667,1.028160,1,0,72.1043,0,0,0,72.1043,0
53.8593,1.95749,0,0,7.13517,0.189342,0.36288,3.6288,61.308,0.0770581,0,0,1.48256,0.181188,1.22432,0.66528,12.849,1,0.510864,0.36288,0,104.299,3.8094,100.342,0.84672,12.849,0.84672,3695.15,0,0,0,2.62486,1.42786,14.6304,1.07216,17.6109,0.42336,0,0.42336,460.49,0,1.02816,0,0,3.65302,2.62486,1.028160,1,0,119.177,0,0,0,119.177,0
58.7063,1.99317,0,0,7.44717,0.24408,0.36288,3.6288,61.308,0.0771513,0,0,3.18965,0.217158,2.89535,0.66528,12.849,1,0.475503,0.36288,0,86.4501,3.90967,82.4278,0.84672,12.849,0.84672,3695.15,0,0,0,4.49978,1.31646,16.0171,0.986793,20.8465,0.42336,0,0.42336,460.49,0,1.02816,0,0,5.52794,4.49978,1.028160,1,0,106.17,0,0,0,106.17,0
61.7276,2.02565,0,0,5.66585,0.2561,0.36288,3.6288,61.308,0.0772445,0,0,3.43113,0.217158,3.13672,0.66528,12.849,1,0.443351,0.36288,0,102.579,3.90967,98.5891,0.84672,12.849,0.84672,3695.15,0,0,0,4.37384,1.31659,15.4572,0.986793,20.1609,0.42336,0,0.42336,460.49,0,1.02816,0,0,5.402,4.37384,1.028160,1,0,121.887,0,0,0,121.887,0
65.5878,2.04387,0,0,6.53017,0.263154,0.36288,3.6288,61.308,0.0773378,0,0,3.25356,0.217158,2.95907,0.66528,12.849,1,0.425446,0.36288,0,154.742,3.90967,150.769,0.84672,12.849,0.84672,3695.15,0,0,0,4.50662,1.31673,19.9463,0.986793,24.7829,0.42336,0,0.42336,460.49,0,1.02816,0,0,5.53478,4.50662,1.028160,1,0,178.511,0,0,0,178.511,0
67.9698,2.06508,0,0,5.09596,0.28608,0.36288,3.6288,61.308,0.0774311,0,0,1.11699,0.216231,0.823326,0.66528,12.849,1,0.40456,0.36288,0,106.775,4.15943,102.574,0.84672,12.849,0.84672,3695.15,0,0,0,1.67786,1.31686,10.4875,1.01687,12.4653,0.42336,0,0.42336,460.49,0,1.02816,0,0,2.70602,1.67786,1.028160,1,0,115.862,0,0,0,115.862,0
71.7031,2.15031,0,0,6.56409,0.317574,0.36288,3.6288,61.308,0.103496,0,0,1.59786,0.210877,1.28349,0.66528,12.849,1,0.406495,0.36288,0,178.857,4.63308,174.181,0.84672,12.849,0.84672,3695.15,0,0,0,3.07759,1.31699,15.1887,1.1292,18.4541,0.42336,0,0.42336,460.49,0,1.02816,0,0,4.10575,3.07759,1.028160,1,0,193.918,0,0,0,193.918,0
72.29,2.16853,0,0,11.4443,0.318375,8.37046,3.6288,61.308,0.103587,0,0,3.61889,0.2086,3.3067,0.66528,12.849,1,0.388594,8.37046,0,217.503,4.52004,220.964,0.84672,12.849,0.84672,3695.15,0,0,0,6.12161,1.35346,21.7207,1.15704,28.0387,0.42336,0,0.42336,460.49,0,1.02816,0,0,7.14977,6.12161,1.028160,1,0,252.31,0,0,0,252.31,0
72.29,2.17147,0,0,7.2538,0.319799,4.76253,3.6288,61.308,0.103679,0,0,2.41905,0.2086,2.10677,0.66528,12.849,1,0.385963,4.76253,0,167.177,4.52004,167.034,0.84672,12.849,0.84672,3695.15,0,0,0,3.40158,1.35359,12.9571,1.15704,16.5552,0.42336,0,0.42336,460.49,0,1.02816,0,0,4.42974,3.40158,1.028160,1,0,185.696,0,0,0,185.696,0
72.29,2.17174,0,0,7.01568,0.329169,4.51477,3.6288,61.308,0.10377,0,0,2.86445,0.167245,2.59344,0.66528,12.849,1,0.38601,4.51477,0,225.836,4.08126,225.883,0.84672,12.849,0.84672,3695.15,0,0,0,4.45246,1.35372,14.8662,0.92594,19.7465,0.42336,0,0.42336,460.49,0,1.02816,0,0,5.48062,4.45246,1.028160,1,0,248.223,0,0,0,248.223,0
72.29,2.4089,0,0,5.46343,0.334139,2.72038,3.6288,61.308,0.201407,0,0,1.62126,0.139967,1.27989,0.66528,12.849,1,0.428165,2.72038,0,140.791,3.75438,139.329,0.84672,12.849,0.84672,3695.15,0,0,0,1.88779,1.35385,9.67127,0.779594,12.1333,0.42336,0,0.42336,460.49,0,1.02816,0,0,2.91595,1.88779,1.028160,1,0,152.742,0,0,0,152.742,0
72.29,2.4092,0,0,3.70943,0.321794,0.978437,3.6288,61.308,0.201509,0,0,1.62749,0.162394,1.26359,0.66528,12.849,1,0.428217,0.978437,0,134.928,3.76761,131.711,0.84672,12.849,0.84672,3695.15,0,0,0,2.05305,1.48163,10.6034,0.941473,13.1967,0.42336,0,0.42336,460.49,0,1.02816,0,0,3.08121,2.05305,1.028160,1,0,146.171,0,0,0,146.171,0
72.2744,2.40949,0,0,3.07861,0.321794,0.36288,3.6288,61.308,0.201611,0,0,1.25182,0.162394,0.887819,0.66528,12.849,1,0.428269,0.36288,0,83.694,3.76761,79.861,0.84672,12.849,0.84672,3695.15,0,0,0,1.0724,1.48177,9.56811,0.941473,11.1808,0.42336,0,0.42336,460.49,0,1.02816,0,0,2.10056,1.0724,1.028160,1,0,91.9296,0,0,0,91.9296,0
72.29,2.40971,0,0,5.49528,0.313965,2.75606,3.6288,61.308,0.201713,0,0,2.26288,0.178992,1.88217,0.66528,12.849,1,0.428399,2.75606,0,133.221,4.16073,131.388,0.84672,12.849,0.84672,3695.15,0,0,0,3.1891,1.48192,12.2957,1.06446,15.9022,0.42336,0,0.42336,460.49,0,1.02816,0,0,4.21726,3.1891,1.028160,1,0,149.172,0,0,0,149.172,0
72.29,2.07204,0,0,5.52264,0.305153,3.14544,3.6288,61.308,0.0708499,0,0,2.86966,0.202548,2.59627,0.66528,12.849,1,0.368289,3.14544,0,134.391,4.5696,132.598,0.84672,12.849,0.84672,3695.15,0,0,0,5.2609,1.48206,14.8459,1.19249,20.3964,0.42336,0,0.42336,460.49,0,1.02816,0,0,6.28906,5.2609,1.028160,1,0,155.591,0,0,0,155.591,0
72.29,2.0723,0,0,4.36906,0.314395,1.98237,3.6288,61.308,0.0709376,0,0,2.11908,0.211101,1.83704,0.66528,12.849,1,0.368335,1.98237,0,101.756,3.87786,99.492,0.84672,12.849,0.84672,3695.15,0,0,0,3.02352,1.30641,10.5388,0.97674,13.892,0.42336,0,0.42336,460.49,0,1.02816,0,0,4.05168,3.02352,1.028160,1,0,115.221,0,0,0,115.221,0
72.29,2.07255,0,0,3.82564,0.314395,1.43869,3.6288,61.308,0.0710254,0,0,2.35994,0.211101,2.07781,0.66528,12.849,1,0.36838,1.43869,0,93.5833,3.87786,90.7757,0.84672,12.849,0.84672,3695.15,0,0,0,2.85282,1.30654,9.33932,0.97674,12.5219,0.42336,0,0.42336,460.49,0,1.02816,0,0,3.88098,2.85282,1.028160,1,0,105.375,0,0,0,105.375,0
72.29,2.07281,0,0,6.95625,0.313029,4.57042,3.6288,61.308,0.071113,0,0,3.54815,0.199647,3.27739,0.66528,12.849,1,0.368426,4.57042,0,199.662,3.69855,200.165,0.84672,12.849,0.84672,3695.15,0,0,0,6.10278,1.30666,17.5411,0.94603,24.0045,0.42336,0,0.42336,460.49,0,1.02816,0,0,7.13094,6.10278,1.028160,1,0,227.447,0,0,0,227.447,0
72.29,2.07306,0,0,6.51145,0.309615,4.12877,3.6288,61.308,0.0712007,0,0,3.24465,0.171011,3.00244,0.66528,12.849,1,0.368472,4.12877,0,191.189,3.25028,191.699,0.84672,12.849,0.84672,3695.15,0,0,0,5.6075,1.30679,15.2315,0.869255,21.2765,0.42336,0,0.42336,460.49,0,1.02816,0,0,6.63566,5.6075,1.028160,1,0,215.978,0,0,0,215.978,0
72.29,2.15846,0,0,3.94286,0.353796,1.43061,3.6288,61.308,0.103345,0,0,1.64489,0.189,1.35255,0.66528,12.849,1,0.383649,1.43061,0,111.749,3.72053,109.075,0.84672,12.849,0.84672,3695.15,0,0,0,2.73242,1.30691,10.4404,0.899802,13.5799,0.42336,0,0.42336,460.49,0,1.02816,0,0,3.76058,2.73242,1.028160,1,0,124.008,0,0,0,124.008,0
72.29,2.15872,0,0,3.72097,0.371469,1.19078,3.6288,61.308,0.103436,0,0,1.53831,0.196195,1.23868,0.66528,12.849,1,0.383697,1.19078,0,124.577,3.90863,121.475,0.84672,12.849,0.84672,3695.15,0,0,0,2.17736,1.35059,10.9304,0.912021,13.5463,0.42336,0,0.42336,460.49,0,1.02816,0,0,3.20552,2.17736,1.028160,1,0,136.26,0,0,0,136.26,0
72.29,2.15899,0,0,3.95242,0.371469,1.42196,3.6288,61.308,0.103528,0,0,2.02138,0.196195,1.72166,0.66528,12.849,1,0.383744,1.42196,0,89.5234,3.90863,86.653,0.84672,12.849,0.84672,3695.15,0,0,0,3.03153,1.35072,10.9954,0.912021,14.4656,0.42336,0,0.42336,460.49,0,1.02816,0,0,4.05969,3.03153,1.028160,1,0,102.84,0,0,0,102.84,0
72.29,2.15926,0,0,3.37629,0.31529,0.901742,3.6288,61.308,0.103619,0,0,1.38385,0.222354,1.05788,0.66528,12.849,1,0.383791,0.901742,0,59.6044,4.13926,55.9831,0.84672,12.849,0.84672,3695.15,0,0,0,2.5283,1.35085,9.7003,0.925792,12.6537,0.42336,0,0.42336,460.49,0,1.02816,0,0,3.55646,2.5283,1.028160,1,0,69.6946,0,0,0,69.6946,0
72.29,2.12622,0,0,3.17624,0.278711,0.771307,3.6288,61.308,0.0912542,0,0,1.16084,0.229001,0.84058,0.66528,12.849,1,0.377919,0.771307,0,61.1537,3.88308,57.664,0.84672,12.849,0.84672,3695.15,0,0,0,1.85502,1.35098,8.8115,0.954565,11.0629,0.42336,0,0.42336,460.49,0,1.02816,0,0,2.88318,1.85502,1.028160,1,0,69.5675,0,0,0,69.5675,0
72.29,2.12648,0,0,3.23942,0.286117,0.826823,3.6288,61.308,0.0913442,0,0,1.12256,0.211706,0.81951,0.66528,12.849,1,0.377966,0.826823,0,70.2017,3.31086,67.3397,0.84672,12.849,0.84672,3695.15,0,0,0,2.00647,1.33413,7.95493,0.979158,10.3164,0.42336,0,0.42336,460.49,0,1.02816,0,0,3.03463,2.00647,1.028160,1,0,78.4756,0,0,0,78.4756,0
72.29,2.12674,0,0,2.84011,0.286117,0.427246,3.6288,61.308,0.0914341,0,0,1.05853,0.211706,0.755389,0.66528,12.849,1,0.378013,0.427246,0,64.0993,3.31086,60.8377,0.84672,12.849,0.84672,3695.15,0,0,0,1.63923,1.33426,7.40897,0.979158,9.40331,0.42336,0,0.42336,460.49,0,1.02816,0,0,2.66739,1.63923,1.028160,1,0,70.9964,0,0,0,70.9964,0
72.29,2.12701,0,0,3.08049,0.286117,0.667365,3.6288,61.308,0.0915241,0,0,1.01571,0.211706,0.71248,0.66528,12.849,1,0.378059,0.667365,0,69.1019,3.31086,66.0803,0.84672,12.849,0.84672,3695.15,0,0,0,1.13861,1.33439,8.10855,0.979158,9.60239,0.42336,0,0.42336,460.49,0,1.02816,0,0,2.16677,1.13861,1.028160,1,0,76.3952,0,0,0,76.3952,0
72.29,2.24036,0,0,2.85428,0.220513,0.393412,3.6288,61.308,0.135806,0,0,0.982524,0.241998,0.60472,0.66528,12.849,1,0.398207,0.393412,0,63.0335,3.70491,59.3238,0.84672,12.849,0.84672,3695.15,0,0,0,1.41604,1.33452,7.56778,1.06471,9.25363,0.42336,0,0.42336,460.49,0,1.02816,0,0,2.4442,1.41604,1.028160,1,0,69.1821,0,0,0,69.1821,0
72.29,2.24063,0,0,2.83718,0.202048,0.394495,3.6288,61.308,0.1359,0,0,0.899415,0.23463,0.528885,0.66528,12.849,1,0.398256,0.394495,0,58.224,4.43352,53.7867,0.84672,12.849,0.84672,3695.15,0,0,0,1.67245,1.39375,6.19233,1.0379,8.22063,0.42336,0,0.42336,460.49,0,1.02816,0,0,2.70061,1.67245,1.028160,1,0,62.5362,0,0,0,62.5362,0
72.0778,2.24091,0,0,2.59362,0.202048,0.36288,3.6288,61.308,0.135995,0,0,0.905913,0.23463,0.535288,0.66528,12.849,1,0.398305,0.36288,0,55.4357,4.43352,50.9668,0.84672,12.849,0.84672,3695.15,0,0,0,1.20714,1.39388,5.99619,1.0379,7.55931,0.42336,0,0.42336,460.49,0,1.02816,0,0,2.2353,1.20714,1.028160,1,0,59.0614,0,0,0,59.0614,0
71.6311,2.24019,0,0,2.35806,0.201723,0.36288,3.6288,61.308,0.13609,0,0,0.785514,0.23463,0.414794,0.66528,12.849,1,0.399349,0.36288,0,52.3565,4.43352,47.8865,0.84672,12.849,0.84672,3695.15,0,0,0,0.673704,1.39402,5.51889,1.0379,6.54871,0.42336,0,0.42336,460.49,0,1.02816,0,0,1.70186,0.673704,1.028160,1,0,54.85,0,0,0,54.85,0
70.9064,2.23835,0,0,2.07757,0.201038,0.36288,3.6288,61.308,0.136185,0,0,0.761365,0.23463,0.390551,0.66528,12.849,1,0.40151,0.36288,0,44.4621,4.43352,39.99,0.84672,12.849,0.84672,3695.15,0,0,0,0.763439,1.39415,5.43938,1.0379,6.55907,0.42336,0,0.42336,460.49,0,1.02816,0,0,1.7916,0.763439,1.028160,1,0,46.9396,0,0,0,46.9396,0
70.0571,2.21284,0,0,1.86813,0.141676,0.36288,3.6288,61.308,0.160582,0,0,0.673144,0.248662,0.2639,0.66528,12.849,1,0.400991,0.36288,0,33.0086,4.83905,28.1314,0.84672,12.849,0.84672,3695.15,0,0,0,0.539119,1.39428,3.95725,1.19638,4.69427,0.42336,0,0.42336,460.49,0,1.02816,0,0,1.56728,0.539119,1.028160,1,0,33.0896,0,0,0,33.0896,0
69.0817,2.209,0,0,1.71409,0.117605,0.36288,3.6288,61.308,0.160679,0,0,0.624219,0.254275,0.209264,0.66528,12.849,1,0.405148,0.36288,0,29.0878,5.00126,24.0442,0.84672,12.849,0.84672,3695.15,0,0,0,0.410538,1.40825,3.56234,1.25977,4.12136,0.42336,0,0.42336,460.49,0,1.02816,0,0,1.4387,0.410538,1.028160,1,0,28.3749,0,0,0,28.3749,0
67.9565,2.20445,0,0,1.55888,0.116719,0.36288,3.6288,61.308,0.160777,0,0,0.608693,0.254275,0.193641,0.66528,12.849,1,0.410022,0.36288,0,28.5186,5.00126,23.4702,0.84672,12.849,0.84672,3695.15,0,0,0,0.391928,1.40839,3.41336,1.25977,3.95391,0.42336,0,0.42336,460.49,0,1.02816,0,0,1.42009,0.391928,1.028160,1,0,27.6177,0,0,0,27.6177,0
66.6939,2.19901,0,0,1.41492,0.115698,0.36288,3.6288,61.308,0.190371,0,0,0.571047,0.254275,0.1264,0.66528,12.849,1,0.415782,0.36288,0,25.4122,5.00126,20.3581,0.84672,12.849,0.84672,3695.15,0,0,0,0.261274,1.40852,3.30196,1.25977,3.71198,0.42336,0,0.42336,460.49,0,0.998663,0,0,1.25994,0.261274,1.028160,1,0,24.1965,0,0,0,24.1965,0
65.3614,2.24977,0,0,1.36274,0.0825194,0.36288,3.6288,61.2449,0.263113,0,0,0.529515,0.329539,0,0.66528,12.849,1,0.433433,0.36288,0,22.966,5.96174,16.9337,0.84672,12.849,0.84672,3695.15,0,0,0,0.261274,1.40866,2.97425,1.58749,3.05669,0.42336,0,0.42336,460.49,0,0.947687,0,0,1.20896,0.261274,1.028160,1,0,19.9904,0,0,0,19.9904,0
64.2052,2.24266,0,0,1.53068,0.0813443,0.36288,3.6288,61.2921,0.272527,0,0,0.645388,0.32561,0,0.66528,12.849,1,0.440871,0.36288,0,28.5658,5.89281,22.595,0.84672,12.849,0.84672,3695.15,0,0,0,0.261274,1.4383,2.86835,1.50515,3.06277,0.42336,0,0.42336,460.49,0,0.938373,0,0,1.19965,0.261274,1.028160,1,0,25.6578,0,0,0,25.6578,0
62.9507,2.23632,0,0,1.42526,0.0805911,0.36288,3.6288,61.308,0.18284,0,0,0.559915,0.325708,0.0354817,0.66528,12.849,1,0.447541,0.36288,0,24.1875,5.89281,18.21,0.84672,12.849,0.84672,3695.15,0,0,0,0.268618,1.43844,2.89481,1.50515,3.09671,0.42336,0,0.42336,460.49,0,1.02816,0,0,1.29678,0.268618,1.028160,1,0,21.3422,0,0,0,21.3422,0
61.5966,2.22919,0,0,1.31774,0.0797738,0.36288,3.6288,61.2019,0.299554,0,0,0.51924,0.32574,0,0.66528,12.849,1,0.455004,0.36288,0,23.1937,5.89281,17.2088,0.84672,12.849,0.84672,3695.15,0,0,0,0.227405,1.43857,2.51701,1.50515,2.67785,0.42336,0,0.42336,460.49,0,0.911546,0,0,1.13895,0.227405,1.028160,1,0,19.8866,0,0,0,19.8866,0
60.1201,2.38624,0,0,1.34701,0.0743885,0.36288,3.6288,61.1892,0.261284,0,0,0.576638,0.32811,0,0.66528,12.849,1,0.497767,0.36288,0,22.0595,5.96759,15.957,0.84672,12.849,0.84672,3695.15,0,0,0,0.264488,1.43871,3.11334,1.52009,3.29645,0.42336,0,0.42336,460.49,0,1.02816,0,0,1.29265,0.264488,1.028160,1,0,19.2535,0,0,0,19.2535,0
58.6434,2.37645,0,0,1.31356,0.050932,0.36288,3.6288,60.8535,0.465996,0,0,0.460293,0.329978,0,0.66528,12.849,1,0.507901,0.36288,0,19.462,6.19501,13.122,0.84672,12.849,0.84672,3695.15,0,0,0,0.227405,1.53669,2.74939,1.48986,3.02362,0.42336,0,0.42336,460.49,0,0.823556,0,0,1.05096,0.227405,1.028160,1,0,16.1456,0,0,0,16.1456,0
57.2493,2.36625,0,0,1.38596,0.0508956,0.36288,3.6288,60.8076,0.261501,0,0,0.542604,0.32701,0,0.66528,12.849,1,0.518455,0.36288,0,23.8665,6.15814,17.5528,0.84672,12.849,0.84672,3695.15,0,0,0,0.23226,1.53684,2.94015,1.46988,3.23937,0.42336,0,0.42336,460.49,0,1.02816,0,0,1.26042,0.23226,1.028160,1,0,20.7922,0,0,0,20.7922,0
55.6202,2.35623,0,0,1.14022,0.0502081,0.36288,3.6288,60.2431,0.632758,0,0,0.395176,0.326915,0,0.66528,12.849,1,0.52883,0.36288,0,21.8656,6.15814,15.5415,0.84672,12.849,0.84672,3695.15,0,0,0,0.204422,1.53699,2.4081,1.46988,2.67963,0.42336,0,0.42336,460.49,0,0.657012,0,0,0.861434,0.204422,1.028160,1,0,18.2211,0,0,0,18.2211,0
54.2849,2.34393,0,0,1.42092,0.0494048,0.36288,3.6288,60.3402,0.261719,0,0,0.684559,0.325745,0,0.66528,12.849,1,0.541478,0.36288,0,21.3136,6.15814,14.9768,0.84672,12.849,0.84672,3695.15,0,0,0,0.674171,1.53714,3.75584,1.46988,4.49727,0.42336,0,0.42336,460.49,0,1.02816,0,0,1.70233,0.674171,1.028160,1,0,19.4741,0,0,0,19.4741,0
53.4341,2.25479,0,0,1.81634,0.0494742,0.36288,3.6288,60.4588,0.21431,0,0,0.604318,0.271381,0,0.66528,12.849,1,0.533698,0.36288,0,21.3404,5.30283,15.8667,0.84672,12.849,0.84672,3695.15,0,0,0,0.27057,1.53729,3.70698,1.06294,4.4519,0.42336,0,0.42336,460.49,0,1.02816,0,0,1.29873,0.27057,1.028160,1,0,20.3186,0,0,0,20.3186,0
52.6297,2.24821,0,0,1.8506,0.0439322,0.36288,3.6288,60.9186,0.214414,0,0,0.940782,0.266633,0,0.66528,12.849,1,0.540614,0.36288,0,22.3342,5.63178,16.5247,0.84672,12.849,0.84672,3695.15,0,0,0,1.22494,1.48249,4.34099,1.1355,5.91292,0.42336,0,0.42336,460.49,0,1.02816,0,0,2.2531,1.22494,1.028160,1,0,22.4376,0,0,0,22.4376,0
51.5873,2.24184,0,0,1.60593,0.0435716,0.36288,3.6288,60.9572,0.214517,0,0,0.520594,0.267413,0,0.66528,12.849,1,0.547323,0.36288,0,22.933,5.63178,17.1168,0.84672,12.849,0.84672,3695.15,0,0,0,0.284351,1.48264,3.21987,1.1355,3.85136,0.42336,0,0.42336,460.49,0,1.02816,0,0,1.31251,0.284351,1.028160,1,0,20.9681,0,0,0,20.9681,0
50.5103,2.23326,0,0,1.56217,0.0431043,0.36288,3.6288,60.9122,0.259108,0,0,0.481609,0.267478,0,0.66528,12.849,1,0.556244,0.36288,0,20.9489,5.63178,15.1237,0.84672,12.849,0.84672,3695.15,0,0,0,0.216518,1.48278,3.16384,1.1355,3.72764,0.42336,0,0.42336,460.49,0,0.983673,0,0,1.20019,0.216518,1.028160,1,0,18.8514,0,0,0,18.8514,0
50.7009,2.16039,0,0,2.86253,0.148613,0.36288,3.6288,61.308,0.171453,0,0,0.888538,0.168476,0.152857,0.66528,12.849,1,0.54957,0.36288,0,46.2737,4.21832,41.8687,0.84672,12.849,0.84672,3695.15,0,0,0,0.559284,1.48293,6.76167,0.714672,8.08921,0.42336,0,0.42336,460.49,0,1.02816,0,0,1.58744,0.559284,1.028160,1,0,50.1107,0,0,0,50.1107,0
50.0058,2.16231,0,0,1.95137,0.121271,0.36288,3.6288,61.308,0.171552,0,0,0.621657,0.208587,0.241518,0.66528,12.849,1,0.547988,0.36288,0,23.6648,4.47746,19.0022,0.84672,12.849,0.84672,3695.15,0,0,0,0.230463,1.43467,4.13589,0.940247,4.86077,0.42336,0,0.42336,460.49,0,1.02816,0,0,1.25862,0.230463,1.028160,1,0,24.1045,0,0,0,24.1045,0
49.8242,2.15651,0,0,2.55277,0.214945,0.36288,3.6288,61.2762,0.327179,0,0,0.491728,0.196329,0,0.66528,12.849,1,0.554116,0.36288,0,32.7871,4.59427,28.0016,0.84672,12.849,0.84672,3695.15,0,0,0,0.216518,1.43481,4.0139,1.08906,4.57617,0.42336,0,0.42336,460.49,0,0.872631,0,0,1.08915,0.216518,1.028160,1,0,32.5777,0,0,0,32.5777,0
49.261,2.15517,0,0,2.16931,0.214532,0.36288,3.6288,61.308,0.171749,0,0,0.551856,0.19629,0.152037,0.66528,12.849,1,0.555789,0.36288,0,26.8019,4.59427,22.0147,0.84672,12.849,0.84672,3695.15,0,0,0,0.307048,1.43495,4.46144,1.08906,5.11437,0.42336,0,0.42336,460.49,0,1.02816,0,0,1.33521,0.307048,1.028160,1,0,27.2811,0,0,0,27.2811,0
53.3961,1.97038,0,0,6.68163,0.213247,0.36288,3.6288,61.308,0.0816863,0,0,1.76604,0.196329,1.48803,0.66528,12.849,1,0.513945,0.36288,0,92.8572,4.59427,88.1119,0.84672,12.849,0.84672,3695.15,0,0,0,3.24194,1.43508,10.6086,1.08906,14.1966,0.42336,0,0.42336,460.49,0,1.02816,0,0,4.2701,3.24194,1.028160,1,0,103.796,0,0,0,103.796,0
55.9633,2.00271,0,0,5.1842,0.251445,0.36288,3.6288,61.308,0.0817752,0,0,0.893015,0.172209,0.639031,0.66528,12.849,1,0.481923,0.36288,0,66.0981,3.94232,62.0367,0.84672,12.849,0.84672,3695.15,0,0,0,0.839946,1.32303,5.91151,0.944369,7.13011,0.42336,0,0.42336,460.49,0,1.02816,0,0,1.86811,0.839946,1.028160,1,0,69.8059,0,0,0,69.8059,0
57.4669,2.02094,0,0,4.15039,0.262959,0.36288,3.6288,61.308,0.0818642,0,0,0.695834,0.168189,0.445781,0.66528,12.849,1,0.464002,0.36288,0,65.0606,3.83366,61.1258,0.84672,12.849,0.84672,3695.15,0,0,0,0.781592,1.32316,5.92346,0.920253,7.10796,0.42336,0,0.42336,460.49,0,1.02816,0,0,1.80975,0.781592,1.028160,1,0,68.6795,0,0,0,68.6795,0
58.8316,2.03111,0,0,4.02742,0.268647,0.36288,3.6288,61.308,0.0819531,0,0,0.66277,0.192293,0.388524,0.66528,12.849,1,0.454136,0.36288,0,57.4132,4.19496,53.127,0.84672,12.849,0.84672,3695.15,0,0,0,0.734953,1.32328,5.13667,1.06276,6.13215,0.42336,0,0.42336,460.49,0,1.02816,0,0,1.76311,0.734953,1.028160,1,0,59.6477,0,0,0,59.6477,0
61.9876,2.04001,0,0,5.8586,0.299721,0.36288,3.6288,61.308,0.0820421,0,0,0.713331,0.219587,0.411701,0.66528,12.849,1,0.445544,0.36288,0,73.8663,4.68204,69.1016,0.84672,12.849,0.84672,3695.15,0,0,0,0.969598,1.32341,6.7131,1.18297,7.82313,0.42336,0,0.42336,460.49,0,1.02816,0,0,1.99776,0.969598,1.028160,1,0,77.3364,0,0,0,77.3364,0
68.9313,2.0588,0,0,9.68209,0.316773,0.36288,3.6288,61.308,0.0820421,0,0,1.40741,0.205976,1.11939,0.66528,12.849,1,0.426755,0.36288,0,151.563,4.22034,147.279,0.84672,12.849,0.84672,3695.15,0,0,0,1.99602,1.32353,11.8807,1.05423,14.146,0.42336,0,0.42336,460.49,0,1.02816,0,0,3.02418,1.99602,1.028160,1,0,162.544,0,0,0,162.544,0
72.29,2.16891,0,0,7.682,0.328887,1.82547,3.6288,61.308,0.108252,0,0,1.14186,0.199907,0.833704,0.66528,12.849,1,0.404292,1.82547,0,158.376,3.84951,155.948,0.84672,12.849,0.84672,3695.15,0,0,0,1.2052,1.32353,8.30736,0.983614,9.85248,0.42336,0,0.42336,460.49,0,1.02816,0,0,2.23336,1.2052,1.028160,1,0,166.634,0,0,0,166.634,0
72.29,2.18512,0,0,6.43825,0.337488,3.91565,3.6288,61.308,0.108339,0,0,2.00876,0.199907,1.70051,0.66528,12.849,1,0.388388,3.91565,0,118.791,3.84951,118.469,0.84672,12.849,0.84672,3695.15,0,0,0,2.78623,1.36021,10.8921,0.983614,14.0549,0.42336,0,0.42336,460.49,0,1.02816,0,0,3.81439,2.78623,1.028160,1,0,134.225,0,0,0,134.225,0
72.29,2.18537,0,0,5.66841,0.32619,3.15685,3.6288,61.308,0.108425,0,0,1.29345,0.204958,0.980068,0.66528,12.849,1,0.388433,3.15685,0,102.419,4.16177,101.026,0.84672,12.849,0.84672,3695.15,0,0,0,1.41655,1.36033,8.48431,0.902744,10.3584,0.42336,0,0.42336,460.49,0,1.02816,0,0,2.44471,1.41655,1.028160,1,0,112.365,0,0,0,112.365,0
72.29,2.18562,0,0,7.35316,0.360476,4.80706,3.6288,61.308,0.108512,0,0,1.69522,0.20973,1.37698,0.66528,12.849,1,0.388478,4.80706,0,137.047,4.27886,137.187,0.84672,12.849,0.84672,3695.15,0,0,0,2.158,1.36046,11.0035,0.921911,13.6,0.42336,0,0.42336,460.49,0,1.02816,0,0,3.18616,2.158,1.028160,1,0,152.164,0,0,0,152.164,0
72.29,2.42413,0,0,7.29458,0.363428,4.50702,3.6288,61.308,0.206702,0,0,1.42148,0.177037,1.03774,0.66528,12.849,1,0.43087,4.50702,0,138.458,4.43489,138.099,0.84672,12.849,0.84672,3695.15,0,0,0,1.81515,1.36058,11.569,0.988125,13.7567,0.42336,0,0.42336,460.49,0,1.02816,0,0,2.84331,1.81515,1.028160,1,0,152.893,0,0,0,152.893,0
72.29,2.42441,0,0,6.94397,0.363428,4.15613,3.6288,61.308,0.206799,0,0,1.71834,0.177037,1.3345,0.66528,12.849,1,0.43092,4.15613,0,149.646,4.43489,148.936,0.84672,12.849,0.84672,3695.15,0,0,0,1.78743,1.48908,13.1801,0.988125,15.4685,0.42336,0,0.42336,460.49,0,1.02816,0,0,2.81559,1.78743,1.028160,1,0,165.739,0,0,0,165.739,0
72.29,2.42469,0,0,7.77108,0.363428,4.98296,3.6288,61.308,0.206896,0,0,1.71493,0.177037,1.33099,0.66528,12.849,1,0.43097,4.98296,0,183.131,4.43489,183.248,0.84672,12.849,0.84672,3695.15,0,0,0,1.77081,1.48922,17.425,0.988125,19.6969,0.42336,0,0.42336,460.49,0,1.02816,0,0,2.79897,1.77081,1.028160,1,0,204.276,0,0,0,204.276,0
72.29,2.42497,0,0,9.12108,0.366738,6.32937,3.6288,61.308,0.206993,0,0,1.79622,0.170789,1.41844,0.66528,12.849,1,0.431019,6.32937,0,220.19,4.22507,221.864,0.84672,12.849,0.84672,3695.15,0,0,0,2.0138,1.48935,14.7956,0.917894,17.3808,0.42336,0,0.42336,460.49,0,1.02816,0,0,3.04196,2.0138,1.028160,1,0,240.663,0,0,0,240.663,0
72.29,2.08528,0,0,9.39125,0.378648,6.92732,3.6288,61.308,0.0753804,0,0,2.83466,0.147156,2.61213,0.66528,12.849,1,0.370643,6.92732,0,230.418,4.14256,232.832,0.84672,12.849,0.84672,3695.15,0,0,0,3.25726,1.48949,17.1851,0.946147,20.9857,0.42336,0,0.42336,460.49,0,1.02816,0,0,4.28542,3.25726,1.028160,1,0,256.43,0,0,0,256.43,0
72.29,2.08553,0,0,11.4831,0.378648,9.0189,3.6288,61.308,0.0754639,0,0,4.12729,0.147156,3.90467,0.66528,12.849,1,0.370687,9.0189,0,239.725,4.14256,244.231,0.84672,12.849,0.84672,3695.15,0,0,0,3.91281,1.31284,22.1729,0.946147,26.4524,0.42336,0,0.42336,460.49,0,1.02816,0,0,4.94097,3.91281,1.028160,1,0,274.588,0,0,0,274.588,0
72.29,2.08577,0,0,12.6955,0.378648,10.2311,3.6288,61.308,0.0755473,0,0,4.62472,0.147156,4.40201,0.66528,12.849,1,0.37073,10.2311,0,326.926,4.14256,332.644,0.84672,12.849,0.84672,3695.15,0,0,0,5.79604,1.31295,25.6338,0.946147,31.7966,0.42336,0,0.42336,460.49,0,1.02816,0,0,6.8242,5.79604,1.028160,1,0,368.843,0,0,0,368.843,0
72.29,2.08602,0,0,10.6822,0.310679,8.28546,3.6288,61.308,0.0756307,0,0,3.37262,0.111058,3.18593,0.66528,12.849,1,0.370773,8.28546,0,259.025,3.6194,263.321,0.84672,12.849,0.84672,3695.15,0,0,0,3.57559,1.31307,20.646,0.870994,24.6636,0.42336,0,0.42336,460.49,0,1.02816,0,0,4.60375,3.57559,1.028160,1,0,291.17,0,0,0,291.17,0
72.29,2.08626,0,0,13.2849,0.31037,10.8882,3.6288,61.308,0.0757142,0,0,4.39091,0.196067,4.11913,0.66528,12.849,1,0.370817,10.8882,0,301.554,4.79353,307.278,0.84672,12.849,0.84672,3695.15,0,0,0,4.68942,1.31319,26.4983,1.20473,31.2962,0.42336,0,0.42336,460.49,0,1.02816,0,0,5.71758,4.68942,1.028160,1,0,342.693,0,0,0,342.693,0
72.29,2.17212,0,0,12.2338,0.275941,9.78574,3.6288,61.308,0.108036,0,0,4.42899,0.185194,4.13576,0.66528,12.849,1,0.386078,9.78574,0,327.781,4.69171,332.489,0.84672,12.849,0.84672,3695.15,0,0,0,4.39403,1.31331,24.4739,1.18639,28.9949,0.42336,0,0.42336,460.49,0,1.02816,0,0,5.42219,4.39403,1.028160,1,0,365.619,0,0,0,365.619,0
72.29,2.17237,0,0,9.64691,0.275941,7.19859,3.6288,61.308,0.108122,0,0,3.35158,0.185194,3.05826,0.66528,12.849,1,0.386123,7.19859,0,255.607,4.69171,257.727,0.84672,12.849,0.84672,3695.15,0,0,0,3.90773,1.35723,16.6794,1.18639,20.758,0.42336,0,0.42336,460.49,0,1.02816,0,0,4.93589,3.90773,1.028160,1,0,281.544,0,0,0,281.544,0
72.29,2.17263,0,0,8.84243,0.275941,6.39387,3.6288,61.308,0.108209,0,0,3.228,0.185194,2.9346,0.66528,12.849,1,0.386168,6.39387,0,236.841,4.69171,238.157,0.84672,12.849,0.84672,3695.15,0,0,0,3.84986,1.35735,15.0894,1.18639,19.1102,0.42336,0,0.42336,460.49,0,1.02816,0,0,4.87802,3.84986,1.028160,1,0,260.201,0,0,0,260.201,0
72.29,2.17288,0,0,8.20817,0.19521,5.84008,3.6288,61.308,0.108296,0,0,2.5104,0.183509,2.2186,0.66528,12.849,1,0.386213,5.84008,0,208.273,4.45225,209.275,0.84672,12.849,0.84672,3695.15,0,0,0,3.3821,1.35748,12.8871,1.0443,16.5824,0.42336,0,0.42336,460.49,0,1.02816,0,0,4.41026,3.3821,1.028160,1,0,228.076,0,0,0,228.076,0
72.29,2.13964,0,0,5.87777,0.17269,3.56544,3.6288,61.308,0.0958569,0,0,1.60214,0.200185,1.3061,0.66528,12.849,1,0.380305,3.56544,0,137.034,3.46406,136.755,0.84672,12.849,0.84672,3695.15,0,0,0,1.787,1.3576,8.431,1.06249,10.5131,0.42336,0,0.42336,460.49,0,1.02816,0,0,2.81516,1.787,1.028160,1,0,148.574,0,0,0,148.574,0
72.29,2.13989,0,0,8.03952,0.17269,5.72694,3.6288,61.308,0.0959424,0,0,1.85376,0.200185,1.55764,0.66528,12.849,1,0.38035,5.72694,0,152.294,3.46406,154.176,0.84672,12.849,0.84672,3695.15,0,0,0,2.42262,1.34065,13.6712,1.06249,16.3719,0.42336,0,0.42336,460.49,0,1.02816,0,0,3.45078,2.42262,1.028160,1,0,172.106,0,0,0,172.106,0
72.29,2.14014,0,0,5.94289,0.149691,3.65305,3.6288,61.308,0.096028,0,0,1.71281,0.185265,1.43152,0.66528,12.849,1,0.380394,3.65305,0,135.575,3.45807,135.39,0.84672,12.849,0.84672,3695.15,0,0,0,2.08983,1.34077,9.70488,1.1204,12.0151,0.42336,0,0.42336,460.49,0,1.02816,0,0,3.11799,2.08983,1.028160,1,0,148.837,0,0,0,148.837,0
72.29,2.14039,0,0,5.47522,0.119025,3.2158,3.6288,61.308,0.0961136,0,0,1.60668,0.165371,1.34519,0.66528,12.849,1,0.380438,3.2158,0,117.527,3.45009,116.913,0.84672,12.849,0.84672,3695.15,0,0,0,1.79359,1.3409,8.73063,1.19761,10.6675,0.42336,0,0.42336,460.49,0,1.02816,0,0,2.82175,1.79359,1.028160,1,0,128.925,0,0,0,128.925,0
72.29,2.25437,0,0,5.54841,0.10366,3.19038,3.6288,61.308,0.140639,0,0,1.26479,0.206675,0.917478,0.66528,12.849,1,0.400697,3.19038,0,108.378,4.09485,107.073,0.84672,12.849,0.84672,3695.15,0,0,0,2.33302,1.34102,8.08091,1.12672,10.6282,0.42336,0,0.42336,460.49,0,1.02816,0,0,3.36118,2.33302,1.028160,1,0,118.619,0,0,0,118.619,0
72.29,2.25463,0,0,5.10577,0.101099,2.75005,3.6288,61.308,0.140729,0,0,1.14207,0.213559,0.787782,0.66528,12.849,1,0.400743,2.75005,0,100.363,4.20231,98.5101,0.84672,12.849,0.84672,3695.15,0,0,0,1.50164,1.40057,7.42936,1.1149,9.21668,0.42336,0,0.42336,460.49,0,1.02816,0,0,2.5298,1.50164,1.028160,1,0,108.515,0,0,0,108.515,0
72.29,2.25489,0,0,4.96605,0.101099,2.61006,3.6288,61.308,0.140819,0,0,1.11595,0.213559,0.761573,0.66528,12.849,1,0.40079,2.61006,0,95.3951,4.20231,93.4021,0.84672,12.849,0.84672,3695.15,0,0,0,2.83079,1.4007,7.10554,1.1149,10.2221,0.42336,0,0.42336,460.49,0,1.02816,0,0,3.85895,2.83079,1.028160,1,0,104.386,0,0,0,104.386,0
72.29,2.25515,0,0,4.61411,0.109552,2.2494,3.6288,61.308,0.140909,0,0,1.06775,0.198402,0.728437,0.66528,12.849,1,0.400836,2.2494,0,87.6908,4.29796,85.2414,0.84672,12.849,0.84672,3695.15,0,0,0,1.61562,1.40083,7.25423,1.11452,9.15616,0.42336,0,0.42336,460.49,0,1.02816,0,0,2.64378,1.61562,1.028160,1,0,95.126,0,0,0,95.126,0
72.29,2.25541,0,0,4.5045,0.120429,2.12866,3.6288,61.308,0.141,0,0,0.997324,0.212398,0.643926,0.66528,12.849,1,0.400883,2.12866,0,82.5569,4.58776,79.6969,0.84672,12.849,0.84672,3695.15,0,0,0,1.38551,1.40096,6.23899,1.19024,7.83521,0.42336,0,0.42336,460.49,0,1.02816,0,0,2.41367,1.38551,1.028160,1,0,88.1761,0,0,0,88.1761,0
72.29,2.23317,0,0,4.28129,0.0730369,1.97508,3.6288,61.308,0.165527,0,0,0.935747,0.243649,0.52657,0.66528,12.849,1,0.39693,1.97508,0,80.3088,4.96539,76.9216,0.84672,12.849,0.84672,3695.15,0,0,0,1.4407,1.40108,5.48321,1.29464,7.03036,0.42336,0,0.42336,460.49,0,1.02816,0,0,2.46886,1.4407,1.028160,1,0,84.4785,0,0,0,84.4785,0
72.29,2.23343,0,0,3.94896,0.050884,1.66465,3.6288,61.308,0.16562,0,0,0.928791,0.251951,0.51122,0.66528,12.849,1,0.396976,1.66465,0,73.4962,5.0295,69.7343,0.84672,12.849,0.84672,3695.15,0,0,0,1.3171,1.41512,5.24718,1.31368,6.66573,0.42336,0,0.42336,460.49,0,1.02816,0,0,2.34526,1.3171,1.028160,1,0,76.9113,0,0,0,76.9113,0
72.29,2.23369,0,0,3.69233,0.0508174,1.40782,3.6288,61.308,0.165713,0,0,0.931591,0.251951,0.513927,0.66528,12.849,1,0.397022,1.40782,0,68.5498,5.0295,64.5311,0.84672,12.849,0.84672,3695.15,0,0,0,1.43853,1.41525,4.90894,1.31368,6.44904,0.42336,0,0.42336,460.49,0,1.02816,0,0,2.46669,1.43853,1.028160,1,0,71.494,0,0,0,71.494,0
72.29,2.23395,0,0,3.53753,0.052808,1.25077,3.6288,61.308,0.165806,0,0,0.885989,0.267599,0.452584,0.66528,12.849,1,0.397068,1.25077,0,64.0129,5.19099,59.6756,0.84672,12.849,0.84672,3695.15,0,0,0,1.37868,1.41538,4.68676,1.35987,6.12095,0.42336,0,0.42336,460.49,0,1.02816,0,0,2.40684,1.37868,1.028160,1,0,66.2491,0,0,0,66.2491,0
72.29,2.29234,0,0,3.55739,0.0709115,1.19413,3.6288,61.308,0.187687,0,0,0.761011,0.313491,0.259833,0.66528,12.849,1,0.407447,1.19413,0,59.869,5.55566,55.1,0.84672,12.849,0.84672,3695.15,0,0,0,1.41445,1.41551,4.27622,1.49208,5.6141,0.42336,0,0.42336,460.49,0,1.02816,0,0,2.44261,1.41445,1.028160,1,0,60.9739,0,0,0,60.9739,0
72.29,2.29261,0,0,3.25432,0.0709115,0.890795,3.6288,61.308,0.187782,0,0,0.715254,0.313491,0.213981,0.66528,12.849,1,0.407494,0.890795,0,56.29,5.55566,51.2177,0.84672,12.849,0.84672,3695.15,0,0,0,1.36856,1.4453,4.35258,1.49208,5.67437,0.42336,0,0.42336,460.49,0,1.02816,0,0,2.39672,1.36856,1.028160,1,0,57.106,0,0,0,57.106,0
72.29,2.29288,0,0,2.94659,0.0709115,0.582798,3.6288,61.308,0.187877,0,0,0.683389,0.313491,0.182021,0.66528,12.849,1,0.407541,0.582798,0,53.0143,5.55566,47.6339,0.84672,12.849,0.84672,3695.15,0,0,0,1.12425,1.44544,4.04698,1.49208,5.12458,0.42336,0,0.42336,460.49,0,1.02816,0,0,2.15241,1.12425,1.028160,1,0,52.9405,0,0,0,52.9405,0
72.1547,2.29314,0,0,2.57688,0.0562075,0.36288,3.6288,61.308,0.187972,0,0,0.678542,0.321261,0.169309,0.66528,12.849,1,0.407589,0.36288,0,50.4812,5.77998,44.6565,0.84672,12.849,0.84672,3695.15,0,0,0,1.08986,1.44557,4.09027,1.5369,5.0888,0.42336,0,0.42336,460.49,0,1.02816,0,0,2.11802,1.08986,1.028160,1,0,49.9146,0,0,0,49.9146,0
71.475,2.46302,0,0,2.24546,0.099221,0.36288,3.6288,61.2472,0.266744,0,0,0.545232,0.339261,0,0.66528,12.849,1,0.438605,0.36288,0,37.7868,6.01408,31.697,0.84672,12.849,0.84672,3695.15,0,0,0,0.690137,1.4457,3.48579,1.45648,4.16515,0.42336,0,0.42336,460.49,0,1.02816,0,0,1.7183,0.690137,1.028160,1,0,35.8621,0,0,0,35.8621,0
71.0108,2.45977,0,0,2.46397,0.105548,0.36288,3.6288,61.2005,0.266848,0,0,0.575192,0.35503,0,0.66528,12.849,1,0.442191,0.36288,0,37.9437,6.25317,31.6112,0.84672,12.849,0.84672,3695.15,0,0,0,0.832913,1.54421,3.21629,1.50452,4.08889,0.42336,0,0.42336,460.49,0,1.02816,0,0,1.86107,0.832913,1.028160,1,0,35.7001,0,0,0,35.7001,0
70.062,2.45761,0,0,1.97694,0.105173,0.36288,3.6288,61.031,0.266951,0,0,0.452293,0.354925,0,0.66528,12.849,1,0.44469,0.36288,0,44.6297,6.25317,38.2948,0.84672,12.849,0.84672,3695.15,0,0,0,0.464746,1.54435,2.67174,1.50452,3.17631,0.42336,0,0.42336,460.49,0,1.02816,0,0,1.49291,0.464746,1.028160,1,0,41.4711,0,0,0,41.4711,0
69.4833,2.4528,0,0,2.34133,0.104409,0.36288,3.6288,61.0998,0.267054,0,0,0.69041,0.354544,0,0.66528,12.849,1,0.44983,0.36288,0,38.3069,6.25317,31.9668,0.84672,12.849,0.84672,3695.15,0,0,0,1.21762,1.54449,3.613,1.50452,4.87059,0.42336,0,0.42336,460.49,0,1.02816,0,0,2.24578,1.21762,1.028160,1,0,36.8374,0,0,0,36.8374,0
69.607,2.44992,0,0,3.01066,0.0741408,0.36288,3.6288,61.1686,0.267158,0,0,0.713906,0.377932,0,0.66528,12.849,1,0.453045,0.36288,0,58.7481,6.7569,51.901,0.84672,12.849,0.84672,3695.15,0,0,0,1.20991,1.54464,4.97356,1.57974,6.14837,0.42336,0,0.42336,460.49,0,1.02816,0,0,2.23807,1.20991,1.028160,1,0,58.0494,0,0,0,58.0494,0
70.817,2.36831,0,0,4.0868,0.145619,0.36288,3.6288,61.308,0.219483,0,0,1.10453,0.332228,0.413404,0.66528,12.849,1,0.437175,0.36288,0,78.7795,5.53664,73.1686,0.84672,12.849,0.84672,3695.15,0,0,0,1.9133,1.54478,6.54834,1.20349,8.80294,0.42336,0,0.42336,460.49,0,1.02816,0,0,2.94146,1.9133,1.028160,1,0,82.3849,0,0,0,82.3849,0
72.29,2.37491,0,0,4.69407,0.183472,0.662667,3.6288,61.308,0.219581,0,0,1.50746,0.325569,0.962305,0.66528,12.849,1,0.430903,0.662667,0,79.6115,5.31625,74.5271,0.84672,12.849,0.84672,3695.15,0,0,0,2.60957,1.48968,9.08081,1.17842,12.0016,0.42336,0,0.42336,460.49,0,1.02816,0,0,3.63773,2.60957,1.028160,1,0,87.491,0,0,0,87.491,0
72.29,2.38264,0,0,4.49448,0.185546,1.9263,3.6288,61.308,0.21968,0,0,1.47852,0.325569,0.933272,0.66528,12.849,1,0.423496,1.9263,0,106.149,5.31625,102.336,0.84672,12.849,0.84672,3695.15,0,0,0,2.51047,1.48981,9.07848,1.17842,11.9003,0.42336,0,0.42336,460.49,0,1.02816,0,0,3.53863,2.51047,1.028160,1,0,115.169,0,0,0,115.169,0
72.29,2.38292,0,0,5.15218,0.185546,2.58372,3.6288,61.308,0.219778,0,0,2.03764,0.325569,1.49229,0.66528,12.849,1,0.423545,2.58372,0,238.621,5.31625,235.465,0.84672,12.849,0.84672,3695.15,0,0,0,3.39741,1.48995,12.2667,1.17842,15.9757,0.42336,0,0.42336,460.49,0,1.02816,0,0,4.42557,3.39741,1.028160,1,0,252.933,0,0,0,252.933,0
72.29,2.31499,0,0,3.73601,0.284254,1.13677,3.6288,61.308,0.176368,0,0,2.94075,0.22809,2.5363,0.66528,12.849,1,0.411473,1.13677,0,107.172,3.9585,103.939,0.84672,12.849,0.84672,3695.15,0,0,0,4.43267,1.49009,12.6757,0.945196,17.6533,0.42336,0,0.42336,460.49,0,1.02816,0,0,5.46083,4.43267,1.028160,1,0,124.129,0,0,0,124.129,0
72.29,2.31526,0,0,3.22866,0.284254,0.629148,3.6288,61.308,0.176462,0,0,1.77913,0.22809,1.37458,0.66528,12.849,1,0.41152,0.629148,0,73.3156,3.9585,69.5747,0.84672,12.849,0.84672,3695.15,0,0,0,3.13838,1.44156,10.5716,0.945196,14.2064,0.42336,0,0.42336,460.49,0,1.02816,0,0,4.16654,3.13838,1.028160,1,0,85.1557,0,0,0,85.1557,0
72.29,2.31553,0,0,3.34994,0.284254,0.75016,3.6288,61.308,0.176556,0,0,2.00074,0.22809,1.59609,0.66528,12.849,1,0.411568,0.75016,0,167.034,3.9585,163.414,0.84672,12.849,0.84672,3695.15,0,0,0,3.29254,1.44169,12.5398,0.945196,16.3288,0.42336,0,0.42336,460.49,0,1.02816,0,0,4.3207,3.29254,1.028160,1,0,181.339,0,0,0,181.339,0
71.4381,2.3158,0,0,2.11099,0.284254,0.36288,3.6288,61.308,0.17665,0,0,1.14732,0.22809,0.742583,0.66528,12.849,1,0.411616,0.36288,0,57.6971,3.9585,53.6898,0.84672,12.849,0.84672,3695.15,0,0,0,1.51884,1.44182,8.56172,0.945196,10.5772,0.42336,0,0.42336,460.49,0,1.02816,0,0,2.547,1.51884,1.028160,1,0,65.0096,0,0,0,65.0096,0
72.29,2.11849,0,0,5.11207,0.277471,1.86416,3.6288,61.308,0.0860904,0,0,1.85583,0.177273,1.59247,0.66528,12.849,1,0.381036,1.86416,0,181.831,3.38895,179.926,0.84672,12.849,0.84672,3695.15,0,0,0,2.55218,1.44195,10.2038,0.768493,13.4295,0.42336,0,0.42336,460.49,0,1.02816,0,0,3.58034,2.55218,1.028160,1,0,194.948,0,0,0,194.948,0
72.29,2.12255,0,0,6.3658,0.316847,3.9264,3.6288,61.308,0.0861749,0,0,2.14875,0.202039,1.86054,0.66528,12.849,1,0.377267,3.9264,0,192.588,4.12534,192.012,0.84672,12.849,0.84672,3695.15,0,0,0,2.85441,1.32928,10.0142,0.96973,13.2281,0.42336,0,0.42336,460.49,0,1.02816,0,0,3.88257,2.85441,1.028160,1,0,207.101,0,0,0,207.101,0
72.29,2.1228,0,0,5.58973,0.316847,3.15008,3.6288,61.308,0.0862596,0,0,1.91864,0.202039,1.63034,0.66528,12.849,1,0.377311,3.15008,0,179.44,4.12534,178.087,0.84672,12.849,0.84672,3695.15,0,0,0,2.80926,1.3294,10.7393,0.96973,13.9083,0.42336,0,0.42336,460.49,0,1.02816,0,0,3.83742,2.80926,1.028160,1,0,193.626,0,0,0,193.626,0
72.29,2.12305,0,0,5.15115,0.316847,2.71126,3.6288,61.308,0.0863442,0,0,1.78205,0.202039,1.49367,0.66528,12.849,1,0.377355,2.71126,0,178.791,4.12534,177,0.84672,12.849,0.84672,3695.15,0,0,0,2.44427,1.32952,11.6107,0.971058,14.4134,0.42336,0,0.42336,460.49,0,1.02816,0,0,3.47243,2.44427,1.028160,1,0,192.907,0,0,0,192.907,0
72.29,2.12329,0,0,6.14812,0.280599,3.74423,3.6288,61.308,0.0864288,0,0,2.70761,0.19207,2.42911,0.66528,12.849,1,0.3774,3.74423,0,191.607,3.92538,191.048,0.84672,12.849,0.84672,3695.15,0,0,0,2.70388,1.32964,12.1982,0.937017,15.2947,0.42336,0,0.42336,460.49,0,1.02816,0,0,3.73204,2.70388,1.028160,1,0,208.772,0,0,0,208.772,0
72.2317,2.19811,0,0,2.75362,0.250968,0.36288,3.6288,61.308,0.112776,0,0,1.38233,0.190432,1.07912,0.66528,12.849,1,0.390697,0.36288,0,80.0099,3.20691,76.7751,0.84672,12.849,0.84672,3695.15,0,0,0,1.42178,1.32976,8.57183,0.911912,10.4115,0.42336,0,0.42336,460.49,0,1.02816,0,0,2.44994,1.42178,1.028160,1,0,88.2657,0,0,0,88.2657,0
71.6511,2.19808,0,0,2.24302,0.262659,0.36288,3.6288,61.308,0.112858,0,0,1.22987,0.191607,0.925405,0.66528,12.849,1,0.391008,0.36288,0,64.8736,3.27429,61.5712,0.84672,12.849,0.84672,3695.15,0,0,0,1.07713,1.36663,6.96177,0.949613,8.45591,0.42336,0,0.42336,460.49,0,1.02816,0,0,2.10529,1.07713,1.028160,1,0,70.9525,0,0,0,70.9525,0
71.4379,2.19563,0,0,2.66999,0.324627,0.36288,3.6288,61.308,0.112941,0,0,1.6376,0.18938,1.33528,0.66528,12.849,1,0.393737,0.36288,0,66.8555,3.33027,63.4943,0.84672,12.849,0.84672,3695.15,0,0,0,1.48257,1.36675,7.81834,0.916923,9.75073,0.42336,0,0.42336,460.49,0,1.02816,0,0,2.51073,1.48257,1.028160,1,0,74.5803,0,0,0,74.5803,0
71.4135,2.19488,0,0,2.85449,0.321154,0.36288,3.6288,61.308,0.113023,0,0,1.24618,0.185671,0.947488,0.66528,12.849,1,0.394776,0.36288,0,65.3659,3.19095,62.1431,0.84672,12.849,0.84672,3695.15,0,0,0,1.34896,1.36686,6.07726,0.813366,7.97971,0.42336,0,0.42336,460.49,0,1.02816,0,0,2.37712,1.34896,1.028160,1,0,71.0703,0,0,0,71.0703,0
72.2329,2.4341,0,0,3.94785,0.331472,0.36288,3.6288,61.308,0.211738,0,0,1.90197,0.187466,1.50276,0.66528,12.849,1,0.437953,0.36288,0,91.095,3.70476,87.3151,0.84672,12.849,0.84672,3695.15,0,0,0,3.03126,1.36698,7.56818,0.916419,11.05,0.42336,0,0.42336,460.49,0,1.02816,0,0,4.05942,3.03126,1.028160,1,0,99.8679,0,0,0,99.8679,0
72.1007,2.43858,0,0,3.00458,0.335287,0.36288,3.6288,61.308,0.21183,0,0,1.25156,0.187765,0.851962,0.66528,12.849,1,0.433782,0.36288,0,66.726,3.79039,62.8647,0.84672,12.849,0.84672,3695.15,0,0,0,2.11134,1.49617,7.38034,0.933594,10.0543,0.42336,0,0.42336,460.49,0,1.02816,0,0,3.1395,2.11134,1.028160,1,0,73.7709,0,0,0,73.7709,0
71.4573,2.43817,0,0,2.45925,0.301661,0.36288,3.6288,61.308,0.211922,0,0,1.08825,0.197326,0.679003,0.66528,12.849,1,0.434504,0.36288,0,63.1236,3.85219,59.1998,0.84672,12.849,0.84672,3695.15,0,0,0,1.68133,1.4963,7.58791,0.999455,9.76608,0.42336,0,0.42336,460.49,0,1.02816,0,0,2.70949,1.68133,1.028160,1,0,69.6448,0,0,0,69.6448,0
70.9142,2.43512,0,0,2.53027,0.275342,0.36288,3.6288,61.308,0.212014,0,0,1.32291,0.204497,0.906403,0.66528,12.849,1,0.437868,0.36288,0,92.5932,3.89854,88.6196,0.84672,12.849,0.84672,3695.15,0,0,0,1.71706,1.49643,6.52689,1.04885,8.69153,0.42336,0,0.42336,460.49,0,1.02816,0,0,2.74522,1.71706,1.028160,1,0,98.2176,0,0,0,98.2176,0
72.2313,2.09175,0,0,4.08143,0.309723,0.36288,3.6288,61.308,0.0796881,0,0,1.6649,0.203423,1.38179,0.66528,12.849,1,0.379006,0.36288,0,111.025,3.80089,107.208,0.84672,12.849,0.84672,3695.15,0,0,0,1.91136,1.49656,5.39285,0.961214,7.83955,0.42336,0,0.42336,460.49,0,1.02816,0,0,2.93952,1.91136,1.028160,1,0,116.429,0,0,0,116.429,0
72.29,2.09785,0,0,4.7072,0.318831,2.2318,3.6288,61.308,0.0797672,0,0,2.24376,0.203244,1.96075,0.66528,12.849,1,0.37318,2.2318,0,121.92,3.78462,119.994,0.84672,12.849,0.84672,3695.15,0,0,0,2.93952,1.31894,11.4345,0.946609,14.7464,0.42336,0,0.42336,460.49,0,1.02816,0,0,3.96768,2.93952,1.028160,1,0,136.701,0,0,0,136.701,0
72.29,2.09834,0,0,4.90555,0.318973,2.48824,3.6288,61.308,0.0798463,0,0,2.22692,0.203244,1.94383,0.66528,12.849,1,0.372964,2.48824,0,94.3652,3.78462,92.6959,0.84672,12.849,0.84672,3695.15,0,0,0,3.30827,1.31906,9.19796,0.946609,12.8787,0.42336,0,0.42336,460.49,0,1.02816,0,0,4.33643,3.30827,1.028160,1,0,107.518,0,0,0,107.518,0
72.29,2.09857,0,0,6.89999,0.302101,4.49932,3.6288,61.308,0.0799255,0,0,3.47025,0.202638,3.18768,0.66528,12.849,1,0.373005,4.49932,0,168.472,3.68312,168.915,0.84672,12.849,0.84672,3695.15,0,0,0,6.27585,1.31917,16.1831,0.946348,22.8317,0.42336,0,0.42336,460.49,0,1.02816,0,0,7.30401,6.27585,1.028160,1,0,194.935,0,0,0,194.935,0
72.29,2.0988,0,0,4.27958,0.35301,1.82777,3.6288,61.308,0.0800046,0,0,2.79299,0.218404,2.49458,0.66528,12.849,1,0.373046,1.82777,0,110.682,4.15772,107.979,0.84672,12.849,0.84672,3695.15,0,0,0,3.62705,1.31928,8.21431,1.02088,12.1398,0.42336,0,0.42336,460.49,0,1.02816,0,0,4.65521,3.62705,1.028160,1,0,122.613,0,0,0,122.613,0
72.29,2.18511,0,0,3.56465,0.344966,1.03457,3.6288,61.308,0.112494,0,0,2.1774,0.171252,1.89365,0.66528,12.849,1,0.388387,1.03457,0,93.115,4.11159,89.6496,0.84672,12.849,0.84672,3695.15,0,0,0,3.00923,1.31939,6.62142,0.975001,9.97504,0.42336,0,0.42336,460.49,0,1.02816,0,0,4.03739,3.00923,1.028160,1,0,101.518,0,0,0,101.518,0
72.29,2.18535,0,0,3.1071,0.344966,0.576785,3.6288,61.308,0.112576,0,0,1.75465,0.171252,1.47083,0.66528,12.849,1,0.388429,0.576785,0,86.7136,4.11159,82.7904,0.84672,12.849,0.84672,3695.15,0,0,0,2.29897,1.36354,5.86623,0.975001,8.55375,0.42336,0,0.42336,460.49,0,1.02816,0,0,3.32713,2.29897,1.028160,1,0,92.815,0,0,0,92.815,0
71.7376,2.18559,0,0,2.2845,0.288476,0.36288,3.6288,61.308,0.112659,0,0,1.3942,0.189974,1.09157,0.66528,12.849,1,0.388472,0.36288,0,58.7037,4.27836,54.3997,0.84672,12.849,0.84672,3695.15,0,0,0,1.8178,1.36366,3.97905,0.986646,6.17386,0.42336,0,0.42336,460.49,0,1.02816,0,0,2.84596,1.8178,1.028160,1,0,61.6652,0,0,0,61.6652,0
70.8919,2.18329,0,0,1.98079,0.280286,0.36288,3.6288,61.308,0.112741,0,0,1.03399,0.18687,0.734381,0.66528,12.849,1,0.391052,0.36288,0,48.3463,4.16398,44.1542,0.84672,12.849,0.84672,3695.15,0,0,0,1.23317,1.36378,3.35997,0.985695,4.97122,0.42336,0,0.42336,460.49,0,1.02816,0,0,2.26133,1.23317,1.028160,1,0,49.8598,0,0,0,49.8598,0
70.5522,2.14601,0,0,2.46031,0.291081,0.36288,3.6288,61.308,0.100231,0,0,0.885185,0.224818,0.560137,0.66528,12.849,1,0.38896,0.36288,0,57.6297,5.4139,52.1897,0.84672,12.849,0.84672,3695.15,0,0,0,1.40338,1.36389,3.91091,1.1997,5.47848,0.42336,0,0.42336,460.49,0,1.02816,0,0,2.43154,1.40338,1.028160,1,0,58.2283,0,0,0,58.2283,0
70.1558,2.14466,0,0,2.33633,0.225212,0.36288,3.6288,61.308,0.100312,0,0,0.888183,0.204443,0.583428,0.66528,12.849,1,0.390587,0.36288,0,63.7324,4.32994,59.3748,0.84672,12.849,0.84672,3695.15,0,0,0,1.23621,1.34685,3.72061,1.07496,5.2287,0.42336,0,0.42336,460.49,0,1.02816,0,0,2.26437,1.23621,1.028160,1,0,65.1869,0,0,0,65.1869,0
69.5561,2.14303,0,0,2.11989,0.213706,0.36288,3.6288,61.308,0.100393,0,0,0.959792,0.201048,0.658351,0.66528,12.849,1,0.392496,0.36288,0,53.0485,4.14928,48.8696,0.84672,12.849,0.84672,3695.15,0,0,0,1.02025,1.34696,3.48994,1.05418,4.80298,0.42336,0,0.42336,460.49,0,1.02816,0,0,2.04841,1.02025,1.028160,1,0,54.3309,0,0,0,54.3309,0
68.8895,2.14041,0,0,2.0494,0.212718,0.36288,3.6288,61.308,0.100474,0,0,0.851075,0.201048,0.549553,0.66528,12.849,1,0.395396,0.36288,0,46.8676,4.14928,42.6858,0.84672,12.849,0.84672,3695.15,0,0,0,0.834684,1.34708,3.31609,1.05418,4.44368,0.42336,0,0.42336,460.49,0,1.02816,0,0,1.86284,0.834684,1.028160,1,0,47.679,0,0,0,47.679,0
67.857,2.25091,0,0,1.75669,0.175391,0.36288,3.6288,61.308,0.14523,0,0,0.706493,0.217157,0.344106,0.66528,12.849,1,0.419831,0.36288,0,41.8548,4.2141,37.5838,0.84672,12.849,0.84672,3695.15,0,0,0,0.669056,1.34719,2.64691,1.10816,3.555,0.42336,0,0.42336,460.49,0,1.02816,0,0,1.69722,0.669056,1.028160,1,0,41.4829,0,0,0,41.4829,0
66.6686,2.24578,0,0,1.55924,0.139011,0.36288,3.6288,61.308,0.145316,0,0,0.663189,0.228599,0.289274,0.66528,12.849,1,0.425248,0.36288,0,36.1204,4.39173,31.6663,0.84672,12.849,0.84672,3695.15,0,0,0,0.609967,1.40706,2.32726,1.10167,3.24262,0.42336,0,0.42336,460.49,0,1.02816,0,0,1.63813,0.609967,1.028160,1,0,35.1982,0,0,0,35.1982,0
65.4566,2.23967,0,0,1.52831,0.137714,0.36288,3.6288,61.308,0.145401,0,0,0.717258,0.228599,0.343258,0.66528,12.849,1,0.431651,0.36288,0,34.6022,4.39173,30.1417,0.84672,12.849,0.84672,3695.15,0,0,0,0.579044,1.40718,2.5077,1.10167,3.39225,0.42336,0,0.42336,460.49,0,1.02816,0,0,1.6072,0.579044,1.028160,1,0,33.8773,0,0,0,33.8773,0
64.1505,2.23323,0,0,1.42644,0.136391,0.36288,3.6288,61.308,0.145487,0,0,0.655491,0.228599,0.281405,0.66528,12.849,1,0.438379,0.36288,0,32.3465,4.39173,27.8793,0.84672,12.849,0.84672,3695.15,0,0,0,0.4637,1.4073,2.22061,1.10167,2.98994,0.42336,0,0.42336,460.49,0,1.02816,0,0,1.49186,0.4637,1.028160,1,0,31.1506,0,0,0,31.1506,0
62.7333,2.22604,0,0,1.2896,0.11794,0.36288,3.6288,61.308,0.145573,0,0,0.621982,0.240929,0.23548,0.66528,12.849,1,0.445864,0.36288,0,30.272,4.88874,25.3002,0.84672,12.849,0.84672,3695.15,0,0,0,0.363588,1.40742,2.29035,1.14003,2.92133,0.42336,0,0.42336,460.49,0,1.02816,0,0,1.39175,0.363588,1.028160,1,0,28.4571,0,0,0,28.4571,0
61.1804,2.19581,0,0,1.12151,0.115651,0.36288,3.6288,61.308,0.18499,0,0,0.599295,0.237725,0.17658,0.66528,12.849,1,0.449745,0.36288,0,29.2919,5.09701,24.1081,0.84672,12.849,0.84672,3695.15,0,0,0,0.30119,1.40754,2.30434,1.12667,2.88641,0.42336,0,0.42336,460.49,0,1.01339,0,0,1.31458,0.30119,1.028160,1,0,27.171,0,0,0,27.171,0
59.5417,2.18662,0,0,1.02499,0.114182,0.36288,3.6288,61.2944,0.336269,0,0,0.560441,0.237725,0,0.66528,12.849,1,0.459229,0.36288,0,27.5516,5.09701,22.3582,0.84672,12.849,0.84672,3695.15,0,0,0,0.261274,1.42165,2.19277,1.12667,2.74903,0.42336,0,0.42336,460.49,0,0.862203,0,0,1.12348,0.261274,1.028160,1,0,25.1072,0,0,0,25.1072,0
57.8496,2.17646,0,0,0.942512,0.0953446,0.36288,3.6288,61.2083,0.335614,0,0,0.531094,0.281578,0,0.66528,12.849,1,0.469676,0.36288,0,24.668,5.66161,18.8996,0.84672,12.849,0.84672,3695.15,0,0,0,0.261274,1.42177,2.08784,1.33275,2.43813,0.42336,0,0.42336,460.49,0,0.862946,0,0,1.12422,0.261274,1.028160,1,0,21.3377,0,0,0,21.3377,0
56.1238,2.16545,0,0,0.883691,0.0811168,0.36288,3.6288,61.0292,0.363394,0,0,0.498519,0.314311,0,0.66528,12.849,1,0.48097,0.36288,0,22.1708,6.08506,15.9677,0.84672,12.849,0.84672,3695.15,0,0,0,0.261274,1.42189,2.01183,1.48732,2.20768,0.42336,0,0.42336,460.49,0,0.835255,0,0,1.09653,0.261274,1.028160,1,0,18.1754,0,0,0,18.1754,0
54.2439,2.20966,0,0,0.767439,0.0747907,0.36288,3.6288,60.2578,0.875047,0,0,0.423429,0.319793,0,0.66528,12.849,1,0.50588,0.36288,0,23.342,6.27186,16.9271,0.84672,12.849,0.84672,3695.15,0,0,0,0.261274,1.42202,1.61208,1.47222,1.82315,0.42336,0,0.42336,460.49,0,0.345591,0,0,0.606865,0.261274,1.028160,1,0,18.7503,0,0,0,18.7503,0
52.3184,2.19573,0,0,0.706475,0.0733943,0.36288,3.6288,59.4602,0.838331,0,0,0.35897,0.318231,0,0.66528,12.849,1,0.520112,0.36288,0,19.1729,6.27186,12.7438,0.84672,12.849,0.84672,3695.15,0,0,0,0.261274,1.45196,1.55874,1.47222,1.79976,0.42336,0,0.42336,460.49,0,0.382398,0,0,0.643671,0.261274,1.028160,1,0,14.5435,0,0,0,14.5435,0
50.3498,2.1806,0,0,0.646877,0.0719641,0.36288,3.6288,58.578,0.898003,0,0,0.332482,0.316615,0,0.66528,12.849,1,0.535538,0.36288,0,18.2237,6.27186,11.7791,0.84672,12.849,0.84672,3695.15,0,0,0,0.227405,1.45208,1.37011,1.47222,1.57738,0.42336,0,0.42336,460.49,0,0.322816,0,0,0.550221,0.227405,1.028160,1,0,13.3565,0,0,0,13.3565,0
48.4438,2.16415,0,0,0.683472,0.0624374,0.36288,3.6288,57.8517,0.788043,0,0,0.381682,0.31992,0,0.66528,12.849,1,0.55228,0.36288,0,17.8731,6.42141,11.2623,0.84672,12.849,0.84672,3695.15,0,0,0,0.227405,1.45221,1.81246,1.50209,1.98998,0.42336,0,0.42336,460.49,0,0.432867,0,0,0.660271,0.227405,1.028160,1,0,13.2523,0,0,0,13.2523,0
46.4895,2.30658,0,0,0.773107,0.0579961,0.36288,3.6288,57.1463,0.805766,0,0,0.405448,0.305168,0,0.66528,12.849,1,0.611785,0.36288,0,20.0655,6.64211,13.1745,0.84672,12.849,0.84672,3695.15,0,0,0,0.227405,1.45233,1.9377,1.58778,2.02966,0.42336,0,0.42336,460.49,0,0.494321,0,0,0.721726,0.227405,1.028160,1,0,15.2042,0,0,0,15.2042,0
44.4424,2.28668,0,0,0.654932,0.0524923,0.36288,3.6288,56.3143,0.876401,0,0,0.36894,0.324518,0,0.66528,12.849,1,0.632003,0.36288,0,26.8199,6.8755,19.6752,0.84672,12.849,0.84672,3695.15,0,0,0,0.227405,1.55135,1.7556,1.64301,1.89134,0.42336,0,0.42336,460.49,0,0.423784,0,0,0.651189,0.227405,1.028160,1,0,21.5666,0,0,0,21.5666,0
42.4327,2.26434,0,0,0.668888,0.0513,0.36288,3.6288,55.5981,0.816593,0,0,0.423205,0.322766,0,0.66528,12.849,1,0.654657,0.36288,0,23.2327,6.8755,16.0654,0.84672,12.849,0.84672,3695.15,0,0,0,0.204422,1.55148,1.82316,1.64301,1.93606,0.42336,0,0.42336,460.49,0,0.483691,0,0,0.688113,0.204422,1.028160,1,0,18.0015,0,0,0,18.0015,0
40.4529,2.24078,0,0,0.6749,0.0510855,0.36288,3.6288,55.0614,0.648571,0,0,0.426418,0.314611,0,0.66528,12.849,1,0.678529,0.36288,0,23.5731,6.69066,16.5668,0.84672,12.849,0.84672,3695.15,0,0,0,0.204422,1.55162,2.33194,1.57105,2.51693,0.42336,0,0.42336,460.49,0,0.65181,0,0,0.856233,0.204422,1.028160,1,0,19.0837,0,0,0,19.0837,0
38.3316,2.21582,0,0,0.5198,0.0624132,0.36288,3.6288,54.1975,0.907231,0,0,0.315483,0.272146,0,0.66528,12.849,1,0.703808,0.36288,0,15.675,5.66256,9.67155,0.84672,12.849,0.84672,3695.15,0,0,0,0.204422,1.55175,2.08755,1.23156,2.61217,0.42336,0,0.42336,460.49,0,0.393249,0,0,0.597671,0.204422,1.028160,1,0,12.2837,0,0,0,12.2837,0
36.1588,2.11325,0,0,0.381034,0.0777134,0.36288,3.6288,53.3287,0.85853,0,0,0.256344,0.266565,0,0.66528,12.849,1,0.708376,0.36288,0,10.2743,5.86498,4.06377,0.84672,12.849,0.84672,3695.15,0,0,0,0.204422,1.55189,1.35953,1.46214,1.65371,0.42336,0,0.42336,460.49,0,0.394021,0,0,0.598444,0.204422,1.028160,1,0,5.71748,0,0,0,5.71748,0
33.9256,2.08207,0,0,0.287579,0.0757446,0.36288,3.6288,52.3709,0.895499,0,0,0.202548,0.264857,0,0.66528,12.849,1,0.739863,0.36288,0,15.1961,5.86498,8.95415,0.84672,12.849,0.84672,3695.15,0,0,0,0.216518,1.49649,1.05497,1.46214,1.30585,0.42336,0,0.42336,460.49,0,0.357145,0,0,0.573663,0.216518,1.028160,1,0,10.26,0,0,0,10.26,0
31.6338,2.04697,0,0,0.19177,0.0737211,0.36288,3.6288,51.1525,1.10971,0,0,0.154132,0.262833,0,0.66528,12.849,1,0.77527,0.36288,0,9.5326,5.86498,3.25522,0.84672,12.849,0.84672,3695.15,0,0,0,0.216518,1.49662,0.711996,1.46214,0.963003,0.42336,0,0.42336,460.49,0,0.143023,0,0,0.359542,0.216518,1.028160,1,0,4.21823,0,0,0,4.21823,0
29.5285,2.00725,0,0,0.376358,0.11154,0.36288,3.6288,50.1882,0.930988,0,0,0.229787,0.263129,0,0.66528,12.849,1,0.815301,0.36288,0,11.1553,5.49603,5.20683,0.84672,12.849,0.84672,3695.15,0,0,0,0.216518,1.49675,1.11481,1.38671,1.44138,0.42336,0,0.42336,460.49,0,0.321843,0,0,0.538361,0.216518,1.028160,1,0,6.6482,0,0,0,6.6482,0
27.8428,1.9107,0,0,0.760077,0.172217,0.36288,3.6288,49.9884,0.36503,0,0,0.367734,0.202435,0,0.66528,12.849,1,0.83142,0.36288,0,18.7443,3.80244,14.4733,0.84672,12.849,0.84672,3695.15,0,0,0,0.216518,1.49688,2.49945,0.985571,3.22728,0.42336,0,0.42336,460.49,0,0.844161,0,0,1.06068,0.216518,1.028160,1,0,17.7006,0,0,0,17.7006,0
26.8595,1.87646,0,0,1.42858,0.172582,0.36288,3.6288,49.9464,0.312826,0,0,0.460542,0.189762,0,0.66528,12.849,1,0.865957,0.36288,0,37.2975,3.56864,33.2258,0.84672,12.849,0.84672,3695.15,0,0,0,0.216518,1.44809,3.34554,0.9343,4.07585,0.42336,0,0.42336,460.49,0,0.896454,0,0,1.11297,0.216518,1.028160,1,0,37.3016,0,0,0,37.3016,0
26.7371,1.85522,0,0,2.26596,0.170241,0.36288,3.6288,50.5397,0.181209,0,0,0.964181,0.189697,0,0.66528,12.849,1,0.887499,0.36288,0,50.7465,3.56864,46.6533,0.84672,12.849,0.84672,3695.15,0,0,0,0.878947,1.44822,5.38667,0.9343,6.77953,0.42336,0,0.42336,460.49,0,1.02816,0,0,1.90711,0.878947,1.028160,1,0,53.4328,0,0,0,53.4328,0
25.8074,1.85268,0,0,1.45584,0.16995,0.36288,3.6288,50.8866,0.181298,0,0,0.718885,0.19062,0,0.66528,12.849,1,0.89034,0.36288,0,34.9026,3.56864,30.8065,0.84672,12.849,0.84672,3695.15,0,0,0,0.62601,1.44834,5.31476,0.9343,6.45481,0.42336,0,0.42336,460.49,0,1.02816,0,0,1.65417,0.62601,1.028160,1,0,37.2613,0,0,0,37.2613,0
25.9107,1.52044,0,0,2.18494,0.198384,0.36288,3.6288,51.3319,0.0217392,0,0,0.686536,0.219491,0,0.66528,12.849,1,0.756995,0.36288,0,57.3411,4.13825,52.8087,0.84672,12.849,0.84672,3695.15,0,0,0,0.936898,1.44847,4.7542,1.07916,6.06041,0.42336,0,0.42336,460.49,0,1.02816,0,0,1.96506,0.936898,1.028160,1,0,58.8691,0,0,0,58.8691,0
26.5456,1.52262,0,0,2.70783,0.187399,0.36288,3.6288,51.7801,0.0218126,0,0,0.694682,0.224702,0,0.66528,12.849,1,0.755063,0.36288,0,64.2348,4.26101,59.5816,0.84672,12.849,0.84672,3695.15,0,0,0,0.705396,1.23794,5.17887,1.11672,6.00549,0.42336,0,0.42336,460.49,0,1.02816,0,0,1.73356,0.705396,1.028160,1,0,65.5871,0,0,0,65.5871,0
27.9944,1.53496,0,0,3.53571,0.189085,0.36288,3.6288,52.8621,0.0218861,0,0,1.32939,0.225518,0,0.66528,12.849,1,0.742976,0.36288,0,115.249,4.26101,110.607,0.84672,12.849,0.84672,3695.15,0,0,0,1.00114,1.23805,5.92845,1.11672,7.05092,0.42336,0,0.42336,460.49,0,1.02816,0,0,2.0293,1.00114,1.028160,1,0,117.658,0,0,0,117.658,0
29.6389,1.56149,0,0,3.75781,0.188886,0.36288,3.6288,54.3343,0.0219596,0,0,1.72377,0.229575,0,0.66528,12.849,1,0.716701,0.36288,0,144.717,3.94223,140.42,0.84672,12.849,0.84672,3695.15,0,0,0,2.1831,1.23815,7.08962,1.07733,9.43355,0.42336,0,0.42336,460.49,0,1.02816,0,0,3.21126,2.1831,1.028160,1,0,149.854,0,0,0,149.854,0
31.4263,1.58941,0,0,3.92652,0.186881,0.36288,3.6288,55.1878,0.022033,0,0,1.10981,0.234294,0,0.66528,12.849,1,0.689037,0.36288,0,98.1858,3.65475,94.2049,0.84672,12.849,0.84672,3695.15,0,0,0,1.57786,1.23826,6.07961,1.07631,7.81942,0.42336,0,0.42336,460.49,0,1.02816,0,0,2.60602,1.57786,1.028160,1,0,102.024,0,0,0,102.024,0
32.4612,1.67479,0,0,3.25926,0.186666,0.36288,3.6288,55.804,0.0462865,0,0,0.894205,0.231715,0,0.66528,12.849,1,0.684759,0.36288,0,76.4649,4.48014,71.6628,0.84672,12.849,0.84672,3695.15,0,0,0,0.490873,1.23836,5.14375,1.38535,5.48764,0.42336,0,0.42336,460.49,0,1.02816,0,0,1.51903,0.490873,1.028160,1,0,77.1505,0,0,0,77.1505,0
32.5778,1.69061,0,0,2.35918,0.189116,0.36288,3.6288,55.9629,0.447418,0,0,0.838979,0.232654,0,0.66528,12.849,1,0.669188,0.36288,0,71.299,4.48014,66.5126,0.84672,12.849,0.84672,3695.15,0,0,0,0.503194,1.2723,6.36112,1.38535,6.75126,0.42336,0,0.42336,460.49,0,0.6271,0,0,1.13029,0.503194,1.028160,1,0,73.2638,0,0,0,73.2638,0
32.0345,1.6925,0,0,1.70152,0.189392,0.36288,3.6288,55.8382,0.565468,0,0,0.673694,0.232896,0,0.66528,12.849,1,0.667541,0.36288,0,62.914,4.48014,58.1292,0.84672,12.849,0.84672,3695.15,0,0,0,0.503194,1.2724,5.05472,1.38535,5.44496,0.42336,0,0.42336,460.49,0,0.509121,0,0,1.01231,0.503194,1.028160,1,0,63.5741,0,0,0,63.5741,0
31.3133,1.6846,0,0,1.51436,0.188106,0.36288,3.6288,55.4831,0.694327,0,0,0.571864,0.232706,0,0.66528,12.849,1,0.675691,0.36288,0,57.9144,4.48014,53.1215,0.84672,12.849,0.84672,3695.15,0,0,0,0.503194,1.2725,4.42193,1.38535,4.81227,0.42336,0,0.42336,460.49,0,0.380333,0,0,0.883526,0.503194,1.028160,1,0,57.9338,0,0,0,57.9338,0
32.844,1.8579,0,0,3.92551,0.174008,0.36288,3.6288,55.9473,0.30593,0,0,0.962617,0.192465,0,0.66528,12.849,1,0.762367,0.36288,0,165.387,3.54137,161.446,0.84672,12.849,0.84672,3695.15,0,0,0,0.503194,1.2726,6.86118,1.03812,7.59885,0.42336,0,0.42336,460.49,0,0.859611,0,0,1.3628,0.503194,1.028160,1,0,169.045,0,0,0,169.045,0
33.7227,1.88364,0,0,3.30311,0.177883,0.36288,3.6288,55.6455,0.756249,0,0,0.634888,0.180413,0,0.66528,12.849,1,0.736904,0.36288,0,64.4214,3.18811,60.8593,0.84672,12.849,0.84672,3695.15,0,0,0,0.503194,1.39154,4.75723,0.937615,5.71434,0.42336,0,0.42336,460.49,0,0.409372,0,0,0.912565,0.503194,1.028160,1,0,66.5736,0,0,0,66.5736,0
34.5337,1.89774,0,0,3.25142,0.17983,0.36288,3.6288,55.5979,0.640138,0,0,0.77258,0.180057,0,0.66528,12.849,1,0.723074,0.36288,0,62.3287,3.18811,58.7804,0.84672,12.849,0.84672,3695.15,0,0,0,0.608429,1.39165,5.56805,0.937615,6.63051,0.42336,0,0.42336,460.49,0,0.525563,0,0,1.13399,0.608429,1.028160,1,0,65.4109,0,0,0,65.4109,0
34.9626,1.91031,0,0,2.90858,0.206438,0.36288,3.6288,55.3567,0.773057,0,0,0.693688,0.161839,0,0.66528,12.849,1,0.710772,0.36288,0,58.5415,3.29754,54.8961,0.84672,12.849,0.84672,3695.15,0,0,0,0.608429,1.39176,5.01341,0.889699,6.1239,0.42336,0,0.42336,460.49,0,0.392723,0,0,1.00115,0.608429,1.028160,1,0,61.02,0,0,0,61.02,0
37.6368,1.64588,0,0,4.90431,0.221367,0.36288,3.6288,55.8478,0.273086,0,0,0.917127,0.152902,0,0.66528,12.849,1,0.60487,0.36288,0,86.3151,3.13566,82.9374,0.84672,12.849,0.84672,3695.15,0,0,0,0.608429,1.39187,10.3447,0.807808,11.5372,0.42336,0,0.42336,460.49,0,0.770861,0,0,1.37929,0.608429,1.028160,1,0,94.4746,0,0,0,94.4746,0
40.6278,1.67809,0,0,5.26207,0.23015,0.36288,3.6288,56.8017,0.0896321,0,0,1.19627,0.152822,0,0.66528,12.849,1,0.572891,0.36288,0,93.2584,3.0534,89.995,0.84672,12.849,0.84672,3695.15,0,0,0,0.608429,1.22834,9.87129,0.782718,10.9253,0.42336,0,0.42336,460.49,0,0.954383,0,0,1.56281,0.608429,1.028160,1,0,100.92,0,0,0,100.92,0
47.8853,1.71031,0,0,9.56811,0.237335,0.36288,3.6288,58.4417,0.0159236,0,0,1.79858,0.142648,0,0.66528,12.849,1,0.540906,0.36288,0,198.968,2.87409,195.916,0.84672,12.849,0.84672,3695.15,0,0,0,1.8434,1.22844,18.5401,0.752008,20.86,0.42336,0,0.42336,460.49,0,1.02816,0,0,2.87156,1.8434,1.028160,1,0,216.776,0,0,0,216.776,0
54.4487,1.77513,0,0,8.9564,0.255039,0.36288,3.6288,59.9544,0.015992,0,0,1.64474,0.116054,0,0.66528,12.849,1,0.476319,0.36288,0,190.524,2.42581,187.985,0.84672,12.849,0.84672,3695.15,0,0,0,1.64393,1.22854,16.0987,0.675233,18.296,0.42336,0,0.42336,460.49,0,1.02816,0,0,2.67209,1.64393,1.028160,1,0,206.281,0,0,0,206.281,0
59.1482,1.82178,0,0,7.15837,0.274157,0.36288,3.6288,61.308,0.0160604,0,0,1.56529,0.132215,0.0633739,0.66528,12.849,1,0.42991,0.36288,0,196.699,2.8325,193.8,0.84672,12.849,0.84672,3695.15,0,0,0,1.44814,1.22863,15.5689,0.71723,17.5285,0.42336,0,0.42336,460.49,0,1.02816,0,0,2.4763,1.44814,1.028160,1,0,211.391,0,0,0,211.391,0
61.8791,1.92671,0,0,5.3101,0.289697,0.36288,3.6288,61.308,0.045967,0,0,1.54409,0.171258,1.32686,0.66528,12.849,1,0.418546,0.36288,0,103.957,3.8492,100.052,0.84672,12.849,0.84672,3695.15,0,0,0,1.33363,1.22873,9.46607,0.822224,11.2062,0.42336,0,0.42336,460.49,0,1.02816,0,0,2.36179,1.33363,1.028160,1,0,112.586,0,0,0,112.586,0
63.9928,1.9422,0,0,4.71563,0.296779,0.36288,3.6288,61.308,0.0460382,0,0,1.22817,0.171258,1.01087,0.66528,12.849,1,0.403293,0.36288,0,94.9864,3.8492,91.0968,0.84672,12.849,0.84672,3695.15,0,0,0,1.25058,1.26937,7.7493,0.822224,9.44703,0.42336,0,0.42336,460.49,0,1.02816,0,0,2.27874,1.25058,1.028160,1,0,101.555,0,0,0,101.555,0
68.4234,1.9535,0,0,7.05218,0.30521,0.36288,3.6288,61.308,0.0461093,0,0,1.39097,0.155793,1.18907,0.66528,12.849,1,0.39224,0.36288,0,131.023,3.41315,127.581,0.84672,12.849,0.84672,3695.15,0,0,0,2,1.26947,20.6702,0.73427,23.2055,0.42336,0,0.42336,460.49,0,1.02816,0,0,3.02816,2,1.028160,1,0,151.975,0,0,0,151.975,0
70.4241,2.1795,0,0,4.81446,0.271364,0.36288,3.6288,61.308,0.116949,0,0,1.20256,0.176334,0.909275,0.66528,12.849,1,0.409281,0.36288,0,98.1046,3.08748,94.9707,0.84672,12.849,0.84672,3695.15,0,0,0,1.50323,1.26957,10.5615,0.728246,12.606,0.42336,0,0.42336,460.49,0,1.02816,0,0,2.53139,1.50323,1.028160,1,0,108.486,0,0,0,108.486,0
71.0532,2.15586,0,0,3.36765,0.219866,0.36288,3.6288,61.308,0.104371,0,0,1.16194,0.215429,0.842142,0.66528,12.849,1,0.39334,0.36288,0,86.5218,3.75049,82.7409,0.84672,12.849,0.84672,3695.15,0,0,0,0.715919,1.36985,5.79595,0.977583,6.90414,0.42336,0,0.42336,460.49,0,1.02816,0,0,1.74408,0.715919,1.028160,1,0,90.4872,0,0,0,90.4872,0
71.3486,2.15903,0,0,3.0383,0.220931,0.36288,3.6288,61.308,0.18124,0,0,1.05143,0.215429,0.654759,0.66528,12.849,1,0.390431,0.36288,0,79.9286,3.75049,76.1506,0.84672,12.849,0.84672,3695.15,0,0,0,0.528595,1.35271,5.47082,0.977583,6.37455,0.42336,0,0.42336,460.49,0,0.951368,0,0,1.47996,0.528595,1.028160,1,0,83.1799,0,0,0,83.1799,0
72.1775,2.16062,0,0,3.56173,0.209353,0.36288,3.6288,61.308,0.104524,0,0,0.983223,0.221363,0.657336,0.66528,12.849,1,0.389101,0.36288,0,86.7145,4.21835,82.4699,0.84672,12.849,0.84672,3695.15,0,0,0,0.448649,1.35282,7.26893,0.996027,8.07437,0.42336,0,0.42336,460.49,0,1.02816,0,0,1.47681,0.448649,1.028160,1,0,91.2016,0,0,0,91.2016,0
72.29,2.16464,0,0,2.85253,0.168887,0.40651,3.6288,61.308,0.104601,0,0,0.956137,0.239708,0.611828,0.66528,12.849,1,0.385348,0.40651,0,65.766,5.44764,60.3396,0.84672,12.849,0.84672,3695.15,0,0,0,0.451837,1.35293,5.58548,1.06749,6.32276,0.42336,0,0.42336,460.49,0,1.02816,0,0,1.48,0.451837,1.028160,1,0,67.2741,0,0,0,67.2741,0
72.0434,2.28027,0,0,2.52326,0.126704,0.36288,3.6288,61.308,0.403626,0,0,0.898387,0.245655,0.249107,0.66528,12.849,1,0.4053,0.36288,0,55.556,5.23248,50.2811,0.84672,12.849,0.84672,3695.15,0,0,0,0.402797,1.35304,5.44641,1.13166,6.07059,0.42336,0,0.42336,460.49,0,0.774109,0,0,1.17691,0.402797,1.028160,1,0,56.6008,0,0,0,56.6008,0
71.6083,2.27933,0,0,2.35315,0.146062,0.36288,3.6288,61.308,0.47903,0,0,0.900184,0.234324,0.18683,0.66528,12.849,1,0.40652,0.36288,0,56.6093,4.8026,51.763,0.84672,12.849,0.84672,3695.15,0,0,0,0.402797,1.41319,5.36391,1.0657,6.11421,0.42336,0,0.42336,460.49,0,0.698786,0,0,1.10158,0.402797,1.028160,1,0,58.0641,0,0,0,58.0641,0
71.0507,2.27746,0,0,2.23321,0.150471,0.36288,3.6288,61.308,0.287562,0,0,0.885946,0.233008,0.365376,0.66528,12.849,1,0.408656,0.36288,0,54.2271,4.71798,49.4634,0.84672,12.849,0.84672,3695.15,0,0,0,0.30119,1.41331,5.02106,1.06896,5.6666,0.42336,0,0.42336,460.49,0,0.890335,0,0,1.19153,0.30119,1.028160,1,0,55.4954,0,0,0,55.4954,0
70.3178,2.27498,0,0,2.07299,0.168051,0.36288,3.6288,61.308,0.327482,0,0,0.851532,0.229258,0.294793,0.66528,12.849,1,0.411414,0.36288,0,50.1925,4.24234,45.9016,0.84672,12.849,0.84672,3695.15,0,0,0,0.30119,1.41342,4.67044,1.09807,5.28698,0.42336,0,0.42336,460.49,0,0.850496,0,0,1.15169,0.30119,1.028160,1,0,51.4834,0,0,0,51.4834,0
69.7419,2.27159,0,0,2.16579,0.107197,0.36288,3.6288,61.308,0.355608,0,0,0.760121,0.251695,0.152819,0.66528,12.849,1,0.415082,0.36288,0,46.1392,4.67102,41.416,0.84672,12.849,0.84672,3695.15,0,0,0,0.30119,1.41354,4.25581,1.16242,4.80812,0.42336,0,0.42336,460.49,0,0.82245,0,0,1.12364,0.30119,1.028160,1,0,46.377,0,0,0,46.377,0
69.549,2.24632,0,0,2.53736,0.121033,0.36288,3.6288,61.1792,0.402193,0,0,0.518908,0.245524,0,0.66528,12.849,1,0.413854,0.36288,0,40.9895,5.26187,35.6767,0.84672,12.849,0.84672,3695.15,0,0,0,0.30119,1.41365,3.28072,1.18049,3.81507,0.42336,0,0.42336,460.49,0,0.800634,0,0,1.10182,0.30119,1.028160,1,0,39.4918,0,0,0,39.4918,0
69.3465,2.24558,0,0,2.52677,0.120852,0.36288,3.6288,61.1618,0.290587,0,0,0.518528,0.245324,0,0.66528,12.849,1,0.414865,0.36288,0,38.7211,5.26187,33.4073,0.84672,12.849,0.84672,3695.15,0,0,0,0.261274,1.42782,3.53433,1.18049,4.04294,0.42336,0,0.42336,460.49,0,0.912323,0,0,1.1736,0.261274,1.028160,1,0,37.4502,0,0,0,37.4502,0
69.0489,2.24479,0,0,2.42606,0.115985,0.36288,3.6288,61.1283,0.278928,0,0,0.498501,0.253062,0,0.66528,12.849,1,0.41593,0.36288,0,36.3456,5.37045,30.9221,0.84672,12.849,0.84672,3695.15,0,0,0,0.261274,1.42794,3.58246,1.21724,4.05443,0.42336,0,0.42336,460.49,0,0.924065,0,0,1.18534,0.261274,1.028160,1,0,34.9766,0,0,0,34.9766,0
68.4888,2.24351,0,0,2.13423,0.0879193,0.36288,3.6288,60.8752,0.427904,0,0,0.471723,0.296913,0,0.66528,12.849,1,0.417485,0.36288,0,34.3871,6.15756,28.175,0.84672,12.849,0.84672,3695.15,0,0,0,0.261274,1.42805,3.43832,1.48803,3.63962,0.42336,0,0.42336,460.49,0,0.775172,0,0,1.03645,0.261274,1.028160,1,0,31.8146,0,0,0,31.8146,0
68.054,2.2991,0,0,2.31131,0.084149,0.36288,3.6288,60.7117,0.357818,0,0,0.5132,0.318916,0,0.66528,12.849,1,0.431329,0.36288,0,30.4517,6.0129,24.3703,0.84672,12.849,0.84672,3695.15,0,0,0,0.261274,1.42817,3.49723,1.57674,3.60993,0.42336,0,0.42336,460.49,0,0.867352,0,0,1.12863,0.261274,1.028160,1,0,27.9803,0,0,0,27.9803,0
67.6435,2.29702,0,0,2.33264,0.0832174,0.36288,3.6288,60.6308,0.239742,0,0,0.482338,0.32344,0,0.66528,12.849,1,0.433692,0.36288,0,39.3306,5.93229,33.3275,0.84672,12.849,0.84672,3695.15,0,0,0,0.261274,1.45825,3.87576,1.57057,4.02471,0.42336,0,0.42336,460.49,0,0.985513,0,0,1.24679,0.261274,1.028160,1,0,37.3522,0,0,0,37.3522,0
67.0868,2.29504,0,0,2.18419,0.0829496,0.36288,3.6288,60.527,0.229088,0,0,0.448558,0.323274,0,0.66528,12.849,1,0.435948,0.36288,0,31.5789,5.93229,25.5736,0.84672,12.849,0.84672,3695.15,0,0,0,0.227405,1.45837,3.49369,1.57057,3.60889,0.42336,0,0.42336,460.49,0,0.996252,0,0,1.22366,0.227405,1.028160,1,0,29.1825,0,0,0,29.1825,0
66.3377,2.29224,0,0,1.98863,0.0825865,0.36288,3.6288,60.2124,0.417438,0,0,0.425845,0.323061,0,0.66528,12.849,1,0.439029,0.36288,0,28.78,5.93229,22.7716,0.84672,12.849,0.84672,3695.15,0,0,0,0.227405,1.45849,3.25883,1.57057,3.37415,0.42336,0,0.42336,460.49,0,0.807987,0,0,1.03539,0.227405,1.028160,1,0,26.1457,0,0,0,26.1457,0
65.5361,2.45807,0,0,2.09903,0.0796803,0.36288,3.6288,60.1197,0.276826,0,0,0.504414,0.320238,0,0.66528,12.849,1,0.476106,0.36288,0,31.7129,5.67864,25.921,0.84672,12.849,0.84672,3695.15,0,0,0,0.288153,1.4586,4.0491,1.56584,4.23001,0.42336,0,0.42336,460.49,0,1.02816,0,0,1.31631,0.288153,1.028160,1,0,30.151,0,0,0,30.151,0
64.2862,2.45345,0,0,1.66411,0.0976687,0.36288,3.6288,59.6476,0.586861,0,0,0.419914,0.305151,0,0.66528,12.849,1,0.481024,0.36288,0,30.8883,4.99149,25.7787,0.84672,12.849,0.84672,3695.15,0,0,0,0.227405,1.5581,2.61523,1.48982,2.91091,0.42336,0,0.42336,460.49,0,0.718217,0,0,0.945622,0.227405,1.028160,1,0,28.6896,0,0,0,28.6896,0
62.9547,2.44591,0,0,1.57394,0.0966924,0.36288,3.6288,59.1066,0.623017,0,0,0.386211,0.304233,0,0.66528,12.849,1,0.488868,0.36288,0,27.7596,4.99149,22.6422,0.84672,12.849,0.84672,3695.15,0,0,0,0.204422,1.55822,2.58555,1.48982,2.85838,0.42336,0,0.42336,460.49,0,0.682154,0,0,0.886576,0.204422,1.028160,1,0,25.5005,0,0,0,25.5005,0
62.2321,2.43757,0,0,2.17354,0.0956523,0.36288,3.6288,58.7276,0.503558,0,0,0.427717,0.303182,0,0.66528,12.849,1,0.497506,0.36288,0,29.7762,4.99149,24.6501,0.84672,12.849,0.84672,3695.15,0,0,0,0.204422,1.55835,2.88231,1.48982,3.15527,0.42336,0,0.42336,460.49,0,0.801706,0,0,1.00613,0.204422,1.028160,1,0,27.8054,0,0,0,27.8054,0
62.042,2.43303,0,0,2.73828,0.132445,0.36288,3.6288,58.6944,0.325546,0,0,0.582924,0.290544,0,0.66528,12.849,1,0.502345,0.36288,0,49.4964,4.67465,44.6823,0.84672,12.849,0.84672,3695.15,0,0,0,0.204422,1.55848,3.29195,1.40767,3.64718,0.42336,0,0.42336,460.49,0,0.979811,0,0,1.18423,0.204422,1.028160,1,0,48.3295,0,0,0,48.3295,0
60.7049,2.35015,0,0,1.56761,0.191719,0.36288,3.6288,58.2094,0.732119,0,0,0.503138,0.256016,0,0.66528,12.849,1,0.48672,0.36288,0,27.8319,3.81255,23.8956,0.84672,12.849,0.84672,3695.15,0,0,0,0.204422,1.55861,4.23867,1.04222,4.95948,0.42336,0,0.42336,460.49,0,0.525068,0,0,0.729491,0.204422,1.028160,1,0,28.855,0,0,0,28.855,0
59.9711,2.34154,0,0,2.16022,0.189609,0.36288,3.6288,57.6244,0.837999,0,0,0.50822,0.255218,0,0.66528,12.849,1,0.495619,0.36288,0,40.4412,3.81255,36.4959,0.84672,12.849,0.84672,3695.15,0,0,0,0.216518,1.50293,4.4993,1.04222,5.17653,0.42336,0,0.42336,460.49,0,0.419277,0,0,0.635795,0.216518,1.028160,1,0,41.6724,0,0,0,41.6724,0
59.4196,2.33679,0,0,2.33658,0.188376,0.36288,3.6288,57.7677,0.291849,0,0,0.689386,0.254255,0,0.66528,12.849,1,0.500665,0.36288,0,40.664,3.81255,36.7137,0.84672,12.849,0.84672,3695.15,0,0,0,0.216518,1.50306,4.39981,1.04222,5.07716,0.42336,0,0.42336,460.49,0,0.965515,0,0,1.18203,0.216518,1.028160,1,0,41.7908,0,0,0,41.7908,0
60.1049,2.33321,0,0,3.56873,0.187382,0.36288,3.6288,58.7741,0.229292,0,0,1.49013,0.254491,0,0.66528,12.849,1,0.504536,0.36288,0,55.1483,3.81255,51.1941,0.84672,12.849,0.84672,3695.15,0,0,0,2.36092,1.50318,6.91089,1.04222,9.73277,0.42336,0,0.42336,460.49,0,1.02816,0,0,3.38908,2.36092,1.028160,1,0,60.9269,0,0,0,60.9269,0
62.1823,2.27135,0,0,4.95864,0.246979,0.36288,3.6288,59.4739,0.185434,0,0,1.10839,0.223077,0,0.66528,12.849,1,0.48556,0.36288,0,69.5488,4.18688,65.2393,0.84672,12.849,0.84672,3695.15,0,0,0,0.914285,1.5033,5.03423,1.03217,6.41964,0.42336,0,0.42336,460.49,0,1.02816,0,0,1.94244,0.914285,1.028160,1,0,71.6589,0,0,0,71.6589,0
64.7414,2.28502,0,0,5.4821,0.275086,0.36288,3.6288,60.3715,0.185518,0,0,1.29385,0.210792,0,0.66528,12.849,1,0.472165,0.36288,0,92.543,4.33661,88.0971,0.84672,12.849,0.84672,3695.15,0,0,0,1.5663,1.45427,6.31366,1.02815,8.30609,0.42336,0,0.42336,460.49,0,1.02816,0,0,2.59446,1.5663,1.028160,1,0,96.4032,0,0,0,96.4032,0
66.7532,2.30083,0,0,4.95865,0.283184,0.36288,3.6288,61.308,0.185602,0,0,1.49031,0.206663,0.161518,0.66528,12.849,1,0.456638,0.36288,0,81.7802,4.33914,77.3473,0.84672,12.849,0.84672,3695.15,0,0,0,1.63046,1.45439,6.90789,1.04394,8.9488,0.42336,0,0.42336,460.49,0,1.02816,0,0,2.65862,1.63046,1.028160,1,0,86.4576,0,0,0,86.4576,0
68.2129,2.31261,0,0,4.46043,0.325215,0.36288,3.6288,61.308,0.185686,0,0,1.10182,0.185732,0.730406,0.66528,12.849,1,0.445143,0.36288,0,73.502,4.40992,69.0098,0.84672,12.849,0.84672,3695.15,0,0,0,1.2642,1.4545,6.2135,1.09496,7.83724,0.42336,0,0.42336,460.49,0,1.02816,0,0,2.29236,1.2642,1.028160,1,0,77.5775,0,0,0,77.5775,0
72.29,2.12691,0,0,8.07362,0.337219,1.53239,3.6288,61.308,0.0942103,0,0,3.39701,0.189423,3.11337,0.66528,12.849,1,0.400638,1.53239,0,113.692,4.25848,110.566,0.84672,12.849,0.84672,3695.15,0,0,0,2.34974,1.45462,12.9677,1.0126,15.7595,0.42336,0,0.42336,460.49,0,1.02816,0,0,3.3779,2.34974,1.028160,1,0,129.438,0,0,0,129.438,0
72.29,2.14632,0,0,9.75802,0.316003,7.29569,3.6288,61.308,0.0942859,0,0,4.15468,0.176458,3.88394,0.66528,12.849,1,0.381492,7.29569,0,213.422,3.95776,216.378,0.84672,12.849,0.84672,3695.15,0,0,0,2.72498,1.34081,17.746,0.98049,20.8312,0.42336,0,0.42336,460.49,0,1.02816,0,0,3.75314,2.72498,1.028160,1,0,241.093,0,0,0,241.093,0
72.29,2.14654,0,0,9.46434,0.316003,7.0018,3.6288,61.308,0.0943616,0,0,3.8327,0.176458,3.56188,0.66528,12.849,1,0.381531,7.0018,0,200.058,3.95776,202.721,0.84672,12.849,0.84672,3695.15,0,0,0,2.46745,1.34091,15.4115,0.98049,18.2394,0.42336,0,0.42336,460.49,0,1.02816,0,0,3.49561,2.46745,1.028160,1,0,224.522,0,0,0,224.522,0
72.29,2.14676,0,0,10.064,0.316003,7.60128,3.6288,61.308,0.0944373,0,0,3.6449,0.176458,3.374,0.66528,12.849,1,0.381571,7.60128,0,211.432,3.95776,214.694,0.84672,12.849,0.84672,3695.15,0,0,0,2.14559,1.34102,11.7539,0.98049,14.2601,0.42336,0,0.42336,460.49,0,1.02816,0,0,3.17375,2.14559,1.028160,1,0,232.328,0,0,0,232.328,0
72.29,2.14698,0,0,7.76684,0.316472,5.30338,3.6288,61.308,0.094513,0,0,3.276,0.185869,2.99562,0.66528,12.849,1,0.38161,5.30338,0,180.37,3.95052,181.342,0.84672,12.849,0.84672,3695.15,0,0,0,1.82313,1.34113,10.0538,0.974858,12.2432,0.42336,0,0.42336,460.49,0,1.02816,0,0,2.85129,1.82313,1.028160,1,0,196.58,0,0,0,196.58,0
72.29,2.22251,0,0,4.44736,0.301469,1.92338,3.6288,61.308,0.121112,0,0,1.76406,0.172864,1.47009,0.66528,12.849,1,0.395035,1.92338,0,119.426,2.95775,117.997,0.84672,12.849,0.84672,3695.15,0,0,0,2.01656,1.34124,7.55749,0.667191,10.2481,0.42336,0,0.42336,460.49,0,1.02816,0,0,3.04472,2.01656,1.028160,1,0,129.715,0,0,0,129.715,0
72.29,2.22273,0,0,4.57412,0.301469,2.04993,3.6288,61.308,0.121185,0,0,1.73762,0.172864,1.44357,0.66528,12.849,1,0.395073,2.04993,0,100.172,2.95775,98.8693,0.84672,12.849,0.84672,3695.15,0,0,0,1.86405,1.37846,7.30382,0.667191,9.87914,0.42336,0,0.42336,460.49,0,1.02816,0,0,2.89221,1.86405,1.028160,1,0,110.192,0,0,0,110.192,0
72.29,2.22294,0,0,9.22683,0.301469,6.70242,3.6288,61.308,0.121258,0,0,2.3435,0.172864,2.04938,0.66528,12.849,1,0.395111,6.70242,0,173.32,2.95775,176.67,0.84672,12.849,0.84672,3695.15,0,0,0,2.78459,1.37856,12.113,0.667191,15.609,0.42336,0,0.42336,460.49,0,1.02816,0,0,3.81275,2.78459,1.028160,1,0,194.328,0,0,0,194.328,0
72.29,2.22315,0,0,12.0956,0.337359,9.53506,3.6288,61.308,0.121331,0,0,2.44559,0.179904,2.14435,0.66528,12.849,1,0.395149,9.53506,0,287.507,3.83292,292.814,0.84672,12.849,0.84672,3695.15,0,0,0,3.92418,1.37866,17.253,0.874072,21.6818,0.42336,0,0.42336,460.49,0,1.02816,0,0,4.95234,3.92418,1.028160,1,0,316.64,0,0,0,316.64,0
72.29,2.46527,0,0,12.5954,0.335536,9.79458,3.6288,61.308,0.221013,0,0,2.57031,0.176393,2.17291,0.66528,12.849,1,0.438184,9.79458,0,347.461,3.89139,352.926,0.84672,12.849,0.84672,3695.15,0,0,0,4.54232,1.37877,17.6539,0.942292,22.6327,0.42336,0,0.42336,460.49,0,1.02816,0,0,5.57048,4.54232,1.028160,1,0,377.732,0,0,0,377.732,0
72.29,2.46551,0,0,7.85618,0.323402,5.06727,3.6288,61.308,0.221095,0,0,2.07225,0.171649,1.67951,0.66528,12.849,1,0.438225,5.06727,0,229.861,3.67269,230.817,0.84672,12.849,0.84672,3695.15,0,0,0,2.54216,1.50922,11.1384,0.931393,14.2584,0.42336,0,0.42336,460.49,0,1.02816,0,0,3.57032,2.54216,1.028160,1,0,246.755,0,0,0,246.755,0
72.29,2.46574,0,0,5.67724,0.323402,2.8881,3.6288,61.308,0.221176,0,0,1.56899,0.171649,1.17616,0.66528,12.849,1,0.438267,2.8881,0,147.613,3.67269,146.39,0.84672,12.849,0.84672,3695.15,0,0,0,1.73184,1.50933,8.07131,0.931393,10.3811,0.42336,0,0.42336,460.49,0,1.02816,0,0,2.76,1.73184,1.028160,1,0,157.947,0,0,0,157.947,0
72.29,2.46598,0,0,4.97752,0.326425,2.18512,3.6288,61.308,0.221258,0,0,1.5607,0.154139,1.1853,0.66528,12.849,1,0.438309,2.18512,0,126.048,3.37023,124.425,0.84672,12.849,0.84672,3695.15,0,0,0,2.12083,1.50945,7.84572,0.844666,10.6313,0.42336,0,0.42336,460.49,0,1.02816,0,0,3.14899,2.12083,1.028160,1,0,136.241,0,0,0,136.241,0
72.29,2.12106,0,0,3.67323,0.310339,1.24183,3.6288,61.308,0.0876176,0,0,1.10629,0.149396,0.869278,0.66528,12.849,1,0.377002,1.24183,0,94.1708,3.39668,91.639,0.84672,12.849,0.84672,3695.15,0,0,0,1.31454,1.50956,5.29044,0.816394,7.29816,0.42336,0,0.42336,460.49,0,1.02816,0,0,2.3427,1.31454,1.028160,1,0,99.8064,0,0,0,99.8064,0
72.29,2.12126,0,0,3.08127,0.313709,0.646302,3.6288,61.308,0.0876878,0,0,0.751067,0.144231,0.519147,0.66528,12.849,1,0.377038,0.646302,0,68.1938,3.49524,64.9678,0.84672,12.849,0.84672,3695.15,0,0,0,0.761763,1.33019,4.14571,0.849611,5.38805,0.42336,0,0.42336,460.49,0,1.02816,0,0,1.78992,0.761763,1.028160,1,0,70.875,0,0,0,70.875,0
72.29,2.12147,0,0,4.45344,0.313709,2.01826,3.6288,61.308,0.0877579,0,0,1.09636,0.144231,0.864366,0.66528,12.849,1,0.377075,2.01826,0,99.3658,3.49524,97.5117,0.84672,12.849,0.84672,3695.15,0,0,0,1.58203,1.33029,5.8917,0.849611,7.9544,0.42336,0,0.42336,460.49,0,1.02816,0,0,2.61019,1.58203,1.028160,1,0,106.331,0,0,0,106.331,0
72.29,2.12167,0,0,4.42645,0.298816,2.00596,3.6288,61.308,0.0878281,0,0,1.49654,0.143779,1.26494,0.66528,12.849,1,0.377111,2.00596,0,119.318,3.6524,117.295,0.84672,12.849,0.84672,3695.15,0,0,0,2.79255,1.33039,9.28411,0.877228,12.5298,0.42336,0,0.42336,460.49,0,1.02816,0,0,3.82071,2.79255,1.028160,1,0,131.09,0,0,0,131.09,0
72.29,2.12188,0,0,5.64107,0.304559,3.21464,3.6288,61.308,0.0878983,0,0,1.5389,0.163611,1.2874,0.66528,12.849,1,0.377148,3.21464,0,176.338,4.31418,174.861,0.84672,12.849,0.84672,3695.15,0,0,0,2.63937,1.33048,10.5966,0.974326,13.5921,0.42336,0,0.42336,460.49,0,1.02816,0,0,3.66753,2.63937,1.028160,1,0,189.741,0,0,0,189.741,0
72.29,2.209,0,0,6.68247,0.324527,4.14894,3.6288,61.308,0.120696,0,0,1.99009,0.163042,1.70635,0.66528,12.849,1,0.392633,4.14894,0,160.294,4.09647,159.954,0.84672,12.849,0.84672,3695.15,0,0,0,3.19432,1.33058,12.8652,0.879634,16.5105,0.42336,0,0.42336,460.49,0,1.02816,0,0,4.22248,3.19432,1.028160,1,0,178.171,0,0,0,178.171,0
72.29,2.20921,0,0,5.38323,0.324527,2.84949,3.6288,61.308,0.120769,0,0,1.73363,0.163042,1.44982,0.66528,12.849,1,0.392671,2.84949,0,193.316,4.09647,191.676,0.84672,12.849,0.84672,3695.15,0,0,0,3.76662,1.37515,10.3475,0.879634,14.6097,0.42336,0,0.42336,460.49,0,1.02816,0,0,4.79478,3.76662,1.028160,1,0,207.736,0,0,0,207.736,0
72.29,2.20943,0,0,4.09514,0.310071,1.57564,3.6288,61.308,0.120842,0,0,1.19801,0.123541,0.953622,0.66528,12.849,1,0.392709,1.57564,0,138.704,3.0173,136.87,0.84672,12.849,0.84672,3695.15,0,0,0,2.36838,1.37526,7.76062,0.728665,10.7756,0.42336,0,0.42336,460.49,0,1.02816,0,0,3.39654,2.36838,1.028160,1,0,148.599,0,0,0,148.599,0
72.29,2.20964,0,0,3.89789,0.240291,1.44796,3.6288,61.308,0.120915,0,0,1.08716,0.176812,0.789436,0.66528,12.849,1,0.392747,1.44796,0,121.457,3.47749,119.035,0.84672,12.849,0.84672,3695.15,0,0,0,2.19459,1.37536,6.45895,0.917781,9.11113,0.42336,0,0.42336,460.49,0,1.02816,0,0,3.22275,2.19459,1.028160,1,0,128.935,0,0,0,128.935,0
72.29,2.17586,0,0,3.39451,0.249713,0.968939,3.6288,61.308,0.108273,0,0,0.903485,0.188688,0.606524,0.66528,12.849,1,0.386742,0.968939,0,82.1673,3.54626,79.2032,0.84672,12.849,0.84672,3695.15,0,0,0,1.19619,1.37546,4.65763,0.959654,6.26962,0.42336,0,0.42336,460.49,0,1.02816,0,0,2.22435,1.19619,1.028160,1,0,86.0794,0,0,0,86.0794,0
72.29,2.17607,0,0,3.02399,0.251284,0.596642,3.6288,61.308,0.108345,0,0,0.879068,0.190668,0.580056,0.66528,12.849,1,0.386779,0.596642,0,72.0878,3.55771,68.74,0.84672,12.849,0.84672,3695.15,0,0,0,1.08081,1.35824,4.04404,0.966633,5.51646,0.42336,0,0.42336,460.49,0,1.02816,0,0,2.10897,1.08081,1.028160,1,0,74.8365,0,0,0,74.8365,0
72.29,2.17628,0,0,3.63342,0.251284,1.20586,3.6288,61.308,0.108416,0,0,0.915253,0.190668,0.616168,0.66528,12.849,1,0.386817,1.20586,0,79.0517,3.55771,76.313,0.84672,12.849,0.84672,3695.15,0,0,0,1.19315,1.35834,5.29193,0.966633,6.87679,0.42336,0,0.42336,460.49,0,1.02816,0,0,2.22131,1.19315,1.028160,1,0,83.806,0,0,0,83.806,0
72.29,2.17649,0,0,3.09022,0.234126,0.679605,3.6288,61.308,0.108488,0,0,0.847895,0.18447,0.554936,0.66528,12.849,1,0.386854,0.679605,0,69.5192,3.25693,66.555,0.84672,12.849,0.84672,3695.15,0,0,0,1.07796,1.35844,4.70564,0.934401,6.20764,0.42336,0,0.42336,460.49,0,1.02816,0,0,2.10612,1.07796,1.028160,1,0,73.3176,0,0,0,73.3176,0
72.2576,2.29213,0,0,2.80784,0.18523,0.36288,3.6288,61.308,0.153668,0,0,0.754626,0.216051,0.384907,0.66528,12.849,1,0.407409,0.36288,0,65.9422,4.14249,61.7552,0.84672,12.849,0.84672,3695.15,0,0,0,0.845208,1.35854,3.98421,1.09963,5.08833,0.42336,0,0.42336,460.49,0,1.02816,0,0,1.87337,0.845208,1.028160,1,0,67.2284,0,0,0,67.2284,0
72.0136,2.2922,0,0,2.57373,0.162702,0.36288,3.6288,61.308,0.153744,0,0,0.637606,0.208053,0.275809,0.66528,12.849,1,0.407603,0.36288,0,55.5249,4.77865,50.7015,0.84672,12.849,0.84672,3695.15,0,0,0,0.575882,1.41897,3.30595,1.01606,4.28475,0.42336,0,0.42336,460.49,0,1.02816,0,0,1.60404,0.575882,1.028160,1,0,55.2621,0,0,0,55.2621,0
71.6952,2.29124,0,0,2.49819,0.162401,0.36288,3.6288,61.308,0.15382,0,0,0.6771,0.208053,0.315226,0.66528,12.849,1,0.408815,0.36288,0,52.9235,4.77865,48.099,0.84672,12.849,0.84672,3695.15,0,0,0,0.557487,1.41908,3.51684,1.01606,4.47736,0.42336,0,0.42336,460.49,0,1.02816,0,0,1.58565,0.557487,1.028160,1,0,52.8915,0,0,0,52.8915,0
71.2504,2.28992,0,0,2.37001,0.162008,0.36288,3.6288,61.308,0.153896,0,0,0.657996,0.208053,0.296047,0.66528,12.849,1,0.410393,0.36288,0,49.7074,4.77865,44.8812,0.84672,12.849,0.84672,3695.15,0,0,0,0.489992,1.41919,3.25153,1.01606,4.14465,0.42336,0,0.42336,460.49,0,1.02816,0,0,1.51815,0.489992,1.028160,1,0,49.3219,0,0,0,49.3219,0
70.6354,2.28797,0,0,2.19532,0.159518,0.36288,3.6288,61.308,0.153972,0,0,0.629414,0.213656,0.261785,0.66528,12.849,1,0.412603,0.36288,0,46.5679,4.75818,41.76,0.84672,12.849,0.84672,3695.15,0,0,0,0.408957,1.4193,3.38833,1.04443,4.17216,0.42336,0,0.42336,460.49,0,1.02816,0,0,1.43712,0.408957,1.028160,1,0,46.1939,0,0,0,46.1939,0
69.7865,2.26239,0,0,1.92355,0.14718,0.36288,3.6288,61.308,0.17885,0,0,0.688945,0.247275,0.26282,0.66528,12.849,1,0.411543,0.36288,0,44.2602,4.63533,39.5762,0.84672,12.849,0.84672,3695.15,0,0,0,0.465636,1.4194,4.54872,1.21467,5.21909,0.42336,0,0.42336,460.49,0,1.02816,0,0,1.4938,0.465636,1.028160,1,0,45.0581,0,0,0,45.0581,0
68.8028,2.25838,0,0,1.78394,0.146285,0.36288,3.6288,61.308,0.178928,0,0,0.679726,0.247275,0.253523,0.66528,12.849,1,0.415811,0.36288,0,40.5923,4.63533,35.904,0.84672,12.849,0.84672,3695.15,0,0,0,0.456849,1.43363,4.14986,1.21467,4.82567,0.42336,0,0.42336,460.49,0,1.02816,0,0,1.48501,0.456849,1.028160,1,0,40.9832,0,0,0,40.9832,0
67.7095,2.25359,0,0,1.6682,0.145108,0.36288,3.6288,61.308,0.179006,0,0,0.685878,0.247275,0.259596,0.66528,12.849,1,0.42086,0.36288,0,37.8625,4.63533,33.1692,0.84672,12.849,0.84672,3695.15,0,0,0,0.510875,1.43374,4.06637,1.21467,4.79632,0.42336,0,0.42336,460.49,0,1.02816,0,0,1.53903,0.510875,1.028160,1,0,38.2251,0,0,0,38.2251,0
66.5846,2.24809,0,0,1.6257,0.139624,0.36288,3.6288,61.308,0.179084,0,0,0.643196,0.281557,0.182554,0.66528,12.849,1,0.426613,0.36288,0,35.4904,5.06696,30.3598,0.84672,12.849,0.84672,3695.15,0,0,0,0.442549,1.43385,3.9239,1.31823,4.48207,0.42336,0,0.42336,460.49,0,1.02816,0,0,1.47071,0.442549,1.028160,1,0,35.0244,0,0,0,35.0244,0
65.183,2.30051,0,0,1.39214,0.130268,0.36288,3.6288,61.308,0.283372,0,0,0.677606,0.319342,0.0748923,0.66528,12.849,1,0.443936,0.36288,0,29.2817,5.75208,23.4485,0.84672,12.849,0.84672,3695.15,0,0,0,0.261274,1.43396,3.32223,1.45216,3.56529,0.42336,0,0.42336,460.49,0,0.946063,0,0,1.20734,0.261274,1.028160,1,0,27.0887,0,0,0,27.0887,0
63.7093,2.29276,0,0,1.3082,0.126274,0.36288,3.6288,61.308,0.254223,0,0,0.621009,0.32897,0.0378158,0.66528,12.849,1,0.451953,0.36288,0,35.2463,5.95707,29.2001,0.84672,12.849,0.84672,3695.15,0,0,0,0.261274,1.46417,3.36423,1.48917,3.60051,0.42336,0,0.42336,460.49,0,0.975292,0,0,1.23657,0.261274,1.028160,1,0,32.8385,0,0,0,32.8385,0
62.1623,2.28428,0,0,1.22494,0.124782,0.36288,3.6288,61.308,0.243347,0,0,0.577514,0.32897,0.00519661,0.66528,12.849,1,0.460697,0.36288,0,28.2993,5.95707,22.2444,0.84672,12.849,0.84672,3695.15,0,0,0,0.227405,1.46428,3.0326,1.48917,3.23511,0.42336,0,0.42336,460.49,0,0.986247,0,0,1.21365,0.227405,1.028160,1,0,25.4847,0,0,0,25.4847,0
60.5165,2.275,0,0,1.11527,0.123215,0.36288,3.6288,61.0971,0.43019,0,0,0.548275,0.32897,0,0.66528,12.849,1,0.470243,0.36288,0,25.7911,5.95707,19.7267,0.84672,12.849,0.84672,3695.15,0,0,0,0.227405,1.46439,2.82872,1.48917,3.03135,0.42336,0,0.42336,460.49,0,0.799485,0,0,1.02689,0.227405,1.028160,1,0,22.758,0,0,0,22.758,0
58.8593,2.43257,0,0,1.262,0.123748,0.36288,3.6288,61.1501,0.281436,0,0,0.653896,0.319526,0,0.66528,12.849,1,0.516489,0.36288,0,25.3103,5.95965,19.197,0.84672,12.849,0.84672,3695.15,0,0,0,0.357506,1.4645,4.26681,1.50567,4.58316,0.42336,0,0.42336,460.49,0,1.02816,0,0,1.38567,0.357506,1.028160,1,0,23.7802,0,0,0,23.7802,0
57.0348,2.42086,0,0,1.09454,0.135291,0.36288,3.6288,60.9539,0.408756,0,0,0.525061,0.312461,0,0.66528,12.849,1,0.528475,0.36288,0,21.6417,5.84934,15.6268,0.84672,12.849,0.84672,3695.15,0,0,0,0.227405,1.56445,3.14574,1.50851,3.42908,0.42336,0,0.42336,460.49,0,0.900927,0,0,1.12833,0.227405,1.028160,1,0,19.0559,0,0,0,19.0559,0
55.2972,2.4073,0,0,1.16551,0.132904,0.36288,3.6288,61.0061,0.28161,0,0,0.645842,0.312073,0,0.66528,12.849,1,0.542324,0.36288,0,27.5398,5.84934,21.511,0.84672,12.849,0.84672,3695.15,0,0,0,0.362543,1.56457,3.51365,1.50851,3.93224,0.42336,0,0.42336,460.49,0,1.02816,0,0,1.3907,0.362543,1.028160,1,0,25.4433,0,0,0,25.4433,0
53.3689,2.3937,0,0,0.958876,0.130631,0.36288,3.6288,60.6004,0.563819,0,0,0.470361,0.312177,0,0.66528,12.849,1,0.556205,0.36288,0,25.2307,5.84934,19.188,0.84672,12.849,0.84672,3695.15,0,0,0,0.204422,1.56469,2.87784,1.50851,3.13843,0.42336,0,0.42336,460.49,0,0.746038,0,0,0.95046,0.204422,1.028160,1,0,22.3265,0,0,0,22.3265,0
51.6951,2.37772,0,0,1.19491,0.128109,0.36288,3.6288,60.8221,0.281784,0,0,0.814801,0.311374,0,0.66528,12.849,1,0.572456,0.36288,0,24.594,5.84934,18.5351,0.84672,12.849,0.84672,3695.15,0,0,0,0.850107,1.56481,4.48847,1.50851,5.39487,0.42336,0,0.42336,460.49,0,1.02816,0,0,1.87827,0.850107,1.028160,1,0,23.93,0,0,0,23.93,0
49.8996,2.28361,0,0,1.00536,0.154332,0.36288,3.6288,61.308,0.233389,0,0,1.09415,0.276145,0.0986802,0.66528,12.849,1,0.5676,0.36288,0,27.4806,4.38281,22.893,0.84672,12.849,0.84672,3695.15,0,0,0,3.10199,1.56493,6.77599,1.29892,10.144,0.42336,0,0.42336,460.49,0,1.02816,0,0,4.13015,3.10199,1.028160,1,0,33.1357,0,0,0,33.1357,0
48.0046,2.26759,0,0,0.886887,0.151454,0.36288,3.6288,61.308,0.233472,0,0,0.61601,0.276996,0.105542,0.66528,12.849,1,0.583897,0.36288,0,28.4655,4.38281,23.8617,0.84672,12.849,0.84672,3695.15,0,0,0,1.47258,1.50899,5.08138,1.29892,6.76403,0.42336,0,0.42336,460.49,0,1.02816,0,0,2.50074,1.47258,1.028160,1,0,30.7313,0,0,0,30.7313,0
45.9963,2.24962,0,0,0.752561,0.148392,0.36288,3.6288,61.308,0.233554,0,0,0.561522,0.276996,0.0509722,0.66528,12.849,1,0.602137,0.36288,0,26.3029,4.38281,21.6809,0.84672,12.849,0.84672,3695.15,0,0,0,1.24538,1.5091,4.83517,1.29892,6.29073,0.42336,0,0.42336,460.49,0,1.02816,0,0,2.27354,1.24538,1.028160,1,0,28.0226,0,0,0,28.0226,0
44.7711,2.22928,0,0,1.60458,0.237552,0.36288,3.6288,61.308,0.233637,0,0,1.02721,0.186028,0.607541,0.66528,12.849,1,0.622747,0.36288,0,57.9009,3.13703,54.504,0.84672,12.849,0.84672,3695.15,0,0,0,2.02389,1.50922,10.7134,0.909537,13.3369,0.42336,0,0.42336,460.49,0,1.02816,0,0,3.05205,2.02389,1.028160,1,0,68.4485,0,0,0,68.4485,0
45.4934,2.15293,0,0,3.43684,0.198735,0.36288,3.6288,61.308,0.189574,0,0,2.08687,0.230281,1.66702,0.66528,12.849,1,0.617876,0.36288,0,150.527,3.40022,146.872,0.84672,12.849,0.84672,3695.15,0,0,0,6.05403,1.50933,16.3013,0.947404,22.9173,0.42336,0,0.42336,460.49,0,1.02816,0,0,7.08219,6.05403,1.028160,1,0,171.456,0,0,0,171.456,0
45.9021,2.16079,0,0,3.18456,0.252207,0.36288,3.6288,61.308,0.189653,0,0,2.06102,0.299582,1.57178,0.66528,12.849,1,0.610285,0.36288,0,134.037,4.87862,128.911,0.84672,12.849,0.84672,3695.15,0,0,0,4.11763,1.46007,16.1043,1.24062,20.4413,0.42336,0,0.42336,460.49,0,1.02816,0,0,5.14579,4.11763,1.028160,1,0,150.924,0,0,0,150.924,0
46.5096,2.16524,0,0,3.38901,0.253363,0.36288,3.6288,61.308,0.189732,0,0,1.61502,0.299582,1.12571,0.66528,12.849,1,0.606098,0.36288,0,49.4956,4.87862,44.3738,0.84672,12.849,0.84672,3695.15,0,0,0,3.89573,1.46018,11.9317,1.24062,16.047,0.42336,0,0.42336,460.49,0,1.02816,0,0,4.92389,3.89573,1.028160,1,0,61.5465,0,0,0,61.5465,0
46.9458,2.17165,0,0,3.22579,0.255082,0.36288,3.6288,61.308,0.189811,0,0,2.26244,0.299582,1.77304,0.66528,12.849,1,0.599952,0.36288,0,56.2815,4.87862,51.1658,0.84672,12.849,0.84672,3695.15,0,0,0,6.16572,1.46029,14.4617,1.24062,20.8471,0.42336,0,0.42336,460.49,0,1.02816,0,0,7.19388,6.16572,1.028160,1,0,73.7859,0,0,0,73.7859,0
47.8093,1.99446,0,0,3.48084,0.260036,0.36288,3.6288,61.308,0.0979164,0,0,2.98026,0.273553,2.60879,0.66528,12.849,1,0.545881,0.36288,0,70.9949,4.80904,66.0028,0.84672,12.849,0.84672,3695.15,0,0,0,5.00585,1.4604,15.0094,1.21898,20.2567,0.42336,0,0.42336,460.49,0,1.02816,0,0,6.03401,5.00585,1.028160,1,0,88.8683,0,0,0,88.8683,0
49.0615,2.00242,0,0,3.88938,0.271901,0.36288,3.6288,61.308,0.0979875,0,0,4.14516,0.208482,3.83869,0.66528,12.849,1,0.538162,0.36288,0,71.5395,4.63512,66.7291,0.84672,12.849,0.84672,3695.15,0,0,0,7.38901,1.34607,19.2059,1.16489,26.7761,0.42336,0,0.42336,460.49,0,1.02816,0,0,8.41717,7.38901,1.028160,1,0,97.3439,0,0,0,97.3439,0
49.1669,2.0135,0,0,2.75743,0.275624,0.36288,3.6288,61.308,0.0980586,0,0,1.56448,0.208482,1.25794,0.66528,12.849,1,0.527328,0.36288,0,60.1697,4.63512,55.3702,0.84672,12.849,0.84672,3695.15,0,0,0,3.43814,1.34617,10.1329,1.16489,13.7524,0.42336,0,0.42336,460.49,0,1.02816,0,0,4.4663,3.43814,1.028160,1,0,70.3805,0,0,0,70.3805,0
49.339,2.01459,0,0,2.81829,0.268721,0.36288,3.6288,61.308,0.0981296,0,0,1.73585,0.243567,1.39416,0.66528,12.849,1,0.526483,0.36288,0,53.7303,4.76457,48.8021,0.84672,12.849,0.84672,3695.15,0,0,0,2.76539,1.34627,7.8637,1.26478,10.7106,0.42336,0,0.42336,460.49,0,1.02816,0,0,3.79355,2.76539,1.028160,1,0,60.9068,0,0,0,60.9068,0
50.2641,2.01625,0,0,3.57056,0.266328,0.36288,3.6288,61.308,0.0982007,0,0,2.0132,0.257602,1.6574,0.66528,12.849,1,0.525077,0.36288,0,92.9782,4.81635,87.9997,0.84672,12.849,0.84672,3695.15,0,0,0,2.92819,1.34637,12.8971,1.30474,15.8669,0.42336,0,0.42336,460.49,0,1.02816,0,0,3.95635,2.92819,1.028160,1,0,105.524,0,0,0,105.524,0
58.6269,2.09509,0,0,11.0685,0.247731,0.36288,3.6288,61.308,0.124915,0,0,3.4277,0.195676,3.10711,0.66528,12.849,1,0.535567,0.36288,0,210.929,3.93417,206.822,0.84672,12.849,0.84672,3695.15,0,0,0,6.21408,1.34647,27.995,1.08445,34.4711,0.42336,0,0.42336,460.49,0,1.02816,0,0,7.24224,6.21408,1.028160,1,0,244.401,0,0,0,244.401,0
65.0756,2.15795,0,0,9.23521,0.265729,0.36288,3.6288,61.308,0.124983,0,0,4.14459,0.185355,3.83425,0.66528,12.849,1,0.472947,0.36288,0,188.804,3.78714,184.907,0.84672,12.849,0.84672,3695.15,0,0,0,7.14284,1.38385,29.388,1.04774,36.867,0.42336,0,0.42336,460.49,0,1.02816,0,0,8.171,7.14284,1.028160,1,0,225.608,0,0,0,225.608,0
70.1388,2.19728,0,0,7.90422,0.280805,0.36288,3.6288,61.308,0.125051,0,0,3.26576,0.185355,2.95536,0.66528,12.849,1,0.433847,0.36288,0,193.642,3.78714,189.784,0.84672,12.849,0.84672,3695.15,0,0,0,6.1292,1.38395,24.1296,1.04774,30.595,0.42336,0,0.42336,460.49,0,1.02816,0,0,7.15736,6.1292,1.028160,1,0,223.335,0,0,0,223.335,0
72.29,2.22395,0,0,13.7753,0.290644,9.1095,3.6288,61.308,0.12512,0,0,4.27956,0.190894,3.96354,0.66528,12.849,1,0.407414,9.1095,0,258.662,3.91062,263.453,0.84672,12.849,0.84672,3695.15,0,0,0,8.03639,1.38404,34.9413,1.05754,43.3042,0.42336,0,0.42336,460.49,0,1.02816,0,0,9.06455,8.03639,1.028160,1,0,310.721,0,0,0,310.721,0
72.29,2.47743,0,0,16.7017,0.291558,13.9327,3.6288,61.308,0.225242,0,0,7.21849,0.201465,6.79178,0.66528,12.849,1,0.440345,13.9327,0,354.844,4.6825,363.654,0.84672,12.849,0.84672,3695.15,0,0,0,9.86533,1.38414,44.2692,1.10688,54.4118,0.42336,0,0.42336,460.49,0,1.02816,0,0,10.8935,9.86533,1.028160,1,0,424.857,0,0,0,424.857,0
72.29,2.47765,0,0,12.4553,0.29914,9.67846,3.6288,61.308,0.225318,0,0,7.43417,0.171242,7.03761,0.66528,12.849,1,0.440384,9.67846,0,272.813,4.72385,277.327,0.84672,12.849,0.84672,3695.15,0,0,0,11.2844,1.51517,45.7792,1.09422,57.4846,0.42336,0,0.42336,460.49,0,1.02816,0,0,12.3126,11.2844,1.028160,1,0,341.85,0,0,0,341.85,0
72.29,2.47787,0,0,18.6443,0.289368,15.8771,3.6288,61.308,0.225395,0,0,9.89444,0.184768,9.48428,0.66528,12.849,1,0.440423,15.8771,0,364.092,4.74991,374.779,0.84672,12.849,0.84672,3695.15,0,0,0,14.3425,1.51528,50.4765,1.11716,65.2171,0.42336,0,0.42336,460.49,0,1.02816,0,0,15.3706,14.3425,1.028160,1,0,449.48,0,0,0,449.48,0
72.29,2.47809,0,0,11.0453,0.29091,8.27629,3.6288,61.308,0.225471,0,0,7.48646,0.17646,7.08453,0.66528,12.849,1,0.440462,8.27629,0,433.17,4.21605,436.79,0.84672,12.849,0.84672,3695.15,0,0,0,10.2872,1.51538,40.926,1.05053,51.6781,0.42336,0,0.42336,460.49,0,1.02816,0,0,11.3154,10.2872,1.028160,1,0,495.552,0,0,0,495.552,0
72.29,2.13162,0,0,8.60086,0.330893,6.13834,3.6288,61.308,0.0912318,0,0,3.09076,0.13607,2.86346,0.66528,12.849,1,0.37888,6.13834,0,307.428,3.72252,309.465,0.84672,12.849,0.84672,3695.15,0,0,0,5.46947,1.51549,24.815,0.902946,30.897,0.42336,0,0.42336,460.49,0,1.02816,0,0,6.49763,5.46947,1.028160,1,0,343.225,0,0,0,343.225,0
72.29,2.13182,0,0,9.41864,0.338033,6.94879,3.6288,61.308,0.0912975,0,0,3.14507,0.157102,2.89667,0.66528,12.849,1,0.378914,6.94879,0,323.031,4.12944,325.472,0.84672,12.849,0.84672,3695.15,0,0,0,5.58345,1.33531,26.4069,0.92653,32.3992,0.42336,0,0.42336,460.49,0,1.02816,0,0,6.61161,5.58345,1.028160,1,0,360.768,0,0,0,360.768,0
72.29,2.13201,0,0,10.9278,0.326705,8.46907,3.6288,61.308,0.0913633,0,0,3.81914,0.151086,3.57669,0.66528,12.849,1,0.378948,8.46907,0,392.251,4.04224,396.299,0.84672,12.849,0.84672,3695.15,0,0,0,8.66454,1.3354,31.7116,0.914004,40.7975,0.42336,0,0.42336,460.49,0,1.02816,0,0,9.6927,8.66454,1.028160,1,0,440.673,0,0,0,440.673,0
72.29,2.1322,0,0,8.03987,0.278776,5.62889,3.6288,61.308,0.091429,0,0,2.26858,0.147143,2.03001,0.66528,12.849,1,0.378982,5.62889,0,299.551,3.94731,300.853,0.84672,12.849,0.84672,3695.15,0,0,0,5.03841,1.3355,24.2749,0.948949,29.6999,0.42336,0,0.42336,460.49,0,1.02816,0,0,6.06657,5.03841,1.028160,1,0,332.583,0,0,0,332.583,0
72.29,2.13239,0,0,11.7723,0.289228,9.35073,3.6288,61.308,0.0914948,0,0,2.63161,0.206473,2.33365,0.66528,12.849,1,0.379017,9.35073,0,322.155,4.71272,326.414,0.84672,12.849,0.84672,3695.15,0,0,0,6.47689,1.33559,29.7562,1.18035,36.3883,0.42336,0,0.42336,460.49,0,1.02816,0,0,7.50505,6.47689,1.028160,1,0,365.135,0,0,0,365.135,0
72.29,2.21989,0,0,8.95907,0.327488,6.4117,3.6288,61.308,0.124432,0,0,2.6474,0.196179,2.32679,0.66528,12.849,1,0.394568,6.4117,0,233.865,3.73107,236.151,0.84672,12.849,0.84672,3695.15,0,0,0,5.21654,1.33568,25.8006,1.0902,31.2626,0.42336,0,0.42336,460.49,0,1.02816,0,0,6.2447,5.21654,1.028160,1,0,269.74,0,0,0,269.74,0
72.29,2.22009,0,0,8.86015,0.327488,6.31257,3.6288,61.308,0.124501,0,0,7.6538,0.196179,7.33312,0.66528,12.849,1,0.394603,6.31257,0,219.675,3.73107,221.862,0.84672,12.849,0.84672,3695.15,0,0,0,11.0042,1.38044,30.7641,1.0902,42.0586,0.42336,0,0.42336,460.49,0,1.02816,0,0,12.0324,11.0042,1.028160,1,0,271.254,0,0,0,271.254,0
72.29,2.22028,0,0,7.0918,0.327488,4.54403,3.6288,61.308,0.124569,0,0,4.27483,0.196179,3.95408,0.66528,12.849,1,0.394639,4.54403,0,204.809,3.73107,205.227,0.84672,12.849,0.84672,3695.15,0,0,0,7.19523,1.38054,23.3607,1.0902,30.8462,0.42336,0,0.42336,460.49,0,1.02816,0,0,8.22339,7.19523,1.028160,1,0,240.027,0,0,0,240.027,0
72.29,2.22048,0,0,7.78317,0.282848,5.27984,3.6288,61.308,0.124638,0,0,3.37701,0.219967,3.03241,0.66528,12.849,1,0.394674,5.27984,0,175.91,4.02192,176.774,0.84672,12.849,0.84672,3695.15,0,0,0,6.03934,1.38064,23.816,1.14745,30.0885,0.42336,0,0.42336,460.49,0,1.02816,0,0,7.0675,6.03934,1.028160,1,0,209.895,0,0,0,209.895,0
72.29,2.18654,0,0,6.20648,0.291981,3.72796,3.6288,61.308,0.111935,0,0,3.03995,0.201822,2.72619,0.66528,12.849,1,0.388641,3.72796,0,142.471,3.73475,142.076,0.84672,12.849,0.84672,3695.15,0,0,0,4.46416,1.38073,18.4342,1.12309,23.156,0.42336,0,0.42336,460.49,0,1.02816,0,0,5.49232,4.46416,1.028160,1,0,167.958,0,0,0,167.958,0
72.29,2.18673,0,0,4.69906,0.294263,2.21807,3.6288,61.308,0.112002,0,0,2.05709,0.204925,1.74016,0.66528,12.849,1,0.388675,2.21807,0,138.21,3.86998,136.169,0.84672,12.849,0.84672,3695.15,0,0,0,2.69753,1.36343,11.447,1.098,14.4099,0.42336,0,0.42336,460.49,0,1.02816,0,0,3.72569,2.69753,1.028160,1,0,152.319,0,0,0,152.319,0
72.29,2.18693,0,0,4.1811,0.294263,1.69991,3.6288,61.308,0.11207,0,0,1.67639,0.204925,1.3594,0.66528,12.849,1,0.38871,1.69991,0,94.1492,3.86998,91.5904,0.84672,12.849,0.84672,3695.15,0,0,0,2.5923,1.36352,10.8977,1.098,13.7555,0.42336,0,0.42336,460.49,0,1.02816,0,0,3.62046,2.5923,1.028160,1,0,106.705,0,0,0,106.705,0
72.29,2.18713,0,0,3.87927,0.294263,1.39787,3.6288,61.308,0.112137,0,0,1.49785,0.204925,1.18079,0.66528,12.849,1,0.388745,1.39787,0,76.3767,3.86998,73.5159,0.84672,12.849,0.84672,3695.15,0,0,0,1.95589,1.36362,9.63481,1.098,11.8563,0.42336,0,0.42336,460.49,0,1.02816,0,0,2.98405,1.95589,1.028160,1,0,86.553,0,0,0,86.553,0
72.29,2.30326,0,0,3.75043,0.213381,1.23379,3.6288,61.308,0.157509,0,0,1.52388,0.22722,1.13915,0.66528,12.849,1,0.409388,1.23379,0,91.8916,4.23099,88.485,0.84672,12.849,0.84672,3695.15,0,0,0,2.11954,1.36371,10.1288,1.18725,12.4248,0.42336,0,0.42336,460.49,0,1.02816,0,0,3.1477,2.11954,1.028160,1,0,102.049,0,0,0,102.049,0
72.29,2.30347,0,0,3.99014,0.204104,1.48257,3.6288,61.308,0.15758,0,0,1.72651,0.239252,1.32968,0.66528,12.849,1,0.409424,1.48257,0,90.1549,4.25649,86.9716,0.84672,12.849,0.84672,3695.15,0,0,0,2.69451,1.4244,10.4875,1.0992,13.5072,0.42336,0,0.42336,460.49,0,1.02816,0,0,3.72267,2.69451,1.028160,1,0,101.808,0,0,0,101.808,0
72.29,2.30368,0,0,3.95097,0.204104,1.44319,3.6288,61.308,0.157652,0,0,2.00966,0.239252,1.61276,0.66528,12.849,1,0.409461,1.44319,0,79.9157,4.25649,76.6929,0.84672,12.849,0.84672,3695.15,0,0,0,2.2149,1.4245,10.0001,1.0992,12.5403,0.42336,0,0.42336,460.49,0,1.02816,0,0,3.24306,2.2149,1.028160,1,0,90.846,0,0,0,90.846,0
72.29,2.30388,0,0,3.38845,0.204104,0.880466,3.6288,61.308,0.157723,0,0,1.42824,0.239252,1.03126,0.66528,12.849,1,0.409498,0.880466,0,81.4467,4.25649,77.6612,0.84672,12.849,0.84672,3695.15,0,0,0,1.6412,1.4246,9.04323,1.0992,11.0098,0.42336,0,0.42336,460.49,0,1.02816,0,0,2.66936,1.6412,1.028160,1,0,89.7023,0,0,0,89.7023,0
72.29,2.30409,0,0,3.14169,0.166413,0.671193,3.6288,61.308,0.157794,0,0,1.36123,0.241544,0.961895,0.66528,12.849,1,0.409534,0.671193,0,80.555,4.62166,76.195,0.84672,12.849,0.84672,3695.15,0,0,0,1.40956,1.4247,8.59594,1.2367,10.1935,0.42336,0,0.42336,460.49,0,1.02816,0,0,2.43772,1.40956,1.028160,1,0,87.3504,0,0,0,87.3504,0
72.29,2.28136,0,0,4.68724,0.135976,2.26991,3.6288,61.308,0.182775,0,0,2.0227,0.25043,1.5895,0.66528,12.849,1,0.405494,2.26991,0,94.6477,4.44539,92.0668,0.84672,12.849,0.84672,3695.15,0,0,0,1.88918,1.4248,10.0251,1.19842,12.1406,0.42336,0,0.42336,460.49,0,1.02816,0,0,2.91734,1.88918,1.028160,1,0,105.797,0,0,0,105.797,0
72.29,2.28156,0,0,4.45125,0.135976,2.03371,3.6288,61.308,0.182848,0,0,1.84017,0.25043,1.4069,0.66528,12.849,1,0.40553,2.03371,0,85.657,4.44539,82.8398,0.84672,12.849,0.84672,3695.15,0,0,0,1.78331,1.43908,9.81089,1.19842,11.8349,0.42336,0,0.42336,460.49,0,1.02816,0,0,2.81147,1.78331,1.028160,1,0,96.0815,0,0,0,96.0815,0
72.29,2.28177,0,0,4.12426,0.135976,1.70652,3.6288,61.308,0.182921,0,0,1.6661,0.25043,1.23275,0.66528,12.849,1,0.405567,1.70652,0,81.5374,4.44539,78.393,0.84672,12.849,0.84672,3695.15,0,0,0,1.63772,1.43919,9.051,1.19842,10.9295,0.42336,0,0.42336,460.49,0,1.02816,0,0,2.66588,1.63772,1.028160,1,0,90.5552,0,0,0,90.5552,0
72.29,2.28197,0,0,3.94397,0.135976,1.52602,3.6288,61.308,0.182994,0,0,1.66978,0.25043,1.23636,0.66528,12.849,1,0.405603,1.52602,0,75.6683,4.44539,72.3433,0.84672,12.849,0.84672,3695.15,0,0,0,1.36691,1.43929,8.62289,1.19842,10.2307,0.42336,0,0.42336,460.49,0,1.02816,0,0,2.39507,1.36691,1.028160,1,0,83.8103,0,0,0,83.8103,0
72.29,2.34143,0,0,3.78778,0.108368,1.33799,3.6288,61.308,0.205275,0,0,1.50995,0.296626,1.00805,0.66528,12.849,1,0.416171,1.33799,0,70.5309,5.65003,65.8027,0.84672,12.849,0.84672,3695.15,0,0,0,0.967101,1.43939,7.27635,1.39258,8.29026,0.42336,0,0.42336,460.49,0,1.02816,0,0,1.99526,0.967101,1.028160,1,0,75.101,0,0,0,75.101,0
72.29,2.34164,0,0,3.59495,0.106784,1.14653,3.6288,61.308,0.20535,0,0,1.31547,0.284939,0.825186,0.66528,12.849,1,0.416208,1.14653,0,67.811,5.79484,62.7465,0.84672,12.849,0.84672,3695.15,0,0,0,0.948776,1.46973,6.24482,1.32376,7.33956,0.42336,0,0.42336,460.49,0,1.02816,0,0,1.97694,0.948776,1.028160,1,0,70.9113,0,0,0,70.9113,0
72.29,2.34185,0,0,3.26221,0.106784,0.813583,3.6288,61.308,0.205425,0,0,1.24993,0.284939,0.759568,0.66528,12.849,1,0.416245,0.813583,0,62.975,5.79484,57.5775,0.84672,12.849,0.84672,3695.15,0,0,0,0.962004,1.46983,5.91758,1.32376,7.02566,0.42336,0,0.42336,460.49,0,1.02816,0,0,1.99016,0.962004,1.028160,1,0,65.3627,0,0,0,65.3627,0
72.29,2.34206,0,0,2.96126,0.103782,0.515419,3.6288,61.308,0.2055,0,0,1.19807,0.301433,0.691142,0.66528,12.849,1,0.416283,0.515419,0,59.2246,5.66316,53.6606,0.84672,12.849,0.84672,3695.15,0,0,0,1.04395,1.46993,7.37185,1.42631,8.45943,0.42336,0,0.42336,460.49,0,1.02816,0,0,2.07211,1.04395,1.028160,1,0,62.8112,0,0,0,62.8112,0
72.29,2.51584,0,0,4.2265,0.109231,1.60142,3.6288,61.308,0.285759,0,0,1.86384,0.310054,1.26802,0.66528,12.849,1,0.447172,1.60142,0,60.5287,5.52848,56.1545,0.84672,12.849,0.84672,3695.15,0,0,0,1.63085,1.47004,10.743,1.46607,12.3778,0.42336,0,0.42336,460.49,0,1.02816,0,0,2.65901,1.63085,1.028160,1,0,69.8003,0,0,0,69.8003,0
72.29,2.51607,0,0,3.17773,0.103981,0.557685,3.6288,61.308,0.28584,0,0,1.74801,0.314755,1.14741,0.66528,12.849,1,0.447212,0.557685,0,59.3516,6.09809,53.364,0.84672,12.849,0.84672,3695.15,0,0,0,1.70809,1.5704,8.73771,1.40002,10.6162,0.42336,0,0.42336,460.49,0,1.02816,0,0,2.73625,1.70809,1.028160,1,0,65.1276,0,0,0,65.1276,0
72.29,2.51629,0,0,4.02729,0.103981,1.40702,3.6288,61.308,0.285922,0,0,1.76995,0.314755,1.16927,0.66528,12.849,1,0.447251,1.40702,0,76.7336,6.09809,71.5953,0.84672,12.849,0.84672,3695.15,0,0,0,1.99109,1.57051,9.10285,1.40002,11.2644,0.42336,0,0.42336,460.49,0,1.02816,0,0,3.01925,1.99109,1.028160,1,0,84.0289,0,0,0,84.0289,0
72.29,2.51651,0,0,3.1375,0.114162,0.50683,3.6288,61.308,0.286003,0,0,1.27995,0.31261,0.681334,0.66528,12.849,1,0.447291,0.50683,0,58.5867,6.03872,52.6075,0.84672,12.849,0.84672,3695.15,0,0,0,1.39279,1.57063,5.61705,1.39274,7.18772,0.42336,0,0.42336,460.49,0,1.02816,0,0,2.42095,1.39279,1.028160,1,0,60.4766,0,0,0,60.4766,0
71.5695,2.51674,0,0,2.34346,0.184309,0.36288,3.6288,61.308,0.286085,0,0,1.14437,0.288465,0.569818,0.66528,12.849,1,0.447331,0.36288,0,42.5316,5.87742,36.5697,0.84672,12.849,0.84672,3695.15,0,0,0,1.29638,1.57074,4.82176,1.32642,6.36245,0.42336,0,0.42336,460.49,0,1.02816,0,0,2.32454,1.29638,1.028160,1,0,43.502,0,0,0,43.502,0
71.3204,2.42864,0,0,2.73268,0.190268,0.36288,3.6288,61.308,0.237478,0,0,1.33193,0.305516,0.788931,0.66528,12.849,1,0.436018,0.36288,0,92.9838,5.87834,87.0323,0.84672,12.849,0.84672,3695.15,0,0,0,1.81946,1.57085,6.06171,1.30143,8.1506,0.42336,0,0.42336,460.49,0,1.02816,0,0,2.84762,1.81946,1.028160,1,0,95.9718,0,0,0,95.9718,0
71.4441,2.42756,0,0,3.10394,0.189833,0.36288,3.6288,61.308,0.237555,0,0,1.81367,0.30888,1.26724,0.66528,12.849,1,0.437347,0.36288,0,102.737,5.87885,96.7832,0.84672,12.849,0.84672,3695.15,0,0,0,2.40047,1.51467,7.79025,1.2986,10.4068,0.42336,0,0.42336,460.49,0,1.02816,0,0,3.42863,2.40047,1.028160,1,0,108.457,0,0,0,108.457,0
70.8443,2.42842,0,0,2.38155,0.190012,0.36288,3.6288,61.308,0.237633,0,0,1.25244,0.30888,0.705924,0.66528,12.849,1,0.436744,0.36288,0,77.2165,5.87885,71.2638,0.84672,12.849,0.84672,3695.15,0,0,0,1.77739,1.51478,7.67465,1.2986,9.66822,0.42336,0,0.42336,460.49,0,1.02816,0,0,2.80555,1.77739,1.028160,1,0,81.638,0,0,0,81.638,0
70.7641,2.42551,0,0,2.93039,0.222171,0.36288,3.6288,61.308,0.23771,0,0,1.20126,0.284625,0.678927,0.66528,12.849,1,0.439913,0.36288,0,67.3376,5.60472,61.6558,0.84672,12.849,0.84672,3695.15,0,0,0,1.7271,1.51488,8.8554,1.09615,11.0012,0.42336,0,0.42336,460.49,0,1.02816,0,0,2.75526,1.7271,1.028160,1,0,73.336,0,0,0,73.336,0
72.29,2.35604,0,0,7.07057,0.201632,2.98704,3.6288,61.308,0.193455,0,0,2.06515,0.268073,1.60362,0.66528,12.849,1,0.427798,2.98704,0,77.3754,5.21286,74.7217,0.84672,12.849,0.84672,3695.15,0,0,0,3.49659,1.51499,20.6407,1.03755,24.6147,0.42336,0,0.42336,460.49,0,1.02816,0,0,4.52475,3.49659,1.028160,1,0,100.94,0,0,0,100.94,0
71.7043,2.36392,0,0,2.3977,0.256618,0.36288,3.6288,61.308,0.193529,0,0,0.852543,0.196302,0.462712,0.66528,12.849,1,0.420168,0.36288,0,44.888,3.7884,41.0423,0.84672,12.849,0.84672,3695.15,0,0,0,0.970332,1.46551,6.65468,0.856702,8.23382,0.42336,0,0.42336,460.49,0,1.02816,0,0,1.99849,0.970332,1.028160,1,0,49.7388,0,0,0,49.7388,0
72.29,2.36122,0,0,4.49673,0.26673,1.28307,3.6288,61.308,0.193603,0,0,1.54616,0.209186,1.14337,0.66528,12.849,1,0.423117,1.28307,0,82.7373,4.06389,79.5334,0.84672,12.849,0.84672,3695.15,0,0,0,2.01499,1.46561,14.9694,0.934394,17.5156,0.42336,0,0.42336,460.49,0,1.02816,0,0,3.04315,2.01499,1.028160,1,0,98.1924,0,0,0,98.1924,0
72.29,2.36434,0,0,3.96073,0.296179,1.30021,3.6288,61.308,0.193677,0,0,1.68928,0.241394,1.25421,0.66528,12.849,1,0.420243,1.30021,0,76.1172,4.75262,72.2445,0.84672,12.849,0.84672,3695.15,0,0,0,3.25738,1.46572,14.9506,1.12862,18.545,0.42336,0,0.42336,460.49,0,1.02816,0,0,4.28554,3.25738,1.028160,1,0,92.0438,0,0,0,92.0438,0
72.29,2.16714,0,0,6.68744,0.295286,4.22502,3.6288,61.308,0.101389,0,0,3.16357,0.243307,2.81887,0.66528,12.849,1,0.385192,4.22502,0,141.101,4.68353,140.257,0.84672,12.849,0.84672,3695.15,0,0,0,4.3915,1.46582,19.7033,1.12733,24.4332,0.42336,0,0.42336,460.49,0,1.02816,0,0,5.41966,4.3915,1.028160,1,0,167.509,0,0,0,167.509,0
72.29,2.16733,0,0,8.18914,0.289931,5.73188,3.6288,61.308,0.101456,0,0,4.49348,0.254784,4.13724,0.66528,12.849,1,0.385227,5.73188,0,166.704,4.26898,167.782,0.84672,12.849,0.84672,3695.15,0,0,0,6.8115,1.351,23.0137,1.11957,30.0566,0.42336,0,0.42336,460.49,0,1.02816,0,0,7.83966,6.8115,1.028160,1,0,201.976,0,0,0,201.976,0
72.29,2.16753,0,0,6.23712,0.289931,3.77966,3.6288,61.308,0.101523,0,0,4.36866,0.254784,4.01235,0.66528,12.849,1,0.385261,3.77966,0,176.348,4.26898,175.474,0.84672,12.849,0.84672,3695.15,0,0,0,6.88219,1.35109,22.3913,1.11957,29.505,0.42336,0,0.42336,460.49,0,1.02816,0,0,7.91035,6.88219,1.028160,1,0,208.991,0,0,0,208.991,0
72.29,2.16772,0,0,7.61383,0.289931,5.15618,3.6288,61.308,0.101589,0,0,5.97458,0.254784,5.6182,0.66528,12.849,1,0.385296,5.15618,0,291.866,4.26898,292.368,0.84672,12.849,0.84672,3695.15,0,0,0,8.66488,1.35119,32.3947,1.11957,41.2912,0.42336,0,0.42336,460.49,0,1.02816,0,0,9.69304,8.66488,1.028160,1,0,339.277,0,0,0,339.277,0
72.29,2.16792,0,0,6.11886,0.289931,3.66101,3.6288,61.308,0.101656,0,0,2.28185,0.254784,1.92541,0.66528,12.849,1,0.385331,3.66101,0,242.463,4.26898,241.47,0.84672,12.849,0.84672,3695.15,0,0,0,3.95321,1.35128,19.3462,1.11957,23.5311,0.42336,0,0.42336,460.49,0,1.02816,0,0,4.98137,3.95321,1.028160,1,0,266.927,0,0,0,266.927,0
72.29,2.24407,0,0,5.83439,0.294712,3.29561,3.6288,61.308,0.128477,0,0,2.04454,0.257232,1.65883,0.66528,12.849,1,0.398867,3.29561,0,184.397,4.74838,182.546,0.84672,12.849,0.84672,3695.15,0,0,0,2.68154,1.35137,15.0892,1.34483,17.7772,0.42336,0,0.42336,460.49,0,1.02816,0,0,3.7097,2.68154,1.028160,1,0,201.982,0,0,0,201.982,0
72.29,2.24426,0,0,7.36612,0.285897,4.83596,3.6288,61.308,0.128541,0,0,3.0767,0.25886,2.68929,0.66528,12.849,1,0.3989,4.83596,0,169.741,4.76532,169.413,0.84672,12.849,0.84672,3695.15,0,0,0,3.43532,1.3889,17.8417,1.41388,21.252,0.42336,0,0.42336,460.49,0,1.02816,0,0,4.46348,3.43532,1.028160,1,0,193.355,0,0,0,193.355,0
72.29,2.24445,0,0,11.9642,0.285897,9.43381,3.6288,61.308,0.128605,0,0,4.75177,0.25886,4.3643,0.66528,12.849,1,0.398933,9.43381,0,215.444,4.76532,219.714,0.84672,12.849,0.84672,3695.15,0,0,0,4.79288,1.38899,24.1722,1.41388,28.9402,0.42336,0,0.42336,460.49,0,1.02816,0,0,5.82104,4.79288,1.028160,1,0,253.019,0,0,0,253.019,0
72.29,2.24463,0,0,8.53451,0.270649,6.01922,3.6288,61.308,0.128669,0,0,4.94389,0.272484,4.54273,0.66528,12.849,1,0.398967,6.01922,0,332.049,4.47781,333.191,0.84672,12.849,0.84672,3695.15,0,0,0,5.01566,1.38909,24.714,1.22647,29.8923,0.42336,0,0.42336,460.49,0,1.02816,0,0,6.04382,5.01566,1.028160,1,0,367.626,0,0,0,367.626,0
72.29,2.48882,0,0,9.23746,0.308943,6.43969,3.6288,61.308,0.229203,0,0,5.79152,0.233272,5.32905,0.66528,12.849,1,0.442369,6.43969,0,318.354,3.79505,320.556,0.84672,12.849,0.84672,3695.15,0,0,0,5.75243,1.38918,24.1723,1.07788,30.236,0.42336,0,0.42336,460.49,0,1.02816,0,0,6.78059,5.75243,1.028160,1,0,356.121,0,0,0,356.121,0
72.29,2.48902,0,0,15.643,0.311152,12.8428,3.6288,61.308,0.229274,0,0,11.3532,0.204636,10.9193,0.66528,12.849,1,0.442405,12.8428,0,503.606,3.80667,512.199,0.84672,12.849,0.84672,3695.15,0,0,0,9.59697,1.52074,42.2342,1.09917,52.2528,0.42336,0,0.42336,460.49,0,1.02816,0,0,10.6251,9.59697,1.028160,1,0,575.372,0,0,0,575.372,0
72.29,2.48923,0,0,11.755,0.311152,8.9546,3.6288,61.308,0.229345,0,0,6.47123,0.204636,6.03725,0.66528,12.849,1,0.442442,8.9546,0,348.851,3.80667,353.557,0.84672,12.849,0.84672,3695.15,0,0,0,5.7475,1.52084,30.1539,1.09917,36.3231,0.42336,0,0.42336,460.49,0,1.02816,0,0,6.77566,5.7475,1.028160,1,0,395.917,0,0,0,395.917,0
72.29,2.48944,0,0,12.4923,0.313124,9.68976,3.6288,61.308,0.229417,0,0,6.00625,0.199365,5.57747,0.66528,12.849,1,0.442478,9.68976,0,317.083,3.79989,322.53,0.84672,12.849,0.84672,3695.15,0,0,0,5.69201,1.52094,30.0404,1.06962,36.1838,0.42336,0,0.42336,460.49,0,1.02816,0,0,6.72017,5.69201,1.028160,1,0,364.291,0,0,0,364.291,0
72.29,2.14152,0,0,10.4286,0.321166,7.96588,3.6288,61.308,0.0946159,0,0,6.65213,0.160205,6.39731,0.66528,12.849,1,0.380638,7.96588,0,316.699,3.67575,320.609,0.84672,12.849,0.84672,3695.15,0,0,0,5.84213,1.52104,27.2525,0.898545,33.7171,0.42336,0,0.42336,460.49,0,1.02816,0,0,6.87029,5.84213,1.028160,1,0,360.723,0,0,0,360.723,0
72.29,2.1417,0,0,5.65731,0.311688,3.20392,3.6288,61.308,0.0946772,0,0,3.58517,0.141371,3.34912,0.66528,12.849,1,0.38067,3.20392,0,146.447,3.4671,145.803,0.84672,12.849,0.84672,3695.15,0,0,0,2.28168,1.34011,11.149,0.914031,13.8567,0.42336,0,0.42336,460.49,0,1.02816,0,0,3.30984,2.28168,1.028160,1,0,163.009,0,0,0,163.009,0
72.29,2.14188,0,0,5.13985,0.311688,2.68629,3.6288,61.308,0.0947386,0,0,3.17839,0.141371,2.94228,0.66528,12.849,1,0.380702,2.68629,0,131.226,3.4671,130.065,0.84672,12.849,0.84672,3695.15,0,0,0,2.60143,1.3402,10.4357,0.914031,13.4633,0.42336,0,0.42336,460.49,0,1.02816,0,0,3.62959,2.60143,1.028160,1,0,146.47,0,0,0,146.47,0
72.29,2.14205,0,0,7.55986,0.311688,5.10612,3.6288,61.308,0.0948,0,0,3.88302,0.141371,3.64685,0.66528,12.849,1,0.380734,5.10612,0,178.367,3.4671,179.625,0.84672,12.849,0.84672,3695.15,0,0,0,3.01177,1.34028,14.7106,0.914031,18.1486,0.42336,0,0.42336,460.49,0,1.02816,0,0,4.03993,3.01177,1.028160,1,0,201.42,0,0,0,201.42,0
72.29,2.14223,0,0,6.31556,0.310737,3.86258,3.6288,61.308,0.0948613,0,0,3.44697,0.134909,3.2172,0.66528,12.849,1,0.380766,3.86258,0,165.784,3.4581,165.808,0.84672,12.849,0.84672,3695.15,0,0,0,2.72138,1.34037,13.5736,0.928859,16.7065,0.42336,0,0.42336,460.49,0,1.02816,0,0,3.74954,2.72138,1.028160,1,0,185.732,0,0,0,185.732,0
72.29,2.23007,0,0,9.39306,0.29061,6.87238,3.6288,61.308,0.12793,0,0,7.63276,0.131256,7.37357,0.66528,12.849,1,0.396379,6.87238,0,157.908,3.22601,161.158,0.84672,12.849,0.84672,3695.15,0,0,0,4.21293,1.34046,15.5949,0.867586,20.2807,0.42336,0,0.42336,460.49,0,1.02816,0,0,5.24109,4.21293,1.028160,1,0,188.812,0,0,0,188.812,0
72.29,2.23026,0,0,7.51455,0.286855,4.99744,3.6288,61.308,0.127994,0,0,11.5696,0.126658,11.3149,0.66528,12.849,1,0.396412,4.99744,0,138.37,3.08647,139.885,0.84672,12.849,0.84672,3695.15,0,0,0,5.80393,1.38539,18.4048,0.833282,24.7608,0.42336,0,0.42336,460.49,0,1.02816,0,0,6.83209,5.80393,1.028160,1,0,175.961,0,0,0,175.961,0
72.29,2.23045,0,0,6.05354,0.286855,3.53624,3.6288,61.308,0.128058,0,0,10.0786,0.126658,9.82393,0.66528,12.849,1,0.396445,3.53624,0,166.875,3.08647,166.928,0.84672,12.849,0.84672,3695.15,0,0,0,6.72993,1.38548,14.8027,0.833282,22.0849,0.42336,0,0.42336,460.49,0,1.02816,0,0,7.75809,6.72993,1.028160,1,0,198.837,0,0,0,198.837,0
72.29,2.23063,0,0,4.60502,0.2724,2.10198,3.6288,61.308,0.128121,0,0,6.9647,0.087158,6.74942,0.66528,12.849,1,0.396478,2.10198,0,119.734,2.0073,119.432,0.84672,12.849,0.84672,3695.15,0,0,0,4.46755,1.38557,11.1021,0.682313,16.2729,0.42336,0,0.42336,460.49,0,1.02816,0,0,5.49571,4.46755,1.028160,1,0,142.455,0,0,0,142.455,0
72.29,2.19653,0,0,5.55511,0.222308,3.13627,3.6288,61.308,0.115362,0,0,5.57009,0.168237,5.28649,0.66528,12.849,1,0.390417,3.13627,0,113.883,3.49068,113.138,0.84672,12.849,0.84672,3695.15,0,0,0,4.28803,1.38566,15.1387,0.931576,19.8809,0.42336,0,0.42336,460.49,0,1.02816,0,0,5.31619,4.28803,1.028160,1,0,138.306,0,0,0,138.306,0
72.29,2.19672,0,0,4.46213,0.237075,2.02834,3.6288,61.308,0.115425,0,0,3.38614,0.189093,3.08162,0.66528,12.849,1,0.39045,2.02834,0,78.4192,4.25806,75.7991,0.84672,12.849,0.84672,3695.15,0,0,0,3.47059,1.36828,8.69132,0.976686,12.5535,0.42336,0,0.42336,460.49,0,1.02816,0,0,4.49875,3.47059,1.028160,1,0,91.4342,0,0,0,91.4342,0
72.29,2.1969,0,0,3.72311,0.237075,1.28913,3.6288,61.308,0.115488,0,0,3.06908,0.189093,2.7645,0.66528,12.849,1,0.390482,1.28913,0,63.4148,4.25806,60.0554,0.84672,12.849,0.84672,3695.15,0,0,0,2.84642,1.36837,6.90751,0.976686,10.1456,0.42336,0,0.42336,460.49,0,1.02816,0,0,3.87458,2.84642,1.028160,1,0,72.9655,0,0,0,72.9655,0
72.29,2.19708,0,0,3.30106,0.237075,0.8669,3.6288,61.308,0.115551,0,0,2.78771,0.189093,2.48307,0.66528,12.849,1,0.390515,0.8669,0,54.9461,4.25806,51.1644,0.84672,12.849,0.84672,3695.15,0,0,0,2.35506,1.36846,5.97321,0.976686,8.72004,0.42336,0,0.42336,460.49,0,1.02816,0,0,3.38322,2.35506,1.028160,1,0,62.3675,0,0,0,62.3675,0
72.29,2.31368,0,0,3.08553,0.225657,0.546189,3.6288,61.308,0.161103,0,0,2.44058,0.196386,2.08309,0.66528,12.849,1,0.411239,0.546189,0,50.6542,4.34861,46.4405,0.84672,12.849,0.84672,3695.15,0,0,0,2.01416,1.36855,5.75185,0.998201,8.13635,0.42336,0,0.42336,460.49,0,1.02816,0,0,3.04232,2.01416,1.028160,1,0,56.6599,0,0,0,56.6599,0
72.29,2.31387,0,0,3.4125,0.157154,0.941472,3.6288,61.308,0.161169,0,0,1.87291,0.240141,1.4716,0.66528,12.849,1,0.411273,0.941472,0,58.4868,4.89185,54.1252,0.84672,12.849,0.84672,3695.15,0,0,0,1.6005,1.42947,7.00065,1.12729,8.90333,0.42336,0,0.42336,460.49,0,1.02816,0,0,2.62866,1.6005,1.028160,1,0,64.5001,0,0,0,64.5001,0
72.29,2.31406,0,0,3.27715,0.157154,0.805935,3.6288,61.308,0.161235,0,0,1.85325,0.240141,1.45187,0.66528,12.849,1,0.411307,0.805935,0,54.2859,4.89185,49.7887,0.84672,12.849,0.84672,3695.15,0,0,0,1.60975,1.42957,6.71829,1.12729,8.63032,0.42336,0,0.42336,460.49,0,1.02816,0,0,2.63791,1.60975,1.028160,1,0,59.8709,0,0,0,59.8709,0
72.29,2.31426,0,0,3.11013,0.162071,0.633805,3.6288,61.308,0.161302,0,0,1.82393,0.238824,1.4238,0.66528,12.849,1,0.411342,0.633805,0,52.0015,4.80723,47.4167,0.84672,12.849,0.84672,3695.15,0,0,0,1.82511,1.42966,6.28897,1.13055,8.41319,0.42336,0,0.42336,460.49,0,1.02816,0,0,2.85327,1.82511,1.028160,1,0,57.2537,0,0,0,57.2537,0
72.29,2.31445,0,0,2.88696,0.180464,0.392049,3.6288,61.308,0.161368,0,0,1.75305,0.235074,1.3566,0.66528,12.849,1,0.411376,0.392049,0,48.1324,4.3316,43.7815,0.84672,12.849,0.84672,3695.15,0,0,0,1.72975,1.42976,5.84985,1.15966,7.84969,0.42336,0,0.42336,460.49,0,1.02816,0,0,2.75791,1.72975,1.028160,1,0,52.9878,0,0,0,52.9878,0
71.65,2.29161,0,0,2.14846,0.134014,0.36288,3.6288,61.308,0.186445,0,0,1.30826,0.247125,0.87469,0.66528,12.849,1,0.407316,0.36288,0,39.474,4.715,34.7146,0.84672,12.849,0.84672,3695.15,0,0,0,0.856846,1.42985,4.94119,1.13246,6.09542,0.42336,0,0.42336,460.49,0,1.02816,0,0,1.88501,0.856846,1.028160,1,0,41.6847,0,0,0,41.6847,0
70.7656,2.28872,0,0,1.90394,0.136715,0.36288,3.6288,61.308,0.186514,0,0,1.20587,0.244983,0.774371,0.66528,12.849,1,0.410436,0.36288,0,37.557,4.74684,32.7626,0.84672,12.849,0.84672,3695.15,0,0,0,0.743126,1.44418,4.6223,1.11841,5.6912,0.42336,0,0.42336,460.49,0,1.02816,0,0,1.77129,0.743126,1.028160,1,0,39.2281,0,0,0,39.2281,0
69.7224,2.28456,0,0,1.74006,0.135793,0.36288,3.6288,61.308,0.186582,0,0,1.12767,0.244983,0.696102,0.66528,12.849,1,0.414811,0.36288,0,35.3256,4.74684,30.5268,0.84672,12.849,0.84672,3695.15,0,0,0,0.485603,1.44428,4.39849,1.11841,5.20997,0.42336,0,0.42336,460.49,0,1.02816,0,0,1.51376,0.485603,1.028160,1,0,36.4329,0,0,0,36.4329,0
68.564,2.27951,0,0,1.60003,0.116035,0.36288,3.6288,61.308,0.18665,0,0,1.06861,0.288859,0.593103,0.66528,12.849,1,0.420087,0.36288,0,31.6284,5.31144,26.2598,0.84672,12.849,0.84672,3695.15,0,0,0,0.486605,1.44437,4.188,1.3245,4.79448,0.42336,0,0.42336,460.49,0,1.02816,0,0,1.51476,0.486605,1.028160,1,0,31.6474,0,0,0,31.6474,0
67.2674,2.33273,0,0,1.49683,0.097832,0.36288,3.6288,61.308,0.236128,0,0,0.912116,0.319517,0.356472,0.66528,12.849,1,0.437158,0.36288,0,27.8414,5.83186,21.9352,0.84672,12.849,0.84672,3695.15,0,0,0,0.261274,1.44447,3.75316,1.47454,3.98436,0.42336,0,0.42336,460.49,0,1.00105,0,0,1.26232,0.261274,1.028160,1,0,26.2761,0,0,0,26.2761,0
66.1126,2.32585,0,0,1.62644,0.0925041,0.36288,3.6288,61.308,0.233251,0,0,1.0714,0.316517,0.521634,0.66528,12.849,1,0.44427,0.36288,0,35.3888,5.96117,29.3463,0.84672,12.849,0.84672,3695.15,0,0,0,0.261274,1.47492,3.99785,1.46852,4.26552,0.42336,0,0.42336,460.49,0,1.00399,0,0,1.26527,0.261274,1.028160,1,0,34.1334,0,0,0,34.1334,0
64.8357,2.31955,0,0,1.49723,0.0916615,0.36288,3.6288,61.308,0.209155,0,0,0.908323,0.316517,0.382651,0.66528,12.849,1,0.450804,0.36288,0,29.0681,5.96117,23.019,0.84672,12.849,0.84672,3695.15,0,0,0,0.313831,1.47502,3.86556,1.46852,4.18589,0.42336,0,0.42336,460.49,0,1.02816,0,0,1.34199,0.313831,1.028160,1,0,27.5875,0,0,0,27.5875,0
63.4407,2.31233,0,0,1.37093,0.0907298,0.36288,3.6288,61.308,0.317623,0,0,0.841277,0.316517,0.207137,0.66528,12.849,1,0.458252,0.36288,0,27.629,5.96117,21.5725,0.84672,12.849,0.84672,3695.15,0,0,0,0.227405,1.47511,3.39777,1.46852,3.63177,0.42336,0,0.42336,460.49,0,0.919763,0,0,1.14717,0.227405,1.028160,1,0,25.4114,0,0,0,25.4114,0
61.971,2.47482,0,0,1.44849,0.0805687,0.36288,3.6288,61.308,0.289799,0,0,0.965788,0.321697,0.354291,0.66528,12.849,1,0.501239,0.36288,0,27.0976,6.11072,20.8486,0.84672,12.849,0.84672,3695.15,0,0,0,0.348451,1.47521,4.49483,1.4984,4.82009,0.42336,0,0.42336,460.49,0,1.02816,0,0,1.37661,0.348451,1.028160,1,0,26.0229,0,0,0,26.0229,0
60.2942,2.46518,0,0,1.24387,0.0925976,0.36288,3.6288,61.0703,0.56035,0,0,0.644538,0.321897,0,0.66528,12.849,1,0.511127,0.36288,0,24.7749,5.91779,18.7088,0.84672,12.849,0.84672,3695.15,0,0,0,0.227405,1.57597,4.2359,1.49893,4.54034,0.42336,0,0.42336,460.49,0,0.757685,0,0,0.98509,0.227405,1.028160,1,0,23.2492,0,0,0,23.2492,0
58.7807,2.45366,0,0,1.38989,0.086863,0.36288,3.6288,61.2299,0.308458,0,0,0.792029,0.324,0,0.66528,12.849,1,0.522888,0.36288,0,31.5256,5.99256,25.3731,0.84672,12.849,0.84672,3695.15,0,0,0,0.227405,1.57607,4.49614,1.51387,4.78575,0.42336,0,0.42336,460.49,0,1.00965,0,0,1.23706,0.227405,1.028160,1,0,30.1588,0,0,0,30.1588,0
56.9874,2.44281,0,0,1.09807,0.0856093,0.36288,3.6288,60.8473,0.636362,0,0,0.578146,0.324327,0,0.66528,12.849,1,0.53398,0.36288,0,32.5335,5.99256,26.3698,0.84672,12.849,0.84672,3695.15,0,0,0,0.204422,1.57618,3.56262,1.51387,3.82935,0.42336,0,0.42336,460.49,0,0.681826,0,0,0.886248,0.204422,1.028160,1,0,30.1992,0,0,0,30.1992,0
55.4711,2.4293,0,0,1.35997,0.0841238,0.36288,3.6288,61.1955,0.290103,0,0,0.961842,0.323542,0,0.66528,12.849,1,0.547737,0.36288,0,28.8319,5.99256,22.6545,0.84672,12.849,0.84672,3695.15,0,0,0,0.552545,1.57628,5.35358,1.51387,5.96854,0.42336,0,0.42336,460.49,0,1.02816,0,0,1.58071,0.552545,1.028160,1,0,28.6231,0,0,0,28.6231,0
54.4028,2.3361,0,0,1.72503,0.0943195,0.36288,3.6288,61.308,0.241298,0,0,0.67494,0.30302,0.0181381,0.66528,12.849,1,0.54112,0.36288,0,31.2152,5.57886,25.4581,0.84672,12.849,0.84672,3695.15,0,0,0,0.233911,1.57639,4.49363,1.43946,4.86447,0.42336,0,0.42336,460.49,0,1.02816,0,0,1.26207,0.233911,1.028160,1,0,30.3407,0,0,0,30.3407,0
53.2,2.32769,0,0,1.58563,0.0978441,0.36288,3.6288,61.308,0.24137,0,0,0.939598,0.294735,0.403493,0.66528,12.849,1,0.549761,0.36288,0,30.37,5.41338,24.7698,0.84672,12.849,0.84672,3695.15,0,0,0,1.2087,1.51997,4.94303,1.4097,6.26201,0.42336,0,0.42336,460.49,0,1.02816,0,0,2.23686,1.2087,1.028160,1,0,31.4353,0,0,0,31.4353,0
51.7794,2.31787,0,0,1.35677,0.096655,0.36288,3.6288,61.2908,0.241443,0,0,0.518964,0.294735,0,0.66528,12.849,1,0.559819,0.36288,0,30.3402,5.41338,24.7299,0.84672,12.849,0.84672,3695.15,0,0,0,0.218557,1.52007,3.67879,1.4097,4.00773,0.42336,0,0.42336,460.49,0,1.02816,0,0,1.24672,0.218557,1.028160,1,0,28.7376,0,0,0,28.7376,0
50.4146,2.30576,0,0,1.41553,0.111642,0.36288,3.6288,61.2332,0.277647,0,0,0.499604,0.279543,0,0.66528,12.849,1,0.572172,0.36288,0,29.1629,5.20575,23.7478,0.84672,12.849,0.84672,3695.15,0,0,0,0.216518,1.52017,3.70207,1.3448,4.09396,0.42336,0,0.42336,460.49,0,0.992028,0,0,1.20855,0.216518,1.028160,1,0,27.8418,0,0,0,27.8418,0
51.3002,2.22813,0,0,3.6787,0.202148,0.36288,3.6288,61.308,0.19708,0,0,0.998473,0.191556,0.535038,0.66528,12.849,1,0.567876,0.36288,0,71.6983,4.1145,67.3789,0.84672,12.849,0.84672,3695.15,0,0,0,0.735108,1.52028,8.26809,1.00016,9.52332,0.42336,0,0.42336,460.49,0,1.02816,0,0,1.76327,0.735108,1.028160,1,0,77.4372,0,0,0,77.4372,0
53.8453,2.23616,0,0,5.33593,0.191744,0.36288,3.6288,61.308,0.197149,0,0,0.666241,0.199248,0.269844,0.66528,12.849,1,0.560083,0.36288,0,63.7317,4.50082,59.0336,0.84672,12.849,0.84672,3695.15,0,0,0,0.831902,1.47059,5.43229,1.11202,6.62276,0.42336,0,0.42336,460.49,0,1.02816,0,0,1.86006,0.831902,1.028160,1,0,65.9262,0,0,0,65.9262,0
56.3774,2.25772,0,0,5.34944,0.196835,0.36288,3.6288,61.308,0.197218,0,0,0.763608,0.199248,0.367142,0.66528,12.849,1,0.538754,0.36288,0,68.8444,4.50082,64.1677,0.84672,12.849,0.84672,3695.15,0,0,0,0.848534,1.47069,6.11901,1.11202,7.32622,0.42336,0,0.42336,460.49,0,1.02816,0,0,1.87669,0.848534,1.028160,1,0,71.861,0,0,0,71.861,0
59.3782,2.27761,0,0,5.84325,0.201899,0.36288,3.6288,61.308,0.197287,0,0,1.16716,0.199248,0.770625,0.66528,12.849,1,0.519092,0.36288,0,64.7545,4.50082,60.0974,0.84672,12.849,0.84672,3695.15,0,0,0,1.46145,1.47079,7.25611,1.11202,9.07632,0.42336,0,0.42336,460.49,0,1.02816,0,0,2.48961,1.46145,1.028160,1,0,69.9444,0,0,0,69.9444,0
62.0518,2.10748,0,0,5.37533,0.23136,0.36288,3.6288,61.308,0.104632,0,0,1.3134,0.206934,1.00183,0.66528,12.849,1,0.456042,0.36288,0,78.0458,3.90847,74.0442,0.84672,12.849,0.84672,3695.15,0,0,0,1.30551,1.47088,7.79487,0.986028,9.58524,0.42336,0,0.42336,460.49,0,1.02816,0,0,2.33367,1.30551,1.028160,1,0,84.6312,0,0,0,84.6312,0
64.2667,2.12393,0,0,4.94152,0.23986,0.36288,3.6288,61.308,0.104694,0,0,1.00973,0.204427,0.700609,0.66528,12.849,1,0.4398,0.36288,0,62.4697,3.6833,58.7095,0.84672,12.849,0.84672,3695.15,0,0,0,0.957157,1.3556,6.64,0.827875,8.12488,0.42336,0,0.42336,460.49,0,1.02816,0,0,1.98532,0.957157,1.028160,1,0,67.535,0,0,0,67.535,0
66.6943,2.13674,0,0,5.17147,0.24423,0.36288,3.6288,61.308,0.104756,0,0,1.58437,0.204427,1.27518,0.66528,12.849,1,0.427205,0.36288,0,71.9021,3.6833,68.1545,0.84672,12.849,0.84672,3695.15,0,0,0,1.96575,1.35569,9.01385,0.827875,11.5074,0.42336,0,0.42336,460.49,0,1.02816,0,0,2.99391,1.96575,1.028160,1,0,80.9371,0,0,0,80.9371,0
69.0304,2.14996,0,0,5.09793,0.249021,0.36288,3.6288,61.308,0.104819,0,0,1.4216,0.204427,1.11235,0.66528,12.849,1,0.414201,0.36288,0,80.7322,3.6833,76.9975,0.84672,12.849,0.84672,3695.15,0,0,0,1.46902,1.35578,8.01092,0.827875,10.0078,0.42336,0,0.42336,460.49,0,1.02816,0,0,2.49718,1.46902,1.028160,1,0,88.1177,0,0,0,88.1177,0
72.29,2.16196,0,0,13.1684,0.280744,7.4661,3.6288,61.308,0.104881,0,0,3.05262,0.196745,2.751,0.66528,12.849,1,0.402417,7.4661,0,121.186,4.45289,123.797,0.84672,12.849,0.84672,3695.15,0,0,0,3.11526,1.35586,16.524,1.02282,19.9723,0.42336,0,0.42336,460.49,0,1.02816,0,0,4.14342,3.11526,1.028160,1,0,146.52,0,0,0,146.52,0
72.29,2.17737,0,0,10.7376,0.282563,8.27769,3.6288,61.308,0.104881,0,0,4.0482,0.215209,3.72811,0.66528,12.849,1,0.38701,8.27769,0,195.84,4.65587,199.075,0.84672,12.849,0.84672,3695.15,0,0,0,2.85065,1.35595,16.3977,1.13114,19.4731,0.42336,0,0.42336,460.49,0,1.02816,0,0,3.87881,2.85065,1.028160,1,0,222.276,0,0,0,222.276,0
72.29,2.25381,0,0,7.97291,0.278085,5.44101,3.6288,61.308,0.131802,0,0,2.93558,0.209119,2.59466,0.66528,12.849,1,0.400597,5.44101,0,166.911,4.408,167.543,0.84672,12.849,0.84672,3695.15,0,0,0,3.37162,1.35595,15.0719,1.07537,18.7241,0.42336,0,0.42336,460.49,0,1.02816,0,0,4.39978,3.37162,1.028160,1,0,188.862,0,0,0,188.862,0
72.29,2.25398,0,0,7.00661,0.278085,4.47454,3.6288,61.308,0.131861,0,0,2.59656,0.209119,2.25558,0.66528,12.849,1,0.400628,4.47454,0,136.727,4.408,136.393,0.84672,12.849,0.84672,3695.15,0,0,0,3.08517,1.39362,13.3233,1.07537,16.7267,0.42336,0,0.42336,460.49,0,1.02816,0,0,4.11333,3.08517,1.028160,1,0,155.375,0,0,0,155.375,0
72.29,2.25415,0,0,5.94199,0.278085,3.40975,3.6288,61.308,0.13192,0,0,1.74817,0.209119,1.40713,0.66528,12.849,1,0.400659,3.40975,0,107.749,4.408,106.351,0.84672,12.849,0.84672,3695.15,0,0,0,2.17885,1.39371,13.2698,1.07537,15.767,0.42336,0,0.42336,460.49,0,1.02816,0,0,3.20701,2.17885,1.028160,1,0,123.525,0,0,0,123.525,0
72.29,2.25433,0,0,7.81013,0.323602,5.2322,3.6288,61.308,0.13198,0,0,2.5958,0.19365,2.27017,0.66528,12.849,1,0.400689,5.2322,0,165.406,4.46373,165.774,0.84672,12.849,0.84672,3695.15,0,0,0,2.73042,1.39379,16.1867,1.26741,19.0435,0.42336,0,0.42336,460.49,0,1.02816,0,0,3.75858,2.73042,1.028160,1,0,187.087,0,0,0,187.087,0
72.29,2.49944,0,0,8.73478,0.316205,5.91913,3.6288,61.308,0.232898,0,0,5.01944,0.17581,4.61073,0.66528,12.849,1,0.444257,5.91913,0,219.758,4.0005,221.233,0.84672,12.849,0.84672,3695.15,0,0,0,5.04643,1.39387,18.64,1.02891,24.0514,0.42336,0,0.42336,460.49,0,1.02816,0,0,6.07459,5.04643,1.028160,1,0,249.895,0,0,0,249.895,0
72.29,2.49963,0,0,7.3237,0.316205,4.50786,3.6288,61.308,0.232964,0,0,4.38819,0.17581,3.97941,0.66528,12.849,1,0.444291,4.50786,0,157.248,4.0005,157.311,0.84672,12.849,0.84672,3695.15,0,0,0,3.84412,1.52594,15.4607,1.02891,19.8018,0.42336,0,0.42336,460.49,0,1.02816,0,0,4.87228,3.84412,1.028160,1,0,181.092,0,0,0,181.092,0
72.29,2.49982,0,0,8.64138,0.282005,5.85955,3.6288,61.308,0.233031,0,0,5.67792,0.223152,5.22174,0.66528,12.849,1,0.444325,5.85955,0,173.395,4.09175,174.719,0.84672,12.849,0.84672,3695.15,0,0,0,5.71568,1.52604,29.4796,1.10917,35.6121,0.42336,0,0.42336,460.49,0,1.02816,0,0,6.74384,5.71568,1.028160,1,0,215.553,0,0,0,215.553,0
72.29,2.50002,0,0,8.56293,0.28995,5.77297,3.6288,61.308,0.233097,0,0,4.1493,0.21746,3.69874,0.66528,12.849,1,0.444359,5.77297,0,158.53,4.04394,159.815,0.84672,12.849,0.84672,3695.15,0,0,0,4.9586,1.52613,25.2623,1.08496,30.6621,0.42336,0,0.42336,460.49,0,1.02816,0,0,5.98676,4.9586,1.028160,1,0,194.176,0,0,0,194.176,0
72.29,2.15074,0,0,5.48462,0.33762,2.99626,3.6288,61.308,0.097772,0,0,2.61191,0.183309,2.33083,0.66528,12.849,1,0.382278,2.99626,0,104.688,3.75711,103.545,0.84672,12.849,0.84672,3695.15,0,0,0,3.30099,1.52622,15.2852,0.939707,19.1727,0.42336,0,0.42336,460.49,0,1.02816,0,0,4.32915,3.30099,1.028160,1,0,125.049,0,0,0,125.049,0
72.29,2.15091,0,0,4.4277,0.33762,1.93917,3.6288,61.308,0.097829,0,0,1.84438,0.183309,1.56324,0.66528,12.849,1,0.382308,1.93917,0,113.15,3.75711,110.95,0.84672,12.849,0.84672,3695.15,0,0,0,1.82434,1.34458,10.6027,0.939707,12.8319,0.42336,0,0.42336,460.49,0,1.02816,0,0,2.8525,1.82434,1.028160,1,0,125.345,0,0,0,125.345,0
72.29,2.15108,0,0,3.11696,0.33762,0.628261,3.6288,61.308,0.097886,0,0,1.30833,0.183309,1.02713,0.66528,12.849,1,0.382338,0.628261,0,100.59,3.75711,97.0792,0.84672,12.849,0.84672,3695.15,0,0,0,1.43473,1.34466,10.1896,0.939707,12.0293,0.42336,0,0.42336,460.49,0,1.02816,0,0,2.46289,1.43473,1.028160,1,0,110.136,0,0,0,110.136,0
72.29,2.15124,0,0,3.78754,0.258323,1.37798,3.6288,61.308,0.097943,0,0,1.39278,0.141195,1.15364,0.66528,12.849,1,0.382367,1.37798,0,95.1912,3.14675,93.0401,0.84672,12.849,0.84672,3695.15,0,0,0,1.6087,1.34474,10.2151,0.852029,12.3165,0.42336,0,0.42336,460.49,0,1.02816,0,0,2.63686,1.6087,1.028160,1,0,106.51,0,0,0,106.51,0
72.29,2.15141,0,0,4.32213,0.310413,1.8603,3.6288,61.308,0.098,0,0,1.99137,0.16447,1.7289,0.66528,12.849,1,0.382397,1.8603,0,94.1561,3.39305,92.241,0.84672,12.849,0.84672,3695.15,0,0,0,2.79528,1.34483,12.5742,0.834582,15.8798,0.42336,0,0.42336,460.49,0,1.02816,0,0,3.82344,2.79528,1.028160,1,0,109.85,0,0,0,109.85,0
72.29,2.23957,0,0,4.5634,0.331249,1.99258,3.6288,61.308,0.13119,0,0,2.63809,0.17378,2.33312,0.66528,12.849,1,0.398067,1.99258,0,112.5,3.49156,110.603,0.84672,12.849,0.84672,3695.15,0,0,0,3.568,1.34491,13.6026,0.827603,17.6879,0.42336,0,0.42336,460.49,0,1.02816,0,0,4.59616,3.568,1.028160,1,0,130.624,0,0,0,130.624,0
72.29,2.23974,0,0,3.6464,0.331249,1.07541,3.6288,61.308,0.13125,0,0,2.60051,0.17378,2.29548,0.66528,12.849,1,0.398098,1.07541,0,70.149,3.49156,67.3348,0.84672,12.849,0.84672,3695.15,0,0,0,2.54986,1.39001,11.7315,0.827603,14.8437,0.42336,0,0.42336,460.49,0,1.02816,0,0,3.57802,2.54986,1.028160,1,0,84.474,0,0,0,84.474,0
72.29,2.23992,0,0,3.33761,0.331249,0.76644,3.6288,61.308,0.131309,0,0,2.14665,0.17378,1.84156,0.66528,12.849,1,0.398128,0.76644,0,80.3762,3.49156,77.2529,0.84672,12.849,0.84672,3695.15,0,0,0,2.38078,1.39009,11.3451,0.827603,14.2884,0.42336,0,0.42336,460.49,0,1.02816,0,0,3.40894,2.38078,1.028160,1,0,93.3829,0,0,0,93.3829,0
72.2111,2.24009,0,0,2.82811,0.304035,0.36288,3.6288,61.308,0.131368,0,0,1.58876,0.186927,1.27046,0.66528,12.849,1,0.398159,0.36288,0,70.6361,3.86143,66.7393,0.84672,12.849,0.84672,3695.15,0,0,0,1.83741,1.39018,9.66816,0.916236,11.9795,0.42336,0,0.42336,460.49,0,1.02816,0,0,2.86557,1.83741,1.028160,1,0,79.9893,0,0,0,79.9893,0
71.972,2.20548,0,0,2.55423,0.225009,0.36288,3.6288,61.308,0.118555,0,0,1.35949,0.221491,1.01944,0.66528,12.849,1,0.392436,0.36288,0,54.5172,4.42909,50.0585,0.84672,12.849,0.84672,3695.15,0,0,0,1.61449,1.39026,7.12506,1.00164,9.12817,0.42336,0,0.42336,460.49,0,1.02816,0,0,2.64265,1.61449,1.028160,1,0,60.2062,0,0,0,60.2062,0
71.684,2.20455,0,0,2.49005,0.21059,0.36288,3.6288,61.308,0.118614,0,0,1.48493,0.228031,1.13829,0.66528,12.849,1,0.393573,0.36288,0,52.8276,4.48676,48.3102,0.84672,12.849,0.84672,3695.15,0,0,0,1.85308,1.3728,8.07555,1.00508,10.2964,0.42336,0,0.42336,460.49,0,1.02816,0,0,2.88124,1.85308,1.028160,1,0,59.7448,0,0,0,59.7448,0
71.2358,2.20338,0,0,2.32815,0.210129,0.36288,3.6288,61.308,0.118672,0,0,1.46042,0.228031,1.11372,0.66528,12.849,1,0.394944,0.36288,0,48.173,4.48676,43.6542,0.84672,12.849,0.84672,3695.15,0,0,0,1.54234,1.37289,7.24844,1.00508,9.15858,0.42336,0,0.42336,460.49,0,1.02816,0,0,2.5705,1.54234,1.028160,1,0,53.9265,0,0,0,53.9265,0
70.814,2.20144,0,0,2.34345,0.200934,0.36288,3.6288,61.308,0.118731,0,0,1.26872,0.215851,0.934142,0.66528,12.849,1,0.39708,0.36288,0,49.0853,4.12886,44.9223,0.84672,12.849,0.84672,3695.15,0,0,0,1.42965,1.37297,6.83718,1.01342,8.62638,0.42336,0,0.42336,460.49,0,1.02816,0,0,2.45781,1.42965,1.028160,1,0,54.4828,0,0,0,54.4828,0
69.9766,2.3161,0,0,2.01758,0.176009,0.36288,3.6288,61.308,0.16445,0,0,1.05393,0.230216,0.659268,0.66528,12.849,1,0.420249,0.36288,0,42.9123,4.48775,38.3672,0.84672,12.849,0.84672,3695.15,0,0,0,0.917931,1.37305,4.90075,1.07017,6.12156,0.42336,0,0.42336,460.49,0,1.02816,0,0,1.94609,0.917931,1.028160,1,0,45.148,0,0,0,45.148,0
68.9416,2.31202,0,0,1.76926,0.129324,0.36288,3.6288,61.308,0.164512,0,0,0.983033,0.230452,0.58807,0.66528,12.849,1,0.424531,0.36288,0,36.5818,4.50377,32.0163,0.84672,12.849,0.84672,3695.15,0,0,0,0.929802,1.4342,4.54978,1.02377,5.89001,0.42336,0,0.42336,460.49,0,1.02816,0,0,1.95796,0.929802,1.028160,1,0,38.4944,0,0,0,38.4944,0
67.8914,2.30683,0,0,1.74781,0.128291,0.36288,3.6288,61.308,0.164573,0,0,1.06007,0.230452,0.665042,0.66528,12.849,1,0.429936,0.36288,0,35.4914,4.50377,30.9206,0.84672,12.849,0.84672,3695.15,0,0,0,0.89392,1.43429,4.92982,1.02377,6.23426,0.42336,0,0.42336,460.49,0,1.02816,0,0,1.92208,0.89392,1.028160,1,0,37.8199,0,0,0,37.8199,0
66.7374,2.30141,0,0,1.63757,0.127242,0.36288,3.6288,61.308,0.164635,0,0,0.994715,0.230452,0.599628,0.66528,12.849,1,0.435561,0.36288,0,33.1147,4.50377,28.5383,0.84672,12.849,0.84672,3695.15,0,0,0,0.832006,1.43438,4.40801,1.02377,5.65062,0.42336,0,0.42336,460.49,0,1.02816,0,0,1.86017,0.832006,1.028160,1,0,34.7885,0,0,0,34.7885,0
65.8727,2.29528,0,0,1.8994,0.10602,0.36288,3.6288,61.308,0.164696,0,0,1.25185,0.273346,0.813807,0.66528,12.849,1,0.441911,0.36288,0,40.0615,5.16796,34.8145,0.84672,12.849,0.84672,3695.15,0,0,0,1.21147,1.43446,5.47551,1.2297,6.89174,0.42336,0,0.42336,460.49,0,1.02816,0,0,2.23963,1.21147,1.028160,1,0,42.5201,0,0,0,42.5201,0
65.0341,2.26781,0,0,1.88949,0.0973213,0.36288,3.6288,61.308,0.189863,0,0,1.31641,0.290503,0.836042,0.66528,12.849,1,0.442356,0.36288,0,39.8511,5.43365,34.3379,0.84672,12.849,0.84672,3695.15,0,0,0,1.34261,1.43455,5.97596,1.31207,7.44105,0.42336,0,0.42336,460.49,0,1.02816,0,0,2.37077,1.34261,1.028160,1,0,42.615,0,0,0,42.615,0
64.14,2.26323,0,0,1.82864,0.0966704,0.36288,3.6288,61.308,0.189926,0,0,1.23647,0.290503,0.756041,0.66528,12.849,1,0.447153,0.36288,0,36.254,5.43365,30.7361,0.84672,12.849,0.84672,3695.15,0,0,0,1.04908,1.44893,5.80758,1.31207,6.99352,0.42336,0,0.42336,460.49,0,1.02816,0,0,2.07724,1.04908,1.028160,1,0,38.4857,0,0,0,38.4857,0
63.1864,2.25821,0,0,1.75374,0.086236,0.36288,3.6288,61.308,0.189989,0,0,1.17589,0.299388,0.686509,0.66528,12.849,1,0.452381,0.36288,0,32.8496,5.50958,27.2505,0.84672,12.849,0.84672,3695.15,0,0,0,0.971274,1.44902,5.72525,1.35705,6.78849,0.42336,0,0.42336,460.49,0,1.02816,0,0,1.99943,0.971274,1.028160,1,0,34.7256,0,0,0,34.7256,0
62.3249,2.25271,0,0,1.82964,0.0755816,0.36288,3.6288,61.308,0.190053,0,0,1.42166,0.317943,0.913664,0.66528,12.849,1,0.45809,0.36288,0,37.0101,5.68338,31.2315,0.84672,12.849,0.84672,3695.15,0,0,0,1.0925,1.44911,5.84316,1.43286,6.95191,0.42336,0,0.42336,460.49,0,1.02816,0,0,2.12066,1.0925,1.028160,1,0,39.0971,0,0,0,39.0971,0
61.1727,2.30594,0,0,1.5933,0.0766392,0.36288,3.6288,61.308,0.212496,0,0,1.27895,0.339896,0.726561,0.66528,12.849,1,0.475396,0.36288,0,33.12,5.90909,27.0984,0.84672,12.849,0.84672,3695.15,0,0,0,0.793472,1.44919,4.9239,1.49868,5.66789,0.42336,0,0.42336,460.49,0,1.02816,0,0,1.82163,0.793472,1.028160,1,0,33.4928,0,0,0,33.4928,0
59.9894,2.29871,0,0,1.55416,0.0759144,0.36288,3.6288,61.308,0.212561,0,0,1.17839,0.339896,0.625935,0.66528,12.849,1,0.482832,0.36288,0,33.0775,5.90909,27.0484,0.84672,12.849,0.84672,3695.15,0,0,0,0.95599,1.47975,5.27633,1.49868,6.21339,0.42336,0,0.42336,460.49,0,1.02816,0,0,1.98415,0.95599,1.028160,1,0,33.8877,0,0,0,33.8877,0
58.7147,2.29104,0,0,1.45435,0.0751413,0.36288,3.6288,61.308,0.212626,0,0,1.09076,0.339896,0.538234,0.66528,12.849,1,0.490714,0.36288,0,29.8606,5.90909,23.8237,0.84672,12.849,0.84672,3695.15,0,0,0,0.870826,1.47984,4.70906,1.49868,5.56105,0.42336,0,0.42336,460.49,0,1.02816,0,0,1.89899,0.870826,1.028160,1,0,29.923,0,0,0,29.923,0
57.3302,2.28248,0,0,1.33516,0.0742252,0.36288,3.6288,61.308,0.212691,0,0,1.07878,0.339896,0.526194,0.66528,12.849,1,0.499493,0.36288,0,27.2963,5.90909,21.2506,0.84672,12.849,0.84672,3695.15,0,0,0,0.714865,1.47993,4.60563,1.49868,5.30175,0.42336,0,0.42336,460.49,0,1.02816,0,0,1.74302,0.714865,1.028160,1,0,27.0785,0,0,0,27.0785,0
55.6526,2.44109,0,0,1.23079,0.104459,0.36288,3.6288,61.308,0.293558,0,0,1.18292,0.290457,0.598904,0.66528,12.849,1,0.547103,0.36288,0,26.9986,5.13302,21.6814,0.84672,12.849,0.84672,3695.15,0,0,0,1.24949,1.48002,4.90099,1.30715,6.32335,0.42336,0,0.42336,460.49,0,1.02816,0,0,2.27765,1.24949,1.028160,1,0,28.6036,0,0,0,28.6036,0
53.8046,2.42788,0,0,1.05067,0.107859,0.36288,3.6288,61.308,0.293629,0,0,1.04694,0.282218,0.471097,0.66528,12.849,1,0.560545,0.36288,0,25.4038,5.00367,20.2024,0.84672,12.849,0.84672,3695.15,0,0,0,0.951843,1.58115,4.24594,1.27523,5.5037,0.42336,0,0.42336,460.49,0,1.02816,0,0,1.98,0.951843,1.028160,1,0,26.1772,0,0,0,26.1772,0
52.2294,2.41252,0,0,1.30601,0.10587,0.36288,3.6288,61.308,0.293699,0,0,1.11269,0.282218,0.536777,0.66528,12.849,1,0.57613,0.36288,0,25.9926,5.00367,20.7757,0.84672,12.849,0.84672,3695.15,0,0,0,1.17719,1.58124,6.27612,1.27523,7.75933,0.42336,0,0.42336,460.49,0,1.02816,0,0,2.20535,1.17719,1.028160,1,0,29.0718,0,0,0,29.0718,0
50.4163,2.39876,0,0,1.05274,0.104174,0.36288,3.6288,61.308,0.29377,0,0,1.0262,0.282218,0.450211,0.66528,12.849,1,0.59012,0.36288,0,23.9813,5.00367,18.7504,0.84672,12.849,0.84672,3695.15,0,0,0,0.984528,1.58134,4.26772,1.27523,5.55836,0.42336,0,0.42336,460.49,0,1.02816,0,0,2.01269,0.984528,1.028160,1,0,24.7589,0,0,0,24.7589,0
48.5699,2.38203,0,0,1.03094,0.132483,0.36288,3.6288,61.308,0.293841,0,0,0.880632,0.247691,0.339101,0.66528,12.849,1,0.607078,0.36288,0,21.7064,4.83561,16.6266,0.84672,12.849,0.84672,3695.15,0,0,0,1.03283,1.58144,4.31085,1.12047,5.80465,0.42336,0,0.42336,460.49,0,1.02816,0,0,2.06099,1.03283,1.028160,1,0,22.7704,0,0,0,22.7704,0
47.2541,2.28453,0,0,1.47318,0.141511,0.36288,3.6288,61.308,0.24485,0,0,1.03908,0.221583,0.572648,0.66528,12.849,1,0.604365,0.36288,0,45.3335,4.65129,40.4407,0.84672,12.849,0.84672,3695.15,0,0,0,1.34222,1.58154,5.3742,1.01581,7.28214,0.42336,0,0.42336,460.49,0,1.02816,0,0,2.37038,1.34222,1.028160,1,0,48.2955,0,0,0,48.2955,0
45.5645,2.27147,0,0,1.08419,0.139492,0.36288,3.6288,61.308,0.244917,0,0,0.840249,0.221583,0.373749,0.66528,12.849,1,0.617643,0.36288,0,23.0239,4.65129,18.1178,0.84672,12.849,0.84672,3695.15,0,0,0,1.18958,1.52491,4.14753,1.01581,5.84621,0.42336,0,0.42336,460.49,0,1.02816,0,0,2.21774,1.18958,1.028160,1,0,24.3378,0,0,0,24.3378,0
43.8186,2.25378,0,0,1.00767,0.136899,0.36288,3.6288,61.308,0.244985,0,0,0.848146,0.221583,0.381578,0.66528,12.849,1,0.635557,0.36288,0,17.0322,4.65129,12.1082,0.84672,12.849,0.84672,3695.15,0,0,0,1.2215,1.525,3.93171,1.01581,5.6624,0.42336,0,0.42336,460.49,0,1.02816,0,0,2.24966,1.2215,1.028160,1,0,18.1522,0,0,0,18.1522,0
42.116,2.23437,0,0,1.07635,0.181695,0.36288,3.6288,61.308,0.245052,0,0,0.861316,0.184609,0.431656,0.66528,12.849,1,0.655189,0.36288,0,15.6157,3.69771,11.6257,0.84672,12.849,0.84672,3695.15,0,0,0,0.853511,1.52509,3.8512,0.799234,5.43057,0.42336,0,0.42336,460.49,0,1.02816,0,0,1.88167,0.853511,1.028160,1,0,17.4879,0,0,0,17.4879,0
40.4585,2.15106,0,0,1.06776,0.211353,0.36288,3.6288,60.9483,0.55576,0,0,0.414734,0.218664,0,0.66528,12.849,1,0.656258,0.36288,0,18.5183,4.22814,13.9968,0.84672,12.849,0.84672,3695.15,0,0,0,0.216518,1.52519,3.14987,1.0557,3.83588,0.42336,0,0.42336,460.49,0,0.672849,0,0,0.889367,0.216518,1.028160,1,0,17.8326,0,0,0,17.8326,0
38.6403,2.13082,0,0,0.882792,0.207268,0.36288,3.6288,60.6077,0.479758,0,0,0.357356,0.218166,0,0.66528,12.849,1,0.676716,0.36288,0,14.8514,4.22814,10.3094,0.84672,12.849,0.84672,3695.15,0,0,0,0.216518,1.47531,3.05535,1.0557,3.69148,0.42336,0,0.42336,460.49,0,0.748915,0,0,0.965434,0.216518,1.028160,1,0,14.0009,0,0,0,14.0009,0
38.2121,2.10708,0,0,2.24473,0.202913,0.36288,3.6288,61.308,0.200577,0,0,1.14411,0.217696,0.0255778,0.66528,12.849,1,0.700666,0.36288,0,41.4337,4.22814,36.8678,0.84672,12.849,0.84672,3695.15,0,0,0,1.90955,1.4754,7.14042,1.0557,9.46968,0.42336,0,0.42336,460.49,0,1.02816,0,0,2.93771,1.90955,1.028160,1,0,46.3631,0,0,0,46.3631,0
38.1711,2.10137,0,0,2.64147,0.218222,0.36288,3.6288,61.308,0.200641,0,0,1.47568,0.203001,1.07203,0.66528,12.849,1,0.706595,0.36288,0,49.4358,4.01049,45.0816,0.84672,12.849,0.84672,3695.15,0,0,0,0.888218,1.47549,7.23432,0.994044,8.60399,0.42336,0,0.42336,460.49,0,1.02816,0,0,1.91638,0.888218,1.028160,1,0,54.7577,0,0,0,54.7577,0
36.9925,1.9257,0,0,1.33758,0.227634,0.36288,3.6288,61.308,0.107645,0,0,0.50586,0.165557,0.232657,0.66528,12.849,1,0.64822,0.36288,0,26.0965,3.75509,22.0561,0.84672,12.849,0.84672,3695.15,0,0,0,0.316881,1.47558,3.20011,0.921678,4.0709,0.42336,0,0.42336,460.49,0,1.02816,0,0,1.34504,0.316881,1.028160,1,0,26.3596,0,0,0,26.3596,0
36.6729,1.73123,0,0,1.9939,0.219362,0.36288,3.6288,61.308,0.0377106,0,0,0.824778,0.165843,0.621224,0.66528,12.849,1,0.601326,0.36288,0,39.8495,3.80321,35.8078,0.84672,12.849,0.84672,3695.15,0,0,0,1.11821,1.35988,4.34376,0.935306,5.88654,0.42336,0,0.42336,460.49,0,1.02816,0,0,2.14637,1.11821,1.028160,1,0,42.3156,0,0,0,42.3156,0
37.2372,1.72748,0,0,2.87455,0.219929,0.36288,3.6288,61.308,0.0377635,0,0,1.22356,0.189947,0.995852,0.66528,12.849,1,0.605254,0.36288,0,58.8744,4.16451,54.4675,0.84672,12.849,0.84672,3695.15,0,0,0,1.72987,1.26061,6.15549,1.07781,8.06816,0.42336,0,0.42336,460.49,0,1.02816,0,0,2.75803,1.72987,1.028160,1,0,63.5316,0,0,0,63.5316,0
37.8458,1.73444,0,0,2.91932,0.213355,0.36288,3.6288,61.308,0.0378164,0,0,1.19939,0.223939,0.937632,0.66528,12.849,1,0.598482,0.36288,0,58.6389,4.32192,54.0814,0.84672,12.849,0.84672,3695.15,0,0,0,1.30928,1.26069,6.36737,1.13351,7.80383,0.42336,0,0.42336,460.49,0,1.02816,0,0,2.33744,1.30928,1.028160,1,0,62.8228,0,0,0,62.8228,0
40.6199,1.74176,0,0,5.09349,0.214744,0.36288,3.6288,61.308,0.0378693,0,0,1.70096,0.196585,1.4665,0.66528,12.849,1,0.591343,0.36288,0,98.2022,3.80733,94.1664,0.84672,12.849,0.84672,3695.15,0,0,0,2.58308,1.26076,9.11356,0.893429,12.064,0.42336,0,0.42336,460.49,0,1.02816,0,0,3.61124,2.58308,1.028160,1,0,107.697,0,0,0,107.697,0
43.7132,1.8353,0,0,5.53263,0.241172,0.36288,3.6288,61.308,0.0626138,0,0,1.58562,0.198311,1.3247,0.66528,12.849,1,0.580547,0.36288,0,104.865,4.17459,100.473,0.84672,12.849,0.84672,3695.15,0,0,0,1.9672,1.26084,8.46245,0.917292,10.7732,0.42336,0,0.42336,460.49,0,1.02816,0,0,2.99536,1.9672,1.028160,1,0,112.571,0,0,0,112.571,0
46.2251,1.86718,0,0,4.99198,0.250026,0.36288,3.6288,61.308,0.0626641,0,0,1.45526,0.198311,1.19429,0.66528,12.849,1,0.548837,0.36288,0,93.8658,4.17459,89.5053,0.84672,12.849,0.84672,3695.15,0,0,0,1.7226,1.29546,7.88296,0.917292,9.98373,0.42336,0,0.42336,460.49,0,1.02816,0,0,2.75076,1.7226,1.028160,1,0,100.683,0,0,0,100.683,0
48.7552,1.89066,0,0,5.05943,0.275794,0.36288,3.6288,61.308,0.0627142,0,0,1.4743,0.20066,1.21092,0.66528,12.849,1,0.525538,0.36288,0,94.3505,4.30935,89.8785,0.84672,12.849,0.84672,3695.15,0,0,0,1.75905,1.29553,8.18441,0.992693,10.2463,0.42336,0,0.42336,460.49,0,1.02816,0,0,2.78721,1.75905,1.028160,1,0,101.336,0,0,0,101.336,0
51.23,1.91238,0,0,5.08658,0.336561,0.36288,3.6288,61.308,0.0627645,0,0,1.4118,0.218784,1.13025,0.66528,12.849,1,0.50399,0.36288,0,94.4499,4.97337,89.3354,0.84672,12.849,0.84672,3695.15,0,0,0,1.83305,1.2956,8.26684,1.3859,10.0096,0.42336,0,0.42336,460.49,0,1.02816,0,0,2.86121,1.83305,1.028160,1,0,100.475,0,0,0,100.475,0
52.7121,2.144,0,0,4.27201,0.282998,0.36288,3.6288,61.308,0.155534,0,0,1.15526,0.212467,0.787262,0.66528,12.849,1,0.537738,0.36288,0,68.3675,4.79168,63.4009,0.84672,12.849,0.84672,3695.15,0,0,0,1.07217,1.29568,7.35489,1.15503,8.5677,0.42336,0,0.42336,460.49,0,1.02816,0,0,2.10033,1.07217,1.028160,1,0,72.7559,0,0,0,72.7559,0
54.9159,2.15631,0,0,5.01033,0.287377,0.36288,3.6288,61.308,0.15559,0,0,1.22259,0.212467,0.854529,0.66528,12.849,1,0.525618,0.36288,0,81.718,4.79168,76.7636,0.84672,12.849,0.84672,3695.15,0,0,0,1.06639,1.41708,7.74904,1.15503,9.07748,0.42336,0,0.42336,460.49,0,1.02816,0,0,2.09455,1.06639,1.028160,1,0,86.6956,0,0,0,86.6956,0
57.2512,2.17356,0,0,5.16086,0.289069,0.36288,3.6288,61.308,0.155647,0,0,1.26233,0.204252,0.902431,0.66528,12.849,1,0.508561,0.36288,0,84.4448,4.60587,79.6932,0.84672,12.849,0.84672,3695.15,0,0,0,1.31314,1.41716,8.59645,1.10024,10.2265,0.42336,0,0.42336,460.49,0,1.02816,0,0,2.3413,1.31314,1.028160,1,0,90.8222,0,0,0,90.8222,0
59.7683,2.19066,0,0,5.34101,0.270384,0.36288,3.6288,61.308,0.155703,0,0,1.22724,0.221058,0.850483,0.66528,12.849,1,0.491653,0.36288,0,87.8118,4.41714,83.2659,0.84672,12.849,0.84672,3695.15,0,0,0,1.20876,1.41724,8.30209,0.9994,9.92869,0.42336,0,0.42336,460.49,0,1.02816,0,0,2.23692,1.20876,1.028160,1,0,94.045,0,0,0,94.045,0
67.15,1.89645,0,0,9.95103,0.310058,0.36288,3.6288,61.308,0.0312963,0,0,6.83799,0.264473,6.54222,0.66528,12.849,1,0.407698,0.36288,0,295.521,4.44265,291.033,0.84672,12.849,0.84672,3695.15,0,0,0,5.73232,1.41732,27.6893,1.00505,33.8339,0.42336,0,0.42336,460.49,0,1.02816,0,0,6.76048,5.73232,1.028160,1,0,331.409,0,0,0,331.409,0
71.1984,2.1348,0,0,6.87554,0.32946,0.36288,3.6288,61.308,0.100753,0,0,3.74407,0.264473,3.37885,0.66528,12.849,1,0.408489,0.36288,0,163.687,4.44265,159.199,0.84672,12.849,0.84672,3695.15,0,0,0,3.39624,1.25033,16.9752,1.00505,20.6167,0.42336,0,0.42336,460.49,0,1.02816,0,0,4.4244,3.39624,1.028160,1,0,183.195,0,0,0,183.195,0
72.29,2.15463,0,0,7.52812,0.339991,3.94187,3.6288,61.308,0.100806,0,0,4.04233,0.264473,3.67705,0.66528,12.849,1,0.38884,3.94187,0,179.47,4.44265,178.58,0.84672,12.849,0.84672,3695.15,0,0,0,3.44273,1.34881,15.5326,1.00505,19.319,0.42336,0,0.42336,460.49,0,1.02816,0,0,4.47089,3.44273,1.028160,1,0,201.577,0,0,0,201.577,0
72.29,2.15977,0,0,6.45475,0.330993,3.964,3.6288,61.308,0.100858,0,0,3.72053,0.261814,3.35786,0.66528,12.849,1,0.383882,3.964,0,145.867,4.56169,144.885,0.84672,12.849,0.84672,3695.15,0,0,0,3.44206,1.34888,15.1169,1.02817,18.8797,0.42336,0,0.42336,460.49,0,1.02816,0,0,4.47022,3.44206,1.028160,1,0,167.122,0,0,0,167.122,0
72.29,2.15992,0,0,5.0105,0.296789,2.55379,3.6288,61.308,0.100911,0,0,3.07359,0.219432,2.75325,0.66528,12.849,1,0.383909,2.55379,0,115.623,4.80667,112.986,0.84672,12.849,0.84672,3695.15,0,0,0,2.78806,1.34896,15.0475,1.06538,18.1192,0.42336,0,0.42336,460.49,0,1.02816,0,0,3.81622,2.78806,1.028160,1,0,133.859,0,0,0,133.859,0
72.29,2.24838,0,0,4.98646,0.293332,2.44475,3.6288,61.308,0.134214,0,0,3.37967,0.192633,3.05282,0.66528,12.849,1,0.399632,2.44475,0,124.884,4.76721,122.162,0.84672,12.849,0.84672,3695.15,0,0,0,3.4039,1.34903,15.6204,1.04994,19.3234,0.42336,0,0.42336,460.49,0,1.02816,0,0,4.43206,3.4039,1.028160,1,0,144.538,0,0,0,144.538,0
72.29,2.24854,0,0,3.50019,0.293332,0.958323,3.6288,61.308,0.134269,0,0,2.52807,0.192633,2.20117,0.66528,12.849,1,0.399661,0.958323,0,84.9969,4.76721,80.7883,0.84672,12.849,0.84672,3695.15,0,0,0,1.82377,1.39429,11.8159,1.04994,13.984,0.42336,0,0.42336,460.49,0,1.02816,0,0,2.85193,1.82377,1.028160,1,0,96.9735,0,0,0,96.9735,0
72.29,2.2487,0,0,3.04032,0.260696,0.530926,3.6288,61.308,0.134323,0,0,2.08367,0.204158,1.74519,0.66528,12.849,1,0.399689,0.530926,0,73.0702,4.82834,68.3731,0.84672,12.849,0.84672,3695.15,0,0,0,1.52797,1.39437,9.69572,1.06353,11.5545,0.42336,0,0.42336,460.49,0,1.02816,0,0,2.55613,1.52797,1.028160,1,0,81.6728,0,0,0,81.6728,0
72.0504,2.24886,0,0,2.64719,0.27509,0.36288,3.6288,61.308,0.134378,0,0,1.62679,0.205635,1.28678,0.66528,12.849,1,0.399718,0.36288,0,64.0388,4.83947,59.1625,0.84672,12.849,0.84672,3695.15,0,0,0,1.12888,1.39444,8.40724,1.0492,9.88135,0.42336,0,0.42336,460.49,0,1.02816,0,0,2.15704,1.12888,1.028160,1,0,70.3306,0,0,0,70.3306,0
71.4395,2.21337,0,0,2.18641,0.221066,0.36288,3.6288,61.308,0.121516,0,0,1.0703,0.204315,0.744467,0.66528,12.849,1,0.394718,0.36288,0,52.8632,4.12629,48.7051,0.84672,12.849,0.84672,3695.15,0,0,0,0.751118,1.39452,8.05245,1.0382,9.15989,0.42336,0,0.42336,460.49,0,1.02816,0,0,1.77928,0.751118,1.028160,1,0,58.6095,0,0,0,58.6095,0
70.8996,2.21067,0,0,2.25369,0.220039,0.36288,3.6288,61.308,0.12157,0,0,1.1295,0.204315,0.803614,0.66528,12.849,1,0.397607,0.36288,0,50.9172,4.12629,46.7561,0.84672,12.849,0.84672,3695.15,0,0,0,0.736569,1.377,6.94362,1.0382,8.01899,0.42336,0,0.42336,460.49,0,1.02816,0,0,1.76473,0.736569,1.028160,1,0,55.5787,0,0,0,55.5787,0
71.2213,2.20826,0,0,3.09696,0.20407,0.36288,3.6288,61.308,0.121624,0,0,1.24213,0.207885,0.912621,0.66528,12.849,1,0.400199,0.36288,0,66.3875,4.23465,62.1155,0.84672,12.849,0.84672,3695.15,0,0,0,0.951229,1.37707,6.93576,1.01814,8.24592,0.42336,0,0.42336,460.49,0,1.02816,0,0,1.97939,0.951229,1.028160,1,0,71.2741,0,0,0,71.2741,0
70.4547,2.20995,0,0,1.97303,0.166827,0.36288,3.6288,61.308,0.121678,0,0,1.04803,0.21681,0.709544,0.66528,12.849,1,0.398696,0.36288,0,48.5926,4.50555,44.0512,0.84672,12.849,0.84672,3695.15,0,0,0,0.608705,1.37715,6.15256,0.967991,7.17042,0.42336,0,0.42336,460.49,0,1.02816,0,0,1.63687,0.608705,1.028160,1,0,51.9312,0,0,0,51.9312,0
69.6455,2.32324,0,0,2.01828,0.141361,0.36288,3.6288,61.308,0.167551,0,0,0.813326,0.201426,0.444349,0.66528,12.849,1,0.423695,0.36288,0,40.8052,4.11882,36.6255,0.84672,12.849,0.84672,3695.15,0,0,0,0.431447,1.37722,5.10942,1.06853,5.84956,0.42336,0,0.42336,460.49,0,1.02816,0,0,1.45961,0.431447,1.028160,1,0,42.9194,0,0,0,42.9194,0
68.8432,2.31924,0,0,2.01626,0.136425,0.36288,3.6288,61.308,0.167608,0,0,0.862212,0.198862,0.495741,0.66528,12.849,1,0.427881,0.36288,0,38.6827,4.05436,34.5633,0.84672,12.849,0.84672,3695.15,0,0,0,0.428959,1.43858,5.45637,1.08529,6.23862,0.42336,0,0.42336,460.49,0,1.02816,0,0,1.45712,0.428959,1.028160,1,0,41.2977,0,0,0,41.2977,0
67.9114,2.31521,0,0,1.88185,0.135577,0.36288,3.6288,61.308,0.167665,0,0,0.787959,0.198862,0.421432,0.66528,12.849,1,0.432114,0.36288,0,36.1613,4.05436,32.0377,0.84672,12.849,0.84672,3695.15,0,0,0,0.32438,1.43866,4.83168,1.08529,5.50943,0.42336,0,0.42336,460.49,0,1.02816,0,0,1.35254,0.32438,1.028160,1,0,37.9685,0,0,0,37.9685,0
66.9153,2.31038,0,0,1.77338,0.0961686,0.36288,3.6288,61.308,0.167722,0,0,0.750548,0.232538,0.350288,0.66528,12.849,1,0.43713,0.36288,0,33.9061,4.83335,28.9985,0.84672,12.849,0.84672,3695.15,0,0,0,0.335984,1.43874,4.72214,1.19588,5.30099,0.42336,0,0.42336,460.49,0,1.02816,0,0,1.36414,0.335984,1.028160,1,0,34.6498,0,0,0,34.6498,0
65.9469,2.30509,0,0,1.78087,0.0813514,0.36288,3.6288,61.308,0.167779,0,0,0.809905,0.241206,0.40092,0.66528,12.849,1,0.44262,0.36288,0,40.4743,5.00478,35.3898,0.84672,12.849,0.84672,3695.15,0,0,0,0.359372,1.43882,4.61585,1.1854,5.22865,0.42336,0,0.42336,460.49,0,1.02816,0,0,1.38753,0.359372,1.028160,1,0,41.0194,0,0,0,41.0194,0
64.9352,2.27695,0,0,1.71969,0.0915405,0.36288,3.6288,61.308,0.193027,0,0,0.851135,0.228765,0.429343,0.66528,12.849,1,0.443637,0.36288,0,45.7069,4.69518,40.931,0.84672,12.849,0.84672,3695.15,0,0,0,0.433227,1.4389,4.50855,1.11534,5.26535,0.42336,0,0.42336,460.49,0,1.02816,0,0,1.46139,0.433227,1.028160,1,0,46.6256,0,0,0,46.6256,0
63.7755,2.27134,0,0,1.56535,0.0908023,0.36288,3.6288,61.308,0.21631,0,0,0.796064,0.228765,0.350989,0.66528,12.849,1,0.449439,0.36288,0,43.8787,4.69518,39.0969,0.84672,12.849,0.84672,3695.15,0,0,0,0.261274,1.45333,4.23537,1.11534,4.83464,0.42336,0,0.42336,460.49,0,1.00494,0,0,1.26621,0.261274,1.028160,1,0,44.2826,0,0,0,44.2826,0
62.5107,2.26469,0,0,1.43936,0.076599,0.36288,3.6288,61.308,0.222684,0,0,0.760026,0.261672,0.27567,0.66528,12.849,1,0.456273,0.36288,0,38.8998,5.11863,33.6878,0.84672,12.849,0.84672,3695.15,0,0,0,0.261274,1.45341,4.07532,1.2699,4.5201,0.42336,0,0.42336,460.49,0,0.99862,0,0,1.25989,0.261274,1.028160,1,0,38.4835,0,0,0,38.4835,0
61.1739,2.2572,0,0,1.34158,0.0583735,0.36288,3.6288,61.308,0.294161,0,0,0.688236,0.30301,0.0910649,0.66528,12.849,1,0.463964,0.36288,0,34.0402,5.62188,28.3173,0.84672,12.849,0.84672,3695.15,0,0,0,0.261274,1.45349,3.77738,1.46582,4.02632,0.42336,0,0.42336,460.49,0,0.927202,0,0,1.18848,0.261274,1.028160,1,0,32.4346,0,0,0,32.4346,0
59.6513,2.3073,0,0,1.2065,0.0588443,0.36288,3.6288,61.0605,0.538837,0,0,0.579097,0.287783,0,0.66528,12.849,1,0.484626,0.36288,0,30.8415,5.25378,25.466,0.84672,12.849,0.84672,3695.15,0,0,0,0.261274,1.45357,3.18584,1.40481,3.49588,0.42336,0,0.42336,460.49,0,0.705041,0,0,0.966315,0.261274,1.028160,1,0,28.9619,0,0,0,28.9619,0
58.0015,2.29728,0,0,1.06843,0.0580562,0.36288,3.6288,60.7113,0.605624,0,0,0.543802,0.287332,0,0.66528,12.849,1,0.494838,0.36288,0,29.0585,5.25378,23.6727,0.84672,12.849,0.84672,3695.15,0,0,0,0.261274,1.48423,3.15484,1.40481,3.49553,0.42336,0,0.42336,460.49,0,0.638315,0,0,0.899588,0.261274,1.028160,1,0,27.1683,0,0,0,27.1683,0
56.2662,2.28592,0,0,0.970548,0.0571371,0.36288,3.6288,60.3238,0.629927,0,0,0.529069,0.286697,0,0.66528,12.849,1,0.506396,0.36288,0,27.3539,5.25378,21.9566,0.84672,12.849,0.84672,3695.15,0,0,0,0.227405,1.48431,3.04221,1.40481,3.34912,0.42336,0,0.42336,460.49,0,0.614071,0,0,0.841476,0.227405,1.028160,1,0,25.3057,0,0,0,25.3057,0
54.4108,2.27336,0,0,0.822018,0.0410932,0.36288,3.6288,59.9211,0.637228,0,0,0.526196,0.291615,0,0.66528,12.849,1,0.519148,0.36288,0,26.0687,5.53057,20.3819,0.84672,12.849,0.84672,3695.15,0,0,0,0.227405,1.48439,2.98532,1.40531,3.29181,0.42336,0,0.42336,460.49,0,0.60683,0,0,0.834235,0.227405,1.028160,1,0,23.6737,0,0,0,23.6737,0
52.2749,2.42642,0,0,0.708333,0.054936,0.36288,3.6288,59.3609,0.737304,0,0,0.475505,0.298426,0,0.66528,12.849,1,0.572995,0.36288,0,22.8073,5.67583,16.9213,0.84672,12.849,0.84672,3695.15,0,0,0,0.227405,1.48448,2.28303,1.45192,2.543,0.42336,0,0.42336,460.49,0,0.587891,0,0,0.815296,0.227405,1.028160,1,0,19.4643,0,0,0,19.4643,0
50.0632,2.4078,0,0,0.614561,0.0556665,0.36288,3.6288,58.6871,0.78819,0,0,0.418931,0.304554,0,0.66528,12.849,1,0.591829,0.36288,0,19.9469,5.79568,13.9223,0.84672,12.849,0.84672,3695.15,0,0,0,0.227405,1.58594,1.97625,1.51213,2.27747,0.42336,0,0.42336,460.49,0,0.537071,0,0,0.764476,0.227405,1.028160,1,0,16.1997,0,0,0,16.1997,0
47.9471,2.38716,0,0,0.688418,0.0543951,0.36288,3.6288,58.0696,0.743958,0,0,0.429748,0.303241,0,0.66528,12.849,1,0.612679,0.36288,0,19.8274,5.79568,13.7819,0.84672,12.849,0.84672,3695.15,0,0,0,0.204422,1.58603,2.11816,1.51213,2.39648,0.42336,0,0.42336,460.49,0,0.581368,0,0,0.785791,0.204422,1.028160,1,0,16.1784,0,0,0,16.1784,0
46.2505,2.366,0,0,1.10176,0.0694944,0.36288,3.6288,57.7248,0.575163,0,0,0.528159,0.297834,0,0.66528,12.849,1,0.634048,0.36288,0,32.9395,5.67695,26.9914,0.84672,12.849,0.84672,3695.15,0,0,0,0.204422,1.58612,2.30897,1.49757,2.60195,0.42336,0,0.42336,460.49,0,0.750228,0,0,0.954651,0.204422,1.028160,1,0,29.5933,0,0,0,29.5933,0
44.9916,2.34796,0,0,1.53385,0.0818962,0.36288,3.6288,57.6096,0.529237,0,0,0.698656,0.284592,0,0.66528,12.849,1,0.652295,0.36288,0,36.0494,5.90469,29.8553,0.84672,12.849,0.84672,3695.15,0,0,0,0.204422,1.58621,2.61917,1.4956,2.9142,0.42336,0,0.42336,460.49,0,0.796219,0,0,1.00064,0.204422,1.028160,1,0,32.7695,0,0,0,32.7695,0
43.6687,2.25554,0,0,1.39181,0.0963164,0.36288,3.6288,57.8018,0.248135,0,0,0.718474,0.278198,0,0.66528,12.849,1,0.644153,0.36288,0,30.84,6.05976,24.499,0.84672,12.849,0.84672,3695.15,0,0,0,0.282969,1.5863,2.95501,1.51115,3.31312,0.42336,0,0.42336,460.49,0,1.02816,0,0,1.31113,0.282969,1.028160,1,0,27.8121,0,0,0,27.8121,0
42.28,2.24062,0,0,1.3097,0.0948788,0.36288,3.6288,58.0086,0.248197,0,0,0.733614,0.278544,0,0.66528,12.849,1,0.659277,0.36288,0,40.9571,6.05976,34.601,0.84672,12.849,0.84672,3695.15,0,0,0,0.493517,1.52947,2.74798,1.51115,3.25981,0.42336,0,0.42336,460.49,0,1.02816,0,0,1.52168,0.493517,1.028160,1,0,37.8608,0,0,0,37.8608,0
40.3774,2.22417,0,0,0.777842,0.0933698,0.36288,3.6288,57.6306,0.600382,0,0,0.50127,0.278917,0,0.66528,12.849,1,0.675931,0.36288,0,28.4737,6.05976,22.1009,0.84672,12.849,0.84672,3695.15,0,0,0,0.216518,1.52955,1.78628,1.51115,2.0212,0.42336,0,0.42336,460.49,0,0.676037,0,0,0.892555,0.216518,1.028160,1,0,24.1221,0,0,0,24.1221,0
38.7653,2.20017,0,0,1.07413,0.12318,0.36288,3.6288,57.5768,0.463068,0,0,0.687761,0.27847,0,0.66528,12.849,1,0.700142,0.36288,0,29.9687,5.78505,23.8464,0.84672,12.849,0.84672,3695.15,0,0,0,0.216518,1.52964,2.39764,1.45986,2.68395,0.42336,0,0.42336,460.49,0,0.813413,0,0,1.02993,0.216518,1.028160,1,0,26.5303,0,0,0,26.5303,0
37.1056,2.11631,0,0,1.01163,0.192203,0.36288,3.6288,57.2927,0.545949,0,0,0.456533,0.194763,0,0.66528,12.849,1,0.701463,0.36288,0,29.4563,3.99399,25.1237,0.84672,12.849,0.84672,3695.15,0,0,0,0.216518,1.52973,1.65095,0.931611,2.46558,0.42336,0,0.42336,460.49,0,0.685774,0,0,0.902292,0.216518,1.028160,1,0,27.5893,0,0,0,27.5893,0
36.7617,2.09315,0,0,2.30065,0.188502,0.36288,3.6288,57.4784,0.268672,0,0,0.64886,0.194404,0,0.66528,12.849,1,0.724821,0.36288,0,57.5362,3.99399,53.1802,0.84672,12.849,0.84672,3695.15,0,0,0,0.216518,1.47968,2.86445,0.931611,3.62904,0.42336,0,0.42336,460.49,0,0.963109,0,0,1.17963,0.216518,1.028160,1,0,56.8093,0,0,0,56.8093,0
37.7719,2.08827,0,0,3.64912,0.187735,0.36288,3.6288,58.4385,0.203681,0,0,1.35842,0.194639,0,0.66528,12.849,1,0.729896,0.36288,0,78.2844,3.99399,73.9234,0.84672,12.849,0.84672,3695.15,0,0,0,0.993142,1.47976,4.61209,0.931611,6.15339,0.42336,0,0.42336,460.49,0,1.02816,0,0,2.0213,0.993142,1.028160,1,0,80.0767,0,0,0,80.0767,0
37.4606,2.10299,0,0,2.34452,0.189988,0.36288,3.6288,59.0518,0.20374,0,0,1.01282,0.195849,0,0.66528,12.849,1,0.71538,0.36288,0,53.8425,3.99399,49.496,0.84672,12.849,0.84672,3695.15,0,0,0,0.725077,1.47985,4.55049,0.931611,5.8238,0.42336,0,0.42336,460.49,0,1.02816,0,0,1.75324,0.725077,1.028160,1,0,55.3198,0,0,0,55.3198,0
37.252,1.9237,0,0,2.28847,0.210506,0.36288,3.6288,58.8875,0.455611,0,0,0.50311,0.211749,0,0.66528,12.849,1,0.659828,0.36288,0,59.6402,4.41995,54.9233,0.84672,12.849,0.84672,3695.15,0,0,0,0.292723,1.47993,3.12905,1.0906,3.8111,0.42336,0,0.42336,460.49,0,0.682977,0,0,0.9757,0.292723,1.028160,1,0,58.7344,0,0,0,58.7344,0
38.8864,1.74087,0,0,3.93549,0.197278,0.36288,3.6288,59.2237,0.040256,0,0,0.584528,0.208061,0,0.66528,12.849,1,0.600464,0.36288,0,72.4292,4.42796,67.7637,0.84672,12.849,0.84672,3695.15,0,0,0,0.515989,1.36383,5.20438,1.11629,5.96791,0.42336,0,0.42336,460.49,0,1.02816,0,0,1.54415,0.515989,1.028160,1,0,73.7316,0,0,0,73.7316,0
41.229,1.90572,0,0,4.81221,0.201086,0.36288,3.6288,59.8805,0.0964889,0,0,0.961796,0.20851,0,0.66528,12.849,1,0.629695,0.36288,0,97.6095,4.42796,92.9148,0.84672,12.849,0.84672,3695.15,0,0,0,1.7603,1.26423,6.29395,1.11629,8.20218,0.42336,0,0.42336,460.49,0,1.02816,0,0,2.78846,1.7603,1.028160,1,0,101.117,0,0,0,101.117,0
41.9833,1.78529,0,0,3.12227,0.219779,0.36288,3.6288,60.4865,0.0403536,0,0,0.869348,0.223052,0,0.66528,12.849,1,0.556385,0.36288,0,68.0037,4.52715,63.2831,0.84672,12.849,0.84672,3695.15,0,0,0,1.39089,1.34404,5.20732,1.13579,6.80646,0.42336,0,0.42336,460.49,0,1.02816,0,0,2.41905,1.39089,1.028160,1,0,70.0895,0,0,0,70.0895,0
44.352,1.79307,0,0,4.75724,0.232615,0.36288,3.6288,61.308,0.0404024,0,0,1.31618,0.244896,0.209351,0.66528,12.849,1,0.548771,0.36288,0,105.017,5.07627,99.7544,0.84672,12.849,0.84672,3695.15,0,0,0,2.05253,1.26436,7.43029,1.23431,9.51287,0.42336,0,0.42336,460.49,0,1.02816,0,0,3.08069,2.05253,1.028160,1,0,109.477,0,0,0,109.477,0
47.4653,2.07402,0,0,5.78791,0.237663,0.36288,3.6288,61.308,0.13774,0,0,2.18913,0.211746,1.83965,0.66528,12.849,1,0.600855,0.36288,0,191.189,4.638,186.313,0.84672,12.849,0.84672,3695.15,0,0,0,2.91025,1.26443,11.0439,1.13605,14.0825,0.42336,0,0.42336,460.49,0,1.02816,0,0,3.93841,2.91025,1.028160,1,0,202.235,0,0,0,202.235,0
50.7667,1.9084,0,0,5.80568,0.233003,0.36288,3.6288,61.308,0.0652708,0,0,2.2647,0.199344,2.00008,0.66528,12.849,1,0.51661,0.36288,0,115.411,4.20924,111.048,0.84672,12.849,0.84672,3695.15,0,0,0,2.95857,1.40205,10.2293,1.08249,13.5075,0.42336,0,0.42336,460.49,0,1.02816,0,0,3.98673,2.95857,1.028160,1,0,126.556,0,0,0,126.556,0
54.2493,2.13489,0,0,6.22179,0.241415,0.36288,3.6288,61.308,0.13784,0,0,3.0186,0.199344,2.68142,0.66528,12.849,1,0.540337,0.36288,0,135.148,4.20924,130.761,0.84672,12.849,0.84672,3695.15,0,0,0,3.80391,1.29923,13.4501,1.08249,17.4708,0.42336,0,0.42336,460.49,0,1.02816,0,0,4.83207,3.80391,1.028160,1,0,150.913,0,0,0,150.913,0
56.5119,2.12263,0,0,4.99829,0.250234,0.36288,3.6288,61.308,0.123385,0,0,1.6316,0.199344,1.30887,0.66528,12.849,1,0.502748,0.36288,0,144.045,4.20924,139.696,0.84672,12.849,0.84672,3695.15,0,0,0,1.83022,1.40219,10.5296,1.08249,12.6795,0.42336,0,0.42336,460.49,0,1.02816,0,0,2.85838,1.83022,1.028160,1,0,153.684,0,0,0,153.684,0
57.8495,2.41658,0,0,4.3839,0.266848,0.36288,3.6288,61.308,0.239493,0,0,2.12998,0.191131,1.69936,0.66528,12.849,1,0.549453,0.36288,0,109.375,3.69426,105.494,0.84672,12.849,0.84672,3695.15,0,0,0,1.99945,1.38168,12.8118,0.885806,15.3071,0.42336,0,0.42336,460.49,0,1.02816,0,0,3.02761,1.99945,1.028160,1,0,122.5,0,0,0,122.5,0
59.4358,2.42713,0,0,4.65131,0.274984,0.36288,3.6288,61.308,0.23955,0,0,2.2553,0.199028,1.81672,0.66528,12.849,1,0.539093,0.36288,0,92.7444,3.58502,88.9831,0.84672,12.849,0.84672,3695.15,0,0,0,2.06311,1.53522,9.52733,0.869717,12.2559,0.42336,0,0.42336,460.49,0,1.02816,0,0,3.09127,2.06311,1.028160,1,0,103.056,0,0,0,103.056,0
60.8514,2.21341,0,0,4.2712,0.279243,0.36288,3.6288,61.308,0.158537,0,0,2.17606,0.199028,1.8185,0.66528,12.849,1,0.478501,0.36288,0,91.4129,3.58502,87.7123,0.84672,12.849,0.84672,3695.15,0,0,0,1.90698,1.5353,8.82757,0.869717,11.4001,0.42336,0,0.42336,460.49,0,1.02816,0,0,2.93514,1.90698,1.028160,1,0,100.931,0,0,0,100.931,0
62.2834,2.22274,0,0,4.28259,0.265055,0.36288,3.6288,61.308,0.158588,0,0,2.39247,0.224046,2.00983,0.66528,12.849,1,0.46934,0.36288,0,88.8278,4.56165,84.1597,0.84672,12.849,0.84672,3695.15,0,0,0,2.10642,1.42131,9.83439,1.19975,12.1624,0.42336,0,0.42336,460.49,0,1.02816,0,0,3.13458,2.10642,1.028160,1,0,98.3319,0,0,0,98.3319,0
64.7376,2.1159,0,0,5.23658,0.303614,0.36288,3.6288,61.308,0.103401,0,0,3.17663,0.138041,2.93518,0.66528,12.849,1,0.436507,0.36288,0,112.413,2.80248,109.537,0.84672,12.849,0.84672,3695.15,0,0,0,1.61321,1.42138,13.4759,0.817166,15.6933,0.42336,0,0.42336,460.49,0,1.02816,0,0,2.64137,1.61321,1.028160,1,0,128.166,0,0,0,128.166,0
68.7119,1.92979,0,0,6.584,0.31698,0.36288,3.6288,61.308,0.0338146,0,0,4.69683,0.124602,4.53842,0.66528,12.849,1,0.383022,0.36288,0,167.391,2.44513,164.926,0.84672,12.849,0.84672,3695.15,0,0,0,2.49301,1.35256,18.3776,0.727889,21.4953,0.42336,0,0.42336,460.49,0,1.02816,0,0,3.52117,2.49301,1.028160,1,0,190.96,0,0,0,190.96,0
72.29,2.15058,0,0,8.20403,0.328948,2.14639,3.6288,61.308,0.103498,0,0,6.90601,0.147549,6.65497,0.66528,12.849,1,0.402155,2.14639,0,192.389,3.0948,191.039,0.84672,12.849,0.84672,3695.15,0,0,0,4.61627,1.2539,30.3208,0.827937,35.363,0.42336,0,0.42336,460.49,0,1.02816,0,0,5.64443,4.61627,1.028160,1,0,233.057,0,0,0,233.057,0
72.29,2.16762,0,0,5.47142,0.340634,2.96316,3.6288,61.308,0.103546,0,0,3.71097,0.178145,3.42928,0.66528,12.849,1,0.385279,2.96316,0,154.982,3.96102,153.599,0.84672,12.849,0.84672,3695.15,0,0,0,2.07025,1.3527,17.2422,0.961335,19.7039,0.42336,0,0.42336,460.49,0,1.02816,0,0,3.09841,2.07025,1.028160,1,0,176.732,0,0,0,176.732,0
72.29,2.16776,0,0,6.81878,0.315933,4.33509,3.6288,61.308,0.103595,0,0,7.12636,0.165872,6.85689,0.66528,12.849,1,0.385304,4.33509,0,186.503,3.82841,186.624,0.84672,12.849,0.84672,3695.15,0,0,0,3.36117,1.35277,23.186,0.984006,26.916,0.42336,0,0.42336,460.49,0,1.02816,0,0,4.38933,3.36117,1.028160,1,0,220.397,0,0,0,220.397,0
72.29,2.2565,0,0,5.31073,0.282998,2.77124,3.6288,61.308,0.137001,0,0,4.43121,0.149507,4.14471,0.66528,12.849,1,0.401075,2.77124,0,171.091,3.65159,169.81,0.84672,12.849,0.84672,3695.15,0,0,0,2.21474,1.35284,15.0858,1.01424,17.6391,0.42336,0,0.42336,460.49,0,1.02816,0,0,3.2429,2.21474,1.028160,1,0,191.593,0,0,0,191.593,0
72.29,2.25664,0,0,5.31867,0.282998,2.77903,3.6288,61.308,0.137051,0,0,4.39271,0.149507,4.10615,0.66528,12.849,1,0.401101,2.77903,0,118.508,3.65159,117.234,0.84672,12.849,0.84672,3695.15,0,0,0,2.26521,1.39823,16.2556,1.01424,18.9048,0.42336,0,0.42336,460.49,0,1.02816,0,0,3.29337,2.26521,1.028160,1,0,140.245,0,0,0,140.245,0
72.29,2.25679,0,0,5.01345,0.290919,2.46574,3.6288,61.308,0.137101,0,0,4.76326,0.189826,4.43633,0.66528,12.849,1,0.401127,2.46574,0,114.684,4.50456,112.244,0.84672,12.849,0.84672,3695.15,0,0,0,2.51235,1.3983,17.9382,1.08742,20.7614,0.42336,0,0.42336,460.49,0,1.02816,0,0,3.54051,2.51235,1.028160,1,0,137.442,0,0,0,137.442,0
72.29,2.25694,0,0,4.68664,0.232717,2.19698,3.6288,61.308,0.137152,0,0,3.8868,0.192535,3.55711,0.66528,12.849,1,0.401153,2.19698,0,106.246,4.03378,104.008,0.84672,12.849,0.84672,3695.15,0,0,0,1.98507,1.39837,13.6825,1.03214,16.0338,0.42336,0,0.42336,460.49,0,1.02816,0,0,3.01323,1.98507,1.028160,1,0,123.599,0,0,0,123.599,0
72.29,2.22244,0,0,3.97577,0.172408,1.58092,3.6288,61.308,0.124243,0,0,2.03226,0.2071,1.70091,0.66528,12.849,1,0.395021,1.58092,0,99.5959,4.22048,96.5613,0.84672,12.849,0.84672,3695.15,0,0,0,1.42392,1.39845,10.2437,1.10689,11.9591,0.42336,0,0.42336,460.49,0,1.02816,0,0,2.45208,1.42392,1.028160,1,0,110.221,0,0,0,110.221,0
72.29,2.22258,0,0,3.7527,0.172408,1.35771,3.6288,61.308,0.124292,0,0,1.8579,0.2071,1.52651,0.66528,12.849,1,0.395047,1.35771,0,91.7594,4.22048,88.5016,0.84672,12.849,0.84672,3695.15,0,0,0,0.989574,1.38086,9.08073,1.10689,10.3443,0.42336,0,0.42336,460.49,0,1.02816,0,0,2.01773,0.989574,1.028160,1,0,100.372,0,0,0,100.372,0
72.29,2.22273,0,0,3.47253,0.172408,1.07739,3.6288,61.308,0.124342,0,0,1.74353,0.2071,1.41208,0.66528,12.849,1,0.395073,1.07739,0,84.208,4.22048,80.6699,0.84672,12.849,0.84672,3695.15,0,0,0,0.843169,1.38093,7.97844,1.10689,9.09565,0.42336,0,0.42336,460.49,0,1.02816,0,0,1.87133,0.843169,1.028160,1,0,91.1776,0,0,0,91.1776,0
72.29,2.22287,0,0,3.18796,0.141887,0.823204,3.6288,61.308,0.124391,0,0,1.61384,0.231163,1.25829,0.66528,12.849,1,0.395098,0.823204,0,74.4293,4.4943,70.3631,0.84672,12.849,0.84672,3695.15,0,0,0,0.78192,1.381,7.47334,1.11737,8.51889,0.42336,0,0.42336,460.49,0,1.02816,0,0,1.81008,0.78192,1.028160,1,0,80.1403,0,0,0,80.1403,0
72.29,2.34065,0,0,2.84196,0.118149,0.383168,3.6288,61.308,0.170407,0,0,1.29981,0.240928,0.888475,0.66528,12.849,1,0.416032,0.383168,0,60.6334,4.79447,55.8061,0.84672,12.849,0.84672,3695.15,0,0,0,0.539361,1.38107,6.96064,1.12551,7.75556,0.42336,0,0.42336,460.49,0,1.02816,0,0,1.56752,0.539361,1.028160,1,0,64.4502,0,0,0,64.4502,0
72.1245,2.3408,0,0,2.6445,0.106283,0.36288,3.6288,61.308,0.183592,0,0,1.14338,0.24396,0.715831,0.66528,12.849,1,0.416059,0.36288,0,53.8498,5.02982,48.7668,0.84672,12.849,0.84672,3695.15,0,0,0,0.402797,1.44261,6.49642,1.15981,7.18201,0.42336,0,0.42336,460.49,0,1.01503,0,0,1.41782,0.402797,1.028160,1,0,56.6646,0,0,0,56.6646,0
71.8705,2.34014,0,0,2.55509,0.10615,0.36288,3.6288,61.308,0.170512,0,0,1.1663,0.24396,0.751834,0.66528,12.849,1,0.416896,0.36288,0,51.342,5.02982,46.2582,0.84672,12.849,0.84672,3695.15,0,0,0,0.544113,1.44269,6.21387,1.15981,7.04086,0.42336,0,0.42336,460.49,0,1.02816,0,0,1.57227,0.544113,1.028160,1,0,54.0509,0,0,0,54.0509,0
71.3833,2.33904,0,0,2.34517,0.130453,0.36288,3.6288,61.308,0.170564,0,0,1.0933,0.237376,0.685357,0.66528,12.849,1,0.418174,0.36288,0,48.2745,4.60674,43.6125,0.84672,12.849,0.84672,3695.15,0,0,0,0.473887,1.44276,5.66667,1.17613,6.40719,0.42336,0,0.42336,460.49,0,1.02816,0,0,1.50205,0.473887,1.028160,1,0,50.705,0,0,0,50.705,0
71.1846,2.33677,0,0,2.59813,0.09717,0.36288,3.6288,61.308,0.170616,0,0,0.944888,0.254216,0.520056,0.66528,12.849,1,0.42062,0.36288,0,45.2189,4.82467,40.3365,0.84672,12.849,0.84672,3695.15,0,0,0,0.66744,1.44284,5.38694,1.22136,6.27586,0.42336,0,0.42336,460.49,0,1.02816,0,0,1.6956,0.66744,1.028160,1,0,47.1324,0,0,0,47.1324,0
71.3045,2.31271,0,0,2.88732,0.0917637,0.36288,3.6288,61.308,0.195939,0,0,0.723073,0.26081,0.266324,0.66528,12.849,1,0.417451,0.36288,0,44.2499,5.19131,39.0041,0.84672,12.849,0.84672,3695.15,0,0,0,0.72938,1.44291,5.58096,1.22853,6.52472,0.42336,0,0.42336,460.49,0,1.02816,0,0,1.75754,0.72938,1.028160,1,0,45.7951,0,0,0,45.7951,0
71.166,2.31346,0,0,2.62965,0.0918479,0.36288,3.6288,61.308,0.195993,0,0,0.712074,0.26081,0.255271,0.66528,12.849,1,0.416883,0.36288,0,43.2211,5.19131,37.9758,0.84672,12.849,0.84672,3695.15,0,0,0,0.756104,1.45737,5.38341,1.22853,6.36836,0.42336,0,0.42336,460.49,0,1.02816,0,0,1.78426,0.756104,1.028160,1,0,44.5994,0,0,0,44.5994,0
70.7684,2.31292,0,0,2.36998,0.0917507,0.36288,3.6288,61.308,0.196047,0,0,0.663085,0.26081,0.206229,0.66528,12.849,1,0.417597,0.36288,0,40.0594,5.19131,34.8134,0.84672,12.849,0.84672,3695.15,0,0,0,0.528889,1.45745,5.12568,1.22853,5.88349,0.42336,0,0.42336,460.49,0,1.02816,0,0,1.55705,0.528889,1.028160,1,0,40.9031,0,0,0,40.9031,0
70.2928,2.31108,0,0,2.26629,0.0679419,0.36288,3.6288,61.308,0.1961,0,0,0.626875,0.315655,0.11512,0.66528,12.849,1,0.41961,0.36288,0,36.116,5.89705,30.1622,0.84672,12.849,0.84672,3695.15,0,0,0,0.509198,1.45752,4.86994,1.48614,5.35052,0.42336,0,0.42336,460.49,0,1.02816,0,0,1.53736,0.509198,1.028160,1,0,35.6278,0,0,0,35.6278,0
69.7916,2.36868,0,0,2.30035,0.0699849,0.36288,3.6288,61.308,0.218682,0,0,0.722514,0.31588,0.187952,0.66528,12.849,1,0.432978,0.36288,0,37.9628,5.57225,32.3204,0.84672,12.849,0.84672,3695.15,0,0,0,0.474854,1.4576,4.18591,1.49099,4.62737,0.42336,0,0.42336,460.49,0,1.02816,0,0,1.50301,0.474854,1.028160,1,0,37.1358,0,0,0,37.1358,0
69.1347,2.36621,0,0,2.14189,0.0697147,0.36288,3.6288,61.308,0.218737,0,0,0.626841,0.31588,0.092224,0.66528,12.849,1,0.435632,0.36288,0,32.1441,5.57225,26.4991,0.84672,12.849,0.84672,3695.15,0,0,0,0.596549,1.48834,4.22448,1.49099,4.81838,0.42336,0,0.42336,460.49,0,1.02816,0,0,1.62471,0.596549,1.028160,1,0,31.4097,0,0,0,31.4097,0
68.3199,2.36287,0,0,1.98033,0.0693605,0.36288,3.6288,61.308,0.218792,0,0,0.581298,0.31588,0.0466267,0.66528,12.849,1,0.439151,0.36288,0,30.8234,5.57225,25.1749,0.84672,12.849,0.84672,3695.15,0,0,0,0.398831,1.48842,3.67316,1.49099,4.06942,0.42336,0,0.42336,460.49,0,1.02816,0,0,1.42699,0.398831,1.028160,1,0,29.2909,0,0,0,29.2909,0
67.5586,2.35862,0,0,2.02433,0.0641679,0.36288,3.6288,61.308,0.218847,0,0,0.645555,0.31847,0.108238,0.66528,12.849,1,0.443588,0.36288,0,29.316,5.64702,23.5883,0.84672,12.849,0.84672,3695.15,0,0,0,0.591391,1.48849,4.54339,1.50593,5.11734,0.42336,0,0.42336,460.49,0,1.02816,0,0,1.61955,0.591391,1.028160,1,0,28.8139,0,0,0,28.8139,0
66.3509,2.52879,0,0,1.74978,0.0657806,0.36288,3.6288,61.2672,0.300233,0,0,0.566945,0.307546,0,0.66528,12.849,1,0.480952,0.36288,0,24.4125,5.46034,18.8341,0.84672,12.849,0.84672,3695.15,0,0,0,0.416621,1.48857,4.29989,1.49614,4.70893,0.42336,0,0.42336,460.49,0,1.02816,0,0,1.44478,0.416621,1.028160,1,0,23.543,0,0,0,23.543,0
64.8006,2.52162,0,0,1.40595,0.0717036,0.36288,3.6288,61.073,0.339311,0,0,0.461699,0.31658,0,0.66528,12.849,1,0.488317,0.36288,0,18.811,5.25966,13.4259,0.84672,12.849,0.84672,3695.15,0,0,0,0.227405,1.59034,3.40264,1.46162,3.75877,0.42336,0,0.42336,460.49,0,0.989142,0,0,1.21655,0.227405,1.028160,1,0,17.1847,0,0,0,17.1847,0
63.7965,2.51203,0,0,1.94155,0.0708203,0.36288,3.6288,60.9677,0.300352,0,0,0.511317,0.316192,0,0.66528,12.849,1,0.498098,0.36288,0,20.1775,5.25966,14.7826,0.84672,12.849,0.84672,3695.15,0,0,0,0.352434,1.59042,3.79319,1.46162,4.27443,0.42336,0,0.42336,460.49,0,1.02816,0,0,1.38059,0.352434,1.028160,1,0,19.0571,0,0,0,19.0571,0
63.6582,2.50566,0,0,2.82677,0.09652,0.36288,3.6288,61.0393,0.300412,0,0,0.680632,0.308626,0,0.66528,12.849,1,0.504656,0.36288,0,33.6703,5.11974,28.4087,0.84672,12.849,0.84672,3695.15,0,0,0,0.52507,1.59051,4.21827,1.43926,4.89459,0.42336,0,0.42336,460.49,0,1.02816,0,0,1.55323,0.52507,1.028160,1,0,33.3033,0,0,0,33.3033,0
63.4214,2.50491,0,0,2.69748,0.0664909,0.36288,3.6288,61.1247,0.300472,0,0,0.709925,0.32411,0,0.66528,12.849,1,0.5056,0.36288,0,40.0944,5.5994,34.3522,0.84672,12.849,0.84672,3695.15,0,0,0,0.457687,1.59059,4.15517,1.47226,4.73118,0.42336,0,0.42336,460.49,0,1.02816,0,0,1.48585,0.457687,1.028160,1,0,39.0834,0,0,0,39.0834,0
63.5835,2.41944,0,0,2.99309,0.0486015,0.36288,3.6288,61.308,0.251152,0,0,0.858626,0.353394,0.0707626,0.66528,12.849,1,0.490173,0.36288,0,35.355,5.66383,29.5638,0.84672,12.849,0.84672,3695.15,0,0,0,0.483849,1.59067,5.93005,1.40965,6.59492,0.42336,0,0.42336,460.49,0,1.02816,0,0,1.51201,0.483849,1.028160,1,0,36.2295,0,0,0,36.2295,0
63.7845,2.42064,0,0,3.13054,0.146111,0.36288,3.6288,61.308,0.251209,0,0,1.09574,0.292884,0.551649,0.66528,12.849,1,0.489164,0.36288,0,32.8831,4.13879,28.6181,0.84672,12.849,0.84672,3695.15,0,0,0,0.791338,1.53366,7.1393,1.04203,8.42227,0.42336,0,0.42336,460.49,0,1.02816,0,0,1.8195,0.791338,1.028160,1,0,37.592,0,0,0,37.592,0
63.9827,2.42208,0,0,3.13819,0.155001,0.36288,3.6288,61.308,0.251266,0,0,1.22577,0.295902,0.678606,0.66528,12.849,1,0.487913,0.36288,0,37.5001,4.18761,33.1875,0.84672,12.849,0.84672,3695.15,0,0,0,0.823815,1.53374,7.81644,1.06999,9.104,0.42336,0,0.42336,460.49,0,1.02816,0,0,1.85198,0.823815,1.028160,1,0,42.9701,0,0,0,42.9701,0
64.4109,2.42349,0,0,3.3698,0.155251,0.36288,3.6288,61.308,0.251323,0,0,1.28905,0.295902,0.741828,0.66528,12.849,1,0.486686,0.36288,0,55.0886,4.18761,50.7772,0.84672,12.849,0.84672,3695.15,0,0,0,0.958928,1.53382,8.56164,1.06999,9.98439,0.42336,0,0.42336,460.49,0,1.02816,0,0,1.98709,0.958928,1.028160,1,0,61.5034,0,0,0,61.5034,0
63.6654,2.35716,0,0,2.20042,0.225792,0.36288,3.6288,61.308,0.206422,0,0,1.3202,0.244241,0.869537,0.66528,12.849,1,0.470217,0.36288,0,53.2736,3.84876,49.3175,0.84672,12.849,0.84672,3695.15,0,0,0,1.05594,1.5339,8.67352,0.93184,10.3315,0.42336,0,0.42336,460.49,0,1.02816,0,0,2.0841,1.05594,1.028160,1,0,60.5186,0,0,0,60.5186,0
62.1896,2.35273,0,0,1.47575,0.236031,0.36288,3.6288,61.308,0.480952,0,0,0.914282,0.235631,0.197699,0.66528,12.849,1,0.474829,0.36288,0,39.6623,3.79229,35.758,0.84672,12.849,0.84672,3695.15,0,0,0,0.216518,1.48369,6.78172,0.908815,7.57311,0.42336,0,0.42336,460.49,0,0.753684,0,0,0.970203,0.216518,1.028160,1,0,43.5288,0,0,0,43.5288,0
62.4732,2.34354,0,0,3.22323,0.233202,0.36288,3.6288,61.308,0.20653,0,0,1.58763,0.235631,1.14546,0.66528,12.849,1,0.484199,0.36288,0,55.969,3.79229,52.0554,0.84672,12.849,0.84672,3695.15,0,0,0,0.874878,1.48376,9.70237,0.908815,11.1522,0.42336,0,0.42336,460.49,0,1.02816,0,0,1.90304,0.874878,1.028160,1,0,64.353,0,0,0,64.353,0
66.391,2.34551,0,0,6.85995,0.233746,0.36288,3.6288,61.308,0.206585,0,0,3.29066,0.235631,2.84845,0.66528,12.849,1,0.482407,0.36288,0,122.312,3.79229,118.4,0.84672,12.849,0.84672,3695.15,0,0,0,3.5202,1.48384,15.7498,0.908815,19.845,0.42336,0,0.42336,460.49,0,1.02816,0,0,4.54836,3.5202,1.028160,1,0,141.094,0,0,0,141.094,0
69.0036,2.17198,0,0,5.39411,0.246635,0.36288,3.6288,61.308,0.112983,0,0,2.61632,0.257465,2.24587,0.66528,12.849,1,0.420356,0.36288,0,96.6764,4.0888,92.5301,0.84672,12.849,0.84672,3695.15,0,0,0,1.70404,1.48392,10.4038,0.960112,12.6316,0.42336,0,0.42336,460.49,0,1.02816,0,0,2.7322,1.70404,1.028160,1,0,107.408,0,0,0,107.408,0
70.895,2.18554,0,0,4.6957,0.255874,0.36288,3.6288,61.308,0.113031,0,0,2.81759,0.273841,2.43072,0.66528,12.849,1,0.406965,0.36288,0,114.249,4.31119,109.894,0.84672,12.849,0.84672,3695.15,0,0,0,2.42878,1.36745,12.7158,0.998585,15.5135,0.42336,0,0.42336,460.49,0,1.02816,0,0,3.45694,2.42878,1.028160,1,0,127.838,0,0,0,127.838,0
72.29,2.19488,0,0,4.71648,0.25964,0.866955,3.6288,61.308,0.11308,0,0,3.30302,0.273841,2.9161,0.66528,12.849,1,0.397799,0.866955,0,97.6553,4.31119,93.8133,0.84672,12.849,0.84672,3695.15,0,0,0,5.52459,1.36752,20.9199,0.998585,26.8134,0.42336,0,0.42336,460.49,0,1.02816,0,0,6.55275,5.52459,1.028160,1,0,123.543,0,0,0,123.543,0
72.29,2.20154,0,0,4.95305,0.262418,2.4891,3.6288,61.308,0.113129,0,0,2.87789,0.273841,2.49092,0.66528,12.849,1,0.391307,2.4891,0,99.4887,4.31119,97.2753,0.84672,12.849,0.84672,3695.15,0,0,0,4.18891,1.36759,16.2949,0.998585,20.8528,0.42336,0,0.42336,460.49,0,1.02816,0,0,5.21707,4.18891,1.028160,1,0,120.619,0,0,0,120.619,0
72.29,2.20168,0,0,4.46621,0.26968,1.99485,3.6288,61.308,0.113178,0,0,3.00688,0.275791,2.61791,0.66528,12.849,1,0.391332,1.99485,0,99.9734,4.34631,97.2306,0.84672,12.849,0.84672,3695.15,0,0,0,2.72771,1.36766,11.9628,1.11501,14.9431,0.42336,0,0.42336,460.49,0,1.02816,0,0,3.75587,2.72771,1.028160,1,0,114.792,0,0,0,114.792,0
72.29,2.27884,0,0,4.69722,0.239318,2.17906,3.6288,61.308,0.140354,0,0,2.43357,0.297492,1.99572,0.66528,12.849,1,0.405047,2.17906,0,101.174,4.42416,98.5243,0.84672,12.849,0.84672,3695.15,0,0,0,3.78397,1.36773,12.1151,1.20931,16.0575,0.42336,0,0.42336,460.49,0,1.02816,0,0,4.81213,3.78397,1.028160,1,0,116.577,0,0,0,116.577,0
72.29,2.27898,0,0,4.49053,0.255748,1.9558,3.6288,61.308,0.140399,0,0,2.66293,0.29527,2.22726,0.66528,12.849,1,0.405071,1.9558,0,81.1253,4.45368,78.2223,0.84672,12.849,0.84672,3695.15,0,0,0,3.46391,1.40575,9.86757,1.34359,13.3936,0.42336,0,0.42336,460.49,0,1.02816,0,0,4.49207,3.46391,1.028160,1,0,93.8432,0,0,0,93.8432,0
72.29,2.27911,0,0,4.60155,0.255748,2.06669,3.6288,61.308,0.140445,0,0,2.16658,0.29527,1.73087,0.66528,12.849,1,0.405095,2.06669,0,100.815,4.45368,98.0229,0.84672,12.849,0.84672,3695.15,0,0,0,2.69573,1.40582,10.3749,1.34359,13.1329,0.42336,0,0.42336,460.49,0,1.02816,0,0,3.72389,2.69573,1.028160,1,0,112.887,0,0,0,112.887,0
72.29,2.27924,0,0,4.51175,0.255748,1.97675,3.6288,61.308,0.140491,0,0,2.15982,0.29527,1.72406,0.66528,12.849,1,0.405118,1.97675,0,97.492,4.45368,94.61,0.84672,12.849,0.84672,3695.15,0,0,0,2.6805,1.40588,9.82765,1.34359,12.5704,0.42336,0,0.42336,460.49,0,1.02816,0,0,3.70866,2.6805,1.028160,1,0,108.904,0,0,0,108.904,0
72.29,2.52675,0,0,5.91259,0.290169,3.09567,3.6288,61.308,0.242395,0,0,2.91707,0.23723,2.43745,0.66528,12.849,1,0.44911,3.09567,0,133.337,4.01478,131.969,0.84672,12.849,0.84672,3695.15,0,0,0,3.68745,1.40595,10.8835,1.08637,14.8905,0.42336,0,0.42336,460.49,0,1.02816,0,0,4.71561,3.68745,1.028160,1,0,149.297,0,0,0,149.297,0
72.29,2.5269,0,0,7.32838,0.303938,4.49755,3.6288,61.308,0.242446,0,0,3.75679,0.214015,3.30033,0.66528,12.849,1,0.449136,4.49755,0,179.436,3.83922,179.645,0.84672,12.849,0.84672,3695.15,0,0,0,5.32922,1.53931,14.7404,0.983478,20.6254,0.42336,0,0.42336,460.49,0,1.02816,0,0,6.35738,5.32922,1.028160,1,0,203.57,0,0,0,203.57,0
72.29,2.52704,0,0,10.2041,0.290951,7.38611,3.6288,61.308,0.242497,0,0,6.39023,0.241678,5.90605,0.66528,12.849,1,0.449163,7.38611,0,207.3,4.49442,209.742,0.84672,12.849,0.84672,3695.15,0,0,0,8.89652,1.53938,26.4387,1.18846,35.6861,0.42336,0,0.42336,460.49,0,1.02816,0,0,9.92468,8.89652,1.028160,1,0,251.334,0,0,0,251.334,0
72.29,2.52719,0,0,8.07296,0.292792,5.25298,3.6288,61.308,0.242549,0,0,4.69428,0.207969,4.24376,0.66528,12.849,1,0.449189,5.25298,0,208.793,4.11237,209.485,0.84672,12.849,0.84672,3695.15,0,0,0,7.18969,1.53945,20.773,0.987911,28.5142,0.42336,0,0.42336,460.49,0,1.02816,0,0,8.21785,7.18969,1.028160,1,0,242.243,0,0,0,242.243,0
72.29,2.17443,0,0,5.18616,0.29736,2.71437,3.6288,61.308,0.105876,0,0,2.85593,0.182338,2.56771,0.66528,12.849,1,0.386489,2.71437,0,118.525,4.20099,116.652,0.84672,12.849,0.84672,3695.15,0,0,0,5.2717,1.53952,11.9026,0.922054,17.7917,0.42336,0,0.42336,460.49,0,1.02816,0,0,6.29986,5.2717,1.028160,1,0,137.012,0,0,0,137.012,0
72.29,2.17456,0,0,3.84717,0.298718,1.37389,3.6288,61.308,0.10592,0,0,2.90288,0.175071,2.62188,0.66528,12.849,1,0.386512,1.37389,0,93.4148,4.27938,90.1228,0.84672,12.849,0.84672,3695.15,0,0,0,4.89554,1.35607,9.55619,0.914548,14.8932,0.42336,0,0.42336,460.49,0,1.02816,0,0,5.9237,4.89554,1.028160,1,0,107.638,0,0,0,107.638,0
72.29,2.17469,0,0,6.44922,0.298035,3.9765,3.6288,61.308,0.105964,0,0,4.20204,0.169344,3.92673,0.66528,12.849,1,0.386535,3.9765,0,189.982,4.18972,189.383,0.84672,12.849,0.84672,3695.15,0,0,0,9.50158,1.35614,15.8249,0.899193,25.7835,0.42336,0,0.42336,460.49,0,1.02816,0,0,10.5297,9.50158,1.028160,1,0,219.093,0,0,0,219.093,0
72.29,2.17482,0,0,6.53636,0.293938,4.0676,3.6288,61.308,0.106008,0,0,4.0326,0.134982,3.79161,0.66528,12.849,1,0.386558,4.0676,0,190.28,3.6518,190.31,0.84672,12.849,0.84672,3695.15,0,0,0,8.59447,1.3562,16.7848,0.807063,25.9284,0.42336,0,0.42336,460.49,0,1.02816,0,0,9.62263,8.59447,1.028160,1,0,220.03,0,0,0,220.03,0
72.29,2.17495,0,0,5.82987,0.288404,3.36652,3.6288,61.308,0.106052,0,0,3.65967,0.137788,3.41583,0.66528,12.849,1,0.386581,3.36652,0,219.872,3.78337,219.068,0.84672,12.849,0.84672,3695.15,0,0,0,7.82456,1.35626,14.8469,0.803662,23.224,0.42336,0,0.42336,460.49,0,1.02816,0,0,8.85272,7.82456,1.028160,1,0,245.708,0,0,0,245.708,0
72.29,2.26393,0,0,4.97392,0.27457,2.43542,3.6288,61.308,0.139553,0,0,3.56937,0.144804,3.28502,0.66528,12.849,1,0.402397,2.43542,0,170.884,4.11232,168.804,0.84672,12.849,0.84672,3695.15,0,0,0,5.28984,1.35632,10.3574,0.795162,16.2084,0.42336,0,0.42336,460.49,0,1.02816,0,0,6.318,5.28984,1.028160,1,0,188.298,0,0,0,188.298,0
72.29,2.26407,0,0,4.46145,0.27457,1.92281,3.6288,61.308,0.139598,0,0,3.39599,0.144804,3.11158,0.66528,12.849,1,0.40242,1.92281,0,110.551,4.11232,107.959,0.84672,12.849,0.84672,3695.15,0,0,0,5.1477,1.40184,9.65071,0.795162,15.4051,0.42336,0,0.42336,460.49,0,1.02816,0,0,6.17586,5.1477,1.028160,1,0,126.476,0,0,0,126.476,0
72.29,2.2642,0,0,4.45499,0.280907,1.90989,3.6288,61.308,0.139644,0,0,3.76913,0.17706,3.45243,0.66528,12.849,1,0.402444,1.90989,0,107.724,4.7947,104.436,0.84672,12.849,0.84672,3695.15,0,0,0,5.66767,1.40191,11.5924,0.85371,17.8082,0.42336,0,0.42336,460.49,0,1.02816,0,0,6.69583,5.66767,1.028160,1,0,125.697,0,0,0,125.697,0
72.29,2.26433,0,0,4.0101,0.241673,1.5041,3.6288,61.308,0.13969,0,0,3.28819,0.187668,2.96084,0.66528,12.849,1,0.402468,1.5041,0,99.5656,4.58385,96.0834,0.84672,12.849,0.84672,3695.15,0,0,0,4.78106,1.40197,8.80027,0.814464,14.1688,0.42336,0,0.42336,460.49,0,1.02816,0,0,5.80922,4.78106,1.028160,1,0,113.213,0,0,0,113.213,0
72.29,2.22972,0,0,3.61447,0.208322,1.17644,3.6288,61.308,0.126739,0,0,1.57575,0.21357,1.23545,0.66528,12.849,1,0.396315,1.17644,0,80.5991,4.41304,76.9662,0.84672,12.849,0.84672,3695.15,0,0,0,3.45959,1.40204,5.79474,0.950195,9.70617,0.42336,0,0.42336,460.49,0,1.02816,0,0,4.48775,3.45959,1.028160,1,0,87.9078,0,0,0,87.9078,0
72.29,2.22985,0,0,2.84654,0.208322,0.408373,3.6288,61.308,0.126784,0,0,1.19357,0.21357,0.853219,0.66528,12.849,1,0.396339,0.408373,0,66.8667,4.41304,62.4657,0.84672,12.849,0.84672,3695.15,0,0,0,2.46996,1.38439,4.56674,0.950195,7.4709,0.42336,0,0.42336,460.49,0,1.02816,0,0,3.49812,2.46996,1.028160,1,0,70.7898,0,0,0,70.7898,0
71.9894,2.22998,0,0,2.50061,0.208322,0.36288,3.6288,61.308,0.126829,0,0,1.15006,0.21357,0.809663,0.66528,12.849,1,0.396362,0.36288,0,62.1416,4.41304,57.695,0.84672,12.849,0.84672,3695.15,0,0,0,2.21048,1.38446,4.48159,0.950195,7.12634,0.42336,0,0.42336,460.49,0,1.02816,0,0,3.23864,2.21048,1.028160,1,0,65.631,0,0,0,65.631,0
72.0257,2.22871,0,0,2.83572,0.207847,0.36288,3.6288,61.308,0.126874,0,0,1.20051,0.21357,0.860067,0.66528,12.849,1,0.39779,0.36288,0,69.6816,4.41304,65.2336,0.84672,12.849,0.84672,3695.15,0,0,0,1.97593,1.38452,5.18437,0.950195,7.59463,0.42336,0,0.42336,460.49,0,1.02816,0,0,3.00409,1.97593,1.028160,1,0,73.6883,0,0,0,73.6883,0
71.5547,2.34692,0,0,2.38164,0.142908,0.36288,3.6288,61.308,0.17302,0,0,1.03767,0.258689,0.605964,0.66528,12.849,1,0.418678,0.36288,0,53.8656,5.02132,48.7885,0.84672,12.849,0.84672,3695.15,0,0,0,1.32942,1.38458,3.94273,1.088,5.56873,0.42336,0,0.42336,460.49,0,1.02816,0,0,2.35758,1.32942,1.028160,1,0,54.9632,0,0,0,54.9632,0
70.8805,2.34472,0,0,2.17294,0.13949,0.36288,3.6288,61.308,0.173067,0,0,0.91374,0.271324,0.46935,0.66528,12.849,1,0.421039,0.36288,0,46.8668,5.2017,41.607,0.84672,12.849,0.84672,3695.15,0,0,0,1.06433,1.4463,3.37275,1.13147,4.75191,0.42336,0,0.42336,460.49,0,1.02816,0,0,2.09249,1.06433,1.028160,1,0,46.8282,0,0,0,46.8282,0
69.9407,2.34147,0,0,1.89618,0.131652,0.36288,3.6288,61.308,0.173115,0,0,0.849286,0.276045,0.400126,0.66528,12.849,1,0.424454,0.36288,0,41.8891,5.25525,36.5723,0.84672,12.849,0.84672,3695.15,0,0,0,0.926156,1.44637,3.26214,1.14516,4.48952,0.42336,0,0.42336,460.49,0,1.02816,0,0,1.95432,0.926156,1.028160,1,0,41.462,0,0,0,41.462,0
68.9385,2.33679,0,0,1.78574,0.0882838,0.36288,3.6288,61.308,0.173162,0,0,0.813923,0.304375,0.336385,0.66528,12.849,1,0.429298,0.36288,0,37.5627,5.57655,31.9198,0.84672,12.849,0.84672,3695.15,0,0,0,0.837553,1.44644,3.0852,1.22725,4.14194,0.42336,0,0.42336,460.49,0,1.02816,0,0,1.86571,0.837553,1.028160,1,0,36.3981,0,0,0,36.3981,0
67.8047,2.33166,0,0,1.65401,0.0932794,0.36288,3.6288,61.308,0.17321,0,0,0.81254,0.289063,0.350267,0.66528,12.849,1,0.434584,0.36288,0,37.9737,5.17809,32.7239,0.84672,12.849,0.84672,3695.15,0,0,0,0.721207,1.44651,3.28865,1.17759,4.27877,0.42336,0,0.42336,460.49,0,1.02816,0,0,1.74937,0.721207,1.028160,1,0,37.3529,0,0,0,37.3529,0
66.5863,2.30258,0,0,1.55365,0.106528,0.36288,3.6288,61.308,0.198601,0,0,0.822096,0.250783,0.372711,0.66528,12.849,1,0.43634,0.36288,0,36.6473,4.18194,32.3919,0.84672,12.849,0.84672,3695.15,0,0,0,0.687943,1.44657,3.18998,1.05344,4.27106,0.42336,0,0.42336,460.49,0,1.02816,0,0,1.7161,0.687943,1.028160,1,0,37.0357,0,0,0,37.0357,0
65.3139,2.29603,0,0,1.47825,0.0917767,0.36288,3.6288,61.308,0.19865,0,0,0.802535,0.2741,0.329784,0.66528,12.849,1,0.443058,0.36288,0,34.5423,4.50769,29.9544,0.84672,12.849,0.84672,3695.15,0,0,0,0.664546,1.46107,3.10097,1.16369,4.06289,0.42336,0,0.42336,460.49,0,1.02816,0,0,1.69271,0.664546,1.028160,1,0,34.3471,0,0,0,34.3471,0
63.8681,2.28895,0,0,1.27914,0.0731156,0.36288,3.6288,61.308,0.198699,0,0,0.755127,0.29983,0.256598,0.66528,12.849,1,0.450297,0.36288,0,32.2256,5.21324,26.925,0.84672,12.849,0.84672,3695.15,0,0,0,0.547543,1.46114,3.09707,1.41128,3.69447,0.42336,0,0.42336,460.49,0,1.02816,0,0,1.5757,0.547543,1.028160,1,0,30.8761,0,0,0,30.8761,0
62.4063,2.28059,0,0,1.2542,0.0725577,0.36288,3.6288,61.308,0.198748,0,0,0.746358,0.295811,0.251798,0.66528,12.849,1,0.458811,0.36288,0,29.7835,5.41664,24.271,0.84672,12.849,0.84672,3695.15,0,0,0,0.643265,1.46121,3.0533,1.48672,3.67105,0.42336,0,0.42336,460.49,0,1.02816,0,0,1.67143,0.643265,1.028160,1,0,28.1938,0,0,0,28.1938,0
60.9423,2.33069,0,0,1.29611,0.0665395,0.36288,3.6288,61.308,0.221389,0,0,0.765132,0.278035,0.265708,0.66528,12.849,1,0.479872,0.36288,0,30.3971,5.23196,25.0481,0.84672,12.849,0.84672,3695.15,0,0,0,0.534332,1.46127,2.90542,1.44937,3.45166,0.42336,0,0.42336,460.49,0,1.02816,0,0,1.56249,0.534332,1.028160,1,0,28.7655,0,0,0,28.7655,0
59.3712,2.3213,0,0,1.17799,0.064891,0.36288,3.6288,61.308,0.221439,0,0,0.726805,0.275073,0.230294,0.66528,12.849,1,0.489421,0.36288,0,29.0524,5.20117,23.7247,0.84672,12.849,0.84672,3695.15,0,0,0,0.464486,1.4921,2.92092,1.44314,3.43437,0.42336,0,0.42336,460.49,0,1.02816,0,0,1.49265,0.464486,1.028160,1,0,27.3894,0,0,0,27.3894,0
57.7055,2.31079,0,0,1.07202,0.0639725,0.36288,3.6288,61.308,0.221489,0,0,0.697239,0.275073,0.200677,0.66528,12.849,1,0.500097,0.36288,0,27.2876,5.20117,21.9492,0.84672,12.849,0.84672,3695.15,0,0,0,0.323473,1.49217,2.71548,1.44314,3.08798,0.42336,0,0.42336,460.49,0,1.02816,0,0,1.35163,0.323473,1.028160,1,0,25.2379,0,0,0,25.2379,0
55.922,2.29912,0,0,0.927634,0.0491595,0.36288,3.6288,61.308,0.221539,0,0,0.694328,0.282139,0.190649,0.66528,12.849,1,0.511933,0.36288,0,26.0353,5.44299,20.4433,0.84672,12.849,0.84672,3695.15,0,0,0,0.308664,1.49224,2.75174,1.47319,3.07945,0.42336,0,0.42336,460.49,0,1.02816,0,0,1.33682,0.308664,1.028160,1,0,23.7134,0,0,0,23.7134,0
53.7698,2.45507,0,0,0.715911,0.0502216,0.36288,3.6288,61.308,0.303152,0,0,0.650344,0.278253,0.0689391,0.66528,12.849,1,0.564093,0.36288,0,21.864,5.27739,16.3854,0.84672,12.849,0.84672,3695.15,0,0,0,0.331422,1.49231,2.55101,1.39297,2.98177,0.42336,0,0.42336,460.49,0,1.02816,0,0,1.35958,0.331422,1.028160,1,0,19.4361,0,0,0,19.4361,0
51.4787,2.43699,0,0,0.549563,0.0407255,0.36288,3.6288,61.2944,0.303207,0,0,0.578718,0.289063,0,0.66528,12.849,1,0.582351,0.36288,0,16.7962,5.21577,11.361,0.84672,12.849,0.84672,3695.15,0,0,0,0.318747,1.59436,2.39484,1.46396,2.844,0.42336,0,0.42336,460.49,0,1.02816,0,0,1.34691,0.318747,1.028160,1,0,14.205,0,0,0,14.205,0
49.3175,2.41639,0,0,0.65777,0.0397766,0.36288,3.6288,61.308,0.303261,0,0,0.621695,0.289038,0.015844,0.66528,12.849,1,0.603126,0.36288,0,17.383,5.21577,11.927,0.84672,12.849,0.84672,3695.15,0,0,0,0.434627,1.59444,2.62685,1.46396,3.19195,0.42336,0,0.42336,460.49,0,1.02816,0,0,1.46279,0.434627,1.028160,1,0,15.1348,0,0,0,15.1348,0
47.6241,2.39556,0,0,1.12472,0.0595937,0.36288,3.6288,61.308,0.303315,0,0,0.798517,0.283699,0.211503,0.66528,12.849,1,0.624131,0.36288,0,28.8884,5.06735,23.5598,0.84672,12.849,0.84672,3695.15,0,0,0,0.675709,1.59451,2.90771,1.44575,3.73218,0.42336,0,0.42336,460.49,0,1.02816,0,0,1.70387,0.675709,1.028160,1,0,27.5035,0,0,0,27.5035,0
46.2013,2.37822,0,0,1.36699,0.0486906,0.36288,3.6288,61.308,0.30337,0,0,0.887993,0.270218,0.314405,0.66528,12.849,1,0.641645,0.36288,0,32.1879,5.25325,26.6559,0.84672,12.849,0.84672,3695.15,0,0,0,0.808462,1.59459,3.29659,1.43088,4.26876,0.42336,0,0.42336,460.49,0,1.02816,0,0,1.83662,0.808462,1.028160,1,0,31.239,0,0,0,31.239,0
44.3631,2.28359,0,0,0.831482,0.0232204,0.36288,3.6288,61.2344,0.253906,0,0,0.42174,0.241443,0,0.66528,12.849,1,0.635085,0.36288,0,26.5939,5.12096,21.2008,0.84672,12.849,0.84672,3695.15,0,0,0,0.304534,1.59466,2.43921,1.40701,2.9314,0.42336,0,0.42336,460.49,0,1.02816,0,0,1.33269,0.304534,1.028160,1,0,24.1322,0,0,0,24.1322,0
42.208,2.26331,0,0,0.493823,0.0227453,0.36288,3.6288,60.5643,0.716932,0,0,0.288169,0.24133,0,0.66528,12.849,1,0.655529,0.36288,0,18.4882,5.12096,13.0746,0.84672,12.849,0.84672,3695.15,0,0,0,0.216518,1.53748,1.58557,1.40701,1.93256,0.42336,0,0.42336,460.49,0,0.565186,0,0,0.781704,0.216518,1.028160,1,0,15.0072,0,0,0,15.0072,0
40.2345,2.23778,0,0,0.681921,0.054761,0.36288,3.6288,60.1225,0.596663,0,0,0.395382,0.240546,0,0.66528,12.849,1,0.681228,0.36288,0,19.4588,4.84624,14.2942,0.84672,12.849,0.84672,3695.15,0,0,0,0.216518,1.53755,2.12823,1.35571,2.52659,0.42336,0,0.42336,460.49,0,0.685506,0,0,0.902025,0.216518,1.028160,1,0,16.8208,0,0,0,16.8208,0
39.3499,2.21259,0,0,1.79947,0.108633,0.36288,3.6288,60.2886,0.254061,0,0,0.679533,0.25936,0,0.66528,12.849,1,0.706595,0.36288,0,33.4089,4.46124,28.6039,0.84672,12.849,0.84672,3695.15,0,0,0,1.06531,1.53763,4.34986,1.23806,5.71474,0.42336,0,0.42336,460.49,0,1.02816,0,0,2.09347,1.06531,1.028160,1,0,34.3187,0,0,0,34.3187,0
38.0348,2.138,0,0,1.23492,0.0490944,0.36288,3.6288,60.4145,0.223328,0,0,0.566936,0.217648,0,0.66528,12.849,1,0.698126,0.36288,0,26.9821,4.19701,22.4499,0.84672,12.849,0.84672,3695.15,0,0,0,0.216518,1.5377,3.57801,0.998927,4.3333,0.42336,0,0.42336,460.49,0,1.01386,0,0,1.23038,0.216518,1.028160,1,0,26.7832,0,0,0,26.7832,0
37.2309,2.12008,0,0,1.80065,0.121651,0.36288,3.6288,60.4418,0.301587,0,0,0.515677,0.186795,0,0.66528,12.849,1,0.71621,0.36288,0,36.1949,4.22761,31.614,0.84672,12.849,0.84672,3695.15,0,0,0,0.216518,1.48734,3.93879,1.07689,4.56577,0.42336,0,0.42336,460.49,0,0.935652,0,0,1.15217,0.216518,1.028160,1,0,36.1798,0,0,0,36.1798,0
36.1275,2.10871,0,0,1.48874,0.120507,0.36288,3.6288,60.4201,0.279294,0,0,0.444334,0.186827,0,0.66528,12.849,1,0.727751,0.36288,0,29.0276,4.22761,24.4351,0.84672,12.849,0.84672,3695.15,0,0,0,0.292723,1.48741,3.82061,1.07689,4.52385,0.42336,0,0.42336,460.49,0,0.957995,0,0,1.25072,0.292723,1.028160,1,0,28.959,0,0,0,28.959,0
37.3387,2.09244,0,0,3.78544,0.118936,0.36288,3.6288,61.308,0.209178,0,0,1.42255,0.186801,0.138621,0.66528,12.849,1,0.744189,0.36288,0,80.9844,4.22761,76.3754,0.84672,12.849,0.84672,3695.15,0,0,0,2.77759,1.48748,8.92875,1.07689,12.1169,0.42336,0,0.42336,460.49,0,1.02816,0,0,3.80575,2.77759,1.028160,1,0,88.631,0,0,0,88.631,0
39.6732,1.93463,0,0,4.77928,0.147247,0.36288,3.6288,61.308,0.115311,0,0,2.37641,0.202088,2.05902,0.66528,12.849,1,0.665745,0.36288,0,97.8549,4.39385,93.1582,0.84672,12.849,0.84672,3695.15,0,0,0,2.26945,1.48755,9.89194,1.09016,12.5588,0.42336,0,0.42336,460.49,0,1.02816,0,0,3.29761,2.26945,1.028160,1,0,107.776,0,0,0,107.776,0
41.6274,1.96434,0,0,4.46917,0.187727,0.36288,3.6288,61.308,0.115355,0,0,3.10435,0.221063,2.76793,0.66528,12.849,1,0.636191,0.36288,0,83.9972,4.61548,79.1084,0.84672,12.849,0.84672,3695.15,0,0,0,2.92202,1.37076,12.1996,1.10786,15.3845,0.42336,0,0.42336,460.49,0,1.02816,0,0,3.95018,2.92202,1.028160,1,0,97.2609,0,0,0,97.2609,0
45.3493,1.98728,0,0,6.26412,0.192117,0.36288,3.6288,61.308,0.1154,0,0,3.81129,0.221063,3.47483,0.66528,12.849,1,0.613405,0.36288,0,194.92,4.61548,190.054,0.84672,12.849,0.84672,3695.15,0,0,0,4.12287,1.37082,12.9584,1.10786,17.3443,0.42336,0,0.42336,460.49,0,1.02816,0,0,5.15103,4.12287,1.028160,1,0,210.873,0,0,0,210.873,0
49.4901,2.02662,0,0,6.73078,0.200503,0.36288,3.6288,61.308,0.115444,0,0,4.73949,0.221063,4.40298,0.66528,12.849,1,0.574211,0.36288,0,126.881,4.61548,122.054,0.84672,12.849,0.84672,3695.15,0,0,0,3.65186,1.37088,13.7208,1.10786,17.6357,0.42336,0,0.42336,460.49,0,1.02816,0,0,4.68002,3.65186,1.028160,1,0,144.093,0,0,0,144.093,0
53.0653,2.06489,0,0,6.22439,0.221402,0.36288,3.6288,61.308,0.115489,0,0,4.09268,0.216296,3.7609,0.66528,12.849,1,0.536102,0.36288,0,146.718,4.42817,142.116,0.84672,12.849,0.84672,3695.15,0,0,0,3.39822,1.37095,13.5138,1.06981,17.2132,0.42336,0,0.42336,460.49,0,1.02816,0,0,4.42638,3.39822,1.028160,1,0,163.09,0,0,0,163.09,0
56.2953,2.16731,0,0,5.99315,0.232972,0.36288,3.6288,61.308,0.142735,0,0,1.20145,0.220394,0.838324,0.66528,12.849,1,0.524784,0.36288,0,84.8465,3.72634,80.9583,0.84672,12.849,0.84672,3695.15,0,0,0,1.69163,1.37101,7.91666,1.0654,9.9139,0.42336,0,0.42336,460.49,0,1.02816,0,0,2.71979,1.69163,1.028160,1,0,91.7105,0,0,0,91.7105,0
58.1576,2.19195,0,0,4.65782,0.240679,0.36288,3.6288,61.308,0.142776,0,0,1.34852,0.220394,0.985353,0.66528,12.849,1,0.500296,0.36288,0,72.1545,3.72634,68.2907,0.84672,12.849,0.84672,3695.15,0,0,0,1.34414,1.40913,10.1538,1.0654,11.8417,0.42336,0,0.42336,460.49,0,1.02816,0,0,2.3723,1.34414,1.028160,1,0,81.1177,0,0,0,81.1177,0
62.4843,2.20518,0,0,7.15043,0.255614,0.36288,3.6288,61.308,0.142817,0,0,1.88228,0.17543,1.56404,0.66528,12.849,1,0.4872,0.36288,0,131.493,3.42964,127.939,0.84672,12.849,0.84672,3695.15,0,0,0,2.16921,1.40919,7.83786,0.994579,10.4217,0.42336,0,0.42336,460.49,0,1.02816,0,0,3.19737,2.16921,1.028160,1,0,139.925,0,0,0,139.925,0
65.3054,2.23328,0,0,5.6873,0.270068,0.36288,3.6288,61.308,0.142859,0,0,1.27389,0.157445,0.973587,0.66528,12.849,1,0.459242,0.36288,0,109.894,3.31097,106.487,0.84672,12.849,0.84672,3695.15,0,0,0,1.25293,1.40925,7.46531,0.966253,9.16123,0.42336,0,0.42336,460.49,0,1.02816,0,0,2.28109,1.25293,1.028160,1,0,116.621,0,0,0,116.621,0
67.1311,2.49408,0,0,4.94885,0.266218,0.36288,3.6288,61.308,0.245036,0,0,1.04591,0.179358,0.621512,0.66528,12.849,1,0.490717,0.36288,0,85.2003,3.60664,81.4659,0.84672,12.849,0.84672,3695.15,0,0,0,1.58773,1.40931,6.15107,1.04042,8.10769,0.42336,0,0.42336,460.49,0,1.02816,0,0,2.61589,1.58773,1.028160,1,0,90.195,0,0,0,90.195,0
66.9755,2.50542,0,0,2.97513,0.26243,0.36288,3.6288,61.308,0.245082,0,0,0.925966,0.195793,0.485091,0.66528,12.849,1,0.479541,0.36288,0,47.4206,3.82841,43.4755,0.84672,12.849,0.84672,3695.15,0,0,0,0.790741,1.54302,3.76952,1.09604,5.00724,0.42336,0,0.42336,460.49,0,1.02816,0,0,1.8189,0.790741,1.028160,1,0,48.9678,0,0,0,48.9678,0
67.4465,2.50461,0,0,3.60063,0.262107,0.36288,3.6288,61.308,0.245128,0,0,0.849303,0.195793,0.408382,0.66528,12.849,1,0.480501,0.36288,0,50.3957,3.82841,46.4496,0.84672,12.849,0.84672,3695.15,0,0,0,0.547525,1.54309,5.45972,1.09604,6.45429,0.42336,0,0.42336,460.49,0,1.02816,0,0,1.57569,0.547525,1.028160,1,0,53.3123,0,0,0,53.3123,0
68.8271,2.50756,0,0,4.51409,0.263018,0.36288,3.6288,61.308,0.245174,0,0,1.31018,0.187957,0.877047,0.66528,12.849,1,0.477707,0.36288,0,130.887,3.76257,127.01,0.84672,12.849,0.84672,3695.15,0,0,0,1.14274,1.54315,8.20435,1.06427,9.82598,0.42336,0,0.42336,460.49,0,1.02816,0,0,2.1709,1.14274,1.028160,1,0,137.713,0,0,0,137.713,0
72.0882,2.16458,0,0,6.08367,0.295161,0.36288,3.6288,61.308,0.108127,0,0,1.39473,0.170931,1.11567,0.66528,12.849,1,0.404095,0.36288,0,152.401,3.9117,148.448,0.84672,12.849,0.84672,3695.15,0,0,0,2.0898,1.54322,8.59304,0.956378,11.2697,0.42336,0,0.42336,460.49,0,1.02816,0,0,3.11796,2.0898,1.028160,1,0,160.833,0,0,0,160.833,0
72.29,2.18021,0,0,6.82163,0.325486,4.11413,3.6288,61.308,0.108167,0,0,1.41831,0.193426,1.11672,0.66528,12.849,1,0.388601,4.11413,0,175.956,4.31981,175.362,0.84672,12.849,0.84672,3695.15,0,0,0,2.1134,1.35926,10.6727,1.01842,13.127,0.42336,0,0.42336,460.49,0,1.02816,0,0,3.14156,2.1134,1.028160,1,0,189.606,0,0,0,189.606,0
72.29,2.18125,0,0,7.07702,0.325985,4.56979,3.6288,61.308,0.108206,0,0,1.30934,0.193426,1.00771,0.66528,12.849,1,0.3877,4.56979,0,185.001,4.31981,184.864,0.84672,12.849,0.84672,3695.15,0,0,0,2.24438,1.35932,12.0529,1.01842,14.6382,0.42336,0,0.42336,460.49,0,1.02816,0,0,3.27254,2.24438,1.028160,1,0,200.51,0,0,0,200.51,0
72.29,2.18136,0,0,6.50678,0.258016,4.06741,3.6288,61.308,0.108246,0,0,1.1434,0.157328,0.877826,0.66528,12.849,1,0.387721,4.06741,0,184.877,3.79663,184.76,0.84672,12.849,0.84672,3695.15,0,0,0,2.08045,1.35938,11.3229,0.943267,13.8195,0.42336,0,0.42336,460.49,0,1.02816,0,0,3.10861,2.08045,1.028160,1,0,199.457,0,0,0,199.457,0
72.29,2.18148,0,0,6.77902,0.318879,4.27866,3.6288,61.308,0.108286,0,0,1.75012,0.158683,1.48315,0.66528,12.849,1,0.387741,4.27866,0,156.54,4.39678,156.034,0.84672,12.849,0.84672,3695.15,0,0,0,2.44568,1.35943,12.2996,1.03231,15.0724,0.42336,0,0.42336,460.49,0,1.02816,0,0,3.47384,2.44568,1.028160,1,0,172.589,0,0,0,172.589,0
72.29,2.27069,0,0,8.56691,0.298731,5.99749,3.6288,61.308,0.141872,0,0,2.09993,0.17089,1.78717,0.66528,12.849,1,0.403597,5.99749,0,231.597,4.58551,232.605,0.84672,12.849,0.84672,3695.15,0,0,0,3.21557,1.35949,14.8092,1.06936,18.3149,0.42336,0,0.42336,460.49,0,1.02816,0,0,4.24373,3.21557,1.028160,1,0,252.707,0,0,0,252.707,0
72.29,2.27081,0,0,5.91758,0.299122,3.34765,3.6288,61.308,0.141913,0,0,1.30651,0.178622,0.98598,0.66528,12.849,1,0.403619,3.34765,0,147.336,4.57842,145.702,0.84672,12.849,0.84672,3695.15,0,0,0,2.04666,1.40513,10.874,1.06121,13.2646,0.42336,0,0.42336,460.49,0,1.02816,0,0,3.07482,2.04666,1.028160,1,0,159.952,0,0,0,159.952,0
72.29,2.27093,0,0,4.42008,0.299122,1.85003,3.6288,61.308,0.141954,0,0,1.00666,0.178622,0.686087,0.66528,12.849,1,0.40364,1.85003,0,98.3422,4.57842,95.2102,0.84672,12.849,0.84672,3695.15,0,0,0,1.53581,1.40519,8.49416,1.06121,10.3739,0.42336,0,0.42336,460.49,0,1.02816,0,0,2.56397,1.53581,1.028160,1,0,106.27,0,0,0,106.27,0
72.29,2.27105,0,0,3.82074,0.299122,1.25057,3.6288,61.308,0.141996,0,0,0.91819,0.178622,0.597572,0.66528,12.849,1,0.403662,1.25057,0,85.1515,4.57842,81.42,0.84672,12.849,0.84672,3695.15,0,0,0,1.45241,1.40524,7.55179,1.06121,9.34823,0.42336,0,0.42336,460.49,0,1.02816,0,0,2.48057,1.45241,1.028160,1,0,91.3658,0,0,0,91.3658,0
72.29,2.23633,0,0,4.39329,0.252974,1.90399,3.6288,61.308,0.129005,0,0,1.20623,0.197445,0.87978,0.66528,12.849,1,0.39749,1.90399,0,97.3348,4.22819,94.6131,0.84672,12.849,0.84672,3695.15,0,0,0,1.1767,1.4053,7.77548,1.05567,9.30181,0.42336,0,0.42336,460.49,0,1.02816,0,0,2.20486,1.1767,1.028160,1,0,104.795,0,0,0,104.795,0
72.29,2.23645,0,0,4.17648,0.212329,1.72771,3.6288,61.308,0.129046,0,0,1.10123,0.211503,0.76068,0.66528,12.849,1,0.397511,1.72771,0,92.397,4.2671,89.4601,0.84672,12.849,0.84672,3695.15,0,0,0,1.19688,1.3876,7.05603,1.06154,8.57898,0.42336,0,0.42336,460.49,0,1.02816,0,0,2.22504,1.19688,1.028160,1,0,98.7998,0,0,0,98.7998,0
72.29,2.23656,0,0,3.91044,0.212329,1.46154,3.6288,61.308,0.129087,0,0,1.10469,0.211503,0.764104,0.66528,12.849,1,0.397532,1.46154,0,85.0245,4.2671,81.8214,0.84672,12.849,0.84672,3695.15,0,0,0,1.13248,1.38766,6.68105,1.06154,8.13965,0.42336,0,0.42336,460.49,0,1.02816,0,0,2.16064,1.13248,1.028160,1,0,90.7252,0,0,0,90.7252,0
72.29,2.23668,0,0,3.74309,0.212329,1.29408,3.6288,61.308,0.129127,0,0,1.37134,0.211503,1.03071,0.66528,12.849,1,0.397553,1.29408,0,81.0346,4.2671,77.664,0.84672,12.849,0.84672,3695.15,0,0,0,1.59451,1.38772,8.01084,1.06154,9.93153,0.42336,0,0.42336,460.49,0,1.02816,0,0,2.62267,1.59451,1.028160,1,0,88.6262,0,0,0,88.6262,0
72.29,2.35509,0,0,3.44142,0.218971,0.867364,3.6288,61.308,0.17539,0,0,1.08937,0.190932,0.723044,0.66528,12.849,1,0.418599,0.867364,0,71.2385,4.17107,67.5162,0.84672,12.849,0.84672,3695.15,0,0,0,1.10366,1.38778,6.51451,0.924923,8.08102,0.42336,0,0.42336,460.49,0,1.02816,0,0,2.13182,1.10366,1.028160,1,0,76.3203,0,0,0,76.3203,0
72.29,2.35521,0,0,3.23467,0.163182,0.716274,3.6288,61.308,0.175433,0,0,0.931781,0.253178,0.50317,0.66528,12.849,1,0.418621,0.716274,0,63.256,4.95694,58.5967,0.84672,12.849,0.84672,3695.15,0,0,0,0.766472,1.44965,5.66118,1.08933,6.78797,0.42336,0,0.42336,460.49,0,1.02816,0,0,1.79463,0.766472,1.028160,1,0,65.8879,0,0,0,65.8879,0
72.29,2.35534,0,0,3.10637,0.163182,0.587846,3.6288,61.308,0.175476,0,0,0.922009,0.253178,0.493356,0.66528,12.849,1,0.418643,0.587846,0,58.7123,4.95694,53.9246,0.84672,12.849,0.84672,3695.15,0,0,0,0.772805,1.44971,5.43291,1.08933,6.56609,0.42336,0,0.42336,460.49,0,1.02816,0,0,1.80096,0.772805,1.028160,1,0,60.984,0,0,0,60.984,0
72.29,2.35546,0,0,2.94805,0.168099,0.424494,3.6288,61.308,0.175519,0,0,0.907425,0.251861,0.480045,0.66528,12.849,1,0.418666,0.424494,0,56.2416,4.87233,51.3751,0.84672,12.849,0.84672,3695.15,0,0,0,0.919823,1.44977,5.08563,1.0926,6.36262,0.42336,0,0.42336,460.49,0,1.02816,0,0,1.94798,0.919823,1.028160,1,0,58.2178,0,0,0,58.2178,0
72.1266,2.35559,0,0,2.74303,0.187926,0.36288,3.6288,61.308,0.175562,0,0,0.849347,0.245666,0.428119,0.66528,12.849,1,0.418688,0.36288,0,51.4603,4.49175,46.9127,0.84672,12.849,0.84672,3695.15,0,0,0,0.782629,1.44983,4.72592,1.12197,5.83641,0.42336,0,0.42336,460.49,0,1.02816,0,0,1.81079,0.782629,1.028160,1,0,53.1772,0,0,0,53.1772,0
71.9765,2.33152,0,0,2.65709,0.112802,0.36288,3.6288,61.308,0.201015,0,0,0.663085,0.279482,0.182588,0.66528,12.849,1,0.415348,0.36288,0,46.8008,5.27973,41.4686,0.84672,12.849,0.84672,3695.15,0,0,0,0.39547,1.44989,4.77442,1.25882,5.36097,0.42336,0,0.42336,460.49,0,1.02816,0,0,1.42363,0.39547,1.028160,1,0,47.0122,0,0,0,47.0122,0
71.7049,2.3309,0,0,2.52214,0.100008,0.36288,3.6288,61.308,0.201059,0,0,0.640691,0.297166,0.142465,0.66528,12.849,1,0.416105,0.36288,0,43.7187,5.29872,38.3668,0.84672,12.849,0.84672,3695.15,0,0,0,0.346835,1.46442,4.81036,1.3174,5.30422,0.42336,0,0.42336,460.49,0,1.02816,0,0,1.375,0.346835,1.028160,1,0,43.8135,0,0,0,43.8135,0
71.2797,2.32969,0,0,2.36718,0.0998014,0.36288,3.6288,61.308,0.201103,0,0,0.563846,0.297166,0.0655772,0.66528,12.849,1,0.417464,0.36288,0,39.9463,5.29872,34.593,0.84672,12.849,0.84672,3695.15,0,0,0,0.295963,1.46448,4.56513,1.3174,5.00818,0.42336,0,0.42336,460.49,0,1.02816,0,0,1.32412,0.295963,1.028160,1,0,39.6667,0,0,0,39.6667,0
70.7067,2.3277,0,0,2.21706,0.099478,0.36288,3.6288,61.297,0.2395,0,0,0.52571,0.297166,0,0.66528,12.849,1,0.419596,0.36288,0,38.2263,5.29872,32.8709,0.84672,12.849,0.84672,3695.15,0,0,0,0.261274,1.46455,4.32093,1.3174,4.72935,0.42336,0,0.42336,460.49,0,0.989807,0,0,1.25108,0.261274,1.028160,1,0,37.6002,0,0,0,37.6002,0
69.9319,2.38518,0,0,2.06064,0.0873267,0.36288,3.6288,61.2022,0.333941,0,0,0.557971,0.318842,0,0.66528,12.849,1,0.433441,0.36288,0,32.5368,5.76729,26.6989,0.84672,12.849,0.84672,3695.15,0,0,0,0.261274,1.46461,3.75162,1.43164,4.04586,0.42336,0,0.42336,460.49,0,0.91806,0,0,1.17933,0.261274,1.028160,1,0,30.7448,0,0,0,30.7448,0
69.4341,2.38125,0,0,2.31419,0.0678736,0.36288,3.6288,61.308,0.223887,0,0,0.751257,0.339755,0.0818468,0.66528,12.849,1,0.437521,0.36288,0,40.5609,6.06102,34.4253,0.84672,12.849,0.84672,3695.15,0,0,0,0.405873,1.49551,4.1419,1.5403,4.50298,0.42336,0,0.42336,460.49,0,1.02816,0,0,1.43403,0.405873,1.028160,1,0,39.0101,0,0,0,39.0101,0
68.7552,2.37873,0,0,2.13033,0.0676125,0.36288,3.6288,61.308,0.223932,0,0,0.63688,0.339982,0.0729662,0.66528,12.849,1,0.440191,0.36288,0,33.3164,6.06102,27.178,0.84672,12.849,0.84672,3695.15,0,0,0,0.492834,1.49557,4.00485,1.5403,4.45295,0.42336,0,0.42336,460.49,0,1.02816,0,0,1.52099,0.492834,1.028160,1,0,31.7039,0,0,0,31.7039,0
67.9006,2.37519,0,0,1.95065,0.0672565,0.36288,3.6288,61.308,0.223977,0,0,0.589893,0.339982,0.0259332,0.66528,12.849,1,0.443876,0.36288,0,31.6672,6.06102,25.5251,0.84672,12.849,0.84672,3695.15,0,0,0,0.272013,1.49563,3.52021,1.5403,3.74755,0.42336,0,0.42336,460.49,0,1.02816,0,0,1.30017,0.272013,1.028160,1,0,29.2986,0,0,0,29.2986,0
66.8366,2.54592,0,0,1.90912,0.0642823,0.36288,3.6288,61.2994,0.305795,0,0,0.634262,0.337079,0,0.66528,12.849,1,0.481772,0.36288,0,28.8728,6.13056,22.6234,0.84672,12.849,0.84672,3695.15,0,0,0,0.397129,1.49569,3.96372,1.53571,4.32084,0.42336,0,0.42336,460.49,0,1.02816,0,0,1.42529,0.397129,1.028160,1,0,26.9442,0,0,0,26.9442,0
65.41,2.53962,0,0,1.5334,0.057483,0.36288,3.6288,60.9877,0.489764,0,0,0.507883,0.329804,0,0.66528,12.849,1,0.48823,0.36288,0,23.9857,6.30441,17.5559,0.84672,12.849,0.84672,3695.15,0,0,0,0.227405,1.598,3.06514,1.52422,3.36633,0.42336,0,0.42336,460.49,0,0.84424,0,0,1.07165,0.227405,1.028160,1,0,20.9223,0,0,0,20.9223,0
63.9098,2.53086,0,0,1.45033,0.0568339,0.36288,3.6288,60.5689,0.556747,0,0,0.46712,0.329154,0,0.66528,12.849,1,0.497156,0.36288,0,21.5562,6.30441,15.1175,0.84672,12.849,0.84672,3695.15,0,0,0,0.227405,1.59807,3.03038,1.52422,3.33163,0.42336,0,0.42336,460.49,0,0.777306,0,0,1.00471,0.227405,1.028160,1,0,18.4491,0,0,0,18.4491,0
62.9723,2.52127,0,0,2.00284,0.0561513,0.36288,3.6288,60.3596,0.398321,0,0,0.517319,0.328281,0,0.66528,12.849,1,0.506899,0.36288,0,23.1221,6.30441,16.6737,0.84672,12.849,0.84672,3695.15,0,0,0,0.204422,1.59814,3.37818,1.52422,3.65652,0.42336,0,0.42336,460.49,0,0.935781,0,0,1.1402,0.204422,1.028160,1,0,20.3302,0,0,0,20.3302,0
62.9285,2.51514,0,0,2.91599,0.0818208,0.36288,3.6288,60.4217,0.305991,0,0,0.688613,0.320518,0,0.66528,12.849,1,0.513193,0.36288,0,38.5837,6.16449,32.2689,0.84672,12.849,0.84672,3695.15,0,0,0,0.254603,1.59821,3.75678,1.50186,4.10773,0.42336,0,0.42336,460.49,0,1.02816,0,0,1.28276,0.254603,1.028160,1,0,36.3767,0,0,0,36.3767,0
61.932,2.43057,0,0,1.89797,0.100971,0.36288,3.6288,60.0031,0.782244,0,0,0.647606,0.283965,0,0.66528,12.849,1,0.496285,0.36288,0,40.5033,5.57813,34.7918,0.84672,12.849,0.84672,3695.15,0,0,0,0.204422,1.59827,4.39779,1.40728,4.7932,0.42336,0,0.42336,460.49,0,0.502312,0,0,0.706735,0.204422,1.028160,1,0,39.585,0,0,0,39.585,0
62.8276,2.42409,0,0,3.78269,0.100149,0.36288,3.6288,60.5371,0.256443,0,0,1.07358,0.28321,0,0.66528,12.849,1,0.502924,0.36288,0,43.5016,5.57813,37.7835,0.84672,12.849,0.84672,3695.15,0,0,0,0.341833,1.54094,7.19387,1.40728,7.66937,0.42336,0,0.42336,460.49,0,1.02816,0,0,1.36999,0.341833,1.028160,1,0,45.4528,0,0,0,45.4528,0
61.6336,2.43017,0,0,1.69997,0.100887,0.36288,3.6288,60.1263,0.754827,0,0,0.62824,0.284173,0,0.66528,12.849,1,0.496999,0.36288,0,37.3572,5.57813,31.645,0.84672,12.849,0.84672,3695.15,0,0,0,0.216518,1.54101,3.88896,1.40728,4.2392,0.42336,0,0.42336,460.49,0,0.529822,0,0,0.74634,0.216518,1.028160,1,0,35.8842,0,0,0,35.8842,0
60.6723,2.42233,0,0,1.92375,0.0999027,0.36288,3.6288,59.7807,0.798653,0,0,0.736439,0.283432,0,0.66528,12.849,1,0.504992,0.36288,0,29.9887,5.57813,24.2684,0.84672,12.849,0.84672,3695.15,0,0,0,0.216518,1.54107,4.33056,1.40728,4.68087,0.42336,0,0.42336,460.49,0,0.486043,0,0,0.702562,0.216518,1.028160,1,0,28.9493,0,0,0,28.9493,0
60.5992,2.347,0,0,2.85514,0.218349,0.36288,3.6288,59.9139,0.314141,0,0,0.704466,0.257117,0,0.66528,12.849,1,0.49704,0.36288,0,47.7129,4.50219,43.0766,0.84672,12.849,0.84672,3695.15,0,0,0,0.216518,1.54114,5.76524,1.14242,6.38047,0.42336,0,0.42336,460.49,0,0.925404,0,0,1.14192,0.216518,1.028160,1,0,49.4571,0,0,0,49.4571,0
59.4397,2.34663,0,0,1.76151,0.211496,0.36288,3.6288,59.9192,0.443052,0,0,0.681062,0.232711,0,0.66528,12.849,1,0.497561,0.36288,0,38.3333,4.34091,33.8578,0.84672,12.849,0.84672,3695.15,0,0,0,0.216518,1.49065,4.93655,1.07578,5.56794,0.42336,0,0.42336,460.49,0,0.796538,0,0,1.01306,0.216518,1.028160,1,0,39.4257,0,0,0,39.4257,0
59.0478,2.33877,0,0,2.519,0.209236,0.36288,3.6288,59.7757,0.550154,0,0,0.639408,0.232718,0,0.66528,12.849,1,0.505569,0.36288,0,47.5253,4.34091,43.0417,0.84672,12.849,0.84672,3695.15,0,0,0,0.216518,1.49071,5.65212,1.07578,6.28357,0.42336,0,0.42336,460.49,0,0.689481,0,0,0.905999,0.216518,1.028160,1,0,49.3252,0,0,0,49.3252,0
62.7431,2.33614,0,0,6.60273,0.208448,0.36288,3.6288,61.2442,0.211519,0,0,1.91249,0.232505,0,0.66528,12.849,1,0.508351,0.36288,0,105.611,4.34091,101.125,0.84672,12.849,0.84672,3695.15,0,0,0,2.08447,1.49077,11.4322,1.07578,13.9317,0.42336,0,0.42336,460.49,0,1.02816,0,0,3.11263,2.08447,1.028160,1,0,115.056,0,0,0,115.056,0
64.2241,2.16439,0,0,4.22692,0.218667,0.36288,3.6288,61.308,0.117413,0,0,1.27854,0.223277,0.874021,0.66528,12.849,1,0.44324,0.36288,0,90.0504,4.25058,85.7195,0.84672,12.849,0.84672,3695.15,0,0,0,1.14928,1.49083,7.17068,1.04101,8.76978,0.42336,0,0.42336,460.49,0,1.02816,0,0,2.17744,1.14928,1.028160,1,0,95.3633,0,0,0,95.3633,0
66.578,2.17302,0,0,5.11974,0.229908,0.36288,3.6288,61.308,0.117453,0,0,1.45746,0.194835,1.14517,0.66528,12.849,1,0.434746,0.36288,0,143.93,4.02476,139.834,0.84672,12.849,0.84672,3695.15,0,0,0,1.13227,1.37374,8.2201,0.95408,9.77203,0.42336,0,0.42336,460.49,0,1.02816,0,0,2.16043,1.13227,1.028160,1,0,150.751,0,0,0,150.751,0
67.2801,2.18602,0,0,3.48532,0.234282,0.36288,3.6288,61.308,0.117493,0,0,1.1466,0.194835,0.834269,0.66528,12.849,1,0.421884,0.36288,0,121.196,4.02476,117.112,0.84672,12.849,0.84672,3695.15,0,0,0,0.316708,1.3738,7.60553,0.95408,8.34196,0.42336,0,0.42336,460.49,0,1.02816,0,0,1.34487,0.316708,1.028160,1,0,126.288,0,0,0,126.288,0
66.4611,2.18983,0,0,1.96925,0.235586,0.36288,3.6288,61.308,0.615119,0,0,0.849373,0.194835,0.0394183,0.66528,12.849,1,0.41821,0.36288,0,74.6073,4.02476,70.5272,0.84672,12.849,0.84672,3695.15,0,0,0,0.412474,1.37385,5.4916,0.95408,6.32385,0.42336,0,0.42336,460.49,0,0.530574,0,0,0.943047,0.412474,1.028160,1,0,76.8904,0,0,0,76.8904,0
68.5852,2.18563,0,0,4.92771,0.255071,0.36288,3.6288,61.308,0.117573,0,0,1.14996,0.211201,0.821184,0.66528,12.849,1,0.422551,0.36288,0,81.4908,3.31781,78.1133,0.84672,12.849,0.84672,3695.15,0,0,0,0.886058,1.37391,8.14632,0.957411,9.44888,0.42336,0,0.42336,460.49,0,1.02816,0,0,1.91422,0.886058,1.028160,1,0,88.3833,0,0,0,88.3833,0
71.6455,2.27356,0,0,5.96497,0.268225,0.36288,3.6288,61.308,0.144882,0,0,1.52308,0.218257,1.15994,0.66528,12.849,1,0.425938,0.36288,0,104.986,4.47564,100.448,0.84672,12.849,0.84672,3695.15,0,0,0,1.51051,1.37397,11.115,1.12795,12.8715,0.42336,0,0.42336,460.49,0,1.02816,0,0,2.53867,1.51051,1.028160,1,0,114.479,0,0,0,114.479,0
72.29,2.2891,0,0,4.89661,0.269354,1.69366,3.6288,61.308,0.144919,0,0,1.61895,0.23907,1.23497,0.66528,12.849,1,0.41053,1.69366,0,127.297,5.17104,123.41,0.84672,12.849,0.84672,3695.15,0,0,0,2.36286,1.41218,11.0551,1.27186,13.5583,0.42336,0,0.42336,460.49,0,1.02816,0,0,3.39102,2.36286,1.028160,1,0,138.203,0,0,0,138.203,0
72.29,2.29232,0,0,5.3363,0.270678,2.7733,3.6288,61.308,0.144956,0,0,0.810665,0.23907,0.42664,0.66528,12.849,1,0.407442,2.7733,0,81.508,5.17104,78.7029,0.84672,12.849,0.84672,3695.15,0,0,0,1.12864,1.41223,6.02328,1.27186,7.29229,0.42336,0,0.42336,460.49,0,1.02816,0,0,2.1568,1.12864,1.028160,1,0,86.4218,0,0,0,86.4218,0
72.29,2.29242,0,0,7.83074,0.267802,5.27052,3.6288,61.308,0.144993,0,0,0.988667,0.242996,0.600678,0.66528,12.849,1,0.407461,5.27052,0,106.162,5.2494,105.776,0.84672,12.849,0.84672,3695.15,0,0,0,1.27451,1.41228,10.0534,1.31013,11.43,0.42336,0,0.42336,460.49,0,1.02816,0,0,2.30267,1.27451,1.028160,1,0,117.807,0,0,0,117.807,0
72.29,2.54118,0,0,7.97902,0.286489,5.15135,3.6288,61.308,0.247416,0,0,1.0433,0.246588,0.549294,0.66528,12.849,1,0.451676,5.15135,0,170.556,5.17929,170.077,0.84672,12.849,0.84672,3695.15,0,0,0,1.89616,1.41234,11.2865,1.33016,13.2649,0.42336,0,0.42336,460.49,0,1.02816,0,0,2.92432,1.89616,1.028160,1,0,183.891,0,0,0,183.891,0
72.29,2.5413,0,0,7.27526,0.334413,4.39955,3.6288,61.308,0.247457,0,0,1.1128,0.21997,0.64537,0.66528,12.849,1,0.451697,4.39955,0,175.631,4.45893,175.12,0.84672,12.849,0.84672,3695.15,0,0,0,2.08096,1.54637,16.1907,1.05072,18.7673,0.42336,0,0.42336,460.49,0,1.02816,0,0,3.10912,2.08096,1.028160,1,0,194.533,0,0,0,194.533,0
72.29,2.54142,0,0,6.69302,0.334413,3.81719,3.6288,61.308,0.247498,0,0,1.06885,0.21997,0.601386,0.66528,12.849,1,0.451718,3.81719,0,129.807,4.45893,128.713,0.84672,12.849,0.84672,3695.15,0,0,0,1.64156,1.54643,12.1958,1.05072,14.3331,0.42336,0,0.42336,460.49,0,1.02816,0,0,2.66972,1.64156,1.028160,1,0,143.647,0,0,0,143.647,0
72.29,2.54154,0,0,5.89352,0.334413,3.01757,3.6288,61.308,0.247539,0,0,1.04153,0.21997,0.574017,0.66528,12.849,1,0.451739,3.01757,0,132.106,4.45893,130.213,0.84672,12.849,0.84672,3695.15,0,0,0,1.47254,1.54649,10.8061,1.05072,12.7744,0.42336,0,0.42336,460.49,0,1.02816,0,0,2.5007,1.47254,1.028160,1,0,143.562,0,0,0,143.562,0
72.29,2.18694,0,0,6.62112,0.323796,4.11038,3.6288,61.308,0.110153,0,0,1.37285,0.221322,1.04138,0.66528,12.849,1,0.388712,4.11038,0,116.427,4.19546,115.953,0.84672,12.849,0.84672,3695.15,0,0,0,1.81973,1.54655,14.3443,1.00339,16.7072,0.42336,0,0.42336,460.49,0,1.02816,0,0,2.84789,1.81973,1.028160,1,0,133.701,0,0,0,133.701,0
72.29,2.18704,0,0,5.10416,0.309641,2.60748,3.6288,61.308,0.110189,0,0,1.35179,0.223125,1.01847,0.66528,12.849,1,0.38873,2.60748,0,98.9548,3.84416,97.3294,0.84672,12.849,0.84672,3695.15,0,0,0,1.28631,1.36214,11.6828,0.940278,13.391,0.42336,0,0.42336,460.49,0,1.02816,0,0,2.31447,1.28631,1.028160,1,0,111.739,0,0,0,111.739,0
72.29,2.18715,0,0,4.4693,0.309641,1.97251,3.6288,61.308,0.110224,0,0,1.50542,0.223125,1.17208,0.66528,12.849,1,0.388749,1.97251,0,91.0094,3.84416,88.749,0.84672,12.849,0.84672,3695.15,0,0,0,1.1888,1.36219,10.3532,0.940278,11.9639,0.42336,0,0.42336,460.49,0,1.02816,0,0,2.21696,1.1888,1.028160,1,0,101.885,0,0,0,101.885,0
72.29,2.18725,0,0,8.12652,0.308275,5.631,3.6288,61.308,0.110259,0,0,2.26339,0.211671,1.94146,0.66528,12.849,1,0.388767,5.631,0,194.168,3.66484,195.745,0.84672,12.849,0.84672,3695.15,0,0,0,3.04533,1.36224,19.4453,0.909568,22.9433,0.42336,0,0.42336,460.49,0,1.02816,0,0,4.07349,3.04533,1.028160,1,0,220.63,0,0,0,220.63,0
72.29,2.18735,0,0,7.607,0.304861,5.11479,3.6288,61.308,0.110295,0,0,2.06979,0.183036,1.77646,0.66528,12.849,1,0.388785,5.11479,0,185.928,3.21657,187.437,0.84672,12.849,0.84672,3695.15,0,0,0,2.7624,1.36229,16.8848,0.832793,20.1767,0.42336,0,0.42336,460.49,0,1.02816,0,0,3.79056,2.7624,1.028160,1,0,209.39,0,0,0,209.39,0
72.29,2.27676,0,0,5.51852,0.31639,2.92537,3.6288,61.308,0.143957,0,0,0.987008,0.203068,0.639982,0.66528,12.849,1,0.404677,2.92537,0,97.1551,3.27601,96.3998,0.84672,12.849,0.84672,3695.15,0,0,0,1.00167,1.36234,9.44551,0.859439,10.9501,0.42336,0,0.42336,460.49,0,1.02816,0,0,2.02983,1.00167,1.028160,1,0,107.99,0,0,0,107.99,0
72.29,2.27687,0,0,7.22426,0.313472,4.63392,3.6288,61.308,0.143994,0,0,1.65489,0.181504,1.32939,0.66528,12.849,1,0.404696,4.63392,0,89.3661,3.24482,90.3505,0.84672,12.849,0.84672,3695.15,0,0,0,0.977858,1.40808,8.88926,0.775165,10.5,0.42336,0,0.42336,460.49,0,1.02816,0,0,2.00602,0.977858,1.028160,1,0,102.18,0,0,0,102.18,0
72.29,2.27698,0,0,6.427,0.313472,3.83655,3.6288,61.308,0.14403,0,0,2.25881,0.181504,1.93327,0.66528,12.849,1,0.404715,3.83655,0,99.6002,3.24482,99.7872,0.84672,12.849,0.84672,3695.15,0,0,0,1.69554,1.40813,12.4673,0.775165,14.7959,0.42336,0,0.42336,460.49,0,1.02816,0,0,2.7237,1.69554,1.028160,1,0,116.516,0,0,0,116.516,0
72.29,2.27708,0,0,5.04814,0.313472,2.45759,3.6288,61.308,0.144067,0,0,1.8811,0.181504,1.55553,0.66528,12.849,1,0.404734,2.45759,0,116.478,3.24482,115.286,0.84672,12.849,0.84672,3695.15,0,0,0,1.77804,1.40818,9.19719,0.775165,11.6083,0.42336,0,0.42336,460.49,0,1.02816,0,0,2.8062,1.77804,1.028160,1,0,128.449,0,0,0,128.449,0
72.29,2.24227,0,0,4.85281,0.241945,2.3686,3.6288,61.308,0.131042,0,0,1.32702,0.200999,0.994977,0.66528,12.849,1,0.398546,2.3686,0,88.9808,3.12273,87.8281,0.84672,12.849,0.84672,3695.15,0,0,0,1.13576,1.40824,7.09862,0.907643,8.73498,0.42336,0,0.42336,460.49,0,1.02816,0,0,2.16392,1.13576,1.028160,1,0,97.558,0,0,0,97.558,0
72.29,2.24237,0,0,4.76107,0.217382,2.30132,3.6288,61.308,0.131078,0,0,1.27921,0.219858,0.928277,0.66528,12.849,1,0.398565,2.30132,0,82.887,3.37606,81.4137,0.84672,12.849,0.84672,3695.15,0,0,0,1.22476,1.39049,6.76408,1.00291,8.37643,0.42336,0,0.42336,460.49,0,1.02816,0,0,2.25292,1.22476,1.028160,1,0,90.7184,0,0,0,90.7184,0
72.29,2.24248,0,0,5.38351,0.2113,2.92974,3.6288,61.308,0.131114,0,0,1.12795,0.222825,0.774013,0.66528,12.849,1,0.398583,2.92974,0,87.7971,3.60999,86.7183,0.84672,12.849,0.84672,3695.15,0,0,0,1.00977,1.39054,8.61045,1.01213,9.99864,0.42336,0,0.42336,460.49,0,1.02816,0,0,2.03793,1.00977,1.028160,1,0,97.4909,0,0,0,97.4909,0
72.29,2.24258,0,0,4.56547,0.174807,2.14808,3.6288,61.308,0.13115,0,0,1.1069,0.240628,0.735118,0.66528,12.849,1,0.398602,2.14808,0,73.3565,5.01354,70.0924,0.84672,12.849,0.84672,3695.15,0,0,0,1.07765,1.39059,6.88167,1.06746,8.28245,0.42336,0,0.42336,460.49,0,1.02816,0,0,2.10581,1.07765,1.028160,1,0,79.11,0,0,0,79.11,0
72.29,2.36126,0,0,4.00657,0.108431,1.53688,3.6288,61.308,0.177517,0,0,0.983534,0.259201,0.546815,0.66528,12.849,1,0.419695,1.53688,0,52.1023,5.30808,47.9114,0.84672,12.849,0.84672,3695.15,0,0,0,0.746824,1.39064,6.12762,1.18554,7.07955,0.42336,0,0.42336,460.49,0,1.02816,0,0,1.77498,0.746824,1.028160,1,0,55.5378,0,0,0,55.5378,0
72.29,2.36137,0,0,3.72561,0.142294,1.22195,3.6288,61.308,0.177556,0,0,0.817854,0.244228,0.39607,0.66528,12.849,1,0.419715,1.22195,0,51.9905,5.00021,47.7925,0.84672,12.849,0.84672,3695.15,0,0,0,0.594631,1.45266,5.52519,1.03703,6.53545,0.42336,0,0.42336,460.49,0,1.02816,0,0,1.62279,0.594631,1.028160,1,0,54.7241,0,0,0,54.7241,0
72.29,2.36148,0,0,3.67468,0.142294,1.17091,3.6288,61.308,0.177594,0,0,0.820256,0.244228,0.398434,0.66528,12.849,1,0.419735,1.17091,0,49.1967,5.00021,44.9476,0.84672,12.849,0.84672,3695.15,0,0,0,0.663457,1.45271,5.26024,1.03703,6.33938,0.42336,0,0.42336,460.49,0,1.02816,0,0,1.69162,0.663457,1.028160,1,0,51.6855,0,0,0,51.6855,0
72.29,2.36159,0,0,3.29622,0.157046,0.777588,3.6288,61.308,0.177632,0,0,0.782153,0.240277,0.364244,0.66528,12.849,1,0.419754,0.777588,0,46.461,4.74636,42.0725,0.84672,12.849,0.84672,3695.15,0,0,0,0.672918,1.45276,4.84479,1.04682,5.92365,0.42336,0,0.42336,460.49,0,1.02816,0,0,1.70108,0.672918,1.028160,1,0,48.3604,0,0,0,48.3604,0
72.29,2.3617,0,0,3.14641,0.143385,0.641329,3.6288,61.308,0.17767,0,0,0.773824,0.247463,0.348691,0.66528,12.849,1,0.419774,0.641329,0,43.1484,4.50407,38.8659,0.84672,12.849,0.84672,3695.15,0,0,0,0.702354,1.45282,4.63847,1.08844,5.7052,0.42336,0,0.42336,460.49,0,1.02816,0,0,1.73051,0.702354,1.028160,1,0,44.9198,0,0,0,44.9198,0
71.9324,2.33836,0,0,2.44817,0.104491,0.36288,3.6288,61.308,0.203178,0,0,0.754764,0.279909,0.271677,0.66528,12.849,1,0.415625,0.36288,0,32.7587,5.28339,27.4226,0.84672,12.849,0.84672,3695.15,0,0,0,0.515955,1.45287,4.45072,1.21676,5.20279,0.42336,0,0.42336,460.49,0,1.02816,0,0,1.54411,0.515955,1.028160,1,0,32.8971,0,0,0,32.8971,0
71.4433,2.33671,0,0,2.31462,0.104207,0.36288,3.6288,61.308,0.203217,0,0,0.743221,0.279909,0.260095,0.66528,12.849,1,0.417397,0.36288,0,31.606,5.28339,26.2681,0.84672,12.849,0.84672,3695.15,0,0,0,0.427464,1.46743,4.08368,1.21676,4.76181,0.42336,0,0.42336,460.49,0,1.02816,0,0,1.45562,0.427464,1.028160,1,0,31.29,0,0,0,31.29,0
70.8539,2.3344,0,0,2.20694,0.0990652,0.36288,3.6288,61.308,0.203257,0,0,0.718451,0.287682,0.227512,0.66528,12.849,1,0.41984,0.36288,0,30.4309,5.39197,24.9819,0.84672,12.849,0.84672,3695.15,0,0,0,0.410141,1.46748,3.90384,1.25351,4.52795,0.42336,0,0.42336,460.49,0,1.02816,0,0,1.4383,0.410141,1.028160,1,0,29.7374,0,0,0,29.7374,0
70.1671,2.33155,0,0,2.08567,0.0780204,0.36288,3.6288,61.308,0.203296,0,0,0.689325,0.319169,0.16686,0.66528,12.849,1,0.422816,0.36288,0,28.668,6.05812,22.5499,0.84672,12.849,0.84672,3695.15,0,0,0,0.438204,1.46754,3.84015,1.43769,4.3082,0.42336,0,0.42336,460.49,0,1.02816,0,0,1.46636,0.438204,1.028160,1,0,27.025,0,0,0,27.025,0
69.4885,2.38846,0,0,2.15391,0.0810992,0.36288,3.6288,61.308,0.226038,0,0,0.651508,0.309767,0.115702,0.66528,12.849,1,0.437376,0.36288,0,30.0692,5.86193,24.1328,0.84672,12.849,0.84672,3695.15,0,0,0,0.423567,1.46759,3.68532,1.45567,4.12081,0.42336,0,0.42336,460.49,0,1.02816,0,0,1.45173,0.423567,1.028160,1,0,28.3693,0,0,0,28.3693,0
68.7489,2.38497,0,0,2.08715,0.0789379,0.36288,3.6288,61.308,0.226078,0,0,0.586243,0.311236,0.0489282,0.66528,12.849,1,0.441001,0.36288,0,29.0826,5.70654,23.2979,0.84672,12.849,0.84672,3695.15,0,0,0,0.384696,1.49856,3.6534,1.48958,4.04707,0.42336,0,0.42336,460.49,0,1.02816,0,0,1.41286,0.384696,1.028160,1,0,27.3939,0,0,0,27.3939,0
67.8163,2.38109,0,0,1.88981,0.0784853,0.36288,3.6288,61.308,0.246708,0,0,0.560122,0.311236,0.00217753,0.66528,12.849,1,0.445019,0.36288,0,27.3901,5.70654,21.6014,0.84672,12.849,0.84672,3695.15,0,0,0,0.261274,1.49861,3.39687,1.48958,3.66718,0.42336,0,0.42336,460.49,0,1.00757,0,0,1.26884,0.261274,1.028160,1,0,25.2708,0,0,0,25.2708,0
66.6663,2.37605,0,0,1.65269,0.0637097,0.36288,3.6288,61.308,0.233123,0,0,0.556153,0.319006,0.00402415,0.66528,12.849,1,0.450185,0.36288,0,26.0813,5.93086,20.0631,0.84672,12.849,0.84672,3695.15,0,0,0,0.227405,1.49867,3.43321,1.5344,3.62488,0.42336,0,0.42336,460.49,0,1.0212,0,0,1.2486,0.227405,1.028160,1,0,23.692,0,0,0,23.692,0
65.0297,2.54484,0,0,1.3424,0.0713075,0.36288,3.6288,61.1587,0.3612,0,0,0.518785,0.306901,0,0.66528,12.849,1,0.490483,0.36288,0,22.771,5.75709,16.8863,0.84672,12.849,0.84672,3695.15,0,0,0,0.227405,1.49872,3.19326,1.40583,3.51356,0.42336,0,0.42336,460.49,0,0.975119,0,0,1.20252,0.227405,1.028160,1,0,20.3998,0,0,0,20.3998,0
63.0321,2.53465,0,0,0.969097,0.0691,0.36288,3.6288,60.6419,0.56151,0,0,0.354858,0.310161,0,0.66528,12.849,1,0.500814,0.36288,0,13.1344,5.32581,7.6707,0.84672,12.849,0.84672,3695.15,0,0,0,0.227405,1.60126,2.69542,1.52378,3.0003,0.42336,0,0.42336,460.49,0,0.774852,0,0,1.00226,0.227405,1.028160,1,0,10.671,0,0,0,10.671,0
61.4876,2.52159,0,0,1.40795,0.0679917,0.36288,3.6288,60.3571,0.383414,0,0,0.407743,0.309147,0,0.66528,12.849,1,0.514021,0.36288,0,14.9596,5.32581,9.4826,0.84672,12.849,0.84672,3695.15,0,0,0,0.227405,1.60132,2.98847,1.52378,3.29341,0.42336,0,0.42336,460.49,0,0.952992,0,0,1.1804,0.227405,1.028160,1,0,12.776,0,0,0,12.776,0
60.5477,2.51102,0,0,2.02929,0.095327,0.36288,3.6288,60.2892,0.30829,0,0,0.539705,0.299267,0,0.66528,12.849,1,0.524726,0.36288,0,24.407,5.1944,19.0507,0.84672,12.849,0.84672,3695.15,0,0,0,0.251389,1.60138,3.32707,1.49727,3.68257,0.42336,0,0.42336,460.49,0,1.02816,0,0,1.27955,0.251389,1.028160,1,0,22.7333,0,0,0,22.7333,0
58.9765,2.50442,0,0,1.37951,0.0833744,0.36288,3.6288,60.0488,0.38815,0,0,0.442288,0.294497,0,0.66528,12.849,1,0.53147,0.36288,0,26.1886,5.38534,20.6347,0.84672,12.849,0.84672,3695.15,0,0,0,0.204422,1.60144,2.34651,1.49469,2.65769,0.42336,0,0.42336,460.49,0,0.948344,0,0,1.15277,0.204422,1.028160,1,0,23.2924,0,0,0,23.2924,0
57.3108,2.40927,0,0,1.1717,0.0653094,0.36288,3.6288,60.105,0.258621,0,0,0.600099,0.285357,0,0.66528,12.849,1,0.524899,0.36288,0,14.7871,5.25953,9.36556,0.84672,12.849,0.84672,3695.15,0,0,0,0.253886,1.6015,2.56847,1.33998,3.08388,0.42336,0,0.42336,460.49,0,1.02816,0,0,1.28205,0.253886,1.028160,1,0,12.4494,0,0,0,12.4494,0
55.3701,2.39692,0,0,0.880667,0.0614969,0.36288,3.6288,59.3013,0.846747,0,0,0.327104,0.28401,0,0.66528,12.849,1,0.537387,0.36288,0,14.2455,5.23856,8.8324,0.84672,12.849,0.84672,3695.15,0,0,0,0.204422,1.54403,1.91929,1.31419,2.35355,0.42336,0,0.42336,460.49,0,0.440075,0,0,0.644497,0.204422,1.028160,1,0,11.1859,0,0,0,11.1859,0
53.467,2.38175,0,0,0.918812,0.0773284,0.36288,3.6288,58.47,0.878621,0,0,0.314901,0.267587,0,0.66528,12.849,1,0.5527,0.36288,0,13.6926,5.03092,8.47184,0.84672,12.849,0.84672,3695.15,0,0,0,0.216518,1.54409,1.93145,1.2493,2.44276,0.42336,0,0.42336,460.49,0,0.408243,0,0,0.624761,0.216518,1.028160,1,0,10.9146,0,0,0,10.9146,0
53.2276,2.366,0,0,2.66545,0.175931,0.36288,3.6288,58.4946,0.540617,0,0,0.742044,0.176827,0,0.66528,12.849,1,0.568588,0.36288,0,41.27,3.78514,37.2791,0.84672,12.849,0.84672,3695.15,0,0,0,0.216518,1.54415,5.07292,0.859909,5.97367,0.42336,0,0.42336,460.49,0,0.746289,0,0,0.962807,0.216518,1.028160,1,0,43.2528,0,0,0,43.2528,0
52.1121,2.29668,0,0,1.72779,0.183754,0.36288,3.6288,58.4745,0.412999,0,0,0.553889,0.161021,0,0.66528,12.849,1,0.554413,0.36288,0,33.9446,3.75153,30.0015,0.84672,12.849,0.84672,3695.15,0,0,0,0.216518,1.5442,2.84653,0.873626,3.73363,0.42336,0,0.42336,460.49,0,0.828649,0,0,1.04517,0.216518,1.028160,1,0,33.7351,0,0,0,33.7351,0
50.9913,2.28727,0,0,1.72188,0.192536,0.36288,3.6288,58.1461,0.62498,0,0,0.43652,0.139891,0,0.66528,12.849,1,0.56396,0.36288,0,34.6203,3.70671,30.7125,0.84672,12.849,0.84672,3695.15,0,0,0,0.216518,1.49359,3.25575,0.891915,4.07395,0.42336,0,0.42336,460.49,0,0.616708,0,0,0.833226,0.216518,1.028160,1,0,34.7865,0,0,0,34.7865,0
51.624,2.27748,0,0,3.46336,0.190304,0.36288,3.6288,58.9023,0.213568,0,0,1.10931,0.139595,0,0.66528,12.849,1,0.573888,0.36288,0,56.9281,3.70671,53.0104,0.84672,12.849,0.84672,3695.15,0,0,0,0.923797,1.49365,5.62705,0.891915,7.15258,0.42336,0,0.42336,460.49,0,1.02816,0,0,1.95196,0.923797,1.028160,1,0,60.163,0,0,0,60.163,0
50.9095,2.28321,0,0,2.12313,0.191564,0.36288,3.6288,59.4699,0.213607,0,0,0.921482,0.140276,0,0.66528,12.849,1,0.568283,0.36288,0,33.9739,3.70671,30.0618,0.84672,12.849,0.84672,3695.15,0,0,0,0.758203,1.4937,5.65332,0.891915,7.01332,0.42336,0,0.42336,460.49,0,1.02816,0,0,1.78636,0.758203,1.028160,1,0,37.0752,0,0,0,37.0752,0
51.659,2.08729,0,0,3.44128,0.24162,0.36288,3.6288,59.8956,0.119287,0,0,0.710367,0.165309,0,0.66528,12.849,1,0.526809,0.36288,0,66.878,4.03905,62.675,0.84672,12.849,0.84672,3695.15,0,0,0,0.300733,1.49376,6.72393,0.966222,7.55221,0.42336,0,0.42336,460.49,0,1.02816,0,0,1.32889,0.300733,1.028160,1,0,70.2272,0,0,0,70.2272,0
52.8382,2.09351,0,0,3.87912,0.243491,0.36288,3.6288,60.1727,0.119322,0,0,0.589998,0.193642,0,0.66528,12.849,1,0.520713,0.36288,0,51.2302,4.00344,47.0689,0.84672,12.849,0.84672,3695.15,0,0,0,0.448641,1.3764,7.34357,0.938213,8.23039,0.42336,0,0.42336,460.49,0,1.02816,0,0,1.4768,0.448641,1.028160,1,0,55.2993,0,0,0,55.2993,0
54.4637,2.10295,0,0,4.33782,0.246475,0.36288,3.6288,60.4333,0.119358,0,0,0.57393,0.193984,0,0.66528,12.849,1,0.511389,0.36288,0,76.9937,4.00344,72.8418,0.84672,12.849,0.84672,3695.15,0,0,0,0.894629,1.37645,8.44551,0.938213,9.77838,0.42336,0,0.42336,460.49,0,1.02816,0,0,1.92279,0.894629,1.028160,1,0,82.6202,0,0,0,82.6202,0
55.9055,2.1154,0,0,4.17065,0.250588,0.36288,3.6288,60.7469,0.119394,0,0,0.627297,0.194306,0,0.66528,12.849,1,0.499063,0.36288,0,55.0614,4.00344,50.9218,0.84672,12.849,0.84672,3695.15,0,0,0,0.686215,1.3765,7.51689,0.938213,8.64139,0.42336,0,0.42336,460.49,0,1.02816,0,0,1.71437,0.686215,1.028160,1,0,59.5632,0,0,0,59.5632,0
57.3184,2.12597,0,0,4.16015,0.258354,0.36288,3.6288,61.0353,0.11943,0,0,0.586249,0.178365,0,0.66528,12.849,1,0.488621,0.36288,0,63.8118,3.76803,59.918,0.84672,12.849,0.84672,3695.15,0,0,0,0.428708,1.37655,7.05516,0.818004,8.04242,0.42336,0,0.42336,460.49,0,1.02816,0,0,1.45687,0.428708,1.028160,1,0,67.9604,0,0,0,67.9604,0
60.4585,2.13581,0,0,5.89702,0.258251,0.36288,3.6288,61.308,0.11943,0,0,1.80362,0.230051,1.18144,0.66528,12.849,1,0.478781,0.36288,0,88.5457,4.05356,84.3762,0.84672,12.849,0.84672,3695.15,0,0,0,2.10593,1.3766,9.40974,1.09044,11.8018,0.42336,0,0.42336,460.49,0,1.02816,0,0,3.13409,2.10593,1.028160,1,0,97.3595,0,0,0,97.3595,0
63.9411,2.23178,0,0,6.33759,0.26032,0.36288,3.6288,61.308,0.146794,0,0,2.10691,0.267414,1.6927,0.66528,12.849,1,0.474312,0.36288,0,97.6994,4.40317,93.1848,0.84672,12.849,0.84672,3695.15,0,0,0,2.39569,1.3766,9.21672,1.31963,11.6694,0.42336,0,0.42336,460.49,0,1.02816,0,0,3.42385,2.39569,1.028160,1,0,106.547,0,0,0,106.547,0
67.8542,2.25339,0,0,6.79721,0.267877,0.36288,3.6288,61.308,0.146826,0,0,1.83229,0.267414,1.41805,0.66528,12.849,1,0.452819,0.36288,0,129.011,4.40317,124.518,0.84672,12.849,0.84672,3695.15,0,0,0,1.9779,1.41489,9.85919,1.31963,11.9324,0.42336,0,0.42336,460.49,0,1.02816,0,0,3.00606,1.9779,1.028160,1,0,137.868,0,0,0,137.868,0
71.7607,2.27544,0,0,6.82123,0.276368,0.36288,3.6288,61.308,0.146858,0,0,1.86678,0.267414,1.45251,0.66528,12.849,1,0.430881,0.36288,0,107.665,4.40317,103.194,0.84672,12.849,0.84672,3695.15,0,0,0,2.06249,1.41494,9.22225,1.31963,11.38,0.42336,0,0.42336,460.49,0,1.02816,0,0,3.09065,2.06249,1.028160,1,0,116.026,0,0,0,116.026,0
72.29,2.29543,0,0,7.87994,0.252685,4.80256,3.6288,61.308,0.146891,0,0,3.01329,0.254077,2.61233,0.66528,12.849,1,0.411004,4.80256,0,121.438,3.5496,122.28,0.84672,12.849,0.84672,3695.15,0,0,0,3.59866,1.41498,13.2631,1.07811,17.1986,0.42336,0,0.42336,460.49,0,1.02816,0,0,4.62682,3.59866,1.028160,1,0,142.091,0,0,0,142.091,0
72.29,2.54727,0,0,8.58963,0.294872,5.74749,3.6288,61.308,0.249532,0,0,3.37797,0.246967,2.88147,0.66528,12.849,1,0.452758,5.74749,0,178.549,4.01838,179.825,0.84672,12.849,0.84672,3695.15,0,0,0,4.11744,1.41503,17.0211,1.08603,21.4675,0.42336,0,0.42336,460.49,0,1.02816,0,0,5.1456,4.11744,1.028160,1,0,204.174,0,0,0,204.174,0
72.29,2.54737,0,0,8.23116,0.303463,5.38032,3.6288,61.308,0.249568,0,0,3.75088,0.244313,3.257,0.66528,12.849,1,0.452776,5.38032,0,142.182,4.03693,143.073,0.84672,12.849,0.84672,3695.15,0,0,0,4.43793,1.54935,17.7117,1.10292,22.596,0.42336,0,0.42336,460.49,0,1.02816,0,0,5.46609,4.43793,1.028160,1,0,168.926,0,0,0,168.926,0
72.29,2.54748,0,0,9.16402,0.303463,6.31308,3.6288,61.308,0.249604,0,0,3.75078,0.244313,3.25686,0.66528,12.849,1,0.452794,6.31308,0,147.968,4.03693,149.791,0.84672,12.849,0.84672,3695.15,0,0,0,4.54087,1.5494,17.8564,1.10292,22.8437,0.42336,0,0.42336,460.49,0,1.02816,0,0,5.56903,4.54087,1.028160,1,0,175.892,0,0,0,175.892,0
72.29,2.54758,0,0,9.45665,0.298476,6.6106,3.6288,61.308,0.24964,0,0,3.73639,0.231049,3.2557,0.66528,12.849,1,0.452813,6.6106,0,166.831,4.01774,168.971,0.84672,12.849,0.84672,3695.15,0,0,0,4.59795,1.54945,18.5257,1.0281,23.645,0.42336,0,0.42336,460.49,0,1.02816,0,0,5.62611,4.59795,1.028160,1,0,195.871,0,0,0,195.871,0
72.29,2.1922,0,0,7.07158,0.29421,4.58517,3.6288,61.308,0.111954,0,0,5.92085,0.1965,5.6124,0.66528,12.849,1,0.389647,4.58517,0,259.202,3.72971,259.668,0.84672,12.849,0.84672,3695.15,0,0,0,5.03548,1.5495,21.4936,0.8141,27.2644,0.42336,0,0.42336,460.49,0,1.02816,0,0,6.06364,5.03548,1.028160,1,0,292.544,0,0,0,292.544,0
72.29,2.19229,0,0,7.38003,0.29421,4.89353,3.6288,61.308,0.111985,0,0,3.49586,0.1965,3.18737,0.66528,12.849,1,0.389663,4.89353,0,197.573,3.72971,198.348,0.84672,12.849,0.84672,3695.15,0,0,0,5.28056,1.36469,18.9475,0.8141,24.7787,0.42336,0,0.42336,460.49,0,1.02816,0,0,6.30872,5.28056,1.028160,1,0,226.314,0,0,0,226.314,0
72.29,2.19238,0,0,13.1763,0.29421,10.6897,3.6288,61.308,0.112016,0,0,8.28723,0.1965,7.97871,0.66528,12.849,1,0.389679,10.6897,0,217.713,3.72971,224.284,0.84672,12.849,0.84672,3695.15,0,0,0,8.00755,1.36473,27.6162,0.8141,36.1744,0.42336,0,0.42336,460.49,0,1.02816,0,0,9.03571,8.00755,1.028160,1,0,268.437,0,0,0,268.437,0
72.29,2.19247,0,0,9.69503,0.295541,7.20702,3.6288,61.308,0.112047,0,0,5.35502,0.139727,5.10325,0.66528,12.849,1,0.389696,7.20702,0,199.797,3.46923,203.145,0.84672,12.849,0.84672,3695.15,0,0,0,5.30029,1.36478,22.9058,0.720227,28.8506,0.42336,0,0.42336,460.49,0,1.02816,0,0,6.32845,5.30029,1.028160,1,0,237.099,0,0,0,237.099,0
72.29,2.19256,0,0,11.5942,0.312582,9.08904,3.6288,61.308,0.112078,0,0,8.71079,0.145287,8.45342,0.66528,12.849,1,0.389712,9.08904,0,225.448,3.42171,230.725,0.84672,12.849,0.84672,3695.15,0,0,0,6.73402,1.36482,22.4621,0.626754,29.9342,0.42336,0,0.42336,460.49,0,1.02816,0,0,7.76218,6.73402,1.028160,1,0,269.113,0,0,0,269.113,0
72.29,2.28215,0,0,9.28532,0.308428,6.69474,3.6288,61.308,0.145807,0,0,7.10173,0.148447,6.80748,0.66528,12.849,1,0.405635,6.69474,0,204.014,3.50059,206.802,0.84672,12.849,0.84672,3695.15,0,0,0,6.14624,1.36487,18.9253,0.630918,25.8055,0.42336,0,0.42336,460.49,0,1.02816,0,0,7.1744,6.14624,1.028160,1,0,239.415,0,0,0,239.415,0
72.29,2.28224,0,0,8.21059,0.308428,5.61992,3.6288,61.308,0.145839,0,0,7.60847,0.148447,7.31418,0.66528,12.849,1,0.405652,5.61992,0,176.432,3.50059,178.146,0.84672,12.849,0.84672,3695.15,0,0,0,5.70404,1.4107,18.5294,0.630918,25.0133,0.42336,0,0.42336,460.49,0,1.02816,0,0,6.7322,5.70404,1.028160,1,0,210.473,0,0,0,210.473,0
72.29,2.28234,0,0,7.45796,0.301314,4.87431,3.6288,61.308,0.145872,0,0,7.73781,0.157683,7.43426,0.66528,12.849,1,0.405668,4.87431,0,169.184,3.41349,170.239,0.84672,12.849,0.84672,3695.15,0,0,0,5.56831,1.41074,22.517,0.620043,28.8761,0.42336,0,0.42336,460.49,0,1.02816,0,0,6.59647,5.56831,1.028160,1,0,206.55,0,0,0,206.55,0
72.29,2.28243,0,0,7.21224,0.257643,4.67216,3.6288,61.308,0.145904,0,0,4.74227,0.191172,4.4052,0.66528,12.849,1,0.405685,4.67216,0,180.22,3.83025,180.656,0.84672,12.849,0.84672,3695.15,0,0,0,5.02498,1.41079,14.7722,0.763501,20.4445,0.42336,0,0.42336,460.49,0,1.02816,0,0,6.05314,5.02498,1.028160,1,0,205.506,0,0,0,205.506,0
72.29,2.24753,0,0,5.94249,0.272602,3.42236,3.6288,61.308,0.132846,0,0,3.01413,0.188782,2.6925,0.66528,12.849,1,0.399481,3.42236,0,137.965,3.9837,137.004,0.84672,12.849,0.84672,3695.15,0,0,0,4.03586,1.41083,11.205,0.84741,15.8042,0.42336,0,0.42336,460.49,0,1.02816,0,0,5.06402,4.03586,1.028160,1,0,155.501,0,0,0,155.501,0
72.29,2.24762,0,0,5.51746,0.272602,2.99724,3.6288,61.308,0.132878,0,0,2.83019,0.188782,2.50853,0.66528,12.849,1,0.399498,2.99724,0,117.841,3.9837,116.455,0.84672,12.849,0.84672,3695.15,0,0,0,3.71701,1.39304,10.2283,0.84741,14.4909,0.42336,0,0.42336,460.49,0,1.02816,0,0,4.74517,3.71701,1.028160,1,0,133.454,0,0,0,133.454,0
72.29,2.24771,0,0,5.1035,0.253029,2.60276,3.6288,61.308,0.13291,0,0,2.69123,0.194204,2.36412,0.66528,12.849,1,0.399514,2.60276,0,101.633,4.00758,99.8289,0.84672,12.849,0.84672,3695.15,0,0,0,3.46409,1.39309,9.44801,0.840587,13.4646,0.42336,0,0.42336,460.49,0,1.02816,0,0,4.49225,3.46409,1.028160,1,0,115.658,0,0,0,115.658,0
72.29,2.24781,0,0,5.28511,0.205305,2.83199,3.6288,61.308,0.132941,0,0,2.86144,0.206257,2.52224,0.66528,12.849,1,0.399531,2.83199,0,116.09,4.06174,114.46,0.84672,12.849,0.84672,3695.15,0,0,0,3.44524,1.39313,13.6418,0.82869,17.6515,0.42336,0,0.42336,460.49,0,1.02816,0,0,4.4734,3.44524,1.028160,1,0,134.634,0,0,0,134.634,0
72.29,2.36671,0,0,4.48987,0.212558,1.9106,3.6288,61.308,0.179401,0,0,1.833,0.197245,1.45636,0.66528,12.849,1,0.420665,1.9106,0,76.9141,4.02854,74.3755,0.84672,12.849,0.84672,3695.15,0,0,0,2.61047,1.39318,8.18225,0.859664,11.3262,0.42336,0,0.42336,460.49,0,1.02816,0,0,3.63863,2.61047,1.028160,1,0,87.1581,0,0,0,87.1581,0
72.29,2.36681,0,0,3.97624,0.212558,1.39687,3.6288,61.308,0.179434,0,0,1.64408,0.197245,1.2674,0.66528,12.849,1,0.420683,1.39687,0,66.325,4.02854,63.2726,0.84672,12.849,0.84672,3695.15,0,0,0,2.18752,1.45532,7.70299,0.859664,10.4862,0.42336,0,0.42336,460.49,0,1.02816,0,0,3.21568,2.18752,1.028160,1,0,75.0262,0,0,0,75.0262,0
72.29,2.36691,0,0,3.63435,0.18922,1.07822,3.6288,61.308,0.179468,0,0,1.64828,0.213421,1.25539,0.66528,12.849,1,0.4207,1.07822,0,59.7628,4.28837,56.1319,0.84672,12.849,0.84672,3695.15,0,0,0,2.55182,1.45536,7.49615,0.923964,10.5794,0.42336,0,0.42336,460.49,0,1.02816,0,0,3.57998,2.55182,1.028160,1,0,67.9667,0,0,0,67.9667,0
72.29,2.367,0,0,3.28197,0.158103,0.756866,3.6288,61.308,0.179501,0,0,1.44082,0.234989,1.02633,0.66528,12.849,1,0.420717,0.756866,0,57.1031,4.6348,52.8045,0.84672,12.849,0.84672,3695.15,0,0,0,1.97588,1.45541,6.579,1.0097,9.00059,0.42336,0,0.42336,460.49,0,1.02816,0,0,3.00404,1.97588,1.028160,1,0,62.8314,0,0,0,62.8314,0
72.29,2.3671,0,0,3.5674,0.178416,1.02188,3.6288,61.308,0.179535,0,0,1.51152,0.234061,1.09793,0.66528,12.849,1,0.420734,1.02188,0,69.7623,4.84081,65.5226,0.84672,12.849,0.84672,3695.15,0,0,0,1.23384,1.45546,9.01366,1.18206,10.5209,0.42336,0,0.42336,460.49,0,1.02816,0,0,2.262,1.23384,1.028160,1,0,77.1415,0,0,0,77.1415,0
72.29,2.3437,0,0,3.41188,0.115144,0.953043,3.6288,61.308,0.20509,0,0,1.5355,0.258812,1.0716,0.66528,12.849,1,0.416575,0.953043,0,68.1696,5.06748,63.6386,0.84672,12.849,0.84672,3695.15,0,0,0,1.34164,1.45551,9.63343,1.26791,11.1627,0.42336,0,0.42336,460.49,0,1.02816,0,0,2.3698,1.34164,1.028160,1,0,75.8728,0,0,0,75.8728,0
72.29,2.34379,0,0,3.16386,0.1041,0.71597,3.6288,61.308,0.205125,0,0,1.51727,0.262963,1.04918,0.66528,12.849,1,0.416592,0.71597,0,62.3427,5.09954,57.5425,0.84672,12.849,0.84672,3695.15,0,0,0,1.2452,1.47008,9.08772,1.27743,10.5256,0.42336,0,0.42336,460.49,0,1.02816,0,0,2.27336,1.2452,1.028160,1,0,69.1173,0,0,0,69.1173,0
72.29,2.34389,0,0,2.94279,0.104034,0.494869,3.6288,61.308,0.205159,0,0,1.52415,0.262963,1.05603,0.66528,12.849,1,0.416609,0.494869,0,57.6595,5.09954,52.6382,0.84672,12.849,0.84672,3695.15,0,0,0,1.36053,1.47013,8.59887,1.27743,10.1521,0.42336,0,0.42336,460.49,0,1.02816,0,0,2.38869,1.36053,1.028160,1,0,63.8463,0,0,0,63.8463,0
72.2823,2.34399,0,0,2.8037,0.104497,0.36288,3.6288,61.308,0.205194,0,0,1.38096,0.279052,0.896712,0.66528,12.849,1,0.416626,0.36288,0,54.1388,5.4274,48.6577,0.84672,12.849,0.84672,3695.15,0,0,0,1.17498,1.47018,7.85894,1.36659,9.13751,0.42336,0,0.42336,460.49,0,1.02816,0,0,2.20314,1.17498,1.028160,1,0,58.6919,0,0,0,58.6919,0
72.1027,2.40474,0,0,2.69306,0.105109,0.36288,3.6288,61.308,0.227977,0,0,1.24623,0.300503,0.717753,0.66528,12.849,1,0.42747,0.36288,0,49.2064,5.86456,43.2772,0.84672,12.849,0.84672,3695.15,0,0,0,1.06451,1.47023,7.28784,1.48547,8.3371,0.42336,0,0.42336,460.49,0,1.02816,0,0,2.09267,1.06451,1.028160,1,0,52.3321,0,0,0,52.3321,0
71.6146,2.40394,0,0,2.38368,0.104965,0.36288,3.6288,61.308,0.228013,0,0,1.16971,0.300503,0.641194,0.66528,12.849,1,0.428392,0.36288,0,46.45,5.86456,40.5199,0.84672,12.849,0.84672,3695.15,0,0,0,0.957614,1.50125,7.29199,1.48547,8.26538,0.42336,0,0.42336,460.49,0,1.02816,0,0,1.98577,0.957614,1.028160,1,0,49.4265,0,0,0,49.4265,0
70.9249,2.40156,0,0,2.17939,0.104576,0.36288,3.6288,61.308,0.228048,0,0,1.12992,0.300503,0.601371,0.66528,12.849,1,0.430885,0.36288,0,43.6216,5.86456,37.6891,0.84672,12.849,0.84672,3695.15,0,0,0,0.80149,1.5013,6.94777,1.48547,7.76508,0.42336,0,0.42336,460.49,0,1.02816,0,0,1.82965,0.80149,1.028160,1,0,46.0555,0,0,0,46.0555,0
69.9463,2.39811,0,0,1.87017,0.0877949,0.36288,3.6288,61.308,0.228083,0,0,1.1253,0.306865,0.590351,0.66528,12.849,1,0.43445,0.36288,0,41.6093,6.12387,35.4139,0.84672,12.849,0.84672,3695.15,0,0,0,0.783596,1.50135,6.90371,1.50075,7.6879,0.42336,0,0.42336,460.49,0,1.02816,0,0,1.81176,0.783596,1.028160,1,0,43.6921,0,0,0,43.6921,0
68.5084,2.56996,0,0,1.60364,0.108767,0.36288,3.6288,61.308,0.310243,0,0,0.790577,0.326343,0.153991,0.66528,12.849,1,0.472096,0.36288,0,25.3778,6.03612,19.2324,0.84672,12.849,0.84672,3695.15,0,0,0,0.301916,1.5014,5.37498,1.44144,5.73685,0.42336,0,0.42336,460.49,0,1.02816,0,0,1.33008,0.301916,1.028160,1,0,25.1233,0,0,0,25.1233,0
67.2728,2.56172,0,0,1.79188,0.102798,0.36288,3.6288,61.308,0.310282,0,0,0.97149,0.328933,0.332276,0.66528,12.849,1,0.48046,0.36288,0,32.2927,6.1109,26.0642,0.84672,12.849,0.84672,3695.15,0,0,0,0.642142,1.60413,5.70522,1.45638,6.49511,0.42336,0,0.42336,460.49,0,1.02816,0,0,1.6703,0.642142,1.028160,1,0,32.8916,0,0,0,32.8916,0
65.6694,2.55441,0,0,1.41566,0.101806,0.36288,3.6288,61.308,0.34628,0,0,0.709145,0.328933,0.033933,0.66528,12.849,1,0.487889,0.36288,0,33.3252,6.1109,27.0893,0.84672,12.849,0.84672,3695.15,0,0,0,0.204422,1.60418,4.52061,1.45638,4.87284,0.42336,0,0.42336,460.49,0,0.9922,0,0,1.19662,0.204422,1.028160,1,0,31.996,0,0,0,31.996,0
64.4148,2.54455,0,0,1.75332,0.100519,0.36288,3.6288,61.308,0.310358,0,0,1.17978,0.328933,0.540492,0.66528,12.849,1,0.497872,0.36288,0,29.5334,6.1109,23.2875,0.84672,12.849,0.84672,3695.15,0,0,0,1.10614,1.60424,6.79321,1.45638,8.04721,0.42336,0,0.42336,460.49,0,1.02816,0,0,2.1343,1.10614,1.028160,1,0,31.8752,0,0,0,31.8752,0
62.5962,2.53657,0,0,1.17901,0.0980947,0.36288,3.6288,61.1342,0.516512,0,0,0.707936,0.365231,0,0.66528,12.849,1,0.505978,0.36288,0,29.7012,6.08967,23.4684,0.84672,12.849,0.84672,3695.15,0,0,0,0.204422,1.60429,6.54165,1.49113,6.85923,0.42336,0,0.42336,460.49,0,0.822044,0,0,1.02647,0.204422,1.028160,1,0,30.3277,0,0,0,30.3277,0
60.8457,2.4398,0,0,1.18522,0.133029,0.36288,3.6288,60.8611,0.619208,0,0,0.697896,0.35176,0,0.66528,12.849,1,0.500813,0.36288,0,24.0887,5.86032,18.0904,0.84672,12.849,0.84672,3695.15,0,0,0,0.204422,1.60434,6.49138,1.42918,6.87097,0.42336,0,0.42336,460.49,0,0.669531,0,0,0.873953,0.204422,1.028160,1,0,24.9614,0,0,0,24.9614,0
59.5651,2.428,0,0,1.66865,0.158424,0.36288,3.6288,60.7714,0.516671,0,0,0.757426,0.330508,0,0.66528,12.849,1,0.512729,0.36288,0,26.8865,5.69468,21.0419,0.84672,12.849,0.84672,3695.15,0,0,0,0.216518,1.54675,5.78438,1.37228,6.17536,0.42336,0,0.42336,460.49,0,0.772105,0,0,0.988623,0.216518,1.028160,1,0,27.2173,0,0,0,27.2173,0
58.9176,2.41903,0,0,2.29098,0.156599,0.36288,3.6288,61.308,0.260652,0,0,1.22509,0.33032,0.0974861,0.66528,12.849,1,0.521818,0.36288,0,51.6534,5.69468,45.7998,0.84672,12.849,0.84672,3695.15,0,0,0,0.603616,1.5468,10.2642,1.37228,11.0424,0.42336,0,0.42336,460.49,0,1.02816,0,0,1.63178,0.603616,1.028160,1,0,56.9396,0,0,0,56.9396,0
57.7929,2.41442,0,0,1.81733,0.164731,0.36288,3.6288,61.308,0.314853,0,0,0.848879,0.300224,0.233803,0.66528,12.849,1,0.526548,0.36288,0,56.7613,5.31724,51.2803,0.84672,12.849,0.84672,3695.15,0,0,0,0.216518,1.54685,6.30759,1.31923,6.75173,0.42336,0,0.42336,460.49,0,0.973996,0,0,1.19051,0.216518,1.028160,1,0,58.2659,0,0,0,58.2659,0
57.2647,2.33759,0,0,2.35781,0.185456,0.36288,3.6288,61.308,0.399352,0,0,0.805009,0.222172,0.183485,0.66528,12.849,1,0.519713,0.36288,0,48.5107,4.37367,43.9802,0.84672,12.849,0.84672,3695.15,0,0,0,0.216518,1.5469,4.73829,1.1866,5.31511,0.42336,0,0.42336,460.49,0,0.844145,0,0,1.06066,0.216518,1.028160,1,0,49.4788,0,0,0,49.4788,0
56.5571,2.33377,0,0,2.17346,0.1845,0.36288,3.6288,61.308,0.215372,0,0,1.02125,0.222172,0.583704,0.66528,12.849,1,0.523649,0.36288,0,41.4652,4.37367,36.9307,0.84672,12.849,0.84672,3695.15,0,0,0,0.380091,1.49618,6.5375,1.1866,7.22717,0.42336,0,0.42336,460.49,0,1.02816,0,0,1.40825,0.380091,1.028160,1,0,44.7416,0,0,0,44.7416,0
55.9346,2.32853,0,0,2.27952,0.210604,0.36288,3.6288,61.308,0.215407,0,0,1.3319,0.231395,0.885098,0.66528,12.849,1,0.52901,0.36288,0,59.7151,3.66285,55.8861,0.84672,12.849,0.84672,3695.15,0,0,0,0.37139,1.49623,6.05172,1.03541,6.88393,0.42336,0,0.42336,460.49,0,1.02816,0,0,1.39955,0.37139,1.028160,1,0,63.6551,0,0,0,63.6551,0
57.6898,2.32384,0,0,4.65582,0.213844,0.36288,3.6288,61.308,0.215442,0,0,0.998155,0.232932,0.549782,0.66528,12.849,1,0.53382,0.36288,0,79.0033,3.54438,75.288,0.84672,12.849,0.84672,3695.15,0,0,0,0.778766,1.49628,8.00865,1.01021,9.27348,0.42336,0,0.42336,460.49,0,1.02816,0,0,1.80693,0.778766,1.028160,1,0,85.1112,0,0,0,85.1112,0
59.1294,2.14257,0,0,4.20936,0.264297,0.36288,3.6288,61.308,0.120932,0,0,0.792093,0.230988,0.440173,0.66528,12.849,1,0.477205,0.36288,0,61.668,4.94729,56.6064,0.84672,12.849,0.84672,3695.15,0,0,0,0.839151,1.49633,10.1727,1.15006,11.3582,0.42336,0,0.42336,460.49,0,1.02816,0,0,1.86731,0.839151,1.028160,1,0,68.4047,0,0,0,68.4047,0
59.6915,2.1522,0,0,3.34515,0.268018,0.36288,3.6288,61.308,0.120964,0,0,0.768317,0.230988,0.416366,0.66528,12.849,1,0.46768,0.36288,0,62.4649,4.94729,57.4128,0.84672,12.849,0.84672,3695.15,0,0,0,0.852535,1.37873,12.8633,1.15006,13.9445,0.42336,0,0.42336,460.49,0,1.02816,0,0,1.88069,0.852535,1.028160,1,0,71.7736,0,0,0,71.7736,0
59.3647,2.15592,0,0,2.44935,0.257366,0.36288,3.6288,61.0481,0.478501,0,0,0.406637,0.188075,0,0.66528,12.849,1,0.464076,0.36288,0,39.8205,4.16616,35.5531,0.84672,12.849,0.84672,3695.15,0,0,0,0.412474,1.37878,6.74087,0.92542,7.6067,0.42336,0,0.42336,460.49,0,0.670654,0,0,1.08313,0.412474,1.028160,1,0,43.1598,0,0,0,43.1598,0
58.503,2.1539,0,0,1.90685,0.251732,0.36288,3.6288,60.7673,0.641146,0,0,0.531035,0.170629,0,0.66528,12.849,1,0.466195,0.36288,0,41.4541,3.85371,37.4971,0.84672,12.849,0.84672,3695.15,0,0,0,0.412474,1.37882,6.5015,0.835564,7.45723,0.42336,0,0.42336,460.49,0,0.508041,0,0,0.920514,0.412474,1.028160,1,0,44.9543,0,0,0,44.9543,0
58.6711,2.14836,0,0,2.91152,0.232193,0.36288,3.6288,60.6787,0.498099,0,0,0.596629,0.187192,0,0.66528,12.849,1,0.471845,0.36288,0,50.1523,3.99123,46.0522,0.84672,12.849,0.84672,3695.15,0,0,0,0.412474,1.37887,6.27853,0.98427,7.0856,0.42336,0,0.42336,460.49,0,0.651119,0,0,1.06359,0.412474,1.028160,1,0,53.1378,0,0,0,53.1378,0
58.8506,2.22467,0,0,2.98652,0.219462,0.36288,3.6288,60.4646,0.516344,0,0,0.501982,0.19973,0,0.66528,12.849,1,0.487204,0.36288,0,56.164,4.09437,51.9453,0.84672,12.849,0.84672,3695.15,0,0,0,0.412474,1.37891,3.86149,1.0958,4.55708,0.42336,0,0.42336,460.49,0,0.660286,0,0,1.07276,0.412474,1.028160,1,0,56.5024,0,0,0,56.5024,0
60.1388,2.22597,0,0,4.1032,0.226105,0.36288,3.6288,61.1739,0.148498,0,0,1.06599,0.208152,0,0.66528,12.849,1,0.486001,0.36288,0,107.141,4.15814,102.86,0.84672,12.849,0.84672,3695.15,0,0,0,0.691243,1.41727,11.6386,1.11806,12.6291,0.42336,0,0.42336,460.49,0,1.02816,0,0,1.7194,0.691243,1.028160,1,0,115.489,0,0,0,115.489,0
61.7865,2.23463,0,0,4.51218,0.266958,0.36288,3.6288,61.308,0.148526,0,0,0.801115,0.261482,0.25702,0.66528,12.849,1,0.47744,0.36288,0,82.3673,4.54072,77.712,0.84672,12.849,0.84672,3695.15,0,0,0,1.04631,1.41731,6.17428,1.25159,7.38631,0.42336,0,0.42336,460.49,0,1.02816,0,0,2.07447,1.04631,1.028160,1,0,85.3553,0,0,0,85.3553,0
61.9417,2.24525,0,0,3.03478,0.271479,0.36288,3.6288,61.2871,0.474567,0,0,0.713024,0.25938,0,0.66528,12.849,1,0.466916,0.36288,0,47.6979,4.39599,43.1979,0.84672,12.849,0.84672,3695.15,0,0,0,0.503194,1.41735,3.69082,1.21573,4.39563,0.42336,0,0.42336,460.49,0,0.702147,0,0,1.20534,0.503194,1.028160,1,0,47.5935,0,0,0,47.5935,0
61.3013,2.48982,0,0,2.48843,0.276132,0.36288,3.6288,60.9462,0.674201,0,0,0.575981,0.24262,0,0.66528,12.849,1,0.516481,0.36288,0,39.9276,3.5502,36.2238,0.84672,12.849,0.84672,3695.15,0,0,0,0.503194,1.41739,3.34741,1.00556,4.26244,0.42336,0,0.42336,460.49,0,0.605344,0,0,1.10854,0.503194,1.028160,1,0,40.4862,0,0,0,40.4862,0
60.6317,2.48545,0,0,2.45074,0.27208,0.36288,3.6288,60.568,0.652347,0,0,0.499544,0.225452,0,0.66528,12.849,1,0.520959,0.36288,0,39.8047,3.68592,35.9607,0.84672,12.849,0.84672,3695.15,0,0,0,0.503194,1.55196,3.27914,1.03581,4.29848,0.42336,0,0.42336,460.49,0,0.627229,0,0,1.13042,0.503194,1.028160,1,0,40.2591,0,0,0,40.2591,0
60.7202,2.43493,0,0,3.15693,0.270572,0.36288,3.6288,60.5739,0.382191,0,0,0.613055,0.224912,0,0.66528,12.849,1,0.516008,0.36288,0,53.7451,3.68592,49.9061,0.84672,12.849,0.84672,3695.15,0,0,0,0.608429,1.552,4.47709,1.03581,5.60171,0.42336,0,0.42336,460.49,0,0.881004,0,0,1.48943,0.608429,1.028160,1,0,55.5078,0,0,0,55.5078,0
61.8041,2.25215,0,0,3.97115,0.27226,0.36288,3.6288,60.9298,0.169412,0,0,0.745585,0.220309,0,0.66528,12.849,1,0.476578,0.36288,0,70.3146,3.67212,66.5287,0.84672,12.849,0.84672,3695.15,0,0,0,0.690561,1.52895,4.89383,1.01857,6.09476,0.42336,0,0.42336,460.49,0,1.02816,0,0,1.71872,0.690561,1.028160,1,0,72.6235,0,0,0,72.6235,0
68.0089,2.14196,0,0,8.99344,0.283727,0.36288,3.6288,61.308,0.113528,0,0,1.11438,0.193076,0.429573,0.66528,12.849,1,0.445311,0.36288,0,118.007,3.58932,114.335,0.84672,12.849,0.84672,3695.15,0,0,0,1.14506,1.43661,8.75267,0.915173,10.4192,0.42336,0,0.42336,460.49,0,1.02816,0,0,2.17322,1.14506,1.028160,1,0,125.184,0,0,0,125.184,0
71.1138,2.17621,0,0,5.94221,0.29824,0.36288,3.6288,61.308,0.113555,0,0,1.11796,0.193539,0.810871,0.66528,12.849,1,0.411153,0.36288,0,77.849,3.58932,74.2114,0.84672,12.849,0.84672,3695.15,0,0,0,0.643628,1.36692,8.48802,0.915173,9.5834,0.42336,0,0.42336,460.49,0,1.02816,0,0,1.67179,0.643628,1.028160,1,0,84.6057,0,0,0,84.6057,0
72.29,2.19149,0,0,4.21443,0.305502,0.541269,3.6288,61.308,0.113581,0,0,0.867171,0.193539,0.560051,0.66528,12.849,1,0.395963,0.541269,0,71.0942,3.58932,67.6502,0.84672,12.849,0.84672,3695.15,0,0,0,0.604826,1.36696,6.69438,0.915173,7.751,0.42336,0,0.42336,460.49,0,1.02816,0,0,1.63299,0.604826,1.028160,1,0,75.9613,0,0,0,75.9613,0
72.29,2.19704,0,0,5.66436,0.296924,3.1704,3.6288,61.308,0.252997,0,0,0.926398,0.187522,0.485879,0.66528,12.849,1,0.390507,3.1704,0,81.9685,3.50213,81.2463,0.84672,12.849,0.84672,3695.15,0,0,0,0.558835,1.367,7.37908,0.902647,8.40226,0.42336,0,0.42336,460.49,0,0.888771,0,0,1.44761,0.558835,1.028160,1,0,90.1345,0,0,0,90.1345,0
72.29,2.19712,0,0,5.6543,0.302311,3.15487,3.6288,61.308,0.113635,0,0,1.00509,0.192298,0.699158,0.66528,12.849,1,0.390521,3.15487,0,81.6687,4.29651,80.1366,0.84672,12.849,0.84672,3695.15,0,0,0,1.11929,1.36704,6.69652,1.02228,8.16057,0.42336,0,0.42336,460.49,0,1.02816,0,0,2.14745,1.11929,1.028160,1,0,88.9963,0,0,0,88.9963,0
72.29,2.28686,0,0,4.56371,0.320441,1.95641,3.6288,61.308,0.147422,0,0,0.843782,0.191627,0.504734,0.66528,12.849,1,0.406471,1.95641,0,50.2002,4.44769,47.3025,0.84672,12.849,0.84672,3695.15,0,0,0,0.607003,1.36707,6.17589,1.02372,7.12625,0.42336,0,0.42336,460.49,0,1.02816,0,0,1.63516,0.607003,1.028160,1,0,54.9334,0,0,0,54.9334,0
72.29,2.28694,0,0,3.81771,0.320441,1.21034,3.6288,61.308,0.241082,0,0,0.709413,0.191627,0.276705,0.66528,12.849,1,0.406486,1.21034,0,43.7582,4.44769,40.1144,0.84672,12.849,0.84672,3695.15,0,0,0,0.528595,1.41298,5.81749,1.02372,6.73536,0.42336,0,0.42336,460.49,0,0.934528,0,0,1.46312,0.528595,1.028160,1,0,47.1264,0,0,0,47.1264,0
72.29,2.28702,0,0,4.00908,0.243463,1.4786,3.6288,61.308,0.324442,0,0,0.708566,0.167857,0.216267,0.66528,12.849,1,0.4065,1.4786,0,49.1695,3.18308,47.0586,0.84672,12.849,0.84672,3695.15,0,0,0,0.528595,1.41302,5.64554,0.878194,6.70897,0.42336,0,0.42336,460.49,0,0.851195,0,0,1.37979,0.528595,1.028160,1,0,53.9838,0,0,0,53.9838,0
72.29,2.2871,0,0,3.79481,0.247037,1.26067,3.6288,61.308,0.160422,0,0,0.742338,0.165114,0.416802,0.66528,12.849,1,0.406515,1.26067,0,54.3231,3.48363,51.6937,0.84672,12.849,0.84672,3695.15,0,0,0,0.528595,1.41306,5.93493,0.912615,6.96397,0.42336,0,0.42336,460.49,0,1.01524,0,0,1.54384,0.528595,1.028160,1,0,59.0744,0,0,0,59.0744,0
72.29,2.25212,0,0,3.38293,0.279616,0.851197,3.6288,61.308,0.278716,0,0,0.813352,0.175409,0.359227,0.66528,12.849,1,0.400297,0.851197,0,52.9256,4.07523,49.3013,0.84672,12.849,0.84672,3695.15,0,0,0,0.528595,1.4131,5.9279,0.977932,6.89167,0.42336,0,0.42336,460.49,0,0.883863,0,0,1.41246,0.528595,1.028160,1,0,56.5522,0,0,0,56.5522,0
72.29,2.2522,0,0,3.01856,0.258341,0.508017,3.6288,61.308,0.383581,0,0,0.682206,0.205493,0.0931314,0.66528,12.849,1,0.400311,0.508017,0,47.0267,4.39136,42.7431,0.84672,12.849,0.84672,3695.15,0,0,0,0.528595,1.39527,5.38239,1.00283,6.30343,0.42336,0,0.42336,460.49,0,0.779026,0,0,1.30762,0.528595,1.028160,1,0,49.1397,0,0,0,49.1397,0
72.29,2.25228,0,0,2.84086,0.202162,0.386418,3.6288,61.308,0.277734,0,0,0.678456,0.231652,0.16907,0.66528,12.849,1,0.400325,0.386418,0,43.8553,4.62199,39.2194,0.84672,12.849,0.84672,3695.15,0,0,0,0.402797,1.39531,5.35639,1.0166,6.1379,0.42336,0,0.42336,460.49,0,0.8849,0,0,1.2877,0.402797,1.028160,1,0,45.5264,0,0,0,45.5264,0
72.2103,2.25236,0,0,2.73772,0.202162,0.36288,3.6288,61.308,0.232574,0,0,0.678084,0.231652,0.213859,0.66528,12.849,1,0.40034,0.36288,0,41.9303,4.62199,37.2708,0.84672,12.849,0.84672,3695.15,0,0,0,0.402797,1.39535,5.88572,1.0166,6.66727,0.42336,0,0.42336,460.49,0,0.930087,0,0,1.33288,0.402797,1.028160,1,0,44.1519,0,0,0,44.1519,0
71.9413,2.37107,0,0,2.66043,0.195498,0.36288,3.6288,61.308,0.181041,0,0,0.742729,0.232305,0.329383,0.66528,12.849,1,0.421905,0.36288,0,36.528,4.70988,31.7591,0.84672,12.849,0.84672,3695.15,0,0,0,0.434376,1.39539,5.13286,1.09015,5.87248,0.42336,0,0.42336,460.49,0,1.02816,0,0,1.46254,0.434376,1.028160,1,0,37.961,0,0,0,37.961,0
71.4505,2.36982,0,0,2.43702,0.195098,0.36288,3.6288,61.308,0.293485,0,0,0.679398,0.232305,0.153608,0.66528,12.849,1,0.423259,0.36288,0,32.7762,4.70988,28.0059,0.84672,12.849,0.84672,3695.15,0,0,0,0.402797,1.45763,4.9028,1.09015,5.67308,0.42336,0,0.42336,460.49,0,0.915745,0,0,1.31854,0.402797,1.028160,1,0,33.8326,0,0,0,33.8326,0
70.8327,2.36744,0,0,2.2639,0.151456,0.36288,3.6288,61.308,0.2375,0,0,0.650419,0.260635,0.152284,0.66528,12.849,1,0.425738,0.36288,0,28.9999,5.03118,23.9059,0.84672,12.849,0.84672,3695.15,0,0,0,0.30119,1.45767,4.68132,1.17224,5.26795,0.42336,0,0.42336,460.49,0,0.971758,0,0,1.27295,0.30119,1.028160,1,0,29.3261,0,0,0,29.3261,0
70.093,2.36438,0,0,2.13122,0.143623,0.36288,3.6288,61.308,0.32589,0,0,0.621196,0.265357,0.0299488,0.66528,12.849,1,0.428896,0.36288,0,28.5745,5.08473,23.4237,0.84672,12.849,0.84672,3695.15,0,0,0,0.30119,1.45771,4.74177,1.18592,5.31475,0.42336,0,0.42336,460.49,0,0.883397,0,0,1.18459,0.30119,1.028160,1,0,28.7684,0,0,0,28.7684,0
69.5011,2.36063,0,0,2.26434,0.132674,0.36288,3.6288,61.308,0.181156,0,0,0.795301,0.264412,0.349733,0.66528,12.849,1,0.432736,0.36288,0,36.5616,5.22798,31.2638,0.84672,12.849,0.84672,3695.15,0,0,0,0.816549,1.45775,4.28706,1.16888,5.39248,0.42336,0,0.42336,460.49,0,1.02816,0,0,1.84471,0.816549,1.028160,1,0,37.006,0,0,0,37.006,0
68.9058,2.33421,0,0,2.20904,0.107321,0.36288,3.6288,61.308,0.206753,0,0,0.809473,0.293507,0.309213,0.66528,12.849,1,0.431536,0.36288,0,38.2463,5.31693,32.8607,0.84672,12.849,0.84672,3695.15,0,0,0,1.03282,1.4578,4.00036,1.25971,5.23127,0.42336,0,0.42336,460.49,0,1.02816,0,0,2.06098,1.03282,1.028160,1,0,38.4012,0,0,0,38.4012,0
68.2099,2.33115,0,0,2.09674,0.0985798,0.36288,3.6288,61.308,0.206782,0,0,0.786879,0.305297,0.274801,0.66528,12.849,1,0.434693,0.36288,0,35.4446,5.32959,30.0432,0.84672,12.849,0.84672,3695.15,0,0,0,0.961001,1.47239,3.96595,1.29876,5.10058,0.42336,0,0.42336,460.49,0,1.02816,0,0,1.98916,0.961001,1.028160,1,0,35.4185,0,0,0,35.4185,0
67.3798,2.3275,0,0,1.95826,0.0980456,0.36288,3.6288,61.308,0.206812,0,0,0.689049,0.305297,0.17694,0.66528,12.849,1,0.438441,0.36288,0,32.6381,5.32959,27.233,0.84672,12.849,0.84672,3695.15,0,0,0,0.883578,1.47243,3.75917,1.29876,4.81642,0.42336,0,0.42336,460.49,0,1.02816,0,0,1.91174,0.883578,1.028160,1,0,32.2263,0,0,0,32.2263,0
66.4048,2.32304,0,0,1.80502,0.0940968,0.36288,3.6288,61.308,0.206842,0,0,0.633081,0.309768,0.116472,0.66528,12.849,1,0.442993,0.36288,0,31.2473,5.41068,25.7565,0.84672,12.849,0.84672,3695.15,0,0,0,0.736275,1.47248,3.53106,1.33486,4.40495,0.42336,0,0.42336,460.49,0,1.02816,0,0,1.76443,0.736275,1.028160,1,0,30.278,0,0,0,30.278,0
65.2319,2.37768,0,0,1.65284,0.0851587,0.36288,3.6288,61.308,0.229661,0,0,0.591197,0.320947,0.0405898,0.66528,12.849,1,0.460069,0.36288,0,27.9982,5.61341,22.2876,0.84672,12.849,0.84672,3695.15,0,0,0,0.737407,1.47252,3.25799,1.4251,4.04281,0.42336,0,0.42336,460.49,0,1.02816,0,0,1.76557,0.737407,1.028160,1,0,26.371,0,0,0,26.371,0
63.9272,2.37085,0,0,1.51345,0.0843654,0.36288,3.6288,61.3049,0.229691,0,0,0.547576,0.320947,0,0.66528,12.849,1,0.466996,0.36288,0,26.6122,5.61341,20.8946,0.84672,12.849,0.84672,3695.15,0,0,0,0.481092,1.50359,2.86372,1.4251,3.4233,0.42336,0,0.42336,460.49,0,1.02816,0,0,1.50925,0.481092,1.028160,1,0,24.3179,0,0,0,24.3179,0
62.7261,2.363,0,0,1.59904,0.074304,0.36288,3.6288,61.308,0.229721,0,0,0.628599,0.326121,0.0696948,0.66528,12.849,1,0.474948,0.36288,0,26.1001,5.76295,20.2251,0.84672,12.849,0.84672,3695.15,0,0,0,0.78294,1.50363,3.78834,1.45498,4.61992,0.42336,0,0.42336,460.49,0,1.02816,0,0,1.8111,0.78294,1.028160,1,0,24.9147,0,0,0,24.9147,0
61.55,2.35553,0,0,1.61291,0.0705606,0.36288,3.6288,61.308,0.229752,0,0,0.615863,0.287624,0.0984868,0.66528,12.849,1,0.482514,0.36288,0,25.4606,5.77215,19.5688,0.84672,12.849,0.84672,3695.15,0,0,0,0.827505,1.50367,3.70568,1.48695,4.54991,0.42336,0,0.42336,460.49,0,1.02816,0,0,1.85566,0.827505,1.028160,1,0,24.2172,0,0,0,24.2172,0
60.1665,2.52151,0,0,1.5952,0.0943169,0.36288,3.6288,61.1954,0.31205,0,0,0.525278,0.325825,0,0.66528,12.849,1,0.526382,0.36288,0,23.7155,6.19567,17.3563,0.84672,12.849,0.84672,3695.15,0,0,0,0.39166,1.50371,2.41263,1.61008,2.69792,0.42336,0,0.42336,460.49,0,1.02816,0,0,1.41982,0.39166,1.028160,1,0,20.0542,0,0,0,20.0542,0
58.5767,2.51162,0,0,1.38269,0.0979899,0.36288,3.6288,61.0439,0.312083,0,0,0.492079,0.331524,0,0.66528,12.849,1,0.536375,0.36288,0,28.9752,6.2538,22.5479,0.84672,12.849,0.84672,3695.15,0,0,0,0.251027,1.60662,2.15562,1.62812,2.38515,0.42336,0,0.42336,460.49,0,1.02816,0,0,1.27919,0.251027,1.028160,1,0,24.933,0,0,0,24.933,0
57.0297,2.49977,0,0,1.41214,0.0965024,0.36288,3.6288,60.965,0.312116,0,0,0.564459,0.331207,0,0.66528,12.849,1,0.548333,0.36288,0,25.0995,6.2538,18.6603,0.84672,12.849,0.84672,3695.15,0,0,0,0.323551,1.60667,2.23856,1.62812,2.54066,0.42336,0,0.42336,460.49,0,1.02816,0,0,1.35171,0.323551,1.028160,1,0,21.201,0,0,0,21.201,0
55.5078,2.48772,0,0,1.42484,0.0961716,0.36288,3.6288,60.8974,0.312149,0,0,0.568737,0.324161,0,0.66528,12.849,1,0.560492,0.36288,0,25.4676,6.06895,19.201,0.84672,12.849,0.84672,3695.15,0,0,0,0.65378,1.60671,2.86326,1.55616,3.56759,0.42336,0,0.42336,460.49,0,1.02816,0,0,1.68194,0.65378,1.028160,1,0,22.7686,0,0,0,22.7686,0
54.3027,2.47532,0,0,1.76854,0.135419,0.36288,3.6288,61.2371,0.312182,0,0,0.930147,0.278326,0,0.66528,12.849,1,0.572991,0.36288,0,27.8674,4.88284,22.7744,0.84672,12.849,0.84672,3695.15,0,0,0,0.44896,1.60676,3.52063,1.25707,4.31927,0.42336,0,0.42336,460.49,0,1.02816,0,0,1.47712,0.44896,1.028160,1,0,27.0937,0,0,0,27.0937,0
53.8824,2.38245,0,0,2.48412,0.159048,0.36288,3.6288,61.308,0.262274,0,0,1.4067,0.275592,0.797904,0.66528,12.849,1,0.563731,0.36288,0,31.8071,4.82506,26.7812,0.84672,12.849,0.84672,3695.15,0,0,0,0.778438,1.6068,4.01749,1.35655,5.04618,0.42336,0,0.42336,460.49,0,1.02816,0,0,1.8066,0.778438,1.028160,1,0,32.6253,0,0,0,32.6253,0
53.0248,2.37899,0,0,2.04262,0.158372,0.36288,3.6288,61.308,0.262305,0,0,1.96614,0.275715,1.42811,0.66528,12.849,1,0.567301,0.36288,0,30.8771,4.82506,25.8476,0.84672,12.849,0.84672,3695.15,0,0,0,2.05411,1.5491,4.53597,1.35655,6.78263,0.42336,0,0.42336,460.49,0,1.02816,0,0,3.08227,2.05411,1.028160,1,0,34.0584,0,0,0,34.0584,0
51.8282,2.37168,0,0,1.69488,0.156992,0.36288,3.6288,61.308,0.262337,0,0,1.05747,0.275715,0.519415,0.66528,12.849,1,0.574707,0.36288,0,29.5849,4.82506,24.548,0.84672,12.849,0.84672,3695.15,0,0,0,0.56751,1.54915,3.37809,1.35655,4.1382,0.42336,0,0.42336,460.49,0,1.02816,0,0,1.59567,0.56751,1.028160,1,0,29.2056,0,0,0,29.2056,0
50.8296,2.36113,0,0,1.923,0.197556,0.36288,3.6288,61.308,0.262368,0,0,1.03597,0.23395,0.539651,0.66528,12.849,1,0.585361,0.36288,0,28.5094,4.27626,24.0107,0.84672,12.849,0.84672,3695.15,0,0,0,0.561963,1.54919,3.36858,1.17214,4.30759,0.42336,0,0.42336,460.49,0,1.02816,0,0,1.59012,0.561963,1.028160,1,0,28.8579,0,0,0,28.8579,0
49.1547,2.28504,0,0,1.19362,0.220581,0.36288,3.6288,61.308,0.414261,0,0,0.633518,0.195611,0.0236455,0.66528,12.849,1,0.577626,0.36288,0,23.7376,3.89025,19.6326,0.84672,12.849,0.84672,3695.15,0,0,0,0.216518,1.54924,2.81737,0.974268,3.60885,0.42336,0,0.42336,460.49,0,0.830834,0,0,1.04735,0.216518,1.028160,1,0,23.2651,0,0,0,23.2651,0
48.6501,2.26952,0,0,2.34453,0.2167,0.36288,3.6288,61.308,0.216964,0,0,1.10362,0.195611,0.691042,0.66528,12.849,1,0.59325,0.36288,0,34.7516,3.89025,30.631,0.84672,12.849,0.84672,3695.15,0,0,0,0.253411,1.49842,4.82849,0.974268,5.60606,0.42336,0,0.42336,460.49,0,1.02816,0,0,1.28157,0.253411,1.028160,1,0,36.9281,0,0,0,36.9281,0
48.5623,2.26473,0,0,2.75525,0.215522,0.36288,3.6288,61.308,0.216994,0,0,1.82174,0.195611,1.40914,0.66528,12.849,1,0.598139,0.36288,0,37.6206,3.89025,33.4951,0.84672,12.849,0.84672,3695.15,0,0,0,1.36609,1.49847,5.86825,0.974268,7.75854,0.42336,0,0.42336,460.49,0,1.02816,0,0,2.39425,1.36609,1.028160,1,0,42.6628,0,0,0,42.6628,0
47.69,2.26395,0,0,1.98711,0.232533,0.36288,3.6288,61.308,0.217024,0,0,1.20738,0.20251,0.787843,0.66528,12.849,1,0.599016,0.36288,0,33.6447,4.00623,29.4023,0.84672,12.849,0.84672,3695.15,0,0,0,0.642668,1.49851,5.97058,1.00134,7.11041,0.42336,0,0.42336,460.49,0,1.02816,0,0,1.67083,0.642668,1.028160,1,0,37.3006,0,0,0,37.3006,0
47.5161,2.0676,0,0,2.48579,0.229169,0.36288,3.6288,61.308,0.122352,0,0,1.18311,0.212647,0.848111,0.66528,12.849,1,0.55707,0.36288,0,45.6816,4.12275,41.3646,0.84672,12.849,0.84672,3695.15,0,0,0,0.457151,1.49855,5.32445,1.069,6.21115,0.42336,0,0.42336,460.49,0,1.02816,0,0,1.48531,0.457151,1.028160,1,0,48.4239,0,0,0,48.4239,0
46.3563,2.06607,0,0,1.51007,0.240931,0.36288,3.6288,61.308,0.230543,0,0,0.940499,0.219558,0.490398,0.66528,12.849,1,0.558694,0.36288,0,38.9172,3.87891,34.8425,0.84672,12.849,0.84672,3695.15,0,0,0,0.292723,1.38075,4.20677,0.994754,4.88549,0.42336,0,0.42336,460.49,0,0.919996,0,0,1.21272,0.292723,1.028160,1,0,40.2184,0,0,0,40.2184,0
45.5812,2.0552,0,0,1.88084,0.237866,0.36288,3.6288,61.308,0.223796,0,0,1.05752,0.219558,0.614164,0.66528,12.849,1,0.569659,0.36288,0,44.8966,3.87891,40.8109,0.84672,12.849,0.84672,3695.15,0,0,0,0.412474,1.38079,4.48451,0.994754,5.28302,0.42336,0,0.42336,460.49,0,0.92677,0,0,1.33924,0.412474,1.028160,1,0,46.7081,0,0,0,46.7081,0
47.5313,2.04772,0,0,4.59654,0.235817,0.36288,3.6288,61.308,0.122433,0,0,1.42086,0.219558,1.07887,0.66528,12.849,1,0.577236,0.36288,0,40.5562,3.87891,36.463,0.84672,12.849,0.84672,3695.15,0,0,0,0.590838,1.38083,5.84129,0.994754,6.8182,0.42336,0,0.42336,460.49,0,1.02816,0,0,1.619,0.590838,1.028160,1,0,44.36,0,0,0,44.36,0
53.7909,2.06643,0,0,8.91902,0.230113,0.36288,3.6288,61.308,0.12246,0,0,4.76578,0.223211,4.42011,0.66528,12.849,1,0.558613,0.36288,0,105.151,4.31184,100.644,0.84672,12.849,0.84672,3695.15,0,0,0,2.13719,1.38086,9.96417,1.26091,12.2213,0.42336,0,0.42336,460.49,0,1.02816,0,0,3.16535,2.13719,1.028160,1,0,117.285,0,0,0,117.285,0
59.8679,2.19301,0,0,8.8865,0.253695,0.36288,3.6288,61.308,0.149913,0,0,4.59085,0.216869,4.22406,0.66528,12.849,1,0.523842,0.36288,0,199.441,4.28652,194.994,0.84672,12.849,0.84672,3695.15,0,0,0,3.28662,1.3809,13.2767,1.10257,16.8416,0.42336,0,0.42336,460.49,0,1.02816,0,0,4.31478,3.28662,1.028160,1,0,216.06,0,0,0,216.06,0
63.936,2.23685,0,0,6.93725,0.26937,0.36288,3.6288,61.308,0.149936,0,0,3.68798,0.216869,3.32118,0.66528,12.849,1,0.480079,0.36288,0,146.917,4.28652,142.513,0.84672,12.849,0.84672,3695.15,0,0,0,3.60459,1.41932,11.7881,1.10257,15.7094,0.42336,0,0.42336,460.49,0,1.02816,0,0,4.63275,3.60459,1.028160,1,0,161.544,0,0,0,161.544,0
66.6306,2.26235,0,0,5.59854,0.278697,0.36288,3.6288,61.308,0.14996,0,0,3.00865,0.216869,2.64182,0.66528,12.849,1,0.454657,0.36288,0,116.322,4.28652,111.944,0.84672,12.849,0.84672,3695.15,0,0,0,2.51684,1.41935,10.105,1.10257,12.9386,0.42336,0,0.42336,460.49,0,1.02816,0,0,3.545,2.51684,1.028160,1,0,127.524,0,0,0,127.524,0
70.4461,2.27783,0,0,6.77291,0.316739,0.36288,3.6288,61.308,0.149983,0,0,2.63372,0.207944,2.2758,0.66528,12.849,1,0.439256,0.36288,0,140.689,4.38147,136.231,0.84672,12.849,0.84672,3695.15,0,0,0,2.4473,1.41938,13.1659,1.26813,15.7644,0.42336,0,0.42336,460.49,0,1.02816,0,0,3.47546,2.4473,1.028160,1,0,154.271,0,0,0,154.271,0
72.29,2.54711,0,0,5.97822,0.308991,1.27819,3.6288,61.308,0.252978,0,0,3.28857,0.185118,2.85048,0.66528,12.849,1,0.46458,1.27819,0,161.175,3.05876,158.93,0.84672,12.849,0.84672,3695.15,0,0,0,2.93327,1.41942,11.9505,1.02099,15.2822,0.42336,0,0.42336,460.49,0,1.02816,0,0,3.96143,2.93327,1.028160,1,0,177.062,0,0,0,177.062,0
72.29,2.55725,0,0,5.98554,0.306316,3.12198,3.6288,61.308,0.253004,0,0,3.83291,0.191764,3.38814,0.66528,12.849,1,0.454532,3.12198,0,164.274,3.35238,163.589,0.84672,12.849,0.84672,3695.15,0,0,0,3.12657,1.5542,11.1668,1.01794,14.8296,0.42336,0,0.42336,460.49,0,1.02816,0,0,4.15473,3.12657,1.028160,1,0,181.807,0,0,0,181.807,0
72.29,2.55732,0,0,12.1918,0.305432,9.32906,3.6288,61.308,0.25303,0,0,5.62579,0.171081,5.20168,0.66528,12.849,1,0.454545,9.32906,0,194.53,3.08532,200.319,0.84672,12.849,0.84672,3695.15,0,0,0,5.12526,1.55424,20.7349,0.961579,26.4528,0.42336,0,0.42336,460.49,0,1.02816,0,0,6.15342,5.12526,1.028160,1,0,231.973,0,0,0,231.973,0
72.29,2.5574,0,0,4.82865,0.305432,1.96581,3.6288,61.308,0.253056,0,0,2.7024,0.171081,2.27826,0.66528,12.849,1,0.454558,1.96581,0,228.933,3.08532,227.359,0.84672,12.849,0.84672,3695.15,0,0,0,2.24746,1.55427,9.06751,0.961579,11.9077,0.42336,0,0.42336,460.49,0,1.02816,0,0,3.27562,2.24746,1.028160,1,0,241.545,0,0,0,241.545,0
72.29,2.20075,0,0,6.5588,0.295985,4.06206,3.6288,61.308,0.114879,0,0,3.02042,0.186061,2.71948,0.66528,12.849,1,0.391167,4.06206,0,171.487,3.44713,171.71,0.84672,12.849,0.84672,3695.15,0,0,0,3.58342,1.55431,16.737,1.01957,20.8551,0.42336,0,0.42336,460.49,0,1.02816,0,0,4.61158,3.58342,1.028160,1,0,195.285,0,0,0,195.285,0
72.29,2.20082,0,0,6.08133,0.309641,3.57087,3.6288,61.308,0.114901,0,0,6.42521,0.136663,6.17364,0.66528,12.849,1,0.391179,3.57087,0,240.697,2.64065,241.236,0.84672,12.849,0.84672,3695.15,0,0,0,5.11155,1.36884,20.2042,0.782772,25.9018,0.42336,0,0.42336,460.49,0,1.02816,0,0,6.13971,5.11155,1.028160,1,0,273.311,0,0,0,273.311,0
72.29,2.20088,0,0,6.34662,0.309641,3.83609,3.6288,61.308,0.114923,0,0,3.79364,0.136663,3.54206,0.66528,12.849,1,0.39119,3.83609,0,183.469,2.64065,184.273,0.84672,12.849,0.84672,3695.15,0,0,0,5.35967,1.36887,17.8109,0.782772,23.7567,0.42336,0,0.42336,460.49,0,1.02816,0,0,6.38783,5.35967,1.028160,1,0,211.572,0,0,0,211.572,0
72.29,2.20095,0,0,11.3312,0.309641,8.8206,3.6288,61.308,0.114946,0,0,8.99346,0.136663,8.74185,0.66528,12.849,1,0.391202,8.8206,0,202.172,2.64065,207.96,0.84672,12.849,0.84672,3695.15,0,0,0,8.12082,1.3689,25.9597,0.782772,34.6666,0.42336,0,0.42336,460.49,0,1.02816,0,0,9.14898,8.12082,1.028160,1,0,251.369,0,0,0,251.369,0
72.29,2.20101,0,0,10.3725,0.294429,7.87705,3.6288,61.308,0.114968,0,0,7.51188,0.139002,7.25791,0.66528,12.849,1,0.391214,7.87705,0,223.512,3.06795,227.929,0.84672,12.849,0.84672,3695.15,0,0,0,6.24814,1.36893,24.054,0.840354,30.8307,0.42336,0,0.42336,460.49,0,1.02816,0,0,7.2763,6.24814,1.028160,1,0,266.018,0,0,0,266.018,0
72.29,2.29088,0,0,7.7366,0.261838,5.18388,3.6288,61.308,0.148805,0,0,4.28283,0.155972,3.97805,0.66528,12.849,1,0.407187,5.18388,0,204.216,3.68792,205.305,0.84672,12.849,0.84672,3695.15,0,0,0,4.24878,1.36896,16.9632,0.956852,21.6241,0.42336,0,0.42336,460.49,0,1.02816,0,0,5.27694,4.24878,1.028160,1,0,230.907,0,0,0,230.907,0
72.29,2.29095,0,0,6.20568,0.261838,3.65289,3.6288,61.308,0.148828,0,0,3.96496,0.155972,3.66016,0.66528,12.849,1,0.407199,3.65289,0,165.7,3.68792,165.257,0.84672,12.849,0.84672,3695.15,0,0,0,3.70905,1.41494,14.613,0.956852,18.7801,0.42336,0,0.42336,460.49,0,1.02816,0,0,4.73721,3.70905,1.028160,1,0,187.698,0,0,0,187.698,0
72.29,2.29102,0,0,5.76704,0.261838,3.21418,3.6288,61.308,0.148851,0,0,4.64797,0.155972,4.34314,0.66528,12.849,1,0.407211,3.21418,0,166.979,3.68792,166.098,0.84672,12.849,0.84672,3695.15,0,0,0,3.75011,1.41497,18.4404,0.956852,22.6487,0.42336,0,0.42336,460.49,0,1.02816,0,0,4.77827,3.75011,1.028160,1,0,193.09,0,0,0,193.09,0
72.29,2.29109,0,0,5.55907,0.215964,3.05202,3.6288,61.308,0.148875,0,0,3.5112,0.191347,3.17098,0.66528,12.849,1,0.407223,3.05202,0,131.089,3.77175,129.962,0.84672,12.849,0.84672,3695.15,0,0,0,3.40585,1.41501,13.7476,0.97452,17.594,0.42336,0,0.42336,460.49,0,1.02816,0,0,4.43401,3.40585,1.028160,1,0,150.727,0,0,0,150.727,0
72.29,2.25604,0,0,4.66123,0.196908,2.20828,3.6288,61.308,0.135763,0,0,1.88445,0.201546,1.54714,0.66528,12.849,1,0.400994,2.20828,0,89.5527,4.16115,87.1989,0.84672,12.849,0.84672,3695.15,0,0,0,1.77564,1.41504,9.59645,1.03605,11.7511,0.42336,0,0.42336,460.49,0,1.02816,0,0,2.8038,1.77564,1.028160,1,0,100.497,0,0,0,100.497,0
72.29,2.25611,0,0,3.97832,0.196908,1.52531,3.6288,61.308,0.135786,0,0,1.78022,0.201546,1.44289,0.66528,12.849,1,0.401006,1.52531,0,78.5307,4.16115,75.4938,0.84672,12.849,0.84672,3695.15,0,0,0,1.48103,1.39718,8.16247,1.03605,10.0046,0.42336,0,0.42336,460.49,0,1.02816,0,0,2.50919,1.48103,1.028160,1,0,86.9414,0,0,0,86.9414,0
72.29,2.25617,0,0,3.5392,0.196908,1.08612,3.6288,61.308,0.135809,0,0,1.59295,0.201546,1.25559,0.66528,12.849,1,0.401018,1.08612,0,67.3367,4.16115,63.8607,0.84672,12.849,0.84672,3695.15,0,0,0,1.16715,1.39721,6.97922,1.03605,8.50753,0.42336,0,0.42336,460.49,0,1.02816,0,0,2.19531,1.16715,1.028160,1,0,73.6238,0,0,0,73.6238,0
72.29,2.25624,0,0,3.24481,0.183945,0.804628,3.6288,61.308,0.135832,0,0,1.44128,0.184479,1.12097,0.66528,12.849,1,0.401029,0.804628,0,61.7824,3.80727,58.3787,0.84672,12.849,0.84672,3695.15,0,0,0,1.00791,1.39724,6.52208,0.946298,7.98093,0.42336,0,0.42336,460.49,0,1.02816,0,0,2.03607,1.00791,1.028160,1,0,67.4806,0,0,0,67.4806,0
72.29,2.37552,0,0,3.64325,0.122132,1.1456,3.6288,61.308,0.182439,0,0,1.24405,0.230261,0.831348,0.66528,12.849,1,0.42223,1.1456,0,65.5906,4.47015,61.8438,0.84672,12.849,0.84672,3695.15,0,0,0,0.746565,1.39727,6.79933,1.04242,7.90075,0.42336,0,0.42336,460.49,0,1.02816,0,0,1.77473,0.746565,1.028160,1,0,70.5759,0,0,0,70.5759,0
72.29,2.37559,0,0,3.68045,0.11471,1.19015,3.6288,61.308,0.182463,0,0,1.21796,0.241684,0.793817,0.66528,12.849,1,0.422243,1.19015,0,62.5761,4.65927,58.6847,0.84672,12.849,0.84672,3695.15,0,0,0,0.742807,1.45961,6.61884,1.07838,7.74287,0.42336,0,0.42336,460.49,0,1.02816,0,0,1.77097,0.742807,1.028160,1,0,67.2214,0,0,0,67.2214,0
72.29,2.37566,0,0,3.29055,0.124545,0.790349,3.6288,61.308,0.182487,0,0,1.17147,0.23905,0.749935,0.66528,12.849,1,0.422255,0.790349,0,59.3242,4.49004,55.2023,0.84672,12.849,0.84672,3695.15,0,0,0,0.821733,1.45964,6.11643,1.08491,7.31289,0.42336,0,0.42336,460.49,0,1.02816,0,0,1.84989,0.821733,1.028160,1,0,63.2651,0,0,0,63.2651,0
72.29,2.37573,0,0,3.14818,0.126911,0.645543,3.6288,61.308,0.182511,0,0,1.1473,0.240768,0.724018,0.66528,12.849,1,0.422268,0.645543,0,55.0827,4.13108,51.1749,0.84672,12.849,0.84672,3695.15,0,0,0,0.805421,1.45968,5.78353,1.12028,6.92835,0.42336,0,0.42336,460.49,0,1.02816,0,0,1.83358,0.805421,1.028160,1,0,58.8272,0,0,0,58.8272,0
72.29,2.3758,0,0,3.04064,0.0976132,0.567228,3.6288,61.308,0.182536,0,0,1.091,0.267408,0.641056,0.66528,12.849,1,0.42228,0.567228,0,62.8324,4.84773,58.1296,0.84672,12.849,0.84672,3695.15,0,0,0,0.750038,1.45971,4.79267,1.20035,5.80207,0.42336,0,0.42336,460.49,0,1.02816,0,0,1.7782,0.750038,1.028160,1,0,64.5728,0,0,0,64.5728,0
72.29,2.35229,0,0,2.88398,0.100376,0.431314,3.6288,61.308,0.208166,0,0,0.97124,0.2954,0.467673,0.66528,12.849,1,0.418102,0.431314,0,68.307,5.29034,63.0299,0.84672,12.849,0.84672,3695.15,0,0,0,0.68542,1.45974,3.87421,1.30281,4.71657,0.42336,0,0.42336,460.49,0,1.02816,0,0,1.71358,0.68542,1.028160,1,0,68.2141,0,0,0,68.2141,0
72.2246,2.35236,0,0,2.73749,0.0876814,0.36288,3.6288,61.308,0.208191,0,0,0.938451,0.313084,0.417176,0.66528,12.849,1,0.418114,0.36288,0,63.8076,5.30932,58.4431,0.84672,12.849,0.84672,3695.15,0,0,0,0.626858,1.47436,3.90335,1.36139,4.64318,0.42336,0,0.42336,460.49,0,1.02816,0,0,1.65502,0.626858,1.028160,1,0,63.5034,0,0,0,63.5034,0
71.9912,2.35211,0,0,2.5693,0.0876378,0.36288,3.6288,61.308,0.208216,0,0,0.825872,0.313084,0.304572,0.66528,12.849,1,0.418448,0.36288,0,58.3021,5.30932,52.9372,0.84672,12.849,0.84672,3695.15,0,0,0,0.565618,1.47439,3.70438,1.36139,4.383,0.42336,0,0.42336,460.49,0,1.02816,0,0,1.59378,0.565618,1.028160,1,0,57.6248,0,0,0,57.6248,0
71.5994,2.35103,0,0,2.4087,0.08669,0.36288,3.6288,61.308,0.208241,0,0,0.777885,0.304324,0.26532,0.66528,12.849,1,0.419611,0.36288,0,55.8163,5.13306,50.6265,0.84672,12.849,0.84672,3695.15,0,0,0,0.508758,1.47443,3.54119,1.32053,4.20385,0.42336,0,0.42336,460.49,0,1.02816,0,0,1.53692,0.508758,1.028160,1,0,55.0957,0,0,0,55.0957,0
71.0698,2.40996,0,0,2.31407,0.0708196,0.36288,3.6288,61.308,0.231089,0,0,0.853805,0.27824,0.344475,0.66528,12.849,1,0.432483,0.36288,0,50.6277,4.509,46.0491,0.84672,12.849,0.84672,3695.15,0,0,0,0.380894,1.47446,3.57843,1.19791,4.23588,0.42336,0,0.42336,460.49,0,1.02816,0,0,1.40905,0.380894,1.028160,1,0,50.6295,0,0,0,50.6295,0
70.4546,2.4073,0,0,2.20967,0.0546111,0.36288,3.6288,61.308,0.231115,0,0,0.798146,0.331455,0.235576,0.66528,12.849,1,0.435226,0.36288,0,48.0489,5.46851,42.5081,0.84672,12.849,0.84672,3695.15,0,0,0,0.403894,1.50557,2.96971,1.48346,3.39571,0.42336,0,0.42336,460.49,0,1.02816,0,0,1.43205,0.403894,1.028160,1,0,46.1394,0,0,0,46.1394,0
70.0332,2.40416,0,0,2.3999,0.0543539,0.36288,3.6288,61.308,0.23114,0,0,0.82633,0.331455,0.263734,0.66528,12.849,1,0.438452,0.36288,0,48.5561,5.46851,43.012,0.84672,12.849,0.84672,3695.15,0,0,0,0.550705,1.5056,3.08596,1.48346,3.6588,0.42336,0,0.42336,460.49,0,1.02816,0,0,1.57886,0.550705,1.028160,1,0,46.9346,0,0,0,46.9346,0
69.4797,2.402,0,0,2.26556,0.0541776,0.36288,3.6288,61.308,0.231166,0,0,0.818459,0.331455,0.255838,0.66528,12.849,1,0.440695,0.36288,0,57.0548,5.46851,51.5085,0.84672,12.849,0.84672,3695.15,0,0,0,0.287289,1.50564,3.24709,1.48346,3.55656,0.42336,0,0.42336,460.49,0,1.02816,0,0,1.31545,0.287289,1.028160,1,0,55.3209,0,0,0,55.3209,0
68.4665,2.57637,0,0,2.01094,0.0848938,0.36288,3.6288,61.308,0.443535,0,0,0.799053,0.297514,0.0580049,0.66528,12.849,1,0.476454,0.36288,0,44.2664,4.7269,39.426,0.84672,12.849,0.84672,3695.15,0,0,0,0.227405,1.50568,2.76929,1.29595,3.20642,0.42336,0,0.42336,460.49,0,0.898206,0,0,1.12561,0.227405,1.028160,1,0,42.6904,0,0,0,42.6904,0
67.315,2.57051,0,0,1.8718,0.0898466,0.36288,3.6288,61.308,0.313608,0,0,0.827608,0.287563,0.226437,0.66528,12.849,1,0.482404,0.36288,0,42.664,4.53495,38.0095,0.84672,12.849,0.84672,3695.15,0,0,0,0.548899,1.60873,2.64103,1.24187,3.55679,0.42336,0,0.42336,460.49,0,1.02816,0,0,1.57706,0.548899,1.028160,1,0,41.7927,0,0,0,41.7927,0
66.0821,2.56366,0,0,1.78271,0.0890382,0.36288,3.6288,61.308,0.313636,0,0,0.80244,0.287563,0.201241,0.66528,12.849,1,0.489348,0.36288,0,41.4999,4.53495,36.8385,0.84672,12.849,0.84672,3695.15,0,0,0,0.50671,1.60877,2.53941,1.24187,3.41302,0.42336,0,0.42336,460.49,0,1.02816,0,0,1.53487,0.50671,1.028160,1,0,40.4528,0,0,0,40.4528,0
64.8512,2.55609,0,0,1.77623,0.0881726,0.36288,3.6288,61.308,0.313663,0,0,0.78567,0.287563,0.184443,0.66528,12.849,1,0.497006,0.36288,0,39.8247,4.53495,35.1556,0.84672,12.849,0.84672,3695.15,0,0,0,0.492713,1.6088,2.57396,1.24187,3.43361,0.42336,0,0.42336,460.49,0,1.02816,0,0,1.52087,0.492713,1.028160,1,0,38.7737,0,0,0,38.7737,0
63.426,2.54829,0,0,1.60714,0.121226,0.36288,3.6288,61.308,0.313691,0,0,0.735342,0.265022,0.156629,0.66528,12.849,1,0.504894,0.36288,0,42.5597,4.3401,38.0776,0.84672,12.849,0.84672,3695.15,0,0,0,0.388826,1.60884,3.18162,1.14511,4.03417,0.42336,0,0.42336,460.49,0,1.02816,0,0,1.41699,0.388826,1.028160,1,0,42.2684,0,0,0,42.2684,0
61.9347,2.45379,0,0,1.48994,0.164542,0.36288,3.6288,61.0386,0.607771,0,0,0.573388,0.234967,0,0.66528,12.849,1,0.497096,0.36288,0,38.8651,4.0803,34.6505,0.84672,12.849,0.84672,3695.15,0,0,0,0.204422,1.60888,3.4019,1.01611,4.19909,0.42336,0,0.42336,460.49,0,0.684094,0,0,0.888516,0.204422,1.028160,1,0,38.8496,0,0,0,38.8496,0
60.7518,2.44395,0,0,1.78654,0.162546,0.36288,3.6288,61.2823,0.263731,0,0,0.741982,0.234567,0,0.66528,12.849,1,0.507024,0.36288,0,57.5948,4.0803,53.3703,0.84672,12.849,0.84672,3695.15,0,0,0,0.248175,1.55109,3.56493,1.01611,4.34809,0.42336,0,0.42336,460.49,0,1.02816,0,0,1.27634,0.248175,1.028160,1,0,57.7184,0,0,0,57.7184,0
59.5864,2.43588,0,0,1.79427,0.160963,0.36288,3.6288,61.308,0.263758,0,0,0.70401,0.234929,0.179655,0.66528,12.849,1,0.515187,0.36288,0,49.7738,4.0803,45.5412,0.84672,12.849,0.84672,3695.15,0,0,0,0.26384,1.55113,4.04935,1.01611,4.84821,0.42336,0,0.42336,460.49,0,1.02816,0,0,1.292,0.26384,1.028160,1,0,50.5691,0,0,0,50.5691,0
61.3203,2.42766,0,0,4.68369,0.159265,0.36288,3.6288,61.308,0.263784,0,0,2.21715,0.234967,1.7184,0.66528,12.849,1,0.523492,0.36288,0,109.316,4.0803,105.075,0.84672,12.849,0.84672,3695.15,0,0,0,4.197,1.55116,5.80453,1.01611,10.5366,0.42336,0,0.42336,460.49,0,1.02816,0,0,5.22516,4.197,1.028160,1,0,117.33,0,0,0,117.33,0
59.9172,2.37048,0,0,1.59256,0.262285,0.36288,3.6288,61.308,0.21828,0,0,0.897661,0.257082,0.422299,0.66528,12.849,1,0.496708,0.36288,0,32.7421,5.06578,27.5424,0.84672,12.849,0.84672,3695.15,0,0,0,0.774265,1.5512,3.57216,1.22374,4.67389,0.42336,0,0.42336,460.49,0,1.02816,0,0,1.80242,0.774265,1.028160,1,0,32.6386,0,0,0,32.6386,0
59.2629,2.36097,0,0,2.35861,0.289083,0.36288,3.6288,61.308,0.218306,0,0,1.27677,0.260992,0.79747,0.66528,12.849,1,0.506301,0.36288,0,43.3756,5.11487,38.1173,0.84672,12.849,0.84672,3695.15,0,0,0,1.05848,1.50031,3.99316,1.22641,5.32554,0.42336,0,0.42336,460.49,0,1.02816,0,0,2.08664,1.05848,1.028160,1,0,44.2403,0,0,0,44.2403,0
59.0022,2.35645,0,0,2.7459,0.287273,0.36288,3.6288,61.308,0.218331,0,0,1.57174,0.260992,1.09241,0.66528,12.849,1,0.51091,0.36288,0,100.642,5.11487,95.3793,0.84672,12.849,0.84672,3695.15,0,0,0,2.3475,1.50035,7.87107,1.22641,10.4925,0.42336,0,0.42336,460.49,0,1.02816,0,0,3.37566,2.3475,1.028160,1,0,106.964,0,0,0,106.964,0
58.2634,2.35466,0,0,2.20262,0.223882,0.36288,3.6288,61.308,0.218356,0,0,1.22281,0.260239,0.744216,0.66528,12.849,1,0.512778,0.36288,0,76.1106,4.95736,71.0034,0.84672,12.849,0.84672,3695.15,0,0,0,1.99365,1.50038,6.79012,1.15946,9.12468,0.42336,0,0.42336,460.49,0,1.02816,0,0,3.02181,1.99365,1.028160,1,0,80.8723,0,0,0,80.8723,0
56.9435,2.15381,0,0,1.43383,0.237015,0.36288,3.6288,61.308,0.123545,0,0,0.983184,0.212321,0.647318,0.66528,12.849,1,0.474986,0.36288,0,40.6085,4.6794,35.817,0.84672,12.849,0.84672,3695.15,0,0,0,1.50149,1.50042,7.58285,1.08996,9.4948,0.42336,0,0.42336,460.49,0,1.02816,0,0,2.52965,1.50149,1.028160,1,0,45.9591,0,0,0,45.9591,0
55.8858,2.14489,0,0,1.6685,0.218426,0.36288,3.6288,61.308,0.123568,0,0,1.36585,0.203522,1.03876,0.66528,12.849,1,0.483983,0.36288,0,99.528,4.62777,94.7792,0.84672,12.849,0.84672,3695.15,0,0,0,1.83573,1.38244,5.34488,1.09626,7.46679,0.42336,0,0.42336,460.49,0,1.02816,0,0,2.86389,1.83573,1.028160,1,0,103.285,0,0,0,103.285,0
55.1656,2.1375,0,0,1.99631,0.21615,0.36288,3.6288,61.308,0.12359,0,0,1.64431,0.203522,1.3172,0.66528,12.849,1,0.491445,0.36288,0,70.856,4.62777,66.0997,0.84672,12.849,0.84672,3695.15,0,0,0,2.5718,1.38248,5.83638,1.09626,8.69439,0.42336,0,0.42336,460.49,0,1.02816,0,0,3.59996,2.5718,1.028160,1,0,76.1113,0,0,0,76.1113,0
53.6976,2.13236,0,0,1.26688,0.239579,0.36288,3.6288,61.308,0.123613,0,0,0.57195,0.206378,0.241959,0.66528,12.849,1,0.496664,0.36288,0,77.6627,4.32965,73.1993,0.84672,12.849,0.84672,3695.15,0,0,0,0.935081,1.38251,3.64249,1.03371,4.92637,0.42336,0,0.42336,460.49,0,1.02816,0,0,1.96324,0.935081,1.028160,1,0,78.3676,0,0,0,78.3676,0
53.0085,2.12147,0,0,2.06143,0.266227,0.36288,3.6288,61.308,0.123636,0,0,0.720777,0.206994,0.390147,0.66528,12.849,1,0.507635,0.36288,0,93.9816,3.98348,89.8534,0.84672,12.849,0.84672,3695.15,0,0,0,0.952119,1.38254,4.58939,0.953114,5.97093,0.42336,0,0.42336,460.49,0,1.02816,0,0,1.98028,0.952119,1.028160,1,0,96.2144,0,0,0,96.2144,0
53.1128,2.19014,0,0,2.91515,0.257809,0.36288,3.6288,61.308,0.151122,0,0,1.25751,0.199018,0.907369,0.66528,12.849,1,0.530879,0.36288,0,72.5871,4.1118,68.3073,0.84672,12.849,0.84672,3695.15,0,0,0,0.785324,1.38257,5.04151,0.960139,6.24927,0.42336,0,0.42336,460.49,0,1.02816,0,0,1.81348,0.785324,1.028160,1,0,75.464,0,0,0,75.464,0
52.5914,2.19103,0,0,2.29058,0.258085,0.36288,3.6288,61.308,0.151141,0,0,1.28342,0.199018,0.933261,0.66528,12.849,1,0.530052,0.36288,0,40.5312,4.1118,36.2522,0.84672,12.849,0.84672,3695.15,0,0,0,0.867715,1.42103,3.67473,0.960139,5.00334,0.42336,0,0.42336,460.49,0,1.02816,0,0,1.89588,0.867715,1.028160,1,0,42.1888,0,0,0,42.1888,0
51.4264,2.18686,0,0,1.65921,0.274435,0.36288,3.6288,61.1643,0.684401,0,0,0.726506,0.185787,0,0.66528,12.849,1,0.534288,0.36288,0,38.1902,4.06773,33.951,0.84672,12.849,0.84672,3695.15,0,0,0,0.503194,1.42106,3.84147,0.925276,4.84045,0.42336,0,0.42336,460.49,0,0.494919,0,0,0.998113,0.503194,1.028160,1,0,38.7915,0,0,0,38.7915,0
50.7613,1.97407,0,0,1.98672,0.314932,0.36288,3.6288,61.308,0.0775355,0,0,1.01949,0.152571,0.645697,0.66528,12.849,1,0.493226,0.36288,0,63.7373,3.95755,59.6494,0.84672,12.849,0.84672,3695.15,0,0,0,0.506848,1.42109,6.58149,0.838118,7.6713,0.42336,0,0.42336,460.49,0,1.02816,0,0,1.53501,0.506848,1.028160,1,0,67.9664,0,0,0,67.9664,0
50.738,2.18455,0,0,2.83783,0.31364,0.36288,3.6288,61.308,0.415299,0,0,0.683872,0.194308,0.0742651,0.66528,12.849,1,0.552966,0.36288,0,47.6928,4.41161,43.0911,0.84672,12.849,0.84672,3695.15,0,0,0,0.503194,1.31663,3.90954,1.05944,4.66992,0.42336,0,0.42336,460.49,0,0.784866,0,0,1.28806,0.503194,1.028160,1,0,47.8353,0,0,0,47.8353,0
50.6293,2.1844,0,0,2.75088,0.312347,0.36288,3.6288,61.308,0.235381,0,0,0.654782,0.191509,0.227892,0.66528,12.849,1,0.553181,0.36288,0,40.7868,4.56645,36.03,0.84672,12.849,0.84672,3695.15,0,0,0,0.503194,1.44026,3.4991,1.11398,4.32857,0.42336,0,0.42336,460.49,0,0.964803,0,0,1.468,0.503194,1.028160,1,0,40.5865,0,0,0,40.5865,0
51.3475,2.1835,0,0,3.57654,0.311991,0.36288,3.6288,61.308,0.172044,0,0,0.75524,0.191509,0.391687,0.66528,12.849,1,0.554142,0.36288,0,55.3307,4.56645,50.573,0.84672,12.849,0.84672,3695.15,0,0,0,0.617147,1.44028,4.17739,1.11398,5.12084,0.42336,0,0.42336,460.49,0,1.02816,0,0,1.64531,0.617147,1.028160,1,0,56.0856,0,0,0,56.0856,0
52.333,2.18975,0,0,3.84752,0.309331,0.36288,3.6288,61.308,0.306501,0,0,0.798258,0.193568,0.298189,0.66528,12.849,1,0.547955,0.36288,0,59.8443,4.55395,55.1052,0.84672,12.849,0.84672,3695.15,0,0,0,0.608429,1.44031,3.89393,1.10561,4.83706,0.42336,0,0.42336,460.49,0,0.893722,0,0,1.50215,0.608429,1.028160,1,0,60.2405,0,0,0,60.2405,0
56.5935,1.88869,0,0,6.85333,0.341245,0.36288,3.6288,61.308,0.0453148,0,0,2.82773,0.192995,2.58942,0.66528,12.849,1,0.463719,0.36288,0,100.81,4.10864,96.6008,0.84672,12.849,0.84672,3695.15,0,0,0,3.9953,1.44034,13.7732,1.01422,18.1946,0.42336,0,0.42336,460.49,0,1.02816,0,0,5.02346,3.9953,1.028160,1,0,117.385,0,0,0,117.385,0
60.0495,1.91719,0,0,6.10253,0.366536,0.36288,3.6288,61.308,0.0453313,0,0,2.44257,0.190839,2.2064,0.66528,12.849,1,0.435279,0.36288,0,124.594,4.04691,120.475,0.84672,12.849,0.84672,3695.15,0,0,0,2.7489,1.27021,10.8924,1.00736,13.9041,0.42336,0,0.42336,460.49,0,1.02816,0,0,3.77706,2.7489,1.028160,1,0,136.585,0,0,0,136.585,0
61.6656,1.93787,0,0,4.29599,0.379058,0.36288,3.6288,61.308,0.0453478,0,0,1.73267,0.190839,1.49648,0.66528,12.849,1,0.414653,0.36288,0,110.764,4.04691,106.665,0.84672,12.849,0.84672,3695.15,0,0,0,2.23301,1.27023,10.4679,1.00736,12.9638,0.42336,0,0.42336,460.49,0,1.02816,0,0,3.26117,2.23301,1.028160,1,0,121.125,0,0,0,121.125,0
64.2647,1.94691,0,0,5.22026,0.311397,0.36288,3.6288,61.308,0.0453643,0,0,1.84449,0.148725,1.6504,0.66528,12.849,1,0.40567,0.36288,0,104.818,3.43654,101.339,0.84672,12.849,0.84672,3695.15,0,0,0,2.46338,1.27026,10.4944,0.919683,13.3084,0.42336,0,0.42336,460.49,0,1.02816,0,0,3.49154,2.46338,1.028160,1,0,116.297,0,0,0,116.297,0
66.4166,1.96063,0,0,4.79903,0.32365,0.36288,3.6288,61.308,0.0453808,0,0,2.18824,0.1729,1.96995,0.66528,12.849,1,0.392006,0.36288,0,127.125,3.76882,123.327,0.84672,12.849,0.84672,3695.15,0,0,0,2.77575,1.27028,8.99338,0.999645,12.0398,0.42336,0,0.42336,460.49,0,1.02816,0,0,3.80391,2.77575,1.028160,1,0,137.336,0,0,0,137.336,0
68.8161,2.05261,0,0,5.1518,0.336838,0.36288,3.6288,61.308,0.0764126,0,0,2.31765,0.205134,2.03611,0.66528,12.849,1,0.397099,0.36288,0,131.895,4.21186,127.649,0.84672,12.849,0.84672,3695.15,0,0,0,3.27502,1.2703,8.68415,1.10626,12.1232,0.42336,0,0.42336,460.49,0,1.02816,0,0,4.30318,3.27502,1.028160,1,0,141.808,0,0,0,141.808,0
70.513,2.27694,0,0,4.65375,0.317018,0.36288,3.6288,61.308,0.149972,0,0,1.81939,0.205151,1.46426,0.66528,12.849,1,0.425138,0.36288,0,94.8214,4.13891,90.6202,0.84672,12.849,0.84672,3695.15,0,0,0,2.49731,1.31247,6.63552,1.10229,9.343,0.42336,0,0.42336,460.49,0,1.02816,0,0,3.52547,2.49731,1.028160,1,0,101.428,0,0,0,101.428,0
71.9601,2.28564,0,0,4.35041,0.254744,0.36288,3.6288,61.308,0.14999,0,0,1.64707,0.205193,1.29189,0.66528,12.849,1,0.416494,0.36288,0,88.7423,3.9565,84.7322,0.84672,12.849,0.84672,3695.15,0,0,0,1.91405,1.41659,7.49935,1.09238,9.73762,0.42336,0,0.42336,460.49,0,1.02816,0,0,2.94221,1.91405,1.028160,1,0,95.7617,0,0,0,95.7617,0
72.29,2.29281,0,0,4.39206,0.251746,1.51761,3.6288,61.308,0.150009,0,0,1.60584,0.206903,1.24893,0.66528,12.849,1,0.409397,1.51761,0,94.7886,3.96943,91.9274,0.84672,12.849,0.84672,3695.15,0,0,0,1.89843,1.41662,7.00678,1.08759,9.23424,0.42336,0,0.42336,460.49,0,1.02816,0,0,2.92659,1.89843,1.028160,1,0,102.411,0,0,0,102.411,0
72.29,2.25928,0,0,4.43275,0.217286,1.95618,3.6288,61.308,0.136877,0,0,1.64881,0.217164,1.29477,0.66528,12.849,1,0.401571,1.95618,0,103.777,4.04702,101.284,0.84672,12.849,0.84672,3695.15,0,0,0,2.30118,1.41665,9.64712,1.0589,12.306,0.42336,0,0.42336,460.49,0,1.02816,0,0,3.32934,2.30118,1.028160,1,0,114.885,0,0,0,114.885,0
72.29,2.25934,0,0,3.5526,0.217286,1.07598,3.6288,61.308,0.136895,0,0,1.23768,0.217164,0.883621,0.66528,12.849,1,0.40158,1.07598,0,73.0184,4.04702,69.6458,0.84672,12.849,0.84672,3695.15,0,0,0,1.50688,1.39875,5.13727,1.0589,6.98399,0.42336,0,0.42336,460.49,0,1.02816,0,0,2.53504,1.50688,1.028160,1,0,77.5134,0,0,0,77.5134,0
72.29,2.25939,0,0,3.11096,0.217286,0.634284,3.6288,61.308,0.136913,0,0,1.17452,0.217164,0.820444,0.66528,12.849,1,0.40159,0.634284,0,64.2824,4.04702,60.4681,0.84672,12.849,0.84672,3695.15,0,0,0,1.20596,1.39878,4.79009,1.0589,6.33593,0.42336,0,0.42336,460.49,0,1.02816,0,0,2.23412,1.20596,1.028160,1,0,67.6244,0,0,0,67.6244,0
72.2468,2.25945,0,0,2.79645,0.217286,0.36288,3.6288,61.308,0.136932,0,0,1.04069,0.217164,0.686592,0.66528,12.849,1,0.401599,0.36288,0,55.5465,4.04702,51.4607,0.84672,12.849,0.84672,3695.15,0,0,0,0.954564,1.3988,4.19145,1.0589,5.48592,0.42336,0,0.42336,460.49,0,1.02816,0,0,1.98272,0.954564,1.028160,1,0,57.6333,0,0,0,57.6333,0
71.9904,2.37865,0,0,2.65155,0.166456,0.36288,3.6288,61.308,0.183593,0,0,1.11472,0.224582,0.706549,0.66528,12.849,1,0.42304,0.36288,0,51.0478,4.59566,46.392,0.84672,12.849,0.84672,3695.15,0,0,0,1.15058,1.39883,4.52837,1.0637,6.01408,0.42336,0,0.42336,460.49,0,1.02816,0,0,2.17874,1.15058,1.028160,1,0,53.1126,0,0,0,53.1126,0
71.5908,2.37743,0,0,2.47627,0.135552,0.36288,3.6288,61.308,0.183613,0,0,0.909645,0.221627,0.504406,0.66528,12.849,1,0.424328,0.36288,0,47.0843,4.57352,42.4493,0.84672,12.849,0.84672,3695.15,0,0,0,1.18066,1.46124,4.54301,1.11041,6.0745,0.42336,0,0.42336,460.49,0,1.02816,0,0,2.20882,1.18066,1.028160,1,0,49.0282,0,0,0,49.0282,0
70.9776,2.37548,0,0,2.22201,0.0968214,0.36288,3.6288,61.308,0.183632,0,0,0.883907,0.22357,0.476705,0.66528,12.849,1,0.426346,0.36288,0,41.187,4.63837,36.4851,0.84672,12.849,0.84672,3695.15,0,0,0,1.19045,1.46126,4.24617,1.06944,5.82844,0.42336,0,0.42336,460.49,0,1.02816,0,0,2.21861,1.19045,1.028160,1,0,42.7903,0,0,0,42.7903,0
70.3401,2.37241,0,0,2.19416,0.0963685,0.36288,3.6288,61.308,0.183651,0,0,0.960068,0.22357,0.552847,0.66528,12.849,1,0.429475,0.36288,0,39.8296,4.63837,35.1247,0.84672,12.849,0.84672,3695.15,0,0,0,1.14388,1.46129,4.65539,1.06944,6.19111,0.42336,0,0.42336,460.49,0,1.02816,0,0,2.17204,1.14388,1.028160,1,0,41.8686,0,0,0,41.8686,0
69.42,2.36918,0,0,1.90755,0.095664,0.36288,3.6288,61.308,0.183671,0,0,0.766098,0.212253,0.370174,0.66528,12.849,1,0.432777,0.36288,0,34.1049,4.70659,29.3284,0.84672,12.849,0.84672,3695.15,0,0,0,0.786629,1.46132,3.75024,1.09349,4.9047,0.42336,0,0.42336,460.49,0,1.02816,0,0,1.81479,0.786629,1.028160,1,0,34.6033,0,0,0,34.6033,0
68.2153,2.34093,0,0,1.59386,0.0946766,0.36288,3.6288,61.308,0.209329,0,0,0.593582,0.197165,0.187089,0.66528,12.849,1,0.433285,0.36288,0,29.1856,4.79756,24.3176,0.84672,12.849,0.84672,3695.15,0,0,0,0.453712,1.46135,3.25436,1.12555,4.04387,0.42336,0,0.42336,460.49,0,1.02816,0,0,1.48187,0.453712,1.028160,1,0,28.5486,0,0,0,28.5486,0
66.8711,2.33455,0,0,1.44696,0.0937919,0.36288,3.6288,61.308,0.209349,0,0,0.560754,0.197165,0.154241,0.66528,12.849,1,0.439734,0.36288,0,28.3183,4.79756,23.4439,0.84672,12.849,0.84672,3695.15,0,0,0,0.308344,1.47597,3.05906,1.12555,3.71783,0.42336,0,0.42336,460.49,0,1.02816,0,0,1.3365,0.308344,1.028160,1,0,27.3159,0,0,0,27.3159,0
65.4222,2.32719,0,0,1.3249,0.0836764,0.36288,3.6288,61.308,0.217136,0,0,0.533695,0.219103,0.0974567,0.66528,12.849,1,0.44716,0.36288,0,24.9731,5.07986,19.809,0.84672,12.849,0.84672,3695.15,0,0,0,0.261274,1.476,2.9708,1.2286,3.47948,0.42336,0,0.42336,460.49,0,1.02039,0,0,1.28167,0.261274,1.028160,1,0,23.3859,0,0,0,23.3859,0
63.931,2.31897,0,0,1.25082,0.0601579,0.36288,3.6288,61.2925,0.239577,0,0,0.498057,0.273948,0,0.66528,12.849,1,0.455448,0.36288,0,22.2115,5.78561,16.3334,0.84672,12.849,0.84672,3695.15,0,0,0,0.261274,1.47603,2.83377,1.48621,3.08487,0.42336,0,0.42336,460.49,0,0.997972,0,0,1.25925,0.261274,1.028160,1,0,19.4182,0,0,0,19.4182,0
62.161,2.36997,0,0,1.04541,0.0825885,0.36288,3.6288,61.1789,0.250084,0,0,0.440605,0.30419,0,0.66528,12.849,1,0.476321,0.36288,0,20.4539,5.88966,14.4508,0.84672,12.849,0.84672,3695.15,0,0,0,0.261274,1.47606,2.64482,1.43217,2.94998,0.42336,0,0.42336,460.49,0,1.01034,0,0,1.27161,0.261274,1.028160,1,0,17.4008,0,0,0,17.4008,0
60.3352,2.35878,0,0,0.977279,0.0814042,0.36288,3.6288,60.923,0.359522,0,0,0.407659,0.303972,0,0.66528,12.849,1,0.487573,0.36288,0,19.4487,5.88966,13.4344,0.84672,12.849,0.84672,3695.15,0,0,0,0.261274,1.5072,2.32074,1.43217,2.65704,0.42336,0,0.42336,460.49,0,0.900919,0,0,1.16219,0.261274,1.028160,1,0,16.0914,0,0,0,16.0914,0
58.5096,2.34668,0,0,0.964138,0.0801826,0.36288,3.6288,60.7794,0.281195,0,0,0.441049,0.30348,0,0.66528,12.849,1,0.499748,0.36288,0,18.0464,5.88966,12.0198,0.84672,12.849,0.84672,3695.15,0,0,0,0.261274,1.50722,2.6245,1.43217,2.96083,0.42336,0,0.42336,460.49,0,0.979266,0,0,1.24054,0.261274,1.028160,1,0,14.9807,0,0,0,14.9807,0
56.7902,2.33395,0,0,1.04034,0.0629459,0.36288,3.6288,60.7291,0.232322,0,0,0.465946,0.283906,0,0.66528,12.849,1,0.512546,0.36288,0,18.6007,6.13124,12.3198,0.84672,12.849,0.84672,3695.15,0,0,0,0.341842,1.50725,3.23749,1.50195,3.58464,0.42336,0,0.42336,460.49,0,1.02816,0,0,1.37,0.341842,1.028160,1,0,15.9044,0,0,0,15.9044,0
54.7393,2.49285,0,0,0.881859,0.0769804,0.36288,3.6288,60.2957,0.514492,0,0,0.380716,0.299689,0,0.66528,12.849,1,0.564016,0.36288,0,15.874,6.07325,9.59963,0.84672,12.849,0.84672,3695.15,0,0,0,0.227405,1.50728,2.42955,1.51551,2.64872,0.42336,0,0.42336,460.49,0,0.828498,0,0,1.0559,0.227405,1.028160,1,0,12.2484,0,0,0,12.2484,0
52.6862,2.47579,0,0,0.864786,0.0792737,0.36288,3.6288,59.7673,0.58506,0,0,0.38044,0.323714,0,0.66528,12.849,1,0.581144,0.36288,0,15.1977,6.16665,8.81276,0.84672,12.849,0.84672,3695.15,0,0,0,0.227405,1.61045,2.15813,1.54658,2.4494,0.42336,0,0.42336,460.49,0,0.757953,0,0,0.985357,0.227405,1.028160,1,0,11.2622,0,0,0,11.2622,0
50.5002,2.45764,0,0,0.712135,0.0776347,0.36288,3.6288,59.076,0.69977,0,0,0.331125,0.322626,0,0.66528,12.849,1,0.599365,0.36288,0,18.8671,6.16665,12.4639,0.84672,12.849,0.84672,3695.15,0,0,0,0.227405,1.61048,1.92539,1.54658,2.2167,0.42336,0,0.42336,460.49,0,0.643265,0,0,0.87067,0.227405,1.028160,1,0,14.6806,0,0,0,14.6806,0
48.4122,2.43702,0,0,0.787804,0.0758896,0.36288,3.6288,58.802,0.407717,0,0,0.454858,0.321202,0,0.66528,12.849,1,0.620062,0.36288,0,16.1759,6.16665,9.75206,0.84672,12.849,0.84672,3695.15,0,0,0,0.204422,1.61051,2.30088,1.54658,2.56923,0.42336,0,0.42336,460.49,0,0.93534,0,0,1.13976,0.204422,1.028160,1,0,12.3213,0,0,0,12.3213,0
46.3107,2.41594,0,0,0.751948,0.0745845,0.36288,3.6288,58.4517,0.431698,0,0,0.411459,0.330076,0,0.66528,12.849,1,0.641211,0.36288,0,18.7087,6.10617,12.3242,0.84672,12.849,0.84672,3695.15,0,0,0,0.204422,1.61054,2.76636,1.57391,3.00742,0.42336,0,0.42336,460.49,0,0.911382,0,0,1.1158,0.204422,1.028160,1,0,15.3316,0,0,0,15.3316,0
44.3793,2.31298,0,0,0.826096,0.0816345,0.36288,3.6288,58.3059,0.309037,0,0,0.50933,0.3461,0,0.66528,12.849,1,0.64174,0.36288,0,19.3157,5.89975,13.1371,0.84672,12.849,0.84672,3695.15,0,0,0,0.204422,1.61057,3.49602,1.62325,3.68776,0.42336,0,0.42336,460.49,0,0.983992,0,0,1.18841,0.204422,1.028160,1,0,16.8248,0,0,0,16.8248,0
42.5472,2.29137,0,0,0.948067,0.125959,0.36288,3.6288,58.1396,0.355438,0,0,0.494286,0.305156,0,0.66528,12.849,1,0.663414,0.36288,0,16.5561,5.56846,10.6871,0.84672,12.849,0.84672,3695.15,0,0,0,0.204422,1.55271,2.54821,1.50947,2.79588,0.42336,0,0.42336,460.49,0,0.937613,0,0,1.14204,0.204422,1.028160,1,0,13.483,0,0,0,13.483,0
41.267,2.26949,0,0,1.47551,0.123337,0.36288,3.6288,58.3894,0.264912,0,0,0.819539,0.304829,0,0.66528,12.849,1,0.685371,0.36288,0,26.9133,5.56846,21.0224,0.84672,12.849,0.84672,3695.15,0,0,0,0.939263,1.55274,4.54541,1.50947,5.52794,0.42336,0,0.42336,460.49,0,1.02816,0,0,1.96742,0.939263,1.028160,1,0,26.5503,0,0,0,26.5503,0
39.8865,2.25333,0,0,1.35721,0.121506,0.36288,3.6288,58.5728,0.264933,0,0,0.753728,0.30532,0,0.66528,12.849,1,0.701601,0.36288,0,48.7631,5.56846,42.8559,0.84672,12.849,0.84672,3695.15,0,0,0,0.759162,1.55277,3.84201,1.50947,4.64447,0.42336,0,0.42336,460.49,0,1.02816,0,0,1.78732,0.759162,1.028160,1,0,47.5004,0,0,0,47.5004,0
38.1359,2.17137,0,0,0.957623,0.174001,0.36288,3.6288,57.8413,0.816559,0,0,0.331397,0.246342,0,0.66528,12.849,1,0.699482,0.36288,0,21.3575,4.58045,16.4404,0.84672,12.849,0.84672,3695.15,0,0,0,0.216518,1.5528,2.73445,1.13601,3.36776,0.42336,0,0.42336,460.49,0,0.430973,0,0,0.647491,0.216518,1.028160,1,0,19.8082,0,0,0,19.8082,0
36.2205,2.1474,0,0,0.774325,0.179402,0.36288,3.6288,57.1348,0.802584,0,0,0.331407,0.235339,0,0.66528,12.849,1,0.723517,0.36288,0,14.4736,4.41578,9.69714,0.84672,12.849,0.84672,3695.15,0,0,0,0.216518,1.50184,3.05345,1.07376,3.69805,0.42336,0,0.42336,460.49,0,0.444968,0,0,0.661486,0.216518,1.028160,1,0,13.3952,0,0,0,13.3952,0
35.948,2.11921,0,0,2.385,0.175387,0.36288,3.6288,57.7417,0.219412,0,0,1.06056,0.234265,0,0.66528,12.849,1,0.751776,0.36288,0,50.1447,4.41578,45.3401,0.84672,12.849,0.84672,3695.15,0,0,0,1.08734,1.50187,7.26068,1.07376,8.77611,0.42336,0,0.42336,460.49,0,1.02816,0,0,2.1155,1.08734,1.028160,1,0,54.1162,0,0,0,54.1162,0
35.2297,2.11506,0,0,1.95822,0.198647,0.36288,3.6288,57.8171,0.616789,0,0,0.904445,0.212224,0,0.66528,12.849,1,0.755992,0.36288,0,40.6748,4.0893,36.1924,0.84672,12.849,0.84672,3695.15,0,0,0,0.292723,1.5019,5.49022,0.981285,6.30355,0.42336,0,0.42336,460.49,0,0.630803,0,0,0.923526,0.292723,1.028160,1,0,42.4959,0,0,0,42.4959,0
34.5925,1.74811,0,0,1.6766,0.202823,0.36288,3.6288,58.0744,0.115745,0,0,0.608598,0.235579,0,0.66528,12.849,1,0.637573,0.36288,0,32.6926,4.28865,28.1292,0.84672,12.849,0.84672,3695.15,0,0,0,0.292723,1.50193,4.80305,1.01013,5.58756,0.42336,0,0.42336,460.49,0,0.96552,0,0,1.25824,0.292723,1.028160,1,0,33.7168,0,0,0,33.7168,0
34.2802,1.73959,0,0,1.99744,0.207204,0.36288,3.6288,58.2999,0.053122,0,0,0.530332,0.251738,0,0.66528,12.849,1,0.646152,0.36288,0,45.7847,4.52455,40.9769,0.84672,12.849,0.84672,3695.15,0,0,0,0.454715,1.28246,5.3313,1.16171,5.90677,0.42336,0,0.42336,460.49,0,1.02816,0,0,1.48287,0.454715,1.028160,1,0,46.8837,0,0,0,46.8837,0
33.6624,1.73535,0,0,1.68683,0.206416,0.36288,3.6288,58.0592,0.370322,0,0,0.381732,0.252104,0,0.66528,12.849,1,0.650449,0.36288,0,31.508,4.52455,26.6959,0.84672,12.849,0.84672,3695.15,0,0,0,0.292723,1.28249,5.24602,1.16171,5.65951,0.42336,0,0.42336,460.49,0,0.710977,0,0,1.0037,0.292723,1.028160,1,0,32.3554,0,0,0,32.3554,0
33.1007,1.72675,0,0,1.72512,0.197176,0.36288,3.6288,57.9079,0.353525,0,0,0.434449,0.232214,0,0.66528,12.849,1,0.659105,0.36288,0,32.0081,4.10327,27.6086,0.84672,12.849,0.84672,3695.15,0,0,0,0.412474,1.28251,5.49857,1.04927,6.14429,0.42336,0,0.42336,460.49,0,0.72779,0,0,1.14026,0.412474,1.028160,1,0,33.7529,0,0,0,33.7529,0
33.6702,1.71874,0,0,2.83101,0.179905,0.36288,3.6288,58.395,0.053172,0,0,0.723868,0.183567,0,0.66528,12.849,1,0.667178,0.36288,0,56.1259,3.15734,52.6642,0.84672,12.849,0.84672,3695.15,0,0,0,0.476859,1.28253,6.00725,0.787663,6.97898,0.42336,0,0.42336,460.49,0,1.02816,0,0,1.50502,0.476859,1.028160,1,0,59.6432,0,0,0,59.6432,0
33.8302,1.7879,0,0,2.50627,0.195499,0.36288,3.6288,59.3296,0.0783743,0,0,1.25207,0.239084,0,0.66528,12.849,1,0.682287,0.36288,0,55.5248,5.12694,50.0784,0.84672,12.849,0.84672,3695.15,0,0,0,1.45965,1.28256,5.77727,1.50707,7.0124,0.42336,0,0.42336,460.49,0,1.02816,0,0,2.48781,1.45965,1.028160,1,0,57.0908,0,0,0,57.0908,0
34.3193,1.79027,0,0,2.83816,0.195885,0.36288,3.6288,60.0199,0.0783873,0,0,1.0092,0.240523,0,0.66528,12.849,1,0.679961,0.36288,0,58.4804,5.12694,53.0363,0.84672,12.849,0.84672,3695.15,0,0,0,1.00551,1.31782,5.06012,1.50707,5.87637,0.42336,0,0.42336,460.49,0,1.02816,0,0,2.03367,1.00551,1.028160,1,0,58.9127,0,0,0,58.9127,0
35.0682,1.79736,0,0,3.10618,0.197064,0.36288,3.6288,60.6582,0.0784003,0,0,0.958271,0.241586,0,0.66528,12.849,1,0.672922,0.36288,0,45.702,5.12694,40.265,0.84672,12.849,0.84672,3695.15,0,0,0,0.870869,1.31784,4.33303,1.50707,5.01466,0.42336,0,0.42336,460.49,0,1.02816,0,0,1.89903,0.870869,1.028160,1,0,45.2797,0,0,0,45.2797,0
36.7171,1.80791,0,0,4.01858,0.198869,0.36288,3.6288,61.3041,0.0784132,0,0,0.966868,0.242568,0,0.66528,12.849,1,0.662417,0.36288,0,49.2026,5.12694,43.7761,0.84672,12.849,0.84672,3695.15,0,0,0,0.952906,1.31786,4.27788,1.50707,5.04157,0.42336,0,0.42336,460.49,0,1.02816,0,0,1.98107,0.952906,1.028160,1,0,48.8176,0,0,0,48.8176,0
36.5676,2.03032,0,0,2.47024,0.226564,0.36288,3.6288,61.308,0.172981,0,0,0.901264,0.205104,0.519274,0.66528,12.849,1,0.710501,0.36288,0,39.298,4.08931,34.8611,0.84672,12.849,0.84672,3695.15,0,0,0,0.727324,1.31788,3.98091,1.0988,4.92731,0.42336,0,0.42336,460.49,0,1.02816,0,0,1.75548,0.727324,1.028160,1,0,40.3077,0,0,0,40.3077,0
36.435,2.0282,0,0,2.49183,0.233309,0.36288,3.6288,61.308,0.291908,0,0,0.682471,0.170261,0.220301,0.66528,12.849,1,0.712663,0.36288,0,39.7256,3.83261,35.5432,0.84672,12.849,0.84672,3695.15,0,0,0,0.503194,1.44163,3.89594,0.97079,4.86997,0.42336,0,0.42336,460.49,0,0.909248,0,0,1.41244,0.503194,1.028160,1,0,40.6335,0,0,0,40.6335,0
36.8407,2.02632,0,0,3.02777,0.23294,0.36288,3.6288,61.308,0.173011,0,0,0.878913,0.170261,0.535641,0.66528,12.849,1,0.714593,0.36288,0,50.24,3.83261,46.0556,0.84672,12.849,0.84672,3695.15,0,0,0,1.08918,1.44165,5.42322,0.97079,6.98327,0.42336,0,0.42336,460.49,0,1.02816,0,0,2.11734,1.08918,1.028160,1,0,53.5746,0,0,0,53.5746,0
37.9991,2.03219,0,0,3.78759,0.234067,0.36288,3.6288,61.308,0.173025,0,0,0.90606,0.170261,0.562773,0.66528,12.849,1,0.708773,0.36288,0,64.8036,3.83261,60.6251,0.84672,12.849,0.84672,3695.15,0,0,0,0.863024,1.44167,4.98645,0.97079,6.32035,0.42336,0,0.42336,460.49,0,1.02816,0,0,1.89118,0.863024,1.028160,1,0,67.5083,0,0,0,67.5083,0
40.2383,1.76009,0,0,4.58165,0.21944,0.36288,3.6288,61.308,0.0461372,0,0,1.1413,0.144384,0.950779,0.66528,12.849,1,0.595155,0.36288,0,66.9296,3.27746,63.4199,0.84672,12.849,0.84672,3695.15,0,0,0,2.92266,1.44169,9.20223,0.802432,12.7642,0.42336,0,0.42336,460.49,0,1.02816,0,0,3.95082,2.92266,1.028160,1,0,77.1348,0,0,0,77.1348,0
42.5355,1.78522,0,0,4.66317,0.217915,0.36288,3.6288,61.308,0.0461497,0,0,1.33391,0.134034,1.15373,0.66528,12.849,1,0.570062,0.36288,0,107.469,3.05539,104.206,0.84672,12.849,0.84672,3695.15,0,0,0,2.74714,1.27137,9.01351,0.735089,12.2969,0.42336,0,0.42336,460.49,0,1.02816,0,0,3.7753,2.74714,1.028160,1,0,117.657,0,0,0,117.657,0
43.3901,1.8089,0,0,3.25028,0.223883,0.36288,3.6288,61.308,0.0461622,0,0,1.8944,0.134034,1.7142,0.66528,12.849,1,0.546428,0.36288,0,80.0211,3.05539,76.7821,0.84672,12.849,0.84672,3695.15,0,0,0,2.17351,1.27139,6.36688,0.735089,9.07669,0.42336,0,0.42336,460.49,0,1.02816,0,0,3.20167,2.17351,1.028160,1,0,87.573,0,0,0,87.573,0
45.4483,1.81724,0,0,4.45102,0.212692,0.36288,3.6288,61.308,0.0461746,0,0,2.8677,0.137153,2.68437,0.66528,12.849,1,0.538134,0.36288,0,118.028,3.10121,114.751,0.84672,12.849,0.84672,3695.15,0,0,0,3.38494,1.27141,8.12048,0.742611,12.0342,0.42336,0,0.42336,460.49,0,1.02816,0,0,4.4131,3.38494,1.028160,1,0,129.47,0,0,0,129.47,0
47.7138,1.83627,0,0,4.67005,0.205367,0.36288,3.6288,61.308,0.0461871,0,0,2.37678,0.137069,2.19352,0.66528,12.849,1,0.519144,0.36288,0,98.2161,3.12131,94.9385,0.84672,12.849,0.84672,3695.15,0,0,0,2.78767,1.27143,8.62108,0.718127,11.962,0.42336,0,0.42336,460.49,0,1.02816,0,0,3.81583,2.78767,1.028160,1,0,109.094,0,0,0,109.094,0
49.6779,1.93223,0,0,4.48501,0.225845,0.36288,3.6288,61.308,0.0772472,0,0,1.74802,0.12646,1.54431,0.66528,12.849,1,0.520337,0.36288,0,116.048,3.01886,112.872,0.84672,12.849,0.84672,3695.15,0,0,0,2.17904,1.27145,8.9087,0.631842,11.7273,0.42336,0,0.42336,460.49,0,1.02816,0,0,3.2072,2.17904,1.028160,1,0,126.144,0,0,0,126.144,0
50.7468,1.94861,0,0,3.61113,0.230696,0.36288,3.6288,61.308,0.0772602,0,0,1.45339,0.12646,1.24967,0.66528,12.849,1,0.504001,0.36288,0,80.5637,3.01886,77.4037,0.84672,12.849,0.84672,3695.15,0,0,0,1.61777,1.31365,7.07175,0.631842,9.37133,0.42336,0,0.42336,460.49,0,1.02816,0,0,2.64593,1.61777,1.028160,1,0,88.0247,0,0,0,88.0247,0
51.6566,1.95712,0,0,3.45886,0.229063,0.36288,3.6288,61.308,0.0772731,0,0,1.38485,0.12713,1.18045,0.66528,12.849,1,0.495539,0.36288,0,79.1018,2.9778,75.9913,0.84672,12.849,0.84672,3695.15,0,0,0,1.81646,1.31367,6.05329,0.64797,8.53544,0.42336,0,0.42336,460.49,0,1.02816,0,0,2.84462,1.81646,1.028160,1,0,85.7072,0,0,0,85.7072,0
52.7314,1.96414,0,0,3.60725,0.205511,0.36288,3.6288,61.308,0.0772861,0,0,1.5126,0.131152,1.30416,0.66528,12.849,1,0.488559,0.36288,0,90.275,2.73147,87.4179,0.84672,12.849,0.84672,3695.15,0,0,0,2.07192,1.31369,7.17543,0.744734,9.81631,0.42336,0,0.42336,460.49,0,1.02816,0,0,3.10008,2.07192,1.028160,1,0,98.5384,0,0,0,98.5384,0
52.1918,1.94165,0,0,1.97298,0.207977,0.36288,3.6288,61.308,0.0652398,0,0,0.689463,0.17844,0.445784,0.66528,12.849,1,0.473121,0.36288,0,41.3721,3.46563,37.7962,0.84672,12.849,0.84672,3695.15,0,0,0,0.546972,1.3137,3.47615,0.892649,4.44418,0.42336,0,0.42336,460.49,0,1.02816,0,0,1.57513,0.546972,1.028160,1,0,42.6862,0,0,0,42.6862,0
51.5004,1.93776,0,0,1.81602,0.206823,0.36288,3.6288,61.308,0.0652525,0,0,0.698311,0.17844,0.454618,0.66528,12.849,1,0.477054,0.36288,0,38.633,3.46563,35.0532,0.84672,12.849,0.84672,3695.15,0,0,0,0.584228,1.29729,4.54054,0.892649,5.52941,0.42336,0,0.42336,460.49,0,1.02816,0,0,1.61239,0.584228,1.028160,1,0,41.0372,0,0,0,41.0372,0
51.873,1.93267,0,0,2.87356,0.205345,0.36288,3.6288,61.308,0.0652653,0,0,0.866851,0.17844,0.623146,0.66528,12.849,1,0.482189,0.36288,0,50.2559,3.46563,46.6709,0.84672,12.849,0.84672,3695.15,0,0,0,0.858609,1.29731,3.94743,0.892649,5.21069,0.42336,0,0.42336,460.49,0,1.02816,0,0,1.88677,0.858609,1.028160,1,0,52.5048,0,0,0,52.5048,0
51.2194,1.93549,0,0,1.80632,0.161604,0.36288,3.6288,61.308,0.0652781,0,0,0.730676,0.190936,0.474462,0.66528,12.849,1,0.479422,0.36288,0,39.7062,3.84489,35.7447,0.84672,12.849,0.84672,3695.15,0,0,0,0.589689,1.29733,3.4957,0.822441,4.56027,0.42336,0,0.42336,460.49,0,1.02816,0,0,1.61785,0.589689,1.028160,1,0,40.7795,0,0,0,40.7795,0
50.3695,2.03368,0,0,1.71382,0.167123,0.36288,3.6288,61.308,0.13671,0,0,0.616931,0.206256,0.273966,0.66528,12.849,1,0.510173,0.36288,0,36.9725,4.04157,32.7837,0.84672,12.849,0.84672,3695.15,0,0,0,0.402797,1.29734,3.25277,1.01673,3.93618,0.42336,0,0.42336,460.49,0,0.99951,0,0,1.40231,0.402797,1.028160,1,0,36.9938,0,0,0,36.9938,0
49.4795,2.02686,0,0,1.62613,0.126376,0.36288,3.6288,61.308,0.108073,0,0,0.613498,0.224132,0.281293,0.66528,12.849,1,0.517041,0.36288,0,35.0273,4.38806,30.485,0.84672,12.849,0.84672,3695.15,0,0,0,0.499357,1.35456,3.22827,1.10028,3.9819,0.42336,0,0.42336,460.49,0,1.02816,0,0,1.52752,0.499357,1.028160,1,0,34.7482,0,0,0,34.7482,0
48.5503,2.01951,0,0,1.57839,0.125192,0.36288,3.6288,61.308,0.108086,0,0,0.651508,0.224132,0.31929,0.66528,12.849,1,0.524433,0.36288,0,33.3863,4.38806,28.8366,0.84672,12.849,0.84672,3695.15,0,0,0,0.481844,1.35458,3.43421,1.10028,4.17035,0.42336,0,0.42336,460.49,0,1.02816,0,0,1.51,0.481844,1.028160,1,0,33.3263,0,0,0,33.3263,0
47.5493,2.01161,0,0,1.49742,0.123942,0.36288,3.6288,61.308,0.1081,0,0,0.633121,0.224132,0.300889,0.66528,12.849,1,0.53238,0.36288,0,31.3574,4.38806,26.7999,0.84672,12.849,0.84672,3695.15,0,0,0,0.41758,1.3546,3.17513,1.10028,3.84703,0.42336,0,0.42336,460.49,0,1.02816,0,0,1.44574,0.41758,1.028160,1,0,30.9478,0,0,0,30.9478,0
46.6219,2.00283,0,0,1.5535,0.115237,0.36288,3.6288,61.308,0.108113,0,0,0.633425,0.228464,0.296848,0.66528,12.849,1,0.541213,0.36288,0,31.4413,4.43363,26.8293,0.84672,12.849,0.84672,3695.15,0,0,0,0.332968,1.35462,2.95615,1.1069,3.53684,0.42336,0,0.42336,460.49,0,1.02816,0,0,1.36113,0.332968,1.028160,1,0,30.663,0,0,0,30.663,0
46.0415,1.97444,0,0,1.85278,0.0958521,0.36288,3.6288,61.308,0.131635,0,0,0.710631,0.239295,0.339702,0.66528,12.849,1,0.544155,0.36288,0,36.2717,4.54755,31.5428,0.84672,12.849,0.84672,3695.15,0,0,0,0.38848,1.35464,2.58008,1.12343,3.19976,0.42336,0,0.42336,460.49,0,1.02816,0,0,1.41664,0.38848,1.028160,1,0,35.0823,0,0,0,35.0823,0
45.2926,1.96911,0,0,1.67835,0.0952358,0.36288,3.6288,61.308,0.131649,0,0,0.679044,0.239295,0.3081,0.66528,12.849,1,0.549527,0.36288,0,35.6456,4.54755,30.9114,0.84672,12.849,0.84672,3695.15,0,0,0,0.318082,1.36804,2.43742,1.12343,3.00011,0.42336,0,0.42336,460.49,0,1.02816,0,0,1.34624,0.318082,1.028160,1,0,34.2196,0,0,0,34.2196,0
44.4051,1.96207,0,0,1.52817,0.0907344,0.36288,3.6288,61.308,0.203444,0,0,0.642194,0.250264,0.188486,0.66528,12.849,1,0.556616,0.36288,0,31.3786,4.6887,26.4961,0.84672,12.849,0.84672,3695.15,0,0,0,0.261274,1.36806,2.36571,1.17495,2.82009,0.42336,0,0.42336,460.49,0,0.956379,0,0,1.21765,0.261274,1.028160,1,0,29.5047,0,0,0,29.5047,0
43.2712,2.15406,0,0,1.45082,0.0678139,0.36288,3.6288,61.308,0.265406,0,0,0.601564,0.316078,0.0200798,0.66528,12.849,1,0.623296,0.36288,0,28.3013,5.5356,22.5053,0.84672,12.849,0.84672,3695.15,0,0,0,0.261274,1.36808,2.25588,1.48409,2.40114,0.42336,0,0.42336,460.49,0,0.973037,0,0,1.23431,0.261274,1.028160,1,0,24.9265,0,0,0,24.9265,0
42.2615,1.99285,0,0,1.4149,0.0688489,0.36288,3.6288,61.308,0.152642,0,0,0.603012,0.301057,0.149312,0.66528,12.849,1,0.59176,0.36288,0,26.5001,5.43768,20.8335,0.84672,12.849,0.84672,3695.15,0,0,0,0.293674,1.4773,2.11874,1.45544,2.43426,0.42336,0,0.42336,460.49,0,1.02816,0,0,1.32183,0.293674,1.028160,1,0,23.4171,0,0,0,23.4171,0
41.1976,1.98205,0,0,1.34938,0.0683635,0.36288,3.6288,61.308,0.152657,0,0,0.583063,0.298553,0.131853,0.66528,12.849,1,0.602613,0.36288,0,25.0509,5.42136,19.3898,0.84672,12.849,0.84672,3695.15,0,0,0,0.307774,1.39664,2.16149,1.45067,2.41524,0.42336,0,0.42336,460.49,0,1.02816,0,0,1.33593,0.307774,1.028160,1,0,21.9369,0,0,0,21.9369,0
39.7883,2.17197,0,0,1.19311,0.0675168,0.36288,3.6288,61.2332,0.325123,0,0,0.548892,0.298553,0,0.66528,12.849,1,0.677411,0.36288,0,23.6638,5.42136,17.9279,0.84672,12.849,0.84672,3695.15,0,0,0,0.261274,1.39666,2.02776,1.45067,2.23502,0.42336,0,0.42336,460.49,0,0.936239,0,0,1.19751,0.261274,1.028160,1,0,20.163,0,0,0,20.163,0
38.2905,2.15388,0,0,1.07816,0.0592361,0.36288,3.6288,61.1461,0.326979,0,0,0.54347,0.30359,0,0.66528,12.849,1,0.69556,0.36288,0,22.4318,5.57091,16.5282,0.84672,12.849,0.84672,3695.15,0,0,0,0.227405,1.5085,2.02326,1.48055,2.27862,0.42336,0,0.42336,460.49,0,0.934399,0,0,1.1618,0.227405,1.028160,1,0,18.8068,0,0,0,18.8068,0
36.4313,2.29115,0,0,0.855654,0.0608341,0.36288,3.6288,60.9181,0.474187,0,0,0.551616,0.305421,0,0.66528,12.849,1,0.768834,0.36288,0,19.7559,5.59689,13.753,0.84672,12.849,0.84672,3695.15,0,0,0,0.227405,1.50853,1.83495,1.45714,2.11374,0.42336,0,0.42336,460.49,0,0.869772,0,0,1.09718,0.227405,1.028160,1,0,15.8668,0,0,0,15.8668,0
34.5006,2.26219,0,0,0.760311,0.0659511,0.36288,3.6288,60.5765,0.562358,0,0,0.534176,0.313419,0,0.66528,12.849,1,0.797855,0.36288,0,16.6159,5.53402,10.6469,0.84672,12.849,0.84672,3695.15,0,0,0,0.227405,1.61178,1.68,1.53433,1.98486,0.42336,0,0.42336,460.49,0,0.781618,0,0,1.00902,0.227405,1.028160,1,0,12.6318,0,0,0,12.6318,0
32.5878,2.2297,0,0,0.744206,0.0644328,0.36288,3.6288,60.1442,0.619053,0,0,0.499442,0.31274,0,0.66528,12.849,1,0.830403,0.36288,0,15.1626,5.53402,9.16105,0.84672,12.849,0.84672,3695.15,0,0,0,0.227405,1.61181,1.6862,1.53433,1.99109,0.42336,0,0.42336,460.49,0,0.724939,0,0,0.952344,0.227405,1.028160,1,0,11.1521,0,0,0,11.1521,0
31.0484,2.19478,0,0,1.08122,0.0629286,0.36288,3.6288,59.9793,0.426821,0,0,0.573871,0.311881,0,0.66528,12.849,1,0.865376,0.36288,0,17.2691,5.53402,11.2326,0.84672,12.849,0.84672,3695.15,0,0,0,0.204422,1.61183,1.86952,1.53433,2.15145,0.42336,0,0.42336,460.49,0,0.917188,0,0,1.12161,0.204422,1.028160,1,0,13.384,0,0,0,13.384,0
29.9691,2.12452,0,0,1.49357,0.0855083,0.36288,3.6288,60.0878,0.346332,0,0,0.757547,0.302751,0,0.66528,12.849,1,0.879208,0.36288,0,29.0058,5.38533,23.1041,0.84672,12.849,0.84672,3695.15,0,0,0,0.204422,1.61185,2.07309,1.50352,2.38585,0.42336,0,0.42336,460.49,0,0.980199,0,0,1.18462,0.204422,1.028160,1,0,25.49,0,0,0,25.49,0
28.5065,2.07012,0,0,1.06806,0.0976627,0.36288,3.6288,59.9361,0.519962,0,0,0.669557,0.301299,0,0.66528,12.849,1,0.887546,0.36288,0,31.2451,5.4726,25.2478,0.84672,12.849,0.84672,3695.15,0,0,0,0.204422,1.58778,1.56664,1.4752,1.88363,0.42336,0,0.42336,460.49,0,0.773963,0,0,0.978385,0.204422,1.028160,1,0,27.1315,0,0,0,27.1315,0
28.0279,2.03876,0,0,2.01881,0.0957484,0.36288,3.6288,60.5169,0.265781,0,0,1.14759,0.301008,0,0.66528,12.849,1,0.918952,0.36288,0,37.2492,5.4726,31.2205,0.84672,12.849,0.84672,3695.15,0,0,0,0.81985,1.55395,2.68552,1.4752,3.58412,0.42336,0,0.42336,460.49,0,1.02816,0,0,1.84801,0.81985,1.028160,1,0,34.8046,0,0,0,34.8046,0
26.4471,2.02804,0,0,0.90523,0.095122,0.36288,3.6288,60.3,0.565821,0,0,0.651065,0.302123,0,0.66528,12.849,1,0.929727,0.36288,0,28.3227,5.4726,22.2832,0.84672,12.849,0.84672,3695.15,0,0,0,0.216518,1.55397,1.38084,1.4752,1.67612,0.42336,0,0.42336,460.49,0,0.728136,0,0,0.944654,0.216518,1.028160,1,0,23.9594,0,0,0,23.9594,0
25.3022,1.80641,0,0,1.13375,0.109362,0.36288,3.6288,60.3847,0.440084,0,0,0.823868,0.299123,0,0.66528,12.849,1,0.877624,0.36288,0,27.0212,5.29214,21.2143,0.84672,12.849,0.84672,3695.15,0,0,0,0.216518,1.554,1.68933,1.44805,2.0118,0.42336,0,0.42336,460.49,0,0.770619,0,0,0.987137,0.216518,1.028160,1,0,23.2261,0,0,0,23.2261,0
24.9129,1.72894,0,0,1.84509,0.142555,0.36288,3.6288,60.9744,0.140766,0,0,0.990645,0.260186,0,0.66528,12.849,1,0.877994,0.36288,0,42.2166,4.89606,36.8054,0.84672,12.849,0.84672,3695.15,0,0,0,0.850107,1.43838,2.70108,1.19746,3.7921,0.42336,0,0.42336,460.49,0,1.02816,0,0,1.87827,0.850107,1.028160,1,0,40.5975,0,0,0,40.5975,0
23.7212,1.71992,0,0,1.02459,0.133442,0.36288,3.6288,61.308,0.14078,0,0,0.837994,0.236492,0.127099,0.66528,12.849,1,0.887062,0.36288,0,44.1361,4.92933,38.6826,0.84672,12.849,0.84672,3695.15,0,0,0,0.537356,1.39165,1.97658,1.15394,2.75165,0.42336,0,0.42336,460.49,0,1.02816,0,0,1.56552,0.537356,1.028160,1,0,41.5614,0,0,0,41.5614,0
24.1173,1.69105,0,0,2.5717,0.12174,0.36288,3.6288,61.308,0.140794,0,0,1.26753,0.231035,0.895702,0.66528,12.849,1,0.915983,0.36288,0,42.3741,4.78533,37.0357,0.84672,12.849,0.84672,3695.15,0,0,0,1.2492,1.39167,4.13525,1.18614,5.58998,0.42336,0,0.42336,460.49,0,1.02816,0,0,2.27736,1.2492,1.028160,1,0,43.5214,0,0,0,43.5214,0
27.2302,1.70089,0,0,5.30532,0.12863,0.36288,3.6288,61.308,0.140808,0,0,2.03767,0.189813,1.70705,0.66528,12.849,1,0.906186,0.36288,0,116.479,3.89216,112.044,0.84672,12.849,0.84672,3695.15,0,0,0,2.39162,1.39169,9.29837,1.04961,12.0321,0.42336,0,0.42336,460.49,0,1.02816,0,0,3.41978,2.39162,1.028160,1,0,125.783,0,0,0,125.783,0
27.3029,1.62243,0,0,2.2122,0.154217,0.36288,3.6288,61.308,0.0537767,0,0,1.10556,0.186117,0.865662,0.66528,12.849,1,0.76557,0.36288,0,67.825,3.97807,63.4442,0.84672,12.849,0.84672,3695.15,0,0,0,0.758981,1.39171,4.12137,0.974438,5.29762,0.42336,0,0.42336,460.49,0,1.02816,0,0,1.78714,0.758981,1.028160,1,0,69.6075,0,0,0,69.6075,0
26.6955,1.62385,0,0,1.54963,0.170254,0.36288,3.6288,61.308,0.149348,0,0,0.802113,0.198937,0.453827,0.66528,12.849,1,0.764199,0.36288,0,59.2677,4.46659,54.3998,0.84672,12.849,0.84672,3695.15,0,0,0,0.292723,1.28342,3.36773,0.969921,3.97394,0.42336,0,0.42336,460.49,0,0.932602,0,0,1.22532,0.292723,1.028160,1,0,58.8276,0,0,0,58.8276,0
26.787,1.61214,0,0,2.23529,0.168816,0.36288,3.6288,61.308,0.053802,0,0,1.30873,0.198937,1.05599,0.66528,12.849,1,0.77595,0.36288,0,88.5254,4.46659,83.6458,0.84672,12.849,0.84672,3695.15,0,0,0,1.24725,1.28343,4.38354,0.969921,5.94431,0.42336,0,0.42336,460.49,0,1.02816,0,0,2.27541,1.24725,1.028160,1,0,90.6461,0,0,0,90.6461,0
25.9478,1.61396,0,0,1.31269,0.175006,0.36288,3.6288,61.308,0.0538146,0,0,1.23846,0.199889,0.984754,0.66528,12.849,1,0.774174,0.36288,0,67.0063,4.36722,62.2278,0.84672,12.849,0.84672,3695.15,0,0,0,1.12859,1.28345,3.63022,0.949069,5.09319,0.42336,0,0.42336,460.49,0,1.02816,0,0,2.15675,1.12859,1.028160,1,0,68.3057,0,0,0,68.3057,0
25.8602,1.59724,0,0,2.05665,0.184169,0.36288,3.6288,61.308,0.0538271,0,0,1.67068,0.243869,1.37299,0.66528,12.849,1,0.790933,0.36288,0,84.3903,5.16159,78.8007,0.84672,12.849,0.84672,3695.15,0,0,0,1.70874,1.28347,4.58677,1.11118,6.4678,0.42336,0,0.42336,460.49,0,1.02816,0,0,2.7369,1.70874,1.028160,1,0,86.6415,0,0,0,86.6415,0
29.9076,1.65179,0,0,6.21668,0.154624,0.36288,3.6288,61.308,0.0790464,0,0,2.53353,0.242985,2.2115,0.66528,12.849,1,0.820716,0.36288,0,154.931,4.0971,150.376,0.84672,12.849,0.84672,3695.15,0,0,0,2.73434,1.28349,10.413,1.07309,13.3578,0.42336,0,0.42336,460.49,0,1.02816,0,0,3.7625,2.73434,1.028160,1,0,165.945,0,0,0,165.945,0
33.209,1.7295,0,0,5.55732,0.1635,0.36288,3.6288,61.308,0.0790553,0,0,2.23006,0.242985,1.90802,0.66528,12.849,1,0.743035,0.36288,0,134.647,4.0971,130.169,0.84672,12.849,0.84672,3695.15,0,0,0,2.68254,1.31878,8.84287,1.07309,11.7711,0.42336,0,0.42336,460.49,0,1.02816,0,0,3.7107,2.68254,1.028160,1,0,143.848,0,0,0,143.848,0
34.9901,1.78278,0,0,4.09732,0.170574,0.36288,3.6288,61.308,0.0790641,0,0,1.62201,0.242985,1.29996,0.66528,12.849,1,0.689783,0.36288,0,110.611,4.10361,106.18,0.84672,12.849,0.84672,3695.15,0,0,0,1.83549,1.31879,7.51689,1.07309,9.59808,0.42336,0,0.42336,460.49,0,1.02816,0,0,2.86365,1.83549,1.028160,1,0,117.079,0,0,0,117.079,0
37.8003,1.80849,0,0,5.15594,0.174341,0.36288,3.6288,61.308,0.079073,0,0,1.98977,0.242985,1.66771,0.66528,12.849,1,0.66411,0.36288,0,94.7212,4.0971,90.3229,0.84672,12.849,0.84672,3695.15,0,0,0,2.45381,1.3188,8.81617,1.07309,11.5157,0.42336,0,0.42336,460.49,0,1.02816,0,0,3.48197,2.45381,1.028160,1,0,103.506,0,0,0,103.506,0
41.5259,2.04736,0,0,6.31934,0.183522,0.36288,3.6288,61.308,0.173714,0,0,2.54557,0.23754,2.13431,0.66528,12.849,1,0.695936,0.36288,0,145.401,3.91948,141.148,0.84672,12.849,0.84672,3695.15,0,0,0,3.24543,1.31881,11.7598,1.0596,15.2645,0.42336,0,0.42336,460.49,0,1.02816,0,0,4.27359,3.24543,1.028160,1,0,158.547,0,0,0,158.547,0
44.0916,2.09507,0,0,5.22916,0.205457,0.36288,3.6288,61.308,0.173724,0,0,2.17515,0.228813,1.77262,0.66528,12.849,1,0.64826,0.36288,0,194.246,3.81874,190.142,0.84672,12.849,0.84672,3695.15,0,0,0,2.73987,1.44266,11.0233,1.07904,14.1268,0.42336,0,0.42336,460.49,0,1.02816,0,0,3.76803,2.73987,1.028160,1,0,206.041,0,0,0,206.041,0
47.0476,2.12431,0,0,5.65482,0.211646,0.36288,3.6288,61.308,0.173734,0,0,2.5786,0.228813,2.17605,0.66528,12.849,1,0.619057,0.36288,0,159.228,3.81874,155.153,0.84672,12.849,0.84672,3695.15,0,0,0,3.17771,1.44268,12.3245,1.07904,15.8659,0.42336,0,0.42336,460.49,0,1.02816,0,0,4.20587,3.17771,1.028160,1,0,173.195,0,0,0,173.195,0
50.5323,2.15489,0,0,6.22123,0.218777,0.36288,3.6288,61.308,0.173744,0,0,2.5501,0.228813,2.14754,0.66528,12.849,1,0.588513,0.36288,0,158.511,3.81874,154.467,0.84672,12.849,0.84672,3695.15,0,0,0,3.22867,1.44269,12.2894,1.07904,15.8818,0.42336,0,0.42336,460.49,0,1.02816,0,0,4.25683,3.22867,1.028160,1,0,172.496,0,0,0,172.496,0
57.4562,1.87946,0,0,9.41034,0.244143,0.36288,3.6288,61.308,0.0467504,0,0,3.14535,0.215607,2.88299,0.66528,12.849,1,0.477896,0.36288,0,237.666,4.09456,233.456,0.84672,12.849,0.84672,3695.15,0,0,0,4.41595,1.4427,18.6221,1.0698,23.411,0.42336,0,0.42336,460.49,0,1.02816,0,0,5.44411,4.41595,1.028160,1,0,259.75,0,0,0,259.75,0
64.2758,1.92655,0,0,9.38468,0.275583,0.36288,3.6288,61.308,0.0467589,0,0,2.82371,0.205702,2.57125,0.66528,12.849,1,0.430836,0.36288,0,172.282,4.30143,167.912,0.84672,12.849,0.84672,3695.15,0,0,0,3.58962,1.27224,16.447,1.06287,20.246,0.42336,0,0.42336,460.49,0,1.02816,0,0,4.61778,3.58962,1.028160,1,0,190.729,0,0,0,190.729,0
70.1222,1.96467,0,0,8.4666,0.292669,0.36288,3.6288,61.308,0.0467673,0,0,2.39011,0.205702,2.13764,0.66528,12.849,1,0.392745,0.36288,0,179.7,4.30143,175.369,0.84672,12.849,0.84672,3695.15,0,0,0,2.47785,1.27226,14.0643,1.06287,16.7515,0.42336,0,0.42336,460.49,0,1.02816,0,0,3.50601,2.47785,1.028160,1,0,194.258,0,0,0,194.258,0
72.29,2.19845,0,0,9.12125,0.284209,4.4708,3.6288,61.308,0.117599,0,0,2.31522,0.193669,2.00395,0.66528,12.849,1,0.402838,4.4708,0,193.737,4.12704,193.678,0.84672,12.849,0.84672,3695.15,0,0,0,3.1025,1.27227,17.3574,1.03782,20.6944,0.42336,0,0.42336,460.49,0,1.02816,0,0,4.13066,3.1025,1.028160,1,0,216.377,0,0,0,216.377,0
72.29,2.20873,0,0,8.04453,0.262096,5.5737,3.6288,61.308,0.117608,0,0,2.09488,0.16622,1.81105,0.66528,12.849,1,0.392586,5.5737,0,174.469,4.00434,175.646,0.84672,12.849,0.84672,3695.15,0,0,0,2.62112,1.37269,16.2033,1.02381,19.1733,0.42336,0,0.42336,460.49,0,1.02816,0,0,3.64928,2.62112,1.028160,1,0,196.63,0,0,0,196.63,0
72.29,2.29884,0,0,6.66795,0.288868,4.08023,3.6288,61.308,0.151538,0,0,2.96563,0.155875,2.65822,0.66528,12.849,1,0.408602,4.08023,0,149.953,4.5864,149.038,0.84672,12.849,0.84672,3695.15,0,0,0,3.90614,1.37271,18.3508,1.14101,22.4887,0.42336,0,0.42336,460.49,0,1.02816,0,0,4.9343,3.90614,1.028160,1,0,174.185,0,0,0,174.185,0
72.29,2.29887,0,0,4.85322,0.288868,2.26548,3.6288,61.308,0.151547,0,0,2.3529,0.155875,2.04547,0.66528,12.849,1,0.408607,2.26548,0,106.055,4.5864,103.326,0.84672,12.849,0.84672,3695.15,0,0,0,2.2637,1.41881,14.1667,1.14101,16.7082,0.42336,0,0.42336,460.49,0,1.02816,0,0,3.29186,2.2637,1.028160,1,0,122.079,0,0,0,122.079,0
72.29,2.2989,0,0,4.11492,0.272321,1.5437,3.6288,61.308,0.151557,0,0,1.88427,0.160671,1.57204,0.66528,12.849,1,0.408612,1.5437,0,88.8028,4.59142,85.3465,0.84672,12.849,0.84672,3695.15,0,0,0,1.79972,1.41882,11.1094,1.14754,13.1804,0.42336,0,0.42336,460.49,0,1.02816,0,0,2.82788,1.79972,1.028160,1,0,100.099,0,0,0,100.099,0
72.29,2.29893,0,0,3.73506,0.27507,1.16106,3.6288,61.308,0.151567,0,0,1.65054,0.172268,1.32671,0.66528,12.849,1,0.408617,1.16106,0,80.4047,4.89788,76.2593,0.84672,12.849,0.84672,3695.15,0,0,0,1.58154,1.41884,10.2457,1.15069,12.0954,0.42336,0,0.42336,460.49,0,1.02816,0,0,2.6097,1.58154,1.028160,1,0,89.6813,0,0,0,89.6813,0
72.29,2.26373,0,0,3.8823,0.217643,1.40092,3.6288,61.308,0.138401,0,0,1.70986,0.186816,1.38464,0.66528,12.849,1,0.402361,1.40092,0,91.2816,3.69264,88.5875,0.84672,12.849,0.84672,3695.15,0,0,0,2.14648,1.41885,8.83336,1.11443,11.2843,0.42336,0,0.42336,460.49,0,1.02816,0,0,3.17464,2.14648,1.028160,1,0,101.256,0,0,0,101.256,0
72.29,2.26376,0,0,3.5862,0.216222,1.10622,3.6288,61.308,0.138411,0,0,1.55904,0.186078,1.23455,0.66528,12.849,1,0.402366,1.10622,0,86.8268,3.45167,84.079,0.84672,12.849,0.84672,3695.15,0,0,0,1.72457,1.40091,8.13577,1.10713,10.1541,0.42336,0,0.42336,460.49,0,1.02816,0,0,2.75273,1.72457,1.028160,1,0,95.4677,0,0,0,95.4677,0
72.29,2.26379,0,0,4.20403,0.204058,1.73618,3.6288,61.308,0.13842,0,0,1.45791,0.192012,1.12748,0.66528,12.849,1,0.402371,1.73618,0,94.1993,3.91952,91.6136,0.84672,12.849,0.84672,3695.15,0,0,0,1.71872,1.40092,10.8098,1.12557,12.8039,0.42336,0,0.42336,460.49,0,1.02816,0,0,2.74688,1.71872,1.028160,1,0,105.545,0,0,0,105.545,0
72.29,2.26382,0,0,3.36693,0.16223,0.940884,3.6288,61.308,0.13843,0,0,1.41777,0.210357,1.06899,0.66528,12.849,1,0.402376,0.940884,0,71.4425,5.14881,66.8322,0.84672,12.849,0.84672,3695.15,0,0,0,1.72464,1.40094,8.30632,1.19704,10.2349,0.42336,0,0.42336,460.49,0,1.02816,0,0,2.7528,1.72464,1.028160,1,0,78.1361,0,0,0,78.1361,0
72.29,2.38341,0,0,3.20642,0.133507,0.689496,3.6288,61.308,0.185163,0,0,1.27489,0.232414,0.857316,0.66528,12.849,1,0.423634,0.689496,0,68.3169,5.20479,63.378,0.84672,12.849,0.84672,3695.15,0,0,0,1.39549,1.40095,7.51369,1.20965,9.10048,0.42336,0,0.42336,460.49,0,1.02816,0,0,2.42365,1.39549,1.028160,1,0,73.3358,0,0,0,73.3358,0
72.29,2.38344,0,0,3.11352,0.129461,0.600616,3.6288,61.308,0.185173,0,0,1.16709,0.251296,0.730623,0.66528,12.849,1,0.423639,0.600616,0,61.3558,5.10042,56.4323,0.84672,12.849,0.84672,3695.15,0,0,0,1.25575,1.46345,6.75173,1.1504,8.32053,0.42336,0,0.42336,460.49,0,1.02816,0,0,2.28391,1.25575,1.028160,1,0,65.4835,0,0,0,65.4835,0
72.29,2.38347,0,0,2.97147,0.106626,0.481371,3.6288,61.308,0.185183,0,0,1.08962,0.258314,0.64612,0.66528,12.849,1,0.423644,0.481371,0,54.7833,5.21976,49.6213,0.84672,12.849,0.84672,3695.15,0,0,0,1.06954,1.46347,6.55404,1.20111,7.88594,0.42336,0,0.42336,460.49,0,1.02816,0,0,2.0977,1.06954,1.028160,1,0,58.1533,0,0,0,58.1533,0
72.29,2.3835,0,0,2.89096,0.106626,0.400835,3.6288,61.308,0.185193,0,0,1.10525,0.258314,0.66174,0.66528,12.849,1,0.423649,0.400835,0,52.0566,5.21976,46.814,0.84672,12.849,0.84672,3695.15,0,0,0,1.23958,1.46348,6.24156,1.20111,7.74351,0.42336,0,0.42336,460.49,0,1.02816,0,0,2.26774,1.23958,1.028160,1,0,55.2193,0,0,0,55.2193,0
72.0825,2.38353,0,0,2.65863,0.11971,0.36288,3.6288,61.308,0.185203,0,0,1.01711,0.255994,0.575913,0.66528,12.849,1,0.423654,0.36288,0,48.9195,4.97732,43.8814,0.84672,12.849,0.84672,3695.15,0,0,0,1.13571,1.4635,5.74149,1.21819,7.1225,0.42336,0,0.42336,460.49,0,1.02816,0,0,2.16387,1.13571,1.028160,1,0,51.5798,0,0,0,51.5798,0
72.0001,2.35889,0,0,2.7342,0.0948069,0.36288,3.6288,61.308,0.210894,0,0,0.829794,0.269728,0.349173,0.66528,12.849,1,0.420481,0.36288,0,45.8963,5.29956,40.5391,0.84672,12.849,0.84672,3695.15,0,0,0,0.781548,1.46351,5.55544,1.25211,6.54839,0.42336,0,0.42336,460.49,0,1.02816,0,0,1.80971,0.781548,1.028160,1,0,47.4367,0,0,0,47.4367,0
71.7116,2.35851,0,0,2.52759,0.0947476,0.36288,3.6288,61.308,0.210904,0,0,0.802215,0.269728,0.321584,0.66528,12.849,1,0.420894,0.36288,0,45.6191,5.29956,40.2615,0.84672,12.849,0.84672,3695.15,0,0,0,0.750928,1.47815,5.63321,1.25211,6.61018,0.42336,0,0.42336,460.49,0,1.02816,0,0,1.77909,0.750928,1.028160,1,0,47.1933,0,0,0,47.1933,0
71.1917,2.3571,0,0,2.29462,0.0945397,0.36288,3.6288,61.308,0.210914,0,0,0.757849,0.269728,0.277207,0.66528,12.849,1,0.422336,0.36288,0,44.2633,5.29956,38.9043,0.84672,12.849,0.84672,3695.15,0,0,0,0.576409,1.47816,5.29516,1.25211,6.09762,0.42336,0,0.42336,460.49,0,1.02816,0,0,1.60457,0.576409,1.028160,1,0,45.2791,0,0,0,45.2791,0
70.4907,2.35451,0,0,2.10108,0.0847244,0.36288,3.6288,61.308,0.210925,0,0,0.721276,0.291666,0.218686,0.66528,12.849,1,0.424954,0.36288,0,39.0347,5.58186,33.3907,0.84672,12.849,0.84672,3695.15,0,0,0,0.510563,1.47817,5.14238,1.35515,5.77596,0.42336,0,0.42336,460.49,0,1.02816,0,0,1.53872,0.510563,1.028160,1,0,39.3854,0,0,0,39.3854,0
70.0865,2.41181,0,0,2.43569,0.0652048,0.36288,3.6288,61.308,0.233824,0,0,0.796375,0.323021,0.23953,0.66528,12.849,1,0.439623,0.36288,0,41.9097,5.82134,36.0116,0.84672,12.849,0.84672,3695.15,0,0,0,0.62475,1.47819,5.13659,1.4487,5.79083,0.42336,0,0.42336,460.49,0,1.02816,0,0,1.65291,0.62475,1.028160,1,0,42.042,0,0,0,42.042,0
69.7873,2.40969,0,0,2.5402,0.0667605,0.36288,3.6288,61.308,0.233834,0,0,0.827738,0.313625,0.280279,0.66528,12.849,1,0.441771,0.36288,0,41.6947,5.63483,35.9809,0.84672,12.849,0.84672,3695.15,0,0,0,0.694207,1.50937,5.24259,1.38307,6.06309,0.42336,0,0.42336,460.49,0,1.02816,0,0,1.72237,0.694207,1.028160,1,0,42.3243,0,0,0,42.3243,0
69.1992,2.40812,0,0,2.24953,0.0666064,0.36288,3.6288,61.308,0.233845,0,0,0.777298,0.313625,0.229828,0.66528,12.849,1,0.443375,0.36288,0,39.2841,5.63483,33.5688,0.84672,12.849,0.84672,3695.15,0,0,0,0.57526,1.50938,5.19156,1.38307,5.89313,0.42336,0,0.42336,460.49,0,1.02816,0,0,1.60342,0.57526,1.028160,1,0,39.6917,0,0,0,39.6917,0
68.4085,2.40497,0,0,2.04345,0.0663034,0.36288,3.6288,61.308,0.233855,0,0,0.756242,0.313625,0.208762,0.66528,12.849,1,0.446558,0.36288,0,36.9795,5.63483,31.261,0.84672,12.849,0.84672,3695.15,0,0,0,0.471683,1.5094,5.00621,1.38307,5.60422,0.42336,0,0.42336,460.49,0,1.02816,0,0,1.49984,0.471683,1.028160,1,0,37.0739,0,0,0,37.0739,0
67.1971,2.57799,0,0,1.79102,0.0615463,0.36288,3.6288,61.308,0.316485,0,0,0.680302,0.318143,0.0456744,0.66528,12.849,1,0.484217,0.36288,0,32.3073,5.81651,26.3695,0.84672,12.849,0.84672,3695.15,0,0,0,0.306452,1.50941,4.72132,1.42684,5.11034,0.42336,0,0.42336,460.49,0,1.02816,0,0,1.33461,0.306452,1.028160,1,0,31.5255,0,0,0,31.5255,0
65.9123,2.57069,0,0,1.73477,0.0860325,0.36288,3.6288,60.8588,0.601738,0,0,0.466326,0.31377,0,0.66528,12.849,1,0.491551,0.36288,0,25.1119,5.68606,19.2972,0.84672,12.849,0.84672,3695.15,0,0,0,0.227405,1.61273,3.34655,1.48338,3.7033,0.42336,0,0.42336,460.49,0,0.742919,0,0,0.970324,0.227405,1.028160,1,0,23.0005,0,0,0,23.0005,0
64.7488,2.5627,0,0,1.84728,0.0851601,0.36288,3.6288,60.7434,0.376142,0,0,0.573604,0.312879,0,0.66528,12.849,1,0.499576,0.36288,0,31.9556,5.68606,26.1329,0.84672,12.849,0.84672,3695.15,0,0,0,0.227405,1.61275,3.73798,1.48338,4.09475,0.42336,0,0.42336,460.49,0,0.968527,0,0,1.19593,0.227405,1.028160,1,0,30.2276,0,0,0,30.2276,0
63.2661,2.55524,0,0,1.51976,0.0843701,0.36288,3.6288,60.1167,0.731749,0,0,0.417745,0.31265,0,0.66528,12.849,1,0.507072,0.36288,0,29.2764,5.68606,23.4461,0.84672,12.849,0.84672,3695.15,0,0,0,0.204422,1.61276,3.06156,1.48338,3.39536,0.42336,0,0.42336,460.49,0,0.61293,0,0,0.817353,0.204422,1.028160,1,0,26.8415,0,0,0,26.8415,0
62.1683,2.5454,0,0,1.89387,0.0833633,0.36288,3.6288,60.2125,0.316531,0,0,0.723662,0.311407,0,0.66528,12.849,1,0.516956,0.36288,0,28.5375,5.68606,22.6973,0.84672,12.849,0.84672,3695.15,0,0,0,0.587062,1.61278,4.77502,1.48338,5.49147,0.42336,0,0.42336,460.49,0,1.02816,0,0,1.61522,0.587062,1.028160,1,0,28.1888,0,0,0,28.1888,0
60.8507,2.45278,0,0,1.63922,0.14119,0.36288,3.6288,60.2075,0.29684,0,0,0.590809,0.298948,0,0.66528,12.849,1,0.506943,0.36288,0,31.2958,4.76521,26.3865,0.84672,12.849,0.84672,3695.15,0,0,0,0.204422,1.61279,3.66213,1.39918,4.08017,0.42336,0,0.42336,460.49,0,0.997713,0,0,1.20214,0.204422,1.028160,1,0,30.4667,0,0,0,30.4667,0
59.1748,2.44375,0,0,1.27037,0.139661,0.36288,3.6288,59.9108,0.471967,0,0,0.474237,0.298939,0,0.66528,12.849,1,0.516013,0.36288,0,25.9413,4.76521,21.023,0.84672,12.849,0.84672,3695.15,0,0,0,0.204422,1.55482,3.0631,1.39918,3.42317,0.42336,0,0.42336,460.49,0,0.822597,0,0,1.02702,0.204422,1.028160,1,0,24.4462,0,0,0,24.4462,0
57.6787,2.43177,0,0,1.43606,0.137529,0.36288,3.6288,59.6114,0.484557,0,0,0.48348,0.298374,0,0.66528,12.849,1,0.528026,0.36288,0,28.3243,4.76521,23.3939,0.84672,12.849,0.84672,3695.15,0,0,0,0.216518,1.55484,4.36144,1.39918,4.73361,0.42336,0,0.42336,460.49,0,0.810017,0,0,1.02654,0.216518,1.028160,1,0,28.1275,0,0,0,28.1275,0
56.9133,2.4206,0,0,2.1537,0.135545,0.36288,3.6288,59.7297,0.266426,0,0,0.682577,0.297805,0,0.66528,12.849,1,0.539234,0.36288,0,35.5108,4.76521,30.5693,0.84672,12.849,0.84672,3695.15,0,0,0,0.264825,1.55485,5.69623,1.39918,6.11673,0.42336,0,0.42336,460.49,0,1.02816,0,0,1.29298,0.264825,1.028160,1,0,36.686,0,0,0,36.686,0
56.4993,2.34596,0,0,2.47347,0.178681,0.36288,3.6288,59.955,0.220786,0,0,0.686985,0.240944,0,0.66528,12.849,1,0.529635,0.36288,0,34.933,3.89496,30.8713,0.84672,12.849,0.84672,3695.15,0,0,0,0.327948,1.55487,6.01915,1.06634,6.83563,0.42336,0,0.42336,460.49,0,1.02816,0,0,1.35611,0.327948,1.028160,1,0,37.7069,0,0,0,37.7069,0
57.212,2.34283,0,0,3.60452,0.186061,0.36288,3.6288,60.6586,0.220796,0,0,1.14115,0.216745,0,0.66528,12.849,1,0.532804,0.36288,0,100.073,3.5363,96.367,0.84672,12.849,0.84672,3695.15,0,0,0,1.60885,1.50382,8.40692,0.893002,10.6266,0.42336,0,0.42336,460.49,0,1.02816,0,0,2.63701,1.60885,1.028160,1,0,106.994,0,0,0,106.994,0
58.9011,2.34828,0,0,4.5876,0.187373,0.36288,3.6288,61.308,0.220806,0,0,1.32043,0.217718,0.232497,0.66528,12.849,1,0.52739,0.36288,0,86.6401,3.5363,82.9393,0.84672,12.849,0.84672,3695.15,0,0,0,2.08118,1.50384,10.432,0.893002,13.124,0.42336,0,0.42336,460.49,0,1.02816,0,0,3.10934,2.08118,1.028160,1,0,96.2958,0,0,0,96.2958,0
61.3045,2.36072,0,0,5.31752,0.190483,0.36288,3.6288,61.308,0.220817,0,0,1.35284,0.218615,0.91341,0.66528,12.849,1,0.514981,0.36288,0,47.9843,3.5363,44.2959,0.84672,12.849,0.84672,3695.15,0,0,0,2.09313,1.50385,10.657,0.893002,13.361,0.42336,0,0.42336,460.49,0,1.02816,0,0,3.12129,2.09313,1.028160,1,0,58.5703,0,0,0,58.5703,0
65.5928,2.17957,0,0,7.07313,0.242383,0.36288,3.6288,61.308,0.125746,0,0,1.26516,0.205518,0.9339,0.66528,12.849,1,0.456822,0.36288,0,93.833,3.68913,90.0499,0.84672,12.849,0.84672,3695.15,0,0,0,1.62793,1.50387,9.44193,0.966117,11.6076,0.42336,0,0.42336,460.49,0,1.02816,0,0,2.65609,1.62793,1.028160,1,0,102.591,0,0,0,102.591,0
69.3435,2.20457,0,0,6.56476,0.24668,0.36288,3.6288,61.308,0.125755,0,0,1.0215,0.196827,0.698916,0.66528,12.849,1,0.431853,0.36288,0,109.949,3.99525,105.885,0.84672,12.849,0.84672,3695.15,0,0,0,1.59107,1.38557,9.58297,1.07205,11.4876,0.42336,0,0.42336,460.49,0,1.02816,0,0,2.61923,1.59107,1.028160,1,0,118.071,0,0,0,118.071,0
72.2584,2.2243,0,0,5.75615,0.254076,0.36288,3.6288,61.308,0.125764,0,0,1.12812,0.196827,0.805533,0.66528,12.849,1,0.412152,0.36288,0,88.9419,3.99525,84.8974,0.84672,12.849,0.84672,3695.15,0,0,0,1.30709,1.38558,11.5143,1.07205,13.1349,0.42336,0,0.42336,460.49,0,1.02816,0,0,2.33525,1.30709,1.028160,1,0,98.8378,0,0,0,98.8378,0
72.29,2.23844,0,0,12.1907,0.259824,9.66078,3.6288,61.308,0.125774,0,0,1.86271,0.196827,1.54011,0.66528,12.849,1,0.398041,9.66078,0,211.439,3.99525,216.706,0.84672,12.849,0.84672,3695.15,0,0,0,2.90282,1.38559,17.1519,1.07205,20.3682,0.42336,0,0.42336,460.49,0,1.02816,0,0,3.93098,2.90282,1.028160,1,0,238.615,0,0,0,238.615,0
72.29,2.23862,0,0,10.442,0.262357,7.94098,3.6288,61.308,0.125783,0,0,1.69815,0.257825,1.31454,0.66528,12.849,1,0.397898,7.94098,0,187.978,4.83532,190.686,0.84672,12.849,0.84672,3695.15,0,0,0,1.71018,1.38561,18.1973,1.39345,19.8997,0.42336,0,0.42336,460.49,0,1.02816,0,0,2.73834,1.71018,1.028160,1,0,211.9,0,0,0,211.9,0
72.29,2.23862,0,0,9.09455,0.2777,6.57823,3.6288,61.308,0.125783,0,0,1.58824,0.224229,1.23823,0.66528,12.849,1,0.397898,6.57823,0,148.7,3.95999,150.92,0.84672,12.849,0.84672,3695.15,0,0,0,3.17666,1.38562,10.9212,1.12633,14.3572,0.42336,0,0.42336,460.49,0,1.02816,0,0,4.20482,3.17666,1.028160,1,0,166.515,0,0,0,166.515,0
72.29,2.31682,0,0,7.57313,0.282418,4.9739,3.6288,61.308,0.153326,0,0,1.47866,0.213875,1.11146,0.66528,12.849,1,0.411797,4.9739,0,118.46,3.81707,119.205,0.84672,12.849,0.84672,3695.15,0,0,0,2.96044,1.38562,8.54142,1.09292,11.7946,0.42336,0,0.42336,460.49,0,1.02816,0,0,3.9886,2.96044,1.028160,1,0,132.111,0,0,0,132.111,0
72.29,2.31683,0,0,6.42227,0.282418,3.82302,3.6288,61.308,0.153331,0,0,0.995518,0.213875,0.628312,0.66528,12.849,1,0.4118,3.82302,0,93.3561,3.81707,92.9502,0.84672,12.849,0.84672,3695.15,0,0,0,2.08161,1.42416,8.50703,1.09292,10.9199,0.42336,0,0.42336,460.49,0,1.02816,0,0,3.10977,2.08161,1.028160,1,0,104.498,0,0,0,104.498,0
72.29,2.31685,0,0,7.90569,0.329166,5.25967,3.6288,61.308,0.153336,0,0,1.11254,0.20138,0.757823,0.66528,12.849,1,0.411802,5.25967,0,129.017,3.95,129.915,0.84672,12.849,0.84672,3695.15,0,0,0,2.28703,1.42417,9.44689,1.32471,11.8334,0.42336,0,0.42336,460.49,0,1.02816,0,0,3.31519,2.28703,1.028160,1,0,142.506,0,0,0,142.506,0
72.29,2.31686,0,0,8.21829,0.318796,5.58263,3.6288,61.308,0.153341,0,0,1.44317,0.201858,1.08797,0.66528,12.849,1,0.411805,5.58263,0,144.046,3.93444,145.282,0.84672,12.849,0.84672,3695.15,0,0,0,3.53926,1.42417,9.96624,1.22628,13.7034,0.42336,0,0.42336,460.49,0,1.02816,0,0,4.56742,3.53926,1.028160,1,0,160.074,0,0,0,160.074,0
72.29,2.56791,0,0,21.218,0.303938,18.3462,3.6288,61.308,0.25671,0,0,2.42223,0.178365,1.98716,0.66528,12.849,1,0.456426,18.3462,0,195.026,3.60213,209.314,0.84672,12.849,0.84672,3695.15,0,0,0,7.65306,1.42418,22.6115,1.02929,30.6594,0.42336,0,0.42336,460.49,0,1.02816,0,0,8.68122,7.65306,1.028160,1,0,241.961,0,0,0,241.961,0
72.29,2.56792,0,0,9.90524,0.303938,7.03338,3.6288,61.308,0.256716,0,0,1.40484,0.178365,0.969757,0.66528,12.849,1,0.456429,7.03338,0,357.095,3.60213,360.069,0.84672,12.849,0.84672,3695.15,0,0,0,4.21932,1.55945,13.3786,1.02929,18.1281,0.42336,0,0.42336,460.49,0,1.02816,0,0,5.24748,4.21932,1.028160,1,0,379.167,0,0,0,379.167,0
72.29,2.56794,0,0,6.99365,0.306107,4.1196,3.6288,61.308,0.256722,0,0,1.02737,0.194438,0.576205,0.66528,12.849,1,0.456432,4.1196,0,160.908,3.79468,160.776,0.84672,12.849,0.84672,3695.15,0,0,0,3.22766,1.55946,9.14872,1.06257,12.8733,0.42336,0,0.42336,460.49,0,1.02816,0,0,4.25582,3.22766,1.028160,1,0,174.226,0,0,0,174.226,0
72.29,2.56796,0,0,6.96358,0.31127,4.08435,3.6288,61.308,0.256728,0,0,1.38826,0.271948,0.859582,0.66528,12.849,1,0.456435,4.08435,0,182.257,4.55716,181.328,0.84672,12.849,0.84672,3695.15,0,0,0,4.38113,1.55947,8.89957,1.17479,13.6654,0.42336,0,0.42336,460.49,0,1.02816,0,0,5.40929,4.38113,1.028160,1,0,195.853,0,0,0,195.853,0
72.29,2.20992,0,0,7.55335,0.300801,5.04263,3.6288,61.308,0.118014,0,0,1.46825,0.246707,1.10353,0.66528,12.849,1,0.392796,5.04263,0,195.96,4.03336,196.576,0.84672,12.849,0.84672,3695.15,0,0,0,3.93564,1.55948,9.47773,1.05814,13.9147,0.42336,0,0.42336,460.49,0,1.02816,0,0,4.9638,3.93564,1.028160,1,0,211.594,0,0,0,211.594,0
72.29,2.20993,0,0,5.8735,0.300801,3.36276,3.6288,61.308,0.118019,0,0,1.19914,0.246707,0.83441,0.66528,12.849,1,0.392799,3.36276,0,117.514,4.03336,116.45,0.84672,12.849,0.84672,3695.15,0,0,0,2.77943,1.37328,7.12282,1.05814,10.2174,0.42336,0,0.42336,460.49,0,1.02816,0,0,3.80759,2.77943,1.028160,1,0,127.502,0,0,0,127.502,0
72.29,2.20995,0,0,6.33595,0.300801,3.8252,3.6288,61.308,0.118024,0,0,1.32912,0.246707,0.964385,0.66528,12.849,1,0.392802,3.8252,0,96.279,4.03336,95.678,0.84672,12.849,0.84672,3695.15,0,0,0,2.74031,1.37329,7.89526,1.05814,10.9507,0.42336,0,0.42336,460.49,0,1.02816,0,0,3.76847,2.74031,1.028160,1,0,107.593,0,0,0,107.593,0
72.29,2.20996,0,0,7.14848,0.300448,4.63807,3.6288,61.308,0.118029,0,0,1.58098,0.24975,1.2132,0.66528,12.849,1,0.392804,4.63807,0,132.462,4.17056,132.536,0.84672,12.849,0.84672,3695.15,0,0,0,3.96727,1.3733,10.6919,1.0648,14.9677,0.42336,0,0.42336,460.49,0,1.02816,0,0,4.99543,3.96727,1.028160,1,0,148.717,0,0,0,148.717,0
72.29,2.20998,0,0,8.5263,0.317532,5.99879,3.6288,61.308,0.118034,0,0,1.41451,0.173555,1.12293,0.66528,12.849,1,0.392807,5.99879,0,172.367,4.09994,173.873,0.84672,12.849,0.84672,3695.15,0,0,0,2.68389,1.3733,8.83345,0.914656,11.976,0.42336,0,0.42336,460.49,0,1.02816,0,0,3.71205,2.68389,1.028160,1,0,186.972,0,0,0,186.972,0
72.29,2.30012,0,0,11.989,0.317532,9.3713,3.6288,61.308,0.151976,0,0,2.16671,0.173555,1.84118,0.66528,12.849,1,0.408829,9.3713,0,177.561,4.09994,182.423,0.84672,12.849,0.84672,3695.15,0,0,0,5.53158,1.37331,15.9443,0.914656,21.9345,0.42336,0,0.42336,460.49,0,1.02816,0,0,6.55974,5.53158,1.028160,1,0,206.199,0,0,0,206.199,0
72.29,2.30014,0,0,8.78204,0.290748,6.19116,3.6288,61.308,0.151981,0,0,1.79523,0.187828,1.45542,0.66528,12.849,1,0.408832,6.19116,0,218.415,4.27444,219.923,0.84672,12.849,0.84672,3695.15,0,0,0,3.48366,1.41943,10.1079,0.949007,14.062,0.42336,0,0.42336,460.49,0,1.02816,0,0,4.51182,3.48366,1.028160,1,0,235.44,0,0,0,235.44,0
72.29,2.30015,0,0,7.59499,0.226821,5.06802,3.6288,61.308,0.151986,0,0,1.25148,0.233676,0.865816,0.66528,12.849,1,0.408834,5.06802,0,170.068,4.45277,170.274,0.84672,12.849,0.84672,3695.15,0,0,0,2.65574,1.41944,8.30131,1.07255,11.3039,0.42336,0,0.42336,460.49,0,1.02816,0,0,3.6839,2.65574,1.028160,1,0,182.444,0,0,0,182.444,0
72.29,2.30017,0,0,6.62774,0.208127,4.11945,3.6288,61.308,0.151991,0,0,0.964051,0.23464,0.577419,0.66528,12.849,1,0.408837,4.11945,0,121.255,4.53672,120.429,0.84672,12.849,0.84672,3695.15,0,0,0,2.20233,1.41944,7.96634,1.1083,10.4798,0.42336,0,0.42336,460.49,0,1.02816,0,0,3.23049,2.20233,1.028160,1,0,131.487,0,0,0,131.487,0
72.29,2.26494,0,0,5.63988,0.209113,3.16583,3.6288,61.308,0.138816,0,0,0.815037,0.226981,0.44924,0.66528,12.849,1,0.402576,3.16583,0,113.985,4.58661,112.162,0.84672,12.849,0.84672,3695.15,0,0,0,1.66341,1.41945,6.39444,1.09928,8.37802,0.42336,0,0.42336,460.49,0,1.02816,0,0,2.69157,1.66341,1.028160,1,0,120.989,0,0,0,120.989,0
72.29,2.26496,0,0,5.3612,0.209113,2.88713,3.6288,61.308,0.138821,0,0,0.745243,0.226981,0.379441,0.66528,12.849,1,0.402579,2.88713,0,102.651,4.58661,100.549,0.84672,12.849,0.84672,3695.15,0,0,0,1.19197,1.4015,5.76709,1.09928,7.26128,0.42336,0,0.42336,460.49,0,1.02816,0,0,2.22013,1.19197,1.028160,1,0,108.19,0,0,0,108.19,0
72.29,2.26497,0,0,4.93201,0.209113,2.45793,3.6288,61.308,0.138826,0,0,0.697896,0.226981,0.332089,0.66528,12.849,1,0.402581,2.45793,0,94.2391,4.58661,91.7078,0.84672,12.849,0.84672,3695.15,0,0,0,1.0804,1.40151,4.93974,1.09928,6.32236,0.42336,0,0.42336,460.49,0,1.02816,0,0,2.10856,1.0804,1.028160,1,0,98.3623,0,0,0,98.3623,0
72.29,2.26498,0,0,4.67137,0.177401,2.22899,3.6288,61.308,0.138831,0,0,0.631489,0.247348,0.24531,0.66528,12.849,1,0.402584,2.22899,0,88.6568,4.89609,85.5871,0.84672,12.849,0.84672,3695.15,0,0,0,0.885038,1.40151,4.65193,1.10855,5.82993,0.42336,0,0.42336,460.49,0,1.02816,0,0,1.9132,0.885038,1.028160,1,0,91.6623,0,0,0,91.6623,0
72.29,2.38462,0,0,4.07517,0.181228,1.50932,3.6288,61.308,0.18558,0,0,0.564327,0.230678,0.148069,0.66528,12.849,1,0.423849,1.50932,0,72.2885,4.76388,68.61,0.84672,12.849,0.84672,3695.15,0,0,0,0.740733,1.40152,3.85593,1.08684,4.91134,0.42336,0,0.42336,460.49,0,1.02816,0,0,1.76889,0.740733,1.028160,1,0,73.6695,0,0,0,73.6695,0
72.29,2.38464,0,0,3.70026,0.112725,1.2029,3.6288,61.308,0.185586,0,0,0.519973,0.251731,0.0826553,0.66528,12.849,1,0.423852,1.2029,0,52.6161,5.1219,48.2733,0.84672,12.849,0.84672,3695.15,0,0,0,0.476712,1.46404,3.6079,1.23896,4.3097,0.42336,0,0.42336,460.49,0,1.02816,0,0,1.50487,0.476712,1.028160,1,0,52.6656,0,0,0,52.6656,0
72.29,2.38466,0,0,3.54758,0.112725,1.0502,3.6288,61.308,0.185591,0,0,0.50728,0.251731,0.0699578,0.66528,12.849,1,0.423854,1.0502,0,48.6849,5.1219,44.1894,0.84672,12.849,0.84672,3695.15,0,0,0,0.474509,1.46405,3.48604,1.23896,4.18564,0.42336,0,0.42336,460.49,0,1.02816,0,0,1.50267,0.474509,1.028160,1,0,48.445,0,0,0,48.445,0
72.29,2.38467,0,0,3.38933,0.112725,0.89193,3.6288,61.308,0.185596,0,0,0.509263,0.251731,0.0719354,0.66528,12.849,1,0.423857,0.89193,0,46.5181,5.1219,41.8643,0.84672,12.849,0.84672,3695.15,0,0,0,0.608187,1.46406,3.31998,1.23896,4.15327,0.42336,0,0.42336,460.49,0,1.02816,0,0,1.63635,0.608187,1.028160,1,0,46.0895,0,0,0,46.0895,0
72.0423,2.38469,0,0,2.59936,0.0995347,0.36288,3.6288,61.308,0.185602,0,0,0.70562,0.305436,0.214582,0.66528,12.849,1,0.42386,0.36288,0,56.2023,5.62506,50.5162,0.84672,12.849,0.84672,3695.15,0,0,0,0.724032,1.46407,4.34656,1.35416,5.1805,0.42336,0,0.42336,460.49,0,1.02816,0,0,1.75219,0.724032,1.028160,1,0,55.9113,0,0,0,55.9113,0
71.5862,2.35982,0,0,2.36596,0.0993476,0.36288,3.6288,61.308,0.2113,0,0,0.676927,0.305436,0.160191,0.66528,12.849,1,0.420882,0.36288,0,50.7359,5.62506,45.0528,0.84672,12.849,0.84672,3695.15,0,0,0,0.600929,1.46407,3.94015,1.35416,4.65099,0.42336,0,0.42336,460.49,0,1.02816,0,0,1.62909,0.600929,1.028160,1,0,49.864,0,0,0,49.864,0
70.9684,2.35756,0,0,2.20164,0.0990031,0.36288,3.6288,61.308,0.211305,0,0,0.630469,0.305436,0.113729,0.66528,12.849,1,0.423159,0.36288,0,46.1634,5.62506,40.4781,0.84672,12.849,0.84672,3695.15,0,0,0,0.448701,1.47871,3.85969,1.35416,4.43294,0.42336,0,0.42336,460.49,0,1.02816,0,0,1.47686,0.448701,1.028160,1,0,45.0248,0,0,0,45.0248,0
70.2959,2.35446,0,0,2.1434,0.0985365,0.36288,3.6288,61.308,0.21131,0,0,0.600278,0.305436,0.0835315,0.66528,12.849,1,0.42628,0.36288,0,41.3086,5.62506,35.6202,0.84672,12.849,0.84672,3695.15,0,0,0,0.337893,1.47872,3.81968,1.35416,4.28213,0.42336,0,0.42336,460.49,0,1.02816,0,0,1.36605,0.337893,1.028160,1,0,39.9858,0,0,0,39.9858,0
69.4203,2.35103,0,0,1.91578,0.0774928,0.36288,3.6288,61.2787,0.286458,0,0,0.578761,0.321597,0,0.66528,12.849,1,0.429731,0.36288,0,36.181,5.81332,30.3008,0.84672,12.849,0.84672,3695.15,0,0,0,0.261274,1.47873,3.38996,1.41155,3.71841,0.42336,0,0.42336,460.49,0,0.953018,0,0,1.21429,0.261274,1.028160,1,0,34.0192,0,0,0,34.0192,0
68.6688,2.40718,0,0,2.08915,0.0705606,0.36288,3.6288,61.308,0.23422,0,0,0.783052,0.325884,0.193654,0.66528,12.849,1,0.445546,0.36288,0,46.2103,5.88808,40.2395,0.84672,12.849,0.84672,3695.15,0,0,0,0.439335,1.47873,3.67699,1.41524,4.17981,0.42336,0,0.42336,460.49,0,1.02816,0,0,1.4675,0.439335,1.028160,1,0,44.613,0,0,0,44.613,0
67.7343,2.40309,0,0,1.90159,0.0701493,0.36288,3.6288,61.308,0.234225,0,0,0.645866,0.325944,0.0856967,0.66528,12.849,1,0.449656,0.36288,0,37.22,5.88808,31.2451,0.84672,12.849,0.84672,3695.15,0,0,0,0.471027,1.50992,3.41674,1.41524,3.98244,0.42336,0,0.42336,460.49,0,1.02816,0,0,1.49919,0.471027,1.028160,1,0,35.3133,0,0,0,35.3133,0
66.6334,2.39789,0,0,1.72949,0.0696378,0.36288,3.6288,61.308,0.234231,0,0,0.601485,0.325944,0.04131,0.66528,12.849,1,0.454873,0.36288,0,34.6975,5.88808,28.7174,0.84672,12.849,0.84672,3695.15,0,0,0,0.237349,1.50992,3.04499,1.41524,3.37702,0.42336,0,0.42336,460.49,0,1.02816,0,0,1.26551,0.237349,1.028160,1,0,32.1357,0,0,0,32.1357,0
65.6544,2.39161,0,0,1.83727,0.0617418,0.36288,3.6288,61.308,0.234237,0,0,0.696866,0.324273,0.138357,0.66528,12.849,1,0.461177,0.36288,0,33.6952,6.02409,27.5728,0.84672,12.849,0.84672,3695.15,0,0,0,0.59324,1.50993,4.20142,1.46118,4.8434,0.42336,0,0.42336,460.49,0,1.02816,0,0,1.6214,0.59324,1.028160,1,0,32.5546,0,0,0,32.5546,0
64.2865,2.56211,0,0,1.6401,0.0829989,0.36288,3.6288,61.308,0.316894,0,0,0.627346,0.277986,0.0324654,0.66528,12.849,1,0.501421,0.36288,0,26.2735,5.79327,20.3417,0.84672,12.849,0.84672,3695.15,0,0,0,0.655448,1.50994,3.72001,1.5277,4.3577,0.42336,0,0.42336,460.49,0,1.02816,0,0,1.68361,0.655448,1.028160,1,0,24.7318,0,0,0,24.7318,0
62.7276,2.55323,0,0,1.43925,0.0820918,0.36288,3.6288,61.308,0.3169,0,0,0.605233,0.277986,0.010346,0.66528,12.849,1,0.510316,0.36288,0,33.3984,5.79327,27.4576,0.84672,12.849,0.84672,3695.15,0,0,0,0.580453,1.61329,3.57224,1.5277,4.23829,0.42336,0,0.42336,460.49,0,1.02816,0,0,1.60861,0.580453,1.028160,1,0,31.7063,0,0,0,31.7063,0
61.2108,2.54272,0,0,1.4699,0.0810579,0.36288,3.6288,61.308,0.316906,0,0,0.694253,0.277986,0.0993605,0.66528,12.849,1,0.520846,0.36288,0,28.9313,5.79327,22.9801,0.84672,12.849,0.84672,3695.15,0,0,0,0.67163,1.6133,3.70968,1.5277,4.46691,0.42336,0,0.42336,460.49,0,1.02816,0,0,1.69979,0.67163,1.028160,1,0,27.5463,0,0,0,27.5463,0
59.7178,2.53207,0,0,1.48313,0.0812145,0.36288,3.6288,61.308,0.316913,0,0,0.699511,0.271092,0.111506,0.66528,12.849,1,0.531516,0.36288,0,29.3554,5.60842,23.5784,0.84672,12.849,0.84672,3695.15,0,0,0,1.0869,1.61331,4.74496,1.45574,5.98943,0.42336,0,0.42336,460.49,0,1.02816,0,0,2.11506,1.0869,1.028160,1,0,29.6793,0,0,0,29.6793,0
57.5771,2.52115,0,0,0.837017,0.0936414,0.36288,3.6288,61.2353,0.316919,0,0,0.457761,0.213509,0,0.66528,12.849,1,0.542456,0.36288,0,15.2779,5.34446,9.75382,0.84672,12.849,0.84672,3695.15,0,0,0,0.661807,1.61332,3.51919,1.35427,4.44005,0.42336,0,0.42336,460.49,0,1.02816,0,0,1.68997,0.661807,1.028160,1,0,14.1939,0,0,0,14.1939,0
55.3457,2.42071,0,0,0.644953,0.0927973,0.36288,3.6288,61.1165,0.266757,0,0,0.358676,0.210709,0,0.66528,12.849,1,0.54021,0.36288,0,13.5533,5.48531,7.89067,0.84672,12.849,0.84672,3695.15,0,0,0,0.265403,1.61333,2.98537,1.40932,3.45479,0.42336,0,0.42336,460.49,0,1.02816,0,0,1.29356,0.265403,1.028160,1,0,11.3455,0,0,0,11.3455,0
53.3656,2.40305,0,0,0.927603,0.141766,0.36288,3.6288,61.1258,0.266763,0,0,0.441181,0.165122,0,0.66528,12.849,1,0.55789,0.36288,0,15.8182,4.86241,10.7608,0.84672,12.849,0.84672,3695.15,0,0,0,0.429494,1.55533,3.28507,1.21462,4.05528,0.42336,0,0.42336,460.49,0,1.02816,0,0,1.45765,0.429494,1.028160,1,0,14.816,0,0,0,14.816,0
52.6769,2.38638,0,0,2.26622,0.205603,0.36288,3.6288,61.308,0.266768,0,0,0.906551,0.104557,0.353065,0.66528,12.849,1,0.574577,0.36288,0,47.7045,4.03189,43.4609,0.84672,12.849,0.84672,3695.15,0,0,0,1.29357,1.55534,8.75001,0.955031,10.6439,0.42336,0,0.42336,460.49,0,1.02816,0,0,2.32173,1.29357,1.028160,1,0,54.4578,0,0,0,54.4578,0
50.8231,2.38036,0,0,1.1014,0.212023,0.36288,3.6288,61.308,0.266774,0,0,0.466487,0.13494,0.0647721,0.66528,12.849,1,0.58062,0.36288,0,26.9412,3.8383,22.8851,0.84672,12.849,0.84672,3695.15,0,0,0,0.605604,1.55535,3.4423,0.890021,4.71323,0.42336,0,0.42336,460.49,0,1.02816,0,0,1.63376,0.605604,1.028160,1,0,27.6631,0,0,0,27.6631,0
49.1842,2.29618,0,0,1.23844,0.21827,0.36288,3.6288,61.308,0.221113,0,0,0.450753,0.175291,0.0543491,0.66528,12.849,1,0.580517,0.36288,0,29.3941,3.58019,25.5962,0.84672,12.849,0.84672,3695.15,0,0,0,0.436068,1.55535,3.92173,0.80334,5.10981,0.42336,0,0.42336,460.49,0,1.02816,0,0,1.46423,0.436068,1.028160,1,0,30.7604,0,0,0,30.7604,0
48.7106,2.28086,0,0,2.38469,0.214513,0.36288,3.6288,61.308,0.221119,0,0,0.681377,0.175291,0.284968,0.66528,12.849,1,0.595858,0.36288,0,53.5194,3.58019,49.7062,0.84672,12.849,0.84672,3695.15,0,0,0,0.746073,1.50428,6.21153,0.80334,7.65854,0.42336,0,0.42336,460.49,0,1.02816,0,0,1.77423,0.746073,1.028160,1,0,57.6497,0,0,0,57.6497,0
49.4698,2.27629,0,0,3.61181,0.213418,0.36288,3.6288,61.308,0.221124,0,0,1.2985,0.175291,0.902082,0.66528,12.849,1,0.600445,0.36288,0,58.603,3.58019,54.7852,0.84672,12.849,0.84672,3695.15,0,0,0,2.22577,1.50429,9.06561,0.80334,11.9923,0.42336,0,0.42336,460.49,0,1.02816,0,0,3.25393,2.22577,1.028160,1,0,67.6796,0,0,0,67.6796,0
49.2068,2.28362,0,0,2.60018,0.216688,0.36288,3.6288,61.308,0.22113,0,0,0.971686,0.180525,0.570031,0.66528,12.849,1,0.593134,0.36288,0,54.889,3.61361,51.0451,0.84672,12.849,0.84672,3695.15,0,0,0,1.91576,1.5043,9.52088,0.829777,12.1112,0.42336,0,0.42336,460.49,0,1.02816,0,0,2.94392,1.91576,1.028160,1,0,63.7263,0,0,0,63.7263,0
49.1255,2.09127,0,0,2.598,0.225143,0.36288,3.6288,61.308,0.126023,0,0,0.720403,0.211931,0.382449,0.66528,12.849,1,0.546077,0.36288,0,62.7148,3.81412,58.7175,0.84672,12.849,0.84672,3695.15,0,0,0,1.26427,1.50431,5.85041,0.988396,7.63059,0.42336,0,0.42336,460.49,0,1.02816,0,0,2.29243,1.26427,1.028160,1,0,66.7305,0,0,0,66.7305,0
50.0966,2.09057,0,0,3.64947,0.224946,0.36288,3.6288,61.308,0.126028,0,0,1.23625,0.211931,0.898287,0.66528,12.849,1,0.546797,0.36288,0,78.6629,3.81412,74.6648,0.84672,12.849,0.84672,3695.15,0,0,0,2.37392,1.38596,9.40395,0.988396,12.1754,0.42336,0,0.42336,460.49,0,1.02816,0,0,3.40208,2.37392,1.028160,1,0,87.7386,0,0,0,87.7386,0
51.5522,2.09901,0,0,4.15359,0.236118,0.36288,3.6288,61.308,0.126033,0,0,2.15851,0.212373,1.8201,0.66528,12.849,1,0.538365,0.36288,0,97.0937,3.84212,93.0761,0.84672,12.849,0.84672,3695.15,0,0,0,3.73912,1.38597,12.8965,1.01592,17.0057,0.42336,0,0.42336,460.49,0,1.02816,0,0,4.76728,3.73912,1.028160,1,0,111.902,0,0,0,111.902,0
51.8099,2.1112,0,0,2.99392,0.262169,0.36288,3.6288,61.308,0.126038,0,0,1.43641,0.213479,1.0969,0.66528,12.849,1,0.5262,0.36288,0,81.5573,3.91209,77.4819,0.84672,12.849,0.84672,3695.15,0,0,0,2.85391,1.38597,9.38598,1.08474,12.5411,0.42336,0,0.42336,460.49,0,1.02816,0,0,3.88207,2.85391,1.028160,1,0,91.1199,0,0,0,91.1199,0
54.1298,2.11331,0,0,5.04052,0.244356,0.36288,3.6288,61.308,0.126043,0,0,0.950797,0.186515,0.638239,0.66528,12.849,1,0.524107,0.36288,0,70.4569,3.83657,66.4591,0.84672,12.849,0.84672,3695.15,0,0,0,2.30408,1.38598,8.57226,1.10952,11.1528,0.42336,0,0.42336,460.49,0,1.02816,0,0,3.33224,2.30408,1.028160,1,0,78.2501,0,0,0,78.2501,0
55.2525,2.2059,0,0,3.9341,0.242654,0.36288,3.6288,61.308,0.15359,0,0,0.886654,0.17573,0.557335,0.66528,12.849,1,0.523623,0.36288,0,47.5958,3.80635,43.6287,0.84672,12.849,0.84672,3695.15,0,0,0,1.59493,1.38599,5.89534,1.11944,7.75682,0.42336,0,0.42336,460.49,0,1.02816,0,0,2.62309,1.59493,1.028160,1,0,51.9428,0,0,0,51.9428,0
55.6323,2.17322,0,0,3.16127,0.245414,0.36288,3.6288,61.308,0.138821,0,0,1.09294,0.17573,0.778392,0.66528,12.849,1,0.505384,0.36288,0,52.1473,3.80635,48.1985,0.84672,12.849,0.84672,3695.15,0,0,0,1.67311,1.42453,8.04495,1.11944,10.0232,0.42336,0,0.42336,460.49,0,1.02816,0,0,2.70127,1.67311,1.028160,1,0,59,0,0,0,59,0
58.1704,2.21739,0,0,5.383,0.264547,0.36288,3.6288,61.308,0.153591,0,0,1.8365,0.201948,1.48096,0.66528,12.849,1,0.512136,0.36288,0,101.363,3.99765,97.2158,0.84672,12.849,0.84672,3695.15,0,0,0,3.45951,1.40358,14.6334,1.18621,18.3103,0.42336,0,0.42336,460.49,0,1.02816,0,0,4.48767,3.45951,1.028160,1,0,117.007,0,0,0,117.007,0
60.2498,2.2357,0,0,4.97623,0.298334,0.36288,3.6288,61.308,0.153592,0,0,1.15195,0.231613,0.766749,0.66528,12.849,1,0.493833,0.36288,0,74.1085,4.18737,69.7902,0.84672,12.849,0.84672,3695.15,0,0,0,2.9667,1.42453,7.43161,1.18621,10.6366,0.42336,0,0.42336,460.49,0,1.02816,0,0,3.99486,2.9667,1.028160,1,0,81.1935,0,0,0,81.1935,0
62.8063,2.49349,0,0,5.72292,0.309996,0.36288,3.6288,61.308,0.256985,0,0,1.05716,0.21838,0.581791,0.66528,12.849,1,0.531768,0.36288,0,78.0391,4.02402,73.8462,0.84672,12.849,0.84672,3695.15,0,0,0,2.00731,1.42454,7.51625,0.963671,9.98442,0.42336,0,0.42336,460.49,0,1.02816,0,0,3.03547,2.00731,1.028160,1,0,84.4124,0,0,0,84.4124,0
63.942,2.51147,0,0,4.31116,0.301167,0.36288,3.6288,61.308,0.256986,0,0,0.688258,0.22316,0.208112,0.66528,12.849,1,0.513799,0.36288,0,61.7642,4.05492,57.5584,0.84672,12.849,0.84672,3695.15,0,0,0,1.23727,1.55984,6.9779,0.996602,8.7784,0.42336,0,0.42336,460.49,0,1.02816,0,0,2.26543,1.23727,1.028160,1,0,66.5449,0,0,0,66.5449,0
64.9922,2.51907,0,0,4.19717,0.264932,0.36288,3.6288,61.308,0.256987,0,0,0.76416,0.235112,0.272062,0.66528,12.849,1,0.506201,0.36288,0,95.8401,4.13217,91.5646,0.84672,12.849,0.84672,3695.15,0,0,0,1.4599,1.55984,6.57782,1.07893,8.51863,0.42336,0,0.42336,460.49,0,1.02816,0,0,2.48806,1.4599,1.028160,1,0,100.355,0,0,0,100.355,0
66.565,2.5259,0,0,4.73666,0.275162,0.36288,3.6288,61.308,0.256988,0,0,1.30988,0.236639,0.816258,0.66528,12.849,1,0.499372,0.36288,0,85.1291,4.02753,80.965,0.84672,12.849,0.84672,3695.15,0,0,0,1.09294,1.55984,6.91469,1.02855,8.53892,0.42336,0,0.42336,460.49,0,1.02816,0,0,2.1211,1.09294,1.028160,1,0,90.3202,0,0,0,90.3202,0
68.2619,2.14133,0,0,4.49993,0.29883,0.36288,3.6288,61.308,0.104058,0,0,0.925655,0.240457,0.58114,0.66528,12.849,1,0.413339,0.36288,0,89.742,3.76593,85.9256,0.84672,12.849,0.84672,3695.15,0,0,0,0.7492,1.55984,6.96185,0.90262,8.36827,0.42336,0,0.42336,460.49,0,1.02816,0,0,1.77736,0.7492,1.028160,1,0,94.875,0,0,0,94.875,0
69.3849,2.19105,0,0,3.97985,0.302852,0.36288,3.6288,61.308,0.261701,0,0,0.76623,0.240457,0.264072,0.66528,12.849,1,0.412423,0.36288,0,67.0231,3.76593,63.2076,0.84672,12.849,0.84672,3695.15,0,0,0,0.608429,1.3535,6.62732,0.90262,7.68663,0.42336,0,0.42336,460.49,0,0.884693,0,0,1.49312,0.608429,1.028160,1,0,71.1583,0,0,0,71.1583,0
69.9487,2.19668,0,0,3.44776,0.324393,0.36288,3.6288,61.308,0.118235,0,0,0.84621,0.217443,0.510532,0.66528,12.849,1,0.406791,0.36288,0,69.6557,3.7977,65.8141,0.84672,12.849,0.84672,3695.15,0,0,0,0.696894,1.37359,6.48142,0.845679,7.70623,0.42336,0,0.42336,460.49,0,1.02816,0,0,1.72505,0.696894,1.028160,1,0,74.0308,0,0,0,74.0308,0
70.1923,2.19946,0,0,3.13486,0.328972,0.36288,3.6288,61.308,0.118235,0,0,0.914976,0.213607,0.583133,0.66528,12.849,1,0.404022,0.36288,0,58.7731,3.803,54.9289,0.84672,12.849,0.84672,3695.15,0,0,0,1.01022,1.3736,7.91904,0.836189,9.46667,0.42336,0,0.42336,460.49,0,1.02816,0,0,2.03838,1.01022,1.028160,1,0,64.9787,0,0,0,64.9787,0
72.1108,2.20064,0,0,4.76607,0.284004,0.36288,3.6288,61.308,0.118236,0,0,0.794293,0.197867,0.478189,0.66528,12.849,1,0.402837,0.36288,0,87.2666,4.52329,82.7033,0.84672,12.849,0.84672,3695.15,0,0,0,0.631532,1.3736,7.32974,0.790007,8.54487,0.42336,0,0.42336,460.49,0,1.02816,0,0,1.65969,0.631532,1.028160,1,0,91.7264,0,0,0,91.7264,0
72.29,2.29986,0,0,5.6194,0.291652,2.84872,3.6288,61.308,0.152182,0,0,1.02804,0.210169,0.665689,0.66528,12.849,1,0.409798,2.84872,0,106.18,4.21165,104.407,0.84672,12.849,0.84672,3695.15,0,0,0,1.04368,1.3736,9.34995,0.781604,10.9856,0.42336,0,0.42336,460.49,0,1.02816,0,0,2.07184,1.04368,1.028160,1,0,116.058,0,0,0,116.058,0
72.29,2.30072,0,0,7.16393,0.292049,4.57115,3.6288,61.308,0.152182,0,0,1.36547,0.210169,1.00312,0.66528,12.849,1,0.408936,4.57115,0,137.729,4.21165,137.68,0.84672,12.849,0.84672,3695.15,0,0,0,2.13297,1.41972,12.2167,0.781604,14.9878,0.42336,0,0.42336,460.49,0,1.02816,0,0,3.16113,2.13297,1.028160,1,0,153.671,0,0,0,153.671,0
72.29,2.30072,0,0,5.11693,0.292049,2.52415,3.6288,61.308,0.152183,0,0,1.03581,0.210169,0.673455,0.66528,12.849,1,0.408936,2.52415,0,95.4884,4.21165,93.392,0.84672,12.849,0.84672,3695.15,0,0,0,0.989522,1.41972,9.26735,0.781604,10.895,0.42336,0,0.42336,460.49,0,1.02816,0,0,2.01768,0.989522,1.028160,1,0,104.96,0,0,0,104.96,0
72.29,2.30073,0,0,4.38285,0.265209,1.81691,3.6288,61.308,0.152184,0,0,1.00032,0.199258,0.64888,0.66528,12.849,1,0.408937,1.81691,0,84.5424,4.23053,81.7198,0.84672,12.849,0.84672,3695.15,0,0,0,0.957753,1.41972,7.78499,0.881125,9.28134,0.42336,0,0.42336,460.49,0,1.02816,0,0,1.98591,0.957753,1.028160,1,0,91.6501,0,0,0,91.6501,0
72.29,2.26548,0,0,3.97417,0.212127,1.49656,3.6288,61.308,0.139,0,0,0.949268,0.201996,0.608272,0.66528,12.849,1,0.402672,1.49656,0,78.9877,4.34196,75.7397,0.84672,12.849,0.84672,3695.15,0,0,0,1.15635,1.41972,7.18554,0.962557,8.79906,0.42336,0,0.42336,460.49,0,1.02816,0,0,2.18451,1.15635,1.028160,1,0,85.147,0,0,0,85.147,0
72.29,2.26548,0,0,3.75375,0.212127,1.27614,3.6288,61.308,0.139001,0,0,0.95148,0.201996,0.610483,0.66528,12.849,1,0.402672,1.27614,0,73.4314,4.34196,69.9629,0.84672,12.849,0.84672,3695.15,0,0,0,1.06252,1.40176,6.79164,0.962557,8.29337,0.42336,0,0.42336,460.49,0,1.02816,0,0,2.09068,1.06252,1.028160,1,0,78.8667,0,0,0,78.8667,0
72.29,2.26548,0,0,3.55764,0.212127,1.08003,3.6288,61.308,0.139002,0,0,1.16014,0.201996,0.819147,0.66528,12.849,1,0.402673,1.08003,0,69.05,4.34196,65.3854,0.84672,12.849,0.84672,3695.15,0,0,0,1.48317,1.40176,7.97558,0.962557,9.89796,0.42336,0,0.42336,460.49,0,1.02816,0,0,2.51133,1.48317,1.028160,1,0,76.1025,0,0,0,76.1025,0
72.29,2.26549,0,0,3.27072,0.225173,0.780057,3.6288,61.308,0.139002,0,0,0.968527,0.160957,0.668567,0.66528,12.849,1,0.402673,0.780057,0,60.669,3.97416,57.0722,0.84672,12.849,0.84672,3695.15,0,0,0,1.10046,1.40176,6.97516,0.815726,8.66165,0.42336,0,0.42336,460.49,0,1.02816,0,0,2.12862,1.10046,1.028160,1,0,66.4024,0,0,0,66.4024,0
72.29,2.38514,0,0,2.93597,0.151424,0.399407,3.6288,61.308,0.185757,0,0,0.844992,0.240671,0.418564,0.66528,12.849,1,0.42394,0.399407,0,49.1973,4.86612,44.3066,0.84672,12.849,0.84672,3695.15,0,0,0,0.892572,1.40176,6.5213,1.08436,7.73127,0.42336,0,0.42336,460.49,0,1.02816,0,0,1.92073,0.892572,1.028160,1,0,52.4565,0,0,0,52.4565,0
72.2815,2.38514,0,0,2.89094,0.151424,0.36288,3.6288,61.308,0.185758,0,0,0.846271,0.240671,0.419842,0.66528,12.849,1,0.42394,0.36288,0,46.2613,4.86612,41.3341,0.84672,12.849,0.84672,3695.15,0,0,0,0.931107,1.46429,6.24049,1.08436,7.55153,0.42336,0,0.42336,460.49,0,1.02816,0,0,1.95927,0.931107,1.028160,1,0,49.3055,0,0,0,49.3055,0
71.957,2.3851,0,0,2.58469,0.161248,0.36288,3.6288,61.308,0.185758,0,0,0.813957,0.238038,0.390161,0.66528,12.849,1,0.423983,0.36288,0,43.8568,4.69689,39.0988,0.84672,12.849,0.84672,3695.15,0,0,0,1.01841,1.46429,5.76689,1.09089,7.15871,0.42336,0,0.42336,460.49,0,1.02816,0,0,2.04657,1.01841,1.028160,1,0,46.6477,0,0,0,46.6477,0
71.5203,2.38348,0,0,2.47285,0.163211,0.36288,3.6288,61.308,0.185759,0,0,0.79717,0.239755,0.371655,0.66528,12.849,1,0.425606,0.36288,0,40.7209,4.33793,36.3203,0.84672,12.849,0.84672,3695.15,0,0,0,1.00038,1.46429,5.453,1.12625,6.79142,0.42336,0,0.42336,460.49,0,1.02816,0,0,2.02854,1.00038,1.028160,1,0,43.4834,0,0,0,43.4834,0
71.1518,2.38128,0,0,2.46919,0.0934571,0.36288,3.6288,61.308,0.18576,0,0,0.768658,0.242137,0.340761,0.66528,12.849,1,0.427809,0.36288,0,42.3355,4.84956,37.421,0.84672,12.849,0.84672,3695.15,0,0,0,0.834676,1.4643,5.59373,1.1284,6.76431,0.42336,0,0.42336,460.49,0,1.02816,0,0,1.86284,0.834676,1.028160,1,0,44.5261,0,0,0,44.5261,0
70.6024,2.3558,0,0,2.26015,0.0908696,0.36288,3.6288,61.308,0.211457,0,0,0.752976,0.239075,0.302444,0.66528,12.849,1,0.425423,0.36288,0,42.0095,4.90812,37.0388,0.84672,12.849,0.84672,3695.15,0,0,0,0.833077,1.4643,5.42621,1.12082,6.60276,0.42336,0,0.42336,460.49,0,1.02816,0,0,1.86124,0.833077,1.028160,1,0,43.944,0,0,0,43.944,0
69.833,2.353,0,0,2.03698,0.0904875,0.36288,3.6288,61.308,0.211458,0,0,0.701188,0.239075,0.250655,0.66528,12.849,1,0.428224,0.36288,0,38.9364,4.90812,33.963,0.84672,12.849,0.84672,3695.15,0,0,0,0.596074,1.47893,5.16644,1.12082,6.12062,0.42336,0,0.42336,460.49,0,1.02816,0,0,1.62423,0.596074,1.028160,1,0,40.3342,0,0,0,40.3342,0
69.0024,2.34902,0,0,1.94785,0.0665955,0.36288,3.6288,61.308,0.211459,0,0,0.662887,0.293921,0.157508,0.66528,12.849,1,0.432209,0.36288,0,35.1035,5.61387,29.4203,0.84672,12.849,0.84672,3695.15,0,0,0,0.575545,1.47893,4.90867,1.37844,5.58471,0.42336,0,0.42336,460.49,0,1.02816,0,0,1.6037,0.575545,1.028160,1,0,35.1625,0,0,0,35.1625,0
68.0575,2.34463,0,0,1.81672,0.054146,0.36288,3.6288,61.308,0.211459,0,0,0.625223,0.31315,0.100614,0.66528,12.849,1,0.436596,0.36288,0,30.2016,5.93037,24.1975,0.84672,12.849,0.84672,3695.15,0,0,0,0.406668,1.47893,4.47828,1.48943,4.87445,0.42336,0,0.42336,460.49,0,1.02816,0,0,1.43483,0.406668,1.028160,1,0,29.1725,0,0,0,29.1725,0
67.1297,2.40007,0,0,1.88528,0.0501227,0.36288,3.6288,61.308,0.234362,0,0,0.597547,0.309539,0.0536466,0.66528,12.849,1,0.453125,0.36288,0,39.3023,5.97597,33.2361,0.84672,12.849,0.84672,3695.15,0,0,0,0.452218,1.47893,4.51629,1.50004,4.9474,0.42336,0,0.42336,460.49,0,1.02816,0,0,1.48038,0.452218,1.028160,1,0,38.2372,0,0,0,38.2372,0
66.0805,2.39482,0,0,1.75831,0.0497581,0.36288,3.6288,61.2934,0.234362,0,0,0.529271,0.309539,0,0.66528,12.849,1,0.458381,0.36288,0,31.0919,5.97597,25.0204,0.84672,12.849,0.84672,3695.15,0,0,0,0.433132,1.51011,4.12233,1.50004,4.56553,0.42336,0,0.42336,460.49,0,1.02816,0,0,1.46129,0.433132,1.028160,1,0,29.586,0,0,0,29.586,0
64.8789,2.38873,0,0,1.59935,0.0493459,0.36288,3.6288,61.2237,0.257311,0,0,0.49715,0.30951,0,0.66528,12.849,1,0.464475,0.36288,0,28.59,5.97597,22.5125,0.84672,12.849,0.84672,3695.15,0,0,0,0.227405,1.51011,3.7728,1.50004,4.01028,0.42336,0,0.42336,460.49,0,1.00521,0,0,1.23262,0.227405,1.028160,1,0,26.5227,0,0,0,26.5227,0
63.9046,2.38155,0,0,1.80949,0.0394051,0.36288,3.6288,61.2906,0.234364,0,0,0.604428,0.303186,0,0.66528,12.849,1,0.471655,0.36288,0,29.4014,6.11746,23.1752,0.84672,12.849,0.84672,3695.15,0,0,0,0.639049,1.51012,5.53116,1.53692,6.14341,0.42336,0,0.42336,460.49,0,1.02816,0,0,1.66721,0.639049,1.028160,1,0,29.3186,0,0,0,29.3186,0
63.0263,2.55103,0,0,2.0453,0.00968304,0.36288,3.6288,61.0959,0.317027,0,0,0.484372,0.362009,0,0.66528,12.849,1,0.512924,0.36288,0,26.8067,6.4512,20.2055,0.84672,12.849,0.84672,3695.15,0,0,0,0.347095,1.51012,4.00988,1.59068,4.27642,0.42336,0,0.42336,460.49,0,1.02816,0,0,1.37525,0.347095,1.028160,1,0,24.4819,0,0,0,24.4819,0
61.793,2.5451,0,0,1.68426,0.00961413,0.36288,3.6288,60.7985,0.35742,0,0,0.421584,0.361563,0,0.66528,12.849,1,0.518862,0.36288,0,33.2791,6.4512,26.6719,0.84672,12.849,0.84672,3695.15,0,0,0,0.227405,1.61348,3.57744,1.59068,3.82764,0.42336,0,0.42336,460.49,0,0.987768,0,0,1.21517,0.227405,1.028160,1,0,30.4996,0,0,0,30.4996,0
60.7473,2.53652,0,0,1.86322,0.00951735,0.36288,3.6288,60.6997,0.317029,0,0,0.579122,0.360883,0,0.66528,12.849,1,0.527436,0.36288,0,28.5321,6.4512,21.9164,0.84672,12.849,0.84672,3695.15,0,0,0,0.562602,1.61348,4.27508,1.59068,4.86048,0.42336,0,0.42336,460.49,0,1.02816,0,0,1.59076,0.562602,1.028160,1,0,26.7769,0,0,0,26.7769,0
59.5741,2.52903,0,0,1.73047,0.0117501,0.36288,3.6288,60.5012,0.31703,0,0,0.465473,0.34692,0,0.66528,12.849,1,0.53493,0.36288,0,27.3738,6.08151,21.1202,0.84672,12.849,0.84672,3695.15,0,0,0,0.436571,1.61348,4.85714,1.44677,5.46042,0.42336,0,0.42336,460.49,0,1.02816,0,0,1.46473,0.436571,1.028160,1,0,26.5806,0,0,0,26.5806,0
58.1061,2.52037,0,0,1.42007,0.00483311,0.36288,3.6288,60.3032,0.317031,0,0,0.488392,0.369435,0,0.66528,12.849,1,0.543596,0.36288,0,20.6608,5.71986,14.7603,0.84672,12.849,0.84672,3695.15,0,0,0,0.341055,1.61348,4.49804,1.40784,5.04473,0.42336,0,0.42336,460.49,0,1.02816,0,0,1.36922,0.341055,1.028160,1,0,19.805,0,0,0,19.805,0
56.5922,2.42501,0,0,1.31821,0.0441789,0.36288,3.6288,60.182,0.266858,0,0,0.503277,0.357555,0,0.66528,12.849,1,0.536243,0.36288,0,17.6959,5.66882,11.8538,0.84672,12.849,0.84672,3695.15,0,0,0,0.283366,1.61348,3.50567,1.44135,3.96117,0.42336,0,0.42336,460.49,0,1.02816,0,0,1.31153,0.283366,1.028160,1,0,15.8149,0,0,0,15.8149,0
55.732,2.41332,0,0,1.97702,0.0610061,0.36288,3.6288,60.1508,0.266859,0,0,0.579231,0.343577,0,0.66528,12.849,1,0.547934,0.36288,0,21.551,5.55838,15.8076,0.84672,12.849,0.84672,3695.15,0,0,0,0.603746,1.55547,3.72881,1.40342,4.4846,0.42336,0,0.42336,460.49,0,1.02816,0,0,1.63191,0.603746,1.028160,1,0,20.2922,0,0,0,20.2922,0
55.5715,2.40645,0,0,2.66929,0.0604874,0.36288,3.6288,60.4765,0.26686,0,0,0.936014,0.343508,0,0.66528,12.849,1,0.554807,0.36288,0,43.0057,5.55838,37.2554,0.84672,12.849,0.84672,3695.15,0,0,0,1.62526,1.55547,5.8737,1.40342,7.65101,0.42336,0,0.42336,460.49,0,1.02816,0,0,2.65342,1.62526,1.028160,1,0,44.9064,0,0,0,44.9064,0
54.6205,2.40515,0,0,1.92199,0.10496,0.36288,3.6288,60.5755,0.26686,0,0,0.663218,0.29733,0,0.66528,12.849,1,0.55611,0.36288,0,42.2177,5.01408,37.0104,0.84672,12.849,0.84672,3695.15,0,0,0,0.742211,1.55547,3.79219,1.30116,4.78871,0.42336,0,0.42336,460.49,0,1.02816,0,0,1.77037,0.742211,1.028160,1,0,41.7991,0,0,0,41.7991,0
53.5888,2.32907,0,0,1.82055,0.160292,0.36288,3.6288,61.055,0.221191,0,0,0.900619,0.199973,0,0.66528,12.849,1,0.547893,0.36288,0,39.6414,3.69884,35.7576,0.84672,12.849,0.84672,3695.15,0,0,0,0.673332,1.55547,6.60002,1.02508,7.80375,0.42336,0,0.42336,460.49,0,1.02816,0,0,1.70149,0.673332,1.028160,1,0,43.5613,0,0,0,43.5613,0
52.2258,2.32056,0,0,1.47906,0.158624,0.36288,3.6288,61.308,0.221192,0,0,1.1,0.200582,0.425193,0.66528,12.849,1,0.556401,0.36288,0,35.8478,3.69884,31.9554,0.84672,12.849,0.84672,3695.15,0,0,0,1.67376,1.50439,5.99888,1.02508,8.15195,0.42336,0,0.42336,460.49,0,1.02816,0,0,2.70192,1.67376,1.028160,1,0,40.5326,0,0,0,40.5326,0
50.7125,2.30891,0,0,1.34174,0.183264,0.36288,3.6288,61.308,0.221192,0,0,0.815196,0.211251,0.382753,0.66528,12.849,1,0.568056,0.36288,0,35.1627,3.87281,31.0847,0.84672,12.849,0.84672,3695.15,0,0,0,0.794468,1.50439,7.06901,1.06569,8.30218,0.42336,0,0.42336,460.49,0,1.02816,0,0,1.82263,0.794468,1.028160,1,0,39.7697,0,0,0,39.7697,0
52.3404,2.29539,0,0,4.50185,0.215629,0.36288,3.6288,61.308,0.221193,0,0,1.19958,0.225048,0.753337,0.66528,12.849,1,0.581581,0.36288,0,126.924,4.10477,122.601,0.84672,12.849,0.84672,3695.15,0,0,0,2.33332,1.50439,11.0836,1.11985,13.8014,0.42336,0,0.42336,460.49,0,1.02816,0,0,3.36148,2.33332,1.028160,1,0,137.155,0,0,0,137.155,0
51.5844,2.11766,0,0,1.93946,0.214914,0.36288,3.6288,61.308,0.126075,0,0,0.718356,0.206816,0.385464,0.66528,12.849,1,0.519863,0.36288,0,57.0154,3.53493,53.3234,0.84672,12.849,0.84672,3695.15,0,0,0,0.689489,1.50439,6.84374,0.839803,8.19782,0.42336,0,0.42336,460.49,0,1.02816,0,0,1.71765,0.689489,1.028160,1,0,61.9067,0,0,0,61.9067,0
51.3486,2.11157,0,0,2.45189,0.213237,0.36288,3.6288,61.308,0.126076,0,0,0.900841,0.206816,0.567949,0.66528,12.849,1,0.525963,0.36288,0,60.4679,3.53493,56.7699,0.84672,12.849,0.84672,3695.15,0,0,0,1.16782,1.38603,8.15478,0.839803,9.86883,0.42336,0,0.42336,460.49,0,1.02816,0,0,2.19598,1.16782,1.028160,1,0,67.2067,0,0,0,67.2067,0
51.1613,2.10964,0,0,2.49788,0.212714,0.36288,3.6288,61.308,0.126077,0,0,1.26382,0.206816,0.930923,0.66528,12.849,1,0.527895,0.36288,0,69.6272,3.53493,65.9272,0.84672,12.849,0.84672,3695.15,0,0,0,1.88005,1.38604,10.3057,0.839803,12.732,0.42336,0,0.42336,460.49,0,1.02816,0,0,2.90821,1.88005,1.028160,1,0,79.5901,0,0,0,79.5901,0
51.5517,2.10809,0,0,3.08101,0.219591,0.36288,3.6288,61.308,0.126077,0,0,1.47373,0.201703,1.14595,0.66528,12.849,1,0.529441,0.36288,0,76.2601,3.61464,72.4789,0.84672,12.849,0.84672,3695.15,0,0,0,1.87858,1.38604,10.8669,0.860013,13.2715,0.42336,0,0.42336,460.49,0,1.02816,0,0,2.90674,1.87858,1.028160,1,0,86.8963,0,0,0,86.8963,0
54.4141,2.1113,0,0,5.55792,0.221363,0.36288,3.6288,61.308,0.126078,0,0,2.12641,0.205599,1.79473,0.66528,12.849,1,0.526231,0.36288,0,83.8797,3.63819,80.0782,0.84672,12.849,0.84672,3695.15,0,0,0,2.48102,1.38604,14.1231,0.809376,17.1808,0.42336,0,0.42336,460.49,0,1.02816,0,0,3.50918,2.48102,1.028160,1,0,99.0537,0,0,0,99.0537,0
57.5976,2.2082,0,0,5.97256,0.217952,0.36288,3.6288,61.308,0.153621,0,0,2.41863,0.218631,2.04638,0.66528,12.849,1,0.521431,0.36288,0,82.1189,3.15987,78.8005,0.84672,12.849,0.84672,3695.15,0,0,0,3.10973,1.38604,11.1866,0.669581,15.0127,0.42336,0,0.42336,460.49,0,1.02816,0,0,4.13789,3.10973,1.028160,1,0,95.8596,0,0,0,95.8596,0
62.6128,2.23176,0,0,7.83475,0.224962,0.36288,3.6288,61.308,0.153617,0,0,2.86939,0.218631,2.49714,0.66528,12.849,1,0.497865,0.36288,0,141.431,3.15987,138.136,0.84672,12.849,0.84672,3695.15,0,0,0,4.31112,1.42458,14.0082,0.669581,19.0743,0.42336,0,0.42336,460.49,0,1.02816,0,0,5.33928,4.31112,1.028160,1,0,159.707,0,0,0,159.707,0
65.0034,2.26483,0,0,5.25369,0.235373,0.36288,3.6288,61.308,0.153614,0,0,1.74776,0.218631,1.37551,0.66528,12.849,1,0.464775,0.36288,0,110.835,3.15987,107.573,0.84672,12.849,0.84672,3695.15,0,0,0,2.28354,1.42457,9.83275,0.669581,12.8713,0.42336,0,0.42336,460.49,0,1.02816,0,0,3.3117,2.28354,1.028160,1,0,121.82,0,0,0,121.82,0
68.5893,2.27909,0,0,6.51426,0.286371,0.36288,3.6288,61.308,0.15361,0,0,2.27748,0.280778,1.84309,0.66528,12.849,1,0.450501,0.36288,0,127.081,4.24621,122.748,0.84672,12.849,0.84672,3695.15,0,0,0,3.03796,1.42457,13.2908,1.15949,16.5939,0.42336,0,0.42336,460.49,0,1.02816,0,0,4.06612,3.03796,1.028160,1,0,141.185,0,0,0,141.185,0
72.29,2.54799,0,0,11.6772,0.338083,5.09045,3.6288,61.308,0.257001,0,0,3.56434,0.212798,3.09454,0.66528,12.849,1,0.477322,5.09045,0,199.829,3.56283,200.879,0.84672,12.849,0.84672,3695.15,0,0,0,4.67514,1.42456,18.8105,0.944955,23.9652,0.42336,0,0.42336,460.49,0,1.02816,0,0,5.7033,4.67514,1.028160,1,0,227.939,0,0,0,227.939,0
72.29,2.56873,0,0,17.3141,0.347409,14.398,3.6288,61.308,0.256997,0,0,4.32189,0.202456,3.86244,0.66528,12.849,1,0.456572,14.398,0,337.421,3.4293,347.934,0.84672,12.849,0.84672,3695.15,0,0,0,6.36735,1.55986,31.0656,0.916776,38.0761,0.42336,0,0.42336,460.49,0,1.02816,0,0,7.39551,6.36735,1.028160,1,0,389.872,0,0,0,389.872,0
72.29,2.56872,0,0,6.91788,0.347409,4.00175,3.6288,61.308,0.256992,0,0,2.09518,0.202456,1.63573,0.66528,12.849,1,0.45657,4.00175,0,203.183,3.4293,203.298,0.84672,12.849,0.84672,3695.15,0,0,0,2.96062,1.55985,13.2086,0.916776,16.8123,0.42336,0,0.42336,460.49,0,1.02816,0,0,3.98878,2.96062,1.028160,1,0,221.746,0,0,0,221.746,0
72.29,2.5687,0,0,5.95439,0.358117,3.02756,3.6288,61.308,0.256988,0,0,2.6472,0.270255,2.11996,0.66528,12.849,1,0.456568,3.02756,0,164.506,4.30421,162.773,0.84672,12.849,0.84672,3695.15,0,0,0,3.13778,1.55985,13.7919,1.05679,17.4328,0.42336,0,0.42336,460.49,0,1.02816,0,0,4.16594,3.13778,1.028160,1,0,182.326,0,0,0,182.326,0
72.29,2.21055,0,0,8.52155,0.361627,5.94937,3.6288,61.308,0.118229,0,0,6.75361,0.226997,6.40838,0.66528,12.849,1,0.392908,5.94937,0,255.47,4.1621,256.864,0.84672,12.849,0.84672,3695.15,0,0,0,5.83165,1.55984,24.7791,0.964948,31.2056,0.42336,0,0.42336,460.49,0,1.02816,0,0,6.85981,5.83165,1.028160,1,0,294.478,0,0,0,294.478,0
72.29,2.21054,0,0,9.37665,0.361627,6.80448,3.6288,61.308,0.118226,0,0,7.21619,0.226997,6.87097,0.66528,12.849,1,0.392906,6.80448,0,350.097,4.1621,352.347,0.84672,12.849,0.84672,3695.15,0,0,0,7.83665,1.37359,28.464,0.964948,36.7093,0.42336,0,0.42336,460.49,0,1.02816,0,0,8.86481,7.83665,1.028160,1,0,395.927,0,0,0,395.927,0
72.29,2.21053,0,0,8.09568,0.304986,5.58017,3.6288,61.308,0.118222,0,0,5.82252,0.196916,5.50738,0.66528,12.849,1,0.392904,5.58017,0,293.553,3.72612,295.014,0.84672,12.849,0.84672,3695.15,0,0,0,5.709,1.37358,24.2985,0.902321,30.4788,0.42336,0,0.42336,460.49,0,1.02816,0,0,6.73716,5.709,1.028160,1,0,331,0,0,0,331,0
72.29,2.21052,0,0,10.5075,0.319794,7.97723,3.6288,61.308,0.118219,0,0,4.99334,0.269316,4.60581,0.66528,12.849,1,0.392903,7.97723,0,259.285,4.66205,262.207,0.84672,12.849,0.84672,3695.15,0,0,0,5.96481,1.37358,27.7014,1.18251,33.8573,0.42336,0,0.42336,460.49,0,1.02816,0,0,6.99297,5.96481,1.028160,1,0,300.67,0,0,0,300.67,0
72.29,2.21051,0,0,6.83441,0.306037,4.31787,3.6288,61.308,0.118215,0,0,4.28637,0.207663,3.9605,0.66528,12.849,1,0.392901,4.31787,0,196.026,3.92389,196.027,0.84672,12.849,0.84672,3695.15,0,0,0,4.1917,1.37357,18.1812,1.01647,22.73,0.42336,0,0.42336,460.49,0,1.02816,0,0,5.21986,4.1917,1.028160,1,0,222.718,0,0,0,222.718,0
72.29,2.30064,0,0,7.01306,0.303323,4.4091,3.6288,61.308,0.152155,0,0,5.49442,0.180181,5.16208,0.66528,12.849,1,0.408922,4.4091,0,184.615,3.5953,185.02,0.84672,12.849,0.84672,3695.15,0,0,0,4.83646,1.37357,16.3728,0.93555,21.6473,0.42336,0,0.42336,460.49,0,1.02816,0,0,5.86462,4.83646,1.028160,1,0,211.829,0,0,0,211.829,0
72.29,2.30063,0,0,5.98694,0.303323,3.38299,3.6288,61.308,0.152151,0,0,4.38543,0.180181,4.0531,0.66528,12.849,1,0.40892,3.38299,0,143.484,3.5953,142.863,0.84672,12.849,0.84672,3695.15,0,0,0,3.80901,1.41968,11.8505,0.93555,16.1437,0.42336,0,0.42336,460.49,0,1.02816,0,0,4.83717,3.80901,1.028160,1,0,163.06,0,0,0,163.06,0
72.29,2.30062,0,0,4.79173,0.2656,2.22551,3.6288,61.308,0.152148,0,0,3.08458,0.176018,2.75642,0.66528,12.849,1,0.408918,2.22551,0,120.506,3.84243,118.481,0.84672,12.849,0.84672,3695.15,0,0,0,2.46102,1.41968,8.27444,0.951619,11.2035,0.42336,0,0.42336,460.49,0,1.02816,0,0,3.48918,2.46102,1.028160,1,0,132.44,0,0,0,132.44,0
72.29,2.30061,0,0,4.41918,0.239904,1.87866,3.6288,61.308,0.152144,0,0,2.21263,0.173124,1.88737,0.66528,12.849,1,0.408916,1.87866,0,110.016,3.81131,107.674,0.84672,12.849,0.84672,3695.15,0,0,0,1.75631,1.41967,7.11564,0.931475,9.36016,0.42336,0,0.42336,460.49,0,1.02816,0,0,2.78447,1.75631,1.028160,1,0,118.922,0,0,0,118.922,0
72.29,2.26535,0,0,4.16156,0.20443,1.69178,3.6288,61.308,0.138957,0,0,1.41338,0.194508,1.07992,0.66528,12.849,1,0.402649,1.69178,0,88.0718,3.93529,85.4257,0.84672,12.849,0.84672,3695.15,0,0,0,1.4726,1.41967,6.4578,0.979213,8.37086,0.42336,0,0.42336,460.49,0,1.02816,0,0,2.50076,1.4726,1.028160,1,0,94.8764,0,0,0,94.8764,0
72.29,2.26534,0,0,3.94565,0.20443,1.47588,3.6288,61.308,0.138953,0,0,1.32833,0.194508,0.99487,0.66528,12.849,1,0.402647,1.47588,0,84.7273,3.93529,81.8652,0.84672,12.849,0.84672,3695.15,0,0,0,1.33479,1.4017,6.30591,0.979213,8.06319,0.42336,0,0.42336,460.49,0,1.02816,0,0,2.36295,1.33479,1.028160,1,0,90.9233,0,0,0,90.9233,0
72.29,2.26533,0,0,3.57201,0.20443,1.10225,3.6288,61.308,0.13895,0,0,1.22596,0.194508,0.892507,0.66528,12.849,1,0.402645,1.10225,0,77.0472,3.93529,73.8115,0.84672,12.849,0.84672,3695.15,0,0,0,1.25156,1.40169,5.74797,0.979213,7.42201,0.42336,0,0.42336,460.49,0,1.02816,0,0,2.27972,1.25156,1.028160,1,0,82.126,0,0,0,82.126,0
72.29,2.26532,0,0,3.24514,0.19952,0.7803,3.6288,61.308,0.138946,0,0,1.03823,0.195946,0.703342,0.66528,12.849,1,0.402644,0.7803,0,71.4735,3.95275,67.8984,0.84672,12.849,0.84672,3695.15,0,0,0,0.867361,1.40169,5.25097,0.970604,6.54941,0.42336,0,0.42336,460.49,0,1.02816,0,0,1.89552,0.867361,1.028160,1,0,75.1512,0,0,0,75.1512,0
72.29,2.38495,0,0,3.50206,0.155721,0.96139,3.6288,61.308,0.185692,0,0,1.09699,0.191921,0.719373,0.66528,12.849,1,0.423907,0.96139,0,74.9131,3.79039,71.6602,0.84672,12.849,0.84672,3695.15,0,0,0,1.0896,1.40168,5.25077,0.928921,6.81313,0.42336,0,0.42336,460.49,0,1.02816,0,0,2.11776,1.0896,1.028160,1,0,79.1927,0,0,0,79.1927,0
72.29,2.38494,0,0,3.39247,0.155721,0.851811,3.6288,61.308,0.185689,0,0,0.99163,0.191921,0.61402,0.66528,12.849,1,0.423905,0.851811,0,67.2719,3.79039,63.9094,0.84672,12.849,0.84672,3695.15,0,0,0,0.962029,1.4642,5.08312,0.928921,6.58043,0.42336,0,0.42336,460.49,0,1.02816,0,0,1.99019,0.962029,1.028160,1,0,71.1039,0,0,0,71.1039,0
72.29,2.38493,0,0,3.18559,0.155721,0.644946,3.6288,61.308,0.185685,0,0,0.929638,0.191921,0.552032,0.66528,12.849,1,0.423903,0.644946,0,62.1771,3.79039,58.6077,0.84672,12.849,0.84672,3695.15,0,0,0,0.719073,1.4642,4.74372,0.928921,5.99807,0.42336,0,0.42336,460.49,0,1.02816,0,0,1.74723,0.719073,1.028160,1,0,65.1578,0,0,0,65.1578,0
72.29,2.38492,0,0,3.0169,0.113623,0.51836,3.6288,61.308,0.185681,0,0,0.875733,0.251902,0.43815,0.66528,12.849,1,0.423901,0.51836,0,57.544,4.60531,53.0331,0.84672,12.849,0.84672,3695.15,0,0,0,0.482743,1.46419,4.01071,1.14714,4.8105,0.42336,0,0.42336,460.49,0,1.02816,0,0,1.5109,0.482743,1.028160,1,0,58.2818,0,0,0,58.2818,0
71.6408,2.3849,0,0,2.20974,0.111172,0.36288,3.6288,61.308,0.185677,0,0,0.810052,0.276485,0.34789,0.66528,12.849,1,0.423899,0.36288,0,40.7175,4.7839,35.8725,0.84672,12.849,0.84672,3695.15,0,0,0,0.456589,1.46419,3.06132,1.2117,3.77039,0.42336,0,0.42336,460.49,0,1.02816,0,0,1.48475,0.456589,1.028160,1,0,39.9908,0,0,0,39.9908,0
70.634,2.35801,0,0,1.83636,0.122216,0.36288,3.6288,61.308,0.211367,0,0,0.754186,0.268324,0.274494,0.66528,12.849,1,0.422916,0.36288,0,34.1086,4.61086,29.4377,0.84672,12.849,0.84672,3695.15,0,0,0,0.374172,1.46418,2.80867,1.17207,3.47496,0.42336,0,0.42336,460.49,0,1.02816,0,0,1.40233,0.374172,1.028160,1,0,33.1872,0,0,0,33.1872,0
69.4691,2.3529,0,0,1.67214,0.121278,0.36288,3.6288,61.308,0.211363,0,0,0.746556,0.268324,0.266869,0.66528,12.849,1,0.428014,0.36288,0,33.8449,4.61086,29.1689,0.84672,12.849,0.84672,3695.15,0,0,0,0.376186,1.4788,2.70319,1.17207,3.38611,0.42336,0,0.42336,460.49,0,1.02816,0,0,1.40435,0.376186,1.028160,1,0,32.8218,0,0,0,32.8218,0
68.1521,2.34683,0,0,1.5129,0.120192,0.36288,3.6288,61.308,0.270655,0,0,0.692824,0.268324,0.153845,0.66528,12.849,1,0.434069,0.36288,0,30.393,4.61086,25.711,0.84672,12.849,0.84672,3695.15,0,0,0,0.261274,1.4788,2.5926,1.17207,3.1606,0.42336,0,0.42336,460.49,0,0.968864,0,0,1.23014,0.261274,1.028160,1,0,29.0254,0,0,0,29.0254,0
66.838,2.33976,0,0,1.48344,0.0949651,0.36288,3.6288,61.308,0.245984,0,0,0.661176,0.319561,0.0956307,0.66528,12.849,1,0.441125,0.36288,0,29.4372,5.55917,23.7998,0.84672,12.849,0.84672,3695.15,0,0,0,0.261274,1.47879,2.50201,1.47195,2.77013,0.42336,0,0.42336,460.49,0,0.993531,0,0,1.2548,0.261274,1.028160,1,0,26.6655,0,0,0,26.6655,0
65.5674,2.39283,0,0,1.58363,0.0984918,0.36288,3.6288,61.308,0.23425,0,0,0.660191,0.294087,0.131855,0.66528,12.849,1,0.46,0.36288,0,30.7518,5.95382,24.7009,0.84672,12.849,0.84672,3695.15,0,0,0,0.262639,1.47879,2.54766,1.50034,2.78875,0.42336,0,0.42336,460.49,0,1.02816,0,0,1.2908,0.262639,1.028160,1,0,27.6215,0,0,0,27.6215,0
64.1461,2.38536,0,0,1.42444,0.0975013,0.36288,3.6288,61.308,0.274111,0,0,0.619263,0.294087,0.0510652,0.66528,12.849,1,0.467451,0.36288,0,28.982,5.95382,22.9236,0.84672,12.849,0.84672,3695.15,0,0,0,0.261274,1.50996,2.60084,1.50034,2.87173,0.42336,0,0.42336,460.49,0,0.988295,0,0,1.24957,0.261274,1.028160,1,0,25.8464,0,0,0,25.8464,0
62.6064,2.37672,0,0,1.29631,0.0963933,0.36288,3.6288,61.2497,0.358277,0,0,0.594085,0.294087,0,0.66528,12.849,1,0.476078,0.36288,0,27.2215,5.95382,21.1545,0.84672,12.849,0.84672,3695.15,0,0,0,0.227405,1.50995,2.4179,1.50034,2.65492,0.42336,0,0.42336,460.49,0,0.904124,0,0,1.13153,0.227405,1.028160,1,0,23.8094,0,0,0,23.8094,0
60.9175,2.367,0,0,1.12171,0.0807835,0.36288,3.6288,61.1696,0.37068,0,0,0.591597,0.301042,0,0.66528,12.849,1,0.48579,0.36288,0,25.9724,6.19563,19.6538,0.84672,12.849,0.84672,3695.15,0,0,0,0.227405,1.50995,2.45019,1.53038,2.65716,0.42336,0,0.42336,460.49,0,0.891717,0,0,1.11912,0.227405,1.028160,1,0,22.311,0,0,0,22.311,0
58.9374,2.52988,0,0,1.02285,0.110148,0.36288,3.6288,60.7344,0.609591,0,0,0.485179,0.310735,0,0.66528,12.849,1,0.533615,0.36288,0,22.088,6.74036,15.1769,0.84672,12.849,0.84672,3695.15,0,0,0,0.227405,1.50994,1.56842,1.57758,1.72819,0.42336,0,0.42336,460.49,0,0.735454,0,0,0.962859,0.227405,1.028160,1,0,16.9051,0,0,0,16.9051,0
57.0525,2.51515,0,0,1.10481,0.111709,0.36288,3.6288,60.6115,0.394122,0,0,0.584681,0.313507,0,0.66528,12.849,1,0.54833,0.36288,0,27.276,6.85104,20.2396,0.84672,12.849,0.84672,3695.15,0,0,0,0.227405,1.61328,1.64332,1.60769,1.87632,0.42336,0,0.42336,460.49,0,0.950918,0,0,1.17832,0.227405,1.028160,1,0,22.1159,0,0,0,22.1159,0
54.9885,2.50035,0,0,0.908919,0.109675,0.36288,3.6288,59.9799,0.74415,0,0,0.425814,0.313263,0,0.66528,12.849,1,0.563114,0.36288,0,24.9892,6.85104,17.9379,0.84672,12.849,0.84672,3695.15,0,0,0,0.204422,1.61327,1.34596,1.60769,1.55597,0.42336,0,0.42336,460.49,0,0.600886,0,0,0.805308,0.204422,1.028160,1,0,19.4939,0,0,0,19.4939,0
53.1676,2.48321,0,0,1.13266,0.107447,0.36288,3.6288,60.0887,0.316871,0,0,0.737637,0.312006,0,0.66528,12.849,1,0.580244,0.36288,0,24.3586,6.85104,17.2902,0.84672,12.849,0.84672,3695.15,0,0,0,0.563276,1.61327,2.09924,1.60769,2.6681,0.42336,0,0.42336,460.49,0,1.02816,0,0,1.59144,0.563276,1.028160,1,0,19.9583,0,0,0,19.9583,0
51.2316,2.46719,0,0,1.00055,0.106432,0.36288,3.6288,60.0826,0.316867,0,0,0.604594,0.293754,0,0.66528,12.849,1,0.596246,0.36288,0,25.9359,5.95679,19.7457,0.84672,12.849,0.84672,3695.15,0,0,0,0.220251,1.61326,2.53727,1.31901,3.05178,0.42336,0,0.42336,460.49,0,1.02816,0,0,1.24841,0.220251,1.028160,1,0,22.7975,0,0,0,22.7975,0
49.5139,2.36706,0,0,1.16131,0.149144,0.36288,3.6288,60.1427,0.284634,0,0,0.619379,0.274725,0,0.66528,12.849,1,0.593664,0.36288,0,27.1455,5.92524,20.9895,0.84672,12.849,0.84672,3695.15,0,0,0,0.204422,1.61326,2.23613,1.36647,2.68734,0.42336,0,0.42336,460.49,0,1.01022,0,0,1.21465,0.204422,1.028160,1,0,23.6768,0,0,0,23.6768,0
48.2009,2.3507,0,0,1.55523,0.154597,0.36288,3.6288,60.3697,0.266693,0,0,0.761728,0.26798,0,0.66528,12.849,1,0.610014,0.36288,0,36.0198,5.87002,29.9027,0.84672,12.849,0.84672,3695.15,0,0,0,0.579856,1.55525,2.74841,1.3475,3.53601,0.42336,0,0.42336,460.49,0,1.02816,0,0,1.60802,0.579856,1.028160,1,0,33.4387,0,0,0,33.4387,0
47.307,2.33757,0,0,1.9589,0.152419,0.36288,3.6288,60.9767,0.266689,0,0,1.14203,0.268367,0,0.66528,12.849,1,0.62313,0.36288,0,73.3129,5.87002,67.1826,0.84672,12.849,0.84672,3695.15,0,0,0,1.38448,1.55524,3.79634,1.3475,5.38856,0.42336,0,0.42336,460.49,0,1.02816,0,0,2.41264,1.38448,1.028160,1,0,72.5712,0,0,0,72.5712,0
46.57,2.3283,0,0,2.15668,0.202503,0.36288,3.6288,61.308,0.266684,0,0,0.851446,0.243153,0.0102897,0.66528,12.849,1,0.632387,0.36288,0,61.4815,5.53365,55.6784,0.84672,12.849,0.84672,3695.15,0,0,0,0.762204,1.55524,2.64193,1.30312,3.65625,0.42336,0,0.42336,460.49,0,1.02816,0,0,1.79036,0.762204,1.028160,1,0,59.3449,0,0,0,59.3449,0
46.3404,2.25438,0,0,2.59767,0.209936,0.36288,3.6288,61.308,0.221018,0,0,0.8033,0.204931,0.377351,0.66528,12.849,1,0.622,0.36288,0,42.1302,3.7885,38.0826,0.84672,12.849,0.84672,3695.15,0,0,0,0.715185,1.55523,3.49091,0.914222,4.8471,0.42336,0,0.42336,460.49,0,1.02816,0,0,1.74334,0.715185,1.028160,1,0,43.307,0,0,0,43.307,0
47.9305,2.25196,0,0,4.41426,0.209402,0.36288,3.6288,61.308,0.221014,0,0,1.0182,0.204931,0.592253,0.66528,12.849,1,0.624409,0.36288,0,74.2134,3.7885,70.1633,0.84672,12.849,0.84672,3695.15,0,0,0,0.709137,1.50415,4.51932,0.914222,5.81838,0.42336,0,0.42336,460.49,0,1.02816,0,0,1.7373,0.709137,1.028160,1,0,76.574,0,0,0,76.574,0
48.7516,2.26828,0,0,3.69708,0.244816,0.36288,3.6288,61.308,0.22101,0,0,1.491,0.250023,1.01997,0.66528,12.849,1,0.608071,0.36288,0,53.8332,4.75272,48.8352,0.84672,12.849,0.84672,3695.15,0,0,0,2.3186,1.50414,5.368,1.18614,8.0046,0.42336,0,0.42336,460.49,0,1.02816,0,0,3.34676,2.3186,1.028160,1,0,57.8598,0,0,0,57.8598,0
52.5276,2.27637,0,0,6.6623,0.247011,0.36288,3.6288,61.308,0.221006,0,0,2.18627,0.250023,1.71524,0.66528,12.849,1,0.599963,0.36288,0,112.476,4.75272,107.486,0.84672,12.849,0.84672,3695.15,0,0,0,2.78878,1.50414,7.09307,1.18614,10.1998,0.42336,0,0.42336,460.49,0,1.02816,0,0,3.81694,2.78878,1.028160,1,0,119.401,0,0,0,119.401,0
58.2065,2.11867,0,0,8.41325,0.25276,0.36288,3.6288,61.308,0.125903,0,0,2.27856,0.235658,1.917,0.66528,12.849,1,0.518258,0.36288,0,140.719,4.74417,135.819,0.84672,12.849,0.84672,3695.15,0,0,0,3.65142,1.50413,8.3368,1.13919,12.3532,0.42336,0,0.42336,460.49,0,1.02816,0,0,4.67958,3.65142,1.028160,1,0,150.089,0,0,0,150.089,0
61.4861,2.16008,0,0,6.06935,0.266791,0.36288,3.6288,61.308,0.125899,0,0,2.14257,0.233264,1.78341,0.66528,12.849,1,0.476835,0.36288,0,166.308,4.74274,161.451,0.84672,12.849,0.84672,3695.15,0,0,0,3.81762,1.38579,8.1991,1.13137,12.2711,0.42336,0,0.42336,460.49,0,1.02816,0,0,4.84578,3.81762,1.028160,1,0,175.506,0,0,0,175.506,0
66.3535,2.18111,0,0,7.68632,0.274924,0.36288,3.6288,61.308,0.125896,0,0,2.82283,0.233264,2.46367,0.66528,12.849,1,0.455795,0.36288,0,240.159,4.74274,235.324,0.84672,12.849,0.84672,3695.15,0,0,0,4.66347,1.38578,11.2278,1.13137,16.1457,0.42336,0,0.42336,460.49,0,1.02816,0,0,5.69163,4.66347,1.028160,1,0,253.933,0,0,0,253.933,0
69.7276,2.20911,0,0,6.23207,0.285985,0.36288,3.6288,61.308,0.125892,0,0,1.30461,0.233264,0.94545,0.66528,12.849,1,0.427782,0.36288,0,248.662,4.74274,243.854,0.84672,12.849,0.84672,3695.15,0,0,0,2.35429,1.38578,7.67828,1.13137,10.287,0.42336,0,0.42336,460.49,0,1.02816,0,0,3.38245,2.35429,1.028160,1,0,255.087,0,0,0,255.087,0
70.5764,2.22658,0,0,3.72712,0.288919,0.36288,3.6288,61.308,0.125888,0,0,0.869979,0.220954,0.523137,0.66528,12.849,1,0.410301,0.36288,0,123.832,4.47891,119.306,0.84672,12.849,0.84672,3695.15,0,0,0,1.17795,1.38577,4.48876,1.01694,6.03554,0.42336,0,0.42336,460.49,0,1.02816,0,0,2.20611,1.17795,1.028160,1,0,125.865,0,0,0,125.865,0
68.8078,2.30864,0,0,1.15212,0.24917,0.36288,3.6288,61.308,0.153421,0,0,0.920376,0.206704,0.560252,0.66528,12.849,1,0.420306,0.36288,0,30.7275,3.54438,27.1257,0.84672,12.849,0.84672,3695.15,0,0,0,0.631895,1.38577,3.72798,0.794184,4.95146,0.42336,0,0.42336,460.49,0,1.02816,0,0,1.66006,0.631895,1.028160,1,0,32.6374,0,0,0,32.6374,0
67.9031,2.29951,0,0,2.00352,0.245782,0.36288,3.6288,61.308,0.153413,0,0,1.09475,0.206704,0.734637,0.66528,12.849,1,0.429405,0.36288,0,34.3623,3.54438,30.7514,0.84672,12.849,0.84672,3695.15,0,0,0,1.1481,1.42429,5.20472,0.794184,6.98293,0.42336,0,0.42336,460.49,0,1.02816,0,0,2.17626,1.1481,1.028160,1,0,38.469,0,0,0,38.469,0
68.1288,2.29468,0,0,3.15011,0.266879,0.36288,3.6288,61.308,0.153404,0,0,1.04204,0.209053,0.679579,0.66528,12.849,1,0.434211,0.36288,0,56.9064,3.67914,53.1559,0.84672,12.849,0.84672,3695.15,0,0,0,0.914898,1.42428,4.80299,0.869585,6.27259,0.42336,0,0.42336,460.49,0,1.02816,0,0,1.94306,0.914898,1.028160,1,0,60.1081,0,0,0,60.1081,0
68.2332,2.29586,0,0,3.08763,0.324526,0.36288,3.6288,61.308,0.153396,0,0,1.10593,0.214925,0.737607,0.66528,12.849,1,0.432996,0.36288,0,64.9549,4.01604,60.8688,0.84672,12.849,0.84672,3695.15,0,0,0,1.10671,1.42427,5.34975,1.05809,6.82264,0.42336,0,0.42336,460.49,0,1.02816,0,0,2.13487,1.10671,1.028160,1,0,68.429,0,0,0,68.429,0
66.3271,2.5452,0,0,1.31814,0.31613,0.36288,3.6288,61.308,0.256757,0,0,1.03233,0.211663,0.563909,0.66528,12.849,1,0.479287,0.36288,0,38.4609,3.69432,34.6501,0.84672,12.849,0.84672,3695.15,0,0,0,1.13998,1.42426,4.93677,1.02991,6.47109,0.42336,0,0.42336,460.49,0,1.02816,0,0,2.16814,1.13998,1.028160,1,0,41.6851,0,0,0,41.6851,0
67.6574,2.53364,0,0,4.53826,0.311413,0.36288,3.6288,61.308,0.256748,0,0,1.33633,0.211663,0.86792,0.66528,12.849,1,0.490821,0.36288,0,86.1806,3.69432,82.3584,0.84672,12.849,0.84672,3695.15,0,0,0,2.35324,1.55952,8.08514,1.02991,10.968,0.42336,0,0.42336,460.49,0,1.02816,0,0,3.3814,2.35324,1.028160,1,0,94.1943,0,0,0,94.1943,0
66.7292,2.54172,0,0,2.29113,0.314705,0.36288,3.6288,61.308,0.256739,0,0,0.762791,0.211663,0.294389,0.66528,12.849,1,0.482705,0.36288,0,52.6572,3.69432,48.843,0.84672,12.849,0.84672,3695.15,0,0,0,1.04573,1.5595,4.84623,1.02991,6.42154,0.42336,0,0.42336,460.49,0,1.02816,0,0,2.07389,1.04573,1.028160,1,0,55.559,0,0,0,55.559,0
65.506,2.53607,0,0,1.95348,0.277758,0.36288,3.6288,61.308,0.25673,0,0,0.63237,0.224022,0.151619,0.66528,12.849,1,0.48833,0.36288,0,38.6171,3.61935,34.8723,0.84672,12.849,0.84672,3695.15,0,0,0,0.660735,1.55949,4.61414,0.979702,5.85466,0.42336,0,0.42336,460.49,0,1.02816,0,0,1.6889,0.660735,1.028160,1,0,40.8786,0,0,0,40.8786,0
66.8306,2.13509,0,0,4.11667,0.294094,0.36288,3.6288,61.308,0.103832,0,0,1.28968,0.204599,0.981254,0.66528,12.849,1,0.418797,0.36288,0,72.8188,3.59069,69.1722,0.84672,12.849,0.84672,3695.15,0,0,0,1.50915,1.55948,7.0138,0.967258,9.11517,0.42336,0,0.42336,460.49,0,1.02816,0,0,2.53731,1.50915,1.028160,1,0,79.2686,0,0,0,79.2686,0
69.1715,2.18295,0,0,5.1839,0.29721,0.36288,3.6288,61.308,0.117995,0,0,1.57118,0.204599,1.24858,0.66528,12.849,1,0.419699,0.36288,0,85.1196,3.59069,81.472,0.84672,12.849,0.84672,3695.15,0,0,0,2.16405,1.35317,6.73752,0.967258,9.28749,0.42336,0,0.42336,460.49,0,1.02816,0,0,3.19221,2.16405,1.028160,1,0,92.0081,0,0,0,92.0081,0
70.9863,2.19491,0,0,4.67532,0.302717,0.36288,3.6288,61.308,0.117987,0,0,1.28419,0.204599,0.961603,0.66528,12.849,1,0.407716,0.36288,0,65.8636,3.59069,62.2281,0.84672,12.849,0.84672,3695.15,0,0,0,1.74244,1.37326,6.52139,0.967258,8.66982,0.42336,0,0.42336,460.49,0,1.02816,0,0,2.7706,1.74244,1.028160,1,0,71.8595,0,0,0,71.8595,0
72.0197,2.20371,0,0,3.92931,0.329286,0.36288,3.6288,61.308,0.11798,0,0,1.433,0.177749,1.13727,0.66528,12.849,1,0.398886,0.36288,0,65.273,3.62775,61.6093,0.84672,12.849,0.84672,3695.15,0,0,0,2.05248,1.37324,6.56873,0.900827,9.09363,0.42336,0,0.42336,460.49,0,1.02816,0,0,3.08064,2.05248,1.028160,1,0,71.8402,0,0,0,71.8402,0
72.29,2.20854,0,0,5.20728,0.288508,2.43996,3.6288,61.308,0.117972,0,0,2.8128,0.188706,2.50612,0.66528,12.849,1,0.394025,2.43996,0,92.745,4.08363,90.7073,0.84672,12.849,0.84672,3695.15,0,0,0,3.88066,1.37323,9.61527,1.05546,13.8137,0.42336,0,0.42336,460.49,0,1.02816,0,0,4.90882,3.88066,1.028160,1,0,107.027,0,0,0,107.027,0
72.29,2.29989,0,0,4.2112,0.256495,1.65481,3.6288,61.308,0.151898,0,0,0.993583,0.196924,0.644761,0.66528,12.849,1,0.408789,1.65481,0,96.9365,4.42554,93.757,0.84672,12.849,0.84672,3695.15,0,0,0,1.62727,1.37322,4.14635,1.17144,5.97541,0.42336,0,0.42336,460.49,0,1.02816,0,0,2.65543,1.62727,1.028160,1,0,100.377,0,0,0,100.377,0
72.29,2.29987,0,0,5.82415,0.256495,3.26778,3.6288,61.308,0.151889,0,0,1.9968,0.196924,1.64799,0.66528,12.849,1,0.408784,3.26778,0,135.909,4.42554,134.342,0.84672,12.849,0.84672,3695.15,0,0,0,3.02568,1.41932,7.3587,1.17144,10.6323,0.42336,0,0.42336,460.49,0,1.02816,0,0,4.05384,3.02568,1.028160,1,0,146.623,0,0,0,146.623,0
72.29,2.29985,0,0,4.75294,0.216278,2.23682,3.6288,61.308,0.151881,0,0,1.02362,0.205026,0.666708,0.66528,12.849,1,0.40878,2.23682,0,102.511,4.51302,99.826,0.84672,12.849,0.84672,3695.15,0,0,0,1.80643,1.41931,4.65691,1.13928,6.74337,0.42336,0,0.42336,460.49,0,1.02816,0,0,2.83459,1.80643,1.028160,1,0,107.236,0,0,0,107.236,0
72.29,2.29982,0,0,3.76831,0.181674,1.28681,3.6288,61.308,0.151873,0,0,0.911667,0.201069,0.558725,0.66528,12.849,1,0.408776,1.28681,0,78.9126,4.01835,75.7723,0.84672,12.849,0.84672,3695.15,0,0,0,1.32555,1.4193,3.60752,1.10265,5.24971,0.42336,0,0.42336,460.49,0,1.02816,0,0,2.35371,1.32555,1.028160,1,0,81.5807,0,0,0,81.5807,0
72.29,2.26456,0,0,3.13769,0.17305,0.700082,3.6288,61.308,0.138686,0,0,0.947782,0.232295,0.576802,0.66528,12.849,1,0.402509,0.700082,0,56.2743,4.30185,52.27,0.84672,12.849,0.84672,3695.15,0,0,0,0.940334,1.41928,3.88428,1.25026,4.99363,0.42336,0,0.42336,460.49,0,1.02816,0,0,1.96849,0.940334,1.028160,1,0,57.8405,0,0,0,57.8405,0
72.0428,2.26454,0,0,2.55325,0.17305,0.36288,3.6288,61.308,0.138678,0,0,0.814225,0.232295,0.443253,0.66528,12.849,1,0.402505,0.36288,0,43.4414,4.30185,39.0999,0.84672,12.849,0.84672,3695.15,0,0,0,0.589524,1.40131,3.19661,1.25026,3.93719,0.42336,0,0.42336,460.49,0,1.02816,0,0,1.61768,0.589524,1.028160,1,0,43.4804,0,0,0,43.4804,0
71.5568,2.26334,0,0,2.22636,0.0861477,0.36288,3.6288,61.308,0.27564,0,0,0.736361,0.226258,0.234463,0.66528,12.849,1,0.403673,0.36288,0,39.0797,4.4519,34.587,0.84672,12.849,0.84672,3695.15,0,0,0,0.528595,1.4013,2.87626,1.18769,3.61846,0.42336,0,0.42336,460.49,0,0.89119,0,0,1.41979,0.528595,1.028160,1,0,38.4399,0,0,0,38.4399,0
70.8279,2.261,0,0,1.98083,0.0858295,0.36288,3.6288,61.308,0.269765,0,0,0.683925,0.226258,0.187902,0.66528,12.849,1,0.405993,0.36288,0,36.5879,4.4519,32.0929,0.84672,12.849,0.84672,3695.15,0,0,0,0.402797,1.40129,2.54298,1.18769,3.15938,0.42336,0,0.42336,460.49,0,0.897057,0,0,1.29985,0.402797,1.028160,1,0,35.4402,0,0,0,35.4402,0
69.8799,2.37666,0,0,1.88302,0.0914822,0.36288,3.6288,61.308,0.334497,0,0,0.657953,0.227838,0.0956183,0.66528,12.849,1,0.431154,0.36288,0,35.0215,4.32167,30.6316,0.84672,12.849,0.84672,3695.15,0,0,0,0.402797,1.40128,2.13274,1.08797,2.84885,0.42336,0,0.42336,460.49,0,0.879051,0,0,1.28185,0.402797,1.028160,1,0,33.5761,0,0,0,33.5761,0
68.9065,2.3717,0,0,1.85306,0.0918311,0.36288,3.6288,61.2354,0.452779,0,0,0.608259,0.228101,0,0.66528,12.849,1,0.43609,0.36288,0,32.8113,4.29996,28.4381,0.84672,12.849,0.84672,3695.15,0,0,0,0.402797,1.46377,1.91633,1.07135,2.71156,0.42336,0,0.42336,460.49,0,0.760761,0,0,1.16356,0.402797,1.028160,1,0,31.1497,0,0,0,31.1497,0
67.7245,2.36648,0,0,1.62442,0.0771146,0.36288,3.6288,61.0331,0.531498,0,0,0.566659,0.237435,0,0.66528,12.849,1,0.441278,0.36288,0,29.3148,4.40706,24.8294,0.84672,12.849,0.84672,3695.15,0,0,0,0.402797,1.46376,1.85928,1.09871,2.62712,0.42336,0,0.42336,460.49,0,0.682033,0,0,1.08483,0.402797,1.028160,1,0,27.4565,0,0,0,27.4565,0
66.4968,2.35998,0,0,1.53687,0.0416633,0.36288,3.6288,60.835,0.482251,0,0,0.544816,0.260699,0,0.66528,12.849,1,0.447747,0.36288,0,26.7978,4.67481,22.0381,0.84672,12.849,0.84672,3695.15,0,0,0,0.30119,1.46375,1.78864,1.16712,2.38646,0.42336,0,0.42336,460.49,0,0.731272,0,0,1.03246,0.30119,1.028160,1,0,24.4246,0,0,0,24.4246,0
65.0397,2.35303,0,0,1.30856,0.0497315,0.36288,3.6288,60.5156,0.549815,0,0,0.500671,0.270277,0,0.66528,12.849,1,0.45467,0.36288,0,24.3615,5.07909,19.1906,0.84672,12.849,0.84672,3695.15,0,0,0,0.30119,1.46374,1.88076,1.22486,2.42082,0.42336,0,0.42336,460.49,0,0.663699,0,0,0.964889,0.30119,1.028160,1,0,21.6115,0,0,0,21.6115,0
63.4699,2.32124,0,0,1.1697,0.0554356,0.36288,3.6288,60.0722,0.634935,0,0,0.468755,0.277143,0,0.66528,12.849,1,0.458576,0.36288,0,22.8855,5.3823,17.4076,0.84672,12.849,0.84672,3695.15,0,0,0,0.30119,1.46372,1.90423,1.26817,2.40098,0.42336,0,0.42336,460.49,0,0.604256,0,0,0.905446,0.30119,1.028160,1,0,19.8085,0,0,0,19.8085,0
61.8218,2.31179,0,0,1.08133,0.0547369,0.36288,3.6288,59.5988,0.650254,0,0,0.453181,0.276362,0,0.66528,12.849,1,0.468003,0.36288,0,22.7471,5.3823,17.2597,0.84672,12.849,0.84672,3695.15,0,0,0,0.30119,1.47834,1.93089,1.26817,2.44225,0.42336,0,0.42336,460.49,0,0.588928,0,0,0.890119,0.30119,1.028160,1,0,19.702,0,0,0,19.702,0
60.0852,2.30143,0,0,0.98166,0.0540033,0.36288,3.6288,59.0537,0.697644,0,0,0.428116,0.275528,0,0.66528,12.849,1,0.478328,0.36288,0,22.0711,5.3823,16.5733,0.84672,12.849,0.84672,3695.15,0,0,0,0.261274,1.47832,1.81501,1.26817,2.28644,0.42336,0,0.42336,460.49,0,0.541529,0,0,0.802803,0.261274,1.028160,1,0,18.8597,0,0,0,18.8597,0
58.2814,2.29002,0,0,0.895994,0.0468528,0.36288,3.6288,58.4252,0.748197,0,0,0.408929,0.289316,0,0.66528,12.849,1,0.489712,0.36288,0,19.3791,5.5364,13.7159,0.84672,12.849,0.84672,3695.15,0,0,0,0.261274,1.47831,1.69779,1.34379,2.09359,0.42336,0,0.42336,460.49,0,0.490968,0,0,0.752242,0.261274,1.028160,1,0,15.8095,0,0,0,15.8095,0
56.3749,2.33651,0,0,0.83109,0.0382311,0.36288,3.6288,57.7566,0.780798,0,0,0.413111,0.300895,0,0.66528,12.849,1,0.515119,0.36288,0,17.683,5.47292,12.0578,0.84672,12.849,0.84672,3695.15,0,0,0,0.261274,1.4783,1.28152,1.43684,1.58425,0.42336,0,0.42336,460.49,0,0.481248,0,0,0.742522,0.261274,1.028160,1,0,13.6421,0,0,0,13.6421,0
54.4302,2.3223,0,0,0.778084,0.0375224,0.36288,3.6288,57.0798,0.77551,0,0,0.398369,0.299599,0,0.66528,12.849,1,0.529301,0.36288,0,16.5874,5.47292,10.9481,0.84672,12.849,0.84672,3695.15,0,0,0,0.261274,1.50945,1.32552,1.43684,1.65941,0.42336,0,0.42336,460.49,0,0.486527,0,0,0.747801,0.261274,1.028160,1,0,12.6075,0,0,0,12.6075,0
52.4116,2.30698,0,0,0.687969,0.0367996,0.36288,3.6288,56.3036,0.852976,0,0,0.375017,0.298288,0,0.66528,12.849,1,0.544594,0.36288,0,15.6691,5.47292,10.0144,0.84672,12.849,0.84672,3695.15,0,0,0,0.261274,1.50944,1.24351,1.43684,1.57739,0.42336,0,0.42336,460.49,0,0.409052,0,0,0.670326,0.261274,1.028160,1,0,11.5918,0,0,0,11.5918,0
50.3524,2.29011,0,0,0.621687,0.0278087,0.36288,3.6288,55.534,0.8391,0,0,0.371313,0.3018,0,0.66528,12.849,1,0.561434,0.36288,0,14.8534,5.62246,9.03235,0.84672,12.849,0.84672,3695.15,0,0,0,0.227405,1.50943,1.24075,1.46672,1.51086,0.42336,0,0.42336,460.49,0,0.422919,0,0,0.650324,0.227405,1.028160,1,0,10.5432,0,0,0,10.5432,0
47.9557,2.43961,0,0,0.44016,0.0344038,0.36288,3.6288,54.5771,0.978218,0,0,0.32242,0.301128,0,0.66528,12.849,1,0.622543,0.36288,0,11.6189,5.51343,5.84581,0.84672,12.849,0.84672,3695.15,0,0,0,0.227405,1.50942,1.02988,1.46975,1.29695,0.42336,0,0.42336,460.49,0,0.36641,0,0,0.593815,0.227405,1.028160,1,0,7.14276,0,0,0,7.14276,0
45.5043,2.41505,0,0,0.366142,0.0396416,0.36288,3.6288,53.5271,1.02557,0,0,0.274595,0.299029,0,0.66528,12.849,1,0.647075,0.36288,0,9.59792,5.40047,3.91326,0.84672,12.849,0.84672,3695.15,0,0,0,0.227405,1.61271,0.941423,1.48268,1.29886,0.42336,0,0.42336,460.49,0,0.319047,0,0,0.546452,0.227405,1.028160,1,0,5.21212,0,0,0,5.21212,0
43.1048,2.38784,0,0,0.389844,0.0385807,0.36288,3.6288,52.4686,1.034,0,0,0.272349,0.296838,0,0.66528,12.849,1,0.674251,0.36288,0,8.96581,5.40047,3.25398,0.84672,12.849,0.84672,3695.15,0,0,0,0.227405,1.61269,0.992235,1.48268,1.34966,0.42336,0,0.42336,460.49,0,0.310606,0,0,0.538011,0.227405,1.028160,1,0,4.60364,0,0,0,4.60364,0
40.9229,2.3589,0,0,0.585133,0.0452737,0.36288,3.6288,51.5958,0.904702,0,0,0.324287,0.292313,0,0.66528,12.849,1,0.703158,0.36288,0,13.2395,5.34109,7.55813,0.84672,12.849,0.84672,3695.15,0,0,0,0.204422,1.61268,1.05444,1.47539,1.39615,0.42336,0,0.42336,460.49,0,0.439898,0,0,0.64432,0.204422,1.028160,1,0,8.95428,0,0,0,8.95428,0
38.9896,2.33034,0,0,0.818291,0.0584179,0.36288,3.6288,50.7921,0.921267,0,0,0.397268,0.279775,0,0.66528,12.849,1,0.731683,0.36288,0,16.9963,5.27703,11.3504,0.84672,12.849,0.84672,3695.15,0,0,0,0.204422,1.61267,1.21379,1.43226,1.59862,0.42336,0,0.42336,460.49,0,0.423323,0,0,0.627745,0.204422,1.028160,1,0,12.9491,0,0,0,12.9491,0
37.2127,2.22582,0,0,0.867128,0.055321,0.36288,3.6288,50.0469,0.865255,0,0,0.392831,0.272738,0,0.66528,12.849,1,0.73352,0.36288,0,16.7964,5.3004,11.1254,0.84672,12.849,0.84672,3695.15,0,0,0,0.204422,1.61265,1.12905,1.40021,1.54591,0.42336,0,0.42336,460.49,0,0.429181,0,0,0.633603,0.204422,1.028160,1,0,12.6713,0,0,0,12.6713,0
35.3089,2.19977,0,0,0.713025,0.0541836,0.36288,3.6288,49.907,0.417856,0,0,0.549055,0.271083,0,0.66528,12.849,1,0.759547,0.36288,0,16.3054,5.3004,10.6083,0.84672,12.849,0.84672,3695.15,0,0,0,0.204422,1.55466,1.27475,1.40021,1.63362,0.42336,0,0.42336,460.49,0,0.876571,0,0,1.08099,0.204422,1.028160,1,0,12.242,0,0,0,12.242,0
33.3149,2.16972,0,0,0.591636,0.052965,0.36288,3.6288,48.9802,0.951314,0,0,0.295308,0.270772,0,0.66528,12.849,1,0.789566,0.36288,0,15.6228,5.3004,9.89576,0.84672,12.849,0.84672,3695.15,0,0,0,0.216518,1.55465,0.949363,1.40021,1.32032,0.42336,0,0.42336,460.49,0,0.343103,0,0,0.559621,0.216518,1.028160,1,0,11.2161,0,0,0,11.2161,0
31.5759,2.13559,0,0,0.850936,0.0915029,0.36288,3.6288,48.2361,0.880313,0,0,0.363237,0.22705,0,0.66528,12.849,1,0.823661,0.36288,0,18.2334,4.67751,13.0951,0.84672,12.849,0.84672,3695.15,0,0,0,0.216518,1.55464,1.04466,1.20552,1.6103,0.42336,0,0.42336,460.49,0,0.414095,0,0,0.630614,0.216518,1.028160,1,0,14.7054,0,0,0,14.7054,0
29.6981,1.85379,0,0,0.470055,0.131167,0.36288,3.6288,47.7355,0.630817,0,0,0.310822,0.18061,0,0.66528,12.849,1,0.754351,0.36288,0,10.0675,4.09395,5.58208,0.84672,12.849,0.84672,3695.15,0,0,0,0.216518,1.55462,1.0912,0.995895,1.86644,0.42336,0,0.42336,460.49,0,0.538467,0,0,0.754986,0.216518,1.028160,1,0,7.44852,0,0,0,7.44852,0
28.4584,1.82048,0,0,1.07158,0.127965,0.36288,3.6288,47.1626,0.747654,0,0,0.354605,0.179858,0,0.66528,12.849,1,0.787635,0.36288,0,20.7593,4.09395,16.2406,0.84672,12.849,0.84672,3695.15,0,0,0,0.216518,1.39215,1.57057,0.995895,2.18335,0.42336,0,0.42336,460.49,0,0.421623,0,0,0.638141,0.216518,1.028160,1,0,18.424,0,0,0,18.424,0
28.3439,1.79682,0,0,2.17102,0.125831,0.36288,3.6288,47.6146,0.141108,0,0,0.772053,0.178998,0,0.66528,12.849,1,0.811266,0.36288,0,32.8843,4.09395,28.3419,0.84672,12.849,0.84672,3695.15,0,0,0,0.377226,1.39214,3.3007,0.995895,4.07418,0.42336,0,0.42336,460.49,0,1.02816,0,0,1.40539,0.377226,1.028160,1,0,32.4161,0,0,0,32.4161,0
