0volume,0demand,0up_spill,0ww_inflow,0catch_inflow,0evap,0ds_spill,0treat_cap,1volume,1demand,1up_spill,1ww_inflow,1catch_inflow,1evap,1ds_spill,1treat_cap,2volume,2s_area,2demand,2up_spill,2ww_inflow,2catch_inflow,2evap,2ds_spill,2treat_cap,2valloc_0,2talloc_0,2valloc_1,2talloc_1,3volume,3demand,3up_spill,3ww_inflow,3catch_inflow,3evap,3ds_spill,3treat_cap,3valloc_1,3talloc_1,3valloc_2,3talloc_2,4demand,4up_spill,4ww_inflow,4catch_inflow,4ds_spill,4treat_cap,11volume,11s_area,11demand,11up_spill,11ww_inflow,11catch_inflow,11evap,11ds_spill,11treat_cap
72.29,1.84028,0,0,6.41163,0.295194,4.27616,3.6288,61.308,0,0,0,6.12373,0.234073,5.88966,0.66528,12.849,1,0.327095,4.27616,0,159.031,4.45274,158.528,0.84672,12.849,0.84672,3695.15,0,0,0,4.6356,0,17.3541,1.26722,20.7225,0.42336,0,0.42336,460.49,0,1.01871,0,0,5.65431,4.6356,1.028160,1,0,185.14,0,0,0,185.14,0
72.29,1.84082,0,0,4.31331,0.272092,2.2004,3.6288,61.308,0,0,0,1.66946,0.193431,1.47603,0.66528,12.849,1,0.327193,2.2004,0,104.505,4.02413,102.354,0.84672,12.849,0.84672,3695.15,0,0,0,2.44359,1.19322,10.043,0.958319,12.7215,0.42336,0,0.42336,460.49,0,1.0189,0,0,3.46249,2.44359,1.028160,1,0,116.552,0,0,0,116.552,0
72.29,1.84137,0,0,3.74412,0.272092,1.63065,3.6288,61.308,0,0,0,1.50269,0.193431,1.30926,0.66528,12.849,1,0.32729,1.63065,0,91.3231,4.02413,88.6023,0.84672,12.849,0.84672,3695.15,0,0,0,2.11285,1.19349,9.16713,0.958319,11.5151,0.42336,0,0.42336,460.49,0,1.01908,0,0,3.13193,2.11285,1.028160,1,0,101.427,0,0,0,101.427,0
72.29,1.84192,0,0,3.37823,0.272092,1.26422,3.6288,61.308,0,0,0,1.37914,0.193431,1.18571,0.66528,12.849,1,0.327387,1.26422,0,81.743,4.02413,78.6557,0.84672,12.849,0.84672,3695.15,0,0,0,1.85689,1.19375,8.53917,0.958319,10.6315,0.42336,0,0.42336,460.49,0,1.01927,0,0,2.87616,1.85689,1.028160,1,0,90.473,0,0,0,90.473,0
72.29,2.04722,0,0,2.79412,0.291048,0.455845,3.6288,61.308,0.0756074,0,0,1.78263,0.208618,1.49841,0.66528,12.849,1,0.363878,0.455845,0,70.6692,4.13087,66.6303,0.84672,12.849,0.84672,3695.15,0,0,0,1.81246,1.19402,9.58651,1.02256,11.5704,0.42336,0,0.42336,460.49,0,1.02816,0,0,2.84062,1.81246,1.028160,1,0,79.6991,0,0,0,79.6991,0
72.29,2.04782,0,0,3.77289,0.305265,1.4198,3.6288,61.308,0.0758167,0,0,2.42646,0.220008,2.13063,0.66528,12.849,1,0.363985,1.4198,0,94.0213,4.21092,90.8662,0.84672,12.849,0.84672,3695.15,0,0,0,2.24662,1.30461,11.7143,1.07075,14.1948,0.42336,0,0.42336,460.49,0,1.02816,0,0,3.27478,2.24662,1.028160,1,0,107.192,0,0,0,107.192,0
72.29,2.04843,0,0,5.21939,0.305265,2.8657,3.6288,61.308,0.0760259,0,0,3.18119,0.220008,2.88515,0.66528,12.849,1,0.364092,2.8657,0,153.829,4.21092,152.12,0.84672,12.849,0.84672,3695.15,0,0,0,2.63686,1.30491,14.693,1.07075,17.564,0.42336,0,0.42336,460.49,0,1.02816,0,0,3.66502,2.63686,1.028160,1,0,172.569,0,0,0,172.569,0
72.29,2.04903,0,0,3.35248,0.305265,0.998183,3.6288,61.308,0.0762353,0,0,2.35658,0.220008,2.06033,0.66528,12.849,1,0.364199,0.998183,0,89.9631,4.21092,86.3862,0.84672,12.849,0.84672,3695.15,0,0,0,1.93438,1.3052,10.8941,1.07075,13.0629,0.42336,0,0.42336,460.49,0,1.02816,0,0,2.96254,1.93438,1.028160,1,0,101.509,0,0,0,101.509,0
72.29,1.75728,0,0,3.72476,0.261402,1.70608,3.6288,61.308,0,0,0,2.01718,0.19579,1.82139,0.66528,12.849,1,0.312343,1.70608,0,96.8561,3.66891,94.581,0.84672,12.849,0.84672,3695.15,0,0,0,1.61231,1.30549,11.2285,0.845726,13.3006,0.42336,0,0.42336,460.49,0,0.991341,0,0,2.60365,1.61231,1.028160,1,0,109.703,0,0,0,109.703,0
72.29,1.75781,0,0,3.56368,0.279799,1.52608,3.6288,61.308,0,0,0,2.01606,0.19635,1.81971,0.66528,12.849,1,0.312437,1.52608,0,71.3517,3.57199,68.9934,0.84672,12.849,0.84672,3695.15,0,0,0,1.2403,1.15376,11.2451,0.823365,12.8158,0.42336,0,0.42336,460.49,0,0.991521,0,0,2.23182,1.2403,1.028160,1,0,83.6289,0,0,0,83.6289,0
72.29,1.75833,0,0,4.07655,0.279799,2.03842,3.6288,61.308,0,0,0,2.15482,0.19635,1.95847,0.66528,12.849,1,0.31253,2.03842,0,85.2716,3.57199,83.4255,0.84672,12.849,0.84672,3695.15,0,0,0,1.40218,1.15401,12.3105,0.823365,14.0434,0.42336,0,0.42336,460.49,0,0.9917,0,0,2.39388,1.40218,1.028160,1,0,99.4273,0,0,0,99.4273,0
72.29,1.75886,0,0,5.46072,0.279799,3.42207,3.6288,61.308,0,0,0,2.75639,0.19635,2.56004,0.66528,12.849,1,0.312624,3.42207,0,100.105,3.57199,99.6422,0.84672,12.849,0.84672,3695.15,0,0,0,1.70211,1.15427,13.7403,0.823365,15.7733,0.42336,0,0.42336,460.49,0,0.99188,0,0,2.694,1.70211,1.028160,1,0,117.976,0,0,0,117.976,0
72.29,1.75938,0,0,5.48891,0.297536,3.43199,3.6288,61.308,0,0,0,2.69285,0.21233,2.48052,0.66528,12.849,1,0.312717,3.43199,0,158.766,4.1391,157.746,0.84672,12.849,0.84672,3695.15,0,0,0,1.66253,1.15452,14.0155,0.850259,15.9823,0.42336,0,0.42336,460.49,0,0.99206,0,0,2.65459,1.66253,1.028160,1,0,176.209,0,0,0,176.209,0
72.29,1.8336,0,0,8.593,0.245168,6.51423,3.6288,61.308,0,0,0,3.79618,0.202403,3.59378,0.66528,12.849,1,0.325908,6.51423,0,232.046,4.53716,233.697,0.84672,12.849,0.84672,3695.15,0,0,0,2.65248,1.15478,18.7771,1.05442,21.5299,0.42336,0,0.42336,460.49,0,1.01999,0,0,3.67247,2.65248,1.028160,1,0,258.821,0,0,0,258.821,0
72.29,1.83414,0,0,5.35107,0.245168,3.27176,3.6288,61.308,0,0,0,2.43912,0.202403,2.23671,0.66528,12.849,1,0.326005,3.27176,0,140.205,4.53716,138.613,0.84672,12.849,0.84672,3695.15,0,0,0,1.49154,1.19273,12.6727,1.05442,14.3026,0.42336,0,0.42336,460.49,0,1.02017,0,0,2.51171,1.49154,1.028160,1,0,155.153,0,0,0,155.153,0
72.29,1.83469,0,0,4.46642,0.245168,2.38657,3.6288,61.308,0,0,0,2.08949,0.202403,1.88709,0.66528,12.849,1,0.326102,2.38657,0,101.136,4.53716,98.6588,0.84672,12.849,0.84672,3695.15,0,0,0,1.38482,1.193,11.2389,1.05442,12.7623,0.42336,0,0.42336,460.49,0,1.02036,0,0,2.40518,1.38482,1.028160,1,0,113.308,0,0,0,113.308,0
72.29,1.83523,0,0,3.94479,0.245168,1.86439,3.6288,61.308,0,0,0,1.90019,0.202403,1.69778,0.66528,12.849,1,0.326199,1.86439,0,85.9982,4.53716,82.9993,0.84672,12.849,0.84672,3695.15,0,0,0,1.21525,1.19326,10.1948,1.05442,11.5489,0.42336,0,0.42336,460.49,0,1.02055,0,0,2.2358,1.21525,1.028160,1,0,96.2459,0,0,0,96.2459,0
72.29,1.80694,0,0,3.62167,0.243903,1.57083,3.6288,61.308,0,0,0,1.53857,0.234084,1.30448,0.66528,12.849,1,0.32117,1.57083,0,76.7076,5.4746,72.4827,0.84672,12.849,0.84672,3695.15,0,0,0,1.31089,1.19353,7.86067,1.13728,9.2278,0.42336,0,0.42336,460.49,0,1.00995,0,0,2.32083,1.31089,1.028160,1,0,83.015,0,0,0,83.015,0
72.29,1.80748,0,0,3.34256,0.166714,1.36836,3.6288,61.308,0,0,0,1.54365,0.215595,1.32805,0.66528,12.849,1,0.321266,1.36836,0,75.9733,4.36621,72.6541,0.84672,12.849,0.84672,3695.15,0,0,0,1.13104,1.17909,7.14623,1.00557,8.4508,0.42336,0,0.42336,460.49,0,1.01013,0,0,2.14117,1.13104,1.028160,1,0,82.433,0,0,0,82.433,0
72.29,1.80802,0,0,3.08864,0.166714,1.11391,3.6288,61.308,0,0,0,1.61844,0.215595,1.40285,0.66528,12.849,1,0.321361,1.11391,0,64.2583,4.36621,60.6846,0.84672,12.849,0.84672,3695.15,0,0,0,0.95352,1.17936,6.60658,1.00557,7.73388,0.42336,0,0.42336,460.49,0,1.01032,0,0,1.96384,0.95352,1.028160,1,0,69.8213,0,0,0,69.8213,0
72.29,1.80856,0,0,2.98456,0.166714,1.00929,3.6288,61.308,0,0,0,1.44691,0.215595,1.23132,0.66528,12.849,1,0.321457,1.00929,0,58.1114,4.36621,54.433,0.84672,12.849,0.84672,3695.15,0,0,0,0.779084,1.17962,6.42721,1.00557,7.38034,0.42336,0,0.42336,460.49,0,1.0105,0,0,1.78959,0.779084,1.028160,1,0,63.0447,0,0,0,63.0447,0
72.29,1.90709,0,0,2.58319,0.172828,0.503266,3.6288,61.308,0.020821,0,0,1.25283,0.196966,1.03505,0.66528,12.849,1,0.338971,0.503266,0,52.9779,4.20565,48.9365,0.84672,12.849,0.84672,3695.15,0,0,0,0.621389,1.17988,5.56392,0.97346,6.39173,0.42336,0,0.42336,460.49,0,1.02816,0,0,1.64955,0.621389,1.028160,1,0,56.3633,0,0,0,56.3633,0
72.1685,1.90766,0,0,2.31069,0.16167,0.36288,3.6288,61.308,0.0210159,0,0,1.03963,0.219745,0.798864,0.66528,12.849,1,0.339072,0.36288,0,43.5359,4.38239,39.1773,0.84672,12.849,0.84672,3695.15,0,0,0,0.450973,1.23136,4.59453,1.04339,5.23347,0.42336,0,0.42336,460.49,0,1.02816,0,0,1.47913,0.450973,1.028160,1,0,45.2097,0,0,0,45.2097,0
72.0012,1.90774,0,0,2.26485,0.161521,0.36288,3.6288,61.308,0.0212109,0,0,1.12441,0.219745,0.883453,0.66528,12.849,1,0.339657,0.36288,0,41.7059,4.38239,37.3467,0.84672,12.849,0.84672,3695.15,0,0,0,0.423066,1.23163,4.95076,1.04339,5.56207,0.42336,0,0.42336,460.49,0,1.02816,0,0,1.45123,0.423066,1.028160,1,0,43.7922,0,0,0,43.7922,0
71.6832,1.90763,0,0,2.11387,0.161316,0.36288,3.6288,61.308,0.0214059,0,0,1.02757,0.219745,0.786421,0.66528,12.849,1,0.340428,0.36288,0,38.9872,4.38239,34.6273,0.84672,12.849,0.84672,3695.15,0,0,0,0.318911,1.23191,4.38397,1.04339,4.8914,0.42336,0,0.42336,460.49,0,1.02816,0,0,1.34707,0.318911,1.028160,1,0,40.3051,0,0,0,40.3051,0
71.2044,1.90692,0,0,1.91741,0.126462,0.36288,3.6288,61.308,0.0216009,0,0,0.947946,0.23882,0.687525,0.66528,12.849,1,0.341809,0.36288,0,35.9815,4.93993,31.0626,0.84672,12.849,0.84672,3695.15,0,0,0,0.357048,1.23218,4.29087,1.10729,4.77281,0.42336,0,0.42336,460.49,0,1.02816,0,0,1.38521,0.357048,1.028160,1,0,36.5229,0,0,0,36.5229,0
70.2031,1.88617,0,0,1.37467,0.126908,0.36288,3.6288,61.308,0.0428704,0,0,0.779872,0.176474,0.560528,0.66528,12.849,1,0.340365,0.36288,0,31.916,4.19559,27.7429,0.84672,12.849,0.84672,3695.15,0,0,0,0.441081,1.23246,4.03565,0.910065,4.79912,0.42336,0,0.42336,460.49,0,1.02816,0,0,1.46924,0.441081,1.028160,1,0,33.1026,0,0,0,33.1026,0
69.0754,1.88263,0,0,1.24376,0.125936,0.36288,3.6288,61.308,0.0455076,0,0,0.723756,0.176474,0.501774,0.66528,12.849,1,0.34457,0.36288,0,28.6609,4.19559,24.4836,0.84672,12.849,0.84672,3695.15,0,0,0,0.261274,1.24473,3.87056,0.910065,4.4665,0.42336,0,0.42336,460.49,0,1.02572,0,0,1.287,0.261274,1.028160,1,0,29.4519,0,0,0,29.4519,0
67.9221,1.87844,0,0,1.18496,0.0969758,0.36288,3.6288,61.308,0.0432718,0,0,0.684806,0.242289,0.399246,0.66528,12.849,1,0.349417,0.36288,0,25.9646,5.04249,20.9356,0.84672,12.849,0.84672,3695.15,0,0,0,0.265127,1.24501,3.66712,1.2192,3.95806,0.42336,0,0.42336,460.49,0,1.02816,0,0,1.29329,0.265127,1.028160,1,0,25.2929,0,0,0,25.2929,0
66.6457,1.87401,0,0,1.05198,0.0915035,0.36288,3.6288,61.308,0.0749827,0,0,0.640302,0.253258,0.312061,0.66528,12.849,1,0.354511,0.36288,0,23.7475,5.18364,18.5722,0.84672,12.849,0.84672,3695.15,0,0,0,0.261274,1.24529,3.54621,1.27072,3.78205,0.42336,0,0.42336,460.49,0,0.99665,0,0,1.25792,0.261274,1.028160,1,0,22.6663,0,0,0,22.6663,0
65.2524,1.9184,0,0,0.971559,0.0835493,0.36288,3.6288,61.308,0.194667,0,0,0.630253,0.282999,0.152588,0.66528,12.849,1,0.36986,0.36288,0,23.9698,5.24529,18.7175,0.84672,12.849,0.84672,3695.15,0,0,0,0.261274,1.24557,3.14328,1.38913,3.26099,0.42336,0,0.42336,460.49,0,0.895968,0,0,1.15724,0.261274,1.028160,1,0,22.1311,0,0,0,22.1311,0
63.8163,1.91237,0,0,0.91902,0.0798425,0.36288,3.6288,61.308,0.267241,0,0,0.601282,0.294895,0.0391452,0.66528,12.849,1,0.376569,0.36288,0,22.8989,5.26995,17.6153,0.84672,12.849,0.84672,3695.15,0,0,0,0.261274,1.27144,2.74199,1.43649,2.83822,0.42336,0,0.42336,460.49,0,0.823599,0,0,1.08487,0.261274,1.028160,1,0,20.4927,0,0,0,20.4927,0
62.3054,1.90588,0,0,0.836732,0.0789235,0.36288,3.6288,61.1834,0.40052,0,0,0.57085,0.294895,0,0.66528,12.849,1,0.383736,0.36288,0,20.8694,5.26995,15.5786,0.84672,12.849,0.84672,3695.15,0,0,0,0.227405,1.27173,2.55766,1.43649,2.62031,0.42336,0,0.42336,460.49,0,0.690526,0,0,0.917931,0.227405,1.028160,1,0,18.1989,0,0,0,18.1989,0
60.9598,1.89873,0,0,0.982377,0.0663119,0.36288,3.6288,61.308,0.0630924,0,0,0.713137,0.28409,0.241389,0.66528,12.849,1,0.391567,0.36288,0,21.8151,5.4448,16.3416,0.84672,12.849,0.84672,3695.15,0,0,0,0.302158,1.27202,3.88514,1.48433,3.97498,0.42336,0,0.42336,460.49,0,1.02816,0,0,1.33032,0.302158,1.028160,1,0,20.558,0,0,0,20.558,0
59.3551,2.03519,0,0,0.858203,0.0648977,0.36288,3.6288,61.308,0.260651,0,0,0.587546,0.277436,0.0494581,0.66528,12.849,1,0.428975,0.36288,0,19.8889,5.54175,14.2811,0.84672,12.849,0.84672,3695.15,0,0,0,0.227405,1.2723,2.89965,1.51009,2.88927,0.42336,0,0.42336,460.49,0,0.898741,0,0,1.12615,0.227405,1.028160,1,0,17.2198,0,0,0,17.2198,0
57.6523,2.02625,0,0,0.760735,0.0743546,0.36288,3.6288,61.308,0.191513,0,0,0.601069,0.31062,0.0989355,0.66528,12.849,1,0.438637,0.36288,0,18.4722,5.63745,12.759,0.84672,12.849,0.84672,3695.15,0,0,0,0.227405,1.35753,2.9208,1.50213,3.00361,0.42336,0,0.42336,460.49,0,0.968103,0,0,1.19551,0.227405,1.028160,1,0,15.8616,0,0,0,15.8616,0
55.8259,2.01625,0,0,0.625864,0.0731363,0.36288,3.6288,60.8879,0.547187,0,0,0.437755,0.31062,0,0.66528,12.849,1,0.449363,0.36288,0,16.9234,5.63745,11.1995,0.84672,12.849,0.84672,3695.15,0,0,0,0.204422,1.35784,2.39226,1.50213,2.45239,0.42336,0,0.42336,460.49,0,0.612654,0,0,0.817076,0.204422,1.028160,1,0,13.6519,0,0,0,13.6519,0
54.1662,2.00489,0,0,0.779931,0.0718295,0.36288,3.6288,61.2046,0.131904,0,0,0.758323,0.309796,0,0.66528,12.849,1,0.461449,0.36288,0,16.4963,5.63745,10.7602,0.84672,12.849,0.84672,3695.15,0,0,0,0.586492,1.35815,3.73114,1.50213,4.17365,0.42336,0,0.42336,460.49,0,1.02816,0,0,1.61465,0.586492,1.028160,1,0,14.9339,0,0,0,14.9339,0
52.3874,1.99404,0,0,0.656307,0.0782446,0.36288,3.6288,61.2509,0.238824,0,0,0.547342,0.262186,0,0.66528,12.849,1,0.473015,0.36288,0,11.463,4.34353,7.00936,0.84672,12.849,0.84672,3695.15,0,0,0,0.204422,1.35846,3.80111,0.998449,4.36554,0.42336,0,0.42336,460.49,0,0.921465,0,0,1.12589,0.204422,1.028160,1,0,11.3749,0,0,0,11.3749,0
50.487,1.91385,0,0,0.491093,0.11478,0.36288,3.6288,61.308,0.0910646,0,0,0.480683,0.284477,0.0480455,0.66528,12.849,1,0.469409,0.36288,0,10.155,4.72385,5.32465,0.84672,12.849,0.84672,3695.15,0,0,0,0.387746,1.35877,2.78329,1.28526,3.24454,0.42336,0,0.42336,460.49,0,1.02816,0,0,1.41591,0.387746,1.028160,1,0,8.61724,0,0,0,8.61724,0
48.5107,1.90033,0,0,0.39949,0.11253,0.36288,3.6288,61.1886,0.230416,0,0,0.395637,0.28458,0,0.66528,12.849,1,0.483636,0.36288,0,9.32524,4.72385,4.48064,0.84672,12.849,0.84672,3695.15,0,0,0,0.216518,1.31134,2.51483,1.28526,2.75742,0.42336,0,0.42336,460.49,0,0.889021,0,0,1.10554,0.216518,1.028160,1,0,7.23806,0,0,0,7.23806,0
46.749,1.8853,0,0,0.660039,0.173515,0.36288,3.6288,61.308,0.0914911,0,0,0.599124,0.223766,0.164508,0.66528,12.849,1,0.499359,0.36288,0,13.2761,3.89333,9.24633,0.84672,12.849,0.84672,3695.15,0,0,0,0.377067,1.31163,3.33158,1.02567,3.99461,0.42336,0,0.42336,460.49,0,1.02816,0,0,1.40523,0.377067,1.028160,1,0,13.4054,0,0,0,13.4054,0
45.7705,1.87109,0,0,1.47226,0.216792,0.36288,3.6288,61.308,0.0917044,0,0,0.952951,0.178451,0.682796,0.66528,12.849,1,0.514271,0.36288,0,33.9248,3.27044,30.503,0.84672,12.849,0.84672,3695.15,0,0,0,0.923884,1.31193,7.12158,0.830972,8.52642,0.42336,0,0.42336,460.49,0,1.02816,0,0,1.95204,0.923884,1.028160,1,0,39.7122,0,0,0,39.7122,0
44.1952,1.80883,0,0,0.755859,0.159466,0.36288,3.6288,61.308,0.118423,0,0,0.51273,0.215107,0.1792,0.66528,12.849,1,0.507786,0.36288,0,16.2322,3.65539,12.4319,0.84672,12.849,0.84672,3695.15,0,0,0,0.216518,1.31222,3.29292,0.888697,3.93297,0.42336,0,0.42336,460.49,0,0.964034,0,0,1.18055,0.216518,1.028160,1,0,16.5441,0,0,0,16.5441,0
42.6902,1.79534,0,0,0.87277,0.219627,0.36288,3.6288,61.118,0.376098,0,0,0.414405,0.228299,0,0.66528,12.849,1,0.521963,0.36288,0,16.2337,4.08041,11.9942,0.84672,12.849,0.84672,3695.15,0,0,0,0.216518,1.27044,3.25513,1.10561,3.63648,0.42336,0,0.42336,460.49,0,0.706562,0,0,0.92308,0.216518,1.028160,1,0,15.6307,0,0,0,15.6307,0
41.0513,1.78172,0,0,0.721578,0.215863,0.36288,3.6288,60.8735,0.373546,0,0,0.357073,0.228025,0,0.66528,12.849,1,0.536266,0.36288,0,13.0191,4.08041,8.76531,0.84672,12.849,0.84672,3695.15,0,0,0,0.292723,1.27073,3.15744,1.10561,3.61528,0.42336,0,0.42336,460.49,0,0.709318,0,0,1.00204,0.292723,1.028160,1,0,12.3806,0,0,0,12.3806,0
40.5455,1.76593,0,0,1.83482,0.211765,0.36288,3.6288,61.308,0.0549075,0,0,1.14319,0.227672,0.426124,0.66528,12.849,1,0.552735,0.36288,0,36.3224,4.08041,32.0521,0.84672,12.849,0.84672,3695.15,0,0,0,2.02095,1.27101,7.37908,1.10561,9.56543,0.42336,0,0.42336,460.49,0,1.02816,0,0,3.04911,2.02095,1.028160,1,0,42.0437,0,0,0,42.0437,0
40.5198,1.61128,0,0,2.16121,0.212806,0.36288,3.6288,61.308,0,0,0,1.59942,0.223192,1.37623,0.66528,12.849,1,0.510621,0.36288,0,45.0401,4.04014,40.8522,0.84672,12.849,0.84672,3695.15,0,0,0,1.50273,1.2713,8.82811,1.08213,10.52,0.42336,0,0.42336,460.49,0,1.00484,0,0,2.50756,1.50273,1.028160,1,0,52.7484,0,0,0,52.7484,0
39.9554,1.61152,0,0,1.6285,0.218503,0.36288,3.6288,61.308,0,0,0,1.36811,0.210426,1.15768,0.66528,12.849,1,0.51102,0.36288,0,67.9508,3.93949,63.8632,0.84672,12.849,0.84672,3695.15,0,0,0,1.80531,1.17398,9.2397,1.02342,11.1956,0.42336,0,0.42336,460.49,0,1.00502,0,0,2.81033,1.80531,1.028160,1,0,76.2165,0,0,0,76.2165,0
39.3425,1.60653,0,0,1.57359,0.217038,0.36288,3.6288,61.308,0,0,0,1.15702,0.210426,0.946591,0.66528,12.849,1,0.516636,0.36288,0,46.0376,3.93949,41.9444,0.84672,12.849,0.84672,3695.15,0,0,0,1.37537,1.17424,7.77341,1.02342,9.2996,0.42336,0,0.42336,460.49,0,1.0052,0,0,2.38057,1.37537,1.028160,1,0,52.1906,0,0,0,52.1906,0
38.5675,1.60094,0,0,1.40432,0.2155,0.36288,3.6288,61.308,0,0,0,1.20513,0.210426,0.994707,0.66528,12.849,1,0.522858,0.36288,0,58.926,3.93949,54.8265,0.84672,12.849,0.84672,3695.15,0,0,0,1.50371,1.1745,8.15391,1.02342,9.80871,0.42336,0,0.42336,460.49,0,1.00539,0,0,2.5091,1.50371,1.028160,1,0,65.63,0,0,0,65.63,0
38.8229,1.59354,0,0,2.42337,0.211546,0.36288,3.6288,61.308,0,0,0,1.26594,0.242746,1.0232,0.66528,12.849,1,0.530897,0.36288,0,51.5856,4.93175,46.4858,0.84672,12.849,0.84672,3695.15,0,0,0,1.85962,1.17476,8.88615,1.33146,10.5891,0.42336,0,0.42336,460.49,0,1.00557,0,0,2.86519,1.85962,1.028160,1,0,58.0981,0,0,0,58.0981,0
40.2781,1.65377,0,0,3.67756,0.205666,0.36288,3.6288,61.308,0.000331981,0,0,2.16189,0.224512,1.93705,0.66528,12.849,1,0.547338,0.36288,0,81.3853,3.99894,77.2019,0.84672,12.849,0.84672,3695.15,0,0,0,3.23183,1.17502,11.8691,1.14914,15.1268,0.42336,0,0.42336,460.49,0,1.02816,0,0,4.25999,3.23183,1.028160,1,0,94.2657,0,0,0,94.2657,0
41.6227,1.66924,0,0,3.58481,0.208141,0.36288,3.6288,61.308,0.000515682,0,0,2.3456,0.220576,2.12451,0.66528,12.849,1,0.532499,0.36288,0,76.8886,3.81591,72.903,0.84672,12.849,0.84672,3695.15,0,0,0,3.77508,1.2071,12.4897,1.1102,16.3617,0.42336,0,0.42336,460.49,0,1.02816,0,0,4.80324,3.77508,1.028160,1,0,91.3893,0,0,0,91.3893,0
43.014,1.68287,0,0,3.64858,0.211476,0.36288,3.6288,61.308,0.000699384,0,0,3.33387,0.220576,3.1126,0.66528,12.849,1,0.519504,0.36288,0,74.5542,3.81591,70.5817,0.84672,12.849,0.84672,3695.15,0,0,0,3.85875,1.20736,16.4782,1.1102,20.4341,0.42336,0,0.42336,460.49,0,1.02816,0,0,4.88691,3.85875,1.028160,1,0,94.1284,0,0,0,94.1284,0
45.431,1.6963,0,0,4.70175,0.225652,0.36288,3.6288,61.308,0.000883145,0,0,3.70852,0.166619,3.54102,0.66528,12.849,1,0.506711,0.36288,0,131.413,3.45987,127.809,0.84672,12.849,0.84672,3695.15,0,0,0,4.60777,1.20762,12.2533,1.02522,17.0435,0.42336,0,0.42336,460.49,0,1.02816,0,0,5.63593,4.60777,1.028160,1,0,148.393,0,0,0,148.393,0
47.2364,1.90835,0,0,4.30395,0.227328,0.36288,3.6288,61.308,0.0865264,0,0,2.17922,0.169485,1.9232,0.66528,12.849,1,0.539727,0.36288,0,99.8819,3.38815,96.3169,0.84672,12.849,0.84672,3695.15,0,0,0,2.20942,1.20788,9.4135,1.00232,11.8285,0.42336,0,0.42336,460.49,0,1.02816,0,0,3.23758,2.20942,1.028160,1,0,110.069,0,0,0,110.069,0
47.6228,1.92511,0,0,2.89755,0.223155,0.36288,3.6288,61.308,0.0867318,0,0,2.64385,0.185296,2.37182,0.66528,12.849,1,0.523659,0.36288,0,76.7992,3.37166,73.2668,0.84672,12.849,0.84672,3695.15,0,0,0,1.2412,1.31998,7.50914,0.990678,9.07963,0.42336,0,0.42336,460.49,0,1.02816,0,0,2.26936,1.2412,1.028160,1,0,84.7182,0,0,0,84.7182,0
48.7129,1.929,0,0,3.60612,0.224104,0.36288,3.6288,61.308,0.0869373,0,0,2.82861,0.185296,2.55638,0.66528,12.849,1,0.520461,0.36288,0,111.878,3.37166,108.349,0.84672,12.849,0.84672,3695.15,0,0,0,3.72368,1.32026,11.972,0.990678,16.0253,0.42336,0,0.42336,460.49,0,1.02816,0,0,4.75184,3.72368,1.028160,1,0,126.931,0,0,0,126.931,0
49.5624,1.93877,0,0,3.40717,0.256006,0.36288,3.6288,61.308,0.0871429,0,0,2.21974,0.166454,1.96614,0.66528,12.849,1,0.51139,0.36288,0,102.954,3.48108,99.3246,0.84672,12.849,0.84672,3695.15,0,0,0,3.00621,1.32055,8.95285,0.942762,12.3369,0.42336,0,0.42336,460.49,0,1.02816,0,0,4.03437,3.00621,1.028160,1,0,113.628,0,0,0,113.628,0
53.3176,1.66914,0,0,6.06129,0.274095,0.36288,3.6288,61.308,0,0,0,2.33608,0.206186,2.1299,0.66528,12.849,1,0.432723,0.36288,0,124.219,3.72585,120.423,0.84672,12.849,0.84672,3695.15,0,0,0,4.00258,1.32084,13.4867,1.02587,17.7842,0.42336,0,0.42336,460.49,0,1.0007,0,0,5.00329,4.00258,1.028160,1,0,140.337,0,0,0,140.337,0
56.1596,1.69419,0,0,5.17591,0.276796,0.36288,3.6288,61.308,0,0,0,2.29082,0.189629,2.10119,0.66528,12.849,1,0.408283,0.36288,0,126.935,4.16493,122.725,0.84672,12.849,0.84672,3695.15,0,0,0,3.52397,1.16703,12.0191,1.0833,15.6268,0.42336,0,0.42336,460.49,0,1.00088,0,0,4.52485,3.52397,1.028160,1,0,140.453,0,0,0,140.453,0
58.2131,1.7115,0,0,4.41264,0.284833,0.36288,3.6288,61.308,0,0,0,1.89539,0.189629,1.70576,0.66528,12.849,1,0.391581,0.36288,0,75.9789,4.16493,71.7852,0.84672,12.849,0.84672,3695.15,0,0,0,2.78703,1.16728,9.77685,1.0833,12.6479,0.42336,0,0.42336,460.49,0,1.00106,0,0,3.78809,2.78703,1.028160,1,0,86.1389,0,0,0,86.1389,0
60.6055,1.72331,0,0,4.76931,0.290639,0.36288,3.6288,61.308,0,0,0,2.0429,0.189629,1.85327,0.66528,12.849,1,0.380376,0.36288,0,88.9714,4.16493,84.7889,0.84672,12.849,0.84672,3695.15,0,0,0,3.32416,1.16753,11.9582,1.0833,15.3666,0.42336,0,0.42336,460.49,0,1.00124,0,0,4.32539,3.32416,1.028160,1,0,102.009,0,0,0,102.009,0
62.4293,1.7362,0,0,4.22019,0.297301,0.36288,3.6288,61.308,0,0,0,1.73626,0.189629,1.54663,0.66528,12.849,1,0.368093,0.36288,0,119.075,4.16493,114.905,0.84672,12.849,0.84672,3695.15,0,0,0,2.84877,1.16779,9.16021,1.0833,12.0935,0.42336,0,0.42336,460.49,0,1.00141,0,0,3.85018,2.84877,1.028160,1,0,128.545,0,0,0,128.545,0
65.6471,1.81857,0,0,5.67586,0.276661,0.36288,3.6288,61.308,0.00154935,0,0,1.55165,0.151783,1.39832,0.66528,12.849,1,0.374292,0.36288,0,127.48,3.94181,123.527,0.84672,12.849,0.84672,3695.15,0,0,0,2.58315,1.16804,10.7002,0.977909,13.4735,0.42336,0,0.42336,460.49,0,1.02816,0,0,3.61131,2.58315,1.028160,1,0,138.398,0,0,0,138.398,0
68.9995,1.83444,0,0,5.83369,0.283962,0.36288,3.6288,61.308,0.00173335,0,0,2.15231,0.151783,1.99879,0.66528,12.849,1,0.359053,0.36288,0,148.094,3.94181,144.156,0.84672,12.849,0.84672,3695.15,0,0,0,3.34219,1.2065,17.5766,0.977909,21.1474,0.42336,0,0.42336,460.49,0,1.02816,0,0,4.37035,3.34219,1.028160,1,0,167.302,0,0,0,167.302,0
71.3464,1.84968,0,0,4.85107,0.291569,0.36288,3.6288,61.308,0.00191735,0,0,1.863,0.151783,1.7093,0.66528,12.849,1,0.344445,0.36288,0,132.582,3.94181,128.658,0.84672,12.849,0.84672,3695.15,0,0,0,2.67873,1.20676,12.4682,0.977909,15.3758,0.42336,0,0.42336,460.49,0,1.02816,0,0,3.70689,2.67873,1.028160,1,0,145.743,0,0,0,145.743,0
72.29,1.85982,0,0,4.45314,0.274422,1.37534,3.6288,61.308,0.0021014,0,0,1.37475,0.149286,1.22336,0.66528,12.849,1,0.33494,1.37534,0,101.962,4.09008,98.9118,0.84672,12.849,0.84672,3695.15,0,0,0,1.94937,1.20702,8.87682,0.98755,11.0457,0.42336,0,0.42336,460.49,0,1.02816,0,0,2.97753,1.94937,1.028160,1,0,111.181,0,0,0,111.181,0
72.29,1.83484,0,0,3.96544,0.237812,1.89279,3.6288,61.308,0,0,0,1.3505,0.195296,1.1552,0.66528,12.849,1,0.326128,1.89279,0,88.5652,4.37763,85.7542,0.84672,12.849,0.84672,3695.15,0,0,0,1.93508,1.20728,8.84356,1.13501,10.8509,0.42336,0,0.42336,460.49,0,1.01951,0,0,2.95459,1.93508,1.028160,1,0,97.7603,0,0,0,97.7603,0
72.29,1.83537,0,0,3.56981,0.234447,1.49999,3.6288,61.308,0,0,0,1.40513,0.215032,1.1901,0.66528,12.849,1,0.326222,1.49999,0,77.6304,4.41357,74.3906,0.84672,12.849,0.84672,3695.15,0,0,0,1.93785,1.19264,8.93903,1.18886,10.8807,0.42336,0,0.42336,460.49,0,1.01969,0,0,2.95754,1.93785,1.028160,1,0,86.4614,0,0,0,86.4614,0
72.29,1.83589,0,0,3.17577,0.234447,1.10543,3.6288,61.308,0,0,0,1.25729,0.215032,1.04226,0.66528,12.849,1,0.326316,1.10543,0,66.566,4.41357,62.9316,0.84672,12.849,0.84672,3695.15,0,0,0,1.5677,1.1929,7.64338,1.18886,9.21512,0.42336,0,0.42336,460.49,0,1.01988,0,0,2.58758,1.5677,1.028160,1,0,73.1889,0,0,0,73.1889,0
72.29,1.83642,0,0,2.91161,0.221485,0.853703,3.6288,61.308,0,0,0,1.13759,0.197966,0.939629,0.66528,12.849,1,0.32641,0.853703,0,61.0743,4.05969,57.5419,0.84672,12.849,0.84672,3695.15,0,0,0,1.37982,1.19315,7.14269,1.0991,8.61656,0.42336,0,0.42336,460.49,0,1.02006,0,0,2.39988,1.37982,1.028160,1,0,67.0981,0,0,0,67.0981,0
72.29,1.93627,0,0,2.72698,0.18698,0.60373,3.6288,61.308,0.0308885,0,0,1.12364,0.193624,0.899128,0.66528,12.849,1,0.344158,0.60373,0,58.0151,4.01031,54.2644,0.84672,12.849,0.84672,3695.15,0,0,0,1.3073,1.19341,6.69894,1.01486,8.18479,0.42336,0,0.42336,460.49,0,1.02816,0,0,2.33546,1.3073,1.028160,1,0,63.3483,0,0,0,63.3483,0
72.29,1.93683,0,0,2.67392,0.143928,0.593169,3.6288,61.308,0.0310799,0,0,1.10795,0.239659,0.837212,0.66528,12.849,1,0.344256,0.593169,0,53.7886,5.06646,48.971,0.84672,12.849,0.84672,3695.15,0,0,0,1.18954,1.24557,7.0124,1.10343,8.34407,0.42336,0,0.42336,460.49,0,1.02816,0,0,2.2177,1.18954,1.028160,1,0,58.1523,0,0,0,58.1523,0
72.29,1.93738,0,0,2.56787,0.143928,0.486558,3.6288,61.308,0.0312713,0,0,1.09633,0.239659,0.825399,0.66528,12.849,1,0.344355,0.486558,0,49.9248,5.06646,45.0005,0.84672,12.849,0.84672,3695.15,0,0,0,1.19734,1.24584,6.72987,1.10343,8.06962,0.42336,0,0.42336,460.49,0,1.02816,0,0,2.2255,1.19734,1.028160,1,0,53.8955,0,0,0,53.8955,0
72.2773,1.93794,0,0,2.43699,0.148846,0.36288,3.6288,61.308,0.0314628,0,0,1.07899,0.238342,0.809184,0.66528,12.849,1,0.344454,0.36288,0,47.8239,4.98184,42.8604,0.84672,12.849,0.84672,3695.15,0,0,0,1.37903,1.24611,6.29951,1.1067,7.81796,0.42336,0,0.42336,460.49,0,1.02816,0,0,2.40719,1.37903,1.028160,1,0,51.4876,0,0,0,51.4876,0
72.0709,1.93844,0,0,2.26214,0.167223,0.36288,3.6288,61.308,0.0316543,0,0,1.03704,0.234592,0.770795,0.66528,12.849,1,0.344604,0.36288,0,44.2657,4.50621,39.7777,0.84672,12.849,0.84672,3695.15,0,0,0,1.29857,1.24638,5.85954,1.13581,7.2687,0.42336,0,0.42336,460.49,0,1.02816,0,0,2.32673,1.29857,1.028160,1,0,47.8172,0,0,0,47.8172,0
71.6626,1.9185,0,0,1.99727,0.124194,0.36288,3.6288,61.308,0.0532036,0,0,1.08025,0.297591,0.729456,0.66528,12.849,1,0.342036,0.36288,0,40.89,5.40363,35.5072,0.84672,12.849,0.84672,3695.15,0,0,0,1.05486,1.24666,4.36855,1.27928,5.39078,0.42336,0,0.42336,460.49,0,1.02816,0,0,2.08302,1.05486,1.028160,1,0,41.6275,0,0,0,41.6275,0
71.167,1.9174,0,0,1.89581,0.111173,0.36288,3.6288,61.308,0.0534006,0,0,1.04376,0.315275,0.675089,0.66528,12.849,1,0.343787,0.36288,0,38.1973,5.42262,32.7937,0.84672,12.849,0.84672,3695.15,0,0,0,0.983647,1.25909,4.40141,1.33786,5.30628,0.42336,0,0.42336,460.49,0,1.02816,0,0,2.01181,0.983647,1.028160,1,0,38.7751,0,0,0,38.7751,0
70.5568,1.91592,0,0,1.77935,0.110753,0.36288,3.6288,61.308,0.0535976,0,0,0.918553,0.315275,0.549681,0.66528,12.849,1,0.345914,0.36288,0,34.9011,5.42262,29.4955,0.84672,12.849,0.84672,3695.15,0,0,0,0.90923,1.25936,4.17703,1.33786,5.00777,0.42336,0,0.42336,460.49,0,1.02816,0,0,1.93739,0.90923,1.028160,1,0,35.0529,0,0,0,35.0529,0
69.8362,1.91394,0,0,1.66649,0.110236,0.36288,3.6288,61.308,0.0537947,0,0,0.856431,0.315275,0.487362,0.66528,12.849,1,0.348545,0.36288,0,33.3986,5.42262,27.9903,0.84672,12.849,0.84672,3695.15,0,0,0,0.802354,1.25963,3.95361,1.33786,4.67774,0.42336,0,0.42336,460.49,0,1.02816,0,0,1.83051,0.802354,1.028160,1,0,33.1554,0,0,0,33.1554,0
69.0205,1.96202,0,0,1.60505,0.0958638,0.36288,3.6288,61.308,0.0730455,0,0,0.90993,0.321176,0.515709,0.66528,12.849,1,0.360987,0.36288,0,28.9807,5.68854,23.2941,0.84672,12.849,0.84672,3695.15,0,0,0,0.571026,1.25991,3.43009,1.41105,3.84997,0.42336,0,0.42336,460.49,0,1.02816,0,0,1.59919,0.571026,1.028160,1,0,27.6598,0,0,0,27.6598,0
68.2516,1.95898,0,0,1.63792,0.0850032,0.36288,3.6288,61.308,0.0732475,0,0,0.939868,0.325601,0.541019,0.66528,12.849,1,0.364688,0.36288,0,37.8689,5.88798,31.9792,0.84672,12.849,0.84672,3695.15,0,0,0,0.766886,1.28612,3.57197,1.46594,4.15904,0.42336,0,0.42336,460.49,0,1.02816,0,0,1.79505,0.766886,1.028160,1,0,36.6792,0,0,0,36.6792,0
67.3757,1.95608,0,0,1.52759,0.0844946,0.36288,3.6288,61.308,0.0734497,0,0,0.832455,0.325601,0.433405,0.66528,12.849,1,0.368251,0.36288,0,29.9579,5.88798,24.0646,0.84672,12.849,0.84672,3695.15,0,0,0,0.743783,1.2864,3.26037,1.46594,3.82462,0.42336,0,0.42336,460.49,0,1.02816,0,0,1.77194,0.743783,1.028160,1,0,28.3226,0,0,0,28.3226,0
66.3658,1.95262,0,0,1.38949,0.0839153,0.36288,3.6288,61.308,0.0736518,0,0,0.781937,0.325601,0.382684,0.66528,12.849,1,0.372378,0.36288,0,27.5472,5.88798,21.6497,0.84672,12.849,0.84672,3695.15,0,0,0,0.466474,1.28668,2.98394,1.46594,3.27116,0.42336,0,0.42336,460.49,0,1.02816,0,0,1.49463,0.466474,1.028160,1,0,25.3035,0,0,0,25.3035,0
65.3289,2.09548,0,0,1.5008,0.0792828,0.36288,3.6288,61.308,0.142697,0,0,0.940006,0.314992,0.482317,0.66528,12.849,1,0.405703,0.36288,0,27.7016,5.90775,21.751,0.84672,12.849,0.84672,3695.15,0,0,0,0.936429,1.28696,4.17794,1.4629,4.93843,0.42336,0,0.42336,460.49,0,1.02816,0,0,1.96459,0.936429,1.028160,1,0,27.1717,0,0,0,27.1717,0
64.0118,2.09069,0,0,1.24102,0.104548,0.36288,3.6288,61.308,0.142917,0,0,0.901999,0.263938,0.495144,0.66528,12.849,1,0.4112,0.36288,0,24.0812,5.26942,18.7635,0.84672,12.849,0.84672,3695.15,0,0,0,0.701015,1.37333,3.24945,1.26333,4.06046,0.42336,0,0.42336,460.49,0,1.02816,0,0,1.72918,0.701015,1.028160,1,0,23.3191,0,0,0,23.3191,0
62.9002,2.08423,0,0,1.4389,0.103445,0.36288,3.6288,61.308,0.143137,0,0,0.942961,0.263938,0.535887,0.66528,12.849,1,0.418365,0.36288,0,22.9771,5.26942,17.6522,0.84672,12.849,0.84672,3695.15,0,0,0,0.64266,1.37363,4.05435,1.26333,4.8073,0.42336,0,0.42336,460.49,0,1.02816,0,0,1.67082,0.64266,1.028160,1,0,22.9954,0,0,0,22.9954,0
61.4092,2.07868,0,0,1.06008,0.109506,0.36288,3.6288,61.308,0.143356,0,0,0.815892,0.264059,0.408477,0.66528,12.849,1,0.424625,0.36288,0,22.3419,5.30273,16.9774,0.84672,12.849,0.84672,3695.15,0,0,0,0.575597,1.37393,2.76904,1.25681,3.46176,0.42336,0,0.42336,460.49,0,1.02816,0,0,1.60376,0.575597,1.028160,1,0,20.8477,0,0,0,20.8477,0
59.9756,2.07074,0,0,1.11743,0.117381,0.36288,3.6288,61.308,0.143576,0,0,0.851947,0.264222,0.44415,0.66528,12.849,1,0.433273,0.36288,0,20.2172,5.34713,14.7997,0.84672,12.849,0.84672,3695.15,0,0,0,0.492575,1.37423,2.83014,1.24812,3.44883,0.42336,0,0.42336,460.49,0,1.02816,0,0,1.52074,0.492575,1.028160,1,0,18.6926,0,0,0,18.6926,0
59.4988,1.99226,0,0,2.05339,0.175046,0.36288,3.6288,61.308,0.101958,0,0,1.34421,0.177932,1.06432,0.66528,12.849,1,0.426816,0.36288,0,23.765,4.16219,19.5389,0.84672,12.849,0.84672,3695.15,0,0,0,1.33404,1.37454,5.58484,0.749248,7.54417,0.42336,0,0.42336,460.49,0,1.02816,0,0,2.3622,1.33404,1.028160,1,0,28.1474,0,0,0,28.1474,0
59.8376,1.99001,0,0,2.87571,0.184053,0.36288,3.6288,61.308,0.102167,0,0,1.69975,0.16355,1.43403,0.66528,12.849,1,0.429751,0.36288,0,61.8717,3.9647,57.8402,0.84672,12.849,0.84672,3695.15,0,0,0,1.7399,1.32646,7.23358,0.666104,9.63384,0.42336,0,0.42336,460.49,0,1.02816,0,0,2.76806,1.7399,1.028160,1,0,68.908,0,0,0,68.908,0
59.5036,1.99258,0,0,2.20609,0.184652,0.36288,3.6288,61.308,0.102377,0,0,1.42812,0.16355,1.1622,0.66528,12.849,1,0.42787,0.36288,0,34.1695,3.9647,30.1398,0.84672,12.849,0.84672,3695.15,0,0,0,1.66221,1.32675,5.69424,0.666104,8.0171,0.42336,0,0.42336,460.49,0,1.02816,0,0,2.69037,1.66221,1.028160,1,0,39.3191,0,0,0,39.3191,0
58.9759,1.99117,0,0,2.01045,0.184061,0.36288,3.6288,61.308,0.102586,0,0,1.42403,0.16355,1.15789,0.66528,12.849,1,0.429968,0.36288,0,24.5621,3.9647,20.5303,0.84672,12.849,0.84672,3695.15,0,0,0,1.6652,1.32705,5.30402,0.666104,7.63016,0.42336,0,0.42336,460.49,0,1.02816,0,0,2.69336,1.6652,1.028160,1,0,29.3183,0,0,0,29.3183,0
59.1342,1.9308,0,0,2.65794,0.205954,0.36288,3.6288,61.308,0.0646737,0,0,2.31912,0.173721,2.08073,0.66528,12.849,1,0.42066,0.36288,0,61.0553,3.51862,57.4789,0.84672,12.849,0.84672,3695.15,0,0,0,1.88368,1.32734,6.94191,0.712324,9.4406,0.42336,0,0.42336,460.49,0,1.02816,0,0,2.91184,1.88368,1.028160,1,0,69.0003,0,0,0,69.0003,0
60.1782,1.93227,0,0,3.54123,0.202113,0.36288,3.6288,61.308,0.0648736,0,0,2.98174,0.209799,2.70707,0.66528,12.849,1,0.419855,0.36288,0,92.0687,3.4335,88.5782,0.84672,12.849,0.84672,3695.15,0,0,0,3.99339,1.28499,14.1541,0.889144,18.5434,0.42336,0,0.42336,460.49,0,1.02816,0,0,5.02155,3.99339,1.028160,1,0,109.829,0,0,0,109.829,0
63.2219,1.93883,0,0,5.55312,0.207635,0.36288,3.6288,61.308,0.0650735,0,0,2.24876,0.209185,1.9745,0.66528,12.849,1,0.413971,0.36288,0,104.39,3.52096,100.818,0.84672,12.849,0.84672,3695.15,0,0,0,3.4401,1.28527,11.4141,0.910294,15.2292,0.42336,0,0.42336,460.49,0,1.02816,0,0,4.46826,3.4401,1.028160,1,0,118.022,0,0,0,118.022,0
64.2925,1.95595,0,0,3.62382,0.234412,0.36288,3.6288,61.308,0.0652735,0,0,2.40057,0.205499,2.1298,0.66528,12.849,1,0.39752,0.36288,0,96.2928,4.04576,92.2124,0.84672,12.849,0.84672,3695.15,0,0,0,3.1307,1.28555,11.1025,1.03719,14.4815,0.42336,0,0.42336,460.49,0,1.02816,0,0,4.15886,3.1307,1.028160,1,0,108.824,0,0,0,108.824,0
66.1956,1.79528,0,0,4.29646,0.235238,0.36288,3.6288,61.308,0,0,0,2.87023,0.207416,2.66282,0.66528,12.849,1,0.358791,0.36288,0,120.478,4.09205,116.39,0.84672,12.849,0.84672,3695.15,0,0,0,3.54157,1.28583,11.5235,1.04949,15.3014,0.42336,0,0.42336,460.49,0,1.01416,0,0,4.55573,3.54157,1.028160,1,0,134.354,0,0,0,134.354,0
67.0722,1.80444,0,0,3.27536,0.231434,0.36288,3.6288,61.308,0,0,0,3.06861,0.218921,2.84969,0.66528,12.849,1,0.350254,0.36288,0,55.9953,4.36979,51.6382,0.84672,12.849,0.84672,3695.15,0,0,0,1.3307,1.18721,7.46639,1.1233,8.861,0.42336,0,0.42336,460.49,0,1.01434,0,0,2.34503,1.3307,1.028160,1,0,63.3488,0,0,0,63.3488,0
68.0062,1.8088,0,0,3.33877,0.233048,0.36288,3.6288,61.308,0,0,0,2.98157,0.218921,2.76265,0.66528,12.849,1,0.346512,0.36288,0,91.5175,4.36979,87.1641,0.84672,12.849,0.84672,3695.15,0,0,0,1.30228,1.18747,8.34503,1.1233,9.71148,0.42336,0,0.42336,460.49,0,1.01452,0,0,2.3168,1.30228,1.028160,1,0,99.6382,0,0,0,99.6382,0
72.29,1.81333,0,0,9.02004,0.229612,2.69333,3.6288,61.308,0,0,0,6.64048,0.239972,6.40051,0.66528,12.849,1,0.342608,2.69333,0,179.608,4.44745,177.512,0.84672,12.849,0.84672,3695.15,0,0,0,5.59482,1.18772,24.6371,1.18323,30.2364,0.42336,0,0.42336,460.49,0,1.0147,0,0,6.60951,5.59482,1.028160,1,0,214.149,0,0,0,214.149,0
72.29,1.8311,0,0,10.0485,0.241157,7.97624,3.6288,61.308,0,0,0,6.66446,0.214975,6.44948,0.66528,12.849,1,0.325464,7.97624,0,189.365,3.9653,193.051,0.84672,12.849,0.84672,3695.15,0,0,0,7.10024,1.18798,18.6159,1.15587,25.7483,0.42336,0,0.42336,460.49,0,1.01488,0,0,8.11512,7.10024,1.028160,1,0,225.249,0,0,0,225.249,0
72.29,1.89704,0,0,10.6403,0.295051,8.44824,3.6288,61.308,0.00993709,0,0,4.12698,0.189642,3.9274,0.66528,12.849,1,0.337184,8.44824,0,226.157,3.78217,230.486,0.84672,12.849,0.84672,3695.15,0,0,0,5.338,1.18823,21.0845,1.07455,26.5361,0.42336,0,0.42336,460.49,0,1.02816,0,0,6.36616,5.338,1.028160,1,0,260.95,0,0,0,260.95,0
72.29,1.89757,0,0,9.12099,0.31588,6.90754,3.6288,61.308,0.010117,0,0,3.25192,0.183046,3.05876,0.66528,12.849,1,0.337278,6.90754,0,212.139,3.74797,214.961,0.84672,12.849,0.84672,3695.15,0,0,0,3.91921,1.22073,15.919,1.04918,20.0098,0.42336,0,0.42336,460.49,0,1.02816,0,0,4.94737,3.91921,1.028160,1,0,238.03,0,0,0,238.03,0
72.29,1.89809,0,0,6.48649,0.31588,4.27252,3.6288,61.308,0.010297,0,0,2.01286,0.183046,1.81952,0.66528,12.849,1,0.337372,4.27252,0,140.892,3.74797,141.079,0.84672,12.849,0.84672,3695.15,0,0,0,1.62656,1.22098,8.20333,1.04918,10.0017,0.42336,0,0.42336,460.49,0,1.02816,0,0,2.65472,1.62656,1.028160,1,0,152.9,0,0,0,152.9,0
72.29,1.89862,0,0,6.06326,0.333347,3.83129,3.6288,61.308,0.0104769,0,0,1.85109,0.159858,1.68076,0.66528,12.849,1,0.337465,3.83129,0,131.731,3.36161,131.863,0.84672,12.849,0.84672,3695.15,0,0,0,1.22535,1.22124,7.66276,0.958862,9.15048,0.42336,0,0.42336,460.49,0,1.02816,0,0,2.25351,1.22535,1.028160,1,0,142.694,0,0,0,142.694,0
72.29,2.10943,0,0,6.69749,0.350876,4.23719,3.6288,61.308,0.0972439,0,0,2.67316,0.153131,2.42278,0.66528,12.849,1,0.374935,4.23719,0,136.127,3.27223,136.717,0.84672,12.849,0.84672,3695.15,0,0,0,2.70331,1.22149,12.2648,0.922578,15.267,0.42336,0,0.42336,460.49,0,1.02816,0,0,3.73147,2.70331,1.028160,1,0,154.407,0,0,0,154.407,0
72.29,2.11001,0,0,6.72113,0.336478,4.27464,3.6288,61.308,0.0974452,0,0,2.59443,0.213607,2.28338,0.66528,12.849,1,0.375038,4.27464,0,135.578,4.33671,135.141,0.84672,12.849,0.84672,3695.15,0,0,0,3.30066,1.33506,13.7598,1.13291,17.2626,0.42336,0,0.42336,460.49,0,1.02816,0,0,4.32882,3.30066,1.028160,1,0,154.687,0,0,0,154.687,0
72.29,2.11059,0,0,7.48718,0.336478,5.04012,3.6288,61.308,0.0976465,0,0,2.36689,0.213607,2.05564,0.66528,12.849,1,0.375141,5.04012,0,115.186,4.33671,115.514,0.84672,12.849,0.84672,3695.15,0,0,0,2.80639,1.33534,10.714,1.13291,13.7229,0.42336,0,0.42336,460.49,0,1.02816,0,0,3.83455,2.80639,1.028160,1,0,131.293,0,0,0,131.293,0
72.29,2.11117,0,0,5.6279,0.350418,3.16631,3.6288,61.308,0.0978479,0,0,2.13704,0.180714,1.85848,0.66528,12.849,1,0.375244,3.16631,0,126.023,3.89968,124.914,0.84672,12.849,0.84672,3695.15,0,0,0,2.42896,1.33562,9.6781,1.03988,12.4028,0.42336,0,0.42336,460.49,0,1.02816,0,0,3.45712,2.42896,1.028160,1,0,139.176,0,0,0,139.176,0
72.29,1.81152,0,0,7.74863,0.348384,5.58872,3.6288,61.308,0,0,0,2.31833,0.183692,2.13464,0.66528,12.849,1,0.321984,5.58872,0,154.63,3.8714,156.025,0.84672,12.849,0.84672,3695.15,0,0,0,2.82115,1.33591,11.0068,1.03031,14.1335,0.42336,0,0.42336,460.49,0,1.00989,0,0,3.83105,2.82115,1.028160,1,0,172.294,0,0,0,172.294,0
72.29,1.81203,0,0,9.53522,0.32936,7.39383,3.6288,61.308,0,0,0,3.52038,0.22403,3.29635,0.66528,12.849,1,0.322074,7.39383,0,113.136,4.2377,115.971,0.84672,12.849,0.84672,3695.15,0,0,0,4.05989,1.18006,18.2573,1.09944,22.3978,0.42336,0,0.42336,460.49,0,1.01007,0,0,5.06996,4.05989,1.028160,1,0,141.665,0,0,0,141.665,0
72.29,1.81253,0,0,11.1472,0.32936,9.00535,3.6288,61.308,0,0,0,4.28986,0.22403,4.06582,0.66528,12.849,1,0.322164,9.00535,0,217.226,4.2377,221.672,0.84672,12.849,0.84672,3695.15,0,0,0,6.44424,1.18031,20.778,1.09944,27.3031,0.42336,0,0.42336,460.49,0,1.01024,0,0,7.45448,6.44424,1.028160,1,0,253.04,0,0,0,253.04,0
72.29,1.81304,0,0,9.77953,0.32936,7.63713,3.6288,61.308,0,0,0,3.29303,0.22403,3.069,0.66528,12.849,1,0.322254,7.63713,0,218.981,4.2377,222.058,0.84672,12.849,0.84672,3695.15,0,0,0,5.25506,1.18055,17.2313,1.09944,22.5674,0.42336,0,0.42336,460.49,0,1.01041,0,0,6.26548,5.25506,1.028160,1,0,247.694,0,0,0,247.694,0
72.29,1.81354,0,0,7.30089,0.307941,5.1794,3.6288,61.308,0,0,0,2.22725,0.239748,1.9875,0.66528,12.849,1,0.322344,5.1794,0,160.793,4.39568,161.254,0.84672,12.849,0.84672,3695.15,0,0,0,2.82482,1.1808,12.6148,1.15886,15.4616,0.42336,0,0.42336,460.49,0,1.01059,0,0,3.83541,2.82482,1.028160,1,0,178.703,0,0,0,178.703,0
72.29,1.88971,0,0,8.14113,0.317573,5.93384,3.6288,61.308,0.0110899,0,0,3.46627,0.212369,3.24281,0.66528,12.849,1,0.335882,5.93384,0,142.405,4.73672,143.267,0.84672,12.849,0.84672,3695.15,0,0,0,3.23215,1.18105,12.1472,1.03346,15.527,0.42336,0,0.42336,460.49,0,1.02816,0,0,4.26031,3.23215,1.028160,1,0,162.036,0,0,0,162.036,0
72.29,1.89024,0,0,7.26719,0.328103,5.04885,3.6288,61.308,0.01127,0,0,3.29445,0.201257,3.08192,0.66528,12.849,1,0.335976,5.04885,0,110.038,4.72773,110.023,0.84672,12.849,0.84672,3695.15,0,0,0,3.28605,1.22,11.5703,0.987799,15.0886,0.42336,0,0.42336,460.49,0,1.02816,0,0,4.31421,3.28605,1.028160,1,0,128.194,0,0,0,128.194,0
72.29,1.89076,0,0,6.4184,0.328103,4.19953,3.6288,61.308,0.0114503,0,0,2.99599,0.201257,2.78328,0.66528,12.849,1,0.336069,4.19953,0,93.5686,4.72773,92.7043,0.84672,12.849,0.84672,3695.15,0,0,0,2.98224,1.22026,10.4953,0.987799,13.71,0.42336,0,0.42336,460.49,0,1.02816,0,0,4.0104,2.98224,1.028160,1,0,109.198,0,0,0,109.198,0
72.29,1.89129,0,0,7.20334,0.290609,5.02144,3.6288,61.308,0.0116305,0,0,3.04708,0.179937,2.85551,0.66528,12.849,1,0.336162,5.02144,0,95.5204,3.90162,96.304,0.84672,12.849,0.84672,3695.15,0,0,0,2.87767,1.22051,11.1942,0.975782,14.3166,0.42336,0,0.42336,460.49,0,1.02816,0,0,3.90583,2.87767,1.028160,1,0,113.476,0,0,0,113.476,0
72.29,1.8622,0,0,6.55922,0.261106,4.43591,3.6288,61.308,0.000734908,0,0,2.3629,0.175597,2.18657,0.66528,12.849,1,0.330992,4.43591,0,117.748,4.24705,117.606,0.84672,12.849,0.84672,3695.15,0,0,0,3.25222,1.22077,11.8175,1.08671,15.2038,0.42336,0,0.42336,460.49,0,1.02816,0,0,4.28038,3.25222,1.028160,1,0,134.996,0,0,0,134.996,0
72.29,1.86272,0,0,5.27649,0.243665,3.17011,3.6288,61.308,0.00091253,0,0,1.38895,0.175007,1.21303,0.66528,12.849,1,0.331084,3.17011,0,85.0124,4.60939,83.242,0.84672,12.849,0.84672,3695.15,0,0,0,1.8672,1.20593,6.53854,1.17141,8.44026,0.42336,0,0.42336,460.49,0,1.02816,0,0,2.89536,1.8672,1.028160,1,0,92.8953,0,0,0,92.8953,0
72.29,1.86324,0,0,4.50345,0.243665,2.39655,3.6288,61.308,0.00109021,0,0,1.31213,0.175007,1.13603,0.66528,12.849,1,0.331176,2.39655,0,74.5485,4.60939,72.0045,0.84672,12.849,0.84672,3695.15,0,0,0,1.56298,1.20618,5.56147,1.17141,7.15921,0.42336,0,0.42336,460.49,0,1.02816,0,0,2.59114,1.56298,1.028160,1,0,80.2997,0,0,0,80.2997,0
72.29,1.86376,0,0,4.00636,0.243665,1.89894,3.6288,61.308,0.00126795,0,0,1.17406,0.175007,0.997789,0.66528,12.849,1,0.331269,1.89894,0,63.9213,4.60939,60.8796,0.84672,12.849,0.84672,3695.15,0,0,0,1.23884,1.20643,4.75528,1.17141,6.02914,0.42336,0,0.42336,460.49,0,1.02816,0,0,2.267,1.23884,1.028160,1,0,67.9065,0,0,0,67.9065,0
72.29,1.96489,0,0,3.69142,0.220559,1.50597,3.6288,61.308,0.0407623,0,0,1.06037,0.170682,0.848926,0.66528,12.849,1,0.349244,1.50597,0,57.9998,4.4421,54.7144,0.84672,12.849,0.84672,3695.15,0,0,0,1.01788,1.20668,4.48861,1.11136,5.60181,0.42336,0,0.42336,460.49,0,1.02816,0,0,2.04604,1.01788,1.028160,1,0,61.1652,0,0,0,61.1652,0
72.29,1.96543,0,0,3.57483,0.142417,1.46698,3.6288,61.308,0.0409497,0,0,1.00175,0.224373,0.736425,0.66528,12.849,1,0.349341,1.46698,0,52.5607,5.08977,48.5885,0.84672,12.849,0.84672,3695.15,0,0,0,0.642626,1.25952,4.46271,1.16989,5.19496,0.42336,0,0.42336,460.49,0,1.02816,0,0,1.67079,0.642626,1.028160,1,0,54.5199,0,0,0,54.5199,0
72.29,1.96598,0,0,3.52598,0.142417,1.41758,3.6288,61.308,0.0411371,0,0,1.00469,0.224373,0.739184,0.66528,12.849,1,0.349437,1.41758,0,49.7364,5.08977,45.7148,0.84672,12.849,0.84672,3695.15,0,0,0,0.713491,1.25978,4.2487,1.16989,5.05208,0.42336,0,0.42336,460.49,0,1.02816,0,0,1.74165,0.713491,1.028160,1,0,51.5061,0,0,0,51.5061,0
72.29,1.96652,0,0,3.16284,0.157169,1.03915,3.6288,61.308,0.0413247,0,0,0.958029,0.220423,0.696282,0.66528,12.849,1,0.349534,1.03915,0,46.9708,4.83593,42.8244,0.84672,12.849,0.84672,3695.15,0,0,0,0.723237,1.26005,3.91314,1.17969,4.71674,0.42336,0,0.42336,460.49,0,1.02816,0,0,1.7514,0.723237,1.028160,1,0,48.2375,0,0,0,48.2375,0
72.29,1.96706,0,0,3.01908,0.143508,0.908512,3.6288,61.308,0.0415122,0,0,0.947851,0.227608,0.678731,0.66528,12.849,1,0.349631,0.908512,0,43.6217,4.59363,39.587,0.84672,12.849,0.84672,3695.15,0,0,0,0.753529,1.26031,3.74648,1.22131,4.53901,0.42336,0,0.42336,460.49,0,1.02816,0,0,1.78169,0.753529,1.028160,1,0,44.8047,0,0,0,44.8047,0
71.6294,1.94769,0,0,1.76816,0.118208,0.36288,3.6288,61.308,0.0633353,0,0,0.703037,0.277904,0.361798,0.66528,12.849,1,0.346186,0.36288,0,34.7172,5.04621,29.6876,0.84672,12.849,0.84672,3695.15,0,0,0,0.316354,1.26058,3.36795,1.25543,3.68945,0.42336,0,0.42336,460.49,0,1.02816,0,0,1.34451,0.316354,1.028160,1,0,33.7389,0,0,0,33.7389,0
70.7308,1.94552,0,0,1.53062,0.120789,0.36288,3.6288,61.308,0.0635282,0,0,0.671777,0.283519,0.32473,0.66528,12.849,1,0.34899,0.36288,0,31.6718,5.10027,26.5854,0.84672,12.849,0.84672,3695.15,0,0,0,0.340036,1.27316,3.48932,1.25477,3.84775,0.42336,0,0.42336,460.49,0,1.02816,0,0,1.3682,0.340036,1.028160,1,0,30.7579,0,0,0,30.7579,0
69.8002,1.9423,0,0,1.49451,0.119961,0.36288,3.6288,61.308,0.0637212,0,0,0.6318,0.283519,0.28456,0.66528,12.849,1,0.35284,0.36288,0,29.8026,5.10027,24.7124,0.84672,12.849,0.84672,3695.15,0,0,0,0.33518,1.27343,3.60449,1.25477,3.95832,0.42336,0,0.42336,460.49,0,1.02816,0,0,1.36334,0.33518,1.028160,1,0,28.9553,0,0,0,28.9553,0
68.7945,1.93887,0,0,1.39172,0.0956356,0.36288,3.6288,61.308,0.0658408,0,0,0.619164,0.322381,0.230942,0.66528,12.849,1,0.356911,0.36288,0,28.3066,5.64319,22.6694,0.84672,12.849,0.84672,3695.15,0,0,0,0.261274,1.2737,3.45335,1.43852,3.5498,0.42336,0,0.42336,460.49,0,1.02623,0,0,1.28751,0.261274,1.028160,1,0,26.4501,0,0,0,26.4501,0
67.4924,1.98611,0,0,1.13283,0.0860063,0.36288,3.6288,61.2425,0.271976,0,0,0.525949,0.319436,0,0.66528,12.849,1,0.370953,0.36288,0,24.0758,6.02722,18.0405,0.84672,12.849,0.84672,3695.15,0,0,0,0.261274,1.27397,3.00113,1.52935,3.00702,0.42336,0,0.42336,460.49,0,0.839592,0,0,1.10087,0.261274,1.028160,1,0,21.0475,0,0,0,21.0475,0
66.2148,1.98064,0,0,1.151,0.0850052,0.36288,3.6288,61.2187,0.305049,0,0,0.585204,0.304035,0,0.66528,12.849,1,0.377069,0.36288,0,27.7728,5.77511,21.9836,0.84672,12.849,0.84672,3695.15,0,0,0,0.261274,1.30051,2.761,1.37641,2.94637,0.42336,0,0.42336,460.49,0,0.806717,0,0,1.06799,0.261274,1.028160,1,0,24.9299,0,0,0,24.9299,0
64.8523,1.9751,0,0,1.05957,0.0841501,0.36288,3.6288,61.2042,0.206613,0,0,0.496114,0.303989,0,0.66528,12.849,1,0.383268,0.36288,0,22.8123,5.77511,17.0168,0.84672,12.849,0.84672,3695.15,0,0,0,0.227405,1.30079,2.66963,1.37641,2.82141,0.42336,0,0.42336,460.49,0,0.905351,0,0,1.13276,0.227405,1.028160,1,0,19.8382,0,0,0,19.8382,0
63.4074,1.96892,0,0,0.970186,0.0832381,0.36288,3.6288,60.9885,0.371247,0,0,0.459506,0.303961,0,0.66528,12.849,1,0.390096,0.36288,0,21.6829,5.77511,15.8806,0.84672,12.849,0.84672,3695.15,0,0,0,0.227405,1.30106,2.34657,1.37641,2.49862,0.42336,0,0.42336,460.49,0,0.740915,0,0,0.968319,0.227405,1.028160,1,0,18.3792,0,0,0,18.3792,0
61.8866,2.1099,0,0,1.02508,0.073131,0.36288,3.6288,60.9597,0.247522,0,0,0.527504,0.308716,0,0.66528,12.849,1,0.427554,0.36288,0,21.2659,5.92465,15.2766,0.84672,12.849,0.84672,3695.15,0,0,0,0.227405,1.30134,3.10421,1.40629,3.22665,0.42336,0,0.42336,460.49,0,0.934572,0,0,1.16198,0.227405,1.028160,1,0,18.5032,0,0,0,18.5032,0
60.3667,2.10177,0,0,1.01501,0.0702554,0.36288,3.6288,60.5727,0.595057,0,0,0.548852,0.340827,0,0.66528,12.849,1,0.436374,0.36288,0,25.8149,5.83811,19.9033,0.84672,12.849,0.84672,3695.15,0,0,0,0.227405,1.3888,2.85148,1.42472,3.04297,0.42336,0,0.42336,460.49,0,0.587252,0,0,0.814657,0.227405,1.028160,1,0,22.9463,0,0,0,22.9463,0
58.7931,2.09329,0,0,0.954936,0.0723967,0.36288,3.6288,60.6332,0.154589,0,0,0.542547,0.327462,0,0.66528,12.849,1,0.445554,0.36288,0,24.3374,5.95224,18.3025,0.84672,12.849,0.84672,3695.15,0,0,0,0.204422,1.3891,3.11765,1.46613,3.24504,0.42336,0,0.42336,460.49,0,1.02794,0,0,1.23236,0.204422,1.028160,1,0,21.5475,0,0,0,21.5475,0
57.1751,2.08407,0,0,0.900314,0.0713158,0.36288,3.6288,60.6709,0.154579,0,0,0.519913,0.327588,0,0.66528,12.849,1,0.455466,0.36288,0,24.6862,5.95224,18.6414,0.84672,12.849,0.84672,3695.15,0,0,0,0.276955,1.3894,2.91147,1.46613,3.1117,0.42336,0,0.42336,460.49,0,1.02816,0,0,1.30512,0.276955,1.028160,1,0,21.7531,0,0,0,21.7531,0
55.5492,2.07411,0,0,0.881254,0.0701994,0.36288,3.6288,60.7092,0.154794,0,0,0.520698,0.327667,0,0.66528,12.849,1,0.466117,0.36288,0,23.4089,5.95224,17.3534,0.84672,12.849,0.84672,3695.15,0,0,0,0.265317,1.38969,2.92104,1.46613,3.10992,0.42336,0,0.42336,460.49,0,1.02816,0,0,1.29348,0.265317,1.028160,1,0,20.4633,0,0,0,20.4633,0
54.3165,1.99314,0,0,1.16679,0.0434632,0.36288,3.6288,60.6803,0.112632,0,0,0.436624,0.352842,0,0.66528,12.849,1,0.461031,0.36288,0,19.3412,6.13326,13.1097,0.84672,12.849,0.84672,3695.15,0,0,0,0.309148,1.38999,2.97544,1.51068,3.1639,0.42336,0,0.42336,460.49,0,1.02816,0,0,1.33731,0.309148,1.028160,1,0,16.2737,0,0,0,16.2737,0
53.1212,1.98523,0,0,1.28184,0.129059,0.36288,3.6288,60.7749,0.112837,0,0,0.500826,0.293371,0,0.66528,12.849,1,0.469621,0.36288,0,16.8162,4.47353,12.2359,0.84672,12.849,0.84672,3695.15,0,0,0,0.577377,1.34129,3.42269,1.10297,4.23838,0.42336,0,0.42336,460.49,0,1.02816,0,0,1.60554,0.577377,1.028160,1,0,16.4743,0,0,0,16.4743,0
52.0315,1.97726,0,0,1.38845,0.137942,0.36288,3.6288,60.9621,0.113042,0,0,0.597769,0.297558,0,0.66528,12.849,1,0.478261,0.36288,0,18.4522,4.53863,13.7982,0.84672,12.849,0.84672,3695.15,0,0,0,0.644345,1.34157,3.92328,1.14025,4.76894,0.42336,0,0.42336,460.49,0,1.02816,0,0,1.67251,0.644345,1.028160,1,0,18.5671,0,0,0,18.5671,0
50.9759,1.96977,0,0,1.41344,0.136403,0.36288,3.6288,61.1621,0.113247,0,0,0.611176,0.297911,0,0.66528,12.849,1,0.486427,0.36288,0,26.2337,4.53863,21.5715,0.84672,12.849,0.84672,3695.15,0,0,0,0.75803,1.34186,4.2258,1.14025,5.18544,0.42336,0,0.42336,460.49,0,1.02816,0,0,1.78619,0.75803,1.028160,1,0,26.757,0,0,0,26.757,0
50.2382,1.90533,0,0,1.66551,0.135064,0.36288,3.6288,61.308,0.0748401,0,0,0.802907,0.285001,0.2972,0.66528,12.849,1,0.480258,0.36288,0,51.2257,4.47355,46.6348,0.84672,12.849,0.84672,3695.15,0,0,0,0.907641,1.34214,5.59107,1.08742,6.75343,0.42336,0,0.42336,460.49,0,1.02816,0,0,1.9358,0.907641,1.028160,1,0,53.6854,0,0,0,53.6854,0
49.5761,1.90024,0,0,1.79074,0.189692,0.36288,3.6288,60.9919,0.446331,0,0,0.375075,0.244865,0,0.66528,12.849,1,0.486009,0.36288,0,28.7272,4.37902,24.2251,0.84672,12.849,0.84672,3695.15,0,0,0,0.216518,1.29924,3.7038,1.04217,4.17739,0.42336,0,0.42336,460.49,0,0.656865,0,0,0.873383,0.216518,1.028160,1,0,28.4025,0,0,0,28.4025,0
48.651,1.89561,0,0,1.52175,0.188367,0.36288,3.6288,60.843,0.325394,0,0,0.420936,0.244376,0,0.66528,12.849,1,0.491298,0.36288,0,23.4832,4.37902,18.9757,0.84672,12.849,0.84672,3695.15,0,0,0,0.292723,1.29951,4.1167,1.04217,4.66677,0.42336,0,0.42336,460.49,0,0.777997,0,0,1.07072,0.292723,1.028160,1,0,23.6425,0,0,0,23.6425,0
50.9,1.88874,0,0,4.68711,0.1865,0.36288,3.6288,61.308,0.0754273,0,0,1.34708,0.244145,0.562553,0.66528,12.849,1,0.498826,0.36288,0,81.3601,4.37902,76.8451,0.84672,12.849,0.84672,3695.15,0,0,0,2.39613,1.29979,9.78903,1.04217,12.4428,0.42336,0,0.42336,460.49,0,1.02816,0,0,3.42429,2.39613,1.028160,1,0,89.8505,0,0,0,89.8505,0
52.4211,1.74507,0,0,3.84836,0.219261,0.36288,3.6288,61.308,0,0,0,1.1488,0.221371,0.927429,0.66528,12.849,1,0.440518,0.36288,0,65.9949,4.05255,61.8647,0.84672,12.849,0.84672,3695.15,0,0,0,0.471606,1.30006,7.4021,0.949686,8.22408,0.42336,0,0.42336,460.49,0,1.02329,0,0,1.49489,0.471606,1.028160,1,0,71.0162,0,0,0,71.0162,0
53.1468,1.75582,0,0,3.08863,0.244259,0.36288,3.6288,61.308,0,0,0,1.8893,0.229365,1.65994,0.66528,12.849,1,0.430372,0.36288,0,76.7189,4.42722,72.2242,0.84672,12.849,0.84672,3695.15,0,0,0,1.27548,1.20017,6.99841,1.19486,8.27919,0.42336,0,0.42336,460.49,0,1.02346,0,0,2.29894,1.27548,1.028160,1,0,82.1633,0,0,0,82.1633,0
54.0347,1.76104,0,0,3.25794,0.246087,0.36288,3.6288,61.308,0,0,0,1.68601,0.229365,1.45664,0.66528,12.849,1,0.425758,0.36288,0,64.7231,4.42722,60.233,0.84672,12.849,0.84672,3695.15,0,0,0,0.930124,1.20042,8.67232,1.19486,9.608,0.42336,0,0.42336,460.49,0,1.02364,0,0,1.95376,0.930124,1.028160,1,0,71.2977,0,0,0,71.2977,0
55.2334,1.76719,0,0,3.56525,0.236484,0.36288,3.6288,61.308,0,0,0,1.97922,0.237939,1.74128,0.66528,12.849,1,0.420223,0.36288,0,88.5401,3.96451,84.5183,0.84672,12.849,0.84672,3695.15,0,0,0,1.67993,1.20067,8.36395,1.12307,10.1215,0.42336,0,0.42336,460.49,0,1.02382,0,0,2.70374,1.67993,1.028160,1,0,96.381,0,0,0,96.381,0
60.8763,1.77508,0,0,8.02152,0.240654,0.36288,3.6288,61.308,0,0,0,3.32654,0.242508,3.08403,0.66528,12.849,1,0.412939,0.36288,0,127.774,4.33933,123.385,0.84672,12.849,0.84672,3695.15,0,0,0,4.47576,1.20092,14.9338,1.1499,19.4606,0.42336,0,0.42336,460.49,0,1.02399,0,0,5.49975,4.47576,1.028160,1,0,145.93,0,0,0,145.93,0
62.1229,1.87162,0,0,3.72399,0.242854,0.36288,3.6288,61.308,0.0193429,0,0,1.77731,0.210409,1.54756,0.66528,12.849,1,0.395037,0.36288,0,103.327,4.03057,99.2641,0.84672,12.849,0.84672,3695.15,0,0,0,2.15189,1.20117,7.19232,1.06343,9.48195,0.42336,0,0.42336,460.49,0,1.02816,0,0,3.18005,2.15189,1.028160,1,0,110.294,0,0,0,110.294,0
61.7088,1.87869,0,0,2.06429,0.236854,0.36288,3.6288,61.308,0.303904,0,0,0.796435,0.186335,0.306196,0.66528,12.849,1,0.388572,0.36288,0,47.7581,3.79901,43.9334,0.84672,12.849,0.84672,3695.15,0,0,0,0.503194,1.23407,4.17514,0.998585,4.91382,0.42336,0,0.42336,460.49,0,0.743774,0,0,1.24697,0.503194,1.028160,1,0,49.1534,0,0,0,49.1534,0
61.095,1.87703,0,0,1.8621,0.236047,0.36288,3.6288,61.308,0.155187,0,0,1.17475,0.186335,0.833233,0.66528,12.849,1,0.390835,0.36288,0,66.0183,3.79901,62.1914,0.84672,12.849,0.84672,3695.15,0,0,0,0.503194,1.23432,6.85989,0.998585,7.59882,0.42336,0,0.42336,460.49,0,0.892668,0,0,1.39586,0.503194,1.028160,1,0,70.6234,0,0,0,70.6234,0
62.0613,1.87429,0,0,3.47036,0.266809,0.36288,3.6288,61.308,0.0198706,0,0,1.81552,0.230032,1.56562,0.66528,12.849,1,0.394185,0.36288,0,96.6868,4.11783,92.5376,0.84672,12.849,0.84672,3695.15,0,0,0,1.3761,1.23457,11.3851,1.10987,12.8859,0.42336,0,0.42336,460.49,0,1.02816,0,0,2.40426,1.3761,1.028160,1,0,106.989,0,0,0,106.989,0
61.7642,2.08767,0,0,2.43481,0.281396,0.36288,3.6288,61.308,0.107738,0,0,1.21107,0.235201,0.868131,0.66528,12.849,1,0.432225,0.36288,0,60.9436,4.12796,56.7463,0.84672,12.849,0.84672,3695.15,0,0,0,1.40079,1.23482,4.93641,1.10555,6.46647,0.42336,0,0.42336,460.49,0,1.02816,0,0,2.42895,1.40079,1.028160,1,0,64.0809,0,0,0,64.0809,0
62.4154,2.0865,0,0,3.37863,0.278095,0.36288,3.6288,61.308,0.107934,0,0,1.49847,0.161338,1.2292,0.66528,12.849,1,0.434061,0.36288,0,84.2648,3.42353,80.7701,0.84672,12.849,0.84672,3695.15,0,0,0,1.31828,1.34982,6.80858,0.812578,8.66411,0.42336,0,0.42336,460.49,0,1.02816,0,0,2.34644,1.31828,1.028160,1,0,90.6634,0,0,0,90.6634,0
62.824,2.09081,0,0,3.14189,0.279588,0.36288,3.6288,61.308,0.108131,0,0,1.31976,0.161338,1.05029,0.66528,12.849,1,0.43042,0.36288,0,103.726,3.42353,100.235,0.84672,12.849,0.84672,3695.15,0,0,0,0.84126,1.3501,7.68001,0.812578,9.05879,0.42336,0,0.42336,460.49,0,1.02816,0,0,1.86942,0.84126,1.028160,1,0,110.344,0,0,0,110.344,0
62.8694,2.09369,0,0,2.78253,0.280525,0.36288,3.6288,61.308,0.500506,0,0,0.987345,0.161338,0.3255,0.66528,12.849,1,0.428209,0.36288,0,64.3175,3.42353,60.8286,0.84672,12.849,0.84672,3695.15,0,0,0,0.608429,1.35038,6.95719,0.812578,8.10341,0.42336,0,0.42336,460.49,0,0.635982,0,0,1.24441,0.608429,1.028160,1,0,69.2575,0,0,0,69.2575,0
65.6787,1.79718,0,0,5.2522,0.282836,0.36288,3.6288,61.308,0,0,0,1.56988,0.167839,1.40204,0.66528,12.849,1,0.3673,0.36288,0,101.992,3.58417,98.4031,0.84672,12.849,0.84672,3695.15,0,0,0,1.49015,1.35065,8.5244,0.867299,10.4979,0.42336,0,0.42336,460.49,0,1.01889,0,0,2.50904,1.49015,1.028160,1,0,110.303,0,0,0,110.303,0
66.785,1.81081,0,0,3.60006,0.320141,0.36288,3.6288,61.308,0,0,0,1.28133,0.168114,1.11322,0.66528,12.849,1,0.354256,0.36288,0,103.558,3.6308,99.936,0.84672,12.849,0.84672,3695.15,0,0,0,1.2564,1.19282,6.65808,0.908652,8.19864,0.42336,0,0.42336,460.49,0,1.01906,0,0,2.27546,1.2564,1.028160,1,0,109.248,0,0,0,109.248,0
67.487,1.81622,0,0,3.2041,0.32297,0.36288,3.6288,61.308,0,0,0,1.30952,0.168114,1.14141,0.66528,12.849,1,0.349428,0.36288,0,69.3956,3.6308,65.7783,0.84672,12.849,0.84672,3695.15,0,0,0,1.12833,1.19306,6.83493,0.908652,8.24767,0.42336,0,0.42336,460.49,0,1.01923,0,0,2.14756,1.12833,1.028160,1,0,75.1673,0,0,0,75.1673,0
67.3198,1.81976,0,0,2.34018,0.324766,0.36288,3.6288,61.308,0,0,0,0.987889,0.168114,0.819775,0.66528,12.849,1,0.346468,0.36288,0,64.6826,3.6308,61.0682,0.84672,12.849,0.84672,3695.15,0,0,0,0.63206,1.1933,5.51896,0.908652,6.43567,0.42336,0,0.42336,460.49,0,1.0194,0,0,1.65146,0.63206,1.028160,1,0,68.3236,0,0,0,68.3236,0
67.8784,1.81952,0,0,3.04353,0.302536,0.36288,3.6288,61.308,0,0,0,1.08412,0.156081,0.92804,0.66528,12.849,1,0.347284,0.36288,0,75.3564,3.45641,71.9155,0.84672,12.849,0.84672,3695.15,0,0,0,0.851986,1.19354,5.95655,0.883601,7.11847,0.42336,0,0.42336,460.49,0,1.01957,0,0,1.87155,0.851986,1.028160,1,0,79.9621,0,0,0,79.9621,0
69.7305,1.8983,0,0,4.40422,0.29091,0.36288,3.6288,61.308,0.0204277,0,0,1.45494,0.181897,1.25262,0.66528,12.849,1,0.359337,0.36288,0,143.091,4.41849,138.676,0.84672,12.849,0.84672,3695.15,0,0,0,2.12799,1.19378,10.6416,1.17115,12.7923,0.42336,0,0.42336,460.49,0,1.02816,0,0,3.15615,2.12799,1.028160,1,0,152.721,0,0,0,152.721,0
71.3492,1.90687,0,0,4.17857,0.290108,0.36288,3.6288,61.308,0.0206038,0,0,0.937855,0.170213,0.747038,0.66528,12.849,1,0.351372,0.36288,0,101.66,4.22604,97.4454,0.84672,12.849,0.84672,3695.15,0,0,0,1.24617,1.23322,6.72641,1.15826,8.04754,0.42336,0,0.42336,460.49,0,1.02816,0,0,2.27433,1.24617,1.028160,1,0,106.24,0,0,0,106.24,0
72.29,1.91413,0,0,3.92214,0.26888,0.798342,3.6288,61.308,0.0207799,0,0,0.83357,0.186651,0.626139,0.66528,12.849,1,0.344709,0.798342,0,103.161,4.54995,99.0644,0.84672,12.849,0.84672,3695.15,0,0,0,0.985496,1.23347,6.06145,1.21801,7.06241,0.42336,0,0.42336,460.49,0,1.02816,0,0,2.01366,0.985496,1.028160,1,0,106.753,0,0,0,106.753,0
72.29,1.91845,0,0,3.41741,0.237426,1.26153,3.6288,61.308,0.0209561,0,0,0.745235,0.208567,0.515711,0.66528,12.849,1,0.340991,1.26153,0,90.0271,4.98183,85.9658,0.84672,12.849,0.84672,3695.15,0,0,0,0.664096,1.23372,5.31246,1.29767,5.9126,0.42336,0,0.42336,460.49,0,1.02816,0,0,1.69226,0.664096,1.028160,1,0,92.3941,0,0,0,92.3941,0
72.29,1.88898,0,0,2.93308,0.218999,0.825101,3.6288,61.308,0.00991641,0,0,0.749123,0.21763,0.521576,0.66528,12.849,1,0.335752,0.825101,0,61.1285,4.85407,56.7638,0.84672,12.849,0.84672,3695.15,0,0,0,0.697533,1.23397,4.64123,1.26388,5.30884,0.42336,0,0.42336,460.49,0,1.02816,0,0,1.72569,0.697533,1.028160,1,0,62.5942,0,0,0,62.5942,0
72.29,1.88949,0,0,2.62208,0.19443,0.538167,3.6288,61.308,0.01009,0,0,0.747585,0.229713,0.507782,0.66528,12.849,1,0.335842,0.538167,0,57.6008,4.68374,53.1194,0.84672,12.849,0.84672,3695.15,0,0,0,0.683303,1.21893,4.05408,1.21883,4.73749,0.42336,0,0.42336,460.49,0,1.02816,0,0,1.71146,0.683303,1.028160,1,0,58.3647,0,0,0,58.3647,0
72.1818,1.88999,0,0,2.33911,0.19443,0.36288,3.6288,61.308,0.0102636,0,0,0.663811,0.229713,0.423835,0.66528,12.849,1,0.335932,0.36288,0,49.4729,4.68374,44.8161,0.84672,12.849,0.84672,3695.15,0,0,0,0.463838,1.21918,3.52052,1.21883,3.98471,0.42336,0,0.42336,460.49,0,1.02816,0,0,1.492,0.463838,1.028160,1,0,49.2247,0,0,0,49.2247,0
71.9072,1.89007,0,0,2.15533,0.177001,0.36288,3.6288,61.308,0.0400984,0,0,0.608333,0.206958,0.361277,0.66528,12.849,1,0.33645,0.36288,0,46.1449,4.21189,41.9595,0.84672,12.849,0.84672,3695.15,0,0,0,0.402797,1.21942,3.17044,1.09915,3.69351,0.42336,0,0.42336,460.49,0,0.998499,0,0,1.4013,0.402797,1.028160,1,0,46.0143,0,0,0,46.0143,0
71.4386,1.99129,0,0,2.04931,0.163707,0.36288,3.6288,61.308,0.0504231,0,0,0.581497,0.189891,0.341183,0.66528,12.849,1,0.355821,0.36288,0,42.6249,3.85801,38.774,0.84672,12.849,0.84672,3695.15,0,0,0,0.500195,1.21967,3.16878,1.0094,3.87925,0.42336,0,0.42336,460.49,0,1.02816,0,0,1.52836,0.500195,1.028160,1,0,42.9944,0,0,0,42.9944,0
70.83,1.98984,0,0,1.88188,0.137743,0.36288,3.6288,61.308,0.0765867,0,0,0.580935,0.268742,0.235607,0.66528,12.849,1,0.357895,0.36288,0,44.8464,4.87368,39.9777,0.84672,12.849,0.84672,3695.15,0,0,0,0.402797,1.27316,3.24274,1.3137,3.60499,0.42336,0,0.42336,460.49,0,1.00218,0,0,1.40498,0.402797,1.028160,1,0,43.8183,0,0,0,43.8183,0
70.0215,1.98777,0,0,1.67923,0.137103,0.36288,3.6288,61.308,0.0917691,0,0,0.54213,0.268742,0.181619,0.66528,12.849,1,0.360593,0.36288,0,41.3495,4.87368,36.4781,0.84672,12.849,0.84672,3695.15,0,0,0,0.30119,1.27342,2.91873,1.3137,3.17964,0.42336,0,0.42336,460.49,0,0.98718,0,0,1.28837,0.30119,1.028160,1,0,39.8393,0,0,0,39.8393,0
69.1847,1.98478,0,0,1.64713,0.136252,0.36288,3.6288,61.308,0.222943,0,0,0.501828,0.268742,0.0101432,0.66528,12.849,1,0.364209,0.36288,0,38.8267,4.87368,33.9517,0.84672,12.849,0.84672,3695.15,0,0,0,0.30119,1.27368,2.69375,1.3137,2.95492,0.42336,0,0.42336,460.49,0,0.856189,0,0,1.15738,0.30119,1.028160,1,0,36.9167,0,0,0,36.9167,0
68.1492,1.98159,0,0,1.43734,0.128343,0.36288,3.6288,61.2014,0.299539,0,0,0.466435,0.273464,0,0.66528,12.849,1,0.368022,0.36288,0,34.703,4.92723,29.7706,0.84672,12.849,0.84672,3695.15,0,0,0,0.30119,1.27394,2.60539,1.32739,2.85313,0.42336,0,0.42336,460.49,0,0.779777,0,0,1.08097,0.30119,1.028160,1,0,32.6238,0,0,0,32.6238,0
67.146,1.95742,0,0,1.40132,0.0842764,0.36288,3.6288,60.9309,0.435548,0,0,0.39664,0.231597,0,0.66528,12.849,1,0.369057,0.36288,0,28.216,5.03605,23.1738,0.84672,12.849,0.84672,3695.15,0,0,0,0.30119,1.2742,2.42919,1.22532,2.77925,0.42336,0,0.42336,460.49,0,0.665859,0,0,0.967049,0.30119,1.028160,1,0,25.953,0,0,0,25.953,0
66.0804,1.95332,0,0,1.33378,0.0831368,0.36288,3.6288,60.6831,0.411415,0,0,0.366857,0.203251,0,0.66528,12.849,1,0.373785,0.36288,0,26.3328,4.95106,21.3708,0.84672,12.849,0.84672,3695.15,0,0,0,0.261274,1.28693,2.33553,1.15166,2.73207,0.42336,0,0.42336,460.49,0,0.690181,0,0,0.951454,0.261274,1.028160,1,0,24.1029,0,0,0,24.1029,0
64.9004,1.94879,0,0,1.21408,0.0824374,0.36288,3.6288,60.2846,0.53868,0,0,0.343122,0.202932,0,0.66528,12.849,1,0.378932,0.36288,0,25.2793,4.95106,20.3122,0.84672,12.849,0.84672,3695.15,0,0,0,0.261274,1.28719,2.19401,1.15166,2.59081,0.42336,0,0.42336,460.49,0,0.563103,0,0,0.824377,0.261274,1.028160,1,0,22.903,0,0,0,22.903,0
63.6422,1.94356,0,0,1.11637,0.0681827,0.36288,3.6288,59.8341,0.542982,0,0,0.327592,0.235113,0,0.66528,12.849,1,0.384786,0.36288,0,22.4109,5.37452,17.0144,0.84672,12.849,0.84672,3695.15,0,0,0,0.261274,1.28745,2.11111,1.30623,2.35361,0.42336,0,0.42336,460.49,0,0.558991,0,0,0.820264,0.261274,1.028160,1,0,19.3681,0,0,0,19.3681,0
62.3372,1.98884,0,0,1.09863,0.0518408,0.36288,3.6288,59.2868,0.579544,0,0,0.317028,0.284813,0,0.66528,12.849,1,0.401536,0.36288,0,20.7213,5.78012,14.9025,0.84672,12.849,0.84672,3695.15,0,0,0,0.261274,1.28772,2.03723,1.4967,2.08951,0.42336,0,0.42336,460.49,0,0.54216,0,0,0.803434,0.261274,1.028160,1,0,16.9921,0,0,0,16.9921,0
61.0522,1.9824,0,0,1.11682,0.0565829,0.36288,3.6288,58.7986,0.536796,0,0,0.349634,0.301026,0,0.66528,12.849,1,0.408613,0.36288,0,21.0582,5.38262,15.6298,0.84672,12.849,0.84672,3695.15,0,0,0,0.261274,1.31458,2.11272,1.45765,2.23093,0.42336,0,0.42336,460.49,0,0.585101,0,0,0.846374,0.261274,1.028160,1,0,17.8608,0,0,0,17.8608,0
59.6792,1.97582,0,0,1.02166,0.0559861,0.36288,3.6288,58.3081,0.51901,0,0,0.328613,0.300085,0,0.66528,12.849,1,0.415829,0.36288,0,19.7996,5.38262,14.364,0.84672,12.849,0.84672,3695.15,0,0,0,0.227405,1.31485,2.15046,1.45765,2.23507,0.42336,0,0.42336,460.49,0,0.603081,0,0,0.830485,0.227405,1.028160,1,0,16.5991,0,0,0,16.5991,0
58.2176,1.96847,0,0,0.92505,0.0553068,0.36288,3.6288,57.7191,0.603866,0,0,0.313973,0.299139,0,0.66528,12.849,1,0.423814,0.36288,0,18.6473,5.38262,13.2037,0.84672,12.849,0.84672,3695.15,0,0,0,0.227405,1.31512,1.99947,1.45765,2.08434,0.42336,0,0.42336,460.49,0,0.518417,0,0,0.745822,0.227405,1.028160,1,0,15.2881,0,0,0,15.2881,0
56.5145,2.10773,0,0,0.809006,0.0414306,0.36288,3.6288,57.0387,0.68658,0,0,0.311748,0.305597,0,0.66528,12.849,1,0.465191,0.36288,0,17.7562,5.60694,12.047,0.84672,12.849,0.84672,3695.15,0,0,0,0.227405,1.31539,2.02084,1.50247,2.06117,0.42336,0,0.42336,460.49,0,0.506503,0,0,0.733908,0.227405,1.028160,1,0,14.1082,0,0,0,14.1082,0
54.673,2.09687,0,0,0.68078,0.0625236,0.36288,3.6288,56.499,0.541024,0,0,0.312859,0.311552,0,0.66528,12.849,1,0.476738,0.36288,0,17.0981,5.68883,11.2954,0.84672,12.849,0.84672,3695.15,0,0,0,0.227405,1.40394,2.26708,1.59586,2.30257,0.42336,0,0.42336,460.49,0,0.652268,0,0,0.879673,0.227405,1.028160,1,0,13.598,0,0,0,13.598,0
52.7669,2.08441,0,0,0.604812,0.0636918,0.36288,3.6288,55.9242,0.545269,0,0,0.284291,0.313724,0,0.66528,12.849,1,0.489869,0.36288,0,15.2706,5.71945,9.42415,0.84672,12.849,0.84672,3695.15,0,0,0,0.204422,1.40423,2.25672,1.63613,2.22925,0.42336,0,0.42336,460.49,0,0.648233,0,0,0.852656,0.204422,1.028160,1,0,11.6534,0,0,0,11.6534,0
50.9483,2.07073,0,0,0.677488,0.0624684,0.36288,3.6288,55.3816,0.521728,0,0,0.29163,0.312548,0,0.66528,12.849,1,0.504233,0.36288,0,15.1791,5.71945,9.31829,0.84672,12.849,0.84672,3695.15,0,0,0,0.204422,1.40452,2.41877,1.63613,2.39158,0.42336,0,0.42336,460.49,0,0.671985,0,0,0.876407,0.204422,1.028160,1,0,11.7099,0,0,0,11.7099,0
49.5346,2.0569,0,0,1.08426,0.0781609,0.36288,3.6288,55.0991,0.333595,0,0,0.358414,0.307308,0,0.66528,12.849,1,0.518743,0.36288,0,25.217,5.60071,19.4604,0.84672,12.849,0.84672,3695.15,0,0,0,0.204422,1.40481,2.63665,1.62157,2.62431,0.42336,0,0.42336,460.49,0,0.860328,0,0,1.06475,0.204422,1.028160,1,0,22.0847,0,0,0,22.0847,0
48.9445,1.97594,0,0,1.8347,0.0860108,0.36288,3.6288,55.3107,0.123068,0,0,0.601512,0.26688,0,0.66528,12.849,1,0.512548,0.36288,0,41.875,5.27292,36.4524,0.84672,12.849,0.84672,3695.15,0,0,0,0.714951,1.4051,5.41996,1.53935,6.00066,0.42336,0,0.42336,460.49,0,1.02816,0,0,1.74311,0.714951,1.028160,1,0,42.453,0,0,0,42.453,0
48.7765,1.97157,0,0,2.25634,0.0898784,0.36288,3.6288,55.6923,0.123269,0,0,0.747636,0.242785,0,0.66528,12.849,1,0.517579,0.36288,0,47.2144,4.9602,42.0995,0.84672,12.849,0.84672,3695.15,0,0,0,1.95327,1.35578,7.81514,1.48768,9.63652,0.42336,0,0.42336,460.49,0,1.02816,0,0,2.98143,1.95327,1.028160,1,0,51.736,0,0,0,51.736,0
48.1868,1.97068,0,0,1.8336,0.0897153,0.36288,3.6288,55.9289,0.123469,0,0,0.603459,0.243394,0,0.66528,12.849,1,0.519128,0.36288,0,49.5732,4.9602,44.4568,0.84672,12.849,0.84672,3695.15,0,0,0,0.714839,1.35606,6.62005,1.48768,7.20328,0.42336,0,0.42336,460.49,0,1.02816,0,0,1.743,0.714839,1.028160,1,0,51.66,0,0,0,51.66,0
47.3095,1.96618,0,0,1.54088,0.0891429,0.36288,3.6288,56.1211,0.123669,0,0,0.559734,0.243771,0,0.66528,12.849,1,0.524282,0.36288,0,35.4854,4.9602,30.3638,0.84672,12.849,0.84672,3695.15,0,0,0,0.879889,1.35634,6.22856,1.48768,6.97711,0.42336,0,0.42336,460.49,0,1.02816,0,0,1.90805,0.879889,1.028160,1,0,37.3409,0,0,0,37.3409,0
47.2696,1.9023,0,0,2.36701,0.141689,0.36288,3.6288,56.4987,0.0847784,0,0,0.708756,0.246463,0,0.66528,12.849,1,0.516655,0.36288,0,60.5909,4.44002,55.9971,0.84672,12.849,0.84672,3695.15,0,0,0,0.949743,1.35662,7.358,1.34333,8.32102,0.42336,0,0.42336,460.49,0,1.02816,0,0,1.9779,0.949743,1.028160,1,0,64.3181,0,0,0,64.3181,0
47.9025,1.90247,0,0,3.04049,0.142233,0.36288,3.6288,57.3225,0.0849696,0,0,1.14182,0.233048,0,0.66528,12.849,1,0.517135,0.36288,0,78.3847,4.23937,73.991,0.84672,12.849,0.84672,3695.15,0,0,0,1.40937,1.31317,7.33726,0.98486,9.07494,0.42336,0,0.42336,460.49,0,1.02816,0,0,2.43753,1.40937,1.028160,1,0,83.066,0,0,0,83.066,0
49.1402,1.90836,0,0,3.69901,0.190149,0.36288,3.6288,57.9492,0.0851609,0,0,0.890672,0.178742,0,0.66528,12.849,1,0.511883,0.36288,0,101.545,3.44096,97.9551,0.84672,12.849,0.84672,3695.15,0,0,0,2.04658,1.31344,8.88572,0.911532,11.3342,0.42336,0,0.42336,460.49,0,1.02816,0,0,3.07474,2.04658,1.028160,1,0,109.289,0,0,0,109.289,0
51.0406,1.91909,0,0,4.37512,0.19272,0.36288,3.6288,58.7579,0.0853522,0,0,1.07346,0.179469,0,0.66528,12.849,1,0.501797,0.36288,0,123.194,3.44096,119.614,0.84672,12.849,0.84672,3695.15,0,0,0,2.5887,1.31371,11.1272,0.911532,14.1181,0.42336,0,0.42336,460.49,0,1.02816,0,0,3.61686,2.5887,1.028160,1,0,133.733,0,0,0,133.733,0
53.7867,1.77064,0,0,5.07622,0.196636,0.36288,3.6288,60.1241,0.00405083,0,0,1.55072,0.180406,0,0.66528,12.849,1,0.445743,0.36288,0,143.627,3.44096,140.103,0.84672,12.849,0.84672,3695.15,0,0,0,3.45808,1.31397,13.4597,0.911532,17.3202,0.42336,0,0.42336,460.49,0,1.02816,0,0,4.48624,3.45808,1.028160,1,0,157.423,0,0,0,157.423,0
55.2061,1.78949,0,0,3.79912,0.227283,0.36288,3.6288,61.1349,0.00422303,0,0,1.18466,0.169651,0,0.66528,12.849,1,0.427488,0.36288,0,70.0919,3.63994,66.3874,0.84672,12.849,0.84672,3695.15,0,0,0,2.1638,1.21284,7.87808,0.91754,10.3372,0.42336,0,0.42336,460.49,0,1.02816,0,0,3.19196,2.1638,1.028160,1,0,76.7245,0,0,0,76.7245,0
56.2859,1.79889,0,0,3.47631,0.234789,0.36288,3.6288,61.308,0.00439523,0,0,1.30626,0.168673,0.960106,0.66528,12.849,1,0.418684,0.36288,0,72.5748,3.67311,68.8459,0.84672,12.849,0.84672,3695.15,0,0,0,2.24281,1.21308,8.61682,0.918542,11.1542,0.42336,0,0.42336,460.49,0,1.02816,0,0,3.27097,2.24281,1.028160,1,0,80.9601,0,0,0,80.9601,0
58.4179,1.80591,0,0,4.54166,0.2408,0.36288,3.6288,61.308,0.00456755,0,0,1.51796,0.217067,1.29633,0.66528,12.849,1,0.412256,0.36288,0,53.8451,4.39572,49.4,0.84672,12.849,0.84672,3695.15,0,0,0,2.88147,1.21333,8.23378,1.20355,11.125,0.42336,0,0.42336,460.49,0,1.02816,0,0,3.90963,2.88147,1.028160,1,0,61.8213,0,0,0,61.8213,0
60.2374,1.81873,0,0,4.29131,0.290246,0.36288,3.6288,61.308,0.0047398,0,0,1.43241,0.216623,1.21105,0.66528,12.849,1,0.400029,0.36288,0,95.2206,4.5255,90.6579,0.84672,12.849,0.84672,3695.15,0,0,0,2.93349,1.21357,11.355,1.12892,14.3732,0.42336,0,0.42336,460.49,0,1.02816,0,0,3.96165,2.93349,1.028160,1,0,106.242,0,0,0,106.242,0
67.0677,1.89428,0,0,9.35213,0.264628,0.36288,3.6288,61.308,0.0285345,0,0,2.20565,0.204554,1.97256,0.66528,12.849,1,0.404062,0.36288,0,127.025,4.39275,122.591,0.84672,12.849,0.84672,3695.15,0,0,0,4.01396,1.21381,16.2021,1.1875,20.2423,0.42336,0,0.42336,460.49,0,1.02816,0,0,5.04212,4.01396,1.028160,1,0,144.806,0,0,0,144.806,0
71.6057,1.92931,0,0,7.10334,0.273126,0.36288,3.6288,61.308,0.028706,0,0,2.35918,0.2174,2.11307,0.66528,12.849,1,0.369623,0.36288,0,114.85,5.21619,109.627,0.84672,12.849,0.84672,3695.15,0,0,0,4.48985,1.24711,15.7327,1.3906,20.079,0.42336,0,0.42336,460.49,0,1.02816,0,0,5.51801,4.48985,1.028160,1,0,131.819,0,0,0,131.819,0
72.29,1.94968,0,0,12.0223,0.282918,9.10545,3.6288,61.308,0.0288777,0,0,4.12264,0.2174,3.87637,0.66528,12.849,1,0.349852,9.10545,0,328.802,5.21619,332.342,0.84672,12.849,0.84672,3695.15,0,0,0,7.52791,1.24736,23.2661,1.3906,30.6507,0.42336,0,0.42336,460.49,0,1.02816,0,0,8.55607,7.52791,1.028160,1,0,366.869,0,0,0,366.869,0
72.29,1.95299,0,0,12.905,0.272753,10.6793,3.6288,61.308,0.0290493,0,0,2.73426,0.179595,2.52561,0.66528,12.849,1,0.347129,10.6793,0,306.722,4.10283,312.951,0.84672,12.849,0.84672,3695.15,0,0,0,5.42401,1.2476,18.3475,1.15031,23.8688,0.42336,0,0.42336,460.49,0,1.02816,0,0,6.45217,5.42401,1.028160,1,0,339.345,0,0,0,339.345,0
72.29,2.16908,0,0,8.72234,0.260229,6.29303,3.6288,61.308,0.117991,0,0,1.8833,0.165955,1.59935,0.66528,12.849,1,0.385537,6.29303,0,281.101,3.66229,283.346,0.84672,12.849,0.84672,3695.15,0,0,0,3.78435,1.24784,15.4917,1.12283,19.401,0.42336,0,0.42336,460.49,0,1.02816,0,0,4.81251,3.78435,1.028160,1,0,304.346,0,0,0,304.346,0
72.29,2.16963,0,0,11.0702,0.322743,8.5778,3.6288,61.308,0.118183,0,0,3.05939,0.180052,2.76115,0.66528,12.849,1,0.385635,8.5778,0,315.434,3.61882,320.008,0.84672,12.849,0.84672,3695.15,0,0,0,4.90101,1.36425,19.3302,1.03241,24.563,0.42336,0,0.42336,460.49,0,1.02816,0,0,5.92917,4.90101,1.028160,1,0,347.332,0,0,0,347.332,0
72.29,2.17018,0,0,6.09226,0.322743,3.59934,3.6288,61.308,0.118375,0,0,1.954,0.180052,1.65557,0.66528,12.849,1,0.385733,3.59934,0,161.809,3.61882,161.404,0.84672,12.849,0.84672,3695.15,0,0,0,2.31304,1.36452,10.7015,1.03241,13.3467,0.42336,0,0.42336,460.49,0,1.02816,0,0,3.3412,2.31304,1.028160,1,0,176.406,0,0,0,176.406,0
72.29,2.17073,0,0,4.92506,0.323499,2.43083,3.6288,61.308,0.118567,0,0,1.85526,0.175675,1.56102,0.66528,12.849,1,0.385831,2.43083,0,123.936,3.54321,122.438,0.84672,12.849,0.84672,3695.15,0,0,0,2.53109,1.36479,9.26303,1.01073,12.1482,0.42336,0,0.42336,460.49,0,1.02816,0,0,3.55925,2.53109,1.028160,1,0,136.147,0,0,0,136.147,0
72.29,1.86351,0,0,4.71262,0.313345,2.53576,3.6288,61.308,0,0,0,1.78608,0.15923,1.62685,0.66528,12.849,1,0.331226,2.53576,0,120.011,3.16786,119.048,0.84672,12.849,0.84672,3695.15,0,0,0,2.44544,1.36506,9.31038,0.875807,12.2451,0.42336,0,0.42336,460.49,0,1.02768,0,0,3.47312,2.44544,1.028160,1,0,132.92,0,0,0,132.92,0
72.29,1.864,0,0,5.45441,0.314254,3.27616,3.6288,61.308,0,0,0,2.20627,0.164081,2.04219,0.66528,12.849,1,0.331311,3.27616,0,143.135,2.93181,143.148,0.84672,12.849,0.84672,3695.15,0,0,0,2.23893,1.20528,8.37467,0.802416,11.0165,0.42336,0,0.42336,460.49,0,1.02785,0,0,3.26678,2.23893,1.028160,1,0,156.207,0,0,0,156.207,0
72.29,1.86448,0,0,4.95552,0.314254,2.77679,3.6288,61.308,0,0,0,1.95592,0.164081,1.79184,0.66528,12.849,1,0.331397,2.77679,0,128.258,2.93181,127.772,0.84672,12.849,0.84672,3695.15,0,0,0,2.55434,1.20551,7.8389,0.802416,10.7963,0.42336,0,0.42336,460.49,0,1.02801,0,0,3.58235,2.55434,1.028160,1,0,140.36,0,0,0,140.36,0
72.29,1.86496,0,0,7.28869,0.314254,5.10947,3.6288,61.308,1.53015e-05,0,0,2.38955,0.164081,2.22545,0.66528,12.849,1,0.331483,5.10947,0,174.334,2.93181,176.18,0.84672,12.849,0.84672,3695.15,0,0,0,2.95919,1.20575,11.0499,0.802416,14.4124,0.42336,0,0.42336,460.49,0,1.02816,0,0,3.98735,2.95919,1.028160,1,0,192.818,0,0,0,192.818,0
72.29,1.86544,0,0,6.08906,0.313303,3.91031,3.6288,61.308,0.000180406,0,0,2.12121,0.157618,1.96341,0.66528,12.849,1,0.331569,3.91031,0,162.034,2.92281,162.69,0.84672,12.849,0.84672,3695.15,0,0,0,2.6726,1.20598,10.196,0.817244,13.2573,0.42336,0,0.42336,460.49,0,1.02816,0,0,3.70076,2.6726,1.028160,1,0,177.91,0,0,0,177.91,0
72.29,1.94349,0,0,7.82574,0.314665,5.56759,3.6288,61.308,0.0295489,0,0,2.5569,0.183064,2.34428,0.66528,12.849,1,0.34544,5.56759,0,233.023,3.71425,234.53,0.84672,12.849,0.84672,3695.15,0,0,0,3.27844,1.20622,12.0324,0.937949,15.5791,0.42336,0,0.42336,460.49,0,1.02816,0,0,4.3066,3.27844,1.028160,1,0,252.454,0,0,0,252.454,0
72.29,1.94399,0,0,4.60288,0.313885,2.34501,3.6288,61.308,0.0297207,0,0,1.60648,0.184198,1.39256,0.66528,12.849,1,0.345529,2.34501,0,108.946,3.85402,107.092,0.84672,12.849,0.84672,3695.15,0,0,0,2.56992,1.24613,5.78949,0.920063,8.68547,0.42336,0,0.42336,460.49,0,1.02816,0,0,3.59808,2.56992,1.028160,1,0,117.17,0,0,0,117.17,0
72.29,1.94449,0,0,6.46918,0.315626,4.20907,3.6288,61.308,0.0298925,0,0,1.71629,0.176465,1.50994,0.66528,12.849,1,0.345618,4.20907,0,135.435,3.636,135.663,0.84672,12.849,0.84672,3695.15,0,0,0,3.59004,1.24637,14.1212,0.876086,18.0815,0.42336,0,0.42336,460.49,0,1.02816,0,0,4.6182,3.59004,1.028160,1,0,155.254,0,0,0,155.254,0
72.29,1.94499,0,0,4.72438,0.28036,2.49903,3.6288,61.308,0.0300644,0,0,1.59106,0.179406,1.38159,0.66528,12.849,1,0.345707,2.49903,0,117.779,2.9649,116.967,0.84672,12.849,0.84672,3695.15,0,0,0,3.08046,1.24662,8.17854,0.790442,11.7152,0.42336,0,0.42336,460.49,0,1.02816,0,0,4.10862,3.08046,1.028160,1,0,130.064,0,0,0,130.064,0
72.29,1.91514,0,0,3.91328,0.268377,1.72977,3.6288,61.308,0.0188837,0,0,1.25093,0.197225,1.03483,0.66528,12.849,1,0.340401,1.72977,0,75.1904,3.3903,73.1894,0.84672,12.849,0.84672,3695.15,0,0,0,2.16874,1.24686,6.16616,0.897198,8.68457,0.42336,0,0.42336,460.49,0,1.02816,0,0,3.1969,2.16874,1.028160,1,0,82.9088,0,0,0,82.9088,0
72.29,1.91563,0,0,2.86805,0.284131,0.668287,3.6288,61.308,0.0190531,0,0,0.822502,0.192435,0.611014,0.66528,12.849,1,0.340489,0.668287,0,56.5027,3.81675,53.0137,0.84672,12.849,0.84672,3695.15,0,0,0,0.907278,1.23163,6.56959,0.985869,7.72263,0.42336,0,0.42336,460.49,0,1.02816,0,0,1.93544,0.907278,1.028160,1,0,61.3474,0,0,0,61.3474,0
72.29,1.91612,0,0,4.43276,0.284131,2.23251,3.6288,61.308,0.0192225,0,0,1.00462,0.192435,0.792967,0.66528,12.849,1,0.340577,2.23251,0,71.0449,3.81675,69.1201,0.84672,12.849,0.84672,3695.15,0,0,0,1.21108,1.23187,5.92625,0.985869,7.38334,0.42336,0,0.42336,460.49,0,1.02816,0,0,2.23924,1.21108,1.028160,1,0,77.2964,0,0,0,77.2964,0
72.29,1.91662,0,0,2.96752,0.238464,0.812437,3.6288,61.308,0.0193919,0,0,0.883449,0.203146,0.660911,0.66528,12.849,1,0.340664,0.812437,0,60.9491,4.14183,57.279,0.84672,12.849,0.84672,3695.15,0,0,0,0.956578,1.23211,5.27209,0.925691,6.53509,0.42336,0,0.42336,460.49,0,1.02816,0,0,1.98474,0.956578,1.028160,1,0,64.475,0,0,0,64.475,0
72.2089,2.02023,0,0,2.53291,0.230853,0.36288,3.6288,61.308,0.0598575,0,0,0.757071,0.204931,0.492283,0.66528,12.849,1,0.359081,0.36288,0,49.9215,4.19601,45.7293,0.84672,12.849,0.84672,3695.15,0,0,0,0.67926,1.23235,4.64149,0.915662,5.63745,0.42336,0,0.42336,460.49,0,1.02816,0,0,1.70742,0.67926,1.028160,1,0,51.859,0,0,0,51.859,0
72.29,2.02041,0,0,2.85728,0.17607,0.579745,3.6288,61.308,0.0600361,0,0,0.71782,0.212625,0.445159,0.66528,12.849,1,0.359516,0.579745,0,51.5366,4.87344,46.8834,0.84672,12.849,0.84672,3695.15,0,0,0,0.589067,1.28649,5.13073,1.05959,5.94669,0.42336,0,0.42336,460.49,0,1.02816,0,0,1.61723,0.589067,1.028160,1,0,53.2752,0,0,0,53.2752,0
72.29,2.02127,0,0,2.91052,0.167066,0.722186,3.6288,61.308,0.0602149,0,0,0.73516,0.213907,0.461038,0.66528,12.849,1,0.359266,0.722186,0,49.4535,4.98634,44.8301,0.84672,12.849,0.84672,3695.15,0,0,0,0.653875,1.28674,5.07819,1.08357,5.93523,0.42336,0,0.42336,460.49,0,1.02816,0,0,1.68204,0.653875,1.028160,1,0,51.2264,0,0,0,51.2264,0
72.29,2.02179,0,0,2.6022,0.1769,0.403515,3.6288,61.308,0.0603936,0,0,0.70708,0.211274,0.435413,0.66528,12.849,1,0.359358,0.403515,0,46.8832,4.81712,42.1103,0.84672,12.849,0.84672,3695.15,0,0,0,0.728819,1.28699,4.69276,1.0901,5.61846,0.42336,0,0.42336,460.49,0,1.02816,0,0,1.75698,0.728819,1.028160,1,0,48.1642,0,0,0,48.1642,0
72.2151,2.02231,0,0,2.4896,0.179266,0.36288,3.6288,61.308,0.0605724,0,0,0.692513,0.212992,0.418949,0.66528,12.849,1,0.35945,0.36288,0,43.5309,4.45815,39.0762,0.84672,12.849,0.84672,3695.15,0,0,0,0.713327,1.28724,4.43735,1.12547,5.31245,0.42336,0,0.42336,460.49,0,1.02816,0,0,1.74149,0.713327,1.028160,1,0,44.8076,0,0,0,44.8076,0
71.826,2.0021,0,0,2.10343,0.127612,0.36288,3.6288,61.308,0.0829238,0,0,0.685679,0.234771,0.367984,0.66528,12.849,1,0.356226,0.36288,0,39.8174,4.60234,35.2217,0.84672,12.849,0.84672,3695.15,0,0,0,0.568279,1.2875,3.43886,1.15124,4.14339,0.42336,0,0.42336,460.49,0,1.02816,0,0,1.59644,0.568279,1.028160,1,0,39.733,0,0,0,39.733,0
71.0528,2.00097,0,0,1.72085,0.1302,0.36288,3.6288,61.308,0.0831078,0,0,0.674698,0.23554,0.35605,0.66528,12.849,1,0.357955,0.36288,0,37.8291,4.59029,33.2438,0.84672,12.849,0.84672,3695.15,0,0,0,0.48803,1.30037,2.60321,1.13487,3.25675,0.42336,0,0.42336,460.49,0,1.02816,0,0,1.51619,0.48803,1.028160,1,0,36.8566,0,0,0,36.8566,0
70.1242,1.99819,0,0,1.56193,0.129433,0.36288,3.6288,61.308,0.0832917,0,0,0.63297,0.23554,0.314138,0.66528,12.849,1,0.361347,0.36288,0,33.7089,4.59029,29.1201,0.84672,12.849,0.84672,3695.15,0,0,0,0.317036,1.30063,2.51827,1.13487,3.00107,0.42336,0,0.42336,460.49,0,1.02816,0,0,1.3452,0.317036,1.028160,1,0,32.4353,0,0,0,32.4353,0
69.1528,1.99465,0,0,1.48186,0.0957382,0.36288,3.6288,61.308,0.0834757,0,0,0.593736,0.312324,0.197937,0.66528,12.849,1,0.365484,0.36288,0,30.3209,5.57834,24.7399,0.84672,12.849,0.84672,3695.15,0,0,0,0.322289,1.30088,2.3866,1.49553,2.51425,0.42336,0,0.42336,460.49,0,1.02816,0,0,1.35045,0.322289,1.028160,1,0,27.4521,0,0,0,27.4521,0
67.9899,2.04325,0,0,1.33821,0.0950306,0.36288,3.6288,61.308,0.103438,0,0,0.579677,0.310122,0.166117,0.66528,12.849,1,0.379648,0.36288,0,28.4735,5.54191,22.9148,0.84672,12.849,0.84672,3695.15,0,0,0,0.338437,1.30114,2.32806,1.48828,2.47936,0.42336,0,0.42336,460.49,0,1.02816,0,0,1.3666,0.338437,1.028160,1,0,25.5603,0,0,0,25.5603,0
66.9532,2.03831,0,0,1.45873,0.0942299,0.36288,3.6288,61.308,0.103627,0,0,0.678205,0.296914,0.277664,0.66528,12.849,1,0.385208,0.36288,0,28.7264,5.3234,23.3806,0.84672,12.849,0.84672,3695.15,0,0,0,0.594449,1.32832,2.5529,1.44477,3.0309,0.42336,0,0.42336,460.49,0,1.02816,0,0,1.62261,0.594449,1.028160,1,0,26.6892,0,0,0,26.6892,0
65.7315,2.03382,0,0,1.26853,0.0934637,0.36288,3.6288,61.308,0.103816,0,0,0.637364,0.296914,0.236634,0.66528,12.849,1,0.390312,0.36288,0,27.1782,5.3234,21.8273,0.84672,12.849,0.84672,3695.15,0,0,0,0.457453,1.32859,2.48435,1.44477,2.82562,0.42336,0,0.42336,460.49,0,1.02816,0,0,1.48561,0.457453,1.028160,1,0,24.8896,0,0,0,24.8896,0
64.416,2.02827,0,0,1.16815,0.0925608,0.36288,3.6288,61.308,0.104004,0,0,0.624499,0.296914,0.22358,0.66528,12.849,1,0.396481,0.36288,0,25.6327,5.3234,20.2757,0.84672,12.849,0.84672,3695.15,0,0,0,0.381059,1.32885,2.45921,1.44477,2.72434,0.42336,0,0.42336,460.49,0,1.02816,0,0,1.40922,0.381059,1.028160,1,0,23.2236,0,0,0,23.2236,0
62.7744,2.17392,0,0,0.969814,0.074572,0.36288,3.6288,61.308,0.175648,0,0,0.621104,0.301869,0.143587,0.66528,12.849,1,0.43363,0.36288,0,24.3081,5.61768,18.6197,0.84672,12.849,0.84672,3695.15,0,0,0,0.372462,1.32911,2.34205,1.4305,2.61312,0.42336,0,0.42336,460.49,0,1.02816,0,0,1.40062,0.372462,1.028160,1,0,21.3764,0,0,0,21.3764,0
61.1396,2.16506,0,0,0.967792,0.074661,0.36288,3.6288,61.2775,0.304952,0,0,0.612199,0.337785,0,0.66528,12.849,1,0.443156,0.36288,0,21.6035,5.25435,16.2688,0.84672,12.849,0.84672,3695.15,0,0,0,0.227405,1.41872,2.19529,1.39666,2.44476,0.42336,0,0.42336,460.49,0,0.899061,0,0,1.12647,0.227405,1.028160,1,0,18.7136,0,0,0,18.7136,0
59.4667,2.15581,0,0,0.933042,0.0872915,0.36288,3.6288,61.308,0.176058,0,0,0.596697,0.32689,0.0632106,0.66528,12.849,1,0.453062,0.36288,0,19.3471,5.17187,14.0851,0.84672,12.849,0.84672,3695.15,0,0,0,0.21371,1.419,2.42314,1.45016,2.60569,0.42336,0,0.42336,460.49,0,1.02816,0,0,1.24187,0.21371,1.028160,1,0,16.754,0,0,0,16.754,0
57.7498,2.14588,0,0,0.873487,0.0815735,0.36288,3.6288,61.308,0.176264,0,0,0.587171,0.329543,0.0813642,0.66528,12.849,1,0.463661,0.36288,0,19.4977,5.24664,14.1503,0.84672,12.849,0.84672,3695.15,0,0,0,0.609742,1.41928,2.304,1.4651,2.86793,0.42336,0,0.42336,460.49,0,1.02816,0,0,1.6379,0.609742,1.028160,1,0,17.0996,0,0,0,17.0996,0
56.0102,2.13514,0,0,0.838668,0.0802273,0.36288,3.6288,61.308,0.176469,0,0,0.578718,0.329543,0.0727057,0.66528,12.849,1,0.475057,0.36288,0,18.3887,5.24664,13.0299,0.84672,12.849,0.84672,3695.15,0,0,0,0.580306,1.41957,2.27103,1.4651,2.80581,0.42336,0,0.42336,460.49,0,1.02816,0,0,1.60847,0.580306,1.028160,1,0,15.9084,0,0,0,15.9084,0
54.5546,2.05138,0,0,0.997825,0.0392306,0.36288,3.6288,61.308,0.133254,0,0,0.626395,0.349245,0.143896,0.66528,12.849,1,0.470596,0.36288,0,19.1862,5.55354,13.525,0.84672,12.849,0.84672,3695.15,0,0,0,0.574309,1.41985,2.7015,1.5048,3.19086,0.42336,0,0.42336,460.49,0,1.02816,0,0,1.60247,0.574309,1.028160,1,0,16.8597,0,0,0,16.8597,0
53.204,2.04174,0,0,1.11973,0.0656342,0.36288,3.6288,61.308,0.133449,0,0,0.732205,0.310568,0.288188,0.66528,12.849,1,0.480881,0.36288,0,19.0653,4.37259,14.5747,0.84672,12.849,0.84672,3695.15,0,0,0,0.535265,1.36993,3.04593,1.15285,3.79827,0.42336,0,0.42336,460.49,0,1.02816,0,0,1.56343,0.535265,1.028160,1,0,18.6611,0,0,0,18.6611,0
51.969,2.03242,0,0,1.27452,0.11422,0.36288,3.6288,61.308,0.133645,0,0,1.05881,0.291633,0.633528,0.66528,12.849,1,0.490838,0.36288,0,18.78,3.85046,14.8016,0.84672,12.849,0.84672,3695.15,0,0,0,1.09277,1.3702,4.25037,1.05613,5.65721,0.42336,0,0.42336,460.49,0,1.02816,0,0,2.12093,1.09277,1.028160,1,0,21.0923,0,0,0,21.0923,0
50.683,2.02359,0,0,1.21324,0.112777,0.36288,3.6288,61.308,0.13384,0,0,1.03022,0.291633,0.604751,0.66528,12.849,1,0.500318,0.36288,0,23.9059,3.85046,19.918,0.84672,12.849,0.84672,3695.15,0,0,0,0.960699,1.37047,4.20799,1.05613,5.48303,0.42336,0,0.42336,460.49,0,1.02816,0,0,1.98886,0.960699,1.028160,1,0,26.0058,0,0,0,26.0058,0
49.6169,1.95571,0,0,1.36378,0.111275,0.36288,3.6288,61.308,0.0944764,0,0,1.35291,0.291633,0.966802,0.66528,12.849,1,0.495806,0.36288,0,47.4022,3.85046,43.4189,0.84672,12.849,0.84672,3695.15,0,0,0,1.40902,1.37074,5.58894,1.05613,7.31257,0.42336,0,0.42336,460.49,0,1.02816,0,0,2.43718,1.40902,1.028160,1,0,51.6982,0,0,0,51.6982,0
49.4628,1.94775,0,0,2.29764,0.141129,0.36288,3.6288,61.308,0.0946629,0,0,0.718222,0.176416,0.447144,0.66528,12.849,1,0.504397,0.36288,0,32.0941,4.38564,27.567,0.84672,12.849,0.84672,3695.15,0,0,0,0.37946,1.32676,3.81381,0.967693,4.55234,0.42336,0,0.42336,460.49,0,1.02816,0,0,1.40762,0.37946,1.028160,1,0,32.5665,0,0,0,32.5665,0
51.6334,1.947,0,0,4.62137,0.140898,0.36288,3.6288,61.308,0.0948496,0,0,1.82517,0.176416,1.55391,0.66528,12.849,1,0.505773,0.36288,0,52.7736,4.38564,48.245,0.84672,12.849,0.84672,3695.15,0,0,0,2.26938,1.32703,6.59164,0.967693,9.22035,0.42336,0,0.42336,460.49,0,1.02816,0,0,3.29754,2.26938,1.028160,1,0,59.0193,0,0,0,59.0193,0
51.9949,1.96453,0,0,2.83306,0.14415,0.36288,3.6288,61.308,0.0950362,0,0,1.51616,0.176416,1.24471,0.66528,12.849,1,0.488873,0.36288,0,31.495,4.38564,26.9833,0.84672,12.849,0.84672,3695.15,0,0,0,1.98965,1.32729,6.6224,0.967693,8.97164,0.42336,0,0.42336,460.49,0,1.02816,0,0,3.01781,1.98965,1.028160,1,0,37.1997,0,0,0,37.1997,0
54.4608,1.8013,0,0,4.82835,0.198249,0.36288,3.6288,61.308,0.0127578,0,0,1.42789,0.197111,1.21802,0.66528,12.849,1,0.445137,0.36288,0,74.7487,4.73358,69.9329,0.84672,12.849,0.84672,3695.15,0,0,0,1.76989,1.32755,8.18933,1.04892,10.2378,0.42336,0,0.42336,460.49,0,1.02816,0,0,2.79805,1.76989,1.028160,1,0,81.3887,0,0,0,81.3887,0
58.0428,1.81807,0,0,5.99568,0.232816,0.36288,3.6288,61.308,0.0129258,0,0,1.26615,0.225546,1.02768,0.66528,12.849,1,0.42894,0.36288,0,66.9484,4.46854,62.4138,0.84672,12.849,0.84672,3695.15,0,0,0,1.17586,1.22519,6.83515,1.10908,8.12712,0.42336,0,0.42336,460.49,0,1.02816,0,0,2.20402,1.17586,1.028160,1,0,71.5686,0,0,0,71.5686,0
60.46,1.84022,0,0,4.87005,0.249671,0.36288,3.6288,61.308,0.0130938,0,0,1.86242,0.23554,1.61379,0.66528,12.849,1,0.407372,0.36288,0,87.1804,4.33933,82.7965,0.84672,12.849,0.84672,3695.15,0,0,0,2.97782,1.22543,9.48154,1.12772,12.5571,0.42336,0,0.42336,460.49,0,1.02816,0,0,4.00598,2.97782,1.028160,1,0,96.9674,0,0,0,96.9674,0
65.6573,1.85413,0,0,7.66974,0.255508,0.36288,3.6288,61.308,0.0132618,0,0,3.99734,0.23554,3.74854,0.66528,12.849,1,0.394041,0.36288,0,117.196,4.33933,112.825,0.84672,12.849,0.84672,3695.15,0,0,0,6.18399,1.22567,10.4482,1.12772,16.7301,0.42336,0,0.42336,460.49,0,1.02816,0,0,7.21215,6.18399,1.028160,1,0,133.304,0,0,0,133.304,0
70.5461,1.8807,0,0,7.38139,0.248969,0.36288,3.6288,61.308,0.0134299,0,0,1.48357,0.22813,1.24201,0.66528,12.849,1,0.36805,0.36288,0,76.3005,3.95984,72.3355,0.84672,12.849,0.84672,3695.15,0,0,0,2.52626,1.22591,7.08713,1.06483,9.77448,0.42336,0,0.42336,460.49,0,1.02816,0,0,3.55442,2.52626,1.028160,1,0,83.352,0,0,0,83.352,0
72.29,1.97038,0,0,5.68263,0.251715,1.71663,3.6288,61.308,0.0375011,0,0,2.4295,0.223801,2.1682,0.66528,12.849,1,0.358878,1.71663,0,53.7807,3.73426,51.4042,0.84672,12.849,0.84672,3695.15,0,0,0,2.9631,1.22615,7.29124,0.980886,10.4996,0.42336,0,0.42336,460.49,0,1.02816,0,0,3.99126,2.9631,1.028160,1,0,64.072,0,0,0,64.072,0
72.29,1.97822,0,0,3.1602,0.25595,0.926027,3.6288,61.308,0.0376683,0,0,1.18085,0.220388,0.922798,0.66528,12.849,1,0.351614,0.926027,0,56.9008,3.54984,53.9254,0.84672,12.849,0.84672,3695.15,0,0,0,3.59102,1.25983,6.66005,0.833934,10.677,0.42336,0,0.42336,460.49,0,1.02816,0,0,4.61918,3.59102,1.028160,1,0,65.5251,0,0,0,65.5251,0
72.29,1.97871,0,0,4.15788,0.25595,1.92322,3.6288,61.308,0.0378355,0,0,1.83405,0.220388,1.57582,0.66528,12.849,1,0.351701,1.92322,0,77.3876,3.54984,75.4093,0.84672,12.849,0.84672,3695.15,0,0,0,5.59249,1.26007,8.38737,0.833934,14.406,0.42336,0,0.42336,460.49,0,1.02816,0,0,6.62065,5.59249,1.028160,1,0,91.3911,0,0,0,91.3911,0
72.29,1.9792,0,0,5.52797,0.25595,3.29281,3.6288,61.308,0.0380028,0,0,1.8375,0.220388,1.57911,0.66528,12.849,1,0.351788,3.29281,0,119.328,3.54984,118.719,0.84672,12.849,0.84672,3695.15,0,0,0,6.89547,1.26031,10.5899,0.833934,17.9117,0.42336,0,0.42336,460.49,0,1.02816,0,0,7.92363,6.89547,1.028160,1,0,138.21,0,0,0,138.21,0
72.29,2.19783,0,0,3.74953,0.261874,1.28982,3.6288,61.308,0.127992,0,0,1.22608,0.230269,0.867815,0.66528,12.849,1,0.390648,1.28982,0,102.197,3.71336,99.3832,0.84672,12.849,0.84672,3695.15,0,0,0,3.63014,1.26055,7.26222,0.907351,11.2456,0.42336,0,0.42336,460.49,0,1.02816,0,0,4.6583,3.63014,1.028160,1,0,111.497,0,0,0,111.497,0
72.29,2.19837,0,0,4.51215,0.245507,2.06827,3.6288,61.308,0.128179,0,0,1.12203,0.190122,0.803724,0.66528,12.849,1,0.390744,2.06827,0,95.3942,3.62795,93.4438,0.84672,12.849,0.84672,3695.15,0,0,0,2.92373,1.37832,5.05532,0.977497,8.37988,0.42336,0,0.42336,460.49,0,1.02816,0,0,3.95189,2.92373,1.028160,1,0,102.627,0,0,0,102.627,0
72.29,2.19891,0,0,3.61979,0.236855,1.18403,3.6288,61.308,0.128366,0,0,1.57812,0.17355,1.27621,0.66528,12.849,1,0.390839,1.18403,0,100.787,3.45019,98.1303,0.84672,12.849,0.84672,3695.15,0,0,0,4.78447,1.37859,7.12819,0.91577,12.3755,0.42336,0,0.42336,460.49,0,1.02816,0,0,5.81263,4.78447,1.028160,1,0,111.782,0,0,0,111.782,0
72.29,2.19945,0,0,5.01842,0.251314,2.56766,3.6288,61.308,0.128553,0,0,1.06574,0.166013,0.771177,0.66528,12.849,1,0.390935,2.56766,0,142.303,3.49396,140.985,0.84672,12.849,0.84672,3695.15,0,0,0,4.46121,1.37885,5.59272,0.896604,10.5362,0.42336,0,0.42336,460.49,0,1.02816,0,0,5.48937,4.46121,1.028160,1,0,152.293,0,0,0,152.293,0
72.29,1.88858,0,0,7.38397,0.307773,5.18762,3.6288,61.308,0.00809257,0,0,1.19825,0.174604,1.01555,0.66528,12.849,1,0.33568,5.18762,0,137.831,3.52791,139.155,0.84672,12.849,0.84672,3695.15,0,0,0,8.24619,1.37911,7.29259,0.8898,16.0281,0.42336,0,0.42336,460.49,0,1.02816,0,0,9.27435,8.24619,1.028160,1,0,156.199,0,0,0,156.199,0
72.29,1.88904,0,0,7.38919,0.298452,5.20169,3.6288,61.308,0.00825332,0,0,1.07511,0.123969,0.942887,0.66528,12.849,1,0.335763,5.20169,0,125.411,3.27339,127.004,0.84672,12.849,0.84672,3695.15,0,0,0,2.92887,1.21743,7.19649,0.946135,10.3967,0.42336,0,0.42336,460.49,0,1.02816,0,0,3.95703,2.92887,1.028160,1,0,138.343,0,0,0,138.343,0
72.29,1.88951,0,0,8.75742,0.29436,6.57354,3.6288,61.308,0.00841407,0,0,1.55787,0.112101,1.43735,0.66528,12.849,1,0.335847,6.57354,0,166.139,3.2404,169.137,0.84672,12.849,0.84672,3695.15,0,0,0,4.42476,1.21766,9.84563,0.950385,14.5377,0.42336,0,0.42336,460.49,0,1.02816,0,0,5.45292,4.42476,1.028160,1,0,185.112,0,0,0,185.112,0
72.29,1.88999,0,0,10.9121,0.296239,8.72584,3.6288,61.308,0.00857489,0,0,2.2906,0.135048,2.14698,0.66528,12.849,1,0.335931,8.72584,0,190.953,3.89007,195.452,0.84672,12.849,0.84672,3695.15,0,0,0,7.71295,1.21789,16.2442,1.05043,24.1246,0.42336,0,0.42336,460.49,0,1.02816,0,0,8.74111,7.71295,1.028160,1,0,221.724,0,0,0,221.724,0
72.29,1.89046,0,0,7.27739,0.298745,5.08819,3.6288,61.308,0.00873576,0,0,1.23087,0.165645,1.05649,0.66528,12.849,1,0.336014,5.08819,0,153.824,4.75629,153.82,0.84672,12.849,0.84672,3695.15,0,0,0,3.77001,1.21812,9.23746,1.18383,13.0418,0.42336,0,0.42336,460.49,0,1.02816,0,0,4.79817,3.77001,1.028160,1,0,167.918,0,0,0,167.918,0
72.29,1.9694,0,0,9.96175,0.295995,7.69635,3.6288,61.308,0.0384439,0,0,2.77715,0.153063,2.58564,0.66528,12.849,1,0.350046,7.69635,0,183.363,4.54322,186.166,0.84672,12.849,0.84672,3695.15,0,0,0,6.03565,1.21835,14.9418,1.17525,21.0206,0.42336,0,0.42336,460.49,0,1.02816,0,0,7.06381,6.03565,1.028160,1,0,209.773,0,0,0,209.773,0
72.29,1.96989,0,0,8.35609,0.29233,6.09387,3.6288,61.308,0.0386113,0,0,1.98262,0.136288,1.80772,0.66528,12.849,1,0.350132,6.09387,0,163.551,4.25911,165.036,0.84672,12.849,0.84672,3695.15,0,0,0,4.3739,1.25872,11.9057,1.16381,16.3746,0.42336,0,0.42336,460.49,0,1.02816,0,0,5.40206,4.3739,1.028160,1,0,183.218,0,0,0,183.218,0
72.29,1.97037,0,0,7.04549,0.29233,4.78279,3.6288,61.308,0.0387787,0,0,1.73557,0.136288,1.5605,0.66528,12.849,1,0.350219,4.78279,0,124.804,4.25911,124.977,0.84672,12.849,0.84672,3695.15,0,0,0,4.0813,1.25896,10.8476,1.16381,15.0241,0.42336,0,0.42336,460.49,0,1.02816,0,0,5.10946,4.0813,1.028160,1,0,141.562,0,0,0,141.562,0
72.29,1.97086,0,0,6.29933,0.29233,4.03614,3.6288,61.308,0.0389462,0,0,1.58367,0.136288,1.40843,0.66528,12.849,1,0.350306,4.03614,0,106.072,4.25911,105.499,0.84672,12.849,0.84672,3695.15,0,0,0,3.71799,1.2592,9.88952,1.16381,13.7029,0.42336,0,0.42336,460.49,0,1.02816,0,0,4.74615,3.71799,1.028160,1,0,120.61,0,0,0,120.61,0
72.29,1.94064,0,0,7.13045,0.244737,4.94508,3.6288,61.308,0.0276277,0,0,1.6198,0.124669,1.4675,0.66528,12.849,1,0.344934,4.94508,0,111.384,3.4788,112.506,0.84672,12.849,0.84672,3695.15,0,0,0,3.65444,1.25943,10.5289,1.1575,14.2853,0.42336,0,0.42336,460.49,0,1.02816,0,0,4.6826,3.65444,1.028160,1,0,128.258,0,0,0,128.258,0
72.29,1.94112,0,0,5.50622,0.221644,3.34346,3.6288,61.308,0.0277928,0,0,1.30595,0.204192,1.07397,0.66528,12.849,1,0.34502,3.34346,0,102.44,4.57968,100.859,0.84672,12.849,0.84672,3695.15,0,0,0,3.17373,1.24402,8.26304,1.2038,11.477,0.42336,0,0.42336,460.49,0,1.02816,0,0,4.20189,3.17373,1.028160,1,0,113.41,0,0,0,113.41,0
72.29,1.9416,0,0,5.20084,0.221644,3.03759,3.6288,61.308,0.0279578,0,0,1.30899,0.204192,1.07685,0.66528,12.849,1,0.345105,3.03759,0,95.2335,4.57968,93.3463,0.84672,12.849,0.84672,3695.15,0,0,0,2.99326,1.24425,7.81013,1.2038,10.8438,0.42336,0,0.42336,460.49,0,1.02816,0,0,4.02142,2.99326,1.028160,1,0,105.267,0,0,0,105.267,0
72.29,1.94208,0,0,4.92913,0.221644,2.7654,3.6288,61.308,0.0281229,0,0,1.59607,0.204192,1.36375,0.66528,12.849,1,0.345191,2.7654,0,89.551,4.57968,87.3915,0.84672,12.849,0.84672,3695.15,0,0,0,3.80242,1.24449,9.17162,1.2038,13.0147,0.42336,0,0.42336,460.49,0,1.02816,0,0,4.83058,3.80242,1.028160,1,0,101.77,0,0,0,101.77,0
72.29,2.04689,0,0,4.56431,0.232955,2.28446,3.6288,61.308,0.0690558,0,0,1.34666,0.15162,1.12599,0.66528,12.849,1,0.36382,2.28446,0,79.8362,4.1019,77.6549,0.84672,12.849,0.84672,3695.15,0,0,0,3.09145,1.24472,8.05723,1.01371,11.3797,0.42336,0,0.42336,460.49,0,1.02816,0,0,4.11961,3.09145,1.028160,1,0,90.1606,0,0,0,90.1606,0
72.29,2.0474,0,0,4.21237,0.156762,2.00821,3.6288,61.308,0.0692299,0,0,1.53111,0.176787,1.28509,0.66528,12.849,1,0.36391,2.00821,0,71.1279,4.11955,68.6527,0.84672,12.849,0.84672,3695.15,0,0,0,3.2929,1.29948,7.31514,1.07596,10.8316,0.42336,0,0.42336,460.49,0,1.02816,0,0,4.32106,3.2929,1.028160,1,0,80.7693,0,0,0,80.7693,0
72.29,2.0479,0,0,3.83228,0.159948,1.62443,3.6288,61.308,0.069404,0,0,1.35295,0.18265,1.1009,0.66528,12.849,1,0.363999,1.62443,0,63.1437,4.03378,60.3704,0.84672,12.849,0.84672,3695.15,0,0,0,2.82956,1.29972,6.53219,1.09721,9.56425,0.42336,0,0.42336,460.49,0,1.02816,0,0,3.85772,2.82956,1.028160,1,0,71.0355,0,0,0,71.0355,0
72.29,2.04841,0,0,3.71303,0.159948,1.50467,3.6288,61.308,0.0695782,0,0,1.09516,0.18265,0.842935,0.66528,12.849,1,0.364089,1.50467,0,57.6806,4.03378,54.7874,0.84672,12.849,0.84672,3695.15,0,0,0,2.60905,1.29997,6.31489,1.09721,9.12669,0.42336,0,0.42336,460.49,0,1.02816,0,0,3.63721,2.60905,1.028160,1,0,64.757,0,0,0,64.757,0
72.29,2.04891,0,0,3.44371,0.156918,1.23787,3.6288,61.308,0.0697524,0,0,0.996996,0.27952,0.647723,0.66528,12.849,1,0.364179,1.23787,0,53.6431,5.6795,48.8373,0.84672,12.849,0.84672,3695.15,0,0,0,2.47389,1.30021,6.08464,1.43577,8.42298,0.42336,0,0.42336,460.49,0,1.02816,0,0,3.50205,2.47389,1.028160,1,0,57.908,0,0,0,57.908,0
72.29,2.02876,0,0,3.421,0.155665,1.23657,3.6288,61.308,0.0923578,0,0,0.990274,0.259712,0.638204,0.66528,12.849,1,0.360597,1.23657,0,56.4893,5.32816,52.0371,0.84672,12.849,0.84672,3695.15,0,0,0,2.34183,1.30046,6.10712,1.35968,8.38973,0.42336,0,0.42336,460.49,0,1.02816,0,0,3.36999,2.34183,1.028160,1,0,61.065,0,0,0,61.065,0
72.29,2.02926,0,0,3.49458,0.152974,1.31234,3.6288,61.308,0.092537,0,0,0.988563,0.236483,0.659543,0.66528,12.849,1,0.360686,1.31234,0,60.5574,4.7007,56.8084,0.84672,12.849,0.84672,3695.15,0,0,0,1.90776,1.31348,6.03819,1.27691,7.98251,0.42336,0,0.42336,460.49,0,1.02816,0,0,2.93592,1.90776,1.028160,1,0,65.4504,0,0,0,65.4504,0
72.29,2.02977,0,0,3.28592,0.0974922,1.15866,3.6288,61.308,0.0927162,0,0,0.985634,0.257237,0.63568,0.66528,12.849,1,0.360775,1.15866,0,56.3413,4.86098,52.2782,0.84672,12.849,0.84672,3695.15,0,0,0,1.78629,1.31373,5.99893,1.32452,7.77444,0.42336,0,0.42336,460.49,0,1.02816,0,0,2.81445,1.78629,1.028160,1,0,60.6883,0,0,0,60.6883,0
72.29,2.03027,0,0,3.04952,0.0974257,0.921831,3.6288,61.308,0.0928955,0,0,0.979767,0.257237,0.629635,0.66528,12.849,1,0.360864,0.921831,0,51.78,4.86098,47.48,0.84672,12.849,0.84672,3695.15,0,0,0,1.8415,1.31398,5.49761,1.32452,7.32857,0.42336,0,0.42336,460.49,0,1.02816,0,0,2.86966,1.8415,1.028160,1,0,55.4382,0,0,0,55.4382,0
72.29,2.08415,0,0,2.83496,0.0974257,0.653378,3.6288,61.308,0.113083,0,0,0.976234,0.257237,0.605913,0.66528,12.849,1,0.370442,0.653378,0,48.3403,4.86098,43.7622,0.84672,12.849,0.84672,3695.15,0,0,0,1.87158,1.31423,5.34627,1.32452,7.20755,0.42336,0,0.42336,460.49,0,1.02816,0,0,2.89974,1.87158,1.028160,1,0,51.5757,0,0,0,51.5757,0
72.29,2.08467,0,0,2.81311,0.102628,0.625813,3.6288,61.308,0.113267,0,0,0.897877,0.304493,0.480117,0.66528,12.849,1,0.370534,0.625813,0,47.0016,5.55922,41.6977,0.84672,12.849,0.84672,3695.15,0,0,0,2.02887,1.34172,5.81532,1.42372,7.76219,0.42336,0,0.42336,460.49,0,1.02816,0,0,3.05703,2.02887,1.028160,1,0,49.94,0,0,0,49.94,0
72.29,2.08518,0,0,2.60208,0.102628,0.414277,3.6288,61.308,0.113451,0,0,0.848301,0.304493,0.430357,0.66528,12.849,1,0.370625,0.414277,0,42.491,5.55922,36.9754,0.84672,12.849,0.84672,3695.15,0,0,0,2.30401,1.34197,4.62602,1.42372,6.84829,0.42336,0,0.42336,460.49,0,1.02816,0,0,3.33217,2.30401,1.028160,1,0,44.2541,0,0,0,44.2541,0
72.29,2.08569,0,0,2.57278,0.102628,0.384465,3.6288,61.308,0.113635,0,0,0.802846,0.304493,0.384718,0.66528,12.849,1,0.370716,0.384465,0,44.6005,5.55922,39.055,0.84672,12.849,0.84672,3695.15,0,0,0,2.31168,1.34223,5.32243,1.42372,7.55261,0.42336,0,0.42336,460.49,0,1.02816,0,0,3.33984,2.31168,1.028160,1,0,46.9923,0,0,0,46.9923,0
71.9048,2.24268,0,0,2.323,0.102628,0.36288,3.6288,61.308,0.186103,0,0,0.716524,0.304493,0.225928,0.66528,12.849,1,0.39862,0.36288,0,40.9377,5.55922,35.3427,0.84672,12.849,0.84672,3695.15,0,0,0,1.93387,1.34248,4.94516,1.42372,6.79779,0.42336,0,0.42336,460.49,0,1.02816,0,0,2.96203,1.93387,1.028160,1,0,42.3665,0,0,0,42.3665,0
71.3266,2.24142,0,0,2.14873,0.122609,0.36288,3.6288,61.308,0.186302,0,0,0.630903,0.305947,0.138654,0.66528,12.849,1,0.400529,0.36288,0,30.939,5.72657,25.1748,0.84672,12.849,0.84672,3695.15,0,0,0,1.43263,1.43312,4.27372,1.51046,5.62902,0.42336,0,0.42336,460.49,0,1.02816,0,0,2.46079,1.43263,1.028160,1,0,30.9424,0,0,0,30.9424,0
70.8391,2.23921,0,0,2.25181,0.137215,0.36288,3.6288,61.308,0.186502,0,0,0.612131,0.307037,0.118592,0.66528,12.849,1,0.403379,0.36288,0,28.4488,5.85207,22.5562,0.84672,12.849,0.84672,3695.15,0,0,0,1.3273,1.43339,3.45951,1.57552,4.64469,0.42336,0,0.42336,460.49,0,1.02816,0,0,2.35546,1.3273,1.028160,1,0,27.3195,0,0,0,27.3195,0
69.9565,2.23741,0,0,1.85433,0.136704,0.36288,3.6288,61.308,0.186702,0,0,0.532779,0.307037,0.0390394,0.66528,12.849,1,0.405827,0.36288,0,35.3175,5.85207,29.4225,0.84672,12.849,0.84672,3695.15,0,0,0,1.05314,1.43367,3.08642,1.57552,3.99771,0.42336,0,0.42336,460.49,0,1.02816,0,0,2.0813,1.05314,1.028160,1,0,33.4592,0,0,0,33.4592,0
69.2756,2.23363,0,0,2.05138,0.135778,0.36288,3.6288,61.308,0.186902,0,0,0.731875,0.307037,0.237935,0.66528,12.849,1,0.410253,0.36288,0,30.2797,5.85207,24.3803,0.84672,12.849,0.84672,3695.15,0,0,0,1.69642,1.43394,3.68832,1.57552,5.24317,0.42336,0,0.42336,460.49,0,1.02816,0,0,2.72458,1.69642,1.028160,1,0,29.8614,0,0,0,29.8614,0
68.795,2.15492,0,0,2.16209,0.124839,0.36288,3.6288,61.308,0.14318,0,0,0.958782,0.314882,0.50072,0.66528,12.849,1,0.399688,0.36288,0,37.7692,5.70456,32.0278,0.84672,12.849,0.84672,3695.15,0,0,0,1.72614,1.43422,6.16741,1.56747,7.7603,0.42336,0,0.42336,460.49,0,1.02816,0,0,2.7543,1.72614,1.028160,1,0,40.2888,0,0,0,40.2888,0
68.6699,2.1531,0,0,2.54794,0.157117,0.36288,3.6288,61.308,0.14337,0,0,1.5917,0.293087,1.15524,0.66528,12.849,1,0.402139,0.36288,0,48.9228,5.0045,43.879,0.84672,12.849,0.84672,3695.15,0,0,0,1.5376,1.38371,7.89679,1.43358,9.38452,0.42336,0,0.42336,460.49,0,1.02816,0,0,2.56576,1.5376,1.028160,1,0,54.4188,0,0,0,54.4188,0
69.3995,2.15301,0,0,3.41221,0.166656,0.36288,3.6288,61.308,0.143561,0,0,1.95753,0.286186,1.52778,0.66528,12.849,1,0.402855,0.36288,0,64.9167,4.94928,59.9275,0.84672,12.849,0.84672,3695.15,0,0,0,2.36855,1.38398,9.70592,1.41461,12.0438,0.42336,0,0.42336,460.49,0,1.02816,0,0,3.39671,2.36855,1.028160,1,0,73.4991,0,0,0,73.4991,0
71.0099,2.15711,0,0,4.29792,0.167604,0.36288,3.6288,61.308,0.143751,0,0,2.93482,0.286186,2.50488,0.66528,12.849,1,0.399379,0.36288,0,132.126,4.94928,127.141,0.84672,12.849,0.84672,3695.15,0,0,0,4.06818,1.38424,13.4064,1.41461,17.4442,0.42336,0,0.42336,460.49,0,1.02816,0,0,5.09634,4.06818,1.028160,1,0,147.09,0,0,0,147.09,0
72.29,2.10276,0,0,4.0171,0.240831,0.393372,3.6288,61.308,0.103926,0,0,1.98628,0.263502,1.61886,0.66528,12.849,1,0.380487,0.393372,0,103.899,4.89726,99.0151,0.84672,12.849,0.84672,3695.15,0,0,0,2.37002,1.3845,8.08099,1.43797,10.3976,0.42336,0,0.42336,460.49,0,1.02816,0,0,3.39818,2.37002,1.028160,1,0,111.031,0,0,0,111.031,0
72.29,2.109,0,0,2.92336,0.251098,0.563265,3.6288,61.308,0.104108,0,0,1.91069,0.242324,1.56426,0.66528,12.849,1,0.374859,0.563265,0,110.127,4.06562,106.25,0.84672,12.849,0.84672,3695.15,0,0,0,2.50716,1.34001,12.6633,0.937584,15.5729,0.42336,0,0.42336,460.49,0,1.02816,0,0,3.53532,2.50716,1.028160,1,0,123.387,0,0,0,123.387,0
72.29,2.10952,0,0,3.46137,0.243437,1.10842,3.6288,61.308,0.10429,0,0,1.87612,0.24163,1.5302,0.66528,12.849,1,0.374951,1.10842,0,70.9087,3.93351,67.7087,0.84672,12.849,0.84672,3695.15,0,0,0,2.02745,1.34027,13.6647,0.851268,16.1811,0.42336,0,0.42336,460.49,0,1.02816,0,0,3.05561,2.02745,1.028160,1,0,85.42,0,0,0,85.42,0
72.29,2.11003,0,0,3.84863,0.259587,1.47901,3.6288,61.308,0.104472,0,0,1.94654,0.238008,1.60406,0.66528,12.849,1,0.375043,1.47901,0,58.8463,3.92911,56.0212,0.84672,12.849,0.84672,3695.15,0,0,0,2.14311,1.34052,11.5349,0.846261,14.1723,0.42336,0,0.42336,460.49,0,1.02816,0,0,3.17127,2.14311,1.028160,1,0,71.7975,0,0,0,71.7975,0
72.29,1.93227,0,0,2.82859,0.296599,0.599723,3.6288,61.308,0.0212412,0,0,1.56595,0.240244,1.30446,0.66528,12.849,1,0.343446,0.599723,0,79.1977,4.11208,75.3419,0.84672,12.849,0.84672,3695.15,0,0,0,1.36882,1.34077,7.76866,1.03809,9.44016,0.42336,0,0.42336,460.49,0,1.02816,0,0,2.39698,1.36882,1.028160,1,0,86.0865,0,0,0,86.0865,0
72.29,1.93275,0,0,3.39917,0.284619,1.1818,3.6288,61.308,0.0214048,0,0,1.49774,0.236324,1.24002,0.66528,12.849,1,0.343531,1.1818,0,96.4889,4.32157,93.0056,0.84672,12.849,0.84672,3695.15,0,0,0,1.593,1.23724,11.2633,1.09148,13.002,0.42336,0,0.42336,460.49,0,1.02816,0,0,2.62116,1.593,1.028160,1,0,107.248,0,0,0,107.248,0
72.29,1.93323,0,0,3.09171,0.283121,0.875365,3.6288,61.308,0.0215684,0,0,1.4039,0.230388,1.15194,0.66528,12.849,1,0.343616,0.875365,0,99.9864,4.45253,96.0656,0.84672,12.849,0.84672,3695.15,0,0,0,2.29956,1.23747,13.1142,1.10379,15.5475,0.42336,0,0.42336,460.49,0,1.02816,0,0,3.32772,2.29956,1.028160,1,0,112.765,0,0,0,112.765,0
72.29,1.93371,0,0,5.29135,0.283121,3.07453,3.6288,61.308,0.0217321,0,0,1.39397,0.230388,1.14185,0.66528,12.849,1,0.343702,3.07453,0,111.891,4.45253,110.169,0.84672,12.849,0.84672,3695.15,0,0,0,2.30881,1.2377,13.5423,1.10379,15.9851,0.42336,0,0.42336,460.49,0,1.02816,0,0,3.33697,2.30881,1.028160,1,0,127.296,0,0,0,127.296,0
72.29,1.93419,0,0,5.27002,0.290517,3.04532,3.6288,61.308,0.0218957,0,0,1.82547,0.222792,1.58078,0.66528,12.849,1,0.343787,3.04532,0,108.366,3.88893,107.179,0.84672,12.849,0.84672,3695.15,0,0,0,1.98084,1.23793,16.1546,1.05746,18.3159,0.42336,0,0.42336,460.49,0,1.02816,0,0,3.009,1.98084,1.028160,1,0,127.076,0,0,0,127.076,0
72.29,1.93419,0,0,9.63268,0.309911,7.38859,3.6288,61.308,0.0218957,0,0,3.67044,0.214797,3.43374,0.66528,12.849,1,0.343787,7.38859,0,151.313,3.68738,154.671,0.84672,12.849,0.84672,3695.15,0,0,0,3.12117,1.23817,22.4471,1.09549,25.7109,0.42336,0,0.42336,460.49,0,1.02816,0,0,4.14933,3.12117,1.028160,1,0,183.815,0,0,0,183.815,0
72.29,2.00331,0,0,12.6833,0.283702,10.3963,3.6288,61.308,0.0462362,0,0,7.31667,0.227525,7.04291,0.66528,12.849,1,0.356073,10.3963,0,136.868,3.89884,143.009,0.84672,12.849,0.84672,3695.15,0,0,0,7.14269,1.23817,25.2774,1.14989,32.5083,0.42336,0,0.42336,460.49,0,1.02816,0,0,8.17085,7.14269,1.028160,1,0,182.561,0,0,0,182.561,0
72.29,2.00378,0,0,7.24991,0.313244,4.93288,3.6288,61.308,0.0463989,0,0,3.37283,0.251201,3.07523,0.66528,12.849,1,0.356157,4.93288,0,185.667,4.19811,186.045,0.84672,12.849,0.84672,3695.15,0,0,0,3.65249,1.27223,16.1506,1.28827,19.787,0.42336,0,0.42336,460.49,0,1.02816,0,0,4.68065,3.65249,1.028160,1,0,208.908,0,0,0,208.908,0
72.29,2.00426,0,0,6.90595,0.313244,4.58845,3.6288,61.308,0.0465615,0,0,2.96014,0.251201,2.66238,0.66528,12.849,1,0.356242,4.58845,0,182.871,4.19811,182.905,0.84672,12.849,0.84672,3695.15,0,0,0,2.82785,1.27246,14.1617,1.28827,16.9738,0.42336,0,0.42336,460.49,0,1.02816,0,0,3.85601,2.82785,1.028160,1,0,202.541,0,0,0,202.541,0
72.29,2.00474,0,0,7.28076,0.313244,4.96278,3.6288,61.308,0.0467242,0,0,3.08061,0.251201,2.78268,0.66528,12.849,1,0.356327,4.96278,0,152.173,4.19811,152.581,0.84672,12.849,0.84672,3695.15,0,0,0,4.25276,1.27269,15.8726,1.28827,20.1098,0.42336,0,0.42336,460.49,0,1.02816,0,0,5.28092,4.25276,1.028160,1,0,175.474,0,0,0,175.474,0
72.29,2.22584,0,0,7.459,0.291514,4.94164,3.6288,61.308,0.137734,0,0,4.50415,0.226996,4.13942,0.66528,12.849,1,0.395626,4.94164,0,194.31,3.52394,195.332,0.84672,12.849,0.84672,3695.15,0,0,0,5.19149,1.27292,18.0385,1.0806,23.4223,0.42336,0,0.42336,460.49,0,1.02816,0,0,6.21965,5.19149,1.028160,1,0,222.894,0,0,0,222.894,0
72.29,2.22636,0,0,6.51076,0.282822,4.00157,3.6288,61.308,0.137916,0,0,3.62724,0.217314,3.27202,0.66528,12.849,1,0.395719,4.00157,0,171.164,3.25426,171.515,0.84672,12.849,0.84672,3695.15,0,0,0,4.00376,1.39203,13.0328,0.997525,17.4311,0.42336,0,0.42336,460.49,0,1.02816,0,0,5.03192,4.00376,1.028160,1,0,192.218,0,0,0,192.218,0
72.29,2.22689,0,0,9.37025,0.282822,6.86054,3.6288,61.308,0.138098,0,0,5.17576,0.217314,4.82035,0.66528,12.849,1,0.395812,6.86054,0,222.133,3.25426,225.343,0.84672,12.849,0.84672,3695.15,0,0,0,6.45191,1.39229,21.8079,0.997525,28.6546,0.42336,0,0.42336,460.49,0,1.02816,0,0,7.48007,6.45191,1.028160,1,0,258.818,0,0,0,258.818,0
72.29,2.22741,0,0,9.99544,0.265813,7.50222,3.6288,61.308,0.13828,0,0,6.9626,0.248581,6.57574,0.66528,12.849,1,0.395905,7.50222,0,233.51,4.06419,236.552,0.84672,12.849,0.84672,3695.15,0,0,0,8.60622,1.39254,29.7597,1.23741,38.5211,0.42336,0,0.42336,460.49,0,1.02816,0,0,9.63438,8.60622,1.028160,1,0,281.649,0,0,0,281.649,0
72.29,1.91298,0,0,7.55749,0.30479,5.33972,3.6288,61.308,0.0164413,0,0,4.43357,0.192099,4.22503,0.66528,12.849,1,0.340018,5.33972,0,143.374,3.61619,144.757,0.84672,12.849,0.84672,3695.15,0,0,0,5.69851,1.3928,17.9753,0.892629,24.1739,0.42336,0,0.42336,460.49,0,1.02816,0,0,6.72667,5.69851,1.028160,1,0,173.156,0,0,0,173.156,0
72.29,1.91344,0,0,5.84715,0.317567,3.61615,3.6288,61.308,0.0165977,0,0,3.23183,0.187417,3.02781,0.66528,12.849,1,0.340099,3.61615,0,98.5427,3.69464,98.1241,0.84672,12.849,0.84672,3695.15,0,0,0,3.7461,1.22927,12.1383,0.867733,16.246,0.42336,0,0.42336,460.49,0,1.02816,0,0,4.77426,3.7461,1.028160,1,0,117.398,0,0,0,117.398,0
72.29,1.9139,0,0,6.30761,0.317567,4.07615,3.6288,61.308,0.0167541,0,0,3.84305,0.187417,3.63888,0.66528,12.849,1,0.34018,4.07615,0,111.614,3.69464,111.655,0.84672,12.849,0.84672,3695.15,0,0,0,3.9399,1.22949,9.87059,0.867733,14.1723,0.42336,0,0.42336,460.49,0,1.02816,0,0,4.96806,3.9399,1.028160,1,0,129.467,0,0,0,129.467,0
72.29,1.91435,0,0,9.82705,0.314835,7.59786,3.6288,61.308,0.0169105,0,0,5.96684,0.164508,5.78543,0.66528,12.849,1,0.340262,7.59786,0,206.359,3.33601,210.281,0.84672,12.849,0.84672,3695.15,0,0,0,8.50772,1.22971,20.8096,0.806313,29.7407,0.42336,0,0.42336,460.49,0,1.02816,0,0,9.53588,8.50772,1.028160,1,0,245.807,0,0,0,245.807,0
72.29,1.91481,0,0,8.12366,0.318446,5.8904,3.6288,61.308,0.0170669,0,0,3.82578,0.145188,3.66353,0.66528,12.849,1,0.340343,5.8904,0,169.284,3.17046,171.663,0.84672,12.849,0.84672,3695.15,0,0,0,5.51364,1.22994,12.5677,0.757112,18.5541,0.42336,0,0.42336,460.49,0,1.02816,0,0,6.5418,5.51364,1.028160,1,0,193.881,0,0,0,193.881,0
72.29,1.99463,0,0,4.65338,0.332594,2.32616,3.6288,61.308,0.0471055,0,0,2.16973,0.139839,1.98278,0.66528,12.849,1,0.35453,2.32616,0,88.9514,3.42899,87.494,0.84672,12.849,0.84672,3695.15,0,0,0,2.79152,1.23016,7.9933,0.749272,11.2657,0.42336,0,0.42336,460.49,0,1.02816,0,0,3.81968,2.79152,1.028160,1,0,100.743,0,0,0,100.743,0
72.29,1.9951,0,0,5.55613,0.332594,3.22844,3.6288,61.308,0.0472684,0,0,3.53643,0.139839,3.34932,0.66528,12.849,1,0.354615,3.22844,0,101.97,3.42899,101.415,0.84672,12.849,0.84672,3695.15,0,0,0,3.36132,1.27098,8.42901,0.749272,12.312,0.42336,0,0.42336,460.49,0,1.02816,0,0,4.38948,3.36132,1.028160,1,0,117.076,0,0,0,117.076,0
72.29,1.99558,0,0,3.91777,0.332594,1.5896,3.6288,61.308,0.0474312,0,0,1.81418,0.139839,1.62691,0.66528,12.849,1,0.354699,1.5896,0,69.7637,3.42899,67.5696,0.84672,12.849,0.84672,3695.15,0,0,0,1.83199,1.27121,6.52121,0.749272,8.87515,0.42336,0,0.42336,460.49,0,1.02816,0,0,2.86015,1.83199,1.028160,1,0,78.0717,0,0,0,78.0717,0
72.29,1.99605,0,0,3.53669,0.323666,1.21697,3.6288,61.308,0.0475941,0,0,1.98757,0.144597,1.79538,0.66528,12.849,1,0.354783,1.21697,0,76.0164,3.48716,73.3915,0.84672,12.849,0.84672,3695.15,0,0,0,1.91926,1.27144,6.82379,0.760722,9.25376,0.42336,0,0.42336,460.49,0,1.02816,0,0,2.94742,1.91926,1.028160,1,0,84.4406,0,0,0,84.4406,0
72.29,1.96547,0,0,3.10565,0.297119,0.843058,3.6288,61.308,0.0361413,0,0,1.11329,0.191064,0.886085,0.66528,12.849,1,0.349348,0.843058,0,49.7599,4.08135,46.1723,0.84672,12.849,0.84672,3695.15,0,0,0,1.29994,1.27167,6.99035,0.960438,8.60152,0.42336,0,0.42336,460.49,0,1.02816,0,0,2.3281,1.29994,1.028160,1,0,55.6599,0,0,0,55.6599,0
72.29,1.96594,0,0,3.61999,0.297119,1.35693,3.6288,61.308,0.0363017,0,0,1.18872,0.191064,0.961351,0.66528,12.849,1,0.349431,1.35693,0,51.3842,4.08135,48.3103,0.84672,12.849,0.84672,3695.15,0,0,0,1.29568,1.25608,5.99379,0.960438,7.58511,0.42336,0,0.42336,460.49,0,1.02816,0,0,2.32384,1.29568,1.028160,1,0,56.8568,0,0,0,56.8568,0
72.29,1.96641,0,0,4.05458,0.274286,1.81389,3.6288,61.308,0.0364623,0,0,1.22302,0.196419,0.990136,0.66528,12.849,1,0.349514,1.81389,0,61.7134,4.24389,58.9339,0.84672,12.849,0.84672,3695.15,0,0,0,1.39986,1.2563,5.77826,0.930349,7.50407,0.42336,0,0.42336,460.49,0,1.02816,0,0,2.42802,1.39986,1.028160,1,0,67.4281,0,0,0,67.4281,0
72.29,1.96688,0,0,2.77589,0.243841,0.565168,3.6288,61.308,0.0366228,0,0,1.06279,0.20356,0.822607,0.66528,12.849,1,0.349597,0.565168,0,45.3987,4.46061,41.1537,0.84672,12.849,0.84672,3695.15,0,0,0,1.0553,1.25653,5.19119,0.89023,6.61279,0.42336,0,0.42336,460.49,0,1.02816,0,0,2.08346,1.0553,1.028160,1,0,48.5891,0,0,0,48.5891,0
72.29,2.07285,0,0,2.95148,0.221278,0.65735,3.6288,61.308,0.0780105,0,0,0.981694,0.205421,0.698262,0.66528,12.849,1,0.368433,0.65735,0,45.9154,4.78479,41.4195,0.84672,12.849,0.84672,3695.15,0,0,0,0.93401,1.25676,5.07312,1.00488,6.25901,0.42336,0,0.42336,460.49,0,1.02816,0,0,1.96217,0.93401,1.028160,1,0,48.3768,0,0,0,48.3768,0
72.29,2.07334,0,0,2.92406,0.165073,0.685648,3.6288,61.308,0.0781798,0,0,0.83687,0.197413,0.561277,0.66528,12.849,1,0.36852,0.685648,0,43.0167,4.75797,38.5758,0.84672,12.849,0.84672,3695.15,0,0,0,0.831704,1.31212,4.77165,1.06483,5.85064,0.42336,0,0.42336,460.49,0,1.02816,0,0,1.85986,0.831704,1.028160,1,0,44.9877,0,0,0,44.9877,0
72.29,2.07383,0,0,2.74837,0.149851,0.524685,3.6288,61.308,0.0783492,0,0,0.871543,0.200983,0.59221,0.66528,12.849,1,0.368608,0.524685,0,39.6228,4.86633,34.9125,0.84672,12.849,0.84672,3695.15,0,0,0,0.836335,1.31236,4.84957,1.04477,5.95349,0.42336,0,0.42336,460.49,0,1.02816,0,0,1.86449,0.836335,1.028160,1,0,41.4582,0,0,0,41.4582,0
72.29,2.07432,0,0,2.641,0.149851,0.416825,3.6288,61.308,0.0785186,0,0,0.887846,0.200983,0.608344,0.66528,12.849,1,0.368695,0.416825,0,37.3532,4.86633,32.535,0.84672,12.849,0.84672,3695.15,0,0,0,0.743524,1.3126,4.8357,1.04477,5.84705,0.42336,0,0.42336,460.49,0,1.02816,0,0,1.77168,0.743524,1.028160,1,0,38.9904,0,0,0,38.9904,0
72.0367,2.07481,0,0,2.32899,0.144584,0.36288,3.6288,61.308,0.0786879,0,0,0.790249,0.20962,0.501941,0.66528,12.849,1,0.368782,0.36288,0,35.462,4.73631,30.7198,0.84672,12.849,0.84672,3695.15,0,0,0,0.527705,1.31284,4.04035,1.09685,4.78405,0.42336,0,0.42336,460.49,0,1.02816,0,0,1.55587,0.527705,1.028160,1,0,36.0058,0,0,0,36.0058,0
71.3135,2.05333,0,0,1.82426,0.131229,0.36288,3.6288,61.308,0.242442,0,0,0.669565,0.231213,0.195911,0.66528,12.849,1,0.366247,0.36288,0,33.7533,4.41126,29.3387,0.84672,12.849,0.84672,3695.15,0,0,0,0.30119,1.31308,2.88205,1.22703,3.26929,0.42336,0,0.42336,460.49,0,0.887259,0,0,1.18845,0.30119,1.028160,1,0,32.8039,0,0,0,32.8039,0
70.47,2.05067,0,0,1.70042,0.130442,0.36288,3.6288,61.308,0.156017,0,0,0.670585,0.231213,0.283355,0.66528,12.849,1,0.369481,0.36288,0,31.1824,4.41126,26.7645,0.84672,12.849,0.84672,3695.15,0,0,0,0.261274,1.32623,2.64036,1.22703,3.00083,0.42336,0,0.42336,460.49,0,0.973858,0,0,1.23513,0.261274,1.028160,1,0,30.0487,0,0,0,30.0487,0
69.5119,2.04741,0,0,1.58182,0.1296,0.36288,3.6288,61.308,0.166153,0,0,0.660442,0.231213,0.263076,0.66528,12.849,1,0.37331,0.36288,0,29.0375,4.41126,24.6158,0.84672,12.849,0.84672,3695.15,0,0,0,0.261274,1.32648,2.57945,1.22703,2.94017,0.42336,0,0.42336,460.49,0,0.963896,0,0,1.22517,0.261274,1.028160,1,0,27.819,0,0,0,27.819,0
68.5343,2.04355,0,0,1.55149,0.122615,0.36288,3.6288,61.308,0.230385,0,0,0.619588,0.279208,0.109996,0.66528,12.849,1,0.377742,0.36288,0,27.3677,5.01553,22.3373,0.84672,12.849,0.84672,3695.15,0,0,0,0.261274,1.32672,2.51604,1.37201,2.73202,0.42336,0,0.42336,460.49,0,0.899839,0,0,1.16111,0.261274,1.028160,1,0,25.1793,0,0,0,25.1793,0
67.5088,2.09304,0,0,1.53276,0.102427,0.36288,3.6288,61.308,0.323713,0,0,0.639049,0.289808,0.025528,0.66528,12.849,1,0.392408,0.36288,0,26.7614,5.40739,21.3244,0.84672,12.849,0.84672,3695.15,0,0,0,0.261274,1.32696,2.42864,1.44749,2.56939,0.42336,0,0.42336,460.49,0,0.826917,0,0,1.08819,0.261274,1.028160,1,0,23.9194,0,0,0,23.9194,0
66.4143,2.08852,0,0,1.45531,0.098422,0.36288,3.6288,61.308,0.314993,0,0,0.619976,0.291575,0.0134091,0.66528,12.849,1,0.39751,0.36288,0,25.1372,5.4727,19.6299,0.84672,12.849,0.84672,3695.15,0,0,0,0.261274,1.35475,2.50361,1.46007,2.65957,0.42336,0,0.42336,460.49,0,0.835816,0,0,1.09709,0.261274,1.028160,1,0,22.3029,0,0,0,22.3029,0
65.157,2.08353,0,0,1.28677,0.0975738,0.36288,3.6288,61.2051,0.394987,0,0,0.583639,0.291575,0,0.66528,12.849,1,0.403095,0.36288,0,23.7456,5.4727,18.2327,0.84672,12.849,0.84672,3695.15,0,0,0,0.227405,1.355,2.34871,1.46007,2.47104,0.42336,0,0.42336,460.49,0,0.756,0,0,0.983405,0.227405,1.028160,1,0,20.7037,0,0,0,20.7037,0
63.7921,2.07752,0,0,1.16279,0.0873272,0.36288,3.6288,61.0619,0.424508,0,0,0.577877,0.296561,0,0.66528,12.849,1,0.409688,0.36288,0,22.5092,5.62225,16.8401,0.84672,12.849,0.84672,3695.15,0,0,0,0.227405,1.35525,2.34349,1.48995,2.43619,0.42336,0,0.42336,460.49,0,0.726659,0,0,0.954063,0.227405,1.028160,1,0,19.2763,0,0,0,19.2763,0
62.1091,2.22582,0,0,1.00517,0.0994274,0.36288,3.6288,60.7306,0.563942,0,0,0.528512,0.29584,0,0.66528,12.849,1,0.448324,0.36288,0,20.9566,5.85908,15.0121,0.84672,12.849,0.84672,3695.15,0,0,0,0.227405,1.35549,2.29575,1.40576,2.47289,0.42336,0,0.42336,460.49,0,0.660493,0,0,0.887898,0.227405,1.028160,1,0,17.4849,0,0,0,17.4849,0
60.5354,2.21627,0,0,1.11408,0.108663,0.36288,3.6288,60.3866,0.539331,0,0,0.501766,0.306408,0,0.66528,12.849,1,0.458497,0.36288,0,21.3407,6.2518,14.9933,0.84672,12.849,0.84672,3695.15,0,0,0,0.227405,1.44713,2.084,1.43676,2.32178,0.42336,0,0.42336,460.49,0,0.685299,0,0,0.912704,0.227405,1.028160,1,0,17.3151,0,0,0,17.3151,0
58.836,2.20696,0,0,0.977642,0.107257,0.36288,3.6288,60.0078,0.557185,0,0,0.484084,0.305739,0,0.66528,12.849,1,0.468439,0.36288,0,27.128,6.2518,20.7707,0.84672,12.849,0.84672,3695.15,0,0,0,0.204422,1.4474,2.00123,1.43676,2.2163,0.42336,0,0.42336,460.49,0,0.667639,0,0,0.872061,0.204422,1.028160,1,0,22.987,0,0,0,22.987,0
57.1696,2.19637,0,0,0.998464,0.105551,0.36288,3.6288,59.7501,0.507942,0,0,0.555287,0.305002,0,0.66528,12.849,1,0.479657,0.36288,0,23.4995,6.2518,17.1309,0.84672,12.849,0.84672,3695.15,0,0,0,0.204422,1.44767,2.07823,1.43676,2.29356,0.42336,0,0.42336,460.49,0,0.717077,0,0,0.921499,0.204422,1.028160,1,0,19.4245,0,0,0,19.4245,0
55.6192,2.18546,0,0,1.10792,0.110011,0.36288,3.6288,59.7232,0.281992,0,0,0.560601,0.305532,0,0.66528,12.849,1,0.491188,0.36288,0,24.6252,6.14598,18.3509,0.84672,12.849,0.84672,3695.15,0,0,0,0.204422,1.44794,2.62216,1.39241,2.88211,0.42336,0,0.42336,460.49,0,0.94322,0,0,1.14764,0.204422,1.028160,1,0,21.233,0,0,0,21.233,0
54.8265,2.101,0,0,1.81594,0.144735,0.36288,3.6288,59.8389,0.197212,0,0,0.624596,0.31166,0,0.66528,12.849,1,0.485367,0.36288,0,22.7746,5.51103,17.1411,0.84672,12.849,0.84672,3695.15,0,0,0,0.204422,1.4482,2.43521,1.12631,2.96152,0.42336,0,0.42336,460.49,0,0.983785,0,0,1.18821,0.204422,1.028160,1,0,20.1026,0,0,0,20.1026,0
53.7174,2.09581,0,0,1.4932,0.14359,0.36288,3.6288,60.247,0.153022,0,0,0.872986,0.311891,0,0.66528,12.849,1,0.491167,0.36288,0,22.1087,5.51103,16.4694,0.84672,12.849,0.84672,3695.15,0,0,0,0.999009,1.39712,2.74948,1.12631,4.0193,0.42336,0,0.42336,460.49,0,1.02816,0,0,2.02717,0.999009,1.028160,1,0,20.4887,0,0,0,20.4887,0
52.3635,2.08811,0,0,1.23899,0.141988,0.36288,3.6288,60.0554,0.348411,0,0,0.469536,0.312703,0,0.66528,12.849,1,0.499468,0.36288,0,21.1834,5.51103,15.5358,0.84672,12.849,0.84672,3695.15,0,0,0,0.216518,1.39738,2.04764,1.12631,2.53522,0.42336,0,0.42336,460.49,0,0.832956,0,0,1.04947,0.216518,1.028160,1,0,18.071,0,0,0,18.071,0
51.5149,2.07823,0,0,1.78203,0.189505,0.36288,3.6288,60.1503,0.215488,0,0,0.577537,0.267198,0,0.66528,12.849,1,0.509959,0.36288,0,24.7231,4.88814,19.6879,0.84672,12.849,0.84672,3695.15,0,0,0,0.216518,1.39764,2.25321,0.931618,2.93575,0.42336,0,0.42336,460.49,0,0.966064,0,0,1.18258,0.216518,1.028160,1,0,22.6236,0,0,0,22.6236,0
56.0089,2.01222,0,0,7.11695,0.247797,0.36288,3.6288,61.308,0.113119,0,0,1.73836,0.20303,0.264504,0.66528,12.849,1,0.501894,0.36288,0,107.012,4.41859,102.455,0.84672,12.849,0.84672,3695.15,0,0,0,2.45642,1.39789,12.2916,0.951763,15.1942,0.42336,0,0.42336,460.49,0,1.02816,0,0,3.48458,2.45642,1.028160,1,0,117.913,0,0,0,117.913,0
61.4882,2.04546,0,0,8.14469,0.25711,0.36288,3.6288,61.308,0.113296,0,0,2.00947,0.202863,1.69331,0.66528,12.849,1,0.469248,0.36288,0,122.66,4.56298,117.991,0.84672,12.849,0.84672,3695.15,0,0,0,2.64799,1.3529,9.0903,1.06366,12.0275,0.42336,0,0.42336,460.49,0,1.02816,0,0,3.67615,2.64799,1.028160,1,0,131.712,0,0,0,131.712,0
63.9784,2.08054,0,0,5.20437,0.270742,0.36288,3.6288,61.308,0.113473,0,0,1.2679,0.202863,0.951567,0.66528,12.849,1,0.434763,0.36288,0,63.5215,4.56298,58.8866,0.84672,12.849,0.84672,3695.15,0,0,0,1.46378,1.35314,4.46189,1.06366,6.21516,0.42336,0,0.42336,460.49,0,1.02816,0,0,2.49194,1.46378,1.028160,1,0,66.0533,0,0,0,66.0533,0
67.4599,2.09512,0,0,6.21485,0.275384,0.36288,3.6288,61.308,0.113649,0,0,1.594,0.215069,1.26528,0.66528,12.849,1,0.42077,0.36288,0,77.4837,4.55545,72.8704,0.84672,12.849,0.84672,3695.15,0,0,0,2.27688,1.35339,5.13708,1.08257,7.68479,0.42336,0,0.42336,460.49,0,1.02816,0,0,3.30504,2.27688,1.028160,1,0,81.8204,0,0,0,81.8204,0
72.29,1.93553,0,0,9.44395,0.275896,2.40237,3.6288,61.308,0.0294925,0,0,2.57942,0.271683,2.27824,0.66528,12.849,1,0.368659,2.40237,0,120.397,4.48742,117.943,0.84672,12.849,0.84672,3695.15,0,0,0,3.0557,1.35364,8.59348,1.17693,11.8259,0.42336,0,0.42336,460.49,0,1.02816,0,0,4.08386,3.0557,1.028160,1,0,132.047,0,0,0,132.047,0
72.29,1.95691,0,0,10.7109,0.284298,8.46971,3.6288,61.308,0.0296516,0,0,3.4477,0.249525,3.16852,0.66528,12.849,1,0.347827,8.46971,0,167.282,4.45694,170.947,0.84672,12.849,0.84672,3695.15,0,0,0,3.74912,1.24895,15.2562,1.15147,19.1028,0.42336,0,0.42336,460.49,0,1.02816,0,0,4.77728,3.74912,1.028160,1,0,193.218,0,0,0,193.218,0
72.29,1.95738,0,0,10.5718,0.284298,8.33014,3.6288,61.308,0.0298107,0,0,3.64783,0.249525,3.3685,0.66528,12.849,1,0.347909,8.33014,0,201.557,4.45694,205.082,0.84672,12.849,0.84672,3695.15,0,0,0,3.1292,1.24917,12.9638,1.15147,16.1907,0.42336,0,0.42336,460.49,0,1.02816,0,0,4.15736,3.1292,1.028160,1,0,224.641,0,0,0,224.641,0
72.29,1.95785,0,0,8.95752,0.284298,6.71538,3.6288,61.308,0.0299699,0,0,3.84765,0.249525,3.56816,0.66528,12.849,1,0.347992,6.71538,0,164.22,4.45694,166.13,0.84672,12.849,0.84672,3695.15,0,0,0,3.07338,1.2494,12.0736,1.15147,15.2449,0.42336,0,0.42336,460.49,0,1.02816,0,0,4.10154,3.07338,1.028160,1,0,184.943,0,0,0,184.943,0
72.29,1.95831,0,0,9.90213,0.297154,7.64666,3.6288,61.308,0.030129,0,0,2.90701,0.189572,2.68731,0.66528,12.849,1,0.348075,7.64666,0,168.123,3.21926,172.203,0.84672,12.849,0.84672,3695.15,0,0,0,3.10348,1.24963,10.6174,0.814612,14.1558,0.42336,0,0.42336,460.49,0,1.02816,0,0,4.13164,3.10348,1.028160,1,0,189.046,0,0,0,189.046,0
71.6524,2.02818,0,0,2.05064,0.297189,0.36288,3.6288,61.308,0.0547309,0,0,0.601427,0.197679,0.349017,0.66528,12.849,1,0.360493,0.36288,0,48.2629,3.50984,44.7554,0.84672,12.849,0.84672,3695.15,0,0,0,0.862108,1.24985,4.39144,0.848334,5.65507,0.42336,0,0.42336,460.49,0,1.02816,0,0,1.89027,0.862108,1.028160,1,0,50.7595,0,0,0,50.7595,0
70.5731,2.02592,0,0,1.60528,0.295751,0.36288,3.6288,61.308,0.0548888,0,0,0.95612,0.197679,0.703552,0.66528,12.849,1,0.363296,0.36288,0,42.9036,3.50984,39.3934,0.84672,12.849,0.84672,3695.15,0,0,0,0.760743,1.28428,4.22858,0.848334,5.42527,0.42336,0,0.42336,460.49,0,1.02816,0,0,1.7889,0.760743,1.028160,1,0,45.5222,0,0,0,45.5222,0
69.9903,2.02168,0,0,2.09503,0.293318,0.36288,3.6288,61.308,0.0550467,0,0,0.941319,0.197679,0.688594,0.66528,12.849,1,0.36808,0.36288,0,40.3125,3.50984,36.7975,0.84672,12.849,0.84672,3695.15,0,0,0,0.86667,1.2845,3.83506,0.848334,5.1379,0.42336,0,0.42336,460.49,0,1.02816,0,0,1.89483,0.86667,1.028160,1,0,42.624,0,0,0,42.624,0
70.709,2.01955,0,0,3.39311,0.292003,0.36288,3.6288,61.308,0.0552046,0,0,1.0788,0.197679,0.825916,0.66528,12.849,1,0.370754,0.36288,0,63.1985,3.50984,59.6808,0.84672,12.849,0.84672,3695.15,0,0,0,1.08121,1.28473,6.24662,0.848334,7.76423,0.42336,0,0.42336,460.49,0,1.02816,0,0,2.10937,1.08121,1.028160,1,0,68.2709,0,0,0,68.2709,0
70.4243,2.2455,0,0,2.65594,0.332192,0.36288,3.6288,61.308,0.147206,0,0,0.775672,0.192679,0.435786,0.66528,12.849,1,0.408044,0.36288,0,58.051,3.608,54.3979,0.84672,12.849,0.84672,3695.15,0,0,0,0.504481,1.28495,4.6608,1.03551,5.41473,0.42336,0,0.42336,460.49,0,1.02816,0,0,1.53264,0.504481,1.028160,1,0,60.2484,0,0,0,60.2484,0
70.1963,2.24461,0,0,2.69905,0.319586,0.36288,3.6288,61.308,0.147383,0,0,1.23248,0.184819,0.900276,0.66528,12.849,1,0.409531,0.36288,0,61.0971,3.44578,57.6046,0.84672,12.849,0.84672,3695.15,0,0,0,1.57263,1.40536,5.60178,1.04393,7.53583,0.42336,0,0.42336,460.49,0,1.02816,0,0,2.60079,1.57263,1.028160,1,0,66.0407,0,0,0,66.0407,0
70.4907,2.24399,0,0,3.22024,0.319025,0.36288,3.6288,61.308,0.147559,0,0,0.896566,0.184819,0.564188,0.66528,12.849,1,0.410748,0.36288,0,80.7118,3.44578,77.2181,0.84672,12.849,0.84672,3695.15,0,0,0,1.55635,1.40561,6.80079,1.04393,8.71882,0.42336,0,0.42336,460.49,0,1.02816,0,0,2.58451,1.55635,1.028160,1,0,86.5011,0,0,0,86.5011,0
69.2821,2.24594,0,0,1.70811,0.307855,0.36288,3.6288,61.308,0.28836,0,0,0.576398,0.188939,0.0990988,0.66528,12.849,1,0.40939,0.36288,0,41.0418,3.4208,37.5745,0.84672,12.849,0.84672,3695.15,0,0,0,0.608429,1.40586,3.84814,1.0272,4.83524,0.42336,0,0.42336,460.49,0,0.887535,0,0,1.49596,0.608429,1.028160,1,0,42.5088,0,0,0,42.5088,0
68.8569,1.9241,0,0,2.14605,0.284244,0.36288,3.6288,61.308,0.294636,0,0,0.50153,0.202163,0.00473069,0.66528,12.849,1,0.356842,0.36288,0,35.4324,3.90834,31.5301,0.84672,12.849,0.84672,3695.15,0,0,0,0.608429,1.40611,3.04012,1.13915,3.91551,0.42336,0,0.42336,460.49,0,0.758082,0,0,1.36651,0.608429,1.028160,1,0,35.4503,0,0,0,35.4503,0
69.1347,1.92269,0,0,2.85316,0.289816,0.36288,3.6288,61.308,0.0247095,0,0,0.653996,0.204358,0.424929,0.66528,12.849,1,0.358781,0.36288,0,57.0595,4.32085,52.7428,0.84672,12.849,0.84672,3695.15,0,0,0,0.720222,1.24078,3.94723,1.2545,4.65373,0.42336,0,0.42336,460.49,0,1.02816,0,0,1.74838,0.720222,1.028160,1,0,57.8214,0,0,0,57.8214,0
69.4253,1.92434,0,0,2.86828,0.290443,0.36288,3.6288,61.308,0.0248613,0,0,1.04079,0.204358,0.811567,0.66528,12.849,1,0.357648,0.36288,0,55.3395,4.32085,51.0238,0.84672,12.849,0.84672,3695.15,0,0,0,0.795036,1.24099,3.6765,1.2545,4.45803,0.42336,0,0.42336,460.49,0,1.02816,0,0,1.8232,0.795036,1.028160,1,0,56.2934,0,0,0,56.2934,0
69.2862,1.92605,0,0,2.44095,0.291099,0.36288,3.6288,61.308,0.188741,0,0,0.524031,0.204358,0.130932,0.66528,12.849,1,0.356466,0.36288,0,34.2627,4.32085,29.9483,0.84672,12.849,0.84672,3695.15,0,0,0,0.558835,1.24121,3.66113,1.2545,4.20667,0.42336,0,0.42336,460.49,0,0.864432,0,0,1.42327,0.558835,1.028160,1,0,34.2859,0,0,0,34.2859,0
70.3281,1.92588,0,0,3.61847,0.287854,0.36288,3.6288,61.308,0.0251649,0,0,0.852256,0.176602,0.650489,0.66528,12.849,1,0.357151,0.36288,0,65.0171,4.30278,60.7201,0.84672,12.849,0.84672,3695.15,0,0,0,1.32363,1.24142,7.49278,1.14262,8.91522,0.42336,0,0.42336,460.49,0,1.02816,0,0,2.35179,1.32363,1.028160,1,0,70.2858,0,0,0,70.2858,0
70.8169,2.01069,0,0,3.16001,0.297604,0.36288,3.6288,61.308,0.0555245,0,0,0.854194,0.198761,0.599908,0.66528,12.849,1,0.367355,0.36288,0,64.4714,4.46733,59.9996,0.84672,12.849,0.84672,3695.15,0,0,0,1.08362,1.24164,3.61329,1.20872,4.72983,0.42336,0,0.42336,460.49,0,1.02816,0,0,2.11178,1.08362,1.028160,1,0,65.3294,0,0,0,65.3294,0
70.6568,2.01329,0,0,2.51476,0.298725,0.36288,3.6288,61.308,0.0556825,0,0,0.692354,0.198761,0.437911,0.66528,12.849,1,0.365291,0.36288,0,46.6241,4.46733,42.1544,0.84672,12.849,0.84672,3695.15,0,0,0,0.713362,1.2829,3.40984,1.20872,4.19738,0.42336,0,0.42336,460.49,0,1.02816,0,0,1.74152,0.713362,1.028160,1,0,46.7897,0,0,0,46.7897,0
70.4785,2.01305,0,0,2.44169,0.244055,0.36288,3.6288,61.308,0.0558405,0,0,0.668707,0.181782,0.431085,0.66528,12.849,1,0.366075,0.36288,0,53.9293,3.56403,50.3621,0.84672,12.849,0.84672,3695.15,0,0,0,0.617095,1.28312,3.26927,1.10477,4.06472,0.42336,0,0.42336,460.49,0,1.02816,0,0,1.64525,0.617095,1.028160,1,0,54.8579,0,0,0,54.8579,0
70.1721,2.01273,0,0,2.29122,0.22203,0.36288,3.6288,61.308,0.0559986,0,0,0.609682,0.174991,0.378692,0.66528,12.849,1,0.366942,0.36288,0,47.3441,3.20271,44.1373,0.84672,12.849,0.84672,3695.15,0,0,0,0.534868,1.28335,3.13773,1.0632,3.89275,0.42336,0,0.42336,460.49,0,1.02816,0,0,1.56303,0.534868,1.028160,1,0,48.4088,0,0,0,48.4088,0
69.5744,1.98058,0,0,1.97707,0.231333,0.36288,3.6288,61.308,0.256717,0,0,0.561052,0.203977,0.100358,0.66528,12.849,1,0.362658,0.36288,0,39.4886,3.49512,35.9937,0.84672,12.849,0.84672,3695.15,0,0,0,0.528595,1.28357,2.45684,1.19093,3.07807,0.42336,0,0.42336,460.49,0,0.815858,0,0,1.34445,0.528595,1.028160,1,0,39.1721,0,0,0,39.1721,0
68.8221,1.9784,0,0,1.82089,0.231897,0.36288,3.6288,61.308,0.195468,0,0,0.579827,0.208809,0.17555,0.66528,12.849,1,0.365372,0.36288,0,35.9973,3.54385,32.4509,0.84672,12.849,0.84672,3695.15,0,0,0,0.528595,1.26779,3.04613,1.21222,3.63029,0.42336,0,0.42336,460.49,0,0.877262,0,0,1.40586,0.528595,1.028160,1,0,36.2568,0,0,0,36.2568,0
68.9113,1.97549,0,0,2.65817,0.230546,0.36288,3.6288,61.308,0.0447264,0,0,0.678489,0.208809,0.424954,0.66528,12.849,1,0.368821,0.36288,0,42.4291,3.54385,38.8793,0.84672,12.849,0.84672,3695.15,0,0,0,0.543413,1.26802,2.74309,1.21222,3.34229,0.42336,0,0.42336,460.49,0,1.02816,0,0,1.57157,0.543413,1.028160,1,0,42.6466,0,0,0,42.6466,0
68.3618,1.97634,0,0,1.98333,0.193626,0.36288,3.6288,61.308,0.0615489,0,0,0.620615,0.217734,0.341332,0.66528,12.849,1,0.368503,0.36288,0,41.1781,3.81476,37.3577,0.84672,12.849,0.84672,3695.15,0,0,0,0.402797,1.26824,2.44268,1.16208,2.95164,0.42336,0,0.42336,460.49,0,1.01149,0,0,1.41429,0.402797,1.028160,1,0,40.6507,0,0,0,40.6507,0
67.3788,2.08003,0,0,1.6357,0.175745,0.36288,3.6288,61.308,0.196379,0,0,0.577911,0.231654,0.149878,0.66528,12.849,1,0.390954,0.36288,0,33.3837,4.1006,29.255,0.84672,12.849,0.84672,3695.15,0,0,0,0.402797,1.26846,2.28527,1.13175,2.82478,0.42336,0,0.42336,460.49,0,0.918493,0,0,1.32129,0.402797,1.028160,1,0,32.2297,0,0,0,32.2297,0
66.3628,2.07571,0,0,1.59391,0.171373,0.36288,3.6288,61.308,0.198885,0,0,0.58732,0.245454,0.142981,0.66528,12.849,1,0.395834,0.36288,0,31.7814,4.33724,27.4112,0.84672,12.849,0.84672,3695.15,0,0,0,0.402797,1.32441,2.17786,1.11805,2.78702,0.42336,0,0.42336,460.49,0,0.916151,0,0,1.31895,0.402797,1.028160,1,0,30.3412,0,0,0,30.3412,0
65.1698,2.0711,0,0,1.39725,0.156252,0.36288,3.6288,61.308,0.186677,0,0,0.547136,0.254898,0.105562,0.66528,12.849,1,0.401002,0.36288,0,28.3947,4.44434,23.9122,0.84672,12.849,0.84672,3695.15,0,0,0,0.30119,1.32464,2.11299,1.14542,2.59341,0.42336,0,0.42336,460.49,0,0.928524,0,0,1.22971,0.30119,1.028160,1,0,26.6112,0,0,0,26.6112,0
63.9427,2.06544,0,0,1.32191,0.120724,0.36288,3.6288,61.308,0.246215,0,0,0.526043,0.278506,0.00132184,0.66528,12.849,1,0.407226,0.36288,0,25.9565,4.71209,21.2001,0.84672,12.849,0.84672,3695.15,0,0,0,0.30119,1.32488,2.03272,1.21383,2.44496,0.42336,0,0.42336,460.49,0,0.869149,0,0,1.17034,0.30119,1.028160,1,0,23.6464,0,0,0,23.6464,0
62.6321,2.0594,0,0,1.23136,0.11967,0.36288,3.6288,61.2118,0.322748,0,0,0.503892,0.277348,0,0.66528,12.849,1,0.413827,0.36288,0,24.8529,4.75571,20.0462,0.84672,12.849,0.84672,3695.15,0,0,0,0.30119,1.32511,2.2075,1.21021,2.62359,0.42336,0,0.42336,460.49,0,0.79278,0,0,1.09397,0.30119,1.028160,1,0,22.6698,0,0,0,22.6698,0
61.1716,2.03205,0,0,1.05361,0.119195,0.36288,3.6288,61.1032,0.352623,0,0,0.514299,0.270233,0,0.66528,12.849,1,0.416876,0.36288,0,18.1569,5.01743,13.0855,0.84672,12.849,0.84672,3695.15,0,0,0,0.30119,1.32534,2.57872,1.1885,3.01675,0.42336,0,0.42336,460.49,0,0.785998,0,0,1.08719,0.30119,1.028160,1,0,16.1022,0,0,0,16.1022,0
59.626,2.02428,0,0,0.959386,0.11777,0.36288,3.6288,61.031,0.311337,0,0,0.5091,0.270047,0,0.66528,12.849,1,0.425198,0.36288,0,18.0163,5.01743,12.9366,0.84672,12.849,0.84672,3695.15,0,0,0,0.261274,1.33863,2.48189,1.1885,2.89329,0.42336,0,0.42336,460.49,0,0.827453,0,0,1.08873,0.261274,1.028160,1,0,15.8298,0,0,0,15.8298,0
57.9993,2.01567,0,0,0.868026,0.116167,0.36288,3.6288,60.7869,0.446558,0,0,0.472465,0.269923,0,0.66528,12.849,1,0.434364,0.36288,0,16.1788,5.01743,11.0899,0.84672,12.849,0.84672,3695.15,0,0,0,0.261274,1.33886,2.38035,1.1885,2.79199,0.42336,0,0.42336,460.49,0,0.692401,0,0,0.953675,0.261274,1.028160,1,0,13.8819,0,0,0,13.8819,0
56.3683,2.00616,0,0,0.826978,0.0889599,0.36288,3.6288,60.4568,0.442062,0,0,0.447037,0.335104,0,0.66528,12.849,1,0.444438,0.36288,0,14.6568,5.86433,8.71093,0.84672,12.849,0.84672,3695.15,0,0,0,0.261274,1.3391,2.25524,1.49764,2.35797,0.42336,0,0.42336,460.49,0,0.697067,0,0,0.95834,0.261274,1.028160,1,0,11.0689,0,0,0,11.0689,0
54.708,2.04847,0,0,0.828576,0.0774943,0.36288,3.6288,60.0222,0.56383,0,0,0.456262,0.327021,0,0.66528,12.849,1,0.466943,0.36288,0,15.4174,5.92297,9.39035,0.84672,12.849,0.84672,3695.15,0,0,0,0.261274,1.33933,2.27267,1.47867,2.39461,0.42336,0,0.42336,460.49,0,0.595918,0,0,0.857192,0.261274,1.028160,1,0,11.785,0,0,0,11.785,0
53.0384,2.03746,0,0,0.804548,0.0739039,0.36288,3.6288,59.5571,0.548321,0,0,0.402049,0.318821,0,0.66528,12.849,1,0.478527,0.36288,0,15.1743,5.88998,9.16864,0.84672,12.849,0.84672,3695.15,0,0,0,0.261274,1.36741,2.38877,1.45048,2.56697,0.42336,0,0.42336,460.49,0,0.6116,0,0,0.872873,0.261274,1.028160,1,0,11.7356,0,0,0,11.7356,0
51.3299,2.02579,0,0,0.752872,0.072661,0.36288,3.6288,59.0593,0.552089,0,0,0.372152,0.317876,0,0.66528,12.849,1,0.490765,0.36288,0,13.6985,5.88998,7.68069,0.84672,12.849,0.84672,3695.15,0,0,0,0.227405,1.36765,2.13195,1.45048,2.27652,0.42336,0,0.42336,460.49,0,0.608005,0,0,0.83541,0.227405,1.028160,1,0,9.95721,0,0,0,9.95721,0
49.5736,2.01318,0,0,0.691165,0.0713891,0.36288,3.6288,58.4896,0.62089,0,0,0.368065,0.316865,0,0.66528,12.849,1,0.503943,0.36288,0,12.522,5.88998,6.491,0.84672,12.849,0.84672,3695.15,0,0,0,0.227405,1.36789,2.08513,1.45048,2.22994,0.42336,0,0.42336,460.49,0,0.539378,0,0,0.766783,0.227405,1.028160,1,0,8.72094,0,0,0,8.72094,0
47.9446,2.14903,0,0,0.941924,0.0590117,0.36288,3.6288,58.2405,0.407139,0,0,0.473608,0.315631,0,0.66528,12.849,1,0.557007,0.36288,0,13.7715,6.29112,7.28622,0.84672,12.849,0.84672,3695.15,0,0,0,0.227405,1.36813,3.16386,1.53202,3.22738,0.42336,0,0.42336,460.49,0,0.827176,0,0,1.05458,0.227405,1.028160,1,0,10.5136,0,0,0,10.5136,0
46.2152,2.13458,0,0,0.826986,0.0589438,0.36288,3.6288,57.6175,0.671098,0,0,0.384366,0.336183,0,0.66528,12.849,1,0.572061,0.36288,0,17.4228,6.79875,10.4149,0.84672,12.849,0.84672,3695.15,0,0,0,0.227405,1.46074,2.35811,1.60679,2.43946,0.42336,0,0.42336,460.49,0,0.563406,0,0,0.790811,0.227405,1.028160,1,0,12.8544,0,0,0,12.8544,0
44.5208,2.11831,0,0,0.84462,0.0578307,0.36288,3.6288,57.1201,0.603484,0,0,0.44091,0.334833,0,0.66528,12.849,1,0.588943,0.36288,0,15.0925,6.79875,8.06771,0.84672,12.849,0.84672,3695.15,0,0,0,0.204422,1.461,2.44884,1.60679,2.50748,0.42336,0,0.42336,460.49,0,0.631208,0,0,0.835631,0.204422,1.028160,1,0,10.5752,0,0,0,10.5752,0
42.851,2.10139,0,0,0.852206,0.0577193,0.36288,3.6288,56.8378,0.399513,0,0,0.444248,0.327043,0,0.66528,12.849,1,0.606474,0.36288,0,15.3135,6.6139,8.45604,0.84672,12.849,0.84672,3695.15,0,0,0,0.204422,1.46126,3.13223,1.53483,3.26308,0.42336,0,0.42336,460.49,0,0.835367,0,0,1.03979,0.204422,1.028160,1,0,11.7191,0,0,0,11.7191,0
41.154,2.08367,0,0,0.811901,0.0623892,0.36288,3.6288,56.337,0.603848,0,0,0.38926,0.286244,0,0.66528,12.849,1,0.624795,0.36288,0,9.93963,5.50483,4.17288,0.84672,12.849,0.84672,3695.15,0,0,0,0.204422,1.46152,3.39844,1.10311,3.96128,0.42336,0,0.42336,460.49,0,0.631221,0,0,0.835644,0.204422,1.028160,1,0,8.13415,0,0,0,8.13415,0
39.7549,1.99448,0,0,1.05779,0.0994847,0.36288,3.6288,56.5281,0.162214,0,0,0.618443,0.265121,0,0.66528,12.849,1,0.622712,0.36288,0,20.1815,5.92242,13.9992,0.84672,12.849,0.84672,3695.15,0,0,0,0.474293,1.46178,3.56967,1.25945,4.2463,0.42336,0,0.42336,460.49,0,1.02816,0,0,1.50245,0.474293,1.028160,1,0,18.2455,0,0,0,18.2455,0
38.9726,1.97837,0,0,1.65674,0.0978461,0.36288,3.6288,56.7714,0.162393,0,0,0.671103,0.265452,0,0.66528,12.849,1,0.639418,0.36288,0,22.0763,5.92242,15.8774,0.84672,12.849,0.84672,3695.15,0,0,0,0.304042,1.41014,2.67535,1.25945,3.13009,0.42336,0,0.42336,460.49,0,1.02816,0,0,1.3322,0.304042,1.028160,1,0,19.0075,0,0,0,19.0075,0
37.8384,1.96916,0,0,1.29485,0.0969681,0.36288,3.6288,57.0119,0.162573,0,0,0.668955,0.265873,0,0.66528,12.849,1,0.649218,0.36288,0,24.9036,5.92242,18.6948,0.84672,12.849,0.84672,3695.15,0,0,0,0.386346,1.41039,2.36637,1.25945,2.90366,0.42336,0,0.42336,460.49,0,1.02816,0,0,1.41451,0.386346,1.028160,1,0,21.5985,0,0,0,21.5985,0
36.3327,1.95507,0,0,0.907952,0.0956953,0.36288,3.6288,56.9677,0.253032,0,0,0.475168,0.266289,0,0.66528,12.849,1,0.663894,0.36288,0,22.7817,5.92242,16.5583,0.84672,12.849,0.84672,3695.15,0,0,0,0.216518,1.41064,1.74147,1.25945,2.10919,0.42336,0,0.42336,460.49,0,0.937881,0,0,1.1544,0.216518,1.028160,1,0,18.6674,0,0,0,18.6674,0
35.4013,1.87942,0,0,1.45829,0.147417,0.36288,3.6288,57.3361,0.122044,0,0,0.702324,0.211909,0,0.66528,12.849,1,0.664654,0.36288,0,27.1518,4.51207,22.338,0.84672,12.849,0.84672,3695.15,0,0,0,0.545987,1.41089,3.75536,1.08675,4.62549,0.42336,0,0.42336,460.49,0,1.02816,0,0,1.57415,0.545987,1.028160,1,0,26.9634,0,0,0,26.9634,0
35.3069,1.86701,0,0,2.28885,0.153317,0.36288,3.6288,57.9031,0.122215,0,0,0.865215,0.176027,0,0.66528,12.849,1,0.677638,0.36288,0,45.631,3.77013,41.5461,0.84672,12.849,0.84672,3695.15,0,0,0,0.907088,1.36541,4.23206,1.00475,5.4998,0.42336,0,0.42336,460.49,0,1.02816,0,0,1.93525,0.907088,1.028160,1,0,47.0459,0,0,0,47.0459,0
36.5552,1.86611,0,0,3.63043,0.153142,0.36288,3.6288,59.4154,0.122387,0,0,1.81137,0.176674,0,0.66528,12.849,1,0.679119,0.36288,0,62.0852,3.77013,57.9989,0.84672,12.849,0.84672,3695.15,0,0,0,2.28794,1.36565,6.81412,1.00475,9.46295,0.42336,0,0.42336,460.49,0,1.02816,0,0,3.3161,2.28794,1.028160,1,0,67.4618,0,0,0,67.4618,0
36.4857,1.88369,0,0,2.33251,0.155452,0.36288,3.6288,60.465,0.122558,0,0,1.35056,0.178401,0,0.66528,12.849,1,0.66211,0.36288,0,42.701,3.77013,38.6316,0.84672,12.849,0.84672,3695.15,0,0,0,1.84813,1.36589,6.72316,1.00475,8.93243,0.42336,0,0.42336,460.49,0,1.02816,0,0,2.87629,1.84813,1.028160,1,0,47.564,0,0,0,47.564,0
38.149,1.72452,0,0,3.95508,0.204415,0.36288,3.6288,61.308,0.0375016,0,0,2.7163,0.207674,1.62808,0.66528,12.849,1,0.607315,0.36288,0,88.7818,4.31673,84.2206,0.84672,12.849,0.84672,3695.15,0,0,0,2.03498,1.36613,9.3749,1.13505,11.641,0.42336,0,0.42336,460.49,0,1.02816,0,0,3.06314,2.03498,1.028160,1,0,97.4897,0,0,0,97.4897,0
42.9791,1.74472,0,0,7.13766,0.199884,0.36288,3.6288,61.308,0.037656,0,0,7.5516,0.21899,7.29496,0.66528,12.849,1,0.587642,0.36288,0,106.478,4.6684,101.584,0.84672,12.849,0.84672,3695.15,0,0,0,3.4893,1.26032,15.3936,1.22388,18.9194,0.42336,0,0.42336,460.49,0,1.02816,0,0,4.51746,3.4893,1.028160,1,0,127.799,0,0,0,127.799,0
47.4188,1.79598,0,0,6.81005,0.211502,0.36288,3.6288,61.308,0.0378104,0,0,8.52051,0.21899,8.26371,0.66528,12.849,1,0.536923,0.36288,0,128.497,4.6684,123.655,0.84672,12.849,0.84672,3695.15,0,0,0,4.34572,1.26053,20.9203,1.22388,25.3027,0.42336,0,0.42336,460.49,0,1.02816,0,0,5.37388,4.34572,1.028160,1,0,157.221,0,0,0,157.221,0
57.9276,1.83595,0,0,12.9299,0.222342,0.36288,3.6288,61.308,0.0379647,0,0,7.28248,0.21899,7.02553,0.66528,12.849,1,0.497483,0.36288,0,193.446,4.6684,188.643,0.84672,12.849,0.84672,3695.15,0,0,0,4.81805,1.26075,23.7098,1.22388,28.5647,0.42336,0,0.42336,460.49,0,1.02816,0,0,5.84621,4.81805,1.028160,1,0,224.233,0,0,0,224.233,0
68.175,1.91025,0,0,12.7683,0.247799,0.36288,3.6288,61.308,0.0381192,0,0,10.3292,0.21899,10.0721,0.66528,12.849,1,0.423715,0.36288,0,283.573,4.6684,278.844,0.84672,12.849,0.84672,3695.15,0,0,0,4.79075,1.26097,25.1829,1.22388,30.0108,0.42336,0,0.42336,460.49,0,1.02816,0,0,5.81891,4.79075,1.028160,1,0,318.927,0,0,0,318.927,0
72.29,2.03378,0,0,7.02733,0.244138,0.634357,3.6288,61.308,0.0629746,0,0,2.99017,0.190835,2.73636,0.66528,12.849,1,0.383309,0.634357,0,170.78,3.30467,167.726,0.84672,12.849,0.84672,3695.15,0,0,0,2.69185,1.26119,9.33744,0.767526,12.523,0.42336,0,0.42336,460.49,0,1.02816,0,0,3.72001,2.69185,1.028160,1,0,182.986,0,0,0,182.986,0
72.29,2.05276,0,0,6.03616,0.245282,3.73812,3.6288,61.308,0.0631276,0,0,2.3815,0.194969,2.12341,0.66528,12.849,1,0.364862,3.73812,0,151.92,3.17362,152.119,0.84672,12.849,0.84672,3695.15,0,0,0,1.99002,1.29597,6.35816,0.717564,8.92658,0.42336,0,0.42336,460.49,0,1.02816,0,0,3.01818,1.99002,1.028160,1,0,163.169,0,0,0,163.169,0
72.29,2.05321,0,0,4.95831,0.245282,2.65982,3.6288,61.308,0.0632806,0,0,2.36414,0.194969,2.10589,0.66528,12.849,1,0.364942,2.65982,0,82.3833,3.17362,81.5045,0.84672,12.849,0.84672,3695.15,0,0,0,2.12411,1.29619,5.42188,0.717564,8.12461,0.42336,0,0.42336,460.49,0,1.02816,0,0,3.15227,2.12411,1.028160,1,0,91.735,0,0,0,91.735,0
72.29,2.05365,0,0,6.57679,0.257143,4.266,3.6288,61.308,0.0634337,0,0,2.60614,0.190035,2.35268,0.66528,12.849,1,0.365021,4.266,0,102.615,3.21378,103.302,0.84672,12.849,0.84672,3695.15,0,0,0,2.42171,1.29641,7.70817,0.74192,10.6844,0.42336,0,0.42336,460.49,0,1.02816,0,0,3.44987,2.42171,1.028160,1,0,116.339,0,0,0,116.339,0
72.29,2.2795,0,0,5.72637,0.317459,3.12941,3.6288,61.308,0.156397,0,0,2.62282,0.165279,2.30114,0.66528,12.849,1,0.405164,3.12941,0,100.086,3.77767,99.0323,0.84672,12.849,0.84672,3695.15,0,0,0,2.35971,1.29663,7.40407,0.944415,10.116,0.42336,0,0.42336,460.49,0,1.02816,0,0,3.38787,2.35971,1.028160,1,0,111.449,0,0,0,111.449,0
72.29,2.27999,0,0,3.68382,0.302998,1.10083,3.6288,61.308,0.156568,0,0,1.81337,0.17174,1.48506,0.66528,12.849,1,0.405251,1.10083,0,75.9957,4.2083,72.483,0.84672,12.849,0.84672,3695.15,0,0,0,1.27717,1.41829,4.8878,1.01956,6.56371,0.42336,0,0.42336,460.49,0,1.02816,0,0,2.30533,1.27717,1.028160,1,0,80.5318,0,0,0,80.5318,0
72.29,2.28048,0,0,6.21429,0.28802,3.64578,3.6288,61.308,0.156739,0,0,2.54002,0.185224,2.19806,0.66528,12.849,1,0.405338,3.64578,0,147.079,4.12422,146.195,0.84672,12.849,0.84672,3695.15,0,0,0,2.4058,1.41854,7.47973,1.02333,10.2807,0.42336,0,0.42336,460.49,0,1.02816,0,0,3.43396,2.4058,1.028160,1,0,158.674,0,0,0,158.674,0
72.29,2.28097,0,0,4.301,0.289264,1.73076,3.6288,61.308,0.156911,0,0,2.11952,0.233954,1.72866,0.66528,12.849,1,0.405426,1.73076,0,128.632,3.79362,126.164,0.84672,12.849,0.84672,3695.15,0,0,0,1.77641,1.41878,6.0429,1.16677,8.07132,0.42336,0,0.42336,460.49,0,1.02816,0,0,2.80457,1.77641,1.028160,1,0,135.964,0,0,0,135.964,0
72.29,1.95973,0,0,4.49808,0.333571,2.20478,3.6288,61.308,0.0324324,0,0,2.1306,0.209457,1.88871,0.66528,12.849,1,0.348327,2.20478,0,108.327,3.59,106.593,0.84672,12.849,0.84672,3695.15,0,0,0,1.99668,1.41902,6.14494,1.06316,8.49748,0.42336,0,0.42336,460.49,0,1.02816,0,0,3.02484,1.99668,1.028160,1,0,116.979,0,0,0,116.979,0
72.29,1.96016,0,0,5.10329,0.33907,2.80406,3.6288,61.308,0.0325795,0,0,1.38832,0.203495,1.15224,0.66528,12.849,1,0.348404,2.80406,0,114.632,3.32713,113.761,0.84672,12.849,0.84672,3695.15,0,0,0,1.38524,1.25194,4.45852,0.895882,6.19982,0.42336,0,0.42336,460.49,0,1.02816,0,0,2.4134,1.38524,1.028160,1,0,121.113,0,0,0,121.113,0
72.29,1.96059,0,0,5.89691,0.33907,3.59725,3.6288,61.308,0.0327266,0,0,2.11155,0.203495,1.87533,0.66528,12.849,1,0.34848,3.59725,0,143.191,3.32713,143.112,0.84672,12.849,0.84672,3695.15,0,0,0,1.67426,1.25215,6.75144,0.895882,8.78197,0.42336,0,0.42336,460.49,0,1.02816,0,0,2.70242,1.67426,1.028160,1,0,153.77,0,0,0,153.77,0
72.29,1.96102,0,0,5.06811,0.309878,2.79721,3.6288,61.308,0.0328737,0,0,1.524,0.24471,1.24642,0.66528,12.849,1,0.348556,2.79721,0,80.4609,4.50618,78.4033,0.84672,12.849,0.84672,3695.15,0,0,0,1.15912,1.25236,4.56863,1.06442,5.91569,0.42336,0,0.42336,460.49,0,1.02816,0,0,2.18728,1.15912,1.028160,1,0,85.5654,0,0,0,85.5654,0
72.29,1.96145,0,0,4.43553,0.309878,2.16421,3.6288,61.308,0.0330208,0,0,1.23749,0.24471,0.959759,0.66528,12.849,1,0.348633,2.16421,0,100.206,4.50618,97.5152,0.84672,12.849,0.84672,3695.15,0,0,0,0.973253,1.25257,3.43075,1.06442,4.59215,0.42336,0,0.42336,460.49,0,1.02816,0,0,2.00141,0.973253,1.028160,1,0,103.067,0,0,0,103.067,0
72.29,2.04294,0,0,4.85601,0.322479,2.49058,3.6288,61.308,0.0636914,0,0,1.18825,0.173754,0.950806,0.66528,12.849,1,0.363118,2.49058,0,133.847,3.7694,132.205,0.84672,12.849,0.84672,3695.15,0,0,0,1.67567,1.25278,5.66428,1.00511,7.58762,0.42336,0,0.42336,460.49,0,1.02816,0,0,2.70383,1.67567,1.028160,1,0,140.743,0,0,0,140.743,0
72.29,2.04339,0,0,4.24322,0.322479,1.87735,3.6288,61.308,0.0638445,0,0,1.5099,0.173754,1.2723,0.66528,12.849,1,0.363197,1.87735,0,85.8064,3.7694,83.5512,0.84672,12.849,0.84672,3695.15,0,0,0,1.52865,1.29446,5.49614,1.00511,7.31414,0.42336,0,0.42336,460.49,0,1.02816,0,0,2.55681,1.52865,1.028160,1,0,92.1376,0,0,0,92.1376,0
72.29,2.04384,0,0,3.7281,0.322479,1.36178,3.6288,61.308,0.0639977,0,0,1.05877,0.173754,0.82102,0.66528,12.849,1,0.363277,1.36178,0,95.6724,3.7694,92.9016,0.84672,12.849,0.84672,3695.15,0,0,0,1.05876,1.29468,4.86102,1.00511,6.20935,0.42336,0,0.42336,460.49,0,1.02816,0,0,2.08692,1.05876,1.028160,1,0,99.9319,0,0,0,99.9319,0
72.29,2.04428,0,0,3.16286,0.286767,0.831812,3.6288,61.308,0.0641509,0,0,0.831125,0.192784,0.57419,0.66528,12.849,1,0.363356,0.831812,0,89.0127,4.00208,85.4791,0.84672,12.849,0.84672,3695.15,0,0,0,0.737502,1.29489,4.73534,1.05091,5.71683,0.42336,0,0.42336,460.49,0,1.02816,0,0,1.76566,0.737502,1.028160,1,0,91.7701,0,0,0,91.7701,0
72.29,2.01301,0,0,2.66472,0.267377,0.384337,3.6288,61.308,0.0524399,0,0,0.96336,0.192351,0.718569,0.66528,12.849,1,0.357797,0.384337,0,57.3858,3.87778,53.5346,0.84672,12.849,0.84672,3695.15,0,0,0,0.818191,1.29511,3.72209,1.05787,4.77751,0.42336,0,0.42336,460.49,0,1.02816,0,0,1.84635,0.818191,1.028160,1,0,59.0307,0,0,0,59.0307,0
71.9494,2.01345,0,0,2.30603,0.270335,0.36288,3.6288,61.308,0.0525908,0,0,0.851386,0.186469,0.612326,0.66528,12.849,1,0.357875,0.36288,0,48.2811,3.75827,44.5278,0.84672,12.849,0.84672,3695.15,0,0,0,0.556494,1.27916,3.87659,1.04692,4.66532,0.42336,0,0.42336,460.49,0,1.02816,0,0,1.58465,0.556494,1.028160,1,0,49.8055,0,0,0,49.8055,0
72.29,2.01245,0,0,3.36638,0.269636,0.743659,3.6288,61.308,0.0527417,0,0,0.996278,0.186469,0.757068,0.66528,12.849,1,0.359392,0.743659,0,56.9077,3.75827,53.5337,0.84672,12.849,0.84672,3695.15,0,0,0,0.743282,1.27937,3.49093,1.04692,4.46667,0.42336,0,0.42336,460.49,0,1.02816,0,0,1.77144,0.743282,1.028160,1,0,58.7574,0,0,0,58.7574,0
72.1922,2.01433,0,0,2.51173,0.232279,0.36288,3.6288,61.308,0.0528927,0,0,0.911278,0.195394,0.662991,0.66528,12.849,1,0.358032,0.36288,0,55.2301,4.02917,51.2058,0.84672,12.849,0.84672,3695.15,0,0,0,0.565998,1.27959,3.10862,0.996772,3.95743,0.42336,0,0.42336,460.49,0,1.02816,0,0,1.59416,0.565998,1.028160,1,0,55.8262,0,0,0,55.8262,0
71.6381,2.12209,0,0,2.14525,0.214425,0.36288,3.6288,61.308,0.131205,0,0,0.79545,0.192363,0.471883,0.66528,12.849,1,0.377696,0.36288,0,44.8871,3.92831,40.944,0.84672,12.849,0.84672,3695.15,0,0,0,0.402797,1.2798,2.79362,0.950769,3.52545,0.42336,0,0.42336,460.49,0,0.992105,0,0,1.3949,0.402797,1.028160,1,0,44.9413,0,0,0,44.9413,0
71.1746,2.12007,0,0,2.22687,0.207371,0.36288,3.6288,61.308,0.179532,0,0,0.760743,0.175858,0.405353,0.66528,12.849,1,0.380256,0.36288,0,46.5174,3.40525,43.0948,0.84672,12.849,0.84672,3695.15,0,0,0,0.402797,1.33633,2.74788,0.88591,3.6011,0.42336,0,0.42336,460.49,0,0.943937,0,0,1.34673,0.402797,1.028160,1,0,47.1012,0,0,0,47.1012,0
70.5647,2.11844,0,0,2.07806,0.206638,0.36288,3.6288,61.308,0.261417,0,0,0.731125,0.175858,0.29385,0.66528,12.849,1,0.382437,0.36288,0,41.8329,3.40525,38.4081,0.84672,12.849,0.84672,3695.15,0,0,0,0.30119,1.33655,2.3886,0.88591,3.14043,0.42336,0,0.42336,460.49,0,0.862212,0,0,1.1634,0.30119,1.028160,1,0,41.8424,0,0,0,41.8424,0
69.9085,2.1161,0,0,1.9557,0.132964,0.36288,3.6288,61.308,0.362604,0,0,0.689256,0.280825,0.0458271,0.66528,12.849,1,0.385317,0.36288,0,40.4357,4.83136,35.5819,0.84672,12.849,0.84672,3695.15,0,0,0,0.30119,1.33678,2.15109,1.26779,2.52127,0.42336,0,0.42336,460.49,0,0.761184,0,0,1.06237,0.30119,1.028160,1,0,38.149,0,0,0,38.149,0
69.1124,2.11351,0,0,1.81257,0.132294,0.36288,3.6288,61.2604,0.418137,0,0,0.65137,0.280825,0,0.66528,12.849,1,0.388457,0.36288,0,36.9017,4.83136,32.0448,0.84672,12.849,0.84672,3695.15,0,0,0,0.30119,1.337,2.02506,1.26779,2.39547,0.42336,0,0.42336,460.49,0,0.70581,0,0,1.007,0.30119,1.028160,1,0,34.4402,0,0,0,34.4402,0
67.9417,2.08901,0,0,1.41737,0.136171,0.36288,3.6288,60.8834,0.553418,0,0,0.435795,0.259414,0,0.66528,12.849,1,0.388377,0.36288,0,25.6802,4.59889,21.0558,0.84672,12.849,0.84672,3695.15,0,0,0,0.30119,1.33723,1.42588,1.31343,1.75086,0.42336,0,0.42336,460.49,0,0.593853,0,0,0.895043,0.30119,1.028160,1,0,22.8067,0,0,0,22.8067,0
66.7009,2.08383,0,0,1.3409,0.134931,0.36288,3.6288,60.4564,0.581774,0,0,0.413571,0.258796,0,0.66528,12.849,1,0.39409,0.36288,0,25.7632,4.59889,21.1331,0.84672,12.849,0.84672,3695.15,0,0,0,0.261274,1.35064,1.51769,1.31343,1.81617,0.42336,0,0.42336,460.49,0,0.565661,0,0,0.826934,0.261274,1.028160,1,0,22.9492,0,0,0,22.9492,0
65.3476,2.07814,0,0,1.22125,0.133617,0.36288,3.6288,60.0362,0.569384,0,0,0.40728,0.258095,0,0.66528,12.849,1,0.400324,0.36288,0,25.1642,4.59889,20.5278,0.84672,12.849,0.84672,3695.15,0,0,0,0.261274,1.35087,1.46396,1.31343,1.76267,0.42336,0,0.42336,460.49,0,0.578215,0,0,0.839488,0.261274,1.028160,1,0,22.2905,0,0,0,22.2905,0
63.8815,2.07166,0,0,1.10066,0.132185,0.36288,3.6288,59.4816,0.676442,0,0,0.379267,0.257406,0,0.66528,12.849,1,0.407341,0.36288,0,23.3233,4.59889,18.68,0.84672,12.849,0.84672,3695.15,0,0,0,0.261274,1.3511,1.39389,1.31343,1.69283,0.42336,0,0.42336,460.49,0,0.471321,0,0,0.732594,0.261274,1.028160,1,0,20.3728,0,0,0,20.3728,0
62.4355,2.11838,0,0,1.14311,0.107865,0.36288,3.6288,58.8061,0.747621,0,0,0.370626,0.298498,0,0.66528,12.849,1,0.426087,0.36288,0,22.9403,5.37911,17.498,0.84672,12.849,0.84672,3695.15,0,0,0,0.261274,1.35133,1.30131,1.46806,1.44585,0.42336,0,0.42336,460.49,0,0.420967,0,0,0.68224,0.261274,1.028160,1,0,18.9439,0,0,0,18.9439,0
61.046,2.11065,0,0,1.18147,0.0974338,0.36288,3.6288,58.1445,0.731191,0,0,0.379303,0.309682,0,0.66528,12.849,1,0.434365,0.36288,0,22.0346,5.71725,16.2459,0.84672,12.849,0.84672,3695.15,0,0,0,0.261274,1.37968,1.29773,1.49387,1.44482,0.42336,0,0.42336,460.49,0,0.437564,0,0,0.698838,0.261274,1.028160,1,0,17.6907,0,0,0,17.6907,0
59.5296,2.10294,0,0,1.04574,0.0963236,0.36288,3.6288,57.459,0.7332,0,0,0.356013,0.308366,0,0.66528,12.849,1,0.442629,0.36288,0,20.8004,5.71725,15.0034,0.84672,12.849,0.84672,3695.15,0,0,0,0.227405,1.37992,1.29846,1.49387,1.41191,0.42336,0,0.42336,460.49,0,0.435724,0,0,0.663129,0.227405,1.028160,1,0,16.4153,0,0,0,16.4153,0
57.9337,2.09412,0,0,0.95612,0.0950231,0.36288,3.6288,56.7104,0.785508,0,0,0.343901,0.307002,0,0.66528,12.849,1,0.452,0.36288,0,19.5337,5.71725,13.7274,0.84672,12.849,0.84672,3695.15,0,0,0,0.227405,1.38015,1.23714,1.49387,1.35083,0.42336,0,0.42336,460.49,0,0.383583,0,0,0.610988,0.227405,1.028160,1,0,15.0782,0,0,0,15.0782,0
56.0565,2.24012,0,0,0.810467,0.0846716,0.36288,3.6288,55.8336,0.893131,0,0,0.327912,0.311541,0,0.66528,12.849,1,0.496832,0.36288,0,17.7059,5.94822,11.6237,0.84672,12.849,0.84672,3695.15,0,0,0,0.227405,1.38038,1.25209,1.50722,1.35266,0.42336,0,0.42336,460.49,0,0.350762,0,0,0.578166,0.227405,1.028160,1,0,12.9764,0,0,0,12.9764,0
54.0252,2.22706,0,0,0.654452,0.0957693,0.36288,3.6288,54.7251,1.02194,0,0,0.228893,0.315476,0,0.66528,12.849,1,0.510478,0.36288,0,12.4095,6.16476,6.0971,0.84672,12.849,0.84672,3695.15,0,0,0,0.227405,1.47394,1.09068,1.48156,1.31046,0.42336,0,0.42336,460.49,0,0.222132,0,0,0.449537,0.227405,1.028160,1,0,7.40756,0,0,0,7.40756,0
52.0747,2.21204,0,0,0.718229,0.093836,0.36288,3.6288,53.8044,0.890176,0,0,0.282647,0.313186,0,0.66528,12.849,1,0.526096,0.36288,0,15.9595,6.16476,9.63149,0.84672,12.849,0.84672,3695.15,0,0,0,0.204422,1.47419,1.1898,1.48156,1.38685,0.42336,0,0.42336,460.49,0,0.354082,0,0,0.558504,0.204422,1.028160,1,0,11.0183,0,0,0,11.0183,0
50.0001,2.1967,0,0,0.576998,0.0919796,0.36288,3.6288,52.6364,1.06112,0,0,0.204436,0.311273,0,0.66528,12.849,1,0.542019,0.36288,0,15.595,6.16476,9.25113,0.84672,12.849,0.84672,3695.15,0,0,0,0.204422,1.47444,0.955143,1.48156,1.15244,0.42336,0,0.42336,460.49,0,0.183319,0,0,0.387742,0.204422,1.028160,1,0,10.4036,0,0,0,10.4036,0
48.0865,2.17928,0,0,0.718587,0.0900051,0.36288,3.6288,51.9618,0.715589,0,0,0.349415,0.308383,0,0.66528,12.849,1,0.56003,0.36288,0,14.2431,6.16476,7.88122,0.84672,12.849,0.84672,3695.15,0,0,0,0.204422,1.47469,1.47684,1.48156,1.6744,0.42336,0,0.42336,460.49,0,0.529034,0,0,0.733456,0.204422,1.028160,1,0,9.55561,0,0,0,9.55561,0
46.019,2.08891,0,0,0.497337,0.113084,0.36288,3.6288,50.9705,0.947521,0,0,0.227632,0.271416,0,0.66528,12.849,1,0.558169,0.36288,0,9.99069,5.83428,3.96112,0.84672,12.849,0.84672,3695.15,0,0,0,0.204422,1.47494,0.961416,1.44558,1.1952,0.42336,0,0.42336,460.49,0,0.251942,0,0,0.456364,0.204422,1.028160,1,0,5.15632,0,0,0,5.15632,0
43.9096,2.06975,0,0,0.437872,0.114594,0.36288,3.6288,49.6676,1.16055,0,0,0.121034,0.26341,0,0.66528,12.849,1,0.577897,0.36288,0,9.84692,5.7792,3.8527,0.84672,12.849,0.84672,3695.15,0,0,0,0.216518,1.42277,0.669531,1.43958,0.869232,0.42336,0,0.42336,460.49,0,0.0390839,0,0,0.255602,0.216518,1.028160,1,0,4.72194,0,0,0,4.72194,0
41.7577,2.04872,0,0,0.371556,0.111898,0.36288,3.6288,48.3334,1.18395,0,0,0.110329,0.260619,0,0.66528,12.7265,1,0.599503,0.36288,0,9.09878,5.7792,3.20544,0.84672,12.7265,0.84672,3695.15,0,0,0,0.216518,1.42301,0.637099,1.43958,0.837042,0.42336,0,0.42336,460.49,0,0.0158605,0,0,0.232379,0.216518,1.028160,1,0,4.04248,0,0,0,4.04248,0
39.9598,2.03008,0,0,0.792221,0.197189,0.36288,3.6288,47.2558,1.10455,0,0,0.20183,0.174879,0,0.66528,12.849,1,0.61871,0.36288,0,20.0289,4.53342,15.1172,0.84672,12.849,0.84672,3695.15,0,0,0,0.216518,1.42325,1.41164,1.0502,2.00121,0.42336,0,0.42336,460.49,0,0.0954331,0,0,0.311952,0.216518,1.028160,1,0,17.1184,0,0,0,17.1184,0
38.7412,1.94705,0,0,1.29548,0.204167,0.36288,3.6288,46.3533,0.957888,0,0,0.237569,0.182145,0,0.66528,12.849,1,0.626069,0.36288,0,25.7739,4.38145,21.1293,0.84672,12.849,0.84672,3695.15,0,0,0,0.216518,1.42349,1.46806,1.04305,2.06501,0.42336,0,0.42336,460.49,0,0.200965,0,0,0.417483,0.216518,1.028160,1,0,23.1943,0,0,0,23.1943,0
36.8302,1.93268,0,0,0.581695,0.19705,0.36288,3.6288,45.1467,1.10661,0,0,0.110514,0.210504,0,0.66528,12.849,1,0.640997,0.36288,0,9.02871,4.45567,4.29492,0.84672,12.849,0.84672,3695.15,0,0,0,0.216518,1.37753,1.08681,1.12006,1.5608,0.42336,0,0.42336,460.49,0,0.0524128,0,0,0.268931,0.216518,1.028160,1,0,5.85572,0,0,0,5.85572,0
35.1336,1.90843,0,0,0.767391,0.192681,0.36288,3.6288,44.4238,0.766193,0,0,0.251478,0.208158,0,0.66528,12.849,1,0.665797,0.36288,0,12.0797,4.45567,7.32108,0.84672,12.849,0.84672,3695.15,0,0,0,0.292723,1.37776,1.93179,1.12006,2.48222,0.42336,0,0.42336,460.49,0,0.392992,0,0,0.685715,0.292723,1.028160,1,0,9.80329,0,0,0,9.80329,0
34.7733,1.8853,0,0,2.07662,0.188801,0.36288,3.6288,44.5884,0.213211,0,0,0.584524,0.206752,0,0.66528,12.849,1,0.689488,0.36288,0,36.0794,4.45567,31.2971,0.84672,12.849,0.84672,3695.15,0,0,0,0.292723,1.378,3.36695,1.12006,3.9176,0.42336,0,0.42336,460.49,0,0.946141,0,0,1.23886,0.292723,1.028160,1,0,35.2148,0,0,0,35.2148,0
33.8964,1.72224,0,0,1.42665,0.218454,0.36288,3.6288,44.1544,0.650821,0,0,0.392939,0.176074,0,0.66528,12.849,1,0.63638,0.36288,0,27.4956,4.00602,23.2161,0.84672,12.849,0.84672,3695.15,0,0,0,0.292723,1.37823,2.28372,0.942401,3.01228,0.42336,0,0.42336,460.49,0,0.422601,0,0,0.715325,0.292723,1.028160,1,0,26.2283,0,0,0,26.2283,0
33.8896,1.71067,0,0,2.24225,0.175427,0.36288,3.6288,44.1281,0.362898,0,0,0.522904,0.186401,0,0.66528,12.849,1,0.648461,0.36288,0,71.576,4.6368,66.6536,0.84672,12.849,0.84672,3695.15,0,0,0,0.292723,1.27133,3.64802,1.03029,4.18179,0.42336,0,0.42336,460.49,0,0.710675,0,0,1.0034,0.292723,1.028160,1,0,70.8354,0,0,0,70.8354,0
32.7663,1.71095,0,0,1.12592,0.175413,0.36288,3.6288,43.4412,0.862522,0,0,0.362057,0.186354,0,0.66528,12.849,1,0.648696,0.36288,0,40.1847,4.6368,35.2621,0.84672,12.849,0.84672,3695.15,0,0,0,0.412474,1.27154,2.60185,1.03029,3.25557,0.42336,0,0.42336,460.49,0,0.2112,0,0,0.623673,0.412474,1.028160,1,0,38.5177,0,0,0,38.5177,0
33.0048,1.69535,0,0,2.48197,0.18529,0.36288,3.6288,43.2882,0.390049,0,0,0.434102,0.197037,0,0.66528,12.849,1,0.664816,0.36288,0,40.0205,4.04768,35.6709,0.84672,12.849,0.84672,3695.15,0,0,0,0.412474,1.27176,3.34864,1.03307,3.9998,0.42336,0,0.42336,460.49,0,0.683822,0,0,1.0963,0.412474,1.028160,1,0,39.6707,0,0,0,39.6707,0
34.0276,1.69918,0,0,3.28349,0.198538,0.36288,3.6288,43.6494,0.045861,0,0,0.569008,0.161988,0,0.66528,12.849,1,0.661504,0.36288,0,67.4676,3.31702,63.8519,0.84672,12.849,0.84672,3695.15,0,0,0,0.482769,1.27197,5.402,0.899965,6.25678,0.42336,0,0.42336,460.49,0,1.02816,0,0,1.51093,0.482769,1.028160,1,0,70.1087,0,0,0,70.1087,0
36.9748,1.77455,0,0,5.30481,0.22021,0.36288,3.6288,45.0244,0.0709619,0,0,1.61912,0.17315,0,0.66528,12.849,1,0.67008,0.36288,0,121.427,4.4847,116.635,0.84672,12.849,0.84672,3695.15,0,0,0,1.21218,1.27218,8.23681,1.09515,9.62603,0.42336,0,0.42336,460.49,0,1.02816,0,0,2.24034,1.21218,1.028160,1,0,126.261,0,0,0,126.261,0
40.7503,1.81457,0,0,6.17404,0.221094,0.36288,3.6288,46.9511,0.0711099,0,0,2.16642,0.168663,0,0.66528,12.849,1,0.630575,0.36288,0,146.153,4.44882,141.437,0.84672,12.849,0.84672,3695.15,0,0,0,1.80628,1.30731,10.1516,1.11522,12.1499,0.42336,0,0.42336,460.49,0,1.02816,0,0,2.83444,1.80628,1.028160,1,0,153.587,0,0,0,153.587,0
45.3171,1.85937,0,0,7.0141,0.225042,0.36288,3.6288,49.8748,0.0712579,0,0,3.16106,0.16609,0,0.66528,12.849,1,0.58628,0.36288,0,102.804,4.23444,98.3461,0.84672,12.849,0.84672,3695.15,0,0,0,2.61477,1.30752,11.8943,1.08844,14.7282,0.42336,0,0.42336,460.49,0,1.02816,0,0,3.64293,2.61477,1.028160,1,0,113.074,0,0,0,113.074,0
48.8121,1.9058,0,0,6.0009,0.23722,0.36288,3.6288,51.8383,0.071406,0,0,2.20511,0.170172,0,0.66528,12.849,1,0.540362,0.36288,0,114.886,4.23444,110.474,0.84672,12.849,0.84672,3695.15,0,0,0,1.73289,1.30773,11.28,1.08844,13.2321,0.42336,0,0.42336,460.49,0,1.02816,0,0,2.76105,1.73289,1.028160,1,0,123.706,0,0,0,123.706,0
51.5758,2.1491,0,0,5.5354,0.259726,0.36288,3.6288,53.2892,0.165301,0,0,1.7727,0.156552,0,0.66528,12.849,1,0.565715,0.36288,0,139.393,3.85215,135.338,0.84672,12.849,0.84672,3695.15,0,0,0,0.966367,1.30794,9.89859,0.965892,11.207,0.42336,0,0.42336,460.49,0,1.02816,0,0,1.99453,0.966367,1.028160,1,0,146.545,0,0,0,146.545,0
53.3836,2.17381,0,0,4.64587,0.301376,0.36288,3.6288,54.9194,0.165467,0,0,1.91271,0.117002,0,0.66528,12.849,1,0.541559,0.36288,0,109.667,2.89642,106.592,0.84672,12.849,0.84672,3695.15,0,0,0,0.560071,1.43082,9.21378,0.659529,10.5451,0.42336,0,0.42336,460.49,0,1.02816,0,0,1.58823,0.560071,1.028160,1,0,117.137,0,0,0,117.137,0
58.8241,2.18905,0,0,8.29283,0.300427,0.36288,3.6288,58.077,0.165632,0,0,3.45751,0.134284,0,0.66528,12.849,1,0.526886,0.36288,0,174.566,3.28954,171.112,0.84672,12.849,0.84672,3695.15,0,0,0,2.16055,1.43106,11.8404,0.782516,14.6495,0.42336,0,0.42336,460.49,0,1.02816,0,0,3.18871,2.16055,1.028160,1,0,185.762,0,0,0,185.762,0
65.2673,2.2295,0,0,9.34339,0.307803,0.36288,3.6288,61.308,0.165798,0,0,4.56751,0.158757,1.01194,0.66528,12.849,1,0.486992,0.36288,0,186.05,3.8137,182.112,0.84672,12.849,0.84672,3695.15,0,0,0,3.98787,1.43129,14.8211,0.9465,19.2938,0.42336,0,0.42336,460.49,0,1.02816,0,0,5.01603,3.98787,1.028160,1,0,202.418,0,0,0,202.418,0
72.29,1.95036,0,0,10.3176,0.331656,1.01285,3.6288,61.308,0.0400604,0,0,4.54997,0.160902,4.34901,0.66528,12.849,1,0.383962,1.01285,0,148.731,3.74588,145.614,0.84672,12.849,0.84672,3695.15,0,0,0,3.95962,1.43152,15.2873,0.946352,19.7321,0.42336,0,0.42336,460.49,0,1.02816,0,0,4.98778,3.95962,1.028160,1,0,169.695,0,0,0,169.695,0
72.29,1.98245,0,0,7.22053,0.367515,4.87057,3.6288,61.308,0.0402027,0,0,4.35628,0.157991,4.15809,0.66528,12.849,1,0.352365,4.87057,0,122.294,3.5763,123.236,0.84672,12.849,0.84672,3695.15,0,0,0,2.79774,1.26276,14.0503,0.945984,17.1648,0.42336,0,0.42336,460.49,0,1.02816,0,0,3.8259,2.79774,1.028160,1,0,144.559,0,0,0,144.559,0
72.29,1.98286,0,0,5.06606,0.367515,2.71568,3.6288,61.308,0.040345,0,0,3.30077,0.157991,3.10243,0.66528,12.849,1,0.352439,2.71568,0,119.078,3.5763,117.865,0.84672,12.849,0.84672,3695.15,0,0,0,2.28271,1.26296,12.689,0.945984,15.2887,0.42336,0,0.42336,460.49,0,1.02816,0,0,3.31087,2.28271,1.028160,1,0,136.256,0,0,0,136.256,0
72.29,1.98328,0,0,5.17088,0.310874,2.87673,3.6288,61.308,0.0404873,0,0,2.5089,0.127909,2.3405,0.66528,12.849,1,0.352513,2.87673,0,103.607,3.14032,102.991,0.84672,12.849,0.84672,3695.15,0,0,0,1.699,1.26316,11.5609,0.883356,13.6397,0.42336,0,0.42336,460.49,0,1.02816,0,0,2.72716,1.699,1.028160,1,0,118.972,0,0,0,118.972,0
72.29,1.98369,0,0,4.80656,0.288217,2.53465,3.6288,61.308,0.0406297,0,0,2.99662,0.115877,2.84011,0.66528,12.849,1,0.352587,2.53465,0,108.245,2.96593,107.462,0.84672,12.849,0.84672,3695.15,0,0,0,2.22002,1.26336,11.4737,0.858305,14.0988,0.42336,0,0.42336,460.49,0,1.02816,0,0,3.24818,2.22002,1.028160,1,0,124.4,0,0,0,124.4,0
72.29,2.06599,0,0,6.83656,0.314851,4.45572,3.6288,61.308,0.0716014,0,0,4.04648,0.13907,3.83581,0.66528,12.849,1,0.367213,4.45572,0,122.376,3.03965,123.425,0.84672,12.849,0.84672,3695.15,0,0,0,2.87588,1.26357,12.0998,0.924771,15.3145,0.42336,0,0.42336,460.49,0,1.02816,0,0,3.90404,2.87588,1.028160,1,0,142.575,0,0,0,142.575,0
72.29,2.06642,0,0,6.82493,0.319289,4.43923,3.6288,61.308,0.0717495,0,0,5.41556,0.142935,5.20088,0.66528,12.849,1,0.36729,4.43923,0,111.73,3.05193,112.75,0.84672,12.849,0.84672,3695.15,0,0,0,2.84113,1.30566,11.6829,0.935849,14.8939,0.42336,0,0.42336,460.49,0,1.02816,0,0,3.86929,2.84113,1.028160,1,0,132.845,0,0,0,132.845,0
72.29,2.06685,0,0,4.81246,0.319289,2.42632,3.6288,61.308,0.0718977,0,0,2.77821,0.142935,2.56338,0.66528,12.849,1,0.367367,2.42632,0,76.4433,3.05193,75.4503,0.84672,12.849,0.84672,3695.15,0,0,0,1.49297,1.30587,9.03865,0.935849,10.9016,0.42336,0,0.42336,460.49,0,1.02816,0,0,2.52113,1.49297,1.028160,1,0,88.9153,0,0,0,88.9153,0
72.29,2.06728,0,0,4.34435,0.310361,1.9667,3.6288,61.308,0.0720459,0,0,3.04376,0.147693,2.82402,0.66528,12.849,1,0.367444,1.9667,0,83.2939,3.1101,81.7831,0.84672,12.849,0.84672,3695.15,0,0,0,1.56991,1.30608,9.45795,0.947299,11.3866,0.42336,0,0.42336,460.49,0,1.02816,0,0,2.59807,1.56991,1.028160,1,0,95.9937,0,0,0,95.9937,0
72.29,2.03568,0,0,3.67638,0.268172,1.37253,3.6288,61.308,0.0602115,0,0,2.00241,0.188037,1.75417,0.66528,12.849,1,0.361826,1.37253,0,63.4451,3.86064,60.5951,0.84672,12.849,0.84672,3695.15,0,0,0,1.09037,1.30629,7.4931,1.0679,8.82185,0.42336,0,0.42336,460.49,0,1.02816,0,0,2.11853,1.09037,1.028160,1,0,71.1712,0,0,0,71.1712,0
72.29,2.0361,0,0,2.96736,0.276706,0.654548,3.6288,61.308,0.0603574,0,0,1.26979,0.196886,1.01254,0.66528,12.849,1,0.361902,0.654548,0,49.5074,4.16178,45.6382,0.84672,12.849,0.84672,3695.15,0,0,0,0.799839,1.29017,5.02192,1.10683,6.0051,0.42336,0,0.42336,460.49,0,1.02816,0,0,1.828,0.799839,1.028160,1,0,52.6559,0,0,0,52.6559,0
72.29,2.03653,0,0,4.67997,0.269095,2.37435,3.6288,61.308,0.0605035,0,0,1.62275,0.198671,1.36357,0.66528,12.849,1,0.361977,2.37435,0,64.9608,4.21596,62.7572,0.84672,12.849,0.84672,3695.15,0,0,0,1.23142,1.29037,4.9742,1.0968,6.3992,0.42336,0,0.42336,460.49,0,1.02816,0,0,2.25958,1.23142,1.028160,1,0,70.52,0,0,0,70.52,0
72.29,2.03695,0,0,2.8748,0.223428,0.614414,3.6288,61.308,0.0606496,0,0,1.29176,0.209382,1.02173,0.66528,12.849,1,0.362053,0.614414,0,48.996,4.54104,44.7073,0.84672,12.849,0.84672,3695.15,0,0,0,0.770498,1.29058,4.37049,1.03662,5.39495,0.42336,0,0.42336,460.49,0,1.02816,0,0,1.79866,0.770498,1.028160,1,0,51.124,0,0,0,51.124,0
72.175,2.14621,0,0,2.62523,0.231163,0.36288,3.6288,61.308,0.103321,0,0,1.19267,0.196975,0.892378,0.66528,12.849,1,0.381472,0.36288,0,43.5901,4.43956,39.1319,0.84672,12.849,0.84672,3695.15,0,0,0,0.619315,1.29079,4.056,1.01605,4.95005,0.42336,0,0.42336,460.49,0,1.02816,0,0,1.64748,0.619315,1.028160,1,0,44.9744,0,0,0,44.9744,0
72.29,2.14614,0,0,2.97327,0.166577,0.545529,3.6288,61.308,0.103475,0,0,1.41305,0.16196,1.14761,0.66528,12.849,1,0.382068,0.545529,0,47.6887,4.35971,43.4924,0.84672,12.849,0.84672,3695.15,0,0,0,0.763992,1.34787,4.75866,0.999047,5.87148,0.42336,0,0.42336,460.49,0,1.02816,0,0,1.79215,0.763992,1.028160,1,0,50.5115,0,0,0,50.5115,0
72.2539,2.1471,0,0,2.64063,0.166723,0.36288,3.6288,61.308,0.103629,0,0,1.15185,0.16196,0.886261,0.66528,12.849,1,0.381631,0.36288,0,42.6488,4.35971,38.2703,0.84672,12.849,0.84672,3695.15,0,0,0,0.495798,1.34809,4.08119,0.999047,4.92603,0.42336,0,0.42336,460.49,0,1.02816,0,0,1.52396,0.495798,1.028160,1,0,44.0826,0,0,0,44.0826,0
72.1201,2.14739,0,0,2.54313,0.166677,0.36288,3.6288,61.308,0.103783,0,0,0.927236,0.16196,0.661493,0.66528,12.849,1,0.381872,0.36288,0,39.3019,4.35971,34.9232,0.84672,12.849,0.84672,3695.15,0,0,0,0.381923,1.3483,3.92361,0.999047,4.65479,0.42336,0,0.42336,460.49,0,1.02816,0,0,1.41008,0.381923,1.028160,1,0,40.2395,0,0,0,40.2395,0
71.8299,2.14723,0,0,2.38483,0.164955,0.36288,3.6288,61.308,0.103937,0,0,0.82887,0.244772,0.480161,0.66528,12.849,1,0.382553,0.36288,0,36.2367,5.76756,30.4494,0.84672,12.849,0.84672,3695.15,0,0,0,0.328139,1.34852,3.76956,1.28839,4.15784,0.42336,0,0.42336,460.49,0,1.02816,0,0,1.3563,0.328139,1.028160,1,0,35.0874,0,0,0,35.0874,0
72.2032,2.12484,0,0,3.03051,0.169505,0.36288,3.6288,61.308,0.127486,0,0,1.47419,0.207208,1.1395,0.66528,12.849,1,0.380094,0.36288,0,49.6377,5.00976,44.6107,0.84672,12.849,0.84672,3695.15,0,0,0,1.28731,1.34874,6.5979,1.1931,8.04085,0.42336,0,0.42336,460.49,0,1.02816,0,0,2.31547,1.28731,1.028160,1,0,53.791,0,0,0,53.791,0
72.29,2.12696,0,0,2.99253,0.0945514,0.684188,3.6288,61.308,0.127644,0,0,1.58926,0.227404,1.23421,0.66528,12.849,1,0.378505,0.684188,0,49.1027,5.06499,44.3434,0.84672,12.849,0.84672,3695.15,0,0,0,1.437,1.36228,7.18943,1.23467,8.75405,0.42336,0,0.42336,460.49,0,1.02816,0,0,2.46516,1.437,1.028160,1,0,54.3316,0,0,0,54.3316,0
72.29,2.12778,0,0,2.76243,0.0946803,0.539968,3.6288,61.308,0.127803,0,0,1.57271,0.227404,1.21751,0.66528,12.849,1,0.378198,0.539968,0,44.8974,5.06499,39.9942,0.84672,12.849,0.84672,3695.15,0,0,0,1.38534,1.3625,6.59595,1.23467,8.10912,0.42336,0,0.42336,460.49,0,1.02816,0,0,2.4135,1.38534,1.028160,1,0,49.3208,0,0,0,49.3208,0
72.2863,2.12823,0,0,2.58198,0.0946137,0.36288,3.6288,61.308,0.127961,0,0,1.58217,0.227404,1.22681,0.66528,12.849,1,0.378276,0.36288,0,41.7427,5.06499,36.6623,0.84672,12.849,0.84672,3695.15,0,0,0,1.4931,1.36272,6.37589,1.23467,7.99703,0.42336,0,0.42336,460.49,0,1.02816,0,0,2.52126,1.4931,1.028160,1,0,45.8861,0,0,0,45.8861,0
72.0787,2.18432,0,0,2.44099,0.101346,0.36288,3.6288,61.308,0.148985,0,0,1.45842,0.27335,1.03609,0.66528,12.849,1,0.388267,0.36288,0,39.3914,5.43742,33.9286,0.84672,12.849,0.84672,3695.15,0,0,0,1.32324,1.36294,6.10242,1.35054,7.43807,0.42336,0,0.42336,460.49,0,1.02816,0,0,2.3514,1.32324,1.028160,1,0,42.4027,0,0,0,42.4027,0
71.6762,2.18383,0,0,2.2564,0.112202,0.36288,3.6288,61.308,0.149148,0,0,1.29552,0.318612,0.827766,0.66528,12.849,1,0.389297,0.36288,0,37.9549,5.73258,32.1959,0.84672,12.849,0.84672,3695.15,0,0,0,1.03987,1.39157,5.44444,1.4567,6.41918,0.42336,0,0.42336,460.49,0,1.02816,0,0,2.06803,1.03987,1.028160,1,0,39.4429,0,0,0,39.4429,0
71.0734,2.18243,0,0,2.05437,0.111858,0.36288,3.6288,61.308,0.14931,0,0,1.22992,0.318612,0.762,0.66528,12.849,1,0.391232,0.36288,0,34.591,5.73258,28.8301,0.84672,12.849,0.84672,3695.15,0,0,0,0.721639,1.39179,5.07844,1.4567,5.73517,0.42336,0,0.42336,460.49,0,1.02816,0,0,1.7498,0.721639,1.028160,1,0,35.3273,0,0,0,35.3273,0
70.8435,2.18007,0,0,2.41193,0.0988628,0.36288,3.6288,61.308,0.149473,0,0,1.53647,0.30803,1.07897,0.66528,12.849,1,0.394124,0.36288,0,36.1587,5.90743,30.2201,0.84672,12.849,0.84672,3695.15,0,0,0,1.50774,1.39202,7.71415,1.50455,9.10936,0.42336,0,0.42336,460.49,0,1.02816,0,0,2.5359,1.50774,1.028160,1,0,40.4084,0,0,0,40.4084,0
70.5197,2.34209,0,0,2.47459,0.0933841,0.36288,3.6288,61.308,0.225003,0,0,1.54955,0.287879,1.03667,0.66528,12.849,1,0.424789,0.36288,0,37.1799,5.9661,31.1519,0.84672,12.849,0.84672,3695.15,0,0,0,1.59265,1.39224,6.5139,1.53348,7.96532,0.42336,0,0.42336,460.49,0,1.02816,0,0,2.62081,1.59265,1.028160,1,0,40.1539,0,0,0,40.1539,0
69.9641,2.34092,0,0,2.24721,0.0990015,0.36288,3.6288,61.308,0.22518,0,0,1.25004,0.343251,0.681613,0.66528,12.849,1,0.426526,0.36288,0,30.6402,5.84691,24.7296,0.84672,12.849,0.84672,3695.15,0,0,0,1.07247,1.48671,5.69461,1.62168,6.6321,0.42336,0,0.42336,460.49,0,1.02816,0,0,2.10063,1.07247,1.028160,1,0,32.0434,0,0,0,32.0434,0
69.68,2.33854,0,0,2.51102,0.0937641,0.36288,3.6288,61.308,0.225356,0,0,1.53611,0.345841,0.964916,0.66528,12.849,1,0.429477,0.36288,0,38.9893,5.92168,33.001,0.84672,12.849,0.84672,3695.15,0,0,0,1.6098,1.48695,6.04441,1.63662,7.50455,0.42336,0,0.42336,460.49,0,1.02816,0,0,2.63796,1.6098,1.028160,1,0,41.4705,0,0,0,41.4705,0
68.8698,2.33755,0,0,1.98379,0.0935583,0.36288,3.6288,61.308,0.225533,0,0,1.12131,0.345841,0.549933,0.66528,12.849,1,0.431044,0.36288,0,40.2357,5.92168,34.2459,0.84672,12.849,0.84672,3695.15,0,0,0,0.861702,1.48719,4.78945,1.63662,5.50172,0.42336,0,0.42336,460.49,0,1.02816,0,0,1.88986,0.861702,1.028160,1,0,40.2975,0,0,0,40.2975,0
68.5371,2.33375,0,0,2.45697,0.0929715,0.36288,3.6288,61.308,0.22571,0,0,1.86545,0.345841,1.2939,0.66528,12.849,1,0.435407,0.36288,0,35.6579,5.92168,29.6637,0.84672,12.849,0.84672,3695.15,0,0,0,2.34261,1.48744,7.19722,1.63662,9.39065,0.42336,0,0.42336,460.49,0,1.02816,0,0,3.37077,2.34261,1.028160,1,0,40.3482,0,0,0,40.3482,0
68.358,2.25352,0,0,2.48577,0.0484917,0.36288,3.6288,61.308,0.180099,0,0,1.39879,0.323098,0.895594,0.66528,12.849,1,0.422479,0.36288,0,28.9488,5.73036,23.1588,0.84672,12.849,0.84672,3695.15,0,0,0,1.21794,1.48768,7.61875,1.53481,8.78956,0.42336,0,0.42336,460.49,0,1.02816,0,0,2.2461,1.21794,1.028160,1,0,32.8439,0,0,0,32.8439,0
67.9507,2.25305,0,0,2.23938,0.030753,0.36288,3.6288,61.308,0.180267,0,0,1.35966,0.314,0.865393,0.66528,12.849,1,0.423498,0.36288,0,39.7227,5.65383,34.0082,0.84672,12.849,0.84672,3695.15,0,0,0,1.30876,1.43498,6.8513,1.49409,8.10095,0.42336,0,0.42336,460.49,0,1.02816,0,0,2.33692,1.30876,1.028160,1,0,42.9746,0,0,0,42.9746,0
66.6358,2.25138,0,0,1.32999,0.030655,0.36288,3.6288,61.308,0.180435,0,0,0.929051,0.314,0.434615,0.66528,12.849,1,0.425721,0.36288,0,27.6155,5.65383,21.8988,0.84672,12.849,0.84672,3695.15,0,0,0,0.342593,1.43522,4.45358,1.49409,4.73731,0.42336,0,0.42336,460.49,0,1.02816,0,0,1.37075,0.342593,1.028160,1,0,27.0708,0,0,0,27.0708,0
65.7929,2.24481,0,0,1.8366,0.0718181,0.36288,3.6288,61.308,0.180604,0,0,1.27469,0.31424,0.779842,0.66528,12.849,1,0.432853,0.36288,0,29.0654,5.37912,23.6163,0.84672,12.849,0.84672,3695.15,0,0,0,0.553582,1.43545,5.97783,1.44279,6.52407,0.42336,0,0.42336,460.49,0,1.02816,0,0,1.58174,0.553582,1.028160,1,0,30.9202,0,0,0,30.9202,0
67.4775,2.17621,0,0,4.38134,0.157637,0.36288,3.6288,61.308,0.139063,0,0,2.02742,0.308963,1.57939,0.66528,12.849,1,0.425003,0.36288,0,38.8968,5.10833,33.7264,0.84672,12.849,0.84672,3695.15,0,0,0,2.75118,1.43568,11.7176,1.30529,14.5991,0.42336,0,0.42336,460.49,0,1.02816,0,0,3.77934,2.75118,1.028160,1,0,49.9049,0,0,0,49.9049,0
66.136,2.18558,0,0,1.40452,0.197566,0.36288,3.6288,61.308,0.139223,0,0,0.874498,0.246681,0.488594,0.66528,12.849,1,0.416176,0.36288,0,25.5725,5.39385,20.1254,0.84672,12.849,0.84672,3695.15,0,0,0,0.940274,1.38926,6.73467,1.25567,7.80854,0.42336,0,0.42336,460.49,0,1.02816,0,0,1.96843,0.940274,1.028160,1,0,28.4225,0,0,0,28.4225,0
65.263,2.17896,0,0,1.8721,0.203253,0.36288,3.6288,61.308,0.139384,0,0,1.21408,0.244258,0.830433,0.66528,12.849,1,0.423332,0.36288,0,45.0024,5.32236,39.6196,0.84672,12.849,0.84672,3695.15,0,0,0,1.65502,1.38949,9.60103,1.24529,11.4002,0.42336,0,0.42336,460.49,0,1.02816,0,0,2.68318,1.65502,1.028160,1,0,51.8503,0,0,0,51.8503,0
66.7573,2.17468,0,0,4.28005,0.24816,0.36288,3.6288,61.308,0.139545,0,0,2.37764,0.229724,2.00837,0.66528,12.849,1,0.428152,0.36288,0,57.0516,4.89342,52.0929,0.84672,12.849,0.84672,3695.15,0,0,0,2.51347,1.38971,15.626,1.18299,18.3462,0.42336,0,0.42336,460.49,0,1.02816,0,0,3.54163,2.51347,1.028160,1,0,72.4474,0,0,0,72.4474,0
67.9766,1.99966,0,0,3.83292,0.251132,0.36288,3.6288,61.308,0.0527722,0,0,1.50292,0.229724,1.22042,0.66528,12.849,1,0.38488,0.36288,0,56.9804,4.89342,52.0649,0.84672,12.849,0.84672,3695.15,0,0,0,2.34535,1.38994,9.86446,1.18299,12.4168,0.42336,0,0.42336,460.49,0,1.02816,0,0,3.37351,2.34535,1.028160,1,0,65.7021,0,0,0,65.7021,0
69.367,2.00588,0,0,4.03461,0.275354,0.36288,3.6288,61.308,0.0529168,0,0,1.98467,0.223173,1.70858,0.66528,12.849,1,0.379154,0.36288,0,77.4766,3.68976,73.7706,0.84672,12.849,0.84672,3695.15,0,0,0,2.60062,1.28199,11.7622,0.880364,14.7645,0.42336,0,0.42336,460.49,0,1.02816,0,0,3.62878,2.60062,1.028160,1,0,90.2436,0,0,0,90.2436,0
70.6096,2.01271,0,0,3.91292,0.2948,0.36288,3.6288,61.308,0.0530615,0,0,2.12522,0.176699,1.89546,0.66528,12.849,1,0.372819,0.36288,0,99.6201,3.49293,96.1172,0.84672,12.849,0.84672,3695.15,0,0,0,2.58157,1.2822,13.2363,0.840971,16.2591,0.42336,0,0.42336,460.49,0,1.02816,0,0,3.60973,2.58157,1.028160,1,0,114.272,0,0,0,114.272,0
72.29,2.01869,0,0,6.96439,0.297642,2.96764,3.6288,61.308,0.0532061,0,0,5.3454,0.176699,5.11549,0.66528,12.849,1,0.367346,2.96764,0,136.592,3.49293,135.7,0.84672,12.849,0.84672,3695.15,0,0,0,7.033,1.2824,24.5904,0.840971,32.0648,0.42336,0,0.42336,460.49,0,1.02816,0,0,8.06116,7.033,1.028160,1,0,172.88,0,0,0,172.88,0
72.29,2.02636,0,0,4.88844,0.294876,2.56721,3.6288,61.308,0.0533508,0,0,2.65112,0.197224,2.40055,0.66528,12.849,1,0.36017,2.56721,0,148.086,3.66871,146.624,0.84672,12.849,0.84672,3695.15,0,0,0,3.86963,1.28261,18.5636,0.876292,22.8396,0.42336,0,0.42336,460.49,0,1.02816,0,0,4.89779,3.86963,1.028160,1,0,171.865,0,0,0,171.865,0
72.29,2.09832,0,0,4.26572,0.299913,1.86749,3.6288,61.308,0.0786892,0,0,1.49695,0.275638,1.14262,0.66528,12.849,1,0.37296,1.86749,0,114.718,5.39195,110.82,0.84672,12.849,0.84672,3695.15,0,0,0,1.66616,1.28281,10.9936,1.28576,12.6568,0.42336,0,0.42336,460.49,0,1.02816,0,0,2.69432,1.66616,1.028160,1,0,124.62,0,0,0,124.62,0
72.29,2.09874,0,0,3.91065,0.288736,1.52318,3.6288,61.308,0.0788325,0,0,1.02403,0.246156,0.699042,0.66528,12.849,1,0.373034,1.52318,0,112.782,5.23498,108.697,0.84672,12.849,0.84672,3695.15,0,0,0,0.959368,1.31827,9.04936,1.15715,10.1699,0.42336,0,0.42336,460.49,0,1.02816,0,0,1.98753,0.959368,1.028160,1,0,119.566,0,0,0,119.566,0
72.29,2.09915,0,0,3.55675,0.297285,1.16031,3.6288,61.308,0.0789759,0,0,0.873323,0.235629,0.558718,0.66528,12.849,1,0.373109,1.16031,0,76.801,4.65952,72.9286,0.84672,12.849,0.84672,3695.15,0,0,0,0.622089,1.31847,6.36363,1.00223,7.30196,0.42336,0,0.42336,460.49,0,1.02816,0,0,1.65025,0.622089,1.028160,1,0,80.7893,0,0,0,80.7893,0
72.2058,2.09957,0,0,2.672,0.293763,0.36288,3.6288,61.308,0.0791192,0,0,0.951636,0.169722,0.702794,0.66528,12.849,1,0.373183,0.36288,0,66.4148,3.9045,62.5,0.84672,12.849,0.84672,3695.15,0,0,0,0.565549,1.31868,5.12219,0.989506,6.01691,0.42336,0,0.42336,460.49,0,1.02816,0,0,1.59371,0.565549,1.028160,1,0,69.2197,0,0,0,69.2197,0
72.29,2.32946,0,0,3.76999,0.299525,1.05679,3.6288,61.308,0.173916,0,0,1.1594,0.177298,0.808188,0.66528,12.849,1,0.414526,1.05679,0,85.6751,3.96589,82.3515,0.84672,12.849,0.84672,3695.15,0,0,0,0.958591,1.31888,9.44896,1.01057,10.7159,0.42336,0,0.42336,460.49,0,1.02816,0,0,1.98675,0.958591,1.028160,1,0,93.8755,0,0,0,93.8755,0
72.29,2.33033,0,0,4.10487,0.293525,1.48102,3.6288,61.308,0.174077,0,0,1.00926,0.170315,0.664873,0.66528,12.849,1,0.414198,1.48102,0,114.916,3.95167,112.031,0.84672,12.849,0.84672,3695.15,0,0,0,0.871983,1.44295,9.33162,1.00345,10.6431,0.42336,0,0.42336,460.49,0,1.02816,0,0,1.90014,0.871983,1.028160,1,0,123.339,0,0,0,123.339,0
72.29,2.33079,0,0,4.28474,0.293525,1.66043,3.6288,61.308,0.174237,0,0,0.914345,0.170315,0.569793,0.66528,12.849,1,0.41428,1.66043,0,102.02,3.95167,99.3147,0.84672,12.849,0.84672,3695.15,0,0,0,0.925551,1.44317,7.31084,1.00345,8.67611,0.42336,0,0.42336,460.49,0,1.02816,0,0,1.95371,0.925551,1.028160,1,0,108.561,0,0,0,108.561,0
72.29,2.33125,0,0,4.2762,0.293525,1.65143,3.6288,61.308,0.174397,0,0,0.924886,0.170315,0.580174,0.66528,12.849,1,0.414362,1.65143,0,99.9069,3.95167,97.1923,0.84672,12.849,0.84672,3695.15,0,0,0,0.798656,1.4434,5.79307,1.00345,7.03167,0.42336,0,0.42336,460.49,0,1.02816,0,0,1.82682,0.798656,1.028160,1,0,104.804,0,0,0,104.804,0
72.29,2.00361,0,0,4.15781,0.28632,1.86788,3.6288,61.308,0.0474409,0,0,1.25228,0.177254,1.02759,0.66528,12.849,1,0.356126,1.86788,0,108.215,4.39745,105.329,0.84672,12.849,0.84672,3695.15,0,0,0,1.03834,1.44362,7.99709,1.17377,9.30528,0.42336,0,0.42336,460.49,0,1.02816,0,0,2.0665,1.03834,1.028160,1,0,115.662,0,0,0,115.662,0
72.29,2.00401,0,0,5.67947,0.324957,3.3505,3.6288,61.308,0.0475786,0,0,2.99357,0.0830553,2.86294,0.66528,12.849,1,0.356197,3.3505,0,156.362,2.95869,156.397,0.84672,12.849,0.84672,3695.15,0,0,0,2.09645,1.27322,15.7438,0.851703,18.2618,0.42336,0,0.42336,460.49,0,1.02816,0,0,3.12461,2.09645,1.028160,1,0,177.522,0,0,0,177.522,0
72.29,2.00441,0,0,4.9321,0.324957,2.60273,3.6288,61.308,0.0477164,0,0,2.66233,0.0830553,2.53156,0.66528,12.849,1,0.356269,2.60273,0,129.946,2.95869,129.233,0.84672,12.849,0.84672,3695.15,0,0,0,1.91879,1.27342,13.9401,0.851703,16.2806,0.42336,0,0.42336,460.49,0,1.02816,0,0,2.94695,1.91879,1.028160,1,0,148.046,0,0,0,148.046,0
72.29,2.00481,0,0,5.74201,0.324957,3.41224,3.6288,61.308,0.0478542,0,0,2.71725,0.0830553,2.58634,0.66528,12.849,1,0.35634,3.41224,0,145.962,2.95869,146.06,0.84672,12.849,0.84672,3695.15,0,0,0,2.30914,1.27361,16.9258,0.851703,19.6569,0.42336,0,0.42336,460.49,0,1.02816,0,0,3.3373,2.30914,1.028160,1,0,168.303,0,0,0,168.303,0
72.29,2.00522,0,0,6.52251,0.324274,4.19302,3.6288,61.308,0.047992,0,0,2.88926,0.0773281,2.76394,0.66528,12.849,1,0.356412,4.19302,0,173.416,2.86904,174.384,0.84672,12.849,0.84672,3695.15,0,0,0,2.38959,1.27381,16.9545,0.836348,19.7816,0.42336,0,0.42336,460.49,0,1.02816,0,0,3.41775,2.38959,1.028160,1,0,196.929,0,0,0,196.929,0
72.29,2.08828,0,0,7.57666,0.306229,5.18215,3.6288,61.308,0.0792551,0,0,3.54086,0.110976,3.35063,0.66528,12.849,1,0.371176,5.18215,0,219.557,3.26958,221.098,0.84672,12.849,0.84672,3695.15,0,0,0,2.80212,1.274,18.9486,0.995107,22.0296,0.42336,0,0.42336,460.49,0,1.02816,0,0,3.83028,2.80212,1.028160,1,0,246.479,0,0,0,246.479,0
72.29,2.0887,0,0,6.23894,0.274544,3.8757,3.6288,61.308,0.0793985,0,0,2.5812,0.121083,2.38072,0.66528,12.849,1,0.371251,3.8757,0,183.873,3.65022,183.727,0.84672,12.849,0.84672,3695.15,0,0,0,2.34046,1.31649,15.5011,1.09064,18.0674,0.42336,0,0.42336,460.49,0,1.02816,0,0,3.36862,2.34046,1.028160,1,0,204.175,0,0,0,204.175,0
72.29,2.08912,0,0,5.00432,0.274544,2.64066,3.6288,61.308,0.079542,0,0,2.38963,0.121083,2.18901,0.66528,12.849,1,0.371325,2.64066,0,149.194,3.65022,147.813,0.84672,12.849,0.84672,3695.15,0,0,0,1.99592,1.31669,13.3536,1.09064,15.5756,0.42336,0,0.42336,460.49,0,1.02816,0,0,3.02408,1.99592,1.028160,1,0,165.578,0,0,0,165.578,0
72.29,2.08954,0,0,4.65062,0.274544,2.28654,3.6288,61.308,0.0796854,0,0,2.80127,0.121083,2.6005,0.66528,12.849,1,0.371399,2.28654,0,150.345,3.65022,148.61,0.84672,12.849,0.84672,3695.15,0,0,0,2.02212,1.3169,16.851,1.09064,19.0994,0.42336,0,0.42336,460.49,0,1.02816,0,0,3.05028,2.02212,1.028160,1,0,170.309,0,0,0,170.309,0
72.29,2.05761,0,0,4.42131,0.236304,2.1274,3.6288,61.308,0.0677316,0,0,2.1484,0.153373,1.92729,0.66528,12.849,1,0.365725,2.1274,0,122.52,3.60933,120.673,0.84672,12.849,0.84672,3695.15,0,0,0,2.00225,1.3171,13.0086,1.05777,15.2702,0.42336,0,0.42336,460.49,0,1.02816,0,0,3.03041,2.00225,1.028160,1,0,137.87,0,0,0,137.87,0
72.29,2.05802,0,0,4.2509,0.194232,1.99864,3.6288,61.308,0.067873,0,0,1.57648,0.176894,1.33171,0.66528,12.849,1,0.365798,1.99864,0,116.632,3.93072,114.334,0.84672,12.849,0.84672,3695.15,0,0,0,1.8032,1.30082,12.0272,1.04757,14.0837,0.42336,0,0.42336,460.49,0,1.02816,0,0,2.83136,1.8032,1.028160,1,0,129.75,0,0,0,129.75,0
72.29,2.05844,0,0,3.77125,0.181625,1.53119,3.6288,61.308,0.0680144,0,0,1.35324,0.188701,1.09652,0.66528,12.849,1,0.365871,1.53119,0,103.167,4.21287,100.119,0.84672,12.849,0.84672,3695.15,0,0,0,1.79706,1.30102,11.1038,1.04578,13.1561,0.42336,0,0.42336,460.49,0,1.02816,0,0,2.82522,1.79706,1.028160,1,0,114.372,0,0,0,114.372,0
72.29,2.05885,0,0,3.53458,0.162795,1.31294,3.6288,61.308,0.0681558,0,0,1.23086,0.194942,0.967765,0.66528,12.849,1,0.365945,1.31294,0,96.0077,4.26846,92.6862,0.84672,12.849,0.84672,3695.15,0,0,0,1.7044,1.30122,10.1835,1.04966,12.1395,0.42336,0,0.42336,460.49,0,1.02816,0,0,2.73256,1.7044,1.028160,1,0,105.793,0,0,0,105.793,0
72.29,2.16913,0,0,3.25238,0.162795,0.920461,3.6288,61.308,0.111228,0,0,1.22015,0.194942,0.913979,0.66528,12.849,1,0.385546,0.920461,0,86.6834,4.26846,82.9499,0.84672,12.849,0.84672,3695.15,0,0,0,1.74568,1.30142,9.73097,1.04966,11.7284,0.42336,0,0.42336,460.49,0,1.02816,0,0,2.77384,1.74568,1.028160,1,0,95.5922,0,0,0,95.5922,0
72.29,2.16956,0,0,3.01047,0.134623,0.706289,3.6288,61.308,0.111377,0,0,1.02839,0.160417,0.756599,0.66528,12.849,1,0.385622,0.706289,0,89.3298,3.95283,85.6977,0.84672,12.849,0.84672,3695.15,0,0,0,1.19702,1.35904,9.15373,0.931937,10.7779,0.42336,0,0.42336,460.49,0,1.02816,0,0,2.22518,1.19702,1.028160,1,0,97.2321,0,0,0,97.2321,0
72.29,2.16999,0,0,3.02524,0.134623,0.720632,3.6288,61.308,0.111526,0,0,1.1524,0.160417,0.88046,0.66528,12.849,1,0.385699,0.720632,0,80.1109,3.95283,76.493,0.84672,12.849,0.84672,3695.15,0,0,0,1.69373,1.35925,10.4223,0.931937,12.5434,0.42336,0,0.42336,460.49,0,1.02816,0,0,2.72189,1.69373,1.028160,1,0,89.9169,0,0,0,89.9169,0
72.29,2.17042,0,0,2.86826,0.134623,0.563211,3.6288,61.308,0.111676,0,0,0.9652,0.160417,0.693108,0.66528,12.849,1,0.385776,0.563211,0,73.4893,3.95283,69.7139,0.84672,12.849,0.84672,3695.15,0,0,0,1.28777,1.35946,9.67084,0.931937,11.3861,0.42336,0,0.42336,460.49,0,1.02816,0,0,2.31593,1.28777,1.028160,1,0,81.7931,0,0,0,81.7931,0
72.29,2.17085,0,0,2.67657,0.134623,0.371091,3.6288,61.308,0.111825,0,0,0.927599,0.160417,0.655357,0.66528,12.849,1,0.385853,0.371091,0,66.0874,3.95283,62.1198,0.84672,12.849,0.84672,3695.15,0,0,0,0.972484,1.35967,8.40637,0.931937,9.80659,0.42336,0,0.42336,460.49,0,1.02816,0,0,2.00064,0.972484,1.028160,1,0,72.5817,0,0,0,72.5817,0
72.29,2.14954,0,0,2.77998,0.120301,0.510138,3.6288,61.308,0.135591,0,0,0.816834,0.241064,0.44018,0.66528,12.849,1,0.382065,0.510138,0,62.9649,4.99149,58.1014,0.84672,12.849,0.84672,3695.15,0,0,0,0.536527,1.35988,6.59206,1.18586,7.30261,0.42336,0,0.42336,460.49,0,1.02816,0,0,1.56469,0.536527,1.028160,1,0,65.8442,0,0,0,65.8442,0
72.29,2.14997,0,0,2.70235,0.0662727,0.486108,3.6288,61.308,0.135744,0,0,0.787121,0.260392,0.390985,0.66528,12.849,1,0.382141,0.486108,0,59.0304,5.06089,54.0735,0.84672,12.849,0.84672,3695.15,0,0,0,0.406037,1.37354,6.2195,1.20133,6.79775,0.42336,0,0.42336,460.49,0,1.02816,0,0,1.4342,0.406037,1.028160,1,0,61.2622,0,0,0,61.2622,0
72.2049,2.1504,0,0,2.49455,0.0663392,0.36288,3.6288,61.308,0.135897,0,0,0.778931,0.260392,0.382641,0.66528,12.849,1,0.382217,0.36288,0,53.9746,5.06089,48.8944,0.84672,12.849,0.84672,3695.15,0,0,0,0.376013,1.37375,5.70624,1.20133,6.25468,0.42336,0,0.42336,460.49,0,1.02816,0,0,1.40417,0.376013,1.028160,1,0,55.5317,0,0,0,55.5317,0
71.957,2.15044,0,0,2.33158,0.0662299,0.36288,3.6288,61.308,0.136051,0,0,0.783631,0.260392,0.387188,0.66528,12.849,1,0.382676,0.36288,0,50.1819,5.06089,45.1012,0.84672,12.849,0.84672,3695.15,0,0,0,0.438679,1.37396,5.51586,1.20133,6.12718,0.42336,0,0.42336,460.49,0,1.02816,0,0,1.46684,0.438679,1.028160,1,0,51.6156,0,0,0,51.6156,0
71.4845,2.20591,0,0,2.16223,0.0659139,0.36288,3.6288,61.308,0.157267,0,0,0.673903,0.293449,0.223186,0.66528,12.849,1,0.393899,0.36288,0,44.4336,5.48561,38.917,0.84672,12.849,0.84672,3695.15,0,0,0,0.291445,1.37418,4.97299,1.32574,5.31287,0.42336,0,0.42336,460.49,0,1.02816,0,0,1.3196,0.291445,1.028160,1,0,44.4531,0,0,0,44.4531,0
70.9735,2.20414,0,0,2.12734,0.0713227,0.36288,3.6288,61.308,0.157424,0,0,0.652418,0.328097,0.166896,0.66528,12.849,1,0.396185,0.36288,0,47.6733,5.94311,41.6969,0.84672,12.849,0.84672,3695.15,0,0,0,0.287531,1.40307,4.6749,1.49178,4.87372,0.42336,0,0.42336,460.49,0,1.02816,0,0,1.31569,0.287531,1.028160,1,0,46.7375,0,0,0,46.7375,0
70.3182,2.20217,0,0,1.98082,0.0710444,0.36288,3.6288,61.308,0.157582,0,0,0.566012,0.328097,0.0803337,0.66528,12.849,1,0.398679,0.36288,0,40.3662,5.94311,34.3873,0.84672,12.849,0.84672,3695.15,0,0,0,0.394044,1.40328,4.718,1.49178,5.02355,0.42336,0,0.42336,460.49,0,1.02816,0,0,1.4222,0.394044,1.028160,1,0,39.4911,0,0,0,39.4911,0
69.5166,2.19946,0,0,1.83139,0.0706876,0.36288,3.6288,61.308,0.164176,0,0,0.524893,0.328097,0.03262,0.66528,12.849,1,0.4019,0.36288,0,38.7076,5.94311,32.7255,0.84672,12.849,0.84672,3695.15,0,0,0,0.227405,1.4035,4.10227,1.49178,4.2414,0.42336,0,0.42336,460.49,0,1.02172,0,0,1.24913,0.227405,1.028160,1,0,36.9995,0,0,0,36.9995,0
68.6006,2.35969,0,0,1.87207,0.0654534,0.36288,3.6288,61.308,0.233976,0,0,0.582909,0.330687,0.0182462,0.66528,12.849,1,0.436151,0.36288,0,36.8149,6.01788,30.7237,0.84672,12.849,0.84672,3695.15,0,0,0,0.389508,1.40372,5.07419,1.50672,5.36071,0.42336,0,0.42336,460.49,0,1.02816,0,0,1.41767,0.389508,1.028160,1,0,36.1027,0,0,0,36.1027,0
68.0538,2.35525,0,0,2.24279,0.071477,0.36288,3.6288,61.2602,0.280759,0,0,0.587609,0.354692,0,0.66528,12.849,1,0.441143,0.36288,0,43.6674,6.40457,37.1846,0.84672,12.849,0.84672,3695.15,0,0,0,0.227405,1.49907,5.14756,1.53717,5.33687,0.42336,0,0.42336,460.49,0,0.981547,0,0,1.20895,0.227405,1.028160,1,0,42.5215,0,0,0,42.5215,0
67.6882,2.35274,0,0,2.42682,0.0767315,0.36288,3.6288,61.308,0.234318,0,0,0.638414,0.342733,0.0135211,0.66528,12.849,1,0.444212,0.36288,0,47.4691,6.38484,41.0029,0.84672,12.849,0.84672,3695.15,0,0,0,0.31199,1.4993,4.43032,1.53547,4.70614,0.42336,0,0.42336,460.49,0,1.02816,0,0,1.34015,0.31199,1.028160,1,0,45.7226,0,0,0,45.7226,0
66.8961,2.35119,0,0,1.99846,0.0765116,0.36288,3.6288,61.2379,0.282916,0,0,0.555658,0.342837,0,0.66528,12.849,1,0.446316,0.36288,0,58.9304,6.38484,52.4621,0.84672,12.849,0.84672,3695.15,0,0,0,0.204422,1.49954,3.95252,1.53547,4.12102,0.42336,0,0.42336,460.49,0,0.979733,0,0,1.18416,0.204422,1.028160,1,0,56.5832,0,0,0,56.5832,0
66.3208,2.34722,0,0,2.2108,0.0760351,0.36288,3.6288,61.308,0.23466,0,0,0.763302,0.342685,0.115863,0.66528,12.849,1,0.450839,0.36288,0,50.5246,6.38484,44.0518,0.84672,12.849,0.84672,3695.15,0,0,0,0.522011,1.49977,4.72332,1.53547,5.20963,0.42336,0,0.42336,460.49,0,1.02816,0,0,1.55017,0.522011,1.028160,1,0,49.3773,0,0,0,49.3773,0
66.449,2.26514,0,0,2.81373,0.0574734,0.36288,3.6288,61.308,0.188612,0,0,0.705789,0.370737,0.146439,0.66528,12.849,1,0.438849,0.36288,0,56.5483,6.34197,50.1303,0.84672,12.849,0.84672,3695.15,0,0,0,0.912151,1.50001,5.91244,1.56669,6.75791,0.42336,0,0.42336,460.49,0,1.02816,0,0,1.94031,0.912151,1.028160,1,0,57.0347,0,0,0,57.0347,0
66.8824,2.2663,0,0,3.20754,0.14502,0.36288,3.6288,61.308,0.188775,0,0,0.916427,0.326488,0.401164,0.66528,12.849,1,0.438226,0.36288,0,54.9622,4.68899,50.1979,0.84672,12.849,0.84672,3695.15,0,0,0,1.53676,1.44681,7.16869,1.19293,8.95933,0.42336,0,0.42336,460.49,0,1.02816,0,0,2.56492,1.53676,1.028160,1,0,59.5584,0,0,0,59.5584,0
67.5674,2.26913,0,0,3.47436,0.157346,0.36288,3.6288,61.308,0.188938,0,0,1.09381,0.330513,0.574356,0.66528,12.849,1,0.435931,0.36288,0,60.309,4.75408,55.4819,0.84672,12.849,0.84672,3695.15,0,0,0,1.64374,1.44703,8.21707,1.23021,10.0776,0.42336,0,0.42336,460.49,0,1.02816,0,0,2.6719,1.64374,1.028160,1,0,66.1339,0,0,0,66.1339,0
68.3099,2.27329,0,0,3.53689,0.158198,0.36288,3.6288,61.308,0.189101,0,0,1.11836,0.330513,0.598748,0.66528,12.849,1,0.432303,0.36288,0,85.7416,4.75408,80.9181,0.84672,12.849,0.84672,3695.15,0,0,0,1.82539,1.44726,8.85056,1.23021,10.893,0.42336,0,0.42336,460.49,0,1.02816,0,0,2.85355,1.82539,1.028160,1,0,92.4099,0,0,0,92.4099,0
69.36,2.21229,0,0,3.7935,0.168198,0.36288,3.6288,61.308,0.147164,0,0,1.60545,0.321033,1.13725,0.66528,12.849,1,0.416128,0.36288,0,183.468,4.75125,178.663,0.84672,12.849,0.84672,3695.15,0,0,0,2.31954,1.44749,11.6105,1.21116,14.1663,0.42336,0,0.42336,460.49,0,1.02816,0,0,3.3477,2.31954,1.028160,1,0,193.967,0,0,0,193.967,0
69.9096,2.21804,0,0,3.35498,0.224475,0.36288,3.6288,61.308,0.14732,0,0,1.63284,0.264157,1.22136,0.66528,12.849,1,0.410894,0.36288,0,64.1006,4.73424,59.3183,0.84672,12.849,0.84672,3695.15,0,0,0,1.68932,1.40062,8.02463,1.09683,10.0177,0.42336,0,0.42336,460.49,0,1.02816,0,0,2.71748,1.68932,1.028160,1,0,70.5574,0,0,0,70.5574,0
70.6705,2.22121,0,0,3.5704,0.225433,0.36288,3.6288,61.308,0.147475,0,0,1.38005,0.264157,0.968418,0.66528,12.849,1,0.408247,0.36288,0,49.5317,4.73424,44.752,0.84672,12.849,0.84672,3695.15,0,0,0,1.17145,1.40084,9.8585,1.09683,11.334,0.42336,0,0.42336,460.49,0,1.02816,0,0,2.19961,1.17145,1.028160,1,0,57.0544,0,0,0,57.0544,0
71.3147,2.22537,0,0,3.45475,0.22226,0.36288,3.6288,61.308,0.147631,0,0,1.76423,0.274946,1.34165,0.66528,12.849,1,0.404608,0.36288,0,116.895,4.80552,112.048,0.84672,12.849,0.84672,3695.15,0,0,0,1.58496,1.40106,11.9953,1.15788,13.8234,0.42336,0,0.42336,460.49,0,1.02816,0,0,2.61312,1.58496,1.028160,1,0,127.213,0,0,0,127.213,0
72.29,2.04175,0,0,4.28052,0.218982,1.04449,3.6288,61.308,0.0600414,0,0,2.14062,0.30423,1.77635,0.66528,12.849,1,0.367869,1.04449,0,73.3622,4.92231,69.1166,0.84672,12.849,0.84672,3695.15,0,0,0,1.94524,1.40127,9.13858,1.28929,11.1958,0.42336,0,0.42336,460.49,0,1.02816,0,0,2.9734,1.94524,1.028160,1,0,82.0887,0,0,0,82.0887,0
72.29,2.04638,0,0,3.79696,0.212307,1.53827,3.6288,61.308,0.0601814,0,0,1.69173,0.222256,1.40929,0.66528,12.849,1,0.363728,1.53827,0,99.8585,3.49986,97.5332,0.84672,12.849,0.84672,3695.15,0,0,0,1.52461,1.29231,8.83086,0.927473,10.7203,0.42336,0,0.42336,460.49,0,1.02816,0,0,2.55277,1.52461,1.028160,1,0,109.663,0,0,0,109.663,0
72.29,2.04679,0,0,2.79634,0.312172,0.437376,3.6288,61.308,0.0603214,0,0,1.35428,0.168039,1.12592,0.66528,12.849,1,0.363801,0.437376,0,48.391,3.72992,44.7347,0.84672,12.849,0.84672,3695.15,0,0,0,1.07101,1.29251,6.57348,0.920579,8.01642,0.42336,0,0.42336,460.49,0,1.02816,0,0,2.09917,1.07101,1.028160,1,0,53.877,0,0,0,53.877,0
72.29,2.0472,0,0,3.62646,0.312172,1.26709,3.6288,61.308,0.0604614,0,0,1.95989,0.168039,1.73139,0.66528,12.849,1,0.363874,1.26709,0,88.6317,3.72992,85.805,0.84672,12.849,0.84672,3695.15,0,0,0,1.21363,1.29271,8.70281,0.920579,10.2886,0.42336,0,0.42336,460.49,0,1.02816,0,0,2.24179,1.21363,1.028160,1,0,97.825,0,0,0,97.825,0
72.29,2.04761,0,0,4.1224,0.312172,1.76262,3.6288,61.308,0.0606015,0,0,2.34531,0.168039,2.11667,0.66528,12.849,1,0.363947,1.76262,0,82.7375,3.72992,80.4063,0.84672,12.849,0.84672,3695.15,0,0,0,1.63334,1.2929,9.66375,0.920579,11.6694,0.42336,0,0.42336,460.49,0,1.02816,0,0,2.6615,1.63334,1.028160,1,0,94.1924,0,0,0,94.1924,0
72.29,2.12022,0,0,4.52898,0.266184,2.14258,3.6288,61.308,0.0861698,0,0,3.21147,0.185944,2.93936,0.66528,12.849,1,0.376852,2.14258,0,172.658,3.74335,170.681,0.84672,12.849,0.84672,3695.15,0,0,0,2.72966,1.2931,14.6122,0.95729,17.6777,0.42336,0,0.42336,460.49,0,1.02816,0,0,3.75782,2.72966,1.028160,1,0,191.298,0,0,0,191.298,0
72.29,2.12062,0,0,2.97169,0.240256,0.610816,3.6288,61.308,0.0863086,0,0,1.95451,0.167883,1.70032,0.66528,12.849,1,0.376924,0.610816,0,86.7586,3.03335,83.9591,0.84672,12.849,0.84672,3695.15,0,0,0,2.26788,1.32888,10.8507,0.710391,13.7371,0.42336,0,0.42336,460.49,0,1.02816,0,0,3.29604,2.26788,1.028160,1,0,99.3965,0,0,0,99.3965,0
72.0245,2.12103,0,0,2.45863,0.240256,0.36288,3.6288,61.308,0.0864475,0,0,1.70008,0.167883,1.44575,0.66528,12.849,1,0.376997,0.36288,0,71.1323,3.03335,68.0848,0.84672,12.849,0.84672,3695.15,0,0,0,1.8132,1.32908,8.49018,0.710391,10.9221,0.42336,0,0.42336,460.49,0,1.02816,0,0,2.84136,1.8132,1.028160,1,0,80.4526,0,0,0,80.4526,0
71.8862,2.12026,0,0,2.65088,0.306037,0.36288,3.6288,61.308,0.0865863,0,0,2.15097,0.169366,1.89502,0.66528,12.849,1,0.378249,0.36288,0,65.3636,3.22864,62.1196,0.84672,12.849,0.84672,3695.15,0,0,0,1.98875,1.32928,9.03925,0.781259,11.576,0.42336,0,0.42336,460.49,0,1.02816,0,0,3.01691,1.98875,1.028160,1,0,75.5906,0,0,0,75.5906,0
71.7476,2.35185,0,0,2.88774,0.311574,0.36288,3.6288,61.308,0.182256,0,0,1.70135,0.163122,1.35598,0.66528,12.849,1,0.420372,0.36288,0,70.079,3.01738,67.0042,0.84672,12.849,0.84672,3695.15,0,0,0,2.00374,1.32947,7.96608,0.611845,10.6874,0.42336,0,0.42336,460.49,0,1.02816,0,0,3.0319,2.00374,1.028160,1,0,79.0476,0,0,0,79.0476,0
72.29,2.35161,0,0,3.79739,0.275121,0.628275,3.6288,61.308,0.182411,0,0,1.9339,0.156888,1.5946,0.66528,12.849,1,0.42114,0.628275,0,86.0829,3.19788,83.0922,0.84672,12.849,0.84672,3695.15,0,0,0,1.08977,1.45468,8.05963,0.744626,9.85945,0.42336,0,0.42336,460.49,0,1.02816,0,0,2.11793,1.08977,1.028160,1,0,94.5462,0,0,0,94.5462,0
71.8454,2.35474,0,0,2.54926,0.276258,0.36288,3.6288,61.308,0.182567,0,0,2.73748,0.156888,2.39803,0.66528,12.849,1,0.418537,0.36288,0,87.5042,3.19788,84.2507,0.84672,12.849,0.84672,3695.15,0,0,0,2.0312,1.4549,11.8092,0.744626,14.5506,0.42336,0,0.42336,460.49,0,1.02816,0,0,3.05936,2.0312,1.028160,1,0,101.199,0,0,0,101.199,0
72.29,2.35299,0,0,3.5343,0.289736,0.446956,3.6288,61.308,0.182722,0,0,1.84869,0.149351,1.51662,0.66528,12.849,1,0.420814,0.446956,0,123.545,3.24165,120.33,0.84672,12.849,0.84672,3695.15,0,0,0,1.86106,1.45512,9.26545,0.725459,11.8562,0.42336,0,0.42336,460.49,0,1.02816,0,0,2.88922,1.86106,1.028160,1,0,133.702,0,0,0,133.702,0
72.29,2.02449,0,0,5.20015,0.347176,2.82848,3.6288,61.308,0.0545859,0,0,2.07853,0.157941,1.86601,0.66528,12.849,1,0.359838,2.82848,0,119.664,3.27559,118.857,0.84672,12.849,0.84672,3695.15,0,0,0,3.8532,1.45534,12.0816,0.718655,16.6715,0.42336,0,0.42336,460.49,0,1.02816,0,0,4.88136,3.8532,1.028160,1,0,137.395,0,0,0,137.395,0
72.29,2.02488,0,0,2.85546,0.331214,0.499362,3.6288,61.308,0.0547194,0,0,1.5696,0.159067,1.35582,0.66528,12.849,1,0.359908,0.499362,0,70.9252,3.02641,68.0383,0.84672,12.849,0.84672,3695.15,0,0,0,1.27354,1.28335,6.77689,0.830076,8.5037,0.42336,0,0.42336,460.49,0,1.02816,0,0,2.3017,1.27354,1.028160,1,0,77.8978,0,0,0,77.8978,0
72.29,2.02527,0,0,3.73716,0.331214,1.38068,3.6288,61.308,0.0548528,0,0,1.47316,0.159067,1.25924,0.66528,12.849,1,0.359977,1.38068,0,103.211,3.02641,101.205,0.84672,12.849,0.84672,3695.15,0,0,0,1.37483,1.28354,7.96254,0.830076,9.79084,0.42336,0,0.42336,460.49,0,1.02816,0,0,2.40299,1.37483,1.028160,1,0,112.255,0,0,0,112.255,0
72.29,2.02566,0,0,3.31369,0.326589,0.961438,3.6288,61.308,0.0549862,0,0,1.29855,0.184055,1.05951,0.66528,12.849,1,0.360046,0.961438,0,78.3899,3.58176,75.4095,0.84672,12.849,0.84672,3695.15,0,0,0,1.37305,1.28373,7.20006,0.981452,8.87539,0.42336,0,0.42336,460.49,0,1.02816,0,0,2.40121,1.37305,1.028160,1,0,85.3444,0,0,0,85.3444,0
72.29,2.02605,0,0,4.08756,0.320423,1.74108,3.6288,61.308,0.0551197,0,0,1.84188,0.217373,1.56939,0.66528,12.849,1,0.360116,1.74108,0,85.3667,4.32222,82.4254,0.84672,12.849,0.84672,3695.15,0,0,0,1.7252,1.28392,8.46305,1.18329,10.2889,0.42336,0,0.42336,460.49,0,1.02816,0,0,2.75336,1.7252,1.028160,1,0,94.2837,0,0,0,94.2837,0
72.29,2.10987,0,0,2.92713,0.33275,0.48451,3.6288,61.308,0.086665,0,0,1.21751,0.202407,0.928443,0.66528,12.849,1,0.375013,0.48451,0,73.4314,4.06134,69.4795,0.84672,12.849,0.84672,3695.15,0,0,0,1.21863,1.28411,5.31093,1.16048,6.65319,0.42336,0,0.42336,460.49,0,1.02816,0,0,2.24679,1.21863,1.028160,1,0,77.0611,0,0,0,77.0611,0
72.1294,2.11027,0,0,2.65452,0.341996,0.36288,3.6288,61.308,0.0868038,0,0,1.29238,0.191182,1.01439,0.66528,12.849,1,0.375085,0.36288,0,70.6671,3.86568,66.7892,0.84672,12.849,0.84672,3695.15,0,0,0,1.11805,1.32698,5.46489,1.14337,6.76654,0.42336,0,0.42336,460.49,0,1.02816,0,0,2.14621,1.11805,1.028160,1,0,74.5701,0,0,0,74.5701,0
71.785,2.10997,0,0,2.4701,0.341579,0.36288,3.6288,61.308,0.0869428,0,0,1.33501,0.191182,1.05688,0.66528,12.849,1,0.375866,0.36288,0,74.3757,3.86568,70.497,0.84672,12.849,0.84672,3695.15,0,0,0,1.5478,1.32718,5.6643,1.14337,7.3959,0.42336,0,0.42336,460.49,0,1.02816,0,0,2.57596,1.5478,1.028160,1,0,78.9498,0,0,0,78.9498,0
71.5743,2.10884,0,0,2.60163,0.340686,0.36288,3.6288,61.308,0.0870817,0,0,0.952897,0.191182,0.674633,0.66528,12.849,1,0.377468,0.36288,0,61.6505,3.86568,57.7702,0.84672,12.849,0.84672,3695.15,0,0,0,0.816705,1.32737,3.85596,1.14337,4.85667,0.42336,0,0.42336,460.49,0,1.02816,0,0,1.84486,0.816705,1.028160,1,0,63.3015,0,0,0,63.3015,0
71.0759,2.07571,0,0,2.22275,0.282528,0.36288,3.6288,61.308,0.0750123,0,0,1.01322,0.246558,0.691651,0.66528,12.849,1,0.372632,0.36288,0,54.8564,4.52907,50.3176,0.84672,12.849,0.84672,3695.15,0,0,0,0.984113,1.32757,5.11495,1.34048,6.08615,0.42336,0,0.42336,460.49,0,1.02816,0,0,2.01227,0.984113,1.028160,1,0,57.0954,0,0,0,57.0954,0
70.3635,2.0739,0,0,2.02089,0.296497,0.36288,3.6288,61.308,0.0751492,0,0,1.1535,0.212322,0.866029,0.66528,12.849,1,0.374917,0.36288,0,45.6932,3.95787,41.7233,0.84672,12.849,0.84672,3695.15,0,0,0,1.10123,1.31113,5.24339,1.20948,6.44627,0.42336,0,0.42336,460.49,0,1.02816,0,0,2.12939,1.10123,1.028160,1,0,49.0356,0,0,0,49.0356,0
70.7581,2.07109,0,0,3.12342,0.29488,0.36288,3.6288,61.308,0.0752861,0,0,1.40892,0.212322,1.12131,0.66528,12.849,1,0.378199,0.36288,0,57.4531,3.95787,53.48,0.84672,12.849,0.84672,3695.15,0,0,0,1.43549,1.31132,4.72988,1.20948,6.26722,0.42336,0,0.42336,460.49,0,1.02816,0,0,2.46365,1.43549,1.028160,1,0,60.8685,0,0,0,60.8685,0
70.1623,2.07327,0,0,2.09098,0.25064,0.36288,3.6288,61.308,0.0754231,0,0,1.23895,0.223032,0.940495,0.66528,12.849,1,0.376486,0.36288,0,49.289,4.28295,44.9924,0.84672,12.849,0.84672,3695.15,0,0,0,1.15549,1.31152,4.20779,1.1493,5.5255,0.42336,0,0.42336,460.49,0,1.02816,0,0,2.18365,1.15549,1.028160,1,0,51.4584,0,0,0,51.4584,0
69.1608,2.18133,0,0,1.78475,0.242005,0.36288,3.6288,61.308,0.118884,0,0,1.06174,0.224818,0.718043,0.66528,12.849,1,0.399473,0.36288,0,40.371,4.33713,35.9973,0.84672,12.849,0.84672,3695.15,0,0,0,0.850366,1.31171,3.70449,1.13927,4.72729,0.42336,0,0.42336,460.49,0,1.02816,0,0,1.87853,0.850366,1.028160,1,0,41.4426,0,0,0,41.4426,0
68.2231,2.17687,0,0,1.81829,0.216231,0.36288,3.6288,61.308,0.119028,0,0,1.09822,0.214139,0.765054,0.66528,12.849,1,0.404428,0.36288,0,38.0343,3.84618,34.1466,0.84672,12.849,0.84672,3695.15,0,0,0,1.01133,1.36985,3.7814,1.16468,4.9979,0.42336,0,0.42336,460.49,0,1.02816,0,0,2.03949,1.01133,1.028160,1,0,39.9095,0,0,0,39.9095,0
67.3137,2.1726,0,0,1.83676,0.2107,0.36288,3.6288,61.308,0.119172,0,0,1.23371,0.21236,0.902182,0.66528,12.849,1,0.409184,0.36288,0,37.0361,3.76436,33.2254,0.84672,12.849,0.84672,3695.15,0,0,0,1.04954,1.37005,4.2338,1.16891,5.48447,0.42336,0,0.42336,460.49,0,1.02816,0,0,2.0777,1.04954,1.028160,1,0,39.612,0,0,0,39.612,0
66.2911,2.16838,0,0,1.71783,0.2092,0.36288,3.6288,61.308,0.119317,0,0,1.1384,0.21236,0.806721,0.66528,12.849,1,0.413905,0.36288,0,34.6444,3.76436,30.829,0.84672,12.849,0.84672,3695.15,0,0,0,0.963835,1.37026,3.71743,1.16891,4.88261,0.42336,0,0.42336,460.49,0,1.02816,0,0,1.992,0.963835,1.028160,1,0,36.5184,0,0,0,36.5184,0
65.1973,2.16344,0,0,1.61159,0.179061,0.36288,3.6288,61.308,0.119461,0,0,1.08037,0.237616,0.723294,0.66528,12.849,1,0.419333,0.36288,0,32.2836,4.34859,27.8786,0.84672,12.849,0.84672,3695.15,0,0,0,0.91006,1.37046,3.68012,1.25186,4.70878,0.42336,0,0.42336,460.49,0,1.02816,0,0,1.93822,0.91006,1.028160,1,0,33.3107,0,0,0,33.3107,0
64.1878,2.13639,0,0,1.62113,0.131319,0.36288,3.6288,61.308,0.143438,0,0,1.00147,0.252741,0.605292,0.66528,12.849,1,0.421037,0.36288,0,28.3677,4.85841,23.4511,0.84672,12.849,0.84672,3695.15,0,0,0,0.663742,1.37066,3.16632,1.19525,4.00547,0.42336,0,0.42336,460.49,0,1.02816,0,0,1.6919,0.663742,1.028160,1,0,28.0619,0,0,0,28.0619,0
63.2534,2.13128,0,0,1.68363,0.123872,0.36288,3.6288,61.308,0.143586,0,0,0.961563,0.238829,0.579148,0.66528,12.849,1,0.426635,0.36288,0,25.328,4.65654,20.6077,0.84672,12.849,0.84672,3695.15,0,0,0,0.654947,1.38444,3.16093,1.06985,4.13046,0.42336,0,0.42336,460.49,0,1.02816,0,0,1.68311,0.654947,1.028160,1,0,25.3173,0,0,0,25.3173,0
62.2621,2.12645,0,0,1.61651,0.118481,0.36288,3.6288,61.308,0.143735,0,0,0.924428,0.246601,0.534092,0.66528,12.849,1,0.431956,0.36288,0,23.7743,4.76513,18.9401,0.84672,12.849,0.84672,3695.15,0,0,0,0.671812,1.38464,3.20395,1.1066,4.15381,0.42336,0,0.42336,460.49,0,1.02816,0,0,1.69997,0.671812,1.028160,1,0,23.628,0,0,0,23.628,0
61.109,2.12115,0,0,1.42207,0.0911935,0.36288,3.6288,61.308,0.143883,0,0,0.874748,0.290555,0.440309,0.66528,12.849,1,0.43774,0.36288,0,22.4932,5.55224,16.8661,0.84672,12.849,0.84672,3695.15,0,0,0,0.458257,1.38485,3.07504,1.3774,3.54075,0.42336,0,0.42336,460.49,0,1.02816,0,0,1.48642,0.458257,1.028160,1,0,20.8472,0,0,0,20.8472,0
59.8129,2.16991,0,0,1.33174,0.0950206,0.36288,3.6288,61.308,0.165286,0,0,0.78433,0.283438,0.335606,0.66528,12.849,1,0.456254,0.36288,0,20.1489,5.84662,14.2089,0.84672,12.849,0.84672,3695.15,0,0,0,0.48708,1.38506,2.94779,1.47689,3.34303,0.42336,0,0.42336,460.49,0,1.02816,0,0,1.51524,0.48708,1.028160,1,0,17.8876,0,0,0,17.8876,0
58.4676,2.16219,0,0,1.27052,0.0907884,0.36288,3.6288,61.2836,0.25183,0,0,0.535046,0.307581,0,0.66528,12.849,1,0.464481,0.36288,0,17.1119,5.80676,11.2035,0.84672,12.849,0.84672,3695.15,0,0,0,0.261274,1.4142,2.69276,1.45435,2.91389,0.42336,0,0.42336,460.49,0,0.941769,0,0,1.20304,0.261274,1.028160,1,0,14.1174,0,0,0,14.1174,0
57.1451,2.15384,0,0,1.27924,0.0849811,0.36288,3.6288,61.308,0.165591,0,0,0.508385,0.311976,0.00645305,0.66528,12.849,1,0.473333,0.36288,0,22.4146,5.84472,16.4594,0.84672,12.849,0.84672,3695.15,0,0,0,0.318583,1.41441,2.96411,1.47683,3.22027,0.42336,0,0.42336,460.49,0,1.02816,0,0,1.34674,0.318583,1.028160,1,0,19.6861,0,0,0,19.6861,0
55.7509,2.1453,0,0,1.19782,0.0838903,0.36288,3.6288,61.303,0.165743,0,0,0.47278,0.312024,0,0.66528,12.849,1,0.482368,0.36288,0,17.9968,5.84472,12.0326,0.84672,12.849,0.84672,3695.15,0,0,0,0.293613,1.41462,2.67191,1.47683,2.90331,0.42336,0,0.42336,460.49,0,1.02816,0,0,1.32177,0.293613,1.028160,1,0,14.9359,0,0,0,14.9359,0
54.1009,2.29497,0,0,1.09059,0.0827403,0.36288,3.6288,61.06,0.379849,0,0,0.448842,0.312014,0,0.66528,12.849,1,0.528925,0.36288,0,16.4017,5.84472,10.3909,0.84672,12.849,0.84672,3695.15,0,0,0,0.227405,1.41483,2.49229,1.47683,2.65769,0.42336,0,0.42336,460.49,0,0.890974,0,0,1.11838,0.227405,1.028160,1,0,13.0486,0,0,0,13.0486,0
52.5017,2.28236,0,0,1.13776,0.0916866,0.36288,3.6288,61.0468,0.242829,0,0,0.531764,0.302172,0,0.66528,12.849,1,0.542063,0.36288,0,15.9697,6.04077,9.7497,0.84672,12.849,0.84672,3695.15,0,0,0,0.655249,1.51104,3.1674,1.57601,3.75768,0.42336,0,0.42336,460.49,0,1.02816,0,0,1.68341,0.655249,1.028160,1,0,13.5074,0,0,0,13.5074,0
50.7138,2.26953,0,0,0.938788,0.0942566,0.36288,3.6288,60.949,0.242994,0,0,0.443622,0.298403,0,0.66528,12.849,1,0.555433,0.36288,0,14.2235,6.11919,7.91177,0.84672,12.849,0.84672,3695.15,0,0,0,0.458317,1.51126,2.80615,1.61567,3.16006,0.42336,0,0.42336,460.49,0,1.02816,0,0,1.48648,0.458317,1.028160,1,0,11.0718,0,0,0,11.0718,0
49.0036,2.25433,0,0,0.999553,0.0925205,0.36288,3.6288,60.8476,0.24316,0,0,0.439995,0.298218,0,0.66528,12.849,1,0.571164,0.36288,0,13.2868,6.11919,6.95929,0.84672,12.849,0.84672,3695.15,0,0,0,0.435352,1.51149,2.95754,1.61567,3.28871,0.42336,0,0.42336,460.49,0,1.02816,0,0,1.46351,0.435352,1.028160,1,0,10.248,0,0,0,10.248,0
47.8029,2.23896,0,0,1.50027,0.0991123,0.36288,3.6288,60.8323,0.243326,0,0,0.523905,0.295887,0,0.66528,12.849,1,0.587067,0.36288,0,19.6202,6.05982,13.3362,0.84672,12.849,0.84672,3695.15,0,0,0,0.724559,1.51172,3.143,1.60839,3.77089,0.42336,0,0.42336,460.49,0,1.02816,0,0,1.75272,0.724559,1.028160,1,0,17.1071,0,0,0,17.1071,0
47.413,2.15252,0,0,2.2366,0.111125,0.36288,3.6288,61.0896,0.196856,0,0,0.725514,0.271312,0,0.66528,12.849,1,0.578577,0.36288,0,26.3452,5.75932,20.3702,0.84672,12.849,0.84672,3695.15,0,0,0,1.14425,1.51195,4.47021,1.57453,5.55187,0.42336,0,0.42336,460.49,0,1.02816,0,0,2.17241,1.14425,1.028160,1,0,25.922,0,0,0,25.922,0
47.1709,2.14918,0,0,2.37582,0.105833,0.36288,3.6288,61.308,0.197014,0,0,0.836626,0.248292,0.172954,0.66528,12.849,1,0.582432,0.36288,0,24.9641,5.46746,19.2771,0.84672,12.849,0.84672,3695.15,0,0,0,2.28215,1.45825,5.96829,1.55487,8.15383,0.42336,0,0.42336,460.49,0,1.02816,0,0,3.31031,2.28215,1.028160,1,0,27.6038,0,0,0,27.6038,0
46.791,2.14724,0,0,2.2357,0.105552,0.36288,3.6288,61.308,0.197172,0,0,0.854237,0.248636,0.408429,0.66528,12.849,1,0.584892,0.36288,0,33.1533,5.46746,27.4639,0.84672,12.849,0.84672,3695.15,0,0,0,2.81365,1.45847,5.55016,1.55487,8.26742,0.42336,0,0.42336,460.49,0,1.02816,0,0,3.84181,2.81365,1.028160,1,0,36.1397,0,0,0,36.1397,0
45.5069,2.14392,0,0,1.32781,0.10511,0.36288,3.6288,61.308,0.19733,0,0,0.583693,0.248636,0.137728,0.66528,12.849,1,0.58873,0.36288,0,23.0484,5.46746,17.3551,0.84672,12.849,0.84672,3695.15,0,0,0,1.2253,1.45869,3.60781,1.55487,4.73694,0.42336,0,0.42336,460.49,0,1.02816,0,0,2.25346,1.2253,1.028160,1,0,22.2298,0,0,0,22.2298,0
44.7699,2.07022,0,0,1.83359,0.137442,0.36288,3.6288,61.308,0.155009,0,0,0.800846,0.248875,0.396962,0.66528,12.849,1,0.584533,0.36288,0,24.2585,5.19274,18.8441,0.84672,12.849,0.84672,3695.15,0,0,0,1.57214,1.45891,4.84255,1.50357,6.37003,0.42336,0,0.42336,460.49,0,1.02816,0,0,2.6003,1.57214,1.028160,1,0,25.6111,0,0,0,25.6111,0
43.4576,2.06314,0,0,1.33373,0.220057,0.36288,3.6288,61.308,0.155159,0,0,0.770491,0.240752,0.37458,0.66528,12.849,1,0.592122,0.36288,0,25.968,3.93897,21.7997,0.84672,12.849,0.84672,3695.15,0,0,0,0.989582,1.41162,5.88533,0.970518,7.31602,0.42336,0,0.42336,460.49,0,1.02816,0,0,2.01774,0.989582,1.028160,1,0,29.4903,0,0,0,29.4903,0
42.3994,2.04973,0,0,1.57119,0.21679,0.36288,3.6288,61.308,0.15531,0,0,0.589421,0.240752,0.193359,0.66528,12.849,1,0.606038,0.36288,0,30.0694,3.93897,25.8873,0.84672,12.849,0.84672,3695.15,0,0,0,0.403635,1.41183,6.11676,0.970518,6.9617,0.42336,0,0.42336,460.49,0,1.02816,0,0,1.43179,0.403635,1.028160,1,0,33.0424,0,0,0,33.0424,0
44.4381,2.03851,0,0,4.65424,0.214157,0.36288,3.6288,61.308,0.155461,0,0,1.93954,0.240752,1.54333,0.66528,12.849,1,0.617764,0.36288,0,56.5231,3.93897,52.3292,0.84672,12.849,0.84672,3695.15,0,0,0,4.03445,1.41204,10.7737,0.970518,15.2497,0.42336,0,0.42336,460.49,0,1.02816,0,0,5.06261,4.03445,1.028160,1,0,69.1222,0,0,0,69.1222,0
45.6212,1.88801,0,0,3.65863,0.22461,0.36288,3.6288,61.308,0.0670804,0,0,1.4994,0.243065,1.18926,0.66528,12.849,1,0.545907,0.36288,0,63.8483,3.87756,59.7877,0.84672,12.849,0.84672,3695.15,0,0,0,3.55373,1.41225,10.2954,0.949306,14.3121,0.42336,0,0.42336,460.49,0,1.02816,0,0,4.58189,3.55373,1.028160,1,0,75.2891,0,0,0,75.2891,0
47.2868,1.89942,0,0,4.16303,0.235119,0.36288,3.6288,61.308,0.0672159,0,0,1.77192,0.248752,1.45595,0.66528,12.849,1,0.534963,0.36288,0,38.8608,4.18267,34.5061,0.84672,12.849,0.84672,3695.15,0,0,0,4.01377,1.3023,11.3771,0.985714,15.7074,0.42336,0,0.42336,460.49,0,1.02816,0,0,5.04193,4.01377,1.028160,1,0,51.6694,0,0,0,51.6694,0
50.1878,1.91461,0,0,5.40771,0.229231,0.36288,3.6288,61.308,0.0673515,0,0,1.9632,0.245476,1.65037,0.66528,12.849,1,0.520246,0.36288,0,80.3086,4.45211,75.6992,0.84672,12.849,0.84672,3695.15,0,0,0,4.31293,1.30249,12.7735,1.05119,17.3377,0.42336,0,0.42336,460.49,0,1.02816,0,0,5.34109,4.31293,1.028160,1,0,94.6872,0,0,0,94.6872,0
55.1356,1.93892,0,0,7.48615,0.236527,0.36288,3.6288,61.308,0.067487,0,0,3.23751,0.245476,2.92455,0.66528,12.849,1,0.4964,0.36288,0,86.2721,4.45211,81.6865,0.84672,12.849,0.84672,3695.15,0,0,0,8.49692,1.30268,29.9843,1.05119,38.7327,0.42336,0,0.42336,460.49,0,1.02816,0,0,9.52508,8.49692,1.028160,1,0,123.344,0,0,0,123.344,0
58.5577,1.97543,0,0,6.00931,0.248878,0.36288,3.6288,61.308,0.0676226,0,0,1.20765,0.245476,0.894549,0.66528,12.849,1,0.460361,0.36288,0,73.4642,4.45211,68.9146,0.84672,12.849,0.84672,3695.15,0,0,0,4.58456,1.30288,14.4679,1.05119,19.3041,0.42336,0,0.42336,460.49,0,1.02816,0,0,5.61272,4.58456,1.028160,1,0,89.1133,0,0,0,89.1133,0
64.2172,1.99749,0,0,8.26968,0.249836,0.36288,3.6288,61.308,0.0676226,0,0,4.42694,0.237761,4.12155,0.66528,12.849,1,0.438298,0.36288,0,73.9541,4.16573,69.7129,0.84672,12.849,0.84672,3695.15,0,0,0,5.00888,1.30307,25.0883,1.05117,30.3491,0.42336,0,0.42336,460.49,0,1.02816,0,0,6.03704,5.00888,1.028160,1,0,104.184,0,0,0,104.184,0
70.1754,2.10155,0,0,8.69699,0.274334,0.36288,3.6288,61.308,0.0934135,0,0,4.64162,0.220579,4.32762,0.66528,12.849,1,0.420492,0.36288,0,155.907,3.93058,151.919,0.84672,12.849,0.84672,3695.15,0,0,0,7.16306,1.30307,27.9701,1.15948,35.2767,0.42336,0,0.42336,460.49,0,1.02816,0,0,8.19122,7.16306,1.028160,1,0,191.523,0,0,0,191.523,0
72.29,2.13212,0,0,6.74277,0.298465,2.19763,3.6288,61.308,0.0935476,0,0,3.69341,0.231245,3.36862,0.66528,12.849,1,0.390387,2.19763,0,169.455,4.15915,167.104,0.84672,12.849,0.84672,3695.15,0,0,0,3.9825,1.33916,24.1173,1.23078,28.2081,0.42336,0,0.42336,460.49,0,1.02816,0,0,5.01066,3.9825,1.028160,1,0,198.68,0,0,0,198.68,0
72.29,2.14221,0,0,6.54385,0.303332,4.09831,3.6288,61.308,0.0936819,0,0,3.10594,0.231245,2.78102,0.66528,12.849,1,0.380761,4.09831,0,143.666,4.15915,143.224,0.84672,12.849,0.84672,3695.15,0,0,0,3.6508,1.33935,18.0507,1.23078,21.8101,0.42336,0,0.42336,460.49,0,1.02816,0,0,4.67896,3.6508,1.028160,1,0,167.815,0,0,0,167.815,0
72.29,2.1426,0,0,6.87137,0.303332,4.42544,3.6288,61.308,0.0938161,0,0,4.17506,0.231245,3.84999,0.66528,12.849,1,0.380831,4.42544,0,148.874,4.15915,148.76,0.84672,12.849,0.84672,3695.15,0,0,0,6.29727,1.33954,28.758,1.23078,35.164,0.42336,0,0.42336,460.49,0,1.02816,0,0,7.32543,6.29727,1.028160,1,0,187.774,0,0,0,187.774,0
72.29,2.37706,0,0,8.35281,0.337143,5.6386,3.6288,61.308,0.190331,0,0,7.78786,0.199857,7.39767,0.66528,12.849,1,0.422504,5.6386,0,158.948,3.99239,160.172,0.84672,12.849,0.84672,3695.15,0,0,0,9.51805,1.33973,26.9166,1.09301,36.6814,0.42336,0,0.42336,460.49,0,1.02816,0,0,10.5462,9.51805,1.028160,1,0,204.251,0,0,0,204.251,0
72.29,2.37749,0,0,7.37821,0.342778,4.65794,3.6288,61.308,0.190481,0,0,6.37438,0.194626,5.98927,0.66528,12.849,1,0.422581,4.65794,0,207.274,3.96459,207.545,0.84672,12.849,0.84672,3695.15,0,0,0,6.72189,1.46604,30.2051,1.07004,37.323,0.42336,0,0.42336,460.49,0,1.02816,0,0,7.75005,6.72189,1.028160,1,0,250.857,0,0,0,250.857,0
72.29,2.37792,0,0,5.1341,0.345801,2.41037,3.6288,61.308,0.190631,0,0,4.99737,0.177116,4.62962,0.66528,12.849,1,0.422658,2.41037,0,138.311,3.66213,136.636,0.84672,12.849,0.84672,3695.15,0,0,0,2.73287,1.46626,15.3699,0.983315,18.5857,0.42336,0,0.42336,460.49,0,1.02816,0,0,3.76103,2.73287,1.028160,1,0,159.852,0,0,0,159.852,0
72.29,2.37836,0,0,4.82842,0.312115,2.13795,3.6288,61.308,0.190781,0,0,3.60209,0.216273,3.19503,0.66528,12.849,1,0.422735,2.13795,0,95.6146,4.3439,92.9859,0.84672,12.849,0.84672,3695.15,0,0,0,1.98734,1.46647,14.6339,1.04162,17.0461,0.42336,0,0.42336,460.49,0,1.02816,0,0,3.0155,1.98734,1.028160,1,0,113.227,0,0,0,113.227,0
72.29,2.04471,0,0,4.09473,0.313406,1.73661,3.6288,61.308,0.0615029,0,0,3.25459,0.192228,3.00086,0.66528,12.849,1,0.363432,1.73661,0,109.693,4.09448,106.971,0.84672,12.849,0.84672,3695.15,0,0,0,2.35697,1.46668,12.997,0.901149,15.9195,0.42336,0,0.42336,460.49,0,1.02816,0,0,3.38513,2.35697,1.028160,1,0,125.892,0,0,0,125.892,0
72.29,2.04509,0,0,4.26817,0.312892,1.91018,3.6288,61.308,0.0616319,0,0,3.10802,0.186292,2.86009,0.66528,12.849,1,0.3635,1.91018,0,83.16,3.99283,80.7139,0.84672,12.849,0.84672,3695.15,0,0,0,2.57033,1.29316,10.5031,0.867815,13.4988,0.42336,0,0.42336,460.49,0,1.02816,0,0,3.59849,2.57033,1.028160,1,0,97.0728,0,0,0,97.0728,0
72.29,2.04547,0,0,6.00352,0.29602,3.66203,3.6288,61.308,0.0617609,0,0,4.84326,0.185687,4.59582,0.66528,12.849,1,0.363567,3.66203,0,148.467,3.89133,147.874,0.84672,12.849,0.84672,3695.15,0,0,0,5.03301,1.29334,18.4799,0.867555,23.9387,0.42336,0,0.42336,460.49,0,1.02816,0,0,6.06117,5.03301,1.028160,1,0,176.409,0,0,0,176.409,0
72.29,2.04585,0,0,5.64779,0.327474,3.27447,3.6288,61.308,0.0618899,0,0,4.85454,0.22328,4.56937,0.66528,12.849,1,0.363634,3.27447,0,113.636,4.20434,112.342,0.84672,12.849,0.84672,3695.15,0,0,0,3.67451,1.29353,14.8224,0.94832,18.8421,0.42336,0,0.42336,460.49,0,1.02816,0,0,4.70267,3.67451,1.028160,1,0,135.754,0,0,0,135.754,0
72.29,2.04622,0,0,6.2021,0.289874,3.86601,3.6288,61.308,0.062019,0,0,3.68225,0.189803,3.43042,0.66528,12.849,1,0.363701,3.86601,0,174.086,3.97276,173.615,0.84672,12.849,0.84672,3695.15,0,0,0,3.93933,1.29371,15.3359,0.891216,19.6777,0.42336,0,0.42336,460.49,0,1.02816,0,0,4.96749,3.93933,1.028160,1,0,196.723,0,0,0,196.723,0
72.29,2.13076,0,0,5.39143,0.285054,2.97562,3.6288,61.308,0.093837,0,0,3.88989,0.169233,3.62682,0.66528,12.849,1,0.378726,2.97562,0,135.229,4.01279,133.813,0.84672,12.849,0.84672,3695.15,0,0,0,4.61519,1.29389,19.9949,0.86518,25.0389,0.42336,0,0.42336,460.49,0,1.02816,0,0,5.64335,4.61519,1.028160,1,0,162.479,0,0,0,162.479,0
72.29,2.13115,0,0,6.01322,0.285054,3.59701,3.6288,61.308,0.0939713,0,0,4.24311,0.169233,3.97991,0.66528,12.849,1,0.378796,3.59701,0,147.605,4.01279,146.81,0.84672,12.849,0.84672,3695.15,0,0,0,3.73175,1.33713,20.5392,0.86518,24.7429,0.42336,0,0.42336,460.49,0,1.02816,0,0,4.75991,3.73175,1.028160,1,0,175.533,0,0,0,175.533,0
72.29,2.13154,0,0,4.9375,0.285054,2.5209,3.6288,61.308,0.0941056,0,0,3.70744,0.169233,3.4441,0.66528,12.849,1,0.378866,2.5209,0,108.411,4.01279,106.541,0.84672,12.849,0.84672,3695.15,0,0,0,4.07652,1.33732,15.0273,0.86518,19.576,0.42336,0,0.42336,460.49,0,1.02816,0,0,5.10468,4.07652,1.028160,1,0,129.561,0,0,0,129.561,0
72.29,2.13193,0,0,4.07858,0.228786,1.71786,3.6288,61.308,0.0942399,0,0,2.6005,0.170048,2.33621,0.66528,12.849,1,0.378935,1.71786,0,99.487,4.38132,96.4446,0.84672,12.849,0.84672,3695.15,0,0,0,2.61669,1.33751,11.1918,0.909459,14.2366,0.42336,0,0.42336,460.49,0,1.02816,0,0,3.64485,2.61669,1.028160,1,0,113.017,0,0,0,113.017,0
72.29,2.0994,0,0,4.09463,0.20805,1.78718,3.6288,61.308,0.0820585,0,0,2.29265,0.209901,2.00069,0.66528,12.849,1,0.373152,1.78718,0,80.4928,4.51668,77.3902,0.84672,12.849,0.84672,3695.15,0,0,0,2.88308,1.3377,11.7037,1.04016,14.8844,0.42336,0,0.42336,460.49,0,1.02816,0,0,3.91124,2.88308,1.028160,1,0,94.2752,0,0,0,94.2752,0
72.29,2.09978,0,0,3.46143,0.20805,1.1536,3.6288,61.308,0.0821909,0,0,2.13579,0.209901,1.8437,0.66528,12.849,1,0.373221,1.1536,0,68.5437,4.51668,64.8074,0.84672,12.849,0.84672,3695.15,0,0,0,2.47075,1.32111,9.64596,1.04016,12.3977,0.42336,0,0.42336,460.49,0,1.02816,0,0,3.49891,2.47075,1.028160,1,0,79.0488,0,0,0,79.0488,0
72.29,2.10017,0,0,3.0695,0.20805,0.761279,3.6288,61.308,0.0823232,0,0,1.91807,0.209901,1.62585,0.66528,12.849,1,0.373289,0.761279,0,59.0868,4.51668,54.9581,0.84672,12.849,0.84672,3695.15,0,0,0,2.01722,1.3213,8.3192,1.04016,10.6176,0.42336,0,0.42336,460.49,0,1.02816,0,0,3.04538,2.01722,1.028160,1,0,67.2015,0,0,0,67.2015,0
72.29,2.10056,0,0,2.79925,0.199408,0.499284,3.6288,61.308,0.0824556,0,0,1.73051,0.198523,1.44954,0.66528,12.849,1,0.373358,0.499284,0,53.0754,4.28076,48.9206,0.84672,12.849,0.84672,3695.15,0,0,0,1.77478,1.32149,7.67362,0.980319,9.78956,0.42336,0,0.42336,460.49,0,1.02816,0,0,2.80294,1.77478,1.028160,1,0,60.1597,0,0,0,60.1597,0
72.29,2.21278,0,0,2.89321,0.144857,0.535566,3.6288,61.308,0.126292,0,0,1.54208,0.222916,1.19287,0.66528,12.849,1,0.393306,0.535566,0,52.872,4.30866,48.7056,0.84672,12.849,0.84672,3695.15,0,0,0,1.81253,1.32167,7.20585,0.989557,9.35049,0.42336,0,0.42336,460.49,0,1.02816,0,0,2.84069,1.81253,1.028160,1,0,59.2489,0,0,0,59.2489,0
72.29,2.21319,0,0,2.8401,0.131679,0.49523,3.6288,61.308,0.126431,0,0,1.43019,0.244051,1.05971,0.66528,12.849,1,0.393378,0.49523,0,50.6741,4.55574,46.2202,0.84672,12.849,0.84672,3695.15,0,0,0,1.55862,1.38031,6.74024,1.05309,8.62608,0.42336,0,0.42336,460.49,0,1.02816,0,0,2.58678,1.55862,1.028160,1,0,55.906,0,0,0,55.906,0
72.1638,2.21359,0,0,2.58193,0.131679,0.36288,3.6288,61.308,0.126571,0,0,1.37384,0.244051,1.00322,0.66528,12.849,1,0.39345,0.36288,0,48.5283,4.55574,43.942,0.84672,12.849,0.84672,3695.15,0,0,0,0.994179,1.38051,6.51125,1.05309,7.83285,0.42336,0,0.42336,460.49,0,1.02816,0,0,2.02234,0.994179,1.028160,1,0,52.778,0,0,0,52.778,0
71.7425,2.21341,0,0,2.28654,0.131553,0.36288,3.6288,61.308,0.12671,0,0,1.23225,0.244051,0.861484,0.66528,12.849,1,0.394106,0.36288,0,41.8476,4.55574,37.2606,0.84672,12.849,0.84672,3695.15,0,0,0,0.759102,1.3807,6.12993,1.05309,7.21665,0.42336,0,0.42336,460.49,0,1.02816,0,0,1.78726,0.759102,1.028160,1,0,45.3387,0,0,0,45.3387,0
71.0914,2.21186,0,0,2.03769,0.114068,0.36288,3.6288,61.308,0.12685,0,0,0.994058,0.251607,0.6156,0.66528,12.849,1,0.396141,0.36288,0,39.9807,4.82209,35.1254,0.84672,12.849,0.84672,3695.15,0,0,0,0.583174,1.3809,5.06606,1.10281,5.92733,0.42336,0,0.42336,460.49,0,1.02816,0,0,1.61133,0.583174,1.028160,1,0,41.6683,0,0,0,41.6683,0
70.315,2.18711,0,0,1.8645,0.0908623,0.36288,3.6288,61.308,0.15103,0,0,0.771474,0.261683,0.358762,0.66528,12.849,1,0.395296,0.36288,0,39.9963,5.17723,34.7866,0.84672,12.849,0.84672,3695.15,0,0,0,0.428112,1.3811,4.10981,1.1691,4.74992,0.42336,0,0.42336,460.49,0,1.02816,0,0,1.45627,0.428112,1.028160,1,0,39.8953,0,0,0,39.8953,0
69.5342,2.18382,0,0,1.8562,0.0903222,0.36288,3.6288,61.308,0.151173,0,0,0.742245,0.261683,0.329389,0.66528,12.849,1,0.399059,0.36288,0,37.7396,5.17723,32.5262,0.84672,12.849,0.84672,3695.15,0,0,0,0.462154,1.39498,4.35171,1.1691,5.03974,0.42336,0,0.42336,460.49,0,1.02816,0,0,1.49031,0.462154,1.028160,1,0,37.8953,0,0,0,37.8953,0
68.6812,2.18043,0,0,1.76609,0.0757271,0.36288,3.6288,61.308,0.151317,0,0,0.724568,0.285,0.288251,0.66528,12.849,1,0.402915,0.36288,0,35.5718,5.50299,30.0288,0.84672,12.849,0.84672,3695.15,0,0,0,0.441824,1.39518,4.23028,1.27935,4.78794,0.42336,0,0.42336,460.49,0,1.02816,0,0,1.46998,0.441824,1.028160,1,0,35.105,0,0,0,35.105,0
67.613,2.17662,0,0,1.52823,0.0570151,0.36288,3.6288,61.308,0.151461,0,0,0.681739,0.31073,0.219549,0.66528,12.849,1,0.407205,0.36288,0,33.1861,6.20853,26.9332,0.84672,12.849,0.84672,3695.15,0,0,0,0.340217,1.39538,4.22497,1.52694,4.43363,0.42336,0,0.42336,460.49,0,1.02816,0,0,1.36838,0.340217,1.028160,1,0,31.5864,0,0,0,31.5864,0
66.5374,2.22822,0,0,1.56747,0.0519804,0.36288,3.6288,61.308,0.343364,0,0,0.6811,0.302387,0.0353495,0.66528,12.849,1,0.423445,0.36288,0,29.7008,5.8437,23.7965,0.84672,12.849,0.84672,3695.15,0,0,0,0.261274,1.39558,3.25951,1.44184,3.47453,0.42336,0,0.42336,460.49,0,0.85784,0,0,1.11911,0.261274,1.028160,1,0,27.3064,0,0,0,27.3064,0
65.7138,2.22289,0,0,1.79886,0.0366449,0.36288,3.6288,61.308,0.17319,0,0,0.913101,0.315714,0.424197,0.66528,12.849,1,0.429261,0.36288,0,39.7311,5.95759,33.7071,0.84672,12.849,0.84672,3695.15,0,0,0,0.368375,1.42497,3.85157,1.5093,4.13562,0.42336,0,0.42336,460.49,0,1.02816,0,0,1.39654,0.368375,1.028160,1,0,38.267,0,0,0,38.267,0
64.7331,2.21879,0,0,1.63737,0.0364054,0.36288,3.6288,61.308,0.173338,0,0,0.75314,0.315714,0.264088,0.66528,12.849,1,0.43384,0.36288,0,32.0016,5.95759,25.9731,0.84672,12.849,0.84672,3695.15,0,0,0,0.398537,1.42518,3.57898,1.5093,3.89339,0.42336,0,0.42336,460.49,0,1.02816,0,0,1.4267,0.398537,1.028160,1,0,30.1305,0,0,0,30.1305,0
63.6096,2.21371,0,0,1.48918,0.0361203,0.36288,3.6288,61.308,0.22472,0,0,0.701387,0.315714,0.160952,0.66528,12.849,1,0.439404,0.36288,0,29.8326,5.95759,23.7985,0.84672,12.849,0.84672,3695.15,0,0,0,0.227405,1.42538,3.18956,1.5093,3.33304,0.42336,0,0.42336,460.49,0,0.976925,0,0,1.20433,0.227405,1.028160,1,0,27.2925,0,0,0,27.2925,0
61.8942,2.3719,0,0,1.03904,0.0195952,0.36288,3.6288,61.2086,0.388079,0,0,0.580297,0.291618,0,0.66528,12.849,1,0.479119,0.36288,0,22.1165,5.75419,16.2461,0.84672,12.849,0.84672,3695.15,0,0,0,0.227405,1.42558,3.17142,1.49069,3.33373,0.42336,0,0.42336,460.49,0,0.891147,0,0,1.11855,0.227405,1.028160,1,0,19.5798,0,0,0,19.5798,0
60.0605,2.36133,0,0,0.897852,0.00734269,0.36288,3.6288,61.0082,0.428545,0,0,0.501486,0.273374,0,0.66528,12.849,1,0.490203,0.36288,0,17.473,5.60165,11.744,0.84672,12.849,0.84672,3695.15,0,0,0,0.227405,1.52261,3.23959,1.47673,3.51288,0.42336,0,0.42336,460.49,0,0.850841,0,0,1.07825,0.227405,1.028160,1,0,15.2569,0,0,0,15.2569,0
58.8531,2.34943,0,0,1.53522,0.0303133,0.36288,3.6288,61.1332,0.251386,0,0,0.644115,0.267674,0,0.66528,12.849,1,0.502623,0.36288,0,29.038,5.45322,23.445,0.84672,12.849,0.84672,3695.15,0,0,0,0.227794,1.52283,3.58597,1.45852,3.87807,0.42336,0,0.42336,460.49,0,1.02816,0,0,1.25595,0.227794,1.028160,1,0,27.3231,0,0,0,27.3231,0
57.6084,2.34139,0,0,1.48316,0.0236424,0.36288,3.6288,61.2455,0.294608,0,0,0.666138,0.259211,0,0.66528,12.849,1,0.511179,0.36288,0,34.2965,5.66118,28.487,0.84672,12.849,0.84672,3695.15,0,0,0,0.204422,1.52305,3.10716,1.44763,3.38701,0.42336,0,0.42336,460.49,0,0.985098,0,0,1.18952,0.204422,1.028160,1,0,31.874,0,0,0,31.874,0
56.8996,2.33278,0,0,2.02344,0.0365248,0.36288,3.6288,61.308,0.251706,0,0,0.876193,0.253613,0.308414,0.66528,12.849,1,0.520304,0.36288,0,25.8301,5.60298,20.0697,0.84672,12.849,0.84672,3695.15,0,0,0,0.834391,1.52327,4.57772,1.39719,5.53819,0.42336,0,0.42336,460.49,0,1.02816,0,0,1.86255,0.834391,1.028160,1,0,25.9163,0,0,0,25.9163,0
55.8085,2.24936,0,0,1.59009,0.0689605,0.36288,3.6288,61.308,0.204829,0,0,0.609925,0.239252,0.165845,0.66528,12.849,1,0.507948,0.36288,0,30.7886,5.45748,25.186,0.84672,12.849,0.84672,3695.15,0,0,0,0.364383,1.52349,5.05233,1.2711,5.6691,0.42336,0,0.42336,460.49,0,1.02816,0,0,1.39254,0.364383,1.028160,1,0,31.021,0,0,0,31.021,0
55.4859,2.2417,0,0,2.35016,0.068219,0.36288,3.6288,61.308,0.204981,0,0,0.844629,0.239252,0.400396,0.66528,12.849,1,0.516114,0.36288,0,28.0476,5.45748,22.4369,0.84672,12.849,0.84672,3695.15,0,0,0,0.664062,1.46933,5.99521,1.2711,6.8575,0.42336,0,0.42336,460.49,0,1.02816,0,0,1.69222,0.664062,1.028160,1,0,29.6948,0,0,0,29.6948,0
55.3944,2.23967,0,0,2.5791,0.0679997,0.36288,3.6288,61.308,0.205134,0,0,1.3495,0.239252,0.905113,0.66528,12.849,1,0.518645,0.36288,0,73.8412,5.45748,68.228,0.84672,12.849,0.84672,3695.15,0,0,0,1.02578,1.46954,8.02276,1.2711,9.24697,0.42336,0,0.42336,460.49,0,1.02816,0,0,2.05394,1.02578,1.028160,1,0,78.3801,0,0,0,78.3801,0
54.9685,2.23938,0,0,2.26289,0.0866059,0.36288,3.6288,61.308,0.205286,0,0,1.18243,0.172187,0.804954,0.66528,12.849,1,0.519434,0.36288,0,45.3927,4.18541,41.0508,0.84672,12.849,0.84672,3695.15,0,0,0,1.04496,1.46975,7.05223,1.0342,8.53274,0.42336,0,0.42336,460.49,0,1.02816,0,0,2.07312,1.04496,1.028160,1,0,50.3885,0,0,0,50.3885,0
54.0057,2.17242,0,0,1.72494,0.152433,0.36288,3.6288,61.308,0.162594,0,0,0.811153,0.234901,0.413657,0.66528,12.849,1,0.507807,0.36288,0,34.9113,3.80689,30.9595,0.84672,12.849,0.84672,3695.15,0,0,0,0.721872,1.46996,6.60757,1.05604,7.74336,0.42336,0,0.42336,460.49,0,1.02816,0,0,1.75003,0.721872,1.028160,1,0,39.1165,0,0,0,39.1165,0
52.5694,2.1655,0,0,1.25277,0.160657,0.36288,3.6288,61.0717,0.499544,0,0,0.513039,0.249825,0,0.66528,12.849,1,0.515214,0.36288,0,28.7722,3.82862,24.7912,0.84672,12.849,0.84672,3695.15,0,0,0,0.216518,1.42225,5.58026,1.07548,6.14355,0.42336,0,0.42336,460.49,0,0.691356,0,0,0.907874,0.216518,1.028160,1,0,30.9347,0,0,0,30.9347,0
52.6126,2.15458,0,0,2.71894,0.158316,0.36288,3.6288,61.308,0.162885,0,0,1.07093,0.249451,0.422263,0.66528,12.849,1,0.526621,0.36288,0,43.0517,3.82862,39.0594,0.84672,12.849,0.84672,3695.15,0,0,0,1.00487,1.42245,8.07011,1.07548,9.42195,0.42336,0,0.42336,460.49,0,1.02816,0,0,2.03303,1.00487,1.028160,1,0,48.9036,0,0,0,48.9036,0
55.4916,2.15532,0,0,5.55564,0.158387,0.36288,3.6288,61.308,0.163031,0,0,2.07244,0.249825,1.65959,0.66528,12.849,1,0.52637,0.36288,0,86.2375,3.82862,82.2454,0.84672,12.849,0.84672,3695.15,0,0,0,3.41221,1.42266,12.9568,1.07548,16.7162,0.42336,0,0.42336,460.49,0,1.02816,0,0,4.44037,3.41221,1.028160,1,0,100.621,0,0,0,100.621,0
57.1949,1.99538,0,0,4.24514,0.183663,0.36288,3.6288,61.308,0.0738858,0,0,0.749792,0.250926,0.424981,0.66528,12.849,1,0.462027,0.36288,0,55.0958,3.75911,51.2376,0.84672,12.849,0.84672,3695.15,0,0,0,1.38749,1.42286,7.404,0.970347,9.24401,0.42336,0,0.42336,460.49,0,1.02816,0,0,2.41565,1.38749,1.028160,1,0,60.9065,0,0,0,60.9065,0
60.221,2.00698,0,0,5.58772,0.191721,0.36288,3.6288,61.308,0.0740168,0,0,0.772844,0.247704,0.451123,0.66528,12.849,1,0.450875,0.36288,0,81.1071,3.81444,77.2047,0.84672,12.849,0.84672,3695.15,0,0,0,1.46126,1.31196,7.09646,0.928622,8.94106,0.42336,0,0.42336,460.49,0,1.02816,0,0,2.48942,1.46126,1.028160,1,0,86.5969,0,0,0,86.5969,0
63.5225,2.02603,0,0,5.8878,0.197423,0.36288,3.6288,61.308,0.0741478,0,0,2.69894,0.247704,2.37709,0.66528,12.849,1,0.432282,0.36288,0,111.294,3.81444,107.41,0.84672,12.849,0.84672,3695.15,0,0,0,5.32329,1.31214,9.76685,0.928622,15.4737,0.42336,0,0.42336,460.49,0,1.02816,0,0,6.35145,5.32329,1.028160,1,0,125.26,0,0,0,125.26,0
65.7116,2.04509,0,0,4.83179,0.234682,0.36288,3.6288,61.308,0.0742788,0,0,1.1587,0.244606,0.839817,0.66528,12.849,1,0.41367,0.36288,0,66.9332,4.31604,62.5664,0.84672,12.849,0.84672,3695.15,0,0,0,2.4676,1.31233,5.66493,1.13949,8.30537,0.42336,0,0.42336,460.49,0,1.02816,0,0,3.49576,2.4676,1.028160,1,0,71.7116,0,0,0,71.7116,0
66.2877,2.057,0,0,3.26067,0.26474,0.36288,3.6288,61.308,0.0744099,0,0,0.826351,0.234883,0.517058,0.66528,12.849,1,0.402217,0.36288,0,46.9411,4.66515,42.2366,0.84672,12.849,0.84672,3695.15,0,0,0,1.66716,1.31252,5.13595,1.25225,6.86338,0.42336,0,0.42336,460.49,0,1.02816,0,0,2.69532,1.66716,1.028160,1,0,49.6171,0,0,0,49.6171,0
66.7631,2.13277,0,0,3.249,0.277934,0.36288,3.6288,61.308,0.100415,0,0,1.40105,0.182287,1.11834,0.66528,12.849,1,0.413411,0.36288,0,82.1914,4.3849,77.7559,0.84672,12.849,0.84672,3695.15,0,0,0,1.8981,1.3127,8.93998,0.91976,11.231,0.42336,0,0.42336,460.49,0,1.02816,0,0,2.92626,1.8981,1.028160,1,0,90.1053,0,0,0,90.1053,0
68.0278,2.13562,0,0,4.05585,0.292573,0.36288,3.6288,61.308,0.100545,0,0,1.79194,0.133128,1.55827,0.66528,12.849,1,0.411014,0.36288,0,79.8398,3.67867,76.113,0.84672,12.849,0.84672,3695.15,0,0,0,2.48737,1.34909,12.8976,0.559135,16.1749,0.42336,0,0.42336,460.49,0,1.02816,0,0,3.51553,2.48737,1.028160,1,0,93.8462,0,0,0,93.8462,0
68.8419,2.14242,0,0,3.61482,0.295503,0.36288,3.6288,61.308,0.100675,0,0,1.78114,0.133128,1.54733,0.66528,12.849,1,0.404657,0.36288,0,70.2651,3.67867,66.5447,0.84672,12.849,0.84672,3695.15,0,0,0,2.52987,1.34928,10.9166,0.559135,14.2366,0.42336,0,0.42336,460.49,0,1.02816,0,0,3.55803,2.52987,1.028160,1,0,82.3286,0,0,0,82.3286,0
69.4966,2.14683,0,0,3.4618,0.297389,0.36288,3.6288,61.308,0.100804,0,0,1.54405,0.133128,1.31011,0.66528,12.849,1,0.400696,0.36288,0,51.7139,3.67867,47.9974,0.84672,12.849,0.84672,3695.15,0,0,0,1.96938,1.34946,9.91665,0.559135,12.6763,0.42336,0,0.42336,460.49,0,1.02816,0,0,2.99754,1.96938,1.028160,1,0,61.9838,0,0,0,61.9838,0
70.5349,2.38503,0,0,4.13472,0.348504,0.36288,3.6288,61.308,0.198135,0,0,1.60089,0.154308,1.24845,0.66528,12.849,1,0.440961,0.36288,0,89.1311,3.53528,85.5177,0.84672,12.849,0.84672,3695.15,0,0,0,2.51665,1.34964,9.98758,0.703059,13.1508,0.42336,0,0.42336,460.49,0,1.02816,0,0,3.54481,2.51665,1.028160,1,0,99.917,0,0,0,99.917,0
70.9285,2.39094,0,0,3.51618,0.368745,0.36288,3.6288,61.308,0.19828,0,0,1.5238,0.168312,1.15721,0.66528,12.849,1,0.435546,0.36288,0,77.2727,3.60896,73.5911,0.84672,12.849,0.84672,3695.15,0,0,0,2.42002,1.47703,8.90421,0.801625,11.9996,0.42336,0,0.42336,460.49,0,1.02816,0,0,3.44818,2.42002,1.028160,1,0,86.7479,0,0,0,86.7479,0
71.818,2.3934,0,0,3.99376,0.347978,0.36288,3.6288,61.308,0.198425,0,0,1.56712,0.187877,1.18082,0.66528,12.849,1,0.433574,0.36288,0,78.6508,4.71252,73.8676,0.84672,12.849,0.84672,3695.15,0,0,0,2.68963,1.47723,10.0748,1.1877,13.054,0.42336,0,0.42336,460.49,0,1.02816,0,0,3.71779,2.68963,1.028160,1,0,88.1024,0,0,0,88.1024,0
72.29,2.39837,0,0,3.89676,0.314802,0.711576,3.6288,61.308,0.19857,0,0,1.64774,0.19779,1.25138,0.66528,12.849,1,0.429094,0.711576,0,84.7074,4.28217,80.7077,0.84672,12.849,0.84672,3695.15,0,0,0,3.16901,1.47743,11.5684,0.939405,15.2755,0.42336,0,0.42336,460.49,0,1.02816,0,0,4.19717,3.16901,1.028160,1,0,97.2346,0,0,0,97.2346,0
72.29,2.06426,0,0,3.54246,0.313373,1.16483,3.6288,61.308,0.0681876,0,0,1.27628,0.194552,1.01354,0.66528,12.849,1,0.366906,1.16483,0,69.1119,3.90039,66.0094,0.84672,12.849,0.84672,3695.15,0,0,0,2.03489,1.47764,9.152,0.916648,11.7479,0.42336,0,0.42336,460.49,0,1.02816,0,0,3.06305,2.03489,1.028160,1,0,78.7708,0,0,0,78.7708,0
72.29,2.06462,0,0,3.31986,0.314553,0.940686,3.6288,61.308,0.068312,0,0,1.17262,0.192232,0.912077,0.66528,12.849,1,0.366971,0.940686,0,68.4708,3.78483,65.2597,0.84672,12.849,0.84672,3695.15,0,0,0,1.87173,1.30264,6.96108,0.927834,9.20761,0.42336,0,0.42336,460.49,0,1.02816,0,0,2.89989,1.87173,1.028160,1,0,75.3794,0,0,0,75.3794,0
72.29,2.06498,0,0,4.23058,0.314553,1.85105,3.6288,61.308,0.0684366,0,0,1.44061,0.192232,1.17994,0.66528,12.849,1,0.367035,1.85105,0,112.075,3.78483,109.774,0.84672,12.849,0.84672,3695.15,0,0,0,2.22274,1.30281,8.65054,0.927834,11.2483,0.42336,0,0.42336,460.49,0,1.02816,0,0,3.2509,2.22274,1.028160,1,0,122.202,0,0,0,122.202,0
72.29,2.06535,0,0,5.84304,0.314553,3.46314,3.6288,61.308,0.0685611,0,0,1.33397,0.192232,1.07318,0.66528,12.849,1,0.3671,3.46314,0,128.585,3.78483,127.896,0.84672,12.849,0.84672,3695.15,0,0,0,2.31382,1.30299,9.82584,0.927834,12.5148,0.42336,0,0.42336,460.49,0,1.02816,0,0,3.34198,2.31382,1.028160,1,0,141.484,0,0,0,141.484,0
72.29,2.06571,0,0,4.6148,0.316215,2.23287,3.6288,61.308,0.0686857,0,0,1.27538,0.224092,0.982598,0.66528,12.849,1,0.367165,2.23287,0,106.307,4.50386,103.669,0.84672,12.849,0.84672,3695.15,0,0,0,2.04746,1.30317,8.20187,1.16062,10.3919,0.42336,0,0.42336,460.49,0,1.02816,0,0,3.07562,2.04746,1.028160,1,0,115.044,0,0,0,115.044,0
72.29,2.15095,0,0,5.77626,0.336557,3.28876,3.6288,61.308,0.100767,0,0,1.30421,0.216285,0.987155,0.66528,12.849,1,0.382315,3.28876,0,110.179,4.35771,108.728,0.84672,12.849,0.84672,3695.15,0,0,0,2.79551,1.30334,7.55983,1.21277,10.4459,0.42336,0,0.42336,460.49,0,1.02816,0,0,3.82367,2.79551,1.028160,1,0,120.161,0,0,0,120.161,0
72.29,2.15133,0,0,5.0794,0.336557,2.59152,3.6288,61.308,0.100897,0,0,1.17752,0.216285,0.860337,0.66528,12.849,1,0.382382,2.59152,0,96.6617,4.35771,94.5132,0.84672,12.849,0.84672,3695.15,0,0,0,1.81297,1.34694,8.31177,1.21277,10.2589,0.42336,0,0.42336,460.49,0,1.02816,0,0,2.84113,1.81297,1.028160,1,0,105.632,0,0,0,105.632,0
72.29,2.1517,0,0,4.41047,0.317297,1.94147,3.6288,61.308,0.101026,0,0,1.02922,0.239644,0.688553,0.66528,12.849,1,0.382449,1.94147,0,92.0566,4.97889,88.6367,0.84672,12.849,0.84672,3695.15,0,0,0,2.1812,1.34713,7.84806,1.25802,10.1184,0.42336,0,0.42336,460.49,0,1.02816,0,0,3.20936,2.1812,1.028160,1,0,99.4437,0,0,0,99.4437,0
72.29,2.15208,0,0,5.39322,0.314087,2.92705,3.6288,61.308,0.101156,0,0,1.16975,0.243537,0.82506,0.66528,12.849,1,0.382516,2.92705,0,89.3868,5.08242,86.849,0.84672,12.849,0.84672,3695.15,0,0,0,2.01617,1.34731,10.0671,1.26556,12.165,0.42336,0,0.42336,460.49,0,1.02816,0,0,3.04433,2.01617,1.028160,1,0,99.839,0,0,0,99.839,0
72.29,2.11925,0,0,4.2097,0.22812,1.86233,3.6288,61.308,0.0888662,0,0,0.97619,0.223527,0.663797,0.66528,12.849,1,0.376681,1.86233,0,69.9175,4.11548,67.2876,0.84672,12.849,0.84672,3695.15,0,0,0,1.49811,1.34749,5.71549,1.15166,7.40943,0.42336,0,0.42336,460.49,0,1.02816,0,0,2.52627,1.49811,1.028160,1,0,75.3609,0,0,0,75.3609,0
72.29,2.11963,0,0,3.68969,0.22812,1.34194,3.6288,61.308,0.0889939,0,0,1.06786,0.223527,0.75534,0.66528,12.849,1,0.376747,1.34194,0,65.3763,4.11548,62.226,0.84672,12.849,0.84672,3695.15,0,0,0,1.73762,1.33075,6.00848,1.15166,7.9252,0.42336,0,0.42336,460.49,0,1.02816,0,0,2.76578,1.73762,1.028160,1,0,70.9065,0,0,0,70.9065,0
72.29,2.12,0,0,3.4581,0.22812,1.10998,3.6288,61.308,0.0891217,0,0,0.913818,0.223527,0.60117,0.66528,12.849,1,0.376814,1.10998,0,61.8805,4.11548,58.4982,0.84672,12.849,0.84672,3695.15,0,0,0,1.22044,1.33093,5.68789,1.15166,7.08761,0.42336,0,0.42336,460.49,0,1.02816,0,0,2.2486,1.22044,1.028160,1,0,66.187,0,0,0,66.187,0
72.29,2.12037,0,0,4.09369,0.203792,1.76953,3.6288,61.308,0.0892495,0,0,0.907969,0.235396,0.583324,0.66528,12.849,1,0.37688,1.76953,0,65.4616,5.05117,61.803,0.84672,12.849,0.84672,3695.15,0,0,0,1.33478,1.33111,7.48958,1.18855,8.96692,0.42336,0,0.42336,460.49,0,1.02816,0,0,2.36294,1.33478,1.028160,1,0,71.3533,0,0,0,71.3533,0
72.29,2.23353,0,0,3.11341,0.183115,0.696765,3.6288,61.308,0.133448,0,0,0.814337,0.24359,0.437299,0.66528,12.849,1,0.396992,0.696765,0,48.1154,5.41059,43.0046,0.84672,12.849,0.84672,3695.15,0,0,0,1.17307,1.3313,5.31305,1.18642,6.63099,0.42336,0,0.42336,460.49,0,1.02816,0,0,2.20123,1.17307,1.028160,1,0,50.0729,0,0,0,50.0729,0
72.29,2.23392,0,0,2.82734,0.181292,0.412136,3.6288,61.308,0.133583,0,0,0.745442,0.24306,0.368799,0.66528,12.849,1,0.397062,0.412136,0,42.1476,5.15382,37.0089,0.84672,12.849,0.84672,3695.15,0,0,0,0.958902,1.39042,4.8192,1.16408,6.00444,0.42336,0,0.42336,460.49,0,1.02816,0,0,1.98706,0.958902,1.028160,1,0,43.3821,0,0,0,43.3821,0
72.2564,2.23431,0,0,2.74488,0.181292,0.36288,3.6288,61.308,0.133717,0,0,0.685696,0.24306,0.308919,0.66528,12.849,1,0.397131,0.36288,0,39.4018,5.15382,34.2137,0.84672,12.849,0.84672,3695.15,0,0,0,0.751559,1.39061,4.42637,1.16408,5.40446,0.42336,0,0.42336,460.49,0,1.02816,0,0,1.77972,0.751559,1.028160,1,0,39.9271,0,0,0,39.9271,0
71.9266,2.23454,0,0,2.4273,0.159657,0.36288,3.6288,61.308,0.133852,0,0,0.643594,0.257225,0.252516,0.66528,12.849,1,0.397357,0.36288,0,35.0254,5.31447,29.6765,0.84672,12.849,0.84672,3695.15,0,0,0,0.651085,1.3908,4.32251,1.20512,5.15927,0.42336,0,0.42336,460.49,0,1.02816,0,0,1.67924,0.651085,1.028160,1,0,35.0883,0,0,0,35.0883,0
71.4122,2.23339,0,0,2.20668,0.124846,0.36288,3.6288,61.308,0.133987,0,0,0.696548,0.274141,0.28842,0.66528,12.849,1,0.398973,0.36288,0,32.1554,5.54106,26.5783,0.84672,12.849,0.84672,3695.15,0,0,0,0.650195,1.39099,4.1558,1.27492,4.92206,0.42336,0,0.42336,460.49,0,1.02816,0,0,1.67835,0.650195,1.028160,1,0,31.7887,0,0,0,31.7887,0
70.6062,2.20906,0,0,1.87615,0.110167,0.36288,3.6288,61.308,0.158363,0,0,0.864907,0.269213,0.437331,0.66528,12.849,1,0.39747,0.36288,0,31.4658,5.57204,25.8591,0.84672,12.849,0.84672,3695.15,0,0,0,0.74069,1.39118,4.31611,1.31259,5.13539,0.42336,0,0.42336,460.49,0,1.02816,0,0,1.76885,0.74069,1.028160,1,0,31.4319,0,0,0,31.4319,0
69.6851,2.20561,0,0,1.75685,0.109489,0.36288,3.6288,61.308,0.158501,0,0,0.822234,0.269213,0.39452,0.66528,12.849,1,0.401379,0.36288,0,31.4247,5.57204,25.8142,0.84672,12.849,0.84672,3695.15,0,0,0,0.633934,1.40517,4.43553,1.31259,5.16205,0.42336,0,0.42336,460.49,0,1.02816,0,0,1.66209,0.633934,1.028160,1,0,31.3708,0,0,0,31.3708,0
68.6098,2.20151,0,0,1.59777,0.108713,0.36288,3.6288,61.308,0.15864,0,0,0.801783,0.269213,0.37393,0.66528,12.849,1,0.405929,0.36288,0,30.8095,5.57204,25.1945,0.84672,12.849,0.84672,3695.15,0,0,0,0.612412,1.40536,4.25002,1.31259,4.95521,0.42336,0,0.42336,460.49,0,1.02816,0,0,1.64057,0.612412,1.028160,1,0,30.5236,0,0,0,30.5236,0
67.3928,2.19654,0,0,1.4502,0.107809,0.36288,3.6288,61.308,0.158779,0,0,0.75219,0.269213,0.324198,0.66528,12.849,1,0.41136,0.36288,0,27.4539,5.57204,21.8333,0.84672,12.849,0.84672,3695.15,0,0,0,0.427404,1.40556,4.11133,1.31259,4.6317,0.42336,0,0.42336,460.49,0,1.02816,0,0,1.45556,0.427404,1.028160,1,0,26.7892,0,0,0,26.7892,0
66,2.24774,0,0,1.29356,0.0757462,0.36288,3.6288,61.308,0.18609,0,0,0.736899,0.347718,0.20309,0.66528,12.849,1,0.42855,0.36288,0,21.6845,6.30079,15.318,0.84672,12.849,0.84672,3695.15,0,0,0,0.261274,1.40575,3.30323,1.59784,3.37241,0.42336,0,0.42336,460.49,0,1.0226,0,0,1.28388,0.261274,1.028160,1,0,18.8935,0,0,0,18.8935,0
64.5979,2.24056,0,0,1.27645,0.0750868,0.36288,3.6288,61.308,0.180677,0,0,0.685109,0.348005,0.156427,0.66528,12.849,1,0.436196,0.36288,0,27.3961,6.25758,21.0652,0.84672,12.849,0.84672,3695.15,0,0,0,0.373801,1.43537,3.53211,1.58527,3.75601,0.42336,0,0.42336,460.49,0,1.02816,0,0,1.40196,0.373801,1.028160,1,0,24.9776,0,0,0,24.9776,0
63.1229,2.23305,0,0,1.19521,0.074248,0.36288,3.6288,61.308,0.180819,0,0,0.637122,0.348005,0.108298,0.66528,12.849,1,0.44417,0.36288,0,21.9964,6.25758,15.6575,0.84672,12.849,0.84672,3695.15,0,0,0,0.347803,1.43557,3.18391,1.58527,3.38201,0.42336,0,0.42336,460.49,0,1.02816,0,0,1.37596,0.347803,1.028160,1,0,19.1478,0,0,0,19.1478,0
61.5501,2.22481,0,0,1.08821,0.0733655,0.36288,3.6288,61.2926,0.272295,0,0,0.604851,0.348005,0,0.66528,12.849,1,0.452873,0.36288,0,20.047,6.25758,13.6994,0.84672,12.849,0.84672,3695.15,0,0,0,0.227405,1.43577,2.96987,1.58527,3.04777,0.42336,0,0.42336,460.49,0,0.936827,0,0,1.16423,0.227405,1.028160,1,0,16.7472,0,0,0,16.7472,0
59.8705,2.38031,0,0,1.13316,0.0695646,0.36288,3.6288,61.308,0.259181,0,0,0.644624,0.358104,0.0118911,0.66528,12.849,1,0.496906,0.36288,0,18.7039,6.65746,11.9124,0.84672,12.849,0.84672,3695.15,0,0,0,0.384316,1.43597,3.59765,1.65023,3.7677,0.42336,0,0.42336,460.49,0,1.02816,0,0,1.41248,0.384316,1.028160,1,0,15.692,0,0,0,15.692,0
58.1557,2.36924,0,0,1.10288,0.0855097,0.36288,3.6288,61.2703,0.290214,0,0,0.612096,0.359563,0,0.66528,12.849,1,0.508471,0.36288,0,19.2389,6.84169,12.2517,0.84672,12.849,0.84672,3695.15,0,0,0,0.227405,1.53379,2.65505,1.66713,2.74911,0.42336,0,0.42336,460.49,0,0.997281,0,0,1.22469,0.227405,1.028160,1,0,15.0008,0,0,0,15.0008,0
56.2227,2.35737,0,0,0.871318,0.0841057,0.36288,3.6288,60.743,0.614688,0,0,0.446807,0.359478,0,0.66528,12.849,1,0.52084,0.36288,0,19.8539,6.84169,12.8543,0.84672,12.849,0.84672,3695.15,0,0,0,0.204422,1.534,2.10376,1.66713,2.17505,0.42336,0,0.42336,460.49,0,0.672961,0,0,0.877383,0.204422,1.028160,1,0,15.0293,0,0,0,15.0293,0
54.5132,2.3432,0,0,1.07914,0.082523,0.36288,3.6288,60.8684,0.259644,0,0,0.743336,0.358279,0,0.66528,12.849,1,0.535509,0.36288,0,17.5952,6.84169,10.5809,0.84672,12.849,0.84672,3695.15,0,0,0,0.536751,1.53421,3.16134,1.66713,3.56517,0.42336,0,0.42336,460.49,0,1.02816,0,0,1.56491,0.536751,1.028160,1,0,14.146,0,0,0,14.146,0
52.6361,2.33001,0,0,0.911961,0.0961711,0.36288,3.6288,60.6807,0.415837,0,0,0.54716,0.318955,0,0.66528,12.849,1,0.549194,0.36288,0,15.9413,5.85643,9.89857,0.84672,12.849,0.84672,3695.15,0,0,0,0.204422,1.53443,3.31032,1.32068,3.72849,0.42336,0,0.42336,460.49,0,0.872122,0,0,1.07654,0.204422,1.028160,1,0,13.6271,0,0,0,13.6271,0
51.4094,2.23663,0,0,1.52582,0.153013,0.36288,3.6288,60.9599,0.237038,0,0,0.789644,0.273491,0,0.66528,12.849,1,0.545984,0.36288,0,23.3875,5.12054,18.0839,0.84672,12.849,0.84672,3695.15,0,0,0,0.204422,1.53464,4.98607,1.25665,5.46848,0.42336,0,0.42336,460.49,0,1.00365,0,0,1.20807,0.204422,1.028160,1,0,23.5524,0,0,0,23.5524,0
49.9525,2.2266,0,0,1.2836,0.151082,0.36288,3.6288,61.308,0.212673,0,0,1.12015,0.273976,0.285358,0.66528,12.849,1,0.556504,0.36288,0,21.2092,5.12054,15.8951,0.84672,12.849,0.84672,3695.15,0,0,0,1.06681,1.48002,5.6282,1.25665,6.91838,0.42336,0,0.42336,460.49,0,1.02816,0,0,2.09497,1.06681,1.028160,1,0,23.0988,0,0,0,23.0988,0
48.3251,2.21407,0,0,1.09835,0.148788,0.36288,3.6288,61.308,0.289872,0,0,0.618694,0.27458,0.0542422,0.66528,12.849,1,0.569513,0.36288,0,21.1883,5.12054,15.8611,0.84672,12.849,0.84672,3695.15,0,0,0,0.216518,1.48022,4.18877,1.25665,4.62886,0.42336,0,0.42336,460.49,0,0.951108,0,0,1.16763,0.216518,1.028160,1,0,20.5442,0,0,0,20.5442,0
46.7468,2.1993,0,0,1.14592,0.16201,0.36288,3.6288,61.308,0.325763,0,0,0.59561,0.259419,0.0104282,0.66528,12.849,1,0.584766,0.36288,0,20.3662,4.9129,15.2314,0.84672,12.849,0.84672,3695.15,0,0,0,0.216518,1.48042,4.21527,1.19175,4.72046,0.42336,0,0.42336,460.49,0,0.915365,0,0,1.13188,0.216518,1.028160,1,0,19.9623,0,0,0,19.9623,0
45.1187,2.12165,0,0,1.11142,0.255028,0.36288,3.6288,61.2658,0.438707,0,0,0.595045,0.198525,0,0.66528,12.849,1,0.583163,0.36288,0,22.5213,3.83812,18.4629,0.84672,12.849,0.84672,3695.15,0,0,0,0.216518,1.48063,4.46552,0.93699,5.22568,0.42336,0,0.42336,460.49,0,0.75937,0,0,0.975888,0.216518,1.028160,1,0,23.6886,0,0,0,23.6886,0
43.281,2.10563,0,0,0.882351,0.25146,0.36288,3.6288,61.308,0.170057,0,0,0.870967,0.210498,0.448224,0.66528,12.849,1,0.599647,0.36288,0,24.1444,3.90652,20.0011,0.84672,12.849,0.84672,3695.15,0,0,0,0.85409,1.43252,6.79594,0.990842,8.0917,0.42336,0,0.42336,460.49,0,1.02816,0,0,1.88225,0.85409,1.028160,1,0,28.541,0,0,0,28.541,0
42.9403,2.08636,0,0,2.35479,0.246254,0.36288,3.6288,61.308,0.170198,0,0,2.13292,0.210555,1.75217,0.66528,12.849,1,0.619387,0.36288,0,70.9576,3.90652,66.7946,0.84672,12.849,0.84672,3695.15,0,0,0,2.49356,1.43271,12.8304,0.990842,15.7658,0.42336,0,0.42336,460.49,0,1.02816,0,0,3.52172,2.49356,1.028160,1,0,84.3126,0,0,0,84.3126,0
41.5838,2.08295,0,0,1.36985,0.280523,0.36288,3.6288,61.308,0.170338,0,0,1.29907,0.178607,0.950122,0.66528,12.849,1,0.623278,0.36288,0,39.5603,3.43099,35.8689,0.84672,12.849,0.84672,3695.15,0,0,0,0.588851,1.43291,7.7345,0.826004,8.93026,0.42336,0,0.42336,460.49,0,1.02816,0,0,1.61701,0.588851,1.028160,1,0,45.7493,0,0,0,45.7493,0
41.4076,1.89465,0,0,2.32437,0.243099,0.36288,3.6288,61.308,0.0804547,0,0,1.95843,0.197546,1.68043,0.66528,12.849,1,0.585428,0.36288,0,54.5124,3.69949,50.5903,0.84672,12.849,0.84672,3695.15,0,0,0,1.51426,1.43311,11.0574,0.842031,13.1627,0.42336,0,0.42336,460.49,0,1.02816,0,0,2.54242,1.51426,1.028160,1,0,65.4335,0,0,0,65.4335,0
42.0534,1.89308,0,0,3.13558,0.233756,0.36288,3.6288,61.308,0.0805811,0,0,3.06691,0.198546,2.78779,0.66528,12.849,1,0.587433,0.36288,0,58.3346,3.79302,54.317,0.84672,12.849,0.84672,3695.15,0,0,0,2.29849,1.32128,13.1852,0.994401,15.8105,0.42336,0,0.42336,460.49,0,1.02816,0,0,3.32665,2.29849,1.028160,1,0,72.9153,0,0,0,72.9153,0
42.7001,1.90032,0,0,3.14535,0.235532,0.36288,3.6288,61.308,0.0807075,0,0,2.77906,0.198546,2.4998,0.66528,12.849,1,0.580625,0.36288,0,88.1703,3.79302,84.1596,0.84672,12.849,0.84672,3695.15,0,0,0,3.53678,1.32146,12.4428,0.994401,16.3067,0.42336,0,0.42336,460.49,0,1.02816,0,0,4.56494,3.53678,1.028160,1,0,102.966,0,0,0,102.966,0
42.1232,1.90742,0,0,1.93071,0.237309,0.36288,3.6288,61.308,0.080834,0,0,1.76826,0.198546,1.48888,0.66528,12.849,1,0.573967,0.36288,0,49.9244,3.79302,45.9203,0.84672,12.849,0.84672,3695.15,0,0,0,1.61666,1.32164,10.7314,0.994401,12.6753,0.42336,0,0.42336,460.49,0,1.02816,0,0,2.64482,1.61666,1.028160,1,0,60.0845,0,0,0,60.0845,0
41.5747,1.90173,0,0,1.96441,0.248221,0.36288,3.6288,61.308,0.0809604,0,0,1.37232,0.214546,1.07681,0.66528,12.849,1,0.580092,0.36288,0,44.981,4.13588,40.628,0.84672,12.849,0.84672,3695.15,0,0,0,1.1775,1.32182,13.5816,1.10135,14.9795,0.42336,0,0.42336,460.49,0,1.02816,0,0,2.20566,1.1775,1.028160,1,0,56.6843,0,0,0,56.6843,0
44.8494,1.96285,0,0,5.79255,0.192129,0.36288,3.6288,61.308,0.107173,0,0,2.61866,0.200292,2.3112,0.66528,12.849,1,0.606635,0.36288,0,123.55,3.1604,120.146,0.84672,12.849,0.84672,3695.15,0,0,0,1.79483,1.322,11.5331,0.746038,13.9039,0.42336,0,0.42336,460.49,0,1.02816,0,0,2.82299,1.79483,1.028160,1,0,136.361,0,0,0,136.361,0
47.3421,1.99761,0,0,5.05271,0.199512,0.36288,3.6288,61.308,0.107298,0,0,2.76356,0.200292,2.45597,0.66528,12.849,1,0.572301,0.36288,0,74.8336,3.1604,71.4638,0.84672,12.849,0.84672,3695.15,0,0,0,2.13792,1.35868,11.4326,0.746038,14.1832,0.42336,0,0.42336,460.49,0,1.02816,0,0,3.16608,2.13792,1.028160,1,0,88.103,0,0,0,88.103,0
52.0784,2.02165,0,0,7.34482,0.224026,0.36288,3.6288,61.308,0.107423,0,0,3.02841,0.190425,2.73057,0.66528,12.849,1,0.548692,0.36288,0,96.8613,3.24071,93.4348,0.84672,12.849,0.84672,3695.15,0,0,0,2.40577,1.35886,16.8647,0.794751,19.8346,0.42336,0,0.42336,460.49,0,1.02816,0,0,3.43393,2.40577,1.028160,1,0,116,0,0,0,116,0
57.01,2.06202,0,0,7.64182,0.285306,0.36288,3.6288,61.308,0.107548,0,0,3.23811,0.165757,2.9648,0.66528,12.849,1,0.508752,0.36288,0,116.989,3.44148,113.402,0.84672,12.849,0.84672,3695.15,0,0,0,2.79035,1.35903,21.9773,0.916531,25.2102,0.42336,0,0.42336,460.49,0,1.02816,0,0,3.81851,2.79035,1.028160,1,0,141.577,0,0,0,141.577,0
59.8395,2.32702,0,0,5.82657,0.307177,0.36288,3.6288,61.308,0.205666,0,0,2.88123,0.165053,2.51051,0.66528,12.849,1,0.524468,0.36288,0,110.493,3.00264,107.328,0.84672,12.849,0.84672,3695.15,0,0,0,2.67113,1.35921,16.17,0.872578,19.3278,0.42336,0,0.42336,460.49,0,1.02816,0,0,3.69929,2.67113,1.028160,1,0,129.167,0,0,0,129.167,0
61.8743,2.34783,0,0,5.06688,0.321371,0.36288,3.6288,61.308,0.205806,0,0,2.84492,0.164525,2.47459,0.66528,12.849,1,0.504136,0.36288,0,131.408,2.67351,128.594,0.84672,12.849,0.84672,3695.15,0,0,0,3.49119,1.48762,16.9645,0.839612,21.1037,0.42336,0,0.42336,460.49,0,1.02816,0,0,4.51935,3.49119,1.028160,1,0,152.172,0,0,0,152.172,0
63.0276,2.36195,0,0,4.20518,0.327034,0.36288,3.6288,61.308,0.205945,0,0,2.18824,0.164525,1.81776,0.66528,12.849,1,0.490489,0.36288,0,81.508,2.67351,78.7069,0.84672,12.849,0.84672,3695.15,0,0,0,2.05281,1.48782,15.308,0.839612,18.009,0.42336,0,0.42336,460.49,0,1.02816,0,0,3.08097,2.05281,1.028160,1,0,98.5337,0,0,0,98.5337,0
67.4782,2.3698,0,0,7.50619,0.322898,0.36288,3.6288,61.308,0.206085,0,0,3.95562,0.181123,3.56841,0.66528,12.849,1,0.483114,0.36288,0,129.744,3.06663,126.557,0.84672,12.849,0.84672,3695.15,0,0,0,5.15751,1.48802,19.6719,0.9626,25.3548,0.42336,0,0.42336,460.49,0,1.02816,0,0,6.18567,5.15751,1.028160,1,0,155.481,0,0,0,155.481,0
72.29,2.06093,0,0,8.02882,0.342507,0.813598,3.6288,61.308,0.0746368,0,0,3.97183,0.174256,3.72294,0.66528,12.849,1,0.392436,0.813598,0,125.988,2.93343,123.475,0.84672,12.849,0.84672,3695.15,0,0,0,5.98943,1.48821,20.951,0.966885,27.4618,0.42336,0,0.42336,460.49,0,1.02816,0,0,7.01759,5.98943,1.028160,1,0,154.66,0,0,0,154.66,0
72.29,2.08346,0,0,5.6656,0.369413,3.21273,3.6288,61.308,0.0747567,0,0,2.76806,0.152506,2.54079,0.66528,12.849,1,0.370319,3.21273,0,122.206,2.44041,122.608,0.84672,12.849,0.84672,3695.15,0,0,0,3.93529,1.31178,16.3509,0.847111,20.7508,0.42336,0,0.42336,460.49,0,1.02816,0,0,4.96345,3.93529,1.028160,1,0,145.899,0,0,0,145.899,0
72.29,2.08381,0,0,7.36845,0.346756,4.93788,3.6288,61.308,0.0748766,0,0,3.03767,0.140474,2.82232,0.66528,12.849,1,0.370382,4.93788,0,142.374,2.26602,144.676,0.84672,12.849,0.84672,3695.15,0,0,0,4.59679,1.31195,17.6475,0.82206,22.7341,0.42336,0,0.42336,460.49,0,1.02816,0,0,5.62495,4.59679,1.028160,1,0,170.232,0,0,0,170.232,0
72.29,2.08416,0,0,6.17379,0.34472,3.74491,3.6288,61.308,0.0749966,0,0,3.37344,0.184717,3.11373,0.66528,12.849,1,0.370444,3.74491,0,119.8,3.69363,119.48,0.84672,12.849,0.84672,3695.15,0,0,0,5.5,1.31212,17.2997,1.09969,23.0121,0.42336,0,0.42336,460.49,0,1.02816,0,0,6.52816,5.5,1.028160,1,0,145.606,0,0,0,145.606,0
72.29,2.08451,0,0,8.39806,0.335669,5.97788,3.6288,61.308,0.0751166,0,0,4.45848,0.165813,4.21755,0.66528,12.849,1,0.370506,5.97788,0,100.621,3.70744,102.521,0.84672,12.849,0.84672,3695.15,0,0,0,4.82297,1.31229,17.2139,1.02093,22.3282,0.42336,0,0.42336,460.49,0,1.02816,0,0,5.85113,4.82297,1.028160,1,0,129.067,0,0,0,129.067,0
72.29,2.17042,0,0,7.02486,0.303244,4.55119,3.6288,61.308,0.107452,0,0,6.02042,0.214127,5.69884,0.66528,12.849,1,0.385776,4.55119,0,140.923,4.02434,141.064,0.84672,12.849,0.84672,3695.15,0,0,0,8.89237,1.31246,28.2103,1.18041,37.2347,0.42336,0,0.42336,460.49,0,1.02816,0,0,9.92053,8.89237,1.028160,1,0,183.997,0,0,0,183.997,0
72.29,2.17078,0,0,4.94243,0.303244,2.46841,3.6288,61.308,0.107577,0,0,2.42012,0.214127,2.09842,0.66528,12.849,1,0.385841,2.46841,0,124.266,4.02434,122.324,0.84672,12.849,0.84672,3695.15,0,0,0,4.2608,1.35641,12.6792,1.18041,17.116,0.42336,0,0.42336,460.49,0,1.02816,0,0,5.28896,4.2608,1.028160,1,0,141.538,0,0,0,141.538,0
72.29,2.17115,0,0,4.44562,0.303244,1.97122,3.6288,61.308,0.107702,0,0,1.96448,0.214127,1.64265,0.66528,12.849,1,0.385905,1.97122,0,101.456,4.02434,99.017,0.84672,12.849,0.84672,3695.15,0,0,0,3.3952,1.35658,10.6284,1.18041,14.1998,0.42336,0,0.42336,460.49,0,1.02816,0,0,4.42336,3.3952,1.028160,1,0,114.859,0,0,0,114.859,0
72.29,2.17151,0,0,4.06436,0.244816,1.64803,3.6288,61.308,0.107827,0,0,1.72108,0.252481,1.36077,0.66528,12.849,1,0.38597,1.64803,0,105.552,4.78013,102.034,0.84672,12.849,0.84672,3695.15,0,0,0,2.66597,1.35676,9.4811,1.31982,12.184,0.42336,0,0.42336,460.49,0,1.02816,0,0,3.69413,2.66597,1.028160,1,0,115.579,0,0,0,115.579,0
72.29,2.1384,0,0,4.22342,0.213471,1.87155,3.6288,61.308,0.0954317,0,0,1.59357,0.246135,1.252,0.66528,12.849,1,0.380085,1.87155,0,87.1283,4.52765,84.0922,0.84672,12.849,0.84672,3695.15,0,0,0,2.44149,1.35694,8.42556,1.24241,10.9816,0.42336,0,0.42336,460.49,0,1.02816,0,0,3.46965,2.44149,1.028160,1,0,96.3257,0,0,0,96.3257,0
72.29,2.13876,0,0,3.93767,0.19783,1.60108,3.6288,61.308,0.0955548,0,0,1.55255,0.250628,1.20636,0.66528,12.849,1,0.380149,1.60108,0,80.9032,4.55343,77.5707,0.84672,12.849,0.84672,3695.15,0,0,0,2.35966,1.34005,8.08894,1.24287,10.5458,0.42336,0,0.42336,460.49,0,1.02816,0,0,3.38782,2.35966,1.028160,1,0,89.3229,0,0,0,89.3229,0
72.29,2.13912,0,0,3.47295,0.19783,1.136,3.6288,61.308,0.0956778,0,0,1.68777,0.250628,1.34147,0.66528,12.849,1,0.380213,1.136,0,75.4047,4.55343,71.6071,0.84672,12.849,0.84672,3695.15,0,0,0,2.62512,1.34023,8.3541,1.24287,11.0766,0.42336,0,0.42336,460.49,0,1.02816,0,0,3.65328,2.62512,1.028160,1,0,84.0251,0,0,0,84.0251,0
72.29,2.13948,0,0,3.54415,0.19783,1.20684,3.6288,61.308,0.0958009,0,0,1.45257,0.250628,1.10614,0.66528,12.849,1,0.380276,1.20684,0,72.792,4.55343,69.0651,0.84672,12.849,0.84672,3695.15,0,0,0,1.98034,1.3404,8.26286,1.24287,10.3407,0.42336,0,0.42336,460.49,0,1.02816,0,0,3.0085,1.98034,1.028160,1,0,80.512,0,0,0,80.512,0
72.29,2.25353,0,0,3.74563,0.160999,1.33111,3.6288,61.308,0.140349,0,0,1.56563,0.227516,1.19776,0.66528,12.849,1,0.400547,1.33111,0,75.1369,4.65268,71.4148,0.84672,12.849,0.84672,3695.15,0,0,0,2.14954,1.34057,10.6381,1.11051,13.0177,0.42336,0,0.42336,460.49,0,1.02816,0,0,3.1777,2.14954,1.028160,1,0,85.6302,0,0,0,85.6302,0
72.29,2.2539,0,0,3.49111,0.140273,1.09694,3.6288,61.308,0.140478,0,0,1.44641,0.182853,1.12308,0.66528,12.849,1,0.400614,1.09694,0,64.3836,3.69338,61.3865,0.84672,12.849,0.84672,3695.15,0,0,0,1.83924,1.40016,8.73988,0.890991,11.0883,0.42336,0,0.42336,460.49,0,1.02816,0,0,2.8674,1.83924,1.028160,1,0,73.5979,0,0,0,73.5979,0
72.29,2.25428,0,0,3.24681,0.140273,0.852257,3.6288,61.308,0.140608,0,0,1.39241,0.182853,1.06895,0.66528,12.849,1,0.400681,0.852257,0,58.7253,3.69338,55.4835,0.84672,12.849,0.84672,3695.15,0,0,0,1.45886,1.40035,7.76537,0.890991,9.73358,0.42336,0,0.42336,460.49,0,1.02816,0,0,2.48702,1.45886,1.028160,1,0,66.286,0,0,0,66.286,0
72.29,2.25465,0,0,3.07015,0.0771273,0.738364,3.6288,61.308,0.140738,0,0,1.3088,0.272825,0.895242,0.66528,12.849,1,0.400748,0.738364,0,56.1227,4.91575,51.5445,0.84672,12.849,0.84672,3695.15,0,0,0,1.20442,1.40053,6.85273,1.21831,8.23936,0.42336,0,0.42336,460.49,0,1.02816,0,0,2.23258,1.20442,1.028160,1,0,60.6791,0,0,0,60.6791,0
72.29,2.25503,0,0,2.89028,0.0670663,0.568181,3.6288,61.308,0.140868,0,0,1.2011,0.285543,0.774688,0.66528,12.849,1,0.400815,0.568181,0,50.8524,5.16702,45.8528,0.84672,12.849,0.84672,3695.15,0,0,0,1.14273,1.40071,6.42278,1.27329,7.69292,0.42336,0,0.42336,460.49,0,1.02816,0,0,2.17089,1.14273,1.028160,1,0,54.3204,0,0,0,54.3204,0
72.29,2.23291,0,0,2.97815,0.0698456,0.675394,3.6288,61.308,0.165432,0,0,0.903753,0.271881,0.46644,0.66528,12.849,1,0.396882,0.675394,0,46.4537,5.45223,41.2799,0.84672,12.849,0.84672,3695.15,0,0,0,1.27653,1.4009,5.66925,1.27586,7.07082,0.42336,0,0.42336,460.49,0,1.02816,0,0,2.30469,1.27653,1.028160,1,0,48.8172,0,0,0,48.8172,0
72.29,2.23328,0,0,2.78878,0.0698456,0.485659,3.6288,61.308,0.165566,0,0,0.859162,0.271881,0.421715,0.66528,12.849,1,0.396949,0.485659,0,46.3928,5.45223,41.0293,0.84672,12.849,0.84672,3695.15,0,0,0,1.13743,1.41499,5.82615,1.27586,7.10272,0.42336,0,0.42336,460.49,0,1.02816,0,0,2.16559,1.13743,1.028160,1,0,48.5537,0,0,0,48.5537,0
72.1599,2.23365,0,0,2.53626,0.0698456,0.36288,3.6288,61.308,0.165699,0,0,0.837769,0.271881,0.400189,0.66528,12.849,1,0.397015,0.36288,0,45.4848,5.45223,39.9984,0.84672,12.849,0.84672,3695.15,0,0,0,1.10938,1.41518,5.58247,1.27586,6.83116,0.42336,0,0.42336,460.49,0,1.02816,0,0,2.13754,1.10938,1.028160,1,0,47.2297,0,0,0,47.2297,0
71.7958,2.23342,0,0,2.30203,0.0697767,0.36288,3.6288,61.308,0.165833,0,0,0.785964,0.271881,0.34825,0.66528,12.849,1,0.397689,0.36288,0,40.5307,5.45223,35.0436,0.84672,12.849,0.84672,3695.15,0,0,0,0.868337,1.41536,5.40029,1.27586,6.40814,0.42336,0,0.42336,460.49,0,1.02816,0,0,1.8965,0.868337,1.028160,1,0,41.8,0,0,0,41.8,0
71.6619,2.29016,0,0,2.56532,0.0461919,0.36288,3.6288,61.308,0.187756,0,0,0.884969,0.326678,0.370535,0.66528,12.849,1,0.40986,0.36288,0,47.989,6.02268,41.9193,0.84672,12.849,0.84672,3695.15,0,0,0,0.943289,1.41555,5.53437,1.53039,6.36281,0.42336,0,0.42336,460.49,0,1.02816,0,0,1.97145,0.943289,1.028160,1,0,48.6527,0,0,0,48.6527,0
71.4966,2.28989,0,0,2.53753,0.0500628,0.36288,3.6288,61.308,0.187893,0,0,0.828593,0.317883,0.322817,0.66528,12.849,1,0.410578,0.36288,0,38.1898,5.85564,32.2864,0.84672,12.849,0.84672,3695.15,0,0,0,1.02096,1.4454,5.38873,1.48795,6.36715,0.42336,0,0.42336,460.49,0,1.02816,0,0,2.04912,1.02096,1.028160,1,0,38.9764,0,0,0,38.9764,0
71.1178,2.28947,0,0,2.32349,0.0499997,0.36288,3.6288,61.308,0.18803,0,0,0.767448,0.317883,0.261535,0.66528,12.849,1,0.411451,0.36288,0,36.2991,5.85564,30.3949,0.84672,12.849,0.84672,3695.15,0,0,0,0.723479,1.44559,4.73663,1.48795,5.41775,0.42336,0,0.42336,460.49,0,1.02816,0,0,1.75164,0.723479,1.028160,1,0,36.0742,0,0,0,36.0742,0
70.8817,2.28799,0,0,2.45494,0.0401406,0.36288,3.6288,61.308,0.188167,0,0,0.881012,0.323063,0.369782,0.66528,12.849,1,0.413377,0.36288,0,35.6009,6.00519,29.5453,0.84672,12.849,0.84672,3695.15,0,0,0,1.07381,1.44578,6.26594,1.51783,7.2677,0.42336,0,0.42336,460.49,0,1.02816,0,0,2.10197,1.07381,1.028160,1,0,37.1827,0,0,0,37.1827,0
70.6692,2.45706,0,0,2.65154,0.0441297,0.36288,3.6288,61.308,0.267001,0,0,0.889799,0.284114,0.338684,0.66528,12.849,1,0.4454,0.36288,0,36.3825,5.7927,30.5073,0.84672,12.849,0.84672,3695.15,0,0,0,1.10176,1.44597,6.78278,1.50128,7.82923,0.42336,0,0.42336,460.49,0,1.02816,0,0,2.12992,1.10176,1.028160,1,0,38.6752,0,0,0,38.6752,0
70.6027,2.45633,0,0,2.79323,0.0404603,0.36288,3.6288,61.308,0.267149,0,0,0.847895,0.294654,0.286091,0.66528,12.849,1,0.446608,0.36288,0,42.0915,5.57497,36.4328,0.84672,12.849,0.84672,3695.15,0,0,0,0.987137,1.54456,6.05452,1.44725,7.13898,0.42336,0,0.42336,460.49,0,1.02816,0,0,2.0153,0.987137,1.028160,1,0,43.8579,0,0,0,43.8579,0
70.7174,2.45638,0,0,2.97439,0.0404397,0.36288,3.6288,61.308,0.267298,0,0,1.04296,0.294654,0.481008,0.66528,12.849,1,0.447037,0.36288,0,53.5627,5.57497,47.9036,0.84672,12.849,0.84672,3695.15,0,0,0,1.4557,1.54477,6.76262,1.44725,8.31585,0.42336,0,0.42336,460.49,0,1.02816,0,0,2.48386,1.4557,1.028160,1,0,56.7004,0,0,0,56.7004,0
70.3037,2.4574,0,0,2.44702,0.0404753,0.36288,3.6288,61.308,0.267447,0,0,0.759577,0.294654,0.197476,0.66528,12.849,1,0.446497,0.36288,0,49.0719,5.57497,43.4133,0.84672,12.849,0.84672,3695.15,0,0,0,0.669427,1.54497,5.53891,1.44725,6.30607,0.42336,0,0.42336,460.49,0,1.02816,0,0,1.69759,0.669427,1.028160,1,0,49.9169,0,0,0,49.9169,0
70.4943,2.45559,0,0,3.04941,0.0403467,0.36288,3.6288,61.308,0.267596,0,0,1.31581,0.294654,0.753561,0.66528,12.849,1,0.448793,0.36288,0,47.8335,5.57497,42.1726,0.84672,12.849,0.84672,3695.15,0,0,0,2.32656,1.54518,8.63879,1.44725,11.0633,0.42336,0,0.42336,460.49,0,1.02816,0,0,3.35472,2.32656,1.028160,1,0,53.9894,0,0,0,53.9894,0
70.3292,2.37425,0,0,2.65268,0.0806329,0.36288,3.6288,61.308,0.219943,0,0,0.715601,0.221467,0.274191,0.66528,12.849,1,0.432754,0.36288,0,39.9784,4.71861,35.1899,0.84672,12.849,0.84672,3695.15,0,0,0,1.06933,1.54538,6.65492,1.27992,7.98971,0.42336,0,0.42336,460.49,0,1.02816,0,0,2.09749,1.06933,1.028160,1,0,43.4538,0,0,0,43.4538,0
69.7842,2.37378,0,0,2.31426,0.122564,0.36288,3.6288,61.308,0.220084,0,0,0.755585,0.200531,0.33497,0.66528,12.849,1,0.433685,0.36288,0,33.5462,3.65299,29.8224,0.84672,12.849,0.84672,3695.15,0,0,0,0.798448,1.49032,7.66385,0.979919,8.9727,0.42336,0,0.42336,460.49,0,1.02816,0,0,1.82661,0.798448,1.028160,1,0,39.13,0,0,0,39.13,0
69.595,2.37132,0,0,2.67697,0.132037,0.36288,3.6288,61.308,0.220226,0,0,1.35438,0.198386,0.935769,0.66528,12.849,1,0.436618,0.36288,0,38.6548,3.59363,34.9875,0.84672,12.849,0.84672,3695.15,0,0,0,1.99364,1.49051,11.0859,0.972637,13.5974,0.42336,0,0.42336,460.49,0,1.02816,0,0,3.0218,1.99364,1.028160,1,0,49.5207,0,0,0,49.5207,0
69.3085,2.37071,0,0,2.57895,0.131844,0.36288,3.6288,61.308,0.220368,0,0,1.24378,0.198386,0.825026,0.66528,12.849,1,0.437693,0.36288,0,37.0732,3.59363,33.4048,0.84672,12.849,0.84672,3695.15,0,0,0,1.90777,1.49071,9.50892,0.972637,11.9348,0.42336,0,0.42336,460.49,0,1.02816,0,0,2.93593,1.90777,1.028160,1,0,46.1646,0,0,0,46.1646,0
68.1145,2.30177,0,0,1.59739,0.126776,0.36288,3.6288,61.308,0.176972,0,0,0.794723,0.200883,0.416868,0.66528,12.849,1,0.426722,0.36288,0,22.4046,3.77237,18.5683,0.84672,12.849,0.84672,3695.15,0,0,0,0.720999,1.49091,6.29612,0.868816,7.63921,0.42336,0,0.42336,460.49,0,1.02816,0,0,1.74916,0.720999,1.028160,1,0,26.6244,0,0,0,26.6244,0
66.8304,2.29586,0,0,1.57123,0.196514,0.36288,3.6288,61.308,0.239393,0,0,0.570758,0.194585,0.13678,0.66528,12.849,1,0.433087,0.36288,0,23.8302,3.9843,19.7756,0.84672,12.849,0.84672,3695.15,0,0,0,0.216518,1.4424,6.60059,0.890161,7.36935,0.42336,0,0.42336,460.49,0,0.965874,0,0,1.18239,0.216518,1.028160,1,0,27.2818,0,0,0,27.2818,0
65.3285,2.28926,0,0,1.4,0.24982,0.36288,3.6288,60.8735,0.63594,0,0,0.389896,0.188456,0,0.66528,12.849,1,0.44014,0.36288,0,20.9728,4.04271,16.8529,0.84672,12.849,0.84672,3695.15,0,0,0,0.292723,1.44259,5.51571,0.964568,6.28646,0.42336,0,0.42336,460.49,0,0.569462,0,0,0.862186,0.292723,1.028160,1,0,23.1393,0,0,0,23.1393,0
64.2845,2.28119,0,0,1.84692,0.24685,0.36288,3.6288,61.308,0.177378,0,0,0.887223,0.187938,0.0874087,0.66528,12.849,1,0.448671,0.36288,0,28.0603,4.04271,23.9318,0.84672,12.849,0.84672,3695.15,0,0,0,1.17021,1.44278,9.80411,0.964568,11.4525,0.42336,0,0.42336,460.49,0,1.02816,0,0,2.19837,1.17021,1.028160,1,0,35.4717,0,0,0,35.4717,0
66.0092,2.08514,0,0,4.41126,0.238475,0.36288,3.6288,61.308,0.086782,0,0,2.20693,0.185998,1.93415,0.66528,12.849,1,0.416772,0.36288,0,82.6571,3.8895,78.7137,0.84672,12.849,0.84672,3695.15,0,0,0,3.19802,1.44297,18.63,0.968512,22.3025,0.42336,0,0.42336,460.49,0,1.02816,0,0,4.22618,3.19802,1.028160,1,0,102.95,0,0,0,102.95,0
65.6345,2.09461,0,0,2.3085,0.225802,0.36288,3.6288,61.308,0.0869037,0,0,1.24559,0.179854,0.978835,0.66528,12.849,1,0.407725,0.36288,0,58.4202,3.50647,54.8689,0.84672,12.849,0.84672,3695.15,0,0,0,1.91262,1.33026,17.8215,0.97837,20.086,0.42336,0,0.42336,460.49,0,1.02816,0,0,2.94078,1.91262,1.028160,1,0,75.9337,0,0,0,75.9337,0
67.3084,2.09301,0,0,4.35501,0.225128,0.36288,3.6288,61.308,0.0870255,0,0,0.774729,0.179854,0.507849,0.66528,12.849,1,0.409741,0.36288,0,74.7981,3.50647,71.2448,0.84672,12.849,0.84672,3695.15,0,0,0,1.23367,1.33044,13.7686,0.97837,15.3544,0.42336,0,0.42336,460.49,0,1.02816,0,0,2.26183,1.23367,1.028160,1,0,87.107,0,0,0,87.107,0
68.4193,2.10192,0,0,3.80382,0.228139,0.36288,3.6288,61.308,0.0871472,0,0,3.84824,0.179854,3.58124,0.66528,12.849,1,0.401251,0.36288,0,94.2149,3.50647,90.67,0.84672,12.849,0.84672,3695.15,0,0,0,5.189,1.33061,18.8414,0.97837,24.3827,0.42336,0,0.42336,460.49,0,1.02816,0,0,6.21716,5.189,1.028160,1,0,118.634,0,0,0,118.634,0
69.3619,2.10776,0,0,3.65988,0.246667,0.36288,3.6288,61.308,0.087269,0,0,2.08418,0.178305,1.81861,0.66528,12.849,1,0.395833,0.36288,0,86.3643,3.75727,82.5741,0.84672,12.849,0.84672,3695.15,0,0,0,2.64756,1.33078,12.6204,1.08381,15.5149,0.42336,0,0.42336,460.49,0,1.02816,0,0,3.67572,2.64756,1.028160,1,0,99.9076,0,0,0,99.9076,0
72.29,2.18682,0,0,9.5169,0.27685,4.12511,3.6288,61.308,0.113681,0,0,5.249,0.208934,4.92638,0.66528,12.849,1,0.4051,4.12511,0,189.088,4.20985,188.599,0.84672,12.849,0.84672,3695.15,0,0,0,4.78829,1.33095,20.1376,1.18121,25.0756,0.42336,0,0.42336,460.49,0,1.02816,0,0,5.81645,4.78829,1.028160,1,0,218.601,0,0,0,218.601,0
72.29,2.20111,0,0,6.87965,0.28088,4.39767,3.6288,61.308,0.113801,0,0,3.1549,0.214684,2.82641,0.66528,12.849,1,0.39123,4.39767,0,153.511,4.18079,153.337,0.84672,12.849,0.84672,3695.15,0,0,0,5.11212,1.36791,17.6138,1.15351,22.9403,0.42336,0,0.42336,460.49,0,1.02816,0,0,6.14028,5.11212,1.028160,1,0,179.104,0,0,0,179.104,0
72.29,2.20146,0,0,6.48459,0.28088,4.00225,3.6288,61.308,0.11392,0,0,3.10877,0.214684,2.78016,0.66528,12.849,1,0.391292,4.00225,0,126.78,4.18079,126.21,0.84672,12.849,0.84672,3695.15,0,0,0,4.61225,1.36808,16.8704,1.15351,21.6972,0.42336,0,0.42336,460.49,0,1.02816,0,0,5.64041,4.61225,1.028160,1,0,150.687,0,0,0,150.687,0
72.29,2.20181,0,0,5.93303,0.294237,3.43698,3.6288,61.308,0.11404,0,0,2.01409,0.211114,1.68893,0.66528,12.849,1,0.391355,3.43698,0,111.966,4.21877,110.793,0.84672,12.849,0.84672,3695.15,0,0,0,3.4127,1.36825,15.7825,1.21973,19.3437,0.42336,0,0.42336,460.49,0,1.02816,0,0,4.44086,3.4127,1.028160,1,0,131.825,0,0,0,131.825,0
72.29,2.442,0,0,7.82193,0.356996,5.02294,3.6288,61.308,0.212917,0,0,2.65106,0.211836,2.22631,0.66528,12.849,1,0.434046,5.02294,0,166.939,4.31736,167.211,0.84672,12.849,0.84672,3695.15,0,0,0,2.88419,1.36842,17.394,1.28331,20.3633,0.42336,0,0.42336,460.49,0,1.02816,0,0,3.91235,2.88419,1.028160,1,0,189.801,0,0,0,189.801,0
72.29,2.44238,0,0,4.61195,0.396153,1.77341,3.6288,61.308,0.213051,0,0,2.32929,0.2247,1.89154,0.66528,12.849,1,0.434115,1.77341,0,106.342,4.32222,103.359,0.84672,12.849,0.84672,3695.15,0,0,0,1.56131,1.49783,12.178,1.14731,14.0898,0.42336,0,0.42336,460.49,0,1.02816,0,0,2.58947,1.56131,1.028160,1,0,119.34,0,0,0,119.34,0
72.29,2.44277,0,0,5.03449,0.382324,2.2094,3.6288,61.308,0.213185,0,0,2.09879,0.193631,1.69198,0.66528,12.849,1,0.434183,2.2094,0,92.9249,4.05199,90.6482,0.84672,12.849,0.84672,3695.15,0,0,0,1.56,1.49801,10.9735,1.03821,12.9933,0.42336,0,0.42336,460.49,0,1.02816,0,0,2.58816,1.56,1.028160,1,0,105.333,0,0,0,105.333,0
72.29,2.44315,0,0,5.22683,0.363885,2.41979,3.6288,61.308,0.213319,0,0,2.24477,0.152206,1.87924,0.66528,12.849,1,0.434252,2.41979,0,89.2763,3.69169,87.5701,0.84672,12.849,0.84672,3695.15,0,0,0,1.5659,1.4982,11.7371,0.89273,13.9085,0.42336,0,0.42336,460.49,0,1.02816,0,0,2.59406,1.5659,1.028160,1,0,103.358,0,0,0,103.358,0
72.29,2.10126,0,0,4.89512,0.347884,2.44598,3.6288,61.308,0.0808444,0,0,2.71724,0.134203,2.50219,0.66528,12.849,1,0.373483,2.44598,0,109.285,3.12542,108.232,0.84672,12.849,0.84672,3695.15,0,0,0,1.60293,1.49839,12.7529,0.798341,15.0559,0.42336,0,0.42336,460.49,0,1.02816,0,0,2.63109,1.60293,1.028160,1,0,125.79,0,0,0,125.79,0
72.29,2.10159,0,0,5.80397,0.326548,3.37583,3.6288,61.308,0.0809595,0,0,3.54686,0.110199,3.3557,0.66528,12.849,1,0.373542,3.37583,0,134.156,2.37037,134.788,0.84672,12.849,0.84672,3695.15,0,0,0,1.66441,1.32058,14.0441,0.672489,16.3567,0.42336,0,0.42336,460.49,0,1.02816,0,0,2.69257,1.66441,1.028160,1,0,154.5,0,0,0,154.5,0
72.29,2.10193,0,0,8.511,0.326548,6.08253,3.6288,61.308,0.0810747,0,0,6.11236,0.110199,5.92109,0.66528,12.849,1,0.373602,6.08253,0,194.305,2.37037,197.644,0.84672,12.849,0.84672,3695.15,0,0,0,4.18328,1.32075,29.1082,0.672489,33.9398,0.42336,0,0.42336,460.49,0,1.02816,0,0,5.21144,4.18328,1.028160,1,0,237.504,0,0,0,237.504,0
72.29,2.10227,0,0,6.04612,0.330933,3.61293,3.6288,61.308,0.0811899,0,0,3.66167,0.163743,3.41673,0.66528,12.849,1,0.373662,3.61293,0,159.459,3.88626,158.812,0.84672,12.849,0.84672,3695.15,0,0,0,2.22974,1.32091,17.4436,0.905935,20.0883,0.42336,0,0.42336,460.49,0,1.02816,0,0,3.2579,2.22974,1.028160,1,0,182.317,0,0,0,182.317,0
72.29,2.1026,0,0,5.69347,0.330933,3.25993,3.6288,61.308,0.081305,0,0,5.51071,0.163743,5.26566,0.66528,12.849,1,0.373722,3.25993,0,145.722,3.88626,144.722,0.84672,12.849,0.84672,3695.15,0,0,0,2.5271,1.32107,18.4674,0.905935,21.4096,0.42336,0,0.42336,460.49,0,1.02816,0,0,3.55526,2.5271,1.028160,1,0,171.397,0,0,0,171.397,0
72.29,2.18916,0,0,3.83555,0.318472,1.32792,3.6288,61.308,0.113884,0,0,1.79848,0.13646,1.54813,0.66528,12.849,1,0.389106,1.32792,0,122.169,3.39549,119.712,0.84672,12.849,0.84672,3695.15,0,0,0,1.08224,1.32124,11.1017,0.716695,12.7885,0.42336,0,0.42336,460.49,0,1.02816,0,0,2.1104,1.08224,1.028160,1,0,134.049,0,0,0,134.049,0
72.29,2.18951,0,0,5.21616,0.318472,2.70818,3.6288,61.308,0.114004,0,0,3.16952,0.13646,2.91906,0.66528,12.849,1,0.389168,2.70818,0,126.208,3.39549,125.131,0.84672,12.849,0.84672,3695.15,0,0,0,1.56753,1.36551,12.4955,0.716695,14.7119,0.42336,0,0.42336,460.49,0,1.02816,0,0,2.59569,1.56753,1.028160,1,0,142.762,0,0,0,142.762,0
72.29,2.18986,0,0,3.64806,0.318472,1.13973,3.6288,61.308,0.114124,0,0,1.89918,0.13646,1.64859,0.66528,12.849,1,0.389231,1.13973,0,104.668,3.39549,102.023,0.84672,12.849,0.84672,3695.15,0,0,0,0.79412,1.36568,10.0621,0.716695,11.5052,0.42336,0,0.42336,460.49,0,1.02816,0,0,1.82228,0.79412,1.028160,1,0,115.177,0,0,0,115.177,0
72.29,2.19021,0,0,3.15479,0.291688,0.672898,3.6288,61.308,0.117043,0,0,1.50531,0.150733,1.23754,0.66528,12.849,1,0.389293,0.672898,0,99.4092,3.57,96.1229,0.84672,12.849,0.84672,3695.15,0,0,0,0.528595,1.36585,9.79206,0.751045,10.9355,0.42336,0,0.42336,460.49,0,1.02536,0,0,1.55396,0.528595,1.028160,1,0,108.296,0,0,0,108.296,0
72.29,2.15683,0,0,3.3761,0.279627,0.939645,3.6288,61.308,0.101748,0,0,1.36769,0.180535,1.0854,0.66528,12.849,1,0.383359,0.939645,0,87.0342,4.01678,83.5737,0.84672,12.849,0.84672,3695.15,0,0,0,0.753304,1.36602,9.03156,0.887808,10.2631,0.42336,0,0.42336,460.49,0,1.02816,0,0,1.78146,0.753304,1.028160,1,0,94.9222,0,0,0,94.9222,0
72.29,2.15717,0,0,3.24386,0.236363,0.850329,3.6288,61.308,0.101866,0,0,1.03693,0.202317,0.732747,0.66528,12.849,1,0.383421,0.850329,0,80.1412,4.25806,76.35,0.84672,12.849,0.84672,3695.15,0,0,0,0.774144,1.349,7.7982,0.935061,8.98629,0.42336,0,0.42336,460.49,0,1.02816,0,0,1.8023,0.774144,1.028160,1,0,86.0691,0,0,0,86.0691,0
72.29,2.15751,0,0,3.07473,0.236363,0.680848,3.6288,61.308,0.101984,0,0,1.01792,0.202317,0.71362,0.66528,12.849,1,0.383482,0.680848,0,74.9762,4.25806,71.0155,0.84672,12.849,0.84672,3695.15,0,0,0,0.689913,1.34916,7.35869,0.935061,8.4627,0.42336,0,0.42336,460.49,0,1.02816,0,0,1.71807,0.689913,1.028160,1,0,80.1918,0,0,0,80.1918,0
72.29,2.15786,0,0,2.8831,0.236363,0.488877,3.6288,61.308,0.102102,0,0,1.22181,0.202317,0.917389,0.66528,12.849,1,0.383543,0.488877,0,69.4414,4.25806,65.2887,0.84672,12.849,0.84672,3695.15,0,0,0,1.00049,1.34933,8.39998,0.935061,9.81475,0.42336,0,0.42336,460.49,0,1.02816,0,0,2.02865,1.00049,1.028160,1,0,76.0208,0,0,0,76.0208,0
72.29,2.27276,0,0,2.92592,0.233076,0.42008,3.6288,61.308,0.146985,0,0,1.13679,0.168876,0.82093,0.66528,12.849,1,0.403966,0.42008,0,66.1361,3.98711,62.1651,0.84672,12.849,0.84672,3695.15,0,0,0,0.839177,1.3495,8.04721,0.847519,9.38837,0.42336,0,0.42336,460.49,0,1.02816,0,0,1.86734,0.839177,1.028160,1,0,72.3744,0,0,0,72.3744,0
72.29,2.27312,0,0,3.17069,0.186855,0.710712,3.6288,61.308,0.14711,0,0,1.15112,0.166759,0.837256,0.66528,12.849,1,0.40403,0.710712,0,65.6459,4.08439,61.8681,0.84672,12.849,0.84672,3695.15,0,0,0,0.777894,1.40954,8.01628,0.916069,9.28764,0.42336,0,0.42336,460.49,0,1.02816,0,0,1.80605,0.777894,1.028160,1,0,71.993,0,0,0,71.993,0
72.2147,2.27348,0,0,2.74792,0.186855,0.36288,3.6288,61.308,0.147234,0,0,1.05671,0.166759,0.742713,0.66528,12.849,1,0.404095,0.36288,0,61.6015,4.08439,57.4759,0.84672,12.849,0.84672,3695.15,0,0,0,0.803485,1.40971,8.11356,0.916069,9.41069,0.42336,0,0.42336,460.49,0,1.02816,0,0,1.83165,0.803485,1.028160,1,0,67.6293,0,0,0,67.6293,0
71.883,2.27349,0,0,2.49143,0.186748,0.36288,3.6288,61.308,0.147359,0,0,0.919097,0.166759,0.60498,0.66528,12.849,1,0.404517,0.36288,0,56.7255,4.08439,52.5995,0.84672,12.849,0.84672,3695.15,0,0,0,0.605845,1.40989,7.67197,0.916069,8.77164,0.42336,0,0.42336,460.49,0,1.02816,0,0,1.63401,0.605845,1.028160,1,0,61.9761,0,0,0,61.9761,0
71.4266,2.27226,0,0,2.33663,0.157865,0.36288,3.6288,61.308,0.147484,0,0,0.852163,0.196393,0.508287,0.66528,12.849,1,0.406165,0.36288,0,54.2958,4.67128,49.5813,0.84672,12.849,0.84672,3695.15,0,0,0,0.495003,1.41006,7.3586,1.07623,8.18744,0.42336,0,0.42336,460.49,0,1.02816,0,0,1.52316,0.495003,1.028160,1,0,58.277,0,0,0,58.277,0
70.6203,2.2478,0,0,1.92814,0.123806,0.36288,3.6288,61.308,0.172229,0,0,1.14699,0.215407,0.759358,0.66528,12.849,1,0.404358,0.36288,0,41.1229,4.54524,36.5361,0.84672,12.849,0.84672,3695.15,0,0,0,0.823591,1.41024,4.85602,1.08868,6.00117,0.42336,0,0.42336,460.49,0,1.02816,0,0,1.85175,0.823591,1.028160,1,0,43.2967,0,0,0,43.2967,0
69.653,2.24425,0,0,1.76285,0.123044,0.36288,3.6288,61.308,0.172358,0,0,1.11946,0.215407,0.731694,0.66528,12.849,1,0.408329,0.36288,0,40.5422,4.54524,35.9516,0.84672,12.849,0.84672,3695.15,0,0,0,0.857581,1.42443,4.79632,1.08868,5.98966,0.42336,0,0.42336,460.49,0,1.02816,0,0,1.88574,0.857581,1.028160,1,0,42.6729,0,0,0,42.6729,0
68.5393,2.23981,0,0,1.61114,0.122129,0.36288,3.6288,61.308,0.172486,0,0,1.04687,0.215407,0.658973,0.66528,12.849,1,0.413182,0.36288,0,38.1337,4.54524,33.5381,0.84672,12.849,0.84672,3695.15,0,0,0,0.583425,1.42461,4.5641,1.08868,5.48345,0.42336,0,0.42336,460.49,0,1.02816,0,0,1.61158,0.583425,1.028160,1,0,39.6806,0,0,0,39.6806,0
67.3208,2.23452,0,0,1.48146,0.102577,0.36288,3.6288,61.308,0.172614,0,0,0.992045,0.259283,0.560148,0.66528,12.849,1,0.418903,0.36288,0,34.1424,5.10984,28.9766,0.84672,12.849,0.84672,3695.15,0,0,0,0.584505,1.42479,4.34566,1.29477,5.06019,0.42336,0,0.42336,460.49,0,1.02816,0,0,1.61266,0.584505,1.028160,1,0,34.5969,0,0,0,34.5969,0
65.9393,2.28644,0,0,1.3568,0.0889601,0.36288,3.6288,61.308,0.194697,0,0,0.911503,0.30289,0.413915,0.66528,12.849,1,0.436395,0.36288,0,27.4441,5.59491,21.7757,0.84672,12.849,0.84672,3695.15,0,0,0,0.355104,1.42497,3.99267,1.45016,4.32259,0.42336,0,0.42336,460.49,0,1.02816,0,0,1.38326,0.355104,1.028160,1,0,26.5122,0,0,0,26.5122,0
64.5021,2.27915,0,0,1.29368,0.0888084,0.36288,3.6288,61.308,0.194829,0,0,0.903087,0.310915,0.397343,0.66528,12.849,1,0.444117,0.36288,0,34.7696,5.64113,29.0472,0.84672,12.849,0.84672,3695.15,0,0,0,0.47088,1.45504,4.34508,1.45078,4.82022,0.42336,0,0.42336,460.49,0,1.02816,0,0,1.49904,0.47088,1.028160,1,0,34.2648,0,0,0,34.2648,0
62.9867,2.27126,0,0,1.20654,0.0877909,0.36288,3.6288,61.308,0.19496,0,0,0.7999,0.310915,0.294025,0.66528,12.849,1,0.45244,0.36288,0,27.506,5.64113,21.7753,0.84672,12.849,0.84672,3695.15,0,0,0,0.451561,1.45522,3.96605,1.45078,4.42205,0.42336,0,0.42336,460.49,0,1.02816,0,0,1.47972,0.451561,1.028160,1,0,26.4913,0,0,0,26.4913,0
61.372,2.26257,0,0,1.09746,0.0867181,0.36288,3.6288,61.308,0.202505,0,0,0.751343,0.310915,0.237923,0.66528,12.849,1,0.461555,0.36288,0,25.2926,5.64113,19.5528,0.84672,12.849,0.84672,3695.15,0,0,0,0.227405,1.4554,3.62979,1.45078,3.86182,0.42336,0,0.42336,460.49,0,1.02075,0,0,1.24815,0.227405,1.028160,1,0,23.6525,0,0,0,23.6525,0
59.6714,2.42005,0,0,1.1614,0.0790793,0.36288,3.6288,61.308,0.274516,0,0,0.892348,0.307126,0.310706,0.66528,12.849,1,0.506668,0.36288,0,25.1385,5.71812,19.2766,0.84672,12.849,0.84672,3695.15,0,0,0,0.609837,1.45559,5.03429,1.47028,5.62943,0.42336,0,0.42336,460.49,0,1.02816,0,0,1.638,0.609837,1.028160,1,0,25.2167,0,0,0,25.2167,0
57.4997,2.40855,0,0,0.686405,0.0867362,0.36288,3.6288,61.308,0.274659,0,0,0.705128,0.296995,0.133474,0.66528,12.849,1,0.518631,0.36288,0,18.836,5.42315,13.2571,0.84672,12.849,0.84672,3695.15,0,0,0,0.242222,1.55491,3.15484,1.40595,3.54603,0.42336,0,0.42336,460.49,0,1.02816,0,0,1.27038,0.242222,1.028160,1,0,16.9366,0,0,0,16.9366,0
55.3082,2.39291,0,0,0.64921,0.0849291,0.36288,3.6288,61.308,0.316325,0,0,0.648544,0.296995,0.0352244,0.66528,12.849,1,0.534726,0.36288,0,16.9278,5.42315,11.3328,0.84672,12.849,0.84672,3695.15,0,0,0,0.204422,1.55511,3.11905,1.40595,3.47263,0.42336,0,0.42336,460.49,0,0.986636,0,0,1.19106,0.204422,1.028160,1,0,14.8407,0,0,0,14.8407,0
53.3826,2.37609,0,0,0.896538,0.0831055,0.36288,3.6288,61.308,0.274944,0,0,0.718235,0.296995,0.146296,0.66528,12.849,1,0.552006,0.36288,0,18.1577,5.42315,12.5454,0.84672,12.849,0.84672,3695.15,0,0,0,0.323508,1.55531,3.47703,1.40595,3.9499,0.42336,0,0.42336,460.49,0,1.02816,0,0,1.35167,0.323508,1.028160,1,0,16.6416,0,0,0,16.6416,0
51.8593,2.36042,0,0,1.30529,0.105345,0.36288,3.6288,61.308,0.275087,0,0,0.956051,0.289624,0.391339,0.66528,12.849,1,0.568144,0.36288,0,30.2997,5.28322,24.8112,0.84672,12.849,0.84672,3695.15,0,0,0,0.492523,1.5555,3.86669,1.38359,4.53113,0.42336,0,0.42336,460.49,0,1.02816,0,0,1.52068,0.492523,1.028160,1,0,29.7337,0,0,0,29.7337,0
51.1498,2.2684,0,0,1.94962,0.0277931,0.36288,3.6288,61.308,0.227068,0,0,1.58285,0.363919,0.991861,0.66528,12.849,1,0.562033,0.36288,0,45.3355,6.20538,38.9309,0.84672,12.849,0.84672,3695.15,0,0,0,1.18166,1.5557,6.39053,1.59138,7.53651,0.42336,0,0.42336,460.49,0,1.02816,0,0,2.20982,1.18166,1.028160,1,0,47.4593,0,0,0,47.4593,0
50.2791,2.26252,0,0,1.86521,0.110528,0.36288,3.6288,61.308,0.227204,0,0,1.80179,0.300487,1.2741,0.66528,12.849,1,0.568353,0.36288,0,43.2368,4.43393,38.5974,0.84672,12.849,0.84672,3695.15,0,0,0,1.36865,1.50021,6.60701,1.15059,8.32529,0.42336,0,0.42336,460.49,0,1.02816,0,0,2.39681,1.36865,1.028160,1,0,48.1968,0,0,0,48.1968,0
49.6637,2.25504,0,0,2.14236,0.13986,0.36288,3.6288,61.308,0.22734,0,0,2.45906,0.293535,1.93819,0.66528,12.849,1,0.576283,0.36288,0,43.6935,4.21355,39.2666,0.84672,12.849,0.84672,3695.15,0,0,0,1.93599,1.5004,9.16246,1.12552,11.4733,0.42336,0,0.42336,460.49,0,1.02816,0,0,2.96415,1.93599,1.028160,1,0,52.6781,0,0,0,52.6781,0
48.9634,2.24972,0,0,2.05126,0.138952,0.36288,3.6288,61.308,0.227476,0,0,2.41187,0.293535,1.89086,0.66528,12.849,1,0.582049,0.36288,0,58.2574,4.21355,53.8247,0.84672,12.849,0.84672,3695.15,0,0,0,1.85524,1.50059,9.16004,1.12552,11.3903,0.42336,0,0.42336,460.49,0,1.02816,0,0,2.8834,1.85524,1.028160,1,0,67.1059,0,0,0,67.1059,0
49.3748,2.17934,0,0,3.07708,0.123477,0.36288,3.6288,61.308,0.183747,0,0,3.21445,0.284665,2.74604,0.66528,12.849,1,0.571904,0.36288,0,101.756,3.98445,97.5624,0.84672,12.849,0.84672,3695.15,0,0,0,3.29927,1.50078,13.6513,1.0792,17.3721,0.42336,0,0.42336,460.49,0,1.02816,0,0,4.32743,3.29927,1.028160,1,0,117.681,0,0,0,117.681,0
50.6731,2.18347,0,0,3.98973,0.145047,0.36288,3.6288,61.308,0.183877,0,0,2.72342,0.283442,2.2561,0.66528,12.849,1,0.568213,0.36288,0,106.794,4.16126,102.427,0.84672,12.849,0.84672,3695.15,0,0,0,2.86112,1.4519,14.7757,1.11007,17.9786,0.42336,0,0.42336,460.49,0,1.02816,0,0,3.88928,2.86112,1.028160,1,0,122.662,0,0,0,122.662,0
51.6299,2.19543,0,0,3.71672,0.201604,0.36288,3.6288,61.308,0.184007,0,0,2.00558,0.297579,1.52399,0.66528,12.849,1,0.556687,0.36288,0,49.4322,4.80428,44.4341,0.84672,12.849,0.84672,3695.15,0,0,0,1.1646,1.45208,10.092,1.23358,11.4751,0.42336,0,0.42336,460.49,0,1.02816,0,0,2.19276,1.1646,1.028160,1,0,57.4332,0,0,0,57.4332,0
53.2453,2.20404,0,0,4.386,0.203629,0.36288,3.6288,61.308,0.184137,0,0,2.13425,0.297579,1.65254,0.66528,12.849,1,0.548513,0.36288,0,30.4523,4.80428,25.4624,0.84672,12.849,0.84672,3695.15,0,0,0,2.10494,1.45227,9.98948,1.23358,12.3131,0.42336,0,0.42336,460.49,0,1.02816,0,0,3.1331,2.10494,1.028160,1,0,39.428,0,0,0,39.428,0
55.4168,2.03242,0,0,4.77936,0.212653,0.36288,3.6288,61.308,0.0928573,0,0,2.49891,0.285515,2.12054,0.66528,12.849,1,0.490458,0.36288,0,37.7353,4.70375,32.904,0.84672,12.849,0.84672,3695.15,0,0,0,1.9148,1.45245,10.9364,1.19582,13.1078,0.42336,0,0.42336,460.49,0,1.02816,0,0,2.94296,1.9148,1.028160,1,0,48.1323,0,0,0,48.1323,0
56.911,2.04835,0,0,4.15719,0.251743,0.36288,3.6288,61.308,0.0929742,0,0,2.03007,0.213131,1.72397,0.66528,12.849,1,0.474933,0.36288,0,44.7737,4.10056,40.5611,0.84672,12.849,0.84672,3695.15,0,0,0,1.73862,1.33889,13.2566,0.969296,15.3648,0.42336,0,0.42336,460.49,0,1.02816,0,0,2.76678,1.73862,1.028160,1,0,57.6499,0,0,0,57.6499,0
60.0395,2.05885,0,0,5.80579,0.255505,0.36288,3.6288,61.308,0.093091,0,0,2.4895,0.213131,2.18328,0.66528,12.849,1,0.464835,0.36288,0,70.9241,4.10056,66.7216,0.84672,12.849,0.84672,3695.15,0,0,0,2.17224,1.33905,12.3852,0.969296,14.9272,0.42336,0,0.42336,460.49,0,1.02816,0,0,3.2004,2.17224,1.028160,1,0,83.8321,0,0,0,83.8321,0
60.7404,2.07914,0,0,3.40632,0.263382,0.36288,3.6288,61.308,0.0932078,0,0,1.66028,0.213131,1.35394,0.66528,12.849,1,0.444954,0.36288,0,59.2461,4.10056,55.0635,0.84672,12.849,0.84672,3695.15,0,0,0,1.55076,1.33922,10.7279,0.969296,12.6486,0.42336,0,0.42336,460.49,0,1.02816,0,0,2.57892,1.55076,1.028160,1,0,69.066,0,0,0,69.066,0
60.489,2.08371,0,0,2.4602,0.265012,0.36288,3.6288,61.308,0.0933247,0,0,0.956401,0.213131,0.649946,0.66528,12.849,1,0.440786,0.36288,0,33.7879,4.10056,29.6095,0.84672,12.849,0.84672,3695.15,0,0,0,0.535438,1.33938,10.7807,0.969296,11.6863,0.42336,0,0.42336,460.49,0,1.02816,0,0,1.5636,0.535438,1.028160,1,0,41.9457,0,0,0,41.9457,0
63.6322,2.15558,0,0,5.91475,0.253086,0.36288,3.6288,61.308,0.119927,0,0,1.9356,0.246671,1.569,0.66528,12.849,1,0.457884,0.36288,0,77.9438,5.20146,72.6473,0.84672,12.849,0.84672,3695.15,0,0,0,2.60834,1.33955,17.7101,1.41756,20.2404,0.42336,0,0.42336,460.49,0,1.02816,0,0,3.6365,2.60834,1.028160,1,0,94.4567,0,0,0,94.4567,0
67.0059,2.17472,0,0,6.1518,0.240532,0.36288,3.6288,61.308,0.120042,0,0,2.43378,0.245154,2.06859,0.66528,12.849,1,0.439133,0.36288,0,103.152,5.32182,97.754,0.84672,12.849,0.84672,3695.15,0,0,0,3.23818,1.37677,13.7819,1.49705,16.8998,0.42336,0,0.42336,460.49,0,1.02816,0,0,4.26634,3.23818,1.028160,1,0,116.722,0,0,0,116.722,0
70.1197,2.19361,0,0,5.91744,0.247122,0.36288,3.6288,61.308,0.120156,0,0,2.17101,0.245154,1.8057,0.66528,12.849,1,0.420644,0.36288,0,105.051,5.32182,99.6716,0.84672,12.849,0.84672,3695.15,0,0,0,3.13217,1.37694,12.8533,1.49705,15.8654,0.42336,0,0.42336,460.49,0,1.02816,0,0,4.16033,3.13217,1.028160,1,0,117.343,0,0,0,117.343,0
71.8319,2.20973,0,0,4.55192,0.267196,0.36288,3.6288,61.308,0.120271,0,0,1.68196,0.240357,1.32133,0.66528,12.849,1,0.404919,0.36288,0,90.2854,5.10855,85.1348,0.84672,12.849,0.84672,3695.15,0,0,0,2.07795,1.3771,8.34304,1.43655,10.3615,0.42336,0,0.42336,460.49,0,1.02816,0,0,3.10611,2.07795,1.028160,1,0,96.8177,0,0,0,96.8177,0
72.29,2.45963,0,0,3.96719,0.336939,0.712492,3.6288,61.308,0.219874,0,0,1.47872,0.220475,1.03837,0.66528,12.849,1,0.439969,0.712492,0,73.0979,3.99528,69.3751,0.84672,12.849,0.84672,3695.15,0,0,0,2.85974,1.37726,7.56199,1.11189,10.6871,0.42336,0,0.42336,460.49,0,1.02816,0,0,3.8879,2.85974,1.028160,1,0,81.1006,0,0,0,81.1006,0
72.29,2.46237,0,0,3.27878,0.290845,0.525563,3.6288,61.308,0.220003,0,0,1.82589,0.242733,1.36316,0.66528,12.849,1,0.437667,0.525563,0,51.9492,4.41116,47.626,0.84672,12.849,0.84672,3695.15,0,0,0,2.14739,1.50762,8.02665,1.20774,10.4739,0.42336,0,0.42336,460.49,0,1.02816,0,0,3.17555,2.14739,1.028160,1,0,59.463,0,0,0,59.463,0
72.29,2.46274,0,0,3.96801,0.290845,1.21443,3.6288,61.308,0.220131,0,0,1.67473,0.242733,1.21187,0.66528,12.849,1,0.437733,1.21443,0,55.2084,4.41116,51.5739,0.84672,12.849,0.84672,3695.15,0,0,0,1.72277,1.5078,11.6256,1.20774,13.6484,0.42336,0,0.42336,460.49,0,1.02816,0,0,2.75093,1.72277,1.028160,1,0,66.4342,0,0,0,66.4342,0
72.29,2.46311,0,0,4.97478,0.290777,2.2209,3.6288,61.308,0.220259,0,0,2.58352,0.234897,2.12837,0.66528,12.849,1,0.437798,2.2209,0,143.389,4.34532,140.826,0.84672,12.849,0.84672,3695.15,0,0,0,2.76195,1.50798,17.47,1.17597,20.5639,0.42336,0,0.42336,460.49,0,1.02816,0,0,3.79011,2.76195,1.028160,1,0,163.519,0,0,0,163.519,0
72.29,2.11867,0,0,4.7027,0.288332,2.2957,3.6288,61.308,0.0867997,0,0,1.75706,0.187071,1.48319,0.66528,12.849,1,0.376577,2.2957,0,108.255,3.78492,106.39,0.84672,12.849,0.84672,3695.15,0,0,0,1.86904,1.50816,10.6988,0.906622,13.1694,0.42336,0,0.42336,460.49,0,1.02816,0,0,2.8972,1.86904,1.028160,1,0,121.042,0,0,0,121.042,0
72.29,2.11899,0,0,5.87987,0.283235,3.47765,3.6288,61.308,0.0869099,0,0,1.57758,0.185055,1.30561,0.66528,12.849,1,0.376634,3.47765,0,66.6196,3.37145,66.3492,0.84672,12.849,0.84672,3695.15,0,0,0,2.72105,1.32903,15.2366,0.709793,18.5768,0.42336,0,0.42336,460.49,0,1.02816,0,0,3.74921,2.72105,1.028160,1,0,86.2316,0,0,0,86.2316,0
72.29,2.11931,0,0,5.6613,0.283235,3.25875,3.6288,61.308,0.08702,0,0,1.62673,0.185055,1.35466,0.66528,12.849,1,0.376691,3.25875,0,98.6809,3.37145,98.1915,0.84672,12.849,0.84672,3695.15,0,0,0,1.54174,1.32918,11.6118,0.709793,13.7729,0.42336,0,0.42336,460.49,0,1.02816,0,0,2.5699,1.54174,1.028160,1,0,113.319,0,0,0,113.319,0
72.29,2.11963,0,0,4.01735,0.283235,1.61448,3.6288,61.308,0.0871302,0,0,2.74553,0.185055,2.47335,0.66528,12.849,1,0.376749,1.61448,0,80.2215,3.37145,78.0878,0.84672,12.849,0.84672,3695.15,0,0,0,1.46492,1.32934,8.44197,0.709793,10.5264,0.42336,0,0.42336,460.49,0,1.02816,0,0,2.49308,1.46492,1.028160,1,0,91.0876,0,0,0,91.0876,0
72.29,2.11995,0,0,5.80642,0.259765,3.4267,3.6288,61.308,0.0872403,0,0,3.46781,0.189214,3.19136,0.66528,12.849,1,0.376806,3.4267,0,105.388,3.43252,105.005,0.84672,12.849,0.84672,3695.15,0,0,0,2.01392,1.3295,11.2812,0.719823,13.9048,0.42336,0,0.42336,460.49,0,1.02816,0,0,3.04208,2.01392,1.028160,1,0,122.102,0,0,0,122.102,0
72.29,2.20713,0,0,4.34093,0.308119,1.82569,3.6288,61.308,0.120053,0,0,2.66936,0.18512,2.36419,0.66528,12.849,1,0.3923,1.82569,0,81.557,3.18058,79.8098,0.84672,12.849,0.84672,3695.15,0,0,0,2.08839,1.32965,12.053,0.631598,14.8394,0.42336,0,0.42336,460.49,0,1.02816,0,0,3.11655,2.08839,1.028160,1,0,97.0134,0,0,0,97.0134,0
72.29,2.20746,0,0,3.568,0.312207,1.04833,3.6288,61.308,0.120168,0,0,2.14038,0.182366,1.83784,0.66528,12.849,1,0.39236,1.04833,0,56.3951,3.2004,53.8507,0.84672,12.849,0.84672,3695.15,0,0,0,1.81964,1.37424,10.912,0.629125,13.4767,0.42336,0,0.42336,460.49,0,1.02816,0,0,2.8478,1.81964,1.028160,1,0,69.1652,0,0,0,69.1652,0
72.29,2.2078,0,0,3.56795,0.312207,1.04794,3.6288,61.308,0.120282,0,0,2.03788,0.182366,1.73523,0.66528,12.849,1,0.392419,1.04794,0,68.6582,3.2004,66.1133,0.84672,12.849,0.84672,3695.15,0,0,0,1.69669,1.3744,10.2425,0.629125,12.6844,0.42336,0,0.42336,460.49,0,1.02816,0,0,2.72485,1.69669,1.028160,1,0,80.533,0,0,0,80.533,0
72.29,2.20813,0,0,2.99459,0.312207,0.474252,3.6288,61.308,0.120397,0,0,1.64347,0.182366,1.34071,0.66528,12.849,1,0.392479,0.474252,0,46.9131,3.2004,43.7945,0.84672,12.849,0.84672,3695.15,0,0,0,1.99021,1.37457,8.25828,0.629125,10.9939,0.42336,0,0.42336,460.49,0,1.02816,0,0,3.01837,1.99021,1.028160,1,0,56.1291,0,0,0,56.1291,0
72.29,2.17449,0,0,3.41052,0.286749,0.949283,3.6288,61.308,0.107804,0,0,1.5352,0.17067,1.25672,0.66528,12.849,1,0.386499,0.949283,0,57.8553,3.57837,54.8397,0.84672,12.849,0.84672,3695.15,0,0,0,2.02357,1.37473,8.17102,0.757687,10.8116,0.42336,0,0.42336,460.49,0,1.02816,0,0,3.05173,2.02357,1.028160,1,0,66.908,0,0,0,66.908,0
72.2133,2.17482,0,0,2.74086,0.279844,0.36288,3.6288,61.308,0.107917,0,0,1.38675,0.184177,1.09466,0.66528,12.849,1,0.386557,0.36288,0,44.927,4.15451,40.7489,0.84672,12.849,0.84672,3695.15,0,0,0,1.13791,1.35757,7.20645,0.893568,8.80837,0.42336,0,0.42336,460.49,0,1.02816,0,0,2.16607,1.13791,1.028160,1,0,50.6519,0,0,0,50.6519,0
71.8629,2.1748,0,0,2.44564,0.258419,0.36288,3.6288,61.308,0.10803,0,0,1.16313,0.214261,0.840844,0.66528,12.849,1,0.386964,0.36288,0,39.9194,4.47063,35.4247,0.84672,12.849,0.84672,3695.15,0,0,0,0.977115,1.35773,6.54316,0.918464,7.95954,0.42336,0,0.42336,460.49,0,1.02816,0,0,2.00527,0.977115,1.028160,1,0,44.2251,0,0,0,44.2251,0
71.4264,2.17353,0,0,2.30165,0.201735,0.36288,3.6288,61.308,0.108143,0,0,1.15677,0.24042,0.808204,0.66528,12.849,1,0.388624,0.36288,0,37.2275,4.70127,32.5005,0.84672,12.849,0.84672,3695.15,0,0,0,0.946581,1.35789,6.51154,0.932236,7.88378,0.42336,0,0.42336,460.49,0,1.02816,0,0,1.97474,0.946581,1.028160,1,0,41.1925,0,0,0,41.1925,0
70.8607,2.28703,0,0,2.27937,0.195082,0.36288,3.6288,61.308,0.153347,0,0,1.15601,0.23596,0.766708,0.66528,12.849,1,0.411417,0.36288,0,36.2242,4.73871,31.437,0.84672,12.849,0.84672,3695.15,0,0,0,1.01071,1.35805,7.14096,0.945743,8.56398,0.42336,0,0.42336,460.49,0,1.02816,0,0,2.03887,1.01071,1.028160,1,0,40.7677,0,0,0,40.7677,0
70.4019,2.28459,0,0,2.34713,0.1585,0.36288,3.6288,61.308,0.153466,0,0,1.0779,0.209205,0.71523,0.66528,12.849,1,0.414259,0.36288,0,33.2944,4.96335,28.2797,0.84672,12.849,0.84672,3695.15,0,0,0,0.903925,1.41852,5.94084,1.02679,7.2365,0.42336,0,0.42336,460.49,0,1.02816,0,0,1.93209,0.903925,1.028160,1,0,36.2314,0,0,0,36.2314,0
69.6442,2.28265,0,0,2.04578,0.157942,0.36288,3.6288,61.308,0.153585,0,0,0.923944,0.209205,0.561154,0.66528,12.849,1,0.416605,0.36288,0,29.3234,4.96335,24.3063,0.84672,12.849,0.84672,3695.15,0,0,0,0.650264,1.41869,5.20045,1.02679,6.24262,0.42336,0,0.42336,460.49,0,1.02816,0,0,1.67842,0.650264,1.028160,1,0,31.1101,0,0,0,31.1101,0
68.6303,2.27917,0,0,1.78511,0.157021,0.36288,3.6288,61.308,0.153704,0,0,0.849528,0.209205,0.486619,0.66528,12.849,1,0.420495,0.36288,0,27.6575,4.96335,22.6365,0.84672,12.849,0.84672,3695.15,0,0,0,0.69406,1.41886,5.33446,1.02679,6.42059,0.42336,0,0.42336,460.49,0,1.02816,0,0,1.72222,0.69406,1.028160,1,0,29.5437,0,0,0,29.5437,0
67.4633,2.27428,0,0,1.62602,0.155788,0.36288,3.6288,61.308,0.153823,0,0,0.765616,0.209205,0.402588,0.66528,12.849,1,0.425792,0.36288,0,25.3169,4.96335,20.2907,0.84672,12.849,0.84672,3695.15,0,0,0,0.555181,1.41903,5.07432,1.02679,6.02174,0.42336,0,0.42336,460.49,0,1.02816,0,0,1.58334,0.555181,1.028160,1,0,26.715,0,0,0,26.715,0
66.3955,2.24584,0,0,1.66917,0.128308,0.36288,3.6288,61.308,0.178742,0,0,0.683018,0.246895,0.257381,0.66528,12.849,1,0.427741,0.36288,0,27.0434,5.21092,21.7676,0.84672,12.849,0.84672,3695.15,0,0,0,0.389819,1.41919,4.33608,1.12146,5.02363,0.42336,0,0.42336,460.49,0,1.02816,0,0,1.41798,0.389819,1.028160,1,0,27.0486,0,0,0,27.0486,0
65.2049,2.24042,0,0,1.54091,0.128215,0.36288,3.6288,61.308,0.178865,0,0,0.677411,0.247414,0.251131,0.66528,12.849,1,0.43357,0.36288,0,27.0162,5.13807,21.8075,0.84672,12.849,0.84672,3695.15,0,0,0,0.418478,1.43348,4.10589,1.1061,4.85176,0.42336,0,0.42336,460.49,0,1.02816,0,0,1.44664,0.418478,1.028160,1,0,26.9104,0,0,0,26.9104,0
63.8696,2.23414,0,0,1.38876,0.127003,0.36288,3.6288,61.308,0.205988,0,0,0.630824,0.247414,0.177422,0.66528,12.849,1,0.44025,0.36288,0,25.0399,5.13807,19.8245,0.84672,12.849,0.84672,3695.15,0,0,0,0.261274,1.43365,3.90933,1.1061,4.49816,0.42336,0,0.42336,460.49,0,1.00116,0,0,1.26243,0.261274,1.028160,1,0,24.5001,0,0,0,24.5001,0
62.5045,2.22681,0,0,1.32799,0.103363,0.36288,3.6288,61.308,0.222068,0,0,0.59639,0.30226,0.0720618,0.66528,12.849,1,0.44798,0.36288,0,22.5749,5.84382,16.646,0.84672,12.849,0.84672,3695.15,0,0,0,0.261274,1.43382,3.71428,1.36371,4.04566,0.42336,0,0.42336,460.49,0,0.985202,0,0,1.24648,0.261274,1.028160,1,0,20.7637,0,0,0,20.7637,0
60.9302,2.27667,0,0,1.1591,0.0938794,0.36288,3.6288,61.0503,0.424276,0,0,0.488463,0.321859,0,0.66528,12.849,1,0.468014,0.36288,0,19.2364,6.05255,13.0788,0.84672,12.849,0.84672,3695.15,0,0,0,0.261274,1.43399,3.13989,1.48288,3.35227,0.42336,0,0.42336,460.49,0,0.805231,0,0,1.0665,0.261274,1.028160,1,0,16.431,0,0,0,16.431,0
59.4802,2.26703,0,0,1.27316,0.0932921,0.36288,3.6288,60.853,0.408677,0,0,0.529564,0.318221,0,0.66528,12.849,1,0.478072,0.36288,0,23.2522,5.95445,17.1826,0.84672,12.849,0.84672,3695.15,0,0,0,0.261274,1.46427,2.95087,1.50438,3.17203,0.42336,0,0.42336,460.49,0,0.820956,0,0,1.08223,0.261274,1.028160,1,0,20.3546,0,0,0,20.3546,0
57.9395,2.25778,0,0,1.17202,0.0920773,0.36288,3.6288,60.6748,0.309322,0,0,0.448945,0.317823,0,0.66528,12.849,1,0.48773,0.36288,0,19.0992,5.95445,13.0199,0.84672,12.849,0.84672,3695.15,0,0,0,0.227405,1.46445,2.85323,1.50438,3.0407,0.42336,0,0.42336,460.49,0,0.920437,0,0,1.14784,0.227405,1.028160,1,0,16.0606,0,0,0,16.0606,0
56.3115,2.24751,0,0,1.07317,0.0907138,0.36288,3.6288,60.2971,0.476087,0,0,0.415816,0.317464,0,0.66528,12.849,1,0.49842,0.36288,0,18.1536,5.95445,12.0636,0.84672,12.849,0.84672,3695.15,0,0,0,0.227405,1.46462,2.50798,1.50438,2.69562,0.42336,0,0.42336,460.49,0,0.753797,0,0,0.981202,0.227405,1.028160,1,0,14.7592,0,0,0,14.7592,0
54.5999,2.40189,0,0,1.13388,0.0807026,0.36288,3.6288,60.0927,0.359818,0,0,0.477349,0.32185,0,0.66528,12.849,1,0.548057,0.36288,0,17.8046,6.10399,11.5154,0.84672,12.849,0.84672,3695.15,0,0,0,0.227405,1.46479,3.3177,1.53426,3.47563,0.42336,0,0.42336,460.49,0,0.950054,0,0,1.17746,0.227405,1.028160,1,0,14.9911,0,0,0,14.9911,0
52.3855,2.38834,0,0,0.607544,0.0707438,0.36288,3.6288,59.3215,0.780896,0,0,0.310904,0.301266,0,0.66528,12.849,1,0.562049,0.36288,0,12.3829,5.45118,6.73259,0.84672,12.849,0.84672,3695.15,0,0,0,0.227405,1.56483,2.24288,1.45453,2.58059,0.42336,0,0.42336,460.49,0,0.529114,0,0,0.756518,0.227405,1.028160,1,0,9.31318,0,0,0,9.31318,0
50.1585,2.36962,0,0,0.574635,0.0691641,0.36288,3.6288,58.5023,0.805302,0,0,0.285949,0.299786,0,0.66528,12.849,1,0.581215,0.36288,0,11.1286,5.45118,5.45906,0.84672,12.849,0.84672,3695.15,0,0,0,0.204422,1.56502,2.21744,1.45453,2.53235,0.42336,0,0.42336,460.49,0,0.504844,0,0,0.709266,0.204422,1.028160,1,0,7.99141,0,0,0,7.99141,0
48.1721,2.34943,0,0,0.793542,0.0675753,0.36288,3.6288,57.811,0.709794,0,0,0.31668,0.298214,0,0.66528,12.849,1,0.601848,0.36288,0,11.937,5.45118,6.24688,0.84672,12.849,0.84672,3695.15,0,0,0,0.204422,1.5652,2.47194,1.45453,2.78704,0.42336,0,0.42336,460.49,0,0.600489,0,0,0.804911,0.204422,1.028160,1,0,9.03391,0,0,0,9.03391,0
46.5457,2.33018,0,0,1.15534,0.0887164,0.36288,3.6288,57.3336,0.609274,0,0,0.421538,0.289679,0,0.66528,12.849,1,0.621532,0.36288,0,19.9193,5.31126,14.3494,0.84672,12.849,0.84672,3695.15,0,0,0,0.204422,1.56539,2.74896,1.43217,3.08661,0.42336,0,0.42336,460.49,0,0.701145,0,0,0.905567,0.204422,1.028160,1,0,17.436,0,0,0,17.436,0
44.6187,2.23569,0,0,0.733489,0.0618923,0.36288,3.6288,56.7741,0.63812,0,0,0.361135,0.282491,0,0.66528,12.849,1,0.617165,0.36288,0,12.6573,5.01886,7.3841,0.84672,12.849,0.84672,3695.15,0,0,0,0.204422,1.56558,2.14071,1.28738,2.62333,0.42336,0,0.42336,460.49,0,0.623929,0,0,0.828351,0.204422,1.028160,1,0,10.0074,0,0,0,10.0074,0
42.4151,2.21533,0,0,0.428294,0.0536766,0.36288,3.6288,55.9518,0.824373,0,0,0.283561,0.281553,0,0.66528,12.8482,1,0.637955,0.36288,0,8.30183,4.82213,3.20544,0.84672,12.8482,0.84672,3695.15,0,0,0,0.216518,1.50968,1.84173,1.23217,2.33576,0.42336,0,0.42336,460.49,0,0.437806,0,0,0.654324,0.216518,1.028160,1,0,5.5412,0,0,0,5.5412,0
40.3813,2.19025,0,0,0.61601,0.0966975,0.36288,3.6288,55.3229,0.741498,0,0,0.348786,0.236102,0,0.66528,12.849,1,0.66346,0.36288,0,9.68933,4.19923,5.1887,0.84672,12.849,0.84672,3695.15,0,0,0,0.216518,1.50986,2.02663,1.03747,2.71554,0.42336,0,0.42336,460.49,0,0.520811,0,0,0.737329,0.216518,1.028160,1,0,7.90425,0,0,0,7.90425,0
39.206,2.16519,0,0,1.50496,0.152162,0.36288,3.6288,55.5583,0.304557,0,0,0.71671,0.17678,0,0.66528,12.849,1,0.688947,0.36288,0,29.2208,3.36872,25.526,0.84672,12.849,0.84672,3695.15,0,0,0,0.216518,1.51005,5.3981,0.777882,6.34678,0.42336,0,0.42336,460.49,0,0.957882,0,0,1.1744,0.216518,1.028160,1,0,31.8728,0,0,0,31.8728,0
37.3811,2.08854,0,0,0.76489,0.138449,0.36288,3.6288,55.0655,0.671955,0,0,0.365253,0.186084,0,0.66528,12.849,1,0.684477,0.36288,0,15.4317,3.62693,11.4832,0.84672,12.849,0.84672,3695.15,0,0,0,0.216518,1.51023,2.19813,0.845427,3.07945,0.42336,0,0.42336,460.49,0,0.546437,0,0,0.762955,0.216518,1.028160,1,0,14.5627,0,0,0,14.5627,0
35.58,2.06398,0,0,0.760149,0.134372,0.36288,3.6288,54.3877,0.848425,0,0,0.374697,0.204062,0,0.66528,12.849,1,0.709452,0.36288,0,12.7066,4.31139,8.04863,0.84672,12.849,0.84672,3695.15,0,0,0,0.216518,1.46099,2.99366,1.06389,3.60727,0.42336,0,0.42336,460.49,0,0.370091,0,0,0.586609,0.216518,1.028160,1,0,11.6559,0,0,0,11.6559,0
33.9113,2.0379,0,0,0.930424,0.198337,0.36288,3.6288,53.4103,1.05519,0,0,0.271112,0.193384,0,0.66528,12.849,1,0.735947,0.36288,0,16.3127,4.40874,11.5309,0.84672,12.849,0.84672,3695.15,0,0,0,0.292723,1.46117,2.71494,1.18791,3.28092,0.42336,0,0.42336,460.49,0,0.163448,0,0,0.456171,0.292723,1.028160,1,0,14.8118,0,0,0,14.8118,0
32.3002,2.01194,0,0,0.958046,0.19435,0.36288,3.6288,53.0037,0.609922,0,0,0.39542,0.192028,0,0.66528,12.849,1,0.762325,0.36288,0,16.5505,4.40874,11.7423,0.84672,12.849,0.84672,3695.15,0,0,0,0.292723,1.46134,3.73577,1.18791,4.30193,0.42336,0,0.42336,460.49,0,0.608843,0,0,0.901566,0.292723,1.028160,1,0,16.0443,0,0,0,16.0443,0
32.6127,1.81925,0,0,2.68517,0.190501,0.36288,3.6288,53.8976,0.0986703,0,0,1.18393,0.191406,0,0.66528,12.849,1,0.723696,0.36288,0,51.2626,4.40874,46.493,0.84672,12.849,0.84672,3695.15,0,0,0,0.801645,1.46151,7.75543,1.18791,8.83068,0.42336,0,0.42336,460.49,0,1.02816,0,0,1.82981,0.801645,1.028160,1,0,55.3237,0,0,0,55.3237,0
34.141,1.8245,0,0,3.91697,0.201284,0.36288,3.6288,54.2064,0.098782,0,0,0.6265,0.218947,0,0.66528,12.849,1,0.71883,0.36288,0,56.5329,4.67135,51.5056,0.84672,12.849,0.84672,3695.15,0,0,0,0.376151,1.34714,5.60231,1.05684,6.26876,0.42336,0,0.42336,460.49,0,1.02816,0,0,1.40431,0.376151,1.028160,1,0,57.7744,0,0,0,57.7744,0
33.8783,1.84816,0,0,2.15349,0.205128,0.36288,3.6288,53.656,0.76121,0,0,0.430256,0.219395,0,0.66528,12.849,1,0.695556,0.36288,0,39.3164,4.67135,34.3124,0.84672,12.849,0.84672,3695.15,0,0,0,0.412474,1.3473,4.39896,1.05684,5.10189,0.42336,0,0.42336,460.49,0,0.365843,0,0,0.778317,0.412474,1.028160,1,0,39.4143,0,0,0,39.4143,0
33.3206,1.84453,0,0,1.85663,0.206961,0.36288,3.6288,52.9398,0.827954,0,0,0.332827,0.221141,0,0.66528,12.849,1,0.699572,0.36288,0,26.8663,4.55352,21.976,0.84672,12.849,0.84672,3695.15,0,0,0,0.412474,1.34745,3.54739,1.05739,4.24992,0.42336,0,0.42336,460.49,0,0.299212,0,0,0.711685,0.412474,1.028160,1,0,26.226,0,0,0,26.226,0
35.2302,1.83635,0,0,4.33188,0.223002,0.36288,3.6288,53.1208,0.122307,0,0,0.524434,0.22105,0,0.66528,12.849,1,0.708131,0.36288,0,38.3035,3.68157,34.2766,0.84672,12.849,0.84672,3695.15,0,0,0,0.412474,1.34761,5.95234,1.01599,6.69644,0.42336,0,0.42336,460.49,0,1.00497,0,0,1.41744,0.412474,1.028160,1,0,40.9731,0,0,0,40.9731,0
38.582,1.89125,0,0,5.82846,0.222517,0.36288,3.6288,54.2833,0.110517,0,0,1.46921,0.196256,0,0.66528,12.849,1,0.689767,0.36288,0,113.606,3.71517,109.564,0.84672,12.849,0.84672,3695.15,0,0,0,1.01566,1.34777,9.54202,0.912557,10.9929,0.42336,0,0.42336,460.49,0,1.02816,0,0,2.04382,1.01566,1.028160,1,0,120.557,0,0,0,120.557,0
40.4424,1.97628,0,0,4.42138,0.221859,0.36288,3.6288,55.4815,0.126011,0,0,1.53034,0.206072,0,0.66528,12.849,1,0.658161,0.36288,0,85.7805,4.04974,81.4355,0.84672,12.849,0.84672,3695.15,0,0,0,0.918536,1.36342,8.42167,0.918868,9.78476,0.42336,0,0.42336,460.49,0,1.02816,0,0,1.9467,0.918536,1.028160,1,0,91.2202,0,0,0,91.2202,0
41.2171,1.79821,0,0,3.16855,0.232726,0.36288,3.6288,56.4764,0.0491763,0,0,1.25188,0.207864,0,0.66528,12.849,1,0.57131,0.36288,0,58.3546,4.02744,54.1188,0.84672,12.849,0.84672,3695.15,0,0,0,0.673713,1.38541,6.9514,0.934071,8.07645,0.42336,0,0.42336,460.49,0,1.02816,0,0,1.70187,0.673713,1.028160,1,0,62.1952,0,0,0,62.1952,0
42.2774,1.80665,0,0,3.50098,0.271174,0.36288,3.6288,57.5879,0.0492758,0,0,1.37098,0.210178,0,0.66528,12.849,1,0.563205,0.36288,0,73.5523,3.89361,69.4584,0.84672,12.849,0.84672,3695.15,0,0,0,0.897281,1.2764,7.41113,1.02529,8.55952,0.42336,0,0.42336,460.49,0,1.02816,0,0,1.92544,0.897281,1.028160,1,0,78.0179,0,0,0,78.0179,0
45.1582,2.01767,0,0,5.52874,0.267393,0.36288,3.6288,58.8524,0.140515,0,0,1.60947,0.204395,0,0.66528,12.849,1,0.613213,0.36288,0,116.739,3.87657,112.612,0.84672,12.849,0.84672,3695.15,0,0,0,1.70521,1.27654,8.30719,1.00936,10.2796,0.42336,0,0.42336,460.49,0,1.02816,0,0,2.73337,1.70521,1.028160,1,0,122.892,0,0,0,122.892,0
50.8702,2.27518,0,0,8.58194,0.231905,0.36288,3.6288,60.8996,0.22665,0,0,2.43566,0.161876,0,0.66528,12.849,1,0.647364,0.36288,0,211.095,3.77433,207.036,0.84672,12.849,0.84672,3695.15,0,0,0,3.7087,1.39595,11.0016,0.913787,15.1924,0.42336,0,0.42336,460.49,0,1.02816,0,0,4.73686,3.7087,1.028160,1,0,222.229,0,0,0,222.229,0
53.9624,2.33354,0,0,6.03545,0.246787,0.36288,3.6288,61.308,0.226773,0,0,1.59201,0.164004,0.79281,0.66528,12.849,1,0.589416,0.36288,0,123.48,3.77433,119.479,0.84672,12.849,0.84672,3695.15,0,0,0,1.218,1.51715,6.13867,0.913787,7.96003,0.42336,0,0.42336,460.49,0,1.02816,0,0,2.24616,1.218,1.028160,1,0,128.232,0,0,0,128.232,0
56.0005,2.36116,0,0,5.01694,0.254783,0.36288,3.6288,61.308,0.226895,0,0,1.37775,0.164429,0.986428,0.66528,12.849,1,0.562216,0.36288,0,86.7059,3.77433,82.7322,0.84672,12.849,0.84672,3695.15,0,0,0,0.829604,1.51732,5.01032,0.913787,6.44346,0.42336,0,0.42336,460.49,0,1.02816,0,0,1.85776,0.829604,1.028160,1,0,90.1621,0,0,0,90.1621,0
58.0326,2.04552,0,0,4.68024,0.239753,0.36288,3.6288,61.308,0.0924936,0,0,1.41898,0.201381,1.12511,0.66528,12.849,1,0.469332,0.36288,0,81.2305,3.88895,77.2351,0.84672,12.849,0.84672,3695.15,0,0,0,0.99246,1.5175,6.43021,1.0044,7.93576,0.42336,0,0.42336,460.49,0,1.02816,0,0,2.02062,0.99246,1.028160,1,0,86.296,0,0,0,86.296,0
58.6909,2.05927,0,0,3.35284,0.272412,0.36288,3.6288,61.308,0.0925987,0,0,1.05038,0.186383,0.7714,0.66528,12.849,1,0.455942,0.36288,0,61.4382,4.12041,57.2247,0.84672,12.849,0.84672,3695.15,0,0,0,0.754229,1.3371,4.32771,1.1468,5.27224,0.42336,0,0.42336,460.49,0,1.02816,0,0,1.78239,0.754229,1.028160,1,0,63.2683,0,0,0,63.2683,0
60.1486,2.06376,0,0,4.15849,0.27416,0.36288,3.6288,61.308,0.0927038,0,0,2.55668,0.186383,2.27759,0.66528,12.849,1,0.451812,0.36288,0,98.1357,4.12041,93.9264,0.84672,12.849,0.84672,3695.15,0,0,0,1.19883,1.33725,6.64638,1.1468,8.03566,0.42336,0,0.42336,460.49,0,1.02816,0,0,2.22699,1.19883,1.028160,1,0,104.24,0,0,0,104.24,0
60.4633,2.07308,0,0,3.02871,0.27803,0.36288,3.6288,61.308,0.0928089,0,0,1.06888,0.186383,0.789688,0.66528,12.849,1,0.442853,0.36288,0,49.8797,4.12041,45.6793,0.84672,12.849,0.84672,3695.15,0,0,0,0.600877,1.3374,3.67583,1.1468,4.4673,0.42336,0,0.42336,460.49,0,1.02816,0,0,1.62904,0.600877,1.028160,1,0,50.9363,0,0,0,50.9363,0
62.1617,1.86531,0,0,4.20275,0.27616,0.36288,3.6288,61.308,0.0189691,0,0,1.63522,0.164818,1.45143,0.66528,12.849,1,0.396395,0.36288,0,79.0537,4.08921,74.9309,0.84672,12.849,0.84672,3695.15,0,0,0,1.30611,1.33755,11.2044,1.06252,12.7856,0.42336,0,0.42336,460.49,0,1.02816,0,0,2.33427,1.30611,1.028160,1,0,89.1679,0,0,0,89.1679,0
63.6178,2.17092,0,0,4.28531,0.29538,0.36288,3.6288,61.308,0.12595,0,0,1.86546,0.15402,1.58549,0.66528,12.849,1,0.448736,0.36288,0,77.6753,3.89774,73.6917,0.84672,12.849,0.84672,3695.15,0,0,0,1.22116,1.23286,8.53416,0.980261,10.0079,0.42336,0,0.42336,460.49,0,1.02816,0,0,2.24932,1.22116,1.028160,1,0,85.2851,0,0,0,85.2851,0
65.1077,2.17978,0,0,4.33847,0.305931,0.36288,3.6288,61.308,0.126059,0,0,1.81956,0.15617,1.53733,0.66528,12.849,1,0.440254,0.36288,0,70.6847,3.8305,66.7768,0.84672,12.849,0.84672,3695.15,0,0,0,0.958262,1.38259,7.62324,0.972637,8.99146,0.42336,0,0.42336,460.49,0,1.02816,0,0,1.98642,0.958262,1.028160,1,0,77.3056,0,0,0,77.3056,0
66.1848,2.18851,0,0,3.93811,0.309633,0.36288,3.6288,61.308,0.126168,0,0,1.58972,0.15617,1.30738,0.66528,12.849,1,0.431902,0.36288,0,79.4768,3.8305,75.5772,0.84672,12.849,0.84672,3695.15,0,0,0,0.762178,1.38274,6.74307,0.972637,7.91535,0.42336,0,0.42336,460.49,0,1.02816,0,0,1.79034,0.762178,1.028160,1,0,84.8,0,0,0,84.8,0
67.0861,1.9736,0,0,3.55013,0.312309,0.36288,3.6288,61.308,0.0493195,0,0,1.28533,0.15617,1.07984,0.66528,12.849,1,0.383152,0.36288,0,58.2941,3.8305,54.4433,0.84672,12.849,0.84672,3695.15,0,0,0,1.12758,1.3829,5.62881,0.972637,7.16666,0.42336,0,0.42336,460.49,0,1.02816,0,0,2.15574,1.12758,1.028160,1,0,62.6898,0,0,0,62.6898,0
67.6513,2.16601,0,0,3.35757,0.263501,0.36288,3.6288,61.308,0.113591,0,0,1.15525,0.121537,0.920127,0.66528,12.849,1,0.414856,0.36288,0,59.2886,3.13453,56.1021,0.84672,12.849,0.84672,3695.15,0,0,0,0.821975,1.27412,4.4081,0.942071,5.56212,0.42336,0,0.42336,460.49,0,1.02816,0,0,1.85014,0.821975,1.028160,1,0,62.5844,0,0,0,62.5844,0
67.3731,2.16923,0,0,2.51094,0.257009,0.36288,3.6288,61.308,0.258419,0,0,1.10133,0.154726,0.688188,0.66528,12.849,1,0.412002,0.36288,0,45.9129,3.67271,42.191,0.84672,12.849,0.84672,3695.15,0,0,0,0.528595,1.36577,3.59539,1.09761,4.39215,0.42336,0,0.42336,460.49,0,0.88344,0,0,1.41204,0.528595,1.028160,1,0,47.2714,0,0,0,47.2714,0
66.8849,2.16812,0,0,2.25847,0.215751,0.36288,3.6288,61.308,0.359407,0,0,0.913464,0.187861,0.366196,0.66528,12.849,1,0.41349,0.36288,0,41.1874,3.99878,37.138,0.84672,12.849,0.84672,3695.15,0,0,0,0.528595,1.36592,3.29317,1.12109,4.0666,0.42336,0,0.42336,460.49,0,0.782559,0,0,1.31115,0.528595,1.028160,1,0,41.5708,0,0,0,41.5708,0
66.358,2.1659,0,0,2.17643,0.174515,0.36288,3.6288,61.308,0.178766,0,0,0.955558,0.20748,0.569312,0.66528,12.849,1,0.416082,0.36288,0,39.4456,4.17175,35.2206,0.84672,12.849,0.84672,3695.15,0,0,0,0.402797,1.36608,3.49687,1.13142,4.13432,0.42336,0,0.42336,460.49,0,0.963308,0,0,1.3661,0.402797,1.028160,1,0,39.9243,0,0,0,39.9243,0
65.5594,2.27808,0,0,2.0161,0.173787,0.36288,3.6288,61.308,0.308482,0,0,0.886922,0.20748,0.370959,0.66528,12.849,1,0.441109,0.36288,0,35.9929,4.17175,31.7429,0.84672,12.849,0.84672,3695.15,0,0,0,0.402797,1.36623,3.43198,1.13142,4.06959,0.42336,0,0.42336,460.49,0,0.879103,0,0,1.2819,0.402797,1.028160,1,0,36.1834,0,0,0,36.1834,0
64.7325,2.27391,0,0,1.99333,0.183433,0.36288,3.6288,61.308,0.15972,0,0,0.978877,0.216409,0.602749,0.66528,12.849,1,0.445665,0.36288,0,36.8163,4.2545,32.4791,0.84672,12.849,0.84672,3695.15,0,0,0,0.402797,1.4271,3.27124,1.1108,3.99035,0.42336,0,0.42336,460.49,0,1.02798,0,0,1.43078,0.402797,1.028160,1,0,37.0722,0,0,0,37.0722,0
63.7438,2.26949,0,0,1.82593,0.18222,0.36288,3.6288,61.308,0.300674,0,0,0.895389,0.216409,0.378306,0.66528,12.849,1,0.45048,0.36288,0,33.035,4.2545,28.6929,0.84672,12.849,0.84672,3695.15,0,0,0,0.402797,1.42727,3.12461,1.1108,3.84388,0.42336,0,0.42336,460.49,0,0.887138,0,0,1.28993,0.402797,1.028160,1,0,32.915,0,0,0,32.915,0
62.6728,2.264,0,0,1.69622,0.140382,0.36288,3.6288,61.308,0.24379,0,0,0.857192,0.244739,0.368663,0.66528,12.849,1,0.456359,0.36288,0,29.2286,4.57579,24.5593,0.84672,12.849,0.84672,3695.15,0,0,0,0.30119,1.42743,2.98349,1.19289,3.51921,0.42336,0,0.42336,460.49,0,0.944136,0,0,1.24533,0.30119,1.028160,1,0,28.4472,0,0,0,28.4472,0
61.5164,2.25785,0,0,1.59681,0.132489,0.36288,3.6288,61.308,0.330356,0,0,0.818692,0.24946,0.238876,0.66528,12.849,1,0.462897,0.36288,0,28.8001,4.62935,24.0707,0.84672,12.849,0.84672,3695.15,0,0,0,0.30119,1.42759,3.022,1.20657,3.54421,0.42336,0,0.42336,460.49,0,0.857684,0,0,1.15887,0.30119,1.028160,1,0,27.8538,0,0,0,27.8538,0
60.6773,2.22857,0,0,1.86837,0.115967,0.36288,3.6288,61.308,0.184964,0,0,0.891268,0.22348,0.482824,0.66528,12.849,1,0.465484,0.36288,0,34.5736,4.62874,29.8422,0.84672,12.849,0.84672,3695.15,0,0,0,0.614166,1.42775,3.4301,1.14825,4.32376,0.42336,0,0.42336,460.49,0,1.02816,0,0,1.64233,0.614166,1.028160,1,0,34.6488,0,0,0,34.6488,0
59.8447,2.22357,0,0,1.86292,0.109098,0.36288,3.6288,61.308,0.185081,0,0,0.916341,0.213088,0.518173,0.66528,12.849,1,0.470863,0.36288,0,36.327,4.6285,31.5905,0.84672,12.849,0.84672,3695.15,0,0,0,0.858902,1.44212,3.49153,1.12493,4.66763,0.42336,0,0.42336,460.49,0,1.02816,0,0,1.88706,0.858902,1.028160,1,0,36.7763,0,0,0,36.7763,0
58.8507,2.2185,0,0,1.6957,0.108282,0.36288,3.6288,61.308,0.185198,0,0,0.857062,0.213088,0.458777,0.66528,12.849,1,0.476324,0.36288,0,34.8739,4.6285,30.1319,0.84672,12.849,0.84672,3695.15,0,0,0,0.606856,1.44229,3.27998,1.12493,4.20419,0.42336,0,0.42336,460.49,0,1.02816,0,0,1.63502,0.606856,1.028160,1,0,34.7949,0,0,0,34.7949,0
57.7404,2.21221,0,0,1.55923,0.0944509,0.36288,3.6288,61.308,0.185315,0,0,0.818268,0.245995,0.386959,0.66528,12.849,1,0.482996,0.36288,0,30.9169,5.05196,25.7448,0.84672,12.849,0.84672,3695.15,0,0,0,0.598709,1.44245,3.15604,1.27949,3.9177,0.42336,0,0.42336,460.49,0,1.02816,0,0,1.62687,0.598709,1.028160,1,0,30.0494,0,0,0,30.0494,0
56.6458,2.26216,0,0,1.60558,0.0752055,0.36288,3.6288,61.308,0.207697,0,0,0.843091,0.287455,0.347939,0.66528,12.849,1,0.503399,0.36288,0,27.9411,5.63935,22.1612,0.84672,12.849,0.84672,3695.15,0,0,0,0.586691,1.44261,3.06452,1.46199,3.63183,0.42336,0,0.42336,460.49,0,1.02816,0,0,1.61485,0.586691,1.028160,1,0,26.141,0,0,0,26.141,0
55.5234,2.25455,0,0,1.56616,0.0710692,0.36288,3.6288,61.308,0.207817,0,0,0.682102,0.281414,0.192871,0.66528,12.849,1,0.511401,0.36288,0,35.0559,5.69635,29.211,0.84672,12.849,0.84672,3695.15,0,0,0,0.512231,1.47309,3.09451,1.40301,3.67682,0.42336,0,0.42336,460.49,0,1.02816,0,0,1.54039,0.512231,1.028160,1,0,33.0807,0,0,0,33.0807,0
54.3103,2.24648,0,0,1.46648,0.0702812,0.36288,3.6288,61.308,0.207937,0,0,0.634332,0.281414,0.144981,0.66528,12.849,1,0.51987,0.36288,0,28.1465,5.69635,22.2932,0.84672,12.849,0.84672,3695.15,0,0,0,0.483676,1.47326,2.78946,1.40301,3.34338,0.42336,0,0.42336,460.49,0,1.02816,0,0,1.51184,0.483676,1.028160,1,0,25.7815,0,0,0,25.7815,0
52.9757,2.2374,0,0,1.33517,0.0694293,0.36288,3.6288,61.308,0.208057,0,0,0.602207,0.281414,0.112736,0.66528,12.849,1,0.529336,0.36288,0,25.6518,5.69635,19.789,0.84672,12.849,0.84672,3695.15,0,0,0,0.251052,1.47342,2.60194,1.40301,2.9234,0.42336,0,0.42336,460.49,0,1.02816,0,0,1.27921,0.251052,1.028160,1,0,22.8251,0,0,0,22.8251,0
51.7306,2.39197,0,0,1.56757,0.0578396,0.36288,3.6288,61.308,0.288585,0,0,0.752302,0.270833,0.192884,0.66528,12.849,1,0.580162,0.36288,0,26.8143,5.87121,20.7258,0.84672,12.849,0.84672,3695.15,0,0,0,0.825716,1.47359,3.95239,1.45086,4.80084,0.42336,0,0.42336,460.49,0,1.02816,0,0,1.85388,0.825716,1.028160,1,0,25.7196,0,0,0,25.7196,0
50.8383,2.38113,0,0,1.91187,0.0601408,0.36288,3.6288,61.308,0.288715,0,0,0.853338,0.272663,0.291961,0.66528,12.849,1,0.591431,0.36288,0,31.7651,5.6236,25.913,0.84672,12.849,0.84672,3695.15,0,0,0,0.982532,1.5743,3.90169,1.50683,4.95168,0.42336,0,0.42336,460.49,0,1.02816,0,0,2.01069,0.982532,1.028160,1,0,31.1566,0,0,0,31.1566,0
49.6297,2.37317,0,0,1.58826,0.0608245,0.36288,3.6288,61.308,0.288845,0,0,0.738901,0.276326,0.17373,0.66528,12.849,1,0.599802,0.36288,0,39.9785,5.57256,34.169,0.84672,12.849,0.84672,3695.15,0,0,0,0.723237,1.57447,3.51526,1.51134,4.30163,0.42336,0,0.42336,460.49,0,1.02816,0,0,1.7514,0.723237,1.028160,1,0,38.6444,0,0,0,38.6444,0
48.6019,2.36191,0,0,1.75702,0.0600539,0.36288,3.6288,61.308,0.288975,0,0,1.01504,0.276326,0.449734,0.66528,12.849,1,0.611491,0.36288,0,34.2761,5.57256,28.4549,0.84672,12.849,0.84672,3695.15,0,0,0,1.26457,1.57465,4.20076,1.51134,5.52864,0.42336,0,0.42336,460.49,0,1.02816,0,0,2.29273,1.26457,1.028160,1,0,34.4333,0,0,0,34.4333,0
47.4574,2.35201,0,0,1.63184,0.0614418,0.36288,3.6288,61.308,0.289106,0,0,0.815841,0.262537,0.264198,0.66528,12.849,1,0.621807,0.36288,0,32.8843,5.20287,27.4225,0.84672,12.849,0.84672,3695.15,0,0,0,1.08293,1.57483,4.77269,1.36743,6.06302,0.42336,0,0.42336,460.49,0,1.02816,0,0,2.11109,1.08293,1.028160,1,0,33.7497,0,0,0,33.7497,0
46.8611,2.26187,0,0,2.11729,0.0888431,0.36288,3.6288,61.308,0.2404,0,0,0.833017,0.237967,0.35465,0.66528,12.849,1,0.612397,0.36288,0,33.9155,4.58284,29.0832,0.84672,12.849,0.84672,3695.15,0,0,0,1.00761,1.57501,4.95129,1.20079,6.33312,0.42336,0,0.42336,460.49,0,1.02816,0,0,2.03577,1.00761,1.028160,1,0,35.771,0,0,0,35.771,0
46.391,2.25607,0,0,2.2864,0.137525,0.36288,3.6288,61.308,0.240524,0,0,0.941345,0.222937,0.477884,0.66528,12.849,1,0.6186,0.36288,0,36.9521,3.6222,33.0742,0.84672,12.849,0.84672,3695.15,0,0,0,0.814743,1.51873,5.59809,1.00231,6.92925,0.42336,0,0.42336,460.49,0,1.02816,0,0,1.8429,0.814743,1.028160,1,0,40.4813,0,0,0,40.4813,0
46.1174,2.25148,0,0,2.48963,0.148847,0.36288,3.6288,61.308,0.240648,0,0,1.60085,0.219719,1.14049,0.66528,12.849,1,0.623597,0.36288,0,39.5793,3.53315,35.7855,0.84672,12.849,0.84672,3695.15,0,0,0,1.94826,1.5189,7.83622,0.991385,10.312,0.42336,0,0.42336,460.49,0,1.02816,0,0,2.97642,1.94826,1.028160,1,0,47.2379,0,0,0,47.2379,0
45.7688,2.24891,0,0,2.41154,0.148395,0.36288,3.6288,61.308,0.240772,0,0,1.60292,0.219719,1.14243,0.66528,12.849,1,0.626579,0.36288,0,37.9645,3.53315,34.1677,0.84672,12.849,0.84672,3695.15,0,0,0,1.95659,1.51907,7.17492,0.991385,9.65919,0.42336,0,0.42336,460.49,0,1.02816,0,0,2.98475,1.95659,1.028160,1,0,44.9693,0,0,0,44.9693,0
45.4734,2.18139,0,0,2.40959,0.160671,0.36288,3.6288,61.308,0.196421,0,0,1.47879,0.221617,1.06075,0.66528,12.849,1,0.612399,0.36288,0,34.9422,3.58025,31.1125,0.84672,12.849,0.84672,3695.15,0,0,0,1.81504,1.51924,6.77953,0.969486,9.14433,0.42336,0,0.42336,460.49,0,1.02816,0,0,2.8432,1.81504,1.028160,1,0,41.3175,0,0,0,41.3175,0
46.5219,2.1786,0,0,3.82698,0.237,0.36288,3.6288,61.308,0.196539,0,0,1.96615,0.233007,1.53661,0.66528,12.849,1,0.615587,0.36288,0,57.2627,3.86285,53.1472,0.84672,12.849,0.84672,3695.15,0,0,0,3.53791,1.46967,11.2206,0.838091,15.39,0.42336,0,0.42336,460.49,0,1.02816,0,0,4.56607,3.53791,1.028160,1,0,70.0738,0,0,0,70.0738,0
47.2449,2.18979,0,0,3.51539,0.239788,0.36288,3.6288,61.308,0.196657,0,0,1.00812,0.233007,0.57846,0.66528,12.849,1,0.604802,0.36288,0,43.3787,3.86285,39.2739,0.84672,12.849,0.84672,3695.15,0,0,0,0.984139,1.46983,6.5589,0.838091,8.17478,0.42336,0,0.42336,460.49,0,1.02816,0,0,2.0123,0.984139,1.028160,1,0,48.0271,0,0,0,48.0271,0
49.317,2.19737,0,0,4.89207,0.259697,0.36288,3.6288,61.308,0.196776,0,0,1.81278,0.258774,1.35723,0.66528,12.849,1,0.597611,0.36288,0,64.9718,4.41383,60.3233,0.84672,12.849,0.84672,3695.15,0,0,0,2.56835,1.47,10.8376,0.993473,13.8825,0.42336,0,0.42336,460.49,0,1.02816,0,0,3.59651,2.56835,1.028160,1,0,75.563,0,0,0,75.563,0
52.4715,2.03253,0,0,5.82939,0.279416,0.36288,3.6288,61.308,0.104217,0,0,1.84038,0.278099,1.45806,0.66528,12.849,1,0.529554,0.36288,0,84.9269,4.82706,79.9331,0.84672,12.849,0.84672,3695.15,0,0,0,3.10442,1.47017,11.3229,1.11001,14.7875,0.42336,0,0.42336,460.49,0,1.02816,0,0,4.13258,3.10442,1.028160,1,0,96.1787,0,0,0,96.1787,0
55.8201,2.0584,0,0,6.02332,0.253508,0.36288,3.6288,61.308,0.104323,0,0,2.48976,0.167345,2.21809,0.66528,12.849,1,0.504052,0.36288,0,84.3091,3.77919,80.3888,0.84672,12.849,0.84672,3695.15,0,0,0,2.72604,1.35501,8.16131,0.934925,11.3074,0.42336,0,0.42336,460.49,0,1.02816,0,0,3.7542,2.72604,1.028160,1,0,93.9143,0,0,0,93.9143,0
61.6381,2.08328,0,0,8.52035,0.256169,0.36288,3.6288,61.308,0.10443,0,0,6.71884,0.148886,6.46553,0.66528,12.849,1,0.479542,0.36288,0,100.856,3.60454,97.1344,0.84672,12.849,0.84672,3695.15,0,0,0,7.11217,1.35516,15.7512,0.905745,23.3127,0.42336,0,0.42336,460.49,0,1.02816,0,0,8.14033,7.11217,1.028160,1,0,126.913,0,0,0,126.913,0
68.1552,2.12104,0,0,9.27158,0.270593,0.36288,3.6288,61.308,0.104536,0,0,4.00634,0.148886,3.75292,0.66528,12.849,1,0.442149,0.36288,0,125.292,3.60454,121.608,0.84672,12.849,0.84672,3695.15,0,0,0,5.22235,1.35531,14.1522,0.905745,19.8242,0.42336,0,0.42336,460.49,0,1.02816,0,0,6.25051,5.22235,1.028160,1,0,145.185,0,0,0,145.185,0
71.0506,2.15692,0,0,5.70325,0.28797,0.36288,3.6288,61.308,0.104643,0,0,2.69675,0.268159,2.32395,0.66528,12.849,1,0.406635,0.36288,0,111.331,5.28626,106.001,0.84672,12.849,0.84672,3695.15,0,0,0,2.97632,1.35546,8.20653,1.38126,11.1571,0.42336,0,0.42336,460.49,0,1.02816,0,0,4.00448,2.97632,1.028160,1,0,119.482,0,0,0,119.482,0
72.29,2.17095,0,0,5.60788,0.301282,1.89629,3.6288,61.308,0.104643,0,0,3.08431,0.228298,2.75137,0.66528,12.849,1,0.392602,1.89629,0,69.8606,4.29282,67.0715,0.84672,12.849,0.84672,3695.15,0,0,0,4.22497,1.35561,15.0428,1.22262,19.4007,0.42336,0,0.42336,460.49,0,1.02816,0,0,5.25313,4.22497,1.028160,1,0,89.2236,0,0,0,89.2236,0
72.29,2.25322,0,0,3.71314,0.299377,1.16054,3.6288,61.308,0.131601,0,0,2.45461,0.14985,2.17316,0.66528,12.849,1,0.400492,1.16054,0,100.08,2.39946,98.4403,0.84672,12.849,0.84672,3695.15,0,0,0,4.01618,1.35561,15.7184,0.823419,20.2668,0.42336,0,0.42336,460.49,0,1.02816,0,0,5.04434,4.01618,1.028160,1,0,120.88,0,0,0,120.88,0
72.29,2.25352,0,0,2.95658,0.299377,0.403683,3.6288,61.308,0.131705,0,0,1.98607,0.14985,1.70451,0.66528,12.849,1,0.400547,0.403683,0,76.9211,2.39946,74.5248,0.84672,12.849,0.84672,3695.15,0,0,0,2.99443,1.39334,11.8415,0.823419,15.4058,0.42336,0,0.42336,460.49,0,1.02816,0,0,4.02259,2.99443,1.028160,1,0,91.6351,0,0,0,91.6351,0
71.6917,2.25383,0,0,2.31776,0.299377,0.36288,3.6288,61.308,0.131809,0,0,1.77232,0.14985,1.49066,0.66528,12.849,1,0.400601,0.36288,0,44.0599,2.39946,41.6227,0.84672,12.849,0.84672,3695.15,0,0,0,2.52366,1.39348,9.88485,0.823419,12.9786,0.42336,0,0.42336,460.49,0,1.02816,0,0,3.55182,2.52366,1.028160,1,0,56.0919,0,0,0,56.0919,0
71.0519,2.2513,0,0,2.29628,0.321889,0.36288,3.6288,61.308,0.131913,0,0,1.71349,0.140314,1.44127,0.66528,12.849,1,0.40349,0.36288,0,46.5399,2.61291,43.8864,0.84672,12.849,0.84672,3695.15,0,0,0,2.37728,1.39363,9.71793,0.817473,12.6714,0.42336,0,0.42336,460.49,0,1.02816,0,0,3.40544,2.37728,1.028160,1,0,57.999,0,0,0,57.999,0
70.1377,2.49282,0,0,2.2998,0.358257,0.36288,3.6288,61.308,0.232873,0,0,1.49049,0.135007,1.12261,0.66528,12.849,1,0.4508,0.36288,0,50.5945,3.43733,47.0692,0.84672,12.849,0.84672,3695.15,0,0,0,1.84998,1.39378,7.35471,0.910111,9.68836,0.42336,0,0.42336,460.49,0,1.02816,0,0,2.87814,1.84998,1.028160,1,0,57.8802,0,0,0,57.8802,0
69.7779,2.48818,0,0,2.85002,0.358799,0.36288,3.6288,61.308,0.23299,0,0,1.7378,0.135378,1.36943,0.66528,12.849,1,0.455827,0.36288,0,73.9417,3.50353,70.3452,0.84672,12.849,0.84672,3695.15,0,0,0,2.4007,1.52591,8.37821,0.936691,11.3681,0.42336,0,0.42336,460.49,0,1.02816,0,0,3.42886,2.4007,1.028160,1,0,83.0828,0,0,0,83.0828,0
69.7706,2.48653,0,0,3.19988,0.357803,0.36288,3.6288,61.308,0.233106,0,0,1.72077,0.135378,1.35228,0.66528,12.849,1,0.457874,0.36288,0,87.8921,3.50353,84.2936,0.84672,12.849,0.84672,3695.15,0,0,0,2.66383,1.52607,9.14864,0.936691,12.4019,0.42336,0,0.42336,460.49,0,1.02816,0,0,3.69199,2.66383,1.028160,1,0,98.0477,0,0,0,98.0477,0
69.4088,2.48682,0,0,2.84323,0.355235,0.36288,3.6288,61.308,0.233223,0,0,1.82908,0.140911,1.45495,0.66528,12.849,1,0.457976,0.36288,0,64.969,3.63458,61.2393,0.84672,12.849,0.84672,3695.15,0,0,0,2.1476,1.52624,9.6374,0.977687,12.3336,0.42336,0,0.42336,460.49,0,1.02816,0,0,3.17576,2.1476,1.028160,1,0,75.0278,0,0,0,75.0278,0
70.5496,2.13779,0,0,3.95232,0.310926,0.36288,3.6288,61.308,0.0979228,0,0,1.36335,0.150305,1.11512,0.66528,12.849,1,0.395749,0.36288,0,117.173,4.37472,112.765,0.84672,12.849,0.84672,3695.15,0,0,0,1.9878,1.5264,10.3166,1.08436,12.7464,0.42336,0,0.42336,460.49,0,1.02816,0,0,3.01596,1.9878,1.028160,1,0,126.627,0,0,0,126.627,0
72.29,2.1435,0,0,5.10425,0.313677,0.906645,3.6288,61.308,0.0980228,0,0,1.54113,0.150305,1.29281,0.66528,12.849,1,0.390389,0.906645,0,92.912,4.37472,89.0535,0.84672,12.849,0.84672,3695.15,0,0,0,2.67996,1.3448,11.8874,1.08436,14.8278,0.42336,0,0.42336,460.49,0,1.02816,0,0,3.70812,2.67996,1.028160,1,0,105.174,0,0,0,105.174,0
72.29,2.15177,0,0,5.31526,0.309559,2.85393,3.6288,61.308,0.0981228,0,0,2.30746,0.158422,2.05091,0.66528,12.849,1,0.382461,2.85393,0,162.223,4.35325,160.341,0.84672,12.849,0.84672,3695.15,0,0,0,4.91099,1.34494,13.8887,1.10276,19.0419,0.42336,0,0.42336,460.49,0,1.02816,0,0,5.93915,4.91099,1.028160,1,0,181.434,0,0,0,181.434,0
72.29,2.15206,0,0,5.83618,0.321129,3.36299,3.6288,61.308,0.0982228,0,0,2.15723,0.181276,1.87773,0.66528,12.849,1,0.382513,3.36299,0,130.487,4.49902,128.969,0.84672,12.849,0.84672,3695.15,0,0,0,3.51768,1.34508,13.5066,1.15234,17.217,0.42336,0,0.42336,460.49,0,1.02816,0,0,4.54584,3.51768,1.028160,1,0,148.064,0,0,0,148.064,0
72.29,2.15235,0,0,5.11448,0.31336,2.64877,3.6288,61.308,0.0983228,0,0,1.56323,0.170508,1.2944,0.66528,12.849,1,0.382564,2.64877,0,174.076,4.55084,171.791,0.84672,12.849,0.84672,3695.15,0,0,0,2.93519,1.34522,10.7284,1.12588,13.8829,0.42336,0,0.42336,460.49,0,1.02816,0,0,3.96335,2.93519,1.028160,1,0,186.969,0,0,0,186.969,0
72.29,2.24068,0,0,4.04139,0.324527,1.47619,3.6288,61.308,0.131571,0,0,1.54655,0.171456,1.24352,0.66528,12.849,1,0.398264,1.47619,0,119.768,4.72048,116.125,0.84672,12.849,0.84672,3695.15,0,0,0,3.11255,1.34536,9.69356,1.12482,13.0267,0.42336,0,0.42336,460.49,0,1.02816,0,0,4.14071,3.11255,1.028160,1,0,130.395,0,0,0,130.395,0
72.29,2.24098,0,0,2.9813,0.324527,0.415791,3.6288,61.308,0.131675,0,0,1.14756,0.171456,0.844434,0.66528,12.849,1,0.398318,0.415791,0,85.9948,4.72048,81.2918,0.84672,12.849,0.84672,3695.15,0,0,0,1.68503,1.39055,6.86794,1.12482,8.8187,0.42336,0,0.42336,460.49,0,1.02816,0,0,2.71319,1.68503,1.028160,1,0,90.9549,0,0,0,90.9549,0
72.0275,2.24129,0,0,2.63401,0.29235,0.36288,3.6288,61.308,0.131779,0,0,0.959221,0.184913,0.642529,0.66528,12.849,1,0.398372,0.36288,0,75.3892,4.83268,70.521,0.84672,12.849,0.84672,3695.15,0,0,0,1.42904,1.39069,5.93574,1.13893,7.61654,0.42336,0,0.42336,460.49,0,1.02816,0,0,2.4572,1.42904,1.028160,1,0,78.7801,0,0,0,78.7801,0
71.6618,2.24036,0,0,2.53917,0.301576,0.36288,3.6288,61.308,0.131883,0,0,1.0033,0.187718,0.683702,0.66528,12.849,1,0.399658,0.36288,0,71.3189,4.60822,66.6739,0.84672,12.849,0.84672,3695.15,0,0,0,1.50987,1.39084,5.98916,1.11589,7.77399,0.42336,0,0.42336,460.49,0,1.02816,0,0,2.53803,1.50987,1.028160,1,0,75.1316,0,0,0,75.1316,0
71.5242,2.20454,0,0,2.69977,0.269947,0.36288,3.6288,61.308,0.119106,0,0,1.41909,0.18363,1.11635,0.66528,12.849,1,0.395275,0.36288,0,75.4514,3.33648,72.0825,0.84672,12.849,0.84672,3695.15,0,0,0,2.19669,1.39099,6.97473,1.0776,9.48481,0.42336,0,0.42336,460.49,0,1.02816,0,0,3.22485,2.19669,1.028160,1,0,82.6837,0,0,0,82.6837,0
71.4426,2.20419,0,0,2.75511,0.269664,0.36288,3.6288,61.308,0.119209,0,0,1.22133,0.18363,0.918494,0.66528,12.849,1,0.395973,0.36288,0,72.8378,3.33648,69.4682,0.84672,12.849,0.84672,3695.15,0,0,0,1.62753,1.37358,6.89826,1.0776,8.82178,0.42336,0,0.42336,460.49,0,1.02816,0,0,2.65569,1.62753,1.028160,1,0,79.2085,0,0,0,79.2085,0
71.4543,2.20411,0,0,2.81795,0.239281,0.36288,3.6288,61.308,0.119312,0,0,1.19436,0.198466,0.876581,0.66528,12.849,1,0.39641,0.36288,0,75.4851,4.50611,70.9454,0.84672,12.849,0.84672,3695.15,0,0,0,1.74466,1.37373,8.57892,1.12371,10.5736,0.42336,0,0.42336,460.49,0,1.02816,0,0,2.77282,1.74466,1.028160,1,0,82.3956,0,0,0,82.3956,0
70.9766,2.20446,0,0,2.27145,0.181836,0.36288,3.6288,61.308,0.119414,0,0,1.13365,0.218436,0.795804,0.66528,12.849,1,0.396409,0.36288,0,48.9916,5.21263,43.7455,0.84672,12.849,0.84672,3695.15,0,0,0,1.56097,1.37387,6.47983,1.24357,8.17111,0.42336,0,0.42336,460.49,0,1.02816,0,0,2.58913,1.56097,1.028160,1,0,52.7124,0,0,0,52.7124,0
70.0902,2.31913,0,0,1.98069,0.185016,0.36288,3.6288,61.308,0.165217,0,0,1.18178,0.238976,0.777587,0.66528,12.849,1,0.419835,0.36288,0,47.0159,4.84516,42.1137,0.84672,12.849,0.84672,3695.15,0,0,0,1.2095,1.37402,6.12264,1.14003,7.56613,0.42336,0,0.42336,460.49,0,1.02816,0,0,2.23766,1.2095,1.028160,1,0,50.4575,0,0,0,50.4575,0
69.0392,2.31495,0,0,1.793,0.166179,0.36288,3.6288,61.308,0.165325,0,0,0.939902,0.225052,0.549526,0.66528,12.849,1,0.424379,0.36288,0,43.7613,4.2985,39.4013,0.84672,12.849,0.84672,3695.15,0,0,0,1.14471,1.43528,5.70569,1.10755,7.17814,0.42336,0,0.42336,460.49,0,1.02816,0,0,2.17287,1.14471,1.028160,1,0,47.129,0,0,0,47.129,0
67.8695,2.30982,0,0,1.63788,0.13491,0.36288,3.6288,61.308,0.165433,0,0,0.931988,0.228701,0.537854,0.66528,12.849,1,0.429884,0.36288,0,39.1122,4.41221,34.6329,0.84672,12.849,0.84672,3695.15,0,0,0,1.14417,1.43544,5.45015,1.07203,6.95773,0.42336,0,0.42336,460.49,0,1.02816,0,0,2.17233,1.14417,1.028160,1,0,42.1285,0,0,0,42.1285,0
66.6744,2.3039,0,0,1.6054,0.133683,0.36288,3.6288,61.308,0.165541,0,0,1.00799,0.228701,0.613744,0.66528,12.849,1,0.436172,0.36288,0,37.468,4.41221,32.9825,0.84672,12.849,0.84672,3695.15,0,0,0,1.10317,1.43559,5.87273,1.07203,7.33947,0.42336,0,0.42336,460.49,0,1.02816,0,0,2.13133,1.10317,1.028160,1,0,40.9357,0,0,0,40.9357,0
65.2864,2.29765,0,0,1.39717,0.124636,0.36288,3.6288,61.308,0.165649,0,0,0.729354,0.228199,0.335506,0.66528,12.849,1,0.442786,0.36288,0,32.6129,4.67686,27.8561,0.84672,12.849,0.84672,3695.15,0,0,0,0.531118,1.43574,3.80627,1.11871,4.65442,0.42336,0,0.42336,460.49,0,1.02816,0,0,1.55928,0.531118,1.028160,1,0,32.846,0,0,0,32.846,0
63.7533,2.26732,0,0,1.21455,0.117484,0.36288,3.6288,61.308,0.281956,0,0,0.576288,0.227822,0.0665098,0.66528,12.849,1,0.446231,0.36288,0,29.803,4.87536,24.8443,0.84672,12.849,0.84672,3695.15,0,0,0,0.30119,1.4359,2.87225,1.15373,3.45561,0.42336,0,0.42336,460.49,0,0.937094,0,0,1.23828,0.30119,1.028160,1,0,28.3664,0,0,0,28.3664,0
62.1159,2.25869,0,0,1.10022,0.116041,0.36288,3.6288,61.308,0.303684,0,0,0.550687,0.227822,0.0191801,0.66528,12.849,1,0.455223,0.36288,0,29.2887,4.87536,24.321,0.84672,12.849,0.84672,3695.15,0,0,0,0.261274,1.45036,2.71342,1.15373,3.27132,0.42336,0,0.42336,460.49,0,0.915477,0,0,1.17675,0.261274,1.028160,1,0,27.6115,0,0,0,27.6115,0
60.3956,2.24906,0,0,1.00176,0.110107,0.36288,3.6288,61.1738,0.416193,0,0,0.520795,0.238791,0,0.66528,12.849,1,0.465229,0.36288,0,25.7827,5.01651,20.6639,0.84672,12.849,0.84672,3695.15,0,0,0,0.261274,1.45051,2.63358,1.20525,3.14012,0.42336,0,0.42336,460.49,0,0.803079,0,0,1.06435,0.261274,1.028160,1,0,23.804,0,0,0,23.804,0
58.6377,2.23843,0,0,0.927072,0.0836594,0.36288,3.6288,60.903,0.436367,0,0,0.470112,0.304588,0,0.66528,12.849,1,0.47622,0.36288,0,22.4876,5.85552,16.5187,0.84672,12.849,0.84672,3695.15,0,0,0,0.261274,1.45067,2.44099,1.50918,2.64375,0.42336,0,0.42336,460.49,0,0.783017,0,0,1.04429,0.261274,1.028160,1,0,19.1625,0,0,0,19.1625,0
56.7019,2.28478,0,0,0.800548,0.0887218,0.36288,3.6288,60.4173,0.613362,0,0,0.433189,0.305509,0,0.66528,12.849,1,0.500654,0.36288,0,21.9825,5.80818,16.0365,0.84672,12.849,0.84672,3695.15,0,0,0,0.261274,1.45082,2.13875,1.47798,2.37287,0.42336,0,0.42336,460.49,0,0.628543,0,0,0.889816,0.261274,1.028160,1,0,18.4094,0,0,0,18.4094,0
54.7395,2.27115,0,0,0.758713,0.0870576,0.36288,3.6288,59.9735,0.526748,0,0,0.387548,0.304568,0,0.66528,12.849,1,0.514658,0.36288,0,19.4235,5.80818,13.4635,0.84672,12.849,0.84672,3695.15,0,0,0,0.261274,1.48149,2.23386,1.47798,2.49865,0.42336,0,0.42336,460.49,0,0.715271,0,0,0.976545,0.261274,1.028160,1,0,15.9622,0,0,0,15.9622,0
52.744,2.25651,0,0,0.709266,0.0853706,0.36288,3.6288,59.4514,0.577026,0,0,0.358571,0.303709,0,0.66528,12.849,1,0.529672,0.36288,0,18.469,5.80818,12.4941,0.84672,12.849,0.84672,3695.15,0,0,0,0.227405,1.48165,1.96012,1.47798,2.1912,0.42336,0,0.42336,460.49,0,0.665107,0,0,0.892512,0.227405,1.028160,1,0,14.6853,0,0,0,14.6853,0
50.7565,2.2407,0,0,0.699736,0.0836551,0.36288,3.6288,59.0196,0.51698,0,0,0.387941,0.302698,0,0.66528,12.849,1,0.545859,0.36288,0,17.1374,5.80818,11.1462,0.84672,12.849,0.84672,3695.15,0,0,0,0.227405,1.4818,2.21669,1.47798,2.44792,0.42336,0,0.42336,460.49,0,0.725268,0,0,0.952672,0.227405,1.028160,1,0,13.5941,0,0,0,13.5941,0
48.5146,2.38859,0,0,0.604266,0.0947064,0.36288,3.6288,58.4217,0.661516,0,0,0.347236,0.283659,0,0.66528,12.849,1,0.604671,0.36288,0,16.0548,5.67866,10.1344,0.84672,12.849,0.84672,3695.15,0,0,0,0.227405,1.48196,1.9939,1.41992,2.28335,0.42336,0,0.42336,460.49,0,0.661772,0,0,0.889177,0.227405,1.028160,1,0,12.4178,0,0,0,12.4178,0
46.168,2.36681,0,0,0.491668,0.108524,0.36288,3.6288,57.6915,0.76805,0,0,0.306115,0.268198,0,0.66528,12.849,1,0.626846,0.36288,0,15.0646,5.41748,9.38318,0.84672,12.849,0.84672,3695.15,0,0,0,0.227405,1.58331,1.54736,1.35487,2.00321,0.42336,0,0.42336,460.49,0,0.555362,0,0,0.782767,0.227405,1.028160,1,0,11.3864,0,0,0,11.3864,0
43.8822,2.3422,0,0,0.525042,0.105761,0.36288,3.6288,57.0547,0.680245,0,0,0.310351,0.266937,0,0.66528,12.849,1,0.651857,0.36288,0,15.0614,5.41748,9.35497,0.84672,12.849,0.84672,3695.15,0,0,0,0.204422,1.58348,1.86882,1.35487,2.30186,0.42336,0,0.42336,460.49,0,0.643291,0,0,0.847714,0.204422,1.028160,1,0,11.6568,0,0,0,11.6568,0
41.6922,2.31625,0,0,0.592142,0.103069,0.36288,3.6288,56.4045,0.705148,0,0,0.32074,0.265837,0,0.66528,12.849,1,0.678212,0.36288,0,14.4069,5.41748,8.67413,0.84672,12.849,0.84672,3695.15,0,0,0,0.204422,1.58365,2.07728,1.35487,2.51049,0.42336,0,0.42336,460.49,0,0.618512,0,0,0.822934,0.204422,1.028160,1,0,11.1846,0,0,0,11.1846,0
39.5254,2.28932,0,0,0.590209,0.104838,0.36288,3.6288,55.7024,0.729611,0,0,0.278969,0.251471,0,0.66528,12.849,1,0.705539,0.36288,0,16.9564,5.19899,11.4148,0.84672,12.849,0.84672,3695.15,0,0,0,0.204422,1.58382,1.36262,1.34571,1.80515,0.42336,0,0.42336,460.49,0,0.594173,0,0,0.798595,0.204422,1.028160,1,0,13.2199,0,0,0,13.2199,0
37.4791,2.1845,0,0,0.63296,0.131863,0.36288,3.6288,54.8516,0.873383,0,0,0.238461,0.215795,0,0.66528,12.849,1,0.710143,0.36288,0,15.9024,4.01997,11.5352,0.84672,12.849,0.84672,3695.15,0,0,0,0.204422,1.58399,1.16775,1.10121,1.85496,0.42336,0,0.42336,460.49,0,0.401376,0,0,0.605798,0.204422,1.028160,1,0,13.3902,0,0,0,13.3902,0
35.5565,2.15592,0,0,0.73218,0.135999,0.36288,3.6288,54.5773,0.489224,0,0,0.427439,0.212533,0,0.66528,12.849,1,0.739116,0.36288,0,18.324,3.9606,13.9871,0.84672,12.849,0.84672,3695.15,0,0,0,0.216518,1.52733,1.68917,1.09393,2.3391,0.42336,0,0.42336,460.49,0,0.785653,0,0,1.00217,0.216518,1.028160,1,0,16.3262,0,0,0,16.3262,0
33.6392,2.12684,0,0,0.70537,0.13292,0.36288,3.6288,54.2399,0.517802,0,0,0.392532,0.212149,0,0.66528,12.849,1,0.768576,0.36288,0,17.5742,3.9606,13.2079,0.84672,12.849,0.84672,3695.15,0,0,0,0.216518,1.5275,1.44888,1.09393,2.09897,0.42336,0,0.42336,460.49,0,0.757192,0,0,0.973711,0.216518,1.028160,1,0,15.3069,0,0,0,15.3069,0
31.745,2.09543,0,0,0.69393,0.129849,0.36288,3.6288,54.1567,0.320254,0,0,0.448749,0.211677,0,0.66528,12.849,1,0.800381,0.36288,0,17.1678,3.9606,12.7697,0.84672,12.849,0.84672,3695.15,0,0,0,0.216518,1.52766,1.63918,1.09393,2.28944,0.42336,0,0.42336,460.49,0,0.954858,0,0,1.17138,0.216518,1.028160,1,0,15.0591,0,0,0,15.0591,0
29.8298,2.00289,0,0,0.624914,0.174341,0.36288,3.6288,53.5943,0.658028,0,0,0.345641,0.249991,0,0.66528,12.849,1,0.810683,0.36288,0,23.7155,4.23454,19.0332,0.84672,12.849,0.84672,3695.15,0,0,0,0.216518,1.52783,1.74475,0.971741,2.51736,0.42336,0,0.42336,460.49,0,0.572442,0,0,0.788961,0.216518,1.028160,1,0,21.5505,0,0,0,21.5505,0
27.9234,1.96677,0,0,0.593269,0.170022,0.36288,3.6288,52.5652,1.01823,0,0,0.238073,0.248983,0,0.66528,12.849,1,0.847176,0.36288,0,21.6607,4.23454,16.9419,0.84672,12.849,0.84672,3695.15,0,0,0,0.216518,1.47792,1.56122,0.971741,2.28392,0.42336,0,0.42336,460.49,0,0.21235,0,0,0.428868,0.216518,1.028160,1,0,19.2258,0,0,0,19.2258,0
26.6838,1.92742,0,0,1.21641,0.16567,0.36288,3.6288,52.3809,0.462993,0,0,0.525658,0.246943,0,0.66528,12.849,1,0.886907,0.36288,0,33.4587,4.23454,28.7002,0.84672,12.849,0.84672,3695.15,0,0,0,0.292723,1.47808,2.2322,0.971741,3.03126,0.42336,0,0.42336,460.49,0,0.767703,0,0,1.06043,0.292723,1.028160,1,0,31.7314,0,0,0,31.7314,0
26.7254,1.86186,0,0,2.42916,0.162841,0.36288,3.6288,52.9601,0.185877,0,0,1.0116,0.246577,0,0.66528,12.849,1,0.896537,0.36288,0,61.6775,4.23454,56.9093,0.84672,12.849,0.84672,3695.15,0,0,0,1.27119,1.47824,3.59119,0.971741,5.36888,0.42336,0,0.42336,460.49,0,1.02816,0,0,2.29935,1.27119,1.028160,1,0,62.2782,0,0,0,62.2782,0
26.2505,1.56669,0,0,1.62723,0.172567,0.36288,3.6288,53.5569,0.0340519,0,0,0.860208,0.229296,0,0.66528,12.849,1,0.753233,0.36288,0,33.9156,4.14246,29.3828,0.84672,12.849,0.84672,3695.15,0,0,0,0.594138,1.45489,3.51838,0.983191,4.58422,0.42336,0,0.42336,460.49,0,1.02816,0,0,1.6223,0.594138,1.028160,1,0,33.967,0,0,0,33.967,0
28.0557,1.55776,0,0,3.89515,0.169235,0.36288,3.6288,54.059,0.0341441,0,0,0.756168,0.219906,0,0.66528,12.849,1,0.762487,0.36288,0,105.057,4.1916,100.466,0.84672,12.849,0.84672,3695.15,0,0,0,0.887397,1.25542,4.52839,1.01747,5.65374,0.42336,0,0.42336,460.49,0,1.02816,0,0,1.91556,0.887397,1.028160,1,0,106.12,0,0,0,106.12,0
30.1157,1.59163,0,0,4.18799,0.173544,0.36288,3.6288,54.8727,0.0342364,0,0,1.06863,0.220719,0,0.66528,12.849,1,0.728935,0.36288,0,108.616,4.1916,104.058,0.84672,12.849,0.84672,3695.15,0,0,0,0.883872,1.25555,4.93442,1.01747,6.05638,0.42336,0,0.42336,460.49,0,1.02816,0,0,1.91203,0.883872,1.028160,1,0,110.115,0,0,0,110.115,0
30.4228,1.6268,0,0,2.48277,0.185941,0.36288,3.6288,55.1075,0.144186,0,0,0.557319,0.178366,0,0.66528,12.849,1,0.694082,0.36288,0,76.1307,3.6966,72.1029,0.84672,12.849,0.84672,3695.15,0,0,0,0.412474,1.25568,3.94626,0.883255,4.73116,0.42336,0,0.42336,460.49,0,0.918302,0,0,1.33078,0.412474,1.028160,1,0,76.834,0,0,0,76.834,0
29.9099,1.63195,0,0,1.67977,0.197909,0.36288,3.6288,54.9605,0.448389,0,0,0.47717,0.175792,0,0.66528,12.849,1,0.68925,0.36288,0,40.8136,3.9513,36.536,0.84672,12.849,0.84672,3695.15,0,0,0,0.412474,1.25581,3.21632,0.966897,3.91771,0.42336,0,0.42336,460.49,0,0.614192,0,0,1.02667,0.412474,1.028160,1,0,40.4537,0,0,0,40.4537,0
30.1418,1.6814,0,0,2.4975,0.221267,0.36288,3.6288,55.3883,0.125751,0,0,0.740206,0.186657,0,0.66528,12.849,1,0.722313,0.36288,0,55.2555,4.7943,50.1017,0.84672,12.849,0.84672,3695.15,0,0,0,0.412474,1.25594,2.7028,1.23192,3.13929,0.42336,0,0.42336,460.49,0,0.961502,0,0,1.37398,0.412474,1.028160,1,0,53.241,0,0,0,53.241,0
31.1388,1.68551,0,0,3.26729,0.221956,0.36288,3.6288,56.2921,0.0591832,0,0,1.15017,0.187183,0,0.66528,12.849,1,0.718508,0.36288,0,60.9829,4.7943,55.833,0.84672,12.849,0.84672,3695.15,0,0,0,2.09325,1.29047,5.5416,1.23192,7.69339,0.42336,0,0.42336,460.49,0,1.02816,0,0,3.12141,2.09325,1.028160,1,0,63.5264,0,0,0,63.5264,0
32.5073,1.70202,0,0,3.64958,0.216104,0.36288,3.6288,57.8618,0.059273,0,0,1.81876,0.189785,0,0.66528,12.849,1,0.702314,0.36288,0,83.6654,4.65183,78.6742,0.84672,12.849,0.84672,3695.15,0,0,0,1.57081,1.29059,6.90333,1.2562,8.50854,0.42336,0,0.42336,460.49,0,1.02816,0,0,2.59897,1.57081,1.028160,1,0,87.1827,0,0,0,87.1827,0
33.1189,1.72343,0,0,2.90583,0.207926,0.36288,3.6288,59.6253,0.0593628,0,0,2.01658,0.193739,0,0.66528,12.849,1,0.68121,0.36288,0,79.317,4.46187,74.5368,0.84672,12.849,0.84672,3695.15,0,0,0,0.833173,1.29072,5.14709,1.28857,5.98241,0.42336,0,0.42336,460.49,0,1.02816,0,0,1.86133,0.833173,1.028160,1,0,80.5192,0,0,0,80.5192,0
34.3766,1.92297,0,0,3.78252,0.23902,0.36288,3.6288,61.1915,0.151777,0,0,1.90027,0.182244,0,0.66528,12.849,1,0.746046,0.36288,0,80.9572,4.40607,76.168,0.84672,12.849,0.84672,3695.15,0,0,0,1.01228,1.29085,6.92892,1.11568,8.11637,0.42336,0,0.42336,460.49,0,1.02816,0,0,2.04044,1.01228,1.028160,1,0,84.2844,0,0,0,84.2844,0
34.4262,1.94309,0,0,2.60335,0.247745,0.36288,3.6288,61.308,0.361596,0,0,1.08626,0.181761,0.426419,0.66528,12.849,1,0.726271,0.36288,0,61.0056,4.39677,56.2454,0.84672,12.849,0.84672,3695.15,0,0,0,0.503194,1.41179,4.97192,1.08686,5.80005,0.42336,0,0.42336,460.49,0,0.818441,0,0,1.32163,0.503194,1.028160,1,0,62.4719,0,0,0,62.4719,0
33.4981,1.9441,0,0,1.61017,0.231363,0.36288,3.6288,60.9838,0.91044,0,0,0.776417,0.190134,0,0.66528,12.849,1,0.725601,0.36288,0,37.0259,4.34679,32.3164,0.84672,12.849,0.84672,3695.15,0,0,0,0.608429,1.41193,3.59232,1.05339,4.5593,0.42336,0,0.42336,460.49,0,0.269698,0,0,0.878126,0.608429,1.028160,1,0,36.8757,0,0,0,36.8757,0
33.2894,1.92981,0,0,2.3005,0.216482,0.36288,3.6288,61.308,0.511753,0,0,1.2138,0.195911,0.181979,0.66528,12.849,1,0.740226,0.36288,0,52.8871,4.3093,48.2004,0.84672,12.849,0.84672,3695.15,0,0,0,0.608429,1.41208,5.7899,1.02828,6.78212,0.42336,0,0.42336,460.49,0,0.668485,0,0,1.27691,0.608429,1.028160,1,0,55.1645,0,0,0,55.1645,0
34.5137,1.65483,0,0,3.45988,0.217884,0.36288,3.6288,61.308,0.326319,0,0,1.20579,0.202552,0.676919,0.66528,12.849,1,0.638729,0.36288,0,56.8494,3.50344,53.0701,0.84672,12.849,0.84672,3695.15,0,0,0,0.608429,1.41222,3.98405,0.770546,5.23415,0.42336,0,0.42336,460.49,0,0.730063,0,0,1.33849,0.608429,1.028160,1,0,58.9812,0,0,0,58.9812,0
35.98,1.67156,0,0,3.72226,0.22152,0.36288,3.6288,61.308,0.039773,0,0,1.47757,0.203592,1.2342,0.66528,12.849,1,0.622299,0.36288,0,75.2022,3.36914,71.5737,0.84672,12.849,0.84672,3695.15,0,0,0,0.608429,1.24597,4.97341,0.72759,6.10022,0.42336,0,0.42336,460.49,0,1.01669,0,0,1.62512,0.608429,1.028160,1,0,78.9081,0,0,0,78.9081,0
38.8204,1.69046,0,0,5.11923,0.225483,0.36288,3.6288,61.308,0.0283939,0,0,1.62467,0.203592,1.39268,0.66528,12.849,1,0.60369,0.36288,0,114.458,3.36914,110.848,0.84672,12.849,0.84672,3695.15,0,0,0,0.610485,1.2461,5.96377,0.72759,7.09276,0.42336,0,0.42336,460.49,0,1.02816,0,0,1.63865,0.610485,1.028160,1,0,119.333,0,0,0,119.333,0
42.1068,1.72387,0,0,5.60519,0.232048,0.36288,3.6288,61.308,0.0284802,0,0,1.45461,0.211921,1.21421,0.66528,12.849,1,0.570578,0.36288,0,107.418,3.55425,103.656,0.84672,12.849,0.84672,3695.15,0,0,0,0.751542,1.24622,6.29796,0.778049,7.51767,0.42336,0,0.42336,460.49,0,1.02816,0,0,1.7797,0.751542,1.028160,1,0,112.388,0,0,0,112.388,0
44.0197,1.75822,0,0,4.26846,0.234453,0.36288,3.6288,61.308,0.0551518,0,0,1.48281,0.240194,1.18746,0.66528,12.849,1,0.536526,0.36288,0,75.993,4.27043,71.549,0.84672,12.849,0.84672,3695.15,0,0,0,0.558835,1.24634,6.63366,0.960225,7.47861,0.42336,0,0.42336,460.49,0,1.00157,0,0,1.56041,0.558835,1.028160,1,0,80.215,0,0,0,80.215,0
44.8911,1.84996,0,0,3.3243,0.239992,0.36288,3.6288,61.308,0.0589946,0,0,1.37347,0.211256,1.10322,0.66528,12.849,1,0.539989,0.36288,0,71.6982,3.7444,67.7767,0.84672,12.849,0.84672,3695.15,0,0,0,0.561488,1.24646,4.59237,0.799455,5.60086,0.42336,0,0.42336,460.49,0,1.02816,0,0,1.58965,0.561488,1.028160,1,0,74.4807,0,0,0,74.4807,0
44.5771,1.85835,0,0,2.14958,0.242377,0.36288,3.6288,61.308,0.618593,0,0,0.917127,0.211256,0.0872777,0.66528,12.849,1,0.531907,0.36288,0,46.2713,3.7444,42.3579,0.84672,12.849,0.84672,3695.15,0,0,0,0.528595,1.28781,3.02187,0.799455,4.03883,0.42336,0,0.42336,460.49,0,0.468651,0,0,0.997246,0.528595,1.028160,1,0,46.484,0,0,0,46.484,0
43.8277,1.85568,0,0,1.71063,0.241518,0.36288,3.6288,61.0466,0.79354,0,0,0.74336,0.211256,0,0.66528,12.849,1,0.534885,0.36288,0,33.4622,3.7444,29.5458,0.84672,12.849,0.84672,3695.15,0,0,0,0.528595,1.28794,2.85171,0.799455,3.86879,0.42336,0,0.42336,460.49,0,0.293795,0,0,0.82239,0.528595,1.028160,1,0,33.4146,0,0,0,33.4146,0
43.1297,1.84885,0,0,1.71716,0.203395,0.36288,3.6288,60.8603,0.780514,0,0,0.788435,0.194187,0,0.66528,12.849,1,0.542028,0.36288,0,38.9951,3.11134,35.7046,0.84672,12.849,0.84672,3695.15,0,0,0,0.528595,1.28807,2.7364,0.739219,3.81384,0.42336,0,0.42336,460.49,0,0.30691,0,0,0.835505,0.528595,1.028160,1,0,39.5184,0,0,0,39.5184,0
42.763,1.81372,0,0,2.02022,0.210299,0.36288,3.6288,61.1556,0.543992,0,0,1.03435,0.195084,0,0.66528,12.849,1,0.540335,0.36288,0,44.4028,4.42913,39.7962,0.84672,12.849,0.84672,3695.15,0,0,0,0.528595,1.28819,2.76693,0.963338,3.62039,0.42336,0,0.42336,460.49,0,0.531731,0,0,1.06033,0.528595,1.028160,1,0,43.4166,0,0,0,43.4166,0
42.3043,1.81039,0,0,1.86017,0.145668,0.36288,3.6288,61.2041,0.628727,0,0,0.911857,0.23465,0,0.66528,12.849,1,0.543968,0.36288,0,40.5929,4.77509,35.6367,0.84672,12.849,0.84672,3695.15,0,0,0,0.528595,1.27225,2.5789,0.983995,3.39576,0.42336,0,0.42336,460.49,0,0.447085,0,0,0.975681,0.528595,1.028160,1,0,39.0325,0,0,0,39.0325,0
41.8046,1.8061,0,0,1.81417,0.144894,0.36288,3.6288,61.308,0.378411,0,0,1.01929,0.234722,0.302211,0.66528,12.849,1,0.548564,0.36288,0,39.3198,4.77509,34.359,0.84672,12.849,0.84672,3695.15,0,0,0,0.402797,1.27238,3.05255,0.983995,3.74373,0.42336,0,0.42336,460.49,0,0.69749,0,0,1.10029,0.402797,1.028160,1,0,38.4049,0,0,0,38.4049,0
41.2799,1.80132,0,0,1.78356,0.144052,0.36288,3.6288,61.308,0.524887,0,0,1.01672,0.234876,0.256958,0.66528,12.849,1,0.553651,0.36288,0,38.041,4.77509,33.0751,0.84672,12.849,0.84672,3695.15,0,0,0,0.402797,1.2725,2.61826,0.983995,3.30956,0.42336,0,0.42336,460.49,0,0.551102,0,0,0.953899,0.402797,1.028160,1,0,36.6416,0,0,0,36.6416,0
40.3674,1.89233,0,0,1.47533,0.13263,0.36288,3.6288,61.2634,0.642249,0,0,0.835764,0.238137,0,0.66528,12.849,1,0.589016,0.36288,0,30.2411,4.80504,25.2099,0.84672,12.849,0.84672,3695.15,0,0,0,0.402797,1.27263,2.19396,1.03472,2.83466,0.42336,0,0.42336,460.49,0,0.475658,0,0,0.878455,0.402797,1.028160,1,0,28.0446,0,0,0,28.0446,0
39.3532,1.88247,0,0,1.35846,0.127275,0.36288,3.6288,61.0411,0.745797,0,0,0.767733,0.24426,0,0.66528,12.849,1,0.599193,0.36288,0,25.6711,4.96125,20.4735,0.84672,12.849,0.84672,3695.15,0,0,0,0.402797,1.3287,1.95198,1.04858,2.6349,0.42336,0,0.42336,460.49,0,0.372203,0,0,0.774999,0.402797,1.028160,1,0,23.1084,0,0,0,23.1084,0
38.2234,1.87107,0,0,1.209,0.104844,0.36288,3.6288,60.8301,0.676892,0,0,0.728706,0.262772,0,0.66528,12.849,1,0.610912,0.36288,0,22.7104,5.17545,17.2869,0.84672,12.849,0.84672,3695.15,0,0,0,0.30119,1.32883,1.89886,1.10331,2.42558,0.42336,0,0.42336,460.49,0,0.441202,0,0,0.742392,0.30119,1.028160,1,0,19.7125,0,0,0,19.7125,0
37.0594,1.85779,0,0,1.14464,0.0879902,0.36288,3.6288,60.5311,0.720807,0,0,0.698337,0.276543,0,0.66528,12.849,1,0.624507,0.36288,0,21.6395,5.3361,16.0418,0.84672,12.849,0.84672,3695.15,0,0,0,0.30119,1.32896,1.87791,1.14435,2.36371,0.42336,0,0.42336,460.49,0,0.397379,0,0,0.69857,0.30119,1.028160,1,0,18.4055,0,0,0,18.4055,0
35.944,1.84346,0,0,1.16704,0.0760572,0.36288,3.6288,60.2404,0.671255,0,0,0.667086,0.286469,0,0.66528,12.849,1,0.639154,0.36288,0,22.3937,5.35577,16.7616,0.84672,12.849,0.84672,3695.15,0,0,0,0.30119,1.32909,2.07996,1.19359,2.51666,0.42336,0,0.42336,460.49,0,0.447025,0,0,0.748215,0.30119,1.028160,1,0,19.2783,0,0,0,19.2783,0
34.9423,1.81071,0,0,1.23283,0.0609259,0.36288,3.6288,59.9762,0.614215,0,0,0.649849,0.299848,0,0.66528,12.849,1,0.647279,0.36288,0,23.7385,5.38199,18.0721,0.84672,12.849,0.84672,3695.15,0,0,0,0.30119,1.32923,2.33089,1.25923,2.70208,0.42336,0,0.42336,460.49,0,0.527161,0,0,0.828351,0.30119,1.028160,1,0,20.7742,0,0,0,20.7742,0
33.8713,1.79737,0,0,1.14941,0.060194,0.36288,3.6288,59.6935,0.607762,0,0,0.624406,0.299343,0,0.66528,12.849,1,0.660931,0.36288,0,23.4248,5.38199,17.7447,0.84672,12.849,0.84672,3695.15,0,0,0,0.261274,1.34245,2.38176,1.25923,2.72626,0.42336,0,0.42336,460.49,0,0.53371,0,0,0.794984,0.261274,1.028160,1,0,20.471,0,0,0,20.471,0
32.7078,1.78245,0,0,1.04122,0.0594113,0.36288,3.6288,59.344,0.647369,0,0,0.596674,0.298804,0,0.66528,12.849,1,0.676169,0.36288,0,23.0205,5.38199,17.3252,0.84672,12.849,0.84672,3695.15,0,0,0,0.261274,1.34259,2.25006,1.25923,2.5947,0.42336,0,0.42336,460.49,0,0.494199,0,0,0.755473,0.261274,1.028160,1,0,19.9199,0,0,0,19.9199,0
31.4721,1.76541,0,0,0.948033,0.0553666,0.36288,3.6288,58.8797,0.719626,0,0,0.564283,0.30897,0,0.66528,12.849,1,0.693528,0.36288,0,20.2648,5.52314,14.411,0.84672,12.849,0.84672,3695.15,0,0,0,0.261274,1.34272,2.18386,1.31075,2.47711,0.42336,0,0.42336,460.49,0,0.422038,0,0,0.683312,0.261274,1.028160,1,0,16.8881,0,0,0,16.8881,0
30.1323,1.79207,0,0,0.860164,0.0450651,0.36288,3.6288,58.3047,0.824768,0,0,0.56735,0.31756,0,0.66528,12.849,1,0.731639,0.36288,0,18.7893,5.84955,12.571,0.84672,12.849,0.84672,3695.15,0,0,0,0.261274,1.34285,1.93527,1.4939,2.0455,0.42336,0,0.42336,460.49,0,0.337503,0,0,0.598776,0.261274,1.028160,1,0,14.6165,0,0,0,14.6165,0
28.7947,1.76948,0,0,0.83903,0.04428,0.36288,3.6288,57.7396,0.771443,0,0,0.522729,0.316388,0,0.66528,12.849,1,0.754543,0.36288,0,18.7652,5.84955,12.524,0.84672,12.849,0.84672,3695.15,0,0,0,0.261274,1.37091,2.07377,1.4939,2.21206,0.42336,0,0.42336,460.49,0,0.390925,0,0,0.652199,0.261274,1.028160,1,0,14.7361,0,0,0,14.7361,0
27.428,1.74547,0,0,0.785143,0.0434879,0.36288,3.6288,57.1426,0.765659,0,0,0.483857,0.315236,0,0.66528,12.849,1,0.778879,0.36288,0,16.9403,5.84955,10.6747,0.84672,12.849,0.84672,3695.15,0,0,0,0.227405,1.37105,1.85083,1.4939,1.95538,0.42336,0,0.42336,460.49,0,0.396808,0,0,0.624213,0.227405,1.028160,1,0,12.6301,0,0,0,12.6301,0
26.024,1.71926,0,0,0.720801,0.0426787,0.36288,3.6288,56.4901,0.817037,0,0,0.478544,0.314018,0,0.66528,12.849,1,0.805411,0.36288,0,15.4855,5.84955,9.19339,0.84672,12.849,0.84672,3695.15,0,0,0,0.227405,1.37119,1.81018,1.4939,1.91487,0.42336,0,0.42336,460.49,0,0.345528,0,0,0.572933,0.227405,1.028160,1,0,11.1083,0,0,0,11.1083,0
24.7339,1.8168,0,0,0.932368,0.0427515,0.36288,3.6288,55.9524,0.771737,0,0,0.542988,0.308956,0,0.66528,12.849,1,0.897024,0.36288,0,17.0418,5.60448,10.9032,0.84672,12.849,0.84672,3695.15,0,0,0,0.227405,1.37132,2.3058,1.54865,2.35588,0.42336,0,0.42336,460.49,0,0.464992,0,0,0.692397,0.227405,1.028160,1,0,13.259,0,0,0,13.259,0
23.3035,1.78624,0,0,0.771664,0.0529693,0.36288,3.6288,55.1422,0.947721,0,0,0.43389,0.296326,0,0.66528,12.849,1,0.927933,0.36288,0,20.9473,5.15896,15.2233,0.84672,12.849,0.84672,3695.15,0,0,0,0.227405,1.46407,1.6651,1.53742,1.81915,0.42336,0,0.42336,460.49,0,0.289114,0,0,0.516519,0.227405,1.028160,1,0,17.0425,0,0,0,17.0425,0
21.9271,1.74975,0,0,0.788089,0.0518773,0.36288,3.6288,54.4496,0.895568,0,0,0.49771,0.294756,0,0.66528,12.849,1,0.96477,0.36288,0,18.1455,5.15896,12.3846,0.84672,12.849,0.84672,3695.15,0,0,0,0.204422,1.46422,1.72918,1.53742,1.86039,0.42336,0,0.42336,460.49,0,0.341374,0,0,0.545797,0.204422,1.028160,1,0,14.245,0,0,0,14.245,0
20.5959,1.71178,0,0,0.795174,0.0516624,0.36288,3.6288,53.9019,0.762324,0,0,0.501477,0.286817,0,0.66528,12.849,1,1.00308,0.36288,0,18.4116,4.97412,12.7973,0.84672,12.849,0.84672,3695.15,0,0,0,0.204422,1.46436,2.21172,1.46547,2.41503,0.42336,0,0.42336,460.49,0,0.474726,0,0,0.679148,0.204422,1.028160,1,0,15.2123,0,0,0,15.2123,0
19.4659,1.67207,0,0,0.961027,0.0560566,0.36288,3.6288,53.363,0.82257,0,0,0.52837,0.244784,0,0.66528,12.849,1,1.04314,0.36288,0,13.6214,4.12761,8.81352,0.84672,12.849,0.84672,3695.15,0,0,0,0.204422,1.46451,2.50467,1.13456,3.03904,0.42336,0,0.42336,460.49,0,0.414586,0,0,0.619008,0.204422,1.028160,1,0,11.8526,0,0,0,11.8526,0
18.7419,1.58033,0,0,1.27682,0.0576299,0.36288,3.6288,54.0278,0.164123,0,0,1.06884,0.239866,0,0.66528,12.849,1,1.04314,0.36288,0,14.9763,4.78401,9.51205,0.84672,12.849,0.84672,3695.15,0,0,0,0.287703,1.46466,3.13354,1.3866,3.4993,0.42336,0,0.42336,460.49,0,1.02816,0,0,1.31586,0.287703,1.028160,1,0,13.0113,0,0,0,13.0113,0
17.8841,1.55662,0,0,1.11877,0.057046,0.36288,3.6288,53.9907,0.456697,0,0,0.660642,0.241076,0,0.66528,12.849,1,1.06718,0.36288,0,15.2056,4.78401,9.71731,0.84672,12.849,0.84672,3695.15,0,0,0,0.216518,1.4128,2.47034,1.3866,2.71305,0.42336,0,0.42336,460.49,0,0.735687,0,0,0.952206,0.216518,1.028160,1,0,12.4304,0,0,0,12.4304,0
16.8479,1.52703,0,0,0.910077,0.0563543,0.36288,3.6288,53.6279,0.665524,0,0,0.543765,0.241017,0,0.66528,12.849,1,1.09711,0.36288,0,13.9632,4.78401,8.44495,0.84672,12.849,0.84672,3695.15,0,0,0,0.216518,1.41294,2.23204,1.3866,2.47489,0.42336,0,0.42336,460.49,0,0.526962,0,0,0.743481,0.216518,1.028160,1,0,10.9198,0,0,0,10.9198,0
16.4019,1.48894,0,0,1.50364,0.0978629,0.36288,3.6288,53.8046,0.464081,0,0,0.823419,0.182688,0,0.66528,12.849,1,1.13553,0.36288,0,19.8792,3.95349,15.153,0.84672,12.849,0.84672,3695.15,0,0,0,0.216518,1.41308,2.95697,1.12701,3.45956,0.42336,0,0.42336,460.49,0,0.728508,0,0,0.945026,0.216518,1.028160,1,0,18.6126,0,0,0,18.6126,0
15.6181,1.42941,0,0,1.09384,0.0853203,0.36288,3.6288,53.53,0.660444,0,0,0.569633,0.18376,0,0.66528,12.849,1,1.11978,0.36288,0,19.9559,4.2981,14.9009,0.84672,12.849,0.84672,3695.15,0,0,0,0.216518,1.41322,3.20546,0.913313,3.92188,0.42336,0,0.42336,460.49,0,0.491284,0,0,0.707803,0.216518,1.028160,1,0,18.8228,0,0,0,18.8228,0
15.2643,1.39876,0,0,1.54564,0.137797,0.36288,3.6288,53.1659,0.690536,0,0,0.505539,0.17905,0,0.66528,12.849,1,1.15076,0.36288,0,29.3105,4.57617,23.9465,0.84672,12.849,0.84672,3695.15,0,0,0,0.216518,1.36754,2.72283,1.05896,3.24793,0.42336,0,0.42336,460.49,0,0.461289,0,0,0.677807,0.216518,1.028160,1,0,27.1944,0,0,0,27.1944,0
14.6131,1.38446,0,0,1.24301,0.146856,0.36288,3.6288,52.5305,0.841865,0,0,0.383058,0.176594,0,0.66528,12.849,1,1.16539,0.36288,0,22.8379,4.59564,17.4397,0.84672,12.849,0.84672,3695.15,0,0,0,0.292723,1.36768,2.33996,1.08376,2.9166,0.42336,0,0.42336,460.49,0,0.310058,0,0,0.602781,0.292723,1.028160,1,0,20.3563,0,0,0,20.3563,0
15.0709,1.357,0,0,2.32253,0.144852,0.36288,3.6288,53.2761,0.123859,0,0,1.04513,0.175698,0,0.66528,12.849,1,1.19318,0.36288,0,45.4993,4.59564,40.0733,0.84672,12.849,0.84672,3695.15,0,0,0,0.818243,1.36782,5.16228,1.08376,6.26457,0.42336,0,0.42336,460.49,0,1.02816,0,0,1.8464,0.818243,1.028160,1,0,46.3379,0,0,0,46.3379,0
17.2763,1.26076,0,0,3.98566,0.156614,0.36288,3.6288,54.7966,0.0386053,0,0,1.74307,0.183952,0,0.66528,12.849,1,1.07488,0.36288,0,79.0545,4.09974,74.2428,0.84672,12.849,0.84672,3695.15,0,0,0,0.922654,1.36795,6.91338,0.998977,8.20501,0.42336,0,0.42336,460.49,0,1.02816,0,0,1.95081,0.922654,1.028160,1,0,82.4478,0,0,0,82.4478,0
16.7833,1.33962,0,0,1.38046,0.17095,0.36288,3.6288,54.49,0.61078,0,0,0.495608,0.191411,0,0.66528,12.849,1,0.996322,0.36288,0,25.6598,3.72782,21.2986,0.84672,12.849,0.84672,3695.15,0,0,0,0.292723,1.26188,3.94774,0.935387,4.56696,0.42336,0,0.42336,460.49,0,0.456073,0,0,0.748796,0.292723,1.028160,1,0,25.8655,0,0,0,25.8655,0
17.8094,1.32322,0,0,2.8819,0.169733,0.36288,3.6288,55.7744,0.0387801,0,0,1.51413,0.191024,0,0.66528,12.849,1,1.01303,0.36288,0,71.9774,3.72782,67.5995,0.84672,12.849,0.84672,3695.15,0,0,0,1.13925,1.26201,6.63523,0.935387,8.10111,0.42336,0,0.42336,460.49,0,1.02816,0,0,2.16741,1.13925,1.028160,1,0,75.7006,0,0,0,75.7006,0
18.8027,1.3573,0,0,2.88576,0.172265,0.36288,3.6288,56.4751,0.0664377,0,0,0.959786,0.192645,0,0.66528,12.849,1,0.979251,0.36288,0,61.3697,3.72782,57.0256,0.84672,12.849,0.84672,3695.15,0,0,0,0.412474,1.26213,5.33288,0.935387,6.07209,0.42336,0,0.42336,460.49,0,1.00059,0,0,1.41306,0.412474,1.028160,1,0,63.0977,0,0,0,63.0977,0
19.8769,1.38821,0,0,2.98579,0.160536,0.36288,3.6288,56.5721,0.315107,0,0,0.599466,0.187342,0,0.66528,12.849,1,0.948642,0.36288,0,46.9319,3.33886,43.0072,0.84672,12.849,0.84672,3695.15,0,0,0,0.412474,1.26225,4.65011,0.877515,5.44732,0.42336,0,0.42336,460.49,0,0.752008,0,0,1.16448,0.412474,1.028160,1,0,48.4546,0,0,0,48.4546,0
20.9586,1.46975,0,0,3.07859,0.164295,0.36288,3.6288,56.9202,0.31458,0,0,0.873428,0.210699,0,0.66528,12.849,1,0.950086,0.36288,0,68.2669,4.19296,63.4867,0.84672,12.849,0.84672,3695.15,0,0,0,0.412474,1.26238,6.57288,1.05863,7.1891,0.42336,0,0.42336,460.49,0,0.777349,0,0,1.18982,0.412474,1.028160,1,0,70.6758,0,0,0,70.6758,0
21.7604,1.50033,0,0,2.83176,0.166767,0.36288,3.6288,57.763,0.063854,0,0,1.11778,0.211177,0,0.66528,12.849,1,0.919799,0.36288,0,79.8385,4.19296,75.0886,0.84672,12.849,0.84672,3695.15,0,0,0,0.551889,1.2971,6.58908,1.05863,7.37944,0.42336,0,0.42336,460.49,0,1.02816,0,0,1.58005,0.551889,1.028160,1,0,82.4681,0,0,0,82.4681,0
21.9841,1.52182,0,0,2.27707,0.1686,0.36288,3.6288,58.5438,0.0639387,0,0,1.05706,0.212334,0,0.66528,12.849,1,0.898599,0.36288,0,44.2088,4.19296,39.4801,0.84672,12.849,0.84672,3695.15,0,0,0,0.510555,1.29722,4.93214,1.05863,5.68128,0.42336,0,0.42336,460.49,0,1.02816,0,0,1.53871,0.510555,1.028160,1,0,45.1614,0,0,0,45.1614,0
21.6177,1.52777,0,0,1.71162,0.187412,0.36288,3.6288,58.1682,0.786937,0,0,0.605238,0.193906,0,0.66528,12.849,1,0.892934,0.36288,0,45.9157,4.12686,41.2588,0.84672,12.849,0.84672,3695.15,0,0,0,0.503194,1.29734,5.46167,1.00634,6.25587,0.42336,0,0.42336,460.49,0,0.305247,0,0,0.808441,0.503194,1.028160,1,0,47.5147,0,0,0,47.5147,0
21.0721,1.68507,0,0,1.69226,0.189854,0.36288,3.6288,58.3187,0.402961,0,0,0.744219,0.190682,0,0.66528,12.849,1,1.00156,0.36288,0,44.5116,4.0793,39.7936,0.84672,12.849,0.84672,3695.15,0,0,0,0.503194,1.29746,5.42548,1.02369,6.20244,0.42336,0,0.42336,460.49,0,0.782179,0,0,1.28537,0.503194,1.028160,1,0,45.996,0,0,0,45.996,0
20.7548,1.66916,0,0,1.89483,0.180146,0.36288,3.6288,58.1323,0.600497,0,0,0.614199,0.200149,0,0.66528,12.849,1,1.01779,0.36288,0,47.6763,4.09552,42.9259,0.84672,12.849,0.84672,3695.15,0,0,0,0.503194,1.41911,4.82038,1.05852,5.68416,0.42336,0,0.42336,460.49,0,0.584738,0,0,1.08793,0.503194,1.028160,1,0,48.61,0,0,0,48.61,0
20.5946,1.65975,0,0,2.0384,0.175927,0.36288,3.6288,57.7791,0.800478,0,0,0.649184,0.201927,0,0.66528,12.849,1,1.02753,0.36288,0,51.5656,4.08303,46.8179,0.84672,12.849,0.84672,3695.15,0,0,0,0.608429,1.41925,4.49331,1.05015,5.47083,0.42336,0,0.42336,460.49,0,0.384851,0,0,0.99328,0.608429,1.028160,1,0,52.2887,0,0,0,52.2887,0
20.3554,1.65503,0,0,1.9474,0.168724,0.36288,3.6288,57.2762,0.930769,0,0,0.609394,0.181516,0,0.66528,12.849,1,1.03257,0.36288,0,48.689,4.01125,44.008,0.84672,12.849,0.84672,3695.15,0,0,0,0.608429,1.41938,4.38509,0.937029,5.47587,0.42336,0,0.42336,460.49,0,0.254655,0,0,0.863084,0.608429,1.028160,1,0,49.4839,0,0,0,49.4839,0
20.9807,1.41542,0,0,2.57748,0.173855,0.36288,3.6288,57.5544,0.0993713,0,0,0.565566,0.187997,0,0.66528,12.849,1,0.893458,0.36288,0,65.6259,3.98004,61.1153,0.84672,12.849,0.84672,3695.15,0,0,0,0.608429,1.41951,6.12645,0.89613,7.25826,0.42336,0,0.42336,460.49,0,0.961459,0,0,1.56989,0.608429,1.028160,1,0,68.3735,0,0,0,68.3735,0
22.292,1.43211,0,0,3.27651,0.170274,0.36288,3.6288,58.2388,0.0984418,0,0,0.991068,0.20823,0,0.66528,12.849,1,0.87705,0.36288,0,65.1252,3.96585,60.6452,0.84672,12.849,0.84672,3695.15,0,0,0,0.608429,1.25228,6.55181,0.913325,7.49919,0.42336,0,0.42336,460.49,0,0.96247,0,0,1.5709,0.608429,1.028160,1,0,68.1444,0,0,0,68.1444,0
25.3218,1.46501,0,0,5.03105,0.173334,0.36288,3.6288,59.333,0.0328332,0,0,1.33623,0.209153,0,0.66528,12.849,1,0.844426,0.36288,0,85.4029,3.96585,80.9556,0.84672,12.849,0.84672,3695.15,0,0,0,1.27387,1.2524,7.43377,0.913325,9.04671,0.42336,0,0.42336,460.49,0,1.02816,0,0,2.30203,1.27387,1.028160,1,0,90.0023,0,0,0,90.0023,0
28.0605,1.53222,0,0,4.81475,0.180918,0.36288,3.6288,60.2989,0.0329146,0,0,1.20941,0.210628,0,0.66528,12.849,1,0.777493,0.36288,0,63.9595,3.96585,59.579,0.84672,12.849,0.84672,3695.15,0,0,0,0.899312,1.25251,6.6496,0.913325,7.8881,0.42336,0,0.42336,460.49,0,1.02816,0,0,1.92747,0.899312,1.028160,1,0,67.4671,0,0,0,67.4671,0
29.6686,1.58447,0,0,3.74671,0.191329,0.36288,3.6288,61.1715,0.0329961,0,0,1.10786,0.202299,0,0.66528,12.849,1,0.725531,0.36288,0,63.2457,4.23109,58.6519,0.84672,12.849,0.84672,3695.15,0,0,0,0.997229,1.25263,6.50916,0.867768,7.89125,0.42336,0,0.42336,460.49,0,1.02816,0,0,2.02539,0.997229,1.028160,1,0,66.5432,0,0,0,66.5432,0
30.5804,1.67871,0,0,3.1631,0.209707,0.36288,3.6288,61.308,0.188661,0,0,0.626994,0.20732,0.0944652,0.66528,12.849,1,0.727025,0.36288,0,61.5438,4.39108,56.7886,0.84672,12.849,0.84672,3695.15,0,0,0,0.558835,1.25274,4.23412,0.906544,5.13915,0.42336,0,0.42336,460.49,0,0.903096,0,0,1.46193,0.558835,1.028160,1,0,62.0222,0,0,0,62.0222,0
30.3358,1.69418,0,0,2.03587,0.223389,0.36288,3.6288,61.0495,0.557665,0,0,0.501814,0.202644,0,0.66528,12.849,1,0.711847,0.36288,0,38.1017,4.21207,33.5407,0.84672,12.849,0.84672,3695.15,0,0,0,0.528595,1.29433,3.86673,0.927752,4.7619,0.42336,0,0.42336,460.49,0,0.534177,0,0,1.06277,0.528595,1.028160,1,0,38.3026,0,0,0,38.3026,0
29.8461,1.69036,0,0,1.78618,0.222663,0.36288,3.6288,60.9876,0.410611,0,0,0.551067,0.202313,0,0.66528,12.849,1,0.715965,0.36288,0,32.8914,4.21207,28.3263,0.84672,12.849,0.84672,3695.15,0,0,0,0.528595,1.29445,4.01454,0.927752,4.90983,0.42336,0,0.42336,460.49,0,0.681316,0,0,1.20991,0.528595,1.028160,1,0,33.2361,0,0,0,33.2361,0
29.4071,1.68235,0,0,1.81589,0.209661,0.36288,3.6288,61.1023,0.240825,0,0,0.567192,0.211729,0,0.66528,12.849,1,0.724265,0.36288,0,33.5464,4.32841,28.8566,0.84672,12.849,0.84672,3695.15,0,0,0,0.528595,1.29457,4.50508,0.950653,5.37759,0.42336,0,0.42336,460.49,0,0.851187,0,0,1.37978,0.528595,1.028160,1,0,34.2342,0,0,0,34.2342,0
29.0504,1.64904,0,0,1.8892,0.233939,0.36288,3.6288,61.1247,0.379507,0,0,0.59627,0.194314,0,0.66528,12.849,1,0.720523,0.36288,0,35.2108,3.94096,30.9122,0.84672,12.849,0.84672,3695.15,0,0,0,0.528595,1.29469,3.73795,0.992363,4.56887,0.42336,0,0.42336,460.49,0,0.70073,0,0,1.22933,0.528595,1.028160,1,0,35.4811,0,0,0,35.4811,0
28.5863,1.6431,0,0,1.72073,0.178894,0.36288,3.6288,60.9072,0.482441,0,0,0.498463,0.233534,0,0.66528,12.849,1,0.726744,0.36288,0,31.9539,4.28692,27.3031,0.84672,12.849,0.84672,3695.15,0,0,0,0.528595,1.27865,3.45115,1.01302,4.24538,0.42336,0,0.42336,460.49,0,0.597879,0,0,1.12647,0.528595,1.028160,1,0,31.5485,0,0,0,31.5485,0
28.0969,1.63516,0,0,1.67748,0.168838,0.36288,3.6288,60.9569,0.255017,0,0,0.544455,0.239736,0,0.66528,12.849,1,0.734974,0.36288,0,30.9637,4.34458,26.247,0.84672,12.849,0.84672,3695.15,0,0,0,0.402797,1.27877,3.91159,1.01646,4.57669,0.42336,0,0.42336,460.49,0,0.825388,0,0,1.22818,0.402797,1.028160,1,0,30.8237,0,0,0,30.8237,0
27.5081,1.62657,0,0,1.56843,0.167709,0.36288,3.6288,60.865,0.38756,0,0,0.535472,0.239811,0,0.66528,12.849,1,0.743849,0.36288,0,28.2354,4.34458,23.5099,0.84672,12.849,0.84672,3695.15,0,0,0,0.402797,1.27888,3.51094,1.01646,4.17616,0.42336,0,0.42336,460.49,0,0.692928,0,0,1.09572,0.402797,1.028160,1,0,27.686,0,0,0,27.686,0
26.7956,1.70235,0,0,1.50836,0.155648,0.36288,3.6288,60.6748,0.438036,0,0,0.487335,0.239526,0,0.66528,12.849,1,0.795164,0.36288,0,29.0551,4.52483,24.098,0.84672,12.849,0.84672,3695.15,0,0,0,0.402797,1.279,3.28836,1.07875,3.8914,0.42336,0,0.42336,460.49,0,0.684608,0,0,1.0874,0.402797,1.028160,1,0,27.9894,0,0,0,27.9894,0
25.8954,1.68826,0,0,1.27227,0.121378,0.36288,3.6288,60.4967,0.402311,0,0,0.472633,0.248462,0,0.66528,12.849,1,0.809552,0.36288,0,24.97,4.94445,19.5789,0.84672,12.849,0.84672,3695.15,0,0,0,0.402797,1.33539,3.036,1.07281,3.70137,0.42336,0,0.42336,460.49,0,0.72042,0,0,1.12322,0.402797,1.028160,1,0,23.2803,0,0,0,23.2803,0
24.9999,1.66965,0,0,1.25685,0.119848,0.36288,3.6288,60.4368,0.321373,0,0,0.50967,0.248181,0,0.66528,12.849,1,0.828462,0.36288,0,24.2259,4.94445,18.8158,0.84672,12.849,0.84672,3695.15,0,0,0,0.30119,1.33551,3.2896,1.07281,3.85349,0.42336,0,0.42336,460.49,0,0.801446,0,0,1.10264,0.30119,1.028160,1,0,22.6693,0,0,0,22.6693,0
24.046,1.65025,0,0,1.17756,0.118327,0.36288,3.6288,60.3099,0.356997,0,0,0.478246,0.248087,0,0.66528,12.849,1,0.848166,0.36288,0,22.6036,4.94445,17.1739,0.84672,12.849,0.84672,3695.15,0,0,0,0.30119,1.33564,2.9414,1.07281,3.50541,0.42336,0,0.42336,460.49,0,0.76591,0,0,1.0671,0.30119,1.028160,1,0,20.6793,0,0,0,20.6793,0
22.9932,1.62851,0,0,1.04721,0.108594,0.36288,3.6288,59.9888,0.510143,0,0,0.436543,0.247511,0,0.66528,12.849,1,0.8702,0.36288,0,19.8715,4.8969,14.4673,0.84672,12.849,0.84672,3695.15,0,0,0,0.30119,1.33576,2.68967,1.0718,3.25482,0.42336,0,0.42336,460.49,0,0.612852,0,0,0.914043,0.30119,1.028160,1,0,17.7221,0,0,0,17.7221,0
21.8486,1.58705,0,0,0.892331,0.0869944,0.36288,3.6288,59.4185,0.689267,0,0,0.365019,0.246068,0,0.66528,12.849,1,0.886873,0.36288,0,15.6183,4.77802,10.3163,0.84672,12.849,0.84672,3695.15,0,0,0,0.30119,1.33589,2.16137,1.06925,2.7292,0.42336,0,0.42336,460.49,0,0.456952,0,0,0.758143,0.30119,1.028160,1,0,13.0454,0,0,0,13.0454,0
20.6988,1.55798,0,0,0.851213,0.0801311,0.36288,3.6288,58.8696,0.644715,0,0,0.356351,0.260533,0,0.66528,12.849,1,0.916239,0.36288,0,14.687,4.9952,9.13841,0.84672,12.849,0.84672,3695.15,0,0,0,0.261274,1.34918,2.16485,1.14275,2.63255,0.42336,0,0.42336,460.49,0,0.501595,0,0,0.762869,0.261274,1.028160,1,0,11.771,0,0,0,11.771,0
19.4886,1.52677,0,0,0.744915,0.0654361,0.36288,3.6288,58.1934,0.719014,0,0,0.336688,0.293923,0,0.66528,12.849,1,0.947755,0.36288,0,13.8007,5.74152,7.47428,0.84672,12.849,0.84672,3695.15,0,0,0,0.261274,1.34931,2.10667,1.40195,2.31531,0.42336,0,0.42336,460.49,0,0.427386,0,0,0.68866,0.261274,1.028160,1,0,9.78959,0,0,0,9.78959,0
18.2893,1.49148,0,0,0.7196,0.0645774,0.36288,3.6288,57.5694,0.667922,0,0,0.331373,0.287393,0,0.66528,12.849,1,0.983341,0.36288,0,12.7054,6.01272,6.0722,0.84672,12.849,0.84672,3695.15,0,0,0,0.261274,1.34943,2.10386,1.50254,2.21203,0.42336,0,0.42336,460.49,0,0.47857,0,0,0.739843,0.261274,1.028160,1,0,8.28423,0,0,0,8.28423,0
17.1373,1.49185,0,0,0.755559,0.0528142,0.36288,3.6288,56.9833,0.661709,0,0,0.393254,0.317707,0,0.66528,12.849,1,1.04809,0.36288,0,13.74,6.00696,7.04785,0.84672,12.849,0.84672,3695.15,0,0,0,0.261274,1.34956,2.18701,1.56986,2.22798,0.42336,0,0.42336,460.49,0,0.5055,0,0,0.766774,0.261274,1.028160,1,0,9.27583,0,0,0,9.27583,0
16.0059,1.45176,0,0,0.733415,0.0501978,0.36288,3.6288,56.4205,0.603292,0,0,0.36228,0.321727,0,0.66528,12.849,1,1.08848,0.36288,0,13.5833,6.006,6.85169,0.84672,12.849,0.84672,3695.15,0,0,0,0.261274,1.37777,2.34367,1.58109,2.40163,0.42336,0,0.42336,460.49,0,0.564011,0,0,0.825284,0.261274,1.028160,1,0,9.25331,0,0,0,9.25331,0
14.8708,1.40925,0,0,0.68631,0.0493168,0.36288,3.6288,55.8304,0.604931,0,0,0.335339,0.32055,0,0.66528,12.849,1,1.1313,0.36288,0,12.2622,6.006,5.48782,0.84672,12.849,0.84672,3695.15,0,0,0,0.227405,1.3779,2.0917,1.58109,2.11592,0.42336,0,0.42336,460.49,0,0.562464,0,0,0.789869,0.227405,1.028160,1,0,7.60373,0,0,0,7.60373,0
13.7267,1.36309,0,0,0.630072,0.0481616,0.36288,3.6288,55.1728,0.669902,0,0,0.331656,0.319316,0,0.66528,12.849,1,1.17777,0.36288,0,11.2092,6.006,4.3883,0.84672,12.849,0.84672,3695.15,0,0,0,0.227405,1.37803,2.04577,1.58109,2.07012,0.42336,0,0.42336,460.49,0,0.497586,0,0,0.724991,0.227405,1.028160,1,0,6.45842,0,0,0,6.45842,0
12.6299,1.41063,0,0,0.71087,0.0342108,0.36288,3.6288,54.5776,0.653761,0,0,0.361625,0.303056,0,0.66528,12.849,1,1.32043,0.36288,0,10.8537,6.08313,3.81306,0.84672,12.849,0.84672,3695.15,0,0,0,0.227405,1.37816,2.80803,1.57627,2.83733,0.42336,0,0.42336,460.49,0,0.588308,0,0,0.815713,0.227405,1.028160,1,0,6.65039,0,0,0,6.65039,0
11.5847,1.35395,0,0,0.697082,0.0253797,0.36288,3.6288,53.8231,0.807344,0,0,0.338935,0.286123,0,0.66528,12.849,1,1.37744,0.36288,0,10.6817,5.93365,3.7335,0.84672,12.849,0.84672,3695.15,0,0,0,0.227405,1.47142,2.21431,1.50938,2.40376,0.42336,0,0.42336,460.49,0,0.434826,0,0,0.662231,0.227405,1.028160,1,0,6.13726,0,0,0,6.13726,0
10.4612,1.29519,0,0,0.559299,0.0247914,0.36288,3.6288,52.8894,0.915465,0,0,0.266514,0.284695,0,0.66528,12.849,1,1.43653,0.36288,0,12.5641,5.93365,5.55681,0.84672,12.849,0.84672,3695.15,0,0,0,0.204422,1.47156,1.83942,1.50938,2.00602,0.42336,0,0.42336,460.49,0,0.326806,0,0,0.531229,0.204422,1.028160,1,0,7.56283,0,0,0,7.56283,0
9.40226,1.33426,0,0,0.662388,0.0241589,0.36288,3.6288,52.2914,0.722337,0,0,0.406825,0.282582,0,0.66528,12.849,1,1.63882,0.36288,0,10.784,5.93365,3.57442,0.84672,12.849,0.84672,3695.15,0,0,0,0.204422,1.4717,2.48745,1.50938,2.65419,0.42336,0,0.42336,460.49,0,0.5947,0,0,0.799122,0.204422,1.028160,1,0,6.22861,0,0,0,6.22861,0
8.38033,1.15456,0,0,0.518442,0.0229258,0.36288,3.6288,51.4691,0.856708,0,0,0.292482,0.25804,0,0.66528,12.3503,1,1.57781,0.36288,0,9.38333,5.46164,3.20544,0.84672,12.3503,0.84672,3695.15,0,0,0,0.204422,1.5747,2.41414,1.33513,2.85813,0.42336,0,0.42336,460.49,0,0.385765,0,0,0.590187,0.204422,1.028160,1,0,6.06357,0,0,0,6.06357,0
7.05386,1.23881,0,0,0.286216,0.0109973,0.36288,3.6288,50.6596,0.950526,0,0,0.349373,0.208358,0,0.66528,10.6571,1,1.69344,0.36288,0,4.91643,5.21734,3.20544,0.84672,10.6571,0.84672,3692.01,0,0,0,0.204422,1.47198,1.79067,1.29694,2.17014,0.42336,0,0.42336,460.49,0,0.335671,0,0,0.540093,0.204422,1.028160,1,0,5.37558,0,0,0,5.37558,0
5.68616,1.23916,0,0,0.244905,0.0105608,0.36288,3.6288,49.4437,1.2018,0,0,0.192966,0.206992,0,0.66528,8.96385,1,1.69344,0.36288,0,4.9116,5.21734,3.20544,0.84672,8.96385,0.84672,3688.86,0,0,0,0.216518,1.54322,1.33269,1.29694,1.79549,0.42336,0,0.42336,460.49,0,0.0844983,0,0,0.301017,0.216518,1.028160,1,0,5.00093,0,0,0,5.00093,0
4.5357,1.02495,0,0,0.255513,0.0181373,0.36288,3.6288,48.3163,1.12225,0,0,0.185768,0.191,0,0.66528,7.34834,1,1.61577,0.36288,0,4.721,5.00972,3.20544,0.84672,7.34834,0.84672,3685.73,0,0,0,0.216518,1.54337,1.34113,1.23204,1.86897,0.42336,0,0.42336,460.49,0,0.075282,0,0,0.2918,0.216518,1.028160,1,0,5.07441,0,0,0,5.07441,0
3.84226,1.00799,0,0,0.741238,0.0638138,0.36288,3.6288,47.6832,0.964461,0,0,0.437747,0.106357,0,0.66528,5.75281,1,1.63305,0.36288,0,14.2291,3.76394,3.20544,0.84672,5.75281,0.84672,3693.31,0,0,0,0.216518,1.42008,3.52242,0.842655,4.31637,0.42336,0,0.42336,460.49,0,0.233165,0,0,0.449683,0.216518,1.028160,1,0,7.52181,0,0,0,7.52181,0
3.16265,1.02725,0,0,0.783959,0.07343,0.36288,3.6288,47.7315,0.249922,0,0,0.492302,0.194034,0,0.66528,12.2303,1,1.53805,0.36288,0,16.9482,4.25151,3.20544,0.84672,12.2303,0.84672,3695.15,0,0,0,0.216518,1.42022,2.82559,1.12752,3.33481,0.42336,0,0.42336,460.49,0,0.906606,0,0,1.12312,0.216518,1.028160,1,0,6.54025,0,0,0,6.54025,0
2.86118,0.872177,0,0,1.00953,0.0759499,0.36288,3.6288,48.0355,0.12846,0,0,0.661816,0.229422,0,0.66528,12.849,1,1.69344,0.36288,0,24.979,4.44654,18.5832,0.84672,12.849,0.84672,3695.15,0,0,0,0.617069,1.37427,5.6748,1.24146,6.42468,0.42336,0,0.42336,460.49,0,1.02816,0,0,1.64523,0.617069,1.028160,1,0,25.0079,0,0,0,25.0079,0
2.99059,0.872485,0,0,1.45192,0.0871377,0.36288,3.6288,48.5492,0.128552,0,0,0.863482,0.221198,0,0.66528,12.849,1,1.69344,0.36288,0,37.4758,4.16058,31.9847,0.84672,12.849,0.84672,3695.15,0,0,0,0.946253,1.3744,5.40502,1.19993,6.52575,0.42336,0,0.42336,460.49,0,1.02816,0,0,1.97441,0.946253,1.028160,1,0,38.5104,0,0,0,38.5104,0
4.6547,0.872793,0,0,2.99644,0.0966633,0.36288,3.6288,49.6831,0.128643,0,0,1.47809,0.215511,0,0.66528,12.849,1,1.69344,0.36288,0,41.3782,3.94611,36.1015,0.84672,12.849,0.84672,3695.15,0,0,0,1.75577,1.37453,9.11122,1.16878,11.0727,0.42336,0,0.42336,460.49,0,1.02816,0,0,2.78393,1.75577,1.028160,1,0,47.1742,0,0,0,47.1742,0
5.53399,0.920443,0,0,2.26693,0.104316,0.36288,3.6288,50.6791,0.119225,0,0,1.32904,0.213897,0,0.66528,12.849,1,1.69344,0.36288,0,41.7849,4.09803,36.3563,0.84672,12.849,0.84672,3695.15,0,0,0,1.15222,1.37466,7.41521,1.11761,8.82448,0.42336,0,0.42336,460.49,0,1.02816,0,0,2.18038,1.15222,1.028160,1,0,45.1807,0,0,0,45.1807,0
6.96758,0.920756,0,0,2.82671,0.109474,0.36288,3.6288,52.2782,0.119316,0,0,1.92925,0.210752,0,0.66528,12.849,1,1.69344,0.36288,0,95.2036,4.30059,89.5725,0.84672,12.849,0.84672,3695.15,0,0,0,1.99547,1.37631,9.77106,1.04939,12.0934,0.42336,0,0.42336,460.49,0,1.02816,0,0,3.02363,1.99547,1.028160,1,0,101.666,0,0,0,101.666,0
10.3928,0.921069,0,0,4.8238,0.114608,0.36288,3.6288,54.6468,0.119406,0,0,2.70144,0.213499,0,0.66528,12.849,1,1.69344,0.36288,0,92.261,4.30059,86.6299,0.84672,12.849,0.84672,3695.15,0,0,0,2.38158,1.37644,13.3517,1.04939,16.0604,0.42336,0,0.42336,460.49,0,1.02816,0,0,3.40974,2.38158,1.028160,1,0,102.69,0,0,0,102.69,0
11.8322,1.30447,0,0,3.23687,0.130191,0.36288,3.6288,56.2466,0,0,0,1.78814,0.18835,0,0.66528,12.849,1,1.61276,0.36288,0,110.895,3.97059,105.675,0.84672,12.849,0.84672,3695.15,0,0,0,1.69161,1.37657,10.3259,0.959918,12.4342,0.42336,0,0.42336,460.49,0,0.845257,0,0,2.53687,1.69161,1.028160,1,0,118.109,0,0,0,118.109,0
11.8936,1.39867,0,0,1.9604,0.137366,0.36288,3.6288,57.0308,0,0,0,0.952569,0.16837,0,0.66528,12.849,1,1.51887,0.36288,0,42.9922,3.72309,38.1131,0.84672,12.849,0.84672,3695.15,0,0,0,0.7983,1.19973,9.25724,0.892812,10.3625,0.42336,0,0.42336,460.49,0,0.845348,0,0,1.64365,0.7983,1.028160,1,0,48.4756,0,0,0,48.4756,0
14.2094,1.44653,0,0,4.24041,0.115267,0.36288,3.6288,57.9193,0,0,0,1.05601,0.167482,0,0.66528,12.849,1,1.56272,0.36288,0,111.658,3.75134,106.707,0.84672,12.849,0.84672,3695.15,0,0,0,3.42071,1.19986,8.9754,0.639939,12.956,0.42336,0,0.42336,460.49,0,0.872772,0,0,4.29348,3.42071,1.028160,1,0,119.663,0,0,0,119.663,0
15.796,1.58043,0,0,3.65122,0.121286,0.36288,3.6288,58.7001,0,0,0,0.949216,0.168449,0,0.66528,12.849,1,1.42912,0.36288,0,96.3585,3.75134,91.5409,0.84672,12.849,0.84672,3695.15,0,0,0,3.01772,1.23824,8.19841,0.639939,11.8144,0.42336,0,0.42336,460.49,0,0.87286,0,0,3.89058,3.01772,1.028160,1,0,103.355,0,0,0,103.355,0
16.9727,1.65975,0,0,3.3247,0.125409,0.36288,3.6288,59.411,0,0,0,0.880226,0.169298,0,0.66528,12.849,1,1.3501,0.36288,0,87.1413,3.75134,82.4028,0.84672,12.849,0.84672,3695.15,0,0,0,2.73661,1.23836,7.80373,0.639939,11.1388,0.42336,0,0.42336,460.49,0,0.872947,0,0,3.60956,2.73661,1.028160,1,0,93.5415,0,0,0,93.5415,0
18.1418,1.71319,0,0,3.3923,0.14704,0.36288,3.6288,60.1324,0,0,0,0.89494,0.173553,0,0.66528,12.849,1,1.29696,0.36288,0,88.0088,3.95347,83.1212,0.84672,12.849,0.84672,3695.15,0,0,0,2.79578,1.23849,8.14605,0.753041,11.4273,0.42336,0,0.42336,460.49,0,0.873035,0,0,3.66881,2.79578,1.028160,1,0,94.5485,0,0,0,94.5485,0
18.7698,1.93419,0,0,3.10714,0.182143,0.36288,3.6288,60.6971,0,0,0,0.756518,0.191812,0,0.66528,12.849,1,1.3699,0.36288,0,92.9163,4.6337,87.2756,0.84672,12.849,0.84672,3695.15,0,0,0,2.46275,1.23861,7.04203,1.19881,9.54458,0.42336,0,0.42336,460.49,0,0.975783,0,0,3.43853,2.46275,1.028160,1,0,96.8202,0,0,0,96.8202,0
19.6627,1.96159,0,0,3.40466,0.187239,0.36288,3.6288,61.308,0,0,0,0.830356,0.196793,0.0226511,0.66528,12.849,1,1.34283,0.36288,0,81.8942,4.79861,76.1157,0.84672,12.849,0.84672,3695.15,0,0,0,2.82442,1.37308,6.68313,1.33047,9.55016,0.42336,0,0.42336,460.49,0,0.975881,0,0,3.8003,2.82442,1.028160,1,0,85.6885,0,0,0,85.6885,0
22.0861,1.99868,0,0,4.97458,0.189601,0.36288,3.6288,61.308,0,0,0,0.919382,0.197556,0.721827,0.66528,12.849,1,1.30607,0.36288,0,87.9034,4.79861,82.1616,0.84672,12.849,0.84672,3695.15,0,0,0,3.62991,1.37321,9.31997,1.33047,12.9926,0.42336,0,0.42336,460.49,0,0.975979,0,0,4.60589,3.62991,1.028160,1,0,95.876,0,0,0,95.876,0
23.7209,2.08949,0,0,4.29188,0.204743,0.36288,3.6288,61.308,0,0,0,0.653492,0.188937,0.464555,0.66528,12.849,1,1.2156,0.36288,0,99.9285,5.05142,94.0244,0.84672,12.849,0.84672,3695.15,0,0,0,2.33723,1.37335,6.91814,1.4021,9.22663,0.42336,0,0.42336,460.49,0,0.976077,0,0,3.31331,2.33723,1.028160,1,0,103.716,0,0,0,103.716,0
24.7981,1.87227,0,0,3.51788,0.20551,0.36288,3.6288,61.308,0,0,0,0.708667,0.204857,0.503809,0.66528,12.849,1,1.01416,0.36288,0,76.0264,4.83018,70.5449,0.84672,12.849,0.84672,3695.15,0,0,0,2.03696,1.37349,5.58392,1.26439,7.72997,0.42336,0,0.42336,460.49,0,0.838348,0,0,2.87531,2.03696,1.028160,1,0,78.7787,0,0,0,78.7787,0
26.5226,1.90148,0,0,4.18347,0.1946,0.36288,3.6288,61.308,0,0,0,0.712619,0.228476,0.484143,0.66528,12.849,1,0.98524,0.36288,0,75.1464,4.35278,70.1713,0.84672,12.849,0.84672,3695.15,0,0,0,1.48759,1.18862,10.398,1.11558,11.9587,0.42336,0,0.42336,460.49,0,0.838432,0,0,2.32603,1.48759,1.028160,1,0,82.6141,0,0,0,82.6141,0
31.2507,1.94483,0,0,7.23521,0.199433,0.36288,3.6288,61.308,0,0,0,1.99616,0.228476,1.76768,0.66528,12.849,1,0.942181,0.36288,0,107.672,4.35278,102.74,0.84672,12.849,0.84672,3695.15,0,0,0,4.54739,1.18874,13.934,1.11558,18.5545,0.42336,0,0.42336,460.49,0,0.838516,0,0,5.38591,4.54739,1.028160,1,0,123.062,0,0,0,123.062,0
32.4743,2.04605,0,0,3.84517,0.212665,0.36288,3.6288,61.308,0,0,0,0.878351,0.228476,0.649875,0.66528,12.849,1,0.841251,0.36288,0,136.223,4.35278,131.391,0.84672,12.849,0.84672,3695.15,0,0,0,1.47272,1.18886,7.22352,1.11558,8.76952,0.42336,0,0.42336,460.49,0,0.8386,0,0,2.31132,1.47272,1.028160,1,0,140.811,0,0,0,140.811,0
33.4957,2.06897,0,0,3.62419,0.170945,0.36288,3.6288,61.308,0,0,0,0.699123,0.214723,0.4844,0.66528,12.849,1,0.818622,0.36288,0,97.9629,4.47161,93.0356,0.84672,12.849,0.84672,3695.15,0,0,0,1.21286,1.18898,5.33723,1.17141,6.56766,0.42336,0,0.42336,460.49,0,0.838684,0,0,2.05154,1.21286,1.028160,1,0,100.088,0,0,0,100.088,0
35.3601,2.16348,0,0,4.56743,0.176611,0.36288,3.6288,61.308,0,0,0,1.08567,0.191894,0.893774,0.66528,12.849,1,0.829915,0.36288,0,95.2033,3.97142,90.7648,0.84672,12.849,0.84672,3695.15,0,0,0,1.4484,1.1891,7.41411,1.05811,8.9935,0.42336,0,0.42336,460.49,0,0.872503,0,0,2.3209,1.4484,1.028160,1,0,100.652,0,0,0,100.652,0
36.8709,2.1958,0,0,4.25013,0.18068,0.36288,3.6288,61.308,0,0,0,1.1215,0.191894,0.929604,0.66528,12.849,1,0.797898,0.36288,0,100.199,3.97142,95.7925,0.84672,12.849,0.84672,3695.15,0,0,0,1.91302,1.23506,7.68461,1.05811,9.77458,0.42336,0,0.42336,460.49,0,0.87259,0,0,2.78561,1.91302,1.028160,1,0,106.497,0,0,0,106.497,0
38.5802,2.22026,0,0,4.47644,0.183977,0.36288,3.6288,61.308,0,0,0,0.800496,0.191894,0.608602,0.66528,12.849,1,0.773731,0.36288,0,83.0563,3.97142,78.6741,0.84672,12.849,0.84672,3695.15,0,0,0,1.12233,1.23518,5.23124,1.05811,6.53063,0.42336,0,0.42336,460.49,0,0.872678,0,0,1.99501,1.12233,1.028160,1,0,85.8133,0,0,0,85.8133,0
39.4569,2.24621,0,0,3.62732,0.141611,0.36288,3.6288,61.308,0,0,0,0.744837,0.260965,0.483872,0.66528,12.849,1,0.74809,0.36288,0,72.422,4.86328,67.1735,0.84672,12.849,0.84672,3695.15,0,0,0,1.10567,1.23531,6.47317,1.30762,7.50653,0.42336,0,0.42336,460.49,0,0.872765,0,0,1.97843,1.10567,1.028160,1,0,75.1639,0,0,0,75.1639,0
39.4356,2.22784,0,0,2.69987,0.1304,0.36288,3.6288,61.308,0.0288536,0,0,0.5814,0.214423,0.338124,0.66528,12.849,1,0.725488,0.36288,0,56.494,3.83081,52.3006,0.84672,12.849,0.84672,3695.15,0,0,0,0.528595,1.23543,4.25832,1.06653,4.95581,0.42336,0,0.42336,460.49,0,0.830891,0,0,1.35949,0.528595,1.028160,1,0,57.5945,0,0,0,57.5945,0
39.1023,2.22776,0,0,2.38559,0.12826,0.36288,3.6288,61.308,0,0,0,0.582252,0.206666,0.375586,0.66528,12.849,1,0.725855,0.36288,0,49.2719,3.65872,45.2502,0.84672,12.849,0.84672,3695.15,0,0,0,0.535511,1.21769,5.14356,1.02635,5.87042,0.42336,0,0.42336,460.49,0,0.859831,0,0,1.39534,0.535511,1.028160,1,0,51.4962,0,0,0,51.4962,0
39.169,2.22333,0,0,2.78067,0.127768,0.36288,3.6288,61.308,0,0,0,0.621694,0.206666,0.415028,0.66528,12.849,1,0.730585,0.36288,0,50.8809,3.65872,46.8544,0.84672,12.849,0.84672,3695.15,0,0,0,0.532859,1.21781,4.4103,1.02635,5.13462,0.42336,0,0.42336,460.49,0,0.859918,0,0,1.39278,0.532859,1.028160,1,0,52.4041,0,0,0,52.4041,0
39.5848,2.22449,0,0,3.1145,0.111308,0.36288,3.6288,61.308,0,0,0,0.639639,0.212021,0.427618,0.66528,12.849,1,0.729722,0.36288,0,61.107,3.82127,56.9189,0.84672,12.849,0.84672,3695.15,0,0,0,0.595214,1.21794,4.25167,0.996264,5.06856,0.42336,0,0.42336,460.49,0,0.860004,0,0,1.45522,0.595214,1.028160,1,0,62.4151,0,0,0,62.4151,0
39.2699,2.33631,0,0,2.47133,0.0870506,0.36288,3.6288,61.308,0,0,0,0.671947,0.216997,0.45495,0.66528,12.849,1,0.758352,0.36288,0,49.827,4.0082,45.4233,0.84672,12.849,0.84672,3695.15,0,0,0,0.537213,1.21806,4.1098,0.918627,4.94644,0.42336,0,0.42336,460.49,0,0.906591,0,0,1.4438,0.537213,1.028160,1,0,50.8247,0,0,0,50.8247,0
39.0874,2.33196,0,0,2.59565,0.0832721,0.36288,3.6288,61.308,0,0,0,0.676901,0.214111,0.46279,0.66528,12.849,1,0.763011,0.36288,0,47.9969,3.96847,43.6283,0.84672,12.849,0.84672,3695.15,0,0,0,0.423083,1.28037,3.81624,0.868603,4.6511,0.42336,0,0.42336,460.49,0,0.906682,0,0,1.32977,0.423083,1.028160,1,0,48.7422,0,0,0,48.7422,0
38.5516,2.32951,0,0,2.23964,0.0830969,0.36288,3.6288,61.308,0,0,0,0.593497,0.214111,0.379386,0.66528,12.849,1,0.765768,0.36288,0,43.5232,3.96847,39.1519,0.84672,12.849,0.84672,3695.15,0,0,0,0.319485,1.2805,3.51802,0.868603,4.2494,0.42336,0,0.42336,460.49,0,0.906773,0,0,1.22626,0.319485,1.028160,1,0,43.7806,0,0,0,43.7806,0
37.7949,2.32176,0,0,2.01056,0.0825822,0.36288,3.6288,61.308,0.0625111,0,0,0.515493,0.214111,0.238871,0.66528,12.849,1,0.773829,0.36288,0,41.1465,3.96847,36.7671,0.84672,12.849,0.84672,3695.15,0,0,0,0.30119,1.28063,3.47517,0.868603,4.18839,0.42336,0,0.42336,460.49,0,0.844353,0,0,1.14554,0.30119,1.028160,1,0,41.1944,0,0,0,41.1944,0
36.8234,2.31043,0,0,1.77523,0.0733989,0.36288,3.6288,61.308,0,0,0,0.53143,0.226427,0.305003,0.66528,12.849,1,0.785469,0.36288,0,37.6256,4.27493,32.928,0.84672,12.849,0.84672,3695.15,0,0,0,0.330881,1.28076,3.36442,0.954263,4.02179,0.42336,0,0.42336,460.49,0,0.906955,0,0,1.23784,0.330881,1.028160,1,0,37.2548,0,0,0,37.2548,0
35.449,2.27474,0,0,1.33256,0.0693285,0.36288,3.6288,61.308,0,0,0,0.754566,0.231175,0.523391,0.66528,12.849,1,0.793738,0.36288,0,34.5914,4.74421,29.4163,0.84672,12.849,0.84672,3695.15,0,0,0,1.00626,1.28089,3.42325,1.09452,4.61587,0.42336,0,0.42336,460.49,0,0.932616,0,0,1.93888,1.00626,1.028160,1,0,34.5555,0,0,0,34.5555,0
33.9775,2.25238,0,0,1.21189,0.0681976,0.36288,3.6288,61.308,0,0,0,0.735791,0.231175,0.504616,0.66528,12.849,1,0.816407,0.36288,0,33.9143,4.74421,28.7166,0.84672,12.849,0.84672,3695.15,0,0,0,0.981059,1.29557,3.28008,1.09452,4.46219,0.42336,0,0.42336,460.49,0,0.93271,0,0,1.91377,0.981059,1.028160,1,0,33.6834,0,0,0,33.6834,0
32.4206,2.22695,0,0,1.09998,0.0669868,0.36288,3.6288,61.308,0,0,0,0.690275,0.231175,0.4591,0.66528,12.849,1,0.842148,0.36288,0,30.2203,4.74421,24.9968,0.84672,12.849,0.84672,3695.15,0,0,0,0.765138,1.2957,3.17305,1.09452,4.13937,0.42336,0,0.42336,460.49,0,0.932803,0,0,1.69794,0.765138,1.028160,1,0,29.5953,0,0,0,29.5953,0
30.8597,2.19821,0,0,1.04357,0.0434221,0.36288,3.6288,61.308,0,0,0,0.647499,0.307959,0.33954,0.66528,12.849,1,0.871197,0.36288,0,27.1831,5.73226,20.9425,0.84672,12.849,0.84672,3695.15,0,0,0,0.771689,1.29583,3.00714,1.45518,3.61949,0.42336,0,0.42336,460.49,0,0.932897,0,0,1.70459,0.771689,1.028160,1,0,24.9015,0,0,0,24.9015,0
29.3054,2.21789,0,0,1.08115,0.0547044,0.36288,3.6288,61.308,0,0,0,0.640872,0.313123,0.327749,0.66528,12.849,1,0.923461,0.36288,0,27.0734,5.88136,20.6315,0.84672,12.849,0.84672,3695.15,0,0,0,0.827888,1.29596,3.20011,1.46122,3.86274,0.42336,0,0.42336,460.49,0,0.955788,0,0,1.78368,0.827888,1.028160,1,0,24.822,0,0,0,24.822,0
27.7105,2.18406,0,0,1.01039,0.0583326,0.36288,3.6288,61.308,0,0,0,0.610127,0.315189,0.294937,0.66528,12.849,1,0.957607,0.36288,0,26.0203,5.941,19.4846,0.84672,12.849,0.84672,3695.15,0,0,0,0.725918,1.32713,3.2457,1.46363,3.83512,0.42336,0,0.42336,460.49,0,0.955884,0,0,1.6818,0.725918,1.028160,1,0,23.6146,0,0,0,23.6146,0
26.0617,2.14662,0,0,0.917827,0.0570745,0.36288,3.6288,61.308,0,0,0,0.593586,0.315189,0.278397,0.66528,12.849,1,0.995362,0.36288,0,24.4937,5.941,17.9202,0.84672,12.849,0.84672,3695.15,0,0,0,0.617217,1.32727,3.12985,1.46363,3.6107,0.42336,0,0.42336,460.49,0,0.95598,0,0,1.5732,0.617217,1.028160,1,0,21.8093,0,0,0,21.8093,0
24.3264,2.10466,0,0,0.777384,0.0451835,0.36288,3.6288,61.308,0,0,0,0.590367,0.320847,0.26952,0.66528,12.849,1,1.03764,0.36288,0,23.3432,6.2178,16.4506,0.84672,12.849,0.84672,3695.15,0,0,0,0.603608,1.3274,3.0713,1.46413,3.53818,0.42336,0,0.42336,460.49,0,0.956076,0,0,1.55968,0.603608,1.028160,1,0,20.2583,0,0,0,20.2583,0
22.4664,2.19377,0,0,0.749477,0.0528229,0.36288,3.6288,61.308,0.0103342,0,0,0.533202,0.309752,0.213116,0.66528,12.849,1,1.15873,0.36288,0,22.007,6.19061,15.0206,0.84672,12.849,0.84672,3695.15,0,0,0,0.500316,1.32753,2.87834,1.38113,3.32506,0.42336,0,0.42336,460.49,0,1.02816,0,0,1.52848,0.500316,1.028160,1,0,18.5588,0,0,0,18.5588,0
20.9703,2.13295,0,0,1.05597,0.0562714,0.36288,3.6288,61.308,0.0104383,0,0,0.617091,0.308478,0.298175,0.66528,12.849,1,1.21988,0.36288,0,28.4562,6.50853,21.0907,0.84672,12.849,0.84672,3695.15,0,0,0,1.02472,1.4306,3.26851,1.43339,4.29044,0.42336,0,0.42336,460.49,0,1.02816,0,0,2.05288,1.02472,1.028160,1,0,25.6793,0,0,0,25.6793,0
19.3073,2.07919,0,0,0.834252,0.0551408,0.36288,3.6288,61.308,0.0105425,0,0,0.450456,0.308478,0.131435,0.66528,12.849,1,1.27397,0.36288,0,29.3659,6.50853,21.9463,0.84672,12.849,0.84672,3695.15,0,0,0,0.442541,1.43074,2.58988,1.43339,3.02978,0.42336,0,0.42336,460.49,0,1.02816,0,0,1.4707,0.442541,1.028160,1,0,25.1075,0,0,0,25.1075,0
17.9102,2.01351,0,0,1.03321,0.0538842,0.36288,3.6288,61.308,0.0106467,0,0,0.749408,0.308478,0.430283,0.66528,12.849,1,1.33999,0.36288,0,26.0248,6.50853,18.5392,0.84672,12.849,0.84672,3695.15,0,0,0,1.59498,1.43089,3.89182,1.43339,5.48429,0.42336,0,0.42336,460.49,0,1.02816,0,0,2.62314,1.59498,1.028160,1,0,24.4537,0,0,0,24.4537,0
16.3589,1.95285,0,0,0.820696,0.0563039,0.36288,3.6288,61.308,0.0107509,0,0,0.518731,0.274005,0.233975,0.66528,12.849,1,1.40099,0.36288,0,21.0152,5.58431,14.3927,0.84672,12.849,0.84672,3695.15,0,0,0,0.765323,1.43103,3.80931,1.07362,4.93204,0.42336,0,0.42336,460.49,0,1.02816,0,0,1.79348,0.765323,1.028160,1,0,19.5588,0,0,0,19.5588,0
14.9321,1.82131,0,0,0.819478,0.0621459,0.36288,3.6288,61.308,0,0,0,0.575271,0.283394,0.291877,0.66528,12.849,1,1.43053,0.36288,0,20.5238,6.54659,12.9096,0.84672,12.849,0.84672,3695.15,0,0,0,0.426226,1.43117,3.48024,1.41586,3.92177,0.42336,0,0.42336,460.49,0,0.989023,0,0,1.41525,0.426226,1.028160,1,0,17.1232,0,0,0,17.1232,0
13.8201,1.74801,0,0,1.08008,0.0811262,0.36288,3.6288,61.308,0,0,0,0.604797,0.255791,0.349005,0.66528,12.849,1,1.50416,0.36288,0,20.756,6.32572,13.289,0.84672,12.849,0.84672,3695.15,0,0,0,0.526057,1.37351,2.79915,1.34001,3.35872,0.42336,0,0.42336,460.49,0,0.989123,0,0,1.51518,0.526057,1.028160,1,0,16.9967,0,0,0,16.9967,0
13.2339,1.68546,0,0,1.54133,0.0792227,0.36288,3.6288,61.308,0,0,0,0.995386,0.255791,0.739595,0.66528,12.849,1,1.56703,0.36288,0,38.3923,6.32572,30.8624,0.84672,12.849,0.84672,3695.15,0,0,0,1.56898,1.37365,5.24758,1.34001,6.85021,0.42336,0,0.42336,460.49,0,0.989222,0,0,2.5582,1.56898,1.028160,1,0,38.4522,0,0,0,38.4522,0
12.4269,1.65041,0,0,1.29349,0.087228,0.36288,3.6288,61.308,0,0,0,0.760078,0.25012,0.509958,0.66528,12.849,1,1.60241,0.36288,0,51.3952,6.31272,43.843,0.84672,12.849,0.84672,3695.15,0,0,0,0.948139,1.37379,3.45945,1.34584,4.43553,0.42336,0,0.42336,460.49,0,0.989321,0,0,1.93746,0.948139,1.028160,1,0,48.7885,0,0,0,48.7885,0
13.3631,1.55809,0,0,2.96951,0.112266,0.36288,3.6288,61.308,0,0,0,0.860487,0.214884,0.645603,0.66528,12.849,1,1.61102,0.36288,0,55.4136,4.93593,49.2295,0.84672,12.849,0.84672,3695.15,0,0,0,1.24754,1.37393,4.75457,1.22432,6.15171,0.42336,0,0.42336,460.49,0,0.943897,0,0,2.19143,1.24754,1.028160,1,0,56.0268,0,0,0,56.0268,0
14.5327,1.6158,0,0,3.24251,0.0943026,0.36288,3.6288,61.308,0,0,0,0.79863,0.213977,0.584653,0.66528,12.849,1,1.55363,0.36288,0,69.7274,3.96186,64.5748,0.84672,12.849,0.84672,3695.15,0,0,0,1.50823,1.32315,7.38009,1.10691,9.10455,0.42336,0,0.42336,460.49,0,0.943992,0,0,2.45222,1.50823,1.028160,1,0,74.264,0,0,0,74.264,0
15.8048,1.68232,0,0,3.41405,0.0967097,0.36288,3.6288,61.308,0,0,0,1.22048,0.213977,1.0065,0.66528,12.849,1,1.48742,0.36288,0,82.01,3.96186,76.9236,0.84672,12.849,0.84672,3695.15,0,0,0,1.87852,1.32328,8.7156,1.10691,10.8105,0.42336,0,0.42336,460.49,0,0.944086,0,0,2.8226,1.87852,1.028160,1,0,88.7406,0,0,0,88.7406,0
16.9656,1.74854,0,0,3.37153,0.0993279,0.36288,3.6288,61.308,0,0,0,1.2666,0.213977,1.05262,0.66528,12.849,1,1.42152,0.36288,0,64.6255,3.96186,59.605,0.84672,12.849,0.84672,3695.15,0,0,0,2.44404,1.32341,10.3654,1.10691,13.0259,0.42336,0,0.42336,460.49,0,0.944181,0,0,3.38822,2.44404,1.028160,1,0,73.6835,0,0,0,73.6835,0
18.0369,1.66819,0,0,3.22895,0.126618,0.36288,3.6288,61.308,0,0,0,1.76818,0.219381,1.54879,0.66528,12.849,1,1.26342,0.36288,0,83.7342,3.52125,79.3124,0.84672,12.849,0.84672,3695.15,0,0,0,2.4803,1.32354,10.0006,0.996291,12.8082,0.42336,0,0.42336,460.49,0,0.849426,0,0,3.32973,2.4803,1.028160,1,0,93.6694,0,0,0,93.6694,0
19.2942,1.71219,0,0,3.47539,0.142939,0.36288,3.6288,61.308,0,0,0,1.61563,0.205991,1.40964,0.66528,12.849,1,1.21972,0.36288,0,154.58,4.49295,149.23,0.84672,12.849,0.84672,3695.15,0,0,0,3.43951,1.20565,13.0395,1.16071,16.5239,0.42336,0,0.42336,460.49,0,0.849512,0,0,4.28902,3.43951,1.028160,1,0,167.164,0,0,0,167.164,0
20.76,1.76008,0,0,3.73423,0.145505,0.36288,3.6288,61.308,0,0,0,2.00909,0.205991,1.80309,0.66528,12.849,1,1.17212,0.36288,0,100.621,4.49295,95.3184,0.84672,12.849,0.84672,3695.15,0,0,0,3.04727,1.20577,13.8068,1.16071,16.8991,0.42336,0,0.42336,460.49,0,0.849597,0,0,3.89686,3.04727,1.028160,1,0,114.021,0,0,0,114.021,0
21.8825,1.81138,0,0,3.45336,0.156585,0.36288,3.6288,61.308,0,0,0,1.73489,0.201224,1.53366,0.66528,12.849,1,1.12112,0.36288,0,116.351,4.30563,111.287,0.84672,12.849,0.84672,3695.15,0,0,0,2.83597,1.20589,13.5985,1.12266,16.5177,0.42336,0,0.42336,460.49,0,0.849682,0,0,3.68565,2.83597,1.028160,1,0,129.338,0,0,0,129.338,0
26.5599,1.8478,0,0,7.06754,0.179534,0.36288,3.6288,61.308,0,0,0,3.23158,0.189307,3.04227,0.66528,12.849,1,1.08499,0.36288,0,214.739,3.83733,210.18,0.84672,12.849,0.84672,3695.15,0,0,0,5.40258,1.20601,22.5446,1.02752,28.1257,0.42336,0,0.42336,460.49,0,0.849767,0,0,6.25234,5.40258,1.028160,1,0,241.348,0,0,0,241.348,0
29.5221,2.03869,0,0,5.52723,0.16341,0.36288,3.6288,61.308,0,0,0,3.41461,0.231011,3.1836,0.66528,12.849,1,0.986268,0.36288,0,159.847,4.34556,154.878,0.84672,12.849,0.84672,3695.15,0,0,0,4.65148,1.20613,17.674,1.09331,22.4383,0.42336,0,0.42336,460.49,0,0.877329,0,0,5.52881,4.65148,1.028160,1,0,180.5,0,0,0,180.5,0
32.0482,2.10784,0,0,5.16212,0.165286,0.36288,3.6288,61.308,0,0,0,4.26108,0.237961,4.02311,0.66528,12.849,1,0.917402,0.36288,0,194.245,4.43026,189.261,0.84672,12.849,0.84672,3695.15,0,0,0,6.13488,1.2447,21.0947,1.10428,27.37,0.42336,0,0.42336,460.49,0,0.877411,0,0,7.01229,6.13488,1.028160,1,0,220.654,0,0,0,220.654,0
32.6947,2.15966,0,0,3.35759,0.188618,0.36288,3.6288,61.308,0,0,0,2.57373,0.230821,2.34291,0.66528,12.849,1,0.865866,0.36288,0,109.552,4.50623,104.543,0.84672,12.849,0.84672,3695.15,0,0,0,3.56662,1.24482,13.4853,1.23673,17.06,0.42336,0,0.42336,460.49,0,0.877493,0,0,4.44411,3.56662,1.028160,1,0,123.945,0,0,0,123.945,0
35.7735,2.17215,0,0,5.76896,0.155049,0.36288,3.6288,61.308,0,0,0,3.21342,0.265173,2.94825,0.66528,12.849,1,0.853656,0.36288,0,131.743,4.65252,126.599,0.84672,12.849,0.84672,3695.15,0,0,0,4.64692,1.24493,14.9003,1.3551,19.437,0.42336,0,0.42336,460.49,0,0.877575,0,0,5.52449,4.64692,1.028160,1,0,148.985,0,0,0,148.985,0
36.4821,2.44357,0,0,3.67263,0.157658,0.36288,3.6288,61.308,0,0,0,2.15368,0.246411,1.90726,0.66528,12.849,1,0.877673,0.36288,0,101.885,4.30183,97.068,0.84672,12.849,0.84672,3695.15,0,0,0,2.54976,1.24505,10.0653,1.14607,12.7141,0.42336,0,0.42336,460.49,0,0.980851,0,0,3.53061,2.54976,1.028160,1,0,111.689,0,0,0,111.689,0
37.1301,2.45641,0,0,3.63771,0.170334,0.36288,3.6288,61.308,0,0,0,2.32158,0.252551,2.06903,0.66528,12.849,1,0.865149,0.36288,0,93.4727,4.41032,88.5601,0.84672,12.849,0.84672,3695.15,0,0,0,2.88337,1.38021,8.9367,1.09786,12.1024,0.42336,0,0.42336,460.49,0,0.980943,0,0,3.86431,2.88337,1.028160,1,0,102.732,0,0,0,102.732,0
38.2934,2.46786,0,0,4.16561,0.17165,0.36288,3.6288,61.308,0,0,0,2.85726,0.252551,2.60471,0.66528,12.849,1,0.85401,0.36288,0,102.284,4.41032,97.3823,0.84672,12.849,0.84672,3695.15,0,0,0,3.20391,1.38034,11.3295,1.09786,14.8159,0.42336,0,0.42336,460.49,0,0.981034,0,0,4.18494,3.20391,1.028160,1,0,114.803,0,0,0,114.803,0
39.4974,2.48752,0,0,4.25244,0.198049,0.36288,3.6288,61.308,0,0,0,3.30615,0.235863,3.07028,0.66528,12.849,1,0.834664,0.36288,0,101.816,4.40491,96.9397,0.84672,12.849,0.84672,3695.15,0,0,0,4.60859,1.38047,13.4537,1.11607,18.3267,0.42336,0,0.42336,460.49,0,0.981126,0,0,5.58972,4.60859,1.028160,1,0,118.337,0,0,0,118.337,0
41.7538,2.18918,0,0,5.0168,0.208292,0.36288,3.6288,61.308,0,0,0,3.51668,0.221666,3.29501,0.66528,12.849,1,0.712167,0.36288,0,102.251,4.2098,97.6919,0.84672,12.849,0.84672,3695.15,0,0,0,3.62386,1.38059,15.9294,1.02558,19.9083,0.42336,0,0.42336,460.49,0,0.842679,0,0,4.46653,3.62386,1.028160,1,0,120.895,0,0,0,120.895,0
43.7942,2.21881,0,0,4.83283,0.210776,0.36288,3.6288,61.308,0,0,0,3.10034,0.211636,2.88871,0.66528,12.849,1,0.682801,0.36288,0,104.968,3.95251,100.696,0.84672,12.849,0.84672,3695.15,0,0,0,3.51598,1.19477,13.588,0.89523,17.4035,0.42336,0,0.42336,460.49,0,0.842757,0,0,4.35874,3.51598,1.028160,1,0,120.988,0,0,0,120.988,0
45.6069,2.24362,0,0,4.63501,0.215812,0.36288,3.6288,61.308,0,0,0,3.62681,0.211636,3.41518,0.66528,12.849,1,0.658267,0.36288,0,104.058,3.95251,99.8105,0.84672,12.849,0.84672,3695.15,0,0,0,3.46532,1.19488,10.5258,0.89523,14.2907,0.42336,0,0.42336,460.49,0,0.842836,0,0,4.30815,3.46532,1.028160,1,0,117.516,0,0,0,117.516,0
50.74,2.26424,0,0,7.97895,0.218686,0.36288,3.6288,61.308,0,0,0,5.60478,0.194455,5.41032,0.66528,12.849,1,0.637914,0.36288,0,217.517,3.68355,213.559,0.84672,12.849,0.84672,3695.15,0,0,0,7.49558,1.19499,24.826,0.849165,32.6674,0.42336,0,0.42336,460.49,0,0.842915,0,0,8.3385,7.49558,1.028160,1,0,251.636,0,0,0,251.636,0
54.9905,2.31595,0,0,7.15833,0.228976,0.36288,3.6288,61.308,0,0,0,4.47626,0.171547,4.30472,0.66528,12.849,1,0.586474,0.36288,0,207.797,3.32493,204.249,0.84672,12.849,0.84672,3695.15,0,0,0,6.33296,1.1951,16.0898,0.787745,22.8302,0.42336,0,0.42336,460.49,0,0.842994,0,0,7.17595,6.33296,1.028160,1,0,231.384,0,0,0,231.384,0
59.0899,2.43889,0,0,7.18027,0.279146,0.36288,3.6288,61.308,0,0,0,3.05986,0.174514,2.88535,0.66528,12.849,1,0.569867,0.36288,0,141.676,3.93855,137.531,0.84672,12.849,0.84672,3695.15,0,0,0,3.86971,1.19521,19.4766,0.868521,23.673,0.42336,0,0.42336,460.49,0,0.87698,0,0,4.7467,3.86971,1.028160,1,0,164.089,0,0,0,164.089,0
63.5478,2.4716,0,0,7.58307,0.29064,0.36288,3.6288,61.308,0,0,0,4.45538,0.174514,4.28087,0.66528,12.849,1,0.537444,0.36288,0,163.169,3.93855,159.056,0.84672,12.849,0.84672,3695.15,0,0,0,5.11075,1.2414,23.1936,0.868521,28.6773,0.42336,0,0.42336,460.49,0,0.877062,0,0,5.98781,5.11075,1.028160,1,0,192.014,0,0,0,192.014,0
66.8535,2.50319,0,0,6.47373,0.302007,0.36288,3.6288,61.308,0,0,0,3.55613,0.174514,3.38161,0.66528,12.849,1,0.50613,0.36288,0,126.817,3.93855,122.735,0.84672,12.849,0.84672,3695.15,0,0,0,4.06164,1.24151,16.7874,0.868521,21.2221,0.42336,0,0.42336,460.49,0,0.877144,0,0,4.93879,4.06164,1.028160,1,0,147.339,0,0,0,147.339,0
68.8735,2.52442,0,0,5.18126,0.273954,0.36288,3.6288,61.308,0,0,0,2.50129,0.170352,2.33094,0.66528,12.849,1,0.485184,0.36288,0,106.507,4.18567,102.199,0.84672,12.849,0.84672,3695.15,0,0,0,2.68529,1.24163,11.7216,0.884591,14.764,0.42336,0,0.42336,460.49,0,0.877226,0,0,3.56251,2.68529,1.028160,1,0,119.294,0,0,0,119.294,0
70.3892,2.50169,0,0,4.65899,0.278718,0.36288,3.6288,61.308,0,0,0,2.09336,0.214083,1.87928,0.66528,12.849,1,0.466713,0.36288,0,107.809,4.47638,103.229,0.84672,12.849,0.84672,3695.15,0,0,0,2.46334,1.24174,12.8548,0.996303,15.5635,0.42336,0,0.42336,460.49,0,0.864134,0,0,3.32747,2.46334,1.028160,1,0,120.672,0,0,0,120.672,0
71.5038,2.51042,0,0,4.27601,0.288114,0.36288,3.6288,61.308,0,0,0,1.8035,0.232241,1.57126,0.66528,12.849,1,0.458257,0.36288,0,98.0433,4.55311,93.3948,0.84672,12.849,0.84672,3695.15,0,0,0,2.31216,1.22391,12.5004,1.03842,14.998,0.42336,0,0.42336,460.49,0,0.864215,0,0,3.17638,2.31216,1.028160,1,0,109.964,0,0,0,109.964,0
72.29,2.51671,0,0,4.17489,0.290586,0.581402,3.6288,61.308,0,0,0,1.75316,0.232241,1.52092,0.66528,12.849,1,0.452245,0.581402,0,80.9145,4.55311,76.4905,0.84672,12.849,0.84672,3695.15,0,0,0,2.24107,1.22402,12.4233,1.03842,14.85,0.42336,0,0.42336,460.49,0,0.864295,0,0,3.10536,2.24107,1.028160,1,0,92.8614,0,0,0,92.8614,0
72.29,2.52112,0,0,3.9681,0.270291,1.17669,3.6288,61.308,0,0,0,1.56502,0.22875,1.33627,0.66528,12.849,1,0.44811,1.17669,0,65.7306,3.97639,62.4828,0.84672,12.849,0.84672,3695.15,0,0,0,1.94873,1.22414,11.0893,0.928179,13.334,0.42336,0,0.42336,460.49,0,0.864376,0,0,2.81311,1.94873,1.028160,1,0,77.153,0,0,0,77.153,0
72.29,2.64096,0,0,3.48852,0.249126,0.598432,3.6288,61.308,0,0,0,1.41917,0.214991,1.20418,0.66528,12.849,1,0.469411,0.598432,0,62.6892,3.59636,59.2218,0.84672,12.849,0.84672,3695.15,0,0,0,1.65445,1.22425,9.77538,0.826322,11.8278,0.42336,0,0.42336,460.49,0,0.911194,0,0,2.56565,1.65445,1.028160,1,0,72.2538,0,0,0,72.2538,0
72.1251,2.64121,0,0,3.0518,0.212589,0.36288,3.6288,61.308,0,0,0,1.23513,0.209776,1.02535,0.66528,12.849,1,0.469455,0.36288,0,59.9314,4.867,54.9579,0.84672,12.849,0.84672,3695.15,0,0,0,1.29138,1.28687,8.24368,1.0659,9.75603,0.42336,0,0.42336,460.49,0,0.911279,0,0,2.20266,1.29138,1.028160,1,0,65.7392,0,0,0,65.7392,0
71.8448,2.64055,0,0,2.91257,0.189517,0.36288,3.6288,61.308,0,0,0,1.15315,0.216794,0.936361,0.66528,12.849,1,0.47041,0.36288,0,53.5117,4.98634,48.4178,0.84672,12.849,0.84672,3695.15,0,0,0,1.11168,1.28699,8.00228,1.11661,9.28434,0.42336,0,0.42336,460.49,0,0.911365,0,0,2.02305,1.11168,1.028160,1,0,58.6385,0,0,0,58.6385,0
71.4872,2.63924,0,0,2.83367,0.189114,0.36288,3.6288,61.308,0,0,0,1.1697,0.216794,0.952906,0.66528,12.849,1,0.472011,0.36288,0,50.8481,4.98634,45.7527,0.84672,12.849,0.84672,3695.15,0,0,0,1.27561,1.28711,7.62057,1.11661,9.06668,0.42336,0,0.42336,460.49,0,0.91145,0,0,2.18706,1.27561,1.028160,1,0,55.7722,0,0,0,55.7722,0
70.8516,2.63748,0,0,2.57293,0.208148,0.36288,3.6288,61.308,0,0,0,1.10104,0.211527,0.889511,0.66528,12.849,1,0.474057,0.36288,0,47.9206,4.64788,43.1615,0.84672,12.849,0.84672,3695.15,0,0,0,1.20857,1.28723,6.97222,1.12967,8.33835,0.42336,0,0.42336,460.49,0,0.911535,0,0,2.1201,1.20857,1.028160,1,0,52.3894,0,0,0,52.3894,0
69.801,2.61053,0,0,2.06422,0.141402,0.36288,3.6288,61.308,0,0,0,0.969209,0.252883,0.716326,0.66528,12.849,1,0.473423,0.36288,0,35.465,4.92901,30.4255,0.84672,12.849,0.84672,3695.15,0,0,0,1.00271,1.28735,4.92986,1.1265,6.09343,0.42336,0,0.42336,460.49,0,0.93732,0,0,1.94003,1.00271,1.028160,1,0,37.2352,0,0,0,37.2352,0
68.5704,2.60476,0,0,1.8773,0.140262,0.36288,3.6288,61.308,0,0,0,0.945104,0.252883,0.692221,0.66528,12.849,1,0.479485,0.36288,0,34.7709,4.92901,29.7253,0.84672,12.849,0.84672,3695.15,0,0,0,0.977519,1.30211,4.72369,1.1265,5.87681,0.42336,0,0.42336,460.49,0,0.937407,0,0,1.91493,0.977519,1.028160,1,0,36.2943,0,0,0,36.2943,0
67.1748,2.59776,0,0,1.70392,0.138927,0.36288,3.6288,61.308,0,0,0,0.886663,0.252883,0.63378,0.66528,12.849,1,0.486778,0.36288,0,30.9837,4.92901,25.9308,0.84672,12.849,0.84672,3695.15,0,0,0,0.761483,1.30223,4.56954,1.1265,5.50675,0.42336,0,0.42336,460.49,0,0.937495,0,0,1.69898,0.761483,1.028160,1,0,32.0713,0,0,0,32.0713,0
65.7336,2.58951,0,0,1.61659,0.105385,0.36288,3.6288,61.308,0,0,0,0.831695,0.329666,0.502029,0.66528,12.849,1,0.495314,0.36288,0,27.8697,5.91706,21.8202,0.84672,12.849,0.84672,3695.15,0,0,0,0.768023,1.30235,4.3306,1.48716,4.91382,0.42336,0,0.42336,460.49,0,0.937582,0,0,1.70561,0.768023,1.028160,1,0,27.236,0,0,0,27.236,0
63.9881,2.64089,0,0,1.35666,0.0983979,0.36288,3.6288,61.308,0,0,0,0.735523,0.317828,0.417695,0.66528,12.849,1,0.516218,0.36288,0,24.2413,5.8144,18.2736,0.84672,12.849,0.84672,3695.15,0,0,0,0.475178,1.30247,3.63338,1.48988,3.92115,0.42336,0,0.42336,460.49,0,0.960583,0,0,1.43576,0.475178,1.028160,1,0,22.6124,0,0,0,22.6124,0
62.3817,2.62941,0,0,1.47868,0.0927461,0.36288,3.6288,61.308,0,0,0,0.928195,0.308949,0.619246,0.66528,12.849,1,0.527994,0.36288,0,30.8172,5.73741,24.9147,0.84672,12.849,0.84672,3695.15,0,0,0,0.591676,1.33379,3.72717,1.49191,4.16072,0.42336,0,0.42336,460.49,0,0.960672,0,0,1.55235,0.591676,1.028160,1,0,29.6947,0,0,0,29.6947,0
60.6549,2.61838,0,0,1.34594,0.0915396,0.36288,3.6288,61.308,0,0,0,0.765573,0.308949,0.456624,0.66528,12.849,1,0.539318,0.36288,0,24.8217,5.73741,18.9078,0.84672,12.849,0.84672,3695.15,0,0,0,0.62511,1.33391,3.46337,1.49191,3.93048,0.42336,0,0.42336,460.49,0,0.960762,0,0,1.58587,0.62511,1.028160,1,0,23.2949,0,0,0,23.2949,0
58.8199,2.60596,0,0,1.22413,0.0902427,0.36288,3.6288,61.308,0,0,0,0.712973,0.308949,0.404023,0.66528,12.849,1,0.55204,0.36288,0,23.1394,5.73741,17.2128,0.84672,12.849,0.84672,3695.15,0,0,0,0.37783,1.33404,3.08654,1.49191,3.3065,0.42336,0,0.42336,460.49,0,0.960852,0,0,1.33868,0.37783,1.028160,1,0,20.9233,0,0,0,20.9233,0
56.8678,2.76518,0,0,1.25416,0.0781877,0.36288,3.6288,61.308,0.0155148,0,0,0.815823,0.312873,0.487436,0.66528,12.849,1,0.604043,0.36288,0,22.1502,5.88405,16.025,0.84672,12.849,0.84672,3695.15,0,0,0,0.629044,1.33416,4.07491,1.52141,4.51671,0.42336,0,0.42336,460.49,0,1.02816,0,0,1.6572,0.629044,1.028160,1,0,21.0291,0,0,0,21.0291,0
54.3922,2.74852,0,0,0.710899,0.0751193,0.36288,3.6288,61.308,0.0156123,0,0,0.607483,0.300155,0.291716,0.66528,12.849,1,0.621015,0.36288,0,13.7959,5.71704,7.82075,0.84672,12.849,0.84672,3695.15,0,0,0,0.277284,1.43774,2.74564,1.48922,2.97143,0.42336,0,0.42336,460.49,0,1.02816,0,0,1.30544,0.277284,1.028160,1,0,11.0839,0,0,0,11.0839,0
51.9559,2.72591,0,0,0.72576,0.0732859,0.36288,3.6288,61.308,0.0189587,0,0,0.58179,0.300155,0.262676,0.66528,12.849,1,0.643939,0.36288,0,12.728,5.71704,6.72992,0.84672,12.849,0.84672,3695.15,0,0,0,0.227405,1.43787,2.81479,1.48922,2.99084,0.42336,0,0.42336,460.49,0,1.02491,0,0,1.25232,0.227405,1.028160,1,0,9.98344,0,0,0,9.98344,0
49.8969,2.70196,0,0,1.08156,0.0757403,0.36288,3.6288,61.308,0.0158075,0,0,0.688782,0.299082,0.373892,0.66528,12.849,1,0.66821,0.36288,0,16.3845,5.68735,10.3918,0.84672,12.849,0.84672,3695.15,0,0,0,0.480531,1.438,3.08491,1.48558,3.51786,0.42336,0,0.42336,460.49,0,1.02816,0,0,1.50869,0.480531,1.028160,1,0,14.2835,0,0,0,14.2835,0
48.3033,2.68028,0,0,1.54263,0.0930841,0.36288,3.6288,61.308,0.0159051,0,0,0.89011,0.289843,0.584362,0.66528,12.849,1,0.690202,0.36288,0,24.0343,5.62381,18.0832,0.84672,12.849,0.84672,3695.15,0,0,0,0.552338,1.43814,3.37766,1.46219,3.90595,0.42336,0,0.42336,460.49,0,1.02816,0,0,1.5805,0.552338,1.028160,1,0,22.5735,0,0,0,22.5735,0
46.5411,2.5813,0,0,1.28322,0.101237,0.36288,3.6288,61.308,0,0,0,0.711677,0.30558,0.406096,0.66528,12.849,1,0.686645,0.36288,0,24.9324,5.50756,19.1011,0.84672,12.849,0.84672,3695.15,0,0,0,0.450685,1.43827,4.15249,1.38148,4.65997,0.42336,0,0.42336,460.49,0,0.993923,0,0,1.44461,0.450685,1.028160,1,0,24.1672,0,0,0,24.1672,0
44.7895,2.56117,0,0,1.27471,0.102184,0.36288,3.6288,61.308,0,0,0,1.05529,0.308826,0.746463,0.66528,12.849,1,0.707085,0.36288,0,20.7625,5.46273,14.9556,0.84672,12.849,0.84672,3695.15,0,0,0,1.34969,1.38032,5.10221,1.36837,6.46385,0.42336,0,0.42336,460.49,0,0.994016,0,0,2.3437,1.34969,1.028160,1,0,22.1659,0,0,0,22.1659,0
42.9035,2.53992,0,0,1.11692,0.100199,0.36288,3.6288,61.308,0,0,0,0.652271,0.308826,0.343445,0.66528,12.849,1,0.72864,0.36288,0,21.0805,5.46273,15.252,0.84672,12.849,0.84672,3695.15,0,0,0,0.701905,1.38045,4.02234,1.36837,4.73633,0.42336,0,0.42336,460.49,0,0.994109,0,0,1.69601,0.701905,1.028160,1,0,20.3318,0,0,0,20.3318,0
40.8356,2.51551,0,0,0.908582,0.0980619,0.36288,3.6288,61.308,0,0,0,0.536875,0.308826,0.228049,0.66528,12.849,1,0.75336,0.36288,0,19.3581,5.46273,13.5049,0.84672,12.849,0.84672,3695.15,0,0,0,0.330051,1.38058,3.63437,1.36837,3.97663,0.42336,0,0.42336,460.49,0,0.994202,0,0,1.32425,0.330051,1.028160,1,0,17.7096,0,0,0,17.7096,0
38.8425,2.42248,0,0,0.903895,0.111655,0.36288,3.6288,61.308,0.0478985,0,0,0.521015,0.252288,0.220829,0.66528,12.849,1,0.762239,0.36288,0,15.4768,4.57492,10.5025,0.84672,12.849,0.84672,3695.15,0,0,0,0.216518,1.38071,3.68487,1.12061,4.16149,0.42336,0,0.42336,460.49,0,0.900649,0,0,1.11717,0.216518,1.028160,1,0,14.8849,0,0,0,14.8849,0
36.7859,2.39331,0,0,0.865821,0.16619,0.36288,3.6288,60.9394,0.561782,0,0,0.395208,0.202065,0,0.66528,12.849,1,0.791703,0.36288,0,15.6296,3.97301,11.2278,0.84672,12.849,0.84672,3695.15,0,0,0,0.216518,1.32966,3.51062,1.0657,3.9911,0.42336,0,0.42336,460.49,0,0.386854,0,0,0.603373,0.216518,1.028160,1,0,15.2189,0,0,0,15.2189,0
34.5934,2.36073,0,0,0.720498,0.189344,0.36288,3.6288,60.2948,0.723688,0,0,0.276614,0.197517,0,0.66528,12.849,1,0.824583,0.36288,0,12.6982,4.01195,8.22456,0.84672,12.849,0.84672,3695.15,0,0,0,0.216518,1.32979,2.93102,1.11531,3.36202,0.42336,0,0.42336,460.49,0,0.225037,0,0,0.441555,0.216518,1.028160,1,0,11.5866,0,0,0,11.5866,0
32.8078,2.32284,0,0,1.08454,0.184415,0.36288,3.6288,60.7679,0,0,0,0.669858,0.196711,0,0.66528,12.849,1,0.862771,0.36288,0,19.8012,4.01195,15.2894,0.84672,12.849,0.84672,3695.15,0,0,0,0.327401,1.32991,5.94329,1.11531,6.4853,0.42336,0,0.42336,460.49,0,0.948814,0,0,1.27621,0.327401,1.028160,1,0,21.7747,0,0,0,21.7747,0
32.7333,2.1169,0,0,2.58752,0.18224,0.36288,3.6288,61.308,0,0,0,1.47872,0.201891,0.736751,0.66528,12.849,1,0.829073,0.36288,0,53.8427,4.03833,49.3381,0.84672,12.849,0.84672,3695.15,0,0,0,1.26485,1.33004,8.97392,1.08844,10.4804,0.42336,0,0.42336,460.49,0,0.853588,0,0,2.11844,1.26485,1.028160,1,0,60.5553,0,0,0,60.5553,0
30.902,2.11575,0,0,0.840404,0.193093,0.36288,3.6288,61.308,0,0,0,0.517279,0.230206,0.287073,0.66528,12.849,1,0.830505,0.36288,0,30.7174,4.19664,26.0531,0.84672,12.849,0.84672,3695.15,0,0,0,0.567586,1.21156,4.58628,0.927263,5.43817,0.42336,0,0.42336,460.49,0,0.853668,0,0,1.42125,0.567586,1.028160,1,0,31.7783,0,0,0,31.7783,0
29.2231,2.08118,0,0,0.953839,0.188667,0.36288,3.6288,61.308,0,0,0,0.579273,0.230206,0.349067,0.66528,12.849,1,0.865349,0.36288,0,35.0905,4.19664,30.3914,0.84672,12.849,0.84672,3695.15,0,0,0,0.724314,1.21167,4.8781,0.927263,5.88682,0.42336,0,0.42336,460.49,0,0.853748,0,0,1.57806,0.724314,1.028160,1,0,36.6273,0,0,0,36.6273,0
28.2245,2.04684,0,0,1.59554,0.184474,0.36288,3.6288,61.308,0,0,0,0.603609,0.230206,0.373403,0.66528,12.849,1,0.899965,0.36288,0,33.6398,4.19664,28.9061,0.84672,12.849,0.84672,3695.15,0,0,0,0.71651,1.21178,5.02907,0.927263,6.0301,0.42336,0,0.42336,460.49,0,0.853828,0,0,1.57034,0.71651,1.028160,1,0,35.3096,0,0,0,35.3096,0
29.4542,2.02514,0,0,3.79039,0.172696,0.36288,3.6288,61.308,0,0,0,1.00842,0.236212,0.772206,0.66528,12.849,1,0.921933,0.36288,0,31.0601,4.51944,25.9816,0.84672,12.849,0.84672,3695.15,0,0,0,1.42322,1.2119,7.30054,1.20221,8.73345,0.42336,0,0.42336,460.49,0,0.853908,0,0,2.27712,1.42322,1.028160,1,0,35.4873,0,0,0,35.4873,0
32.4343,2.11642,0,0,5.63644,0.17699,0.36288,3.6288,61.308,0,0,0,2.21283,0.248802,1.96403,0.66528,12.849,1,0.92326,0.36288,0,147.868,4.72528,142.582,0.84672,12.849,0.84672,3695.15,0,0,0,2.21938,1.21201,9.32411,1.29474,11.4608,0.42336,0,0.42336,460.49,0,0.881598,0,0,3.10097,2.21938,1.028160,1,0,156.007,0,0,0,156.007,0
36.1093,2.17737,0,0,6.40135,0.186137,0.36288,3.6288,61.308,0,0,0,2.52342,0.252878,2.27054,0.66528,12.849,1,0.862574,0.36288,0,175.388,4.75597,170.132,0.84672,12.849,0.84672,3695.15,0,0,0,2.37043,1.25076,9.44983,1.28776,11.7833,0.42336,0,0.42336,460.49,0,0.881674,0,0,3.2521,2.37043,1.028160,1,0,184.186,0,0,0,184.186,0
40.0582,2.24231,0,0,6.74885,0.194702,0.36288,3.6288,61.308,0,0,0,2.62612,0.252878,2.37324,0.66528,12.849,1,0.797896,0.36288,0,145.944,4.75597,140.753,0.84672,12.849,0.84672,3695.15,0,0,0,3.57208,1.25087,10.5915,1.28776,14.1267,0.42336,0,0.42336,460.49,0,0.881751,0,0,4.45383,3.57208,1.028160,1,0,157.253,0,0,0,157.253,0
43.4793,2.30206,0,0,6.28259,0.196567,0.36288,3.6288,61.308,0,0,0,2.86998,0.265316,2.60467,0.66528,12.849,1,0.738406,0.36288,0,155.81,4.62516,150.81,0.84672,12.849,0.84672,3695.15,0,0,0,3.28628,1.25098,10.8949,1.27731,14.1548,0.42336,0,0.42336,460.49,0,0.881828,0,0,4.16811,3.28628,1.028160,1,0,167.569,0,0,0,167.569,0
45.7289,2.57605,0,0,5.39097,0.202456,0.36288,3.6288,61.308,0,0,0,2.01323,0.276702,1.73653,0.66528,12.849,1,0.761273,0.36288,0,110.07,4.3605,105.311,0.84672,12.849,0.84672,3695.15,0,0,0,1.54532,1.25108,6.75175,1.22905,8.3191,0.42336,0,0.42336,460.49,0,0.985597,0,0,2.53092,1.54532,1.028160,1,0,115.367,0,0,0,115.367,0
46.6426,2.60551,0,0,4.11046,0.228398,0.36288,3.6288,61.308,0,0,0,1.79543,0.263702,1.53172,0.66528,12.849,1,0.732101,0.36288,0,87.918,4.1349,83.4139,0.84672,12.849,0.84672,3695.15,0,0,0,1.19742,1.38689,4.127,1.14321,5.56809,0.42336,0,0.42336,460.49,0,0.985683,0,0,2.1831,1.19742,1.028160,1,0,90.5137,0,0,0,90.5137,0
48.1669,2.61698,0,0,4.73489,0.230733,0.36288,3.6288,61.308,0,0,0,1.97237,0.263702,1.70866,0.66528,12.849,1,0.72092,0.36288,0,91.1347,4.1349,86.6418,0.84672,12.849,0.84672,3695.15,0,0,0,1.51193,1.38701,5.84408,1.14321,7.59981,0.42336,0,0.42336,460.49,0,0.985769,0,0,2.4977,1.51193,1.028160,1,0,95.9503,0,0,0,95.9503,0
50.4183,2.63522,0,0,5.49891,0.249394,0.36288,3.6288,61.308,0,0,0,2.18393,0.224225,1.95971,0.66528,12.849,1,0.702971,0.36288,0,116.246,3.45878,112.447,0.84672,12.849,0.84672,3695.15,0,0,0,1.5468,1.38713,7.0499,1.00462,8.9792,0.42336,0,0.42336,460.49,0,0.985854,0,0,2.53265,1.5468,1.028160,1,0,123.386,0,0,0,123.386,0
52.5134,2.32323,0,0,5.04149,0.260267,0.36288,3.6288,61.308,0,0,0,2.17153,0.200536,1.971,0.66528,12.849,1,0.592072,0.36288,0,113.714,3.28243,110.202,0.84672,12.849,0.84672,3695.15,0,0,0,2.08175,1.38725,6.12196,0.929845,8.66111,0.42336,0,0.42336,460.49,0,0.846734,0,0,2.92848,2.08175,1.028160,1,0,120.834,0,0,0,120.834,0
55.624,2.34242,0,0,6.07864,0.262764,0.36288,3.6288,61.308,0,0,0,1.8866,0.180791,1.7058,0.66528,12.849,1,0.573143,0.36288,0,118.184,3.51771,114.456,0.84672,12.849,0.84672,3695.15,0,0,0,1.73664,1.20051,9.46082,0.881482,11.5165,0.42336,0,0.42336,460.49,0,0.846808,0,0,2.58345,1.73664,1.028160,1,0,127.678,0,0,0,127.678,0
57.0696,2.36866,0,0,4.44832,0.271184,0.36288,3.6288,61.308,0,0,0,1.66823,0.180791,1.48744,0.66528,12.849,1,0.547154,0.36288,0,104.646,3.51771,100.944,0.84672,12.849,0.84672,3695.15,0,0,0,1.74324,1.20062,5.62746,0.881482,7.68983,0.42336,0,0.42336,460.49,0,0.846881,0,0,2.59012,1.74324,1.028160,1,0,110.121,0,0,0,110.121,0
63.2896,2.38018,0,0,9.20825,0.245156,0.36288,3.6288,61.308,0,0,0,2.75763,0.162742,2.59489,0.66528,12.849,1,0.535888,0.36288,0,156.647,3.25612,153.218,0.84672,12.849,0.84672,3695.15,0,0,0,3.49148,1.20072,14.6829,0.843905,18.5312,0.42336,0,0.42336,460.49,0,0.846955,0,0,4.33844,3.49148,1.028160,1,0,174.344,0,0,0,174.344,0
67.2919,2.42417,0,0,7.11492,0.325622,0.36288,3.6288,61.308,0,0,0,2.95765,0.229812,2.72784,0.66528,12.849,1,0.492152,0.36288,0,136.361,3.9036,132.328,0.84672,12.849,0.84672,3695.15,0,0,0,2.77059,1.20083,9.9239,0.987038,12.9083,0.42336,0,0.42336,460.49,0,0.847028,0,0,3.61762,2.77059,1.028160,1,0,147.964,0,0,0,147.964,0
72.0594,2.53844,0,0,7.97321,0.304402,0.36288,3.6288,61.308,0,0,0,1.43289,0.18329,1.2496,0.66528,12.849,1,0.4847,0.36288,0,113.984,3.7198,110.142,0.84672,12.849,0.84672,3695.15,0,0,0,1.32194,1.20093,8.42236,0.850376,10.0949,0.42336,0,0.42336,460.49,0,0.881171,0,0,2.20311,1.32194,1.028160,1,0,121.487,0,0,0,121.487,0
72.29,2.56588,0,0,6.99578,0.319766,3.8795,3.6288,61.308,0,0,0,2.05165,0.18055,1.8711,0.66528,12.849,1,0.457525,3.8795,0,121.234,3.76183,120.894,0.84672,12.849,0.84672,3695.15,0,0,0,1.94627,1.24733,9.7651,0.838037,12.1207,0.42336,0,0.42336,460.49,0,0.881248,0,0,2.82752,1.94627,1.028160,1,0,134.886,0,0,0,134.886,0
72.29,2.56734,0,0,5.75987,0.320326,2.87221,3.6288,61.308,0,0,0,1.93152,0.18055,1.75096,0.66528,12.849,1,0.456325,2.87221,0,149.024,3.76183,147.678,0.84672,12.849,0.84672,3695.15,0,0,0,2.29031,1.24744,9.02405,0.838037,11.7238,0.42336,0,0.42336,460.49,0,0.881325,0,0,3.17163,2.29031,1.028160,1,0,161.153,0,0,0,161.153,0
72.29,2.56756,0,0,4.29943,0.308762,1.42311,3.6288,61.308,0,0,0,1.2972,0.14895,1.14825,0.66528,12.849,1,0.456364,1.42311,0,110.651,2.8985,108.719,0.84672,12.849,0.84672,3695.15,0,0,0,1.51653,1.24755,6.38308,0.717261,8.42989,0.42336,0,0.42336,460.49,0,0.881401,0,0,2.39793,1.51653,1.028160,1,0,118.297,0,0,0,118.297,0
72.29,2.53239,0,0,4.5843,0.255009,1.7969,3.6288,61.308,0,0,0,1.49146,0.181016,1.31045,0.66528,12.849,1,0.450114,1.7969,0,104.379,3.33288,102.393,0.84672,12.849,0.84672,3695.15,0,0,0,2.06273,1.24765,6.26495,0.873692,8.70165,0.42336,0,0.42336,460.49,0,0.868241,0,0,2.93097,2.06273,1.028160,1,0,112.405,0,0,0,112.405,0
72.29,2.53261,0,0,4.47911,0.237198,1.70929,3.6288,61.308,0,0,0,1.61161,0.205573,1.40604,0.66528,12.849,1,0.450153,1.70929,0,96.9494,3.92133,94.2873,0.84672,12.849,0.84672,3695.15,0,0,0,2.33621,1.22972,5.97765,0.996574,8.54701,0.42336,0,0.42336,460.49,0,0.868316,0,0,3.20452,2.33621,1.028160,1,0,104.24,0,0,0,104.24,0
72.29,2.53283,0,0,4.15172,0.237198,1.38169,3.6288,61.308,0,0,0,1.50901,0.205573,1.30344,0.66528,12.849,1,0.450192,1.38169,0,95.1437,3.92133,92.1538,0.84672,12.849,0.84672,3695.15,0,0,0,2.15872,1.22983,6.01684,0.996574,8.40881,0.42336,0,0.42336,460.49,0,0.868392,0,0,3.02711,2.15872,1.028160,1,0,101.866,0,0,0,101.866,0
72.29,2.53305,0,0,3.80394,0.237198,1.03369,3.6288,61.308,0,0,0,1.37282,0.205573,1.16724,0.66528,12.849,1,0.450231,1.03369,0,85.0029,3.92133,81.665,0.84672,12.849,0.84672,3695.15,0,0,0,2.03208,1.22994,5.39648,0.996574,7.66193,0.42336,0,0.42336,460.49,0,0.868467,0,0,2.90055,2.03208,1.028160,1,0,90.4942,0,0,0,90.4942,0
72.29,2.65344,0,0,3.51759,0.225042,0.6391,3.6288,61.308,0,0,0,1.1667,0.211242,0.95546,0.66528,12.849,1,0.47163,0.6391,0,78.1574,4.01479,74.3101,0.84672,12.849,0.84672,3695.15,0,0,0,1.608,1.23004,4.87896,0.982896,6.73411,0.42336,0,0.42336,460.49,0,0.9155,0,0,2.5235,1.608,1.028160,1,0,81.9997,0,0,0,81.9997,0
72.29,2.65367,0,0,3.62202,0.186477,0.781867,3.6288,61.308,0,0,0,1.27411,0.235187,1.03893,0.66528,12.849,1,0.47167,0.781867,0,63.7191,4.45336,59.576,0.84672,12.849,0.84672,3695.15,0,0,0,2.04454,1.29295,4.89407,0.96109,7.27048,0.42336,0,0.42336,460.49,0,0.91558,0,0,2.96012,2.04454,1.028160,1,0,67.8854,0,0,0,67.8854,0
72.29,2.6539,0,0,3.29307,0.186477,0.452685,3.6288,61.308,0,0,0,1.10479,0.235187,0.869601,0.66528,12.849,1,0.471711,0.452685,0,60.18,4.45336,55.7076,0.84672,12.849,0.84672,3695.15,0,0,0,1.33808,1.29307,4.5044,0.96109,6.17446,0.42336,0,0.42336,460.49,0,0.915659,0,0,2.25374,1.33808,1.028160,1,0,62.7517,0,0,0,62.7517,0
71.9878,2.65413,0,0,2.90134,0.186477,0.36288,3.6288,61.308,0,0,0,1.07082,0.235187,0.835638,0.66528,12.849,1,0.471752,0.36288,0,51.1062,4.45336,46.544,0.84672,12.849,0.84672,3695.15,0,0,0,1.45682,1.29318,4.43952,0.96109,6.22843,0.42336,0,0.42336,460.49,0,0.915739,0,0,2.37256,1.45682,1.028160,1,0,53.608,0,0,0,53.608,0
71.5215,2.65269,0,0,2.69642,0.147242,0.36288,3.6288,61.308,0,0,0,1.05361,0.262146,0.791467,0.66528,12.849,1,0.473474,0.36288,0,47.1633,4.88642,42.1662,0.84672,12.849,0.84672,3695.15,0,0,0,1.53755,1.29329,4.18177,1.06826,5.94436,0.42336,0,0.42336,460.49,0,0.915818,0,0,2.45337,1.53755,1.028160,1,0,48.9021,0,0,0,48.9021,0
70.9989,2.62656,0,0,2.61082,0.143899,0.36288,3.6288,61.308,0,0,0,0.894542,0.25566,0.638883,0.66528,12.849,1,0.471868,0.36288,0,50.4829,5.20795,45.166,0.84672,12.849,0.84672,3695.15,0,0,0,0.728308,1.2934,3.2521,1.15071,4.1231,0.42336,0,0.42336,460.49,0,0.941718,0,0,1.67003,0.728308,1.028160,1,0,49.928,0,0,0,49.928,0
70.3833,2.62385,0,0,2.48721,0.116093,0.36288,3.6288,61.308,0,0,0,0.801844,0.294044,0.5078,0.66528,12.849,1,0.47485,0.36288,0,49.1154,5.27699,43.7264,0.84672,12.849,0.84672,3695.15,0,0,0,0.500406,1.30822,3.15036,1.29401,3.66498,0.42336,0,0.42336,460.49,0,0.9418,0,0,1.44221,0.500406,1.028160,1,0,47.8992,0,0,0,47.8992,0
69.6491,2.62056,0,0,2.36474,0.115545,0.36288,3.6288,61.308,0,0,0,0.762661,0.294044,0.468618,0.66528,12.849,1,0.478403,0.36288,0,44.7368,5.27699,39.3443,0.84672,12.849,0.84672,3695.15,0,0,0,0.450809,1.30833,3.00972,1.29401,3.47485,0.42336,0,0.42336,460.49,0,0.941882,0,0,1.39269,0.450809,1.028160,1,0,43.2878,0,0,0,43.2878,0
68.7453,2.61653,0,0,2.19058,0.114892,0.36288,3.6288,61.308,0,0,0,0.673065,0.294044,0.379021,0.66528,12.849,1,0.482703,0.36288,0,42.0153,5.27699,36.6185,0.84672,12.849,0.84672,3695.15,0,0,0,0.385002,1.30844,2.83813,1.29401,3.23757,0.42336,0,0.42336,460.49,0,0.941963,0,0,1.32697,0.385002,1.028160,1,0,40.2351,0,0,0,40.2351,0
67.6534,2.67236,0,0,2.0568,0.113476,0.36288,3.6288,61.308,0,0,0,0.675321,0.306173,0.369148,0.66528,12.849,1,0.499483,0.36288,0,36.4986,5.4663,30.8957,0.84672,12.849,0.84672,3695.15,0,0,0,0.292349,1.30856,2.67683,1.36296,2.91477,0.42336,0,0.42336,460.49,0,0.965065,0,0,1.25741,0.292349,1.028160,1,0,34.1797,0,0,0,34.1797,0
66.4959,2.66582,0,0,1.98282,0.111701,0.36288,3.6288,61.308,0,0,0,0.698423,0.322345,0.376078,0.66528,12.849,1,0.506302,0.36288,0,43.6796,5.71872,37.8175,0.84672,12.849,0.84672,3695.15,0,0,0,0.464599,1.34001,2.84723,1.45491,3.19694,0.42336,0,0.42336,460.49,0,0.965148,0,0,1.42975,0.464599,1.028160,1,0,41.3905,0,0,0,41.3905,0
65.2129,2.65866,0,0,1.84926,0.110684,0.36288,3.6288,61.308,0,0,0,0.618631,0.322345,0.296286,0.66528,12.849,1,0.513733,0.36288,0,34.5549,5.71872,28.6853,0.84672,12.849,0.84672,3695.15,0,0,0,0.446086,1.34013,2.59887,1.45491,2.93018,0.42336,0,0.42336,460.49,0,0.965232,0,0,1.41132,0.446086,1.028160,1,0,31.9118,0,0,0,31.9118,0
63.7721,2.65045,0,0,1.68209,0.109557,0.36288,3.6288,61.308,0.00227573,0,0,0.581084,0.322345,0.256464,0.66528,12.849,1,0.522222,0.36288,0,31.7743,5.71872,25.8962,0.84672,12.849,0.84672,3695.15,0,0,0,0.227405,1.34024,2.37851,1.45491,2.49126,0.42336,0,0.42336,460.49,0,0.96304,0,0,1.19045,0.227405,1.028160,1,0,28.6439,0,0,0,28.6439,0
62.3962,2.81723,0,0,1.9031,0.0989046,0.36288,3.6288,61.308,0.0203566,0,0,0.706467,0.316154,0.369956,0.66528,12.849,1,0.567624,0.36288,0,32.676,5.86022,26.611,0.84672,12.849,0.84672,3695.15,0,0,0,0.582025,1.34036,3.48703,1.49179,3.91764,0.42336,0,0.42336,460.49,0,1.02816,0,0,1.61018,0.582025,1.028160,1,0,30.8986,0,0,0,30.8986,0
61.0977,2.80709,0,0,1.99864,0.127174,0.36288,3.6288,61.0969,0.466203,0,0,0.605351,0.35026,0,0.66528,12.849,1,0.578053,0.36288,0,35.1781,5.63335,29.3296,0.84672,12.849,0.84672,3695.15,0,0,0,0.227405,1.44441,2.69443,1.44687,2.91937,0.42336,0,0.42336,460.49,0,0.582405,0,0,0.80981,0.227405,1.028160,1,0,32.2489,0,0,0,32.2489,0
59.671,2.79718,0,0,1.87686,0.143476,0.36288,3.6288,61.0677,0.295835,0,0,0.587302,0.320681,0,0.66528,12.849,1,0.588255,0.36288,0,31.9806,5.62746,26.1278,0.84672,12.849,0.84672,3695.15,0,0,0,0.227405,1.44453,3.04942,1.47825,3.2431,0.42336,0,0.42336,460.49,0,0.752864,0,0,0.980268,0.227405,1.028160,1,0,29.3709,0,0,0,29.3709,0
58.1421,2.78585,0,0,1.75711,0.137242,0.36288,3.6288,61.3018,0.0206297,0,0,0.577922,0.323208,0,0.66528,12.849,1,0.59988,0.36288,0,32.2294,5.70223,26.2902,0.84672,12.849,0.84672,3695.15,0,0,0,0.264704,1.44466,2.89948,1.49319,3.11565,0.42336,0,0.42336,460.49,0,1.02816,0,0,1.29286,0.264704,1.028160,1,0,29.4059,0,0,0,29.4059,0
56.5579,2.77317,0,0,1.68704,0.135229,0.36288,3.6288,61.308,0.0207208,0,0,0.569601,0.323687,0.218951,0.66528,12.849,1,0.612852,0.36288,0,30.3962,5.70223,24.444,0.84672,12.849,0.84672,3695.15,0,0,0,0.241462,1.44478,2.85799,1.49319,3.05104,0.42336,0,0.42336,460.49,0,1.02816,0,0,1.26962,0.241462,1.028160,1,0,27.714,0,0,0,27.714,0
55.0604,2.67523,0,0,1.63349,0.0928447,0.36288,3.6288,61.05,0.349637,0,0,0.447859,0.356192,0,0.66528,12.849,1,0.607768,0.36288,0,24.1229,6.45996,17.418,0.84672,12.849,0.84672,3695.15,0,0,0,0.204422,1.44491,2.79781,1.63304,2.8141,0.42336,0,0.42336,460.49,0,0.648864,0,0,0.853286,0.204422,1.028160,1,0,20.2321,0,0,0,20.2321,0
53.363,2.66206,0,0,1.51972,0.192152,0.36288,3.6288,60.7538,0.47484,0,0,0.458467,0.27982,0,0.66528,12.849,1,0.621224,0.36288,0,19.8024,4.56939,14.9747,0.84672,12.849,0.84672,3695.15,0,0,0,0.204422,1.38668,2.77271,1.14077,3.22305,0.42336,0,0.42336,460.49,0,0.523748,0,0,0.728171,0.204422,1.028160,1,0,18.1978,0,0,0,18.1978,0
51.9141,2.64637,0,0,1.76225,0.201965,0.36288,3.6288,60.735,0.329507,0,0,0.594949,0.284309,0,0.66528,12.849,1,0.637204,0.36288,0,20.7992,4.65076,15.8741,0.84672,12.849,0.84672,3695.15,0,0,0,0.216518,1.3868,3.82375,1.18736,4.2397,0.42336,0,0.42336,460.49,0,0.669168,0,0,0.885686,0.216518,1.028160,1,0,20.1138,0,0,0,20.1138,0
50.4287,2.63234,0,0,1.70884,0.198976,0.36288,3.6288,60.7081,0.334812,0,0,0.592219,0.284275,0,0.66528,12.849,1,0.651517,0.36288,0,28.7053,4.65076,23.7659,0.84672,12.849,0.84672,3695.15,0,0,0,0.216518,1.38692,3.83388,1.18736,4.24995,0.42336,0,0.42336,460.49,0,0.663949,0,0,0.880468,0.216518,1.028160,1,0,28.0158,0,0,0,28.0158,0
49.1381,2.54966,0,0,1.82879,0.206831,0.36288,3.6288,61.0533,0.108236,0,0,0.718968,0.265545,0,0.66528,12.849,1,0.649642,0.36288,0,47.2427,4.5793,42.3767,0.84672,12.849,0.84672,3695.15,0,0,0,0.216518,1.38704,4.64806,1.15427,5.09735,0.42336,0,0.42336,460.49,0,0.844655,0,0,1.06117,0.216518,1.028160,1,0,47.474,0,0,0,47.474,0
47.8514,2.53636,0,0,1.8434,0.230937,0.36288,3.6288,60.7338,0.420474,0,0,0.320278,0.219322,0,0.66528,12.849,1,0.663225,0.36288,0,26.9401,4.40066,22.2391,0.84672,12.849,0.84672,3695.15,0,0,0,0.216518,1.33575,2.78657,1.07154,3.26731,0.42336,0,0.42336,460.49,0,0.532501,0,0,0.749019,0.216518,1.028160,1,0,25.5064,0,0,0,25.5064,0
46.6363,2.52252,0,0,1.89809,0.227734,0.36288,3.6288,60.982,0,0,0,0.467129,0.218878,0,0.66528,12.849,1,0.677343,0.36288,0,27.333,4.40066,22.6179,0.84672,12.849,0.84672,3695.15,0,0,0,0.527295,1.33587,3.83431,1.07154,4.62594,0.42336,0,0.42336,460.49,0,0.953057,0,0,1.48035,0.527295,1.028160,1,0,27.2438,0,0,0,27.2438,0
48.8597,2.5089,0,0,5.31987,0.224709,0.36288,3.6288,61.308,0,0,0,1.39864,0.219223,0.853437,0.66528,12.849,1,0.691239,0.36288,0,84.6613,4.40066,79.9323,0.84672,12.849,0.84672,3695.15,0,0,0,2.05135,1.33599,7.95998,1.07154,10.2758,0.42336,0,0.42336,460.49,0,0.95314,0,0,3.00449,2.05135,1.028160,1,0,91.0615,0,0,0,91.0615,0
49.311,2.34318,0,0,3.42445,0.267096,0.36288,3.6288,61.308,0.0889377,0,0,0.844785,0.188351,0.567496,0.66528,12.849,1,0.616204,0.36288,0,52.7388,3.96535,48.5201,0.84672,12.849,0.84672,3695.15,0,0,0,0.292723,1.3361,4.73401,0.948231,5.41461,0.42336,0,0.42336,460.49,0,0.768537,0,0,1.06126,0.292723,1.028160,1,0,54.5022,0,0,0,54.5022,0
50.0089,2.34786,0,0,3.64618,0.237503,0.36288,3.6288,61.308,0,0,0,1.04268,0.193073,0.849603,0.66528,12.849,1,0.611784,0.36288,0,50.6724,3.72414,46.6993,0.84672,12.849,0.84672,3695.15,0,0,0,0.709073,1.21707,5.34559,0.853209,6.41853,0.42336,0,0.42336,460.49,0,0.857549,0,0,1.56662,0.709073,1.028160,1,0,53.9675,0,0,0,53.9675,0
51.609,2.35486,0,0,4.58242,0.264623,0.36288,3.6288,61.308,0,0,0,1.27656,0.182146,1.09441,0.66528,12.849,1,0.605043,0.36288,0,79.3449,3.84006,75.2627,0.84672,12.849,0.84672,3695.15,0,0,0,0.68059,1.21718,6.55341,0.862408,7.58878,0.42336,0,0.42336,460.49,0,0.857623,0,0,1.53821,0.68059,1.028160,1,0,83.9459,0,0,0,83.9459,0
53.4277,2.37008,0,0,4.82082,0.2691,0.36288,3.6288,61.308,0,0,0,1.32888,0.182146,1.14673,0.66528,12.849,1,0.590075,0.36288,0,66.5705,3.84006,62.5033,0.84672,12.849,0.84672,3695.15,0,0,0,0.796828,1.21729,6.36731,0.862408,7.51901,0.42336,0,0.42336,460.49,0,0.857698,0,0,1.65453,0.796828,1.028160,1,0,71.169,0,0,0,71.169,0
56.9161,2.38648,0,0,6.4926,0.254864,0.36288,3.6288,61.308,0,0,0,2.40243,0.209104,2.19333,0.66528,12.849,1,0.573932,0.36288,0,156.631,4.30801,152.112,0.84672,12.849,0.84672,3695.15,0,0,0,1.60606,1.21739,11.2201,1.0526,12.9909,0.42336,0,0.42336,460.49,0,0.857772,0,0,2.46383,1.60606,1.028160,1,0,167.296,0,0,0,167.296,0
57.5859,2.41518,0,0,3.71398,0.266181,0.36288,3.6288,61.308,0,0,0,1.56819,0.225658,1.34254,0.66528,12.849,1,0.545235,0.36288,0,76.6683,4.84524,71.6407,0.84672,12.849,0.84672,3695.15,0,0,0,0.819978,1.2175,6.51531,1.23003,7.32275,0.42336,0,0.42336,460.49,0,0.857772,0,0,1.67775,0.819978,1.028160,1,0,80.306,0,0,0,80.306,0
56,2.4964,0,0,1.56424,0.290803,0.36288,3.6288,61.308,0.415998,0,0,0.749892,0.225176,0.108717,0.66528,12.849,1,0.557016,0.36288,0,36.3224,4.99096,31.1373,0.84672,12.849,0.84672,3695.15,0,0,0,0.412474,1.2175,2.61313,1.25605,2.98705,0.42336,0,0.42336,460.49,0,0.469584,0,0,0.882058,0.412474,1.028160,1,0,34.2331,0,0,0,34.2331,0
55.6262,2.48377,0,0,2.75914,0.286289,0.36288,3.6288,61.308,0.332391,0,0,0.886654,0.225176,0.329087,0.66528,12.849,1,0.569892,0.36288,0,59.5689,4.99096,54.3709,0.84672,12.849,0.84672,3695.15,0,0,0,0.503194,1.25641,3.70363,1.25605,4.20719,0.42336,0,0.42336,460.49,0,0.553262,0,0,1.05646,0.503194,1.028160,1,0,58.9072,0,0,0,58.9072,0
56.2401,2.48086,0,0,3.74284,0.285225,0.36288,3.6288,61.308,0,0,0,1.91177,0.225176,1.6866,0.66528,12.849,1,0.573049,0.36288,0,61.6863,4.99096,56.4852,0.84672,12.849,0.84672,3695.15,0,0,0,2.07076,1.25651,9.88149,1.25605,11.9527,0.42336,0,0.42336,460.49,0,0.885724,0,0,2.95649,2.07076,1.028160,1,0,70.1245,0,0,0,70.1245,0
56.8179,2.48615,0,0,3.68971,0.262924,0.36288,3.6288,61.308,0,0,0,1.79054,0.232869,1.55767,0.66528,12.849,1,0.568003,0.36288,0,81.5676,4.68258,76.6799,0.84672,12.849,0.84672,3695.15,0,0,0,0.746914,1.25661,8.14372,1.28322,8.86403,0.42336,0,0.42336,460.49,0,0.885796,0,0,1.63271,0.746914,1.028160,1,0,87.1016,0,0,0,87.1016,0
57.1472,2.73403,0,0,3.65531,0.229068,0.36288,3.6288,61.308,0,0,0,1.92641,0.26465,1.66176,0.66528,12.849,1,0.618284,0.36288,0,84.3886,4.16199,79.9712,0.84672,12.849,0.84672,3695.15,0,0,0,1.66487,1.25671,7.52224,1.21961,9.22422,0.42336,0,0.42336,460.49,0,0.990026,0,0,2.6549,1.66487,1.028160,1,0,90.8572,0,0,0,90.8572,0
57.4776,2.73716,0,0,3.66027,0.229812,0.36288,3.6288,61.308,0,0,0,1.85924,0.26465,1.59459,0.66528,12.849,1,0.615424,0.36288,0,92.5258,4.16199,88.1112,0.84672,12.849,0.84672,3695.15,0,0,0,1.48926,1.39312,7.48025,1.21961,9.14301,0.42336,0,0.42336,460.49,0,0.990105,0,0,2.47936,1.48926,1.028160,1,0,98.8488,0,0,0,98.8488,0
57.5399,2.74027,0,0,3.40409,0.238621,0.36288,3.6288,61.308,0,0,0,1.52235,0.268287,1.25406,0.66528,12.849,1,0.612582,0.36288,0,87.7954,4.404,83.1417,0.84672,12.849,0.84672,3695.15,0,0,0,0.867718,1.39323,7.40655,1.28431,8.38319,0.42336,0,0.42336,460.49,0,0.990185,0,0,1.8579,0.867718,1.028160,1,0,92.7789,0,0,0,92.7789,0
59.3172,2.74103,0,0,5.19407,0.312848,0.36288,3.6288,61.308,0,0,0,2.13445,0.217119,1.91733,0.66528,12.849,1,0.612089,0.36288,0,123.886,3.95153,119.685,0.84672,12.849,0.84672,3695.15,0,0,0,1.88286,1.39334,9.79828,1.07064,12.0038,0.42336,0,0.42336,460.49,0,0.990264,0,0,2.87312,1.88286,1.028160,1,0,133.606,0,0,0,133.606,0
62.7467,2.40695,0,0,6.47789,0.278561,0.36288,3.6288,61.308,0,0,0,3.88268,0.243938,3.63874,0.66528,12.849,1,0.521381,0.36288,0,166.91,3.53167,163.22,0.84672,12.849,0.84672,3695.15,0,0,0,3.56165,1.39345,13.7118,0.903408,17.7635,0.42336,0,0.42336,460.49,0,0.850516,0,0,4.41216,3.56165,1.028160,1,0,184.622,0,0,0,184.622,0
65.5104,2.4308,0,0,5.84432,0.286942,0.36288,3.6288,61.308,0,0,0,3.28648,0.243938,3.04254,0.66528,12.849,1,0.497768,0.36288,0,174.099,3.53167,170.432,0.84672,12.849,0.84672,3695.15,0,0,0,2.49931,1.20588,11.7254,0.903408,14.5272,0.42336,0,0.42336,460.49,0,0.850585,0,0,3.34989,2.49931,1.028160,1,0,188.002,0,0,0,188.002,0
68.7231,2.44855,0,0,6.29608,0.271938,0.36288,3.6288,61.308,0,0,0,3.1835,0.231906,2.9516,0.66528,12.849,1,0.48025,0.36288,0,187.698,3.35729,184.223,0.84672,12.849,0.84672,3695.15,0,0,0,3.09608,1.20597,14.4707,0.878357,17.8944,0.42336,0,0.42336,460.49,0,0.850653,0,0,3.94673,3.09608,1.028160,1,0,205.069,0,0,0,205.069,0
71.2307,2.46766,0,0,5.59359,0.255484,0.36288,3.6288,61.308,0,0,0,2.72757,0.207425,2.52015,0.66528,12.849,1,0.461373,0.36288,0,168.988,3.19937,165.69,0.84672,12.849,0.84672,3695.15,0,0,0,2.56329,1.20607,12.9055,0.85312,15.8217,0.42336,0,0.42336,460.49,0,0.850721,0,0,3.41401,2.56329,1.028160,1,0,184.032,0,0,0,184.032,0
72.29,2.48162,0,0,4.3351,0.336833,0.457351,3.6288,61.308,0,0,0,2.6474,0.192301,2.4551,0.66528,12.849,1,0.447649,0.457351,0,119.553,2.62795,116.934,0.84672,12.849,0.84672,3695.15,0,0,0,2.48914,1.20617,9.52387,0.723747,12.4954,0.42336,0,0.42336,460.49,0,0.850789,0,0,3.33993,2.48914,1.028160,1,0,131.885,0,0,0,131.885,0
72.29,2.57827,0,0,7.45909,0.343937,4.53688,3.6288,61.308,0,0,0,4.30898,0.207124,4.10185,0.66528,12.849,1,0.458269,4.53688,0,209.073,2.97882,210.173,0.84672,12.849,0.84672,3695.15,0,0,0,3.86211,1.20626,13.7405,0.813797,17.995,0.42336,0,0.42336,460.49,0,0.885079,0,0,4.74719,3.86211,1.028160,1,0,232.27,0,0,0,232.27,0
72.29,2.57848,0,0,5.13822,0.314342,2.24539,3.6288,61.308,0,0,0,2.88345,0.200475,2.68298,0.66528,12.849,1,0.458305,2.24539,0,137.1,3.27642,135.61,0.84672,12.849,0.84672,3695.15,0,0,0,2.91658,1.25286,9.21154,0.871592,12.5094,0.42336,0,0.42336,460.49,0,0.88515,0,0,3.80173,2.91658,1.028160,1,0,150.803,0,0,0,150.803,0
72.29,2.57869,0,0,4.12147,0.314342,1.22844,3.6288,61.308,0,0,0,2.66942,0.200475,2.46895,0.66528,12.849,1,0.458342,1.22844,0,111.242,3.27642,108.735,0.84672,12.849,0.84672,3695.15,0,0,0,2.52766,1.25296,7.93532,0.871592,10.8443,0.42336,0,0.42336,460.49,0,0.885221,0,0,3.41288,2.52766,1.028160,1,0,122.049,0,0,0,122.049,0
72.29,2.57889,0,0,3.74614,0.306238,0.861007,3.6288,61.308,0,0,0,2.63465,0.199687,2.43496,0.66528,12.849,1,0.458379,0.861007,0,117.788,3.22939,114.961,0.84672,12.849,0.84672,3695.15,0,0,0,2.69491,1.25306,9.54547,0.879079,12.6144,0.42336,0,0.42336,460.49,0,0.885292,0,0,3.5802,2.69491,1.028160,1,0,130.011,0,0,0,130.011,0
72.29,2.54356,0,0,3.34289,0.276172,0.523158,3.6288,61.308,0,0,0,1.81695,0.221996,1.59495,0.66528,12.849,1,0.452098,0.523158,0,99.6304,3.78788,95.9136,0.84672,12.849,0.84672,3695.15,0,0,0,2.50958,1.25316,6.43931,0.934312,9.26773,0.42336,0,0.42336,460.49,0,0.872068,0,0,3.38164,2.50958,1.028160,1,0,106.776,0,0,0,106.776,0
72.1817,2.54376,0,0,3.07128,0.272962,0.36288,3.6288,61.308,0,0,0,1.61766,0.225889,1.39177,0.66528,12.849,1,0.452134,0.36288,0,85.7788,3.89141,81.7981,0.84672,12.849,0.84672,3695.15,0,0,0,2.21624,1.23514,5.7798,0.941854,8.28933,0.42336,0,0.42336,460.49,0,0.872138,0,0,3.08838,2.21624,1.028160,1,0,91.4792,0,0,0,91.4792,0
72.021,2.54339,0,0,3.01831,0.272738,0.36288,3.6288,61.308,0,0,0,1.57937,0.225889,1.35348,0.66528,12.849,1,0.452746,0.36288,0,67.8377,3.89141,63.8565,0.84672,12.849,0.84672,3695.15,0,0,0,2.17407,1.23524,5.79468,0.941854,8.26213,0.42336,0,0.42336,460.49,0,0.872208,0,0,3.04627,2.17407,1.028160,1,0,73.4721,0,0,0,73.4721,0
71.703,2.54273,0,0,2.83071,0.24308,0.36288,3.6288,61.308,0,0,0,1.39457,0.221234,1.17334,0.66528,12.849,1,0.45364,0.36288,0,56.7251,3.12244,53.5119,0.84672,12.849,0.84672,3695.15,0,0,0,1.85441,1.23534,5.10304,0.794871,7.39793,0.42336,0,0.42336,460.49,0,0.872278,0,0,2.72669,1.85441,1.028160,1,0,62.0832,0,0,0,62.0832,0
70.9975,2.66178,0,0,2.51504,0.195868,0.36288,3.6288,61.308,0,0,0,1.26797,0.219794,1.04818,0.66528,12.849,1,0.476985,0.36288,0,62.2985,4.41231,57.772,0.84672,12.849,0.84672,3695.15,0,0,0,1.50683,1.23544,5.05157,1.00881,6.78503,0.42336,0,0.42336,460.49,0,0.919512,0,0,2.42635,1.50683,1.028160,1,0,65.6053,0,0,0,65.6053,0
70.1313,2.65798,0,0,2.32684,0.172205,0.36288,3.6288,61.308,0,0,0,1.28902,0.22515,1.06387,0.66528,12.849,1,0.481037,0.36288,0,56.4393,4.57485,51.7463,0.84672,12.849,0.84672,3695.15,0,0,0,1.51148,1.29862,4.98443,0.978724,6.81581,0.42336,0,0.42336,460.49,0,0.919585,0,0,2.43106,1.51148,1.028160,1,0,59.626,0,0,0,59.626,0
69.1985,2.65317,0,0,2.25435,0.171062,0.36288,3.6288,61.308,0,0,0,1.35073,0.22515,1.12558,0.66528,12.849,1,0.486097,0.36288,0,53.5532,4.57485,48.8552,0.84672,12.849,0.84672,3695.15,0,0,0,1.42292,1.29872,5.17413,0.978724,6.91705,0.42336,0,0.42336,460.49,0,0.919659,0,0,2.34258,1.42292,1.028160,1,0,56.8978,0,0,0,56.8978,0
68.1291,2.64786,0,0,2.11118,0.169832,0.36288,3.6288,61.308,0,0,0,1.24605,0.22515,1.0209,0.66528,12.849,1,0.491663,0.36288,0,50.1948,4.57485,45.4911,0.84672,12.849,0.84672,3695.15,0,0,0,1.21033,1.29883,4.68809,0.978724,6.21852,0.42336,0,0.42336,460.49,0,0.919733,0,0,2.13006,1.21033,1.028160,1,0,52.7306,0,0,0,52.7306,0
67.574,2.64158,0,0,2.58628,0.136952,0.36288,3.6288,61.308,0,0,0,1.25242,0.251972,1.00045,0.66528,12.849,1,0.498196,0.36288,0,54.1246,5.11852,48.8707,0.84672,12.849,0.84672,3695.15,0,0,0,1.36043,1.29893,5.23804,1.14134,6.75607,0.42336,0,0.42336,460.49,0,0.919807,0,0,2.28023,1.36043,1.028160,1,0,56.6273,0,0,0,56.6273,0
67.1602,2.61472,0,0,2.66318,0.0993416,0.36288,3.6288,61.308,0,0,0,1.17657,0.298068,0.878501,0.66528,12.849,1,0.497182,0.36288,0,54.1928,5.37398,48.6846,0.84672,12.849,0.84672,3695.15,0,0,0,1.30943,1.29904,5.48713,1.32355,6.77206,0.42336,0,0.42336,460.49,0,0.945813,0,0,2.25525,1.30943,1.028160,1,0,56.3351,0,0,0,56.3351,0
66.6214,2.61236,0,0,2.53136,0.0949511,0.36288,3.6288,61.308,0,0,0,1.1424,0.303963,0.838435,0.66528,12.849,1,0.499793,0.36288,0,49.8122,5.3803,44.295,0.84672,12.849,0.84672,3695.15,0,0,0,1.23208,1.31391,5.31661,1.34308,6.51952,0.42336,0,0.42336,460.49,0,0.945889,0,0,2.17797,1.23208,1.028160,1,0,51.6529,0,0,0,51.6529,0
65.9121,2.60918,0,0,2.35731,0.0945471,0.36288,3.6288,61.308,0,0,0,0.996918,0.303963,0.692955,0.66528,12.849,1,0.503222,0.36288,0,46.2983,5.3803,40.7777,0.84672,12.849,0.84672,3695.15,0,0,0,1.13893,1.31401,5.03626,1.34308,6.14613,0.42336,0,0.42336,460.49,0,0.945965,0,0,2.08489,1.13893,1.028160,1,0,47.6167,0,0,0,47.6167,0
65.0214,2.60486,0,0,2.16355,0.086554,0.36288,3.6288,61.308,0,0,0,0.861538,0.305908,0.55563,0.66528,12.849,1,0.507795,0.36288,0,42.0615,5.5066,36.41,0.84672,12.849,0.84672,3695.15,0,0,0,0.909062,1.31412,4.59114,1.38721,5.42711,0.42336,0,0.42336,460.49,0,0.946041,0,0,1.8551,0.909062,1.028160,1,0,42.3927,0,0,0,42.3927,0
64.2133,2.65992,0,0,2.28215,0.0674183,0.36288,3.6288,61.308,0,0,0,0.938494,0.31077,0.627724,0.66528,12.849,1,0.525632,0.36288,0,49.289,5.82236,43.3039,0.84672,12.849,0.84672,3695.15,0,0,0,0.944852,1.31422,4.74683,1.49754,5.50837,0.42336,0,0.42336,460.49,0,0.969236,0,0,1.91409,0.944852,1.028160,1,0,49.44,0,0,0,49.44,0
63.2061,2.65462,0,0,2.07728,0.0669808,0.36288,3.6288,61.308,0,0,0,0.774058,0.31077,0.463287,0.66528,12.849,1,0.531186,0.36288,0,39.6994,5.82236,33.7088,0.84672,12.849,0.84672,3695.15,0,0,0,0.9861,1.3458,4.41088,1.49754,5.24525,0.42336,0,0.42336,460.49,0,0.969314,0,0,1.95541,0.9861,1.028160,1,0,39.4173,0,0,0,39.4173,0
62.0182,2.6478,0,0,1.88927,0.0664355,0.36288,3.6288,61.308,0,0,0,0.720878,0.31077,0.410108,0.66528,12.849,1,0.538264,0.36288,0,37.0088,5.82236,31.0111,0.84672,12.849,0.84672,3695.15,0,0,0,0.681254,1.34591,3.93097,1.49754,4.4606,0.42336,0,0.42336,460.49,0,0.969392,0,0,1.65065,0.681254,1.028160,1,0,35.8818,0,0,0,35.8818,0
61.0144,2.63947,0,0,2.0574,0.0589073,0.36288,3.6288,61.308,0,0,0,0.850884,0.30897,0.541914,0.66528,12.849,1,0.546848,0.36288,0,37.1839,5.93049,31.0694,0.84672,12.849,0.84672,3695.15,0,0,0,1.11067,1.34602,5.55803,1.52345,6.49128,0.42336,0,0.42336,460.49,0,0.96947,0,0,2.08014,1.11067,1.028160,1,0,38.1026,0,0,0,38.1026,0
59.6598,2.80805,0,0,1.85164,0.0352908,0.36288,3.6288,61.308,0.0248613,0,0,0.681195,0.307229,0.349104,0.66528,12.849,1,0.591346,0.36288,0,32.728,6.05812,26.4414,0.84672,12.849,0.84672,3695.15,0,0,0,0.45163,1.34613,3.43653,1.51591,3.71838,0.42336,0,0.42336,460.49,0,1.02816,0,0,1.47979,0.45163,1.028160,1,0,30.5089,0,0,0,30.5089,0
58.4624,2.79722,0,0,1.9953,0.0326384,0.36288,3.6288,61.308,0.0249458,0,0,0.813594,0.311761,0.476887,0.66528,12.849,1,0.602441,0.36288,0,41.2276,6.0585,34.9295,0.84672,12.849,0.84672,3695.15,0,0,0,0.682551,1.45061,3.43296,1.50618,4.05994,0.42336,0,0.42336,460.49,0,1.02816,0,0,1.71071,0.682551,1.028160,1,0,39.4663,0,0,0,39.4663,0
56.8828,2.78733,0,0,1.60294,0.0322634,0.36288,3.6288,61.308,0.0699498,0,0,0.58846,0.311761,0.206749,0.66528,12.849,1,0.612607,0.36288,0,40.2859,6.0585,33.9777,0.84672,12.849,0.84672,3695.15,0,0,0,0.204422,1.45073,2.75588,1.50618,2.90485,0.42336,0,0.42336,460.49,0,0.983241,0,0,1.18766,0.204422,1.028160,1,0,37.0893,0,0,0,37.0893,0
55.7108,2.77368,0,0,1.99629,0.0317688,0.36288,3.6288,61.308,0.025115,0,0,1.00579,0.311761,0.66891,0.66528,12.849,1,0.626533,0.36288,0,36.7934,6.0585,30.4713,0.84672,12.849,0.84672,3695.15,0,0,0,1.21846,1.45084,4.26115,1.50618,5.42427,0.42336,0,0.42336,460.49,0,1.02816,0,0,2.24662,1.21846,1.028160,1,0,36.5645,0,0,0,36.5645,0
54.6144,2.76319,0,0,2.09594,0.0662329,0.36288,3.6288,61.308,0.0251996,0,0,0.958565,0.279951,0.653414,0.66528,12.849,1,0.637295,0.36288,0,45.7433,5.26935,40.1995,0.84672,12.849,0.84672,3695.15,0,0,0,0.652216,1.45096,4.35588,1.22255,5.23651,0.42336,0,0.42336,460.49,0,1.02816,0,0,1.68038,0.652216,1.028160,1,0,46.0894,0,0,0,46.0894,0
54.4166,2.66906,0,0,2.92159,0.0875295,0.36288,3.6288,61.308,0,0,0,1.241,0.280225,0.960773,0.66528,12.849,1,0.627942,0.36288,0,51.6466,5.32445,46.0571,0.84672,12.849,0.84672,3695.15,0,0,0,0.835929,1.45108,4.79112,1.26167,5.81645,0.42336,0,0.42336,460.49,0,1.00276,0,0,1.83869,0.835929,1.028160,1,0,52.8344,0,0,0,52.8344,0
53.7278,2.66742,0,0,2.4289,0.0873549,0.36288,3.6288,61.308,0,0,0,1.75281,0.280225,1.47258,0.66528,12.849,1,0.62984,0.36288,0,47.7084,5.32445,42.117,0.84672,12.849,0.84672,3695.15,0,0,0,2.23776,1.39259,5.43224,1.26167,7.80092,0.42336,0,0.42336,460.49,0,1.00284,0,0,3.2406,2.23776,1.028160,1,0,51.3905,0,0,0,51.3905,0
52.6766,2.66112,0,0,2.05953,0.0867471,0.36288,3.6288,61.308,0,0,0,0.95161,0.280225,0.671384,0.66528,12.849,1,0.636407,0.36288,0,47.6416,5.32445,42.0436,0.84672,12.849,0.84672,3695.15,0,0,0,0.709822,1.3927,4.01801,1.26167,4.85885,0.42336,0,0.42336,460.49,0,1.00292,0,0,1.71274,0.709822,1.028160,1,0,47.5738,0,0,0,47.5738,0
51.9751,2.65112,0,0,2.43126,0.118742,0.36288,3.6288,61.308,0,0,0,1.00973,0.256635,0.753096,0.66528,12.849,1,0.646668,0.36288,0,50.315,4.96851,45.0627,0.84672,12.849,0.84672,3695.15,0,0,0,0.777894,1.39281,4.15983,1.16626,5.16427,0.42336,0,0.42336,460.49,0,1.003,0,0,1.78089,0.777894,1.028160,1,0,50.9801,0,0,0,50.9801,0
52.1622,2.57603,0,0,3.32501,0.199021,0.36288,3.6288,61.308,0,0,0,1.27729,0.221224,1.05607,0.66528,12.849,1,0.636832,0.36288,0,76.0571,4.28631,71.4968,0.84672,12.849,0.84672,3695.15,0,0,0,1.39758,1.39292,4.92521,1.04809,6.66763,0.42336,0,0.42336,460.49,0,0.956929,0,0,2.35451,1.39758,1.028160,1,0,79.2205,0,0,0,79.2205,0
53.4698,2.57807,0,0,4.44795,0.199407,0.36288,3.6288,61.308,0,0,0,1.71154,0.221224,1.49032,0.66528,12.849,1,0.63505,0.36288,0,105.895,4.28631,101.337,0.84672,12.849,0.84672,3695.15,0,0,0,1.94799,1.34141,6.43557,1.04809,8.67688,0.42336,0,0.42336,460.49,0,0.957006,0,0,2.90499,1.94799,1.028160,1,0,111.504,0,0,0,111.504,0
54.8783,2.5908,0,0,4.56428,0.202103,0.36288,3.6288,61.308,0,0,0,2.22722,0.221224,2.006,0.66528,12.849,1,0.622579,0.36288,0,107.558,4.28631,103.012,0.84672,12.849,0.84672,3695.15,0,0,0,2.38719,1.34152,7.44405,1.04809,10.1247,0.42336,0,0.42336,460.49,0,0.957083,0,0,3.34428,2.38719,1.028160,1,0,115.143,0,0,0,115.143,0
55.7655,2.60395,0,0,4.08786,0.233812,0.36288,3.6288,61.308,0,0,0,1.64656,0.190337,1.45622,0.66528,12.849,1,0.60968,0.36288,0,96.3524,4.34111,91.7645,0.84672,12.849,0.84672,3695.15,0,0,0,1.95688,1.34163,6.8816,1.12948,9.05064,0.42336,0,0.42336,460.49,0,0.957159,0,0,2.91404,1.95688,1.028160,1,0,102.271,0,0,0,102.271,0
57.3928,2.41533,0,0,4.65631,0.250844,0.36288,3.6288,61.308,0,0,0,1.05252,0.233516,0.819,0.66528,12.849,1,0.556519,0.36288,0,107.863,4.5033,103.166,0.84672,12.849,0.84672,3695.15,0,0,0,2.25902,1.34174,7.69395,1.05737,10.2373,0.42336,0,0.42336,460.49,0,0.861085,0,0,3.1201,2.25902,1.028160,1,0,114.222,0,0,0,114.222,0
59.442,2.42842,0,0,5.09204,0.25146,0.36288,3.6288,61.308,0,0,0,1.34513,0.237918,1.10721,0.66528,12.849,1,0.54367,0.36288,0,141.3,4.5149,136.605,0.84672,12.849,0.84672,3695.15,0,0,0,3.60027,1.2222,9.295,1.05749,13.06,0.42336,0,0.42336,460.49,0,0.861154,0,0,4.46142,3.60027,1.028160,1,0,150.772,0,0,0,150.772,0
71.0479,2.44403,0,0,14.6677,0.254913,0.36288,3.6288,61.308,0,0,0,7.94056,0.244935,7.69562,0.66528,12.849,1,0.528301,0.36288,0,329.13,4.54079,324.423,0.84672,12.849,0.84672,3695.15,0,0,0,5.72255,1.2223,21.7876,1.07747,27.655,0.42336,0,0.42336,460.49,0,0.861223,0,0,6.58378,5.72255,1.028160,1,0,359.774,0,0,0,359.774,0
72.29,2.51731,0,0,8.81202,0.266182,4.78642,3.6288,61.308,0,0,0,7.8778,0.26846,7.60934,0.66528,12.849,1,0.455255,4.78642,0,330.7,4.46149,330.57,0.84672,12.849,0.84672,3695.15,0,0,0,2.89684,1.2224,20.9365,1.11048,23.9453,0.42336,0,0.42336,460.49,0,0.861293,0,0,3.75813,2.89684,1.028160,1,0,362.125,0,0,0,362.125,0
72.29,2.52415,0,0,9.54789,0.274353,6.74938,3.6288,61.308,0,0,0,5.01062,0.24158,4.76904,0.66528,12.849,1,0.448649,6.74938,0,231.583,4.06063,233.823,0.84672,12.849,0.84672,3695.15,0,0,0,2.65964,1.22249,17.0483,0.95677,19.9736,0.42336,0,0.42336,460.49,0,0.861362,0,0,3.521,2.65964,1.028160,1,0,258.566,0,0,0,258.566,0
72.29,2.60343,0,0,8.52085,0.283841,5.63358,3.6288,61.308,0,0,0,1.96073,0.2253,1.73543,0.66528,12.849,1,0.46274,5.63358,0,134.896,4.59564,135.472,0.84672,12.849,0.84672,3695.15,0,0,0,1.45335,1.22259,11.3082,1.10612,12.878,0.42336,0,0.42336,460.49,0,0.889282,0,0,2.34263,1.45335,1.028160,1,0,150.085,0,0,0,150.085,0
72.29,2.60362,0,0,7.07072,0.283841,4.18325,3.6288,61.308,0,0,0,1.95007,0.2253,1.72477,0.66528,12.849,1,0.462775,4.18325,0,81.3758,4.59564,80.5007,0.84672,12.849,0.84672,3695.15,0,0,0,1.85348,1.26166,9.51117,1.10612,11.5202,0.42336,0,0.42336,460.49,0,0.889348,0,0,2.74283,1.85348,1.028160,1,0,93.7456,0,0,0,93.7456,0
72.29,2.60382,0,0,6.86255,0.283841,3.97489,3.6288,61.308,0,0,0,1.78148,0.2253,1.55618,0.66528,12.849,1,0.462809,3.97489,0,143.934,4.59564,142.85,0.84672,12.849,0.84672,3695.15,0,0,0,1.35285,1.26175,9.88779,1.10612,11.3963,0.42336,0,0.42336,460.49,0,0.889414,0,0,2.24226,1.35285,1.028160,1,0,155.803,0,0,0,155.803,0
72.29,2.60401,0,0,5.69849,0.283841,2.81064,3.6288,61.308,0,0,0,1.43368,0.2253,1.20838,0.66528,12.849,1,0.462843,2.81064,0,93.8226,4.59564,91.5748,0.84672,12.849,0.84672,3695.15,0,0,0,1.32911,1.26185,7.05283,1.10612,8.53766,0.42336,0,0.42336,460.49,0,0.889479,0,0,2.21859,1.32911,1.028160,1,0,101.321,0,0,0,101.321,0
72.29,2.85821,0,0,5.22696,0.337532,2.03122,3.6288,61.308,0,0,0,1.78266,0.223221,1.55944,0.66528,12.849,1,0.508025,2.03122,0,126.424,4.36454,123.583,0.84672,12.849,0.84672,3695.15,0,0,0,1.92006,1.26194,7.82412,1.04187,9.96426,0.42336,0,0.42336,460.49,0,0.994137,0,0,2.91419,1.92006,1.028160,1,0,135.106,0,0,0,135.106,0
72.29,2.85842,0,0,8.04426,0.337532,4.84831,3.6288,61.308,0,0,0,2.05803,0.223221,1.83481,0.66528,12.849,1,0.508063,4.84831,0,116.288,4.36454,116.264,0.84672,12.849,0.84672,3695.15,0,0,0,2.67657,1.3989,10.8886,1.04187,13.9222,0.42336,0,0.42336,460.49,0,0.99421,0,0,3.67078,2.67657,1.028160,1,0,132.021,0,0,0,132.021,0
72.29,2.85863,0,0,5.75998,0.331196,2.57015,3.6288,61.308,0,0,0,1.84313,0.22279,1.62034,0.66528,12.849,1,0.5081,2.57015,0,116.491,4.19244,114.361,0.84672,12.849,0.84672,3695.15,0,0,0,1.9327,1.39901,8.37553,1.01029,10.6969,0.42336,0,0.42336,460.49,0,0.994283,0,0,2.92698,1.9327,1.028160,1,0,126.678,0,0,0,126.678,0
72.29,2.85884,0,0,5.91998,0.378666,2.68247,3.6288,61.308,0,0,0,1.76516,0.200084,1.56508,0.66528,12.849,1,0.508138,2.68247,0,129.48,3.8934,127.761,0.84672,12.849,0.84672,3695.15,0,0,0,2.06895,1.39911,13.2611,1.01921,15.71,0.42336,0,0.42336,460.49,0,0.994357,0,0,3.0633,2.06895,1.028160,1,0,145.036,0,0,0,145.036,0
72.29,2.49665,0,0,4.70566,0.2995,1.9095,3.6288,61.308,0,0,0,1.79162,0.15151,1.64011,0.66528,12.849,1,0.443761,1.9095,0,91.8337,3.75743,89.542,0.84672,12.849,0.84672,3695.15,0,0,0,2.16989,1.39921,10.0732,0.817197,12.8251,0.42336,0,0.42336,460.49,0,0.854026,0,0,3.02391,2.16989,1.028160,1,0,104.007,0,0,0,104.007,0
72.29,2.49684,0,0,4.35533,0.2995,1.55899,3.6288,61.308,0,0,0,1.01115,0.15151,0.859638,0.66528,12.849,1,0.443794,1.55899,0,76.928,3.75743,74.2857,0.84672,12.849,0.84672,3695.15,0,0,0,1.41328,1.21085,7.76995,0.817197,9.57689,0.42336,0,0.42336,460.49,0,0.854089,0,0,2.26737,1.41328,1.028160,1,0,84.7223,0,0,0,84.7223,0
72.29,2.49702,0,0,3.54368,0.2995,0.747159,3.6288,61.308,0,0,0,0.908876,0.15151,0.757366,0.66528,12.849,1,0.443826,0.747159,0,66.7172,3.75743,63.2631,0.84672,12.849,0.84672,3695.15,0,0,0,0.988449,1.21094,6.00138,0.817197,7.38357,0.42336,0,0.42336,460.49,0,0.854152,0,0,1.8426,0.988449,1.028160,1,0,71.4041,0,0,0,71.4041,0
72.29,2.4972,0,0,4.79559,0.2995,1.99889,3.6288,61.308,0,0,0,1.26643,0.15151,1.11492,0.66528,12.849,1,0.443859,1.99889,0,104.772,3.75743,102.57,0.84672,12.849,0.84672,3695.15,0,0,0,1.86567,1.21103,7.54205,0.817197,9.80155,0.42336,0,0.42336,460.49,0,0.854215,0,0,2.71988,1.86567,1.028160,1,0,113.486,0,0,0,113.486,0
72.29,2.24063,0,0,5.58359,0.284527,3.05844,3.6288,61.308,0.128518,0,0,1.08469,0.136044,0.82013,0.66528,12.849,1,0.398254,3.05844,0,110.576,3.05618,110.18,0.84672,12.849,0.84672,3695.15,0,0,0,1.55873,1.21112,7.79876,0.648121,9.92048,0.42336,0,0.42336,460.49,0,1.02816,0,0,2.58689,1.55873,1.028160,1,0,120.921,0,0,0,120.921,0
72.29,2.33207,0,0,5.33385,0.26952,2.73227,3.6288,61.308,0.162942,0,0,0.981184,0.177806,0.640437,0.66528,12.849,1,0.414507,2.73227,0,102.282,3.58449,101.015,0.84672,12.849,0.84672,3695.15,0,0,0,1.19084,1.38818,6.57704,0.776892,8.37916,0.42336,0,0.42336,460.49,0,1.02816,0,0,2.219,1.19084,1.028160,1,0,110.035,0,0,0,110.035,0
72.29,2.33226,0,0,3.61093,0.264896,1.01378,3.6288,61.308,0.163008,0,0,0.849761,0.202794,0.48396,0.66528,12.849,1,0.414541,1.01378,0,98.5634,4.13984,95.0228,0.84672,12.849,0.84672,3695.15,0,0,0,1.17634,1.43495,6.62513,0.928269,8.30816,0.42336,0,0.42336,460.49,0,1.02816,0,0,2.2045,1.17634,1.028160,1,0,103.815,0,0,0,103.815,0
72.29,2.33245,0,0,3.24924,0.264896,0.651892,3.6288,61.308,0.163073,0,0,1.08348,0.202794,0.717615,0.66528,12.849,1,0.414575,0.651892,0,69.8967,4.13984,65.9942,0.84672,12.849,0.84672,3695.15,0,0,0,1.56169,1.43505,5.27548,0.928269,7.34395,0.42336,0,0.42336,460.49,0,1.02816,0,0,2.58985,1.56169,1.028160,1,0,74.0558,0,0,0,74.0558,0
72.29,2.33264,0,0,3.16031,0.251148,0.576525,3.6288,61.308,0.163139,0,0,1.02991,0.203316,0.663459,0.66528,12.849,1,0.414609,0.576525,0,66.1617,3.86241,62.4612,0.84672,12.849,0.84672,3695.15,0,0,0,1.28239,1.43514,6.53112,0.924376,8.32428,0.42336,0,0.42336,460.49,0,1.02816,0,0,2.31055,1.28239,1.028160,1,0,71.4489,0,0,0,71.4489,0
72.29,2.29714,0,0,3.16747,0.200774,0.669553,3.6288,61.308,0.149855,0,0,0.967438,0.220061,0.597521,0.66528,12.849,1,0.408299,0.669553,0,71.1746,3.54732,67.8885,0.84672,12.849,0.84672,3695.15,0,0,0,1.00178,1.43523,4.22789,0.986603,5.6783,0.42336,0,0.42336,460.49,0,1.02816,0,0,2.02994,1.00178,1.028160,1,0,74.1643,0,0,0,74.1643,0
72.29,2.29733,0,0,3.2324,0.200774,0.734294,3.6288,61.308,0.14992,0,0,0.83262,0.220061,0.462638,0.66528,12.849,1,0.408333,0.734294,0,68.7096,3.54732,65.4882,0.84672,12.849,0.84672,3695.15,0,0,0,0.643507,1.41713,4.18161,0.986603,5.25565,0.42336,0,0.42336,460.49,0,1.02816,0,0,1.67167,0.643507,1.028160,1,0,71.2065,0,0,0,71.2065,0
72.29,2.29752,0,0,3.30612,0.170363,0.838241,3.6288,61.308,0.149985,0,0,0.814225,0.234898,0.429343,0.66528,12.849,1,0.408366,0.838241,0,71.2048,4.71694,66.9178,0.84672,12.849,0.84672,3695.15,0,0,0,0.717232,1.41723,5.20036,1.03271,6.3021,0.42336,0,0.42336,460.49,0,1.02816,0,0,1.74539,0.717232,1.028160,1,0,73.6492,0,0,0,73.6492,0
72.1818,2.29771,0,0,2.66493,0.112528,0.36288,3.6288,61.308,0.150049,0,0,0.772848,0.254868,0.367931,0.66528,12.849,1,0.4084,0.36288,0,46.2146,5.42348,40.7456,0.84672,12.849,0.84672,3695.15,0,0,0,0.601612,1.41732,3.92799,1.15257,4.79434,0.42336,0,0.42336,460.49,0,1.02816,0,0,1.62977,0.601612,1.028160,1,0,45.9079,0,0,0,45.9079,0
72.1192,2.41853,0,0,2.84888,0.130051,0.36288,3.6288,61.308,0.197468,0,0,0.774809,0.258219,0.319122,0.66528,12.849,1,0.43052,0.36288,0,55.137,4.65226,50.4171,0.84672,12.849,0.84672,3695.15,0,0,0,0.480479,1.41741,3.94896,1.0532,4.79364,0.42336,0,0.42336,460.49,0,1.02816,0,0,1.50864,0.480479,1.028160,1,0,55.5299,0,0,0,55.5299,0
72.0079,2.41841,0,0,2.80862,0.138626,0.36288,3.6288,61.308,0.237885,0,0,0.733588,0.257023,0.238679,0.66528,12.849,1,0.430872,0.36288,0,54.6123,4.49389,50.0504,0.84672,12.849,0.84672,3695.15,0,0,0,0.402797,1.48083,3.69699,1.02396,4.55665,0.42336,0,0.42336,460.49,0,0.987811,0,0,1.39061,0.402797,1.028160,1,0,54.8458,0,0,0,54.8458,0
71.5881,2.41805,0,0,2.49955,0.138508,0.36288,3.6288,61.308,0.259363,0,0,0.673065,0.257023,0.156678,0.66528,12.849,1,0.431473,0.36288,0,49.2488,4.49389,44.6863,0.84672,12.849,0.84672,3695.15,0,0,0,0.30119,1.48093,3.56265,1.02396,4.32081,0.42336,0,0.42336,460.49,0,0.966401,0,0,1.26759,0.30119,1.028160,1,0,49.1638,0,0,0,49.1638,0
71.0819,2.4161,0,0,2.36076,0.0879477,0.36288,3.6288,61.308,0.307237,0,0,0.64641,0.290075,0.0490986,0.66528,12.849,1,0.433654,0.36288,0,43.8957,4.86875,38.9562,0.84672,12.849,0.84672,3695.15,0,0,0,0.30119,1.48103,3.39308,1.11974,4.05556,0.42336,0,0.42336,460.49,0,0.918596,0,0,1.21979,0.30119,1.028160,1,0,43.0608,0,0,0,43.0608,0
70.4024,2.41368,0,0,2.1954,0.0983349,0.36288,3.6288,61.308,0.290517,0,0,0.615776,0.289245,0.0360134,0.66528,12.849,1,0.436305,0.36288,0,37.5173,5.32403,32.1198,0.84672,12.849,0.84672,3695.15,0,0,0,0.30119,1.48112,3.21708,1.19036,3.80903,0.42336,0,0.42336,460.49,0,0.935384,0,0,1.23657,0.30119,1.028160,1,0,35.9649,0,0,0,35.9649,0
69.5998,2.38644,0,0,2.02755,0.0807989,0.36288,3.6288,61.2592,0.288429,0,0,0.563638,0.323991,0,0.66528,12.849,1,0.435544,0.36288,0,31.9438,5.70347,26.1677,0.84672,12.849,0.84672,3695.15,0,0,0,0.30119,1.48122,3.09126,1.3605,3.51317,0.42336,0,0.42336,460.49,0,0.963576,0,0,1.26477,0.30119,1.028160,1,0,29.6809,0,0,0,29.6809,0
68.4503,2.63767,0,0,1.9272,0.0761542,0.36288,3.6288,61.308,0,0,0,0.547269,0.329784,0.168702,0.66528,12.849,1,0.486946,0.36288,0,29.3615,5.70979,23.5276,0.84672,12.849,0.84672,3695.15,0,0,0,0.271744,1.49614,2.99519,1.38003,3.38305,0.42336,0,0.42336,460.49,0,0.949676,0,0,1.22142,0.271744,1.028160,1,0,27.0794,0,0,0,27.0794,0
67.1757,2.63097,0,0,1.79468,0.0754762,0.36288,3.6288,61.308,0.0418028,0,0,0.477573,0.329886,0.105884,0.66528,12.849,1,0.493868,0.36288,0,27.2905,5.70979,21.4497,0.84672,12.849,0.84672,3695.15,0,0,0,0.261274,1.31927,2.83726,1.38003,3.03778,0.42336,0,0.42336,460.49,0,0.907943,0,0,1.16922,0.261274,1.028160,1,0,24.5934,0,0,0,24.5934,0
65.8074,2.6233,0,0,1.69401,0.076135,0.36288,3.6288,61.308,0.121171,0,0,0.452988,0.328995,0.00282218,0.66528,12.849,1,0.501771,0.36288,0,25.9043,5.71069,20.0547,0.84672,12.849,0.84672,3695.15,0,0,0,0.261274,1.31937,2.68746,1.3862,2.88191,0.42336,0,0.42336,460.49,0,0.828645,0,0,1.08992,0.261274,1.028160,1,0,22.9394,0,0,0,22.9394,0
64.3862,2.67579,0,0,1.67651,0.0590017,0.36288,3.6288,61.2515,0.2524,0,0,0.541723,0.345864,0,0.66528,12.849,1,0.522452,0.36288,0,23.1566,5.90592,17.0911,0.84672,12.849,0.84672,3695.15,0,0,0,0.261274,1.31947,2.59116,1.53567,2.63623,0.42336,0,0.42336,460.49,0,0.720697,0,0,0.981971,0.261274,1.028160,1,0,19.7273,0,0,0,19.7273,0
63.0787,2.66637,0,0,1.77028,0.0485711,0.36288,3.6288,61.308,0.0401007,0,0,0.59083,0.354622,0.139567,0.66528,12.849,1,0.532105,0.36288,0,31.7775,5.98185,25.6264,0.84672,12.849,0.84672,3695.15,0,0,0,0.261274,1.35117,2.951,1.58065,2.98279,0.42336,0,0.42336,460.49,0,0.933068,0,0,1.19434,0.261274,1.028160,1,0,28.7488,0,0,0,28.7488,0
61.6614,2.65741,0,0,1.65104,0.0480585,0.36288,3.6288,61.308,0.0216917,0,0,0.523323,0.354748,0.146883,0.66528,12.849,1,0.541308,0.36288,0,25.1389,5.98185,18.9787,0.84672,12.849,0.84672,3695.15,0,0,0,0.227405,1.35127,2.69357,1.58065,2.69159,0.42336,0,0.42336,460.49,0,0.951549,0,0,1.17895,0.227405,1.028160,1,0,21.8171,0,0,0,21.8171,0
60.1055,2.6473,0,0,1.50178,0.0475028,0.36288,3.6288,61.2386,0.206262,0,0,0.491562,0.354748,0,0.66528,12.849,1,0.551646,0.36288,0,23.1161,5.98185,16.9455,0.84672,12.849,0.84672,3695.15,0,0,0,0.227405,1.35136,2.46518,1.58065,2.4633,0.42336,0,0.42336,460.49,0,0.767051,0,0,0.994455,0.227405,1.028160,1,0,19.4088,0,0,0,19.4088,0
58.409,2.81176,0,0,1.5284,0.0501768,0.36288,3.6288,61.1357,0.246506,0,0,0.485559,0.34187,0,0.66528,12.849,1,0.601083,0.36288,0,20.8323,5.65448,14.9397,0.84672,12.849,0.84672,3695.15,0,0,0,0.227405,1.35146,2.66529,1.47735,2.76681,0.42336,0,0.42336,460.49,0,0.810683,0,0,1.03809,0.227405,1.028160,1,0,17.7065,0,0,0,17.7065,0
56.8983,2.79766,0,0,1.69438,0.0445364,0.36288,3.6288,61.198,0.136433,0,0,0.538911,0.340184,0,0.66528,12.849,1,0.615438,0.36288,0,22.7842,5.62821,16.9034,0.84672,12.849,0.84672,3695.15,0,0,0,0.227405,1.45635,2.57072,1.45695,2.79753,0.42336,0,0.42336,460.49,0,0.920834,0,0,1.14824,0.227405,1.028160,1,0,19.701,0,0,0,19.701,0
55.0665,2.78454,0,0,1.35947,0.043883,0.36288,3.6288,60.9408,0.340666,0,0,0.423759,0.340318,0,0.66528,12.849,1,0.628815,0.36288,0,26.7991,5.62821,20.905,0.84672,12.849,0.84672,3695.15,0,0,0,0.204422,1.45646,2.1355,1.45695,2.33943,0.42336,0,0.42336,460.49,0,0.716679,0,0,0.921102,0.204422,1.028160,1,0,23.2444,0,0,0,23.2444,0
53.5028,2.76778,0,0,1.61004,0.0430907,0.36288,3.6288,61.2186,0.029263,0,0,0.64685,0.339765,0,0.66528,12.849,1,0.645823,0.36288,0,23.0024,5.62821,17.0913,0.84672,12.849,0.84672,3695.15,0,0,0,0.357437,1.45657,2.88783,1.45695,3.24488,0.42336,0,0.42336,460.49,0,1.02816,0,0,1.3856,0.357437,1.028160,1,0,20.3362,0,0,0,20.3362,0
52.539,2.75276,0,0,2.18824,0.0363704,0.36288,3.6288,61.308,0.0293411,0,0,0.631435,0.323554,0.189167,0.66528,12.849,1,0.661092,0.36288,0,30.8428,5.55716,24.9874,0.84672,12.849,0.84672,3695.15,0,0,0,0.349065,1.45667,3.50526,1.39637,3.91462,0.42336,0,0.42336,460.49,0,1.02816,0,0,1.37722,0.349065,1.028160,1,0,29.0912,0,0,0,29.0912,0
51.9691,2.65952,0,0,2.48053,0.0280334,0.36288,3.6288,61.308,0,0,0,1.12844,0.301312,0.827124,0.66528,12.849,1,0.650416,0.36288,0,35.3545,5.46242,29.6046,0.84672,12.849,0.84672,3695.15,0,0,0,1.57,1.45678,4.77645,1.31561,6.48763,0.42336,0,0.42336,460.49,0,1.00669,0,0,2.5767,1.57,1.028160,1,0,36.9193,0,0,0,36.9193,0
51.1126,2.654,0,0,2.18825,0.0278689,0.36288,3.6288,61.308,0,0,0,0.635312,0.301312,0.334,0.66528,12.849,1,0.656183,0.36288,0,36.6218,5.46242,30.8661,0.84672,12.849,0.84672,3695.15,0,0,0,0.553399,1.39805,3.58192,1.31561,4.21777,0.42336,0,0.42336,460.49,0,1.00677,0,0,1.56017,0.553399,1.028160,1,0,35.4179,0,0,0,35.4179,0
49.9335,2.64541,0,0,1.85682,0.0276216,0.36288,3.6288,61.308,0,0,0,0.579116,0.301312,0.277804,0.66528,12.849,1,0.665019,0.36288,0,33.8393,5.46242,28.0747,0.84672,12.849,0.84672,3695.15,0,0,0,0.41156,1.39816,3.40836,1.31561,3.90247,0.42336,0,0.42336,460.49,0,1.00684,0,0,1.4184,0.41156,1.028160,1,0,32.255,0,0,0,32.255,0
50.7728,2.63311,0,0,3.95906,0.123748,0.36288,3.6288,61.308,0,0,0,1.05939,0.210344,0.849043,0.66528,12.849,1,0.677558,0.36288,0,74.4911,4.21664,69.9597,0.84672,12.849,0.84672,3695.15,0,0,0,0.897166,1.39826,7.55188,0.926219,8.92109,0.42336,0,0.42336,460.49,0,1.00692,0,0,1.90408,0.897166,1.028160,1,0,79.7299,0,0,0,79.7299,0
48.9922,2.57399,0,0,1.35978,0.203558,0.36288,3.6288,61.308,0,0,0,0.850729,0.207561,0.643168,0.66528,12.849,1,0.651396,0.36288,0,44.1219,4.92324,38.9101,0.84672,12.849,0.84672,3695.15,0,0,0,0.987884,1.39836,4.29332,1.25491,5.42466,0.42336,0,0.42336,460.49,0,0.96066,0,0,1.94854,0.987884,1.028160,1,0,44.978,0,0,0,44.978,0
47.0522,2.55542,0,0,1.17808,0.199746,0.36288,3.6288,61.308,0,0,0,0.825414,0.207561,0.617853,0.66528,12.849,1,0.670202,0.36288,0,30.4537,4.92324,25.2231,0.84672,12.849,0.84672,3695.15,0,0,0,0.999227,1.34664,3.75791,1.25491,4.84887,0.42336,0,0.42336,460.49,0,0.960731,0,0,1.95996,0.999227,1.028160,1,0,30.6898,0,0,0,30.6898,0
47.7679,2.53391,0,0,3.78698,0.174572,0.36288,3.6288,61.308,0,0,0,1.20809,0.197633,1.01046,0.66528,12.849,1,0.691958,0.36288,0,57.1547,4.68324,52.1424,0.84672,12.849,0.84672,3695.15,0,0,0,1.76057,1.34674,8.00826,1.30857,9.80701,0.42336,0,0.42336,460.49,0,0.960802,0,0,2.72138,1.76057,1.028160,1,0,62.9599,0,0,0,62.9599,0
49.6712,2.54226,0,0,5.01124,0.202787,0.36288,3.6288,61.308,0,0,0,1.72682,0.14707,1.57975,0.66528,12.849,1,0.683839,0.36288,0,89.7168,3.6056,85.7903,0.84672,12.849,0.84672,3695.15,0,0,0,2.72808,1.34684,14.0531,1.07879,17.0493,0.42336,0,0.42336,460.49,0,0.960873,0,0,3.68895,2.72808,1.028160,1,0,104.419,0,0,0,104.419,0
57.3551,2.37023,0,0,10.6423,0.225244,0.36288,3.6288,61.308,0,0,0,8.31357,0.186766,8.12681,0.66528,12.849,1,0.613133,0.36288,0,152.162,3.98735,147.924,0.84672,12.849,0.84672,3695.15,0,0,0,6.21194,1.34694,27.5622,1.02455,34.0965,0.42336,0,0.42336,460.49,0,0.86442,0,0,7.07636,6.21194,1.028160,1,0,190.148,0,0,0,190.148,0
63.941,2.43751,0,0,9.63783,0.251499,0.36288,3.6288,61.308,0,0,0,7.14018,0.202644,6.93754,0.66528,12.849,1,0.546066,0.36288,0,206.453,4.14005,202.13,0.84672,12.849,0.84672,3695.15,0,0,0,5.07701,1.22693,22.836,1.00285,28.137,0.42336,0,0.42336,460.49,0,0.864484,0,0,5.94149,5.07701,1.028160,1,0,237.204,0,0,0,237.204,0
71.6112,2.48453,0,0,10.7843,0.266634,0.36288,3.6288,61.308,0,0,0,7.53788,0.202644,7.33524,0.66528,12.849,1,0.499269,0.36288,0,210.987,4.14005,206.711,0.84672,12.849,0.84672,3695.15,0,0,0,5.57613,1.22702,23.9376,1.00285,29.7379,0.42336,0,0.42336,460.49,0,0.864548,0,0,6.44068,5.57613,1.028160,1,0,243.784,0,0,0,243.784,0
72.29,2.53006,0,0,10.2775,0.283201,6.78551,3.6288,61.308,0,0,0,6.86128,0.202644,6.65864,0.66528,12.849,1,0.453961,6.78551,0,204.634,4.14005,206.826,0.84672,12.849,0.84672,3695.15,0,0,0,4.59174,1.22711,17.1,1.00285,21.916,0.42336,0,0.42336,460.49,0,0.864612,0,0,5.45635,4.59174,1.028160,1,0,235.4,0,0,0,235.4,0
72.29,2.53387,0,0,6.32324,0.285223,3.50416,3.6288,61.308,0,0,0,4.77983,0.211175,4.56865,0.66528,12.849,1,0.450375,3.50416,0,145.738,4.33287,144.458,0.84672,12.849,0.84672,3695.15,0,0,0,3.24158,1.2272,12.2445,1.07407,15.6393,0.42336,0,0.42336,460.49,0,0.864676,0,0,4.10626,3.24158,1.028160,1,0,164.666,0,0,0,164.666,0
70.2407,2.61343,0,0,1.21595,0.288929,0.36288,3.6288,61.308,0,0,0,1.12107,0.241078,0.879988,0.66528,12.849,1,0.464518,0.36288,0,41.4088,4.98897,36.3182,0.84672,12.849,0.84672,3695.15,0,0,0,0.665967,1.2273,4.59239,1.30811,5.17755,0.42336,0,0.42336,460.49,0,0.892698,0,0,1.55866,0.665967,1.028160,1,0,42.3758,0,0,0,42.3758,0
70.0586,2.60215,0,0,3.06733,0.284436,0.36288,3.6288,61.308,0,0,0,1.45594,0.241078,1.21486,0.66528,12.849,1,0.476007,0.36288,0,52.5983,4.98897,47.4962,0.84672,12.849,0.84672,3695.15,0,0,0,1.19394,1.26651,14.0992,1.30811,15.2515,0.42336,0,0.42336,460.49,0,0.892758,0,0,2.0867,1.19394,1.028160,1,0,63.9626,0,0,0,63.9626,0
72.29,2.60128,0,0,8.31616,0.284037,3.19941,3.6288,61.308,0,0,0,2.83647,0.241078,2.59539,0.66528,12.849,1,0.477085,3.19941,0,189.112,4.98897,186.846,0.84672,12.849,0.84672,3695.15,0,0,0,3.56604,1.26659,12.2193,1.30811,15.7438,0.42336,0,0.42336,460.49,0,0.892819,0,0,4.45886,3.56604,1.028160,1,0,205.185,0,0,0,205.185,0
72.29,2.61396,0,0,3.8944,0.298903,0.981538,3.6288,61.308,0,0,0,2.15412,0.228797,1.92533,0.66528,12.849,1,0.464612,0.981538,0,110.33,4.3176,106.53,0.84672,12.849,0.84672,3695.15,0,0,0,2.24433,1.26668,6.92755,1.12737,9.31119,0.42336,0,0.42336,460.49,0,0.892879,0,0,3.13721,2.24433,1.028160,1,0,117.766,0,0,0,117.766,0
72.29,2.86911,0,0,3.6603,0.328828,0.462359,3.6288,61.308,0,0,0,0.975184,0.233126,0.742058,0.66528,12.849,1,0.509963,0.462359,0,73.9014,4.50687,69.3469,0.84672,12.849,0.84672,3695.15,0,0,0,0.960153,1.26676,5.46478,1.24167,6.45003,0.42336,0,0.42336,460.49,0,0.99793,0,0,1.95808,0.960153,1.028160,1,0,76.539,0,0,0,76.539,0
71.6993,2.86931,0,0,2.97534,0.333815,0.36288,3.6288,61.308,0.210902,0,0,0.779147,0.233848,0.334397,0.66528,12.849,1,0.509998,0.36288,0,68.1964,4.53842,63.5108,0.84672,12.849,0.84672,3695.15,0,0,0,0.503194,1.40424,5.08837,1.26072,5.73508,0.42336,0,0.42336,460.49,0,0.787095,0,0,1.29029,0.503194,1.028160,1,0,69.5803,0,0,0,69.5803,0
72.1198,2.6095,0,0,3.72514,0.332319,0.36288,3.6288,61.308,0.272304,0,0,1.1838,0.233848,0.677649,0.66528,12.849,1,0.467639,0.36288,0,82.8187,4.53842,78.1755,0.84672,12.849,0.84672,3695.15,0,0,0,1.49172,1.40433,7.10078,1.26072,8.73612,0.42336,0,0.42336,460.49,0,1.02816,0,0,2.51988,1.49172,1.028160,1,0,87.5893,0,0,0,87.5893,0
72.29,2.612,0,0,4.26961,0.333384,1.15401,3.6288,61.308,0.272372,0,0,1.4867,0.233848,0.980483,0.66528,12.849,1,0.46536,1.15401,0,89.9035,4.53842,86.0538,0.84672,12.849,0.84672,3695.15,0,0,0,1.59909,1.58139,8.02461,1.26072,9.94437,0.42336,0,0.42336,460.49,0,1.02816,0,0,2.62725,1.59909,1.028160,1,0,96.9786,0,0,0,96.9786,0
72.29,2.50611,0,0,7.36456,0.362423,4.49603,3.6288,61.308,0,0,0,4.78327,0.170411,4.61286,0.66528,12.849,1,0.445443,4.49603,0,155.525,3.25937,156.316,0.84672,12.849,0.84672,3695.15,0,0,0,4.87926,1.58149,14.0549,0.885495,19.6302,0.42336,0,0.42336,460.49,0,0.857262,0,0,5.73652,4.87926,1.028160,1,0,180.559,0,0,0,180.559,0
72.29,2.50628,0,0,6.52518,0.33653,3.68237,3.6288,61.308,0,0,0,5.26541,0.179008,5.0864,0.66528,12.849,1,0.445473,3.68237,0,134.298,3.16932,134.366,0.84672,12.849,0.84672,3695.15,0,0,0,4.81623,1.21544,12.5802,0.811192,17.8007,0.42336,0,0.42336,460.49,0,0.85732,0,0,5.67355,4.81623,1.028160,1,0,157.253,0,0,0,157.253,0
72.29,2.24969,0,0,5.66646,0.33653,3.08024,3.6288,61.308,0.131618,0,0,4.68277,0.179008,4.37214,0.66528,12.849,1,0.399865,3.08024,0,111.61,3.16932,111.121,0.84672,12.849,0.84672,3695.15,0,0,0,4.32285,1.21552,11.139,0.811192,15.8662,0.42336,0,0.42336,460.49,0,1.02816,0,0,5.35101,4.32285,1.028160,1,0,131.359,0,0,0,131.359,0
72.29,2.24986,0,0,6.59703,0.33653,4.01064,3.6288,61.308,0.131676,0,0,4.77938,0.179008,4.4687,0.66528,12.849,1,0.399895,4.01064,0,125.367,3.16932,125.809,0.84672,12.849,0.84672,3695.15,0,0,0,5.03156,1.39257,13.5247,0.811192,19.1377,0.42336,0,0.42336,460.49,0,1.02816,0,0,6.05972,5.03156,1.028160,1,0,149.415,0,0,0,149.415,0
72.29,2.25003,0,0,5.73722,0.31889,3.1683,3.6288,61.308,0.131734,0,0,3.75386,0.167005,3.45512,0.66528,12.849,1,0.399925,3.1683,0,106.863,2.74776,106.884,0.84672,12.849,0.84672,3695.15,0,0,0,3.41677,1.39265,9.93808,0.667478,14.08,0.42336,0,0.42336,460.49,0,1.02816,0,0,4.44493,3.41677,1.028160,1,0,124.419,0,0,0,124.419,0
72.29,2.34179,0,0,3.34728,0.29293,0.712558,3.6288,61.308,0.166282,0,0,1.93867,0.16231,1.61008,0.66528,12.849,1,0.416236,0.712558,0,58.902,2.37666,56.8217,0.84672,12.849,0.84672,3695.15,0,0,0,2.72871,1.39274,5.02054,0.589631,8.55235,0.42336,0,0.42336,460.49,0,1.02816,0,0,3.75687,2.72871,1.028160,1,0,66.9841,0,0,0,66.9841,0
72.29,2.34197,0,0,3.9451,0.2911,1.31203,3.6288,61.308,0.166342,0,0,1.7905,0.170792,1.45337,0.66528,12.849,1,0.416268,1.31203,0,84.3607,2.51989,82.7366,0.84672,12.849,0.84672,3695.15,0,0,0,1.23648,1.43968,5.61804,0.674961,7.61924,0.42336,0,0.42336,460.49,0,1.02816,0,0,2.26464,1.23648,1.028160,1,0,91.8092,0,0,0,91.8092,0
72.29,2.34215,0,0,3.27637,0.2911,0.643129,3.6288,61.308,0.166402,0,0,2.48473,0.170792,2.14754,0.66528,12.849,1,0.416299,0.643129,0,62.4795,2.51989,60.1864,0.84672,12.849,0.84672,3695.15,0,0,0,3.13766,1.43977,6.61567,0.674961,10.5181,0.42336,0,0.42336,460.49,0,1.02816,0,0,4.16582,3.13766,1.028160,1,0,72.8521,0,0,0,72.8521,0
72.29,2.34232,0,0,3.32313,0.293965,0.686848,3.6288,61.308,0.166462,0,0,2.62489,0.1701,2.28833,0.66528,12.849,1,0.41633,0.686848,0,87.582,2.63433,85.2181,0.84672,12.849,0.84672,3695.15,0,0,0,2.51179,1.43985,7.0401,0.687293,10.3044,0.42336,0,0.42336,460.49,0,1.02816,0,0,3.53995,2.51179,1.028160,1,0,97.8109,0,0,0,97.8109,0
71.8382,2.30667,0,0,2.44468,0.226893,0.36288,3.6288,61.308,0.153123,0,0,1.0164,0.205188,0.65809,0.66528,12.849,1,0.409994,0.36288,0,43.1969,3.6669,39.4829,0.84672,12.849,0.84672,3695.15,0,0,0,1.13943,1.43994,3.98406,0.781938,5.78149,0.42336,0,0.42336,460.49,0,1.02816,0,0,2.16759,1.13943,1.028160,1,0,45.9225,0,0,0,45.9225,0
71.3418,2.30466,0,0,2.38324,0.212118,0.36288,3.6288,61.308,0.153183,0,0,1.1102,0.211728,0.745287,0.66528,12.849,1,0.412212,0.36288,0,41.8583,3.72456,38.0844,0.84672,12.849,0.84672,3695.15,0,0,0,1.33514,1.42176,4.51556,0.785381,6.48708,0.42336,0,0.42336,460.49,0,1.02816,0,0,2.3633,1.33514,1.028160,1,0,45.3168,0,0,0,45.3168,0
70.6935,2.3024,0,0,2.2283,0.211317,0.36288,3.6288,61.308,0.153242,0,0,1.09185,0.211728,0.726884,0.66528,12.849,1,0.414673,0.36288,0,38.1703,3.72456,34.394,0.84672,12.849,0.84672,3695.15,0,0,0,1.08026,1.42185,4.05308,0.785381,5.7698,0.42336,0,0.42336,460.49,0,1.02816,0,0,2.10842,1.08026,1.028160,1,0,40.8906,0,0,0,40.8906,0
70.0724,2.29935,0,0,2.24294,0.201828,0.36288,3.6288,61.308,0.153301,0,0,0.948534,0.199547,0.595685,0.66528,12.849,1,0.417922,0.36288,0,38.893,3.36666,35.4713,0.84672,12.849,0.84672,3695.15,0,0,0,0.987829,1.42193,3.82309,0.793718,5.43913,0.42336,0,0.42336,460.49,0,1.02816,0,0,2.01599,0.987829,1.028160,1,0,41.5061,0,0,0,41.5061,0
69.0615,2.41745,0,0,1.91228,0.142856,0.36288,3.6288,61.308,0.200891,0,0,0.806881,0.209298,0.396692,0.66528,12.849,1,0.443282,0.36288,0,34.715,3.58353,31.0511,0.84672,12.849,0.84672,3695.15,0,0,0,0.731946,1.42201,3.32319,0.858829,4.61833,0.42336,0,0.42336,460.49,0,1.02816,0,0,1.76011,0.731946,1.028160,1,0,36.0661,0,0,0,36.0661,0
68.0158,2.41216,0,0,1.86615,0.136811,0.36288,3.6288,61.308,0.200953,0,0,0.835989,0.213104,0.421932,0.66528,12.849,1,0.448787,0.36288,0,34.3322,3.66387,30.5824,0.84672,12.849,0.84672,3695.15,0,0,0,0.593724,1.48567,3.50126,0.903435,4.67721,0.42336,0,0.42336,460.49,0,1.02816,0,0,1.62188,0.593724,1.028160,1,0,35.6815,0,0,0,35.6815,0
66.8591,2.40654,0,0,1.74845,0.135698,0.36288,3.6288,61.308,0.201016,0,0,0.784452,0.213104,0.370332,0.66528,12.849,1,0.454624,0.36288,0,32.0331,3.66387,28.2775,0.84672,12.849,0.84672,3695.15,0,0,0,0.541495,1.48575,3.13069,0.903435,4.2545,0.42336,0,0.42336,460.49,0,1.02816,0,0,1.56965,0.541495,1.028160,1,0,32.9024,0,0,0,32.9024,0
65.6211,2.40012,0,0,1.64035,0.115414,0.36288,3.6288,61.308,0.201078,0,0,0.743316,0.229942,0.312296,0.66528,12.849,1,0.461255,0.36288,0,29.8674,4.05336,25.7156,0.84672,12.849,0.84672,3695.15,0,0,0,0.446023,1.48584,3.07178,0.95873,4.04491,0.42336,0,0.42336,460.49,0,1.02816,0,0,1.47418,0.446023,1.028160,1,0,30.0728,0,0,0,30.0728,0
64.1603,2.39302,0,0,1.38275,0.0875607,0.36288,3.6288,61.2711,0.362061,0,0,0.595422,0.270291,0,0.66528,12.849,1,0.468568,0.36288,0,25.7177,5.07478,20.5372,0.84672,12.849,0.84672,3695.15,0,0,0,0.30119,1.48593,2.50846,1.15266,3.14292,0.42336,0,0.42336,460.49,0,0.86724,0,0,1.16843,0.30119,1.028160,1,0,23.6801,0,0,0,23.6801,0
62.4352,2.3607,0,0,1.08805,0.0896562,0.36288,3.6288,60.5498,0.814683,0,0,0.396659,0.303262,0,0.66528,12.849,1,0.472763,0.36288,0,21.2527,5.17636,15.9664,0.84672,12.849,0.84672,3695.15,0,0,0,0.30119,1.48602,1.97732,1.34409,2.42045,0.42336,0,0.42336,460.49,0,0.440813,0,0,0.742003,0.30119,1.028160,1,0,18.3869,0,0,0,18.3869,0
60.672,2.35004,0,0,1.03421,0.0844901,0.36288,3.6288,59.8269,0.80024,0,0,0.385139,0.307746,0,0.66528,12.849,1,0.483633,0.36288,0,19.5347,5.18269,14.2312,0.84672,12.849,0.84672,3695.15,0,0,0,0.261274,1.50099,1.91589,1.36362,2.31454,0.42336,0,0.42336,460.49,0,0.455319,0,0,0.716593,0.261274,1.028160,1,0,16.5458,0,0,0,16.5458,0
58.8503,2.33862,0,0,0.963092,0.0832684,0.36288,3.6288,59.0258,0.830942,0,0,0.336092,0.306333,0,0.66528,12.849,1,0.495268,0.36288,0,18.1565,5.18269,12.8414,0.84672,12.849,0.84672,3695.15,0,0,0,0.261274,1.50108,1.81486,1.36362,2.21359,0.42336,0,0.42336,460.49,0,0.424682,0,0,0.685956,0.261274,1.028160,1,0,15.055,0,0,0,15.055,0
56.99,2.32621,0,0,0.910708,0.0818622,0.36288,3.6288,58.1667,0.871122,0,0,0.316832,0.304766,0,0.66528,12.849,1,0.50789,0.36288,0,17.3192,5.18269,11.9915,0.84672,12.849,0.84672,3695.15,0,0,0,0.261274,1.50117,1.73312,1.36362,2.13195,0.42336,0,0.42336,460.49,0,0.384566,0,0,0.64584,0.261274,1.028160,1,0,14.1235,0,0,0,14.1235,0
54.7742,2.61935,0,0,0.829673,0.0633076,0.36288,3.6288,57.6217,0.529822,0,0,0.323299,0.338454,0,0.66528,12.849,1,0.590561,0.36288,0,19.3635,6.27081,12.865,0.84672,12.849,0.84672,3695.15,0,0,0,0.261274,1.50125,1.77815,1.4824,2.05827,0.42336,0,0.42336,460.49,0,0.446826,0,0,0.7081,0.261274,1.028160,1,0,14.9233,0,0,0,14.9233,0
52.771,2.35524,0,0,0.776874,0.0619263,0.36288,3.6288,56.7397,0.845404,0,0,0.300657,0.337264,0,0.66528,12.849,1,0.552494,0.36288,0,15.5471,6.27081,9.08665,0.84672,12.849,0.84672,3695.15,0,0,0,0.261274,1.3561,1.60286,1.4824,1.73782,0.42336,0,0.42336,460.49,0,0.433711,0,0,0.694984,0.261274,1.028160,1,0,10.8245,0,0,0,10.8245,0
50.473,2.58173,0,0,0.707314,0.0606776,0.36288,3.6288,56.0737,0.616153,0,0,0.285433,0.335339,0,0.66528,12.849,1,0.628615,0.36288,0,14.169,6.27081,7.63245,0.84672,12.849,0.84672,3695.15,0,0,0,0.227405,1.53315,1.49512,1.4824,1.77327,0.42336,0,0.42336,460.49,0,0.360627,0,0,0.588031,0.227405,1.028160,1,0,9.40572,0,0,0,9.40572,0
48.3326,2.55909,0,0,0.830416,0.0488664,0.36288,3.6288,55.7545,0.352053,0,0,0.356577,0.323654,0,0.66528,12.849,1,0.651472,0.36288,0,14.8113,6.44567,8.07704,0.84672,12.849,0.84672,3695.15,0,0,0,0.227405,1.35628,2.27111,1.53025,2.32454,0.42336,0,0.42336,460.49,0,0.624793,0,0,0.852198,0.227405,1.028160,1,0,10.4016,0,0,0,10.4016,0
45.8245,2.70587,0,0,0.608992,0.0483364,0.36288,3.6288,55.1501,0.638365,0,0,0.332792,0.298801,0,0.66528,12.849,1,0.719343,0.36288,0,12.4564,6.05175,6.04816,0.84672,12.849,0.84672,3695.15,0,0,0,0.227405,1.35637,2.11607,1.39,2.30985,0.42336,0,0.42336,460.49,0,0.422655,0,0,0.65006,0.227405,1.028160,1,0,8.35801,0,0,0,8.35801,0
43.3233,2.6753,0,0,0.587568,0.0505888,0.36288,3.6288,54.5168,0.675751,0,0,0.336514,0.294081,0,0.66528,12.849,1,0.750143,0.36288,0,14.7733,5.71232,8.6737,0.84672,12.849,0.84672,3695.15,0,0,0,0.227405,1.46163,2.19981,1.26311,2.62573,0.42336,0,0.42336,460.49,0,0.385341,0,0,0.612745,0.227405,1.028160,1,0,11.2994,0,0,0,11.2994,0
40.8089,2.64208,0,0,0.539769,0.0491745,0.36288,3.6288,53.7253,0.751448,0,0,0.252815,0.292856,0,0.66528,12.849,1,0.783598,0.36288,0,12.6091,5.71232,6.4761,0.84672,12.849,0.84672,3695.15,0,0,0,0.204422,1.46173,1.46735,1.26311,1.87039,0.42336,0,0.42336,460.49,0,0.309715,0,0,0.514138,0.204422,1.028160,1,0,8.34648,0,0,0,8.34648,0
38.1145,2.60554,0,0,0.37014,0.0961295,0.36288,3.6288,52.8639,0.801903,0,0,0.21266,0.272218,0,0.66528,12.3696,1,0.820372,0.36288,0,8.67948,5.49594,3.20544,0.84672,12.3696,0.84672,3695.15,0,0,0,0.204422,1.46183,1.1183,1.20555,1.579,0.42336,0,0.42336,460.49,0,0.259332,0,0,0.463755,0.204422,1.028160,1,0,4.78444,0,0,0,4.78444,0
35.5715,2.58667,0,0,0.511149,0.104675,0.36288,3.6288,52.0809,0.769143,0,0,0.233961,0.247776,0,0.66528,12.849,1,0.839472,0.36288,0,11.3829,5.39902,5.02785,0.84672,12.849,0.84672,3695.15,0,0,0,0.204422,1.46193,1.15975,1.18246,1.64364,0.42336,0,0.42336,460.49,0,0.292163,0,0,0.496586,0.204422,1.028160,1,0,6.67149,0,0,0,6.67149,0
33.5462,2.44034,0,0,0.891276,0.113279,0.36288,3.6288,51.4124,0.763675,0,0,0.289704,0.194535,0,0.66528,12.849,1,0.88149,0.36288,0,17.0393,4.16658,12.3541,0.84672,12.849,0.84672,3695.15,0,0,0,0.204422,1.46202,1.47986,0.892148,2.25416,0.42336,0,0.42336,460.49,0,0.246636,0,0,0.451058,0.204422,1.028160,1,0,14.6083,0,0,0,14.6083,0
31.5845,2.40202,0,0,0.929388,0.126268,0.36288,3.6288,51.1139,0.564015,0,0,0.452571,0.187053,0,0.66528,12.849,1,0.920031,0.36288,0,17.3834,3.89497,12.9313,0.84672,12.849,0.84672,3695.15,0,0,0,0.216518,1.40308,2.04484,0.830619,2.83381,0.42336,0,0.42336,460.49,0,0.446364,0,0,0.662882,0.216518,1.028160,1,0,15.7651,0,0,0,15.7651,0
29.6578,2.36156,0,0,0.921007,0.123209,0.36288,3.6288,50.9983,0.456613,0,0,0.527602,0.1866,0,0.66528,12.849,1,0.960716,0.36288,0,17.0139,3.89497,12.5211,0.84672,12.849,0.84672,3695.15,0,0,0,0.216518,1.40317,2.06836,0.830619,2.85743,0.42336,0,0.42336,460.49,0,0.553833,0,0,0.770352,0.216518,1.028160,1,0,15.3785,0,0,0,15.3785,0
27.6682,2.31817,0,0,0.811521,0.120124,0.36288,3.6288,50.7684,0.510672,0,0,0.467206,0.186425,0,0.66528,12.849,1,1.00433,0.36288,0,14.5962,3.89497,10.0597,0.84672,12.849,0.84672,3695.15,0,0,0,0.216518,1.40327,1.80359,0.830619,2.59276,0.42336,0,0.42336,460.49,0,0.499843,0,0,0.716361,0.216518,1.028160,1,0,12.6525,0,0,0,12.6525,0
26.6376,2.21039,0,0,1.6913,0.1486,0.36288,3.6288,50.7225,0.356375,0,0,0.532107,0.22165,0,0.66528,12.849,1,1.0265,0.36288,0,23.6265,4.41193,18.551,0.84672,12.849,0.84672,3695.15,0,0,0,0.216518,1.40336,2.81865,1.05773,3.3808,0.42336,0,0.42336,460.49,0,0.607712,0,0,0.82423,0.216518,1.028160,1,0,21.9318,0,0,0,21.9318,0
25.3779,2.18375,0,0,1.43859,0.15169,0.36288,3.6288,50.6413,0.309112,0,0,0.455426,0.227493,0,0.66528,12.849,1,1.05336,0.36288,0,18.4819,4.4981,13.2933,0.84672,12.849,0.84672,3695.15,0,0,0,0.216518,1.35145,2.80344,1.09558,3.27582,0.42336,0,0.42336,460.49,0,0.655039,0,0,0.871557,0.216518,1.028160,1,0,16.5692,0,0,0,16.5692,0
26.3747,2.14918,0,0,3.65791,0.149009,0.36288,3.6288,51.872,0,0,0,1.45806,0.227343,0,0.66528,12.849,1,1.08815,0.36288,0,51.5629,4.4981,46.3396,0.84672,12.849,0.84672,3695.15,0,0,0,1.68785,1.35154,6.55178,1.09558,8.49559,0.42336,0,0.42336,460.49,0,0.964217,0,0,2.65207,1.68785,1.028160,1,0,54.8351,0,0,0,54.8351,0
27.9742,2.17698,0,0,4.30451,0.165161,0.36288,3.6288,53.5377,0,0,0,1.88064,0.214934,0,0.66528,12.849,1,1.06056,0.36288,0,61.5206,4.28044,56.5425,0.84672,12.849,0.84672,3695.15,0,0,0,0.765757,1.35163,6.63785,1.03393,7.72131,0.42336,0,0.42336,460.49,0,0.964282,0,0,1.73004,0.765757,1.028160,1,0,64.2638,0,0,0,64.2638,0
28.5553,2.05159,0,0,3.17928,0.183704,0.36288,3.6288,54.4219,0,0,0,1.07183,0.187656,0,0.66528,12.849,1,0.942331,0.36288,0,46.2975,4.02181,41.6963,0.84672,12.849,0.84672,3695.15,0,0,0,0.778071,1.35172,5.2778,0.944672,6.46292,0.42336,0,0.42336,460.49,0,0.867481,0,0,1.64555,0.778071,1.028160,1,0,48.1592,0,0,0,48.1592,0
29.6269,2.06496,0,0,3.6803,0.180835,0.36288,3.6288,55.0112,0,0,0,0.771371,0.182086,0,0.66528,12.849,1,0.929168,0.36288,0,49.1155,4.1159,44.4333,0.84672,12.849,0.84672,3695.15,0,0,0,0.722739,1.23128,5.22479,1.01206,6.16674,0.42336,0,0.42336,460.49,0,0.86754,0,0,1.59028,0.722739,1.028160,1,0,50.6,0,0,0,50.6,0
31.1395,2.08854,0,0,4.14748,0.183482,0.36288,3.6288,55.6052,0,0,0,0.776762,0.182795,0,0.66528,12.849,1,0.905787,0.36288,0,56.8927,4.1159,52.2339,0.84672,12.849,0.84672,3695.15,0,0,0,0.697322,1.23136,4.28126,1.01206,5.19788,0.42336,0,0.42336,460.49,0,0.867598,0,0,1.56492,0.697322,1.028160,1,0,57.4318,0,0,0,57.4318,0
31.7179,2.11983,0,0,3.24795,0.186778,0.36288,3.6288,56.1165,0,0,0,0.692522,0.181148,0,0.66528,12.849,1,0.8747,0.36288,0,47.1315,4.06617,42.5536,0.84672,12.849,0.84672,3695.15,0,0,0,0.495744,1.23144,3.5395,0.996066,4.27062,0.42336,0,0.42336,460.49,0,0.867657,0,0,1.3634,0.495744,1.028160,1,0,46.8242,0,0,0,46.8242,0
33.1605,2.13133,0,0,4.12536,0.188577,0.36288,3.6288,56.732,0,0,0,0.826105,0.21065,0,0.66528,12.849,1,0.863405,0.36288,0,43.8924,3.4959,39.896,0.84672,12.849,0.84672,3695.15,0,0,0,0.904158,1.23153,4.80556,0.866938,6.07431,0.42336,0,0.42336,460.49,0,0.867715,0,0,1.77187,0.904158,1.028160,1,0,45.9703,0,0,0,45.9703,0
32.2909,2.22616,0,0,1.94259,0.22314,0.36288,3.6288,57.2615,0,0,0,0.708757,0.179254,0,0.66528,12.849,1,0.86259,0.36288,0,38.7539,3.45964,34.7946,0.84672,12.849,0.84672,3695.15,0,0,0,0.606078,1.23161,4.65187,1.1334,5.35616,0.42336,0,0.42336,460.49,0,0.895831,0,0,1.50191,0.606078,1.028160,1,0,40.1507,0,0,0,40.1507,0
31.1643,2.20968,0,0,1.66666,0.220732,0.36288,3.6288,57.6201,0.08662,0,0,0.625079,0.179872,0,0.66528,12.849,1,0.879261,0.36288,0,22.0591,3.45964,18.0831,0.84672,12.849,0.84672,3695.15,0,0,0,0.503194,1.27095,3.9156,1.1334,4.55634,0.42336,0,0.42336,460.49,0,0.809266,0,0,1.31246,0.503194,1.028160,1,0,22.6394,0,0,0,22.6394,0
29.9099,2.18731,0,0,1.52027,0.224484,0.36288,3.6288,57.8027,0.212249,0,0,0.570304,0.175452,0,0.66528,12.849,1,0.901823,0.36288,0,19.909,3.53326,15.8368,0.84672,12.849,0.84672,3695.15,0,0,0,0.503194,1.27103,3.50831,1.11714,4.16539,0.42336,0,0.42336,460.49,0,0.683692,0,0,1.18689,0.503194,1.028160,1,0,20.0022,0,0,0,20.0022,0
28.675,2.16098,0,0,1.53865,0.249715,0.36288,3.6288,58.041,0.095413,0,0,0.499451,0.165728,0,0.66528,12.849,1,0.928337,0.36288,0,17.5843,4.11457,12.9043,0.84672,12.849,0.84672,3695.15,0,0,0,0.503194,1.27111,3.6432,1.23596,4.18154,0.42336,0,0.42336,460.49,0,0.800582,0,0,1.30378,0.503194,1.028160,1,0,17.0858,0,0,0,17.0858,0
27.4525,2.3416,0,0,1.71826,0.236209,0.36288,3.6288,58.1055,0.263015,0,0,0.535064,0.207526,0,0.66528,12.849,1,1.04925,0.36288,0,24.0144,4.30183,19.0262,0.84672,12.849,0.84672,3695.15,0,0,0,0.503194,1.27118,3.5347,1.22614,4.08294,0.42336,0,0.42336,460.49,0,0.738392,0,0,1.24159,0.503194,1.028160,1,0,23.1091,0,0,0,23.1091,0
26.3363,2.30992,0,0,1.78322,0.226627,0.36288,3.6288,58.1023,0.300816,0,0,0.510799,0.213195,0,0.66528,12.849,1,1.08114,0.36288,0,25.0569,4.44073,19.8979,0.84672,12.849,0.84672,3695.15,0,0,0,0.503194,1.40913,3.39459,1.23174,4.07517,0.42336,0,0.42336,460.49,0,0.700652,0,0,1.20385,0.503194,1.028160,1,0,23.973,0,0,0,23.973,0
25.3168,2.27926,0,0,1.84487,0.222246,0.36288,3.6288,58.2898,0.112569,0,0,0.50503,0.205018,0,0.66528,12.849,1,1.11201,0.36288,0,26.4537,4.5086,21.196,0.84672,12.849,0.84672,3695.15,0,0,0,0.608429,1.40922,4.02544,1.24687,4.79623,0.42336,0,0.42336,460.49,0,0.888961,0,0,1.49739,0.608429,1.028160,1,0,25.9922,0,0,0,25.9922,0
24.74,2.24969,0,0,2.25482,0.219054,0.36288,3.6288,58.5281,0.106098,0,0,0.549745,0.205266,0,0.66528,12.849,1,1.14178,0.36288,0,33.2692,4.5086,27.9817,0.84672,12.849,0.84672,3695.15,0,0,0,0.608429,1.40931,4.12943,1.24687,4.9003,0.42336,0,0.42336,460.49,0,0.895493,0,0,1.50392,0.608429,1.028160,1,0,32.882,0,0,0,32.882,0
26.4527,1.94935,0,0,4.21932,0.194451,0.36288,3.6288,59.3959,0,0,0,1.0887,0.220893,0,0.66528,12.849,1,1.01242,0.36288,0,78.1789,4.259,73.2703,0.84672,12.849,0.84672,3695.15,0,0,0,1.68738,1.40939,7.7925,1.07897,9.8103,0.42336,0,0.42336,460.49,0,0.860228,0,0,2.54761,1.68738,1.028160,1,0,83.0806,0,0,0,83.0806,0
29.0943,1.99359,0,0,5.18804,0.189907,0.36288,3.6288,60.5433,0,0,0,1.37564,0.228286,0,0.66528,12.849,1,0.968358,0.36288,0,80.1611,4.15915,75.3964,0.84672,12.849,0.84672,3695.15,0,0,0,1.99349,1.21965,8.15391,1.01182,10.3552,0.42336,0,0.42336,460.49,0,0.860281,0,0,2.85377,1.99349,1.028160,1,0,85.7517,0,0,0,85.7517,0
31.0627,2.0547,0,0,4.5871,0.201082,0.36288,3.6288,61.308,0,0,0,1.21392,0.222327,0.226891,0.66528,12.849,1,0.907424,0.36288,0,71.5435,4.16974,66.8292,0.84672,12.849,0.84672,3695.15,0,0,0,1.86142,1.21972,8.38365,0.992837,10.472,0.42336,0,0.42336,460.49,0,0.860333,0,0,2.72176,1.86142,1.028160,1,0,77.5281,0,0,0,77.5281,0
31.9261,2.09551,0,0,3.53881,0.217024,0.36288,3.6288,61.308,0,0,0,1.20445,0.204229,1.00022,0.66528,12.849,1,0.8668,0.36288,0,60.8202,4.19622,56.1201,0.84672,12.849,0.84672,3695.15,0,0,0,2.05404,1.2198,7.47187,0.945386,9.80032,0.42336,0,0.42336,460.49,0,0.860386,0,0,2.91443,2.05404,1.028160,1,0,66.9206,0,0,0,66.9206,0
33.7545,2.11235,0,0,4.51109,0.207487,0.36288,3.6288,61.308,0,0,0,1.43225,0.202148,1.2301,0.66528,12.849,1,0.850138,0.36288,0,75.0268,4.37052,70.169,0.84672,12.849,0.84672,3695.15,0,0,0,2.33159,1.21987,9.7124,0.932352,12.3315,0.42336,0,0.42336,460.49,0,0.860439,0,0,3.19203,2.33159,1.028160,1,0,83.7307,0,0,0,83.7307,0
36.5364,2.22424,0,0,5.5508,0.181764,0.36288,3.6288,61.308,0,0,0,1.5223,0.196945,1.32535,0.66528,12.849,1,0.846681,0.36288,0,108.27,4.80627,102.98,0.84672,12.849,0.84672,3695.15,0,0,0,2.44805,1.21995,9.73521,0.899767,12.5034,0.42336,0,0.42336,460.49,0,0.8951,0,0,3.34315,2.44805,1.028160,1,0,116.809,0,0,0,116.809,0
37.9519,2.27208,0,0,4.23843,0.187993,0.36288,3.6288,61.308,0,0,0,1.28122,0.196945,1.08427,0.66528,12.849,1,0.799035,0.36288,0,80.6959,4.80627,75.4534,0.84672,12.849,0.84672,3695.15,0,0,0,1.53257,1.26705,7.83613,0.899767,9.73599,0.42336,0,0.42336,460.49,0,0.895155,0,0,2.42773,1.53257,1.028160,1,0,86.2737,0,0,0,86.2737,0
38.5474,2.29448,0,0,3.44401,0.191162,0.36288,3.6288,61.308,0,0,0,1.00855,0.196945,0.811602,0.66528,12.849,1,0.776819,0.36288,0,64.4518,4.80627,59.2316,0.84672,12.849,0.84672,3695.15,0,0,0,1.09308,1.26712,5.98107,0.899767,7.4415,0.42336,0,0.42336,460.49,0,0.89521,0,0,1.98829,1.09308,1.028160,1,0,67.4847,0,0,0,67.4847,0
38.8335,2.30362,0,0,3.12289,0.170317,0.36288,3.6288,61.308,0,0,0,0.873279,0.216201,0.657079,0.66528,12.849,1,0.767866,0.36288,0,58.2548,5.07169,52.7781,0.84672,12.849,0.84672,3695.15,0,0,0,0.934143,1.2672,5.43692,0.915452,6.72281,0.42336,0,0.42336,460.49,0,0.895264,0,0,1.82941,0.934143,1.028160,1,0,60.158,0,0,0,60.158,0
38.6394,2.2762,0,0,2.57054,0.125564,0.36288,3.6288,61.308,0,0,0,0.716213,0.248786,0.467427,0.66528,12.849,1,0.753137,0.36288,0,56.9152,5.48673,51.0382,0.84672,12.849,0.84672,3695.15,0,0,0,1.1172,1.26728,5.06416,1.15118,6.29746,0.42336,0,0.42336,460.49,0,0.881874,0,0,1.99907,1.1172,1.028160,1,0,57.8031,0,0,0,57.8031,0
38.218,2.2735,0,0,2.33239,0.117356,0.36288,3.6288,61.308,0,0,0,0.773954,0.24539,0.528564,0.66528,12.849,1,0.756023,0.36288,0,47.3744,5.30607,41.6752,0.84672,12.849,0.84672,3695.15,0,0,0,0.926518,1.24903,4.75019,1.13039,5.79535,0.42336,0,0.42336,460.49,0,0.881929,0,0,1.80845,0.926518,1.028160,1,0,47.9991,0,0,0,47.9991,0
37.7258,2.2674,0,0,2.25483,0.116781,0.36288,3.6288,61.308,0,0,0,0.686284,0.24539,0.440894,0.66528,12.849,1,0.762307,0.36288,0,41.8546,5.30607,36.1491,0.84672,12.849,0.84672,3695.15,0,0,0,0.762624,1.24911,4.51357,1.13039,5.39492,0.42336,0,0.42336,460.49,0,0.881983,0,0,1.64461,0.762624,1.028160,1,0,41.9849,0,0,0,41.9849,0
36.9629,2.26012,0,0,1.98802,0.127913,0.36288,3.6288,61.308,0,0,0,0.65861,0.204574,0.454036,0.66528,12.849,1,0.769774,0.36288,0,40.1583,4.97109,34.7803,0.84672,12.849,0.84672,3695.15,0,0,0,0.718316,1.24919,4.36117,1.03375,5.29492,0.42336,0,0.42336,460.49,0,0.882037,0,0,1.60035,0.718316,1.028160,1,0,40.5293,0,0,0,40.5293,0
35.793,2.35513,0,0,1.6699,0.121752,0.36288,3.6288,61.308,0,0,0,0.689723,0.194496,0.495227,0.66528,12.849,1,0.818689,0.36288,0,32.0903,4.76101,26.8734,0.84672,12.849,0.84672,3695.15,0,0,0,0.782926,1.24926,3.9507,0.996058,4.98683,0.42336,0,0.42336,460.49,0,0.929781,0,0,1.71271,0.782926,1.028160,1,0,32.3555,0,0,0,32.3555,0
34.4882,2.33559,0,0,1.49755,0.103913,0.36288,3.6288,61.308,0,0,0,0.509169,0.197715,0.311454,0.66528,12.849,1,0.83843,0.36288,0,26.27,4.43398,21.3605,0.84672,12.849,0.84672,3695.15,0,0,0,0.4717,1.31312,3.19273,1.03048,3.94707,0.42336,0,0.42336,460.49,0,0.929838,0,0,1.40154,0.4717,1.028160,1,0,25.619,0,0,0,25.619,0
33.0554,2.31262,0,0,1.31322,0.0704753,0.36288,3.6288,61.308,0,0,0,0.474914,0.197952,0.276962,0.66528,12.849,1,0.861594,0.36288,0,22.3946,4.45001,17.4459,0.84672,12.849,0.84672,3695.15,0,0,0,0.480179,1.3132,2.96407,0.984076,3.77338,0.42336,0,0.42336,460.49,0,0.929895,0,0,1.41007,0.480179,1.028160,1,0,21.4962,0,0,0,21.4962,0
31.6348,2.28586,0,0,1.29731,0.0692428,0.36288,3.6288,61.308,0,0,0,0.512132,0.197952,0.31418,0.66528,12.849,1,0.88854,0.36288,0,21.7271,4.45001,16.7514,0.84672,12.849,0.84672,3695.15,0,0,0,0.454306,1.31328,3.21164,0.984076,3.99516,0.42336,0,0.42336,460.49,0,0.929952,0,0,1.38426,0.454306,1.028160,1,0,21.0608,0,0,0,21.0608,0
30.1481,2.25763,0,0,1.20224,0.0683448,0.36288,3.6288,61.308,0.0334016,0,0,0.469152,0.211903,0.223847,0.66528,12.849,1,0.916973,0.36288,0,21.1397,4.5392,16.0465,0.84672,12.849,0.84672,3695.15,0,0,0,0.30119,1.31336,2.82994,0.989953,3.45454,0.42336,0,0.42336,460.49,0,0.896607,0,0,1.1978,0.30119,1.028160,1,0,19.7248,0,0,0,19.7248,0
28.6158,2.20612,0,0,1.10447,0.0678249,0.36288,3.6288,61.1358,0.350786,0,0,0.425396,0.246782,0,0.66528,12.849,1,0.940238,0.36288,0,21.54,4.76217,16.2005,0.84672,12.849,0.84672,3695.15,0,0,0,0.30119,1.31344,2.7188,1.00464,3.32879,0.42336,0,0.42336,460.49,0,0.6055,0,0,0.90669,0.30119,1.028160,1,0,19.5293,0,0,0,19.5293,0
27.0782,2.17151,0,0,1.05103,0.0542636,0.36288,3.6288,60.9291,0.344425,0,0,0.415238,0.277569,0,0.66528,12.849,1,0.975045,0.36288,0,20.4219,5.19651,14.6133,0.84672,12.849,0.84672,3695.15,0,0,0,0.261274,1.32845,2.61296,1.15164,3.05105,0.42336,0,0.42336,460.49,0,0.611919,0,0,0.873193,0.261274,1.028160,1,0,17.6643,0,0,0,17.6643,0
25.4447,2.13409,0,0,0.908047,0.0445081,0.36288,3.6288,60.6522,0.374144,0,0,0.39108,0.293784,0,0.66528,12.849,1,1.01266,0.36288,0,18.8776,5.86126,12.3666,0.84672,12.849,0.84672,3695.15,0,0,0,0.261274,1.32854,2.63525,1.38763,2.83743,0.42336,0,0.42336,460.49,0,0.582258,0,0,0.843532,0.261274,1.028160,1,0,15.204,0,0,0,15.204,0
23.8441,2.09102,0,0,0.896858,0.0436198,0.36288,3.6288,60.412,0.335254,0,0,0.385651,0.2906,0,0.66528,12.849,1,1.05592,0.36288,0,17.5256,5.99686,10.8357,0.84672,12.849,0.84672,3695.15,0,0,0,0.261274,1.32862,2.61376,1.43793,2.76573,0.42336,0,0.42336,460.49,0,0.621207,0,0,0.882481,0.261274,1.028160,1,0,13.6015,0,0,0,13.6015,0
22.1224,2.09281,0,0,0.780641,0.0465816,0.36288,3.6288,60.0155,0.426838,0,0,0.33046,0.300127,0,0.66528,12.849,1,1.12777,0.36288,0,14.6287,5.55992,8.30393,0.84672,12.849,0.84672,3695.15,0,0,0,0.261274,1.3287,2.12773,1.45942,2.25828,0.42336,0,0.42336,460.49,0,0.553055,0,0,0.814329,0.261274,1.028160,1,0,10.5622,0,0,0,10.5622,0
20.3721,2.03742,0,0,0.696073,0.0461318,0.36288,3.6288,59.5555,0.463765,0,0,0.30473,0.301028,0,0.66528,12.849,1,1.18336,0.36288,0,13.598,5.48709,7.29041,0.84672,12.849,0.84672,3695.15,0,0,0,0.261274,1.3606,2.09338,1.463,2.25225,0.42336,0,0.42336,460.49,0,0.516188,0,0,0.777462,0.261274,1.028160,1,0,9.54266,0,0,0,9.54266,0
18.6224,1.97519,0,0,0.633464,0.0450424,0.36288,3.6288,59.0442,0.503413,0,0,0.292341,0.300145,0,0.66528,12.849,1,1.24578,0.36288,0,12.7719,5.48709,6.40191,0.84672,12.849,0.84672,3695.15,0,0,0,0.227405,1.36068,1.94616,1.463,2.07125,0.42336,0,0.42336,460.49,0,0.4766,0,0,0.704004,0.227405,1.028160,1,0,8.47316,0,0,0,8.47316,0
16.8663,1.90605,0,0,0.548141,0.0353488,0.36288,3.6288,58.518,0.511206,0,0,0.291114,0.306129,0,0.66528,12.849,1,1.31512,0.36288,0,12.186,5.72891,5.50488,0.84672,12.849,0.84672,3695.15,0,0,0,0.227405,1.36077,1.97214,1.49305,2.06726,0.42336,0,0.42336,460.49,0,0.468867,0,0,0.696272,0.227405,1.028160,1,0,7.57214,0,0,0,7.57214,0
14.9527,1.95055,0,0,0.436884,0.0370471,0.36288,3.6288,57.8679,0.636899,0,0,0.273038,0.286288,0,0.66528,12.849,1,1.48596,0.36288,0,10.2519,5.4221,3.70671,0.84672,12.849,0.84672,3695.15,0,0,0,0.227405,1.36085,1.87112,1.4027,2.05668,0.42336,0,0.42336,460.49,0,0.42762,0,0,0.655024,0.227405,1.028160,1,0,5.76338,0,0,0,5.76338,0
13.0953,1.84839,0,0,0.386198,0.0323901,0.36288,3.6288,57.142,0.699511,0,0,0.249433,0.275761,0,0.66528,11.8713,1,1.58833,0.36288,0,8.6254,5.17219,3.20544,0.84672,11.8713,0.84672,3695.15,0,0,0,0.227405,1.46645,1.89441,1.46018,2.12808,0.42336,0,0.42336,460.49,0,0.365073,0,0,0.592478,0.227405,1.028160,1,0,5.33352,0,0,0,5.33352,0
11.4596,1.80271,0,0,0.561087,0.031121,0.36288,3.6288,56.5829,0.571288,0,0,0.286608,0.274467,0,0.66528,12.0462,1,1.63422,0.36288,0,9.82385,5.17219,3.20544,0.84672,12.0462,0.84672,3695.15,0,0,0,0.204422,1.46654,2.10037,1.46018,2.31115,0.42336,0,0.42336,460.49,0,0.493361,0,0,0.697784,0.204422,1.028160,1,0,5.51659,0,0,0,5.51659,0
10.1849,1.67569,0,0,0.808691,0.0448119,0.36288,3.6288,56.1851,0.512739,0,0,0.379365,0.264373,0,0.66528,12.849,1,1.76145,0.36288,0,16.028,5.04078,8.78581,0.84672,12.849,0.84672,3695.15,0,0,0,0.204422,1.46663,2.33836,1.43366,2.57575,0.42336,0,0.42336,460.49,0,0.551975,0,0,0.756397,0.204422,1.028160,1,0,11.3616,0,0,0,11.3616,0
8.85421,1.5199,0,0,0.593844,0.0418035,0.36288,3.6288,55.6508,0.577578,0,0,0.30655,0.263319,0,0.66528,12.849,1,1.91745,0.36288,0,18.2936,5.18022,11.5588,0.84672,12.849,0.84672,3695.15,0,0,0,0.204422,1.46672,1.70992,1.40413,1.97693,0.42336,0,0.42336,460.49,0,0.487201,0,0,0.691623,0.204422,1.028160,1,0,13.5357,0,0,0,13.5357,0
8.05284,1.23626,0,0,0.861486,0.0637221,0.36288,3.6288,54.8491,0.790439,0,0,0.275956,0.28722,0,0.66528,12.849,1,1.79402,0.36288,0,19.5514,4.87116,13.2491,0.84672,12.849,0.84672,3695.15,0,0,0,0.204422,1.46681,2.00524,1.24244,2.43403,0.42336,0,0.42336,460.49,0,0.525571,0,0,0.729994,0.204422,1.028160,1,0,15.6831,0,0,0,15.6831,0
7.20396,1.16755,0,0,0.743766,0.0622154,0.36288,3.6288,54.675,0.287912,0,0,0.399533,0.285711,0,0.66528,12.849,1,1.86293,0.36288,0,16.9223,4.87116,10.5511,0.84672,12.849,0.84672,3695.15,0,0,0,0.22928,1.58462,2.28515,1.24244,2.85662,0.42336,0,0.42336,460.49,0,1.02816,0,0,1.25744,0.22928,1.028160,1,0,13.4077,0,0,0,13.4077,0
6.33714,1.08876,0,0,0.645449,0.0606195,0.36288,3.6288,53.8106,0.800145,0,0,0.221086,0.285383,0,0.66528,12.849,1,1.94192,0.36288,0,17.3759,4.87116,10.9257,0.84672,12.849,0.84672,3695.15,0,0,0,0.216518,1.58471,1.695,1.24244,2.25379,0.42336,0,0.42336,460.49,0,0.515989,0,0,0.732508,0.216518,1.028160,1,0,13.1795,0,0,0,13.1795,0
5.54203,1.0011,0,0,0.627852,0.0589898,0.36288,3.6288,52.8685,0.862882,0,0,0.204531,0.283748,0,0.66528,12.849,1,2.02979,0.36288,0,15.8725,4.87116,9.33447,0.84672,12.849,0.84672,3695.15,0,0,0,0.216518,1.5848,1.66549,1.24244,2.22437,0.42336,0,0.42336,460.49,0,0.453315,0,0,0.669833,0.216518,1.028160,1,0,11.5588,0,0,0,11.5588,0
5.06089,0.887453,0,0,0.866713,0.0975203,0.36288,3.6288,52.3091,0.627339,0,0,0.298137,0.230189,0,0.66528,12.849,1,2.05753,0.36288,0,20.5866,4.25858,14.6334,0.84672,12.849,0.84672,3695.15,0,0,0,0.216518,1.58488,1.65336,1.08351,2.37125,0.42336,0,0.42336,460.49,0,0.642272,0,0,0.85879,0.216518,1.028160,1,0,17.0046,0,0,0,17.0046,0
4.85931,0.832235,0,0,1.08327,0.0897277,0.36288,3.6288,52.0879,0.378947,0,0,0.406377,0.248633,0,0.66528,12.849,1,2.11295,0.36288,0,29.3887,4.59491,23.0437,0.84672,12.849,0.84672,3695.15,0,0,0,0.216518,1.53279,3.06462,1.20165,3.61227,0.42336,0,0.42336,460.49,0,0.890723,0,0,1.10724,0.216518,1.028160,1,0,26.656,0,0,0,26.656,0
5.14403,0.808237,0,0,1.55794,0.102107,0.36288,3.6288,52.1374,0.24157,0,0,0.530207,0.239087,0,0.66528,12.849,1,2.13714,0.36288,0,44.0916,4.30895,38.0084,0.84672,12.849,0.84672,3695.15,0,0,0,0.300629,1.53287,2.91892,1.16012,3.5923,0.42336,0,0.42336,460.49,0,1.02816,0,0,1.32879,0.300629,1.028160,1,0,41.6007,0,0,0,41.6007,0
7.04139,0.842112,0,0,3.21526,0.112907,0.36288,3.6288,52.571,0.241629,0,0,0.907597,0.232351,0,0.66528,12.849,1,2.10347,0.36288,0,48.6828,4.09448,42.8477,0.84672,12.849,0.84672,3695.15,0,0,0,0.845433,1.53296,4.92044,1.12897,6.16985,0.42336,0,0.42336,460.49,0,1.02816,0,0,1.87359,0.845433,1.028160,1,0,49.0176,0,0,0,49.0176,0
8.88212,0.860195,0,0,3.18806,0.124255,0.36288,3.6288,52.8508,0.065906,0,0,0.589888,0.244159,0,0.66528,12.849,1,1.56967,0.36288,0,60.69,4.08026,55.4029,0.84672,12.849,0.84672,3695.15,0,0,0,0.324916,1.53304,3.24371,1.09935,4.00231,0.42336,0,0.42336,460.49,0,1.02816,0,0,1.35308,0.324916,1.028160,1,0,59.4052,0,0,0,59.4052,0
10.6551,1.08193,0,0,3.35514,0.137376,0.36288,3.6288,53.1509,0.128843,0,0,0.688332,0.259402,0,0.66528,12.849,1,1.56514,0.36288,0,65.9558,4.06129,60.6922,0.84672,12.849,0.84672,3695.15,0,0,0,0.606018,1.30063,3.61331,1.05985,4.4601,0.42336,0,0.42336,460.49,0,1.02816,0,0,1.63418,0.606018,1.028160,1,0,65.1523,0,0,0,65.1523,0
12.2311,1.36176,0,0,3.44468,0.144035,0.36288,3.6288,53.6999,0,0,0,0.80898,0.260026,0,0.66528,12.849,1,1.64216,0.36288,0,61.7585,4.06129,56.4179,0.84672,12.849,0.84672,3695.15,0,0,0,1.98268,1.38996,5.7902,1.05985,8.10299,0.42336,0,0.42336,460.49,0,0.870378,0,0,2.85306,1.98268,1.028160,1,0,64.5209,0,0,0,64.5209,0
13.9851,1.46504,0,0,3.7313,0.149301,0.36288,3.6288,54.152,0,0,0,0.713318,0.261166,0,0.66528,12.849,1,1.53906,0.36288,0,60.8984,4.06129,55.661,0.84672,12.849,0.84672,3695.15,0,0,0,1.25114,1.23539,4.32198,1.05985,5.74865,0.42336,0,0.42336,460.49,0,0.870431,0,0,2.12157,1.25114,1.028160,1,0,61.4096,0,0,0,61.4096,0
15.0649,1.56574,0,0,3.17403,0.165634,0.36288,3.6288,54.6833,0,0,0,0.790603,0.259343,0,0.66528,12.849,1,1.43854,0.36288,0,56.1013,4.09819,50.9275,0.84672,12.849,0.84672,3695.15,0,0,0,0.509436,1.23546,2.87181,1.22771,3.389,0.42336,0,0.42336,460.49,0,0.870485,0,0,1.37992,0.509436,1.028160,1,0,54.3165,0,0,0,54.3165,0
14.7644,1.67228,0,0,1.88146,0.146806,0.36288,3.6288,55.2107,0,0,0,0.744849,0.217429,0,0.66528,12.849,1,1.42631,0.36288,0,48.455,3.8094,43.5822,0.84672,12.849,0.84672,3695.15,0,0,0,0.58299,1.23554,5.37027,0.874906,6.31389,0.42336,0,0.42336,460.49,0,0.898684,0,0,1.48167,0.58299,1.028160,1,0,49.8961,0,0,0,49.8961,0
14.5892,1.65685,0,0,1.99041,0.145878,0.36288,3.6288,55.9615,0,0,0,0.968993,0.218186,0,0.66528,12.849,1,1.44191,0.36288,0,67.6089,3.8094,62.7204,0.84672,12.849,0.84672,3695.15,0,0,0,0.806509,1.275,5.58035,0.874906,6.78695,0.42336,0,0.42336,460.49,0,0.898734,0,0,1.70524,0.806509,1.028160,1,0,69.5074,0,0,0,69.5074,0
13.9935,1.64774,0,0,1.56025,0.145337,0.36288,3.6288,56.8499,0,0,0,1.10763,0.219263,0,0.66528,12.849,1,1.45119,0.36288,0,39.8645,3.8094,34.9668,0.84672,12.849,0.84672,3695.15,0,0,0,1.13204,1.27507,4.01634,0.874906,5.54854,0.42336,0,0.42336,460.49,0,0.898783,0,0,2.03082,1.13204,1.028160,1,0,40.5154,0,0,0,40.5154,0
12.9451,1.61562,0,0,1.07893,0.148864,0.36288,3.6288,57.0796,0.225309,0,0,0.669118,0.214109,0,0.66528,12.849,1,1.48348,0.36288,0,33.881,3.78737,28.973,0.84672,12.849,0.84672,3695.15,0,0,0,0.503194,1.27514,3.57716,0.857475,4.49802,0.42336,0,0.42336,460.49,0,0.673523,0,0,1.17672,0.503194,1.028160,1,0,33.471,0,0,0,33.471,0
12.2656,1.70712,0,0,1.55893,0.168363,0.36288,3.6288,57.7404,0,0,0,0.867072,0.206273,0,0.66528,12.849,1,1.69445,0.36288,0,40.7885,3.70214,35.7548,0.84672,12.849,0.84672,3695.15,0,0,0,0.551175,1.27521,6.45265,0.929103,7.34994,0.42336,0,0.42336,460.49,0,1.00457,0,0,1.55575,0.551175,1.028160,1,0,43.1047,0,0,0,43.1047,0
12.1508,1.66137,0,0,2.06891,0.159475,0.36288,3.6288,58.5199,0,0,0,1.0096,0.230113,0,0.66528,12.849,1,1.74039,0.36288,0,48.0835,3.73737,42.9686,0.84672,12.849,0.84672,3695.15,0,0,0,0.698447,1.41359,6.22991,1.06127,7.28067,0.42336,0,0.42336,460.49,0,1.00463,0,0,1.70307,0.698447,1.028160,1,0,50.2493,0,0,0,50.2493,0
12.2041,1.65347,0,0,2.2257,0.156112,0.36288,3.6288,59.3537,0,0,0,1.06709,0.233296,0,0.66528,12.849,1,1.74848,0.36288,0,52.0056,3.72487,46.8952,0.84672,12.849,0.84672,3695.15,0,0,0,0.550233,1.41366,5.80719,1.0529,6.71819,0.42336,0,0.42336,460.49,0,1.00468,0,0,1.55491,0.550233,1.028160,1,0,53.6134,0,0,0,53.6134,0
12.1598,1.65727,0,0,2.12633,0.150422,0.36288,3.6288,59.8789,0.262078,0,0,1.00171,0.214394,0,0.66528,12.849,1,1.74486,0.36288,0,49.1047,3.6531,44.0696,0.84672,12.849,0.84672,3695.15,0,0,0,0.608429,1.41374,5.66731,0.939773,6.74971,0.42336,0,0.42336,460.49,0,0.74266,0,0,1.35109,0.608429,1.028160,1,0,50.8193,0,0,0,50.8193,0
12.8407,1.44459,0,0,2.64244,0.154074,0.36288,3.6288,60.3944,0.152683,0,0,0.854757,0.186617,0,0.66528,12.849,1,1.52646,0.36288,0,83.7948,3.77766,78.8535,0.84672,12.849,0.84672,3695.15,0,0,0,0.608429,1.41382,4.84181,0.956308,5.90775,0.42336,0,0.42336,460.49,0,0.710243,0,0,1.31867,0.608429,1.028160,1,0,84.7613,0,0,0,84.7613,0
14.9691,1.48513,0,0,4.12371,0.147286,0.36288,3.6288,61.0782,0,0,0,0.882144,0.198364,0,0.66528,12.849,1,1.48609,0.36288,0,105.811,3.86789,100.82,0.84672,12.849,0.84672,3695.15,0,0,0,0.828074,1.22347,7.0636,1.03162,8.08352,0.42336,0,0.42336,460.49,0,0.862973,0,0,1.69105,0.828074,1.028160,1,0,108.903,0,0,0,108.903,0
16.3177,1.59892,0,0,3.46463,0.154207,0.36288,3.6288,61.308,0,0,0,0.978489,0.199226,0.549421,0.66528,12.849,1,1.37246,0.36288,0,119.656,3.86789,114.779,0.84672,12.849,0.84672,3695.15,0,0,0,0.979822,1.22354,8.38638,1.03162,9.55812,0.42336,0,0.42336,460.49,0,0.86302,0,0,1.84284,0.979822,1.028160,1,0,124.886,0,0,0,124.886,0
19.4137,1.66247,0,0,5.27976,0.158492,0.36288,3.6288,61.308,0,0,0,1.16249,0.199516,0.96297,0.66528,12.849,1,1.30907,0.36288,0,110.775,3.86789,105.961,0.84672,12.849,0.84672,3695.15,0,0,0,1.43545,1.22361,12.3291,1.03162,13.9565,0.42336,0,0.42336,460.49,0,0.863068,0,0,2.29852,1.43545,1.028160,1,0,120.881,0,0,0,120.881,0
22.0058,1.78819,0,0,4.90624,0.16302,0.36288,3.6288,61.308,0,0,0,1.6762,0.207613,1.46859,0.66528,12.849,1,1.18352,0.36288,0,159.011,3.86456,154.326,0.84672,12.849,0.84672,3695.15,0,0,0,2.67669,1.22367,11.5855,1.0676,14.4182,0.42336,0,0.42336,460.49,0,0.863116,0,0,3.53981,2.67669,1.028160,1,0,170.213,0,0,0,170.213,0
24.0825,1.94487,0,0,4.57065,0.186182,0.36288,3.6288,61.308,0,0,0,1.43369,0.199382,1.23431,0.66528,12.849,1,1.13559,0.36288,0,135.862,3.99483,131.095,0.84672,12.849,0.84672,3695.15,0,0,0,2.2009,1.22374,12.392,1.15468,14.662,0.42336,0,0.42336,460.49,0,0.897879,0,0,3.09878,2.2009,1.028160,1,0,146.991,0,0,0,146.991,0
25.1152,2.00883,0,0,3.59596,0.191625,0.36288,3.6288,61.308,0,0,0,1.27802,0.199382,1.07864,0.66528,12.849,1,1.07179,0.36288,0,104.62,3.99483,99.9163,0.84672,12.849,0.84672,3695.15,0,0,0,1.55438,1.27098,10.3438,1.15468,12.0145,0.42336,0,0.42336,460.49,0,0.897928,0,0,2.45231,1.55438,1.028160,1,0,113.009,0,0,0,113.009,0
25.374,2.0381,0,0,2.85429,0.194504,0.36288,3.6288,61.308,0,0,0,0.999164,0.199382,0.799782,0.66528,12.849,1,1.0427,0.36288,0,81.3819,3.99483,76.7072,0.84672,12.849,0.84672,3695.15,0,0,0,1.01812,1.27105,7.81583,1.15468,8.95033,0.42336,0,0.42336,460.49,0,0.897978,0,0,1.9161,1.01812,1.028160,1,0,86.4573,0,0,0,86.4573,0
25.3647,2.04527,0,0,2.5751,0.176222,0.36288,3.6288,61.308,0,0,0,0.853476,0.216705,0.636772,0.66528,12.849,1,1.0357,0.36288,0,73.1048,4.20918,68.2228,0.84672,12.849,0.84672,3695.15,0,0,0,0.857802,1.27112,7.01214,1.16984,7.97122,0.42336,0,0.42336,460.49,0,0.898027,0,0,1.75583,0.857802,1.028160,1,0,76.8308,0,0,0,76.8308,0
24.8835,2.01695,0,0,2.06229,0.163613,0.36288,3.6288,61.308,0,0,0,0.788858,0.204198,0.58466,0.66528,12.849,1,1.02172,0.36288,0,60.1824,3.88975,55.6338,0.84672,12.849,0.84672,3695.15,0,0,0,0.797833,1.27119,4.9701,1.15355,5.88557,0.42336,0,0.42336,460.49,0,0.884591,0,0,1.68242,0.797833,1.028160,1,0,62.104,0,0,0,62.104,0
24.1418,2.00403,0,0,1.78211,0.156938,0.36288,3.6288,61.308,0,0,0,0.856457,0.202746,0.653712,0.66528,12.849,1,1.03481,0.36288,0,55.2987,3.81265,50.8141,0.84672,12.849,0.84672,3695.15,0,0,0,0.929933,1.25288,4.80828,1.15275,5.83835,0.42336,0,0.42336,460.49,0,0.884639,0,0,1.81457,0.929933,1.028160,1,0,57.3062,0,0,0,57.3062,0
23.4589,1.98339,0,0,1.81863,0.155264,0.36288,3.6288,61.308,0,0,0,0.737104,0.202746,0.534359,0.66528,12.849,1,1.05562,0.36288,0,53.3835,3.81265,48.8781,0.84672,12.849,0.84672,3695.15,0,0,0,0.609634,1.25295,4.75567,1.15275,5.46551,0.42336,0,0.42336,460.49,0,0.884688,0,0,1.49432,0.609634,1.028160,1,0,54.878,0,0,0,54.878,0
22.8568,1.96364,0,0,1.86011,0.135741,0.36288,3.6288,61.308,0,0,0,0.720827,0.217582,0.503245,0.66528,12.849,1,1.07553,0.36288,0,55.3231,4.98228,49.6282,0.84672,12.849,0.84672,3695.15,0,0,0,0.675474,1.25302,5.91427,1.19886,6.6439,0.42336,0,0.42336,460.49,0,0.884737,0,0,1.56021,0.675474,1.028160,1,0,56.7753,0,0,0,56.7753,0
21.7749,2.0379,0,0,1.43694,0.117976,0.36288,3.6288,61.308,0,0,0,0.68116,0.234825,0.446336,0.66528,12.849,1,1.14561,0.36288,0,38.3041,5.26266,32.2587,0.84672,12.849,0.84672,3695.15,0,0,0,0.564353,1.25309,4.2147,1.1953,4.83685,0.42336,0,0.42336,460.49,0,0.932622,0,0,1.49698,0.564353,1.028160,1,0,37.5418,0,0,0,37.5418,0
20.6116,2.00222,0,0,1.32094,0.119167,0.36288,3.6288,61.308,0.003277,0,0,0.618594,0.241716,0.373601,0.66528,12.849,1,1.18147,0.36288,0,35.8151,4.87347,30.1231,0.84672,12.849,0.84672,3695.15,0,0,0,0.402797,1.31713,3.53946,1.1068,4.15259,0.42336,0,0.42336,460.49,0,0.929396,0,0,1.33219,0.402797,1.028160,1,0,34.6493,0,0,0,34.6493,0
19.3363,1.96125,0,0,1.15796,0.109098,0.36288,3.6288,61.308,0.0934523,0,0,0.576279,0.251159,0.231667,0.66528,12.849,1,1.22262,0.36288,0,31.9988,4.98057,26.1585,0.84672,12.849,0.84672,3695.15,0,0,0,0.402797,1.31721,3.43405,1.13417,4.01988,0.42336,0,0.42336,460.49,0,0.839272,0,0,1.24207,0.402797,1.028160,1,0,30.4101,0,0,0,30.4101,0
18.069,1.91291,0,0,1.09553,0.0870689,0.36288,3.6288,61.308,0.0518589,0,0,0.554063,0.274767,0.227437,0.66528,12.849,1,1.27113,0.36288,0,29.2512,5.24832,23.0946,0.84672,12.849,0.84672,3695.15,0,0,0,0.30119,1.31728,3.3036,1.20258,3.71949,0.42336,0,0.42336,460.49,0,0.880917,0,0,1.18211,0.30119,1.028160,1,0,27.0415,0,0,0,27.0415,0
16.8716,1.86091,0,0,1.10814,0.08173,0.36288,3.6288,61.308,0.13704,0,0,0.523261,0.274953,0.111267,0.66528,12.849,1,1.32331,0.36288,0,29.0199,5.26909,22.7904,0.84672,12.849,0.84672,3695.15,0,0,0,0.30119,1.31735,3.4505,1.21703,3.85201,0.42336,0,0.42336,460.49,0,0.795787,0,0,1.09698,0.30119,1.028160,1,0,26.7537,0,0,0,26.7537,0
16.1527,1.79151,0,0,1.49343,0.05797,0.36288,3.6288,61.2994,0.238239,0,0,0.505742,0.276069,0,0.66528,12.849,1,1.36437,0.36288,0,29.7034,5.39375,23.3081,0.84672,12.849,0.84672,3695.15,0,0,0,0.30119,1.31743,3.51946,1.30371,3.83437,0.42336,0,0.42336,460.49,0,0.720939,0,0,1.02213,0.30119,1.028160,1,0,27.1425,0,0,0,27.1425,0
15.3671,1.75778,0,0,1.39238,0.0573455,0.36288,3.6288,61.2298,0.279496,0,0,0.485943,0.276054,0,0.66528,12.849,1,1.39826,0.36288,0,29.3106,5.39375,22.8815,0.84672,12.849,0.84672,3695.15,0,0,0,0.30119,1.33247,3.59625,1.30371,3.92621,0.42336,0,0.42336,460.49,0,0.679735,0,0,0.980925,0.30119,1.028160,1,0,26.8077,0,0,0,26.8077,0
14.4902,1.71895,0,0,1.26132,0.0564187,0.36288,3.6288,61.1299,0.28837,0,0,0.464356,0.275933,0,0.66528,12.849,1,1.43728,0.36288,0,28.8046,5.39375,22.3365,0.84672,12.849,0.84672,3695.15,0,0,0,0.261274,1.33254,3.39739,1.30371,3.68751,0.42336,0,0.42336,460.49,0,0.670913,0,0,0.932187,0.261274,1.028160,1,0,26.024,0,0,0,26.024,0
13.5498,1.67294,0,0,1.14843,0.0529303,0.36288,3.6288,60.9049,0.377467,0,0,0.439151,0.286715,0,0.66528,12.849,1,1.48346,0.36288,0,25.3568,5.5349,18.7013,0.84672,12.849,0.84672,3695.15,0,0,0,0.261274,1.33262,3.29744,1.35523,3.5361,0.42336,0,0.42336,460.49,0,0.581869,0,0,0.843143,0.261274,1.028160,1,0,22.2374,0,0,0,22.2374,0
12.5809,1.658,0,0,1.09719,0.0452389,0.36288,3.6288,60.6748,0.346254,0,0,0.439595,0.323391,0,0.66528,12.849,1,1.57224,0.36288,0,22.8885,6.11674,15.5624,0.84672,12.849,0.84672,3695.15,0,0,0,0.261274,1.33269,3.04113,1.50711,3.12799,0.42336,0,0.42336,460.49,0,0.636578,0,0,0.897852,0.261274,1.028160,1,0,18.6904,0,0,0,18.6904,0
11.6117,1.59818,0,0,1.03917,0.0473392,0.36288,3.6288,60.4389,0.348304,0,0,0.423911,0.311511,0,0.66528,12.849,1,1.63224,0.36288,0,21.268,6.01073,13.9879,0.84672,12.849,0.84672,3695.15,0,0,0,0.261274,1.36468,3.03883,1.4442,3.22059,0.42336,0,0.42336,460.49,0,0.634582,0,0,0.895856,0.261274,1.028160,1,0,17.2085,0,0,0,17.2085,0
10.5877,1.53359,0,0,0.918804,0.0463205,0.36288,3.6288,60.0857,0.441187,0,0,0.399063,0.311044,0,0.66528,12.849,1,1.69701,0.36288,0,20.0906,6.01073,12.7457,0.84672,12.849,0.84672,3695.15,0,0,0,0.261274,1.36476,2.85081,1.4442,3.03264,0.42336,0,0.42336,460.49,0,0.541754,0,0,0.803028,0.261274,1.028160,1,0,15.7784,0,0,0,15.7784,0
9.55496,1.45952,0,0,0.830287,0.0406105,0.36288,3.6288,59.734,0.431339,0,0,0.395121,0.315486,0,0.66528,12.849,1,1.77125,0.36288,0,19.0445,6.16027,11.4758,0.84672,12.849,0.84672,3695.15,0,0,0,0.227405,1.36483,2.8445,1.47408,2.96265,0.42336,0,0.42336,460.49,0,0.551655,0,0,0.77906,0.227405,1.028160,1,0,14.4385,0,0,0,14.4385,0
8.464,1.34101,0,0,0.657567,0.0446373,0.36288,3.6288,58.9523,0.86322,0,0,0.380868,0.299398,0,0.66528,12.849,1,1.80332,0.36288,0,17.0313,5.99796,9.59285,0.84672,12.849,0.84672,3695.15,0,0,0,0.227405,1.36491,2.5907,1.35052,2.83249,0.42336,0,0.42336,460.49,0,0.506866,0,0,0.73427,0.227405,1.028160,1,0,12.4253,0,0,0,12.4253,0
7.35784,1.24878,0,0,0.563035,0.057534,0.36288,3.6288,58.0486,0.974934,0,0,0.344419,0.273177,0,0.66528,12.849,1,1.89574,0.36288,0,13.9438,5.45947,6.9515,0.84672,12.849,0.84672,3695.15,0,0,0,0.227405,1.64778,2.21857,1.27083,2.82292,0.42336,0,0.42336,460.49,0,0.39521,0,0,0.622615,0.227405,1.028160,1,0,9.77442,0,0,0,9.77442,0
6.39551,1.14507,0,0,0.601254,0.0556344,0.36288,3.6288,57.2028,0.923351,0,0,0.349185,0.271592,0,0.66528,12.849,1,1.99964,0.36288,0,13.9408,5.45947,6.84458,0.84672,12.849,0.84672,3695.15,0,0,0,0.227405,1.64786,2.67951,1.27083,3.28394,0.42336,0,0.42336,460.49,0,0.446852,0,0,0.674257,0.227405,1.028160,1,0,10.1285,0,0,0,10.1285,0
5.61159,1.04514,0,0,0.678084,0.0539818,0.36288,3.6288,56.3735,0.920118,0,0,0.360873,0.27011,0,0.66528,12.849,1,2.09976,0.36288,0,13.3351,5.45947,6.13879,0.84672,12.849,0.84672,3695.15,0,0,0,0.204422,1.64794,2.97838,1.27083,3.55991,0.42336,0,0.42336,460.49,0,0.450144,0,0,0.654566,0.204422,1.028160,1,0,9.69871,0,0,0,9.69871,0
4.72769,0.956035,0,0,0.491743,0.0567305,0.36288,3.6288,55.4569,0.959017,0,0,0.311218,0.268813,0,0.66528,12.849,1,2.18906,0.36288,0,12.7874,5.50387,5.45732,0.84672,12.849,0.84672,3695.15,0,0,0,0.204422,1.64802,2.11974,1.26214,2.71004,0.42336,0,0.42336,460.49,0,0.411304,0,0,0.615726,0.204422,1.028160,1,0,8.16736,0,0,0,8.16736,0
4.49754,0.817707,0,0,1.01319,0.0627481,0.36288,3.6288,54.6643,0.869132,0,0,0.286131,0.209536,0,0.66528,12.849,1,2.22238,0.36288,0,29.6493,4.35091,23.4389,0.84672,12.849,0.84672,3695.15,0,0,0,0.204422,1.6481,2.88532,1.08238,3.65546,0.42336,0,0.42336,460.49,0,0.449862,0,0,0.654285,0.204422,1.028160,1,0,27.0943,0,0,0,27.0943,0
4.26562,0.788269,0,0,0.993747,0.0745164,0.36288,3.6288,54.196,0.68001,0,0,0.410025,0.198335,0,0.66528,12.849,1,2.252,0.36288,0,28.2729,3.89676,22.487,0.84672,12.849,0.84672,3695.15,0,0,0,0.204422,1.58877,3.73861,0.970247,4.56155,0.42336,0,0.42336,460.49,0,0.63904,0,0,0.843463,0.204422,1.028160,1,0,27.0486,0,0,0,27.0486,0
4.09175,0.757798,0,0,1.0207,0.0738894,0.36288,3.6288,54.0821,0.454303,0,0,0.538148,0.197722,0,0.66528,12.849,1,2.28266,0.36288,0,28.6272,3.89676,22.8106,0.84672,12.849,0.84672,3695.15,0,0,0,0.216518,1.58885,4.26613,0.970247,5.10125,0.42336,0,0.42336,460.49,0,0.864804,0,0,1.08132,0.216518,1.028160,1,0,27.9119,0,0,0,27.9119,0
3.92098,0.661483,0,0,0.92702,0.0734194,0.36288,3.6288,53.7095,0.592018,0,0,0.416955,0.197573,0,0.66528,12.849,1,2.07721,0.36288,0,25.6332,3.89676,20.0222,0.84672,12.849,0.84672,3695.15,0,0,0,0.216518,1.58892,3.3561,0.970247,4.1913,0.42336,0,0.42336,460.49,0,0.635308,0,0,0.851826,0.216518,1.028160,1,0,24.2135,0,0,0,24.2135,0
5.1698,0.622002,0,0,2.32041,0.0867154,0.36288,3.6288,54.2469,0.156658,0,0,0.905593,0.211503,0,0.66528,12.849,1,2.03829,0.36288,0,56.3173,3.90636,50.7356,0.84672,12.849,0.84672,3695.15,0,0,0,0.815227,1.46146,5.94938,0.910177,7.3159,0.42336,0,0.42336,460.49,0,1.02816,0,0,1.84339,0.815227,1.028160,1,0,58.0515,0,0,0,58.0515,0
7.84123,0.84772,0,0,3.9834,0.101373,0.36288,3.6288,55.1759,0.244328,0,0,1.39651,0.223169,0,0.66528,12.849,1,2.10692,0.36288,0,138.671,3.91356,133.014,0.84672,12.849,0.84672,3695.15,0,0,0,2.0917,1.41393,9.67309,0.865125,12.3136,0.42336,0,0.42336,460.49,0,1.02816,0,0,3.11986,2.0917,1.028160,1,0,145.327,0,0,0,145.327,0
11.1726,1.00833,0,0,4.81288,0.110337,0.36288,3.6288,56.1612,0.156756,0,0,1.36658,0.224541,0,0.66528,12.849,1,1.65229,0.36288,0,85.7803,3.91356,80.5774,0.84672,12.849,0.84672,3695.15,0,0,0,1.6707,1.53682,10.1606,0.865125,12.503,0.42336,0,0.42336,460.49,0,1.02816,0,0,2.69886,1.6707,1.028160,1,0,93.0804,0,0,0,93.0804,0
14.5175,1.51503,0,0,5.35135,0.128517,0.36288,3.6288,57.3566,0,0,0,1.41786,0.222491,0,0.66528,12.849,1,1.74237,0.36288,0,71.1893,3.90917,65.9006,0.84672,12.849,0.84672,3695.15,0,0,0,1.83082,1.41407,8.57693,0.860118,10.9617,0.42336,0,0.42336,460.49,0,0.970195,0,0,2.80101,1.83082,1.028160,1,0,76.8623,0,0,0,76.8623,0
16.9121,1.43753,0,0,4.35309,0.158068,0.36288,3.6288,58.3615,0.14703,0,0,1.36518,0.213246,0,0.66528,12.849,1,1.27232,0.36288,0,96.2194,4.00433,91.3056,0.84672,12.849,0.84672,3695.15,0,0,0,0.940188,1.36001,6.58339,1.00247,7.88112,0.42336,0,0.42336,460.49,0,1.02816,0,0,1.96835,0.940188,1.028160,1,0,99.1867,0,0,0,99.1867,0
25.7402,1.71184,0,0,11.0645,0.16165,0.36288,3.6288,60.2102,0,0,0,2.03414,0.185434,0,0.66528,12.849,1,1.30057,0.36288,0,206.631,3.81969,201.873,0.84672,12.849,0.84672,3695.15,0,0,0,2.06351,1.41578,12.392,0.915743,14.9555,0.42336,0,0.42336,460.49,0,0.872838,0,0,2.93635,2.06351,1.028160,1,0,216.829,0,0,0,216.829,0
33.008,1.80777,0,0,9.62142,0.182983,0.36288,3.6288,61.308,0.147126,0,0,3.32777,0.187643,1.8952,0.66528,12.849,1,0.902405,0.36288,0,211.931,3.81969,207.572,0.84672,12.849,0.84672,3695.15,0,0,0,2.41701,1.23888,12.6536,0.915743,15.3938,0.42336,0,0.42336,460.49,0,1.02816,0,0,3.44517,2.41701,1.028160,1,0,224.861,0,0,0,224.861,0
38.1283,2.16858,0,0,7.85618,0.204372,0.36288,3.6288,61.308,0,0,0,1.36972,0.237162,1.13255,0.66528,12.849,1,0.844163,0.36288,0,131.871,4.5423,126.847,0.84672,12.849,0.84672,3695.15,0,0,0,1.49952,1.41591,9.33777,1.20075,11.0525,0.42336,0,0.42336,460.49,0,0.872935,0,0,2.37246,1.49952,1.028160,1,0,139.032,0,0,0,139.032,0
50.3239,2.02732,0,0,14.8036,0.217855,0.36288,3.6288,61.308,0.147223,0,0,2.77742,0.245197,2.385,0.66528,12.849,1,0.683193,0.36288,0,197.123,4.66273,192.14,0.84672,12.849,0.84672,3695.15,0,0,0,4.03743,1.23902,15.8797,1.24825,19.9079,0.42336,0,0.42336,460.49,0,1.02816,0,0,5.06559,4.03743,1.028160,1,0,214.433,0,0,0,214.433,0
50.3768,2.47542,0,0,3.15016,0.258886,0.36288,3.6288,61.308,0.0407049,0,0,0.83219,0.228367,0.563118,0.66528,12.849,1,0.63204,0.36288,0,57.8083,4.99798,52.5412,0.84672,12.849,0.84672,3695.15,0,0,0,0.412474,1.41605,4.7453,1.39222,5.18161,0.42336,0,0.42336,460.49,0,0.860553,0,0,1.27303,0.412474,1.028160,1,0,58.2859,0,0,0,58.2859,0
53.1253,2.47607,0,0,5.84793,0.260496,0.36288,3.6288,61.308,0,0,0,0.880451,0.225562,0.654889,0.66528,12.849,1,0.631541,0.36288,0,62.998,5.05386,57.6755,0.84672,12.849,0.84672,3695.15,0,0,0,0.466393,1.27865,9.86356,1.41622,10.1924,0.42336,0,0.42336,460.49,0,0.901302,0,0,1.36769,0.466393,1.028160,1,0,68.5228,0,0,0,68.5228,0
63.9446,2.50251,0,0,13.9539,0.269244,0.36288,3.6288,61.308,0,0,0,1.74397,0.223808,1.52016,0.66528,12.849,1,0.605261,0.36288,0,209.323,4.95795,204.123,0.84672,12.849,0.84672,3695.15,0,0,0,2.07048,1.27871,8.6002,1.3904,10.559,0.42336,0,0.42336,460.49,0,0.901346,0,0,2.97182,2.07048,1.028160,1,0,216.202,0,0,0,216.202,0
67.1518,2.3361,0,0,6.21201,0.305821,0.36288,3.6288,61.308,0.17563,0,0,1.19849,0.213281,0.809578,0.66528,12.849,1,0.469415,0.36288,0,101.966,4.38249,97.4768,0.84672,12.849,0.84672,3695.15,0,0,0,0.858574,1.27878,4.59575,1.23548,5.49762,0.42336,0,0.42336,460.49,0,1.02816,0,0,1.88673,0.858574,1.028160,1,0,103.784,0,0,0,103.784,0
68.6441,2.86335,0,0,5.03409,0.315652,0.36288,3.6288,61.308,0,0,0,1.33029,0.220296,1.11,0.66528,12.849,1,0.54788,0.36288,0,85.5153,4.69979,80.6305,0.84672,12.849,0.84672,3695.15,0,0,0,1.05296,1.4558,4.82349,1.27135,6.0609,0.42336,0,0.42336,460.49,0,1.00742,0,0,2.06038,1.05296,1.028160,1,0,87.8014,0,0,0,87.8014,0
71.09,2.87352,0,0,6.00425,0.321915,0.36288,3.6288,61.308,0,0,0,1.53145,0.229649,1.3018,0.66528,12.849,1,0.537874,0.36288,0,103.05,5.12285,97.7523,0.84672,12.849,0.84672,3695.15,0,0,0,1.37744,1.4176,6.58241,1.31917,8.05829,0.42336,0,0.42336,460.49,0,1.00747,0,0,2.38492,1.37744,1.028160,1,0,107.112,0,0,0,107.112,0
72.29,2.63322,0,0,6.96493,0.328059,2.80364,3.6288,61.308,0.281762,0,0,1.38213,0.229649,0.870721,0.66528,12.849,1,0.475936,2.80364,0,151.756,5.12285,148.96,0.84672,12.849,0.84672,3695.15,0,0,0,1.17806,1.41767,8.94319,1.31917,10.2198,0.42336,0,0.42336,460.49,0,1.02816,0,0,2.20622,1.17806,1.028160,1,0,160.051,0,0,0,160.051,0
72.29,2.89684,0,0,4.69206,0.303136,1.49209,3.6288,61.308,0,0,0,1.17605,0.188576,0.987475,0.66528,12.849,1,0.514891,1.49209,0,119.849,4.19382,116.632,0.84672,12.849,0.84672,3695.15,0,0,0,1.14442,1.5947,5.24528,1.04521,6.93919,0.42336,0,0.42336,460.49,0,1.00757,0,0,2.15199,1.14442,1.028160,1,0,124.559,0,0,0,124.559,0
72.29,2.273,0,0,5.58501,0.292669,3.01934,3.6288,61.308,0.139594,0,0,1.0443,0.177812,0.726894,0.66528,12.849,1,0.404009,3.01934,0,105.004,3.62079,103.998,0.84672,12.849,0.84672,3695.15,0,0,0,0.995535,1.41781,12.6073,0.910783,14.1099,0.42336,0,0.42336,460.49,0,1.02816,0,0,2.0237,0.995535,1.028160,1,0,118.835,0,0,0,118.835,0
72.29,2.27313,0,0,5.9224,0.293613,3.35566,3.6288,61.308,0.139636,0,0,1.01807,0.185365,0.693067,0.66528,12.849,1,0.404031,3.35566,0,119.771,3.35223,119.371,0.84672,12.849,0.84672,3695.15,0,0,0,1.11927,1.40388,7.36344,0.877651,9.00894,0.42336,0,0.42336,460.49,0,1.02816,0,0,2.14743,1.11927,1.028160,1,0,129.073,0,0,0,129.073,0
72.29,2.27325,0,0,7.83017,0.293613,5.26331,3.6288,61.308,0.139678,0,0,1.50131,0.185365,1.17627,0.66528,12.849,1,0.404053,5.26331,0,178.296,3.35223,179.803,0.84672,12.849,0.84672,3695.15,0,0,0,2.30479,1.40394,11.1477,0.877651,13.9788,0.42336,0,0.42336,460.49,0,1.02816,0,0,3.33295,2.30479,1.028160,1,0,194.958,0,0,0,194.958,0
72.29,2.27338,0,0,8.61883,0.296118,6.04934,3.6288,61.308,0.139721,0,0,1.79636,0.215962,1.44068,0.66528,12.849,1,0.404075,6.04934,0,184.81,4.21845,186.237,0.84672,12.849,0.84672,3695.15,0,0,0,3.13811,1.404,15.4326,1.01105,18.9637,0.42336,0,0.42336,460.49,0,1.02816,0,0,4.16627,3.13811,1.028160,1,0,206.642,0,0,0,206.642,0
72.29,2.2735,0,0,5.96702,0.297998,3.39552,3.6288,61.308,0.139763,0,0,1.08096,0.238909,0.702287,0.66528,12.849,1,0.404097,3.39552,0,153.465,4.86812,151.589,0.84672,12.849,0.84672,3695.15,0,0,0,1.45271,1.40406,8.09006,1.1111,9.83574,0.42336,0,0.42336,460.49,0,1.02816,0,0,2.48087,1.45271,1.028160,1,0,162.127,0,0,0,162.127,0
72.29,2.36608,0,0,5.43922,0.259798,2.81334,3.6288,61.308,0.174618,0,0,1.73542,0.164827,1.39598,0.66528,12.849,1,0.420552,2.81334,0,87.3374,4.20242,85.5278,0.84672,12.849,0.84672,3695.15,0,0,0,1.85204,1.40412,8.79621,0.835913,11.2165,0.42336,0,0.42336,460.49,0,1.02816,0,0,2.8802,1.85204,1.028160,1,0,98.1403,0,0,0,98.1403,0
72.29,2.36621,0,0,6.60725,0.271767,3.96928,3.6288,61.308,0.174662,0,0,2.31961,0.180818,1.96413,0.66528,12.849,1,0.420575,3.96928,0,107.634,3.73989,107.442,0.84672,12.849,0.84672,3695.15,0,0,0,2.57881,1.45148,10.9156,0.835157,14.1107,0.42336,0,0.42336,460.49,0,1.02816,0,0,3.60697,2.57881,1.028160,1,0,123.517,0,0,0,123.517,0
72.29,2.36633,0,0,8.42331,0.271767,5.78521,3.6288,61.308,0.174706,0,0,3.08102,0.180818,2.7255,0.66528,12.849,1,0.420598,5.78521,0,139.614,3.73989,141.238,0.84672,12.849,0.84672,3695.15,0,0,0,4.47523,1.45154,14.2623,0.835157,19.3539,0.42336,0,0.42336,460.49,0,1.02816,0,0,5.50339,4.47523,1.028160,1,0,163.318,0,0,0,163.318,0
72.29,2.36646,0,0,6.01658,0.271767,3.37835,3.6288,61.308,0.17475,0,0,2.33717,0.180818,1.9816,0.66528,12.849,1,0.420621,3.37835,0,96.7931,3.73989,96.0109,0.84672,12.849,0.84672,3695.15,0,0,0,2.48453,1.45161,10.8192,0.835157,13.9202,0.42336,0,0.42336,460.49,0,1.02816,0,0,3.51269,2.48453,1.028160,1,0,111.913,0,0,0,111.913,0
72.29,2.33044,0,0,4.40323,0.277369,1.79543,3.6288,61.308,0.161271,0,0,1.57929,0.175924,1.24209,0.66528,12.849,1,0.414217,1.79543,0,75.1326,3.56063,72.9532,0.84672,12.849,0.84672,3695.15,0,0,0,1.56414,1.45167,8.04479,0.874685,10.1859,0.42336,0,0.42336,460.49,0,1.02816,0,0,2.5923,1.56414,1.028160,1,0,84.3812,0,0,0,84.3812,0
72.29,2.33056,0,0,4.11341,0.257092,1.52575,3.6288,61.308,0.161314,0,0,1.30265,0.124425,1.01691,0.66528,12.849,1,0.41424,1.52575,0,69.0146,2.50688,67.6192,0.84672,12.849,0.84672,3695.15,0,0,0,1.21642,1.4333,6.07702,0.752885,7.97386,0.42336,0,0.42336,460.49,0,1.02816,0,0,2.24458,1.21642,1.028160,1,0,76.61,0,0,0,76.61,0
72.29,2.33069,0,0,3.62099,0.193094,1.09721,3.6288,61.308,0.161358,0,0,1.2637,0.193496,0.908842,0.66528,12.849,1,0.414262,1.09721,0,65.4966,3.39874,62.7808,0.84672,12.849,0.84672,3695.15,0,0,0,0.992028,1.43336,5.16407,1.00239,6.58707,0.42336,0,0.42336,460.49,0,1.02816,0,0,2.02019,0.992028,1.028160,1,0,70.2767,0,0,0,70.2767,0
72.29,2.33082,0,0,3.32815,0.193094,0.804236,3.6288,61.308,0.161401,0,0,1.30704,0.193496,0.952145,0.66528,12.849,1,0.414285,0.804236,0,59.151,3.39874,56.1422,0.84672,12.849,0.84672,3695.15,0,0,0,1.18841,1.43343,5.06961,1.00239,6.68907,0.42336,0,0.42336,460.49,0,1.02816,0,0,2.21657,1.18841,1.028160,1,0,63.7834,0,0,0,63.7834,0
72.29,2.45369,0,0,3.24258,0.187182,0.601706,3.6288,61.308,0.209411,0,0,1.14822,0.196087,0.742723,0.66528,12.849,1,0.436126,0.601706,0,63.0023,3.5948,59.5731,0.84672,12.849,0.84672,3695.15,0,0,0,1.1497,1.43349,4.82223,1.02411,6.3813,0.42336,0,0.42336,460.49,0,1.02816,0,0,2.17786,1.1497,1.028160,1,0,66.6971,0,0,0,66.6971,0
72.1415,2.45383,0,0,2.81401,0.145765,0.36288,3.6288,61.308,0.209457,0,0,0.948767,0.208814,0.530496,0.66528,12.849,1,0.436149,0.36288,0,51.5491,4.27455,47.2013,0.84672,12.849,0.84672,3695.15,0,0,0,1.15886,1.4977,3.90894,1.04331,5.52219,0.42336,0,0.42336,460.49,0,1.02816,0,0,2.18702,1.15886,1.028160,1,0,53.254,0,0,0,53.254,0
71.9598,2.4532,0,0,2.7799,0.145601,0.36288,3.6288,61.308,0.209503,0,0,1.02312,0.208814,0.604806,0.66528,12.849,1,0.436935,0.36288,0,50.0126,4.27455,45.6639,0.84672,12.849,0.84672,3695.15,0,0,0,1.1188,1.49776,4.23545,1.04331,5.80871,0.42336,0,0.42336,460.49,0,1.02816,0,0,2.14696,1.1188,1.028160,1,0,52.0775,0,0,0,52.0775,0
71.6036,2.45239,0,0,2.60455,0.1454,0.36288,3.6288,61.308,0.209549,0,0,0.960025,0.208814,0.541662,0.66528,12.849,1,0.437895,0.36288,0,46.6634,4.27455,42.3139,0.84672,12.849,0.84672,3695.15,0,0,0,1.04964,1.49783,3.78715,1.04331,5.29131,0.42336,0,0.42336,460.49,0,1.02816,0,0,2.0778,1.04964,1.028160,1,0,48.1468,0,0,0,48.1468,0
71.1084,2.45068,0,0,2.44353,0.125238,0.36288,3.6288,61.308,0.209594,0,0,0.909714,0.225652,0.474468,0.66528,12.849,1,0.439765,0.36288,0,43.5086,4.66404,38.7677,0.84672,12.849,0.84672,3695.15,0,0,0,0.923279,1.49789,3.71587,1.0986,5.03844,0.42336,0,0.42336,460.49,0,1.02816,0,0,1.95144,0.923279,1.028160,1,0,44.2806,0,0,0,44.2806,0
71.5796,2.424,0,0,3.37612,0.11801,0.36288,3.6288,61.308,0.23601,0,0,1.1191,0.190057,0.693029,0.66528,12.849,1,0.438007,0.36288,0,50.7775,4.12965,46.5728,0.84672,12.849,0.84672,3695.15,0,0,0,1.78444,1.49796,5.42919,0.978398,7.73318,0.42336,0,0.42336,460.49,0,1.02816,0,0,2.8126,1.78444,1.028160,1,0,54.999,0,0,0,54.999,0
71.7572,2.42657,0,0,3.08553,0.118436,0.36288,3.6288,61.308,0.236057,0,0,1.0465,0.190057,0.620388,0.66528,12.849,1,0.435586,0.36288,0,47.7611,4.12965,43.5587,0.84672,12.849,0.84672,3695.15,0,0,0,1.37551,1.51304,5.1663,0.978398,7.07645,0.42336,0,0.42336,460.49,0,1.02816,0,0,2.40367,1.37551,1.028160,1,0,51.2555,0,0,0,51.2555,0
71.7043,2.42762,0,0,2.83723,0.0996304,0.36288,3.6288,61.308,0.236104,0,0,0.991708,0.233933,0.52167,0.66528,12.849,1,0.434695,0.36288,0,42.7622,4.69425,37.9961,0.84672,12.849,0.84672,3695.15,0,0,0,1.3771,1.5131,4.91906,1.18449,6.62478,0.42336,0,0.42336,460.49,0,1.02816,0,0,2.40526,1.3771,1.028160,1,0,45.1426,0,0,0,45.1426,0
71.4888,2.42748,0,0,2.6602,0.0853715,0.36288,3.6288,61.308,0.236151,0,0,0.930891,0.266841,0.427899,0.66528,12.849,1,0.43499,0.36288,0,38.4336,5.1177,33.2438,0.84672,12.849,0.84672,3695.15,0,0,0,1.31787,1.51317,4.73996,1.33905,6.23195,0.42336,0,0.42336,460.49,0,1.02816,0,0,2.34603,1.31787,1.028160,1,0,39.9036,0,0,0,39.9036,0
71.1452,2.48911,0,0,2.60233,0.0940021,0.36288,3.6288,61.308,0.259704,0,0,0.869167,0.282443,0.327019,0.66528,12.849,1,0.447379,0.36288,0,38.4553,5.3439,33.0269,0.84672,12.849,0.84672,3695.15,0,0,0,1.43536,1.51323,4.51913,1.39153,6.07619,0.42336,0,0.42336,460.49,0,1.02816,0,0,2.46352,1.43536,1.028160,1,0,39.4301,0,0,0,39.4301,0
70.8625,2.48741,0,0,2.66798,0.100316,0.36288,3.6288,61.308,0.259753,0,0,0.863965,0.294145,0.310067,0.66528,12.849,1,0.449233,0.36288,0,36.5012,5.51355,30.9013,0.84672,12.849,0.84672,3695.15,0,0,0,1.5963,1.5453,4.53464,1.43089,6.24536,0.42336,0,0.42336,460.49,0,1.02816,0,0,2.62446,1.5963,1.028160,1,0,37.4568,0,0,0,37.4568,0
70.275,2.48603,0,0,2.3615,0.100099,0.36288,3.6288,61.308,0.259801,0,0,0.810907,0.294145,0.256961,0.66528,12.849,1,0.450774,0.36288,0,34.4566,5.51355,28.8551,0.84672,12.849,0.84672,3695.15,0,0,0,1.46223,1.54537,4.53718,1.43089,6.1139,0.42336,0,0.42336,460.49,0,1.02816,0,0,2.49039,1.46223,1.028160,1,0,35.226,0,0,0,35.226,0
69.4886,2.48298,0,0,2.15909,0.0996483,0.36288,3.6288,61.308,0.259849,0,0,0.78332,0.294145,0.229325,0.66528,12.849,1,0.453985,0.36288,0,32.3585,5.51355,26.7539,0.84672,12.849,0.84672,3695.15,0,0,0,1.26643,1.54544,4.32296,1.43089,5.70394,0.42336,0,0.42336,460.49,0,1.02816,0,0,2.29459,1.26643,1.028160,1,0,32.6871,0,0,0,32.6871,0
68.305,2.66137,0,0,1.9266,0.0859607,0.36288,3.6288,61.308,0.344758,0,0,0.764787,0.306564,0.113464,0.66528,12.849,1,0.492108,0.36288,0,30.3502,5.84567,24.3753,0.84672,12.849,0.84672,3695.15,0,0,0,1.22354,1.5455,4.12887,1.47374,5.42417,0.42336,0,0.42336,460.49,0,1.02816,0,0,2.2517,1.22354,1.028160,1,0,29.9129,0,0,0,29.9129,0
67.4393,2.65433,0,0,2.26447,0.112972,0.36288,3.6288,61.308,0.344811,0,0,0.686686,0.331616,0.0102591,0.66528,12.849,1,0.499312,0.36288,0,28.1447,6.14565,21.8626,0.84672,12.849,0.84672,3695.15,0,0,0,1.11396,1.65168,2.793,1.5205,4.03815,0.42336,0,0.42336,460.49,0,1.02816,0,0,2.14212,1.11396,1.028160,1,0,25.911,0,0,0,25.911,0
66.3023,2.64909,0,0,1.98717,0.112207,0.36288,3.6288,61.294,0.344863,0,0,0.662472,0.331616,0,0.66528,12.849,1,0.504723,0.36288,0,35.7769,6.14565,29.4895,0.84672,12.849,0.84672,3695.15,0,0,0,1.01854,1.65175,2.68206,1.5205,3.83186,0.42336,0,0.42336,460.49,0,1.02816,0,0,2.0467,1.01854,1.028160,1,0,33.3213,0,0,0,33.3213,0
65.2157,2.64198,0,0,2.02952,0.111202,0.36288,3.6288,61.308,0.344915,0,0,0.759923,0.331587,0.0694146,0.66528,12.849,1,0.512001,0.36288,0,30.9917,6.14565,24.6969,0.84672,12.849,0.84672,3695.15,0,0,0,1.13455,1.65182,2.78525,1.5205,4.05113,0.42336,0,0.42336,460.49,0,1.02816,0,0,2.16271,1.13455,1.028160,1,0,28.8175,0,0,0,28.8175,0
64.1542,2.635,0,0,2.04775,0.111442,0.36288,3.6288,61.308,0.344968,0,0,0.765668,0.324721,0.0959791,0.66528,12.849,1,0.519155,0.36288,0,31.446,5.9608,25.3289,0.84672,12.849,0.84672,3695.15,0,0,0,1.66292,1.65189,3.56251,1.44854,5.42878,0.42336,0,0.42336,460.49,0,1.02816,0,0,2.69108,1.66292,1.028160,1,0,30.8537,0,0,0,30.8537,0
63.5743,2.54011,0,0,2.48115,0.15802,0.36288,3.6288,61.308,0.2935,0,0,0.928886,0.292103,0.343283,0.66528,12.849,1,0.508742,0.36288,0,43.8108,5.49587,38.1691,0.84672,12.849,0.84672,3695.15,0,0,0,1.93577,1.65197,5.34846,1.24742,7.68877,0.42336,0,0.42336,460.49,0,1.02816,0,0,2.96393,1.93577,1.028160,1,0,46.2012,0,0,0,46.2012,0
63.0666,2.53639,0,0,2.55559,0.163977,0.36288,3.6288,61.308,0.29355,0,0,1.47639,0.293562,0.889274,0.66528,12.849,1,0.512629,0.36288,0,41.3904,5.60322,35.6375,0.84672,12.849,0.84672,3695.15,0,0,0,4.06015,1.59247,6.55963,1.28586,10.9264,0.42336,0,0.42336,460.49,0,1.02816,0,0,5.08831,4.06015,1.028160,1,0,47.4531,0,0,0,47.4531,0
62.2466,2.5331,0,0,2.23925,0.163301,0.36288,3.6288,61.308,0.2936,0,0,0.912565,0.293562,0.325404,0.66528,12.849,1,0.516085,0.36288,0,42.0244,5.60322,36.268,0.84672,12.849,0.84672,3695.15,0,0,0,2.65395,1.59254,5.17132,1.28586,8.13195,0.42336,0,0.42336,460.49,0,1.02816,0,0,3.68211,2.65395,1.028160,1,0,44.7254,0,0,0,44.7254,0
61.0155,2.5276,0,0,1.82157,0.162209,0.36288,3.6288,61.308,0.29365,0,0,0.75111,0.293562,0.163898,0.66528,12.849,1,0.521749,0.36288,0,38.5905,5.60322,32.8284,0.84672,12.849,0.84672,3695.15,0,0,0,1.84684,1.59261,4.67252,1.28586,6.82612,0.42336,0,0.42336,460.49,0,1.02816,0,0,2.875,1.84684,1.028160,1,0,39.8184,0,0,0,39.8184,0
60.1864,2.44751,0,0,2.17994,0.198605,0.36288,3.6288,61.308,0.246795,0,0,0.734489,0.255818,0.231876,0.66528,12.849,1,0.515411,0.36288,0,46.7904,4.80465,41.8333,0.84672,12.849,0.84672,3695.15,0,0,0,1.55695,1.59268,4.9791,1.12896,6.99978,0.42336,0,0.42336,460.49,0,1.02816,0,0,2.58511,1.55695,1.028160,1,0,49.0649,0,0,0,49.0649,0
59.0885,2.44179,0,0,1.91272,0.205983,0.36288,3.6288,61.308,0.246842,0,0,0.788113,0.240869,0.300402,0.66528,12.849,1,0.52129,0.36288,0,40.4604,4.22436,36.0777,0.84672,12.849,0.84672,3695.15,0,0,0,1.0867,1.54028,3.99575,1.07118,5.55155,0.42336,0,0.42336,460.49,0,1.02816,0,0,2.11486,1.0867,1.028160,1,0,41.9296,0,0,0,41.9296,0
58.3411,2.43397,0,0,2.25329,0.203824,0.36288,3.6288,61.308,0.24689,0,0,0.602904,0.240869,0.115145,0.66528,12.849,1,0.529275,0.36288,0,46.851,4.22436,42.4603,0.84672,12.849,0.84672,3695.15,0,0,0,0.472556,1.54035,4.15291,1.07118,5.09463,0.42336,0,0.42336,460.49,0,1.02816,0,0,1.50072,0.472556,1.028160,1,0,47.67,0,0,0,47.67,0
62.0221,2.42854,0,0,6.67475,0.202354,0.36288,3.6288,61.308,0.246937,0,0,1.98393,0.240869,1.49612,0.66528,12.849,1,0.53486,0.36288,0,88.0681,4.22436,83.6718,0.84672,12.849,0.84672,3695.15,0,0,0,4.27818,1.54042,7.31466,1.07118,12.0621,0.42336,0,0.42336,460.49,0,1.02816,0,0,5.30634,4.27818,1.028160,1,0,97.23,0,0,0,97.23,0
64.5586,2.25122,0,0,5.36579,0.215138,0.36288,3.6288,61.308,0.149276,0,0,1.55388,0.243118,1.16148,0.66528,12.849,1,0.46638,0.36288,0,114.781,4.29669,110.38,0.84672,12.849,0.84672,3695.15,0,0,0,4.04146,1.54048,7.67537,1.08556,12.1718,0.42336,0,0.42336,460.49,0,1.02816,0,0,5.06962,4.04146,1.028160,1,0,123.714,0,0,0,123.714,0
67.5999,2.26662,0,0,5.92695,0.256164,0.36288,3.6288,61.308,0.149319,0,0,2.08735,0.256611,1.68143,0.66528,12.849,1,0.451122,0.36288,0,137.405,4.73067,132.586,0.84672,12.849,0.84672,3695.15,0,0,0,5.95253,1.41896,12.4584,1.17185,18.658,0.42336,0,0.42336,460.49,0,1.02816,0,0,6.98069,5.95253,1.028160,1,0,152.926,0,0,0,152.926,0
69.7845,2.2838,0,0,5.09369,0.262444,0.36288,3.6288,61.308,0.149362,0,0,1.70763,0.256611,1.30165,0.66528,12.849,1,0.434092,0.36288,0,132.454,4.73067,127.652,0.84672,12.849,0.84672,3695.15,0,0,0,5.13856,1.41903,12.5349,1.17185,17.9207,0.42336,0,0.42336,460.49,0,1.02816,0,0,6.16672,5.13856,1.028160,1,0,146.874,0,0,0,146.874,0
71.7259,2.2954,0,0,4.86661,0.266954,0.36288,3.6288,61.308,0.149404,0,0,1.68614,0.256611,1.28012,0.66528,12.849,1,0.422639,0.36288,0,139.891,4.73067,135.101,0.84672,12.849,0.84672,3695.15,0,0,0,4.94134,1.41909,13.879,1.17318,19.0663,0.42336,0,0.42336,460.49,0,1.02816,0,0,5.9695,4.94134,1.028160,1,0,155.447,0,0,0,155.447,0
72.29,2.30523,0,0,6.79312,0.232001,3.69176,3.6288,61.308,0.149447,0,0,2.85,0.244808,2.45574,0.66528,12.849,1,0.41296,3.69176,0,151.975,4.64304,150.611,0.84672,12.849,0.84672,3695.15,0,0,0,5.83865,1.41915,15.8296,1.1132,21.9742,0.42336,0,0.42336,460.49,0,1.02816,0,0,6.86681,5.83865,1.028160,1,0,175.041,0,0,0,175.041,0
72.29,2.30797,0,0,6.62549,0.250811,4.06671,3.6288,61.308,0.149447,0,0,3.85311,0.196266,3.5074,0.66528,12.849,1,0.410223,4.06671,0,115.656,4.0637,115.249,0.84672,12.849,0.84672,3695.15,0,0,0,4.79944,1.41921,16.4319,1.07238,21.5782,0.42336,0,0.42336,460.49,0,1.02816,0,0,5.8276,4.79944,1.028160,1,0,140.334,0,0,0,140.334,0
72.29,2.38844,0,0,3.2118,0.262541,0.560823,3.6288,61.308,0.177789,0,0,2.10402,0.176935,1.7493,0.66528,12.849,1,0.424526,0.560823,0,87.944,3.93698,84.1433,0.84672,12.849,0.84672,3695.15,0,0,0,3.68461,1.41921,10.5354,1.07222,14.567,0.42336,0,0.42336,460.49,0,1.02816,0,0,4.71277,3.68461,1.028160,1,0,100.46,0,0,0,100.46,0
71.9057,2.38855,0,0,2.62971,0.262541,0.36288,3.6288,61.308,0.177827,0,0,1.79152,0.176935,1.43676,0.66528,12.849,1,0.424546,0.36288,0,69.6902,3.93698,65.6916,0.84672,12.849,0.84672,3695.15,0,0,0,3.03485,1.45886,8.1705,1.07222,11.592,0.42336,0,0.42336,460.49,0,1.02816,0,0,4.06301,3.03485,1.028160,1,0,78.7204,0,0,0,78.7204,0
71.4434,2.38674,0,0,2.60493,0.317685,0.36288,3.6288,61.308,0.177866,0,0,2.07066,0.179098,1.7137,0.66528,12.849,1,0.426491,0.36288,0,60.5534,4.13455,56.3552,0.84672,12.849,0.84672,3695.15,0,0,0,2.92155,1.45892,8.1591,1.15716,11.3824,0.42336,0,0.42336,460.49,0,1.02816,0,0,3.94971,2.92155,1.028160,1,0,69.4513,0,0,0,69.4513,0
72.29,2.38451,0,0,4.53813,0.324484,0.982515,3.6288,61.308,0.177905,0,0,2.76872,0.16311,2.42771,0.66528,12.849,1,0.428851,0.982515,0,121.065,3.90688,117.711,0.84672,12.849,0.84672,3695.15,0,0,0,6.35319,1.45897,13.3398,0.988396,20.1636,0.42336,0,0.42336,460.49,0,1.02816,0,0,7.38135,6.35319,1.028160,1,0,140.303,0,0,0,140.303,0
72.29,2.64694,0,0,7.1382,0.305994,4.18526,3.6288,61.308,0.2842,0,0,3.32186,0.14045,2.89721,0.66528,12.849,1,0.470473,4.18526,0,205.946,3.87156,205.789,0.84672,12.849,0.84672,3695.15,0,0,0,4.90073,1.45903,16.8542,1.02521,22.1888,0.42336,0,0.42336,460.49,0,1.02816,0,0,5.92889,4.90073,1.028160,1,0,230.875,0,0,0,230.875,0
72.29,2.64706,0,0,5.89664,0.305994,2.94358,3.6288,61.308,0.284243,0,0,2.81239,0.14045,2.3877,0.66528,12.849,1,0.470496,2.94358,0,144.145,3.87156,142.747,0.84672,12.849,0.84672,3695.15,0,0,0,3.80058,1.59813,13.4241,1.02521,17.7976,0.42336,0,0.42336,460.49,0,1.02816,0,0,4.82874,3.80058,1.028160,1,0,162.932,0,0,0,162.932,0
72.29,2.64719,0,0,5.66619,0.281565,2.73744,3.6288,61.308,0.284286,0,0,2.90833,0.174265,2.44978,0.66528,12.849,1,0.470518,2.73744,0,136.691,3.93674,135.021,0.84672,12.849,0.84672,3695.15,0,0,0,4.09847,1.59819,17.571,1.08254,22.1851,0.42336,0,0.42336,460.49,0,1.02816,0,0,5.12663,4.09847,1.028160,1,0,159.656,0,0,0,159.656,0
72.29,2.64731,0,0,7.75008,0.277689,4.82508,3.6288,61.308,0.284329,0,0,4.99681,0.183667,4.52881,0.66528,12.849,1,0.47054,4.82508,0,182.675,4.03794,182.991,0.84672,12.849,0.84672,3695.15,0,0,0,7.8887,1.59825,29.0326,1.09394,37.4256,0.42336,0,0.42336,460.49,0,1.02816,0,0,8.91686,7.8887,1.028160,1,0,224.946,0,0,0,224.946,0
72.29,2.27931,0,0,8.77504,0.29653,6.1992,3.6288,61.308,0.141751,0,0,7.35903,0.147236,7.07005,0.66528,12.849,1,0.40513,6.1992,0,292.226,3.85004,294.17,0.84672,12.849,0.84672,3695.15,0,0,0,12.0343,1.59831,31.4177,0.900311,44.15,0.42336,0,0.42336,460.49,0,1.02816,0,0,13.0625,12.0343,1.028160,1,0,345.39,0,0,0,345.39,0
72.29,2.27942,0,0,7.64813,0.29653,5.07218,3.6288,61.308,0.141788,0,0,5.98693,0.147236,5.69791,0.66528,12.849,1,0.40515,5.07218,0,199.416,3.85004,200.233,0.84672,12.849,0.84672,3695.15,0,0,0,8.295,1.40694,24.1952,0.900311,32.9968,0.42336,0,0.42336,460.49,0,1.02816,0,0,9.32316,8.295,1.028160,1,0,238.927,0,0,0,238.927,0
72.29,2.27953,0,0,7.47403,0.29653,4.89797,3.6288,61.308,0.141825,0,0,5.34822,0.147236,5.05916,0.66528,12.849,1,0.405169,4.89797,0,207.896,3.85004,208.538,0.84672,12.849,0.84672,3695.15,0,0,0,7.60622,1.40699,24.4454,0.900311,32.5583,0.42336,0,0.42336,460.49,0,1.02816,0,0,8.63438,7.60622,1.028160,1,0,246.156,0,0,0,246.156,0
72.29,2.27964,0,0,7.4234,0.251217,4.89255,3.6288,61.308,0.141863,0,0,4.87156,0.123171,4.60653,0.66528,12.849,1,0.405188,4.89255,0,224.204,3.50125,225.19,0.84672,12.849,0.84672,3695.15,0,0,0,7.8262,1.40704,25.1285,0.850209,33.5115,0.42336,0,0.42336,460.49,0,1.02816,0,0,8.85436,7.8262,1.028160,1,0,263.308,0,0,0,263.308,0
72.29,2.27975,0,0,5.7688,0.326009,3.16304,3.6288,61.308,0.1419,0,0,2.43585,0.160113,2.13384,0.66528,12.849,1,0.405207,3.16304,0,113.955,3.6918,113.021,0.84672,12.849,0.84672,3695.15,0,0,0,3.91484,1.4071,14.4711,0.895067,18.898,0.42336,0,0.42336,460.49,0,1.02816,0,0,4.943,3.91484,1.028160,1,0,134.053,0,0,0,134.053,0
72.29,2.37254,0,0,5.88667,0.343288,3.17085,3.6288,61.308,0.176835,0,0,3.83276,0.162988,3.49293,0.66528,12.849,1,0.4217,3.17085,0,98.9721,3.75806,97.9632,0.84672,12.849,0.84672,3695.15,0,0,0,4.98369,1.40715,12.1626,0.884226,17.6692,0.42336,0,0.42336,460.49,0,1.02816,0,0,6.01185,4.98369,1.028160,1,0,119.125,0,0,0,119.125,0
72.29,2.37265,0,0,5.47546,0.343288,2.75953,3.6288,61.308,0.176874,0,0,4.48999,0.162988,4.15013,0.66528,12.849,1,0.42172,2.75953,0,112.305,3.75806,110.885,0.84672,12.849,0.84672,3695.15,0,0,0,5.1074,1.45462,17.7139,0.884226,23.3917,0.42336,0,0.42336,460.49,0,1.02816,0,0,6.13556,5.1074,1.028160,1,0,138.427,0,0,0,138.427,0
72.29,2.37276,0,0,3.94235,0.340397,1.2292,3.6288,61.308,0.176912,0,0,3.32302,0.155088,2.99102,0.66528,12.849,1,0.42174,1.2292,0,117.939,3.54222,115.204,0.84672,12.849,0.84672,3695.15,0,0,0,5.71622,1.45467,11.4653,0.854032,17.7821,0.42336,0,0.42336,460.49,0,1.02816,0,0,6.74438,5.71622,1.028160,1,0,135.977,0,0,0,135.977,0
72.29,2.37287,0,0,3.8402,0.301946,1.16538,3.6288,61.308,0.176951,0,0,2.2332,0.154777,1.90147,0.66528,12.849,1,0.42176,1.16538,0,98.6982,3.33027,96.1115,0.84672,12.849,0.84672,3695.15,0,0,0,4.0656,1.45473,12.2691,0.893242,16.8961,0.42336,0,0.42336,460.49,0,1.02816,0,0,5.09376,4.0656,1.028160,1,0,114.909,0,0,0,114.909,0
72.29,2.33674,0,0,3.48932,0.286117,0.866456,3.6288,61.308,0.163433,0,0,1.39056,0.190095,1.03703,0.66528,12.849,1,0.415338,0.866456,0,70.6147,4.14256,66.9233,0.84672,12.849,0.84672,3695.15,0,0,0,2.38699,1.45478,7.15729,1.05852,9.94054,0.42336,0,0.42336,460.49,0,1.02816,0,0,3.41515,2.38699,1.028160,1,0,77.9008,0,0,0,77.9008,0
72.2823,2.33685,0,0,2.97811,0.286117,0.36288,3.6288,61.308,0.163471,0,0,1.31364,0.190095,0.960077,0.66528,12.849,1,0.415358,0.36288,0,61.9217,4.14256,57.7266,0.84672,12.849,0.84672,3695.15,0,0,0,2.02814,1.43636,6.0878,1.05852,8.49378,0.42336,0,0.42336,460.49,0,1.02816,0,0,3.0563,2.02814,1.028160,1,0,67.1805,0,0,0,67.1805,0
72.18,2.10266,0,0,2.64937,0.2861,0.36288,3.6288,61.308,0.0831881,0,0,1.17545,0.190095,0.902163,0.66528,12.849,1,0.373772,0.36288,0,53.0952,4.14256,48.9418,0.84672,12.849,0.84672,3695.15,0,0,0,1.64583,1.43642,5.20535,1.05852,7.22907,0.42336,0,0.42336,460.49,0,1.02816,0,0,2.67399,1.64583,1.028160,1,0,57.073,0,0,0,57.073,0
71.7229,2.33654,0,0,2.51315,0.270812,0.36288,3.6288,61.308,0.163547,0,0,1.09337,0.185532,0.744295,0.66528,12.849,1,0.415935,0.36288,0,50.4596,4.00883,46.3977,0.84672,12.849,0.84672,3695.15,0,0,0,1.45391,1.32271,5.04573,1.00644,6.81591,0.42336,0,0.42336,460.49,0,1.02816,0,0,2.48207,1.45391,1.028160,1,0,53.9579,0,0,0,53.9579,0
71.172,2.4573,0,0,2.49297,0.223699,0.36288,3.6288,61.308,0.211668,0,0,0.971024,0.223914,0.535442,0.66528,12.849,1,0.44022,0.36288,0,51.5649,4.45108,47.0365,0.84672,12.849,0.84672,3695.15,0,0,0,1.38099,1.43653,5.46692,1.11568,7.16875,0.42336,0,0.42336,460.49,0,1.02816,0,0,2.40915,1.38099,1.028160,1,0,54.7407,0,0,0,54.7407,0
70.407,2.45453,0,0,2.237,0.184564,0.36288,3.6288,61.308,0.211708,0,0,0.943523,0.225857,0.505958,0.66528,12.849,1,0.443128,0.36288,0,45.1064,4.51595,40.5102,0.84672,12.849,0.84672,3695.15,0,0,0,1.39169,1.50089,5.10971,1.07472,6.92757,0.42336,0,0.42336,460.49,0,1.02816,0,0,2.41985,1.39169,1.028160,1,0,47.9438,0,0,0,47.9438,0
69.619,2.45058,0,0,2.20896,0.183484,0.36288,3.6288,61.308,0.211748,0,0,1.02483,0.225857,0.587229,0.66528,12.849,1,0.447221,0.36288,0,43.6201,4.51595,39.0198,0.84672,12.849,0.84672,3695.15,0,0,0,1.34086,1.50094,5.60218,1.07472,7.36926,0.42336,0,0.42336,460.49,0,1.02816,0,0,2.36902,1.34086,1.028160,1,0,46.9763,0,0,0,46.9763,0
68.6933,2.44642,0,0,2.06594,0.182371,0.36288,3.6288,61.308,0.211789,0,0,0.945639,0.225857,0.507994,0.66528,12.849,1,0.451515,0.36288,0,40.8034,4.51595,36.1989,0.84672,12.849,0.84672,3695.15,0,0,0,1.24314,1.501,4.91894,1.07472,6.58837,0.42336,0,0.42336,460.49,0,1.02816,0,0,2.2713,1.24314,1.028160,1,0,43.2952,0,0,0,43.2952,0
67.3674,2.44141,0,0,1.62411,0.14575,0.36288,3.6288,61.308,0.211829,0,0,0.687571,0.238229,0.237514,0.66528,12.849,1,0.456663,0.36288,0,34.1156,4.52512,29.4967,0.84672,12.849,0.84672,3695.15,0,0,0,0.378069,1.50106,3.16995,1.05178,3.9973,0.42336,0,0.42336,460.49,0,1.02816,0,0,1.40623,0.378069,1.028160,1,0,33.7315,0,0,0,33.7315,0
65.8898,2.4099,0,0,1.43356,0.138417,0.36288,3.6288,61.2309,0.441307,0,0,0.604507,0.240291,0,0.66528,12.849,1,0.459641,0.36288,0,32.1374,4.52666,27.514,0.84672,12.849,0.84672,3695.15,0,0,0,0.30119,1.50111,2.70086,1.04795,3.45521,0.42336,0,0.42336,460.49,0,0.825155,0,0,1.12634,0.30119,1.028160,1,0,30.9692,0,0,0,30.9692,0
64.3204,2.40139,0,0,1.31818,0.123218,0.36288,3.6288,61.128,0.407039,0,0,0.577153,0.273065,0,0.66528,12.849,1,0.468289,0.36288,0,28.491,4.9501,23.4355,0.84672,12.849,0.84672,3695.15,0,0,0,0.261274,1.51622,2.5988,1.20252,3.17377,0.42336,0,0.42336,460.49,0,0.859464,0,0,1.12074,0.261274,1.028160,1,0,26.6093,0,0,0,26.6093,0
62.7007,2.39198,0,0,1.23887,0.103786,0.36288,3.6288,60.9218,0.427859,0,0,0.538412,0.316714,0,0.66528,12.849,1,0.477835,0.36288,0,25.2921,5.51471,19.6625,0.84672,12.849,0.84672,3695.15,0,0,0,0.261274,1.51628,2.50182,1.40861,2.87077,0.42336,0,0.42336,460.49,0,0.838685,0,0,1.09996,0.261274,1.028160,1,0,22.5332,0,0,0,22.5332,0
60.9183,2.38185,0,0,1.06846,0.106101,0.36288,3.6288,60.5151,0.560447,0,0,0.464215,0.310461,0,0.66528,12.849,1,0.488103,0.36288,0,23.5199,5.57335,17.8213,0.84672,12.849,0.84672,3695.15,0,0,0,0.261274,1.51634,2.26612,1.41841,2.62531,0.42336,0,0.42336,460.49,0,0.706139,0,0,0.967412,0.261274,1.028160,1,0,20.4466,0,0,0,20.4466,0
59.1539,2.43131,0,0,1.12815,0.0983091,0.36288,3.6288,60.1517,0.579876,0,0,0.528655,0.312208,0,0.66528,12.849,1,0.512816,0.36288,0,28.0606,5.74014,22.1705,0.84672,12.849,0.84672,3695.15,0,0,0,0.261274,1.51639,2.37393,1.48395,2.66765,0.42336,0,0.42336,460.49,0,0.710312,0,0,0.971585,0.261274,1.028160,1,0,24.8381,0,0,0,24.8381,0
57.3259,2.41886,0,0,1.05046,0.0967344,0.36288,3.6288,59.7976,0.501243,0,0,0.458641,0.311487,0,0.66528,12.849,1,0.525407,0.36288,0,23.7596,5.74014,17.8569,0.84672,12.849,0.84672,3695.15,0,0,0,0.261274,1.54853,2.3958,1.48395,2.72165,0.42336,0,0.42336,460.49,0,0.788988,0,0,1.05026,0.261274,1.028160,1,0,20.5786,0,0,0,20.5786,0
55.4339,2.40529,0,0,0.971205,0.0950295,0.36288,3.6288,59.3169,0.595245,0,0,0.425322,0.310784,0,0.66528,12.849,1,0.539119,0.36288,0,22.7833,5.74014,16.867,0.84672,12.849,0.84672,3695.15,0,0,0,0.227405,1.54859,2.08314,1.48395,2.37518,0.42336,0,0.42336,460.49,0,0.695028,0,0,0.922432,0.227405,1.028160,1,0,19.2421,0,0,0,19.2421,0
53.5844,2.39046,0,0,0.992788,0.0890169,0.36288,3.6288,59.006,0.470802,0,0,0.472336,0.312388,0,0.66528,12.849,1,0.554083,0.36288,0,21.6692,5.81492,15.6631,0.84672,12.849,0.84672,3695.15,0,0,0,0.227405,1.54865,2.57667,1.49889,2.85383,0.42336,0,0.42336,460.49,0,0.819513,0,0,1.04692,0.227405,1.028160,1,0,18.5169,0,0,0,18.5169,0
51.2923,2.55006,0,0,0.707614,0.0867401,0.36288,3.6288,57.9544,1.06295,0,0,0.344967,0.333662,0,0.66528,12.849,1,0.611479,0.36288,0,15.7844,6.03298,9.50283,0.84672,12.849,0.84672,3695.15,0,0,0,0.227405,1.5487,1.67904,1.55421,1.90093,0.42336,0,0.42336,460.49,0,0.312467,0,0,0.539872,0.227405,1.028160,1,0,11.4038,0,0,0,11.4038,0
48.8991,2.52833,0,0,0.582712,0.0847145,0.36288,3.6288,56.7974,1.12583,0,0,0.300251,0.331411,0,0.66528,12.849,1,0.63336,0.36288,0,19.5955,6.03298,13.2921,0.84672,12.849,0.84672,3695.15,0,0,0,0.227405,1.65512,1.49796,1.55421,1.82627,0.42336,0,0.42336,460.49,0,0.24963,0,0,0.477035,0.227405,1.028160,1,0,15.1183,0,0,0,15.1183,0
46.5944,2.5039,0,0,0.644631,0.0825943,0.36288,3.6288,55.9255,0.95545,0,0,0.412454,0.328935,0,0.66528,12.849,1,0.657939,0.36288,0,16.8005,6.03298,10.4724,0.84672,12.849,0.84672,3695.15,0,0,0,0.204422,1.65518,1.79009,1.55421,2.09548,0.42336,0,0.42336,460.49,0,0.420058,0,0,0.62448,0.204422,1.028160,1,0,12.5679,0,0,0,12.5679,0
44.2691,2.47851,0,0,0.598698,0.0825405,0.36288,3.6288,54.9382,1.00497,0,0,0.33151,0.313748,0,0.66528,12.849,1,0.68348,0.36288,0,16.1184,5.66329,10.1345,0.84672,12.849,0.84672,3695.15,0,0,0,0.204422,1.65525,2.03379,1.41031,2.48315,0.42336,0,0.42336,460.49,0,0.370584,0,0,0.575007,0.204422,1.028160,1,0,12.6177,0,0,0,12.6177,0
42.0806,2.4508,0,0,0.687213,0.062012,0.36288,3.6288,54.0577,0.981367,0,0,0.422309,0.321462,0,0.66528,12.849,1,0.711338,0.36288,0,21.0654,5.99202,14.725,0.84672,12.849,0.84672,3695.15,0,0,0,0.204422,1.65531,2.81254,1.45304,3.21924,0.42336,0,0.42336,460.49,0,0.394233,0,0,0.598655,0.204422,1.028160,1,0,17.9442,0,0,0,17.9442,0
40.1282,2.2951,0,0,0.786853,0.0813056,0.36288,3.6288,53.3678,0.866215,0,0,0.486589,0.310291,0,0.66528,12.849,1,0.700792,0.36288,0,19.9178,6.27234,13.3075,0.84672,12.849,0.84672,3695.15,0,0,0,0.204422,1.65537,2.9493,1.53818,3.27091,0.42336,0,0.42336,460.49,0,0.439337,0,0,0.643759,0.204422,1.028160,1,0,16.5784,0,0,0,16.5784,0
38.5024,2.26938,0,0,1.10779,0.101381,0.36288,3.6288,52.813,0.793887,0,0,0.528106,0.289033,0,0.66528,12.849,1,0.726653,0.36288,0,22.2313,6.10669,15.7609,0.84672,12.849,0.84672,3695.15,0,0,0,0.216518,1.5701,2.62808,1.48129,2.93341,0.42336,0,0.42336,460.49,0,0.511708,0,0,0.728227,0.216518,1.028160,1,0,18.6943,0,0,0,18.6943,0
37.269,2.29198,0,0,1.52095,0.0994821,0.36288,3.6288,53.0408,0.338634,0,0,0.854166,0.287754,0,0.66528,12.849,1,0.764879,0.36288,0,42.7101,6.10669,36.2014,0.84672,12.849,0.84672,3695.15,0,0,0,0.216518,1.57016,4.66348,1.48129,4.96887,0.42336,0,0.42336,460.49,0,0.985461,0,0,1.20198,0.216518,1.028160,1,0,41.1703,0,0,0,41.1703,0
36.0763,2.04763,0,0,1.31131,0.0935043,0.36288,3.6288,52.9922,0.474703,0,0,0.697897,0.271779,0,0.66528,12.849,1,0.705947,0.36288,0,44.3616,5.45902,38.5596,0.84672,12.849,0.84672,3695.15,0,0,0,0.216518,1.59585,3.33348,1.30447,3.84137,0.42336,0,0.42336,460.49,0,0.757149,0,0,0.973668,0.216518,1.028160,1,0,42.4009,0,0,0,42.4009,0
35.7646,1.9723,0,0,2.17169,0.148191,0.36288,3.6288,53.1457,0.348705,0,0,0.722982,0.220772,0,0.66528,12.849,1,0.702458,0.36288,0,36.4156,3.9372,32.1388,0.84672,12.849,0.84672,3695.15,0,0,0,0.216518,1.46775,3.97107,0.986448,4.66888,0.42336,0,0.42336,460.49,0,0.840421,0,0,1.05694,0.216518,1.028160,1,0,36.8077,0,0,0,36.8077,0
35.0666,1.96789,0,0,1.80719,0.174425,0.36288,3.6288,52.8024,0.632178,0,0,0.506027,0.217171,0,0.66528,12.849,1,0.706995,0.36288,0,29.5858,3.97614,25.2655,0.84672,12.849,0.84672,3695.15,0,0,0,0.216518,1.41997,3.31544,1.03605,3.91588,0.42336,0,0.42336,460.49,0,0.556986,0,0,0.773505,0.216518,1.028160,1,0,29.1814,0,0,0,29.1814,0
35.2934,1.95768,0,0,2.7203,0.172961,0.36288,3.6288,53.6502,0.161042,0,0,1.22541,0.216575,0,0.66528,12.849,1,0.717329,0.36288,0,46.1352,3.97614,41.8046,0.84672,12.849,0.84672,3695.15,0,0,0,1.20745,1.42002,6.72276,1.03605,8.31418,0.42336,0,0.42336,460.49,0,1.02816,0,0,2.23561,1.20745,1.028160,1,0,50.1188,0,0,0,50.1188,0
39.3816,1.96116,0,0,6.58572,0.173437,0.36288,3.6288,56.0164,0.16108,0,0,2.74532,0.218047,0,0.66528,12.849,1,0.713984,0.36288,0,120.905,3.97614,116.577,0.84672,12.849,0.84672,3695.15,0,0,0,2.4896,1.42007,10.1701,1.03605,13.0437,0.42336,0,0.42336,460.49,0,1.02816,0,0,3.51776,2.4896,1.028160,1,0,129.621,0,0,0,129.621,0
46.056,1.84805,0,0,9.10431,0.218957,0.36288,3.6288,58.4293,0.0720343,0,0,2.68038,0.195358,0,0.66528,12.849,1,0.602962,0.36288,0,216.635,4.08293,212.312,0.84672,12.849,0.84672,3695.15,0,0,0,2.56103,1.42013,18.7593,0.986929,21.7536,0.42336,0,0.42336,460.49,0,1.02816,0,0,3.58919,2.56103,1.028160,1,0,234.066,0,0,0,234.066,0
50.2,1.91647,0,0,6.65979,0.236507,0.36288,3.6288,59.8788,0.0720684,0,0,1.71994,0.198441,0,0.66528,12.849,1,0.534667,0.36288,0,174.085,4.08293,169.83,0.84672,12.849,0.84672,3695.15,0,0,0,1.38515,1.30933,11.9182,0.986929,13.6257,0.42336,0,0.42336,460.49,0,1.02816,0,0,2.41331,1.38515,1.028160,1,0,183.456,0,0,0,183.456,0
55.164,1.9517,0,0,7.52604,0.247414,0.36288,3.6288,61.308,0.0721026,0,0,1.82758,0.200293,0.125954,0.66528,12.849,1,0.49955,0.36288,0,226.654,4.08293,222.434,0.84672,12.849,0.84672,3695.15,0,0,0,1.55646,1.30938,11.1485,0.986929,13.0274,0.42336,0,0.42336,460.49,0,1.02816,0,0,2.58462,1.55646,1.028160,1,0,235.588,0,0,0,235.588,0
59.178,1.98826,0,0,6.62543,0.260375,0.36288,3.6288,61.308,0.0721367,0,0,1.65662,0.202119,1.38237,0.66528,12.849,1,0.463112,0.36288,0,185.604,4.08293,181.42,0.84672,12.849,0.84672,3695.15,0,0,0,1.17873,1.30943,8.72424,0.986929,10.2255,0.42336,0,0.42336,460.49,0,1.02816,0,0,2.20689,1.17873,1.028160,1,0,193.028,0,0,0,193.028,0
61.0497,2.01416,0,0,4.4864,0.237639,0.36288,3.6288,61.308,0.0721709,0,0,1.10372,0.202843,0.828702,0.66528,12.849,1,0.437324,0.36288,0,101.753,3.98148,97.697,0.84672,12.849,0.84672,3695.15,0,0,0,0.718891,1.30948,6.56498,1.07968,7.51367,0.42336,0,0.42336,460.49,0,1.02816,0,0,1.74705,0.718891,1.028160,1,0,106.039,0,0,0,106.039,0
61.4916,2.09661,0,0,3.117,0.215625,0.36288,3.6288,61.308,0.141386,0,0,0.719928,0.186919,0.391623,0.66528,12.849,1,0.441268,0.36288,0,52.2423,3.91807,48.2458,0.84672,12.849,0.84672,3695.15,0,0,0,0.412474,1.30952,4.967,1.15911,5.52989,0.42336,0,0.42336,460.49,0,0.984779,0,0,1.39725,0.412474,1.028160,1,0,54.1673,0,0,0,54.1673,0
63.089,2.09932,0,0,4.28246,0.222828,0.36288,3.6288,61.308,0.0980352,0,0,1.52885,0.195658,1.23515,0.66528,12.849,1,0.438663,0.36288,0,99.6608,3.98184,95.6031,0.84672,12.849,0.84672,3695.15,0,0,0,1.21138,1.34567,14.9708,1.18136,16.3465,0.42336,0,0.42336,460.49,0,1.02816,0,0,2.23954,1.21138,1.028160,1,0,113.185,0,0,0,113.185,0
65.0621,2.10863,0,0,4.70935,0.264753,0.36288,3.6288,61.308,0.0980655,0,0,1.14893,0.248095,0.80277,0.66528,12.849,1,0.429453,0.36288,0,76.6155,4.36443,72.1845,0.84672,12.849,0.84672,3695.15,0,0,0,1.67385,1.34572,7.94214,1.3149,9.64681,0.42336,0,0.42336,460.49,0,1.02816,0,0,2.70201,1.67385,1.028160,1,0,82.634,0,0,0,82.634,0
65.5548,2.11959,0,0,3.23769,0.262506,0.36288,3.6288,61.308,0.0980958,0,0,1.05806,0.250793,0.709174,0.66528,12.849,1,0.418595,0.36288,0,44.537,4.32525,40.156,0.84672,12.849,0.84672,3695.15,0,0,0,0.743809,1.34576,4.80477,1.29995,5.59439,0.42336,0,0.42336,460.49,0,1.02816,0,0,1.77197,0.743809,1.028160,1,0,46.4596,0,0,0,46.4596,0
65.5035,2.35398,0,0,2.88986,0.224342,0.36288,3.6288,61.308,0.194998,0,0,0.896158,0.266985,0.434175,0.66528,12.849,1,0.461389,0.36288,0,38.56,4.09017,34.3713,0.84672,12.849,0.84672,3695.15,0,0,0,1.39569,1.3458,4.06236,1.21024,5.5936,0.42336,0,0.42336,460.49,0,1.02816,0,0,2.42385,1.39569,1.028160,1,0,40.3991,0,0,0,40.3991,0
66.9575,2.35377,0,0,4.3949,0.22425,0.36288,3.6288,61.308,0.195032,0,0,1.02604,0.266985,0.564026,0.66528,12.849,1,0.46171,0.36288,0,67.5163,4.09017,63.3273,0.84672,12.849,0.84672,3695.15,0,0,0,1.64021,1.47261,9.56394,1.21024,11.4665,0.42336,0,0.42336,460.49,0,1.02816,0,0,2.66837,1.64021,1.028160,1,0,75.3579,0,0,0,75.3579,0
68.6955,2.36228,0,0,4.68976,0.226598,0.36288,3.6288,61.308,0.195065,0,0,1.38707,0.235639,0.956361,0.66528,12.849,1,0.453317,0.36288,0,113.611,3.82683,109.694,0.84672,12.849,0.84672,3695.15,0,0,0,2.389,1.47266,7.6114,1.08316,10.3899,0.42336,0,0.42336,460.49,0,1.02816,0,0,3.41716,2.389,1.028160,1,0,121.04,0,0,0,121.04,0
70.673,2.37204,0,0,4.94778,0.23531,0.36288,3.6288,61.308,0.195099,0,0,0.995406,0.216382,0.583924,0.66528,12.849,1,0.443673,0.36288,0,88.5617,3.67613,84.8048,0.84672,12.849,0.84672,3695.15,0,0,0,2.26775,1.47271,5.98287,0.975036,8.74829,0.42336,0,0.42336,460.49,0,1.02816,0,0,3.29591,2.26775,1.028160,1,0,94.137,0,0,0,94.137,0
75.044,2.04819,0,0,7.0563,0.274248,0.36288,3.6288,61.308,0.0651114,0,0,1.0167,0.241898,0.709694,0.66528,12.849,1,0.37238,0.36288,0,83.0926,3.95692,79.1262,0.84672,12.849,0.84672,3695.15,0,0,0,3.87725,1.47275,7.27765,0.898137,11.7295,0.42336,0,0.42336,460.49,0,1.02816,0,0,4.90541,3.87725,1.028160,1,0,91.5654,0,0,0,91.5654,0
77.1701,2.25148,0,0,5.12893,0.388455,0.36288,3.6288,61.308,0.127964,0,0,1.02954,0.241898,0.659681,0.66528,12.849,1,0.385497,0.36288,0,66.1681,3.95692,62.1885,0.84672,12.849,0.84672,3695.15,0,0,0,2.78458,1.29828,6.48489,0.898137,9.66961,0.42336,0,0.42336,460.49,0,1.02816,0,0,3.81274,2.78458,1.028160,1,0,72.5178,0,0,0,72.5178,0
80.2807,2.07524,0,0,5.94556,0.396873,0.36288,3.6288,61.308,0.0651696,0,0,1.24058,0.241898,0.933516,0.66528,12.849,1,0.345532,0.36288,0,93.2671,3.95692,89.3275,0.84672,12.849,0.84672,3695.15,0,0,0,2.87805,1.38739,6.84928,0.898137,10.2166,0.42336,0,0.42336,460.49,0,1.02816,0,0,3.90621,2.87805,1.028160,1,0,100.478,0,0,0,100.478,0
82.6876,2.31996,0,0,5.4989,0.409189,0.36288,3.6288,61.308,0.143734,0,0,1.19403,0.241898,0.808399,0.66528,12.849,1,0.371311,0.36288,0,88.4883,3.95692,84.5229,0.84672,12.849,0.84672,3695.15,0,0,0,2.49616,1.29836,6.00839,0.898137,8.90476,0.42336,0,0.42336,460.49,0,1.02816,0,0,3.52432,2.49616,1.028160,1,0,94.2361,0,0,0,94.2361,0
85.0514,2.32941,0,0,5.53131,0.475209,0.36288,3.6288,61.308,0.143766,0,0,1.35746,0.205046,1.00864,0.66528,12.849,1,0.361972,0.36288,0,81.2886,3.66127,77.6282,0.84672,12.849,0.84672,3695.15,0,0,0,2.32737,1.40975,7.32551,0.770332,10.2923,0.42336,0,0.42336,460.49,0,1.02816,0,0,3.35553,2.32737,1.028160,1,0,88.9291,0,0,0,88.9291,0
87.5054,2.43328,0,0,5.75804,0.507862,0.36288,3.6288,61.308,0.178771,0,0,1.51474,0.190727,1.14524,0.66528,12.849,1,0.367603,0.36288,0,129.625,3.4944,126.126,0.84672,12.849,0.84672,3695.15,0,0,0,2.40246,1.40979,8.10536,0.716504,11.2011,0.42336,0,0.42336,460.49,0,1.02816,0,0,3.43062,2.40246,1.028160,1,0,138.472,0,0,0,138.472,0
90.297,2.44236,0,0,6.11622,0.519389,0.36288,3.6288,61.308,0.178804,0,0,1.99041,0.190727,1.62087,0.66528,12.849,1,0.358629,0.36288,0,93.1513,3.4944,89.6611,0.84672,12.849,0.84672,3695.15,0,0,0,3.31661,1.45736,8.15357,0.716504,12.211,0.42336,0,0.42336,460.49,0,1.02816,0,0,4.34477,3.31661,1.028160,1,0,103.493,0,0,0,103.493,0
92.2649,2.45217,0,0,5.22469,0.441685,0.36288,3.6288,61.308,0.178837,0,0,1.36265,0.216885,0.966926,0.66528,12.849,1,0.348937,0.36288,0,62.0195,3.72504,58.3084,0.84672,12.849,0.84672,3695.15,0,0,0,2.7781,1.45741,7.19332,0.730276,10.6985,0.42336,0,0.42336,460.49,0,1.02816,0,0,3.80626,2.7781,1.028160,1,0,69.9738,0,0,0,69.9738,0
93.1266,2.4588,0,0,4.08631,0.402974,0.36288,3.6288,61.308,0.178871,0,0,1.00881,0.203326,0.62661,0.66528,12.849,1,0.342418,0.36288,0,60.3204,3.8573,56.4836,0.84672,12.849,0.84672,3695.15,0,0,0,1.79544,1.45745,5.82652,0.797173,8.28224,0.42336,0,0.42336,460.49,0,1.02816,0,0,2.8236,1.79544,1.028160,1,0,65.3924,0,0,0,65.3924,0
93.0609,2.4241,0,0,3.20419,0.482853,0.36288,3.6288,61.308,0.165319,0,0,0.925258,0.173042,0.586897,0.66528,12.849,1,0.334461,0.36288,0,56.1288,3.99386,52.1634,0.84672,12.849,0.84672,3695.15,0,0,0,1.14748,1.4575,4.64098,0.89202,6.35394,0.42336,0,0.42336,460.49,0,1.02816,0,0,2.17564,1.14748,1.028160,1,0,59.1042,0,0,0,59.1042,0
92.6858,2.42399,0,0,2.85907,0.44735,0.36288,3.6288,61.308,0.165351,0,0,0.776053,0.203126,0.407576,0.66528,12.849,1,0.334682,0.36288,0,49.8725,4.30998,45.5907,0.84672,12.849,0.84672,3695.15,0,0,0,0.985979,1.43904,4.21387,0.916915,5.72197,0.42336,0,0.42336,460.49,0,1.02816,0,0,2.01414,0.985979,1.028160,1,0,51.7203,0,0,0,51.7203,0
92.2376,2.4229,0,0,2.69076,0.353175,0.36288,3.6288,61.308,0.165384,0,0,0.771811,0.229284,0.377142,0.66528,12.849,1,0.335885,0.36288,0,46.5092,4.54062,41.9956,0.84672,12.849,0.84672,3695.15,0,0,0,0.955299,1.43908,4.19353,0.930687,5.65722,0.42336,0,0.42336,460.49,0,1.02816,0,0,1.98346,0.955299,1.028160,1,0,48.0299,0,0,0,48.0299,0
91.6944,2.42156,0,0,2.59309,0.351807,0.36288,3.6288,61.308,0.165417,0,0,0.771379,0.229284,0.376678,0.66528,12.849,1,0.337332,0.36288,0,44.4676,4.54062,39.9525,0.84672,12.849,0.84672,3695.15,0,0,0,1.02491,1.43913,4.60793,0.930687,6.14128,0.42336,0,0.42336,460.49,0,1.02816,0,0,2.05307,1.02491,1.028160,1,0,46.4705,0,0,0,46.4705,0
90.5938,2.54729,0,0,2.09484,0.285294,0.36288,3.6288,61.308,0.213633,0,0,0.599952,0.20657,0.179749,0.66528,12.849,1,0.356947,0.36288,0,34.8647,4.18026,30.6904,0.84672,12.849,0.84672,3695.15,0,0,0,0.499435,1.43917,2.82829,0.959134,3.80776,0.42336,0,0.42336,460.49,0,1.02816,0,0,1.5276,0.499435,1.028160,1,0,34.6779,0,0,0,34.6779,0
89.4581,2.54359,0,0,2.05329,0.282558,0.36288,3.6288,61.308,0.213668,0,0,0.648899,0.20657,0.228661,0.66528,12.849,1,0.36076,0.36288,0,33.3992,4.18026,29.2211,0.84672,12.849,0.84672,3695.15,0,0,0,0.470595,1.50366,3.04756,0.959134,4.06268,0.42336,0,0.42336,460.49,0,1.02816,0,0,1.49875,0.470595,1.028160,1,0,33.5124,0,0,0,33.5124,0
88.1922,2.53969,0,0,1.9164,0.279734,0.36288,3.6288,61.308,0.213703,0,0,0.592998,0.20657,0.172726,0.66528,12.849,1,0.364779,0.36288,0,31.2218,4.18026,27.0397,0.84672,12.849,0.84672,3695.15,0,0,0,0.363044,1.50371,2.69867,0.959134,3.60629,0.42336,0,0.42336,460.49,0,1.02816,0,0,1.3912,0.363044,1.028160,1,0,30.8187,0,0,0,30.8187,0
86.8865,2.53522,0,0,1.80594,0.213532,0.36288,3.6288,61.308,0.213737,0,0,0.56486,0.240245,0.110878,0.66528,12.849,1,0.369365,0.36288,0,29.2752,4.95924,24.3094,0.84672,12.849,0.84672,3695.15,0,0,0,0.374976,1.50376,2.63748,1.06972,3.44649,0.42336,0,0.42336,460.49,0,1.02816,0,0,1.40314,0.374976,1.028160,1,0,27.8668,0,0,0,27.8668,0
85.9172,2.53049,0,0,2.11342,0.189325,0.36288,3.6288,61.308,0.213772,0,0,0.689439,0.270617,0.205051,0.66528,12.849,1,0.374215,0.36288,0,36.3457,5.49645,30.8379,0.84672,12.849,0.84672,3695.15,0,0,0,0.664978,1.50381,3.16289,1.19713,4.13455,0.42336,0,0.42336,460.49,0,1.02816,0,0,1.69314,0.664978,1.028160,1,0,35.1775,0,0,0,35.1775,0
85.0377,2.50193,0,0,2.14344,0.158123,0.36288,3.6288,61.308,0.240294,0,0,0.684055,0.30803,0.135731,0.66528,12.849,1,0.374166,0.36288,0,37.9784,5.51562,32.4515,0.84672,12.849,0.84672,3695.15,0,0,0,0.756536,1.50386,3.41172,1.33208,4.34003,0.42336,0,0.42336,460.49,0,1.02816,0,0,1.7847,0.756536,1.028160,1,0,36.9273,0,0,0,36.9273,0
84.0632,2.49867,0,0,2.03734,0.150324,0.36288,3.6288,61.308,0.240329,0,0,0.664191,0.313925,0.109937,0.66528,12.849,1,0.377543,0.36288,0,34.9083,5.52195,29.3717,0.84672,12.849,0.84672,3695.15,0,0,0,0.695373,1.51899,3.3057,1.35161,4.16845,0.42336,0,0.42336,460.49,0,1.02816,0,0,1.72353,0.695373,1.028160,1,0,33.6501,0,0,0,33.6501,0
82.9536,2.49498,0,0,1.89726,0.148968,0.36288,3.6288,61.308,0.240365,0,0,0.579609,0.313925,0.0253194,0.66528,12.849,1,0.381355,0.36288,0,32.4457,5.52195,26.9053,0.84672,12.849,0.84672,3695.15,0,0,0,0.621726,1.51904,3.13139,1.35161,3.92054,0.42336,0,0.42336,460.49,0,1.02816,0,0,1.64989,0.621726,1.028160,1,0,30.8511,0,0,0,30.8511,0
81.6916,2.49066,0,0,1.73639,0.144818,0.36288,3.6288,61.308,0.2404,0,0,0.584898,0.314132,0.0303658,0.66528,12.849,1,0.385788,0.36288,0,28.7943,5.6535,23.1179,0.84672,12.849,0.84672,3695.15,0,0,0,0.467916,1.51909,2.83061,1.36987,3.44775,0.42336,0,0.42336,460.49,0,1.02816,0,0,1.49608,0.467916,1.028160,1,0,26.596,0,0,0,26.596,0
80.1154,2.54972,0,0,1.47302,0.136653,0.36288,3.6288,61.308,0.264045,0,0,0.58873,0.314648,0.0100362,0.66528,12.849,1,0.401037,0.36288,0,32.0605,5.98238,26.04,0.84672,12.849,0.84672,3695.15,0,0,0,0.416033,1.51914,2.51935,1.41551,3.03901,0.42336,0,0.42336,460.49,0,1.02816,0,0,1.44419,0.416033,1.028160,1,0,29.0891,0,0,0,29.0891,0
78.4487,2.54302,0,0,1.3738,0.134596,0.36288,3.6288,61.2507,0.264082,0,0,0.521455,0.314648,0,0.66528,12.849,1,0.407853,0.36288,0,25.363,5.98238,19.3356,0.84672,12.849,0.84672,3695.15,0,0,0,0.397423,1.55133,2.29959,1.41551,2.83283,0.42336,0,0.42336,460.49,0,1.02816,0,0,1.42558,0.397423,1.028160,1,0,22.1685,0,0,0,22.1685,0
76.6673,2.53568,0,0,1.24959,0.132422,0.36288,3.6288,61.1088,0.317211,0,0,0.489808,0.314534,0,0.66528,12.849,1,0.415315,0.36288,0,23.322,5.98238,17.2872,0.84672,12.849,0.84672,3695.15,0,0,0,0.227405,1.55138,2.10462,1.41551,2.46789,0.42336,0,0.42336,460.49,0,0.975067,0,0,1.20247,0.227405,1.028160,1,0,19.7551,0,0,0,19.7551,0
75.0749,2.52752,0,0,1.41378,0.115832,0.36288,3.6288,61.1321,0.264155,0,0,0.595502,0.308069,0,0.66528,12.849,1,0.423597,0.36288,0,23.9839,6.12387,17.7993,0.84672,12.849,0.84672,3695.15,0,0,0,0.598294,1.55143,3.08547,1.45239,3.78281,0.42336,0,0.42336,460.49,0,1.02816,0,0,1.62645,0.598294,1.028160,1,0,21.5821,0,0,0,21.5821,0
72.9272,2.70549,0,0,1.0771,0.156445,0.36288,3.6288,61.0835,0.349422,0,0,0.570472,0.269641,0,0.66528,12.849,1,0.463042,0.36288,0,19.7467,5.51623,14.1303,0.84672,12.849,0.84672,3695.15,0,0,0,0.407687,1.55148,2.39599,1.24809,3.10707,0.42336,0,0.42336,460.49,0,1.02816,0,0,1.43585,0.407687,1.028160,1,0,17.2374,0,0,0,17.2374,0
70.637,2.694,0,0,0.928506,0.161751,0.36288,3.6288,60.9997,0.349461,0,0,0.532874,0.267232,0,0.66528,12.849,1,0.474655,0.36288,0,19.0506,5.39963,13.5392,0.84672,12.849,0.84672,3695.15,0,0,0,0.263883,1.6581,2.24326,1.20739,2.95785,0.42336,0,0.42336,460.49,0,1.02816,0,0,1.29204,0.263883,1.028160,1,0,16.497,0,0,0,16.497,0
68.5348,2.68109,0,0,1.05848,0.116682,0.36288,3.6288,60.9299,0.349501,0,0,0.546864,0.26709,0,0.66528,12.849,1,0.487695,0.36288,0,19.299,5.39963,13.7746,0.84672,12.849,0.84672,3695.15,0,0,0,0.371805,1.65816,3.16735,1.20739,3.98992,0.42336,0,0.42336,460.49,0,1.02816,0,0,1.39997,0.371805,1.028160,1,0,17.7645,0,0,0,17.7645,0
66.4363,2.6686,0,0,1.04776,0.114797,0.36288,3.6288,60.8699,0.34954,0,0,0.556463,0.266972,0,0.66528,12.849,1,0.500313,0.36288,0,17.8549,5.39963,12.3178,0.84672,12.849,0.84672,3695.15,0,0,0,0.330117,1.65821,2.51494,1.20739,3.29588,0.42336,0,0.42336,460.49,0,1.02816,0,0,1.35828,0.330117,1.028160,1,0,15.6137,0,0,0,15.6137,0
64.1875,2.90886,0,0,1.16303,0.140119,0.36288,3.6288,60.9785,0.107047,0,0,0.463562,0.247939,0,0.66528,12.849,1,0.562583,0.36288,0,23.9128,5.04116,18.6719,0.84672,12.849,0.84672,3695.15,0,0,0,0.204422,1.65827,2.7811,1.05148,3.59231,0.42336,0,0.42336,460.49,0,0.968293,0,0,1.17272,0.204422,1.028160,1,0,22.2642,0,0,0,22.2642,0
62.6043,2.55233,0,0,1.50223,0.170254,0.36288,3.6288,61.1709,0.297878,0,0,0.720368,0.230084,0,0.66528,12.849,1,0.510923,0.36288,0,29.8207,4.64898,25.0237,0.84672,12.849,0.84672,3695.15,0,0,0,0.657219,1.48136,4.43165,0.925606,5.64461,0.42336,0,0.42336,460.49,0,1.02816,0,0,1.68538,0.657219,1.028160,1,0,30.6683,0,0,0,30.6683,0
60.8237,2.79261,0,0,1.54301,0.168075,0.36288,3.6288,61.308,0,0,0,0.945475,0.230365,0.57797,0.66528,12.849,1,0.57316,0.36288,0,30.1944,4.64898,25.3351,0.84672,12.849,0.84672,3695.15,0,0,0,1.13702,1.59855,5.05694,0.925606,6.8669,0.42336,0,0.42336,460.49,0,1.02368,0,0,2.16069,1.13702,1.028160,1,0,32.78,0,0,0,32.78,0
58.9177,2.77886,0,0,1.40138,0.165624,0.36288,3.6288,61.308,0,0,0,0.732542,0.230565,0.501978,0.66528,12.849,1,0.587034,0.36288,0,27.0365,4.64898,22.1634,0.84672,12.849,0.84672,3695.15,0,0,0,0.678384,1.42164,3.97822,0.925606,5.15263,0.42336,0,0.42336,460.49,0,1.02371,0,0,1.7021,0.678384,1.028160,1,0,27.818,0,0,0,27.818,0
57.3681,2.76337,0,0,1.7624,0.185807,0.36288,3.6288,61.308,0,0,0,1.05012,0.227082,0.823039,0.66528,12.849,1,0.602647,0.36288,0,39.4695,4.5339,34.6958,0.84672,12.849,0.84672,3695.15,0,0,0,1.61095,1.42169,6.30167,0.962705,8.3716,0.42336,0,0.42336,460.49,0,1.02375,0,0,2.6347,1.61095,1.028160,1,0,43.8905,0,0,0,43.8905,0
55.2432,2.67913,0,0,1.11768,0.200519,0.36288,3.6288,61.308,0.268042,0,0,0.521732,0.22049,0.0332005,0.66528,12.849,1,0.600058,0.36288,0,31.5277,3.70713,27.5834,0.84672,12.849,0.84672,3695.15,0,0,0,0.216518,1.42174,4.2109,1.01168,4.83748,0.42336,0,0.42336,460.49,0,0.708642,0,0,0.925161,0.216518,1.028160,1,0,32.4541,0,0,0,32.4541,0
53.7681,2.6605,0,0,1.74464,0.196339,0.36288,3.6288,61.308,0.0532927,0,0,0.61678,0.22049,0.342998,0.66528,12.849,1,0.618806,0.36288,0,42.2493,3.70713,38.2863,0.84672,12.849,0.84672,3695.15,0,0,0,0.216518,1.36911,5.58016,1.01168,6.1541,0.42336,0,0.42336,460.49,0,0.923428,0,0,1.13995,0.216518,1.028160,1,0,44.7834,0,0,0,44.7834,0
54.7955,2.6469,0,0,4.23058,0.193437,0.36288,3.6288,61.308,0,0,0,1.52448,0.22049,1.30399,0.66528,12.849,1,0.632531,0.36288,0,96.6641,3.70713,92.6873,0.84672,12.849,0.84672,3695.15,0,0,0,1.98573,1.36916,9.25177,1.01168,11.595,0.42336,0,0.42336,460.49,0,0.976756,0,0,2.96248,1.98573,1.028160,1,0,105.586,0,0,0,105.586,0
54.8582,2.6566,0,0,3.29567,0.213483,0.36288,3.6288,61.308,0,0,0,1.10894,0.227429,0.881506,0.66528,12.849,1,0.622947,0.36288,0,55.4578,3.5229,51.6749,0.84672,12.849,0.84672,3695.15,0,0,0,1.00977,1.36921,5.50901,0.948045,6.93994,0.42336,0,0.42336,460.49,0,0.976792,0,0,1.98656,1.00977,1.028160,1,0,59.4963,0,0,0,59.4963,0
53.8709,2.45715,0,0,2.06435,0.231567,0.36288,3.6288,61.308,0,0,0,0.768657,0.238537,0.530119,0.66528,12.849,1,0.57552,0.36288,0,31.8728,4.08702,27.5731,0.84672,12.849,0.84672,3695.15,0,0,0,1.81022,1.36926,6.41015,0.994964,8.59467,0.42336,0,0.42336,460.49,0,0.878709,0,0,2.68893,1.81022,1.028160,1,0,36.6979,0,0,0,36.6979,0
53.4129,2.44873,0,0,2.59165,0.238028,0.36288,3.6288,61.308,0,0,0,0.556348,0.213784,0.342563,0.66528,12.849,1,0.584057,0.36288,0,43.1467,4.23381,38.6917,0.84672,12.849,0.84672,3695.15,0,0,0,1.33163,1.24721,5.18749,1.09061,6.67572,0.42336,0,0.42336,460.49,0,0.878741,0,0,2.21037,1.33163,1.028160,1,0,45.71,0,0,0,45.71,0
53.2212,2.44478,0,0,2.85288,0.236921,0.36288,3.6288,61.308,0,0,0,0.558661,0.213784,0.344876,0.66528,12.849,1,0.588116,0.36288,0,47.4726,4.23381,43.0135,0.84672,12.849,0.84672,3695.15,0,0,0,0.545625,1.24726,4.20682,1.09061,4.90909,0.42336,0,0.42336,460.49,0,0.878774,0,0,1.4244,0.545625,1.028160,1,0,48.2675,0,0,0,48.2675,0
53.241,2.44317,0,0,3.06223,0.236457,0.36288,3.6288,61.308,0,0,0,1.38018,0.213784,1.1664,0.66528,12.849,1,0.589844,0.36288,0,50.9123,4.23381,46.4515,0.84672,12.849,0.84672,3695.15,0,0,0,1.27419,1.24731,5.81163,1.09061,7.24251,0.42336,0,0.42336,460.49,0,0.878806,0,0,2.15299,1.27419,1.028160,1,0,54.8605,0,0,0,54.8605,0
52.7853,2.44343,0,0,2.61183,0.26117,0.36288,3.6288,61.308,0,0,0,1.70706,0.184065,1.523,0.66528,12.849,1,0.58969,0.36288,0,43.9729,3.77004,39.9761,0.84672,12.849,0.84672,3695.15,0,0,0,1.60083,1.24735,7.69573,0.945475,9.59844,0.42336,0,0.42336,460.49,0,0.878838,0,0,2.47967,1.60083,1.028160,1,0,51.0975,0,0,0,51.0975,0
53.0852,2.51584,0,0,3.47126,0.292687,0.36288,3.6288,61.308,0,0,0,2.86977,0.14444,2.72533,0.66528,12.849,1,0.612407,0.36288,0,92.3694,3.15168,88.9682,0.84672,12.849,0.84672,3695.15,0,0,0,3.06751,1.2474,14.8403,0.751961,18.4033,0.42336,0,0.42336,460.49,0,0.907287,0,0,3.9748,3.06751,1.028160,1,0,110.097,0,0,0,110.097,0
52.7662,2.51871,0,0,2.85623,0.293589,0.36288,3.6288,61.308,0,0,0,2.46394,0.14444,2.3195,0.66528,12.849,1,0.60964,0.36288,0,59.6983,3.15168,56.2999,0.84672,12.849,0.84672,3695.15,0,0,0,2.4553,1.2872,10.7241,0.751961,13.7147,0.42336,0,0.42336,460.49,0,0.907314,0,0,3.36262,2.4553,1.028160,1,0,72.3341,0,0,0,72.3341,0
52.7592,2.51582,0,0,3.16429,0.29263,0.36288,3.6288,61.308,0,0,0,2.56929,0.14444,2.42485,0.66528,12.849,1,0.612622,0.36288,0,71.322,3.15168,67.9206,0.84672,12.849,0.84672,3695.15,0,0,0,2.5635,1.28724,12.3356,0.751961,15.4344,0.42336,0,0.42336,460.49,0,0.907342,0,0,3.47084,2.5635,1.028160,1,0,85.7798,0,0,0,85.7798,0
53.2707,2.51583,0,0,3.71066,0.320402,0.36288,3.6288,61.308,0,0,0,2.38972,0.134651,2.25507,0.66528,12.849,1,0.612707,0.36288,0,74.6238,3.39801,70.9759,0.84672,12.849,0.84672,3695.15,0,0,0,2.26578,1.28728,11.6639,0.740445,14.4765,0.42336,0,0.42336,460.49,0,0.90737,0,0,3.17315,2.26578,1.028160,1,0,87.7075,0,0,0,87.7075,0
55.2392,2.76651,0,0,5.39238,0.294497,0.36288,3.6288,61.308,0,0,0,3.03538,0.170026,2.86535,0.66528,12.849,1,0.667287,0.36288,0,129.997,4.19328,125.499,0.84672,12.849,0.84672,3695.15,0,0,0,4.25349,1.28732,17.4404,0.92835,22.0529,0.42336,0,0.42336,460.49,0,1.01409,0,0,5.26758,4.25349,1.028160,1,0,150.417,0,0,0,150.417,0
55.1922,2.78589,0,0,3.40219,0.300422,0.36288,3.6288,61.308,0,0,0,2.70952,0.170026,2.5395,0.66528,12.849,1,0.648015,0.36288,0,80.25,4.19328,75.7716,0.84672,12.849,0.84672,3695.15,0,0,0,3.06291,1.42698,9.8464,0.92835,13.4079,0.42336,0,0.42336,460.49,0,1.01412,0,0,4.07703,3.06291,1.028160,1,0,91.7191,0,0,0,91.7191,0
54.2392,2.78552,0,0,2.49571,0.300281,0.36288,3.6288,61.308,0,0,0,1.78095,0.170026,1.61092,0.66528,12.849,1,0.648483,0.36288,0,53.3265,4.19328,48.8476,0.84672,12.849,0.84672,3695.15,0,0,0,0.980617,1.42702,5.86848,0.92835,7.34777,0.42336,0,0.42336,460.49,0,1.01415,0,0,1.99477,0.980617,1.028160,1,0,57.8063,0,0,0,57.8063,0
52.8951,2.7764,0,0,2.09256,0.297412,0.36288,3.6288,61.308,0.0226478,0,0,1.55697,0.170026,1.3643,0.66528,12.849,1,0.657715,0.36288,0,38.1579,4.19328,33.6698,0.84672,12.849,0.84672,3695.15,0,0,0,0.608429,1.42707,4.86751,0.92835,5.97465,0.42336,0,0.42336,460.49,0,0.991535,0,0,1.59996,0.608429,1.028160,1,0,41.0087,0,0,0,41.0087,0
55.3539,2.4128,0,0,5.4786,0.244087,0.36288,3.6288,61.308,0,0,0,2.81589,0.243684,2.5722,0.66528,12.849,1,0.586106,0.36288,0,77.8982,4.80126,72.8738,0.84672,12.849,0.84672,3695.15,0,0,0,2.40337,1.42711,10.7118,1.2053,13.337,0.42336,0,0.42336,460.49,0,0.871016,0,0,3.27439,2.40337,1.028160,1,0,88.7829,0,0,0,88.7829,0
59.6591,2.43401,0,0,7.35357,0.251554,0.36288,3.6288,61.308,0,0,0,3.21189,0.23493,2.97696,0.66528,12.849,1,0.564993,0.36288,0,106.171,4.65003,101.319,0.84672,12.849,0.84672,3695.15,0,0,0,2.90624,1.23494,13.6143,1.16193,16.5936,0.42336,0,0.42336,460.49,0,0.871043,0,0,3.77729,2.90624,1.028160,1,0,120.889,0,0,0,120.889,0
63.7017,2.46763,0,0,7.13559,0.262393,0.36288,3.6288,61.308,0,0,0,2.80748,0.23493,2.57255,0.66528,12.849,1,0.531463,0.36288,0,103.213,4.65003,98.3948,0.84672,12.849,0.84672,3695.15,0,0,0,2.88997,1.23498,11.3056,1.16193,14.2686,0.42336,0,0.42336,460.49,0,0.87107,0,0,3.76104,2.88997,1.028160,1,0,115.236,0,0,0,115.236,0
67.1061,2.49577,0,0,6.53448,0.271506,0.36288,3.6288,61.308,0,0,0,3.05007,0.23493,2.81514,0.66528,12.849,1,0.503412,0.36288,0,94.1276,4.65003,89.3371,0.84672,12.849,0.84672,3695.15,0,0,0,2.92559,1.23502,14.0104,1.16193,17.009,0.42336,0,0.42336,460.49,0,0.871097,0,0,3.79668,2.92559,1.028160,1,0,109.161,0,0,0,109.161,0
70.0034,2.51729,0,0,6.0725,0.29496,0.36288,3.6288,61.308,0,0,0,3.16668,0.242606,2.92408,0.66528,12.849,1,0.481992,0.36288,0,93.2723,4.7895,88.3636,0.84672,12.849,0.84672,3695.15,0,0,0,2.6285,1.23506,10.6232,1.17281,13.314,0.42336,0,0.42336,460.49,0,0.871124,0,0,3.49962,2.6285,1.028160,1,0,104.602,0,0,0,104.602,0
72.1154,2.62682,0,0,5.40936,0.307662,0.36288,3.6288,61.308,0,0,0,1.7919,0.266166,1.52574,0.66528,12.849,1,0.482147,0.36288,0,73.8202,5.09313,68.6078,0.84672,12.849,0.84672,3695.15,0,0,0,1.61575,1.23509,7.32308,1.25382,8.92011,0.42336,0,0.42336,460.49,0,0.906187,0,0,2.52194,1.61575,1.028160,1,0,79.0536,0,0,0,79.0536,0
74.2735,2.63888,0,0,5.42729,0.267472,0.36288,3.6288,61.308,0,0,0,2.50576,0.261171,2.24458,0.66528,12.849,1,0.470177,0.36288,0,83.0148,5.38968,77.5179,0.84672,12.849,0.84672,3695.15,0,0,0,1.9024,1.28274,10.6374,1.2731,12.5494,0.42336,0,0.42336,460.49,0,0.906215,0,0,2.80861,1.9024,1.028160,1,0,92.3119,0,0,0,92.3119,0
75.2212,2.65061,0,0,4.25178,0.290581,0.36288,3.6288,61.308,0,0,0,1.60612,0.273964,1.33216,0.66528,12.849,1,0.458544,0.36288,0,79.78,5.24381,74.4406,0.84672,12.849,0.84672,3695.15,0,0,0,1.43318,1.28278,5.73672,1.35786,7.09483,0.42336,0,0.42336,460.49,0,0.906243,0,0,2.33943,1.43318,1.028160,1,0,82.8675,0,0,0,82.8675,0
75.9758,2.65563,0,0,4.06997,0.296824,0.36288,3.6288,61.308,0,0,0,1.56709,0.262372,1.30472,0.66528,12.849,1,0.453624,0.36288,0,63.2105,4.98416,58.1356,0.84672,12.849,0.84672,3695.15,0,0,0,1.34662,1.28282,4.85093,1.30454,6.17582,0.42336,0,0.42336,460.49,0,0.906271,0,0,2.25289,1.34662,1.028160,1,0,65.6161,0,0,0,65.6161,0
76.8623,2.62291,0,0,4.17994,0.307701,0.36288,3.6288,61.308,0,0,0,1.77029,0.233392,1.5369,0.66528,12.849,1,0.443585,0.36288,0,69.0085,4.33503,64.5928,0.84672,12.849,0.84672,3695.15,0,0,0,2.16002,1.28286,6.59021,1.17125,8.86184,0.42336,0,0.42336,460.49,0,0.892689,0,0,3.05271,2.16002,1.028160,1,0,74.9916,0,0,0,74.9916,0
76.9261,2.62737,0,0,3.36449,0.310455,0.36288,3.6288,61.308,0,0,0,1.41066,0.233392,1.17727,0.66528,12.849,1,0.439215,0.36288,0,57.5125,4.33503,53.1011,0.84672,12.849,0.84672,3695.15,0,0,0,1.37677,1.26435,5.91531,1.17125,7.38518,0.42336,0,0.42336,460.49,0,0.892717,0,0,2.26949,1.37677,1.028160,1,0,61.6636,0,0,0,61.6636,0
76.9996,2.62776,0,0,3.37478,0.310654,0.36288,3.6288,61.308,0,0,0,1.3245,0.233392,1.09111,0.66528,12.849,1,0.438917,0.36288,0,52.5364,4.33503,48.1253,0.84672,12.849,0.84672,3695.15,0,0,0,1.22025,1.26439,5.75172,1.17125,7.0651,0.42336,0,0.42336,460.49,0,0.892744,0,0,2.11299,1.22025,1.028160,1,0,56.2815,0,0,0,56.2815,0
76.6439,2.6282,0,0,2.86324,0.227775,0.36288,3.6288,61.308,0,0,0,1.15168,0.262112,0.889565,0.66528,12.849,1,0.438571,0.36288,0,48.572,4.24241,44.2539,0.84672,12.849,0.84672,3695.15,0,0,0,1.55802,1.26443,5.1135,1.12007,6.81588,0.42336,0,0.42336,460.49,0,0.892772,0,0,2.4508,1.55802,1.028160,1,0,51.9594,0,0,0,51.9594,0
76.2873,2.75114,0,0,2.95109,0.193701,0.36288,3.6288,61.308,0,0,0,1.25352,0.285775,0.967742,0.66528,12.849,1,0.461215,0.36288,0,43.3769,4.87991,38.3986,0.84672,12.849,0.84672,3695.15,0,0,0,1.59824,1.26447,5.16436,1.24905,6.77802,0.42336,0,0.42336,460.49,0,0.941069,0,0,2.5393,1.59824,1.028160,1,0,46.1444,0,0,0,46.1444,0
75.6677,2.74938,0,0,2.68565,0.192985,0.36288,3.6288,61.308,0,0,0,1.1852,0.287804,0.897397,0.66528,12.849,1,0.463075,0.36288,0,40.5093,4.99233,35.4168,0.84672,12.849,0.84672,3695.15,0,0,0,1.37583,1.32906,4.71289,1.27395,6.14383,0.42336,0,0.42336,460.49,0,0.941098,0,0,2.31693,1.37583,1.028160,1,0,42.458,0,0,0,42.458,0
74.823,2.74622,0,0,2.45616,0.191782,0.36288,3.6288,61.308,0,0,0,1.10935,0.287804,0.821546,0.66528,12.849,1,0.466331,0.36288,0,37.9939,4.99233,32.8981,0.84672,12.849,0.84672,3695.15,0,0,0,1.19172,1.32911,4.30843,1.27395,5.5553,0.42336,0,0.42336,460.49,0,0.941127,0,0,2.13284,1.19172,1.028160,1,0,39.2749,0,0,0,39.2749,0
73.8596,2.74181,0,0,2.33144,0.190141,0.36288,3.6288,61.308,0,0,0,1.01246,0.287804,0.724657,0.66528,12.849,1,0.470838,0.36288,0,34.4306,4.99233,29.3303,0.84672,12.849,0.84672,3695.15,0,0,0,0.961294,1.32915,4.04393,1.27395,5.06041,0.42336,0,0.42336,460.49,0,0.941156,0,0,1.90245,0.961294,1.028160,1,0,35.1154,0,0,0,35.1154,0
72.7027,2.73666,0,0,2.0889,0.146262,0.36288,3.6288,61.308,0,0,0,0.891328,0.238357,0.652972,0.66528,12.849,1,0.476084,0.36288,0,32.3384,4.76976,27.4554,0.84672,12.849,0.84672,3695.15,0,0,0,0.957498,1.32919,3.8031,1.16464,4.92515,0.42336,0,0.42336,460.49,0,0.941185,0,0,1.89868,0.957498,1.028160,1,0,33.0336,0,0,0,33.0336,0
71.3404,2.70586,0,0,1.83701,0.130591,0.36288,3.6288,61.308,0,0,0,0.8168,0.193008,0.623791,0.66528,12.849,1,0.478215,0.36288,0,32.0524,4.50912,27.428,0.84672,12.849,0.84672,3695.15,0,0,0,0.936249,1.32923,3.52046,1.05871,4.72723,0.42336,0,0.42336,460.49,0,0.967748,0,0,1.904,0.936249,1.028160,1,0,32.779,0,0,0,32.779,0
69.8517,2.6982,0,0,1.66735,0.0949353,0.36288,3.6288,61.308,0,0,0,0.76629,0.193008,0.573282,0.66528,12.849,1,0.485969,0.36288,0,28.5613,4.50912,23.9291,0.84672,12.849,0.84672,3695.15,0,0,0,0.721498,1.34438,3.40558,1.05871,4.41274,0.42336,0,0.42336,460.49,0,0.967777,0,0,1.68928,0.721498,1.028160,1,0,28.9151,0,0,0,28.9151,0
68.32,2.68954,0,0,1.58187,0.0611525,0.36288,3.6288,61.308,0,0,0,0.718805,0.269792,0.449013,0.66528,12.849,1,0.494732,0.36288,0,25.6907,5.49717,20.0617,0.84672,12.849,0.84672,3695.15,0,0,0,0.728069,1.34442,3.22752,1.41937,3.88063,0.42336,0,0.42336,460.49,0,0.967807,0,0,1.69588,0.728069,1.028160,1,0,24.3913,0,0,0,24.3913,0
66.6895,2.68028,0,0,1.4708,0.0581961,0.36288,3.6288,61.308,0,0,0,0.693023,0.273565,0.419458,0.66528,12.849,1,0.504083,0.36288,0,24.8576,5.51709,19.1993,0.84672,12.849,0.84672,3695.15,0,0,0,0.71914,1.34446,3.14055,1.42642,3.77773,0.42336,0,0.42336,460.49,0,0.967837,0,0,1.68698,0.71914,1.028160,1,0,23.3965,0,0,0,23.3965,0
65.3474,2.73234,0,0,1.79743,0.0442314,0.36288,3.6288,61.308,0,0,0,0.754998,0.296208,0.45879,0.66528,12.849,1,0.526438,0.36288,0,27.733,5.63661,21.9328,0.84672,12.849,0.84672,3695.15,0,0,0,0.796393,1.3445,3.17319,1.46874,3.84534,0.42336,0,0.42336,460.49,0,0.991517,0,0,1.78791,0.796393,1.028160,1,0,26.237,0,0,0,26.237,0
63.9002,2.72339,0,0,1.68283,0.043761,0.36288,3.6288,61.308,0,0,0,0.728041,0.296208,0.431833,0.66528,12.849,1,0.53549,0.36288,0,26.0149,5.63661,20.2056,0.84672,12.849,0.84672,3695.15,0,0,0,0.80908,1.37674,3.28215,1.46874,3.99923,0.42336,0,0.42336,460.49,0,0.991548,0,0,1.80063,0.80908,1.028160,1,0,24.6367,0,0,0,24.6367,0
62.2687,2.71338,0,0,1.48794,0.0432537,0.36288,3.6288,61.308,0,0,0,0.685385,0.296208,0.389178,0.66528,12.849,1,0.545604,0.36288,0,24.5746,5.63661,18.7552,0.84672,12.849,0.84672,3695.15,0,0,0,0.622503,1.37678,3.07905,1.46874,3.6096,0.42336,0,0.42336,460.49,0,0.991578,0,0,1.61408,0.622503,1.028160,1,0,22.754,0,0,0,22.754,0
60.5151,2.70161,0,0,1.34459,0.0336245,0.36288,3.6288,61.308,0,0,0,0.678612,0.301388,0.377224,0.66528,12.849,1,0.557472,0.36288,0,23.295,5.78616,17.3142,0.84672,12.849,0.84672,3695.15,0,0,0,0.574305,1.37683,3.07225,1.49862,3.52476,0.42336,0,0.42336,460.49,0,0.991609,0,0,1.56591,0.574305,1.028160,1,0,21.2162,0,0,0,21.2162,0
58.5395,2.86792,0,0,1.29163,0.0364614,0.36288,3.6288,61.308,0.0488553,0,0,0.604628,0.321817,0.233956,0.66528,12.849,1,0.608936,0.36288,0,19.7991,6.15022,13.4028,0.84672,12.849,0.84672,3695.15,0,0,0,0.401129,1.37687,3.32962,1.54007,3.56755,0.42336,0,0.42336,460.49,0,1.02816,0,0,1.42929,0.401129,1.028160,1,0,17.2043,0,0,0,17.2043,0
56.782,2.85115,0,0,1.49118,0.0346468,0.36288,3.6288,61.308,0.0488884,0,0,0.67377,0.333046,0.291835,0.66528,12.849,1,0.625807,0.36288,0,21.2294,6.33118,14.6353,0.84672,12.849,0.84672,3695.15,0,0,0,0.615367,1.48366,3.38825,1.58929,3.89798,0.42336,0,0.42336,460.49,0,1.02816,0,0,1.64353,0.615367,1.028160,1,0,18.8251,0,0,0,18.8251,0
54.746,2.83544,0,0,1.19642,0.0340562,0.36288,3.6288,61.308,0.0489217,0,0,0.529806,0.333046,0.147838,0.66528,12.849,1,0.641623,0.36288,0,24.9703,6.33118,18.3604,0.84672,12.849,0.84672,3695.15,0,0,0,0.290243,1.48371,2.8146,1.58929,2.99926,0.42336,0,0.42336,460.49,0,1.02816,0,0,1.3184,0.290243,1.028160,1,0,21.5075,0,0,0,21.5075,0
52.9505,2.8162,0,0,1.41695,0.0333721,0.36288,3.6288,61.308,0.0489548,0,0,0.808733,0.333046,0.426733,0.66528,12.849,1,0.660969,0.36288,0,21.4328,6.33118,14.8035,0.84672,12.849,0.84672,3695.15,0,0,0,0.955109,1.48376,3.80617,1.58929,4.65574,0.42336,0,0.42336,460.49,0,1.02816,0,0,1.98327,0.955109,1.028160,1,0,19.886,0,0,0,19.886,0
51.1668,2.79825,0,0,1.4142,0.0368063,0.36288,3.6288,61.308,0.048988,0,0,1.14865,0.303818,0.795842,0.66528,12.849,1,0.679026,0.36288,0,19.9732,6.05453,13.6025,0.84672,12.849,0.84672,3695.15,0,0,0,2.02034,1.4838,4.84358,1.46699,6.88074,0.42336,0,0.42336,460.49,0,1.02816,0,0,3.0485,2.02034,1.028160,1,0,21.2791,0,0,0,21.2791,0
49.5775,2.69462,0,0,1.50965,0.041418,0.36288,3.6288,61.308,0,0,0,0.728421,0.264848,0.463573,0.66528,12.849,1,0.676672,0.36288,0,18.2509,5.68564,12.2514,0.84672,12.849,0.84672,3695.15,0,0,0,0.897755,1.48385,3.77698,1.30392,4.85466,0.42336,0,0.42336,460.49,0,1.02535,0,0,1.92311,0.897755,1.028160,1,0,17.5697,0,0,0,17.5697,0
47.7775,2.67747,0,0,1.28101,0.0407304,0.36288,3.6288,61.308,0,0,0,0.663993,0.264848,0.399144,0.66528,12.849,1,0.69392,0.36288,0,16.8644,5.68564,10.8477,0.84672,12.849,0.84672,3695.15,0,0,0,0.722971,1.42397,3.59398,1.30392,4.437,0.42336,0,0.42336,460.49,0,1.02538,0,0,1.74836,0.722971,1.028160,1,0,15.6839,0,0,0,15.6839,0
47.3547,2.65695,0,0,2.7313,0.134194,0.36288,3.6288,61.308,0,0,0,1.21467,0.173881,1.04079,0.66528,12.849,1,0.714545,0.36288,0,37.1236,4.43986,32.332,0.84672,12.849,0.84672,3695.15,0,0,0,1.32164,1.42401,7.96322,0.914536,9.79433,0.42336,0,0.42336,460.49,0,1.02542,0,0,2.34706,1.32164,1.028160,1,0,43.1672,0,0,0,43.1672,0
48.7777,2.65201,0,0,4.58703,0.149209,0.36288,3.6288,61.308,0,0,0,1.43642,0.158719,1.2777,0.66528,12.849,1,0.719585,0.36288,0,56.3571,4.23224,51.7681,0.84672,12.849,0.84672,3695.15,0,0,0,1.96785,1.42406,7.21305,0.849638,9.75532,0.42336,0,0.42336,460.49,0,1.02545,0,0,2.9933,1.96785,1.028160,1,0,62.8012,0,0,0,62.8012,0
47.72,2.59977,0,0,2.09104,0.186017,0.36288,3.6288,61.308,0,0,0,1.1047,0.172244,0.932458,0.66528,12.849,1,0.684832,0.36288,0,49.1928,3.92265,44.9482,0.84672,12.849,0.84672,3695.15,0,0,0,1.79144,1.4241,8.17102,1.00054,10.386,0.42336,0,0.42336,460.49,0,0.978297,0,0,2.76974,1.79144,1.028160,1,0,56.2667,0,0,0,56.2667,0
47.7893,2.58789,0,0,3.23571,0.215692,0.36288,3.6288,61.308,0,0,0,1.32039,0.187889,1.1325,0.66528,12.849,1,0.696811,0.36288,0,39.0262,3.59667,35.0956,0.84672,12.849,0.84672,3695.15,0,0,0,1.67511,1.37137,9.3668,0.847267,11.566,0.42336,0,0.42336,460.49,0,0.978328,0,0,2.65344,1.67511,1.028160,1,0,47.7941,0,0,0,47.7941,0
48.4187,2.58877,0,0,3.80905,0.227973,0.36288,3.6288,61.308,0,0,0,1.22266,0.171145,1.05151,0.66528,12.849,1,0.696037,0.36288,0,57.5643,3.41439,53.8168,0.84672,12.849,0.84672,3695.15,0,0,0,1.97142,1.37141,10.571,0.790543,13.1232,0.42336,0,0.42336,460.49,0,0.978358,0,0,2.94978,1.97142,1.028160,1,0,67.9916,0,0,0,67.9916,0
48.9333,2.596,0,0,3.703,0.229542,0.36288,3.6288,61.308,0,0,0,2.27587,0.171145,2.10473,0.66528,12.849,1,0.688908,0.36288,0,83.468,3.41439,79.7276,0.84672,12.849,0.84672,3695.15,0,0,0,2.07248,1.37145,14.4218,0.790543,17.0752,0.42336,0,0.42336,460.49,0,0.978388,0,0,3.05087,2.07248,1.028160,1,0,98.9075,0,0,0,98.9075,0
48.9419,2.40587,0,0,3.01841,0.24103,0.36288,3.6288,61.308,0,0,0,1.36143,0.209498,1.15194,0.66528,12.849,1,0.631739,0.36288,0,95.7174,4.41504,91.0335,0.84672,12.849,0.84672,3695.15,0,0,0,1.95677,1.37149,10.3594,1.11107,12.5766,0.42336,0,0.42336,460.49,0,0.880139,0,0,2.83691,1.95677,1.028160,1,0,104.762,0,0,0,104.762,0
50.0078,2.40603,0,0,4.07996,0.245134,0.36288,3.6288,61.308,0,0,0,1.29935,0.224839,1.07451,0.66528,12.849,1,0.63167,0.36288,0,91.5529,4.8153,86.4688,0.84672,12.849,0.84672,3695.15,0,0,0,1.61889,1.24924,8.43136,1.23929,10.0602,0.42336,0,0.42336,460.49,0,0.880166,0,0,2.49906,1.61889,1.028160,1,0,97.6035,0,0,0,97.6035,0
52.301,2.41682,0,0,5.32081,0.247943,0.36288,3.6288,61.308,0,0,0,1.57975,0.224839,1.35492,0.66528,12.849,1,0.620977,0.36288,0,128.035,4.8153,122.962,0.84672,12.849,0.84672,3695.15,0,0,0,1.82951,1.24928,14.1534,1.23929,15.9929,0.42336,0,0.42336,460.49,0,0.880193,0,0,2.7097,1.82951,1.028160,1,0,140.31,0,0,0,140.31,0
54.0509,2.43875,0,0,4.78486,0.233318,0.36288,3.6288,61.308,0,0,0,3.24349,0.206237,3.03725,0.66528,12.849,1,0.599138,0.36288,0,141.795,4.17216,137.387,0.84672,12.849,0.84672,3695.15,0,0,0,3.80001,1.24932,14.1484,1.15894,18.0388,0.42336,0,0.42336,460.49,0,0.880221,0,0,4.68023,3.80001,1.028160,1,0,158.463,0,0,0,158.463,0
57.8603,2.4545,0,0,6.86821,0.241451,0.36288,3.6288,61.308,0,0,0,1.99593,0.195976,1.79995,0.66528,12.849,1,0.583485,0.36288,0,121.889,4.01598,117.652,0.84672,12.849,0.84672,3695.15,0,0,0,2.96092,1.24936,13.5456,1.09273,16.6632,0.42336,0,0.42336,460.49,0,0.880248,0,0,3.84117,2.96092,1.028160,1,0,136.115,0,0,0,136.115,0
65.9977,2.56389,0,0,11.3342,0.270043,0.36288,3.6288,61.308,0,0,0,3.91494,0.178076,3.73686,0.66528,12.849,1,0.569361,0.36288,0,183.007,3.8935,178.907,0.84672,12.849,0.84672,3695.15,0,0,0,5.38521,1.2494,28.2989,0.960683,33.9729,0.42336,0,0.42336,460.49,0,0.908736,0,0,6.29395,5.38521,1.028160,1,0,216.617,0,0,0,216.617,0
73.8272,2.62271,0,0,11.1047,0.289628,0.36288,3.6288,61.308,0,0,0,3.69506,0.178076,3.51698,0.66528,12.849,1,0.510612,0.36288,0,204.524,3.8935,200.483,0.84672,12.849,0.84672,3695.15,0,0,0,5.42618,1.28926,26.5349,0.960683,32.2897,0.42336,0,0.42336,460.49,0,0.908758,0,0,6.33493,5.42618,1.028160,1,0,236.29,0,0,0,236.29,0
86.4142,2.6689,0,0,16.039,0.420244,0.36288,3.6288,61.308,0,0,0,3.50876,0.178076,3.33069,0.66528,12.849,1,0.4645,0.36288,0,228.486,3.8935,224.491,0.84672,12.849,0.84672,3695.15,0,0,0,5.56947,1.28929,30.0351,0.960683,35.9332,0.42336,0,0.42336,460.49,0,0.908781,0,0,6.47825,5.56947,1.028160,1,0,263.754,0,0,0,263.754,0
97.506,2.72787,0,0,16.4424,0.459855,2.16283,3.6288,61.308,0,0,0,5.20919,0.211314,4.99787,0.66528,12.849,1,0.405609,2.16283,0,370.172,4.63438,367.295,0.84672,12.849,0.84672,3695.15,0,0,0,7.03285,1.28932,36.4456,1.01951,43.7483,0.42336,0,0.42336,460.49,0,0.908803,0,0,7.94165,7.03285,1.028160,1,0,416.041,0,0,0,416.041,0
97.506,3.03876,0,0,9.82074,0.599189,6.18279,3.6288,61.308,0,0,0,3.36307,0.164412,3.19866,0.66528,12.849,1,0.400437,6.18279,0,181.176,3.56743,183.391,0.84672,12.849,0.84672,3695.15,0,0,0,3.96086,1.28936,19.1407,0.955256,23.4357,0.42336,0,0.42336,460.49,0,1.01568,0,0,4.97654,3.96086,1.028160,1,0,210.025,0,0,0,210.025,0
97.506,3.03884,0,0,10.1449,0.615105,6.49098,3.6288,61.308,0,0,0,3.46681,0.155672,3.31114,0.66528,12.849,1,0.400447,6.49098,0,196.086,3.36903,198.807,0.84672,12.849,0.84672,3695.15,0,0,0,4.47383,1.42922,22.5298,0.942913,27.49,0.42336,0,0.42336,460.49,0,1.01571,0,0,5.48954,4.47383,1.028160,1,0,229.608,0,0,0,229.608,0
97.506,3.03891,0,0,12.9254,0.588311,9.29822,3.6288,61.308,0,0,0,5.80066,0.188868,5.61179,0.66528,12.849,1,0.400457,9.29822,0,215.479,4.15527,220.221,0.84672,12.849,0.84672,3695.15,0,0,0,7.31711,1.42926,38.94,1.18889,46.4974,0.42336,0,0.42336,460.49,0,1.01573,0,0,8.33285,7.31711,1.028160,1,0,272.331,0,0,0,272.331,0
97.506,3.03899,0,0,10.4419,0.597956,6.80493,3.6288,61.308,0,0,0,4.02847,0.142164,3.88631,0.66528,12.849,1,0.400467,6.80493,0,219.719,3.53482,222.588,0.84672,12.849,0.84672,3695.15,0,0,0,5.65475,1.42929,28.0483,0.900256,34.2321,0.42336,0,0.42336,460.49,0,1.01576,0,0,6.67051,5.65475,1.028160,1,0,260.707,0,0,0,260.707,0
97.506,2.38665,0,0,6.80944,0.619208,3.80359,3.6288,61.308,0.146605,0,0,2.38221,0.120119,2.11549,0.66528,12.849,1,0.314504,3.80359,0,116.211,3.02803,116.673,0.84672,12.849,0.84672,3695.15,0,0,0,3.76119,1.42933,12.405,0.889776,16.7057,0.42336,0,0.42336,460.49,0,1.02816,0,0,4.78935,3.76119,1.028160,1,0,135.494,0,0,0,135.494,0
97.506,2.38672,0,0,7.43437,0.62275,4.42491,3.6288,61.308,0.146627,0,0,2.83849,0.116445,2.57542,0.66528,12.849,1,0.314513,4.42491,0,127.654,2.94357,128.821,0.84672,12.849,0.84672,3695.15,0,0,0,4.03304,1.41382,14.1486,0.88803,18.7074,0.42336,0,0.42336,460.49,0,1.02816,0,0,5.0612,4.03304,1.028160,1,0,150.104,0,0,0,150.104,0
97.506,2.38678,0,0,10.8299,0.62275,7.82036,3.6288,61.308,0.146648,0,0,4.7666,0.116445,4.50351,0.66528,12.849,1,0.314522,7.82036,0,190.093,2.94357,194.655,0.84672,12.849,0.84672,3695.15,0,0,0,8.49398,1.41385,28.5111,0.88803,37.5309,0.42336,0,0.42336,460.49,0,1.02816,0,0,9.52214,8.49398,1.028160,1,0,236.69,0,0,0,236.69,0
97.506,2.38685,0,0,8.49174,0.629212,5.47568,3.6288,61.308,0.14667,0,0,3.53238,0.162339,3.22337,0.66528,12.849,1,0.31453,5.47568,0,164.481,4.2429,165.4,0.84672,12.849,0.84672,3695.15,0,0,0,6.3018,1.41388,21.1505,1.08813,27.778,0.42336,0,0.42336,460.49,0,1.02816,0,0,7.32996,6.3018,1.028160,1,0,196.401,0,0,0,196.401,0
97.506,2.38691,0,0,5.82447,0.571313,2.86625,3.6288,61.308,0.146692,0,0,2.19957,0.156829,1.89605,0.66528,12.849,1,0.314539,2.86625,0,125.41,3.64838,124.314,0.84672,12.849,0.84672,3695.15,0,0,0,3.69842,1.41391,12.0476,0.939579,16.2204,0.42336,0,0.42336,460.49,0,1.02816,0,0,4.72658,3.69842,1.028160,1,0,142.43,0,0,0,142.43,0
97.506,2.48396,0,0,5.31848,0.476776,2.35775,3.6288,61.308,0.181803,0,0,1.64868,0.189258,1.27762,0.66528,12.849,1,0.327327,2.35775,0,114.481,3.67763,112.834,0.84672,12.849,0.84672,3695.15,0,0,0,2.30971,1.41394,9.92546,0.999804,12.6493,0.42336,0,0.42336,460.49,0,1.02816,0,0,3.33787,2.30971,1.028160,1,0,126.761,0,0,0,126.761,0
97.506,2.48402,0,0,5.85467,0.474126,2.89652,3.6288,61.308,0.181826,0,0,2.02574,0.197588,1.64633,0.66528,12.849,1,0.327336,2.89652,0,118.59,3.86274,117.296,0.84672,12.849,0.84672,3695.15,0,0,0,2.73269,1.46165,10.2175,1.05026,13.3616,0.42336,0,0.42336,460.49,0,1.02816,0,0,3.76085,2.73269,1.028160,1,0,132.304,0,0,0,132.304,0
97.506,2.48409,0,0,6.10832,0.474126,3.15011,3.6288,61.308,0.181848,0,0,2.35366,0.197588,1.97422,0.66528,12.849,1,0.327345,3.15011,0,105.442,3.86274,104.402,0.84672,12.849,0.84672,3695.15,0,0,0,3.19297,1.46168,9.18026,1.05026,12.7847,0.42336,0,0.42336,460.49,0,1.02816,0,0,4.22113,3.19297,1.028160,1,0,119.161,0,0,0,119.161,0
97.506,2.48416,0,0,8.32227,0.44996,5.38815,3.6288,61.308,0.181871,0,0,2.90015,0.186594,2.53168,0.66528,12.849,1,0.327354,5.38815,0,150.271,3.851,151.481,0.84672,12.849,0.84672,3695.15,0,0,0,3.84191,1.46172,18.0573,1.05278,22.3082,0.42336,0,0.42336,460.49,0,1.02816,0,0,4.87007,3.84191,1.028160,1,0,176.321,0,0,0,176.321,0
97.506,2.44631,0,0,5.1712,0.334219,2.39067,3.6288,61.308,0.168263,0,0,1.73151,0.210303,1.35294,0.66528,12.849,1,0.322366,2.39067,0,88.897,4.49138,86.4739,0.84672,12.849,0.84672,3695.15,0,0,0,2.54839,1.46175,9.54945,1.10593,12.4537,0.42336,0,0.42336,460.49,0,1.02816,0,0,3.57655,2.54839,1.028160,1,0,100.28,0,0,0,100.28,0
97.506,2.44637,0,0,4.12446,0.334219,1.34387,3.6288,61.308,0.168285,0,0,1.29706,0.210303,0.918475,0.66528,12.849,1,0.322375,1.34387,0,72.5147,4.49138,69.0448,0.84672,12.849,0.84672,3695.15,0,0,0,1.48877,1.44321,8.3433,1.10593,10.1693,0.42336,0,0.42336,460.49,0,1.02816,0,0,2.51693,1.48877,1.028160,1,0,80.1326,0,0,0,80.1326,0
97.506,2.44644,0,0,4.19099,0.334219,1.41033,3.6288,61.308,0.168307,0,0,1.26033,0.210303,0.881724,0.66528,12.849,1,0.322383,1.41033,0,67.055,4.49138,63.6516,0.84672,12.849,0.84672,3695.15,0,0,0,1.4135,1.44324,8.41199,1.10593,10.1628,0.42336,0,0.42336,460.49,0,1.02816,0,0,2.44166,1.4135,1.028160,1,0,74.6961,0,0,0,74.6961,0
97.506,2.44651,0,0,3.53704,0.214053,0.876481,3.6288,61.308,0.16833,0,0,1.10901,0.244766,0.695917,0.66528,12.849,1,0.322392,0.876481,0,61.6466,4.38023,57.8204,0.84672,12.849,0.84672,3695.15,0,0,0,1.83452,1.44327,7.08558,1.04452,9.31885,0.42336,0,0.42336,460.49,0,1.02816,0,0,2.86268,1.83452,1.028160,1,0,67.8352,0,0,0,67.8352,0
97.506,2.57531,0,0,3.62503,0.234075,0.81565,3.6288,61.308,0.216692,0,0,1.13618,0.241858,0.677627,0.66528,12.849,1,0.339365,0.81565,0,60.867,4.59917,56.7441,0.84672,12.849,0.84672,3695.15,0,0,0,1.31498,1.4433,6.78732,1.0134,8.53221,0.42336,0,0.42336,460.49,0,1.02816,0,0,2.34314,1.31498,1.028160,1,0,65.9539,0,0,0,65.9539,0
97.506,2.57538,0,0,3.5794,0.167646,0.836372,3.6288,61.308,0.216715,0,0,1.0583,0.253135,0.588446,0.66528,12.849,1,0.339374,0.836372,0,51.5029,4.94476,47.0551,0.84672,12.849,0.84672,3695.15,0,0,0,0.813793,1.50798,6.29579,1.11153,7.50604,0.42336,0,0.42336,460.49,0,1.02816,0,0,1.84195,0.813793,1.028160,1,0,55.1496,0,0,0,55.1496,0
97.506,2.57545,0,0,3.43741,0.167646,0.694312,3.6288,61.308,0.216739,0,0,1.04719,0.253135,0.577312,0.66528,12.849,1,0.339384,0.694312,0,47.8035,4.94476,43.2136,0.84672,12.849,0.84672,3695.15,0,0,0,0.820282,1.50802,6.0419,1.11153,7.25867,0.42336,0,0.42336,460.49,0,1.02816,0,0,1.84844,0.820282,1.028160,1,0,51.0496,0,0,0,51.0496,0
97.506,2.57552,0,0,3.26221,0.1761,0.510594,3.6288,61.308,0.216762,0,0,1.03061,0.251818,0.562034,0.66528,12.849,1,0.339393,0.510594,0,45.7917,4.86015,41.1028,0.84672,12.849,0.84672,3695.15,0,0,0,0.971197,1.50805,5.6557,1.1148,7.02015,0.42336,0,0.42336,460.49,0,1.02816,0,0,1.99936,0.971197,1.028160,1,0,48.685,0,0,0,48.685,0
97.2335,2.57559,0,0,2.86588,0.199864,0.36288,3.6288,61.308,0.216785,0,0,1.31349,0.264883,0.831819,0.66528,12.849,1,0.339402,0.36288,0,44.0897,4.73032,39.3828,0.84672,12.849,0.84672,3695.15,0,0,0,1.14552,1.50808,5.49094,1.20415,6.94038,0.42336,0,0.42336,460.49,0,1.02816,0,0,2.17368,1.14552,1.028160,1,0,47.155,0,0,0,47.155,0
96.6678,2.54937,0,0,2.51008,0.163544,0.36288,3.6288,61.308,0.243381,0,0,1.70933,0.292839,1.17311,0.66528,12.849,1,0.336888,0.36288,0,43.7752,5.23414,38.567,0.84672,12.849,0.84672,3695.15,0,0,0,1.44733,1.50811,5.73439,1.29719,7.39265,0.42336,0,0.42336,460.49,0,1.02816,0,0,2.47549,1.44733,1.028160,1,0,47.1328,0,0,0,47.1328,0
95.9504,2.5477,0,0,2.35587,0.162775,0.36288,3.6288,61.308,0.243405,0,0,1.50431,0.292839,0.968067,0.66528,12.849,1,0.338637,0.36288,0,39.9978,5.23414,34.7879,0.84672,12.849,0.84672,3695.15,0,0,0,1.35575,1.52328,5.44209,1.29719,7.02393,0.42336,0,0.42336,460.49,0,1.02816,0,0,2.38391,1.35575,1.028160,1,0,42.7799,0,0,0,42.7799,0
95.0866,2.54553,0,0,2.20647,0.161799,0.36288,3.6288,61.308,0.243429,0,0,1.40258,0.292839,0.866316,0.66528,12.849,1,0.34088,0.36288,0,38.2758,5.23414,33.0637,0.84672,12.849,0.84672,3695.15,0,0,0,1.22424,1.52331,5.15099,1.29719,6.60136,0.42336,0,0.42336,460.49,0,1.02816,0,0,2.2524,1.22424,1.028160,1,0,40.5313,0,0,0,40.5313,0
94.1487,2.54287,0,0,2.11659,0.148712,0.36288,3.6288,61.308,0.243453,0,0,1.46735,0.307931,0.915965,0.66528,12.849,1,0.343617,0.36288,0,34.7687,5.46867,29.3193,0.84672,12.849,0.84672,3695.15,0,0,0,0.865141,1.52334,4.88888,1.36142,5.91594,0.42336,0,0.42336,460.49,0,1.02816,0,0,1.8933,0.865141,1.028160,1,0,36.1512,0,0,0,36.1512,0
92.9867,2.60542,0,0,1.93173,0.125506,0.36288,3.6288,61.308,0.26716,0,0,1.38004,0.307648,0.805233,0.66528,12.849,1,0.355576,0.36288,0,36.02,5.6763,30.351,0.84672,12.849,0.84672,3695.15,0,0,0,0.674706,1.52338,3.97683,1.39051,4.7844,0.42336,0,0.42336,460.49,0,1.02816,0,0,1.70287,0.674706,1.028160,1,0,35.9406,0,0,0,35.9406,0
91.6966,2.60159,0,0,1.79868,0.124262,0.36288,3.6288,61.308,0.267185,0,0,1.19729,0.307648,0.622455,0.66528,12.849,1,0.35949,0.36288,0,30.4989,5.6763,24.826,0.84672,12.849,0.84672,3695.15,0,0,0,0.812575,1.55566,4.01349,1.39051,4.9912,0.42336,0,0.42336,460.49,0,1.02816,0,0,1.84073,0.812575,1.028160,1,0,30.4397,0,0,0,30.4397,0
90.2766,2.59722,0,0,1.66299,0.12288,0.36288,3.6288,61.308,0.26721,0,0,1.1103,0.307648,0.535443,0.66528,12.849,1,0.363936,0.36288,0,29.2458,5.6763,23.5684,0.84672,12.849,0.84672,3695.15,0,0,0,0.588565,1.55569,3.48971,1.39051,4.24345,0.42336,0,0.42336,460.49,0,1.02816,0,0,1.61673,0.588565,1.028160,1,0,28.3473,0,0,0,28.3473,0
88.908,2.59228,0,0,1.69994,0.113439,0.36288,3.6288,61.308,0.267234,0,0,1.23305,0.310238,0.655577,0.66528,12.849,1,0.368957,0.36288,0,27.8156,5.75107,22.0585,0.84672,12.849,0.84672,3695.15,0,0,0,0.806725,1.55572,4.31646,1.40545,5.27345,0.42336,0,0.42336,460.49,0,1.02816,0,0,1.83489,0.806725,1.028160,1,0,27.9875,0,0,0,27.9875,0
87.4252,2.77783,0,0,1.77484,0.116845,0.36288,3.6288,61.308,0.352753,0,0,1.35035,0.297686,0.699906,0.66528,12.849,1,0.401453,0.36288,0,27.7693,5.47392,22.2568,0.84672,12.849,0.84672,3695.15,0,0,0,0.940032,1.55576,4.29922,1.41629,5.37872,0.42336,0,0.42336,460.49,0,1.02816,0,0,1.96819,0.940032,1.028160,1,0,28.3354,0,0,0,28.3354,0
85.7561,2.77197,0,0,1.59292,0.12719,0.36288,3.6288,61.308,0.35278,0,0,1.33174,0.30558,0.673383,0.66528,12.849,1,0.4074,0.36288,0,27.7252,5.20537,22.4753,0.84672,12.849,0.84672,3695.15,0,0,0,0.854531,1.66269,3.53577,1.39723,4.65577,0.42336,0,0.42336,460.49,0,1.02816,0,0,1.88269,0.854531,1.028160,1,0,27.8045,0,0,0,27.8045,0
84.2039,2.76515,0,0,1.70104,0.125269,0.36288,3.6288,61.308,0.352807,0,0,1.35017,0.30558,0.691785,0.66528,12.849,1,0.414308,0.36288,0,27.7195,5.20537,22.4626,0.84672,12.849,0.84672,3695.15,0,0,0,1.01072,1.66273,4.27034,1.39723,5.54656,0.42336,0,0.42336,460.49,0,1.02816,0,0,2.03888,1.01072,1.028160,1,0,28.701,0,0,0,28.701,0
82.8773,2.7586,0,0,1.91841,0.123482,0.36288,3.6288,61.308,0.352833,0,0,1.39537,0.30558,0.736955,0.66528,12.849,1,0.420946,0.36288,0,26.5149,5.20537,21.2515,0.84672,12.849,0.84672,3695.15,0,0,0,0.951134,1.66277,4.74665,1.39723,5.96333,0.42336,0,0.42336,460.49,0,1.02816,0,0,1.97929,0.951134,1.028160,1,0,27.9518,0,0,0,27.9518,0
80.8498,2.75284,0,0,1.22378,0.135584,0.36288,3.6288,61.308,0.35286,0,0,1.0989,0.297178,0.448866,0.66528,12.849,1,0.426791,0.36288,0,25.6098,5.2042,20.3417,0.84672,12.849,0.84672,3695.15,0,0,0,0.627748,1.6628,3.06414,1.413,3.94169,0.42336,0,0.42336,460.49,0,1.02816,0,0,1.65591,0.627748,1.028160,1,0,24.7323,0,0,0,24.7323,0
79.3335,2.65201,0,0,1.63897,0.140385,0.36288,3.6288,61.308,0.300989,0,0,1.45077,0.275887,0.873893,0.66528,12.849,1,0.421469,0.36288,0,28.0716,5.12358,22.8895,0.84672,12.849,0.84672,3695.15,0,0,0,1.1053,1.66284,3.9341,1.46765,5.23459,0.42336,0,0.42336,460.49,0,1.02816,0,0,2.13346,1.1053,1.028160,1,0,28.9979,0,0,0,28.9979,0
76.9917,2.64515,0,0,0.804574,0.138337,0.36288,3.6288,61.308,0.301014,0,0,0.889471,0.275887,0.31257,0.66528,12.849,1,0.428413,0.36288,0,28.2825,5.12358,23.0934,0.84672,12.849,0.84672,3695.15,0,0,0,0.260211,1.60287,2.25579,1.46765,2.65122,0.42336,0,0.42336,460.49,0,1.02816,0,0,1.28837,0.260211,1.028160,1,0,26.0572,0,0,0,26.0572,0
74.6871,2.63405,0,0,0.827496,0.135173,0.36288,3.6288,61.308,0.447824,0,0,0.966263,0.275887,0.242552,0.66528,12.849,1,0.439592,0.36288,0,18.4446,5.12358,13.2443,0.84672,12.849,0.84672,3695.15,0,0,0,0.216518,1.6029,1.82973,1.46765,2.1815,0.42336,0,0.42336,460.49,0,0.881375,0,0,1.09789,0.216518,1.028160,1,0,15.6683,0,0,0,15.6683,0
73.7271,2.62255,0,0,2.31225,0.286801,0.36288,3.6288,61.308,0.301065,0,0,1.79835,0.287484,1.2098,0.66528,12.849,1,0.451177,0.36288,0,30.0358,4.47189,25.4756,0.84672,12.849,0.84672,3695.15,0,0,0,1.83565,1.60294,5.64328,1.31982,7.76204,0.42336,0,0.42336,460.49,0,1.02816,0,0,2.86381,1.83565,1.028160,1,0,34.4474,0,0,0,34.4474,0
72.0194,2.54334,0,0,1.49499,0.296512,0.36288,3.6288,61.308,0.253845,0,0,0.884345,0.211273,0.419227,0.66528,12.849,1,0.443249,0.36288,0,33.5775,4.07596,29.4212,0.84672,12.849,0.84672,3695.15,0,0,0,0.234014,1.60298,3.51561,1.04055,4.31205,0.42336,0,0.42336,460.49,0,1.02816,0,0,1.26217,0.234014,1.028160,1,0,34.1525,0,0,0,34.1525,0
71.5435,2.53449,0,0,2.63612,0.214656,0.36288,3.6288,61.308,0.253869,0,0,1.27067,0.197191,0.819614,0.66528,12.849,1,0.45218,0.36288,0,37.358,4.01132,33.2574,0.84672,12.849,0.84672,3695.15,0,0,0,0.383123,1.55016,5.65879,0.997525,6.59456,0.42336,0,0.42336,460.49,0,1.02816,0,0,1.41128,0.383123,1.028160,1,0,40.6715,0,0,0,40.6715,0
71.5326,2.53201,0,0,3.09793,0.213879,0.36288,3.6288,61.308,0.253893,0,0,2.09752,0.197191,1.64643,0.66528,12.849,1,0.454742,0.36288,0,40.4425,4.01132,36.3394,0.84672,12.849,0.84672,3695.15,0,0,0,1.60837,1.5502,6.87741,0.997525,9.03846,0.42336,0,0.42336,460.49,0,1.02816,0,0,2.63653,1.60837,1.028160,1,0,47.0243,0,0,0,47.0243,0
70.6369,2.53202,0,0,2.23426,0.235067,0.36288,3.6288,61.308,0.253918,0,0,1.39012,0.20409,0.932117,0.66528,12.849,1,0.454813,0.36288,0,36.1683,4.12729,31.949,0.84672,12.849,0.84672,3695.15,0,0,0,0.811738,1.55023,6.99723,1.0246,8.3346,0.42336,0,0.42336,460.49,0,1.02816,0,0,1.8399,0.811738,1.028160,1,0,41.2157,0,0,0,41.2157,0
70.8103,2.31762,0,0,3.13388,0.280012,0.36288,3.6288,61.308,0.155534,0,0,1.30321,0.215996,0.931675,0.66528,12.849,1,0.421579,0.36288,0,57.5758,4.2131,53.304,0.84672,12.849,0.84672,3695.15,0,0,0,0.969028,1.55027,8.97527,1.04889,10.4457,0.42336,0,0.42336,460.49,0,1.02816,0,0,1.99719,0.969028,1.028160,1,0,64.6814,0,0,0,64.6814,0
68.9071,2.31855,0,0,1.0661,0.287875,0.36288,3.6288,61.308,0.155556,0,0,0.8276,0.216039,0.456005,0.66528,12.849,1,0.420717,0.36288,0,27.756,3.95251,23.7456,0.84672,12.849,0.84672,3695.15,0,0,0,0.508939,1.42785,4.67951,0.979213,5.63708,0.42336,0,0.42336,460.49,0,1.02816,0,0,1.5371,0.508939,1.028160,1,0,29.8387,0,0,0,29.8387,0
67.2795,2.30882,0,0,1.32786,0.28367,0.36288,3.6288,61.308,0.155578,0,0,0.930571,0.216039,0.558954,0.66528,12.849,1,0.430523,0.36288,0,32.0209,3.95251,28.0007,0.84672,12.849,0.84672,3695.15,0,0,0,0.669306,1.42788,4.98847,0.979213,6.10644,0.42336,0,0.42336,460.49,0,1.02816,0,0,1.69747,0.669306,1.028160,1,0,34.6661,0,0,0,34.6661,0
67.5816,2.30014,0,0,3.24513,0.280075,0.36288,3.6288,61.308,0.1556,0,0,1.25032,0.216039,0.878682,0.66528,12.849,1,0.43928,0.36288,0,28.9249,3.95251,24.896,0.84672,12.849,0.84672,3695.15,0,0,0,1.02389,1.42791,6.49763,0.979213,7.97021,0.42336,0,0.42336,460.49,0,1.02816,0,0,2.05205,1.02389,1.028160,1,0,33.7449,0,0,0,33.7449,0
69.6561,2.30186,0,0,4.99845,0.25924,0.36288,3.6288,61.308,0.155621,0,0,1.64296,0.226123,1.26121,0.66528,12.849,1,0.437642,0.36288,0,35.9993,4.36191,31.5626,0.84672,12.849,0.84672,3695.15,0,0,0,1.76091,1.42794,7.09128,1.33542,8.94471,0.42336,0,0.42336,460.49,0,1.02816,0,0,2.78907,1.76091,1.028160,1,0,41.7685,0,0,0,41.7685,0
71.4381,2.39337,0,0,4.79147,0.25316,0.36288,3.6288,61.308,0.184141,0,0,2.91467,0.236172,2.49436,0.66528,12.849,1,0.44149,0.36288,0,119.945,4.10676,115.759,0.84672,12.849,0.84672,3695.15,0,0,0,4.58913,1.42797,10.0076,1.16313,14.8616,0.42336,0,0.42336,460.49,0,1.02816,0,0,5.61729,4.58913,1.028160,1,0,133.115,0,0,0,133.115,0
72.1494,2.40276,0,0,3.73359,0.256653,0.36288,3.6288,61.308,0.184158,0,0,2.02289,0.236172,1.60256,0.66528,12.849,1,0.432165,0.36288,0,94.8698,4.10676,90.6937,0.84672,12.849,0.84672,3695.15,0,0,0,3.44289,1.46788,6.56737,1.16313,10.315,0.42336,0,0.42336,460.49,0,1.02816,0,0,4.47105,3.44289,1.028160,1,0,102.611,0,0,0,102.611,0
72.6832,2.40642,0,0,3.56187,0.258803,0.36288,3.6288,61.308,0.184175,0,0,1.88453,0.230631,1.46973,0.66528,12.849,1,0.428557,0.36288,0,81.7733,4.02075,77.6869,0.84672,12.849,0.84672,3695.15,0,0,0,3.40314,1.4679,6.15936,1.14015,9.89026,0.42336,0,0.42336,460.49,0,1.02816,0,0,4.4313,3.40314,1.028160,1,0,89.0468,0,0,0,89.0468,0
73.1675,2.40915,0,0,3.6163,0.359947,0.36288,3.6288,61.308,0.184192,0,0,1.8027,0.197384,1.42113,0.66528,12.849,1,0.425891,0.36288,0,79.0379,3.50469,75.4702,0.84672,12.849,0.84672,3695.15,0,0,0,3.7144,1.46793,6.1194,1.00225,10.2995,0.42336,0,0.42336,460.49,0,1.02816,0,0,4.74256,3.7144,1.028160,1,0,87.1908,0,0,0,87.1908,0
76.31,2.67191,0,0,6.53638,0.359037,0.36288,3.6288,61.308,0.291202,0,0,1.94372,0.20253,1.44999,0.66528,12.849,1,0.469216,0.36288,0,79.3264,3.66407,75.556,0.84672,12.849,0.84672,3695.15,0,0,0,3.48216,1.46795,6.97386,0.943779,10.9802,0.42336,0,0.42336,460.49,0,1.02816,0,0,4.51032,3.48216,1.028160,1,0,87.9862,0,0,0,87.9862,0
76.9349,2.6885,0,0,4.04592,0.369633,0.36288,3.6288,61.308,0.291221,0,0,1.90512,0.204588,1.40931,0.66528,12.849,1,0.452687,0.36288,0,83.6076,3.72782,79.7899,0.84672,12.849,0.84672,3695.15,0,0,0,2.33374,1.60799,6.06035,0.920389,9.08168,0.42336,0,0.42336,460.49,0,1.02816,0,0,3.3619,2.33374,1.028160,1,0,90.2809,0,0,0,90.2809,0
78.1439,2.69171,0,0,4.63554,0.371958,0.36288,3.6288,61.308,0.29124,0,0,2.33774,0.204588,1.84191,0.66528,12.849,1,0.449545,0.36288,0,107.419,3.72782,103.605,0.84672,12.849,0.84672,3695.15,0,0,0,5.86997,1.60801,9.54216,0.920389,16.0998,0.42336,0,0.42336,460.49,0,1.02816,0,0,6.89813,5.86997,1.028160,1,0,121.547,0,0,0,121.547,0
78.9774,2.69773,0,0,4.31227,0.418191,0.36288,3.6288,61.308,0.291259,0,0,1.60663,0.189515,1.12586,0.66528,12.849,1,0.443581,0.36288,0,116.622,3.81536,112.726,0.84672,12.849,0.84672,3695.15,0,0,0,4.01654,1.60804,7.01706,0.882056,11.7596,0.42336,0,0.42336,460.49,0,1.02816,0,0,5.0447,4.01654,1.028160,1,0,125.611,0,0,0,125.611,0
79.1937,2.32638,0,0,3.35087,0.445356,0.36288,3.6288,61.308,0.147681,0,0,1.93293,0.192948,1.5923,0.66528,12.849,1,0.378483,0.36288,0,68.4617,4.01153,64.4346,0.84672,12.849,0.84672,3695.15,0,0,0,3.97199,1.60807,7.37156,0.932006,12.0196,0.42336,0,0.42336,460.49,0,1.02816,0,0,5.00015,3.97199,1.028160,1,0,78.0465,0,0,0,78.0465,0
78.534,2.32731,0,0,2.45803,0.427489,0.36288,3.6288,61.308,0.147697,0,0,1.84562,0.196988,1.50094,0.66528,12.849,1,0.377602,0.36288,0,72.2632,4.27361,67.9749,0.84672,12.849,0.84672,3695.15,0,0,0,2.03536,1.41535,7.11495,1.00649,9.55917,0.42336,0,0.42336,460.49,0,1.02816,0,0,3.06352,2.03536,1.028160,1,0,79.035,0,0,0,79.035,0
82.2216,2.32464,0,0,6.79988,0.424731,0.36288,3.6288,61.308,0.147714,0,0,4.1336,0.196988,3.7889,0.66528,12.849,1,0.380335,0.36288,0,71.571,4.27361,67.2799,0.84672,12.849,0.84672,3695.15,0,0,0,4.71271,1.41537,13.3786,1.00649,18.5002,0.42336,0,0.42336,460.49,0,1.02816,0,0,5.74087,4.71271,1.028160,1,0,89.569,0,0,0,89.569,0
86.6946,2.33944,0,0,7.61606,0.440735,0.36288,3.6288,61.308,0.14773,0,0,6.22896,0.20472,5.87651,0.66528,12.849,1,0.36559,0.36288,0,173.748,4.26651,169.479,0.84672,12.849,0.84672,3695.15,0,0,0,6.29422,1.41539,22.075,0.998344,28.7863,0.42336,0,0.42336,460.49,0,1.02816,0,0,7.32238,6.29422,1.028160,1,0,204.141,0,0,0,204.141,0
90.5668,2.35591,0,0,7.06314,0.472156,0.36288,3.6288,61.308,0.147746,0,0,3.46964,0.213953,3.10794,0.66528,12.849,1,0.34917,0.36288,0,197.186,3.83649,193.363,0.84672,12.849,0.84672,3695.15,0,0,0,3.89335,1.41541,13.8458,0.865032,18.2895,0.42336,0,0.42336,460.49,0,1.02816,0,0,4.92151,3.89335,1.028160,1,0,214.76,0,0,0,214.76,0
93.6252,2.46527,0,0,6.39363,0.507158,0.36288,3.6288,61.308,0.182895,0,0,2.17865,0.137704,1.85805,0.66528,12.849,1,0.349756,0.36288,0,105.635,3.2381,102.41,0.84672,12.849,0.84672,3695.15,0,0,0,2.26078,1.41544,9.29267,0.754876,12.214,0.42336,0,0.42336,460.49,0,1.02816,0,0,3.28894,2.26078,1.028160,1,0,116.482,0,0,0,116.482,0
94.8586,2.47537,0,0,4.57968,0.507982,0.36288,3.6288,61.308,0.182912,0,0,2.10916,0.179351,1.7469,0.66528,12.849,1,0.339717,0.36288,0,120.194,4.16367,116.053,0.84672,12.849,0.84672,3695.15,0,0,0,2.4337,1.4632,10.5384,1.00717,13.4281,0.42336,0,0.42336,460.49,0,1.02816,0,0,3.46186,2.4337,1.028160,1,0,131.228,0,0,0,131.228,0
95.3228,2.47931,0,0,3.81972,0.513351,0.36288,3.6288,61.308,0.182929,0,0,2.19819,0.179351,1.83591,0.66528,12.849,1,0.335833,0.36288,0,82.8092,4.16367,78.6726,0.84672,12.849,0.84672,3695.15,0,0,0,2.67535,1.46322,7.36344,1.00717,10.4948,0.42336,0,0.42336,460.49,0,1.02816,0,0,3.70351,2.67535,1.028160,1,0,91.0033,0,0,0,91.0033,0
95.5135,2.4808,0,0,3.5575,0.523092,0.36288,3.6288,61.308,0.182946,0,0,2.50035,0.17494,2.14246,0.66528,12.849,1,0.334399,0.36288,0,72.9907,4.05553,68.9637,0.84672,12.849,0.84672,3695.15,0,0,0,2.78942,1.46325,10.0472,0.986611,13.3133,0.42336,0,0.42336,460.49,0,1.02816,0,0,3.81758,2.78942,1.028160,1,0,84.4194,0,0,0,84.4194,0
95.7517,2.44357,0,0,3.52888,0.484211,0.36288,3.6288,61.308,0.169317,0,0,1.16495,0.219413,0.776218,0.66528,12.849,1,0.328722,0.36288,0,67.1725,5.58043,61.6263,0.84672,12.849,0.84672,3695.15,0,0,0,1.89699,1.46327,6.7837,1.21692,8.92703,0.42336,0,0.42336,460.49,0,1.02816,0,0,2.92515,1.89699,1.028160,1,0,71.3295,0,0,0,71.3295,0
95.9222,2.44434,0,0,3.35107,0.373389,0.36288,3.6288,61.308,0.169334,0,0,1.16889,0.199039,0.800515,0.66528,12.849,1,0.328008,0.36288,0,74.2867,4.49648,69.8251,0.84672,12.849,0.84672,3695.15,0,0,0,1.69587,1.4447,6.45356,1.09219,8.50194,0.42336,0,0.42336,460.49,0,1.02816,0,0,2.72403,1.69587,1.028160,1,0,79.1276,0,0,0,79.1276,0
95.7998,2.44491,0,0,3.04062,0.355266,0.36288,3.6288,61.308,0.16935,0,0,1.26312,0.195644,0.898131,0.66528,12.849,1,0.327501,0.36288,0,61.8346,4.31581,57.5541,0.84672,12.849,0.84672,3695.15,0,0,0,1.43609,1.44472,6.05356,1.0714,7.86297,0.42336,0,0.42336,460.49,0,1.02816,0,0,2.46425,1.43609,1.028160,1,0,66.3152,0,0,0,66.3152,0
95.5769,2.44459,0,0,2.93949,0.3549,0.36288,3.6288,61.308,0.169367,0,0,1.12006,0.195644,0.755053,0.66528,12.849,1,0.327877,0.36288,0,54.6296,4.31581,50.3488,0.84672,12.849,0.84672,3695.15,0,0,0,1.21283,1.44475,5.75199,1.0714,7.33816,0.42336,0,0.42336,460.49,0,1.02816,0,0,2.24099,1.21283,1.028160,1,0,58.442,0,0,0,58.442,0
95.1215,2.57254,0,0,2.81352,0.333498,0.36288,3.6288,61.308,0.21778,0,0,1.19638,0.218304,0.760297,0.66528,12.849,1,0.345843,0.36288,0,54.1189,4.65001,49.4859,0.84672,12.849,0.84672,3695.15,0,0,0,1.55688,1.44477,5.62213,1.16258,7.46119,0.42336,0,0.42336,460.49,0,1.02816,0,0,2.58504,1.55688,1.028160,1,0,57.7074,0,0,0,57.7074,0
94.7041,2.57114,0,0,2.83332,0.316724,0.36288,3.6288,61.308,0.217798,0,0,1.1993,0.235299,0.746204,0.66528,12.849,1,0.347309,0.36288,0,51.6829,4.90066,46.7978,0.84672,12.849,0.84672,3695.15,0,0,0,1.61315,1.50952,5.22787,1.23097,7.11956,0.42336,0,0.42336,460.49,0,1.02816,0,0,2.64131,1.61315,1.028160,1,0,54.6636,0,0,0,54.6636,0
93.9772,2.56984,0,0,2.52152,0.315606,0.36288,3.6288,61.308,0.217815,0,0,1.10035,0.235299,0.647233,0.66528,12.849,1,0.348664,0.36288,0,46.607,4.90066,41.7206,0.84672,12.849,0.84672,3695.15,0,0,0,1.37951,1.50954,5.03792,1.23097,6.696,0.42336,0,0.42336,460.49,0,1.02816,0,0,2.40767,1.37951,1.028160,1,0,49.0638,0,0,0,49.0638,0
93.1988,2.56752,0,0,2.38155,0.22956,0.36288,3.6288,61.308,0.217833,0,0,1.05677,0.268351,0.570583,0.66528,12.849,1,0.351044,0.36288,0,41.5412,5.27551,36.2775,0.84672,12.849,0.84672,3695.15,0,0,0,1.2887,1.50957,4.79813,1.32675,6.26965,0.42336,0,0.42336,460.49,0,1.02816,0,0,2.31686,1.2887,1.028160,1,0,43.1178,0,0,0,43.1178,0
92.2143,2.565,0,0,2.16821,0.224849,0.36288,3.6288,61.308,0.217851,0,0,0.921845,0.258632,0.445362,0.66528,12.849,1,0.353628,0.36288,0,39.9538,5.22242,34.7406,0.84672,12.849,0.84672,3695.15,0,0,0,1.14239,1.50959,4.66332,1.27508,6.04022,0.42336,0,0.42336,460.49,0,1.02816,0,0,2.17055,1.14239,1.028160,1,0,41.2262,0,0,0,41.2262,0
90.9529,2.53642,0,0,1.85289,0.215052,0.36288,3.6288,61.308,0.24447,0,0,0.682888,0.234335,0.204083,0.66528,12.849,1,0.353421,0.36288,0,37.3594,5.08966,32.2792,0.84672,12.849,0.84672,3695.15,0,0,0,1.11689,1.50962,3.93471,1.14593,5.41529,0.42336,0,0.42336,460.49,0,1.02816,0,0,2.14505,1.11689,1.028160,1,0,37.8986,0,0,0,37.8986,0
89.5302,2.53218,0,0,1.68511,0.212699,0.36288,3.6288,61.308,0.244488,0,0,0.665885,0.234335,0.187061,0.66528,12.849,1,0.357723,0.36288,0,36.6282,5.08966,31.5437,0.84672,12.849,0.84672,3695.15,0,0,0,1.08912,1.52479,3.77015,1.14593,5.23814,0.42336,0,0.42336,460.49,0,1.02816,0,0,2.11728,1.08912,1.028160,1,0,36.9688,0,0,0,36.9688,0
87.9595,2.52726,0,0,1.52949,0.210045,0.36288,3.6288,61.308,0.244506,0,0,0.624699,0.234335,0.145857,0.66528,12.849,1,0.362701,0.36288,0,32.6387,5.08966,27.5492,0.84672,12.849,0.84672,3695.15,0,0,0,0.850349,1.52482,3.64712,1.14593,4.87635,0.42336,0,0.42336,460.49,0,1.02816,0,0,1.87851,0.850349,1.028160,1,0,32.5714,0,0,0,32.5714,0
86.3717,2.52166,0,0,1.45109,0.154359,0.36288,3.6288,61.308,0.244525,0,0,0.585982,0.311119,0.030339,0.66528,12.849,1,0.36836,0.36288,0,29.3584,6.07771,23.2752,0.84672,12.849,0.84672,3695.15,0,0,0,0.857701,1.52484,3.45641,1.50659,4.33236,0.42336,0,0.42336,460.49,0,1.02816,0,0,1.88586,0.857701,1.028160,1,0,27.6379,0,0,0,27.6379,0
84.7574,2.58067,0,0,1.46965,0.14035,0.36288,3.6288,61.2939,0.268253,0,0,0.554571,0.300371,0,0.66528,12.849,1,0.383911,0.36288,0,26.9164,6.06836,20.827,0.84672,12.849,0.84672,3695.15,0,0,0,0.742107,1.52487,3.42169,1.46448,4.22418,0.42336,0,0.42336,460.49,0,1.02816,0,0,1.77027,0.742107,1.028160,1,0,25.0512,0,0,0,25.0512,0
83.1716,2.57438,0,0,1.48775,0.136342,0.36288,3.6288,61.2403,0.268271,0,0,0.513189,0.298554,0,0.66528,12.849,1,0.390269,0.36288,0,34.8983,6.06679,28.8041,0.84672,12.849,0.84672,3695.15,0,0,0,0.924307,1.55717,3.7732,1.45746,4.79722,0.42336,0,0.42336,460.49,0,1.02816,0,0,1.95247,0.924307,1.028160,1,0,33.6013,0,0,0,33.6013,0
81.4995,2.56798,0,0,1.39306,0.134336,0.36288,3.6288,61.1508,0.26829,0,0,0.477247,0.298452,0,0.66528,12.849,1,0.396722,0.36288,0,28.02,6.06679,21.9194,0.84672,12.849,0.84672,3695.15,0,0,0,0.888106,1.5572,3.40125,1.45746,4.38909,0.42336,0,0.42336,460.49,0,1.02816,0,0,1.91627,0.888106,1.028160,1,0,26.3085,0,0,0,26.3085,0
79.7117,2.56101,0,0,1.26833,0.132222,0.36288,3.6288,61.0373,0.268308,0,0,0.453082,0.298284,0,0.66528,12.849,1,0.403762,0.36288,0,25.5364,6.06679,19.4287,0.84672,12.849,0.84672,3695.15,0,0,0,0.593231,1.55722,3.17259,1.45746,3.86558,0.42336,0,0.42336,460.49,0,1.02816,0,0,1.62139,0.593231,1.028160,1,0,23.2943,0,0,0,23.2943,0
77.8156,2.74117,0,0,1.34069,0.13267,0.36288,3.6288,60.8881,0.353913,0,0,0.509941,0.305274,0,0.66528,12.849,1,0.441859,0.36288,0,24.6669,6.32018,18.2677,0.84672,12.849,0.84672,3695.15,0,0,0,0.983258,1.55725,4.04208,1.56811,5.01448,0.42336,0,0.42336,460.49,0,1.02816,0,0,2.01142,0.983258,1.028160,1,0,23.2822,0,0,0,23.2822,0
75.739,2.73199,0,0,1.1684,0.150217,0.36288,3.6288,60.6585,0.353934,0,0,0.432887,0.308557,0,0.66528,12.849,1,0.451109,0.36288,0,22.4075,6.48354,15.8357,0.84672,12.849,0.84672,3695.15,0,0,0,0.52062,1.66429,2.4715,1.68077,2.97564,0.42336,0,0.42336,460.49,0,1.02816,0,0,1.54878,0.52062,1.028160,1,0,18.8114,0,0,0,18.8114,0
73.5328,2.72147,0,0,1.02532,0.147125,0.36288,3.6288,60.414,0.353954,0,0,0.417628,0.308108,0,0.66528,12.849,1,0.461693,0.36288,0,28.4838,6.48354,21.9015,0.84672,12.849,0.84672,3695.15,0,0,0,0.451647,1.66432,2.37333,1.68077,2.80852,0.42336,0,0.42336,460.49,0,1.02816,0,0,1.47981,0.451647,1.028160,1,0,24.71,0,0,0,24.71,0
71.3635,2.70973,0,0,1.04717,0.14384,0.36288,3.6288,60.2315,0.353974,0,0,0.479062,0.307629,0,0.66528,12.849,1,0.473494,0.36288,0,24.6741,6.48354,18.08,0.84672,12.849,0.84672,3695.15,0,0,0,0.535516,1.66435,2.46466,1.68077,2.98375,0.42336,0,0.42336,460.49,0,1.02816,0,0,1.56368,0.535516,1.028160,1,0,21.0637,0,0,0,21.0637,0
69.2848,2.69759,0,0,1.08801,0.106219,0.36288,3.6288,60.0507,0.353994,0,0,0.485271,0.312085,0,0.66528,12.849,1,0.485701,0.36288,0,27.1926,6.47315,20.5966,0.84672,12.849,0.84672,3695.15,0,0,0,0.826278,1.66437,3.11428,1.72717,3.87776,0.42336,0,0.42336,460.49,0,1.02816,0,0,1.85444,0.826278,1.028160,1,0,24.4744,0,0,0,24.4744,0
67.3103,2.59564,0,0,1.11088,0.126922,0.36288,3.6288,59.8967,0.391555,0,0,0.537119,0.299529,0,0.66528,12.849,1,0.481366,0.36288,0,28.1917,5.3017,22.7715,0.84672,12.849,0.84672,3695.15,0,0,0,0.204422,1.6644,3.21043,1.57384,3.50541,0.42336,0,0.42336,460.49,0,0.938667,0,0,1.14309,0.204422,1.028160,1,0,26.2769,0,0,0,26.2769,0
65.0765,2.83776,0,0,1.14098,0.174144,0.36288,3.6288,59.9764,0.179833,0,0,0.517766,0.258206,0,0.66528,12.849,1,0.541706,0.36288,0,21.5662,4.84078,16.5466,0.84672,12.849,0.84672,3695.15,0,0,0,0.204422,1.60436,2.78084,1.40706,3.18256,0.42336,0,0.42336,460.49,0,0.848007,0,0,1.05243,0.204422,1.028160,1,0,19.7292,0,0,0,19.7292,0
63.6651,2.56975,0,0,1.71122,0.189918,0.36288,3.6288,60.0256,0.3021,0,0,0.595911,0.244652,0,0.66528,12.849,1,0.507383,0.36288,0,26.2645,4.73035,21.3896,0.84672,12.849,0.84672,3695.15,0,0,0,0.281353,1.42742,2.95783,1.36913,3.29748,0.42336,0,0.42336,460.49,0,1.02816,0,0,1.30951,0.281353,1.028160,1,0,24.6871,0,0,0,24.6871,0
62.6129,2.81206,0,0,2.31041,0.187766,0.36288,3.6288,60.7438,0,0,0,0.962954,0.244729,0,0.66528,12.849,1,0.567534,0.36288,0,52.4108,4.73035,47.4758,0.84672,12.849,0.84672,3695.15,0,0,0,1.10135,1.60441,4.65925,1.36913,5.99588,0.42336,0,0.42336,460.49,0,1.02788,0,0,2.12923,1.10135,1.028160,1,0,53.4717,0,0,0,53.4717,0
60.3721,2.73176,0,0,1.08519,0.231328,0.36288,3.6288,61.0398,0,0,0,0.517727,0.221703,0,0.66528,12.849,1,0.560594,0.36288,0,29.9062,4.26768,25.4408,0.84672,12.849,0.84672,3695.15,0,0,0,0.290088,1.42748,2.32788,1.0924,2.95304,0.42336,0,0.42336,460.49,0,0.980605,0,0,1.27069,0.290088,1.028160,1,0,28.3938,0,0,0,28.3938,0
58.6269,2.71465,0,0,1.57718,0.244818,0.36288,3.6288,61.308,0,0,0,0.518958,0.212443,0.0383585,0.66528,12.849,1,0.57776,0.36288,0,37.2858,4.08261,32.9883,0.84672,12.849,0.84672,3695.15,0,0,0,0.230217,1.3746,2.55696,0.981712,3.18006,0.42336,0,0.42336,460.49,0,0.980623,0,0,1.21084,0.230217,1.028160,1,0,36.2068,0,0,0,36.2068,0
58.4,2.7006,0,0,3.07736,0.240764,0.36288,3.6288,61.308,0,0,0,0.933265,0.212804,0.720461,0.66528,12.849,1,0.591878,0.36288,0,52.5102,4.08261,48.1986,0.84672,12.849,0.84672,3695.15,0,0,0,0.637734,1.37463,4.95755,0.981712,5.9882,0.42336,0,0.42336,460.49,0,0.980642,0,0,1.61838,0.637734,1.028160,1,0,54.9073,0,0,0,54.9073,0
57.5983,2.69876,0,0,2.50012,0.240235,0.36288,3.6288,61.308,0,0,0,1.13988,0.212804,0.92708,0.66528,12.849,1,0.593774,0.36288,0,47.4846,4.08261,43.1711,0.84672,12.849,0.84672,3695.15,0,0,0,1.58928,1.37465,4.50605,0.981712,6.48827,0.42336,0,0.42336,460.49,0,0.98066,0,0,2.56994,1.58928,1.028160,1,0,50.5864,0,0,0,50.5864,0
56.6681,2.48931,0,0,2.16956,0.247499,0.36288,3.6288,61.308,0,0,0,0.634598,0.221221,0.413376,0.66528,12.849,1,0.555315,0.36288,0,41.0897,4.13859,36.7587,0.84672,12.849,0.84672,3695.15,0,0,0,0.617718,1.37468,6.00162,1.02598,6.96803,0.42336,0,0.42336,460.49,0,0.882172,0,0,1.49989,0.617718,1.028160,1,0,44.1401,0,0,0,44.1401,0
55.8932,2.48193,0,0,2.32724,0.257315,0.36288,3.6288,61.308,0,0,0,0.529549,0.232444,0.297105,0.66528,12.849,1,0.562755,0.36288,0,65.4298,4.21323,61.0167,0.84672,12.849,0.84672,3695.15,0,0,0,0.552618,1.25213,6.84121,1.08501,7.56095,0.42336,0,0.42336,460.49,0,0.882189,0,0,1.43481,0.552618,1.028160,1,0,68.8747,0,0,0,68.8747,0
58.2538,2.47563,0,0,5.45439,0.255346,0.36288,3.6288,61.308,0,0,0,1.46736,0.232444,1.23491,0.66528,12.849,1,0.56911,0.36288,0,138.633,4.21323,134.214,0.84672,12.849,0.84672,3695.15,0,0,0,2.76239,1.25215,9.56146,1.08501,12.491,0.42336,0,0.42336,460.49,0,0.882205,0,0,3.64459,2.76239,1.028160,1,0,147.94,0,0,0,147.94,0
59.8134,2.49457,0,0,4.66855,0.25143,0.36288,3.6288,61.308,0,0,0,0.50649,0.227998,0.278491,0.66528,12.849,1,0.550226,0.36288,0,82.3686,3.98553,78.1957,0.84672,12.849,0.84672,3695.15,0,0,0,0.835635,1.25218,6.92471,1.04727,7.96525,0.42336,0,0.42336,460.49,0,0.882222,0,0,1.71786,0.835635,1.028160,1,0,86.4394,0,0,0,86.4394,0
60.8503,2.50643,0,0,4.14797,0.241823,0.36288,3.6288,61.308,0,0,0,0.875456,0.22207,0.653386,0.66528,12.849,1,0.538426,0.36288,0,64.1217,3.68193,60.2642,0.84672,12.849,0.84672,3695.15,0,0,0,1.04281,1.2522,6.41188,0.996955,7.70993,0.42336,0,0.42336,460.49,0,0.882238,0,0,1.92504,1.04281,1.028160,1,0,68.6275,0,0,0,68.6275,0
65.6798,2.5928,0,0,8.05144,0.26623,0.36288,3.6288,61.308,0,0,0,1.65545,0.238845,1.4166,0.66528,12.849,1,0.54749,0.36288,0,149.719,4.08849,145.446,0.84672,12.849,0.84672,3695.15,0,0,0,3.07298,1.25222,8.81677,1.14292,11.9991,0.42336,0,0.42336,460.49,0,0.91078,0,0,3.98376,3.07298,1.028160,1,0,158.862,0,0,0,158.862,0
68.9605,2.62651,0,0,6.54572,0.275656,0.36288,3.6288,61.308,0,0,0,1.40886,0.232793,1.17606,0.66528,12.849,1,0.513826,0.36288,0,85.9196,4.12954,81.6391,0.84672,12.849,0.84672,3695.15,0,0,0,3.31488,1.29216,6.80806,1.15218,10.2629,0.42336,0,0.42336,460.49,0,0.910792,0,0,4.22567,3.31488,1.028160,1,0,93.0781,0,0,0,93.0781,0
72.261,2.64715,0,0,6.59343,0.28288,0.36288,3.6288,61.308,0,0,0,1.68687,0.232793,1.45408,0.66528,12.849,1,0.493227,0.36288,0,143.176,4.12954,138.916,0.84672,12.849,0.84672,3695.15,0,0,0,3.12588,1.29218,8.02781,1.15218,11.2937,0.42336,0,0.42336,460.49,0,0.910803,0,0,4.03669,3.12588,1.028160,1,0,151.664,0,0,0,151.664,0
74.2304,2.66631,0,0,5.28872,0.290148,0.36288,3.6288,61.308,0,0,0,1.16841,0.232793,0.935621,0.66528,12.849,1,0.474106,0.36288,0,96.3101,4.12954,92.0693,0.84672,12.849,0.84672,3695.15,0,0,0,2.66552,1.29219,5.27321,1.15218,8.07875,0.42336,0,0.42336,460.49,0,0.910815,0,0,3.57634,2.66552,1.028160,1,0,101.084,0,0,0,101.084,0
74.4603,2.93818,0,0,3.95841,0.427462,0.36288,3.6288,61.308,0,0,0,1.29063,0.200933,1.0897,0.66528,12.849,1,0.508588,0.36288,0,75.087,3.65785,71.2835,0.84672,12.849,0.84672,3695.15,0,0,0,2.08739,1.29221,5.88336,0.988225,8.27473,0.42336,0,0.42336,460.49,0,1.01792,0,0,3.10531,2.08739,1.028160,1,0,80.6479,0,0,0,80.6479,0
74.3556,2.93956,0,0,3.66754,0.46976,0.36288,3.6288,61.308,0,0,0,1.27233,0.178986,1.09334,0.66528,12.849,1,0.507255,0.36288,0,66.0627,3.65169,62.2666,0.84672,12.849,0.84672,3695.15,0,0,0,2.51866,1.43237,6.84798,1.00481,9.7942,0.42336,0,0.42336,460.49,0,1.01793,0,0,3.53659,2.51866,1.028160,1,0,73.1541,0,0,0,73.1541,0
75.14,2.93898,0,0,4.55552,0.469256,0.36288,3.6288,61.308,0,0,0,1.28898,0.178986,1.11,0.66528,12.849,1,0.50787,0.36288,0,94.5207,3.65169,90.7241,0.84672,12.849,0.84672,3695.15,0,0,0,2.80511,1.43239,7.51671,1.00481,10.7494,0.42336,0,0.42336,460.49,0,1.01795,0,0,3.82305,2.80511,1.028160,1,0,102.583,0,0,0,102.583,0
75.9333,2.94355,0,0,4.5727,0.473034,0.36288,3.6288,61.308,0,0,0,1.42887,0.178986,1.24989,0.66528,12.849,1,0.503349,0.36288,0,87.4385,3.65169,83.6464,0.84672,12.849,0.84672,3695.15,0,0,0,2.92023,1.43241,7.91934,1.00481,11.2672,0.42336,0,0.42336,460.49,0,1.01796,0,0,3.93819,2.92023,1.028160,1,0,96.1634,0,0,0,96.1634,0
77.6,2.5744,0,0,5.07618,0.472218,0.36288,3.6288,61.308,0,0,0,2.18023,0.174735,2.00549,0.66528,12.849,1,0.435625,0.36288,0,94.2926,3.41469,90.8052,0.84672,12.849,0.84672,3695.15,0,0,0,3.24166,1.43242,8.97065,0.8915,12.7532,0.42336,0,0.42336,460.49,0,0.874243,0,0,4.11591,3.24166,1.028160,1,0,105.564,0,0,0,105.564,0
81.2568,2.58246,0,0,7.07877,0.476633,0.36288,3.6288,61.308,0,0,0,2.576,0.171547,2.40445,0.66528,12.849,1,0.427603,0.36288,0,97.0963,3.23694,93.7947,0.84672,12.849,0.84672,3695.15,0,0,0,2.98971,1.23952,8.99873,0.806519,12.4214,0.42336,0,0.42336,460.49,0,0.874254,0,0,3.86396,2.98971,1.028160,1,0,108.621,0,0,0,108.621,0
83.5313,2.5991,0,0,5.73047,0.493946,0.36288,3.6288,61.308,0,0,0,1.82062,0.171547,1.64907,0.66528,12.849,1,0.410992,0.36288,0,97.3443,3.23694,94.0592,0.84672,12.849,0.84672,3695.15,0,0,0,1.59972,1.23953,6.1741,0.806519,8.20684,0.42336,0,0.42336,460.49,0,0.874265,0,0,2.47399,1.59972,1.028160,1,0,103.915,0,0,0,103.915,0
84.0408,2.60884,0,0,3.98591,0.504716,0.36288,3.6288,61.308,0,0,0,1.30069,0.171547,1.12914,0.66528,12.849,1,0.401298,0.36288,0,90.2621,3.23694,86.9867,0.84672,12.849,0.84672,3695.15,0,0,0,1.31756,1.23955,5.93552,0.806519,7.68611,0.42336,0,0.42336,460.49,0,0.874277,0,0,2.19184,1.31756,1.028160,1,0,95.802,0,0,0,95.802,0
85.0643,2.61098,0,0,4.4063,0.40895,0.36288,3.6288,61.308,0,0,0,1.08488,0.141907,0.942975,0.66528,12.849,1,0.399193,0.36288,0,86.3758,2.84106,83.4984,0.84672,12.849,0.84672,3695.15,0,0,0,1.03619,1.23957,5.66742,0.757446,7.18573,0.42336,0,0.42336,460.49,0,0.874288,0,0,1.91048,1.03619,1.028160,1,0,91.6271,0,0,0,91.6271,0
85.4835,2.71074,0,0,3.92238,0.429524,0.36288,3.6288,61.308,0,0,0,1.0281,0.174637,0.853462,0.66528,12.849,1,0.409459,0.36288,0,99.5432,3.5176,95.979,0.84672,12.849,0.84672,3695.15,0,0,0,1.11238,1.23958,4.48112,0.901397,5.93168,0.42336,0,0.42336,460.49,0,0.909462,0,0,2.02184,1.11238,1.028160,1,0,102.764,0,0,0,102.764,0
85.639,2.71252,0,0,3.66213,0.431189,0.36288,3.6288,61.308,0,0,0,1.13074,0.174637,0.956105,0.66528,12.849,1,0.407718,0.36288,0,74.8233,3.5176,71.2608,0.84672,12.849,0.84672,3695.15,0,0,0,1.08865,1.28738,3.982,0.901397,5.45663,0.42336,0,0.42336,460.49,0,0.909474,0,0,1.99812,1.08865,1.028160,1,0,77.6736,0,0,0,77.6736,0
85.5427,2.7132,0,0,3.4082,0.428437,0.36288,3.6288,61.308,0,0,0,1.45421,0.16902,1.28519,0.66528,12.849,1,0.407079,0.36288,0,69.5148,3.30084,66.1698,0.84672,12.849,0.84672,3695.15,0,0,0,1.55281,1.28739,5.98848,0.858344,7.97034,0.42336,0,0.42336,460.49,0,0.909485,0,0,2.4623,1.55281,1.028160,1,0,75.4253,0,0,0,75.4253,0
84.9459,2.71283,0,0,2.86937,0.390514,0.36288,3.6288,61.308,0,0,0,1.00698,0.182114,0.824869,0.66528,12.849,1,0.407483,0.36288,0,60.9098,3.51645,57.3487,0.84672,12.849,0.84672,3695.15,0,0,0,0.810744,1.28741,3.51912,0.896887,4.72038,0.42336,0,0.42336,460.49,0,0.909497,0,0,1.72024,0.810744,1.028160,1,0,62.8939,0,0,0,62.8939,0
84.8477,2.67303,0,0,3.25617,0.318482,0.36288,3.6288,61.308,0,0,0,1.1531,0.214842,0.938261,0.66528,12.849,1,0.404325,0.36288,0,61.306,3.71706,57.5475,0.84672,12.849,0.84672,3695.15,0,0,0,1.67817,1.28742,4.4008,0.941601,6.42479,0.42336,0,0.42336,460.49,0,0.895851,0,0,2.57402,1.67817,1.028160,1,0,64.9105,0,0,0,64.9105,0
84.2373,2.67265,0,0,2.73174,0.306555,0.36288,3.6288,61.308,0,0,0,1.03312,0.220297,0.812822,0.66528,12.849,1,0.404736,0.36288,0,52.9066,3.75049,49.1143,0.84672,12.849,0.84672,3695.15,0,0,0,1.51256,1.26883,3.88286,0.949054,5.71519,0.42336,0,0.42336,460.49,0,0.895862,0,0,2.40842,1.51256,1.028160,1,0,55.6423,0,0,0,55.6423,0
83.317,2.67014,0,0,2.41752,0.304822,0.36288,3.6288,61.308,0,0,0,0.91457,0.220297,0.694273,0.66528,12.849,1,0.407286,0.36288,0,49.8528,3.75049,46.0579,0.84672,12.849,0.84672,3695.15,0,0,0,1.024,1.26885,3.69802,0.949054,5.04182,0.42336,0,0.42336,460.49,0,0.895873,0,0,1.91988,1.024,1.028160,1,0,51.794,0,0,0,51.794,0
82.8361,2.66628,0,0,2.85046,0.302207,0.36288,3.6288,61.308,0,0,0,1.03579,0.220297,0.815492,0.66528,12.849,1,0.411189,0.36288,0,56.3453,3.75049,52.5465,0.84672,12.849,0.84672,3695.15,0,0,0,1.09536,1.26886,4.34089,0.949054,5.75606,0.42336,0,0.42336,460.49,0,0.895885,0,0,1.99124,1.09536,1.028160,1,0,59.1181,0,0,0,59.1181,0
81.9213,2.79063,0,0,2.4202,0.181515,0.36288,3.6288,61.308,0,0,0,0.946262,0.25781,0.688453,0.66528,12.849,1,0.432865,0.36288,0,47.7365,4.13026,43.5363,0.84672,12.849,0.84672,3695.15,0,0,0,1.35819,1.26888,3.88478,1.06137,5.45048,0.42336,0,0.42336,460.49,0,0.944333,0,0,2.30253,1.35819,1.028160,1,0,49.6752,0,0,0,49.6752,0
80.9471,2.78649,0,0,2.38076,0.20556,0.36288,3.6288,61.308,0,0,0,0.973538,0.251281,0.722256,0.66528,12.849,1,0.437049,0.36288,0,47.6517,3.90107,43.6764,0.84672,12.849,0.84672,3695.15,0,0,0,1.4539,1.33367,3.89923,1.05143,5.63538,0.42336,0,0.42336,460.49,0,0.944345,0,0,2.39825,1.4539,1.028160,1,0,50.0341,0,0,0,50.0341,0
79.8584,2.78198,0,0,2.25986,0.203652,0.36288,3.6288,61.308,0,0,0,0.88852,0.251281,0.637239,0.66528,12.849,1,0.441593,0.36288,0,43.1825,3.90107,39.2028,0.84672,12.849,0.84672,3695.15,0,0,0,1.19483,1.33369,3.65983,1.05143,5.13692,0.42336,0,0.42336,460.49,0,0.944357,0,0,2.13919,1.19483,1.028160,1,0,44.9769,0,0,0,44.9769,0
78.6187,2.77683,0,0,2.04864,0.148694,0.36288,3.6288,61.308,0,0,0,0.848206,0.27489,0.573316,0.66528,12.849,1,0.446785,0.36288,0,38.0755,4.16882,33.8228,0.84672,12.849,0.84672,3695.15,0,0,0,1.12493,1.33371,3.56475,1.11984,4.90355,0.42336,0,0.42336,460.49,0,0.944369,0,0,2.0693,1.12493,1.028160,1,0,39.2997,0,0,0,39.2997,0
77.345,2.77081,0,0,1.99008,0.130067,0.36288,3.6288,61.308,0,0,0,0.797014,0.281244,0.51577,0.66528,12.849,1,0.452846,0.36288,0,37.213,4.39611,32.7269,0.84672,12.849,0.84672,3695.15,0,0,0,1.0323,1.33373,3.34544,1.16287,4.5486,0.42336,0,0.42336,460.49,0,0.944381,0,0,1.97669,1.0323,1.028160,1,0,37.7913,0,0,0,37.7913,0
76.3022,2.73969,0,0,2.21219,0.152373,0.36288,3.6288,61.308,0,0,0,0.681221,0.262711,0.41851,0.66528,12.849,1,0.455134,0.36288,0,38.119,5.11728,32.9095,0.84672,12.849,0.84672,3695.15,0,0,0,1.12831,1.33374,2.23668,1.25684,3.4419,0.42336,0,0.42336,460.49,0,0.971016,0,0,2.09933,1.12831,1.028160,1,0,36.7699,0,0,0,36.7699,0
75.0992,2.7344,0,0,2.04503,0.15079,0.36288,3.6288,61.308,0,0,0,0.658593,0.262711,0.395881,0.66528,12.849,1,0.460463,0.36288,0,37.8889,5.11728,32.674,0.84672,12.849,0.84672,3695.15,0,0,0,1.09278,1.34892,2.26799,1.25684,3.45285,0.42336,0,0.42336,460.49,0,0.971029,0,0,2.06381,1.09278,1.028160,1,0,36.5228,0,0,0,36.5228,0
73.7158,2.72814,0,0,1.85655,0.148965,0.36288,3.6288,61.308,0,0,0,0.622168,0.262711,0.359457,0.66528,12.849,1,0.466768,0.36288,0,36.7627,5.11728,31.5415,0.84672,12.849,0.84672,3695.15,0,0,0,0.890309,1.34893,2.13189,1.25684,3.11429,0.42336,0,0.42336,460.49,0,0.971041,0,0,1.86135,0.890309,1.028160,1,0,35.0153,0,0,0,35.0153,0
72.1984,2.72071,0,0,1.69995,0.133726,0.36288,3.6288,61.308,0,0,0,0.592148,0.284649,0.307499,0.66528,12.849,1,0.474233,0.36288,0,32.4201,5.39958,26.9092,0.84672,12.849,0.84672,3695.15,0,0,0,0.813902,1.34895,2.07036,1.35988,2.87333,0.42336,0,0.42336,460.49,0,0.971053,0,0,1.78495,0.813902,1.028160,1,0,30.09,0,0,0,30.09,0
70.6393,2.77559,0,0,1.65265,0.0732565,0.36288,3.6288,61.308,0,0,0,0.558245,0.31711,0.241135,0.66528,12.849,1,0.493966,0.36288,0,27.2323,6.10668,20.9946,0.84672,12.849,0.84672,3695.15,0,0,0,0.818077,1.34897,1.95723,1.5073,2.61697,0.42336,0,0.42336,460.49,0,0.994794,0,0,1.81287,0.818077,1.028160,1,0,23.8527,0,0,0,23.8527,0
69.0673,2.7664,0,0,1.62976,0.0724738,0.36288,3.6288,61.308,0,0,0,0.488106,0.308157,0.17995,0.66528,12.849,1,0.503196,0.36288,0,34.2993,6.10722,28.0518,0.84672,12.849,0.84672,3695.15,0,0,0,0.949522,1.38129,2.09395,1.46322,2.96154,0.42336,0,0.42336,460.49,0,0.994807,0,0,1.94433,0.949522,1.028160,1,0,31.1933,0,0,0,31.1933,0
67.4021,2.75678,0,0,1.52604,0.0715984,0.36288,3.6288,61.308,0,0,0,0.45392,0.308157,0.145763,0.66528,12.849,1,0.512859,0.36288,0,27.539,6.10722,21.2818,0.84672,12.849,0.84672,3695.15,0,0,0,0.913471,1.38131,1.88752,1.46322,2.71908,0.42336,0,0.42336,460.49,0,0.994819,0,0,1.90829,0.913471,1.028160,1,0,24.1467,0,0,0,24.1467,0
65.6118,2.74617,0,0,1.3894,0.0706711,0.36288,3.6288,61.308,0,0,0,0.43094,0.308157,0.122783,0.66528,12.849,1,0.523508,0.36288,0,25.0981,6.10722,18.8302,0.84672,12.849,0.84672,3695.15,0,0,0,0.61982,1.38133,1.76064,1.46322,2.29857,0.42336,0,0.42336,460.49,0,0.994832,0,0,1.61465,0.61982,1.028160,1,0,21.2516,0,0,0,21.2516,0
63.8646,2.91687,0,0,1.59782,0.0652982,0.36288,3.6288,61.308,0.0523365,0,0,0.503366,0.306167,0.144863,0.66528,12.849,1,0.571221,0.36288,0,25.4635,6.26339,18.9918,0.84672,12.849,0.84672,3695.15,0,0,0,1.14447,1.38134,2.51913,1.48558,3.55937,0.42336,0,0.42336,460.49,0,1.02816,0,0,2.17263,1.14447,1.028160,1,0,22.6961,0,0,0,22.6961,0
62.0736,2.9039,0,0,1.55387,0.0780627,0.36288,3.6288,61.308,0.0523503,0,0,0.414856,0.307493,0.0550128,0.66528,12.849,1,0.584239,0.36288,0,24.1235,6.27532,17.6268,0.84672,12.849,0.84672,3695.15,0,0,0,0.766117,1.48846,1.76219,1.45078,2.56599,0.42336,0,0.42336,460.49,0,1.02816,0,0,1.79428,0.766117,1.028160,1,0,20.2478,0,0,0,20.2478,0
60.1074,2.88997,0,0,1.36358,0.0769294,0.36288,3.6288,61.308,0.052364,0,0,0.400225,0.307493,0.0403681,0.66528,12.849,1,0.598212,0.36288,0,30.6654,6.27532,24.1548,0.84672,12.849,0.84672,3695.15,0,0,0,0.686197,1.48848,1.6922,1.45078,2.41609,0.42336,0,0.42336,460.49,0,1.02816,0,0,1.71436,0.686197,1.028160,1,0,26.6112,0,0,0,26.6112,0
58.1876,2.87388,0,0,1.39264,0.075667,0.36288,3.6288,61.308,0.0523777,0,0,0.459099,0.307493,0.0992291,0.66528,12.849,1,0.614342,0.36288,0,26.5639,6.27532,20.0372,0.84672,12.849,0.84672,3695.15,0,0,0,0.78338,1.4885,1.75731,1.45078,2.57841,0.42336,0,0.42336,460.49,0,1.02816,0,0,1.81154,0.78338,1.028160,1,0,22.7148,0,0,0,22.7148,0
56.2972,2.85731,0,0,1.40516,0.0754095,0.36288,3.6288,61.308,0.0523914,0,0,0.462577,0.300598,0.109588,0.66528,12.849,1,0.630953,0.36288,0,26.9533,6.09048,20.5948,0.84672,12.849,0.84672,3695.15,0,0,0,1.22596,1.48852,2.2477,1.37882,3.58335,0.42336,0,0.42336,460.49,0,1.02816,0,0,2.25412,1.22596,1.028160,1,0,24.2877,0,0,0,24.2877,0
54.0957,2.75345,0,0,0.985323,0.0704039,0.36288,3.6288,61.308,0.000414347,0,0,0.34357,0.285988,0.0571686,0.66528,12.849,1,0.628433,0.36288,0,17.2159,5.5719,11.3784,0.84672,12.849,0.84672,3695.15,0,0,0,0.406935,1.48854,1.43202,1.46241,1.86508,0.42336,0,0.42336,460.49,0,1.02816,0,0,1.4351,0.406935,1.028160,1,0,13.3007,0,0,0,13.3007,0
52.3919,2.73281,0,0,1.47777,0.0859144,0.36288,3.6288,61.308,0.000427461,0,0,0.395424,0.272186,0.122811,0.66528,12.849,1,0.649107,0.36288,0,20.9664,5.46147,15.2187,0.84672,12.849,0.84672,3695.15,0,0,0,0.757495,1.42844,1.52315,1.42448,2.28461,0.42336,0,0.42336,460.49,0,1.02816,0,0,1.78565,0.757495,1.028160,1,0,17.6262,0,0,0,17.6262,0
51.2239,2.7159,0,0,1.99523,0.0844307,0.36288,3.6288,61.308,0.000440454,0,0,0.638981,0.272186,0.366354,0.66528,12.849,1,0.666068,0.36288,0,41.8389,5.46147,36.0743,0.84672,12.849,0.84672,3695.15,0,0,0,1.87525,1.42846,2.39932,1.42448,4.27855,0.42336,0,0.42336,460.49,0,1.02816,0,0,2.90341,1.87525,1.028160,1,0,40.7192,0,0,0,40.7192,0
49.7662,2.70379,0,0,1.73712,0.128146,0.36288,3.6288,61.308,0.000453567,0,0,0.458855,0.255172,0.203229,0.66528,12.849,1,0.678218,0.36288,0,39.2783,5.42245,33.5405,0.84672,12.849,0.84672,3695.15,0,0,0,1.01116,1.42848,1.52688,1.44199,2.52452,0.42336,0,0.42336,460.49,0,1.02816,0,0,2.03932,1.01116,1.028160,1,0,36.2683,0,0,0,36.2683,0
48.2802,2.6186,0,0,1.67775,0.182301,0.36288,3.6288,61.308,0,0,0,0.307722,0.210408,0.0973138,0.66528,12.849,1,0.676088,0.36288,0,27.9584,5.00972,22.6355,0.84672,12.849,0.84672,3695.15,0,0,0,0.359715,1.4285,1.40428,1.2808,1.91168,0.42336,0,0.42336,460.49,0,0.9813,0,0,1.34101,0.359715,1.028160,1,0,24.6445,0,0,0,24.6445,0
46.56,2.60219,0,0,1.42229,0.177463,0.36288,3.6288,61.244,0.103099,0,0,0.232943,0.193849,0,0.66528,12.849,1,0.692532,0.36288,0,20.647,4.73918,15.5782,0.84672,12.849,0.84672,3695.15,0,0,0,0.216518,1.37558,1.41129,1.1424,1.86099,0.42336,0,0.42336,460.49,0,0.878213,0,0,1.09473,0.216518,1.028160,1,0,17.4392,0,0,0,17.4392,0
46.0983,2.58217,0,0,2.65753,0.174142,0.36288,3.6288,61.308,0,0,0,0.63555,0.193771,0.377774,0.66528,12.849,1,0.712594,0.36288,0,41.1349,4.73918,36.046,0.84672,12.849,0.84672,3695.15,0,0,0,2.37196,1.37559,3.11351,1.1424,5.71867,0.42336,0,0.42336,460.49,0,0.981324,0,0,3.35329,2.37196,1.028160,1,0,42.1424,0,0,0,42.1424,0
47.8547,2.57663,0,0,4.87812,0.182189,0.36288,3.6288,61.308,0,0,0,1.15082,0.186018,0.964799,0.66528,12.849,1,0.718184,0.36288,0,79.0881,4.63035,74.1024,0.84672,12.849,0.84672,3695.15,0,0,0,2.32135,1.37561,4.07478,1.11157,6.66017,0.42336,0,0.42336,460.49,0,0.981337,0,0,3.30268,2.32135,1.028160,1,0,81.7274,0,0,0,81.7274,0
48.4769,2.40182,0,0,3.60898,0.222064,0.36288,3.6288,61.308,0,0,0,0.941383,0.175064,0.766319,0.66528,12.849,1,0.644889,0.36288,0,59.8004,4.26537,55.253,0.84672,12.849,0.84672,3695.15,0,0,0,1.47625,1.37563,4.52583,0.959161,6.41855,0.42336,0,0.42336,460.49,0,0.882776,0,0,2.35903,1.47625,1.028160,1,0,62.4379,0,0,0,62.4379,0
50.2782,2.4084,0,0,4.80856,0.236058,0.36288,3.6288,61.308,0,0,0,1.64046,0.214689,1.42577,0.66528,12.849,1,0.638355,0.36288,0,105.762,4.50513,100.982,0.84672,12.849,0.84672,3695.15,0,0,0,2.33632,1.25299,7.54739,1.11547,10.0212,0.42336,0,0.42336,460.49,0,0.882787,0,0,3.21911,2.33632,1.028160,1,0,112.429,0,0,0,112.429,0
51.78,2.42664,0,0,4.53203,0.240654,0.36288,3.6288,61.308,0,0,0,1.51667,0.214689,1.30198,0.66528,12.849,1,0.620148,0.36288,0,82.6321,4.50513,77.8697,0.84672,12.849,0.84672,3695.15,0,0,0,2.29975,1.253,5.75042,1.11547,8.1877,0.42336,0,0.42336,460.49,0,0.882799,0,0,3.18254,2.29975,1.028160,1,0,87.3594,0,0,0,87.3594,0
56.4801,2.44108,0,0,7.72179,0.217702,0.36288,3.6288,61.308,0,0,0,1.73694,0.206448,1.53049,0.66528,12.849,1,0.605745,0.36288,0,143.483,3.77723,139.463,0.84672,12.849,0.84672,3695.15,0,0,0,2.32449,1.25302,8.67703,0.963508,11.291,0.42336,0,0.42336,460.49,0,0.88281,0,0,3.2073,2.32449,1.028160,1,0,152.284,0,0,0,152.284,0
58.914,2.48218,0,0,5.4916,0.212726,0.36288,3.6288,61.308,0,0,0,1.37802,0.210062,1.16796,0.66528,12.849,1,0.564686,0.36288,0,128.11,3.2865,124.621,0.84672,12.849,0.84672,3695.15,0,0,0,2.08992,1.25303,6.19754,0.660697,8.8798,0.42336,0,0.42336,460.49,0,0.882821,0,0,2.97274,2.08992,1.028160,1,0,134.669,0,0,0,134.669,0
62.4638,2.50133,0,0,6.65011,0.236106,0.36288,3.6288,61.308,0,0,0,1.78377,0.230578,1.55319,0.66528,12.849,1,0.545535,0.36288,0,146.717,3.93936,142.595,0.84672,12.849,0.84672,3695.15,0,0,0,3.77479,1.25305,7.51319,0.98448,11.5565,0.42336,0,0.42336,460.49,0,0.882821,0,0,4.65761,3.77479,1.028160,1,0,155.704,0,0,0,155.704,0
65.3001,2.60624,0,0,6.05224,0.246731,0.36288,3.6288,61.308,0,0,0,1.75885,0.233998,1.52486,0.66528,12.849,1,0.536112,0.36288,0,109.884,4.04817,105.662,0.84672,12.849,0.84672,3695.15,0,0,0,3.36345,1.25305,6.97836,1.03844,10.5564,0.42336,0,0.42336,460.49,0,0.911376,0,0,4.27483,3.36345,1.028160,1,0,117.743,0,0,0,117.743,0
67.584,2.62571,0,0,5.53754,0.265118,0.36288,3.6288,61.308,0,0,0,1.1395,0.230428,0.909076,0.66528,12.849,1,0.516657,0.36288,0,97.0428,4.08615,92.8028,0.84672,12.849,0.84672,3695.15,0,0,0,2.45433,1.29301,6.52834,1.10467,9.17101,0.42336,0,0.42336,460.49,0,0.911382,0,0,3.36571,2.45433,1.028160,1,0,102.883,0,0,0,102.883,0
70.1187,2.6404,0,0,5.84017,0.302169,0.36288,3.6288,61.308,0,0,0,1.30373,0.221502,1.08223,0.66528,12.849,1,0.501991,0.36288,0,115.904,4.1811,111.584,0.84672,12.849,0.84672,3695.15,0,0,0,2.56427,1.29301,7.13125,1.27023,9.7183,0.42336,0,0.42336,460.49,0,0.911388,0,0,3.47566,2.56427,1.028160,1,0,122.384,0,0,0,122.384,0
71.3519,2.65576,0,0,4.54753,0.295739,0.36288,3.6288,61.308,0,0,0,1.37359,0.227714,1.14587,0.66528,12.849,1,0.486658,0.36288,0,89.5648,4.23182,85.2092,0.84672,12.849,0.84672,3695.15,0,0,0,2.18865,1.29302,4.98242,1.18388,7.28022,0.42336,0,0.42336,460.49,0,0.911395,0,0,3.10005,2.18865,1.028160,1,0,93.6353,0,0,0,93.6353,0
73.563,2.92263,0,0,5.77848,0.281786,0.36288,3.6288,61.308,0,0,0,1.83319,0.235996,1.5972,0.66528,12.849,1,0.526306,0.36288,0,98.0796,4.29943,93.6167,0.84672,12.849,0.84672,3695.15,0,0,0,2.58944,1.29303,6.37974,1.06874,9.19348,0.42336,0,0.42336,460.49,0,1.01856,0,0,3.608,2.58944,1.028160,1,0,104.407,0,0,0,104.407,0
76.9236,2.93612,0,0,7.03402,0.374451,0.36288,3.6288,61.308,0,0,0,1.97967,0.240115,1.73955,0.66528,12.849,1,0.512842,0.36288,0,91.362,4.27444,86.9375,0.84672,12.849,0.84672,3695.15,0,0,0,3.23276,1.43327,8.16101,1.052,11.775,0.42336,0,0.42336,460.49,0,1.01857,0,0,4.25133,3.23276,1.028160,1,0,100.452,0,0,0,100.452,0
78.099,2.95534,0,0,4.93996,0.446343,0.36288,3.6288,61.308,0,0,0,1.71987,0.218223,1.50165,0.66528,12.849,1,0.493648,0.36288,0,95.809,3.88311,91.7951,0.84672,12.849,0.84672,3695.15,0,0,0,2.50639,1.43328,5.8349,1.04095,8.73363,0.42336,0,0.42336,460.49,0,1.01858,0,0,3.52496,2.50639,1.028160,1,0,102.03,0,0,0,102.03,0
81.7495,2.96174,0,0,7.4687,0.493561,0.36288,3.6288,61.308,0,0,0,2.39166,0.208099,2.18357,0.66528,12.849,1,0.487271,0.36288,0,167.708,3.8544,163.73,0.84672,12.849,0.84672,3695.15,0,0,0,3.55191,1.43329,14.4013,1.00317,18.3834,0.42336,0,0.42336,460.49,0,1.01858,0,0,4.57049,3.55191,1.028160,1,0,184.297,0,0,0,184.297,0
86.2194,2.60276,0,0,7.98111,0.545625,0.36288,3.6288,61.308,0,0,0,2.78143,0.201755,2.57968,0.66528,12.849,1,0.409089,0.36288,0,262.034,3.8892,258.098,0.84672,12.849,0.84672,3695.15,0,0,0,3.85976,1.4333,11.5544,0.945956,15.9016,0.42336,0,0.42336,460.49,0,0.874774,0,0,4.73454,3.85976,1.028160,1,0,276.58,0,0,0,276.58,0
91.6864,2.62123,0,0,9.02007,0.568893,0.36288,3.6288,61.308,0,0,0,2.80035,0.201755,2.5986,0.66528,12.849,1,0.390634,0.36288,0,205.472,3.8892,201.555,0.84672,12.849,0.84672,3695.15,0,0,0,6.00523,1.24027,13.3993,0.945956,19.6989,0.42336,0,0.42336,460.49,0,0.87478,0,0,6.88001,6.00523,1.028160,1,0,223.853,0,0,0,223.853,0
97.506,2.64168,0,0,16.7085,0.597351,7.64996,3.6288,61.308,0,0,0,5.16682,0.201755,4.96507,0.66528,12.849,1,0.370207,7.64996,0,223.549,3.8892,226.939,0.84672,12.849,0.84672,3695.15,0,0,0,7.48778,1.24028,19.1462,0.945956,26.9283,0.42336,0,0.42336,460.49,0,0.874786,0,0,8.36257,7.48778,1.028160,1,0,258.833,0,0,0,258.833,0
97.506,2.66122,0,0,9.58815,0.630848,6.29608,3.6288,61.308,0,0,0,2.08187,0.122272,1.9596,0.66528,12.849,1,0.350687,6.29608,0,191.609,3.52454,194.03,0.84672,12.849,0.84672,3695.15,0,0,0,3.65449,1.24029,11.4159,0.814534,15.4962,0.42336,0,0.42336,460.49,0,0.874792,0,0,4.52928,3.65449,1.028160,1,0,211.486,0,0,0,211.486,0
97.506,2.66124,0,0,9.72743,0.542402,6.52379,3.6288,61.308,0,0,0,3.80136,0.153631,3.64773,0.66528,12.849,1,0.350689,6.52379,0,163.559,4.18173,165.55,0.84672,12.849,0.84672,3695.15,0,0,0,5.01464,1.2403,13.715,1.0144,18.9555,0.42336,0,0.42336,460.49,0,0.874798,0,0,5.88944,5.01464,1.028160,1,0,188.153,0,0,0,188.153,0
97.506,2.7585,0,0,9.54694,0.542402,6.24604,3.6288,61.308,0,0,0,3.51702,0.153631,3.36338,0.66528,12.849,1,0.363505,6.24604,0,298.857,4.18173,300.558,0.84672,12.849,0.84672,3695.15,0,0,0,4.99486,1.2403,13.2279,1.0144,18.4487,0.42336,0,0.42336,460.49,0,0.909988,0,0,5.90485,4.99486,1.028160,1,0,322.37,0,0,0,322.37,0
97.506,2.49132,0,0,8.64173,0.422741,5.72766,3.6288,61.308,0.184234,0,0,3.46547,0.18495,3.09629,0.66528,12.849,1,0.328298,5.72766,0,199.758,4.60383,200.553,0.84672,12.849,0.84672,3695.15,0,0,0,4.46002,1.28812,12.5093,1.07364,17.1838,0.42336,0,0.42336,460.49,0,1.02816,0,0,5.48818,4.46002,1.028160,1,0,220.833,0,0,0,220.833,0
97.506,2.49134,0,0,7.71543,0.402798,4.82129,3.6288,61.308,0.18424,0,0,3.12751,0.19017,2.7531,0.66528,12.849,1,0.3283,4.82129,0,145.408,4.67418,145.227,0.84672,12.849,0.84672,3695.15,0,0,0,4.10107,1.46509,10.5322,1.08352,15.0149,0.42336,0,0.42336,460.49,0,1.02816,0,0,5.12923,4.10107,1.028160,1,0,162.995,0,0,0,162.995,0
97.506,2.49136,0,0,5.50039,0.35636,2.65267,3.6288,61.308,0.184246,0,0,1.77856,0.198748,1.39557,0.66528,12.849,1,0.328303,2.65267,0,109.873,4.43376,107.764,0.84672,12.849,0.84672,3695.15,0,0,0,2.41808,1.4651,6.7081,1.0875,9.50379,0.42336,0,0.42336,460.49,0,1.02816,0,0,3.44624,2.41808,1.028160,1,0,118.663,0,0,0,118.663,0
97.506,2.45336,0,0,4.64839,0.315122,1.87991,3.6288,61.308,0.170587,0,0,1.20156,0.206548,0.82443,0.66528,12.849,1,0.323295,1.87991,0,95.5204,4.37651,92.7005,0.84672,12.849,0.84672,3695.15,0,0,0,1.76488,1.46511,5.22811,1.09181,7.36629,0.42336,0,0.42336,460.49,0,1.02816,0,0,2.79304,1.76488,1.028160,1,0,100.891,0,0,0,100.891,0
97.506,2.45338,0,0,4.32509,0.315122,1.55659,3.6288,61.308,0.170593,0,0,1.19883,0.206548,0.821693,0.66528,12.849,1,0.323298,1.55659,0,87.3357,4.37651,84.1925,0.84672,12.849,0.84672,3695.15,0,0,0,1.7754,1.4465,4.96848,1.09181,7.09857,0.42336,0,0.42336,460.49,0,1.02816,0,0,2.80356,1.7754,1.028160,1,0,92.1128,0,0,0,92.1128,0
97.506,2.4534,0,0,4.15557,0.315122,1.38705,3.6288,61.308,0.170599,0,0,1.51419,0.206548,1.13704,0.66528,12.849,1,0.3233,1.38705,0,83.7104,4.37651,80.3976,0.84672,12.849,0.84672,3695.15,0,0,0,2.35785,1.44651,6.06193,1.09181,8.77447,0.42336,0,0.42336,460.49,0,1.02816,0,0,3.38601,2.35785,1.028160,1,0,90.3091,0,0,0,90.3091,0
97.506,2.45341,0,0,3.77527,0.320511,1.00134,3.6288,61.308,0.170605,0,0,1.13219,0.161421,0.800168,0.66528,12.849,1,0.323302,1.00134,0,70.8359,3.95567,67.5583,0.84672,12.849,0.84672,3695.15,0,0,0,1.58086,1.44651,4.83045,0.906183,6.95164,0.42336,0,0.42336,460.49,0,1.02816,0,0,2.60902,1.58086,1.028160,1,0,75.3101,0,0,0,75.3101,0
97.506,2.58249,0,0,3.4207,0.197214,0.640992,3.6288,61.308,0.219074,0,0,0.838728,0.244886,0.374768,0.66528,12.849,1,0.340312,0.640992,0,58.6464,4.78464,54.1625,0.84672,12.849,0.84672,3695.15,0,0,0,0.87906,1.44652,3.93103,1.19617,5.06044,0.42336,0,0.42336,460.49,0,1.02816,0,0,1.90722,0.87906,1.028160,1,0,59.5977,0,0,0,59.5977,0
97.506,2.58251,0,0,3.27954,0.197214,0.499812,3.6288,61.308,0.21908,0,0,0.81826,0.244886,0.354293,0.66528,12.849,1,0.340314,0.499812,0,54.2652,4.78464,49.64,0.84672,12.849,0.84672,3695.15,0,0,0,0.876243,1.51135,3.79826,1.19617,4.98968,0.42336,0,0.42336,460.49,0,1.02816,0,0,1.9044,0.876243,1.028160,1,0,54.984,0,0,0,54.984,0
97.4966,2.58253,0,0,3.13324,0.197214,0.36288,3.6288,61.308,0.219087,0,0,0.821465,0.244886,0.357492,0.66528,12.849,1,0.340317,0.36288,0,51.8498,4.78464,47.0877,0.84672,12.849,0.84672,3695.15,0,0,0,1.04567,1.51136,3.61733,1.19617,4.97819,0.42336,0,0.42336,460.49,0,1.02816,0,0,2.07383,1.04567,1.028160,1,0,52.4234,0,0,0,52.4234,0
97.1931,2.58252,0,0,2.89828,0.256374,0.36288,3.6288,61.308,0.219093,0,0,0.775068,0.235669,0.320307,0.66528,12.849,1,0.340348,0.36288,0,48.2399,4.19234,44.0701,0.84672,12.849,0.84672,3695.15,0,0,0,0.973711,1.51136,3.29006,1.21902,4.55612,0.42336,0,0.42336,460.49,0,1.02816,0,0,2.00187,0.973711,1.028160,1,0,48.9465,0,0,0,48.9465,0
96.5921,2.5816,0,0,2.50131,0.157883,0.36288,3.6288,61.308,0.246143,0,0,0.673955,0.266466,0.161346,0.66528,12.849,1,0.34129,0.36288,0,47.1593,5.17639,42.0045,0.84672,12.849,0.84672,3695.15,0,0,0,0.30119,1.51137,3.86039,1.24287,4.43008,0.42336,0,0.42336,460.49,0,1.00112,0,0,1.30231,0.30119,1.028160,1,0,46.5959,0,0,0,46.5959,0
95.9551,2.55425,0,0,2.43729,0.157094,0.36288,3.6288,61.308,0.245743,0,0,0.680772,0.266466,0.168563,0.66528,12.849,1,0.339775,0.36288,0,44.5007,5.17639,39.3474,0.84672,12.849,0.84672,3695.15,0,0,0,0.365247,1.51138,4.10728,1.24287,4.74104,0.42336,0,0.42336,460.49,0,1.02816,0,0,1.39341,0.365247,1.028160,1,0,44.257,0,0,0,44.257,0
95.2538,2.55228,0,0,2.37012,0.156258,0.36288,3.6288,61.308,0.245749,0,0,0.644147,0.266466,0.131932,0.66528,12.849,1,0.341767,0.36288,0,41.7947,5.17639,36.6394,0.84672,12.849,0.84672,3695.15,0,0,0,0.36428,1.52656,4.23195,1.24287,4.87992,0.42336,0,0.42336,460.49,0,1.02816,0,0,1.39244,0.36428,1.028160,1,0,41.6513,0,0,0,41.6513,0
94.3955,2.55008,0,0,2.16149,0.106899,0.36288,3.6288,61.308,0.256659,0,0,0.627143,0.3131,0.0573841,0.66528,12.849,1,0.343986,0.36288,0,39.7456,5.8279,33.9365,0.84672,12.849,0.84672,3695.15,0,0,0,0.261274,1.52657,4.07878,1.46337,4.40325,0.42336,0,0.42336,460.49,0,1.01726,0,0,1.27853,0.261274,1.028160,1,0,38.3972,0,0,0,38.3972,0
93.4675,2.54735,0,0,2.08502,0.102779,0.36288,3.6288,61.2619,0.318684,0,0,0.593864,0.321293,0,0.66528,12.849,1,0.346742,0.36288,0,38.0332,5.86995,32.1794,0.84672,12.849,0.84672,3695.15,0,0,0,0.261274,1.52658,3.64958,1.55609,3.88134,0.42336,0,0.42336,460.49,0,0.955238,0,0,1.21651,0.261274,1.028160,1,0,36.0607,0,0,0,36.0607,0
92.5124,2.60993,0,0,2.12223,0.104543,0.36288,3.6288,61.1434,0.376835,0,0,0.586898,0.328548,0,0.66528,12.849,1,0.358787,0.36288,0,35.6619,5.4641,30.2019,0.84672,12.849,0.84672,3695.15,0,0,0,0.261274,1.52658,3.27358,1.46605,3.59539,0.42336,0,0.42336,460.49,0,0.920834,0,0,1.18211,0.261274,1.028160,1,0,33.7972,0,0,0,33.7972,0
91.348,2.60669,0,0,1.90892,0.103686,0.36288,3.6288,60.951,0.414607,0,0,0.550504,0.328301,0,0.66528,12.849,1,0.362042,0.36288,0,33.6095,5.4641,28.1463,0.84672,12.849,0.84672,3695.15,0,0,0,0.261274,1.55892,3.34188,1.46605,3.69602,0.42336,0,0.42336,460.49,0,0.883068,0,0,1.14434,0.261274,1.028160,1,0,31.8423,0,0,0,31.8423,0
90.017,2.60267,0,0,1.7372,0.102642,0.36288,3.6288,60.6624,0.488849,0,0,0.528122,0.327902,0,0.66528,12.849,1,0.366091,0.36288,0,31.5679,5.4641,26.1006,0.84672,12.849,0.84672,3695.15,0,0,0,0.227405,1.55892,3.10684,1.46605,3.42712,0.42336,0,0.42336,460.49,0,0.808834,0,0,1.03624,0.227405,1.028160,1,0,29.5277,0,0,0,29.5277,0
88.465,2.59795,0,0,1.4898,0.0810234,0.36288,3.6288,60.2912,0.54079,0,0,0.507324,0.337718,0,0.66528,12.849,1,0.37083,0.36288,0,28.3357,5.71371,22.6141,0.84672,12.849,0.84672,3695.15,0,0,0,0.227405,1.55893,3.11048,1.51377,3.38305,0.42336,0,0.42336,460.49,0,0.756899,0,0,0.984303,0.227405,1.028160,1,0,25.9971,0,0,0,25.9971,0
86.3356,2.78305,0,0,1.13927,0.122748,0.36288,3.6288,59.4254,0.888306,0,0,0.367759,0.345231,0,0.66528,12.849,1,0.404221,0.36288,0,18.2292,5.64113,12.5467,0.84672,12.849,0.84672,3695.15,0,0,0,0.227405,1.55894,2.34497,1.48637,2.64494,0.42336,0,0.42336,460.49,0,0.495081,0,0,0.722485,0.227405,1.028160,1,0,15.1917,0,0,0,15.1917,0
84.2911,2.77439,0,0,1.21316,0.120404,0.36288,3.6288,58.8141,0.720326,0,0,0.452356,0.343329,0,0.66528,12.849,1,0.412902,0.36288,0,23.1972,5.64113,17.506,0.84672,12.849,0.84672,3695.15,0,0,0,0.227405,1.6661,2.61923,1.48637,3.02637,0.42336,0,0.42336,460.49,0,0.663068,0,0,0.890473,0.227405,1.028160,1,0,20.5324,0,0,0,20.5324,0
82.0424,2.76572,0,0,0.998076,0.118154,0.36288,3.6288,57.8223,0.979233,0,0,0.329448,0.341986,0,0.66528,12.849,1,0.421596,0.36288,0,21.2523,5.64113,15.5525,0.84672,12.849,0.84672,3695.15,0,0,0,0.204422,1.66611,2.14527,1.48637,2.52943,0.42336,0,0.42336,460.49,0,0.404168,0,0,0.60859,0.204422,1.028160,1,0,18.0819,0,0,0,18.0819,0
80.0518,2.75575,0,0,1.24376,0.11568,0.36288,3.6288,57.6681,0.38516,0,0,0.57071,0.339808,0,0.66528,12.849,1,0.43159,0.36288,0,20.716,5.64113,15.0061,0.84672,12.849,0.84672,3695.15,0,0,0,0.204422,1.66612,3.3459,1.48637,3.73007,0.42336,0,0.42336,460.49,0,0.998248,0,0,1.20267,0.204422,1.028160,1,0,18.7362,0,0,0,18.7362,0
78.7515,2.74653,0,0,1.85008,0.0410035,0.36288,3.6288,57.2541,0.565934,0,0,0.510348,0.35837,0,0.66528,12.849,1,0.440841,0.36288,0,30.3158,6.42864,23.8092,0.84672,12.849,0.84672,3695.15,0,0,0,0.204422,1.66613,3.88705,1.53987,4.21773,0.42336,0,0.42336,460.49,0,0.817482,0,0,1.0219,0.204422,1.028160,1,0,28.0269,0,0,0,28.0269,0
77.4181,2.64875,0,0,1.86936,0.191186,0.36288,3.6288,57.0602,0.461224,0,0,0.560761,0.293433,0,0.66528,12.849,1,0.432166,0.36288,0,29.3533,4.88364,24.4004,0.84672,12.849,0.84672,3695.15,0,0,0,0.204422,1.66614,3.8797,1.15618,4.59408,0.42336,0,0.42336,460.49,0,0.870186,0,0,1.07461,0.204422,1.028160,1,0,28.9944,0,0,0,28.9944,0
76.3184,2.64238,0,0,2.14714,0.241556,0.36288,3.6288,57.236,0.303257,0,0,0.765314,0.286299,0,0.66528,12.849,1,0.438554,0.36288,0,29.6633,4.66326,24.9243,0.84672,12.849,0.84672,3695.15,0,0,0,0.300827,1.60601,5.38017,1.13112,6.15589,0.42336,0,0.42336,460.49,0,1.02816,0,0,1.32899,0.300827,1.028160,1,0,31.0802,0,0,0,31.0802,0
75.1354,2.63699,0,0,2.05584,0.238913,0.36288,3.6288,57.3967,0.303264,0,0,0.750635,0.286626,0,0.66528,12.849,1,0.443965,0.36288,0,39.5508,4.66326,34.8065,0.84672,12.849,0.84672,3695.15,0,0,0,0.264617,1.60602,5.37881,1.13112,6.11832,0.42336,0,0.42336,460.49,0,1.02816,0,0,1.29278,0.264617,1.028160,1,0,40.9248,0,0,0,40.9248,0
73.9276,2.63104,0,0,2.06187,0.275807,0.36288,3.6288,57.5196,0.303271,0,0,0.673466,0.247325,0,0.66528,12.849,1,0.449938,0.36288,0,44.2004,4.39659,39.7168,0.84672,12.849,0.84672,3695.15,0,0,0,0.288654,1.60603,5.358,1.0814,6.17128,0.42336,0,0.42336,460.49,0,1.02816,0,0,1.31681,0.288654,1.028160,1,0,45.8881,0,0,0,45.8881,0
73.062,2.55034,0,0,2.37241,0.324747,0.36288,3.6288,57.9611,0.255932,0,0,0.892135,0.19468,0,0.66528,12.849,1,0.443262,0.36288,0,32.5409,4.04103,28.4195,0.84672,12.849,0.84672,3695.15,0,0,0,1.49717,1.60604,7.03446,1.0151,9.12256,0.42336,0,0.42336,460.49,0,1.02816,0,0,2.52533,1.49717,1.028160,1,0,37.5421,0,0,0,37.5421,0
75.9057,2.80307,0,0,6.33145,0.321849,0.36288,3.6288,59.9507,0,0,0,2.1848,0.195237,0,0.66528,12.849,1,0.492959,0.36288,0,95.6343,4.04103,91.4632,0.84672,12.849,0.84672,3695.15,0,0,0,3.74331,1.55309,13.2808,1.0151,17.5621,0.42336,0,0.42336,460.49,0,0.981699,0,0,4.72501,3.74331,1.028160,1,0,109.025,0,0,0,109.025,0
76.2687,2.56026,0,0,3.68315,0.396975,0.36288,3.6288,60.8593,0.255946,0,0,1.33065,0.166072,0,0.66528,12.849,1,0.43339,0.36288,0,53.318,3.5655,49.682,0.84672,12.849,0.84672,3695.15,0,0,0,1.14134,1.37614,8.00603,0.850267,9.67324,0.42336,0,0.42336,460.49,0,1.02816,0,0,2.1695,1.14134,1.028160,1,0,59.3553,0,0,0,59.3553,0
77.3384,2.56204,0,0,4.35139,0.356755,0.36288,3.6288,61.308,0.255952,0,0,1.08619,0.189122,0.192422,0.66528,12.849,1,0.431628,0.36288,0,64.8388,3.81452,60.9555,0.84672,12.849,0.84672,3695.15,0,0,0,1.0158,1.55311,8.09763,0.803954,9.86259,0.42336,0,0.42336,460.49,0,1.02816,0,0,2.04396,1.0158,1.028160,1,0,71.0105,0,0,0,71.0105,0
79.1415,2.61363,0,0,5.19444,0.414893,0.36288,3.6288,61.308,0,0,0,0.66814,0.192363,0.475776,0.66528,12.849,1,0.434228,0.36288,0,68.9735,3.7638,65.1384,0.84672,12.849,0.84672,3695.15,0,0,0,0.904965,1.55312,5.55287,0.884133,7.12682,0.42336,0,0.42336,460.49,0,0.883109,0,0,1.78807,0.904965,1.028160,1,0,72.741,0,0,0,72.741,0
80.8026,2.62216,0,0,5.08482,0.438682,0.36288,3.6288,61.308,0,0,0,0.780536,0.161381,0.619155,0.66528,12.849,1,0.42572,0.36288,0,85.5809,3.63258,81.8855,0.84672,12.849,0.84672,3695.15,0,0,0,1.00536,1.25346,6.74826,0.857871,8.14922,0.42336,0,0.42336,460.49,0,0.883115,0,0,1.88848,1.00536,1.028160,1,0,90.6539,0,0,0,90.6539,0
86.5892,2.62973,0,0,9.22507,0.445812,0.36288,3.6288,61.308,0,0,0,1.89162,0.161381,1.73024,0.66528,12.849,1,0.418172,0.36288,0,119.047,3.63258,115.359,0.84672,12.849,0.84672,3695.15,0,0,0,3.23218,1.25347,12.4449,0.857871,16.0727,0.42336,0,0.42336,460.49,0,0.883121,0,0,4.1153,3.23218,1.028160,1,0,133.162,0,0,0,133.162,0
89.3347,2.39076,0,0,5.9624,0.463289,0.36288,3.6288,61.308,0.157367,0,0,0.913006,0.201655,0.553984,0.66528,12.849,1,0.354765,0.36288,0,120.798,4.10955,116.697,0.84672,12.849,0.84672,3695.15,0,0,0,1.34124,1.25348,8.4491,0.981231,10.0626,0.42336,0,0.42336,460.49,0,1.02816,0,0,2.3694,1.34124,1.028160,1,0,127.314,0,0,0,127.314,0
89.1421,2.66468,0,0,3.30076,0.465751,0.36288,3.6288,61.308,0,0,0,0.650933,0.214102,0.436832,0.66528,12.849,1,0.383261,0.36288,0,63.4484,4.32794,59.1001,0.84672,12.849,0.84672,3695.15,0,0,0,0.438606,1.43045,4.19705,1.06853,4.99758,0.42336,0,0.42336,460.49,0,0.883133,0,0,1.32174,0.438606,1.028160,1,0,64.5345,0,0,0,64.5345,0
88.1691,2.74743,0,0,2.60507,0.467822,0.36288,3.6288,61.308,0.140443,0,0,0.544773,0.226381,0.177949,0.66528,12.849,1,0.396016,0.36288,0,49.4503,4.55658,44.8606,0.84672,12.849,0.84672,3695.15,0,0,0,0.412474,1.25349,3.68242,1.18013,4.16826,0.42336,0,0.42336,460.49,0,0.77125,0,0,1.18372,0.412474,1.028160,1,0,49.2068,0,0,0,49.2068,0
88.3253,2.47968,0,0,3.46357,0.464814,0.36288,3.6288,61.1574,0.45754,0,0,0.541362,0.234415,0,0.66528,12.849,1,0.361367,0.36288,0,44.7791,4.67702,40.1036,0.84672,12.849,0.84672,3695.15,0,0,0,0.503194,1.29345,4.46023,1.22763,5.02925,0.42336,0,0.42336,460.49,0,0.756553,0,0,1.25975,0.503194,1.028160,1,0,45.1329,0,0,0,45.1329,0
88.861,2.48024,0,0,3.84429,0.465467,0.36288,3.6288,61.1706,0.385311,0,0,0.632679,0.234192,0,0.66528,12.849,1,0.360809,0.36288,0,65.5715,4.67702,60.8965,0.84672,12.849,0.84672,3695.15,0,0,0,0.503194,1.47042,4.37277,1.22763,5.11876,0.42336,0,0.42336,460.49,0,0.828783,0,0,1.33198,0.503194,1.028160,1,0,66.0153,0,0,0,66.0153,0
91.2881,2.74634,0,0,6.01328,0.476966,0.36288,3.6288,61.308,0,0,0,1.36442,0.233648,0.993351,0.66528,12.849,1,0.397111,0.36288,0,68.3764,4.45073,63.8915,0.84672,12.849,0.84672,3695.15,0,0,0,3.00453,1.47042,14.1123,1.17749,17.4098,0.42336,0,0.42336,460.49,0,0.911695,0,0,3.91623,3.00453,1.028160,1,0,82.2946,0,0,0,82.2946,0
89.7733,3.02437,0,0,2.38111,0.508654,0.36288,3.6288,61.308,0.137318,0,0,0.595977,0.224098,0.234561,0.66528,12.849,1,0.425687,0.36288,0,40.5471,3.95286,36.5314,0.84672,12.849,0.84672,3695.15,0,0,0,0.503194,1.29346,4.20795,1.06726,4.93734,0.42336,0,0.42336,460.49,0,0.881574,0,0,1.38477,0.503194,1.028160,1,0,41.7033,0,0,0,41.7033,0
88.2411,3.01809,0,0,2.3477,0.498878,0.36288,3.6288,61.308,0,0,0,0.553137,0.212975,0.340162,0.66528,12.849,1,0.431971,0.36288,0,40.4604,4.04334,36.348,0.84672,12.849,0.84672,3695.15,0,0,0,0.578548,1.43374,4.54705,1.08743,5.4719,0.42336,0,0.42336,460.49,0,1.01889,0,0,1.59744,0.578548,1.028160,1,0,42.1601,0,0,0,42.1601,0
87.6909,2.74758,0,0,3.0523,0.492104,0.36288,3.6288,61.308,0.293133,0,0,0.638004,0.212975,0.131895,0.66528,12.849,1,0.400082,0.36288,0,54.8878,4.04334,50.8073,0.84672,12.849,0.84672,3695.15,0,0,0,0.762212,1.43374,5.42847,1.08743,6.53699,0.42336,0,0.42336,460.49,0,1.02816,0,0,1.79037,0.762212,1.028160,1,0,57.4762,0,0,0,57.4762,0
87.4034,2.74539,0,0,3.32357,0.502777,0.36288,3.6288,61.308,0.293134,0,0,0.712575,0.208095,0.211346,0.66528,12.849,1,0.402272,0.36288,0,58.2822,3.79005,54.4527,0.84672,12.849,0.84672,3695.15,0,0,0,0.785143,1.6107,5.30122,1.027,6.67007,0.42336,0,0.42336,460.49,0,1.02816,0,0,1.8133,0.785143,1.028160,1,0,61.3341,0,0,0,61.3341,0
86.2522,2.62662,0,0,2.37249,0.534151,0.36288,3.6288,61.308,0,0,0,0.64057,0.195895,0.444674,0.66528,12.849,1,0.386134,0.36288,0,37.0932,3.15682,33.9131,0.84672,12.849,0.84672,3695.15,0,0,0,0.843667,1.6107,3.98355,0.875912,5.56201,0.42336,0,0.42336,460.49,0,0.875037,0,0,1.7187,0.843667,1.028160,1,0,39.9198,0,0,0,39.9198,0
85.0124,2.62213,0,0,2.27373,0.528585,0.36288,3.6288,61.308,0,0,0,0.592847,0.195895,0.396951,0.66528,12.849,1,0.39062,0.36288,0,39.4553,3.15682,36.2708,0.84672,12.849,0.84672,3695.15,0,0,0,0.692527,1.24064,4.45262,0.875912,5.50987,0.42336,0,0.42336,460.49,0,0.875037,0,0,1.56756,0.692527,1.028160,1,0,42.1776,0,0,0,42.1776,0
84.0937,2.61719,0,0,2.57425,0.512829,0.36288,3.6288,61.308,0,0,0,0.798319,0.201107,0.597211,0.66528,12.849,1,0.395569,0.36288,0,41.1779,3.36305,37.7822,0.84672,12.849,0.84672,3695.15,0,0,0,0.992187,1.24064,5.57246,0.920467,6.88483,0.42336,0,0.42336,460.49,0,0.875038,0,0,1.86722,0.992187,1.028160,1,0,45.2642,0,0,0,45.2642,0
84.0476,2.61344,0,0,3.38056,0.450403,0.36288,3.6288,61.308,0,0,0,1.0003,0.23238,0.767924,0.66528,12.849,1,0.399318,0.36288,0,47.4428,4.60037,42.806,0.84672,12.849,0.84672,3695.15,0,0,0,1.30656,1.24065,7.25038,1.1878,8.60979,0.42336,0,0.42336,460.49,0,0.875039,0,0,2.1816,1.30656,1.028160,1,0,52.1838,0,0,0,52.1838,0
83.8241,2.61325,0,0,3.19673,0.444077,0.36288,3.6288,61.308,0,0,0,0.952145,0.187509,0.764636,0.66528,12.849,1,0.399508,0.36288,0,45.9854,4.71439,41.2343,0.84672,12.849,0.84672,3695.15,0,0,0,1.32051,1.24065,4.97874,1.06986,6.47004,0.42336,0,0.42336,460.49,0,0.87504,0,0,2.19555,1.32051,1.028160,1,0,48.469,0,0,0,48.469,0
84.5748,2.70778,0,0,4.26348,0.442131,0.36288,3.6288,61.308,0,0,0,1.35685,0.180031,1.17682,0.66528,12.849,1,0.415063,0.36288,0,68.2935,4.7334,63.5079,0.84672,12.849,0.84672,3695.15,0,0,0,2.15813,1.24065,8.6009,1.05021,10.9495,0.42336,0,0.42336,460.49,0,0.910234,0,0,3.06837,2.15813,1.028160,1,0,75.6342,0,0,0,75.6342,0
84.1602,2.71098,0,0,3.04225,0.38298,0.36288,3.6288,61.308,0,0,0,0.889488,0.202941,0.686547,0.66528,12.849,1,0.411865,0.36288,0,58.0967,4.68658,53.3612,0.84672,12.849,0.84672,3695.15,0,0,0,1.23253,1.28847,5.50116,1.11115,6.91101,0.42336,0,0.42336,460.49,0,0.910235,0,0,2.14276,1.23253,1.028160,1,0,60.9587,0,0,0,60.9587,0
83.3008,2.70922,0,0,2.54341,0.330669,0.36288,3.6288,61.308,0,0,0,0.710519,0.222386,0.488133,0.66528,12.849,1,0.413626,0.36288,0,51.2152,4.48843,46.676,0.84672,12.849,0.84672,3695.15,0,0,0,0.785969,1.28847,4.33072,1.16568,5.23948,0.42336,0,0.42336,460.49,0,0.910236,0,0,1.6962,0.785969,1.028160,1,0,52.4036,0,0,0,52.4036,0
82.2225,2.70553,0,0,2.29878,0.308626,0.36288,3.6288,61.308,0.0535978,0,0,0.624123,0.195189,0.375337,0.66528,12.849,1,0.417323,0.36288,0,42.2054,4.19391,37.9571,0.84672,12.849,0.84672,3695.15,0,0,0,0.528595,1.28847,4.04769,1.10199,4.76277,0.42336,0,0.42336,460.49,0,0.856639,0,0,1.38523,0.528595,1.028160,1,0,43.0952,0,0,0,43.0952,0
80.9044,2.66358,0,0,2.05422,0.345909,0.36288,3.6288,61.308,0.281928,0,0,0.541559,0.193105,0.0665264,0.66528,12.849,1,0.41624,0.36288,0,34.5472,4.22352,30.2703,0.84672,12.849,0.84672,3695.15,0,0,0,0.528595,1.28847,3.5414,1.07972,4.27875,0.42336,0,0.42336,460.49,0,0.614641,0,0,1.14324,0.528595,1.028160,1,0,34.6156,0,0,0,34.6156,0
79.5721,2.65773,0,0,1.88408,0.195817,0.36288,3.6288,61.1591,0.373754,0,0,0.463768,0.238882,0,0.66528,12.849,1,0.422092,0.36288,0,31.5393,4.62714,26.8529,0.84672,12.849,0.84672,3695.15,0,0,0,0.528595,1.26985,3.3005,1.10382,3.99512,0.42336,0,0.42336,460.49,0,0.522815,0,0,1.05141,0.528595,1.028160,1,0,30.8481,0,0,0,30.8481,0
78.1971,2.65164,0,0,1.83287,0.193308,0.36288,3.6288,61.2995,0.132535,0,0,0.511552,0.238658,0,0.66528,12.849,1,0.428178,0.36288,0,30.4817,4.62714,25.7892,0.84672,12.849,0.84672,3695.15,0,0,0,0.402797,1.26985,3.82678,1.10382,4.39561,0.42336,0,0.42336,460.49,0,0.764035,0,0,1.16683,0.402797,1.028160,1,0,30.1848,0,0,0,30.1848,0
76.7317,2.64518,0,0,1.72803,0.185336,0.36288,3.6288,61.308,0.243266,0,0,0.514337,0.237715,0.0248477,0.66528,12.849,1,0.434644,0.36288,0,28.025,4.66116,23.292,0.84672,12.849,0.84672,3695.15,0,0,0,0.402797,1.26985,3.35899,1.10218,3.92945,0.42336,0,0.42336,460.49,0,0.653305,0,0,1.0561,0.402797,1.028160,1,0,27.2463,0,0,0,27.2463,0
75.0684,2.76321,0,0,1.61354,0.150829,0.36288,3.6288,61.308,0.19016,0,0,0.524079,0.2308,0.103119,0.66528,12.849,1,0.46271,0.36288,0,26.7614,4.86528,21.7963,0.84672,12.849,0.84672,3695.15,0,0,0,0.402797,1.26985,3.07556,1.0924,3.65581,0.42336,0,0.42336,460.49,0,0.754885,0,0,1.15768,0.402797,1.028160,1,0,25.5552,0,0,0,25.5552,0
73.3343,2.75446,0,0,1.53161,0.148315,0.36288,3.6288,61.2403,0.315216,0,0,0.478305,0.2308,0,0.66528,12.849,1,0.471465,0.36288,0,24.2516,4.86528,19.2778,0.84672,12.849,0.84672,3695.15,0,0,0,0.402797,1.33468,2.88674,1.0924,3.53182,0.42336,0,0.42336,460.49,0,0.62983,0,0,1.03263,0.402797,1.028160,1,0,22.8096,0,0,0,22.8096,0
71.5187,2.74498,0,0,1.38844,0.0962218,0.36288,3.6288,61.1953,0.247341,0,0,0.456607,0.2543,0,0.66528,12.849,1,0.480951,0.36288,0,21.3834,5.13303,16.1323,0.84672,12.849,0.84672,3695.15,0,0,0,0.30119,1.33468,2.81174,1.16081,3.2868,0.42336,0,0.42336,460.49,0,0.697706,0,0,0.998896,0.30119,1.028160,1,0,19.4191,0,0,0,19.4191,0
69.6779,2.73463,0,0,1.31203,0.055275,0.36288,3.6288,61.0528,0.314993,0,0,0.436177,0.263664,0,0.66528,12.849,1,0.491302,0.36288,0,20.696,5.24013,15.3274,0.84672,12.849,0.84672,3695.15,0,0,0,0.30119,1.33468,2.80394,1.18818,3.25163,0.42336,0,0.42336,460.49,0,0.630055,0,0,0.931245,0.30119,1.028160,1,0,18.5791,0,0,0,18.5791,0
67.9535,2.72368,0,0,1.46887,0.106759,0.36288,3.6288,61.308,0,0,0,0.555214,0.245299,0.054691,0.66528,12.849,1,0.502261,0.36288,0,23.6793,4.88328,18.6566,0.84672,12.849,0.84672,3695.15,0,0,0,0.499075,1.33468,3.53036,1.09947,4.26464,0.42336,0,0.42336,460.49,0,0.945049,0,0,1.44412,0.499075,1.028160,1,0,22.976,0,0,0,22.976,0
66.1574,2.68866,0,0,1.36946,0.113927,0.36288,3.6288,61.308,0,0,0,0.552631,0.242669,0.309962,0.66528,12.849,1,0.508386,0.36288,0,23.5116,4.8238,18.5423,0.84672,12.849,0.84672,3695.15,0,0,0,0.492132,1.33469,3.45114,1.08469,4.19327,0.42336,0,0.42336,460.49,0,0.971691,0,0,1.46382,0.492132,1.028160,1,0,23.0455,0,0,0,23.0455,0
64.2566,2.67711,0,0,1.24689,0.107783,0.36288,3.6288,61.308,0,0,0,0.522634,0.253638,0.268996,0.66528,12.849,1,0.519944,0.36288,0,20.6971,4.96495,15.5751,0.84672,12.849,0.84672,3695.15,0,0,0,0.352319,1.34986,3.34961,1.13621,3.91557,0.42336,0,0.42336,460.49,0,0.971692,0,0,1.32401,0.352319,1.028160,1,0,19.7597,0,0,0,19.7597,0
62.3339,2.66429,0,0,1.18379,0.0793315,0.36288,3.6288,61.308,0,0,0,0.489575,0.319452,0.170123,0.66528,12.849,1,0.532762,0.36288,0,18.6675,5.81185,12.6858,0.84672,12.849,0.84672,3695.15,0,0,0,0.370436,1.34986,3.19409,1.44534,3.46904,0.42336,0,0.42336,460.49,0,0.971693,0,0,1.34213,0.370436,1.028160,1,0,16.3249,0,0,0,16.3249,0
60.3454,2.65067,0,0,1.10419,0.0791358,0.36288,3.6288,61.308,0,0,0,0.482183,0.308446,0.173737,0.66528,12.849,1,0.546387,0.36288,0,18.025,5.6373,12.2042,0.84672,12.849,0.84672,3695.15,0,0,0,0.374453,1.34986,3.00117,1.4276,3.29789,0.42336,0,0.42336,460.49,0,0.971694,0,0,1.34615,0.374453,1.028160,1,0,15.6758,0,0,0,15.6758,0
58.3342,2.69734,0,0,1.12828,0.0792041,0.36288,3.6288,61.308,0,0,0,0.48814,0.293771,0.19437,0.66528,12.849,1,0.57433,0.36288,0,17.1603,5.40456,11.5443,0.84672,12.849,0.84672,3695.15,0,0,0,0.381034,1.34986,2.82155,1.40394,3.1485,0.42336,0,0.42336,460.49,0,0.995439,0,0,1.37647,0.381034,1.028160,1,0,14.8872,0,0,0,14.8872,0
56.2447,2.68112,0,0,1.03216,0.077689,0.36288,3.6288,61.308,0,0,0,0.458794,0.293771,0.165024,0.66528,12.849,1,0.590557,0.36288,0,16.1345,5.40456,10.5023,0.84672,12.849,0.84672,3695.15,0,0,0,0.355165,1.38219,2.87194,1.40394,3.20536,0.42336,0,0.42336,460.49,0,0.99544,0,0,1.3506,0.355165,1.028160,1,0,13.8727,0,0,0,13.8727,0
54.077,2.66326,0,0,0.934563,0.0761114,0.36288,3.6288,61.308,0.00991031,0,0,0.438355,0.293771,0.134674,0.66528,12.849,1,0.608417,0.36288,0,15.1955,5.40456,9.54542,0.84672,12.849,0.84672,3695.15,0,0,0,0.227405,1.38219,2.6703,1.40394,2.87595,0.42336,0,0.42336,460.49,0,0.98553,0,0,1.21294,0.227405,1.028160,1,0,12.556,0,0,0,12.556,0
51.826,2.64356,0,0,0.817309,0.0619018,0.36288,3.6288,61.308,0.0292908,0,0,0.435246,0.301541,0.104415,0.66528,12.849,1,0.628124,0.36288,0,14.4695,5.62888,8.57537,0.84672,12.849,0.84672,3695.15,0,0,0,0.227405,1.38219,2.69885,1.44876,2.85969,0.42336,0,0.42336,460.49,0,0.966151,0,0,1.19356,0.227405,1.028160,1,0,11.5395,0,0,0,11.5395,0
49.5645,2.79679,0,0,0.985219,0.0870563,0.36288,3.6288,61.2944,0.111807,0,0,0.407603,0.309418,0,0.66528,12.849,1,0.693396,0.36288,0,13.3682,5.75735,7.28038,0.84672,12.849,0.84672,3695.15,0,0,0,0.227405,1.38219,2.55967,1.47447,2.69479,0.42336,0,0.42336,460.49,0,0.969339,0,0,1.19674,0.227405,1.028160,1,0,9.97517,0,0,0,9.97517,0
47.4498,2.77167,0,0,1.10087,0.081015,0.36288,3.6288,61.308,0.0529867,0,0,0.500883,0.311981,0.122295,0.66528,12.849,1,0.718522,0.36288,0,17.011,5.83212,10.8233,0.84672,12.849,0.84672,3695.15,0,0,0,0.474733,1.48935,2.71694,1.48941,3.19162,0.42336,0,0.42336,460.49,0,1.02816,0,0,1.50289,0.474733,1.028160,1,0,14.1372,0,0,0,14.1372,0
45.131,2.74647,0,0,0.869728,0.0791775,0.36288,3.6288,61.1527,0.208897,0,0,0.365622,0.312008,0,0.66528,12.849,1,0.743721,0.36288,0,17.5548,5.83212,11.3419,0.84672,12.849,0.84672,3695.15,0,0,0,0.204422,1.48936,2.15282,1.48941,2.35718,0.42336,0,0.42336,460.49,0,0.872251,0,0,1.07667,0.204422,1.028160,1,0,13.6991,0,0,0,13.6991,0
43.0514,2.71673,0,0,1.07717,0.077162,0.36288,3.6288,61.308,0.0529887,0,0,0.608273,0.311701,0.0883013,0.66528,12.849,1,0.773465,0.36288,0,15.5575,5.83212,9.31482,0.84672,12.849,0.84672,3695.15,0,0,0,0.892201,1.48936,3.23506,1.48941,4.1272,0.42336,0,0.42336,460.49,0,1.02816,0,0,1.92036,0.892201,1.028160,1,0,13.5303,0,0,0,13.5303,0
41.2416,2.68796,0,0,1.34678,0.105685,0.36288,3.6288,61.308,0.0529897,0,0,0.56528,0.295351,0.21694,0.66528,12.849,1,0.802241,0.36288,0,16.4151,5.75592,10.2199,0.84672,12.849,0.84672,3695.15,0,0,0,0.518841,1.48936,2.42896,1.38108,3.05608,0.42336,0,0.42336,460.49,0,1.02816,0,0,1.547,0.518841,1.028160,1,0,13.4929,0,0,0,13.4929,0
39.4176,2.57993,0,0,1.23409,0.115357,0.36288,3.6288,61.308,0.00097177,0,0,0.85885,0.288688,0.56919,0.66528,12.849,1,0.803786,0.36288,0,15.8258,5.72544,9.65946,0.84672,12.849,0.84672,3695.15,0,0,0,1.72128,1.48936,2.53625,1.33775,4.40914,0.42336,0,0.42336,460.49,0,1.02816,0,0,2.74944,1.72128,1.028160,1,0,14.6378,0,0,0,14.6378,0
37.4459,2.55188,0,0,1.05597,0.112902,0.36288,3.6288,61.308,0.000972724,0,0,0.474363,0.288688,0.184702,0.66528,12.849,1,0.831839,0.36288,0,15.8104,5.72544,9.61602,0.84672,12.849,0.84672,3695.15,0,0,0,0.504213,1.42921,1.88758,1.33775,2.48326,0.42336,0,0.42336,460.49,0,1.02816,0,0,1.53237,0.504213,1.028160,1,0,12.284,0,0,0,12.284,0
35.5412,2.51927,0,0,1.10172,0.124289,0.36288,3.6288,61.308,0.000973677,0,0,0.456664,0.273526,0.182164,0.66528,12.849,1,0.86445,0.36288,0,15.1968,5.51781,9.17743,0.84672,12.849,0.84672,3695.15,0,0,0,0.457289,1.42922,1.89951,1.27285,2.51317,0.42336,0,0.42336,460.49,0,1.02816,0,0,1.48545,0.457289,1.028160,1,0,11.8728,0,0,0,11.8728,0
34.4515,2.48524,0,0,1.9504,0.191926,0.36288,3.6288,61.308,0.000974631,0,0,0.814164,0.181423,0.631766,0.66528,12.849,1,0.898477,0.36288,0,33.4854,4.05384,28.8959,0.84672,12.849,0.84672,3695.15,0,0,0,0.908116,1.42922,3.90779,0.893339,5.35179,0.42336,0,0.42336,460.49,0,1.02816,0,0,1.93628,0.908116,1.028160,1,0,34.8795,0,0,0,34.8795,0
33.417,2.40088,0,0,1.89054,0.161284,0.36288,3.6288,61.308,0,0,0,0.499518,0.178585,0.320933,0.66528,12.849,1,0.895431,0.36288,0,29.4248,3.50836,25.3839,0.84672,12.849,0.84672,3695.15,0,0,0,0.507137,1.42922,2.0561,0.918026,3.07443,0.42336,0,0.42336,460.49,0,0.981785,0,0,1.48892,0.507137,1.028160,1,0,28.7793,0,0,0,28.7793,0
34.1544,2.38086,0,0,3.64037,0.159246,0.36288,3.6288,61.308,0,0,0,0.755084,0.178585,0.576499,0.66528,12.849,1,0.915453,0.36288,0,53.5757,3.50836,49.5148,0.84672,12.849,0.84672,3695.15,0,0,0,0.822393,1.37626,3.25665,0.918026,4.53727,0.42336,0,0.42336,460.49,0,0.981786,0,0,1.80418,0.822393,1.028160,1,0,54.6285,0,0,0,54.6285,0
36.7493,2.39523,0,0,5.51369,0.160699,0.36288,3.6288,61.308,0,0,0,1.43899,0.178585,1.26041,0.66528,12.849,1,0.901093,0.36288,0,58.6643,3.50836,54.6177,0.84672,12.849,0.84672,3695.15,0,0,0,2.32706,1.37626,4.75295,0.918026,7.53824,0.42336,0,0.42336,460.49,0,0.981787,0,0,3.30884,2.32706,1.028160,1,0,63.4164,0,0,0,63.4164,0
37.1835,2.44237,0,0,3.41278,0.173327,0.36288,3.6288,61.308,0,0,0,0.963605,0.182034,0.781571,0.66528,12.849,1,0.85395,0.36288,0,48.7818,3.56636,44.7244,0.84672,12.849,0.84672,3695.15,0,0,0,1.70255,1.37626,4.70732,0.931564,6.85457,0.42336,0,0.42336,460.49,0,0.981788,0,0,2.68434,1.70255,1.028160,1,0,52.3605,0,0,0,52.3605,0
38.7318,2.26529,0,0,4.36027,0.183794,0.36288,3.6288,61.308,0,0,0,0.964984,0.198423,0.766561,0.66528,12.849,1,0.782786,0.36288,0,52.4015,4.10403,47.8776,0.84672,12.849,0.84672,3695.15,0,0,0,1.00677,1.37626,4.90448,1.14416,6.14334,0.42336,0,0.42336,460.49,0,0.883171,0,0,1.88994,1.00677,1.028160,1,0,54.7875,0,0,0,54.7875,0
44.5694,2.28879,0,0,8.67639,0.187157,0.36288,3.6288,61.308,0,0,0,1.53683,0.198423,1.33841,0.66528,12.849,1,0.75929,0.36288,0,78.3449,4.10403,73.8445,0.84672,12.849,0.84672,3695.15,0,0,0,2.39585,1.25355,7.37426,1.14416,9.87949,0.42336,0,0.42336,460.49,0,0.883172,0,0,3.27902,2.39585,1.028160,1,0,85.0624,0,0,0,85.0624,0
46.8267,2.36599,0,0,5.18655,0.200306,0.36288,3.6288,61.308,0,0,0,1.6615,0.198423,1.46307,0.66528,12.849,1,0.682095,0.36288,0,89.7238,4.10403,85.3006,0.84672,12.849,0.84672,3695.15,0,0,0,2.83115,1.25355,6.24358,1.14416,9.18412,0.42336,0,0.42336,460.49,0,0.883173,0,0,3.71433,2.83115,1.028160,1,0,95.9478,0,0,0,95.9478,0
50.8203,2.39179,0,0,6.97708,0.228863,0.36288,3.6288,61.308,0,0,0,2.15102,0.231469,1.91955,0.66528,12.849,1,0.656294,0.36288,0,80.5592,4.50108,75.7647,0.84672,12.849,0.84672,3695.15,0,0,0,3.59792,1.25355,7.62643,1.22421,11.2537,0.42336,0,0.42336,460.49,0,0.883174,0,0,4.48109,3.59792,1.028160,1,0,88.9379,0,0,0,88.9379,0
53.1477,2.43296,0,0,5.3727,0.249439,0.36288,3.6288,61.308,0,0,0,1.63672,0.244052,1.39267,0.66528,12.849,1,0.61513,0.36288,0,98.5781,4.68892,93.6369,0.84672,12.849,0.84672,3695.15,0,0,0,2.59165,1.25355,8.09177,1.14306,10.7939,0.42336,0,0.42336,460.49,0,0.883175,0,0,3.47483,2.59165,1.028160,1,0,105.823,0,0,0,105.823,0
56.745,2.53154,0,0,6.75641,0.264645,0.36288,3.6288,61.308,0,0,0,1.97856,0.244576,1.73398,0.66528,12.849,1,0.612027,0.36288,0,149.204,4.60635,144.349,0.84672,12.849,0.84672,3695.15,0,0,0,2.91203,1.25355,10.5017,1.0363,13.631,0.42336,0,0.42336,460.49,0,0.91173,0,0,3.82376,2.91203,1.028160,1,0,159.714,0,0,0,159.714,0
60.0319,2.56317,0,0,6.48728,0.274388,0.36288,3.6288,61.308,0,0,0,2.50658,0.244576,2.262,0.66528,12.849,1,0.580388,0.36288,0,162.501,4.60635,157.677,0.84672,12.849,0.84672,3695.15,0,0,0,4.05505,1.29351,12.773,1.0363,17.0853,0.42336,0,0.42336,460.49,0,0.911726,0,0,4.96677,4.05505,1.028160,1,0,177.025,0,0,0,177.025,0
60.8861,2.58933,0,0,4.12601,0.319621,0.36288,3.6288,61.308,0,0,0,1.39647,0.233865,1.1626,0.66528,12.849,1,0.554211,0.36288,0,94.7428,4.72029,89.8312,0.84672,12.849,0.84672,3695.15,0,0,0,2.03671,1.2935,7.62281,1.23497,9.71805,0.42336,0,0.42336,460.49,0,0.911721,0,0,2.94843,2.03671,1.028160,1,0,100.712,0,0,0,100.712,0
64.9815,2.59574,0,0,7.29086,0.236812,0.36288,3.6288,61.308,0,0,0,1.84872,0.269598,1.57912,0.66528,12.849,1,0.547788,0.36288,0,120.559,4.48224,115.892,0.84672,12.849,0.84672,3695.15,0,0,0,2.84345,1.2935,8.74394,1.17518,11.7057,0.42336,0,0.42336,460.49,0,0.911717,0,0,3.75517,2.84345,1.028160,1,0,129.177,0,0,0,129.177,0
65.2501,2.88054,0,0,3.78673,0.274682,0.36288,3.6288,61.308,0,0,0,1.40843,0.259702,1.14873,0.66528,12.849,1,0.569579,0.36288,0,91.8242,3.63854,87.979,0.84672,12.849,0.84672,3695.15,0,0,0,1.4223,1.29349,6.22682,1.07879,7.86382,0.42336,0,0.42336,460.49,0,1.01891,0,0,2.44121,1.4223,1.028160,1,0,96.9915,0,0,0,96.9915,0
65.9422,2.88249,0,0,4.22969,0.292278,0.36288,3.6288,61.308,0,0,0,1.40078,0.230334,1.17044,0.66528,12.849,1,0.567617,0.36288,0,73.4365,3.33428,69.8975,0.84672,12.849,0.84672,3695.15,0,0,0,1.4134,1.43376,5.64277,0.971714,7.51822,0.42336,0,0.42336,460.49,0,1.01891,0,0,2.43231,1.4134,1.028160,1,0,78.5862,0,0,0,78.5862,0
65.8432,2.88746,0,0,3.44527,0.293899,0.36288,3.6288,61.308,0,0,0,1.37464,0.230334,1.14431,0.66528,12.849,1,0.562628,0.36288,0,75.8687,3.33428,72.3347,0.84672,12.849,0.84672,3695.15,0,0,0,1.32829,1.43376,4.94548,0.971714,6.73582,0.42336,0,0.42336,460.49,0,1.0189,0,0,2.34719,1.32829,1.028160,1,0,80.2148,0,0,0,80.2148,0
67.1366,2.88674,0,0,4.84379,0.300738,0.36288,3.6288,61.308,0,0,0,1.73761,0.22693,1.51068,0.66528,12.849,1,0.563333,0.36288,0,84.2512,3.31782,80.733,0.84672,12.849,0.84672,3695.15,0,0,0,1.97086,1.43375,7.41379,0.96149,9.85692,0.42336,0,0.42336,460.49,0,1.0189,0,0,2.98976,1.97086,1.028160,1,0,92.1005,0,0,0,92.1005,0
70.1411,2.52877,0,0,6.24284,0.346702,0.36288,3.6288,61.308,0,0,0,2.3442,0.206505,2.1377,0.66528,12.849,1,0.48397,0.36288,0,104.9,3.21909,101.56,0.84672,12.849,0.84672,3695.15,0,0,0,3.4587,1.43374,10.7546,0.900148,14.7468,0.42336,0,0.42336,460.49,0,0.875032,0,0,4.33373,3.4587,1.028160,1,0,118.444,0,0,0,118.444,0
71.9168,2.54627,0,0,5.0397,0.354927,0.36288,3.6288,61.308,0,0,0,1.65535,0.206505,1.44884,0.66528,12.849,1,0.466446,0.36288,0,113.38,3.21909,110.057,0.84672,12.849,0.84672,3695.15,0,0,0,1.98048,1.24064,7.45995,0.900148,9.78091,0.42336,0,0.42336,460.49,0,0.875028,0,0,2.8555,1.98048,1.028160,1,0,121.287,0,0,0,121.287,0
72.1858,2.55603,0,0,3.54779,0.359788,0.36288,3.6288,61.308,0,0,0,1.17423,0.206505,0.967722,0.66528,12.849,1,0.456673,0.36288,0,100.795,3.21909,97.4822,0.84672,12.849,0.84672,3695.15,0,0,0,1.59046,1.24063,7.16921,0.900148,9.10016,0.42336,0,0.42336,460.49,0,0.875023,0,0,2.46548,1.59046,1.028160,1,0,107.55,0,0,0,107.55,0
73.2953,2.55746,0,0,4.31105,0.28129,0.36288,3.6288,61.308,0,0,0,1.25001,0.164391,1.08562,0.66528,12.849,1,0.455226,0.36288,0,95.3847,2.60873,92.6837,0.84672,12.849,0.84672,3695.15,0,0,0,1.76463,1.24062,7.18736,0.812469,9.38014,0.42336,0,0.42336,460.49,0,0.875019,0,0,2.63965,1.76463,1.028160,1,0,103.149,0,0,0,103.149,0
74.4129,2.56331,0,0,4.50238,0.458583,0.36288,3.6288,61.308,0,0,0,1.28241,0.168382,1.11403,0.66528,12.849,1,0.449361,0.36288,0,92.0627,2.8725,89.1037,0.84672,12.849,0.84672,3695.15,0,0,0,2.25973,1.24062,7.85385,0.89988,10.4543,0.42336,0,0.42336,460.49,0,0.875015,0,0,3.13475,2.25973,1.028160,1,0,100.672,0,0,0,100.672,0
76.2656,2.66293,0,0,5.37147,0.492935,0.36288,3.6288,61.308,0,0,0,1.87161,0.169978,1.70163,0.66528,12.849,1,0.459812,0.36288,0,106.884,2.97801,103.809,0.84672,12.849,0.84672,3695.15,0,0,0,2.56085,1.24061,8.19133,0.934844,11.0579,0.42336,0,0.42336,460.49,0,0.910202,0,0,3.47105,2.56085,1.028160,1,0,116.568,0,0,0,116.568,0
76.5984,2.67247,0,0,3.8705,0.502304,0.36288,3.6288,61.308,0,0,0,0.992874,0.169978,0.822897,0.66528,12.849,1,0.45025,0.36288,0,68.3623,2.97801,65.2969,0.84672,12.849,0.84672,3695.15,0,0,0,1.39638,1.28842,6.42028,0.934844,8.17024,0.42336,0,0.42336,460.49,0,0.910198,0,0,2.30658,1.39638,1.028160,1,0,74.29,0,0,0,74.29,0
76.6374,2.67413,0,0,3.57998,0.503987,0.36288,3.6288,61.308,0,0,0,1.1225,0.169978,0.952523,0.66528,12.849,1,0.448572,0.36288,0,78.465,2.97801,75.4013,0.84672,12.849,0.84672,3695.15,0,0,0,1.46888,1.28842,6.65427,0.934844,8.47672,0.42336,0,0.42336,460.49,0,0.910193,0,0,2.37908,1.46888,1.028160,1,0,84.8306,0,0,0,84.8306,0
76.5335,2.67432,0,0,3.33741,0.404106,0.36288,3.6288,61.308,0,0,0,1.05148,0.209217,0.842262,0.66528,12.849,1,0.448375,0.36288,0,73.529,3.33889,70.1046,0.84672,12.849,0.84672,3695.15,0,0,0,1.32172,1.28841,5.89283,1.01592,7.48705,0.42336,0,0.42336,460.49,0,0.910189,0,0,2.23191,1.32172,1.028160,1,0,78.4339,0,0,0,78.4339,0
76.1695,2.63693,0,0,3.02455,0.388736,0.36288,3.6288,61.308,0,0,0,1.19599,0.217132,0.97886,0.66528,12.849,1,0.442707,0.36288,0,65.0583,3.27715,61.7014,0.84672,12.849,0.84672,3695.15,0,0,0,1.50946,1.2884,4.91559,1.01714,6.69632,0.42336,0,0.42336,460.49,0,0.896516,0,0,2.40598,1.50946,1.028160,1,0,69.3765,0,0,0,69.3765,0
75.9432,2.63511,0,0,3.15896,0.387316,0.36288,3.6288,61.308,0,0,0,1.02445,0.217132,0.807322,0.66528,12.849,1,0.444515,0.36288,0,64.5261,3.27715,61.1673,0.84672,12.849,0.84672,3695.15,0,0,0,1.10115,1.26977,5.76782,1.01714,7.1216,0.42336,0,0.42336,460.49,0,0.896512,0,0,1.99766,1.10115,1.028160,1,0,69.0963,0,0,0,69.0963,0
75.6985,2.63396,0,0,3.08705,0.334909,0.36288,3.6288,61.308,0,0,0,0.999017,0.234935,0.764082,0.66528,12.849,1,0.445646,0.36288,0,64.1523,4.6807,59.3889,0.84672,12.849,0.84672,3695.15,0,0,0,1.19048,1.26977,5.21092,1.07248,6.5987,0.42336,0,0.42336,460.49,0,0.896508,0,0,2.08699,1.19048,1.028160,1,0,66.7517,0,0,0,66.7517,0
74.9929,2.63272,0,0,2.5351,0.245115,0.36288,3.6288,61.308,0,0,0,0.951247,0.255447,0.6958,0.66528,12.849,1,0.446875,0.36288,0,40.1444,5.21298,34.8474,0.84672,12.849,0.84672,3695.15,0,0,0,1.01317,1.26976,4.56056,1.20847,5.63503,0.42336,0,0.42336,460.49,0,0.896503,0,0,1.90967,1.01317,1.028160,1,0,41.1782,0,0,0,41.1782,0
74.0538,2.75383,0,0,2.42904,0.251409,0.36288,3.6288,61.308,0,0,0,0.894534,0.270407,0.624127,0.66528,12.849,1,0.471831,0.36288,0,41.433,5.07315,36.2509,0.84672,12.849,0.84672,3695.15,0,0,0,0.715087,1.26975,4.5634,1.15408,5.39416,0.42336,0,0.42336,460.49,0,0.944968,0,0,1.66006,0.715087,1.028160,1,0,42.2692,0,0,0,42.2692,0
73.0259,2.74872,0,0,2.31692,0.233189,0.36288,3.6288,61.308,0,0,0,0.844128,0.273916,0.570212,0.66528,12.849,1,0.476927,0.36288,0,37.8189,5.13282,32.5721,0.84672,12.849,0.84672,3695.15,0,0,0,0.614617,1.33457,4.41153,1.17943,5.18129,0.42336,0,0.42336,460.49,0,0.944963,0,0,1.55958,0.614617,1.028160,1,0,38.3236,0,0,0,38.3236,0
71.9279,2.743,0,0,2.23857,0.230721,0.36288,3.6288,61.308,0,0,0,0.861062,0.273916,0.587147,0.66528,12.849,1,0.482634,0.36288,0,36.0577,5.13282,30.8052,0.84672,12.849,0.84672,3695.15,0,0,0,0.784501,1.33456,4.21966,1.17943,5.15929,0.42336,0,0.42336,460.49,0,0.944959,0,0,1.72946,0.784501,1.028160,1,0,36.5516,0,0,0,36.5516,0
70.6905,2.73673,0,0,2.05467,0.192431,0.36288,3.6288,61.308,0,0,0,0.80714,0.267332,0.539808,0.66528,12.849,1,0.488882,0.36288,0,33.9033,4.70975,29.0675,0.84672,12.849,0.84672,3695.15,0,0,0,0.707273,1.33456,3.8481,1.19575,4.69418,0.42336,0,0.42336,460.49,0,0.944954,0,0,1.65223,0.707273,1.028160,1,0,34.3015,0,0,0,34.3015,0
69.5252,2.72948,0,0,2.06433,0.137337,0.36288,3.6288,61.308,0,0,0,0.78872,0.252116,0.536604,0.66528,12.849,1,0.496121,0.36288,0,33.4852,4.68129,28.6707,0.84672,12.849,0.84672,3695.15,0,0,0,0.811519,1.33455,3.78808,1.1616,4.77255,0.42336,0,0.42336,460.49,0,0.944949,0,0,1.75647,0.811519,1.028160,1,0,33.9798,0,0,0,33.9798,0
68.3031,2.69806,0,0,1.95005,0.111134,0.36288,3.6288,61.308,0,0,0,0.767776,0.247082,0.520694,0.66528,12.849,1,0.498631,0.36288,0,33.9617,4.7376,29.0883,0.84672,12.849,0.84672,3695.15,0,0,0,0.805379,1.33454,3.8564,1.14533,4.851,0.42336,0,0.42336,460.49,0,0.971584,0,0,1.77696,0.805379,1.028160,1,0,34.46,0,0,0,34.46,0
66.9099,2.69054,0,0,1.77032,0.110081,0.36288,3.6288,61.308,0,0,0,0.725328,0.247082,0.478246,0.66528,12.849,1,0.506137,0.36288,0,32.9522,4.7376,28.0713,0.84672,12.849,0.84672,3695.15,0,0,0,0.631055,1.34971,3.62499,1.14533,4.46042,0.42336,0,0.42336,460.49,0,0.971579,0,0,1.60263,0.631055,1.028160,1,0,33.01,0,0,0,33.01,0
65.3866,2.68169,0,0,1.62099,0.0997503,0.36288,3.6288,61.308,0,0,0,0.690327,0.269021,0.421307,0.66528,12.849,1,0.514975,0.36288,0,29.0596,5.0199,23.8876,0.84672,12.849,0.84672,3695.15,0,0,0,0.565301,1.3497,3.52039,1.24838,4.18701,0.42336,0,0.42336,460.49,0,0.971574,0,0,1.53687,0.565301,1.028160,1,0,28.4959,0,0,0,28.4959,0
63.8599,2.67164,0,0,1.58585,0.0780861,0.36288,3.6288,61.308,0,0,0,0.656001,0.317172,0.338828,0.66528,12.849,1,0.525,0.36288,0,26.196,5.74353,20.2904,0.84672,12.849,0.84672,3695.15,0,0,0,0.520723,1.34969,3.29928,1.49154,3.67815,0.42336,0,0.42336,460.49,0,0.971569,0,0,1.49229,0.520723,1.028160,1,0,24.3074,0,0,0,24.3074,0
62.2556,2.72329,0,0,1.5642,0.0822941,0.36288,3.6288,61.308,0,0,0,0.670222,0.300439,0.369783,0.66528,12.849,1,0.547943,0.36288,0,25.0346,5.78823,19.0613,0.84672,12.849,0.84672,3695.15,0,0,0,0.474731,1.34969,3.14684,1.45542,3.51584,0.42336,0,0.42336,460.49,0,0.995305,0,0,1.47004,0.474731,1.028160,1,0,22.9469,0,0,0,22.9469,0
60.5308,2.71157,0,0,1.43092,0.0812239,0.36288,3.6288,61.308,0,0,0,0.629942,0.300439,0.329504,0.66528,12.849,1,0.559644,0.36288,0,23.5381,5.78823,17.5531,0.84672,12.849,0.84672,3695.15,0,0,0,0.447139,1.382,3.20305,1.45542,3.57676,0.42336,0,0.42336,460.49,0,0.9953,0,0,1.44244,0.447139,1.028160,1,0,21.4594,0,0,0,21.4594,0
58.6851,2.6984,0,0,1.29562,0.0800734,0.36288,3.6288,61.308,0,0,0,0.601877,0.300439,0.301438,0.66528,12.849,1,0.572795,0.36288,0,22.1684,5.78823,16.1703,0.84672,12.849,0.84672,3695.15,0,0,0,0.300109,1.38199,2.97814,1.45542,3.20482,0.42336,0,0.42336,460.49,0,0.995295,0,0,1.2954,0.300109,1.028160,1,0,19.6765,0,0,0,19.6765,0
56.7062,2.68361,0,0,1.13307,0.065528,0.36288,3.6288,61.308,0,0,0,0.597611,0.308209,0.289402,0.66528,12.849,1,0.587572,0.36288,0,21.1092,6.01255,14.8719,0.84672,12.849,0.84672,3695.15,0,0,0,0.279421,1.38199,3.00999,1.50024,3.17116,0.42336,0,0.42336,460.49,0,0.99529,0,0,1.27471,0.279421,1.028160,1,0,18.3325,0,0,0,18.3325,0
54.5194,2.84499,0,0,1.08524,0.0641251,0.36288,3.6288,61.308,0.0528151,0,0,0.618122,0.287032,0.278275,0.66528,12.849,1,0.644644,0.36288,0,19.6465,5.6745,13.6902,0.84672,12.849,0.84672,3695.15,0,0,0,0.472003,1.38198,3.42402,1.50414,3.77387,0.42336,0,0.42336,460.49,0,1.02816,0,0,1.50016,0.472003,1.028160,1,0,17.7424,0,0,0,17.7424,0
52.2549,2.82405,0,0,0.98394,0.0614618,0.36288,3.6288,61.308,0.0528097,0,0,0.564399,0.285619,0.225971,0.66528,12.849,1,0.665566,0.36288,0,17.4427,5.63514,11.5049,0.84672,12.849,0.84672,3695.15,0,0,0,0.422392,1.48912,3.41493,1.52949,3.79695,0.42336,0,0.42336,460.49,0,1.02816,0,0,1.45055,0.422392,1.028160,1,0,15.5278,0,0,0,15.5278,0
50.1333,2.80089,0,0,1.10218,0.0600572,0.36288,3.6288,61.308,0.0528043,0,0,0.578972,0.285619,0.240549,0.66528,12.849,1,0.688712,0.36288,0,17.3382,5.63514,11.3773,0.84672,12.849,0.84672,3695.15,0,0,0,0.462819,1.48911,3.66011,1.52949,4.08255,0.42336,0,0.42336,460.49,0,1.02816,0,0,1.49098,0.462819,1.028160,1,0,15.7004,0,0,0,15.7004,0
48.6812,2.77767,0,0,1.76394,0.0754544,0.36288,3.6288,61.308,0.052799,0,0,0.711547,0.281328,0.37742,0.66528,12.849,1,0.711909,0.36288,0,28.8041,5.5164,22.9387,0.84672,12.849,0.84672,3695.15,0,0,0,0.783216,1.4891,3.98985,1.51493,4.74724,0.42336,0,0.42336,460.49,0,1.02816,0,0,1.81138,0.783216,1.028160,1,0,28.0634,0,0,0,28.0634,0
48.909,2.76086,0,0,3.40589,0.054366,0.36288,3.6288,61.308,0.0527936,0,0,1.45498,0.255867,1.14632,0.66528,12.849,1,0.728706,0.36288,0,27.6197,5.55629,21.6976,0.84672,12.849,0.84672,3695.15,0,0,0,2.23829,1.4891,8.87463,1.51654,11.0855,0.42336,0,0.42336,460.49,0,1.02816,0,0,3.26645,2.23829,1.028160,1,0,33.9294,0,0,0,33.9294,0
47.5332,2.67922,0,0,1.70355,0.0372213,0.36288,3.6288,61.308,0.000779128,0,0,0.951497,0.242455,0.708263,0.66528,12.849,1,0.703863,0.36288,0,42.0683,5.51933,36.208,0.84672,12.849,0.84672,3695.15,0,0,0,1.59399,1.48909,6.25616,1.52775,7.8115,0.42336,0,0.42336,460.49,0,1.02816,0,0,2.62215,1.59399,1.028160,1,0,44.7278,0,0,0,44.7278,0
45.8674,2.66316,0,0,1.39685,0.036668,0.36288,3.6288,61.308,0.000774002,0,0,0.868864,0.242455,0.625635,0.66528,12.849,1,0.719896,0.36288,0,24.4052,5.51933,18.5289,0.84672,12.849,0.84672,3695.15,0,0,0,0.77976,1.42895,4.47072,1.52775,5.15168,0.42336,0,0.42336,460.49,0,1.02816,0,0,1.80792,0.77976,1.028160,1,0,24.3062,0,0,0,24.3062,0
46.202,2.64273,0,0,3.43666,0.096471,0.36288,3.6288,61.308,0.000768876,0,0,1.38201,0.248373,1.13287,0.66528,12.849,1,0.740317,0.36288,0,32.4931,5.05613,27.0595,0.84672,12.849,0.84672,3695.15,0,0,0,3.03623,1.42894,11.6286,1.42819,14.6656,0.42336,0,0.42336,460.49,0,1.02816,0,0,4.06439,3.03623,1.028160,1,0,42.858,0,0,0,42.858,0
46.1009,2.64691,0,0,3.04827,0.139577,0.36288,3.6288,61.308,0.000763869,0,0,1.60466,0.258162,1.34573,0.66528,12.849,1,0.736119,0.36288,0,55.9884,4.91081,50.7044,0.84672,12.849,0.84672,3695.15,0,0,0,2.12638,1.42893,9.34174,1.31956,11.5775,0.42336,0,0.42336,460.49,0,1.02816,0,0,3.15454,2.12638,1.028160,1,0,63.6276,0,0,0,63.6276,0
44.1729,2.57729,0,0,1.21334,0.201174,0.36288,3.6288,61.308,0,0,0,0.947082,0.233151,0.713931,0.66528,12.849,1,0.718329,0.36288,0,47.952,5.21797,42.3786,0.84672,12.849,0.84672,3695.15,0,0,0,0.915792,1.42893,4.77033,1.08406,6.03098,0.42336,0,0.42336,460.49,0,0.981578,0,0,1.89737,0.915792,1.028160,1,0,49.1235,0,0,0,49.1235,0
43.5388,2.55299,0,0,2.47051,0.188723,0.36288,3.6288,61.308,0,0,0,1.26353,0.22918,1.03435,0.66528,12.849,1,0.742614,0.36288,0,38.4919,5.12197,32.9902,0.84672,12.849,0.84672,3695.15,0,0,0,1.5107,1.37597,8.41978,1.10553,10.2009,0.42336,0,0.42336,460.49,0,0.981573,0,0,2.49227,1.5107,1.028160,1,0,44.2255,0,0,0,44.2255,0
47.7448,2.54463,0,0,7.29996,0.186421,0.36288,3.6288,61.308,0,0,0,2.21439,0.192629,2.02176,0.66528,12.849,1,0.75096,0.36288,0,113.6,4.32103,108.89,0.84672,12.849,0.84672,3695.15,0,0,0,2.98865,1.37596,20.3904,1.01562,23.7394,0.42336,0,0.42336,460.49,0,0.981569,0,0,3.97022,2.98865,1.028160,1,0,134.652,0,0,0,134.652,0
48.2952,2.59674,0,0,3.72054,0.21054,0.36288,3.6288,61.308,0,0,0,1.60696,0.172661,1.4343,0.66528,12.849,1,0.69883,0.36288,0,73.5929,3.90033,69.3566,0.84672,12.849,0.84672,3695.15,0,0,0,1.86643,1.37595,11.4268,0.907945,13.7613,0.42336,0,0.42336,460.49,0,0.981564,0,0,2.84799,1.86643,1.028160,1,0,84.5522,0,0,0,84.5522,0
49.3646,2.40698,0,0,4.07287,0.233631,0.36288,3.6288,61.308,0,0,0,1.7415,0.220695,1.52081,0.66528,12.849,1,0.64038,0.36288,0,63.384,3.98835,59.1181,0.84672,12.849,0.84672,3695.15,0,0,0,1.74554,1.37595,7.87768,0.992623,10.0065,0.42336,0,0.42336,460.49,0,0.882964,0,0,2.6285,1.74554,1.028160,1,0,70.6455,0,0,0,70.6455,0
49.8312,2.41798,0,0,3.48755,0.240029,0.36288,3.6288,61.308,0,0,0,1.75539,0.228701,1.52669,0.66528,12.849,1,0.62937,0.36288,0,55.3693,4.00302,51.0998,0.84672,12.849,0.84672,3695.15,0,0,0,1.60546,1.25325,7.30172,1.00674,9.15371,0.42336,0,0.42336,460.49,0,0.88296,0,0,2.48842,1.60546,1.028160,1,0,61.7802,0,0,0,61.7802,0
50.3029,2.42265,0,0,3.49841,0.241224,0.36288,3.6288,61.308,0,0,0,1.59062,0.228701,1.36192,0.66528,12.849,1,0.624681,0.36288,0,83.687,4.00302,79.4222,0.84672,12.849,0.84672,3695.15,0,0,0,2.53176,1.25325,6.89034,1.00674,9.66861,0.42336,0,0.42336,460.49,0,0.882956,0,0,3.41472,2.53176,1.028160,1,0,90.4528,0,0,0,90.4528,0
49.4177,2.4273,0,0,2.14744,0.24243,0.36288,3.6288,61.308,0,0,0,1.0121,0.228701,0.783398,0.66528,12.849,1,0.620012,0.36288,0,47.3869,4.00302,43.1268,0.84672,12.849,0.84672,3695.15,0,0,0,1.09544,1.25324,5.94278,1.00674,7.28472,0.42336,0,0.42336,460.49,0,0.882951,0,0,1.97839,1.09544,1.028160,1,0,51.1949,0,0,0,51.1949,0
47.9083,2.41848,0,0,1.48648,0.214507,0.36288,3.6288,61.308,0,0,0,1.06589,0.214795,0.851093,0.66528,12.849,1,0.628823,0.36288,0,33.9801,4.04613,29.668,0.84672,12.849,0.84672,3695.15,0,0,0,1.27297,1.25324,6.70619,1.00017,8.23222,0.42336,0,0.42336,460.49,0,0.882947,0,0,2.15591,1.27297,1.028160,1,0,38.7513,0,0,0,38.7513,0
46.0533,2.47811,0,0,1.16336,0.177372,0.36288,3.6288,61.308,0,0,0,1.39675,0.196254,1.2005,0.66528,12.849,1,0.664629,0.36288,0,33.2543,4.10361,28.849,0.84672,12.849,0.84672,3695.15,0,0,0,1.67703,1.25323,7.48828,0.991412,9.42712,0.42336,0,0.42336,460.49,0,0.91149,0,0,2.58852,1.67703,1.028160,1,0,39.4766,0,0,0,39.4766,0
45.0826,2.45716,0,0,2.02307,0.173778,0.36288,3.6288,61.308,0,0,0,1.66138,0.196254,1.46512,0.66528,12.849,1,0.685553,0.36288,0,37.188,4.10361,32.7617,0.84672,12.849,0.84672,3695.15,0,0,0,2.48196,1.29317,10.4546,0.991412,13.2383,0.42336,0,0.42336,460.49,0,0.91148,0,0,3.39344,2.48196,1.028160,1,0,47.4652,0,0,0,47.4652,0
45.2646,2.44564,0,0,3.18082,0.19024,0.36288,3.6288,61.308,0,0,0,1.58139,0.198603,1.38278,0.66528,12.849,1,0.697033,0.36288,0,61.5844,4.23837,57.0119,0.84672,12.849,0.84672,3695.15,0,0,0,2.11834,1.29315,9.64751,1.06681,11.9922,0.42336,0,0.42336,460.49,0,0.91147,0,0,3.02981,2.11834,1.028160,1,0,70.3869,0,0,0,70.3869,0
45.3351,2.4478,0,0,3.11774,0.236581,0.36288,3.6288,61.308,0,0,0,1.67834,0.204476,1.47386,0.66528,12.849,1,0.694842,0.36288,0,70.2963,4.57527,65.3891,0.84672,12.849,0.84672,3695.15,0,0,0,2.41745,1.29314,10.7457,1.25532,13.201,0.42336,0,0.42336,460.49,0,0.911461,0,0,3.32891,2.41745,1.028160,1,0,80.064,0,0,0,80.064,0
43.9204,2.68745,0,0,1.85421,0.218623,0.36288,3.6288,61.308,0,0,0,1.06155,0.211861,0.849684,0.66528,12.849,1,0.761683,0.36288,0,37.0791,4.11684,32.5634,0.84672,12.849,0.84672,3695.15,0,0,0,1.19464,1.29313,6.34466,1.18554,7.64688,0.42336,0,0.42336,460.49,0,1.01862,0,0,2.21326,1.19464,1.028160,1,0,41.06,0,0,0,41.06,0
43.0624,2.66844,0,0,2.38849,0.215147,0.36288,3.6288,61.308,0,0,0,1.30275,0.211861,1.09089,0.66528,12.849,1,0.780657,0.36288,0,50.065,4.11684,45.5304,0.84672,12.849,0.84672,3695.15,0,0,0,1.89753,1.43335,8.66246,1.18554,10.8078,0.42336,0,0.42336,460.49,0,1.01861,0,0,2.91614,1.89753,1.028160,1,0,57.4291,0,0,0,57.4291,0
42.5355,2.65643,0,0,2.70537,0.213039,0.36288,3.6288,61.308,0,0,0,1.36455,0.211861,1.15269,0.66528,12.849,1,0.792627,0.36288,0,57.4815,4.11684,52.9349,0.84672,12.849,0.84672,3695.15,0,0,0,1.6278,1.43334,7.94137,1.18554,9.81696,0.42336,0,0.42336,460.49,0,1.0186,0,0,2.6464,1.6278,1.028160,1,0,63.9046,0,0,0,63.9046,0
41.7021,2.64886,0,0,2.36896,0.190536,0.36288,3.6288,61.308,0,0,0,1.2745,0.213298,1.0612,0.66528,12.849,1,0.80016,0.36288,0,48.9169,4.04294,44.4367,0.84672,12.849,0.84672,3695.15,0,0,0,1.20628,1.43332,7.17206,1.11436,8.6973,0.42336,0,0.42336,460.49,0,1.01859,0,0,2.22486,1.20628,1.028160,1,0,54.1952,0,0,0,54.1952,0
43.4146,2.3024,0,0,4.60254,0.224751,0.36288,3.6288,61.308,0,0,0,2.07048,0.21289,1.85759,0.66528,12.849,1,0.709401,0.36288,0,129.654,3.87261,125.434,0.84672,12.849,0.84672,3695.15,0,0,0,2.85421,1.43331,13.2259,1.04899,16.4644,0.42336,0,0.42336,460.49,0,0.874761,0,0,3.72897,2.85421,1.028160,1,0,143.756,0,0,0,143.756,0
44.4223,2.32397,0,0,3.92379,0.229261,0.36288,3.6288,61.308,0,0,0,1.7131,0.21289,1.50021,0.66528,12.849,1,0.687802,0.36288,0,77.6053,3.87261,73.4078,0.84672,12.849,0.84672,3695.15,0,0,0,2.24704,1.24025,10.7584,1.04899,13.1968,0.42336,0,0.42336,460.49,0,0.874751,0,0,3.1218,2.24704,1.028160,1,0,88.1048,0,0,0,88.1048,0
45.7325,2.33604,0,0,4.241,0.231914,0.36288,3.6288,61.308,0,0,0,1.84642,0.21289,1.63353,0.66528,12.849,1,0.675693,0.36288,0,90.8746,3.87261,86.6892,0.84672,12.849,0.84672,3695.15,0,0,0,2.68985,1.24024,13.1588,1.04899,16.0399,0.42336,0,0.42336,460.49,0,0.874742,0,0,3.5646,2.68985,1.028160,1,0,104.363,0,0,0,104.363,0
46.5358,2.35113,0,0,3.75268,0.235365,0.36288,3.6288,61.308,0,0,0,1.56926,0.21289,1.35637,0.66528,12.849,1,0.660574,0.36288,0,121.624,3.87261,117.453,0.84672,12.849,0.84672,3695.15,0,0,0,2.29825,1.24022,10.08,1.04899,12.5695,0.42336,0,0.42336,460.49,0,0.874732,0,0,3.17298,2.29825,1.028160,1,0,131.379,0,0,0,131.379,0
47.5295,2.36004,0,0,3.96172,0.245105,0.36288,3.6288,61.308,0,0,0,1.55633,0.143163,1.41317,0.66528,12.849,1,0.651631,0.36288,0,91.3464,3.02662,88.031,0.84672,12.849,0.84672,3695.15,0,0,0,2.71666,1.24021,11.1834,0.73094,14.4094,0.42336,0,0.42336,460.49,0,0.874723,0,0,3.59138,2.71666,1.028160,1,0,103.854,0,0,0,103.854,0
48.3393,2.45736,0,0,3.88073,0.250674,0.36288,3.6288,61.308,0,0,0,1.8961,0.157691,1.73841,0.66528,12.849,1,0.664317,0.36288,0,104.58,3.58165,100.697,0.84672,12.849,0.84672,3695.15,0,0,0,3.45293,1.2402,11.5109,0.942098,15.2619,0.42336,0,0.42336,460.49,0,0.909894,0,0,4.36283,3.45293,1.028160,1,0,117.698,0,0,0,117.698,0
48.6484,2.46613,0,0,3.39104,0.2529,0.36288,3.6288,61.308,0,0,0,2.40937,0.157691,2.25168,0.66528,12.849,1,0.655518,0.36288,0,67.0443,3.58165,63.17,0.84672,12.849,0.84672,3695.15,0,0,0,3.21571,1.28799,11.169,0.942098,14.7306,0.42336,0,0.42336,460.49,0,0.909884,0,0,4.12559,3.21571,1.028160,1,0,80.1523,0,0,0,80.1523,0
48.5418,2.4694,0,0,2.97935,0.25375,0.36288,3.6288,61.308,0,0,0,1.68949,0.157691,1.5318,0.66528,12.849,1,0.652215,0.36288,0,74.7541,3.58165,70.8832,0.84672,12.849,0.84672,3695.15,0,0,0,2.45756,1.28797,9.87854,0.942098,12.682,0.42336,0,0.42336,460.49,0,0.909874,0,0,3.36743,2.45756,1.028160,1,0,85.0969,0,0,0,85.0969,0
47.8914,2.46824,0,0,2.41288,0.232119,0.36288,3.6288,61.308,0,0,0,1.20489,0.172916,1.03198,0.66528,12.849,1,0.653342,0.36288,0,66.4463,3.71995,62.4358,0.84672,12.849,0.84672,3695.15,0,0,0,1.82026,1.28796,8.9888,0.990896,11.1061,0.42336,0,0.42336,460.49,0,0.909864,0,0,2.73013,1.82026,1.028160,1,0,74.5739,0,0,0,74.5739,0
46.897,2.42729,0,0,2.02338,0.227594,0.36288,3.6288,61.308,0,0,0,1.11412,0.177674,0.936445,0.66528,12.849,1,0.651229,0.36288,0,51.0374,3.65851,47.0906,0.84672,12.849,0.84672,3695.15,0,0,0,1.85964,1.28794,9.33664,1.03274,11.4515,0.42336,0,0.42336,460.49,0,0.896191,0,0,2.75583,1.85964,1.028160,1,0,59.4785,0,0,0,59.4785,0
45.9782,2.41643,0,0,2.08566,0.225121,0.36288,3.6288,61.308,0,0,0,1.17576,0.177674,0.998083,0.66528,12.849,1,0.662061,0.36288,0,49.1587,3.65851,45.201,0.84672,12.849,0.84672,3695.15,0,0,0,1.8371,1.26931,8.05101,1.03274,10.1247,0.42336,0,0.42336,460.49,0,0.896182,0,0,2.73328,1.8371,1.028160,1,0,56.3237,0,0,0,56.3237,0
45.8644,2.40606,0,0,2.86602,0.210894,0.36288,3.6288,61.308,0,0,0,1.29299,0.181244,1.11175,0.66528,12.849,1,0.672394,0.36288,0,64.093,3.76687,60.0166,0.84672,12.849,0.84672,3695.15,0,0,0,2.16959,1.2693,8.04194,1.01268,10.4682,0.42336,0,0.42336,460.49,0,0.896172,0,0,3.06577,2.16959,1.028160,1,0,71.5965,0,0,0,71.5965,0
44.7419,2.40473,0,0,1.8259,0.180807,0.36288,3.6288,61.308,0,0,0,1.09093,0.19017,0.90076,0.66528,12.849,1,0.67369,0.36288,0,46.9142,4.03777,42.5657,0.84672,12.849,0.84672,3695.15,0,0,0,1.63911,1.26928,7.13379,0.96253,9.07965,0.42336,0,0.42336,460.49,0,0.896162,0,0,2.53527,1.63911,1.028160,1,0,52.5461,0,0,0,52.5461,0
43.4294,2.50502,0,0,1.72562,0.170223,0.36288,3.6288,61.308,0,0,0,1.02834,0.218178,0.810163,0.66528,12.849,1,0.719394,0.36288,0,36.774,4.78289,31.6346,0.84672,12.849,0.84672,3695.15,0,0,0,1.19152,1.26927,6.7674,1.12178,8.10641,0.42336,0,0.42336,460.49,0,0.944604,0,0,2.13612,1.19152,1.028160,1,0,40.5512,0,0,0,40.5512,0
42.0175,2.48822,0,0,1.58708,0.147857,0.36288,3.6288,61.308,0,0,0,0.817733,0.207254,0.610479,0.66528,12.849,1,0.736163,0.36288,0,32.7464,4.45149,27.9216,0.84672,12.849,0.84672,3695.15,0,0,0,1.16217,1.33406,6.45647,1.14578,7.80692,0.42336,0,0.42336,460.49,0,0.944593,0,0,2.10676,1.16217,1.028160,1,0,36.339,0,0,0,36.339,0
40.5127,2.46925,0,0,1.44978,0.122454,0.36288,3.6288,61.308,0,0,0,0.810821,0.210903,0.599918,0.66528,12.849,1,0.755099,0.36288,0,29.2675,4.56519,24.3101,0.84672,12.849,0.84672,3695.15,0,0,0,1.16164,1.33404,6.16747,1.11025,7.55289,0.42336,0,0.42336,460.49,0,0.944583,0,0,2.10622,1.16164,1.028160,1,0,32.4629,0,0,0,32.4629,0
39.0026,2.44793,0,0,1.42103,0.120303,0.36288,3.6288,61.308,0,0,0,0.876951,0.210903,0.666049,0.66528,12.849,1,0.776384,0.36288,0,28.0374,4.56519,23.0587,0.84672,12.849,0.84672,3695.15,0,0,0,1.12192,1.33403,6.64555,1.11025,7.99124,0.42336,0,0.42336,460.49,0,0.944573,0,0,2.06649,1.12192,1.028160,1,0,31.716,0,0,0,31.716,0
37.5003,2.42529,0,0,1.3915,0.10567,0.36288,3.6288,61.308,0,0,0,0.665869,0.220877,0.444992,0.66528,12.849,1,0.798986,0.36288,0,25.9096,4.43409,21.0394,0.84672,12.849,0.84672,3695.15,0,0,0,0.512547,1.33401,4.3926,1.0602,5.17896,0.42336,0,0.42336,460.49,0,0.944563,0,0,1.45711,0.512547,1.028160,1,0,26.6634,0,0,0,26.6634,0
36.0331,2.37992,0,0,1.3702,0.0946034,0.36288,3.6288,61.308,0.151841,0,0,0.545225,0.228358,0.165026,0.66528,12.849,1,0.815448,0.36288,0,24.2011,4.33577,19.4127,0.84672,12.849,0.84672,3695.15,0,0,0,0.30119,1.334,3.3675,1.02266,3.98003,0.42336,0,0.42336,460.49,0,0.81934,0,0,1.12053,0.30119,1.028160,1,0,23.5578,0,0,0,23.5578,0
34.4659,2.35542,0,0,1.22073,0.0696345,0.36288,3.6288,61.2928,0.262569,0,0,0.528782,0.281424,0,0.66528,12.849,1,0.839915,0.36288,0,22.9623,5.16366,17.3216,0.84672,12.849,0.84672,3695.15,0,0,0,0.30119,1.34915,3.27492,1.30505,3.62021,0.42336,0,0.42336,460.49,0,0.708601,0,0,1.00979,0.30119,1.028160,1,0,20.9418,0,0,0,20.9418,0
32.8516,2.32757,0,0,1.1449,0.0687506,0.36288,3.6288,61.308,0.173074,0,0,0.50097,0.273359,0.0393248,0.66528,12.849,1,0.867726,0.36288,0,21.0226,5.57046,14.9473,0.84672,12.849,0.84672,3695.15,0,0,0,0.261274,1.34913,3.2077,1.45594,3.36216,0.42336,0,0.42336,460.49,0,0.798085,0,0,1.05936,0.261274,1.028160,1,0,18.3488,0,0,0,18.3488,0
31.2226,2.2969,0,0,1.09618,0.0653918,0.36288,3.6288,61.308,0.170981,0,0,0.487519,0.279776,0.0367614,0.66528,12.849,1,0.898368,0.36288,0,19.3461,5.64031,13.1703,0.84672,12.849,0.84672,3695.15,0,0,0,0.261274,1.34912,3.2178,1.46449,3.3637,0.42336,0,0.42336,460.49,0,0.800168,0,0,1.06144,0.261274,1.028160,1,0,16.5707,0,0,0,16.5707,0
29.6838,2.31649,0,0,1.19282,0.0522865,0.36288,3.6288,61.308,0.1693,0,0,0.600396,0.318119,0.112978,0.66528,12.849,1,0.953304,0.36288,0,21.9491,6.05945,15.2993,0.84672,12.849,0.84672,3695.15,0,0,0,0.261274,1.3491,3.30565,1.5158,3.40023,0.42336,0,0.42336,460.49,0,0.825569,0,0,1.08684,0.261274,1.028160,1,0,18.8125,0,0,0,18.8125,0
28.0983,2.28198,0,0,1.11065,0.0512294,0.36288,3.6288,61.308,0.0812905,0,0,0.520883,0.318119,0.121474,0.66528,12.849,1,0.987784,0.36288,0,18.5848,6.05945,11.9005,0.84672,12.849,0.84672,3695.15,0,0,0,0.261274,1.3814,3.33613,1.5158,3.463,0.42336,0,0.42336,460.49,0,0.913568,0,0,1.17484,0.261274,1.028160,1,0,15.4849,0,0,0,15.4849,0
26.4685,2.24371,0,0,1.02687,0.0501367,0.36288,3.6288,61.2487,0.224263,0,0,0.483045,0.318119,0,0.66528,12.849,1,1.02602,0.36288,0,17.8211,6.05945,11.0985,0.84672,12.849,0.84672,3695.15,0,0,0,0.261274,1.38138,2.90075,1.5158,3.02761,0.42336,0,0.42336,460.49,0,0.770584,0,0,1.03186,0.261274,1.028160,1,0,14.1261,0,0,0,14.1261,0
24.9082,2.20115,0,0,1.04969,0.0459875,0.36288,3.6288,61.308,0.0511414,0,0,0.536439,0.320589,0.105373,0.66528,12.849,1,1.06854,0.36288,0,16.9499,6.13422,10.11,0.84672,12.849,0.84672,3695.15,0,0,0,0.227405,1.38137,3.58799,1.53074,3.66603,0.42336,0,0.42336,460.49,0,0.943695,0,0,1.1711,0.227405,1.028160,1,0,13.8814,0,0,0,13.8814,0
23.4154,2.30103,0,0,1.18955,0.0184313,0.36288,3.6288,61.308,0.199602,0,0,0.589487,0.349151,0.0407343,0.66528,12.849,1,1.187,0.36288,0,18.7916,6.54648,11.421,0.84672,12.849,0.84672,3695.15,0,0,0,0.227405,1.38135,4.24355,1.574,4.27831,0.42336,0,0.42336,460.49,0,0.880874,0,0,1.10828,0.227405,1.028160,1,0,15.74,0,0,0,15.74,0
22.0139,2.25214,0,0,1.22217,0.00860887,0.36288,3.6288,61.129,0.309906,0,0,0.498654,0.36771,0,0.66528,12.849,1,1.23585,0.36288,0,18.5509,6.69459,10.9834,0.84672,12.849,0.84672,3695.15,0,0,0,0.227405,1.48843,3.15542,1.58193,3.28933,0.42336,0,0.42336,460.49,0,0.770558,0,0,0.997963,0.227405,1.028160,1,0,14.2727,0,0,0,14.2727,0
20.2525,2.20244,0,0,0.835739,0.031844,0.36288,3.6288,60.6755,0.485364,0,0,0.38747,0.355683,0,0.66528,12.849,1,1.28551,0.36288,0,13.1719,6.54188,5.70743,0.84672,12.849,0.84672,3695.15,0,0,0,0.227405,1.48842,2.23298,1.54769,2.40112,0.42336,0,0.42336,460.49,0,0.595089,0,0,0.822493,0.227405,1.028160,1,0,8.10855,0,0,0,8.10855,0
18.4396,2.13401,0,0,0.741917,0.0579309,0.36288,3.6288,60.2981,0.429279,0,0,0.388902,0.336937,0,0.66528,12.849,1,1.3539,0.36288,0,11.9281,6.47178,4.46532,0.84672,12.849,0.84672,3695.15,0,0,0,0.204422,1.4884,2.06652,1.50031,2.25904,0.42336,0,0.42336,460.49,0,0.651162,0,0,0.855585,0.204422,1.028160,1,0,6.72436,0,0,0,6.72436,0
17.0488,2.05554,0,0,1.06385,0.0362294,0.36288,3.6288,60.3395,0.220724,0,0,0.618557,0.356527,0,0.66528,12.849,1,1.43233,0.36288,0,19.6291,6.40869,12.151,0.84672,12.849,0.84672,3695.15,0,0,0,0.204422,1.48838,4.74492,1.51615,4.92158,0.42336,0,0.42336,460.49,0,0.859706,0,0,1.06413,0.204422,1.028160,1,0,17.0726,0,0,0,17.0726,0
16.3153,1.92821,0,0,1.58825,0.0306143,0.36288,3.6288,61.0192,0.000274396,0,0,1.03637,0.356389,0,0.66528,12.849,1,1.45321,0.36288,0,24.9023,6.10371,17.7083,0.84672,12.849,0.84672,3695.15,0,0,0,0.453324,1.48837,7.99917,1.4614,8.47946,0.42336,0,0.42336,460.49,0,1.02816,0,0,1.48148,0.453324,1.028160,1,0,26.1877,0,0,0,26.1877,0
16.2506,1.89164,0,0,2.23606,0.0462906,0.36288,3.6288,61.308,0.000263309,0,0,1.12478,0.337265,0.49841,0.66528,12.849,1,1.48974,0.36288,0,27.7946,5.93807,20.7297,0.84672,12.849,0.84672,3695.15,0,0,0,0.647715,1.42825,7.12788,1.40451,7.79933,0.42336,0,0.42336,460.49,0,1.02816,0,0,1.67587,0.647715,1.028160,1,0,29.0274,0,0,0,29.0274,0
17.0231,1.8883,0,0,3.06998,0.0462468,0.36288,3.6288,61.308,0.000252223,0,0,1.81926,0.337882,1.48113,0.66528,12.849,1,1.49304,0.36288,0,53.3987,5.93807,46.3304,0.84672,12.849,0.84672,3695.15,0,0,0,1.73795,1.42823,12.6485,1.40451,14.4102,0.42336,0,0.42336,460.49,0,1.02816,0,0,2.76611,1.73795,1.028160,1,0,62.2218,0,0,0,62.2218,0
17.313,1.9269,0,0,2.64583,0.0661905,0.36288,3.6288,61.308,0.000241136,0,0,1.33995,0.32654,1.01317,0.66528,12.849,1,1.45441,0.36288,0,60.1275,5.91205,53.1239,0.84672,12.849,0.84672,3695.15,0,0,0,0.973676,1.42822,7.91096,1.41618,8.89667,0.42336,0,0.42336,460.49,0,1.02816,0,0,2.00184,0.973676,1.028160,1,0,63.0337,0,0,0,63.0337,0
19.1378,1.89071,0,0,4.18224,0.103886,0.36288,3.6288,61.308,0,0,0,1.94449,0.249653,1.69484,0.66528,12.849,1,1.40321,0.36288,0,81.5252,3.7654,76.7195,0.84672,12.849,0.84672,3695.15,0,0,0,2.33771,1.4282,11.9816,0.9681,14.7794,0.42336,0,0.42336,460.49,0,0.981074,0,0,3.31878,2.33771,1.028160,1,0,93.1937,0,0,0,93.1937,0
20.4276,1.97074,0,0,3.73005,0.106621,0.36288,3.6288,61.308,0,0,0,1.89615,0.249653,1.6465,0.66528,12.849,1,1.32315,0.36288,0,72.4073,3.7654,67.6816,0.84672,12.849,0.84672,3695.15,0,0,0,1.22217,1.37526,10.1659,0.9681,11.7952,0.42336,0,0.42336,460.49,0,0.981063,0,0,2.20323,1.22217,1.028160,1,0,81.1233,0,0,0,81.1233,0
22.0848,2.02201,0,0,4.15064,0.108554,0.36288,3.6288,61.308,0,0,0,1.91145,0.249653,1.6618,0.66528,12.849,1,1.27185,0.36288,0,80.7996,3.7654,76.1252,0.84672,12.849,0.84672,3695.15,0,0,0,1.83046,1.37524,11.2144,0.9681,13.452,0.42336,0,0.42336,460.49,0,0.981053,0,0,2.81151,1.83046,1.028160,1,0,91.239,0,0,0,91.239,0
