0rest_m,1rest_m,0transf,1transf
1.000000,1.000000,1.71428,-1.71428
1.000000,1.000000,0.593974,-0.593974
1.000000,1.000000,0.593512,-0.593512
1.000000,1.000000,0.59305,-0.59305
1.000000,1.000000,0.592588,-0.592588
1.000000,1.000000,0.460185,-0.460185
1.000000,1.000000,0.459669,-0.459669
1.000000,1.000000,0.459152,-0.459152
1.000000,1.000000,0.458635,-0.458635
1.000000,1.000000,0.635477,-0.635477
1.000000,1.000000,0.635033,-0.635033
1.000000,1.000000,0.634589,-0.634589
1.000000,1.000000,0.634145,-0.634145
1.000000,1.000000,0.6337,-0.6337
1.000000,1.000000,0.589778,-0.589778
1.000000,1.000000,0.589316,-0.589316
1.000000,1.000000,0.588853,-0.588853
1.000000,1.000000,0.58839,-0.58839
1.000000,1.000000,0.604842,-0.604842
1.000000,1.000000,0.604386,-0.604386
1.000000,1.000000,0.60393,-0.60393
1.000000,1.000000,0.603474,-0.603474
1.000000,1.000000,0.542936,-0.542936
1.000000,1.000000,0.542455,-0.542455
1.000000,1.000000,0.541974,-0.541974
1.000000,1.000000,0.541493,-0.541493
1.000000,1.000000,0.541011,-0.541011
1.000000,1.000000,0.507441,-0.507441
1.000000,1.000000,0.506945,-0.506945
1.000000,1.000000,0.50645,-0.50645
1.000000,1.000000,0.505954,-0.505954
1.000000,1.000000,0.47592,-0.47592
1.000000,1.000000,0.475413,-0.475413
1.000000,1.000000,0.474905,-0.474905
1.000000,1.000000,0.474396,-0.474396
1.000000,1.000000,0.367096,-0.367096
1.000000,1.000000,0.366543,-0.366543
1.000000,1.000000,0.365991,-0.365991
1.000000,1.000000,0.365439,-0.365439
1.000000,1.000000,0.364886,-0.364886
1.000000,1.000000,0.429285,-0.429285
1.000000,1.000000,0.428759,-0.428759
1.000000,1.000000,0.428232,-0.428232
1.000000,1.000000,0.427706,-0.427706
1.000000,1.000000,0.486398,-0.486398
1.000000,1.000000,0.485896,-0.485896
1.000000,1.000000,0.485393,-0.485393
1.000000,1.000000,0.48489,-0.48489
1.000000,1.000000,0.607926,-0.607926
1.000000,1.000000,0.607473,-0.607473
1.000000,1.000000,0.607021,-0.607021
1.000000,1.000000,0.606568,-0.606568
1.000000,1.000000,0.606115,-0.606115
1.000000,1.000000,0.569826,-0.569826
1.000000,1.000000,0.569372,-0.569372
1.000000,1.000000,0.568919,-0.568919
1.000000,1.000000,0.568465,-0.568465
1.000000,1.000000,0.433235,-0.433235
1.000000,1.000000,0.432728,-0.432728
1.000000,1.000000,0.43222,-0.43222
1.000000,1.000000,0.431713,-0.431713
1.000000,1.000000,0.612364,-0.612364
1.000000,1.000000,0.611928,-0.611928
1.000000,1.000000,0.611492,-0.611492
1.000000,1.000000,0.611056,-0.611056
1.000000,1.000000,0.610619,-0.610619
1.000000,1.000000,0.565777,-0.565777
1.000000,1.000000,0.565323,-0.565323
1.000000,1.000000,0.564869,-0.564869
1.000000,1.000000,0.564415,-0.564415
1.000000,1.000000,0.581234,-0.581234
1.000000,1.000000,0.580787,-0.580787
1.000000,1.000000,0.580339,-0.580339
1.000000,1.000000,0.579891,-0.579891
1.000000,1.000000,0.518088,-0.518088
1.000000,1.000000,0.517615,-0.517615
1.000000,1.000000,0.517143,-0.517143
1.000000,1.000000,0.51667,-0.51667
1.000000,1.000000,0.516198,-0.516198
1.000000,1.000000,0.481936,-0.481936
1.000000,1.000000,0.48145,-0.48145
1.000000,1.000000,0.480964,-0.480964
1.000000,1.000000,0.480477,-0.480477
1.000000,1.000000,0.44983,-0.44983
1.000000,1.000000,0.449331,-0.449331
1.000000,1.000000,0.448833,-0.448833
1.000000,1.000000,0.448334,-0.448334
1.000000,1.000000,0.338799,-0.338799
1.000000,1.000000,0.338257,-0.338257
1.000000,1.000000,0.337715,-0.337715
1.000000,1.000000,0.337172,-0.337172
1.000000,1.000000,0.33663,-0.33663
1.000000,1.000000,0.402398,-0.402398
1.000000,1.000000,0.401882,-0.401882
1.000000,1.000000,0.401365,-0.401365
1.000000,1.000000,0.400848,-0.400848
1.000000,1.000000,0.460785,-0.460785
1.000000,1.000000,0.460292,-0.460292
1.000000,1.000000,0.459799,-0.459799
1.000000,1.000000,0.459305,-0.459305
1.000000,1.000000,0.584919,-0.584919
1.000000,1.000000,0.584475,-0.584475
1.000000,1.000000,0.58403,-0.58403
1.000000,1.000000,0.583586,-0.583586
1.000000,1.000000,0.583141,-0.583141
1.000000,1.000000,0.546118,-0.546118
1.000000,1.000000,0.545674,-0.545674
1.000000,1.000000,0.54523,-0.54523
1.000000,1.000000,0.544786,-0.544786
1.000000,1.000000,0.406782,-0.406782
1.000000,1.000000,0.406285,-0.406285
1.000000,1.000000,0.405788,-0.405788
1.000000,1.000000,0.405291,-0.405291
1.000000,1.000000,0.589682,-0.589682
1.000000,1.000000,0.589255,-0.589255
1.000000,1.000000,0.588827,-0.588827
1.000000,1.000000,0.5884,-0.5884
1.000000,1.000000,0.587973,-0.587973
1.000000,1.000000,0.542229,-0.542229
1.000000,1.000000,0.541785,-0.541785
1.000000,1.000000,0.54134,-0.54134
1.000000,1.000000,0.540895,-0.540895
1.000000,1.000000,0.558077,-0.558077
1.000000,1.000000,0.557639,-0.557639
1.000000,1.000000,0.5572,-0.5572
1.000000,1.000000,0.556761,-0.556761
1.000000,1.000000,0.493717,-0.493717
1.000000,1.000000,0.493255,-0.493255
1.000000,1.000000,0.492792,-0.492792
1.000000,1.000000,0.492329,-0.492329
1.000000,1.000000,0.491866,-0.491866
1.000000,1.000000,0.456929,-0.456929
1.000000,1.000000,0.456453,-0.456453
1.000000,1.000000,0.455977,-0.455977
1.000000,1.000000,0.4555,-0.4555
1.000000,1.000000,0.424253,-0.424253
1.000000,1.000000,0.423765,-0.423765
1.000000,1.000000,0.423276,-0.423276
1.000000,1.000000,0.422788,-0.422788
1.000000,1.000000,0.311065,-0.311065
1.000000,1.000000,0.310534,-0.310534
1.000000,1.000000,0.310003,-0.310003
1.000000,1.000000,0.309472,-0.309472
1.000000,1.000000,0.308941,-0.308941
1.000000,1.000000,0.376052,-0.376052
1.000000,1.000000,0.375546,-0.375546
1.000000,1.000000,0.37504,-0.37504
1.000000,1.000000,0.374534,-0.374534
1.000000,1.000000,0.435693,-0.435693
1.000000,1.000000,0.43521,-0.43521
1.000000,1.000000,0.434727,-0.434727
1.000000,1.000000,0.434243,-0.434243
1.000000,1.000000,0.562384,-0.562384
1.000000,1.000000,0.561949,-0.561949
1.000000,1.000000,0.561514,-0.561514
1.000000,1.000000,0.561079,-0.561079
1.000000,1.000000,0.560643,-0.560643
1.000000,1.000000,0.522903,-0.522903
1.000000,1.000000,0.522469,-0.522469
1.000000,1.000000,0.522035,-0.522035
1.000000,1.000000,0.5216,-0.5216
1.000000,1.000000,0.380881,-0.380881
1.000000,1.000000,0.380396,-0.380396
1.000000,1.000000,0.37991,-0.37991
1.000000,1.000000,0.379424,-0.379424
1.000000,1.000000,0.567477,-0.567477
1.000000,1.000000,0.567059,-0.567059
1.000000,1.000000,0.566642,-0.566642
1.000000,1.000000,0.566224,-0.566224
1.000000,1.000000,0.565807,-0.565807
1.000000,1.000000,0.519182,-0.519182
1.000000,1.000000,0.518747,-0.518747
1.000000,1.000000,0.518312,-0.518312
1.000000,1.000000,0.517877,-0.517877
1.000000,1.000000,0.535415,-0.535415
1.000000,1.000000,0.534987,-0.534987
1.000000,1.000000,0.534558,-0.534558
1.000000,1.000000,0.534129,-0.534129
1.000000,1.000000,0.469872,-0.469872
1.000000,1.000000,0.46942,-0.46942
1.000000,1.000000,0.468968,-0.468968
1.000000,1.000000,0.468516,-0.468516
1.000000,1.000000,0.468063,-0.468063
1.000000,1.000000,0.432466,-0.432466
1.000000,1.000000,0.432001,-0.432001
1.000000,1.000000,0.431535,-0.431535
1.000000,1.000000,0.43107,-0.43107
1.000000,1.000000,0.399237,-0.399237
1.000000,1.000000,0.398759,-0.398759
1.000000,1.000000,0.398282,-0.398282
1.000000,1.000000,0.397805,-0.397805
1.000000,1.000000,0.283943,-0.283943
1.000000,1.000000,0.283425,-0.283425
1.000000,1.000000,0.282906,-0.282906
1.000000,1.000000,0.282387,-0.282387
1.000000,1.000000,0.281868,-0.281868
1.000000,1.000000,0.350293,-0.350293
1.000000,1.000000,0.349799,-0.349799
1.000000,1.000000,0.349304,-0.349304
1.000000,1.000000,0.34881,-0.34881
1.000000,1.000000,0.411163,-0.411163
1.000000,1.000000,0.410691,-0.410691
1.000000,1.000000,0.410219,-0.410219
1.000000,1.000000,0.409747,-0.409747
1.000000,1.000000,0.540358,-0.540358
1.000000,1.000000,0.539933,-0.539933
1.000000,1.000000,0.539508,-0.539508
1.000000,1.000000,0.539083,-0.539083
1.000000,1.000000,0.538657,-0.538657
1.000000,1.000000,0.500216,-0.500216
1.000000,1.000000,0.499793,-0.499793
1.000000,1.000000,0.499369,-0.499369
1.000000,1.000000,0.498945,-0.498945
1.000000,1.000000,0.355574,-0.355574
1.000000,1.000000,0.355101,-0.355101
1.000000,1.000000,0.354627,-0.354627
1.000000,1.000000,0.354153,-0.354153
1.000000,1.000000,0.545783,-0.545783
1.000000,1.000000,0.545376,-0.545376
1.000000,1.000000,0.544969,-0.544969
1.000000,1.000000,0.544562,-0.544562
1.000000,1.000000,0.544154,-0.544154
1.000000,1.000000,0.496669,-0.496669
1.000000,1.000000,0.496245,-0.496245
1.000000,1.000000,0.495821,-0.495821
1.000000,1.000000,0.495396,-0.495396
1.000000,1.000000,0.513282,-0.513282
1.000000,1.000000,0.512864,-0.512864
1.000000,1.000000,0.512446,-0.512446
1.000000,1.000000,0.512027,-0.512027
1.000000,1.000000,0.446586,-0.446586
1.000000,1.000000,0.446145,-0.446145
1.000000,1.000000,0.445704,-0.445704
1.000000,1.000000,0.445263,-0.445263
1.000000,1.000000,0.444822,-0.444822
1.000000,1.000000,0.408581,-0.408581
1.000000,1.000000,0.408127,-0.408127
1.000000,1.000000,0.407673,-0.407673
1.000000,1.000000,0.407218,-0.407218
1.000000,1.000000,0.374814,-0.374814
1.000000,1.000000,0.374349,-0.374349
1.000000,1.000000,0.373883,-0.373883
1.000000,1.000000,0.373417,-0.373417
1.000000,1.000000,0.257469,-0.257469
1.000000,1.000000,0.256963,-0.256963
1.000000,1.000000,0.256457,-0.256457
1.000000,1.000000,0.255951,-0.255951
1.000000,1.000000,0.255444,-0.255444
1.000000,1.000000,0.325153,-0.325153
1.000000,1.000000,0.324671,-0.324671
1.000000,1.000000,0.324189,-0.324189
1.000000,1.000000,0.323706,-0.323706
1.000000,1.000000,0.387226,-0.387226
1.000000,1.000000,0.386766,-0.386766
1.000000,1.000000,0.386305,-0.386305
1.000000,1.000000,0.385845,-0.385845
1.000000,1.000000,0.518867,-0.518867
1.000000,1.000000,0.518453,-0.518453
1.000000,1.000000,0.518038,-0.518038
1.000000,1.000000,0.517623,-0.517623
1.000000,1.000000,0.517208,-0.517208
1.000000,1.000000,0.478085,-0.478085
1.000000,1.000000,0.477672,-0.477672
1.000000,1.000000,0.477259,-0.477259
1.000000,1.000000,0.476846,-0.476846
1.000000,1.000000,0.330889,-0.330889
1.000000,1.000000,0.330428,-0.330428
1.000000,1.000000,0.329966,-0.329966
1.000000,1.000000,0.329504,-0.329504
1.000000,1.000000,0.524625,-0.524625
1.000000,1.000000,0.524228,-0.524228
1.000000,1.000000,0.523832,-0.523832
1.000000,1.000000,0.523435,-0.523435
1.000000,1.000000,0.523038,-0.523038
1.000000,1.000000,0.474714,-0.474714
1.000000,1.000000,0.474301,-0.474301
1.000000,1.000000,0.473888,-0.473888
1.000000,1.000000,0.473474,-0.473474
1.000000,1.000000,0.4917,-0.4917
1.000000,1.000000,0.491293,-0.491293
1.000000,1.000000,0.490885,-0.490885
1.000000,1.000000,0.490478,-0.490478
1.000000,1.000000,0.423883,-0.423883
1.000000,1.000000,0.423453,-0.423453
1.000000,1.000000,0.423024,-0.423024
1.000000,1.000000,0.422594,-0.422594
1.000000,1.000000,0.422164,-0.422164
1.000000,1.000000,0.385296,-0.385296
1.000000,1.000000,0.384853,-0.384853
1.000000,1.000000,0.384411,-0.384411
1.000000,1.000000,0.383968,-0.383968
1.000000,1.000000,0.351008,-0.351008
1.000000,1.000000,0.350555,-0.350555
1.000000,1.000000,0.350101,-0.350101
1.000000,1.000000,0.349648,-0.349648
1.000000,1.000000,0.231666,-0.231666
1.000000,1.000000,0.231173,-0.231173
1.000000,1.000000,0.23068,-0.23068
1.000000,1.000000,0.230187,-0.230187
1.000000,1.000000,0.229693,-0.229693
1.000000,1.000000,0.300654,-0.300654
1.000000,1.000000,0.300184,-0.300184
1.000000,1.000000,0.299714,-0.299714
1.000000,1.000000,0.299244,-0.299244
1.000000,1.000000,0.363902,-0.363902
1.000000,1.000000,0.363453,-0.363453
1.000000,1.000000,0.363005,-0.363005
1.000000,1.000000,0.362556,-0.362556
1.000000,1.000000,0.497928,-0.497928
1.000000,1.000000,0.497525,-0.497525
1.000000,1.000000,0.497121,-0.497121
1.000000,1.000000,0.496717,-0.496717
1.000000,1.000000,0.496313,-0.496313
1.000000,1.000000,1.21602,-1.21602
1.000000,1.000000,1.17624,-1.17624
1.000000,1.000000,1.17584,-1.17584
1.000000,1.000000,1.17543,-1.17543
1.000000,1.000000,1.17503,-1.17503
1.000000,1.000000,1.02656,-1.02656
1.000000,1.000000,1.02611,-1.02611
1.000000,1.000000,1.02566,-1.02566
1.000000,1.000000,1.02521,-1.02521
1.000000,1.000000,1.22373,-1.22373
1.000000,1.000000,1.22334,-1.22334
1.000000,1.000000,1.22296,-1.22296
1.000000,1.000000,1.22257,-1.22257
1.000000,1.000000,1.22219,-1.22219
1.000000,1.000000,1.17305,-1.17305
1.000000,1.000000,1.17265,-1.17265
1.000000,1.000000,1.17224,-1.17224
1.000000,1.000000,1.17184,-1.17184
1.000000,1.000000,1.1904,-1.1904
1.000000,1.000000,1.19,-1.19
1.000000,1.000000,1.18961,-1.18961
1.000000,1.000000,1.18921,-1.18921
1.000000,1.000000,1.12149,-1.12149
1.000000,1.000000,1.12108,-1.12108
1.000000,1.000000,1.12066,-1.12066
1.000000,1.000000,1.12024,-1.12024
1.000000,1.000000,1.11982,-1.11982
1.000000,1.000000,1.08234,-1.08234
1.000000,1.000000,1.08191,-1.08191
1.000000,1.000000,1.08148,-1.08148
1.000000,1.000000,1.08105,-1.08105
1.000000,1.000000,1.04755,-1.04755
1.000000,1.000000,1.04711,-1.04711
1.000000,1.000000,1.04667,-1.04667
1.000000,1.000000,1.04623,-1.04623
1.000000,1.000000,0.926269,-0.926269
1.000000,1.000000,0.92579,-0.92579
1.000000,1.000000,0.92531,-0.92531
1.000000,1.000000,0.924831,-0.924831
1.000000,1.000000,0.924351,-0.924351
1.000000,1.000000,0.99653,-0.99653
1.000000,1.000000,0.996073,-0.996073
1.000000,1.000000,0.995616,-0.995616
1.000000,1.000000,0.995159,-0.995159
1.000000,1.000000,1.06092,-1.06092
1.000000,1.000000,1.06049,-1.06049
1.000000,1.000000,1.06005,-1.06005
1.000000,1.000000,1.05962,-1.05962
1.000000,1.000000,1.19727,-1.19727
1.000000,1.000000,1.19688,-1.19688
1.000000,1.000000,1.19649,-1.19649
1.000000,1.000000,1.1961,-1.1961
1.000000,1.000000,1.1957,-1.1957
1.000000,1.000000,1.15527,-1.15527
1.000000,1.000000,1.15488,-1.15488
1.000000,1.000000,1.15449,-1.15449
1.000000,1.000000,1.1541,-1.1541
1.000000,1.000000,1.00318,-1.00318
1.000000,1.000000,1.00274,-1.00274
1.000000,1.000000,1.00231,-1.00231
1.000000,1.000000,1.00187,-1.00187
1.000000,1.000000,1.2037,-1.2037
1.000000,1.000000,1.20332,-1.20332
1.000000,1.000000,1.20295,-1.20295
1.000000,1.000000,1.20257,-1.20257
1.000000,1.000000,1.2022,-1.2022
1.000000,1.000000,1.15227,-1.15227
1.000000,1.000000,1.15188,-1.15188
1.000000,1.000000,1.15149,-1.15149
1.000000,1.000000,1.1511,-1.1511
1.000000,1.000000,1.16998,-1.16998
1.000000,1.000000,1.16959,-1.16959
1.000000,1.000000,1.16921,-1.16921
1.000000,1.000000,1.16882,-1.16882
1.000000,1.000000,1.10002,-1.10002
1.000000,1.000000,1.09961,-1.09961
1.000000,1.000000,1.09921,-1.09921
1.000000,1.000000,1.0988,-1.0988
1.000000,1.000000,1.09839,-1.09839
1.000000,1.000000,1.06033,-1.06033
1.000000,1.000000,1.05991,-1.05991
1.000000,1.000000,1.05949,-1.05949
1.000000,1.000000,1.05907,-1.05907
1.000000,1.000000,1.02505,-1.02505
1.000000,1.000000,1.02462,-1.02462
1.000000,1.000000,1.02419,-1.02419
1.000000,1.000000,1.02376,-1.02376
1.000000,1.000000,0.901884,-0.901884
1.000000,1.000000,0.901419,-0.901419
1.000000,1.000000,0.900954,-0.900954
1.000000,1.000000,0.900489,-0.900489
1.000000,1.000000,0.900023,-0.900023
1.000000,1.000000,0.973386,-0.973386
1.000000,1.000000,0.972943,-0.972943
1.000000,1.000000,0.9725,-0.9725
1.000000,1.000000,0.972056,-0.972056
1.000000,1.000000,1.0389,-1.0389
1.000000,1.000000,1.03847,-1.03847
1.000000,1.000000,1.03805,-1.03805
1.000000,1.000000,1.03763,-1.03763
1.000000,1.000000,1.17751,-1.17751
1.000000,1.000000,1.17713,-1.17713
1.000000,1.000000,1.17674,-1.17674
1.000000,1.000000,1.17636,-1.17636
1.000000,1.000000,1.17598,-1.17598
1.000000,1.000000,1.13492,-1.13492
1.000000,1.000000,1.13455,-1.13455
1.000000,1.000000,1.13417,-1.13417
1.000000,1.000000,1.13379,-1.13379
1.000000,1.000000,0.980491,-0.980491
1.000000,1.000000,0.980069,-0.980069
1.000000,1.000000,0.979647,-0.979647
1.000000,1.000000,0.979224,-0.979224
1.000000,1.000000,1.18426,-1.18426
1.000000,1.000000,1.1839,-1.1839
1.000000,1.000000,1.18354,-1.18354
1.000000,1.000000,1.18317,-1.18317
1.000000,1.000000,1.18281,-1.18281
1.000000,1.000000,1.13211,-1.13211
1.000000,1.000000,1.13173,-1.13173
1.000000,1.000000,1.13135,-1.13135
1.000000,1.000000,1.13098,-1.13098
1.000000,1.000000,1.15017,-1.15017
1.000000,1.000000,1.1498,-1.1498
1.000000,1.000000,1.14943,-1.14943
1.000000,1.000000,1.14905,-1.14905
1.000000,1.000000,1.07919,-1.07919
1.000000,1.000000,1.0788,-1.0788
1.000000,1.000000,1.0784,-1.0784
1.000000,1.000000,1.07801,-1.07801
1.000000,1.000000,1.07762,-1.07762
1.000000,1.000000,1.03898,-1.03898
1.000000,1.000000,1.03857,-1.03857
1.000000,1.000000,1.03817,-1.03817
1.000000,1.000000,1.03776,-1.03776
1.000000,1.000000,1.00323,-1.00323
1.000000,1.000000,1.00281,-1.00281
1.000000,1.000000,1.0024,-1.0024
1.000000,1.000000,1.00199,-1.00199
1.000000,1.000000,0.878245,-0.878245
1.000000,1.000000,0.877794,-0.877794
1.000000,1.000000,0.877344,-0.877344
1.000000,1.000000,0.876893,-0.876893
1.000000,1.000000,0.876442,-0.876442
1.000000,1.000000,0.950953,-0.950953
1.000000,1.000000,0.950524,-0.950524
1.000000,1.000000,0.950094,-0.950094
1.000000,1.000000,0.949665,-0.949665
1.000000,1.000000,1.01755,-1.01755
1.000000,1.000000,1.01714,-1.01714
1.000000,1.000000,1.01673,-1.01673
1.000000,1.000000,1.01632,-1.01632
1.000000,1.000000,1.15835,-1.15835
1.000000,1.000000,1.15798,-1.15798
1.000000,1.000000,1.15761,-1.15761
1.000000,1.000000,1.15724,-1.15724
1.000000,1.000000,1.15687,-1.15687
1.000000,1.000000,1.11521,-1.11521
1.000000,1.000000,1.11484,-1.11484
1.000000,1.000000,1.11448,-1.11448
1.000000,1.000000,1.11411,-1.11411
1.000000,1.000000,0.958514,-0.958514
1.000000,1.000000,0.958105,-0.958105
1.000000,1.000000,0.957697,-0.957697
1.000000,1.000000,0.957288,-0.957288
1.000000,1.000000,1.16543,-1.16543
1.000000,1.000000,1.16508,-1.16508
1.000000,1.000000,1.16473,-1.16473
1.000000,1.000000,1.16438,-1.16438
1.000000,1.000000,1.16403,-1.16403
1.000000,1.000000,1.11259,-1.11259
1.000000,1.000000,1.11222,-1.11222
1.000000,1.000000,1.11186,-1.11186
1.000000,1.000000,1.11149,-1.11149
1.000000,1.000000,1.13099,-1.13099
1.000000,1.000000,1.13063,-1.13063
1.000000,1.000000,1.13027,-1.13027
1.000000,1.000000,1.12991,-1.12991
1.000000,1.000000,1.05902,-1.05902
1.000000,1.000000,1.05864,-1.05864
1.000000,1.000000,1.05826,-1.05826
1.000000,1.000000,1.05788,-1.05788
1.000000,1.000000,1.0575,-1.0575
1.000000,1.000000,1.0183,-1.0183
1.000000,1.000000,1.01791,-1.01791
1.000000,1.000000,1.01752,-1.01752
1.000000,1.000000,1.01713,-1.01713
1.000000,1.000000,0.982108,-0.982108
1.000000,1.000000,0.981707,-0.981707
1.000000,1.000000,0.981305,-0.981305
1.000000,1.000000,0.980904,-0.980904
1.000000,1.000000,0.855364,-0.855364
1.000000,1.000000,0.854928,-0.854928
1.000000,1.000000,0.854492,-0.854492
1.000000,1.000000,0.854055,-0.854055
1.000000,1.000000,0.853619,-0.853619
1.000000,1.000000,0.929243,-0.929243
1.000000,1.000000,0.928827,-0.928827
1.000000,1.000000,0.928412,-0.928412
1.000000,1.000000,0.927996,-0.927996
1.000000,1.000000,0.996891,-0.996891
1.000000,1.000000,0.996494,-0.996494
1.000000,1.000000,0.996098,-0.996098
1.000000,1.000000,0.995701,-0.995701
1.000000,1.000000,1.13982,-1.13982
1.000000,1.000000,1.13946,-1.13946
1.000000,1.000000,1.1391,-1.1391
1.000000,1.000000,1.13874,-1.13874
1.000000,1.000000,1.13839,-1.13839
1.000000,1.000000,1.09614,-1.09614
1.000000,1.000000,1.09578,-1.09578
1.000000,1.000000,1.09543,-1.09543
1.000000,1.000000,1.09507,-1.09507
1.000000,1.000000,0.937251,-0.937251
1.000000,1.000000,0.936855,-0.936855
1.000000,1.000000,0.936459,-0.936459
1.000000,1.000000,0.936064,-0.936064
1.000000,1.000000,1.14722,-1.14722
1.000000,1.000000,1.14688,-1.14688
1.000000,1.000000,1.14654,-1.14654
1.000000,1.000000,1.1462,-1.1462
1.000000,1.000000,1.14586,-1.14586
1.000000,1.000000,1.0937,-1.0937
1.000000,1.000000,1.09334,-1.09334
1.000000,1.000000,1.09299,-1.09299
1.000000,1.000000,1.09263,-1.09263
1.000000,1.000000,1.11243,-1.11243
1.000000,1.000000,1.11208,-1.11208
1.000000,1.000000,1.11173,-1.11173
1.000000,1.000000,1.11138,-1.11138
1.000000,1.000000,1.03951,-1.03951
1.000000,1.000000,1.03914,-1.03914
1.000000,1.000000,1.03877,-1.03877
1.000000,1.000000,1.0384,-1.0384
1.000000,1.000000,1.03803,-1.03803
1.000000,1.000000,0.9983,-0.9983
1.000000,1.000000,0.997922,-0.997922
1.000000,1.000000,0.997543,-0.997543
1.000000,1.000000,0.997164,-0.997164
1.000000,1.000000,0.961666,-0.961666
1.000000,1.000000,0.961278,-0.961278
1.000000,1.000000,0.960889,-0.960889
1.000000,1.000000,0.960501,-0.960501
1.000000,1.000000,0.833218,-0.833218
1.000000,1.000000,0.832796,-0.832796
1.000000,1.000000,0.832374,-0.832374
1.000000,1.000000,0.831951,-0.831951
1.000000,1.000000,0.831529,-0.831529
1.000000,1.000000,0.908229,-0.908229
1.000000,1.000000,0.907827,-0.907827
1.000000,1.000000,0.907425,-0.907425
1.000000,1.000000,0.907023,-0.907023
1.000000,1.000000,0.976894,-0.976894
1.000000,1.000000,0.976511,-0.976511
1.000000,1.000000,0.976127,-0.976127
1.000000,1.000000,0.975743,-0.975743
1.000000,1.000000,1.12187,-1.12187
1.000000,1.000000,1.12153,-1.12153
1.000000,1.000000,1.12118,-1.12118
1.000000,1.000000,1.12084,-1.12084
1.000000,1.000000,1.12049,-1.12049
1.000000,1.000000,1.07767,-1.07767
1.000000,1.000000,1.07733,-1.07733
1.000000,1.000000,1.07699,-1.07699
1.000000,1.000000,1.07664,-1.07664
1.000000,1.000000,0.916666,-0.916666
1.000000,1.000000,0.916283,-0.916283
1.000000,1.000000,0.9159,-0.9159
1.000000,1.000000,0.915516,-0.915516
1.000000,1.000000,1.12958,-1.12958
1.000000,1.000000,1.12925,-1.12925
1.000000,1.000000,1.12892,-1.12892
1.000000,1.000000,1.12859,-1.12859
1.000000,1.000000,1.12826,-1.12826
1.000000,1.000000,1.07541,-1.07541
1.000000,1.000000,1.07506,-1.07506
1.000000,1.000000,1.07472,-1.07472
1.000000,1.000000,1.07438,-1.07438
1.000000,1.000000,1.09446,-1.09446
1.000000,1.000000,1.09412,-1.09412
1.000000,1.000000,1.09378,-1.09378
1.000000,1.000000,1.09344,-1.09344
1.000000,1.000000,1.02061,-1.02061
1.000000,1.000000,1.02025,-1.02025
1.000000,1.000000,1.0199,-1.0199
1.000000,1.000000,1.01954,-1.01954
1.000000,1.000000,1.01918,-1.01918
1.000000,1.000000,0.978932,-0.978932
1.000000,1.000000,0.978565,-0.978565
1.000000,1.000000,0.978199,-0.978199
1.000000,1.000000,0.977832,-0.977832
1.000000,1.000000,0.941874,-0.941874
1.000000,1.000000,0.941498,-0.941498
1.000000,1.000000,0.941122,-0.941122
1.000000,1.000000,0.940746,-0.940746
1.000000,1.000000,0.811775,-0.811775
1.000000,1.000000,0.811366,-0.811366
1.000000,1.000000,0.810958,-0.810958
1.000000,1.000000,0.810549,-0.810549
1.000000,1.000000,0.81014,-0.81014
1.000000,1.000000,0.887881,-0.887881
1.000000,1.000000,0.887492,-0.887492
1.000000,1.000000,0.887103,-0.887103
1.000000,1.000000,0.886713,-0.886713
1.000000,1.000000,0.957532,-0.957532
1.000000,1.000000,0.95716,-0.95716
1.000000,1.000000,0.956789,-0.956789
1.000000,1.000000,0.956417,-0.956417
1.000000,1.000000,1.1045,-1.1045
1.000000,1.000000,1.10417,-1.10417
1.000000,1.000000,1.10383,-1.10383
1.000000,1.000000,1.1035,-1.1035
1.000000,1.000000,1.10316,-1.10316
1.000000,1.000000,1.10316,-1.10316
1.000000,1.000000,1.05979,-1.05979
1.000000,1.000000,1.05946,-1.05946
1.000000,1.000000,1.05913,-1.05913
1.000000,1.000000,1.0588,-1.0588
1.000000,1.000000,0.896736,-0.896736
1.000000,1.000000,0.896365,-0.896365
1.000000,1.000000,0.895995,-0.895995
1.000000,1.000000,0.895624,-0.895624
1.000000,1.000000,1.11251,-1.11251
1.000000,1.000000,1.11219,-1.11219
1.000000,1.000000,1.11187,-1.11187
1.000000,1.000000,1.11155,-1.11155
1.000000,1.000000,1.11124,-1.11124
1.000000,1.000000,1.0577,-1.0577
1.000000,1.000000,1.05737,-1.05737
1.000000,1.000000,1.05704,-1.05704
1.000000,1.000000,1.05671,-1.05671
1.000000,1.000000,1.07707,-1.07707
1.000000,1.000000,1.07674,-1.07674
1.000000,1.000000,1.07641,-1.07641
1.000000,1.000000,1.07609,-1.07609
1.000000,1.000000,1.00233,-1.00233
1.000000,1.000000,1.00198,-1.00198
1.000000,1.000000,1.00164,-1.00164
1.000000,1.000000,1.00129,-1.00129
1.000000,1.000000,1.00095,-1.00095
1.000000,1.000000,0.960193,-0.960193
1.000000,1.000000,0.959839,-0.959839
1.000000,1.000000,0.959484,-0.959484
1.000000,1.000000,0.95913,-0.95913
1.000000,1.000000,0.922727,-0.922727
1.000000,1.000000,0.922364,-0.922364
1.000000,1.000000,0.922,-0.922
1.000000,1.000000,0.921637,-0.921637
1.000000,1.000000,0.791035,-0.791035
1.000000,1.000000,0.79064,-0.79064
1.000000,1.000000,0.790245,-0.790245
1.000000,1.000000,0.789849,-0.789849
1.000000,1.000000,0.789454,-0.789454
1.000000,1.000000,0.868204,-0.868204
1.000000,1.000000,0.867828,-0.867828
1.000000,1.000000,0.867451,-0.867451
1.000000,1.000000,0.867075,-0.867075
1.000000,1.000000,0.938809,-0.938809
1.000000,1.000000,0.93845,-0.93845
1.000000,1.000000,0.938091,-0.938091
1.000000,1.000000,0.937732,-0.937732
1.000000,1.000000,1.0877,-1.0877
1.000000,1.000000,1.08738,-1.08738
1.000000,1.000000,1.08706,-1.08706
1.000000,1.000000,1.08673,-1.08673
1.000000,1.000000,1.08641,-1.08641
1.000000,1.000000,1.04251,-1.04251
1.000000,1.000000,1.04219,-1.04219
1.000000,1.000000,1.04187,-1.04187
1.000000,1.000000,1.04155,-1.04155
1.000000,1.000000,0.877473,-0.877473
1.000000,1.000000,0.877115,-0.877115
1.000000,1.000000,0.876757,-0.876757
1.000000,1.000000,0.8764,-0.8764
1.000000,1.000000,1.09601,-1.09601
1.000000,1.000000,1.0957,-1.0957
1.000000,1.000000,1.0954,-1.0954
1.000000,1.000000,1.09509,-1.09509
1.000000,1.000000,1.09478,-1.09478
1.000000,1.000000,1.0406,-1.0406
1.000000,1.000000,1.04028,-1.04028
1.000000,1.000000,1.03996,-1.03996
1.000000,1.000000,1.03964,-1.03964
1.000000,1.000000,1.06026,-1.06026
1.000000,1.000000,1.05995,-1.05995
1.000000,1.000000,1.05963,-1.05963
1.000000,1.000000,1.05932,-1.05932
1.000000,1.000000,0.984662,-0.984662
1.000000,1.000000,0.98433,-0.98433
1.000000,1.000000,0.983997,-0.983997
1.000000,1.000000,0.983664,-0.983664
1.000000,1.000000,0.983332,-0.983332
1.000000,1.000000,0.942094,-0.942094
1.000000,1.000000,0.941752,-0.941752
1.000000,1.000000,0.94141,-0.94141
1.000000,1.000000,0.941067,-0.941067
1.000000,1.000000,0.904236,-0.904236
1.000000,1.000000,0.903886,-0.903886
1.000000,1.000000,0.903535,-0.903535
1.000000,1.000000,0.903184,-0.903184
1.000000,1.000000,0.771007,-0.771007
1.000000,1.000000,0.770626,-0.770626
1.000000,1.000000,0.770244,-0.770244
1.000000,1.000000,0.769863,-0.769863
1.000000,1.000000,0.769482,-0.769482
1.000000,1.000000,0.849205,-0.849205
1.000000,1.000000,0.848842,-0.848842
1.000000,1.000000,0.848479,-0.848479
1.000000,1.000000,0.848116,-0.848116
1.000000,1.000000,0.920735,-0.920735
1.000000,1.000000,0.920389,-0.920389
1.000000,1.000000,0.920042,-0.920042
1.000000,1.000000,0.919695,-0.919695
1.000000,1.000000,1.07149,-1.07149
1.000000,1.000000,1.07118,-1.07118
1.000000,1.000000,1.07087,-1.07087
1.000000,1.000000,1.07055,-1.07055
1.000000,1.000000,1.07024,-1.07024
1.000000,1.000000,1.02583,-1.02583
1.000000,1.000000,1.02552,-1.02552
1.000000,1.000000,1.02522,-1.02522
1.000000,1.000000,1.02491,-1.02491
1.000000,1.000000,0.858885,-0.858885
1.000000,1.000000,0.858541,-0.858541
1.000000,1.000000,0.858196,-0.858196
1.000000,1.000000,0.857852,-0.857852
1.000000,1.000000,1.08009,-1.08009
1.000000,1.000000,1.0798,-1.0798
1.000000,1.000000,1.0795,-1.0795
1.000000,1.000000,1.0792,-1.0792
1.000000,1.000000,1.07891,-1.07891
1.000000,1.000000,1.0241,-1.0241
1.000000,1.000000,1.02379,-1.02379
1.000000,1.000000,1.02348,-1.02348
1.000000,1.000000,1.02318,-1.02318
1.000000,1.000000,1.04406,-1.04406
1.000000,1.000000,1.04375,-1.04375
1.000000,1.000000,1.04345,-1.04345
1.000000,1.000000,1.04315,-1.04315
1.000000,1.000000,0.96763,-0.96763
1.000000,1.000000,0.96731,-0.96731
1.000000,1.000000,0.966989,-0.966989
1.000000,1.000000,0.966669,-0.966669
1.000000,1.000000,0.966349,-0.966349
1.000000,1.000000,0.924645,-0.924645
1.000000,1.000000,0.924315,-0.924315
1.000000,1.000000,0.923986,-0.923986
1.000000,1.000000,0.923656,-0.923656
1.000000,1.000000,0.886413,-0.886413
1.000000,1.000000,0.886075,-0.886075
1.000000,1.000000,0.885737,-0.885737
1.000000,1.000000,0.885399,-0.885399
1.000000,1.000000,0.751705,-0.751705
1.000000,1.000000,0.751338,-0.751338
1.000000,1.000000,0.750971,-0.750971
1.000000,1.000000,0.750603,-0.750603
1.000000,1.000000,0.750236,-0.750236
1.000000,1.000000,0.830899,-0.830899
1.000000,1.000000,0.83055,-0.83055
1.000000,1.000000,0.8302,-0.8302
1.000000,1.000000,0.82985,-0.82985
1.000000,1.000000,0.903323,-0.903323
1.000000,1.000000,0.902989,-0.902989
1.000000,1.000000,0.902655,-0.902655
1.000000,1.000000,0.902321,-0.902321
1.000000,1.000000,1.05587,-1.05587
1.000000,1.000000,1.05557,-1.05557
1.000000,1.000000,1.05527,-1.05527
1.000000,1.000000,1.05497,-1.05497
1.000000,1.000000,1.05467,-1.05467
1.000000,1.000000,1.00977,-1.00977
1.000000,1.000000,1.00947,-1.00947
1.000000,1.000000,1.00918,-1.00918
1.000000,1.000000,1.00888,-1.00888
1.000000,1.000000,0.840989,-0.840989
1.000000,1.000000,0.840659,-0.840659
1.000000,1.000000,0.840328,-0.840328
1.000000,1.000000,0.839997,-0.839997
1.000000,1.000000,1.06477,-1.06477
1.000000,1.000000,1.06449,-1.06449
1.000000,1.000000,1.0642,-1.0642
1.000000,1.000000,1.06392,-1.06392
1.000000,1.000000,1.06363,-1.06363
1.000000,1.000000,1.00822,-1.00822
1.000000,1.000000,1.00793,-1.00793
1.000000,1.000000,1.00763,-1.00763
1.000000,1.000000,1.00734,-1.00734
1.000000,1.000000,1.02847,-1.02847
1.000000,1.000000,1.02818,-1.02818
1.000000,1.000000,1.02789,-1.02789
1.000000,1.000000,1.02759,-1.02759
1.000000,1.000000,0.951249,-0.951249
1.000000,1.000000,0.950942,-0.950942
1.000000,1.000000,0.950634,-0.950634
1.000000,1.000000,0.950327,-0.950327
1.000000,1.000000,0.950019,-0.950019
1.000000,1.000000,0.907868,-0.907868
1.000000,1.000000,0.907552,-0.907552
1.000000,1.000000,0.907235,-0.907235
1.000000,1.000000,0.906919,-0.906919
1.000000,1.000000,0.86928,-0.86928
1.000000,1.000000,0.868956,-0.868956
1.000000,1.000000,0.868632,-0.868632
1.000000,1.000000,0.868307,-0.868307
1.000000,1.000000,0.733156,-0.733156
1.000000,1.000000,0.732804,-0.732804
1.000000,1.000000,0.732451,-0.732451
1.000000,1.000000,0.732099,-0.732099
1.000000,1.000000,0.731747,-0.731747
1.000000,1.000000,0.813313,-0.813313
1.000000,1.000000,0.812978,-0.812978
1.000000,1.000000,0.812642,-0.812642
1.000000,1.000000,0.812306,-0.812306
1.000000,1.000000,0.8866,-0.8866
1.000000,1.000000,0.886279,-0.886279
1.000000,1.000000,0.885959,-0.885959
1.000000,1.000000,0.885639,-0.885639
1.000000,1.000000,1.04088,-1.04088
1.000000,1.000000,1.04059,-1.04059
1.000000,1.000000,1.0403,-1.0403
1.000000,1.000000,1.04001,-1.04001
1.000000,1.000000,1.03972,-1.03972
1.000000,1.000000,0.994353,-0.994353
1.000000,1.000000,0.99407,-0.99407
1.000000,1.000000,0.993787,-0.993787
1.000000,1.000000,0.993504,-0.993504
1.000000,1.000000,0.823817,-0.823817
1.000000,1.000000,0.8235,-0.8235
1.000000,1.000000,0.823184,-0.823184
1.000000,1.000000,0.822867,-0.822867
1.000000,1.000000,1.05007,-1.05007
1.000000,1.000000,1.0498,-1.0498
1.000000,1.000000,1.04953,-1.04953
1.000000,1.000000,1.04926,-1.04926
1.000000,1.000000,1.04898,-1.04898
1.000000,1.000000,0.992998,-0.992998
1.000000,1.000000,0.992715,-0.992715
1.000000,1.000000,0.992432,-0.992432
1.000000,1.000000,0.992149,-0.992149
1.000000,1.000000,1.01352,-1.01352
1.000000,1.000000,1.01324,-1.01324
1.000000,1.000000,1.01296,-1.01296
1.000000,1.000000,1.01269,-1.01269
1.000000,1.000000,0.935548,-0.935548
1.000000,1.000000,0.935253,-0.935253
1.000000,1.000000,0.934959,-0.934959
1.000000,1.000000,0.934665,-0.934665
1.000000,1.000000,0.934371,-0.934371
1.000000,1.000000,0.891793,-0.891793
1.000000,1.000000,0.89149,-0.89149
1.000000,1.000000,0.891188,-0.891188
1.000000,1.000000,0.890885,-0.890885
1.000000,1.000000,0.852868,-0.852868
1.000000,1.000000,0.852558,-0.852558
1.000000,1.000000,0.852248,-0.852248
1.000000,1.000000,0.851938,-0.851938
1.000000,1.000000,0.715393,-0.715393
1.000000,1.000000,0.715056,-0.715056
1.000000,1.000000,0.714719,-0.714719
1.000000,1.000000,0.714381,-0.714381
1.000000,1.000000,0.714044,-0.714044
1.000000,1.000000,0.796478,-0.796478
1.000000,1.000000,0.796157,-0.796157
1.000000,1.000000,0.795836,-0.795836
1.000000,1.000000,0.795514,-0.795514
1.000000,1.000000,0.870594,-0.870594
1.000000,1.000000,0.870288,-0.870288
1.000000,1.000000,0.869981,-0.869981
1.000000,1.000000,0.869675,-0.869675
1.000000,1.000000,1.02653,-1.02653
1.000000,1.000000,1.02625,-1.02625
1.000000,1.000000,1.02598,-1.02598
1.000000,1.000000,1.0257,-1.0257
1.000000,1.000000,1.02543,-1.02543
1.000000,1.000000,0.979606,-0.979606
1.000000,1.000000,0.979336,-0.979336
1.000000,1.000000,0.979066,-0.979066
1.000000,1.000000,0.978796,-0.978796
1.000000,1.000000,0.807394,-0.807394
1.000000,1.000000,0.807092,-0.807092
1.000000,1.000000,0.806791,-0.806791
1.000000,1.000000,0.806489,-0.806489
1.000000,1.000000,1.03602,-1.03602
1.000000,1.000000,1.03576,-1.03576
1.000000,1.000000,1.0355,-1.0355
1.000000,1.000000,1.03524,-1.03524
1.000000,1.000000,1.03498,-1.03498
1.000000,1.000000,0.978444,-0.978444
1.000000,1.000000,0.978174,-0.978174
1.000000,1.000000,0.977904,-0.977904
1.000000,1.000000,0.977634,-0.977634
1.000000,1.000000,0.999238,-0.999238
1.000000,1.000000,0.998971,-0.998971
1.000000,1.000000,0.998705,-0.998705
1.000000,1.000000,0.998439,-0.998439
1.000000,1.000000,0.920545,-0.920545
1.000000,1.000000,0.920265,-0.920265
1.000000,1.000000,0.919984,-0.919984
1.000000,1.000000,0.919704,-0.919704
1.000000,1.000000,0.919423,-0.919423
1.000000,1.000000,0.876437,-0.876437
1.000000,1.000000,0.876148,-0.876148
1.000000,1.000000,0.87586,-0.87586
1.000000,1.000000,0.875571,-0.875571
1.000000,1.000000,0.837195,-0.837195
1.000000,1.000000,0.836899,-0.836899
1.000000,1.000000,0.836603,-0.836603
1.000000,1.000000,0.836307,-0.836307
1.000000,1.000000,0.698432,-0.698432
1.000000,1.000000,0.69811,-0.69811
1.000000,1.000000,0.697789,-0.697789
1.000000,1.000000,0.697467,-0.697467
1.000000,1.000000,0.697146,-0.697146
1.000000,1.000000,0.780407,-0.780407
1.000000,1.000000,0.7801,-0.7801
1.000000,1.000000,0.779794,-0.779794
1.000000,1.000000,0.779488,-0.779488
1.000000,1.000000,0.855319,-0.855319
1.000000,1.000000,0.855027,-0.855027
1.000000,1.000000,0.854735,-0.854735
1.000000,1.000000,0.854442,-0.854442
1.000000,1.000000,1.01284,-1.01284
1.000000,1.000000,1.01258,-1.01258
1.000000,1.000000,1.01231,-1.01231
1.000000,1.000000,1.01205,-1.01205
1.000000,1.000000,1.01179,-1.01179
1.000000,1.000000,1.01179,-1.01179
1.000000,1.000000,0.965539,-0.965539
1.000000,1.000000,0.965283,-0.965283
1.000000,1.000000,0.965026,-0.965026
1.000000,1.000000,0.964769,-0.964769
1.000000,1.000000,0.791732,-0.791732
1.000000,1.000000,0.791445,-0.791445
1.000000,1.000000,0.791158,-0.791158
1.000000,1.000000,0.790871,-0.790871
1.000000,1.000000,1.02262,-1.02262
1.000000,1.000000,1.02237,-1.02237
1.000000,1.000000,1.02212,-1.02212
1.000000,1.000000,1.02188,-1.02188
1.000000,1.000000,1.02163,-1.02163
0.914273,0.914273,0.96457,-0.96457
0.982855,0.982855,0.964313,-0.964313
0.914273,0.914273,0.964056,-0.964056
1.000000,1.000000,0.963799,-0.963799
1.000000,1.000000,0.985624,-0.985624
1.000000,1.000000,0.985371,-0.985371
1.000000,1.000000,0.985118,-0.985118
0.982855,0.982855,0.984864,-0.984864
1.000000,1.000000,0.90625,-0.90625
1.000000,1.000000,0.905983,-0.905983
1.000000,1.000000,0.905716,-0.905716
1.000000,1.000000,0.905449,-0.905449
1.000000,1.000000,0.905182,-0.905182
1.000000,1.000000,0.861809,-0.861809
1.000000,1.000000,0.861534,-0.861534
1.000000,1.000000,0.86126,-0.86126
1.000000,1.000000,0.860985,-0.860985
1.000000,1.000000,0.822267,-0.822267
1.000000,1.000000,0.821985,-0.821985
1.000000,1.000000,0.821704,-0.821704
1.000000,1.000000,0.821422,-0.821422
1.000000,1.000000,0.682281,-0.682281
1.000000,1.000000,0.681975,-0.681975
1.000000,1.000000,0.681669,-0.681669
1.000000,1.000000,0.681363,-0.681363
1.000000,1.000000,0.681058,-0.681058
1.000000,1.000000,0.765108,-0.765108
1.000000,1.000000,0.764816,-0.764816
1.000000,1.000000,0.764525,-0.764525
1.000000,1.000000,0.764234,-0.764234
1.000000,1.000000,0.840781,-0.840781
1.000000,1.000000,0.840503,-0.840503
1.000000,1.000000,0.840225,-0.840225
1.000000,1.000000,0.839947,-0.839947
1.000000,1.000000,0.999814,-0.999814
1.000000,1.000000,0.999563,-0.999563
1.000000,1.000000,0.999313,-0.999313
1.000000,1.000000,0.999063,-0.999063
1.000000,1.000000,0.998813,-0.998813
1.000000,1.000000,0.952158,-0.952158
1.000000,1.000000,0.951914,-0.951914
1.000000,1.000000,0.951671,-0.951671
1.000000,1.000000,0.951427,-0.951427
1.000000,1.000000,0.776837,-0.776837
1.000000,1.000000,0.776564,-0.776564
1.000000,1.000000,0.776292,-0.776292
1.000000,1.000000,0.77602,-0.77602
0.982855,0.982855,1.00988,-1.00988
0.914273,0.914273,1.00964,-1.00964
0.914273,0.914273,1.00941,-1.00941
0.914273,0.914273,1.00917,-1.00917
0.914273,0.914273,1.00894,-1.00894
0.914273,0.914273,0.951382,-0.951382
0.914273,0.914273,0.951139,-0.951139
1.000000,1.000000,0.950895,-0.950895
1.000000,1.000000,0.950652,-0.950652
1.000000,1.000000,0.972687,-0.972687
0.914273,0.914273,0.972447,-0.972447
0.914273,0.914273,0.972207,-0.972207
1.000000,1.000000,0.971967,-0.971967
1.000000,1.000000,0.892669,-0.892669
1.000000,1.000000,0.892416,-0.892416
1.000000,1.000000,0.892163,-0.892163
1.000000,1.000000,0.89191,-0.89191
1.000000,1.000000,0.891656,-0.891656
1.000000,1.000000,0.847916,-0.847916
1.000000,1.000000,0.847656,-0.847656
1.000000,1.000000,0.847396,-0.847396
1.000000,1.000000,0.847135,-0.847135
1.000000,1.000000,0.808093,-0.808093
1.000000,1.000000,0.807826,-0.807826
1.000000,1.000000,0.807559,-0.807559
1.000000,1.000000,0.807292,-0.807292
1.000000,1.000000,0.66695,-0.66695
1.000000,1.000000,0.66666,-0.66666
1.000000,1.000000,0.66637,-0.66637
1.000000,1.000000,0.66608,-0.66608
1.000000,1.000000,0.66579,-0.66579
1.000000,1.000000,0.75059,-0.75059
1.000000,1.000000,0.750314,-0.750314
1.000000,1.000000,0.750038,-0.750038
1.000000,1.000000,0.749762,-0.749762
0.982855,0.982855,0.826989,-0.826989
0.914273,0.914273,0.826726,-0.826726
0.914273,0.914273,0.826462,-0.826462
0.914273,0.914273,0.826199,-0.826199
0.914273,0.914273,0.987459,-0.987459
0.914273,0.914273,0.987222,-0.987222
0.914273,0.914273,0.986985,-0.986985
0.914273,0.914273,0.986747,-0.986747
0.914273,0.914273,0.98651,-0.98651
0.914273,0.914273,0.939471,-0.939471
0.914273,0.914273,0.939241,-0.939241
0.914273,0.914273,0.939011,-0.939011
0.914273,0.914273,0.938782,-0.938782
0.914273,0.914273,0.76272,-0.76272
0.914273,0.914273,0.762463,-0.762463
0.914273,0.914273,0.762206,-0.762206
0.914273,0.914273,0.761948,-0.761948
0.914273,0.914273,0.997805,-0.997805
0.914273,0.914273,0.997584,-0.997584
0.914273,0.914273,0.997363,-0.997363
0.914273,0.914273,0.997143,-0.997143
0.914273,0.914273,0.996922,-0.996922
0.914273,0.914273,0.938894,-0.938894
0.914273,0.914273,0.938664,-0.938664
0.914273,0.914273,0.938434,-0.938434
0.914273,0.914273,0.938205,-0.938205
0.914273,0.914273,0.96044,-0.96044
1.000000,1.000000,0.960214,-0.960214
1.000000,1.000000,0.959987,-0.959987
1.000000,1.000000,0.959761,-0.959761
0.914273,0.914273,0.879817,-0.879817
1.000000,1.000000,0.879578,-0.879578
1.000000,1.000000,0.879339,-0.879339
1.000000,1.000000,0.879101,-0.879101
1.000000,1.000000,0.878862,-0.878862
1.000000,1.000000,0.834775,-0.834775
1.000000,1.000000,0.83453,-0.83453
1.000000,1.000000,0.834284,-0.834284
1.000000,1.000000,0.834038,-0.834038
1.000000,1.000000,0.794691,-0.794691
1.000000,1.000000,0.794439,-0.794439
1.000000,1.000000,0.794187,-0.794187
1.000000,1.000000,0.793935,-0.793935
1.000000,1.000000,0.65246,-0.65246
1.000000,1.000000,0.652186,-0.652186
1.000000,1.000000,0.651913,-0.651913
1.000000,1.000000,0.651639,-0.651639
1.000000,1.000000,0.651365,-0.651365
1.000000,1.000000,0.736875,-0.736875
1.000000,1.000000,0.736614,-0.736614
1.000000,1.000000,0.736354,-0.736354
1.000000,1.000000,0.736093,-0.736093
1.000000,1.000000,0.813965,-0.813965
1.000000,1.000000,0.813716,-0.813716
1.000000,1.000000,0.813467,-0.813467
1.000000,1.000000,0.813219,-0.813219
1.000000,1.000000,0.975796,-0.975796
1.000000,1.000000,0.975572,-0.975572
1.000000,1.000000,0.975349,-0.975349
1.000000,1.000000,0.975125,-0.975125
1.000000,1.000000,0.974901,-0.974901
1.000000,1.000000,0.927501,-0.927501
1.000000,1.000000,0.927285,-0.927285
1.000000,1.000000,0.927069,-0.927069
1.000000,1.000000,0.926852,-0.926852
1.000000,1.000000,0.749403,-0.749403
1.000000,1.000000,0.749162,-0.749162
1.000000,1.000000,0.74892,-0.74892
1.000000,1.000000,0.748679,-0.748679
1.000000,1.000000,0.986422,-0.986422
1.000000,1.000000,0.986215,-0.986215
0.982855,0.982855,0.986007,-0.986007
0.914273,0.914273,0.9858,-0.9858
0.914273,0.914273,0.985592,-0.985592
0.914273,0.914273,0.927123,-0.927123
0.914273,0.914273,0.926907,-0.926907
0.914273,0.914273,0.926691,-0.926691
0.914273,0.914273,0.926475,-0.926475
0.914273,0.914273,0.9489,-0.9489
0.982855,0.982855,0.948687,-0.948687
1.000000,1.000000,0.948474,-0.948474
0.914273,0.914273,0.948262,-0.948262
1.000000,1.000000,0.867711,-0.867711
1.000000,1.000000,0.867486,-0.867486
1.000000,1.000000,0.867262,-0.867262
1.000000,1.000000,0.867038,-0.867038
1.000000,1.000000,0.866813,-0.866813
1.000000,1.000000,0.822402,-0.822402
1.000000,1.000000,0.822171,-0.822171
1.000000,1.000000,0.82194,-0.82194
1.000000,1.000000,0.821709,-0.821709
1.000000,1.000000,0.782076,-0.782076
1.000000,1.000000,0.781839,-0.781839
1.000000,1.000000,0.781603,-0.781603
1.000000,1.000000,0.781366,-0.781366
1.000000,1.000000,0.638825,-0.638825
1.000000,1.000000,0.638568,-0.638568
1.000000,1.000000,0.638311,-0.638311
1.000000,1.000000,0.638054,-0.638054
1.000000,1.000000,0.637797,-0.637797
1.000000,1.000000,0.723975,-0.723975
1.000000,1.000000,0.72373,-0.72373
1.000000,1.000000,0.723485,-0.723485
1.000000,1.000000,0.723241,-0.723241
1.000000,1.000000,0.801719,-0.801719
1.000000,1.000000,0.801485,-0.801485
1.000000,1.000000,0.801251,-0.801251
1.000000,1.000000,0.801018,-0.801018
1.000000,1.000000,0.964834,-0.964834
1.000000,1.000000,0.964624,-0.964624
0.914273,0.914273,0.964414,-0.964414
0.914273,0.914273,0.964204,-0.964204
0.914273,0.914273,0.963993,-0.963993
0.914273,0.914273,0.916254,-0.916254
0.914273,0.914273,0.916051,-0.916051
0.914273,0.914273,0.915849,-0.915849
0.914273,0.914273,0.915646,-0.915646
0.914273,0.914273,0.736895,-0.736895
0.914273,0.914273,0.736669,-0.736669
0.914273,0.914273,0.736442,-0.736442
0.914273,0.914273,0.736216,-0.736216
0.914273,0.914273,0.975732,-0.975732
0.914273,0.914273,0.975538,-0.975538
0.914273,0.914273,0.975343,-0.975343
0.914273,0.914273,0.975149,-0.975149
0.914273,0.914273,0.974954,-0.974954
0.914273,0.914273,0.916071,-0.916071
1.000000,1.000000,0.915868,-0.915868
1.000000,1.000000,0.915666,-0.915666
1.000000,1.000000,0.915464,-0.915464
1.000000,1.000000,0.938068,-0.938068
1.000000,1.000000,0.937868,-0.937868
1.000000,1.000000,0.937669,-0.937669
1.000000,1.000000,0.937469,-0.937469
1.000000,1.000000,0.856349,-0.856349
1.000000,1.000000,0.856139,-0.856139
1.000000,1.000000,0.855929,-0.855929
1.000000,1.000000,0.855719,-0.855719
1.000000,1.000000,0.855508,-0.855508
1.000000,1.000000,0.810793,-0.810793
1.000000,1.000000,0.810577,-0.810577
1.000000,1.000000,0.810361,-0.810361
1.000000,1.000000,0.810144,-0.810144
1.000000,1.000000,0.770243,-0.770243
1.000000,1.000000,0.770021,-0.770021
1.000000,1.000000,0.7698,-0.7698
1.000000,1.000000,0.769578,-0.769578
1.000000,1.000000,0.626038,-0.626038
1.000000,1.000000,0.625798,-0.625798
1.000000,1.000000,0.625557,-0.625557
1.000000,1.000000,0.625316,-0.625316
1.000000,1.000000,0.625075,-0.625075
1.000000,1.000000,0.711881,-0.711881
1.000000,1.000000,0.711651,-0.711651
1.000000,1.000000,0.711422,-0.711422
1.000000,1.000000,0.711193,-0.711193
1.000000,1.000000,0.79024,-0.79024
1.000000,1.000000,0.790021,-0.790021
1.000000,1.000000,0.789802,-0.789802
1.000000,1.000000,0.789583,-0.789583
1.000000,1.000000,0.954562,-0.954562
1.000000,1.000000,0.954365,-0.954365
1.000000,1.000000,0.954168,-0.954168
1.000000,1.000000,0.953971,-0.953971
1.000000,1.000000,0.953774,-0.953774
1.000000,1.000000,0.905717,-0.905717
1.000000,1.000000,0.905528,-0.905528
1.000000,1.000000,0.905339,-0.905339
1.000000,1.000000,0.90515,-0.90515
1.000000,1.000000,0.72518,-0.72518
1.000000,1.000000,0.724968,-0.724968
1.000000,1.000000,0.724757,-0.724757
1.000000,1.000000,0.724546,-0.724546
1.000000,1.000000,0.965723,-0.965723
1.000000,1.000000,0.965541,-0.965541
1.000000,1.000000,0.96536,-0.96536
1.000000,1.000000,0.965178,-0.965178
1.000000,1.000000,0.964997,-0.964997
1.000000,1.000000,0.905726,-0.905726
1.000000,1.000000,0.905537,-0.905537
1.000000,1.000000,0.905348,-0.905348
1.000000,1.000000,0.905159,-0.905159
1.000000,1.000000,0.927931,-0.927931
1.000000,1.000000,0.927745,-0.927745
1.000000,1.000000,0.927559,-0.927559
1.000000,1.000000,0.927373,-0.927373
1.000000,1.000000,0.845721,-0.845721
1.000000,1.000000,0.845525,-0.845525
1.000000,1.000000,0.845328,-0.845328
1.000000,1.000000,0.845132,-0.845132
1.000000,1.000000,0.844936,-0.844936
1.000000,1.000000,0.799937,-0.799937
1.000000,1.000000,0.799735,-0.799735
1.000000,1.000000,0.799533,-0.799533
1.000000,1.000000,0.799331,-0.799331
1.000000,1.000000,0.759181,-0.759181
1.000000,1.000000,0.758974,-0.758974
1.000000,1.000000,0.758767,-0.758767
1.000000,1.000000,0.75856,-0.75856
1.000000,1.000000,0.614088,-0.614088
1.000000,1.000000,0.613863,-0.613863
1.000000,1.000000,0.613638,-0.613638
1.000000,1.000000,0.613414,-0.613414
1.000000,1.000000,0.613189,-0.613189
1.000000,1.000000,0.700582,-0.700582
1.000000,1.000000,0.700368,-0.700368
1.000000,1.000000,0.700154,-0.700154
1.000000,1.000000,0.69994,-0.69994
1.000000,1.000000,0.779519,-0.779519
1.000000,1.000000,0.779315,-0.779315
1.000000,1.000000,0.77911,-0.77911
1.000000,1.000000,0.778906,-0.778906
1.000000,1.000000,0.94497,-0.94497
1.000000,1.000000,0.944786,-0.944786
1.000000,1.000000,0.944603,-0.944603
1.000000,1.000000,0.944419,-0.944419
1.000000,1.000000,0.944235,-0.944235
1.000000,1.000000,0.944235,-0.944235
1.000000,1.000000,0.895883,-0.895883
1.000000,1.000000,0.895708,-0.895708
1.000000,1.000000,0,-0
1.000000,1.000000,0,-0
1.000000,1.000000,0,-0
1.000000,1.000000,0,-0
1.000000,1.000000,0,-0
1.000000,1.000000,0,-0
1.000000,1.000000,0,-0
1.000000,1.000000,0,-0
1.000000,1.000000,0,-0
1.000000,1.000000,0,-0
1.000000,1.000000,0,-0
1.000000,1.000000,0,-0
1.000000,1.000000,0,-0
1.000000,1.000000,0,-0
1.000000,1.000000,0,-0
1.000000,1.000000,0,-0
1.000000,1.000000,0,-0
1.000000,1.000000,0,-0
1.000000,1.000000,0,-0
1.000000,1.000000,0,-0
1.000000,1.000000,0,-0
1.000000,1.000000,0,-0
1.000000,1.000000,0,-0
1.000000,1.000000,0,-0
1.000000,1.000000,0,-0
1.000000,1.000000,0,-0
1.000000,1.000000,0,-0
1.000000,1.000000,0,-0
1.000000,1.000000,0,-0
1.000000,1.000000,0,-0
1.000000,1.000000,0,-0
1.000000,1.000000,0,-0
1.000000,1.000000,0,-0
1.000000,1.000000,0,-0
1.000000,1.000000,0,-0
1.000000,1.000000,0,-0
1.000000,1.000000,0,-0
1.000000,1.000000,0,-0
1.000000,1.000000,0,-0
1.000000,1.000000,0,-0
0.982855,0.982855,0.689478,-0.689478
1.000000,1.000000,0.769553,-0.769553
1.000000,1.000000,0.769364,-0.769364
0.914273,0.914273,0.769174,-0.769174
1.000000,1.000000,0,-0
1.000000,1.000000,0,-0
1.000000,1.000000,0,-0
1.000000,1.000000,0,-0
1.000000,1.000000,0,-0
1.000000,1.000000,0,-0
1.000000,1.000000,0,-0
1.000000,1.000000,0,-0
1.000000,1.000000,0,-0
1.000000,1.000000,0,-0
1.000000,1.000000,0,-0
1.000000,1.000000,0,-0
1.000000,1.000000,0,-0
1.000000,1.000000,0,-0
1.000000,1.000000,0,-0
1.000000,1.000000,0,-0
1.000000,1.000000,0,-0
1.000000,1.000000,0,-0
1.000000,1.000000,0,-0
1.000000,1.000000,0,-0
1.000000,1.000000,0,-0
1.000000,1.000000,0,-0
1.000000,1.000000,0,-0
1.000000,1.000000,0,-0
1.000000,1.000000,0,-0
1.000000,1.000000,0,-0
1.000000,1.000000,0,-0
1.000000,1.000000,0,-0
1.000000,1.000000,0,-0
1.000000,1.000000,0,-0
1.000000,1.000000,0,-0
1.000000,1.000000,0,-0
1.000000,1.000000,0,-0
1.000000,1.000000,0,-0
1.000000,1.000000,0,-0
1.000000,1.000000,0,-0
1.000000,1.000000,0,-0
1.000000,1.000000,0,-0
1.000000,1.000000,0,-0
1.000000,1.000000,0,-0
1.000000,1.000000,0,-0
1.000000,1.000000,0,-0
1.000000,1.000000,0,-0
1.000000,1.000000,0,-0
1.000000,1.000000,0,-0
1.000000,1.000000,0,-0
1.000000,1.000000,0,-0
1.000000,1.000000,0,-0
1.000000,1.000000,0,-0
1.000000,1.000000,0,-0
1.000000,1.000000,0,-0
1.000000,1.000000,0,-0
1.000000,1.000000,0,-0
1.000000,1.000000,0,-0
1.000000,1.000000,0,-0
1.000000,1.000000,0,-0
1.000000,1.000000,0,-0
1.000000,1.000000,0,-0
1.000000,1.000000,0,-0
1.000000,1.000000,0,-0
1.000000,1.000000,0,-0
1.000000,1.000000,0,-0
1.000000,1.000000,0,-0
1.000000,1.000000,0,-0
1.000000,1.000000,0,-0
1.000000,1.000000,0,-0
1.000000,1.000000,0,-0
1.000000,1.000000,0,-0
1.000000,1.000000,0.939451,-0.939451
1.000000,1.000000,0.939308,-0.939308
1.000000,1.000000,0.939165,-0.939165
1.000000,1.000000,0.878896,-0.878896
1.000000,1.000000,0.878747,-0.878747
1.000000,1.000000,0.878599,-0.878599
1.000000,1.000000,0.87845,-0.87845
1.000000,1.000000,0.901663,-0.901663
1.000000,1.000000,0.901516,-0.901516
1.000000,1.000000,0.90137,-0.90137
1.000000,1.000000,0.901224,-0.901224
1.000000,1.000000,0.8182,-0.8182
1.000000,1.000000,0.818045,-0.818045
1.000000,1.000000,0.817891,-0.817891
1.000000,1.000000,0.817737,-0.817737
1.000000,1.000000,0.817582,-0.817582
1.000000,1.000000,0.771855,-0.771855
1.000000,1.000000,0.771697,-0.771697
1.000000,1.000000,0.771538,-0.771538
1.000000,1.000000,0.771379,-0.771379
1.000000,1.000000,0.730589,-0.730589
1.000000,1.000000,0.730427,-0.730427
1.000000,1.000000,0.730264,-0.730264
1.000000,1.000000,0.730101,-0.730101
1.000000,1.000000,0.583227,-0.583227
1.000000,1.000000,0.58305,-0.58305
1.000000,1.000000,0.582873,-0.582873
1.000000,1.000000,0.582697,-0.582697
1.000000,1.000000,0.58252,-0.58252
1.000000,1.000000,0.671434,-0.671434
1.000000,1.000000,0.671266,-0.671266
1.000000,1.000000,0.671097,-0.671097
1.000000,1.000000,0.670929,-0.670929
1.000000,1.000000,0.751887,-0.751887
1.000000,1.000000,0.751726,-0.751726
1.000000,1.000000,0.751566,-0.751566
1.000000,1.000000,0.751405,-0.751405
1.000000,1.000000,0.920271,-0.920271
1.000000,1.000000,0.920126,-0.920126
1.000000,1.000000,0.919982,-0.919982
1.000000,1.000000,0,-0
1.000000,1.000000,0.919693,-0.919693
1.000000,1.000000,0.870588,-0.870588
1.000000,1.000000,0.870452,-0.870452
1.000000,1.000000,0.870317,-0.870317
1.000000,1.000000,0.870181,-0.870181
1.000000,1.000000,0.686159,-0.686159
1.000000,1.000000,0.686007,-0.686007
1.000000,1.000000,0.685856,-0.685856
1.000000,1.000000,0.685704,-0.685704
1.000000,1.000000,0.932417,-0.932417
1.000000,1.000000,0.932287,-0.932287
1.000000,1.000000,0.932157,-0.932157
1.000000,1.000000,0.932026,-0.932026
1.000000,1.000000,0.931896,-0.931896
1.000000,1.000000,0.871348,-0.871348
1.000000,1.000000,0.871213,-0.871213
1.000000,1.000000,0.871077,-0.871077
1.000000,1.000000,0.870942,-0.870942
1.000000,1.000000,0.89428,-0.89428
1.000000,1.000000,0.894147,-0.894147
1.000000,1.000000,0.894014,-0.894014
1.000000,1.000000,0.89388,-0.89388
1.000000,1.000000,0.810473,-0.810473
1.000000,1.000000,0.810332,-0.810332
1.000000,1.000000,0.810192,-0.810192
1.000000,1.000000,0.810051,-0.810051
1.000000,1.000000,0.809911,-0.809911
1.000000,1.000000,0.763981,-0.763981
1.000000,1.000000,0.763837,-0.763837
1.000000,1.000000,0.763692,-0.763692
1.000000,1.000000,0.763548,-0.763548
1.000000,1.000000,0.722581,-0.722581
1.000000,1.000000,0.722433,-0.722433
1.000000,1.000000,0.722285,-0.722285
1.000000,1.000000,0.722137,-0.722137
1.000000,1.000000,0.574592,-0.574592
1.000000,1.000000,0.574431,-0.574431
1.000000,1.000000,0.57427,-0.57427
1.000000,1.000000,0.574109,-0.574109
1.000000,1.000000,0.573948,-0.573948
1.000000,1.000000,0.66329,-0.66329
1.000000,1.000000,0.663136,-0.663136
1.000000,1.000000,0.662983,-0.662983
1.000000,1.000000,0.66283,-0.66283
1.000000,1.000000,0.744175,-0.744175
1.000000,1.000000,0.744028,-0.744028
1.000000,1.000000,0.743882,-0.743882
1.000000,1.000000,0.743736,-0.743736
1.000000,1.000000,0.913385,-0.913385
1.000000,1.000000,0.913253,-0.913253
1.000000,1.000000,0.913121,-0.913121
0.914273,0.914273,0.91299,-0.91299
0.914273,0.914273,0.912858,-0.912858
0.914273,0.914273,1.2234,-1.2234
0.914273,0.914273,1.22328,-1.22328
1.000000,1.000000,1.22316,-1.22316
1.000000,1.000000,1.22303,-1.22303
1.000000,1.000000,1.0382,-1.0382
1.000000,1.000000,1.03807,-1.03807
1.000000,1.000000,1.03793,-1.03793
1.000000,1.000000,1.03779,-1.03779
1.000000,1.000000,1.28562,-1.28562
1.000000,1.000000,1.2855,-1.2855
1.000000,1.000000,1.28538,-1.28538
1.000000,1.000000,1.28526,-1.28526
1.000000,1.000000,1.28515,-1.28515
1.000000,1.000000,1.22434,-1.22434
1.000000,1.000000,1.22422,-1.22422
1.000000,1.000000,1.2241,-1.2241
1.000000,1.000000,1.22398,-1.22398
1.000000,1.000000,1.24743,-1.24743
1.000000,1.000000,1.24731,-1.24731
1.000000,1.000000,1.24719,-1.24719
1.000000,1.000000,1.24707,-1.24707
1.000000,1.000000,1.16332,-1.16332
1.000000,1.000000,1.16319,-1.16319
1.000000,1.000000,1.16306,-1.16306
1.000000,1.000000,1.16294,-1.16294
1.000000,1.000000,1.16281,-1.16281
1.000000,1.000000,1.1167,-1.1167
1.000000,1.000000,1.11657,-1.11657
1.000000,1.000000,1.11644,-1.11644
1.000000,1.000000,1.11631,-1.11631
1.000000,1.000000,1.07518,-1.07518
1.000000,1.000000,1.07505,-1.07505
1.000000,1.000000,1.07492,-1.07492
1.000000,1.000000,1.07478,-1.07478
1.000000,1.000000,0.926632,-0.926632
1.000000,1.000000,0.926487,-0.926487
1.000000,1.000000,0.926341,-0.926341
1.000000,1.000000,0.926196,-0.926196
1.000000,1.000000,0.926051,-0.926051
1.000000,1.000000,1.01578,-1.01578
1.000000,1.000000,1.01564,-1.01564
1.000000,1.000000,1.0155,-1.0155
1.000000,1.000000,1.01537,-1.01537
1.000000,1.000000,1.09706,-1.09706
1.000000,1.000000,1.09693,-1.09693
1.000000,1.000000,1.0968,-1.0968
1.000000,1.000000,1.09667,-1.09667
1.000000,1.000000,1.26702,-1.26702
1.000000,1.000000,1.2669,-1.2669
1.000000,1.000000,1.26679,-1.26679
1.000000,1.000000,1.26667,-1.26667
1.000000,1.000000,1.26655,-1.26655
1.000000,1.000000,0,-0
1.000000,1.000000,1.21694,-1.21694
1.000000,1.000000,1.21683,-1.21683
1.000000,1.000000,1.21672,-1.21672
1.000000,1.000000,1.03116,-1.03116
1.000000,1.000000,1.03104,-1.03104
1.000000,1.000000,1.03092,-1.03092
1.000000,1.000000,1.0308,-1.0308
1.000000,1.000000,1.27962,-1.27962
1.000000,1.000000,1.27952,-1.27952
1.000000,1.000000,1.27941,-1.27941
1.000000,1.000000,1.27931,-1.27931
1.000000,1.000000,1.2792,-1.2792
1.000000,1.000000,1.21818,-1.21818
1.000000,1.000000,1.21807,-1.21807
1.000000,1.000000,1.21796,-1.21796
1.000000,1.000000,1.21785,-1.21785
1.000000,1.000000,1.24141,-1.24141
1.000000,1.000000,1.2413,-1.2413
1.000000,1.000000,1.2412,-1.2412
1.000000,1.000000,1.24109,-1.24109
1.000000,1.000000,1.15702,-1.15702
1.000000,1.000000,1.15691,-1.15691
1.000000,1.000000,1.1568,-1.1568
1.000000,1.000000,1.15669,-1.15669
1.000000,1.000000,1.15657,-1.15657
1.000000,1.000000,1.1103,-1.1103
1.000000,1.000000,1.11018,-1.11018
1.000000,1.000000,1.11007,-1.11007
1.000000,1.000000,1.10995,-1.10995
1.000000,1.000000,1.06869,-1.06869
1.000000,1.000000,1.06857,-1.06857
1.000000,1.000000,1.06845,-1.06845
1.000000,1.000000,1.06833,-1.06833
1.000000,1.000000,0.91964,-0.91964
1.000000,1.000000,0.91951,-0.91951
1.000000,1.000000,0.919381,-0.919381
1.000000,1.000000,0.919252,-0.919252
1.000000,1.000000,0.919122,-0.919122
1.000000,1.000000,1.0092,-1.0092
1.000000,1.000000,1.00908,-1.00908
1.000000,1.000000,1.00895,-1.00895
1.000000,1.000000,1.00883,-1.00883
1.000000,1.000000,1.09084,-1.09084
1.000000,1.000000,1.09072,-1.09072
1.000000,1.000000,0,-0
1.000000,1.000000,0,-0
1.000000,1.000000,0,-0
1.000000,1.000000,1.26137,-1.26137
1.000000,1.000000,0,-0
1.000000,1.000000,1.26116,-1.26116
1.000000,1.000000,0,-0
1.000000,1.000000,1.26106,-1.26106
1.000000,1.000000,1.21139,-1.21139
1.000000,1.000000,1.2113,-1.2113
1.000000,1.000000,1.2112,-1.2112
1.000000,1.000000,1.21111,-1.21111
1.000000,1.000000,1.0249,-1.0249
1.000000,1.000000,1.0248,-1.0248
1.000000,1.000000,1.02469,-1.02469
1.000000,1.000000,1.02458,-1.02458
1.000000,1.000000,1.2743,-1.2743
1.000000,1.000000,1.27421,-1.27421
1.000000,1.000000,1.27411,-1.27411
1.000000,1.000000,1.27402,-1.27402
1.000000,1.000000,1.27393,-1.27393
1.000000,1.000000,1.2127,-1.2127
1.000000,1.000000,1.21261,-1.21261
1.000000,1.000000,1.21251,-1.21251
1.000000,1.000000,1.21242,-1.21242
1.000000,1.000000,1.23607,-1.23607
1.000000,1.000000,1.23598,-1.23598
1.000000,1.000000,1.23588,-1.23588
1.000000,1.000000,1.23579,-1.23579
1.000000,1.000000,1.15145,-1.15145
1.000000,1.000000,1.15136,-1.15136
1.000000,1.000000,1.15126,-1.15126
1.000000,1.000000,1.15116,-1.15116
1.000000,1.000000,1.15106,-1.15106
1.000000,1.000000,1.10464,-1.10464
1.000000,1.000000,1.10454,-1.10454
1.000000,1.000000,1.10444,-1.10444
1.000000,1.000000,1.10434,-1.10434
1.000000,1.000000,1.06295,-1.06295
1.000000,1.000000,1.06285,-1.06285
1.000000,1.000000,1.06274,-1.06274
1.000000,1.000000,1.06264,-1.06264
1.000000,1.000000,0.913474,-0.913474
1.000000,1.000000,0.913361,-0.913361
1.000000,1.000000,0.913247,-0.913247
1.000000,1.000000,0.913134,-0.913134
1.000000,1.000000,0.91302,-0.91302
1.000000,1.000000,1.00341,-1.00341
1.000000,1.000000,1.0033,-1.0033
1.000000,1.000000,1.00319,-1.00319
1.000000,1.000000,1.00308,-1.00308
1.000000,1.000000,1.08537,-1.08537
1.000000,1.000000,1.08527,-1.08527
1.000000,1.000000,1.08517,-1.08517
1.000000,1.000000,1.08506,-1.08506
1.000000,1.000000,1.25661,-1.25661
1.000000,1.000000,1.25652,-1.25652
1.000000,1.000000,1.25643,-1.25643
1.000000,1.000000,1.25633,-1.25633
1.000000,1.000000,1.25624,-1.25624
0.914273,0.914273,1.20644,-1.20644
1.000000,1.000000,1.20635,-1.20635
0.982855,0.982855,1.20627,-1.20627
1.000000,1.000000,1.20619,-1.20619
1.000000,1.000000,1.01942,-1.01942
1.000000,1.000000,1.01933,-1.01933
1.000000,1.000000,1.01924,-1.01924
1.000000,1.000000,1.01915,-1.01915
1.000000,1.000000,1.26964,-1.26964
1.000000,1.000000,1.26956,-1.26956
1.000000,1.000000,1.26948,-1.26948
1.000000,1.000000,1.2694,-1.2694
1.000000,1.000000,1.26932,-1.26932
1.000000,1.000000,1.20793,-1.20793
1.000000,1.000000,1.20784,-1.20784
1.000000,1.000000,1.20776,-1.20776
1.000000,1.000000,1.20768,-1.20768
1.000000,1.000000,1.23142,-1.23142
1.000000,1.000000,1.23134,-1.23134
1.000000,1.000000,1.23126,-1.23126
1.000000,1.000000,1.23118,-1.23118
1.000000,1.000000,1.1466,-1.1466
1.000000,1.000000,1.14652,-1.14652
1.000000,1.000000,1.14643,-1.14643
1.000000,1.000000,1.14635,-1.14635
1.000000,1.000000,1.14626,-1.14626
1.000000,1.000000,1.09973,-1.09973
1.000000,1.000000,1.09964,-1.09964
1.000000,1.000000,1.09955,-1.09955
1.000000,1.000000,1.09946,-1.09946
1.000000,1.000000,1.05797,-1.05797
1.000000,1.000000,1.05788,-1.05788
1.000000,1.000000,1.05779,-1.05779
1.000000,1.000000,1.0577,-1.0577
1.000000,1.000000,0.908129,-0.908129
1.000000,1.000000,0.908032,-0.908032
1.000000,1.000000,0.907934,-0.907934
1.000000,1.000000,0.907836,-0.907836
1.000000,1.000000,0.907739,-0.907739
1.000000,1.000000,0.998395,-0.998395
1.000000,1.000000,0.998302,-0.998302
1.000000,1.000000,0.998209,-0.998209
1.000000,1.000000,0.998116,-0.998116
1.000000,1.000000,1.08065,-1.08065
1.000000,1.000000,1.08056,-1.08056
1.000000,1.000000,1.08047,-1.08047
0.914273,0.914273,1.08038,-1.08038
0.914273,0.914273,1.25241,-1.25241
1.000000,1.000000,1.25233,-1.25233
1.000000,1.000000,1.25225,-1.25225
1.000000,1.000000,1.25217,-1.25217
1.000000,1.000000,1.2521,-1.2521
1.000000,1.000000,0,-0
1.000000,1.000000,0,-0
1.000000,1.000000,0,-0
1.000000,1.000000,0,-0
1.000000,1.000000,0,-0
1.000000,1.000000,0,-0
1.000000,1.000000,0,-0
1.000000,1.000000,1.01448,-1.01448
1.000000,1.000000,0,-0
1.000000,1.000000,0,-0
1.000000,1.000000,0,-0
1.000000,1.000000,0,-0
1.000000,1.000000,1.26538,-1.26538
1.000000,1.000000,1.20384,-1.20384
1.000000,1.000000,1.20377,-1.20377
1.000000,1.000000,1.2037,-1.2037
1.000000,1.000000,1.20363,-1.20363
1.000000,1.000000,1.22744,-1.22744
1.000000,1.000000,1.22738,-1.22738
1.000000,1.000000,1.22731,-1.22731
1.000000,1.000000,1.22724,-1.22724
1.000000,1.000000,1.14247,-1.14247
1.000000,1.000000,1.1424,-1.1424
1.000000,1.000000,1.14233,-1.14233
1.000000,1.000000,1.14225,-1.14225
1.000000,1.000000,0,-0
1.000000,1.000000,0,-0
1.000000,1.000000,0,-0
1.000000,1.000000,0,-0
1.000000,1.000000,0,-0
1.000000,1.000000,0,-0
1.000000,1.000000,0,-0
1.000000,1.000000,0,-0
1.000000,1.000000,0,-0
1.000000,1.000000,0,-0
1.000000,1.000000,0,-0
1.000000,1.000000,0,-0
1.000000,1.000000,0,-0
1.000000,1.000000,0,-0
1.000000,1.000000,0,-0
1.000000,1.000000,0,-0
1.000000,1.000000,0,-0
1.000000,1.000000,0,-0
1.000000,1.000000,0,-0
1.000000,1.000000,0,-0
1.000000,1.000000,0,-0
1.000000,1.000000,0,-0
1.000000,1.000000,0,-0
1.000000,1.000000,0,-0
1.000000,1.000000,0,-0
1.000000,1.000000,0,-0
1.000000,1.000000,0,-0
1.000000,1.000000,0,-0
1.000000,1.000000,0,-0
1.000000,1.000000,0,-0
1.000000,1.000000,0,-0
1.000000,1.000000,0,-0
1.000000,1.000000,0,-0
1.000000,1.000000,0,-0
1.000000,1.000000,0,-0
1.000000,1.000000,0,-0
1.000000,1.000000,0,-0
1.000000,1.000000,0,-0
1.000000,1.000000,0,-0
1.000000,1.000000,1.2621,-1.2621
1.000000,1.000000,1.20044,-1.20044
1.000000,1.000000,1.20039,-1.20039
1.000000,1.000000,1.20033,-1.20033
1.000000,1.000000,1.20028,-1.20028
1.000000,1.000000,1.22415,-1.22415
1.000000,1.000000,1.2241,-1.2241
1.000000,1.000000,1.22404,-1.22404
1.000000,1.000000,1.22399,-1.22399
1.000000,1.000000,1.13905,-1.13905
1.000000,1.000000,1.139,-1.139
1.000000,1.000000,1.13894,-1.13894
1.000000,1.000000,1.13888,-1.13888
1.000000,1.000000,1.13882,-1.13882
1.000000,1.000000,1.09211,-1.09211
1.000000,1.000000,1.09205,-1.09205
1.000000,1.000000,1.09199,-1.09199
1.000000,1.000000,1.09193,-1.09193
1.000000,1.000000,1.05028,-1.05028
1.000000,1.000000,1.05022,-1.05022
1.000000,1.000000,1.05016,-1.05016
1.000000,1.000000,0,-0
1.000000,1.000000,0.899906,-0.899906
1.000000,1.000000,0.89984,-0.89984
1.000000,1.000000,0,-0
1.000000,1.000000,0,-0
1.000000,1.000000,0.899642,-0.899642
1.000000,1.000000,0,-0
1.000000,1.000000,0,-0
1.000000,1.000000,0,-0
1.000000,1.000000,0,-0
1.000000,1.000000,0,-0
1.000000,1.000000,0,-0
1.000000,1.000000,0,-0
1.000000,1.000000,0,-0
1.000000,1.000000,0,-0
1.000000,1.000000,0,-0
1.000000,1.000000,0,-0
1.000000,1.000000,0,-0
1.000000,1.000000,0,-0
1.000000,1.000000,0,-0
1.000000,1.000000,0,-0
1.000000,1.000000,0,-0
1.000000,1.000000,0,-0
1.000000,1.000000,0,-0
1.000000,1.000000,0,-0
1.000000,1.000000,0,-0
1.000000,1.000000,0,-0
1.000000,1.000000,0,-0
1.000000,1.000000,0,-0
1.000000,1.000000,0,-0
1.000000,1.000000,0,-0
1.000000,1.000000,0,-0
1.000000,1.000000,0,-0
1.000000,1.000000,0,-0
1.000000,1.000000,0,-0
1.000000,1.000000,0,-0
1.000000,1.000000,0,-0
1.000000,1.000000,0,-0
1.000000,1.000000,0,-0
1.000000,1.000000,0,-0
1.000000,1.000000,0,-0
1.000000,1.000000,0,-0
1.000000,1.000000,0,-0
1.000000,1.000000,0,-0
1.000000,1.000000,0,-0
1.000000,1.000000,0,-0
1.000000,1.000000,0,-0
1.000000,1.000000,0,-0
1.000000,1.000000,0,-0
1.000000,1.000000,0,-0
1.000000,1.000000,0,-0
1.000000,1.000000,0,-0
1.000000,1.000000,0,-0
1.000000,1.000000,0,-0
1.000000,1.000000,0,-0
1.000000,1.000000,0,-0
1.000000,1.000000,0,-0
1.000000,1.000000,0,-0
1.000000,1.000000,0,-0
1.000000,1.000000,0,-0
1.000000,1.000000,0,-0
1.000000,1.000000,0,-0
1.000000,1.000000,0,-0
1.000000,1.000000,0,-0
1.000000,1.000000,0,-0
1.000000,1.000000,0,-0
1.000000,1.000000,0,-0
1.000000,1.000000,0,-0
1.000000,1.000000,0,-0
1.000000,1.000000,0,-0
1.000000,1.000000,0,-0
1.000000,1.000000,0,-0
1.000000,1.000000,0,-0
1.000000,1.000000,0,-0
1.000000,1.000000,0,-0
1.000000,1.000000,0,-0
1.000000,1.000000,0,-0
1.000000,1.000000,0,-0
1.000000,1.000000,0,-0
1.000000,1.000000,0,-0
1.000000,1.000000,0,-0
1.000000,1.000000,0,-0
1.000000,1.000000,0,-0
1.000000,1.000000,0,-0
1.000000,1.000000,0,-0
1.000000,1.000000,0,-0
1.000000,1.000000,0,-0
1.000000,1.000000,0,-0
1.000000,1.000000,0,-0
1.000000,1.000000,0,-0
1.000000,1.000000,0,-0
1.000000,1.000000,0,-0
1.000000,1.000000,0,-0
1.000000,1.000000,0,-0
1.000000,1.000000,0,-0
1.000000,1.000000,0,-0
1.000000,1.000000,0,-0
1.000000,1.000000,0,-0
1.000000,1.000000,0,-0
1.000000,1.000000,0,-0
1.000000,1.000000,0,-0
1.000000,1.000000,0,-0
1.000000,1.000000,0,-0
1.000000,1.000000,0,-0
1.000000,1.000000,0,-0
1.000000,1.000000,0,-0
1.000000,1.000000,0,-0
1.000000,1.000000,0,-0
1.000000,1.000000,0,-0
1.000000,1.000000,0,-0
1.000000,1.000000,0,-0
1.000000,1.000000,0,-0
1.000000,1.000000,0,-0
1.000000,1.000000,0,-0
1.000000,1.000000,0,-0
1.000000,1.000000,0,-0
1.000000,1.000000,0,-0
1.000000,1.000000,0,-0
1.000000,1.000000,0,-0
1.000000,1.000000,0,-0
1.000000,1.000000,0,-0
1.000000,1.000000,0,-0
1.000000,1.000000,0,-0
1.000000,1.000000,0,-0
1.000000,1.000000,0,-0
1.000000,1.000000,0,-0
1.000000,1.000000,0,-0
1.000000,1.000000,0,-0
1.000000,1.000000,0,-0
1.000000,1.000000,0,-0
1.000000,1.000000,0,-0
1.000000,1.000000,0,-0
1.000000,1.000000,0,-0
1.000000,1.000000,0,-0
1.000000,1.000000,0,-0
1.000000,1.000000,0,-0
1.000000,1.000000,0,-0
1.000000,1.000000,0,-0
1.000000,1.000000,0,-0
1.000000,1.000000,0,-0
1.000000,1.000000,0,-0
1.000000,1.000000,0,-0
1.000000,1.000000,0,-0
1.000000,1.000000,0,-0
1.000000,1.000000,0,-0
1.000000,1.000000,0,-0
1.000000,1.000000,0,-0
1.000000,1.000000,0,-0
1.000000,1.000000,0,-0
1.000000,1.000000,0,-0
1.000000,1.000000,0,-0
1.000000,1.000000,0,-0
1.000000,1.000000,0,-0
1.000000,1.000000,0,-0
1.000000,1.000000,0,-0
1.000000,1.000000,0,-0
1.000000,1.000000,0,-0
1.000000,1.000000,0,-0
1.000000,1.000000,0,-0
1.000000,1.000000,0,-0
1.000000,1.000000,0,-0
1.000000,1.000000,0,-0
1.000000,1.000000,0,-0
1.000000,1.000000,0,-0
1.000000,1.000000,0,-0
1.000000,1.000000,0,-0
1.000000,1.000000,0,-0
1.000000,1.000000,0,-0
1.000000,1.000000,0,-0
1.000000,1.000000,0,-0
1.000000,1.000000,0,-0
1.000000,1.000000,0,-0
1.000000,1.000000,0,-0
1.000000,1.000000,0,-0
1.000000,1.000000,0,-0
1.000000,1.000000,0,-0
1.000000,1.000000,0,-0
1.000000,1.000000,0,-0
1.000000,1.000000,0,-0
1.000000,1.000000,0,-0
1.000000,1.000000,0,-0
1.000000,1.000000,0,-0
1.000000,1.000000,0,-0
1.000000,1.000000,0,-0
1.000000,1.000000,0,-0
1.000000,1.000000,0,-0
1.000000,1.000000,0,-0
1.000000,1.000000,0,-0
1.000000,1.000000,0,-0
1.000000,1.000000,0,-0
1.000000,1.000000,0,-0
1.000000,1.000000,0,-0
1.000000,1.000000,0,-0
1.000000,1.000000,0,-0
1.000000,1.000000,0,-0
1.000000,1.000000,0,-0
1.000000,1.000000,0,-0
1.000000,1.000000,0,-0
1.000000,1.000000,0,-0
1.000000,1.000000,0,-0
1.000000,1.000000,0,-0
1.000000,1.000000,0,-0
1.000000,1.000000,0,-0
1.000000,1.000000,0,-0
1.000000,1.000000,0,-0
1.000000,1.000000,0,-0
1.000000,1.000000,0,-0
1.000000,1.000000,0,-0
1.000000,1.000000,0,-0
1.000000,1.000000,0,-0
1.000000,1.000000,0,-0
1.000000,1.000000,0,-0
1.000000,1.000000,0,-0
1.000000,1.000000,0,-0
1.000000,1.000000,0,-0
1.000000,1.000000,0,-0
1.000000,1.000000,0,-0
1.000000,1.000000,0,-0
1.000000,1.000000,0,-0
1.000000,1.000000,0,-0
1.000000,1.000000,0,-0
1.000000,1.000000,0,-0
1.000000,1.000000,0,-0
1.000000,1.000000,0,-0
1.000000,1.000000,0,-0
1.000000,1.000000,0,-0
1.000000,1.000000,0,-0
1.000000,1.000000,0,-0
1.000000,1.000000,0,-0
1.000000,1.000000,0,-0
1.000000,1.000000,0,-0
1.000000,1.000000,0,-0
1.000000,1.000000,0,-0
1.000000,1.000000,0,-0
1.000000,1.000000,0,-0
1.000000,1.000000,0,-0
1.000000,1.000000,0,-0
1.000000,1.000000,0,-0
1.000000,1.000000,0,-0
1.000000,1.000000,0,-0
1.000000,1.000000,0,-0
1.000000,1.000000,0,-0
1.000000,1.000000,0,-0
1.000000,1.000000,0,-0
1.000000,1.000000,0,-0
1.000000,1.000000,0,-0
1.000000,1.000000,0,-0
1.000000,1.000000,0,-0
1.000000,1.000000,0,-0
1.000000,1.000000,0,-0
1.000000,1.000000,0,-0
1.000000,1.000000,0,-0
1.000000,1.000000,0,-0
1.000000,1.000000,0,-0
1.000000,1.000000,0,-0
1.000000,1.000000,0,-0
1.000000,1.000000,0,-0
1.000000,1.000000,0,-0
1.000000,1.000000,0,-0
1.000000,1.000000,0,-0
1.000000,1.000000,0,-0
1.000000,1.000000,0,-0
1.000000,1.000000,0,-0
1.000000,1.000000,0,-0
1.000000,1.000000,0,-0
1.000000,1.000000,0,-0
1.000000,1.000000,0,-0
1.000000,1.000000,0,-0
1.000000,1.000000,0,-0
1.000000,1.000000,0,-0
1.000000,1.000000,0,-0
1.000000,1.000000,0,-0
1.000000,1.000000,0,-0
1.000000,1.000000,0,-0
1.000000,1.000000,0,-0
1.000000,1.000000,0,-0
1.000000,1.000000,0,-0
1.000000,1.000000,0,-0
1.000000,1.000000,0,-0
1.000000,1.000000,0,-0
1.000000,1.000000,0,-0
1.000000,1.000000,0,-0
1.000000,1.000000,0,-0
1.000000,1.000000,0,-0
1.000000,1.000000,0,-0
1.000000,1.000000,1.00356,-1.00356
1.000000,1.000000,1.00359,-1.00359
1.000000,1.000000,1.00362,-1.00362
1.000000,1.000000,1.2564,-1.2564
1.000000,1.000000,1.25643,-1.25643
1.000000,1.000000,1.25645,-1.25645
1.000000,1.000000,1.25647,-1.25647
1.000000,1.000000,1.2565,-1.2565
1.000000,1.000000,1.19469,-1.19469
1.000000,1.000000,1.19471,-1.19471
1.000000,1.000000,1.19474,-1.19474
1.000000,1.000000,1.19476,-1.19476
1.000000,1.000000,1.2188,-1.2188
1.000000,1.000000,1.21882,-1.21882
1.000000,1.000000,1.21885,-1.21885
1.000000,1.000000,1.21887,-1.21887
1.000000,1.000000,1.13374,-1.13374
1.000000,1.000000,1.13377,-1.13377
1.000000,1.000000,1.13379,-1.13379
1.000000,1.000000,1.13382,-1.13382
1.000000,1.000000,1.13384,-1.13384
1.000000,1.000000,1.08707,-1.08707
1.000000,1.000000,1.0871,-1.0871
1.000000,1.000000,1.08713,-1.08713
1.000000,1.000000,1.08715,-1.08715
1.000000,1.000000,1.04547,-1.04547
1.000000,1.000000,1.0455,-1.0455
1.000000,1.000000,1.04553,-1.04553
1.000000,1.000000,1.04555,-1.04555
1.000000,1.000000,0.895061,-0.895061
1.000000,1.000000,0.89509,-0.89509
1.000000,1.000000,0.895118,-0.895118
1.000000,1.000000,0.895147,-0.895147
1.000000,1.000000,0.895176,-0.895176
1.000000,1.000000,0.986557,-0.986557
1.000000,1.000000,0.986584,-0.986584
1.000000,1.000000,0.986611,-0.986611
1.000000,1.000000,0.986639,-0.986639
1.000000,1.000000,1.06981,-1.06981
1.000000,1.000000,1.06984,-1.06984
