0volume,0demand,0up_spill,0ww_inflow,0catch_inflow,0evap,0ds_spill,0treat_cap,1volume,1demand,1up_spill,1ww_inflow,1catch_inflow,1evap,1ds_spill,1treat_cap,2volume,2s_area,2demand,2up_spill,2ww_inflow,2catch_inflow,2evap,2ds_spill,2treat_cap,2valloc_0,2talloc_0,2valloc_1,2talloc_1,3volume,3demand,3up_spill,3ww_inflow,3catch_inflow,3evap,3ds_spill,3treat_cap,3valloc_0,3talloc_0,3valloc_1,3talloc_1,3valloc_2,3talloc_2,4demand,4up_spill,4ww_inflow,4catch_inflow,4ds_spill,4treat_cap,11volume,11s_area,11demand,11up_spill,11ww_inflow,11catch_inflow,11evap,11ds_spill,11treat_cap
72.29,2.05384,0,0,5.95182,0.282807,3.61517,3.6288,61.308,0,0,0,1.10559,0.23003,0.875562,0.66528,12.849,1,0.365055,3.61517,0,94.9026,3.89753,94.2552,0.84672,12.849,0.84672,3695.15,0,18.483,0,1.06957,0,8.52863,0.957325,8.64088,0.42336,0,0,18.483,0.42336,442.007,0,1.09723,0,0,2.1668,1.06957,1.028160,1,0,103.772,0,0,0,103.772,0
72.29,2.05476,0,0,6.22335,0.305001,3.86359,3.6288,61.308,0.053445,0,0,1.03921,0.251362,0.734404,0.66528,12.849,1,0.365218,3.86359,0,95.7865,4.35466,94.9302,0.84672,12.849,0.84672,3695.15,0,18.483,0.0161125,1.09397,1.30102,8.11227,1.09993,9.39122,0.42336,0,0,18.483,0.42336,442.007,0,1.02816,0,0,2.12213,1.09397,1.028160,1,0,105.056,0,0,0,105.056,0
72.29,2.05567,0,0,6.01409,0.305001,3.65341,3.6288,61.308,0.0538212,0,0,1.13276,0.251362,0.827581,0.66528,12.849,1,0.36538,3.65341,0,92.4592,4.35466,91.3926,0.84672,12.849,0.84672,3695.15,0,18.483,0.0162259,1.17587,1.3016,9.26649,1.09993,10.6278,0.42336,0,0,18.483,0.42336,442.007,0,1.02816,0,0,2.20403,1.17587,1.028160,1,0,102.848,0,0,0,102.848,0
72.29,2.05659,0,0,5.78387,0.305001,3.42228,3.6288,61.308,0.0541974,0,0,1.11198,0.251362,0.806417,0.66528,12.849,1,0.365543,3.42228,0,81.6584,4.35466,80.3604,0.84672,12.849,0.84672,3695.15,0,18.483,0.0163393,1.24262,1.30218,8.81842,1.09993,10.2469,0.42336,0,0,18.483,0.42336,442.007,0,1.02816,0,0,2.27078,1.24262,1.028160,1,0,91.4138,0,0,0,91.4138,0
72.29,2.25819,0,0,8.81522,0.284535,6.27249,3.6288,61.308,0.153877,0,0,1.65556,0.287182,1.2145,0.66528,12.849,1,0.401376,6.27249,0,146.636,4.64493,147.863,0.84672,12.849,0.84672,3695.15,0,18.483,0.0463905,2.77999,1.30276,15.8609,1.27302,18.6242,0.42336,0,0,18.483,0.42336,442.007,0,1.02816,0,0,3.80815,2.77999,1.028160,1,0,167.701,0,0,0,167.701,0
72.29,2.2592,0,0,6.71347,0.318648,4.13562,3.6288,61.308,0.154298,0,0,1.30007,0.283771,0.862001,0.66528,12.849,1,0.401555,4.13562,0,124.157,4.70537,123.186,0.84672,12.849,0.84672,3695.15,0,18.483,0.0465173,1.44255,1.44749,9.85297,1.20481,11.4917,0.42336,0,0,18.483,0.42336,442.007,0,1.02816,0,0,2.47071,1.44255,1.028160,1,0,135.539,0,0,0,135.539,0
72.29,2.2602,0,0,8.51823,0.345613,5.91241,3.6288,61.308,0.154718,0,0,2.1159,0.248024,1.71316,0.66528,12.849,1,0.401734,5.91241,0,125.556,4.59106,126.475,0.84672,12.849,0.84672,3695.15,0,18.483,0.0466442,1.3007,1.44813,12.4836,1.09985,14.0859,0.42336,0,0,18.483,0.42336,442.007,0,1.02816,0,0,2.32886,1.3007,1.028160,1,0,142.274,0,0,0,142.274,0
72.29,2.26121,0,0,8.60656,0.356399,5.98895,3.6288,61.308,0.155139,0,0,1.86754,0.233725,1.47868,0.66528,12.849,1,0.401913,5.98895,0,157.169,4.54535,158.211,0.84672,12.849,0.84672,3695.15,0,18.483,0.0467711,3.71866,1.44878,20.9157,1.05787,24.9785,0.42336,0,0,18.483,0.42336,442.007,0,1.02816,0,0,4.74682,3.71866,1.028160,1,0,184.668,0,0,0,184.668,0
72.29,1.97547,0,0,7.44373,0.350378,5.11789,3.6288,61.308,0.0220567,0,0,1.9739,0.23336,1.71849,0.66528,12.849,1,0.351125,5.11789,0,175.655,4.16992,176.251,0.84672,12.849,0.84672,3695.15,0,18.483,0.00664959,4.49343,1.44942,24.0971,0.995379,29.038,0.42336,0,0,18.483,0.42336,442.007,0,1.02816,0,0,5.52159,4.49343,1.028160,1,0,207.008,0,0,0,207.008,0
72.29,1.97635,0,0,5.39857,0.345863,3.07636,3.6288,61.308,0.0224183,0,0,1.61291,0.233087,1.3574,0.66528,12.849,1,0.351281,3.07636,0,73.4298,3.88836,72.2665,0.84672,12.849,0.84672,3695.15,0,18.483,0.00675861,2.45824,1.25254,12.3035,0.94851,15.059,0.42336,0,0,18.483,0.42336,442.007,0,1.02816,0,0,3.4864,2.45824,1.028160,1,0,88.683,0,0,0,88.683,0
72.29,1.97723,0,0,5.47471,0.345863,3.15162,3.6288,61.308,0.0227801,0,0,1.69584,0.233087,1.43997,0.66528,12.849,1,0.351437,3.15162,0,122.434,3.88836,121.346,0.84672,12.849,0.84672,3695.15,0,18.483,0.00686768,2.89652,1.2531,14.5679,0.94851,17.7621,0.42336,0,0,18.483,0.42336,442.007,0,1.02816,0,0,3.92468,2.89652,1.028160,1,0,140.548,0,0,0,140.548,0
72.29,1.97811,0,0,4.97155,0.346558,2.64688,3.6288,61.308,0.0231419,0,0,1.445,0.220359,1.2015,0.66528,12.849,1,0.351594,2.64688,0,141.561,3.66179,140.195,0.84672,12.849,0.84672,3695.15,0,18.483,0.00697676,2.48294,1.25365,11.191,0.862855,14.0578,0.42336,0,0,18.483,0.42336,442.007,0,1.02816,0,0,3.5111,2.48294,1.028160,1,0,155.454,0,0,0,155.454,0
72.29,1.97899,0,0,5.36828,0.345778,3.04352,3.6288,61.308,0.0235038,0,0,1.45161,0.167671,1.26043,0.66528,12.849,1,0.35175,3.04352,0,125.633,2.88322,125.441,0.84672,12.849,0.84672,3695.15,0,18.483,0.00708588,2.78185,1.25421,11.8579,0.51425,15.3726,0.42336,0,0,18.483,0.42336,442.007,0,1.02816,0,0,3.81001,2.78185,1.028160,1,0,142.074,0,0,0,142.074,0
72.29,2.05221,0,0,6.32105,0.337646,3.93119,3.6288,61.308,0.0565986,0,0,3.37318,0.193142,3.12344,0.66528,12.849,1,0.364765,3.93119,0,154.881,3.77695,154.67,0.84672,12.849,0.84672,3695.15,0,18.483,0.0170632,5.27671,1.25477,17.247,0.799808,22.9616,0.42336,0,0,18.483,0.42336,442.007,0,1.02816,0,0,6.30487,5.27671,1.028160,1,0,180.755,0,0,0,180.755,0
72.29,2.05312,0,0,7.05002,0.337646,4.65925,3.6288,61.308,0.0569753,0,0,3.67952,0.193142,3.4294,0.66528,12.849,1,0.364927,4.65925,0,169.054,3.77695,169.571,0.84672,12.849,0.84672,3695.15,0,18.483,0.0171768,4.28967,1.30421,17.7163,0.799808,22.4932,0.42336,0,0,18.483,0.42336,442.007,0,1.02816,0,0,5.31783,4.28967,1.028160,1,0,195.494,0,0,0,195.494,0
72.29,2.05404,0,0,5.78886,0.337646,3.39718,3.6288,61.308,0.0573521,0,0,3.21496,0.193142,2.96447,0.66528,12.849,1,0.365089,3.39718,0,124.165,3.77695,123.421,0.84672,12.849,0.84672,3695.15,0,18.483,0.0172904,4.6749,1.30479,12.9619,0.799808,18.1245,0.42336,0,0,18.483,0.42336,442.007,0,1.02816,0,0,5.70306,4.6749,1.028160,1,0,144.51,0,0,0,144.51,0
72.29,2.05495,0,0,4.62178,0.284834,2.28199,3.6288,61.308,0.057729,0,0,2.23632,0.187315,1.99127,0.66528,12.849,1,0.365252,2.28199,0,111.557,4.12293,109.351,0.84672,12.849,0.84672,3695.15,0,18.483,0.017404,2.68938,1.30537,9.14147,0.822305,12.2965,0.42336,0,0,18.483,0.42336,442.007,0,1.02816,0,0,3.71754,2.68938,1.028160,1,0,123.639,0,0,0,123.639,0
72.29,2.02753,0,0,3.84031,0.22811,1.58467,3.6288,61.308,0.0453702,0,0,1.62878,0.226769,1.35664,0.66528,12.849,1,0.360378,1.58467,0,82.6433,4.22877,79.6388,0.84672,12.849,0.84672,3695.15,0,18.483,0.0136781,2.10934,1.30595,7.85385,0.983719,10.2717,0.42336,0,0,18.483,0.42336,442.007,0,1.02816,0,0,3.1375,2.10934,1.028160,1,0,91.2672,0,0,0,91.2672,0
72.29,2.02843,0,0,3.02593,0.218656,0.77884,3.6288,61.308,0.0457416,0,0,1.1844,0.233344,0.905311,0.66528,12.849,1,0.360538,0.77884,0,63.013,4.24641,59.1849,0.84672,12.849,0.84672,3695.15,0,18.483,0.0137901,1.41602,1.28747,6.32164,1.01062,8.00072,0.42336,0,0,18.483,0.42336,442.007,0,1.02816,0,0,2.44418,1.41602,1.028160,1,0,68.0909,0,0,0,68.0909,0
72.2352,2.02933,0,0,2.55611,0.218656,0.36288,3.6288,61.308,0.0461131,0,0,1.09126,0.233344,0.811801,0.66528,12.849,1,0.360698,0.36288,0,55.2407,4.24641,50.9965,0.84672,12.849,0.84672,3695.15,0,18.483,0.0139021,1.16479,1.28804,5.75487,1.01062,7.18318,0.42336,0,0,18.483,0.42336,442.007,0,1.02816,0,0,2.19295,1.16479,1.028160,1,0,58.9915,0,0,0,58.9915,0
71.9572,2.03,0,0,2.3334,0.218566,0.36288,3.6288,61.308,0.0464847,0,0,0.939332,0.233344,0.659503,0.66528,12.849,1,0.361091,0.36288,0,54.7116,4.24641,50.467,0.84672,12.849,0.84672,3695.15,0,18.483,0.0140141,0.671466,1.28862,5.87491,1.01062,6.81035,0.42336,0,0,18.483,0.42336,442.007,0,1.02816,0,0,1.69963,0.671466,1.028160,1,0,57.9368,0,0,0,57.9368,0
72.2028,2.126,0,0,2.93829,0.203833,0.36288,3.6288,61.308,0.092101,0,0,1.0334,0.23729,0.704013,0.66528,12.849,1,0.379629,0.36288,0,58.8055,4.42428,54.3645,0.84672,12.849,0.84672,3695.15,0,18.483,0.0277664,0.781384,1.28919,5.62053,1.03603,6.6273,0.42336,0,0,18.483,0.42336,442.007,0,1.02816,0,0,1.80954,0.781384,1.028160,1,0,61.6958,0,0,0,61.6958,0
71.9222,2.12804,0,0,2.35637,0.146031,0.36288,3.6288,61.308,0.0924928,0,0,0.756311,0.235184,0.428635,0.66528,12.849,1,0.378701,0.36288,0,45.1926,4.45158,40.7252,0.84672,12.849,0.84672,3695.15,0,18.483,0.0278845,0.70346,1.35652,4.42498,1.0412,5.41589,0.42336,0,0,18.483,0.42336,442.007,0,1.02816,0,0,1.73162,0.70346,1.028160,1,0,46.5697,0,0,0,46.5697,0
71.5158,2.12774,0,0,2.21479,0.13054,0.36288,3.6288,61.308,0.0928848,0,0,0.78764,0.238754,0.456001,0.66528,12.849,1,0.380123,0.36288,0,41.627,4.55994,37.0498,0.84672,12.849,0.84672,3695.15,0,18.483,0.0280027,0.707789,1.35712,4.49725,1.02114,5.51302,0.42336,0,0,18.483,0.42336,442.007,0,1.02816,0,0,1.73595,0.707789,1.028160,1,0,43.0188,0,0,0,43.0188,0
71.0242,2.12685,0,0,2.12827,0.130137,0.36288,3.6288,61.308,0.0932769,0,0,0.80238,0.238754,0.470349,0.66528,12.849,1,0.382123,0.36288,0,39.2427,4.55994,34.6635,0.84672,12.849,0.84672,3695.15,0,18.483,0.0281209,0.621371,1.35773,4.48438,1.02114,5.41422,0.42336,0,0,18.483,0.42336,442.007,0,1.02816,0,0,1.64953,0.621371,1.028160,1,0,40.5481,0,0,0,40.5481,0
70.4662,2.12555,0,0,2.05855,0.128174,0.36288,3.6288,61.308,0.0936691,0,0,0.805421,0.242615,0.469136,0.66528,12.849,1,0.384534,0.36288,0,39.0175,4.65439,34.3415,0.84672,12.849,0.84672,3695.15,0,18.483,0.0282391,0.569177,1.35833,4.37858,1.03537,5.24247,0.42336,0,0,18.483,0.42336,442.007,0,1.02816,0,0,1.59734,0.569177,1.028160,1,0,40.0531,0,0,0,40.0531,0
70.2206,2.1049,0,0,2.32438,0.102124,0.36288,3.6288,61.308,0.118984,0,0,1.05491,0.289364,0.646562,0.66528,12.849,1,0.383813,0.36288,0,50.5625,5.24644,45.2951,0.84672,12.849,0.84672,3695.15,0,18.483,0.0358709,0.889229,1.35893,5.5154,1.19891,6.52879,0.42336,0,0,18.483,0.42336,442.007,0,1.02816,0,0,1.91739,0.889229,1.028160,1,0,52.4705,0,0,0,52.4705,0
69.87,2.1047,0,0,2.20632,0.0894348,0.36288,3.6288,61.308,0.119387,0,0,1.01929,0.307048,0.592852,0.66528,12.849,1,0.385118,0.36288,0,47.2328,5.26544,41.9451,0.84672,12.849,0.84672,3695.15,0,18.483,0.0359926,0.823703,1.38038,5.5569,1.25749,6.4675,0.42336,0,0,18.483,0.42336,442.007,0,1.02816,0,0,1.85186,0.823703,1.028160,1,0,49.0055,0,0,0,49.0055,0
69.3847,2.104,0,0,2.07077,0.0891931,0.36288,3.6288,61.308,0.119791,0,0,0.897013,0.307048,0.470175,0.66528,12.849,1,0.386922,0.36288,0,43.157,5.26544,37.8675,0.84672,12.849,0.84672,3695.15,0,18.483,0.0361142,0.755179,1.38099,5.27362,1.25749,6.11619,0.42336,0,0,18.483,0.42336,442.007,0,1.02816,0,0,1.78334,0.755179,1.028160,1,0,44.4539,0,0,0,44.4539,0
68.7697,2.10264,0,0,1.93944,0.0888585,0.36288,3.6288,61.308,0.120194,0,0,0.836352,0.307048,0.40911,0.66528,12.849,1,0.389378,0.36288,0,41.2989,5.26544,36.007,0.84672,12.849,0.84672,3695.15,0,18.483,0.0362359,0.656813,1.38161,4.99154,1.25749,5.73624,0.42336,0,0,18.483,0.42336,442.007,0,1.02816,0,0,1.68497,0.656813,1.028160,1,0,42.1524,0,0,0,42.1524,0
68.0666,2.14967,0,0,1.88671,0.0772745,0.36288,3.6288,61.308,0.142849,0,0,0.913758,0.322301,0.448608,0.66528,12.849,1,0.401646,0.36288,0,37.1252,5.81136,31.2751,0.84672,12.849,0.84672,3695.15,0,18.483,0.0430658,0.554299,1.38222,4.65048,1.4019,5.14203,0.42336,0,0,18.483,0.42336,442.007,0,1.02816,0,0,1.58246,0.554299,1.028160,1,0,36.8657,0,0,0,36.8657,0
67.4481,2.14713,0,0,1.96396,0.0724114,0.36288,3.6288,61.308,0.143263,0,0,0.985167,0.328402,0.513502,0.66528,12.849,1,0.405316,0.36288,0,50.2108,6.02973,44.1387,0.84672,12.849,0.84672,3695.15,0,18.483,0.0431905,0.860259,1.41611,5.19359,1.45966,5.96711,0.42336,0,0,18.483,0.42336,442.007,0,1.02816,0,0,1.88842,0.860259,1.028160,1,0,50.6193,0,0,0,50.6193,0
66.6999,2.14496,0,0,1.83168,0.0720604,0.36288,3.6288,61.308,0.143676,0,0,0.872588,0.328402,0.400509,0.66528,12.849,1,0.408619,0.36288,0,39.7217,6.02973,33.6462,0.84672,12.849,0.84672,3695.15,0,18.483,0.0433153,0.835955,1.41674,4.74054,1.45966,5.49026,0.42336,0,0,18.483,0.42336,442.007,0,1.02816,0,0,1.86411,0.835955,1.028160,1,0,39.537,0,0,0,39.537,0
65.7894,2.14206,0,0,1.6661,0.0716357,0.36288,3.6288,61.308,0.14409,0,0,0.819625,0.328402,0.347132,0.66528,12.849,1,0.412645,0.36288,0,36.5254,6.02973,30.4459,0.84672,12.849,0.84672,3695.15,0,18.483,0.04344,0.544216,1.41737,4.33861,1.45966,4.79709,0.42336,0,0,18.483,0.42336,442.007,0,1.02816,0,0,1.57238,0.544216,1.028160,1,0,35.5902,0,0,0,35.5902,0
64.7408,2.28104,0,0,1.65313,0.057839,0.36288,3.6288,61.308,0.224961,0,0,0.958746,0.322434,0.411351,0.66528,12.849,1,0.445498,0.36288,0,34.2941,5.99229,28.2192,0.84672,12.849,0.84672,3695.15,0,18.483,0.0678207,1.06828,1.41799,5.94579,1.48544,6.8788,0.42336,0,0,18.483,0.42336,442.007,0,1.02816,0,0,2.09644,1.06828,1.028160,1,0,35.5093,0,0,0,35.5093,0
63.1418,2.27602,0,0,1.09666,0.0567738,0.36288,3.6288,61.308,0.225411,0,0,0.806795,0.289384,0.292,0.66528,12.849,1,0.451719,0.36288,0,23.4931,5.37527,18.029,0.84672,12.849,0.84672,3695.15,0,18.483,0.0679563,0.762981,1.53151,5.06818,1.44532,5.8494,0.42336,0,0,18.483,0.42336,442.007,0,1.02816,0,0,1.79114,0.762981,1.028160,1,0,24.1704,0,0,0,24.1704,0
61.9698,2.26752,0,0,1.51443,0.0560431,0.36288,3.6288,61.308,0.22586,0,0,0.893497,0.289384,0.378253,0.66528,12.849,1,0.461428,0.36288,0,25.1999,5.37527,19.726,0.84672,12.849,0.84672,3695.15,0,18.483,0.0680919,1.00452,1.53219,5.64988,1.44532,6.67318,0.42336,0,0,18.483,0.42336,442.007,0,1.02816,0,0,2.03268,1.00452,1.028160,1,0,26.7775,0,0,0,26.7775,0
61.4691,2.2613,0,0,2.20492,0.0813871,0.36288,3.6288,61.308,0.226311,0,0,1.18935,0.282013,0.681024,0.66528,12.849,1,0.468864,0.36288,0,42.051,5.23535,36.7096,0.84672,12.849,0.84672,3695.15,0,18.483,0.0682276,1.25868,1.53287,6.28303,1.42296,7.5834,0.42336,0,0,18.483,0.42336,442.007,0,1.02816,0,0,2.28684,1.25868,1.028160,1,0,44.9741,0,0,0,44.9741,0
60.5738,2.25914,0,0,1.79887,0.0721688,0.36288,3.6288,61.308,0.226761,0,0,1.06205,0.275335,0.55995,0.66528,12.849,1,0.472232,0.36288,0,48.2438,5.4348,42.6996,0.84672,12.849,0.84672,3695.15,0,18.483,0.0683633,1.05125,1.53355,4.75474,1.41622,5.85495,0.42336,0,0,18.483,0.42336,442.007,0,1.02816,0,0,2.07941,1.05125,1.028160,1,0,49.1145,0,0,0,49.1145,0
58.8627,2.18559,0,0,0.873314,0.0359326,0.36288,3.6288,61.308,0.178269,0,0,0.672106,0.250157,0.243681,0.66528,12.849,1,0.463611,0.36288,0,27.4203,5.15141,22.1682,0.84672,12.849,0.84672,3695.15,0,18.483,0.053744,0.721077,1.53423,4.62142,1.39788,5.42511,0.42336,0,0,18.483,0.42336,442.007,0,1.02816,0,0,1.74924,0.721077,1.028160,1,0,27.837,0,0,0,27.837,0
56.9994,2.17549,0,0,0.710424,0.0353589,0.36288,3.6288,61.308,0.178697,0,0,0.553193,0.250157,0.124339,0.66528,12.849,1,0.474883,0.36288,0,25.1799,5.15141,19.9165,0.84672,12.849,0.84672,3695.15,0,18.483,0.0538733,0.33766,1.47007,4.17568,1.39788,4.53166,0.42336,0,0,18.483,0.42336,442.007,0,1.02816,0,0,1.36582,0.33766,1.028160,1,0,24.5725,0,0,0,24.5725,0
55.5427,2.16378,0,0,1.17375,0.103841,0.36288,3.6288,61.308,0.179126,0,0,0.837709,0.189512,0.469072,0.66528,12.849,1,0.487768,0.36288,0,35.8487,4.32089,31.403,0.84672,12.849,0.84672,3695.15,0,18.483,0.0540026,0.707893,1.47072,5.53178,1.13829,6.5181,0.42336,0,0,18.483,0.42336,442.007,0,1.02816,0,0,1.73605,0.707893,1.028160,1,0,38.3901,0,0,0,38.3901,0
55.4902,2.15435,0,0,2.61818,0.153447,0.36288,3.6288,61.308,0.179555,0,0,1.33244,0.144028,1.00886,0.66528,12.849,1,0.498378,0.36288,0,91.6039,3.69799,87.7704,0.84672,12.849,0.84672,3695.15,0,18.483,0.0541319,1.38344,1.47137,11.8248,0.943593,13.6819,0.42336,0,0,18.483,0.42336,442.007,0,1.02816,0,0,2.4116,1.38344,1.028160,1,0,102.461,0,0,0,102.461,0
54.7672,2.09925,0,0,1.91626,0.17705,0.36288,3.6288,61.308,0.135355,0,0,1.24249,0.17198,0.935157,0.66528,12.849,1,0.486091,0.36288,0,80.87,3.79681,76.9499,0.84672,12.849,0.84672,3695.15,0,18.483,0.0408067,1.11085,1.47202,8.08643,0.961494,9.667,0.42336,0,0,18.483,0.42336,442.007,0,1.02816,0,0,2.13901,1.11085,1.028160,1,0,87.5521,0,0,0,87.5521,0
54.4887,2.09498,0,0,2.37274,0.193405,0.36288,3.6288,61.308,0.135765,0,0,1.60962,0.192944,1.28091,0.66528,12.849,1,0.491506,0.36288,0,86.603,3.87093,82.6035,0.84672,12.849,0.84672,3695.15,0,18.483,0.0409301,2.42671,1.41495,16.1647,0.97492,18.9905,0.42336,0,0,18.483,0.42336,442.007,0,1.02816,0,0,3.45487,2.42671,1.028160,1,0,102.875,0,0,0,102.875,0
55.5565,2.09387,0,0,3.72074,0.196161,0.36288,3.6288,61.308,0.136174,0,0,1.21393,0.19233,0.885425,0.66528,12.849,1,0.493757,0.36288,0,98.1953,3.95839,94.1061,0.84672,12.849,0.84672,3695.15,0,18.483,0.0410535,2.04606,1.41558,13.0356,0.99607,15.4601,0.42336,0,0,18.483,0.42336,442.007,0,1.02816,0,0,3.07422,2.04606,1.028160,1,0,110.452,0,0,0,110.452,0
55.3009,2.10251,0,0,2.42806,0.218279,0.36288,3.6288,61.308,0.136584,0,0,1.29589,0.188643,0.970661,0.66528,12.849,1,0.486264,0.36288,0,90.5783,4.48318,85.9717,0.84672,12.849,0.84672,3695.15,0,18.483,0.041177,1.83318,1.4162,12.6796,1.12297,14.7649,0.42336,0,0,18.483,0.42336,442.007,0,1.02816,0,0,2.86134,1.83318,1.028160,1,0,101.707,0,0,0,101.707,0
55.6047,1.94334,0,0,2.83405,0.224114,0.36288,3.6288,61.308,0.0438808,0,0,1.55752,0.197116,1.31652,0.66528,12.849,1,0.451529,0.36288,0,103.737,4.37834,99.27,0.84672,12.849,0.84672,3695.15,0,18.483,0.0132291,2.7054,1.41683,13.3422,1.12528,16.326,0.42336,0,0,18.483,0.42336,442.007,0,1.02816,0,0,3.73356,2.7054,1.028160,1,0,116.913,0,0,0,116.913,0
55.6636,1.9462,0,0,2.60887,0.240824,0.36288,3.6288,61.308,0.0442495,0,0,2.52995,0.218299,2.2674,0.66528,12.849,1,0.449724,0.36288,0,80.4609,4.11621,76.2578,0.84672,12.849,0.84672,3695.15,0,18.483,0.0133402,4.43004,1.28728,15.8274,1.13104,20.4004,0.42336,0,0,18.483,0.42336,442.007,0,1.02816,0,0,5.4582,4.43004,1.028160,1,0,98.9256,0,0,0,98.9256,0
56.7689,1.94745,0,0,3.65662,0.240966,0.36288,3.6288,61.308,0.0446182,0,0,3.10609,0.218299,2.84317,0.66528,12.849,1,0.449536,0.36288,0,186.717,4.11621,182.514,0.84672,12.849,0.84672,3695.15,0,18.483,0.0134514,6.08932,1.28785,16.8117,1.13104,23.0444,0.42336,0,0,18.483,0.42336,442.007,0,1.02816,0,0,7.11748,6.08932,1.028160,1,0,208.402,0,0,0,208.402,0
58.136,1.95545,0,0,3.929,0.243623,0.36288,3.6288,61.308,0.044987,0,0,3.86253,0.218299,3.59924,0.66528,12.849,1,0.442594,0.36288,0,121.541,4.11621,117.346,0.84672,12.849,0.84672,3695.15,0,18.483,0.0135626,5.43855,1.28842,17.8009,1.13104,23.3833,0.42336,0,0,18.483,0.42336,442.007,0,1.02816,0,0,6.46671,5.43855,1.028160,1,0,144.328,0,0,0,144.328,0
59.1822,1.96484,0,0,3.63345,0.259543,0.36288,3.6288,61.308,0.0453559,0,0,3.3354,0.213532,3.07651,0.66528,12.849,1,0.434262,0.36288,0,140.543,3.92889,136.542,0.84672,12.849,0.84672,3695.15,0,18.483,0.0136738,5.08805,1.28899,17.5324,1.09299,22.8028,0.42336,0,0,18.483,0.42336,442.007,0,1.02816,0,0,6.11621,5.08805,1.028160,1,0,162.422,0,0,0,162.422,0
63.7383,2.03378,0,0,7.18413,0.231373,0.36288,3.6288,61.308,0.0727388,0,0,3.25715,0.229436,2.95498,0.66528,12.849,1,0.441553,0.36288,0,154.686,4.73751,149.87,0.84672,12.849,0.84672,3695.15,0,18.483,0.0219291,5.53967,1.28956,21.2505,1.4534,26.6044,0.42336,0,0,18.483,0.42336,442.007,0,1.02816,0,0,6.56783,5.53967,1.028160,1,0,179.429,0,0,0,179.429,0
67.364,2.06093,0,0,6.27929,0.229712,0.36288,3.6288,61.308,0.073108,0,0,2.16664,0.234073,1.85946,0.66528,12.849,1,0.415463,0.36288,0,142.523,4.95033,137.52,0.84672,12.849,0.84672,3695.15,0,18.483,0.0220405,3.67245,1.33137,14.2407,1.52933,17.6932,0.42336,0,0,18.483,0.42336,442.007,0,1.02816,0,0,4.70061,3.67245,1.028160,1,0,157.073,0,0,0,157.073,0
70.9149,2.0806,0,0,6.2308,0.23647,0.36288,3.6288,61.308,0.0734775,0,0,2.65645,0.234073,2.3489,0.66528,12.849,1,0.396853,0.36288,0,139.991,4.95033,135.007,0.84672,12.849,0.84672,3695.15,0,18.483,0.0221518,4.59494,1.33194,14.45,1.52933,18.8254,0.42336,0,0,18.483,0.42336,442.007,0,1.02816,0,0,5.6231,4.59494,1.028160,1,0,156.181,0,0,0,156.181,0
72.29,2.09832,0,0,4.54909,0.299396,0.776255,3.6288,61.308,0.0738469,0,0,1.76713,0.214883,1.4784,0.66528,12.849,1,0.380192,0.776255,0,97.5879,4.09725,93.8867,0.84672,12.849,0.84672,3695.15,0,18.483,0.0222632,2.85395,1.33251,8.46573,1.28733,11.3426,0.42336,0,0,18.483,0.42336,442.007,0,1.02816,0,0,3.88211,2.85395,1.028160,1,0,106.708,0,0,0,106.708,0
72.29,2.31071,0,0,5.78387,0.325365,3.1478,3.6288,61.308,0.175829,0,0,1.69778,0.190817,1.33113,0.66528,12.849,1,0.410711,3.1478,0,132.51,3.90537,131.342,0.84672,12.849,0.84672,3695.15,0,18.483,0.0530086,3.17182,1.33308,10.7144,1.11303,14.0532,0.42336,0,0,18.483,0.42336,442.007,0,1.02816,0,0,4.19998,3.17182,1.028160,1,0,146.726,0,0,0,146.726,0
72.29,2.3117,0,0,8.21733,0.315177,5.59045,3.6288,61.308,0.176242,0,0,2.22359,0.198311,1.84904,0.66528,12.849,1,0.410887,5.59045,0,139.589,4.65139,140.117,0.84672,12.849,0.84672,3695.15,0,18.483,0.0531331,4.39906,1.48115,15.0295,1.17457,19.682,0.42336,0,0,18.483,0.42336,442.007,0,1.02816,0,0,5.42722,4.39906,1.028160,1,0,161.648,0,0,0,161.648,0
72.29,2.31269,0,0,6.81324,0.315177,4.18538,3.6288,61.308,0.176656,0,0,1.8467,0.198311,1.47173,0.66528,12.849,1,0.411063,4.18538,0,140.837,4.65139,139.96,0.84672,12.849,0.84672,3695.15,0,18.483,0.0532577,3.35541,1.48178,12.6026,1.17457,16.212,0.42336,0,0,18.483,0.42336,442.007,0,1.02816,0,0,4.38357,3.35541,1.028160,1,0,157.644,0,0,0,157.644,0
72.29,2.31368,0,0,5.85455,0.311991,3.22888,3.6288,61.308,0.177069,0,0,1.69751,0.17692,1.34352,0.66528,12.849,1,0.411239,3.22888,0,107.409,3.88712,106.34,0.84672,12.849,0.84672,3695.15,0,18.483,0.0533823,2.97405,1.48242,11.4166,1.03465,14.7851,0.42336,0,0,18.483,0.42336,442.007,0,1.02816,0,0,4.00221,2.97405,1.028160,1,0,122.468,0,0,0,122.468,0
72.29,2.02127,0,0,5.33622,0.316096,2.99886,3.6288,61.308,0.0408832,0,0,1.60007,0.177422,1.38176,0.66528,12.849,1,0.359265,2.99886,0,92.4437,3.48241,91.6009,0.84672,12.849,0.84672,3695.15,0,18.483,0.0123254,2.68928,1.48305,10.4303,0.932895,13.6574,0.42336,0,0,18.483,0.42336,442.007,0,1.02816,0,0,3.71744,2.68928,1.028160,1,0,106.64,0,0,0,106.64,0
72.29,2.02213,0,0,5.09488,0.327098,2.74565,3.6288,61.308,0.0412384,0,0,1.62118,0.200446,1.37949,0.66528,12.849,1,0.359419,2.74565,0,89.9441,4.16986,88.1605,0.84672,12.849,0.84672,3695.15,0,18.483,0.0124325,2.35898,1.28158,10.0239,0.98243,12.6696,0.42336,0,0,18.483,0.42336,442.007,0,1.02816,0,0,3.38714,2.35898,1.028160,1,0,102.21,0,0,0,102.21,0
72.29,2.023,0,0,4.83411,0.326759,2.48435,3.6288,61.308,0.0415936,0,0,1.66464,0.161263,1.46179,0.66528,12.849,1,0.359572,2.48435,0,84.8655,3.84069,83.1496,0.84672,12.849,0.84672,3695.15,0,18.483,0.0125396,2.72167,1.28212,10.2111,0.823582,13.3788,0.42336,0,0,18.483,0.42336,442.007,0,1.02816,0,0,3.74983,2.72167,1.028160,1,0,97.9902,0,0,0,97.9902,0
72.29,2.02386,0,0,5.29254,0.326759,2.94192,3.6288,61.308,0.0419489,0,0,1.46017,0.161263,1.25696,0.66528,12.849,1,0.359726,2.94192,0,93.9194,3.84069,92.6609,0.84672,12.849,0.84672,3695.15,0,18.483,0.0126467,2.00274,1.28267,9.4951,0.823582,11.9443,0.42336,0,0,18.483,0.42336,442.007,0,1.02816,0,0,3.0309,2.00274,1.028160,1,0,105.862,0,0,0,105.862,0
72.29,2.02472,0,0,4.6822,0.326759,2.33071,3.6288,61.308,0.0423043,0,0,1.39501,0.161263,1.19144,0.66528,12.849,1,0.359879,2.33071,0,82.0074,3.84069,80.1376,0.84672,12.849,0.84672,3695.15,0,18.483,0.0127538,1.72212,1.28322,8.60363,0.823582,10.7726,0.42336,0,0,18.483,0.42336,442.007,0,1.02816,0,0,2.75028,1.72212,1.028160,1,0,92.1016,0,0,0,92.1016,0
72.29,2.0996,0,0,7.42988,0.311498,5.01878,3.6288,61.308,0.0761484,0,0,1.63691,0.206271,1.35449,0.66528,12.849,1,0.373188,5.01878,0,154.468,3.6067,155.507,0.84672,12.849,0.84672,3695.15,0,18.483,0.022957,2.45912,1.28377,11.057,0.739281,14.0377,0.42336,0,0,18.483,0.42336,442.007,0,1.02816,0,0,3.48728,2.45912,1.028160,1,0,170.899,0,0,0,170.899,0
72.29,2.1005,0,0,6.47127,0.287822,4.08296,3.6288,61.308,0.0765182,0,0,1.37062,0.200951,1.09315,0.66528,12.849,1,0.373347,4.08296,0,98.1055,3.84479,97.9703,0.84672,12.849,0.84672,3695.15,0,18.483,0.0230685,1.43303,1.33433,8.34209,0.785517,10.3009,0.42336,0,0,18.483,0.42336,442.007,0,1.02816,0,0,2.46119,1.43303,1.028160,1,0,109.364,0,0,0,109.364,0
72.29,2.10139,0,0,5.7469,0.287822,3.35769,3.6288,61.308,0.0768882,0,0,1.0902,0.200951,0.812356,0.66528,12.849,1,0.373507,3.35769,0,89.6391,3.84479,88.7785,0.84672,12.849,0.84672,3695.15,0,18.483,0.0231801,1.34646,1.3349,6.82897,0.785517,8.70163,0.42336,0,0,18.483,0.42336,442.007,0,1.02816,0,0,2.37462,1.34646,1.028160,1,0,98.2925,0,0,0,98.2925,0
72.29,2.10229,0,0,8.59412,0.291304,6.20053,3.6288,61.308,0.0772582,0,0,1.23471,0.185486,0.971963,0.66528,12.849,1,0.373666,6.20053,0,123.649,3.40873,126.067,0.84672,12.849,0.84672,3695.15,0,18.483,0.0232916,2.12744,1.33547,18.2154,0.697563,20.9574,0.42336,0,0,18.483,0.42336,442.007,0,1.02816,0,0,3.1556,2.12744,1.028160,1,0,147.996,0,0,0,147.996,0
72.29,2.0742,0,0,5.93129,0.255347,3.60174,3.6288,61.308,0.0645995,0,0,1.37732,0.199895,1.11283,0.66528,12.849,1,0.368673,3.60174,0,102.716,3.98735,101.961,0.84672,12.849,0.84672,3695.15,0,18.483,0.0194753,2.07921,1.33604,9.90662,0.882953,12.4194,0.42336,0,0,18.483,0.42336,442.007,0,1.02816,0,0,3.10737,2.07921,1.028160,1,0,115.494,0,0,0,115.494,0
72.29,2.07509,0,0,5.35913,0.250282,3.03377,3.6288,61.308,0.0649641,0,0,1.16559,0.207309,0.893315,0.66528,12.849,1,0.368831,3.03377,0,87.4247,4.47646,85.6132,0.84672,12.849,0.84672,3695.15,0,18.483,0.0195852,1.3488,1.31711,9.78523,0.995162,11.4364,0.42336,0,0,18.483,0.42336,442.007,0,1.02816,0,0,2.37696,1.3488,1.028160,1,0,97.9429,0,0,0,97.9429,0
72.29,2.07597,0,0,4.9689,0.238634,2.65429,3.6288,61.308,0.0653289,0,0,1.08315,0.213053,0.804772,0.66528,12.849,1,0.368988,2.65429,0,80.8816,4.45794,78.709,0.84672,12.849,0.84672,3695.15,0,18.483,0.0196952,1.40349,1.31767,8.48897,0.984926,10.2055,0.42336,0,0,18.483,0.42336,442.007,0,1.02816,0,0,2.43165,1.40349,1.028160,1,0,89.7193,0,0,0,89.7193,0
72.29,2.07686,0,0,4.38214,0.168744,2.13654,3.6288,61.308,0.0656937,0,0,1.02092,0.247516,0.70771,0.66528,12.849,1,0.369145,2.13654,0,74.9658,4.34679,72.3864,0.84672,12.849,0.84672,3695.15,0,18.483,0.0198052,1.80084,1.31823,8.07849,0.923514,10.2542,0.42336,0,0,18.483,0.42336,442.007,0,1.02816,0,0,2.829,1.80084,1.028160,1,0,83.3484,0,0,0,83.3484,0
72.29,2.1763,0,0,3.90149,0.17659,1.54859,3.6288,61.308,0.112341,0,0,1.00977,0.235516,0.661908,0.66528,12.849,1,0.386822,1.54859,0,47.6601,4.32705,44.4948,0.84672,12.849,0.84672,3695.15,0,18.483,0.0338684,1.45865,1.31879,7.10654,0.92377,8.92634,0.42336,0,0,18.483,0.42336,442.007,0,1.02816,0,0,2.48681,1.45865,1.028160,1,0,54.083,0,0,0,54.083,0
72.29,2.17723,0,0,4.36715,0.180369,2.00955,3.6288,61.308,0.112726,0,0,1.32124,0.211147,0.997364,0.66528,12.849,1,0.386986,2.00955,0,63.0977,4.35327,60.367,0.84672,12.849,0.84672,3695.15,0,18.483,0.0339844,1.77578,1.38765,8.00643,0.939614,10.1963,0.42336,0,0,18.483,0.42336,442.007,0,1.02816,0,0,2.80394,1.77578,1.028160,1,0,71.5607,0,0,0,71.5607,0
72.29,2.17816,0,0,4.18547,0.0853536,1.92195,3.6288,61.308,0.113111,0,0,1.21834,0.24494,0.860293,0.66528,12.849,1,0.387151,1.92195,0,63.4893,4.80669,60.2174,0.84672,12.849,0.84672,3695.15,0,18.483,0.0341005,1.70943,1.38824,7.90214,1.03084,9.93488,0.42336,0,0,18.483,0.42336,442.007,0,1.02816,0,0,2.73759,1.70943,1.028160,1,0,71.0126,0,0,0,71.0126,0
72.29,2.17909,0,0,3.76599,0.0853536,1.50155,3.6288,61.308,0.113496,0,0,0.988114,0.24494,0.629678,0.66528,12.849,1,0.387316,1.50155,0,57.0344,4.80669,53.3419,0.84672,12.849,0.84672,3695.15,0,18.483,0.0342165,1.28106,1.38883,6.8593,1.03084,8.46414,0.42336,0,0,18.483,0.42336,442.007,0,1.02816,0,0,2.30922,1.28106,1.028160,1,0,62.4357,0,0,0,62.4357,0
72.29,2.18002,0,0,3.64882,0.0853536,1.38345,3.6288,61.308,0.113881,0,0,0.799857,0.24494,0.441036,0.66528,12.849,1,0.387482,1.38345,0,52.0999,4.80669,48.2892,0.84672,12.849,0.84672,3695.15,0,18.483,0.0343326,1.14907,1.38942,6.63103,1.03084,8.10435,0.42336,0,0,18.483,0.42336,442.007,0,1.02816,0,0,2.17723,1.14907,1.028160,1,0,56.8346,0,0,0,56.8346,0
72.29,2.16141,0,0,2.67846,0.0825109,0.434537,3.6288,61.308,0.139758,0,0,0.781549,0.282968,0.358823,0.66528,12.849,1,0.384175,0.434537,0,32.9831,5.21052,27.823,0.84672,12.849,0.84672,3695.15,0,18.483,0.042134,0.647845,1.39002,3.17765,1.24054,3.93284,0.42336,0,0,18.483,0.42336,442.007,0,1.02816,0,0,1.676,0.647845,1.028160,1,0,32.1146,0,0,0,32.1146,0
72.2163,2.16233,0,0,2.53398,0.0825109,0.36288,3.6288,61.308,0.140154,0,0,0.741692,0.282968,0.31857,0.66528,12.849,1,0.384338,0.36288,0,33.0896,5.21052,27.8577,0.84672,12.849,0.84672,3695.15,0,18.483,0.0422534,0.520309,1.41193,3.38224,1.24054,4.03169,0.42336,0,0,18.483,0.42336,442.007,0,1.02816,0,0,1.54847,0.520309,1.028160,1,0,32.2079,0,0,0,32.2079,0
71.9158,2.16292,0,0,2.30784,0.0824647,0.36288,3.6288,61.308,0.14055,0,0,0.730426,0.282968,0.306908,0.66528,12.849,1,0.384835,0.36288,0,32.3203,5.21052,27.0878,0.84672,12.849,0.84672,3695.15,0,18.483,0.0423728,0.543836,1.41253,3.26252,1.24054,3.93597,0.42336,0,0,18.483,0.42336,442.007,0,1.02816,0,0,1.572,0.543836,1.028160,1,0,31.3307,0,0,0,31.3307,0
71.3882,2.16248,0,0,2.07996,0.0822766,0.36288,3.6288,61.308,0.140947,0,0,0.680175,0.282968,0.256261,0.66528,12.849,1,0.386364,0.36288,0,29.9561,5.21052,24.7221,0.84672,12.849,0.84672,3695.15,0,18.483,0.0424923,0.343665,1.41313,3.10631,1.24054,3.58008,0.42336,0,0,18.483,0.42336,442.007,0,1.02816,0,0,1.37182,0.343665,1.028160,1,0,28.5584,0,0,0,28.5584,0
70.8308,2.21141,0,0,2.08607,0.0691027,0.36288,3.6288,61.308,0.166955,0,0,0.584822,0.302567,0.115299,0.66528,12.849,1,0.398027,0.36288,0,27.8313,5.59071,22.2055,0.84672,12.849,0.84672,3695.15,0,18.483,0.0503333,0.261274,1.41373,2.69431,1.38361,2.93538,0.42336,0,0,18.483,0.42336,442.007,0,1.02444,0,0,1.28572,0.261274,1.028160,1,0,25.2562,0,0,0,25.2562,0
70.3162,2.2097,0,0,2.12541,0.0674551,0.36288,3.6288,61.308,0.164507,0,0,0.541204,0.298071,0.0786253,0.66528,12.849,1,0.400848,0.36288,0,25.6172,5.62884,19.9504,0.84672,12.849,0.84672,3695.15,0,18.483,0.0495952,0.306884,1.44837,2.48467,1.40076,2.78957,0.42336,0,0,18.483,0.42336,442.007,0,1.02816,0,0,1.33504,0.306884,1.028160,1,0,22.8186,0,0,0,22.8186,0
69.5898,2.20816,0,0,1.91178,0.0671887,0.36288,3.6288,61.308,0.164913,0,0,0.507642,0.298071,0.0446577,0.66528,12.849,1,0.403501,0.36288,0,24.1427,5.62884,18.4732,0.84672,12.849,0.84672,3695.15,0,18.483,0.0497177,0.264237,1.44899,2.53651,1.40076,2.79926,0.42336,0,0,18.483,0.42336,442.007,0,1.02816,0,0,1.2924,0.264237,1.028160,1,0,21.3171,0,0,0,21.3171,0
68.6943,2.20554,0,0,1.73981,0.0668128,0.36288,3.6288,61.2661,0.230829,0,0,0.487002,0.298071,0,0.66528,12.849,1,0.407229,0.36288,0,22.6763,5.62884,17.0031,0.84672,12.849,0.84672,3695.15,0,18.483,0.0695899,0.227405,1.44961,2.35811,1.40076,2.56477,0.42336,0,0,18.483,0.42336,442.007,0,0.9429,0,0,1.17031,0.227405,1.028160,1,0,19.5679,0,0,0,19.5679,0
67.5166,2.34907,0,0,1.58918,0.0549498,0.36288,3.6288,61.0949,0.344932,0,0,0.481289,0.307542,0,0.66528,12.849,1,0.439384,0.36288,0,21.5719,5.78247,15.7129,0.84672,12.849,0.84672,3695.15,0,18.483,0.10406,0.227405,1.45022,2.41553,1.4396,2.5495,0.42336,0,0,18.483,0.42336,442.007,0,0.901947,0,0,1.12935,0.227405,1.028160,1,0,18.2624,0,0,0,18.2624,0
66.62,2.34363,0,0,1.8627,0.0528185,0.36288,3.6288,60.7754,0.425066,0,0,0.43381,0.328233,0,0.66528,12.849,1,0.446012,0.36288,0,21.7637,5.6574,16.0232,0.84672,12.849,0.84672,3695.15,0,18.483,0.128595,0.227405,1.56629,1.98777,1.46349,2.18938,0.42336,0,0,18.483,0.42336,442.007,0,0.797852,0,0,1.02526,0.227405,1.028160,1,0,18.2126,0,0,0,18.2126,0
65.9093,2.33959,0,0,2.04422,0.0524456,0.36288,3.6288,60.7352,0.248389,0,0,0.535687,0.327569,0,0.66528,12.849,1,0.451236,0.36288,0,27.9898,5.6574,22.244,0.84672,12.849,0.84672,3695.15,0,18.483,0.0755398,0.245618,1.56696,2.16841,1.46349,2.44195,0.42336,0,0,18.483,0.42336,442.007,0,1.02816,0,0,1.27378,0.245618,1.028160,1,0,24.686,0,0,0,24.686,0
64.8,2.33651,0,0,1.64224,0.0521501,0.36288,3.6288,60.2793,0.51579,0,0,0.387458,0.327485,0,0.66528,12.849,1,0.455502,0.36288,0,27.3506,5.6574,21.6006,0.84672,12.849,0.84672,3695.15,0,18.483,0.156966,0.204422,1.56762,1.74074,1.46349,1.89233,0.42336,0,0,18.483,0.42336,442.007,0,0.679908,0,0,0.88433,0.204422,1.028160,1,0,23.4929,0,0,0,23.4929,0
64.0997,2.33099,0,0,2.04523,0.0516888,0.36288,3.6288,60.3662,0.248793,0,0,0.662238,0.326538,0,0.66528,12.849,1,0.462206,0.36288,0,24.9795,5.6574,19.2228,0.84672,12.849,0.84672,3695.15,0,18.483,0.0762855,0.644639,1.56829,2.69155,1.46349,3.3647,0.42336,0,0,18.483,0.42336,442.007,0,1.02816,0,0,1.6728,0.644639,1.028160,1,0,22.5875,0,0,0,22.5875,0
63.6468,2.25675,0,0,2.21604,0.0492954,0.36288,3.6288,60.3872,0.199448,0,0,0.524969,0.304548,0,0.66528,12.849,1,0.452374,0.36288,0,22.0113,5.09484,16.8269,0.84672,12.849,0.84672,3695.15,0,18.483,0.0610673,0.226437,1.56896,1.47484,1.29983,1.90934,0.42336,0,0,18.483,0.42336,442.007,0,1.02816,0,0,1.2546,0.226437,1.028160,1,0,18.7363,0,0,0,18.7363,0
63.5609,2.25503,0,0,2.63822,0.106171,0.36288,3.6288,60.662,0.199884,0,0,0.751409,0.276763,0,0.66528,12.849,1,0.455245,0.36288,0,21.1491,4.35666,16.7001,0.84672,12.849,0.84672,3695.15,0,18.483,0.0611795,0.654722,1.50332,1.81062,1.13952,2.76796,0.42336,0,0,18.483,0.42336,442.007,0,1.02816,0,0,1.68288,0.654722,1.028160,1,0,19.468,0,0,0,19.468,0
63.3085,2.25548,0,0,2.4749,0.108975,0.36288,3.6288,60.9466,0.200516,0,0,0.763396,0.278249,0,0.66528,12.849,1,0.455951,0.36288,0,26.0312,4.37293,21.5652,0.84672,12.849,0.84672,3695.15,0,18.483,0.061095,0.604645,1.50396,1.83196,1.14884,2.73063,0.42336,0,0,18.483,0.42336,442.007,0,1.02816,0,0,1.6328,0.604645,1.028160,1,0,24.2958,0,0,0,24.2958,0
63.3605,2.25492,0,0,2.77854,0.108752,0.36288,3.6288,61.308,0.201156,0,0,0.950737,0.278751,0.109442,0.66528,12.849,1,0.457656,0.36288,0,41.8795,4.37293,37.4118,0.84672,12.849,0.84672,3695.15,0,18.483,0.0610036,0.92175,1.5046,2.33223,1.14884,3.54874,0.42336,0,0,18.483,0.42336,442.007,0,1.02816,0,0,1.94991,0.92175,1.028160,1,0,41.0699,0,0,0,41.0699,0
63.0361,2.19791,0,0,2.38253,0.146087,0.36288,3.6288,61.308,0.156218,0,0,1.05387,0.246099,0.651555,0.66528,12.849,1,0.445719,0.36288,0,80.3862,4.65634,75.647,0.84672,12.849,0.84672,3695.15,0,18.483,0.0470964,0.892633,1.50524,2.61448,1.15746,3.80779,0.42336,0,0,18.483,0.42336,442.007,0,1.02816,0,0,1.92079,0.892633,1.028160,1,0,80.1064,0,0,0,80.1064,0
61.52,2.19694,0,0,1.239,0.195288,0.36288,3.6288,61.308,0.15662,0,0,0.80911,0.201712,0.450778,0.66528,12.849,1,0.447814,0.36288,0,41.5187,5.03423,36.3996,0.84672,12.849,0.84672,3695.15,0,18.483,0.0472175,0.555353,1.44685,1.51533,1.16897,2.30135,0.42336,0,0,18.483,0.42336,442.007,0,1.02816,0,0,1.58351,0.555353,1.028160,1,0,39.1517,0,0,0,39.1517,0
62.4651,2.18874,0,0,3.6702,0.17345,0.36288,3.6288,61.308,0.157022,0,0,1.32652,0.19377,0.975725,0.66528,12.849,1,0.457138,0.36288,0,54.2914,4.84223,49.3549,0.84672,12.849,0.84672,3695.15,0,18.483,0.0473387,1.43653,1.44747,3.52655,1.2119,5.15132,0.42336,0,0,18.483,0.42336,442.007,0,1.02816,0,0,2.46469,1.43653,1.028160,1,0,55.482,0,0,0,55.482,0
65.5902,2.19541,0,0,5.87844,0.195117,0.36288,3.6288,61.308,0.157424,0,0,1.93166,0.147877,1.62636,0.66528,12.849,1,0.451593,0.36288,0,118.81,3.85681,114.865,0.84672,12.849,0.84672,3695.15,0,18.483,0.0474599,2.35971,1.44808,6.85364,1.02874,9.58522,0.42336,0,0,18.483,0.42336,442.007,0,1.02816,0,0,3.38787,2.35971,1.028160,1,0,126.076,0,0,0,126.076,0
66.5184,2.04757,0,0,3.55111,0.212468,0.36288,3.6288,61.308,0.062621,0,0,1.30095,0.148994,1.08934,0.66528,12.849,1,0.401116,0.36288,0,74.1191,3.77523,70.3056,0.84672,12.849,0.84672,3695.15,0,18.483,0.0188789,1.21955,1.4487,3.7039,0.976251,5.37702,0.42336,0,0,18.483,0.42336,442.007,0,1.02816,0,0,2.24771,1.21955,1.028160,1,0,76.772,0,0,0,76.772,0
69.4065,2.05314,0,0,5.55671,0.252547,0.36288,3.6288,61.308,0.0629829,0,0,1.59382,0.195627,1.33521,0.66528,12.849,1,0.396593,0.36288,0,75.7633,4.12713,71.6025,0.84672,12.849,0.84672,3695.15,0,18.483,0.018988,1.63663,1.31621,7.72142,0.876645,9.77863,0.42336,0,0,18.483,0.42336,442.007,0,1.02816,0,0,2.66479,1.63663,1.028160,1,0,82.7163,0,0,0,82.7163,0
69.7767,2.06794,0,0,3.05936,0.258335,0.36288,3.6288,61.308,0.0633449,0,0,1.23905,0.195627,0.980073,0.66528,12.849,1,0.382831,0.36288,0,66.6951,4.12713,62.548,0.84672,12.849,0.84672,3695.15,0,18.483,0.0190971,1.08279,1.31677,4.32553,0.876645,5.82934,0.42336,0,0,18.483,0.42336,442.007,0,1.02816,0,0,2.11095,1.08279,1.028160,1,0,69.3574,0,0,0,69.3574,0
70.2635,2.07053,0,0,3.17925,0.259077,0.36288,3.6288,61.308,0.0637069,0,0,1.12263,0.195627,0.863295,0.66528,12.849,1,0.381277,0.36288,0,68.2033,4.12713,64.0578,0.84672,12.849,0.84672,3695.15,0,18.483,0.0192062,0.969512,1.31733,4.58758,0.876645,5.97857,0.42336,0,0,18.483,0.42336,442.007,0,1.02816,0,0,1.99767,0.969512,1.028160,1,0,70.8996,0,0,0,70.8996,0
70.2544,2.07364,0,0,2.68259,0.255114,0.36288,3.6288,61.308,0.064069,0,0,1.15348,0.234386,0.855028,0.66528,12.849,1,0.379205,0.36288,0,75.4471,5.07415,70.3566,0.84672,12.849,0.84672,3695.15,0,18.483,0.0193154,0.728775,1.31788,4.83778,1.3069,5.55822,0.42336,0,0,18.483,0.42336,442.007,0,1.02816,0,0,1.75694,0.728775,1.028160,1,0,76.7698,0,0,0,76.7698,0
71.2705,2.13945,0,0,3.77705,0.258652,0.36288,3.6288,61.308,0.0920495,0,0,1.14101,0.229226,0.819731,0.66528,12.849,1,0.391289,0.36288,0,105.954,3.86402,102.062,0.84672,12.849,0.84672,3695.15,0,18.483,0.0277509,1.06552,1.31844,4.49862,0.987422,5.86741,0.42336,0,0,18.483,0.42336,442.007,0,1.02816,0,0,2.09368,1.06552,1.028160,1,0,108.749,0,0,0,108.749,0
72.29,2.14505,0,0,6.80931,0.262908,3.38186,3.6288,61.308,0.0924113,0,0,1.21225,0.220961,0.89888,0.66528,12.849,1,0.386721,3.38186,0,164.148,3.22843,163.915,0.84672,12.849,0.84672,3695.15,0,18.483,0.0278599,1.60821,1.36117,5.7897,0.790788,7.94044,0.42336,0,0,18.483,0.42336,442.007,0,1.02816,0,0,2.63637,1.60821,1.028160,1,0,172.754,0,0,0,172.754,0
72.29,2.15057,0,0,5.18828,0.264957,2.77275,3.6288,61.308,0.092773,0,0,1.10265,0.220961,0.78892,0.66528,12.849,1,0.382247,2.77275,0,102.921,3.22843,102.083,0.84672,12.849,0.84672,3695.15,0,18.483,0.027969,1.01306,1.36173,4.00378,0.790788,5.55982,0.42336,0,0,18.483,0.42336,442.007,0,1.02816,0,0,2.04122,1.01306,1.028160,1,0,108.431,0,0,0,108.431,0
72.29,2.15145,0,0,4.73499,0.264957,2.31858,3.6288,61.308,0.0931348,0,0,1.21531,0.220961,0.901215,0.66528,12.849,1,0.382404,2.31858,0,75.8851,3.22843,74.5929,0.84672,12.849,0.84672,3695.15,0,18.483,0.0280781,1.34736,1.36229,4.36584,0.790788,6.25662,0.42336,0,0,18.483,0.42336,442.007,0,1.02816,0,0,2.37552,1.34736,1.028160,1,0,81.7507,0,0,0,81.7507,0
72.29,2.36226,0,0,9.76114,0.292464,7.10641,3.6288,61.308,0.197377,0,0,2.02549,0.209423,1.61869,0.66528,12.849,1,0.419874,7.10641,0,200.145,3.48492,203.346,0.84672,12.849,0.84672,3695.15,0,18.483,0.0595046,2.80641,1.36285,10.2688,0.882417,13.4962,0.42336,0,0,18.483,0.42336,442.007,0,1.02816,0,0,3.83457,2.80641,1.028160,1,0,218.461,0,0,0,218.461,0
72.29,2.36323,0,0,11.4788,0.31972,8.79581,3.6288,61.308,0.197781,0,0,3.05133,0.197845,2.6557,0.66528,12.849,1,0.420046,8.79581,0,267.909,3.98559,272.299,0.84672,12.849,0.84672,3695.15,0,18.483,0.0596266,3.52416,1.5142,13.2034,1.02624,17.1559,0.42336,0,0,18.483,0.42336,442.007,0,1.02816,0,0,4.55232,3.52416,1.028160,1,0,292.111,0,0,0,292.111,0
72.29,2.3642,0,0,8.29526,0.31972,5.61134,3.6288,61.308,0.198186,0,0,2.3103,0.197845,1.91427,0.66528,12.849,1,0.420219,5.61134,0,172.047,3.98559,173.253,0.84672,12.849,0.84672,3695.15,0,18.483,0.0597486,2.49096,1.51482,9.56759,1.02624,12.4874,0.42336,0,0,18.483,0.42336,442.007,0,1.02816,0,0,3.51912,2.49096,1.028160,1,0,187.655,0,0,0,187.655,0
72.29,2.36517,0,0,7.27281,0.322743,4.5849,3.6288,61.308,0.198591,0,0,2.29807,0.180335,1.91914,0.66528,12.849,1,0.420391,4.5849,0,146.913,3.68313,147.394,0.84672,12.849,0.84672,3695.15,0,18.483,0.0598707,2.98696,1.51544,9.30001,0.939517,12.803,0.42336,0,0,18.483,0.42336,442.007,0,1.02816,0,0,4.01512,2.98696,1.028160,1,0,162.116,0,0,0,162.116,0
72.29,2.06621,0,0,7.25492,0.310872,4.87784,3.6288,61.308,0.0593591,0,0,3.08821,0.179217,2.84964,0.66528,12.849,1,0.367254,4.87784,0,208.942,3.83465,209.618,0.84672,12.849,0.84672,3695.15,0,18.483,0.0178955,3.50871,1.51606,11.4446,0.931172,15.5203,0.42336,0,0,18.483,0.42336,442.007,0,1.02816,0,0,4.53687,3.50871,1.028160,1,0,227.988,0,0,0,227.988,0
72.29,2.06706,0,0,7.90456,0.34407,5.49343,3.6288,61.308,0.0597069,0,0,2.8319,0.163427,2.60876,0.66528,12.849,1,0.367404,5.49343,0,314.602,4.41493,315.313,0.84672,12.849,0.84672,3695.15,0,18.483,0.0180003,3.20384,1.31008,13.0608,1.09547,16.4613,0.42336,0,0,18.483,0.42336,442.007,0,1.02816,0,0,4.232,3.20384,1.028160,1,0,334.383,0,0,0,334.383,0
72.29,2.06791,0,0,11.2582,0.34407,8.8462,3.6288,61.308,0.0600548,0,0,3.90306,0.163427,3.67958,0.66528,12.849,1,0.367555,8.8462,0,266.926,4.41493,270.99,0.84672,12.849,0.84672,3695.15,0,18.483,0.0181052,6.31414,1.31061,17.6525,1.09547,24.1636,0.42336,0,0,18.483,0.42336,442.007,0,1.02816,0,0,7.3423,6.31414,1.028160,1,0,298.833,0,0,0,298.833,0
72.29,2.06875,0,0,14.9148,0.344336,12.5017,3.6288,61.308,0.0604028,0,0,6.15839,0.152073,5.94592,0.66528,12.849,1,0.367705,12.5017,0,289.842,4.36284,297.613,0.84672,12.849,0.84672,3695.15,0,18.483,0.0182101,7.00315,1.31115,22.7617,1.0767,29.9811,0.42336,0,0,18.483,0.42336,442.007,0,1.02816,0,0,8.03131,7.00315,1.028160,1,0,333.54,0,0,0,333.54,0
72.29,2.0696,0,0,9.33863,0.345933,6.9231,3.6288,61.308,0.0607509,0,0,2.13265,0.0839444,1.98796,0.66528,12.849,1,0.367856,6.9231,0,232.557,4.05027,235.062,0.84672,12.849,0.84672,3695.15,0,18.483,0.018315,3.09039,1.31168,12.7665,0.964052,16.1862,0.42336,0,0,18.483,0.42336,442.007,0,1.02816,0,0,4.11855,3.09039,1.028160,1,0,253.236,0,0,0,253.236,0
72.29,2.1461,0,0,7.98872,0.316249,5.52637,3.6288,61.308,0.0953293,0,0,6.20747,0.157525,5.95461,0.66528,12.849,1,0.381452,5.52637,0,233.376,4.38631,234.135,0.84672,12.849,0.84672,3695.15,0,18.483,0.0287397,5.48089,1.31222,13.4668,1.17129,19.0599,0.42336,0,0,18.483,0.42336,442.007,0,1.02816,0,0,6.50905,5.48089,1.028160,1,0,259.149,0,0,0,259.149,0
72.29,2.14697,0,0,6.72253,0.311759,4.2638,3.6288,61.308,0.0956915,0,0,4.30392,0.17881,4.02942,0.66528,12.849,1,0.381608,4.2638,0,159.541,4.43405,158.989,0.84672,12.849,0.84672,3695.15,0,18.483,0.0288489,4.06263,1.36387,10.206,1.19633,14.4073,0.42336,0,0,18.483,0.42336,442.007,0,1.02816,0,0,5.09079,4.06263,1.028160,1,0,177.426,0,0,0,177.426,0
72.29,2.14785,0,0,4.41401,0.311759,1.9544,3.6288,61.308,0.0960539,0,0,3.22435,0.17881,2.94949,0.66528,12.849,1,0.381764,1.9544,0,102.606,4.43405,99.7446,0.84672,12.849,0.84672,3695.15,0,18.483,0.0289581,2.97233,1.36443,7.75682,1.19633,10.8683,0.42336,0,0,18.483,0.42336,442.007,0,1.02816,0,0,4.00049,2.97233,1.028160,1,0,113.562,0,0,0,113.562,0
72.29,2.14873,0,0,3.80604,0.311759,1.34555,3.6288,61.308,0.0964163,0,0,2.96022,0.17881,2.68499,0.66528,12.849,1,0.381921,1.34555,0,87.8723,4.43405,84.4018,0.84672,12.849,0.84672,3695.15,0,18.483,0.0290674,2.99267,1.36499,7.01171,1.19633,10.144,0.42336,0,0,18.483,0.42336,442.007,0,1.02816,0,0,4.02083,2.99267,1.028160,1,0,97.2308,0,0,0,97.2308,0
72.29,2.11998,0,0,3.98122,0.285316,1.57592,3.6288,61.308,0.0834623,0,0,2.35027,0.181273,2.08553,0.66528,12.849,1,0.376811,1.57592,0,107.227,4.14418,104.282,0.84672,12.849,0.84672,3695.15,0,18.483,0.025162,2.92295,1.36555,6.764,1.13954,9.88779,0.42336,0,0,18.483,0.42336,442.007,0,1.02816,0,0,3.95111,2.92295,1.028160,1,0,116.255,0,0,0,116.255,0
72.29,2.12085,0,0,4.15854,0.265484,1.77221,3.6288,61.308,0.0838194,0,0,1.9462,0.183121,1.67926,0.66528,12.849,1,0.376965,1.77221,0,117.348,3.92679,114.817,0.84672,12.849,0.84672,3695.15,0,18.483,0.0252697,2.59512,1.34618,6.35472,1.09694,9.17381,0.42336,0,0,18.483,0.42336,442.007,0,1.02816,0,0,3.62328,2.59512,1.028160,1,0,125.67,0,0,0,125.67,0
72.29,2.12172,0,0,3.81915,0.265484,1.43195,3.6288,61.308,0.0841766,0,0,1.81649,0.183121,1.54919,0.66528,12.849,1,0.377119,1.43195,0,107.642,3.92679,104.77,0.84672,12.849,0.84672,3695.15,0,18.483,0.0253774,2.50694,1.34673,5.37862,1.09694,8.10997,0.42336,0,0,18.483,0.42336,442.007,0,1.02816,0,0,3.5351,2.50694,1.028160,1,0,114.43,0,0,0,114.43,0
72.29,2.12258,0,0,3.53402,0.227936,1.1835,3.6288,61.308,0.084534,0,0,1.71611,0.214684,1.41689,0.66528,12.849,1,0.377273,1.1835,0,94.6529,4.19651,91.2627,0.84672,12.849,0.84672,3695.15,0,18.483,0.0254851,2.39354,1.34728,5.39044,1.08824,8.01753,0.42336,0,0,18.483,0.42336,442.007,0,1.02816,0,0,3.4217,2.39354,1.028160,1,0,100.697,0,0,0,100.697,0
72.29,2.22418,0,0,3.4723,0.192313,1.0558,3.6288,61.308,0.132192,0,0,1.63629,0.24226,1.26183,0.66528,12.849,1,0.395331,1.0558,0,84.6651,4.42226,80.9033,0.84672,12.849,0.84672,3695.15,0,18.483,0.039853,2.12331,1.34783,5.72638,1.14819,8.00948,0.42336,0,0,18.483,0.42336,442.007,0,1.02816,0,0,3.15147,2.12331,1.028160,1,0,90.1746,0,0,0,90.1746,0
72.29,2.22509,0,0,3.03918,0.1774,0.636691,3.6288,61.308,0.132569,0,0,1.20817,0.247661,0.827936,0.66528,12.849,1,0.395493,0.636691,0,73.7536,4.50933,69.4855,0.84672,12.849,0.84672,3695.15,0,18.483,0.0399666,1.47322,1.41818,4.28149,1.13601,5.99691,0.42336,0,0,18.483,0.42336,442.007,0,1.02816,0,0,2.50138,1.47322,1.028160,1,0,76.3103,0,0,0,76.3103,0
72.29,2.226,0,0,2.85523,0.1774,0.451828,3.6288,61.308,0.132946,0,0,1.19689,0.247661,0.816284,0.66528,12.849,1,0.395654,0.451828,0,64.7181,4.50933,60.2649,0.84672,12.849,0.84672,3695.15,0,18.483,0.0400802,1.67574,1.41875,3.89879,1.13601,5.81719,0.42336,0,0,18.483,0.42336,442.007,0,1.02816,0,0,2.7039,1.67574,1.028160,1,0,66.8984,0,0,0,66.8984,0
72.2649,2.22691,0,0,2.74214,0.1774,0.36288,3.6288,61.308,0.133323,0,0,1.16144,0.247661,0.780457,0.66528,12.849,1,0.395816,0.36288,0,58.2219,4.50933,53.6797,0.84672,12.849,0.84672,3695.15,0,18.483,0.0401939,1.66292,1.41933,3.63573,1.13601,5.54178,0.42336,0,0,18.483,0.42336,442.007,0,1.02816,0,0,2.69108,1.66292,1.028160,1,0,60.0019,0,0,0,60.0019,0
72.1061,2.2277,0,0,2.58791,0.156211,0.36288,3.6288,61.308,0.1337,0,0,1.05963,0.277134,0.648793,0.66528,12.849,1,0.396094,0.36288,0,55.6055,4.54098,51.0313,0.84672,12.849,0.84672,3695.15,0,18.483,0.0403076,1.55368,1.41991,3.51242,1.23365,5.21206,0.42336,0,0,18.483,0.42336,442.007,0,1.02816,0,0,2.58184,1.55368,1.028160,1,0,56.8921,0,0,0,56.8921,0
72.29,2.20792,0,0,3.10286,0.118922,0.59209,3.6288,61.308,0.160128,0,0,0.829068,0.281651,0.387289,0.66528,12.849,1,0.393441,0.59209,0,57.7456,5.36445,52.5798,0.84672,12.849,0.84672,3695.15,0,18.483,0.0482749,0.560451,1.42049,5.39933,1.2762,6.05581,0.42336,0,0,18.483,0.42336,442.007,0,1.02816,0,0,1.58861,0.560451,1.028160,1,0,59.0229,0,0,0,59.0229,0
72.29,2.20967,0,0,2.91828,0.114306,0.594307,3.6288,61.308,0.160516,0,0,0.770602,0.280439,0.329647,0.66528,12.849,1,0.392752,0.594307,0,53.2777,5.49958,47.9797,0.84672,12.849,0.84672,3695.15,0,18.483,0.0483919,0.350931,1.44286,5.6374,1.27678,6.10602,0.42336,0,0,18.483,0.42336,442.007,0,1.02816,0,0,1.37909,0.350931,1.028160,1,0,54.4153,0,0,0,54.4153,0
72.29,2.21057,0,0,2.81616,0.114306,0.491289,3.6288,61.308,0.217066,0,0,0.717569,0.280439,0.220064,0.66528,12.849,1,0.392912,0.491289,0,48.7413,5.49958,43.3401,0.84672,12.849,0.84672,3695.15,0,18.483,0.0654406,0.261274,1.44345,5.45973,1.27678,5.82223,0.42336,0,0,18.483,0.42336,442.007,0,0.955066,0,0,1.21634,0.261274,1.028160,1,0,49.3824,0,0,0,49.3824,0
72.29,2.21147,0,0,2.70986,0.109114,0.389273,3.6288,61.308,0.267357,0,0,0.686396,0.284882,0.134158,0.66528,12.849,1,0.393072,0.389273,0,43.6665,5.53755,38.1251,0.84672,12.849,0.84672,3695.15,0,18.483,0.080602,0.261274,1.44404,5.43223,1.29927,5.75767,0.42336,0,0,18.483,0.42336,442.007,0,0.890119,0,0,1.15139,0.261274,1.028160,1,0,44.017,0,0,0,44.017,0
72.0813,2.26401,0,0,2.50055,0.0823669,0.36288,3.6288,61.2737,0.37535,0,0,0.656062,0.315044,0,0.66528,12.849,1,0.40241,0.36288,0,37.7301,5.76052,31.93,0.84672,12.849,0.84672,3695.15,0,18.483,0.11316,0.261274,1.44463,4.94655,1.43559,5.1037,0.42336,0,0,18.483,0.42336,442.007,0,0.780339,0,0,1.04161,0.261274,1.028160,1,0,37.0337,0,0,0,37.0337,0
71.6982,2.26394,0,0,2.33183,0.0881031,0.36288,3.6288,61.1915,0.351889,0,0,0.589393,0.319651,0,0.66528,12.849,1,0.403563,0.36288,0,45.4341,5.7541,39.6393,0.84672,12.849,0.84672,3695.15,0,18.483,0.106146,0.261274,1.48,4.94127,1.43744,5.13896,0.42336,0,0,18.483,0.42336,442.007,0,0.811331,0,0,1.0726,0.261274,1.028160,1,0,44.7783,0,0,0,44.7783,0
71.1069,2.26303,0,0,2.12249,0.0878466,0.36288,3.6288,61.0498,0.308375,0,0,0.486131,0.319485,0,0.66528,12.849,1,0.405557,0.36288,0,36.5952,5.7541,30.7984,0.84672,12.849,0.84672,3695.15,0,18.483,0.0931452,0.227405,1.4806,4.59156,1.43744,4.76898,0.42336,0,0,18.483,0.42336,442.007,0,0.868363,0,0,1.09577,0.227405,1.028160,1,0,35.5674,0,0,0,35.5674,0
70.3259,2.2611,0,0,1.93042,0.0874507,0.36288,3.6288,60.7436,0.43971,0,0,0.45273,0.319198,0,0.66528,12.849,1,0.40858,0.36288,0,34.1149,5.7541,28.3151,0.84672,12.849,0.84672,3695.15,0,18.483,0.133123,0.227405,1.48121,4.09198,1.43744,4.23003,0.42336,0,0,18.483,0.42336,442.007,0,0.697568,0,0,0.924972,0.227405,1.028160,1,0,32.5451,0,0,0,32.5451,0
69.5767,2.409,0,0,2.10219,0.0795733,0.36288,3.6288,60.6223,0.338945,0,0,0.534385,0.316786,0,0.66528,12.849,1,0.44014,0.36288,0,34.2763,5.86224,28.3368,0.84672,12.849,0.84672,3695.15,0,18.483,0.103134,0.227405,1.48181,5.78566,1.46335,5.9284,0.42336,0,0,18.483,0.42336,442.007,0,0.938261,0,0,1.16567,0.227405,1.028160,1,0,34.2652,0,0,0,34.2652,0
67.9349,2.40598,0,0,1.22411,0.0970268,0.36288,3.6288,59.7446,0.892152,0,0,0.355158,0.340652,0,0.66528,12.849,1,0.444322,0.36288,0,24.1771,5.81213,18.2836,0.84672,12.849,0.84672,3695.15,0,18.483,0.272006,0.227405,1.60038,3.18901,1.43947,3.30532,0.42336,0,0,18.483,0.42336,442.007,0,0.216744,0,0,0.444149,0.227405,1.028160,1,0,21.5889,0,0,0,21.5889,0
66.2154,2.39793,0,0,1.14426,0.102975,0.36288,3.6288,59.004,0.768232,0,0,0.346369,0.318777,0,0.66528,12.849,1,0.453536,0.36288,0,22.1931,5.94594,16.1565,0.84672,12.849,0.84672,3695.15,0,18.483,0.237665,0.204422,1.60103,3.70248,1.49411,3.77616,0.42336,0,0,18.483,0.42336,442.007,0,0.375568,0,0,0.57999,0.204422,1.028160,1,0,19.9326,0,0,0,19.9326,0
64.4363,2.38904,0,0,1.07449,0.101586,0.36288,3.6288,58.3561,0.668561,0,0,0.337993,0.31727,0,0.66528,12.849,1,0.463589,0.36288,0,22.6532,5.94594,16.6066,0.84672,12.849,0.84672,3695.15,0,18.483,0.209427,0.204422,1.60168,3.41296,1.49411,3.51552,0.42336,0,0,18.483,0.42336,442.007,0,0.50404,0,0,0.708463,0.204422,1.028160,1,0,20.1221,0,0,0,20.1221,0
62.6338,2.37933,0,0,1.03987,0.100148,0.36288,3.6288,57.6996,0.675511,0,0,0.334916,0.315951,0,0.66528,12.849,1,0.474454,0.36288,0,21.1773,5.94594,15.1198,0.84672,12.849,0.84672,3695.15,0,18.483,0.213953,0.204422,1.60234,3.39968,1.49411,3.49837,0.42336,0,0,18.483,0.42336,442.007,0,0.493128,0,0,0.69755,0.204422,1.028160,1,0,18.6182,0,0,0,18.6182,0
61.2312,2.29669,0,0,1.40276,0.145791,0.36288,3.6288,57.1431,0.650348,0,0,0.390614,0.296749,0,0.66528,12.849,1,0.471153,0.36288,0,31.1903,5.51431,25.5677,0.84672,12.849,0.84672,3695.15,0,18.483,0.208327,0.204422,1.60299,4.17798,1.36069,4.41638,0.42336,0,0,18.483,0.42336,442.007,0,0.45793,0,0,0.662353,0.204422,1.028160,1,0,29.9841,0,0,0,29.9841,0
59.9051,2.2887,0,0,1.48822,0.162739,0.36288,3.6288,57.1297,0.351634,0,0,0.62679,0.28856,0,0.66528,12.849,1,0.480269,0.36288,0,31.225,5.34167,25.7659,0.84672,12.849,0.84672,3695.15,0,18.483,0.113736,0.216518,1.5359,5.16089,1.30732,5.49225,0.42336,0,0,18.483,0.42336,442.007,0,0.851772,0,0,1.06829,0.216518,1.028160,1,0,31.2582,0,0,0,31.2582,0
58.4045,2.28087,0,0,1.30399,0.160874,0.36288,3.6288,56.6535,0.575092,0,0,0.387421,0.288535,0,0.66528,12.849,1,0.489223,0.36288,0,31.7031,5.34167,26.2351,0.84672,12.849,0.84672,3695.15,0,18.483,0.186058,0.216518,1.53653,4.06858,1.30732,4.32825,0.42336,0,0,18.483,0.42336,442.007,0,0.556528,0,0,0.773047,0.216518,1.028160,1,0,30.5633,0,0,0,30.5633,0
56.6723,2.2715,0,0,1.06075,0.158564,0.36288,3.6288,55.9827,0.702082,0,0,0.318877,0.287643,0,0.66528,12.849,1,0.499729,0.36288,0,29.1126,5.34167,23.6341,0.84672,12.849,0.84672,3695.15,0,18.483,0.229052,0.216518,1.53715,3.67616,1.30732,3.89346,0.42336,0,0,18.483,0.42336,442.007,0,0.387082,0,0,0.6036,0.216518,1.028160,1,0,27.5275,0,0,0,27.5275,0
55.2617,2.20158,0,0,1.3555,0.201694,0.36288,3.6288,55.6502,0.527815,0,0,0.445241,0.249879,0,0.66528,12.849,1,0.499153,0.36288,0,28.4986,4.61773,23.7446,0.84672,12.849,0.84672,3695.15,0,18.483,0.174261,0.216518,1.53778,3.67891,1.10882,4.15013,0.42336,0,0,18.483,0.42336,442.007,0,0.556,0,0,0.772518,0.216518,1.028160,1,0,27.8947,0,0,0,27.8947,0
53.5148,2.19214,0,0,1.00101,0.192892,0.36288,3.6288,55.374,0.501674,0,0,0.486063,0.260602,0,0.66528,12.849,1,0.509698,0.36288,0,15.5337,4.26132,11.1255,0.84672,12.849,0.84672,3695.15,0,18.483,0.16662,0.216518,1.47811,2.85536,1.06686,3.3165,0.42336,0,0,18.483,0.42336,442.007,0,0.590293,0,0,0.806812,0.216518,1.028160,1,0,14.442,0,0,0,14.442,0
52.2242,2.17961,0,0,1.44145,0.189517,0.36288,3.6288,55.7022,0.200308,0,0,0.788625,0.26013,0,0.66528,12.849,1,0.523328,0.36288,0,27.97,4.26132,23.5482,0.84672,12.849,0.84672,3695.15,0,18.483,0.0668598,0.292723,1.47871,4.50546,1.06686,5.14317,0.42336,0,0,18.483,0.42336,442.007,0,0.991932,0,0,1.28466,0.292723,1.028160,1,0,28.6914,0,0,0,28.6914,0
52.3678,2.17011,0,0,2.91146,0.234916,0.36288,3.6288,56.6203,0.173787,0,0,1.33625,0.244334,0,0.66528,12.849,1,0.533924,0.36288,0,36.3754,3.76089,32.4435,0.84672,12.849,0.84672,3695.15,0,18.483,0.0576656,0.480963,1.47931,7.30488,0.994183,8.2133,0.42336,0,0,18.483,0.42336,442.007,0,1.02816,0,0,1.50912,0.480963,1.028160,1,0,40.6568,0,0,0,40.6568,0
52.7778,2.00858,0,0,3.01679,0.235265,0.36288,3.6288,57.3449,0.0794532,0,0,1.04987,0.245805,0,0.66528,12.849,1,0.492827,0.36288,0,36.5007,3.76089,32.6099,0.84672,12.849,0.84672,3695.15,0,18.483,0.0259365,0.581308,1.47991,4.64051,0.994183,5.68161,0.42336,0,0,18.483,0.42336,442.007,0,1.02816,0,0,1.60947,0.581308,1.028160,1,0,38.2915,0,0,0,38.2915,0
55.5671,2.01248,0,0,5.41968,0.255027,0.36288,3.6288,58.4336,0.0800497,0,0,1.36644,0.197755,0,0.66528,12.849,1,0.489947,0.36288,0,59.7251,4.68646,54.9116,0.84672,12.849,0.84672,3695.15,0,18.483,0.025801,0.895527,1.34454,12.3864,1.20921,13.3915,0.42336,0,0,18.483,0.42336,442.007,0,1.02816,0,0,1.92369,0.895527,1.028160,1,0,68.3031,0,0,0,68.3031,0
57.287,2.03328,0,0,4.3784,0.262335,0.36288,3.6288,58.7342,0.0807653,0,0,0.580586,0.199151,0,0.66528,12.849,1,0.470163,0.36288,0,50.2625,4.68646,45.4688,0.84672,12.849,0.84672,3695.15,0,18.483,0.0255467,0.467873,1.34509,6.7686,1.20921,7.34681,0.42336,0,0,18.483,0.42336,442.007,0,1.02816,0,0,1.49603,0.467873,1.028160,1,0,52.8156,0,0,0,52.8156,0
59.0347,2.04564,0,0,4.42145,0.265272,0.36288,3.6288,58.3452,0.524608,0,0,0.341985,0.206439,0,0.66528,12.849,1,0.45882,0.36288,0,47.9394,4.71235,43.1311,0.84672,12.849,0.84672,3695.15,0,18.483,0.165088,0.412474,1.34564,7.26702,1.22919,7.63085,0.42336,0,0,18.483,0.42336,442.007,0,0.445236,0,0,0.85771,0.412474,1.028160,1,0,50.7619,0,0,0,50.7619,0
60.1976,2.05763,0,0,3.84364,0.260253,0.36288,3.6288,57.8904,0.586213,0,0,0.378692,0.247237,0,0.66528,12.849,1,0.447847,0.36288,0,51.1748,4.8677,46.2221,0.84672,12.849,0.84672,3695.15,0,18.483,0.185705,0.412474,1.34619,4.16651,1.34905,4.39041,0.42336,0,0,18.483,0.42336,442.007,0,0.363477,0,0,0.775951,0.412474,1.028160,1,0,50.6126,0,0,0,50.6126,0
60.6908,2.13029,0,0,3.23409,0.247674,0.36288,3.6288,57.9187,0.478338,0,0,0.72545,0.218802,0,0.66528,12.849,1,0.454704,0.36288,0,51.2852,4.19293,47.0005,0.84672,12.849,0.84672,3695.15,0,18.483,0.152722,0.412474,1.34673,7.91376,1.05391,8.46634,0.42336,0,0,18.483,0.42336,442.007,0,0.541512,0,0,0.953986,0.412474,1.028160,1,0,55.4668,0,0,0,55.4668,0
60.6515,2.13418,0,0,2.69476,0.237054,0.36288,3.6288,57.9948,0.528135,0,0,0.802228,0.198056,0,0.66528,12.849,1,0.451832,0.36288,0,31.9715,3.68686,28.1956,0.84672,12.849,0.84672,3695.15,0,18.483,0.168538,0.503194,1.39036,4.2649,0.832548,5.15737,0.42336,0,0,18.483,0.42336,442.007,0,0.476358,0,0,0.979551,0.503194,1.028160,1,0,33.353,0,0,0,33.353,0
62.2813,2.13477,0,0,4.36443,0.236977,0.36288,3.6288,58.2715,0.444539,0,0,0.919382,0.198153,0,0.66528,12.849,1,0.452251,0.36288,0,50.1225,3.68686,46.3463,0.84672,12.849,0.84672,3695.15,0,18.483,0.141675,0.503194,1.3909,6.94692,0.832548,7.8668,0.42336,0,0,18.483,0.42336,442.007,0,0.587278,0,0,1.09047,0.503194,1.028160,1,0,54.2131,0,0,0,54.2131,0
65.7423,2.14542,0,0,6.27502,0.305657,0.36288,3.6288,58.4617,0.484395,0,0,0.880096,0.205419,0,0.66528,12.849,1,0.442614,0.36288,0,77.0092,4.09114,72.8383,0.84672,12.849,0.84672,3695.15,0,18.483,0.153644,0.503194,1.39145,7.10636,1.05875,7.7886,0.42336,0,0,18.483,0.42336,442.007,0,0.535913,0,0,1.03911,0.503194,1.028160,1,0,80.6269,0,0,0,80.6269,0
66.156,2.37701,0,0,3.47799,0.324419,0.36288,3.6288,58.4481,0.625043,0,0,0.813185,0.201775,0,0.66528,12.849,1,0.464574,0.36288,0,49.2873,4.13251,45.0531,0.84672,12.849,0.84672,3695.15,0,18.483,0.197611,0.503194,1.39199,5.09675,1.08844,5.70589,0.42336,0,0,18.483,0.42336,442.007,0,0.489845,0,0,0.993038,0.503194,1.028160,1,0,50.759,0,0,0,50.759,0
65.3824,2.38037,0,0,2.28825,0.318597,0.36288,3.6288,58.5727,0.428046,0,0,0.724157,0.171469,0,0.66528,12.849,1,0.462323,0.36288,0,32.7932,3.97646,28.7173,0.84672,12.849,0.84672,3695.15,0,18.483,0.135361,0.503194,1.54655,5.47224,1.0404,6.34622,0.42336,0,0,18.483,0.42336,442.007,0,0.749606,0,0,1.2528,0.503194,1.028160,1,0,35.0635,0,0,0,35.0635,0
65.3012,2.37673,0,0,2.97503,0.316635,0.36288,3.6288,58.8428,0.393632,0,0,0.835272,0.171607,0,0.66528,12.849,1,0.467078,0.36288,0,44.4865,3.97646,40.4058,0.84672,12.849,0.84672,3695.15,0,18.483,0.124213,0.608429,1.54716,6.53295,1.0404,7.52393,0.42336,0,0,18.483,0.42336,442.007,0,0.795684,0,0,1.40411,0.608429,1.028160,1,0,47.9298,0,0,0,47.9298,0
65.4509,2.37718,0,0,3.20045,0.31072,0.36288,3.6288,59.0643,0.487418,0,0,0.882835,0.173933,0,0.66528,12.849,1,0.467746,0.36288,0,48.1157,3.96396,44.0469,0.84672,12.849,0.84672,3695.15,0,18.483,0.153102,0.608429,1.54776,6.0897,1.03203,7.06075,0.42336,0,0,18.483,0.42336,442.007,0,0.673523,0,0,1.28195,0.608429,1.028160,1,0,51.1077,0,0,0,51.1077,0
65.9132,2.07745,0,0,3.19602,0.293301,0.36288,3.6288,59.2754,0.452463,0,0,0.830494,0.166845,0,0.66528,12.849,1,0.407836,0.36288,0,46.3507,3.9155,42.3903,0.84672,12.849,0.84672,3695.15,0,18.483,0.141589,0.608429,1.54837,5.26567,0.966586,6.31429,0.42336,0,0,18.483,0.42336,442.007,0,0.534902,0,0,1.14333,0.608429,1.028160,1,0,48.7046,0,0,0,48.7046,0
67.3848,2.08066,0,0,4.20143,0.286364,0.36288,3.6288,59.8232,0.0871513,0,0,0.835608,0.200743,0,0.66528,12.849,1,0.4056,0.36288,0,55.9811,4.05962,51.8787,0.84672,12.849,0.84672,3695.15,0,18.483,0.0271751,0.608429,1.33797,3.32738,1.16878,4.07782,0.42336,0,0,18.483,0.42336,442.007,0,1.01507,0,0,1.6235,0.608429,1.028160,1,0,55.9566,0,0,0,55.9566,0
70.2133,2.08892,0,0,5.57008,0.289724,0.36288,3.6288,61.308,0.0776794,0,0,1.9535,0.201447,0.189528,0.66528,12.849,1,0.398317,0.36288,0,109.908,4.05962,105.813,0.84672,12.849,0.84672,3695.15,0,18.483,0.0239999,0.976795,1.3385,6.23441,1.16878,7.35692,0.42336,0,0,18.483,0.42336,442.007,0,1.02816,0,0,2.00496,0.976795,1.028160,1,0,113.359,0,0,0,113.359,0
71.4718,2.10331,0,0,4.02087,0.296182,0.36288,3.6288,61.308,0.101336,0,0,0.852751,0.203356,0.548058,0.66528,12.849,1,0.384904,0.36288,0,56.317,4.05962,52.2354,0.84672,12.849,0.84672,3695.15,0,18.483,0.0305506,0.558835,1.33902,3.33103,1.16878,4.02956,0.42336,0,0,18.483,0.42336,442.007,0,0.998395,0,0,1.55723,0.558835,1.028160,1,0,56.813,0,0,0,56.813,0
72.29,2.10988,0,0,4.6657,0.296881,1.44078,3.6288,61.308,0.0788062,0,0,1.22583,0.187183,0.959839,0.66528,12.849,1,0.379308,1.44078,0,76.4029,4.03622,73.4282,0.84672,12.849,0.84672,3695.15,0,18.483,0.0237583,1.03435,1.33955,8.67362,1.10557,9.91819,0.42336,0,0,18.483,0.42336,442.007,0,1.02816,0,0,2.06251,1.03435,1.028160,1,0,84.3062,0,0,0,84.3062,0
72.29,2.1916,0,0,4.37677,0.321886,1.86328,3.6288,61.308,0.202934,0,0,0.929923,0.186762,0.540227,0.66528,12.849,1,0.389541,1.86328,0,66.5247,3.95912,64.0393,0.84672,12.849,0.84672,3695.15,0,18.483,0.06118,0.558835,1.34007,6.88906,1.0231,7.70368,0.42336,0,0,18.483,0.42336,442.007,0,0.912548,0,0,1.47138,0.558835,1.028160,1,0,72.2833,0,0,0,72.2833,0
72.29,2.19246,0,0,4.9089,0.332312,2.38413,3.6288,61.308,0.114457,0,0,1.22064,0.19522,0.910965,0.66528,12.849,1,0.389694,2.38413,0,76.75,3.94075,74.8037,0.84672,12.849,0.84672,3695.15,0,18.483,0.0345061,1.25995,1.3928,5.15757,1.02383,6.75198,0.42336,0,0,18.483,0.42336,442.007,0,1.02816,0,0,2.28811,1.25995,1.028160,1,0,82.4666,0,0,0,82.4666,0
72.29,2.19332,0,0,4.64892,0.332312,2.12329,3.6288,61.308,0.114811,0,0,1.33,0.19522,1.01997,0.66528,12.849,1,0.389846,2.12329,0,77.2759,3.94075,75.0686,0.84672,12.849,0.84672,3695.15,0,18.483,0.0346129,0.939635,1.39334,5.7406,1.02383,7.01513,0.42336,0,0,18.483,0.42336,442.007,0,1.02816,0,0,1.96779,0.939635,1.028160,1,0,83.1037,0,0,0,83.1037,0
72.29,2.19418,0,0,3.85812,0.273129,1.39081,3.6288,61.308,0.115165,0,0,1.1793,0.238129,0.826005,0.66528,12.849,1,0.389999,1.39081,0,60.5481,4.57488,56.974,0.84672,12.849,0.84672,3695.15,0,18.483,0.0347197,0.582284,1.39389,4.77963,1.24245,5.47863,0.42336,0,0,18.483,0.42336,442.007,0,1.02816,0,0,1.61044,0.582284,1.028160,1,0,63.2787,0,0,0,63.2787,0
72.29,2.16478,0,0,3.1156,0.263575,0.687241,3.6288,61.308,0.235483,0,0,0.941941,0.253374,0.453084,0.66528,12.849,1,0.384774,0.687241,0,52.934,4.70771,48.5288,0.84672,12.849,0.84672,3695.15,0,18.483,0.070993,0.528595,1.39443,4.14959,1.32617,4.67546,0.42336,0,0,18.483,0.42336,442.007,0,0.854332,0,0,1.38293,0.528595,1.028160,1,0,53.6573,0,0,0,53.6573,0
72.2838,2.16563,0,0,2.80468,0.2824,0.36288,3.6288,61.308,0.10227,0,0,0.927694,0.250816,0.574608,0.66528,12.849,1,0.384925,0.36288,0,46.6936,4.5466,42.1249,0.84672,12.849,0.84672,3695.15,0,18.483,0.0308323,0.562205,1.37463,4.32029,1.3212,4.90508,0.42336,0,0,18.483,0.42336,442.007,0,1.02816,0,0,1.59036,0.562205,1.028160,1,0,47.6046,0,0,0,47.6046,0
71.756,2.16645,0,0,2.28398,0.282387,0.36288,3.6288,61.308,0.202278,0,0,0.799494,0.250816,0.3464,0.66528,12.849,1,0.385103,0.36288,0,35.9596,4.5466,31.3908,0.84672,12.849,0.84672,3695.15,0,18.483,0.0609824,0.402797,1.37517,3.65041,1.3212,4.04619,0.42336,0,0,18.483,0.42336,442.007,0,0.898456,0,0,1.30125,0.402797,1.028160,1,0,35.7834,0,0,0,35.7834,0
70.9966,2.1649,0,0,1.97551,0.207208,0.36288,3.6288,61.308,0.333634,0,0,0.716481,0.245642,0.137205,0.66528,12.849,1,0.387657,0.36288,0,31.613,4.67522,26.913,0.84672,12.849,0.84672,3695.15,0,18.483,0.100583,0.402797,1.3757,3.29752,1.26757,3.70786,0.42336,0,0,18.483,0.42336,442.007,0,0.727955,0,0,1.13075,0.402797,1.028160,1,0,30.7581,0,0,0,30.7581,0
69.9386,2.2648,0,0,1.76345,0.19374,0.36288,3.6288,61.2727,0.456287,0,0,0.665764,0.244779,0,0.66528,12.849,1,0.409885,0.36288,0,29.6736,4.69665,24.9299,0.84672,12.849,0.84672,3695.15,0,18.483,0.13756,0.402797,1.37624,2.8585,1.25863,3.24135,0.42336,0,0,18.483,0.42336,442.007,0,0.631636,0,0,1.03443,0.402797,1.028160,1,0,28.1713,0,0,0,28.1713,0
68.947,2.26044,0,0,1.82113,0.189373,0.36288,3.6288,61.308,0.31624,0,0,0.675881,0.25454,0.0697984,0.66528,12.849,1,0.415285,0.36288,0,26.5528,4.79472,21.7057,0.84672,12.849,0.84672,3695.15,0,18.483,0.0953943,0.402797,1.44804,2.91447,1.13033,3.53958,0.42336,0,0,18.483,0.42336,442.007,0,0.814329,0,0,1.21713,0.402797,1.028160,1,0,25.3151,0,0,0,25.3151,0
67.9079,2.25629,0,0,1.76802,0.187922,0.36288,3.6288,61.308,0.336175,0,0,0.621698,0.254597,0.0309265,0.66528,12.849,1,0.420484,0.36288,0,24.8228,4.79472,19.9705,0.84672,12.849,0.84672,3695.15,0,18.483,0.101349,0.30119,1.44861,2.67691,1.13033,3.19502,0.42336,0,0,18.483,0.42336,442.007,0,0.788918,0,0,1.09011,0.30119,1.028160,1,0,23.1964,0,0,0,23.1964,0
66.6912,2.25176,0,0,1.56346,0.165525,0.36288,3.6288,61.2389,0.38383,0,0,0.583525,0.268762,0,0.66528,12.849,1,0.42606,0.36288,0,22.0659,4.95537,17.0473,0.84672,12.849,0.84672,3695.15,0,18.483,0.115716,0.30119,1.44918,2.6141,1.17138,3.07737,0.42336,0,0,18.483,0.42336,442.007,0,0.727376,0,0,1.02857,0.30119,1.028160,1,0,20.1247,0,0,0,20.1247,0
65.4258,2.24612,0,0,1.47994,0.136375,0.36288,3.6288,61.0853,0.425944,0,0,0.559843,0.287523,0,0.66528,12.849,1,0.432747,0.36288,0,20.4105,5.16957,15.1711,0.84672,12.849,0.84672,3695.15,0,18.483,0.128557,0.30119,1.44974,2.54489,1.22611,2.94116,0.42336,0,0,18.483,0.42336,442.007,0,0.6729,0,0,0.974091,0.30119,1.028160,1,0,18.1123,0,0,0,18.1123,0
64.5731,2.21994,0,0,1.83964,0.109525,0.36288,3.6288,61.308,0.179902,0,0,0.717201,0.303346,0.0112621,0.66528,12.849,1,0.435975,0.36288,0,34.6314,5.59152,28.9668,0.84672,12.849,0.84672,3695.15,0,18.483,0.0544342,0.617579,1.45031,3.75316,1.32569,4.44092,0.42336,0,0,18.483,0.42336,442.007,0,1.02816,0,0,1.64574,0.617579,1.028160,1,0,33.4189,0,0,0,33.4189,0
63.6854,2.216,0,0,1.78981,0.0986538,0.36288,3.6288,61.308,0.180433,0,0,0.722244,0.310224,0.231586,0.66528,12.849,1,0.440949,0.36288,0,36.808,5.7603,30.9696,0.84672,12.849,0.84672,3695.15,0,18.483,0.0543966,0.630202,1.47312,3.49491,1.36552,4.17832,0.42336,0,0,18.483,0.42336,442.007,0,1.02816,0,0,1.65836,0.630202,1.028160,1,0,35.3795,0,0,0,35.3795,0
62.6491,2.21175,0,0,1.6363,0.0979479,0.36288,3.6288,61.308,0.180812,0,0,0.693567,0.310224,0.202531,0.66528,12.849,1,0.446238,0.36288,0,33.3173,5.7603,27.4737,0.84672,12.849,0.84672,3695.15,0,18.483,0.0545108,0.551647,1.4737,3.47943,1.36552,4.08475,0.42336,0,0,18.483,0.42336,442.007,0,1.02816,0,0,1.57981,0.551647,1.028160,1,0,31.7609,0,0,0,31.7609,0
61.5662,2.20649,0,0,1.58362,0.097124,0.36288,3.6288,61.308,0.181191,0,0,0.651456,0.310224,0.160041,0.66528,12.849,1,0.452539,0.36288,0,30.31,5.7603,24.46,0.84672,12.849,0.84672,3695.15,0,18.483,0.0546252,0.356037,1.47427,3.38138,1.36552,3.79155,0.42336,0,0,18.483,0.42336,442.007,0,1.02816,0,0,1.3842,0.356037,1.028160,1,0,28.4116,0,0,0,28.4116,0
60.4103,2.25212,0,0,1.54608,0.0869862,0.36288,3.6288,61.308,0.205311,0,0,0.625277,0.317141,0.102824,0.66528,12.849,1,0.470023,0.36288,0,28.6863,5.86137,22.7178,0.84672,12.849,0.84672,3695.15,0,18.483,0.0618968,0.33366,1.47485,3.30665,1.40267,3.65059,0.42336,0,0,18.483,0.42336,442.007,0,1.02816,0,0,1.36182,0.33366,1.028160,1,0,26.4712,0,0,0,26.4712,0
59.3392,2.24558,0,0,1.60055,0.0631852,0.36288,3.6288,61.308,0.2057,0,0,0.614987,0.334433,0.0748542,0.66528,12.849,1,0.477626,0.36288,0,29.2955,6.11404,23.0667,0.84672,12.849,0.84672,3695.15,0,18.483,0.062014,0.388947,1.51093,3.06879,1.49555,3.4111,0.42336,0,0,18.483,0.42336,442.007,0,1.02816,0,0,1.41711,0.388947,1.028160,1,0,26.5526,0,0,0,26.5526,0
58.1729,2.23937,0,0,1.4985,0.062548,0.36288,3.6288,61.308,0.206089,0,0,0.593034,0.334433,0.052512,0.66528,12.849,1,0.484902,0.36288,0,27.4804,6.11404,21.2443,0.84672,12.849,0.84672,3695.15,0,18.483,0.0621312,0.399012,1.51152,3.17416,1.49555,3.52701,0.42336,0,0,18.483,0.42336,442.007,0,1.02816,0,0,1.42717,0.399012,1.028160,1,0,24.8238,0,0,0,24.8238,0
56.8408,2.23228,0,0,1.32495,0.0618459,0.36288,3.6288,61.308,0.206478,0,0,0.558279,0.334433,0.017368,0.66528,12.849,1,0.493057,0.36288,0,25.9591,6.11404,19.7148,0.84672,12.849,0.84672,3695.15,0,18.483,0.0622484,0.251156,1.51211,2.97775,1.49555,3.18322,0.42336,0,0,18.483,0.42336,442.007,0,1.02816,0,0,1.27932,0.251156,1.028160,1,0,22.9154,0,0,0,22.9154,0
55.2506,2.37224,0,0,1.1973,0.0524272,0.36288,3.6288,61.2174,0.303765,0,0,0.552762,0.339613,0,0.66528,12.849,1,0.536249,0.36288,0,24.6072,6.26359,18.1703,0.84672,12.849,0.84672,3695.15,0,18.483,0.0915785,0.227405,1.5127,2.97116,1.52543,3.09425,0.42336,0,0,18.483,0.42336,442.007,0,1.01375,0,0,1.24115,0.227405,1.028160,1,0,21.2645,0,0,0,21.2645,0
53.8189,2.36063,0,0,1.31904,0.0271866,0.36288,3.6288,60.9909,0.399746,0,0,0.50016,0.326946,0,0.66528,12.849,1,0.548986,0.36288,0,20.9275,6.13546,14.606,0.84672,12.849,0.84672,3695.15,0,18.483,0.120693,0.227405,1.63371,3.11608,1.58633,3.27017,0.42336,0,0,18.483,0.42336,442.007,0,0.889203,0,0,1.11661,0.227405,1.028160,1,0,17.8761,0,0,0,17.8761,0
52.6206,2.34976,0,0,1.53573,0.0213929,0.36288,3.6288,60.9652,0.293184,0,0,0.59278,0.325264,0,0.66528,12.849,1,0.560994,0.36288,0,24.6066,6.13904,18.2695,0.84672,12.849,0.84672,3695.15,0,18.483,0.0888481,0.321529,1.63435,3.23072,1.60146,3.49629,0.42336,0,0,18.483,0.42336,442.007,0,1.02816,0,0,1.34969,0.321529,1.028160,1,0,21.7658,0,0,0,21.7658,0
51.1139,2.34041,0,0,1.21767,0.0211323,0.36288,3.6288,60.6233,0.461554,0,0,0.444931,0.325211,0,0.66528,12.849,1,0.571485,0.36288,0,27.019,6.13904,20.6714,0.84672,12.849,0.84672,3695.15,0,18.483,0.139931,0.204422,1.63499,2.59403,1.60146,2.69205,0.42336,0,0,18.483,0.42336,442.007,0,0.809257,0,0,1.01368,0.204422,1.028160,1,0,23.3634,0,0,0,23.3634,0
49.8824,2.32785,0,0,1.48003,0.0208047,0.36288,3.6288,60.7206,0.293615,0,0,0.715327,0.324507,0,0.66528,12.849,1,0.585175,0.36288,0,23.5522,6.13904,17.1909,0.84672,12.849,0.84672,3695.15,0,18.483,0.089518,0.652467,1.63563,3.73767,1.60146,4.33479,0.42336,0,0,18.483,0.42336,442.007,0,1.02816,0,0,1.68063,0.652467,1.028160,1,0,21.5257,0,0,0,21.5257,0
48.7254,2.24657,0,0,1.46042,0.00793916,0.36288,3.6288,60.5789,0.400257,0,0,0.54302,0.284439,0,0.66528,12.849,1,0.578684,0.36288,0,25.1115,5.58457,19.3111,0.84672,12.849,0.84672,3695.15,0,18.483,0.121836,0.204422,1.63627,3.2912,1.48406,3.526,0.42336,0,0,18.483,0.42336,442.007,0,0.821819,0,0,1.02624,0.204422,1.028160,1,0,22.8371,0,0,0,22.8371,0
47.5877,2.23656,0,0,1.4602,-0.00149054,0.36288,3.6288,60.9392,0.242338,0,0,0.856635,0.25401,0,0.66528,12.849,1,0.589787,0.36288,0,25.366,5.16873,19.9704,0.84672,12.849,0.84672,3695.15,0,18.483,0.0739389,0.590561,1.56776,3.61128,1.396,4.29966,0.42336,0,0,18.483,0.42336,442.007,0,1.02816,0,0,1.61872,0.590561,1.028160,1,0,24.27,0,0,0,24.27,0
46.2381,2.22633,0,0,1.23815,-0.00147218,0.36288,3.6288,60.608,0.541653,0,0,0.465076,0.254591,0,0.66528,12.849,1,0.601124,0.36288,0,25.3306,5.16873,19.9236,0.84672,12.849,0.84672,3695.15,0,18.483,0.164285,0.216518,1.56837,2.67113,1.396,2.89573,0.42336,0,0,18.483,0.42336,442.007,0,0.639023,0,0,0.855541,0.216518,1.028160,1,0,22.8193,0,0,0,22.8193,0
45.0878,2.21346,0,0,1.45548,0.0294362,0.36288,3.6288,60.3318,0.524789,0,0,0.47251,0.223868,0,0.66528,12.849,1,0.615094,0.36288,0,25.5154,4.75347,20.5097,0.84672,12.849,0.84672,3695.15,0,18.483,0.160039,0.216518,1.56898,2.78949,1.26621,3.14875,0.42336,0,0,18.483,0.42336,442.007,0,0.660658,0,0,0.877176,0.216518,1.028160,1,0,23.6585,0,0,0,23.6585,0
46.9782,2.14522,0,0,4.50949,0.11096,0.36288,3.6288,61.1599,0.195904,0,0,1.17098,0.147007,0,0.66528,12.849,1,0.61134,0.36288,0,83.0695,3.70256,79.1184,0.84672,12.849,0.84672,3695.15,0,18.483,0.0600163,0.402261,1.56959,8.13122,0.926332,9.11672,0.42336,0,0,18.483,0.42336,442.007,0,1.02816,0,0,1.43042,0.402261,1.028160,1,0,88.2352,0,0,0,88.2352,0
49.7071,2.16538,0,0,5.40519,0.148082,0.36288,3.6288,61.308,0.196912,0,0,1.70575,0.140961,1.2198,0.66528,12.849,1,0.592253,0.36288,0,99.9942,3.62597,96.1388,0.84672,12.849,0.84672,3695.15,0,18.483,0.0595084,1.47865,1.50866,8.67168,0.834015,10.7655,0.42336,0,0,18.483,0.42336,442.007,0,1.02816,0,0,2.50681,1.47865,1.028160,1,0,108.124,0,0,0,108.124,0
53.0498,2.19207,0,0,6.05019,0.152538,0.36288,3.6288,61.308,0.197407,0,0,2.34938,0.141093,2.01088,0.66528,12.849,1,0.566638,0.36288,0,90.9749,3.62597,87.1452,0.84672,12.849,0.84672,3695.15,0,18.483,0.0595139,1.91241,1.50925,9.79906,0.834015,12.3272,0.42336,0,0,18.483,0.42336,442.007,0,1.02816,0,0,2.94057,1.91241,1.028160,1,0,101.483,0,0,0,101.483,0
55.333,2.22168,0,0,5.02578,0.157947,0.36288,3.6288,61.308,0.197792,0,0,1.59808,0.141093,1.2592,0.66528,12.849,1,0.538105,0.36288,0,138.788,3.62597,134.987,0.84672,12.849,0.84672,3695.15,0,18.483,0.0596299,1.32627,1.50984,13.4666,0.834015,15.409,0.42336,0,0,18.483,0.42336,442.007,0,1.02816,0,0,2.35443,1.32627,1.028160,1,0,151.655,0,0,0,151.655,0
58.1413,2.07183,0,0,5.43352,0.190514,0.36288,3.6288,61.308,0.0989182,0,0,1.43822,0.134191,1.20511,0.66528,12.849,1,0.481104,0.36288,0,146.905,4.18541,142.601,0.84672,12.849,0.84672,3695.15,0,18.483,0.0298216,1.25799,1.51042,11.2447,0.953549,13.0297,0.42336,0,0,18.483,0.42336,442.007,0,1.02816,0,0,2.28615,1.25799,1.028160,1,0,156.836,0,0,0,156.836,0
60.5348,2.09168,0,0,5.03958,0.191582,0.36288,3.6288,61.308,0.0992644,0,0,1.7178,0.191358,1.42718,0.66528,12.849,1,0.462252,0.36288,0,186.074,3.90618,182.069,0.84672,12.849,0.84672,3695.15,0,18.483,0.029926,1.49992,1.37224,10.4083,0.9913,12.2593,0.42336,0,0,18.483,0.42336,442.007,0,1.02816,0,0,2.52808,1.49992,1.028160,1,0,195.755,0,0,0,195.755,0
63.4026,2.10757,0,0,5.52175,0.18349,0.36288,3.6288,61.308,0.0996105,0,0,2.0472,0.194915,1.75268,0.66528,12.849,1,0.44735,0.36288,0,156.624,3.21573,153.324,0.84672,12.849,0.84672,3695.15,0,18.483,0.0300304,1.86339,1.37278,11.9874,0.932181,14.2613,0.42336,0,0,18.483,0.42336,442.007,0,1.02816,0,0,2.89155,1.86339,1.028160,1,0,169.338,0,0,0,169.338,0
64.711,2.12523,0,0,4.08536,0.288801,0.36288,3.6288,61.308,0.0999569,0,0,1.63953,0.156673,1.3829,0.66528,12.849,1,0.430693,0.36288,0,71.4242,3.62145,67.7349,0.84672,12.849,0.84672,3695.15,0,18.483,0.0301348,1.36167,1.37331,8.70644,0.964378,10.4469,0.42336,0,0,18.483,0.42336,442.007,0,1.02816,0,0,2.38983,1.36167,1.028160,1,0,79.5647,0,0,0,79.5647,0
67.2211,2.13332,0,0,5.29816,0.291876,0.36288,3.6288,61.308,0.100303,0,0,2.37267,0.156673,2.1157,0.66528,12.849,1,0.423591,0.36288,0,130.82,3.62145,127.138,0.84672,12.849,0.84672,3695.15,0,18.483,0.0302392,1.52404,1.37384,11.5271,0.964378,13.4303,0.42336,0,0,18.483,0.42336,442.007,0,1.02816,0,0,2.5522,1.52404,1.028160,1,0,142.684,0,0,0,142.684,0
71.7206,2.21469,0,0,7.3643,0.287211,0.36288,3.6288,61.308,0.129439,0,0,3.42984,0.198955,3.10144,0.66528,12.849,1,0.423327,0.36288,0,135.105,3.9713,131.073,0.84672,12.849,0.84672,3695.15,0,18.483,0.0390229,2.75066,1.37438,13.825,1.00134,16.9097,0.42336,0,0,18.483,0.42336,442.007,0,1.02816,0,0,3.77882,2.75066,1.028160,1,0,151.084,0,0,0,151.084,0
72.29,2.23805,0,0,8.0905,0.256078,5.027,3.6288,61.308,0.129784,0,0,3.23088,0.254827,2.84627,0.66528,12.849,1,0.400954,5.027,0,157.541,3.82515,158.342,0.84672,12.849,0.84672,3695.15,0,18.483,0.0391269,3.13262,1.41887,14.7957,0.956335,18.3518,0.42336,0,0,18.483,0.42336,442.007,0,1.02816,0,0,4.16078,3.13262,1.028160,1,0,179.54,0,0,0,179.54,0
72.29,2.24157,0,0,6.82173,0.257189,4.32297,3.6288,61.308,0.130129,0,0,2.62364,0.254827,2.23868,0.66528,12.849,1,0.398422,4.32297,0,146.896,3.82515,146.995,0.84672,12.849,0.84672,3695.15,0,18.483,0.039231,2.85058,1.41941,11.9143,0.956335,15.1887,0.42336,0,0,18.483,0.42336,442.007,0,1.02816,0,0,3.87874,2.85058,1.028160,1,0,164.422,0,0,0,164.422,0
72.29,2.24241,0,0,4.8874,0.257189,2.3878,3.6288,61.308,0.130474,0,0,1.87476,0.254827,1.48946,0.66528,12.849,1,0.398572,2.3878,0,120.154,3.83166,118.311,0.84672,12.849,0.84672,3695.15,0,18.483,0.039335,1.8923,1.41994,9.92719,0.956335,12.2438,0.42336,0,0,18.483,0.42336,442.007,0,1.02816,0,0,2.92046,1.8923,1.028160,1,0,132.045,0,0,0,132.045,0
72.29,2.46206,0,0,5.75031,0.257189,3.03106,3.6288,61.308,0.239087,0,0,2.2859,0.254827,1.79199,0.66528,12.849,1,0.437612,3.03106,0,96.7343,3.82515,95.5026,0.84672,12.849,0.84672,3695.15,0,18.483,0.0720795,2.57578,1.42047,11.3833,0.956335,14.3511,0.42336,0,0,18.483,0.42336,442.007,0,1.02816,0,0,3.60394,2.57578,1.028160,1,0,111.646,0,0,0,111.646,0
72.29,2.46298,0,0,5.10602,0.324676,2.31837,3.6288,61.308,0.239473,0,0,1.81264,0.242412,1.33075,0.66528,12.849,1,0.437776,2.31837,0,89.6201,3.89487,87.6058,0.84672,12.849,0.84672,3695.15,0,18.483,0.0721958,1.65229,1.57816,8.21102,0.930986,10.4383,0.42336,0,0,18.483,0.42336,442.007,0,1.02816,0,0,2.68045,1.65229,1.028160,1,0,99.3749,0,0,0,99.3749,0
72.29,2.4639,0,0,4.2458,0.324676,1.45722,3.6288,61.308,0.239859,0,0,1.92845,0.242412,1.44618,0.66528,12.849,1,0.43794,1.45722,0,99.5302,3.89487,96.6546,0.84672,12.849,0.84672,3695.15,0,18.483,0.0723122,1.89058,1.57875,8.53589,0.930986,11.0019,0.42336,0,0,18.483,0.42336,442.007,0,1.02816,0,0,2.91874,1.89058,1.028160,1,0,109.103,0,0,0,109.103,0
72.29,2.46483,0,0,5.84609,0.32835,3.05292,3.6288,61.308,0.240245,0,0,1.9398,0.234516,1.46504,0.66528,12.849,1,0.438104,3.05292,0,100.521,3.75965,99.3764,0.84672,12.849,0.84672,3695.15,0,18.483,0.0724286,1.88154,1.57935,10.3117,0.903268,12.7969,0.42336,0,0,18.483,0.42336,442.007,0,1.02816,0,0,2.9097,1.88154,1.028160,1,0,113.638,0,0,0,113.638,0
72.29,2.1532,0,0,5.82092,0.350397,3.31733,3.6288,61.308,0.0951162,0,0,2.47215,0.187144,2.18989,0.66528,12.849,1,0.382715,3.31733,0,122.387,2.94829,122.374,0.84672,12.849,0.84672,3695.15,0,18.483,0.0286754,2.49655,1.57994,13.71,0.736964,17.0208,0.42336,0,0,18.483,0.42336,442.007,0,1.02816,0,0,3.52471,2.49655,1.028160,1,0,141.584,0,0,0,141.584,0
72.29,2.15401,0,0,9.66453,0.335591,7.17493,3.6288,61.308,0.0954479,0,0,8.0727,0.169115,7.80814,0.66528,12.849,1,0.382858,7.17493,0,183.533,3.20243,187.123,0.84672,12.849,0.84672,3695.15,0,18.483,0.0287754,4.99757,1.36523,19.911,0.822666,25.4223,0.42336,0,0,18.483,0.42336,442.007,0,1.02816,0,0,6.02573,4.99757,1.028160,1,0,220.354,0,0,0,220.354,0
72.29,2.15481,0,0,8.06043,0.330695,5.57492,3.6288,61.308,0.0957797,0,0,7.50021,0.172388,7.23204,0.66528,12.849,1,0.383002,5.57492,0,142.29,3.22854,144.254,0.84672,12.849,0.84672,3695.15,0,18.483,0.0288755,4.14016,1.36574,16.8721,0.821055,21.5281,0.42336,0,0,18.483,0.42336,442.007,0,1.02816,0,0,5.16832,4.14016,1.028160,1,0,173.014,0,0,0,173.014,0
72.29,2.15562,0,0,7.60329,0.330695,5.11697,3.6288,61.308,0.0961115,0,0,6.73695,0.172388,6.46845,0.66528,12.849,1,0.383145,5.11697,0,130.529,3.22854,132.034,0.84672,12.849,0.84672,3695.15,0,18.483,0.0289755,4.86922,1.36625,17.156,0.821055,22.5415,0.42336,0,0,18.483,0.42336,442.007,0,1.02816,0,0,5.89738,4.86922,1.028160,1,0,161.044,0,0,0,161.044,0
72.29,2.15643,0,0,11.1001,0.330695,8.61294,3.6288,61.308,0.0964434,0,0,8.2652,0.172388,7.99637,0.66528,12.849,1,0.383289,8.61294,0,188.069,3.22854,193.071,0.84672,12.849,0.84672,3695.15,0,18.483,0.0290755,5.3771,1.36676,22.0669,0.821055,27.9606,0.42336,0,0,18.483,0.42336,442.007,0,1.02816,0,0,6.40526,5.3771,1.028160,1,0,229.028,0,0,0,229.028,0
72.29,2.23606,0,0,7.65424,0.329967,5.08822,3.6288,61.308,0.132441,0,0,5.15694,0.165583,4.85892,0.66528,12.849,1,0.397442,5.08822,0,119.686,3.53063,120.847,0.84672,12.849,0.84672,3695.15,0,18.483,0.0399279,3.39031,1.36728,15.3167,0.876296,19.1581,0.42336,0,0,18.483,0.42336,442.007,0,1.02816,0,0,4.41847,3.39031,1.028160,1,0,144.864,0,0,0,144.864,0
72.29,2.23689,0,0,6.35828,0.330616,3.79077,3.6288,61.308,0.132786,0,0,4.53976,0.170502,4.23647,0.66528,12.849,1,0.397591,3.79077,0,105.433,3.91409,104.912,0.84672,12.849,0.84672,3695.15,0,18.483,0.040032,2.72532,1.42105,13.3338,0.944598,16.4955,0.42336,0,0,18.483,0.42336,442.007,0,1.02816,0,0,3.75348,2.72532,1.028160,1,0,125.644,0,0,0,125.644,0
72.29,2.23773,0,0,5.55597,0.330616,2.98762,3.6288,61.308,0.133131,0,0,5.76868,0.170502,5.46504,0.66528,12.849,1,0.39774,2.98762,0,67.5918,3.91409,66.2676,0.84672,12.849,0.84672,3695.15,0,18.483,0.0401362,2.52127,1.42158,12.9378,0.944598,15.8959,0.42336,0,0,18.483,0.42336,442.007,0,1.02816,0,0,3.54943,2.52127,1.028160,1,0,87.6285,0,0,0,87.6285,0
72.29,2.23857,0,0,4.88144,0.330616,2.31225,3.6288,61.308,0.133477,0,0,4.04504,0.170502,3.74106,0.66528,12.849,1,0.397889,2.31225,0,75.3633,3.91409,73.3635,0.84672,12.849,0.84672,3695.15,0,18.483,0.0402403,1.86898,1.42211,11.4427,0.944598,13.749,0.42336,0,0,18.483,0.42336,442.007,0,1.02816,0,0,2.89714,1.86898,1.028160,1,0,90.8536,0,0,0,90.8536,0
72.29,2.20854,0,0,4.66526,0.293232,2.16349,3.6288,61.308,0.11995,0,0,2.84456,0.194889,2.52973,0.66528,12.849,1,0.392552,2.16349,0,79.202,3.91817,77.0548,0.84672,12.849,0.84672,3695.15,0,18.483,0.0361622,1.62412,1.42264,11.1759,0.983048,13.2035,0.42336,0,0,18.483,0.42336,442.007,0,1.02816,0,0,2.65228,1.62412,1.028160,1,0,92.788,0,0,0,92.788,0
72.29,2.20937,0,0,5.50104,0.262268,3.0294,3.6288,61.308,0.12029,0,0,1.94801,0.222552,1.60517,0.66528,12.849,1,0.392699,3.0294,0,78.8893,3.52118,78.0048,0.84672,12.849,0.84672,3695.15,0,18.483,0.0362649,1.66799,1.40241,9.56871,0.99902,11.6038,0.42336,0,0,18.483,0.42336,442.007,0,1.02816,0,0,2.69615,1.66799,1.028160,1,0,91.2138,0,0,0,91.2138,0
72.29,2.2102,0,0,4.33229,0.262268,1.85982,3.6288,61.308,0.120631,0,0,1.47553,0.222552,1.13235,0.66528,12.849,1,0.392846,1.85982,0,65.4489,3.52118,63.3947,0.84672,12.849,0.84672,3695.15,0,18.483,0.0363675,1.07346,1.40294,7.54091,0.99902,8.98192,0.42336,0,0,18.483,0.42336,442.007,0,1.02816,0,0,2.10162,1.07346,1.028160,1,0,73.5089,0,0,0,73.5089,0
72.29,2.21102,0,0,3.80577,0.262268,1.33248,3.6288,61.308,0.120972,0,0,1.42174,0.222552,1.07821,0.66528,12.849,1,0.392992,1.33248,0,60.824,3.52118,58.2423,0.84672,12.849,0.84672,3695.15,0,18.483,0.0364703,0.917551,1.40346,7.40007,0.99902,8.6856,0.42336,0,0,18.483,0.42336,442.007,0,1.02816,0,0,1.94571,0.917551,1.028160,1,0,68.0061,0,0,0,68.0061,0
72.29,2.31677,0,0,4.31576,0.262268,1.73672,3.6288,61.308,0.170582,0,0,1.48411,0.222552,1.09098,0.66528,12.849,1,0.411789,1.73672,0,68.2029,3.52118,66.0067,0.84672,12.849,0.84672,3695.15,0,18.483,0.0514268,0.77665,1.40399,8.56077,0.99902,9.69096,0.42336,0,0,18.483,0.42336,442.007,0,1.02816,0,0,1.80481,0.77665,1.028160,1,0,76.7886,0,0,0,76.7886,0
72.29,2.31764,0,0,4.42897,0.178911,1.93242,3.6288,61.308,0.170942,0,0,1.51558,0.242196,1.10244,0.66528,12.849,1,0.411943,1.93242,0,62.6443,3.9934,60.1714,0.84672,12.849,0.84672,3695.15,0,18.483,0.0515351,1.21076,1.47721,6.82776,1.07182,8.39238,0.42336,0,0,18.483,0.42336,442.007,0,1.02816,0,0,2.23892,1.21076,1.028160,1,0,69.6662,0,0,0,69.6662,0
72.29,2.31851,0,0,4.1178,0.165018,1.63427,3.6288,61.308,0.171301,0,0,1.4792,0.24547,1.06243,0.66528,12.849,1,0.412097,1.63427,0,60.171,4.07211,57.3211,0.84672,12.849,0.84672,3695.15,0,18.483,0.0516434,0.935479,1.47777,6.4046,1.08395,7.68225,0.42336,0,0,18.483,0.42336,442.007,0,1.02816,0,0,1.96364,0.935479,1.028160,1,0,66.0658,0,0,0,66.0658,0
72.29,2.31937,0,0,3.74212,0.165018,1.25773,3.6288,61.308,0.17166,0,0,1.41733,0.24547,1.0002,0.66528,12.849,1,0.412251,1.25773,0,57.2069,4.07211,53.9803,0.84672,12.849,0.84672,3695.15,0,18.483,0.0517518,0.662472,1.47832,6.24046,1.08395,7.24555,0.42336,0,0,18.483,0.42336,442.007,0,1.02816,0,0,1.69063,0.662472,1.028160,1,0,62.226,0,0,0,62.226,0
72.29,2.32024,0,0,3.2898,0.165018,0.804543,3.6288,61.308,0.17202,0,0,1.28143,0.24547,0.863943,0.66528,12.849,1,0.412405,0.804543,0,48.9701,4.07211,45.2902,0.84672,12.849,0.84672,3695.15,0,18.483,0.0518602,0.524681,1.47887,5.89649,1.08395,6.76423,0.42336,0,0,18.483,0.42336,442.007,0,1.02816,0,0,1.55284,0.524681,1.028160,1,0,52.9183,0,0,0,52.9183,0
72.2536,2.30032,0,0,2.76064,0.133841,0.36288,3.6288,61.308,0.19951,0,0,1.14449,0.262493,0.682486,0.66528,12.849,1,0.408864,0.36288,0,36.5472,4.53375,31.9675,0.84672,12.849,0.84672,3695.15,0,18.483,0.0601478,0.773159,1.47942,5.02923,1.19695,6.02472,0.42336,0,0,18.483,0.42336,442.007,0,1.02816,0,0,1.80132,0.773159,1.028160,1,0,38.6747,0,0,0,38.6747,0
71.9048,2.301,0,0,2.42549,0.110427,0.36288,3.6288,61.308,0.19988,0,0,1.06327,0.27526,0.588133,0.66528,12.849,1,0.409192,0.36288,0,29.8146,4.87998,24.8883,0.84672,12.849,0.84672,3695.15,0,18.483,0.0602592,0.941855,1.50267,4.76323,1.2817,5.8658,0.42336,0,0,18.483,0.42336,442.007,0,1.02816,0,0,1.97002,0.941855,1.028160,1,0,31.3422,0,0,0,31.3422,0
71.3492,2.30018,0,0,2.21759,0.110135,0.36288,3.6288,61.308,0.200249,0,0,1.03777,0.27526,0.562258,0.66528,12.849,1,0.41103,0.36288,0,29.3935,4.87998,24.4654,0.84672,12.849,0.84672,3695.15,0,18.483,0.0603707,0.978013,1.50323,4.70469,1.2817,5.84386,0.42336,0,0,18.483,0.42336,442.007,0,1.02816,0,0,2.00617,0.978013,1.028160,1,0,30.8715,0,0,0,30.8715,0
70.605,2.29832,0,0,2.0267,0.109669,0.36288,3.6288,61.308,0.200619,0,0,0.970453,0.27526,0.494574,0.66528,12.849,1,0.413896,0.36288,0,27.6474,4.87998,22.7164,0.84672,12.849,0.84672,3695.15,0,18.483,0.0604823,0.686336,1.50379,4.47689,1.2817,5.32483,0.42336,0,0,18.483,0.42336,442.007,0,1.02816,0,0,1.7145,0.686336,1.028160,1,0,28.5358,0,0,0,28.5358,0
69.7149,2.34906,0,0,1.91389,0.0920681,0.36288,3.6288,61.308,0.225205,0,0,0.913706,0.31561,0.372891,0.66528,12.849,1,0.427492,0.36288,0,25.4338,5.44691,19.9223,0.84672,12.849,0.84672,3695.15,0,18.483,0.0678942,0.679622,1.50435,4.23757,1.47515,4.8785,0.42336,0,0,18.483,0.42336,442.007,0,1.02816,0,0,1.70778,0.679622,1.028160,1,0,25.1737,0,0,0,25.1737,0
69.04,2.34533,0,0,2.12165,0.0882849,0.36288,3.6288,61.308,0.225584,0,0,0.863577,0.327358,0.310635,0.66528,12.849,1,0.432263,0.36288,0,25.4263,5.88431,19.4726,0.84672,12.849,0.84672,3695.15,0,18.483,0.0680085,0.768709,1.54113,3.92739,1.55389,4.61533,0.42336,0,0,18.483,0.42336,442.007,0,1.02816,0,0,1.79687,0.768709,1.028160,1,0,24.3986,0,0,0,24.3986,0
68.1551,2.34264,0,0,1.90839,0.0878238,0.36288,3.6288,61.308,0.225963,0,0,0.810009,0.327358,0.256688,0.66528,12.849,1,0.435988,0.36288,0,23.963,5.88431,18.0055,0.84672,12.849,0.84672,3695.15,0,18.483,0.0681228,0.711314,1.54171,4.00934,1.55389,4.64035,0.42336,0,0,18.483,0.42336,442.007,0,1.02816,0,0,1.73947,0.711314,1.028160,1,0,22.9026,0,0,0,22.9026,0
67.103,2.33875,0,0,1.73673,0.0872192,0.36288,3.6288,61.308,0.226342,0,0,0.777099,0.327358,0.223399,0.66528,12.849,1,0.440915,0.36288,0,22.5073,5.88431,16.5449,0.84672,12.849,0.84672,3695.15,0,18.483,0.0682372,0.54699,1.54228,3.72737,1.55389,4.19451,0.42336,0,0,18.483,0.42336,442.007,0,1.02816,0,0,1.57515,0.54699,1.028160,1,0,20.9629,0,0,0,20.9629,0
65.6817,2.48969,0,0,1.50281,0.0715589,0.36288,3.6288,61.308,0.314257,0,0,0.773842,0.334424,0.125161,0.66528,12.849,1,0.47673,0.36288,0,21.4745,6.12612,15.2346,0.84672,12.849,0.84672,3695.15,0,18.483,0.0947414,0.529727,1.54286,3.77711,1.58394,4.17102,0.42336,0,0,18.483,0.42336,442.007,0,1.02816,0,0,1.55789,0.529727,1.028160,1,0,19.5308,0,0,0,19.5308,0
64.5138,2.48198,0,0,1.75023,0.0732468,0.36288,3.6288,61.308,0.314669,0,0,0.748716,0.328466,0.105582,0.66528,12.849,1,0.485539,0.36288,0,20.303,5.9505,14.2299,0.84672,12.849,0.84672,3695.15,0,18.483,0.0948656,0.363347,1.66625,3.46353,1.4609,3.93736,0.42336,0,0,18.483,0.42336,442.007,0,1.02816,0,0,1.39151,0.363347,1.028160,1,0,18.2728,0,0,0,18.2728,0
63.6469,2.47558,0,0,2.03814,0.0665539,0.36288,3.6288,61.308,0.315081,0,0,0.810311,0.324734,0.170497,0.66528,12.849,1,0.493053,0.36288,0,21.89,5.97471,15.7852,0.84672,12.849,0.84672,3695.15,0,18.483,0.0949899,0.493223,1.66688,3.09396,1.48042,3.67865,0.42336,0,0,18.483,0.42336,442.007,0,1.02816,0,0,1.52138,0.493223,1.028160,1,0,19.6343,0,0,0,19.6343,0
62.4254,2.47091,0,0,1.67838,0.0660887,0.36288,3.6288,61.308,0.315493,0,0,0.705275,0.324734,0.0650477,0.66528,12.849,1,0.498826,0.36288,0,27.175,5.97471,21.0644,0.84672,12.849,0.84672,3695.15,0,18.483,0.0951142,0.316146,1.6675,2.76029,1.48042,3.1684,0.42336,0,0,18.483,0.42336,442.007,0,1.02816,0,0,1.34431,0.316146,1.028160,1,0,24.2978,0,0,0,24.2978,0
61.3901,2.46374,0,0,1.85671,0.0654332,0.36288,3.6288,61.308,0.315906,0,0,0.968807,0.324734,0.328167,0.66528,12.849,1,0.50711,0.36288,0,23.2991,5.97471,17.1801,0.84672,12.849,0.84672,3695.15,0,18.483,0.0952386,0.731652,1.66812,3.29859,1.48042,4.1227,0.42336,0,0,18.483,0.42336,442.007,0,1.02816,0,0,1.75981,0.731652,1.028160,1,0,21.631,0,0,0,21.631,0
60.4354,2.3826,0,0,1.85877,0.067977,0.36288,3.6288,61.308,0.263089,0,0,1.01744,0.316424,0.437925,0.66528,12.849,1,0.49868,0.36288,0,31.2407,5.85568,25.2492,0.84672,12.849,0.84672,3695.15,0,18.483,0.0793154,0.800384,1.66874,3.64994,1.38166,4.65809,0.42336,0,0,18.483,0.42336,442.007,0,1.02816,0,0,1.82854,0.800384,1.028160,1,0,30.3452,0,0,0,30.3452,0
59.6634,2.37699,0,0,2.03943,0.0715401,0.36288,3.6288,61.308,0.263481,0,0,1.77051,0.305345,1.20168,0.66528,12.849,1,0.505365,0.36288,0,36.7852,5.69698,30.9458,0.84672,12.849,0.84672,3695.15,0,18.483,0.0794338,1.25645,1.59885,3.76195,1.24999,5.28783,0.42336,0,0,18.483,0.42336,442.007,0,1.02816,0,0,2.28461,1.25645,1.028160,1,0,37.4353,0,0,0,37.4353,0
58.6461,2.37249,0,0,1.78911,0.0710247,0.36288,3.6288,61.308,0.263874,0,0,1.30204,0.305345,0.73282,0.66528,12.849,1,0.510935,0.36288,0,33.6487,5.69698,27.8036,0.84672,12.849,0.84672,3695.15,0,18.483,0.0795523,0.993349,1.59945,3.31956,1.24999,4.58281,0.42336,0,0,18.483,0.42336,442.007,0,1.02816,0,0,2.02151,0.993349,1.028160,1,0,33.1192,0,0,0,33.1192,0
57.522,2.3661,0,0,1.71533,0.110453,0.36288,3.6288,61.308,0.264267,0,0,1.20965,0.27551,0.669875,0.66528,12.849,1,0.518398,0.36288,0,25.2934,5.25042,19.8875,0.84672,12.849,0.84672,3695.15,0,18.483,0.0796707,0.800263,1.60004,4.56939,1.1013,5.78873,0.42336,0,0,18.483,0.42336,442.007,0,1.02816,0,0,1.82842,0.800263,1.028160,1,0,26.3461,0,0,0,26.3461,0
59.5204,2.29777,0,0,4.70501,0.0459257,0.36288,3.6288,61.308,0.216136,0,0,1.94746,0.318365,1.41296,0.66528,12.849,1,0.513265,0.36288,0,29.5479,6.09935,23.2982,0.84672,12.849,0.84672,3695.15,0,18.483,0.0651601,1.93342,1.60064,9.19446,1.12457,11.5388,0.42336,0,0,18.483,0.42336,442.007,0,1.02816,0,0,2.96158,1.93342,1.028160,1,0,36.25,0,0,0,36.25,0
59.5177,2.31281,0,0,2.84585,0.172944,0.36288,3.6288,61.308,0.216511,0,0,0.879284,0.21177,0.451003,0.66528,12.849,1,0.499278,0.36288,0,32.5628,4.79745,27.6289,0.84672,12.849,0.84672,3695.15,0,18.483,0.0652732,0.291712,1.53847,4.11851,1.09653,4.78689,0.42336,0,0,18.483,0.42336,442.007,0,1.02816,0,0,1.31987,0.291712,1.028160,1,0,32.8668,0,0,0,32.8668,0
59.0211,2.31365,0,0,2.3529,0.172939,0.36288,3.6288,61.308,0.216886,0,0,0.757624,0.21177,0.328968,0.66528,12.849,1,0.499483,0.36288,0,26.1149,4.79745,21.1809,0.84672,12.849,0.84672,3695.15,0,18.483,0.0653863,0.404611,1.53905,3.99493,1.09653,4.77667,0.42336,0,0,18.483,0.42336,442.007,0,1.02816,0,0,1.43277,0.404611,1.028160,1,0,26.2865,0,0,0,26.2865,0
62.1578,2.31106,0,0,5.98279,0.172114,0.36288,3.6288,61.308,0.217261,0,0,2.42561,0.21177,1.99658,0.66528,12.849,1,0.503121,0.36288,0,72.8589,4.79745,67.9212,0.84672,12.849,0.84672,3695.15,0,18.483,0.0654994,3.33165,1.53962,9.33621,1.09653,13.0455,0.42336,0,0,18.483,0.42336,442.007,0,1.02816,0,0,4.35981,3.33165,1.028160,1,0,82.9632,0,0,0,82.9632,0
66.48,2.15727,0,0,7.04022,0.197948,0.36288,3.6288,61.308,0.116423,0,0,3.12861,0.196108,2.81608,0.66528,12.849,1,0.445941,0.36288,0,86.9289,4.5798,82.266,0.84672,12.849,0.84672,3695.15,0,18.483,0.035099,1.81588,1.54019,9.4589,1.03488,11.745,0.42336,0,0,18.483,0.42336,442.007,0,1.02816,0,0,2.84404,1.81588,1.028160,1,0,96.8271,0,0,0,96.8271,0
71.9569,2.18238,0,0,8.25746,0.235244,0.36288,3.6288,61.308,0.116761,0,0,3.07225,0.168609,2.78688,0.66528,12.849,1,0.421802,0.36288,0,125.803,3.9297,121.815,0.84672,12.849,0.84672,3695.15,0,18.483,0.0352008,1.94946,1.39926,9.771,0.88919,12.1953,0.42336,0,0,18.483,0.42336,442.007,0,1.02816,0,0,2.97762,1.94946,1.028160,1,0,136.797,0,0,0,136.797,0
72.29,2.21044,0,0,6.47025,0.235406,3.69133,3.6288,61.308,0.117099,0,0,2.04353,0.173272,1.75316,0.66528,12.849,1,0.394708,3.69133,0,104.133,3.88731,103.542,0.84672,12.849,0.84672,3695.15,0,18.483,0.0353026,1.94298,1.39979,10.5528,0.892567,12.9677,0.42336,0,0,18.483,0.42336,442.007,0,1.02816,0,0,2.97114,1.94298,1.028160,1,0,118.263,0,0,0,118.263,0
72.29,2.21281,0,0,6.08555,0.245369,3.62737,3.6288,61.308,0.117436,0,0,2.88826,0.182476,2.58834,0.66528,12.849,1,0.39331,3.62737,0,122.209,3.97545,121.468,0.84672,12.849,0.84672,3695.15,0,18.483,0.0354045,2.57501,1.40031,11.6066,0.921853,14.6247,0.42336,0,0,18.483,0.42336,442.007,0,1.02816,0,0,3.60317,2.57501,1.028160,1,0,138.681,0,0,0,138.681,0
72.29,2.21363,0,0,9.28845,0.301565,6.77325,3.6288,61.308,0.117774,0,0,6.45954,0.237704,6.10406,0.66528,12.849,1,0.393456,6.77325,0,143.061,4.50429,144.937,0.84672,12.849,0.84672,3695.15,0,18.483,0.0355064,3.12934,1.40083,12.785,1.09757,16.182,0.42336,0,0,18.483,0.42336,442.007,0,1.02816,0,0,4.1575,3.12934,1.028160,1,0,167.223,0,0,0,167.223,0
72.29,2.28381,0,0,13.6305,0.298186,11.0485,3.6288,61.308,0.147466,0,0,6.11284,0.231759,5.73362,0.66528,12.849,1,0.40593,11.0485,0,241.043,4.57035,247.115,0.84672,12.849,0.84672,3695.15,0,18.483,0.0444577,3.0685,1.40135,14.2309,1.11698,17.5393,0.42336,0,0,18.483,0.42336,442.007,0,1.02816,0,0,4.09666,3.0685,1.028160,1,0,270.388,0,0,0,270.388,0
72.29,2.28463,0,0,9.7664,0.245627,7.23614,3.6288,61.308,0.147802,0,0,3.13719,0.205383,2.78401,0.66528,12.849,1,0.406075,7.23614,0,190.968,3.91839,193.88,0.84672,12.849,0.84672,3695.15,0,18.483,0.0445591,4.83051,1.44669,10.5104,0.98977,15.7533,0.42336,0,0,18.483,0.42336,442.007,0,1.02816,0,0,5.85867,4.83051,1.028160,1,0,212.417,0,0,0,212.417,0
72.29,2.28545,0,0,5.77,0.241691,3.24286,3.6288,61.308,0.148138,0,0,1.5297,0.234968,1.1466,0.66528,12.849,1,0.406221,3.24286,0,120.619,4.1722,119.283,0.84672,12.849,0.84672,3695.15,0,18.483,0.0446604,4.88582,1.44721,7.0791,0.987375,12.3801,0.42336,0,0,18.483,0.42336,442.007,0,1.02816,0,0,5.91398,4.88582,1.028160,1,0,132.81,0,0,0,132.81,0
72.29,2.28626,0,0,6.03332,0.263885,3.48317,3.6288,61.308,0.148475,0,0,1.43786,0.2563,1.03309,0.66528,12.849,1,0.406366,3.48317,0,121.742,4.62935,120.189,0.84672,12.849,0.84672,3695.15,0,18.483,0.0447618,4.7639,1.44773,6.7335,1.12998,11.7704,0.42336,0,0,18.483,0.42336,442.007,0,1.02816,0,0,5.79206,4.7639,1.028160,1,0,132.993,0,0,0,132.993,0
72.29,2.51016,0,0,5.83042,0.263885,3.05637,3.6288,61.308,0.259195,0,0,1.5673,0.2563,1.05181,0.66528,12.849,1,0.446162,3.05637,0,117.514,4.62935,115.494,0.84672,12.849,0.84672,3695.15,0,18.483,0.0781414,4.98735,1.44825,7.69159,1.12998,12.9191,0.42336,0,0,18.483,0.42336,442.007,0,1.02816,0,0,6.01551,4.98735,1.028160,1,0,129.465,0,0,0,129.465,0
72.29,2.51106,0,0,8.55464,0.260164,5.78341,3.6288,61.308,0.259571,0,0,2.38278,0.198056,1.92516,0.66528,12.849,1,0.446322,5.78341,0,242.437,4.61845,243.155,0.84672,12.849,0.84672,3695.15,0,18.483,0.0782548,4.815,1.609,11.5316,1.10429,16.7731,0.42336,0,0,18.483,0.42336,442.007,0,1.02816,0,0,5.84316,4.815,1.028160,1,0,261.854,0,0,0,261.854,0
72.29,2.51196,0,0,7.48157,0.259544,4.71006,3.6288,61.308,0.259947,0,0,2.38724,0.188349,1.93895,0.66528,12.849,1,0.446482,4.71006,0,178.095,4.61664,177.742,0.84672,12.849,0.84672,3695.15,0,18.483,0.0783681,4.62427,1.60957,11.1639,1.10001,16.2194,0.42336,0,0,18.483,0.42336,442.007,0,1.02816,0,0,5.65243,4.62427,1.028160,1,0,195.901,0,0,0,195.901,0
72.29,2.51286,0,0,8.05663,0.298379,5.24539,3.6288,61.308,0.260323,0,0,2.7246,0.193304,2.27097,0.66528,12.849,1,0.446642,5.24539,0,173.959,4.53744,174.22,0.84672,12.849,0.84672,3695.15,0,18.483,0.0784815,4.74483,1.61015,12.3446,1.07912,17.5419,0.42336,0,0,18.483,0.42336,442.007,0,1.02816,0,0,5.77299,4.74483,1.028160,1,0,194.033,0,0,0,194.033,0
72.29,2.19513,0,0,7.56792,0.35016,5.02264,3.6288,61.308,0.112351,0,0,1.97904,0.199912,1.66677,0.66528,12.849,1,0.390167,5.02264,0,202.432,4.43184,202.632,0.84672,12.849,0.84672,3695.15,0,18.483,0.0338712,3.25146,1.61073,9.39799,1.05127,13.175,0.42336,0,0,18.483,0.42336,442.007,0,1.02816,0,0,4.27962,3.25146,1.028160,1,0,217.474,0,0,0,217.474,0
72.29,2.19591,0,0,4.90998,0.298512,2.41556,3.6288,61.308,0.112674,0,0,2.18919,0.198608,1.87791,0.66528,12.849,1,0.390307,2.41556,0,102.565,4.56918,100.022,0.84672,12.849,0.84672,3695.15,0,18.483,0.0339686,3.17836,1.39181,10.421,1.08133,13.8759,0.42336,0,0,18.483,0.42336,442.007,0,1.02816,0,0,4.20652,3.17836,1.028160,1,0,115.775,0,0,0,115.775,0
72.29,2.1967,0,0,4.67333,0.289904,2.18673,3.6288,61.308,0.112997,0,0,2.79218,0.198391,2.48079,0.66528,12.849,1,0.390446,2.18673,0,98.6835,4.59207,95.8877,0.84672,12.849,0.84672,3695.15,0,18.483,0.0340661,2.97661,1.39231,8.42806,1.08634,11.6766,0.42336,0,0,18.483,0.42336,442.007,0,1.02816,0,0,4.00477,2.97661,1.028160,1,0,110.045,0,0,0,110.045,0
72.29,2.19748,0,0,8.04496,0.287856,5.55962,3.6288,61.308,0.11332,0,0,4.31499,0.18121,4.02046,0.66528,12.849,1,0.390586,5.55962,0,206.28,4.3231,207.126,0.84672,12.849,0.84672,3695.15,0,18.483,0.0341635,6.72313,1.39281,19.8786,1.04028,26.9201,0.42336,0,0,18.483,0.42336,442.007,0,1.02816,0,0,7.75129,6.72313,1.028160,1,0,238.066,0,0,0,238.066,0
72.29,2.19827,0,0,7.2176,0.285124,4.7342,3.6288,61.308,0.113644,0,0,3.44615,0.158302,3.17421,0.66528,12.849,1,0.390726,4.7342,0,197.061,3.96448,197.44,0.84672,12.849,0.84672,3695.15,0,18.483,0.034261,5.64235,1.39331,12.8834,0.978859,18.906,0.42336,0,0,18.483,0.42336,442.007,0,1.02816,0,0,6.67051,5.64235,1.028160,1,0,219.52,0,0,0,219.52,0
72.29,2.27941,0,0,6.50739,0.290295,3.93769,3.6288,61.308,0.150324,0,0,3.16003,0.172673,2.83703,0.66528,12.849,1,0.405147,3.93769,0,202.02,4.28547,201.267,0.84672,12.849,0.84672,3695.15,0,18.483,0.0453192,4.4693,1.39381,15.6658,1.01168,20.4719,0.42336,0,0,18.483,0.42336,442.007,0,1.02816,0,0,5.49746,4.4693,1.028160,1,0,224.576,0,0,0,224.576,0
72.29,2.28022,0,0,5.57961,0.297189,3.0022,3.6288,61.308,0.15066,0,0,2.42527,0.191835,2.08278,0.66528,12.849,1,0.405292,3.0022,0,119.674,4.71345,117.558,0.84672,12.849,0.84672,3695.15,0,18.483,0.0454207,3.68491,1.4486,11.0959,1.05545,15.1286,0.42336,0,0,18.483,0.42336,442.007,0,1.02816,0,0,4.71307,3.68491,1.028160,1,0,134.769,0,0,0,134.769,0
72.29,2.28104,0,0,4.77257,0.297189,2.19434,3.6288,61.308,0.150997,0,0,2.20312,0.191835,1.86029,0.66528,12.849,1,0.405437,2.19434,0,99.9544,4.71345,97.0299,0.84672,12.849,0.84672,3695.15,0,18.483,0.0455222,3.69837,1.44911,9.97972,1.05545,14.0262,0.42336,0,0,18.483,0.42336,442.007,0,1.02816,0,0,4.72653,3.69837,1.028160,1,0,112.916,0,0,0,112.916,0
72.29,2.28185,0,0,4.61813,0.284691,2.05159,3.6288,61.308,0.151333,0,0,2.04894,0.184729,1.71288,0.66528,12.849,1,0.405582,2.05159,0,85.9939,4.43808,83.2018,0.84672,12.849,0.84672,3695.15,0,18.483,0.0456237,3.20115,1.44963,9.57614,1.05145,13.1299,0.42336,0,0,18.483,0.42336,442.007,0,1.02816,0,0,4.22931,3.20115,1.028160,1,0,98.0446,0,0,0,98.0446,0
72.29,2.25121,0,0,4.90397,0.261396,2.39136,3.6288,61.308,0.137529,0,0,2.05061,0.171596,1.74148,0.66528,12.849,1,0.400136,2.39136,0,93.8079,3.76209,92.0371,0.84672,12.849,0.84672,3695.15,0,18.483,0.0414621,3.39542,1.45015,10.2215,1.04195,13.9836,0.42336,0,0,18.483,0.42336,442.007,0,1.02816,0,0,4.42358,3.39542,1.028160,1,0,107.762,0,0,0,107.762,0
72.29,2.25202,0,0,3.87821,0.293013,1.33318,3.6288,61.308,0.137861,0,0,1.6322,0.164012,1.33033,0.66528,12.849,1,0.400279,1.33318,0,70.956,3.13524,68.7537,0.84672,12.849,0.84672,3695.15,0,18.483,0.0415621,2.08411,1.42951,7.89204,0.946752,10.4173,0.42336,0,0,18.483,0.42336,442.007,0,1.02816,0,0,3.11227,2.08411,1.028160,1,0,80.5013,0,0,0,80.5013,0
72.29,2.25282,0,0,3.8724,0.253522,1.36606,3.6288,61.308,0.138193,0,0,1.54195,0.167074,1.23669,0.66528,12.849,1,0.400422,1.36606,0,70.0809,2.99138,68.0551,0.84672,12.849,0.84672,3695.15,0,18.483,0.0416621,2.13517,1.43002,6.35395,0.979962,8.89751,0.42336,0,0,18.483,0.42336,442.007,0,1.02816,0,0,3.16333,2.13517,1.028160,1,0,78.1893,0,0,0,78.1893,0
72.29,2.25363,0,0,3.34196,0.216952,0.871383,3.6288,61.308,0.138525,0,0,1.53552,0.206543,1.19045,0.66528,12.849,1,0.400565,0.871383,0,56.5958,3.50102,53.5656,0.84672,12.849,0.84672,3695.15,0,18.483,0.0417622,1.87249,1.43053,5.69008,1.12254,7.8288,0.42336,0,0,18.483,0.42336,442.007,0,1.02816,0,0,2.90065,1.87249,1.028160,1,0,62.5849,0,0,0,62.5849,0
72.29,2.36138,0,0,3.20641,0.216952,0.628081,3.6288,61.308,0.189075,0,0,1.51782,0.206543,1.1222,0.66528,12.849,1,0.419717,0.628081,0,63.5485,3.50102,60.2558,0.84672,12.849,0.84672,3695.15,0,18.483,0.0570021,2.08211,1.43104,5.7219,1.12254,8.05552,0.42336,0,0,18.483,0.42336,442.007,0,1.02816,0,0,3.11027,2.08211,1.028160,1,0,69.4336,0,0,0,69.4336,0
72.29,2.36222,0,0,3.23172,0.182649,0.686854,3.6288,61.308,0.189426,0,0,1.39276,0.228728,0.974606,0.66528,12.849,1,0.419867,0.686854,0,64.7441,4.33104,60.68,0.84672,12.849,0.84672,3695.15,0,18.483,0.0571076,1.59996,1.50565,6.00667,1.10965,7.94553,0.42336,0,0,18.483,0.42336,442.007,0,1.02816,0,0,2.62812,1.59996,1.028160,1,0,69.6002,0,0,0,69.6002,0
72.29,2.36306,0,0,3.17001,0.168929,0.638015,3.6288,61.308,0.189776,0,0,1.37074,0.237602,0.943367,0.66528,12.849,1,0.420017,0.638015,0,62.5355,4.66305,58.0904,0.84672,12.849,0.84672,3695.15,0,18.483,0.0572131,1.51511,1.50619,5.99286,1.10449,7.85245,0.42336,0,0,18.483,0.42336,442.007,0,1.02816,0,0,2.54327,1.51511,1.028160,1,0,66.8862,0,0,0,66.8862,0
72.29,2.36391,0,0,3.00847,0.173846,0.470711,3.6288,61.308,0.190126,0,0,1.34906,0.236285,0.922647,0.66528,12.849,1,0.420167,0.470711,0,59.903,4.57844,55.3751,0.84672,12.849,0.84672,3695.15,0,18.483,0.0573187,1.72275,1.50673,5.60982,1.10776,7.67422,0.42336,0,0,18.483,0.42336,442.007,0,1.02816,0,0,2.75091,1.72275,1.028160,1,0,63.972,0,0,0,63.972,0
72.1627,2.36475,0,0,2.79258,0.192239,0.36288,3.6288,61.308,0.190476,0,0,1.29663,0.232536,0.873619,0.66528,12.849,1,0.420317,0.36288,0,55.4467,4.1028,51.2864,0.84672,12.849,0.84672,3695.15,0,18.483,0.0574243,1.63081,1.50727,5.21808,1.13687,7.16187,0.42336,0,0,18.483,0.42336,442.007,0,1.02816,0,0,2.65897,1.63081,1.028160,1,0,59.3219,0,0,0,59.3219,0
71.9762,2.34379,0,0,2.63951,0.119383,0.36288,3.6288,61.308,0.218477,0,0,1.06797,0.257829,0.591668,0.66528,12.849,1,0.417325,0.36288,0,47.122,4.57912,42.4884,0.84672,12.849,0.84672,3695.15,0,18.483,0.0658658,1.27037,1.50781,4.4603,1.23712,5.93549,0.42336,0,0,18.483,0.42336,442.007,0,1.02816,0,0,2.29853,1.27037,1.028160,1,0,49.0155,0,0,0,49.0155,0
71.6694,2.34371,0,0,2.51095,0.111124,0.36288,3.6288,61.308,0.218837,0,0,0.711616,0.258346,0.234434,0.66528,12.849,1,0.418392,0.36288,0,39.5961,4.95778,34.5828,0.84672,12.849,0.84672,3695.15,0,18.483,0.0659744,0.678275,1.53147,3.47049,1.29463,4.31963,0.42336,0,0,18.483,0.42336,442.007,0,1.02816,0,0,1.70643,0.678275,1.028160,1,0,39.1369,0,0,0,39.1369,0
71.1483,2.34302,0,0,2.2957,0.110864,0.36288,3.6288,61.308,0.219197,0,0,0.694552,0.258346,0.217009,0.66528,12.849,1,0.420061,0.36288,0,39.0371,4.95778,34.0221,0.84672,12.849,0.84672,3695.15,0,18.483,0.066083,0.709595,1.53202,3.42781,1.29463,4.30871,0.42336,0,0,18.483,0.42336,442.007,0,1.02816,0,0,1.73775,0.709595,1.028160,1,0,38.5478,0,0,0,38.5478,0
70.4319,2.34125,0,0,2.09811,0.110424,0.36288,3.6288,61.308,0.219557,0,0,0.649486,0.258346,0.171583,0.66528,12.849,1,0.422818,0.36288,0,36.7179,4.95778,31.7002,0.84672,12.849,0.84672,3695.15,0,18.483,0.0661917,0.456944,1.53257,3.26184,1.29463,3.89053,0.42336,0,0,18.483,0.42336,442.007,0,1.02816,0,0,1.4851,0.456944,1.028160,1,0,35.7623,0,0,0,35.7623,0
69.5142,2.39303,0,0,1.92926,0.0910478,0.36288,3.6288,61.308,0.244596,0,0,0.615493,0.302222,0.0686749,0.66528,12.849,1,0.436563,0.36288,0,32.8748,5.52239,27.2787,0.84672,12.849,0.84672,3695.15,0,18.483,0.0737402,0.457929,1.53311,3.10573,1.50072,3.52232,0.42336,0,0,18.483,0.42336,442.007,0,1.02816,0,0,1.48609,0.457929,1.028160,1,0,30.8697,0,0,0,30.8697,0
68.7964,2.38901,0,0,2.1096,0.0754818,0.36288,3.6288,61.308,0.244965,0,0,0.627689,0.314487,0.0682366,0.66528,12.849,1,0.441585,0.36288,0,33.5904,5.45664,28.0551,0.84672,12.849,0.84672,3695.15,0,18.483,0.0738515,0.445349,1.57057,3.16664,1.4385,3.67021,0.42336,0,0,18.483,0.42336,442.007,0,1.02816,0,0,1.47351,0.445349,1.028160,1,0,31.7935,0,0,0,31.7935,0
68.0303,2.38598,0,0,2.05778,0.0750618,0.36288,3.6288,61.308,0.245334,0,0,0.578325,0.314487,0.0185034,0.66528,12.849,1,0.445626,0.36288,0,33.5472,5.45664,28.0078,0.84672,12.849,0.84672,3695.15,0,18.483,0.0739629,0.576798,1.57113,3.39329,1.4385,4.02876,0.42336,0,0,18.483,0.42336,442.007,0,1.02816,0,0,1.60496,0.576798,1.028160,1,0,32.0551,0,0,0,32.0551,0
67.1358,2.38261,0,0,1.92559,0.0746136,0.36288,3.6288,61.2831,0.245704,0,0,0.535321,0.314487,0,0.66528,12.849,1,0.450008,0.36288,0,30.2847,5.45664,24.7409,0.84672,12.849,0.84672,3695.15,0,18.483,0.0740743,0.507928,1.57169,3.02848,1.4385,3.59552,0.42336,0,0,18.483,0.42336,442.007,0,1.02816,0,0,1.53609,0.507928,1.028160,1,0,28.3364,0,0,0,28.3364,0
65.9293,2.53727,0,0,1.7678,0.0740903,0.36288,3.6288,61.1629,0.335243,0,0,0.529436,0.314438,0,0.66528,12.849,1,0.485604,0.36288,0,27.6839,5.45664,22.1045,0.84672,12.849,0.84672,3695.15,0,18.483,0.101109,0.381758,1.57225,2.96197,1.4385,3.37638,0.42336,0,0,18.483,0.42336,442.007,0,1.02816,0,0,1.40992,0.381758,1.028160,1,0,25.4809,0,0,0,25.4809,0
64.7892,2.53074,0,0,1.81553,0.0620247,0.36288,3.6288,61.046,0.335492,0,0,0.554723,0.336093,0,0.66528,12.849,1,0.493217,0.36288,0,25.2583,5.83813,19.2899,0.84672,12.849,0.84672,3695.15,0,18.483,0.101383,0.490899,1.69797,3.87166,1.49877,4.46037,0.42336,0,0,18.483,0.42336,442.007,0,1.02816,0,0,1.51906,0.490899,1.028160,1,0,23.7503,0,0,0,23.7503,0
63.4499,2.5244,0,0,1.60903,0.0611086,0.36288,3.6288,60.865,0.335744,0,0,0.502457,0.347728,0,0.66528,12.849,1,0.500638,0.36288,0,23.638,5.9934,17.5068,0.84672,12.849,0.84672,3695.15,0,18.483,0.101654,0.243994,1.69858,2.88733,1.51783,3.21041,0.42336,0,0,18.483,0.42336,442.007,0,1.02816,0,0,1.27215,0.243994,1.028160,1,0,20.7173,0,0,0,20.7173,0
61.835,2.51651,0,0,1.32501,0.0604501,0.36288,3.6288,60.5359,0.41914,0,0,0.437327,0.34733,0,0.66528,12.849,1,0.509608,0.36288,0,29.3452,5.9934,23.205,0.84672,12.849,0.84672,3695.15,0,18.483,0.127281,0.204422,1.69918,2.57595,1.51783,2.83444,0.42336,0,0,18.483,0.42336,442.007,0,0.919659,0,0,1.12408,0.204422,1.028160,1,0,26.0395,0,0,0,26.0395,0
60.3719,2.50638,0,0,1.46579,0.0596562,0.36288,3.6288,60.4541,0.335889,0,0,0.600749,0.346605,0,0.66528,12.849,1,0.520813,0.36288,0,25.1594,5.9934,19.0081,0.84672,12.849,0.84672,3695.15,0,18.483,0.102555,0.44337,1.69979,3.0783,1.51783,3.60107,0.42336,0,0,18.483,0.42336,442.007,0,1.02816,0,0,1.47153,0.44337,1.028160,1,0,22.6092,0,0,0,22.6092,0
58.9468,2.42068,0,0,1.43016,0.0717371,0.36288,3.6288,60.3552,0.282122,0,0,0.514268,0.331062,0,0.66528,12.849,1,0.515195,0.36288,0,29.6355,6.0291,23.4541,0.84672,12.849,0.84672,3695.15,0,18.483,0.0862548,0.329849,1.70039,2.9901,1.47678,3.4573,0.42336,0,0,18.483,0.42336,442.007,0,1.02816,0,0,1.35801,0.329849,1.028160,1,0,26.9114,0,0,0,26.9114,0
57.6068,2.41131,0,0,1.53652,0.102336,0.36288,3.6288,60.5559,0.282395,0,0,0.775554,0.29247,0,0.66528,12.849,1,0.525609,0.36288,0,32.5318,6.11835,26.2507,0.84672,12.849,0.84672,3695.15,0,18.483,0.0864797,0.457695,1.62915,2.1046,1.37416,2.73081,0.42336,0,0,18.483,0.42336,442.007,0,1.02816,0,0,1.48586,0.457695,1.028160,1,0,28.9815,0,0,0,28.9815,0
56.2111,2.40217,0,0,1.47037,0.101012,0.36288,3.6288,60.6402,0.282996,0,0,0.660125,0.292843,0,0.66528,12.849,1,0.535797,0.36288,0,35.0374,6.11835,28.7461,0.84672,12.849,0.84672,3695.15,0,18.483,0.0863766,0.397224,1.62973,1.89011,1.37416,2.45653,0.42336,0,0,18.483,0.42336,442.007,0,1.02816,0,0,1.42538,0.397224,1.028160,1,0,31.2026,0,0,0,31.2026,0
54.5674,2.3922,0,0,1.23936,0.127971,0.36288,3.6288,60.648,0.28347,0,0,0.563248,0.271959,0,0.66528,12.849,1,0.54682,0.36288,0,24.5066,5.78232,18.5403,0.84672,12.849,0.84672,3695.15,0,18.483,0.0864009,0.220225,1.63031,2.46433,1.28697,2.94149,0.42336,0,0,18.483,0.42336,442.007,0,1.02816,0,0,1.24838,0.220225,1.028160,1,0,21.4818,0,0,0,21.4818,0
53.5863,2.31824,0,0,1.79228,0.092267,0.36288,3.6288,60.8148,0.234544,0,0,0.69497,0.293607,0,0.66528,12.849,1,0.545877,0.36288,0,24.6736,6.29521,18.1954,0.84672,12.849,0.84672,3695.15,0,18.483,0.0714792,0.505276,1.63089,3.48236,1.22306,4.32398,0.42336,0,0,18.483,0.42336,442.007,0,1.02816,0,0,1.53344,0.505276,1.028160,1,0,22.5194,0,0,0,22.5194,0
53.6424,2.311,0,0,2.87734,0.1473,0.36288,3.6288,61.0013,0.235058,0,0,0.594213,0.172656,0,0.66528,12.849,1,0.554135,0.36288,0,32.2832,3.38574,28.7062,0.84672,12.849,0.84672,3695.15,0,18.483,0.0714396,0.957545,1.56752,3.55467,0.769645,5.23865,0.42336,0,0,18.483,0.42336,442.007,0,1.02816,0,0,1.98571,0.957545,1.028160,1,0,33.9448,0,0,0,33.9448,0
53.9951,2.31229,0,0,3.18737,0.159556,0.36288,3.6288,61.308,0.235591,0,0,0.869936,0.150559,0.177102,0.66528,12.849,1,0.553865,0.36288,0,37.1733,2.86325,34.119,0.84672,12.849,0.84672,3695.15,0,18.483,0.0713826,1.0963,1.56808,3.83797,0.689796,5.74118,0.42336,0,0,18.483,0.42336,442.007,0,1.02816,0,0,2.12446,1.0963,1.028160,1,0,40.0373,0,0,0,40.0373,0
53.826,2.31604,0,0,2.66999,0.160129,0.36288,3.6288,61.308,0.236231,0,0,1.12617,0.150851,0.73909,0.66528,12.849,1,0.551139,0.36288,0,54.5688,2.86325,51.5173,0.84672,12.849,0.84672,3695.15,0,18.483,0.0712183,1.22768,1.56864,4.20297,0.689796,6.23828,0.42336,0,0,18.483,0.42336,442.007,0,1.02816,0,0,2.25584,1.22768,1.028160,1,0,58.4946,0,0,0,58.4946,0
53.919,2.14109,0,0,2.81202,0.21506,0.36288,3.6288,61.308,0.133479,0,0,1.35806,0.151513,1.07307,0.66528,12.849,1,0.511106,0.36288,0,51.1839,3.81455,47.2211,0.84672,12.849,0.84672,3695.15,0,18.483,0.0402409,2.04453,1.5692,5.19267,0.950727,7.81543,0.42336,0,0,18.483,0.42336,442.007,0,1.02816,0,0,3.07269,2.04453,1.028160,1,0,56.1096,0,0,0,56.1096,0
58.726,2.14256,0,0,7.53323,0.220774,0.36288,3.6288,61.308,0.133808,0,0,3.17539,0.161429,2.88015,0.66528,12.849,1,0.510576,0.36288,0,171.713,4.27001,167.295,0.84672,12.849,0.84672,3695.15,0,18.483,0.04034,2.79304,1.42559,13.2096,1.05385,16.3341,0.42336,0,0,18.483,0.42336,442.007,0,1.02816,0,0,3.8212,2.79304,1.028160,1,0,186.51,0,0,0,186.51,0
63.3153,2.17763,0,0,7.36318,0.233411,0.36288,3.6288,61.308,0.134137,0,0,2.10254,0.174921,1.79348,0.66528,12.849,1,0.476455,0.36288,0,202.895,4.47741,198.304,0.84672,12.849,0.84672,3695.15,0,18.483,0.0404392,2.3776,1.4261,11.4318,1.0191,14.176,0.42336,0,0,18.483,0.42336,442.007,0,1.02816,0,0,3.40576,2.3776,1.028160,1,0,214.273,0,0,0,214.273,0
69.9097,2.20712,0,0,9.40732,0.242935,0.36288,3.6288,61.308,0.134466,0,0,2.08372,0.174921,1.77433,0.66528,12.849,1,0.447906,0.36288,0,214.688,4.47741,210.126,0.84672,12.849,0.84672,3695.15,0,18.483,0.0405384,2.25747,1.42661,8.92451,1.0191,11.549,0.42336,0,0,18.483,0.42336,442.007,0,1.02816,0,0,3.28563,2.25747,1.028160,1,0,223.449,0,0,0,223.449,0
72.29,2.24361,0,0,9.30597,0.25273,4.42931,3.6288,61.308,0.134795,0,0,3.85357,0.186417,3.53236,0.66528,12.849,1,0.412362,4.42931,0,102.689,4.70223,102.004,0.84672,12.849,0.84672,3695.15,0,18.483,0.0406376,2.98414,1.42712,12.0139,1.09429,15.2903,0.42336,0,0,18.483,0.42336,442.007,0,1.02816,0,0,4.0123,2.98414,1.028160,1,0,120.826,0,0,0,120.826,0
72.29,2.25514,0,0,7.91174,0.282516,5.37409,3.6288,61.308,0.134795,0,0,2.80305,0.202755,2.4655,0.66528,12.849,1,0.400834,5.37409,0,117.2,4.06724,118.106,0.84672,12.849,0.84672,3695.15,0,18.483,0.0406376,2.55773,1.42762,9.88468,1.1178,12.7116,0.42336,0,0,18.483,0.42336,442.007,0,1.02816,0,0,3.58589,2.55773,1.028160,1,0,133.283,0,0,0,133.283,0
72.29,2.32659,0,0,5.47178,0.29291,2.85228,3.6288,61.308,0.165028,0,0,1.01575,0.180507,0.670218,0.66528,12.849,1,0.413534,2.85228,0,59.854,3.6792,58.6136,0.84672,12.849,0.84672,3695.15,0,18.483,0.0497522,0.838693,1.42762,6.37749,1.0251,7.56895,0.42336,0,0,18.483,0.42336,442.007,0,1.02816,0,0,1.86685,0.838693,1.028160,1,0,66.8527,0,0,0,66.8527,0
72.29,2.32739,0,0,3.53376,0.29291,0.913463,3.6288,61.308,0.238864,0,0,0.701974,0.180507,0.282603,0.66528,12.849,1,0.413675,0.913463,0,45.3651,3.6792,42.1857,0.84672,12.849,0.84672,3695.15,0,18.483,0.0720122,0.503194,1.47379,3.98751,1.0251,4.86738,0.42336,0,0,18.483,0.42336,442.007,0,0.932489,0,0,1.43568,0.503194,1.028160,1,0,47.3357,0,0,0,47.3357,0
72.1456,2.32818,0,0,2.83957,0.29291,0.36288,3.6288,61.308,0.20631,0,0,0.865279,0.180507,0.478461,0.66528,12.849,1,0.413817,0.36288,0,49.703,3.6792,45.9728,0.84672,12.849,0.84672,3695.15,0,18.483,0.0621979,0.503194,1.4743,5.44133,1.0251,6.33153,0.42336,0,0,18.483,0.42336,442.007,0,0.975283,0,0,1.47848,0.503194,1.028160,1,0,52.7828,0,0,0,52.7828,0
72.29,2.32828,0,0,4.83517,0.31352,2.04897,3.6288,61.308,0.166009,0,0,1.45398,0.206726,1.08125,0.66528,12.849,1,0.414662,2.04897,0,96.6125,3.87049,94.3763,0.84672,12.849,0.84672,3695.15,0,18.483,0.050048,1.42807,1.4748,9.89782,1.09187,11.6588,0.42336,0,0,18.483,0.42336,442.007,0,1.02816,0,0,2.45623,1.42807,1.028160,1,0,107.116,0,0,0,107.116,0
71.3637,2.55702,0,0,2.33137,0.337811,0.36288,3.6288,61.308,0.27878,0,0,0.933443,0.203809,0.450854,0.66528,12.849,1,0.454491,0.36288,0,48.7152,3.85451,44.7691,0.84672,12.849,0.84672,3695.15,0,18.483,0.084046,0.583753,1.47531,4.34892,1.06847,5.25546,0.42336,0,0,18.483,0.42336,442.007,0,1.02816,0,0,1.61191,0.583753,1.028160,1,0,50.4754,0,0,0,50.4754,0
72.29,2.55289,0,0,5.13438,0.333851,1.32129,3.6288,61.308,0.279146,0,0,1.05843,0.188659,0.59063,0.66528,12.849,1,0.459647,1.32129,0,85.3654,3.74609,82.481,0.84672,12.849,0.84672,3695.15,0,18.483,0.0841562,1.02824,1.63903,5.92108,1.0235,7.48069,0.42336,0,0,18.483,0.42336,442.007,0,1.02816,0,0,2.0564,1.02824,1.028160,1,0,90.5523,0,0,0,90.5523,0
71.6242,2.55877,0,0,2.59209,0.336214,0.36288,3.6288,61.1556,0.567919,0,0,0.604159,0.188659,0,0.66528,12.849,1,0.454802,0.36288,0,52.1587,3.74609,48.3207,0.84672,12.849,0.84672,3695.15,0,18.483,0.171215,0.608429,1.63959,3.54904,1.0235,4.60235,0.42336,0,0,18.483,0.42336,442.007,0,0.652804,0,0,1.26123,0.608429,1.028160,1,0,52.9231,0,0,0,52.9231,0
70.6169,2.55606,0,0,2.21009,0.298522,0.36288,3.6288,60.7079,0.747753,0,0,0.500873,0.200824,0,0.66528,12.849,1,0.458543,0.36288,0,38.2521,3.67112,34.4854,0.84672,12.849,0.84672,3695.15,0,18.483,0.225993,0.608429,1.64015,3.37905,0.97329,4.42835,0.42336,0,0,18.483,0.42336,442.007,0,0.418668,0,0,1.0271,0.608429,1.028160,1,0,38.9137,0,0,0,38.9137,0
71.6889,2.22799,0,0,3.97289,0.310021,0.36288,3.6288,61.2694,0.12884,0,0,0.9058,0.215416,0,0.66528,12.849,1,0.405391,0.36288,0,73.4141,4.39776,68.9738,0.84672,12.849,0.84672,3695.15,0,18.483,0.0392265,1.1027,1.64072,6.0328,1.11467,7.62232,0.42336,0,0,18.483,0.42336,442.007,0,1.02816,0,0,2.13086,1.1027,1.028160,1,0,76.5961,0,0,0,76.5961,0
72.29,2.2339,0,0,4.05082,0.32016,0.895619,3.6288,61.308,0.129431,0,0,1.04635,0.177572,0.700764,0.66528,12.849,1,0.400388,0.895619,0,74.8103,4.32474,70.9808,0.84672,12.849,0.84672,3695.15,0,18.483,0.0390451,1.59605,1.4177,6.71058,0.996656,8.68863,0.42336,0,0,18.483,0.42336,442.007,0,1.02816,0,0,2.62421,1.59605,1.028160,1,0,80.3702,0,0,0,80.3702,0
72.29,2.23749,0,0,4.11934,0.321627,1.56023,3.6288,61.308,0.129764,0,0,0.880969,0.177615,0.57359,0.66528,12.849,1,0.397696,1.56023,0,76.3382,4.32474,73.176,0.84672,12.849,0.84672,3695.15,0,18.483,0.039121,1.02381,1.41819,5.9286,0.996656,7.33481,0.42336,0,0,18.483,0.42336,442.007,0,1.02816,0,0,2.05197,1.02381,1.028160,1,0,81.0844,0,0,0,81.0844,0
72.29,2.23825,0,0,3.87252,0.321627,1.31264,3.6288,61.308,0.130079,0,0,0.869486,0.177615,0.561793,0.66528,12.849,1,0.397832,1.31264,0,71.2672,4.32474,67.8573,0.84672,12.849,0.84672,3695.15,0,18.483,0.0392158,0.917991,1.41867,5.60914,0.996656,6.90993,0.42336,0,0,18.483,0.42336,442.007,0,1.02816,0,0,1.94615,0.917991,1.028160,1,0,75.329,0,0,0,75.329,0
72.29,2.23902,0,0,3.77436,0.332277,1.20306,3.6288,61.308,0.130393,0,0,0.881919,0.175353,0.576173,0.66528,12.849,1,0.397968,1.20306,0,70.5914,3.78399,67.6125,0.84672,12.849,0.84672,3695.15,0,18.483,0.0393107,1.04777,1.41916,5.97036,0.952462,7.44552,0.42336,0,0,18.483,0.42336,442.007,0,1.02816,0,0,2.07593,1.04777,1.028160,1,0,75.6342,0,0,0,75.6342,0
72.29,2.32162,0,0,4.37311,0.325388,1.7261,3.6288,61.308,0.167738,0,0,1.04522,0.124923,0.752563,0.66528,12.849,1,0.41265,1.7261,0,80.244,3.72718,77.8303,0.84672,12.849,0.84672,3695.15,0,18.483,0.0505692,1.79265,1.41964,6.94869,0.844095,9.26631,0.42336,0,0,18.483,0.42336,442.007,0,1.02816,0,0,2.82081,1.79265,1.028160,1,0,87.8491,0,0,0,87.8491,0
72.29,2.32241,0,0,3.72116,0.325388,1.07336,3.6288,61.308,0.168065,0,0,1.08292,0.124923,0.789932,0.66528,12.849,1,0.412791,1.07336,0,95.0746,3.72718,92.0079,0.84672,12.849,0.84672,3695.15,0,18.483,0.0506678,2.02514,1.47542,7.71267,0.844095,10.3185,0.42336,0,0,18.483,0.42336,442.007,0,1.02816,0,0,3.0533,2.02514,1.028160,1,0,103.116,0,0,0,103.116,0
72.29,2.32321,0,0,4.15027,0.325388,1.50167,3.6288,61.308,0.168392,0,0,1.18126,0.124923,0.887945,0.66528,12.849,1,0.412932,1.50167,0,103.775,3.72718,101.137,0.84672,12.849,0.84672,3695.15,0,18.483,0.0507665,1.54714,1.47593,7.92264,0.844095,10.0508,0.42336,0,0,18.483,0.42336,442.007,0,1.02816,0,0,2.5753,1.54714,1.028160,1,0,112.075,0,0,0,112.075,0
72.29,2.324,0,0,3.40784,0.325388,0.758452,3.6288,61.308,0.16872,0,0,1.03213,0.124923,0.738492,0.66528,12.849,1,0.413073,0.758452,0,76.2204,3.72718,72.8385,0.84672,12.849,0.84672,3695.15,0,18.483,0.0508652,1.73369,1.47643,5.79646,0.844095,8.11162,0.42336,0,0,18.483,0.42336,442.007,0,1.02816,0,0,2.76185,1.73369,1.028160,1,0,81.6887,0,0,0,81.6887,0
71.9608,2.29275,0,0,2.58527,0.258815,0.36288,3.6288,61.308,0.154646,0,0,1.14274,0.167653,0.820445,0.66528,12.849,1,0.407519,0.36288,0,56.9405,4.19801,52.6979,0.84672,12.849,0.84672,3695.15,0,18.483,0.0466222,1.00585,1.47694,6.23809,1.05298,7.62127,0.42336,0,0,18.483,0.42336,442.007,0,1.02816,0,0,2.03401,1.00585,1.028160,1,0,61.1396,0,0,0,61.1396,0
72.29,2.29195,0,0,3.40691,0.258168,0.527608,3.6288,61.308,0.154968,0,0,1.27596,0.167653,0.953342,0.66528,12.849,1,0.409241,0.527608,0,62.857,4.19801,58.7774,0.84672,12.849,0.84672,3695.15,0,18.483,0.0467195,1.12062,1.45589,5.42821,1.05298,6.90501,0.42336,0,0,18.483,0.42336,442.007,0,1.02816,0,0,2.14878,1.12062,1.028160,1,0,66.6358,0,0,0,66.6358,0
72.29,2.29432,0,0,3.07209,0.22837,0.549401,3.6288,61.308,0.155291,0,0,1.24394,0.174793,0.913851,0.66528,12.849,1,0.407798,0.549401,0,68.3089,4.41472,64.0358,0.84672,12.849,0.84672,3695.15,0,18.483,0.0468168,1.05658,1.45638,5.11602,1.01286,6.5693,0.42336,0,0,18.483,0.42336,442.007,0,1.02816,0,0,2.08474,1.05658,1.028160,1,0,71.5189,0,0,0,71.5189,0
71.7291,2.2951,0,0,2.30259,0.205537,0.36288,3.6288,61.308,0.155614,0,0,1.07565,0.180149,0.739883,0.66528,12.849,1,0.407937,0.36288,0,51.4127,4.57727,46.7903,0.84672,12.849,0.84672,3695.15,0,18.483,0.0469141,0.780589,1.45688,4.56179,0.982772,5.76958,0.42336,0,0,18.483,0.42336,442.007,0,1.02816,0,0,1.80875,0.780589,1.028160,1,0,53.2998,0,0,0,53.2998,0
70.8179,2.40196,0,0,2.03926,0.185632,0.36288,3.6288,61.308,0.207079,0,0,0.930174,0.18096,0.542135,0.66528,12.849,1,0.430269,0.36288,0,41.7391,4.5943,37.0774,0.84672,12.849,0.84672,3695.15,0,18.483,0.0624296,0.62519,1.45738,3.94603,1.00151,4.96465,0.42336,0,0,18.483,0.42336,442.007,0,1.02816,0,0,1.65335,0.62519,1.028160,1,0,42.5842,0,0,0,42.5842,0
69.8251,2.39809,0,0,1.93842,0.17017,0.36288,3.6288,61.308,0.207419,0,0,0.920402,0.181568,0.531415,0.66528,12.849,1,0.435104,0.36288,0,35.6916,4.60709,31.0123,0.84672,12.849,0.84672,3695.15,0,18.483,0.0625322,0.568313,1.53334,3.88214,1.01557,4.9057,0.42336,0,0,18.483,0.42336,442.007,0,1.02816,0,0,1.59647,0.568313,1.028160,1,0,36.4494,0,0,0,36.4494,0
68.7624,2.39369,0,0,1.86269,0.168874,0.36288,3.6288,61.308,0.207759,0,0,0.937621,0.181568,0.548294,0.66528,12.849,1,0.440478,0.36288,0,33.6468,4.60709,28.9622,0.84672,12.849,0.84672,3695.15,0,18.483,0.0626348,0.488851,1.53386,3.87102,1.01557,4.81553,0.42336,0,0,18.483,0.42336,442.007,0,1.02816,0,0,1.51701,0.488851,1.028160,1,0,34.326,0,0,0,34.326,0
67.5886,2.38877,0,0,1.74537,0.167486,0.36288,3.6288,61.308,0.2081,0,0,0.872605,0.181568,0.482938,0.66528,12.849,1,0.446367,0.36288,0,31.5206,4.60709,26.83,0.84672,12.849,0.84672,3695.15,0,18.483,0.0627375,0.385517,1.53439,3.58909,1.01557,4.43069,0.42336,0,0,18.483,0.42336,442.007,0,1.02816,0,0,1.41368,0.385517,1.028160,1,0,31.7437,0,0,0,31.7437,0
66.6439,2.38306,0,0,1.91502,0.113802,0.36288,3.6288,61.308,0.208441,0,0,0.875716,0.221687,0.445588,0.66528,12.849,1,0.453035,0.36288,0,33.2701,5.41474,27.7652,0.84672,12.849,0.84672,3695.15,0,18.483,0.0628402,0.589533,1.53491,3.92794,1.12153,4.86801,0.42336,0,0,18.483,0.42336,442.007,0,1.02816,0,0,1.61769,0.589533,1.028160,1,0,33.0788,0,0,0,33.0788,0
66.119,2.35719,0,0,2.31189,0.116693,0.36288,3.6288,61.308,0.236938,0,0,1.00089,0.204122,0.559832,0.66528,12.849,1,0.454468,0.36288,0,40.821,4.70746,36.0219,0.84672,12.849,0.84672,3695.15,0,18.483,0.0714315,0.973961,1.53543,5.0375,0.999373,6.47609,0.42336,0,0,18.483,0.42336,442.007,0,1.02816,0,0,2.00212,0.973961,1.028160,1,0,43.0578,0,0,0,43.0578,0
65.3686,2.35497,0,0,2.0836,0.116208,0.36288,3.6288,61.308,0.237288,0,0,0.932057,0.204122,0.490647,0.66528,12.849,1,0.457645,0.36288,0,37.8348,4.70746,33.0326,0.84672,12.849,0.84672,3695.15,0,18.483,0.0715371,0.719021,1.55951,4.79634,0.999373,6.00396,0.42336,0,0,18.483,0.42336,442.007,0,1.02816,0,0,1.74718,0.719021,1.028160,1,0,39.5272,0,0,0,39.5272,0
64.5538,2.35138,0,0,1.99244,0.0929621,0.36288,3.6288,61.308,0.237638,0,0,0.881168,0.258967,0.384562,0.66528,12.849,1,0.462193,0.36288,0,34.1103,5.41322,28.5978,0.84672,12.849,0.84672,3695.15,0,18.483,0.0716427,0.696928,1.56004,4.55701,1.25698,5.48535,0.42336,0,0,18.483,0.42336,442.007,0,1.02816,0,0,1.72509,0.696928,1.028160,1,0,34.4677,0,0,0,34.4677,0
63.5361,2.34732,0,0,1.77593,0.0833939,0.36288,3.6288,61.308,0.237989,0,0,0.825967,0.280905,0.307072,0.66528,12.849,1,0.467218,0.36288,0,30.9897,5.69551,25.1898,0.84672,12.849,0.84672,3695.15,0,18.483,0.0717484,0.663137,1.56057,4.40821,1.36003,5.20014,0.42336,0,0,18.483,0.42336,442.007,0,1.02816,0,0,1.6913,0.663137,1.028160,1,0,30.697,0,0,0,30.697,0
62.3306,2.39655,0,0,1.62683,0.0729195,0.36288,3.6288,61.308,0.263467,0,0,0.711564,0.319574,0.128523,0.66528,12.849,1,0.484657,0.36288,0,25.1936,6.19663,18.8752,0.84672,12.849,0.84672,3695.15,0,18.483,0.0794295,0.325737,1.5611,3.58546,1.47226,3.92061,0.42336,0,0,18.483,0.42336,442.007,0,1.02816,0,0,1.3539,0.325737,1.028160,1,0,22.9244,0,0,0,22.9244,0
61.1253,2.38959,0,0,1.61778,0.0705893,0.36288,3.6288,61.308,0.263827,0,0,0.647274,0.326019,0.0574288,0.66528,12.849,1,0.492596,0.36288,0,32.162,6.28015,25.7521,0.84672,12.849,0.84672,3695.15,0,18.483,0.0795378,0.413752,1.59922,3.82963,1.49096,4.2721,0.42336,0,0,18.483,0.42336,442.007,0,1.02816,0,0,1.44191,0.413752,1.028160,1,0,30.0816,0,0,0,30.0816,0
59.825,2.38238,0,0,1.51482,0.069891,0.36288,3.6288,61.308,0.264186,0,0,0.601941,0.326019,0.0117363,0.66528,12.849,1,0.500793,0.36288,0,25.8231,6.28015,19.405,0.84672,12.849,0.84672,3695.15,0,18.483,0.0796461,0.387012,1.59976,3.45212,1.49096,3.86828,0.42336,0,0,18.483,0.42336,442.007,0,1.02816,0,0,1.41517,0.387012,1.028160,1,0,23.285,0,0,0,23.285,0
58.398,2.37422,0,0,1.37919,0.0690976,0.36288,3.6288,61.2442,0.309236,0,0,0.571464,0.326019,0,0.66528,12.849,1,0.509927,0.36288,0,23.5342,6.28015,17.107,0.84672,12.849,0.84672,3695.15,0,18.483,0.0932279,0.227405,1.60031,3.22004,1.49096,3.46356,0.42336,0,0,18.483,0.42336,442.007,0,0.969996,0,0,1.1974,0.227405,1.028160,1,0,20.5706,0,0,0,20.5706,0
56.8585,2.52275,0,0,1.39648,0.050295,0.36288,3.6288,61.1897,0.355641,0,0,0.636269,0.335122,0,0.66528,12.849,1,0.555068,0.36288,0,22.0641,6.53563,15.3363,0.84672,12.849,0.84672,3695.15,0,18.483,0.10733,0.448718,1.60085,4.24094,1.55919,4.624,0.42336,0,0,18.483,0.42336,442.007,0,1.02816,0,0,1.47688,0.448718,1.028160,1,0,19.9603,0,0,0,19.9603,0
54.9613,2.51135,0,0,1.02322,0.0461959,0.36288,3.6288,60.768,0.560402,0,0,0.473941,0.335237,0,0.66528,12.849,1,0.567519,0.36288,0,16.7655,6.52733,10.0335,0.84672,12.849,0.84672,3695.15,0,18.483,0.169275,0.227405,1.72883,3.13858,1.58043,3.34511,0.42336,0,0,18.483,0.42336,442.007,0,0.761962,0,0,0.989366,0.227405,1.028160,1,0,13.3786,0,0,0,13.3786,0
53.0246,2.49632,0,0,0.967775,0.0453317,0.36288,3.6288,60.2799,0.58965,0,0,0.4359,0.334343,0,0.66528,12.849,1,0.583596,0.36288,0,15.0673,6.52733,8.31925,0.84672,12.849,0.84672,3695.15,0,18.483,0.179346,0.204422,1.72942,3.10296,1.58043,3.27702,0.42336,0,0,18.483,0.42336,442.007,0,0.723151,0,0,0.927573,0.204422,1.028160,1,0,11.5963,0,0,0,11.5963,0
51.4737,2.48001,0,0,1.33646,0.0444496,0.36288,3.6288,59.9362,0.493192,0,0,0.482747,0.333308,0,0.66528,12.849,1,0.600959,0.36288,0,16.162,6.52733,9.39658,0.84672,12.849,0.84672,3695.15,0,18.483,0.151222,0.204422,1.73001,3.4591,1.58043,3.66188,0.42336,0,0,18.483,0.42336,442.007,0,0.848241,0,0,1.05266,0.204422,1.028160,1,0,13.0585,0,0,0,13.0585,0
50.2432,2.46636,0,0,1.66578,0.0670839,0.36288,3.6288,59.8653,0.392154,0,0,0.652289,0.330997,0,0.66528,12.849,1,0.615659,0.36288,0,27.6563,6.29223,21.1113,0.84672,12.849,0.84672,3695.15,0,18.483,0.120932,0.204422,1.7306,3.80145,1.5562,4.05934,0.42336,0,0,18.483,0.42336,442.007,0,0.980078,0,0,1.1845,0.204422,1.028160,1,0,25.1706,0,0,0,25.1706,0
48.635,2.38028,0,0,1.19301,0.0580344,0.36288,3.6288,59.9601,0.345594,0,0,0.798993,0.358566,0,0.66528,12.849,1,0.608723,0.36288,0,20.8526,5.92064,14.6861,0.84672,12.849,0.84672,3695.15,0,18.483,0.1067,0.204422,1.73119,4.89122,1.53821,5.18192,0.42336,0,0,18.483,0.42336,442.007,0,0.969512,0,0,1.17393,0.204422,1.028160,1,0,19.868,0,0,0,19.868,0
47.1474,2.36516,0,0,1.3539,0.113401,0.36288,3.6288,60.0066,0.413357,0,0,0.770697,0.310889,0,0.66528,12.849,1,0.624857,0.36288,0,17.5913,5.53413,11.7952,0.84672,12.849,0.84672,3695.15,0,18.483,0.127419,0.216518,1.65862,3.68844,1.40546,4.03071,0.42336,0,0,18.483,0.42336,442.007,0,0.881513,0,0,1.09803,0.216518,1.028160,1,0,15.8259,0,0,0,15.8259,0
46.1136,2.35047,0,0,1.79108,0.111573,0.36288,3.6288,60.3966,0.301689,0,0,1.00263,0.310981,0,0.66528,12.849,1,0.640568,0.36288,0,25.6079,5.53413,19.7961,0.84672,12.849,0.84672,3695.15,0,18.483,0.092925,0.491348,1.65919,5.29507,1.40546,5.94722,0.42336,0,0,18.483,0.42336,442.007,0,1.02816,0,0,1.51951,0.491348,1.028160,1,0,25.7433,0,0,0,25.7433,0
45.6313,2.34003,0,0,2.33089,0.110302,0.36288,3.6288,61.201,0.302519,0,0,1.41874,0.311754,0,0.66528,12.849,1,0.652022,0.36288,0,50.1412,5.53413,44.3179,0.84672,12.849,0.84672,3695.15,0,18.483,0.0925791,1.10091,1.65975,6.28811,1.40546,7.55073,0.42336,0,0,18.483,0.42336,442.007,0,1.02816,0,0,2.12907,1.10091,1.028160,1,0,51.8687,0,0,0,51.8687,0
44.2558,2.27512,0,0,1.42647,0.163915,0.36288,3.6288,61.308,0.253514,0,0,0.823391,0.230123,0.232771,0.66528,12.849,1,0.640635,0.36288,0,38.6525,4.03256,34.3422,0.84672,12.849,0.84672,3695.15,0,18.483,0.0765624,0.336702,1.66032,4.18414,1.09764,5.00696,0.42336,0,0,18.483,0.42336,442.007,0,1.02816,0,0,1.36486,0.336702,1.028160,1,0,39.5819,0,0,0,39.5819,0
43.6795,2.26046,0,0,2.22971,0.182737,0.36288,3.6288,61.308,0.253972,0,0,1.10375,0.196966,0.652808,0.66528,12.849,1,0.656289,0.36288,0,46.0642,3.43193,42.3388,0.84672,12.849,0.84672,3695.15,0,18.483,0.0765669,0.356962,1.59579,6.41227,0.974512,7.31394,0.42336,0,0,18.483,0.42336,442.007,0,1.02816,0,0,1.38512,0.356962,1.028160,1,0,50.3056,0,0,0,50.3056,0
43.5008,2.25453,0,0,2.62032,0.181539,0.36288,3.6288,61.308,0.254327,0,0,1.82194,0.196966,1.37065,0.66528,12.849,1,0.663206,0.36288,0,49.8669,3.43193,46.1346,0.84672,12.849,0.84672,3695.15,0,18.483,0.076674,1.55951,1.59633,7.79315,0.974512,9.8978,0.42336,0,0,18.483,0.42336,442.007,0,1.02816,0,0,2.58767,1.55951,1.028160,1,0,57.4031,0,0,0,57.4031,0
42.5771,2.2532,0,0,1.88981,0.197438,0.36288,3.6288,61.308,0.254682,0,0,1.2075,0.203865,0.74895,0.66528,12.849,1,0.665535,0.36288,0,44.5968,3.54791,40.7463,0.84672,12.849,0.84672,3695.15,0,18.483,0.0767811,0.777646,1.59687,7.92895,1.00159,9.2251,0.42336,0,0,18.483,0.42336,442.007,0,1.02816,0,0,1.80581,0.777646,1.028160,1,0,50.7203,0,0,0,50.7203,0
43.7937,2.07395,0,0,3.88444,0.231021,0.36288,3.6288,61.308,0.150068,0,0,1.55856,0.232756,1.17574,0.66528,12.849,1,0.625881,0.36288,0,96.6618,4.27107,92.1277,0.84672,12.849,0.84672,3695.15,0,18.483,0.0452421,1.49492,1.59742,13.8684,1.13808,15.7774,0.42336,0,0,18.483,0.42336,442.007,0,1.02816,0,0,2.52308,1.49492,1.028160,1,0,109.081,0,0,0,109.081,0
44.5108,2.08811,0,0,3.39621,0.2281,0.36288,3.6288,61.308,0.150388,0,0,0.826612,0.248282,0.427942,0.66528,12.849,1,0.612647,0.36288,0,52.2886,4.84869,47.1901,0.84672,12.849,0.84672,3695.15,0,18.483,0.0453385,0.415878,1.4512,7.69376,1.2298,8.2857,0.42336,0,0,18.483,0.42336,442.007,0,1.02816,0,0,1.44404,0.415878,1.028160,1,0,55.9038,0,0,0,55.9038,0
45.3833,2.09648,0,0,3.56181,0.229971,0.36288,3.6288,61.308,0.150708,0,0,1.11571,0.248282,0.716719,0.66528,12.849,1,0.605193,0.36288,0,63.0333,4.84869,57.9423,0.84672,12.849,0.84672,3695.15,0,18.483,0.045435,1.05197,1.4517,11.1452,1.2298,12.3736,0.42336,0,0,18.483,0.42336,442.007,0,1.02816,0,0,2.08013,1.05197,1.028160,1,0,71.0326,0,0,0,71.0326,0
44.9093,2.10626,0,0,2.22318,0.228071,0.36288,3.6288,61.2087,0.387003,0,0,0.518795,0.231117,0,0.66528,12.849,1,0.596328,0.36288,0,37.761,4.53624,32.9913,0.84672,12.849,0.84672,3695.15,0,18.483,0.116673,0.412474,1.45219,5.85747,1.13995,6.46551,0.42336,0,0,18.483,0.42336,442.007,0,0.721043,0,0,1.13352,0.412474,1.028160,1,0,39.4569,0,0,0,39.4569,0
44.2712,2.10208,0,0,2.04337,0.216473,0.36288,3.6288,60.9152,0.586208,0,0,0.480824,0.188086,0,0.66528,12.849,1,0.601427,0.36288,0,38.3923,3.75511,34.3986,0.84672,12.849,0.84672,3695.15,0,18.483,0.177015,0.412474,1.45268,5.44831,0.915308,6.22114,0.42336,0,0,18.483,0.42336,442.007,0,0.461912,0,0,0.874385,0.412474,1.028160,1,0,40.6197,0,0,0,40.6197,0
45.1661,2.16172,0,0,3.69012,0.270688,0.36288,3.6288,61.308,0.181834,0,0,1.41913,0.226766,0.617733,0.66528,12.849,1,0.627404,0.36288,0,89.4508,4.3548,84.8315,0.84672,12.849,0.84672,3695.15,0,18.483,0.0551725,0.943523,1.45318,8.14067,1.22331,9.25888,0.42336,0,0,18.483,0.42336,442.007,0,1.02816,0,0,1.97168,0.943523,1.028160,1,0,94.7081,0,0,0,94.7081,0
53.9202,2.17211,0,0,11.5489,0.25978,0.36288,3.6288,61.308,0.182423,0,0,3.19018,0.207517,2.80024,0.66528,12.849,1,0.617929,0.36288,0,128.893,3.71299,124.925,0.84672,12.849,0.84672,3695.15,0,18.483,0.0549966,2.56604,1.50015,17.4527,1.12552,20.3384,0.42336,0,0,18.483,0.42336,442.007,0,1.02816,0,0,3.5942,2.56604,1.028160,1,0,148.064,0,0,0,148.064,0
59.2431,2.25386,0,0,8.22139,0.281763,0.36288,3.6288,61.308,0.182741,0,0,2.2599,0.204417,1.87275,0.66528,12.849,1,0.537087,0.36288,0,183.772,3.60581,179.992,0.84672,12.849,0.84672,3695.15,0,18.483,0.0550923,1.88862,1.50064,11.2591,1.11213,13.4812,0.42336,0,0,18.483,0.42336,442.007,0,1.02816,0,0,2.91678,1.88862,1.028160,1,0,195.346,0,0,0,195.346,0
62.7549,2.29426,0,0,6.4659,0.296992,0.36288,3.6288,61.308,0.183058,0,0,3.69762,0.204417,3.31014,0.66528,12.849,1,0.497594,0.36288,0,117.472,3.60581,113.732,0.84672,12.849,0.84672,3695.15,0,18.483,0.055188,3.49267,1.50113,14.5973,1.11213,18.4238,0.42336,0,0,18.483,0.42336,442.007,0,1.02816,0,0,4.52083,3.49267,1.028160,1,0,135.465,0,0,0,135.465,0
68.0977,2.54424,0,0,8.56221,0.312199,0.36288,3.6288,61.308,0.297824,0,0,3.45418,0.196563,2.95979,0.66528,12.849,1,0.520931,0.36288,0,149.757,3.83596,145.763,0.84672,12.849,0.84672,3695.15,0,18.483,0.0897872,3.75648,1.50162,16.1648,1.1237,20.2095,0.42336,0,0,18.483,0.42336,442.007,0,1.02816,0,0,4.78464,3.75648,1.028160,1,0,168.932,0,0,0,168.932,0
72.29,2.57946,0,0,8.06788,0.330564,0.965596,3.6288,61.308,0.298179,0,0,3.49226,0.190673,3.00341,0.66528,12.849,1,0.486705,0.965596,0,170.681,4.00858,167.152,0.84672,12.849,0.84672,3695.15,0,18.483,0.0898942,3.12098,1.66824,16.7861,1.13237,20.353,0.42336,0,0,18.483,0.42336,442.007,0,1.02816,0,0,4.14914,3.12098,1.028160,1,0,190.508,0,0,0,190.508,0
72.29,2.60428,0,0,6.68282,0.341425,3.73712,3.6288,61.308,0.298534,0,0,2.37732,0.190673,1.88812,0.66528,12.849,1,0.462891,3.73712,0,107.909,4.00858,107.175,0.84672,12.849,0.84672,3695.15,0,18.483,0.0900012,2.03654,1.66878,10.5326,1.13237,13.0155,0.42336,0,0,18.483,0.42336,442.007,0,1.02816,0,0,3.0647,2.03654,1.028160,1,0,122.079,0,0,0,122.079,0
72.29,2.60513,0,0,5.83585,0.341425,2.8893,3.6288,61.308,0.298889,0,0,2.25201,0.190673,1.76245,0.66528,12.849,1,0.463042,2.8893,0,109.931,4.00858,108.349,0.84672,12.849,0.84672,3695.15,0,18.483,0.0901083,1.72721,1.66933,8.61685,1.13237,10.7909,0.42336,0,0,18.483,0.42336,442.007,0,1.02816,0,0,2.75537,1.72721,1.028160,1,0,120.902,0,0,0,120.902,0
72.29,2.27565,0,0,6.44517,0.341609,3.82791,3.6288,61.308,0.145453,0,0,1.9733,0.19215,1.6357,0.66528,12.849,1,0.40448,3.82791,0,133.275,4.13703,132.562,0.84672,12.849,0.84672,3695.15,0,18.483,0.0438509,1.87835,1.66987,11.6224,1.13637,13.9904,0.42336,0,0,18.483,0.42336,442.007,0,1.02816,0,0,2.90651,1.87835,1.028160,1,0,148.188,0,0,0,148.188,0
72.29,2.2764,0,0,7.97783,0.340766,5.36067,3.6288,61.308,0.145758,0,0,4.79021,0.178398,4.46605,0.66528,12.849,1,0.404612,5.36067,0,200.788,3.88575,201.859,0.84672,12.849,0.84672,3695.15,0,18.483,0.0439429,3.80596,1.44287,20.6406,1.00026,24.8452,0.42336,0,0,18.483,0.42336,442.007,0,1.02816,0,0,4.83412,3.80596,1.028160,1,0,231.17,0,0,0,231.17,0
72.29,2.27714,0,0,7.41718,0.343042,4.797,3.6288,61.308,0.146063,0,0,2.4389,0.170165,2.12267,0.66528,12.849,1,0.404744,4.797,0,166.245,3.75134,166.886,0.84672,12.849,0.84672,3695.15,0,18.483,0.0440349,2.70632,1.44334,15.2358,0.960791,18.3806,0.42336,0,0,18.483,0.42336,442.007,0,1.02816,0,0,3.73448,2.70632,1.028160,1,0,187.389,0,0,0,187.389,0
72.29,2.27788,0,0,10.9483,0.343042,8.32734,3.6288,61.308,0.146369,0,0,5.68634,0.170165,5.3698,0.66528,12.849,1,0.404876,8.32734,0,168.459,3.75134,172.63,0.84672,12.849,0.84672,3695.15,0,18.483,0.0441269,6.11347,1.44381,22.0316,0.960791,28.5839,0.42336,0,0,18.483,0.42336,442.007,0,1.02816,0,0,7.14163,6.11347,1.028160,1,0,206.584,0,0,0,206.584,0
72.29,2.27862,0,0,13.2896,0.338575,10.6724,3.6288,61.308,0.146674,0,0,7.03439,0.146404,6.74131,0.66528,12.849,1,0.405008,10.6724,0,178.146,3.74775,184.665,0.84672,12.849,0.84672,3695.15,0,18.483,0.044219,6.11278,1.44428,27.1671,0.930516,33.7494,0.42336,0,0,18.483,0.42336,442.007,0,1.02816,0,0,7.14094,6.11278,1.028160,1,0,225.156,0,0,0,225.156,0
72.29,2.36265,0,0,11.6532,0.30805,8.9825,3.6288,61.308,0.184664,0,0,5.93014,0.162806,5.58267,0.66528,12.849,1,0.419943,8.9825,0,217.083,4.45557,221.19,0.84672,12.849,0.84672,3695.15,0,18.483,0.055672,4.00125,1.44475,27.902,1.01171,32.2806,0.42336,0,0,18.483,0.42336,442.007,0,1.02816,0,0,5.02941,4.00125,1.028160,1,0,259.053,0,0,0,259.053,0
72.29,2.36342,0,0,9.70877,0.30805,7.0373,3.6288,61.308,0.184981,0,0,5.09417,0.162806,4.74638,0.66528,12.849,1,0.42008,7.0373,0,162.195,4.45557,164.357,0.84672,12.849,0.84672,3695.15,0,18.483,0.0557678,4.00729,1.5015,20.9373,1.01171,25.3786,0.42336,0,0,18.483,0.42336,442.007,0,1.02816,0,0,5.03545,4.00729,1.028160,1,0,194.482,0,0,0,194.482,0
72.29,2.36419,0,0,7.7684,0.262783,5.14142,3.6288,61.308,0.185299,0,0,3.54627,0.157811,3.20316,0.66528,12.849,1,0.420217,5.14142,0,141.179,4.75212,141.148,0.84672,12.849,0.84672,3695.15,0,18.483,0.0558635,2.433,1.50199,14.5409,1.03099,17.389,0.42336,0,0,18.483,0.42336,442.007,0,1.02816,0,0,3.46116,2.433,1.028160,1,0,161.741,0,0,0,161.741,0
72.29,2.36496,0,0,6.70836,0.255238,4.08816,3.6288,61.308,0.185617,0,0,3.06925,0.156979,2.72665,0.66528,12.849,1,0.420354,4.08816,0,125.569,4.80154,124.435,0.84672,12.849,0.84672,3695.15,0,18.483,0.0559594,1.66255,1.50248,12.6274,1.03421,14.7023,0.42336,0,0,18.483,0.42336,442.007,0,1.02816,0,0,2.69071,1.66255,1.028160,1,0,141.864,0,0,0,141.864,0
72.29,2.33313,0,0,7.14105,0.179684,4.62824,3.6288,61.308,0.171279,0,0,2.17435,0.195799,1.80727,0.66528,12.849,1,0.414695,4.62824,0,111.087,4.58474,110.716,0.84672,12.849,0.84672,3695.15,0,18.483,0.051637,1.93921,1.50297,14.2582,1.10253,16.5462,0.42336,0,0,18.483,0.42336,442.007,0,1.02816,0,0,2.96737,1.93921,1.028160,1,0,129.069,0,0,0,129.069,0
72.29,2.33389,0,0,6.48985,0.167092,3.98887,3.6288,61.308,0.171593,0,0,1.86999,0.202269,1.49613,0.66528,12.849,1,0.41483,3.98887,0,120.386,4.5486,119.412,0.84672,12.849,0.84672,3695.15,0,18.483,0.0517313,1.5391,1.48152,11.7817,1.11392,13.6367,0.42336,0,0,18.483,0.42336,442.007,0,1.02816,0,0,2.56726,1.5391,1.028160,1,0,134.545,0,0,0,134.545,0
72.29,2.33465,0,0,6.13859,0.167092,3.63685,3.6288,61.308,0.171906,0,0,1.70685,0.202269,1.33267,0.66528,12.849,1,0.414966,3.63685,0,106.469,4.5486,105.142,0.84672,12.849,0.84672,3695.15,0,18.483,0.0518258,1.07784,1.48201,10.7666,1.11392,12.1607,0.42336,0,0,18.483,0.42336,442.007,0,1.02816,0,0,2.106,1.07784,1.028160,1,0,118.636,0,0,0,118.636,0
72.29,2.33541,0,0,5.63757,0.167092,3.13507,3.6288,61.308,0.172219,0,0,1.5931,0.202269,1.21861,0.66528,12.849,1,0.415101,3.13507,0,97.664,4.5486,95.8353,0.84672,12.849,0.84672,3695.15,0,18.483,0.0519202,1.0266,1.48249,9.11287,1.11392,10.4561,0.42336,0,0,18.483,0.42336,442.007,0,1.02816,0,0,2.05476,1.0266,1.028160,1,0,107.51,0,0,0,107.51,0
72.29,2.44699,0,0,5.2875,0.122912,2.7176,3.6288,61.308,0.224572,0,0,1.51615,0.205878,1.0857,0.66528,12.849,1,0.434933,2.7176,0,83.2352,4.39333,81.1245,0.84672,12.849,0.84672,3695.15,0,18.483,0.0677034,1.06297,1.48297,9.28368,1.04336,10.7186,0.42336,0,0,18.483,0.42336,442.007,0,1.02816,0,0,2.09113,1.06297,1.028160,1,0,92.9288,0,0,0,92.9288,0
72.29,2.44778,0,0,5.0514,0.127022,2.4766,3.6288,61.308,0.224902,0,0,1.37534,0.163293,0.987146,0.66528,12.849,1,0.435075,2.4766,0,68.8599,3.5426,67.3589,0.84672,12.849,0.84672,3695.15,0,18.483,0.067803,1.07928,1.56024,8.87475,0.90243,10.544,0.42336,0,0,18.483,0.42336,442.007,0,1.02816,0,0,2.10744,1.07928,1.028160,1,0,78.8901,0,0,0,78.8901,0
72.29,2.44858,0,0,4.77924,0.127022,2.20364,3.6288,61.308,0.225232,0,0,1.22843,0.163293,0.839901,0.66528,12.849,1,0.435217,2.20364,0,63.7095,3.5426,61.9353,0.84672,12.849,0.84672,3695.15,0,18.483,0.0679026,0.810199,1.56075,8.33138,0.90243,9.73199,0.42336,0,0,18.483,0.42336,442.007,0,1.02816,0,0,1.83836,0.810199,1.028160,1,0,72.5072,0,0,0,72.5072,0
72.29,2.44938,0,0,4.52123,0.0954458,1.97641,3.6288,61.308,0.225563,0,0,1.16493,0.208279,0.731089,0.66528,12.849,1,0.435358,1.97641,0,58.4387,4.15378,55.826,0.84672,12.849,0.84672,3695.15,0,18.483,0.0680022,0.533995,1.56126,7.04108,1.06609,8.00224,0.42336,0,0,18.483,0.42336,442.007,0,1.02816,0,0,1.56216,0.533995,1.028160,1,0,64.5593,0,0,0,64.5593,0
72.29,2.45018,0,0,4.17418,0.0607969,1.66321,3.6288,61.308,0.225893,0,0,1.11059,0.263146,0.621546,0.66528,12.849,1,0.4355,1.66321,0,57.6571,4.89852,53.9862,0.84672,12.849,0.84672,3695.15,0,18.483,0.0681019,0.539991,1.56176,6.46046,1.24776,7.24635,0.42336,0,0,18.483,0.42336,442.007,0,1.02816,0,0,1.56815,0.539991,1.028160,1,0,61.8541,0,0,0,61.8541,0
72.29,2.42902,0,0,3.96319,0.10551,1.42865,3.6288,61.308,0.254872,0,0,1.013,0.232461,0.525664,0.66528,12.849,1,0.43174,1.42865,0,66.1228,4.47741,62.6423,0.84672,12.849,0.84672,3695.15,0,18.483,0.0768383,0.818009,1.56227,5.31423,1.0285,6.58918,0.42336,0,0,18.483,0.42336,442.007,0,1.02816,0,0,1.84617,0.818009,1.028160,1,0,69.7571,0,0,0,69.7571,0
72.29,2.42981,0,0,3.78059,0.0959424,1.25483,3.6288,61.308,0.255212,0,0,0.988943,0.248005,0.485726,0.66528,12.849,1,0.43188,1.25483,0,62.1791,4.69458,58.3074,0.84672,12.849,0.84672,3695.15,0,18.483,0.0769408,0.829535,1.58674,5.32279,1.102,6.56013,0.42336,0,0,18.483,0.42336,442.007,0,1.02816,0,0,1.85769,0.829535,1.028160,1,0,65.3533,0,0,0,65.3533,0
72.29,2.4306,0,0,3.30845,0.0723319,0.805521,3.6288,61.308,0.255552,0,0,0.934381,0.282847,0.395982,0.66528,12.849,1,0.432021,0.805521,0,58.4269,5.44091,53.3595,0.84672,12.849,0.84672,3695.15,0,18.483,0.0770434,0.648795,1.58726,5.17973,1.36119,5.97755,0.42336,0,0,18.483,0.42336,442.007,0,1.02816,0,0,1.67695,0.648795,1.028160,1,0,59.733,0,0,0,59.733,0
72.29,2.43139,0,0,3.19607,0.0727437,0.691938,3.6288,61.308,0.255892,0,0,0.919642,0.277488,0.386261,0.66528,12.849,1,0.432162,0.691938,0,53.7895,5.71211,48.3372,0.84672,12.849,0.84672,3695.15,0,18.483,0.0771459,0.773444,1.58778,5.17281,1.46178,5.9951,0.42336,0,0,18.483,0.42336,442.007,0,1.02816,0,0,1.8016,0.773444,1.028160,1,0,54.7186,0,0,0,54.7186,0
72.29,2.48895,0,0,3.01598,0.0689739,0.458063,3.6288,61.308,0.281798,0,0,0.850841,0.306028,0.263015,0.66528,12.849,1,0.442391,0.458063,0,45.6543,5.55273,40.1172,0.84672,12.849,0.84672,3695.15,0,18.483,0.0849558,0.469463,1.58829,4.05351,1.44305,4.58325,0.42336,0,0,18.483,0.42336,442.007,0,1.02816,0,0,1.49762,0.469463,1.028160,1,0,44.9635,0,0,0,44.9635,0
72.29,2.48975,0,0,3.10387,0.067466,0.546647,3.6288,61.308,0.282146,0,0,0.887406,0.317444,0.287815,0.66528,12.849,1,0.442535,0.546647,0,59.5947,5.48898,54.2099,0.84672,12.849,0.84672,3695.15,0,18.483,0.0850608,0.636034,1.62704,4.10466,1.43556,4.84711,0.42336,0,0,18.483,0.42336,442.007,0,1.02816,0,0,1.66419,0.636034,1.028160,1,0,59.3448,0,0,0,59.3448,0
72.2639,2.49056,0,0,2.89482,0.067466,0.36288,3.6288,61.308,0.282495,0,0,0.785998,0.317444,0.186059,0.66528,12.849,1,0.442679,0.36288,0,47.1448,5.48898,41.576,0.84672,12.849,0.84672,3695.15,0,18.483,0.0851659,0.614589,1.62757,3.74661,1.43556,4.46805,0.42336,0,0,18.483,0.42336,442.007,0,1.02816,0,0,1.64275,0.614589,1.028160,1,0,46.2301,0,0,0,46.2301,0
71.9755,2.49124,0,0,2.63312,0.0674526,0.36288,3.6288,61.308,0.282844,0,0,0.738305,0.317444,0.138018,0.66528,12.849,1,0.442959,0.36288,0,43.3513,5.48898,37.7822,0.84672,12.849,0.84672,3695.15,0,18.483,0.0852711,0.357506,1.6281,3.42894,1.43556,3.89371,0.42336,0,0,18.483,0.42336,442.007,0,1.02816,0,0,1.38567,0.357506,1.028160,1,0,41.814,0,0,0,41.814,0
71.6492,2.65687,0,0,2.75223,0.0587788,0.36288,3.6288,61.308,0.375589,0,0,0.878325,0.316432,0.186303,0.66528,12.849,1,0.474303,0.36288,0,42.7468,5.54004,37.0954,0.84672,12.849,0.84672,3695.15,0,18.483,0.113232,0.802924,1.62863,4.58372,1.46305,5.43899,0.42336,0,0,18.483,0.42336,442.007,0,1.02816,0,0,1.83108,0.802924,1.028160,1,0,42.7207,0,0,0,42.7207,0
70.6622,2.65591,0,0,2.10335,0.0715094,0.36288,3.6288,61.308,0.375968,0,0,0.768908,0.295774,0.0971663,0.66528,12.849,1,0.476289,0.36288,0,33.23,5.14427,27.9723,0.84672,12.849,0.84672,3695.15,0,18.483,0.113346,0.484825,1.7588,3.47036,1.42719,4.17345,0.42336,0,0,18.483,0.42336,442.007,0,1.02816,0,0,1.51298,0.484825,1.028160,1,0,32.2429,0,0,0,32.2429,0
70.0947,2.65114,0,0,2.51748,0.0709713,0.36288,3.6288,61.308,0.376347,0,0,0.826027,0.295774,0.153906,0.66528,12.849,1,0.482075,0.36288,0,34.3909,5.14427,29.1275,0.84672,12.849,0.84672,3695.15,0,18.483,0.11346,0.614961,1.75937,3.80656,1.42719,4.64024,0.42336,0,0,18.483,0.42336,442.007,0,1.02816,0,0,1.64312,0.614961,1.028160,1,0,33.9216,0,0,0,33.9216,0
71.292,2.6487,0,0,4.30456,0.095693,0.36288,3.6288,61.308,0.376726,0,0,1.06096,0.29041,0.393821,0.66528,12.849,1,0.485531,0.36288,0,57.1532,4.99584,52.0347,0.84672,12.849,0.84672,3695.15,0,18.483,0.113575,0.885773,1.75995,4.21357,1.40899,5.33673,0.42336,0,0,18.483,0.42336,442.007,0,1.02816,0,0,1.91393,0.885773,1.028160,1,0,57.7652,0,0,0,57.7652,0
72.29,2.65647,0,0,4.15867,0.0895804,0.414598,3.6288,61.308,0.377105,0,0,1.09722,0.281725,0.438389,0.66528,12.849,1,0.478778,0.414598,0,67.5031,5.2038,62.2351,0.84672,12.849,0.84672,3695.15,0,18.483,0.113689,0.784521,1.76052,3.65094,1.3981,4.6842,0.42336,0,0,18.483,0.42336,442.007,0,1.02816,0,0,1.81268,0.784521,1.028160,1,0,67.3577,0,0,0,67.3577,0
72.29,2.5817,0,0,4.0905,0.164974,1.34383,3.6288,61.308,0.321312,0,0,1.25292,0.245502,0.686107,0.66528,12.849,1,0.458878,1.34383,0,47.0343,4.44328,43.4759,0.84672,12.849,0.84672,3695.15,0,18.483,0.0968684,1.37062,1.76109,6.79641,1.08287,8.74839,0.42336,0,0,18.483,0.42336,442.007,0,1.02816,0,0,2.39878,1.37062,1.028160,1,0,52.9104,0,0,0,52.9104,0
72.2898,2.58254,0,0,3.11024,0.164974,0.36288,3.6288,61.308,0.321673,0,0,0.817301,0.245502,0.250126,0.66528,12.849,1,0.459027,0.36288,0,39.1951,4.44328,34.6557,0.84672,12.849,0.84672,3695.15,0,18.483,0.0969772,0.653884,1.68725,4.43577,1.08287,5.59705,0.42336,0,0,18.483,0.42336,442.007,0,1.02816,0,0,1.68204,0.653884,1.028160,1,0,40.5029,0,0,0,40.5029,0
72.0858,2.58338,0,0,2.90716,0.164974,0.36288,3.6288,61.308,0.322034,0,0,1.13276,0.245502,0.56522,0.66528,12.849,1,0.459177,0.36288,0,45.1531,4.44328,40.6135,0.84672,12.849,0.84672,3695.15,0,18.483,0.0970861,1.49627,1.68779,5.25413,1.08287,7.25824,0.42336,0,0,18.483,0.42336,442.007,0,1.02816,0,0,2.52443,1.49627,1.028160,1,0,48.4369,0,0,0,48.4369,0
72.29,2.58311,0,0,5.30088,0.219459,2.29409,3.6288,61.308,0.322395,0,0,1.39662,0.23611,0.838117,0.66528,12.849,1,0.460429,2.29409,0,107.552,3.94054,105.445,0.84672,12.849,0.84672,3695.15,0,18.483,0.097195,1.56238,1.68834,7.46038,0.958319,9.65559,0.42336,0,0,18.483,0.42336,442.007,0,1.02816,0,0,2.59054,1.56238,1.028160,1,0,115.938,0,0,0,115.938,0
72.29,2.51828,0,0,9.04694,0.26012,6.26855,3.6288,61.308,0.271559,0,0,2.5329,0.224603,2.03674,0.66528,12.849,1,0.447605,6.26855,0,116.804,3.84955,118.776,0.84672,12.849,0.84672,3695.15,0,18.483,0.0818689,2.30393,1.68889,9.92961,0.948087,12.8925,0.42336,0,0,18.483,0.42336,442.007,0,1.02816,0,0,3.33209,2.30393,1.028160,1,0,133.705,0,0,0,133.705,0
72.29,2.51909,0,0,6.7071,0.283507,3.9045,3.6288,61.308,0.271903,0,0,1.76191,0.217148,1.27286,0.66528,12.849,1,0.44775,3.9045,0,90.3787,3.84416,89.9913,0.84672,12.849,0.84672,3695.15,0,18.483,0.0819728,1.37269,1.62322,8.17577,0.955982,10.1337,0.42336,0,0,18.483,0.42336,442.007,0,1.02816,0,0,2.40085,1.37269,1.028160,1,0,101.398,0,0,0,101.398,0
72.29,2.51991,0,0,7.14781,0.283507,4.34439,3.6288,61.308,0.272248,0,0,2.0449,0.217148,1.5555,0.66528,12.849,1,0.447895,4.34439,0,175.474,3.84416,175.526,0.84672,12.849,0.84672,3695.15,0,18.483,0.0820768,1.78299,1.62375,9.98698,0.955982,12.3557,0.42336,0,0,18.483,0.42336,442.007,0,1.02816,0,0,2.81115,1.78299,1.028160,1,0,189.438,0,0,0,189.438,0
72.29,2.52073,0,0,5.33955,0.283507,2.53532,3.6288,61.308,0.272593,0,0,1.32056,0.217148,0.830823,0.66528,12.849,1,0.448041,2.53532,0,74.3674,3.84416,72.6105,0.84672,12.849,0.84672,3695.15,0,18.483,0.0821807,0.692487,1.62428,7.04436,0.955982,8.32296,0.42336,0,0,18.483,0.42336,442.007,0,1.02816,0,0,1.72065,0.692487,1.028160,1,0,81.7643,0,0,0,81.7643,0
72.29,2.33165,0,0,11.053,0.289222,8.43218,3.6288,61.308,0.16617,0,0,5.28237,0.227523,4.88868,0.66528,12.849,1,0.414433,8.43218,0,106.361,4.28428,110.095,0.84672,12.849,0.84672,3695.15,0,18.483,0.0500965,2.53847,1.6248,12.2924,1.07037,15.3352,0.42336,0,0,18.483,0.42336,442.007,0,1.02816,0,0,3.56663,2.53847,1.028160,1,0,130.318,0,0,0,130.318,0
72.29,2.3324,0,0,12.5896,0.312488,9.94471,3.6288,61.308,0.16648,0,0,8.20117,0.226092,7.8086,0.66528,12.849,1,0.414567,9.94471,0,319.001,4.54154,323.989,0.84672,12.849,0.84672,3695.15,0,18.483,0.0501901,3.43807,1.47606,16.4411,1.23442,20.0707,0.42336,0,0,18.483,0.42336,442.007,0,1.02816,0,0,4.46623,3.43807,1.028160,1,0,351.869,0,0,0,351.869,0
72.29,2.33316,0,0,13.0151,0.307391,10.3746,3.6288,61.308,0.166791,0,0,8.54824,0.214015,8.16744,0.66528,12.849,1,0.414702,10.3746,0,223.265,4.24032,228.984,0.84672,12.849,0.84672,3695.15,0,18.483,0.0502836,3.6204,1.47654,17.4994,1.16878,21.3772,0.42336,0,0,18.483,0.42336,442.007,0,1.02816,0,0,4.64856,3.6204,1.028160,1,0,258.529,0,0,0,258.529,0
72.29,2.33392,0,0,15.5569,0.307391,12.9156,3.6288,61.308,0.167101,0,0,11.3214,0.214015,10.9403,0.66528,12.849,1,0.414836,12.9156,0,234.83,4.24032,243.09,0.84672,12.849,0.84672,3695.15,0,18.483,0.0503772,5.17126,1.47702,20.8801,1.16878,26.3092,0.42336,0,0,18.483,0.42336,442.007,0,1.02816,0,0,6.19942,5.17126,1.028160,1,0,280.34,0,0,0,280.34,0
72.29,2.33467,0,0,15.7769,0.307391,13.1348,3.6288,61.308,0.167411,0,0,14.0215,0.214015,13.6401,0.66528,12.849,1,0.414971,13.1348,0,285.576,4.24032,294.056,0.84672,12.849,0.84672,3695.15,0,18.483,0.0504708,6.02256,1.4775,24.8136,1.16878,31.0945,0.42336,0,0,18.483,0.42336,442.007,0,1.02816,0,0,7.05072,6.02256,1.028160,1,0,338.79,0,0,0,338.79,0
72.29,2.40857,0,0,7.50151,0.284122,4.80881,3.6288,61.308,0.19868,0,0,3.16246,0.217927,2.74585,0.66528,12.849,1,0.428106,4.80881,0,120.841,3.90864,121.313,0.84672,12.849,0.84672,3695.15,0,18.483,0.0598975,1.79353,1.47798,8.12039,0.906614,10.4254,0.42336,0,0,18.483,0.42336,442.007,0,1.02816,0,0,2.82169,1.79353,1.028160,1,0,134.484,0,0,0,134.484,0
72.29,2.40932,0,0,11.6971,0.29714,8.99063,3.6288,61.308,0.198987,0,0,2.38145,0.227376,1.95509,0.66528,12.849,1,0.428239,8.99063,0,138.919,4.82255,142.659,0.84672,12.849,0.84672,3695.15,0,18.483,0.0599902,1.85034,1.52573,9.72959,1.12198,11.9237,0.42336,0,0,18.483,0.42336,442.007,0,1.02816,0,0,2.8785,1.85034,1.028160,1,0,156.538,0,0,0,156.538,0
72.29,2.41007,0,0,10.8931,0.298463,8.1846,3.6288,61.308,0.199295,0,0,2.79342,0.243446,2.35068,0.66528,12.849,1,0.428372,8.1846,0,132.319,5.06342,135.012,0.84672,12.849,0.84672,3695.15,0,18.483,0.060083,2.13338,1.5262,9.51657,1.21698,11.8991,0.42336,0,0,18.483,0.42336,442.007,0,1.02816,0,0,3.16154,2.13338,1.028160,1,0,149.262,0,0,0,149.262,0
72.29,2.41082,0,0,13.8026,0.298463,11.0933,3.6288,61.308,0.199603,0,0,6.19707,0.243446,5.75402,0.66528,12.849,1,0.428505,11.0933,0,302.988,5.06342,308.589,0.84672,12.849,0.84672,3695.15,0,18.483,0.0601757,4.07865,1.52668,15.1612,1.21698,19.4894,0.42336,0,0,18.483,0.42336,442.007,0,1.02816,0,0,5.10681,4.07865,1.028160,1,0,333.832,0,0,0,333.832,0
72.29,2.64679,0,0,8.56189,0.287531,5.62757,3.6288,61.308,0.316302,0,0,3.54241,0.231156,2.99495,0.66528,12.849,1,0.470447,5.62757,0,225.863,4.83846,226.182,0.84672,12.849,0.84672,3695.15,0,18.483,0.0953581,2.31439,1.52715,11.2408,1.20894,13.778,0.42336,0,0,18.483,0.42336,442.007,0,1.02816,0,0,3.34255,2.31439,1.028160,1,0,242.955,0,0,0,242.955,0
72.29,2.64761,0,0,9.3598,0.272954,6.43923,3.6288,61.308,0.316646,0,0,4.00753,0.21477,3.47612,0.66528,12.849,1,0.470593,6.43923,0,264.457,4.53852,265.887,0.84672,12.849,0.84672,3695.15,0,18.483,0.0954618,2.92768,1.69658,13.0203,1.19823,16.3509,0.42336,0,0,18.483,0.42336,442.007,0,1.02816,0,0,3.95584,2.92768,1.028160,1,0,285.714,0,0,0,285.714,0
72.29,2.64844,0,0,7.8459,0.272954,4.92451,3.6288,61.308,0.31699,0,0,3.75846,0.21477,3.2267,0.66528,12.849,1,0.470739,4.92451,0,188.123,4.53852,188.038,0.84672,12.849,0.84672,3695.15,0,18.483,0.0955655,2.80095,1.6971,12.0387,1.19823,15.243,0.42336,0,0,18.483,0.42336,442.007,0,1.02816,0,0,3.82911,2.80095,1.028160,1,0,206.508,0,0,0,206.508,0
72.29,2.64926,0,0,8.44897,0.311789,5.48792,3.6288,61.308,0.317334,0,0,4.2896,0.219726,3.75254,0.66528,12.849,1,0.470886,5.48792,0,183.753,4.45932,184.311,0.84672,12.849,0.84672,3695.15,0,18.483,0.0956692,2.88256,1.69763,13.3121,1.17734,16.6193,0.42336,0,0,18.483,0.42336,442.007,0,1.02816,0,0,3.91072,2.88256,1.028160,1,0,204.682,0,0,0,204.682,0
72.29,2.31417,0,0,6.59458,0.335561,3.94485,3.6288,61.308,0.161285,0,0,2.66886,0.220071,2.2875,0.66528,12.849,1,0.411326,3.94485,0,167.695,4.12445,167.104,0.84672,12.849,0.84672,3695.15,0,18.483,0.0486239,1.98526,1.69816,9.35669,1.11698,11.8745,0.42336,0,0,18.483,0.42336,442.007,0,1.02816,0,0,3.01342,1.98526,1.028160,1,0,181.266,0,0,0,181.266,0
72.29,2.31489,0,0,5.34981,0.298217,2.73671,3.6288,61.308,0.161581,0,0,1.68533,0.211722,1.31202,0.66528,12.849,1,0.411454,2.73671,0,109.759,3.81874,108.266,0.84672,12.849,0.84672,3695.15,0,18.483,0.048713,1.85734,1.46729,6.86811,1.07363,9.0704,0.42336,0,0,18.483,0.42336,442.007,0,1.02816,0,0,2.8855,1.85734,1.028160,1,0,118.648,0,0,0,118.648,0
72.29,2.31561,0,0,6.77487,0.29235,4.16692,3.6288,61.308,0.161876,0,0,2.26429,0.212762,1.88966,0.66528,12.849,1,0.411581,4.16692,0,136.429,3.83401,136.35,0.84672,12.849,0.84672,3695.15,0,18.483,0.0488021,3.1004,1.46775,11.4148,1.07614,14.858,0.42336,0,0,18.483,0.42336,442.007,0,1.02816,0,0,4.12856,3.1004,1.028160,1,0,153.098,0,0,0,153.098,0
72.29,2.31633,0,0,7.73653,0.33682,5.08339,3.6288,61.308,0.162172,0,0,2.43149,0.225739,2.04358,0.66528,12.849,1,0.411709,5.08339,0,202.99,4.67219,202.989,0.84672,12.849,0.84672,3695.15,0,18.483,0.0488913,5.52912,1.4682,16.2701,1.1027,22.1158,0.42336,0,0,18.483,0.42336,442.007,0,1.02816,0,0,6.55728,5.52912,1.028160,1,0,227.149,0,0,0,227.149,0
72.29,2.31705,0,0,5.20762,0.33682,2.55376,3.6288,61.308,0.162468,0,0,1.63076,0.225739,1.24255,0.66528,12.849,1,0.411837,2.55376,0,128.565,4.67219,126.035,0.84672,12.849,0.84672,3695.15,0,18.483,0.0489805,2.3998,1.46866,8.66091,1.1027,11.3777,0.42336,0,0,18.483,0.42336,442.007,0,1.02816,0,0,3.42796,2.3998,1.028160,1,0,138.655,0,0,0,138.655,0
72.29,2.40245,0,0,4.26984,0.330035,1.53735,3.6288,61.308,0.201083,0,0,1.28907,0.144854,0.943134,0.66528,12.849,1,0.427018,1.53735,0,60.7483,3.06228,58.7963,0.84672,12.849,0.84672,3695.15,0,18.483,0.060622,1.52732,1.46911,5.4384,0.754469,7.61974,0.42336,0,0,18.483,0.42336,442.007,0,1.02816,0,0,2.55548,1.52732,1.028160,1,0,67.3592,0,0,0,67.3592,0
72.29,2.4032,0,0,3.91587,0.328815,1.18386,3.6288,61.308,0.217675,0,0,1.07434,0.150509,0.706157,0.66528,12.849,1,0.42715,1.18386,0,70.3119,3.15777,67.9108,0.84672,12.849,0.84672,3695.15,0,18.483,0.0656243,0.528595,1.52679,5.13633,0.811355,6.31474,0.42336,0,0,18.483,0.42336,442.007,0,1.00697,0,0,1.53556,0.528595,1.028160,1,0,74.9317,0,0,0,74.9317,0
72.29,2.40394,0,0,3.88513,0.328815,1.15237,3.6288,61.308,0.201699,0,0,1.77686,0.150509,1.42465,0.66528,12.849,1,0.427283,1.15237,0,71.858,3.15777,69.4253,0.84672,12.849,0.84672,3695.15,0,18.483,0.0608077,2.21097,1.52727,7.45221,0.811355,10.3183,0.42336,0,0,18.483,0.42336,442.007,0,1.02816,0,0,3.23913,2.21097,1.028160,1,0,81.1683,0,0,0,81.1683,0
72.29,2.40469,0,0,3.46963,0.316152,0.748791,3.6288,61.308,0.202007,0,0,1.60002,0.157181,1.24084,0.66528,12.849,1,0.427416,0.748791,0,72.9518,3.28071,69.9925,0.84672,12.849,0.84672,3695.15,0,18.483,0.0609005,1.30845,1.52774,6.33639,0.834124,8.27755,0.42336,0,0,18.483,0.42336,442.007,0,1.02816,0,0,2.33661,1.30845,1.028160,1,0,79.5109,0,0,0,79.5109,0
72.1002,2.37228,0,0,2.79684,0.2515,0.36288,3.6288,61.308,0.187413,0,0,1.07533,0.203611,0.68431,0.66528,12.849,1,0.421656,0.36288,0,47.3893,4.13085,43.1997,0.84672,12.849,0.84672,3695.15,0,18.483,0.056501,0.845804,1.52822,3.9698,1.02073,5.26659,0.42336,0,0,18.483,0.42336,442.007,0,1.02816,0,0,1.87396,0.845804,1.028160,1,0,49.1506,0,0,0,49.1506,0
71.7149,2.37208,0,0,2.60531,0.25566,0.36288,3.6288,61.308,0.187717,0,0,1.08124,0.206168,0.687359,0.66528,12.849,1,0.422729,0.36288,0,45.4682,4.17585,41.2325,0.84672,12.849,0.84672,3695.15,0,18.483,0.0565925,0.96997,1.50639,4.5385,1.04073,5.91754,0.42336,0,0,18.483,0.42336,442.007,0,1.02816,0,0,1.99813,0.96997,1.028160,1,0,47.8374,0,0,0,47.8374,0
72.29,2.37089,0,0,3.80327,0.254912,0.602328,3.6288,61.308,0.18802,0,0,1.26523,0.206168,0.871045,0.66528,12.849,1,0.424787,0.602328,0,53.5922,4.17585,49.5939,0.84672,12.849,0.84672,3695.15,0,18.483,0.0566839,1.2055,1.50686,4.08699,1.04073,5.70193,0.42336,0,0,18.483,0.42336,442.007,0,1.02816,0,0,2.23366,1.2055,1.028160,1,0,56.1669,0,0,0,56.1669,0
72.1724,2.37449,0,0,2.8377,0.217973,0.36288,3.6288,61.308,0.188324,0,0,1.15729,0.215093,0.753876,0.66528,12.849,1,0.422048,0.36288,0,52.0122,4.44675,47.5063,0.84672,12.849,0.84672,3695.15,0,18.483,0.0567755,0.981927,1.50732,3.63942,0.990578,5.08132,0.42336,0,0,18.483,0.42336,442.007,0,1.02816,0,0,2.01009,0.981927,1.028160,1,0,53.3415,0,0,0,53.3415,0
71.6552,2.48729,0,0,2.53746,0.204419,0.36288,3.6288,61.308,0.241537,0,0,1.02084,0.221042,0.558263,0.66528,12.849,1,0.442818,0.36288,0,45.2368,4.65171,40.5051,0.84672,12.849,0.84672,3695.15,0,18.483,0.072818,0.636915,1.50779,3.31212,0.992084,4.39192,0.42336,0,0,18.483,0.42336,442.007,0,1.02816,0,0,1.66507,0.636915,1.028160,1,0,45.4553,0,0,0,45.4553,0
71.4314,2.48535,0,0,2.80075,0.176295,0.36288,3.6288,61.308,0.241857,0,0,0.990213,0.209688,0.538668,0.66528,12.849,1,0.445666,0.36288,0,50.9142,4.38879,46.4426,0.84672,12.849,0.84672,3695.15,0,18.483,0.0729145,0.575027,1.58633,3.26659,1.03802,4.31701,0.42336,0,0,18.483,0.42336,442.007,0,1.02816,0,0,1.60319,0.575027,1.028160,1,0,51.2983,0,0,0,51.2983,0
71.0215,2.48494,0,0,2.59115,0.15331,0.36288,3.6288,61.308,0.242177,0,0,1.00665,0.215043,0.549426,0.66528,12.849,1,0.446988,0.36288,0,46.125,4.55133,41.4895,0.84672,12.849,0.84672,3695.15,0,18.483,0.073011,0.578146,1.58682,3.22316,1.00793,4.30719,0.42336,0,0,18.483,0.42336,442.007,0,1.02816,0,0,1.60631,0.578146,1.028160,1,0,46.3462,0,0,0,46.3462,0
70.5327,2.48353,0,0,2.51045,0.15283,0.36288,3.6288,61.308,0.242497,0,0,1.05482,0.215043,0.597283,0.66528,12.849,1,0.449313,0.36288,0,43.7662,4.55133,39.1284,0.84672,12.849,0.84672,3695.15,0,18.483,0.0731076,0.519713,1.58731,3.34582,1.00793,4.37181,0.42336,0,0,18.483,0.42336,442.007,0,1.02816,0,0,1.54787,0.519713,1.028160,1,0,44.0975,0,0,0,44.0975,0
69.8869,2.48166,0,0,2.35101,0.152258,0.36288,3.6288,61.308,0.242818,0,0,0.973097,0.215043,0.515237,0.66528,12.849,1,0.452087,0.36288,0,41.0215,4.55133,36.381,0.84672,12.849,0.84672,3695.15,0,18.483,0.0732041,0.379261,1.58781,3.03155,1.00793,3.91748,0.42336,0,0,18.483,0.42336,442.007,0,1.02816,0,0,1.40742,0.379261,1.028160,1,0,40.8137,0,0,0,40.8137,0
68.7679,2.4567,0,0,1.80967,0.10909,0.36288,3.6288,61.308,0.307673,0,0,0.625571,0.26112,0.0567768,0.66528,12.849,1,0.451675,0.36288,0,22.6484,5.09134,17.4682,0.84672,12.849,0.84672,3695.15,0,18.483,0.0927567,0.30119,1.5883,2.34886,1.2511,2.89449,0.42336,0,0,18.483,0.42336,442.007,0,0.982074,0,0,1.28326,0.30119,1.028160,1,0,20.4195,0,0,0,20.4195,0
67.548,2.45127,0,0,1.70241,0.108147,0.36288,3.6288,61.2943,0.342676,0,0,0.590105,0.26112,0,0.66528,12.849,1,0.458009,0.36288,0,22.4808,5.09134,17.2944,0.84672,12.849,0.84672,3695.15,0,18.483,0.103309,0.261274,1.61315,2.45494,1.2511,2.97495,0.42336,0,0,18.483,0.42336,442.007,0,0.936947,0,0,1.19822,0.261274,1.028160,1,0,20.2693,0,0,0,20.2693,0
66.1831,2.44508,0,0,1.55017,0.107118,0.36288,3.6288,61.2757,0.34168,0,0,0.584138,0.261098,0,0.66528,12.849,1,0.465103,0.36288,0,22.3069,5.09134,17.1134,0.84672,12.849,0.84672,3695.15,0,18.483,0.103032,0.261274,1.61365,2.36275,1.2511,2.88354,0.42336,0,0,18.483,0.42336,442.007,0,0.93865,0,0,1.19992,0.261274,1.028160,1,0,19.9969,0,0,0,19.9969,0
64.679,2.4378,0,0,1.40256,0.105968,0.36288,3.6288,61.1004,0.456335,0,0,0.542099,0.261067,0,0.66528,12.849,1,0.473282,0.36288,0,20.0318,5.09134,14.83,0.84672,12.849,0.84672,3695.15,0,18.483,0.137647,0.261274,1.61415,2.2661,1.2511,2.75277,0.42336,0,0,18.483,0.42336,442.007,0,0.789808,0,0,1.05108,0.261274,1.028160,1,0,17.5828,0,0,0,17.5828,0
63.2217,2.48607,0,0,1.46934,0.0777191,0.36288,3.6288,60.8239,0.497719,0,0,0.523021,0.301815,0,0.66528,12.849,1,0.493877,0.36288,0,20.6995,5.7637,14.8048,0.84672,12.849,0.84672,3695.15,0,18.483,0.150561,0.261274,1.61465,2.2167,1.47912,2.46295,0.42336,0,0,18.483,0.42336,442.007,0,0.769763,0,0,1.03104,0.261274,1.028160,1,0,17.2677,0,0,0,17.2677,0
61.8436,2.47737,0,0,1.53452,0.0723232,0.36288,3.6288,60.5554,0.497882,0,0,0.523217,0.293736,0,0.66528,12.849,1,0.503494,0.36288,0,20.3692,5.77395,14.4547,0.84672,12.849,0.84672,3695.15,0,18.483,0.151295,0.261274,1.65402,2.26291,1.4698,2.55711,0.42336,0,0,18.483,0.42336,442.007,0,0.769306,0,0,1.03058,0.261274,1.028160,1,0,17.0118,0,0,0,17.0118,0
60.2986,2.46885,0,0,1.35824,0.0715111,0.36288,3.6288,60.2412,0.51209,0,0,0.491089,0.293236,0,0.66528,12.849,1,0.512943,0.36288,0,19.2282,5.77395,13.3042,0.84672,12.849,0.84672,3695.15,0,18.483,0.156302,0.227405,1.65453,2.26416,1.4698,2.52,0.42336,0,0,18.483,0.42336,442.007,0,0.750531,0,0,0.977936,0.227405,1.028160,1,0,15.8242,0,0,0,15.8242,0
58.6482,2.45878,0,0,1.24184,0.0705997,0.36288,3.6288,59.8523,0.570658,0,0,0.474382,0.292651,0,0.66528,12.849,1,0.523939,0.36288,0,18.0573,5.77395,12.1223,0.84672,12.849,0.84672,3695.15,0,18.483,0.175087,0.227405,1.65505,2.15728,1.4698,2.39485,0.42336,0,0,18.483,0.42336,442.007,0,0.673618,0,0,0.901022,0.227405,1.028160,1,0,14.5172,0,0,0,14.5172,0
56.6851,2.61089,0,0,1.06176,0.0510972,0.36288,3.6288,59.363,0.66364,0,0,0.466646,0.292335,0,0.66528,12.849,1,0.57201,0.36288,0,16.894,5.96825,10.7166,0.84672,12.849,0.84672,3695.15,0,18.483,0.204939,0.227405,1.65556,2.10999,1.50289,2.28512,0.42336,0,0,18.483,0.42336,442.007,0,0.673462,0,0,0.900867,0.227405,1.028160,1,0,13.0017,0,0,0,13.0017,0
54.5625,2.59555,0,0,0.873228,0.037428,0.36288,3.6288,58.8714,0.645184,0,0,0.398622,0.245012,0,0.66528,12.849,1,0.588342,0.36288,0,14.7847,5.44131,9.11791,0.84672,12.849,0.84672,3695.15,0,18.483,0.200882,0.227405,1.78786,1.8403,1.49115,2.16353,0.42336,0,0,18.483,0.42336,442.007,0,0.696453,0,0,0.923858,0.227405,1.028160,1,0,11.2814,0,0,0,11.2814,0
52.4399,2.57782,0,0,0.854729,0.0366433,0.36288,3.6288,58.3336,0.66628,0,0,0.372703,0.244241,0,0.66528,12.849,1,0.607055,0.36288,0,13.4914,5.44131,7.80587,0.84672,12.849,0.84672,3695.15,0,18.483,0.209182,0.204422,1.78841,1.8471,1.49115,2.1396,0.42336,0,0,18.483,0.42336,442.007,0,0.667535,0,0,0.871957,0.204422,1.028160,1,0,9.94548,0,0,0,9.94548,0
50.724,2.55888,0,0,1.24178,0.0358587,0.36288,3.6288,57.9709,0.547478,0,0,0.428248,0.243398,0,0.66528,12.849,1,0.626985,0.36288,0,15.366,5.44131,9.66057,0.84672,12.849,0.84672,3695.15,0,18.483,0.173469,0.204422,1.78897,2.04792,1.49115,2.37669,0.42336,0,0,18.483,0.42336,442.007,0,0.822528,0,0,1.02695,0.204422,1.028160,1,0,12.0373,0,0,0,12.0373,0
49.5476,2.54274,0,0,1.78979,0.0605905,0.36288,3.6288,57.8225,0.481617,0,0,0.566844,0.23365,0,0.66528,12.849,1,0.644107,0.36288,0,25.07,5.3099,19.4789,0.84672,12.849,0.84672,3695.15,0,18.483,0.153555,0.204422,1.78952,2.27996,1.46463,2.65571,0.42336,0,0,18.483,0.42336,442.007,0,0.908781,0,0,1.1132,0.204422,1.028160,1,0,22.1346,0,0,0,22.1346,0
47.5405,2.45415,0,0,0.844036,0.0341505,0.36288,3.6288,57.4596,0.506241,0,0,0.355081,0.211779,0,0.66528,12.849,1,0.636425,0.36288,0,17.0287,5.0872,11.6679,0.84672,12.849,0.84672,3695.15,0,18.483,0.16182,0.204422,1.79007,1.20845,1.35555,1.68557,0.42336,0,0,18.483,0.42336,442.007,0,0.80206,0,0,1.00648,0.204422,1.028160,1,0,13.3535,0,0,0,13.3535,0
45.335,2.43375,0,0,0.62199,0.0308629,0.36288,3.6288,56.8243,0.730829,0,0,0.303953,0.208442,0,0.66528,12.849,1,0.657781,0.36288,0,9.21266,5.01827,3.89949,0.84672,12.849,0.84672,3695.15,0,18.483,0.235085,0.216518,1.71499,0.809084,1.3378,1.1677,0.42336,0,0,18.483,0.42336,442.007,0,0.504662,0,0,0.721181,0.216518,1.028160,1,0,5.06719,0,0,0,5.06719,0
44.0026,2.40956,0,0,1.53029,0.0902297,0.36288,3.6288,56.7602,0.334176,0,0,0.48347,0.213335,0,0.66528,12.849,1,0.682926,0.36288,0,12.2657,4.55506,7.39058,0.84672,12.849,0.84672,3695.15,0,18.483,0.108696,0.593136,1.71552,2.10442,1.23824,3.06614,0.42336,0,0,18.483,0.42336,442.007,0,1.02816,0,0,1.6213,0.593136,1.028160,1,0,10.4567,0,0,0,10.4567,0
42.4907,2.3943,0,0,1.36585,0.120525,0.36288,3.6288,56.7424,0.334427,0,0,0.543435,0.226802,0,0.66528,12.849,1,0.699148,0.36288,0,20.6404,4.35855,15.9456,0.84672,12.849,0.84672,3695.15,0,18.483,0.1089,0.216769,1.71605,1.57699,1.16886,2.23205,0.42336,0,0,18.483,0.42336,442.007,0,1.02816,0,0,1.24493,0.216769,1.028160,1,0,18.1777,0,0,0,18.1777,0
42.163,2.31455,0,0,2.46494,0.115253,0.36288,3.6288,56.6837,0.325853,0,0,0.493014,0.225902,0,0.66528,12.849,1,0.69991,0.36288,0,16.4047,4.33644,11.7312,0.84672,12.849,0.84672,3695.15,0,18.483,0.106142,0.216518,1.71658,2.01361,1.07671,2.76386,0.42336,0,0,18.483,0.42336,442.007,0,0.972225,0,0,1.18874,0.216518,1.028160,1,0,14.4951,0,0,0,14.4951,0
42.2843,2.3111,0,0,2.97322,0.177964,0.36288,3.6288,56.4489,0.420135,0,0,0.400738,0.215396,0,0.66528,12.849,1,0.704298,0.36288,0,23.782,4.39782,19.0428,0.84672,12.849,0.84672,3695.15,0,18.483,0.136995,0.216518,1.64981,2.04444,1.06958,2.70419,0.42336,0,0,18.483,0.42336,442.007,0,0.847524,0,0,1.06404,0.216518,1.028160,1,0,21.747,0,0,0,21.747,0
41.9564,2.31336,0,0,2.52658,0.178215,0.36288,3.6288,56.3872,0.296333,0,0,0.449735,0.215067,0,0.66528,12.849,1,0.702966,0.36288,0,19.4408,4.39782,14.7029,0.84672,12.849,0.84672,3695.15,0,18.483,0.0970281,0.292723,1.65032,2.27239,1.06958,3.04882,0.42336,0,0,18.483,0.42336,442.007,0,1.01173,0,0,1.30445,0.292723,1.028160,1,0,17.7517,0,0,0,17.7517,0
46.8882,2.30987,0,0,7.78212,0.177535,0.36288,3.6288,57.3273,0.284204,0,0,1.43923,0.21498,0,0.66528,12.849,1,0.707391,0.36288,0,67.3554,4.39782,62.613,0.84672,12.849,0.84672,3695.15,0,18.483,0.0931585,3.14359,1.65083,5.40334,1.06958,9.03503,0.42336,0,0,18.483,0.42336,442.007,0,1.02816,0,0,4.17175,3.14359,1.028160,1,0,71.6481,0,0,0,71.6481,0
50.6317,2.19059,0,0,6.50515,0.208202,0.36288,3.6288,58.2583,0.178896,0,0,1.31306,0.203094,0,0.66528,12.849,1,0.600299,0.36288,0,60.3632,4.26497,55.8608,0.84672,12.849,0.84672,3695.15,0,18.483,0.0576782,1.21723,1.65134,5.1718,1.03386,6.94883,0.42336,0,0,18.483,0.42336,442.007,0,1.02816,0,0,2.24539,1.21723,1.028160,1,0,62.8096,0,0,0,62.8096,0
56.2917,2.22668,0,0,8.46262,0.213031,0.36288,3.6288,59.2704,0.179893,0,0,1.42413,0.232134,0,0.66528,12.849,1,0.565074,0.36288,0,63.6333,4.99138,58.4398,0.84672,12.849,0.84672,3695.15,0,18.483,0.0570726,2.31509,1.50015,7.10058,1.2511,9.60763,0.42336,0,0,18.483,0.42336,442.007,0,1.02816,0,0,3.34325,2.31509,1.028160,1,0,68.0474,0,0,0,68.0474,0
60.6355,2.27364,0,0,7.2487,0.268389,0.36288,3.6288,59.9215,0.180934,0,0,1.08159,0.249631,0,0.66528,12.849,1,0.518976,0.36288,0,77.7047,4.56152,72.9871,0.84672,12.849,0.84672,3695.15,0,18.483,0.0564227,1.72957,1.50061,6.8323,1.10262,8.90345,0.42336,0,0,18.483,0.42336,442.007,0,1.02816,0,0,2.75773,1.72957,1.028160,1,0,81.8905,0,0,0,81.8905,0
65.0421,2.30503,0,0,7.35433,0.27984,0.36288,3.6288,60.8875,0.181701,0,0,1.39839,0.250672,0,0.66528,12.849,1,0.488449,0.36288,0,101.666,4.56152,96.9789,0.84672,12.849,0.84672,3695.15,0,18.483,0.0560465,2.18425,1.50107,7.94388,1.10262,10.4705,0.42336,0,0,18.483,0.42336,442.007,0,1.02816,0,0,3.21241,2.18425,1.028160,1,0,107.449,0,0,0,107.449,0
70.8885,2.33339,0,0,8.83284,0.290105,0.36288,3.6288,61.308,0.182684,0,0,1.51034,0.252216,0.654928,0.66528,12.849,1,0.460959,0.36288,0,149.691,4.56152,145.032,0.84672,12.849,0.84672,3695.15,0,18.483,0.0554555,2.20365,1.50154,6.41294,1.10262,8.96006,0.42336,0,0,18.483,0.42336,442.007,0,1.02816,0,0,3.23181,2.20365,1.028160,1,0,154.647,0,0,0,154.647,0
72.29,2.44041,0,0,7.6445,0.260079,3.54256,3.6288,61.308,0.214738,0,0,2.11683,0.240271,1.66183,0.66528,12.849,1,0.44234,3.54256,0,125.947,4.03599,125.011,0.84672,12.849,0.84672,3695.15,0,18.483,0.0647387,3.20935,1.502,9.30563,1.02299,12.9293,0.42336,0,0,18.483,0.42336,442.007,0,1.02816,0,0,4.23751,3.20935,1.028160,1,0,139.602,0,0,0,139.602,0
72.29,2.44842,0,0,4.55287,0.245229,1.85922,3.6288,61.308,0.215035,0,0,1.62123,0.235224,1.17097,0.66528,12.849,1,0.435188,1.85922,0,119.804,3.83229,117.396,0.84672,12.849,0.84672,3695.15,0,18.483,0.0648284,2.31974,1.55051,8.44111,0.99114,11.2554,0.42336,0,0,18.483,0.42336,442.007,0,1.02816,0,0,3.3479,2.31974,1.028160,1,0,129.822,0,0,0,129.822,0
72.29,2.44914,0,0,5.26708,0.245229,2.57271,3.6288,61.308,0.215333,0,0,1.88569,0.235224,1.43513,0.66528,12.849,1,0.435317,2.57271,0,94.1406,3.82578,92.4522,0.84672,12.849,0.84672,3695.15,0,18.483,0.0649181,2.96965,1.55097,9.42564,0.99114,12.8902,0.42336,0,0,18.483,0.42336,442.007,0,1.02816,0,0,3.99781,2.96965,1.028160,1,0,106.778,0,0,0,106.778,0
72.29,2.44987,0,0,5.53729,0.288187,2.79923,3.6288,61.308,0.215631,0,0,1.75219,0.221957,1.3146,0.66528,12.849,1,0.435446,2.79923,0,114.851,3.91856,113.296,0.84672,12.849,0.84672,3695.15,0,18.483,0.0650079,2.69942,1.55143,9.3458,1.07558,12.4561,0.42336,0,0,18.483,0.42336,442.007,0,1.02816,0,0,3.72758,2.69942,1.028160,1,0,127.067,0,0,0,127.067,0
72.29,2.68962,0,0,4.39271,0.308571,1.39452,3.6288,61.308,0.334204,0,0,1.66115,0.215829,1.11112,0.66528,12.849,1,0.478059,1.39452,0,97.0047,4.05314,93.8681,0.84672,12.849,0.84672,3695.15,0,18.483,0.100755,2.24574,1.55189,8.82628,1.12614,11.397,0.42336,0,0,18.483,0.42336,442.007,0,1.02816,0,0,3.2739,2.24574,1.028160,1,0,106.376,0,0,0,106.376,0
72.29,2.69042,0,0,3.74998,0.316574,0.742995,3.6288,61.308,0.334537,0,0,1.77371,0.213779,1.22539,0.66528,12.849,1,0.478201,0.742995,0,90.3839,4.29681,86.3519,0.84672,12.849,0.84672,3695.15,0,18.483,0.100855,2.19722,1.72403,8.98266,1.1681,11.635,0.42336,0,0,18.483,0.42336,442.007,0,1.02816,0,0,3.22538,2.19722,1.028160,1,0,99.2122,0,0,0,99.2122,0
72.29,2.69121,0,0,4.3981,0.316574,1.39031,3.6288,61.308,0.334869,0,0,1.87707,0.213779,1.32842,0.66528,12.849,1,0.478343,1.39031,0,108.032,4.29681,104.647,0.84672,12.849,0.84672,3695.15,0,18.483,0.100956,2.18836,1.72454,9.46408,1.1681,12.1079,0.42336,0,0,18.483,0.42336,442.007,0,1.02816,0,0,3.21652,2.18836,1.028160,1,0,118.083,0,0,0,118.083,0
72.29,2.69201,0,0,4.53021,0.310987,1.52722,3.6288,61.308,0.335202,0,0,1.93809,0.205564,1.39732,0.66528,12.849,1,0.478484,1.52722,0,111.641,4.111,108.579,0.84672,12.849,0.84672,3695.15,0,18.483,0.101056,2.56727,1.72505,10.499,1.11331,13.5769,0.42336,0,0,18.483,0.42336,442.007,0,1.02816,0,0,3.59543,2.56727,1.028160,1,0,123.553,0,0,0,123.553,0
72.29,2.35148,0,0,4.23443,0.28278,1.60017,3.6288,61.308,0.176621,0,0,1.99697,0.211012,1.60934,0.66528,12.849,1,0.417957,1.60017,0,102.647,3.90526,99.9236,0.84672,12.849,0.84672,3695.15,0,18.483,0.0532472,2.23241,1.72556,9.3234,0.964308,12.2638,0.42336,0,0,18.483,0.42336,442.007,0,1.02816,0,0,3.26057,2.23241,1.028160,1,0,113.797,0,0,0,113.797,0
72.29,2.35217,0,0,5.32791,0.284412,2.69132,3.6288,61.308,0.176907,0,0,2.28107,0.182618,1.92155,0.66528,12.849,1,0.418081,2.69132,0,86.7966,3.86274,85.2071,0.84672,12.849,0.84672,3695.15,0,18.483,0.0533335,1.71341,1.49094,14.5671,0.843905,16.8742,0.42336,0,0,18.483,0.42336,442.007,0,1.02816,0,0,2.74157,1.71341,1.028160,1,0,104.003,0,0,0,104.003,0
72.29,2.35287,0,0,4.19608,0.284412,1.55881,3.6288,61.308,0.177193,0,0,1.28211,0.182618,0.922296,0.66528,12.849,1,0.418204,1.55881,0,71.6835,3.86274,68.9613,0.84672,12.849,0.84672,3695.15,0,18.483,0.0534198,0.847515,1.49139,7.98032,0.843905,9.42189,0.42336,0,0,18.483,0.42336,442.007,0,1.02816,0,0,1.87567,0.847515,1.028160,1,0,79.3055,0,0,0,79.3055,0
72.29,2.35356,0,0,3.65648,0.284412,1.01851,3.6288,61.308,0.177479,0,0,1.36807,0.182618,1.00798,0.66528,12.849,1,0.418328,1.01851,0,63.4272,3.86274,60.1646,0.84672,12.849,0.84672,3695.15,0,18.483,0.053506,0.717794,1.49183,6.8712,0.843905,8.18341,0.42336,0,0,18.483,0.42336,442.007,0,1.02816,0,0,1.74595,0.717794,1.028160,1,0,69.356,0,0,0,69.356,0
72.29,2.35426,0,0,6.12965,0.283729,3.49166,3.6288,61.308,0.177765,0,0,1.98033,0.176891,1.62568,0.66528,12.849,1,0.418452,3.49166,0,128.993,3.77308,128.294,0.84672,12.849,0.84672,3695.15,0,18.483,0.0535923,2.07541,1.49227,11.3785,0.82855,14.064,0.42336,0,0,18.483,0.42336,442.007,0,1.02816,0,0,3.10357,2.07541,1.028160,1,0,143.983,0,0,0,143.983,0
72.29,2.441,0,0,5.06531,0.267423,2.35689,3.6288,61.308,0.216986,0,0,1.3965,0.151246,1.02827,0.66528,12.849,1,0.433869,2.35689,0,102.711,4.37267,100.262,0.84672,12.849,0.84672,3695.15,0,18.483,0.0654164,1.16402,1.49271,10.5137,0.854238,12.2507,0.42336,0,0,18.483,0.42336,442.007,0,1.02816,0,0,2.19218,1.16402,1.028160,1,0,113.541,0,0,0,113.541,0
72.29,2.44172,0,0,4.63796,0.279751,1.91649,3.6288,61.308,0.217283,0,0,1.41826,0.171889,1.02908,0.66528,12.849,1,0.433998,1.91649,0,91.0976,4.00722,88.5728,0.84672,12.849,0.84672,3695.15,0,18.483,0.0655061,1.14472,1.55129,9.15287,0.872966,10.9104,0.42336,0,0,18.483,0.42336,442.007,0,1.02816,0,0,2.17288,1.14472,1.028160,1,0,100.512,0,0,0,100.512,0
72.29,2.44244,0,0,7.51153,0.282145,4.78694,3.6288,61.308,0.217581,0,0,2.1741,0.175087,1.78143,0.66528,12.849,1,0.434126,4.78694,0,153.572,3.91472,154.01,0.84672,12.849,0.84672,3695.15,0,18.483,0.065596,2.67613,1.55175,15.0829,0.872814,18.3724,0.42336,0,0,18.483,0.42336,442.007,0,1.02816,0,0,3.70429,2.67613,1.028160,1,0,174.164,0,0,0,174.164,0
72.29,2.44317,0,0,5.90967,0.282145,3.18436,3.6288,61.308,0.217879,0,0,1.93801,0.175087,1.54505,0.66528,12.849,1,0.434254,3.18436,0,118.256,3.91472,117.091,0.84672,12.849,0.84672,3695.15,0,18.483,0.0656858,1.90333,1.55221,12.5899,0.872814,15.107,0.42336,0,0,18.483,0.42336,442.007,0,1.02816,0,0,2.93149,1.90333,1.028160,1,0,133.743,0,0,0,133.743,0
72.29,2.41021,0,0,4.44123,0.254588,1.77643,3.6288,61.308,0.203038,0,0,1.32532,0.188597,0.933681,0.66528,12.849,1,0.428396,1.77643,0,80.8946,3.9803,78.2623,0.84672,12.849,0.84672,3695.15,0,18.483,0.0612114,1.23368,1.55267,8.42486,0.895063,10.2549,0.42336,0,0,18.483,0.42336,442.007,0,1.02816,0,0,2.26184,1.23368,1.028160,1,0,89.451,0,0,0,89.451,0
72.29,2.41092,0,0,3.41376,0.23392,0.76892,3.6288,61.308,0.203331,0,0,0.885306,0.198729,0.483246,0.66528,12.849,1,0.428523,0.76892,0,60.1989,4.02948,56.5098,0.84672,12.849,0.84672,3695.15,0,18.483,0.0612999,0.739463,1.53047,5.81462,0.911749,7.1115,0.42336,0,0,18.483,0.42336,442.007,0,1.02816,0,0,1.76762,0.739463,1.028160,1,0,64.1045,0,0,0,64.1045,0
72.2805,2.41163,0,0,2.9989,0.23392,0.36288,3.6288,61.308,0.203625,0,0,0.853027,0.198729,0.450674,0.66528,12.849,1,0.428649,0.36288,0,55.945,4.02948,51.8497,0.84672,12.849,0.84672,3695.15,0,18.483,0.0613884,0.608351,1.53092,5.70623,0.911749,6.87236,0.42336,0,0,18.483,0.42336,442.007,0,1.02816,0,0,1.63651,0.608351,1.028160,1,0,59.1727,0,0,0,59.1727,0
72.29,2.4123,0,0,3.40076,0.233903,0.745025,3.6288,61.308,0.203919,0,0,0.890456,0.198729,0.487808,0.66528,12.849,1,0.428824,0.745025,0,62.7333,4.02948,59.02,0.84672,12.849,0.84672,3695.15,0,18.483,0.061477,0.489836,1.53137,6.60106,0.911749,7.64905,0.42336,0,0,18.483,0.42336,442.007,0,1.02816,0,0,1.518,0.489836,1.028160,1,0,67.1569,0,0,0,67.1569,0
72.2227,2.52753,0,0,2.98498,0.161909,0.36288,3.6288,61.308,0.257965,0,0,0.767265,0.230762,0.278538,0.66528,12.849,1,0.449249,0.36288,0,53.0494,4.4247,48.5384,0.84672,12.849,0.84672,3695.15,0,18.483,0.0777706,0.45462,1.53183,5.4485,0.98698,6.3702,0.42336,0,0,18.483,0.42336,442.007,0,1.02816,0,0,1.48278,0.45462,1.028160,1,0,55.1871,0,0,0,55.1871,0
72.1101,2.52792,0,0,2.96717,0.188973,0.36288,3.6288,61.308,0.258274,0,0,0.882757,0.210919,0.413564,0.66528,12.849,1,0.449737,0.36288,0,48.0362,4.03767,43.9117,0.84672,12.849,0.84672,3695.15,0,18.483,0.077864,0.567562,1.61159,5.16671,0.839531,6.42847,0.42336,0,0,18.483,0.42336,442.007,0,1.02816,0,0,1.59572,0.567562,1.028160,1,0,50.7537,0,0,0,50.7537,0
71.6165,2.52807,0,0,2.58619,0.188811,0.36288,3.6288,61.308,0.258584,0,0,0.756674,0.210919,0.287171,0.66528,12.849,1,0.450466,0.36288,0,42.3071,4.03767,38.1819,0.84672,12.849,0.84672,3695.15,0,18.483,0.0779573,0.358059,1.61207,4.52279,0.839531,5.57543,0.42336,0,0,18.483,0.42336,442.007,0,1.02816,0,0,1.38622,0.358059,1.028160,1,0,44.0445,0,0,0,44.0445,0
70.796,2.52618,0,0,2.25666,0.188103,0.36288,3.6288,61.308,0.258894,0,0,0.695739,0.210919,0.225926,0.66528,12.849,1,0.453232,0.36288,0,39.9037,4.03767,35.7756,0.84672,12.849,0.84672,3695.15,0,18.483,0.0780507,0.394226,1.61255,4.63933,0.839531,5.72852,0.42336,0,0,18.483,0.42336,442.007,0,1.02816,0,0,1.42239,0.394226,1.028160,1,0,41.7301,0,0,0,41.7301,0
69.7793,2.52248,0,0,2.05555,0.186926,0.36288,3.6288,61.308,0.275847,0,0,0.627017,0.210919,0.140252,0.66528,12.849,1,0.457813,0.36288,0,36.5267,4.03767,32.3941,0.84672,12.849,0.84672,3695.15,0,18.483,0.0831616,0.30119,1.61302,4.41308,0.839531,5.4046,0.42336,0,0,18.483,0.42336,442.007,0,1.0065,0,0,1.30769,0.30119,1.028160,1,0,37.939,0,0,0,37.939,0
68.725,2.49504,0,0,1.94031,0.136646,0.36288,3.6288,61.308,0.2891,0,0,0.871265,0.236154,0.346011,0.66528,12.849,1,0.459432,0.36288,0,39.8504,4.85882,34.8951,0.84672,12.849,0.84672,3695.15,0,18.483,0.0871573,0.568261,1.6135,5.24874,1.07913,6.26421,0.42336,0,0,18.483,0.42336,442.007,0,1.02816,0,0,1.59642,0.568261,1.028160,1,0,41.5053,0,0,0,41.5053,0
67.5394,2.48984,0,0,1.79999,0.132854,0.36288,3.6288,61.308,0.289419,0,0,0.905653,0.234598,0.381637,0.66528,12.849,1,0.465507,0.36288,0,39.8846,4.88155,34.9004,0.84672,12.849,0.84672,3695.15,0,18.483,0.0872533,0.691459,1.63872,5.22913,1.08792,6.38413,0.42336,0,0,18.483,0.42336,442.007,0,1.02816,0,0,1.71962,0.691459,1.028160,1,0,41.6662,0,0,0,41.6662,0
66.2063,2.48371,0,0,1.64506,0.131625,0.36288,3.6288,61.308,0.289738,0,0,0.84691,0.234598,0.322575,0.66528,12.849,1,0.472512,0.36288,0,37.5151,4.88155,32.5239,0.84672,12.849,0.84672,3695.15,0,18.483,0.0873495,0.441435,1.63921,4.97594,1.08792,5.88131,0.42336,0,0,18.483,0.42336,442.007,0,1.02816,0,0,1.46959,0.441435,1.028160,1,0,38.7278,0,0,0,38.7278,0
64.7675,2.47647,0,0,1.51267,0.112082,0.36288,3.6288,61.308,0.290056,0,0,0.80257,0.278474,0.234039,0.66528,12.849,1,0.480622,0.36288,0,33.5886,5.44616,28.0247,0.84672,12.849,0.84672,3695.15,0,18.483,0.0874456,0.442403,1.63969,4.7378,1.29401,5.43844,0.42336,0,0,18.483,0.42336,442.007,0,1.02816,0,0,1.47056,0.442403,1.028160,1,0,33.6972,0,0,0,33.6972,0
63.2908,2.52589,0,0,1.50976,0.0976602,0.36288,3.6288,61.308,0.316775,0,0,0.854081,0.319041,0.218266,0.66528,12.849,1,0.501103,0.36288,0,29.9191,6.00433,23.7766,0.84672,12.849,0.84672,3695.15,0,18.483,0.0955005,0.380462,1.64017,4.48581,1.48415,4.92679,0.42336,0,0,18.483,0.42336,442.007,0,1.02816,0,0,1.40862,0.380462,1.028160,1,0,28.9216,0,0,0,28.9216,0
61.8633,2.51692,0,0,1.54916,0.0969301,0.36288,3.6288,61.308,0.317101,0,0,0.94176,0.329254,0.295405,0.66528,12.849,1,0.510973,0.36288,0,41.0225,6.18398,34.6905,0.84672,12.849,0.84672,3695.15,0,18.483,0.095599,0.622305,1.68014,4.87347,1.53158,5.54873,0.42336,0,0,18.483,0.42336,442.007,0,1.02816,0,0,1.65046,0.622305,1.028160,1,0,40.5346,0,0,0,40.5346,0
60.3415,2.5079,0,0,1.44483,0.0958033,0.36288,3.6288,61.308,0.317428,0,0,0.834149,0.329254,0.187467,0.66528,12.849,1,0.52089,0.36288,0,32.4526,6.18398,26.1106,0.84672,12.849,0.84672,3695.15,0,18.483,0.0956975,0.601059,1.68064,4.44835,1.53158,5.10276,0.42336,0,0,18.483,0.42336,442.007,0,1.02816,0,0,1.62922,0.601059,1.028160,1,0,31.4009,0,0,0,31.4009,0
58.7005,2.4978,0,0,1.31421,0.094602,0.36288,3.6288,61.308,0.317755,0,0,0.78351,0.329254,0.136501,0.66528,12.849,1,0.531877,0.36288,0,29.8414,6.18398,23.4884,0.84672,12.849,0.84672,3695.15,0,18.483,0.0957961,0.346092,1.68113,4.07118,1.53158,4.47102,0.42336,0,0,18.483,0.42336,442.007,0,1.02816,0,0,1.37425,0.346092,1.028160,1,0,28.0959,0,0,0,28.0959,0
57.0879,2.65239,0,0,1.48689,0.0841464,0.36288,3.6288,61.308,0.413483,0,0,0.952586,0.323063,0.21604,0.66528,12.849,1,0.580584,0.36288,0,30.6881,6.32547,24.1449,0.84672,12.849,0.84672,3695.15,0,18.483,0.124656,0.830615,1.68163,5.96844,1.56846,6.78757,0.42336,0,0,18.483,0.42336,442.007,0,1.02816,0,0,1.85878,0.830615,1.028160,1,0,31.1485,0,0,0,31.1485,0
55.0084,2.63978,0,0,1.00256,0.0794295,0.36288,3.6288,61.308,0.413838,0,0,0.862021,0.294076,0.154108,0.66528,12.849,1,0.594146,0.36288,0,23.7518,6.04432,17.4762,0.84672,12.849,0.84672,3695.15,0,18.483,0.124763,0.584349,1.81598,4.11062,1.42383,4.96236,0.42336,0,0,18.483,0.42336,442.007,0,1.02816,0,0,1.61251,0.584349,1.028160,1,0,22.5927,0,0,0,22.5927,0
52.8442,2.62235,0,0,0.898871,0.0778046,0.36288,3.6288,61.308,0.414193,0,0,0.78141,0.294076,0.0731416,0.66528,12.849,1,0.612534,0.36288,0,21.2035,6.04432,14.9095,0.84672,12.849,0.84672,3695.15,0,18.483,0.12487,0.479676,1.81652,4.00846,1.42383,4.75596,0.42336,0,0,18.483,0.42336,442.007,0,1.02816,0,0,1.50784,0.479676,1.028160,1,0,19.7386,0,0,0,19.7386,0
50.8782,2.60293,0,0,1.07584,0.0761136,0.36288,3.6288,61.308,0.414548,0,0,0.839454,0.294076,0.13083,0.66528,12.849,1,0.6329,0.36288,0,21.9443,6.04432,15.63,0.84672,12.849,0.84672,3695.15,0,18.483,0.124977,0.609371,1.81705,4.39679,1.42383,5.27441,0.42336,0,0,18.483,0.42336,442.007,0,1.02816,0,0,1.63753,0.609371,1.028160,1,0,21.0352,0,0,0,21.0352,0
49.6751,2.58417,0,0,1.83959,0.0956349,0.36288,3.6288,61.308,0.414903,0,0,1.0782,0.288712,0.374587,0.66528,12.849,1,0.652618,0.36288,0,36.4688,5.8959,30.2832,0.84672,12.849,0.84672,3695.15,0,18.483,0.125084,0.879267,1.81759,4.8669,1.40562,6.03305,0.42336,0,0,18.483,0.42336,442.007,0,1.02816,0,0,1.90743,0.879267,1.028160,1,0,36.6908,0,0,0,36.6908,0
48.4958,2.49389,0,0,1.78368,0.106123,0.36288,3.6288,61.308,0.357269,0,0,1.27766,0.252149,0.668239,0.66528,12.849,1,0.645071,0.36288,0,26.3539,4.96956,21.1021,0.84672,12.849,0.84672,3695.15,0,18.483,0.107709,0.72265,1.81812,5.43402,1.25379,6.61329,0.42336,0,0,18.483,0.42336,442.007,0,1.02816,0,0,1.75081,0.72265,1.028160,1,0,28.3837,0,0,0,28.3837,0
46.8644,2.48222,0,0,1.32531,0.111678,0.36288,3.6288,61.308,0.357607,0,0,1.08524,0.240998,0.486631,0.66528,12.849,1,0.657665,0.36288,0,20.87,4.51584,16.0594,0.84672,12.849,0.84672,3695.15,0,18.483,0.107811,0.286926,1.74184,4.8132,1.19742,5.53673,0.42336,0,0,18.483,0.42336,442.007,0,1.02816,0,0,1.31509,0.286926,1.028160,1,0,22.0827,0,0,0,22.0827,0
45.3327,2.46498,0,0,1.42037,0.12418,0.36288,3.6288,61.308,0.357945,0,0,1.77574,0.237867,1.17992,0.66528,12.849,1,0.675832,0.36288,0,36.6498,4.34826,31.9885,0.84672,12.849,0.84672,3695.15,0,18.483,0.107913,1.41112,1.74235,6.65493,1.1559,8.54458,0.42336,0,0,18.483,0.42336,442.007,0,1.02816,0,0,2.43928,1.41112,1.028160,1,0,41.7131,0,0,0,41.7131,0
45.8605,2.44791,0,0,3.49626,0.157666,0.36288,3.6288,61.308,0.358284,0,0,2.19097,0.23004,1.60264,0.66528,12.849,1,0.693829,0.36288,0,64.3075,3.92931,60.0473,0.84672,12.849,0.84672,3695.15,0,18.483,0.108015,1.39163,1.74287,10.1386,1.05211,12.113,0.42336,0,0,18.483,0.42336,442.007,0,1.02816,0,0,2.41979,1.39163,1.028160,1,0,73.7629,0,0,0,73.7629,0
45.7086,2.39145,0,0,2.77301,0.170615,0.36288,3.6288,61.308,0.305775,0,0,1.5933,0.238655,1.04887,0.66528,12.849,1,0.670026,0.36288,0,58.1427,4.11162,53.7239,0.84672,12.849,0.84672,3695.15,0,18.483,0.0921842,1.11332,1.74338,13.8332,1.06981,15.528,0.42336,0,0,18.483,0.42336,442.007,0,1.02816,0,0,2.14148,1.11332,1.028160,1,0,70.3008,0,0,0,70.3008,0
44.755,2.39042,0,0,2.00002,0.200309,0.36288,3.6288,61.308,0.306098,0,0,0.959152,0.260194,0.392861,0.66528,12.849,1,0.671963,0.36288,0,39.7847,4.5674,34.9082,0.84672,12.849,0.84672,3695.15,0,18.483,0.0922816,0.47253,1.67554,6.1441,1.11406,7.08583,0.42336,0,0,18.483,0.42336,442.007,0,1.02816,0,0,1.50069,0.47253,1.028160,1,0,42.3869,0,0,0,42.3869,0
46.158,2.37999,0,0,4.344,0.198171,0.36288,3.6288,61.308,0.306421,0,0,2.95563,0.260194,2.38902,0.66528,12.849,1,0.683288,0.36288,0,79.7714,4.5674,74.8836,0.84672,12.849,0.84672,3695.15,0,18.483,0.092379,3.40616,1.67603,12.8571,1.11406,16.7329,0.42336,0,0,18.483,0.42336,442.007,0,1.02816,0,0,4.43432,3.40616,1.028160,1,0,94.0055,0,0,0,94.0055,0
45.7843,2.39695,0,0,2.58744,0.201316,0.36288,3.6288,61.308,0.306744,0,0,1.41985,0.260194,0.852917,0.66528,12.849,1,0.667238,0.36288,0,49.6043,4.5674,44.7326,0.84672,12.849,0.84672,3695.15,0,18.483,0.0924764,1.02844,1.67653,6.96056,1.11406,8.45899,0.42336,0,0,18.483,0.42336,442.007,0,1.02816,0,0,2.0566,1.02844,1.028160,1,0,54.0445,0,0,0,54.0445,0
47.7062,2.21315,0,0,4.70287,0.204903,0.36288,3.6288,61.308,0.196871,0,0,2.24077,0.266636,1.77726,0.66528,12.849,1,0.621103,0.36288,0,91.1411,4.70514,86.1778,0.84672,12.849,0.84672,3695.15,0,18.483,0.0593522,1.57532,1.67702,11.8509,1.1529,13.891,0.42336,0,0,18.483,0.42336,442.007,0,1.02816,0,0,2.60348,1.57532,1.028160,1,0,101.846,0,0,0,101.846,0
54.0775,2.23352,0,0,9.19015,0.222467,0.36288,3.6288,61.308,0.197162,0,0,7.91177,0.206623,7.50798,0.66528,12.849,1,0.601567,0.36288,0,165.592,4.30437,161.049,0.84672,12.849,0.84672,3695.15,0,18.483,0.0594398,6.0136,1.52345,22.4181,1.06358,28.8322,0.42336,0,0,18.483,0.42336,442.007,0,1.02816,0,0,7.04176,6.0136,1.028160,1,0,197.389,0,0,0,197.389,0
59.7491,2.29146,0,0,8.5638,0.237874,0.36288,3.6288,61.308,0.197452,0,0,8.80534,0.206623,8.40127,0.66528,12.849,1,0.54446,0.36288,0,167.399,4.30437,162.913,0.84672,12.849,0.84672,3695.15,0,18.483,0.0595275,5.45387,1.5239,23.1525,1.06358,29.0072,0.42336,0,0,18.483,0.42336,442.007,0,1.02816,0,0,6.48203,5.45387,1.028160,1,0,200.322,0,0,0,200.322,0
64.2117,2.33468,0,0,7.41174,0.251551,0.36288,3.6288,61.308,0.197743,0,0,9.55688,0.206623,9.15251,0.66528,12.849,1,0.502073,0.36288,0,145.69,4.30437,141.247,0.84672,12.849,0.84672,3695.15,0,18.483,0.0596152,5.62981,1.52435,24.5198,1.06358,30.5508,0.42336,0,0,18.483,0.42336,442.007,0,1.02816,0,0,6.65797,5.62981,1.028160,1,0,180.95,0,0,0,180.95,0
67.5349,2.36446,0,0,6.31166,0.261139,0.36288,3.6288,61.308,0.198034,0,0,5.61923,0.206623,5.21457,0.66528,12.849,1,0.473137,0.36288,0,109.764,4.30437,105.35,0.84672,12.849,0.84672,3695.15,0,18.483,0.0597029,4.57753,1.5248,21.6567,1.06358,26.6357,0.42336,0,0,18.483,0.42336,442.007,0,1.02816,0,0,5.60569,4.57753,1.028160,1,0,137.2,0,0,0,137.2,0
72.29,2.45941,0,0,11.1719,0.267865,3.68949,3.6288,61.308,0.230273,0,0,9.78009,0.177797,9.37202,0.66528,12.849,1,0.46792,3.68949,0,200.314,3.66597,199.87,0.84672,12.849,0.84672,3695.15,0,18.483,0.0694223,4.29696,1.52525,23.4597,0.990873,28.2216,0.42336,0,0,18.483,0.42336,442.007,0,1.02816,0,0,5.32512,4.29696,1.028160,1,0,237.463,0,0,0,237.463,0
72.29,2.48624,0,0,12.0494,0.288954,9.27423,3.6288,61.308,0.230562,0,0,8.25572,0.153227,7.87193,0.66528,12.849,1,0.441911,9.27423,0,316.345,3.27092,321.906,0.84672,12.849,0.84672,3695.15,0,18.483,0.0695092,9.0916,1.57448,28.7739,0.971854,38.3986,0.42336,0,0,18.483,0.42336,442.007,0,1.02816,0,0,10.1198,9.0916,1.028160,1,0,368.177,0,0,0,368.177,0
72.29,2.48694,0,0,11.8735,0.315862,9.07071,3.6288,61.308,0.23085,0,0,5.59632,0.154333,5.21114,0.66528,12.849,1,0.442035,9.07071,0,265.601,3.34089,270.889,0.84672,12.849,0.84672,3695.15,0,18.483,0.069596,11.0623,1.57493,25.4902,1.04067,37.0172,0.42336,0,0,18.483,0.42336,442.007,0,1.02816,0,0,12.0905,11.0623,1.028160,1,0,313.118,0,0,0,313.118,0
72.29,2.48765,0,0,7.72502,0.315862,4.92152,3.6288,61.308,0.231138,0,0,3.41597,0.154333,3.0305,0.66528,12.849,1,0.44216,4.92152,0,193.3,3.34089,194.439,0.84672,12.849,0.84672,3695.15,0,18.483,0.069683,5.35443,1.57537,14.0343,1.04067,19.8537,0.42336,0,0,18.483,0.42336,442.007,0,1.02816,0,0,6.38259,5.35443,1.028160,1,0,217.323,0,0,0,217.323,0
72.29,2.73106,0,0,6.14908,0.319184,3.09884,3.6288,61.308,0.351524,0,0,2.59125,0.159887,2.07984,0.66528,12.849,1,0.485425,3.09884,0,148.808,3.41922,148.003,0.84672,12.849,0.84672,3695.15,0,18.483,0.105977,3.11609,1.57582,9.57528,1.05631,13.1049,0.42336,0,0,18.483,0.42336,442.007,0,1.02816,0,0,4.14425,3.11609,1.028160,1,0,163.187,0,0,0,163.187,0
72.29,2.73183,0,0,6.16562,0.334316,3.09947,3.6288,61.308,0.351846,0,0,3.98508,0.209831,3.4234,0.66528,12.849,1,0.485562,3.09947,0,154.427,4.25964,152.781,0.84672,12.849,0.84672,3695.15,0,18.483,0.106074,4.35625,1.75059,12.758,1.17958,17.5792,0.42336,0,0,18.483,0.42336,442.007,0,1.02816,0,0,5.38441,4.35625,1.028160,1,0,173.784,0,0,0,173.784,0
72.29,2.7326,0,0,6.17318,0.327256,3.11332,3.6288,61.308,0.352168,0,0,4.64477,0.216477,4.07612,0.66528,12.849,1,0.485699,3.11332,0,157.398,4.55327,155.473,0.84672,12.849,0.84672,3695.15,0,18.483,0.106171,4.619,1.75108,11.9214,1.17653,17.0088,0.42336,0,0,18.483,0.42336,442.007,0,1.02816,0,0,5.64716,4.619,1.028160,1,0,176.558,0,0,0,176.558,0
72.29,2.73337,0,0,12.5741,0.326372,9.51431,3.6288,61.308,0.352491,0,0,6.81737,0.195793,6.26908,0.66528,12.849,1,0.485836,9.51431,0,186.386,4.2862,191.129,0.84672,12.849,0.84672,3695.15,0,18.483,0.106268,7.33552,1.75158,22.136,1.12017,29.9967,0.42336,0,0,18.483,0.42336,442.007,0,1.02816,0,0,8.36368,7.33552,1.028160,1,0,227.394,0,0,0,227.394,0
72.29,2.38757,0,0,5.26008,0.322693,2.54982,3.6288,61.308,0.191459,0,0,3.21736,0.201169,2.82474,0.66528,12.849,1,0.424373,2.54982,0,220.075,4.24449,217.956,0.84672,12.849,0.84672,3695.15,0,18.483,0.0577206,3.31408,1.75207,9.53251,1.07919,13.4618,0.42336,0,0,18.483,0.42336,442.007,0,1.02816,0,0,4.34224,3.31408,1.028160,1,0,234.242,0,0,0,234.242,0
72.29,2.38825,0,0,7.30763,0.330004,4.58938,3.6288,61.308,0.191736,0,0,2.69983,0.252027,2.25606,0.66528,12.849,1,0.424493,4.58938,0,141.121,4.06583,141.221,0.84672,12.849,0.84672,3695.15,0,18.483,0.0578041,2.57355,1.51383,7.83527,0.904669,10.9602,0.42336,0,0,18.483,0.42336,442.007,0,1.02816,0,0,3.60171,2.57355,1.028160,1,0,154.437,0,0,0,154.437,0
72.29,2.38892,0,0,6.17198,0.341759,3.44131,3.6288,61.308,0.192013,0,0,2.93156,0.259471,2.48008,0.66528,12.849,1,0.424612,3.44131,0,132.407,4.09448,131.329,0.84672,12.849,0.84672,3695.15,0,18.483,0.0578876,2.77843,1.51426,8.28282,0.933214,11.5844,0.42336,0,0,18.483,0.42336,442.007,0,1.02816,0,0,3.80659,2.77843,1.028160,1,0,145.394,0,0,0,145.394,0
72.29,2.38959,0,0,6.63924,0.341759,3.90788,3.6288,61.308,0.19229,0,0,3.96644,0.259471,3.51468,0.66528,12.849,1,0.424732,3.90788,0,129.692,4.09448,129.081,0.84672,12.849,0.84672,3695.15,0,18.483,0.0579712,3.56542,1.51469,9.9157,0.933214,14.0046,0.42336,0,0,18.483,0.42336,442.007,0,1.02816,0,0,4.59358,3.56542,1.028160,1,0,146.6,0,0,0,146.6,0
72.29,2.39027,0,0,6.04712,0.330431,3.32642,3.6288,61.308,0.192567,0,0,3.29391,0.253454,2.84788,0.66528,12.849,1,0.424852,3.32642,0,148.216,4.00728,147.11,0.84672,12.849,0.84672,3695.15,0,18.483,0.0580547,2.90045,1.51511,8.46711,0.920688,11.9039,0.42336,0,0,18.483,0.42336,442.007,0,1.02816,0,0,3.92861,2.90045,1.028160,1,0,161.862,0,0,0,161.862,0
72.29,2.4783,0,0,8.83388,0.316466,6.03911,3.6288,61.308,0.232373,0,0,4.37023,0.199028,3.93883,0.66528,12.849,1,0.440499,6.03911,0,200.303,3.27934,202.622,0.84672,12.849,0.84672,3695.15,0,18.483,0.0700554,4.4504,1.51554,14.1369,0.710768,19.322,0.42336,0,0,18.483,0.42336,442.007,0,1.02816,0,0,5.47856,4.4504,1.028160,1,0,225.883,0,0,0,225.883,0
72.29,2.479,0,0,7.10122,0.321495,4.30072,3.6288,61.308,0.232662,0,0,3.05795,0.187974,2.63731,0.66528,12.849,1,0.440624,4.30072,0,201.427,3.36409,201.923,0.84672,12.849,0.84672,3695.15,0,18.483,0.0701423,3.69108,1.575,12.3523,0.689226,16.859,0.42336,0,0,18.483,0.42336,442.007,0,1.02816,0,0,4.71924,3.69108,1.028160,1,0,221.419,0,0,0,221.419,0
72.29,2.4797,0,0,5.86813,0.321495,3.06694,3.6288,61.308,0.23295,0,0,2.98547,0.187974,2.56454,0.66528,12.849,1,0.440748,3.06694,0,164.72,3.36409,163.982,0.84672,12.849,0.84672,3695.15,0,18.483,0.0702292,3.26243,1.57544,11.0719,0.689226,15.1503,0.42336,0,0,18.483,0.42336,442.007,0,1.02816,0,0,4.29059,3.26243,1.028160,1,0,181.697,0,0,0,181.697,0
72.29,2.4804,0,0,5.4053,0.32299,2.60191,3.6288,61.308,0.233238,0,0,3.32611,0.189313,2.90356,0.66528,12.849,1,0.440872,2.60191,0,161.495,3.31161,160.344,0.84672,12.849,0.84672,3695.15,0,18.483,0.0703162,3.21551,1.57588,13.9323,0.682309,17.971,0.42336,0,0,18.483,0.42336,442.007,0,1.02816,0,0,4.24367,3.21551,1.028160,1,0,181.219,0,0,0,181.219,0
72.29,2.4469,0,0,5.28479,0.255213,2.58267,3.6288,61.308,0.218157,0,0,2.63334,0.211721,2.20346,0.66528,12.849,1,0.434918,2.58267,0,119.988,3.54007,118.596,0.84672,12.849,0.84672,3695.15,0,18.483,0.0657695,3.11225,1.57633,10.2589,0.793606,14.0881,0.42336,0,0,18.483,0.42336,442.007,0,1.02816,0,0,4.14041,3.11225,1.028160,1,0,134.887,0,0,0,134.887,0
72.29,2.44759,0,0,4.96663,0.234078,2.28496,3.6288,61.308,0.218441,0,0,2.20875,0.194347,1.79596,0.66528,12.849,1,0.435041,2.28496,0,101.284,3.77212,99.3619,0.84672,12.849,0.84672,3695.15,0,18.483,0.0658551,2.54887,1.55377,9.6082,0.928214,12.7168,0.42336,0,0,18.483,0.42336,442.007,0,1.02816,0,0,3.57703,2.54887,1.028160,1,0,113.875,0,0,0,113.875,0
72.29,2.44828,0,0,4.51704,0.234078,1.83468,3.6288,61.308,0.218725,0,0,2.06499,0.194347,1.65191,0.66528,12.849,1,0.435164,1.83468,0,94.0067,3.77212,91.634,0.84672,12.849,0.84672,3695.15,0,18.483,0.0659408,2.44244,1.55421,8.91674,0.928214,11.9192,0.42336,0,0,18.483,0.42336,442.007,0,1.02816,0,0,3.4706,2.44244,1.028160,1,0,105.205,0,0,0,105.205,0
72.29,2.44897,0,0,4.10584,0.234078,1.42279,3.6288,61.308,0.21901,0,0,1.72873,0.194347,1.31537,0.66528,12.849,1,0.435286,1.42279,0,86.73,3.77212,83.9454,0.84672,12.849,0.84672,3695.15,0,18.483,0.0660266,1.91939,1.55465,8.04367,0.928214,10.5235,0.42336,0,0,18.483,0.42336,442.007,0,1.02816,0,0,2.94755,1.91939,1.028160,1,0,95.7843,0,0,0,95.7843,0
72.29,2.56587,0,0,4.02218,0.199711,1.2566,3.6288,61.308,0.273862,0,0,1.66648,0.204417,1.18821,0.66528,12.849,1,0.456063,1.2566,0,83.7596,3.89434,80.6658,0.84672,12.849,0.84672,3695.15,0,18.483,0.0825632,1.86979,1.55509,7.99788,0.867951,10.4722,0.42336,0,0,18.483,0.42336,442.007,0,1.02816,0,0,2.89795,1.86979,1.028160,1,0,92.3262,0,0,0,92.3262,0
72.29,2.56659,0,0,3.84368,0.19038,1.08671,3.6288,61.308,0.274161,0,0,1.46207,0.18758,1.00033,0.66528,12.849,1,0.456192,1.08671,0,77.6779,3.30255,75.0059,0.84672,12.849,0.84672,3695.15,0,18.483,0.0826536,1.47839,1.63604,6.33366,0.83938,8.52605,0.42336,0,0,18.483,0.42336,442.007,0,1.02816,0,0,2.50655,1.47839,1.028160,1,0,84.5323,0,0,0,84.5323,0
72.29,2.56731,0,0,3.5599,0.144711,0.847881,3.6288,61.308,0.274461,0,0,1.5032,0.201615,1.02712,0.66528,12.849,1,0.45632,0.847881,0,69.654,3.54123,66.5043,0.84672,12.849,0.84672,3695.15,0,18.483,0.0827439,1.26107,1.6365,5.92453,0.940794,7.79857,0.42336,0,0,18.483,0.42336,442.007,0,1.02816,0,0,2.28923,1.26107,1.028160,1,0,75.33,0,0,0,75.33,0
72.29,2.56804,0,0,3.43162,0.144711,0.718871,3.6288,61.308,0.274761,0,0,1.34996,0.201615,0.87358,0.66528,12.849,1,0.456449,0.718871,0,64.0777,3.54123,60.7989,0.84672,12.849,0.84672,3695.15,0,18.483,0.0828344,1.02731,1.63696,5.47847,0.940794,7.11912,0.42336,0,0,18.483,0.42336,442.007,0,1.02816,0,0,2.05547,1.02731,1.028160,1,0,68.7916,0,0,0,68.7916,0
72.29,2.56876,0,0,3.24096,0.144711,0.527488,3.6288,61.308,0.275061,0,0,1.23275,0.201615,0.75607,0.66528,12.849,1,0.456578,0.527488,0,59.6085,3.54123,56.1382,0.84672,12.849,0.84672,3695.15,0,18.483,0.0829248,0.972035,1.63742,5.11504,0.940794,6.70077,0.42336,0,0,18.483,0.42336,442.007,0,1.02816,0,0,2.00019,0.972035,1.028160,1,0,63.595,0,0,0,63.595,0
72.0449,2.54647,0,0,2.78792,0.123665,0.36288,3.6288,61.308,0.305394,0,0,1.03541,0.207767,0.522247,0.66528,12.849,1,0.452616,0.36288,0,53.3237,4.0786,49.1554,0.84672,12.849,0.84672,3695.15,0,18.483,0.0920696,1.07925,1.63788,4.78502,0.970526,6.43956,0.42336,0,0,18.483,0.42336,442.007,0,1.02816,0,0,2.10741,1.07925,1.028160,1,0,56.1172,0,0,0,56.1172,0
71.4426,2.54588,0,0,2.42146,0.115032,0.36288,3.6288,61.308,0.305703,0,0,0.95999,0.210228,0.44406,0.66528,12.849,1,0.45405,0.36288,0,50.6059,4.29355,46.2212,0.84672,12.849,0.84672,3695.15,0,18.483,0.0921627,0.927772,1.66347,4.55484,0.982419,6.0715,0.42336,0,0,18.483,0.42336,442.007,0,1.02816,0,0,1.95593,0.927772,1.028160,1,0,52.7368,0,0,0,52.7368,0
70.6313,2.54335,0,0,2.20476,0.109776,0.36288,3.6288,61.308,0.306011,0,0,0.907883,0.221197,0.380674,0.66528,12.849,1,0.457424,0.36288,0,44.5481,4.43471,40.0189,0.84672,12.849,0.84672,3695.15,0,18.483,0.0922557,0.740949,1.66393,4.42082,1.03394,5.69951,0.42336,0,0,18.483,0.42336,442.007,0,1.02816,0,0,1.76911,0.740949,1.028160,1,0,46.099,0,0,0,46.099,0
69.7411,2.53962,0,0,2.09318,0.0808972,0.36288,3.6288,61.308,0.30632,0,0,0.850452,0.287011,0.257121,0.66528,12.849,1,0.461999,0.36288,0,40.1794,5.2816,34.7986,0.84672,12.849,0.84672,3695.15,0,18.483,0.0923487,0.765193,1.6644,4.21558,1.34308,5.20975,0.42336,0,0,18.483,0.42336,442.007,0,1.02816,0,0,1.79335,0.765193,1.028160,1,0,40.2655,0,0,0,40.2655,0
68.5319,2.59453,0,0,1.8272,0.0790029,0.36288,3.6288,61.308,0.333425,0,0,0.78516,0.2958,0.155935,0.66528,12.849,1,0.478012,0.36288,0,36.1704,5.5771,30.4782,0.84672,12.849,0.84672,3695.15,0,18.483,0.10052,0.645477,1.66487,3.74544,1.39433,4.56093,0.42336,0,0,18.483,0.42336,442.007,0,1.02816,0,0,1.67364,0.645477,1.028160,1,0,35.195,0,0,0,35.195,0
67.4373,2.58815,0,0,1.93137,0.0749429,0.36288,3.6288,61.308,0.333742,0,0,0.93331,0.317771,0.281798,0.66528,12.849,1,0.485251,0.36288,0,41.1031,6.31585,34.6648,0.84672,12.849,0.84672,3695.15,0,18.483,0.100616,0.645831,1.70542,3.3089,1.52248,4.03706,0.42336,0,0,18.483,0.42336,442.007,0,1.02816,0,0,1.67399,0.645831,1.028160,1,0,38.9837,0,0,0,38.9837,0
66.2162,2.58226,0,0,1.79834,0.0743022,0.36288,3.6288,61.308,0.334058,0,0,0.809723,0.317771,0.157895,0.66528,12.849,1,0.492005,0.36288,0,34.8027,6.31585,28.3577,0.84672,12.849,0.84672,3695.15,0,18.483,0.100711,0.781384,1.7059,3.33942,1.52248,4.20351,0.42336,0,0,18.483,0.42336,442.007,0,1.02816,0,0,1.80954,0.781384,1.028160,1,0,32.7191,0,0,0,32.7191,0
64.867,2.57539,0,0,1.66268,0.0735875,0.36288,3.6288,61.308,0.334374,0,0,0.750902,0.317771,0.0987574,0.66528,12.849,1,0.499744,0.36288,0,33.3727,6.31585,26.92,0.84672,12.849,0.84672,3695.15,0,18.483,0.100806,0.561151,1.70638,2.9036,1.52248,3.54784,0.42336,0,0,18.483,0.42336,442.007,0,1.02816,0,0,1.58931,0.561151,1.028160,1,0,30.5666,0,0,0,30.5666,0
63.3967,2.7389,0,0,1.69963,0.0681729,0.36288,3.6288,61.308,0.431521,0,0,0.833898,0.320361,0.0820162,0.66528,12.849,1,0.542528,0.36288,0,31.7409,6.39063,25.1707,0.84672,12.849,0.84672,3695.15,0,18.483,0.130094,0.775621,1.70686,3.59153,1.53742,4.40649,0.42336,0,0,18.483,0.42336,442.007,0,1.02816,0,0,1.80378,0.775621,1.028160,1,0,29.6592,0,0,0,29.6592,0
62.1986,2.72921,0,0,1.91699,0.0229844,0.36288,3.6288,61.308,0.431865,0,0,1.04547,0.339509,0.274092,0.66528,12.849,1,0.553146,0.36288,0,40.2186,7.02405,33.0043,0.84672,12.849,0.84672,3695.15,0,18.483,0.130198,1.17574,1.8432,6.15455,1.60137,7.44192,0.42336,0,0,18.483,0.42336,442.007,0,1.02816,0,0,2.2039,1.17574,1.028160,1,0,40.7203,0,0,0,40.7203,0
61.4845,2.72114,0,0,2.38985,0.0199609,0.36288,3.6288,61.308,0.432209,0,0,1.0713,0.340111,0.29898,0.66528,12.849,1,0.562134,0.36288,0,50.6561,7.05484,43.402,0.84672,12.849,0.84672,3695.15,0,18.483,0.130301,1.43855,1.84372,6.37019,1.59709,7.92507,0.42336,0,0,18.483,0.42336,442.007,0,1.02816,0,0,2.46671,1.43855,1.028160,1,0,51.626,0,0,0,51.626,0
60.2377,2.71651,0,0,1.86183,0.0291904,0.36288,3.6288,61.308,0.432553,0,0,0.774714,0.337965,0.00419641,0.66528,12.849,1,0.567695,0.36288,0,38.6764,6.99547,31.4761,0.84672,12.849,0.84672,3695.15,0,18.483,0.130405,0.949752,1.84424,3.93086,1.58981,5.00464,0.42336,0,0,18.483,0.42336,442.007,0,1.02816,0,0,1.97791,0.949752,1.028160,1,0,36.4849,0,0,0,36.4849,0
58.4653,2.70758,0,0,1.39064,0.0926144,0.36288,3.6288,61.2539,0.432897,0,0,0.69266,0.31382,0,0.66528,12.849,1,0.577541,0.36288,0,28.0775,6.83418,21.0287,0.84672,12.849,0.84672,3695.15,0,18.483,0.130509,0.870981,1.84476,3.3743,1.52349,4.43604,0.42336,0,0,18.483,0.42336,442.007,0,1.02816,0,0,1.89914,0.870981,1.028160,1,0,25.4647,0,0,0,25.4647,0
56.3987,2.61179,0,0,1.00388,0.0958488,0.36288,3.6288,61.1541,0.374309,0,0,0.577903,0.303471,0,0.66528,12.849,1,0.573997,0.36288,0,30.7406,6.41102,24.1185,0.84672,12.849,0.84672,3695.15,0,18.483,0.112945,0.329996,1.84528,3.50609,1.5071,4.06132,0.42336,0,0,18.483,0.42336,442.007,0,1.02816,0,0,1.35816,0.329996,1.028160,1,0,28.1798,0,0,0,28.1798,0
54.6098,2.59539,0,0,1.26193,0.092565,0.36288,3.6288,61.1688,0.374495,0,0,0.687159,0.297947,0,0.66528,12.849,1,0.591294,0.36288,0,19.8834,6.09525,13.5597,0.84672,12.849,0.84672,3695.15,0,18.483,0.113186,0.50449,1.76783,5.53611,1.50083,6.19441,0.42336,0,0,18.483,0.42336,442.007,0,1.02816,0,0,1.53265,0.50449,1.028160,1,0,19.7542,0,0,0,19.7542,0
52.3784,2.58044,0,0,0.802898,0.0909249,0.36288,3.6288,60.9704,0.383714,0,0,0.483259,0.297975,0,0.66528,12.849,1,0.607145,0.36288,0,30.348,6.09525,24.0085,0.84672,12.849,0.84672,3695.15,0,18.483,0.115945,0.216518,1.76832,3.79553,1.50083,4.16361,0.42336,0,0,18.483,0.42336,442.007,0,1.01661,0,0,1.23313,0.216518,1.028160,1,0,28.1721,0,0,0,28.1721,0
50.0246,2.56039,0,0,0.658355,0.0888792,0.36288,3.6288,60.4365,0.677591,0,0,0.441293,0.297601,0,0.66528,12.849,1,0.628091,0.36288,0,17.6059,6.09525,11.2454,0.84672,12.849,0.84672,3695.15,0,18.483,0.20541,0.216518,1.76882,2.71231,1.50083,2.99142,0.42336,0,0,18.483,0.42336,442.007,0,0.633692,0,0,0.850211,0.216518,1.028160,1,0,14.2369,0,0,0,14.2369,0
48.1375,2.47203,0,0,1.09063,0.142811,0.36288,3.6288,60.3138,0.352662,0,0,0.518156,0.288169,0,0.66528,12.849,1,0.634951,0.36288,0,21.6766,5.46975,15.9348,0.84672,12.849,0.84672,3695.15,0,18.483,0.107853,0.216518,1.76932,4.24169,1.36258,4.75709,0.42336,0,0,18.483,0.42336,442.007,0,0.986802,0,0,1.20332,0.216518,1.028160,1,0,20.6919,0,0,0,20.6919,0
45.9784,2.45308,0,0,0.803073,0.146268,0.36288,3.6288,59.6575,0.798587,0,0,0.356247,0.213987,0,0.66528,12.849,1,0.654782,0.36288,0,16.6964,4.3189,12.0856,0.84672,12.849,0.84672,3695.15,0,18.483,0.244725,0.216518,1.70045,3.6087,1.08593,4.19501,0.42336,0,0,18.483,0.42336,442.007,0,0.404412,0,0,0.620931,0.216518,1.028160,1,0,16.2806,0,0,0,16.2806,0
44.003,2.42973,0,0,1.05059,0.233323,0.36288,3.6288,58.8194,0.918858,0,0,0.281788,0.200964,0,0.66528,12.849,1,0.679005,0.36288,0,23.1327,4.43572,18.3809,0.84672,12.849,0.84672,3695.15,0,18.483,0.284679,0.292723,1.70092,3.50225,1.23475,3.97647,0.42336,0,0,18.483,0.42336,442.007,0,0.244594,0,0,0.537317,0.292723,1.028160,1,0,22.3574,0,0,0,22.3574,0
41.8979,2.40681,0,0,0.892771,0.228181,0.36288,3.6288,58.1121,0.823706,0,0,0.316245,0.199888,0,0.66528,12.849,1,0.702795,0.36288,0,18.91,4.43572,14.1344,0.84672,12.849,0.84672,3695.15,0,18.483,0.258836,0.292723,1.7014,3.89273,1.23475,4.39328,0.42336,0,0,18.483,0.42336,442.007,0,0.365996,0,0,0.65872,0.292723,1.028160,1,0,18.5277,0,0,0,18.5277,0
41.861,2.20118,0,0,2.74982,0.2227,0.36288,3.6288,58.7163,0.208825,0,0,1.01205,0.19898,0,0.66528,12.849,1,0.675044,0.36288,0,65.5161,4.43572,60.7682,0.84672,12.849,0.84672,3695.15,0,18.483,0.0664184,1.0785,1.70188,9.25629,1.23475,10.7355,0.42336,0,0,18.483,0.42336,442.007,0,1.02816,0,0,2.10666,1.0785,1.028160,1,0,71.5037,0,0,0,71.5037,0
41.9397,2.20134,0,0,2.86047,0.217552,0.36288,3.6288,59.4672,0.209623,0,0,1.17431,0.213831,0,0.66528,12.849,1,0.67569,0.36288,0,97.4652,4.73372,92.4187,0.84672,12.849,0.84672,3695.15,0,18.483,0.0659862,1.16222,1.54601,8.18329,1.11192,9.71361,0.42336,0,0,18.483,0.42336,442.007,0,1.02816,0,0,2.19038,1.16222,1.028160,1,0,102.132,0,0,0,102.132,0
40.4886,2.20293,0,0,1.33159,0.21691,0.36288,3.6288,59.5573,0.39652,0,0,0.703867,0.21722,0,0.66528,12.849,1,0.674909,0.36288,0,61.4492,4.78338,56.3538,0.84672,12.849,0.84672,3695.15,0,18.483,0.123242,0.412474,1.54645,5.52815,1.09145,6.27238,0.42336,0,0,18.483,0.42336,442.007,0,0.784374,0,0,1.19685,0.412474,1.028160,1,0,62.6262,0,0,0,62.6262,0
39.1742,2.18518,0,0,1.45238,0.218628,0.36288,3.6288,59.5649,0.352698,0,0,0.583082,0.22274,0,0.66528,12.849,1,0.693466,0.36288,0,45.4581,4.54773,40.5797,0.84672,12.849,0.84672,3695.15,0,18.483,0.109456,0.412474,1.54688,4.60757,1.09256,5.36491,0.42336,0,0,18.483,0.42336,442.007,0,0.842348,0,0,1.25482,0.412474,1.028160,1,0,45.9447,0,0,0,45.9447,0
39.3715,2.16827,0,0,2.9612,0.232746,0.36288,3.6288,60.0828,0.21118,0,0,0.942866,0.213795,0,0.66528,12.849,1,0.711185,0.36288,0,71.0037,3.71111,66.9443,0.84672,12.849,0.84672,3695.15,0,18.483,0.0655291,1.39081,1.54732,8.52169,1.02823,10.3661,0.42336,0,0,18.483,0.42336,442.007,0,1.02816,0,0,2.41897,1.39081,1.028160,1,0,77.3103,0,0,0,77.3103,0
41.5983,2.23958,0,0,5.0558,0.2266,0.36288,3.6288,61.2184,0.24416,0,0,1.56629,0.186541,0,0.66528,12.849,1,0.730894,0.36288,0,89.0317,3.4153,85.2484,0.84672,12.849,0.84672,3695.15,0,18.483,0.0751097,1.77733,1.54775,13.516,0.994917,15.771,0.42336,0,0,18.483,0.42336,442.007,0,1.02816,0,0,2.80549,1.77733,1.028160,1,0,101.019,0,0,0,101.019,0
45.1984,2.27009,0,0,6.44894,0.215841,0.36288,3.6288,61.308,0.245509,0,0,2.30368,0.190662,1.77794,0.66528,12.849,1,0.701191,0.36288,0,172.608,3.46091,168.809,0.84672,12.849,0.84672,3695.15,0,18.483,0.0741237,2.77632,1.59769,16.8308,1.0698,20.0609,0.42336,0,0,18.483,0.42336,442.007,0,1.02816,0,0,3.80448,2.77632,1.028160,1,0,190.648,0,0,0,190.648,0
46.0115,2.3142,0,0,3.71516,0.224957,0.36288,3.6288,61.308,0.245871,0,0,2.44357,0.19077,2.00693,0.66528,12.849,1,0.65788,0.36288,0,98.0389,3.46091,94.283,0.84672,12.849,0.84672,3695.15,0,18.483,0.0741246,2.9859,1.59812,15.0802,1.0698,18.5203,0.42336,0,0,18.483,0.42336,442.007,0,1.02816,0,0,4.01406,2.9859,1.028160,1,0,114.81,0,0,0,114.81,0
46.4902,2.32391,0,0,3.38863,0.223201,0.36288,3.6288,61.308,0.24615,0,0,2.22197,0.192008,1.78382,0.66528,12.849,1,0.648967,0.36288,0,100.236,3.54455,96.4055,0.84672,12.849,0.84672,3695.15,0,18.483,0.0742088,2.65119,1.59855,12.2188,1.04578,15.3485,0.42336,0,0,18.483,0.42336,442.007,0,1.02816,0,0,3.67935,2.65119,1.028160,1,0,113.538,0,0,0,113.538,0
47.2632,2.55702,0,0,3.92647,0.233514,0.36288,3.6288,61.308,0.368291,0,0,2.24517,0.200195,1.67669,0.66528,12.849,1,0.706711,0.36288,0,99.8119,3.93486,95.5332,0.84672,12.849,0.84672,3695.15,0,18.483,0.111032,2.89399,1.59898,14.71,0.977687,18.1143,0.42336,0,0,18.483,0.42336,442.007,0,1.02816,0,0,3.92215,2.89399,1.028160,1,0,115.324,0,0,0,115.324,0
48.1748,2.5668,0,0,4.1163,0.275096,0.36288,3.6288,61.308,0.368603,0,0,1.76985,0.168215,1.23303,0.66528,12.849,1,0.69781,0.36288,0,84.8241,3.15756,81.3316,0.84672,12.849,0.84672,3695.15,0,18.483,0.111126,1.16893,1.7763,9.87129,0.840074,11.8653,0.42336,0,0,18.483,0.42336,442.007,0,1.02816,0,0,2.19709,1.16893,1.028160,1,0,94.4299,0,0,0,94.4299,0
49.4014,2.57791,0,0,4.44525,0.277854,0.36288,3.6288,61.308,0.368915,0,0,1.69844,0.168215,1.16131,0.66528,12.849,1,0.687572,0.36288,0,105.546,3.15756,102.064,0.84672,12.849,0.84672,3695.15,0,18.483,0.11122,1.3226,1.77678,10.5607,0.840074,12.7088,0.42336,0,0,18.483,0.42336,442.007,0,1.02816,0,0,2.35076,1.3226,1.028160,1,0,115.934,0,0,0,115.934,0
49.5361,2.59216,0,0,3.37137,0.281566,0.36288,3.6288,61.308,0.369227,0,0,1.38344,0.168215,0.845994,0.66528,12.849,1,0.674205,0.36288,0,80.1723,3.15756,76.7034,0.84672,12.849,0.84672,3695.15,0,18.483,0.111314,0.699667,1.77726,9.59567,0.840074,11.1212,0.42336,0,0,18.483,0.42336,442.007,0,1.02816,0,0,1.72783,0.699667,1.028160,1,0,88.6706,0,0,0,88.6706,0
53.3778,2.26547,0,0,6.74144,0.271379,0.36288,3.6288,61.308,0.205824,0,0,2.71899,0.195879,2.31729,0.66528,12.849,1,0.587632,0.36288,0,116.599,3.81276,112.561,0.84672,12.849,0.84672,3695.15,0,18.483,0.0620513,2.67305,1.77774,13.3077,1.04505,16.6514,0.42336,0,0,18.483,0.42336,442.007,0,1.02816,0,0,3.70121,2.67305,1.028160,1,0,131.53,0,0,0,131.53,0
55.0617,2.30018,0,0,4.63145,0.28454,0.36288,3.6288,61.308,0.206092,0,0,1.58013,0.213117,1.16093,0.66528,12.849,1,0.553694,0.36288,0,102.819,3.96972,98.6581,0.84672,12.849,0.84672,3695.15,0,18.483,0.0621322,1.77907,1.53599,10.7438,1.12526,12.8715,0.42336,0,0,18.483,0.42336,442.007,0,1.02816,0,0,2.80723,1.77907,1.028160,1,0,112.69,0,0,0,112.69,0
56.6506,2.31453,0,0,4.53502,0.268759,0.36288,3.6288,61.308,0.20636,0,0,1.56644,0.228695,1.13138,0.66528,12.849,1,0.54011,0.36288,0,100.384,3.8345,96.3721,0.84672,12.849,0.84672,3695.15,0,18.483,0.0622131,1.60438,1.5364,10.2926,1.04665,12.3245,0.42336,0,0,18.483,0.42336,442.007,0,1.02816,0,0,2.63254,1.60438,1.028160,1,0,109.828,0,0,0,109.828,0
58.5174,2.3275,0,0,4.82988,0.272628,0.36288,3.6288,61.308,0.206629,0,0,1.7374,0.173839,1.35693,0.66528,12.849,1,0.527904,0.36288,0,107.374,3.37365,103.835,0.84672,12.849,0.84672,3695.15,0,18.483,0.062294,1.92122,1.53682,11.4414,0.824261,14.0129,0.42336,0,0,18.483,0.42336,442.007,0,1.02816,0,0,2.94938,1.92122,1.028160,1,0,119.205,0,0,0,119.205,0
59.9479,2.34194,0,0,4.41295,0.277657,0.36288,3.6288,61.308,0.206897,0,0,1.43389,0.173839,1.05316,0.66528,12.849,1,0.514233,0.36288,0,97.359,3.37365,93.834,0.84672,12.849,0.84672,3695.15,0,18.483,0.0623749,1.27527,1.53723,9.73287,0.824261,11.6587,0.42336,0,0,18.483,0.42336,442.007,0,1.02816,0,0,2.30343,1.27527,1.028160,1,0,106.546,0,0,0,106.546,0
63.2332,2.43864,0,0,6.37715,0.290294,0.36288,3.6288,61.308,0.24727,0,0,1.97332,0.163464,1.56258,0.66528,12.849,1,0.522689,0.36288,0,139.62,3.37677,136.083,0.84672,12.849,0.84672,3695.15,0,18.483,0.0745465,1.77396,1.53764,15.2542,0.815272,17.676,0.42336,0,0,18.483,0.42336,442.007,0,1.02816,0,0,2.80212,1.77396,1.028160,1,0,155.322,0,0,0,155.322,0
66.7503,2.46188,0,0,6.64705,0.30518,0.36288,3.6288,61.308,0.24755,0,0,2.5691,0.155682,2.16587,0.66528,12.849,1,0.500253,0.36288,0,178.323,3.37911,174.806,0.84672,12.849,0.84672,3695.15,0,18.483,0.0746307,2.78231,1.59795,22.6527,0.80853,26.1498,0.42336,0,0,18.483,0.42336,442.007,0,1.02816,0,0,3.81047,2.78231,1.028160,1,0,203.122,0,0,0,203.122,0
68.4428,2.48465,0,0,4.84835,0.308386,0.36288,3.6288,61.308,0.247829,0,0,1.78725,0.139882,1.39954,0.66528,12.849,1,0.478278,0.36288,0,159.608,2.94744,156.545,0.84672,12.849,0.84672,3695.15,0,18.483,0.0747149,1.801,1.59838,14.9215,0.748142,17.4981,0.42336,0,0,18.483,0.42336,442.007,0,1.02816,0,0,2.82916,1.801,1.028160,1,0,175.442,0,0,0,175.442,0
69.6443,2.49528,0,0,4.3227,0.262983,0.36288,3.6288,61.308,0.248108,0,0,1.43672,0.139851,1.04876,0.66528,12.849,1,0.468447,0.36288,0,125.035,2.3779,122.551,0.84672,12.849,0.84672,3695.15,0,18.483,0.0747991,1.49281,1.59881,12.6202,0.739747,14.8973,0.42336,0,0,18.483,0.42336,442.007,0,1.02816,0,0,2.52097,1.49281,1.028160,1,0,138.497,0,0,0,138.497,0
70.2825,2.46828,0,0,3.70331,0.234039,0.36288,3.6288,61.308,0.232795,0,0,1.31457,0.186988,0.894785,0.66528,12.849,1,0.455384,0.36288,0,105.983,3.25301,102.637,0.84672,12.849,0.84672,3695.15,0,18.483,0.0701824,2.08687,1.59924,9.27979,0.915021,11.9807,0.42336,0,0,18.483,0.42336,442.007,0,1.02816,0,0,3.11503,2.08687,1.028160,1,0,115.513,0,0,0,115.513,0
70.712,2.47244,0,0,3.48862,0.223798,0.36288,3.6288,61.308,0.23307,0,0,1.2842,0.230827,0.820301,0.66528,12.849,1,0.45201,0.36288,0,85.3986,4.48518,80.8243,0.84672,12.849,0.84672,3695.15,0,18.483,0.0702654,1.20065,1.57633,9.18812,1.08588,10.809,0.42336,0,0,18.483,0.42336,442.007,0,1.02816,0,0,2.22881,1.20065,1.028160,1,0,92.4536,0,0,0,92.4536,0
70.7613,2.47543,0,0,3.11214,0.224538,0.36288,3.6288,61.308,0.233345,0,0,1.1403,0.230827,0.676127,0.66528,12.849,1,0.449808,0.36288,0,73.3475,4.48518,68.7754,0.84672,12.849,0.84672,3695.15,0,18.483,0.0703484,0.914829,1.57675,7.97895,1.08588,9.31431,0.42336,0,0,18.483,0.42336,442.007,0,1.02816,0,0,1.94299,0.914829,1.028160,1,0,78.7659,0,0,0,78.7659,0
70.5821,2.47636,0,0,2.86763,0.20754,0.36288,3.6288,61.308,0.23362,0,0,1.04497,0.208072,0.603281,0.66528,12.849,1,0.449663,0.36288,0,68.4141,4.01334,64.314,0.84672,12.849,0.84672,3695.15,0,18.483,0.0704314,0.796694,1.57718,7.18537,0.96621,8.5226,0.42336,0,0,18.483,0.42336,442.007,0,1.02816,0,0,1.82485,0.796694,1.028160,1,0,73.4399,0,0,0,73.4399,0
70.1578,2.59352,0,0,2.72658,0.19446,0.36288,3.6288,61.308,0.289253,0,0,0.998888,0.191005,0.51863,0.66528,12.849,1,0.472132,0.36288,0,63.1947,3.65946,59.426,0.84672,12.849,0.84672,3695.15,0,18.483,0.0872033,0.962159,1.5776,7.18183,0.876455,8.75793,0.42336,0,0,18.483,0.42336,442.007,0,1.02816,0,0,1.99032,0.962159,1.028160,1,0,68.7025,0,0,0,68.7025,0
69.7552,2.5918,0,0,2.75083,0.198746,0.36288,3.6288,61.308,0.289543,0,0,1.17636,0.20038,0.686439,0.66528,12.849,1,0.474673,0.36288,0,65.7557,4.21215,61.4317,0.84672,12.849,0.84672,3695.15,0,18.483,0.0872908,0.857028,1.65971,7.46539,0.925152,8.96969,0.42336,0,0,18.483,0.42336,442.007,0,1.02816,0,0,1.88519,0.857028,1.028160,1,0,71.0879,0,0,0,71.0879,0
69.1435,2.59018,0,0,2.51656,0.175178,0.36288,3.6288,61.308,0.289833,0,0,0.880364,0.186349,0.404181,0.66528,12.849,1,0.477115,0.36288,0,61.1108,3.84868,57.1479,0.84672,12.849,0.84672,3695.15,0,18.483,0.0873783,0.716524,1.66016,6.78421,0.93073,8.14279,0.42336,0,0,18.483,0.42336,442.007,0,1.02816,0,0,1.74468,0.716524,1.028160,1,0,65.6949,0,0,0,65.6949,0
68.3478,2.58732,0,0,2.29883,0.144404,0.36288,3.6288,61.308,0.290124,0,0,0.872934,0.189998,0.392812,0.66528,12.849,1,0.480804,0.36288,0,54.6174,3.96238,50.5371,0.84672,12.849,0.84672,3695.15,0,18.483,0.0874659,0.716109,1.6606,6.48017,0.895203,7.87422,0.42336,0,0,18.483,0.42336,442.007,0,1.02816,0,0,1.74427,0.716109,1.028160,1,0,58.8041,0,0,0,58.8041,0
67.5113,2.5833,0,0,2.25325,0.14351,0.36288,3.6288,61.308,0.290414,0,0,0.944127,0.189998,0.463715,0.66528,12.849,1,0.485647,0.36288,0,52.3216,3.96238,48.2364,0.84672,12.849,0.84672,3695.15,0,18.483,0.0875534,0.683173,1.66105,6.98268,0.895203,8.34414,0.42336,0,0,18.483,0.42336,442.007,0,1.02816,0,0,1.71133,0.683173,1.028160,1,0,57.0443,0,0,0,57.0443,0
66.7282,2.55584,0,0,2.25955,0.123972,0.36288,3.6288,61.308,0.321171,0,0,0.887898,0.199694,0.367033,0.66528,12.849,1,0.486437,0.36288,0,47.5188,4.46137,42.9339,0.84672,12.849,0.84672,3695.15,0,18.483,0.0968258,0.7243,1.6615,6.04997,1.01809,7.32085,0.42336,0,0,18.483,0.42336,442.007,0,1.02816,0,0,1.75246,0.7243,1.028160,1,0,50.6217,0,0,0,50.6217,0
65.9156,2.55174,0,0,2.19668,0.094644,0.36288,3.6288,61.308,0.321469,0,0,0.878291,0.234255,0.322566,0.66528,12.849,1,0.491357,0.36288,0,43.9142,5.28559,38.5001,0.84672,12.849,0.84672,3695.15,0,18.483,0.0969159,0.915399,1.68742,5.92913,1.20687,7.22817,0.42336,0,0,18.483,0.42336,442.007,0,1.02816,0,0,1.94356,0.915399,1.028160,1,0,46.0508,0,0,0,46.0508,0
64.9133,2.54736,0,0,2.00195,0.0940348,0.36288,3.6288,61.308,0.321768,0,0,0.888002,0.234255,0.331979,0.66528,12.849,1,0.496559,0.36288,0,40.4146,5.28559,34.9953,0.84672,12.849,0.84672,3695.15,0,18.483,0.097006,0.924903,1.68788,5.82254,1.20687,7.13144,0.42336,0,0,18.483,0.42336,442.007,0,1.02816,0,0,1.95306,0.924903,1.028160,1,0,42.4587,0,0,0,42.4587,0
63.8709,2.54164,0,0,1.95546,0.0932833,0.36288,3.6288,61.308,0.322067,0,0,0.855498,0.234255,0.299176,0.66528,12.849,1,0.503095,0.36288,0,38.3577,5.28559,32.9319,0.84672,12.849,0.84672,3695.15,0,18.483,0.0970961,0.928981,1.68833,5.81018,1.20687,7.12353,0.42336,0,0,18.483,0.42336,442.007,0,1.02816,0,0,1.95714,0.928981,1.028160,1,0,40.3546,0,0,0,40.3546,0
62.7328,2.59466,0,0,1.9093,0.0898569,0.36288,3.6288,61.308,0.349547,0,0,0.826243,0.241249,0.235447,0.66528,12.849,1,0.521971,0.36288,0,36.4207,5.35594,30.9057,0.84672,12.849,0.84672,3695.15,0,18.483,0.105381,0.911658,1.68879,5.66697,1.24746,6.91457,0.42336,0,0,18.483,0.42336,442.007,0,1.02816,0,0,1.93982,0.911658,1.028160,1,0,38.0557,0,0,0,38.0557,0
61.6707,2.58749,0,0,1.96154,0.0733049,0.36288,3.6288,61.308,0.349853,0,0,0.885272,0.283214,0.252204,0.66528,12.849,1,0.529973,0.36288,0,35.1273,5.77804,29.1822,0.84672,12.849,0.84672,3695.15,0,18.483,0.105473,0.927858,1.72989,4.92076,1.49096,5.98207,0.42336,0,0,18.483,0.42336,442.007,0,1.02816,0,0,1.95602,0.927858,1.028160,1,0,35.4164,0,0,0,35.4164,0
60.491,2.58063,0,0,1.83648,0.072668,0.36288,3.6288,61.308,0.35016,0,0,0.853667,0.283214,0.220293,0.66528,12.849,1,0.537671,0.36288,0,32.951,5.77804,26.9981,0.84672,12.849,0.84672,3695.15,0,18.483,0.105565,0.941751,1.73036,5.08971,1.49096,6.16529,0.42336,0,0,18.483,0.42336,442.007,0,1.02816,0,0,1.96991,0.941751,1.028160,1,0,33.3837,0,0,0,33.3837,0
59.1072,2.57268,0,0,1.62378,0.0719605,0.36288,3.6288,61.308,0.350466,0,0,0.803632,0.283214,0.169952,0.66528,12.849,1,0.546467,0.36288,0,31.1267,5.77804,25.1651,0.84672,12.849,0.84672,3695.15,0,18.483,0.105658,0.737657,1.73082,4.77481,1.49096,5.64667,0.42336,0,0,18.483,0.42336,442.007,0,1.02816,0,0,1.76582,0.737657,1.028160,1,0,30.9817,0,0,0,30.9817,0
57.4155,2.73402,0,0,1.46735,0.0622185,0.36288,3.6288,61.308,0.448988,0,0,0.795692,0.288394,0.0583107,0.66528,12.849,1,0.594333,0.36288,0,29.5061,5.9276,23.3471,0.84672,12.849,0.84672,3695.15,0,18.483,0.13536,0.684953,1.73129,4.76422,1.52084,5.52425,0.42336,0,0,18.483,0.42336,442.007,0,1.02816,0,0,1.71311,0.684953,1.028160,1,0,28.9296,0,0,0,28.9296,0
55.5351,2.72044,0,0,1.26615,0.0632505,0.36288,3.6288,61.308,0.44932,0,0,0.811892,0.26257,0.100001,0.66528,12.849,1,0.608807,0.36288,0,32.1489,5.81961,26.0834,0.84672,12.849,0.84672,3695.15,0,18.483,0.13546,0.946236,1.86956,5.21167,1.51273,6.37928,0.42336,0,0,18.483,0.42336,442.007,0,1.02816,0,0,1.9744,0.946236,1.028160,1,0,32.5627,0,0,0,32.5627,0
53.5599,2.70442,0,0,1.15864,0.0664708,0.36288,3.6288,61.308,0.449653,0,0,0.749624,0.251672,0.0482979,0.66528,12.849,1,0.625716,0.36288,0,29.8509,5.70706,23.881,0.84672,12.849,0.84672,3695.15,0,18.483,0.13556,0.937993,1.87006,5.3078,1.5212,6.45909,0.42336,0,0,18.483,0.42336,442.007,0,1.02816,0,0,1.96615,0.937993,1.028160,1,0,30.3884,0,0,0,30.3884,0
51.7432,2.68654,0,0,1.29787,0.0651592,0.36288,3.6288,61.308,0.449986,0,0,0.768986,0.251672,0.0673272,0.66528,12.849,1,0.644499,0.36288,0,29.6721,5.70706,23.6834,0.84672,12.849,0.84672,3695.15,0,18.483,0.135661,0.992779,1.87056,5.68891,1.5212,6.89539,0.42336,0,0,18.483,0.42336,442.007,0,1.02816,0,0,2.02094,0.992779,1.028160,1,0,30.6461,0,0,0,30.6461,0
50.7074,2.66913,0,0,2.07713,0.0809532,0.36288,3.6288,61.308,0.450319,0,0,0.945069,0.247382,0.247368,0.66528,12.849,1,0.662804,0.36288,0,49.2946,5.58832,43.4063,0.84672,12.849,0.84672,3695.15,0,18.483,0.135761,1.42705,1.87106,6.20143,1.50664,7.85714,0.42336,0,0,18.483,0.42336,442.007,0,1.02816,0,0,2.45521,1.42705,1.028160,1,0,51.5108,0,0,0,51.5108,0
50.2742,2.57791,0,0,2.58278,0.075202,0.36288,3.6288,61.308,0.390959,0,0,1.07647,0.235576,0.449931,0.66528,12.849,1,0.653229,0.36288,0,47.7469,5.39784,42.0587,0.84672,12.849,0.84672,3695.15,0,18.483,0.117866,1.22857,1.87157,6.75548,1.41735,8.3204,0.42336,0,0,18.483,0.42336,442.007,0,1.02816,0,0,2.25673,1.22857,1.028160,1,0,50.829,0,0,0,50.829,0
50.1062,2.57411,0,0,2.83481,0.0658078,0.36288,3.6288,61.308,0.391276,0,0,1.23881,0.230666,0.616869,0.66528,12.849,1,0.657888,0.36288,0,38.5959,4.99527,33.3056,0.84672,12.849,0.84672,3695.15,0,18.483,0.117961,1.59928,1.79299,8.48664,1.31648,10.4445,0.42336,0,0,18.483,0.42336,442.007,0,1.02816,0,0,2.62744,1.59928,1.028160,1,0,44.367,0,0,0,44.367,0
49.8131,2.57305,0,0,2.70848,0.0656912,0.36288,3.6288,61.308,0.391594,0,0,0.988563,0.230666,0.366303,0.66528,12.849,1,0.659821,0.36288,0,47.0276,4.99527,41.7354,0.84672,12.849,0.84672,3695.15,0,18.483,0.118057,1.19019,1.79347,7.38392,1.31648,8.93305,0.42336,0,0,18.483,0.42336,442.007,0,1.02816,0,0,2.21835,1.19019,1.028160,1,0,51.0347,0,0,0,51.0347,0
49.1732,2.57065,0,0,2.35916,0.0654878,0.36288,3.6288,61.308,0.391911,0,0,0.967032,0.230666,0.344455,0.66528,12.849,1,0.663086,0.36288,0,45.2949,4.99527,39.9995,0.84672,12.849,0.84672,3695.15,0,18.483,0.118152,1.15806,1.79395,7.05655,1.31648,8.57393,0.42336,0,0,18.483,0.42336,442.007,0,1.02816,0,0,2.18622,1.15806,1.028160,1,0,48.9179,0,0,0,48.9179,0
48.5366,2.49825,0,0,2.39003,0.165463,0.36288,3.6288,61.308,0.337834,0,0,0.941596,0.154507,0.449255,0.66528,12.849,1,0.652796,0.36288,0,56.3741,4.72488,51.3593,0.84672,12.849,0.84672,3695.15,0,18.483,0.101849,1.21134,1.79443,8.18554,1.09932,9.99013,0.42336,0,0,18.483,0.42336,442.007,0,1.02816,0,0,2.2395,1.21134,1.028160,1,0,61.7987,0,0,0,61.7987,0
48.8007,2.49215,0,0,3.28263,0.163549,0.36288,3.6288,61.308,0.338137,0,0,0.702237,0.241587,0.122513,0.66528,12.849,1,0.659742,0.36288,0,63.5819,4.18625,59.0988,0.84672,12.849,0.84672,3695.15,0,18.483,0.101941,0.677575,1.72456,5.60023,1.15139,6.74904,0.42336,0,0,18.483,0.42336,442.007,0,1.02816,0,0,1.70573,0.677575,1.028160,1,0,65.9704,0,0,0,65.9704,0
49.3638,2.49565,0,0,3.58563,0.164017,0.36288,3.6288,61.308,0.33844,0,0,1.07335,0.241587,0.49332,0.66528,12.849,1,0.657093,0.36288,0,59.805,4.18625,55.3245,0.84672,12.849,0.84672,3695.15,0,18.483,0.102032,1.23465,1.72503,6.6408,1.15139,8.34705,0.42336,0,0,18.483,0.42336,442.007,0,1.02816,0,0,2.26281,1.23465,1.028160,1,0,64.1649,0,0,0,64.1649,0
49.6109,2.50227,0,0,3.29854,0.186215,0.36288,3.6288,61.308,0.338742,0,0,1.20786,0.249273,0.619841,0.66528,12.849,1,0.65132,0.36288,0,72.0801,3.5939,68.1977,0.84672,12.849,0.84672,3695.15,0,18.483,0.102123,1.09291,1.72549,7.13391,1.0254,8.82478,0.42336,0,0,18.483,0.42336,442.007,0,1.02816,0,0,2.12107,1.09291,1.028160,1,0,77.6424,0,0,0,77.6424,0
52.9819,2.31682,0,0,6.24586,0.195209,0.36288,3.6288,61.308,0.225637,0,0,1.06613,0.252347,0.588143,0.66528,12.849,1,0.600046,0.36288,0,108.907,3.35696,105.313,0.84672,12.849,0.84672,3695.15,0,18.483,0.0680245,1.94058,1.72595,9.22749,0.975001,11.851,0.42336,0,0,18.483,0.42336,442.007,0,1.02816,0,0,2.96874,1.94058,1.028160,1,0,117.752,0,0,0,117.752,0
58.5663,2.34818,0,0,8.53839,0.242952,0.36288,3.6288,61.308,0.225909,0,0,1.32533,0.195142,0.904281,0.66528,12.849,1,0.569473,0.36288,0,136.81,3.58398,133.02,0.84672,12.849,0.84672,3695.15,0,18.483,0.0681067,0.586596,1.56786,10.2717,1.03087,11.3272,0.42336,0,0,18.483,0.42336,442.007,0,1.02816,0,0,1.61476,0.586596,1.028160,1,0,145.251,0,0,0,145.251,0
63.026,2.39335,0,0,7.47636,0.260396,0.36288,3.6288,61.308,0.226182,0,0,1.6483,0.243376,1.17875,0.66528,12.849,1,0.525083,0.36288,0,147.452,4.5865,142.703,0.84672,12.849,0.84672,3695.15,0,18.483,0.0681888,0.827772,1.56828,8.27703,1.10542,9.49948,0.42336,0,0,18.483,0.42336,442.007,0,1.02816,0,0,1.85593,0.827772,1.028160,1,0,153.381,0,0,0,153.381,0
65.6026,2.42486,0,0,5.63509,0.270801,0.36288,3.6288,61.308,0.226455,0,0,1.50704,0.243376,1.03721,0.66528,12.849,1,0.494353,0.36288,0,135.074,4.5865,130.356,0.84672,12.849,0.84672,3695.15,0,18.483,0.068271,1.68444,1.5687,8.06898,1.10542,10.1484,0.42336,0,0,18.483,0.42336,442.007,0,1.02816,0,0,2.7126,1.68444,1.028160,1,0,141.542,0,0,0,141.542,0
68.1815,2.44175,0,0,5.66008,0.276495,0.36288,3.6288,61.308,0.226727,0,0,1.76668,0.243376,1.29658,0.66528,12.849,1,0.478245,0.36288,0,115.456,4.5865,110.754,0.84672,12.849,0.84672,3695.15,0,18.483,0.0683532,4.1137,1.56912,13.2753,1.10542,17.7843,0.42336,0,0,18.483,0.42336,442.007,0,1.02816,0,0,5.14186,4.1137,1.028160,1,0,129.835,0,0,0,129.835,0
71.6418,2.45697,0,0,6.5543,0.274117,0.36288,3.6288,61.308,0.226727,0,0,1.66255,0.236504,1.19932,0.66528,12.849,1,0.463024,0.36288,0,152.651,4.50949,148.041,0.84672,12.849,0.84672,3695.15,0,18.483,0.0683532,3.15299,1.56954,9.79309,1.09159,13.3557,0.42336,0,0,18.483,0.42336,442.007,0,1.02816,0,0,4.18115,3.15299,1.028160,1,0,162.596,0,0,0,162.596,0
72.29,2.55417,0,0,5.03391,0.260803,1.57077,3.6288,61.308,0.259876,0,0,1.30207,0.219322,0.822876,0.66528,12.849,1,0.458092,1.57077,0,146.614,4.31697,143.41,0.84672,12.849,0.84672,3695.15,0,18.483,0.0783468,3.63873,1.56954,8.77331,1.05703,12.8462,0.42336,0,0,18.483,0.42336,442.007,0,1.02816,0,0,4.66689,3.63873,1.028160,1,0,157.079,0,0,0,157.079,0
72.29,2.55831,0,0,4.21305,0.262092,1.39265,3.6288,61.308,0.260146,0,0,0.975214,0.219322,0.495746,0.66528,12.849,1,0.454721,1.39265,0,113.875,4.31697,110.496,0.84672,12.849,0.84672,3695.15,0,18.483,0.0784282,3.10143,1.62017,6.82405,1.05703,10.4102,0.42336,0,0,18.483,0.42336,442.007,0,1.02816,0,0,4.12959,3.10143,1.028160,1,0,121.402,0,0,0,121.402,0
72.29,2.55897,0,0,3.46976,0.262092,0.648699,3.6288,61.308,0.260416,0,0,0.754686,0.219322,0.274948,0.66528,12.849,1,0.454838,0.648699,0,91.6393,4.31697,87.5162,0.84672,12.849,0.84672,3695.15,0,18.483,0.0785095,2.13627,1.62058,5.82079,1.05703,8.44209,0.42336,0,0,18.483,0.42336,442.007,0,1.02816,0,0,3.16443,2.13627,1.028160,1,0,96.2332,0,0,0,96.2332,0
72.29,2.55963,0,0,4.44868,0.302163,1.58688,3.6288,61.308,0.260686,0,0,0.749555,0.208612,0.280257,0.66528,12.849,1,0.454955,1.58688,0,121.009,4.43091,117.71,0.84672,12.849,0.84672,3695.15,0,18.483,0.0785909,2.4024,1.621,8.28884,1.2557,10.978,0.42336,0,0,18.483,0.42336,442.007,0,1.02816,0,0,3.43056,2.4024,1.028160,1,0,128.968,0,0,0,128.968,0
72.29,2.81001,0,0,5.22636,0.279828,2.13652,3.6288,61.308,0.384525,0,0,1.224,0.246946,0.592532,0.66528,12.849,1,0.499458,2.13652,0,140.748,4.1079,138.277,0.84672,12.849,0.84672,3695.15,0,18.483,0.115926,4.2483,1.62141,7.58984,1.27175,12.0719,0.42336,0,0,18.483,0.42336,442.007,0,1.02816,0,0,5.27646,4.2483,1.028160,1,0,150.942,0,0,0,150.942,0
72.29,2.81073,0,0,6.55169,0.274992,3.46597,3.6288,61.308,0.384827,0,0,1.64532,0.253633,1.00686,0.66528,12.849,1,0.499587,3.46597,0,176.364,4.0509,175.279,0.84672,12.849,0.84672,3695.15,0,18.483,0.116017,4.7743,1.8012,10.5932,1.2689,15.7838,0.42336,0,0,18.483,0.42336,442.007,0,1.02816,0,0,5.80246,4.7743,1.028160,1,0,192.07,0,0,0,192.07,0
72.29,2.81146,0,0,5.55506,0.278505,2.4651,3.6288,61.308,0.385128,0,0,1.33157,0.235338,0.711104,0.66528,12.849,1,0.499715,2.4651,0,176.762,3.86601,174.862,0.84672,12.849,0.84672,3695.15,0,18.483,0.116108,4.02254,1.80166,12.8182,1.21988,17.3064,0.42336,0,0,18.483,0.42336,442.007,0,1.02816,0,0,5.0507,4.02254,1.028160,1,0,192.879,0,0,0,192.879,0
72.29,2.81218,0,0,3.96321,0.287286,0.863748,3.6288,61.308,0.38543,0,0,1.03607,0.189602,0.461033,0.66528,12.849,1,0.499843,0.863748,0,163.049,3.40379,160.009,0.84672,12.849,0.84672,3695.15,0,18.483,0.116199,2.55964,1.80212,8.71209,1.09732,11.8603,0.42336,0,0,18.483,0.42336,442.007,0,1.02816,0,0,3.5878,2.55964,1.028160,1,0,172.33,0,0,0,172.33,0
72.29,2.45635,0,0,8.6299,0.306643,5.86691,3.6288,61.308,0.21973,0,0,2.18507,0.204049,1.76129,0.66528,12.849,1,0.436597,5.86691,0,188.606,3.64256,190.394,0.84672,12.849,0.84672,3695.15,0,18.483,0.0662438,5.22661,1.80259,18.3061,0.976243,24.2928,0.42336,0,0,18.483,0.42336,442.007,0,1.02816,0,0,6.25477,5.22661,1.028160,1,0,216.448,0,0,0,216.448,0
72.29,2.45698,0,0,7.20062,0.309869,4.43377,3.6288,61.308,0.21999,0,0,1.71412,0.206457,1.28768,0.66528,12.849,1,0.436709,4.43377,0,236.146,3.68235,236.461,0.84672,12.849,0.84672,3695.15,0,18.483,0.066322,4.44417,1.55744,13.8928,0.956064,18.872,0.42336,0,0,18.483,0.42336,442.007,0,1.02816,0,0,5.47233,4.44417,1.028160,1,0,256.62,0,0,0,256.62,0
72.29,2.45761,0,0,7.17611,0.309869,4.40863,3.6288,61.308,0.220249,0,0,1.32903,0.206457,0.902325,0.66528,12.849,1,0.436821,4.40863,0,255.486,3.68235,255.775,0.84672,12.849,0.84672,3695.15,0,18.483,0.0664002,3.30622,1.55784,12.0114,0.956064,15.853,0.42336,0,0,18.483,0.42336,442.007,0,1.02816,0,0,4.33438,3.30622,1.028160,1,0,272.53,0,0,0,272.53,0
72.29,2.45824,0,0,5.06515,0.261113,2.3458,3.6288,61.308,0.220508,0,0,0.910751,0.236562,0.45368,0.66528,12.849,1,0.436933,2.3458,0,166.561,4.05783,164.412,0.84672,12.849,0.84672,3695.15,0,18.483,0.0664784,1.8815,1.55824,8.94188,1.08646,11.2287,0.42336,0,0,18.483,0.42336,442.007,0,1.02816,0,0,2.90966,1.8815,1.028160,1,0,176.094,0,0,0,176.094,0
72.29,2.45887,0,0,4.91805,0.220632,2.23855,3.6288,61.308,0.220768,0,0,1.18289,0.23696,0.725166,0.66528,12.849,1,0.437046,2.23855,0,148.703,4.58005,145.924,0.84672,12.849,0.84672,3695.15,0,18.483,0.0665566,2.21384,1.55864,7.17517,1.19731,9.68379,0.42336,0,0,18.483,0.42336,442.007,0,1.02816,0,0,3.242,2.21384,1.028160,1,0,156.333,0,0,0,156.333,0
72.29,2.54937,0,0,4.44947,0.256846,1.64326,3.6288,61.308,0.26169,0,0,1.37044,0.216693,0.89206,0.66528,12.849,1,0.453131,1.64326,0,124.223,4.48423,120.929,0.84672,12.849,0.84672,3695.15,0,18.483,0.0788936,2.36812,1.55904,6.60061,1.13381,9.31507,0.42336,0,0,18.483,0.42336,442.007,0,1.02816,0,0,3.39628,2.36812,1.028160,1,0,131.136,0,0,0,131.136,0
72.29,2.55002,0,0,3.8828,0.250427,1.08235,3.6288,61.308,0.26196,0,0,1.23095,0.224479,0.744511,0.66528,12.849,1,0.453247,1.08235,0,113.367,4.69129,109.305,0.84672,12.849,0.84672,3695.15,0,18.483,0.078975,2.10412,1.62016,7.13327,1.14889,9.62968,0.42336,0,0,18.483,0.42336,442.007,0,1.02816,0,0,3.13228,2.10412,1.028160,1,0,119.679,0,0,0,119.679,0
72.29,2.55068,0,0,3.99527,0.234377,1.21021,3.6288,61.308,0.26223,0,0,1.21273,0.243944,0.706554,0.66528,12.849,1,0.453363,1.21021,0,109.523,5.20895,105.071,0.84672,12.849,0.84672,3695.15,0,18.483,0.0790564,2.16378,1.62058,8.34304,1.1866,10.8617,0.42336,0,0,18.483,0.42336,442.007,0,1.02816,0,0,3.19194,2.16378,1.028160,1,0,116.639,0,0,0,116.639,0
72.29,2.55133,0,0,3.98725,0.227932,1.20799,3.6288,61.308,0.2625,0,0,1.09107,0.241135,0.587433,0.66528,12.849,1,0.45348,1.20799,0,101.836,5.01211,97.5786,0.84672,12.849,0.84672,3695.15,0,18.483,0.0791378,1.75369,1.62099,6.60657,1.17033,8.73178,0.42336,0,0,18.483,0.42336,442.007,0,1.02816,0,0,2.78185,1.75369,1.028160,1,0,106.898,0,0,0,106.898,0
72.257,2.51681,0,0,3.03593,0.189263,0.36288,3.6288,61.308,0.246961,0,0,0.706104,0.224282,0.234861,0.66528,12.849,1,0.447344,0.36288,0,72.9,3.83113,68.9844,0.84672,12.849,0.84672,3695.15,0,18.483,0.0744532,1.42709,1.62141,4.71183,1.07268,6.6132,0.42336,0,0,18.483,0.42336,442.007,0,1.02816,0,0,2.45525,1.42709,1.028160,1,0,75.8325,0,0,0,75.8325,0
71.9262,2.51728,0,0,2.73863,0.189215,0.36288,3.6288,61.308,0.247227,0,0,0.704955,0.224282,0.233446,0.66528,12.849,1,0.447633,0.36288,0,67.2218,3.83113,63.3059,0.84672,12.849,0.84672,3695.15,0,18.483,0.0745334,1.31757,1.59816,4.62288,1.07268,6.39141,0.42336,0,0,18.483,0.42336,442.007,0,1.02816,0,0,2.34573,1.31757,1.028160,1,0,69.9308,0,0,0,69.9308,0
71.9612,2.51618,0,0,3.0967,0.182675,0.36288,3.6288,61.308,0.247493,0,0,0.621612,0.227249,0.14687,0.66528,12.849,1,0.449495,0.36288,0,71.2031,4.06506,67.0514,0.84672,12.849,0.84672,3695.15,0,18.483,0.0746136,1.09371,1.59857,5.88472,1.0819,7.42049,0.42336,0,0,18.483,0.42336,442.007,0,1.02816,0,0,2.12187,1.09371,1.028160,1,0,74.6188,0,0,0,74.6188,0
71.5611,2.51701,0,0,2.62613,0.146322,0.36288,3.6288,61.308,0.247759,0,0,0.609998,0.245052,0.117186,0.66528,12.849,1,0.449425,0.36288,0,59.4926,5.46861,53.9375,0.84672,12.849,0.84672,3695.15,0,18.483,0.0746939,1.16438,1.59898,4.70316,1.13723,6.25459,0.42336,0,0,18.483,0.42336,442.007,0,1.02816,0,0,2.19254,1.16438,1.028160,1,0,60.3092,0,0,0,60.3092,0
70.8427,2.63486,0,0,2.38079,0.10146,0.36288,3.6288,61.284,0.304146,0,0,0.55577,0.275583,0,0.66528,12.849,1,0.473096,0.36288,0,54.4136,5.7024,48.601,0.84672,12.849,0.84672,3695.15,0,18.483,0.0916933,0.901195,1.59939,4.65359,1.2051,5.85739,0.42336,0,0,18.483,0.42336,442.007,0,1.02816,0,0,1.92936,0.901195,1.028160,1,0,54.4584,0,0,0,54.4584,0
69.9751,2.63147,0,0,2.24165,0.11485,0.36288,3.6288,61.232,0.304399,0,0,0.530264,0.277928,0,0.66528,12.849,1,0.47728,0.36288,0,54.9242,5.62884,49.181,0.84672,12.849,0.84672,3695.15,0,18.483,0.0918055,0.831496,1.68261,4.54149,1.16125,5.80254,0.42336,0,0,18.483,0.42336,442.007,0,1.02816,0,0,1.85966,0.831496,1.028160,1,0,54.9835,0,0,0,54.9835,0
69.0293,2.62715,0,0,2.15829,0.114086,0.36288,3.6288,61.1607,0.30462,0,0,0.511168,0.277837,0,0.66528,12.849,1,0.482403,0.36288,0,52.3982,5.62884,46.6499,0.84672,12.849,0.84672,3695.15,0,18.483,0.0919501,0.812013,1.68304,3.86647,1.16125,5.10832,0.42336,0,0,18.483,0.42336,442.007,0,1.02816,0,0,1.84017,0.812013,1.028160,1,0,51.7582,0,0,0,51.7582,0
68.0086,2.62225,0,0,2.07389,0.109477,0.36288,3.6288,61.0627,0.304818,0,0,0.4903,0.283506,0,0.66528,12.849,1,0.488101,0.36288,0,49.2419,5.65641,43.4602,0.84672,12.849,0.84672,3695.15,0,18.483,0.0921172,0.917698,1.68348,3.34714,1.17495,4.68125,0.42336,0,0,18.483,0.42336,442.007,0,1.02816,0,0,1.94586,0.917698,1.028160,1,0,48.1415,0,0,0,48.1415,0
66.7808,2.61676,0,0,1.84075,0.0889313,0.36288,3.6288,60.9297,0.304985,0,0,0.473255,0.301213,0,0.66528,12.849,1,0.494389,0.36288,0,42.354,5.49599,36.7265,0.84672,12.849,0.84672,3695.15,0,18.483,0.0923157,0.779164,1.68391,3.02224,1.23044,4.16256,0.42336,0,0,18.483,0.42336,442.007,0,1.02816,0,0,1.80732,0.779164,1.028160,1,0,40.889,0,0,0,40.889,0
65.2373,2.58643,0,0,1.49763,0.0917701,0.36288,3.6288,60.7675,0.335951,0,0,0.452253,0.278497,0,0.66528,12.849,1,0.497643,0.36288,0,35.1522,5.06152,29.9559,0.84672,12.849,0.84672,3695.15,0,18.483,0.101911,0.58879,1.68434,2.7304,1.19484,3.70679,0.42336,0,0,18.483,0.42336,442.007,0,1.02816,0,0,1.61695,0.58879,1.028160,1,0,33.6627,0,0,0,33.6627,0
63.6493,2.57725,0,0,1.42463,0.0725319,0.36288,3.6288,60.555,0.336031,0,0,0.432674,0.309194,0,0.66528,12.849,1,0.50761,0.36288,0,33.6301,5.49587,27.9895,0.84672,12.849,0.84672,3695.15,0,18.483,0.102207,0.572875,1.7106,2.60097,1.34183,3.44041,0.42336,0,0,18.483,0.42336,442.007,0,1.02816,0,0,1.60104,0.572875,1.028160,1,0,31.4299,0,0,0,31.4299,0
61.985,2.56737,0,0,1.33702,0.0710865,0.36288,3.6288,60.3349,0.336044,0,0,0.421604,0.305602,0,0.66528,12.849,1,0.51828,0.36288,0,32.4512,5.84724,26.4486,0.84672,12.849,0.84672,3695.15,0,18.483,0.10257,0.61782,1.71104,2.58145,1.38853,3.41921,0.42336,0,0,18.483,0.42336,442.007,0,1.02816,0,0,1.64598,0.61782,1.028160,1,0,29.8678,0,0,0,29.8678,0
60.2277,2.5565,0,0,1.23221,0.0701258,0.36288,3.6288,60.1007,0.336045,0,0,0.406955,0.305175,0,0.66528,12.849,1,0.529943,0.36288,0,30.6037,5.84724,24.5894,0.84672,12.849,0.84672,3695.15,0,18.483,0.102944,0.518426,1.71148,2.35763,1.38853,3.09606,0.42336,0,0,18.483,0.42336,442.007,0,1.02816,0,0,1.54659,0.518426,1.028160,1,0,27.6855,0,0,0,27.6855,0
58.4442,2.60379,0,0,1.23905,0.0558117,0.36288,3.6288,59.8163,0.363451,0,0,0.39159,0.312502,0,0.66528,12.849,1,0.555494,0.36288,0,30.3229,5.78519,24.3451,0.84672,12.849,0.84672,3695.15,0,18.483,0.111774,0.513207,1.71192,2.41969,1.43247,3.10058,0.42336,0,0,18.483,0.42336,442.007,0,1.02816,0,0,1.54137,0.513207,1.028160,1,0,27.4457,0,0,0,27.4457,0
56.653,2.59056,0,0,1.217,0.0548619,0.36288,3.6288,59.5258,0.36334,0,0,0.384776,0.311936,0,0.66528,12.849,1,0.569536,0.36288,0,28.3114,5.78519,22.3195,0.84672,12.849,0.84672,3695.15,0,18.483,0.112271,0.559164,1.75357,2.45716,1.43247,3.22516,0.42336,0,0,18.483,0.42336,442.007,0,1.02816,0,0,1.58732,0.559164,1.028160,1,0,25.5447,0,0,0,25.5447,0
54.718,2.57654,0,0,1.05835,0.0539079,0.36288,3.6288,59.2128,0.363216,0,0,0.361602,0.311357,0,0.66528,12.849,1,0.584364,0.36288,0,26.7856,5.78519,20.7789,0.84672,12.849,0.84672,3695.15,0,18.483,0.11278,0.425166,1.75401,2.39118,1.43247,3.02512,0.42336,0,0,18.483,0.42336,442.007,0,1.02816,0,0,1.45333,0.425166,1.028160,1,0,23.804,0,0,0,23.804,0
52.7163,2.56046,0,0,0.974549,0.0528773,0.36288,3.6288,58.8933,0.363055,0,0,0.354298,0.310734,0,0.66528,12.849,1,0.601253,0.36288,0,25.2625,5.78519,19.2389,0.84672,12.849,0.84672,3695.15,0,18.483,0.113326,0.350438,1.75446,2.36697,1.43247,2.92608,0.42336,0,0,18.483,0.42336,442.007,0,1.02816,0,0,1.3786,0.350438,1.028160,1,0,22.165,0,0,0,22.165,0
50.508,2.71258,0,0,0.893739,0.0265862,0.36288,3.6288,58.4197,0.461498,0,0,0.318054,0.330224,0,0.66528,12.849,1,0.661159,0.36288,0,22.8082,6.02283,16.4871,0.84672,12.849,0.84672,3695.15,0,18.483,0.144836,0.294356,1.75491,1.99316,1.53827,2.35933,0.42336,0,0,18.483,0.42336,442.007,0,1.02816,0,0,1.32252,0.294356,1.028160,1,0,18.8464,0,0,0,18.8464,0
48.4772,2.69022,0,0,1.05104,0.0286999,0.36288,3.6288,58.0016,0.460924,0,0,0.373801,0.330919,0,0.66528,12.849,1,0.684379,0.36288,0,27.2993,5.8085,21.1693,0.84672,12.849,0.84672,3695.15,0,18.483,0.145829,0.628655,1.89505,2.09019,1.53919,2.92887,0.42336,0,0,18.483,0.42336,442.007,0,1.02816,0,0,1.65682,0.628655,1.028160,1,0,24.0982,0,0,0,24.0982,0
46.2624,2.66824,0,0,0.844361,0.0280839,0.36288,3.6288,57.4191,0.52288,0,0,0.270367,0.330028,0,0.66528,12.849,1,0.707223,0.36288,0,26.6757,5.8085,20.5229,0.84672,12.849,0.84672,3695.15,0,18.483,0.166623,0.204422,1.89553,1.67794,1.53919,2.07208,0.42336,0,0,18.483,0.42336,442.007,0,0.945829,0,0,1.15025,0.204422,1.028160,1,0,22.595,0,0,0,22.595,0
44.2812,2.64242,0,0,1.05156,0.0274087,0.36288,3.6288,57.0928,0.459636,0,0,0.462103,0.328787,0,0.66528,12.849,1,0.73391,0.36288,0,24.3632,5.8085,18.1837,0.84672,12.849,0.84672,3695.15,0,18.483,0.147955,1.14769,1.89602,2.59445,1.53919,3.95101,0.42336,0,0,18.483,0.42336,442.007,0,1.02816,0,0,2.17585,1.14769,1.028160,1,0,22.1347,0,0,0,22.1347,0
42.1524,2.61764,0,0,0.87918,0.0274766,0.36288,3.6288,56.7007,0.459313,0,0,0.35258,0.285377,0,0.66528,12.849,1,0.759555,0.36288,0,26.8804,4.80707,21.6767,0.84672,12.849,0.84672,3695.15,0,18.483,0.148696,0.479624,1.8965,2.6575,1.23099,3.65394,0.42336,0,0,18.483,0.42336,442.007,0,1.02816,0,0,1.50778,0.479624,1.028160,1,0,25.3306,0,0,0,25.3306,0
41.5837,2.50991,0,0,2.31915,0.0151119,0.36288,3.6288,56.8031,0.399468,0,0,0.773722,0.27185,0,0.66528,12.849,1,0.765077,0.36288,0,52.7179,4.89132,47.4244,0.84672,12.849,0.84672,3695.15,0,18.483,0.130217,2.23059,1.89699,5.55784,1.46787,8.08734,0.42336,0,0,18.483,0.42336,442.007,0,1.02816,0,0,3.25875,2.23059,1.028160,1,0,55.5117,0,0,0,55.5117,0
39.8417,2.50256,0,0,1.13848,0.0150118,0.36288,3.6288,56.6055,0.399947,0,0,0.474377,0.272031,0,0.66528,12.849,1,0.773269,0.36288,0,53.1141,4.89132,47.8123,0.84672,12.849,0.84672,3695.15,0,18.483,0.130138,0.93979,1.81732,3.1868,1.46787,4.34591,0.42336,0,0,18.483,0.42336,442.007,0,1.02816,0,0,1.96795,0.93979,1.028160,1,0,52.1583,0,0,0,52.1583,0
38.1574,2.47763,0,0,1.17091,0.0147049,0.36288,3.6288,56.4492,0.399905,0,0,0.515326,0.271682,0,0.66528,12.849,1,0.799038,0.36288,0,34.6387,4.89132,29.3112,0.84672,12.849,0.84672,3695.15,0,18.483,0.130578,0.648821,1.81779,2.58489,1.46787,3.45305,0.42336,0,0,18.483,0.42336,442.007,0,1.02816,0,0,1.67698,0.648821,1.028160,1,0,32.7643,0,0,0,32.7643,0
38.5205,2.45187,0,0,3.27185,0.0939845,0.36288,3.6288,56.7257,0.399933,0,0,0.959102,0.282646,0,0.66528,12.849,1,0.825635,0.36288,0,56.4066,4.23963,51.7042,0.84672,12.849,0.84672,3695.15,0,18.483,0.130949,3.34615,1.81825,7.97252,1.32004,11.6859,0.42336,0,0,18.483,0.42336,442.007,0,1.02816,0,0,4.37431,3.34615,1.028160,1,0,63.3901,0,0,0,63.3901,0
39.3877,2.39483,0,0,3.69774,0.0728012,0.36288,3.6288,57.29,0.346599,0,0,1.1109,0.199991,0,0.66528,12.849,1,0.798826,0.36288,0,92.7392,4.17815,88.1251,0.84672,12.849,0.84672,3695.15,0,18.483,0.112933,2.82977,1.81872,9.99236,1.09296,13.435,0.42336,0,0,18.483,0.42336,442.007,0,1.02816,0,0,3.85793,2.82977,1.028160,1,0,101.56,0,0,0,101.56,0
40.763,2.40871,0,0,4.21581,0.0690043,0.36288,3.6288,57.7093,0.347728,0,0,0.95248,0.18547,0,0.66528,12.849,1,0.785765,0.36288,0,78.2879,4.16924,73.6958,0.84672,12.849,0.84672,3695.15,0,18.483,0.112184,2.69339,1.74788,9.92157,1.05863,13.192,0.42336,0,0,18.483,0.42336,442.007,0,1.02816,0,0,3.72155,2.69339,1.028160,1,0,86.8878,0,0,0,86.8878,0
41.9834,2.42949,0,0,4.11628,0.103451,0.36288,3.6288,58.044,0.348634,0,0,0.836206,0.152894,0,0.66528,12.849,1,0.765805,0.36288,0,91.2842,3.77317,87.1081,0.84672,12.849,0.84672,3695.15,0,18.483,0.11166,2.11195,1.74833,9.59412,0.92868,12.4141,0.42336,0,0,18.483,0.42336,442.007,0,1.02816,0,0,3.14011,2.11195,1.028160,1,0,99.5222,0,0,0,99.5222,0
44.3452,2.44716,0,0,5.30216,0.130297,0.36288,3.6288,60.1974,0.349411,0,0,2.63117,0.128362,0,0.66528,12.849,1,0.748951,0.36288,0,100.432,3.47613,96.57,0.84672,12.849,0.84672,3695.15,0,18.483,0.111263,3.48349,1.74878,11.6462,0.831217,15.936,0.42336,0,0,18.483,0.42336,442.007,0,1.02816,0,0,4.51165,3.48349,1.028160,1,0,112.506,0,0,0,112.506,0
52.4615,2.29204,0,0,10.924,0.152831,0.36288,3.6288,61.308,0.238301,0,0,3.13278,0.173866,1.61001,0.66528,12.849,1,0.664118,0.36288,0,166.028,3.79095,161.936,0.84672,12.849,0.84672,3695.15,0,18.483,0.0731678,5.40799,1.74922,17.7642,0.971539,23.8767,0.42336,0,0,18.483,0.42336,442.007,0,1.02816,0,0,6.43615,5.40799,1.028160,1,0,187.422,0,0,0,187.422,0
58.8914,2.37518,0,0,9.35029,0.18239,0.36288,3.6288,61.308,0.239582,0,0,4.87702,0.208118,4.42932,0.66528,12.849,1,0.581735,0.36288,0,171.51,4.02706,167.264,0.84672,12.849,0.84672,3695.15,0,18.483,0.0722288,5.92224,1.58898,18.741,1.07678,25.1032,0.42336,0,0,18.483,0.42336,442.007,0,1.02816,0,0,6.9504,5.92224,1.028160,1,0,196.797,0,0,0,196.797,0
63.5995,2.42794,0,0,7.69349,0.194476,0.36288,3.6288,61.308,0.239846,0,0,4.93411,0.208118,4.48615,0.66528,12.849,1,0.529732,0.36288,0,140.271,4.02706,136.077,0.84672,12.849,0.84672,3695.15,0,18.483,0.0723082,5.66817,1.58939,18.7466,1.07678,24.8551,0.42336,0,0,18.483,0.42336,442.007,0,1.02816,0,0,6.69633,5.66817,1.028160,1,0,165.419,0,0,0,165.419,0
67.4648,2.4612,0,0,6.89189,0.202556,0.36288,3.6288,61.308,0.240109,0,0,3.32773,0.208118,2.8795,0.66528,12.849,1,0.497235,0.36288,0,116.331,4.02706,112.169,0.84672,12.849,0.84672,3695.15,0,18.483,0.0723876,5.08604,1.58979,18.1418,1.07678,23.6684,0.42336,0,0,18.483,0.42336,442.007,0,1.02816,0,0,6.1142,5.08604,1.028160,1,0,138.717,0,0,0,138.717,0
69.9451,2.48576,0,0,5.5377,0.208804,0.36288,3.6288,61.308,0.240373,0,0,1.70282,0.197846,1.2646,0.66528,12.849,1,0.473426,0.36288,0,109.751,3.86613,105.775,0.84672,12.849,0.84672,3695.15,0,18.483,0.072467,3.741,1.5902,13.0664,1.01356,17.3115,0.42336,0,0,18.483,0.42336,442.007,0,1.02816,0,0,4.76916,3.741,1.028160,1,0,124.351,0,0,0,124.351,0
72.29,2.5789,0,0,9.47362,0.234945,4.31484,3.6288,61.308,0.273953,0,0,4.00073,0.221968,3.50481,0.66528,12.849,1,0.473748,4.31484,0,155.311,4.6409,154.511,0.84672,12.849,0.84672,3695.15,0,18.483,0.0825908,4.16635,1.59061,17.5561,1.19407,22.0364,0.42336,0,0,18.483,0.42336,442.007,0,1.02816,0,0,5.19451,4.16635,1.028160,1,0,180.052,0,0,0,180.052,0
72.29,2.59259,0,0,9.32308,0.239201,6.49129,3.6288,61.308,0.274214,0,0,2.07932,0.221968,1.58314,0.66528,12.849,1,0.460813,6.49129,0,173.929,4.6409,175.319,0.84672,12.849,0.84672,3695.15,0,18.483,0.0826694,3.10133,1.64189,15.5581,1.19407,19.0246,0.42336,0,0,18.483,0.42336,442.007,0,1.02816,0,0,4.12949,3.10133,1.028160,1,0,195.927,0,0,0,195.927,0
72.29,2.59322,0,0,7.27825,0.239201,4.44583,3.6288,61.308,0.274474,0,0,1.67039,0.221968,1.17395,0.66528,12.849,1,0.460925,4.44583,0,128.123,4.6409,127.467,0.84672,12.849,0.84672,3695.15,0,18.483,0.0827479,3.4057,1.64229,13.8137,1.19407,17.5849,0.42336,0,0,18.483,0.42336,442.007,0,1.02816,0,0,4.43386,3.4057,1.028160,1,0,146.225,0,0,0,146.225,0
72.29,2.59386,0,0,5.87364,0.239201,3.04059,3.6288,61.308,0.274735,0,0,1.36268,0.221968,0.865981,0.66528,12.849,1,0.461038,3.04059,0,101.443,4.6409,99.3818,0.84672,12.849,0.84672,3695.15,0,18.483,0.0828265,2.3646,1.64269,11.8414,1.19407,14.5718,0.42336,0,0,18.483,0.42336,442.007,0,1.02816,0,0,3.39276,2.3646,1.028160,1,0,114.82,0,0,0,114.82,0
72.29,2.84755,0,0,6.23856,0.251347,3.13966,3.6288,61.308,0.400216,0,0,1.94859,0.2246,1.32377,0.66528,12.849,1,0.506131,3.13966,0,112.086,4.53755,110.182,0.84672,12.849,0.84672,3695.15,0,18.483,0.120656,3.20977,1.6431,16.3375,1.17896,19.8907,0.42336,0,0,18.483,0.42336,442.007,0,1.02816,0,0,4.23793,3.20977,1.028160,1,0,131.396,0,0,0,131.396,0
72.29,2.84825,0,0,5.70468,0.256205,2.60023,3.6288,61.308,0.400507,0,0,1.94099,0.225653,1.31483,0.66528,12.849,1,0.506254,2.60023,0,121.25,4.4962,118.848,0.84672,12.849,0.84672,3695.15,0,18.483,0.120744,3.2132,1.82526,14.402,1.17291,18.1468,0.42336,0,0,18.483,0.42336,442.007,0,1.02816,0,0,4.24136,3.2132,1.028160,1,0,138.31,0,0,0,138.31,0
72.29,2.84894,0,0,7.1151,0.261743,4.00441,3.6288,61.308,0.400798,0,0,2.22775,0.190192,1.63676,0.66528,12.849,1,0.506378,4.00441,0,116.258,4.18136,115.575,0.84672,12.849,0.84672,3695.15,0,18.483,0.120832,3.72021,1.82571,15.3782,1.02833,19.775,0.42336,0,0,18.483,0.42336,442.007,0,1.02816,0,0,4.74837,3.72021,1.028160,1,0,136.987,0,0,0,136.987,0
72.29,2.84964,0,0,5.38504,0.296873,2.23853,3.6288,61.308,0.40109,0,0,1.77898,0.196849,1.18105,0.66528,12.849,1,0.506502,2.23853,0,125.868,4.13563,123.464,0.84672,12.849,0.84672,3695.15,0,18.483,0.12092,2.89439,1.82616,13.0049,1.05043,16.5541,0.42336,0,0,18.483,0.42336,442.007,0,1.02816,0,0,3.92255,2.89439,1.028160,1,0,141.199,0,0,0,141.199,0
72.29,2.48904,0,0,6.16423,0.28885,3.38634,3.6288,61.308,0.23317,0,0,1.76717,0.204818,1.32919,0.66528,12.849,1,0.442408,3.38634,0,109.725,3.73421,108.934,0.84672,12.849,0.84672,3695.15,0,18.483,0.0702954,3.55819,1.8266,14.4156,0.982609,18.7475,0.42336,0,0,18.483,0.42336,442.007,0,1.02816,0,0,4.58635,3.55819,1.028160,1,0,129.011,0,0,0,129.011,0
72.29,2.48965,0,0,5.44055,0.298077,2.65282,3.6288,61.308,0.23342,0,0,1.71335,0.211433,1.26849,0.66528,12.849,1,0.442516,2.65282,0,137.438,3.82441,135.824,0.84672,12.849,0.84672,3695.15,0,18.483,0.0703709,4.55518,1.57817,12.461,1.00225,17.5218,0.42336,0,0,18.483,0.42336,442.007,0,1.02816,0,0,5.58334,4.55518,1.028160,1,0,154.614,0,0,0,154.614,0
72.29,2.49026,0,0,4.99525,0.298077,2.20692,3.6288,61.308,0.23367,0,0,1.45668,0.211433,1.01157,0.66528,12.849,1,0.442625,2.20692,0,61.295,3.82441,59.2349,0.84672,12.849,0.84672,3695.15,0,18.483,0.0704464,3.68321,1.57855,10.5899,1.00225,14.7789,0.42336,0,0,18.483,0.42336,442.007,0,1.02816,0,0,4.71137,3.68321,1.028160,1,0,75.0254,0,0,0,75.0254,0
72.29,2.49087,0,0,5.06571,0.298077,2.27677,3.6288,61.308,0.233921,0,0,1.53159,0.211433,1.08623,0.66528,12.849,1,0.442733,2.27677,0,102.202,3.82441,100.212,0.84672,12.849,0.84672,3695.15,0,18.483,0.0705219,4.27541,1.57894,12.5389,1.00225,17.3205,0.42336,0,0,18.483,0.42336,442.007,0,1.02816,0,0,5.30357,4.27541,1.028160,1,0,118.618,0,0,0,118.618,0
72.29,2.49148,0,0,4.59542,0.297778,1.80616,3.6288,61.308,0.234171,0,0,1.32575,0.20903,0.882546,0.66528,12.849,1,0.442841,1.80616,0,119.548,3.76568,117.146,0.84672,12.849,0.84672,3695.15,0,18.483,0.0705973,3.40197,1.57933,9.34917,0.98606,13.2738,0.42336,0,0,18.483,0.42336,442.007,0,1.02816,0,0,4.43013,3.40197,1.028160,1,0,131.302,0,0,0,131.302,0
72.29,2.58314,0,0,4.16625,0.297031,1.28608,3.6288,61.308,0.275623,0,0,0.989833,0.203024,0.511186,0.66528,12.849,1,0.459134,1.28608,0,74.7662,3.61882,71.9744,0.84672,12.849,0.84672,3695.15,0,18.483,0.0830941,2.08988,1.57971,7.22356,0.945576,9.86448,0.42336,0,0,18.483,0.42336,442.007,0,1.02816,0,0,3.11804,2.08988,1.028160,1,0,82.35,0,0,0,82.35,0
72.29,2.58377,0,0,4.34537,0.297031,1.46456,3.6288,61.308,0.275883,0,0,1.07381,0.203024,0.594898,0.66528,12.849,1,0.459246,1.46456,0,126.026,3.61882,123.413,0.84672,12.849,0.84672,3695.15,0,18.483,0.0831726,2.28862,1.64162,7.48328,0.945576,10.3848,0.42336,0,0,18.483,0.42336,442.007,0,1.02816,0,0,3.31678,2.28862,1.028160,1,0,134.393,0,0,0,134.393,0
72.29,2.5844,0,0,4.61572,0.297031,1.73429,3.6288,61.308,0.276144,0,0,1.41101,0.203024,0.931839,0.66528,12.849,1,0.459358,1.73429,0,90.5662,3.61882,88.2223,0.84672,12.849,0.84672,3695.15,0,18.483,0.0832512,3.17249,1.64202,7.52786,0.945576,11.3135,0.42336,0,0,18.483,0.42336,442.007,0,1.02816,0,0,4.20065,3.17249,1.028160,1,0,100.468,0,0,0,100.468,0
72.29,2.58504,0,0,3.94286,0.240852,1.11698,3.6288,61.308,0.276404,0,0,0.965995,0.229183,0.460408,0.66528,12.849,1,0.459471,1.11698,0,60.2987,3.84946,57.1068,0.84672,12.849,0.84672,3695.15,0,18.483,0.0833298,2.65182,1.64243,6.6412,0.959347,9.89277,0.42336,0,0,18.483,0.42336,442.007,0,1.02816,0,0,3.67998,2.65182,1.028160,1,0,67.4599,0,0,0,67.4599,0
72.29,2.55003,0,0,3.22444,0.201749,0.472658,3.6288,61.308,0.260647,0,0,0.806095,0.245256,0.300191,0.66528,12.849,1,0.453249,0.472658,0,60.6077,3.85339,56.7737,0.84672,12.849,0.84672,3695.15,0,18.483,0.0785794,1.22552,1.64283,4.75449,1.05896,6.4853,0.42336,0,0,18.483,0.42336,442.007,0,1.02816,0,0,2.25368,1.22552,1.028160,1,0,63.5592,0,0,0,63.5592,0
72.0186,2.55066,0,0,2.8439,0.201749,0.36288,3.6288,61.308,0.260904,0,0,0.876295,0.245256,0.370135,0.66528,12.849,1,0.45336,0.36288,0,56.4875,3.85339,52.5437,0.84672,12.849,0.84672,3695.15,0,18.483,0.0786568,1.40212,1.61926,4.9105,1.05896,6.79426,0.42336,0,0,18.483,0.42336,442.007,0,1.02816,0,0,2.43028,1.40212,1.028160,1,0,59.7081,0,0,0,59.7081,0
71.8068,2.54983,0,0,2.90219,0.201334,0.36288,3.6288,61.308,0.261161,0,0,0.754177,0.245256,0.24776,0.66528,12.849,1,0.45492,0.36288,0,54.5311,3.85339,50.5857,0.84672,12.849,0.84672,3695.15,0,18.483,0.0787342,0.973184,1.61965,4.85677,1.05896,6.31191,0.42336,0,0,18.483,0.42336,442.007,0,1.02816,0,0,2.00134,0.973184,1.028160,1,0,57.1453,0,0,0,57.1453,0
71.6923,2.54931,0,0,2.96839,0.170711,0.36288,3.6288,61.308,0.261418,0,0,0.73751,0.260092,0.216,0.66528,12.849,1,0.45617,0.36288,0,56.5124,5.02302,51.3961,0.84672,12.849,0.84672,3695.15,0,18.483,0.0788117,1.06146,1.62005,6.03997,1.10507,7.5376,0.42336,0,0,18.483,0.42336,442.007,0,1.02816,0,0,2.08962,1.06146,1.028160,1,0,59.1497,0,0,0,59.1497,0
71.1738,2.67025,0,0,2.67405,0.159377,0.36288,3.6288,61.308,0.318534,0,0,0.808756,0.255367,0.234856,0.66528,12.849,1,0.478574,0.36288,0,44.3443,4.91739,39.3112,0.84672,12.849,0.84672,3695.15,0,18.483,0.0960308,1.11489,1.62045,4.62748,1.08993,6.17685,0.42336,0,0,18.483,0.42336,442.007,0,1.02816,0,0,2.14305,1.11489,1.028160,1,0,45.7229,0,0,0,45.7229,0
70.6801,2.66795,0,0,2.69656,0.159438,0.36288,3.6288,61.308,0.318804,0,0,0.844188,0.247372,0.278012,0.66528,12.849,1,0.481645,0.36288,0,45.5992,4.48728,40.9931,0.84672,12.849,0.84672,3695.15,0,18.483,0.0961125,1.04303,1.70474,4.3724,1.06474,5.95931,0.42336,0,0,18.483,0.42336,442.007,0,1.02816,0,0,2.07119,1.04303,1.028160,1,0,47.2304,0,0,0,47.2304,0
70.0523,2.66575,0,0,2.55964,0.158836,0.36288,3.6288,61.308,0.319075,0,0,0.770472,0.247372,0.204025,0.66528,12.849,1,0.48461,0.36288,0,41.3225,4.48728,36.7135,0.84672,12.849,0.84672,3695.15,0,18.483,0.0961941,0.819297,1.70515,4.10397,1.06474,5.46749,0.42336,0,0,18.483,0.42336,442.007,0,1.02816,0,0,1.84746,0.819297,1.028160,1,0,42.385,0,0,0,42.385,0
69.2243,2.66273,0,0,2.32038,0.122691,0.36288,3.6288,61.308,0.319346,0,0,0.735523,0.27098,0.145197,0.66528,12.849,1,0.488399,0.36288,0,36.4356,4.75503,31.555,0.84672,12.849,0.84672,3695.15,0,18.483,0.0962758,0.758938,1.70557,3.99734,1.13315,5.23242,0.42336,0,0,18.483,0.42336,442.007,0,1.02816,0,0,1.7871,0.758938,1.028160,1,0,36.9326,0,0,0,36.9326,0
68.4045,2.65846,0,0,2.30266,0.101138,0.36288,3.6288,61.308,0.319617,0,0,0.674709,0.273093,0.0819982,0.66528,12.849,1,0.493446,0.36288,0,34.228,4.93584,29.1616,0.84672,12.849,0.84672,3695.15,0,18.483,0.0963575,0.518028,1.70599,3.70743,1.16109,4.67401,0.42336,0,0,18.483,0.42336,442.007,0,1.02816,0,0,1.54619,0.518028,1.028160,1,0,33.9176,0,0,0,33.9176,0
67.7501,2.63035,0,0,2.42266,0.0838333,0.36288,3.6288,61.194,0.450384,0,0,0.591149,0.254768,0,0.66528,12.849,1,0.494082,0.36288,0,30.436,5.12011,25.1847,0.84672,12.849,0.84672,3695.15,0,18.483,0.135781,0.30119,1.7064,3.0957,1.1625,3.80502,0.42336,0,0,18.483,0.42336,442.007,0,0.899044,0,0,1.20023,0.30119,1.028160,1,0,28.9897,0,0,0,28.9897,0
66.8714,2.62698,0,0,2.19459,0.0834044,0.36288,3.6288,61.0387,0.465625,0,0,0.564881,0.254585,0,0.66528,12.849,1,0.498215,0.36288,0,29.9108,5.12011,24.6554,0.84672,12.849,0.84672,3695.15,0,18.483,0.140637,0.261274,1.73299,2.92454,1.1625,3.61566,0.42336,0,0,18.483,0.42336,442.007,0,0.87931,0,0,1.14058,0.261274,1.028160,1,0,28.271,0,0,0,28.271,0
65.8064,2.62213,0,0,1.99818,0.078264,0.36288,3.6288,60.7584,0.549256,0,0,0.534227,0.265285,0,0.66528,12.849,1,0.503829,0.36288,0,26.3303,5.26127,20.9281,0.84672,12.849,0.84672,3695.15,0,18.483,0.166319,0.261274,1.73341,2.83849,1.21403,3.45283,0.42336,0,0,18.483,0.42336,442.007,0,0.77036,0,0,1.03163,0.261274,1.028160,1,0,24.3809,0,0,0,24.3809,0
64.6742,2.61595,0,0,1.89708,0.050448,0.36288,3.6288,60.3903,0.538108,0,0,0.500437,0.3304,0,0.66528,12.849,1,0.510776,0.36288,0,23.7481,6.10816,17.492,0.84672,12.849,0.84672,3695.15,0,18.483,0.163695,0.261274,1.73384,2.7067,1.52316,3.01495,0.42336,0,0,18.483,0.42336,442.007,0,0.784495,0,0,1.04577,0.261274,1.028160,1,0,20.507,0,0,0,20.507,0
63.8429,2.67002,0,0,2.24951,0.0478873,0.36288,3.6288,60.2682,0.455337,0,0,0.643586,0.310294,0,0.66528,12.849,1,0.53046,0.36288,0,24.9534,5.82016,18.9656,0.84672,12.849,0.84672,3695.15,0,18.483,0.13936,0.261274,1.73426,2.82281,1.49023,3.18875,0.42336,0,0,18.483,0.42336,442.007,0,0.92829,0,0,1.18956,0.261274,1.028160,1,0,22.1544,0,0,0,22.1544,0
62.9103,2.66492,0,0,2.1424,0.0472182,0.36288,3.6288,60.1236,0.463651,0,0,0.625856,0.306834,0,0.66528,12.849,1,0.536341,0.36288,0,24.1047,5.77216,18.1591,0.84672,12.849,0.84672,3695.15,0,18.483,0.142192,0.261274,1.77643,2.89944,1.48474,3.31021,0.42336,0,0,18.483,0.42336,442.007,0,0.917516,0,0,1.17879,0.261274,1.028160,1,0,21.4693,0,0,0,21.4693,0
61.7814,2.65896,0,0,1.93981,0.0468612,0.36288,3.6288,59.8853,0.529679,0,0,0.597971,0.306551,0,0.66528,12.849,1,0.543076,0.36288,0,22.702,5.77216,16.7497,0.84672,12.849,0.84672,3695.15,0,18.483,0.162832,0.227405,1.77686,2.69585,1.48474,3.05255,0.42336,0,0,18.483,0.42336,442.007,0,0.83122,0,0,1.05862,0.227405,1.028160,1,0,19.8022,0,0,0,19.8022,0
60.4306,2.6514,0,0,1.69645,0.0328974,0.36288,3.6288,59.6229,0.542389,0,0,0.593733,0.313786,0,0.66528,12.849,1,0.551425,0.36288,0,21.6174,5.99649,15.4323,0.84672,12.849,0.84672,3695.15,0,18.483,0.167403,0.227405,1.7773,2.72468,1.52956,3.03242,0.42336,0,0,18.483,0.42336,442.007,0,0.814311,0,0,1.04172,0.227405,1.028160,1,0,18.4648,0,0,0,18.4648,0
58.8933,2.81832,0,0,1.68304,0.0391995,0.36288,3.6288,59.3458,0.616296,0,0,0.627415,0.288272,0,0.66528,12.849,1,0.599242,0.36288,0,20.2306,5.47313,14.5211,0.84672,12.849,0.84672,3695.15,0,18.483,0.191051,0.227405,1.77773,2.65573,1.40049,3.06933,0.42336,0,0,18.483,0.42336,442.007,0,0.848379,0,0,1.07578,0.227405,1.028160,1,0,17.5904,0,0,0,17.5904,0
57.5008,2.80616,0,0,1.81349,0.036914,0.36288,3.6288,59.1126,0.62771,0,0,0.665738,0.271222,0,0.66528,12.849,1,0.612232,0.36288,0,21.1891,4.91116,16.0286,0.84672,12.849,0.84672,3695.15,0,18.483,0.195498,0.227405,1.91966,2.65371,1.42603,3.17925,0.42336,0,0,18.483,0.42336,442.007,0,0.832922,0,0,1.06033,0.227405,1.028160,1,0,19.2078,0,0,0,19.2078,0
56.1372,2.79472,0,0,1.83036,0.0364171,0.36288,3.6288,58.9315,0.568206,0,0,0.657971,0.270817,0,0.66528,12.849,1,0.624503,0.36288,0,20.8342,4.91116,15.6614,0.84672,12.849,0.84672,3695.15,0,18.483,0.177664,0.204422,1.92013,2.85584,1.42603,3.37671,0.42336,0,0,18.483,0.42336,442.007,0,0.910665,0,0,1.11509,0.204422,1.028160,1,0,19.0382,0,0,0,19.0382,0
55.1458,2.78306,0,0,2.19047,0.0359306,0.36288,3.6288,58.7959,0.55772,0,0,0.692582,0.270502,0,0.66528,12.849,1,0.637003,0.36288,0,20.3719,4.91116,15.1866,0.84672,12.849,0.84672,3695.15,0,18.483,0.174921,0.204422,1.9206,3.83675,1.42603,4.36082,0.42336,0,0,18.483,0.42336,442.007,0,0.924299,0,0,1.12872,0.204422,1.028160,1,0,19.5474,0,0,0,19.5474,0
53.8243,2.77445,0,0,1.86201,0.0461786,0.36288,3.6288,58.7,0.51421,0,0,0.670497,0.252116,0,0.66528,12.849,1,0.646448,0.36288,0,19.1424,4.7165,14.1424,0.84672,12.849,0.84672,3695.15,0,18.483,0.161646,0.204422,1.92107,2.86624,1.34516,3.48492,0.42336,0,0,18.483,0.42336,442.007,0,0.981487,0,0,1.18591,0.204422,1.028160,1,0,17.6273,0,0,0,17.6273,0
53.9013,2.67803,0,0,3.21128,0.0933525,0.36288,3.6288,59.0665,0.418159,0,0,0.927461,0.142844,0,0.66528,12.849,1,0.639302,0.36288,0,23.7175,3.47077,19.9703,0.84672,12.849,0.84672,3695.15,0,18.483,0.131667,0.637174,1.92154,4.55744,0.875205,6.10928,0.42336,0,0,18.483,0.42336,442.007,0,1.02816,0,0,1.66533,0.637174,1.028160,1,0,26.0796,0,0,0,26.0796,0
54.7776,2.67942,0,0,4.01202,0.0934255,0.36288,3.6288,59.5606,0.419075,0,0,1.05635,0.14318,0,0.66528,12.849,1,0.63872,0.36288,0,45.8281,3.47077,42.0815,0.84672,12.849,0.84672,3695.15,0,18.483,0.131136,0.689982,1.84082,4.96053,0.875205,6.48499,0.42336,0,0,18.483,0.42336,442.007,0,1.02816,0,0,1.71814,0.689982,1.028160,1,0,48.5665,0,0,0,48.5665,0
54.5351,2.68835,0,0,2.903,0.094257,0.36288,3.6288,59.8913,0.420199,0,0,0.894499,0.143634,0,0.66528,12.849,1,0.630598,0.36288,0,21.7466,3.47077,18.0081,0.84672,12.849,0.84672,3695.15,0,18.483,0.130397,0.664606,1.84127,3.8931,0.875205,5.39337,0.42336,0,0,18.483,0.42336,442.007,0,1.02816,0,0,1.69277,0.664606,1.028160,1,0,23.4015,0,0,0,23.4015,0
54.2688,2.68674,0,0,2.87733,0.0940269,0.36288,3.6288,60.2966,0.421043,0,0,0.97035,0.143938,0,0.66528,12.849,1,0.633021,0.36288,0,16.8205,3.47077,13.0796,0.84672,12.849,0.84672,3695.15,0,18.483,0.129938,0.627601,1.84172,3.76368,0.875205,5.22785,0.42336,0,0,18.483,0.42336,442.007,0,1.02816,0,0,1.65576,0.627601,1.028160,1,0,18.3075,0,0,0,18.3075,0
53.6029,2.61552,0,0,2.5043,0.191714,0.36288,3.6288,60.6161,0.366383,0,0,0.827404,0.141505,0,0.66528,12.849,1,0.619267,0.36288,0,23.3613,3.54499,19.5599,0.84672,12.849,0.84672,3695.15,0,18.483,0.112309,0.858678,1.84217,3.56111,0.843405,5.30625,0.42336,0,0,18.483,0.42336,442.007,0,1.02816,0,0,1.88684,0.858678,1.028160,1,0,24.8661,0,0,0,24.8661,0
55.7586,2.60995,0,0,5.31848,0.189986,0.36288,3.6288,60.9613,0.367118,0,0,0.879836,0.16757,0,0.66528,12.849,1,0.625624,0.36288,0,54.5969,4.18625,50.1479,0.84672,12.849,0.84672,3695.15,0,18.483,0.111941,0.61274,1.77039,4.94122,0.968915,6.24349,0.42336,0,0,18.483,0.42336,442.007,0,1.02816,0,0,1.6409,0.61274,1.028160,1,0,56.3914,0,0,0,56.3914,0
63.3465,2.63025,0,0,10.7752,0.194158,0.36288,3.6288,61.308,0.367887,0,0,1.91564,0.167938,1.03311,0.66528,12.849,1,0.606115,0.36288,0,86.4879,4.18625,82.0584,0.84672,12.849,0.84672,3695.15,0,18.483,0.11154,2.58567,1.77083,10.3844,0.968915,13.6605,0.42336,0,0,18.483,0.42336,442.007,0,1.02816,0,0,3.61383,2.58567,1.028160,1,0,96.7519,0,0,0,96.7519,0
67.2406,2.69127,0,0,7.15637,0.208111,0.36288,3.6288,61.308,0.368654,0,0,1.8499,0.168307,1.31294,0.66528,12.849,1,0.545888,0.36288,0,53.2311,4.18625,48.8619,0.84672,12.849,0.84672,3695.15,0,18.483,0.111141,2.69632,1.77126,7.73418,0.968915,11.1217,0.42336,0,0,18.483,0.42336,442.007,0,1.02816,0,0,3.72448,2.69632,1.028160,1,0,61.2965,0,0,0,61.2965,0
70.9795,2.51374,0,0,6.87689,0.261356,0.36288,3.6288,61.308,0.252525,0,0,1.49041,0.160836,1.07705,0.66528,12.849,1,0.48035,0.36288,0,76.8851,3.8867,72.881,0.84672,12.849,0.84672,3695.15,0,18.483,0.0761308,1.26444,1.77169,8.56194,0.949019,10.5729,0.42336,0,0,18.483,0.42336,442.007,0,1.02816,0,0,2.2926,1.26444,1.028160,1,0,84.5309,0,0,0,84.5309,0
72.29,2.53578,0,0,8.4065,0.283829,4.27643,3.6288,61.308,0.25278,0,0,2.75889,0.134778,2.37133,0.66528,12.849,1,0.459038,4.27643,0,90.4513,3.21667,91.052,0.84672,12.849,0.84672,3695.15,0,18.483,0.0762074,2.5323,1.60937,10.4113,0.859311,13.6174,0.42336,0,0,18.483,0.42336,442.007,0,1.02816,0,0,3.56046,2.5323,1.028160,1,0,107.041,0,0,0,107.041,0
72.29,2.54347,0,0,15.5525,0.286679,12.7224,3.6288,61.308,0.253034,0,0,6.48673,0.134778,6.09892,0.66528,12.849,1,0.452082,12.7224,0,131.27,3.21667,140.324,0.84672,12.849,0.84672,3695.15,0,18.483,0.0762841,6.40212,1.60976,19.7057,0.859311,26.782,0.42336,0,0,18.483,0.42336,442.007,0,1.02816,0,0,7.43028,6.40212,1.028160,1,0,173.205,0,0,0,173.205,0
72.29,2.54409,0,0,9.10725,0.283878,6.27929,3.6288,61.308,0.253288,0,0,2.9038,0.194802,2.45571,0.66528,12.849,1,0.452192,6.27929,0,125.709,3.99483,127.541,0.84672,12.849,0.84672,3695.15,0,18.483,0.0763607,2.87286,1.61015,11.055,1.07071,14.3909,0.42336,0,0,18.483,0.42336,442.007,0,1.02816,0,0,3.90102,2.87286,1.028160,1,0,144.387,0,0,0,144.387,0
72.29,2.54471,0,0,9.58046,0.30001,6.73575,3.6288,61.308,0.253542,0,0,2.8896,0.273027,2.36303,0.66528,12.849,1,0.452303,6.73575,0,98.8615,5.32497,99.8199,0.84672,12.849,0.84672,3695.15,0,18.483,0.0764374,2.82188,1.61055,13.4192,1.47558,16.2996,0.42336,0,0,18.483,0.42336,442.007,0,1.02816,0,0,3.85004,2.82188,1.028160,1,0,118.483,0,0,0,118.483,0
72.0349,2.62505,0,0,3.00289,0.270027,0.36288,3.6288,61.308,0.287539,0,0,0.510836,0.162806,0.0604905,0.66528,12.849,1,0.466583,0.36288,0,39.6038,3.40316,36.0969,0.84672,12.849,0.84672,3695.15,0,18.483,0.0866867,0.545962,1.61094,4.17144,0.807823,5.43383,0.42336,0,0,18.483,0.42336,442.007,0,1.02816,0,0,1.57412,0.545962,1.028160,1,0,41.5912,0,0,0,41.5912,0
71.9442,2.62426,0,0,3.1659,0.269505,0.36288,3.6288,61.308,0.28779,0,0,0.696857,0.162806,0.246261,0.66528,12.849,1,0.468094,0.36288,0,56.288,3.40316,52.7796,0.84672,12.849,0.84672,3695.15,0,18.483,0.0867623,0.965676,1.66286,4.80133,0.807823,6.53528,0.42336,0,0,18.483,0.42336,442.007,0,1.02816,0,0,1.99384,0.965676,1.028160,1,0,59.5611,0,0,0,59.5611,0
72.29,2.62437,0,0,6.65616,0.269319,3.41667,3.6288,61.308,0.288041,0,0,1.83855,0.162806,1.3877,0.66528,12.849,1,0.468704,3.41667,0,136.585,3.40316,136.13,0.84672,12.849,0.84672,3695.15,0,18.483,0.086838,3.22574,1.66324,10.2904,0.807823,14.2847,0.42336,0,0,18.483,0.42336,442.007,0,1.02816,0,0,4.2539,3.22574,1.028160,1,0,151.803,0,0,0,151.803,0
72.29,2.62688,0,0,6.62723,0.299982,3.70037,3.6288,61.308,0.288292,0,0,1.67047,0.177242,1.20494,0.66528,12.849,1,0.466909,3.70037,0,147.301,3.67752,146.857,0.84672,12.849,0.84672,3695.15,0,18.483,0.0869137,4.30234,1.66363,9.22131,0.878225,14.2221,0.42336,0,0,18.483,0.42336,442.007,0,1.02816,0,0,5.3305,4.30234,1.028160,1,0,162.284,0,0,0,162.284,0
72.29,2.88377,0,0,8.98344,0.342368,5.7573,3.6288,61.308,0.415356,0,0,1.55701,0.168271,0.973378,0.66528,12.849,1,0.512569,5.7573,0,243.276,4.18116,244.339,0.84672,12.849,0.84672,3695.15,0,18.483,0.125221,4.79431,1.66402,12.2457,0.980758,17.5981,0.42336,0,0,18.483,0.42336,442.007,0,1.02816,0,0,5.82247,4.79431,1.028160,1,0,262.911,0,0,0,262.911,0
72.29,2.88445,0,0,8.85557,0.344202,5.62692,3.6288,61.308,0.415637,0,0,1.7573,0.147108,1.19455,0.66528,12.849,1,0.512688,5.62692,0,226.682,4.28453,227.511,0.84672,12.849,0.84672,3695.15,0,18.483,0.125305,4.4875,1.84848,12.5391,0.987255,17.7626,0.42336,0,0,18.483,0.42336,442.007,0,1.02816,0,0,5.51566,4.4875,1.028160,1,0,246.468,0,0,0,246.468,0
72.29,2.88512,0,0,9.93591,0.344202,6.7066,3.6288,61.308,0.415917,0,0,2.35786,0.147108,1.79484,0.66528,12.849,1,0.512808,6.7066,0,239.869,4.28453,241.778,0.84672,12.849,0.84672,3695.15,0,18.483,0.12539,5.67363,1.84891,16.3528,0.987255,22.7626,0.42336,0,0,18.483,0.42336,442.007,0,1.02816,0,0,6.70179,5.67363,1.028160,1,0,266.336,0,0,0,266.336,0
72.29,2.88579,0,0,7.7055,0.3446,4.47511,3.6288,61.308,0.416198,0,0,2.07317,0.159782,1.49719,0.66528,12.849,1,0.512927,4.47511,0,176.756,4.64502,176.073,0.84672,12.849,0.84672,3695.15,0,18.483,0.125474,5.54681,1.84934,12.963,1.08996,19.1437,0.42336,0,0,18.483,0.42336,442.007,0,1.02816,0,0,6.57497,5.54681,1.028160,1,0,196.714,0,0,0,196.714,0
72.29,2.52058,0,0,5.79569,0.352717,2.9224,3.6288,61.308,0.246135,0,0,1.25715,0.137711,0.873308,0.66528,12.849,1,0.448014,2.9224,0,131.732,4.41141,129.795,0.84672,12.849,0.84672,3695.15,0,18.483,0.0742044,2.88795,1.84977,9.37749,0.987686,13.0533,0.42336,0,0,18.483,0.42336,442.007,0,1.02816,0,0,3.91611,2.88795,1.028160,1,0,143.722,0,0,0,143.722,0
72.29,2.52117,0,0,3.20861,0.320651,0.36679,3.6288,61.308,0.246377,0,0,0.831972,0.14158,0.444015,0.66528,12.849,1,0.448119,0.36679,0,82.5111,4.44853,77.9813,0.84672,12.849,0.84672,3695.15,0,18.483,0.0742771,1.52051,1.59817,5.27845,1.02274,7.30011,0.42336,0,0,18.483,0.42336,442.007,0,1.02816,0,0,2.54867,1.52051,1.028160,1,0,85.7254,0,0,0,85.7254,0
72.29,2.52176,0,0,5.74352,0.320651,2.90111,3.6288,61.308,0.246618,0,0,1.59089,0.14158,1.20269,0.66528,12.849,1,0.448223,2.90111,0,76.8165,4.44853,74.8209,0.84672,12.849,0.84672,3695.15,0,18.483,0.0743498,3.05474,1.59854,8.00635,1.02274,11.5625,0.42336,0,0,18.483,0.42336,442.007,0,1.02816,0,0,4.0829,3.05474,1.028160,1,0,87.5861,0,0,0,87.5861,0
72.29,2.52234,0,0,10.058,0.320651,7.21501,3.6288,61.308,0.246859,0,0,2.66184,0.14158,2.2734,0.66528,12.849,1,0.448327,7.21501,0,171.424,4.44853,173.742,0.84672,12.849,0.84672,3695.15,0,18.483,0.0744225,5.10534,1.59891,15.6709,1.02274,21.278,0.42336,0,0,18.483,0.42336,442.007,0,1.02816,0,0,6.1335,5.10534,1.028160,1,0,197.293,0,0,0,197.293,0
72.29,2.52293,0,0,10.1337,0.320413,7.29034,3.6288,61.308,0.2471,0,0,2.51046,0.177219,2.08614,0.66528,12.849,1,0.448432,7.29034,0,279.953,4.37445,282.421,0.84672,12.849,0.84672,3695.15,0,18.483,0.0744952,4.82129,1.59928,14.2583,0.984608,19.6198,0.42336,0,0,18.483,0.42336,442.007,0,1.02816,0,0,5.84945,4.82129,1.028160,1,0,304.127,0,0,0,304.127,0
72.29,2.61572,0,0,10.4396,0.308015,7.51589,3.6288,61.308,0.289062,0,0,2.5771,0.174541,2.11349,0.66528,12.849,1,0.464924,7.51589,0,240.799,4.1286,243.722,0.84672,12.849,0.84672,3695.15,0,18.483,0.0871458,5.03359,1.59965,15.8796,0.98394,21.4418,0.42336,0,0,18.483,0.42336,442.007,0,1.02816,0,0,6.06175,5.03359,1.028160,1,0,267.277,0,0,0,267.277,0
72.29,2.61633,0,0,6.61949,0.308015,3.69515,3.6288,61.308,0.289313,0,0,1.5956,0.174541,1.13175,0.66528,12.849,1,0.465033,3.69515,0,147.792,4.1286,146.893,0.84672,12.849,0.84672,3695.15,0,18.483,0.0872215,3.11323,1.66233,11.1147,0.98394,14.8191,0.42336,0,0,18.483,0.42336,442.007,0,1.02816,0,0,4.14139,3.11323,1.028160,1,0,162.844,0,0,0,162.844,0
72.29,2.61694,0,0,5.35793,0.308015,2.43298,3.6288,61.308,0.289564,0,0,1.32004,0.174541,0.855932,0.66528,12.849,1,0.465141,2.43298,0,102.525,4.1286,100.364,0.84672,12.849,0.84672,3695.15,0,18.483,0.0872971,2.78514,1.66271,9.2867,0.98394,12.6633,0.42336,0,0,18.483,0.42336,442.007,0,1.02816,0,0,3.8133,2.78514,1.028160,1,0,113.883,0,0,0,113.883,0
72.29,2.61755,0,0,4.68302,0.308015,1.75746,3.6288,61.308,0.289815,0,0,1.20321,0.174541,0.73885,0.66528,12.849,1,0.465249,1.75746,0,87.7703,4.1286,84.9339,0.84672,12.849,0.84672,3695.15,0,18.483,0.0873728,2.56791,1.6631,8.32162,0.98394,11.4813,0.42336,0,0,18.483,0.42336,442.007,0,1.02816,0,0,3.59607,2.56791,1.028160,1,0,97.1541,0,0,0,97.1541,0
72.29,2.58207,0,0,5.66071,0.26863,2.81001,3.6288,61.308,0.273847,0,0,1.28861,0.210506,0.80426,0.66528,12.849,1,0.458943,2.81001,0,117.393,4.00161,115.743,0.84672,12.849,0.84672,3695.15,0,18.483,0.0825588,3.62705,1.66349,11.9935,1.05777,16.1437,0.42336,0,0,18.483,0.42336,442.007,0,1.02816,0,0,4.65521,3.62705,1.028160,1,0,132.691,0,0,0,132.691,0
72.29,2.58267,0,0,4.71905,0.262066,1.87431,3.6288,61.308,0.274094,0,0,0.954694,0.2165,0.4641,0.66528,12.849,1,0.45905,1.87431,0,84.685,3.98044,82.1198,0.84672,12.849,0.84672,3695.15,0,18.483,0.0826334,2.61348,1.6396,6.32854,1.07007,9.42892,0.42336,0,0,18.483,0.42336,442.007,0,1.02816,0,0,3.64164,2.61348,1.028160,1,0,92.0128,0,0,0,92.0128,0
72.29,2.58327,0,0,4.10848,0.262066,1.26314,3.6288,61.308,0.274342,0,0,0.917041,0.2165,0.426199,0.66528,12.849,1,0.459157,1.26314,0,75.2164,3.98044,72.0399,0.84672,12.849,0.84672,3695.15,0,18.483,0.082708,2.21564,1.63998,5.92002,1.07007,8.62286,0.42336,0,0,18.483,0.42336,442.007,0,1.02816,0,0,3.2438,2.21564,1.028160,1,0,81.089,0,0,0,81.089,0
72.29,2.58387,0,0,3.6813,0.262066,0.83536,3.6288,61.308,0.274589,0,0,0.810302,0.2165,0.319213,0.66528,12.849,1,0.459263,0.83536,0,64.5581,3.98044,60.9537,0.84672,12.849,0.84672,3695.15,0,18.483,0.0827826,1.81659,1.64036,5.15736,1.07007,7.46147,0.42336,0,0,18.483,0.42336,442.007,0,1.02816,0,0,2.84475,1.81659,1.028160,1,0,68.7344,0,0,0,68.7344,0
72.29,2.70707,0,0,3.75661,0.217986,0.831555,3.6288,61.308,0.332407,0,0,0.756717,0.203692,0.220618,0.66528,12.849,1,0.481161,0.831555,0,65.8603,3.84231,62.3684,0.84672,12.849,0.84672,3695.15,0,18.483,0.100213,2.01955,1.64075,5.07889,0.962084,7.67688,0.42336,0,0,18.483,0.42336,442.007,0,1.02816,0,0,3.04771,2.01955,1.028160,1,0,70.2659,0,0,0,70.2659,0
72.29,2.7077,0,0,3.87344,0.179377,0.986365,3.6288,61.308,0.332668,0,0,0.783138,0.213163,0.237307,0.66528,12.849,1,0.481273,0.986365,0,69.0051,4.20861,65.3016,0.84672,12.849,0.84672,3695.15,0,18.483,0.100292,1.67395,1.72607,5.36045,0.957721,7.70246,0.42336,0,0,18.483,0.42336,442.007,0,1.02816,0,0,2.70211,1.67395,1.028160,1,0,73.2413,0,0,0,73.2413,0
72.29,2.70833,0,0,3.51257,0.179377,0.624869,3.6288,61.308,0.332929,0,0,0.695775,0.213163,0.149683,0.66528,12.849,1,0.481385,0.624869,0,63.4928,4.20861,59.4276,0.84672,12.849,0.84672,3695.15,0,18.483,0.100371,1.3011,1.72647,5.00073,0.957721,6.97021,0.42336,0,0,18.483,0.42336,442.007,0,1.02816,0,0,2.32926,1.3011,1.028160,1,0,66.5475,0,0,0,66.5475,0
72.1582,2.70896,0,0,3.11937,0.179377,0.36288,3.6288,61.308,0.33319,0,0,0.678268,0.213163,0.131916,0.66528,12.849,1,0.481497,0.36288,0,53.99,4.20861,49.6628,0.84672,12.849,0.84672,3695.15,0,18.483,0.100449,1.42776,1.72688,4.94162,0.957721,7.03809,0.42336,0,0,18.483,0.42336,442.007,0,1.02816,0,0,2.45592,1.42776,1.028160,1,0,56.8328,0,0,0,56.8328,0
71.8174,2.70884,0,0,2.85559,0.124623,0.36288,3.6288,61.308,0.333451,0,0,0.675814,0.256715,0.0856484,0.66528,12.849,1,0.482356,0.36288,0,51.2568,4.90027,46.2371,0.84672,12.849,0.84672,3695.15,0,18.483,0.100528,1.59205,1.72728,4.54832,1.13454,6.63258,0.42336,0,0,18.483,0.42336,442.007,0,1.02816,0,0,2.62021,1.59205,1.028160,1,0,52.9553,0,0,0,52.9553,0
71.0715,2.68328,0,0,2.42355,0.123265,0.36288,3.6288,61.287,0.36539,0,0,0.635964,0.291564,0,0.66528,12.849,1,0.480071,0.36288,0,50.3563,5.41264,44.8265,0.84672,12.849,0.84672,3695.15,0,18.483,0.110157,1.33471,1.72768,3.72263,1.29528,5.37958,0.42336,0,0,18.483,0.42336,442.007,0,1.02816,0,0,2.36287,1.33471,1.028160,1,0,50.2061,0,0,0,50.2061,0
70.1735,2.67963,0,0,2.26708,0.122565,0.36288,3.6288,61.2132,0.36563,0,0,0.583313,0.291525,0,0.66528,12.849,1,0.48445,0.36288,0,45.9228,5.41264,40.3886,0.84672,12.849,0.84672,3695.15,0,18.483,0.110267,1.06861,1.75458,3.62756,1.29528,5.0452,0.42336,0,0,18.483,0.42336,442.007,0,1.02816,0,0,2.09677,1.06861,1.028160,1,0,45.4338,0,0,0,45.4338,0
69.2113,2.67502,0,0,2.19741,0.121722,0.36288,3.6288,61.1177,0.365796,0,0,0.561717,0.291389,0,0.66528,12.849,1,0.489804,0.36288,0,40.9364,5.41264,35.3968,0.84672,12.849,0.84672,3695.15,0,18.483,0.11045,0.950141,1.75498,3.58971,1.29528,4.8891,0.42336,0,0,18.483,0.42336,442.007,0,1.02816,0,0,1.9783,0.950141,1.028160,1,0,40.2859,0,0,0,40.2859,0
68.3825,2.66989,0,0,2.29438,0.0903941,0.36288,3.6288,61.096,0.365932,0,0,0.662022,0.317835,0,0.66528,12.849,1,0.495662,0.36288,0,39.5953,5.64043,33.8221,0.84672,12.849,0.84672,3695.15,0,18.483,0.110664,1.03746,1.75539,3.74723,1.43022,4.99919,0.42336,0,0,18.483,0.42336,442.007,0,1.02816,0,0,2.06562,1.03746,1.028160,1,0,38.8213,0,0,0,38.8213,0
67.2872,2.72766,0,0,2.08486,0.0896342,0.36288,3.6288,60.8263,0.394406,0,0,0.442403,0.317693,0,0.66528,12.849,1,0.512524,0.36288,0,48.7325,5.79037,42.7924,0.84672,12.849,0.84672,3695.15,0,18.483,0.119317,0.814139,1.7558,3.40938,1.4712,4.3888,0.42336,0,0,18.483,0.42336,442.007,0,1.02816,0,0,1.8423,0.814139,1.028160,1,0,47.1812,0,0,0,47.1812,0
66.0296,2.72129,0,0,1.91734,0.090794,0.36288,3.6288,60.4765,0.394275,0,0,0.359904,0.31534,0,0.66528,12.849,1,0.51965,0.36288,0,36.6504,5.83516,30.6584,0.84672,12.849,0.84672,3695.15,0,18.483,0.119806,0.724179,1.79847,3.10548,1.4786,4.02973,0.42336,0,0,18.483,0.42336,442.007,0,1.02816,0,0,1.75234,0.724179,1.028160,1,0,34.6882,0,0,0,34.6882,0
64.5603,2.71363,0,0,1.69709,0.0898934,0.36288,3.6288,60.1057,0.394018,0,0,0.337804,0.314641,0,0.66528,12.849,1,0.528058,0.36288,0,34.5975,5.83516,28.5972,0.84672,12.849,0.84672,3695.15,0,18.483,0.120421,0.63466,1.79889,3.10723,1.4786,3.94175,0.42336,0,0,18.483,0.42336,442.007,0,1.02816,0,0,1.66282,0.63466,1.028160,1,0,32.5389,0,0,0,32.5389,0
62.9559,2.70424,0,0,1.55162,0.0888413,0.36288,3.6288,59.7244,0.393724,0,0,0.326311,0.313899,0,0.66528,12.849,1,0.538206,0.36288,0,32.4909,5.83516,26.4804,0.84672,12.849,0.84672,3695.15,0,18.483,0.121073,0.503919,1.7993,2.96053,1.4786,3.66408,0.42336,0,0,18.483,0.42336,442.007,0,1.02816,0,0,1.53208,0.503919,1.028160,1,0,30.1445,0,0,0,30.1445,0
61.0765,2.87336,0,0,1.43113,0.0743706,0.36288,3.6288,59.2243,0.494878,0,0,0.310906,0.316154,0,0.66528,12.849,1,0.586438,0.36288,0,30.2296,6.01162,23.9944,0.84672,12.849,0.84672,3695.15,0,18.483,0.153151,0.470845,1.79972,2.88194,1.51148,3.48788,0.42336,0,0,18.483,0.42336,442.007,0,1.02816,0,0,1.49901,0.470845,1.028160,1,0,27.4823,0,0,0,27.4823,0
59.2597,2.85911,0,0,1.47711,0.0718284,0.36288,3.6288,58.6843,0.494189,0,0,0.259042,0.304774,0,0.66528,12.849,1,0.601487,0.36288,0,29.7799,5.92935,23.612,0.84672,12.849,0.84672,3695.15,0,18.483,0.154229,0.467009,1.94339,2.15382,1.48909,2.9209,0.42336,0,0,18.483,0.42336,442.007,0,1.02816,0,0,1.49517,0.467009,1.028160,1,0,26.5329,0,0,0,26.5329,0
57.5545,2.84462,0,0,1.57291,0.0706571,0.36288,3.6288,58.2058,0.493406,0,0,0.318634,0.30372,0,0.66528,12.849,1,0.616784,0.36288,0,37.8961,5.92935,31.7128,0.84672,12.849,0.84672,3695.15,0,18.483,0.155401,0.814648,1.94384,2.40576,1.48909,3.51976,0.42336,0,0,18.483,0.42336,442.007,0,1.02816,0,0,1.84281,0.814648,1.028160,1,0,35.2326,0,0,0,35.2326,0
55.5858,2.83033,0,0,1.29403,0.0694966,0.36288,3.6288,57.6424,0.492731,0,0,0.232055,0.302786,0,0.66528,12.849,1,0.63187,0.36288,0,34.7187,5.92935,28.5204,0.84672,12.849,0.84672,3695.15,0,18.483,0.156465,0.23131,1.94429,1.97041,1.48909,2.50046,0.42336,0,0,18.483,0.42336,442.007,0,1.02816,0,0,1.25947,0.23131,1.028160,1,0,31.0208,0,0,0,31.0208,0
53.9546,2.81281,0,0,1.61259,0.0681569,0.36288,3.6288,57.2508,0.491868,0,0,0.401993,0.301685,0,0.66528,12.849,1,0.650198,0.36288,0,33.8424,5.92935,27.6257,0.84672,12.849,0.84672,3695.15,0,18.483,0.157717,1.46076,1.94474,3.07319,1.48909,4.83188,0.42336,0,0,18.483,0.42336,442.007,0,1.02816,0,0,2.48892,1.46076,1.028160,1,0,32.4576,0,0,0,32.4576,0
52.2785,2.71222,0,0,1.43543,0.0363603,0.36288,3.6288,56.7631,0.43031,0,0,0.216785,0.274225,0,0.66528,12.849,1,0.645902,0.36288,0,26.7258,5.73824,20.7045,0.84672,12.849,0.84672,3695.15,0,18.483,0.138922,0.673963,1.94519,2.66653,1.38777,3.75899,0.42336,0,0,18.483,0.42336,442.007,0,1.02816,0,0,1.70212,0.673963,1.028160,1,0,24.4635,0,0,0,24.4635,0
51.0977,2.69623,0,0,1.92236,0.0441083,0.36288,3.6288,56.3333,0.429689,0,0,0.266607,0.266654,0,0.66528,12.849,1,0.662678,0.36288,0,35.463,5.68302,29.4801,0.84672,12.849,0.84672,3695.15,0,18.483,0.139914,1.22519,1.86346,3.27743,1.36881,4.85735,0.42336,0,0,18.483,0.42336,442.007,0,1.02816,0,0,2.25335,1.22519,1.028160,1,0,34.3375,0,0,0,34.3375,0
50.4279,2.68461,0,0,2.42133,0.0435705,0.36288,3.6288,56.038,0.429165,0,0,0.399713,0.265909,0,0.66528,12.849,1,0.675072,0.36288,0,72.1796,5.68302,66.1844,0.84672,12.849,0.84672,3695.15,0,18.483,0.140809,2.35267,1.86389,4.52708,1.36881,7.23403,0.42336,0,0,18.483,0.42336,442.007,0,1.02816,0,0,3.38083,2.35267,1.028160,1,0,73.4184,0,0,0,73.4184,0
49.5477,2.67809,0,0,2.26314,0.102412,0.36288,3.6288,55.6361,0.428885,0,0,0.270524,0.243467,0,0.66528,12.849,1,0.682375,0.36288,0,56.7588,5.631,50.8083,0.84672,12.849,0.84672,3695.15,0,18.483,0.141459,1.22615,1.86432,2.72876,1.39216,4.28562,0.42336,0,0,18.483,0.42336,442.007,0,1.02816,0,0,2.25431,1.22615,1.028160,1,0,55.0939,0,0,0,55.0939,0
48.0231,2.60013,0,0,1.56617,0.127699,0.36288,3.6288,55.4137,0.373177,0,0,0.391427,0.240655,0,0.66528,12.849,1,0.674282,0.36288,0,33.2249,5.10971,27.8038,0.84672,12.849,0.84672,3695.15,0,18.483,0.123974,0.770221,1.86476,2.29097,1.2476,3.55438,0.42336,0,0,18.483,0.42336,442.007,0,1.02816,0,0,1.79838,0.770221,1.028160,1,0,31.3582,0,0,0,31.3582,0
46.5106,2.58385,0,0,1.54672,0.112543,0.36288,3.6288,55.3011,0.373069,0,0,0.511389,0.250963,0,0.66528,12.849,1,0.69133,0.36288,0,28.5797,4.74799,23.5033,0.84672,12.849,0.84672,3695.15,0,18.483,0.124436,0.724896,1.79208,3.93063,1.12604,5.19713,0.42336,0,0,18.483,0.42336,442.007,0,1.02816,0,0,1.75306,0.724896,1.028160,1,0,28.7004,0,0,0,28.7004,0
45.594,2.56683,0,0,2.13667,0.123558,0.36288,3.6288,55.3602,0.373145,0,0,0.678386,0.246116,0,0.66528,12.849,1,0.70911,0.36288,0,48.8297,4.60501,43.8785,0.84672,12.849,0.84672,3695.15,0,18.483,0.124714,1.26228,1.7925,3.76364,1.10527,5.58842,0.42336,0,0,18.483,0.42336,442.007,0,1.02816,0,0,2.29044,1.26228,1.028160,1,0,49.4669,0,0,0,49.4669,0
47.2775,2.5563,0,0,4.75682,0.154154,0.36288,3.6288,56.1355,0.37351,0,0,1.3833,0.234555,0,0.66528,12.849,1,0.720399,0.36288,0,59.2292,4.24756,54.6241,0.84672,12.849,0.84672,3695.15,0,18.483,0.124703,2.2585,1.79291,6.91686,1.05336,9.79022,0.42336,0,0,18.483,0.42336,442.007,0,1.02816,0,0,3.28666,2.2585,1.028160,1,0,64.4143,0,0,0,64.4143,0
48.3766,2.38298,0,0,4.00785,0.162904,0.36288,3.6288,56.772,0.259703,0,0,1.12393,0.227712,0,0.66528,12.849,1,0.647643,0.36288,0,61.4962,4.27483,56.9366,0.84672,12.849,0.84672,3695.15,0,18.483,0.0855091,2.26787,1.79333,6.87769,1.05612,9.79726,0.42336,0,0,18.483,0.42336,442.007,0,1.02816,0,0,3.29603,2.26787,1.028160,1,0,66.7338,0,0,0,66.7338,0
51.2852,2.39516,0,0,5.84632,0.179652,0.36288,3.6288,58.3838,0.260667,0,0,2.08102,0.208481,0,0.66528,12.849,1,0.636164,0.36288,0,125.974,4.34301,121.358,0.84672,12.849,0.84672,3695.15,0,18.483,0.0848641,3.59717,1.62901,12.1526,1.06301,16.2309,0.42336,0,0,18.483,0.42336,442.007,0,1.02816,0,0,4.62533,3.59717,1.028160,1,0,137.588,0,0,0,137.588,0
53.6214,2.42458,0,0,5.30893,0.185297,0.36288,3.6288,59.4679,0.262688,0,0,1.5574,0.210668,0,0.66528,12.849,1,0.607454,0.36288,0,77.3155,4.34301,72.7279,0.84672,12.849,0.84672,3695.15,0,18.483,0.0831611,3.34888,1.62938,11.3615,1.06301,15.1936,0.42336,0,0,18.483,0.42336,442.007,0,1.02816,0,0,4.37704,3.34888,1.028160,1,0,87.9215,0,0,0,87.9215,0
54.4587,2.44649,0,0,3.87751,0.230798,0.36288,3.6288,59.7094,0.264088,0,0,0.722442,0.216843,0,0.66528,12.849,1,0.58624,0.36288,0,88.8477,3.84613,84.7782,0.84672,12.849,0.84672,3695.15,0,18.483,0.0820802,1.83446,1.62976,8.36153,0.95875,10.7849,0.42336,0,0,18.483,0.42336,442.007,0,1.02816,0,0,2.86262,1.83446,1.028160,1,0,95.5631,0,0,0,95.5631,0
55.314,2.45436,0,0,3.92178,0.249301,0.36288,3.6288,59.8917,0.264585,0,0,0.665931,0.219062,0,0.66528,12.849,1,0.579081,0.36288,0,106.278,3.64738,102.414,0.84672,12.849,0.84672,3695.15,0,18.483,0.081902,1.88774,1.63014,7.65798,0.917047,10.1769,0.42336,0,0,18.483,0.42336,442.007,0,1.02816,0,0,2.9159,1.88774,1.028160,1,0,112.591,0,0,0,112.591,0
58.1778,2.53931,0,0,6.02212,0.256088,0.36288,3.6288,60.903,0.298985,0,0,1.5344,0.224113,0,0.66528,12.849,1,0.589861,0.36288,0,143.885,4.62501,139.033,0.84672,12.849,0.84672,3695.15,0,18.483,0.0922688,2.83649,1.63052,8.93851,1.12052,12.1927,0.42336,0,0,18.483,0.42336,442.007,0,1.02816,0,0,3.86465,2.83649,1.028160,1,0,151.225,0,0,0,151.225,0
62.0946,2.56366,0,0,7.09722,0.253947,0.36288,3.6288,61.308,0.300401,0,0,1.8361,0.210361,0.920331,0.66528,12.849,1,0.566203,0.36288,0,165.932,4.39769,161.331,0.84672,12.849,0.84672,3695.15,0,18.483,0.0911664,3.73443,1.68305,10.4842,1.10503,14.7055,0.42336,0,0,18.483,0.42336,442.007,0,1.02816,0,0,4.76259,3.73443,1.028160,1,0,176.957,0,0,0,176.957,0
66.9453,2.59382,0,0,8.06293,0.255519,0.36288,3.6288,61.308,0.301104,0,0,2.67906,0.2047,2.17325,0.66528,12.849,1,0.53673,0.36288,0,116.718,4.1833,112.361,0.84672,12.849,0.84672,3695.15,0,18.483,0.0907763,5.09287,1.68342,12.2837,1.07825,17.891,0.42336,0,0,18.483,0.42336,442.007,0,1.02816,0,0,6.12103,5.09287,1.028160,1,0,132.425,0,0,0,132.425,0
70.5879,2.62703,0,0,6.89824,0.265712,0.36288,3.6288,61.308,0.301345,0,0,1.86888,0.2047,1.36284,0.66528,12.849,1,0.504214,0.36288,0,130.434,4.1833,126.109,0.84672,12.849,0.84672,3695.15,0,18.483,0.0908489,3.61117,1.68379,11.6495,1.07825,15.7753,0.42336,0,0,18.483,0.42336,442.007,0,1.02816,0,0,4.63933,3.61117,1.028160,1,0,143.247,0,0,0,143.247,0
72.29,2.90807,0,0,9.97849,0.28263,5.08568,3.6288,61.308,0.429933,0,0,2.5306,0.202164,1.89851,0.66528,12.849,1,0.529351,5.08568,0,270.007,3.90107,270.662,0.84672,12.849,0.84672,3695.15,0,18.483,0.129615,4.76749,1.68416,17.0211,1.01391,22.3292,0.42336,0,0,18.483,0.42336,442.007,0,1.02816,0,0,5.79565,4.76749,1.028160,1,0,294.89,0,0,0,294.89,0
72.29,2.91929,0,0,7.97558,0.298841,4.75745,3.6288,61.308,0.430202,0,0,2.92905,0.198782,2.30006,0.66528,12.849,1,0.518882,4.75745,0,225.579,3.52475,226.293,0.84672,12.849,0.84672,3695.15,0,18.483,0.129696,3.87745,1.87084,14.1892,0.928133,18.8797,0.42336,0,0,18.483,0.42336,442.007,0,1.02816,0,0,4.90561,3.87745,1.028160,1,0,247.473,0,0,0,247.473,0
72.29,2.91994,0,0,5.76365,0.298841,2.54487,3.6288,61.308,0.430472,0,0,2.2177,0.198782,1.58844,0.66528,12.849,1,0.518997,2.54487,0,144.862,3.52475,143.363,0.84672,12.849,0.84672,3695.15,0,18.483,0.129778,2.76409,1.87125,10.2818,0.928133,13.8592,0.42336,0,0,18.483,0.42336,442.007,0,1.02816,0,0,3.79225,2.76409,1.028160,1,0,158.81,0,0,0,158.81,0
72.29,2.92058,0,0,5.05324,0.301864,1.8308,3.6288,61.308,0.430741,0,0,2.20596,0.181273,1.59395,0.66528,12.849,1,0.519111,1.8308,0,123.699,3.22228,121.788,0.84672,12.849,0.84672,3695.15,0,18.483,0.129859,3.29857,1.87166,9.99449,0.841406,14.1935,0.42336,0,0,18.483,0.42336,442.007,0,1.02816,0,0,4.32673,3.29857,1.028160,1,0,137.576,0,0,0,137.576,0
72.29,2.55094,0,0,5.36649,0.291846,2.5237,3.6288,61.308,0.258616,0,0,1.89934,0.163729,1.477,0.66528,12.849,1,0.453411,2.5237,0,144.939,2.94914,144.061,0.84672,12.849,0.84672,3695.15,0,18.483,0.0779669,3.02383,1.87207,9.59204,0.776372,13.6336,0.42336,0,0,18.483,0.42336,442.007,0,1.02816,0,0,4.05199,3.02383,1.028160,1,0,159.171,0,0,0,159.171,0
72.29,2.55151,0,0,5.73787,0.285258,2.9011,3.6288,61.308,0.258847,0,0,1.61374,0.1513,1.20359,0.66528,12.849,1,0.453511,2.9011,0,177.402,2.83516,177.014,0.84672,12.849,0.84672,3695.15,0,18.483,0.0780367,2.86972,1.61742,9.1165,0.779609,12.746,0.42336,0,0,18.483,0.42336,442.007,0,1.02816,0,0,3.89788,2.86972,1.028160,1,0,190.964,0,0,0,190.964,0
72.29,2.55207,0,0,4.70524,0.275467,1.8777,3.6288,61.308,0.259079,0,0,1.49293,0.157846,1.07601,0.66528,12.849,1,0.453611,1.8777,0,135.213,2.88739,133.75,0.84672,12.849,0.84672,3695.15,0,18.483,0.0781065,2.26071,1.61777,7.58246,0.776387,10.6065,0.42336,0,0,18.483,0.42336,442.007,0,1.02816,0,0,3.28887,2.26071,1.028160,1,0,145.433,0,0,0,145.433,0
72.29,2.55263,0,0,4.27487,0.275467,1.44677,3.6288,61.308,0.25931,0,0,1.32354,0.157846,0.906379,0.66528,12.849,1,0.453711,1.44677,0,121.16,2.88739,119.265,0.84672,12.849,0.84672,3695.15,0,18.483,0.0781762,2.57844,1.61813,7.09741,0.776387,10.4394,0.42336,0,0,18.483,0.42336,442.007,0,1.02816,0,0,3.6066,2.57844,1.028160,1,0,130.611,0,0,0,130.611,0
72.29,2.5532,0,0,6.2876,0.275467,3.45894,3.6288,61.308,0.259542,0,0,1.61694,0.157846,1.19955,0.66528,12.849,1,0.453811,3.45894,0,164.684,2.88739,164.802,0.84672,12.849,0.84672,3695.15,0,18.483,0.0782461,2.98617,1.61849,10.0048,0.776387,13.7548,0.42336,0,0,18.483,0.42336,442.007,0,1.02816,0,0,4.01433,2.98617,1.028160,1,0,179.757,0,0,0,179.757,0
72.29,2.64707,0,0,3.9797,0.288551,1.04408,3.6288,61.308,0.301994,0,0,1.58523,0.184219,1.09902,0.66528,12.849,1,0.470496,1.04408,0,112.682,4.08188,109.174,0.84672,12.849,0.84672,3695.15,0,18.483,0.0910445,2.29325,1.61884,8.95216,1.06969,11.7035,0.42336,0,0,18.483,0.42336,442.007,0,1.02816,0,0,3.32141,2.29325,1.028160,1,0,121.976,0,0,0,121.976,0
72.29,2.64765,0,0,4.00765,0.288551,1.07144,3.6288,61.308,0.302235,0,0,1.7552,0.184219,1.26874,0.66528,12.849,1,0.4706,1.07144,0,113.291,4.08188,109.81,0.84672,12.849,0.84672,3695.15,0,18.483,0.0911171,2.91475,1.68225,9.62721,1.06969,13.0634,0.42336,0,0,18.483,0.42336,442.007,0,1.02816,0,0,3.94291,2.91475,1.028160,1,0,124.142,0,0,0,124.142,0
71.9467,2.64824,0,0,2.9564,0.288551,0.36288,3.6288,61.308,0.302476,0,0,1.30237,0.184219,0.815673,0.66528,12.849,1,0.470704,0.36288,0,81.3447,4.08188,77.155,0.84672,12.849,0.84672,3695.15,0,18.483,0.0911898,1.55543,1.68262,6.82102,1.06969,8.8982,0.42336,0,0,18.483,0.42336,442.007,0,1.02816,0,0,2.58359,1.55543,1.028160,1,0,86.8689,0,0,0,86.8689,0
71.2932,2.64691,0,0,2.61201,0.255707,0.36288,3.6288,61.308,0.302717,0,0,1.08862,0.197676,0.588229,0.66528,12.849,1,0.472714,0.36288,0,71.3137,4.19408,67.0098,0.84672,12.849,0.84672,3695.15,0,18.483,0.0912624,1.31166,1.68299,5.89503,1.0838,7.71461,0.42336,0,0,18.483,0.42336,442.007,0,1.02816,0,0,2.33982,1.31166,1.028160,1,0,75.3126,0,0,0,75.3126,0
70.9893,2.60739,0,0,2.90217,0.235819,0.36288,3.6288,61.308,0.286545,0,0,1.25101,0.210128,0.754338,0.66528,12.849,1,0.469923,0.36288,0,62.1538,4.37213,57.6747,0.84672,12.849,0.84672,3695.15,0,18.483,0.0863871,1.64651,1.68336,6.08282,1.07933,8.24697,0.42336,0,0,18.483,0.42336,442.007,0,1.02816,0,0,2.67467,1.64651,1.028160,1,0,66.676,0,0,0,66.676,0
70.2479,2.60626,0,0,2.44153,0.213827,0.36288,3.6288,61.308,0.286783,0,0,1.07324,0.21508,0.57138,0.66528,12.849,1,0.47173,0.36288,0,52.1859,4.34521,47.7319,0.84672,12.849,0.84672,3695.15,0,18.483,0.0864586,1.50869,1.65917,5.22962,1.08173,7.2293,0.42336,0,0,18.483,0.42336,442.007,0,1.02816,0,0,2.53685,1.50869,1.028160,1,0,55.5326,0,0,0,55.5326,0
69.2103,2.60262,0,0,2.14057,0.212612,0.36288,3.6288,61.308,0.28702,0,0,1.01202,0.21508,0.50992,0.66528,12.849,1,0.476044,0.36288,0,47.65,4.34521,43.1917,0.84672,12.849,0.84672,3695.15,0,18.483,0.0865302,1.20169,1.65954,4.87071,1.08173,6.56367,0.42336,0,0,18.483,0.42336,442.007,0,1.02816,0,0,2.22985,1.20169,1.028160,1,0,50.2652,0,0,0,50.2652,0
68.3611,2.59718,0,0,2.32173,0.210912,0.36288,3.6288,61.308,0.287258,0,0,0.971076,0.21508,0.468737,0.66528,12.849,1,0.48217,0.36288,0,51.3673,4.34521,46.9028,0.84672,12.849,0.84672,3695.15,0,18.483,0.0866019,0.783181,1.6599,5.33072,1.08173,6.60548,0.42336,0,0,18.483,0.42336,442.007,0,1.02816,0,0,1.81134,0.783181,1.028160,1,0,53.977,0,0,0,53.977,0
67.3893,2.7157,0,0,2.26794,0.161157,0.36288,3.6288,61.308,0.34575,0,0,1.00269,0.236024,0.420915,0.66528,12.849,1,0.510436,0.36288,0,47.7105,4.7319,42.8311,0.84672,12.849,0.84672,3695.15,0,18.483,0.104236,0.920894,1.66027,4.85631,1.17525,6.15799,0.42336,0,0,18.483,0.42336,442.007,0,1.02816,0,0,1.94905,0.920894,1.028160,1,0,49.41,0,0,0,49.41,0
66.2342,2.71011,0,0,2.10439,0.186531,0.36288,3.6288,61.308,0.346001,0,0,0.976666,0.189056,0.441609,0.66528,12.849,1,0.516732,0.36288,0,44.9973,4.578,40.2654,0.84672,12.849,0.84672,3695.15,0,18.483,0.104311,0.897705,1.74659,4.46876,1.14484,5.86391,0.42336,0,0,18.483,0.42336,442.007,0,1.02816,0,0,1.92586,0.897705,1.028160,1,0,46.571,0,0,0,46.571,0
65.1702,2.70316,0,0,2.08109,0.0790725,0.36288,3.6288,61.308,0.346251,0,0,0.93585,0.228481,0.361118,0.66528,12.849,1,0.524396,0.36288,0,46.1099,5.10699,40.8414,0.84672,12.849,0.84672,3695.15,0,18.483,0.104387,0.939514,1.74698,4.61277,1.25127,5.94361,0.42336,0,0,18.483,0.42336,442.007,0,1.02816,0,0,1.96767,0.939514,1.028160,1,0,47.1461,0,0,0,47.1461,0
63.8806,2.6966,0,0,1.84829,0.0784034,0.36288,3.6288,61.308,0.346501,0,0,0.76286,0.228481,0.187878,0.66528,12.849,1,0.531664,0.36288,0,41.2369,5.10699,35.9611,0.84672,12.849,0.84672,3695.15,0,18.483,0.104463,0.645036,1.74736,3.95608,1.25127,4.99275,0.42336,0,0,18.483,0.42336,442.007,0,1.02816,0,0,1.6732,0.645036,1.028160,1,0,41.1418,0,0,0,41.1418,0
62.5318,2.68826,0,0,1.78002,0.0775924,0.36288,3.6288,61.308,0.346752,0,0,0.614099,0.228481,0.0388662,0.66528,12.849,1,0.540719,0.36288,0,38.0007,5.10699,32.7159,0.84672,12.849,0.84672,3695.15,0,18.483,0.104538,0.520033,1.74775,3.80333,1.25127,4.7153,0.42336,0,0,18.483,0.42336,442.007,0,1.02816,0,0,1.54819,0.520033,1.028160,1,0,37.47,0,0,0,37.47,0
61.2897,2.65518,0,0,1.87616,0.100253,0.36288,3.6288,61.308,0.379056,0,0,0.670939,0.243933,0.0479505,0.66528,12.849,1,0.545585,0.36288,0,34.9708,4.58357,30.2046,0.84672,12.849,0.84672,3695.15,0,18.483,0.114277,0.516085,1.74813,3.66376,1.06749,4.74621,0.42336,0,0,18.483,0.42336,442.007,0,1.02816,0,0,1.54424,0.516085,1.028160,1,0,34.9987,0,0,0,34.9987,0
59.9794,2.64662,0,0,1.78972,0.0904638,0.36288,3.6288,61.308,0.379313,0,0,0.655007,0.259478,0.0162161,0.66528,12.849,1,0.554848,0.36288,0,32.8854,4.80074,27.8927,0.84672,12.849,0.84672,3695.15,0,18.483,0.114355,0.525718,1.77533,3.66965,1.14099,4.71535,0.42336,0,0,18.483,0.42336,442.007,0,1.02816,0,0,1.55388,0.525718,1.028160,1,0,32.6243,0,0,0,32.6243,0
58.4775,2.63722,0,0,1.56621,0.0680518,0.36288,3.6288,61.253,0.379571,0,0,0.618875,0.29432,0,0.66528,12.849,1,0.564954,0.36288,0,30.901,5.54706,25.1518,0.84672,12.849,0.84672,3695.15,0,18.483,0.114432,0.374561,1.77572,3.57103,1.40018,4.2067,0.42336,0,0,18.483,0.42336,442.007,0,1.02816,0,0,1.40272,0.374561,1.028160,1,0,29.3585,0,0,0,29.3585,0
56.9343,2.6259,0,0,1.513,0.067442,0.36288,3.6288,61.1935,0.37975,0,0,0.609098,0.28886,0,0.66528,12.849,1,0.576978,0.36288,0,28.4483,5.81826,22.416,0.84672,12.849,0.84672,3695.15,0,18.483,0.114589,0.478829,1.77611,3.56627,1.50077,4.20585,0.42336,0,0,18.483,0.42336,442.007,0,1.02816,0,0,1.50699,0.478829,1.028160,1,0,26.6218,0,0,0,26.6218,0
55.3526,2.67472,0,0,1.51849,0.0625365,0.36288,3.6288,61.1074,0.408501,0,0,0.6416,0.319139,0,0.66528,12.849,1,0.603634,0.36288,0,28.5032,5.76649,22.4959,0.84672,12.849,0.84672,3695.15,0,18.483,0.123384,0.376324,1.7765,3.82306,1.46311,4.38939,0.42336,0,0,18.483,0.42336,442.007,0,1.02816,0,0,1.40448,0.376324,1.028160,1,0,26.8853,0,0,0,26.8853,0
53.7911,2.66131,0,0,1.52041,0.0577112,0.36288,3.6288,60.9811,0.408631,0,0,0.637432,0.35516,0,0.66528,12.849,1,0.617769,0.36288,0,28.5418,6.01377,22.2731,0.84672,12.849,0.84672,3695.15,0,18.483,0.123598,0.569221,1.81965,3.4613,1.5265,4.20008,0.42336,0,0,18.483,0.42336,442.007,0,1.02816,0,0,1.59738,0.569221,1.028160,1,0,26.4732,0,0,0,26.4732,0
52.4162,2.64741,0,0,1.69216,0.0568093,0.36288,3.6288,60.9335,0.408699,0,0,0.715962,0.354876,0,0.66528,12.849,1,0.632383,0.36288,0,30.0456,6.01377,23.7623,0.84672,12.849,0.84672,3695.15,0,18.483,0.123874,0.62894,1.82006,3.80099,1.5265,4.59961,0.42336,0,0,18.483,0.42336,442.007,0,1.02816,0,0,1.6571,0.62894,1.028160,1,0,28.3619,0,0,0,28.3619,0
50.8982,2.63467,0,0,1.53557,0.0560151,0.36288,3.6288,60.7965,0.408888,0,0,0.626745,0.354769,0,0.66528,12.849,1,0.645848,0.36288,0,33.1684,6.01377,26.8716,0.84672,12.849,0.84672,3695.15,0,18.483,0.124028,0.380912,1.82046,3.71573,1.5265,4.26657,0.42336,0,0,18.483,0.42336,442.007,0,1.02816,0,0,1.40907,0.380912,1.028160,1,0,31.1382,0,0,0,31.1382,0
49.1315,2.79484,0,0,1.44346,0.0524388,0.36288,3.6288,60.5425,0.512028,0,0,0.613154,0.355137,0,0.66528,12.849,1,0.705543,0.36288,0,27.7163,5.93035,21.4433,0.84672,12.849,0.84672,3695.15,0,18.483,0.155664,0.40379,1.82086,3.44301,1.51276,3.99922,0.42336,0,0,18.483,0.42336,442.007,0,1.02816,0,0,1.43195,0.40379,1.028160,1,0,25.4425,0,0,0,25.4425,0
47.5926,2.77534,0,0,1.64386,0.0445576,0.36288,3.6288,60.1082,0.715845,0,0,0.626175,0.344707,0,0.66528,12.849,1,0.725814,0.36288,0,29.562,5.38461,23.8145,0.84672,12.849,0.84672,3695.15,0,18.483,0.21854,0.227405,1.96619,3.60463,1.43526,4.14443,0.42336,0,0,18.483,0.42336,442.007,0,0.761841,0,0,0.989245,0.227405,1.028160,1,0,27.9589,0,0,0,27.9589,0
45.9723,2.75747,0,0,1.54658,0.0464714,0.36288,3.6288,59.8846,0.511236,0,0,0.618983,0.331264,0,0.66528,12.849,1,0.744458,0.36288,0,27.87,5.49875,21.9897,0.84672,12.849,0.84672,3695.15,0,18.483,0.157203,0.468297,1.96662,3.94112,1.47667,4.74216,0.42336,0,0,18.483,0.42336,442.007,0,1.02816,0,0,1.49646,0.468297,1.028160,1,0,26.7319,0,0,0,26.7319,0
44.2844,2.73756,0,0,1.45812,0.0456461,0.36288,3.6288,59.6359,0.511073,0,0,0.593159,0.330792,0,0.66528,12.849,1,0.765133,0.36288,0,28.2695,5.49875,22.3685,0.84672,12.849,0.84672,3695.15,0,18.483,0.157739,0.556641,1.96705,3.68047,1.47667,4.56975,0.42336,0,0,18.483,0.42336,442.007,0,1.02816,0,0,1.5848,0.556641,1.028160,1,0,26.9382,0,0,0,26.9382,0
42.5884,2.71556,0,0,1.42723,0.0447863,0.36288,3.6288,59.3889,0.510856,0,0,0.59406,0.330268,0,0.66528,12.849,1,0.787911,0.36288,0,26.8066,5.49875,20.8829,0.84672,12.849,0.84672,3695.15,0,18.483,0.15833,0.542497,1.96749,3.69257,1.47667,4.56755,0.42336,0,0,18.483,0.42336,442.007,0,1.02816,0,0,1.57066,0.542497,1.028160,1,0,25.4504,0,0,0,25.4504,0
40.4074,2.60991,0,0,0.843186,0.0513834,0.36288,3.6288,58.6105,0.847465,0,0,0.372391,0.303333,0,0.66528,12.849,1,0.787414,0.36288,0,15.5348,4.28573,10.8245,0.84672,12.849,0.84672,3695.15,0,18.483,0.263748,0.204422,1.96792,2.73945,1.27171,3.37634,0.42336,0,0,18.483,0.42336,442.007,0,0.504823,0,0,0.709246,0.204422,1.028160,1,0,14.2009,0,0,0,14.2009,0
38.0661,2.57823,0,0,0.651128,0.0512958,0.36288,3.6288,58.1582,0.643501,0,0,0.488635,0.297442,0,0.66528,12.849,1,0.819841,0.36288,0,13.5015,4.08355,8.96095,0.84672,12.849,0.84672,3695.15,0,18.483,0.20293,0.216518,1.88521,2.94456,1.23755,3.6058,0.42336,0,0,18.483,0.42336,442.007,0,0.76996,0,0,0.986478,0.216518,1.028160,1,0,12.5668,0,0,0,12.5668,0
35.6525,2.54109,0,0,0.54028,0.0499132,0.36288,3.6288,57.1208,1.00362,0,0,0.262812,0.296577,0,0.66528,12.849,1,0.857729,0.36288,0,12.9363,4.08355,8.35792,0.84672,12.849,0.84672,3695.15,0,18.483,0.318955,0.216518,1.88562,2.19292,1.23755,2.73856,0.42336,0,0,18.483,0.42336,442.007,0,0.294176,0,0,0.510694,0.216518,1.028160,1,0,11.0965,0,0,0,11.0965,0
33.4783,2.49895,0,0,0.777076,0.0894726,0.36288,3.6288,56.2432,0.950564,0,0,0.323264,0.250313,0,0.66528,12.849,1,0.900611,0.36288,0,15.0981,3.46066,11.0997,0.84672,12.849,0.84672,3695.15,0,18.483,0.307581,0.216518,1.88604,2.41307,1.04285,3.1652,0.42336,0,0,18.483,0.42336,442.007,0,0.358957,0,0,0.575476,0.216518,1.028160,1,0,14.2649,0,0,0,14.2649,0
31.8027,2.39375,0,0,1.19346,0.112462,0.36288,3.6288,56.0012,0.617732,0,0,0.574804,0.19908,0,0.66528,12.849,1,0.918723,0.36288,0,31.8173,3.35617,27.9053,0.84672,12.849,0.84672,3695.15,0,18.483,0.203003,0.216518,1.88645,6.27305,0.793963,7.37905,0.42336,0,0,18.483,0.42336,442.007,0,0.722304,0,0,0.938822,0.216518,1.028160,1,0,35.2844,0,0,0,35.2844,0
30.5784,2.35979,0,0,1.63591,0.137529,0.36288,3.6288,55.6046,0.604791,0,0,0.408987,0.200736,0,0.66528,12.849,1,0.95341,0.36288,0,25.6795,4.42156,20.6674,0.84672,12.849,0.84672,3695.15,0,18.483,0.199609,0.216518,1.81291,4.58145,0.932243,5.47902,0.42336,0,0,18.483,0.42336,442.007,0,0.738979,0,0,0.955498,0.216518,1.028160,1,0,26.1464,0,0,0,26.1464,0
29.0829,2.33343,0,0,1.36135,0.160483,0.36288,3.6288,54.8411,0.853496,0,0,0.286257,0.196277,0,0.66528,12.849,1,0.980504,0.36288,0,20.8632,4.4605,15.7851,0.84672,12.849,0.84672,3695.15,0,18.483,0.283702,0.292723,1.81331,3.82504,0.981848,4.66552,0.42336,0,0,18.483,0.42336,442.007,0,0.406521,0,0,0.699244,0.292723,1.028160,1,0,20.4506,0,0,0,20.4506,0
28.313,2.29897,0,0,2.04918,0.157293,0.36288,3.6288,54.9532,0.385855,0,0,0.693215,0.195294,0,0.66528,12.849,1,1.0157,0.36288,0,32.5336,4.4605,27.4203,0.84672,12.849,0.84672,3695.15,0,18.483,0.130044,0.992857,1.81371,7.75602,0.981848,9.4507,0.42336,0,0,18.483,0.42336,442.007,0,1.02816,0,0,2.02102,0.992857,1.028160,1,0,36.871,0,0,0,36.871,0
30.4344,2.10872,0,0,4.74256,0.149575,0.36288,3.6288,56.0272,0.270222,0,0,1.54029,0.196028,0,0.66528,12.849,1,0.956981,0.36288,0,85.7658,4.37046,80.8013,0.84672,12.849,0.84672,3695.15,0,18.483,0.0908868,2.22165,1.81411,11.9512,0.992235,14.9038,0.42336,0,0,18.483,0.42336,442.007,0,1.02816,0,0,3.24981,2.22165,1.028160,1,0,95.7051,0,0,0,95.7051,0
29.153,2.1561,0,0,1.38556,0.147995,0.36288,3.6288,56.1264,0.271762,0,0,0.56142,0.190469,0,0.66528,12.849,1,0.910278,0.36288,0,48.1042,3.81701,43.7398,0.84672,12.849,0.84672,3695.15,0,18.483,0.0896525,0.420215,1.64786,7.23954,1.03953,8.17843,0.42336,0,0,18.483,0.42336,442.007,0,1.02816,0,0,1.44837,0.420215,1.028160,1,0,51.9183,0,0,0,51.9183,0
28.5489,2.1288,0,0,2.07446,0.186861,0.36288,3.6288,56.7351,0.272111,0,0,1.05744,0.176579,0,0.66528,12.849,1,0.938255,0.36288,0,90.6361,3.79943,86.2613,0.84672,12.849,0.84672,3695.15,0,18.483,0.089609,1.39381,1.64822,9.15702,1.01951,11.0899,0.42336,0,0,18.483,0.42336,442.007,0,1.02816,0,0,2.42197,1.39381,1.028160,1,0,97.3512,0,0,0,97.3512,0
31.6068,2.11557,0,0,5.72169,0.185331,0.36288,3.6288,57.6281,0.273067,0,0,1.34329,0.177281,0,0.66528,12.849,1,0.952156,0.36288,0,89.9977,3.79943,85.609,0.84672,12.849,0.84672,3695.15,0,18.483,0.0889589,1.87796,1.64859,11.6769,1.01951,14.095,0.42336,0,0,18.483,0.42336,442.007,0,1.02816,0,0,2.90612,1.87796,1.028160,1,0,99.704,0,0,0,99.704,0
32.2324,2.18155,0,0,3.36433,0.194243,0.36288,3.6288,58.1777,0.274342,0,0,0.999968,0.17602,0,0.66528,12.849,1,0.886857,0.36288,0,164.686,3.82206,160.34,0.84672,12.849,0.84672,3695.15,0,18.483,0.0879895,1.28897,1.64895,10.2767,1.00025,12.1264,0.42336,0,0,18.483,0.42336,442.007,0,1.02816,0,0,2.31713,1.28897,1.028160,1,0,172.466,0,0,0,172.466,0
32.1311,2.26306,0,0,2.73301,0.208435,0.36288,3.6288,58.5758,0.309325,0,0,0.894154,0.186697,0,0.66528,12.849,1,0.902138,0.36288,0,87.1629,4.29543,82.3282,0.84672,12.849,0.84672,3695.15,0,18.483,0.0982724,1.07355,1.64931,7.67683,1.08187,9.21956,0.42336,0,0,18.483,0.42336,442.007,0,1.02816,0,0,2.10171,1.07355,1.028160,1,0,91.5478,0,0,0,91.5478,0
38.2725,2.2615,0,0,8.96078,0.195003,0.36288,3.6288,59.8212,0.310061,0,0,1.73517,0.179679,0,0.66528,12.849,1,0.90436,0.36288,0,157.6,3.83019,153.228,0.84672,12.849,0.84672,3695.15,0,18.483,0.0978366,2.28116,1.70243,13.6208,1.08575,16.4208,0.42336,0,0,18.483,0.42336,442.007,0,1.02816,0,0,3.30932,2.28116,1.028160,1,0,169.649,0,0,0,169.649,0
39.9027,2.37064,0,0,4.57381,0.210055,0.36288,3.6288,60.4073,0.311846,0,0,1.07905,0.181119,0,0.66528,12.849,1,0.795882,0.36288,0,122.483,3.83019,118.22,0.84672,12.849,0.84672,3695.15,0,18.483,0.0963513,1.27854,1.70278,8.0498,1.08575,9.84902,0.42336,0,0,18.483,0.42336,442.007,0,1.02816,0,0,2.3067,1.27854,1.028160,1,0,128.069,0,0,0,128.069,0
41.2742,2.39574,0,0,4.34418,0.214061,0.36288,3.6288,61.308,0.312792,0,0,2.00881,0.181796,0.613549,0.66528,12.849,1,0.771447,0.36288,0,104.674,3.83019,100.435,0.84672,12.849,0.84672,3695.15,0,18.483,0.0957058,3.21758,1.70314,11.1345,1.08575,14.8738,0.42336,0,0,18.483,0.42336,442.007,0,1.02816,0,0,4.24574,3.21758,1.028160,1,0,115.922,0,0,0,115.922,0
43.6715,2.65142,0,0,5.6239,0.21233,0.36288,3.6288,61.308,0.443921,0,0,1.53866,0.186906,0.907836,0.66528,12.849,1,0.825409,0.36288,0,123.304,4.29627,118.545,0.84672,12.849,0.84672,3695.15,0,18.483,0.133832,2.24313,1.70349,12.6543,1.01722,15.4499,0.42336,0,0,18.483,0.42336,442.007,0,1.02816,0,0,3.27129,2.24313,1.028160,1,0,134.903,0,0,0,134.903,0
46.9273,2.68699,0,0,6.54953,0.243854,0.36288,3.6288,61.308,0.444179,0,0,1.40114,0.18431,0.772651,0.66528,12.849,1,0.790566,0.36288,0,152.661,4.58325,147.65,0.84672,12.849,0.84672,3695.15,0,18.483,0.13391,2.44769,1.89229,13.2275,1.09811,16.3355,0.42336,0,0,18.483,0.42336,442.007,0,1.02816,0,0,3.47585,2.44769,1.028160,1,0,164.758,0,0,0,164.758,0
51.1525,2.73062,0,0,7.57166,0.252947,0.36288,3.6288,61.308,0.444436,0,0,1.21884,0.18431,0.59009,0.66528,12.849,1,0.747662,0.36288,0,122.671,4.58325,117.703,0.84672,12.849,0.84672,3695.15,0,18.483,0.133988,1.96067,1.89268,9.82999,1.09811,12.4512,0.42336,0,0,18.483,0.42336,442.007,0,1.02816,0,0,2.98883,1.96067,1.028160,1,0,130.744,0,0,0,130.744,0
52.6982,2.78056,0,0,4.96315,0.273956,0.36288,3.6288,61.308,0.444694,0,0,1.0948,0.157995,0.492111,0.66528,12.849,1,0.698449,0.36288,0,138.194,4.23363,133.625,0.84672,12.849,0.84672,3695.15,0,18.483,0.134065,1.63071,1.89308,8.2499,1.02368,10.616,0.42336,0,0,18.483,0.42336,442.007,0,1.02816,0,0,2.65887,1.63071,1.028160,1,0,144.733,0,0,0,144.733,0
57.5893,2.443,0,0,7.98502,0.288097,0.36288,3.6288,61.308,0.270589,0,0,1.91402,0.145225,1.49821,0.66528,12.849,1,0.595658,0.36288,0,166.935,3.94333,162.759,0.84672,12.849,0.84672,3695.15,0,18.483,0.0815765,2.8896,1.89347,12.6559,0.946663,16.4107,0.42336,0,0,18.483,0.42336,442.007,0,1.02816,0,0,3.91776,2.8896,1.028160,1,0,180.668,0,0,0,180.668,0
62.3178,2.48488,0,0,7.88581,0.309582,0.36288,3.6288,61.308,0.27081,0,0,3.08043,0.16264,2.64698,0.66528,12.849,1,0.554412,0.36288,0,123.796,3.87314,119.731,0.84672,12.849,0.84672,3695.15,0,18.483,0.0816432,3.85185,1.63588,14.3751,0.893681,18.8875,0.42336,0,0,18.483,0.42336,442.007,0,1.02816,0,0,4.88001,3.85185,1.028160,1,0,141.265,0,0,0,141.265,0
64.6414,2.52028,0,0,5.52993,0.323153,0.36288,3.6288,61.308,0.271032,0,0,2.43383,0.16264,2.00016,0.66528,12.849,1,0.519645,0.36288,0,125.153,3.87314,121.123,0.84672,12.849,0.84672,3695.15,0,18.483,0.08171,2.84517,1.63623,12.1753,0.893681,15.6813,0.42336,0,0,18.483,0.42336,442.007,0,1.02816,0,0,3.87333,2.84517,1.028160,1,0,138.805,0,0,0,138.805,0
66.4163,2.53639,0,0,4.96085,0.286634,0.36288,3.6288,61.308,0.271253,0,0,1.61759,0.138575,1.20776,0.66528,12.849,1,0.504168,0.36288,0,105.087,3.52435,101.422,0.84672,12.849,0.84672,3695.15,0,18.483,0.0817768,1.95084,1.63657,10.7491,0.843579,13.4112,0.42336,0,0,18.483,0.42336,442.007,0,1.02816,0,0,2.979,1.95084,1.028160,1,0,116.041,0,0,0,116.041,0
68.485,2.54821,0,0,5.23804,0.258262,0.36288,3.6288,61.308,0.271475,0,0,2.1323,0.120526,1.7403,0.66528,12.849,1,0.492981,0.36288,0,110.59,3.26277,107.197,0.84672,12.849,0.84672,3695.15,0,18.483,0.0818435,2.87028,1.63691,11.2812,0.806003,14.9005,0.42336,0,0,18.483,0.42336,442.007,0,1.02816,0,0,3.89844,2.87028,1.028160,1,0,123.838,0,0,0,123.838,0
72.29,2.65487,0,0,9.13579,0.29613,2.37979,3.6288,61.308,0.314396,0,0,3.22436,0.193176,2.71679,0.66528,12.849,1,0.498101,2.37979,0,223.631,3.97494,221.538,0.84672,12.849,0.84672,3695.15,0,18.483,0.0947835,3.78509,1.63725,17.8344,0.956751,22.2052,0.42336,0,0,18.483,0.42336,442.007,0,1.02816,0,0,4.81325,3.78509,1.028160,1,0,246.46,0,0,0,246.46,0
72.29,2.67769,0,0,8.57952,0.310704,5.59113,3.6288,61.308,0.314627,0,0,2.70601,0.205284,2.1861,0.66528,12.849,1,0.475939,5.59113,0,195.837,4.09364,196.858,0.84672,12.849,0.84672,3695.15,0,18.483,0.094853,2.86718,1.70136,14.9519,0.981875,18.4437,0.42336,0,0,18.483,0.42336,442.007,0,1.02816,0,0,3.89534,2.86718,1.028160,1,0,217.488,0,0,0,217.488,0
72.29,2.67825,0,0,6.89567,0.280526,3.93689,3.6288,61.308,0.314857,0,0,1.95391,0.201954,1.4371,0.66528,12.849,1,0.476039,3.93689,0,157.035,4.29133,156.205,0.84672,12.849,0.84672,3695.15,0,18.483,0.0949225,2.01597,1.70171,10.0246,0.994731,12.6527,0.42336,0,0,18.483,0.42336,442.007,0,1.02816,0,0,3.04413,2.01597,1.028160,1,0,170.295,0,0,0,170.295,0
72.29,2.67881,0,0,5.92745,0.257892,2.99075,3.6288,61.308,0.315088,0,0,1.64949,0.199457,1.13494,0.66528,12.849,1,0.476138,2.99075,0,148.686,4.43961,146.761,0.84672,12.849,0.84672,3695.15,0,18.483,0.094992,1.26401,1.70207,8.46815,1.00437,10.3349,0.42336,0,0,18.483,0.42336,442.007,0,1.02816,0,0,2.29217,1.26401,1.028160,1,0,158.231,0,0,0,158.231,0
72.29,2.64244,0,0,5.77473,0.229953,2.90233,3.6288,61.308,0.29872,0,0,1.35685,0.214937,0.843194,0.66528,12.849,1,0.469674,2.90233,0,115.946,4.34415,114.035,0.84672,12.849,0.84672,3695.15,0,18.483,0.0900575,1.53705,1.70242,9.90256,1.03808,12.0139,0.42336,0,0,18.483,0.42336,442.007,0,1.02816,0,0,2.56521,1.53705,1.028160,1,0,126.892,0,0,0,126.892,0
72.29,2.64299,0,0,5.43664,0.208999,2.58465,3.6288,61.308,0.298947,0,0,1.14795,0.226548,0.622459,0.66528,12.849,1,0.469772,2.58465,0,122.604,4.27256,120.447,0.84672,12.849,0.84672,3695.15,0,18.483,0.090126,1.55472,1.67794,9.13447,1.06336,11.2136,0.42336,0,0,18.483,0.42336,442.007,0,1.02816,0,0,2.58288,1.55472,1.028160,1,0,132.283,0,0,0,132.283,0
72.29,2.64354,0,0,5.13162,0.208999,2.27908,3.6288,61.308,0.299175,0,0,1.04946,0.226548,0.523736,0.66528,12.849,1,0.46987,2.27908,0,112.955,4.27256,110.492,0.84672,12.849,0.84672,3695.15,0,18.483,0.0901945,1.0972,1.67829,8.09758,1.06336,9.71952,0.42336,0,0,18.483,0.42336,442.007,0,1.02816,0,0,2.12536,1.0972,1.028160,1,0,120.735,0,0,0,120.735,0
72.29,2.64409,0,0,4.74853,0.208999,1.89543,3.6288,61.308,0.299402,0,0,0.984865,0.226548,0.458916,0.66528,12.849,1,0.469968,1.89543,0,103.659,4.27256,100.812,0.84672,12.849,0.84672,3695.15,0,18.483,0.0902629,0.943004,1.67864,7.11461,1.06336,8.58263,0.42336,0,0,18.483,0.42336,442.007,0,1.02816,0,0,1.97116,0.943004,1.028160,1,0,109.854,0,0,0,109.854,0
72.29,2.7701,0,0,4.22545,0.174133,1.28122,3.6288,61.308,0.35854,0,0,0.863645,0.247634,0.257471,0.66528,12.849,1,0.492364,1.28122,0,89.1441,4.55548,85.3774,0.84672,12.849,0.84672,3695.15,0,18.483,0.108092,0.869763,1.67899,6.46785,1.07651,7.832,0.42336,0,0,18.483,0.42336,442.007,0,1.02816,0,0,1.89792,0.869763,1.028160,1,0,93.4669,0,0,0,93.4669,0
72.29,2.77068,0,0,4.03304,0.15399,1.10837,3.6288,61.308,0.358779,0,0,0.801818,0.231962,0.211076,0.66528,12.849,1,0.492467,1.10837,0,66.5107,4.3219,62.8047,0.84672,12.849,0.84672,3695.15,0,18.483,0.108164,1.00399,1.76626,5.02795,1.01489,6.67515,0.42336,0,0,18.483,0.42336,442.007,0,1.02816,0,0,2.03215,1.00399,1.028160,1,0,69.6909,0,0,0,69.6909,0
72.29,2.77125,0,0,3.64718,0.15399,0.721933,3.6288,61.308,0.359019,0,0,0.77125,0.231962,0.180268,0.66528,12.849,1,0.492569,0.721933,0,63.9723,4.3219,59.8797,0.84672,12.849,0.84672,3695.15,0,18.483,0.108236,0.472539,1.76663,4.80057,1.01489,5.91662,0.42336,0,0,18.483,0.42336,442.007,0,1.02816,0,0,1.5007,0.472539,1.028160,1,0,65.9766,0,0,0,65.9766,0
72.2449,2.77183,0,0,3.24359,0.15399,0.36288,3.6288,61.308,0.377003,0,0,0.687485,0.231962,0.078519,0.66528,12.849,1,0.492672,0.36288,0,55.9148,4.3219,51.4631,0.84672,12.849,0.84672,3695.15,0,18.483,0.113658,0.30119,1.767,4.5286,1.01489,5.46825,0.42336,0,0,18.483,0.42336,442.007,0,1.00507,0,0,1.30626,0.30119,1.028160,1,0,57.0099,0,0,0,57.0099,0
71.9142,2.77215,0,0,2.9427,0.138384,0.36288,3.6288,61.308,0.359498,0,0,0.687734,0.242746,0.0854892,0.66528,12.849,1,0.493036,0.36288,0,49.637,4.49513,45.0117,0.84672,12.849,0.84672,3695.15,0,18.483,0.108381,0.428077,1.76737,4.42854,1.05775,5.45784,0.42336,0,0,18.483,0.42336,442.007,0,1.02816,0,0,1.45624,0.428077,1.028160,1,0,50.555,0,0,0,50.555,0
71.6313,2.74599,0,0,2.9275,0.101459,0.36288,3.6288,61.308,0.39215,0,0,0.862531,0.267599,0.202782,0.66528,12.849,1,0.490629,0.36288,0,52.2743,5.0153,47.1313,0.84672,12.849,0.84672,3695.15,0,18.483,0.118224,0.624776,1.76774,4.50369,1.17177,5.60621,0.42336,0,0,18.483,0.42336,442.007,0,1.02816,0,0,1.65294,0.624776,1.028160,1,0,52.9403,0,0,0,52.9403,0
71.2178,2.74492,0,0,2.7959,0.101608,0.36288,3.6288,61.308,0.392396,0,0,0.86565,0.267248,0.206006,0.66528,12.849,1,0.492374,0.36288,0,52.4211,5.02982,47.2618,0.84672,12.849,0.84672,3695.15,0,18.483,0.118299,0.533667,1.79521,4.3132,1.17291,5.35087,0.42336,0,0,18.483,0.42336,442.007,0,1.02816,0,0,1.56183,0.533667,1.028160,1,0,52.8187,0,0,0,52.8187,0
70.6892,2.74307,0,0,2.65963,0.0823042,0.36288,3.6288,61.308,0.392643,0,0,0.828179,0.298337,0.137199,0.66528,12.849,1,0.494899,0.36288,0,50.1511,5.46415,44.555,0.84672,12.849,0.84672,3695.15,0,18.483,0.118373,0.518322,1.79559,4.10872,1.31991,4.98435,0.42336,0,0,18.483,0.42336,442.007,0,1.02816,0,0,1.54648,0.518322,1.028160,1,0,49.6765,0,0,0,49.6765,0
70.0005,2.74051,0,0,2.49608,0.081421,0.36288,3.6288,61.308,0.392889,0,0,0.806976,0.295147,0.11894,0.66528,12.849,1,0.498135,0.36288,0,48.3934,5.81553,42.4426,0.84672,12.849,0.84672,3695.15,0,18.483,0.118447,0.56173,1.79596,4.0779,1.3666,4.95054,0.42336,0,0,18.483,0.42336,442.007,0,1.02816,0,0,1.58989,0.56173,1.028160,1,0,47.5121,0,0,0,47.5121,0
68.9824,2.80081,0,0,2.23482,0.0891849,0.36288,3.6288,61.308,0.422046,0,0,0.754281,0.293811,0.0384233,0.66528,12.849,1,0.514105,0.36288,0,43.0573,5.60691,37.2991,0.84672,12.849,0.84672,3695.15,0,18.483,0.127238,0.376384,1.79634,3.54535,1.36667,4.22415,0.42336,0,0,18.483,0.42336,442.007,0,1.02816,0,0,1.40454,0.376384,1.028160,1,0,41.5617,0,0,0,41.5617,0
68.0837,2.795,0,0,2.32303,0.0638933,0.36288,3.6288,61.308,0.422299,0,0,0.871275,0.323127,0.125849,0.66528,12.849,1,0.520609,0.36288,0,43.8001,5.59451,38.0479,0.84672,12.849,0.84672,3695.15,0,18.483,0.127314,0.393085,1.83995,3.44359,1.52419,4.02512,0.42336,0,0,18.483,0.42336,442.007,0,1.02816,0,0,1.42125,0.393085,1.028160,1,0,42.1989,0,0,0,42.1989,0
67.1335,2.7898,0,0,2.26597,0.0634463,0.36288,3.6288,61.308,0.422551,0,0,0.802742,0.323127,0.0570642,0.66528,12.849,1,0.5265,0.36288,0,43.7444,5.59451,37.9863,0.84672,12.849,0.84672,3695.15,0,18.483,0.12739,0.519895,1.84033,3.69007,1.52419,4.39872,0.42336,0,0,18.483,0.42336,442.007,0,1.02816,0,0,1.54805,0.519895,1.028160,1,0,42.4421,0,0,0,42.4421,0
66.044,2.78412,0,0,2.12043,0.0629738,0.36288,3.6288,61.3051,0.422804,0,0,0.743066,0.323127,0,0.66528,12.849,1,0.532866,0.36288,0,39.4905,5.59451,33.726,0.84672,12.849,0.84672,3695.15,0,18.483,0.127466,0.453444,1.84071,3.29335,1.52419,3.93585,0.42336,0,0,18.483,0.42336,442.007,0,1.02816,0,0,1.4816,0.453444,1.028160,1,0,37.6619,0,0,0,37.6619,0
64.6025,2.96283,0,0,1.94666,0.062432,0.36288,3.6288,61.1894,0.52749,0,0,0.734884,0.323121,0,0.66528,12.849,1,0.576424,0.36288,0,36.0989,5.59451,30.2908,0.84672,12.849,0.84672,3695.15,0,18.483,0.159034,0.331776,1.8411,3.22102,1.52419,3.71067,0.42336,0,0,18.483,0.42336,442.007,0,1.02816,0,0,1.35994,0.331776,1.028160,1,0,34.0015,0,0,0,34.0015,0
63.0996,2.95271,0,0,1.88363,0.0709232,0.36288,3.6288,61.0578,0.534023,0,0,0.739359,0.336905,0,0.66528,12.849,1,0.587275,0.36288,0,29.079,5.56899,23.2856,0.84672,12.849,0.84672,3695.15,0,18.483,0.161308,0.227405,1.98802,3.64661,1.50631,4.19442,0.42336,0,0,18.483,0.42336,442.007,0,1.01971,0,0,1.24711,0.227405,1.028160,1,0,27.48,0,0,0,27.48,0
61.6622,2.94171,0,0,1.93459,0.0674634,0.36288,3.6288,60.9829,0.527544,0,0,0.773453,0.320888,0,0.66528,12.849,1,0.599021,0.36288,0,30.8762,5.5943,25.0458,0.84672,12.849,0.84672,3695.15,0,18.483,0.159694,0.306055,1.98843,3.11596,1.52427,3.72649,0.42336,0,0,18.483,0.42336,442.007,0,1.02816,0,0,1.33421,0.306055,1.028160,1,0,28.7723,0,0,0,28.7723,0
59.895,2.93076,0,0,1.5931,0.0666724,0.36288,3.6288,60.7665,0.568856,0,0,0.673189,0.320736,0,0.66528,12.849,1,0.610704,0.36288,0,38.331,5.5943,32.4889,0.84672,12.849,0.84672,3695.15,0,18.483,0.172412,0.204422,1.98885,2.77993,1.52427,3.27651,0.42336,0,0,18.483,0.42336,442.007,0,0.974488,0,0,1.17891,0.204422,1.028160,1,0,35.7654,0,0,0,35.7654,0
58.3123,2.91653,0,0,1.76239,0.0656675,0.36288,3.6288,60.8434,0.527505,0,0,0.924745,0.320296,0,0.66528,12.849,1,0.625671,0.36288,0,32.8636,5.5943,27.0065,0.84672,12.849,0.84672,3695.15,0,18.483,0.160448,0.515125,1.98926,3.32205,1.52427,4.14172,0.42336,0,0,18.483,0.42336,442.007,0,1.02816,0,0,1.54329,0.515125,1.028160,1,0,31.1483,0,0,0,31.1483,0
56.274,2.81464,0,0,1.22932,0.090047,0.36288,3.6288,60.775,0.46459,0,0,0.700489,0.30426,0,0.66528,12.849,1,0.620201,0.36288,0,21.6845,5.294,16.1332,0.84672,12.849,0.84672,3695.15,0,18.483,0.141133,0.572685,1.98968,3.15389,1.30802,4.2671,0.42336,0,0,18.483,0.42336,442.007,0,1.02816,0,0,1.60085,0.572685,1.028160,1,0,20.4003,0,0,0,20.4003,0
53.8076,2.79693,0,0,0.79164,0.0982116,0.36288,3.6288,60.4987,0.514895,0,0,0.536169,0.297654,0,0.66528,12.849,1,0.638622,0.36288,0,15.8839,5.17388,10.4343,0.84672,12.849,0.84672,3695.15,0,18.483,0.156591,0.216518,1.90603,2.45603,1.22152,3.20047,0.42336,0,0,18.483,0.42336,442.007,0,0.962738,0,0,1.17926,0.216518,1.028160,1,0,13.6348,0,0,0,13.6348,0
51.4722,2.77388,0,0,0.93058,0.129283,0.36288,3.6288,60.2847,0.491782,0,0,0.544745,0.266965,0,0.66528,12.849,1,0.66239,0.36288,0,15.9998,4.75862,10.9417,0.84672,12.849,0.84672,3695.15,0,18.483,0.150245,0.216518,1.90642,2.56487,1.09172,3.44585,0.42336,0,0,18.483,0.42336,442.007,0,0.992537,0,0,1.20906,0.216518,1.028160,1,0,14.3875,0,0,0,14.3875,0
50.7728,2.7504,0,0,2.62181,0.207911,0.36288,3.6288,60.9514,0.464371,0,0,1.32243,0.191286,0,0.66528,12.849,1,0.686583,0.36288,0,51.1224,3.72046,47.0782,0.84672,12.849,0.84672,3695.15,0,18.483,0.142374,0.955722,1.90682,6.8269,0.767231,8.77983,0.42336,0,0,18.483,0.42336,442.007,0,1.02816,0,0,1.98388,0.955722,1.028160,1,0,55.858,0,0,0,55.858,0
49.5691,2.67256,0,0,2.04548,0.213676,0.36288,3.6288,61.308,0.408096,0,0,1.1157,0.194141,0.156895,0.66528,12.849,1,0.676341,0.36288,0,48.0489,3.85889,43.8765,0.84672,12.849,0.84672,3695.15,0,18.483,0.123752,0.777047,1.90722,4.33376,0.823046,6.07122,0.42336,0,0,18.483,0.42336,442.007,0,1.02816,0,0,1.80521,0.777047,1.028160,1,0,50.1046,0,0,0,50.1046,0
49.2306,2.66007,0,0,2.91339,0.228946,0.36288,3.6288,61.308,0.408898,0,0,1.42267,0.199698,0.814075,0.66528,12.849,1,0.689526,0.36288,0,76.928,4.20493,72.3964,0.84672,12.849,0.84672,3695.15,0,18.483,0.123274,1.36398,1.83285,7.08731,0.962585,9.19827,0.42336,0,0,18.483,0.42336,442.007,0,1.02816,0,0,2.39214,1.36398,1.028160,1,0,82.4087,0,0,0,82.4087,0
49.3111,2.65686,0,0,3.32834,0.228116,0.36288,3.6288,61.308,0.409148,0,0,1.5551,0.199698,0.946259,0.66528,12.849,1,0.693431,0.36288,0,90.0625,4.20493,85.527,0.84672,12.849,0.84672,3695.15,0,18.483,0.123349,1.66243,1.83323,8.42089,0.962585,10.8306,0.42336,0,0,18.483,0.42336,442.007,0,1.02816,0,0,2.69059,1.66243,1.028160,1,0,97.3039,0,0,0,97.3039,0
49.848,2.65831,0,0,3.78641,0.228314,0.36288,3.6288,61.308,0.409398,0,0,2.40627,0.199698,1.79718,0.66528,12.849,1,0.692677,0.36288,0,102.312,4.20493,97.7776,0.84672,12.849,0.84672,3695.15,0,18.483,0.123424,2.45087,1.83361,10.1281,0.962585,13.3265,0.42336,0,0,18.483,0.42336,442.007,0,1.02816,0,0,3.47903,2.45087,1.028160,1,0,112.901,0,0,0,112.901,0
50.4026,2.46411,0,0,3.62118,0.239661,0.36288,3.6288,61.308,0.289147,0,0,1.87999,0.172845,1.41799,0.66528,12.849,1,0.635158,0.36288,0,98.7362,4.21761,94.2463,0.84672,12.849,0.84672,3695.15,0,18.483,0.0871715,2.18696,1.83399,11.2399,1.04153,14.1321,0.42336,0,0,18.483,0.42336,442.007,0,1.02816,0,0,3.21512,2.18696,1.028160,1,0,109.796,0,0,0,109.796,0
50.0309,2.47019,0,0,2.72289,0.2615,0.36288,3.6288,61.308,0.289372,0,0,1.52544,0.231363,1.00471,0.66528,12.849,1,0.62972,0.36288,0,67.0366,4.44707,62.3227,0.84672,12.849,0.84672,3695.15,0,18.483,0.0872392,1.52092,1.6659,8.1705,1.14248,10.1276,0.42336,0,0,18.483,0.42336,442.007,0,1.02816,0,0,2.54908,1.52092,1.028160,1,0,73.455,0,0,0,73.455,0
53.3223,2.46698,0,0,6.38179,0.260476,0.36288,3.6288,61.308,0.289597,0,0,4.22701,0.231363,3.70605,0.66528,12.849,1,0.633574,0.36288,0,142.039,4.44707,137.321,0.84672,12.849,0.84672,3695.15,0,18.483,0.0873069,5.44688,1.66625,11.4194,1.14248,17.3027,0.42336,0,0,18.483,0.42336,442.007,0,1.02816,0,0,6.47504,5.44688,1.028160,1,0,158.33,0,0,0,158.33,0
55.6625,2.49902,0,0,5.46216,0.2601,0.36288,3.6288,61.308,0.289821,0,0,1.45902,0.226916,0.942282,0.66528,12.849,1,0.602185,0.36288,0,84.3912,4.21936,79.9325,0.84672,12.849,0.84672,3695.15,0,18.483,0.0873747,2.0238,1.6666,8.27038,1.10474,10.7687,0.42336,0,0,18.483,0.42336,442.007,0,1.02816,0,0,3.05196,2.0238,1.028160,1,0,91.6435,0,0,0,91.6435,0
57.3792,2.52011,0,0,4.85317,0.253431,0.36288,3.6288,61.308,0.290046,0,0,2.52188,0.220988,2.01084,0.66528,12.849,1,0.581737,0.36288,0,65.6955,3.91576,61.5609,0.84672,12.849,0.84672,3695.15,0,18.483,0.0874424,2.39187,1.66694,7.65772,1.05442,10.5747,0.42336,0,0,18.483,0.42336,442.007,0,1.02816,0,0,3.42003,2.39187,1.028160,1,0,74.1464,0,0,0,74.1464,0
60.6801,2.61425,0,0,6.53391,0.255948,0.36288,3.6288,61.308,0.325192,0,0,2.48905,0.241102,1.92276,0.66528,12.849,1,0.585413,0.36288,0,130.26,4.12804,125.91,0.84672,12.849,0.84672,3695.15,0,18.483,0.0980383,2.29293,1.66729,9.73166,1.01068,12.5832,0.42336,0,0,18.483,0.42336,442.007,0,1.02816,0,0,3.32109,2.29293,1.028160,1,0,140.415,0,0,0,140.415,0
63.9143,2.64105,0,0,6.51197,0.273759,0.36288,3.6288,61.308,0.325412,0,0,1.59773,0.206901,1.06542,0.66528,12.849,1,0.559243,0.36288,0,150.652,3.27419,147.182,0.84672,12.849,0.84672,3695.15,0,18.483,0.0981046,2.23602,1.72096,9.29949,0.703106,12.4553,0.42336,0,0,18.483,0.42336,442.007,0,1.02816,0,0,3.26418,2.23602,1.028160,1,0,160.702,0,0,0,160.702,0
68.0477,2.66514,0,0,7.436,0.274608,0.36288,3.6288,61.308,0.325632,0,0,1.46971,0.181525,0.96255,0.66528,12.849,1,0.535786,0.36288,0,151.197,2.71499,148.309,0.84672,12.849,0.84672,3695.15,0,18.483,0.0981709,2.17577,1.7213,9.30286,0.543295,12.5585,0.42336,0,0,18.483,0.42336,442.007,0,1.02816,0,0,3.20393,2.17577,1.028160,1,0,161.83,0,0,0,161.83,0
70.2329,2.69305,0,0,5.52497,0.283804,0.36288,3.6288,61.308,0.325852,0,0,1.31073,0.181525,0.803354,0.66528,12.849,1,0.50851,0.36288,0,107.584,2.71499,104.723,0.84672,12.849,0.84672,3695.15,0,18.483,0.0982372,1.88323,1.72164,7.21138,0.543295,10.1747,0.42336,0,0,18.483,0.42336,442.007,0,1.02816,0,0,2.91139,1.88323,1.028160,1,0,115.701,0,0,0,115.701,0
72.29,2.97099,0,0,8.4655,0.296069,3.14138,3.6288,61.308,0.457298,0,0,1.54795,0.180475,0.910178,0.66528,12.849,1,0.543537,3.14138,0,140.539,2.80134,140.336,0.84672,12.849,0.84672,3695.15,0,18.483,0.137865,2.27988,1.72198,9.80122,0.609489,13.0557,0.42336,0,0,18.483,0.42336,442.007,0,1.02816,0,0,3.30804,2.27988,1.028160,1,0,154.302,0,0,0,154.302,0
72.29,2.98471,0,0,5.89085,0.341082,2.56506,3.6288,61.308,0.457544,0,0,1.56036,0.190796,0.912019,0.66528,12.849,1,0.530509,2.56506,0,143.361,3.68991,141.706,0.84672,12.849,0.84672,3695.15,0,18.483,0.137939,2.48164,1.9128,11.1343,1.03607,14.3547,0.42336,0,0,18.483,0.42336,442.007,0,1.02816,0,0,3.5098,2.48164,1.028160,1,0,156.972,0,0,0,156.972,0
72.29,2.9853,0,0,5.8981,0.334022,2.57878,3.6288,61.308,0.45779,0,0,1.81864,0.197442,1.16341,0.66528,12.849,1,0.530614,2.57878,0,146.119,3.98353,144.183,0.84672,12.849,0.84672,3695.15,0,18.483,0.138013,2.65289,1.91318,10.404,1.03302,13.7991,0.42336,0,0,18.483,0.42336,442.007,0,1.02816,0,0,3.68105,2.65289,1.028160,1,0,159.146,0,0,0,159.146,0
72.29,2.98588,0,0,12.0137,0.333138,8.69468,3.6288,61.308,0.458035,0,0,2.66933,0.176758,2.03453,0.66528,12.849,1,0.530718,8.69468,0,173.031,3.71648,177.478,0.84672,12.849,0.84672,3695.15,0,18.483,0.138088,4.42371,1.91356,19.3187,0.976659,24.5412,0.42336,0,0,18.483,0.42336,442.007,0,1.02816,0,0,5.45187,4.42371,1.028160,1,0,204.054,0,0,0,204.054,0
72.29,2.60792,0,0,5.42321,0.33616,2.47913,3.6288,61.308,0.282036,0,0,1.63046,0.182739,1.16569,0.66528,12.849,1,0.463538,2.47913,0,215.01,3.85923,213.166,0.84672,12.849,0.84672,3695.15,0,18.483,0.0850276,2.25132,1.91393,9.91138,0.999004,12.9926,0.42336,0,0,18.483,0.42336,442.007,0,1.02816,0,0,3.27948,2.25132,1.028160,1,0,227.324,0,0,0,227.324,0
72.29,2.60843,0,0,8.11892,0.35429,5.1562,3.6288,61.308,0.282247,0,0,3.38476,0.218626,2.88389,0.66528,12.849,1,0.463629,5.1562,0,231.312,4.71576,231.289,0.84672,12.849,0.84672,3695.15,0,18.483,0.0850913,4.51787,1.65354,16.208,1.13308,21.1613,0.42336,0,0,18.483,0.42336,442.007,0,1.02816,0,0,5.54603,4.51787,1.028160,1,0,255.334,0,0,0,255.334,0
72.29,2.60895,0,0,9.92736,0.35429,6.96412,3.6288,61.308,0.282459,0,0,4.92827,0.218626,4.42719,0.66528,12.849,1,0.46372,6.96412,0,240.655,4.71576,242.44,0.84672,12.849,0.84672,3695.15,0,18.483,0.085155,5.36624,1.65387,20.9123,1.13308,26.7141,0.42336,0,0,18.483,0.42336,442.007,0,1.02816,0,0,6.3944,5.36624,1.028160,1,0,273.581,0,0,0,273.581,0
72.29,2.60946,0,0,10.9755,0.35429,8.01173,3.6288,61.308,0.28267,0,0,5.5222,0.218626,5.0209,0.66528,12.849,1,0.463812,8.01173,0,328.196,4.71576,331.028,0.84672,12.849,0.84672,3695.15,0,18.483,0.0852187,7.8035,1.65419,24.1763,1.13308,32.4157,0.42336,0,0,18.483,0.42336,442.007,0,1.02816,0,0,8.83166,7.8035,1.028160,1,0,368.464,0,0,0,368.464,0
72.29,2.60997,0,0,9.23504,0.28632,6.33874,3.6288,61.308,0.282881,0,0,4.02711,0.182528,3.5617,0.66528,12.849,1,0.463903,6.33874,0,260.029,4.19259,261.712,0.84672,12.849,0.84672,3695.15,0,18.483,0.0852824,4.92984,1.65452,19.4721,1.05792,24.9133,0.42336,0,0,18.483,0.42336,442.007,0,1.02816,0,0,5.958,4.92984,1.028160,1,0,290.187,0,0,0,290.187,0
72.29,2.70587,0,0,8.1156,0.318506,5.09123,3.6288,61.308,0.326251,0,0,4.14888,0.207896,3.61474,0.66528,12.849,1,0.480948,5.09123,0,133.141,4.2948,133.456,0.84672,12.849,0.84672,3695.15,0,18.483,0.0983575,4.34014,1.65484,14.8801,1.16088,19.6158,0.42336,0,0,18.483,0.42336,442.007,0,1.02816,0,0,5.3683,4.34014,1.028160,1,0,156.687,0,0,0,156.687,0
72.29,2.7064,0,0,7.22719,0.291996,4.22879,3.6288,61.308,0.326471,0,0,3.39508,0.16701,2.9016,0.66528,12.849,1,0.481043,4.22879,0,192.782,3.64896,192.881,0.84672,12.849,0.84672,3695.15,0,18.483,0.0984238,3.32065,1.71962,10.1533,1.0354,14.0597,0.42336,0,0,18.483,0.42336,442.007,0,1.02816,0,0,4.34881,3.32065,1.028160,1,0,209.842,0,0,0,209.842,0
72.29,2.70694,0,0,4.81008,0.291996,1.81115,3.6288,61.308,0.326691,0,0,2.7116,0.16701,2.2179,0.66528,12.849,1,0.481137,1.81115,0,119.418,3.64896,117.099,0.84672,12.849,0.84672,3695.15,0,18.483,0.0984901,2.155,1.71996,6.83001,1.0354,9.57107,0.42336,0,0,18.483,0.42336,442.007,0,1.02816,0,0,3.18316,2.155,1.028160,1,0,128.888,0,0,0,128.888,0
72.29,2.70747,0,0,5.45891,0.291996,2.45944,3.6288,61.308,0.326911,0,0,2.93745,0.16701,2.44353,0.66528,12.849,1,0.481232,2.45944,0,101.145,3.64896,99.4743,0.84672,12.849,0.84672,3695.15,0,18.483,0.0985564,2.53541,1.7203,8.52837,1.0354,11.6501,0.42336,0,0,18.483,0.42336,442.007,0,1.02816,0,0,3.56357,2.53541,1.028160,1,0,113.568,0,0,0,113.568,0
72.29,2.67068,0,0,4.77919,0.2619,1.84661,3.6288,61.308,0.310355,0,0,2.21981,0.205089,1.70437,0.66528,12.849,1,0.474693,1.84661,0,101.753,4.58924,98.536,0.84672,12.849,0.84672,3695.15,0,18.483,0.0935652,2.16693,1.72063,7.54214,1.18273,10.1534,0.42336,0,0,18.483,0.42336,442.007,0,1.02816,0,0,3.19509,2.16693,1.028160,1,0,110.394,0,0,0,110.394,0
72.29,2.6712,0,0,4.34721,0.206987,1.46902,3.6288,61.308,0.310572,0,0,1.05088,0.180599,0.559713,0.66528,12.849,1,0.474786,1.46902,0,100.491,4.25071,97.2345,0.84672,12.849,0.84672,3695.15,0,18.483,0.0936306,1.48248,1.69587,5.47691,1.24255,7.31908,0.42336,0,0,18.483,0.42336,442.007,0,1.02816,0,0,2.51064,1.48248,1.028160,1,0,105.113,0,0,0,105.113,0
72.29,2.67173,0,0,4.04485,0.206987,1.16613,3.6288,61.308,0.310789,0,0,1.04848,0.180599,0.557094,0.66528,12.849,1,0.47488,1.16613,0,91.8786,4.25071,88.3192,0.84672,12.849,0.84672,3695.15,0,18.483,0.0936959,1.49195,1.6962,5.20492,1.24255,7.05682,0.42336,0,0,18.483,0.42336,442.007,0,1.02816,0,0,2.52011,1.49195,1.028160,1,0,95.9331,0,0,0,95.9331,0
72.29,2.67226,0,0,3.88634,0.206987,1.0071,3.6288,61.308,0.311005,0,0,1.32431,0.180599,0.832709,0.66528,12.849,1,0.474973,1.0071,0,88.0649,4.25071,84.3463,0.84672,12.849,0.84672,3695.15,0,18.483,0.0937612,2.01549,1.69654,6.35045,1.24255,8.72617,0.42336,0,0,18.483,0.42336,442.007,0,1.02816,0,0,3.04365,2.01549,1.028160,1,0,93.9052,0,0,0,93.9052,0
72.29,2.79957,0,0,3.57851,0.197484,0.581451,3.6288,61.308,0.37076,0,0,1.06172,0.116009,0.574949,0.66528,12.849,1,0.497603,0.581451,0,76.6333,3.70273,73.0145,0.84672,12.849,0.84672,3695.15,0,18.483,0.111776,1.43415,1.69687,5.26237,1.00075,7.28087,0.42336,0,0,18.483,0.42336,442.007,0,1.02816,0,0,2.46231,1.43415,1.028160,1,0,80.8703,0,0,0,80.8703,0
72.29,2.80012,0,0,3.47551,0.190534,0.484852,3.6288,61.308,0.370988,0,0,0.907762,0.280136,0.256637,0.66528,12.849,1,0.497701,0.484852,0,65.1378,4.66781,60.4572,0.84672,12.849,0.84672,3695.15,0,18.483,0.111845,0.822096,1.78505,4.06131,1.15208,5.40453,0.42336,0,0,18.483,0.42336,442.007,0,1.02816,0,0,1.85026,0.822096,1.028160,1,0,66.1183,0,0,0,66.1183,0
72.2357,2.80067,0,0,3.24004,0.130827,0.36288,3.6288,61.308,0.371217,0,0,0.865382,0.270943,0.223222,0.66528,12.849,1,0.497799,0.36288,0,62.8266,4.8111,57.8806,0.84672,12.849,0.84672,3695.15,0,18.483,0.111914,0.611124,1.78541,3.86937,1.12585,5.02814,0.42336,0,0,18.483,0.42336,442.007,0,1.02816,0,0,1.63928,0.611124,1.028160,1,0,63.132,0,0,0,63.132,0
71.9659,2.80091,0,0,3.02475,0.130773,0.36288,3.6288,61.308,0.371445,0,0,0.827842,0.270943,0.185453,0.66528,12.849,1,0.498215,0.36288,0,57.6219,4.8111,52.6755,0.84672,12.849,0.84672,3695.15,0,18.483,0.111983,0.587062,1.78576,3.54739,1.12585,4.68237,0.42336,0,0,18.483,0.42336,442.007,0,1.02816,0,0,1.61522,0.587062,1.028160,1,0,57.5433,0,0,0,57.5433,0
71.5693,2.79987,0,0,2.89673,0.130505,0.36288,3.6288,61.308,0.371674,0,0,0.821733,0.270943,0.179116,0.66528,12.849,1,0.499898,0.36288,0,49.7511,4.8111,44.803,0.84672,12.849,0.84672,3695.15,0,18.483,0.112051,0.700203,1.78611,3.28522,1.12585,4.53363,0.42336,0,0,18.483,0.42336,442.007,0,1.02816,0,0,1.72836,0.700203,1.028160,1,0,49.5157,0,0,0,49.5157,0
70.2309,2.77302,0,0,1.90718,0.109705,0.36288,3.6288,61.2883,0.404658,0,0,0.65256,0.267638,0,0.66528,12.849,1,0.497846,0.36288,0,39.8243,5.01098,34.6783,0.84672,12.849,0.84672,3695.15,0,18.483,0.121995,0.356936,1.78646,3.06522,1.18425,3.90238,0.42336,0,0,18.483,0.42336,442.007,0,1.02816,0,0,1.3851,0.356936,1.028160,1,0,38.5807,0,0,0,38.5807,0
68.5275,2.76554,0,0,1.52554,0.100505,0.36288,3.6288,61.2217,0.404863,0,0,0.604587,0.266283,0,0.66528,12.849,1,0.505965,0.36288,0,34.6607,5.09092,29.4266,0.84672,12.849,0.84672,3695.15,0,18.483,0.122096,0.332925,1.81421,3.20626,1.20761,4.02369,0.42336,0,0,18.483,0.42336,442.007,0,1.02816,0,0,1.36109,0.332925,1.028160,1,0,33.4503,0,0,0,33.4503,0
66.7995,2.75549,0,0,1.48956,0.0991858,0.36288,3.6288,61.1192,0.404996,0,0,0.568617,0.26617,0,0.66528,12.849,1,0.516658,0.36288,0,32.6151,5.09092,27.3704,0.84672,12.849,0.84672,3695.15,0,18.483,0.122269,0.328104,1.81456,3.31209,1.20761,4.12489,0.42336,0,0,18.483,0.42336,442.007,0,1.02816,0,0,1.35626,0.328104,1.028160,1,0,31.4953,0,0,0,31.4953,0
65.004,2.74482,0,0,1.38711,0.0749249,0.36288,3.6288,60.9599,0.411687,0,0,0.557236,0.304813,0,0.66528,12.849,1,0.527971,0.36288,0,30.9781,5.63385,25.1792,0.84672,12.849,0.84672,3695.15,0,18.483,0.124498,0.261274,1.81492,3.17322,1.39135,3.73357,0.42336,0,0,18.483,0.42336,442.007,0,1.01955,0,0,1.28082,0.261274,1.028160,1,0,28.9127,0,0,0,28.9127,0
63.0189,2.79697,0,0,1.24139,0.0666972,0.36288,3.6288,60.7098,0.466937,0,0,0.524966,0.308112,0,0.66528,12.849,1,0.552862,0.36288,0,28.9888,6.16236,22.6364,0.84672,12.849,0.84672,3695.15,0,18.483,0.141575,0.261274,1.81528,3.07006,1.56935,3.43569,0.42336,0,0,18.483,0.42336,442.007,0,0.985548,0,0,1.24682,0.261274,1.028160,1,0,26.0721,0,0,0,26.0721,0
61.0282,2.78305,0,0,1.22418,0.068909,0.36288,3.6288,60.4277,0.498225,0,0,0.512736,0.296597,0,0.66528,12.849,1,0.56744,0.36288,0,27.4475,5.99151,21.2514,0.84672,12.849,0.84672,3695.15,0,18.483,0.151684,0.261274,1.85933,2.74593,1.47852,3.23633,0.42336,0,0,18.483,0.42336,442.007,0,0.944464,0,0,1.20574,0.261274,1.028160,1,0,24.4877,0,0,0,24.4877,0
58.9491,2.76831,0,0,1.11989,0.0677895,0.36288,3.6288,60.0983,0.515271,0,0,0.481912,0.296066,0,0.66528,12.849,1,0.582845,0.36288,0,25.8067,5.99151,19.5953,0.84672,12.849,0.84672,3695.15,0,18.483,0.157606,0.261274,1.85969,2.79496,1.47852,3.27981,0.42336,0,0,18.483,0.42336,442.007,0,0.92181,0,0,1.18308,0.261274,1.028160,1,0,22.8751,0,0,0,22.8751,0
56.7818,2.75197,0,0,1.014,0.0665111,0.36288,3.6288,59.6821,0.581192,0,0,0.460441,0.295446,0,0.66528,12.849,1,0.59984,0.36288,0,24.305,5.99151,18.0765,0.84672,12.849,0.84672,3695.15,0,18.483,0.178744,0.227405,1.86006,2.59872,1.47852,3.02893,0.42336,0,0,18.483,0.42336,442.007,0,0.835065,0,0,1.06247,0.227405,1.028160,1,0,21.1055,0,0,0,21.1055,0
54.337,2.91642,0,0,0.886775,0.0522008,0.36288,3.6288,59.1386,0.698295,0,0,0.457176,0.302353,0,0.66528,12.849,1,0.659949,0.36288,0,23.1435,6.21584,16.6306,0.84672,12.849,0.84672,3695.15,0,18.483,0.216256,0.227405,1.86043,2.62652,1.52334,2.97475,0.42336,0,0,18.483,0.42336,442.007,0,0.818113,0,0,1.04552,0.227405,1.028160,1,0,19.6054,0,0,0,19.6054,0
51.8216,2.89297,0,0,0.788841,0.0484641,0.36288,3.6288,58.615,0.633261,0,0,0.41645,0.30681,0,0.66528,12.849,1,0.684097,0.36288,0,21.1702,6.20421,14.6447,0.84672,12.849,0.84672,3695.15,0,18.483,0.197918,0.227405,2.00887,2.50828,1.46887,3.07776,0.42336,0,0,18.483,0.42336,442.007,0,0.901826,0,0,1.12923,0.227405,1.028160,1,0,17.7225,0,0,0,17.7225,0
49.25,2.86693,0,0,0.703849,0.0456087,0.36288,3.6288,58.0124,0.662833,0,0,0.369019,0.308776,0,0.66528,12.849,1,0.710846,0.36288,0,19.0852,6.21926,12.518,0.84672,12.849,0.84672,3695.15,0,18.483,0.20901,0.227405,2.00926,2.44205,1.4845,2.98521,0.42336,0,0,18.483,0.42336,442.007,0,0.861503,0,0,1.08891,0.227405,1.028160,1,0,15.5032,0,0,0,15.5032,0
46.7541,2.83805,0,0,0.749399,0.0443907,0.36288,3.6288,57.4141,0.656773,0,0,0.366,0.307579,0,0.66528,12.849,1,0.740428,0.36288,0,17.8282,6.21926,11.2314,0.84672,12.849,0.84672,3695.15,0,18.483,0.209251,0.204422,2.00966,2.57379,1.4845,3.09412,0.42336,0,0,18.483,0.42336,442.007,0,0.867663,0,0,1.07209,0.204422,1.028160,1,0,14.3255,0,0,0,14.3255,0
44.6572,2.80759,0,0,1.12481,0.0512547,0.36288,3.6288,57.0116,0.53397,0,0,0.435802,0.304298,0,0.66528,12.849,1,0.771586,0.36288,0,26.3264,6.15989,19.7578,0.84672,12.849,0.84672,3695.15,0,18.483,0.171898,0.25577,2.01005,2.73521,1.47721,3.35192,0.42336,0,0,18.483,0.42336,442.007,0,1.02816,0,0,1.28393,0.25577,1.028160,1,0,23.1098,0,0,0,23.1098,0
42.6941,2.69518,0,0,1.15703,0.0620113,0.36288,3.6288,56.7662,0.470293,0,0,0.498296,0.273353,0,0.66528,12.849,1,0.775473,0.36288,0,20.6661,5.50272,14.7508,0.84672,12.849,0.84672,3695.15,0,18.483,0.152468,0.285129,2.01045,2.9689,1.27255,3.83947,0.42336,0,0,18.483,0.42336,442.007,0,1.02816,0,0,1.31329,0.285129,1.028160,1,0,18.5903,0,0,0,18.5903,0
40.4262,2.6683,0,0,0.818217,0.0549649,0.36288,3.6288,56.4442,0.519797,0,0,0.452017,0.254248,0,0.66528,12.849,1,0.803038,0.36288,0,15.5573,5.12117,9.99595,0.84672,12.849,0.84672,3695.15,0,18.483,0.169245,0.204422,1.9259,2.6314,1.1327,3.45978,0.42336,0,0,18.483,0.42336,442.007,0,0.962202,0,0,1.16662,0.204422,1.028160,1,0,13.4557,0,0,0,13.4557,0
38.2046,2.63463,0,0,0.8295,0.053521,0.36288,3.6288,55.9734,0.590878,0,0,0.373778,0.253715,0,0.66528,12.849,1,0.837388,0.36288,0,15.3143,5.12117,9.71864,0.84672,12.849,0.84672,3695.15,0,18.483,0.193486,0.216518,1.92628,2.37502,1.1327,3.19163,0.42336,0,0,18.483,0.42336,442.007,0,0.867205,0,0,1.08372,0.216518,1.028160,1,0,12.9103,0,0,0,12.9103,0
35.8679,2.59871,0,0,0.71655,0.0917575,0.36288,3.6288,55.5307,0.60044,0,0,0.37699,0.219225,0,0.66528,12.849,1,0.873998,0.36288,0,18.0328,4.80154,12.7201,0.84672,12.849,0.84672,3695.15,0,18.483,0.198272,0.216518,1.92666,2.70221,1.01302,3.6341,0.42336,0,0,18.483,0.42336,442.007,0,0.853183,0,0,1.0697,0.216518,1.028160,1,0,16.3542,0,0,0,16.3542,0
33.977,2.49123,0,0,1.12352,0.160291,0.36288,3.6288,55.3112,0.459981,0,0,0.409406,0.168965,0,0.66528,12.849,1,0.892436,0.36288,0,22.2331,4.99595,16.7076,0.84672,12.849,0.84672,3695.15,0,18.483,0.153101,0.216518,1.92704,3.89521,0.91572,4.96994,0.42336,0,0,18.483,0.42336,442.007,0,0.963118,0,0,1.17964,0.216518,1.028160,1,0,21.6776,0,0,0,21.6776,0
33.3925,2.45567,0,0,2.38068,0.146619,0.36288,3.6288,55.1139,0.480054,0,0,0.508622,0.22591,0,0.66528,12.849,1,0.928656,0.36288,0,29.086,3.5554,24.9649,0.84672,12.849,0.84672,3695.15,0,18.483,0.160417,0.216518,1.85187,4.73955,0.978506,5.66902,0.42336,0,0,18.483,0.42336,442.007,0,0.93604,0,0,1.15256,0.216518,1.028160,1,0,30.6339,0,0,0,30.6339,0
33.2184,2.44441,0,0,2.77878,0.145566,0.36288,3.6288,55.4748,0.410871,0,0,0.997401,0.225617,0,0.66528,12.849,1,0.940578,0.36288,0,33.8555,3.5554,29.7224,0.84672,12.849,0.84672,3695.15,0,18.483,0.13779,1.63748,1.85223,7.52505,0.978506,9.89847,0.42336,0,0,18.483,0.42336,442.007,0,1.02816,0,0,2.66564,1.63748,1.028160,1,0,39.6209,0,0,0,39.6209,0
37.6849,2.44134,0,0,7.41595,0.145253,0.36288,3.6288,57.2794,0.411775,0,0,2.44258,0.226153,0,0.66528,12.849,1,0.944318,0.36288,0,99.4981,3.5554,95.3612,0.84672,12.849,0.84672,3695.15,0,18.483,0.137195,3.95912,1.8526,14.207,0.978506,18.903,0.42336,0,0,18.483,0.42336,442.007,0,1.02816,0,0,4.98728,3.95912,1.028160,1,0,114.264,0,0,0,114.264,0
39.1145,2.33511,0,0,4.31403,0.186429,0.36288,3.6288,58.2739,0.295484,0,0,1.48764,0.197698,0,0.66528,12.849,1,0.796178,0.36288,0,55.4725,3.07988,51.9593,0.84672,12.849,0.84672,3695.15,0,18.483,0.0953472,1.26184,1.85296,8.56449,0.813669,10.7703,0.42336,0,0,18.483,0.42336,442.007,0,1.02816,0,0,2.29,1.26184,1.028160,1,0,62.7296,0,0,0,62.7296,0
39.6299,2.35748,0,0,3.43931,0.203502,0.36288,3.6288,58.5425,0.296931,0,0,0.786695,0.221115,0,0.66528,12.849,1,0.774426,0.36288,0,47.0527,4.36,42.2811,0.84672,12.849,0.84672,3695.15,0,18.483,0.0941791,0.424535,1.68312,5.93191,1.09143,6.85396,0.42336,0,0,18.483,0.42336,442.007,0,1.02816,0,0,1.4527,0.424535,1.028160,1,0,49.1351,0,0,0,49.1351,0
42.6928,2.36555,0,0,6.00315,0.21187,0.36288,3.6288,60.3158,0.297472,0,0,2.29142,0.220677,0,0.66528,12.849,1,0.76697,0.36288,0,106.453,4.54104,101.508,0.84672,12.849,0.84672,3695.15,0,18.483,0.0939175,3.3536,1.68345,9.51497,1.1587,13.2994,0.42336,0,0,18.483,0.42336,442.007,0,1.02816,0,0,4.38176,3.3536,1.028160,1,0,114.807,0,0,0,114.807,0
45.7132,2.40832,0,0,6.01128,0.219642,0.36288,3.6288,61.2453,0.299799,0,0,1.45247,0.223194,0,0.66528,12.849,1,0.724818,0.36288,0,90.7658,4.54104,85.8628,0.84672,12.849,0.84672,3695.15,0,18.483,0.0918694,1.82856,1.68378,7.64744,1.1587,9.90921,0.42336,0,0,18.483,0.42336,442.007,0,1.02816,0,0,2.85672,1.82856,1.028160,1,0,95.772,0,0,0,95.772,0
48.8598,2.44618,0,0,6.16261,0.207021,0.36288,3.6288,61.308,0.301084,0,0,0.98871,0.214144,0.410751,0.66528,12.849,1,0.68757,0.36288,0,65.4897,4.00974,61.1553,0.84672,12.849,0.84672,3695.15,0,18.483,0.0908631,1.34445,1.68411,6.27163,1.07064,8.13869,0.42336,0,0,18.483,0.42336,442.007,0,1.02816,0,0,2.37261,1.34445,1.028160,1,0,69.7047,0,0,0,69.7047,0
55.8379,2.48124,0,0,10.0243,0.202039,0.36288,3.6288,61.308,0.301155,0,0,4.5249,0.210685,4.01306,0.66528,12.849,1,0.652511,0.36288,0,147.547,4.14195,143.116,0.84672,12.849,0.84672,3695.15,0,18.483,0.0907917,2.93738,1.68444,17.2722,1.02732,20.7759,0.42336,0,0,18.483,0.42336,442.007,0,1.02816,0,0,3.96554,2.93738,1.028160,1,0,167.905,0,0,0,167.905,0
66.0128,2.62784,0,0,13.3886,0.222977,0.36288,3.6288,61.308,0.33665,0,0,3.26786,0.207065,2.72414,0.66528,12.849,1,0.604699,0.36288,0,224.67,4.3882,220.04,0.84672,12.849,0.84672,3695.15,0,18.483,0.101493,7.39221,1.68444,28.9684,1.03839,36.9051,0.42336,0,0,18.483,0.42336,442.007,0,1.02816,0,0,8.42037,7.39221,1.028160,1,0,259.669,0,0,0,259.669,0
72.29,2.70636,0,0,11.1878,0.254246,1.94995,3.6288,61.308,0.33686,0,0,2.88014,0.207507,2.33577,0.66528,12.849,1,0.526778,1.94995,0,193.573,4.4162,190.58,0.84672,12.849,0.84672,3695.15,0,18.483,0.101556,5.66744,1.73864,21.9765,1.06591,28.2151,0.42336,0,0,18.483,0.42336,442.007,0,1.02816,0,0,6.6956,5.66744,1.028160,1,0,221.131,0,0,0,221.131,0
72.29,2.74571,0,0,7.95623,0.266961,4.94356,3.6288,61.308,0.337069,0,0,1.78273,0.207507,1.23816,0.66528,12.849,1,0.488029,4.94356,0,128.56,4.4162,128.599,0.84672,12.849,0.84672,3695.15,0,18.483,0.101619,2.56466,1.73897,11.3247,1.06591,14.4608,0.42336,0,0,18.483,0.42336,442.007,0,1.02816,0,0,3.59282,2.56466,1.028160,1,0,144.298,0,0,0,144.298,0
72.29,2.74622,0,0,7.43714,0.284427,4.40649,3.6288,61.308,0.337278,0,0,1.63945,0.184319,1.11785,0.66528,12.849,1,0.48812,4.40649,0,120.2,4.02983,120.088,0.84672,12.849,0.84672,3695.15,0,18.483,0.101682,2.02167,1.73929,10.5786,0.975599,13.2622,0.42336,0,0,18.483,0.42336,442.007,0,1.02816,0,0,3.04983,2.02167,1.028160,1,0,134.468,0,0,0,134.468,0
72.29,3.01464,0,0,9.76363,0.328674,6.42032,3.6288,61.308,0.470055,0,0,3.79,0.172672,3.14727,0.66528,12.849,1,0.53583,6.42032,0,214.63,3.58312,216.931,0.84672,12.849,0.84672,3695.15,0,18.483,0.141711,6.29301,1.73961,20.2522,0.92384,27.2192,0.42336,0,0,18.483,0.42336,442.007,0,1.02816,0,0,7.32117,6.29301,1.028160,1,0,247.298,0,0,0,247.298,0
72.29,3.0152,0,0,7.16221,0.328674,3.81834,3.6288,61.308,0.470289,0,0,2.49114,0.172672,1.84818,0.66528,12.849,1,0.535929,3.81834,0,142.622,3.58312,142.321,0.84672,12.849,0.84672,3695.15,0,18.483,0.141782,2.55379,1.93237,12.0703,0.92384,15.4909,0.42336,0,0,18.483,0.42336,442.007,0,1.02816,0,0,3.58195,2.55379,1.028160,1,0,159.661,0,0,0,159.661,0
72.29,3.01576,0,0,6.00528,0.328674,2.66084,3.6288,61.308,0.470523,0,0,2.17785,0.172672,1.53466,0.66528,12.849,1,0.536029,2.66084,0,102.053,3.58312,100.595,0.84672,12.849,0.84672,3695.15,0,18.483,0.141852,1.84486,1.93272,10.0115,0.92384,12.7234,0.42336,0,0,18.483,0.42336,442.007,0,1.02816,0,0,2.87302,1.84486,1.028160,1,0,114.853,0,0,0,114.853,0
72.29,3.01632,0,0,7.08582,0.294474,3.77503,3.6288,61.308,0.470757,0,0,2.81791,0.220013,2.12714,0.66528,12.849,1,0.536128,3.77503,0,112.533,3.67437,112.097,0.84672,12.849,0.84672,3695.15,0,18.483,0.141923,2.94847,1.93308,19.0894,1.0041,22.8249,0.42336,0,0,18.483,0.42336,442.007,0,1.02816,0,0,3.97663,2.94847,1.028160,1,0,137.049,0,0,0,137.049,0
72.29,2.63447,0,0,13.0454,0.311381,10.0996,3.6288,61.308,0.292951,0,0,3.73724,0.198846,3.24544,0.66528,12.849,1,0.468257,10.0996,0,233.758,3.49577,239.893,0.84672,12.849,0.84672,3695.15,0,18.483,0.0883183,6.10274,1.93344,28.0189,0.922291,35.0445,0.42336,0,0,18.483,0.42336,442.007,0,1.02816,0,0,7.1309,6.10274,1.028160,1,0,278.183,0,0,0,278.183,0
72.29,2.63496,0,0,11.6543,0.311381,8.70798,3.6288,61.308,0.293152,0,0,3.18993,0.198846,2.69793,0.66528,12.849,1,0.468344,8.70798,0,181.894,3.49577,186.638,0.84672,12.849,0.84672,3695.15,0,18.483,0.0883789,4.18036,1.67038,23.8961,0.922291,28.7361,0.42336,0,0,18.483,0.42336,442.007,0,1.02816,0,0,5.20852,4.18036,1.028160,1,0,218.072,0,0,0,218.072,0
72.29,2.63545,0,0,12.0904,0.311381,9.14355,3.6288,61.308,0.293353,0,0,2.94484,0.198846,2.45264,0.66528,12.849,1,0.468431,9.14355,0,191.246,3.49577,196.425,0.84672,12.849,0.84672,3695.15,0,18.483,0.0884395,4.39743,1.67069,26.9861,0.922291,32.0435,0.42336,0,0,18.483,0.42336,442.007,0,1.02816,0,0,5.42559,4.39743,1.028160,1,0,230.921,0,0,0,230.921,0
72.29,2.63594,0,0,11.1167,0.243412,8.23731,3.6288,61.308,0.293554,0,0,2.57162,0.162749,2.11532,0.66528,12.849,1,0.468518,8.23731,0,191.115,2.9726,195.911,0.84672,12.849,0.84672,3695.15,0,18.483,0.0885001,4.12569,1.671,25.3518,0.847139,30.2129,0.42336,0,0,18.483,0.42336,442.007,0,1.02816,0,0,5.15385,4.12569,1.028160,1,0,228.239,0,0,0,228.239,0
72.29,2.63643,0,0,13.0726,0.287853,10.1483,3.6288,61.308,0.293755,0,0,3.30351,0.177379,2.83238,0.66528,12.849,1,0.468605,10.1483,0,230.779,3.9683,236.49,0.84672,12.849,0.84672,3695.15,0,18.483,0.0885607,4.17411,1.67131,26.4499,0.997622,31.2091,0.42336,0,0,18.483,0.42336,442.007,0,1.02816,0,0,5.20227,4.17411,1.028160,1,0,270.532,0,0,0,270.532,0
72.29,2.73326,0,0,8.99986,0.272725,5.99387,3.6288,61.308,0.337552,0,0,2.91368,0.183062,2.39307,0.66528,12.849,1,0.485817,5.99387,0,172.31,4.29387,173.524,0.84672,12.849,0.84672,3695.15,0,18.483,0.101764,3.12548,1.67162,23.4034,1.05445,27.0443,0.42336,0,0,18.483,0.42336,442.007,0,1.02816,0,0,4.15364,3.12548,1.028160,1,0,202.962,0,0,0,202.962,0
72.29,2.73377,0,0,7.28464,0.272725,4.27815,3.6288,61.308,0.337761,0,0,2.41047,0.183062,1.88964,0.66528,12.849,1,0.485907,4.27815,0,119.531,4.29387,119.029,0.84672,12.849,0.84672,3695.15,0,18.483,0.101828,2.79642,1.73703,19.5542,1.05445,22.9314,0.42336,0,0,18.483,0.42336,442.007,0,1.02816,0,0,3.82458,2.79642,1.028160,1,0,143.85,0,0,0,143.85,0
72.29,2.73428,0,0,6.36707,0.272725,3.36007,3.6288,61.308,0.33797,0,0,2.19715,0.183062,1.67612,0.66528,12.849,1,0.485997,3.36007,0,102.33,4.29387,100.911,0.84672,12.849,0.84672,3695.15,0,18.483,0.101891,2.57856,1.73735,17.5226,1.05445,20.6822,0.42336,0,0,18.483,0.42336,442.007,0,1.02816,0,0,3.60672,2.57856,1.028160,1,0,123.269,0,0,0,123.269,0
72.29,2.73479,0,0,6.26591,0.250624,3.2805,3.6288,61.308,0.33818,0,0,1.88997,0.171366,1.38042,0.66528,12.849,1,0.486087,3.2805,0,91.7369,3.82087,90.7105,0.84672,12.849,0.84672,3695.15,0,18.483,0.101954,1.85194,1.73767,15.7658,1.04422,18.2093,0.42336,0,0,18.483,0.42336,442.007,0,1.02816,0,0,2.8801,1.85194,1.028160,1,0,110.3,0,0,0,110.3,0
72.29,2.69759,0,0,4.85781,0.19508,1.96513,3.6288,61.308,0.321444,0,0,1.10758,0.201278,0.584856,0.66528,12.849,1,0.479477,1.96513,0,83.3043,4.27865,80.5113,0.84672,12.849,0.84672,3695.15,0,18.483,0.0969083,0.878187,1.738,8.41709,1.05328,9.88308,0.42336,0,0,18.483,0.42336,442.007,0,1.02816,0,0,1.90635,0.878187,1.028160,1,0,90.9792,0,0,0,90.9792,0
72.29,2.69809,0,0,4.60535,0.19508,1.71218,3.6288,61.308,0.321651,0,0,1.06368,0.201278,0.540751,0.66528,12.849,1,0.479566,1.71218,0,78.1341,4.27865,75.0881,0.84672,12.849,0.84672,3695.15,0,18.483,0.0969705,0.811633,1.71296,7.89584,1.05328,9.27018,0.42336,0,0,18.483,0.42336,442.007,0,1.02816,0,0,1.83979,0.811633,1.028160,1,0,84.899,0,0,0,84.899,0
72.29,2.69859,0,0,4.26907,0.19508,1.37539,3.6288,61.308,0.321857,0,0,1.23017,0.201278,0.707037,0.66528,12.849,1,0.479655,1.37539,0,71.2956,4.27865,67.9126,0.84672,12.849,0.84672,3695.15,0,18.483,0.0970326,1.06586,1.71328,8.64812,1.05328,10.277,0.42336,0,0,18.483,0.42336,442.007,0,1.02816,0,0,2.09402,1.06586,1.028160,1,0,78.8966,0,0,0,78.8966,0
72.29,2.69909,0,0,4.02524,0.211368,1.11478,3.6288,61.308,0.322063,0,0,1.17207,0.166355,0.68365,0.66528,12.849,1,0.479744,1.11478,0,65.9984,3.94663,62.6868,0.84672,12.849,0.84672,3695.15,0,18.483,0.0970948,0.961908,1.71359,8.43065,0.930105,10.079,0.42336,0,0,18.483,0.42336,442.007,0,1.02816,0,0,1.99007,0.961908,1.028160,1,0,73.4494,0,0,0,73.4494,0
72.29,2.82766,0,0,4.02298,0.162977,1.03235,3.6288,61.308,0.382404,0,0,1.29019,0.177513,0.730277,0.66528,12.849,1,0.502594,1.03235,0,60.6976,4.04594,57.1815,0.84672,12.849,0.84672,3695.15,0,18.483,0.115286,1.01644,1.71391,7.42694,0.962639,9.07937,0.42336,0,0,18.483,0.42336,442.007,0,1.02816,0,0,2.0446,1.01644,1.028160,1,0,66.9911,0,0,0,66.9911,0
72.29,2.82818,0,0,3.65088,0.151292,0.671411,3.6288,61.308,0.382621,0,0,1.09585,0.187133,0.5261,0.66528,12.849,1,0.502688,0.671411,0,54.6176,4.13626,50.65,0.84672,12.849,0.84672,3695.15,0,18.483,0.115352,0.759551,1.80296,6.39585,0.995433,7.84757,0.42336,0,0,18.483,0.42336,442.007,0,1.02816,0,0,1.78771,0.759551,1.028160,1,0,59.0237,0,0,0,59.0237,0
72.29,2.8287,0,0,3.51607,0.151292,0.536077,3.6288,61.308,0.382839,0,0,0.882161,0.187133,0.31219,0.66528,12.849,1,0.502781,0.536077,0,50.3314,4.13626,46.2284,0.84672,12.849,0.84672,3695.15,0,18.483,0.115417,0.625994,1.8033,6.1489,0.995433,7.46734,0.42336,0,0,18.483,0.42336,442.007,0,1.02816,0,0,1.65415,0.625994,1.028160,1,0,54.0079,0,0,0,54.0079,0
72.2454,2.82923,0,0,3.2972,0.149737,0.36288,3.6288,61.308,0.383056,0,0,0.788564,0.269945,0.135563,0.66528,12.849,1,0.502874,0.36288,0,46.406,5.54412,40.7218,0.84672,12.849,0.84672,3695.15,0,18.483,0.115483,0.562887,1.80363,5.90754,1.28477,6.8738,0.42336,0,0,18.483,0.42336,442.007,0,1.02816,0,0,1.59105,0.562887,1.028160,1,0,47.7312,0,0,0,47.7312,0
71.9166,2.82949,0,0,2.99077,0.127196,0.36288,3.6288,61.308,0.383274,0,0,0.902128,0.262979,0.255876,0.66528,12.849,1,0.503231,0.36288,0,50.1246,5.37003,44.6142,0.84672,12.849,0.84672,3695.15,0,18.483,0.115549,0.598648,1.80396,5.1947,1.26611,6.21565,0.42336,0,0,18.483,0.42336,442.007,0,1.02816,0,0,1.62681,0.598648,1.028160,1,0,51.0858,0,0,0,51.0858,0
71.3934,2.80273,0,0,2.75902,0.116611,0.36288,3.6288,61.308,0.416573,0,0,1.00786,0.246059,0.345224,0.66528,12.849,1,0.500751,0.36288,0,50.9775,5.04662,45.793,0.84672,12.849,0.84672,3695.15,0,18.483,0.125587,0.642764,1.8043,4.87775,1.2107,5.98852,0.42336,0,0,18.483,0.42336,442.007,0,1.02816,0,0,1.67092,0.642764,1.028160,1,0,52.1267,0,0,0,52.1267,0
70.8609,2.80014,0,0,2.74673,0.116147,0.36288,3.6288,61.308,0.416797,0,0,0.969667,0.246059,0.306811,0.66528,12.849,1,0.503955,0.36288,0,48.1011,5.04662,42.9134,0.84672,12.849,0.84672,3695.15,0,18.483,0.125655,0.681817,1.8323,5.16486,1.2107,6.34262,0.42336,0,0,18.483,0.42336,442.007,0,1.02816,0,0,1.70998,0.681817,1.028160,1,0,49.5629,0,0,0,49.5629,0
70.2125,2.79745,0,0,2.61339,0.101478,0.36288,3.6288,61.308,0.41702,0,0,0.946598,0.269376,0.260202,0.66528,12.849,1,0.507254,0.36288,0,45.3383,5.37237,39.8216,0.84672,12.849,0.84672,3695.15,0,18.483,0.125722,0.658515,1.83264,5.02075,1.32095,6.06523,0.42336,0,0,18.483,0.42336,442.007,0,1.02816,0,0,1.68667,0.658515,1.028160,1,0,46.147,0,0,0,46.147,0
69.2131,2.79401,0,0,2.23942,0.0818722,0.36288,3.6288,61.308,0.417244,0,0,0.872078,0.296235,0.158599,0.66528,12.849,1,0.511309,0.36288,0,41.4391,5.99247,35.2982,0.84672,12.849,0.84672,3695.15,0,18.483,0.12579,0.493716,1.83298,4.8746,1.5437,5.53181,0.42336,0,0,18.483,0.42336,442.007,0,1.02816,0,0,1.52188,0.493716,1.028160,1,0,40.9886,0,0,0,40.9886,0
68.2803,2.85338,0,0,2.36095,0.0775362,0.36288,3.6288,61.308,0.446973,0,0,0.944585,0.298987,0.198625,0.66528,12.849,1,0.529712,0.36288,0,44.5923,5.68323,38.7423,0.84672,12.849,0.84672,3695.15,0,18.483,0.134752,0.471407,1.83332,4.43704,1.47007,5.13694,0.42336,0,0,18.483,0.42336,442.007,0,1.02816,0,0,1.49957,0.471407,1.028160,1,0,44.0778,0,0,0,44.0778,0
67.2302,2.84781,0,0,2.23759,0.0769742,0.36288,3.6288,61.308,0.447202,0,0,0.845061,0.298987,0.0988719,0.66528,12.849,1,0.535902,0.36288,0,39.4015,5.68323,33.5453,0.84672,12.849,0.84672,3695.15,0,18.483,0.134821,0.617544,1.87779,4.63435,1.47007,5.52479,0.42336,0,0,18.483,0.42336,442.007,0,1.02816,0,0,1.6457,0.617544,1.028160,1,0,39.1689,0,0,0,39.1689,0
66.0414,2.84131,0,0,2.09174,0.0763417,0.36288,3.6288,61.308,0.447431,0,0,0.781877,0.298987,0.0354584,0.66528,12.849,1,0.54303,0.36288,0,37.465,5.68323,31.6016,0.84672,12.849,0.84672,3695.15,0,18.483,0.134891,0.475934,1.87814,4.06647,1.47007,4.81558,0.42336,0,0,18.483,0.42336,442.007,0,1.02816,0,0,1.50409,0.475934,1.028160,1,0,36.4527,0,0,0,36.4527,0
64.8329,2.83365,0,0,2.06364,0.0756256,0.36288,3.6288,61.308,0.44766,0,0,0.845925,0.298987,0.0992774,0.66528,12.849,1,0.551315,0.36288,0,34.7639,5.68323,28.8922,0.84672,12.849,0.84672,3695.15,0,18.483,0.13496,0.577308,1.87848,4.59869,1.47007,5.44945,0.42336,0,0,18.483,0.42336,442.007,0,1.02816,0,0,1.60547,0.577308,1.028160,1,0,34.441,0,0,0,34.441,0
63.4994,3.01431,0,0,2.11334,0.0696227,0.36288,3.6288,61.308,0.554466,0,0,0.934658,0.296772,0.0834195,0.66528,12.849,1,0.597395,0.36288,0,38.1791,5.44646,32.4982,0.84672,12.849,0.84672,3695.15,0,18.483,0.167159,0.707167,1.87883,4.87951,1.43367,5.86468,0.42336,0,0,18.483,0.42336,442.007,0,1.02816,0,0,1.73533,0.707167,1.028160,1,0,38.4462,0,0,0,38.4462,0
61.9232,3.00443,0,0,1.87072,0.0795958,0.36288,3.6288,61.308,0.554715,0,0,0.904115,0.288634,0.0607659,0.66528,12.849,1,0.607942,0.36288,0,38.4235,5.14237,33.036,0.84672,12.849,0.84672,3695.15,0,18.483,0.167234,0.600748,2.02872,4.22049,1.37728,5.30544,0.42336,0,0,18.483,0.42336,442.007,0,1.02816,0,0,1.62891,0.600748,1.028160,1,0,38.4022,0,0,0,38.4022,0
60.4873,2.99217,0,0,1.99771,0.0785758,0.36288,3.6288,61.308,0.554965,0,0,0.916626,0.288634,0.0730275,0.66528,12.849,1,0.620872,0.36288,0,38.4154,5.14237,33.0151,0.84672,12.849,0.84672,3695.15,0,18.483,0.167309,0.735877,2.02909,5.09734,1.37728,6.31772,0.42336,0,0,18.483,0.42336,442.007,0,1.02816,0,0,1.76404,0.735877,1.028160,1,0,39.4058,0,0,0,39.4058,0
59.3192,2.98057,0,0,2.25297,0.0776466,0.36288,3.6288,61.308,0.555214,0,0,0.947307,0.288634,0.103459,0.66528,12.849,1,0.633146,0.36288,0,36.7461,5.14237,31.3335,0.84672,12.849,0.84672,3695.15,0,18.483,0.167385,0.684297,2.02947,5.66591,1.37728,6.83501,0.42336,0,0,18.483,0.42336,442.007,0,1.02816,0,0,1.71246,0.684297,1.028160,1,0,38.2719,0,0,0,38.2719,0
58.3016,2.97087,0,0,2.40577,0.0896659,0.36288,3.6288,61.2865,0.555463,0,0,0.814933,0.280928,0,0.66528,12.849,1,0.643513,0.36288,0,40.7562,4.85008,35.6255,0.84672,12.849,0.84672,3695.15,0,18.483,0.16746,0.439923,2.02985,5.27853,1.3276,6.25324,0.42336,0,0,18.483,0.42336,442.007,0,1.02816,0,0,1.46808,0.439923,1.028160,1,0,41.8787,0,0,0,41.8787,0
57.9856,2.87183,0,0,3.01932,0.100555,0.36288,3.6288,61.308,0.490924,0,0,1.15414,0.270521,0.371237,0.66528,12.849,1,0.632919,0.36288,0,41.708,4.43447,37.0035,0.84672,12.849,0.84672,3695.15,0,18.483,0.148055,1.01521,2.03022,7.70083,1.26643,9.33178,0.42336,0,0,18.483,0.42336,442.007,0,1.02816,0,0,2.04337,1.01521,1.028160,1,0,46.7066,0,0,0,46.7066,0
57.2985,2.86954,0,0,2.64557,0.100246,0.36288,3.6288,61.2596,0.491201,0,0,0.713388,0.270558,0,0.66528,12.849,1,0.63586,0.36288,0,42.3468,4.43447,37.6394,0.84672,12.849,0.84672,3695.15,0,18.483,0.148086,0.450481,1.94482,6.07097,1.26643,7.05176,0.42336,0,0,18.483,0.42336,442.007,0,1.02816,0,0,1.47864,0.450481,1.028160,1,0,44.6911,0,0,0,44.6911,0
56.1243,2.86384,0,0,2.1521,0.0995741,0.36288,3.6288,61.0157,0.560603,0,0,0.58717,0.270475,0,0.66528,12.849,1,0.642207,0.36288,0,38.8866,4.43447,34.1728,0.84672,12.849,0.84672,3695.15,0,18.483,0.169143,0.216518,1.94518,5.48537,1.26643,6.2115,0.42336,0,0,18.483,0.42336,442.007,0,0.93801,0,0,1.15453,0.216518,1.028160,1,0,40.3843,0,0,0,40.3843,0
56.2967,2.85344,0,0,3.55567,0.16695,0.36288,3.6288,61.2042,0.491131,0,0,0.889163,0.209525,0,0.66528,12.849,1,0.653261,0.36288,0,55.3625,3.60395,51.4682,0.84672,12.849,0.84672,3695.15,0,18.483,0.148774,0.439335,1.94554,7.26696,1.00684,8.49622,0.42336,0,0,18.483,0.42336,442.007,0,1.02816,0,0,1.4675,0.439335,1.028160,1,0,59.9644,0,0,0,59.9644,0
61.0237,2.78183,0,0,8.06595,0.194239,0.36288,3.6288,61.308,0.432763,0,0,1.34485,0.236376,0.571939,0.66528,12.849,1,0.634917,0.36288,0,82.155,4.39215,77.4908,0.84672,12.849,0.84672,3695.15,0,18.483,0.13069,2.12999,1.9459,8.18303,0.983804,11.1444,0.42336,0,0,18.483,0.42336,442.007,0,1.02816,0,0,3.15815,2.12999,1.028160,1,0,89.2072,0,0,0,89.2072,0
64.8286,2.82298,0,0,7.19392,0.203171,0.36288,3.6288,61.308,0.433159,0,0,1.31141,0.236531,0.641723,0.66528,12.849,1,0.594399,0.36288,0,72.9665,4.39215,68.3429,0.84672,12.849,0.84672,3695.15,0,18.483,0.130588,1.06842,1.86998,6.94284,0.983804,8.76685,0.42336,0,0,18.483,0.42336,442.007,0,1.02816,0,0,2.09658,1.06842,1.028160,1,0,77.7514,0,0,0,77.7514,0
69.4085,2.85262,0,0,8.00493,0.209585,0.36288,3.6288,61.308,0.433386,0,0,1.32199,0.236531,0.652072,0.66528,12.849,1,0.565388,0.36288,0,81.4234,4.39215,76.8287,0.84672,12.849,0.84672,3695.15,0,18.483,0.130656,1.64724,1.87032,7.65884,0.983804,10.0619,0.42336,0,0,18.483,0.42336,442.007,0,1.02816,0,0,2.6754,1.64724,1.028160,1,0,87.5427,0,0,0,87.5427,0
72.29,2.88464,0,0,7.03627,0.217305,1.05279,3.6288,61.308,0.433612,0,0,0.827375,0.236531,0.157232,0.66528,12.849,1,0.534008,1.05279,0,72.7822,4.39215,68.9089,0.84672,12.849,0.84672,3695.15,0,18.483,0.130724,0.953493,1.87067,6.59218,0.983804,8.30182,0.42336,0,0,18.483,0.42336,442.007,0,1.02816,0,0,1.98165,0.953493,1.028160,1,0,77.3679,0,0,0,77.3679,0
72.29,2.6846,0,0,8.56837,0.268711,5.61506,3.6288,61.308,0.310909,0,0,1.49873,0.228275,0.959545,0.66528,12.849,1,0.477167,5.61506,0,79.7636,4.04362,80.8579,0.84672,12.849,0.84672,3695.15,0,18.483,0.0937321,1.35877,1.87102,7.49119,1.01389,9.61336,0.42336,0,0,18.483,0.42336,442.007,0,1.02816,0,0,2.38693,1.35877,1.028160,1,0,91.4308,0,0,0,91.4308,0
72.29,2.6851,0,0,6.59235,0.28733,3.61992,3.6288,61.308,0.311113,0,0,1.47404,0.224973,0.93795,0.66528,12.849,1,0.477256,3.61992,0,55.3052,3.90421,54.5436,0.84672,12.849,0.84672,3695.15,0,18.483,0.0937936,1.34222,1.6995,6.98858,1.02592,8.91059,0.42336,0,0,18.483,0.42336,442.007,0,1.02816,0,0,2.37038,1.34222,1.028160,1,0,64.3922,0,0,0,64.3922,0
72.29,2.68559,0,0,8.14762,0.28733,5.1747,3.6288,61.308,0.311316,0,0,1.75791,0.224973,1.22162,0.66528,12.849,1,0.477344,5.1747,0,107.102,3.90421,107.895,0.84672,12.849,0.84672,3695.15,0,18.483,0.093855,2.45429,1.69981,6.74224,1.02592,9.77657,0.42336,0,0,18.483,0.42336,442.007,0,1.02816,0,0,3.48245,2.45429,1.028160,1,0,118.894,0,0,0,118.894,0
72.29,2.68609,0,0,4.71833,0.28733,1.74491,3.6288,61.308,0.31152,0,0,1.0251,0.224973,0.488608,0.66528,12.849,1,0.477432,1.74491,0,61.1735,3.90421,58.5368,0.84672,12.849,0.84672,3695.15,0,18.483,0.0939164,1.04141,1.70013,5.96189,1.02592,7.58359,0.42336,0,0,18.483,0.42336,442.007,0,1.02816,0,0,2.06957,1.04141,1.028160,1,0,66.609,0,0,0,66.609,0
72.29,2.68659,0,0,4.00655,0.287701,1.03226,3.6288,61.308,0.311724,0,0,0.744063,0.213266,0.219073,0.66528,12.849,1,0.477521,1.03226,0,65.7232,3.8737,62.4042,0.84672,12.849,0.84672,3695.15,0,18.483,0.0939779,0.785661,1.70044,5.92376,1.05641,7.25947,0.42336,0,0,18.483,0.42336,442.007,0,1.02816,0,0,1.81382,0.785661,1.028160,1,0,69.8828,0,0,0,69.8828,0
72.29,2.77125,0,0,5.9635,0.28863,2.90363,3.6288,61.308,0.34755,0,0,0.94678,0.184,0.41523,0.66528,12.849,1,0.492568,2.90363,0,111.651,3.79743,110.265,0.84672,12.849,0.84672,3695.15,0,18.483,0.104779,1.82949,1.70076,5.43824,1.13264,7.73107,0.42336,0,0,18.483,0.42336,442.007,0,1.02816,0,0,2.85765,1.82949,1.028160,1,0,118.411,0,0,0,118.411,0
72.29,2.77173,0,0,6.254,0.28863,3.19364,3.6288,61.308,0.347749,0,0,1.2939,0.184,0.762152,0.66528,12.849,1,0.492654,3.19364,0,105.898,3.79743,104.801,0.84672,12.849,0.84672,3695.15,0,18.483,0.104838,2.48268,1.75546,7.34224,1.13264,10.3429,0.42336,0,0,18.483,0.42336,442.007,0,1.02816,0,0,3.51084,2.48268,1.028160,1,0,115.906,0,0,0,115.906,0
72.29,2.77221,0,0,7.45528,0.28863,4.39444,3.6288,61.308,0.347947,0,0,1.02292,0.184,0.490969,0.66528,12.849,1,0.49274,4.39444,0,55.4506,3.79743,55.5548,0.84672,12.849,0.84672,3695.15,0,18.483,0.104898,2.1465,1.75577,5.9215,1.13264,8.58624,0.42336,0,0,18.483,0.42336,442.007,0,1.02816,0,0,3.17466,2.1465,1.028160,1,0,64.632,0,0,0,64.632,0
72.29,2.7727,0,0,10.2367,0.309584,7.15439,3.6288,61.308,0.348145,0,0,1.08495,0.210218,0.526587,0.66528,12.849,1,0.492826,7.15439,0,169.954,3.98873,172.627,0.84672,12.849,0.84672,3695.15,0,18.483,0.104958,2.39903,1.75608,8.83293,1.19941,11.6837,0.42336,0,0,18.483,0.42336,442.007,0,1.02816,0,0,3.42719,2.39903,1.028160,1,0,184.837,0,0,0,184.837,0
72.29,3.04367,0,0,6.73064,0.308874,3.37809,3.6288,61.308,0.482188,0,0,1.25243,0.203156,0.567084,0.66528,12.849,1,0.540989,3.37809,0,100.882,4.26755,99.4519,0.84672,12.849,0.84672,3695.15,0,18.483,0.145369,2.00232,1.75638,6.79952,1.11509,9.29776,0.42336,0,0,18.483,0.42336,442.007,0,1.02816,0,0,3.03048,2.00232,1.028160,1,0,109.317,0,0,0,109.317,0
72.29,3.0442,0,0,6.11632,0.304448,2.76768,3.6288,61.308,0.48241,0,0,1.30981,0.204368,0.623028,0.66528,12.849,1,0.541083,2.76768,0,89.0819,4.28767,87.0208,0.84672,12.849,0.84672,3695.15,0,18.483,0.145436,2.40134,1.95097,7.00332,1.1043,10.1059,0.42336,0,0,18.483,0.42336,442.007,0,1.02816,0,0,3.4295,2.40134,1.028160,1,0,97.7497,0,0,0,97.7497,0
72.29,3.04473,0,0,6.07028,0.304448,2.7211,3.6288,61.308,0.482632,0,0,1.24613,0.204368,0.55913,0.66528,12.849,1,0.541178,2.7211,0,88.255,4.28767,86.1473,0.84672,12.849,0.84672,3695.15,0,18.483,0.145503,1.90094,1.95131,6.48552,1.1043,9.08796,0.42336,0,0,18.483,0.42336,442.007,0,1.02816,0,0,2.9291,1.90094,1.028160,1,0,95.7944,0,0,0,95.7944,0
72.29,3.04526,0,0,6.90932,0.284097,3.57996,3.6288,61.308,0.482854,0,0,1.31667,0.199836,0.633977,0.66528,12.849,1,0.541272,3.57996,0,102.139,3.94136,101.236,0.84672,12.849,0.84672,3695.15,0,18.483,0.14557,2.53384,1.95165,7.50272,0.982815,10.8598,0.42336,0,0,18.483,0.42336,442.007,0,1.02816,0,0,3.562,2.53384,1.028160,1,0,112.73,0,0,0,112.73,0
72.29,2.65972,0,0,5.33348,0.300287,2.37347,3.6288,61.308,0.30333,0,0,1.29691,0.189546,0.804031,0.66528,12.849,1,0.472745,2.37347,0,97.3426,3.87714,95.3661,0.84672,12.849,0.84672,3695.15,0,18.483,0.0914472,1.96045,1.95199,7.10601,0.87939,10.0476,0.42336,0,0,18.483,0.42336,442.007,0,1.02816,0,0,2.98861,1.96045,1.028160,1,0,106.218,0,0,0,106.218,0
72.29,2.66018,0,0,4.62726,0.305335,1.66174,3.6288,61.308,0.30352,0,0,0.682299,0.185644,0.193135,0.66528,12.849,1,0.472827,1.66174,0,82.2511,3.87114,79.5688,0.84672,12.849,0.84672,3695.15,0,18.483,0.0915046,1.02555,1.68638,4.85992,0.867842,6.61251,0.42336,0,0,18.483,0.42336,442.007,0,1.02816,0,0,2.05371,1.02555,1.028160,1,0,86.3745,0,0,0,86.3745,0
72.29,2.66065,0,0,3.76494,0.305335,0.798959,3.6288,61.308,0.303711,0,0,0.613291,0.185644,0.123937,0.66528,12.849,1,0.47291,0.798959,0,71.3327,3.87114,67.7876,0.84672,12.849,0.84672,3695.15,0,18.483,0.0915621,0.640803,1.68668,3.75367,0.867842,5.12175,0.42336,0,0,18.483,0.42336,442.007,0,1.02816,0,0,1.66896,0.640803,1.028160,1,0,73.0333,0,0,0,73.0333,0
72.29,2.66111,0,0,5.09503,0.305335,2.12859,3.6288,61.308,0.303902,0,0,0.85454,0.185644,0.364995,0.66528,12.849,1,0.472992,2.12859,0,112.021,3.87114,109.806,0.84672,12.849,0.84672,3695.15,0,18.483,0.0916196,1.43544,1.68697,4.71734,0.867842,6.8803,0.42336,0,0,18.483,0.42336,442.007,0,1.02816,0,0,2.4636,1.43544,1.028160,1,0,117.051,0,0,0,117.051,0
72.29,2.66157,0,0,6.7273,0.301787,3.76394,3.6288,61.308,0.304092,0,0,1.11829,0.157927,0.656274,0.66528,12.849,1,0.473075,3.76394,0,131.302,3.61469,130.978,0.84672,12.849,0.84672,3695.15,0,18.483,0.0916771,1.82454,1.68727,7.26182,0.839674,9.84227,0.42336,0,0,18.483,0.42336,442.007,0,1.02816,0,0,2.8527,1.82454,1.028160,1,0,141.477,0,0,0,141.477,0
72.29,2.7593,0,0,5.77919,0.301838,2.71805,3.6288,61.308,0.348294,0,0,1.1911,0.16106,0.681748,0.66528,12.849,1,0.490445,2.71805,0,111.327,3.90033,109.655,0.84672,12.849,0.84672,3695.15,0,18.483,0.105003,1.51736,1.68756,8.02529,0.909603,10.2156,0.42336,0,0,18.483,0.42336,442.007,0,1.02816,0,0,2.54552,1.51736,1.028160,1,0,120.552,0,0,0,120.552,0
72.29,2.75978,0,0,6.10355,0.301838,3.04193,3.6288,61.308,0.348492,0,0,1.73433,0.16106,1.22478,0.66528,12.849,1,0.490531,3.04193,0,128.219,3.90033,126.87,0.84672,12.849,0.84672,3695.15,0,18.483,0.105063,2.18296,1.75358,9.5567,0.909603,12.4786,0.42336,0,0,18.483,0.42336,442.007,0,1.02816,0,0,3.21112,2.18296,1.028160,1,0,140.574,0,0,0,140.574,0
72.29,2.76026,0,0,5.21055,0.301838,2.14845,3.6288,61.308,0.348691,0,0,1.38429,0.16106,0.874542,0.66528,12.849,1,0.490616,2.14845,0,99.6529,3.90033,97.4104,0.84672,12.849,0.84672,3695.15,0,18.483,0.105122,1.62038,1.75388,6.91727,0.909603,9.27681,0.42336,0,0,18.483,0.42336,442.007,0,1.02816,0,0,2.64854,1.62038,1.028160,1,0,107.562,0,0,0,107.562,0
72.29,2.76075,0,0,4.55812,0.261143,1.53623,3.6288,61.308,0.348889,0,0,1.07964,0.16224,0.568508,0.66528,12.849,1,0.490702,1.53623,0,90.3727,4.11465,87.3036,0.84672,12.849,0.84672,3695.15,0,18.483,0.105182,1.17435,1.75419,5.93547,0.92809,7.83074,0.42336,0,0,18.483,0.42336,442.007,0,1.02816,0,0,2.20251,1.17435,1.028160,1,0,95.7028,0,0,0,95.7028,0
72.29,2.72317,0,0,4.66729,0.228226,1.7159,3.6288,61.308,0.331982,0,0,1.43108,0.192628,0.906468,0.66528,12.849,1,0.484023,1.7159,0,101.599,4.01667,98.8138,0.84672,12.849,0.84672,3695.15,0,18.483,0.100085,1.87852,1.75449,8.79307,0.949027,11.377,0.42336,0,0,18.483,0.42336,442.007,0,1.02816,0,0,2.90668,1.87852,1.028160,1,0,111.097,0,0,0,111.097,0
72.29,2.72364,0,0,3.7406,0.228226,0.788732,3.6288,61.308,0.332178,0,0,1.07426,0.192628,0.549457,0.66528,12.849,1,0.484107,0.788732,0,71.4856,4.01667,67.7736,0.84672,12.849,0.84672,3695.15,0,18.483,0.100144,1.18505,1.7292,4.6825,0.949027,6.54757,0.42336,0,0,18.483,0.42336,442.007,0,1.02816,0,0,2.21321,1.18505,1.028160,1,0,74.8706,0,0,0,74.8706,0
72.2503,2.72412,0,0,3.27556,0.228226,0.36288,3.6288,61.308,0.332373,0,0,1.01943,0.192628,0.494433,0.66528,12.849,1,0.484191,0.36288,0,62.9327,4.01667,58.7947,0.84672,12.849,0.84672,3695.15,0,18.483,0.100203,0.922329,1.7295,4.36608,0.949027,5.96868,0.42336,0,0,18.483,0.42336,442.007,0,1.02816,0,0,1.95049,0.922329,1.028160,1,0,65.2579,0,0,0,65.2579,0
71.8794,2.72437,0,0,2.94443,0.228157,0.36288,3.6288,61.308,0.332569,0,0,0.903269,0.192628,0.378072,0.66528,12.849,1,0.484501,0.36288,0,54.381,4.01667,50.2427,0.84672,12.849,0.84672,3695.15,0,18.483,0.100262,0.702855,1.7298,3.82043,0.949027,5.2038,0.42336,0,0,18.483,0.42336,442.007,0,1.02816,0,0,1.73102,0.702855,1.028160,1,0,55.8246,0,0,0,55.8246,0
71.2478,2.85188,0,0,2.79155,0.208389,0.36288,3.6288,61.308,0.393466,0,0,0.753926,0.197403,0.163057,0.66528,12.849,1,0.509796,0.36288,0,45.2808,3.95787,41.176,0.84672,12.849,0.84672,3695.15,0,18.483,0.118621,0.664736,1.7301,3.6114,1.00552,4.8821,0.42336,0,0,18.483,0.42336,442.007,0,1.02816,0,0,1.6929,0.664736,1.028160,1,0,46.2211,0,0,0,46.2211,0
70.4001,2.84855,0,0,2.53778,0.174061,0.36288,3.6288,61.308,0.393672,0,0,0.714061,0.214775,0.105614,0.66528,12.849,1,0.513714,0.36288,0,37.7565,4.32705,33.2787,0.84672,12.849,0.84672,3695.15,0,18.483,0.118683,0.661772,1.81997,3.4451,1.02787,4.78028,0.42336,0,0,18.483,0.42336,442.007,0,1.02816,0,0,1.68993,0.661772,1.028160,1,0,38.1646,0,0,0,38.1646,0
69.5264,2.84381,0,0,2.50595,0.172933,0.36288,3.6288,61.308,0.393879,0,0,0.775587,0.214775,0.166933,0.66528,12.849,1,0.519035,0.36288,0,36.5124,4.32705,32.0292,0.84672,12.849,0.84672,3695.15,0,18.483,0.118746,0.62627,1.82029,3.77711,1.02787,5.07705,0.42336,0,0,18.483,0.42336,442.007,0,1.02816,0,0,1.65443,0.62627,1.028160,1,0,37.2732,0,0,0,37.2732,0
68.4966,2.8388,0,0,2.3437,0.17177,0.36288,3.6288,61.308,0.394085,0,0,0.715668,0.214775,0.106809,0.66528,12.849,1,0.524631,0.36288,0,34.1548,4.32705,29.666,0.84672,12.849,0.84672,3695.15,0,18.483,0.118808,0.558032,1.82061,3.31646,1.02787,4.54841,0.42336,0,0,18.483,0.42336,442.007,0,1.02816,0,0,1.58619,0.558032,1.028160,1,0,34.3212,0,0,0,34.3212,0
67.4336,2.83265,0,0,2.28563,0.153109,0.36288,3.6288,61.308,0.394291,0,0,0.851308,0.21105,0.245967,0.66528,12.849,1,0.531365,0.36288,0,36.033,4.33965,31.5249,0.84672,12.849,0.84672,3695.15,0,18.483,0.11887,0.766135,1.82092,4.30351,1.00605,5.76564,0.42336,0,0,18.483,0.42336,442.007,0,1.02816,0,0,1.79429,0.766135,1.028160,1,0,37.5365,0,0,0,37.5365,0
66.3744,2.8008,0,0,2.23342,0.128976,0.36288,3.6288,61.308,0.427889,0,0,1.03071,0.206082,0.396737,0.66528,12.849,1,0.533672,0.36288,0,40.5511,4.35645,36.0238,0.84672,12.849,0.84672,3695.15,0,18.483,0.128999,1.09224,1.82124,5.4041,0.976958,7.21163,0.42336,0,0,18.483,0.42336,442.007,0,1.02816,0,0,2.1204,1.09224,1.028160,1,0,43.6322,0,0,0,43.6322,0
65.1276,2.79415,0,0,2.03355,0.123354,0.36288,3.6288,61.308,0.428101,0,0,0.974765,0.217051,0.329612,0.66528,12.849,1,0.540901,0.36288,0,35.6969,4.4976,31.0213,0.84672,12.849,0.84672,3695.15,0,18.483,0.129063,0.889704,1.84949,5.24511,1.02848,6.82676,0.42336,0,0,18.483,0.42336,442.007,0,1.02816,0,0,1.91786,0.889704,1.028160,1,0,38.1777,0,0,0,38.1777,0
63.8142,2.78598,0,0,1.93063,0.0951225,0.36288,3.6288,61.308,0.428313,0,0,0.91311,0.282866,0.201931,0.66528,12.849,1,0.549646,0.36288,0,32.1962,5.3445,26.6649,0.84672,12.849,0.84672,3695.15,0,18.483,0.129127,0.915978,1.84981,5.0016,1.33761,6.30065,0.42336,0,0,18.483,0.42336,442.007,0,1.02816,0,0,1.94414,0.915978,1.028160,1,0,33.1675,0,0,0,33.1675,0
62.2937,2.77705,0,0,1.71348,0.0941201,0.36288,3.6288,61.308,0.428526,0,0,0.860708,0.282866,0.149317,0.66528,12.849,1,0.559159,0.36288,0,30.3686,5.3445,24.8278,0.84672,12.849,0.84672,3695.15,0,18.483,0.129191,0.884209,1.85013,4.79441,1.33761,6.06195,0.42336,0,0,18.483,0.42336,442.007,0,1.02816,0,0,1.91237,0.884209,1.028160,1,0,31.039,0,0,0,31.039,0
60.5876,2.83077,0,0,1.57748,0.0898574,0.36288,3.6288,61.308,0.458518,0,0,0.842072,0.329634,0.0539195,0.66528,12.849,1,0.58389,0.36288,0,28.8937,6.12822,22.5445,0.84672,12.849,0.84672,3695.15,0,18.483,0.138233,0.523169,1.85045,3.53804,1.50175,4.27168,0.42336,0,0,18.483,0.42336,442.007,0,1.02816,0,0,1.55133,0.523169,1.028160,1,0,26.8701,0,0,0,26.8701,0
58.8572,2.8177,0,0,1.53873,0.0885988,0.36288,3.6288,61.2955,0.458735,0,0,0.775837,0.329634,0,0.66528,12.849,1,0.597558,0.36288,0,28.8568,6.12822,22.4939,0.84672,12.849,0.84672,3695.15,0,18.483,0.138299,0.661565,1.89531,3.79127,1.50175,4.7081,0.42336,0,0,18.483,0.42336,442.007,0,1.02816,0,0,1.68972,0.661565,1.028160,1,0,27.202,0,0,0,27.202,0
57.0433,2.80377,0,0,1.4399,0.0871695,0.36288,3.6288,61.2251,0.458931,0,0,0.718148,0.329608,0,0.66528,12.849,1,0.612085,0.36288,0,26.0504,6.12822,19.673,0.84672,12.849,0.84672,3695.15,0,18.483,0.138386,0.589058,1.89564,3.38367,1.50175,4.22823,0.42336,0,0,18.483,0.42336,442.007,0,1.02816,0,0,1.61722,0.589058,1.028160,1,0,23.9012,0,0,0,23.9012,0
55.1283,2.78837,0,0,1.32192,0.0856406,0.36288,3.6288,61.1469,0.459026,0,0,0.710268,0.329461,0,0.66528,12.849,1,0.62808,0.36288,0,23.8132,6.12822,17.4198,0.84672,12.849,0.84672,3695.15,0,18.483,0.138574,0.456235,1.89597,3.30935,1.50175,4.02124,0.42336,0,0,18.483,0.42336,442.007,0,1.02816,0,0,1.4844,0.456235,1.028160,1,0,21.441,0,0,0,21.441,0
53.3497,2.95623,0,0,1.6193,0.078789,0.36288,3.6288,61.0365,0.566608,0,0,0.794172,0.337882,0,0.66528,12.849,1,0.689022,0.36288,0,22.5675,6.34377,15.8976,0.84672,12.849,0.84672,3695.15,0,18.483,0.17127,0.899718,1.8963,4.7826,1.50202,5.90533,0.42336,0,0,18.483,0.42336,442.007,0,1.02816,0,0,1.92788,0.899718,1.028160,1,0,21.8029,0,0,0,21.8029,0
51.7735,2.93823,0,0,1.81303,0.0880841,0.36288,3.6288,60.9914,0.566606,0,0,0.856526,0.33503,0,0.66528,12.849,1,0.707657,0.36288,0,24.1123,6.24372,17.5238,0.84672,12.849,0.84672,3695.15,0,18.483,0.171579,1.09644,2.04756,4.65231,1.44994,6.1748,0.42336,0,0,18.483,0.42336,442.007,0,1.02816,0,0,2.1246,1.09644,1.028160,1,0,23.6986,0,0,0,23.6986,0
49.8401,2.92148,0,0,1.43755,0.0866662,0.36288,3.6288,60.7326,0.566745,0,0,0.642894,0.334934,0,0.66528,12.849,1,0.725043,0.36288,0,26.4764,6.24372,19.8705,0.84672,12.849,0.84672,3695.15,0,18.483,0.171748,0.567527,2.04792,3.73548,1.44994,4.72924,0.42336,0,0,18.483,0.42336,442.007,0,1.02816,0,0,1.59569,0.567527,1.028160,1,0,24.5998,0,0,0,24.5998,0
48.2399,2.89962,0,0,1.74727,0.0849268,0.36288,3.6288,60.8654,0.56642,0,0,1.0336,0.334385,0,0.66528,12.849,1,0.747536,0.36288,0,23.0793,6.24372,16.4509,0.84672,12.849,0.84672,3695.15,0,18.483,0.172381,1.6174,2.04827,5.38235,1.44994,7.42571,0.42336,0,0,18.483,0.42336,442.007,0,1.02816,0,0,2.64556,1.6174,1.028160,1,0,23.8766,0,0,0,23.8766,0
46.3261,2.88054,0,0,1.41319,0.0836171,0.36288,3.6288,60.6479,0.566944,0,0,0.678284,0.32892,0,0.66528,12.849,1,0.76725,0.36288,0,18.6194,5.84208,12.3729,0.84672,12.849,0.84672,3695.15,0,18.483,0.172164,0.927253,2.04863,4.49683,1.30407,5.99648,0.42336,0,0,18.483,0.42336,442.007,0,1.02816,0,0,1.95541,0.927253,1.028160,1,0,18.3694,0,0,0,18.3694,0
44.5956,2.76908,0,0,1.53475,0.133234,0.36288,3.6288,60.4451,0.501525,0,0,0.61864,0.319914,0,0.66528,12.849,1,0.768031,0.36288,0,11.1719,5.06761,5.6991,0.84672,12.849,0.84672,3695.15,0,18.483,0.152844,1.29538,2.04899,3.19771,1.18764,5.20159,0.42336,0,0,18.483,0.42336,442.007,0,1.02816,0,0,2.32354,1.29538,1.028160,1,0,10.9007,0,0,0,10.9007,0
43.0085,2.74642,0,0,1.66239,0.140198,0.36288,3.6288,60.3586,0.501356,0,0,0.738392,0.323505,0,0.66528,12.849,1,0.791305,0.36288,0,12.2587,5.13272,6.69755,0.84672,12.849,0.84672,3695.15,0,18.483,0.153306,1.3923,1.96278,3.66538,1.22491,5.64224,0.42336,0,0,18.483,0.42336,442.007,0,1.02816,0,0,2.42046,1.3923,1.028160,1,0,12.3398,0,0,0,12.3398,0
41.4758,2.72441,0,0,1.6923,0.137676,0.36288,3.6288,60.2888,0.501412,0,0,0.754963,0.323327,0,0.66528,12.849,1,0.81393,0.36288,0,17.4283,5.13272,11.8445,0.84672,12.849,0.84672,3695.15,0,18.483,0.153542,1.55687,1.96312,3.94803,1.22491,6.08956,0.42336,0,0,18.483,0.42336,442.007,0,1.02816,0,0,2.58503,1.55687,1.028160,1,0,17.9341,0,0,0,17.9341,0
40.1444,2.70191,0,0,1.86856,0.135241,0.36288,3.6288,60.5583,0.5015,0,0,1.0942,0.323184,0,0.66528,12.849,1,0.837039,0.36288,0,41.3714,5.13272,35.7646,0.84672,12.849,0.84672,3695.15,0,18.483,0.153747,2.1479,1.96346,5.54945,1.22491,8.28215,0.42336,0,0,18.483,0.42336,442.007,0,1.02816,0,0,3.17606,2.1479,1.028160,1,0,44.0467,0,0,0,44.0467,0
38.6034,2.61208,0,0,1.62414,0.190195,0.36288,3.6288,60.689,0.442897,0,0,0.858626,0.285015,0,0.66528,12.849,1,0.836049,0.36288,0,36.7359,5.13497,31.1278,0.84672,12.849,0.84672,3695.15,0,18.483,0.135177,1.04217,1.9638,4.14316,1.15859,5.85537,0.42336,0,0,18.483,0.42336,442.007,0,1.02816,0,0,2.07033,1.04217,1.028160,1,0,36.9831,0,0,0,36.9831,0
36.6852,2.58749,0,0,1.22834,0.196159,0.36288,3.6288,60.687,0.443334,0,0,0.720101,0.278793,0,0.66528,12.849,1,0.861239,0.36288,0,28.304,5.13534,22.6703,0.84672,12.849,0.84672,3695.15,0,18.483,0.135019,0.723574,1.88716,2.86127,1.14753,4.18945,0.42336,0,0,18.483,0.42336,442.007,0,1.02816,0,0,1.75173,0.723574,1.028160,1,0,26.8598,0,0,0,26.8598,0
37.2294,2.55459,0,0,3.63864,0.176888,0.36288,3.6288,61.1532,0.443545,0,0,1.18057,0.270878,0,0.66528,12.849,1,0.894746,0.36288,0,37.0118,4.94334,31.5366,0.84672,12.849,0.84672,3695.15,0,18.483,0.135087,1.69839,1.88748,6.65898,1.19046,8.9193,0.42336,0,0,18.483,0.42336,442.007,0,1.02816,0,0,2.72655,1.69839,1.028160,1,0,40.4559,0,0,0,40.4559,0
39.9361,2.56476,0,0,5.82786,0.193593,0.36288,3.6288,61.308,0.44455,0,0,1.71914,0.225832,0.893916,0.66528,12.849,1,0.885175,0.36288,0,80.9955,3.95793,76.5153,0.84672,12.849,0.84672,3695.15,0,18.483,0.134361,2.71961,1.88781,12.941,1.00731,16.4067,0.42336,0,0,18.483,0.42336,442.007,0,1.02816,0,0,3.74777,2.71961,1.028160,1,0,93.8159,0,0,0,93.8159,0
40.6404,2.41399,0,0,3.7008,0.219631,0.36288,3.6288,61.308,0.320972,0,0,1.27271,0.222195,0.72954,0.66528,12.849,1,0.776676,0.36288,0,46.1656,3.85681,41.895,0.84672,12.849,0.84672,3695.15,0,18.483,0.096766,1.80476,1.88814,6.36723,0.997545,8.96582,0.42336,0,0,18.483,0.42336,442.007,0,1.02816,0,0,2.83292,1.80476,1.028160,1,0,51.5903,0,0,0,51.5903,0
40.9641,2.42464,0,0,3.34423,0.232996,0.36288,3.6288,61.308,0.321165,0,0,1.03252,0.224293,0.487065,0.66528,12.849,1,0.766583,0.36288,0,37.9446,3.88616,33.6548,0.84672,12.849,0.84672,3695.15,0,18.483,0.0968242,1.46053,1.71503,5.17504,1.01714,7.23664,0.42336,0,0,18.483,0.42336,442.007,0,1.02816,0,0,2.48869,1.46053,1.028160,1,0,41.3785,0,0,0,41.3785,0
40.5916,2.42967,0,0,2.654,0.233891,0.36288,3.6288,61.308,0.321359,0,0,0.933733,0.224293,0.388082,0.66528,12.849,1,0.762104,0.36288,0,27.7801,3.88616,23.4947,0.84672,12.849,0.84672,3695.15,0,18.483,0.0968825,1.22065,1.71533,9.70514,1.01714,11.5271,0.42336,0,0,18.483,0.42336,442.007,0,1.02816,0,0,2.24881,1.22065,1.028160,1,0,35.4099,0,0,0,35.4099,0
39.9586,2.42478,0,0,2.38124,0.226585,0.36288,3.6288,61.308,0.321552,0,0,0.990567,0.248433,0.420583,0.66528,12.849,1,0.767549,0.36288,0,40.088,4.71446,34.9688,0.84672,12.849,0.84672,3695.15,0,18.483,0.0969407,1.62613,1.71563,8.29275,1.20891,10.3287,0.42336,0,0,18.483,0.42336,442.007,0,1.02816,0,0,2.65429,1.62613,1.028160,1,0,45.7181,0,0,0,45.7181,0
40.6353,2.416,0,0,3.67911,0.22359,0.36288,3.6288,61.308,0.321745,0,0,1.42727,0.250299,0.855223,0.66528,12.849,1,0.776884,0.36288,0,63.2322,4.87276,57.9454,0.84672,12.849,0.84672,3695.15,0,18.483,0.096999,1.77083,1.71593,7.58141,1.23713,9.73404,0.42336,0,0,18.483,0.42336,442.007,0,1.02816,0,0,2.79899,1.77083,1.028160,1,0,68.5347,0,0,0,68.5347,0
42.5701,2.50225,0,0,5.03263,0.232652,0.36288,3.6288,61.308,0.357884,0,0,1.95957,0.20356,1.39813,0.66528,12.849,1,0.791218,0.36288,0,102.224,3.8347,97.9611,0.84672,12.849,0.84672,3695.15,0,18.483,0.107894,2.69608,1.71623,11.181,0.946255,14.5392,0.42336,0,0,18.483,0.42336,442.007,0,1.02816,0,0,3.72424,2.69608,1.028160,1,0,113.898,0,0,0,113.898,0
46.9123,2.53028,0,0,7.47336,0.237993,0.36288,3.6288,61.308,0.358071,0,0,2.30685,0.20356,1.74522,0.66528,12.849,1,0.763719,0.36288,0,136.934,3.8347,132.699,0.84672,12.849,0.84672,3695.15,0,18.483,0.107951,3.50588,1.77141,10.9842,0.946255,15.2073,0.42336,0,0,18.483,0.42336,442.007,0,1.02816,0,0,4.53404,3.50588,1.028160,1,0,149.651,0,0,0,149.651,0
48.3532,2.58619,0,0,4.63997,0.24998,0.36288,3.6288,61.308,0.358259,0,0,1.7102,0.20356,1.14838,0.66528,12.849,1,0.708343,0.36288,0,82.8481,3.8347,78.6679,0.84672,12.849,0.84672,3695.15,0,18.483,0.108007,2.11337,1.7717,8.45778,0.946255,11.2886,0.42336,0,0,18.483,0.42336,442.007,0,1.02816,0,0,3.14153,2.11337,1.028160,1,0,91.1049,0,0,0,91.1049,0
48.4517,2.6033,0,0,3.32519,0.260517,0.36288,3.6288,61.308,0.358446,0,0,1.39901,0.203724,0.836836,0.66528,12.849,1,0.691779,0.36288,0,56.3592,3.8124,52.2179,0.84672,12.849,0.84672,3695.15,0,18.483,0.108063,1.71826,1.77199,6.98121,0.961459,9.40194,0.42336,0,0,18.483,0.42336,442.007,0,1.02816,0,0,2.74642,1.71826,1.028160,1,0,62.4566,0,0,0,62.4566,0
52.2322,2.8589,0,0,7.25278,0.250511,0.36288,3.6288,61.308,0.493687,0,0,2.27731,0.210633,1.57298,0.66528,12.849,1,0.758157,0.36288,0,215.266,4.23725,210.633,0.84672,12.849,0.84672,3695.15,0,18.483,0.148836,3.38233,1.77228,14.5975,1.1142,18.489,0.42336,0,0,18.483,0.42336,442.007,0,1.02816,0,0,4.41049,3.38233,1.028160,1,0,230.695,0,0,0,230.695,0
56.8055,2.90342,0,0,8.07961,0.240038,0.36288,3.6288,61.308,0.493897,0,0,2.49642,0.213002,1.78953,0.66528,12.849,1,0.714233,0.36288,0,174.709,4.46071,169.897,0.84672,12.849,0.84672,3695.15,0,18.483,0.148899,3.65823,1.96861,16.585,1.13881,20.9241,0.42336,0,0,18.483,0.42336,442.007,0,1.02816,0,0,4.68639,3.65823,1.028160,1,0,192.61,0,0,0,192.61,0
61.907,2.95079,0,0,8.70065,0.285504,0.36288,3.6288,61.308,0.494106,0,0,2.8492,0.217958,2.13714,0.66528,12.849,1,0.667448,0.36288,0,170.649,4.38152,165.963,0.84672,12.849,0.84672,3695.15,0,18.483,0.148962,3.75815,1.96893,18.3392,1.11792,22.7994,0.42336,0,0,18.483,0.42336,442.007,0,1.02816,0,0,4.78631,3.75815,1.028160,1,0,190.899,0,0,0,190.899,0
66.3732,2.99683,0,0,8.17292,0.347012,0.36288,3.6288,61.308,0.494315,0,0,2.06955,0.224566,1.35067,0.66528,12.849,1,0.622002,0.36288,0,198.581,4.27591,194.046,0.84672,12.849,0.84672,3695.15,0,18.483,0.149025,2.52003,1.96925,13.9619,1.09007,17.2121,0.42336,0,0,18.483,0.42336,442.007,0,1.02816,0,0,3.54819,2.52003,1.028160,1,0,212.609,0,0,0,212.609,0
71.266,2.64801,0,0,8.23478,0.33102,0.36288,3.6288,61.308,0.313162,0,0,2.10026,0.21196,1.57514,0.66528,12.849,1,0.512622,0.36288,0,193.133,4.24232,188.74,0.84672,12.849,0.84672,3695.15,0,18.483,0.0944115,2.97109,1.96957,17.4782,1.10548,21.219,0.42336,0,0,18.483,0.42336,442.007,0,1.02816,0,0,3.99925,2.97109,1.028160,1,0,211.535,0,0,0,211.535,0
72.29,2.67827,0,0,10.1922,0.331936,6.15802,3.6288,61.308,0.313342,0,0,2.70742,0.206918,2.18716,0.66528,12.849,1,0.482882,6.15802,0,251.023,4.22887,252.469,0.84672,12.849,0.84672,3695.15,0,18.483,0.0944657,3.38585,1.70155,20.0932,1.11164,23.9745,0.42336,0,0,18.483,0.42336,442.007,0,1.02816,0,0,4.41401,3.38585,1.028160,1,0,278.631,0,0,0,278.631,0
72.29,2.68451,0,0,8.73876,0.322698,5.73154,3.6288,61.308,0.313522,0,0,2.49191,0.204258,1.97413,0.66528,12.849,1,0.477152,5.73154,0,204.022,4.34791,204.929,0.84672,12.849,0.84672,3695.15,0,18.483,0.09452,3.38521,1.70183,19.5557,1.13476,23.4135,0.42336,0,0,18.483,0.42336,442.007,0,1.02816,0,0,4.41337,3.38521,1.028160,1,0,230.316,0,0,0,230.316,0
72.29,2.68495,0,0,7.05819,0.293103,4.08013,3.6288,61.308,0.313702,0,0,1.98829,0.197609,1.47698,0.66528,12.849,1,0.47723,4.08013,0,156.982,4.64551,155.939,0.84672,12.849,0.84672,3695.15,0,18.483,0.0945742,2.57427,1.70211,16.5879,1.19255,19.5772,0.42336,0,0,18.483,0.42336,442.007,0,1.02816,0,0,3.60243,2.57427,1.028160,1,0,176.993,0,0,0,176.993,0
72.29,2.68539,0,0,9.25137,0.292734,6.27324,3.6288,61.308,0.313882,0,0,2.58924,0.215951,2.05941,0.66528,12.849,1,0.477308,6.27324,0,162.767,4.62958,163.934,0.84672,12.849,0.84672,3695.15,0,18.483,0.0946284,3.39458,1.70238,18.5414,1.20188,22.3418,0.42336,0,0,18.483,0.42336,442.007,0,1.02816,0,0,4.42274,3.39458,1.028160,1,0,188.335,0,0,0,188.335,0
72.29,2.78396,0,0,6.5969,0.293408,3.51953,3.6288,61.308,0.358466,0,0,1.7293,0.193678,1.17716,0.66528,12.849,1,0.494828,3.51953,0,195.804,4.27719,194.552,0.84672,12.849,0.84672,3695.15,0,18.483,0.10807,2.56742,1.70266,14.1734,1.11256,17.2228,0.42336,0,0,18.483,0.42336,442.007,0,1.02816,0,0,3.59558,2.56742,1.028160,1,0,212.952,0,0,0,212.952,0
72.29,2.78441,0,0,5.75903,0.293674,2.68094,3.6288,61.308,0.358653,0,0,2.04209,0.182323,1.50111,0.66528,12.849,1,0.494909,2.68094,0,146.477,4.2251,144.437,0.84672,12.849,0.84672,3695.15,0,18.483,0.108126,2.81982,1.76925,11.1828,1.09379,14.5699,0.42336,0,0,18.483,0.42336,442.007,0,1.02816,0,0,3.84798,2.81982,1.028160,1,0,160.508,0,0,0,160.508,0
72.29,2.78487,0,0,5.39199,0.293674,2.31345,3.6288,61.308,0.358841,0,0,2.75078,0.182323,2.20961,0.66528,12.849,1,0.494989,2.31345,0,165.194,4.2251,162.788,0.84672,12.849,0.84672,3695.15,0,18.483,0.108182,4.26082,1.76954,13.0696,1.09379,17.898,0.42336,0,0,18.483,0.42336,442.007,0,1.02816,0,0,5.28898,4.26082,1.028160,1,0,182.895,0,0,0,182.895,0
72.29,2.78532,0,0,4.57865,0.275818,1.51751,3.6288,61.308,0.359028,0,0,1.08161,0.191838,0.530741,0.66528,12.849,1,0.49507,1.51751,0,122.507,4.34144,119.188,0.84672,12.849,0.84672,3695.15,0,18.483,0.108239,1.7368,1.76982,9.51454,1.11669,11.7962,0.42336,0,0,18.483,0.42336,442.007,0,1.02816,0,0,2.76496,1.7368,1.028160,1,0,131.515,0,0,0,131.515,0
72.29,2.74738,0,0,4.36906,0.242303,1.37937,3.6288,61.308,0.341958,0,0,1.06353,0.198595,0.52298,0.66528,12.849,1,0.488326,1.37937,0,88.0364,3.8912,85.0363,0.84672,12.849,0.84672,3695.15,0,18.483,0.103093,1.43481,1.77011,8.07443,1.07985,10.0964,0.42336,0,0,18.483,0.42336,442.007,0,1.02816,0,0,2.46297,1.43481,1.028160,1,0,95.6557,0,0,0,95.6557,0
72.29,2.74783,0,0,3.69344,0.242303,0.703304,3.6288,61.308,0.342142,0,0,0.990757,0.198595,0.450021,0.66528,12.849,1,0.488406,0.703304,0,74.9676,3.8912,71.2913,0.84672,12.849,0.84672,3695.15,0,18.483,0.103148,1.17516,1.74457,6.65479,1.07985,8.39152,0.42336,0,0,18.483,0.42336,442.007,0,1.02816,0,0,2.20332,1.17516,1.028160,1,0,80.1328,0,0,0,80.1328,0
72.2118,2.74828,0,0,3.27522,0.242303,0.36288,3.6288,61.308,0.342327,0,0,0.889756,0.198595,0.348835,0.66528,12.849,1,0.488485,0.36288,0,64.6236,3.8912,60.6068,0.84672,12.849,0.84672,3695.15,0,18.483,0.103204,0.889557,1.74486,5.7394,1.07985,7.19076,0.42336,0,0,18.483,0.42336,442.007,0,1.02816,0,0,1.91772,0.889557,1.028160,1,0,68.1464,0,0,0,68.1464,0
71.8539,2.74828,0,0,2.98685,0.233523,0.36288,3.6288,61.308,0.342511,0,0,0.802742,0.187217,0.273014,0.66528,12.849,1,0.489014,0.36288,0,58.0497,3.65528,54.2683,0.84672,12.849,0.84672,3695.15,0,18.483,0.103259,0.736897,1.74514,5.29401,1.02001,6.65278,0.42336,0,0,18.483,0.42336,442.007,0,1.02816,0,0,1.76506,0.736897,1.028160,1,0,61.1941,0,0,0,61.1941,0
71.7299,2.87695,0,0,3.29916,0.183399,0.36288,3.6288,61.308,0.403935,0,0,0.741125,0.199105,0.138085,0.66528,12.849,1,0.514459,0.36288,0,63.9664,3.67538,60.1395,0.84672,12.849,0.84672,3695.15,0,18.483,0.121777,0.881522,1.74543,5.27168,0.982178,6.79467,0.42336,0,0,18.483,0.42336,442.007,0,1.02816,0,0,1.90968,0.881522,1.028160,1,0,67.0722,0,0,0,67.0722,0
71.8008,2.87666,0,0,3.47273,0.162278,0.36288,3.6288,61.308,0.404129,0,0,0.820817,0.229354,0.187334,0.66528,12.849,1,0.515298,0.36288,0,65.6908,4.1328,61.4056,0.84672,12.849,0.84672,3695.15,0,18.483,0.121836,0.725993,1.83607,5.54704,1.06599,6.92128,0.42336,0,0,18.483,0.42336,442.007,0,1.02816,0,0,1.75415,0.725993,1.028160,1,0,68.5142,0,0,0,68.5142,0
71.5553,2.87756,0,0,3.15732,0.162366,0.36288,3.6288,61.308,0.404324,0,0,0.711747,0.229354,0.0780689,0.66528,12.849,1,0.51495,0.36288,0,62.0412,4.1328,57.7564,0.84672,12.849,0.84672,3695.15,0,18.483,0.121895,0.307394,1.83637,5.1054,1.06599,6.06128,0.42336,0,0,18.483,0.42336,442.007,0,1.02816,0,0,1.33555,0.307394,1.028160,1,0,63.8957,0,0,0,63.8957,0
70.9356,2.87654,0,0,2.78177,0.162062,0.36288,3.6288,61.308,0.404518,0,0,0.689856,0.229354,0.0559832,0.66528,12.849,1,0.516532,0.36288,0,52.687,4.1328,48.4005,0.84672,12.849,0.84672,3695.15,0,18.483,0.121953,0.377801,1.83667,5.03187,1.06599,6.05839,0.42336,0,0,18.483,0.42336,442.007,0,1.02816,0,0,1.40596,0.377801,1.028160,1,0,54.5149,0,0,0,54.5149,0
70.1149,2.87318,0,0,2.54249,0.12713,0.36288,3.6288,61.308,0.404713,0,0,0.674916,0.245449,0.0247544,0.66528,12.849,1,0.520437,0.36288,0,46.715,4.54734,42.0101,0.84672,12.849,0.84672,3695.15,0,18.483,0.122012,0.513864,1.83697,4.60885,1.13981,5.69786,0.42336,0,0,18.483,0.42336,442.007,0,1.02816,0,0,1.54202,0.513864,1.028160,1,0,47.7327,0,0,0,47.7327,0
69.0584,2.84281,0,0,2.27102,0.121788,0.36288,3.6288,61.2328,0.438593,0,0,0.592476,0.22907,0,0.66528,12.849,1,0.520963,0.36288,0,40.5311,4.67428,35.6987,0.84672,12.849,0.84672,3695.15,0,18.483,0.132226,0.508836,1.83727,3.88249,1.0993,4.99706,0.42336,0,0,18.483,0.42336,442.007,0,1.02816,0,0,1.537,0.508836,1.028160,1,0,40.6958,0,0,0,40.6958,0
67.7954,2.83655,0,0,2.05722,0.120795,0.36288,3.6288,61.1313,0.438668,0,0,0.566155,0.228961,0,0.66528,12.849,1,0.527769,0.36288,0,39.8316,4.67428,34.9924,0.84672,12.849,0.84672,3695.15,0,18.483,0.132411,0.432458,1.86574,3.66781,1.0993,4.73429,0.42336,0,0,18.483,0.42336,442.007,0,1.02816,0,0,1.46062,0.432458,1.028160,1,0,39.7267,0,0,0,39.7267,0
66.3619,2.82875,0,0,1.87312,0.115011,0.36288,3.6288,60.9883,0.4387,0,0,0.535423,0.239771,0,0.66528,12.849,1,0.536122,0.36288,0,35.0636,4.81543,30.0749,0.84672,12.849,0.84672,3695.15,0,18.483,0.13264,0.292931,1.86605,3.55989,1.15083,4.4354,0.42336,0,0,18.483,0.42336,442.007,0,1.02816,0,0,1.32109,0.292931,1.028160,1,0,34.5103,0,0,0,34.5103,0
64.8714,2.8195,0,0,1.77832,0.0864389,0.36288,3.6288,60.746,0.438661,0,0,0.501556,0.305235,0,0.66528,12.849,1,0.545913,0.36288,0,31.6248,5.66233,25.7795,0.84672,12.849,0.84672,3695.15,0,18.483,0.13294,0.311049,1.86635,3.39461,1.45996,3.97911,0.42336,0,0,18.483,0.42336,442.007,0,1.02816,0,0,1.33921,0.311049,1.028160,1,0,29.7586,0,0,0,29.7586,0
63.2959,2.87506,0,0,1.74044,0.0780093,0.36288,3.6288,60.3558,0.616055,0,0,0.525119,0.299168,0,0.66528,12.849,1,0.56946,0.36288,0,28.3093,5.81489,22.2878,0.84672,12.849,0.84672,3695.15,0,18.483,0.187445,0.261274,1.86665,3.18163,1.45535,3.66676,0.42336,0,0,18.483,0.42336,442.007,0,0.835618,0,0,1.09689,0.261274,1.028160,1,0,25.9546,0,0,0,25.9546,0
61.7481,2.86374,0,0,1.75467,0.0758025,0.36288,3.6288,59.9763,0.571617,0,0,0.489582,0.297496,0,0.66528,12.849,1,0.581337,0.36288,0,36.7945,5.84031,30.7357,0.84672,12.849,0.84672,3695.15,0,18.483,0.175049,0.261274,1.91189,3.46016,1.45458,4.00368,0.42336,0,0,18.483,0.42336,442.007,0,0.892719,0,0,1.15399,0.261274,1.028160,1,0,34.7394,0,0,0,34.7394,0
60.1013,2.85215,0,0,1.64301,0.0748471,0.36288,3.6288,59.5734,0.561444,0,0,0.455293,0.296778,0,0.66528,12.849,1,0.593496,0.36288,0,29.5423,5.84031,23.4714,0.84672,12.849,0.84672,3695.15,0,18.483,0.173021,0.227405,1.9122,3.11905,1.45458,3.63105,0.42336,0,0,18.483,0.42336,442.007,0,0.905187,0,0,1.13259,0.227405,1.028160,1,0,27.1024,0,0,0,27.1024,0
58.3213,2.83921,0,0,1.4959,0.0738121,0.36288,3.6288,59.0158,0.693778,0,0,0.432242,0.296016,0,0.66528,12.849,1,0.606993,0.36288,0,26.9241,5.84031,20.8396,0.84672,12.849,0.84672,3695.15,0,18.483,0.215249,0.227405,1.91251,2.90938,1.45458,3.37946,0.42336,0,0,18.483,0.42336,442.007,0,0.730892,0,0,0.958297,0.227405,1.028160,1,0,24.2191,0,0,0,24.2191,0
56.5752,3.01312,0,0,1.69763,0.067711,0.36288,3.6288,58.6503,0.573596,0,0,0.523601,0.315535,0,0.66528,12.849,1,0.663834,0.36288,0,27.0777,6.22494,20.5518,0.84672,12.849,0.84672,3695.15,0,18.483,0.179643,0.308837,1.91282,3.91472,1.52164,4.4351,0.42336,0,0,18.483,0.42336,442.007,0,1.02816,0,0,1.337,0.308837,1.028160,1,0,24.9869,0,0,0,24.9869,0
54.8185,2.99692,0,0,1.6834,0.0802615,0.36288,3.6288,58.2661,0.572966,0,0,0.519028,0.330278,0,0.66528,12.849,1,0.680641,0.36288,0,26.7669,6.38883,20.0603,0.84672,12.849,0.84672,3695.15,0,18.483,0.180564,0.241618,2.06537,2.92118,1.54134,3.50626,0.42336,0,0,18.483,0.42336,442.007,0,1.02816,0,0,1.26978,0.241618,1.028160,1,0,23.5666,0,0,0,23.5666,0
52.7833,2.97973,0,0,1.38625,0.0788675,0.36288,3.6288,57.7321,0.656234,0,0,0.451749,0.329462,0,0.66528,12.849,1,0.698424,0.36288,0,33.2294,6.38883,26.5051,0.84672,12.849,0.84672,3695.15,0,18.483,0.208169,0.204422,2.06571,2.60614,1.54134,3.12676,0.42336,0,0,18.483,0.42336,442.007,0,0.917577,0,0,1.122,0.204422,1.028160,1,0,29.6318,0,0,0,29.6318,0
50.9182,2.95856,0,0,1.53356,0.0772524,0.36288,3.6288,57.4531,0.57123,0,0,0.620565,0.328328,0,0.66528,12.849,1,0.720199,0.36288,0,28.4896,6.38883,21.7435,0.84672,12.849,0.84672,3695.15,0,18.483,0.18288,0.440614,2.06604,3.11438,1.54134,3.89682,0.42336,0,0,18.483,0.42336,442.007,0,1.02816,0,0,1.46877,0.440614,1.028160,1,0,25.6403,0,0,0,25.6403,0
48.9109,2.93797,0,0,1.377,0.0834362,0.36288,3.6288,57.2033,0.570777,0,0,0.636453,0.315479,0,0.66528,12.849,1,0.741385,0.36288,0,26.5782,6.03408,20.1656,0.84672,12.849,0.84672,3695.15,0,18.483,0.183622,0.98528,2.06638,3.78158,1.43127,5.21835,0.42336,0,0,18.483,0.42336,442.007,0,1.02816,0,0,2.01344,0.98528,1.028160,1,0,25.384,0,0,0,25.384,0
46.463,2.82543,0,0,0.859965,0.119493,0.36288,3.6288,56.7072,0.505558,0,0,0.297976,0.288553,0,0.66528,12.849,1,0.742246,0.36288,0,17.2192,5.19949,11.6403,0.84672,12.849,0.84672,3695.15,0,18.483,0.163351,0.286831,2.06672,2.13296,1.27455,3.0486,0.42336,0,0,18.483,0.42336,442.007,0,1.02816,0,0,1.31499,0.286831,1.028160,1,0,14.6889,0,0,0,14.6889,0
43.8881,2.79525,0,0,0.699546,0.116333,0.36288,3.6288,55.9958,0.669058,0,0,0.245256,0.287624,0,0.66528,12.849,1,0.773005,0.36288,0,15.8122,5.19949,10.2026,0.84672,12.849,0.84672,3695.15,0,18.483,0.218071,0.216518,1.97974,1.92723,1.27455,2.63086,0.42336,0,0,18.483,0.42336,442.007,0,0.810216,0,0,1.02673,0.216518,1.028160,1,0,12.8335,0,0,0,12.8335,0
41.7473,2.76062,0,0,1.1558,0.173167,0.36288,3.6288,55.6362,0.503325,0,0,0.371397,0.227683,0,0.66528,12.849,1,0.808218,0.36288,0,22.5118,4.36897,17.6975,0.84672,12.849,0.84672,3695.15,0,18.483,0.166137,0.276903,1.98006,2.55314,1.01496,3.629,0.42336,0,0,18.483,0.42336,442.007,0,1.02816,0,0,1.30506,0.276903,1.028160,1,0,21.3265,0,0,0,21.3265,0
41.0202,2.72937,0,0,2.57816,0.212947,0.36288,3.6288,55.5409,0.502726,0,0,0.590738,0.183294,0,0.66528,12.849,1,0.840047,0.36288,0,57.5247,3.74609,53.3014,0.84672,12.849,0.84672,3695.15,0,18.483,0.167012,0.784745,1.98038,5.45758,0.820267,7.23543,0.42336,0,0,18.483,0.42336,442.007,0,1.02816,0,0,1.81291,0.784745,1.028160,1,0,60.5369,0,0,0,60.5369,0
39.0629,2.64825,0,0,1.27451,0.220689,0.36288,3.6288,55.2781,0.444095,0,0,0.39528,0.21393,0,0.66528,12.849,1,0.829526,0.36288,0,29.8701,4.09543,25.308,0.84672,12.849,0.84672,3695.15,0,18.483,0.147787,0.360737,1.9807,3.02676,0.968927,4.25148,0.42336,0,0,18.483,0.42336,442.007,0,1.02816,0,0,1.3889,0.360737,1.028160,1,0,29.5595,0,0,0,29.5595,0
36.9685,2.6174,0,0,1.1053,0.219407,0.36288,3.6288,54.4518,0.866169,0,0,0.265621,0.22584,0,0.66528,12.849,1,0.860943,0.36288,0,27.3267,4.23517,22.5934,0.84672,12.849,0.84672,3695.15,0,18.483,0.289615,0.216518,1.90338,3.15535,1.02839,3.95724,0.42336,0,0,18.483,0.42336,442.007,0,0.46452,0,0,0.681038,0.216518,1.028160,1,0,26.5507,0,0,0,26.5507,0
36.0762,2.58162,0,0,2.26625,0.214095,0.36288,3.6288,54.3714,0.442281,0,0,0.586489,0.224614,0,0.66528,12.849,1,0.897284,0.36288,0,42.2109,4.23517,37.4413,0.84672,12.849,0.84672,3695.15,0,18.483,0.150127,0.655819,1.90369,4.51151,1.02839,5.8925,0.42336,0,0,18.483,0.42336,442.007,0,1.02816,0,0,1.68398,0.655819,1.028160,1,0,43.3338,0,0,0,43.3338,0
37.4615,2.56567,0,0,4.52571,0.211831,0.36288,3.6288,54.8332,0.442312,0,0,1.12866,0.224495,0,0.66528,12.849,1,0.913798,0.36288,0,77.811,4.23517,73.0249,0.84672,12.849,0.84672,3695.15,0,18.483,0.15036,2.62325,1.904,7.25823,1.02839,10.6067,0.42336,0,0,18.483,0.42336,442.007,0,1.02816,0,0,3.65141,2.62325,1.028160,1,0,83.6316,0,0,0,83.6316,0
38.1172,2.39611,0,0,3.64031,0.225655,0.36288,3.6288,55.0387,0.321673,0,0,0.743888,0.21668,0,0.66528,12.849,1,0.821845,0.36288,0,43.0106,4.08375,38.4679,0.84672,12.849,0.84672,3695.15,0,18.483,0.108429,1.17954,1.90431,5.87223,0.99149,7.85616,0.42336,0,0,18.483,0.42336,442.007,0,1.02816,0,0,2.2077,1.17954,1.028160,1,0,46.3241,0,0,0,46.3241,0
37.5334,2.40707,0,0,2.39246,0.206269,0.36288,3.6288,55.0459,0.322154,0,0,0.519359,0.190076,0,0.66528,12.849,1,0.811405,0.36288,0,50.6263,4.31172,45.866,0.84672,12.849,0.84672,3695.15,0,18.483,0.108185,0.972812,1.7297,5.21513,1.09077,6.71868,0.42336,0,0,18.483,0.42336,442.007,0,1.02816,0,0,2.00097,0.972812,1.028160,1,0,52.5847,0,0,0,52.5847,0
36.8219,2.39806,0,0,2.25432,0.204861,0.36288,3.6288,55.1873,0.322342,0,0,0.653877,0.190085,0,0.66528,12.849,1,0.820939,0.36288,0,64.5395,4.31172,59.7697,0.84672,12.849,0.84672,3695.15,0,18.483,0.108234,1.41947,1.72998,7.73878,1.09077,9.68922,0.42336,0,0,18.483,0.42336,442.007,0,1.02816,0,0,2.44763,1.41947,1.028160,1,0,69.4589,0,0,0,69.4589,0
36.6639,2.38669,0,0,2.79704,0.20548,0.36288,3.6288,55.3459,0.322728,0,0,0.710198,0.228881,0,0.66528,12.849,1,0.832834,0.36288,0,47.9145,4.9139,42.5307,0.84672,12.849,0.84672,3695.15,0,18.483,0.108086,1.69086,1.73026,6.82112,1.32828,8.80588,0.42336,0,0,18.483,0.42336,442.007,0,1.02816,0,0,2.71902,1.69086,1.028160,1,0,51.3365,0,0,0,51.3365,0
36.459,2.38442,0,0,2.77797,0.235618,0.36288,3.6288,55.4279,0.323138,0,0,0.642703,0.23759,0,0.66528,12.849,1,0.835628,0.36288,0,81.1966,5.16278,75.561,0.84672,12.849,0.84672,3695.15,0,18.483,0.107913,1.61063,1.73054,9.02258,1.3186,10.9372,0.42336,0,0,18.483,0.42336,442.007,0,1.02816,0,0,2.63879,1.61063,1.028160,1,0,86.4983,0,0,0,86.4983,0
42.8776,2.45592,0,0,9.45537,0.217907,0.36288,3.6288,57.2461,0.358817,0,0,2.34871,0.171704,0,0.66528,12.849,1,0.865523,0.36288,0,184.699,3.85707,180.339,0.84672,12.849,0.84672,3695.15,0,18.483,0.119651,3.84338,1.73082,15.8915,1.06483,20.2812,0.42336,0,0,18.483,0.42336,442.007,0,1.02816,0,0,4.87154,3.84338,1.028160,1,0,200.62,0,0,0,200.62,0
44.4482,2.556,0,0,4.72435,0.234942,0.36288,3.6288,58.0994,0.361863,0,0,1.38894,0.173754,0,0.66528,12.849,1,0.765947,0.36288,0,125.33,3.85707,121.07,0.84672,12.849,0.84672,3695.15,0,18.483,0.116834,2.17041,1.78646,9.03718,1.06483,11.8124,0.42336,0,0,18.483,0.42336,442.007,0,1.02816,0,0,3.19857,2.17041,1.028160,1,0,132.882,0,0,0,132.882,0
45.8484,2.57738,0,0,4.57969,0.239206,0.36288,3.6288,60.2694,0.363339,0,0,2.70809,0.174716,0,0.66528,12.849,1,0.745066,0.36288,0,116.974,3.85707,112.735,0.84672,12.849,0.84672,3695.15,0,18.483,0.115588,5.21216,1.78673,13.0987,1.06483,18.9171,0.42336,0,0,18.483,0.42336,442.007,0,1.02816,0,0,6.24032,5.21216,1.028160,1,0,131.652,0,0,0,131.652,0
47.2838,2.59555,0,0,4.6331,0.239303,0.36288,3.6288,61.308,0.366699,0,0,1.91657,0.184968,0.326336,0.66528,12.849,1,0.727403,0.36288,0,96.9019,4.29199,92.2454,0.84672,12.849,0.84672,3695.15,0,18.483,0.112457,3.50939,1.787,11.6545,0.966326,15.8721,0.42336,0,0,18.483,0.42336,442.007,0,1.02816,0,0,4.53755,3.50939,1.028160,1,0,108.444,0,0,0,108.444,0
48.2637,2.86821,0,0,4.45283,0.241822,0.36288,3.6288,61.308,0.504534,0,0,2.36747,0.164366,1.69857,0.66528,12.849,1,0.779414,0.36288,0,118.85,3.89996,114.534,0.84672,12.849,0.84672,3695.15,0,18.483,0.152106,2.34041,1.78727,9.81824,1.03175,12.7621,0.42336,0,0,18.483,0.42336,442.007,0,1.02816,0,0,3.36857,2.34041,1.028160,1,0,128.994,0,0,0,128.994,0
50.4171,2.88114,0,0,5.6241,0.226703,0.36288,3.6288,61.308,0.504731,0,0,2.38608,0.146524,1.73483,0.66528,12.849,1,0.767033,0.36288,0,144.937,3.61011,140.923,0.84672,12.849,0.84672,3695.15,0,18.483,0.152165,4.16448,1.98524,14.0181,1.05322,18.9625,0.42336,0,0,18.483,0.42336,442.007,0,1.02816,0,0,5.19264,4.16448,1.028160,1,0,161.62,0,0,0,161.62,0
52.1985,2.90769,0,0,5.31381,0.261754,0.36288,3.6288,61.308,0.504927,0,0,1.87245,0.127682,1.23984,0.66528,12.849,1,0.741038,0.36288,0,133.377,3.71954,129.28,0.84672,12.849,0.84672,3695.15,0,18.483,0.152224,3.38052,1.98554,10.4829,1.00531,14.6914,0.42336,0,0,18.483,0.42336,442.007,0,1.02816,0,0,4.40868,3.38052,1.028160,1,0,145.211,0,0,0,145.211,0
57.1749,2.92843,0,0,8.57625,0.308606,0.36288,3.6288,61.308,0.505124,0,0,1.88298,0.168151,1.20971,0.66528,12.849,1,0.720852,0.36288,0,185.131,3.63122,181.142,0.84672,12.849,0.84672,3695.15,0,18.483,0.152284,3.91092,1.98584,12.8615,1.05809,17.5479,0.42336,0,0,18.483,0.42336,442.007,0,1.02816,0,0,4.93908,3.91092,1.028160,1,0,199.899,0,0,0,199.899,0
58.2487,2.60237,0,0,4.34453,0.305443,0.36288,3.6288,61.308,0.322434,0,0,1.68441,0.162866,1.19911,0.66528,12.849,1,0.584834,0.36288,0,126.146,3.61154,122.312,0.84672,12.849,0.84672,3695.15,0,18.483,0.0972068,2.18956,1.98615,11.1441,1.05708,14.1655,0.42336,0,0,18.483,0.42336,442.007,0,1.02816,0,0,3.21772,2.18956,1.028160,1,0,137.677,0,0,0,137.677,0
58.9591,2.6116,0,0,3.97915,0.294241,0.36288,3.6288,61.308,0.322603,0,0,1.95712,0.158901,1.47561,0.66528,12.849,1,0.576088,0.36288,0,97.5171,3.59678,93.7071,0.84672,12.849,0.84672,3695.15,0,18.483,0.0972577,2.038,1.71585,11.9842,1.05632,14.5845,0.42336,0,0,18.483,0.42336,442.007,0,1.02816,0,0,3.06616,2.038,1.028160,1,0,109.767,0,0,0,109.767,0
61.814,2.61769,0,0,6.13168,0.296274,0.36288,3.6288,61.308,0.322772,0,0,2.80039,0.158901,2.31871,0.66528,12.849,1,0.570475,0.36288,0,177.762,3.59678,173.958,0.84672,12.849,0.84672,3695.15,0,18.483,0.0973087,3.92958,1.71611,16.7655,1.05632,21.2575,0.42336,0,0,18.483,0.42336,442.007,0,1.02816,0,0,4.95774,3.92958,1.028160,1,0,197.534,0,0,0,197.534,0
65.1857,2.63991,0,0,6.67405,0.299507,0.36288,3.6288,61.308,0.322941,0,0,2.79153,0.118812,2.34978,0.66528,12.849,1,0.548746,0.36288,0,199.38,2.96919,196.225,0.84672,12.849,0.84672,3695.15,0,18.483,0.0973596,4.05295,1.71637,19.4645,0.948836,24.1877,0.42336,0,0,18.483,0.42336,442.007,0,1.02816,0,0,5.08111,4.05295,1.028160,1,0,222.762,0,0,0,222.762,0
67.9082,2.66402,0,0,6.05802,0.308609,0.36288,3.6288,61.308,0.32311,0,0,2.3607,0.128127,1.90946,0.66528,12.849,1,0.525115,0.36288,0,215.768,2.98648,212.619,0.84672,12.849,0.84672,3695.15,0,18.483,0.0974106,3.67435,1.71663,17.4588,0.954822,21.7975,0.42336,0,0,18.483,0.42336,442.007,0,1.02816,0,0,4.70251,3.67435,1.028160,1,0,236.326,0,0,0,236.326,0
69.5925,2.78013,0,0,5.14744,0.320117,0.36288,3.6288,61.308,0.368054,0,0,1.82848,0.184021,1.27641,0.66528,12.849,1,0.526032,0.36288,0,142.126,3.09025,138.873,0.84672,12.849,0.84672,3695.15,0,18.483,0.11096,2.68432,1.7169,14.1965,0.990733,17.496,0.42336,0,0,18.483,0.42336,442.007,0,1.02816,0,0,3.71248,2.68432,1.028160,1,0,157.645,0,0,0,157.645,0
71.5503,2.7913,0,0,5.43634,0.324349,0.36288,3.6288,61.308,0.36823,0,0,2.66242,0.184021,2.11017,0.66528,12.849,1,0.515363,0.36288,0,163.689,3.09025,160.446,0.84672,12.849,0.84672,3695.15,0,18.483,0.111013,3.65507,1.78402,16.9059,0.990733,21.2432,0.42336,0,0,18.483,0.42336,442.007,0,1.02816,0,0,4.68323,3.65507,1.028160,1,0,183.8,0,0,0,183.8,0
72.6954,2.80368,0,0,4.64092,0.329268,0.36288,3.6288,61.308,0.368406,0,0,2.12505,0.184021,1.57262,0.66528,12.849,1,0.503485,0.36288,0,127.221,3.09025,123.991,0.84672,12.849,0.84672,3695.15,0,18.483,0.111066,2.83457,1.78429,12.2365,0.990733,15.7535,0.42336,0,0,18.483,0.42336,442.007,0,1.02816,0,0,3.86273,2.83457,1.028160,1,0,141.317,0,0,0,141.317,0
72.8355,2.81085,0,0,3.71443,0.400662,0.36288,3.6288,61.308,0.368582,0,0,1.49469,0.179859,0.946253,0.66528,12.849,1,0.496821,0.36288,0,106.848,3.33738,103.377,0.84672,12.849,0.84672,3695.15,0,18.483,0.111119,1.75814,1.78456,8.54384,1.0068,10.9686,0.42336,0,0,18.483,0.42336,442.007,0,1.02816,0,0,2.7863,1.75814,1.028160,1,0,115.292,0,0,0,115.292,0
72.7941,2.77333,0,0,3.44234,0.347465,0.36288,3.6288,61.308,0.351357,0,0,1.30473,0.235139,0.71823,0.66528,12.849,1,0.489247,0.36288,0,100.229,4.27269,95.8301,0.84672,12.849,0.84672,3695.15,0,18.483,0.105926,1.9256,1.78483,8.98828,1.16614,11.4266,0.42336,0,0,18.483,0.42336,442.007,0,1.02816,0,0,2.95376,1.9256,1.028160,1,0,107.975,0,0,0,107.975,0
72.4103,2.77352,0,0,3.09439,0.341793,0.36288,3.6288,61.308,0.351531,0,0,1.17356,0.244629,0.577402,0.66528,12.849,1,0.489557,0.36288,0,86.4294,4.4121,81.8906,0.84672,12.849,0.84672,3695.15,0,18.483,0.105979,1.62383,1.75906,7.98224,1.19163,10.0675,0.42336,0,0,18.483,0.42336,442.007,0,1.02816,0,0,2.65199,1.62383,1.028160,1,0,92.5355,0,0,0,92.5355,0
71.745,2.77173,0,0,2.80381,0.334542,0.36288,3.6288,61.308,0.351704,0,0,1.05222,0.238941,0.461578,0.66528,12.849,1,0.491836,0.36288,0,76.1486,4.29414,71.7255,0.84672,12.849,0.84672,3695.15,0,18.483,0.106031,1.38295,1.75933,7.30106,1.16171,9.1756,0.42336,0,0,18.483,0.42336,442.007,0,1.02816,0,0,2.41111,1.38295,1.028160,1,0,81.3627,0,0,0,81.3627,0
70.965,2.76828,0,0,2.57,0.218881,0.36288,3.6288,61.308,0.351877,0,0,0.994438,0.204808,0.437753,0.66528,12.849,1,0.495779,0.36288,0,73.3182,3.58638,69.5989,0.84672,12.849,0.84672,3695.15,0,18.483,0.106083,1.26561,1.7596,6.64796,0.982201,8.58489,0.42336,0,0,18.483,0.42336,442.007,0,1.02816,0,0,2.29377,1.26561,1.028160,1,0,78.6215,0,0,0,78.6215,0
70.1994,2.89521,0,0,2.69015,0.197586,0.36288,3.6288,61.308,0.413796,0,0,0.980657,0.21376,0.353102,0.66528,12.849,1,0.52421,0.36288,0,65.0359,3.813,61.0615,0.84672,12.849,0.84672,3695.15,0,18.483,0.12475,1.98478,1.75986,7.08636,1.00664,9.69961,0.42336,0,0,18.483,0.42336,442.007,0,1.02816,0,0,3.01294,1.98478,1.028160,1,0,71.1143,0,0,0,71.1143,0
69.21,2.89082,0,0,2.4342,0.169924,0.36288,3.6288,61.308,0.413979,0,0,0.911848,0.225696,0.272174,0.66528,12.849,1,0.529123,0.36288,0,58.1065,4.11516,53.8251,0.84672,12.849,0.84672,3695.15,0,18.483,0.124805,1.37154,1.85124,6.42764,1.03923,8.48638,0.42336,0,0,18.483,0.42336,442.007,0,1.02816,0,0,2.3997,1.37154,1.028160,1,0,62.5837,0,0,0,62.5837,0
68.0064,2.88487,0,0,2.21278,0.168628,0.36288,3.6288,61.308,0.414161,0,0,0.786672,0.225696,0.146815,0.66528,12.849,1,0.535584,0.36288,0,54.2709,4.11516,49.983,0.84672,12.849,0.84672,3695.15,0,18.483,0.12486,0.912712,1.85152,5.94348,1.03923,7.54362,0.42336,0,0,18.483,0.42336,442.007,0,1.02816,0,0,1.94087,0.912712,1.028160,1,0,57.6734,0,0,0,57.6734,0
66.558,2.87734,0,0,1.95886,0.167051,0.36288,3.6288,61.308,0.414344,0,0,0.770316,0.225696,0.130276,0.66528,12.849,1,0.543639,0.36288,0,46.0185,4.11516,41.7225,0.84672,12.849,0.84672,3695.15,0,18.483,0.124916,1.05648,1.8518,5.884,1.03923,7.62814,0.42336,0,0,18.483,0.42336,442.007,0,1.02816,0,0,2.08464,1.05648,1.028160,1,0,49.481,0,0,0,49.481,0
65.1154,2.86786,0,0,1.91047,0.122288,0.36288,3.6288,61.308,0.414527,0,0,0.814376,0.260961,0.138889,0.66528,12.849,1,0.553639,0.36288,0,47.0109,4.70554,42.1146,0.84672,12.849,0.84672,3695.15,0,18.483,0.124971,1.27218,1.85208,5.49482,1.18555,7.30856,0.42336,0,0,18.483,0.42336,442.007,0,1.02816,0,0,2.30034,1.27218,1.028160,1,0,49.5621,0,0,0,49.5621,0
64.0822,2.83245,0,0,2.2862,0.124095,0.36288,3.6288,61.308,0.448672,0,0,0.998663,0.28383,0.266162,0.66528,12.849,1,0.558917,0.36288,0,68.2214,5.2165,62.8089,0.84672,12.849,0.84672,3695.15,0,18.483,0.135265,1.4177,1.85236,4.99802,1.31327,6.81955,0.42336,0,0,18.483,0.42336,442.007,0,1.02816,0,0,2.44586,1.4177,1.028160,1,0,69.8946,0,0,0,69.8946,0
62.9463,2.82537,0,0,2.1754,0.123066,0.36288,3.6288,61.308,0.44886,0,0,0.928999,0.28383,0.196309,0.66528,12.849,1,0.56651,0.36288,0,61.8415,5.2165,56.4214,0.84672,12.849,0.84672,3695.15,0,18.483,0.135321,1.32907,1.88105,4.75901,1.31327,6.52053,0.42336,0,0,18.483,0.42336,442.007,0,1.02816,0,0,2.35723,1.32907,1.028160,1,0,63.1382,0,0,0,63.1382,0
61.6521,2.81731,0,0,2.00796,0.121935,0.36288,3.6288,61.308,0.449048,0,0,0.830771,0.28383,0.097893,0.66528,12.849,1,0.575087,0.36288,0,58.5208,5.2165,53.0921,0.84672,12.849,0.84672,3695.15,0,18.483,0.135378,1.21173,1.88133,4.45147,1.31327,6.09589,0.42336,0,0,18.483,0.42336,442.007,0,1.02816,0,0,2.23989,1.21173,1.028160,1,0,59.2859,0,0,0,59.2859,0
60.28,2.80775,0,0,1.91918,0.120646,0.36288,3.6288,61.308,0.449236,0,0,0.813093,0.28383,0.0800275,0.66528,12.849,1,0.585166,0.36288,0,54.8697,5.2165,49.4309,0.84672,12.849,0.84672,3695.15,0,18.483,0.135435,1.03571,1.88162,4.24143,1.31327,5.71005,0.42336,0,0,18.483,0.42336,442.007,0,1.02816,0,0,2.06387,1.03571,1.028160,1,0,55.221,0,0,0,55.221,0
58.6964,2.86247,0,0,1.73375,0.0920139,0.36288,3.6288,61.308,0.47971,0,0,0.842979,0.319723,0.0435458,0.66528,12.849,1,0.610151,0.36288,0,51.4706,5.78085,45.4424,0.84672,12.849,0.84672,3695.15,0,18.483,0.144622,0.615401,1.8819,3.7172,1.43497,4.63491,0.42336,0,0,18.483,0.42336,442.007,0,1.02816,0,0,1.64356,0.615401,1.028160,1,0,50.1209,0,0,0,50.1209,0
56.9723,2.8494,0,0,1.57205,0.0839113,0.36288,3.6288,61.2126,0.479902,0,0,0.713388,0.32889,0,0.66528,12.849,1,0.623751,0.36288,0,48.751,5.95686,42.5333,0.84672,12.849,0.84672,3695.15,0,18.483,0.14468,0.660226,1.92748,3.65988,1.47534,4.62757,0.42336,0,0,18.483,0.42336,442.007,0,1.02816,0,0,1.68839,0.660226,1.028160,1,0,47.1609,0,0,0,47.1609,0
55.1635,2.83443,0,0,1.47106,0.0825102,0.36288,3.6288,61.0644,0.479922,0,0,0.660372,0.328691,0,0.66528,12.849,1,0.63925,0.36288,0,44.0096,5.95686,37.7763,0.84672,12.849,0.84672,3695.15,0,18.483,0.144911,0.587762,1.92778,3.26641,1.47534,4.1617,0.42336,0,0,18.483,0.42336,442.007,0,1.02816,0,0,1.61592,0.587762,1.028160,1,0,41.938,0,0,0,41.938,0
53.2523,2.81785,0,0,1.35053,0.0810404,0.36288,3.6288,60.9092,0.479844,0,0,0.653115,0.328383,0,0.66528,12.849,1,0.656351,0.36288,0,40.2301,5.95686,33.9798,0.84672,12.849,0.84672,3695.15,0,18.483,0.14524,0.455052,1.92807,3.19468,1.47534,3.95722,0.42336,0,0,18.483,0.42336,442.007,0,1.02816,0,0,1.48321,0.455052,1.028160,1,0,37.937,0,0,0,37.937,0
51.3557,2.98625,0,0,1.52298,0.0704292,0.36288,3.6288,60.7928,0.58897,0,0,0.787804,0.315288,0,0.66528,12.849,1,0.72054,0.36288,0,42.9261,5.90542,36.663,0.84672,12.849,0.84672,3695.15,0,18.483,0.178724,0.910561,1.92836,4.40199,1.51571,5.54647,0.42336,0,0,18.483,0.42336,442.007,0,1.02816,0,0,1.93872,0.910561,1.028160,1,0,42.2095,0,0,0,42.2095,0
49.104,2.96542,0,0,1.15266,0.0760538,0.36288,3.6288,60.6056,0.588916,0,0,0.706493,0.304745,0,0.66528,12.849,1,0.741937,0.36288,0,42.3236,5.2816,36.663,0.84672,12.849,0.84672,3695.15,0,18.483,0.17905,0.726296,2.08213,2.87416,1.48757,4.01597,0.42336,0,0,18.483,0.42336,442.007,0,1.02816,0,0,1.75446,0.726296,1.028160,1,0,40.679,0,0,0,40.679,0
46.8182,2.9389,0,0,1.0902,0.0742655,0.36288,3.6288,60.3623,0.588701,0,0,0.64978,0.304384,0,0.66528,12.849,1,0.769019,0.36288,0,38.0366,5.2816,32.3488,0.84672,12.849,0.84672,3695.15,0,18.483,0.179537,0.616732,2.08245,2.84157,1.48757,3.87364,0.42336,0,0,18.483,0.42336,442.007,0,1.02816,0,0,1.64489,0.616732,1.028160,1,0,36.2225,0,0,0,36.2225,0
44.9785,2.90988,0,0,1.50553,0.0724351,0.36288,3.6288,60.1897,0.588356,0,0,0.719617,0.303913,0,0.66528,12.849,1,0.798601,0.36288,0,40.7997,5.2816,35.0824,0.84672,12.849,0.84672,3695.15,0,18.483,0.180155,0.838538,2.08276,3.16768,1.48757,4.42126,0.42336,0,0,18.483,0.42336,442.007,0,1.02816,0,0,1.8667,0.838538,1.028160,1,0,39.5037,0,0,0,39.5037,0
43.8299,2.88491,0,0,2.19195,0.0927474,0.36288,3.6288,60.2631,0.588169,0,0,0.9579,0.296261,0,0.66528,12.849,1,0.824132,0.36288,0,68.0823,5.14169,62.4794,0.84672,12.849,0.84672,3695.15,0,18.483,0.180615,1.07196,2.08308,3.52268,1.46521,5.0319,0.42336,0,0,18.483,0.42336,442.007,0,1.02816,0,0,2.10012,1.07196,1.028160,1,0,67.5113,0,0,0,67.5113,0
41.6593,2.78112,0,0,1.08759,0.114191,0.36288,3.6288,60.3034,0.522371,0,0,0.832954,0.270276,0,0.66528,12.849,1,0.815302,0.36288,0,29.2604,4.70883,24.0991,0.84672,12.849,0.84672,3695.15,0,18.483,0.160214,1.67701,2.08339,3.32742,1.33522,5.59238,0.42336,0,0,18.483,0.42336,442.007,0,1.02816,0,0,2.70517,1.67701,1.028160,1,0,29.6915,0,0,0,29.6915,0
39.3582,2.74907,0,0,0.922182,0.111358,0.36288,3.6288,59.9627,0.522651,0,0,0.452219,0.270346,0,0.66528,12.849,1,0.847897,0.36288,0,29.2194,4.70883,24.0255,0.84672,12.849,0.84672,3695.15,0,18.483,0.160193,0.40157,1.99569,2.46113,1.33522,3.36297,0.42336,0,0,18.483,0.42336,442.007,0,1.02816,0,0,1.42973,0.40157,1.028160,1,0,27.3885,0,0,0,27.3885,0
37.2303,2.71211,0,0,1.08405,0.136909,0.36288,3.6288,59.6603,0.522154,0,0,0.459448,0.239695,0,0.66528,12.849,1,0.885404,0.36288,0,29.4327,4.29357,24.6166,0.84672,12.849,0.84672,3695.15,0,18.483,0.16095,0.437711,1.99599,2.5702,1.20543,3.63753,0.42336,0,0,18.483,0.42336,442.007,0,1.02816,0,0,1.46587,0.437711,1.028160,1,0,28.2541,0,0,0,28.2541,0
37.0436,2.67489,0,0,3.05421,0.203127,0.36288,3.6288,60.0897,0.521729,0,0,1.11536,0.164216,0,0.66528,12.849,1,0.923165,0.36288,0,94.0426,3.25542,90.2269,0.84672,12.849,0.84672,3695.15,0,18.483,0.161634,1.37709,1.9963,6.84117,0.880938,9.17198,0.42336,0,0,18.483,0.42336,442.007,0,1.02816,0,0,2.40525,1.37709,1.028160,1,0,99.3989,0,0,0,99.3989,0
35.6437,2.60282,0,0,1.79585,0.230095,0.36288,3.6288,60.129,0.462579,0,0,0.68795,0.186074,0,0.66528,12.849,1,0.902819,0.36288,0,57.6288,4.08156,53.0073,0.84672,12.849,0.84672,3695.15,0,18.483,0.142285,1.08971,1.9966,4.41063,0.964731,6.38993,0.42336,0,0,18.483,0.42336,442.007,0,1.02816,0,0,2.11787,1.08971,1.028160,1,0,59.3972,0,0,0,59.3972,0
33.5187,2.57715,0,0,1.06157,0.246502,0.36288,3.6288,59.6226,0.737651,0,0,0.433504,0.202181,0,0.66528,12.849,1,0.929024,0.36288,0,34.5254,4.70117,29.2581,0.84672,12.849,0.84672,3695.15,0,18.483,0.226746,0.216518,1.91863,3.84096,1.02758,4.72179,0.42336,0,0,18.483,0.42336,442.007,0,0.668874,0,0,0.885393,0.216518,1.028160,1,0,33.9799,0,0,0,33.9799,0
32.6993,2.53496,0,0,2.31864,0.240197,0.36288,3.6288,59.7118,0.462106,0,0,0.752759,0.201529,0,0.66528,12.849,1,0.971747,0.36288,0,48.7198,4.70117,43.4098,0.84672,12.849,0.84672,3695.15,0,18.483,0.143253,0.708506,1.91892,5.49517,1.02758,6.95177,0.42336,0,0,18.483,0.42336,442.007,0,1.02816,0,0,1.73667,0.708506,1.028160,1,0,50.3616,0,0,0,50.3616,0
34.5155,2.51786,0,0,4.93465,0.237766,0.36288,3.6288,60.608,0.462459,0,0,1.56028,0.201643,0,0.66528,12.849,1,0.989378,0.36288,0,106.471,4.70117,101.143,0.84672,12.849,0.84672,3695.15,0,18.483,0.143148,3.12255,1.91921,8.92019,1.02758,12.7912,0.42336,0,0,18.483,0.42336,442.007,0,1.02816,0,0,4.15071,3.12255,1.028160,1,0,113.934,0,0,0,113.934,0
34.4341,2.36367,0,0,2.87385,0.228629,0.36288,3.6288,61.0102,0.338495,0,0,0.943091,0.202316,0,0.66528,12.849,1,0.87992,0.36288,0,48.1911,3.98273,43.6913,0.84672,12.849,0.84672,3695.15,0,18.483,0.103228,1.57834,1.9195,4.66469,0.853291,7.20602,0.42336,0,0,18.483,0.42336,442.007,0,1.02816,0,0,2.6065,1.57834,1.028160,1,0,50.8973,0,0,0,50.8973,0
33.7755,2.36252,0,0,2.27653,0.20972,0.36288,3.6288,61.2924,0.339189,0,0,0.806465,0.185069,0,0.66528,12.849,1,0.881568,0.36288,0,35.6704,3.72925,31.4225,0.84672,12.849,0.84672,3695.15,0,18.483,0.102757,1.8671,1.74348,5.37144,0.885619,7.99365,0.42336,0,0,18.483,0.42336,442.007,0,1.02816,0,0,2.89526,1.8671,1.028160,1,0,39.4161,0,0,0,39.4161,0
33.9663,2.35042,0,0,3.10802,0.203892,0.36288,3.6288,61.308,0.339724,0,0,0.892253,0.178385,0.358582,0.66528,12.849,1,0.894156,0.36288,0,48.7339,3.74672,44.4559,0.84672,12.849,0.84672,3695.15,0,18.483,0.102445,1.73527,1.74375,7.44128,0.976441,9.8414,0.42336,0,0,18.483,0.42336,442.007,0,1.02816,0,0,2.76343,1.73527,1.028160,1,0,54.6559,0,0,0,54.6559,0
35.047,2.35442,0,0,4.00229,0.204371,0.36288,3.6288,61.308,0.339915,0,0,0.973624,0.178403,0.455307,0.66528,12.849,1,0.890646,0.36288,0,83.4598,3.74672,79.1853,0.84672,12.849,0.84672,3695.15,0,18.483,0.102477,1.7015,1.74401,9.17724,0.976441,11.5438,0.42336,0,0,18.483,0.42336,442.007,0,1.02816,0,0,2.72966,1.7015,1.028160,1,0,91.1845,0,0,0,91.1845,0
35.2327,2.37488,0,0,3.1306,0.207084,0.36288,3.6288,61.308,0.340086,0,0,0.961373,0.178403,0.442884,0.66528,12.849,1,0.870684,0.36288,0,65.7654,3.74672,61.5108,0.84672,12.849,0.84672,3695.15,0,18.483,0.102528,1.22239,1.74427,7.41642,0.976441,9.30411,0.42336,0,0,18.483,0.42336,442.007,0,1.02816,0,0,2.25055,1.22239,1.028160,1,0,71.2578,0,0,0,71.2578,0
37.0198,2.4531,0,0,4.83316,0.230101,0.36288,3.6288,61.308,0.376796,0,0,2.05212,0.207238,1.46809,0.66528,12.849,1,0.894621,0.36288,0,131.243,3.8837,126.828,0.84672,12.849,0.84672,3695.15,0,18.483,0.113596,1.19965,1.74454,9.21352,0.918057,11.1261,0.42336,0,0,18.483,0.42336,442.007,0,1.02816,0,0,2.22781,1.19965,1.028160,1,0,139.422,0,0,0,139.422,0
43.2158,2.48551,0,0,9.27487,0.230488,0.36288,3.6288,61.308,0.376961,0,0,3.21172,0.24584,2.58892,0.66528,12.849,1,0.862684,0.36288,0,139.586,5.06614,134.02,0.84672,12.849,0.84672,3695.15,0,18.483,0.113645,2.46575,1.8006,12.9847,1.17679,15.9606,0.42336,0,0,18.483,0.42336,442.007,0,1.02816,0,0,3.49391,2.46575,1.028160,1,0,152.57,0,0,0,152.57,0
45.1128,2.58122,0,0,5.08893,0.24782,0.36288,3.6288,61.308,0.377126,0,0,1.82861,0.24584,1.20565,0.66528,12.849,1,0.767453,0.36288,0,128.253,5.06614,122.782,0.84672,12.849,0.84672,3695.15,0,18.483,0.113695,1.79841,1.80085,7.18805,1.17679,9.49682,0.42336,0,0,18.483,0.42336,442.007,0,1.02816,0,0,2.82657,1.79841,1.028160,1,0,133.485,0,0,0,133.485,0
52.7772,2.6067,0,0,10.8872,0.253233,0.36288,3.6288,61.308,0.377291,0,0,1.40666,0.24584,0.783531,0.66528,12.849,1,0.74244,0.36288,0,102.499,5.06614,97.0532,0.84672,12.849,0.84672,3695.15,0,18.483,0.113745,1.23514,1.80111,6.82436,1.17679,8.57007,0.42336,0,0,18.483,0.42336,442.007,0,1.02816,0,0,2.2633,1.23514,1.028160,1,0,106.407,0,0,0,106.407,0
57.2982,2.95654,0,0,8.12677,0.286405,0.36288,3.6288,61.308,0.514723,0,0,1.90425,0.256985,1.13254,0.66528,12.849,1,0.719791,0.36288,0,128.968,5.11908,123.492,0.84672,12.849,0.84672,3695.15,0,18.483,0.155177,1.34753,1.80136,10.3272,1.19332,12.1276,0.42336,0,0,18.483,0.42336,442.007,0,1.02816,0,0,2.37569,1.34753,1.028160,1,0,136.752,0,0,0,136.752,0
59.1154,3.00335,0,0,5.51407,0.330645,0.36288,3.6288,61.308,0.514907,0,0,1.78249,0.229043,1.03854,0.66528,12.849,1,0.673496,0.36288,0,105.329,4.60587,100.413,0.84672,12.849,0.84672,3695.15,0,18.483,0.155233,1.43807,2.00087,7.6896,0.971361,10.0019,0.42336,0,0,18.483,0.42336,442.007,0,1.02816,0,0,2.46623,1.43807,1.028160,1,0,111.453,0,0,0,111.453,0
62.4431,3.02079,0,0,7.04949,0.338089,0.36288,3.6288,61.308,0.515091,0,0,1.82475,0.223436,1.08622,0.66528,12.849,1,0.656582,0.36288,0,136.61,4.53905,131.778,0.84672,12.849,0.84672,3695.15,0,18.483,0.155289,1.66132,2.00115,7.68588,0.945576,10.2475,0.42336,0,0,18.483,0.42336,442.007,0,1.02816,0,0,2.68948,1.66132,1.028160,1,0,143.111,0,0,0,143.111,0
64.6699,3.05024,0,0,5.98795,0.348073,0.36288,3.6288,61.308,0.515276,0,0,2.33482,0.223436,1.59611,0.66528,12.849,1,0.627652,0.36288,0,114.529,4.53905,109.725,0.84672,12.849,0.84672,3695.15,0,18.483,0.155344,1.81265,2.00143,8.59706,0.945576,11.3102,0.42336,0,0,18.483,0.42336,442.007,0,1.02816,0,0,2.84081,1.81265,1.028160,1,0,122.632,0,0,0,122.632,0
69.6004,2.67972,0,0,8.33364,0.360521,0.36288,3.6288,61.308,0.331142,0,0,4.3227,0.207106,3.78445,0.66528,12.849,1,0.532424,0.36288,0,184.377,4.28808,179.919,0.84672,12.849,0.84672,3695.15,0,18.483,0.0998319,3.79579,2.00171,16.824,0.929612,21.592,0.42336,0,0,18.483,0.42336,442.007,0,1.02816,0,0,4.82395,3.79579,1.028160,1,0,205.296,0,0,0,205.296,0
77.8168,2.71195,0,0,11.6745,0.383282,0.36288,3.6288,61.308,0.3313,0,0,5.50187,0.185333,4.98523,0.66528,12.849,1,0.500655,0.36288,0,279.786,3.95346,275.694,0.84672,12.849,0.84672,3695.15,0,18.483,0.0998797,5.56649,1.72928,21.4287,0.908326,27.7162,0.42336,0,0,18.483,0.42336,442.007,0,1.02816,0,0,6.59465,5.56649,1.028160,1,0,308.396,0,0,0,308.396,0
84.563,2.75771,0,0,10.4297,0.562876,0.36288,3.6288,61.308,0.331459,0,0,4.69613,0.185333,4.17934,0.66528,12.849,1,0.455348,0.36288,0,217.71,3.95346,213.664,0.84672,12.849,0.84672,3695.15,0,18.483,0.0999274,3.78859,1.72953,18.2754,0.908326,22.7853,0.42336,0,0,18.483,0.42336,442.007,0,1.02816,0,0,4.81675,3.78859,1.028160,1,0,240.629,0,0,0,240.629,0
91.6301,2.78964,0,0,10.8201,0.600516,0.36288,3.6288,61.308,0.331617,0,0,4.33534,0.185333,3.81839,0.66528,12.849,1,0.423873,0.36288,0,228.903,3.95346,224.889,0.84672,12.849,0.84672,3695.15,0,18.483,0.0999751,3.98943,1.72977,20.639,0.908326,25.3499,0.42336,0,0,18.483,0.42336,442.007,0,1.02816,0,0,5.01759,3.98943,1.028160,1,0,254.057,0,0,0,254.057,0
97.506,2.8187,0,0,9.94844,0.528777,0.7251,3.6288,61.308,0.331775,0,0,3.78588,0.149235,3.30486,0.66528,12.849,1,0.395258,0.7251,0,228.748,3.43029,225.648,0.84672,12.849,0.84672,3695.15,0,18.483,0.100023,3.73806,1.73002,19.389,0.833173,23.9239,0.42336,0,0,18.483,0.42336,442.007,0,1.02816,0,0,4.76622,3.73806,1.028160,1,0,252.877,0,0,0,252.877,0
97.506,2.94392,0,0,9.78748,0.525963,6.31759,3.6288,61.308,0.377057,0,0,8.41349,0.155243,7.88119,0.66528,12.849,1,0.38794,6.31759,0,211.702,3.7318,213.899,0.84672,12.849,0.84672,3695.15,0,18.483,0.113674,6.72012,1.73026,24.2371,0.883791,31.69,0.42336,0,0,18.483,0.42336,442.007,0,1.02816,0,0,7.74828,6.72012,1.028160,1,0,253.471,0,0,0,253.471,0
97.506,2.94434,0,0,9.1406,0.525963,5.6703,3.6288,61.308,0.377222,0,0,4.7455,0.155243,4.21304,0.66528,12.849,1,0.387995,5.6703,0,181.975,3.7318,183.525,0.84672,12.849,0.84672,3695.15,0,18.483,0.113724,4.70705,1.79789,16.4901,0.883791,21.9975,0.42336,0,0,18.483,0.42336,442.007,0,1.02816,0,0,5.73521,4.70705,1.028160,1,0,209.736,0,0,0,209.736,0
97.506,2.94476,0,0,7.66912,0.469064,4.2553,3.6288,61.308,0.377387,0,0,3.94062,0.164835,3.3984,0.66528,12.849,1,0.38805,4.2553,0,154.045,3.74185,154.171,0.84672,12.849,0.84672,3695.15,0,18.483,0.113774,3.71047,1.79814,15.4466,0.896856,19.9446,0.42336,0,0,18.483,0.42336,442.007,0,1.02816,0,0,4.73863,3.71047,1.028160,1,0,177.514,0,0,0,177.514,0
97.506,2.94517,0,0,7.11072,0.326816,3.83873,3.6288,61.308,0.377551,0,0,3.80009,0.188815,3.23372,0.66528,12.849,1,0.388104,3.83873,0,151.979,3.76698,151.663,0.84672,12.849,0.84672,3695.15,0,18.483,0.113823,3.43626,1.79839,15.2434,0.929518,19.4347,0.42336,0,0,18.483,0.42336,442.007,0,1.02816,0,0,4.46442,3.43626,1.028160,1,0,174.331,0,0,0,174.331,0
97.506,2.90499,0,0,6.20634,0.346509,2.95484,3.6288,61.308,0.360181,0,0,3.09993,0.191526,2.54822,0.66528,12.849,1,0.382809,2.95484,0,126.646,3.80658,125.411,0.84672,12.849,0.84672,3695.15,0,18.483,0.108587,2.61605,1.79865,13.0935,0.960194,16.4394,0.42336,0,0,18.483,0.42336,442.007,0,1.02816,0,0,3.64421,2.61605,1.028160,1,0,144.399,0,0,0,144.399,0
97.506,2.9054,0,0,5.70966,0.370493,2.43376,3.6288,61.308,0.360343,0,0,2.56872,0.202288,2.00608,0.66528,12.849,1,0.382863,2.43376,0,118.35,4.12686,116.274,0.84672,12.849,0.84672,3695.15,0,18.483,0.108636,2.20355,1.77266,12.1675,0.972995,15.0621,0.42336,0,0,18.483,0.42336,442.007,0,1.02816,0,0,3.23171,2.20355,1.028160,1,0,133.342,0,0,0,133.342,0
97.506,2.90581,0,0,5.0857,0.286415,1.89348,3.6288,61.308,0.360506,0,0,2.16727,0.221267,1.5855,0.66528,12.849,1,0.382918,1.89348,0,105.082,4.36747,102.225,0.84672,12.849,0.84672,3695.15,0,18.483,0.108684,2.29611,1.77291,11.0197,0.980571,13.9995,0.42336,0,0,18.483,0.42336,442.007,0,1.02816,0,0,3.32427,2.29611,1.028160,1,0,117.81,0,0,0,117.81,0
97.506,2.90622,0,0,4.8214,0.286415,1.62877,3.6288,61.308,0.360668,0,0,2.08138,0.221267,1.49944,0.66528,12.849,1,0.382972,1.62877,0,98.5608,4.36747,95.4391,0.84672,12.849,0.84672,3695.15,0,18.483,0.108733,2.18007,1.77316,10.3376,0.980571,13.2015,0.42336,0,0,18.483,0.42336,442.007,0,1.02816,0,0,3.20823,2.18007,1.028160,1,0,110.14,0,0,0,110.14,0
97.506,3.04451,0,0,4.49361,0.274195,1.1749,3.6288,61.308,0.42305,0,0,1.92457,0.202049,1.29947,0.66528,12.849,1,0.401195,1.1749,0,88.4762,4.25009,84.9998,0.84672,12.849,0.84672,3695.15,0,18.483,0.12754,2.13996,1.77341,9.74454,0.954247,12.5761,0.42336,0,0,18.483,0.42336,442.007,0,1.02816,0,0,3.16812,2.13996,1.028160,1,0,98.8754,0,0,0,98.8754,0
97.506,3.04494,0,0,4.44009,0.243643,1.1515,3.6288,61.308,0.423222,0,0,1.84419,0.154006,1.26696,0.66528,12.849,1,0.401252,1.1515,0,80.1386,3.95661,76.9322,0.84672,12.849,0.84672,3695.15,0,18.483,0.127592,1.9265,1.86547,9.18864,0.888437,11.9646,0.42336,0,0,18.483,0.42336,442.007,0,1.02816,0,0,2.95466,1.9265,1.028160,1,0,90.1638,0,0,0,90.1638,0
97.506,3.04537,0,0,4.2076,0.243643,0.918587,3.6288,61.308,0.423393,0,0,1.53364,0.154006,0.956244,0.66528,12.849,1,0.401309,0.918587,0,74.0966,3.95661,70.6573,0.84672,12.849,0.84672,3695.15,0,18.483,0.127644,1.49694,1.86573,8.59671,0.888437,10.9433,0.42336,0,0,18.483,0.42336,442.007,0,1.02816,0,0,2.5251,1.49694,1.028160,1,0,82.5569,0,0,0,82.5569,0
97.506,3.0458,0,0,3.97587,0.20745,0.722617,3.6288,61.308,0.423564,0,0,1.46169,0.183997,0.854129,0.66528,12.849,1,0.401365,0.722617,0,67.1172,4.36407,63.0744,0.84672,12.849,0.84672,3695.15,0,18.483,0.127695,1.13273,1.866,7.20835,0.997545,9.08184,0.42336,0,0,18.483,0.42336,442.007,0,1.02816,0,0,2.16089,1.13273,1.028160,1,0,73.0104,0,0,0,73.0104,0
97.506,3.04623,0,0,3.67998,0.116967,0.516784,3.6288,61.308,0.423735,0,0,1.38178,0.258973,0.69907,0.66528,12.849,1,0.401422,0.516784,0,64.4319,5.38272,59.1646,0.84672,12.849,0.84672,3695.15,0,18.483,0.127747,0.999864,1.86626,6.67112,1.27031,8.13918,0.42336,0,0,18.483,0.42336,442.007,0,1.02816,0,0,2.02802,0.999864,1.028160,1,0,68.0028,0,0,0,68.0028,0
97.506,3.01938,0,0,4.11938,0.182528,0.917476,3.6288,61.308,0.458128,0,0,1.12488,0.225899,0.440849,0.66528,12.849,1,0.397883,0.917476,0,52.2466,4.68899,48.0772,0.84672,12.849,0.84672,3695.15,0,18.483,0.138115,1.37117,1.86652,5.75135,1.08387,7.76705,0.42336,0,0,18.483,0.42336,442.007,0,1.02816,0,0,2.39933,1.37117,1.028160,1,0,56.2851,0,0,0,56.2851,0
97.506,3.0198,0,0,3.75176,0.182528,0.549427,3.6288,61.308,0.458304,0,0,1.10776,0.225899,0.423557,0.66528,12.849,1,0.397939,0.549427,0,51.0319,4.68899,46.4944,0.84672,12.849,0.84672,3695.15,0,18.483,0.138168,1.40763,1.89541,5.54774,1.08387,7.62874,0.42336,0,0,18.483,0.42336,442.007,0,1.02816,0,0,2.43579,1.40763,1.028160,1,0,54.5467,0,0,0,54.5467,0
97.3217,3.02023,0,0,3.38131,0.182528,0.36288,3.6288,61.308,0.45848,0,0,1.03158,0.225899,0.347202,0.66528,12.849,1,0.397995,0.36288,0,47.2988,4.68899,42.5747,0.84672,12.849,0.84672,3695.15,0,18.483,0.138222,1.09748,1.89568,5.28217,1.08387,7.05323,0.42336,0,0,18.483,0.42336,442.007,0,1.02816,0,0,2.12564,1.09748,1.028160,1,0,49.9751,0,0,0,49.9751,0
97.0308,3.01999,0,0,3.23336,0.141389,0.36288,3.6288,61.308,0.458656,0,0,0.97524,0.280745,0.235839,0.66528,12.849,1,0.398717,0.36288,0,42.6425,5.39474,37.212,0.84672,12.849,0.84672,3695.15,0,18.483,0.138275,1.07058,1.89594,5.01861,1.34148,6.50538,0.42336,0,0,18.483,0.42336,442.007,0,1.02816,0,0,2.09874,1.07058,1.028160,1,0,43.9532,0,0,0,43.9532,0
96.1419,3.08982,0,0,2.69934,0.135466,0.36288,3.6288,61.308,0.489348,0,0,0.798146,0.302585,0.00621277,0.66528,12.849,1,0.40916,0.36288,0,34.3068,5.59861,28.662,0.84672,12.849,0.84672,3695.15,0,18.483,0.147528,0.733916,1.89621,4.21777,1.44602,5.25435,0.42336,0,0,18.483,0.42336,442.007,0,1.02816,0,0,1.76208,0.733916,1.028160,1,0,33.9225,0,0,0,33.9225,0
95.4588,3.08692,0,0,2.90909,0.142446,0.36288,3.6288,61.308,0.489529,0,0,0.974298,0.302512,0.182258,0.66528,12.849,1,0.412555,0.36288,0,41.7791,5.5398,36.1896,0.84672,12.849,0.84672,3695.15,0,18.483,0.147582,0.988062,1.94212,4.4662,1.44714,5.80166,0.42336,0,0,18.483,0.42336,442.007,0,1.02816,0,0,2.01622,0.988062,1.028160,1,0,42.1735,0,0,0,42.1735,0
94.5174,3.08476,0,0,2.64793,0.14163,0.36288,3.6288,61.308,0.489709,0,0,0.803598,0.302512,0.011377,0.66528,12.849,1,0.415216,0.36288,0,33.651,5.5398,28.0588,0.84672,12.849,0.84672,3695.15,0,18.483,0.147636,1.03162,1.94239,4.1501,1.44714,5.52934,0.42336,0,0,18.483,0.42336,442.007,0,1.02816,0,0,2.05978,1.03162,1.028160,1,0,33.5996,0,0,0,33.5996,0
93.3408,3.08155,0,0,2.40829,0.140505,0.36288,3.6288,61.264,0.48989,0,0,0.748397,0.302512,0,0.66528,12.849,1,0.418916,0.36288,0,31.3702,5.5398,25.7744,0.84672,12.849,0.84672,3695.15,0,18.483,0.147691,0.710571,1.94266,3.69857,1.44714,4.75698,0.42336,0,0,18.483,0.42336,442.007,0,1.02816,0,0,1.73873,0.710571,1.028160,1,0,30.5313,0,0,0,30.5313,0
92.1371,3.28286,0,0,2.57024,0.128205,0.36288,3.6288,61.2183,0.600179,0,0,0.864233,0.309781,0,0.66528,12.849,1,0.451909,0.36288,0,30.6323,5.7195,24.8238,0.84672,12.849,0.84672,3695.15,0,18.483,0.18107,1.13606,1.94294,4.91019,1.4874,6.32072,0.42336,0,0,18.483,0.42336,442.007,0,1.02816,0,0,2.16422,1.13606,1.028160,1,0,31.1445,0,0,0,31.1445,0
90.6911,3.27815,0,0,2.36992,0.174906,0.36288,3.6288,61.0605,0.600271,0,0,0.760078,0.317564,0,0.66528,12.849,1,0.457155,0.36288,0,24.9822,5.75085,19.1371,0.84672,12.849,0.84672,3695.15,0,18.483,0.181234,0.835237,2.09785,3.26911,1.51984,4.50111,0.42336,0,0,18.483,0.42336,442.007,0,1.02816,0,0,1.8634,0.835237,1.028160,1,0,23.6382,0,0,0,23.6382,0
88.963,3.27222,0,0,2.0797,0.17271,0.36288,3.6288,60.8764,0.600107,0,0,0.733285,0.317247,0,0.66528,12.849,1,0.463605,0.36288,0,31.7569,5.75085,25.9054,0.84672,12.849,0.84672,3695.15,0,18.483,0.181652,0.752224,2.09814,3.13925,1.51984,4.28812,0.42336,0,0,18.483,0.42336,442.007,0,1.02816,0,0,1.78038,0.752224,1.028160,1,0,30.1935,0,0,0,30.1935,0
87.2892,3.26481,0,0,2.12402,0.170087,0.36288,3.6288,60.8008,0.599882,0,0,0.841145,0.316877,0,0.66528,12.849,1,0.47154,0.36288,0,27.5094,5.75085,21.6499,0.84672,12.849,0.84672,3695.15,0,18.483,0.182133,0.853148,2.09844,3.26004,1.51984,4.50965,0.42336,0,0,18.483,0.42336,442.007,0,1.02816,0,0,1.88131,0.853148,1.028160,1,0,26.1596,0,0,0,26.1596,0
85.6425,3.25739,0,0,2.14311,0.169541,0.36288,3.6288,60.7386,0.599904,0,0,0.847524,0.309853,0,0.66528,12.849,1,0.479489,0.36288,0,27.9126,5.566,22.23,0.84672,12.849,0.84672,3695.15,0,18.483,0.182366,1.31277,2.09873,4.1698,1.44789,5.95105,0.42336,0,0,18.483,0.42336,442.007,0,1.02816,0,0,2.34093,1.31277,1.028160,1,0,28.1811,0,0,0,28.1811,0
85.7635,3.15068,0,0,3.84778,0.213167,0.36288,3.6288,61.308,0.533162,0,0,1.50859,0.311784,0.0942371,0.66528,12.849,1,0.472698,0.36288,0,55.2734,5.75257,49.4111,0.84672,12.849,0.84672,3695.15,0,18.483,0.162243,1.97365,2.09903,9.0193,1.42241,11.5073,0.42336,0,0,18.483,0.42336,442.007,0,1.02816,0,0,3.00181,1.97365,1.028160,1,0,61.0126,0,0,0,61.0126,0
87.3779,3.1517,0,0,5.34812,0.219137,0.36288,3.6288,61.308,0.534507,0,0,2.14508,0.320149,1.29042,0.66528,12.849,1,0.472185,0.36288,0,46.6118,5.96851,40.5339,0.84672,12.849,0.84672,3695.15,0,18.483,0.161142,3.98176,2.01065,12.3207,1.49012,16.6619,0.42336,0,0,18.483,0.42336,442.007,0,1.02816,0,0,5.00992,3.98176,1.028160,1,0,58.4862,0,0,0,58.4862,0
87.0356,3.15975,0,0,3.40267,0.222388,0.36288,3.6288,61.308,0.534694,0,0,1.50857,0.320149,0.653728,0.66528,12.849,1,0.464644,0.36288,0,71.1436,5.96851,65.0733,0.84672,12.849,0.84672,3695.15,0,18.483,0.161198,3.00272,2.01093,8.44698,1.49012,11.8093,0.42336,0,0,18.483,0.42336,442.007,0,1.02816,0,0,4.03088,3.00272,1.028160,1,0,77.5363,0,0,0,77.5363,0
86.0825,3.15861,0,0,2.79009,0.221699,0.36288,3.6288,61.308,0.53488,0,0,1.37759,0.320149,0.522558,0.66528,12.849,1,0.466303,0.36288,0,41.2724,5.96851,35.2005,0.84672,12.849,0.84672,3695.15,0,18.483,0.161255,1.75105,2.01121,6.03634,1.49012,8.14724,0.42336,0,0,18.483,0.42336,442.007,0,1.02816,0,0,2.77921,1.75105,1.028160,1,0,43.8703,0,0,0,43.8703,0
84.9008,3.07307,0,0,2.5697,0.315413,0.36288,3.6288,61.308,0.474101,0,0,1.44533,0.291147,0.680086,0.66528,12.849,1,0.458698,0.36288,0,55.913,5.34313,50.474,0.84672,12.849,0.84672,3695.15,0,18.483,0.142931,1.74145,2.0115,8.41889,1.36188,10.667,0.42336,0,0,18.483,0.42336,442.007,0,1.02816,0,0,2.76961,1.74145,1.028160,1,0,61.8211,0,0,0,61.8211,0
82.4685,3.06796,0,0,1.34167,0.343208,0.36288,3.6288,61.308,0.47428,0,0,0.88998,0.258544,0.157157,0.66528,12.849,1,0.464308,0.36288,0,40.938,4.93038,35.9062,0.84672,12.849,0.84672,3695.15,0,18.483,0.142985,0.6689,1.93293,3.96821,1.25426,5.1728,0.42336,0,0,18.483,0.42336,442.007,0,1.02816,0,0,1.69706,0.6689,1.028160,1,0,41.2362,0,0,0,41.2362,0
82.7198,3.05654,0,0,3.97438,0.303647,0.36288,3.6288,61.308,0.474458,0,0,1.45907,0.250602,0.734012,0.66528,12.849,1,0.476224,0.36288,0,53.532,4.73838,48.6802,0.84672,12.849,0.84672,3695.15,0,18.483,0.143038,1.61328,1.9332,9.23503,1.29719,11.3413,0.42336,0,0,18.483,0.42336,442.007,0,1.02816,0,0,2.64144,1.61328,1.028160,1,0,60.7555,0,0,0,60.7555,0
85.3268,3.05822,0,0,6.36561,0.33748,0.36288,3.6288,61.308,0.474636,0,0,2.12469,0.20471,1.44534,0.66528,12.849,1,0.475039,0.36288,0,117.149,3.75297,113.284,0.84672,12.849,0.84672,3695.15,0,18.483,0.143092,2.60264,1.93347,17.9476,1.11403,21.2266,0.42336,0,0,18.483,0.42336,442.007,0,1.02816,0,0,3.6308,2.60264,1.028160,1,0,135.956,0,0,0,135.956,0
85.053,2.83997,0,0,3.29694,0.367852,0.36288,3.6288,61.308,0.347769,0,0,1.30278,0.201763,0.753252,0.66528,12.849,1,0.427659,0.36288,0,66.9734,3.77113,63.1375,0.84672,12.849,0.84672,3695.15,0,18.483,0.104845,1.17742,1.93375,8.07138,1.07534,10.0024,0.42336,0,0,18.483,0.42336,442.007,0,1.02816,0,0,2.20558,1.17742,1.028160,1,0,73.8931,0,0,0,73.8931,0
82.6142,2.83917,0,0,1.20385,0.44063,0.36288,3.6288,61.3043,0.347929,0,0,0.568272,0.22402,0,0.66528,12.849,1,0.428915,0.36288,0,52.3833,4.72153,47.5957,0.84672,12.849,0.84672,3695.15,0,18.483,0.104893,0.328072,1.7564,5.62937,1.05855,6.5504,0.42336,0,0,18.483,0.42336,442.007,0,1.02816,0,0,1.35623,0.328072,1.028160,1,0,54.1461,0,0,0,54.1461,0
81.9219,2.82861,0,0,2.92989,0.430691,0.36288,3.6288,61.308,0.348085,0,0,1.79395,0.224014,1.21817,0.66528,12.849,1,0.439935,0.36288,0,135.092,4.72153,130.294,0.84672,12.849,0.84672,3695.15,0,18.483,0.104946,2.7606,1.75665,8.09395,1.05855,11.4477,0.42336,0,0,18.483,0.42336,442.007,0,1.02816,0,0,3.78876,2.7606,1.028160,1,0,142.96,0,0,0,142.96,0
80.8775,2.8258,0,0,2.56098,0.416766,0.36288,3.6288,61.308,0.34825,0,0,0.657087,0.221055,0.0877814,0.66528,12.849,1,0.443211,0.36288,0,84.9675,4.56974,80.3174,0.84672,12.849,0.84672,3695.15,0,18.483,0.10499,0.921214,1.75689,5.96522,1.03339,7.50495,0.42336,0,0,18.483,0.42336,442.007,0,1.02816,0,0,1.94937,0.921214,1.028160,1,0,87.9102,0,0,0,87.9102,0
79.5369,2.82126,0,0,2.22871,0.385137,0.36288,3.6288,61.308,0.34841,0,0,0.941563,0.213645,0.379508,0.66528,12.849,1,0.448213,0.36288,0,64.8795,4.19024,60.6039,0.84672,12.849,0.84672,3695.15,0,18.483,0.105038,0.909343,1.75714,5.10212,0.970491,6.69307,0.42336,0,0,18.483,0.42336,442.007,0,1.02816,0,0,1.9375,0.909343,1.028160,1,0,67.6765,0,0,0,67.6765,0
80.9725,2.90332,0,0,5.10767,0.40582,0.36288,3.6288,61.308,0.385378,0,0,2.07808,0.204544,1.48816,0.66528,12.849,1,0.469025,0.36288,0,118.015,4.21364,113.695,0.84672,12.849,0.84672,3695.15,0,18.483,0.116183,4.03038,1.75739,12.7342,0.973849,17.432,0.42336,0,0,18.483,0.42336,442.007,0,1.02816,0,0,5.05854,4.03038,1.028160,1,0,132.615,0,0,0,132.615,0
84.4165,2.91088,0,0,7.13964,0.421901,0.36288,3.6288,61.308,0.385532,0,0,3.52245,0.200903,2.93601,0.66528,12.849,1,0.461909,0.36288,0,110,4.22299,105.678,0.84672,12.849,0.84672,3695.15,0,18.483,0.116229,7.23166,1.81384,19.669,0.975192,27.623,0.42336,0,0,18.483,0.42336,442.007,0,1.02816,0,0,8.25982,7.23166,1.028160,1,0,136.237,0,0,0,136.237,0
86.7985,2.92762,0,0,6.10832,0.435867,0.36288,3.6288,61.308,0.385686,0,0,2.45722,0.200903,1.87063,0.66528,12.849,1,0.445612,0.36288,0,122.928,4.22299,118.622,0.84672,12.849,0.84672,3695.15,0,18.483,0.116276,5.2321,1.81408,18.653,0.975192,24.6077,0.42336,0,0,18.483,0.42336,442.007,0,1.02816,0,0,6.26026,5.2321,1.028160,1,0,145.101,0,0,0,145.101,0
88.2364,2.93866,0,0,5.17662,0.437156,0.36288,3.6288,61.308,0.38584,0,0,1.81896,0.185017,1.2481,0.66528,12.849,1,0.435017,0.36288,0,141.897,4.26314,137.562,0.84672,12.849,0.84672,3695.15,0,18.483,0.116322,3.76471,1.81432,15.7887,0.946577,20.3049,0.42336,0,0,18.483,0.42336,442.007,0,1.02816,0,0,4.79287,3.76471,1.028160,1,0,159.115,0,0,0,159.115,0
92.4525,3.2325,0,0,8.24344,0.431987,0.36288,3.6288,61.308,0.524265,0,0,2.96993,0.145102,2.30056,0.66528,12.849,1,0.470717,0.36288,0,185.176,4.24927,180.819,0.84672,12.849,0.84672,3695.15,0,18.483,0.158054,5.6771,1.81455,26.0166,0.907957,32.4422,0.42336,0,0,18.483,0.42336,442.007,0,1.02816,0,0,6.70526,5.6771,1.028160,1,0,215.562,0,0,0,215.562,0
97.506,3.25177,0,0,9.82627,0.475099,1.04587,3.6288,61.308,0.524437,0,0,5.63438,0.144601,4.96534,0.66528,12.849,1,0.45193,1.04587,0,185.006,3.96375,181.636,0.84672,12.849,0.84672,3695.15,0,18.483,0.158106,11.59,2.0155,37.6145,0.990244,50.0717,0.42336,0,0,18.483,0.42336,442.007,0,1.02816,0,0,12.6182,11.59,1.028160,1,0,236.673,0,0,0,236.673,0
97.506,3.2729,0,0,7.50496,0.495882,3.73618,3.6288,61.308,0.524609,0,0,3.66981,0.144601,3.0006,0.66528,12.849,1,0.431291,3.73618,0,129.097,3.96375,128.438,0.84672,12.849,0.84672,3695.15,0,18.483,0.158158,5.16726,2.01576,23.0735,0.990244,29.1081,0.42336,0,0,18.483,0.42336,442.007,0,1.02816,0,0,6.19542,5.16726,1.028160,1,0,160.547,0,0,0,160.547,0
97.506,3.27333,0,0,6.31423,0.487482,2.55342,3.6288,61.308,0.524782,0,0,3.24764,0.151364,2.57149,0.66528,12.849,1,0.431348,2.55342,0,94.9182,3.97678,93.0635,0.84672,12.849,0.84672,3695.15,0,18.483,0.15821,4.04252,2.01603,19.3253,1.00171,24.224,0.42336,0,0,18.483,0.42336,442.007,0,1.02816,0,0,5.07068,4.04252,1.028160,1,0,119.859,0,0,0,119.859,0
97.506,2.85879,0,0,7.40755,0.467253,4.08151,3.6288,61.308,0.339295,0,0,5.44739,0.181223,4.92687,0.66528,12.849,1,0.376721,4.08151,0,111.65,3.97493,111.38,0.84672,12.849,0.84672,3695.15,0,18.483,0.10229,6.91396,2.01629,39.2586,1.06068,47.0259,0.42336,0,0,18.483,0.42336,442.007,0,1.02816,0,0,7.94212,6.91396,1.028160,1,0,163.333,0,0,0,163.333,0
97.506,2.85916,0,0,5.40869,0.542689,2.00684,3.6288,61.308,0.339443,0,0,4.34968,0.154424,3.85581,0.66528,12.849,1,0.37677,2.00684,0,97.7953,3.77475,95.6506,0.84672,12.849,0.84672,3695.15,0,18.483,0.102334,5.02424,1.74186,22.8393,1.03611,28.467,0.42336,0,0,18.483,0.42336,442.007,0,1.02816,0,0,6.0524,5.02424,1.028160,1,0,127.973,0,0,0,127.973,0
97.506,2.85953,0,0,4.45559,0.542689,1.05336,3.6288,61.308,0.339591,0,0,3.09696,0.154424,2.60295,0.66528,12.849,1,0.376819,1.05336,0,83.7605,3.77475,80.6623,0.84672,12.849,0.84672,3695.15,0,18.483,0.102379,3.52744,1.74209,19.3015,1.03611,23.4325,0.42336,0,0,18.483,0.42336,442.007,0,1.02816,0,0,4.5556,3.52744,1.028160,1,0,106.698,0,0,0,106.698,0
97.506,2.85991,0,0,4.8066,0.542689,1.40401,3.6288,61.308,0.339738,0,0,3.68266,0.154424,3.1885,0.66528,12.849,1,0.376869,1.40401,0,94.8741,3.77475,92.1265,0.84672,12.849,0.84672,3695.15,0,18.483,0.102424,3.71236,1.74231,15.6956,1.03611,20.0117,0.42336,0,0,18.483,0.42336,442.007,0,1.02816,0,0,4.74052,3.71236,1.028160,1,0,115.327,0,0,0,115.327,0
97.506,2.86028,0,0,7.48837,0.537992,4.0901,3.6288,61.308,0.339886,0,0,5.7178,0.131516,5.24639,0.66528,12.849,1,0.376918,4.0901,0,175.407,3.41613,175.704,0.84672,12.849,0.84672,3695.15,0,18.483,0.102468,8.07097,1.74254,33.0902,0.974687,41.8265,0.42336,0,0,18.483,0.42336,442.007,0,1.02816,0,0,9.09913,8.07097,1.028160,1,0,222.777,0,0,0,222.777,0
97.506,2.96518,0,0,7.60965,0.560228,4.08424,3.6288,61.308,0.385483,0,0,5.2865,0.171472,4.72955,0.66528,12.849,1,0.390741,4.08424,0,123.467,3.90074,123.26,0.84672,12.849,0.84672,3695.15,0,18.483,0.116215,6.05094,1.74277,25.446,1.16209,31.9614,0.42336,0,0,18.483,0.42336,442.007,0,1.02816,0,0,7.0791,6.05094,1.028160,1,0,159.951,0,0,0,159.951,0
97.506,2.96557,0,0,7.32366,0.564521,3.79357,3.6288,61.308,0.385637,0,0,5.73845,0.180995,5.17181,0.66528,12.849,1,0.390792,3.79357,0,113.226,4.02633,112.603,0.84672,12.849,0.84672,3695.15,0,18.483,0.116261,6.91095,1.81087,26.6286,1.201,34.0331,0.42336,0,0,18.483,0.42336,442.007,0,1.02816,0,0,7.93911,6.91095,1.028160,1,0,151.808,0,0,0,151.808,0
97.506,2.96596,0,0,5.40264,0.564521,1.87216,3.6288,61.308,0.385791,0,0,4.258,0.180995,3.69121,0.66528,12.849,1,0.390843,1.87216,0,81.2998,4.02633,78.7548,0.84672,12.849,0.84672,3695.15,0,18.483,0.116307,4.17395,1.8111,18.8666,1.201,23.5343,0.42336,0,0,18.483,0.42336,442.007,0,1.02816,0,0,5.20211,4.17395,1.028160,1,0,105.98,0,0,0,105.98,0
97.506,2.96634,0,0,4.77326,0.509197,1.29772,3.6288,61.308,0.385945,0,0,3.5592,0.194452,2.97881,0.66528,12.849,1,0.390894,1.29772,0,71.2714,4.13853,68.0397,0.84672,12.849,0.84672,3695.15,0,18.483,0.116354,3.6831,1.81134,16.3054,1.21512,20.4684,0.42336,0,0,18.483,0.42336,442.007,0,1.02816,0,0,4.71126,3.6831,1.028160,1,0,91.4868,0,0,0,91.4868,0
97.506,2.92584,0,0,4.54944,0.509868,1.11373,3.6288,61.308,0.368437,0,0,2.69295,0.213478,2.11103,0.66528,12.849,1,0.385557,1.11373,0,70.3521,3.9665,67.1137,0.84672,12.849,0.84672,3695.15,0,18.483,0.111076,3.764,1.81158,15.636,1.2106,19.8899,0.42336,0,0,18.483,0.42336,442.007,0,1.02816,0,0,4.79216,3.764,1.028160,1,0,89.1147,0,0,0,89.1147,0
97.506,2.92623,0,0,4.22368,0.464743,0.832712,3.6288,61.308,0.368589,0,0,2.09908,0.227694,1.5028,0.66528,12.849,1,0.385608,0.832712,0,66.026,3.65347,62.8196,0.84672,12.849,0.84672,3695.15,0,18.483,0.111121,3.4211,1.78538,14.8234,1.21505,18.7037,0.42336,0,0,18.483,0.42336,442.007,0,1.02816,0,0,4.44926,3.4211,1.028160,1,0,83.0261,0,0,0,83.0261,0
97.506,2.92661,0,0,3.79668,0.464743,0.405323,3.6288,61.308,0.368741,0,0,1.8599,0.227694,1.26346,0.66528,12.849,1,0.385658,0.405323,0,57.0527,3.65347,53.4189,0.84672,12.849,0.84672,3695.15,0,18.483,0.111167,2.92046,1.78562,12.971,1.21505,16.3508,0.42336,0,0,18.483,0.42336,442.007,0,1.02816,0,0,3.94862,2.92046,1.028160,1,0,71.0332,0,0,0,71.0332,0
97.3005,2.92699,0,0,3.50451,0.420168,0.36288,3.6288,61.308,0.368892,0,0,1.74127,0.193561,1.17882,0.66528,12.849,1,0.385709,0.36288,0,54.7523,2.94572,51.7837,0.84672,12.849,0.84672,3695.15,0,18.483,0.111213,2.7367,1.78585,11.7134,1.03554,15.0892,0.42336,0,0,18.483,0.42336,442.007,0,1.02816,0,0,3.76486,2.7367,1.028160,1,0,68.0518,0,0,0,68.0518,0
96.8291,3.06549,0,0,3.36339,0.40642,0.36288,3.6288,61.308,0.431708,0,0,1.73261,0.187665,1.11323,0.66528,12.849,1,0.404812,0.36288,0,49.3271,2.92566,46.3595,0.84672,12.849,0.84672,3695.15,0,18.483,0.13015,3.34549,1.78609,12.3291,0.996687,16.3339,0.42336,0,0,18.483,0.42336,442.007,0,1.02816,0,0,4.37365,3.34549,1.028160,1,0,63.8066,0,0,0,63.8066,0
95.9211,3.06415,0,0,2.89028,0.37127,0.36288,3.6288,61.308,0.431867,0,0,1.35494,0.18642,0.736654,0.66528,12.849,1,0.406606,0.36288,0,43.5044,3.51309,39.9476,0.84672,12.849,0.84672,3695.15,0,18.483,0.130198,2.78776,1.87878,11.0706,0.943076,14.6639,0.42336,0,0,18.483,0.42336,442.007,0,1.02816,0,0,3.81592,2.78776,1.028160,1,0,55.3481,0,0,0,55.3481,0
94.9288,3.06115,0,0,2.80024,0.368458,0.36288,3.6288,61.308,0.432027,0,0,1.41981,0.18642,0.801363,0.66528,12.849,1,0.410054,0.36288,0,41.2797,3.51309,37.7194,0.84672,12.849,0.84672,3695.15,0,18.483,0.130247,2.64891,1.87903,11.4918,0.943076,14.9464,0.42336,0,0,18.483,0.42336,442.007,0,1.02816,0,0,3.67707,2.64891,1.028160,1,0,53.4672,0,0,0,53.4672,0
93.7652,3.05778,0,0,2.62241,0.365385,0.36288,3.6288,61.308,0.432187,0,0,1.3098,0.18642,0.69119,0.66528,12.849,1,0.413883,0.36288,0,38.6909,3.51309,35.1268,0.84672,12.849,0.84672,3695.15,0,18.483,0.130295,2.31532,1.87927,10.4125,0.943076,13.5337,0.42336,0,0,18.483,0.42336,442.007,0,1.02816,0,0,3.34348,2.31532,1.028160,1,0,49.3517,0,0,0,49.3517,0
92.5441,3.05366,0,0,2.4745,0.279014,0.36288,3.6288,61.308,0.432347,0,0,1.24715,0.228515,0.586288,0.66528,12.849,1,0.418455,0.36288,0,36.3855,4.48681,31.8431,0.84672,12.849,0.84672,3695.15,0,18.483,0.130343,2.44256,1.87952,10.0567,1.08131,13.1671,0.42336,0,0,18.483,0.42336,442.007,0,1.02816,0,0,3.47072,2.44256,1.028160,1,0,45.5965,0,0,0,45.5965,0
92.6189,3.0219,0,0,3.66958,0.209984,0.36288,3.6288,61.308,0.46697,0,0,1.30166,0.231952,0.602737,0.66528,12.849,1,0.419567,0.36288,0,42.6517,4.76335,37.8317,0.84672,12.849,0.84672,3695.15,0,18.483,0.140781,2.38106,1.87977,8.81124,1.13009,11.8012,0.42336,0,0,18.483,0.42336,442.007,0,1.02816,0,0,3.40922,2.38106,1.028160,1,0,50.2356,0,0,0,50.2356,0
92.6755,3.02259,0,0,3.64656,0.204557,0.36288,3.6288,61.308,0.467135,0,0,1.24475,0.229718,0.547894,0.66528,12.849,1,0.419324,0.36288,0,43.695,4.74453,38.894,0.84672,12.849,0.84672,3695.15,0,18.483,0.140831,2.1759,1.90884,9.0669,1.129,11.8818,0.42336,0,0,18.483,0.42336,442.007,0,1.02816,0,0,3.20406,2.1759,1.028160,1,0,51.3237,0,0,0,51.3237,0
92.4052,3.02321,0,0,3.32046,0.204657,0.36288,3.6288,61.308,0.467299,0,0,1.23216,0.229718,0.535141,0.66528,12.849,1,0.419154,0.36288,0,43.3572,4.74453,38.5564,0.84672,12.849,0.84672,3695.15,0,18.483,0.14088,2.18045,1.90909,8.72649,1.129,11.5461,0.42336,0,0,18.483,0.42336,442.007,0,1.02816,0,0,3.20861,2.18045,1.028160,1,0,50.6376,0,0,0,50.6376,0
91.8198,3.02253,0,0,3.00424,0.204179,0.36288,3.6288,61.308,0.467464,0,0,1.14349,0.229718,0.446305,0.66528,12.849,1,0.420285,0.36288,0,38.9351,4.74453,34.1332,0.84672,12.849,0.84672,3695.15,0,18.483,0.14093,1.78244,1.90934,8.36948,1.129,10.7913,0.42336,0,0,18.483,0.42336,442.007,0,1.02816,0,0,2.8106,1.78244,1.028160,1,0,45.3708,0,0,0,45.3708,0
90.8496,3.09107,0,0,2.64593,0.162214,0.36288,3.6288,61.308,0.498359,0,0,0.976458,0.299485,0.178614,0.66528,12.849,1,0.432556,0.36288,0,32.9922,5.57438,27.3481,0.84672,12.849,0.84672,3695.15,0,18.483,0.150244,1.46465,1.90959,7.21941,1.43454,9.00887,0.42336,0,0,18.483,0.42336,442.007,0,1.02816,0,0,2.49281,1.46465,1.028160,1,0,36.5356,0,0,0,36.5356,0
90.0187,3.08743,0,0,2.78033,0.16086,0.36288,3.6288,61.308,0.498527,0,0,1.09435,0.315725,0.280099,0.66528,12.849,1,0.43666,0.36288,0,38.2825,5.69279,32.516,0.84672,12.849,0.84672,3695.15,0,18.483,0.150295,1.5446,1.9558,7.28585,1.48126,9.15469,0.42336,0,0,18.483,0.42336,442.007,0,1.02816,0,0,2.57276,1.5446,1.028160,1,0,41.9508,0,0,0,41.9508,0
88.9426,3.08431,0,0,2.53073,0.159687,0.36288,3.6288,61.308,0.498696,0,0,0.902629,0.315725,0.0882087,0.66528,12.849,1,0.440244,0.36288,0,30.8349,5.69279,25.0647,0.84672,12.849,0.84672,3695.15,0,18.483,0.150346,1.60016,1.95605,6.7703,1.48126,8.69491,0.42336,0,0,18.483,0.42336,442.007,0,1.02816,0,0,2.62832,1.60016,1.028160,1,0,33.8478,0,0,0,33.8478,0
87.6432,3.08005,0,0,2.3017,0.158168,0.36288,3.6288,61.308,0.498864,0,0,0.840603,0.315725,0.0260137,0.66528,12.849,1,0.444957,0.36288,0,28.745,5.69279,22.9702,0.84672,12.849,0.84672,3695.15,0,18.483,0.150397,1.19051,1.95631,6.03374,1.48126,7.54891,0.42336,0,0,18.483,0.42336,442.007,0,1.02816,0,0,2.21867,1.19051,1.028160,1,0,30.5451,0,0,0,30.5451,0
86.3622,3.28005,0,0,2.50652,0.144545,0.36288,3.6288,61.308,0.610013,0,0,0.992218,0.313924,0.0682805,0.66528,12.849,1,0.480874,0.36288,0,28.8811,5.80092,22.9622,0.84672,12.849,0.84672,3695.15,0,18.483,0.183905,1.76779,1.95656,8.53131,1.50717,10.5646,0.42336,0,0,18.483,0.42336,442.007,0,1.02816,0,0,2.79595,1.76779,1.028160,1,0,33.595,0,0,0,33.595,0
84.0163,3.27427,0,0,1.44099,0.149752,0.36288,3.6288,61.1421,0.610196,0,0,0.768761,0.324434,0,0.66528,12.849,1,0.487147,0.36288,0,20.6546,6.20361,14.3267,0.84672,12.849,0.84672,3695.15,0,18.483,0.18396,1.13883,2.11253,5.40128,1.53069,6.938,0.42336,0,0,18.483,0.42336,442.007,0,1.02816,0,0,2.16699,1.13883,1.028160,1,0,21.2647,0,0,0,21.2647,0
81.536,3.2629,0,0,1.29194,0.146542,0.36288,3.6288,60.9049,0.609996,0,0,0.696876,0.324093,0,0.66528,12.849,1,0.49901,0.36288,0,18.4387,6.20361,12.099,0.84672,12.849,0.84672,3695.15,0,18.483,0.184399,0.998119,2.11281,5.26707,1.53069,6.66292,0.42336,0,0,18.483,0.42336,442.007,0,1.02816,0,0,2.02628,0.998119,1.028160,1,0,18.7619,0,0,0,18.7619,0
79.326,3.25021,0,0,1.54633,0.143147,0.36288,3.6288,60.7203,0.609627,0,0,0.748639,0.323607,0,0.66528,12.849,1,0.51219,0.36288,0,19.0828,6.20361,12.7299,0.84672,12.849,0.84672,3695.15,0,18.483,0.185005,1.17243,2.11309,5.77732,1.53069,7.34714,0.42336,0,0,18.483,0.42336,442.007,0,1.02816,0,0,2.20059,1.17243,1.028160,1,0,20.077,0,0,0,20.077,0
78.1916,3.23835,0,0,2.64404,0.177286,0.36288,3.6288,60.7546,0.609379,0,0,0.961546,0.317885,0,0.66528,12.849,1,0.524539,0.36288,0,31.7132,6.05519,25.4964,0.84672,12.849,0.84672,3695.15,0,18.483,0.185492,1.53514,2.11336,6.39508,1.51248,8.3456,0.42336,0,0,18.483,0.42336,442.007,0,1.02816,0,0,2.5633,1.53514,1.028160,1,0,33.842,0,0,0,33.842,0
77.1855,3.13362,0,0,2.65521,0.16476,0.36288,3.6288,60.8588,0.542379,0,0,0.937984,0.291381,0,0.66528,12.849,1,0.514939,0.36288,0,27.3149,6.21462,20.9482,0.84672,12.849,0.84672,3695.15,0,18.483,0.165005,1.09707,2.11364,7.11327,1.41868,8.7403,0.42336,0,0,18.483,0.42336,442.007,0,1.02816,0,0,2.12523,1.09707,1.028160,1,0,29.6885,0,0,0,29.6885,0
75.9803,3.12827,0,0,2.44887,0.162972,0.36288,3.6288,61.0112,0.54277,0,0,0.979538,0.284402,0,0.66528,12.849,1,0.520761,0.36288,0,19.9959,6.19521,13.6428,0.84672,12.849,0.84672,3695.15,0,18.483,0.164841,1.62373,2.02462,8.07574,1.38552,10.1737,0.42336,0,0,18.483,0.42336,442.007,0,1.02816,0,0,2.65189,1.62373,1.028160,1,0,23.8165,0,0,0,23.8165,0
74.183,3.12162,0,0,1.8482,0.161013,0.36288,3.6288,60.9572,0.54326,0,0,0.773954,0.284677,0,0.66528,12.849,1,0.527896,0.36288,0,29.575,6.19521,23.2148,0.84672,12.849,0.84672,3695.15,0,18.483,0.164578,1.51391,2.02489,6.26657,1.38552,8.25528,0.42336,0,0,18.483,0.42336,442.007,0,1.02816,0,0,2.54207,1.51391,1.028160,1,0,31.47,0,0,0,31.47,0
71.7833,3.11112,0,0,1.23248,0.158091,0.36288,3.6288,60.7183,0.543322,0,0,0.588965,0.284579,0,0.66528,12.849,1,0.538868,0.36288,0,18.5527,6.19521,12.1815,0.84672,12.849,0.84672,3695.15,0,18.483,0.164742,0.565047,2.02515,4.22923,1.38552,5.26917,0.42336,0,0,18.483,0.42336,442.007,0,1.02816,0,0,1.59321,0.565047,1.028160,1,0,17.4506,0,0,0,17.4506,0
69.968,3.01626,0,0,1.70517,0.141379,0.36288,3.6288,60.958,0.48175,0,0,1.00135,0.279877,0,0.66528,12.849,1,0.539902,0.36288,0,32.4862,5.57297,26.7362,0.84672,12.849,0.84672,3695.15,0,18.483,0.146648,0.915244,2.02542,6.5703,1.31979,8.04452,0.42336,0,0,18.483,0.42336,442.007,0,1.02816,0,0,1.9434,0.915244,1.028160,1,0,34.7808,0,0,0,34.7808,0
68.9602,3.00482,0,0,2.53651,0.176652,0.36288,3.6288,61.308,0.482359,0,0,1.55758,0.21186,0.513367,0.66528,12.849,1,0.551809,0.36288,0,56.0703,3.91986,51.9615,0.84672,12.849,0.84672,3695.15,0,18.483,0.146255,1.67181,1.94628,8.38002,1.02364,10.8282,0.42336,0,0,18.483,0.42336,442.007,0,1.02816,0,0,2.69997,1.67181,1.028160,1,0,63.3031,0,0,0,63.3031,0
67.9781,2.99842,0,0,2.59877,0.219547,0.36288,3.6288,61.308,0.483167,0,0,2.20647,0.162099,1.5612,0.66528,12.849,1,0.55868,0.36288,0,82.2832,3.37302,78.7144,0.84672,12.849,0.84672,3695.15,0,18.483,0.145664,2.25727,1.94654,11.9256,0.853469,15.1303,0.42336,0,0,18.483,0.42336,442.007,0,1.02816,0,0,3.28543,2.25727,1.028160,1,0,95.4059,0,0,0,95.4059,0
67.1393,2.99202,0,0,2.73403,0.217869,0.36288,3.6288,61.308,0.483333,0,0,2.62591,0.162099,1.98048,0.66528,12.849,1,0.565542,0.36288,0,90.79,3.37302,87.2143,0.84672,12.849,0.84672,3695.15,0,18.483,0.145714,4.06077,1.94679,19.7508,0.853469,24.7592,0.42336,0,0,18.483,0.42336,442.007,0,1.02816,0,0,5.08893,4.06077,1.028160,1,0,113.954,0,0,0,113.954,0
68.082,2.76156,0,0,4.28725,0.220127,0.36288,3.6288,61.308,0.355581,0,0,1.98039,0.161485,1.46333,0.66528,12.849,1,0.528502,0.36288,0,102.94,3.46049,99.3143,0.84672,12.849,0.84672,3695.15,0,18.483,0.1072,3.50006,1.94705,15.9274,0.874619,20.3927,0.42336,0,0,18.483,0.42336,442.007,0,1.02816,0,0,4.52822,3.50006,1.028160,1,0,121.17,0,0,0,121.17,0
68.5785,2.76808,0,0,3.89667,0.269249,0.36288,3.6288,61.308,0.355731,0,0,2.24927,0.184873,1.70866,0.66528,12.849,1,0.522415,0.36288,0,58.0145,4.15769,53.6973,0.84672,12.849,0.84672,3695.15,0,18.483,0.107245,3.45368,1.76846,18.8651,1.01543,22.9646,0.42336,0,0,18.483,0.42336,442.007,0,1.02816,0,0,4.48184,3.45368,1.028160,1,0,78.3705,0,0,0,78.3705,0
69.4051,2.77163,0,0,4.23143,0.270297,0.36288,3.6288,61.308,0.355881,0,0,2.00162,0.184873,1.46087,0.66528,12.849,1,0.519297,0.36288,0,80.4864,4.15769,76.1722,0.84672,12.849,0.84672,3695.15,0,18.483,0.10729,2.63082,1.76869,16.9971,1.01543,20.2739,0.42336,0,0,18.483,0.42336,442.007,0,1.02816,0,0,3.65898,2.63082,1.028160,1,0,97.907,0,0,0,97.907,0
70.0259,2.77721,0,0,4.03292,0.272041,0.36288,3.6288,61.308,0.356031,0,0,2.10722,0.184873,1.56632,0.66528,12.849,1,0.514146,0.36288,0,67.5742,4.15769,63.2653,0.84672,12.849,0.84672,3695.15,0,18.483,0.107335,2.75745,1.76892,16.9456,1.01543,20.3492,0.42336,0,0,18.483,0.42336,442.007,0,1.02816,0,0,3.78561,2.75745,1.028160,1,0,85.1808,0,0,0,85.1808,0
70.9891,2.78142,0,0,4.39016,0.282644,0.36288,3.6288,61.308,0.35618,0,0,2.14821,0.1521,1.63993,0.66528,12.849,1,0.510361,0.36288,0,59.028,3.68686,55.1936,0.84672,12.849,0.84672,3695.15,0,18.483,0.10738,2.33528,1.76915,16.5802,0.775013,19.8023,0.42336,0,0,18.483,0.42336,442.007,0,1.02816,0,0,3.36344,2.33528,1.028160,1,0,76.6358,0,0,0,76.6358,0
77.5804,2.78729,0,0,10.0145,0.273004,0.36288,3.6288,61.308,0.35618,0,0,3.38494,0.182635,2.84612,0.66528,12.849,1,0.504498,0.36288,0,104.867,4.35759,100.368,0.84672,12.849,0.84672,3695.15,0,18.483,0.10738,4.16368,1.76938,23.7493,0.998232,28.5767,0.42336,0,0,18.483,0.42336,442.007,0,1.02816,0,0,5.19184,4.16368,1.028160,1,0,131.791,0,0,0,131.791,0
82.4902,2.91289,0,0,8.56094,0.37533,0.36288,3.6288,61.308,0.393388,0,0,2.16524,0.223971,1.54788,0.66528,12.849,1,0.482438,0.36288,0,97.1041,5.12547,91.8591,0.84672,12.849,0.84672,3695.15,0,18.483,0.118598,2.46502,1.76938,12.9781,1.30088,15.793,0.42336,0,0,18.483,0.42336,442.007,0,1.02816,0,0,3.49318,2.46502,1.028160,1,0,109.2,0,0,0,109.2,0
85.9746,2.93809,0,0,7.17898,0.393639,0.36288,3.6288,61.308,0.393531,0,0,1.6069,0.223971,0.989399,0.66528,12.849,1,0.457649,0.36288,0,113.107,5.12547,107.887,0.84672,12.849,0.84672,3695.15,0,18.483,0.118641,1.45043,1.8262,12.6239,1.30088,14.481,0.42336,0,0,18.483,0.42336,442.007,0,1.02816,0,0,2.47859,1.45043,1.028160,1,0,123.357,0,0,0,123.357,0
87.6481,2.95459,0,0,5.39982,0.408848,0.36288,3.6288,61.308,0.393674,0,0,1.298,0.222217,0.682105,0.66528,12.849,1,0.441566,0.36288,0,98.3111,5.02956,93.2029,0.84672,12.849,0.84672,3695.15,0,18.483,0.118684,1.00177,1.82642,9.18397,1.27506,10.6184,0.42336,0,0,18.483,0.42336,442.007,0,1.02816,0,0,2.02993,1.00177,1.028160,1,0,104.503,0,0,0,104.503,0
88.8636,2.9623,0,0,4.95593,0.415265,0.36288,3.6288,61.308,0.393817,0,0,1.15072,0.193179,0.563722,0.66528,12.849,1,0.434266,0.36288,0,74.8361,4.22538,70.5393,0.84672,12.849,0.84672,3695.15,0,18.483,0.118727,0.780036,1.82664,6.98289,1.08717,8.38368,0.42336,0,0,18.483,0.42336,442.007,0,1.02816,0,0,1.8082,0.780036,1.028160,1,0,79.4867,0,0,0,79.4867,0
87.2782,3.25732,0,0,2.44836,0.413605,0.36288,3.6288,61.308,0.533168,0,0,1.88884,0.198702,1.15697,0.66528,12.849,1,0.470984,0.36288,0,47.2886,3.89476,43.2858,0.84672,12.849,0.84672,3695.15,0,18.483,0.160738,2.08791,1.82686,9.61092,1.00975,12.3552,0.42336,0,0,18.483,0.42336,442.007,0,1.02816,0,0,3.11607,2.08791,1.028160,1,0,56.7979,0,0,0,56.7979,0
91.2214,3.25026,0,0,7.96417,0.407747,0.36288,3.6288,61.308,0.533328,0,0,1.73642,0.198702,1.00439,0.66528,12.849,1,0.478499,0.36288,0,101.174,3.89476,97.1632,0.84672,12.849,0.84672,3695.15,0,18.483,0.160787,2.66858,2.02915,13.1515,1.00975,16.6787,0.42336,0,0,18.483,0.42336,442.007,0,1.02816,0,0,3.69674,2.66858,1.028160,1,0,114.846,0,0,0,114.846,0
90.7742,3.26878,0,0,3.60672,0.422318,0.36288,3.6288,61.308,0.533488,0,0,1.12184,0.198702,0.389654,0.66528,12.849,1,0.460424,0.36288,0,52.846,3.89476,48.8537,0.84672,12.849,0.84672,3695.15,0,18.483,0.160835,1.34507,2.0294,8.06717,1.00975,10.271,0.42336,0,0,18.483,0.42336,442.007,0,1.02816,0,0,2.37323,1.34507,1.028160,1,0,59.5144,0,0,0,59.5144,0
91.4824,3.26719,0,0,4.72264,0.384399,0.36288,3.6288,61.308,0.533648,0,0,1.09865,0.204362,0.360636,0.66528,12.849,1,0.462468,0.36288,0,51.5272,3.72091,47.7067,0.84672,12.849,0.84672,3695.15,0,18.483,0.160883,1.19758,2.02964,7.9944,0.926681,10.1341,0.42336,0,0,18.483,0.42336,442.007,0,1.02816,0,0,2.22574,1.19758,1.028160,1,0,58.2014,0,0,0,58.2014,0
97.506,2.85614,0,0,17.0582,0.58149,7.59694,3.6288,61.308,0.346899,0,0,6.443,0.15181,5.94429,0.66528,12.849,1,0.401154,7.59694,0,200.898,3.2026,204.891,0.84672,12.849,0.84672,3695.15,0,18.483,0.104582,9.76211,2.02989,32.7409,0.779729,43.6486,0.42336,0,0,18.483,0.42336,442.007,0,1.02816,0,0,10.7903,9.76211,1.028160,1,0,254.484,0,0,0,254.484,0
97.506,2.87838,0,0,13.6187,0.612068,10.1283,3.6288,61.308,0.347036,0,0,4.38452,0.15181,3.88568,0.66528,12.849,1,0.379303,10.1283,0,210.993,3.2026,217.539,0.84672,12.849,0.84672,3695.15,0,18.483,0.104624,7.63629,1.75359,24.3642,0.779729,32.8697,0.42336,0,0,18.483,0.42336,442.007,0,1.02816,0,0,8.66445,7.63629,1.028160,1,0,254.295,0,0,0,254.295,0
97.506,2.87873,0,0,11.83,0.612068,8.33918,3.6288,61.308,0.347174,0,0,3.20042,0.15181,2.70144,0.66528,12.849,1,0.379349,8.33918,0,214.023,3.2026,218.78,0.84672,12.849,0.84672,3695.15,0,18.483,0.104665,4.71789,1.7538,18.0906,0.779729,23.6779,0.42336,0,0,18.483,0.42336,442.007,0,1.02816,0,0,5.74605,4.71789,1.028160,1,0,245.16,0,0,0,245.16,0
97.506,2.87908,0,0,8.89635,0.471059,5.54621,3.6288,61.308,0.347311,0,0,2.18621,0.194973,1.64393,0.66528,12.849,1,0.379395,5.54621,0,134.432,3.8551,135.744,0.84672,12.849,0.84672,3695.15,0,18.483,0.104707,2.78839,1.75401,12.2259,0.992658,15.671,0.42336,0,0,18.483,0.42336,442.007,0,1.02816,0,0,3.81655,2.78839,1.028160,1,0,153.059,0,0,0,153.059,0
97.506,2.87943,0,0,11.809,0.567687,8.36187,3.6288,61.308,0.347448,0,0,5.27937,0.174432,4.75749,0.66528,12.849,1,0.379441,8.36187,0,168.181,3.31522,172.848,0.84672,12.849,0.84672,3695.15,0,18.483,0.104748,5.3607,1.75422,19.3155,0.906009,25.4197,0.42336,0,0,18.483,0.42336,442.007,0,1.02816,0,0,6.38886,5.3607,1.028160,1,0,203.025,0,0,0,203.025,0
97.506,2.98499,0,0,7.83104,0.629987,4.21606,3.6288,61.308,0.393338,0,0,2.61402,0.1652,2.05549,0.66528,12.849,1,0.393352,4.21606,0,116.331,2.97245,117.181,0.84672,12.849,0.84672,3695.15,0,18.483,0.118583,3.09325,1.75443,15.5092,0.840971,19.3974,0.42336,0,0,18.483,0.42336,442.007,0,1.02816,0,0,4.12141,3.09325,1.028160,1,0,138.634,0,0,0,138.634,0
97.506,2.98536,0,0,7.06951,0.614636,3.46952,3.6288,61.308,0.393481,0,0,2.86387,0.169958,2.30043,0.66528,12.849,1,0.3934,3.46952,0,126.755,3.03062,126.8,0.84672,12.849,0.84672,3695.15,0,18.483,0.118626,3.21898,1.82297,16.2288,0.852421,20.2997,0.42336,0,0,18.483,0.42336,442.007,0,1.02816,0,0,4.24714,3.21898,1.028160,1,0,149.4,0,0,0,149.4,0
97.506,2.98572,0,0,6.83061,0.522534,3.32236,3.6288,61.308,0.393624,0,0,3.03933,0.198504,2.4472,0.66528,12.849,1,0.393447,3.32236,0,103.278,3.37964,102.828,0.84672,12.849,0.84672,3695.15,0,18.483,0.118669,3.40311,1.82319,16.5184,0.921123,20.7049,0.42336,0,0,18.483,0.42336,442.007,0,1.02816,0,0,4.43127,3.40311,1.028160,1,0,125.98,0,0,0,125.98,0
97.506,2.98608,0,0,6.27897,0.492547,2.80035,3.6288,61.308,0.393767,0,0,1.79395,0.207357,1.19283,0.66528,12.849,1,0.393495,2.80035,0,88.1142,3.78796,86.7331,0.84672,12.849,0.84672,3695.15,0,18.483,0.118712,2.2537,1.82341,11.9119,0.978844,14.8914,0.42336,0,0,18.483,0.42336,442.007,0,1.02816,0,0,3.28186,2.2537,1.028160,1,0,102.817,0,0,0,102.817,0
97.506,2.94528,0,0,6.50281,0.452565,3.10497,3.6288,61.308,0.376132,0,0,1.38941,0.219162,0.794114,0.66528,12.849,1,0.388118,3.10497,0,113.6,4.3324,111.984,0.84672,12.849,0.84672,3695.15,0,18.483,0.113395,1.65583,1.82363,11.1275,1.05581,13.4377,0.42336,0,0,18.483,0.42336,442.007,0,1.02816,0,0,2.68399,1.65583,1.028160,1,0,126.216,0,0,0,126.216,0
97.506,2.94563,0,0,6.15082,0.452565,2.75263,3.6288,61.308,0.376272,0,0,1.26821,0.219162,0.672771,0.66528,12.849,1,0.388165,2.75263,0,100.468,4.3324,98.4997,0.84672,12.849,0.84672,3695.15,0,18.483,0.113438,1.1736,1.79724,10.1691,1.05581,11.9707,0.42336,0,0,18.483,0.42336,442.007,0,1.02816,0,0,2.20176,1.1736,1.028160,1,0,111.143,0,0,0,111.143,0
97.506,2.94599,0,0,5.64888,0.452565,2.25032,3.6288,61.308,0.376413,0,0,1.1837,0.219162,0.588122,0.66528,12.849,1,0.388212,2.25032,0,92.1577,4.3324,89.6874,0.84672,12.849,0.84672,3695.15,0,18.483,0.11348,1.12001,1.79746,8.607,1.05581,10.3552,0.42336,0,0,18.483,0.42336,442.007,0,1.02816,0,0,2.14817,1.12001,1.028160,1,0,100.631,0,0,0,100.631,0
97.506,2.94634,0,0,5.22714,0.388006,1.89279,3.6288,61.308,0.376554,0,0,1.11828,0.250724,0.490997,0.66528,12.849,1,0.388259,1.89279,0,81.0372,4.60212,77.9396,0.84672,12.849,0.84672,3695.15,0,18.483,0.113523,1.05111,1.79768,8.62583,1.04711,10.314,0.42336,0,0,18.483,0.42336,442.007,0,1.02816,0,0,2.07927,1.05111,1.028160,1,0,88.7445,0,0,0,88.7445,0
97.506,3.08648,0,0,5.41833,0.301403,2.03045,3.6288,61.308,0.439772,0,0,1.06974,0.218653,0.411311,0.66528,12.849,1,0.406726,2.03045,0,64.9771,5.09208,61.5088,0.84672,12.849,0.84672,3695.15,0,18.483,0.132582,0.809404,1.79789,8.36084,1.03421,9.80135,0.42336,0,0,18.483,0.42336,442.007,0,1.02816,0,0,1.83756,0.809404,1.028160,1,0,71.7214,0,0,0,71.7214,0
97.506,3.08685,0,0,5.27157,0.301403,1.88332,3.6288,61.308,0.439921,0,0,1.0851,0.218653,0.426524,0.66528,12.849,1,0.406775,1.88332,0,61.7417,5.09208,58.1262,0.84672,12.849,0.84672,3695.15,0,18.483,0.132626,0.958366,1.89118,7.96185,1.03421,9.64456,0.42336,0,0,18.483,0.42336,442.007,0,1.02816,0,0,1.98653,0.958366,1.028160,1,0,68.1973,0,0,0,68.1973,0
97.506,3.08723,0,0,4.78652,0.335221,1.36407,3.6288,61.308,0.440069,0,0,1.02139,0.213386,0.367932,0.66528,12.849,1,0.406824,1.36407,0,58.1871,4.75362,54.3907,0.84672,12.849,0.84672,3695.15,0,18.483,0.132671,0.897523,1.89141,7.28438,1.04726,8.89339,0.42336,0,0,18.483,0.42336,442.007,0,1.02816,0,0,1.92568,0.897523,1.028160,1,0,63.6521,0,0,0,63.6521,0
97.506,3.0876,0,0,4.56221,0.284177,1.19043,3.6288,61.308,0.440218,0,0,1.01939,0.226039,0.353134,0.66528,12.849,1,0.406873,1.19043,0,54.1469,4.62799,50.3024,0.84672,12.849,0.84672,3695.15,0,18.483,0.132716,0.952577,1.89164,7.08031,1.09514,8.69667,0.42336,0,0,18.483,0.42336,442.007,0,1.02816,0,0,1.98074,0.952577,1.028160,1,0,59.3522,0,0,0,59.3522,0
97.506,3.08797,0,0,4.06274,0.224573,0.750199,3.6288,61.308,0.440366,0,0,0.939479,0.232336,0.266777,0.66528,12.849,1,0.406922,0.750199,0,53.5836,4.59854,49.3284,0.84672,12.849,0.84672,3695.15,0,18.483,0.132761,0.727203,1.89187,6.12121,1.01287,7.59465,0.42336,0,0,18.483,0.42336,442.007,0,1.02816,0,0,1.75536,0.727203,1.028160,1,0,57.1898,0,0,0,57.1898,0
97.506,3.06068,0,0,3.82336,0.215428,0.547243,3.6288,61.308,0.475204,0,0,0.890335,0.237646,0.177485,0.66528,12.849,1,0.403326,0.547243,0,51.9153,4.65687,47.4024,0.84672,12.849,0.84672,3695.15,0,18.483,0.143263,0.714537,1.8921,5.87326,1.00528,7.33134,0.42336,0,0,18.483,0.42336,442.007,0,1.02816,0,0,1.7427,0.714537,1.028160,1,0,54.9112,0,0,0,54.9112,0
97.2791,3.06105,0,0,3.36344,0.166429,0.36288,3.6288,61.308,0.475357,0,0,0.842486,0.2816,0.0855296,0.66528,12.849,1,0.403375,0.36288,0,49.1179,5.44398,43.6334,0.84672,12.849,0.84672,3695.15,0,18.483,0.143309,0.49559,1.92134,5.63699,1.27608,6.63453,0.42336,0,0,18.483,0.42336,442.007,0,1.02816,0,0,1.52375,0.49559,1.028160,1,0,50.3535,0,0,0,50.3535,0
96.9095,3.06059,0,0,3.22094,0.166999,0.36288,3.6288,61.308,0.475509,0,0,0.818389,0.274901,0.0679786,0.66528,12.849,1,0.404255,0.36288,0,45.0457,5.78298,39.2213,0.84672,12.849,0.84672,3695.15,0,18.483,0.143356,0.616032,1.92157,5.56727,1.40182,6.5597,0.42336,0,0,18.483,0.42336,442.007,0,1.02816,0,0,1.64419,0.616032,1.028160,1,0,45.849,0,0,0,45.849,0
96.2445,3.0596,0,0,2.91884,0.161418,0.36288,3.6288,61.2698,0.475662,0,0,0.728517,0.291081,0,0.66528,12.849,1,0.405665,0.36288,0,39.1332,5.86557,33.2249,0.84672,12.849,0.84672,3695.15,0,18.483,0.143402,0.512395,1.9218,5.22718,1.4423,6.07568,0.42336,0,0,18.483,0.42336,442.007,0,1.02816,0,0,1.54056,0.512395,1.028160,1,0,39.3006,0,0,0,39.3006,0
95.558,3.12885,0,0,2.95314,0.147923,0.36288,3.6288,61.2208,0.506672,0,0,0.789154,0.33145,0,0.66528,12.849,1,0.417714,0.36288,0,41.5999,6.07204,35.473,0.84672,12.849,0.84672,3695.15,0,18.483,0.152846,0.510252,1.92204,4.91733,1.54351,5.65326,0.42336,0,0,18.483,0.42336,442.007,0,1.02816,0,0,1.53841,0.510252,1.028160,1,0,41.1263,0,0,0,41.1263,0
94.64,3.12658,0,0,2.71852,0.147072,0.36288,3.6288,61.0517,0.506735,0,0,0.669021,0.331347,0,0.66528,12.849,1,0.420409,0.36288,0,34.1693,6.07204,28.0397,0.84672,12.849,0.84672,3695.15,0,18.483,0.152987,0.603513,1.96853,4.75457,1.54351,5.63012,0.42336,0,0,18.483,0.42336,442.007,0,1.02816,0,0,1.63167,0.603513,1.028160,1,0,33.6698,0,0,0,33.6698,0
93.497,3.12337,0,0,2.48923,0.145934,0.36288,3.6288,60.8338,0.506566,0,0,0.619652,0.330993,0,0.66528,12.849,1,0.424051,0.36288,0,32.4778,6.07204,26.3445,0.84672,12.849,0.84672,3695.15,0,18.483,0.153359,0.366647,1.96876,4.17923,1.54351,4.81777,0.42336,0,0,18.483,0.42336,442.007,0,1.02816,0,0,1.39481,0.366647,1.028160,1,0,31.1623,0,0,0,31.1623,0
92.5167,3.11919,0,0,2.63003,0.128224,0.36288,3.6288,60.7032,0.506301,0,0,0.711357,0.335701,0,0.66528,12.849,1,0.42866,0.36288,0,31.8531,6.2216,25.5657,0.84672,12.849,0.84672,3695.15,0,18.483,0.153828,0.645615,1.969,5.52861,1.57339,6.41601,0.42336,0,0,18.483,0.42336,442.007,0,1.02816,0,0,1.67378,0.645615,1.028160,1,0,31.9817,0,0,0,31.9817,0
91.6582,3.32365,0,0,2.95828,0.130263,0.36288,3.6288,60.3674,0.617644,0,0,0.585626,0.303795,0,0.66528,12.849,1,0.461599,0.36288,0,28.164,5.81427,22.251,0.84672,12.849,0.84672,3695.15,0,18.483,0.188061,0.290485,1.96924,4.44935,1.47901,5.042,0.42336,0,0,18.483,0.42336,442.007,0,1.02816,0,0,1.31865,0.290485,1.028160,1,0,27.293,0,0,0,27.293,0
91.2163,3.32026,0,0,3.36389,0.122683,0.36288,3.6288,60.1395,0.617012,0,0,0.696002,0.306841,0,0.66528,12.849,1,0.465447,0.36288,0,35.2333,5.81962,29.3111,0.84672,12.849,0.84672,3695.15,0,18.483,0.188914,0.551664,2.1262,4.51254,1.47289,5.5286,0.42336,0,0,18.483,0.42336,442.007,0,1.02816,0,0,1.57982,0.551664,1.028160,1,0,34.8397,0,0,0,34.8397,0
90.0701,3.31869,0,0,2.6576,0.12221,0.36288,3.6288,59.6475,0.693713,0,0,0.50805,0.306396,0,0.66528,12.849,1,0.46748,0.36288,0,36.3597,5.81962,30.4355,0.84672,12.849,0.84672,3695.15,0,18.483,0.213203,0.204422,2.12646,3.57562,1.47289,4.2204,0.42336,0,0,18.483,0.42336,442.007,0,0.927392,0,0,1.13181,0.204422,1.028160,1,0,34.6559,0,0,0,34.6559,0
89.5639,3.31388,0,0,3.29148,0.120984,0.36288,3.6288,59.5716,0.615609,0,0,0.845221,0.305436,0,0.66528,12.849,1,0.472743,0.36288,0,32.2231,5.81962,26.2936,0.84672,12.849,0.84672,3695.15,0,18.483,0.190759,0.990533,2.12671,5.37309,1.47289,6.82668,0.42336,0,0,18.483,0.42336,442.007,0,1.02816,0,0,2.01869,0.990533,1.028160,1,0,33.1202,0,0,0,33.1202,0
88.4483,3.31194,0,0,2.65592,0.0966108,0.36288,3.6288,59.4026,0.615593,0,0,0.725565,0.27899,0,0.66528,12.849,1,0.475137,0.36288,0,27.1501,5.24616,21.7917,0.84672,12.849,0.84672,3695.15,0,18.483,0.190997,0.555431,2.12697,4.68716,1.28527,5.89329,0.42336,0,0,18.483,0.42336,442.007,0,1.02816,0,0,1.58359,0.555431,1.028160,1,0,27.6849,0,0,0,27.6849,0
87.1718,3.2062,0,0,2.36698,0.0744267,0.36288,3.6288,59.2556,0.548011,0,0,0.671898,0.270908,0,0.66528,12.849,1,0.465769,0.36288,0,23.6513,5.13954,18.4089,0.84672,12.849,0.84672,3695.15,0,18.483,0.170512,0.281137,2.12723,4.00377,1.27048,4.97114,0.42336,0,0,18.483,0.42336,442.007,0,1.02816,0,0,1.3093,0.281137,1.028160,1,0,23.38,0,0,0,23.38,0
85.9734,3.20065,0,0,2.46953,0.104428,0.36288,3.6288,59.0989,0.547849,0,0,0.646834,0.255688,0,0.66528,12.849,1,0.471771,0.36288,0,22.7336,4.93191,17.6928,0.84672,12.849,0.84672,3695.15,0,18.483,0.170885,0.241039,2.03762,4.02909,1.20558,4.93128,0.42336,0,0,18.483,0.42336,442.007,0,1.02816,0,0,1.2692,0.241039,1.028160,1,0,22.624,0,0,0,22.624,0
89.2928,3.19531,0,0,7.164,0.286402,0.36288,3.6288,59.9097,0.547664,0,0,1.52424,0.165734,0,0.66528,12.849,1,0.47755,0.36288,0,68.5201,3.68613,64.7193,0.84672,12.849,0.84672,3695.15,0,18.483,0.17128,0.927755,2.03786,10.5824,0.816192,12.5606,0.42336,0,0,18.483,0.42336,442.007,0,1.02816,0,0,1.95591,0.927755,1.028160,1,0,77.2799,0,0,0,77.2799,0
90.884,3.21122,0,0,5.45826,0.292993,0.36288,3.6288,60.702,0.549597,0,0,1.52042,0.178598,0,0.66528,12.849,1,0.462086,0.36288,0,61.6667,3.91434,57.6532,0.84672,12.849,0.84672,3695.15,0,18.483,0.169558,1.82465,2.03811,7.56861,0.879886,10.3819,0.42336,0,0,18.483,0.42336,442.007,0,1.02816,0,0,2.85281,1.82465,1.028160,1,0,68.0351,0,0,0,68.0351,0
97.3622,3.13555,0,0,10.2609,0.284193,0.36288,3.6288,61.308,0.489819,0,0,3.07429,0.251877,1.72657,0.66528,12.849,1,0.443298,0.36288,0,131.411,5.2836,126.047,0.84672,12.849,0.84672,3695.15,0,18.483,0.149144,3.26672,2.03835,17.5813,1.26205,21.4752,0.42336,0,0,18.483,0.42336,442.007,0,1.02816,0,0,4.29488,3.26672,1.028160,1,0,149.249,0,0,0,149.249,0
97.506,3.16199,0,0,6.9902,0.498867,3.18555,3.6288,61.308,0.491106,0,0,1.50619,0.185296,0.829784,0.66528,12.849,1,0.417291,3.18555,0,130.312,3.75469,129.326,0.84672,12.849,0.84672,3695.15,0,18.483,0.148058,1.27323,1.95869,12.0878,0.916477,14.2552,0.42336,0,0,18.483,0.42336,442.007,0,1.02816,0,0,2.30139,1.27323,1.028160,1,0,144.41,0,0,0,144.41,0
97.506,3.16291,0,0,11.4362,0.499463,7.77388,3.6288,61.308,0.49126,0,0,2.30024,0.185296,1.62368,0.66528,12.849,1,0.416797,7.77388,0,157.308,3.75469,160.911,0.84672,12.849,0.84672,3695.15,0,18.483,0.148104,2.22255,1.95893,15.2799,0.916477,18.3968,0.42336,0,0,18.483,0.42336,442.007,0,1.02816,0,0,3.25071,2.22255,1.028160,1,0,180.931,0,0,0,180.931,0
97.506,3.16329,0,0,8.87786,0.499463,5.2151,3.6288,61.308,0.491415,0,0,2.00634,0.185296,1.32963,0.66528,12.849,1,0.416848,5.2151,0,149.706,3.75469,150.75,0.84672,12.849,0.84672,3695.15,0,18.483,0.148151,1.84182,1.95917,13.7247,0.916477,16.4611,0.42336,0,0,18.483,0.42336,442.007,0,1.02816,0,0,2.86998,1.84182,1.028160,1,0,168.54,0,0,0,168.54,0
97.2689,2.92541,0,0,3.53691,0.485697,0.36288,3.6288,61.308,0.362841,0,0,1.12132,0.227256,0.53122,0.66528,12.849,1,0.385501,0.36288,0,65.7981,4.44157,61.3339,0.84672,12.849,0.84672,3695.15,0,18.483,0.109388,3.99455,1.9594,13.1061,1.02018,17.9305,0.42336,0,0,18.483,0.42336,442.007,0,1.02816,0,0,5.02271,3.99455,1.028160,1,0,79.7956,0,0,0,79.7956,0
97.506,2.92494,0,0,4.44832,0.482452,0.80385,3.6288,61.308,0.36298,0,0,1.06666,0.234249,0.469431,0.66528,12.849,1,0.386377,0.80385,0,84.4983,4.55606,80.3597,0.84672,12.849,0.84672,3695.15,0,18.483,0.10943,3.98061,1.77967,13.9965,1.03747,18.6098,0.42336,0,0,18.483,0.42336,442.007,0,1.02816,0,0,5.00877,3.98061,1.028160,1,0,99.4389,0,0,0,99.4389,0
97.506,2.92612,0,0,18.856,0.483402,15.4465,3.6288,61.308,0.363119,0,0,8.20026,0.234249,7.60289,0.66528,12.849,1,0.385594,15.4465,0,347.114,4.55606,357.619,0.84672,12.849,0.84672,3695.15,0,18.483,0.109472,4.78565,1.77988,39.2234,1.03747,44.6419,0.42336,0,0,18.483,0.42336,442.007,0,1.02816,0,0,5.81381,4.78565,1.028160,1,0,409.863,0,0,0,409.863,0
97.506,2.92647,0,0,8.92291,0.407561,5.58888,3.6288,61.308,0.363258,0,0,3.21821,0.222736,2.63222,0.66528,12.849,1,0.38564,5.58888,0,167.425,3.73894,168.889,0.84672,12.849,0.84672,3695.15,0,18.483,0.109514,4.58147,1.7801,20.0991,0.861717,25.4894,0.42336,0,0,18.483,0.42336,442.007,0,1.02816,0,0,5.60963,4.58147,1.028160,1,0,197.011,0,0,0,197.011,0
97.506,2.92682,0,0,6.51985,0.377495,3.21553,3.6288,61.308,0.363397,0,0,2.20524,0.238009,1.60383,0.66528,12.849,1,0.385687,3.21553,0,138.191,3.96126,137.059,0.84672,12.849,0.84672,3695.15,0,18.483,0.109556,4.00573,1.78031,16.7589,0.960558,21.4748,0.42336,0,0,18.483,0.42336,442.007,0,1.02816,0,0,5.03389,4.00573,1.028160,1,0,160.138,0,0,0,160.138,0
97.506,3.01886,0,0,7.76045,0.404162,4.33743,3.6288,61.308,0.400828,0,0,2.40905,0.201638,1.80658,0.66528,12.849,1,0.397815,4.33743,0,135.495,3.58794,135.847,0.84672,12.849,0.84672,3695.15,0,18.483,0.120841,3.11141,1.78052,16.2755,1.02545,20.0212,0.42336,0,0,18.483,0.42336,442.007,0,1.02816,0,0,4.13957,3.11141,1.028160,1,0,157.674,0,0,0,157.674,0
97.506,3.0192,0,0,9.10509,0.39346,5.69244,3.6288,61.308,0.40096,0,0,2.05261,0.165596,1.48606,0.66528,12.849,1,0.397859,5.69244,0,158.083,2.80413,160.574,0.84672,12.849,0.84672,3695.15,0,18.483,0.12088,2.73944,1.83768,16.8867,0.803558,20.5394,0.42336,0,0,18.483,0.42336,442.007,0,1.02816,0,0,3.7676,2.73944,1.028160,1,0,182.599,0,0,0,182.599,0
97.506,3.01953,0,0,6.71501,0.39346,3.30202,3.6288,61.308,0.401092,0,0,1.99557,0.165596,1.42888,0.66528,12.849,1,0.397903,3.30202,0,108.019,2.80413,108.119,0.84672,12.849,0.84672,3695.15,0,18.483,0.12092,2.81585,1.83789,13.0394,0.803558,16.7687,0.42336,0,0,18.483,0.42336,442.007,0,1.02816,0,0,3.84401,2.81585,1.028160,1,0,126.317,0,0,0,126.317,0
97.506,3.01987,0,0,10.3753,0.39346,6.96193,3.6288,61.308,0.401224,0,0,2.33418,0.165596,1.76736,0.66528,12.849,1,0.397947,6.96193,0,139.62,2.80413,143.38,0.84672,12.849,0.84672,3695.15,0,18.483,0.12096,3.21551,1.83809,17.7157,0.803558,21.8448,0.42336,0,0,18.483,0.42336,442.007,0,1.02816,0,0,4.24367,3.21551,1.028160,1,0,166.992,0,0,0,166.992,0
97.4539,3.31478,0,0,4.08342,0.457869,0.36288,3.6288,61.308,0.541433,0,0,1.69916,0.145126,1.0126,0.66528,12.849,1,0.436811,0.36288,0,83.6646,3.37754,80.2131,0.84672,12.849,0.84672,3695.15,0,18.483,0.16323,2.03704,1.83829,11.9135,0.819425,14.8062,0.42336,0,0,18.483,0.42336,442.007,0,1.02816,0,0,3.0652,2.03704,1.028160,1,0,96.0319,0,0,0,96.0319,0
97.506,3.31494,0,0,4.24061,0.457671,0.41588,3.6288,61.308,0.541581,0,0,1.63541,0.145126,0.948698,0.66528,12.849,1,0.437065,0.41588,0,81.3136,3.37754,77.9149,0.84672,12.849,0.84672,3695.15,0,18.483,0.163275,1.72203,2.04183,9.5923,0.819425,12.3735,0.42336,0,0,18.483,0.42336,442.007,0,1.02816,0,0,2.75019,1.72203,1.028160,1,0,91.2371,0,0,0,91.2371,0
96.9882,3.31552,0,0,3.59832,0.437761,0.36288,3.6288,61.308,0.541728,0,0,1.86748,0.164531,1.16122,0.66528,12.849,1,0.436907,0.36288,0,74.793,3.96516,70.7538,0.84672,12.849,0.84672,3695.15,0,18.483,0.163319,1.92189,2.04205,10.9149,1.01143,13.7041,0.42336,0,0,18.483,0.42336,442.007,0,1.02816,0,0,2.95005,1.92189,1.028160,1,0,85.6192,0,0,0,85.6192,0
97.2108,3.31383,0,0,4.28958,0.390262,0.36288,3.6288,61.308,0.541876,0,0,1.71739,0.169893,1.00562,0.66528,12.849,1,0.439016,0.36288,0,78.0002,4.55331,73.3707,0.84672,12.849,0.84672,3695.15,0,18.483,0.163364,2.03674,2.04228,13.013,1.20109,15.7275,0.42336,0,0,18.483,0.42336,442.007,0,1.02816,0,0,3.0649,2.03674,1.028160,1,0,90.1039,0,0,0,90.1039,0
97.506,2.89487,0,0,5.51966,0.525582,1.80398,3.6288,61.308,0.353955,0,0,1.97033,0.164795,1.45158,0.66528,12.849,1,0.382635,1.80398,0,104.581,4.46796,101.535,0.84672,12.849,0.84672,3695.15,0,18.483,0.106709,2.58368,2.04251,11.7415,1.14519,15.1158,0.42336,0,0,18.483,0.42336,442.007,0,1.02816,0,0,3.61184,2.58368,1.028160,1,0,118.102,0,0,0,118.102,0
97.506,2.89622,0,0,4.89956,0.526522,1.47682,3.6288,61.308,0.354081,0,0,1.79444,0.141286,1.29907,0.66528,12.849,1,0.381653,1.47682,0,91.8104,4.27045,88.6351,0.84672,12.849,0.84672,3695.15,0,18.483,0.106748,2.52881,1.76447,11.6583,1.04988,14.7949,0.42336,0,0,18.483,0.42336,442.007,0,1.02816,0,0,3.55697,2.52881,1.028160,1,0,104.729,0,0,0,104.729,0
97.506,2.89654,0,0,5.91384,0.526522,2.49078,3.6288,61.308,0.354208,0,0,1.75592,0.141286,1.26042,0.66528,12.849,1,0.381696,2.49078,0,113.073,4.27045,110.912,0.84672,12.849,0.84672,3695.15,0,18.483,0.106786,2.19567,1.76467,11.5121,1.04988,14.3158,0.42336,0,0,18.483,0.42336,442.007,0,1.02816,0,0,3.22383,2.19567,1.028160,1,0,126.488,0,0,0,126.488,0
97.506,2.89686,0,0,4.80431,0.534755,1.37269,3.6288,61.308,0.354335,0,0,1.57881,0.147682,1.0768,0.66528,12.849,1,0.381738,1.37269,0,89.8957,4.08544,86.8013,0.84672,12.849,0.84672,3695.15,0,18.483,0.106824,1.69307,1.76486,9.74203,1.04958,12.0436,0.42336,0,0,18.483,0.42336,442.007,0,1.02816,0,0,2.72123,1.69307,1.028160,1,0,99.9216,0,0,0,99.9216,0
97.506,2.89718,0,0,5.00287,0.554877,1.55081,3.6288,61.308,0.354462,0,0,1.92814,0.164402,1.40927,0.66528,12.849,1,0.38178,1.55081,0,95.3813,4.09182,92.4585,0.84672,12.849,0.84672,3695.15,0,18.483,0.106862,2.32423,1.76506,13.4775,1.01973,16.4402,0.42336,0,0,18.483,0.42336,442.007,0,1.02816,0,0,3.35239,2.32423,1.028160,1,0,110.308,0,0,0,110.308,0
97.506,3.00337,0,0,5.57948,0.554534,2.02157,3.6288,61.308,0.400623,0,0,2.2624,0.164948,1.69683,0.66528,12.849,1,0.395774,2.02157,0,108.46,4.44349,105.642,0.84672,12.849,0.84672,3695.15,0,18.483,0.120779,3.55725,1.76525,15.8584,0.997906,20.0622,0.42336,0,0,18.483,0.42336,442.007,0,1.02816,0,0,4.58541,3.55725,1.028160,1,0,127.401,0,0,0,127.401,0
97.5014,3.0037,0,0,3.91649,0.554534,0.36288,3.6288,61.308,0.400755,0,0,1.69233,0.164948,1.12662,0.66528,12.849,1,0.395818,0.36288,0,73.8176,4.44349,69.3411,0.84672,12.849,0.84672,3695.15,0,18.483,0.120819,1.92243,1.83419,11.9959,0.997906,14.6339,0.42336,0,0,18.483,0.42336,442.007,0,1.02816,0,0,2.95059,1.92243,1.028160,1,0,85.1016,0,0,0,85.1016,0
97.038,3.00402,0,0,3.40192,0.498403,0.36288,3.6288,61.308,0.400887,0,0,1.39484,0.176473,0.817482,0.66528,12.849,1,0.395878,0.36288,0,63.4599,4.50462,58.9223,0.84672,12.849,0.84672,3695.15,0,18.483,0.120858,1.61639,1.83439,9.84347,1.01149,12.1619,0.42336,0,0,18.483,0.42336,442.007,0,1.02816,0,0,2.64455,1.61639,1.028160,1,0,71.9017,0,0,0,71.9017,0
96.2768,3.00268,0,0,3.13535,0.530965,0.36288,3.6288,61.308,0.401019,0,0,1.19985,0.189128,0.609698,0.66528,12.849,1,0.397591,0.36288,0,59.099,4.62033,54.4439,0.84672,12.849,0.84672,3695.15,0,18.483,0.120898,1.29654,1.8346,9.08436,1.02259,11.072,0.42336,0,0,18.483,0.42336,442.007,0,1.02816,0,0,2.3247,1.29654,1.028160,1,0,66.1256,0,0,0,66.1256,0
95.5194,2.95889,0,0,3.02511,0.460753,0.36288,3.6288,61.308,0.383264,0,0,1.147,0.215755,0.547984,0.66528,12.849,1,0.39489,0.36288,0,57.2952,4.16861,53.0946,0.84672,12.849,0.84672,3695.15,0,18.483,0.115545,1.18719,1.8348,10.6315,1.07512,12.4628,0.42336,0,0,18.483,0.42336,442.007,0,1.02816,0,0,2.21535,1.18719,1.028160,1,0,66.1054,0,0,0,66.1054,0
94.8605,2.95646,0,0,3.11821,0.457829,0.36288,3.6288,61.308,0.383394,0,0,1.21046,0.215755,0.611315,0.66528,12.849,1,0.397694,0.36288,0,55.1861,4.16861,50.9827,0.84672,12.849,0.84672,3695.15,0,18.483,0.115585,1.16908,1.80824,9.16773,1.07512,10.9543,0.42336,0,0,18.483,0.42336,442.007,0,1.02816,0,0,2.19724,1.16908,1.028160,1,0,62.5483,0,0,0,62.5483,0
95.3985,2.95435,0,0,4.28493,0.429687,0.36288,3.6288,61.308,0.383524,0,0,1.33117,0.219325,0.728324,0.66528,12.849,1,0.400172,0.36288,0,71.9535,4.27697,67.6392,0.84672,12.849,0.84672,3695.15,0,18.483,0.115624,1.43636,1.80844,9.15719,1.05506,11.2313,0.42336,0,0,18.483,0.42336,442.007,0,1.02816,0,0,2.46452,1.43636,1.028160,1,0,79.5989,0,0,0,79.5989,0
94.4414,2.95667,0,0,2.72987,0.367359,0.36288,3.6288,61.308,0.383654,0,0,1.12315,0.228251,0.511244,0.66528,12.849,1,0.398227,0.36288,0,52.6664,4.54786,48.0832,0.84672,12.849,0.84672,3695.15,0,18.483,0.115663,1.00989,1.80864,8.12324,1.00492,9.82118,0.42336,0,0,18.483,0.42336,442.007,0,1.02816,0,0,2.03805,1.00989,1.028160,1,0,58.4156,0,0,0,58.4156,0
94.004,3.09355,0,0,3.31789,0.2989,0.36288,3.6288,61.308,0.447244,0,0,1.05505,0.236689,0.371115,0.66528,12.849,1,0.420885,0.36288,0,55.08,4.2694,50.7526,0.84672,12.849,0.84672,3695.15,0,18.483,0.134834,1.04927,1.80884,7.36525,1.02264,9.06589,0.42336,0,0,18.483,0.42336,442.007,0,1.02816,0,0,2.07743,1.04927,1.028160,1,0,60.1896,0,0,0,60.1896,0
93.3655,3.09217,0,0,3.10343,0.286913,0.36288,3.6288,61.308,0.447381,0,0,1.05344,0.238095,0.367964,0.66528,12.849,1,0.422655,0.36288,0,54.0259,4.22299,49.7432,0.84672,12.849,0.84672,3695.15,0,18.483,0.134876,0.582682,1.90268,7.222,1.02559,8.54689,0.42336,0,0,18.483,0.42336,442.007,0,1.02816,0,0,1.61084,0.582682,1.028160,1,0,58.658,0,0,0,58.658,0
92.4237,3.08997,0,0,2.79646,0.285348,0.36288,3.6288,61.308,0.447519,0,0,0.938935,0.238095,0.253321,0.66528,12.849,1,0.425243,0.36288,0,48.43,4.22299,44.1447,0.84672,12.849,0.84672,3695.15,0,18.483,0.134917,0.361523,1.90289,6.7932,1.02559,7.8971,0.42336,0,0,18.483,0.42336,442.007,0,1.02816,0,0,1.38968,0.361523,1.028160,1,0,52.2951,0,0,0,52.2951,0
91.2105,3.08651,0,0,2.50642,0.270229,0.36288,3.6288,61.308,0.447656,0,0,0.92823,0.243487,0.237087,0.66528,12.849,1,0.429095,0.36288,0,42.0282,4.3096,37.6524,0.84672,12.849,0.84672,3695.15,0,18.483,0.134958,0.480073,1.9031,6.63511,1.04703,7.8363,0.42336,0,0,18.483,0.42336,442.007,0,1.02816,0,0,1.50823,0.480073,1.028160,1,0,45.7258,0,0,0,45.7258,0
89.6508,3.08184,0,0,2.07956,0.19451,0.36288,3.6288,61.308,0.447793,0,0,0.770118,0.279894,0.042431,0.66528,12.849,1,0.434145,0.36288,0,32.7513,5.02007,27.66,0.84672,12.849,0.84672,3695.15,0,18.483,0.135,0.518884,1.90331,5.35257,1.23177,6.408,0.42336,0,0,18.483,0.42336,442.007,0,1.02816,0,0,1.54704,0.518884,1.028160,1,0,34.1104,0,0,0,34.1104,0
87.8358,3.04803,0,0,1.7901,0.19421,0.36288,3.6288,61.2024,0.482828,0,0,0.660191,0.282935,0,0.66528,12.849,1,0.436852,0.36288,0,27.405,5.16317,22.1678,0.84672,12.849,0.84672,3695.15,0,18.483,0.145562,0.495703,1.90352,4.80628,1.27387,5.78607,0.42336,0,0,18.483,0.42336,442.007,0,1.02816,0,0,1.52386,0.495703,1.028160,1,0,27.9539,0,0,0,27.9539,0
85.8962,3.0405,0,0,1.65484,0.191083,0.36288,3.6288,61.0752,0.482776,0,0,0.638245,0.282747,0,0.66528,12.849,1,0.444777,0.36288,0,27.2394,5.16317,21.9944,0.84672,12.849,0.84672,3695.15,0,18.483,0.145797,0.469921,1.93292,4.87355,1.27387,5.85672,0.42336,0,0,18.483,0.42336,442.007,0,1.02816,0,0,1.49808,0.469921,1.028160,1,0,27.8511,0,0,0,27.8511,0
83.8158,3.03209,0,0,1.50231,0.187741,0.36288,3.6288,60.9129,0.482684,0,0,0.602942,0.282519,0,0.66528,12.849,1,0.453563,0.36288,0,26.4298,5.16317,21.176,0.84672,12.849,0.84672,3695.15,0,18.483,0.146073,0.322972,1.93313,4.58107,1.27387,5.41723,0.42336,0,0,18.483,0.42336,442.007,0,1.02816,0,0,1.35113,0.322972,1.028160,1,0,26.5932,0,0,0,26.5932,0
81.6108,3.02267,0,0,1.35126,0.170739,0.36288,3.6288,60.6381,0.530484,0,0,0.5529,0.297173,0,0.66528,12.849,1,0.463376,0.36288,0,22.5242,5.36039,17.0633,0.84672,12.849,0.84672,3695.15,0,18.483,0.160967,0.261274,1.93335,4.30114,1.34419,4.9906,0.42336,0,0,18.483,0.42336,442.007,0,0.96565,0,0,1.22692,0.261274,1.028160,1,0,22.0539,0,0,0,22.0539,0
79.32,3.08248,0,0,1.29268,0.138108,0.36288,3.6288,60.2413,0.636815,0,0,0.549661,0.309705,0,0.66528,12.849,1,0.485314,0.36288,0,22.1607,5.55566,16.4826,0.84672,12.849,0.84672,3695.15,0,18.483,0.194106,0.261274,1.93356,3.77717,1.40546,4.37244,0.42336,0,0,18.483,0.42336,442.007,0,0.86686,0,0,1.12813,0.261274,1.028160,1,0,20.855,0,0,0,20.855,0
76.9764,3.07076,0,0,1.22514,0.135086,0.36288,3.6288,59.8723,0.551829,0,0,0.491753,0.308925,0,0.66528,12.849,1,0.497431,0.36288,0,19.5809,5.55566,13.8907,0.84672,12.849,0.84672,3695.15,0,18.483,0.16931,0.261274,1.98031,3.94515,1.40546,4.61197,0.42336,0,0,18.483,0.42336,442.007,0,0.97683,0,0,1.2381,0.261274,1.028160,1,0,18.5027,0,0,0,18.5027,0
74.5687,3.05812,0,0,1.14528,0.131994,0.36288,3.6288,59.4123,0.606717,0,0,0.454982,0.308199,0,0.66528,12.849,1,0.510465,0.36288,0,18.6184,5.55566,12.9152,0.84672,12.849,0.84672,3695.15,0,18.483,0.187298,0.227405,1.98053,3.46172,1.40546,4.0769,0.42336,0,0,18.483,0.42336,442.007,0,0.904141,0,0,1.13155,0.227405,1.028160,1,0,16.9921,0,0,0,16.9921,0
72.1625,3.0444,0,0,1.12989,0.128817,0.36288,3.6288,59.0497,0.547586,0,0,0.492248,0.307295,0,0.66528,12.849,1,0.524583,0.36288,0,17.2762,5.55566,11.5588,0.84672,12.849,0.84672,3695.15,0,18.483,0.170352,0.227405,1.98075,3.91485,1.40546,4.5472,0.42336,0,0,18.483,0.42336,442.007,0,0.980407,0,0,1.20781,0.227405,1.028160,1,0,16.106,0,0,0,16.106,0
69.4101,3.23224,0,0,0.925811,0.0830805,0.36288,3.6288,58.4105,0.770772,0,0,0.4226,0.291045,0,0.66528,12.849,1,0.575521,0.36288,0,15.0657,5.80563,9.04738,0.84672,12.849,0.84672,3695.15,0,18.483,0.241257,0.227405,1.98097,3.61874,1.4386,4.14726,0.42336,0,0,18.483,0.42336,442.007,0,0.83274,0,0,1.06015,0.227405,1.028160,1,0,13.1946,0,0,0,13.1946,0
66.4752,3.21334,0,0,0.732456,0.0911022,0.36288,3.6288,57.6019,0.884328,0,0,0.352275,0.276543,0,0.66528,12.849,1,0.594844,0.36288,0,12.0617,5.69625,6.13348,0.84672,12.849,0.84672,3695.15,0,18.483,0.279831,0.227405,2.13884,2.87462,1.41002,3.55102,0.42336,0,0,18.483,0.42336,442.007,0,0.680815,0,0,0.90822,0.227405,1.028160,1,0,9.6845,0,0,0,9.6845,0
63.7083,3.19168,0,0,0.876684,0.0890282,0.36288,3.6288,56.9003,0.804965,0,0,0.378437,0.275104,0,0.66528,12.849,1,0.616921,0.36288,0,12.4832,5.69625,6.53287,0.84672,12.849,0.84672,3695.15,0,18.483,0.258293,0.204422,2.13908,3.15312,1.41002,3.8283,0.42336,0,0,18.483,0.42336,442.007,0,0.78192,0,0,0.986342,0.204422,1.028160,1,0,10.3612,0,0,0,10.3612,0
61.5639,3.16974,0,0,1.49902,0.110868,0.36288,3.6288,56.4377,0.680005,0,0,0.486068,0.26864,0,0.66528,12.849,1,0.639288,0.36288,0,20.7453,5.54782,14.9211,0.84672,12.849,0.84672,3695.15,0,18.483,0.220887,0.204422,2.13932,3.49026,1.39182,4.22129,0.42336,0,0,18.483,0.42336,442.007,0,0.94449,0,0,1.14891,0.204422,1.028160,1,0,19.1424,0,0,0,19.1424,0
59.378,3.15166,0,0,1.42661,0.0979217,0.36288,3.6288,56.2914,0.615767,0,0,0.717746,0.248228,0,0.66528,12.849,1,0.657784,0.36288,0,19.5915,5.68522,13.6114,0.84672,12.849,0.84672,3695.15,0,18.483,0.20166,0.336018,2.13955,3.82032,1.38394,4.7103,0.42336,0,0,18.483,0.42336,442.007,0,1.02816,0,0,1.36418,0.336018,1.028160,1,0,18.3217,0,0,0,18.3217,0
56.8275,3.03654,0,0,0.93903,0.0901104,0.36288,3.6288,55.5893,0.873938,0,0,0.404851,0.233091,0,0.66528,12.849,1,0.657086,0.36288,0,14.8538,5.59115,8.96845,0.84672,12.849,0.84672,3695.15,0,18.483,0.286953,0.204422,2.13979,2.87405,1.38796,3.54335,0.42336,0,0,18.483,0.42336,442.007,0,0.596091,0,0,0.800513,0.204422,1.028160,1,0,12.5118,0,0,0,12.5118,0
54.1278,3.01282,0,0,0.76388,0.0878994,0.36288,3.6288,54.6783,1.01213,0,0,0.333223,0.232022,0,0.66528,12.849,1,0.681214,0.36288,0,13.6401,5.59115,7.73058,0.84672,12.849,0.84672,3695.15,0,18.483,0.336524,0.216518,2.04963,2.59684,1.38796,3.1385,0.42336,0,0,18.483,0.42336,442.007,0,0.408526,0,0,0.625044,0.216518,1.028160,1,0,10.8691,0,0,0,10.8691,0
51.8886,2.98569,0,0,1.26206,0.152724,0.36288,3.6288,54.129,0.881443,0,0,0.504605,0.172532,0,0.66528,12.849,1,0.708751,0.36288,0,19.4193,4.76063,14.3129,0.84672,12.849,0.84672,3695.15,0,18.483,0.297955,0.216518,2.04986,3.44022,1.12837,4.28027,0.42336,0,0,18.483,0.42336,442.007,0,0.577973,0,0,0.794491,0.216518,1.028160,1,0,18.5931,0,0,0,18.5931,0
51.1808,2.9615,0,0,2.81515,0.19849,0.36288,3.6288,54.1542,0.648884,0,0,0.802618,0.128487,0,0.66528,12.849,1,0.733348,0.36288,0,49.6223,4.13773,45.1141,0.84672,12.849,0.84672,3695.15,0,18.483,0.221569,0.216518,2.05008,7.35373,0.933676,8.46509,0.42336,0,0,18.483,0.42336,442.007,0,0.887112,0,0,1.10363,0.216518,1.028160,1,0,53.5792,0,0,0,53.5792,0
48.9578,2.87742,0,0,1.22831,0.211066,0.36288,3.6288,53.593,0.785818,0,0,0.426125,0.201472,0,0.66528,12.849,1,0.72238,0.36288,0,30.4614,4.06382,26.038,0.84672,12.849,0.84672,3695.15,0,18.483,0.268202,0.216518,2.05031,3.00916,0.962883,4.0449,0.42336,0,0,18.483,0.42336,442.007,0,0.622866,0,0,0.839385,0.216518,1.028160,1,0,30.0829,0,0,0,30.0829,0
47.9022,2.85176,0,0,2.3652,0.206154,0.36288,3.6288,53.3848,0.651718,0,0,0.644142,0.200661,0,0.66528,12.849,1,0.748446,0.36288,0,55.4634,4.06382,51.014,0.84672,12.849,0.84672,3695.15,0,18.483,0.224762,0.216518,1.97017,4.76616,0.962883,5.7652,0.42336,0,0,18.483,0.42336,442.007,0,0.800591,0,0,1.01711,0.216518,1.028160,1,0,56.7792,0,0,0,56.7792,0
48.0788,2.83907,0,0,3.58237,0.203804,0.36288,3.6288,53.9299,0.482162,0,0,1.22756,0.200328,0,0.66528,12.849,1,0.761535,0.36288,0,60.731,4.06382,56.2685,0.84672,12.849,0.84672,3695.15,0,18.483,0.166935,0.837181,1.97038,6.95609,0.962883,8.63384,0.42336,0,0,18.483,0.42336,442.007,0,1.02816,0,0,1.86534,0.837181,1.028160,1,0,64.9024,0,0,0,64.9024,0
46.8789,2.84159,0,0,2.21735,0.21276,0.36288,3.6288,54.0639,0.483557,0,0,0.822026,0.204461,0,0.66528,12.849,1,0.759411,0.36288,0,50.5002,4.1218,45.9819,0.84672,12.849,0.84672,3695.15,0,18.483,0.165726,0.485144,1.9706,6.8893,0.976422,8.2029,0.42336,0,0,18.483,0.42336,442.007,0,1.02816,0,0,1.5133,0.485144,1.028160,1,0,54.1848,0,0,0,54.1848,0
45.968,2.61377,0,0,2.29608,0.23037,0.36288,3.6288,53.5931,0.754334,0,0,0.507575,0.224037,0,0.66528,12.849,1,0.716405,0.36288,0,44.1591,4.35642,39.4492,0.84672,12.849,0.84672,3695.15,0,18.483,0.257887,0.292723,1.97082,4.8493,1.07015,5.78481,0.42336,0,0,18.483,0.42336,442.007,0,0.496895,0,0,0.789618,0.292723,1.028160,1,0,45.234,0,0,0,45.234,0
47.3219,2.60296,0,0,4.53578,0.216049,0.36288,3.6288,54.1407,0.357745,0,0,1.12845,0.223127,0,0.66528,12.849,1,0.727581,0.36288,0,109.978,4.31109,105.302,0.84672,12.849,0.84672,3695.15,0,18.483,0.123378,1.06314,1.79002,7.24207,1.07515,8.89671,0.42336,0,0,18.483,0.42336,442.007,0,1.02816,0,0,2.0913,1.06314,1.028160,1,0,114.199,0,0,0,114.199,0
48.6619,2.61962,0,0,4.54185,0.219313,0.36288,3.6288,54.2156,0.416351,0,0,0.715292,0.224009,0,0.66528,12.849,1,0.711288,0.36288,0,93.7699,4.31109,89.1104,0.84672,12.849,0.84672,3695.15,0,18.483,0.142137,0.412474,1.79022,5.82079,1.07515,6.80619,0.42336,0,0,18.483,0.42336,442.007,0,0.950962,0,0,1.36344,0.412474,1.028160,1,0,95.9166,0,0,0,95.9166,0
50.1183,2.63541,0,0,4.65629,0.201568,0.36288,3.6288,53.8994,0.58893,0,0,0.486914,0.214211,0,0.66528,12.849,1,0.69587,0.36288,0,67.6574,3.77979,63.5446,0.84672,12.849,0.84672,3695.15,0,18.483,0.200776,0.412474,1.79041,4.7735,0.987092,5.78851,0.42336,0,0,18.483,0.42336,442.007,0,0.719911,0,0,1.13238,0.412474,1.028160,1,0,69.3332,0,0,0,69.3332,0
51.96,2.6518,0,0,5.0672,0.210913,0.36288,3.6288,54.6269,0.35864,0,0,1.29491,0.208771,0,0.66528,12.849,1,0.67985,0.36288,0,79.0467,3.93189,74.7978,0.84672,12.849,0.84672,3695.15,0,18.483,0.122984,0.582405,1.79061,6.60245,1.03206,7.82042,0.42336,0,0,18.483,0.42336,442.007,0,1.02816,0,0,1.61057,0.582405,1.028160,1,0,82.6182,0,0,0,82.6182,0
53.2676,2.75508,0,0,4.68841,0.262818,0.36288,3.6288,55.6198,0.396463,0,0,1.58443,0.195019,0,0.66528,12.849,1,0.681295,0.36288,0,133.543,4.93651,128.288,0.84672,12.849,0.84672,3695.15,0,18.483,0.134143,1.28874,1.79081,8.30382,1.21969,10.0295,0.42336,0,0,18.483,0.42336,442.007,0,1.02816,0,0,2.3169,1.28874,1.028160,1,0,138.318,0,0,0,138.318,0
55.341,2.76884,0,0,5.46719,0.262006,0.36288,3.6288,56.8552,0.398378,0,0,1.81424,0.180459,0,0.66528,12.849,1,0.667888,0.36288,0,155.984,4.65031,151.029,0.84672,12.849,0.84672,3695.15,0,18.483,0.132385,1.77053,1.84828,9.39825,1.18282,11.7019,0.42336,0,0,18.483,0.42336,442.007,0,1.02816,0,0,2.79869,1.77053,1.028160,1,0,162.73,0,0,0,162.73,0
58.1393,2.78943,0,0,6.21101,0.260464,0.36288,3.6288,58.9258,0.400668,0,0,2.64715,0.175895,0,0.66528,12.849,1,0.647645,0.36288,0,109.72,4.43593,105,0.84672,12.849,0.84672,3695.15,0,18.483,0.130253,2.56883,1.84847,11.0118,1.15604,14.1428,0.42336,0,0,18.483,0.42336,442.007,0,1.02816,0,0,3.59699,2.56883,1.028160,1,0,119.142,0,0,0,119.142,0
60.0073,2.81524,0,0,5.31387,0.267759,0.36288,3.6288,60.1899,0.404272,0,0,1.84664,0.178264,0,0.66528,12.849,1,0.622179,0.36288,0,122.614,4.43593,117.918,0.84672,12.849,0.84672,3695.15,0,18.483,0.126806,1.69808,1.84865,10.4428,1.15604,12.7067,0.42336,0,0,18.483,0.42336,442.007,0,1.02816,0,0,2.72624,1.69808,1.028160,1,0,130.625,0,0,0,130.625,0
60.5775,3.10766,0,0,4.32324,0.282427,0.36288,3.6288,61.1966,0.546707,0,0,1.71899,0.165584,0,0.66528,12.849,1,0.665424,0.36288,0,118.069,3.89387,113.873,0.84672,12.849,0.84672,3695.15,0,18.483,0.167882,1.75671,1.84884,8.92572,1.09243,11.271,0.42336,0,0,18.483,0.42336,442.007,0,1.02816,0,0,2.78487,1.75671,1.028160,1,0,125.144,0,0,0,125.144,0
59.6317,3.11314,0,0,2.81572,0.285518,0.36288,3.6288,61.308,0.548963,0,0,1.3021,0.164276,0.477466,0.66528,12.849,1,0.660323,0.36288,0,57.8631,3.80352,53.7622,0.84672,12.849,0.84672,3695.15,0,18.483,0.165801,1.19737,2.05352,4.93248,1.08183,6.93573,0.42336,0,0,18.483,0.42336,442.007,0,1.02816,0,0,2.22553,1.19737,1.028160,1,0,61.1754,0,0,0,61.1754,0
58.2929,3.10484,0,0,2.41195,0.283039,0.36288,3.6288,61.308,0.714532,0,0,1.20274,0.164391,0.323817,0.66528,12.849,1,0.669007,0.36288,0,50.8135,3.80352,46.7038,0.84672,12.849,0.84672,3695.15,0,18.483,0.215415,0.608429,2.05373,4.06045,1.08183,5.42536,0.42336,0,0,18.483,0.42336,442.007,0,0.813154,0,0,1.42158,0.608429,1.028160,1,0,52.453,0,0,0,52.453,0
58.7837,3.09256,0,0,4.22558,0.279403,0.36288,3.6288,61.308,0.549465,0,0,1.81121,0.164391,1.09736,0.66528,12.849,1,0.681666,0.36288,0,121.601,3.80352,117.479,0.84672,12.849,0.84672,3695.15,0,18.483,0.165652,0.863343,2.05394,11.8712,1.08183,13.541,0.42336,0,0,18.483,0.42336,442.007,0,1.02816,0,0,1.8915,0.863343,1.028160,1,0,132.117,0,0,0,132.117,0
60.7269,2.70491,0,0,5.28585,0.274791,0.36288,3.6288,61.308,0.360462,0,0,3.54599,0.167063,3.01846,0.66528,12.849,1,0.591242,0.36288,0,146.596,3.36945,142.998,0.84672,12.849,0.84672,3695.15,0,18.483,0.108671,2.601,2.05415,12.1119,0.884602,15.7738,0.42336,0,0,18.483,0.42336,442.007,0,1.02816,0,0,3.62916,2.601,1.028160,1,0,161.79,0,0,0,161.79,0
63.107,2.7208,0,0,5.74252,0.278811,0.36288,3.6288,61.308,0.360578,0,0,3.5918,0.167508,3.06372,0.66528,12.849,1,0.575685,0.36288,0,142.392,3.2971,138.882,0.84672,12.849,0.84672,3695.15,0,18.483,0.108706,3.48266,1.77451,14.6787,0.85173,18.9754,0.42336,0,0,18.483,0.42336,442.007,0,1.02816,0,0,4.51082,3.48266,1.028160,1,0,160.921,0,0,0,160.921,0
67.372,2.73912,0,0,7.65141,0.28433,0.36288,3.6288,61.308,0.360695,0,0,4.26191,0.167508,3.73371,0.66528,12.849,1,0.557702,0.36288,0,199.607,3.2971,196.115,0.84672,12.849,0.84672,3695.15,0,18.483,0.108741,3.7728,1.77469,16.7244,0.85173,21.3114,0.42336,0,0,18.483,0.42336,442.007,0,1.02816,0,0,4.80096,3.7728,1.028160,1,0,221.16,0,0,0,221.16,0
72.439,2.76905,0,0,8.49263,0.293703,0.36288,3.6288,61.308,0.360811,0,0,4.48444,0.166038,3.95759,0.66528,12.849,1,0.528105,0.36288,0,237.602,3.45841,233.978,0.84672,12.849,0.84672,3695.15,0,18.483,0.108776,3.92373,1.77487,22.2104,0.912095,26.8881,0.42336,0,0,18.483,0.42336,442.007,0,1.02816,0,0,4.95189,3.92373,1.028160,1,0,264.824,0,0,0,264.824,0
77.5853,2.80071,0,0,8.72627,0.416411,0.36288,3.6288,61.308,0.360927,0,0,5.1446,0.188897,4.59478,0.66528,12.849,1,0.49678,0.36288,0,225.464,3.83017,221.5,0.84672,12.849,0.84672,3695.15,0,18.483,0.108812,3.89858,1.77505,18.1993,0.963854,22.8003,0.42336,0,0,18.483,0.42336,442.007,0,1.02816,0,0,4.92674,3.89858,1.028160,1,0,248.895,0,0,0,248.895,0
78.3225,2.93264,0,0,4.48883,0.456144,0.36288,3.6288,61.308,0.407337,0,0,2.95771,0.197224,2.35314,0.66528,12.849,1,0.485678,0.36288,0,119.267,3.60727,115.536,0.84672,12.849,0.84672,3695.15,0,18.483,0.122803,2.52171,1.77523,13.4704,0.873874,16.7706,0.42336,0,0,18.483,0.42336,442.007,0,1.02816,0,0,3.54987,2.52171,1.028160,1,0,134.66,0,0,0,134.66,0
79.3041,2.93686,0,0,4.74081,0.459484,0.36288,3.6288,61.308,0.407458,0,0,4.30664,0.197224,3.70196,0.66528,12.849,1,0.481799,0.36288,0,137.36,3.60727,133.634,0.84672,12.849,0.84672,3695.15,0,18.483,0.12284,3.44999,1.84454,16.0412,0.873874,20.339,0.42336,0,0,18.483,0.42336,442.007,0,1.02816,0,0,4.47815,3.44999,1.028160,1,0,157.675,0,0,0,157.675,0
79.5821,2.94229,0,0,4.04715,0.463933,0.36288,3.6288,61.308,0.40758,0,0,3.43739,0.197224,2.83259,0.66528,12.849,1,0.476715,0.36288,0,106.758,3.60727,103.037,0.84672,12.849,0.84672,3695.15,0,18.483,0.122876,2.66539,1.84472,11.6105,0.873874,15.1239,0.42336,0,0,18.483,0.42336,442.007,0,1.02816,0,0,3.69355,2.66539,1.028160,1,0,120.994,0,0,0,120.994,0
79.2016,2.94402,0,0,3.34486,0.418518,0.36288,3.6288,61.308,0.407701,0,0,2.41749,0.185013,1.82478,0.66528,12.849,1,0.475329,0.36288,0,90.6993,3.72571,86.8611,0.84672,12.849,0.84672,3695.15,0,18.483,0.122913,1.87308,1.84491,8.33198,0.869647,11.0574,0.42336,0,0,18.483,0.42336,442.007,0,1.02816,0,0,2.90124,1.87308,1.028160,1,0,99.7433,0,0,0,99.7433,0
79.0696,2.9018,0,0,3.48538,0.352695,0.36288,3.6288,61.308,0.389834,0,0,2.05397,0.204133,1.46,0.66528,12.849,1,0.470764,0.36288,0,105.872,3.94432,101.82,0.84672,12.849,0.84672,3695.15,0,18.483,0.117526,2.54414,1.84509,8.73037,1.0038,11.9983,0.42336,0,0,18.483,0.42336,442.007,0,1.02816,0,0,3.5723,2.54414,1.028160,1,0,115.278,0,0,0,115.278,0
78.6889,2.90142,0,0,3.2359,0.35224,0.36288,3.6288,61.308,0.389954,0,0,1.92913,0.204133,1.33504,0.66528,12.849,1,0.471487,0.36288,0,94.4637,3.94432,90.4108,0.84672,12.849,0.84672,3695.15,0,18.483,0.117562,2.351,1.81836,8.15918,1.0038,11.2072,0.42336,0,0,18.483,0.42336,442.007,0,1.02816,0,0,3.37916,2.351,1.028160,1,0,102.953,0,0,0,102.953,0
78.0399,2.89975,0,0,2.96452,0.350927,0.36288,3.6288,61.308,0.390073,0,0,1.80596,0.204133,1.21175,0.66528,12.849,1,0.473496,0.36288,0,90.1515,3.94432,86.0965,0.84672,12.849,0.84672,3695.15,0,18.483,0.117598,2.24779,1.81855,7.72762,1.0038,10.6726,0.42336,0,0,18.483,0.42336,442.007,0,1.02816,0,0,3.27595,2.24779,1.028160,1,0,97.9809,0,0,0,97.9809,0
77.1245,2.89666,0,0,2.69279,0.348689,0.36288,3.6288,61.308,0.390192,0,0,1.52461,0.204133,0.930281,0.66528,12.849,1,0.476925,0.36288,0,81.8052,3.94432,77.7469,0.84672,12.849,0.84672,3695.15,0,18.483,0.117634,1.82937,1.81873,6.94984,1.0038,9.47651,0.42336,0,0,18.483,0.42336,442.007,0,1.02816,0,0,2.85753,1.82937,1.028160,1,0,88.1537,0,0,0,88.1537,0
75.8695,3.02929,0,0,2.46831,0.33111,0.36288,3.6288,61.308,0.454125,0,0,1.5025,0.196279,0.852093,0.66528,12.849,1,0.504683,0.36288,0,62.4529,4.29846,58.0126,0.84672,12.849,0.84672,3695.15,0,18.483,0.136909,1.51228,1.81891,5.96488,0.958067,8.2011,0.42336,0,0,18.483,0.42336,442.007,0,1.02816,0,0,2.54044,1.51228,1.028160,1,0,67.0658,0,0,0,67.0658,0
74.7729,3.02246,0,0,2.50801,0.219253,0.36288,3.6288,61.308,0.454251,0,0,1.62289,0.219284,0.94936,0.66528,12.849,1,0.511874,0.36288,0,59.744,4.79352,54.8014,0.84672,12.849,0.84672,3695.15,0,18.483,0.136946,2.04966,1.91326,6.55399,1.02784,9.35212,0.42336,0,0,18.483,0.42336,442.007,0,1.02816,0,0,3.07782,2.04966,1.028160,1,0,65.1029,0,0,0,65.1029,0
73.4355,3.01636,0,0,2.21442,0.172634,0.36288,3.6288,61.308,0.454376,0,0,1.32951,0.230548,0.644581,0.66528,12.849,1,0.518332,0.36288,0,54.4693,4.94466,49.3692,0.84672,12.849,0.84672,3695.15,0,18.483,0.136984,1.57882,1.91345,5.52135,1.05825,7.81839,0.42336,0,0,18.483,0.42336,442.007,0,1.02816,0,0,2.60698,1.57882,1.028160,1,0,57.8322,0,0,0,57.8322,0
71.9823,3.00863,0,0,2.08866,0.170274,0.36288,3.6288,61.308,0.454502,0,0,1.06175,0.230548,0.376702,0.66528,12.849,1,0.52642,0.36288,0,50.3233,4.94466,45.2151,0.84672,12.849,0.84672,3695.15,0,18.483,0.137022,1.28129,1.91364,5.18543,1.05825,7.18508,0.42336,0,0,18.483,0.42336,442.007,0,1.02816,0,0,2.30945,1.28129,1.028160,1,0,52.7769,0,0,0,52.7769,0
70.6276,2.99991,0,0,2.14123,0.133122,0.36288,3.6288,61.308,0.454628,0,0,0.923158,0.2338,0.234731,0.66528,12.849,1,0.535491,0.36288,0,49.3187,4.98261,44.1635,0.84672,12.849,0.84672,3695.15,0,18.483,0.13706,1.25439,1.91384,4.7432,1.0943,6.68007,0.42336,0,0,18.483,0.42336,442.007,0,1.02816,0,0,2.28255,1.25439,1.028160,1,0,51.0783,0,0,0,51.0783,0
69.2266,2.96473,0,0,2.05773,0.131111,0.36288,3.6288,61.308,0.489844,0,0,0.937319,0.208916,0.238559,0.66528,12.849,1,0.539362,0.36288,0,51.9264,4.52319,47.2267,0.84672,12.849,0.84672,3695.15,0,18.483,0.147677,1.36494,1.91403,4.2768,1.04149,6.3666,0.42336,0,0,18.483,0.42336,442.007,0,1.02816,0,0,2.3931,1.36494,1.028160,1,0,53.8319,0,0,0,53.8319,0
67.64,2.95583,0,0,1.86176,0.1297,0.36288,3.6288,61.308,0.489974,0,0,0.869875,0.208916,0.170986,0.66528,12.849,1,0.548624,0.36288,0,46.6305,4.52319,41.9216,0.84672,12.849,0.84672,3695.15,0,18.483,0.147716,1.06809,1.94357,4.10185,1.04149,5.9243,0.42336,0,0,18.483,0.42336,442.007,0,1.02816,0,0,2.09625,1.06809,1.028160,1,0,48.0169,0,0,0,48.0169,0
66.005,2.94531,0,0,1.77373,0.100547,0.36288,3.6288,61.308,0.490103,0,0,0.823046,0.27473,0.0582134,0.66528,12.849,1,0.559495,0.36288,0,42.2437,5.37009,36.677,0.84672,12.849,0.84672,3695.15,0,18.483,0.147755,1.07834,1.94377,3.88625,1.35062,5.40998,0.42336,0,0,18.483,0.42336,442.007,0,1.02816,0,0,2.1065,1.07834,1.028160,1,0,42.1452,0,0,0,42.1452,0
64.1881,2.934,0,0,1.5747,0.0947211,0.36288,3.6288,61.3017,0.490232,0,0,0.769582,0.285699,0,0.66528,12.849,1,0.571154,0.36288,0,38.6364,5.51124,32.9169,0.84672,12.849,0.84672,3695.15,0,18.483,0.147794,1.02074,1.94397,3.75813,1.40214,5.1729,0.42336,0,0,18.483,0.42336,442.007,0,1.02816,0,0,2.0489,1.02074,1.028160,1,0,38.0898,0,0,0,38.0898,0
62.3894,2.98899,0,0,1.63448,0.0812798,0.36288,3.6288,61.2252,0.521635,0,0,0.757296,0.312079,0,0.66528,12.849,1,0.598329,0.36288,0,34.6299,5.81337,28.5811,0.84672,12.849,0.84672,3695.15,0,18.483,0.157278,0.813879,1.94416,3.28503,1.51135,4.37445,0.42336,0,0,18.483,0.42336,442.007,0,1.02816,0,0,1.84204,0.813879,1.028160,1,0,32.9555,0,0,0,32.9555,0
60.622,2.97499,0,0,1.6457,0.0752966,0.36288,3.6288,61.1068,0.521617,0,0,0.719582,0.316368,0,0.66528,12.849,1,0.612695,0.36288,0,45.361,5.85134,39.2598,0.84672,12.849,0.84672,3695.15,0,18.483,0.157469,1.03393,1.99115,3.61606,1.53384,4.94983,0.42336,0,0,18.483,0.42336,442.007,0,1.02816,0,0,2.06209,1.03393,1.028160,1,0,44.2096,0,0,0,44.2096,0
58.7653,2.96055,0,0,1.54096,0.0742048,0.36288,3.6288,60.9383,0.521515,0,0,0.669159,0.316131,0,0.66528,12.849,1,0.627497,0.36288,0,36.4207,5.85134,30.3048,0.84672,12.849,0.84672,3695.15,0,18.483,0.157743,0.995708,1.99135,3.2596,1.53384,4.55507,0.42336,0,0,18.483,0.42336,442.007,0,1.02816,0,0,2.02387,0.995708,1.028160,1,0,34.8598,0,0,0,34.8598,0
56.7879,2.94458,0,0,1.40299,0.072922,0.36288,3.6288,60.7365,0.521313,0,0,0.635282,0.315794,0,0.66528,12.849,1,0.643831,0.36288,0,33.1926,5.85134,27.0603,0.84672,12.849,0.84672,3695.15,0,18.483,0.158118,0.684271,1.99155,3.04047,1.53384,4.02433,0.42336,0,0,18.483,0.42336,442.007,0,1.02816,0,0,1.71243,0.684271,1.028160,1,0,31.0847,0,0,0,31.0847,0
54.97,3.12205,0,0,1.72357,0.0565139,0.36288,3.6288,60.5281,0.633769,0,0,0.759344,0.333958,0,0.66528,12.849,1,0.706404,0.36288,0,33.4857,5.99582,27.1464,0.84672,12.849,0.84672,3695.15,0,18.483,0.192865,1.17342,1.99175,4.31266,1.54564,5.73932,0.42336,0,0,18.483,0.42336,442.007,0,1.02816,0,0,2.20158,1.17342,1.028160,1,0,32.8857,0,0,0,32.8857,0
53.3271,3.10343,0,0,1.86785,0.0444433,0.36288,3.6288,60.3136,0.633404,0,0,0.766333,0.347425,0,0.66528,12.849,1,0.725412,0.36288,0,34.9086,6.10418,28.4419,0.84672,12.849,0.84672,3695.15,0,18.483,0.193418,0.984295,2.15047,3.65729,1.55449,5.04415,0.42336,0,0,18.483,0.42336,442.007,0,1.02816,0,0,2.01245,0.984295,1.028160,1,0,33.4861,0,0,0,33.4861,0
51.3729,3.08573,0,0,1.53814,0.0437097,0.36288,3.6288,60.0007,0.633021,0,0,0.667001,0.346951,0,0.66528,12.849,1,0.743497,0.36288,0,43.337,6.10418,36.8522,0.84672,12.849,0.84672,3695.15,0,18.483,0.193988,0.750056,2.15068,3.26287,1.55449,4.41513,0.42336,0,0,18.483,0.42336,442.007,0,1.02816,0,0,1.77822,0.750056,1.028160,1,0,41.2674,0,0,0,41.2674,0
49.6054,3.06341,0,0,1.7016,0.0428372,0.36288,3.6288,59.9383,0.632391,0,0,0.916248,0.346261,0,0.66528,12.849,1,0.766198,0.36288,0,37.1555,6.10418,30.648,0.84672,12.849,0.84672,3695.15,0,18.483,0.194806,1.29966,2.1509,3.8992,1.55449,5.60047,0.42336,0,0,18.483,0.42336,442.007,0,1.02816,0,0,2.32782,1.29966,1.028160,1,0,36.2484,0,0,0,36.2484,0
47.6501,3.04204,0,0,1.48505,0.0354734,0.36288,3.6288,59.6393,0.632379,0,0,0.683021,0.349618,0,0.66528,12.849,1,0.787962,0.36288,0,32.9162,6.0928,26.3984,0.84672,12.849,0.84672,3695.15,0,18.483,0.195005,1.00579,2.15112,4.17458,1.55081,5.58567,0.42336,0,0,18.483,0.42336,442.007,0,1.02816,0,0,2.03395,1.00579,1.028160,1,0,31.984,0,0,0,31.984,0
45.3319,2.92483,0,0,1.03603,0.0664284,0.36288,3.6288,59.2356,0.563613,0,0,0.476643,0.316705,0,0.66528,12.849,1,0.78869,0.36288,0,18.1334,5.73309,11.9745,0.84672,12.849,0.84672,3695.15,0,18.483,0.174671,0.275348,2.15133,2.53778,1.42785,3.36195,0.42336,0,0,18.483,0.42336,442.007,0,1.02816,0,0,1.30351,0.275348,1.028160,1,0,15.3364,0,0,0,15.3364,0
43.3903,2.8937,0,0,1.38746,0.0725044,0.36288,3.6288,58.9499,0.562841,0,0,0.586189,0.309078,0,0.66528,12.849,1,0.820196,0.36288,0,24.0615,5.67788,17.9263,0.84672,12.849,0.84672,3695.15,0,18.483,0.175621,0.697507,2.06067,3.11919,1.40888,4.29286,0.42336,0,0,18.483,0.42336,442.007,0,1.02816,0,0,1.72567,0.697507,1.028160,1,0,22.2192,0,0,0,22.2192,0
41.8384,2.86567,0,0,1.74759,0.0709222,0.36288,3.6288,58.9579,0.562329,0,0,0.878844,0.308512,0,0.66528,12.849,1,0.848598,0.36288,0,48.9732,5.67788,42.8096,0.84672,12.849,0.84672,3695.15,0,18.483,0.176311,1.56097,2.06088,4.30848,1.40888,6.34514,0.42336,0,0,18.483,0.42336,442.007,0,1.02816,0,0,2.58913,1.56097,1.028160,1,0,49.1547,0,0,0,49.1547,0
40.1437,2.84187,0,0,1.63341,0.12341,0.36288,3.6288,58.704,0.562483,0,0,0.594804,0.28618,0,0.66528,12.849,1,0.872768,0.36288,0,38.5105,5.62585,32.3747,0.84672,12.849,0.84672,3695.15,0,18.483,0.176336,0.698242,2.06108,2.59701,1.43223,3.74777,0.42336,0,0,18.483,0.42336,442.007,0,1.02816,0,0,1.7264,0.698242,1.028160,1,0,36.1225,0,0,0,36.1225,0
38.1879,2.74155,0,0,1.29582,0.147197,0.36288,3.6288,58.4997,0.500202,0,0,0.561203,0.265332,0,0.66528,12.849,1,0.877501,0.36288,0,21.7549,5.06097,16.1793,0.84672,12.849,0.84672,3695.15,0,18.483,0.157489,0.269914,2.06129,2.10149,1.23644,3.03876,0.42336,0,0,18.483,0.42336,442.007,0,1.02816,0,0,1.29807,0.269914,1.028160,1,0,19.2181,0,0,0,19.2181,0
36.3807,2.70819,0,0,1.40565,0.141721,0.36288,3.6288,58.3477,0.499913,0,0,0.612309,0.264376,0,0.66528,12.849,1,0.91122,0.36288,0,23.2888,4.97332,17.7671,0.84672,12.849,0.84672,3695.15,0,18.483,0.157948,0.356901,1.9807,3.74406,1.20089,4.72281,0.42336,0,0,18.483,0.42336,442.007,0,1.02816,0,0,1.38506,0.356901,1.028160,1,0,22.4899,0,0,0,22.4899,0
35.174,2.67501,0,0,1.98709,0.1559,0.36288,3.6288,58.3666,0.49973,0,0,0.77563,0.256986,0,0.66528,12.849,1,0.944765,0.36288,0,37.0331,4.75886,31.6924,0.84672,12.849,0.84672,3695.15,0,18.483,0.158301,0.687675,1.9809,3.44985,1.16975,4.79037,0.42336,0,0,18.483,0.42336,442.007,0,1.02816,0,0,1.71583,0.687675,1.028160,1,0,36.4827,0,0,0,36.4827,0
36.3016,2.65154,0,0,4.31821,0.17622,0.36288,3.6288,59.1688,0.499898,0,0,1.54958,0.247508,0,0.66528,12.849,1,0.968603,0.36288,0,42.9097,4.47289,37.8311,0.84672,12.849,0.84672,3695.15,0,18.483,0.158303,1.441,1.9811,6.28894,1.12821,8.42452,0.42336,0,0,18.483,0.42336,442.007,0,1.02816,0,0,2.46916,1.441,1.028160,1,0,46.2556,0,0,0,46.2556,0
35.5591,2.47265,0,0,2.28599,0.192939,0.36288,3.6288,59.2097,0.37258,0,0,0.628235,0.21478,0,0.66528,12.849,1,0.875197,0.36288,0,34.9378,4.15744,30.2681,0.84672,12.849,0.84672,3695.15,0,18.483,0.116385,0.45697,1.9813,3.46194,1.07547,4.70835,0.42336,0,0,18.483,0.42336,442.007,0,1.02816,0,0,1.48513,0.45697,1.028160,1,0,34.9764,0,0,0,34.9764,0
34.0334,2.45947,0,0,1.49176,0.195103,0.36288,3.6288,59.2046,0.372758,0,0,0.56019,0.192544,0,0.66528,12.849,1,0.88871,0.36288,0,26.7741,3.88548,22.3628,0.84672,12.849,0.84672,3695.15,0,18.483,0.116361,0.593611,1.79952,3.45666,0.890289,4.84314,0.42336,0,0,18.483,0.42336,442.007,0,1.02816,0,0,1.62177,0.593611,1.028160,1,0,27.2059,0,0,0,27.2059,0
33.062,2.4308,0,0,2.00963,0.187365,0.36288,3.6288,59.2698,0.372867,0,0,0.613087,0.174968,0,0.66528,12.849,1,0.917724,0.36288,0,37.2808,4.03788,32.6881,0.84672,12.849,0.84672,3695.15,0,18.483,0.116405,0.920099,1.7997,4.4088,0.963617,6.04858,0.42336,0,0,18.483,0.42336,442.007,0,1.02816,0,0,1.94826,0.920099,1.028160,1,0,38.7367,0,0,0,38.7367,0
32.3247,2.41162,0,0,2.22236,0.18513,0.36288,3.6288,59.0134,0.602207,0,0,0.520798,0.175041,0,0.66528,12.849,1,0.937237,0.36288,0,41.5627,4.03788,36.9505,0.84672,12.849,0.84672,3695.15,0,18.483,0.187795,0.412474,1.79988,3.2207,0.963617,4.28164,0.42336,0,0,18.483,0.42336,442.007,0,0.727583,0,0,1.14006,0.412474,1.028160,1,0,41.2321,0,0,0,41.2321,0
33.4179,2.39657,0,0,4.03463,0.182015,0.36288,3.6288,59.7691,0.372813,0,0,1.3021,0.173522,0,0.66528,12.849,1,0.952629,0.36288,0,73.662,4.01562,69.0567,0.84672,12.849,0.84672,3695.15,0,18.483,0.116765,0.739593,1.80006,4.33063,0.977117,5.7764,0.42336,0,0,18.483,0.42336,442.007,0,1.02816,0,0,1.76775,0.739593,1.028160,1,0,74.8331,0,0,0,74.8331,0
36.6258,2.4951,0,0,6.21737,0.15149,0.36288,3.6288,59.9658,0.411538,0,0,0.798682,0.190484,0,0.66528,12.849,1,0.959351,0.36288,0,109.078,3.72624,104.756,0.84672,12.849,0.84672,3695.15,0,18.483,0.127264,2.83202,1.80024,4.87849,0.866755,8.51673,0.42336,0,0,18.483,0.42336,442.007,0,1.02816,0,0,3.86018,2.83202,1.028160,1,0,113.272,0,0,0,113.272,0
38.7114,2.55754,0,0,5.19083,0.18484,0.36288,3.6288,59.9886,0.411967,0,0,0.662541,0.227737,0,0.66528,12.849,1,0.89723,0.36288,0,92.5093,4.52624,87.4488,0.84672,12.849,0.84672,3695.15,0,18.483,0.126979,2.37292,1.858,4.22992,1.11631,7.21754,0.42336,0,0,18.483,0.42336,442.007,0,1.02816,0,0,3.40108,2.37292,1.028160,1,0,94.6663,0,0,0,94.6663,0
41.1263,2.59407,0,0,5.56126,0.189426,0.36288,3.6288,60.1083,0.412114,0,0,0.759542,0.22777,0,0.66528,12.849,1,0.861017,0.36288,0,97.9811,4.52624,92.9567,0.84672,12.849,0.84672,3695.15,0,18.483,0.126976,2.79704,1.85817,4.58601,1.11631,7.99792,0.42336,0,0,18.483,0.42336,442.007,0,1.02816,0,0,3.8252,2.79704,1.028160,1,0,100.955,0,0,0,100.955,0
43.027,2.63283,0,0,5.09129,0.194868,0.36288,3.6288,60.2149,0.412417,0,0,0.746962,0.227944,0,0.66528,12.849,1,0.82257,0.36288,0,89.9666,4.52624,84.9807,0.84672,12.849,0.84672,3695.15,0,18.483,0.126816,2.76309,1.85834,4.75563,1.11631,8.13393,0.42336,0,0,18.483,0.42336,442.007,0,1.02816,0,0,3.79125,2.76309,1.028160,1,0,93.1146,0,0,0,93.1146,0
44.2028,2.92061,0,0,4.66849,0.209186,0.36288,3.6288,60.1191,0.553721,0,0,0.683561,0.225584,0,0.66528,12.849,1,0.872171,0.36288,0,76.3828,4.34189,71.5316,0.84672,12.849,0.84672,3695.15,0,18.483,0.169965,1.62677,1.85851,4.34673,1.04635,6.61569,0.42336,0,0,18.483,0.42336,442.007,0,1.02816,0,0,2.65493,1.62677,1.028160,1,0,78.1473,0,0,0,78.1473,0
47.8942,2.93885,0,0,7.20921,0.216057,0.36288,3.6288,60.2416,0.553637,0,0,0.900503,0.224441,0,0.66528,12.849,1,0.854274,0.36288,0,101.08,4.26814,96.3207,0.84672,12.849,0.84672,3695.15,0,18.483,0.17021,2.24783,2.06424,5.72356,1.01836,8.84706,0.42336,0,0,18.483,0.42336,442.007,0,1.02816,0,0,3.27599,2.24783,1.028160,1,0,105.168,0,0,0,105.168,0
49.5276,2.99104,0,0,5.21242,0.225136,0.36288,3.6288,60.0725,0.554024,0,0,0.609612,0.224616,0,0.66528,12.849,1,0.802433,0.36288,0,76.2307,4.26814,71.523,0.84672,12.849,0.84672,3695.15,0,18.483,0.169983,1.53772,2.06443,4.11262,1.01836,6.52643,0.42336,0,0,18.483,0.42336,442.007,0,1.02816,0,0,2.56588,1.53772,1.028160,1,0,78.0495,0,0,0,78.0495,0
49.7559,3.01233,0,0,3.82588,0.222355,0.36288,3.6288,59.6318,0.553781,0,0,0.339748,0.226746,0,0.66528,12.849,1,0.781492,0.36288,0,56.9143,4.2836,52.2121,0.84672,12.849,0.84672,3695.15,0,18.483,0.170386,0.608818,2.06462,3.43093,1.03483,4.89915,0.42336,0,0,18.483,0.42336,442.007,0,1.02816,0,0,1.63698,0.608818,1.028160,1,0,57.1112,0,0,0,57.1112,0
49.874,2.63323,0,0,3.36634,0.252132,0.36288,3.6288,59.7607,0.364054,0,0,0.693594,0.20057,0,0.66528,12.849,1,0.680007,0.36288,0,70.9854,3.78792,66.8803,0.84672,12.849,0.84672,3695.15,0,18.483,0.112839,1.08024,2.06481,6.81455,0.916259,8.9305,0.42336,0,0,18.483,0.42336,442.007,0,1.02816,0,0,2.1084,1.08024,1.028160,1,0,75.8108,0,0,0,75.8108,0
52.4102,2.63475,0,0,5.81433,0.280532,0.36288,3.6288,60.4397,0.364345,0,0,1.22813,0.18483,0,0.66528,12.849,1,0.678788,0.36288,0,96.2954,3.55257,92.4269,0.84672,12.849,0.84672,3695.15,0,18.483,0.112686,3.00088,1.7837,9.62617,0.829315,13.4688,0.42336,0,0,18.483,0.42336,442.007,0,1.02816,0,0,4.02904,3.00088,1.028160,1,0,105.896,0,0,0,105.896,0
54.2868,2.66137,0,0,5.18892,0.288066,0.36288,3.6288,60.7133,0.36542,0,0,0.824638,0.185632,0,0.66528,12.849,1,0.652468,0.36288,0,78.3397,3.55257,74.4976,0.84672,12.849,0.84672,3695.15,0,18.483,0.111749,1.61671,1.78387,7.07736,0.829315,9.53687,0.42336,0,0,18.483,0.42336,442.007,0,1.02816,0,0,2.64487,1.61671,1.028160,1,0,84.0345,0,0,0,84.0345,0
54.5891,2.67986,0,0,3.63869,0.29364,0.36288,3.6288,60.813,0.365912,0,0,0.651543,0.185954,0,0.66528,12.849,1,0.634289,0.36288,0,79.1977,3.55257,75.3737,0.84672,12.849,0.84672,3695.15,0,18.483,0.111395,1.0711,1.78403,5.99434,0.829315,7.90876,0.42336,0,0,18.483,0.42336,442.007,0,1.02816,0,0,2.09926,1.0711,1.028160,1,0,83.2825,0,0,0,83.2825,0
54.0562,2.68295,0,0,2.78237,0.269437,0.36288,3.6288,60.7321,0.398559,0,0,0.506324,0.188633,0,0.66528,12.849,1,0.631503,0.36288,0,67.4836,3.48063,63.7343,0.84672,12.849,0.84672,3695.15,0,18.483,0.121135,0.558835,1.78419,5.81783,0.881156,7.15857,0.42336,0,0,18.483,0.42336,442.007,0,0.98591,0,0,1.54475,0.558835,1.028160,1,0,70.8929,0,0,0,70.8929,0
54.3044,2.77602,0,0,3.66048,0.273363,0.36288,3.6288,61.0458,0.412579,0,0,0.963196,0.236897,0,0.66528,12.849,1,0.659851,0.36288,0,89.862,3.91114,85.6539,0.84672,12.849,0.84672,3695.15,0,18.483,0.125563,3.15091,1.78436,7.89002,1.09844,11.6013,0.42336,0,0,18.483,0.42336,442.007,0,1.02816,0,0,4.17907,3.15091,1.028160,1,0,97.2552,0,0,0,97.2552,0
53.8932,2.77871,0,0,3.00438,0.274051,0.36288,3.6288,61.0865,0.413185,0,0,0.691295,0.237369,0,0.66528,12.849,1,0.657472,0.36288,0,71.5107,3.91114,67.305,0.84672,12.849,0.84672,3695.15,0,18.483,0.125101,0.873608,1.85401,6.34349,1.09844,7.84757,0.42336,0,0,18.483,0.42336,442.007,0,1.02816,0,0,1.90177,0.873608,1.028160,1,0,75.1525,0,0,0,75.1525,0
55.7196,2.77491,0,0,5.23718,0.272911,0.36288,3.6288,61.308,0.413359,0,0,1.19922,0.23743,0.326977,0.66528,12.849,1,0.661584,0.36288,0,114.154,3.91114,109.944,0.84672,12.849,0.84672,3695.15,0,18.483,0.12507,2.20421,1.85418,8.48517,1.09844,11.3201,0.42336,0,0,18.483,0.42336,442.007,0,1.02816,0,0,3.23237,2.20421,1.028160,1,0,121.591,0,0,0,121.591,0
56.1225,2.79279,0,0,3.82623,0.267684,0.36288,3.6288,61.308,0.413816,0,0,1.03813,0.246345,0.377969,0.66528,12.849,1,0.64402,0.36288,0,83.0321,4.03797,78.713,0.84672,12.849,0.84672,3695.15,0,18.483,0.124756,1.51004,1.85435,7.15159,1.14216,9.24906,0.42336,0,0,18.483,0.42336,442.007,0,1.02816,0,0,2.5382,1.51004,1.028160,1,0,88.34,0,0,0,88.34,0
55.5366,2.75826,0,0,2.73777,0.202586,0.36288,3.6288,61.308,0.395848,0,0,0.701957,0.231898,0.0742109,0.66528,12.849,1,0.631492,0.36288,0,60.014,4.58462,55.1607,0.84672,12.849,0.84672,3695.15,0,18.483,0.119339,1.29081,1.85452,5.02578,1.25426,6.79751,0.42336,0,0,18.483,0.42336,442.007,0,1.02816,0,0,2.31897,1.29081,1.028160,1,0,62.0325,0,0,0,62.0325,0
54.6615,2.7531,0,0,2.44233,0.201407,0.36288,3.6288,61.3034,0.395956,0,0,0.623303,0.231898,0,0.66528,12.849,1,0.636961,0.36288,0,51.5451,4.58462,46.6864,0.84672,12.849,0.84672,3695.15,0,18.483,0.119372,0.993427,1.82763,4.36435,1.25426,5.81178,0.42336,0,0,18.483,0.42336,442.007,0,1.02816,0,0,2.02159,0.993427,1.028160,1,0,52.4982,0,0,0,52.4982,0
53.6192,2.7451,0,0,2.25044,0.18478,0.36288,3.6288,61.2695,0.396058,0,0,0.571203,0.209137,0,0.66528,12.849,1,0.645276,0.36288,0,48.0776,4.11278,43.6825,0.84672,12.849,0.84672,3695.15,0,18.483,0.119412,0.870523,1.8278,3.93034,1.13458,5.37467,0.42336,0,0,18.483,0.42336,442.007,0,1.02816,0,0,1.89868,0.870523,1.028160,1,0,49.0571,0,0,0,49.0571,0
52.489,2.73523,0,0,2.13975,0.171807,0.36288,3.6288,61.2273,0.396116,0,0,0.546011,0.19203,0,0.66528,12.849,1,0.655455,0.36288,0,44.4102,3.7589,40.3587,0.84672,12.849,0.84672,3695.15,0,18.483,0.119495,1.04268,1.82796,3.92829,1.04483,5.63461,0.42336,0,0,18.483,0.42336,442.007,0,1.02816,0,0,2.07084,1.04268,1.028160,1,0,45.9933,0,0,0,45.9933,0
51.2105,2.85337,0,0,2.08849,0.150709,0.36288,3.6288,61.1742,0.460278,0,0,0.621543,0.21437,0,0.66528,12.849,1,0.698487,0.36288,0,39.596,4.15219,35.1082,0.84672,12.849,0.84672,3695.15,0,18.483,0.138947,1.21402,1.82813,3.86593,1.09254,5.6766,0.42336,0,0,18.483,0.42336,442.007,0,1.02816,0,0,2.24218,1.21402,1.028160,1,0,40.7848,0,0,0,40.7848,0
49.8505,2.83969,0,0,1.97707,0.134573,0.36288,3.6288,61.0087,0.4603,0,0,0.525841,0.231087,0,0.66528,12.849,1,0.712493,0.36288,0,37.2616,4.44717,32.4649,0.84672,12.849,0.84672,3695.15,0,18.483,0.139074,0.925439,1.92293,3.22437,1.12832,4.80535,0.42336,0,0,18.483,0.42336,442.007,0,1.02816,0,0,1.9536,0.925439,1.028160,1,0,37.2702,0,0,0,37.2702,0
48.3415,2.82449,0,0,1.81102,0.132662,0.36288,3.6288,60.7987,0.460125,0,0,0.480997,0.230845,0,0.66528,12.849,1,0.728015,0.36288,0,33.4344,4.44717,28.6221,0.84672,12.849,0.84672,3695.15,0,18.483,0.139398,0.733104,1.92311,3.07985,1.12832,4.46834,0.42336,0,0,18.483,0.42336,442.007,0,1.02816,0,0,1.76126,0.733104,1.028160,1,0,33.0904,0,0,0,33.0904,0
46.7584,2.80679,0,0,1.68238,0.0957474,0.36288,3.6288,60.5405,0.45987,0,0,0.460471,0.258776,0,0.66528,12.849,1,0.746037,0.36288,0,29.5821,4.76847,24.4304,0.84672,12.849,0.84672,3695.15,0,18.483,0.139802,0.672227,1.92329,2.94074,1.21042,4.18603,0.42336,0,0,18.483,0.42336,442.007,0,1.02816,0,0,1.70039,0.672227,1.028160,1,0,28.6165,0,0,0,28.6165,0
45.2277,2.78724,0,0,1.70266,0.0832529,0.36288,3.6288,60.2924,0.459527,0,0,0.487062,0.275624,0,0.66528,12.849,1,0.76592,0.36288,0,32.3235,5.07393,26.8466,0.84672,12.849,0.84672,3695.15,0,18.483,0.140294,0.828429,1.92346,3.18266,1.27481,4.51945,0.42336,0,0,18.483,0.42336,442.007,0,1.02816,0,0,1.85659,0.828429,1.028160,1,0,31.366,0,0,0,31.366,0
43.7278,2.74252,0,0,1.67467,0.0691858,0.36288,3.6288,60.0367,0.494329,0,0,0.545165,0.306572,0,0.66528,12.849,1,0.779138,0.36288,0,37.548,5.7037,31.428,0.84672,12.849,0.84672,3695.15,0,18.483,0.15154,1.02414,1.92364,3.02079,1.4016,4.41543,0.42336,0,0,18.483,0.42336,442.007,0,1.02816,0,0,2.0523,1.02414,1.028160,1,0,35.8434,0,0,0,35.8434,0
42.1199,2.72211,0,0,1.54511,0.0680181,0.36288,3.6288,59.767,0.493953,0,0,0.530356,0.306073,0,0.66528,12.849,1,0.799867,0.36288,0,33.9288,5.7037,27.7881,0.84672,12.849,0.84672,3695.15,0,18.483,0.152069,0.915037,1.95331,2.84443,1.4016,4.15912,0.42336,0,0,18.483,0.42336,442.007,0,1.02816,0,0,1.9432,0.915037,1.028160,1,0,31.9472,0,0,0,31.9472,0
40.4366,2.69896,0,0,1.44535,0.0667663,0.36288,3.6288,59.4544,0.493546,0,0,0.486458,0.305547,0,0.66528,12.849,1,0.823339,0.36288,0,30.9416,5.7037,24.7774,0.84672,12.849,0.84672,3695.15,0,18.483,0.152629,0.696211,1.95349,2.77181,1.4016,3.86728,0.42336,0,0,18.483,0.42336,442.007,0,1.02816,0,0,1.72437,0.696211,1.028160,1,0,28.6447,0,0,0,28.6447,0
38.736,2.6732,0,0,1.40093,0.0654559,0.36288,3.6288,59.1248,0.493051,0,0,0.468442,0.304937,0,0.66528,12.849,1,0.849426,0.36288,0,27.5819,5.7037,21.3917,0.84672,12.849,0.84672,3695.15,0,18.483,0.153278,0.598769,1.95367,2.74288,1.4016,3.74044,0.42336,0,0,18.483,0.42336,442.007,0,1.02816,0,0,1.62693,0.598769,1.028160,1,0,25.1321,0,0,0,25.1321,0
36.9792,2.70718,0,0,1.36057,0.047357,0.36288,3.6288,58.8402,0.523692,0,0,0.557569,0.318475,0,0.66528,12.849,1,0.897988,0.36288,0,26.1484,5.94949,19.6638,0.84672,12.849,0.84672,3695.15,0,18.483,0.163711,0.736543,1.95385,2.58947,1.51183,3.60432,0.42336,0,0,18.483,0.42336,442.007,0,1.02816,0,0,1.7647,0.736543,1.028160,1,0,23.2682,0,0,0,23.2682,0
35.2509,2.67576,0,0,1.35401,0.0436467,0.36288,3.6288,58.5273,0.523209,0,0,0.530485,0.320253,0,0.66528,12.849,1,0.929735,0.36288,0,34.1358,5.99046,27.5785,0.84672,12.849,0.84672,3695.15,0,18.483,0.164351,0.958314,2.00105,2.80073,1.5302,4.06555,0.42336,0,0,18.483,0.42336,442.007,0,1.02816,0,0,1.98647,0.958314,1.028160,1,0,31.644,0,0,0,31.644,0
33.4705,2.6426,0,0,1.26783,0.0427531,0.36288,3.6288,58.1783,0.52266,0,0,0.493333,0.319609,0,0.66528,12.849,1,0.963229,0.36288,0,27.4078,5.99046,20.817,0.84672,12.849,0.84672,3695.15,0,18.483,0.165057,0.921491,2.00123,2.52464,1.5302,3.75211,0.42336,0,0,18.483,0.42336,442.007,0,1.02816,0,0,1.94965,0.921491,1.028160,1,0,24.5691,0,0,0,24.5691,0
31.6143,2.60581,0,0,1.15433,0.0418325,0.36288,3.6288,57.8058,0.522028,0,0,0.468355,0.318891,0,0.66528,12.849,1,1.00034,0.36288,0,24.9785,5.99046,18.3506,0.84672,12.849,0.84672,3695.15,0,18.483,0.165846,0.621492,2.00142,2.35493,1.5302,3.2818,0.42336,0,0,18.483,0.42336,442.007,0,1.02816,0,0,1.64965,0.621492,1.028160,1,0,21.6324,0,0,0,21.6324,0
29.7348,2.73554,0,0,1.24813,0.0292735,0.36288,3.6288,57.3481,0.633296,0,0,0.509039,0.333442,0,0.66528,12.849,1,1.11181,0.36288,0,23.9842,6.15319,17.0821,0.84672,12.849,0.84672,3695.15,0,18.483,0.202492,1.00804,2.0016,2.97485,1.5465,4.2355,0.42336,0,0,18.483,0.42336,442.007,0,1.02816,0,0,2.0362,1.00804,1.028160,1,0,21.3176,0,0,0,21.3176,0
27.9013,2.68671,0,0,1.24435,0.0282404,0.36288,3.6288,56.8729,0.632203,0,0,0.498066,0.341032,0,0.66528,12.849,1,1.16098,0.36288,0,25.8733,6.02122,19.0539,0.84672,12.849,0.84672,3695.15,0,18.483,0.203756,0.793135,2.16108,2.43149,1.49852,3.68343,0.42336,0,0,18.483,0.42336,442.007,0,1.02816,0,0,1.82129,0.793135,1.028160,1,0,22.7374,0,0,0,22.7374,0
25.8758,2.63472,0,0,0.999657,0.0275443,0.36288,3.6288,56.2621,0.631047,0,0,0.360244,0.339982,0,0.66528,12.849,1,1.21333,0.36288,0,25.2825,6.02122,18.4108,0.84672,12.849,0.84672,3695.15,0,18.483,0.205083,0.236278,2.16128,1.95192,1.49852,2.64588,0.42336,0,0,18.483,0.42336,442.007,0,1.02816,0,0,1.26444,0.236278,1.028160,1,0,21.0567,0,0,0,21.0567,0
24.1596,2.57149,0,0,1.24496,0.0267753,0.36288,3.6288,55.9097,0.629499,0,0,0.615719,0.338631,0,0.66528,12.849,1,1.27691,0.36288,0,23.0907,6.02122,16.1554,0.84672,12.849,0.84672,3695.15,0,18.483,0.206801,1.36368,2.16147,3.01807,1.49852,4.83791,0.42336,0,0,18.483,0.42336,442.007,0,1.02816,0,0,2.39184,1.36368,1.028160,1,0,20.9933,0,0,0,20.9933,0
22.2473,2.51251,0,0,0.997332,0.0342671,0.36288,3.6288,55.4267,0.628648,0,0,0.443151,0.297496,0,0.66528,12.849,1,1.33625,0.36288,0,20.7157,5.03273,14.7096,0.84672,12.849,0.84672,3695.15,0,18.483,0.207823,0.543612,2.16167,2.92675,1.09774,4.32647,0.42336,0,0,18.483,0.42336,442.007,0,1.02816,0,0,1.57177,0.543612,1.028160,1,0,19.0361,0,0,0,19.0361,0
20.6702,2.36548,0,0,1.20642,0.0551142,0.36288,3.6288,55.1817,0.560132,0,0,0.602688,0.287525,0,0.66528,12.849,1,1.36619,0.36288,0,34.674,5.5713,28.0994,0.84672,12.849,0.84672,3695.15,0,18.483,0.186786,0.382726,2.16187,3.23136,1.21152,4.37765,0.42336,0,0,18.483,0.42336,442.007,0,1.02816,0,0,1.41089,0.382726,1.028160,1,0,32.4771,0,0,0,32.4771,0
19.0247,2.30141,0,0,1.07272,0.0539436,0.36288,3.6288,55.2165,0.559633,0,0,0.88143,0.287063,0,0.66528,12.849,1,1.4306,0.36288,0,29.415,5.5713,22.7759,0.84672,12.849,0.84672,3695.15,0,18.483,0.187448,1.29781,2.07074,3.71387,1.21152,5.68346,0.42336,0,0,18.483,0.42336,442.007,0,1.02816,0,0,2.32597,1.29781,1.028160,1,0,28.4594,0,0,0,28.4594,0
17.3277,2.22776,0,0,0.946339,0.0527221,0.36288,3.6288,54.8658,0.559843,0,0,0.496247,0.287129,0,0.66528,12.849,1,1.50459,0.36288,0,30.4693,5.5713,23.7563,0.84672,12.849,0.84672,3695.15,0,18.483,0.1874,0.380212,2.07093,2.7851,1.21152,3.83732,0.42336,0,0,18.483,0.42336,442.007,0,1.02816,0,0,1.40837,0.380212,1.028160,1,0,27.5936,0,0,0,27.5936,0
15.573,2.14334,0,0,0.80301,0.0514623,0.36288,3.6288,54.4726,0.559068,0,0,0.452354,0.286466,0,0.66528,12.849,1,1.58935,0.36288,0,28.1543,5.5713,21.3565,0.84672,12.849,0.84672,3695.15,0,18.483,0.188337,0.252253,2.07112,2.65016,1.21152,3.57367,0.42336,0,0,18.483,0.42336,442.007,0,1.02816,0,0,1.28041,0.252253,1.028160,1,0,24.9302,0,0,0,24.9302,0
14.4096,1.99257,0,0,1.26114,0.0691004,0.36288,3.6288,54.297,0.497172,0,0,0.52663,0.205027,0,0.66528,12.849,1,1.64403,0.36288,0,30.7272,4.15828,25.2878,0.84672,12.849,0.84672,3695.15,0,18.483,0.168695,0.315282,2.07131,3.83969,0.922446,5.13514,0.42336,0,0,18.483,0.42336,442.007,0,1.02816,0,0,1.34344,0.315282,1.028160,1,0,30.4229,0,0,0,30.4229,0
13.5042,1.92258,0,0,1.48235,0.102303,0.36288,3.6288,53.9192,0.596643,0,0,0.40349,0.184633,0,0.66528,12.849,1,1.71436,0.36288,0,36.6277,3.96554,31.3107,0.84672,12.849,0.84672,3695.15,0,18.483,0.2031,0.216518,1.9903,3.63685,1.00185,4.63873,0.42336,0,0,18.483,0.42336,442.007,0,0.894439,0,0,1.11096,0.216518,1.028160,1,0,35.9494,0,0,0,35.9494,0
12.7035,1.86385,0,0,1.52635,0.100327,0.36288,3.6288,53.8274,0.496114,0,0,0.588503,0.184172,0,0.66528,12.849,1,1.77342,0.36288,0,37.1618,3.96554,31.7857,0.84672,12.849,0.84672,3695.15,0,18.483,0.170063,1.16756,1.99049,5.00427,1.00185,6.99041,0.42336,0,0,18.483,0.42336,442.007,0,1.02816,0,0,2.19572,1.16756,1.028160,1,0,38.7761,0,0,0,38.7761,0
14.7115,1.80844,0,0,4.27793,0.0985789,0.36288,3.6288,54.9094,0.496013,0,0,1.76202,0.184059,0,0.66528,12.849,1,1.82916,0.36288,0,115.104,3.96554,109.672,0.84672,12.849,0.84672,3695.15,0,18.483,0.170319,3.42819,1.99067,10.3888,1.00185,14.6355,0.42336,0,0,18.483,0.42336,442.007,0,1.02816,0,0,4.45635,3.42819,1.028160,1,0,124.308,0,0,0,124.308,0
15.7873,1.79564,0,0,3.35222,0.117901,0.36288,3.6288,55.8221,0.371287,0,0,1.4628,0.178796,0,0.66528,12.849,1,1.56831,0.36288,0,89.1829,3.80217,84.1753,0.84672,12.849,0.84672,3695.15,0,18.483,0.124979,1.54291,1.99085,7.83898,0.952702,10.2951,0.42336,0,0,18.483,0.42336,442.007,0,1.02816,0,0,2.57107,1.54291,1.028160,1,0,94.4704,0,0,0,94.4704,0
17.2702,1.85473,0,0,3.82736,0.1269,0.36288,3.6288,56.7588,0.372927,0,0,1.49831,0.188678,0,0.66528,12.849,1,1.50953,0.36288,0,97.0211,3.83828,92.0362,0.84672,12.849,0.84672,3695.15,0,18.483,0.123478,1.85185,1.80818,9.22476,0.959107,11.8022,0.42336,0,0,18.483,0.42336,442.007,0,1.02816,0,0,2.88001,1.85185,1.028160,1,0,103.838,0,0,0,103.838,0
19.4686,1.92923,0,0,4.62052,0.130001,0.36288,3.6288,58.4683,0.374569,0,0,2.27391,0.189835,0,0.66528,12.849,1,1.43534,0.36288,0,133.25,3.83828,128.34,0.84672,12.849,0.84672,3695.15,0,18.483,0.121975,3.11513,1.80834,11.3371,0.959107,15.1795,0.42336,0,0,18.483,0.42336,442.007,0,1.02816,0,0,4.14329,3.11513,1.028160,1,0,143.519,0,0,0,143.519,0
21.7722,2.02705,0,0,4.82769,0.134127,0.36288,3.6288,60.184,0.377385,0,0,2.28497,0.191947,0,0.66528,12.849,1,1.33783,0.36288,0,156.432,3.83828,151.619,0.84672,12.849,0.84672,3695.15,0,18.483,0.119299,2.74654,1.80851,14.6121,0.959107,18.0887,0.42336,0,0,18.483,0.42336,442.007,0,1.02816,0,0,3.7747,2.74654,1.028160,1,0,169.708,0,0,0,169.708,0
22.1231,2.11626,0,0,2.987,0.156959,0.36288,3.6288,61.308,0.380094,0,0,1.84507,0.194733,0.146196,0.66528,12.849,1,1.24892,0.36288,0,105.29,4.2639,100.141,0.84672,12.849,0.84672,3695.15,0,18.483,0.11673,1.96733,1.80867,7.48103,0.958773,10.1815,0.42336,0,0,18.483,0.42336,442.007,0,1.02816,0,0,2.99549,1.96733,1.028160,1,0,110.468,0,0,0,110.468,0
23.7418,2.19567,0,0,4.34363,0.166373,0.36288,3.6288,61.308,0.419729,0,0,1.43747,0.209157,0.808585,0.66528,12.849,1,1.27524,0.36288,0,116.279,4.14435,111.222,0.84672,12.849,0.84672,3695.15,0,18.483,0.126539,1.78045,1.80884,10.943,0.971877,13.4339,0.42336,0,0,18.483,0.42336,442.007,0,1.02816,0,0,2.80861,1.78045,1.028160,1,0,125.465,0,0,0,125.465,0
26.6321,2.25227,0,0,5.67558,0.170118,0.36288,3.6288,61.308,0.419829,0,0,1.50425,0.209157,0.875264,0.66528,12.849,1,1.21892,0.36288,0,126.465,4.14435,121.465,0.84672,12.849,0.84672,3695.15,0,18.483,0.126569,2.24738,1.86685,9.52499,0.971877,12.5408,0.42336,0,0,18.483,0.42336,442.007,0,1.02816,0,0,3.27554,2.24738,1.028160,1,0,134.881,0,0,0,134.881,0
28.2203,2.3417,0,0,4.47008,0.177308,0.36288,3.6288,61.308,0.419929,0,0,1.42017,0.209157,0.791089,0.66528,12.849,1,1.12978,0.36288,0,121.076,4.14435,116.165,0.84672,12.849,0.84672,3695.15,0,18.483,0.126599,1.45801,1.86701,8.33544,0.971877,10.562,0.42336,0,0,18.483,0.42336,442.007,0,1.02816,0,0,2.48617,1.45801,1.028160,1,0,127.518,0,0,0,127.518,0
28.2012,2.38558,0,0,2.91058,0.181258,0.36288,3.6288,61.308,0.420028,0,0,1.03032,0.209157,0.401135,0.66528,12.849,1,1.08618,0.36288,0,65.5147,4.14435,60.6471,0.84672,12.849,0.84672,3695.15,0,18.483,0.126629,1.03467,1.86716,6.59802,0.971877,8.40135,0.42336,0,0,18.483,0.42336,442.007,0,1.02816,0,0,2.06283,1.03467,1.028160,1,0,69.4495,0,0,0,69.4495,0
28.3789,2.61793,0,0,3.37595,0.217387,0.36288,3.6288,61.308,0.562412,0,0,0.859818,0.18479,0.112616,0.66528,12.849,1,1.19278,0.36288,0,74.8329,3.57564,70.4274,0.84672,12.849,0.84672,3695.15,0,18.483,0.169555,0.858194,1.86731,5.9996,0.861838,7.69371,0.42336,0,0,18.483,0.42336,442.007,0,1.02816,0,0,1.88635,0.858194,1.028160,1,0,78.2337,0,0,0,78.2337,0
29.3744,2.62329,0,0,4.20862,0.227042,0.36288,3.6288,61.308,0.562524,0,0,0.876269,0.165939,0.147806,0.66528,12.849,1,1.18773,0.36288,0,87.4584,3.22718,83.4064,0.84672,12.849,0.84672,3695.15,0,18.483,0.169588,0.952413,2.074,5.87021,0.726095,8.00094,0.42336,0,0,18.483,0.42336,442.007,0,1.02816,0,0,1.98057,0.952413,1.028160,1,0,91.5551,0,0,0,91.5551,0
29.9874,2.65151,0,0,3.84756,0.220113,0.36288,3.6288,61.308,0.562635,0,0,0.938235,0.18815,0.187449,0.66528,12.849,1,1.15983,0.36288,0,82.6252,4.0093,77.8189,0.84672,12.849,0.84672,3695.15,0,18.483,0.169622,1.04197,2.07417,6.79556,0.987115,8.75496,0.42336,0,0,18.483,0.42336,442.007,0,1.02816,0,0,2.07013,1.04197,1.028160,1,0,86.7613,0,0,0,86.7613,0
31.1019,2.66832,0,0,4.34927,0.203627,0.36288,3.6288,61.308,0.562746,0,0,0.884892,0.193268,0.128878,0.66528,12.849,1,1.14332,0.36288,0,87.4057,4.31007,82.3152,0.84672,12.849,0.84672,3695.15,0,18.483,0.169655,1.13907,2.07434,7.75431,1.05704,9.74103,0.42336,0,0,18.483,0.42336,442.007,0,1.02816,0,0,2.16723,1.13907,1.028160,1,0,92.1851,0,0,0,92.1851,0
33.3814,2.35561,0,0,5.20502,0.206963,0.36288,3.6288,61.308,0.371847,0,0,2.14605,0.170115,1.60409,0.66528,12.849,1,0.973164,0.36288,0,104.392,3.62523,100.156,0.84672,12.849,0.84672,3695.15,0,18.483,0.112104,3.33882,2.07451,11.9154,0.847674,16.369,0.42336,0,0,18.483,0.42336,442.007,0,1.02816,0,0,4.36698,3.33882,1.028160,1,0,118.13,0,0,0,118.13,0
37.2836,2.40379,0,0,6.89323,0.224388,0.36288,3.6288,61.308,0.371943,0,0,2.73688,0.145067,2.21987,0.66528,12.849,1,0.925254,0.36288,0,99.0032,3.39024,95.0506,0.84672,12.849,0.84672,3695.15,0,18.483,0.112132,3.70256,1.79207,12.2726,0.842818,16.8123,0.42336,0,0,18.483,0.42336,442.007,0,1.02816,0,0,4.73072,3.70256,1.028160,1,0,114.083,0,0,0,114.083,0
39.7898,2.47601,0,0,5.58032,0.235222,0.36288,3.6288,61.308,0.372038,0,0,1.93432,0.145067,1.41722,0.66528,12.849,1,0.853306,0.36288,0,99.258,3.39024,95.3774,0.84672,12.849,0.84672,3695.15,0,18.483,0.112161,2.00079,1.79222,8.42037,0.842818,11.2584,0.42336,0,0,18.483,0.42336,442.007,0,1.02816,0,0,3.02895,2.00079,1.028160,1,0,108.053,0,0,0,108.053,0
40.5494,2.51685,0,0,3.88149,0.242181,0.36288,3.6288,61.308,0.372134,0,0,1.38193,0.145067,0.864733,0.66528,12.849,1,0.812745,0.36288,0,92.0367,3.39024,88.1966,0.84672,12.849,0.84672,3695.15,0,18.483,0.11219,1.65535,1.79236,8.09499,0.842818,10.5877,0.42336,0,0,18.483,0.42336,442.007,0,1.02816,0,0,2.68351,1.65535,1.028160,1,0,99.6491,0,0,0,99.6491,0
42.4251,2.52862,0,0,4.96714,0.199938,0.36288,3.6288,61.308,0.37223,0,0,1.33434,0.121625,0.840481,0.66528,12.849,1,0.80125,0.36288,0,101.209,3.09727,97.6733,0.84672,12.849,0.84672,3695.15,0,18.483,0.112219,1.5602,1.79251,8.63361,0.81316,11.0609,0.42336,0,0,18.483,0.42336,442.007,0,1.02816,0,0,2.58836,1.5602,1.028160,1,0,109.575,0,0,0,109.575,0
45.9475,2.64941,0,0,6.76521,0.230515,0.36288,3.6288,61.308,0.419073,0,0,1.94667,0.191546,1.33605,0.66528,12.849,1,0.802409,0.36288,0,176.077,4.39131,171.246,0.84672,12.849,0.84672,3695.15,0,18.483,0.126341,2.25838,1.79266,10.7178,1.0736,13.5689,0.42336,0,0,18.483,0.42336,442.007,0,1.02816,0,0,3.28654,2.25838,1.028160,1,0,186.151,0,0,0,186.151,0
48.2939,2.6977,0,0,5.64691,0.239949,0.36288,3.6288,61.308,0.419172,0,0,1.6676,0.191546,1.05688,0.66528,12.849,1,0.7544,0.36288,0,127.011,4.39131,122.229,0.84672,12.849,0.84672,3695.15,0,18.483,0.126371,2.11898,1.86261,9.50521,1.0736,12.2868,0.42336,0,0,18.483,0.42336,442.007,0,1.02816,0,0,3.14714,2.11898,1.028160,1,0,135.572,0,0,0,135.572,0
49.9453,2.72688,0,0,4.98741,0.246233,0.36288,3.6288,61.308,0.419272,0,0,1.51655,0.191546,0.905735,0.66528,12.849,1,0.725509,0.36288,0,108.001,4.39131,103.247,0.84672,12.849,0.84672,3695.15,0,18.483,0.126401,1.89736,1.86277,8.62203,1.0736,11.1822,0.42336,0,0,18.483,0.42336,442.007,0,1.02816,0,0,2.92552,1.89736,1.028160,1,0,115.335,0,0,0,115.335,0
52.2136,2.74618,0,0,5.59734,0.219927,0.36288,3.6288,61.308,0.419371,0,0,1.5424,0.170226,0.952798,0.66528,12.849,1,0.706487,0.36288,0,110.254,3.5652,106.345,0.84672,12.849,0.84672,3695.15,0,18.483,0.126431,1.82107,1.86292,9.19624,1.06158,11.6922,0.42336,0,0,18.483,0.42336,442.007,0,1.02816,0,0,2.84923,1.82107,1.028160,1,0,118.99,0,0,0,118.99,0
53.6122,2.73285,0,0,4.665,0.170746,0.36288,3.6288,61.308,0.401308,0,0,0.992969,0.214978,0.376683,0.66528,12.849,1,0.672514,0.36288,0,99.6278,4.46962,94.8486,0.84672,12.849,0.84672,3695.15,0,18.483,0.120986,1.19134,1.86307,6.90189,1.08655,8.74876,0.42336,0,0,18.483,0.42336,442.007,0,1.02816,0,0,2.2195,1.19134,1.028160,1,0,103.974,0,0,0,103.974,0
54.654,2.74723,0,0,4.31688,0.164892,0.36288,3.6288,61.308,0.401406,0,0,0.86406,0.223029,0.239625,0.66528,12.849,1,0.658416,0.36288,0,91.0786,4.64331,86.1397,0.84672,12.849,0.84672,3695.15,0,18.483,0.121015,0.958245,1.83605,6.19429,1.09105,7.77652,0.42336,0,0,18.483,0.42336,442.007,0,1.02816,0,0,1.98641,0.958245,1.028160,1,0,94.1559,0,0,0,94.1559,0
55.3609,2.75762,0,0,3.99403,0.166642,0.36288,3.6288,61.308,0.401504,0,0,0.939721,0.223029,0.315188,0.66528,12.849,1,0.648307,0.36288,0,82.8472,4.64331,77.9185,0.84672,12.849,0.84672,3695.15,0,18.483,0.121045,1.14256,1.8362,6.39343,1.09105,8.1601,0.42336,0,0,18.483,0.42336,442.007,0,1.02816,0,0,2.17072,1.14256,1.028160,1,0,86.3938,0,0,0,86.3938,0
55.8354,2.76456,0,0,3.77917,0.177235,0.36288,3.6288,61.308,0.401603,0,0,1.01075,0.199747,0.409401,0.66528,12.849,1,0.641641,0.36288,0,77.5535,4.42197,72.8528,0.84672,12.849,0.84672,3695.15,0,18.483,0.121074,1.22399,1.83635,6.9374,1.00893,8.86773,0.42336,0,0,18.483,0.42336,442.007,0,1.02816,0,0,2.25215,1.22399,1.028160,1,0,82.1299,0,0,0,82.1299,0
55.8749,2.90059,0,0,3.44835,0.145396,0.36288,3.6288,61.308,0.46613,0,0,0.813897,0.190817,0.15695,0.66528,12.849,1,0.667491,0.36288,0,66.8235,4.36784,62.151,0.84672,12.849,0.84672,3695.15,0,18.483,0.140528,0.782248,1.8365,5.64853,0.952737,7.17401,0.42336,0,0,18.483,0.42336,442.007,0,1.02816,0,0,1.81041,0.782248,1.028160,1,0,69.482,0,0,0,69.482,0
55.6707,2.90121,0,0,3.19454,0.134692,0.36288,3.6288,61.308,0.466233,0,0,0.724222,0.230232,0.0277564,0.66528,12.849,1,0.667162,0.36288,0,59.464,4.68079,54.4789,0.84672,12.849,0.84672,3695.15,0,18.483,0.140559,0.597007,1.93172,5.23222,1.08058,6.5398,0.42336,0,0,18.483,0.42336,442.007,0,1.02816,0,0,1.62517,0.597007,1.028160,1,0,61.0465,0,0,0,61.0465,0
55.3819,2.89946,0,0,3.10797,0.134418,0.36288,3.6288,61.308,0.466337,0,0,0.734616,0.230232,0.038047,0.66528,12.849,1,0.669206,0.36288,0,56.5044,4.68079,51.5173,0.84672,12.849,0.84672,3695.15,0,18.483,0.14059,0.728741,1.93188,4.9826,1.08058,6.42204,0.42336,0,0,18.483,0.42336,442.007,0,1.02816,0,0,1.7569,0.728741,1.028160,1,0,57.9774,0,0,0,57.9774,0
54.7931,2.89686,0,0,2.82201,0.151071,0.36288,3.6288,61.308,0.46644,0,0,0.691485,0.224965,8.00176e-05,0.66528,12.849,1,0.672094,0.36288,0,53.2512,4.34233,48.5996,0.84672,12.849,0.84672,3695.15,0,18.483,0.140621,0.674957,1.93204,4.55865,1.09364,5.93137,0.42336,0,0,18.483,0.42336,442.007,0,1.02816,0,0,1.70312,0.674957,1.028160,1,0,54.5311,0,0,0,54.5311,0
54.0489,2.89125,0,0,2.63391,0.123957,0.36288,3.6288,61.2833,0.466543,0,0,0.676166,0.234324,0,0.66528,12.849,1,0.678,0.36288,0,48.1236,4.27551,43.533,0.84672,12.849,0.84672,3695.15,0,18.483,0.140652,0.67824,1.93219,4.28452,1.13284,5.62146,0.42336,0,0,18.483,0.42336,442.007,0,1.02816,0,0,1.7064,0.67824,1.028160,1,0,49.1544,0,0,0,49.1544,0
52.8832,2.85812,0,0,2.14595,0.0906361,0.36288,3.6288,61.1257,0.502026,0,0,0.571429,0.226978,0,0.66528,12.849,1,0.679458,0.36288,0,36.2538,4.72448,31.2127,0.84672,12.849,0.84672,3695.15,0,18.483,0.151411,0.367857,1.93235,3.29017,1.10933,4.32964,0.42336,0,0,18.483,0.42336,442.007,0,1.02816,0,0,1.39602,0.367857,1.028160,1,0,35.5424,0,0,0,35.5424,0
51.5378,2.8463,0,0,1.95333,0.0895647,0.36288,3.6288,60.8396,0.593813,0,0,0.534457,0.226752,0,0.66528,12.849,1,0.691564,0.36288,0,34.8036,4.72448,29.7505,0.84672,12.849,0.84672,3695.15,0,18.483,0.179555,0.30119,1.96214,3.09081,1.10933,4.06526,0.42336,0,0,18.483,0.42336,442.007,0,0.908366,0,0,1.20956,0.30119,1.028160,1,0,33.8158,0,0,0,33.8158,0
50.0625,2.83208,0,0,1.79614,0.076432,0.36288,3.6288,60.5234,0.567288,0,0,0.510269,0.259151,0,0.66528,12.849,1,0.706073,0.36288,0,30.8546,5.14792,25.3634,0.84672,12.849,0.84672,3695.15,0,18.483,0.172341,0.261274,1.9623,2.97403,1.2639,3.76136,0.42336,0,0,18.483,0.42336,442.007,0,0.942244,0,0,1.20352,0.261274,1.028160,1,0,29.1248,0,0,0,29.1248,0
48.5123,2.81576,0,0,1.68806,0.0596408,0.36288,3.6288,60.1134,0.583787,0,0,0.476017,0.30229,0,0.66528,12.849,1,0.72269,0.36288,0,27.3904,5.71253,21.318,0.84672,12.849,0.84672,3695.15,0,18.483,0.17828,0.261274,1.96247,2.86305,1.46999,3.43853,0.42336,0,0,18.483,0.42336,442.007,0,0.919944,0,0,1.18122,0.261274,1.028160,1,0,24.7565,0,0,0,24.7565,0
47.0542,2.86302,0,0,1.83063,0.062899,0.36288,3.6288,59.827,0.531633,0,0,0.552684,0.307388,0,0.66528,12.849,1,0.758302,0.36288,0,30.5762,5.83035,24.3504,0.84672,12.849,0.84672,3695.15,0,18.483,0.163461,0.33683,1.96263,3.06697,1.47932,3.72364,0.42336,0,0,18.483,0.42336,442.007,0,1.02816,0,0,1.36499,0.33683,1.028160,1,0,28.0741,0,0,0,28.0741,0
45.6829,2.8448,0,0,1.90001,0.0635735,0.36288,3.6288,59.57,0.531144,0,0,0.583254,0.309177,0,0.66528,12.849,1,0.776825,0.36288,0,30.2473,5.87748,23.9559,0.84672,12.849,0.84672,3695.15,0,18.483,0.164092,0.448952,2.01002,3.29812,1.48306,4.10995,0.42336,0,0,18.483,0.42336,442.007,0,1.02816,0,0,1.47711,0.448952,1.028160,1,0,28.0659,0,0,0,28.0659,0
44.0829,2.82683,0,0,1.65231,0.0626123,0.36288,3.6288,59.2787,0.530711,0,0,0.548127,0.30867,0,0.66528,12.849,1,0.795089,0.36288,0,28.6171,5.87748,22.3074,0.84672,12.849,0.84672,3695.15,0,18.483,0.164666,0.324251,2.01019,3.20959,1.48306,3.8963,0.42336,0,0,18.483,0.42336,442.007,0,1.02816,0,0,1.35241,0.324251,1.028160,1,0,26.2037,0,0,0,26.2037,0
42.3753,2.80472,0,0,1.52151,0.0614907,0.36288,3.6288,58.9775,0.530203,0,0,0.537054,0.308095,0,0.66528,12.849,1,0.817501,0.36288,0,26.9902,5.87748,20.658,0.84672,12.849,0.84672,3695.15,0,18.483,0.165316,0.254699,2.01035,3.17708,1.48306,3.79376,0.42336,0,0,18.483,0.42336,442.007,0,1.02816,0,0,1.28286,0.254699,1.028160,1,0,24.4518,0,0,0,24.4518,0
40.3522,2.96531,0,0,1.35626,0.0512091,0.36288,3.6288,58.4748,0.691703,0,0,0.509363,0.320374,0,0.66528,12.849,1,0.899139,0.36288,0,24.5274,6.13047,17.8607,0.84672,12.849,0.84672,3695.15,0,18.483,0.216773,0.227405,2.01052,3.19442,1.50773,3.70783,0.42336,0,0,18.483,0.42336,442.007,0,0.963757,0,0,1.19116,0.227405,1.028160,1,0,21.5685,0,0,0,21.5685,0
38.458,2.93136,0,0,1.45752,0.0574257,0.36288,3.6288,57.7138,0.838673,0,0,0.416133,0.338453,0,0.66528,12.849,1,0.933408,0.36288,0,21.1676,6.11709,14.48,0.84672,12.849,0.84672,3695.15,0,18.483,0.265092,0.227405,2.17069,2.89854,1.56826,3.46328,0.42336,0,0,18.483,0.42336,442.007,0,0.768623,0,0,0.996028,0.227405,1.028160,1,0,17.9432,0,0,0,17.9432,0
36.6939,2.89714,0,0,1.55204,0.0561709,0.36288,3.6288,57.2281,0.660731,0,0,0.511862,0.336795,0,0.66528,12.849,1,0.967947,0.36288,0,26.9366,6.11709,20.2144,0.84672,12.849,0.84672,3695.15,0,18.483,0.211601,0.227405,2.17086,3.23755,1.56826,3.85596,0.42336,0,0,18.483,0.42336,442.007,0,1.00021,0,0,1.22761,0.227405,1.028160,1,0,24.0704,0,0,0,24.0704,0
34.6899,2.86291,0,0,1.27686,0.0550172,0.36288,3.6288,56.3293,0.935852,0,0,0.37278,0.335737,0,0.66528,12.849,1,1.0025,0.36288,0,24.6782,6.11709,17.9215,0.84672,12.849,0.84672,3695.15,0,18.483,0.302253,0.204422,2.17104,2.6517,1.56826,3.15665,0.42336,0,0,18.483,0.42336,442.007,0,0.634591,0,0,0.839013,0.204422,1.028160,1,0,21.0781,0,0,0,21.0781,0
33.0437,2.82088,0,0,1.59119,0.0537067,0.36288,3.6288,56.0053,0.636002,0,0,0.645772,0.333779,0,0.66528,12.849,1,1.04484,0.36288,0,24.0552,6.11709,17.2562,0.84672,12.849,0.84672,3695.15,0,18.483,0.208688,0.629856,2.17122,4.13576,1.56826,5.15989,0.42336,0,0,18.483,0.42336,442.007,0,1.02816,0,0,1.65802,0.629856,1.028160,1,0,22.4161,0,0,0,22.4161,0
31.2441,2.6987,0,0,1.30855,0.0464837,0.36288,3.6288,55.2054,0.957449,0,0,0.518856,0.361269,0,0.66528,12.849,1,1.04939,0.36288,0,26.3938,5.4179,20.2894,0.84672,12.849,0.84672,3695.15,0,18.483,0.315979,0.204422,2.1714,4.67931,1.60673,5.13242,0.42336,0,0,18.483,0.42336,442.007,0,0.509458,0,0,0.71388,0.204422,1.028160,1,0,25.4218,0,0,0,25.4218,0
29.6188,2.65609,0,0,1.48503,0.0914098,0.36288,3.6288,54.4043,0.988699,0,0,0.500474,0.312937,0,0.66528,12.849,1,1.0923,0.36288,0,22.2659,5.03139,16.5051,0.84672,12.849,0.84672,3695.15,0,18.483,0.33102,0.204422,2.07985,3.52867,1.47398,4.00794,0.42336,0,0,18.483,0.42336,442.007,0,0.463313,0,0,0.667736,0.204422,1.028160,1,0,20.513,0,0,0,20.513,0
28.5165,2.6145,0,0,1.96453,0.089459,0.36288,3.6288,53.9412,0.802889,0,0,0.651094,0.311288,0,0.66528,12.849,1,1.1342,0.36288,0,32.4127,5.03139,26.61,0.84672,12.849,0.84672,3695.15,0,18.483,0.272769,0.216518,2.08002,5.06561,1.47398,5.6154,0.42336,0,0,18.483,0.42336,442.007,0,0.707521,0,0,0.924039,0.216518,1.028160,1,0,32.2254,0,0,0,32.2254,0
28.0376,2.58449,0,0,2.55663,0.0881312,0.36288,3.6288,53.9897,0.562444,0,0,0.921292,0.310336,0,0.66528,12.849,1,1.16452,0.36288,0,63.4643,5.03139,57.6313,0.84672,12.849,0.84672,3695.15,0,18.483,0.192722,0.26657,2.08019,6.01567,1.47398,6.69573,0.42336,0,0,18.483,0.42336,442.007,0,1.02816,0,0,1.29473,0.26657,1.028160,1,0,64.327,0,0,0,64.327,0
26.6429,2.50464,0,0,1.59822,0.125402,0.36288,3.6288,53.527,0.761754,0,0,0.519369,0.220338,0,0.66528,12.849,1,1.14782,0.36288,0,40.0334,4.37033,34.8782,0.84672,12.849,0.84672,3695.15,0,18.483,0.260781,0.216518,2.08036,3.1772,1.12887,4.08443,0.42336,0,0,18.483,0.42336,442.007,0,0.678879,0,0,0.895398,0.216518,1.028160,1,0,38.9626,0,0,0,38.9626,0
26.1409,2.46431,0,0,2.45659,0.131387,0.36288,3.6288,53.342,0.57581,0,0,0.552465,0.161669,0,0.66528,12.849,1,1.18845,0.36288,0,51.2311,3.89729,46.5082,0.84672,12.849,0.84672,3695.15,0,18.483,0.198829,0.216518,1.99898,4.33201,0.859827,5.48886,0.42336,0,0,18.483,0.42336,442.007,0,0.926916,0,0,1.14343,0.216518,1.028160,1,0,51.9971,0,0,0,51.9971,0
27.0949,2.44921,0,0,3.8965,0.130462,0.36288,3.6288,53.8369,0.500211,0,0,1.15661,0.161431,0,0.66528,12.849,1,1.20385,0.36288,0,69.7042,3.89729,64.966,0.84672,12.849,0.84672,3695.15,0,18.483,0.173323,0.931133,1.99915,6.97507,0.859827,8.8722,0.42336,0,0,18.483,0.42336,442.007,0,1.02816,0,0,1.95929,0.931133,1.028160,1,0,73.8382,0,0,0,73.8382,0
26.6251,2.47816,0,0,2.50346,0.13222,0.36288,3.6288,54.0357,0.501502,0,0,0.862368,0.162067,0,0.66528,12.849,1,1.1752,0.36288,0,47.9409,3.89729,43.2312,0.84672,12.849,0.84672,3695.15,0,18.483,0.172173,0.671298,1.99931,6.88183,0.859827,8.52044,0.42336,0,0,18.483,0.42336,442.007,0,1.02816,0,0,1.69946,0.671298,1.028160,1,0,51.7517,0,0,0,51.7517,0
27.9636,2.27878,0,0,4.1556,0.175447,0.36288,3.6288,54.4073,0.374693,0,0,0.938857,0.192609,0,0.66528,12.849,1,1.09972,0.36288,0,131.152,4.32169,126.094,0.84672,12.849,0.84672,3695.15,0,18.483,0.128164,0.709299,1.99948,9.93094,1.00861,11.5029,0.42336,0,0,18.483,0.42336,442.007,0,1.02816,0,0,1.73746,0.709299,1.028160,1,0,137.596,0,0,0,137.596,0
29.3975,2.31504,0,0,4.28527,0.173396,0.36288,3.6288,54.8047,0.37544,0,0,0.98426,0.211363,0,0.66528,12.849,1,1.06374,0.36288,0,99.9916,4.36789,94.9228,0.84672,12.849,0.84672,3695.15,0,18.483,0.127543,0.673419,1.81599,9.31098,1.14365,10.5292,0.42336,0,0,18.483,0.42336,442.007,0,1.02816,0,0,1.70158,0.673419,1.028160,1,0,105.452,0,0,0,105.452,0
30.9617,2.35134,0,0,4.45517,0.17682,0.36288,3.6288,55.6543,0.376226,0,0,1.4377,0.211918,0,0.66528,12.849,1,1.02772,0.36288,0,104.96,4.36789,99.9269,0.84672,12.849,0.84672,3695.15,0,18.483,0.126883,0.827988,1.81614,10.8479,1.14365,12.2215,0.42336,0,0,18.483,0.42336,442.007,0,1.02816,0,0,1.85615,0.827988,1.028160,1,0,112.148,0,0,0,112.148,0
34.5285,2.38823,0,0,6.52642,0.2085,0.36288,3.6288,56.5786,0.377774,0,0,1.50136,0.199316,0,0.66528,12.849,1,0.991107,0.36288,0,191.581,3.80593,187.147,0.84672,12.849,0.84672,3695.15,0,18.483,0.12546,0.92664,1.81629,14.8934,1.02949,16.4814,0.42336,0,0,18.483,0.42336,442.007,0,1.02816,0,0,1.9548,0.92664,1.028160,1,0,203.628,0,0,0,203.628,0
40.4451,2.46304,0,0,8.96538,0.222869,0.36288,3.6288,58.0284,0.379414,0,0,2.02748,0.198211,0,0.66528,12.849,1,0.916566,0.36288,0,220.127,3.71228,215.861,0.84672,12.849,0.84672,3695.15,0,18.483,0.123946,2.10672,1.81644,15.9223,1.01046,18.7111,0.42336,0,0,18.483,0.42336,442.007,0,1.02816,0,0,3.13488,2.10672,1.028160,1,0,234.572,0,0,0,234.572,0
40.0888,2.64535,0,0,2.83068,0.178738,0.36288,3.6288,58.2023,0.419412,0,0,0.790275,0.197018,0,0.66528,12.849,1,0.840402,0.36288,0,54.1753,3.6455,50.0523,0.84672,12.849,0.84672,3695.15,0,18.483,0.13359,0.467675,1.81659,5.06176,1.1334,6.07904,0.42336,0,0,18.483,0.42336,442.007,0,1.02816,0,0,1.49583,0.467675,1.028160,1,0,56.1313,0,0,0,56.1313,0
38.5679,2.63989,0,0,1.64987,0.167974,0.36288,3.6288,58.3697,0.451482,0,0,0.815674,0.196728,0,0.66528,12.849,1,0.84612,0.36288,0,37.1856,3.63437,33.068,0.84672,12.849,0.84672,3695.15,0,18.483,0.143375,0.412474,1.87484,5.61068,1.15389,6.60072,0.42336,0,0,18.483,0.42336,442.007,0,0.98642,0,0,1.39889,0.412474,1.028160,1,0,39.6687,0,0,0,39.6687,0
38.2192,2.61505,0,0,2.80937,0.180122,0.36288,3.6288,59.0975,0.420181,0,0,1.37062,0.222671,0,0.66528,12.849,1,0.871211,0.36288,0,72.2811,3.82566,67.9471,0.84672,12.849,0.84672,3695.15,0,18.483,0.133052,1.29589,1.87497,10.2057,1.22066,12.0228,0.42336,0,0,18.483,0.42336,442.007,0,1.02816,0,0,2.32405,1.29589,1.028160,1,0,79.9699,0,0,0,79.9699,0
37.2352,2.60929,0,0,2.18754,0.19943,0.36288,3.6288,59.2733,0.421517,0,0,0.855464,0.258184,0,0.66528,12.849,1,0.877224,0.36288,0,41.2012,4.08072,36.6062,0.84672,12.849,0.84672,3695.15,0,18.483,0.131831,0.97759,1.87511,4.72802,1.30968,6.1392,0.42336,0,0,18.483,0.42336,442.007,0,1.02816,0,0,2.00575,0.97759,1.028160,1,0,42.7454,0,0,0,42.7454,0
35.7704,2.84509,0,0,1.92893,0.185698,0.36288,3.6288,59.2708,0.617578,0,0,0.841761,0.226651,0,0.66528,12.849,1,0.981774,0.36288,0,36.4618,3.62401,32.2189,0.84672,12.849,0.84672,3695.15,0,18.483,0.192578,0.503194,1.87525,3.6441,1.06426,4.76571,0.42336,0,0,18.483,0.42336,442.007,0,0.957433,0,0,1.46063,0.503194,1.028160,1,0,36.9846,0,0,0,36.9846,0
34.7903,2.81572,0,0,2.38106,0.182616,0.36288,3.6288,59.1886,0.563756,0,0,0.668362,0.186779,0,0.66528,12.849,1,1.01143,0.36288,0,41.4046,3.47855,37.2775,0.84672,12.849,0.84672,3695.15,0,18.483,0.175802,0.891492,2.08279,3.9902,0.923079,5.86561,0.42336,0,0,18.483,0.42336,442.007,0,1.02816,0,0,1.91965,0.891492,1.028160,1,0,43.1431,0,0,0,43.1431,0
34.4919,2.79511,0,0,3.04008,0.180465,0.36288,3.6288,59.1478,0.563669,0,0,0.709517,0.186681,0,0.66528,12.849,1,1.03231,0.36288,0,59.4143,3.47855,55.2663,0.84672,12.849,0.84672,3695.15,0,18.483,0.176018,1.11832,2.08295,4.45439,0.923079,6.55655,0.42336,0,0,18.483,0.42336,442.007,0,1.02816,0,0,2.14648,1.11832,1.028160,1,0,61.8228,0,0,0,61.8228,0
34.3004,2.78881,0,0,3.13995,0.17981,0.36288,3.6288,59.1487,0.563674,0,0,0.751257,0.186632,0,0.66528,12.849,1,1.03889,0.36288,0,64.5445,3.47855,60.39,0.84672,12.849,0.84672,3695.15,0,18.483,0.176142,1.24754,2.0831,4.75472,0.923079,6.98614,0.42336,0,0,18.483,0.42336,442.007,0,1.02816,0,0,2.2757,1.24754,1.028160,1,0,67.3761,0,0,0,67.3761,0
36.52,2.4318,0,0,5.20869,0.194404,0.36288,3.6288,59.9449,0.37357,0,0,1.34332,0.173592,0,0.66528,12.849,1,0.910959,0.36288,0,85.9232,3.70399,81.6712,0.84672,12.849,0.84672,3695.15,0,18.483,0.116735,2.34879,2.08325,7.90137,0.934363,11.2823,0.42336,0,0,18.483,0.42336,442.007,0,1.02816,0,0,3.37695,2.34879,1.028160,1,0,92.9535,0,0,0,92.9535,0
40.593,2.47294,0,0,7.12914,0.220246,0.36288,3.6288,60.9588,0.37484,0,0,1.54575,0.157001,0,0.66528,12.849,1,0.870066,0.36288,0,96.5019,4.00459,91.9901,0.84672,12.849,0.84672,3695.15,0,18.483,0.115576,2.38265,1.7996,9.91898,0.949407,13.0362,0.42336,0,0,18.483,0.42336,442.007,0,1.02816,0,0,3.41081,2.38265,1.028160,1,0,105.026,0,0,0,105.026,0
43.215,2.53943,0,0,5.75525,0.231025,0.36288,3.6288,61.308,0.3764,0,0,1.09152,0.158016,0.207896,0.66528,12.849,1,0.803812,0.36288,0,104.301,4.00459,99.8557,0.84672,12.849,0.84672,3695.15,0,18.483,0.114126,1.21923,1.79973,6.88046,0.949407,8.83589,0.42336,0,0,18.483,0.42336,442.007,0,1.02816,0,0,2.24739,1.21923,1.028160,1,0,108.899,0,0,0,108.899,0
44.0881,2.57721,0,0,4.05149,0.238216,0.36288,3.6288,61.308,0.376985,0,0,0.774282,0.158366,0.238932,0.66528,12.849,1,0.766277,0.36288,0,92.7253,4.00459,88.3174,0.84672,12.849,0.84672,3695.15,0,18.483,0.113653,0.91228,1.79986,6.61223,0.949407,8.26131,0.42336,0,0,18.483,0.42336,442.007,0,1.02816,0,0,1.94044,0.91228,1.028160,1,0,96.8176,0,0,0,96.8176,0
45.8796,2.58915,0,0,4.92317,0.179709,0.36288,3.6288,61.308,0.37707,0,0,0.824256,0.116252,0.330934,0.66528,12.849,1,0.75458,0.36288,0,87.747,3.39423,83.961,0.84672,12.849,0.84672,3695.15,0,18.483,0.113678,1.04934,1.79999,6.62887,0.861729,8.50279,0.42336,0,0,18.483,0.42336,442.007,0,1.02816,0,0,2.0775,1.04934,1.028160,1,0,92.7948,0,0,0,92.7948,0
49.9446,2.70781,0,0,7.41023,0.274531,0.36288,3.6288,61.308,0.424097,0,0,0.967047,0.125807,0.417143,0.66528,12.849,1,0.758348,0.36288,0,120.115,3.75963,115.96,0.84672,12.849,0.84672,3695.15,0,18.483,0.127856,1.45993,1.80012,7.71552,0.84434,10.0034,0.42336,0,0,18.483,0.42336,442.007,0,1.02816,0,0,2.48809,1.45993,1.028160,1,0,126.38,0,0,0,126.38,0
53.1302,2.75711,0,0,6.59264,0.286983,0.36288,3.6288,61.308,0.424185,0,0,1.31993,0.125807,0.769941,0.66528,12.849,1,0.709307,0.36288,0,133.869,3.75963,129.763,0.84672,12.849,0.84672,3695.15,0,18.483,0.127882,2.3501,1.87035,10.8209,0.84434,14.0691,0.42336,0,0,18.483,0.42336,442.007,0,1.02816,0,0,3.37826,2.3501,1.028160,1,0,144.602,0,0,0,144.602,0
54.8572,2.79156,0,0,5.17809,0.296656,0.36288,3.6288,61.308,0.424274,0,0,1.09923,0.125807,0.549152,0.66528,12.849,1,0.675109,0.36288,0,156.555,3.75963,152.483,0.84672,12.849,0.84672,3695.15,0,18.483,0.127909,2.45252,1.87049,7.98267,0.84434,11.3334,0.42336,0,0,18.483,0.42336,442.007,0,1.02816,0,0,3.48068,2.45252,1.028160,1,0,164.366,0,0,0,164.366,0
55.3935,2.80898,0,0,3.98723,0.279071,0.36288,3.6288,61.308,0.424363,0,0,0.77093,0.0882736,0.258294,0.66528,12.849,1,0.657937,0.36288,0,110.525,2.59203,107.638,0.84672,12.849,0.84672,3695.15,0,18.483,0.127936,1.54777,1.87063,6.19345,0.69882,8.78509,0.42336,0,0,18.483,0.42336,442.007,0,1.02816,0,0,2.57593,1.54777,1.028160,1,0,116.682,0,0,0,116.682,0
56.4168,2.77557,0,0,4.40375,0.242054,0.36288,3.6288,61.308,0.406214,0,0,0.903208,0.189701,0.307293,0.66528,12.849,1,0.643817,0.36288,0,92.2432,3.86171,88.1006,0.84672,12.849,0.84672,3695.15,0,18.483,0.122465,1.60109,1.87076,6.84033,0.978106,9.21161,0.42336,0,0,18.483,0.42336,442.007,0,1.02816,0,0,2.62925,1.60109,1.028160,1,0,97.6195,0,0,0,97.6195,0
56.6947,2.78528,0,0,3.67525,0.249184,0.36288,3.6288,61.308,0.406302,0,0,0.744984,0.209751,0.128931,0.66528,12.849,1,0.634352,0.36288,0,71.0148,4.15013,66.5932,0.84672,12.849,0.84672,3695.15,0,18.483,0.122491,1.32871,1.84361,6.05921,1.01635,8.09269,0.42336,0,0,18.483,0.42336,442.007,0,1.02816,0,0,2.35687,1.32871,1.028160,1,0,74.8148,0,0,0,74.8148,0
56.3384,2.78802,0,0,3.04447,0.24987,0.36288,3.6288,61.308,0.406389,0,0,0.680035,0.209751,0.0638945,0.66528,12.849,1,0.631863,0.36288,0,61.3089,4.15013,56.8898,0.84672,12.849,0.84672,3695.15,0,18.483,0.122517,1.12927,1.84374,5.37557,1.01635,7.20971,0.42336,0,0,18.483,0.42336,442.007,0,1.02816,0,0,2.15743,1.12927,1.028160,1,0,64.1634,0,0,0,64.1634,0
55.6883,2.78497,0,0,2.7468,0.248991,0.36288,3.6288,61.2733,0.406476,0,0,0.581574,0.209751,0,0.66528,12.849,1,0.635164,0.36288,0,59.5913,4.15013,55.1689,0.84672,12.849,0.84672,3695.15,0,18.483,0.122544,0.603979,1.84388,5.4773,1.01635,6.78626,0.42336,0,0,18.483,0.42336,442.007,0,1.02816,0,0,1.63214,0.603979,1.028160,1,0,61.9551,0,0,0,61.9551,0
55.5799,2.91098,0,0,3.38776,0.222334,0.36288,3.6288,61.308,0.471194,0,0,0.751773,0.218905,0.0270213,0.66528,12.849,1,0.671653,0.36288,0,65.2275,4.21427,60.7045,0.84672,12.849,0.84672,3695.15,0,18.483,0.142135,1.08563,1.84401,5.56875,1.04502,7.31123,0.42336,0,0,18.483,0.42336,442.007,0,1.02816,0,0,2.11379,1.08563,1.028160,1,0,68.0427,0,0,0,68.0427,0
54.8716,2.91013,0,0,2.7242,0.159531,0.36288,3.6288,61.2201,0.471348,0,0,0.625384,0.241957,0,0.66528,12.849,1,0.672766,0.36288,0,51.7139,4.37461,47.0294,0.84672,12.849,0.84672,3695.15,0,18.483,0.142101,1.05435,1.9396,4.562,1.11669,6.29715,0.42336,0,0,18.483,0.42336,442.007,0,1.02816,0,0,2.08251,1.05435,1.028160,1,0,53.3265,0,0,0,53.3265,0
53.9616,2.90331,0,0,2.51462,0.158402,0.36288,3.6288,61.1482,0.471283,0,0,0.641256,0.241822,0,0.66528,12.849,1,0.679853,0.36288,0,49.5292,4.37461,44.8376,0.84672,12.849,0.84672,3695.15,0,18.483,0.142285,0.524353,1.93974,4.34122,1.11669,5.54634,0.42336,0,0,18.483,0.42336,442.007,0,1.02816,0,0,1.55251,0.524353,1.028160,1,0,50.384,0,0,0,50.384,0
52.8134,2.89426,0,0,2.26587,0.156953,0.36288,3.6288,61.0068,0.471246,0,0,0.57154,0.241712,0,0.66528,12.849,1,0.689163,0.36288,0,44.3993,4.37461,39.6984,0.84672,12.849,0.84672,3695.15,0,18.483,0.142442,0.311204,1.93988,4.08347,1.11669,5.07542,0.42336,0,0,18.483,0.42336,442.007,0,1.02816,0,0,1.33936,0.311204,1.028160,1,0,44.7738,0,0,0,44.7738,0
51.4504,2.88242,0,0,2.03088,0.148557,0.36288,3.6288,60.8539,0.471085,0,0,0.56504,0.246878,0,0.66528,12.849,1,0.701265,0.36288,0,38.5302,4.46123,33.7306,0.84672,12.849,0.84672,3695.15,0,18.483,0.142723,0.425468,1.94002,3.98834,1.13813,5.07298,0.42336,0,0,18.483,0.42336,442.007,0,1.02816,0,0,1.45363,0.425468,1.028160,1,0,38.8035,0,0,0,38.8035,0
50.2754,2.84208,0,0,2.14964,0.119646,0.36288,3.6288,60.7415,0.513759,0,0,0.620037,0.218714,0,0.66528,12.849,1,0.709768,0.36288,0,34.4516,3.94947,30.1552,0.84672,12.849,0.84672,3695.15,0,18.483,0.156043,0.30119,1.94017,3.65601,0.994808,4.74651,0.42336,0,0,18.483,0.42336,442.007,0,1.01858,0,0,1.31977,0.30119,1.028160,1,0,34.9017,0,0,0,34.9017,0
49.0238,2.82907,0,0,2.0506,0.110315,0.36288,3.6288,60.6054,0.507325,0,0,0.605319,0.234047,0,0.66528,12.849,1,0.723032,0.36288,0,32.3969,4.16664,27.8701,0.84672,12.849,0.84672,3695.15,0,18.483,0.154374,0.30119,1.97006,3.66189,1.06831,4.71046,0.42336,0,0,18.483,0.42336,442.007,0,1.0268,0,0,1.32799,0.30119,1.028160,1,0,32.5806,0,0,0,32.5806,0
47.5511,2.81465,0,0,1.79452,0.0896997,0.36288,3.6288,60.3332,0.575567,0,0,0.571917,0.268533,0,0.66528,12.849,1,0.737712,0.36288,0,30.4422,4.91296,25.1544,0.84672,12.849,0.84672,3695.15,0,18.483,0.175532,0.261274,1.9702,3.56346,1.3275,4.29191,0.42336,0,0,18.483,0.42336,442.007,0,0.937526,0,0,1.1988,0.261274,1.028160,1,0,29.4463,0,0,0,29.4463,0
46.0362,2.79687,0,0,1.73354,0.0886029,0.36288,3.6288,60.1265,0.506847,0,0,0.562887,0.262742,0,0.66528,12.849,1,0.755755,0.36288,0,28.026,5.18417,22.449,0.84672,12.849,0.84672,3695.15,0,18.483,0.155272,0.261274,1.97035,3.55871,1.42809,4.20697,0.42336,0,0,18.483,0.42336,442.007,0,1.02663,0,0,1.2879,0.261274,1.028160,1,0,26.6559,0,0,0,26.6559,0
44.5178,2.84245,0,0,1.76551,0.0786279,0.36288,3.6288,59.8747,0.581549,0,0,0.616706,0.286945,0,0.66528,12.849,1,0.793346,0.36288,0,29.3552,5.48446,23.4402,0.84672,12.849,0.84672,3695.15,0,18.483,0.178769,0.261274,1.97049,3.37212,1.43689,3.98822,0.42336,0,0,18.483,0.42336,442.007,0,0.969823,0,0,1.2311,0.261274,1.028160,1,0,27.4285,0,0,0,27.4285,0
42.9493,2.82166,0,0,1.68709,0.0710272,0.36288,3.6288,59.5044,0.611526,0,0,0.546015,0.304866,0,0.66528,12.849,1,0.814405,0.36288,0,27.8302,5.70969,21.669,0.84672,12.849,0.84672,3695.15,0,18.483,0.188775,0.261274,2.01806,3.27884,1.4435,3.92589,0.42336,0,0,18.483,0.42336,442.007,0,0.929966,0,0,1.19124,0.261274,1.028160,1,0,25.5949,0,0,0,25.5949,0
41.2964,2.79897,0,0,1.57873,0.0697635,0.36288,3.6288,59.0559,0.649726,0,0,0.505416,0.304145,0,0.66528,12.849,1,0.837358,0.36288,0,25.1238,5.70969,18.9397,0.84672,12.849,0.84672,3695.15,0,18.483,0.201815,0.261274,2.0182,2.92633,1.4435,3.5605,0.42336,0,0,18.483,0.42336,442.007,0,0.878852,0,0,1.14013,0.261274,1.028160,1,0,22.5002,0,0,0,22.5002,0
39.5409,2.77361,0,0,1.44935,0.0684318,0.36288,3.6288,58.5583,0.694185,0,0,0.499863,0.303273,0,0.66528,12.849,1,0.862983,0.36288,0,22.9662,5.70969,16.7564,0.84672,12.849,0.84672,3695.15,0,18.483,0.217262,0.227405,2.01835,2.86206,1.4435,3.44706,0.42336,0,0,18.483,0.42336,442.007,0,0.819072,0,0,1.04648,0.227405,1.028160,1,0,20.2034,0,0,0,20.2034,0
37.8398,2.92821,0,0,1.64695,0.0569354,0.36288,3.6288,58.2041,0.647206,0,0,0.583124,0.290071,0,0.66528,12.849,1,0.951537,0.36288,0,23.0702,5.94346,16.5381,0.84672,12.849,0.84672,3695.15,0,18.483,0.20428,0.296101,2.0185,4.07013,1.50822,4.67223,0.42336,0,0,18.483,0.42336,442.007,0,1.02816,0,0,1.32426,0.296101,1.028160,1,0,21.2103,0,0,0,21.2103,0
35.4925,2.89649,0,0,0.971508,0.0594273,0.36288,3.6288,57.2671,1.03747,0,0,0.389173,0.288789,0,0.66528,12.849,1,0.983542,0.36288,0,15.7556,6.12213,9.01277,0.84672,12.849,0.84672,3695.15,0,18.483,0.329453,0.227405,2.17928,2.19129,1.56161,2.70691,0.42336,0,0,18.483,0.42336,442.007,0,0.512862,0,0,0.740267,0.227405,1.028160,1,0,11.7197,0,0,0,11.7197,0
33.0939,2.84894,0,0,0.871016,0.0577915,0.36288,3.6288,56.263,1.06985,0,0,0.35278,0.287044,0,0.66528,12.849,1,1.03137,0.36288,0,14.0652,6.12213,7.2746,0.84672,12.849,0.84672,3695.15,0,18.483,0.345294,0.227405,2.17944,2.13683,1.56161,2.63677,0.42336,0,0,18.483,0.42336,442.007,0,0.46478,0,0,0.692185,0.227405,1.028160,1,0,9.91138,0,0,0,9.91138,0
30.9221,2.7953,0,0,1.0425,0.0561199,0.36288,3.6288,55.3536,1.00318,0,0,0.37898,0.285174,0,0.66528,12.849,1,1.0853,0.36288,0,14.5565,6.12213,7.71195,0.84672,12.849,0.84672,3695.15,0,18.483,0.329555,0.204422,2.1796,2.34384,1.56161,2.8367,0.42336,0,0,18.483,0.42336,442.007,0,0.547327,0,0,0.751749,0.204422,1.028160,1,0,10.5487,0,0,0,10.5487,0
29.5289,2.74165,0,0,1.7826,0.071302,0.36288,3.6288,54.6557,0.906338,0,0,0.486767,0.278319,0,0.66528,12.849,1,1.13923,0.36288,0,24.1912,5.97371,17.4412,0.84672,12.849,0.84672,3695.15,0,18.483,0.302633,0.204422,2.17976,2.59445,1.5434,3.1326,0.42336,0,0,18.483,0.42336,442.007,0,0.671224,0,0,0.875647,0.204422,1.028160,1,0,20.5738,0,0,0,20.5738,0
28.296,2.62188,0,0,1.83565,0.0838064,0.36288,3.6288,54.2102,0.903893,0,0,0.721017,0.262606,0,0.66528,12.849,1,1.14087,0.36288,0,37.3443,5.64436,30.922,0.84672,12.849,0.84672,3695.15,0,18.483,0.305671,0.204422,2.17992,3.52088,1.4714,4.12815,0.42336,0,0,18.483,0.42336,442.007,0,0.580297,0,0,0.784719,0.204422,1.028160,1,0,35.0501,0,0,0,35.0501,0
27.9228,2.58788,0,0,2.663,0.0854225,0.36288,3.6288,54.4626,0.568128,0,0,1.08129,0.260817,0,0.66528,12.849,1,1.17514,0.36288,0,33.0635,5.55482,26.6964,0.84672,12.849,0.84672,3695.15,0,18.483,0.193704,0.301977,2.08799,5.16213,1.46121,5.89718,0.42336,0,0,18.483,0.42336,442.007,0,1.02816,0,0,1.33014,0.301977,1.028160,1,0,32.5936,0,0,0,32.5936,0
26.3575,2.57731,0,0,1.45989,0.0849855,0.36288,3.6288,54.084,0.816748,0,0,0.699439,0.261253,0,0.66528,12.849,1,1.18598,0.36288,0,41.8473,5.55482,35.4694,0.84672,12.849,0.84672,3695.15,0,18.483,0.27718,0.216518,2.08814,3.21419,1.46121,3.78046,0.42336,0,0,18.483,0.42336,442.007,0,0.696194,0,0,0.912712,0.216518,1.028160,1,0,39.2499,0,0,0,39.2499,0
24.7358,2.53015,0,0,1.35447,0.0831524,0.36288,3.6288,53.5607,0.972752,0,0,0.710012,0.260599,0,0.66528,12.849,1,1.23342,0.36288,0,24.856,5.55482,18.4306,0.84672,12.849,0.84672,3695.15,0,18.483,0.332434,0.216518,2.08829,2.42895,1.46121,2.94011,0.42336,0,0,18.483,0.42336,442.007,0,0.485067,0,0,0.701585,0.216518,1.028160,1,0,21.3707,0,0,0,21.3707,0
23.6128,2.41312,0,0,1.79023,0.137247,0.36288,3.6288,53.4506,0.673295,0,0,0.798783,0.235543,0,0.66528,12.849,1,1.2535,0.36288,0,38.4024,4.74623,32.7655,0.84672,12.849,0.84672,3695.15,0,18.483,0.232344,0.216518,2.08844,3.99116,1.20674,4.85704,0.42336,0,0,18.483,0.42336,442.007,0,0.802369,0,0,1.01889,0.216518,1.028160,1,0,37.6226,0,0,0,37.6226,0
22.0879,2.37469,0,0,1.36122,0.148544,0.36288,3.6288,52.6526,1.0301,0,0,0.434854,0.202753,0,0.66528,12.849,1,1.2922,0.36288,0,38.3733,4.30909,33.1349,0.84672,12.849,0.84672,3695.15,0,18.483,0.356206,0.216518,2.00673,3.21153,0.987119,4.09146,0.42336,0,0,18.483,0.42336,442.007,0,0.321823,0,0,0.538341,0.216518,1.028160,1,0,37.2263,0,0,0,37.2263,0
22.2153,2.31845,0,0,2.95428,0.145479,0.36288,3.6288,52.8265,0.53237,0,0,0.907712,0.201464,0,0.66528,12.849,1,1.3487,0.36288,0,57.4174,4.30909,52.1225,0.84672,12.849,0.84672,3695.15,0,18.483,0.186881,0.216518,2.00688,4.64442,0.987119,5.69382,0.42336,0,0,18.483,0.42336,442.007,0,0.989006,0,0,1.20552,0.216518,1.028160,1,0,57.8163,0,0,0,57.8163,0
25.4198,2.32353,0,0,6.03658,0.14573,0.36288,3.6288,53.8774,0.503912,0,0,1.75661,0.201745,0,0.66528,12.849,1,1.34389,0.36288,0,115.012,4.30909,109.722,0.84672,12.849,0.84672,3695.15,0,18.483,0.17631,1.60486,2.00702,7.45688,0.987119,9.90534,0.42336,0,0,18.483,0.42336,442.007,0,1.02816,0,0,2.63302,1.60486,1.028160,1,0,119.627,0,0,0,119.627,0
27.9663,2.25276,0,0,5.33412,0.171992,0.36288,3.6288,54.6789,0.378787,0,0,1.39838,0.218134,0,0.66528,12.849,1,1.13871,0.36288,0,80.6509,4.09727,75.7778,0.84672,12.849,0.84672,3695.15,0,18.483,0.129945,0.823746,2.00717,5.69101,0.917665,7.47432,0.42336,0,0,18.483,0.42336,442.007,0,1.02816,0,0,1.85191,0.823746,1.028160,1,0,83.2521,0,0,0,83.2521,0
33.1753,2.32397,0,0,8.07235,0.176449,0.36288,3.6288,56.0643,0.380294,0,0,2.01162,0.245934,0,0.66528,12.849,1,1.06774,0.36288,0,162.971,4.54576,157.721,0.84672,12.849,0.84672,3695.15,0,18.483,0.12855,1.79978,1.82296,9.43091,1.09488,11.8302,0.42336,0,0,18.483,0.42336,442.007,0,1.02816,0,0,2.82794,1.79978,1.028160,1,0,169.551,0,0,0,169.551,0
37.116,2.445,0,0,6.93749,0.188926,0.36288,3.6288,57.079,0.382768,0,0,1.64566,0.248182,0,0.66528,12.849,1,0.946963,0.36288,0,157.096,4.54576,151.966,0.84672,12.849,0.84672,3695.15,0,18.483,0.126189,1.47006,1.8231,9.48879,1.09488,11.5609,0.42336,0,0,18.483,0.42336,442.007,0,1.02816,0,0,2.49822,1.47006,1.028160,1,0,163.527,0,0,0,163.527,0
40.6632,2.51987,0,0,6.62816,0.198162,0.36288,3.6288,58.0695,0.384547,0,0,1.62495,0.249829,0,0.66528,12.849,1,0.87234,0.36288,0,165.92,4.54576,160.865,0.84672,12.849,0.84672,3695.15,0,18.483,0.124522,1.3901,1.82323,10.5064,1.0962,12.499,0.42336,0,0,18.483,0.42336,442.007,0,1.02816,0,0,2.41826,1.3901,1.028160,1,0,173.364,0,0,0,173.364,0
46.7969,2.57788,0,0,9.25206,0.177688,0.36288,3.6288,60.19,0.386243,0,0,2.7466,0.239874,0,0.66528,12.849,1,0.814573,0.36288,0,180.249,4.45813,175.34,0.84672,12.849,0.84672,3695.15,0,18.483,0.122938,1.75364,1.82336,11.983,1.03623,14.4008,0.42336,0,0,18.483,0.42336,442.007,0,1.02816,0,0,2.7818,1.75364,1.028160,1,0,189.74,0,0,0,189.74,0
51.0977,2.66165,0,0,7.55137,0.225968,0.36288,3.6288,61.0797,0.389557,0,0,1.50683,0.227589,0,0.66528,12.849,1,0.730808,0.36288,0,115.212,3.95334,110.891,0.84672,12.849,0.84672,3695.15,0,18.483,0.119624,1.40621,1.8235,8.24999,1.10389,10.2562,0.42336,0,0,18.483,0.42336,442.007,0,1.02816,0,0,2.43437,1.40621,1.028160,1,0,121.147,0,0,0,121.147,0
52.2486,2.79591,0,0,4.56492,0.255304,0.36288,3.6288,61.2144,0.429138,0,0,0.786542,0.222701,0,0.66528,12.849,1,0.703058,0.36288,0,66.5601,3.85644,62.3635,0.84672,12.849,0.84672,3695.15,0,18.483,0.129859,0.694129,1.8235,7.43377,1.14712,8.67441,0.42336,0,0,18.483,0.42336,442.007,0,1.02816,0,0,1.72229,0.694129,1.028160,1,0,71.0379,0,0,0,71.0379,0
55.6554,2.80852,0,0,6.83859,0.260352,0.36288,3.6288,61.308,0.429435,0,0,1.94834,0.213904,1.21142,0.66528,12.849,1,0.690673,0.36288,0,87.3521,3.7971,83.2272,0.84672,12.849,0.84672,3695.15,0,18.483,0.129663,1.5764,1.88194,10.6272,1.13296,12.8229,0.42336,0,0,18.483,0.42336,442.007,0,1.02816,0,0,2.60456,1.5764,1.028160,1,0,97.2616,0,0,0,97.2616,0
58.8897,2.84305,0,0,6.72201,0.281796,0.36288,3.6288,61.308,0.429665,0,0,1.50085,0.160074,0.911106,0.66528,12.849,1,0.656367,0.36288,0,128.209,3.44106,124.474,0.84672,12.849,0.84672,3695.15,0,18.483,0.129534,1.28233,1.88206,7.40897,1.04798,9.39585,0.42336,0,0,18.483,0.42336,442.007,0,1.02816,0,0,2.31049,1.28233,1.028160,1,0,134.781,0,0,0,134.781,0
62.119,2.87282,0,0,6.76261,0.297548,0.36288,3.6288,61.308,0.429743,0,0,1.36782,0.161136,0.776937,0.66528,12.849,1,0.626815,0.36288,0,93.1746,3.3486,89.5621,0.84672,12.849,0.84672,3695.15,0,18.483,0.129558,1.06043,1.88218,7.59879,0.992677,9.41917,0.42336,0,0,18.483,0.42336,442.007,0,1.02816,0,0,2.08859,1.06043,1.028160,1,0,99.7582,0,0,0,99.7582,0
63.4711,3.18287,0,0,5.22115,0.323315,0.36288,3.6288,61.308,0.573245,0,0,1.20091,0.163791,0.463872,0.66528,12.849,1,0.65836,0.36288,0,91.7732,3.11745,88.3603,0.84672,12.849,0.84672,3695.15,0,18.483,0.172821,1.40943,1.8823,6.77112,0.85442,9.03561,0.42336,0,0,18.483,0.42336,442.007,0,1.02816,0,0,2.43759,1.40943,1.028160,1,0,97.8598,0,0,0,97.8598,0
64.3743,3.19474,0,0,4.77319,0.312355,0.36288,3.6288,61.308,0.573332,0,0,1.28583,0.186003,0.526496,0.66528,12.849,1,0.646738,0.36288,0,86.7015,3.89958,82.5181,0.84672,12.849,0.84672,3695.15,0,18.483,0.172847,1.51964,2.09061,7.83838,1.11544,10.1603,0.42336,0,0,18.483,0.42336,442.007,0,1.02816,0,0,2.5478,1.51964,1.028160,1,0,93.2049,0,0,0,93.2049,0
65.9165,3.20251,0,0,5.3956,0.288091,0.36288,3.6288,61.308,0.573419,0,0,1.21272,0.19112,0.44818,0.66528,12.849,1,0.639214,0.36288,0,91.7188,4.20034,87.2421,0.84672,12.849,0.84672,3695.15,0,18.483,0.172873,1.63915,2.09075,8.9443,1.18536,11.316,0.42336,0,0,18.483,0.42336,442.007,0,1.02816,0,0,2.66731,1.63915,1.028160,1,0,99.0062,0,0,0,99.0062,0
66.8571,3.21523,0,0,4.79541,0.276628,0.36288,3.6288,61.308,0.573506,0,0,1.50478,0.192802,0.738469,0.66528,12.849,1,0.626739,0.36288,0,91.9627,3.88862,87.8102,0.84672,12.849,0.84672,3695.15,0,18.483,0.172899,2.46373,2.09088,10.8719,0.97662,14.277,0.42336,0,0,18.483,0.42336,442.007,0,1.02816,0,0,3.49189,2.46373,1.028160,1,0,102.826,0,0,0,102.826,0
69.2144,2.81431,0,0,5.82806,0.293633,0.36288,3.6288,61.308,0.381067,0,0,2.00561,0.171397,1.45315,0.66528,12.849,1,0.540872,0.36288,0,76.4001,4.03809,72.184,0.84672,12.849,0.84672,3695.15,0,18.483,0.114883,3.26682,2.09101,12.0788,0.961987,16.3598,0.42336,0,0,18.483,0.42336,442.007,0,1.02816,0,0,4.29498,3.26682,1.028160,1,0,89.9969,0,0,0,89.9969,0
71.745,2.83003,0,0,6.02261,0.299111,0.36288,3.6288,61.308,0.381141,0,0,1.79537,0.171397,1.24283,0.66528,12.849,1,0.525369,0.36288,0,118.053,4.03809,113.852,0.84672,12.849,0.84672,3695.15,0,18.483,0.114906,4.63375,1.80629,12.26,0.961987,17.6231,0.42336,0,0,18.483,0.42336,442.007,0,1.02816,0,0,5.66191,4.63375,1.028160,1,0,132.718,0,0,0,132.718,0
73.3798,2.84593,0,0,5.17301,0.329347,0.36288,3.6288,61.308,0.381216,0,0,1.39228,0.138914,0.872154,0.66528,12.849,1,0.509685,0.36288,0,77.0437,3.66562,73.2313,0.84672,12.849,0.84672,3695.15,0,18.483,0.114928,2.87483,1.8064,8.99528,0.858468,12.7031,0.42336,0,0,18.483,0.42336,442.007,0,1.02816,0,0,3.90299,2.87483,1.028160,1,0,86.8066,0,0,0,86.8066,0
75.3393,2.85577,0,0,5.67355,0.495448,0.36288,3.6288,61.308,0.381291,0,0,1.37011,0.112263,0.876552,0.66528,12.849,1,0.500054,0.36288,0,77.201,3.53924,73.5246,0.84672,12.849,0.84672,3695.15,0,18.483,0.114951,3.06388,1.80652,8.65875,0.821362,12.5928,0.42336,0,0,18.483,0.42336,442.007,0,1.02816,0,0,4.09204,3.06388,1.028160,1,0,86.994,0,0,0,86.994,0
80.1259,2.86707,0,0,8.49877,0.482141,0.36288,3.6288,61.308,0.381365,0,0,2.67408,0.11065,2.18206,0.66528,12.849,1,0.488974,0.36288,0,146.053,3.37401,142.553,0.84672,12.849,0.84672,3695.15,0,18.483,0.114973,5.31445,1.80663,12.393,0.817527,18.5815,0.42336,0,0,18.483,0.42336,442.007,0,1.02816,0,0,6.34261,5.31445,1.028160,1,0,163.317,0,0,0,163.317,0
82.2747,2.99811,0,0,6.01315,0.503398,0.36288,3.6288,61.308,0.428554,0,0,1.56654,0.10344,1.03454,0.66528,12.849,1,0.480777,0.36288,0,117.066,3.19221,113.756,0.84672,12.849,0.84672,3695.15,0,18.483,0.1292,3.34633,1.80675,10.0409,0.774839,14.2899,0.42336,0,0,18.483,0.42336,442.007,0,1.02816,0,0,4.37449,3.34633,1.028160,1,0,129.08,0,0,0,129.08,0
83.7447,3.00916,0,0,5.32906,0.487058,0.36288,3.6288,61.308,0.428632,0,0,1.25163,0.112955,0.710046,0.66528,12.849,1,0.469947,0.36288,0,118.739,3.30855,115.323,0.84672,12.849,0.84672,3695.15,0,18.483,0.129223,2.83451,1.87722,9.8502,0.797739,13.635,0.42336,0,0,18.483,0.42336,442.007,0,1.02816,0,0,3.86267,2.83451,1.028160,1,0,129.668,0,0,0,129.668,0
84.9206,3.01651,0,0,4.98121,0.425862,0.36288,3.6288,61.308,0.42871,0,0,1.49767,0.136744,0.932222,0.66528,12.849,1,0.462824,0.36288,0,90.0625,3.5994,86.3631,0.84672,12.849,0.84672,3695.15,0,18.483,0.129246,3.23644,1.87734,9.9398,0.854991,14.0693,0.42336,0,0,18.483,0.42336,442.007,0,1.02816,0,0,4.2646,3.23644,1.028160,1,0,101.365,0,0,0,101.365,0
86.9017,3.02226,0,0,5.74796,0.381728,0.36288,3.6288,61.308,0.428787,0,0,1.49863,0.157816,0.912022,0.66528,12.849,1,0.457287,0.36288,0,99.7721,3.8562,95.8215,0.84672,12.849,0.84672,3695.15,0,18.483,0.12927,3.09614,1.87746,11.982,0.931517,15.8948,0.42336,0,0,18.483,0.42336,442.007,0,1.02816,0,0,4.1243,3.09614,1.028160,1,0,112.628,0,0,0,112.628,0
88.2499,2.98976,0,0,5.05227,0.351443,0.36288,3.6288,61.308,0.410562,0,0,1.30143,0.17362,0.717253,0.66528,12.849,1,0.442056,0.36288,0,81.6817,4.0488,77.5537,0.84672,12.849,0.84672,3695.15,0,18.483,0.123775,2.34799,1.87758,7.56061,0.988912,10.6735,0.42336,0,0,18.483,0.42336,442.007,0,1.02816,0,0,3.37615,2.34799,1.028160,1,0,88.9445,0,0,0,88.9445,0
88.7509,2.99584,0,0,4.21551,0.355751,0.36288,3.6288,61.308,0.410638,0,0,1.17957,0.17362,0.59531,0.66528,12.849,1,0.436189,0.36288,0,66.0554,4.0488,61.9333,0.84672,12.849,0.84672,3695.15,0,18.483,0.123798,1.87958,1.85031,6.00882,0.988912,8.62599,0.42336,0,0,18.483,0.42336,442.007,0,1.02816,0,0,2.90774,1.87958,1.028160,1,0,71.1546,0,0,0,71.1546,0
88.7702,2.99819,0,0,3.73765,0.357352,0.36288,3.6288,61.308,0.410715,0,0,1.07143,0.17362,0.487095,0.66528,12.849,1,0.434065,0.36288,0,57.234,4.0488,53.114,0.84672,12.849,0.84672,3695.15,0,18.483,0.123821,1.51083,1.85042,5.19621,0.988912,7.44472,0.42336,0,0,18.483,0.42336,442.007,0,1.02816,0,0,2.53899,1.51083,1.028160,1,0,61.0458,0,0,0,61.0458,0
88.5198,2.99846,0,0,3.45247,0.3415,0.36288,3.6288,61.308,0.410791,0,0,0.963386,0.175144,0.377451,0.66528,12.849,1,0.434011,0.36288,0,50.9208,4.04482,46.8048,0.84672,12.849,0.84672,3695.15,0,18.483,0.123844,1.31154,1.85054,4.93772,0.990962,6.985,0.42336,0,0,18.483,0.42336,442.007,0,1.02816,0,0,2.3397,1.31154,1.028160,1,0,54.1673,0,0,0,54.1673,0
88.2293,3.13977,0,0,3.45764,0.245466,0.36288,3.6288,61.308,0.475793,0,0,0.929439,0.184289,0.269358,0.66528,12.849,1,0.455751,0.36288,0,48.4574,4.02097,44.3435,0.84672,12.849,0.84672,3695.15,0,18.483,0.143441,1.4272,1.85066,5.43904,1.00326,7.5702,0.42336,0,0,18.483,0.42336,442.007,0,1.02816,0,0,2.45536,1.4272,1.028160,1,0,52.1831,0,0,0,52.1831,0
87.8972,3.13866,0,0,3.41429,0.244827,0.36288,3.6288,61.308,0.475874,0,0,1.00953,0.184289,0.34937,0.66528,12.849,1,0.45709,0.36288,0,46.8605,4.02097,42.7453,0.84672,12.849,0.84672,3695.15,0,18.483,0.143465,1.37563,1.94658,5.9632,1.00326,8.13869,0.42336,0,0,18.483,0.42336,442.007,0,1.02816,0,0,2.40379,1.37563,1.028160,1,0,51.2334,0,0,0,51.2334,0
87.3461,3.13736,0,0,3.19324,0.244096,0.36288,3.6288,61.308,0.475954,0,0,0.93153,0.184289,0.271287,0.66528,12.849,1,0.458626,0.36288,0,43.8348,4.02097,39.7181,0.84672,12.849,0.84672,3695.15,0,18.483,0.14349,1.27649,1.9467,5.23595,1.00326,7.3124,0.42336,0,0,18.483,0.42336,442.007,0,1.02816,0,0,2.30465,1.27649,1.028160,1,0,47.3017,0,0,0,47.3017,0
86.648,3.13504,0,0,2.99576,0.195951,0.36288,3.6288,61.308,0.476035,0,0,0.884071,0.209545,0.19849,0.66528,12.849,1,0.461178,0.36288,0,40.8473,4.60521,36.1438,0.84672,12.849,0.84672,3695.15,0,18.483,0.143514,1.21427,1.94683,5.18341,1.0862,7.1148,0.42336,0,0,18.483,0.42336,442.007,0,1.02816,0,0,2.24243,1.21427,1.028160,1,0,43.4571,0,0,0,43.4571,0
85.2265,3.132,0,0,2.23643,0.163029,0.36288,3.6288,61.308,0.476116,0,0,0.74056,0.23661,0.0278348,0.66528,12.849,1,0.464443,0.36288,0,33.8281,5.025,28.7015,0.84672,12.849,0.84672,3695.15,0,18.483,0.143538,0.861883,1.94695,4.54448,1.18522,6.02455,0.42336,0,0,18.483,0.42336,442.007,0,1.02816,0,0,1.89004,0.861883,1.028160,1,0,34.7539,0,0,0,34.7539,0
83.5928,3.09747,0,0,1.99256,0.165934,0.36288,3.6288,61.2429,0.511891,0,0,0.682309,0.235508,0,0.66528,12.849,1,0.466984,0.36288,0,32.6329,4.96514,27.5637,0.84672,12.849,0.84672,3695.15,0,18.483,0.154324,0.718554,1.94707,4.59215,1.18329,5.92017,0.42336,0,0,18.483,0.42336,442.007,0,1.02816,0,0,1.74671,0.718554,1.028160,1,0,33.4839,0,0,0,33.4839,0
81.7889,3.08976,0,0,1.81213,0.163431,0.36288,3.6288,61.161,0.511848,0,0,0.665332,0.235411,0,0.66528,12.849,1,0.474925,0.36288,0,31.9944,4.96514,26.9173,0.84672,12.849,0.84672,3695.15,0,18.483,0.154475,0.695926,1.97705,4.40011,1.18329,5.73533,0.42336,0,0,18.483,0.42336,442.007,0,1.02816,0,0,1.72409,0.695926,1.028160,1,0,32.6526,0,0,0,32.6526,0
79.8292,3.0809,0,0,1.64479,0.160667,0.36288,3.6288,61.0381,0.511773,0,0,0.624196,0.235289,0,0.66528,12.849,1,0.484009,0.36288,0,28.5095,4.96514,23.4232,0.84672,12.849,0.84672,3695.15,0,18.483,0.154659,0.501483,1.97718,4.25651,1.18329,5.39723,0.42336,0,0,18.483,0.42336,442.007,0,1.02816,0,0,1.52964,0.501483,1.028160,1,0,28.8205,0,0,0,28.8205,0
77.8752,3.07087,0,0,1.58143,0.101664,0.36288,3.6288,60.774,0.511616,0,0,0.561742,0.314199,0,0.66528,12.849,1,0.494275,0.36288,0,25.4676,5.98306,19.3531,0.84672,12.849,0.84672,3695.15,0,18.483,0.154923,0.471891,1.97731,3.83605,1.52063,4.60969,0.42336,0,0,18.483,0.42336,442.007,0,1.02816,0,0,1.50005,0.471891,1.028160,1,0,23.9628,0,0,0,23.9628,0
76.169,3.13184,0,0,1.87895,0.0904366,0.36288,3.6288,60.5985,0.542939,0,0,0.684323,0.316922,0,0.66528,12.849,1,0.516737,0.36288,0,32.0515,6.02291,25.8748,0.84672,12.849,0.84672,3695.15,0,18.483,0.165122,0.680115,1.97743,4.08228,1.48955,5.08515,0.42336,0,0,18.483,0.42336,442.007,0,1.02816,0,0,1.70827,0.680115,1.028160,1,0,30.9599,0,0,0,30.9599,0
74.3248,3.12213,0,0,1.72967,0.088908,0.36288,3.6288,60.3194,0.542657,0,0,0.580147,0.316569,0,0.66528,12.849,1,0.526675,0.36288,0,26.3269,6.02291,20.1402,0.84672,12.849,0.84672,3695.15,0,18.483,0.165515,0.783717,2.02515,3.94718,1.48955,5.10098,0.42336,0,0,18.483,0.42336,442.007,0,1.02816,0,0,1.81188,0.783717,1.028160,1,0,25.2412,0,0,0,25.2412,0
72.3472,3.11119,0,0,1.58377,0.0872557,0.36288,3.6288,59.9986,0.542156,0,0,0.537338,0.316008,0,0.66528,12.849,1,0.537851,0.36288,0,25.0236,6.02291,18.8257,0.84672,12.849,0.84672,3695.15,0,18.483,0.166127,0.520664,2.02528,3.46953,1.48955,4.35979,0.42336,0,0,18.483,0.42336,442.007,0,1.02816,0,0,1.54882,0.520664,1.028160,1,0,23.1855,0,0,0,23.1855,0
70.4867,3.0989,0,0,1.67338,0.0721477,0.36288,3.6288,59.7534,0.541561,0,0,0.616854,0.320501,0,0.66528,12.849,1,0.550371,0.36288,0,24.5423,6.17245,18.1823,0.84672,12.849,0.84672,3695.15,0,18.483,0.166832,0.830434,2.02541,4.58974,1.51943,5.75932,0.42336,0,0,18.483,0.42336,442.007,0,1.02816,0,0,1.85859,0.830434,1.028160,1,0,23.9416,0,0,0,23.9416,0
68.382,3.29297,0,0,1.57963,0.0284583,0.36288,3.6288,59.1466,0.723558,0,0,0.444499,0.32776,0,0.66528,12.849,1,0.600274,0.36288,0,18.951,6.03801,12.6756,0.84672,12.849,0.84672,3695.15,0,18.483,0.223812,0.227405,2.02553,3.32792,1.54463,3.81242,0.42336,0,0,18.483,0.42336,442.007,0,0.938814,0,0,1.16622,0.227405,1.028160,1,0,16.488,0,0,0,16.488,0
66.4833,3.27762,0,0,1.76505,0.0232424,0.36288,3.6288,58.7099,0.653826,0,0,0.546218,0.329045,0,0.66528,12.849,1,0.615867,0.36288,0,24.1148,6.11278,17.749,0.84672,12.849,0.84672,3695.15,0,18.483,0.204317,0.436363,2.18686,3.5324,1.55957,4.39174,0.42336,0,0,18.483,0.42336,442.007,0,1.02816,0,0,1.46452,0.436363,1.028160,1,0,22.1407,0,0,0,22.1407,0
64.2289,3.26309,0,0,1.39445,0.0228973,0.36288,3.6288,57.9883,0.792243,0,0,0.398716,0.328124,0,0.66528,12.849,1,0.630647,0.36288,0,24.8857,6.11278,18.5052,0.84672,12.849,0.84672,3695.15,0,18.483,0.249413,0.204422,2.187,2.79896,1.55957,3.3814,0.42336,0,0,18.483,0.42336,442.007,0,0.844767,0,0,1.04919,0.204422,1.028160,1,0,21.8866,0,0,0,21.8866,0
62.3257,3.24485,0,0,1.72707,0.0224876,0.36288,3.6288,57.6741,0.650914,0,0,0.663331,0.326602,0,0.66528,12.849,1,0.649133,0.36288,0,22.0545,6.11278,15.6554,0.84672,12.849,0.84672,3695.15,0,18.483,0.20747,0.843195,2.18714,4.20601,1.55957,5.46931,0.42336,0,0,18.483,0.42336,442.007,0,1.02816,0,0,1.87135,0.843195,1.028160,1,0,21.1247,0,0,0,21.1247,0
60.7976,3.22862,0,0,2.06626,0.00286435,0.36288,3.6288,57.3408,0.650149,0,0,0.674739,0.357864,0,0.66528,12.849,1,0.66561,0.36288,0,27.453,6.12629,21.024,0.84672,12.849,0.84672,3695.15,0,18.483,0.208355,0.478656,2.18728,4.12817,1.58177,5.00398,0.42336,0,0,18.483,0.42336,442.007,0,1.02816,0,0,1.50682,0.478656,1.028160,1,0,26.028,0,0,0,26.028,0
59.4265,3.11692,0,0,2.18788,0.0791933,0.36288,3.6288,57.2344,0.580671,0,0,0.780788,0.306518,0,0.66528,12.849,1,0.658732,0.36288,0,27.2619,4.54154,22.4245,0.84672,12.849,0.84672,3695.15,0,18.483,0.187171,0.531472,2.18742,4.04787,1.18576,5.39384,0.42336,0,0,18.483,0.42336,442.007,0,1.02816,0,0,1.55963,0.531472,1.028160,1,0,27.8183,0,0,0,27.8183,0
58.3185,3.10463,0,0,2.49035,0.130836,0.36288,3.6288,57.4951,0.580495,0,0,1.12907,0.287859,0,0.66528,12.849,1,0.671272,0.36288,0,26.8538,4.0194,22.526,0.84672,12.849,0.84672,3695.15,0,18.483,0.187462,1.08761,2.09515,5.64844,1.08903,7.55471,0.42336,0,0,18.483,0.42336,442.007,0,1.02816,0,0,2.11577,1.08761,1.028160,1,0,30.0807,0,0,0,30.0807,0
57.1024,3.09437,0,0,2.37059,0.129442,0.36288,3.6288,57.7241,0.581225,0,0,1.09859,0.288346,0,0.66528,12.849,1,0.681766,0.36288,0,34.1835,4.0194,29.8452,0.84672,12.849,0.84672,3695.15,0,18.483,0.186847,0.95586,2.09528,5.59218,1.08903,7.36744,0.42336,0,0,18.483,0.42336,442.007,0,1.02816,0,0,1.98402,0.95586,1.028160,1,0,37.2126,0,0,0,37.2126,0
55.9988,3.08272,0,0,2.50435,0.162348,0.36288,3.6288,57.9837,0.581873,0,0,1.12325,0.281803,0,0.66528,12.849,1,0.693663,0.36288,0,48.4075,4.14105,43.9357,0.84672,12.849,0.84672,3695.15,0,18.483,0.186313,1.02146,2.09542,6.85784,1.07913,8.70927,0.42336,0,0,18.483,0.42336,442.007,0,1.02816,0,0,2.04962,1.02146,1.028160,1,0,52.6449,0,0,0,52.6449,0
54.3698,2.99244,0,0,1.97205,0.24574,0.36288,3.6288,57.8531,0.519916,0,0,0.654072,0.264819,0,0.66528,12.849,1,0.68662,0.36288,0,34.7112,4.44518,29.9423,0.84672,12.849,0.84672,3695.15,0,18.483,0.165729,0.311291,2.09555,4.16024,1.05437,5.34698,0.42336,0,0,18.483,0.42336,442.007,0,1.02816,0,0,1.33945,0.311291,1.028160,1,0,35.2893,0,0,0,35.2893,0
55.0724,2.97599,0,0,4.28327,0.241759,0.36288,3.6288,59.0843,0.519715,0,0,2.01557,0.264596,0,0.66528,12.849,1,0.703304,0.36288,0,69.5987,4.44518,64.8131,0.84672,12.849,0.84672,3695.15,0,18.483,0.16604,2.92973,2.01354,8.7056,1.05437,12.4285,0.42336,0,0,18.483,0.42336,442.007,0,1.02816,0,0,3.95789,2.92973,1.028160,1,0,77.2416,0,0,0,77.2416,0
54.0339,2.98346,0,0,2.55126,0.243476,0.36288,3.6288,59.2634,0.522434,0,0,0.968259,0.266702,0,0.66528,12.849,1,0.696073,0.36288,0,43.2785,4.44518,38.5002,0.84672,12.849,0.84672,3695.15,0,18.483,0.16343,0.807469,2.01367,4.7131,1.05437,6.31645,0.42336,0,0,18.483,0.42336,442.007,0,1.02816,0,0,1.83563,0.807469,1.028160,1,0,44.8166,0,0,0,44.8166,0
55.0895,2.97284,0,0,4.63713,0.245769,0.36288,3.6288,59.9953,0.522894,0,0,1.52807,0.273366,0,0.66528,12.849,1,0.706926,0.36288,0,79.5181,4.58292,74.5911,0.84672,12.849,0.84672,3695.15,0,18.483,0.163079,1.29561,2.0138,8.02437,1.09321,10.0775,0.42336,0,0,18.483,0.42336,442.007,0,1.02816,0,0,2.32377,1.29561,1.028160,1,0,84.6686,0,0,0,84.6686,0
56.4331,2.75928,0,0,4.71622,0.250532,0.36288,3.6288,60.8433,0.392862,0,0,1.51572,0.274782,0,0.66528,12.849,1,0.643571,0.36288,0,126.278,4.42459,121.573,0.84672,12.849,0.84672,3695.15,0,18.483,0.121031,1.56728,2.01393,7.89201,1.07909,10.2731,0.42336,0,0,18.483,0.42336,442.007,0,1.02816,0,0,2.59544,1.56728,1.028160,1,0,131.846,0,0,0,131.846,0
57.2999,2.77194,0,0,4.25559,0.25391,0.36288,3.6288,61.308,0.394231,0,0,2.65308,0.276267,1.51792,0.66528,12.849,1,0.631131,0.36288,0,97.0151,4.42459,92.3223,0.84672,12.849,0.84672,3695.15,0,18.483,0.11976,3.41247,1.82908,12.8192,1.07909,16.8619,0.42336,0,0,18.483,0.42336,442.007,0,1.02816,0,0,4.44063,3.41247,1.028160,1,0,110.702,0,0,0,110.702,0
61.0029,2.77991,0,0,7.10182,0.256089,0.36288,3.6288,61.308,0.395004,0,0,2.53082,0.277081,1.85873,0.66528,12.849,1,0.623371,0.36288,0,178.237,4.42459,173.552,0.84672,12.849,0.84672,3695.15,0,18.483,0.119085,2.60465,1.8292,13.2882,1.07909,16.5239,0.42336,0,0,18.483,0.42336,442.007,0,1.02816,0,0,3.63281,2.60465,1.028160,1,0,191.935,0,0,0,191.935,0
63.7689,2.81135,0,0,6.20181,0.261551,0.36288,3.6288,61.308,0.39508,0,0,1.77866,0.258924,1.12466,0.66528,12.849,1,0.592153,0.36288,0,167.43,4.54776,162.653,0.84672,12.849,0.84672,3695.15,0,18.483,0.119108,2.02303,1.82932,10.7455,1.10686,13.3719,0.42336,0,0,18.483,0.42336,442.007,0,1.02816,0,0,3.05119,2.02303,1.028160,1,0,177.15,0,0,0,177.15,0
66.9728,2.83291,0,0,6.65708,0.257377,0.36288,3.6288,61.308,0.395155,0,0,1.29974,0.231468,0.673118,0.66528,12.849,1,0.570812,0.36288,0,96.0803,4.1613,91.711,0.84672,12.849,0.84672,3695.15,0,18.483,0.119131,1.11002,1.82943,6.77881,1.03026,8.56887,0.42336,0,0,18.483,0.42336,442.007,0,1.02816,0,0,2.13818,1.11002,1.028160,1,0,100.953,0,0,0,100.953,0
69.2012,2.94546,0,0,5.79676,0.260044,0.36288,3.6288,61.308,0.433548,0,0,1.55587,0.229033,0.893293,0.66528,12.849,1,0.565098,0.36288,0,80.8145,3.74829,76.864,0.84672,12.849,0.84672,3695.15,0,18.483,0.130705,1.40008,1.82955,5.44603,0.945033,7.59992,0.42336,0,0,18.483,0.42336,442.007,0,1.02816,0,0,2.42824,1.40008,1.028160,1,0,85.3572,0,0,0,85.3572,0
70.2722,2.96097,0,0,4.65953,0.264626,0.36288,3.6288,61.308,0.433615,0,0,1.35538,0.229033,0.692735,0.66528,12.849,1,0.549781,0.36288,0,46.7325,3.74829,42.7973,0.84672,12.849,0.84672,3695.15,0,18.483,0.130725,1.14581,1.88818,4.36462,0.945033,6.32285,0.42336,0,0,18.483,0.42336,442.007,0,1.02816,0,0,2.17397,1.14581,1.028160,1,0,49.8129,0,0,0,49.8129,0
70.5205,2.96821,0,0,3.88763,0.308282,0.36288,3.6288,61.308,0.540117,0,0,0.923033,0.202571,0.180344,0.66528,12.849,1,0.542726,0.36288,0,52.9692,3.66015,49.1293,0.84672,12.849,0.84672,3695.15,0,18.483,0.162833,0.503194,1.88828,5.43519,0.875306,6.78852,0.42336,0,0,18.483,0.42336,442.007,0,0.889637,0,0,1.39283,0.503194,1.028160,1,0,56.0981,0,0,0,56.0981,0
71.2878,2.96999,0,0,4.43399,0.333808,0.36288,3.6288,61.308,0.433749,0,0,1.06064,0.181528,0.445359,0.66528,12.849,1,0.54114,0.36288,0,83.7039,3.54862,79.977,0.84672,12.849,0.84672,3695.15,0,18.483,0.130766,0.858436,1.88838,7.66958,0.797976,9.48766,0.42336,0,0,18.483,0.42336,442.007,0,1.02816,0,0,1.8866,0.858436,1.028160,1,0,89.91,0,0,0,89.91,0
71.7333,3.26527,0,0,4.39348,0.319809,0.36288,3.6288,61.308,0.57771,0,0,0.849684,0.176946,0.0950279,0.66528,12.849,1,0.588537,0.36288,0,59.6979,3.73958,55.7327,0.84672,12.849,0.84672,3695.15,0,18.483,0.174167,1.14047,1.88849,4.38127,0.833825,6.40223,0.42336,0,0,18.483,0.42336,442.007,0,1.02816,0,0,2.16863,1.14047,1.028160,1,0,62.2299,0,0,0,62.2299,0
73.3904,3.26855,0,0,5.60945,0.320898,0.36288,3.6288,61.308,0.577785,0,0,0.902033,0.176946,0.147303,0.66528,12.849,1,0.585469,0.36288,0,85.6647,3.73958,81.7026,0.84672,12.849,0.84672,3695.15,0,18.483,0.174189,1.39673,2.09746,4.89093,0.833825,7.3771,0.42336,0,0,18.483,0.42336,442.007,0,1.02816,0,0,2.42489,1.39673,1.028160,1,0,89.227,0,0,0,89.227,0
75.0981,3.27998,0,0,5.79375,0.443261,0.36288,3.6288,61.308,0.57786,0,0,0.955083,0.176946,0.200277,0.66528,12.849,1,0.574251,0.36288,0,93.064,3.73958,89.1131,0.84672,12.849,0.84672,3695.15,0,18.483,0.174212,1.54271,2.09758,5.22068,0.833825,7.85292,0.42336,0,0,18.483,0.42336,442.007,0,1.02816,0,0,2.57087,1.54271,1.028160,1,0,97.1663,0,0,0,97.1663,0
76.2387,3.29131,0,0,5.25889,0.464035,0.36288,3.6288,61.308,0.577935,0,0,1.07668,0.166459,0.332289,0.66528,12.849,1,0.563131,0.36288,0,75.6691,3.84524,71.6236,0.84672,12.849,0.84672,3695.15,0,18.483,0.174234,1.4499,2.09769,6.16001,0.847713,8.68565,0.42336,0,0,18.483,0.42336,442.007,0,1.02816,0,0,2.47806,1.4499,1.028160,1,0,80.6416,0,0,0,80.6416,0
77.3771,2.88057,0,0,4.94572,0.56391,0.36288,3.6288,61.308,0.38486,0,0,1.62065,0.0763725,1.15942,0.66528,12.849,1,0.485481,0.36288,0,106.581,3.59232,102.866,0.84672,12.849,0.84672,3695.15,0,18.483,0.116027,3.49489,2.09781,9.83396,0.679541,14.6311,0.42336,0,0,18.483,0.42336,442.007,0,1.02816,0,0,4.52305,3.49489,1.028160,1,0,118.657,0,0,0,118.657,0
77.7079,2.88686,0,0,4.0919,0.511373,0.36288,3.6288,61.308,0.384924,0,0,1.1053,0.145763,0.574611,0.66528,12.849,1,0.479382,0.36288,0,73.4737,3.77475,69.5824,0.84672,12.849,0.84672,3695.15,0,18.483,0.116046,2.04922,1.81214,7.54825,0.892377,10.4012,0.42336,0,0,18.483,0.42336,442.007,0,1.02816,0,0,3.07738,2.04922,1.028160,1,0,80.5582,0,0,0,80.5582,0
78.0426,2.88876,0,0,4.09938,0.513057,0.36288,3.6288,61.308,0.384988,0,0,1.03467,0.145763,0.503923,0.66528,12.849,1,0.477657,0.36288,0,62.8054,3.77475,58.9158,0.84672,12.849,0.84672,3695.15,0,18.483,0.116065,1.77426,1.81224,6.50264,0.892377,9.08069,0.42336,0,0,18.483,0.42336,442.007,0,1.02816,0,0,2.80242,1.77426,1.028160,1,0,68.5005,0,0,0,68.5005,0
78.5456,2.89068,0,0,4.27135,0.514761,0.36288,3.6288,61.308,0.385053,0,0,1.07427,0.145763,0.543456,0.66528,12.849,1,0.475925,0.36288,0,60.8015,3.77475,56.9137,0.84672,12.849,0.84672,3695.15,0,18.483,0.116085,1.96542,1.81234,6.8167,0.892377,9.586,0.42336,0,0,18.483,0.42336,442.007,0,1.02816,0,0,2.99358,1.96542,1.028160,1,0,67.0432,0,0,0,67.0432,0
79.2528,2.89346,0,0,4.49713,0.533602,0.36288,3.6288,61.308,0.385117,0,0,1.18126,0.142703,0.653441,0.66528,12.849,1,0.473331,0.36288,0,124.388,3.86295,120.415,0.84672,12.849,0.84672,3695.15,0,18.483,0.116104,2.5634,1.81244,7.87415,0.9486,11.1853,0.42336,0,0,18.483,0.42336,442.007,0,1.02816,0,0,3.59156,2.5634,1.028160,1,0,132.254,0,0,0,132.254,0
78.9714,3.00311,0,0,3.62847,0.543873,0.36288,3.6288,61.308,0.432446,0,0,1.20449,0.141478,0.630561,0.66528,12.849,1,0.486885,0.36288,0,82.8956,3.89823,78.8734,0.84672,12.849,0.84672,3695.15,0,18.483,0.130373,2.76361,1.81254,7.45416,0.971089,10.9288,0.42336,0,0,18.483,0.42336,442.007,0,1.02816,0,0,3.79177,2.76361,1.028160,1,0,90.4328,0,0,0,90.4328,0
80.1745,3.00178,0,0,5.06925,0.501505,0.36288,3.6288,61.308,0.432513,0,0,1.45609,0.154558,0.86902,0.66528,12.849,1,0.488404,0.36288,0,75.8274,4.01355,71.6883,0.84672,12.849,0.84672,3695.15,0,18.483,0.130393,3.98315,1.88322,8.16238,0.977975,12.9204,0.42336,0,0,18.483,0.42336,442.007,0,1.02816,0,0,5.01131,3.98315,1.028160,1,0,85.4777,0,0,0,85.4777,0
79.4856,3.00827,0,0,3.08636,0.404033,0.36288,3.6288,61.308,0.43258,0,0,0.778162,0.187256,0.158326,0.66528,12.849,1,0.482114,0.36288,0,49.5345,4.30185,45.1134,0.84672,12.849,0.84672,3695.15,0,18.483,0.130413,1.85352,1.88332,5.90953,0.995189,8.52077,0.42336,0,0,18.483,0.42336,442.007,0,1.02816,0,0,2.88168,1.85352,1.028160,1,0,53.7925,0,0,0,53.7925,0
78.6404,3.00483,0,0,2.90932,0.38682,0.36288,3.6288,61.308,0.432647,0,0,0.830831,0.183049,0.215136,0.66528,12.849,1,0.485737,0.36288,0,50.818,4.04611,46.649,0.84672,12.849,0.84672,3695.15,0,18.483,0.130433,1.71664,1.88342,4.64278,1.02695,7.08545,0.42336,0,0,18.483,0.42336,442.007,0,1.02816,0,0,2.7448,1.71664,1.028160,1,0,53.9496,0,0,0,53.9496,0
77.739,2.95916,0,0,2.78501,0.364435,0.36288,3.6288,61.308,0.414353,0,0,0.950279,0.177438,0.358488,0.66528,12.849,1,0.483494,0.36288,0,55.9233,3.70514,52.0975,0.84672,12.849,0.84672,3695.15,0,18.483,0.124918,1.81716,1.88353,6.6689,1.06931,9.17535,0.42336,0,0,18.483,0.42336,442.007,0,1.02816,0,0,2.84532,1.81716,1.028160,1,0,61.6314,0,0,0,61.6314,0
78.4672,2.95451,0,0,4.4068,0.361205,0.36288,3.6288,61.308,0.414418,0,0,1.17965,0.177438,0.587797,0.66528,12.849,1,0.488332,0.36288,0,72.7483,3.70514,68.9177,0.84672,12.849,0.84672,3695.15,0,18.483,0.124938,2.30131,1.85615,5.79779,1.06931,8.761,0.42336,0,0,18.483,0.42336,442.007,0,1.02816,0,0,3.32947,2.30131,1.028160,1,0,78.2665,0,0,0,78.2665,0
77.6292,2.95856,0,0,2.77011,0.286675,0.36288,3.6288,61.308,0.414484,0,0,0.994334,0.189934,0.389916,0.66528,12.849,1,0.484465,0.36288,0,57.4767,4.08439,53.2708,0.84672,12.849,0.84672,3695.15,0,18.483,0.124958,1.82677,1.85625,5.13435,0.999101,7.69332,0.42336,0,0,18.483,0.42336,442.007,0,1.02816,0,0,2.85493,1.82677,1.028160,1,0,61.354,0,0,0,61.354,0
76.4482,2.95424,0,0,2.42049,0.284309,0.36288,3.6288,61.308,0.41455,0,0,0.839929,0.189934,0.235445,0.66528,12.849,1,0.488978,0.36288,0,48.7229,4.08439,44.5124,0.84672,12.849,0.84672,3695.15,0,18.483,0.124978,1.3708,1.85635,4.48289,0.999101,6.58596,0.42336,0,0,18.483,0.42336,442.007,0,1.02816,0,0,2.39896,1.3708,1.028160,1,0,51.3338,0,0,0,51.3338,0
75.2883,3.08777,0,0,2.60588,0.315148,0.36288,3.6288,61.308,0.479744,0,0,0.929362,0.212816,0.236802,0.66528,12.849,1,0.518976,0.36288,0,44.8308,4.36946,40.3052,0.84672,12.849,0.84672,3695.15,0,18.483,0.144632,1.24519,1.85645,4.44358,1.01152,6.38907,0.42336,0,0,18.483,0.42336,442.007,0,1.02816,0,0,2.27335,1.24519,1.028160,1,0,46.9311,0,0,0,46.9311,0
73.9204,3.08111,0,0,2.33221,0.256135,0.36288,3.6288,61.308,0.479813,0,0,0.736448,0.200793,0.0558414,0.66528,12.849,1,0.525835,0.36288,0,39.8058,4.02223,35.6206,0.84672,12.849,0.84672,3695.15,0,18.483,0.144653,1.2215,1.95265,4.07868,0.98892,6.11926,0.42336,0,0,18.483,0.42336,442.007,0,1.02816,0,0,2.24966,1.2215,1.028160,1,0,41.7957,0,0,0,41.7957,0
72.4451,3.07299,0,0,2.19209,0.23152,0.36288,3.6288,61.308,0.479883,0,0,0.766964,0.204363,0.0827182,0.66528,12.849,1,0.534154,0.36288,0,36.6653,4.13059,32.3634,0.84672,12.849,0.84672,3695.15,0,18.483,0.144674,1.22713,1.95276,4.14529,0.968861,6.21165,0.42336,0,0,18.483,0.42336,442.007,0,1.02816,0,0,2.25529,1.22713,1.028160,1,0,38.6578,0,0,0,38.6578,0
70.8967,3.06392,0,0,2.10644,0.227998,0.36288,3.6288,61.308,0.479952,0,0,0.781307,0.204363,0.0969911,0.66528,12.849,1,0.543422,0.36288,0,34.5649,4.13059,30.2538,0.84672,12.849,0.84672,3695.15,0,18.483,0.144695,1.11486,1.95287,4.13343,0.968861,6.0876,0.42336,0,0,18.483,0.42336,442.007,0,1.02816,0,0,2.14302,1.11486,1.028160,1,0,36.4384,0,0,0,36.4384,0
69.2096,3.05404,0,0,1.86712,0.137391,0.36288,3.6288,61.2996,0.480022,0,0,0.698941,0.227302,0,0.66528,12.849,1,0.5535,0.36288,0,31.1205,4.62702,26.3029,0.84672,12.849,0.84672,3695.15,0,18.483,0.144716,0.649616,1.95297,3.73044,1.12666,5.06165,0.42336,0,0,18.483,0.42336,442.007,0,1.02816,0,0,1.67778,0.649616,1.028160,1,0,31.3645,0,0,0,31.3645,0
67.3979,3.01557,0,0,1.69126,0.124465,0.36288,3.6288,61.2311,0.51588,0,0,0.683787,0.236465,0,0.66528,12.849,1,0.559852,0.36288,0,28.4032,4.82559,23.3807,0.84672,12.849,0.84672,3695.15,0,18.483,0.155548,0.555647,1.95308,3.65386,1.18978,4.81726,0.42336,0,0,18.483,0.42336,442.007,0,1.02816,0,0,1.58381,0.555647,1.028160,1,0,28.1979,0,0,0,28.1979,0
65.4769,3.0031,0,0,1.56765,0.122713,0.36288,3.6288,61.1552,0.515818,0,0,0.676313,0.236363,0,0.66528,12.849,1,0.572522,0.36288,0,26.7592,4.82559,21.724,0.84672,12.849,0.84672,3695.15,0,18.483,0.155703,0.546126,1.98314,3.60399,1.18978,4.78777,0.42336,0,0,18.483,0.42336,442.007,0,1.02816,0,0,1.57429,0.546126,1.028160,1,0,26.5117,0,0,0,26.5117,0
63.5392,2.98922,0,0,1.53532,0.120855,0.36288,3.6288,61.0545,0.515741,0,0,0.651266,0.236249,0,0.66528,12.849,1,0.586596,0.36288,0,25.2535,4.82559,20.2042,0.84672,12.849,0.84672,3695.15,0,18.483,0.155873,0.55309,1.98324,3.61702,1.18978,4.80769,0.42336,0,0,18.483,0.42336,442.007,0,1.02816,0,0,1.58125,0.55309,1.028160,1,0,25.0119,0,0,0,25.0119,0
61.5727,2.9745,0,0,1.4805,0.109659,0.36288,3.6288,60.889,0.515615,0,0,0.608528,0.258408,0,0.66528,12.849,1,0.601508,0.36288,0,23.6692,5.12703,18.3035,0.84672,12.849,0.84672,3695.15,0,18.483,0.156092,0.498381,1.98335,3.44535,1.31669,4.4543,0.42336,0,0,18.483,0.42336,442.007,0,1.02816,0,0,1.52654,0.498381,1.028160,1,0,22.7578,0,0,0,22.7578,0
59.4793,3.02782,0,0,1.39583,0.0985447,0.36288,3.6288,60.6057,0.547227,0,0,0.566127,0.302127,0,0.66528,12.849,1,0.631846,0.36288,0,22.0011,5.74728,15.9848,0.84672,12.849,0.84672,3695.15,0,18.483,0.166112,0.426773,1.98346,3.24285,1.53194,3.95504,0.42336,0,0,18.483,0.42336,442.007,0,1.02816,0,0,1.45493,0.426773,1.028160,1,0,19.9399,0,0,0,19.9399,0
57.2869,3.0097,0,0,1.27691,0.0967445,0.36288,3.6288,60.2896,0.546705,0,0,0.532095,0.301584,0,0.66528,12.849,1,0.65017,0.36288,0,20.686,5.74728,14.6514,0.84672,12.849,0.84672,3695.15,0,18.483,0.166729,0.399444,2.0313,3.30077,1.53194,4.03286,0.42336,0,0,18.483,0.42336,442.007,0,1.02816,0,0,1.4276,0.399444,1.028160,1,0,18.6843,0,0,0,18.6843,0
54.9959,2.98954,0,0,1.15615,0.094706,0.36288,3.6288,59.9509,0.546109,0,0,0.50839,0.300979,0,0.66528,12.849,1,0.67053,0.36288,0,19.4822,5.74728,13.4272,0.84672,12.849,0.84672,3695.15,0,18.483,0.167421,0.253904,2.03142,3.069,1.53194,3.65496,0.42336,0,0,18.483,0.42336,442.007,0,1.02816,0,0,1.28206,0.253904,1.028160,1,0,17.0822,0,0,0,17.0822,0
52.5972,2.96706,0,0,1.01111,0.0798869,0.36288,3.6288,59.6021,0.545459,0,0,0.504783,0.308034,0,0.66528,12.849,1,0.693211,0.36288,0,18.5513,5.9716,12.2494,0.84672,12.849,0.84672,3695.15,0,18.483,0.168166,0.233444,2.03153,3.10183,1.57675,3.62188,0.42336,0,0,18.483,0.42336,442.007,0,1.02816,0,0,1.2616,0.233444,1.028160,1,0,15.8712,0,0,0,15.8712,0
49.9654,3.13828,0,0,0.972086,0.10267,0.36288,3.6288,58.8192,0.852963,0,0,0.405871,0.335818,0,0.66528,12.849,1,0.766653,0.36288,0,14.0098,5.86234,7.74364,0.84672,12.849,0.84672,3695.15,0,18.483,0.264509,0.227405,2.03164,2.55068,1.48408,3.06114,0.42336,0,0,18.483,0.42336,442.007,0,0.774377,0,0,1.00178,0.227405,1.028160,1,0,10.8048,0,0,0,10.8048,0
47.5026,3.10633,0,0,1.10438,0.0980152,0.36288,3.6288,58.2312,0.713962,0,0,0.46981,0.343916,0,0.66528,12.849,1,0.798818,0.36288,0,16.0931,5.94836,9.70883,0.84672,12.849,0.84672,3695.15,0,18.483,0.224351,0.227405,2.19343,2.5353,1.51077,3.22102,0.42336,0,0,18.483,0.42336,442.007,0,0.95364,0,0,1.18104,0.227405,1.028160,1,0,12.9298,0,0,0,12.9298,0
44.846,3.0739,0,0,0.875655,0.0954411,0.36288,3.6288,57.3231,0.918062,0,0,0.352627,0.342617,0,0.66528,12.849,1,0.831462,0.36288,0,17.6709,5.94836,11.2539,0.84672,12.849,0.84672,3695.15,0,18.483,0.2914,0.204422,2.19355,2.03566,1.51077,2.63146,0.42336,0,0,18.483,0.42336,442.007,0,0.682595,0,0,0.887017,0.204422,1.028160,1,0,13.8854,0,0,0,13.8854,0
42.419,3.03578,0,0,1.06432,0.0926593,0.36288,3.6288,56.8961,0.65334,0,0,0.566937,0.340612,0,0.66528,12.849,1,0.869794,0.36288,0,15.4037,5.94836,8.94838,0.84672,12.849,0.84672,3695.15,0,18.483,0.21066,0.442489,2.19367,2.93313,1.51077,3.84786,0.42336,0,0,18.483,0.42336,442.007,0,1.02816,0,0,1.47065,0.442489,1.028160,1,0,12.7962,0,0,0,12.7962,0
40.1919,2.99775,0,0,1.2429,0.109404,0.36288,3.6288,56.605,0.652225,0,0,0.71592,0.354756,0,0.66528,12.849,1,0.908039,0.36288,0,23.288,5.63923,17.1036,0.84672,12.849,0.84672,3695.15,0,18.483,0.211879,0.737009,2.19379,3.75511,1.47085,5.00317,0.42336,0,0,18.483,0.42336,442.007,0,1.02816,0,0,1.76517,0.737009,1.028160,1,0,22.1068,0,0,0,22.1068,0
38.0409,2.86948,0,0,1.20209,0.120664,0.36288,3.6288,56.3865,0.582843,0,0,0.729648,0.365378,0,0.66528,12.849,1,0.917348,0.36288,0,23.4916,5.40739,17.5298,0.84672,12.849,0.84672,3695.15,0,18.483,0.190313,0.803935,2.19391,3.64551,1.44092,5.01212,0.42336,0,0,18.483,0.42336,442.007,0,1.02816,0,0,1.83209,0.803935,1.028160,1,0,22.5419,0,0,0,22.5419,0
35.9623,2.83086,0,0,1.23281,0.117678,0.36288,3.6288,56.1372,0.582362,0,0,0.697985,0.364858,0,0.66528,12.849,1,0.956174,0.36288,0,25.0751,5.40739,19.0744,0.84672,12.849,0.84672,3695.15,0,18.483,0.190893,0.767603,2.10135,4.37746,1.44092,5.6146,0.42336,0,0,18.483,0.42336,442.007,0,1.02816,0,0,1.79576,0.767603,1.028160,1,0,24.689,0,0,0,24.689,0
34.1467,2.7903,0,0,1.45237,0.114817,0.36288,3.6288,56.1438,0.581799,0,0,0.952603,0.364265,0,0.66528,12.849,1,0.996947,0.36288,0,25.1376,5.40739,19.0962,0.84672,12.849,0.84672,3695.15,0,18.483,0.191555,1.18237,2.10146,5.58672,1.44092,7.23808,0.42336,0,0,18.483,0.42336,442.007,0,1.02816,0,0,2.21053,1.18237,1.028160,1,0,26.3343,0,0,0,26.3343,0
34.3061,2.75193,0,0,3.41679,0.142629,0.36288,3.6288,56.6827,0.581889,0,0,1.44061,0.319818,0,0.66528,12.849,1,1.03552,0.36288,0,58.6483,4.82844,53.1472,0.84672,12.849,0.84672,3695.15,0,18.483,0.191563,1.92556,2.10158,12.3318,1.28878,14.8786,0.42336,0,0,18.483,0.42336,442.007,0,1.02816,0,0,2.95372,1.92556,1.028160,1,0,68.0259,0,0,0,68.0259,0
34.4963,2.6844,0,0,3.40724,0.169701,0.36288,3.6288,58.1257,0.520825,0,0,2.16066,0.196817,0,0.66528,12.849,1,1.00542,0.36288,0,67.1928,3.70692,62.8433,0.84672,12.849,0.84672,3695.15,0,18.483,0.16983,4.00129,2.10169,11.8603,0.98625,16.8072,0.42336,0,0,18.483,0.42336,442.007,0,1.02816,0,0,5.02945,4.00129,1.028160,1,0,79.6505,0,0,0,79.6505,0
35.2177,2.68859,0,0,3.94291,0.170096,0.36288,3.6288,58.6428,0.524095,0,0,1.23985,0.198667,0,0.66528,12.849,1,1.00143,0.36288,0,68.0663,3.70692,63.7208,0.84672,12.849,0.84672,3695.15,0,18.483,0.166653,1.17347,2.01943,7.96456,0.98625,10.0046,0.42336,0,0,18.483,0.42336,442.007,0,1.02816,0,0,2.20163,1.17347,1.028160,1,0,73.7254,0,0,0,73.7254,0
36.7002,2.70376,0,0,4.74034,0.191151,0.36288,3.6288,60.0279,0.525284,0,0,2.14139,0.230995,0,0.66528,12.849,1,0.986455,0.36288,0,82.9325,4.39565,77.9133,0.84672,12.849,0.84672,3695.15,0,18.483,0.165559,3.48524,2.01954,13.7112,1.18048,17.87,0.42336,0,0,18.483,0.42336,442.007,0,1.02816,0,0,4.5134,3.48524,1.028160,1,0,95.7833,0,0,0,95.7833,0
39.6496,2.73343,0,0,6.24827,0.202543,0.36288,3.6288,61.308,0.528277,0,0,2.40341,0.245832,0.34918,0.66528,12.849,1,0.956992,0.36288,0,120.454,4.67114,115.188,0.84672,12.849,0.84672,3695.15,0,18.483,0.16266,3.70907,2.01965,13.2356,1.25817,17.5435,0.42336,0,0,18.483,0.42336,442.007,0,1.02816,0,0,4.73723,3.70907,1.028160,1,0,133.081,0,0,0,133.081,0
42.8811,2.57742,0,0,6.37078,0.198982,0.36288,3.6288,61.308,0.398273,0,0,3.24106,0.205322,2.63747,0.66528,12.849,1,0.835249,0.36288,0,96.7884,4.57258,91.7434,0.84672,12.849,0.84672,3695.15,0,18.483,0.120071,3.8479,2.01976,14.8552,1.10945,19.4933,0.42336,0,0,18.483,0.42336,442.007,0,1.02816,0,0,4.87606,3.8479,1.028160,1,0,113.874,0,0,0,113.874,0
50.3004,2.626,0,0,10.6129,0.204839,0.36288,3.6288,61.308,0.398338,0,0,4.73293,0.198236,4.13636,0.66528,12.849,1,0.786861,0.36288,0,99.8214,4.55616,94.8412,0.84672,12.849,0.84672,3695.15,0,18.483,0.12009,5.53389,1.83436,18.1773,1.08466,24.3408,0.42336,0,0,18.483,0.42336,442.007,0,1.02816,0,0,6.56205,5.53389,1.028160,1,0,123.318,0,0,0,123.318,0
53.7718,2.7186,0,0,6.78321,0.230305,0.36288,3.6288,61.308,0.398403,0,0,1.84312,0.199188,1.24553,0.66528,12.849,1,0.694453,0.36288,0,78.0411,4.45678,73.2527,0.84672,12.849,0.84672,3695.15,0,18.483,0.12011,2.78602,1.83446,11.5108,1.06381,14.9474,0.42336,0,0,18.483,0.42336,442.007,0,1.02816,0,0,3.81418,2.78602,1.028160,1,0,89.4456,0,0,0,89.4456,0
56.7852,2.75493,0,0,6.4192,0.28799,0.36288,3.6288,61.308,0.398468,0,0,1.42394,0.204899,0.820574,0.66528,12.849,1,0.658303,0.36288,0,108.871,3.86054,104.715,0.84672,12.849,0.84672,3695.15,0,18.483,0.120129,2.61977,1.83456,11.5595,0.938702,14.955,0.42336,0,0,18.483,0.42336,442.007,0,1.02816,0,0,3.64793,2.61977,1.028160,1,0,120.491,0,0,0,120.491,0
58.068,2.78357,0,0,4.71382,0.284587,0.36288,3.6288,61.308,0.398533,0,0,1.1481,0.189044,0.560523,0.66528,12.849,1,0.629849,0.36288,0,68.2028,3.67721,64.2586,0.84672,12.849,0.84672,3695.15,0,18.483,0.120149,2.20186,1.83467,9.30493,0.891309,12.33,0.42336,0,0,18.483,0.42336,442.007,0,1.02816,0,0,3.23002,2.20186,1.028160,1,0,77.1491,0,0,0,77.1491,0
56.6954,2.88267,0,0,2.14465,0.271677,0.36288,3.6288,61.308,0.437024,0,0,1.0534,0.167905,0.448468,0.66528,12.849,1,0.637863,0.36288,0,44.1932,3.43277,40.4854,0.84672,12.849,0.84672,3695.15,0,18.483,0.131753,1.48804,1.83477,10.8831,0.828119,13.2461,0.42336,0,0,18.483,0.42336,442.007,0,1.02816,0,0,2.5162,1.48804,1.028160,1,0,54.1799,0,0,0,54.1799,0
57.0427,2.87021,0,0,3.84847,0.268044,0.36288,3.6288,61.308,0.437081,0,0,1.87142,0.167905,1.26644,0.66528,12.849,1,0.650482,0.36288,0,90.9472,3.43277,87.2269,0.84672,12.849,0.84672,3695.15,0,18.483,0.13177,2.16451,1.89354,12.3142,0.828119,15.4124,0.42336,0,0,18.483,0.42336,442.007,0,1.02816,0,0,3.19267,2.16451,1.028160,1,0,103.906,0,0,0,103.906,0
57.4252,2.87357,0,0,3.88792,0.268964,0.36288,3.6288,61.308,0.437137,0,0,2.41417,0.167905,1.80913,0.66528,12.849,1,0.647279,0.36288,0,75.5127,3.43277,71.7956,0.84672,12.849,0.84672,3695.15,0,18.483,0.131787,3.4276,1.89363,14.18,0.828119,18.5413,0.42336,0,0,18.483,0.42336,442.007,0,1.02816,0,0,4.45576,3.4276,1.028160,1,0,92.146,0,0,0,92.146,0
59.191,2.87723,0,0,5.29895,0.29305,0.36288,3.6288,61.308,0.437193,0,0,3.73522,0.155521,3.1425,0.66528,12.849,1,0.643785,0.36288,0,150.283,3.61682,146.386,0.84672,12.849,0.84672,3695.15,0,18.483,0.131804,5.61724,1.89371,16.7564,0.787461,23.3481,0.42336,0,0,18.483,0.42336,442.007,0,1.02816,0,0,6.6454,5.61724,1.028160,1,0,172.876,0,0,0,172.876,0
57.4129,3.17533,0,0,2.02854,0.268462,0.36288,3.6288,61.308,0.581547,0,0,1.12443,0.144858,0.398022,0.66528,12.849,1,0.689291,0.36288,0,51.6461,3.00426,48.3154,0.84672,12.849,0.84672,3695.15,0,18.483,0.175323,1.66508,1.8938,6.08345,0.952613,8.5144,0.42336,0,0,18.483,0.42336,442.007,0,1.02816,0,0,2.69324,1.66508,1.028160,1,0,57.2279,0,0,0,57.2279,0
55.6643,3.15803,0,0,2.03618,0.263861,0.36288,3.6288,61.308,0.58161,0,0,1.24646,0.144858,0.519991,0.66528,12.849,1,0.706767,0.36288,0,47.7761,3.00426,44.4279,0.84672,12.849,0.84672,3695.15,0,18.483,0.175342,1.74621,2.10334,6.40933,0.952613,9.13094,0.42336,0,0,18.483,0.42336,442.007,0,1.02816,0,0,2.77437,1.74621,1.028160,1,0,54.0789,0,0,0,54.0789,0
54.1109,3.14014,0,0,2.20057,0.250943,0.36288,3.6288,61.308,0.581672,0,0,1.48914,0.158912,0.748554,0.66528,12.849,1,0.724839,0.36288,0,52.3489,3.42378,48.5632,0.84672,12.849,0.84672,3695.15,0,18.483,0.175361,1.76789,2.10344,9.46613,1.0597,12.1024,0.42336,0,0,18.483,0.42336,442.007,0,1.02816,0,0,2.79605,1.76789,1.028160,1,0,61.4141,0,0,0,61.4141,0
53.291,3.12347,0,0,2.89499,0.228574,0.36288,3.6288,61.308,0.581735,0,0,1.81188,0.165779,1.06436,0.66528,12.849,1,0.741688,0.36288,0,83.8014,4.10634,79.3163,0.84672,12.849,0.84672,3695.15,0,18.483,0.17538,2.13254,2.10354,11.9494,1.12827,14.8818,0.42336,0,0,18.483,0.42336,442.007,0,1.02816,0,0,3.1607,2.13254,1.028160,1,0,95.2625,0,0,0,95.2625,0
54.1119,2.71964,0,0,4.19142,0.287952,0.36288,3.6288,61.308,0.388113,0,0,1.07396,0.186909,0.498938,0.66528,12.849,1,0.655734,0.36288,0,56.8088,4.03367,52.4823,0.84672,12.849,0.84672,3695.15,0,18.483,0.117008,1.25521,2.10363,4.60878,1.11159,6.73903,0.42336,0,0,18.483,0.42336,442.007,0,1.02816,0,0,2.28337,1.25521,1.028160,1,0,59.7202,0,0,0,59.7202,0
55.0565,2.72781,0,0,4.30202,0.266798,0.36288,3.6288,61.308,0.388167,0,0,1.34582,0.199714,0.757937,0.66528,12.849,1,0.647724,0.36288,0,68.6419,3.56926,64.7878,0.84672,12.849,0.84672,3695.15,0,18.483,0.117024,1.65859,1.81716,5.90639,0.857979,8.40714,0.42336,0,0,18.483,0.42336,442.007,0,1.02816,0,0,2.68675,1.65859,1.028160,1,0,73.9528,0,0,0,73.9528,0
58.0264,2.73694,0,0,6.33913,0.269352,0.36288,3.6288,61.308,0.388221,0,0,2.41831,0.199714,1.83037,0.66528,12.849,1,0.638744,0.36288,0,100.106,3.56926,96.2605,0.84672,12.849,0.84672,3695.15,0,18.483,0.11704,2.39701,1.81724,10.3359,0.857979,13.5751,0.42336,0,0,18.483,0.42336,442.007,0,1.02816,0,0,3.42517,2.39701,1.028160,1,0,111.666,0,0,0,111.666,0
60.5072,2.76383,0,0,5.88487,0.277382,0.36288,3.6288,61.308,0.388275,0,0,1.5297,0.199714,0.941714,0.66528,12.849,1,0.612006,0.36288,0,120.193,3.56926,116.374,0.84672,12.849,0.84672,3695.15,0,18.483,0.117056,2.07715,1.81732,7.42357,0.857979,10.343,0.42336,0,0,18.483,0.42336,442.007,0,1.02816,0,0,3.10531,2.07715,1.028160,1,0,127.659,0,0,0,127.659,0
62.4377,2.78466,0,0,5.37046,0.29242,0.36288,3.6288,61.308,0.388329,0,0,1.58078,0.184228,1.00823,0.66528,12.849,1,0.591336,0.36288,0,104.477,3.81531,100.434,0.84672,12.849,0.84672,3695.15,0,18.483,0.117073,1.80393,1.81741,8.8336,0.961544,11.3763,0.42336,0,0,18.483,0.42336,442.007,0,1.02816,0,0,2.83209,1.80393,1.028160,1,0,112.818,0,0,0,112.818,0
65.3211,2.90225,0,0,6.43885,0.290323,0.36288,3.6288,61.308,0.435777,0,0,1.95,0.191562,1.32267,0.66528,12.849,1,0.597252,0.36288,0,117.531,4.21711,113.079,0.84672,12.849,0.84672,3695.15,0,18.483,0.131377,2.60664,1.81749,10.2531,1.0996,13.4462,0.42336,0,0,18.483,0.42336,442.007,0,1.02816,0,0,3.6348,2.60664,1.028160,1,0,127.848,0,0,0,127.848,0
66.2563,2.92442,0,0,4.51968,0.297188,0.36288,3.6288,61.308,0.435833,0,0,1.45864,0.191562,0.831244,0.66528,12.849,1,0.575248,0.36288,0,79.9908,4.21711,75.5614,0.84672,12.849,0.84672,3695.15,0,18.483,0.131394,1.31074,1.88835,7.75578,1.0996,9.72387,0.42336,0,0,18.483,0.42336,442.007,0,1.02816,0,0,2.3389,1.31074,1.028160,1,0,86.1165,0,0,0,86.1165,0
66.6196,2.93135,0,0,3.92586,0.268273,0.36288,3.6288,61.308,0.435889,0,0,1.20224,0.203087,0.563263,0.66528,12.849,1,0.568474,0.36288,0,68.7675,4.27824,64.2837,0.84672,12.849,0.84672,3695.15,0,18.483,0.131411,1.06813,1.88843,6.36431,1.11319,8.07627,0.42336,0,0,18.483,0.42336,442.007,0,1.02816,0,0,2.09629,1.06813,1.028160,1,0,72.9232,0,0,0,72.9232,0
66.7382,2.93409,0,0,3.69592,0.280379,0.36288,3.6288,61.308,0.435945,0,0,1.07647,0.208394,0.432136,0.66528,12.849,1,0.5659,0.36288,0,63.9398,4.40343,59.3333,0.84672,12.849,0.84672,3695.15,0,18.483,0.131428,0.833665,1.88852,5.95465,1.10593,7.43948,0.42336,0,0,18.483,0.42336,442.007,0,1.02816,0,0,1.86182,0.833665,1.028160,1,0,67.205,0,0,0,67.205,0
66.8337,2.89461,0,0,3.5762,0.223166,0.36288,3.6288,61.308,0.417591,0,0,1.11593,0.21665,0.481693,0.66528,12.849,1,0.557295,0.36288,0,62.9441,3.9754,58.7743,0.84672,12.849,0.84672,3695.15,0,18.483,0.125894,0.6851,1.88861,5.92907,1.11259,7.26429,0.42336,0,0,18.483,0.42336,442.007,0,1.02816,0,0,1.71326,0.6851,1.028160,1,0,66.5203,0,0,0,66.5203,0
66.5781,2.89541,0,0,3.226,0.223334,0.36288,3.6288,61.308,0.417646,0,0,1.11415,0.21665,0.479858,0.66528,12.849,1,0.556652,0.36288,0,58.0423,3.9754,53.8731,0.84672,12.849,0.84672,3695.15,0,18.483,0.125911,0.608688,1.86114,5.81709,1.11259,7.04841,0.42336,0,0,18.483,0.42336,442.007,0,1.02816,0,0,1.63685,0.608688,1.028160,1,0,61.4014,0,0,0,61.4014,0
66.7522,2.89375,0,0,3.64778,0.217064,0.36288,3.6288,61.308,0.417701,0,0,0.982411,0.219617,0.345093,0.66528,12.849,1,0.558469,0.36288,0,61.4809,4.20933,57.076,0.84672,12.849,0.84672,3695.15,0,18.483,0.125928,0.452503,1.86123,7.40482,1.12181,8.4708,0.42336,0,0,18.483,0.42336,442.007,0,1.02816,0,0,1.48066,0.452503,1.028160,1,0,65.8919,0,0,0,65.8919,0
66.4053,2.89511,0,0,3.09347,0.182404,0.36288,3.6288,61.308,0.417757,0,0,0.96406,0.23742,0.308883,0.66528,12.849,1,0.557273,0.36288,0,51.369,5.61288,45.5618,0.84672,12.849,0.84672,3695.15,0,18.483,0.125944,0.501794,1.86131,5.91811,1.17715,6.97813,0.42336,0,0,18.483,0.42336,442.007,0,1.02816,0,0,1.52995,0.501794,1.028160,1,0,52.8488,0,0,0,52.8488,0
65.3954,3.03003,0,0,2.54017,0.157173,0.36288,3.6288,61.308,0.520753,0,0,0.891752,0.233446,0.137553,0.66528,12.849,1,0.586291,0.36288,0,39.2014,5.10168,33.8763,0.84672,12.849,0.84672,3695.15,0,18.483,0.156996,0.402797,1.8614,4.57771,1.14551,5.53939,0.42336,0,0,18.483,0.42336,442.007,0,0.979171,0,0,1.38197,0.402797,1.028160,1,0,39.5533,0,0,0,39.5533,0
64.285,3.0226,0,0,2.43955,0.164447,0.36288,3.6288,61.2661,0.63003,0,0,0.816808,0.22869,0,0.66528,12.849,1,0.593885,0.36288,0,37.0002,4.94686,31.8223,0.84672,12.849,0.84672,3695.15,0,18.483,0.18994,0.402797,1.95783,4.05133,1.11066,5.11136,0.42336,0,0,18.483,0.42336,442.007,0,0.837026,0,0,1.23982,0.402797,1.028160,1,0,36.9337,0,0,0,36.9337,0
62.897,3.01419,0,0,2.13856,0.149463,0.36288,3.6288,61.1726,0.616388,0,0,0.760933,0.23807,0,0.66528,12.849,1,0.602462,0.36288,0,33.0575,5.05396,27.764,0.84672,12.849,0.84672,3695.15,0,18.483,0.185954,0.30119,1.95792,3.93067,1.13803,4.86581,0.42336,0,0,18.483,0.42336,442.007,0,0.854729,0,0,1.15592,0.30119,1.028160,1,0,32.6298,0,0,0,32.6298,0
61.4398,3.00328,0,0,2.02327,0.114362,0.36288,3.6288,60.9836,0.659085,0,0,0.731601,0.261518,0,0.66528,12.849,1,0.61353,0.36288,0,30.219,5.32171,24.6466,0.84672,12.849,0.84672,3695.15,0,18.483,0.199139,0.30119,1.95801,3.78137,1.20644,4.635,0.42336,0,0,18.483,0.42336,442.007,0,0.798923,0,0,1.10011,0.30119,1.028160,1,0,29.2816,0,0,0,29.2816,0
59.6774,2.99139,0,0,1.6929,0.101047,0.36288,3.6288,61.0372,0.495255,0,0,0.797178,0.248261,0,0.66528,12.849,1,0.625593,0.36288,0,29.0168,5.25091,23.5032,0.84672,12.849,0.84672,3695.15,0,18.483,0.150103,0.30119,1.9581,3.74774,1.23097,4.62596,0.42336,0,0,18.483,0.42336,442.007,0,1.01186,0,0,1.31306,0.30119,1.028160,1,0,28.1292,0,0,0,28.1292,0
57.703,2.94966,0,0,1.4288,0.0906717,0.36288,3.6288,61.106,0.518769,0,0,0.826165,0.238634,0,0.66528,12.849,1,0.635085,0.36288,0,28.041,5.19782,22.571,0.84672,12.849,0.84672,3695.15,0,18.483,0.157091,0.409821,1.95819,3.7344,1.24937,4.69596,0.42336,0,0,18.483,0.42336,442.007,0,1.02816,0,0,1.43798,0.409821,1.028160,1,0,27.267,0,0,0,27.267,0
55.6201,2.93202,0,0,1.30104,0.0889543,0.36288,3.6288,61.1661,0.518965,0,0,0.817819,0.238738,0,0.66528,12.849,1,0.652888,0.36288,0,27.8242,5.19782,22.3363,0.84672,12.849,0.84672,3695.15,0,18.483,0.156974,0.41186,1.98831,3.59418,1.24937,4.58801,0.42336,0,0,18.483,0.42336,442.007,0,1.02816,0,0,1.44002,0.41186,1.028160,1,0,26.9244,0,0,0,26.9244,0
53.435,2.9123,0,0,1.17714,0.0871427,0.36288,3.6288,61.1456,0.540667,0,0,0.758964,0.238829,0,0.66528,12.849,1,0.67278,0.36288,0,24.9864,5.19782,19.4786,0.84672,12.849,0.84672,3695.15,0,18.483,0.163377,0.261274,1.9884,3.44714,1.24937,4.28407,0.42336,0,0,18.483,0.42336,442.007,0,1.00013,0,0,1.26141,0.261274,1.028160,1,0,23.7627,0,0,0,23.7627,0
51.2326,2.89025,0,0,1.11225,0.0615149,0.36288,3.6288,61.0142,0.548029,0,0,0.722987,0.306351,0,0.66528,12.849,1,0.694991,0.36288,0,22.2659,6.01536,15.9184,0.84672,12.849,0.84672,3695.15,0,18.483,0.165658,0.261274,1.98849,3.20534,1.54466,3.74478,0.42336,0,0,18.483,0.42336,442.007,0,0.990567,0,0,1.25184,0.261274,1.028160,1,0,19.6632,0,0,0,19.6632,0
48.9888,2.93339,0,0,1.11181,0.0593165,0.36288,3.6288,61.0499,0.560853,0,0,0.924497,0.327873,0,0.66528,12.849,1,0.735688,0.36288,0,23.6854,5.98038,17.3322,0.84672,12.849,0.84672,3695.15,0,18.483,0.169899,0.261274,1.98858,2.99334,1.51316,3.56013,0.42336,0,0,18.483,0.42336,442.007,0,1.01523,0,0,1.2765,0.261274,1.028160,1,0,20.8924,0,0,0,20.8924,0
46.7149,2.90683,0,0,1.05373,0.0579241,0.36288,3.6288,60.998,0.551063,0,0,0.82709,0.327947,0,0.66528,12.849,1,0.762417,0.36288,0,20.9282,5.98038,14.5482,0.84672,12.849,0.84672,3695.15,0,18.483,0.166835,0.372773,2.03653,3.12644,1.51316,3.85574,0.42336,0,0,18.483,0.42336,442.007,0,1.02816,0,0,1.40093,0.372773,1.028160,1,0,18.404,0,0,0,18.404,0
44.4027,2.87786,0,0,0.985046,0.0565022,0.36288,3.6288,60.8844,0.551015,0,0,0.765227,0.327839,0,0.66528,12.849,1,0.791559,0.36288,0,19.8997,5.98038,13.4907,0.84672,12.849,0.84672,3695.15,0,18.483,0.166963,0.25221,2.03662,2.74335,1.51316,3.35206,0.42336,0,0,18.483,0.42336,442.007,0,1.02816,0,0,1.28037,0.25221,1.028160,1,0,16.8427,0,0,0,16.8427,0
42.1105,2.84602,0,0,0.971801,0.0550563,0.36288,3.6288,60.8339,0.550838,0,0,0.827937,0.327603,0,0.66528,12.849,1,0.823565,0.36288,0,18.465,5.98038,12.0239,0.84672,12.849,0.84672,3695.15,0,18.483,0.167221,0.338515,2.03672,3.1024,1.51316,3.79725,0.42336,0,0,18.483,0.42336,442.007,0,1.02816,0,0,1.36668,0.338515,1.028160,1,0,15.8212,0,0,0,15.8212,0
39.5512,2.99959,0,0,0.87156,0.0683983,0.36288,3.6288,60.7567,0.66528,0,0,0.892884,0.304761,0,0.66528,12.849,1,0.915251,0.36288,0,15.7745,5.69178,9.53033,0.84672,12.849,0.84672,3695.15,0,18.483,0.203207,0.363329,2.03681,3.40627,1.3919,4.2113,0.42336,0,0,18.483,0.42336,442.007,0,1.02816,0,0,1.39149,0.363329,1.028160,1,0,13.7416,0,0,0,13.7416,0
36.8752,2.95502,0,0,0.72392,0.0820957,0.36288,3.6288,60.6589,0.66528,0,0,0.855706,0.288295,0,0.66528,12.849,1,0.959997,0.36288,0,14.0955,5.36697,8.13138,0.84672,12.849,0.84672,3695.15,0,18.483,0.203294,0.24637,2.19899,3.00288,1.30156,3.94339,0.42336,0,0,18.483,0.42336,442.007,0,1.02816,0,0,1.27453,0.24637,1.028160,1,0,12.0748,0,0,0,12.0748,0
34.3023,2.90349,0,0,0.773064,0.0795701,0.36288,3.6288,60.573,0.66528,0,0,0.867542,0.288116,0,0.66528,12.849,1,1.01171,0.36288,0,14.0923,5.36697,8.07647,0.84672,12.849,0.84672,3695.15,0,18.483,0.203381,0.352115,2.19909,3.62675,1.30156,4.67302,0.42336,0,0,18.483,0.42336,442.007,0,1.02816,0,0,1.38027,0.352115,1.028160,1,0,12.7495,0,0,0,12.7495,0
31.8857,2.84841,0,0,0.871854,0.0771418,0.36288,3.6288,60.5164,0.66528,0,0,0.896573,0.287959,0,0.66528,12.849,1,1.06696,0.36288,0,13.48,5.36697,7.40899,0.84672,12.849,0.84672,3695.15,0,18.483,0.203467,0.311774,2.19919,4.03132,1.30156,5.03726,0.42336,0,0,18.483,0.42336,442.007,0,1.02816,0,0,1.33993,0.311774,1.028160,1,0,12.4462,0,0,0,12.4462,0
29.5424,2.7909,0,0,0.918916,0.108446,0.36288,3.6288,60.6398,0.66528,0,0,1.0324,0.243709,0,0.66528,12.849,1,1.12465,0.36288,0,15.4066,4.70631,9.93851,0.84672,12.849,0.84672,3695.15,0,18.483,0.203554,0.325201,2.19929,3.99228,1.16171,5.1515,0.42336,0,0,18.483,0.42336,442.007,0,1.02816,0,0,1.35336,0.325201,1.028160,1,0,15.09,0,0,0,15.09,0
27.7284,2.6456,0,0,1.33933,0.144819,0.36288,3.6288,61.308,0.595987,0,0,1.57044,0.184897,0.121321,0.66528,12.849,1,1.15066,0.36288,0,24.4076,3.79953,19.8203,0.84672,12.849,0.84672,3695.15,0,18.483,0.181657,0.756613,2.19939,5.80762,0.980327,7.60164,0.42336,0,0,18.483,0.42336,442.007,0,1.02816,0,0,1.78477,0.756613,1.028160,1,0,27.5432,0,0,0,27.5432,0
26.3033,2.59428,0,0,1.67329,0.141278,0.36288,3.6288,61.308,0.597572,0,0,1.7887,0.185681,1.00545,0.66528,12.849,1,1.20216,0.36288,0,47.1622,3.79953,42.5234,0.84672,12.849,0.84672,3695.15,0,18.483,0.180155,0.813197,2.10658,6.32129,0.980327,8.08059,0.42336,0,0,18.483,0.42336,442.007,0,1.02816,0,0,1.84136,0.813197,1.028160,1,0,51.6095,0,0,0,51.6095,0
24.462,2.55064,0,0,1.21076,0.138496,0.36288,3.6288,61.308,0.597636,0,0,1.51462,0.185681,0.731301,0.66528,12.849,1,1.24597,0.36288,0,22.3794,3.79953,17.6968,0.84672,12.849,0.84672,3695.15,0,18.483,0.180174,0.786015,2.10668,4.96111,0.980327,6.6933,0.42336,0,0,18.483,0.42336,442.007,0,1.02816,0,0,1.81418,0.786015,1.028160,1,0,25.1214,0,0,0,25.1214,0
22.675,2.48926,0,0,1.20004,0.134902,0.36288,3.6288,61.308,0.597699,0,0,1.64306,0.185681,0.85968,0.66528,12.849,1,1.30752,0.36288,0,17.3098,3.79953,12.5656,0.84672,12.849,0.84672,3695.15,0,18.483,0.180193,0.74634,2.10678,4.79617,0.980327,6.48877,0.42336,0,0,18.483,0.42336,442.007,0,1.02816,0,0,1.7745,0.74634,1.028160,1,0,19.9141,0,0,0,19.9141,0
22.2059,2.36099,0,0,2.42766,0.172855,0.36288,3.6288,61.308,0.533912,0,0,1.63346,0.24253,0.857019,0.66528,12.849,1,1.33788,0.36288,0,65.4439,3.63174,60.8372,0.84672,12.849,0.84672,3695.15,0,18.483,0.160963,1.00604,2.10687,9.80078,0.961199,11.7915,0.42336,0,0,18.483,0.42336,442.007,0,1.02816,0,0,2.0342,1.00604,1.028160,1,0,73.4858,0,0,0,73.4858,0
21.4424,2.3432,0,0,2.11429,0.171769,0.36288,3.6288,61.308,0.533973,0,0,3.37342,0.24253,2.59692,0.66528,12.849,1,1.35584,0.36288,0,71.0901,3.63174,66.4654,0.84672,12.849,0.84672,3695.15,0,18.483,0.160981,3.36728,2.02439,12.6617,0.961199,16.9312,0.42336,0,0,18.483,0.42336,442.007,0,1.02816,0,0,4.39544,3.36728,1.028160,1,0,85.9935,0,0,0,85.9935,0
21.0431,2.31311,0,0,2.44668,0.170001,0.36288,3.6288,61.308,0.534033,0,0,1.93574,0.24253,1.15918,0.66528,12.849,1,1.3861,0.36288,0,72.0152,3.63174,67.3602,0.84672,12.849,0.84672,3695.15,0,18.483,0.160999,0.895907,2.02448,8.5027,0.961199,10.3009,0.42336,0,0,18.483,0.42336,442.007,0,1.02816,0,0,1.92407,0.895907,1.028160,1,0,78.8203,0,0,0,78.8203,0
21.1396,2.29689,0,0,2.94152,0.185247,0.36288,3.6288,61.308,0.534094,0,0,3.34326,0.274738,2.53442,0.66528,12.849,1,1.40249,0.36288,0,87.7433,4.32047,82.3832,0.84672,12.849,0.84672,3695.15,0,18.483,0.161017,2.91626,2.02457,14.6377,1.15543,18.2621,0.42336,0,0,18.483,0.42336,442.007,0,1.02816,0,0,3.94442,2.91626,1.028160,1,0,103.18,0,0,0,103.18,0
21.2497,2.12769,0,0,2.7773,0.1766,0.36288,3.6288,61.308,0.401148,0,0,3.46969,0.24024,2.82831,0.66528,12.849,1,1.29324,0.36288,0,92.472,4.13966,87.402,0.84672,12.849,0.84672,3695.15,0,18.483,0.120937,2.93557,2.02466,10.5714,1.09395,14.3167,0.42336,0,0,18.483,0.42336,442.007,0,1.02816,0,0,3.96373,2.93557,1.028160,1,0,104.547,0,0,0,104.547,0
22.848,2.13196,0,0,4.26382,0.17071,0.36288,3.6288,61.308,0.401203,0,0,4.25545,0.221288,3.63296,0.66528,12.849,1,1.28913,0.36288,0,72.7222,3.95713,67.8388,0.84672,12.849,0.84672,3695.15,0,18.483,0.120954,3.01432,1.8388,11.5186,1.03828,15.2125,0.42336,0,0,18.483,0.42336,442.007,0,1.02816,0,0,4.04248,3.01432,1.028160,1,0,86.6842,0,0,0,86.6842,0
24.286,2.18978,0,0,4.1674,0.176687,0.36288,3.6288,61.308,0.401257,0,0,4.01054,0.206158,3.40313,0.66528,12.849,1,1.23146,0.36288,0,125.36,3.79213,120.7,0.84672,12.849,0.84672,3695.15,0,18.483,0.12097,2.86995,1.83889,11.2825,0.993543,14.8769,0.42336,0,0,18.483,0.42336,442.007,0,1.02816,0,0,3.89811,2.86995,1.028160,1,0,138.98,0,0,0,138.98,0
23.6677,2.23757,0,0,2.16825,0.186087,0.36288,3.6288,61.308,0.401312,0,0,1.9366,0.168333,1.36696,0.66528,12.849,1,1.18383,0.36288,0,43.4741,3.37964,39.2736,0.84672,12.849,0.84672,3695.15,0,18.483,0.120987,1.31228,1.83897,8.94309,0.881699,11.0917,0.42336,0,0,18.483,0.42336,442.007,0,1.02816,0,0,2.34044,1.31228,1.028160,1,0,51.7322,0,0,0,51.7322,0
23.5352,2.21763,0,0,2.62943,0.181447,0.36288,3.6288,61.308,0.401366,0,0,1.58836,0.171325,1.01567,0.66528,12.849,1,1.20393,0.36288,0,119.578,3.42947,115.307,0.84672,12.849,0.84672,3695.15,0,18.483,0.121003,1.07444,1.83905,8.51826,0.965329,10.3454,0.42336,0,0,18.483,0.42336,442.007,0,1.02816,0,0,2.1026,1.07444,1.028160,1,0,126.668,0,0,0,126.668,0
25.2387,2.28267,0,0,4.52815,0.179122,0.36288,3.6288,61.308,0.439938,0,0,1.62484,0.167071,1.01783,0.66528,12.849,1,1.24622,0.36288,0,130.636,3.66721,126.085,0.84672,12.849,0.84672,3695.15,0,18.483,0.132632,2.17121,1.83914,7.77177,1.0781,10.5714,0.42336,0,0,18.483,0.42336,442.007,0,1.02816,0,0,3.19937,2.17121,1.028160,1,0,137.675,0,0,0,137.675,0
33.7836,2.33849,0,0,11.4337,0.187433,0.36288,3.6288,61.308,0.439983,0,0,4.21341,0.194516,3.57891,0.66528,12.849,1,1.19053,0.36288,0,142.331,4.19422,137.309,0.84672,12.849,0.84672,3695.15,0,18.483,0.132645,5.15279,1.89804,19.1033,1.22959,24.7919,0.42336,0,0,18.483,0.42336,442.007,0,1.02816,0,0,6.18095,5.15279,1.028160,1,0,165.68,0,0,0,165.68,0
49.003,2.55674,0,0,18.3505,0.211442,0.36288,3.6288,61.308,0.440029,0,0,11.264,0.218621,10.6053,0.66528,12.849,1,0.972411,0.36288,0,415.028,4.55553,409.863,0.84672,12.849,0.84672,3695.15,0,18.483,0.132659,12.2383,1.89811,36.1854,1.37209,48.817,0.42336,0,0,18.483,0.42336,442.007,0,1.02816,0,0,13.2665,12.2383,1.028160,1,0,469.286,0,0,0,469.286,0
63.2036,2.79612,0,0,17.6117,0.252152,0.36288,3.6288,61.308,0.440074,0,0,12.2703,0.218621,11.6116,0.66528,12.849,1,0.733165,0.36288,0,461.028,4.55553,456.102,0.84672,12.849,0.84672,3695.15,0,18.483,0.132672,10.4279,1.89818,34.152,1.37209,44.9733,0.42336,0,0,18.483,0.42336,442.007,0,1.02816,0,0,11.456,10.4279,1.028160,1,0,512.687,0,0,0,512.687,0
66.819,3.21921,0,0,7.54065,0.34311,0.36288,3.6288,61.308,0.584754,0,0,5.31122,0.178689,4.54777,0.66528,12.849,1,0.654451,0.36288,0,166.955,4.1292,162.534,0.84672,12.849,0.84672,3695.15,0,18.483,0.17629,7.13794,1.89825,16.6424,1.04589,24.4564,0.42336,0,0,18.483,0.42336,442.007,0,1.02816,0,0,8.1661,7.13794,1.028160,1,0,191.538,0,0,0,191.538,0
69.522,3.24903,0,0,6.67734,0.362424,0.36288,3.6288,61.308,0.584805,0,0,5.77347,0.172034,5.01663,0.66528,12.849,1,0.624774,0.36288,0,158.427,4.05815,154.107,0.84672,12.849,0.84672,3695.15,0,18.483,0.176306,6.00782,2.10826,16.1082,0.991521,23.0565,0.42336,0,0,18.483,0.42336,442.007,0,1.02816,0,0,7.03598,6.00782,1.028160,1,0,182.18,0,0,0,182.18,0
73.1147,3.26965,0,0,7.59542,0.370179,0.36288,3.6288,61.308,0.584855,0,0,6.18045,0.172034,5.42356,0.66528,12.849,1,0.604294,0.36288,0,188.561,4.05815,184.262,0.84672,12.849,0.84672,3695.15,0,18.483,0.176321,6.9044,2.10834,24.4616,0.991521,32.3065,0.42336,0,0,18.483,0.42336,442.007,0,1.02816,0,0,7.93256,6.9044,1.028160,1,0,221.992,0,0,0,221.992,0
77.8022,3.29503,0,0,8.86628,0.52088,0.36288,3.6288,61.308,0.584906,0,0,6.08468,0.16891,5.33086,0.66528,12.849,1,0.57906,0.36288,0,240.432,3.95324,236.263,0.84672,12.849,0.84672,3695.15,0,18.483,0.176336,6.99192,2.10842,20.8698,0.956405,28.8374,0.42336,0,0,18.483,0.42336,442.007,0,1.02816,0,0,8.02008,6.99192,1.028160,1,0,270.431,0,0,0,270.431,0
80.5043,2.90362,0,0,6.44392,0.475292,0.36288,3.6288,61.308,0.390826,0,0,4.22404,0.177321,3.6559,0.66528,12.849,1,0.479531,0.36288,0,152.842,3.52483,149.201,0.84672,12.849,0.84672,3695.15,0,18.483,0.117825,4.76338,2.1085,11.4,0.817628,17.3364,0.42336,0,0,18.483,0.42336,442.007,0,1.02816,0,0,5.79154,4.76338,1.028160,1,0,170.193,0,0,0,170.193,0
82.6863,2.9176,0,0,5.93583,0.473434,0.36288,3.6288,61.308,0.390869,0,0,3.54353,0.181846,2.97082,0.66528,12.849,1,0.465668,0.36288,0,133.434,3.55834,129.773,0.84672,12.849,0.84672,3695.15,0,18.483,0.117838,5.25848,1.82134,10.9916,0.829614,17.124,0.42336,0,0,18.483,0.42336,442.007,0,1.02816,0,0,6.28664,5.25848,1.028160,1,0,149.868,0,0,0,149.868,0
87.5774,2.92835,0,0,8.66575,0.483408,0.36288,3.6288,61.308,0.390912,0,0,4.34741,0.181846,3.77465,0.66528,12.849,1,0.455049,0.36288,0,192.253,3.55834,188.602,0.84672,12.849,0.84672,3695.15,0,18.483,0.117851,5.79995,1.82141,14.138,0.829614,20.8119,0.42336,0,0,18.483,0.42336,442.007,0,1.02816,0,0,6.82811,5.79995,1.028160,1,0,213.189,0,0,0,213.189,0
92.2173,2.95062,0,0,8.45804,0.504591,0.36288,3.6288,61.308,0.390956,0,0,4.16609,0.17788,3.59725,0.66528,12.849,1,0.432903,0.36288,0,193.285,3.6345,189.581,0.84672,12.849,0.84672,3695.15,0,18.483,0.117865,5.66982,1.82148,15.6903,0.86721,22.1965,0.42336,0,0,18.483,0.42336,442.007,0,1.02816,0,0,6.69798,5.66982,1.028160,1,0,215.375,0,0,0,215.375,0
97.506,2.96984,0,0,12.8009,0.511441,4.03089,3.6288,61.308,0.390999,0,0,6.38661,0.192982,5.80263,0.66528,12.849,1,0.4138,4.03089,0,296.686,3.82111,296.482,0.84672,12.849,0.84672,3695.15,0,18.483,0.117878,8.13387,1.82154,24.2434,0.888666,33.1923,0.42336,0,0,18.483,0.42336,442.007,0,1.02816,0,0,9.16203,8.13387,1.028160,1,0,335.477,0,0,0,335.477,0
97.506,3.09903,0,0,14.0899,0.509918,10.4809,3.6288,61.308,0.438543,0,0,5.92013,0.184535,5.29705,0.66528,12.849,1,0.408379,10.4809,0,218.573,3.3767,225.269,0.84672,12.849,0.84672,3695.15,0,18.483,0.132211,5.57317,1.82161,28.2737,0.754896,34.7814,0.42336,0,0,18.483,0.42336,442.007,0,1.02816,0,0,6.60133,5.57317,1.028160,1,0,265.347,0,0,0,265.347,0
97.506,3.09914,0,0,11.5694,0.509918,7.96033,3.6288,61.308,0.438588,0,0,5.1727,0.184535,4.54958,0.66528,12.849,1,0.408394,7.96033,0,160.535,3.3767,164.71,0.84672,12.849,0.84672,3695.15,0,18.483,0.132225,6.05133,1.89261,20.686,0.754896,27.7428,0.42336,0,0,18.483,0.42336,442.007,0,1.02816,0,0,7.07949,6.05133,1.028160,1,0,197.002,0,0,0,197.002,0
97.506,3.09925,0,0,9.23694,0.419115,5.71857,3.6288,61.308,0.438633,0,0,3.59809,0.178708,2.98075,0.66528,12.849,1,0.408409,5.71857,0,144.234,3.72267,145.821,0.84672,12.849,0.84672,3695.15,0,18.483,0.132238,3.58663,1.89268,14.5889,0.777393,19.1586,0.42336,0,0,18.483,0.42336,442.007,0,1.02816,0,0,4.61479,3.58663,1.028160,1,0,167.96,0,0,0,167.96,0
97.506,3.09937,0,0,8.23902,0.430695,4.70896,3.6288,61.308,0.438678,0,0,3.14349,0.186365,2.51845,0.66528,12.849,1,0.408424,4.70896,0,132.787,3.67766,133.41,0.84672,12.849,0.84672,3695.15,0,18.483,0.132252,2.90891,1.89275,13.5655,0.776616,17.4583,0.42336,0,0,18.483,0.42336,442.007,0,1.02816,0,0,3.93707,2.90891,1.028160,1,0,153.387,0,0,0,153.387,0
97.506,3.05676,0,0,10.4964,0.459382,6.98025,3.6288,61.308,0.420272,0,0,3.23464,0.165313,2.64906,0.66528,12.849,1,0.402809,6.98025,0,197.611,2.92567,201.263,0.84672,12.849,0.84672,3695.15,0,18.483,0.126703,3.78026,1.89282,19.5903,0.774998,24.3616,0.42336,0,0,18.483,0.42336,442.007,0,1.02816,0,0,4.80842,3.78026,1.028160,1,0,228.274,0,0,0,228.274,0
97.506,3.05687,0,0,7.79682,0.360886,4.37906,3.6288,61.308,0.420317,0,0,2.38808,0.211706,1.75606,0.66528,12.849,1,0.402824,4.37906,0,106.952,3.58859,107.34,0.84672,12.849,0.84672,3695.15,0,18.483,0.126716,3.0317,1.86527,12.7298,0.983424,16.5167,0.42336,0,0,18.483,0.42336,442.007,0,1.02816,0,0,4.05986,3.0317,1.028160,1,0,125.612,0,0,0,125.612,0
97.506,3.05699,0,0,6.59153,0.360886,3.17366,3.6288,61.308,0.420361,0,0,2.09634,0.211706,1.46427,0.66528,12.849,1,0.402839,3.17366,0,86.0051,3.58859,85.1874,0.84672,12.849,0.84672,3695.15,0,18.483,0.12673,2.67144,1.86534,10.5217,0.983424,13.9483,0.42336,0,0,18.483,0.42336,442.007,0,1.02816,0,0,3.6996,2.67144,1.028160,1,0,100.6,0,0,0,100.6,0
97.506,3.0571,0,0,5.58608,0.360886,2.16809,3.6288,61.308,0.420406,0,0,1.86905,0.211706,1.23694,0.66528,12.849,1,0.402854,2.16809,0,66.341,3.58859,64.5177,0.84672,12.849,0.84672,3695.15,0,18.483,0.126743,2.28052,1.86541,8.67007,0.983424,11.7058,0.42336,0,0,18.483,0.42336,442.007,0,1.02816,0,0,3.30868,2.28052,1.028160,1,0,77.4605,0,0,0,77.4605,0
97.506,3.20224,0,0,5.72208,0.364251,2.15559,3.6288,61.308,0.485893,0,0,1.81271,0.200677,1.12614,0.66528,12.849,1,0.42198,2.15559,0,64.1211,4.3435,61.5112,0.84672,12.849,0.84672,3695.15,0,18.483,0.146486,1.7673,1.86548,7.95735,1.05195,10.3917,0.42336,0,0,18.483,0.42336,442.007,0,1.02816,0,0,2.79546,1.7673,1.028160,1,0,73.029,0,0,0,73.029,0
97.506,3.20235,0,0,5.89332,0.293873,2.39709,3.6288,61.308,0.48594,0,0,2.08729,0.198877,1.40247,0.66528,12.849,1,0.421995,2.39709,0,72.8352,4.75494,70.0554,0.84672,12.849,0.84672,3695.15,0,18.483,0.1465,2.33035,1.96211,9.05999,1.09115,12.1148,0.42336,0,0,18.483,0.42336,442.007,0,1.02816,0,0,3.35851,2.33035,1.028160,1,0,83.5726,0,0,0,83.5726,0
97.506,3.20247,0,0,5.35766,0.184961,1.97022,3.6288,61.308,0.485987,0,0,1.77115,0.221406,1.06376,0.66528,12.849,1,0.422011,1.97022,0,68.9636,5.05722,65.4546,0.84672,12.849,0.84672,3695.15,0,18.483,0.146514,1.95978,1.96218,8.10527,1.15196,10.7288,0.42336,0,0,18.483,0.42336,442.007,0,1.02816,0,0,2.98794,1.95978,1.028160,1,0,77.2471,0,0,0,77.2471,0
97.506,3.20259,0,0,4.92486,0.184961,1.53731,3.6288,61.308,0.486034,0,0,1.42785,0.221406,0.720407,0.66528,12.849,1,0.422026,1.53731,0,63.2294,5.05722,59.2875,0.84672,12.849,0.84672,3695.15,0,18.483,0.146528,1.52067,1.96226,7.34435,1.15196,9.52879,0.42336,0,0,18.483,0.42336,442.007,0,1.02816,0,0,2.54883,1.52067,1.028160,1,0,69.5367,0,0,0,69.5367,0
97.506,3.20271,0,0,4.31467,0.192381,0.919581,3.6288,61.308,0.486081,0,0,1.15552,0.235743,0.433698,0.66528,12.849,1,0.422042,0.919581,0,56.0695,4.94333,51.6237,0.84672,12.849,0.84672,3695.15,0,18.483,0.146543,1.2626,1.96233,6.56853,1.1936,8.45331,0.42336,0,0,18.483,0.42336,442.007,0,1.02816,0,0,2.29076,1.2626,1.028160,1,0,60.5107,0,0,0,60.5107,0
97.2501,3.17414,0,0,3.48337,0.202275,0.36288,3.6288,61.308,0.522103,0,0,1.03195,0.254859,0.254991,0.66528,12.849,1,0.418277,0.36288,0,54.0835,4.79147,49.2367,0.84672,12.849,0.84672,3695.15,0,18.483,0.157402,0.913153,1.9624,5.83683,1.24912,7.30586,0.42336,0,0,18.483,0.42336,442.007,0,1.02816,0,0,1.94131,0.913153,1.028160,1,0,56.7975,0,0,0,56.7975,0
96.7132,3.17328,0,0,3.20111,0.201846,0.36288,3.6288,61.308,0.522151,0,0,1.00231,0.254859,0.225299,0.66528,12.849,1,0.419265,0.36288,0,53.2291,4.79147,48.3813,0.84672,12.849,0.84672,3695.15,0,18.483,0.157417,0.913956,1.99256,5.88564,1.24912,7.38562,0.42336,0,0,18.483,0.42336,442.007,0,1.02816,0,0,1.94212,0.913956,1.028160,1,0,55.9922,0,0,0,55.9922,0
95.8918,3.17135,0,0,2.9138,0.200945,0.36288,3.6288,61.308,0.522199,0,0,0.937449,0.254859,0.16039,0.66528,12.849,1,0.421335,0.36288,0,51.1001,4.79147,46.2502,0.84672,12.849,0.84672,3695.15,0,18.483,0.157432,0.654575,1.99263,5.52904,1.24912,6.7697,0.42336,0,0,18.483,0.42336,442.007,0,1.02816,0,0,1.68274,0.654575,1.028160,1,0,53.1802,0,0,0,53.1802,0
94.8646,3.16828,0,0,2.67931,0.175343,0.36288,3.6288,61.308,0.522248,0,0,0.895009,0.287766,0.0849948,0.66528,12.849,1,0.424533,0.36288,0,45.3018,5.21491,40.0252,0.84672,12.849,0.84672,3695.15,0,18.483,0.157446,0.646194,1.99271,5.32013,1.40369,6.3979,0.42336,0,0,18.483,0.42336,442.007,0,1.02816,0,0,1.67435,0.646194,1.028160,1,0,46.5081,0,0,0,46.5081,0
93.6748,3.2382,0,0,2.55753,0.146265,0.36288,3.6288,61.308,0.554362,0,0,0.946564,0.326287,0.0659148,0.66528,12.849,1,0.4386,0.36288,0,43.0006,5.93355,36.9913,0.84672,12.849,0.84672,3695.15,0,18.483,0.167128,0.581386,1.99278,4.07857,1.504,4.98161,0.42336,0,0,18.483,0.42336,442.007,0,1.02816,0,0,1.60955,0.581386,1.028160,1,0,42.0388,0,0,0,42.0388,0
92.4284,3.23342,0,0,2.49471,0.14479,0.36288,3.6288,61.2994,0.554412,0,0,0.872113,0.326287,0,0.66528,12.849,1,0.443515,0.36288,0,42.9452,5.93355,36.931,0.84672,12.849,0.84672,3695.15,0,18.483,0.167143,0.724974,2.04081,4.37048,1.504,5.46512,0.42336,0,0,18.483,0.42336,442.007,0,1.02816,0,0,1.75313,0.724974,1.028160,1,0,42.3961,0,0,0,42.3961,0
91.0285,3.22829,0,0,2.33448,0.143244,0.36288,3.6288,61.226,0.554443,0,0,0.80727,0.326269,0,0.66528,12.849,1,0.448782,0.36288,0,38.7687,5.93355,32.7493,0.84672,12.849,0.84672,3695.15,0,18.483,0.167176,0.649754,2.04089,3.90061,1.504,4.92007,0.42336,0,0,18.483,0.42336,442.007,0,1.02816,0,0,1.67791,0.649754,1.028160,1,0,37.6693,0,0,0,37.6693,0
89.4449,3.22236,0,0,2.14316,0.141508,0.36288,3.6288,61.1439,0.554339,0,0,0.798405,0.326118,0,0.66528,12.849,1,0.454847,0.36288,0,35.4395,5.93355,29.4139,0.84672,12.849,0.84672,3695.15,0,18.483,0.167345,0.511937,2.04096,3.81494,1.504,4.69649,0.42336,0,0,18.483,0.42336,442.007,0,1.02816,0,0,1.5401,0.511937,1.028160,1,0,34.1104,0,0,0,34.1104,0
88.0729,3.43018,0,0,2.5392,0.118117,0.36288,3.6288,61.0949,0.66528,0,0,0.959844,0.343557,0,0.66528,12.849,1,0.492754,0.36288,0,37.0976,6.51696,30.4507,0.84672,12.849,0.84672,3695.15,0,18.483,0.207127,0.991552,2.04104,5.05958,1.62716,6.25787,0.42336,0,0,18.483,0.42336,442.007,0,1.02816,0,0,2.01971,0.991552,1.028160,1,0,36.7086,0,0,0,36.7086,0
85.9223,3.4236,0,0,1.76386,0.127987,0.36288,3.6288,60.6976,0.66528,0,0,0.61557,0.347601,0,0.66528,12.849,1,0.499471,0.36288,0,39.0334,6.69281,32.2041,0.84672,12.849,0.84672,3695.15,0,18.483,0.207197,0.261472,2.20354,3.08634,1.66724,3.67691,0.42336,0,0,18.483,0.42336,442.007,0,1.02816,0,0,1.28963,0.261472,1.028160,1,0,35.881,0,0,0,35.881,0
84.1101,3.41285,0,0,2.08898,0.125511,0.36288,3.6288,60.6253,0.66528,0,0,0.939648,0.346726,0,0.66528,12.849,1,0.510365,0.36288,0,33.5034,6.69281,26.6631,0.84672,12.849,0.84672,3695.15,0,18.483,0.207267,0.911831,2.20362,4.17361,1.66724,5.41455,0.42336,0,0,18.483,0.42336,442.007,0,1.02816,0,0,1.93999,0.911831,1.028160,1,0,32.0777,0,0,0,32.0777,0
81.9598,3.40344,0,0,1.74535,0.129242,0.36288,3.6288,60.3236,0.66528,0,0,0.689584,0.325972,0,0.66528,12.849,1,0.519924,0.36288,0,30.5736,6.13827,24.2783,0.84672,12.849,0.84672,3695.15,0,18.483,0.207337,0.502433,2.2037,4.32407,1.45138,5.37148,0.42336,0,0,18.483,0.42336,442.007,0,1.02816,0,0,1.53059,0.502433,1.028160,1,0,29.6498,0,0,0,29.6498,0
79.8467,3.39177,0,0,1.78871,0.14717,0.36288,3.6288,60.0304,0.66528,0,0,0.688101,0.315972,0,0.66528,12.849,1,0.531735,0.36288,0,27.2343,5.93561,21.1299,0.84672,12.849,0.84672,3695.15,0,18.483,0.207407,0.4428,2.20378,4.79288,1.29976,5.93229,0.42336,0,0,18.483,0.42336,442.007,0,1.02816,0,0,1.47096,0.4428,1.028160,1,0,27.0621,0,0,0,27.0621,0
77.6994,3.27666,0,0,1.67456,0.182373,0.36288,3.6288,59.6798,0.600586,0,0,0.586343,0.336439,0,0.66528,12.849,1,0.527282,0.36288,0,29.4041,6.63044,22.6092,0.84672,12.849,0.84672,3695.15,0,18.483,0.184917,0.204422,2.20386,4.7902,1.38842,5.62514,0.42336,0,0,18.483,0.42336,442.007,0,1.02395,0,0,1.22837,0.204422,1.028160,1,0,28.2344,0,0,0,28.2344,0
75.6938,3.26427,0,0,1.90038,0.278812,0.36288,3.6288,59.297,0.660446,0,0,0.565578,0.287879,0,0.66528,12.849,1,0.539806,0.36288,0,24.8056,6.24393,18.3848,0.84672,12.849,0.84672,3695.15,0,18.483,0.204542,0.204422,2.11084,3.61228,1.25567,4.46733,0.42336,0,0,18.483,0.42336,442.007,0,0.944533,0,0,1.14896,0.204422,1.028160,1,0,22.8521,0,0,0,22.8521,0
74.3195,3.25216,0,0,2.51403,0.273263,0.36288,3.6288,59.1499,0.595736,0,0,0.735793,0.287175,0,0.66528,12.849,1,0.552054,0.36288,0,36.1096,6.24393,29.6765,0.84672,12.849,0.84672,3695.15,0,18.483,0.185692,0.561816,2.11092,5.18564,1.25567,6.41702,0.42336,0,0,18.483,0.42336,442.007,0,1.02816,0,0,1.58998,0.561816,1.028160,1,0,36.0935,0,0,0,36.0935,0
73.7154,3.24358,0,0,3.27174,0.269461,0.36288,3.6288,59.3087,0.595435,0,0,1.04115,0.286905,0,0.66528,12.849,1,0.560778,0.36288,0,70.7033,6.24393,64.2614,0.84672,12.849,0.84672,3695.15,0,18.483,0.18606,1.19966,2.111,6.15821,1.25567,8.02714,0.42336,0,0,18.483,0.42336,442.007,0,1.02816,0,0,2.22782,1.19966,1.028160,1,0,72.2886,0,0,0,72.2886,0
71.3778,3.15609,0,0,1.44144,0.260048,0.36288,3.6288,59.1447,0.532384,0,0,0.585433,0.21701,0,0.66528,12.849,1,0.550125,0.36288,0,31.663,5.08263,26.3931,0.84672,12.849,0.84672,3695.15,0,18.483,0.165912,0.243276,2.11108,3.82442,1.12917,4.88369,0.42336,0,0,18.483,0.42336,442.007,0,1.02816,0,0,1.27144,0.243276,1.028160,1,0,31.2768,0,0,0,31.2768,0
69.3514,3.14094,0,0,1.75946,0.282025,0.36288,3.6288,59.2881,0.532081,0,0,0.891799,0.216344,0,0.66528,12.849,1,0.565413,0.36288,0,41.576,5.03223,36.3413,0.84672,12.849,0.84672,3695.15,0,18.483,0.166278,0.447025,2.0284,3.70334,1.11585,4.89664,0.42336,0,0,18.483,0.42336,442.007,0,1.02816,0,0,1.47518,0.447025,1.028160,1,0,41.2379,0,0,0,41.2379,0
69.0594,3.12712,0,0,3.47566,0.277658,0.36288,3.6288,59.7432,0.532436,0,0,1.20402,0.216543,0,0.66528,12.849,1,0.579373,0.36288,0,72.7114,5.03223,67.4627,0.84672,12.849,0.84672,3695.15,0,18.483,0.165986,1.18503,2.02848,7.5775,1.11585,9.50917,0.42336,0,0,18.483,0.42336,442.007,0,1.02816,0,0,2.21319,1.18503,1.028160,1,0,76.9718,0,0,0,76.9718,0
68.4705,3.12517,0,0,3.17623,0.277029,0.36288,3.6288,59.9309,0.53345,0,0,0.938408,0.217174,0,0.66528,12.849,1,0.58146,0.36288,0,94.6391,5.03223,89.3883,0.84672,12.849,0.84672,3695.15,0,18.483,0.165036,1.29875,2.02855,7.27873,1.11585,9.32515,0.42336,0,0,18.483,0.42336,442.007,0,1.02816,0,0,2.32691,1.29875,1.028160,1,0,98.7134,0,0,0,98.7134,0
67.87,2.88602,0,0,2.88065,0.232304,0.36288,3.6288,60.6097,0.401334,0,0,1.2588,0.178677,0,0.66528,12.849,1,0.541582,0.36288,0,112.027,4.20305,107.645,0.84672,12.849,0.84672,3695.15,0,18.483,0.123773,1.55837,2.02863,8.79077,0.892357,11.3616,0.42336,0,0,18.483,0.42336,442.007,0,1.02816,0,0,2.58653,1.55837,1.028160,1,0,119.007,0,0,0,119.007,0
67.6566,2.88209,0,0,3.31894,0.287324,0.36288,3.6288,61.308,0.40244,0,0,1.33095,0.151241,0.0789877,0.66528,12.849,1,0.545632,0.36288,0,115.33,3.78788,111.36,0.84672,12.849,0.84672,3695.15,0,18.483,0.122725,1.58363,1.84239,8.92279,0.812605,11.4135,0.42336,0,0,18.483,0.42336,442.007,0,1.02816,0,0,2.61179,1.58363,1.028160,1,0,122.852,0,0,0,122.852,0
67.4847,2.88075,0,0,3.35859,0.286843,0.36288,3.6288,61.308,0.403558,0,0,1.54897,0.151912,0.993501,0.66528,12.849,1,0.547098,0.36288,0,138.447,3.78788,134.475,0.84672,12.849,0.84672,3695.15,0,18.483,0.121664,1.84398,1.84245,9.20307,0.812605,11.9552,0.42336,0,0,18.483,0.42336,442.007,0,1.02816,0,0,2.87214,1.84398,1.028160,1,0,147.424,0,0,0,147.424,0
66.8148,2.87969,0,0,2.85972,0.287093,0.36288,3.6288,61.308,0.403602,0,0,1.59565,0.159947,1.0321,0.66528,12.849,1,0.548289,0.36288,0,138.844,3.90831,134.75,0.84672,12.849,0.84672,3695.15,0,18.483,0.121677,2.02257,1.84252,10.2022,0.860106,13.0855,0.42336,0,0,18.483,0.42336,442.007,0,1.02816,0,0,3.05073,2.02257,1.028160,1,0,148.868,0,0,0,148.868,0
66.3131,2.87518,0,0,3.01498,0.278569,0.36288,3.6288,61.308,0.403646,0,0,1.19003,0.215282,0.5711,0.66528,12.849,1,0.55292,0.36288,0,98.3396,4.54248,93.6071,0.84672,12.849,0.84672,3695.15,0,18.483,0.12169,1.3651,1.84259,8.03411,1.18458,9.93553,0.42336,0,0,18.483,0.42336,442.007,0,1.02816,0,0,2.39326,1.3651,1.028160,1,0,104.114,0,0,0,104.114,0
65.6173,2.96174,0,0,2.90083,0.272051,0.36288,3.6288,61.2503,0.573233,0,0,0.733603,0.218112,0,0.66528,12.849,1,0.573873,0.36288,0,62.0424,4.13238,57.699,0.84672,12.849,0.84672,3695.15,0,18.483,0.172817,0.412474,1.84266,5.31523,0.966198,6.43135,0.42336,0,0,18.483,0.42336,442.007,0,0.857727,0,0,1.2702,0.412474,1.028160,1,0,64.1303,0,0,0,64.1303,0
64.6954,2.95673,0,0,2.66825,0.270546,0.36288,3.6288,61.308,0.442218,0,0,0.93884,0.218032,0.220847,0.66528,12.849,1,0.578979,0.36288,0,72.5601,4.13238,68.2116,0.84672,12.849,0.84672,3695.15,0,18.483,0.133444,0.658627,1.90165,5.32816,0.966198,6.78879,0.42336,0,0,18.483,0.42336,442.007,0,1.02816,0,0,1.68679,0.658627,1.028160,1,0,75.2213,0,0,0,75.2213,0
63.2596,2.94993,0,0,2.14559,0.268553,0.36288,3.6288,61.308,0.442348,0,0,0.887818,0.218112,0.227358,0.66528,12.849,1,0.585878,0.36288,0,40.1783,4.13238,35.823,0.84672,12.849,0.84672,3695.15,0,18.483,0.133358,0.614485,1.9017,3.9884,0.966198,5.40503,0.42336,0,0,18.483,0.42336,442.007,0,1.02816,0,0,1.64265,0.614485,1.028160,1,0,41.4553,0,0,0,41.4553,0
61.2757,2.93896,0,0,1.61279,0.294859,0.36288,3.6288,60.6622,0.955895,0,0,0.508337,0.198266,0,0.66528,12.849,1,0.596947,0.36288,0,41.7297,4.06628,37.4294,0.84672,12.849,0.84672,3695.15,0,18.483,0.288181,0.503194,1.90176,4.41659,0.913903,5.61945,0.42336,0,0,18.483,0.42336,442.007,0,0.359835,0,0,0.863029,0.503194,1.028160,1,0,43.0488,0,0,0,43.0488,0
59.9462,3.20817,0,0,2.55843,0.316952,0.36288,3.6288,60.5704,0.63663,0,0,0.750228,0.205412,0,0.66528,12.849,1,0.672726,0.36288,0,66.4876,3.98428,62.1935,0.84672,12.849,0.84672,3695.15,0,18.483,0.193973,0.503194,1.90181,6.57909,0.970053,7.82007,0.42336,0,0,18.483,0.42336,442.007,0,0.961943,0,0,1.46514,0.503194,1.028160,1,0,70.0136,0,0,0,70.0136,0
60.3005,3.19597,0,0,4.22194,0.308692,0.36288,3.6288,61.0671,0.585708,0,0,1.30147,0.219009,0,0.66528,12.849,1,0.685032,0.36288,0,78.1851,3.98674,73.8762,0.84672,12.849,0.84672,3695.15,0,18.483,0.178728,1.52791,2.1122,6.91221,1.0204,9.35319,0.42336,0,0,18.483,0.42336,442.007,0,1.02816,0,0,2.55607,1.52791,1.028160,1,0,83.2294,0,0,0,83.2294,0
59.2311,3.19938,0,0,2.80258,0.309738,0.36288,3.6288,60.9297,0.586862,0,0,0.669186,0.2197,0,0.66528,12.849,1,0.681732,0.36288,0,54.1943,3.98674,49.8887,0.84672,12.849,0.84672,3695.15,0,18.483,0.177624,0.617129,2.11226,5.22726,1.0204,6.75862,0.42336,0,0,18.483,0.42336,442.007,0,1.02816,0,0,1.64529,0.617129,1.028160,1,0,56.6473,0,0,0,56.6473,0
57.5753,3.18935,0,0,2.18044,0.284084,0.36288,3.6288,60.3589,0.842813,0,0,0.498657,0.226662,0,0.66528,12.849,1,0.691866,0.36288,0,46.3179,4.0331,41.9558,0.84672,12.849,0.84672,3695.15,0,18.483,0.255667,0.608429,2.11232,4.92997,1.0698,6.32525,0.42336,0,0,18.483,0.42336,442.007,0,0.694215,0,0,1.30264,0.608429,1.028160,1,0,48.2811,0,0,0,48.2811,0
56.9436,2.77095,0,0,2.78815,0.286008,0.36288,3.6288,60.5731,0.391562,0,0,0.81337,0.207628,0,0.66528,12.849,1,0.61839,0.36288,0,56.0752,3.08172,52.738,0.84672,12.849,0.84672,3695.15,0,18.483,0.119904,0.65861,2.11238,4.50586,0.823532,6.33341,0.42336,0,0,18.483,0.42336,442.007,0,1.02816,0,0,1.68677,0.65861,1.028160,1,0,59.0714,0,0,0,59.0714,0
58.0134,2.76543,0,0,4.49665,0.29854,0.36288,3.6288,61.0864,0.39192,0,0,1.10201,0.196808,0,0.66528,12.849,1,0.624005,0.36288,0,92.4788,2.67645,89.5412,0.84672,12.849,0.84672,3695.15,0,18.483,0.119589,0.798854,1.82468,5.23507,0.698681,7.04033,0.42336,0,0,18.483,0.42336,442.007,0,1.02816,0,0,1.82701,0.798854,1.028160,1,0,96.5815,0,0,0,96.5815,0
60.3297,2.77493,0,0,5.7558,0.301686,0.36288,3.6288,61.308,0.392724,0,0,0.98312,0.19745,0.171322,0.66528,12.849,1,0.614601,0.36288,0,99.3246,2.67645,96.3964,0.84672,12.849,0.84672,3695.15,0,18.483,0.118827,0.880088,1.82473,6.02196,0.698681,7.90927,0.42336,0,0,18.483,0.42336,442.007,0,1.02816,0,0,1.90825,0.880088,1.028160,1,0,104.477,0,0,0,104.477,0
61.2679,2.79446,0,0,4.39563,0.300081,0.36288,3.6288,61.308,0.393087,0,0,1.04539,0.247703,0.404598,0.66528,12.849,1,0.595164,0.36288,0,82.137,3.78714,78.1176,0.84672,12.849,0.84672,3695.15,0,18.483,0.118507,0.83141,1.82478,5.80287,1.00143,7.33912,0.42336,0,0,18.483,0.42336,442.007,0,1.02816,0,0,1.85957,0.83141,1.028160,1,0,85.8613,0,0,0,85.8613,0
63.8587,2.80207,0,0,6.06036,0.304572,0.36288,3.6288,61.308,0.39312,0,0,1.32176,0.237291,0.691354,0.66528,12.849,1,0.587646,0.36288,0,82.7289,3.86201,78.6421,0.84672,12.849,0.84672,3695.15,0,18.483,0.118517,1.10772,1.82483,6.01861,1.02277,7.80987,0.42336,0,0,18.483,0.42336,442.007,0,1.02816,0,0,2.13588,1.10772,1.028160,1,0,87.1433,0,0,0,87.1433,0
65.0445,2.92511,0,0,4.794,0.320183,0.36288,3.6288,61.308,0.440738,0,0,1.23225,0.190437,0.60107,0.66528,12.849,1,0.588561,0.36288,0,83.5402,3.58638,79.7281,0.84672,12.849,0.84672,3695.15,0,18.483,0.132873,1.04793,1.82488,4.95137,0.94995,6.74135,0.42336,0,0,18.483,0.42336,442.007,0,1.02816,0,0,2.07609,1.04793,1.028160,1,0,87.0705,0,0,0,87.0705,0
66.0977,2.93415,0,0,4.6734,0.323261,0.36288,3.6288,61.308,0.440772,0,0,1.09597,0.190437,0.464757,0.66528,12.849,1,0.579617,0.36288,0,78.5773,3.58638,74.7742,0.84672,12.849,0.84672,3695.15,0,18.483,0.132883,0.670853,1.89599,4.87166,0.94995,6.35567,0.42336,0,0,18.483,0.42336,442.007,0,1.02816,0,0,1.69901,0.670853,1.028160,1,0,81.5947,0,0,0,81.5947,0
65.9789,2.94196,0,0,3.44924,0.263186,0.36288,3.6288,61.308,0.522308,0,0,0.86597,0.212279,0.131382,0.66528,12.849,1,0.571901,0.36288,0,51.5999,3.78095,47.6099,0.84672,12.849,0.84672,3695.15,0,18.483,0.157464,0.528595,1.89604,3.31903,0.963536,4.62267,0.42336,0,0,18.483,0.42336,442.007,0,0.922087,0,0,1.45068,0.528595,1.028160,1,0,52.364,0,0,0,52.364,0
65.1376,2.94118,0,0,2.72572,0.262937,0.36288,3.6288,61.0019,0.746362,0,0,0.652538,0.212279,0,0.66528,12.849,1,0.572779,0.36288,0,41.3459,3.78095,37.355,0.84672,12.849,0.84672,3695.15,0,18.483,0.225012,0.528595,1.8961,2.62197,0.963536,3.85812,0.42336,0,0,18.483,0.42336,442.007,0,0.63053,0,0,1.15913,0.528595,1.028160,1,0,41.2131,0,0,0,41.2131,0
64.1083,2.89463,0,0,2.49125,0.263046,0.36288,3.6288,60.5062,0.84041,0,0,0.541216,0.196457,0,0.66528,12.849,1,0.570994,0.36288,0,33.7118,3.80298,29.7007,0.84672,12.849,0.84672,3695.15,0,18.483,0.254636,0.528595,1.89615,2.46493,0.935286,3.69975,0.42336,0,0,18.483,0.42336,442.007,0,0.482846,0,0,1.01144,0.528595,1.028160,1,0,33.4005,0,0,0,33.4005,0
63.0393,2.88708,0,0,2.42865,0.247701,0.36288,3.6288,60.1262,0.768903,0,0,0.591156,0.202347,0,0.66528,12.849,1,0.578647,0.36288,0,32.6671,3.86064,28.5907,0.84672,12.849,0.84672,3695.15,0,18.483,0.234879,0.528595,1.86854,2.79378,0.938729,4.0173,0.42336,0,0,18.483,0.42336,442.007,0,0.574154,0,0,1.10275,0.528595,1.028160,1,0,32.608,0,0,0,32.608,0
61.8226,2.87901,0,0,2.27074,0.245559,0.36288,3.6288,59.6469,0.858767,0,0,0.581393,0.201858,0,0.66528,12.849,1,0.586814,0.36288,0,29.7888,3.86064,25.7042,0.84672,12.849,0.84672,3695.15,0,18.483,0.263988,0.528595,1.86859,2.50763,0.938729,3.7021,0.42336,0,0,18.483,0.42336,442.007,0,0.455224,0,0,0.98382,0.528595,1.028160,1,0,29.4063,0,0,0,29.4063,0
60.6406,2.86952,0,0,2.28569,0.235254,0.36288,3.6288,59.1687,0.79407,0,0,0.505085,0.18919,0,0.66528,12.849,1,0.596392,0.36288,0,30.353,3.50274,26.6168,0.84672,12.849,0.84672,3695.15,0,18.483,0.246061,0.402797,1.86864,2.36535,0.947067,3.44366,0.42336,0,0,18.483,0.42336,442.007,0,0.537892,0,0,0.940689,0.402797,1.028160,1,0,30.0604,0,0,0,30.0604,0
59.1232,2.99568,0,0,2.03081,0.18959,0.36288,3.6288,58.5803,0.889931,0,0,0.49956,0.198089,0,0.66528,12.849,1,0.634748,0.36288,0,27.2476,3.7632,23.2126,0.84672,12.849,0.84672,3695.15,0,18.483,0.277995,0.402797,1.86869,2.12064,0.935255,3.17889,0.42336,0,0,18.483,0.42336,442.007,0,0.495461,0,0,0.898258,0.402797,1.028160,1,0,26.3914,0,0,0,26.3914,0
57.3794,2.98238,0,0,1.78749,0.186113,0.36288,3.6288,57.9533,0.911737,0,0,0.48899,0.20425,0,0.66528,12.849,1,0.648148,0.36288,0,25.5614,3.94653,21.3296,0.84672,12.849,0.84672,3695.15,0,18.483,0.287667,0.402797,1.96547,1.99588,0.961199,3.11529,0.42336,0,0,18.483,0.42336,442.007,0,0.464028,0,0,0.866825,0.402797,1.028160,1,0,24.4449,0,0,0,24.4449,0
55.4426,2.96637,0,0,1.57545,0.182983,0.36288,3.6288,57.2483,0.932765,0,0,0.431173,0.203426,0,0.66528,12.849,1,0.664261,0.36288,0,24.1644,3.94653,19.9164,0.84672,12.849,0.84672,3695.15,0,18.483,0.297486,0.402797,1.96553,1.99713,0.961199,3.10677,0.42336,0,0,18.483,0.42336,442.007,0,0.433227,0,0,0.836024,0.402797,1.028160,1,0,23.0232,0,0,0,23.0232,0
53.3941,2.94761,0,0,1.43742,0.175389,0.36288,3.6288,56.5617,0.883077,0,0,0.403809,0.207312,0,0.66528,12.849,1,0.683119,0.36288,0,22.0995,4.04435,17.7349,0.84672,12.849,0.84672,3695.15,0,18.483,0.285108,0.30119,1.96558,1.92168,0.987892,2.91546,0.42336,0,0,18.483,0.42336,442.007,0,0.49534,0,0,0.79653,0.30119,1.028160,1,0,20.6504,0,0,0,20.6504,0
51.2424,2.92657,0,0,1.27548,0.137745,0.36288,3.6288,55.7633,0.944725,0,0,0.389688,0.243306,0,0.66528,12.849,1,0.704263,0.36288,0,20.5014,4.78247,15.3776,0.84672,12.849,0.84672,3695.15,0,18.483,0.308713,0.30119,1.96564,1.80025,1.17484,2.58352,0.42336,0,0,18.483,0.42336,442.007,0,0.410132,0,0,0.711323,0.30119,1.028160,1,0,17.9611,0,0,0,17.9611,0
48.9024,2.87701,0,0,1.01057,0.110636,0.36288,3.6288,54.9517,0.988741,0,0,0.439461,0.262366,0,0.66528,12.849,1,0.721407,0.36288,0,17.9907,5.16054,12.4717,0.84672,12.849,0.84672,3695.15,0,18.483,0.327722,0.30119,1.96569,1.75916,1.24181,2.45651,0.42336,0,0,18.483,0.42336,442.007,0,0.394053,0,0,0.695244,0.30119,1.028160,1,0,14.9282,0,0,0,14.9282,0
46.5161,2.84975,0,0,0.934217,0.107928,0.36288,3.6288,54.1216,0.993966,0,0,0.424859,0.260971,0,0.66528,12.849,1,0.748765,0.36288,0,17.882,5.16054,12.3356,0.84672,12.849,0.84672,3695.15,0,18.483,0.33432,0.30119,1.99589,1.7838,1.24181,2.50474,0.42336,0,0,18.483,0.42336,442.007,0,0.382277,0,0,0.683467,0.30119,1.028160,1,0,14.8404,0,0,0,14.8404,0
44.0765,2.81973,0,0,0.848111,0.105145,0.36288,3.6288,53.253,1.0104,0,0,0.401359,0.259544,0,0.66528,12.849,1,0.778885,0.36288,0,17.3505,5.16054,11.774,0.84672,12.849,0.84672,3695.15,0,18.483,0.345062,0.261274,1.99594,1.67675,1.24181,2.34709,0.42336,0,0,18.483,0.42336,442.007,0,0.355145,0,0,0.616418,0.261274,1.028160,1,0,14.121,0,0,0,14.121,0
41.6087,2.78643,0,0,0.776572,0.0949884,0.36288,3.6288,52.3313,1.02504,0,0,0.381995,0.278661,0,0.66528,12.849,1,0.812288,0.36288,0,15.3009,5.44284,9.40867,0.84672,12.849,0.84672,3695.15,0,18.483,0.355769,0.261274,1.996,1.62836,1.34486,2.18501,0.42336,0,0,18.483,0.42336,442.007,0,0.329852,0,0,0.591125,0.261274,1.028160,1,0,11.5937,0,0,0,11.5937,0
39.1159,2.81387,0,0,0.762376,0.0784541,0.36288,3.6288,51.4439,1.02956,0,0,0.45431,0.312224,0,0.66528,12.849,1,0.868936,0.36288,0,14.6325,6.1566,7.96987,0.84672,12.849,0.84672,3695.15,0,18.483,0.363632,0.261274,1.99605,1.75535,1.51907,2.12998,0.42336,0,0,18.483,0.42336,442.007,0,0.359318,0,0,0.620591,0.261274,1.028160,1,0,10.0999,0,0,0,10.0999,0
36.6665,2.77226,0,0,0.762497,0.0768192,0.36288,3.6288,50.593,0.974235,0,0,0.430738,0.307345,0,0.66528,12.849,1,0.910646,0.36288,0,19.1835,6.15793,12.4778,0.84672,12.849,0.84672,3695.15,0,18.483,0.350028,0.261274,2.04414,1.9496,1.50517,2.39982,0.42336,0,0,18.483,0.42336,442.007,0,0.428293,0,0,0.689567,0.261274,1.028160,1,0,14.8776,0,0,0,14.8776,0
34.2156,2.72729,0,0,0.713966,0.0746452,0.36288,3.6288,49.709,0.979325,0,0,0.40057,0.305227,0,0.66528,12.849,1,0.955721,0.36288,0,15.4025,6.15793,8.65175,0.84672,12.849,0.84672,3695.15,0,18.483,0.357774,0.261274,2.0442,1.75739,1.50517,2.19992,0.42336,0,0,18.483,0.42336,442.007,0,0.415506,0,0,0.67678,0.261274,1.028160,1,0,10.8517,0,0,0,10.8517,0
31.7527,2.67759,0,0,0.650039,0.0724698,0.36288,3.6288,48.7604,1.02594,0,0,0.380288,0.303026,0,0.66528,12.849,1,1.00552,0.36288,0,14.0372,6.15793,7.23666,0.84672,12.849,0.84672,3695.15,0,18.483,0.38147,0.227405,2.04426,1.63927,1.50517,2.02429,0.42336,0,0,18.483,0.42336,442.007,0,0.345241,0,0,0.572645,0.227405,1.028160,1,0,9.26095,0,0,0,9.26095,0
29.2639,2.79726,0,0,0.736284,0.064984,0.36288,3.6288,47.9258,0.9942,0,0,0.474838,0.315216,0,0.66528,12.849,1,1.13194,0.36288,0,13.9317,6.40492,6.75776,0.84672,12.849,0.84672,3695.15,0,18.483,0.376859,0.227405,2.04431,2.6076,1.51267,2.98978,0.42336,0,0,18.483,0.42336,442.007,0,0.532543,0,0,0.759948,0.227405,1.028160,1,0,9.74754,0,0,0,9.74754,0
26.825,2.73044,0,0,0.717843,0.063386,0.36288,3.6288,47.0273,1.0502,0,0,0.478548,0.326818,0,0.66528,12.849,1,1.19886,0.36288,0,13.2436,6.55977,5.84781,0.84672,12.849,0.84672,3695.15,0,18.483,0.405019,0.227405,2.20705,2.34427,1.48781,2.8859,0.42336,0,0,18.483,0.42336,442.007,0,0.448438,0,0,0.675842,0.227405,1.028160,1,0,8.73371,0,0,0,8.73371,0
24.374,2.65682,0,0,0.629945,0.0612945,0.36288,3.6288,46.0983,1.06629,0,0,0.461676,0.32437,0,0.66528,12.849,1,1.2726,0.36288,0,16.835,6.55977,9.36547,0.84672,12.849,0.84672,3695.15,0,18.483,0.419083,0.227405,2.20712,2.25116,1.48781,2.77879,0.42336,0,0,18.483,0.42336,442.007,0,0.418331,0,0,0.645735,0.227405,1.028160,1,0,12.1443,0,0,0,12.1443,0
22.0222,2.57309,0,0,0.643368,0.0591925,0.36288,3.6288,45.2885,1.01777,0,0,0.529589,0.321675,0,0.66528,12.849,1,1.35643,0.36288,0,14.5832,6.55977,7.02987,0.84672,12.849,0.84672,3695.15,0,18.483,0.408073,0.204422,2.20718,2.33779,1.48781,2.8535,0.42336,0,0,18.483,0.42336,442.007,0,0.477916,0,0,0.682338,0.204422,1.028160,1,0,9.88337,0,0,0,9.88337,0
19.7873,2.48168,0,0,0.666487,0.0568355,0.36288,3.6288,44.6088,0.889391,0,0,0.520831,0.311056,0,0.66528,12.849,1,1.44795,0.36288,0,14.7808,6.38709,7.30863,0.84672,12.849,0.84672,3695.15,0,18.483,0.362976,0.204422,2.20724,2.9452,1.47637,3.51752,0.42336,0,0,18.483,0.42336,442.007,0,0.651447,0,0,0.85587,0.204422,1.028160,1,0,10.8261,0,0,0,10.8261,0
17.7001,2.30989,0,0,0.638175,0.0525271,0.36288,3.6288,44.4785,0.554397,0,0,0.684174,0.260155,0,0.66528,12.849,1,1.49995,0.36288,0,12.7722,5.35101,6.28409,0.84672,12.849,0.84672,3695.15,0,18.483,0.229706,0.544329,2.2073,3.05976,1.40774,4.17394,0.42336,0,0,18.483,0.42336,442.007,0,1.02816,0,0,1.57249,0.544329,1.028160,1,0,10.458,0,0,0,10.458,0
15.6199,2.20748,0,0,0.541129,0.0509999,0.36288,3.6288,43.7525,0.837587,0,0,0.371441,0.259836,0,0.66528,12.849,1,1.60247,0.36288,0,12.7542,5.35101,6.1636,0.84672,12.849,0.84672,3695.15,0,18.483,0.348059,0.204422,2.11412,2.2632,1.40774,2.82594,0.42336,0,0,18.483,0.42336,442.007,0,0.626668,0,0,0.83109,0.204422,1.028160,1,0,8.98954,0,0,0,8.98954,0
13.7327,2.09044,0,0,0.636115,0.0700259,0.36288,3.6288,43.071,0.827294,0,0,0.377381,0.231551,0,0.66528,12.849,1,1.71961,0.36288,0,12.8473,4.93575,6.55486,0.84672,12.849,0.84672,3695.15,0,18.483,0.349486,0.216518,2.11418,2.36348,1.27794,3.06675,0.42336,0,0,18.483,0.42336,442.007,0,0.635584,0,0,0.852103,0.216518,1.028160,1,0,9.6216,0,0,0,9.6216,0
13.0765,1.96841,0,0,1.79216,0.117047,0.36288,3.6288,43.2742,0.548764,0,0,0.916136,0.164206,0,0.66528,12.849,1,1.84175,0.36288,0,41.0498,3.8976,35.6733,0.84672,12.849,0.84672,3695.15,0,18.483,0.23549,0.370025,2.11424,6.29089,0.953455,7.5862,0.42336,0,0,18.483,0.42336,442.007,0,1.02816,0,0,1.39819,0.370025,1.028160,1,0,43.2595,0,0,0,43.2595,0
12.1877,1.8722,0,0,1.43845,0.0921913,0.36288,3.6288,43.2939,0.49114,0,0,0.704367,0.19349,0,0.66528,12.849,1,1.83963,0.36288,0,24.2202,4.15882,18.5846,0.84672,12.849,0.84672,3695.15,0,18.483,0.209773,0.391522,2.11429,4.68606,0.965371,6.01673,0.42336,0,0,18.483,0.42336,442.007,0,1.02816,0,0,1.41968,0.391522,1.028160,1,0,24.6013,0,0,0,24.6013,0
12.2084,1.80694,0,0,2.31894,0.128413,0.36288,3.6288,43.2983,0.491241,0,0,0.691878,0.196222,0,0.66528,12.849,1,1.90499,0.36288,0,33.6691,4.36067,27.7663,0.84672,12.849,0.84672,3695.15,0,18.483,0.20972,0.360539,2.03148,5.90581,1.09415,6.99396,0.42336,0,0,18.483,0.42336,442.007,0,1.02816,0,0,1.3887,0.360539,1.028160,1,0,34.7603,0,0,0,34.7603,0
11.8193,1.80857,0,0,1.92973,0.147329,0.36288,3.6288,42.9386,0.651358,0,0,0.484261,0.192673,0,0.66528,12.849,1,1.90347,0.36288,0,27.3542,4.39961,21.414,0.84672,12.849,0.84672,3695.15,0,18.483,0.278049,0.216518,2.03154,4.93078,1.14376,5.75703,0.42336,0,0,18.483,0.42336,442.007,0,0.799762,0,0,1.01628,0.216518,1.028160,1,0,27.1711,0,0,0,27.1711,0
12.4365,1.7786,0,0,2.90475,0.146045,0.36288,3.6288,43.4292,0.490094,0,0,1.1727,0.192015,0,0.66528,12.849,1,1.93355,0.36288,0,42.6562,4.39961,36.6859,0.84672,12.849,0.84672,3695.15,0,18.483,0.210962,1.90919,2.03159,9.99817,1.14376,12.5842,0.42336,0,0,18.483,0.42336,442.007,0,1.02816,0,0,2.93735,1.90919,1.028160,1,0,49.2702,0,0,0,49.2702,0
19.1938,1.68834,0,0,8.95247,0.143973,0.36288,3.6288,47.0013,0.369956,0,0,4.12327,0.181124,0,0.66528,12.849,1,1.74433,0.36288,0,116.573,4.28229,110.909,0.84672,12.849,0.84672,3695.15,0,18.483,0.15745,5.598,2.03165,18.3931,1.10946,24.7558,0.42336,0,0,18.483,0.42336,442.007,0,1.02816,0,0,6.62616,5.598,1.028160,1,0,135.665,0,0,0,135.665,0
22.9526,2.05625,0,0,6.33466,0.156705,0.36288,3.6288,52.6132,0.378576,0,0,6.16141,0.170981,0,0.66528,12.849,1,1.37652,0.36288,0,95.0054,4.12587,89.8659,0.84672,12.849,0.84672,3695.15,0,18.483,0.148873,6.96859,1.84511,18.8285,1.06374,26.4296,0.42336,0,0,18.483,0.42336,442.007,0,1.02816,0,0,7.99675,6.96859,1.028160,1,0,116.296,0,0,0,116.296,0
27.0166,2.20083,0,0,6.7926,0.164979,0.36288,3.6288,59.3519,0.390359,0,0,7.30807,0.179044,0,0.66528,12.849,1,1.23203,0.36288,0,116.77,4.12587,111.775,0.84672,12.849,0.84672,3695.15,0,18.483,0.137133,7.20075,1.84516,21.7262,1.06374,29.5713,0.42336,0,0,18.483,0.42336,442.007,0,1.02816,0,0,8.22891,7.20075,1.028160,1,0,141.346,0,0,0,141.346,0
30.442,2.32649,0,0,6.28963,0.174814,0.36288,3.6288,61.308,0.402264,0,0,5.43233,0.187416,2.88651,0.66528,12.849,1,1.10647,0.36288,0,163.979,4.12587,159.11,0.84672,12.849,0.84672,3695.15,0,18.483,0.125271,6.15044,1.84522,21.5715,1.06374,28.3781,0.42336,0,0,18.483,0.42336,442.007,0,1.02816,0,0,7.1786,6.15044,1.028160,1,0,190.375,0,0,0,190.375,0
32.994,2.4141,0,0,5.52712,0.198156,0.36288,3.6288,61.308,0.405369,0,0,2.19,0.188372,1.59626,0.66528,12.849,1,1.01895,0.36288,0,116.49,4.50049,111.333,0.84672,12.849,0.84672,3695.15,0,18.483,0.12221,2.96822,1.84527,12.9331,1.10886,16.5155,0.42336,0,0,18.483,0.42336,442.007,0,1.02816,0,0,3.99638,2.96822,1.028160,1,0,129.445,0,0,0,129.445,0
34.213,2.54829,0,0,4.31336,0.183222,0.36288,3.6288,61.308,0.444048,0,0,3.04877,0.153792,2.45093,0.66528,12.849,1,0.992392,0.36288,0,125.169,3.25532,121.285,0.84672,12.849,0.84672,3695.15,0,18.483,0.133871,3.80665,1.84532,10.7389,0.879172,15.3778,0.42336,0,0,18.483,0.42336,442.007,0,1.02816,0,0,4.83481,3.80665,1.028160,1,0,139.113,0,0,0,139.113,0
35.5263,2.57404,0,0,4.43625,0.185999,0.36288,3.6288,61.308,0.444071,0,0,3.00304,0.153792,2.40518,0.66528,12.849,1,0.966706,0.36288,0,104.988,3.25532,101.129,0.84672,12.849,0.84672,3695.15,0,18.483,0.133878,3.56446,1.90438,10.3781,0.879172,14.8339,0.42336,0,0,18.483,0.42336,442.007,0,1.02816,0,0,4.59262,3.56446,1.028160,1,0,118.368,0,0,0,118.368,0
41.3229,2.60034,0,0,8.94879,0.188991,0.36288,3.6288,61.308,0.444094,0,0,4.05017,0.153792,3.45229,0.66528,12.849,1,0.940479,0.36288,0,181.658,3.25532,177.825,0.84672,12.849,0.84672,3695.15,0,18.483,0.133885,5.02622,1.90442,17.2121,0.879172,23.1297,0.42336,0,0,18.483,0.42336,442.007,0,1.02816,0,0,6.05438,5.02622,1.028160,1,0,204.407,0,0,0,204.407,0
49.7611,2.70102,0,0,11.7311,0.229048,0.36288,3.6288,61.308,0.444118,0,0,4.22657,0.160831,3.62162,0.66528,12.849,1,0.83986,0.36288,0,301.335,4.13049,296.727,0.84672,12.849,0.84672,3695.15,0,18.483,0.133892,6.8358,1.90445,24.5162,1.08605,32.0365,0.42336,0,0,18.483,0.42336,442.007,0,1.02816,0,0,7.86396,6.8358,1.028160,1,0,332.385,0,0,0,332.385,0
52.6856,3.08876,0,0,6.656,0.279839,0.36288,3.6288,61.308,0.589249,0,0,2.62576,0.177156,1.85935,0.66528,12.849,1,0.797562,0.36288,0,203.985,3.98466,199.566,0.84672,12.849,0.84672,3695.15,0,18.483,0.177645,3.29742,1.90449,12.0012,1.03755,15.9879,0.42336,0,0,18.483,0.42336,442.007,0,1.02816,0,0,4.32558,3.29742,1.028160,1,0,217.413,0,0,0,217.413,0
54.2504,3.12441,0,0,5.35324,0.301129,0.36288,3.6288,61.308,0.589275,0,0,2.21467,0.187288,1.43811,0.66528,12.849,1,0.761985,0.36288,0,166.041,3.61273,162.029,0.84672,12.849,0.84672,3695.15,0,18.483,0.177653,3.23118,2.11516,8.97731,0.93911,13.2069,0.42336,0,0,18.483,0.42336,442.007,0,1.02816,0,0,4.25934,3.23118,1.028160,1,0,176.674,0,0,0,176.674,0
58.8317,3.14224,0,0,8.38348,0.297075,0.36288,3.6288,61.308,0.589301,0,0,3.66317,0.209419,2.86445,0.66528,12.849,1,0.744228,0.36288,0,203.016,4.13689,198.498,0.84672,12.849,0.84672,3695.15,0,18.483,0.177661,5.29,2.1152,16.6727,1.10309,22.7971,0.42336,0,0,18.483,0.42336,442.007,0,1.02816,0,0,6.31816,5.29,1.028160,1,0,224.159,0,0,0,224.159,0
61.3185,3.18987,0,0,6.34867,0.309118,0.36288,3.6288,61.308,0.589327,0,0,2.93713,0.188705,2.1591,0.66528,12.849,1,0.696676,0.36288,0,196.532,3.99324,192.205,0.84672,12.849,0.84672,3695.15,0,18.483,0.177669,4.62513,2.11524,13.7242,0.990632,19.2963,0.42336,0,0,18.483,0.42336,442.007,0,1.02816,0,0,5.65329,4.62513,1.028160,1,0,213.661,0,0,0,213.661,0
65.6394,2.80598,0,0,7.81472,0.324905,0.36288,3.6288,61.308,0.394601,0,0,3.922,0.195498,3.3319,0.66528,12.849,1,0.587981,0.36288,0,253.174,3.85449,249.094,0.84672,12.849,0.84672,3695.15,0,18.483,0.118964,6.03899,2.11528,15.6495,0.96045,22.7244,0.42336,0,0,18.483,0.42336,442.007,0,1.02816,0,0,7.06715,6.03899,1.028160,1,0,275.15,0,0,0,275.15,0
69.7181,2.83841,0,0,7.6216,0.341635,0.36288,3.6288,61.308,0.394624,0,0,3.22123,0.211786,2.61482,0.66528,12.849,1,0.555622,0.36288,0,300.438,3.91146,296.334,0.84672,12.849,0.84672,3695.15,0,18.483,0.11897,4.6603,1.82717,13.0409,1.00845,18.4009,0.42336,0,0,18.483,0.42336,442.007,0,1.02816,0,0,5.68846,4.6603,1.028160,1,0,317.349,0,0,0,317.349,0
76.9917,2.86591,0,0,10.8551,0.352769,0.36288,3.6288,61.308,0.394646,0,0,4.43973,0.211786,3.8333,0.66528,12.849,1,0.528185,0.36288,0,254.907,3.91146,250.83,0.84672,12.849,0.84672,3695.15,0,18.483,0.118977,8.84062,1.8272,17.6256,1.00845,27.166,0.42336,0,0,18.483,0.42336,442.007,0,1.02816,0,0,9.86878,8.84062,1.028160,1,0,281.829,0,0,0,281.829,0
87.5874,2.90872,0,0,14.3811,0.51374,0.36288,3.6288,61.308,0.394668,0,0,7.00507,0.200432,6.40997,0.66528,12.849,1,0.485432,0.36288,0,276.792,3.85936,272.81,0.84672,12.849,0.84672,3695.15,0,18.483,0.118984,9.767,1.82723,22.7269,0.989673,33.2125,0.42336,0,0,18.483,0.42336,442.007,0,1.02816,0,0,10.7952,9.767,1.028160,1,0,312.432,0,0,0,312.432,0
92.5135,2.95999,0,0,8.80641,0.557448,0.36288,3.6288,61.308,0.394691,0,0,2.57213,0.144767,2.03267,0.66528,12.849,1,0.434228,0.36288,0,235.26,3.61411,231.575,0.84672,12.849,0.84672,3695.15,0,18.483,0.11899,4.849,1.82727,13.3437,0.89575,19.0052,0.42336,0,0,18.483,0.42336,442.007,0,1.02816,0,0,5.87716,4.849,1.028160,1,0,252.613,0,0,0,252.613,0
96.1829,3.08925,0,0,7.621,0.499449,0.36288,3.6288,61.308,0.442361,0,0,3.50822,0.219547,2.84631,0.66528,12.849,1,0.429059,0.36288,0,233.979,4.01804,229.895,0.84672,12.849,0.84672,3695.15,0,18.483,0.133362,6.82655,1.8273,16.34,1.00809,23.8524,0.42336,0,0,18.483,0.42336,442.007,0,1.02816,0,0,7.85471,6.82655,1.028160,1,0,256.593,0,0,0,256.593,0
97.506,3.10374,0,0,7.76382,0.515306,2.82171,3.6288,61.308,0.442384,0,0,2.98137,0.219547,2.31944,0.66528,12.849,1,0.414627,2.82171,0,233.483,4.01804,231.872,0.84672,12.849,0.84672,3695.15,0,18.483,0.133369,5.88073,1.89849,14.7715,1.00809,21.4092,0.42336,0,0,18.483,0.42336,442.007,0,1.02816,0,0,6.90889,5.88073,1.028160,1,0,255.601,0,0,0,255.601,0
97.506,3.10877,0,0,6.06449,0.508163,2.44756,3.6288,61.308,0.442407,0,0,2.44652,0.218413,1.7857,0.66528,12.849,1,0.409663,2.44756,0,221.833,3.89784,219.973,0.84672,12.849,0.84672,3695.15,0,18.483,0.133376,4.8948,1.89853,11.8142,1.00808,17.4661,0.42336,0,0,18.483,0.42336,442.007,0,1.02816,0,0,5.92296,4.8948,1.028160,1,0,239.225,0,0,0,239.225,0
97.506,3.10883,0,0,5.42697,0.371175,1.94696,3.6288,61.308,0.442431,0,0,2.30361,0.227269,1.63391,0.66528,12.849,1,0.409671,1.94696,0,169.248,3.38772,167.398,0.84672,12.849,0.84672,3695.15,0,18.483,0.133383,4.55212,1.89856,9.89271,1.03764,15.1724,0.42336,0,0,18.483,0.42336,442.007,0,1.02816,0,0,5.58028,4.55212,1.028160,1,0,184.204,0,0,0,184.204,0
97.506,3.06604,0,0,5.49506,0.320811,2.1082,3.6288,61.308,0.423946,0,0,1.93299,0.214516,1.29453,0.66528,12.849,1,0.404032,2.1082,0,144.739,4.04613,142.397,0.84672,12.849,0.84672,3695.15,0,18.483,0.12781,3.96827,1.8986,9.87414,1.02425,14.589,0.42336,0,0,18.483,0.42336,442.007,0,1.02816,0,0,4.99643,3.96827,1.028160,1,0,158.281,0,0,0,158.281,0
97.506,3.0661,0,0,5.26611,0.325713,1.87429,3.6288,61.308,0.423969,0,0,1.83086,0.20891,1.19798,0.66528,12.849,1,0.40404,1.87429,0,136.51,4.10896,133.872,0.84672,12.849,0.84672,3695.15,0,18.483,0.127817,3.72456,1.87094,9.51964,1.01543,13.9719,0.42336,0,0,18.483,0.42336,442.007,0,1.02816,0,0,4.75272,3.72456,1.028160,1,0,149.041,0,0,0,149.041,0
97.506,3.06616,0,0,5.13794,0.323201,1.74858,3.6288,61.308,0.423992,0,0,2.02788,0.217249,1.38664,0.66528,12.849,1,0.404048,1.74858,0,131.725,4.16854,128.901,0.84672,12.849,0.84672,3695.15,0,18.483,0.127824,3.83092,1.87097,9.79439,1.07644,14.292,0.42336,0,0,18.483,0.42336,442.007,0,1.02816,0,0,4.85908,3.83092,1.028160,1,0,144.579,0,0,0,144.579,0
97.506,3.06622,0,0,4.80177,0.270551,1.46501,3.6288,61.308,0.424015,0,0,1.83296,0.230844,1.1781,0.66528,12.849,1,0.404055,1.46501,0,124.204,4.3782,120.887,0.84672,12.849,0.84672,3695.15,0,18.483,0.127831,3.55965,1.87101,9.34243,1.20735,13.4379,0.42336,0,0,18.483,0.42336,442.007,0,1.02816,0,0,4.58781,3.55965,1.028160,1,0,135.503,0,0,0,135.503,0
97.506,3.21173,0,0,4.78221,0.200302,1.37018,3.6288,61.308,0.489675,0,0,1.67092,0.234386,0.946864,0.66528,12.849,1,0.42323,1.37018,0,123.86,4.41238,120.394,0.84672,12.849,0.84672,3695.15,0,18.483,0.147626,3.26746,1.87104,8.98448,1.18254,12.7928,0.42336,0,0,18.483,0.42336,442.007,0,1.02816,0,0,4.29562,3.26746,1.028160,1,0,134.134,0,0,0,134.134,0
97.506,3.21179,0,0,4.31539,0.18907,0.914528,3.6288,61.308,0.489699,0,0,1.44603,0.251999,0.704335,0.66528,12.849,1,0.423238,0.914528,0,104.358,4.35004,100.499,0.84672,12.849,0.84672,3695.15,0,18.483,0.147633,2.71767,1.96793,7.74783,1.18788,11.0979,0.42336,0,0,18.483,0.42336,442.007,0,1.02816,0,0,3.74583,2.71767,1.028160,1,0,112.302,0,0,0,112.302,0
97.506,3.21185,0,0,3.97808,0.18907,0.577162,3.6288,61.308,0.489723,0,0,1.60682,0.251999,0.865102,0.66528,12.849,1,0.423246,0.577162,0,76.5798,4.35004,72.3836,0.84672,12.849,0.84672,3695.15,0,18.483,0.147641,2.61747,1.96796,7.25449,1.18788,10.5044,0.42336,0,0,18.483,0.42336,442.007,0,1.02816,0,0,3.64563,2.61747,1.028160,1,0,83.7531,0,0,0,83.7531,0
97.4583,3.21191,0,0,3.71618,0.18907,0.36288,3.6288,61.308,0.489747,0,0,1.30375,0.251999,0.562004,0.66528,12.849,1,0.423254,0.36288,0,77.7358,4.35004,73.3254,0.84672,12.849,0.84672,3695.15,0,18.483,0.147648,1.64336,1.968,6.39657,1.18788,8.67241,0.42336,0,0,18.483,0.42336,442.007,0,1.02816,0,0,2.67152,1.64336,1.028160,1,0,82.5598,0,0,0,82.5598,0
97.0025,3.21179,0,0,3.27836,0.159502,0.36288,3.6288,61.308,0.489771,0,0,1.17198,0.253986,0.428225,0.66528,12.849,1,0.423445,0.36288,0,76.248,4.62186,71.5656,0.84672,12.849,0.84672,3695.15,0,18.483,0.147655,1.51346,1.96804,6.16637,1.24205,8.25816,0.42336,0,0,18.483,0.42336,442.007,0,1.02816,0,0,2.54162,1.51346,1.028160,1,0,80.252,0,0,0,80.252,0
96.1985,3.18134,0,0,2.88173,0.141568,0.36288,3.6288,61.308,0.525874,0,0,1.08245,0.277171,0.2794,0.66528,12.849,1,0.421402,0.36288,0,62.2503,5.24925,56.9426,0.84672,12.849,0.84672,3695.15,0,18.483,0.158539,1.28639,1.96807,5.71719,1.24068,7.57244,0.42336,0,0,18.483,0.42336,442.007,0,1.02816,0,0,2.31455,1.28639,1.028160,1,0,64.7944,0,0,0,64.7944,0
95.2719,3.17829,0,0,2.72644,0.111832,0.36288,3.6288,61.308,0.525899,0,0,1.04098,0.300749,0.214334,0.66528,12.849,1,0.424517,0.36288,0,58.6861,5.27457,53.3499,0.84672,12.849,0.84672,3695.15,0,18.483,0.158547,1.21026,1.99829,5.6868,1.31879,7.41801,0.42336,0,0,18.483,0.42336,442.007,0,1.02816,0,0,2.23842,1.21026,1.028160,1,0,60.9822,0,0,0,60.9822,0
94.1998,3.17471,0,0,2.57646,0.110963,0.36288,3.6288,61.308,0.525923,0,0,0.928325,0.300749,0.101652,0.66528,12.849,1,0.428163,0.36288,0,53.2176,5.27457,47.8777,0.84672,12.849,0.84672,3695.15,0,18.483,0.158554,1.12895,1.99833,5.49965,1.31879,7.14959,0.42336,0,0,18.483,0.42336,442.007,0,1.02816,0,0,2.15711,1.12895,1.028160,1,0,55.129,0,0,0,55.129,0
92.9564,3.17049,0,0,2.39995,0.109958,0.36288,3.6288,61.308,0.525948,0,0,0.853217,0.300749,0.0265198,0.66528,12.849,1,0.432459,0.36288,0,50.8641,5.27457,45.52,0.84672,12.849,0.84672,3695.15,0,18.483,0.158562,1.01294,1.99836,5.13465,1.31879,6.6686,0.42336,0,0,18.483,0.42336,442.007,0,1.02816,0,0,2.0411,1.01294,1.028160,1,0,52.2151,0,0,0,52.2151,0
91.6737,3.23934,0,0,2.42286,0.103364,0.36288,3.6288,61.308,0.558129,0,0,0.964155,0.314992,0.091033,0.66528,12.849,1,0.447761,0.36288,0,62.0029,5.64147,56.2765,0.84672,12.849,0.84672,3695.15,0,18.483,0.168264,1.07882,1.9984,5.38231,1.37685,6.91441,0.42336,0,0,18.483,0.42336,442.007,0,1.02816,0,0,2.10698,1.07882,1.028160,1,0,63.282,0,0,0,63.282,0
90.3306,3.2339,0,0,2.35381,0.100074,0.36288,3.6288,61.308,0.558155,0,0,0.964898,0.32069,0.0860535,0.66528,12.849,1,0.453265,0.36288,0,50.2947,5.78823,44.416,0.84672,12.849,0.84672,3695.15,0,18.483,0.168271,1.28614,2.04653,5.17255,1.40008,6.93687,0.42336,0,0,18.483,0.42336,442.007,0,1.02816,0,0,2.3143,1.28614,1.028160,1,0,51.439,0,0,0,51.439,0
88.7816,3.22807,0,0,2.14078,0.0989029,0.36288,3.6288,61.308,0.55818,0,0,0.898603,0.32069,0.0197334,0.66528,12.849,1,0.459173,0.36288,0,46.8859,5.78823,41.0014,0.84672,12.849,0.84672,3695.15,0,18.483,0.168279,0.925422,2.04657,4.60975,1.40008,6.01338,0.42336,0,0,18.483,0.42336,442.007,0,1.02816,0,0,1.95358,0.925422,1.028160,1,0,47.0345,0,0,0,47.0345,0
87.4432,3.22113,0,0,2.3313,0.0856423,0.36288,3.6288,61.308,0.558205,0,0,1.06066,0.318889,0.183569,0.66528,12.849,1,0.466181,0.36288,0,47.1076,5.89637,41.1079,0.84672,12.849,0.84672,3695.15,0,18.483,0.168287,1.43376,2.04661,6.51791,1.42599,8.404,0.42336,0,0,18.483,0.42336,442.007,0,1.02816,0,0,2.46192,1.43376,1.028160,1,0,49.6955,0,0,0,49.6955,0
85.7966,3.42968,0,0,2.23731,0.0913956,0.36288,3.6288,61.3034,0.66528,0,0,0.971214,0.310487,0,0.66528,12.849,1,0.503961,0.36288,0,43.3679,6.02172,37.2051,0.84672,12.849,0.84672,3695.15,0,18.483,0.212316,1.28335,2.04665,5.72516,1.48663,7.35621,0.42336,0,0,18.483,0.42336,442.007,0,1.02816,0,0,2.31151,1.28335,1.028160,1,0,44.5613,0,0,0,44.5613,0
83.8437,3.42133,0,0,1.96488,0.133513,0.36288,3.6288,61.081,0.66528,0,0,0.789247,0.346437,0,0.66528,12.849,1,0.512383,0.36288,0,35.8579,6.13841,29.57,0.84672,12.849,0.84672,3695.15,0,18.483,0.212352,0.865063,2.20955,4.13033,1.54943,5.44316,0.42336,0,0,18.483,0.42336,442.007,0,1.02816,0,0,1.89322,0.865063,1.028160,1,0,35.0132,0,0,0,35.0132,0
82.0951,3.41105,0,0,2.15637,0.131118,0.36288,3.6288,61.0443,0.66528,0,0,0.974592,0.345949,0,0.66528,12.849,1,0.522741,0.36288,0,46.1161,6.13841,39.8178,0.84672,12.849,0.84672,3695.15,0,18.483,0.212388,1.32397,2.20959,4.50569,1.54943,6.27743,0.42336,0,0,18.483,0.42336,442.007,0,1.02816,0,0,2.35213,1.32397,1.028160,1,0,46.0953,0,0,0,46.0953,0
79.9341,3.40148,0,0,1.73234,0.128973,0.36288,3.6288,60.7381,0.66528,0,0,0.704894,0.345869,0,0.66528,12.849,1,0.532379,0.36288,0,45.0628,6.13841,38.7549,0.84672,12.849,0.84672,3695.15,0,18.483,0.212424,0.604817,2.20963,3.61707,1.54943,4.66966,0.42336,0,0,18.483,0.42336,442.007,0,1.02816,0,0,1.63298,0.604817,1.028160,1,0,43.4245,0,0,0,43.4245,0
78.2131,3.38915,0,0,2.15743,0.126323,0.36288,3.6288,60.9324,0.66528,0,0,1.20481,0.345198,0,0.66528,12.849,1,0.544789,0.36288,0,41.1562,6.13841,34.8359,0.84672,12.849,0.84672,3695.15,0,18.483,0.21246,2.06082,2.20968,5.59278,1.54943,8.10138,0.42336,0,0,18.483,0.42336,442.007,0,1.02816,0,0,3.08898,2.06082,1.028160,1,0,42.9373,0,0,0,42.9373,0
76.1609,3.27582,0,0,1.7544,0.167891,0.36288,3.6288,61.2106,0.603123,0,0,1.20197,0.32066,0,0.66528,12.849,1,0.538158,0.36288,0,41.02,5.77511,35.0696,0.84672,12.849,0.84672,3695.15,0,18.483,0.182949,1.01256,2.20972,5.90781,1.54867,7.39846,0.42336,0,0,18.483,0.42336,442.007,0,1.02816,0,0,2.04072,1.01256,1.028160,1,0,42.468,0,0,0,42.468,0
73.4863,3.26348,0,0,1.11622,0.16449,0.36288,3.6288,61.1309,0.603788,0,0,0.845329,0.321226,0,0.66528,12.849,1,0.550576,0.36288,0,62.609,5.77511,56.6462,0.84672,12.849,0.84672,3695.15,0,18.483,0.182318,0.61376,2.11642,4.05045,1.54867,5.04963,0.42336,0,0,18.483,0.42336,442.007,0,1.02816,0,0,1.64192,0.61376,1.028160,1,0,61.6958,0,0,0,61.6958,0
70.6322,3.24648,0,0,0.91527,0.160056,0.36288,3.6288,60.8917,0.690095,0,0,0.771915,0.321064,0,0.66528,12.849,1,0.567644,0.36288,0,36.3213,5.77511,30.3414,0.84672,12.849,0.84672,3695.15,0,18.483,0.208651,0.216518,2.11646,2.89447,1.54867,3.47012,0.42336,0,0,18.483,0.42336,442.007,0,0.915555,0,0,1.13207,0.216518,1.028160,1,0,33.8115,0,0,0,33.8115,0
69.103,3.22713,0,0,2.25184,0.190988,0.36288,3.6288,61.1899,0.603108,0,0,1.2278,0.32648,0,0.66528,12.849,1,0.587062,0.36288,0,48.3582,5.3119,42.8221,0.84672,12.849,0.84672,3695.15,0,18.483,0.183067,1.51681,2.1165,7.52873,1.44911,9.52986,0.42336,0,0,18.483,0.42336,442.007,0,1.02816,0,0,2.54497,1.51681,1.028160,1,0,52.3519,0,0,0,52.3519,0
66.8582,3.13316,0,0,1.52309,0.271823,0.36288,3.6288,61.308,0.539707,0,0,1.3267,0.278249,0.390636,0.66528,12.849,1,0.582579,0.36288,0,60.1664,5.11863,54.828,0.84672,12.849,0.84672,3695.15,0,18.483,0.163024,1.08643,2.11654,5.56939,1.27656,7.33277,0.42336,0,0,18.483,0.42336,442.007,0,1.02816,0,0,2.11459,1.08643,1.028160,1,0,62.5514,0,0,0,62.5514,0
63.8393,3.11681,0,0,0.759416,0.29864,0.36288,3.6288,61.308,0.539973,0,0,0.893307,0.231325,0.122009,0.66528,12.849,1,0.598997,0.36288,0,29.0631,5.12106,23.7059,0.84672,12.849,0.84672,3695.15,0,18.483,0.16279,0.633468,2.03361,3.5242,1.19918,4.82931,0.42336,0,0,18.483,0.42336,442.007,0,1.02816,0,0,1.66163,0.633468,1.028160,1,0,28.6572,0,0,0,28.6572,0
62.5575,3.09329,0,0,2.44113,0.266763,0.36288,3.6288,61.308,0.539998,0,0,1.30747,0.221397,0.54607,0.66528,12.849,1,0.622589,0.36288,0,54.5444,4.88106,49.4036,0.84672,12.849,0.84672,3695.15,0,18.483,0.162797,1.27899,2.03365,7.51049,1.25284,9.40749,0.42336,0,0,18.483,0.42336,442.007,0,1.02816,0,0,2.30715,1.27899,1.028160,1,0,59.3572,0,0,0,59.3572,0
62.0472,3.08276,0,0,3.23034,0.295052,0.36288,3.6288,61.308,0.540023,0,0,1.86886,0.170835,1.158,0.66528,12.849,1,0.633184,0.36288,0,85.6202,3.80342,81.5464,0.84672,12.849,0.84672,3695.15,0,18.483,0.162805,2.09928,2.03369,13.1795,1.02307,16.1266,0.42336,0,0,18.483,0.42336,442.007,0,1.02816,0,0,3.12744,2.09928,1.028160,1,0,98.831,0,0,0,98.831,0
60.4775,2.84666,0,0,1.93396,0.294057,0.36288,3.6288,61.308,0.40645,0,0,1.24558,0.186176,0.652955,0.66528,12.849,1,0.589499,0.36288,0,65.4747,4.0067,61.2414,0.84672,12.849,0.84672,3695.15,0,18.483,0.122536,1.39856,2.03373,7.58946,1.07993,9.81928,0.42336,0,0,18.483,0.42336,442.007,0,1.02816,0,0,2.42672,1.39856,1.028160,1,0,71.7136,0,0,0,71.7136,0
59.7319,2.83409,0,0,2.74222,0.290848,0.36288,3.6288,61.308,0.406472,0,0,0.889332,0.224528,0.258331,0.66528,12.849,1,0.602129,0.36288,0,92.3547,4.5149,87.6005,0.84672,12.849,0.84672,3695.15,0,18.483,0.122542,1.43617,1.84699,9.22353,1.22209,11.1621,0.42336,0,0,18.483,0.42336,442.007,0,1.02816,0,0,2.46433,1.43617,1.028160,1,0,99.0209,0,0,0,99.0209,0
60.0562,2.82796,0,0,3.80393,0.288841,0.36288,3.6288,61.308,0.406495,0,0,0.990438,0.224528,0.359415,0.66528,12.849,1,0.608326,0.36288,0,96.2842,4.5149,91.5238,0.84672,12.849,0.84672,3695.15,0,18.483,0.122549,1.48716,1.84702,11.3086,1.22209,13.2982,0.42336,0,0,18.483,0.42336,442.007,0,1.02816,0,0,2.51532,1.48716,1.028160,1,0,105.181,0,0,0,105.181,0
60.6792,2.83072,0,0,4.09145,0.27488,0.36288,3.6288,61.308,0.406517,0,0,2.82662,0.212127,2.20797,0.66528,12.849,1,0.605632,0.36288,0,161.397,4.08614,157.068,0.84672,12.849,0.84672,3695.15,0,18.483,0.122556,3.57252,1.84706,16.4919,1.16852,20.6204,0.42336,0,0,18.483,0.42336,442.007,0,1.02816,0,0,4.60068,3.57252,1.028160,1,0,179.896,0,0,0,179.896,0
60.7126,2.8359,0,0,3.49741,0.26519,0.36288,3.6288,61.308,0.40654,0,0,1.53287,0.202826,0.9235,0.66528,12.849,1,0.600512,0.36288,0,82.4861,3.76457,78.4839,0.84672,12.849,0.84672,3695.15,0,18.483,0.122563,2.15762,1.84709,11.9572,1.12835,14.7109,0.42336,0,0,18.483,0.42336,442.007,0,1.02816,0,0,3.18578,2.15762,1.028160,1,0,94.1183,0,0,0,94.1183,0
62.5373,2.83618,0,0,5.32227,0.298489,0.36288,3.6288,61.308,0.40654,0,0,1.96303,0.240439,1.31605,0.66528,12.849,1,0.600239,0.36288,0,136.851,4.59409,132.019,0.84672,12.849,0.84672,3695.15,0,18.483,0.122563,2.20856,1.84713,11.4324,1.03971,14.3258,0.42336,0,0,18.483,0.42336,442.007,0,1.02816,0,0,3.23672,2.20856,1.028160,1,0,147.661,0,0,0,147.661,0
65.7728,2.94005,0,0,6.84705,0.308641,0.36288,3.6288,61.308,0.445246,0,0,2.48063,0.246707,1.78868,0.66528,12.849,1,0.604067,0.36288,0,201.785,4.73235,196.812,0.84672,12.849,0.84672,3695.15,0,18.483,0.134232,2.96772,1.84713,13.1614,1.02494,16.8171,0.42336,0,0,18.483,0.42336,442.007,0,1.02816,0,0,3.99588,2.96772,1.028160,1,0,215.418,0,0,0,215.418,0
67.3993,2.96494,0,0,5.27751,0.323172,0.36288,3.6288,61.308,0.445259,0,0,2.43862,0.244922,1.74844,0.66528,12.849,1,0.579214,0.36288,0,172.457,4.75134,167.489,0.84672,12.849,0.84672,3695.15,0,18.483,0.134236,2.72794,1.90623,12.8103,1.05805,16.2522,0.42336,0,0,18.483,0.42336,442.007,0,1.02816,0,0,3.7561,2.72794,1.028160,1,0,185.49,0,0,0,185.49,0
69.7153,2.97671,0,0,5.99368,0.338084,0.36288,3.6288,61.308,0.445271,0,0,1.86801,0.250095,1.17265,0.66528,12.849,1,0.56748,0.36288,0,111.371,4.90101,106.266,0.84672,12.849,0.84672,3695.15,0,18.483,0.134239,2.06075,1.90625,9.61373,1.26434,12.1821,0.42336,0,0,18.483,0.42336,442.007,0,1.02816,0,0,3.08891,2.06075,1.028160,1,0,119.621,0,0,0,119.621,0
72.1258,2.99266,0,0,6.07999,0.313995,0.36288,3.6288,61.308,0.445283,0,0,1.90446,0.2592,1.19998,0.66528,12.849,1,0.551567,0.36288,0,155.379,4.76916,150.421,0.84672,12.849,0.84672,3695.15,0,18.483,0.134243,2.12624,1.90627,10.3963,1.30458,12.9899,0.42336,0,0,18.483,0.42336,442.007,0,1.02816,0,0,3.1544,2.12624,1.028160,1,0,164.611,0,0,0,164.611,0
72.8064,3.30176,0,0,4.71635,0.371094,0.36288,3.6288,61.308,0.59054,0,0,1.52493,0.23148,0.702905,0.66528,12.849,1,0.5882,0.36288,0,113.398,4.63019,108.543,0.84672,12.849,0.84672,3695.15,0,18.483,0.178035,1.52497,1.90629,7.95684,1.39301,9.81704,0.42336,0,0,18.483,0.42336,442.007,0,1.02816,0,0,2.55313,1.52497,1.028160,1,0,119.063,0,0,0,119.063,0
74.1331,3.30647,0,0,5.48145,0.485371,0.36288,3.6288,61.308,0.590554,0,0,1.50079,0.239163,0.671077,0.66528,12.849,1,0.583532,0.36288,0,104.064,4.35154,99.4914,0.84672,12.849,0.84672,3695.15,0,18.483,0.178039,1.57141,2.11714,7.69141,1.24085,9.96107,0.42336,0,0,18.483,0.42336,442.007,0,1.02816,0,0,2.59957,1.57141,1.028160,1,0,110.124,0,0,0,110.124,0
76.3988,3.3154,0,0,6.40555,0.461534,0.36288,3.6288,61.308,0.590567,0,0,1.49156,0.249407,0.651583,0.66528,12.849,1,0.574637,0.36288,0,157.877,3.98002,153.685,0.84672,12.849,0.84672,3695.15,0,18.483,0.178043,1.46494,2.11716,8.00107,1.03795,10.3672,0.42336,0,0,18.483,0.42336,442.007,0,1.02816,0,0,2.4931,1.46494,1.028160,1,0,164.704,0,0,0,164.704,0
79.3464,3.33003,0,0,7.11521,0.474706,0.36288,3.6288,61.308,0.590581,0,0,2.26452,0.21616,1.45778,0.66528,12.849,1,0.560054,0.36288,0,150.213,3.68415,146.332,0.84672,12.849,0.84672,3695.15,0,18.483,0.178047,2.51721,2.11718,10.9167,1.00866,14.3644,0.42336,0,0,18.483,0.42336,442.007,0,1.02816,0,0,3.54537,2.51721,1.028160,1,0,162.154,0,0,0,162.154,0
85.5422,2.92359,0,0,9.97428,0.492088,0.36288,3.6288,61.308,0.395668,0,0,3.77655,0.171831,3.20905,0.66528,12.849,1,0.473433,0.36288,0,216.732,3.28965,213.332,0.84672,12.849,0.84672,3695.15,0,18.483,0.119285,5.57201,2.1172,22.3062,0.969594,28.9066,0.42336,0,0,18.483,0.42336,442.007,0,1.02816,0,0,6.60017,5.57201,1.028160,1,0,245.447,0,0,0,245.447,0
89.5782,2.95343,0,0,7.87419,0.521858,0.36288,3.6288,61.308,0.39568,0,0,2.40235,0.171831,1.83484,0.66528,12.849,1,0.443625,0.36288,0,233.861,3.28965,230.49,0.84672,12.849,0.84672,3695.15,0,18.483,0.119289,4.22056,1.82881,16.2817,0.969594,21.2422,0.42336,0,0,18.483,0.42336,442.007,0,1.02816,0,0,5.24872,4.22056,1.028160,1,0,253.567,0,0,0,253.567,0
92.1505,2.97094,0,0,6.44741,0.54125,0.36288,3.6288,61.308,0.395692,0,0,1.72112,0.171831,1.1536,0.66528,12.849,1,0.426149,0.36288,0,192.651,3.28965,189.298,0.84672,12.849,0.84672,3695.15,0,18.483,0.119292,2.24461,1.82883,11.7456,0.969594,14.7302,0.42336,0,0,18.483,0.42336,442.007,0,1.02816,0,0,3.27277,2.24461,1.028160,1,0,205.182,0,0,0,205.182,0
93.5961,2.98141,0,0,5.18138,0.391544,0.36288,3.6288,61.308,0.395704,0,0,1.26022,0.221523,0.642995,0.66528,12.849,1,0.415713,0.36288,0,133.752,4.08066,129.619,0.84672,12.849,0.84672,3695.15,0,18.483,0.119296,1.22353,1.82885,8.09775,1.22379,9.80704,0.42336,0,0,18.483,0.42336,442.007,0,1.02816,0,0,2.25169,1.22353,1.028160,1,0,140.069,0,0,0,140.069,0
97.4015,2.98709,0,0,7.69762,0.542253,0.36288,3.6288,61.308,0.395716,0,0,1.69944,0.168708,1.13501,0.66528,12.849,1,0.410072,0.36288,0,120.837,3.49072,117.299,0.84672,12.849,0.84672,3695.15,0,18.483,0.1193,1.30911,1.82887,8.734,1.02695,10.7257,0.42336,0,0,18.483,0.42336,442.007,0,1.02816,0,0,2.33727,1.30911,1.028160,1,0,129.16,0,0,0,129.16,0
97.506,3.11093,0,0,6.68846,0.55994,2.91305,3.6288,61.308,0.443417,0,0,2.12624,0.168708,1.51412,0.66528,12.849,1,0.410388,2.91305,0,133.264,3.49072,132.276,0.84672,12.849,0.84672,3695.15,0,18.483,0.13368,2.11499,1.82889,12.6466,1.02695,15.4299,0.42336,0,0,18.483,0.42336,442.007,0,1.02816,0,0,3.14315,2.11499,1.028160,1,0,149.22,0,0,0,149.22,0
97.506,3.11135,0,0,5.21622,0.560426,1.54444,3.6288,61.308,0.443429,0,0,1.68357,0.168708,1.07144,0.66528,12.849,1,0.410003,1.54444,0,152.743,3.49072,150.387,0.84672,12.849,0.84672,3695.15,0,18.483,0.133684,2.14891,1.90012,8.67698,1.02695,11.5654,0.42336,0,0,18.483,0.42336,442.007,0,1.02816,0,0,3.17707,2.14891,1.028160,1,0,163.024,0,0,0,163.024,0
97.506,3.11138,0,0,4.14281,0.494192,0.537236,3.6288,61.308,0.443442,0,0,1.21608,0.133142,0.639496,0.66528,12.849,1,0.410007,0.537236,0,107.218,2.2347,105.111,0.84672,12.849,0.84672,3695.15,0,18.483,0.133688,1.34943,1.90014,6.8974,0.886881,9.1264,0.42336,0,0,18.483,0.42336,442.007,0,1.02816,0,0,2.37759,1.34943,1.028160,1,0,114.876,0,0,0,114.876,0
97.506,3.11141,0,0,5.1489,0.361732,1.67575,3.6288,61.308,0.443454,0,0,1.51024,0.210096,0.856687,0.66528,12.849,1,0.410011,1.67575,0,102.428,3.795,99.8988,0.84672,12.849,0.84672,3695.15,0,18.483,0.133692,2.02857,1.90016,8.95208,1.13446,11.6126,0.42336,0,0,18.483,0.42336,442.007,0,1.02816,0,0,3.05673,2.02857,1.028160,1,0,112.368,0,0,0,112.368,0
97.506,3.06856,0,0,4.96264,0.340187,1.55389,3.6288,61.308,0.424944,0,0,1.52346,0.221143,0.877369,0.66528,12.849,1,0.404364,1.55389,0,109.468,4.1643,106.453,0.84672,12.849,0.84672,3695.15,0,18.483,0.128111,1.67273,1.90017,8.14061,1.1622,10.4232,0.42336,0,0,18.483,0.42336,442.007,0,1.02816,0,0,2.70089,1.67273,1.028160,1,0,117.754,0,0,0,117.754,0
97.506,3.06859,0,0,4.69408,0.340187,1.2853,3.6288,61.308,0.424956,0,0,1.39057,0.221143,0.744474,0.66528,12.849,1,0.404368,1.2853,0,96.8112,4.1643,93.5278,0.84672,12.849,0.84672,3695.15,0,18.483,0.128115,1.18745,1.87247,7.43947,1.1622,9.20907,0.42336,0,0,18.483,0.42336,442.007,0,1.02816,0,0,2.21561,1.18745,1.028160,1,0,103.481,0,0,0,103.481,0
97.506,3.06862,0,0,4.31097,0.340187,0.902161,3.6288,61.308,0.424968,0,0,1.29788,0.221143,0.651772,0.66528,12.849,1,0.404372,0.902161,0,88.8062,4.1643,85.1397,0.84672,12.849,0.84672,3695.15,0,18.483,0.128119,1.13352,1.87249,6.29666,1.1622,8.01235,0.42336,0,0,18.483,0.42336,442.007,0,1.02816,0,0,2.16168,1.13352,1.028160,1,0,93.8038,0,0,0,93.8038,0
97.506,3.06865,0,0,3.95168,0.248764,0.634258,3.6288,61.308,0.424981,0,0,1.19891,0.253855,0.520076,0.66528,12.849,1,0.404377,0.634258,0,77.5708,4.58033,73.2203,0.84672,12.849,0.84672,3695.15,0,18.483,0.128122,1.01973,1.87251,6.1555,1.14977,7.76984,0.42336,0,0,18.483,0.42336,442.007,0,1.02816,0,0,2.04789,1.01973,1.028160,1,0,81.5103,0,0,0,81.5103,0
97.3903,3.21425,0,0,3.66527,0.203877,0.36288,3.6288,61.308,0.490682,0,0,1.09522,0.251415,0.353127,0.66528,12.849,1,0.423563,0.36288,0,67.8197,4.662,63.097,0.84672,12.849,0.84672,3695.15,0,18.483,0.14793,0.985755,1.87253,5.85364,1.082,7.482,0.42336,0,0,18.483,0.42336,442.007,0,1.02816,0,0,2.01391,0.985755,1.028160,1,0,70.9321,0,0,0,70.9321,0
97.225,3.21384,0,0,3.61517,0.203681,0.36288,3.6288,61.308,0.490694,0,0,1.09844,0.251415,0.356328,0.66528,12.849,1,0.424012,0.36288,0,64.1745,4.662,59.4513,0.84672,12.849,0.84672,3695.15,0,18.483,0.147933,1.07118,1.96947,5.57292,1.082,7.38364,0.42336,0,0,18.483,0.42336,442.007,0,1.02816,0,0,2.09934,1.07118,1.028160,1,0,67.1913,0,0,0,67.1913,0
96.663,3.21324,0,0,3.24285,0.228706,0.36288,3.6288,61.308,0.490707,0,0,1.04742,0.247465,0.309246,0.66528,12.849,1,0.424653,0.36288,0,60.6064,4.40816,56.1365,0.84672,12.849,0.84672,3695.15,0,18.483,0.147937,1.08292,1.96949,5.13278,1.09179,6.94547,0.42336,0,0,18.483,0.42336,442.007,0,1.02816,0,0,2.11108,1.08292,1.028160,1,0,63.3912,0,0,0,63.3912,0
95.9802,3.21109,0,0,3.09545,0.204311,0.36288,3.6288,61.308,0.49072,0,0,1.03629,0.25465,0.29092,0.66528,12.849,1,0.426836,0.36288,0,56.2857,4.16586,52.0559,0.84672,12.849,0.84672,3695.15,0,18.483,0.147941,1.11944,1.96951,4.91417,1.13341,6.72178,0.42336,0,0,18.483,0.42336,442.007,0,1.02816,0,0,2.1476,1.11944,1.028160,1,0,59.0686,0,0,0,59.0686,0
95.2186,3.20845,0,0,2.98906,0.179398,0.36288,3.6288,61.308,0.490733,0,0,0.943756,0.296572,0.156451,0.66528,12.849,1,0.429519,0.36288,0,53.0579,5.35678,47.6345,0.84672,12.849,0.84672,3695.15,0,18.483,0.147945,0.787355,1.96953,4.81211,1.17688,6.24418,0.42336,0,0,18.483,0.42336,442.007,0,1.02816,0,0,1.81551,0.787355,1.028160,1,0,54.0351,0,0,0,54.0351,0
94.3505,3.17674,0,0,2.84978,0.17825,0.36288,3.6288,61.308,0.526851,0,0,0.910483,0.296572,0.0870601,0.66528,12.849,1,0.428676,0.36288,0,51.6589,5.35678,46.2363,0.84672,12.849,0.84672,3695.15,0,18.483,0.158834,0.732767,1.96955,4.5569,1.17688,5.92351,0.42336,0,0,18.483,0.42336,442.007,0,1.02816,0,0,1.76093,0.732767,1.028160,1,0,52.2469,0,0,0,52.2469,0
93.3709,3.1733,0,0,2.69211,0.13548,0.36288,3.6288,61.308,0.526865,0,0,0.86692,0.335632,0.00442359,0.66528,12.849,1,0.432152,0.36288,0,48.715,6.01562,42.6301,0.84672,12.849,0.84672,3695.15,0,18.483,0.158838,0.726278,1.99977,4.42869,1.37922,5.61669,0.42336,0,0,18.483,0.42336,442.007,0,1.02816,0,0,1.75444,0.726278,1.028160,1,0,48.2512,0,0,0,48.2512,0
92.1965,3.16935,0,0,2.50061,0.14277,0.36288,3.6288,61.308,0.526878,0,0,0.859188,0.324471,0.00783869,0.66528,12.849,1,0.436142,0.36288,0,48.3815,6.1425,42.1657,0.84672,12.849,0.84672,3695.15,0,18.483,0.158842,0.740293,1.99979,4.32744,1.37057,5.53811,0.42336,0,0,18.483,0.42336,442.007,0,1.02816,0,0,1.76845,0.740293,1.028160,1,0,47.7117,0,0,0,47.7117,0
90.8292,3.1645,0,0,2.28375,0.123739,0.36288,3.6288,61.2021,0.526891,0,0,0.755076,0.334072,0,0.66528,12.849,1,0.441022,0.36288,0,41.2479,6.0771,35.0926,0.84672,12.849,0.84672,3695.15,0,18.483,0.158846,0.551405,1.99981,3.75665,1.42816,4.72087,0.42336,0,0,18.483,0.42336,442.007,0,1.02816,0,0,1.57956,0.551405,1.028160,1,0,39.8135,0,0,0,39.8135,0
89.7158,3.23244,0,0,2.59121,0.109234,0.36288,3.6288,61.2605,0.558859,0,0,0.958306,0.341044,0,0.66528,12.849,1,0.457272,0.36288,0,53.208,6.02805,47.0855,0.84672,12.849,0.84672,3695.15,0,18.483,0.168775,0.864778,1.99983,4.32435,1.47135,5.54884,0.42336,0,0,18.483,0.42336,442.007,0,1.02816,0,0,1.89294,0.864778,1.028160,1,0,52.6344,0,0,0,52.6344,0
88.3759,3.22751,0,0,2.35861,0.108166,0.36288,3.6288,61.1508,0.558997,0,0,0.790422,0.34117,0,0.66528,12.849,1,0.46224,0.36288,0,42.8563,6.02805,36.7289,0.84672,12.849,0.84672,3695.15,0,18.483,0.168656,0.905662,2.04798,4.01831,1.47135,5.33195,0.42336,0,0,18.483,0.42336,442.007,0,1.02816,0,0,1.93382,0.905662,1.028160,1,0,42.0608,0,0,0,42.0608,0
86.8298,3.22142,0,0,2.14513,0.106881,0.36288,3.6288,60.9872,0.558778,0,0,0.736102,0.340934,0,0.66528,12.849,1,0.468363,0.36288,0,39.9519,6.02805,33.8183,0.84672,12.849,0.84672,3695.15,0,18.483,0.168892,0.604247,2.048,3.5811,1.47135,4.59311,0.42336,0,0,18.483,0.42336,442.007,0,1.02816,0,0,1.63241,0.604247,1.028160,1,0,38.4115,0,0,0,38.4115,0
85.388,3.21419,0,0,2.22258,0.0873671,0.36288,3.6288,60.9387,0.558444,0,0,0.848595,0.338646,0,0.66528,12.849,1,0.475633,0.36288,0,39.1634,6.04008,33.0106,0.84672,12.849,0.84672,3695.15,0,18.483,0.169244,1.00907,2.04802,4.85656,1.49444,6.24997,0.42336,0,0,18.483,0.42336,442.007,0,1.02816,0,0,2.03723,1.00907,1.028160,1,0,39.2605,0,0,0,39.2605,0
83.0166,3.42144,0,0,1.4985,0.0855654,0.36288,3.6288,60.6568,0.66528,0,0,0.674153,0.29076,0,0.66528,12.849,1,0.514851,0.36288,0,28.0265,5.06541,22.8091,0.84672,12.849,0.84672,3695.15,0,18.483,0.213598,0.667475,2.04804,4.10394,1.42388,5.18198,0.42336,0,0,18.483,0.42336,442.007,0,1.02816,0,0,1.69563,0.667475,1.028160,1,0,27.9911,0,0,0,27.9911,0
80.7889,3.40874,0,0,1.62765,0.0836945,0.36288,3.6288,60.3834,0.66528,0,0,0.682145,0.290241,0,0.66528,12.849,1,0.527591,0.36288,0,26.786,5.06541,21.5559,0.84672,12.849,0.84672,3695.15,0,18.483,0.213617,0.68008,2.21104,4.35904,1.42388,5.61266,0.42336,0,0,18.483,0.42336,442.007,0,1.02816,0,0,1.70824,0.68008,1.028160,1,0,27.1685,0,0,0,27.1685,0
79.4393,3.39622,0,0,2.51402,0.104553,0.36288,3.6288,60.2521,0.66528,0,0,0.820498,0.286538,0,0.66528,12.849,1,0.540148,0.36288,0,43.2632,4.97636,38.1096,0.84672,12.849,0.84672,3695.15,0,18.483,0.213636,1.01955,2.21106,4.60669,1.41296,6.2107,0.42336,0,0,18.483,0.42336,442.007,0,1.02816,0,0,2.04771,1.01955,1.028160,1,0,44.3203,0,0,0,44.3203,0
78.9851,3.38835,0,0,3.41197,0.114966,0.36288,3.6288,60.3467,0.66528,0,0,1.03732,0.277396,0,0.66528,12.849,1,0.548053,0.36288,0,52.8499,5.04857,47.6162,0.84672,12.849,0.84672,3695.15,0,18.483,0.213656,1.07588,2.21108,4.97529,1.39581,6.65278,0.42336,0,0,18.483,0.42336,442.007,0,1.02816,0,0,2.10404,1.07588,1.028160,1,0,54.269,0,0,0,54.269,0
78.0309,3.38568,0,0,2.9573,0.162876,0.36288,3.6288,60.2852,0.66528,0,0,0.822433,0.218628,0,0.66528,12.849,1,0.550769,0.36288,0,52.416,4.48542,47.7427,0.84672,12.849,0.84672,3695.15,0,18.483,0.213675,0.824532,2.2111,5.45059,1.24371,7.02884,0.42336,0,0,18.483,0.42336,442.007,0,1.02816,0,0,1.85269,0.824532,1.028160,1,0,54.7716,0,0,0,54.7716,0
77.0069,3.2768,0,0,2.83861,0.222988,0.36288,3.6288,60.5417,0.602493,0,0,1.05576,0.1968,0,0.66528,12.849,1,0.539576,0.36288,0,45.3139,3.84899,41.2883,0.84672,12.849,0.84672,3695.15,0,18.483,0.18472,1.13096,2.21113,6.7229,1.0877,8.79256,0.42336,0,0,18.483,0.42336,442.007,0,1.02816,0,0,2.15912,1.13096,1.028160,1,0,50.0808,0,0,0,50.0808,0
76.3446,3.27069,0,0,3.192,0.220729,0.36288,3.6288,61.2803,0.603107,0,0,1.53885,0.197121,0,0.66528,12.849,1,0.545731,0.36288,0,50.9046,3.84899,46.8728,0.84672,12.849,0.84672,3695.15,0,18.483,0.184125,1.9179,2.11775,8.83777,1.0877,11.6016,0.42336,0,0,18.483,0.42336,442.007,0,1.02816,0,0,2.94606,1.9179,1.028160,1,0,58.4744,0,0,0,58.4744,0
75.3293,3.26667,0,0,2.83358,0.219269,0.36288,3.6288,61.308,0.604826,0,0,1.19845,0.198046,0.367912,0.66528,12.849,1,0.549789,0.36288,0,44.4013,3.84899,40.3654,0.84672,12.849,0.84672,3695.15,0,18.483,0.182424,1.36015,2.11777,6.78059,1.0877,8.98839,0.42336,0,0,18.483,0.42336,442.007,0,1.02816,0,0,2.38831,1.36015,1.028160,1,0,49.7217,0,0,0,49.7217,0
73.53,3.26037,0,0,2.13103,0.307157,0.36288,3.6288,61.308,0.604903,0,0,1.31867,0.202437,0.511332,0.66528,12.849,1,0.556124,0.36288,0,43.1637,3.94673,39.0237,0.84672,12.849,0.84672,3695.15,0,18.483,0.182365,1.64094,2.11779,9.14553,1.05345,11.6684,0.42336,0,0,18.483,0.42336,442.007,0,1.02816,0,0,2.6691,1.64094,1.028160,1,0,51.2035,0,0,0,51.2035,0
70.6394,3.16489,0,0,1.05673,0.419512,0.36288,3.6288,61.0207,0.722549,0,0,0.643449,0.208246,0,0.66528,12.849,1,0.553049,0.36288,0,40.0655,4.07705,35.7983,0.84672,12.849,0.84672,3695.15,0,18.483,0.217832,0.216518,2.11781,7.85238,1.00777,8.96111,0.42336,0,0,18.483,0.42336,442.007,0,0.791536,0,0,1.00805,0.216518,1.028160,1,0,44.7594,0,0,0,44.7594,0
69.4539,3.14578,0,0,2.62386,0.300739,0.36288,3.6288,61.308,0.540162,0,0,1.70662,0.207868,0.671249,0.66528,12.849,1,0.572203,0.36288,0,66.1554,4.07705,61.8691,0.84672,12.849,0.84672,3695.15,0,18.483,0.163614,1.75856,2.03482,12.0121,1.00777,14.6341,0.42336,0,0,18.483,0.42336,442.007,0,1.02816,0,0,2.78672,1.75856,1.028160,1,0,77.1744,0,0,0,77.1744,0
69.3074,3.13757,0,0,3.65202,0.297999,0.36288,3.6288,61.308,0.540764,0,0,2.36672,0.208246,1.61771,0.66528,12.849,1,0.580451,0.36288,0,99.8525,4.07705,95.5579,0.84672,12.849,0.84672,3695.15,0,18.483,0.163028,3.95934,2.03484,16.2689,1.00777,21.0923,0.42336,0,0,18.483,0.42336,442.007,0,1.02816,0,0,4.9875,3.95934,1.028160,1,0,118.268,0,0,0,118.268,0
69.0876,3.13656,0,0,3.62234,0.342716,0.36288,3.6288,61.308,0.540778,0,0,2.2451,0.216281,1.48805,0.66528,12.849,1,0.581492,0.36288,0,65.3482,3.59541,61.5342,0.84672,12.849,0.84672,3695.15,0,18.483,0.163032,2.34484,2.03486,14.1017,0.888911,17.4295,0.42336,0,0,18.483,0.42336,442.007,0,1.02816,0,0,3.373,2.34484,1.028160,1,0,80.4517,0,0,0,80.4517,0
71.2966,2.89893,0,0,5.78838,0.317588,0.36288,3.6288,61.308,0.407118,0,0,3.26536,0.207981,2.65026,0.66528,12.849,1,0.539147,0.36288,0,141.683,3.8058,137.701,0.84672,12.849,0.84672,3695.15,0,18.483,0.122737,1.10613,2.03488,16.801,1.0965,18.7228,0.42336,0,0,18.483,0.42336,442.007,0,1.02816,0,0,2.13429,1.10613,1.028160,1,0,159.074,0,0,0,159.074,0
72.4811,2.91311,0,0,4.77702,0.316525,0.36288,3.6288,61.308,0.40713,0,0,2.9407,0.238459,2.29511,0.66528,12.849,1,0.524998,0.36288,0,131.253,4.19654,126.894,0.84672,12.849,0.84672,3695.15,0,18.483,0.122741,2.27199,1.84802,14.0186,1.11887,16.897,0.42336,0,0,18.483,0.42336,442.007,0,1.02816,0,0,3.30015,2.27199,1.028160,1,0,146.086,0,0,0,146.086,0
73.032,2.92043,0,0,4.2688,0.434545,0.36288,3.6288,61.308,0.407142,0,0,3.07615,0.238459,2.43055,0.66528,12.849,1,0.517716,0.36288,0,104.122,4.19654,99.771,0.84672,12.849,0.84672,3695.15,0,18.483,0.122744,4.54088,1.84804,18.6061,1.11887,23.7534,0.42336,0,0,18.483,0.42336,442.007,0,1.02816,0,0,5.56904,4.54088,1.028160,1,0,125.955,0,0,0,125.955,0
73.6422,2.92378,0,0,4.33388,0.43705,0.36288,3.6288,61.308,0.407154,0,0,3.14582,0.238459,2.5002,0.66528,12.849,1,0.5144,0.36288,0,117.291,4.19654,112.943,0.84672,12.849,0.84672,3695.15,0,18.483,0.122748,5.17645,1.84806,20.6461,1.11887,26.4289,0.42336,0,0,18.483,0.42336,442.007,0,1.02816,0,0,6.20461,5.17645,1.028160,1,0,141.872,0,0,0,141.872,0
74.8796,2.92744,0,0,4.94291,0.415234,0.36288,3.6288,61.308,0.407166,0,0,2.33258,0.177539,1.74788,0.66528,12.849,1,0.510776,0.36288,0,132.996,3.21838,129.63,0.84672,12.849,0.84672,3695.15,0,18.483,0.122752,3.00615,1.84807,13.7389,0.897411,17.573,0.42336,0,0,18.483,0.42336,442.007,0,1.02816,0,0,4.03431,3.00615,1.028160,1,0,148.951,0,0,0,148.951,0
75.0332,3.02659,0,0,3.95369,0.410584,0.36288,3.6288,61.308,0.445882,0,0,2.00695,0.153171,1.4079,0.66528,12.849,1,0.51935,0.36288,0,105.05,2.82712,102.067,0.84672,12.849,0.84672,3695.15,0,18.483,0.134424,2.51099,1.84809,9.57442,0.808829,12.9902,0.42336,0,0,18.483,0.42336,442.007,0,1.02816,0,0,3.53915,2.51099,1.028160,1,0,116.465,0,0,0,116.465,0
77.3405,3.02751,0,0,6.10888,0.411228,0.36288,3.6288,61.308,0.445884,0,0,2.34751,0.153171,1.74845,0.66528,12.849,1,0.518443,0.36288,0,135.784,2.82712,132.801,0.84672,12.849,0.84672,3695.15,0,18.483,0.134424,2.87894,1.90721,13.0083,0.808829,16.8512,0.42336,0,0,18.483,0.42336,442.007,0,1.02816,0,0,3.9071,2.87894,1.028160,1,0,151.401,0,0,0,151.401,0
82.7189,3.04077,0,0,9.21326,0.431177,0.36288,3.6288,61.308,0.445885,0,0,3.02426,0.154578,2.4238,0.66528,12.849,1,0.505181,0.36288,0,214.283,3.00216,211.139,0.84672,12.849,0.84672,3695.15,0,18.483,0.134425,4.09996,1.90721,18.7329,0.850205,23.7554,0.42336,0,0,18.483,0.42336,442.007,0,1.02816,0,0,5.12812,4.09996,1.028160,1,0,237.318,0,0,0,237.318,0
89.8592,3.06921,0,0,11.0591,0.486686,0.36288,3.6288,61.308,0.445887,0,0,2.98184,0.165771,2.37018,0.66528,12.849,1,0.47675,0.36288,0,316.73,4.24698,312.369,0.84672,12.849,0.84672,3695.15,0,18.483,0.134425,5.22939,1.90722,23.7269,1.11835,29.6107,0.42336,0,0,18.483,0.42336,442.007,0,1.02816,0,0,6.25755,5.22939,1.028160,1,0,344.35,0,0,0,344.35,0
92.6617,3.40495,0,0,7.00291,0.432651,0.36288,3.6288,61.308,0.591202,0,0,2.88273,0.172634,2.11889,0.66528,12.849,1,0.486875,0.36288,0,241.544,4.73351,236.687,0.84672,12.849,0.84672,3695.15,0,18.483,0.178234,3.99478,1.90722,18.1176,1.16807,22.6733,0.42336,0,0,18.483,0.42336,442.007,0,1.02816,0,0,5.02294,3.99478,1.028160,1,0,261.479,0,0,0,261.479,0
96.2708,3.41789,0,0,7.85462,0.464751,0.36288,3.6288,61.308,0.591204,0,0,3.34708,0.174286,2.58159,0.66528,12.849,1,0.473944,0.36288,0,202.389,4.7071,197.57,0.84672,12.849,0.84672,3695.15,0,18.483,0.178235,4.19875,2.11815,20.3144,1.16111,25.2919,0.42336,0,0,18.483,0.42336,442.007,0,1.02816,0,0,5.22691,4.19875,1.028160,1,0,225.444,0,0,0,225.444,0
97.506,3.43357,0,0,7.08964,0.61142,1.80942,3.6288,61.308,0.591206,0,0,2.69,0.184198,1.9146,0.66528,12.849,1,0.458269,1.80942,0,240.837,4.54871,237.639,0.84672,12.849,0.84672,3695.15,0,18.483,0.178235,3.3118,2.11815,17.1775,1.11933,21.3099,0.42336,0,0,18.483,0.42336,442.007,0,1.02816,0,0,4.33996,3.3118,1.028160,1,0,260.864,0,0,0,260.864,0
97.506,3.4387,0,0,6.2937,0.610997,2.244,3.6288,61.308,0.591208,0,0,2.25265,0.179379,1.48206,0.66528,12.849,1,0.45314,2.244,0,223.628,4.81667,220.602,0.84672,12.849,0.84672,3695.15,0,18.483,0.178236,3.0814,2.11816,13.1155,1.10708,17.0298,0.42336,0,0,18.483,0.42336,442.007,0,1.02816,0,0,4.10956,3.0814,1.028160,1,0,239.114,0,0,0,239.114,0
97.506,3.00283,0,0,6.42833,0.581028,2.84447,3.6288,61.308,0.396196,0,0,3.35597,0.210631,2.74914,0.66528,12.849,1,0.395703,2.84447,0,212.604,5.05937,209.994,0.84672,12.849,0.84672,3695.15,0,18.483,0.119444,4.30539,2.11816,17.9312,1.07727,23.158,0.42336,0,0,18.483,0.42336,442.007,0,1.02816,0,0,5.33355,4.30539,1.028160,1,0,235.901,0,0,0,235.901,0
97.506,3.00284,0,0,5.58283,0.575792,2.0042,3.6288,61.308,0.396198,0,0,2.38268,0.227951,1.75853,0.66528,12.849,1,0.395703,2.0042,0,150.013,4.88848,146.733,0.84672,12.849,0.84672,3695.15,0,18.483,0.119445,3.35698,1.82963,14.316,1.0776,18.3056,0.42336,0,0,18.483,0.42336,442.007,0,1.02816,0,0,4.38514,3.35698,1.028160,1,0,166.797,0,0,0,166.797,0
97.506,3.00284,0,0,4.86667,0.575792,1.28804,3.6288,61.308,0.396199,0,0,2.05227,0.227951,1.42812,0.66528,12.849,1,0.395704,1.28804,0,121.08,4.88848,117.084,0.84672,12.849,0.84672,3695.15,0,18.483,0.119445,2.97584,1.82963,12.9646,1.0776,16.573,0.42336,0,0,18.483,0.42336,442.007,0,1.02816,0,0,4.004,2.97584,1.028160,1,0,135.085,0,0,0,135.085,0
97.506,3.00284,0,0,4.35072,0.575792,0.77208,3.6288,61.308,0.396201,0,0,1.72572,0.227951,1.10157,0.66528,12.849,1,0.395704,0.77208,0,134.34,4.88848,129.828,0.84672,12.849,0.84672,3695.15,0,18.483,0.119446,2.62564,1.82963,11.7389,1.0776,14.9971,0.42336,0,0,18.483,0.42336,442.007,0,1.02816,0,0,3.6538,2.62564,1.028160,1,0,145.927,0,0,0,145.927,0
97.4121,3.00285,0,0,3.78533,0.513486,0.36288,3.6288,61.308,0.396203,0,0,1.2077,0.226893,0.584604,0.66528,12.849,1,0.395705,0.36288,0,137.084,5.59647,131.455,0.84672,12.849,0.84672,3695.15,0,18.483,0.119446,1.67682,1.82963,10.4534,1.18556,12.6548,0.42336,0,0,18.483,0.42336,442.007,0,1.02816,0,0,2.70498,1.67682,1.028160,1,0,144.694,0,0,0,144.694,0
97.506,3.11222,0,0,4.74149,0.474904,1.06049,3.6288,61.308,0.443912,0,0,1.70136,0.205354,1.0521,0.66528,12.849,1,0.410513,1.06049,0,150.75,5.7204,145.679,0.84672,12.849,0.84672,3695.15,0,18.483,0.13383,2.38594,1.82964,13.0373,1.13574,15.9833,0.42336,0,0,18.483,0.42336,442.007,0,1.02816,0,0,3.4141,2.38594,1.028160,1,0,162.715,0,0,0,162.715,0
97.506,3.11257,0,0,5.52302,0.475274,1.93517,3.6288,61.308,0.443914,0,0,2.48828,0.205354,1.83901,0.66528,12.849,1,0.410164,1.93517,0,179.289,5.7204,175.093,0.84672,12.849,0.84672,3695.15,0,18.483,0.13383,3.11661,1.90088,18.0831,1.13574,21.831,0.42336,0,0,18.483,0.42336,442.007,0,1.02816,0,0,4.14477,3.11661,1.028160,1,0,198.763,0,0,0,198.763,0
97.506,3.11258,0,0,5.16731,0.475274,1.57946,3.6288,61.308,0.443916,0,0,2.65582,0.205354,2.00655,0.66528,12.849,1,0.410165,1.57946,0,197.312,5.7204,192.761,0.84672,12.849,0.84672,3695.15,0,18.483,0.133831,3.32556,1.90088,18.3792,1.13574,22.3361,0.42336,0,0,18.483,0.42336,442.007,0,1.02816,0,0,4.35372,3.32556,1.028160,1,0,217.103,0,0,0,217.103,0
97.3334,3.11258,0,0,3.66898,0.366077,0.36288,3.6288,61.308,0.443917,0,0,1.36456,0.210392,0.71025,0.66528,12.849,1,0.410165,0.36288,0,116.147,4.83708,111.262,0.84672,12.849,0.84672,3695.15,0,18.483,0.133831,1.53324,1.90089,9.88865,1.163,12.0259,0.42336,0,0,18.483,0.42336,442.007,0,1.02816,0,0,2.5614,1.53324,1.028160,1,0,123.998,0,0,0,123.998,0
96.6479,3.06905,0,0,3.03016,0.283772,0.36288,3.6288,61.308,0.42539,0,0,1.11065,0.21417,0.471087,0.66528,12.849,1,0.405146,0.36288,0,79.5243,4.17459,75.3074,0.84672,12.849,0.84672,3695.15,0,18.483,0.128245,1.06648,1.90089,7.40526,1.18345,9.06093,0.42336,0,0,18.483,0.42336,442.007,0,1.02816,0,0,2.09464,1.06648,1.028160,1,0,84.8394,0,0,0,84.8394,0
95.6565,3.06652,0,0,2.72017,0.282157,0.36288,3.6288,61.308,0.425391,0,0,1.17164,0.21417,0.532075,0.66528,12.849,1,0.407683,0.36288,0,73.5333,4.17459,69.3139,0.84672,12.849,0.84672,3695.15,0,18.483,0.128246,1.12199,1.87316,7.43757,1.18345,9.12102,0.42336,0,0,18.483,0.42336,442.007,0,1.02816,0,0,2.15015,1.12199,1.028160,1,0,78.967,0,0,0,78.967,0
94.9088,3.0628,0,0,2.95778,0.27982,0.36288,3.6288,61.308,0.425393,0,0,1.00992,0.21417,0.370358,0.66528,12.849,1,0.411409,0.36288,0,75.8678,4.17459,71.6447,0.84672,12.849,0.84672,3695.15,0,18.483,0.128246,0.809767,1.87316,9.11399,1.18345,10.4852,0.42336,0,0,18.483,0.42336,442.007,0,1.02816,0,0,1.83793,0.809767,1.028160,1,0,82.5003,0,0,0,82.5003,0
94.0242,3.05995,0,0,2.75055,0.212283,0.36288,3.6288,61.308,0.425394,0,0,0.983249,0.232441,0.325413,0.66528,12.849,1,0.414264,0.36288,0,76.9427,5.66517,71.2261,0.84672,12.849,0.84672,3695.15,0,18.483,0.128247,0.866402,1.87316,7.66454,1.21307,9.06279,0.42336,0,0,18.483,0.42336,442.007,0,1.02816,0,0,1.89456,0.866402,1.028160,1,0,80.6143,0,0,0,80.6143,0
93.0292,3.20152,0,0,2.73866,0.169277,0.36288,3.6288,61.308,0.491107,0,0,0.923772,0.231483,0.201181,0.66528,12.849,1,0.437507,0.36288,0,79.2962,5.02248,74.1991,0.84672,12.849,0.84672,3695.15,0,18.483,0.148058,0.628793,1.87317,6.81973,1.10486,8.06877,0.42336,0,0,18.483,0.42336,442.007,0,1.02816,0,0,1.65695,0.628793,1.028160,1,0,82.469,0,0,0,82.469,0
91.943,3.19741,0,0,2.58517,0.111136,0.36288,3.6288,61.308,0.491108,0,0,0.862834,0.24201,0.129715,0.66528,12.849,1,0.44162,0.36288,0,67.1311,5.20149,61.8508,0.84672,12.849,0.84672,3695.15,0,18.483,0.148058,0.477611,1.97013,6.62239,1.18092,7.74114,0.42336,0,0,18.483,0.42336,442.007,0,1.02816,0,0,1.50577,0.477611,1.028160,1,0,69.7217,0,0,0,69.7217,0
90.827,3.19284,0,0,2.54982,0.110096,0.36288,3.6288,61.308,0.49111,0,0,0.865374,0.24201,0.132253,0.66528,12.849,1,0.446198,0.36288,0,63.5239,5.20149,58.2391,0.84672,12.849,0.84672,3695.15,0,18.483,0.148059,0.541477,1.97013,6.30478,1.18092,7.48741,0.42336,0,0,18.483,0.42336,442.007,0,1.02816,0,0,1.56964,0.541477,1.028160,1,0,65.8587,0,0,0,65.8587,0
89.4303,3.18804,0,0,2.28722,0.132983,0.36288,3.6288,61.308,0.491112,0,0,0.82518,0.23806,0.0960089,0.66528,12.849,1,0.451002,0.36288,0,59.992,4.94764,54.9562,0.84672,12.849,0.84672,3695.15,0,18.483,0.148059,0.550256,1.97013,5.80684,1.19072,6.98845,0.42336,0,0,18.483,0.42336,442.007,0,1.02816,0,0,1.57842,0.550256,1.028160,1,0,62.0407,0,0,0,62.0407,0
87.5755,3.18188,0,0,1.84154,0.151568,0.36288,3.6288,60.9612,0.703469,0,0,0.603783,0.247107,0,0.66528,12.849,1,0.457161,0.36288,0,36.7072,5.12632,31.4866,0.84672,12.849,0.84672,3695.15,0,18.483,0.21208,0.30119,1.97014,3.38735,1.22902,4.21757,0.42336,0,0,18.483,0.42336,442.007,0,0.751784,0,0,1.05297,0.30119,1.028160,1,0,35.7042,0,0,0,35.7042,0
85.5893,3.14502,0,0,1.66891,0.147211,0.36288,3.6288,60.4049,0.846819,0,0,0.53945,0.248946,0,0.66528,12.849,1,0.461435,0.36288,0,33.2142,5.21251,27.9032,0.84672,12.849,0.84672,3695.15,0,18.483,0.25675,0.30119,1.97014,3.0911,1.23323,3.87245,0.42336,0,0,18.483,0.42336,442.007,0,0.61077,0,0,0.911961,0.30119,1.028160,1,0,31.7756,0,0,0,31.7756,0
83.4639,3.13572,0,0,1.51778,0.144569,0.36288,3.6288,59.8593,0.82351,0,0,0.526028,0.248068,0,0.66528,12.849,1,0.470746,0.36288,0,32.5638,5.21251,27.2434,0.84672,12.849,0.84672,3695.15,0,18.483,0.251982,0.261274,2.00035,2.96183,1.23323,3.73824,0.42336,0,0,18.483,0.42336,442.007,0,0.63885,0,0,0.900124,0.261274,1.028160,1,0,30.9817,0,0,0,30.9817,0
81.2116,3.12533,0,0,1.37762,0.141741,0.36288,3.6288,59.2063,0.899299,0,0,0.493496,0.247208,0,0.66528,12.849,1,0.481135,0.36288,0,29.0171,5.21251,23.6863,0.84672,12.849,0.84672,3695.15,0,18.483,0.27768,0.261274,2.00035,2.86517,1.23323,3.61589,0.42336,0,0,18.483,0.42336,442.007,0,0.537365,0,0,0.798638,0.261274,1.028160,1,0,27.3022,0,0,0,27.3022,0
78.8862,3.11381,0,0,1.24986,0.0985596,0.36288,3.6288,58.3863,0.937817,0,0,0.433488,0.315658,0,0.66528,12.849,1,0.492656,0.36288,0,25.5698,6.03591,19.4041,0.84672,12.849,0.84672,3695.15,0,18.483,0.292767,0.261274,2.00035,2.53114,1.54835,2.95165,0.42336,0,0,18.483,0.42336,442.007,0,0.483762,0,0,0.745036,0.261274,1.028160,1,0,22.3558,0,0,0,22.3558,0
76.624,3.17371,0,0,1.38297,0.108575,0.36288,3.6288,57.6733,0.922335,0,0,0.514928,0.305667,0,0.66528,12.849,1,0.516935,0.36288,0,32.5641,5.81637,26.5937,0.84672,12.849,0.84672,3695.15,0,18.483,0.291978,0.261274,2.00036,2.66578,1.48765,3.14778,0.42336,0,0,18.483,0.42336,442.007,0,0.541927,0,0,0.8032,0.261274,1.028160,1,0,29.7414,0,0,0,29.7414,0
74.2531,3.16064,0,0,1.25883,0.106166,0.36288,3.6288,56.8873,0.906465,0,0,0.424711,0.304263,0,0.66528,12.849,1,0.530005,0.36288,0,26.2286,5.81637,20.2451,0.84672,12.849,0.84672,3695.15,0,18.483,0.290502,0.261274,2.0485,2.47712,1.48765,3.00874,0.42336,0,0,18.483,0.42336,442.007,0,0.559276,0,0,0.820549,0.261274,1.028160,1,0,23.2539,0,0,0,23.2539,0
71.7853,3.14622,0,0,1.1449,0.103641,0.36288,3.6288,56.0057,0.974407,0,0,0.395529,0.302715,0,0.66528,12.849,1,0.544432,0.36288,0,24.4511,5.81637,18.4532,0.84672,12.849,0.84672,3695.15,0,18.483,0.316591,0.227405,2.0485,2.20761,1.48765,2.67927,0.42336,0,0,18.483,0.42336,442.007,0,0.465247,0,0,0.692652,0.227405,1.028160,1,0,21.1325,0,0,0,21.1325,0
69.4719,3.13035,0,0,1.24677,0.0669575,0.36288,3.6288,55.3381,0.835151,0,0,0.466872,0.29924,0,0.66528,12.849,1,0.560308,0.36288,0,24.5667,5.92451,18.4448,0.84672,12.849,0.84672,3695.15,0,18.483,0.275617,0.227405,2.0485,3.12139,1.51356,3.60812,0.42336,0,0,18.483,0.42336,442.007,0,0.645479,0,0,0.872884,0.227405,1.028160,1,0,22.0529,0,0,0,22.0529,0
66.5361,3.32262,0,0,0.829604,0.0798376,0.36288,3.6288,54.3975,1.00765,0,0,0.37909,0.31204,0,0.66528,12.849,1,0.614527,0.36288,0,22.2367,6.43009,15.5549,0.84672,12.849,0.84672,3695.15,0,18.483,0.336556,0.227405,2.04851,2.25233,1.54177,2.64991,0.42336,0,0,18.483,0.42336,442.007,0,0.56325,0,0,0.790655,0.227405,1.028160,1,0,18.2048,0,0,0,18.2048,0
63.531,3.2999,0,0,0.735644,0.0780203,0.36288,3.6288,53.3894,1.03932,0,0,0.341291,0.310112,0,0.66528,12.849,1,0.637254,0.36288,0,19.7619,6.43009,13.0575,0.84672,12.849,0.84672,3695.15,0,18.483,0.353135,0.227405,2.21152,2.18595,1.54177,2.72997,0.42336,0,0,18.483,0.42336,442.007,0,0.515004,0,0,0.742409,0.227405,1.028160,1,0,15.7874,0,0,0,15.7874,0
60.6411,3.27483,0,0,0.82404,0.0761601,0.36288,3.6288,52.4297,1.00194,0,0,0.350101,0.307867,0,0.66528,12.849,1,0.662327,0.36288,0,19.6435,6.43009,12.9139,0.84672,12.849,0.84672,3695.15,0,18.483,0.346864,0.204422,2.21152,2.34289,1.54177,2.8702,0.42336,0,0,18.483,0.42336,442.007,0,0.558654,0,0,0.763076,0.204422,1.028160,1,0,15.7841,0,0,0,15.7841,0
58.2554,3.24879,0,0,1.31884,0.0929331,0.36288,3.6288,51.6825,0.876004,0,0,0.430275,0.301468,0,0.66528,12.849,1,0.688373,0.36288,0,32.6337,6.31135,25.9969,0.84672,12.849,0.84672,3695.15,0,18.483,0.308817,0.204422,2.21153,2.55396,1.52721,3.13388,0.42336,0,0,18.483,0.42336,442.007,0,0.722641,0,0,0.927063,0.204422,1.028160,1,0,29.1307,0,0,0,29.1307,0
55.9752,3.2257,0,0,1.42443,0.11599,0.36288,3.6288,51.3431,0.681109,0,0,0.617873,0.276154,0,0.66528,12.849,1,0.711471,0.36288,0,47.5065,5.63469,41.5232,0.84672,12.849,0.84672,3695.15,0,18.483,0.243582,0.204422,2.21153,2.89545,1.37105,3.69678,0.42336,0,0,18.483,0.42336,442.007,0,0.982774,0,0,1.1872,0.204422,1.028160,1,0,45.22,0,0,0,45.22,0
53.225,3.10443,0,0,0.838054,0.120926,0.36288,3.6288,50.7145,0.741079,0,0,0.380914,0.268444,0,0.66528,12.849,1,0.712616,0.36288,0,43.2389,5.34618,37.543,0.84672,12.849,0.84672,3695.15,0,18.483,0.266781,0.204422,2.21153,2.26247,1.31368,3.09797,0.42336,0,0,18.483,0.42336,442.007,0,0.807831,0,0,1.01225,0.204422,1.028160,1,0,40.6409,0,0,0,40.6409,0
50.5071,3.07477,0,0,0.872061,0.152398,0.36288,3.6288,50.0527,0.788295,0,0,0.367534,0.241084,0,0.66528,12.849,1,0.742278,0.36288,0,34.5883,4.9571,29.2518,0.84672,12.849,0.84672,3695.15,0,18.483,0.287296,0.216518,2.11812,2.97365,1.14707,3.87393,0.42336,0,0,18.483,0.42336,442.007,0,0.740102,0,0,0.956621,0.216518,1.028160,1,0,33.1257,0,0,0,33.1257,0
49.8643,3.04293,0,0,2.86788,0.104811,0.36288,3.6288,49.9113,0.57515,0,0,0.695953,0.262195,0,0.66528,12.849,1,0.774123,0.36288,0,45.9626,5.56626,39.9851,0.84672,12.849,0.84672,3695.15,0,18.483,0.212386,0.733795,2.11812,6.96296,1.13154,8.47095,0.42336,0,0,18.483,0.42336,442.007,0,1.02816,0,0,1.76196,0.733795,1.028160,1,0,48.4561,0,0,0,48.4561,0
50.0885,3.035,0,0,3.79941,0.177353,0.36288,3.6288,50.1,0.574712,0,0,0.93865,0.175214,0,0.66528,12.849,1,0.782058,0.36288,0,118.793,4.14954,114.224,0.84672,12.849,0.84672,3695.15,0,18.483,0.212826,1.27569,2.11812,7.45883,0.832734,9.80708,0.42336,0,0,18.483,0.42336,442.007,0,1.02816,0,0,2.30385,1.27569,1.028160,1,0,124.031,0,0,0,124.031,0
50.0934,2.95932,0,0,3.50215,0.175009,0.36288,3.6288,50.4798,0.514274,0,0,1.08469,0.190644,0,0.66528,12.849,1,0.759143,0.36288,0,151.098,3.34194,147.36,0.84672,12.849,0.84672,3695.15,0,18.483,0.189727,1.9539,2.11813,7.03084,0.936583,9.97656,0.42336,0,0,18.483,0.42336,442.007,0,1.02816,0,0,2.98206,1.9539,1.028160,1,0,157.336,0,0,0,157.336,0
50.7278,2.95938,0,0,4.13165,0.175018,0.36288,3.6288,51.0008,0.51532,0,0,1.2276,0.191237,0,0.66528,12.849,1,0.759084,0.36288,0,151.609,3.34194,147.871,0.84672,12.849,0.84672,3695.15,0,18.483,0.188683,2.32153,2.03511,8.17586,0.936583,11.4072,0.42336,0,0,18.483,0.42336,442.007,0,1.02816,0,0,3.34969,2.32153,1.028160,1,0,159.278,0,0,0,159.278,0
53.7879,2.96696,0,0,6.58925,0.199341,0.36288,3.6288,51.966,0.516737,0,0,1.60184,0.119916,0,0.66528,12.849,1,0.751511,0.36288,0,116.54,3.01389,113.137,0.84672,12.849,0.84672,3695.15,0,18.483,0.187269,2.74984,2.03511,9.43669,0.870928,13.1634,0.42336,0,0,18.483,0.42336,442.007,0,1.02816,0,0,3.778,2.74984,1.028160,1,0,126.301,0,0,0,126.301,0
60.0032,3.00148,0,0,9.795,0.2153,0.36288,3.6288,54.1835,0.519304,0,0,2.82864,0.0917766,0,0.66528,12.849,1,0.717001,0.36288,0,140.768,2.88267,137.531,0.84672,12.849,0.84672,3695.15,0,18.483,0.184703,4.49641,2.03511,17.6011,0.844666,23.1033,0.42336,0,0,18.483,0.42336,442.007,0,1.02816,0,0,5.52457,4.49641,1.028160,1,0,160.635,0,0,0,160.635,0
61.7015,2.832,0,0,5.14121,0.248022,0.36288,3.6288,55.2679,0.395207,0,0,1.64921,0.169657,0,0.66528,12.849,1,0.60644,0.36288,0,91.33,3.50207,87.5844,0.84672,12.849,0.84672,3695.15,0,18.483,0.134812,2.31346,2.03512,9.85254,0.840509,13.2258,0.42336,0,0,18.483,0.42336,442.007,0,1.02816,0,0,3.34162,2.31346,1.028160,1,0,100.81,0,0,0,100.81,0
68.1231,2.84582,0,0,9.88191,0.251638,0.36288,3.6288,57.1878,0.397191,0,0,2.48795,0.170874,0,0.66528,12.849,1,0.592626,0.36288,0,242.74,3.50207,239.008,0.84672,12.849,0.84672,3695.15,0,18.483,0.132831,3.83407,1.84821,15.1976,0.840509,19.9065,0.42336,0,0,18.483,0.42336,442.007,0,1.02816,0,0,4.86223,3.83407,1.028160,1,0,258.915,0,0,0,258.915,0
71.9669,2.89282,0,0,7.36576,0.266252,0.36288,3.6288,59.4373,0.400562,0,0,2.83875,0.188682,0,0.66528,12.849,1,0.545628,0.36288,0,180.863,3.74293,176.937,0.84672,12.849,0.84672,3695.15,0,18.483,0.129461,3.67866,1.84822,12.3005,0.935511,16.7624,0.42336,0,0,18.483,0.42336,442.007,0,1.02816,0,0,4.70682,3.67866,1.028160,1,0,193.7,0,0,0,193.7,0
77.3407,2.91755,0,0,8.93177,0.27757,0.36288,3.6288,60.7805,0.404301,0,0,1.9787,0.231135,0,0.66528,12.849,1,0.520901,0.36288,0,167.967,4.34511,163.464,0.84672,12.849,0.84672,3695.15,0,18.483,0.125724,3.8191,1.84822,12.9659,1.17302,17.3344,0.42336,0,0,18.483,0.42336,442.007,0,1.02816,0,0,4.84726,3.8191,1.028160,1,0,180.798,0,0,0,180.798,0
83.5383,2.94859,0,0,9.90545,0.396319,0.36288,3.6288,61.308,0.406434,0,0,2.00674,0.209551,0.863304,0.66528,12.849,1,0.489865,0.36288,0,132.29,4.02747,128.136,0.84672,12.849,0.84672,3695.15,0,18.483,0.123594,4.68563,1.84822,14.1096,1.05024,19.4696,0.42336,0,0,18.483,0.42336,442.007,0,1.02816,0,0,5.71379,4.68563,1.028160,1,0,148.469,0,0,0,148.469,0
87.463,3.07344,0,0,7.78009,0.419121,0.36288,3.6288,61.308,0.445958,0,0,1.33441,0.192516,0.695939,0.66528,12.849,1,0.472725,0.36288,0,193.984,3.78924,190.084,0.84672,12.849,0.84672,3695.15,0,18.483,0.134447,2.54235,1.84822,11.1553,0.958156,14.4533,0.42336,0,0,18.483,0.42336,442.007,0,1.02816,0,0,3.57051,2.54235,1.028160,1,0,205.234,0,0,0,205.234,0
88.0556,3.09191,0,0,4.482,0.434551,0.36288,3.6288,61.308,0.445949,0,0,1.41543,0.192516,0.776966,0.66528,12.849,1,0.454226,0.36288,0,110.182,3.78924,106.301,0.84672,12.849,0.84672,3695.15,0,18.483,0.134444,2.73904,1.90733,9.995,0.958156,13.5488,0.42336,0,0,18.483,0.42336,442.007,0,1.02816,0,0,3.7672,2.73904,1.028160,1,0,120.627,0,0,0,120.627,0
88.2571,3.09456,0,0,4.08807,0.429179,0.36288,3.6288,61.308,0.44594,0,0,1.28709,0.193754,0.647398,0.66528,12.849,1,0.451555,0.36288,0,112.65,3.87288,108.688,0.84672,12.849,0.84672,3695.15,0,18.483,0.134441,2.42491,1.90731,8.09853,0.934137,11.3622,0.42336,0,0,18.483,0.42336,442.007,0,1.02816,0,0,3.45307,2.42491,1.028160,1,0,120.698,0,0,0,120.698,0
89.3032,3.09543,0,0,4.94332,0.438928,0.36288,3.6288,61.308,0.445931,0,0,1.35676,0.196318,0.714508,0.66528,12.849,1,0.450652,0.36288,0,106.13,4.0961,101.946,0.84672,12.849,0.84672,3695.15,0,18.483,0.134438,2.61697,1.9073,9.68872,0.868917,13.2096,0.42336,0,0,18.483,0.42336,442.007,0,1.02816,0,0,3.64513,2.61697,1.028160,1,0,115.871,0,0,0,115.871,0
89.2635,3.4024,0,0,4.13795,0.412357,0.36288,3.6288,61.308,0.59124,0,0,1.97621,0.162977,1.22199,0.66528,12.849,1,0.489539,0.36288,0,87.5025,3.04888,84.3269,0.84672,12.849,0.84672,3695.15,0,18.483,0.178246,1.6173,1.90729,9.05576,0.916558,11.4855,0.42336,0,0,18.483,0.42336,442.007,0,1.02816,0,0,2.64546,1.6173,1.028160,1,0,97.0344,0,0,0,97.0344,0
89.8271,3.40218,0,0,4.74091,0.412211,0.36288,3.6288,61.308,0.591229,0,0,2.425,0.162977,1.67079,0.66528,12.849,1,0.489726,0.36288,0,112.423,3.04888,109.247,0.84672,12.849,0.84672,3695.15,0,18.483,0.178243,4.40001,2.11821,14.2586,0.916558,19.682,0.42336,0,0,18.483,0.42336,442.007,0,1.02816,0,0,5.42817,4.40001,1.028160,1,0,130.6,0,0,0,130.6,0
90.0089,3.40484,0,0,4.41035,0.460833,0.36288,3.6288,61.308,0.591219,0,0,1.66656,0.147904,0.927438,0.66528,12.849,1,0.487034,0.36288,0,122.052,3.13643,118.792,0.84672,12.849,0.84672,3695.15,0,18.483,0.178239,2.94143,2.11819,10.4855,0.878225,14.4887,0.42336,0,0,18.483,0.42336,442.007,0,1.02816,0,0,3.96959,2.94143,1.028160,1,0,134.208,0,0,0,134.208,0
94.1734,3.40568,0,0,8.47134,0.538241,0.36288,3.6288,61.308,0.591209,0,0,1.86282,0.177333,1.09428,0.66528,12.849,1,0.486169,0.36288,0,145.431,3.08051,142.227,0.84672,12.849,0.84672,3695.15,0,18.483,0.178236,5.11612,2.11818,13.2112,0.909389,19.3578,0.42336,0,0,18.483,0.42336,442.007,0,1.02816,0,0,6.14428,5.11612,1.028160,1,0,162.679,0,0,0,162.679,0
94.7156,2.99049,0,0,4.41583,0.520314,0.36288,3.6288,61.308,0.396187,0,0,1.59067,0.181707,1.01277,0.66528,12.849,1,0.408021,0.36288,0,116.726,3.0115,113.669,0.84672,12.849,0.84672,3695.15,0,18.483,0.119442,2.16557,2.11816,9.22078,0.909141,12.4759,0.42336,0,0,18.483,0.42336,442.007,0,1.02816,0,0,3.19373,2.16557,1.028160,1,0,127.158,0,0,0,127.158,0
95.6084,2.99252,0,0,4.77097,0.522721,0.36288,3.6288,61.308,0.396178,0,0,1.63497,0.181707,1.05709,0.66528,12.849,1,0.405962,0.36288,0,83.6084,3.0115,80.5538,0.84672,12.849,0.84672,3695.15,0,18.483,0.119439,2.40928,1.82961,10.0017,0.909141,13.2121,0.42336,0,0,18.483,0.42336,442.007,0,1.02816,0,0,3.43744,2.40928,1.028160,1,0,94.823,0,0,0,94.823,0
95.3365,2.99584,0,0,3.61345,0.526683,0.36288,3.6288,61.308,0.396169,0,0,1.25687,0.181707,0.678993,0.66528,12.849,1,0.402617,0.36288,0,79.7524,3.0115,76.7011,0.84672,12.849,0.84672,3695.15,0,18.483,0.119436,1.62873,1.8296,8.85522,0.909141,11.285,0.42336,0,0,18.483,0.42336,442.007,0,1.02816,0,0,2.65689,1.62873,1.028160,1,0,88.6651,0,0,0,88.6651,0
95.8937,2.99481,0,0,4.3965,0.481618,0.36288,3.6288,61.308,0.396161,0,0,1.37269,0.175816,0.800711,0.66528,12.849,1,0.403626,0.36288,0,90.8919,3.01838,87.8328,0.84672,12.849,0.84672,3695.15,0,18.483,0.119434,1.98394,1.82958,8.13076,0.926192,10.8987,0.42336,0,0,18.483,0.42336,442.007,0,1.02816,0,0,3.0121,1.98394,1.028160,1,0,99.5322,0,0,0,99.5322,0
97.506,2.99685,0,0,6.43277,0.503389,1.32021,3.6288,61.308,0.396152,0,0,2.57079,0.180153,1.99448,0.66528,12.849,1,0.401555,1.32021,0,179.48,3.6486,176.751,0.84672,12.849,0.84672,3695.15,0,18.483,0.119431,4.40483,1.82957,12.1485,1.06686,17.1966,0.42336,0,0,18.483,0.42336,442.007,0,1.02816,0,0,5.43299,4.40483,1.028160,1,0,195.942,0,0,0,195.942,0
97.506,3.11241,0,0,4.95008,0.516233,1.32144,3.6288,61.308,0.443849,0,0,2.54106,0.162335,1.93488,0.66528,12.849,1,0.410142,1.32144,0,149.399,3.39591,146.914,0.84672,12.849,0.84672,3695.15,0,18.483,0.133811,3.65957,1.82956,9.69788,1.01206,14.0411,0.42336,0,0,18.483,0.42336,442.007,0,1.02816,0,0,4.68773,3.65957,1.028160,1,0,162.89,0,0,0,162.89,0
97.506,3.11239,0,0,5.46207,0.516233,1.83345,3.6288,61.308,0.44384,0,0,2.63881,0.162335,2.03264,0.66528,12.849,1,0.410139,1.83345,0,112.928,3.39591,110.956,0.84672,12.849,0.84672,3695.15,0,18.483,0.133808,3.96751,1.90078,11.4247,1.01206,16.1471,0.42336,0,0,18.483,0.42336,442.007,0,1.02816,0,0,4.99567,3.96751,1.028160,1,0,129.135,0,0,0,129.135,0
97.506,3.11236,0,0,4.8135,0.532577,1.16856,3.6288,61.308,0.443831,0,0,2.71904,0.210718,2.06449,0.66528,12.849,1,0.410136,1.16856,0,107.916,4.41948,104.255,0.84672,12.849,0.84672,3695.15,0,18.483,0.133805,4.14517,1.90077,11.6015,1.09988,16.4138,0.42336,0,0,18.483,0.42336,442.007,0,1.02816,0,0,5.17333,4.14517,1.028160,1,0,122.733,0,0,0,122.733,0
97.506,3.11234,0,0,4.35266,0.45304,0.787278,3.6288,61.308,0.443822,0,0,1.90197,0.196911,1.26123,0.66528,12.849,1,0.410133,0.787278,0,98.5392,4.09238,94.824,0.84672,12.849,0.84672,3695.15,0,18.483,0.133802,2.84816,1.90075,8.15884,1.04095,11.733,0.42336,0,0,18.483,0.42336,442.007,0,1.02816,0,0,3.87632,2.84816,1.028160,1,0,107.818,0,0,0,107.818,0
97.1141,3.06942,0,0,3.40866,0.368259,0.36288,3.6288,61.308,0.425285,0,0,1.20701,0.224823,0.5569,0.66528,12.849,1,0.404478,0.36288,0,86.3732,5.10058,81.231,0.84672,12.849,0.84672,3695.15,0,18.483,0.128214,2.0385,1.90074,6.1847,1.16853,8.82719,0.42336,0,0,18.483,0.42336,442.007,0,1.02816,0,0,3.06666,2.0385,1.028160,1,0,90.6151,0,0,0,90.6151,0
96.3692,3.06796,0,0,3.053,0.367062,0.36288,3.6288,61.308,0.425276,0,0,1.21031,0.224823,0.56021,0.66528,12.849,1,0.405916,0.36288,0,79.6228,5.10058,74.4792,0.84672,12.849,0.84672,3695.15,0,18.483,0.128211,2.04332,1.873,6.162,1.16853,8.78157,0.42336,0,0,18.483,0.42336,442.007,0,1.02816,0,0,3.07148,2.04332,1.028160,1,0,83.8209,0,0,0,83.8209,0
95.317,3.06517,0,0,2.74067,0.364787,0.36288,3.6288,61.308,0.425267,0,0,1.27676,0.224823,0.626669,0.66528,12.849,1,0.408682,0.36288,0,73.6249,5.10058,68.4785,0.84672,12.849,0.84672,3695.15,0,18.483,0.128209,2.12469,1.87298,6.18886,1.16853,8.88979,0.42336,0,0,18.483,0.42336,442.007,0,1.02816,0,0,3.15285,2.12469,1.028160,1,0,77.995,0,0,0,77.995,0
94.5115,3.06117,0,0,2.98008,0.361573,0.36288,3.6288,61.308,0.425258,0,0,1.10052,0.224823,0.450439,0.66528,12.849,1,0.412654,0.36288,0,75.9637,5.10058,70.8134,0.84672,12.849,0.84672,3695.15,0,18.483,0.128206,1.66689,1.87297,7.58373,1.16853,9.82685,0.42336,0,0,18.483,0.42336,442.007,0,1.02816,0,0,2.69505,1.66689,1.028160,1,0,81.0907,0,0,0,81.0907,0
93.0436,3.20312,0,0,2.41063,0.312555,0.36288,3.6288,61.308,0.490952,0,0,0.922406,0.237029,0.194426,0.66528,12.849,1,0.435469,0.36288,0,57.1323,4.67586,52.3838,0.84672,12.849,0.84672,3695.15,0,18.483,0.148011,1.55613,1.87296,4.73723,1.09246,6.92586,0.42336,0,0,18.483,0.42336,442.007,0,1.02816,0,0,2.58429,1.55613,1.028160,1,0,59.5041,0,0,0,59.5041,0
91.3832,3.19706,0,0,2.20818,0.308653,0.36288,3.6288,61.308,0.490942,0,0,0.843731,0.237029,0.115759,0.66528,12.849,1,0.441502,0.36288,0,51.264,4.67586,46.5095,0.84672,12.849,0.84672,3695.15,0,18.483,0.148008,1.30171,1.96989,4.5249,1.09246,6.55603,0.42336,0,0,18.483,0.42336,442.007,0,1.02816,0,0,2.32987,1.30171,1.028160,1,0,53.1813,0,0,0,53.1813,0
89.6478,3.19,0,0,2.05131,0.233753,0.36288,3.6288,61.308,0.490933,0,0,0.807728,0.265359,0.0514357,0.66528,12.849,1,0.448532,0.36288,0,45.3574,4.99716,40.2746,0.84672,12.849,0.84672,3695.15,0,18.483,0.148005,1.22117,1.96988,4.32049,1.17455,6.18898,0.42336,0,0,18.483,0.42336,442.007,0,1.02816,0,0,2.24933,1.22117,1.028160,1,0,46.515,0,0,0,46.515,0
87.815,3.18238,0,0,1.9311,0.21864,0.36288,3.6288,61.308,0.490923,0,0,0.771448,0.270081,0.010444,0.66528,12.849,1,0.456123,0.36288,0,44.6921,5.05071,39.5482,0.84672,12.849,0.84672,3695.15,0,18.483,0.148002,1.06501,1.96986,4.37628,1.18823,6.07492,0.42336,0,0,18.483,0.42336,442.007,0,1.02816,0,0,2.09317,1.06501,1.028160,1,0,45.6335,0,0,0,45.6335,0
86.2902,3.17405,0,0,2.18878,0.176696,0.36288,3.6288,61.308,0.490914,0,0,0.829362,0.264071,0.0743776,0.66528,12.849,1,0.464424,0.36288,0,48.5004,5.09413,43.3047,0.84672,12.849,0.84672,3695.15,0,18.483,0.148,0.90148,1.96985,4.63051,1.19543,6.15841,0.42336,0,0,18.483,0.42336,442.007,0,1.02816,0,0,1.92964,0.90148,1.028160,1,0,49.5375,0,0,0,49.5375,0
84.9216,3.13852,0,0,2.29197,0.159122,0.36288,3.6288,61.308,0.527014,0,0,0.874083,0.261667,0.0854019,0.66528,12.849,1,0.46734,0.36288,0,47.952,5.11151,42.736,0.84672,12.849,0.84672,3695.15,0,18.483,0.158883,1.00444,1.96983,5.1065,1.19831,6.72358,0.42336,0,0,18.483,0.42336,442.007,0,1.02816,0,0,2.0326,1.00444,1.028160,1,0,49.545,0,0,0,49.545,0
83.4887,3.13196,0,0,2.21905,0.157131,0.36288,3.6288,61.308,0.527005,0,0,0.828982,0.261667,0.0403107,0.66528,12.849,1,0.473878,0.36288,0,45.0176,5.11151,39.7951,0.84672,12.849,0.84672,3695.15,0,18.483,0.15888,1.00141,2.00002,5.18366,1.19831,6.8279,0.42336,0,0,18.483,0.42336,442.007,0,1.02816,0,0,2.02957,1.00141,1.028160,1,0,46.6633,0,0,0,46.6633,0
81.8736,3.12489,0,0,1.97696,0.104314,0.36288,3.6288,61.2702,0.526995,0,0,0.803978,0.314733,0,0.66528,12.849,1,0.480923,0.36288,0,42.7131,5.9394,36.6557,0.84672,12.849,0.84672,3695.15,0,18.483,0.158877,0.800824,2,5.04116,1.48071,6.20241,0.42336,0,0,18.483,0.42336,442.007,0,1.02816,0,0,1.82898,0.800824,1.028160,1,0,42.8581,0,0,0,42.8581,0
80.0802,3.11666,0,0,1.78831,0.102167,0.36288,3.6288,61.1715,0.52691,0,0,0.744517,0.316362,0,0.66528,12.849,1,0.48912,0.36288,0,37.9734,6.26079,31.5864,0.84672,12.849,0.84672,3695.15,0,18.483,0.15895,0.758981,1.99999,4.56811,1.61152,5.55662,0.42336,0,0,18.483,0.42336,442.007,0,1.02816,0,0,1.78714,0.758981,1.028160,1,0,37.143,0,0,0,37.143,0
78.2716,3.17972,0,0,1.83073,0.0967575,0.36288,3.6288,61.1925,0.558867,0,0,0.920376,0.340502,0,0.66528,12.849,1,0.510191,0.36288,0,43.2378,6.04727,37.0432,0.84672,12.849,0.84672,3695.15,0,18.483,0.168862,0.720645,1.99998,4.13713,1.56133,5.12755,0.42336,0,0,18.483,0.42336,442.007,0,1.02816,0,0,1.74881,0.720645,1.028160,1,0,42.1707,0,0,0,42.1707,0
76.3487,3.16957,0,0,1.70464,0.0950609,0.36288,3.6288,61.0915,0.558902,0,0,0.798483,0.340547,0,0.66528,12.849,1,0.520314,0.36288,0,36.6103,6.04727,30.4056,0.84672,12.849,0.84672,3695.15,0,18.483,0.168815,0.862246,2.04809,4.17527,1.56133,5.35546,0.42336,0,0,18.483,0.42336,442.007,0,1.02816,0,0,1.89041,0.862246,1.028160,1,0,35.761,0,0,0,35.761,0
74.3103,3.15833,0,0,1.57603,0.0932572,0.36288,3.6288,60.933,0.558678,0,0,0.740483,0.34033,0,0.66528,12.849,1,0.531527,0.36288,0,35.106,6.04727,28.89,0.84672,12.849,0.84672,3695.15,0,18.483,0.169026,0.63218,2.04807,3.63036,1.56133,4.58026,0.42336,0,0,18.483,0.42336,442.007,0,1.02816,0,0,1.66034,0.63218,1.028160,1,0,33.4703,0,0,0,33.4703,0
72.328,3.14587,0,0,1.61107,0.0845397,0.36288,3.6288,60.8544,0.558331,0,0,0.822329,0.342572,0,0.66528,12.849,1,0.543954,0.36288,0,33.3894,6.12204,27.0863,0.84672,12.849,0.84672,3695.15,0,18.483,0.16936,0.856215,2.04806,4.49044,1.57627,5.64908,0.42336,0,0,18.483,0.42336,442.007,0,1.02816,0,0,1.88438,0.856215,1.028160,1,0,32.7353,0,0,0,32.7353,0
69.8055,3.34244,0,0,1.23391,0.0511165,0.36288,3.6288,60.5374,0.66528,0,0,0.709309,0.361033,0,0.66528,12.849,1,0.593782,0.36288,0,28.7036,5.99064,22.4821,0.84672,12.849,0.84672,3695.15,0,18.483,0.213568,0.721691,2.04804,3.9642,1.59865,4.92172,0.42336,0,0,18.483,0.42336,442.007,0,1.02816,0,0,1.74985,0.721691,1.028160,1,0,27.4038,0,0,0,27.4038,0
67.1048,3.3243,0,0,1.02437,0.0378658,0.36288,3.6288,60.1283,0.66528,0,0,0.616984,0.360829,0,0.66528,12.849,1,0.611899,0.36288,0,24.7511,5.89396,18.6081,0.84672,12.849,0.84672,3695.15,0,18.483,0.213554,0.587719,2.211,3.59888,1.58744,4.5966,0.42336,0,0,18.483,0.42336,442.007,0,1.02816,0,0,1.61588,0.587719,1.028160,1,0,23.2047,0,0,0,23.2047,0
64.5487,3.30361,0,0,1.14748,0.0370749,0.36288,3.6288,59.736,0.66528,0,0,0.632907,0.359891,0,0.66528,12.849,1,0.632563,0.36288,0,24.6027,5.89396,18.4391,0.84672,12.849,0.84672,3695.15,0,18.483,0.21354,0.632742,2.21099,3.85728,1.58744,4.90002,0.42336,0,0,18.483,0.42336,442.007,0,1.02816,0,0,1.6609,0.632742,1.028160,1,0,23.3391,0,0,0,23.3391,0
62.6841,3.28269,0,0,1.83643,0.055492,0.36288,3.6288,59.4939,0.66528,0,0,0.777851,0.354743,0,0.66528,12.849,1,0.653449,0.36288,0,40.8727,5.77523,34.8069,0.84672,12.849,0.84672,3695.15,0,18.483,0.213526,0.98966,2.21097,4.20477,1.57288,5.61899,0.42336,0,0,18.483,0.42336,442.007,0,1.02816,0,0,2.01782,0.98966,1.028160,1,0,40.4259,0,0,0,40.4259,0
61.7393,3.26654,0,0,2.68943,0.00481459,0.36288,3.6288,59.3887,0.66528,0,0,0.902595,0.342532,0,0.66528,12.849,1,0.669575,0.36288,0,41.5485,5.9508,35.2911,0.84672,12.849,0.84672,3695.15,0,18.483,0.213512,1.15067,2.21095,5.40503,1.60495,6.94819,0.42336,0,0,18.483,0.42336,442.007,0,1.02816,0,0,2.17883,1.15067,1.028160,1,0,42.2392,0,0,0,42.2392,0
60.5767,3.15862,0,0,2.42133,0.0624536,0.36288,3.6288,59.4025,0.600224,0,0,0.88884,0.274791,0,0.66528,12.849,1,0.657363,0.36288,0,39.3924,4.39478,34.7032,0.84672,12.849,0.84672,3695.15,0,18.483,0.186802,1.57684,2.21094,6.64405,1.24181,9.00321,0.42336,0,0,18.483,0.42336,442.007,0,1.02816,0,0,2.605,1.57684,1.028160,1,0,43.7064,0,0,0,43.7064,0
59.6153,3.14819,0,0,2.62274,0.0730912,0.36288,3.6288,59.5843,0.600247,0,0,1.06088,0.278792,0,0.66528,12.849,1,0.667767,0.36288,0,43.2246,4.45987,38.4599,0.84672,12.849,0.84672,3695.15,0,18.483,0.186766,1.68549,2.11753,7.61581,1.27909,9.95298,0.42336,0,0,18.483,0.42336,442.007,0,1.02816,0,0,2.71365,1.68549,1.028160,1,0,48.4128,0,0,0,48.4128,0
58.7106,3.13931,0,0,2.66994,0.0724457,0.36288,3.6288,59.7892,0.600672,0,0,1.08467,0.279116,0,0.66528,12.849,1,0.676622,0.36288,0,61.4532,4.45987,56.6796,0.84672,12.849,0.84672,3695.15,0,18.483,0.186328,1.86997,2.11751,8.20316,1.27909,10.7252,0.42336,0,0,18.483,0.42336,442.007,0,1.02816,0,0,2.89813,1.86997,1.028160,1,0,67.4048,0,0,0,67.4048,0
58.1972,3.13073,0,0,3.06893,0.088675,0.36288,3.6288,60.5465,0.60115,0,0,1.62483,0.266388,0,0.66528,12.849,1,0.685171,0.36288,0,144.25,4.45745,139.47,0.84672,12.849,0.84672,3695.15,0,18.483,0.185837,2.91378,2.1175,11.5462,1.25513,15.1365,0.42336,0,0,18.483,0.42336,442.007,0,1.02816,0,0,3.94194,2.91378,1.028160,1,0,154.607,0,0,0,154.607,0
59.845,3.04501,0,0,5.24457,0.188882,0.36288,3.6288,61.308,0.538938,0,0,2.98023,0.188737,1.49105,0.66528,12.849,1,0.672289,0.36288,0,157.491,4.44286,152.739,0.84672,12.849,0.84672,3695.15,0,18.483,0.164521,6.32529,2.11748,25.0682,1.1114,32.235,0.42336,0,0,18.483,0.42336,442.007,0,1.02816,0,0,7.35345,6.32529,1.028160,1,0,186.465,0,0,0,186.465,0
60.7576,3.06023,0,0,4.52758,0.191911,0.36288,3.6288,61.308,0.540498,0,0,2.3451,0.18965,1.61495,0.66528,12.849,1,0.657045,0.36288,0,131.084,4.44286,126.347,0.84672,12.849,0.84672,3695.15,0,18.483,0.162948,4.2419,2.03447,14.7606,1.1114,19.7626,0.42336,0,0,18.483,0.42336,442.007,0,1.02816,0,0,5.27006,4.2419,1.028160,1,0,147.725,0,0,0,147.725,0
60.1563,3.06835,0,0,3.02345,0.193485,0.36288,3.6288,61.308,0.540489,0,0,1.71493,0.18965,0.984789,0.66528,12.849,1,0.648895,0.36288,0,65.7539,4.44286,61.0251,0.84672,12.849,0.84672,3695.15,0,18.483,0.162945,3.11876,2.03446,8.31384,1.1114,12.1927,0.42336,0,0,18.483,0.42336,442.007,0,1.02816,0,0,4.14692,3.11876,1.028160,1,0,74.2026,0,0,0,74.2026,0
60.8069,3.06299,0,0,4.26718,0.19068,0.36288,3.6288,61.308,0.540479,0,0,2.39126,0.214061,1.63672,0.66528,12.849,1,0.654234,0.36288,0,94.8188,4.4278,90.0997,0.84672,12.849,0.84672,3695.15,0,18.483,0.162942,5.06014,2.03444,9.9976,1.14922,15.78,0.42336,0,0,18.483,0.42336,442.007,0,1.02816,0,0,6.0883,5.06014,1.028160,1,0,107.516,0,0,0,107.516,0
61.7738,2.83763,0,0,4.36901,0.201649,0.36288,3.6288,61.308,0.406828,0,0,2.17069,0.169172,1.59469,0.66528,12.849,1,0.599614,0.36288,0,85.6803,3.55681,81.8867,0.84672,12.849,0.84672,3695.15,0,18.483,0.12265,4.624,2.03443,12.9365,0.94926,18.523,0.42336,0,0,18.483,0.42336,442.007,0,1.02816,0,0,5.65216,4.624,1.028160,1,0,102.004,0,0,0,102.004,0
61.7196,2.84538,0,0,3.4099,0.255812,0.36288,3.6288,61.308,0.40682,0,0,1.78534,0.15911,1.21941,0.66528,12.849,1,0.591841,0.36288,0,63.0516,3.53499,59.2877,0.84672,12.849,0.84672,3695.15,0,18.483,0.122647,3.18406,1.84757,9.14354,0.849592,13.2029,0.42336,0,0,18.483,0.42336,442.007,0,1.02816,0,0,4.21222,3.18406,1.028160,1,0,73.71,0,0,0,73.71,0
61.7576,2.84493,0,0,3.50896,0.263169,0.36288,3.6288,61.308,0.406811,0,0,2.41217,0.162463,1.84289,0.66528,12.849,1,0.592267,0.36288,0,65.235,3.55352,61.4521,0.84672,12.849,0.84672,3695.15,0,18.483,0.122644,6.32702,1.84756,13.3993,0.835021,20.6163,0.42336,0,0,18.483,0.42336,442.007,0,1.02816,0,0,7.35518,6.32702,1.028160,1,0,83.9113,0,0,0,83.9113,0
63.6883,2.84521,0,0,5.40207,0.263252,0.36288,3.6288,61.308,0.406802,0,0,2.49639,0.162463,1.92712,0.66528,12.849,1,0.591961,0.36288,0,106.983,3.55352,103.2,0.84672,12.849,0.84672,3695.15,0,18.483,0.122642,6.17032,1.84754,15.5601,0.835021,22.6203,0.42336,0,0,18.483,0.42336,442.007,0,1.02816,0,0,7.19848,6.17032,1.028160,1,0,127.748,0,0,0,127.748,0
75.9113,2.86012,0,0,15.7097,0.263744,0.36288,3.6288,61.308,0.406793,0,0,8.05129,0.203703,7.44079,0.66528,12.849,1,0.577024,0.36288,0,298.144,4.1818,293.748,0.84672,12.849,0.84672,3695.15,0,18.483,0.122639,5.95104,1.84753,35.0432,1.00665,41.7125,0.42336,0,0,18.483,0.42336,442.007,0,1.02816,0,0,6.9792,5.95104,1.028160,1,0,342.901,0,0,0,342.901,0
77.3117,3.03163,0,0,5.18575,0.390798,0.36288,3.6288,61.308,0.445476,0,0,1.63832,0.258689,0.934152,0.66528,12.849,1,0.513145,0.36288,0,99.2771,5.01952,94.1073,0.84672,12.849,0.84672,3695.15,0,18.483,0.134301,2.43873,1.84752,10.2998,1.23548,13.2163,0.42336,0,0,18.483,0.42336,442.007,0,1.02816,0,0,3.46689,2.43873,1.028160,1,0,108.258,0,0,0,108.258,0
76.9403,3.03956,0,0,3.42733,0.396327,0.36288,3.6288,61.308,0.445456,0,0,1.87066,0.258689,1.16652,0.66528,12.849,1,0.505166,0.36288,0,75.5888,5.01952,70.427,0.84672,12.849,0.84672,3695.15,0,18.483,0.134295,2.73016,1.90658,6.33555,1.23548,9.60252,0.42336,0,0,18.483,0.42336,442.007,0,1.02816,0,0,3.75832,2.73016,1.028160,1,0,81.196,0,0,0,81.196,0
85.9513,3.03742,0,0,12.7775,0.366199,0.36288,3.6288,61.308,0.445436,0,0,5.12304,0.246646,4.43096,0.66528,12.849,1,0.507248,0.36288,0,228.962,4.3077,224.51,0.84672,12.849,0.84672,3695.15,0,18.483,0.134289,9.91922,1.90655,27.1825,1.08966,37.7843,0.42336,0,0,18.483,0.42336,442.007,0,1.02816,0,0,10.9474,9.91922,1.028160,1,0,266.725,0,0,0,266.725,0
88.5991,3.08363,0,0,6.48101,0.386697,0.36288,3.6288,61.308,0.445416,0,0,2.99867,0.241828,2.31142,0.66528,12.849,1,0.460977,0.36288,0,121.395,4.02297,117.274,0.84672,12.849,0.84672,3695.15,0,18.483,0.134283,5.07824,1.90652,10.9341,1.03133,16.7532,0.42336,0,0,18.483,0.42336,442.007,0,1.02816,0,0,6.1064,5.07824,1.028160,1,0,136.338,0,0,0,136.338,0
90.0429,3.39755,0,0,5.65185,0.447609,0.36288,3.6288,61.308,0.590652,0,0,1.91175,0.264045,1.05705,0.66528,12.849,1,0.492727,0.36288,0,94.6296,4.16882,90.3309,0.84672,12.849,0.84672,3695.15,0,18.483,0.178069,3.40955,1.90649,10.0866,1.14354,14.081,0.42336,0,0,18.483,0.42336,442.007,0,1.02816,0,0,4.43771,3.40955,1.028160,1,0,105.469,0,0,0,105.469,0
91.4433,3.40441,0,0,5.62101,0.453397,0.36288,3.6288,61.308,0.59063,0,0,2.12134,0.264045,1.26666,0.66528,12.849,1,0.485805,0.36288,0,93.1971,4.16882,88.9054,0.84672,12.849,0.84672,3695.15,0,18.483,0.178062,4.35642,2.11731,10.7931,1.14354,15.9452,0.42336,0,0,18.483,0.42336,442.007,0,1.02816,0,0,5.38458,4.35642,1.028160,1,0,106.117,0,0,0,106.117,0
92.2021,3.41088,0,0,4.99166,0.45901,0.36288,3.6288,61.308,0.590608,0,0,1.61445,0.264045,0.7598,0.66528,12.849,1,0.479274,0.36288,0,100.562,4.16882,96.2766,0.84672,12.849,0.84672,3695.15,0,18.483,0.178055,2.07753,2.11727,9.48041,1.14354,12.3536,0.42336,0,0,18.483,0.42336,442.007,0,1.02816,0,0,3.10569,2.07753,1.028160,1,0,109.39,0,0,0,109.39,0
94.2091,3.41429,0,0,6.35525,0.571119,0.36288,3.6288,61.308,0.590586,0,0,1.79283,0.237966,0.964282,0.66528,12.849,1,0.475804,0.36288,0,96.1874,4.33055,91.7439,0.84672,12.849,0.84672,3695.15,0,18.483,0.178049,2.86646,2.11724,11.1104,1.13903,14.7771,0.42336,0,0,18.483,0.42336,442.007,0,1.02816,0,0,3.89462,2.86646,1.028160,1,0,107.485,0,0,0,107.485,0
94.5134,2.98925,0,0,4.15198,0.495583,0.36288,3.6288,61.308,0.395642,0,0,1.81891,0.187412,1.23586,0.66528,12.849,1,0.407698,0.36288,0,132.568,2.89919,129.624,0.84672,12.849,0.84672,3695.15,0,18.483,0.119277,2.76921,2.11721,9.69745,0.79116,13.6734,0.42336,0,0,18.483,0.42336,442.007,0,1.02816,0,0,3.79737,2.76921,1.028160,1,0,144.533,0,0,0,144.533,0
95.0949,2.99035,0,0,4.43129,0.49654,0.36288,3.6288,61.308,0.395623,0,0,1.46807,0.181643,0.8908,0.66528,12.849,1,0.406536,0.36288,0,99.9588,2.7467,97.1684,0.84672,12.849,0.84672,3695.15,0,18.483,0.119271,2.40643,1.82877,7.59767,0.729872,10.9837,0.42336,0,0,18.483,0.42336,442.007,0,1.02816,0,0,3.43459,2.40643,1.028160,1,0,109.043,0,0,0,109.043,0
95.6239,2.9925,0,0,4.38335,0.498996,0.36288,3.6288,61.308,0.395604,0,0,1.34729,0.181643,0.770041,0.66528,12.849,1,0.404339,0.36288,0,97.4445,2.7467,94.6564,0.84672,12.849,0.84672,3695.15,0,18.483,0.119266,2.14583,1.82874,7.91467,0.729872,11.0401,0.42336,0,0,18.483,0.42336,442.007,0,1.02816,0,0,3.17399,2.14583,1.028160,1,0,106.467,0,0,0,106.467,0
97.506,2.99442,0,0,7.0128,0.50123,1.63502,3.6288,61.308,0.395585,0,0,2.04282,0.181643,1.4656,0.66528,12.849,1,0.402361,1.63502,0,166.654,2.7467,165.14,0.84672,12.849,0.84672,3695.15,0,18.483,0.11926,3.87558,1.82871,12.0398,0.729872,16.8949,0.42336,0,0,18.483,0.42336,442.007,0,1.02816,0,0,4.90374,3.87558,1.028160,1,0,183.501,0,0,0,183.501,0
97.506,3.00123,0,0,7.03833,0.52496,3.51213,3.6288,61.308,0.395566,0,0,2.52276,0.164234,1.96296,0.66528,12.849,1,0.395492,3.51213,0,141.736,2.83189,142.02,0.84672,12.849,0.84672,3695.15,0,18.483,0.119254,4.28649,1.82868,15.7803,0.745165,21.031,0.42336,0,0,18.483,0.42336,442.007,0,1.02816,0,0,5.31465,4.28649,1.028160,1,0,165.014,0,0,0,165.014,0
97.506,3.11084,0,0,5.28477,0.536796,1.63713,3.6288,61.308,0.443228,0,0,2.36243,0.151178,1.76802,0.66528,12.849,1,0.409936,1.63713,0,119.675,2.89579,118.007,0.84672,12.849,0.84672,3695.15,0,18.483,0.133623,3.63615,1.82865,12.0313,0.756635,16.6058,0.42336,0,0,18.483,0.42336,442.007,0,1.02816,0,0,4.66431,3.63615,1.028160,1,0,136.38,0,0,0,136.38,0
97.506,3.11079,0,0,4.0121,0.536796,0.364515,3.6288,61.308,0.443208,0,0,1.92518,0.151178,1.3308,0.66528,12.849,1,0.40993,0.364515,0,81.3853,2.89579,78.4441,0.84672,12.849,0.84672,3695.15,0,18.483,0.133618,2.60277,1.89983,8.68044,0.756635,12.2928,0.42336,0,0,18.483,0.42336,442.007,0,1.02816,0,0,3.63093,2.60277,1.028160,1,0,92.0677,0,0,0,92.0677,0
97.1032,3.11074,0,0,3.60767,0.536796,0.36288,3.6288,61.308,0.443189,0,0,1.73219,0.151178,1.13782,0.66528,12.849,1,0.409923,0.36288,0,67.862,2.89579,64.9192,0.84672,12.849,0.84672,3695.15,0,18.483,0.133612,2.2395,1.8998,7.15376,0.756635,10.4028,0.42336,0,0,18.483,0.42336,442.007,0,1.02816,0,0,3.26766,2.2395,1.028160,1,0,76.4598,0,0,0,76.4598,0
96.6769,3.10919,0,0,3.5295,0.483747,0.36288,3.6288,61.308,0.443169,0,0,1.61121,0.16769,1.00035,0.66528,12.849,1,0.411418,0.36288,0,76.5772,3.08277,73.4459,0.84672,12.849,0.84672,3695.15,0,18.483,0.133606,2.80041,1.89977,7.25017,0.831993,10.9848,0.42336,0,0,18.483,0.42336,442.007,0,1.02816,0,0,3.82857,2.80041,1.028160,1,0,85.431,0,0,0,85.431,0
95.5152,3.06471,0,0,2.71239,0.446558,0.36288,3.6288,61.308,0.424631,0,0,1.10732,0.201931,0.480757,0.66528,12.849,1,0.40732,0.36288,0,56.785,3.98128,52.7593,0.84672,12.849,0.84672,3695.15,0,18.483,0.128017,1.28009,1.89974,5.67433,0.851051,7.87509,0.42336,0,0,18.483,0.42336,442.007,0,1.02816,0,0,2.30825,1.28009,1.028160,1,0,61.1151,0,0,0,61.1151,0
94.1006,3.0603,0,0,2.4508,0.442225,0.36288,3.6288,61.308,0.424612,0,0,1.09186,0.201931,0.465319,0.66528,12.849,1,0.411681,0.36288,0,51.0341,3.98128,47.004,0.84672,12.849,0.84672,3695.15,0,18.483,0.128011,1.28133,1.87199,7.01915,0.851051,9.19341,0.42336,0,0,18.483,0.42336,442.007,0,1.02816,0,0,2.30949,1.28133,1.028160,1,0,56.6627,0,0,0,56.6627,0
93.8236,3.0548,0,0,3.5777,0.43695,0.36288,3.6288,61.308,0.424593,0,0,1.27767,0.201931,0.65115,0.66528,12.849,1,0.417119,0.36288,0,60.153,3.98128,56.1175,0.84672,12.849,0.84672,3695.15,0,18.483,0.128005,1.55355,1.87196,6.32078,0.851051,8.76724,0.42336,0,0,18.483,0.42336,442.007,0,1.02816,0,0,2.58171,1.55355,1.028160,1,0,65.5358,0,0,0,65.5358,0
92.704,3.05367,0,0,2.66941,0.372484,0.36288,3.6288,61.308,0.424573,0,0,1.16868,0.210857,0.533251,0.66528,12.849,1,0.418195,0.36288,0,58.3791,4.25218,54.0716,0.84672,12.849,0.84672,3695.15,0,18.483,0.127999,1.29517,1.87193,5.62861,0.800903,7.86681,0.42336,0,0,18.483,0.42336,442.007,0,1.02816,0,0,2.32333,1.29517,1.028160,1,0,62.4717,0,0,0,62.4717,0
91.5176,3.19383,0,0,2.64918,0.278927,0.36288,3.6288,61.308,0.490219,0,0,1.17117,0.185266,0.495685,0.66528,12.849,1,0.442673,0.36288,0,47.2605,4.05923,43.1215,0.84672,12.849,0.84672,3695.15,0,18.483,0.14779,1.17404,1.8719,4.56407,0.903598,6.55862,0.42336,0,0,18.483,0.42336,442.007,0,1.02816,0,0,2.2022,1.17404,1.028160,1,0,50.1758,0,0,0,50.1758,0
90.0895,3.18875,0,0,2.38894,0.26537,0.36288,3.6288,61.308,0.490198,0,0,1.00503,0.180406,0.334427,0.66528,12.849,1,0.447698,0.36288,0,41.3199,4.009,37.226,0.84672,12.849,0.84672,3695.15,0,18.483,0.147784,0.836706,1.96876,3.82957,0.924057,5.5632,0.42336,0,0,18.483,0.42336,442.007,0,1.02816,0,0,1.86487,0.836706,1.028160,1,0,43.1237,0,0,0,43.1237,0
88.3525,3.18249,0,0,2.07039,0.262063,0.36288,3.6288,61.308,0.490178,0,0,0.922605,0.180406,0.252022,0.66528,12.849,1,0.453901,0.36288,0,38.7752,4.009,34.6752,0.84672,12.849,0.84672,3695.15,0,18.483,0.147778,0.863136,1.96873,3.87607,0.924057,5.6361,0.42336,0,0,18.483,0.42336,442.007,0,1.02816,0,0,1.8913,0.863136,1.028160,1,0,40.5633,0,0,0,40.5633,0
86.4341,3.17464,0,0,1.87715,0.25804,0.36288,3.6288,61.308,0.490157,0,0,0.802466,0.180406,0.131903,0.66528,12.849,1,0.461685,0.36288,0,35.7057,4.009,31.5979,0.84672,12.849,0.84672,3695.15,0,18.483,0.147772,0.659051,1.9687,3.66507,0.924057,5.22099,0.42336,0,0,18.483,0.42336,442.007,0,1.02816,0,0,1.68721,0.659051,1.028160,1,0,36.9508,0,0,0,36.9508,0
84.4008,3.16567,0,0,1.69937,0.204083,0.36288,3.6288,61.308,0.496078,0,0,0.832084,0.233701,0.102305,0.66528,12.849,1,0.470598,0.36288,0,32.4991,4.78123,27.6101,0.84672,12.849,0.84672,3695.15,0,18.483,0.149557,0.30119,1.96867,3.06196,1.1164,4.06587,0.42336,0,0,18.483,0.42336,442.007,0,1.02043,0,0,1.32162,0.30119,1.028160,1,0,31.7783,0,0,0,31.7783,0
82.2706,3.12752,0,0,1.54954,0.189326,0.36288,3.6288,61.1383,0.757095,0,0,0.843774,0.256386,0,0.66528,12.849,1,0.476127,0.36288,0,31.5688,5.01806,26.4375,0.84672,12.849,0.84672,3695.15,0,18.483,0.228247,0.30119,1.96864,2.8666,1.16723,3.74095,0.42336,0,0,18.483,0.42336,442.007,0,0.727661,0,0,1.02885,0.30119,1.028160,1,0,30.1785,0,0,0,30.1785,0
80.0166,3.11681,0,0,1.41127,0.185573,0.36288,3.6288,60.9685,0.744592,0,0,0.830935,0.256111,0,0.66528,12.849,1,0.486782,0.36288,0,30.8349,5.01806,25.693,0.84672,12.849,0.84672,3695.15,0,18.483,0.225101,0.30119,1.99879,2.76512,1.16723,3.67277,0.42336,0,0,18.483,0.42336,442.007,0,0.743282,0,0,1.04447,0.30119,1.028160,1,0,29.3658,0,0,0,29.3658,0
77.6391,3.10494,0,0,1.27191,0.181602,0.36288,3.6288,60.6709,0.815523,0,0,0.773781,0.255836,0,0.66528,12.849,1,0.498589,0.36288,0,28.5793,5.01806,23.4255,0.84672,12.849,0.84672,3695.15,0,18.483,0.247231,0.261274,1.99876,2.63275,1.16723,3.47832,0.42336,0,0,18.483,0.42336,442.007,0,0.650195,0,0,0.911468,0.261274,1.028160,1,0,26.9039,0,0,0,26.9039,0
75.2108,3.09179,0,0,1.17533,0.148986,0.36288,3.6288,60.2454,0.844347,0,0,0.722468,0.303625,0,0.66528,12.849,1,0.511681,0.36288,0,25.5313,5.69088,19.6916,0.84672,12.849,0.84672,3695.15,0,18.483,0.257225,0.261274,1.99873,2.45256,1.40169,3.05364,0.42336,0,0,18.483,0.42336,442.007,0,0.611349,0,0,0.872623,0.261274,1.028160,1,0,22.7452,0,0,0,22.7452,0
72.7491,3.14946,0,0,1.16548,0.114798,0.36288,3.6288,59.8028,0.928095,0,0,0.802924,0.317472,0,0.66528,12.849,1,0.538053,0.36288,0,25.8373,6.04139,19.6208,0.84672,12.849,0.84672,3695.15,0,18.483,0.284735,0.261274,1.99869,2.12185,1.52327,2.57382,0.42336,0,0,18.483,0.42336,442.007,0,0.541918,0,0,0.803192,0.261274,1.028160,1,0,22.1946,0,0,0,22.1946,0
70.2772,3.13393,0,0,1.13684,0.111922,0.36288,3.6288,59.3543,0.871716,0,0,0.739791,0.316577,0,0.66528,12.849,1,0.553518,0.36288,0,25.8042,6.04139,19.5722,0.84672,12.849,0.84672,3695.15,0,18.483,0.269418,0.261274,2.04676,2.27371,1.52327,2.78906,0.42336,0,0,18.483,0.42336,442.007,0,0.613587,0,0,0.87486,0.261274,1.028160,1,0,22.3613,0,0,0,22.3613,0
67.7801,3.11742,0,0,1.06383,0.0806632,0.36288,3.6288,58.8246,0.898782,0,0,0.68478,0.315671,0,0.66528,12.849,1,0.569968,0.36288,0,23.2947,6.04139,17.0463,0.84672,12.849,0.84672,3695.15,0,18.483,0.279882,0.261274,2.04673,2.02926,1.52327,2.53411,0.42336,0,0,18.483,0.42336,442.007,0,0.576029,0,0,0.837302,0.261274,1.028160,1,0,19.5804,0,0,0,19.5804,0
65.215,3.09972,0,0,0.97664,0.0791111,0.36288,3.6288,58.2639,0.92339,0,0,0.677255,0.314601,0,0.66528,12.849,1,0.587611,0.36288,0,21.2942,6.04139,15.0281,0.84672,12.849,0.84672,3695.15,0,18.483,0.290134,0.227405,2.04669,1.98469,1.52327,2.44538,0.42336,0,0,18.483,0.42336,442.007,0,0.54114,0,0,0.768545,0.227405,1.028160,1,0,17.4735,0,0,0,17.4735,0
62.3829,3.28609,0,0,0.895329,0.0785231,0.36288,3.6288,57.4687,1.08884,0,0,0.607439,0.313738,0,0.66528,12.849,1,0.647442,0.36288,0,18.1097,6.30786,11.5173,0.84672,12.849,0.84672,3695.15,0,18.483,0.345413,0.227405,2.04666,2.18455,1.55668,2.55652,0.42336,0,0,18.483,0.42336,442.007,0,0.471446,0,0,0.698851,0.227405,1.028160,1,0,14.0738,0,0,0,14.0738,0
59.5103,3.26166,0,0,0.835453,0.0834787,0.36288,3.6288,56.5894,1.15896,0,0,0.588313,0.308699,0,0.66528,12.849,1,0.671805,0.36288,0,19.3323,6.30976,12.7136,0.84672,12.849,0.84672,3695.15,0,18.483,0.372742,0.227405,2.20949,1.79124,1.54913,2.30626,0.42336,0,0,18.483,0.42336,442.007,0,0.373971,0,0,0.601376,0.227405,1.028160,1,0,15.0198,0,0,0,15.0198,0
56.4934,3.23494,0,0,0.66242,0.0814333,0.36288,3.6288,55.4566,1.26742,0,0,0.441577,0.306941,0,0.66528,12.849,1,0.698464,0.36288,0,21.2277,6.30976,14.5824,0.84672,12.849,0.84672,3695.15,0,18.483,0.413961,0.227405,2.20945,1.43824,1.54913,1.912,0.42336,0,0,18.483,0.42336,442.007,0,0.224257,0,0,0.451662,0.227405,1.028160,1,0,16.4944,0,0,0,16.4944,0
53.6521,3.2045,0,0,0.805162,0.0790728,0.36288,3.6288,54.8409,1.02093,0,0,0.70993,0.304675,0,0.66528,12.849,1,0.72884,0.36288,0,18.5039,6.30976,11.8282,0.84672,12.849,0.84672,3695.15,0,18.483,0.340263,0.204422,2.20942,2.07231,1.54913,2.59676,0.42336,0,0,18.483,0.42336,442.007,0,0.544418,0,0,0.748841,0.204422,1.028160,1,0,14.425,0,0,0,14.425,0
50.7222,3.17331,0,0,0.668909,0.062692,0.36288,3.6288,53.6905,1.25261,0,0,0.429387,0.327173,0,0.66528,12.849,1,0.759968,0.36288,0,16.3375,6.41742,9.52304,0.84672,12.849,0.84672,3695.15,0,18.483,0.422167,0.204422,2.20938,1.76136,1.56146,2.19154,0.42336,0,0,18.483,0.42336,442.007,0,0.230803,0,0,0.435225,0.204422,1.028160,1,0,11.7146,0,0,0,11.7146,0
47.8516,3.04248,0,0,0.650825,0.116059,0.36288,3.6288,52.4037,1.30624,0,0,0.328958,0.30953,0,0.66528,12.849,1,0.770726,0.36288,0,12.9473,5.40212,7.13734,0.84672,12.849,0.84672,3695.15,0,18.483,0.449674,0.204422,2.20935,1.36561,1.3409,1.98881,0.42336,0,0,18.483,0.42336,442.007,0,0.0579511,0,0,0.262373,0.204422,1.028160,1,0,9.12615,0,0,0,9.12615,0
45.0642,3.00599,0,0,0.740802,0.159307,0.36288,3.6288,51.362,1.22889,0,0,0.475694,0.288526,0,0.66528,12.849,1,0.807161,0.36288,0,12.7537,4.87998,7.42942,0.84672,12.849,0.84672,3695.15,0,18.483,0.433435,0.204422,2.11599,1.90559,1.24418,2.54839,0.42336,0,0,18.483,0.42336,442.007,0,0.151509,0,0,0.355932,0.204422,1.028160,1,0,9.9778,0,0,0,9.9778,0
42.285,2.96709,0,0,0.70518,0.154454,0.36288,3.6288,50.2911,1.2476,0,0,0.462853,0.28611,0,0.66528,12.849,1,0.845997,0.36288,0,16.2347,4.87998,10.8716,0.84672,12.849,0.84672,3695.15,0,18.483,0.448958,0.216518,2.11595,1.8866,1.24418,2.52594,0.42336,0,0,18.483,0.42336,442.007,0,0.117252,0,0,0.33377,0.216518,1.028160,1,0,13.3976,0,0,0,13.3976,0
39.6407,2.9244,0,0,0.792668,0.149614,0.36288,3.6288,49.4298,1.18557,0,0,0.607821,0.283627,0,0.66528,12.849,1,0.888628,0.36288,0,32.1917,4.87998,26.786,0.84672,12.849,0.84672,3695.15,0,18.483,0.435721,0.216518,2.11592,2.50575,1.24418,3.15829,0.42336,0,0,18.483,0.42336,442.007,0,0.192489,0,0,0.409007,0.216518,1.028160,1,0,29.9443,0,0,0,29.9443,0
37.2008,2.8052,0,0,0.904945,0.176791,0.36288,3.6288,48.536,0.992067,0,0,0.347052,0.248754,0,0.66528,12.849,1,0.909268,0.36288,0,19.9897,5.06614,14.3771,0.84672,12.849,0.84672,3695.15,0,18.483,0.370958,0.216518,2.11589,1.54824,1.21157,2.29812,0.42336,0,0,18.483,0.42336,442.007,0,0.367275,0,0,0.583794,0.216518,1.028160,1,0,16.6753,0,0,0,16.6753,0
35.1385,2.76083,0,0,1.23325,0.171837,0.36288,3.6288,47.8655,0.878582,0,0,0.45501,0.246923,0,0.66528,12.849,1,0.953579,0.36288,0,30.9586,5.06614,25.3017,0.84672,12.849,0.84672,3695.15,0,18.483,0.334573,0.216518,2.03292,3.07059,1.21157,3.77388,0.42336,0,0,18.483,0.42336,442.007,0,0.517118,0,0,0.733636,0.216518,1.028160,1,0,29.0756,0,0,0,29.0756,0
33.8021,2.71981,0,0,1.94213,0.195842,0.36288,3.6288,47.5367,0.745754,0,0,0.651523,0.234557,0,0.66528,12.849,1,0.994544,0.36288,0,43.7381,4.7087,38.3977,0.84672,12.849,0.84672,3695.15,0,18.483,0.287969,0.216518,2.03289,2.85435,1.15966,3.65613,0.42336,0,0,18.483,0.42336,442.007,0,0.696522,0,0,0.913041,0.216518,1.028160,1,0,42.0539,0,0,0,42.0539,0
