0volume,0demand,0up_spill,0ww_inflow,0catch_inflow,0evap,0ds_spill,0treat_cap,1volume,1demand,1up_spill,1ww_inflow,1catch_inflow,1evap,1ds_spill,1treat_cap,2volume,2s_area,2demand,2up_spill,2ww_inflow,2catch_inflow,2evap,2ds_spill,2treat_cap,2valloc_0,2talloc_0,2valloc_1,2talloc_1,3volume,3demand,3up_spill,3ww_inflow,3catch_inflow,3evap,3ds_spill,3treat_cap,3valloc_0,3talloc_0,3valloc_1,3talloc_1,3valloc_2,3talloc_2,4demand,4up_spill,4ww_inflow,4catch_inflow,4ds_spill,4treat_cap,11volume,11s_area,11demand,11up_spill,11ww_inflow,11catch_inflow,11evap,11ds_spill,11treat_cap
72.29,0.641475,0,0,2.71607,0.286047,1.78855,3.6288,61.308,0,0,0,0.95326,0.211449,0.741811,0.66528,12.849,1,0.114017,1.78855,0,49.6453,3.58134,47.7385,0.84672,12.849,0.84672,3695.15,0,18.483,0.42336,1.53752,0,5.50427,0.773535,5.8449,0.42336,0,0,18.483,0.42336,442.007,0,1.69344,0,0,3.23096,1.53752,1.028160,1,0,54.3252,0,0,0,54.3252,0
72.29,1.59367,0,0,3.62336,0.286047,1.74364,3.6288,61.308,0.52758,0,0,1.37532,0.211449,0.636295,0.66528,12.849,1,0.283263,1.74364,0,68.3875,3.58134,66.2665,0.84672,12.849,0.84672,3695.15,0,18.483,0.159054,3.45507,1.77702,7.00157,0.773535,11.3011,0.42336,0,0,18.483,0.42336,442.007,0,1.02816,0,0,4.48323,3.45507,1.028160,1,0,78.2039,0,0,0,78.2039,0
72.29,1.59507,0,0,4.75306,0.286047,2.87195,3.6288,61.308,0.52758,0,0,1.63165,0.211449,0.892617,0.66528,12.849,1,0.283511,2.87195,0,117.782,3.58134,116.789,0.84672,12.849,0.84672,3695.15,0,18.483,0.159054,4.75673,1.67659,8.76755,0.773535,14.2683,0.42336,0,0,18.483,0.42336,442.007,0,1.02816,0,0,5.78489,4.75673,1.028160,1,0,131.95,0,0,0,131.95,0
72.29,1.59647,0,0,3.18727,0.286047,1.30476,3.6288,61.308,0.52758,0,0,0.993851,0.211449,0.254821,0.66528,12.849,1,0.28376,1.30476,0,92.3011,3.58134,89.7408,0.84672,12.849,0.84672,3695.15,0,18.483,0.159054,2.55992,1.6769,6.15417,0.773535,9.45839,0.42336,0,0,18.483,0.42336,442.007,0,1.02816,0,0,3.58808,2.55992,1.028160,1,0,99.454,0,0,0,99.454,0
72.29,1.80278,0,0,3.97191,0.314248,1.85488,3.6288,61.308,0.628978,0,0,1.07342,0.266988,0.177451,0.66528,12.849,1,0.320431,1.85488,0,85.0081,4.31422,82.2283,0.84672,12.849,0.84672,3695.15,0,18.483,0.189623,2.79212,1.6772,5.83626,1.20115,8.91481,0.42336,0,0,18.483,0.42336,442.007,0,1.02816,0,0,3.82028,2.79212,1.028160,1,0,91.3206,0,0,0,91.3206,0
72.29,1.91632,0,0,3.73502,0.304298,1.5144,3.6288,61.308,0.527627,0,0,1.06412,0.256766,0.279727,0.66528,12.849,1,0.340612,1.5144,0,81.2998,4.00544,78.4682,0.84672,12.849,0.84672,3695.15,0,18.483,0.159068,2.81306,1.8247,4.47181,1.13642,7.81409,0.42336,0,0,18.483,0.42336,442.007,0,1.02816,0,0,3.84122,2.81306,1.028160,1,0,86.562,0,0,0,86.562,0
72.29,1.91787,0,0,4.30243,0.304298,2.08026,3.6288,61.308,0.527627,0,0,1.16899,0.256766,0.384599,0.66528,12.849,1,0.340887,2.08026,0,84.2754,4.00544,82.0094,0.84672,12.849,0.84672,3695.15,0,18.483,0.159068,3.36665,1.74785,6.33233,1.13642,10.1513,0.42336,0,0,18.483,0.42336,442.007,0,1.02816,0,0,4.39481,3.36665,1.028160,1,0,92.5453,0,0,0,92.5453,0
72.29,1.91941,0,0,4.99665,0.32267,2.75457,3.6288,61.308,0.527627,0,0,1.29438,0.217289,0.549469,0.66528,12.849,1,0.341161,2.75457,0,107.494,3.32931,106.578,0.84672,12.849,0.84672,3695.15,0,18.483,0.159068,3.42814,1.74819,7.63894,0.997832,11.6584,0.42336,0,0,18.483,0.42336,442.007,0,1.02816,0,0,4.4563,3.42814,1.028160,1,0,118.786,0,0,0,118.786,0
72.29,1.62815,0,0,4.32575,0.343667,2.35394,3.6288,61.308,0.391302,0,0,1.1109,0.202517,0.517078,0.66528,12.849,1,0.289391,2.35394,0,88.058,2.96418,87.1584,0.84672,12.849,0.84672,3695.15,0,18.483,0.117969,3.40813,1.74853,8.39645,0.889904,12.5452,0.42336,0,0,18.483,0.42336,442.007,0,1.02816,0,0,4.43629,3.40813,1.028160,1,0,100.221,0,0,0,100.221,0
72.29,1.47891,0,0,7.32876,0.353903,5.49594,3.6288,61.308,0.527565,0,0,2.20927,0.203281,1.47842,0.66528,12.849,1,0.262866,5.49594,0,105.306,2.89317,107.646,0.84672,12.849,0.84672,3695.15,0,18.483,0.159049,6.66055,1.54717,12.0558,0.850535,19.254,0.42336,0,0,18.483,0.42336,442.007,0,1.02816,0,0,7.68871,6.66055,1.028160,1,0,128.378,0,0,0,128.378,0
72.29,1.48026,0,0,3.8949,0.353903,2.06074,3.6288,61.308,0.527565,0,0,0.972121,0.203281,0.241275,0.66528,12.849,1,0.263105,2.06074,0,133.231,2.89317,132.135,0.84672,12.849,0.84672,3695.15,0,18.483,0.159049,2.2714,1.65124,6.24974,0.850535,9.1628,0.42336,0,0,18.483,0.42336,442.007,0,1.02816,0,0,3.29956,2.2714,1.028160,1,0,141.539,0,0,0,141.539,0
72.29,1.4816,0,0,3.23997,0.288943,1.46943,3.6288,61.308,0.527565,0,0,0.74685,0.202524,0.0167614,0.66528,12.849,1,0.263343,1.46943,0,94.1803,3.32752,92.0589,0.84672,12.849,0.84672,3695.15,0,18.483,0.159049,1.81471,1.65154,4.6413,0.971652,6.97685,0.42336,0,0,18.483,0.42336,442.007,0,1.02816,0,0,2.84287,1.81471,1.028160,1,0,99.0525,0,0,0,99.0525,0
72.29,1.48295,0,0,3.7148,0.311972,1.91989,3.6288,61.308,0.527565,0,0,1.39316,0.24734,0.618254,0.66528,12.849,1,0.263582,1.91989,0,77.4058,4.53282,74.5292,0.84672,12.849,0.84672,3695.15,0,18.483,0.159049,3.03461,1.65184,7.14342,1.2138,10.457,0.42336,0,0,18.483,0.42336,442.007,0,1.02816,0,0,4.06277,3.03461,1.028160,1,0,85.6045,0,0,0,85.6045,0
72.29,1.55816,0,0,5.69818,0.335449,3.80457,3.6288,61.308,0.560992,0,0,1.53499,0.185387,0.788609,0.66528,12.849,1,0.276952,3.80457,0,133.714,3.40683,133.834,0.84672,12.849,0.84672,3695.15,0,18.483,0.169127,2.65949,1.65213,7.41394,0.99633,10.5601,0.42336,0,0,18.483,0.42336,442.007,0,1.02816,0,0,3.68765,2.65949,1.028160,1,0,145.183,0,0,0,145.183,0
72.29,1.59648,0,0,4.8613,0.335449,2.92937,3.6288,61.308,0.527581,0,0,1.32173,0.185387,0.608762,0.66528,12.849,1,0.283762,2.92937,0,95.5895,3.40683,94.8283,0.84672,12.849,0.84672,3695.15,0,18.483,0.159054,3.61958,1.70235,8.03575,0.99633,12.2023,0.42336,0,0,18.483,0.42336,442.007,0,1.02816,0,0,4.64774,3.61958,1.028160,1,0,107.639,0,0,0,107.639,0
72.29,1.59788,0,0,3.68241,0.335449,1.74908,3.6288,61.308,0.527581,0,0,0.855593,0.185387,0.142626,0.66528,12.849,1,0.284011,1.74908,0,87.2407,3.40683,85.2989,0.84672,12.849,0.84672,3695.15,0,18.483,0.159054,2.10513,1.67721,5.88205,0.99633,8.509,0.42336,0,0,18.483,0.42336,442.007,0,1.02816,0,0,3.13329,2.10513,1.028160,1,0,93.9505,0,0,0,93.9505,0
72.29,1.59927,0,0,3.54988,0.2382,1.71241,3.6288,61.308,0.527581,0,0,1.20392,0.244656,0.431686,0.66528,12.849,1,0.284259,1.71241,0,70.0004,4.44349,66.9851,0.84672,12.849,0.84672,3695.15,0,18.483,0.159054,2.50401,1.67752,5.93317,1.19239,8.76325,0.42336,0,0,18.483,0.42336,442.007,0,1.02816,0,0,3.53217,2.50401,1.028160,1,0,76.18,0,0,0,76.18,0
72.29,1.57173,0,0,3.30624,0.263936,1.47057,3.6288,61.308,0.514575,0,0,1.01756,0.250197,0.252787,0.66528,12.849,1,0.279364,1.47057,0,72.9665,4.61377,69.544,0.84672,12.849,0.84672,3695.15,0,18.483,0.155133,1.86958,1.67782,6.00884,1.16635,8.23477,0.42336,0,0,18.483,0.42336,442.007,0,1.02816,0,0,2.89774,1.86958,1.028160,1,0,78.0315,0,0,0,78.0315,0
72.29,1.55874,0,0,2.98952,0.268226,1.16255,3.6288,61.308,0.527575,0,0,0.912082,0.251121,0.133386,0.66528,12.849,1,0.277055,1.16255,0,62.6718,4.64216,58.9151,0.84672,12.849,0.84672,3695.15,0,18.483,0.159052,1.40003,1.65867,5.14502,1.16201,6.88265,0.42336,0,0,18.483,0.42336,442.007,0,1.02816,0,0,2.42819,1.40003,1.028160,1,0,65.9312,0,0,0,65.9312,0
72.29,1.56012,0,0,2.74086,0.255263,0.925473,3.6288,61.308,0.527575,0,0,0.825241,0.234054,0.0636113,0.66528,12.849,1,0.2773,0.925473,0,57.5015,4.28828,53.8614,0.84672,12.849,0.84672,3695.15,0,18.483,0.159052,1.22391,1.66887,4.80807,1.07226,6.46954,0.42336,0,0,18.483,0.42336,442.007,0,1.02816,0,0,2.25207,1.22391,1.028160,1,0,60.3946,0,0,0,60.3946,0
72.29,1.5615,0,0,2.58205,0.23798,0.782567,3.6288,61.308,0.527576,0,0,0.788953,0.211299,0.0500784,0.66528,12.849,1,0.277545,0.782567,0,53.8431,3.81644,50.5317,0.84672,12.849,0.84672,3695.15,0,18.483,0.159052,1.33275,1.66918,4.51341,0.952586,6.4037,0.42336,0,0,18.483,0.42336,442.007,0,1.02816,0,0,2.36091,1.33275,1.028160,1,0,56.9855,0,0,0,56.9855,0
72.29,1.66128,0,0,2.41176,0.222897,0.527583,3.6288,61.308,0.573784,0,0,0.834486,0.224802,0.0358996,0.66528,12.849,1,0.29528,0.527583,0,46.1097,3.99747,42.3445,0.84672,12.849,0.84672,3695.15,0,18.483,0.172983,1.2907,1.66948,4.54467,1.02328,6.30859,0.42336,0,0,18.483,0.42336,442.007,0,1.02816,0,0,2.31886,1.2907,1.028160,1,0,48.689,0,0,0,48.689,0
72.0332,1.71377,0,0,1.98717,0.167268,0.36288,3.6288,61.2019,0.527597,0,0,0.672667,0.251137,0,0.66528,12.849,1,0.304609,0.36288,0,36.9929,4.49169,32.5595,0.84672,12.849,0.84672,3695.15,0,18.483,0.159059,0.597551,1.73797,3.34874,1.07072,4.45448,0.42336,0,0,18.483,0.42336,442.007,0,1.02816,0,0,1.62571,0.597551,1.028160,1,0,37.014,0,0,0,37.014,0
71.7522,1.71429,0,0,1.96307,0.166942,0.36288,3.6288,61.149,0.527385,0,0,0.72538,0.250968,0,0.66528,12.849,1,0.305789,0.36288,0,35.8905,4.49169,31.4559,0.84672,12.849,0.84672,3695.15,0,18.483,0.15927,0.567786,1.70311,3.62846,1.07072,4.66937,0.42336,0,0,18.483,0.42336,442.007,0,1.02816,0,0,1.59595,0.567786,1.028160,1,0,36.1252,0,0,0,36.1252,0
71.3473,1.71472,0,0,1.83924,0.166585,0.36288,3.6288,61.0515,0.527279,0,0,0.680659,0.250884,0,0.66528,12.849,1,0.307063,0.36288,0,33.487,4.49169,29.0511,0.84672,12.849,0.84672,3695.15,0,18.483,0.159376,0.516352,1.70343,3.24441,1.07072,4.23409,0.42336,0,0,18.483,0.42336,442.007,0,1.02816,0,0,1.54451,0.516352,1.028160,1,0,33.2852,0,0,0,33.2852,0
70.843,1.71469,0,0,1.72492,0.151618,0.36288,3.6288,60.9152,0.527084,0,0,0.646307,0.255499,0,0.66528,12.849,1,0.308801,0.36288,0,31.4783,4.69683,26.8355,0.84672,12.849,0.84672,3695.15,0,18.483,0.159572,0.50214,1.70375,3.28242,1.09808,4.23066,0.42336,0,0,18.483,0.42336,442.007,0,1.02816,0,0,1.5303,0.50214,1.028160,1,0,31.0662,0,0,0,31.0662,0
70.281,1.69483,0,0,1.62915,0.13344,0.36288,3.6288,60.7876,0.552227,0,0,0.649771,0.225082,0,0.66528,12.849,1,0.307396,0.36288,0,32.0902,4.56445,27.5812,0.84672,12.849,0.84672,3695.15,0,18.483,0.167558,1.16254,1.70407,3.87996,1.06871,5.5103,0.42336,0,0,18.483,0.42336,442.007,0,1.02816,0,0,2.1907,1.16254,1.028160,1,0,33.0915,0,0,0,33.0915,0
69.5388,1.72219,0,0,1.47578,0.132865,0.36288,3.6288,60.6571,0.526565,0,0,0.620903,0.2249,0,0.66528,12.849,1,0.314857,0.36288,0,31.5364,4.56445,27.02,0.84672,12.849,0.84672,3695.15,0,18.483,0.160107,1.05367,1.72568,3.66542,1.06871,5.21594,0.42336,0,0,18.483,0.42336,442.007,0,1.02816,0,0,2.08183,1.05367,1.028160,1,0,32.2359,0,0,0,32.2359,0
68.6714,1.7208,0,0,1.3437,0.127444,0.36288,3.6288,60.4823,0.526301,0,0,0.587206,0.235638,0,0.66528,12.849,1,0.31796,0.36288,0,27.7614,4.7056,23.1008,0.84672,12.849,0.84672,3695.15,0,18.483,0.160371,0.854816,1.70662,3.55758,1.12023,4.83841,0.42336,0,0,18.483,0.42336,442.007,0,1.02816,0,0,1.88298,0.854816,1.028160,1,0,27.9392,0,0,0,27.9392,0
67.7665,1.71886,0,0,1.2757,0.0988101,0.36288,3.6288,60.2056,0.525946,0,0,0.55006,0.300847,0,0.66528,12.849,1,0.321613,0.36288,0,25.0388,5.5525,19.5276,0.84672,12.849,0.84672,3695.15,0,18.483,0.160726,0.880606,1.70694,3.3924,1.42937,4.38986,0.42336,0,0,18.483,0.42336,442.007,0,1.02816,0,0,1.90877,0.880606,1.028160,1,0,23.9174,0,0,0,23.9174,0
66.7975,1.76665,0,0,1.24936,0.0888691,0.36288,3.6288,60.0443,0.548012,0,0,0.693031,0.306359,0,0.66528,12.849,1,0.334969,0.36288,0,22.6097,5.91528,16.7223,0.84672,12.849,0.84672,3695.15,0,18.483,0.168239,0.782257,1.70726,3.02806,1.49137,3.85797,0.42336,0,0,18.483,0.42336,442.007,0,1.02816,0,0,1.81042,0.782257,1.028160,1,0,20.5803,0,0,0,20.5803,0
65.8187,1.78884,0,0,1.25743,0.0845232,0.36288,3.6288,59.8767,0.52506,0,0,0.665937,0.308458,0,0.66528,12.849,1,0.344097,0.36288,0,28.967,6.06039,22.9254,0.84672,12.849,0.84672,3695.15,0,18.483,0.161625,0.852483,1.74157,3.11481,1.51618,4.03107,0.42336,0,0,18.483,0.42336,442.007,0,1.02816,0,0,1.88064,0.852483,1.028160,1,0,26.9564,0,0,0,26.9564,0
64.7633,1.78603,0,0,1.17742,0.0838682,0.36288,3.6288,59.6631,0.524714,0,0,0.6193,0.308128,0,0.66528,12.849,1,0.348664,0.36288,0,23.2577,6.06039,17.2115,0.84672,12.849,0.84672,3695.15,0,18.483,0.161971,0.81762,1.7246,2.80776,1.51618,3.67183,0.42336,0,0,18.483,0.42336,442.007,0,1.02816,0,0,1.84578,0.81762,1.028160,1,0,20.8833,0,0,0,20.8833,0
63.6066,1.78275,0,0,1.072,0.0831619,0.36288,3.6288,59.4191,0.524272,0,0,0.587942,0.307709,0,0.66528,12.849,1,0.353696,0.36288,0,21.1963,6.06039,15.145,0.84672,12.849,0.84672,3695.15,0,18.483,0.162414,0.533581,1.72493,2.619,1.51618,3.19892,0.42336,0,0,18.483,0.42336,442.007,0,1.02816,0,0,1.56174,0.533581,1.028160,1,0,18.344,0,0,0,18.344,0
62.5061,1.92391,0,0,1.25528,0.0689884,0.36288,3.6288,59.2401,0.605346,0,0,0.73529,0.308952,0,0.66528,12.849,1,0.388644,0.36288,0,22.3573,6.40378,15.9277,0.84672,12.849,0.84672,3695.15,0,18.483,0.1883,1.26986,1.72526,4.10256,1.57169,5.33769,0.42336,0,0,18.483,0.42336,442.007,0,1.02816,0,0,2.29802,1.26986,1.028160,1,0,21.2654,0,0,0,21.2654,0
61.4031,2.00848,0,0,1.32777,0.0593654,0.36288,3.6288,59.1617,0.523425,0,0,0.764113,0.319119,0,0.66528,12.849,1,0.412871,0.36288,0,23.9916,6.8838,17.0578,0.84672,12.849,0.84672,3695.15,0,18.483,0.163309,1.42094,1.8409,4.00473,1.61978,5.48349,0.42336,0,0,18.483,0.42336,442.007,0,1.02816,0,0,2.4491,1.42094,1.028160,1,0,22.5413,0,0,0,22.5413,0
60.0709,2.0039,0,0,1.0934,0.0588287,0.36288,3.6288,58.9845,0.52326,0,0,0.665049,0.318959,0,0.66528,12.849,1,0.41933,0.36288,0,29.7844,6.8838,22.8442,0.84672,12.849,0.84672,3695.15,0,18.483,0.163474,1.13587,1.77869,3.57282,1.61978,4.70413,0.42336,0,0,18.483,0.42336,442.007,0,1.02816,0,0,2.16403,1.13587,1.028160,1,0,27.5483,0,0,0,27.5483,0
58.8616,1.9978,0,0,1.20957,0.058164,0.36288,3.6288,59.0566,0.522887,0,0,0.913582,0.318597,0,0.66528,12.849,1,0.427323,0.36288,0,25.536,6.8838,18.5878,0.84672,12.849,0.84672,3695.15,0,18.483,0.163848,1.80472,1.77904,4.26961,1.61978,6.06975,0.42336,0,0,18.483,0.42336,442.007,0,1.02816,0,0,2.83288,1.80472,1.028160,1,0,24.6575,0,0,0,24.6575,0
57.5702,1.99214,0,0,1.12341,0.0597664,0.36288,3.6288,58.9627,0.523039,0,0,0.734296,0.305151,0,0.66528,12.849,1,0.434867,0.36288,0,24.4991,6.51411,17.913,0.84672,12.849,0.84672,3695.15,0,18.483,0.163696,1.58031,1.77939,4.85087,1.47587,6.57101,0.42336,0,0,18.483,0.42336,442.007,0,1.02816,0,0,2.60847,1.58031,1.028160,1,0,24.484,0,0,0,24.484,0
55.9091,1.91607,0,0,0.708506,0.0906749,0.36288,3.6288,58.4171,0.601881,0,0,0.352255,0.296,0,0.66528,12.849,1,0.427645,0.36288,0,13.4588,6.17116,7.22286,0.84672,12.849,0.84672,3695.15,0,18.483,0.188671,0.204422,1.77975,3.80109,1.50892,4.08767,0.42336,0,0,18.483,0.42336,442.007,0,0.859274,0,0,1.0637,0.204422,1.028160,1,0,11.3105,0,0,0,11.3105,0
54.3487,1.85433,0,0,0.798034,0.14128,0.36288,3.6288,57.7564,0.738358,0,0,0.332,0.254316,0,0.66528,12.849,1,0.426162,0.36288,0,10.7835,5.83987,4.88034,0.84672,12.849,0.84672,3695.15,0,18.483,0.233614,0.216518,1.71387,3.04059,1.39513,3.34223,0.42336,0,0,18.483,0.42336,442.007,0,0.742893,0,0,0.959412,0.216518,1.028160,1,0,8.22257,0,0,0,8.22257,0
53.061,1.84591,0,0,1.06872,0.147631,0.36288,3.6288,57.398,0.520225,0,0,0.408301,0.246488,0,0.66528,12.849,1,0.436406,0.36288,0,14.3088,5.78466,8.4506,0.84672,12.849,0.84672,3695.15,0,18.483,0.166481,0.241972,1.75227,3.73719,1.37617,4.18878,0.42336,0,0,18.483,0.42336,442.007,0,1.02816,0,0,1.27013,0.241972,1.028160,1,0,12.6394,0,0,0,12.6394,0
52.0597,1.83885,0,0,1.34613,0.14571,0.36288,3.6288,57.2448,0.519439,0,0,0.612147,0.245917,0,0.66528,12.849,1,0.445286,0.36288,0,29.1231,5.78466,23.256,0.84672,12.849,0.84672,3695.15,0,18.483,0.167267,0.877496,1.75261,5.16213,1.37617,6.2488,0.42336,0,0,18.483,0.42336,442.007,0,1.02816,0,0,1.90566,0.877496,1.028160,1,0,29.5048,0,0,0,29.5048,0
50.9491,1.77726,0,0,1.15644,0.126841,0.36288,3.6288,57.0091,0.494115,0,0,0.48874,0.230265,0,0.66528,12.849,1,0.438652,0.36288,0,21.1932,5.01414,16.1033,0.84672,12.849,0.84672,3695.15,0,18.483,0.159538,0.216518,1.75295,3.84038,1.13692,4.5134,0.42336,0,0,18.483,0.42336,442.007,0,1.00188,0,0,1.2184,0.216518,1.028160,1,0,20.6167,0,0,0,20.6167,0
50.4835,1.72367,0,0,1.79712,0.17617,0.36288,3.6288,56.7096,0.614346,0,0,0.525227,0.210425,0,0.66528,12.849,1,0.434697,0.36288,0,29.5142,4.51413,24.9283,0.84672,12.849,0.84672,3695.15,0,18.483,0.199178,0.216518,1.69432,5.54869,1.05669,6.20366,0.42336,0,0,18.483,0.42336,442.007,0,0.901316,0,0,1.11783,0.216518,1.028160,1,0,31.132,0,0,0,31.132,0
49.7772,1.72188,0,0,1.60126,0.222829,0.36288,3.6288,55.965,0.899334,0,0,0.358794,0.204065,0,0.66528,12.849,1,0.43825,0.36288,0,25.9756,4.57254,21.3276,0.84672,12.849,0.84672,3695.15,0,18.483,0.293114,0.292723,1.72936,4.63673,1.13109,5.23461,0.42336,0,0,18.483,0.42336,442.007,0,0.522392,0,0,0.815115,0.292723,1.028160,1,0,26.5623,0,0,0,26.5623,0
49.5872,1.71833,0,0,2.11243,0.221173,0.36288,3.6288,56.0622,0.5162,0,0,0.816446,0.203075,0,0.66528,12.849,1,0.443554,0.36288,0,34.7531,4.57254,30.0999,0.84672,12.849,0.84672,3695.15,0,18.483,0.17048,1.05019,1.72969,8.24172,1.13109,9.72003,0.42336,0,0,18.483,0.42336,442.007,0,1.02816,0,0,2.07835,1.05019,1.028160,1,0,39.8199,0,0,0,39.8199,0
52.8094,1.56012,0,0,5.36701,0.22181,0.36288,3.6288,57.3534,0.423313,0,0,1.92042,0.205876,0,0.66528,12.849,1,0.404257,0.36288,0,103.305,4.39446,98.8688,0.84672,12.849,0.84672,3695.15,0,18.483,0.139561,3.11299,1.73002,13.4176,1.08893,17.0321,0.42336,0,0,18.483,0.42336,442.007,0,1.02816,0,0,4.14115,3.11299,1.028160,1,0,115.901,0,0,0,115.901,0
54.0324,1.48173,0,0,3.29973,0.232198,0.36288,3.6288,58.1457,0.519278,0,0,1.52589,0.214351,0,0.66528,12.849,1,0.360517,0.36288,0,63.5892,3.94926,59.6423,0.84672,12.849,0.84672,3695.15,0,18.483,0.167345,1.73437,1.59736,7.04946,0.983533,9.23031,0.42336,0,0,18.483,0.42336,442.007,0,1.02816,0,0,2.76253,1.73437,1.028160,1,0,68.8726,0,0,0,68.8726,0
54.8105,1.48962,0,0,2.86577,0.235114,0.36288,3.6288,58.8975,0.521009,0,0,1.48832,0.215452,0,0.66528,12.849,1,0.354236,0.36288,0,53.4693,3.94926,49.5287,0.84672,12.849,0.84672,3695.15,0,18.483,0.165615,1.61408,1.67008,6.88349,0.983533,9.0185,0.42336,0,0,18.483,0.42336,442.007,0,1.02816,0,0,2.64224,1.61408,1.028160,1,0,58.5472,0,0,0,58.5472,0
56.665,1.49501,0,0,3.94854,0.236161,0.36288,3.6288,59.5634,0.522618,0,0,1.4156,0.227106,0,0.66528,12.849,1,0.350469,0.36288,0,54.8208,4.28001,50.5532,0.84672,12.849,0.84672,3695.15,0,18.483,0.164006,1.72138,1.67038,6.78665,1.08621,8.9282,0.42336,0,0,18.483,0.42336,442.007,0,1.02816,0,0,2.74954,1.72138,1.028160,1,0,59.4814,0,0,0,59.4814,0
59.1923,1.50568,0,0,4.63438,0.238508,0.36288,3.6288,60.5197,0.524017,0,0,1.73506,0.254713,0,0.66528,12.849,1,0.341418,0.36288,0,68.8392,5.10688,63.7538,0.84672,12.849,0.84672,3695.15,0,18.483,0.162607,2.58829,1.67068,8.75819,1.34291,11.5117,0.42336,0,0,18.483,0.42336,442.007,0,1.02816,0,0,3.61645,2.58829,1.028160,1,0,75.2654,0,0,0,75.2654,0
61.4443,1.58208,0,0,4.43891,0.241949,0.36288,3.6288,61.1141,0.553502,0,0,1.38311,0.235271,0,0.66528,12.849,1,0.343426,0.36288,0,118.999,5.02895,113.989,0.84672,12.849,0.84672,3695.15,0,18.483,0.169042,2.40366,1.67099,10.1413,1.15928,12.8876,0.42336,0,0,18.483,0.42336,442.007,0,1.02816,0,0,3.43182,2.40366,1.028160,1,0,126.877,0,0,0,126.877,0
62.3996,1.62354,0,0,3.18942,0.247751,0.36288,3.6288,61.308,0.527186,0,0,1.01843,0.230894,0.0664176,0.66528,12.849,1,0.339508,0.36288,0,78.5922,4.92004,73.6955,0.84672,12.849,0.84672,3695.15,0,18.483,0.159439,1.69745,1.71343,6.96521,1.10286,9.1138,0.42336,0,0,18.483,0.42336,442.007,0,1.02816,0,0,2.72561,1.69745,1.028160,1,0,82.8757,0,0,0,82.8757,0
63.2674,1.62919,0,0,3.11158,0.251693,0.36288,3.6288,61.308,0.527573,0,0,0.889773,0.196079,0.166121,0.66528,12.849,1,0.335474,0.36288,0,63.8265,4.11072,59.7432,0.84672,12.849,0.84672,3695.15,0,18.483,0.159052,1.31144,1.69272,5.17855,0.935783,7.08787,0.42336,0,0,18.483,0.42336,442.007,0,1.02816,0,0,2.3396,1.31144,1.028160,1,0,66.9972,0,0,0,66.9972,0
63.3968,1.63436,0,0,2.388,0.261348,0.36288,3.6288,61.308,0.527573,0,0,1.06546,0.165238,0.372648,0.66528,12.849,1,0.331922,0.36288,0,54.1621,3.74923,50.4438,0.84672,12.849,0.84672,3695.15,0,18.483,0.159052,1.46194,1.69302,5.17899,0.983288,7.19161,0.42336,0,0,18.483,0.42336,442.007,0,1.02816,0,0,2.4901,1.46194,1.028160,1,0,58.0081,0,0,0,58.0081,0
64.0268,1.84173,0,0,3.12248,0.28784,0.36288,3.6288,61.308,0.631395,0,0,1.01766,0.166624,0.219638,0.66528,12.849,1,0.373274,0.36288,0,61.1771,3.55106,57.6156,0.84672,12.849,0.84672,3695.15,0,18.483,0.190352,1.53752,1.69332,6.52342,0.939692,8.62423,0.42336,0,0,18.483,0.42336,442.007,0,1.02816,0,0,2.56568,1.53752,1.028160,1,0,66.4595,0,0,0,66.4595,0
64.3482,1.95877,0,0,2.96749,0.324449,0.36288,3.6288,61.1293,0.527619,0,0,0.517412,0.168473,0,0.66528,12.849,1,0.393088,0.36288,0,55.2961,3.28681,51.9791,0.84672,12.849,0.84672,3695.15,0,18.483,0.159065,0.932118,1.84433,4.18804,0.881563,5.92386,0.42336,0,0,18.483,0.42336,442.007,0,1.02816,0,0,1.96028,0.932118,1.028160,1,0,57.9029,0,0,0,57.9029,0
64.5288,1.96189,0,0,2.83065,0.325294,0.36288,3.6288,61.0266,0.527262,0,0,0.592796,0.168282,0,0.66528,12.849,1,0.391749,0.36288,0,49.3474,3.28681,46.0317,0.84672,12.849,0.84672,3695.15,0,18.483,0.159422,0.94487,1.76563,4.28286,0.881563,5.95237,0.42336,0,0,18.483,0.42336,442.007,0,1.02816,0,0,1.97303,0.94487,1.028160,1,0,51.984,0,0,0,51.984,0
65.3715,1.9643,0,0,3.48233,0.312472,0.36288,3.6288,61.121,0.527056,0,0,0.806708,0.185185,0,0.66528,12.849,1,0.391132,0.36288,0,62.2831,3.86377,58.3911,0.84672,12.849,0.84672,3695.15,0,18.483,0.159628,1.17453,1.76596,7.50039,1.01374,9.26751,0.42336,0,0,18.483,0.42336,442.007,0,1.02816,0,0,2.20269,1.17453,1.028160,1,0,67.6586,0,0,0,67.6586,0
66.4631,1.67493,0,0,3.40072,0.271259,0.36288,3.6288,61.308,0.387769,0,0,0.806371,0.207985,0.0236541,0.66528,12.849,1,0.329213,0.36288,0,72.9849,4.04869,68.9699,0.84672,12.849,0.84672,3695.15,0,18.483,0.117261,0.811175,1.7663,6.91151,1.123,8.24872,0.42336,0,0,18.483,0.42336,442.007,0,1.02816,0,0,1.83934,0.811175,1.028160,1,0,77.2423,0,0,0,77.2423,0
66.7412,1.5286,0,0,2.46067,0.291139,0.36288,3.6288,61.1698,0.748591,0,0,0.767258,0.156898,0,0.66528,12.849,1,0.295517,0.36288,0,45.5935,3.60255,42.0583,0.84672,12.849,0.84672,3695.15,0,18.483,0.225683,0.608429,1.56012,5.45469,1.0639,6.33365,0.42336,0,0,18.483,0.42336,442.007,0,0.740491,0,0,1.34892,0.608429,1.028160,1,0,48.3919,0,0,0,48.3919,0
67.2571,1.53094,0,0,2.7015,0.291781,0.36288,3.6288,61.2999,0.527282,0,0,0.81413,0.156761,0,0.66528,12.849,1,0.294736,0.36288,0,51.1284,3.60255,47.594,0.84672,12.849,0.84672,3695.15,0,18.483,0.159323,0.679501,1.66667,6.1627,1.0639,7.28564,0.42336,0,0,18.483,0.42336,442.007,0,1.02816,0,0,1.70766,0.679501,1.028160,1,0,54.8796,0,0,0,54.8796,0
67.4464,1.53414,0,0,2.37933,0.292974,0.36288,3.6288,60.8953,0.862078,0,0,0.614421,0.15689,0,0.66528,12.849,1,0.293087,0.36288,0,44.2923,3.60255,40.7595,0.84672,12.849,0.84672,3695.15,0,18.483,0.259932,0.558835,1.66696,4.93647,1.0639,5.83843,0.42336,0,0,18.483,0.42336,442.007,0,0.592756,0,0,1.15159,0.558835,1.028160,1,0,46.5979,0,0,0,46.5979,0
68.7882,1.53614,0,0,3.53421,0.293411,0.36288,3.6288,60.9886,0.526732,0,0,0.776511,0.156489,0,0.66528,12.849,1,0.292644,0.36288,0,69.486,3.60255,65.9537,0.84672,12.849,0.84672,3695.15,0,18.483,0.159874,0.804021,1.66725,5.73695,1.0639,6.98445,0.42336,0,0,18.483,0.42336,442.007,0,1.02816,0,0,1.83218,0.804021,1.028160,1,0,72.9381,0,0,0,72.9381,0
69.9405,1.61731,0,0,3.41042,0.277959,0.36288,3.6288,60.8516,0.561098,0,0,0.611876,0.187776,0,0.66528,12.849,1,0.302098,0.36288,0,89.6322,3.16239,86.5306,0.84672,12.849,0.84672,3695.15,0,18.483,0.170045,0.80149,1.66754,7.08907,1.06167,8.32638,0.42336,0,0,18.483,0.42336,442.007,0,1.02816,0,0,1.82965,0.80149,1.028160,1,0,94.857,0,0,0,94.857,0
71.1376,1.66048,0,0,3.5009,0.280455,0.36288,3.6288,60.7951,0.526659,0,0,0.657756,0.187613,0,0.66528,12.849,1,0.305053,0.36288,0,84.3575,3.16239,81.2529,0.84672,12.849,0.84672,3695.15,0,18.483,0.159967,0.725492,1.71893,7.11299,1.06167,8.33578,0.42336,0,0,18.483,0.42336,442.007,0,1.02816,0,0,1.75365,0.725492,1.028160,1,0,89.5887,0,0,0,89.5887,0
71.9684,1.6662,0,0,3.14293,0.283049,0.36288,3.6288,60.8522,0.526545,0,0,0.771201,0.187546,0,0.66528,12.849,1,0.300952,0.36288,0,84.0819,3.16239,80.9814,0.84672,12.849,0.84672,3695.15,0,18.483,0.160081,1.01557,1.69318,8.08186,1.06167,9.56886,0.42336,0,0,18.483,0.42336,442.007,0,1.02816,0,0,2.04373,1.01557,1.028160,1,0,90.5503,0,0,0,90.5503,0
72.29,1.67052,0,0,3.24619,0.284849,0.969201,3.6288,60.6544,0.533937,0,0,0.523765,0.187614,0,0.66528,12.849,1,0.298249,0.969201,0,74.4777,3.16239,71.9862,0.84672,12.849,0.84672,3695.15,0,18.483,0.162176,0.528595,1.69349,5.37499,1.06167,6.37322,0.42336,0,0,18.483,0.42336,442.007,0,1.01867,0,0,1.54727,0.528595,1.028160,1,0,78.3594,0,0,0,78.3594,0
72.29,1.64339,0,0,2.60782,0.226547,0.737878,3.6288,60.454,0.512979,0,0,0.554898,0.242326,0,0.66528,12.849,1,0.292101,0.737878,0,60.1579,4.2831,56.3206,0.84672,12.849,0.84672,3695.15,0,18.483,0.156318,0.651586,1.69379,5.32603,1.22325,6.29184,0.42336,0,0,18.483,0.42336,442.007,0,1.02816,0,0,1.67975,0.651586,1.028160,1,0,62.6124,0,0,0,62.6124,0
72.29,1.63004,0,0,2.31733,0.215748,0.471547,3.6288,60.2308,0.525847,0,0,0.552866,0.250229,0,0.66528,12.849,1,0.289727,0.471547,0,50.9621,4.55301,46.5909,0.84672,12.849,0.84672,3695.15,0,18.483,0.160771,0.56681,1.67417,4.82281,1.23798,5.66504,0.42336,0,0,18.483,0.42336,442.007,0,1.02816,0,0,1.59497,0.56681,1.028160,1,0,52.2559,0,0,0,52.2559,0
72.184,1.63139,0,0,2.09974,0.211427,0.36288,3.6288,59.9569,0.525392,0,0,0.495695,0.244223,0,0.66528,12.849,1,0.289968,0.36288,0,44.901,4.43505,40.5388,0.84672,12.849,0.84672,3695.15,0,18.483,0.161227,0.42196,1.6846,4.41121,1.20806,5.14848,0.42336,0,0,18.483,0.42336,442.007,0,1.02816,0,0,1.45012,0.42196,1.028160,1,0,45.6873,0,0,0,45.6873,0
71.9281,1.63238,0,0,1.92464,0.185352,0.36288,3.6288,59.6513,0.564123,0,0,0.468477,0.209956,0,0.66528,12.849,1,0.29057,0.36288,0,43.2311,3.72729,39.5761,0.84672,12.849,0.84672,3695.15,0,18.483,0.173903,0.402797,1.6849,4.01656,1.02855,4.9018,0.42336,0,0,18.483,0.42336,442.007,0,0.976752,0,0,1.37955,0.402797,1.028160,1,0,44.4779,0,0,0,44.4779,0
71.5609,1.73351,0,0,1.91851,0.189334,0.36288,3.6288,59.3724,0.571192,0,0,0.504392,0.212043,0,0.66528,12.849,1,0.309668,0.36288,0,39.228,3.72255,35.5587,0.84672,12.849,0.84672,3695.15,0,18.483,0.176984,0.648017,1.6852,4.31289,1.04934,5.41978,0.42336,0,0,18.483,0.42336,442.007,0,1.02816,0,0,1.67618,0.648017,1.028160,1,0,40.9785,0,0,0,40.9785,0
70.8992,1.78574,0,0,1.64123,0.154214,0.36288,3.6288,58.9009,0.662377,0,0,0.419279,0.228472,0,0.66528,12.849,1,0.320636,0.36288,0,35.1115,4.03578,31.118,0.84672,12.849,0.84672,3695.15,0,18.483,0.206202,0.402797,1.75529,3.16739,1.04114,4.07814,0.42336,0,0,18.483,0.42336,442.007,0,0.846227,0,0,1.24902,0.402797,1.028160,1,0,35.1961,0,0,0,35.1961,0
70.1765,1.78463,0,0,1.57062,0.145905,0.36288,3.6288,58.523,0.589115,0,0,0.440844,0.22954,0,0.66528,12.849,1,0.323426,0.36288,0,32.9898,4.08996,28.9393,0.84672,12.849,0.84672,3695.15,0,18.483,0.184864,0.30119,1.71959,3.29978,1.03111,4.10459,0.42336,0,0,18.483,0.42336,442.007,0,0.940827,0,0,1.24202,0.30119,1.028160,1,0,33.0439,0,0,0,33.0439,0
69.3857,1.78323,0,0,1.50044,0.145096,0.36288,3.6288,58.107,0.629779,0,0,0.442708,0.228984,0,0.66528,12.849,1,0.326501,0.36288,0,30.9957,4.08996,26.9421,0.84672,12.849,0.84672,3695.15,0,18.483,0.1989,0.30119,1.71991,3.17295,1.03111,3.96404,0.42336,0,0,18.483,0.42336,442.007,0,0.886127,0,0,1.18732,0.30119,1.028160,1,0,30.9061,0,0,0,30.9061,0
68.4999,1.7815,0,0,1.40276,0.144211,0.36288,3.6288,57.6138,0.67693,0,0,0.412116,0.22837,0,0.66528,12.849,1,0.329902,0.36288,0,28.9281,4.08996,24.8711,0.84672,12.849,0.84672,3695.15,0,18.483,0.215322,0.30119,1.72022,3.0056,1.03111,3.78058,0.42336,0,0,18.483,0.42336,442.007,0,0.822554,0,0,1.12374,0.30119,1.028160,1,0,28.6517,0,0,0,28.6517,0
67.3551,1.75952,0,0,1.06466,0.0870366,0.36288,3.6288,56.8152,0.900858,0,0,0.360493,0.258286,0,0.66528,12.849,1,0.330045,0.36288,0,22.0469,5.34996,16.7297,0.84672,12.849,0.84672,3695.15,0,18.483,0.289003,0.30119,1.72054,1.6382,1.28561,2.08531,0.42336,0,0,18.483,0.42336,442.007,0,0.558852,0,0,0.860043,0.30119,1.028160,1,0,18.815,0,0,0,18.815,0
66.1285,1.78468,0,0,1.00724,0.0862582,0.36288,3.6288,56.0088,0.891477,0,0,0.34211,0.256951,0,0.66528,12.849,1,0.340455,0.36288,0,22.118,5.34996,16.7904,0.84672,12.849,0.84672,3695.15,0,18.483,0.290014,0.261274,1.74264,1.74366,1.28561,2.17195,0.42336,0,0,18.483,0.42336,442.007,0,0.53333,0,0,0.794604,0.261274,1.028160,1,0,18.9624,0,0,0,18.9624,0
64.8168,1.7808,0,0,0.917361,0.0854242,0.36288,3.6288,55.2109,0.879257,0,0,0.336906,0.255603,0,0.66528,12.849,1,0.346016,0.36288,0,21.6037,5.34996,16.2706,0.84672,12.849,0.84672,3695.15,0,18.483,0.290156,0.261274,1.72312,1.68196,1.28561,2.09059,0.42336,0,0,18.483,0.42336,442.007,0,0.545409,0,0,0.806682,0.261274,1.028160,1,0,18.3612,0,0,0,18.3612,0
63.4198,1.77636,0,0,0.826762,0.0845322,0.36288,3.6288,54.3173,0.953073,0,0,0.313735,0.254269,0,0.66528,12.849,1,0.352138,0.36288,0,20.0235,5.34996,14.6842,0.84672,12.849,0.84672,3695.15,0,18.483,0.319061,0.261274,1.72344,1.60142,1.28561,1.98146,0.42336,0,0,18.483,0.42336,442.007,0,0.442688,0,0,0.703961,0.261274,1.028160,1,0,16.6657,0,0,0,16.6657,0
61.9414,1.82188,0,0,0.774429,0.0679915,0.36288,3.6288,53.3487,1.01843,0,0,0.330742,0.280855,0,0.66528,12.849,1,0.369118,0.36288,0,17.2224,5.71602,11.5001,0.84672,12.849,0.84672,3695.15,0,18.483,0.346551,0.261274,1.72375,1.41889,1.42091,1.63645,0.42336,0,0,18.483,0.42336,442.007,0,0.380108,0,0,0.641382,0.261274,1.028160,1,0,13.1366,0,0,0,13.1366,0
60.5541,1.84107,0,0,0.863179,0.0465527,0.36288,3.6288,52.6093,0.906561,0,0,0.463418,0.296329,0,0.66528,12.849,1,0.381908,0.36288,0,20.4066,5.87643,14.5112,0.84672,12.849,0.84672,3695.15,0,18.483,0.314084,0.261274,1.75885,1.51436,1.51093,1.70947,0.42336,0,0,18.483,0.42336,442.007,0,0.494191,0,0,0.755464,0.261274,1.028160,1,0,16.2207,0,0,0,16.2207,0
59.1137,1.83527,0,0,0.803719,0.0460209,0.36288,3.6288,51.8837,0.832969,0,0,0.402041,0.294581,0,0.66528,12.849,1,0.389427,0.36288,0,17.2789,5.87643,11.3759,0.84672,12.849,0.84672,3695.15,0,18.483,0.292644,0.227405,1.74147,1.52832,1.51093,1.69362,0.42336,0,0,18.483,0.42336,442.007,0,0.589222,0,0,0.816627,0.227405,1.028160,1,0,13.0695,0,0,0,13.0695,0
57.6196,1.82889,0,0,0.743092,0.0454034,0.36288,3.6288,51.0605,0.903233,0,0,0.372835,0.292866,0,0.66528,12.849,1,0.39753,0.36288,0,16.5688,5.87643,10.6577,0.84672,12.849,0.84672,3695.15,0,18.483,0.321766,0.227405,1.74179,1.32887,1.51093,1.46536,0.42336,0,0,18.483,0.42336,442.007,0,0.489836,0,0,0.717241,0.227405,1.028160,1,0,12.123,0,0,0,12.123,0
55.9658,1.96777,0,0,0.723153,0.0462941,0.36288,3.6288,50.207,0.953016,0,0,0.390775,0.291201,0,0.66528,12.849,1,0.438806,0.36288,0,15.0286,5.92625,9.02642,0.84672,12.849,0.84672,3695.15,0,18.483,0.344975,0.227405,1.74211,1.48034,1.53153,1.57335,0.42336,0,0,18.483,0.42336,442.007,0,0.5263,0,0,0.753705,0.227405,1.028160,1,0,10.5998,0,0,0,10.5998,0
54.1761,2.04771,0,0,0.675583,0.0546645,0.36288,3.6288,49.2397,1.01504,0,0,0.338546,0.290855,0,0.66528,12.849,1,0.470126,0.36288,0,14.6393,6.22514,8.30689,0.84672,12.849,0.84672,3695.15,0,18.483,0.373673,0.227405,1.86044,1.1916,1.65512,1.25065,0.42336,0,0,18.483,0.42336,442.007,0,0.32617,0,0,0.553575,0.227405,1.028160,1,0,9.55754,0,0,0,9.55754,0
52.2586,2.03665,0,0,0.535669,0.0536914,0.36288,3.6288,48.112,1.0932,0,0,0.254106,0.288553,0,0.66528,12.849,1,0.483033,0.36288,0,16.0745,6.22514,9.72926,0.84672,12.849,0.84672,3695.15,0,18.483,0.41035,0.204422,1.79676,0.956768,1.65512,0.892475,0.42336,0,0,18.483,0.42336,442.007,0,0.211338,0,0,0.41576,0.204422,1.028160,1,0,10.6217,0,0,0,10.6217,0
50.4702,2.02391,0,0,0.651076,0.0526487,0.36288,3.6288,47.3461,0.888619,0,0,0.408534,0.28587,0,0.66528,12.849,1,0.497625,0.36288,0,14.012,6.22514,7.65213,0.84672,12.849,0.84672,3695.15,0,18.483,0.341377,0.204422,1.79711,1.37857,1.65512,1.3836,0.42336,0,0,18.483,0.42336,442.007,0,0.484887,0,0,0.68931,0.204422,1.028160,1,0,9.03573,0,0,0,9.03573,0
48.5648,2.01133,0,0,0.524621,0.0558563,0.36288,3.6288,46.3552,1.02084,0,0,0.289104,0.259125,0,0.66528,12.849,1,0.512055,0.36288,0,12.0577,5.48575,6.4228,0.84672,12.849,0.84672,3695.15,0,18.483,0.398515,0.204422,1.79745,1.38218,1.36731,1.61823,0.42336,0,0,18.483,0.42336,442.007,0,0.295533,0,0,0.499955,0.204422,1.028160,1,0,8.04102,0,0,0,8.04102,0
47.0569,1.92799,0,0,0.812796,0.029786,0.36288,3.6288,46.1258,0.658658,0,0,0.643595,0.21438,0,0.66528,12.849,1,0.510096,0.36288,0,38.4819,5.35602,32.9786,0.84672,12.849,0.84672,3695.15,0,18.483,0.262623,0.204422,1.7978,2.58943,1.36109,2.96794,0.42336,0,0,18.483,0.42336,442.007,0,0.727021,0,0,0.931444,0.204422,1.028160,1,0,35.9466,0,0,0,35.9466,0
45.5537,1.86427,0,0,0.748673,0.0247058,0.36288,3.6288,45.7213,0.857269,0,0,0.662667,0.209937,0,0.66528,12.849,1,0.509043,0.36288,0,26.3003,5.42682,20.7273,0.84672,12.849,0.84672,3695.15,0,18.483,0.343515,0.216518,1.73038,2.04377,1.39603,2.25112,0.42336,0,0,18.483,0.42336,442.007,0,0.514071,0,0,0.73059,0.216518,1.028160,1,0,22.9785,0,0,0,22.9785,0
45.0957,1.85256,0,0,1.84199,0.0845574,0.36288,3.6288,46.0719,0.489011,0,0,1.05405,0.214422,0,0.66528,12.849,1,0.522538,0.36288,0,35.0163,4.96362,29.893,0.84672,12.849,0.84672,3695.15,0,18.483,0.197685,0.614295,1.76966,5.31589,1.29647,6.20569,0.42336,0,0,18.483,0.42336,442.007,0,1.02816,0,0,1.64246,0.614295,1.028160,1,0,36.0987,0,0,0,36.0987,0
44.4109,1.84982,0,0,1.64405,0.116165,0.36288,3.6288,46.539,0.490084,0,0,1.18476,0.227592,0,0.66528,12.849,1,0.527064,0.36288,0,58.9242,4.7671,53.9929,0.84672,12.849,0.84672,3695.15,0,18.483,0.196611,0.233012,1.76999,3.98357,1.22709,4.56287,0.42336,0,0,18.483,0.42336,442.007,0,1.02816,0,0,1.26117,0.233012,1.028160,1,0,58.5558,0,0,0,58.5558,0
44.7874,1.78932,0,0,2.66334,0.134643,0.36288,3.6288,46.7953,0.484683,0,0,0.934226,0.193186,0,0.66528,12.849,1,0.517688,0.36288,0,47.5207,4.47816,42.8877,0.84672,12.849,0.84672,3695.15,0,18.483,0.192493,0.216518,1.77032,3.68372,1.10987,4.36819,0.42336,0,0,18.483,0.42336,442.007,0,0.976968,0,0,1.19349,0.216518,1.028160,1,0,47.2559,0,0,0,47.2559,0
46.9105,1.74689,0,0,4.39406,0.161162,0.36288,3.6288,47.3045,0.492245,0,0,1.14781,0.146337,0,0.66528,12.849,1,0.501163,0.36288,0,75.327,4.0929,71.0958,0.84672,12.849,0.84672,3695.15,0,18.483,0.194425,0.636336,1.71033,5.35333,0.953591,6.55197,0.42336,0,0,18.483,0.42336,442.007,0,1.02816,0,0,1.6645,0.636336,1.028160,1,0,77.6478,0,0,0,77.6478,0
48.8804,1.76605,0,0,4.2638,0.165031,0.36288,3.6288,48.2679,0.49375,0,0,1.60404,0.146964,0,0.66528,12.849,1,0.483729,0.36288,0,67.0455,4.0929,62.8318,0.84672,12.849,0.84672,3695.15,0,18.483,0.19292,0.819089,1.74616,5.82388,0.953591,7.24262,0.42336,0,0,18.483,0.42336,442.007,0,1.02816,0,0,1.84725,0.819089,1.028160,1,0,70.0744,0,0,0,70.0744,0
51.2986,1.78286,0,0,4.73261,0.168621,0.36288,3.6288,48.9964,0.496534,0,0,1.37324,0.148151,0,0.66528,12.849,1,0.468653,0.36288,0,91.5814,4.0929,87.3827,0.84672,12.849,0.84672,3695.15,0,18.483,0.190136,0.956111,1.74649,9.15557,0.953591,10.7144,0.42336,0,0,18.483,0.42336,442.007,0,1.02816,0,0,1.98427,0.956111,1.028160,1,0,98.0972,0,0,0,98.0972,0
52.2557,1.63887,0,0,3.1375,0.178695,0.36288,3.6288,49.3714,0.406616,0,0,0.93547,0.153907,0,0.66528,12.849,1,0.410495,0.36288,0,92.853,4.15706,88.6483,0.84672,12.849,0.84672,3695.15,0,18.483,0.153388,0.491253,1.74681,4.46973,0.969944,5.58446,0.42336,0,0,18.483,0.42336,442.007,0,1.02816,0,0,1.51941,0.491253,1.028160,1,0,94.2328,0,0,0,94.2328,0
53.4759,1.54456,0,0,3.34263,0.215014,0.36288,3.6288,49.7266,0.499586,0,0,1.03841,0.183625,0,0.66528,12.849,1,0.379786,0.36288,0,43.9484,4.54198,39.3895,0.84672,12.849,0.84672,3695.15,0,18.483,0.187028,1.36219,1.61107,5.43035,1.06806,7.14852,0.42336,0,0,18.483,0.42336,442.007,0,1.02816,0,0,2.39035,1.36219,1.028160,1,0,46.538,0,0,0,46.538,0
56.3521,1.55282,0,0,5.00967,0.217723,0.36288,3.6288,50.6636,0.50056,0,0,1.62176,0.184162,0,0.66528,12.849,1,0.373107,0.36288,0,70.5938,4.54198,66.0416,0.84672,12.849,0.84672,3695.15,0,18.483,0.186055,3.30569,1.68546,8.30321,1.06806,12.0402,0.42336,0,0,18.483,0.42336,442.007,0,1.02816,0,0,4.33385,3.30569,1.028160,1,0,78.0818,0,0,0,78.0818,0
66.7905,1.56962,0,0,12.595,0.224111,0.36288,3.6288,54.4586,0.503081,0,0,4.48368,0.18558,0,0.66528,12.849,1,0.357893,0.36288,0,186.005,4.54198,181.468,0.84672,12.849,0.84672,3695.15,0,18.483,0.183533,2.61327,1.68575,16.622,1.06806,19.6694,0.42336,0,0,18.483,0.42336,442.007,0,1.02816,0,0,3.64143,2.61327,1.028160,1,0,201.137,0,0,0,201.137,0
72.29,1.61786,0,0,23.2862,0.229796,15.939,3.6288,61.308,0.51263,0,0,10.1072,0.179299,2.56591,0.66528,12.849,1,0.31124,15.939,0,319.658,4.11323,331.173,0.84672,12.849,0.84672,3695.15,0,18.483,0.173984,2.98326,1.68605,18.6199,1.0145,22.1007,0.42336,0,0,18.483,0.42336,442.007,0,1.02816,0,0,4.01142,2.98326,1.028160,1,0,355.84,0,0,0,355.84,0
72.29,1.70602,0,0,5.67849,0.236794,3.73568,3.6288,61.308,0.5558,0,0,1.84448,0.199417,1.08927,0.66528,12.849,1,0.303232,3.73568,0,104.496,3.80616,104.123,0.84672,12.849,0.84672,3695.15,0,18.483,0.167561,1.59988,1.68635,10.5024,0.909964,12.7111,0.42336,0,0,18.483,0.42336,442.007,0,1.02816,0,0,2.62804,1.59988,1.028160,1,0,117.923,0,0,0,117.923,0
72.29,1.73856,0,0,3.28625,0.254913,1.29277,3.6288,61.308,0.527565,0,0,1.50042,0.198429,0.774429,0.66528,12.849,1,0.309017,1.29277,0,79.5165,3.87429,76.626,0.84672,12.849,0.84672,3695.15,0,18.483,0.159049,0.741182,1.72976,8.59352,0.960764,9.94464,0.42336,0,0,18.483,0.42336,442.007,0,1.02816,0,0,1.76934,0.741182,1.028160,1,0,87.345,0,0,0,87.345,0
72.29,1.73991,0,0,3.02105,0.300661,0.980484,3.6288,61.308,0.527565,0,0,1.61991,0.201272,0.891077,0.66528,12.849,1,0.309256,0.980484,0,65.5145,4.07415,62.1116,0.84672,12.849,0.84672,3695.15,0,18.483,0.159049,0.574923,1.70855,7.99952,1.05979,9.06415,0.42336,0,0,18.483,0.42336,442.007,0,1.02816,0,0,1.60308,0.574923,1.028160,1,0,72.0668,0,0,0,72.0668,0
72.29,1.74125,0,0,3.61056,0.327189,1.54212,3.6288,61.308,0.527565,0,0,1.60727,0.193667,0.886041,0.66528,12.849,1,0.309495,1.54212,0,74.2116,3.85833,71.5858,0.84672,12.849,0.84672,3695.15,0,18.483,0.159049,0.780615,1.70885,8.46824,0.862218,9.93643,0.42336,0,0,18.483,0.42336,442.007,0,1.02816,0,0,1.80878,0.780615,1.028160,1,0,82.4083,0,0,0,82.4083,0
72.29,1.95723,0,0,3.74475,0.3409,1.44662,3.6288,61.308,0.633767,0,0,1.27195,0.184126,0.454053,0.66528,12.849,1,0.347882,1.44662,0,68.6889,3.6237,66.1639,0.84672,12.849,0.84672,3695.15,0,18.483,0.191067,0.891181,1.70915,5.91405,0.824079,7.49923,0.42336,0,0,18.483,0.42336,442.007,0,1.02816,0,0,1.91934,0.891181,1.028160,1,0,74.1172,0,0,0,74.1172,0
72.29,2.07602,0,0,3.17293,0.375177,0.721728,3.6288,61.308,0.52761,0,0,0.965684,0.160273,0.277801,0.66528,12.849,1,0.368997,0.721728,0,73.3461,3.03712,70.6617,0.84672,12.849,0.84672,3695.15,0,18.483,0.159063,0.824092,1.8636,4.92711,0.728731,6.72701,0.42336,0,0,18.483,0.42336,442.007,0,1.02816,0,0,1.85225,0.824092,1.028160,1,0,77.6665,0,0,0,77.6665,0
72.29,2.07751,0,0,2.90072,0.35958,0.463636,3.6288,61.308,0.52761,0,0,1.03398,0.182484,0.323889,0.66528,12.849,1,0.369261,0.463636,0,69.2926,3.81926,65.5677,0.84672,12.849,0.84672,3695.15,0,18.483,0.159063,0.907857,1.78308,5.7037,0.989751,7.24582,0.42336,0,0,18.483,0.42336,442.007,0,1.02816,0,0,1.93602,0.907857,1.028160,1,0,73.1375,0,0,0,73.1375,0
72.29,2.07899,0,0,3.27897,0.331324,0.868647,3.6288,61.308,0.52761,0,0,0.975197,0.187601,0.259985,0.66528,12.849,1,0.369526,0.868647,0,73.3026,4.12002,69.6817,0.84672,12.849,0.84672,3695.15,0,18.483,0.159063,0.998672,1.7834,6.50859,1.05968,8.07193,0.42336,0,0,18.483,0.42336,442.007,0,1.02816,0,0,2.02683,0.998672,1.028160,1,0,78.0136,0,0,0,78.0136,0
72.29,1.77384,0,0,3.41268,0.31451,1.32433,3.6288,61.308,0.384846,0,0,1.3304,0.188688,0.756862,0.66528,12.849,1,0.315287,1.32433,0,95.0486,3.55173,92.5059,0.84672,12.849,0.84672,3695.15,0,18.483,0.116023,1.6316,1.78373,9.0879,0.85808,11.5291,0.42336,0,0,18.483,0.42336,442.007,0,1.02816,0,0,2.65976,1.6316,1.028160,1,0,104.792,0,0,0,104.792,0
72.29,1.61743,0,0,6.04286,0.327585,4.09784,3.6288,61.308,0.527551,0,0,1.74354,0.165795,1.0502,0.66528,12.849,1,0.287487,4.09784,0,127.623,3.05981,128.374,0.84672,12.849,0.84672,3695.15,0,18.483,0.159045,3.25735,1.57283,11.4318,0.861321,15.2417,0.42336,0,0,18.483,0.42336,442.007,0,1.02816,0,0,4.28551,3.25735,1.028160,1,0,144.666,0,0,0,144.666,0
72.29,1.61873,0,0,5.17769,0.327585,3.23138,3.6288,61.308,0.527551,0,0,1.3803,0.165795,0.686955,0.66528,12.849,1,0.287716,3.23138,0,122.6,3.05981,122.484,0.84672,12.849,0.84672,3695.15,0,18.483,0.159045,2.40462,1.6818,10.7162,0.861321,13.7823,0.42336,0,0,18.483,0.42336,442.007,0,1.02816,0,0,3.43278,2.40462,1.028160,1,0,136.953,0,0,0,136.953,0
72.29,1.62002,0,0,5.14025,0.29829,3.22194,3.6288,61.308,0.527551,0,0,1.48631,0.166046,0.792717,0.66528,12.849,1,0.287946,3.22194,0,138.794,3.24794,138.48,0.84672,12.849,0.84672,3695.15,0,18.483,0.159045,3.36423,1.68209,9.33984,0.920475,13.3066,0.42336,0,0,18.483,0.42336,442.007,0,1.02816,0,0,4.39239,3.36423,1.028160,1,0,152.579,0,0,0,152.579,0
72.29,1.62131,0,0,5.51746,0.301433,3.59472,3.6288,61.308,0.527551,0,0,1.69658,0.187222,0.981812,0.66528,12.849,1,0.288176,3.59472,0,107.675,4.29742,106.684,0.84672,12.849,0.84672,3695.15,0,18.483,0.159045,3.15364,1.68237,10.2552,1.07176,13.8604,0.42336,0,0,18.483,0.42336,442.007,0,1.02816,0,0,4.1818,3.15364,1.028160,1,0,121.526,0,0,0,121.526,0
72.29,1.69995,0,0,5.04155,0.308478,3.03312,3.6288,61.308,0.56255,0,0,0.842804,0.188991,0.0912632,0.66528,12.849,1,0.302154,3.03312,0,93.4468,3.9851,92.1927,0.84672,12.849,0.84672,3695.15,0,18.483,0.169596,1.82657,1.68266,8.00868,1.00606,10.3422,0.42336,0,0,18.483,0.42336,442.007,0,1.02816,0,0,2.85473,1.82657,1.028160,1,0,102.626,0,0,0,102.626,0
72.29,1.73996,0,0,4.87723,0.309166,2.82811,3.6288,61.308,0.527566,0,0,1.32412,0.185692,0.610865,0.66528,12.849,1,0.309264,2.82811,0,93.6973,3.92784,92.2883,0.84672,12.849,0.84672,3695.15,0,18.483,0.159049,2.92792,1.73521,7.43947,0.98106,10.9625,0.42336,0,0,18.483,0.42336,442.007,0,1.02816,0,0,3.95608,2.92792,1.028160,1,0,103.862,0,0,0,103.862,0
72.29,1.7413,0,0,4.53655,0.309166,2.48609,3.6288,61.308,0.527566,0,0,1.55119,0.185692,0.837933,0.66528,12.849,1,0.309503,2.48609,0,106.32,3.92784,104.568,0.84672,12.849,0.84672,3695.15,0,18.483,0.159049,3.00933,1.70886,10.835,0.98106,14.4131,0.42336,0,0,18.483,0.42336,442.007,0,1.02816,0,0,4.03749,3.00933,1.028160,1,0,119.819,0,0,0,119.819,0
72.29,1.74264,0,0,3.26633,0.306275,1.21742,3.6288,61.308,0.527566,0,0,1.14801,0.177792,0.442656,0.66528,12.849,1,0.309741,1.21742,0,111.654,3.712,108.85,0.84672,12.849,0.84672,3695.15,0,18.483,0.159049,3.40994,1.70916,7.01309,0.950867,11.0223,0.42336,0,0,18.483,0.42336,442.007,0,1.02816,0,0,4.4381,3.40994,1.028160,1,0,120.314,0,0,0,120.314,0
72.29,1.71369,0,0,3.49563,0.272338,1.5096,3.6288,61.308,0.51395,0,0,0.911883,0.143336,0.254597,0.66528,12.849,1,0.304595,1.5096,0,76.3379,3.07025,74.4726,0.84672,12.849,0.84672,3695.15,0,18.483,0.154944,1.91503,1.70945,5.63706,0.877957,8.22864,0.42336,0,0,18.483,0.42336,442.007,0,1.02816,0,0,2.94319,1.91503,1.028160,1,0,82.9558,0,0,0,82.9558,0
72.29,1.69997,0,0,3.12251,0.272085,1.15045,3.6288,61.308,0.52756,0,0,0.815953,0.175324,0.113069,0.66528,12.849,1,0.302158,1.15045,0,52.2145,3.85284,49.2099,0.84672,12.849,0.84672,3695.15,0,18.483,0.159048,0.76566,1.68937,4.53867,0.998608,5.83604,0.42336,0,0,18.483,0.42336,442.007,0,1.02816,0,0,1.79382,0.76566,1.028160,1,0,55.159,0,0,0,55.159,0
72.29,1.7013,0,0,2.7862,0.250811,0.834092,3.6288,61.2594,0.52756,0,0,0.684374,0.205407,0,0.66528,12.849,1,0.302393,0.834092,0,46.3948,4.16896,42.7575,0.84672,12.849,0.84672,3695.15,0,18.483,0.159048,0.632491,1.70003,4.12098,1.0235,5.27095,0.42336,0,0,18.483,0.42336,442.007,0,1.02816,0,0,1.66065,0.632491,1.028160,1,0,48.0285,0,0,0,48.0285,0
72.29,1.70262,0,0,2.62215,0.194632,0.724898,3.6288,61.1811,0.527464,0,0,0.680625,0.231495,0,0.66528,12.849,1,0.302628,0.724898,0,43.2661,4.39961,39.2888,0.84672,12.849,0.84672,3695.15,0,18.483,0.159145,0.607193,1.70032,4.10108,1.03728,5.21217,0.42336,0,0,18.483,0.42336,442.007,0,1.02816,0,0,1.63535,0.607193,1.028160,1,0,44.5009,0,0,0,44.5009,0
72.29,1.80695,0,0,2.54449,0.196062,0.541477,3.6288,61.07,0.575651,0,0,0.696565,0.231981,0,0.66528,12.849,1,0.321172,0.541477,0,42.3818,4.40343,38.1987,0.84672,12.849,0.84672,3695.15,0,18.483,0.173906,0.660295,1.70061,4.51481,1.05001,5.6518,0.42336,0,0,18.483,0.42336,442.007,0,1.02816,0,0,1.68845,0.660295,1.028160,1,0,43.8505,0,0,0,43.8505,0
72.29,1.86177,0,0,2.68964,0.204407,0.623466,3.6288,61.1639,0.527105,0,0,0.852949,0.231935,0,0.66528,12.849,1,0.330915,0.623466,0,48.994,4.32336,44.9632,0.84672,12.849,0.84672,3695.15,0,18.483,0.15953,0.465117,1.77227,4.03879,1.13104,4.98561,0.42336,0,0,18.483,0.42336,442.007,0,1.02816,0,0,1.49328,0.465117,1.028160,1,0,49.9488,0,0,0,49.9488,0
72.29,1.86316,0,0,2.40716,0.16495,0.379055,3.6288,61.0925,0.527293,0,0,0.675899,0.220061,0,0.66528,12.849,1,0.331163,0.379055,0,43.5023,3.97614,39.5741,0.84672,12.849,0.84672,3695.15,0,18.483,0.159342,0.449556,1.73576,3.70714,1.10844,4.62467,0.42336,0,0,18.483,0.42336,442.007,0,1.02816,0,0,1.47772,0.449556,1.028160,1,0,44.1987,0,0,0,44.1987,0
72.1754,1.86455,0,0,2.26254,0.149728,0.36288,3.6288,61.0457,0.52715,0,0,0.703892,0.223527,0,0.66528,12.849,1,0.33141,0.36288,0,40.0702,4.0845,36.0172,0.84672,12.849,0.84672,3695.15,0,18.483,0.159485,0.453246,1.73607,3.76768,1.08838,4.70912,0.42336,0,0,18.483,0.42336,442.007,0,1.02816,0,0,1.48141,0.453246,1.028160,1,0,40.7263,0,0,0,40.7263,0
71.9716,1.8655,0,0,2.17416,0.149598,0.36288,3.6288,61.0122,0.527057,0,0,0.717068,0.223461,0,0.66528,12.849,1,0.332104,0.36288,0,37.7748,4.0845,33.721,0.84672,12.849,0.84672,3695.15,0,18.483,0.159579,0.379521,1.73637,3.7569,1.08838,4.62483,0.42336,0,0,18.483,0.42336,442.007,0,1.02816,0,0,1.40768,0.379521,1.028160,1,0,38.3459,0,0,0,38.3459,0
71.0278,1.84569,0,0,1.39872,0.133948,0.36288,3.6288,60.5825,0.737991,0,0,0.555837,0.247603,0,0.66528,12.849,1,0.329509,0.36288,0,29.2291,4.74438,24.5181,0.84672,12.849,0.84672,3695.15,0,18.483,0.223567,0.30119,1.73668,2.48829,1.30269,2.99991,0.42336,0,0,18.483,0.42336,442.007,0,0.787908,0,0,1.0891,0.30119,1.028160,1,0,27.518,0,0,0,27.518,0
69.8739,1.87272,0,0,1.21221,0.130435,0.36288,3.6288,60.0791,0.761834,0,0,0.509465,0.25095,0,0.66528,12.849,1,0.338778,0.36288,0,28.0998,4.85436,23.2695,0.84672,12.849,0.84672,3695.15,0,18.483,0.232426,0.261274,1.75927,2.48379,1.3384,2.93351,0.42336,0,0,18.483,0.42336,442.007,0,0.72055,0,0,0.981824,0.261274,1.028160,1,0,26.203,0,0,0,26.203,0
68.6164,1.86939,0,0,1.10403,0.129282,0.36288,3.6288,59.5818,0.74894,0,0,0.501714,0.250148,0,0.66528,12.849,1,0.343759,0.36288,0,27.4463,4.85436,22.6111,0.84672,12.849,0.84672,3695.15,0,18.483,0.230407,0.261274,1.7393,2.39588,1.3384,2.82764,0.42336,0,0,18.483,0.42336,442.007,0,0.735463,0,0,0.996736,0.261274,1.028160,1,0,25.4387,0,0,0,25.4387,0
67.2551,1.86547,0,0,0.995026,0.128026,0.36288,3.6288,58.9553,0.844337,0,0,0.467208,0.249355,0,0.66528,12.849,1,0.349325,0.36288,0,25.4386,4.85436,20.5978,0.84672,12.849,0.84672,3695.15,0,18.483,0.261924,0.261274,1.73961,2.28117,1.3384,2.68172,0.42336,0,0,18.483,0.42336,442.007,0,0.60855,0,0,0.869823,0.261274,1.028160,1,0,23.2795,0,0,0,23.2795,0
65.8704,1.91312,0,0,0.991241,0.0998722,0.36288,3.6288,58.2645,0.849265,0,0,0.452696,0.294176,0,0.66528,12.849,1,0.3655,0.36288,0,24.5135,5.44347,19.0674,0.84672,12.849,0.84672,3695.15,0,18.483,0.266252,0.261274,1.73991,2.21421,1.49283,2.45631,0.42336,0,0,18.483,0.42336,442.007,0,0.630245,0,0,0.891518,0.261274,1.028160,1,0,21.5237,0,0,0,21.5237,0
64.5252,1.93399,0,0,1.0362,0.0845799,0.36288,3.6288,57.6149,0.787974,0,0,0.441858,0.303489,0,0.66528,12.849,1,0.377254,0.36288,0,24.1423,5.57025,18.5577,0.84672,12.849,0.84672,3695.15,0,18.483,0.249966,0.261274,1.77579,2.08249,1.4583,2.41128,0.42336,0,0,18.483,0.42336,442.007,0,0.676884,0,0,0.938157,0.261274,1.028160,1,0,20.969,0,0,0,20.969,0
63.0923,1.92884,0,0,0.942512,0.0836724,0.36288,3.6288,56.8564,0.871364,0,0,0.415041,0.302218,0,0.66528,12.849,1,0.384093,0.36288,0,22.1995,5.57025,16.6081,0.84672,12.849,0.84672,3695.15,0,18.483,0.279535,0.227405,1.758,1.90594,1.4583,2.15351,0.42336,0,0,18.483,0.42336,442.007,0,0.563924,0,0,0.791329,0.227405,1.028160,1,0,18.7616,0,0,0,18.7616,0
61.7994,1.923,0,0,1.06635,0.0733737,0.36288,3.6288,56.4083,0.657988,0,0,0.504598,0.294717,0,0.66528,12.849,1,0.391626,0.36288,0,22.8296,5.71174,17.0892,0.84672,12.849,0.84672,3695.15,0,18.483,0.2139,0.227405,1.75832,2.7942,1.49518,3.07084,0.42336,0,0,18.483,0.42336,442.007,0,0.842936,0,0,1.07034,0.227405,1.028160,1,0,20.16,0,0,0,20.16,0
60.333,2.06863,0,0,1.0304,0.0653034,0.36288,3.6288,55.8325,0.770689,0,0,0.465021,0.270077,0,0.66528,12.849,1,0.430098,0.36288,0,23.1307,5.80377,17.2597,0.84672,12.849,0.84672,3695.15,0,18.483,0.252527,0.227405,1.75863,2.30765,1.53509,2.50607,0.42336,0,0,18.483,0.42336,442.007,0,0.803511,0,0,1.03092,0.227405,1.028160,1,0,19.7657,0,0,0,19.7657,0
58.5305,2.15372,0,0,0.774083,0.0599684,0.36288,3.6288,54.6933,1.14392,0,0,0.322467,0.317836,0,0.66528,12.849,1,0.458673,0.36288,0,14.8625,6.06323,8.70351,0.84672,12.849,0.84672,3695.15,0,18.483,0.378686,0.227405,1.87959,1.68848,1.54927,1.86752,0.42336,0,0,18.483,0.42336,442.007,0,0.192269,0,0,0.419673,0.227405,1.028160,1,0,10.571,0,0,0,10.571,0
56.8146,2.14362,0,0,0.849519,0.0589396,0.36288,3.6288,53.7312,1.04481,0,0,0.398193,0.315465,0,0.66528,12.849,1,0.470582,0.36288,0,19.1143,6.06323,12.9433,0.84672,12.849,0.84672,3695.15,0,18.483,0.353084,0.204422,1.81447,1.84194,1.54927,1.95848,0.42336,0,0,18.483,0.42336,442.007,0,0.316974,0,0,0.521396,0.204422,1.028160,1,0,14.9018,0,0,0,14.9018,0
54.9427,2.13351,0,0,0.682465,0.0579586,0.36288,3.6288,52.547,1.15872,0,0,0.288011,0.313422,0,0.66528,12.849,1,0.482507,0.36288,0,18.6778,6.06323,12.4949,0.84672,12.849,0.84672,3695.15,0,18.483,0.398589,0.204422,1.81481,1.47866,1.54927,1.55003,0.42336,0,0,18.483,0.42336,442.007,0,0.157561,0,0,0.361983,0.204422,1.028160,1,0,14.045,0,0,0,14.045,0
53.2512,2.12165,0,0,0.849934,0.0568885,0.36288,3.6288,51.8155,0.913306,0,0,0.492263,0.310471,0,0.66528,12.849,1,0.496173,0.36288,0,17.0586,6.06323,10.862,0.84672,12.849,0.84672,3695.15,0,18.483,0.321248,0.204422,1.81515,2.2863,1.54927,2.43535,0.42336,0,0,18.483,0.42336,442.007,0,0.480317,0,0,0.68474,0.204422,1.028160,1,0,13.2974,0,0,0,13.2974,0
51.61,2.03864,0,0,0.842322,0.0820412,0.36288,3.6288,51.0981,1.00202,0,0,0.555005,0.270436,0,0.66528,12.849,1,0.491905,0.36288,0,33.169,5.37963,27.6603,0.84672,12.849,0.84672,3695.15,0,18.483,0.357429,0.204422,1.81549,2.53174,1.36466,2.82956,0.42336,0,0,18.483,0.42336,442.007,0,0.287356,0,0,0.491778,0.204422,1.028160,1,0,30.4899,0,0,0,30.4899,0
51.041,1.97304,0,0,1.85636,0.0894567,0.36288,3.6288,51.1714,0.716931,0,0,1.05296,0.262669,0,0.66528,12.849,1,0.491216,0.36288,0,38.2482,5.36498,32.7548,0.84672,12.849,0.84672,3695.15,0,18.483,0.259325,0.216518,1.74655,4.45929,1.39155,4.77149,0.42336,0,0,18.483,0.42336,442.007,0,0.738587,0,0,0.955105,0.216518,1.028160,1,0,37.5263,0,0,0,37.5263,0
49.5304,1.97006,0,0,0.911295,0.0889274,0.36288,3.6288,50.559,0.995137,0,0,0.645559,0.262826,0,0.66528,12.849,1,0.495942,0.36288,0,38.5354,5.36498,33.0373,0.84672,12.849,0.84672,3695.15,0,18.483,0.359441,0.216518,1.78669,2.55693,1.39155,2.80915,0.42336,0,0,18.483,0.42336,442.007,0,0.360265,0,0,0.576783,0.216518,1.028160,1,0,35.8465,0,0,0,35.8465,0
48.0578,1.95944,0,0,0.937259,0.0875224,0.36288,3.6288,49.9444,1.0544,0,0,0.701302,0.261519,0,0.66528,12.849,1,0.508312,0.36288,0,25.1308,5.36498,19.6204,0.84672,12.849,0.84672,3695.15,0,18.483,0.38546,0.216518,1.78702,2.07399,1.39155,2.30052,0.42336,0,0,18.483,0.42336,442.007,0,0.274983,0,0,0.491501,0.216518,1.028160,1,0,21.9209,0,0,0,21.9209,0
47.7597,1.89074,0,0,2.13832,0.182793,0.36288,3.6288,50.2269,0.491012,0,0,1.02107,0.247605,0,0.66528,12.849,1,0.505518,0.36288,0,41.7927,4.4929,37.1572,0.84672,12.849,0.84672,3695.15,0,18.483,0.181709,0.216518,1.78735,6.23085,1.15103,6.90197,0.42336,0,0,18.483,0.42336,442.007,0,0.980064,0,0,1.19658,0.216518,1.028160,1,0,44.0591,0,0,0,44.0591,0
46.5818,1.8407,0,0,1.23258,0.206918,0.36288,3.6288,50.1109,0.769687,0,0,0.85112,0.197429,0,0.66528,12.849,1,0.495212,0.36288,0,38.2069,3.93393,34.1407,0.84672,12.849,0.84672,3695.15,0,18.483,0.283237,0.216518,1.726,5.1773,0.898218,5.93836,0.42336,0,0,18.483,0.42336,442.007,0,0.661893,0,0,0.878412,0.216518,1.028160,1,0,40.079,0,0,0,40.079,0
46.1064,1.83221,0,0,1.92397,0.204251,0.36288,3.6288,50.2439,0.675885,0,0,1.00618,0.197242,0,0.66528,12.849,1,0.505393,0.36288,0,51.2006,3.93393,47.1241,0.84672,12.849,0.84672,3695.15,0,18.483,0.249295,0.292723,1.76262,6.86079,0.898218,7.76862,0.42336,0,0,18.483,0.42336,442.007,0,0.789638,0,0,1.08236,0.292723,1.028160,1,0,54.8927,0,0,0,54.8927,0
48.3764,1.82946,0,0,4.6655,0.203175,0.36288,3.6288,52.0314,0.501992,0,0,2.48695,0.197457,0,0.66528,12.849,1,0.509837,0.36288,0,117.142,3.93393,113.061,0.84672,12.849,0.84672,3695.15,0,18.483,0.184666,1.78466,1.76294,11.375,0.898218,13.8397,0.42336,0,0,18.483,0.42336,442.007,0,1.02816,0,0,2.81282,1.78466,1.028160,1,0,126.901,0,0,0,126.901,0
49.7378,1.68505,0,0,3.63447,0.225172,0.36288,3.6288,53.2224,0.411143,0,0,1.80903,0.206861,0,0.66528,12.849,1,0.447558,0.36288,0,67.2059,3.7497,63.3715,0.84672,12.849,0.84672,3695.15,0,18.483,0.146049,0.858021,1.76325,6.77341,0.834582,8.41406,0.42336,0,0,18.483,0.42336,442.007,0,1.02816,0,0,1.88618,0.858021,1.028160,1,0,71.7856,0,0,0,71.7856,0
50.3719,1.59318,0,0,2.82575,0.235533,0.36288,3.6288,54.4724,0.509623,0,0,1.96485,0.205228,0,0.66528,12.849,1,0.411573,0.36288,0,98.7336,4.65181,94.0331,0.84672,12.849,0.84672,3695.15,0,18.483,0.176981,0.550532,1.62449,7.45796,1.11737,8.33863,0.42336,0,0,18.483,0.42336,442.007,0,1.02816,0,0,1.57869,0.550532,1.028160,1,0,102.372,0,0,0,102.372,0
51.4993,1.59854,0,0,3.32593,0.237117,0.36288,3.6288,56.0104,0.512656,0,0,2.25775,0.207103,0,0.66528,12.849,1,0.407761,0.36288,0,105.153,4.65181,100.456,0.84672,12.849,0.84672,3695.15,0,18.483,0.173949,1.06059,1.70052,8.05749,1.11737,9.52728,0.42336,0,0,18.483,0.42336,442.007,0,1.02816,0,0,2.08875,1.06059,1.028160,1,0,109.984,0,0,0,109.984,0
54.3562,1.60693,0,0,5.06658,0.239933,0.36288,3.6288,57.7407,0.516247,0,0,2.45568,0.209208,0,0.66528,12.849,1,0.400927,0.36288,0,99.7946,4.65181,95.1047,0.84672,12.849,0.84672,3695.15,0,18.483,0.170357,1.61605,1.70081,9.00219,1.11737,11.0313,0.42336,0,0,18.483,0.42336,442.007,0,1.02816,0,0,2.64421,1.61605,1.028160,1,0,106.136,0,0,0,106.136,0
57.9115,1.62523,0,0,5.78872,0.245234,0.36288,3.6288,59.7285,0.520114,0,0,2.72024,0.212294,0,0.66528,12.849,1,0.384181,0.36288,0,105.961,4.54555,101.394,0.84672,12.849,0.84672,3695.15,0,18.483,0.16649,1.56736,1.7011,9.65546,1.10424,11.6532,0.42336,0,0,18.483,0.42336,442.007,0,1.02816,0,0,2.59552,1.56736,1.028160,1,0,113.047,0,0,0,113.047,0
60.9407,1.71152,0,0,5.33824,0.234651,0.36288,3.6288,61.308,0.553026,0,0,2.40129,0.214246,0.0545156,0.66528,12.849,1,0.379739,0.36288,0,110.833,3.96671,106.849,0.84672,12.849,0.84672,3695.15,0,18.483,0.171134,1.52485,1.70139,9.43548,1.09167,11.3989,0.42336,0,0,18.483,0.42336,442.007,0,1.02816,0,0,2.55301,1.52485,1.028160,1,0,118.303,0,0,0,118.303,0
65.1934,1.7594,0,0,6.62052,0.24561,0.36288,3.6288,61.308,0.527557,0,0,2.1827,0.215857,1.43928,0.66528,12.849,1,0.37096,0.36288,0,132.043,3.68781,128.348,0.84672,12.849,0.84672,3695.15,0,18.483,0.159047,2.25842,1.74574,11.3715,1.14354,14.0731,0.42336,0,0,18.483,0.42336,442.007,0,1.02816,0,0,3.28658,2.25842,1.028160,1,0,143.86,0,0,0,143.86,0
69.3721,1.78091,0,0,6.57679,0.254282,0.36288,3.6288,61.308,0.527557,0,0,2.52481,0.215857,1.78139,0.66528,12.849,1,0.351,0.36288,0,150.327,3.68781,146.651,0.84672,12.849,0.84672,3695.15,0,18.483,0.159047,2.53498,1.72406,14.0196,1.14354,16.9761,0.42336,0,0,18.483,0.42336,442.007,0,1.02816,0,0,3.56314,2.53498,1.028160,1,0,165.409,0,0,0,165.409,0
72.29,1.80005,0,0,6.06315,0.262803,1.08236,3.6288,61.308,0.527557,0,0,2.42887,0.215857,1.68545,0.66528,12.849,1,0.333404,1.08236,0,176.363,3.68781,173.424,0.84672,12.849,0.84672,3695.15,0,18.483,0.159047,2.65621,1.72435,13.4553,1.14354,16.5333,0.42336,0,0,18.483,0.42336,442.007,0,1.02816,0,0,3.68437,2.65621,1.028160,1,0,191.643,0,0,0,191.643,0
72.29,2.03213,0,0,7.83104,0.278146,5.52076,3.6288,61.308,0.636089,0,0,2.11536,0.209189,1.27008,0.66528,12.849,1,0.361196,5.52076,0,193.907,3.61242,195.454,0.84672,12.849,0.84672,3695.15,0,18.483,0.191767,2.72921,1.72464,13.6325,1.12087,16.7737,0.42336,0,0,18.483,0.42336,442.007,0,1.02816,0,0,3.75737,2.72921,1.028160,1,0,213.498,0,0,0,213.498,0
72.29,2.15347,0,0,12.0298,0.3345,9.54185,3.6288,61.308,0.527601,0,0,4.38667,0.16918,3.68989,0.66528,12.849,1,0.382763,9.54185,0,284.481,3.16008,290.48,0.84672,12.849,0.84672,3695.15,0,18.483,0.15906,9.23288,1.88247,24.5671,0.984891,34.5385,0.42336,0,0,18.483,0.42336,442.007,0,1.02816,0,0,10.261,9.23288,1.028160,1,0,328.708,0,0,0,328.708,0
72.29,2.15492,0,0,6.27574,0.3345,3.78632,3.6288,61.308,0.527601,0,0,2.78675,0.16918,2.08997,0.66528,12.849,1,0.383021,3.78632,0,151.098,3.16008,151.341,0.84672,12.849,0.84672,3695.15,0,18.483,0.15906,4.2917,1.80016,12.6274,0.984891,17.5753,0.42336,0,0,18.483,0.42336,442.007,0,1.02816,0,0,5.31986,4.2917,1.028160,1,0,171.007,0,0,0,171.007,0
72.29,2.15638,0,0,4.93704,0.3345,2.44617,3.6288,61.308,0.527601,0,0,2.32026,0.16918,1.62348,0.66528,12.849,1,0.38328,2.44617,0,108.96,3.16008,107.863,0.84672,12.849,0.84672,3695.15,0,18.483,0.15906,3.6725,1.80048,10.1942,0.984891,14.5232,0.42336,0,0,18.483,0.42336,442.007,0,1.02816,0,0,4.70066,3.6725,1.028160,1,0,124.009,0,0,0,124.009,0
72.29,1.84448,0,0,6.60686,0.336106,4.42627,3.6288,61.308,0.381714,0,0,3.27434,0.149331,2.74329,0.66528,12.849,1,0.327843,4.42627,0,140.645,2.98757,141.756,0.84672,12.849,0.84672,3695.15,0,18.483,0.115078,6.58054,1.8008,13.5138,0.8932,20.8869,0.42336,0,0,18.483,0.42336,442.007,0,1.02816,0,0,7.6087,6.58054,1.028160,1,0,165.386,0,0,0,165.386,0
72.29,1.6846,0,0,12.7136,0.336603,10.6924,3.6288,61.308,0.527542,0,0,6.33806,0.155366,5.65515,0.66528,12.849,1,0.299424,10.6924,0,302.851,4.19964,309.044,0.84672,12.849,0.84672,3695.15,0,18.483,0.159042,15.4261,1.58527,25.6722,1.01928,41.5053,0.42336,0,0,18.483,0.42336,442.007,0,1.02816,0,0,16.4543,15.4261,1.028160,1,0,356.205,0,0,0,356.205,0
72.29,1.68586,0,0,8.64397,0.379887,6.57823,3.6288,61.308,0.527542,0,0,3.01132,0.0851602,2.39861,0.66528,12.849,1,0.299649,6.57823,0,206.556,3.20124,209.633,0.84672,12.849,0.84672,3695.15,0,18.483,0.159042,7.323,1.69662,16.3647,0.812687,24.4126,0.42336,0,0,18.483,0.42336,442.007,0,1.02816,0,0,8.35116,7.323,1.028160,1,0,236.444,0,0,0,236.444,0
72.29,1.68712,0,0,10.5696,0.379887,8.50256,3.6288,61.308,0.527542,0,0,4.38445,0.0851602,3.77174,0.66528,12.849,1,0.299873,8.50256,0,214.898,3.20124,219.9,0.84672,12.849,0.84672,3695.15,0,18.483,0.159042,8.6006,1.6969,21.1144,0.812687,30.4402,0.42336,0,0,18.483,0.42336,442.007,0,1.02816,0,0,9.62876,8.6006,1.028160,1,0,254.112,0,0,0,254.112,0
72.29,1.68839,0,0,11.6853,0.379887,9.61707,3.6288,61.308,0.527542,0,0,4.91293,0.0851602,4.30023,0.66528,12.849,1,0.300098,9.61707,0,293.071,3.20124,299.186,0.84672,12.849,0.84672,3695.15,0,18.483,0.159042,12.2706,1.69717,24.41,0.812687,37.406,0.42336,0,0,18.483,0.42336,442.007,0,1.02816,0,0,13.2988,12.2706,1.028160,1,0,340.893,0,0,0,340.893,0
72.29,1.76868,0,0,8.56172,0.33265,6.46039,3.6288,61.308,0.563304,0,0,3.88767,0.119371,3.205,0.66528,12.849,1,0.31437,6.46039,0,209.664,3.37077,212.44,0.84672,12.849,0.84672,3695.15,0,18.483,0.169824,6.05648,1.69745,18.3389,0.804664,25.1184,0.42336,0,0,18.483,0.42336,442.007,0,1.02816,0,0,7.08464,6.05648,1.028160,1,0,240.763,0,0,0,240.763,0
72.29,1.8095,0,0,7.76166,0.329615,5.62255,3.6288,61.308,0.527557,0,0,3.44077,0.141478,2.77173,0.66528,12.849,1,0.321624,5.62255,0,188.899,3.56065,190.639,0.84672,12.849,0.84672,3695.15,0,18.483,0.159047,4.53874,1.75113,16.3934,0.81899,21.7052,0.42336,0,0,18.483,0.42336,442.007,0,1.02816,0,0,5.5669,4.53874,1.028160,1,0,215.116,0,0,0,215.116,0
72.29,1.81081,0,0,10.9773,0.329615,8.83687,3.6288,61.308,0.527557,0,0,5.71089,0.141478,5.04186,0.66528,12.849,1,0.321857,8.83687,0,201.84,3.56065,206.794,0.84672,12.849,0.84672,3695.15,0,18.483,0.159047,9.18881,1.7242,30.5704,0.81899,40.5054,0.42336,0,0,18.483,0.42336,442.007,0,1.02816,0,0,10.217,9.18881,1.028160,1,0,252.341,0,0,0,252.341,0
72.29,1.81212,0,0,7.58981,0.293903,5.48378,3.6288,61.308,0.527557,0,0,4.06125,0.160509,3.37318,0.66528,12.849,1,0.322091,5.48378,0,247.167,3.79334,248.535,0.84672,12.849,0.84672,3695.15,0,18.483,0.159047,5.27485,1.72449,17.6742,0.864791,23.6497,0.42336,0,0,18.483,0.42336,442.007,0,1.02816,0,0,6.30301,5.27485,1.028160,1,0,275.558,0,0,0,275.558,0
72.29,1.78248,0,0,7.05465,0.233394,5.03877,3.6288,61.308,0.513646,0,0,2.87431,0.196339,2.16433,0.66528,12.849,1,0.316823,5.03877,0,195.453,3.99948,196.176,0.84672,12.849,0.84672,3695.15,0,18.483,0.154853,4.28664,1.72478,14.4786,0.963803,19.3713,0.42336,0,0,18.483,0.42336,442.007,0,1.02816,0,0,5.3148,4.28664,1.028160,1,0,217.711,0,0,0,217.711,0
72.29,1.76841,0,0,7.51162,0.212329,5.53088,3.6288,61.308,0.527552,0,0,2.35177,0.2124,1.61182,0.66528,12.849,1,0.314321,5.53088,0,173.28,4.30721,174.189,0.84672,12.849,0.84672,3695.15,0,18.483,0.159045,3.81343,1.70425,12.9655,1.0706,17.2536,0.42336,0,0,18.483,0.42336,442.007,0,1.02816,0,0,4.84159,3.81343,1.028160,1,0,193.054,0,0,0,193.054,0
72.29,1.7697,0,0,6.42773,0.142733,4.51529,3.6288,61.308,0.527552,0,0,2.04315,0.243719,1.27188,0.66528,12.849,1,0.314552,4.51529,0,143.052,4.72931,142.524,0.84672,12.849,0.84672,3695.15,0,18.483,0.159045,3.39248,1.71513,11.6107,1.12984,15.4294,0.42336,0,0,18.483,0.42336,442.007,0,1.02816,0,0,4.42064,3.39248,1.028160,1,0,159.225,0,0,0,159.225,0
72.29,1.771,0,0,5.96226,0.142733,4.04852,3.6288,61.308,0.527552,0,0,1.85721,0.243719,1.08594,0.66528,12.849,1,0.314782,4.04852,0,123.535,4.72931,122.539,0.84672,12.849,0.84672,3695.15,0,18.483,0.159045,3.09034,1.71541,10.9895,1.12984,14.5063,0.42336,0,0,18.483,0.42336,442.007,0,1.02816,0,0,4.1185,3.09034,1.028160,1,0,138.131,0,0,0,138.131,0
72.29,1.87752,0,0,5.65614,0.142733,3.63588,3.6288,61.308,0.576965,0,0,1.7193,0.243719,0.898615,0.66528,12.849,1,0.333716,3.63588,0,111.38,4.72931,109.953,0.84672,12.849,0.84672,3695.15,0,18.483,0.173942,2.86126,1.7157,10.4155,1.12984,13.6887,0.42336,0,0,18.483,0.42336,442.007,0,1.02816,0,0,3.88942,2.86126,1.028160,1,0,124.54,0,0,0,124.54,0
72.29,1.93347,0,0,4.63037,0.141482,2.55543,3.6288,61.308,0.527572,0,0,1.37639,0.238037,0.610778,0.66528,12.849,1,0.343659,2.55543,0,97.2052,4.79412,94.6228,0.84672,12.849,0.84672,3695.15,0,18.483,0.159051,1.79863,1.78889,7.61797,1.09004,9.95641,0.42336,0,0,18.483,0.42336,442.007,0,1.02816,0,0,2.82679,1.79863,1.028160,1,0,105.19,0,0,0,105.19,0
72.29,1.93483,0,0,4.20442,0.0729748,2.19662,3.6288,61.308,0.527572,0,0,1.26821,0.259091,0.481543,0.66528,12.849,1,0.343901,2.19662,0,70.7512,5.15214,67.4518,0.84672,12.849,0.84672,3695.15,0,18.483,0.159051,1.37674,1.75157,7.12791,1.24217,8.85501,0.42336,0,0,18.483,0.42336,442.007,0,1.02816,0,0,2.4049,1.37674,1.028160,1,0,76.7884,0,0,0,76.7884,0
72.29,1.93619,0,0,4.03091,0.0729748,2.02175,3.6288,61.308,0.527572,0,0,1.23725,0.259091,0.450585,0.66528,12.849,1,0.344142,2.02175,0,65.4636,5.15214,61.989,0.84672,12.849,0.84672,3695.15,0,18.483,0.159051,1.3732,1.75187,6.88729,1.24217,8.61115,0.42336,0,0,18.483,0.42336,442.007,0,1.02816,0,0,2.40136,1.3732,1.028160,1,0,71.0508,0,0,0,71.0508,0
72.29,1.93755,0,0,3.85111,0.0729748,1.84059,3.6288,61.308,0.527572,0,0,1.24209,0.259091,0.455424,0.66528,12.849,1,0.344384,1.84059,0,62.5502,5.15214,58.8943,0.84672,12.849,0.84672,3695.15,0,18.483,0.159051,1.58684,1.75218,6.55914,1.24217,8.49694,0.42336,0,0,18.483,0.42336,442.007,0,1.02816,0,0,2.615,1.58684,1.028160,1,0,67.8467,0,0,0,67.8467,0
72.29,1.91806,0,0,3.07631,0.0922462,1.066,3.6288,61.308,0.554785,0,0,1.02428,0.261599,0.207897,0.66528,12.849,1,0.34092,1.066,0,55.5434,4.66746,51.6011,0.84672,12.849,0.84672,3695.15,0,18.483,0.167255,1.00527,1.75248,5.42792,1.28951,6.72891,0.42336,0,0,18.483,0.42336,442.007,0,1.02816,0,0,2.03343,1.00527,1.028160,1,0,58.5379,0,0,0,58.5379,0
72.29,1.94948,0,0,2.74884,0.0861849,0.713177,3.6288,61.308,0.527583,0,0,0.928169,0.266289,0.134297,0.66528,12.849,1,0.346505,0.713177,0,53.2284,4.71051,48.8846,0.84672,12.849,0.84672,3695.15,0,18.483,0.159055,0.679968,1.77554,5.29103,1.2993,6.28818,0.42336,0,0,18.483,0.42336,442.007,0,1.02816,0,0,1.70813,0.679968,1.028160,1,0,55.3071,0,0,0,55.3071,0
72.29,1.95085,0,0,2.5132,0.0861849,0.476173,3.6288,61.308,0.527583,0,0,0.905913,0.266289,0.11204,0.66528,12.849,1,0.346748,0.476173,0,52.477,4.71051,47.8959,0.84672,12.849,0.84672,3695.15,0,18.483,0.159055,0.71134,1.75512,5.22598,1.2993,6.23408,0.42336,0,0,18.483,0.42336,442.007,0,1.02816,0,0,1.7395,0.71134,1.028160,1,0,54.2421,0,0,0,54.2421,0
72.1856,1.95221,0,0,2.29691,0.0861849,0.36288,3.6288,61.308,0.527583,0,0,0.847143,0.266289,0.0532709,0.66528,12.849,1,0.346991,0.36288,0,49.3593,4.71051,44.6647,0.84672,12.849,0.84672,3695.15,0,18.483,0.159055,0.458421,1.75542,4.97295,1.2993,5.72843,0.42336,0,0,18.483,0.42336,442.007,0,1.02816,0,0,1.48658,0.458421,1.028160,1,0,50.4464,0,0,0,50.4464,0
71.7608,2.00707,0,0,2.02446,0.0793336,0.36288,3.6288,61.2067,0.551875,0,0,0.750393,0.299856,0,0.66528,12.849,1,0.357258,0.36288,0,42.1353,5.29953,36.8414,0.84672,12.849,0.84672,3695.15,0,18.483,0.166378,0.374864,1.75572,4.47988,1.43507,5.00902,0.42336,0,0,18.483,0.42336,442.007,0,1.02816,0,0,1.40302,0.374864,1.028160,1,0,41.8504,0,0,0,41.8504,0
71.1623,2.03348,0,0,1.86224,0.0643384,0.36288,3.6288,61.0783,0.527391,0,0,0.732417,0.33343,0,0.66528,12.849,1,0.364101,0.36288,0,34.008,6.01182,27.995,0.84672,12.849,0.84672,3695.15,0,18.483,0.15926,0.308673,1.79235,4.10933,1.54876,4.50234,0.42336,0,0,18.483,0.42336,442.007,0,1.02816,0,0,1.33683,0.308673,1.028160,1,0,32.4973,0,0,0,32.4973,0
70.5833,2.03228,0,0,1.87502,0.0588979,0.36288,3.6288,60.9095,0.527134,0,0,0.695926,0.337595,0,0.66528,12.849,1,0.366947,0.36288,0,44.5461,6.04978,38.4923,0.84672,12.849,0.84672,3695.15,0,18.483,0.159517,0.468348,1.77417,4.52342,1.57125,5.03517,0.42336,0,0,18.483,0.42336,442.007,0,1.02816,0,0,1.49651,0.468348,1.028160,1,0,43.5274,0,0,0,43.5274,0
69.8863,2.03113,0,0,1.75568,0.0586369,0.36288,3.6288,60.6926,0.526795,0,0,0.647179,0.337234,0,0.66528,12.849,1,0.369747,0.36288,0,35.7666,6.04978,29.7099,0.84672,12.849,0.84672,3695.15,0,18.483,0.159856,0.440614,1.77448,4.07751,1.57125,4.5615,0.42336,0,0,18.483,0.42336,442.007,0,1.02816,0,0,1.46877,0.440614,1.028160,1,0,34.2714,0,0,0,34.2714,0
68.8768,2.18679,0,0,1.5985,0.0583227,0.36288,3.6288,60.3465,0.623781,0,0,0.614422,0.336771,0,0.66528,12.849,1,0.402053,0.36288,0,32.5966,6.04978,26.5077,0.84672,12.849,0.84672,3695.15,0,18.483,0.189963,0.227405,1.77479,3.80341,1.57125,4.04438,0.42336,0,0,18.483,0.42336,442.007,0,1.01536,0,0,1.24277,0.227405,1.028160,1,0,30.5521,0,0,0,30.5521,0
67.2664,2.2796,0,0,1.11647,0.0844485,0.36288,3.6288,59.8791,0.61465,0,0,0.455317,0.308073,0,0.66528,12.849,1,0.42526,0.36288,0,20.5895,5.94279,14.5843,0.84672,12.849,0.84672,3695.15,0,18.483,0.188256,0.227405,1.89832,3.42971,1.51071,3.85646,0.42336,0,0,18.483,0.42336,442.007,0,0.911952,0,0,1.13936,0.227405,1.028160,1,0,18.4408,0,0,0,18.4408,0
65.7042,2.27254,0,0,1.15555,0.082265,0.36288,3.6288,59.5404,0.524728,0,0,0.491599,0.305506,0,0.66528,12.849,1,0.434093,0.36288,0,22.2492,6.0122,16.1658,0.84672,12.849,0.84672,3695.15,0,18.483,0.161969,0.221435,1.83179,3.31882,1.51805,3.69203,0.42336,0,0,18.483,0.42336,442.007,0,1.02816,0,0,1.24959,0.221435,1.028160,1,0,19.8578,0,0,0,19.8578,0
63.911,2.26539,0,0,0.91622,0.0812512,0.36288,3.6288,58.8561,0.748434,0,0,0.368989,0.304846,0,0.66528,12.849,1,0.443015,0.36288,0,24.4304,6.0122,18.338,0.84672,12.849,0.84672,3695.15,0,18.483,0.232335,0.204422,1.83212,2.66476,1.51805,2.95092,0.42336,0,0,18.483,0.42336,442.007,0,0.734089,0,0,0.938511,0.204422,1.028160,1,0,21.289,0,0,0,21.289,0
62.3251,2.25651,0,0,1.11364,0.0800875,0.36288,3.6288,58.6233,0.522586,0,0,0.593233,0.303512,0,0.66528,12.849,1,0.453661,0.36288,0,21.2959,6.0122,15.1929,0.84672,12.849,0.84672,3695.15,0,18.483,0.164111,0.527852,1.83245,3.8396,1.51805,4.51774,0.42336,0,0,18.483,0.42336,442.007,0,1.02816,0,0,1.55601,0.527852,1.028160,1,0,19.7106,0,0,0,19.7106,0
60.5006,2.17297,0,0,0.791078,0.0797626,0.36288,3.6288,58.0406,0.684708,0,0,0.382157,0.280163,0,0.66528,12.849,1,0.447982,0.36288,0,18.615,5.41261,13.1173,0.84672,12.849,0.84672,3695.15,0,18.483,0.215878,0.204422,1.83279,3.44272,1.41536,3.84869,0.42336,0,0,18.483,0.42336,442.007,0,0.744759,0,0,0.949182,0.204422,1.028160,1,0,16.9659,0,0,0,16.9659,0
58.5556,2.10593,0,0,0.6029,0.0790882,0.36288,3.6288,57.1408,0.95282,0,0,0.315037,0.262005,0,0.66528,12.849,1,0.447252,0.36288,0,16.018,4.96293,10.9707,0.84672,12.849,0.84672,3695.15,0,18.483,0.303425,0.216518,1.76236,2.96233,1.33835,3.29943,0.42336,0,0,18.483,0.42336,442.007,0,0.458585,0,0,0.675104,0.216518,1.028160,1,0,14.2701,0,0,0,14.2701,0
56.6936,2.09514,0,0,0.708725,0.11273,0.36288,3.6288,56.2936,0.936316,0,0,0.320073,0.23096,0,0.66528,12.849,1,0.459742,0.36288,0,16.1349,4.54767,11.4903,0.84672,12.849,0.84672,3695.15,0,18.483,0.302865,0.216518,1.80334,3.09361,1.20855,3.60206,0.42336,0,0,18.483,0.42336,442.007,0,0.475649,0,0,0.692168,0.216518,1.028160,1,0,15.0924,0,0,0,15.0924,0
56.0464,2.08422,0,0,1.99676,0.196832,0.36288,3.6288,56.3153,0.598956,0,0,0.777016,0.156286,0,0.66528,12.849,1,0.472368,0.36288,0,51.5537,3.50952,47.9347,0.84672,12.849,0.84672,3695.15,0,18.483,0.196657,0.216518,1.80366,8.23425,0.884063,9.17371,0.42336,0,0,18.483,0.42336,442.007,0,0.919218,0,0,1.13574,0.216518,1.028160,1,0,57.1084,0,0,0,57.1084,0
54.6651,2.02032,0,0,1.19013,0.188247,0.36288,3.6288,55.9128,0.712245,0,0,0.473697,0.163951,0,0.66528,12.849,1,0.463173,0.36288,0,34.4018,3.66354,30.638,0.84672,12.849,0.84672,3695.15,0,18.483,0.233763,0.216518,1.80398,3.96096,0.882708,4.86499,0.42336,0,0,18.483,0.42336,442.007,0,0.705447,0,0,0.921966,0.216518,1.028160,1,0,35.503,0,0,0,35.503,0
53.025,1.96089,0,0,0.842576,0.158842,0.36288,3.6288,55.3172,0.892877,0,0,0.504497,0.207282,0,0.66528,12.849,1,0.460907,0.36288,0,23.6884,4.60713,18.9832,0.84672,12.849,0.84672,3695.15,0,18.483,0.295157,0.216518,1.74132,3.35997,0.899383,4.12327,0.42336,0,0,18.483,0.42336,442.007,0,0.526771,0,0,0.74329,0.216518,1.028160,1,0,23.1065,0,0,0,23.1065,0
51.5598,1.95075,0,0,1.10225,0.253794,0.36288,3.6288,54.4989,1.02264,0,0,0.399054,0.194681,0,0.66528,12.849,1,0.472705,0.36288,0,32.82,4.72395,27.9862,0.84672,12.849,0.84672,3695.15,0,18.483,0.341692,0.292723,1.7787,3.26087,1.0482,3.9424,0.42336,0,0,18.483,0.42336,442.007,0,0.350473,0,0,0.643196,0.292723,1.028160,1,0,31.9286,0,0,0,31.9286,0
49.9423,1.94132,0,0,0.936662,0.249984,0.36288,3.6288,53.8428,0.910289,0,0,0.447854,0.193634,0,0.66528,12.849,1,0.483788,0.36288,0,26.8288,4.72395,21.984,0.84672,12.849,0.84672,3695.15,0,18.483,0.308719,0.292723,1.77901,3.62443,1.0482,4.33925,0.42336,0,0,18.483,0.42336,442.007,0,0.495798,0,0,0.788521,0.292723,1.028160,1,0,26.3232,0,0,0,26.3232,0
50.4578,1.76093,0,0,2.88506,0.245777,0.36288,3.6288,54.6705,0.412754,0,0,1.43319,0.192795,0,0.66528,12.849,1,0.453046,0.36288,0,92.9519,4.72395,88.1378,0.84672,12.849,0.84672,3695.15,0,18.483,0.141689,1.49362,1.77932,8.61838,1.0482,10.7014,0.42336,0,0,18.483,0.42336,442.007,0,1.02816,0,0,2.52178,1.49362,1.028160,1,0,98.8392,0,0,0,98.8392,0
49.8136,1.6605,0,0,1.60574,0.226545,0.36288,3.6288,54.7024,0.513118,0,0,0.735176,0.190141,0,0.66528,12.849,1,0.422843,0.36288,0,78.3472,4.75275,73.5345,0.84672,12.849,0.84672,3695.15,0,18.483,0.173475,0.301657,1.63762,4.93273,1.00421,5.69433,0.42336,0,0,18.483,0.42336,442.007,0,1.02816,0,0,1.32982,0.301657,1.028160,1,0,79.2288,0,0,0,79.2288,0
48.1752,1.65736,0,0,0.603405,0.221603,0.36288,3.6288,53.7321,1.08821,0,0,0.307491,0.189563,0,0.66528,12.849,1,0.427501,0.36288,0,39.6827,4.75755,34.8605,0.84672,12.849,0.84672,3695.15,0,18.483,0.367688,0.412474,1.71524,2.665,0.996873,3.42815,0.42336,0,0,18.483,0.42336,442.007,0,0.258854,0,0,0.671327,0.412474,1.028160,1,0,38.2886,0,0,0,38.2886,0
47.0129,1.64708,0,0,1.07715,0.229503,0.36288,3.6288,53.0106,0.844665,0,0,0.321813,0.198712,0,0.66528,12.849,1,0.439299,0.36288,0,36.0751,4.28625,31.7124,0.84672,12.849,0.84672,3695.15,0,18.483,0.290551,0.412474,1.71552,2.78996,0.999093,3.62831,0.42336,0,0,18.483,0.42336,442.007,0,0.579537,0,0,0.99201,0.412474,1.028160,1,0,35.3408,0,0,0,35.3408,0
46.2459,1.63974,0,0,1.47856,0.242941,0.36288,3.6288,52.7749,0.509091,0,0,0.442966,0.169515,0,0.66528,12.849,1,0.448154,0.36288,0,60.3302,3.52027,56.7246,0.84672,12.849,0.84672,3695.15,0,18.483,0.177503,0.452529,1.71581,5.04208,0.888915,6.144,0.42336,0,0,18.483,0.42336,442.007,0,1.02816,0,0,1.48069,0.452529,1.028160,1,0,62.8686,0,0,0,62.8686,0
46.8589,1.69927,0,0,2.917,0.241792,0.36288,3.6288,52.6556,0.536903,0,0,0.580832,0.163225,0,0.66528,12.849,1,0.472127,0.36288,0,64.8467,3.34879,61.3887,0.84672,12.849,0.84672,3695.15,0,18.483,0.188036,0.928981,1.71609,6.67062,0.918503,8.20915,0.42336,0,0,18.483,0.42336,442.007,0,1.02816,0,0,1.95714,0.928981,1.028160,1,0,69.5978,0,0,0,69.5978,0
49.547,1.7354,0,0,5.02693,0.240601,0.36288,3.6288,52.8211,0.508204,0,0,0.847826,0.174156,0,0.66528,12.849,1,0.475856,0.36288,0,101.985,3.34016,98.5315,0.84672,12.849,0.84672,3695.15,0,18.483,0.178388,1.23895,1.76136,7.66437,1.0176,9.46869,0.42336,0,0,18.483,0.42336,442.007,0,1.02816,0,0,2.26711,1.23895,1.028160,1,0,108,0,0,0,108,0
51.492,1.7571,0,0,4.31273,0.247746,0.36288,3.6288,53.1813,0.508618,0,0,1.04318,0.174387,0,0.66528,12.849,1,0.455667,0.36288,0,76.3102,3.34016,72.8773,0.84672,12.849,0.84672,3695.15,0,18.483,0.177974,2.03572,1.73921,8.51489,1.0176,11.0942,0.42336,0,0,18.483,0.42336,442.007,0,1.02816,0,0,3.06388,2.03572,1.028160,1,0,83.9715,0,0,0,83.9715,0
56.2086,1.77208,0,0,7.1175,0.265904,0.36288,3.6288,54.1688,0.509512,0,0,1.66488,0.167847,0,0.66528,12.849,1,0.442194,0.36288,0,140.541,3.45059,137.011,0.84672,12.849,0.84672,3695.15,0,18.483,0.177079,3.71809,1.73949,10.4002,0.993209,14.6875,0.42336,0,0,18.483,0.42336,442.007,0,1.02816,0,0,4.74625,3.71809,1.028160,1,0,151.698,0,0,0,151.698,0
61.1547,2.01818,0,0,7.62437,0.297199,0.36288,3.6288,55.1695,0.619446,0,0,1.77974,0.159637,0,0.66528,12.849,1,0.461346,0.36288,0,147.731,3.59782,144.035,0.84672,12.849,0.84672,3695.15,0,18.483,0.211362,2.30921,1.73977,10.3206,0.960683,13.1975,0.42336,0,0,18.483,0.42336,442.007,0,1.02816,0,0,3.33737,2.30921,1.028160,1,0,157.232,0,0,0,157.232,0
63.2395,2.16953,0,0,4.90636,0.289223,0.36288,3.6288,55.4542,0.514334,0,0,0.986618,0.187534,0,0.66528,12.849,1,0.455831,0.36288,0,103.219,4.16105,98.9655,0.84672,12.849,0.84672,3695.15,0,18.483,0.172313,0.902457,1.9009,6.47674,1.1725,7.93529,0.42336,0,0,18.483,0.42336,442.007,0,1.02816,0,0,1.93062,0.902457,1.028160,1,0,106.901,0,0,0,106.901,0
68.3176,2.1834,0,0,7.91808,0.293664,0.36288,3.6288,56.8656,0.514998,0,0,2.10071,0.174323,0,0.66528,12.849,1,0.443624,0.36288,0,109.655,4.13333,105.441,0.84672,12.849,0.84672,3695.15,0,18.483,0.17165,3.9559,1.81685,12.0584,1.14147,16.518,0.42336,0,0,18.483,0.42336,442.007,0,1.02816,0,0,4.98406,3.9559,1.028160,1,0,121.959,0,0,0,121.959,0
71.7229,2.21256,0,0,6.28651,0.305814,0.36288,3.6288,57.6803,0.518213,0,0,1.50881,0.175938,0,0.66528,12.849,1,0.416133,0.36288,0,141.981,4.13333,137.795,0.84672,12.849,0.84672,3695.15,0,18.483,0.168435,2.3906,1.81717,11.7204,1.14147,14.6183,0.42336,0,0,18.483,0.42336,442.007,0,1.02816,0,0,3.41876,2.3906,1.028160,1,0,152.413,0,0,0,152.413,0
72.29,1.91122,0,0,4.37445,0.316971,1.57912,3.6288,58.3302,0.373217,0,0,1.18289,0.159762,0,0.66528,12.849,1,0.342391,1.57912,0,94.7419,3.83087,92.1478,0.84672,12.849,0.84672,3695.15,0,18.483,0.119593,0.630945,1.81748,5.96401,1.05475,7.23809,0.42336,0,0,18.483,0.42336,442.007,0,1.02816,0,0,1.6591,0.630945,1.028160,1,0,99.3859,0,0,0,99.3859,0
72.29,1.75021,0,0,5.20099,0.304984,3.1458,3.6288,59.037,0.521368,0,0,1.41979,0.191577,0,0.66528,12.849,1,0.311087,3.1458,0,70.6285,3.96596,69.4973,0.84672,12.849,0.84672,3695.15,0,18.483,0.165205,1.5831,1.59743,7.68856,0.959025,9.74486,0.42336,0,0,18.483,0.42336,442.007,0,1.02816,0,0,2.61126,1.5831,1.028160,1,0,79.2422,0,0,0,79.2422,0
72.29,1.75144,0,0,6.32913,0.304984,4.2727,3.6288,59.8857,0.522875,0,0,1.56398,0.192449,0,0.66528,12.849,1,0.311306,4.2727,0,88.0027,3.96596,87.9982,0.84672,12.849,0.84672,3695.15,0,18.483,0.163699,1.86792,1.71109,8.74282,0.959025,11.1991,0.42336,0,0,18.483,0.42336,442.007,0,1.02816,0,0,2.89608,1.86792,1.028160,1,0,99.1973,0,0,0,99.1973,0
72.29,1.75267,0,0,7.22511,0.304984,5.16746,3.6288,61.2247,0.524647,0,0,2.05722,0.193497,0,0.66528,12.849,1,0.311525,5.16746,0,105.453,3.96596,106.343,0.84672,12.849,0.84672,3695.15,0,18.483,0.161926,2.2282,1.71136,9.78264,0.959025,12.6013,0.42336,0,0,18.483,0.42336,442.007,0,1.02816,0,0,3.25636,2.2282,1.028160,1,0,118.944,0,0,0,118.944,0
72.29,1.75391,0,0,7.4219,0.336741,5.33125,3.6288,61.308,0.527368,0,0,1.38982,0.2163,0.562894,0.66528,12.849,1,0.311744,5.33125,0,139.978,4.56687,140.43,0.84672,12.849,0.84672,3695.15,0,18.483,0.159206,1.67727,1.71163,8.60017,0.950467,10.8794,0.42336,0,0,18.483,0.42336,442.007,0,1.02816,0,0,2.70543,1.67727,1.028160,1,0,151.872,0,0,0,151.872,0
72.29,1.83582,0,0,5.51802,0.296505,3.3857,3.6288,61.308,0.564039,0,0,1.31953,0.197223,0.558265,0.66528,12.849,1,0.326303,3.3857,0,73.404,4.32,72.1434,0.84672,12.849,0.84672,3695.15,0,18.483,0.170045,1.25954,1.71191,6.58999,0.929561,8.46183,0.42336,0,0,18.483,0.42336,442.007,0,1.02816,0,0,2.2877,1.25954,1.028160,1,0,81.1635,0,0,0,81.1635,0
72.29,1.87742,0,0,5.5794,0.288428,3.41355,3.6288,61.308,0.527548,0,0,1.6294,0.193972,0.90788,0.66528,12.849,1,0.333698,3.41355,0,80.7935,4.10287,79.7705,0.84672,12.849,0.84672,3695.15,0,18.483,0.159044,1.23352,1.76669,7.06516,0.973887,8.93244,0.42336,0,0,18.483,0.42336,442.007,0,1.02816,0,0,2.26168,1.23352,1.028160,1,0,89.6108,0,0,0,89.6108,0
72.29,1.8787,0,0,4.56692,0.288428,2.39979,3.6288,61.308,0.527548,0,0,1.28972,0.193972,0.568198,0.66528,12.849,1,0.333925,2.39979,0,74.0258,4.10287,71.9888,0.84672,12.849,0.84672,3695.15,0,18.483,0.159044,0.824083,1.73918,6.02338,0.973887,7.45371,0.42336,0,0,18.483,0.42336,442.007,0,1.02816,0,0,1.85224,0.824083,1.028160,1,0,80.0107,0,0,0,80.0107,0
72.29,1.87998,0,0,3.58069,0.269598,1.43111,3.6288,61.308,0.530848,0,0,1.06994,0.200213,0.338883,0.66528,12.849,1,0.334153,1.43111,0,66.1178,4.15847,63.0563,0.84672,12.849,0.84672,3695.15,0,18.483,0.160039,0.528595,1.73946,4.54761,0.977769,5.67786,0.42336,0,0,18.483,0.42336,442.007,0,1.02387,0,0,1.55246,0.528595,1.028160,1,0,69.073,0,0,0,69.073,0
72.29,1.84967,0,0,3.1655,0.218792,1.09703,3.6288,61.308,0.583153,0,0,0.922588,0.214131,0.125304,0.66528,12.849,1,0.328765,1.09703,0,48.1969,4.28952,44.6756,0.84672,12.849,0.84672,3695.15,0,18.483,0.175808,0.528595,1.73975,3.89748,0.985105,5.00491,0.42336,0,0,18.483,0.42336,442.007,0,0.93731,0,0,1.46591,0.528595,1.028160,1,0,49.8058,0,0,0,49.8058,0
72.29,1.83525,0,0,2.43905,0.209465,0.394334,3.6288,61.2754,0.602486,0,0,0.779821,0.209923,0,0.66528,12.849,1,0.326201,0.394334,0,43.6137,4.26972,39.4121,0.84672,12.849,0.84672,3695.15,0,18.483,0.181636,0.528595,1.71878,3.7313,0.979186,4.81785,0.42336,0,0,18.483,0.42336,442.007,0,0.930623,0,0,1.45922,0.528595,1.028160,1,0,44.2299,0,0,0,44.2299,0
71.9978,1.83651,0,0,2.11661,0.209465,0.36288,3.6288,61.3008,0.527478,0,0,0.762696,0.209879,0,0.66528,12.849,1,0.326426,0.36288,0,36.517,4.26972,32.2837,0.84672,12.849,0.84672,3695.15,0,18.483,0.159107,0.436588,1.72987,4.43569,0.979186,5.46385,0.42336,0,0,18.483,0.42336,442.007,0,1.02816,0,0,1.46475,0.436588,1.028160,1,0,37.7475,0,0,0,37.7475,0
72.0564,1.83665,0,0,2.46714,0.209,0.36288,3.6288,61.308,0.527529,0,0,0.814372,0.209913,0.069681,0.66528,12.849,1,0.327776,0.36288,0,37.7092,4.26972,33.4746,0.84672,12.849,0.84672,3695.15,0,18.483,0.159057,0.433892,1.73015,3.8033,0.979186,4.8291,0.42336,0,0,18.483,0.42336,442.007,0,1.02816,0,0,1.46205,0.433892,1.028160,1,0,38.3734,0,0,0,38.3734,0
72.29,1.94549,0,0,2.76334,0.186301,0.397918,3.6288,61.308,0.577978,0,0,0.837873,0.215278,0.0446169,0.66528,12.849,1,0.346917,0.397918,0,45.289,4.43226,40.9077,0.84672,12.849,0.84672,3695.15,0,18.483,0.174248,0.499444,1.73043,3.66651,0.949097,4.77304,0.42336,0,0,18.483,0.42336,442.007,0,1.02816,0,0,1.5276,0.499444,1.028160,1,0,45.7254,0,0,0,45.7254,0
71.8722,2.00348,0,0,2.09961,0.151001,0.36288,3.6288,61.2109,0.527563,0,0,0.644722,0.214249,0,0.66528,12.849,1,0.356103,0.36288,0,35.1154,4.12284,30.9993,0.84672,12.849,0.84672,3695.15,0,18.483,0.159048,0.405484,1.80512,3.0565,0.990675,4.11739,0.42336,0,0,18.483,0.42336,442.007,0,1.02816,0,0,1.43364,0.405484,1.028160,1,0,35.1167,0,0,0,35.1167,0
71.3269,2.00305,0,0,1.94365,0.123106,0.36288,3.6288,61.0782,0.527369,0,0,0.613667,0.219,0,0.66528,12.849,1,0.358096,0.36288,0,31.3977,4.22478,27.1777,0.84672,12.849,0.84672,3695.15,0,18.483,0.159242,0.376618,1.76702,2.83374,0.969187,3.84895,0.42336,0,0,18.483,0.42336,442.007,0,1.02816,0,0,1.40478,0.376618,1.028160,1,0,31.0266,0,0,0,31.0266,0
70.7444,2.00205,0,0,1.90509,0.122595,0.36288,3.6288,60.996,0.527103,0,0,0.663733,0.218817,0,0.66528,12.849,1,0.360655,0.36288,0,30.0778,4.22478,25.8553,0.84672,12.849,0.84672,3695.15,0,18.483,0.159508,0.350101,1.76731,3.05345,0.969187,4.04216,0.42336,0,0,18.483,0.42336,442.007,0,1.02816,0,0,1.37826,0.350101,1.028160,1,0,29.8974,0,0,0,29.8974,0
70.0367,2.00086,0,0,1.77809,0.12205,0.36288,3.6288,60.8186,0.565317,0,0,0.606564,0.218703,0,0.66528,12.849,1,0.363408,0.36288,0,28.1175,4.22478,23.8922,0.84672,12.849,0.84672,3695.15,0,18.483,0.171302,0.30119,1.7676,2.70386,0.969187,3.63217,0.42336,0,0,18.483,0.42336,442.007,0,0.978152,0,0,1.27934,0.30119,1.028160,1,0,27.5244,0,0,0,27.5244,0
69.5053,1.9779,0,0,1.92491,0.115582,0.36288,3.6288,60.7097,0.554303,0,0,0.670036,0.22458,0,0.66528,12.849,1,0.362868,0.36288,0,30.7181,4.35906,26.359,0.84672,12.849,0.84672,3695.15,0,18.483,0.168455,0.499081,1.7679,3.14094,1.06284,4.17663,0.42336,0,0,18.483,0.42336,442.007,0,1.02816,0,0,1.52724,0.499081,1.028160,1,0,30.5356,0,0,0,30.5356,0
69.005,2.00738,0,0,1.98082,0.110773,0.36288,3.6288,60.6777,0.526372,0,0,0.723358,0.229015,0,0.66528,12.849,1,0.371092,0.36288,0,33.4225,4.45977,28.9545,0.84672,12.849,0.84672,3695.15,0,18.483,0.160253,0.738107,1.79142,3.39475,1.13308,4.63095,0.42336,0,0,18.483,0.42336,442.007,0,1.02816,0,0,1.76627,0.738107,1.028160,1,0,33.5854,0,0,0,33.5854,0
68.3236,2.00644,0,0,1.79824,0.110343,0.36288,3.6288,60.6058,0.526307,0,0,0.683338,0.228968,0,0.66528,12.849,1,0.373606,0.36288,0,32.4292,4.45977,27.9587,0.84672,12.849,0.84672,3695.15,0,18.483,0.160318,0.56484,1.77057,3.19101,1.13308,4.23302,0.42336,0,0,18.483,0.42336,442.007,0,1.02816,0,0,1.593,0.56484,1.028160,1,0,32.1917,0,0,0,32.1917,0
67.5022,2.00462,0,0,1.64656,0.100525,0.36288,3.6288,60.4793,0.526162,0,0,0.650385,0.250705,0,0.66528,12.849,1,0.37699,0.36288,0,28.5984,4.74207,23.8422,0.84672,12.849,0.84672,3695.15,0,18.483,0.160464,0.499478,1.77086,3.09896,1.23612,3.97272,0.42336,0,0,18.483,0.42336,442.007,0,1.02816,0,0,1.52764,0.499478,1.028160,1,0,27.8149,0,0,0,27.8149,0
66.644,2.05654,0,0,1.63642,0.075198,0.36288,3.6288,60.2493,0.550616,0,0,0.624591,0.303932,0,0.66528,12.849,1,0.391462,0.36288,0,26.5439,5.46532,21.05,0.84672,12.849,0.84672,3695.15,0,18.483,0.168273,0.474345,1.77116,2.98098,1.49075,3.56746,0.42336,0,0,18.483,0.42336,442.007,0,1.02816,0,0,1.5025,0.474345,1.028160,1,0,24.6174,0,0,0,24.6174,0
66.1136,2.0807,0,0,1.97754,0.0642889,0.36288,3.6288,60.1484,0.525445,0,0,0.721224,0.29672,0,0.66528,12.849,1,0.40116,0.36288,0,30.2733,5.57035,24.6646,0.84672,12.849,0.84672,3695.15,0,18.483,0.161193,0.574949,1.80853,3.05002,1.47284,3.79946,0.42336,0,0,18.483,0.42336,442.007,0,1.02816,0,0,1.60311,0.574949,1.028160,1,0,28.4641,0,0,0,28.4641,0
65.4588,2.07935,0,0,1.85146,0.0640187,0.36288,3.6288,60.0221,0.525238,0,0,0.695494,0.29653,0,0.66528,12.849,1,0.404116,0.36288,0,28.3977,5.57035,22.7861,0.84672,12.849,0.84672,3695.15,0,18.483,0.1614,0.586345,1.78995,3.15476,1.47284,3.89682,0.42336,0,0,18.483,0.42336,442.007,0,1.02816,0,0,1.6145,0.586345,1.028160,1,0,26.6829,0,0,0,26.6829,0
64.592,2.07732,0,0,1.63703,0.063685,0.36288,3.6288,59.8556,0.524978,0,0,0.654731,0.296291,0,0.66528,12.849,1,0.407759,0.36288,0,26.8256,5.57035,21.2103,0.84672,12.849,0.84672,3695.15,0,18.483,0.16166,0.419066,1.79025,2.95956,1.47284,3.53438,0.42336,0,0,18.483,0.42336,442.007,0,1.02816,0,0,1.44723,0.419066,1.028160,1,0,24.7447,0,0,0,24.7447,0
63.4217,2.23267,0,0,1.47931,0.054013,0.36288,3.6288,59.589,0.613749,0,0,0.648259,0.301109,0,0.66528,12.849,1,0.444136,0.36288,0,25.4287,5.71991,19.6276,0.84672,12.849,0.84672,3695.15,0,18.483,0.189522,0.3759,1.79056,2.95301,1.50272,3.42722,0.42336,0,0,18.483,0.42336,442.007,0,1.02816,0,0,1.40406,0.3759,1.028160,1,0,23.0548,0,0,0,23.0548,0
61.977,2.32424,0,0,1.31949,0.0771434,0.36288,3.6288,59.297,0.528613,0,0,0.554319,0.31769,0,0.66528,12.849,1,0.470882,0.36288,0,23.6959,6.188,17.3999,0.84672,12.849,0.84672,3695.15,0,18.483,0.163963,0.227405,1.9166,3.01067,1.43761,3.5531,0.42336,0,0,18.483,0.42336,442.007,0,1.02227,0,0,1.24967,0.227405,1.028160,1,0,20.953,0,0,0,20.953,0
60.7002,2.31658,0,0,1.48577,0.083063,0.36288,3.6288,59.0523,0.523506,0,0,0.605772,0.32694,0,0.66528,12.849,1,0.480271,0.36288,0,26.5158,6.41057,19.9879,0.84672,12.849,0.84672,3695.15,0,18.483,0.163178,0.392498,1.84869,2.99837,1.4442,3.63218,0.42336,0,0,18.483,0.42336,442.007,0,1.02816,0,0,1.42066,0.392498,1.028160,1,0,23.62,0,0,0,23.62,0
59.1375,2.30967,0,0,1.19208,0.08219,0.36288,3.6288,58.6084,0.593789,0,0,0.476334,0.326428,0,0.66528,12.849,1,0.488909,0.36288,0,31.1885,6.41057,24.6519,0.84672,12.849,0.84672,3695.15,0,18.483,0.185852,0.204422,1.84902,2.49071,1.4442,2.9141,0.42336,0,0,18.483,0.42336,442.007,0,0.935202,0,0,1.13962,0.204422,1.028160,1,0,27.566,0,0,0,27.566,0
57.805,2.30047,0,0,1.41179,0.0810073,0.36288,3.6288,58.488,0.522048,0,0,0.727111,0.325499,0,0.66528,12.849,1,0.499831,0.36288,0,26.7699,6.41057,20.2224,0.84672,12.849,0.84672,3695.15,0,18.483,0.164635,0.68618,1.84934,3.3682,1.4442,4.29488,0.42336,0,0,18.483,0.42336,442.007,0,1.02816,0,0,1.71434,0.68618,1.028160,1,0,24.5173,0,0,0,24.5173,0
56.4553,2.2165,0,0,1.31689,0.0871616,0.36288,3.6288,58.697,0.467895,0,0,0.983877,0.307008,0,0.66528,12.849,1,0.492688,0.36288,0,24.7092,5.98509,18.5943,0.84672,12.849,0.84672,3695.15,0,18.483,0.147861,1.19978,1.84966,3.96693,1.35437,5.51414,0.42336,0,0,18.483,0.42336,442.007,0,1.02816,0,0,2.22794,1.19978,1.028160,1,0,24.1084,0,0,0,24.1084,0
55.1899,2.15051,0,0,1.34347,0.0954795,0.36288,3.6288,58.5305,0.522217,0,0,0.638845,0.283069,0,0.66528,12.849,1,0.489447,0.36288,0,23.0006,5.41779,17.4563,0.84672,12.849,0.84672,3695.15,0,18.483,0.16444,0.323654,1.77779,2.99925,1.23459,3.70168,0.42336,0,0,18.483,0.42336,442.007,0,1.02816,0,0,1.35181,0.323654,1.028160,1,0,21.158,0,0,0,21.158,0
53.7002,2.14276,0,0,1.11018,0.0942835,0.36288,3.6288,58.2563,0.5543,0,0,0.562818,0.282766,0,0.66528,12.849,1,0.498864,0.36288,0,21.2366,5.41779,15.6828,0.84672,12.849,0.84672,3695.15,0,18.483,0.175039,0.216518,1.8196,2.77753,1.23459,3.40402,0.42336,0,0,18.483,0.42336,442.007,0,0.985478,0,0,1.202,0.216518,1.028160,1,0,19.0868,0,0,0,19.0868,0
53.0916,2.13293,0,0,2.06366,0.176468,0.36288,3.6288,58.4027,0.521273,0,0,0.875587,0.207923,0,0.66528,12.849,1,0.510353,0.36288,0,37.496,4.37964,32.9689,0.84672,12.849,0.84672,3695.15,0,18.483,0.165384,0.473593,1.81991,4.82248,0.910096,6.0405,0.42336,0,0,18.483,0.42336,442.007,0,1.02816,0,0,1.50175,0.473593,1.028160,1,0,39.0094,0,0,0,39.0094,0
54.5624,2.06812,0,0,4.11046,0.208605,0.36288,3.6288,59.0854,0.472471,0,0,1.33352,0.178354,0,0.66528,12.849,1,0.500517,0.36288,0,75.1519,3.96438,71.0499,0.84672,12.849,0.84672,3695.15,0,18.483,0.149526,1.05312,1.82022,6.88997,0.7803,8.83348,0.42336,0,0,18.483,0.42336,442.007,0,1.02816,0,0,2.08128,1.05312,1.028160,1,0,79.8834,0,0,0,79.8834,0
56.9365,2.02803,0,0,4.99296,0.227981,0.36288,3.6288,59.6325,0.523022,0,0,1.25962,0.189436,0,0.66528,12.849,1,0.477583,0.36288,0,69.7775,3.93026,65.7325,0.84672,12.849,0.84672,3695.15,0,18.483,0.163611,0.898266,1.75627,3.83844,1.06695,5.26242,0.42336,0,0,18.483,0.42336,442.007,0,1.02816,0,0,1.92643,0.898266,1.028160,1,0,70.995,0,0,0,70.995,0
59.1647,2.04559,0,0,4.87009,0.233442,0.36288,3.6288,59.9864,0.524168,0,0,1.06816,0.1901,0,0.66528,12.849,1,0.461633,0.36288,0,69.965,3.93026,65.936,0.84672,12.849,0.84672,3695.15,0,18.483,0.162465,0.969382,1.7944,5.48592,1.06695,7.0203,0.42336,0,0,18.483,0.42336,442.007,0,1.02816,0,0,1.99754,0.969382,1.028160,1,0,72.9563,0,0,0,72.9563,0
62.4657,2.0612,0,0,5.96367,0.238566,0.36288,3.6288,60.6803,0.524901,0,0,1.40936,0.19053,0,0.66528,12.849,1,0.447638,0.36288,0,78.7821,3.93026,74.7671,0.84672,12.849,0.84672,3695.15,0,18.483,0.161732,1.00697,1.7947,5.7208,1.06695,7.29379,0.42336,0,0,18.483,0.42336,442.007,0,1.02816,0,0,2.03513,1.00697,1.028160,1,0,82.0609,0,0,0,82.0609,0
65.4525,1.90211,0,0,5.49733,0.24554,0.36288,3.6288,61.308,0.422934,0,0,1.78794,0.191373,0.54598,0.66528,12.849,1,0.391257,0.36288,0,67.3399,3.93026,63.3813,0.84672,12.849,0.84672,3695.15,0,18.483,0.128824,1.67389,1.795,7.89317,1.06695,10.1663,0.42336,0,0,18.483,0.42336,442.007,0,1.02816,0,0,2.70205,1.67389,1.028160,1,0,74.0935,0,0,0,74.0935,0
67.6826,1.80557,0,0,4.6568,0.258281,0.36288,3.6288,61.308,0.52754,0,0,1.10382,0.184674,0.391606,0.66528,12.849,1,0.354452,0.36288,0,61.5868,3.86151,57.7337,0.84672,12.849,0.84672,3695.15,0,18.483,0.159042,0.729639,1.65042,4.67877,0.927981,5.97181,0.42336,0,0,18.483,0.42336,442.007,0,1.02816,0,0,1.7578,0.729639,1.028160,1,0,64.0971,0,0,0,64.0971,0
69.6127,1.81663,0,0,4.36819,0.258595,0.36288,3.6288,61.308,0.52754,0,0,1.32278,0.179538,0.615706,0.66528,12.849,1,0.344872,0.36288,0,75.225,3.99987,71.2432,0.84672,12.849,0.84672,3695.15,0,18.483,0.159042,0.958643,1.7296,6.03098,0.907674,7.6525,0.42336,0,0,18.483,0.42336,442.007,0,1.02816,0,0,1.9868,0.958643,1.028160,1,0,79.5114,0,0,0,79.5114,0
72.0981,1.82595,0,0,4.93939,0.265111,0.36288,3.6288,61.308,0.52754,0,0,1.36837,0.211677,0.629152,0.66528,12.849,1,0.337031,0.36288,0,57.8947,4.48161,53.439,0.84672,12.849,0.84672,3695.15,0,18.483,0.159042,1.05948,1.72987,5.24012,1.09768,6.77275,0.42336,0,0,18.483,0.42336,442.007,0,1.02816,0,0,2.08764,1.05948,1.028160,1,0,60.8409,0,0,0,60.8409,0
72.29,1.83707,0,0,5.48278,0.307163,3.14667,3.6288,61.308,0.52754,0,0,1.31239,0.229725,0.555125,0.66528,12.849,1,0.327394,3.14667,0,88.4383,4.84959,86.4079,0.84672,12.849,0.84672,3695.15,0,18.483,0.159042,1.1105,1.73015,6.90457,1.15295,8.43323,0.42336,0,0,18.483,0.42336,442.007,0,1.02816,0,0,2.13866,1.1105,1.028160,1,0,95.3963,0,0,0,95.3963,0
72.29,1.91007,0,0,9.07192,0.321135,6.84071,3.6288,61.308,0.557596,0,0,1.76625,0.21164,0.997013,0.66528,12.849,1,0.339501,6.84071,0,130.247,4.20285,132.545,0.84672,12.849,0.84672,3695.15,0,18.483,0.168103,1.95376,1.73043,9.51886,1.02772,12.0072,0.42336,0,0,18.483,0.42336,442.007,0,1.02816,0,0,2.98192,1.95376,1.028160,1,0,145.55,0,0,0,145.55,0
72.29,1.33345,0,0,8.28274,0.362936,6.58635,3.6288,61.308,0.66528,0,0,1.91328,0.205038,1.04297,0.66528,12.849,1,0.23701,6.58635,0,198.523,3.70482,201.168,0.84672,12.849,0.84672,3695.15,0,18.483,0.741011,2.54453,1.7766,10.3547,0.942506,12.9923,0.42336,0,0,18.483,0.42336,442.007,0,1.02816,0,0,3.57269,2.54453,1.028160,1,0,215.203,0,0,0,215.203,0
72.29,1.3347,0,0,6.97372,0.362936,5.27608,3.6288,61.308,0.66528,0,0,0.986118,0.205038,0.1158,0.66528,12.849,1,0.237232,5.27608,0,127.718,3.70482,129.052,0.84672,12.849,0.84672,3695.15,0,18.483,0.741011,1.21602,2.17516,6.57956,0.942506,8.28722,0.42336,0,0,18.483,0.42336,442.007,0,1.02816,0,0,2.24418,1.21602,1.028160,1,0,137.455,0,0,0,137.455,0
72.29,1.33595,0,0,6.17525,0.356854,4.48245,3.6288,61.2448,0.66528,0,0,0.80879,0.206743,0,0.66528,12.849,1,0.237454,4.48245,0,109.763,3.76856,110.24,0.84672,12.849,0.84672,3695.15,0,18.483,0.741011,0.95548,2.17544,5.99231,0.958897,7.42331,0.42336,0,0,18.483,0.42336,442.007,0,1.02816,0,0,1.98364,0.95548,1.028160,1,0,117.663,0,0,0,117.663,0
72.29,1.56562,0,0,5.16901,0.320362,3.28303,3.6288,61.0503,0.66528,0,0,0.687718,0.216884,0,0.66528,12.849,1,0.278277,3.28303,0,80.3485,4.15097,79.2023,0.84672,12.849,0.84672,3695.15,0,18.483,0.888118,0.724378,2.17571,4.93175,1.05725,5.88647,0.42336,0,0,18.483,0.42336,442.007,0,1.02816,0,0,1.75254,0.724378,1.028160,1,0,85.0888,0,0,0,85.0888,0
72.29,1.69186,0,0,4.90022,0.370954,2.8374,3.6288,61.0395,0.66528,0,0,0.845657,0.191198,0,0.66528,12.849,1,0.300716,2.8374,0,104.482,2.99905,104.019,0.84672,12.849,0.84672,3695.15,0,18.483,0.741066,1.18047,2.34006,6.5034,0.921682,8.36118,0.42336,0,0,18.483,0.42336,442.007,0,1.02816,0,0,2.20863,1.18047,1.028160,1,0,112.381,0,0,0,112.381,0
72.29,1.69324,0,0,5.51638,0.379386,3.44375,3.6288,61.0042,0.66528,0,0,0.816903,0.186949,0,0.66528,12.849,1,0.300961,3.44375,0,118.075,2.80707,118.411,0.84672,12.849,0.84672,3695.15,0,18.483,0.741066,1.31916,2.25431,6.92669,0.899088,8.86001,0.42336,0,0,18.483,0.42336,442.007,0,1.02816,0,0,2.34732,1.31916,1.028160,1,0,127.271,0,0,0,127.271,0
72.29,1.69462,0,0,4.22667,0.379386,2.15266,3.6288,60.8633,0.66528,0,0,0.71134,0.186907,0,0.66528,12.849,1,0.301207,2.15266,0,101.513,2.80707,100.557,0.84672,12.849,0.84672,3695.15,0,18.483,0.741066,0.842694,2.25461,6.40647,0.899088,7.86363,0.42336,0,0,18.483,0.42336,442.007,0,1.02816,0,0,1.87085,0.842694,1.028160,1,0,108.421,0,0,0,108.421,0
72.29,1.36972,0,0,8.45389,0.363803,6.72037,3.6288,61.308,0.66528,0,0,1.4311,0.219843,0.101308,0.66528,12.849,1,0.243457,6.72037,0,139.282,3.59331,142.166,0.84672,12.849,0.84672,3695.15,0,18.483,0.543357,3.17275,2.25492,9.19944,1.14506,12.9387,0.42336,0,0,18.483,0.42336,442.007,0,1.02816,0,0,4.20091,3.17275,1.028160,1,0,155.206,0,0,0,155.206,0
72.29,1.20311,0,0,8.54589,0.332953,7.00983,3.6288,61.308,0.66528,0,0,1.1399,0.190623,0.283998,0.66528,12.849,1,0.213843,7.00983,0,136.162,3.40089,139.557,0.84672,12.849,0.84672,3695.15,0,18.483,0.740994,2.51998,2.03046,8.09395,0.969963,10.9334,0.42336,0,0,18.483,0.42336,442.007,0,1.02816,0,0,3.54814,2.51998,1.028160,1,0,150.775,0,0,0,150.775,0
72.29,1.20431,0,0,7.38605,0.328244,5.8535,3.6288,61.308,0.66528,0,0,1.09634,0.184728,0.24633,0.66528,12.849,1,0.214057,5.8535,0,89.945,3.34698,92.2375,0.84672,12.849,0.84672,3695.15,0,18.483,0.740994,1.79976,2.14638,7.87772,0.933947,10.1489,0.42336,0,0,18.483,0.42336,442.007,0,1.02816,0,0,2.82792,1.79976,1.028160,1,0,102.633,0,0,0,102.633,0
72.29,1.20551,0,0,5.23836,0.328244,3.70461,3.6288,61.308,0.66528,0,0,0.850401,0.184728,0.000392638,0.66528,12.849,1,0.21427,3.70461,0,82.1396,3.34698,82.283,0.84672,12.849,0.84672,3695.15,0,18.483,0.740994,1.73413,2.14665,6.21298,0.933947,8.41882,0.42336,0,0,18.483,0.42336,442.007,0,1.02816,0,0,2.76229,1.73413,1.028160,1,0,90.7022,0,0,0,90.7022,0
72.29,1.20671,0,0,7.04065,0.316916,5.51702,3.6288,61.308,0.66528,0,0,0.908479,0.178712,0.064487,0.66528,12.849,1,0.214484,5.51702,0,94.703,3.25979,96.7458,0.84672,12.849,0.84672,3695.15,0,18.483,0.740994,1.42055,2.14691,6.84841,0.921422,8.75346,0.42336,0,0,18.483,0.42336,442.007,0,1.02816,0,0,2.44871,1.42055,1.028160,1,0,105.564,0,0,0,105.564,0
72.29,1.29019,0,0,5.73744,0.300638,4.14661,3.6288,61.2943,0.66528,0,0,0.842393,0.190801,0,0.66528,12.849,1,0.229322,4.14661,0,92.3054,3.80808,92.4147,0.84672,12.849,0.84672,3695.15,0,18.483,0.78945,1.8947,2.14718,6.60951,1.05439,8.80755,0.42336,0,0,18.483,0.42336,442.007,0,1.02816,0,0,2.92286,1.8947,1.028160,1,0,101.222,0,0,0,101.222,0
72.29,1.33257,0,0,7.68503,0.311794,6.04067,3.6288,61.308,0.66528,0,0,1.02066,0.157351,0.184342,0.66528,12.849,1,0.236854,6.04067,0,91.838,3.33932,94.3025,0.84672,12.849,0.84672,3695.15,0,18.483,0.741012,1.41478,2.20304,6.39412,0.900338,8.37059,0.42336,0,0,18.483,0.42336,442.007,0,1.02816,0,0,2.44294,1.41478,1.028160,1,0,102.857,0,0,0,102.857,0
72.29,1.33382,0,0,6.74146,0.311794,5.09585,3.6288,61.308,0.66528,0,0,1.56317,0.157364,0.74053,0.66528,12.849,1,0.237076,5.09585,0,101.067,3.33932,102.587,0.84672,12.849,0.84672,3695.15,0,18.483,0.741012,2.33735,2.17497,8.73236,0.900338,11.6033,0.42336,0,0,18.483,0.42336,442.007,0,1.02816,0,0,3.36551,2.33735,1.028160,1,0,114.931,0,0,0,114.931,0
72.29,1.33506,0,0,5.43084,0.311794,3.78399,3.6288,61.308,0.66528,0,0,1.36173,0.157364,0.539089,0.66528,12.849,1,0.237298,3.78399,0,121.888,3.33932,122.095,0.84672,12.849,0.84672,3695.15,0,18.483,0.741012,2.79354,2.17524,7.02333,0.900338,10.3508,0.42336,0,0,18.483,0.42336,442.007,0,1.02816,0,0,3.8217,2.79354,1.028160,1,0,132.985,0,0,0,132.985,0
72.29,1.30409,0,0,4.49744,0.286377,2.90697,3.6288,61.308,0.66528,0,0,1.1206,0.130838,0.324481,0.66528,12.849,1,0.231793,2.90697,0,98.1374,2.56548,98.2471,0.84672,12.849,0.84672,3695.15,0,18.483,0.722165,2.07662,2.17552,6.8971,0.800938,9.62614,0.42336,0,0,18.483,0.42336,442.007,0,1.02816,0,0,3.10478,2.07662,1.028160,1,0,108.198,0,0,0,108.198,0
72.29,1.28933,0,0,5.41238,0.214825,3.90823,3.6288,61.308,0.66528,0,0,1.1432,0.192885,0.285036,0.66528,12.849,1,0.229168,3.90823,0,111.925,3.96585,111.638,0.84672,12.849,0.84672,3695.15,0,18.483,0.741005,2.74025,2.15412,6.60848,1.04996,9.71188,0.42336,0,0,18.483,0.42336,442.007,0,1.02816,0,0,3.76841,2.74025,1.028160,1,0,121.635,0,0,0,121.635,0
72.29,1.29056,0,0,4.42207,0.214825,2.91669,3.6288,61.308,0.66528,0,0,0.980398,0.192885,0.122233,0.66528,12.849,1,0.229387,2.91669,0,84.5355,3.96585,83.2569,0.84672,12.849,0.84672,3695.15,0,18.483,0.741005,2.19598,2.16542,4.44211,1.04996,7.01254,0.42336,0,0,18.483,0.42336,442.007,0,1.02816,0,0,3.22414,2.19598,1.028160,1,0,90.3917,0,0,0,90.3917,0
72.29,1.29179,0,0,3.90269,0.214825,2.39608,3.6288,61.308,0.66528,0,0,0.917378,0.192885,0.0592128,0.66528,12.849,1,0.229605,2.39608,0,73.6819,3.96585,71.8825,0.84672,12.849,0.84672,3695.15,0,18.483,0.741005,1.79281,2.16569,3.92532,1.04996,6.09285,0.42336,0,0,18.483,0.42336,442.007,0,1.02816,0,0,2.82097,1.79281,1.028160,1,0,78.0346,0,0,0,78.0346,0
72.29,1.40254,0,0,3.51663,0.214825,1.89926,3.6288,61.2628,0.66528,0,0,0.813007,0.192885,0,0.66528,12.849,1,0.249291,1.89926,0,64.3196,3.96585,62.0037,0.84672,12.849,0.84672,3695.15,0,18.483,0.807942,1.50689,2.16596,3.54478,1.04996,5.35973,0.42336,0,0,18.483,0.42336,442.007,0,1.02816,0,0,2.53505,1.50689,1.028160,1,0,67.3635,0,0,0,67.3635,0
72.29,1.46065,0,0,3.41457,0.167431,1.78649,3.6288,61.1756,0.66528,0,0,0.788625,0.210599,0,0.66528,12.849,1,0.259619,1.78649,0,58.6775,4.11581,56.0886,0.84672,12.849,0.84672,3695.15,0,18.483,0.74103,1.66205,2.24212,3.61037,1.03527,5.73824,0.42336,0,0,18.483,0.42336,442.007,0,1.02816,0,0,2.69021,1.66205,1.028160,1,0,61.8268,0,0,0,61.8268,0
72.29,1.46194,0,0,3.38771,0.160572,1.7652,3.6288,61.0129,0.66528,0,0,0.736111,0.233502,0,0.66528,12.849,1,0.259849,1.7652,0,52.6047,4.50607,49.604,0.84672,12.849,0.84672,3695.15,0,18.483,0.74103,1.48584,2.20325,3.54412,1.11316,5.37902,0.42336,0,0,18.483,0.42336,442.007,0,1.02816,0,0,2.514,1.48584,1.028160,1,0,54.983,0,0,0,54.983,0
72.29,1.46323,0,0,3.01499,0.131779,1.41998,3.6288,60.7942,0.66528,0,0,0.698708,0.252113,0,0.66528,12.849,1,0.260079,1.41998,0,46.538,4.72027,42.9776,0.84672,12.849,0.84672,3695.15,0,18.483,0.74103,1.38011,2.20354,3.4477,1.16789,5.12242,0.42336,0,0,18.483,0.42336,442.007,0,1.02816,0,0,2.40827,1.38011,1.028160,1,0,48.1,0,0,0,48.1,0
72.29,1.46453,0,0,2.8545,0.110185,1.27979,3.6288,60.5327,0.66528,0,0,0.669591,0.265883,0,0.66528,12.849,1,0.260309,1.27979,0,44.3432,4.88092,40.4818,0.84672,12.849,0.84672,3695.15,0,18.483,0.741031,1.23789,2.20382,3.40964,1.20894,4.90138,0.42336,0,0,18.483,0.42336,442.007,0,1.02816,0,0,2.26605,1.23789,1.028160,1,0,45.3832,0,0,0,45.3832,0
72.29,1.44412,0,0,2.79209,0.106912,1.24106,3.6288,60.374,0.66528,0,0,0.766187,0.259608,0,0.66528,12.849,1,0.256682,1.24106,0,49.2477,5.03969,45.1924,0.84672,12.849,0.84672,3695.15,0,18.483,0.777887,1.22899,2.20411,4.06083,1.20591,5.51012,0.42336,0,0,18.483,0.42336,442.007,0,1.02816,0,0,2.25715,1.22899,1.028160,1,0,50.7026,0,0,0,50.7026,0
72.29,1.4767,0,0,2.74138,0.0729247,1.19175,3.6288,60.2999,0.66528,0,0,0.883786,0.292595,0,0.66528,12.849,1,0.262472,1.19175,0,54.3442,5.29568,49.9778,0.84672,12.849,0.84672,3695.15,0,18.483,0.741044,1.30176,2.22808,4.95062,1.33857,6.40086,0.42336,0,0,18.483,0.42336,442.007,0,1.02816,0,0,2.32992,1.30176,1.028160,1,0,56.3787,0,0,0,56.3787,0
72.29,1.478,0,0,2.6064,0.0729247,1.05548,3.6288,60.1827,0.66528,0,0,0.840586,0.292457,0,0.66528,12.849,1,0.262703,1.05548,0,49.4996,5.29568,44.9967,0.84672,12.849,0.84672,3695.15,0,18.483,0.741044,1.22179,2.2068,4.72962,1.33857,6.07861,0.42336,0,0,18.483,0.42336,442.007,0,1.02816,0,0,2.24995,1.22179,1.028160,1,0,51.0753,0,0,0,51.0753,0
72.29,1.4793,0,0,2.41445,0.0729247,0.862227,3.6288,59.967,0.66528,0,0,0.741839,0.292239,0,0.66528,12.849,1,0.262934,0.862227,0,46.4884,5.29568,41.792,0.84672,12.849,0.84672,3695.15,0,18.483,0.741044,1.1156,2.20709,4.45995,1.33857,5.70303,0.42336,0,0,18.483,0.42336,442.007,0,1.02816,0,0,2.14376,1.1156,1.028160,1,0,47.495,0,0,0,47.495,0
72.29,1.53671,0,0,2.29752,0.0729247,0.687885,3.6288,59.7209,0.66528,0,0,0.711003,0.291838,0,0.66528,12.849,1,0.273139,0.687885,0,44.0292,5.29568,39.1483,0.84672,12.849,0.84672,3695.15,0,18.483,0.77394,0.97721,2.20738,4.25729,1.33857,5.32937,0.42336,0,0,18.483,0.42336,442.007,0,1.02816,0,0,2.00537,0.97721,1.028160,1,0,44.4776,0,0,0,44.4776,0
72.29,1.56596,0,0,2.22227,0.0550345,0.601271,3.6288,59.4905,0.66528,0,0,0.730062,0.295197,0,0.66528,12.849,1,0.278338,0.601271,0,47.2942,5.79631,41.8208,0.84672,12.849,0.84672,3695.15,0,18.483,0.741057,0.818821,2.24546,3.62117,1.39646,4.54793,0.42336,0,0,18.483,0.42336,442.007,0,1.02816,0,0,1.84698,0.818821,1.028160,1,0,46.3687,0,0,0,46.3687,0
72.29,1.56729,0,0,2.04571,0.0550345,0.423384,3.6288,59.1494,0.66528,0,0,0.618921,0.294763,0,0.66528,12.849,1,0.278574,0.423384,0,38.8467,5.79631,33.1952,0.84672,12.849,0.84672,3695.15,0,18.483,0.741057,0.93083,2.22651,3.50134,1.39646,4.52117,0.42336,0,0,18.483,0.42336,442.007,0,1.02816,0,0,1.95899,0.93083,1.028160,1,0,37.7164,0,0,0,37.7164,0
72.1766,1.56862,0,0,1.87317,0.0550345,0.36288,3.6288,58.7632,0.66528,0,0,0.57325,0.29412,0,0.66528,12.849,1,0.278811,0.36288,0,36.9236,5.79631,31.2113,0.84672,12.849,0.84672,3695.15,0,18.483,0.741057,0.646427,2.22681,3.07763,1.39646,3.81334,0.42336,0,0,18.483,0.42336,442.007,0,1.02816,0,0,1.67459,0.646427,1.028160,1,0,35.0247,0,0,0,35.0247,0
72.0136,1.73412,0,0,1.97912,0.0451939,0.36288,3.6288,58.4575,0.66528,0,0,0.658085,0.298489,0,0.66528,12.849,1,0.308711,0.36288,0,36.2134,5.94586,30.3217,0.84672,12.849,0.84672,3695.15,0,18.483,0.859966,0.981348,2.2271,4.0713,1.42634,4.99344,0.42336,0,0,18.483,0.42336,442.007,0,1.02816,0,0,2.00951,0.981348,1.028160,1,0,35.3151,0,0,0,35.3151,0
71.5026,1.83583,0,0,1.72422,0.0364266,0.36288,3.6288,58.0927,0.66528,0,0,0.590544,0.290139,0,0.66528,12.849,1,0.327557,0.36288,0,32.2027,5.95776,26.2803,0.84672,12.849,0.84672,3695.15,0,18.483,0.741101,0.849727,2.35559,3.84663,1.48062,4.83023,0.42336,0,0,18.483,0.42336,442.007,0,1.02816,0,0,1.87789,0.849727,1.028160,1,0,31.1105,0,0,0,31.1105,0
70.5588,1.83527,0,0,1.28165,0.0273349,0.36288,3.6288,57.5882,0.66528,0,0,0.475295,0.314476,0,0.66528,12.849,1,0.329797,0.36288,0,27.8382,6.03456,21.8367,0.84672,12.849,0.84672,3695.15,0,18.483,0.741101,0.597093,2.28634,3.30473,1.51229,3.93478,0.42336,0,0,18.483,0.42336,442.007,0,1.02816,0,0,1.62525,0.597093,1.028160,1,0,25.7715,0,0,0,25.7715,0
69.7005,1.83296,0,0,1.36461,0.027138,0.36288,3.6288,57.0809,0.66528,0,0,0.471409,0.313452,0,0.66528,12.849,1,0.333788,0.36288,0,26.0048,6.03456,19.9993,0.84672,12.849,0.84672,3695.15,0,18.483,0.741101,0.571985,2.28666,3.48303,1.51229,4.08828,0.42336,0,0,18.483,0.42336,442.007,0,1.02816,0,0,1.60015,0.571985,1.028160,1,0,24.0876,0,0,0,24.0876,0
69.5179,1.83091,0,0,2.0482,0.0369397,0.36288,3.6288,56.6666,0.66528,0,0,0.561316,0.310334,0,0.66528,12.849,1,0.33752,0.36288,0,38.4004,5.97519,32.4506,0.84672,12.849,0.84672,3695.15,0,18.483,0.741101,0.888157,2.28697,3.70145,1.50501,4.63047,0.42336,0,0,18.483,0.42336,442.007,0,1.02816,0,0,1.91632,0.888157,1.028160,1,0,37.081,0,0,0,37.081,0
70.2863,1.7517,0,0,2.92785,0.0448643,0.36288,3.6288,56.4587,0.66528,0,0,0.754706,0.297319,0,0.66528,12.849,1,0.323767,0.36288,0,49.1804,5.85092,43.3686,0.84672,12.849,0.84672,3695.15,0,18.483,0.668796,1.02676,2.28729,4.62065,1.49257,5.77334,0.42336,0,0,18.483,0.42336,442.007,0,1.02816,0,0,2.05492,1.02676,1.028160,1,0,49.142,0,0,0,49.142,0
71.2179,1.69496,0,0,3.00886,0.0194996,0.36288,3.6288,56.3968,0.66528,0,0,0.889263,0.285845,0,0.66528,12.849,1,0.309854,0.36288,0,43.5804,5.64396,37.9895,0.84672,12.849,0.84672,3695.15,0,18.483,0.741075,1.70501,2.21401,6.18637,1.51058,7.85373,0.42336,0,0,18.483,0.42336,442.007,0,1.02816,0,0,2.73317,1.70501,1.028160,1,0,45.8432,0,0,0,45.8432,0
71.9669,1.69976,0,0,2.83135,0.0196395,0.36288,3.6288,56.3538,0.66528,0,0,0.907995,0.285729,0,0.66528,12.849,1,0.306668,0.36288,0,57.876,5.64396,52.2882,0.84672,12.849,0.84672,3695.15,0,18.483,0.741075,2.1439,2.25661,5.75301,1.51058,7.90186,0.42336,0,0,18.483,0.42336,442.007,0,1.02816,0,0,3.17206,2.1439,1.028160,1,0,60.1901,0,0,0,60.1901,0
71.562,1.70385,0,0,1.68157,0.0197521,0.36288,3.6288,56.0233,0.66528,0,0,0.620429,0.285649,0,0.66528,12.849,1,0.304206,0.36288,0,40.2362,5.64396,34.6509,0.84672,12.849,0.84672,3695.15,0,18.483,0.741075,0.832447,2.25691,3.73965,1.51058,4.57735,0.42336,0,0,18.483,0.42336,442.007,0,1.02816,0,0,1.86061,0.832447,1.028160,1,0,39.2283,0,0,0,39.2283,0
71.8206,1.63781,0,0,2.32209,0.0627905,0.36288,3.6288,55.924,0.66528,0,0,0.851247,0.285265,0,0.66528,12.849,1,0.29407,0.36288,0,42.3488,5.36925,37.0483,0.84672,12.849,0.84672,3695.15,0,18.483,0.675163,1.11883,2.25722,5.01951,1.45929,6.26111,0.42336,0,0,18.483,0.42336,442.007,0,1.02816,0,0,2.14699,1.11883,1.028160,1,0,43.3095,0,0,0,43.3095,0
72.1119,1.58415,0,0,2.37027,0.132013,0.36288,3.6288,55.692,0.66528,0,0,0.705444,0.272234,0,0.66528,12.849,1,0.283411,0.36288,0,26.5569,4.91053,21.7259,0.84672,12.849,0.84672,3695.15,0,18.483,0.741051,1.08054,2.19202,3.79962,1.15977,5.17135,0.42336,0,0,18.483,0.42336,442.007,0,1.02816,0,0,2.1087,1.08054,1.028160,1,0,26.8972,0,0,0,26.8972,0
71.7002,1.58646,0,0,1.66899,0.131352,0.36288,3.6288,55.5525,0.66528,0,0,0.792371,0.266526,0,0.66528,12.849,1,0.282677,0.36288,0,33.3503,4.89825,28.5323,0.84672,12.849,0.84672,3695.15,0,18.483,0.741051,0.689092,2.23087,6.35309,1.12946,7.40253,0.42336,0,0,18.483,0.42336,442.007,0,1.02816,0,0,1.71725,0.689092,1.028160,1,0,35.9348,0,0,0,35.9348,0
71.9878,1.58641,0,0,2.40037,0.163414,0.36288,3.6288,55.6641,0.66528,0,0,1.03379,0.256945,0,0.66528,12.849,1,0.284292,0.36288,0,50.0351,4.61229,45.5014,0.84672,12.849,0.84672,3695.15,0,18.483,0.741051,1.03268,2.23116,6.05115,1.08793,7.48601,0.42336,0,0,18.483,0.42336,442.007,0,1.02816,0,0,2.06084,1.03268,1.028160,1,0,52.9874,0,0,0,52.9874,0
72.29,1.40095,0,0,4.95383,0.18818,3.06252,3.6288,56.5183,0.66528,0,0,1.76964,0.250125,0,0.66528,12.849,1,0.250053,3.06252,0,55.2454,4.39782,53.66,0.84672,12.849,0.84672,3695.15,0,18.483,0.603575,1.87763,2.23146,10.2003,1.05678,12.649,0.42336,0,0,18.483,0.42336,442.007,0,1.02816,0,0,2.90579,1.87763,1.028160,1,0,66.309,0,0,0,66.309,0
72.29,1.28637,0,0,3.83373,0.230224,2.31713,3.6288,56.4129,0.66528,0,0,0.81278,0.252954,0,0.66528,12.849,1,0.228643,2.31713,0,55.7799,4.45686,53.4116,0.84672,12.849,0.84672,3695.15,0,18.483,0.741001,1.04123,2.08407,5.69441,1.05141,7.0273,0.42336,0,0,18.483,0.42336,442.007,0,1.02816,0,0,2.06939,1.04123,1.028160,1,0,60.4389,0,0,0,60.4389,0
72.29,1.2876,0,0,4.47554,0.261433,2.92651,3.6288,56.6591,0.66528,0,0,1.16535,0.25385,0,0.66528,12.849,1,0.228861,2.92651,0,69.9944,4.50114,68.1909,0.84672,12.849,0.84672,3695.15,0,18.483,0.741002,1.82176,2.16476,7.97152,1.04738,10.1697,0.42336,0,0,18.483,0.42336,442.007,0,1.02816,0,0,2.84992,1.82176,1.028160,1,0,78.3605,0,0,0,78.3605,0
72.29,1.28882,0,0,2.80849,0.258754,1.26092,3.6288,56.3728,0.66528,0,0,0.624906,0.245927,0,0.66528,12.849,1,0.229078,1.26092,0,46.5083,4.34491,43.1952,0.84672,12.849,0.84672,3695.15,0,18.483,0.741002,0.701672,2.16503,5.19168,1.00245,6.31493,0.42336,0,0,18.483,0.42336,442.007,0,1.02816,0,0,1.72983,0.701672,1.028160,1,0,49.5101,0,0,0,49.5101,0
72.29,1.29005,0,0,2.4977,0.242681,0.964976,3.6288,55.8487,0.840724,0,0,0.512189,0.19558,0,0.66528,12.849,1,0.229296,0.964976,0,42.2944,3.40756,39.6226,0.84672,12.849,0.84672,3695.15,0,18.483,0.741002,0.412474,2.1653,4.16578,0.732888,5.26966,0.42336,0,0,18.483,0.42336,442.007,0,0.852716,0,0,1.26519,0.412474,1.028160,1,0,44.8922,0,0,0,44.8922,0
72.29,1.29043,0,0,2.13498,0.242302,0.602248,3.6288,55.8848,0.66528,0,0,0.893684,0.192309,0,0.66528,12.849,1,0.229364,0.602248,0,45.2529,3.40349,42.2223,0.84672,12.849,0.84672,3695.15,0,18.483,0.740552,0.414824,2.16557,5.17952,0.761087,6.25828,0.42336,0,0,18.483,0.42336,442.007,0,1.02816,0,0,1.44298,0.414824,1.028160,1,0,48.4805,0,0,0,48.4805,0
72.29,1.36365,0,0,3.27534,0.240027,1.67166,3.6288,56.4661,0.66528,0,0,1.42338,0.17674,0,0.66528,12.849,1,0.242378,1.67166,0,84.5338,3.379,82.584,0.84672,12.849,0.84672,3695.15,0,18.483,0.780871,1.69627,2.16531,10.0816,0.930279,12.232,0.42336,0,0,18.483,0.42336,442.007,0,1.02816,0,0,2.72443,1.69627,1.028160,1,0,94.8161,0,0,0,94.8161,0
72.29,1.39872,0,0,2.668,0.251835,1.01745,3.6288,56.8887,0.66528,0,0,1.26636,0.178551,0,0.66528,12.849,1,0.248611,1.01745,0,68.5394,3.44638,65.8618,0.84672,12.849,0.84672,3695.15,0,18.483,0.740999,1.31302,2.21262,8.18787,0.96798,10.0045,0.42336,0,0,18.483,0.42336,442.007,0,1.02816,0,0,2.34118,1.31302,1.028160,1,0,75.8664,0,0,0,75.8664,0
72.29,1.39993,0,0,3.17586,0.315269,1.46066,3.6288,57.7327,0.66528,0,0,1.68619,0.176878,0,0.66528,12.849,1,0.248827,1.46066,0,70.6355,3.50236,68.3449,0.84672,12.849,0.84672,3695.15,0,18.483,0.740999,1.76388,2.18956,9.19529,0.93529,11.4724,0.42336,0,0,18.483,0.42336,442.007,0,1.02816,0,0,2.79204,1.76388,1.028160,1,0,79.8174,0,0,0,79.8174,0
72.29,1.40115,0,0,3.39531,0.312303,1.68186,3.6288,58.1764,0.66528,0,0,1.28318,0.174224,0,0.66528,12.849,1,0.249044,1.68186,0,69.0587,3.36305,67.1284,0.84672,12.849,0.84672,3695.15,0,18.483,0.740999,1.61528,2.18983,7.14769,0.831733,9.38007,0.42336,0,0,18.483,0.42336,442.007,0,1.02816,0,0,2.64344,1.61528,1.028160,1,0,76.5085,0,0,0,76.5085,0
72.29,1.63516,0,0,5.60511,0.318147,3.6518,3.6288,59.4116,0.66528,0,0,2.08142,0.180934,0,0.66528,12.849,1,0.290638,3.6518,0,181.035,3.68539,180.711,0.84672,12.849,0.84672,3695.15,0,18.483,0.890922,3.54092,2.19009,15.3521,0.92287,19.2693,0.42336,0,0,18.483,0.42336,442.007,0,1.02816,0,0,4.56908,3.54092,1.028160,1,0,199.98,0,0,0,199.98,0
72.29,1.76376,0,0,4.48645,0.320485,2.40221,3.6288,60.4836,0.66528,0,0,1.92219,0.184879,0,0.66528,12.849,1,0.313495,2.40221,0,127.049,3.81434,125.323,0.84672,12.849,0.84672,3695.15,0,18.483,0.741052,2.93974,2.35757,11.8366,0.959324,15.4336,0.42336,0,0,18.483,0.42336,442.007,0,1.02816,0,0,3.9679,2.93974,1.028160,1,0,140.757,0,0,0,140.757,0
72.29,1.7651,0,0,3.62664,0.320485,1.54105,3.6288,61.072,0.66528,0,0,1.4398,0.186147,0,0.66528,12.849,1,0.313733,1.54105,0,90.7096,3.81434,88.1226,0.84672,12.849,0.84672,3695.15,0,18.483,0.741052,1.35496,2.27017,8.24774,0.959324,10.1725,0.42336,0,0,18.483,0.42336,442.007,0,1.02816,0,0,2.38312,1.35496,1.028160,1,0,98.2951,0,0,0,98.2951,0
72.29,1.76644,0,0,3.11526,0.305827,1.04299,3.6288,61.308,0.66528,0,0,1.23124,0.207102,0.122842,0.66528,12.849,1,0.313972,1.04299,0,73.4685,3.85344,70.3441,0.84672,12.849,0.84672,3695.15,0,18.483,0.741052,0.93166,2.27046,6.99002,0.993722,8.45737,0.42336,0,0,18.483,0.42336,442.007,0,1.02816,0,0,1.95982,0.93166,1.028160,1,0,78.9243,0,0,0,78.9243,0
72.29,1.43528,0,0,6.42235,0.286008,4.70106,3.6288,61.308,0.66528,0,0,2.55366,0.214329,1.67406,0.66528,12.849,1,0.25511,4.70106,0,119.213,4.01463,119.644,0.84672,12.849,0.84672,3695.15,0,18.483,0.539572,2.82042,2.27076,17.1723,1.07364,20.6502,0.42336,0,0,18.483,0.42336,442.007,0,1.02816,0,0,3.84858,2.82042,1.028160,1,0,141.969,0,0,0,141.969,0
72.29,1.26543,0,0,6.33276,0.285897,4.78143,3.6288,61.308,0.66528,0,0,2.29148,0.206275,1.41993,0.66528,12.849,1,0.224921,4.78143,0,123.103,4.05825,123.601,0.84672,12.849,0.84672,3695.15,0,18.483,0.740982,2.46123,2.042,13.7885,1.08727,16.4635,0.42336,0,0,18.483,0.42336,442.007,0,1.02816,0,0,3.48939,2.46123,1.028160,1,0,141.485,0,0,0,141.485,0
72.29,1.2666,0,0,6.14402,0.285897,4.59152,3.6288,61.308,0.66528,0,0,2.37801,0.206275,1.50646,0.66528,12.849,1,0.225128,4.59152,0,89.2148,4.05825,89.523,0.84672,12.849,0.84672,3695.15,0,18.483,0.740982,2.69465,2.16013,13.8266,1.08727,16.8531,0.42336,0,0,18.483,0.42336,442.007,0,1.02816,0,0,3.72281,2.69465,1.028160,1,0,107.883,0,0,0,107.883,0
72.29,1.26777,0,0,6.41625,0.285897,4.86259,3.6288,61.308,0.66528,0,0,2.13769,0.206275,1.26614,0.66528,12.849,1,0.225336,4.86259,0,125.368,4.05825,125.947,0.84672,12.849,0.84672,3695.15,0,18.483,0.740982,2.43461,2.16038,14.4365,1.08727,17.2032,0.42336,0,0,18.483,0.42336,442.007,0,1.02816,0,0,3.46277,2.43461,1.028160,1,0,144.417,0,0,0,144.417,0
72.29,1.26894,0,0,6.09578,0.297678,4.52917,3.6288,61.308,0.66528,0,0,2.09665,0.167566,1.26381,0.66528,12.849,1,0.225544,4.52917,0,113.33,3.46487,114.169,0.84672,12.849,0.84672,3695.15,0,18.483,0.740982,2.28858,2.16064,11.9965,0.847154,14.8576,0.42336,0,0,18.483,0.42336,442.007,0,1.02816,0,0,3.31674,2.28858,1.028160,1,0,130.29,0,0,0,130.29,0
72.29,1.35395,0,0,6.90235,0.319825,5.22857,3.6288,61.308,0.66528,0,0,2.9633,0.204438,2.09358,0.66528,12.849,1,0.240654,5.22857,0,116.052,4.36044,116.68,0.84672,12.849,0.84672,3695.15,0,18.483,0.790358,3.192,2.1609,12.3875,1.14625,15.8038,0.42336,0,0,18.483,0.42336,442.007,0,1.02816,0,0,4.22016,3.192,1.028160,1,0,134.577,0,0,0,134.577,0
72.29,1.39707,0,0,5.02386,0.319825,3.30696,3.6288,61.308,0.66528,0,0,2.35105,0.204438,1.48133,0.66528,12.849,1,0.248319,3.30696,0,82.0774,4.36044,80.7756,0.84672,12.849,0.84672,3695.15,0,18.483,0.740999,1.78725,2.21781,9.56318,1.14625,11.681,0.42336,0,0,18.483,0.42336,442.007,0,1.02816,0,0,2.81541,1.78725,1.028160,1,0,93.9379,0,0,0,93.9379,0
72.29,1.39828,0,0,4.2596,0.303279,2.55803,3.6288,61.308,0.66528,0,0,1.88279,0.209234,1.00828,0.66528,12.849,1,0.248534,2.55803,0,68.7243,4.36546,66.6683,0.84672,12.849,0.84672,3695.15,0,18.483,0.740999,1.39044,2.18919,7.49926,1.15279,9.1851,0.42336,0,0,18.483,0.42336,442.007,0,1.02816,0,0,2.4186,1.39044,1.028160,1,0,76.8617,0,0,0,76.8617,0
72.29,1.3995,0,0,3.86639,0.306028,2.16087,3.6288,61.308,0.66528,0,0,1.64925,0.22083,0.763136,0.66528,12.849,1,0.24875,2.16087,0,62.2262,4.67191,59.4664,0.84672,12.849,0.84672,3695.15,0,18.483,0.740999,1.20384,2.18946,6.91623,1.15593,8.4126,0.42336,0,0,18.483,0.42336,442.007,0,1.02816,0,0,2.232,1.20384,1.028160,1,0,68.6422,0,0,0,68.6422,0
72.29,1.36788,0,0,3.97253,0.290472,2.31417,3.6288,61.308,0.66528,0,0,1.08628,0.219503,0.201498,0.66528,12.849,1,0.243131,2.31417,0,56.9575,5.24159,53.7869,0.84672,12.849,0.84672,3695.15,0,18.483,0.721795,1.47242,2.18973,7.39437,1.27158,9.06315,0.42336,0,0,18.483,0.42336,442.007,0,1.02816,0,0,2.50058,1.47242,1.028160,1,0,63.0516,0,0,0,63.0516,0
72.29,1.35278,0,0,3.84132,0.235246,2.25329,3.6288,61.308,0.66528,0,0,1.0553,0.213281,0.176737,0.66528,12.849,1,0.240446,2.25329,0,64.1072,4.6387,61.4813,0.84672,12.849,0.84672,3695.15,0,18.483,0.740993,1.33724,2.16791,7.02164,1.20068,8.58512,0.42336,0,0,18.483,0.42336,442.007,0,1.02816,0,0,2.3654,1.33724,1.028160,1,0,70.2432,0,0,0,70.2432,0
72.29,1.35398,0,0,3.46326,0.213252,1.89603,3.6288,61.308,0.66528,0,0,1.18334,0.206489,0.311574,0.66528,12.849,1,0.240659,1.89603,0,54.327,4.27739,51.705,0.84672,12.849,0.84672,3695.15,0,18.483,0.740993,1.08481,2.17941,6.70049,1.15911,8.06462,0.42336,0,0,18.483,0.42336,442.007,0,1.02816,0,0,2.11297,1.08481,1.028160,1,0,60.0812,0,0,0,60.0812,0
72.29,1.35517,0,0,3.31111,0.213252,1.74268,3.6288,61.308,0.66528,0,0,1.03465,0.206489,0.162879,0.66528,12.849,1,0.240872,1.74268,0,47.1531,4.27739,44.3775,0.84672,12.849,0.84672,3695.15,0,18.483,0.740993,0.896564,2.17968,6.25936,1.15911,7.4355,0.42336,0,0,18.483,0.42336,442.007,0,1.02816,0,0,1.92472,0.896564,1.028160,1,0,51.9759,0,0,0,51.9759,0
72.29,1.46796,0,0,3.1115,0.215607,1.42793,3.6288,61.308,0.66528,0,0,1.01981,0.213954,0.14058,0.66528,12.849,1,0.260919,1.42793,0,46.9314,4.58999,43.5085,0.84672,12.849,0.84672,3695.15,0,18.483,0.809191,0.91584,2.17994,6.17069,1.14591,7.31137,0.42336,0,0,18.483,0.42336,442.007,0,1.02816,0,0,1.944,0.91584,1.028160,1,0,50.9604,0,0,0,50.9604,0
72.29,1.5271,0,0,3.05307,0.208828,1.31714,3.6288,61.2664,0.66528,0,0,0.831047,0.207372,0,0.66528,12.849,1,0.271431,1.31714,0,47.9034,4.46654,44.4825,0.84672,12.849,0.84672,3695.15,0,18.483,0.741017,0.886179,2.25752,5.94864,1.14435,7.20698,0.42336,0,0,18.483,0.42336,442.007,0,1.02816,0,0,1.91434,0.886179,1.028160,1,0,51.6895,0,0,0,51.6895,0
72.29,1.52836,0,0,2.6773,0.162461,0.986484,3.6288,61.1687,0.66528,0,0,0.775129,0.207554,0,0.66528,12.849,1,0.271654,0.986484,0,40.8364,4.48255,37.0687,0.84672,12.849,0.84672,3695.15,0,18.483,0.741017,0.897834,2.21791,5.5226,1.09795,6.79938,0.42336,0,0,18.483,0.42336,442.007,0,1.02816,0,0,1.92599,0.897834,1.028160,1,0,43.8681,0,0,0,43.8681,0
72.29,1.52962,0,0,2.64482,0.162461,0.952749,3.6288,61.1319,0.66528,0,0,0.835885,0.207426,0,0.66528,12.849,1,0.271878,0.952749,0,39.6192,4.48255,35.8176,0.84672,12.849,0.84672,3695.15,0,18.483,0.741017,0.862574,2.21818,5.98389,1.09795,7.22569,0.42336,0,0,18.483,0.42336,442.007,0,1.02816,0,0,1.89073,0.862574,1.028160,1,0,43.0432,0,0,0,43.0432,0
72.29,1.53087,0,0,2.31555,0.152775,0.631907,3.6288,61.0252,0.66528,0,0,0.762091,0.203466,0,0.66528,12.849,1,0.272101,0.631907,0,35.1491,4.60339,30.9055,0.84672,12.849,0.84672,3695.15,0,18.483,0.741018,0.70054,2.21846,4.90922,1.08286,6.00434,0.42336,0,0,18.483,0.42336,442.007,0,1.02816,0,0,1.7287,0.70054,1.028160,1,0,36.9098,0,0,0,36.9098,0
71.9645,1.51002,0,0,1.67594,0.128559,0.36288,3.6288,60.8872,0.66528,0,0,0.720775,0.193556,0,0.66528,12.849,1,0.268395,0.36288,0,29.5205,4.90549,24.7095,0.84672,12.849,0.84672,3695.15,0,18.483,0.778566,0.541305,2.21874,3.75138,1.04515,4.6877,0.42336,0,0,18.483,0.42336,442.007,0,1.02816,0,0,1.56946,0.541305,1.028160,1,0,29.3972,0,0,0,29.3972,0
71.4476,1.5421,0,0,1.51637,0.128242,0.36288,3.6288,60.6974,0.66528,0,0,0.668909,0.193387,0,0.66528,12.849,1,0.275337,0.36288,0,26.5098,4.90549,21.6918,0.84672,12.849,0.84672,3695.15,0,18.483,0.741031,0.346628,2.24315,3.59789,1.04515,4.40148,0.42336,0,0,18.483,0.42336,442.007,0,1.02816,0,0,1.37479,0.346628,1.028160,1,0,26.0933,0,0,0,26.0933,0
70.8884,1.54167,0,0,1.44466,0.0993587,0.36288,3.6288,60.4063,0.66528,0,0,0.63292,0.258715,0,0.66528,12.849,1,0.277252,0.36288,0,24.0158,5.75239,18.3491,0.84672,12.849,0.84672,3695.15,0,18.483,0.741031,0.353341,2.22146,3.40879,1.35429,3.88827,0.42336,0,0,18.483,0.42336,442.007,0,1.02816,0,0,1.3815,0.353341,1.028160,1,0,22.2373,0,0,0,22.2373,0
70.1727,1.54108,0,0,1.28254,0.0942248,0.36288,3.6288,60.0637,0.66528,0,0,0.591799,0.269143,0,0.66528,12.849,1,0.279331,0.36288,0,21.9651,5.89354,16.1551,0.84672,12.849,0.84672,3695.15,0,18.483,0.741031,0.315559,2.22174,3.29641,1.40581,3.68687,0.42336,0,0,18.483,0.42336,442.007,0,1.02816,0,0,1.34372,0.315559,1.028160,1,0,19.842,0,0,0,19.842,0
69.3736,1.59684,0,0,1.24349,0.0829001,0.36288,3.6288,59.6064,0.684409,0,0,0.531831,0.304735,0,0.66528,12.849,1,0.29239,0.36288,0,22.9556,5.68988,17.3362,0.84672,12.849,0.84672,3695.15,0,18.483,0.774542,0.261274,2.22202,3.17726,1.4325,3.45351,0.42336,0,0,18.483,0.42336,442.007,0,1.00903,0,0,1.2703,0.261274,1.028160,1,0,20.7897,0,0,0,20.7897,0
68.4595,1.62355,0,0,1.15289,0.0805991,0.36288,3.6288,58.9201,0.866618,0,0,0.490229,0.309859,0,0.66528,12.849,1,0.300704,0.36288,0,22.4262,5.65593,16.8325,0.84672,12.849,0.84672,3695.15,0,18.483,0.741043,0.261274,2.2608,2.7748,1.43695,3.11888,0.42336,0,0,18.483,0.42336,442.007,0,0.826822,0,0,1.0881,0.261274,1.028160,1,0,19.9514,0,0,0,19.9514,0
67.5783,1.62145,0,0,1.17849,0.075269,0.36288,3.6288,58.4676,0.68593,0,0,0.544415,0.311051,0,0.66528,12.849,1,0.304326,0.36288,0,21.3296,5.73071,15.6574,0.84672,12.849,0.84672,3695.15,0,18.483,0.741043,0.227405,2.24149,3.4322,1.45189,3.70816,0.42336,0,0,18.483,0.42336,442.007,0,1.00751,0,0,1.23492,0.227405,1.028160,1,0,19.3656,0,0,0,19.3656,0
66.7594,1.61939,0,0,1.22793,0.064631,0.36288,3.6288,58.0787,0.66528,0,0,0.558147,0.281735,0,0.66528,12.849,1,0.307903,0.36288,0,21.362,5.85609,15.5609,0.84672,12.849,0.84672,3695.15,0,18.483,0.741043,0.286407,2.24177,3.74655,1.50276,4.03092,0.42336,0,0,18.483,0.42336,442.007,0,1.02816,0,0,1.31457,0.286407,1.028160,1,0,19.5918,0,0,0,19.5918,0
65.7553,1.78308,0,0,1.21455,0.0726939,0.36288,3.6288,57.6606,0.66528,0,0,0.544569,0.2974,0,0.66528,12.849,1,0.343185,0.36288,0,21.4662,6.02593,15.4599,0.84672,12.849,0.84672,3695.15,0,18.483,0.862168,0.284679,2.24206,3.06806,1.50056,3.23206,0.42336,0,0,18.483,0.42336,442.007,0,1.02816,0,0,1.31284,0.284679,1.028160,1,0,18.692,0,0,0,18.692,0
64.5226,1.88135,0,0,1.09815,0.0865818,0.36288,3.6288,57.1245,0.732897,0,0,0.520846,0.324085,0,0.66528,12.849,1,0.367629,0.36288,0,24.1531,6.20792,17.9405,0.84672,12.849,0.84672,3695.15,0,18.483,0.741086,0.227405,2.37292,2.76026,1.483,3.1365,0.42336,0,0,18.483,0.42336,442.007,0,0.960543,0,0,1.18795,0.227405,1.028160,1,0,21.077,0,0,0,21.077,0
63.0647,1.87686,0,0,0.867594,0.0857298,0.36288,3.6288,56.1349,1.04681,0,0,0.380198,0.32296,0,0.66528,12.849,1,0.373757,0.36288,0,24.9252,6.20792,18.7064,0.84672,12.849,0.84672,3695.15,0,18.483,0.741086,0.204422,2.30237,2.18714,1.483,2.46985,0.42336,0,0,18.483,0.42336,442.007,0,0.646635,0,0,0.851057,0.204422,1.028160,1,0,21.1762,0,0,0,21.1762,0
61.8206,1.87104,0,0,1.07454,0.084722,0.36288,3.6288,55.7812,0.66528,0,0,0.632525,0.320885,0,0.66528,12.849,1,0.381212,0.36288,0,22.0895,6.20792,15.8632,0.84672,12.849,0.84672,3695.15,0,18.483,0.741086,0.489793,2.30268,3.28665,1.483,3.85503,0.42336,0,0,18.483,0.42336,442.007,0,1.02816,0,0,1.51795,0.489793,1.028160,1,0,19.7182,0,0,0,19.7182,0
60.3772,1.86604,0,0,0.882464,0.0969749,0.36288,3.6288,55.1344,0.808764,0,0,0.453978,0.292068,0,0.66528,12.849,1,0.387845,0.36288,0,17.7329,5.26733,12.4406,0.84672,12.849,0.84672,3695.15,0,18.483,0.741086,0.204422,2.30299,3.09634,1.13067,3.732,0.42336,0,0,18.483,0.42336,442.007,0,0.884676,0,0,1.0891,0.204422,1.028160,1,0,16.1726,0,0,0,16.1726,0
59.2336,1.78027,0,0,1.14928,0.149683,0.36288,3.6288,54.7904,0.66528,0,0,0.632748,0.311507,0,0.66528,12.849,1,0.378862,0.36288,0,13.6225,4.84827,8.75826,0.84672,12.849,0.84672,3695.15,0,18.483,0.667439,0.596272,2.30329,3.21473,1.05936,4.38749,0.42336,0,0,18.483,0.42336,442.007,0,1.02816,0,0,1.62443,0.596272,1.028160,1,0,13.1458,0,0,0,13.1458,0
58.2414,1.71505,0,0,1.24485,0.15916,0.36288,3.6288,54.5656,0.66528,0,0,0.755222,0.314661,0,0.66528,12.849,1,0.372031,0.36288,0,14.9477,4.91337,10.0252,0.84672,12.849,0.84672,3695.15,0,18.483,0.74106,0.664027,2.22864,3.68489,1.09664,4.73985,0.42336,0,0,18.483,0.42336,442.007,0,1.02816,0,0,1.69219,0.664027,1.028160,1,0,14.765,0,0,0,14.765,0
57.277,1.71115,0,0,1.26726,0.157639,0.36288,3.6288,54.3583,0.66528,0,0,0.772165,0.314195,0,0.66528,12.849,1,0.377508,0.36288,0,21.2514,4.91337,16.3234,0.84672,12.849,0.84672,3695.15,0,18.483,0.74106,0.77906,2.27201,3.96905,1.09664,5.18242,0.42336,0,0,18.483,0.42336,442.007,0,1.02816,0,0,1.80722,0.77906,1.028160,1,0,21.5058,0,0,0,21.5058,0
56.4499,1.70725,0,0,1.39925,0.15616,0.36288,3.6288,54.4984,0.66528,0,0,1.11915,0.313764,0,0.66528,12.849,1,0.382989,0.36288,0,50.4468,4.91337,45.5133,0.84672,12.849,0.84672,3695.15,0,18.483,0.741061,1.19226,2.27231,5.57905,1.09664,7.20591,0.42336,0,0,18.483,0.42336,442.007,0,1.02816,0,0,2.22042,1.19226,1.028160,1,0,52.7192,0,0,0,52.7192,0
55.2285,1.63942,0,0,1.01572,0.234833,0.36288,3.6288,54.1635,0.66528,0,0,0.580211,0.249815,0,0.66528,12.849,1,0.373161,0.36288,0,29.3864,4.16735,25.2087,0.84672,12.849,0.84672,3695.15,0,18.483,0.67393,0.241289,2.27261,4.07987,1.00063,4.9192,0.42336,0,0,18.483,0.42336,442.007,0,1.02816,0,0,1.26945,0.241289,1.028160,1,0,30.1279,0,0,0,30.1279,0
54.1497,1.57952,0,0,1.12713,0.263584,0.36288,3.6288,54.2587,0.66528,0,0,0.98405,0.223624,0,0.66528,12.849,1,0.367479,0.36288,0,26.0213,3.86894,22.1478,0.84672,12.849,0.84672,3695.15,0,18.483,0.741037,1.54347,2.20619,6.04396,0.962231,8.09034,0.42336,0,0,18.483,0.42336,442.007,0,1.02816,0,0,2.57163,1.54347,1.028160,1,0,30.2382,0,0,0,30.2382,0
54.9593,1.57484,0,0,3.00807,0.260734,0.36288,3.6288,55.7795,0.66528,0,0,2.40984,0.223764,0,0.66528,12.849,1,0.373689,0.36288,0,76.4738,3.86894,72.594,0.84672,12.849,0.84672,3695.15,0,18.483,0.741037,3.78345,2.24575,11.4108,0.962231,15.7367,0.42336,0,0,18.483,0.42336,442.007,0,1.02816,0,0,4.81161,3.78345,1.028160,1,0,88.3307,0,0,0,88.3307,0
54.4627,1.58054,0,0,1.74987,0.302975,0.36288,3.6288,56.3867,0.66528,0,0,1.46772,0.195185,0,0.66528,12.849,1,0.369517,0.36288,0,42.6355,3.3934,39.2355,0.84672,12.849,0.84672,3695.15,0,18.483,0.741038,1.18113,2.24603,6.87875,0.797394,8.76748,0.42336,0,0,18.483,0.42336,442.007,0,1.02816,0,0,2.20929,1.18113,1.028160,1,0,48.003,0,0,0,48.003,0
54.4976,1.39672,0,0,2.06613,0.271658,0.36288,3.6288,56.6178,0.66528,0,0,1.10747,0.211089,0,0.66528,12.849,1,0.329518,0.36288,0,55.292,3.83947,51.4859,0.84672,12.849,0.84672,3695.15,0,18.483,0.60103,1.26399,2.24632,7.38346,0.868545,9.42419,0.42336,0,0,18.483,0.42336,442.007,0,1.02816,0,0,2.29215,1.26399,1.028160,1,0,60.9101,0,0,0,60.9101,0
54.9937,1.28477,0,0,2.41624,0.272489,0.36288,3.6288,56.922,0.66528,0,0,1.17751,0.208074,0,0.66528,12.849,1,0.302912,0.36288,0,61.4542,4.16976,57.3445,0.84672,12.849,0.84672,3695.15,0,18.483,0.740989,1.32105,2.0962,9.11589,1.09441,10.6977,0.42336,0,0,18.483,0.42336,442.007,0,1.02816,0,0,2.34921,1.32105,1.028160,1,0,68.0422,0,0,0,68.0422,0
56.2238,1.28812,0,0,3.1549,0.273854,0.36288,3.6288,58.3016,0.66528,0,0,2.25336,0.208487,0,0.66528,12.849,1,0.300963,0.36288,0,110.261,4.16976,106.153,0.84672,12.849,0.84672,3695.15,0,18.483,0.740989,1.72181,2.17837,10.4353,1.09441,12.5001,0.42336,0,0,18.483,0.42336,442.007,0,1.02816,0,0,2.74997,1.72181,1.028160,1,0,118.653,0,0,0,118.653,0
57.6478,1.29462,0,0,3.35314,0.27163,0.36288,3.6288,60.3456,0.66528,0,0,2.92183,0.212521,0,0.66528,12.849,1,0.295864,0.36288,0,138.455,3.85098,134.671,0.84672,12.849,0.84672,3695.15,0,18.483,0.740989,3.32349,2.17863,12.4792,1.05502,16.1853,0.42336,0,0,18.483,0.42336,442.007,0,1.02816,0,0,4.35165,3.32349,1.028160,1,0,150.856,0,0,0,150.856,0
59.1151,1.30174,0,0,3.39987,0.267887,0.36288,3.6288,61.1753,0.66528,0,0,1.71324,0.218244,0,0.66528,12.849,1,0.290143,0.36288,0,95.7969,3.42594,92.4437,0.84672,12.849,0.84672,3695.15,0,18.483,0.740989,2.50085,2.1789,10.7257,1.0025,13.662,0.42336,0,0,18.483,0.42336,442.007,0,1.02816,0,0,3.52901,2.50085,1.028160,1,0,106.106,0,0,0,106.106,0
59.3294,1.38011,0,0,2.27365,0.316433,0.36288,3.6288,61.308,0.66528,0,0,1.57653,0.181918,0.59668,0.66528,12.849,1,0.299976,0.36288,0,61.4788,3.87996,57.6617,0.84672,12.849,0.84672,3695.15,0,18.483,0.781589,2.06514,2.17916,8.01006,0.830091,10.6427,0.42336,0,0,18.483,0.42336,442.007,0,1.02816,0,0,3.0933,2.06514,1.028160,1,0,68.9011,0,0,0,68.9011,0
60.2845,1.41552,0,0,3.05916,0.325602,0.36288,3.6288,61.308,0.66528,0,0,2.14053,0.149298,1.32596,0.66528,12.849,1,0.306561,0.36288,0,80.9875,3.40914,77.6347,0.84672,12.849,0.84672,3695.15,0,18.483,0.740986,3.12147,2.22706,12.6752,0.589674,16.6931,0.42336,0,0,18.483,0.42336,442.007,0,1.02816,0,0,4.14963,3.12147,1.028160,1,0,95.6537,0,0,0,95.6537,0
60.5599,1.42067,0,0,2.38749,0.328595,0.36288,3.6288,61.308,0.66528,0,0,1.87758,0.149298,1.063,0.66528,12.849,1,0.302801,0.36288,0,54.8739,3.40914,51.5249,0.84672,12.849,0.84672,3695.15,0,18.483,0.740986,2.60254,2.20356,9.26484,0.589674,12.7403,0.42336,0,0,18.483,0.42336,442.007,0,1.02816,0,0,3.6307,2.60254,1.028160,1,0,65.3282,0,0,0,65.3282,0
61.0368,1.42296,0,0,2.59219,0.329361,0.36288,3.6288,61.308,0.66528,0,0,1.85272,0.149298,1.03814,0.66528,12.849,1,0.301909,0.36288,0,58.7442,3.40914,55.3961,0.84672,12.849,0.84672,3695.15,0,18.483,0.740986,2.48861,2.20382,10.01,0.589674,13.3718,0.42336,0,0,18.483,0.42336,442.007,0,1.02816,0,0,3.51677,2.48861,1.028160,1,0,69.806,0,0,0,69.806,0
62.1221,1.65669,0,0,3.45556,0.350748,0.36288,3.6288,61.308,0.66528,0,0,2.17433,0.141339,1.36771,0.66528,12.849,1,0.348752,0.36288,0,70.3125,3.43488,66.8917,0.84672,12.849,0.84672,3695.15,0,18.483,0.893646,3.14537,2.20408,11.8153,0.732783,15.5383,0.42336,0,0,18.483,0.42336,442.007,0,1.02816,0,0,4.17353,3.14537,1.028160,1,0,83.7977,0,0,0,83.7977,0
63.2195,1.78946,0,0,3.60202,0.352241,0.36288,3.6288,61.308,0.66528,0,0,1.81405,0.144039,1.00473,0.66528,12.849,1,0.370122,0.36288,0,79.8587,3.32535,76.5261,0.84672,12.849,0.84672,3695.15,0,18.483,0.741037,2.93604,2.3746,10.908,0.868576,14.609,0.42336,0,0,18.483,0.42336,442.007,0,1.02816,0,0,3.9642,2.93604,1.028160,1,0,92.1398,0,0,0,92.1398,0
63.9543,1.79608,0,0,3.24915,0.35542,0.36288,3.6288,61.308,0.66528,0,0,1.77575,0.144039,0.966435,0.66528,12.849,1,0.365042,0.36288,0,68.9679,3.32535,65.6404,0.84672,12.849,0.84672,3695.15,0,18.483,0.741037,2.54927,2.28558,10.0376,0.868576,13.2628,0.42336,0,0,18.483,0.42336,442.007,0,1.02816,0,0,3.57743,2.54927,1.028160,1,0,79.8697,0,0,0,79.8697,0
64.4834,1.80085,0,0,3.02462,0.331823,0.36288,3.6288,61.308,0.66528,0,0,2.0094,0.190299,1.15383,0.66528,12.849,1,0.361806,0.36288,0,67.805,3.44697,64.3591,0.84672,12.849,0.84672,3695.15,0,18.483,0.741037,3.14918,2.28587,11.0663,1.01047,14.7498,0.42336,0,0,18.483,0.42336,442.007,0,1.02816,0,0,4.17734,3.14918,1.028160,1,0,80.2628,0,0,0,80.2628,0
67.6615,1.47212,0,0,5.33151,0.318389,0.36288,3.6288,61.308,0.66528,0,0,2.99983,0.22987,2.10468,0.66528,12.849,1,0.293335,0.36288,0,117.344,3.75778,113.656,0.84672,12.849,0.84672,3695.15,0,18.483,0.535892,4.10844,2.28616,13.4038,1.18045,18.0821,0.42336,0,0,18.483,0.42336,442.007,0,1.02816,0,0,5.1366,4.10844,1.028160,1,0,133.842,0,0,0,133.842,0
71.0932,1.31247,0,0,5.43708,0.330028,0.36288,3.6288,61.308,0.66528,0,0,1.86598,0.233526,0.967174,0.66528,12.849,1,0.24924,0.36288,0,120.613,3.92248,116.804,0.84672,12.849,0.84672,3695.15,0,18.483,0.740969,2.98847,2.05323,9.46996,1.22812,12.5426,0.42336,0,0,18.483,0.42336,442.007,0,1.02816,0,0,4.01663,2.98847,1.028160,1,0,130.314,0,0,0,130.314,0
72.29,1.32379,0,0,4.92388,0.338934,2.06436,3.6288,61.308,0.66528,0,0,2.8833,0.233526,1.98449,0.66528,12.849,1,0.239255,2.06436,0,128.663,3.92248,126.566,0.84672,12.849,0.84672,3695.15,0,18.483,0.740969,5.79258,2.17349,16.0293,1.22812,22.0263,0.42336,0,0,18.483,0.42336,442.007,0,1.02816,0,0,6.82074,5.79258,1.028160,1,0,150.577,0,0,0,150.577,0
72.29,1.32829,0,0,5.10208,0.357236,3.41655,3.6288,61.308,0.66528,0,0,2.14307,0.193884,1.2839,0.66528,12.849,1,0.236093,3.41655,0,115.25,3.84666,114.584,0.84672,12.849,0.84672,3695.15,0,18.483,0.740969,4.14168,2.17374,14.7391,1.1369,19.1766,0.42336,0,0,18.483,0.42336,442.007,0,1.02816,0,0,5.16984,4.14168,1.028160,1,0,135.045,0,0,0,135.045,0
72.29,1.32942,0,0,5.36626,0.357528,3.67931,3.6288,61.308,0.66528,0,0,3.3294,0.179051,2.48507,0.66528,12.849,1,0.236294,3.67931,0,87.7062,3.74718,87.402,0.84672,12.849,0.84672,3695.15,0,18.483,0.740969,7.17289,2.17399,17.2557,1.09284,24.7688,0.42336,0,0,18.483,0.42336,442.007,0,1.02816,0,0,8.20105,7.17289,1.028160,1,0,114.656,0,0,0,114.656,0
72.29,1.41592,0,0,4.58979,0.322813,2.85106,3.6288,61.308,0.66528,0,0,2.96243,0.185189,2.11196,0.66528,12.849,1,0.251669,2.85106,0,166.476,3.33228,165.743,0.84672,12.849,0.84672,3695.15,0,18.483,0.791239,5.20852,2.17424,13.6561,1.04736,19.2003,0.42336,0,0,18.483,0.42336,442.007,0,1.02816,0,0,6.23668,5.20852,1.028160,1,0,187.056,0,0,0,187.056,0
72.29,1.45976,0,0,5.68252,0.322813,3.89994,3.6288,61.308,0.66528,0,0,5.66064,0.185189,4.81017,0.66528,12.849,1,0.259462,3.89994,0,170.474,3.33228,170.782,0.84672,12.849,0.84672,3695.15,0,18.483,0.740986,8.19187,2.23217,20.7959,1.04736,29.4316,0.42336,0,0,18.483,0.42336,442.007,0,1.02816,0,0,9.22003,8.19187,1.028160,1,0,205.024,0,0,0,205.024,0
72.29,1.46094,0,0,5.30683,0.322813,3.52308,3.6288,61.308,0.66528,0,0,3.19281,0.185189,2.34234,0.66528,12.849,1,0.259671,3.52308,0,146.535,3.33228,146.466,0.84672,12.849,0.84672,3695.15,0,18.483,0.740986,5.79622,2.20302,14.1488,1.04736,20.3597,0.42336,0,0,18.483,0.42336,442.007,0,1.02816,0,0,6.82438,5.79622,1.028160,1,0,169.168,0,0,0,169.168,0
72.29,1.46212,0,0,4.45257,0.28972,2.70073,3.6288,61.308,0.66528,0,0,2.65127,0.19478,1.79121,0.66528,12.849,1,0.25988,2.70073,0,124.045,3.34233,123.144,0.84672,12.849,0.84672,3695.15,0,18.483,0.740986,4.6105,2.20328,13.2534,1.06042,18.2658,0.42336,0,0,18.483,0.42336,442.007,0,1.02816,0,0,5.63866,4.6105,1.028160,1,0,143.201,0,0,0,143.201,0
72.29,1.42988,0,0,3.70993,0.212063,2.06799,3.6288,61.308,0.66528,0,0,1.7999,0.190962,0.94366,0.66528,12.849,1,0.254149,2.06799,0,110.429,4.09051,108.152,0.84672,12.849,0.84672,3695.15,0,18.483,0.721436,3.43176,2.20354,9.64613,1.14469,13.4153,0.42336,0,0,18.483,0.42336,442.007,0,1.02816,0,0,4.45992,3.43176,1.028160,1,0,122.511,0,0,0,122.511,0
72.29,1.41444,0,0,3.45869,0.212909,1.83134,3.6288,61.308,0.66528,0,0,1.55224,0.186329,0.700627,0.66528,12.849,1,0.251406,1.83134,0,97.3236,4.21102,94.6925,0.84672,12.849,0.84672,3695.15,0,18.483,0.74098,2.55363,2.18132,8.42953,1.15329,11.2702,0.42336,0,0,18.483,0.42336,442.007,0,1.02816,0,0,3.58179,2.55363,1.028160,1,0,106.663,0,0,0,106.663,0
72.29,1.4156,0,0,3.16988,0.202919,1.55136,3.6288,61.308,0.66528,0,0,1.44895,0.192736,0.590929,0.66528,12.849,1,0.251613,1.55136,0,88.9307,4.35102,85.8794,0.84672,12.849,0.84672,3695.15,0,18.483,0.74098,2.45087,2.19301,7.17396,1.17292,9.90395,0.42336,0,0,18.483,0.42336,442.007,0,1.02816,0,0,3.47903,2.45087,1.028160,1,0,96.3743,0,0,0,96.3743,0
72.29,1.41676,0,0,2.9657,0.181837,1.3671,3.6288,61.308,0.66528,0,0,1.38693,0.215236,0.506412,0.66528,12.849,1,0.251819,1.3671,0,77.8447,4.33869,74.6213,0.84672,12.849,0.84672,3695.15,0,18.483,0.74098,2.49243,2.19327,7.41087,1.11537,10.2402,0.42336,0,0,18.483,0.42336,442.007,0,1.02816,0,0,3.52059,2.49243,1.028160,1,0,85.3679,0,0,0,85.3679,0
72.29,1.53152,0,0,2.74219,0.147122,1.06354,3.6288,61.308,0.66528,0,0,1.25289,0.239838,0.347768,0.66528,12.849,1,0.272217,1.06354,0,65.412,4.73299,61.4703,0.84672,12.849,0.84672,3695.15,0,18.483,0.810404,2.04254,2.19353,7.27719,1.18313,9.51972,0.42336,0,0,18.483,0.42336,442.007,0,1.02816,0,0,3.0707,2.04254,1.028160,1,0,71.3378,0,0,0,71.3378,0
72.29,1.59167,0,0,2.40456,0.153647,0.659247,3.6288,61.308,0.66528,0,0,1.04069,0.233532,0.141876,0.66528,12.849,1,0.282907,0.659247,0,54.0486,4.78769,49.6373,0.84672,12.849,0.84672,3695.15,0,18.483,0.741003,1.64565,2.27249,5.6098,1.15188,7.63506,0.42336,0,0,18.483,0.42336,442.007,0,1.02816,0,0,2.67381,1.64565,1.028160,1,0,57.4142,0,0,0,57.4142,0
72.29,1.59289,0,0,2.13996,0.153647,0.393419,3.6288,61.308,0.66528,0,0,0.954824,0.233532,0.0560119,0.66528,12.849,1,0.283124,0.393419,0,48.7404,4.78769,44.063,0.84672,12.849,0.84672,3695.15,0,18.483,0.741003,1.40913,2.23215,5.40597,1.15188,7.15437,0.42336,0,0,18.483,0.42336,442.007,0,1.02816,0,0,2.43729,1.40913,1.028160,1,0,51.2734,0,0,0,51.2734,0
72.2509,1.59411,0,0,2.02114,0.103261,0.36288,3.6288,61.2931,0.66528,0,0,0.916998,0.266584,0,0.66528,12.849,1,0.283341,0.36288,0,43.4427,5.16254,38.3597,0.84672,12.849,0.84672,3695.15,0,18.483,0.741004,1.3172,2.23242,5.14865,1.24765,6.70962,0.42336,0,0,18.483,0.42336,442.007,0,1.02816,0,0,2.34536,1.3172,1.028160,1,0,45.0693,0,0,0,45.0693,0
72.121,1.5952,0,0,1.933,0.104848,0.36288,3.6288,61.2493,0.66528,0,0,0.887155,0.265721,0,0.66528,12.849,1,0.283688,0.36288,0,42.9625,5.16468,37.877,0.84672,12.849,0.84672,3695.15,0,18.483,0.741004,1.15741,2.23269,5.25233,1.25132,6.6501,0.42336,0,0,18.483,0.42336,442.007,0,1.02816,0,0,2.18557,1.15741,1.028160,1,0,44.5271,0,0,0,44.5271,0
72.0861,1.57349,0,0,2.01593,0.11444,0.36288,3.6288,61.2554,0.66528,0,0,0.932049,0.260622,0,0.66528,12.849,1,0.280332,0.36288,0,43.4544,5.17755,38.3594,0.84672,12.849,0.84672,3695.15,0,18.483,0.779224,1.0961,2.23295,4.99531,1.2733,6.27184,0.42336,0,0,18.483,0.42336,442.007,0,1.02816,0,0,2.12426,1.0961,1.028160,1,0,44.6312,0,0,0,44.6312,0
71.8982,1.60703,0,0,1.89644,0.11441,0.36288,3.6288,61.2087,0.66528,0,0,0.879215,0.260632,0,0.66528,12.849,1,0.286445,0.36288,0,43.1325,5.17755,38.0314,0.84672,12.849,0.84672,3695.15,0,18.483,0.741017,0.95529,2.25779,5.22089,1.2733,6.41965,0.42336,0,0,18.483,0.42336,442.007,0,1.02816,0,0,1.98345,0.95529,1.028160,1,0,44.4511,0,0,0,44.4511,0
71.5403,1.60762,0,0,1.72684,0.114247,0.36288,3.6288,61.1532,0.66528,0,0,0.870324,0.260555,0,0.66528,12.849,1,0.287299,0.36288,0,42.7988,5.17755,37.6969,0.84672,12.849,0.84672,3695.15,0,18.483,0.741017,0.958124,2.2357,5.02483,1.2733,6.20433,0.42336,0,0,18.483,0.42336,442.007,0,1.02816,0,0,1.98628,0.958124,1.028160,1,0,43.9012,0,0,0,43.9012,0
71.0183,1.60762,0,0,1.56241,0.113936,0.36288,3.6288,61.0352,0.66528,0,0,0.807702,0.260464,0,0.66528,12.849,1,0.288737,0.36288,0,38.4338,5.17755,33.3304,0.84672,12.849,0.84672,3695.15,0,18.483,0.741017,0.711729,2.23597,4.81928,1.2733,5.75266,0.42336,0,0,18.483,0.42336,442.007,0,1.02816,0,0,1.73989,0.711729,1.028160,1,0,39.0831,0,0,0,39.0831,0
70.1982,1.66508,0,0,1.3022,0.094328,0.36288,3.6288,60.7175,0.66528,0,0,0.656287,0.30865,0,0.66528,12.849,1,0.301254,0.36288,0,31.9209,6.08918,25.8934,0.84672,12.849,0.84672,3695.15,0,18.483,0.775125,0.493232,2.23624,3.22406,1.40694,3.77147,0.42336,0,0,18.483,0.42336,442.007,0,1.02816,0,0,1.52139,0.493232,1.028160,1,0,29.6648,0,0,0,29.6648,0
69.1941,1.69217,0,0,1.14362,0.0926796,0.36288,3.6288,60.3256,0.66528,0,0,0.58541,0.312044,0,0.66528,12.849,1,0.309733,0.36288,0,28.1022,6.25621,21.8991,0.84672,12.849,0.84672,3695.15,0,18.483,0.741028,0.367952,2.2757,2.52771,1.38826,3.04208,0.42336,0,0,18.483,0.42336,442.007,0,1.02816,0,0,1.39611,0.367952,1.028160,1,0,24.9412,0,0,0,24.9412,0
68.0822,1.68963,0,0,1.02828,0.0876403,0.36288,3.6288,59.8995,0.66528,0,0,0.556402,0.317296,0,0.66528,12.849,1,0.313755,0.36288,0,26.1552,6.27937,19.9249,0.84672,12.849,0.84672,3695.15,0,18.483,0.741028,0.451267,2.25603,2.48606,1.4251,3.02722,0.42336,0,0,18.483,0.42336,442.007,0,1.02816,0,0,1.47943,0.451267,1.028160,1,0,22.9521,0,0,0,22.9521,0
67.2068,1.68656,0,0,1.26842,0.0943832,0.36288,3.6288,59.6576,0.66528,0,0,0.757948,0.334539,0,0.66528,12.849,1,0.3183,0.36288,0,24.9437,5.89491,19.0933,0.84672,12.849,0.84672,3695.15,0,18.483,0.741029,0.797204,2.2563,4.75447,1.54158,5.52537,0.42336,0,0,18.483,0.42336,442.007,0,1.02816,0,0,1.82536,0.797204,1.028160,1,0,24.6187,0,0,0,24.6187,0
66.3336,1.85302,0,0,1.44234,0.0996435,0.36288,3.6288,59.4159,0.66528,0,0,0.756076,0.332517,0,0.66528,12.849,1,0.354272,0.36288,0,31.09,5.96368,25.1349,0.84672,12.849,0.84672,3695.15,0,18.483,0.864305,0.490026,2.25658,5.00695,1.54635,5.3429,0.42336,0,0,18.483,0.42336,442.007,0,1.02816,0,0,1.51819,0.490026,1.028160,1,0,30.4778,0,0,0,30.4778,0
64.8266,1.95368,0,0,0.90682,0.0972512,0.36288,3.6288,58.395,1.12611,0,0,0.442469,0.337201,0,0.66528,12.849,1,0.378433,0.36288,0,16.47,6.39733,10.0571,0.84672,12.849,0.84672,3695.15,0,18.483,0.74107,0.227405,2.38976,2.41174,1.61057,2.67726,0.42336,0,0,18.483,0.42336,442.007,0,0.567328,0,0,0.794733,0.227405,1.028160,1,0,12.7344,0,0,0,12.7344,0
63.3856,1.94766,0,0,0.965624,0.0960866,0.36288,3.6288,57.6859,0.918354,0,0,0.544253,0.334999,0,0.66528,12.849,1,0.386038,0.36288,0,20.9587,6.39733,14.5382,0.84672,12.849,0.84672,3695.15,0,18.483,0.74107,0.204422,2.31794,2.69381,1.61057,2.86453,0.42336,0,0,18.483,0.42336,442.007,0,0.775086,0,0,0.979508,0.204422,1.028160,1,0,17.4027,0,0,0,17.4027,0
61.7805,1.94169,0,0,0.794422,0.0949729,0.36288,3.6288,56.5204,1.22842,0,0,0.396375,0.333469,0,0.66528,12.849,1,0.393602,0.36288,0,19.2015,6.39733,12.7735,0.84672,12.849,0.84672,3695.15,0,18.483,0.74107,0.204422,2.31824,2.20634,1.61057,2.37736,0.42336,0,0,18.483,0.42336,442.007,0,0.465022,0,0,0.669445,0.204422,1.028160,1,0,15.1508,0,0,0,15.1508,0
60.3793,1.93453,0,0,0.989971,0.0937324,0.36288,3.6288,56.2108,0.66528,0,0,0.686639,0.330954,0,0.66528,12.849,1,0.402341,0.36288,0,18.7168,6.39733,12.28,0.84672,12.849,0.84672,3695.15,0,18.483,0.74107,0.29478,2.31854,3.44117,1.61057,3.70284,0.42336,0,0,18.483,0.42336,442.007,0,1.02816,0,0,1.32294,0.29478,1.028160,1,0,15.9829,0,0,0,15.9829,0
58.7778,1.84726,0,0,0.703901,0.0952953,0.36288,3.6288,55.9523,0.66528,0,0,0.676449,0.269641,0,0.66528,12.849,1,0.393105,0.36288,0,16.8357,5.34692,11.4586,0.84672,12.849,0.84672,3695.15,0,18.483,0.666122,0.469221,2.31883,3.24734,1.48958,3.8797,0.42336,0,0,18.483,0.42336,442.007,0,1.02816,0,0,1.49738,0.469221,1.028160,1,0,15.3383,0,0,0,15.3383,0
57.1154,1.77824,0,0,0.572599,0.0938488,0.36288,3.6288,55.4991,0.740785,0,0,0.556774,0.269185,0,0.66528,12.849,1,0.388728,0.36288,0,15.4602,5.34692,10.0875,0.84672,12.849,0.84672,3695.15,0,18.483,0.741045,0.216518,2.24284,2.93414,1.48958,3.16287,0.42336,0,0,18.483,0.42336,442.007,0,0.952655,0,0,1.16917,0.216518,1.028160,1,0,13.2504,0,0,0,13.2504,0
55.7668,1.77025,0,0,0.946049,0.161538,0.36288,3.6288,55.467,0.66528,0,0,0.843137,0.209969,0,0.66528,12.849,1,0.398246,0.36288,0,22.0105,4.5164,17.4587,0.84672,12.849,0.84672,3695.15,0,18.483,0.741045,0.457946,2.28697,3.88709,1.22999,4.66098,0.42336,0,0,18.483,0.42336,442.007,0,1.02816,0,0,1.48611,0.457946,1.028160,1,0,22.1197,0,0,0,22.1197,0
55.5399,1.76367,0,0,2.11024,0.210606,0.36288,3.6288,55.9767,0.66528,0,0,1.34107,0.16612,0,0.66528,12.849,1,0.40636,0.36288,0,56.2433,3.8935,52.3063,0.84672,12.849,0.84672,3695.15,0,18.483,0.741046,1.03622,2.28726,8.30885,1.03529,9.85599,0.42336,0,0,18.483,0.42336,442.007,0,1.02816,0,0,2.06438,1.03622,1.028160,1,0,62.1623,0,0,0,62.1623,0
54.5075,1.69808,0,0,1.24526,0.216643,0.36288,3.6288,55.6717,0.769919,0,0,0.652749,0.187813,0,0.66528,12.849,1,0.392847,0.36288,0,45.3745,3.98068,41.3639,0.84672,12.849,0.84672,3695.15,0,18.483,0.672733,0.216518,2.28755,5.08501,1.02852,5.88782,0.42336,0,0,18.483,0.42336,442.007,0,0.923521,0,0,1.14004,0.216518,1.028160,1,0,47.2517,0,0,0,47.2517,0
55.122,1.638,0,0,2.83462,0.219245,0.36288,3.6288,56.5202,0.66528,0,0,1.71701,0.203259,0,0.66528,12.849,1,0.386123,0.36288,0,80.0937,4.04607,76.0244,0.84672,12.849,0.84672,3695.15,0,18.483,0.741023,1.36395,2.21995,8.78627,1.02345,10.6057,0.42336,0,0,18.483,0.42336,442.007,0,1.02816,0,0,2.39211,1.36395,1.028160,1,0,86.6301,0,0,0,86.6301,0
56.8412,1.64269,0,0,3.94532,0.220604,0.36288,3.6288,58.0317,0.66528,0,0,2.38115,0.204389,0,0.66528,12.849,1,0.382913,0.36288,0,120.886,4.04607,116.82,0.84672,12.849,0.84672,3695.15,0,18.483,0.741023,3.25306,2.26019,11.9,1.02345,15.6487,0.42336,0,0,18.483,0.42336,442.007,0,1.02816,0,0,4.28122,3.25306,1.028160,1,0,132.468,0,0,0,132.468,0
58.0849,1.65335,0,0,3.52732,0.267333,0.36288,3.6288,59.2301,0.66528,0,0,2.08598,0.222259,0,0.66528,12.849,1,0.37374,0.36288,0,61.4323,3.6162,57.8052,0.84672,12.849,0.84672,3695.15,0,18.483,0.741023,2.07998,2.26046,9.70669,0.874961,12.4312,0.42336,0,0,18.483,0.42336,442.007,0,1.02816,0,0,3.10814,2.07998,1.028160,1,0,70.2364,0,0,0,70.2364,0
59.2146,1.47335,0,0,3.23753,0.271646,0.36288,3.6288,60.3702,0.66528,0,0,2.03034,0.225004,0,0.66528,12.849,1,0.32592,0.36288,0,49.4987,3.77424,45.7615,0.84672,12.849,0.84672,3695.15,0,18.483,0.598558,1.77307,2.26074,8.81142,0.931514,11.3152,0.42336,0,0,18.483,0.42336,442.007,0,1.02816,0,0,2.80123,1.77307,1.028160,1,0,57.0766,0,0,0,57.0766,0
60.0599,1.36255,0,0,2.84802,0.27725,0.36288,3.6288,61.308,0.66528,0,0,2.00633,0.22923,0.173991,0.66528,12.849,1,0.29566,0.36288,0,70.2076,4.16934,66.1055,0.84672,12.849,0.84672,3695.15,0,18.483,0.740976,2.22219,2.10798,9.30925,1.0729,11.8256,0.42336,0,0,18.483,0.42336,442.007,0,1.02816,0,0,3.25035,2.22219,1.028160,1,0,78.105,0,0,0,78.105,0
63.5073,1.3671,0,0,5.45687,0.279508,0.36288,3.6288,61.308,0.66528,0,0,2.01152,0.230597,1.11564,0.66528,12.849,1,0.292472,0.36288,0,66.0338,4.16934,61.9349,0.84672,12.849,0.84672,3695.15,0,18.483,0.740976,2.53442,2.19158,11.0136,1.0729,13.9257,0.42336,0,0,18.483,0.42336,442.007,0,1.02816,0,0,3.56258,2.53442,1.028160,1,0,76.9762,0,0,0,76.9762,0
66.8179,1.38143,0,0,5.34435,0.289446,0.36288,3.6288,61.308,0.66528,0,0,2.35794,0.223032,1.46963,0.66528,12.849,1,0.279496,0.36288,0,121.294,4.08684,117.291,0.84672,12.849,0.84672,3695.15,0,18.483,0.740976,2.44048,2.19183,11.2675,1.05053,14.1083,0.42336,0,0,18.483,0.42336,442.007,0,1.02816,0,0,3.46864,2.44048,1.028160,1,0,132.869,0,0,0,132.869,0
67.6226,1.39419,0,0,2.87004,0.308281,0.36288,3.6288,61.308,0.66528,0,0,1.10168,0.177642,0.258756,0.66528,12.849,1,0.268101,0.36288,0,45.7346,3.59184,42.2376,0.84672,12.849,0.84672,3695.15,0,18.483,0.740976,1.18868,2.19209,8.80347,0.916314,10.5269,0.42336,0,0,18.483,0.42336,442.007,0,1.02816,0,0,2.21684,1.18868,1.028160,1,0,53.0233,0,0,0,53.0233,0
70.7542,1.47223,0,0,5.2349,0.268213,0.36288,3.6288,61.308,0.66528,0,0,1.85688,0.185663,1.00594,0.66528,12.849,1,0.279739,0.36288,0,97.8362,3.85409,94.0652,0.84672,12.849,0.84672,3695.15,0,18.483,0.782286,3.30802,2.19234,10.1015,0.96182,13.8577,0.42336,0,0,18.483,0.42336,442.007,0,1.02816,0,0,4.33618,3.30802,1.028160,1,0,108.929,0,0,0,108.929,0
72.29,1.51881,0,0,9.28169,0.304982,5.92208,3.6288,61.308,0.66528,0,0,3.05619,0.170631,2.22028,0.66528,12.849,1,0.275817,5.92208,0,148.257,3.17604,150.727,0.84672,12.849,0.84672,3695.15,0,18.483,0.740972,4.38968,2.24106,14.7002,0.962992,19.627,0.42336,0,0,18.483,0.42336,442.007,0,1.02816,0,0,5.41784,4.38968,1.028160,1,0,172.575,0,0,0,172.575,0
72.29,1.52493,0,0,9.22044,0.308578,7.38693,3.6288,61.308,0.66528,0,0,3.53523,0.170631,2.69932,0.66528,12.849,1,0.271045,7.38693,0,168.788,3.17604,172.727,0.84672,12.849,0.84672,3695.15,0,18.483,0.740972,4.84563,2.21714,18.1236,0.962992,23.4824,0.42336,0,0,18.483,0.42336,442.007,0,1.02816,0,0,5.87379,4.84563,1.028160,1,0,198.909,0,0,0,198.909,0
72.29,1.52607,0,0,8.50038,0.308578,6.66573,3.6288,61.308,0.66528,0,0,3.40089,0.170631,2.56497,0.66528,12.849,1,0.271248,6.66573,0,198.02,3.17604,201.239,0.84672,12.849,0.84672,3695.15,0,18.483,0.740972,5.04539,2.21739,17.3941,0.962992,22.953,0.42336,0,0,18.483,0.42336,442.007,0,1.02816,0,0,6.07355,5.04539,1.028160,1,0,226.757,0,0,0,226.757,0
72.29,1.76839,0,0,12.7291,0.28864,10.6721,3.6288,61.308,0.66528,0,0,3.40941,0.169217,2.57492,0.66528,12.849,1,0.314319,10.6721,0,301.158,3.19431,308.321,0.84672,12.849,0.84672,3695.15,0,18.483,0.896289,7.29257,2.21765,21.0254,0.966963,28.6723,0.42336,0,0,18.483,0.42336,442.007,0,1.02816,0,0,8.32073,7.29257,1.028160,1,0,339.568,0,0,0,339.568,0
72.29,1.90149,0,0,8.63205,0.262057,6.4685,3.6288,61.308,0.66528,0,0,3.42904,0.167332,2.59643,0.66528,12.849,1,0.337976,6.4685,0,229.632,3.21867,232.544,0.84672,12.849,0.84672,3695.15,0,18.483,0.741022,6.21478,2.39113,16.3199,0.972257,23.2125,0.42336,0,0,18.483,0.42336,442.007,0,1.02816,0,0,7.24294,6.21478,1.028160,1,0,258.353,0,0,0,258.353,0
72.29,1.90275,0,0,6.23795,0.262057,4.07314,3.6288,61.308,0.66528,0,0,2.59629,0.167332,1.76367,0.66528,12.849,1,0.3382,4.07314,0,147.467,3.21867,147.983,0.84672,12.849,0.84672,3695.15,0,18.483,0.741022,4.57091,2.30054,11.8259,0.972257,16.9841,0.42336,0,0,18.483,0.42336,442.007,0,1.02816,0,0,5.59907,4.57091,1.028160,1,0,166.731,0,0,0,166.731,0
72.29,1.90402,0,0,5.46912,0.26508,3.30002,3.6288,61.308,0.66528,0,0,2.58255,0.149822,1.76745,0.66528,12.849,1,0.338425,3.30002,0,125.922,2.91621,125.967,0.84672,12.849,0.84672,3695.15,0,18.483,0.741022,5.35997,2.30082,11.4953,0.88553,17.5296,0.42336,0,0,18.483,0.42336,442.007,0,1.02816,0,0,6.38813,5.35997,1.028160,1,0,145.264,0,0,0,145.264,0
72.29,1.56085,0,0,6.79918,0.275422,4.96291,3.6288,61.308,0.66528,0,0,3.07752,0.166205,2.24604,0.66528,12.849,1,0.27743,4.96291,0,199.679,3.2003,201.164,0.84672,12.849,0.84672,3695.15,0,18.483,0.53232,7.20147,2.3011,15.6513,0.898315,23.7232,0.42336,0,0,18.483,0.42336,442.007,0,1.02816,0,0,8.22963,7.20147,1.028160,1,0,227.133,0,0,0,227.133,0
72.29,1.3848,0,0,8.91838,0.320458,7.21312,3.6288,61.308,0.66528,0,0,3.27316,0.182645,2.42524,0.66528,12.849,1,0.246138,7.21312,0,200.267,3.69873,203.535,0.84672,12.849,0.84672,3695.15,0,18.483,0.740956,8.384,2.06412,16.7874,1.01337,25.4812,0.42336,0,0,18.483,0.42336,442.007,0,1.02816,0,0,9.41216,8.384,1.028160,1,0,231.441,0,0,0,231.441,0
72.29,1.3859,0,0,7.60925,0.320458,5.90289,3.6288,61.308,0.66528,0,0,2.7695,0.182645,1.92158,0.66528,12.849,1,0.246333,5.90289,0,196.574,3.69873,198.532,0.84672,12.849,0.84672,3695.15,0,18.483,0.740956,5.92099,2.18645,13.1657,1.01337,19.5188,0.42336,0,0,18.483,0.42336,442.007,0,1.02816,0,0,6.94915,5.92099,1.028160,1,0,219.972,0,0,0,219.972,0
72.29,1.387,0,0,8.46383,0.30913,6.7677,3.6288,61.308,0.66528,0,0,2.69661,0.176628,1.8547,0.66528,12.849,1,0.246528,6.7677,0,206.73,3.61154,209.64,0.84672,12.849,0.84672,3695.15,0,18.483,0.740956,7.15288,2.18669,17.7355,1.00084,25.3333,0.42336,0,0,18.483,0.42336,442.007,0,1.02816,0,0,8.18104,7.15288,1.028160,1,0,236.828,0,0,0,236.828,0
72.29,1.3881,0,0,7.42046,0.262858,5.76951,3.6288,61.308,0.66528,0,0,2.28315,0.144264,1.4736,0.66528,12.849,1,0.246724,5.76951,0,190.515,3.27373,192.764,0.84672,12.849,0.84672,3695.15,0,18.483,0.740956,6.02588,2.18694,15.1289,0.950614,21.6501,0.42336,0,0,18.483,0.42336,442.007,0,1.02816,0,0,7.05404,6.02588,1.028160,1,0,215.887,0,0,0,215.887,0
72.29,1.47603,0,0,10.1254,0.35023,8.29913,3.6288,61.308,0.66528,0,0,5.03257,0.153599,4.21369,0.66528,12.849,1,0.262353,8.29913,0,195.54,3.89088,199.686,0.84672,12.849,0.84672,3695.15,0,18.483,0.792094,6.5004,2.18718,23.6254,1.06458,30.4563,0.42336,0,0,18.483,0.42336,442.007,0,1.02816,0,0,7.52856,6.5004,1.028160,1,0,234.355,0,0,0,234.355,0
72.29,1.52058,0,0,8.41588,0.35023,6.54507,3.6288,61.308,0.66528,0,0,3.3991,0.153599,2.58022,0.66528,12.849,1,0.270271,6.54507,0,162.47,3.89088,164.854,0.84672,12.849,0.84672,3695.15,0,18.483,0.740973,4.57356,2.2461,17.753,1.06458,22.7671,0.42336,0,0,18.483,0.42336,442.007,0,1.02816,0,0,5.60172,4.57356,1.028160,1,0,190.201,0,0,0,190.201,0
72.29,1.52172,0,0,6.88219,0.284043,5.07643,3.6288,61.308,0.66528,0,0,3.03321,0.172783,2.19515,0.66528,12.849,1,0.270474,5.07643,0,142.938,3.91098,143.833,0.84672,12.849,0.84672,3695.15,0,18.483,0.740973,3.6139,2.21643,15.1216,1.09071,19.1203,0.42336,0,0,18.483,0.42336,442.007,0,1.02816,0,0,4.64206,3.6139,1.028160,1,0,165.148,0,0,0,165.148,0
72.29,1.52286,0,0,6.58731,0.234403,4.83005,3.6288,61.308,0.66528,0,0,2.90063,0.18717,2.04818,0.66528,12.849,1,0.270677,4.83005,0,134.946,3.92606,135.579,0.84672,12.849,0.84672,3695.15,0,18.483,0.740973,3.43532,2.21668,16.3354,1.11031,20.1361,0.42336,0,0,18.483,0.42336,442.007,0,1.02816,0,0,4.46348,3.43532,1.028160,1,0,157.763,0,0,0,157.763,0
72.29,1.49001,0,0,6.35325,0.236274,4.62697,3.6288,61.308,0.66528,0,0,2.34739,0.189091,1.49302,0.66528,12.849,1,0.264837,4.62697,0,143.038,3.95163,143.448,0.84672,12.849,0.84672,3695.15,0,18.483,0.721086,2.94582,2.21694,12.9635,1.07312,16.332,0.42336,0,0,18.483,0.42336,442.007,0,1.02816,0,0,3.97398,2.94582,1.028160,1,0,161.273,0,0,0,161.273,0
72.29,1.47425,0,0,5.52283,0.237022,3.81156,3.6288,61.308,0.66528,0,0,2.15402,0.189859,1.29888,0.66528,12.849,1,0.262037,3.81156,0,121.975,3.96186,121.563,0.84672,12.849,0.84672,3695.15,0,18.483,0.740967,2.84876,2.19432,11.4032,1.05825,14.6471,0.42336,0,0,18.483,0.42336,442.007,0,1.02816,0,0,3.87692,2.84876,1.028160,1,0,137.509,0,0,0,137.509,0
72.29,1.47538,0,0,4.94479,0.237022,3.23239,3.6288,61.308,0.66528,0,0,2.04307,0.189859,1.18794,0.66528,12.849,1,0.262237,3.23239,0,109.359,3.96186,108.367,0.84672,12.849,0.84672,3695.15,0,18.483,0.740967,2.56884,2.2062,11.0506,1.05825,14.0265,0.42336,0,0,18.483,0.42336,442.007,0,1.02816,0,0,3.597,2.56884,1.028160,1,0,123.582,0,0,0,123.582,0
72.29,1.4765,0,0,4.73651,0.170876,3.08913,3.6288,61.308,0.66528,0,0,1.97052,0.204844,1.1004,0.66528,12.849,1,0.262437,3.08913,0,101.052,4.26255,99.6159,0.84672,12.849,0.84672,3695.15,0,18.483,0.740967,2.36927,2.20645,10.5982,1.16494,13.268,0.42336,0,0,18.483,0.42336,442.007,0,1.02816,0,0,3.39743,2.36927,1.028160,1,0,113.984,0,0,0,113.984,0
72.29,1.59317,0,0,4.55751,0.197154,2.76718,3.6288,61.308,0.66528,0,0,1.8718,0.201446,1.00508,0.66528,12.849,1,0.283174,2.76718,0,92.7081,5.41374,89.7783,0.84672,12.849,0.84672,3695.15,0,18.483,0.81158,2.32896,2.2067,9.67464,1.10168,12.297,0.42336,0,0,18.483,0.42336,442.007,0,1.02816,0,0,3.35712,2.32896,1.028160,1,0,103.08,0,0,0,103.08,0
72.29,1.65429,0,0,4.2642,0.157215,2.4527,3.6288,61.308,0.66528,0,0,1.61663,0.218176,0.733174,0.66528,12.849,1,0.294037,2.4527,0,75.1965,4.97102,72.3842,0.84672,12.849,0.84672,3695.15,0,18.483,0.740989,1.6803,2.287,8.18199,1.10232,10.306,0.42336,0,0,18.483,0.42336,442.007,0,1.02816,0,0,2.70846,1.6803,1.028160,1,0,83.4233,0,0,0,83.4233,0
72.29,1.65547,0,0,4.08308,0.157215,2.2704,3.6288,61.308,0.66528,0,0,1.64347,0.218176,0.76001,0.66528,12.849,1,0.294247,2.2704,0,71.7457,4.97102,68.7508,0.84672,12.849,0.84672,3695.15,0,18.483,0.740989,2.00844,2.24596,7.79026,1.10232,10.2013,0.42336,0,0,18.483,0.42336,442.007,0,1.02816,0,0,3.0366,2.00844,1.028160,1,0,79.7122,0,0,0,79.7122,0
72.29,1.65665,0,0,3.76108,0.186718,1.91771,3.6288,61.308,0.66528,0,0,1.54013,0.210275,0.664577,0.66528,12.849,1,0.294457,1.91771,0,67.068,4.46333,64.2279,0.84672,12.849,0.84672,3695.15,0,18.483,0.74099,1.85857,2.24622,7.13336,1.12191,9.37525,0.42336,0,0,18.483,0.42336,442.007,0,1.02816,0,0,2.88673,1.85857,1.028160,1,0,74.2677,0,0,0,74.2677,0
72.29,1.65783,0,0,3.55382,0.124977,1.77101,3.6288,61.308,0.66528,0,0,1.54926,0.233864,0.650112,0.66528,12.849,1,0.294668,1.77101,0,62.8504,4.57104,59.7557,0.84672,12.849,0.84672,3695.15,0,18.483,0.74099,1.87816,2.24648,7.07357,1.1823,9.27492,0.42336,0,0,18.483,0.42336,442.007,0,1.02816,0,0,2.90632,1.87816,1.028160,1,0,69.6807,0,0,0,69.6807,0
72.29,1.63613,0,0,3.32535,0.107971,1.58124,3.6288,61.308,0.66528,0,0,1.40187,0.236001,0.500585,0.66528,12.849,1,0.29081,1.58124,0,74.3031,5.00902,70.5845,0.84672,12.849,0.84672,3695.15,0,18.483,0.779861,2.50379,2.24674,10.7264,1.24681,13.4502,0.42336,0,0,18.483,0.42336,442.007,0,1.02816,0,0,3.53195,2.50379,1.028160,1,0,84.5354,0,0,0,84.5354,0
72.29,1.67031,0,0,3.06965,0.108037,1.2913,3.6288,61.308,0.66528,0,0,1.38726,0.236001,0.485984,0.66528,12.849,1,0.296885,1.2913,0,67.9398,5.00902,63.9252,0.84672,12.849,0.84672,3695.15,0,18.483,0.741002,2.42979,2.27198,9.84113,1.24681,12.5551,0.42336,0,0,18.483,0.42336,442.007,0,1.02816,0,0,3.45795,2.42979,1.028160,1,0,76.9662,0,0,0,76.9662,0
72.29,1.6715,0,0,2.86912,0.107971,1.08965,3.6288,61.308,0.66528,0,0,1.39561,0.236001,0.49433,0.66528,12.849,1,0.297096,1.08965,0,63.1662,5.00902,58.9497,0.84672,12.849,0.84672,3695.15,0,18.483,0.741002,2.58419,2.2495,9.51307,1.24681,12.359,0.42336,0,0,18.483,0.42336,442.007,0,1.02816,0,0,3.61235,2.58419,1.028160,1,0,71.803,0,0,0,71.803,0
72.29,1.67269,0,0,2.79212,0.104451,1.01498,3.6288,61.308,0.66528,0,0,1.32071,0.263427,0.392004,0.66528,12.849,1,0.297307,1.01498,0,59.1132,5.35432,54.4765,0.84672,12.849,0.84672,3695.15,0,18.483,0.741002,2.43298,2.24976,9.15581,1.32966,11.7679,0.42336,0,0,18.483,0.42336,442.007,0,1.02816,0,0,3.46114,2.43298,1.028160,1,0,66.6364,0,0,0,66.6364,0
72.29,1.73305,0,0,2.36079,0.0929609,0.534776,3.6288,61.308,0.66528,0,0,1.06178,0.292229,0.104269,0.66528,12.849,1,0.308036,0.534776,0,51.8842,5.817,46.2939,0.84672,12.849,0.84672,3695.15,0,18.483,0.77569,1.82974,2.25003,6.72655,1.37835,8.65228,0.42336,0,0,18.483,0.42336,442.007,0,1.02816,0,0,2.8579,1.82974,1.028160,1,0,55.0504,0,0,0,55.0504,0
72.0893,1.76371,0,0,2.01226,0.0863237,0.36288,3.6288,61.2118,0.66528,0,0,0.867465,0.298403,0,0.66528,12.849,1,0.313486,0.36288,0,44.722,5.96977,38.8016,0.84672,12.849,0.84672,3695.15,0,18.483,0.741013,1.43287,2.29015,4.63935,1.36826,6.2531,0.42336,0,0,18.483,0.42336,442.007,0,1.02816,0,0,2.46103,1.43287,1.028160,1,0,45.0547,0,0,0,45.0547,0
71.6898,1.76418,0,0,1.80931,0.0817719,0.36288,3.6288,61.0667,0.66528,0,0,0.824481,0.304284,0,0.66528,12.849,1,0.314443,0.36288,0,41.6235,5.99294,35.679,0.84672,12.849,0.84672,3695.15,0,18.483,0.741014,1.57973,2.27012,4.5629,1.40511,6.26663,0.42336,0,0,18.483,0.42336,442.007,0,1.02816,0,0,2.60789,1.57973,1.028160,1,0,41.9457,0,0,0,41.9457,0
71.7057,1.76391,0,0,2.23185,0.0892318,0.36288,3.6288,61.2023,0.66528,0,0,1.12314,0.322243,0,0.66528,12.849,1,0.316146,0.36288,0,39.6955,5.60847,34.1338,0.84672,12.849,0.84672,3695.15,0,18.483,0.741014,2.18959,2.27039,8.72642,1.52158,10.9238,0.42336,0,0,18.483,0.42336,442.007,0,1.02816,0,0,3.21775,2.18959,1.028160,1,0,45.0576,0,0,0,45.0576,0
72.0725,1.93848,0,0,2.76622,0.0980548,0.36288,3.6288,61.308,0.66528,0,0,1.21016,0.32078,0.118415,0.66528,12.849,1,0.347359,0.36288,0,58.6572,5.58522,53.0875,0.84672,12.849,0.84672,3695.15,0,18.483,0.866376,2.08383,2.27066,9.84839,1.48489,11.8516,0.42336,0,0,18.483,0.42336,442.007,0,1.02816,0,0,3.11199,2.08383,1.028160,1,0,65.0575,0,0,0,65.0575,0
71.5356,2.04765,0,0,1.99074,0.1171,0.36288,3.6288,61.1759,0.66528,0,0,0.861866,0.328675,0,0.66528,12.849,1,0.365053,0.36288,0,33.1453,5.96914,27.174,0.84672,12.849,0.84672,3695.15,0,18.483,0.741054,1.77114,2.40608,5.86721,1.36932,7.93405,0.42336,0,0,18.483,0.42336,442.007,0,1.02816,0,0,2.7993,1.77114,1.028160,1,0,35.108,0,0,0,35.108,0
71.1942,2.04663,0,0,2.18475,0.116623,0.36288,3.6288,61.2465,0.66528,0,0,1.06427,0.328401,0,0.66528,12.849,1,0.367609,0.36288,0,42.6274,5.96914,36.6536,0.84672,12.849,0.84672,3695.15,0,18.483,0.741054,2.44967,2.33303,6.40059,1.36932,9.07292,0.42336,0,0,18.483,0.42336,442.007,0,1.02816,0,0,3.47783,2.44967,1.028160,1,0,45.7265,0,0,0,45.7265,0
70.4237,2.04644,0,0,1.75514,0.116319,0.36288,3.6288,61.0225,0.66528,0,0,0.769789,0.328548,0,0.66528,12.849,1,0.369338,0.36288,0,41.6537,5.96914,35.6781,0.84672,12.849,0.84672,3695.15,0,18.483,0.741054,1.38632,2.33332,5.13819,1.36932,6.74746,0.42336,0,0,18.483,0.42336,442.007,0,1.02816,0,0,2.41448,1.38632,1.028160,1,0,42.4256,0,0,0,42.4256,0
70.0867,2.04432,0,0,2.18582,0.115633,0.36288,3.6288,61.308,0.66528,0,0,1.31568,0.328082,0.0367774,0.66528,12.849,1,0.372992,0.36288,0,38.0428,5.96914,32.0635,0.84672,12.849,0.84672,3695.15,0,18.483,0.741054,3.53915,2.33361,7.94461,1.36932,11.707,0.42336,0,0,18.483,0.42336,442.007,0,1.02816,0,0,4.56731,3.53915,1.028160,1,0,43.8073,0,0,0,43.8073,0
69.8863,1.95981,0,0,2.2855,0.163142,0.36288,3.6288,61.308,0.66528,0,0,1.28415,0.278716,0.34015,0.66528,12.849,1,0.359292,0.36288,0,23.2499,4.37743,18.876,0.84672,12.849,0.84672,3695.15,0,18.483,0.664843,3.12976,2.33389,8.14285,1.01449,11.9272,0.42336,0,0,18.483,0.42336,442.007,0,1.02816,0,0,4.15792,3.12976,1.028160,1,0,31.1434,0,0,0,31.1434,0
69.8119,1.89583,0,0,2.36221,0.177908,0.36288,3.6288,61.308,0.66528,0,0,1.46597,0.272738,0.527957,0.66528,12.849,1,0.34856,0.36288,0,24.0878,4.15013,19.952,0.84672,12.849,0.84672,3695.15,0,18.483,0.74103,3.27999,2.25661,8.91078,0.977093,12.7293,0.42336,0,0,18.483,0.42336,442.007,0,1.02816,0,0,4.30815,3.27999,1.028160,1,0,33.2092,0,0,0,33.2092,0
69.911,1.89677,0,0,2.53655,0.177806,0.36288,3.6288,61.308,0.66528,0,0,1.54167,0.272738,0.603652,0.66528,12.849,1,0.349104,0.36288,0,35.3856,4.15013,31.2493,0.84672,12.849,0.84672,3695.15,0,18.483,0.74103,3.59425,2.30147,9.76044,0.977093,13.938,0.42336,0,0,18.483,0.42336,442.007,0,1.02816,0,0,4.62241,3.59425,1.028160,1,0,45.791,0,0,0,45.791,0
70.2272,1.89844,0,0,2.75547,0.177942,0.36288,3.6288,61.308,0.66528,0,0,2.21788,0.272738,1.27986,0.66528,12.849,1,0.348917,0.36288,0,83.5539,4.15013,79.4177,0.84672,12.849,0.84672,3695.15,0,18.483,0.74103,4.65738,2.30175,13.832,0.977093,19.073,0.42336,0,0,18.483,0.42336,442.007,0,1.02816,0,0,5.68554,4.65738,1.028160,1,0,99.7706,0,0,0,99.7706,0
69.9372,1.83172,0,0,2.18648,0.281864,0.36288,3.6288,61.308,0.66528,0,0,1.51463,0.262045,0.587301,0.66528,12.849,1,0.335138,0.36288,0,60.7155,4.60472,56.1386,0.84672,12.849,0.84672,3695.15,0,18.483,0.671571,1.98643,2.30203,10.1996,1.07593,12.7406,0.42336,0,0,18.483,0.42336,442.007,0,1.02816,0,0,3.01459,1.98643,1.028160,1,0,69.4664,0,0,0,69.4664,0
68.5639,1.7731,0,0,1.06795,0.305339,0.36288,3.6288,60.8916,0.884511,0,0,0.69119,0.22305,0,0.66528,12.849,1,0.325758,0.36288,0,37.4656,4.08555,33.4172,0.84672,12.849,0.84672,3695.15,0,18.483,0.741008,0.216518,2.23328,6.66827,0.991575,7.38548,0.42336,0,0,18.483,0.42336,442.007,0,0.808929,0,0,1.02545,0.216518,1.028160,1,0,40.8027,0,0,0,40.8027,0
68.3197,1.76882,0,0,2.18967,0.302099,0.36288,3.6288,61.308,0.66528,0,0,1.52617,0.222463,0.222056,0.66528,12.849,1,0.33148,0.36288,0,57.8714,4.08555,53.8173,0.84672,12.849,0.84672,3695.15,0,18.483,0.741008,1.50739,2.27418,9.53415,0.991575,11.5831,0.42336,0,0,18.483,0.42336,442.007,0,1.02816,0,0,2.53555,1.50739,1.028160,1,0,65.6225,0,0,0,65.6225,0
70.259,1.76903,0,0,4.37274,0.301523,0.36288,3.6288,61.308,0.66528,0,0,2.93705,0.22305,2.04872,0.66528,12.849,1,0.332704,0.36288,0,106.681,4.08555,102.625,0.84672,12.849,0.84672,3695.15,0,18.483,0.741008,4.46974,2.27445,15.3389,0.991575,20.3505,0.42336,0,0,18.483,0.42336,442.007,0,1.02816,0,0,5.4979,4.46974,1.028160,1,0,125.024,0,0,0,125.024,0
71.376,1.58092,0,0,3.3996,0.338843,0.36288,3.6288,61.308,0.66528,0,0,2.17604,0.227251,1.28351,0.66528,12.849,1,0.289118,0.36288,0,52.1006,3.74696,48.4274,0.84672,12.849,0.84672,3695.15,0,18.483,0.596163,2.52586,2.27472,10.3972,0.877507,13.7241,0.42336,0,0,18.483,0.42336,442.007,0,1.02816,0,0,3.55402,2.52586,1.028160,1,0,63.435,0,0,0,63.435,0
70.693,1.46316,0,0,1.44047,0.297458,0.36288,3.6288,61.308,0.66528,0,0,1.03356,0.171499,0.196781,0.66528,12.849,1,0.263395,0.36288,0,24.499,3.86473,20.7337,0.84672,12.849,0.84672,3695.15,0,18.483,0.740963,0.798042,2.11939,6.02562,0.935523,7.26657,0.42336,0,0,18.483,0.42336,442.007,0,1.02816,0,0,1.8262,0.798042,1.028160,1,0,28.1971,0,0,0,28.1971,0
71.459,1.46212,0,0,2.88697,0.295906,0.36288,3.6288,61.308,0.66528,0,0,2.04856,0.171499,1.21178,0.66528,12.849,1,0.265751,0.36288,0,48.2348,3.86473,44.4672,0.84672,12.849,0.84672,3695.15,0,18.483,0.740963,2.17216,2.20438,9.77849,0.935523,12.4785,0.42336,0,0,18.483,0.42336,442.007,0,1.02816,0,0,3.20032,2.17216,1.028160,1,0,58.1575,0,0,0,58.1575,0
72.2093,1.46565,0,0,2.87969,0.300934,0.36288,3.6288,61.308,0.66528,0,0,2.48372,0.211672,1.60677,0.66528,12.849,1,0.263537,0.36288,0,55.9429,4.46691,51.5753,0.84672,12.849,0.84672,3695.15,0,18.483,0.740963,1.99094,2.20462,10.9058,1.17303,13.1874,0.42336,0,0,18.483,0.42336,442.007,0,1.02816,0,0,3.0191,1.99094,1.028160,1,0,66.3695,0,0,0,66.3695,0
72.29,1.46909,0,0,3.71148,0.280316,1.88134,3.6288,61.308,0.66528,0,0,3.04673,0.221939,2.15951,0.66528,12.849,1,0.261412,1.88134,0,67.925,4.06506,65.4799,0.84672,12.849,0.84672,3695.15,0,18.483,0.740963,2.64185,2.20487,12.3806,1.02164,15.4647,0.42336,0,0,18.483,0.42336,442.007,0,1.02816,0,0,3.67001,2.64185,1.028160,1,0,83.1041,0,0,0,83.1041,0
72.29,1.5467,0,0,4.66398,0.2769,2.84038,3.6288,61.308,0.66528,0,0,2.44131,0.203712,1.57232,0.66528,12.849,1,0.274914,2.84038,0,91.1771,3.74251,90,0.84672,12.849,0.84672,3695.15,0,18.483,0.78296,2.00233,2.20512,15.4336,1.04351,17.8146,0.42336,0,0,18.483,0.42336,442.007,0,1.02816,0,0,3.03049,2.00233,1.028160,1,0,109.387,0,0,0,109.387,0
72.29,1.58347,0,0,4.93854,0.279544,3.07553,3.6288,61.308,0.66528,0,0,1.55778,0.204818,0.687685,0.66528,12.849,1,0.281449,3.07553,0,54.8768,3.80215,53.8687,0.84672,12.849,0.84672,3695.15,0,18.483,0.740959,1.01534,2.25464,9.82835,1.11061,11.2468,0.42336,0,0,18.483,0.42336,442.007,0,1.02816,0,0,2.0435,1.01534,1.028160,1,0,65.8032,0,0,0,65.8032,0
72.29,1.58457,0,0,6.82281,0.293514,4.94472,3.6288,61.308,0.66528,0,0,1.5647,0.222297,0.677118,0.66528,12.849,1,0.281646,4.94472,0,153.169,3.92969,153.902,0.84672,12.849,0.84672,3695.15,0,18.483,0.740959,1.11366,2.2303,13.89,1.15512,15.3379,0.42336,0,0,18.483,0.42336,442.007,0,1.02816,0,0,2.14182,1.11366,1.028160,1,0,169.917,0,0,0,169.917,0
72.29,1.58568,0,0,9.87276,0.326644,7.96043,3.6288,61.308,0.66528,0,0,3.47617,0.223745,2.58715,0.66528,12.849,1,0.281843,7.96043,0,217.675,4.16535,221.189,0.84672,12.849,0.84672,3695.15,0,18.483,0.740959,2.85348,2.23055,21.7477,1.17332,24.9175,0.42336,0,0,18.483,0.42336,442.007,0,1.02816,0,0,3.88164,2.85348,1.028160,1,0,248.693,0,0,0,248.693,0
72.29,1.83196,0,0,11.5296,0.330277,9.36741,3.6288,61.308,0.66528,0,0,5.44355,0.21278,4.56549,0.66528,12.849,1,0.325617,9.36741,0,197.805,4.0617,202.785,0.84672,12.849,0.84672,3695.15,0,18.483,0.898849,6.22945,2.23079,26.0099,1.17695,32.3943,0.42336,0,0,18.483,0.42336,442.007,0,1.02816,0,0,7.25761,6.22945,1.028160,1,0,239.745,0,0,0,239.745,0
72.29,1.9672,0,0,8.18882,0.340107,5.88151,3.6288,61.308,0.66528,0,0,3.19842,0.20297,2.33017,0.66528,12.849,1,0.349655,5.88151,0,145.973,3.83722,147.667,0.84672,12.849,0.84672,3695.15,0,18.483,0.741007,3.69755,2.40713,19.303,1.2248,23.4418,0.42336,0,0,18.483,0.42336,442.007,0,1.02816,0,0,4.72571,3.69755,1.028160,1,0,173.439,0,0,0,173.439,0
72.29,1.96842,0,0,5.95539,0.340107,3.64686,3.6288,61.308,0.66528,0,0,2.49528,0.20297,1.62702,0.66528,12.849,1,0.349872,3.64686,0,165.707,3.83722,165.167,0.84672,12.849,0.84672,3695.15,0,18.483,0.741007,1.40691,2.31503,14.2261,1.2248,15.9822,0.42336,0,0,18.483,0.42336,442.007,0,1.02816,0,0,2.43507,1.40691,1.028160,1,0,182.776,0,0,0,182.776,0
72.29,1.96965,0,0,4.40236,0.344641,2.08807,3.6288,61.308,0.866618,0,0,1.82148,0.176706,0.778152,0.66528,12.849,1,0.35009,2.08807,0,106.741,3.38354,105.096,0.84672,12.849,0.84672,3695.15,0,18.483,0.741007,0.608429,2.3153,8.50686,1.09471,9.59487,0.42336,0,0,18.483,0.42336,442.007,0,0.826822,0,0,1.43525,0.608429,1.028160,1,0,115.469,0,0,0,115.469,0
72.29,1.62075,0,0,4.88316,0.29845,2.96395,3.6288,61.308,0.66528,0,0,1.92454,0.221761,1.0375,0.66528,12.849,1,0.288077,2.96395,0,92.1586,4.35222,90.4822,0.84672,12.849,0.84672,3695.15,0,18.483,0.528859,0.840214,2.31557,12.0872,1.16284,13.5513,0.42336,0,0,18.483,0.42336,442.007,0,1.02816,0,0,1.86837,0.840214,1.028160,1,0,105.071,0,0,0,105.071,0
72.29,1.44174,0,0,4.91948,0.306917,3.17082,3.6288,61.308,0.66528,0,0,1.62186,0.162329,0.794248,0.66528,12.849,1,0.256258,3.17082,0,102.891,3.78283,102.023,0.84672,12.849,0.84672,3695.15,0,18.483,0.740943,1.16136,2.07466,10.9895,0.955656,12.5289,0.42336,0,0,18.483,0.42336,442.007,0,1.02816,0,0,2.18952,1.16136,1.028160,1,0,115.346,0,0,0,115.346,0
72.29,1.4428,0,0,4.05257,0.306917,2.30286,3.6288,61.308,0.66528,0,0,1.15475,0.162329,0.327144,0.66528,12.849,1,0.256447,2.30286,0,88.1237,3.78283,86.3873,0.84672,12.849,0.84672,3695.15,0,18.483,0.740943,0.619877,2.19901,9.28731,0.955656,10.4096,0.42336,0,0,18.483,0.42336,442.007,0,1.02816,0,0,1.64804,0.619877,1.028160,1,0,97.124,0,0,0,97.124,0
72.29,1.44386,0,0,4.3718,0.306917,2.62101,3.6288,61.308,0.66528,0,0,1.37315,0.162329,0.545537,0.66528,12.849,1,0.256636,2.62101,0,99.8153,3.78283,98.3969,0.84672,12.849,0.84672,3695.15,0,18.483,0.740943,0.686759,2.19924,7.55222,0.955656,8.74163,0.42336,0,0,18.483,0.42336,442.007,0,1.02816,0,0,1.71492,0.686759,1.028160,1,0,107.684,0,0,0,107.684,0
72.29,1.44493,0,0,6.81102,0.304185,5.0619,3.6288,61.308,0.66528,0,0,2.13198,0.139421,1.32728,0.66528,12.849,1,0.256825,5.0619,0,184.544,3.42422,185.925,0.84672,12.849,0.84672,3695.15,0,18.483,0.740943,2.26354,2.19948,15.9219,0.894236,18.7497,0.42336,0,0,18.483,0.42336,442.007,0,1.02816,0,0,3.2917,2.26354,1.028160,1,0,206.002,0,0,0,206.002,0
72.29,1.53425,0,0,5.96601,0.263633,4.16812,3.6288,61.308,0.66528,0,0,1.87869,0.183197,1.03021,0.66528,12.849,1,0.272702,4.16812,0,152.069,4.53243,151.432,0.84672,12.849,0.84672,3695.15,0,18.483,0.792921,1.64946,2.19971,13.4627,0.991862,15.5271,0.42336,0,0,18.483,0.42336,442.007,0,1.02816,0,0,2.67762,1.64946,1.028160,1,0,167.989,0,0,0,167.989,0
72.29,1.57948,0,0,5.0348,0.257215,3.19811,3.6288,61.308,0.66528,0,0,1.65503,0.193356,0.79639,0.66528,12.849,1,0.28074,3.19811,0,114.656,4.76196,112.812,0.84672,12.849,0.84672,3695.15,0,18.483,0.740959,1.57297,2.25959,12.5738,1.01581,14.6496,0.42336,0,0,18.483,0.42336,442.007,0,1.02816,0,0,2.60113,1.57297,1.028160,1,0,128.258,0,0,0,128.258,0
72.29,1.58058,0,0,4.4468,0.257215,2.609,3.6288,61.308,0.66528,0,0,1.50511,0.193356,0.646469,0.66528,12.849,1,0.280936,2.609,0,97.4938,4.76196,95.0599,0.84672,12.849,0.84672,3695.15,0,18.483,0.740959,1.3898,2.22942,11.4055,1.01581,13.2679,0.42336,0,0,18.483,0.42336,442.007,0,1.02816,0,0,2.41796,1.3898,1.028160,1,0,108.974,0,0,0,108.974,0
72.29,1.58169,0,0,4.99052,0.219721,3.18912,3.6288,61.308,0.66528,0,0,1.53076,0.172037,0.693441,0.66528,12.849,1,0.281133,3.18912,0,99.5276,3.93585,98.4998,0.84672,12.849,0.84672,3695.15,0,18.483,0.740959,1.32675,2.22967,12.1651,1.00379,13.9768,0.42336,0,0,18.483,0.42336,442.007,0,1.02816,0,0,2.35491,1.32675,1.028160,1,0,113.17,0,0,0,113.17,0
72.29,1.54824,0,0,4.03816,0.195184,2.29474,3.6288,61.308,0.66528,0,0,1.29154,0.208822,0.41744,0.66528,12.849,1,0.275187,2.29474,0,89.2417,4.13141,87.1298,0.84672,12.849,0.84672,3695.15,0,18.483,0.720747,1.25445,2.22991,8.61589,1.0404,10.3391,0.42336,0,0,18.483,0.42336,442.007,0,1.02816,0,0,2.28261,1.25445,1.028160,1,0,97.8864,0,0,0,97.8864,0
72.29,1.53217,0,0,3.26963,0.181468,1.55599,3.6288,61.308,0.66528,0,0,1.19977,0.239075,0.295413,0.66528,12.849,1,0.272332,1.55599,0,71.4951,4.38134,68.3975,0.84672,12.849,0.84672,3695.15,0,18.483,0.740953,0.965304,2.20691,6.9546,1.06936,8.31649,0.42336,0,0,18.483,0.42336,442.007,0,1.02816,0,0,1.99346,0.965304,1.028160,1,0,77.0094,0,0,0,77.0094,0
72.29,1.53326,0,0,2.93514,0.181468,1.22041,3.6288,61.308,0.66528,0,0,1.26562,0.239075,0.361267,0.66528,12.849,1,0.272525,1.22041,0,66.1081,4.38134,62.6746,0.84672,12.849,0.84672,3695.15,0,18.483,0.740953,1.01812,2.21898,6.98501,1.06936,8.41179,0.42336,0,0,18.483,0.42336,442.007,0,1.02816,0,0,2.04628,1.01812,1.028160,1,0,71.4477,0,0,0,71.4477,0
72.29,1.53435,0,0,3.19151,0.181468,1.4757,3.6288,61.308,0.66528,0,0,1.09093,0.239075,0.186574,0.66528,12.849,1,0.272719,1.4757,0,68.2085,4.38134,65.0301,0.84672,12.849,0.84672,3695.15,0,18.483,0.740953,0.720999,2.21922,8.5593,1.06936,9.6892,0.42336,0,0,18.483,0.42336,442.007,0,1.02816,0,0,1.74916,0.720999,1.028160,1,0,74.9059,0,0,0,74.9059,0
72.29,1.65286,0,0,2.86621,0.135763,1.07758,3.6288,61.308,0.66528,0,0,1.06213,0.257174,0.139679,0.66528,12.849,1,0.293784,1.07758,0,62.283,5.83483,57.232,0.84672,12.849,0.84672,3695.15,0,18.483,0.812718,0.760795,2.21946,7.08045,1.13681,8.11118,0.42336,0,0,18.483,0.42336,442.007,0,1.02816,0,0,1.78896,0.760795,1.028160,1,0,65.4828,0,0,0,65.4828,0
72.29,1.71492,0,0,2.48166,0.116978,0.64976,3.6288,61.308,0.66528,0,0,0.966946,0.241143,0.060523,0.66528,12.849,1,0.304814,0.64976,0,46.8251,4.73098,42.439,0.84672,12.849,0.84672,3695.15,0,18.483,0.740975,0.45271,2.30106,5.50987,1.15416,6.3685,0.42336,0,0,18.483,0.42336,442.007,0,1.02816,0,0,1.48087,0.45271,1.028160,1,0,48.8681,0,0,0,48.8681,0
72.29,1.71606,0,0,2.20857,0.116978,0.375523,3.6288,61.2887,0.66528,0,0,0.887147,0.241143,0,0.66528,12.849,1,0.305017,0.375523,0,42.2262,4.73098,37.5657,0.84672,12.849,0.84672,3695.15,0,18.483,0.740975,0.32171,2.25933,5.30967,1.15416,5.99557,0.42336,0,0,18.483,0.42336,442.007,0,1.02816,0,0,1.34987,0.32171,1.028160,1,0,43.5613,0,0,0,43.5613,0
72.2293,1.71721,0,0,2.08594,0.0665934,0.36288,3.6288,61.1709,0.695658,0,0,0.852016,0.274161,0,0.66528,12.849,1,0.305221,0.36288,0,37.6365,5.10584,32.5884,0.84672,12.849,0.84672,3695.15,0,18.483,0.740975,0.30119,2.25958,5.05694,1.24994,5.6268,0.42336,0,0,18.483,0.42336,442.007,0,0.997782,0,0,1.29897,0.30119,1.028160,1,0,38.2152,0,0,0,38.2152,0
72.0434,1.71813,0,0,1.96176,0.0665627,0.36288,3.6288,60.9188,0.790111,0,0,0.811987,0.273957,0,0.66528,12.849,1,0.305642,0.36288,0,37.0926,5.10584,32.044,0.84672,12.849,0.84672,3695.15,0,18.483,0.740975,0.30119,2.25983,5.20766,1.24994,5.77777,0.42336,0,0,18.483,0.42336,442.007,0,0.903329,0,0,1.20452,0.30119,1.028160,1,0,37.8218,0,0,0,37.8218,0
71.5614,1.69536,0,0,1.67617,0.099946,0.36288,3.6288,60.3147,0.907114,0,0,0.604373,0.301409,0,0.66528,12.849,1,0.302369,0.36288,0,36.16,5.55976,30.6608,0.84672,12.849,0.84672,3695.15,0,18.483,0.780478,0.30119,2.26008,3.65355,1.29824,4.13611,0.42336,0,0,18.483,0.42336,442.007,0,0.786326,0,0,1.08752,0.30119,1.028160,1,0,34.7969,0,0,0,34.7969,0
70.9187,1.72826,0,0,1.53395,0.0854987,0.36288,3.6288,59.6264,0.911796,0,0,0.555693,0.332221,0,0.66528,12.849,1,0.310313,0.36288,0,34.2452,5.66496,28.6329,0.84672,12.849,0.84672,3695.15,0,18.483,0.740987,0.261274,2.28572,3.42059,1.39742,3.82919,0.42336,0,0,18.483,0.42336,442.007,0,0.781644,0,0,1.04292,0.261274,1.028160,1,0,32.462,0,0,0,32.462,0
70.2005,1.72703,0,0,1.4567,0.0850794,0.36288,3.6288,58.8515,0.949631,0,0,0.505547,0.330767,0,0.66528,12.849,1,0.312901,0.36288,0,30.9921,5.66496,25.3771,0.84672,12.849,0.84672,3695.15,0,18.483,0.740987,0.261274,2.26287,3.34747,1.39742,3.73321,0.42336,0,0,18.483,0.42336,442.007,0,0.743809,0,0,1.00508,0.261274,1.028160,1,0,29.1103,0,0,0,29.1103,0
69.3772,1.72546,0,0,1.34969,0.0846109,0.36288,3.6288,57.9784,1.00168,0,0,0.45773,0.329129,0,0.66528,12.849,1,0.315817,0.36288,0,29.5017,5.66496,23.8838,0.84672,12.849,0.84672,3695.15,0,18.483,0.740988,0.261274,2.26312,3.08821,1.39742,3.4742,0.42336,0,0,18.483,0.42336,442.007,0,0.691762,0,0,0.953035,0.261274,1.028160,1,0,27.358,0,0,0,27.358,0
68.4007,1.7832,0,0,1.25372,0.0840963,0.36288,3.6288,57.1488,0.994913,0,0,0.467989,0.302721,0,0.66528,12.849,1,0.330257,0.36288,0,27.8491,5.12172,22.76,0.84672,12.849,0.84672,3695.15,0,18.483,0.776236,0.261274,2.26337,3.11789,1.26404,3.60226,0.42336,0,0,18.483,0.42336,442.007,0,0.698527,0,0,0.9598,0.261274,1.028160,1,0,26.3622,0,0,0,26.3622,0
67.3146,1.81006,0,0,1.15594,0.0691402,0.36288,3.6288,56.2364,1.12893,0,0,0.521967,0.305389,0,0.66528,12.849,1,0.340017,0.36288,0,24.8732,5.02994,19.8661,0.84672,12.849,0.84672,3695.15,0,18.483,0.740998,0.261274,2.30413,3.00275,1.26705,3.56011,0.42336,0,0,18.483,0.42336,442.007,0,0.564512,0,0,0.825785,0.261274,1.028160,1,0,23.4262,0,0,0,23.4262,0
66.1892,1.80661,0,0,1.10091,0.0567999,0.36288,3.6288,55.3617,1.0083,0,0,0.477671,0.34407,0,0.66528,12.849,1,0.344846,0.36288,0,23.7622,5.79043,17.9898,0.84672,12.849,0.84672,3695.15,0,18.483,0.740999,0.227405,2.28377,2.52361,1.4943,2.79949,0.42336,0,0,18.483,0.42336,442.007,0,0.685143,0,0,0.912548,0.227405,1.028160,1,0,20.7893,0,0,0,20.7893,0
65.1924,1.80286,0,0,1.22525,0.0562959,0.36288,3.6288,54.582,0.97416,0,0,0.536522,0.342104,0,0.66528,12.849,1,0.349981,0.36288,0,25.0142,5.79043,19.2366,0.84672,12.849,0.84672,3695.15,0,18.483,0.740999,0.227405,2.28403,2.77128,1.4943,3.04741,0.42336,0,0,18.483,0.42336,442.007,0,0.71928,0,0,0.946685,0.227405,1.028160,1,0,22.2841,0,0,0,22.2841,0
63.9126,1.97301,0,0,1.11188,0.0558495,0.36288,3.6288,53.5955,1.11586,0,0,0.469665,0.340352,0,0.66528,12.849,1,0.388867,0.36288,0,27.614,5.79043,21.7976,0.84672,12.849,0.84672,3695.15,0,18.483,0.86838,0.227405,2.28429,2.7091,1.4943,2.85811,0.42336,0,0,18.483,0.42336,442.007,0,0.577584,0,0,0.804989,0.227405,1.028160,1,0,24.6557,0,0,0,24.6557,0
62.6369,2.07379,0,0,1.23517,0.0742018,0.36288,3.6288,52.5393,1.27799,0,0,0.526764,0.304913,0,0.66528,12.849,1,0.416915,0.36288,0,24.0269,5.02359,18.9493,0.84672,12.849,0.84672,3695.15,0,18.483,0.741037,0.227405,2.42188,3.85442,1.29703,4.46564,0.42336,0,0,18.483,0.42336,442.007,0,0.415454,0,0,0.642859,0.227405,1.028160,1,0,23.4149,0,0,0,23.4149,0
61.2911,2.06798,0,0,1.15965,0.0746082,0.36288,3.6288,51.9058,0.859628,0,0,0.520131,0.294058,0,0.66528,12.849,1,0.424214,0.36288,0,23.1813,5.12789,17.9921,0.84672,12.849,0.84672,3695.15,0,18.483,0.741037,0.204422,2.34764,4.05629,1.33183,4.53548,0.42336,0,0,18.483,0.42336,442.007,0,0.833812,0,0,1.03823,0.204422,1.028160,1,0,22.5276,0,0,0,22.5276,0
59.8915,2.06151,0,0,1.09858,0.0737861,0.36288,3.6288,51.254,0.860717,0,0,0.50153,0.292562,0,0.66528,12.849,1,0.432172,0.36288,0,22.9765,5.12789,17.7793,0.84672,12.849,0.84672,3695.15,0,18.483,0.741037,0.204422,2.34791,3.84886,1.33183,4.32833,0.42336,0,0,18.483,0.42336,442.007,0,0.832723,0,0,1.03715,0.204422,1.028160,1,0,22.1077,0,0,0,22.1077,0
58.4848,2.05442,0,0,1.08357,0.0728948,0.36288,3.6288,50.5907,0.869711,0,0,0.497453,0.291023,0,0.66528,12.849,1,0.44075,0.36288,0,21.9515,5.12789,16.7457,0.84672,12.849,0.84672,3695.15,0,18.483,0.741038,0.204422,2.34819,3.87887,1.33183,4.35862,0.42336,0,0,18.483,0.42336,442.007,0,0.823729,0,0,1.02815,0.204422,1.028160,1,0,21.1043,0,0,0,21.1043,0
56.8809,1.96385,0,0,0.804142,0.0813192,0.36288,3.6288,49.9657,0.791657,0,0,0.428915,0.262327,0,0.66528,12.849,1,0.431454,0.36288,0,13.6618,5.15871,8.43454,0.84672,12.849,0.84672,3695.15,0,18.483,0.663606,0.204422,2.34847,3.66053,1.29882,4.251,0.42336,0,0,18.483,0.42336,442.007,0,0.901783,0,0,1.10621,0.204422,1.028160,1,0,12.6855,0,0,0,12.6855,0
55.1305,1.89195,0,0,0.588136,0.0837574,0.36288,3.6288,49.0171,1.03632,0,0,0.337929,0.250193,0,0.66528,12.849,1,0.427378,0.36288,0,10.4349,5.17104,5.19934,0.84672,12.849,0.84672,3695.15,0,18.483,0.741014,0.216518,2.26993,3.11538,1.28561,3.5752,0.42336,0,0,18.483,0.42336,442.007,0,0.657124,0,0,0.873642,0.216518,1.028160,1,0,8.77454,0,0,0,8.77454,0
53.4606,1.88211,0,0,0.69136,0.116236,0.36288,3.6288,48.1257,1.01426,0,0,0.343332,0.220463,0,0.66528,12.849,1,0.438654,0.36288,0,10.5109,4.75578,5.67935,0.84672,12.849,0.84672,3695.15,0,18.483,0.741014,0.216518,2.3155,3.25343,1.15581,3.88862,0.42336,0,0,18.483,0.42336,442.007,0,0.679182,0,0,0.8957,0.216518,1.028160,1,0,9.56797,0,0,0,9.56797,0
52.9757,1.87222,0,0,1.94783,0.197678,0.36288,3.6288,48.144,0.66528,0,0,0.833477,0.14989,0,0.66528,12.849,1,0.449978,0.36288,0,33.5845,3.71763,29.7798,0.84672,12.849,0.84672,3695.15,0,18.483,0.741014,0.441573,2.31577,8.65977,0.831326,9.84477,0.42336,0,0,18.483,0.42336,442.007,0,1.02816,0,0,1.46973,0.441573,1.028160,1,0,39.6246,0,0,0,39.6246,0
51.8497,1.80302,0,0,1.22366,0.183702,0.36288,3.6288,47.6594,0.79202,0,0,0.46265,0.155224,0,0.66528,12.849,1,0.437315,0.36288,0,22.077,3.76005,18.2425,0.84672,12.849,0.84672,3695.15,0,18.483,0.670447,0.216518,2.31604,4.3913,0.857199,5.39621,0.42336,0,0,18.483,0.42336,442.007,0,0.90142,0,0,1.11794,0.216518,1.028160,1,0,23.6387,0,0,0,23.6387,0
50.4807,1.73999,0,0,0.939522,0.205696,0.36288,3.6288,46.3942,1.34123,0,0,0.237347,0.161343,0,0.66528,12.849,1,0.431191,0.36288,0,11.9561,3.93424,7.95356,0.84672,12.849,0.84672,3695.15,0,18.483,0.740993,0.216518,2.24618,3.33696,1.00869,4.04997,0.42336,0,0,18.483,0.42336,442.007,0,0.352214,0,0,0.568732,0.216518,1.028160,1,0,12.0035,0,0,0,12.0035,0
48.9816,1.73178,0,0,0.798388,0.202775,0.36288,3.6288,45.212,1.28894,0,0,0.266369,0.159593,0,0.66528,12.849,1,0.440794,0.36288,0,9.77357,3.93424,5.76141,0.84672,12.849,0.84672,3695.15,0,18.483,0.740993,0.292723,2.28772,3.70902,1.00869,4.53978,0.42336,0,0,18.483,0.42336,442.007,0,0.4045,0,0,0.697223,0.292723,1.028160,1,0,10.3012,0,0,0,10.3012,0
49.1561,1.72219,0,0,2.45909,0.199566,0.36288,3.6288,45.2413,0.66528,0,0,0.852435,0.157851,0,0.66528,12.849,1,0.45177,0.36288,0,33.8615,3.93424,29.8383,0.84672,12.849,0.84672,3695.15,0,18.483,0.740994,1.20167,2.28798,8.81956,1.00869,10.5595,0.42336,0,0,18.483,0.42336,442.007,0,1.02816,0,0,2.22983,1.20167,1.028160,1,0,40.3978,0,0,0,40.3978,0
49.0478,1.5368,0,0,2.01907,0.22767,0.36288,3.6288,44.8185,1.01272,0,0,0.726952,0.137064,0,0.66528,12.849,1,0.401707,0.36288,0,27.4665,3.60777,23.8199,0.84672,12.849,0.84672,3695.15,0,18.483,0.593844,0.292723,2.28824,6.66891,0.916213,7.73982,0.42336,0,0,18.483,0.42336,442.007,0,0.680717,0,0,0.97344,0.292723,1.028160,1,0,31.5597,0,0,0,31.5597,0
47.8585,1.42054,0,0,0.835108,0.241008,0.36288,3.6288,44.534,0.66528,0,0,0.546381,0.165614,0,0.66528,12.849,1,0.372137,0.36288,0,18.5035,3.78231,14.7119,0.84672,12.849,0.84672,3695.15,0,18.483,0.740949,1.03175,2.13043,6.35523,1.0006,7.77586,0.42336,0,0,18.483,0.42336,442.007,0,1.02816,0,0,2.05991,1.03175,1.028160,1,0,22.4878,0,0,0,22.4878,0
47.1414,1.41425,0,0,1.29942,0.239408,0.36288,3.6288,44.2467,0.66528,0,0,0.525848,0.14787,0,0.66528,12.849,1,0.379697,0.36288,0,30.105,3.86358,26.2246,0.84672,12.849,0.84672,3695.15,0,18.483,0.740949,0.814571,2.21676,6.49273,1.06885,7.71426,0.42336,0,0,18.483,0.42336,442.007,0,1.02816,0,0,1.84273,0.814571,1.028160,1,0,33.9388,0,0,0,33.9388,0
46.5606,1.41072,0,0,1.4304,0.237532,0.36288,3.6288,43.7088,0.918432,0,0,0.528029,0.147471,0,0.66528,12.849,1,0.384509,0.36288,0,33.1232,3.86358,29.238,0.84672,12.849,0.84672,3695.15,0,18.483,0.740949,0.412474,2.217,5.26535,1.06885,6.08503,0.42336,0,0,18.483,0.42336,442.007,0,0.775008,0,0,1.18748,0.412474,1.028160,1,0,35.323,0,0,0,35.323,0
46.0892,1.40796,0,0,1.53538,0.236012,0.36288,3.6288,44.2013,0.66528,0,0,1.30451,0.146724,0,0.66528,12.849,1,0.388543,0.36288,0,35.5236,3.86358,31.6344,0.84672,12.849,0.84672,3695.15,0,18.483,0.740949,0.766765,2.21723,7.274,1.06885,8.4482,0.42336,0,0,18.483,0.42336,442.007,0,1.02816,0,0,1.79493,0.766765,1.028160,1,0,40.0826,0,0,0,40.0826,0
45.3772,1.47717,0,0,1.35563,0.227517,0.36288,3.6288,44.4142,0.66528,0,0,1.03957,0.161411,0,0.66528,12.849,1,0.411814,0.36288,0,26.6217,3.80946,22.7633,0.84672,12.849,0.84672,3695.15,0,18.483,0.783612,0.518633,2.21747,5.02446,0.944252,6.0327,0.42336,0,0,18.483,0.42336,442.007,0,1.02816,0,0,1.54679,0.518633,1.028160,1,0,28.796,0,0,0,28.796,0
46.1989,1.50637,0,0,2.91123,0.220308,0.36288,3.6288,44.5742,0.66528,0,0,0.997523,0.172259,0,0.66528,12.849,1,0.426544,0.36288,0,34.4028,3.76887,30.5702,0.84672,12.849,0.84672,3695.15,0,18.483,0.740946,0.775501,2.26777,6.94872,0.850807,8.40024,0.42336,0,0,18.483,0.42336,442.007,0,1.02816,0,0,1.80366,0.775501,1.028160,1,0,38.9705,0,0,0,38.9705,0
48.6591,1.51329,0,0,4.5773,0.240915,0.36288,3.6288,44.6838,0.66528,0,0,0.949484,0.174588,0,0.66528,12.849,1,0.420883,0.36288,0,56.973,3.90363,53.0114,0.84672,12.849,0.84672,3695.15,0,18.483,0.740946,0.582241,2.24303,6.41234,0.926208,7.57046,0.42336,0,0,18.483,0.42336,442.007,0,1.02816,0,0,1.6104,0.582241,1.028160,1,0,60.5819,0,0,0,60.5819,0
50.9564,1.53113,0,0,4.48646,0.295218,0.36288,3.6288,44.8463,0.66528,0,0,1.00769,0.179947,0,0.66528,12.849,1,0.404312,0.36288,0,65.0318,4.24053,60.7499,0.84672,12.849,0.84672,3695.15,0,18.483,0.740946,0.741217,2.24327,7.1423,1.11471,8.27113,0.42336,0,0,18.483,0.42336,442.007,0,1.02816,0,0,1.76938,0.741217,1.028160,1,0,69.021,0,0,0,69.021,0
52.0879,1.78093,0,0,3.57559,0.300265,0.36288,3.6288,45.5123,0.66528,0,0,1.51467,0.183378,0,0.66528,12.849,1,0.449074,0.36288,0,59.9051,4.28095,55.5379,0.84672,12.849,0.84672,3695.15,0,18.483,0.901326,1.87377,2.24351,7.22185,1.14286,9.29494,0.42336,0,0,18.483,0.42336,442.007,0,1.02816,0,0,2.90193,1.87377,1.028160,1,0,64.8329,0,0,0,64.8329,0
52.1468,1.91848,0,0,2.63046,0.290134,0.36288,3.6288,45.4974,0.66528,0,0,0.854012,0.203579,0,0.66528,12.849,1,0.47325,0.36288,0,57.5294,4.5235,52.8955,0.84672,12.849,0.84672,3695.15,0,18.483,0.740992,0.661211,2.42262,5.17508,1.31175,6.20617,0.42336,0,0,18.483,0.42336,442.007,0,1.02816,0,0,1.68937,0.661211,1.028160,1,0,59.1017,0,0,0,59.1017,0
52.8368,1.92003,0,0,3.26322,0.290311,0.36288,3.6288,45.755,0.66528,0,0,1.12641,0.203551,0,0.66528,12.849,1,0.473096,0.36288,0,45.6772,4.5235,41.0435,0.84672,12.849,0.84672,3695.15,0,18.483,0.740992,0.961252,2.32905,5.62403,1.31175,6.86159,0.42336,0,0,18.483,0.42336,442.007,0,1.02816,0,0,1.98941,0.961252,1.028160,1,0,47.905,0,0,0,47.905,0
54.9291,1.92612,0,0,4.67369,0.292382,0.36288,3.6288,45.9881,0.66528,0,0,1.10244,0.204039,0,0.66528,12.849,1,0.468399,0.36288,0,53.7079,4.5235,49.0789,0.84672,12.849,0.84672,3695.15,0,18.483,0.740992,1.29311,2.32931,7.32841,1.31175,8.8981,0.42336,0,0,18.483,0.42336,442.007,0,1.02816,0,0,2.32127,1.29311,1.028160,1,0,57.977,0,0,0,57.977,0
56.2919,1.60228,0,0,3.63542,0.307458,0.36288,3.6288,45.9646,0.66528,0,0,0.839462,0.197654,0,0.66528,12.849,1,0.374805,0.36288,0,58.9841,4.80608,54.1661,0.84672,12.849,0.84672,3695.15,0,18.483,0.525512,0.686483,2.32958,5.38085,1.36744,6.50396,0.42336,0,0,18.483,0.42336,442.007,0,1.02816,0,0,1.71464,0.686483,1.028160,1,0,60.67,0,0,0,60.67,0
58.1039,1.43527,0,0,3.88301,0.272929,0.36288,3.6288,46.1458,0.66528,0,0,1.03594,0.189527,0,0.66528,12.849,1,0.32761,0.36288,0,88.598,4.53432,84.099,0.84672,12.849,0.84672,3695.15,0,18.483,0.74093,1.13204,2.08487,5.71577,1.10488,7.08686,0.42336,0,0,18.483,0.42336,442.007,0,1.02816,0,0,2.1602,1.13204,1.028160,1,0,91.1858,0,0,0,91.1858,0
59.5197,1.44463,0,0,3.50095,0.277591,0.36288,3.6288,46.3121,0.66528,0,0,0.993445,0.161818,0,0.66528,12.849,1,0.319463,0.36288,0,79.0698,4.27098,74.8423,0.84672,12.849,0.84672,3695.15,0,18.483,0.74093,1.22553,2.21116,5.72829,0.9778,7.44625,0.42336,0,0,18.483,0.42336,442.007,0,1.02816,0,0,2.25369,1.22553,1.028160,1,0,82.2885,0,0,0,82.2885,0
61.5527,1.41266,0,0,4.08995,0.281419,0.36288,3.6288,46.4086,0.66528,0,0,0.923806,0.162067,0,0.66528,12.849,1,0.304963,0.36288,0,93.9565,4.27098,89.7435,0.84672,12.849,0.84672,3695.15,0,18.483,0.719271,0.901558,2.21139,5.56934,0.9778,6.98521,0.42336,0,0,18.483,0.42336,442.007,0,1.02816,0,0,1.92972,0.901558,1.028160,1,0,96.7287,0,0,0,96.7287,0
62.7964,1.46144,0,0,3.35668,0.288696,0.36288,3.6288,46.4249,0.66528,0,0,0.84666,0.165078,0,0.66528,12.849,1,0.305073,0.36288,0,75.5248,4.17848,71.4042,0.84672,12.849,0.84672,3695.15,0,18.483,0.740931,0.63485,2.18594,4.81606,0.977649,5.91827,0.42336,0,0,18.483,0.42336,442.007,0,1.02816,0,0,1.66301,0.63485,1.028160,1,0,77.3224,0,0,0,77.3224,0
64.7052,1.55511,0,0,4.09366,0.26688,0.36288,3.6288,46.5736,0.66528,0,0,1.0014,0.187429,0,0.66528,12.849,1,0.318197,0.36288,0,104.605,4.36775,100.282,0.84672,12.849,0.84672,3695.15,0,18.483,0.793722,1.83692,2.21184,5.52963,1.0494,7.73528,0.42336,0,0,18.483,0.42336,442.007,0,1.02816,0,0,2.86508,1.83692,1.028160,1,0,108.018,0,0,0,108.018,0
66.6509,1.40167,0,0,3.9659,0.255564,0.36288,3.6288,46.6615,0.66528,0,0,0.942996,0.189739,0,0.66528,12.849,1,0.27834,0.36288,0,104.89,4.66547,100.309,0.84672,12.849,0.84672,3695.15,0,18.483,0.628196,1.25065,2.27264,6.48795,1.07847,8.30457,0.42336,0,0,18.483,0.42336,442.007,0,1.02816,0,0,2.27881,1.25065,1.028160,1,0,108.613,0,0,0,108.613,0
67.8747,1.61689,0,0,3.45083,0.247277,0.36288,3.6288,46.6144,0.66528,0,0,0.822018,0.203883,0,0.66528,12.849,1,0.311705,0.36288,0,97.5517,5.07958,92.5232,0.84672,12.849,0.84672,3695.15,0,18.483,0.740946,1.2962,2.10853,6.40602,1.10863,7.96118,0.42336,0,0,18.483,0.42336,442.007,0,1.02816,0,0,2.32436,1.2962,1.028160,1,0,100.484,0,0,0,100.484,0
69.5999,1.62268,0,0,3.95105,0.240369,0.36288,3.6288,46.6257,0.66528,0,0,0.890905,0.214282,0,0.66528,12.849,1,0.30718,0.36288,0,94.5717,5.39017,89.2372,0.84672,12.849,0.84672,3695.15,0,18.483,0.740946,1.52446,2.24223,8.00176,1.13126,9.89625,0.42336,0,0,18.483,0.42336,442.007,0,1.02816,0,0,2.55262,1.52446,1.028160,1,0,99.1335,0,0,0,99.1335,0
70.8552,1.59528,0,0,3.44209,0.228539,0.36288,3.6288,46.7365,0.66528,0,0,0.98185,0.205846,0,0.66528,12.849,1,0.294509,0.36288,0,87.1888,5.05182,82.2054,0.84672,12.849,0.84672,3695.15,0,18.483,0.720419,1.24111,2.24246,6.17874,1.09742,7.84448,0.42336,0,0,18.483,0.42336,442.007,0,1.02816,0,0,2.26927,1.24111,1.028160,1,0,90.0499,0,0,0,90.0499,0
71.529,1.58338,0,0,2.83046,0.210453,0.36288,3.6288,46.8368,0.66528,0,0,0.960371,0.194767,0,0.66528,12.849,1,0.287132,0.36288,0,69.5019,4.60068,64.977,0.84672,12.849,0.84672,3695.15,0,18.483,0.74094,0.987707,2.21909,5.99839,1.0523,7.41195,0.42336,0,0,18.483,0.42336,442.007,0,1.02816,0,0,2.01587,0.987707,1.028160,1,0,72.3889,0,0,0,72.3889,0
72.244,1.58672,0,0,2.87611,0.21154,0.36288,3.6288,46.9097,0.66528,0,0,0.933155,0.194932,0,0.66528,12.849,1,0.285028,0.36288,0,64.2686,4.60068,59.7458,0.84672,12.849,0.84672,3695.15,0,18.483,0.74094,0.927418,2.23134,6.04763,1.0523,7.41314,0.42336,0,0,18.483,0.42336,442.007,0,1.02816,0,0,1.95558,0.927418,1.028160,1,0,67.159,0,0,0,67.159,0
72.29,1.59017,0,0,2.42733,0.142829,0.648293,3.6288,46.8395,0.66528,0,0,0.82112,0.22608,0,0.66528,12.849,1,0.282821,0.648293,0,59.0853,4.48953,54.9613,0.84672,12.849,0.84672,3695.15,0,18.483,0.740941,1.26465,2.23157,5.09418,0.990888,6.85856,0.42336,0,0,18.483,0.42336,442.007,0,1.02816,0,0,2.29281,1.26465,1.028160,1,0,61.8198,0,0,0,61.8198,0
72.1431,1.71063,0,0,2.05785,0.131231,0.36288,3.6288,46.7135,0.66528,0,0,0.770359,0.231115,0,0.66528,12.849,1,0.304051,0.36288,0,38.9382,4.471,34.5261,0.84672,12.849,0.84672,3695.15,0,18.483,0.813819,1.13322,2.2318,4.7393,0.980653,6.30985,0.42336,0,0,18.483,0.42336,442.007,0,1.02816,0,0,2.16138,1.13322,1.028160,1,0,40.8359,0,0,0,40.8359,0
72.0525,1.77305,0,0,2.20514,0.159809,0.36288,3.6288,46.5912,0.66528,0,0,0.741934,0.198938,0,0.66528,12.849,1,0.315788,0.36288,0,49.7264,4.63082,45.1427,0.84672,12.849,0.84672,3695.15,0,18.483,0.740962,0.919512,2.31466,5.34989,1.03193,6.81116,0.42336,0,0,18.483,0.42336,442.007,0,1.02816,0,0,1.94767,0.919512,1.028160,1,0,51.9538,0,0,0,51.9538,0
71.819,1.77382,0,0,2.0401,0.136906,0.36288,3.6288,46.4766,0.66528,0,0,0.754246,0.203522,0,0.66528,12.849,1,0.316322,0.36288,0,45.0489,4.79336,40.3021,0.84672,12.849,0.84672,3695.15,0,18.483,0.740962,0.923279,2.27227,5.2788,1.00185,6.73154,0.42336,0,0,18.483,0.42336,442.007,0,1.02816,0,0,1.95144,0.923279,1.028160,1,0,47.0336,0,0,0,47.0336,0
71.522,1.77405,0,0,1.97656,0.136663,0.36288,3.6288,46.3984,0.66528,0,0,0.790353,0.203308,0,0.66528,12.849,1,0.317393,0.36288,0,42.7454,4.79336,37.9975,0.84672,12.849,0.84672,3695.15,0,18.483,0.740962,0.852267,2.27251,5.47969,1.00185,6.86166,0.42336,0,0,18.483,0.42336,442.007,0,1.02816,0,0,1.88043,0.852267,1.028160,1,0,44.8592,0,0,0,44.8592,0
71.0997,1.77404,0,0,1.85105,0.136354,0.36288,3.6288,46.2591,0.66528,0,0,0.729112,0.203161,0,0.66528,12.849,1,0.318709,0.36288,0,40.0644,4.79336,35.3152,0.84672,12.849,0.84672,3695.15,0,18.483,0.740962,0.681661,2.27276,4.96497,1.00185,6.17658,0.42336,0,0,18.483,0.42336,442.007,0,1.02816,0,0,1.70982,0.681661,1.028160,1,0,41.4918,0,0,0,41.4918,0
70.869,1.74999,0,0,2.02747,0.145394,0.36288,3.6288,45.9966,0.66528,0,0,0.614435,0.21159,0,0.66528,12.849,1,0.316254,0.36288,0,36.966,5.15624,31.8564,0.84672,12.849,0.84672,3695.15,0,18.483,0.781075,0.373732,2.273,4.0182,1.09156,4.7923,0.42336,0,0,18.483,0.42336,442.007,0,1.02816,0,0,1.40189,0.373732,1.028160,1,0,36.6487,0,0,0,36.6487,0
70.6425,1.78417,0,0,2.00795,0.0873783,0.36288,3.6288,45.6143,0.731246,0,0,0.584261,0.2353,0,0.66528,12.849,1,0.323482,0.36288,0,34.2188,5.4809,28.7773,0.84672,12.849,0.84672,3695.15,0,18.483,0.740974,0.261274,2.29902,3.673,1.18076,4.31157,0.42336,0,0,18.483,0.42336,442.007,0,0.962194,0,0,1.22347,0.261274,1.028160,1,0,33.0889,0,0,0,33.0889,0
70.2701,1.7844,0,0,1.86222,0.0872922,0.36288,3.6288,45.2179,0.738444,0,0,0.576452,0.234466,0,0.66528,12.849,1,0.32456,0.36288,0,31.3831,5.4809,25.9405,0.84672,12.849,0.84672,3695.15,0,18.483,0.740974,0.261274,2.2758,3.35095,1.18076,3.96629,0.42336,0,0,18.483,0.42336,442.007,0,0.954996,0,0,1.21627,0.261274,1.028160,1,0,29.9068,0,0,0,29.9068,0
69.7776,1.78405,0,0,1.74139,0.086977,0.36288,3.6288,44.8717,0.694189,0,0,0.581658,0.233602,0,0.66528,12.849,1,0.326217,0.36288,0,29.2725,5.4809,23.8283,0.84672,12.849,0.84672,3695.15,0,18.483,0.740974,0.261274,2.27605,3.28351,1.18076,3.8991,0.42336,0,0,18.483,0.42336,442.007,0,0.999251,0,0,1.26052,0.261274,1.028160,1,0,27.7274,0,0,0,27.7274,0
69.203,1.84394,0,0,1.71509,0.0828494,0.36288,3.6288,44.4011,0.740275,0,0,0.530372,0.260727,0,0.66528,12.849,1,0.339547,0.36288,0,27.3626,5.77206,21.6139,0.84672,12.849,0.84672,3695.15,0,18.483,0.776764,0.261274,2.27629,3.12781,1.31285,3.57576,0.42336,0,0,18.483,0.42336,442.007,0,0.953165,0,0,1.21444,0.261274,1.028160,1,0,25.1897,0,0,0,25.1897,0
68.6033,1.87287,0,0,1.71803,0.0820543,0.36288,3.6288,43.9074,0.715401,0,0,0.487354,0.265641,0,0.66528,12.849,1,0.347738,0.36288,0,25.5722,5.59356,19.9937,0.84672,12.849,0.84672,3695.15,0,18.483,0.740984,0.261274,2.31767,3.05945,1.42562,3.47179,0.42336,0,0,18.483,0.42336,442.007,0,0.978039,0,0,1.23931,0.261274,1.028160,1,0,23.4655,0,0,0,23.4655,0
67.8079,1.87144,0,0,1.52066,0.0816719,0.36288,3.6288,43.3556,0.744837,0,0,0.45743,0.264407,0,0.66528,12.849,1,0.35051,0.36288,0,24.1398,5.59356,18.5586,0.84672,12.849,0.84672,3695.15,0,18.483,0.740984,0.227405,2.29698,3.06115,1.42562,3.41893,0.42336,0,0,18.483,0.42336,442.007,0,0.948603,0,0,1.17601,0.227405,1.028160,1,0,21.9776,0,0,0,21.9776,0
66.8851,1.86911,0,0,1.39032,0.0811648,0.36288,3.6288,42.6972,0.837302,0,0,0.441868,0.263028,0,0.66528,12.849,1,0.35418,0.36288,0,22.6698,5.59356,17.0849,0.84672,12.849,0.84672,3695.15,0,18.483,0.740984,0.227405,2.29723,2.91663,1.42562,3.27466,0.42336,0,0,18.483,0.42336,442.007,0,0.856138,0,0,1.08354,0.227405,1.028160,1,0,20.3596,0,0,0,20.3596,0
65.6074,2.04299,0,0,1.19307,0.0648479,0.36288,3.6288,42.0224,0.847912,0,0,0.440058,0.26689,0,0.66528,12.849,1,0.39247,0.36288,0,21.6239,5.85287,15.7415,0.84672,12.849,0.84672,3695.15,0,18.483,0.870319,0.227405,2.29748,2.89812,1.44089,3.11179,0.42336,0,0,18.483,0.42336,442.007,0,0.845528,0,0,1.07293,0.227405,1.028160,1,0,18.8533,0,0,0,18.8533,0
64.5884,2.14593,0,0,1.57251,0.0827593,0.36288,3.6288,41.2063,0.961597,0,0,0.416567,0.271063,0,0.66528,12.849,1,0.420273,0.36288,0,24.8268,5.93256,18.8368,0.84672,12.849,0.84672,3695.15,0,18.483,0.741022,0.227405,2.43717,3.13523,1.37037,3.68841,0.42336,0,0,18.483,0.42336,442.007,0,0.731843,0,0,0.959247,0.227405,1.028160,1,0,22.5252,0,0,0,22.5252,0
63.8,2.1416,0,0,1.79682,0.0806943,0.36288,3.6288,40.6509,0.767552,0,0,0.479247,0.267145,0,0.66528,12.849,1,0.426042,0.36288,0,29.072,6.00757,23.0013,0.84672,12.849,0.84672,3695.15,0,18.483,0.741022,0.204422,2.36177,3.04913,1.39119,3.48311,0.42336,0,0,18.483,0.42336,442.007,0,0.925888,0,0,1.13031,0.204422,1.028160,1,0,26.4844,0,0,0,26.4844,0
62.6602,2.13841,0,0,1.44164,0.0801816,0.36288,3.6288,39.7709,0.991155,0,0,0.376847,0.265706,0,0.66528,12.849,1,0.430666,0.36288,0,34.195,6.00757,28.1197,0.84672,12.849,0.84672,3695.15,0,18.483,0.741022,0.204422,2.36204,2.53289,1.39119,2.96714,0.42336,0,0,18.483,0.42336,442.007,0,0.702285,0,0,0.906708,0.204422,1.028160,1,0,31.0868,0,0,0,31.0868,0
61.7921,2.13311,0,0,1.70737,0.0794404,0.36288,3.6288,39.4174,0.66528,0,0,0.575243,0.263459,0,0.66528,12.849,1,0.437412,0.36288,0,29.3503,6.00757,23.2682,0.84672,12.849,0.84672,3695.15,0,18.483,0.741022,0.335802,2.36231,3.42526,1.39119,3.99116,0.42336,0,0,18.483,0.42336,442.007,0,1.02816,0,0,1.36396,0.335802,1.028160,1,0,27.2594,0,0,0,27.2594,0
60.8778,2.04403,0,0,1.55948,0.0669458,0.36288,3.6288,38.9829,0.66528,0,0,0.510556,0.279762,0,0.66528,12.849,1,0.425033,0.36288,0,28.5357,6.3085,22.165,0.84672,12.849,0.84672,3695.15,0,18.483,0.662408,0.269922,2.36258,3.67575,1.40739,4.23846,0.42336,0,0,18.483,0.42336,442.007,0,1.02816,0,0,1.29808,0.269922,1.028160,1,0,26.4035,0,0,0,26.4035,0
60.3745,1.97501,0,0,1.92408,0.0894229,0.36288,3.6288,38.6397,0.66528,0,0,0.593412,0.271273,0,0.66528,12.849,1,0.41685,0.36288,0,25.9959,6.34095,19.6009,0.84672,12.849,0.84672,3695.15,0,18.483,0.741,0.452036,2.28283,2.94983,1.35316,3.59054,0.42336,0,0,18.483,0.42336,442.007,0,1.02816,0,0,1.4802,0.452036,1.028160,1,0,23.1915,0,0,0,23.1915,0
60.907,1.97329,0,0,2.95766,0.089049,0.36288,3.6288,38.7063,0.66528,0,0,1.00229,0.270389,0,0.66528,12.849,1,0.419958,0.36288,0,48.2365,6.34095,41.8385,0.84672,12.849,0.84672,3695.15,0,18.483,0.741,1.55195,2.32908,5.70269,1.35316,7.48956,0.42336,0,0,18.483,0.42336,442.007,0,1.02816,0,0,2.58011,1.55195,1.028160,1,0,49.3281,0,0,0,49.3281,0
60.9401,1.97747,0,0,2.46294,0.0894446,0.36288,3.6288,38.5669,0.66528,0,0,0.796366,0.270561,0,0.66528,12.849,1,0.417168,0.36288,0,71.5781,6.34095,65.1828,0.84672,12.849,0.84672,3695.15,0,18.483,0.741,1.00963,2.32934,4.01497,1.35316,5.25979,0.42336,0,0,18.483,0.42336,442.007,0,1.02816,0,0,2.03779,1.00963,1.028160,1,0,70.4426,0,0,0,70.4426,0
61.0944,1.90896,0,0,2.63031,0.204223,0.36288,3.6288,38.2839,0.66528,0,0,0.61155,0.229219,0,0.66528,12.849,1,0.402498,0.36288,0,47.8835,5.90537,41.9385,0.84672,12.849,0.84672,3695.15,0,18.483,0.669359,0.548657,2.3296,3.34169,1.34758,4.20302,0.42336,0,0,18.483,0.42336,442.007,0,1.02816,0,0,1.57682,0.548657,1.028160,1,0,46.1415,0,0,0,46.1415,0
62.4541,1.85174,0,0,3.77806,0.203741,0.36288,3.6288,38.7123,0.66528,0,0,1.2746,0.180992,0,0.66528,12.849,1,0.389447,0.36288,0,90.0881,3.83807,86.2234,0.84672,12.849,0.84672,3695.15,0,18.483,0.740979,2.03111,2.25867,6.55452,1.06893,9.03439,0.42336,0,0,18.483,0.42336,442.007,0,1.02816,0,0,3.05927,2.03111,1.028160,1,0,95.2578,0,0,0,95.2578,0
62.9733,1.85989,0,0,2.94806,0.206038,0.36288,3.6288,39.0043,0.66528,0,0,1.13909,0.181733,0,0.66528,12.849,1,0.382644,0.36288,0,77.5238,3.83807,73.666,0.84672,12.849,0.84672,3695.15,0,18.483,0.740979,0.990645,2.30083,5.53137,1.06893,7.01294,0.42336,0,0,18.483,0.42336,442.007,0,1.02816,0,0,2.01881,0.990645,1.028160,1,0,80.6789,0,0,0,80.6789,0
64.2387,1.86362,0,0,3.69878,0.206915,0.36288,3.6288,39.3206,0.66528,0,0,1.16383,0.182238,0,0.66528,12.849,1,0.380252,0.36288,0,84.6815,3.83807,80.8261,0.84672,12.849,0.84672,3695.15,0,18.483,0.740979,1.57841,2.30108,6.17484,1.06893,8.24443,0.42336,0,0,18.483,0.42336,442.007,0,1.02816,0,0,2.60657,1.57841,1.028160,1,0,89.0705,0,0,0,89.0705,0
64.9175,1.67063,0,0,2.92143,0.209053,0.36288,3.6288,39.1608,0.66528,0,0,0.688266,0.182785,0,0.66528,12.849,1,0.334159,0.36288,0,76.9625,3.83807,73.1532,0.84672,12.849,0.84672,3695.15,0,18.483,0.5916,0.696479,2.30133,5.16574,1.06893,6.50302,0.42336,0,0,18.483,0.42336,442.007,0,1.02816,0,0,1.72464,0.696479,1.028160,1,0,79.6562,0,0,0,79.6562,0
65.0078,1.54991,0,0,2.28685,0.283824,0.36288,3.6288,38.9382,0.838279,0,0,0.802349,0.186676,0,0.66528,12.849,1,0.306772,0.36288,0,49.0084,4.46392,44.6006,0.84672,12.849,0.84672,3695.15,0,18.483,0.740937,0.292723,2.14112,3.26818,1.10428,3.85681,0.42336,0,0,18.483,0.42336,442.007,0,0.855161,0,0,1.14788,0.292723,1.028160,1,0,48.4574,0,0,0,48.4574,0
66.481,1.5513,0,0,3.68368,0.296309,0.36288,3.6288,39.3725,0.66528,0,0,1.28649,0.186976,0,0.66528,12.849,1,0.30662,0.36288,0,80.3855,4.56824,75.8735,0.84672,12.849,0.84672,3695.15,0,18.483,0.740937,0.560555,2.22874,5.91121,1.11017,6.8494,0.42336,0,0,18.483,0.42336,442.007,0,1.02816,0,0,1.58871,0.560555,1.028160,1,0,82.7229,0,0,0,82.7229,0
68.1119,1.55803,0,0,3.85163,0.299815,0.36288,3.6288,39.6862,0.66528,0,0,1.16676,0.187747,0,0.66528,12.849,1,0.301125,0.36288,0,106.948,4.56824,102.441,0.84672,12.849,0.84672,3695.15,0,18.483,0.740937,0.444614,2.22897,5.73039,1.11017,6.55287,0.42336,0,0,18.483,0.42336,442.007,0,1.02816,0,0,1.47277,0.444614,1.028160,1,0,108.994,0,0,0,108.994,0
72.29,1.56513,0,0,12.7324,0.296906,6.69226,3.6288,42.0131,0.66528,0,0,3.20101,0.208831,0,0.66528,12.849,1,0.295255,6.69226,0,232.21,4.52833,234.078,0.84672,12.849,0.84672,3695.15,0,18.483,0.740937,4.8812,2.2292,19.4211,1.19428,24.5963,0.42336,0,0,18.483,0.42336,442.007,0,1.02816,0,0,5.90936,4.8812,1.028160,1,0,258.674,0,0,0,258.674,0
72.29,1.65929,0,0,5.94534,0.297223,3.98883,3.6288,42.7585,0.66528,0,0,1.60505,0.194365,0,0.66528,12.849,1,0.294926,3.98883,0,102.23,4.47729,101.447,0.84672,12.849,0.84672,3695.15,0,18.483,0.784244,2.32385,2.22944,7.22498,1.13314,9.86089,0.42336,0,0,18.483,0.42336,442.007,0,1.02816,0,0,3.35201,2.32385,1.028160,1,0,111.308,0,0,0,111.308,0
72.29,1.6971,0,0,3.65088,0.273806,1.67997,3.6288,43.103,0.66528,0,0,1.23357,0.223804,0,0.66528,12.849,1,0.301646,1.67997,0,82.8078,5.41139,78.7748,0.84672,12.849,0.84672,3695.15,0,18.483,0.740933,2.24496,2.28048,7.73702,1.26396,10.2576,0.42336,0,0,18.483,0.42336,442.007,0,1.02816,0,0,3.27312,2.24496,1.028160,1,0,89.0323,0,0,0,89.0323,0
72.29,1.69814,0,0,4.36464,0.273806,2.3927,3.6288,43.6191,0.66528,0,0,1.40593,0.224541,0,0.66528,12.849,1,0.301831,2.3927,0,152.429,5.41139,149.109,0.84672,12.849,0.84672,3695.15,0,18.483,0.740933,2.30087,2.25536,8.12955,1.26396,10.6809,0.42336,0,0,18.483,0.42336,442.007,0,1.02816,0,0,3.32903,2.30087,1.028160,1,0,159.79,0,0,0,159.79,0
72.29,1.69917,0,0,9.18782,0.273806,7.21484,3.6288,46.3088,0.66528,0,0,3.58059,0.225644,0,0.66528,12.849,1,0.302015,7.21484,0,193.761,5.41139,195.262,0.84672,12.849,0.84672,3695.15,0,18.483,0.740933,5.99486,2.25559,15.4475,1.26396,21.693,0.42336,0,0,18.483,0.42336,442.007,0,1.02816,0,0,7.02302,5.99486,1.028160,1,0,216.955,0,0,0,216.955,0
72.29,1.95299,0,0,9.0358,0.27808,6.80473,3.6288,47.8535,0.66528,0,0,2.43666,0.226682,0,0.66528,12.849,1,0.34713,6.80473,0,355.439,5.12365,356.773,0.84672,12.849,0.84672,3695.15,0,18.483,0.903724,3.81874,2.25582,12.0696,1.1865,16.0539,0.42336,0,0,18.483,0.42336,442.007,0,1.02816,0,0,4.8469,3.81874,1.028160,1,0,372.827,0,0,0,372.827,0
72.29,2.09232,0,0,17.8017,0.285309,15.4241,3.6288,50.9517,0.66528,0,0,3.93078,0.167296,0,0.66528,12.849,1,0.371895,15.4241,0,288.225,3.7758,299.502,0.84672,12.849,0.84672,3695.15,0,18.483,0.740979,6.50539,2.43761,27.3822,1.03325,34.551,0.42336,0,0,18.483,0.42336,442.007,0,1.02816,0,0,7.53355,6.50539,1.028160,1,0,334.053,0,0,0,334.053,0
72.29,2.09347,0,0,7.53529,0.285309,5.15651,3.6288,52.1523,0.66528,0,0,2.03758,0.171621,0,0.66528,12.849,1,0.372098,5.15651,0,457.695,3.7758,458.704,0.84672,12.849,0.84672,3695.15,0,18.483,0.740979,3.20313,2.34263,13.912,1.03325,17.6835,0.42336,0,0,18.483,0.42336,442.007,0,1.02816,0,0,4.23129,3.20313,1.028160,1,0,476.387,0,0,0,476.387,0
72.29,2.09462,0,0,5.61256,0.289647,3.2283,3.6288,52.8978,0.66528,0,0,1.61428,0.203515,0,0.66528,12.849,1,0.372302,3.2283,0,214.101,4.16091,212.796,0.84672,12.849,0.84672,3695.15,0,18.483,0.740979,2.57289,2.34288,10.4044,1.09982,13.4793,0.42336,0,0,18.483,0.42336,442.007,0,1.02816,0,0,3.60105,2.57289,1.028160,1,0,226.275,0,0,0,226.275,0
72.29,1.73482,0,0,5.40164,0.307321,3.3595,3.6288,55.3596,0.66528,0,0,3.38438,0.25738,0,0.66528,12.849,1,0.308351,3.3595,0,224.292,4.72044,222.623,0.84672,12.849,0.84672,3695.15,0,18.483,0.522271,4.29055,2.34313,14.95,1.14784,19.9135,0.42336,0,0,18.483,0.42336,442.007,0,1.02816,0,0,5.31871,4.29055,1.028160,1,0,242.536,0,0,0,242.536,0
72.29,1.55017,0,0,3.89328,0.309843,2.03327,3.6288,55.7374,0.66528,0,0,1.22802,0.184931,0,0.66528,12.849,1,0.27553,2.03327,0,70.0946,2.95417,68.8982,0.84672,12.849,0.84672,3695.15,0,18.483,0.740918,1.65899,2.09475,10.0633,0.899523,12.1766,0.42336,0,0,18.483,0.42336,442.007,0,1.02816,0,0,2.68715,1.65899,1.028160,1,0,81.0747,0,0,0,81.0747,0
72.29,1.55116,0,0,4.86396,0.309843,3.00295,3.6288,56.736,0.66528,0,0,1.84926,0.18539,0,0.66528,12.849,1,0.275707,3.00295,0,156.37,2.95417,156.143,0.84672,12.849,0.84672,3695.15,0,18.483,0.740919,2.15291,2.22292,10.5642,0.899523,13.2996,0.42336,0,0,18.483,0.42336,442.007,0,1.02816,0,0,3.18107,2.15291,1.028160,1,0,169.443,0,0,0,169.443,0
72.29,1.55216,0,0,2.57566,0.26453,0.758973,3.6288,56.689,0.66528,0,0,0.781566,0.163233,0,0.66528,12.849,1,0.275884,0.758973,0,103.033,2.60539,100.911,0.84672,12.849,0.84672,3695.15,0,18.483,0.740919,0.578612,2.22314,5.22975,0.849421,6.44116,0.42336,0,0,18.483,0.42336,442.007,0,1.02816,0,0,1.60677,0.578612,1.028160,1,0,107.352,0,0,0,107.352,0
72.29,1.55316,0,0,2.41585,0.263999,0.598693,3.6288,56.3342,0.823297,0,0,0.707858,0.239342,0,0.66528,12.849,1,0.276062,0.598693,0,85.1757,4.78149,80.7169,0.84672,12.849,0.84672,3695.15,0,18.483,0.740919,0.558835,2.22336,4.30104,1.29903,5.04329,0.42336,0,0,18.483,0.42336,442.007,0,0.870143,0,0,1.42898,0.558835,1.028160,1,0,85.7601,0,0,0,85.7601,0
72.29,1.64513,0,0,3.56485,0.285867,1.63385,3.6288,57.7767,0.66528,0,0,2.29376,0.185965,0,0.66528,12.849,1,0.29241,1.63385,0,66.1448,3.86961,63.6166,0.84672,12.849,0.84672,3695.15,0,18.483,0.794497,1.77485,2.22358,9.05228,1.0475,11.2087,0.42336,0,0,18.483,0.42336,442.007,0,1.02816,0,0,2.80301,1.77485,1.028160,1,0,74.8254,0,0,0,74.8254,0
72.29,1.69165,0,0,2.52746,0.316403,0.519409,3.6288,58.2426,0.66528,0,0,1.28285,0.151685,0,0.66528,12.849,1,0.300677,0.519409,0,55.441,2.77653,52.8832,0.84672,12.849,0.84672,3695.15,0,18.483,0.740934,0.70505,2.28528,5.78421,0.805774,7.22783,0.42336,0,0,18.483,0.42336,442.007,0,1.02816,0,0,1.73321,0.70505,1.028160,1,0,60.111,0,0,0,60.111,0
72.2042,1.69268,0,0,2.28028,0.310484,0.36288,3.6288,58.5228,0.67678,0,0,1.10777,0.150838,0,0.66528,12.849,1,0.300861,0.36288,0,41.0636,2.83605,38.2896,0.84672,12.849,0.84672,3695.15,0,18.483,0.740934,0.528595,2.25416,5.16379,0.817333,6.38828,0.42336,0,0,18.483,0.42336,442.007,0,1.01666,0,0,1.54526,0.528595,1.028160,1,0,44.6778,0,0,0,44.6778,0
72.0371,1.69341,0,0,2.19943,0.310282,0.36288,3.6288,58.6032,0.7837,0,0,1.01525,0.15111,0,0.66528,12.849,1,0.301349,0.36288,0,47.8634,2.83605,45.0889,0.84672,12.849,0.84672,3695.15,0,18.483,0.740934,0.528595,2.25439,4.7996,0.817333,6.02431,0.42336,0,0,18.483,0.42336,442.007,0,0.90974,0,0,1.43834,0.528595,1.028160,1,0,51.1132,0,0,0,51.1132,0
71.5663,1.65826,0,0,1.86461,0.314221,0.36288,3.6288,58.6351,0.66528,0,0,0.849718,0.152541,0,0.66528,12.849,1,0.295778,0.36288,0,34.6429,3.0165,31.6935,0.84672,12.849,0.84672,3695.15,0,18.483,0.720102,0.605673,2.25462,3.95449,0.867279,5.2274,0.42336,0,0,18.483,0.42336,442.007,0,1.02816,0,0,1.63383,0.605673,1.028160,1,0,36.9209,0,0,0,36.9209,0
71.0619,1.63997,0,0,1.80835,0.309922,0.36288,3.6288,58.4886,0.770291,0,0,0.786102,0.162382,0,0.66528,12.849,1,0.294441,0.36288,0,35.7584,3.52529,32.3015,0.84672,12.849,0.84672,3695.15,0,18.483,0.740928,0.528595,2.23089,3.75068,0.995589,4.77365,0.42336,0,0,18.483,0.42336,442.007,0,0.923149,0,0,1.45174,0.528595,1.028160,1,0,37.0752,0,0,0,37.0752,0
70.4997,1.63922,0,0,1.6651,0.225246,0.36288,3.6288,58.0946,0.886205,0,0,0.693006,0.200768,0,0.66528,12.849,1,0.296395,0.36288,0,32.6902,3.87124,28.8855,0.84672,12.849,0.84672,3695.15,0,18.483,0.740928,0.528595,2.2433,3.49578,1.01625,4.5105,0.42336,0,0,18.483,0.42336,442.007,0,0.807235,0,0,1.33583,0.528595,1.028160,1,0,33.396,0,0,0,33.396,0
69.8982,1.63824,0,0,1.6239,0.224276,0.36288,3.6288,58.0037,0.66528,0,0,0.774645,0.200259,0,0.66528,12.849,1,0.298579,0.36288,0,31.6651,3.87124,27.8581,0.84672,12.849,0.84672,3695.15,0,18.483,0.740928,0.478284,2.24353,4.13783,1.01625,5.10247,0.42336,0,0,18.483,0.42336,442.007,0,1.02816,0,0,1.50644,0.478284,1.028160,1,0,32.9606,0,0,0,32.9606,0
69.1511,1.75748,0,0,1.59651,0.223238,0.36288,3.6288,57.786,0.790249,0,0,0.772701,0.200141,0,0.66528,12.849,1,0.323068,0.36288,0,30.6352,3.87124,26.8038,0.84672,12.849,0.84672,3695.15,0,18.483,0.814886,0.402797,2.24375,3.54914,1.01625,4.36456,0.42336,0,0,18.483,0.42336,442.007,0,0.903191,0,0,1.30599,0.402797,1.028160,1,0,31.1683,0,0,0,31.1683,0
68.1585,1.81795,0,0,1.40615,0.21792,0.36288,3.6288,57.6015,0.683217,0,0,0.712601,0.213838,0,0.66528,12.849,1,0.337794,0.36288,0,31.7817,4.54552,27.2613,0.84672,12.849,0.84672,3695.15,0,18.483,0.740949,0.402797,2.32783,3.42394,0.985295,4.42832,0.42336,0,0,18.483,0.42336,442.007,0,1.01022,0,0,1.41302,0.402797,1.028160,1,0,31.6896,0,0,0,31.6896,0
67.1209,1.81487,0,0,1.35571,0.215573,0.36288,3.6288,57.2628,0.792487,0,0,0.669652,0.215909,0,0.66528,12.849,1,0.342134,0.36288,0,30.1838,4.6579,25.5466,0.84672,12.849,0.84672,3695.15,0,18.483,0.740949,0.402797,2.2848,3.15333,0.980136,4.11984,0.42336,0,0,18.483,0.42336,442.007,0,0.900953,0,0,1.30375,0.402797,1.028160,1,0,29.6664,0,0,0,29.6664,0
65.9523,1.81149,0,0,1.19887,0.193073,0.36288,3.6288,56.8976,0.764493,0,0,0.628551,0.229239,0,0.66528,12.849,1,0.346776,0.36288,0,26.8312,4.81855,22.0287,0.84672,12.849,0.84672,3695.15,0,18.483,0.740949,0.30119,2.28503,3.07934,1.02118,3.90343,0.42336,0,0,18.483,0.42336,442.007,0,0.928947,0,0,1.23014,0.30119,1.028160,1,0,25.9322,0,0,0,25.9322,0
64.7529,1.80741,0,0,1.1348,0.163883,0.36288,3.6288,56.424,0.829639,0,0,0.60304,0.247056,0,0.66528,12.849,1,0.352124,0.36288,0,24.8185,5.03275,19.7965,0.84672,12.849,0.84672,3695.15,0,18.483,0.740949,0.30119,2.28527,2.99781,1.07591,3.76741,0.42336,0,0,18.483,0.42336,442.007,0,0.863801,0,0,1.16499,0.30119,1.028160,1,0,23.5639,0,0,0,23.5639,0
63.7155,1.77947,0,0,1.24813,0.143228,0.36288,3.6288,55.9376,0.87702,0,0,0.626202,0.235576,0,0.66528,12.849,1,0.353102,0.36288,0,25.7829,4.84657,20.9461,0.84672,12.849,0.84672,3695.15,0,18.483,0.781653,0.30119,2.28551,2.97999,1.04904,3.73599,0.42336,0,0,18.483,0.42336,442.007,0,0.81642,0,0,1.11761,0.30119,1.028160,1,0,24.6821,0,0,0,24.6821,0
62.7961,1.8096,0,0,1.38099,0.127836,0.36288,3.6288,55.4715,0.867395,0,0,0.628137,0.226814,0,0.66528,12.849,1,0.364929,0.36288,0,25.3551,4.70694,20.6461,0.84672,12.849,0.84672,3695.15,0,18.483,0.74096,0.30119,2.3119,2.99566,1.02888,3.83891,0.42336,0,0,18.483,0.42336,442.007,0,0.826045,0,0,1.12723,0.30119,1.028160,1,0,24.485,0,0,0,24.485,0
61.8264,1.80622,0,0,1.31736,0.118003,0.36288,3.6288,55.0232,0.820446,0,0,0.613227,0.241093,0,0.66528,12.849,1,0.369579,0.36288,0,23.8429,4.92411,18.912,0.84672,12.849,0.84672,3695.15,0,18.483,0.74096,0.261274,2.28832,3.00048,1.10238,3.70674,0.42336,0,0,18.483,0.42336,442.007,0,0.872994,0,0,1.13427,0.261274,1.028160,1,0,22.6188,0,0,0,22.6188,0
60.7185,1.80247,0,0,1.15283,0.0953304,0.36288,3.6288,54.398,0.930787,0,0,0.579401,0.273842,0,0.66528,12.849,1,0.374596,0.36288,0,22.4042,5.67044,16.7221,0.84672,12.849,0.84672,3695.15,0,18.483,0.74096,0.261274,2.28856,2.91984,1.36157,3.36715,0.42336,0,0,18.483,0.42336,442.007,0,0.762653,0,0,1.02393,0.261274,1.028160,1,0,20.0892,0,0,0,20.0892,0
59.5099,1.8581,0,0,1.10736,0.0949752,0.36288,3.6288,53.7907,0.897143,0,0,0.558067,0.268183,0,0.66528,12.849,1,0.393203,0.36288,0,20.5502,5.88949,14.6303,0.84672,12.849,0.84672,3695.15,0,18.483,0.777277,0.261274,2.2888,2.82604,1.45468,3.14415,0.42336,0,0,18.483,0.42336,442.007,0,0.796297,0,0,1.05757,0.261274,1.028160,1,0,17.7745,0,0,0,17.7745,0
58.2743,1.88246,0,0,1.10446,0.0947594,0.36288,3.6288,52.9574,1.06864,0,0,0.505942,0.270639,0,0.66528,12.849,1,0.406448,0.36288,0,19.8992,5.57665,14.279,0.84672,12.849,0.84672,3695.15,0,18.483,0.740971,0.261274,2.33077,2.51732,1.40981,2.95859,0.42336,0,0,18.483,0.42336,442.007,0,0.624802,0,0,0.886075,0.261274,1.028160,1,0,17.2376,0,0,0,17.2376,0
56.9018,1.87646,0,0,0.960466,0.0936344,0.36288,3.6288,52.0205,1.14344,0,0,0.47547,0.268846,0,0.66528,12.849,1,0.413744,0.36288,0,18.8267,5.57665,13.1992,0.84672,12.849,0.84672,3695.15,0,18.483,0.740971,0.261274,2.30977,2.44973,1.40981,2.87,0.42336,0,0,18.483,0.42336,442.007,0,0.549996,0,0,0.81127,0.261274,1.028160,1,0,16.0692,0,0,0,16.0692,0
55.4616,1.86938,0,0,0.884442,0.0923847,0.36288,3.6288,51.0683,1.15131,0,0,0.465865,0.266831,0,0.66528,12.849,1,0.422124,0.36288,0,17.7563,5.57665,12.1204,0.84672,12.849,0.84672,3695.15,0,18.483,0.740971,0.227405,2.31001,2.42493,1.40981,2.81157,0.42336,0,0,18.483,0.42336,442.007,0,0.542134,0,0,0.769539,0.227405,1.028160,1,0,14.932,0,0,0,14.932,0
53.7224,2.03521,0,0,0.734279,0.0753814,0.36288,3.6288,50.1062,1.15599,0,0,0.463336,0.269398,0,0.66528,12.849,1,0.471505,0.36288,0,16.8386,5.87094,10.859,0.84672,12.849,0.84672,3695.15,0,18.483,0.872197,0.227405,2.31025,2.3094,1.39553,2.57933,0.42336,0,0,18.483,0.42336,442.007,0,0.537451,0,0,0.764856,0.227405,1.028160,1,0,13.4383,0,0,0,13.4383,0
51.8751,2.12989,0,0,0.722691,0.0772372,0.36288,3.6288,49.1159,1.15867,0,0,0.43781,0.269485,0,0.66528,12.849,1,0.509413,0.36288,0,16.7031,5.78908,10.7675,0.84672,12.849,0.84672,3695.15,0,18.483,0.741007,0.227405,2.45197,2.24351,1.49123,2.69064,0.42336,0,0,18.483,0.42336,442.007,0,0.534773,0,0,0.762178,0.227405,1.028160,1,0,13.4581,0,0,0,13.4581,0
49.8758,2.11646,0,0,0.553025,0.072963,0.36288,3.6288,47.7486,1.39382,0,0,0.29833,0.271795,0,0.66528,12.849,1,0.524229,0.36288,0,17.5186,5.82508,11.5322,0.84672,12.849,0.84672,3695.15,0,18.483,0.741007,0.227405,2.37546,1.67816,1.56516,1.97486,0.42336,0,0,18.483,0.42336,442.007,0,0.299619,0,0,0.527024,0.227405,1.028160,1,0,13.5071,0,0,0,13.5071,0
48.0128,2.10086,0,0,0.672183,0.0714504,0.36288,3.6288,46.9354,1.02408,0,0,0.479638,0.268727,0,0.66528,12.849,1,0.541224,0.36288,0,15.2708,5.82508,9.26734,0.84672,12.849,0.84672,3695.15,0,18.483,0.741007,0.204422,2.37572,2.41801,1.56516,2.69198,0.42336,0,0,18.483,0.42336,442.007,0,0.669356,0,0,0.873779,0.204422,1.028160,1,0,11.9593,0,0,0,11.9593,0
46.032,2.0854,0,0,0.541618,0.0741024,0.36288,3.6288,45.7687,1.2641,0,0,0.339418,0.242066,0,0.66528,12.849,1,0.558086,0.36288,0,13.141,5.0857,7.8601,0.84672,12.849,0.84672,3695.15,0,18.483,0.741007,0.204422,2.37598,2.42433,1.27735,2.98638,0.42336,0,0,18.483,0.42336,442.007,0,0.429339,0,0,0.633761,0.204422,1.028160,1,0,10.8465,0,0,0,10.8465,0
44.1917,1.9861,0,0,0.557797,0.0492067,0.36288,3.6288,44.8764,1.07661,0,0,0.413172,0.228878,0,0.66528,12.849,1,0.554382,0.36288,0,9.2302,4.82876,4.20994,0.84672,12.849,0.84672,3695.15,0,18.483,0.661248,0.204422,2.37624,2.34288,1.15875,3.10355,0.42336,0,0,18.483,0.42336,442.007,0,0.616835,0,0,0.821257,0.204422,1.028160,1,0,7.31349,0,0,0,7.31349,0
42.3359,1.90748,0,0,0.428515,0.0138725,0.36288,3.6288,43.8858,1.13352,0,0,0.380297,0.237296,0,0.66528,12.5585,1,0.55461,0.36288,0,8.33224,5.22554,3.20544,0.84672,12.5585,0.84672,3695.15,0,18.483,0.740985,0.204422,2.29532,1.4715,1.28844,1.94181,0.42336,0,0,18.483,0.42336,442.007,0,0.559924,0,0,0.764346,0.204422,1.028160,1,0,5.14725,0,0,0,5.14725,0
40.4765,1.89986,0,0,0.41684,0.0135794,0.36288,3.6288,42.7915,1.21103,0,0,0.351819,0.235095,0,0.66528,12.0045,1,0.563574,0.36288,0,7.61141,5.22554,3.20544,0.84672,12.0045,0.84672,3694.68,0,18.483,0.740985,0.216518,2.34223,1.4459,1.28844,1.97522,0.42336,0,0,18.483,0.42336,442.007,0,0.482414,0,0,0.698933,0.216518,1.028160,1,0,5.18066,0,0,0,5.18066,0
38.9361,1.90098,0,0,0.837966,0.11446,0.36288,3.6288,42.5,0.905351,0,0,0.75456,0.140716,0,0.66528,12.849,1,0.563792,0.36288,0,20.695,3.77212,15.4112,0.84672,12.849,0.84672,3695.15,0,18.483,0.740985,0.216518,2.34248,3.64306,0.834151,4.62692,0.42336,0,0,18.483,0.42336,442.007,0,0.788089,0,0,1.00461,0.216518,1.028160,1,0,20.0381,0,0,0,20.0381,0
37.9918,1.78972,0,0,1.32069,0.112415,0.36288,3.6288,42.3025,0.734486,0,0,0.677321,0.140324,0,0.66528,12.849,1,0.590612,0.36288,0,23.4248,3.77212,19.4249,0.84672,12.849,0.84672,3695.15,0,18.483,0.668305,0.216518,2.34274,2.36659,0.834151,3.42339,0.42336,0,0,18.483,0.42336,442.007,0,0.958954,0,0,1.17547,0.216518,1.028160,1,0,22.8483,0,0,0,22.8483,0
36.7215,1.72543,0,0,0.928152,0.110118,0.36288,3.6288,41.916,0.742245,0,0,0.607629,0.251922,0,0.66528,12.849,1,0.583547,0.36288,0,12.6028,4.65696,7.72519,0.84672,12.849,0.84672,3695.15,0,18.483,0.740966,0.216518,2.27076,2.13288,1.11634,2.76285,0.42336,0,0,18.483,0.42336,442.007,0,0.951195,0,0,1.16771,0.216518,1.028160,1,0,10.488,0,0,0,10.488,0
35.6418,1.71144,0,0,1.10304,0.10848,0.36288,3.6288,41.7198,0.66528,0,0,0.72008,0.250987,0,0.66528,12.849,1,0.598838,0.36288,0,16.3186,4.65696,11.4257,0.84672,12.849,0.84672,3695.15,0,18.483,0.740966,0.327905,2.31352,4.04546,1.11634,4.82958,0.42336,0,0,18.483,0.42336,442.007,0,1.02816,0,0,1.35607,0.327905,1.028160,1,0,16.2553,0,0,0,16.2553,0
35.0364,1.69906,0,0,1.5864,0.12978,0.36288,3.6288,41.7518,0.66528,0,0,0.939505,0.242204,0,0.66528,12.849,1,0.612518,0.36288,0,24.4826,4.371,19.862,0.84672,12.849,0.84672,3695.15,0,18.483,0.740966,0.599236,2.31377,3.85312,1.07481,4.95035,0.42336,0,0,18.483,0.42336,442.007,0,1.02816,0,0,1.6274,0.599236,1.028160,1,0,24.8124,0,0,0,24.8124,0
36.288,1.51381,0,0,3.27398,0.145729,0.36288,3.6288,42.4587,0.66528,0,0,1.60822,0.236045,0,0.66528,12.849,1,0.555163,0.36288,0,27.0321,4.15653,22.6832,0.84672,12.849,0.84672,3695.15,0,18.483,0.589427,1.26646,2.31401,6.49522,1.04366,8.44261,0.42336,0,0,18.483,0.42336,442.007,0,1.02816,0,0,2.29462,1.26646,1.028160,1,0,31.1258,0,0,0,31.1258,0
38.2015,1.41695,0,0,3.87304,0.179738,0.36288,3.6288,42.7987,0.66528,0,0,1.2144,0.209155,0,0.66528,12.849,1,0.501719,0.36288,0,34.7204,3.77591,30.8057,0.84672,12.849,0.84672,3695.15,0,18.483,0.740924,1.16167,2.15147,5.20057,0.947187,6.8256,0.42336,0,0,18.483,0.42336,442.007,0,1.02816,0,0,2.18983,1.16167,1.028160,1,0,37.6313,0,0,0,37.6313,0
39.6261,1.43665,0,0,3.42106,0.196856,0.36288,3.6288,43.1668,0.66528,0,0,1.23179,0.198399,0,0.66528,12.849,1,0.483215,0.36288,0,26.991,3.62365,23.247,0.84672,12.849,0.84672,3695.15,0,18.483,0.740924,1.02973,2.24035,5.02352,0.908597,6.64408,0.42336,0,0,18.483,0.42336,442.007,0,1.02816,0,0,2.05789,1.02973,1.028160,1,0,29.8911,0,0,0,29.8911,0
40.5877,1.45067,0,0,2.97403,0.19889,0.36288,3.6288,43.577,0.66528,0,0,1.2788,0.203295,0,0.66528,12.849,1,0.470388,0.36288,0,26.9489,3.78931,23.052,0.84672,12.849,0.84672,3695.15,0,18.483,0.740924,1.24565,2.24057,11.3995,0.94695,13.1979,0.42336,0,0,18.483,0.42336,442.007,0,1.02816,0,0,2.27381,1.24565,1.028160,1,0,36.2499,0,0,0,36.2499,0
42.2708,1.42244,0,0,3.66207,0.193636,0.36288,3.6288,44.0122,0.66528,0,0,1.32977,0.229374,0,0.66528,12.849,1,0.450308,0.36288,0,41.7023,4.78327,36.8316,0.84672,12.849,0.84672,3695.15,0,18.483,0.718493,1.26957,2.2408,9.40928,1.17707,11.0241,0.42336,0,0,18.483,0.42336,442.007,0,1.02816,0,0,2.29773,1.26957,1.028160,1,0,47.8556,0,0,0,47.8556,0
44.5203,1.28464,0,0,4.09325,0.196312,0.36288,3.6288,45.1329,0.66528,0,0,1.99637,0.210315,0,0.66528,12.849,1,0.390489,0.36288,0,68.232,4.51,63.6944,0.84672,12.849,0.84672,3695.15,0,18.483,0.628394,1.41402,2.21441,6.29653,1.05221,8.24436,0.42336,0,0,18.483,0.42336,442.007,0,1.02816,0,0,2.44218,1.41402,1.028160,1,0,71.9387,0,0,0,71.9387,0
47.9548,1.3674,0,0,5.36324,0.198391,0.36288,3.6288,46.1054,0.66528,0,0,1.79973,0.162,0,0.66528,12.849,1,0.394646,0.36288,0,101.433,3.82683,97.5741,0.84672,12.849,0.84672,3695.15,0,18.483,0.66904,1.35422,2.10777,9.94758,0.740061,12.0005,0.42336,0,0,18.483,0.42336,442.007,0,1.02816,0,0,2.38238,1.35422,1.028160,1,0,109.575,0,0,0,109.575,0
50.8377,1.42522,0,0,4.87705,0.206119,0.36288,3.6288,46.9138,0.66528,0,0,1.63718,0.163471,0,0.66528,12.849,1,0.381874,0.36288,0,91.7603,3.82683,87.9144,0.84672,12.849,0.84672,3695.15,0,18.483,0.625075,1.14426,2.15546,9.14872,0.740061,11.0833,0.42336,0,0,18.483,0.42336,442.007,0,1.02816,0,0,2.17242,1.14426,1.028160,1,0,98.9977,0,0,0,98.9977,0
53.5953,1.4434,0,0,4.78627,0.222342,0.36288,3.6288,47.7462,0.66528,0,0,1.66336,0.16573,0,0.66528,12.849,1,0.364813,0.36288,0,89.2253,3.89421,85.3291,0.84672,12.849,0.84672,3695.15,0,18.483,0.625044,1.18082,2.12993,9.52033,0.777761,11.4283,0.42336,0,0,18.483,0.42336,442.007,0,1.02816,0,0,2.20898,1.18082,1.028160,1,0,96.7574,0,0,0,96.7574,0
56.2631,1.45944,0,0,4.78329,0.293191,0.36288,3.6288,48.4444,0.66528,0,0,1.54511,0.181611,0,0.66528,12.849,1,0.349888,0.36288,0,88.5038,4.54383,83.973,0.84672,12.849,0.84672,3695.15,0,18.483,0.625014,1.12936,2.13012,9.48361,1.1575,10.9606,0.42336,0,0,18.483,0.42336,442.007,0,1.02816,0,0,2.15752,1.12936,1.028160,1,0,94.9336,0,0,0,94.9336,0
62.1383,1.92776,0,0,8.4474,0.28157,0.36288,3.6288,51.1956,0.66528,0,0,3.57852,0.161999,0,0.66528,12.849,1,0.44025,0.36288,0,196.227,4.14753,192.002,0.84672,12.849,0.84672,3695.15,0,18.483,0.906046,4.89205,2.13031,20.0744,1.0163,25.1744,0.42336,0,0,18.483,0.42336,442.007,0,1.02816,0,0,5.92021,4.89205,1.028160,1,0,217.177,0,0,0,217.177,0
66.8314,2.10013,0,0,7.44906,0.292895,0.36288,3.6288,53.149,0.66528,0,0,2.77892,0.16027,0,0.66528,12.849,1,0.434267,0.36288,0,159.441,4.02696,155.342,0.84672,12.849,0.84672,3695.15,0,18.483,0.740964,2.72259,2.45213,14.8057,0.958645,18.2808,0.42336,0,0,18.483,0.42336,442.007,0,1.02816,0,0,3.75075,2.72259,1.028160,1,0,173.623,0,0,0,173.623,0
70.3167,2.1268,0,0,6.2698,0.294828,0.36288,3.6288,54.7672,0.66528,0,0,2.45913,0.175629,0,0.66528,12.849,1,0.408899,0.36288,0,121.135,4.05303,117.036,0.84672,12.849,0.84672,3695.15,0,18.483,0.740964,2.01493,2.35577,12.5271,0.981577,15.1752,0.42336,0,0,18.483,0.42336,442.007,0,1.02816,0,0,3.04309,2.01493,1.028160,1,0,132.212,0,0,0,132.212,0
72.29,2.14504,0,0,8.2598,0.278899,3.86257,3.6288,57.4644,0.66528,0,0,3.57255,0.2101,0,0.66528,12.849,1,0.391965,3.86257,0,146.193,4.1182,145.546,0.84672,12.849,0.84672,3695.15,0,18.483,0.740964,3.76256,2.35601,27.7713,1.03891,32.11,0.42336,0,0,18.483,0.42336,442.007,0,1.02816,0,0,4.79072,3.76256,1.028160,1,0,177.656,0,0,0,177.656,0
72.29,1.78914,0,0,4.24395,0.305124,2.14969,3.6288,57.9982,0.66528,0,0,1.40628,0.207122,0,0.66528,12.849,1,0.318006,2.14969,0,65.9032,3.95999,63.7749,0.84672,12.849,0.84672,3695.15,0,18.483,0.519132,1.96721,2.35626,7.73927,1.10088,10.4427,0.42336,0,0,18.483,0.42336,442.007,0,1.02816,0,0,2.99537,1.96721,1.028160,1,0,74.2177,0,0,0,74.2177,0
72.29,1.6018,0,0,4.22961,0.308789,2.31902,3.6288,60.0477,0.66528,0,0,2.92145,0.206715,0,0.66528,12.849,1,0.284707,2.31902,0,106.17,3.93361,104.27,0.84672,12.849,0.84672,3695.15,0,18.483,0.740906,3.23844,2.10431,11.8342,1.11121,15.3249,0.42336,0,0,18.483,0.42336,442.007,0,1.02816,0,0,4.2666,3.23844,1.028160,1,0,119.595,0,0,0,119.595,0
72.29,1.60276,0,0,3.95934,0.308789,2.04779,3.6288,60.9453,0.66528,0,0,1.7723,0.209451,0,0.66528,12.849,1,0.284878,2.04779,0,82.7992,3.93361,80.6285,0.84672,12.849,0.84672,3695.15,0,18.483,0.740906,2.27395,2.23431,8.67145,1.11121,11.3276,0.42336,0,0,18.483,0.42336,442.007,0,1.02816,0,0,3.30211,2.27395,1.028160,1,0,91.9561,0,0,0,91.9561,0
72.29,1.60372,0,0,3.7352,0.308789,1.82269,3.6288,61.308,0.66528,0,0,1.3575,0.210649,0.118834,0.66528,12.849,1,0.28505,1.82269,0,60.5257,3.93361,58.1297,0.84672,12.849,0.84672,3695.15,0,18.483,0.740906,2.16744,2.23452,11.9134,1.11121,14.4632,0.42336,0,0,18.483,0.42336,442.007,0,1.02816,0,0,3.1956,2.16744,1.028160,1,0,72.7118,0,0,0,72.7118,0
72.29,1.60469,0,0,4.06642,0.305969,2.15576,3.6288,61.308,0.66528,0,0,2.06787,0.185854,1.21674,0.66528,12.849,1,0.285221,2.15576,0,78.0525,3.55884,76.3642,0.84672,12.849,0.84672,3695.15,0,18.483,0.740907,2.68016,2.23473,15.0496,0.956017,18.2675,0.42336,0,0,18.483,0.42336,442.007,0,1.02816,0,0,3.70832,2.68016,1.028160,1,0,95.8484,0,0,0,95.8484,0
72.29,1.69792,0,0,4.59599,0.309017,2.58905,3.6288,61.308,0.66528,0,0,2.29805,0.202467,1.4303,0.66528,12.849,1,0.301793,2.58905,0,58.9865,3.13194,58.1418,0.84672,12.849,0.84672,3695.15,0,18.483,0.795246,2.51671,2.23494,8.57343,0.945739,11.5841,0.42336,0,0,18.483,0.42336,442.007,0,1.02816,0,0,3.54487,2.51671,1.028160,1,0,71.1562,0,0,0,71.1562,0
72.29,1.74505,0,0,2.95819,0.309017,0.904121,3.6288,61.308,0.66528,0,0,1.51969,0.202467,0.651943,0.66528,12.849,1,0.31017,0.904121,0,45.4448,3.13194,42.9069,0.84672,12.849,0.84672,3695.15,0,18.483,0.740921,1.38549,2.29751,4.70554,0.945739,6.70188,0.42336,0,0,18.483,0.42336,442.007,0,1.02816,0,0,2.41365,1.38549,1.028160,1,0,50.2607,0,0,0,50.2607,0
72.0947,1.74605,0,0,2.22267,0.309017,0.36288,3.6288,61.308,0.66528,0,0,1.18515,0.202467,0.317402,0.66528,12.849,1,0.310347,0.36288,0,29.2329,3.13194,26.1535,0.84672,12.849,0.84672,3695.15,0,18.483,0.740921,0.808142,2.26594,4.24824,0.945739,5.63566,0.42336,0,0,18.483,0.42336,442.007,0,1.02816,0,0,1.8363,0.808142,1.028160,1,0,32.1066,0,0,0,32.1066,0
71.9894,1.53015,0,0,2.06675,0.279008,0.36288,3.6288,61.308,0.66528,0,0,1.10995,0.187345,0.257321,0.66528,12.849,1,0.27271,0.36288,0,31.707,2.70984,29.0873,0.84672,12.849,0.84672,3695.15,0,18.483,0.624805,0.786067,2.26616,4.19146,0.907262,5.71162,0.42336,0,0,18.483,0.42336,442.007,0,1.02816,0,0,1.81423,0.786067,1.028160,1,0,35.0563,0,0,0,35.0563,0
72.29,1.49765,0,0,2.56144,0.296851,0.466376,3.6288,61.308,0.66528,0,0,1.59471,0.165081,0.76435,0.66528,12.849,1,0.267306,0.466376,0,37.1624,2.99277,34.3687,0.84672,12.849,0.84672,3695.15,0,18.483,0.605392,1.47789,2.12893,4.71818,0.996582,6.72303,0.42336,0,0,18.483,0.42336,442.007,0,1.02816,0,0,2.50605,1.47789,1.028160,1,0,41.856,0,0,0,41.856,0
72.29,1.69499,0,0,2.32133,0.234259,0.392077,3.6288,61.308,0.66528,0,0,1.31985,0.201267,0.453299,0.66528,12.849,1,0.301272,0.392077,0,33.6026,3.32879,30.3646,0.84672,12.849,0.84672,3695.15,0,18.483,0.740916,1.27985,2.10683,4.33368,1.01865,5.96079,0.42336,0,0,18.483,0.42336,442.007,0,1.02816,0,0,2.30801,1.27985,1.028160,1,0,36.7787,0,0,0,36.7787,0
72.2791,1.69598,0,0,2.25411,0.20617,0.36288,3.6288,61.308,0.66528,0,0,1.42691,0.214347,0.547287,0.66528,12.849,1,0.301447,0.36288,0,32.4095,3.44411,29.0268,0.84672,12.849,0.84672,3695.15,0,18.483,0.740916,1.44619,2.25488,4.79593,1.02554,6.73054,0.42336,0,0,18.483,0.42336,442.007,0,1.02816,0,0,2.47435,1.44619,1.028160,1,0,36.3047,0,0,0,36.3047,0
72.1094,1.69692,0,0,2.09632,0.206152,0.36288,3.6288,61.308,0.66528,0,0,1.32034,0.214347,0.440712,0.66528,12.849,1,0.301661,0.36288,0,29.6454,3.44411,26.2625,0.84672,12.849,0.84672,3695.15,0,18.483,0.740916,1.21267,2.2551,4.42825,1.02554,6.12956,0.42336,0,0,18.483,0.42336,442.007,0,1.02816,0,0,2.24083,1.21267,1.028160,1,0,32.8328,0,0,0,32.8328,0
71.7562,1.81998,0,0,2.0386,0.209017,0.36288,3.6288,61.308,0.66528,0,0,1.25207,0.219325,0.36747,0.66528,12.849,1,0.324298,0.36288,0,30.1851,3.77517,26.4485,0.84672,12.849,0.84672,3695.15,0,18.483,0.815917,1.03712,2.25532,4.20974,1.09862,5.58764,0.42336,0,0,18.483,0.42336,442.007,0,1.02816,0,0,2.06528,1.03712,1.028160,1,0,32.4037,0,0,0,32.4037,0
71.1079,1.88326,0,0,1.75389,0.155992,0.36288,3.6288,61.308,0.66528,0,0,1.02638,0.224036,0.137065,0.66528,12.849,1,0.337225,0.36288,0,26.0631,3.9984,22.0903,0.84672,12.849,0.84672,3695.15,0,18.483,0.740935,1.00691,2.34057,3.88327,1.0705,5.41932,0.42336,0,0,18.483,0.42336,442.007,0,1.02816,0,0,2.03507,1.00691,1.028160,1,0,27.6467,0,0,0,27.6467,0
70.4105,1.88169,0,0,1.70241,0.155221,0.36288,3.6288,61.308,0.66528,0,0,1.09,0.224036,0.200681,0.66528,12.849,1,0.340016,0.36288,0,24.8422,3.9984,20.8666,0.84672,12.849,0.84672,3695.15,0,18.483,0.740935,0.983578,2.29692,4.13101,1.0705,5.60006,0.42336,0,0,18.483,0.42336,442.007,0,1.02816,0,0,2.01174,0.983578,1.028160,1,0,26.6674,0,0,0,26.6674,0
69.6285,1.87987,0,0,1.61507,0.154393,0.36288,3.6288,61.308,0.66528,0,0,1.0592,0.224036,0.169888,0.66528,12.849,1,0.343052,0.36288,0,23.3325,3.9984,19.3539,0.84672,12.849,0.84672,3695.15,0,18.483,0.740936,0.897929,2.29715,3.81934,1.0705,5.20297,0.42336,0,0,18.483,0.42336,442.007,0,1.02816,0,0,1.92609,0.897929,1.028160,1,0,24.7268,0,0,0,24.7268,0
68.8137,1.87765,0,0,1.56983,0.144072,0.36288,3.6288,61.308,0.66528,0,0,0.989004,0.233458,0.0902652,0.66528,12.849,1,0.346496,0.36288,0,24.8022,4.13066,20.688,0.84672,12.849,0.84672,3695.15,0,18.483,0.740936,0.748561,2.29737,3.85243,1.04677,5.11066,0.42336,0,0,18.483,0.42336,442.007,0,1.02816,0,0,1.77672,0.748561,1.028160,1,0,25.8889,0,0,0,25.8889,0
68.097,1.85111,0,0,1.62805,0.130721,0.36288,3.6288,61.2995,0.66528,0,0,0.902802,0.246022,0,0.66528,12.849,1,0.345641,0.36288,0,27.1197,4.307,22.8299,0.84672,12.849,0.84672,3695.15,0,18.483,0.782212,0.722278,2.2976,4.06433,1.01513,5.28686,0.42336,0,0,18.483,0.42336,442.007,0,1.02816,0,0,1.75044,0.722278,1.028160,1,0,28.1168,0,0,0,28.1168,0
67.2833,1.88379,0,0,1.54902,0.116095,0.36288,3.6288,61.2462,0.66528,0,0,0.881315,0.269324,0,0.66528,12.849,1,0.355446,0.36288,0,25.562,4.63275,20.9366,0.84672,12.849,0.84672,3695.15,0,18.483,0.740947,0.69844,2.32436,3.95093,1.12538,5.1074,0.42336,0,0,18.483,0.42336,442.007,0,1.02816,0,0,1.7266,0.69844,1.028160,1,0,26.044,0,0,0,26.044,0
66.2823,1.88121,0,0,1.3404,0.0973415,0.36288,3.6288,61.1152,0.66528,0,0,0.829241,0.294954,0,0.66528,12.849,1,0.359252,0.36288,0,23.8475,5.33829,18.5129,0.84672,12.849,0.84672,3695.15,0,18.483,0.740947,0.579079,2.30044,3.94596,1.37297,4.71156,0.42336,0,0,18.483,0.42336,442.007,0,1.02816,0,0,1.60724,0.579079,1.028160,1,0,23.2244,0,0,0,23.2244,0
65.259,1.87769,0,0,1.31423,0.0968677,0.36288,3.6288,60.9789,0.66528,0,0,0.819608,0.290695,0,0.66528,12.849,1,0.363996,0.36288,0,22.0404,5.54169,16.4976,0.84672,12.849,0.84672,3695.15,0,18.483,0.740947,0.676702,2.30067,3.89016,1.44841,4.67817,0.42336,0,0,18.483,0.42336,442.007,0,1.02816,0,0,1.70486,0.676702,1.028160,1,0,21.1757,0,0,0,21.1757,0
64.2062,1.93576,0,0,1.34332,0.0975521,0.36288,3.6288,60.6962,0.66528,0,0,0.697551,0.314886,0,0.66528,12.849,1,0.381137,0.36288,0,25.526,6.02259,19.4852,0.84672,12.849,0.84672,3695.15,0,18.483,0.777771,0.333573,2.3009,3.6094,1.45537,4.01073,0.42336,0,0,18.483,0.42336,442.007,0,1.02816,0,0,1.36173,0.333573,1.028160,1,0,23.4959,0,0,0,23.4959,0
63.0351,1.96228,0,0,1.2508,0.0967288,0.36288,3.6288,60.3218,0.66528,0,0,0.60518,0.314322,0,0.66528,12.849,1,0.392693,0.36288,0,21.6134,6.02259,15.561,0.84672,12.849,0.84672,3695.15,0,18.483,0.740957,0.443837,2.34345,3.64269,1.45537,4.23365,0.42336,0,0,18.483,0.42336,442.007,0,1.02816,0,0,1.472,0.443837,1.028160,1,0,19.7946,0,0,0,19.7946,0
61.7756,1.95726,0,0,1.15644,0.0958132,0.36288,3.6288,59.9042,0.66528,0,0,0.561215,0.313575,0,0.66528,12.849,1,0.398966,0.36288,0,20.7254,6.02259,14.6667,0.84672,12.849,0.84672,3695.15,0,18.483,0.740956,0.264678,2.32214,3.16729,1.45537,3.55777,0.42336,0,0,18.483,0.42336,442.007,0,1.02816,0,0,1.29284,0.264678,1.028160,1,0,18.2245,0,0,0,18.2245,0
60.5529,1.95156,0,0,1.18214,0.090318,0.36288,3.6288,59.5468,0.66528,0,0,0.623245,0.315309,0,0.66528,12.849,1,0.405915,0.36288,0,19.7121,6.09736,13.5717,0.84672,12.849,0.84672,3695.15,0,18.483,0.740957,0.439145,2.32237,3.91769,1.47031,4.46794,0.42336,0,0,18.483,0.42336,442.007,0,1.02816,0,0,1.46731,0.439145,1.028160,1,0,18.0396,0,0,0,18.0396,0
59.2372,2.12477,0,0,1.26652,0.094584,0.36288,3.6288,59.1566,0.66528,0,0,0.587379,0.312317,0,0.66528,12.849,1,0.450864,0.36288,0,20.3121,6.35805,13.8661,0.84672,12.849,0.84672,3695.15,0,18.483,0.874013,0.425615,2.32261,4.29831,1.52828,4.64423,0.42336,0,0,18.483,0.42336,442.007,0,1.02816,0,0,1.45378,0.425615,1.028160,1,0,18.5103,0,0,0,18.5103,0
57.9805,2.22696,0,0,1.43519,0.102038,0.36288,3.6288,58.8177,0.66528,0,0,0.653268,0.32691,0,0.66528,12.849,1,0.483044,0.36288,0,24.8677,6.49289,18.2547,0.84672,12.849,0.84672,3695.15,0,18.483,0.740992,0.671095,2.46629,4.31949,1.54457,5.17131,0.42336,0,0,18.483,0.42336,442.007,0,1.02816,0,0,1.69925,0.671095,1.028160,1,0,23.426,0,0,0,23.426,0
56.4353,2.21949,0,0,1.13794,0.100803,0.36288,3.6288,58.3165,0.66528,0,0,0.490323,0.3262,0,0.66528,12.849,1,0.491859,0.36288,0,27.3058,6.49289,20.6839,0.84672,12.849,0.84672,3695.15,0,18.483,0.740992,0.248072,2.3887,3.46825,1.54457,3.81946,0.42336,0,0,18.483,0.42336,442.007,0,1.02816,0,0,1.27623,0.248072,1.028160,1,0,24.5034,0,0,0,24.5034,0
55.1467,2.20962,0,0,1.38313,0.0992842,0.36288,3.6288,58.1144,0.66528,0,0,0.788312,0.32515,0,0.66528,12.849,1,0.503079,0.36288,0,23.8022,6.49289,17.1692,0.84672,12.849,0.84672,3695.15,0,18.483,0.740992,1.08775,2.38895,4.9973,1.54457,6.18844,0.42336,0,0,18.483,0.42336,442.007,0,1.02816,0,0,2.11591,1.08775,1.028160,1,0,23.3576,0,0,0,23.3576,0
53.4832,2.20118,0,0,0.996054,0.0954871,0.36288,3.6288,57.666,0.66528,0,0,0.52923,0.312361,0,0.66528,12.849,1,0.512868,0.36288,0,21.1961,6.01417,15.0319,0.84672,12.849,0.84672,3695.15,0,18.483,0.740992,0.639239,2.3892,4.26622,1.36903,5.18463,0.42336,0,0,18.483,0.42336,442.007,0,1.02816,0,0,1.6674,0.639239,1.028160,1,0,20.2165,0,0,0,20.2165,0
51.7996,2.10406,0,0,0.87194,0.0886021,0.36288,3.6288,57.0927,0.66528,0,0,0.412984,0.321043,0,0.66528,12.849,1,0.505487,0.36288,0,15.2863,6.0561,9.08761,0.84672,12.849,0.84672,3695.15,0,18.483,0.660126,0.848258,2.38945,3.04137,1.41491,4.20405,0.42336,0,0,18.483,0.42336,442.007,0,1.02816,0,0,1.87642,0.848258,1.028160,1,0,13.2917,0,0,0,13.2917,0
50.2732,2.02716,0,0,1.00067,0.137037,0.36288,3.6288,56.5486,0.66528,0,0,0.400785,0.279551,0,0.66528,12.849,1,0.502841,0.36288,0,13.1026,5.72481,7.23779,0.84672,12.849,0.84672,3695.15,0,18.483,0.740971,0.775034,2.30739,2.21683,1.30112,3.25716,0.42336,0,0,18.483,0.42336,442.007,0,1.02816,0,0,1.80319,0.775034,1.028160,1,0,10.4949,0,0,0,10.4949,0
49.3168,2.01603,0,0,1.55738,0.134866,0.36288,3.6288,56.2693,0.66528,0,0,0.664512,0.278563,0,0.66528,12.849,1,0.515266,0.36288,0,21.2992,5.72481,15.422,0.84672,12.849,0.84672,3695.15,0,18.483,0.740971,2.07824,2.35495,3.95429,1.30112,6.34538,0.42336,0,0,18.483,0.42336,442.007,0,1.02816,0,0,3.1064,2.07824,1.028160,1,0,21.7674,0,0,0,21.7674,0
48.2438,2.00914,0,0,1.43253,0.133504,0.36288,3.6288,55.9371,0.66528,0,0,0.611156,0.278056,0,0.66528,12.849,1,0.523461,0.36288,0,38.5913,5.72481,32.7059,0.84672,12.849,0.84672,3695.15,0,18.483,0.740971,1.79388,2.35519,3.34238,1.30112,5.44935,0.42336,0,0,18.483,0.42336,442.007,0,1.02816,0,0,2.82204,1.79388,1.028160,1,0,38.1553,0,0,0,38.1553,0
47.4698,1.93229,0,0,1.67943,0.158197,0.36288,3.6288,55.6118,0.66528,0,0,0.523265,0.183329,0,0.66528,12.849,1,0.514636,0.36288,0,31.4671,4.24224,27.0731,0.84672,12.849,0.84672,3695.15,0,18.483,0.667285,0.796815,2.35543,3.19086,0.97988,4.69595,0.42336,0,0,18.483,0.42336,442.007,0,1.02816,0,0,1.82498,0.796815,1.028160,1,0,31.7691,0,0,0,31.7691,0
48.5037,1.8687,0,0,3.42668,0.161201,0.36288,3.6288,55.9181,0.66528,0,0,1.13889,0.167285,0,0.66528,12.849,1,0.505815,0.36288,0,48.0715,3.99515,43.9334,0.84672,12.849,0.84672,3695.15,0,18.483,0.740952,2.55692,2.28245,6.75638,0.92634,9.92846,0.42336,0,0,18.483,0.42336,442.007,0,1.02816,0,0,3.58508,2.55692,1.028160,1,0,53.8619,0,0,0,53.8619,0
48.3754,1.87822,0,0,2.2758,0.16303,0.36288,3.6288,56.185,0.66528,0,0,1.09979,0.167621,0,0.66528,12.849,1,0.497555,0.36288,0,29.5872,3.99515,25.4573,0.84672,12.849,0.84672,3695.15,0,18.483,0.740952,2.66674,2.3258,5.0322,0.92634,8.35744,0.42336,0,0,18.483,0.42336,442.007,0,1.02816,0,0,3.6949,2.66674,1.028160,1,0,33.8148,0,0,0,33.8148,0
49.2611,1.87817,0,0,3.33248,0.205755,0.36288,3.6288,56.2041,0.66528,0,0,0.86897,0.184602,0,0.66528,12.849,1,0.498862,0.36288,0,57.7256,4.2851,53.3045,0.84672,12.849,0.84672,3695.15,0,18.483,0.740952,1.80727,2.32603,9.25101,0.994032,11.6493,0.42336,0,0,18.483,0.42336,442.007,0,1.02816,0,0,2.83543,1.80727,1.028160,1,0,64.9538,0,0,0,64.9538,0
54.3753,1.69017,0,0,7.40497,0.237701,0.36288,3.6288,56.6297,0.66528,0,0,1.28171,0.190762,0,0.66528,12.849,1,0.440855,0.36288,0,97.6787,4.25192,93.3488,0.84672,12.849,0.84672,3695.15,0,18.483,0.587326,2.83887,2.32627,10.1222,0.899216,13.8008,0.42336,0,0,18.483,0.42336,442.007,0,1.02816,0,0,3.86703,2.83887,1.028160,1,0,107.15,0,0,0,107.15,0
57.6709,1.60041,0,0,5.51958,0.260644,0.36288,3.6288,56.8446,0.66528,0,0,1.07101,0.190887,0,0.66528,12.849,1,0.378181,0.36288,0,67.7166,4.14005,63.5613,0.84672,12.849,0.84672,3695.15,0,18.483,0.740912,2.18202,2.16147,10.0841,0.807796,12.8789,0.42336,0,0,18.483,0.42336,442.007,0,1.02816,0,0,3.21018,2.18202,1.028160,1,0,76.4401,0,0,0,76.4401,0
61.1734,1.61903,0,0,5.75368,0.269326,0.36288,3.6288,56.9522,0.66528,0,0,0.964068,0.191154,0,0.66528,12.849,1,0.360718,0.36288,0,73.3691,4.14005,69.2313,0.84672,12.849,0.84672,3695.15,0,18.483,0.740912,1.92042,2.25157,10.8822,0.807796,13.5054,0.42336,0,0,18.483,0.42336,442.007,0,1.02816,0,0,2.94858,1.92042,1.028160,1,0,82.7367,0,0,0,82.7367,0
63.6564,1.63705,0,0,4.75569,0.272758,0.36288,3.6288,57.0396,0.66528,0,0,0.989185,0.236517,0,0.66528,12.849,1,0.34385,0.36288,0,74.6142,5.27647,69.3567,0.84672,12.849,0.84672,3695.15,0,18.483,0.740912,1.57557,2.25179,10.8278,1.32411,12.5902,0.42336,0,0,18.483,0.42336,442.007,0,1.02816,0,0,2.60373,1.57557,1.028160,1,0,81.9469,0,0,0,81.9469,0
66.8797,1.64917,0,0,5.50586,0.270431,0.36288,3.6288,57.049,0.66528,0,0,0.915071,0.240416,0,0.66528,12.849,1,0.332885,0.36288,0,75.7261,5.20436,70.5518,0.84672,12.849,0.84672,3695.15,0,18.483,0.740912,1.88848,2.252,9.25741,1.35082,11.3062,0.42336,0,0,18.483,0.42336,442.007,0,1.02816,0,0,2.91664,1.88848,1.028160,1,0,81.8579,0,0,0,81.8579,0
67.4391,1.74347,0,0,2.90012,0.234396,0.36288,3.6288,57.0923,0.66528,0,0,0.926389,0.217764,0,0.66528,12.849,1,0.334957,0.36288,0,86.3257,3.6352,82.7184,0.84672,12.849,0.84672,3695.15,0,18.483,0.785446,2.86673,2.25222,7.23626,0.994808,10.5749,0.42336,0,0,18.483,0.42336,442.007,0,1.02816,0,0,3.89489,2.86673,1.028160,1,0,93.2934,0,0,0,93.2934,0
68.8861,1.78417,0,0,3.8295,0.235433,0.36288,3.6288,57.2383,0.66528,0,0,1.02912,0.217825,0,0.66528,12.849,1,0.339933,0.36288,0,79.2383,3.6352,75.626,0.84672,12.849,0.84672,3695.15,0,18.483,0.740908,3.61744,2.30468,7.12964,0.994808,11.316,0.42336,0,0,18.483,0.42336,442.007,0,1.02816,0,0,4.6456,3.61744,1.028160,1,0,86.9421,0,0,0,86.9421,0
68.8796,1.79115,0,0,2.38558,0.238117,0.36288,3.6288,57.1457,0.66528,0,0,0.790701,0.218032,0,0.66528,12.849,1,0.334094,0.36288,0,61.2696,3.6352,57.6632,0.84672,12.849,0.84672,3695.15,0,18.483,0.740908,2.31751,2.27883,8.83578,0.994808,11.6964,0.42336,0,0,18.483,0.42336,442.007,0,1.02816,0,0,3.34567,2.31751,1.028160,1,0,69.3596,0,0,0,69.3596,0
70.9902,1.79208,0,0,4.51291,0.247286,0.36288,3.6288,57.977,0.66528,0,0,1.67948,0.182876,0,0.66528,12.849,1,0.334301,0.36288,0,110.924,3.39784,107.555,0.84672,12.849,0.84672,3695.15,0,18.483,0.740908,4.48337,2.27905,7.1782,0.938155,12.2616,0.42336,0,0,18.483,0.42336,442.007,0,1.02816,0,0,5.51153,4.48337,1.028160,1,0,119.816,0,0,0,119.816,0
72.0325,2.06066,0,0,3.67775,0.211963,0.36288,3.6288,58.2316,0.66528,0,0,1.12682,0.206938,0,0.66528,12.849,1,0.372972,0.36288,0,99.0446,3.77542,95.2591,0.84672,12.849,0.84672,3695.15,0,18.483,0.908289,3.7108,2.27926,8.08445,1.09686,12.0694,0.42336,0,0,18.483,0.42336,442.007,0,1.02816,0,0,4.73896,3.7108,1.028160,1,0,107.328,0,0,0,107.328,0
72.29,2.20831,0,0,4.44569,0.194953,1.78491,3.6288,58.9079,0.66528,0,0,1.56864,0.227105,0,0.66528,12.849,1,0.393914,1.78491,0,80.4859,3.99766,77.8793,0.84672,12.849,0.84672,3695.15,0,18.483,0.74095,4.34548,2.46616,9.42399,1.17734,14.3173,0.42336,0,0,18.483,0.42336,442.007,0,1.02816,0,0,5.37364,4.34548,1.028160,1,0,92.1966,0,0,0,92.1966,0
72.29,2.21057,0,0,4.65851,0.195335,2.2526,3.6288,59.4948,0.66528,0,0,1.48025,0.228095,0,0.66528,12.849,1,0.392913,2.2526,0,152.06,3.99766,149.922,0.84672,12.849,0.84672,3695.15,0,18.483,0.74095,4.33096,2.36847,9.3839,1.17734,14.165,0.42336,0,0,18.483,0.42336,442.007,0,1.02816,0,0,5.35912,4.33096,1.028160,1,0,164.087,0,0,0,164.087,0
72.29,2.21164,0,0,3.58266,0.200787,1.17023,3.6288,59.4941,0.66528,0,0,0.890721,0.226104,0,0.66528,12.849,1,0.393103,1.17023,0,102.579,3.98836,99.368,0.84672,12.849,0.84672,3695.15,0,18.483,0.74095,3.11625,2.3687,8.13707,1.16004,11.721,0.42336,0,0,18.483,0.42336,442.007,0,1.02816,0,0,4.14441,3.11625,1.028160,1,0,111.089,0,0,0,111.089,0
72.29,1.84163,0,0,4.341,0.299523,2.19984,3.6288,59.7737,0.66528,0,0,1.16202,0.2171,0,0.66528,12.849,1,0.327336,2.19984,0,88.4382,4.40687,85.9038,0.84672,12.849,0.84672,3695.15,0,18.483,0.516099,2.16441,2.36894,7.77609,1.14704,10.6463,0.42336,0,0,18.483,0.42336,442.007,0,1.02816,0,0,3.19257,2.16441,1.028160,1,0,96.5501,0,0,0,96.5501,0
72.29,1.65169,0,0,4.7568,0.295741,2.80936,3.6288,60.4458,0.66528,0,0,1.55599,0.218675,0,0.66528,12.849,1,0.293576,2.80936,0,98.5781,4.14326,96.9506,0.84672,12.849,0.84672,3695.15,0,18.483,0.740894,2.94932,2.11355,8.48724,1.01739,11.7918,0.42336,0,0,18.483,0.42336,442.007,0,1.02816,0,0,3.97748,2.94932,1.028160,1,0,108.742,0,0,0,108.742,0
72.29,1.65262,0,0,5.09399,0.291215,3.15015,3.6288,61.185,0.66528,0,0,1.60354,0.199049,0,0.66528,12.849,1,0.293741,3.15015,0,105.794,3.95871,104.692,0.84672,12.849,0.84672,3695.15,0,18.483,0.740894,2.42222,2.24531,8.11719,0.900633,11.1432,0.42336,0,0,18.483,0.42336,442.007,0,1.02816,0,0,3.45038,2.42222,1.028160,1,0,115.835,0,0,0,115.835,0
72.29,1.65355,0,0,4.52172,0.291012,2.57715,3.6288,61.308,0.66528,0,0,1.46038,0.176492,0.495603,0.66528,12.849,1,0.293906,2.57715,0,92.874,3.7612,91.396,0.84672,12.849,0.84672,3695.15,0,18.483,0.740894,2.36979,2.24552,8.05956,0.805324,11.1286,0.42336,0,0,18.483,0.42336,442.007,0,1.02816,0,0,3.39795,2.36979,1.028160,1,0,103.02,0,0,0,103.02,0
72.29,1.65448,0,0,5.61971,0.292264,3.67296,3.6288,61.308,0.66528,0,0,1.44783,0.182755,0.599795,0.66528,12.849,1,0.294072,3.67296,0,120.115,4.02776,119.466,0.84672,12.849,0.84672,3695.15,0,18.483,0.740894,2.21088,2.24572,8.16247,0.85489,11.0233,0.42336,0,0,18.483,0.42336,442.007,0,1.02816,0,0,3.23904,2.21088,1.028160,1,0,131.089,0,0,0,131.089,0
72.29,1.74894,0,0,5.24153,0.295397,3.19719,3.6288,61.308,0.66528,0,0,1.74657,0.19807,0.883218,0.66528,12.849,1,0.31086,3.19719,0,115.976,4.69413,114.169,0.84672,12.849,0.84672,3695.15,0,18.483,0.79597,3.68528,2.24593,9.22882,0.978805,13.3852,0.42336,0,0,18.483,0.42336,442.007,0,1.02816,0,0,4.71344,3.68528,1.028160,1,0,128.437,0,0,0,128.437,0
72.29,1.79665,0,0,3.81501,0.295397,1.72296,3.6288,61.308,0.66528,0,0,1.38571,0.19807,0.522359,0.66528,12.849,1,0.319342,1.72296,0,82.0247,4.69413,78.7342,0.84672,12.849,0.84672,3695.15,0,18.483,0.740908,2.11635,2.30932,7.12446,0.978805,9.83042,0.42336,0,0,18.483,0.42336,442.007,0,1.02816,0,0,3.14451,2.11635,1.028160,1,0,89.087,0,0,0,89.087,0
72.29,1.79762,0,0,3.23465,0.27885,1.15818,3.6288,61.308,0.66528,0,0,1.10972,0.202866,0.241576,0.66528,12.849,1,0.319513,1.15818,0,68.6811,4.69916,64.8206,0.84672,12.849,0.84672,3695.15,0,18.483,0.740908,1.67314,2.27731,5.58694,0.985338,7.81114,0.42336,0,0,18.483,0.42336,442.007,0,1.02816,0,0,2.7013,1.67314,1.028160,1,0,72.8733,0,0,0,72.8733,0
72.29,1.79859,0,0,2.93607,0.281599,0.855886,3.6288,61.308,0.66528,0,0,0.972061,0.214462,0.0923184,0.66528,12.849,1,0.319685,0.855886,0,62.187,5.0056,57.7176,0.84672,12.849,0.84672,3695.15,0,18.483,0.740908,1.46473,2.27753,5.15257,0.988482,7.16544,0.42336,0,0,18.483,0.42336,442.007,0,1.02816,0,0,2.49289,1.46473,1.028160,1,0,64.9754,0,0,0,64.9754,0
72.29,1.76295,0,0,2.88115,0.216257,0.901941,3.6288,61.308,0.66528,0,0,0.949553,0.220308,0.0639654,0.66528,12.849,1,0.313351,0.901941,0,56.8773,4.473,52.9929,0.84672,12.849,0.84672,3695.15,0,18.483,0.719496,1.94214,2.27774,5.2882,1.04507,7.74351,0.42336,0,0,18.483,0.42336,442.007,0,1.02816,0,0,2.9703,1.94214,1.028160,1,0,60.8004,0,0,0,60.8004,0
72.29,1.74572,0,0,2.33895,0.216257,0.376971,3.6288,61.2637,0.66528,0,0,0.841311,0.220308,0,0.66528,12.849,1,0.310289,0.376971,0,48.4282,4.473,44.0219,0.84672,12.849,0.84672,3695.15,0,18.483,0.740903,1.68389,2.25333,4.54606,1.04507,6.69731,0.42336,0,0,18.483,0.42336,442.007,0,1.02816,0,0,2.71205,1.68389,1.028160,1,0,50.7192,0,0,0,50.7192,0
72.0504,1.74668,0,0,2.08626,0.216257,0.36288,3.6288,61.0926,0.66528,0,0,0.71437,0.220246,0,0.66528,12.849,1,0.310458,0.36288,0,46.1894,4.473,41.7688,0.84672,12.849,0.84672,3695.15,0,18.483,0.740903,0.99068,2.26607,4.27458,1.04507,5.74535,0.42336,0,0,18.483,0.42336,442.007,0,1.02816,0,0,2.01884,0.99068,1.028160,1,0,47.5141,0,0,0,47.5141,0
72.29,1.7035,0,0,2.54085,0.202767,0.395032,3.6288,61.008,0.66528,0,0,0.806789,0.226058,0,0.66528,12.849,1,0.30379,0.395032,0,51.9932,4.55181,47.5326,0.84672,12.849,0.84672,3695.15,0,18.483,0.717696,0.960111,2.26628,4.93019,1.06218,6.3767,0.42336,0,0,18.483,0.42336,442.007,0,1.02816,0,0,1.98827,0.960111,1.028160,1,0,53.9093,0,0,0,53.9093,0
72.0129,1.87295,0,0,2.08216,0.123438,0.36288,3.6288,60.8041,0.66528,0,0,0.72023,0.258913,0,0.66528,12.849,1,0.332903,0.36288,0,43.1122,4.86483,38.2774,0.84672,12.849,0.84672,3695.15,0,18.483,0.816913,1.49137,2.23901,4.5091,1.14318,6.27939,0.42336,0,0,18.483,0.42336,442.007,0,1.02816,0,0,2.51953,1.49137,1.028160,1,0,44.5568,0,0,0,44.5568,0
71.5535,1.93735,0,0,1.96334,0.122449,0.36288,3.6288,60.5717,0.66528,0,0,0.689005,0.256103,0,0.66528,12.849,1,0.345674,0.36288,0,40.8075,4.74495,36.0798,0.84672,12.849,0.84672,3695.15,0,18.483,0.740922,1.21452,2.35288,4.05329,1.12694,5.75282,0.42336,0,0,18.483,0.42336,442.007,0,1.02816,0,0,2.24268,1.21452,1.028160,1,0,41.8326,0,0,0,41.8326,0
70.8975,1.93647,0,0,1.76528,0.122021,0.36288,3.6288,60.2953,0.66528,0,0,0.644605,0.255725,0,0.66528,12.849,1,0.347735,0.36288,0,37.6281,4.74495,32.8983,0.84672,12.849,0.84672,3695.15,0,18.483,0.740922,1.04471,2.30863,3.76154,1.12694,5.24702,0.42336,0,0,18.483,0.42336,442.007,0,1.02816,0,0,2.07287,1.04471,1.028160,1,0,38.1453,0,0,0,38.1453,0
70.1922,1.93474,0,0,1.7138,0.12141,0.36288,3.6288,59.9677,0.66528,0,0,0.592943,0.255276,0,0.66528,12.849,1,0.35064,0.36288,0,35.1766,4.74495,30.4438,0.84672,12.849,0.84672,3695.15,0,18.483,0.740922,0.82842,2.30885,3.45492,1.12694,4.72433,0.42336,0,0,18.483,0.42336,442.007,0,1.02816,0,0,1.85658,0.82842,1.028160,1,0,35.1682,0,0,0,35.1682,0
69.485,1.93276,0,0,1.69703,0.108603,0.36288,3.6288,59.6239,0.66528,0,0,0.582585,0.261104,0,0.66528,12.849,1,0.3538,0.36288,0,32.4587,4.82529,27.6425,0.84672,12.849,0.84672,3695.15,0,18.483,0.740922,0.89195,2.30907,3.45745,1.16312,4.75443,0.42336,0,0,18.483,0.42336,442.007,0,1.02816,0,0,1.92011,0.89195,1.028160,1,0,32.3969,0,0,0,32.3969,0
69.1672,1.90624,0,0,2.05374,0.102456,0.36288,3.6288,59.311,0.66528,0,0,0.612444,0.260047,0,0.66528,12.849,1,0.352497,0.36288,0,34.7289,4.83872,29.9006,0.84672,12.849,0.84672,3695.15,0,18.483,0.782751,1.1637,2.30929,3.61568,1.20568,5.10024,0.42336,0,0,18.483,0.42336,442.007,0,1.02816,0,0,2.19186,1.1637,1.028160,1,0,35.0008,0,0,0,35.0008,0
68.6595,1.94113,0,0,1.89854,0.102204,0.36288,3.6288,58.9783,0.66528,0,0,0.592089,0.259527,0,0.66528,12.849,1,0.360599,0.36288,0,34.5192,4.83872,29.6828,0.84672,12.849,0.84672,3695.15,0,18.483,0.740933,1.12662,2.33639,3.66629,1.20568,5.18269,0.42336,0,0,18.483,0.42336,442.007,0,1.02816,0,0,2.15478,1.12662,1.028160,1,0,34.8655,0,0,0,34.8655,0
67.9785,1.93988,0,0,1.72356,0.1018,0.36288,3.6288,58.6134,0.66528,0,0,0.559348,0.258974,0,0.66528,12.849,1,0.363032,0.36288,0,33.4932,4.83872,28.6544,0.84672,12.849,0.84672,3695.15,0,18.483,0.740933,0.915235,2.31214,3.44626,1.20568,4.72703,0.42336,0,0,18.483,0.42336,442.007,0,1.02816,0,0,1.9434,0.915235,1.028160,1,0,33.3814,0,0,0,33.3814,0
67.1639,1.93782,0,0,1.57819,0.0920506,0.36288,3.6288,58.2005,0.66528,0,0,0.532362,0.279932,0,0.66528,12.849,1,0.366278,0.36288,0,29.5369,5.12101,24.4125,0.84672,12.849,0.84672,3695.15,0,18.483,0.740933,0.835505,2.31236,3.34682,1.30872,4.44504,0.42336,0,0,18.483,0.42336,442.007,0,1.02816,0,0,1.86367,0.835505,1.028160,1,0,28.8575,0,0,0,28.8575,0
66.4166,1.99802,0,0,1.68668,0.0731489,0.36288,3.6288,57.8214,0.66528,0,0,0.601482,0.315359,0,0.66528,12.849,1,0.382237,0.36288,0,33.1333,5.53436,27.5796,0.84672,12.849,0.84672,3695.15,0,18.483,0.778248,0.769824,2.31258,3.36562,1.45788,4.2119,0.42336,0,0,18.483,0.42336,442.007,0,1.02816,0,0,1.79798,0.769824,1.028160,1,0,31.7915,0,0,0,31.7915,0
65.499,2.02669,0,0,1.54545,0.073473,0.36288,3.6288,57.3436,0.66528,0,0,0.499217,0.311662,0,0.66528,12.849,1,0.392085,0.36288,0,26.7054,5.48562,21.1906,0.84672,12.849,0.84672,3695.15,0,18.483,0.740942,0.814389,2.35569,3.1785,1.4398,4.16783,0.42336,0,0,18.483,0.42336,442.007,0,1.02816,0,0,1.84255,0.814389,1.028160,1,0,25.3584,0,0,0,25.3584,0
64.4552,2.02311,0,0,1.4151,0.0729376,0.36288,3.6288,56.83,0.66528,0,0,0.462377,0.3107,0,0.66528,12.849,1,0.396875,0.36288,0,25.3829,5.48562,19.8633,0.84672,12.849,0.84672,3695.15,0,18.483,0.740942,0.546895,2.33408,2.79386,1.4398,3.4941,0.42336,0,0,18.483,0.42336,442.007,0,1.02816,0,0,1.57505,0.546895,1.028160,1,0,23.3574,0,0,0,23.3574,0
63.5056,2.01876,0,0,1.49514,0.0631096,0.36288,3.6288,56.3808,0.66528,0,0,0.530802,0.314698,0,0.66528,12.849,1,0.402435,0.36288,0,24.8949,5.63517,19.2201,0.84672,12.849,0.84672,3695.15,0,18.483,0.740943,0.861909,2.33431,3.69592,1.46968,4.68152,0.42336,0,0,18.483,0.42336,442.007,0,1.02816,0,0,1.89007,0.861909,1.028160,1,0,23.9017,0,0,0,23.9017,0
62.3997,2.19756,0,0,1.51514,0.0605533,0.36288,3.6288,55.99,0.66528,0,0,0.568696,0.294269,0,0.66528,12.849,1,0.444629,0.36288,0,27.1322,5.85577,21.1947,0.84672,12.849,0.84672,3695.15,0,18.483,0.875766,1.05055,2.33454,3.83309,1.49063,4.85179,0.42336,0,0,18.483,0.42336,442.007,0,1.02816,0,0,2.07871,1.05055,1.028160,1,0,26.0465,0,0,0,26.0465,0
61.0079,2.30387,0,0,1.33172,0.0567558,0.36288,3.6288,55.5604,0.66528,0,0,0.555346,0.319686,0,0.66528,12.849,1,0.474401,0.36288,0,29.4297,6.21243,23.1058,0.84672,12.849,0.84672,3695.15,0,18.483,0.740976,1.08423,2.48011,3.63489,1.49088,4.96738,0.42336,0,0,18.483,0.42336,442.007,0,1.02816,0,0,2.11239,1.08423,1.028160,1,0,28.0732,0,0,0,28.0732,0
59.5964,2.29601,0,0,1.30347,0.0561078,0.36288,3.6288,55.0955,0.66528,0,0,0.519237,0.318787,0,0.66528,12.849,1,0.483567,0.36288,0,26.8556,6.21243,20.5225,0.84672,12.849,0.84672,3695.15,0,18.483,0.740976,0.965572,2.40148,3.64831,1.49088,4.7835,0.42336,0,0,18.483,0.42336,442.007,0,1.02816,0,0,1.99373,0.965572,1.028160,1,0,25.306,0,0,0,25.306,0
58.7842,2.28766,0,0,1.89375,0.0554033,0.36288,3.6288,54.7091,0.66528,0,0,0.596627,0.317815,0,0.66528,12.849,1,0.49322,0.36288,0,30.587,6.21243,24.2442,0.84672,12.849,0.84672,3695.15,0,18.483,0.740976,1.31993,2.40172,4.04495,1.49088,5.53475,0.42336,0,0,18.483,0.42336,442.007,0,1.02816,0,0,2.34809,1.31993,1.028160,1,0,29.779,0,0,0,29.779,0
58.5502,2.28313,0,0,2.49708,0.0850519,0.36288,3.6288,54.4977,0.66528,0,0,0.757305,0.303424,0,0.66528,12.849,1,0.499045,0.36288,0,47.0634,5.97001,40.9572,0.84672,12.849,0.84672,3695.15,0,18.483,0.740977,1.48186,2.40197,4.7384,1.44267,6.43857,0.42336,0,0,18.483,0.42336,442.007,0,1.02816,0,0,2.51002,1.48186,1.028160,1,0,47.3958,0,0,0,47.3958,0
58.0446,2.19462,0,0,2.14113,0.0892278,0.36288,3.6288,54.2433,0.66528,0,0,0.681938,0.27099,0,0.66528,12.849,1,0.481615,0.36288,0,30.5027,5.49496,24.889,0.84672,12.849,0.84672,3695.15,0,18.483,0.659041,1.66661,2.40221,5.31116,1.30996,7.41099,0.42336,0,0,18.483,0.42336,442.007,0,1.02816,0,0,2.69477,1.66661,1.028160,1,0,32.3,0,0,0,32.3,0
58.7591,2.12514,0,0,3.2913,0.0887903,0.36288,3.6288,54.4593,0.66528,0,0,1.15181,0.270535,0,0.66528,12.849,1,0.47043,0.36288,0,56.5998,5.49496,50.9973,0.84672,12.849,0.84672,3695.15,0,18.483,0.740956,3.66909,2.31905,10.2678,1.30996,14.205,0.42336,0,0,18.483,0.42336,442.007,0,1.02816,0,0,4.69725,3.66909,1.028160,1,0,65.2023,0,0,0,65.2023,0
58.9167,2.13086,0,0,2.74075,0.0894086,0.36288,3.6288,54.4383,0.66528,0,0,0.915157,0.270921,0,0.66528,12.849,1,0.465961,0.36288,0,83.9868,5.49496,78.3888,0.84672,12.849,0.84672,3695.15,0,18.483,0.740956,2.68172,2.36722,7.22904,1.30996,10.2271,0.42336,0,0,18.483,0.42336,442.007,0,1.02816,0,0,3.70988,2.68172,1.028160,1,0,88.6159,0,0,0,88.6159,0
59.0271,2.13292,0,0,2.80853,0.202304,0.36288,3.6288,54.234,0.66528,0,0,0.693913,0.232909,0,0.66528,12.849,1,0.465163,0.36288,0,52.9537,5.40393,47.4475,0.84672,12.849,0.84672,3695.15,0,18.483,0.740956,1.84143,2.36746,5.19203,1.35082,7.30915,0.42336,0,0,18.483,0.42336,442.007,0,1.02816,0,0,2.86959,1.84143,1.028160,1,0,54.7566,0,0,0,54.7566,0
60.7257,2.0623,0,0,4.34098,0.217214,0.36288,3.6288,54.294,0.66528,0,0,0.924022,0.198808,0,0.66528,12.849,1,0.44892,0.36288,0,61.1139,4.30541,56.7225,0.84672,12.849,0.84672,3695.15,0,18.483,0.666301,2.01707,2.36769,7.86567,1.14099,10.4431,0.42336,0,0,18.483,0.42336,442.007,0,1.02816,0,0,3.04523,2.01707,1.028160,1,0,67.1656,0,0,0,67.1656,0
62.5666,2.01206,0,0,4.44246,0.226638,0.36288,3.6288,54.2224,0.66528,0,0,0.779086,0.185366,0,0.66528,12.849,1,0.425733,0.36288,0,66.7621,3.86599,62.8333,0.84672,12.849,0.84672,3695.15,0,18.483,0.740938,1.72515,2.29374,10.627,1.05706,12.8479,0.42336,0,0,18.483,0.42336,442.007,0,1.02816,0,0,2.75331,1.72515,1.028160,1,0,75.6812,0,0,0,75.6812,0
64.189,2.02346,0,0,4.23884,0.230108,0.36288,3.6288,54.7636,0.66528,0,0,1.39177,0.185279,0,0.66528,12.849,1,0.415548,0.36288,0,80.7028,3.86599,76.7841,0.84672,12.849,0.84672,3695.15,0,18.483,0.740938,2.36091,2.33764,11.809,1.05706,14.7095,0.42336,0,0,18.483,0.42336,442.007,0,1.02816,0,0,3.38907,2.36091,1.028160,1,0,91.4937,0,0,0,91.4937,0
65.8481,2.03322,0,0,4.29331,0.238053,0.36288,3.6288,55.0377,0.66528,0,0,1.12683,0.187416,0,0.66528,12.849,1,0.406999,0.36288,0,61.6276,3.74752,57.8359,0.84672,12.849,0.84672,3695.15,0,18.483,0.740938,2.72574,2.33787,14.6432,1.03186,17.9341,0.42336,0,0,18.483,0.42336,442.007,0,1.02816,0,0,3.7539,2.72574,1.028160,1,0,75.77,0,0,0,75.77,0
69.0086,1.83321,0,0,5.61899,0.262437,0.36288,3.6288,57.128,0.66528,0,0,2.94737,0.191842,0,0.66528,12.849,1,0.357716,0.36288,0,129.093,3.63304,125.465,0.84672,12.849,0.84672,3695.15,0,18.483,0.585297,3.95197,2.3381,20.4012,0.973798,25.1322,0.42336,0,0,18.483,0.42336,442.007,0,1.02816,0,0,4.98013,3.95197,1.028160,1,0,150.597,0,0,0,150.597,0
72.29,1.71678,0,0,8.46495,0.257401,3.20938,3.6288,59.9058,0.66528,0,0,3.63114,0.188033,0,0.66528,12.849,1,0.319655,3.20938,0,249.261,4.42817,247.723,0.84672,12.849,0.84672,3695.15,0,18.483,0.740899,4.07615,2.17113,21.1176,1.09797,25.526,0.42336,0,0,18.483,0.42336,442.007,0,1.02816,0,0,5.10431,4.07615,1.028160,1,0,273.249,0,0,0,273.249,0
72.29,1.73005,0,0,8.27055,0.263973,6.27653,3.6288,61.308,0.66528,0,0,3.98571,0.191425,1.72681,0.66528,12.849,1,0.307503,6.27653,0,145.556,4.42817,147.097,0.84672,12.849,0.84672,3695.15,0,18.483,0.740899,5.04677,2.2624,23.795,1.09797,29.2653,0.42336,0,0,18.483,0.42336,442.007,0,1.02816,0,0,6.07493,5.04677,1.028160,1,0,178.089,0,0,0,178.089,0
72.29,1.73099,0,0,9.77409,0.260955,7.78214,3.6288,61.308,0.66528,0,0,7.95264,0.210151,7.07721,0.66528,12.849,1,0.307671,7.78214,0,98.852,4.33348,101.993,0.84672,12.849,0.84672,3695.15,0,18.483,0.740899,5.63408,2.26261,26.2787,1.16861,32.2659,0.42336,0,0,18.483,0.42336,442.007,0,1.02816,0,0,6.66224,5.63408,1.028160,1,0,141.336,0,0,0,141.336,0
72.29,1.73194,0,0,6.04181,0.30349,4.00638,3.6288,61.308,0.66528,0,0,3.37406,0.243344,2.46543,0.66528,12.849,1,0.307839,4.00638,0,152.345,4.48266,151.561,0.84672,12.849,0.84672,3695.15,0,18.483,0.740899,3.40184,2.26282,17.4548,1.33691,21.0416,0.42336,0,0,18.483,0.42336,442.007,0,1.02816,0,0,4.43,3.40184,1.028160,1,0,175.068,0,0,0,175.068,0
72.29,1.81478,0,0,3.93028,0.297552,1.81795,3.6288,61.308,0.66528,0,0,1.64785,0.165174,0.817393,0.66528,12.849,1,0.322564,1.81795,0,132.78,3.85948,130.416,0.84672,12.849,0.84672,3695.15,0,18.483,0.786014,1.95185,2.26302,10.4501,0.890727,12.9882,0.42336,0,0,18.483,0.42336,442.007,0,1.02816,0,0,2.98001,1.95185,1.028160,1,0,144.222,0,0,0,144.222,0
72.29,1.85403,0,0,14.9341,0.301521,12.7785,3.6288,61.308,0.66528,0,0,7.27895,0.213383,6.40029,0.66528,12.849,1,0.329539,12.7785,0,300.256,4.58209,308.123,0.84672,12.849,0.84672,3695.15,0,18.483,0.740895,7.67392,2.31617,38.9535,1.17573,47.027,0.42336,0,0,18.483,0.42336,442.007,0,1.02816,0,0,8.70208,7.67392,1.028160,1,0,361.551,0,0,0,361.551,0
72.29,1.85496,0,0,17.1967,0.301521,15.0402,3.6288,61.308,0.66528,0,0,13.2195,0.213383,12.3409,0.66528,12.849,1,0.329705,15.0402,0,455.852,4.58209,465.98,0.84672,12.849,0.84672,3695.15,0,18.483,0.740895,12.307,2.28997,48.0924,1.17573,60.7727,0.42336,0,0,18.483,0.42336,442.007,0,1.02816,0,0,13.3351,12.307,1.028160,1,0,539.094,0,0,0,539.094,0
72.29,1.85589,0,0,9.39004,0.301521,7.23263,3.6288,61.308,0.66528,0,0,8.92298,0.213383,8.04431,0.66528,12.849,1,0.329871,7.23263,0,310.777,4.58209,313.098,0.84672,12.849,0.84672,3695.15,0,18.483,0.740895,7.01982,2.29017,31.2776,1.17573,38.6709,0.42336,0,0,18.483,0.42336,442.007,0,1.02816,0,0,8.04798,7.01982,1.028160,1,0,359.813,0,0,0,359.813,0
72.29,2.12011,0,0,11.4026,0.334559,8.94797,3.6288,61.308,0.66528,0,0,7.99305,0.161475,7.16629,0.66528,12.849,1,0.376834,8.94797,0,302.191,3.66613,307.096,0.84672,12.849,0.84672,3695.15,0,18.483,0.910452,7.50305,2.29038,38.3979,0.9757,46.3052,0.42336,0,0,18.483,0.42336,442.007,0,1.02816,0,0,8.53121,7.50305,1.028160,1,0,360.567,0,0,0,360.567,0
72.29,2.26508,0,0,6.67612,0.336715,4.07433,3.6288,61.308,0.66528,0,0,7.04649,0.160706,6.2205,0.66528,12.849,1,0.4026,4.07433,0,205.893,3.31947,206.245,0.84672,12.849,0.84672,3695.15,0,18.483,0.740935,4.96558,2.47969,23.2897,0.926638,29.0674,0.42336,0,0,18.483,0.42336,442.007,0,1.02816,0,0,5.99374,4.96558,1.028160,1,0,241.533,0,0,0,241.533,0
72.29,2.26611,0,0,5.09902,0.336715,2.4962,3.6288,61.308,0.66528,0,0,5.60091,0.160706,4.77493,0.66528,12.849,1,0.402783,2.4962,0,140.987,3.31947,139.761,0.84672,12.849,0.84672,3695.15,0,18.483,0.740935,3.85488,2.38072,17.9475,0.926638,22.5156,0.42336,0,0,18.483,0.42336,442.007,0,1.02816,0,0,4.88304,3.85488,1.028160,1,0,167.051,0,0,0,167.051,0
72.29,2.26714,0,0,4.58206,0.340493,1.97443,3.6288,61.308,0.66528,0,0,5.71585,0.13882,4.91175,0.66528,12.849,1,0.402966,1.97443,0,125.857,2.94139,124.487,0.84672,12.849,0.84672,3695.15,0,18.483,0.740935,4.67047,2.38095,17.9294,0.818229,23.4216,0.42336,0,0,18.483,0.42336,442.007,0,1.02816,0,0,5.69863,4.67047,1.028160,1,0,152.821,0,0,0,152.821,0
72.29,1.89228,0,0,5.85567,0.338068,3.62533,3.6288,61.308,0.66528,0,0,4.87689,0.143377,4.06823,0.66528,12.849,1,0.336338,3.62533,0,116.1,3.16257,116.226,0.84672,12.849,0.84672,3695.15,0,18.483,0.513171,5.78577,2.38118,18.1019,0.841344,24.9144,0.42336,0,0,18.483,0.42336,442.007,0,1.02816,0,0,6.81393,5.78577,1.028160,1,0,145.209,0,0,0,145.209,0
72.29,1.69983,0,0,5.38845,0.360819,3.3278,3.6288,61.308,0.66528,0,0,3.32627,0.136176,2.52481,0.66528,12.849,1,0.302132,3.3278,0,140.96,3.30477,140.681,0.84672,12.849,0.84672,3695.15,0,18.483,0.740881,4.48014,2.12247,14.5271,0.899658,19.4892,0.42336,0,0,18.483,0.42336,442.007,0,1.02816,0,0,5.5083,4.48014,1.028160,1,0,162.695,0,0,0,162.695,0
72.29,1.70073,0,0,3.65095,0.34949,1.60074,3.6288,61.308,0.66528,0,0,2.29854,0.13016,1.5031,0.66528,12.849,1,0.302291,1.60074,0,113.712,3.21757,111.793,0.84672,12.849,0.84672,3695.15,0,18.483,0.740881,3.53228,2.25592,13.1188,0.887133,17.279,0.42336,0,0,18.483,0.42336,442.007,0,1.02816,0,0,4.56044,3.53228,1.028160,1,0,130.575,0,0,0,130.575,0
72.29,1.70162,0,0,4.96335,0.281521,2.98021,3.6288,61.308,0.66528,0,0,2.73983,0.0940618,1.98049,0.66528,12.849,1,0.30245,2.98021,0,116.331,2.6944,116.314,0.84672,12.849,0.84672,3695.15,0,18.483,0.740881,4.37954,2.25612,14.0606,0.81198,19.1434,0.42336,0,0,18.483,0.42336,442.007,0,1.02816,0,0,5.4077,4.37954,1.028160,1,0,137.438,0,0,0,137.438,0
72.29,1.70252,0,0,5.35477,0.282273,3.36998,3.6288,61.308,0.66528,0,0,3.47185,0.104297,2.70228,0.66528,12.849,1,0.302609,3.36998,0,147.922,2.80906,148.18,0.84672,12.849,0.84672,3695.15,0,18.483,0.740882,4.89142,2.25632,14.6926,0.843172,20.2563,0.42336,0,0,18.483,0.42336,442.007,0,1.02816,0,0,5.91958,4.89142,1.028160,1,0,171.139,0,0,0,171.139,0
72.29,1.79814,0,0,6.98235,0.286785,4.89742,3.6288,61.308,0.66528,0,0,4.15797,0.165709,3.32699,0.66528,12.849,1,0.319606,4.89742,0,191.271,3.49702,192.352,0.84672,12.849,0.84672,3695.15,0,18.483,0.796668,6.37028,2.25652,31.2519,1.03032,38.0517,0.42336,0,0,18.483,0.42336,442.007,0,1.02816,0,0,7.39844,6.37028,1.028160,1,0,233.731,0,0,0,233.731,0
72.29,1.84643,0,0,5.8063,0.286785,3.67308,3.6288,61.308,0.66528,0,0,3.59907,0.165709,2.76808,0.66528,12.849,1,0.328189,3.67308,0,171.238,3.49702,171.086,0.84672,12.849,0.84672,3695.15,0,18.483,0.740895,5.24725,2.32072,22.1689,1.03032,27.9657,0.42336,0,0,18.483,0.42336,442.007,0,1.02816,0,0,6.27541,5.24725,1.028160,1,0,201.82,0,0,0,201.82,0
72.29,1.84736,0,0,5.32995,0.264151,3.21844,3.6288,61.308,0.66528,0,0,2.65581,0.163211,1.82731,0.66528,12.849,1,0.328354,3.21844,0,131.688,3.6453,130.933,0.84672,12.849,0.84672,3695.15,0,18.483,0.740895,4.01244,2.28829,15.7837,1.03996,20.3036,0.42336,0,0,18.483,0.42336,442.007,0,1.02816,0,0,5.0406,4.01244,1.028160,1,0,153.064,0,0,0,153.064,0
72.29,1.84829,0,0,4.25425,0.233973,2.17199,3.6288,61.308,0.66528,0,0,2.16518,0.159882,1.34001,0.66528,12.849,1,0.328519,2.17199,0,125.029,3.843,123.029,0.84672,12.849,0.84672,3695.15,0,18.483,0.740895,2.68809,2.2885,12.6179,1.05282,15.8007,0.42336,0,0,18.483,0.42336,442.007,0,1.02816,0,0,3.71625,2.68809,1.028160,1,0,140.17,0,0,0,140.17,0
72.29,1.81214,0,0,4.55024,0.201344,2.53675,3.6288,61.308,0.66528,0,0,4.07663,0.206552,3.2048,0.66528,12.849,1,0.322095,2.53675,0,96.0587,4.13325,94.1401,0.84672,12.849,0.84672,3695.15,0,18.483,0.719208,4.08608,2.2887,19.1341,1.06549,23.7241,0.42336,0,0,18.483,0.42336,442.007,0,1.02816,0,0,5.11424,4.08608,1.028160,1,0,121.069,0,0,0,121.069,0
72.29,1.79465,0,0,4.96744,0.195906,2.97688,3.6288,61.308,0.66528,0,0,2.9101,0.214331,2.03049,0.66528,12.849,1,0.318986,2.97688,0,117.678,4.18162,116.154,0.84672,12.849,0.84672,3695.15,0,18.483,0.74089,3.06156,2.26397,13.3392,1.0676,16.8562,0.42336,0,0,18.483,0.42336,442.007,0,1.02816,0,0,4.08972,3.06156,1.028160,1,0,135.041,0,0,0,135.041,0
72.29,1.79557,0,0,3.7857,0.195906,1.79423,3.6288,61.308,0.66528,0,0,2.22753,0.214331,1.34792,0.66528,12.849,1,0.319149,1.79423,0,87.8368,4.18162,85.1303,0.84672,12.849,0.84672,3695.15,0,18.483,0.74089,3.0165,2.27686,12.8487,1.0676,16.3336,0.42336,0,0,18.483,0.42336,442.007,0,1.02816,0,0,4.04466,3.0165,1.028160,1,0,102.812,0,0,0,102.812,0
72.29,1.79649,0,0,3.57419,0.195906,1.58179,3.6288,61.308,0.66528,0,0,1.82617,0.214331,0.946557,0.66528,12.849,1,0.319312,1.58179,0,64.9097,4.18162,61.9906,0.84672,12.849,0.84672,3695.15,0,18.483,0.74089,2.08803,2.27706,10.9641,1.0676,13.5207,0.42336,0,0,18.483,0.42336,442.007,0,1.02816,0,0,3.11619,2.08803,1.028160,1,0,76.4578,0,0,0,76.4578,0
72.29,1.92337,0,0,3.40402,0.149728,1.33093,3.6288,61.308,0.66528,0,0,1.92798,0.220673,1.04203,0.66528,12.849,1,0.341864,1.33093,0,68.0978,4.61314,64.4737,0.84672,12.849,0.84672,3695.15,0,18.483,0.817872,1.95782,2.27726,11.5378,1.12411,13.8309,0.42336,0,0,18.483,0.42336,442.007,0,1.02816,0,0,2.98598,1.95782,1.028160,1,0,79.3466,0,0,0,79.3466,0
72.29,1.98968,0,0,3.63983,0.139605,1.51055,3.6288,61.308,0.66528,0,0,2.20767,0.217475,1.32491,0.66528,12.849,1,0.35365,1.51055,0,75.5387,4.95464,71.7409,0.84672,12.849,0.84672,3695.15,0,18.483,0.740909,2.06971,2.36474,12.6443,1.11648,15.2214,0.42336,0,0,18.483,0.42336,442.007,0,1.02816,0,0,3.09787,2.06971,1.028160,1,0,88.2872,0,0,0,88.2872,0
72.29,1.99064,0,0,3.47749,0.139605,1.34724,3.6288,61.308,0.66528,0,0,2.21631,0.217475,1.33355,0.66528,12.849,1,0.353821,1.34724,0,72.1786,4.95464,68.2173,0.84672,12.849,0.84672,3695.15,0,18.483,0.740908,2.3453,2.31992,12.0419,1.11648,14.8497,0.42336,0,0,18.483,0.42336,442.007,0,1.02816,0,0,3.37346,2.3453,1.028160,1,0,84.4006,0,0,0,84.4006,0
72.29,1.99161,0,0,3.21671,0.174025,1.05108,3.6288,61.308,0.66528,0,0,2.09112,0.208257,1.21759,0.66528,12.849,1,0.353993,1.05108,0,67.1527,4.36233,63.4874,0.84672,12.849,0.84672,3695.15,0,18.483,0.740909,2.22822,2.32013,10.9525,1.13933,13.6206,0.42336,0,0,18.483,0.42336,442.007,0,1.02816,0,0,3.25638,2.22822,1.028160,1,0,78.3256,0,0,0,78.3256,0
72.29,1.99257,0,0,3.06335,0.0950832,0.975695,3.6288,61.308,0.66528,0,0,2.07837,0.246816,1.16627,0.66528,12.849,1,0.354164,0.975695,0,61.9741,4.73268,57.863,0.84672,12.849,0.84672,3695.15,0,18.483,0.740909,2.22809,2.32034,11.0426,1.23362,13.6165,0.42336,0,0,18.483,0.42336,442.007,0,1.02816,0,0,3.25625,2.22809,1.028160,1,0,72.6458,0,0,0,72.6458,0
72.29,1.96859,0,0,2.64455,0.0880408,0.587915,3.6288,61.308,0.66528,0,0,1.64164,0.303834,0.672529,0.66528,12.849,1,0.349902,0.587915,0,52.1101,5.60847,46.7396,0.84672,12.849,0.84672,3695.15,0,18.483,0.783269,1.49759,2.32056,8.53304,1.39948,10.1684,0.42336,0,0,18.483,0.42336,442.007,0,1.02816,0,0,2.52575,1.49759,1.028160,1,0,57.5806,0,0,0,57.5806,0
72.2407,2.00552,0,0,2.4071,0.0880408,0.36288,3.6288,61.308,0.66528,0,0,1.5749,0.303834,0.605785,0.66528,12.849,1,0.356466,0.36288,0,47.0418,5.60847,41.4397,0.84672,12.849,0.84672,3695.15,0,18.483,0.740919,1.32011,2.34799,7.73505,1.39948,9.26274,0.42336,0,0,18.483,0.42336,442.007,0,1.02816,0,0,2.34827,1.32011,1.028160,1,0,51.3082,0,0,0,51.3082,0
72.0234,2.00628,0,0,2.23991,0.0880078,0.36288,3.6288,61.308,0.66528,0,0,1.46686,0.303834,0.497742,0.66528,12.849,1,0.356844,0.36288,0,42.8023,5.60847,37.1999,0.84672,12.849,0.84672,3695.15,0,18.483,0.740919,1.1007,2.32342,7.57711,1.39948,8.86083,0.42336,0,0,18.483,0.42336,442.007,0,1.02816,0,0,2.12886,1.1007,1.028160,1,0,46.5584,0,0,0,46.5584,0
71.747,2.00633,0,0,2.18067,0.0878627,0.36288,3.6288,61.308,0.66528,0,0,1.39652,0.303834,0.427403,0.66528,12.849,1,0.35793,0.36288,0,38.3008,5.60847,32.6973,0.84672,12.849,0.84672,3695.15,0,18.483,0.740919,0.940974,2.32363,7.49866,1.39948,8.62286,0.42336,0,0,18.483,0.42336,442.007,0,1.02816,0,0,1.96913,0.940974,1.028160,1,0,41.7475,0,0,0,41.7475,0
71.109,2.07052,0,0,1.89517,0.0997609,0.36288,3.6288,61.308,0.66528,0,0,1.31484,0.274304,0.375251,0.66528,12.849,1,0.370805,0.36288,0,34.8803,4.78535,30.087,0.84672,12.849,0.84672,3695.15,0,18.483,0.778708,1.04452,2.32385,7.34244,1.18379,8.74831,0.42336,0,0,18.483,0.42336,442.007,0,1.02816,0,0,2.07268,1.04452,1.028160,1,0,39.2106,0,0,0,39.2106,0
70.3102,2.10069,0,0,1.74658,0.0817911,0.36288,3.6288,61.308,0.66528,0,0,1.31828,0.323122,0.32988,0.66528,12.849,1,0.379583,0.36288,0,31.5431,5.48664,26.0397,0.84672,12.849,0.84672,3695.15,0,18.483,0.740928,0.698458,2.36749,6.57276,1.39495,7.50283,0.42336,0,0,18.483,0.42336,442.007,0,1.02816,0,0,1.72662,0.698458,1.028160,1,0,33.8724,0,0,0,33.8724,0
69.437,2.09803,0,0,1.6645,0.0768589,0.36288,3.6288,61.308,0.66528,0,0,1.16341,0.342183,0.155947,0.66528,12.849,1,0.383409,0.36288,0,30.1101,5.84913,24.2405,0.84672,12.849,0.84672,3695.15,0,18.483,0.740928,1.06284,2.3456,5.61666,1.50561,6.77856,0.42336,0,0,18.483,0.42336,442.007,0,1.02816,0,0,2.091,1.06284,1.028160,1,0,31.175,0,0,0,31.175,0
68.8198,2.09494,0,0,1.91698,0.0763419,0.36288,3.6288,61.308,0.66528,0,0,1.43869,0.342183,0.431226,0.66528,12.849,1,0.38766,0.36288,0,34.7476,5.84913,28.8737,0.84672,12.849,0.84672,3695.15,0,18.483,0.740928,0.926692,2.34581,6.6409,1.50561,7.66687,0.42336,0,0,18.483,0.42336,442.007,0,1.02816,0,0,1.95485,0.926692,1.028160,1,0,36.9718,0,0,0,36.9718,0
67.6468,2.28054,0,0,1.55122,0.080768,0.36288,3.6288,61.308,0.66528,0,0,1.11403,0.334558,0.114195,0.66528,12.849,1,0.425788,0.36288,0,31.4598,5.70855,25.6883,0.84672,12.849,0.84672,3695.15,0,18.483,0.877455,0.743472,2.34603,5.83324,1.49052,6.55476,0.42336,0,0,18.483,0.42336,442.007,0,1.02816,0,0,1.77163,0.743472,1.028160,1,0,32.3573,0,0,0,32.3573,0
65.9107,2.39009,0,0,1.10872,0.0918993,0.36288,3.6288,61.2705,0.66528,0,0,0.943281,0.315494,0,0.66528,12.849,1,0.45398,0.36288,0,21.8976,5.3571,16.4494,0.84672,12.849,0.84672,3695.15,0,18.483,0.740961,0.650955,2.49344,5.05068,1.45282,6.00129,0.42336,0,0,18.483,0.42336,442.007,0,1.02816,0,0,1.67911,0.650955,1.028160,1,0,22.4507,0,0,0,22.4507,0
64.2565,2.38113,0,0,1.18048,0.0906445,0.36288,3.6288,61.2254,0.66528,0,0,0.935574,0.31542,0,0.66528,12.849,1,0.464192,0.36288,0,20.4553,5.3571,14.9969,0.84672,12.849,0.84672,3695.15,0,18.483,0.740961,0.625026,2.4138,5.32317,1.45282,6.16822,0.42336,0,0,18.483,0.42336,442.007,0,1.02816,0,0,1.65319,0.625026,1.028160,1,0,21.1651,0,0,0,21.1651,0
63.1942,2.37222,0,0,1.77184,0.0990091,0.36288,3.6288,61.308,0.66528,0,0,1.114,0.313185,0.0529134,0.66528,12.849,1,0.474359,0.36288,0,30.2059,5.29773,24.7967,0.84672,12.849,0.84672,3695.15,0,18.483,0.740961,0.951687,2.41403,5.65701,1.44553,6.83623,0.42336,0,0,18.483,0.42336,442.007,0,1.02816,0,0,1.97985,0.951687,1.028160,1,0,31.6858,0,0,0,31.6858,0
62.8469,2.36663,0,0,2.49491,0.112687,0.36288,3.6288,61.308,0.66528,0,0,1.42985,0.304248,0.460323,0.66528,12.849,1,0.481197,0.36288,0,39.4264,5.30206,34.006,0.84672,12.849,0.84672,3695.15,0,18.483,0.740961,1.04563,2.41427,6.22848,1.42527,7.52215,0.42336,0,0,18.483,0.42336,442.007,0,1.02816,0,0,2.07379,1.04563,1.028160,1,0,41.9885,0,0,0,41.9885,0
62.3623,2.2753,0,0,2.21978,0.0662125,0.36288,3.6288,61.308,0.66528,0,0,1.2349,0.268378,0.30124,0.66528,12.849,1,0.465184,0.36288,0,25.7065,5.5796,20.0246,0.84672,12.849,0.84672,3695.15,0,18.483,0.657996,1.13073,2.4145,6.24598,1.43105,7.70216,0.42336,0,0,18.483,0.42336,442.007,0,1.02816,0,0,2.15889,1.13073,1.028160,1,0,28.028,0,0,0,28.028,0
61.1413,2.20453,0,0,1.41233,0.0659502,0.36288,3.6288,61.2428,0.66528,0,0,0.868467,0.268378,0,0.66528,12.849,1,0.454217,0.36288,0,39.2357,5.5796,33.5648,0.84672,12.849,0.84672,3695.15,0,18.483,0.740941,0.708843,2.33029,4.28227,1.43105,5.1494,0.42336,0,0,18.483,0.42336,442.007,0,1.02816,0,0,1.737,0.708843,1.028160,1,0,38.7142,0,0,0,38.7142,0
59.6731,2.19803,0,0,1.15805,0.0652894,0.36288,3.6288,61.0553,0.712325,0,0,0.793057,0.268267,0,0.66528,12.849,1,0.461923,0.36288,0,22.7619,5.5796,17.0833,0.84672,12.849,0.84672,3695.15,0,18.483,0.740941,0.216518,2.37905,3.06012,1.43105,3.4837,0.42336,0,0,18.483,0.42336,442.007,0,0.981115,0,0,1.19763,0.216518,1.028160,1,0,20.567,0,0,0,20.567,0
59.8356,2.18968,0,0,2.84922,0.13418,0.36288,3.6288,61.308,0.66528,0,0,1.26143,0.273858,0.0695675,0.66528,12.849,1,0.471488,0.36288,0,30.305,5.11639,25.08,0.84672,12.849,0.84672,3695.15,0,18.483,0.740941,1.66423,2.37928,7.95956,1.33149,9.93063,0.42336,0,0,18.483,0.42336,442.007,0,1.02816,0,0,2.69239,1.66423,1.028160,1,0,35.0802,0,0,0,35.0802,0
59.0788,2.11828,0,0,1.89048,0.166115,0.36288,3.6288,61.308,0.66528,0,0,1.01206,0.263072,0.0837096,0.66528,12.849,1,0.454875,0.36288,0,31.0298,4.73142,26.2064,0.84672,12.849,0.84672,3695.15,0,18.483,0.665351,0.652838,2.37951,5.19482,1.14511,6.4167,0.42336,0,0,18.483,0.42336,442.007,0,1.02816,0,0,1.681,0.652838,1.028160,1,0,32.7068,0,0,0,32.7068,0
57.8282,2.05238,0,0,1.32539,0.160739,0.36288,3.6288,61.1209,0.66528,0,0,0.722402,0.244185,0,0.66528,12.849,1,0.44637,0.36288,0,22.2466,4.59008,17.5731,0.84672,12.849,0.84672,3695.15,0,18.483,0.740923,0.949087,2.30461,5.58833,1.05735,7.04375,0.42336,0,0,18.483,0.42336,442.007,0,1.02816,0,0,1.97725,0.949087,1.028160,1,0,24.6168,0,0,0,24.6168,0
58.7983,2.04544,0,0,3.53717,0.158799,0.36288,3.6288,61.308,0.66528,0,0,1.7691,0.243896,0.672861,0.66528,12.849,1,0.454481,0.36288,0,65.381,4.59008,60.6993,0.84672,12.849,0.84672,3695.15,0,18.483,0.740924,2.67128,2.34905,10.5506,1.05735,13.7726,0.42336,0,0,18.483,0.42336,442.007,0,1.02816,0,0,3.69944,2.67128,1.028160,1,0,75.1448,0,0,0,75.1448,0
58.2386,2.05255,0,0,2.05767,0.201953,0.36288,3.6288,61.308,0.66528,0,0,1.07749,0.212237,0.199969,0.66528,12.849,1,0.448537,0.36288,0,36.4509,4.11454,32.2507,0.84672,12.849,0.84672,3695.15,0,18.483,0.740924,0.670473,2.34927,6.36018,0.892517,7.74649,0.42336,0,0,18.483,0.42336,442.007,0,1.02816,0,0,1.69863,0.670473,1.028160,1,0,40.1971,0,0,0,40.1971,0
58.2907,1.84219,0,0,2.45102,0.193812,0.36288,3.6288,61.308,0.66528,0,0,1.20457,0.216672,0.32262,0.66528,12.849,1,0.406436,0.36288,0,39.2195,4.23829,34.9376,0.84672,12.849,0.84672,3695.15,0,18.483,0.583342,0.908712,2.34949,8.00215,0.871572,9.80544,0.42336,0,0,18.483,0.42336,442.007,0,1.02816,0,0,1.93687,0.908712,1.028160,1,0,45.0657,0,0,0,45.0657,0
59.7415,1.71427,0,0,3.77732,0.249366,0.36288,3.6288,61.308,0.66528,0,0,2.45107,0.196383,1.58941,0.66528,12.849,1,0.377876,0.36288,0,68.9933,4.04512,64.9332,0.84672,12.849,0.84672,3695.15,0,18.483,0.740886,3.08076,2.18043,13.7703,1.02339,17.2673,0.42336,0,0,18.483,0.42336,442.007,0,1.02816,0,0,4.10892,3.08076,1.028160,1,0,83.7899,0,0,0,83.7899,0
61.1082,1.72271,0,0,3.70519,0.252883,0.36288,3.6288,61.308,0.66528,0,0,2.30031,0.196383,1.43865,0.66528,12.849,1,0.370514,0.36288,0,74.4142,4.04512,70.3614,0.84672,12.849,0.84672,3695.15,0,18.483,0.740886,2.27222,2.27283,11.7719,1.02339,14.5527,0.42336,0,0,18.483,0.42336,442.007,0,1.02816,0,0,3.30038,2.27222,1.028160,1,0,86.3527,0,0,0,86.3527,0
62.5496,1.73044,0,0,3.79066,0.255955,0.36288,3.6288,61.308,0.66528,0,0,2.17996,0.196383,1.3183,0.66528,12.849,1,0.363853,0.36288,0,78.7677,4.04512,74.7216,0.84672,12.849,0.84672,3695.15,0,18.483,0.740887,2.06487,2.27303,12.0662,1.02339,14.6398,0.42336,0,0,18.483,0.42336,442.007,0,1.02816,0,0,3.09303,2.06487,1.028160,1,0,90.6797,0,0,0,90.6797,0
64.4434,1.73829,0,0,4.26708,0.272149,0.36288,3.6288,61.308,0.66528,0,0,2.4938,0.147224,1.68129,0.66528,12.849,1,0.35708,0.36288,0,65.0806,3.33889,61.7475,0.84672,12.849,0.84672,3695.15,0,18.483,0.740887,2.09557,2.27323,13.614,0.662766,16.5791,0.42336,0,0,18.483,0.42336,442.007,0,1.02816,0,0,3.12373,2.09557,1.028160,1,0,80.0079,0,0,0,80.0079,0
66.4809,1.82935,0,0,4.46748,0.237779,0.36288,3.6288,61.308,0.66528,0,0,2.46255,0.232321,1.56495,0.66528,12.849,1,0.364743,0.36288,0,72.1465,4.27113,67.8735,0.84672,12.849,0.84672,3695.15,0,18.483,0.786561,2.7598,2.27343,11.4598,1.07244,14.634,0.42336,0,0,18.483,0.42336,442.007,0,1.02816,0,0,3.78796,2.7598,1.028160,1,0,84.0724,0,0,0,84.0724,0
69.0044,1.87788,0,0,4.99912,0.234773,0.36288,3.6288,61.308,0.66528,0,0,2.25319,0.24787,1.34004,0.66528,12.849,1,0.362945,0.36288,0,94.6676,4.44612,90.2214,0.84672,12.849,0.84672,3695.15,0,18.483,0.740881,2.61822,2.32722,9.35824,1.15074,12.4121,0.42336,0,0,18.483,0.42336,442.007,0,1.02816,0,0,3.64638,2.61822,1.028160,1,0,103.974,0,0,0,103.974,0
70.6418,1.88996,0,0,4.1297,0.239476,0.36288,3.6288,61.308,0.66528,0,0,2.0111,0.24787,1.09795,0.66528,12.849,1,0.351921,0.36288,0,74.4256,4.44612,69.9904,0.84672,12.849,0.84672,3695.15,0,18.483,0.740881,2.1782,2.30069,9.19728,1.15074,11.7846,0.42336,0,0,18.483,0.42336,442.007,0,1.02816,0,0,3.20636,2.1782,1.028160,1,0,82.8729,0,0,0,82.8729,0
71.4434,1.89775,0,0,3.30978,0.247622,0.36288,3.6288,61.308,0.66528,0,0,1.51955,0.231049,0.623223,0.66528,12.849,1,0.345181,0.36288,0,55.7264,4.24564,51.4985,0.84672,12.849,0.84672,3695.15,0,18.483,0.740881,1.30531,2.30088,7.31134,1.07338,9.10327,0.42336,0,0,18.483,0.42336,442.007,0,1.02816,0,0,2.33347,1.30531,1.028160,1,0,61.225,0,0,0,61.225,0
71.2588,2.168,0,0,2.62023,0.27392,0.36288,3.6288,61.308,0.66528,0,0,1.25366,0.213494,0.37489,0.66528,12.849,1,0.389911,0.36288,0,48.432,3.97898,44.426,0.84672,12.849,0.84672,3695.15,0,18.483,0.912534,0.689913,2.30108,8.02713,0.958497,9.14709,0.42336,0,0,18.483,0.42336,442.007,0,1.02816,0,0,1.71807,0.689913,1.028160,1,0,53.948,0,0,0,53.948,0
72.29,2.31352,0,0,4.95342,0.297418,1.31126,3.6288,61.308,0.66528,0,0,2.46098,0.219992,1.57571,0.66528,12.849,1,0.417162,1.31126,0,84.0243,3.97981,80.9386,0.84672,12.849,0.84672,3695.15,0,18.483,0.74092,2.33855,2.49273,9.95509,0.942832,13.1026,0.42336,0,0,18.483,0.42336,442.007,0,1.02816,0,0,3.36671,2.33855,1.028160,1,0,95.617,0,0,0,95.617,0
72.29,2.31957,0,0,4.4458,0.299764,1.82647,3.6288,61.308,0.66528,0,0,1.58577,0.219992,0.700497,0.66528,12.849,1,0.412285,1.82647,0,81.4161,3.97981,78.8505,0.84672,12.849,0.84672,3695.15,0,18.483,0.74092,1.72909,2.39252,8.85254,0.942832,11.2904,0.42336,0,0,18.483,0.42336,442.007,0,1.02816,0,0,2.75725,1.72909,1.028160,1,0,90.8414,0,0,0,90.8414,0
71.8526,2.32056,0,0,2.52774,0.281676,0.36288,3.6288,61.308,0.66528,0,0,1.08011,0.226171,0.188661,0.66528,12.849,1,0.412461,0.36288,0,45.4176,3.94233,41.4257,0.84672,12.849,0.84672,3695.15,0,18.483,0.74092,0.67182,2.39274,5.52364,0.917727,6.92955,0.42336,0,0,18.483,0.42336,442.007,0,1.02816,0,0,1.69998,0.67182,1.028160,1,0,48.5439,0,0,0,48.5439,0
72.29,1.93925,0,0,4.72567,0.272806,2.07625,3.6288,61.308,0.66528,0,0,1.92502,0.22995,1.02979,0.66528,12.849,1,0.346785,2.07625,0,114.485,3.85847,112.356,0.84672,12.849,0.84672,3695.15,0,18.483,0.510352,2.19792,2.39295,10.2769,0.941008,13.4164,0.42336,0,0,18.483,0.42336,442.007,0,1.02816,0,0,3.22608,2.19792,1.028160,1,0,126.802,0,0,0,126.802,0
72.29,1.74616,0,0,6.09158,0.295256,4.05016,3.6288,61.308,0.66528,0,0,2.57627,0.224003,1.68698,0.66528,12.849,1,0.310367,4.05016,0,74.6679,3.81328,74.5944,0.84672,12.849,0.84672,3695.15,0,18.483,0.740868,3.18752,2.13105,12.6344,1.01668,16.1954,0.42336,0,0,18.483,0.42336,442.007,0,1.02816,0,0,4.21568,3.18752,1.028160,1,0,92.4768,0,0,0,92.4768,0
72.29,1.74702,0,0,6.17752,0.295256,4.13524,3.6288,61.308,0.66528,0,0,2.70874,0.224003,1.81946,0.66528,12.849,1,0.31052,4.13524,0,124.499,3.81328,124.511,0.84672,12.849,0.84672,3695.15,0,18.483,0.740868,3.71746,2.26614,14.9596,1.01668,19.1856,0.42336,0,0,18.483,0.42336,442.007,0,1.02816,0,0,4.74562,3.71746,1.028160,1,0,145.516,0,0,0,145.516,0
72.29,1.74788,0,0,5.60976,0.295951,3.56593,3.6288,61.308,0.66528,0,0,2.30806,0.211275,1.43151,0.66528,12.849,1,0.310673,3.56593,0,143.948,3.58671,143.617,0.84672,12.849,0.84672,3695.15,0,18.483,0.740868,3.21737,2.26633,11.492,0.931024,15.3038,0.42336,0,0,18.483,0.42336,442.007,0,1.02816,0,0,4.24553,3.21737,1.028160,1,0,160.352,0,0,0,160.352,0
72.29,1.74874,0,0,6.07071,0.2955,4.02647,3.6288,61.308,0.66528,0,0,2.04743,0.159895,1.22225,0.66528,12.849,1,0.310826,4.02647,0,130.745,2.78261,131.678,0.84672,12.849,0.84672,3695.15,0,18.483,0.740869,3.16462,2.26652,12.6939,0.568466,16.8157,0.42336,0,0,18.483,0.42336,442.007,0,1.02816,0,0,4.19278,3.16462,1.028160,1,0,149.716,0,0,0,149.716,0
72.29,1.84549,0,0,3.56467,0.279052,1.44013,3.6288,61.308,0.66528,0,0,1.76546,0.165912,0.934271,0.66528,12.849,1,0.328022,1.44013,0,80.5386,4.37251,77.2782,0.84672,12.849,0.84672,3695.15,0,18.483,0.797337,2.10174,2.26671,11.117,1.09765,13.5905,0.42336,0,0,18.483,0.42336,442.007,0,1.02816,0,0,3.1299,2.10174,1.028160,1,0,91.803,0,0,0,91.803,0
72.29,1.6697,0,0,3.07447,0.279052,1.12572,3.6288,61.308,0.66528,0,0,1.96897,0.165912,1.13778,0.66528,12.849,1,0.296776,1.12572,0,73.1981,4.37251,69.6545,0.84672,12.849,0.84672,3695.15,0,18.483,0.620283,2.38625,2.33169,11.171,1.09765,14.171,0.42336,0,0,18.483,0.42336,442.007,0,1.02816,0,0,3.41441,2.38625,1.028160,1,0,84.9633,0,0,0,84.9633,0
72.29,1.67054,0,0,3.33249,0.279052,1.3829,3.6288,61.308,0.66528,0,0,1.49157,0.165912,0.660374,0.66528,12.849,1,0.296926,1.3829,0,75.041,4.37251,71.7545,0.84672,12.849,0.84672,3695.15,0,18.483,0.620256,1.96739,2.1561,10.1544,1.09765,12.56,0.42336,0,0,18.483,0.42336,442.007,0,1.02816,0,0,2.99555,1.96739,1.028160,1,0,84.9748,0,0,0,84.9748,0
72.29,1.67138,0,0,2.63602,0.242481,0.722157,3.6288,61.308,0.66528,0,0,1.26993,0.205381,0.399272,0.66528,12.849,1,0.297076,0.722157,0,60.4318,4.88216,55.9747,0.84672,12.849,0.84672,3695.15,0,18.483,0.620229,1.49901,2.15626,9.66841,1.24022,11.4632,0.42336,0,0,18.483,0.42336,442.007,0,1.02816,0,0,2.52717,1.49901,1.028160,1,0,67.8372,0,0,0,67.8372,0
72.1424,1.6378,0,0,2.08456,0.231442,0.36288,3.6288,61.308,0.66528,0,0,0.929871,0.21276,0.0518317,0.66528,12.849,1,0.291106,0.36288,0,51.0876,4.60634,46.5531,0.84672,12.849,0.84672,3695.15,0,18.483,0.600062,0.990144,2.15643,5.7351,1.20311,7.0785,0.42336,0,0,18.483,0.42336,442.007,0,1.02816,0,0,2.0183,0.990144,1.028160,1,0,53.6834,0,0,0,53.6834,0
71.775,1.61949,0,0,1.85269,0.237731,0.36288,3.6288,61.308,0.66528,0,0,0.901152,0.20387,0.0320017,0.66528,12.849,1,0.288441,0.36288,0,46.3133,4.34311,42.0446,0.84672,12.849,0.84672,3695.15,0,18.483,0.621982,1.0496,2.13344,6.9075,1.14549,8.32306,0.42336,0,0,18.483,0.42336,442.007,0,1.02816,0,0,2.07776,1.0496,1.028160,1,0,50.3996,0,0,0,50.3996,0
71.9975,1.61907,0,0,2.4415,0.237067,0.36288,3.6288,61.308,0.66528,0,0,1.00621,0.20387,0.137055,0.66528,12.849,1,0.289842,0.36288,0,51.125,4.34311,46.855,0.84672,12.849,0.84672,3695.15,0,18.483,0.621955,1.16684,2.14644,6.01072,1.14549,7.55655,0.42336,0,0,18.483,0.42336,442.007,0,1.02816,0,0,2.195,1.16684,1.028160,1,0,54.5486,0,0,0,54.5486,0
72.0084,1.62066,0,0,2.20157,0.207092,0.36288,3.6288,61.308,0.66528,0,0,0.980951,0.211011,0.10466,0.66528,12.849,1,0.28923,0.36288,0,55.5605,4.55984,51.0743,0.84672,12.849,0.84672,3695.15,0,18.483,0.621929,1.10143,2.1466,5.66497,1.10538,7.1857,0.42336,0,0,18.483,0.42336,442.007,0,1.02816,0,0,2.12959,1.10143,1.028160,1,0,58.3646,0,0,0,58.3646,0
71.3816,1.73843,0,0,1.65155,0.177117,0.36288,3.6288,61.2834,0.66528,0,0,0.860216,0.219537,0,0.66528,12.849,1,0.3102,0.36288,0,40.6807,4.71512,36.0182,0.84672,12.849,0.84672,3695.15,0,18.483,0.693387,0.821076,2.14677,5.02207,1.10344,6.19308,0.42336,0,0,18.483,0.42336,442.007,0,1.02816,0,0,1.84924,0.821076,1.028160,1,0,42.2113,0,0,0,42.2113,0
70.6301,1.80301,0,0,1.57278,0.158339,0.36288,3.6288,61.184,0.66528,0,0,0.79329,0.227428,0,0.66528,12.849,1,0.324549,0.36288,0,34.3391,4.69696,29.6804,0.84672,12.849,0.84672,3695.15,0,18.483,0.615459,0.580997,2.22798,4.38322,1.17383,5.4029,0.42336,0,0,18.483,0.42336,442.007,0,1.02816,0,0,1.60916,0.580997,1.028160,1,0,35.0833,0,0,0,35.0833,0
69.4769,2.03264,0,0,1.39971,0.15743,0.36288,3.6288,61.0192,0.66528,0,0,0.727834,0.227285,0,0.66528,12.849,1,0.369776,0.36288,0,30.9665,4.69696,26.2627,0.84672,12.849,0.84672,3695.15,0,18.483,0.740894,0.438644,2.18256,4.22397,1.17383,4.93044,0.42336,0,0,18.483,0.42336,442.007,0,1.02816,0,0,1.4668,0.438644,1.028160,1,0,31.1931,0,0,0,31.1931,0
68.3009,2.02838,0,0,1.32198,0.106724,0.36288,3.6288,60.7929,0.66528,0,0,0.699011,0.26004,0,0.66528,12.849,1,0.375126,0.36288,0,27.6008,5.07181,22.5168,0.84672,12.849,0.84672,3695.15,0,18.483,0.740894,0.383314,2.33098,4.0229,1.26961,4.7267,0.42336,0,0,18.483,0.42336,442.007,0,1.02816,0,0,1.41147,0.383314,1.028160,1,0,27.2435,0,0,0,27.2435,0
67.0517,2.02386,0,0,1.2433,0.105751,0.36288,3.6288,60.5137,0.685774,0,0,0.666153,0.259667,0,0.66528,12.849,1,0.380735,0.36288,0,27.2018,5.07181,22.1122,0.84672,12.849,0.84672,3695.15,0,18.483,0.740894,0.30119,2.33118,4.14279,1.26961,4.76467,0.42336,0,0,18.483,0.42336,442.007,0,1.00767,0,0,1.30886,0.30119,1.028160,1,0,26.8768,0,0,0,26.8768,0
65.9955,1.99387,0,0,1.3937,0.0931652,0.36288,3.6288,60.3169,0.66528,0,0,0.718779,0.250281,0,0.66528,12.849,1,0.382082,0.36288,0,33.0888,4.98299,28.0866,0.84672,12.849,0.84672,3695.15,0,18.483,0.783767,0.714191,2.33139,3.84578,1.32471,4.78288,0.42336,0,0,18.483,0.42336,442.007,0,1.02816,0,0,1.74235,0.714191,1.028160,1,0,32.8695,0,0,0,32.8695,0
64.8258,2.02555,0,0,1.31111,0.0923877,0.36288,3.6288,60.0796,0.66528,0,0,0.678024,0.249968,0,0.66528,12.849,1,0.394364,0.36288,0,32.8438,4.98299,27.8293,0.84672,12.849,0.84672,3695.15,0,18.483,0.740904,0.598709,2.35914,4.01945,1.32471,4.91169,0.42336,0,0,18.483,0.42336,442.007,0,1.02816,0,0,1.62687,0.598709,1.028160,1,0,32.741,0,0,0,32.741,0
63.5447,2.02052,0,0,1.19386,0.0915266,0.36288,3.6288,59.8359,0.66528,0,0,0.671164,0.249591,0,0.66528,12.849,1,0.400483,0.36288,0,32.5898,4.98299,27.5692,0.84672,12.849,0.84672,3695.15,0,18.483,0.740904,0.601016,2.33427,3.8685,1.32471,4.73817,0.42336,0,0,18.483,0.42336,442.007,0,1.02816,0,0,1.62918,0.601016,1.028160,1,0,32.3074,0,0,0,32.3074,0
62.1567,2.01471,0,0,1.08018,0.0905835,0.36288,3.6288,59.5443,0.66528,0,0,0.622875,0.249203,0,0.66528,12.849,1,0.407383,0.36288,0,29.2658,4.98299,24.2384,0.84672,12.849,0.84672,3695.15,0,18.483,0.740904,0.398917,2.33447,3.71025,1.32471,4.37802,0.42336,0,0,18.483,0.42336,442.007,0,1.02816,0,0,1.42708,0.398917,1.028160,1,0,28.6164,0,0,0,28.6164,0
60.6938,2.07176,0,0,1.05022,0.0785251,0.36288,3.6288,59.2093,0.66528,0,0,0.635289,0.305058,0,0.66528,12.849,1,0.428272,0.36288,0,28.2623,5.66261,22.5343,0.84672,12.849,0.84672,3695.15,0,18.483,0.779148,0.478103,2.33467,3.53585,1.5192,4.05028,0.42336,0,0,18.483,0.42336,442.007,0,1.02816,0,0,1.50626,0.478103,1.028160,1,0,26.5846,0,0,0,26.5846,0
59.1936,2.09571,0,0,1.04302,0.0845979,0.36288,3.6288,58.8964,0.66528,0,0,0.661107,0.308671,0,0.66528,12.849,1,0.443667,0.36288,0,26.532,5.67829,20.7729,0.84672,12.849,0.84672,3695.15,0,18.483,0.740913,0.561107,2.37883,3.54059,1.48474,4.25487,0.42336,0,0,18.483,0.42336,442.007,0,1.02816,0,0,1.58927,0.561107,1.028160,1,0,25.0278,0,0,0,25.0278,0
57.5831,2.0874,0,0,0.923201,0.0834301,0.36288,3.6288,58.5436,0.66528,0,0,0.620516,0.308053,0,0.66528,12.849,1,0.453105,0.36288,0,25.0456,5.67829,19.2771,0.84672,12.849,0.84672,3695.15,0,18.483,0.740913,0.479917,2.35666,3.54257,1.48474,4.1535,0.42336,0,0,18.483,0.42336,442.007,0,1.02816,0,0,1.50808,0.479917,1.028160,1,0,23.4306,0,0,0,23.4306,0
55.9042,2.07795,0,0,0.844085,0.0821351,0.36288,3.6288,58.1704,0.66528,0,0,0.599403,0.307355,0,0.66528,12.849,1,0.46367,0.36288,0,23.5207,5.67829,17.7416,0.84672,12.849,0.84672,3695.15,0,18.483,0.740913,0.361351,2.35687,3.37532,1.48474,3.86789,0.42336,0,0,18.483,0.42336,442.007,0,1.02816,0,0,1.38951,0.361351,1.028160,1,0,21.6095,0,0,0,21.6095,0
53.9307,2.25067,0,0,0.71178,0.0717743,0.36288,3.6288,57.7851,0.66528,0,0,0.59259,0.312571,0,0.66528,12.849,1,0.517293,0.36288,0,22.12,5.95975,16.0059,0.84672,12.849,0.84672,3695.15,0,18.483,0.879077,0.343786,2.35708,3.30466,1.5074,3.61905,0.42336,0,0,18.483,0.42336,442.007,0,1.02816,0,0,1.37195,0.343786,1.028160,1,0,19.6249,0,0,0,19.6249,0
51.6525,2.34791,0,0,0.542933,0.110319,0.36288,3.6288,57.3551,0.66528,0,0,0.53435,0.299068,0,0.66528,12.849,1,0.55939,0.36288,0,18.7482,5.95581,12.5959,0.84672,12.849,0.84672,3695.15,0,18.483,0.740944,0.283176,2.50624,2.88461,1.43304,3.50005,0.42336,0,0,18.483,0.42336,442.007,0,1.02816,0,0,1.31134,0.283176,1.028160,1,0,16.0959,0,0,0,16.0959,0
49.3395,2.32911,0,0,0.486778,0.107768,0.36288,3.6288,56.8696,0.671665,0,0,0.484381,0.298237,0,0.66528,12.849,1,0.579387,0.36288,0,16.7366,5.95581,10.5643,0.84672,12.849,0.84672,3695.15,0,18.483,0.740944,0.204422,2.42563,2.81295,1.43304,3.26903,0.42336,0,0,18.483,0.42336,442.007,0,1.02178,0,0,1.2262,0.204422,1.028160,1,0,13.8333,0,0,0,13.8333,0
47.1456,2.30852,0,0,0.582624,0.105176,0.36288,3.6288,56.4274,0.66528,0,0,0.520353,0.297298,0,0.66528,12.849,1,0.601184,0.36288,0,17.3214,5.95581,11.1273,0.84672,12.849,0.84672,3695.15,0,18.483,0.740944,0.303506,2.42586,3.08545,1.43304,3.64083,0.42336,0,0,18.483,0.42336,442.007,0,1.02816,0,0,1.33167,0.303506,1.028160,1,0,14.7681,0,0,0,14.7681,0
45.3685,2.28748,0,0,0.996209,0.122923,0.36288,3.6288,56.1392,0.66528,0,0,0.668339,0.291245,0,0.66528,12.849,1,0.623426,0.36288,0,28.786,5.80739,22.718,0.84672,12.849,0.84672,3695.15,0,18.483,0.740944,0.522997,2.42608,3.41535,1.41483,4.20865,0.42336,0,0,18.483,0.42336,442.007,0,1.02816,0,0,1.55116,0.522997,1.028160,1,0,26.9267,0,0,0,26.9267,0
43.6329,2.18375,0,0,0.89551,0.0845201,0.36288,3.6288,56.1238,0.66528,0,0,0.919401,0.269511,0,0.66528,12.849,1,0.618468,0.36288,0,18.0968,5.10409,12.7371,0.84672,12.849,0.84672,3695.15,0,18.483,0.65699,1.74273,2.42631,4.65538,1.22361,6.94382,0.42336,0,0,18.483,0.42336,442.007,0,1.02816,0,0,2.77089,1.74273,1.028160,1,0,19.681,0,0,0,19.681,0
42.0218,1.87807,0,0,0.707737,0.0778874,0.36288,3.6288,55.6988,0.66528,0,0,0.507613,0.267353,0,0.66528,12.849,1,0.553053,0.36288,0,17.6881,4.95222,12.5457,0.84672,12.849,0.84672,3695.15,0,18.483,0.603777,0.72722,2.34108,3.5272,1.19356,4.79816,0.42336,0,0,18.483,0.42336,442.007,0,1.02816,0,0,1.75538,0.72722,1.028160,1,0,17.3438,0,0,0,17.3438,0
40.3046,1.86267,0,0,0.584839,0.0764496,0.36288,3.6288,55.2141,0.66528,0,0,0.447198,0.26661,0,0.66528,12.849,1,0.569547,0.36288,0,16.3313,4.95222,11.1724,0.84672,12.849,0.84672,3695.15,0,18.483,0.603746,0.532682,2.23042,3.26648,1.19356,4.23228,0.42336,0,0,18.483,0.42336,442.007,0,1.02816,0,0,1.56084,0.532682,1.028160,1,0,15.4047,0,0,0,15.4047,0
39.0367,1.8451,0,0,1.08713,0.147037,0.36288,3.6288,55.0517,0.66528,0,0,0.69572,0.192877,0,0.66528,12.849,1,0.588212,0.36288,0,28.8356,3.91407,24.6962,0.84672,12.849,0.84672,3695.15,0,18.483,0.603716,0.921923,2.2306,5.67141,0.869069,7.35115,0.42336,0,0,18.483,0.42336,442.007,0,1.02816,0,0,1.95008,0.921923,1.028160,1,0,32.0473,0,0,0,32.0473,0
38.8141,1.76923,0,0,2.0819,0.172459,0.36288,3.6288,55.1459,0.66528,0,0,0.950112,0.190586,0,0.66528,12.849,1,0.582345,0.36288,0,50.3,3.76548,46.3151,0.84672,12.849,0.84672,3695.15,0,18.483,0.533511,1.17037,2.23078,7.77174,0.798694,9.84069,0.42336,0,0,18.483,0.42336,442.007,0,1.02816,0,0,2.19853,1.17037,1.028160,1,0,56.1558,0,0,0,56.1558,0
37.4523,1.87903,0,0,1.05103,0.170898,0.36288,3.6288,54.3962,0.912505,0,0,0.389591,0.226777,0,0.66528,12.849,1,0.622033,0.36288,0,21.9209,4.12104,17.5407,0.84672,12.849,0.84672,3695.15,0,18.483,0.714717,0.216518,2.16123,4.13776,0.877922,4.92287,0.42336,0,0,18.483,0.42336,442.007,0,0.780935,0,0,0.997453,0.216518,1.028160,1,0,22.4636,0,0,0,22.4636,0
36.6122,1.69553,0,0,1.38656,0.1682,0.36288,3.6288,54.3918,0.66528,0,0,0.886505,0.225658,0,0.66528,12.849,1,0.581695,0.36288,0,29.3287,4.12104,24.9888,0.84672,12.849,0.84672,3695.15,0,18.483,0.609923,1.51513,2.32924,7.35481,0.877922,9.71133,0.42336,0,0,18.483,0.42336,442.007,0,1.02816,0,0,2.54329,1.51513,1.028160,1,0,34.7001,0,0,0,34.7001,0
38.1486,1.68643,0,0,3.7522,0.166535,0.36288,3.6288,55.5614,0.66528,0,0,2.06058,0.225652,0,0.66528,12.849,1,0.59185,0.36288,0,87.598,4.12104,83.248,0.84672,12.849,0.84672,3695.15,0,18.483,0.609894,3.56678,2.20633,12.8188,0.877922,17.1041,0.42336,0,0,18.483,0.42336,442.007,0,1.02816,0,0,4.59494,3.56678,1.028160,1,0,100.352,0,0,0,100.352,0
38.1447,1.52893,0,0,2.09617,0.208253,0.36288,3.6288,55.8172,0.66528,0,0,1.11116,0.190121,0,0.66528,12.849,1,0.514965,0.36288,0,41.5822,3.6087,37.8214,0.84672,12.849,0.84672,3695.15,0,18.483,0.463582,1.03695,2.20651,9.88457,0.72306,11.9414,0.42336,0,0,18.483,0.42336,442.007,0,1.02816,0,0,2.06511,1.03695,1.028160,1,0,49.7628,0,0,0,49.7628,0
38.3453,1.41037,0,0,2.181,0.207097,0.36288,3.6288,56.1321,0.66528,0,0,1.16249,0.182281,0,0.66528,12.849,1,0.475082,0.36288,0,35.0413,3.86337,31.0658,0.84672,12.849,0.84672,3695.15,0,18.483,0.622965,1.3491,2.04954,8.08154,0.94775,9.90947,0.42336,0,0,18.483,0.42336,442.007,0,1.02816,0,0,2.37726,1.3491,1.028160,1,0,40.9752,0,0,0,40.9752,0
37.8829,1.41296,0,0,1.52101,0.207583,0.36288,3.6288,55.8292,0.66528,0,0,0.545041,0.182657,0,0.66528,12.849,1,0.473463,0.36288,0,23.7711,3.86337,19.7972,0.84672,12.849,0.84672,3695.15,0,18.483,0.622939,0.432579,2.14299,6.45092,0.94775,7.4558,0.42336,0,0,18.483,0.42336,442.007,0,1.02816,0,0,1.46074,0.432579,1.028160,1,0,27.253,0,0,0,27.253,0
39.4012,1.40937,0,0,3.49697,0.206464,0.36288,3.6288,56.8333,0.66528,0,0,1.85169,0.182296,0,0.66528,12.849,1,0.478025,0.36288,0,68.7907,3.86337,64.8122,0.84672,12.849,0.84672,3695.15,0,18.483,0.622912,3.53608,2.14315,11.5189,0.94775,15.6275,0.42336,0,0,18.483,0.42336,442.007,0,1.02816,0,0,4.56424,3.53608,1.028160,1,0,80.4397,0,0,0,80.4397,0
40.5884,1.42399,0,0,3.18154,0.207441,0.36288,3.6288,56.8649,0.66528,0,0,0.878895,0.182054,0,0.66528,12.849,1,0.464373,0.36288,0,49.633,3.78747,45.744,0.84672,12.849,0.84672,3695.15,0,18.483,0.622886,1.53113,2.14331,8.33743,0.93517,10.4538,0.42336,0,0,18.483,0.42336,442.007,0,1.02816,0,0,2.55929,1.53113,1.028160,1,0,56.1978,0,0,0,56.1978,0
40.9635,1.50389,0,0,2.45845,0.216606,0.36288,3.6288,56.5327,0.66528,0,0,0.523515,0.190478,0,0.66528,12.849,1,0.476085,0.36288,0,44.5823,4.22344,40.2457,0.84672,12.849,0.84672,3695.15,0,18.483,0.665256,0.605206,2.14347,3.92361,1.09227,4.91476,0.42336,0,0,18.483,0.42336,442.007,0,1.02816,0,0,1.63337,0.605206,1.028160,1,0,45.1604,0,0,0,45.1604,0
41.9022,1.54312,0,0,3.07141,0.226672,0.36288,3.6288,56.2229,0.66528,0,0,0.552411,0.196864,0,0.66528,12.849,1,0.48403,0.36288,0,78.1134,4.58,73.4122,0.84672,12.849,0.84672,3695.15,0,18.483,0.619012,0.569048,2.19338,3.07359,1.1853,4.03171,0.42336,0,0,18.483,0.42336,442.007,0,1.02816,0,0,1.59721,0.569048,1.028160,1,0,77.4439,0,0,0,77.4439,0
44.3513,1.55215,0,0,4.59324,0.229187,0.36288,3.6288,56.6027,0.66528,0,0,1.2415,0.196466,0,0.66528,12.849,1,0.475954,0.36288,0,87.0687,4.58,82.3757,0.84672,12.849,0.84672,3695.15,0,18.483,0.618986,3.66415,2.16649,9.20799,1.1853,13.2343,0.42336,0,0,18.483,0.42336,442.007,0,1.02816,0,0,4.69231,3.66415,1.028160,1,0,95.61,0,0,0,95.61,0
46.0288,1.57326,0,0,3.82882,0.215133,0.36288,3.6288,56.9757,0.66528,0,0,1.23822,0.199943,0,0.66528,12.849,1,0.45579,0.36288,0,99.9562,4.29505,95.5682,0.84672,12.849,0.84672,3695.15,0,18.483,0.61896,1.1984,2.16665,6.78585,1.23386,8.29808,0.42336,0,0,18.483,0.42336,442.007,0,1.02816,0,0,2.22656,1.1984,1.028160,1,0,103.866,0,0,0,103.866,0
46.6042,1.81478,0,0,2.97292,0.219847,0.36288,3.6288,57.2438,0.66528,0,0,1.12903,0.195652,0,0.66528,12.849,1,0.506599,0.36288,0,78.8046,4.29862,74.3622,0.84672,12.849,0.84672,3695.15,0,18.483,0.778261,1.13514,2.16681,5.22381,1.19765,6.54984,0.42336,0,0,18.483,0.42336,442.007,0,1.02816,0,0,2.1633,1.13514,1.028160,1,0,80.9121,0,0,0,80.9121,0
47.4137,1.95661,0,0,3.36057,0.231607,0.36288,3.6288,57.2119,0.66528,0,0,0.816178,0.182779,0,0.66528,12.849,1,0.539447,0.36288,0,73.459,4.42627,68.8562,0.84672,12.849,0.84672,3695.15,0,18.483,0.604606,1.16502,2.34466,4.78727,1.08692,6.60543,0.42336,0,0,18.483,0.42336,442.007,0,1.02816,0,0,2.19318,1.16502,1.028160,1,0,75.4616,0,0,0,75.4616,0
48.3726,1.96469,0,0,3.52016,0.233684,0.36288,3.6288,57.2078,0.66528,0,0,0.843912,0.182741,0,0.66528,12.849,1,0.532425,0.36288,0,77.5241,4.42627,72.9283,0.84672,12.849,0.84672,3695.15,0,18.483,0.604576,1.60905,2.24323,5.24279,1.08692,7.40358,0.42336,0,0,18.483,0.42336,442.007,0,1.02816,0,0,2.63721,1.60905,1.028160,1,0,80.3319,0,0,0,80.3319,0
49.2934,1.97386,0,0,3.49371,0.236145,0.36288,3.6288,57.1627,0.66528,0,0,0.802872,0.182736,0,0.66528,12.849,1,0.524307,0.36288,0,76.8036,4.42627,72.2158,0.84672,12.849,0.84672,3695.15,0,18.483,0.604547,1.22425,2.24341,4.85517,1.08692,6.63137,0.42336,0,0,18.483,0.42336,442.007,0,1.02816,0,0,2.25241,1.22425,1.028160,1,0,78.8472,0,0,0,78.8472,0
50.6542,1.65251,0,0,3.6146,0.238378,0.36288,3.6288,57.1456,0.66528,0,0,0.821802,0.173557,0,0.66528,12.849,1,0.43075,0.36288,0,79.0434,3.79819,75.1773,0.84672,12.849,0.84672,3695.15,0,18.483,0.390517,1.57089,2.24358,5.38872,0.939148,7.87352,0.42336,0,0,18.483,0.42336,442.007,0,1.02816,0,0,2.59905,1.57089,1.028160,1,0,83.0508,0,0,0,83.0508,0
50.8,1.47645,0,0,2.25698,0.271868,0.36288,3.6288,57.0108,0.66528,0,0,0.705002,0.174537,0,0.66528,12.849,1,0.374518,0.36288,0,44.2632,3.06558,41.1859,0.84672,12.849,0.84672,3695.15,0,18.483,0.6237,1.08088,2.00047,4.89167,0.839314,6.51001,0.42336,0,0,18.483,0.42336,442.007,0,1.02816,0,0,2.10904,1.08088,1.028160,1,0,47.6959,0,0,0,47.6959,0
51.3107,1.47804,0,0,2.62386,0.272285,0.36288,3.6288,57.1237,0.66528,0,0,0.952595,0.174385,0,0.66528,12.849,1,0.373845,0.36288,0,54.0093,3.06558,50.9328,0.84672,12.849,0.84672,3695.15,0,18.483,0.623675,1.53979,2.13709,6.37984,0.839314,8.59373,0.42336,0,0,18.483,0.42336,442.007,0,1.02816,0,0,2.56795,1.53979,1.028160,1,0,59.5265,0,0,0,59.5265,0
51.8946,1.48175,0,0,2.67073,0.242162,0.36288,3.6288,57.2087,0.66528,0,0,0.955187,0.204958,0,0.66528,12.849,1,0.371052,0.36288,0,55.893,4.3029,51.582,0.84672,12.849,0.84672,3695.15,0,18.483,0.62365,1.4387,2.13725,6.19841,1.10664,8.04405,0.42336,0,0,18.483,0.42336,442.007,0,1.02816,0,0,2.46686,1.4387,1.028160,1,0,59.626,0,0,0,59.626,0
54.1634,1.48583,0,0,4.35585,0.238341,0.36288,3.6288,57.9324,0.66528,0,0,1.59912,0.210148,0,0.66528,12.849,1,0.367887,0.36288,0,80.4833,4.50912,75.9692,0.84672,12.849,0.84672,3695.15,0,18.483,0.623625,3.23349,2.1374,7.79051,1.1512,11.3866,0.42336,0,0,18.483,0.42336,442.007,0,1.02816,0,0,4.26165,3.23349,1.028160,1,0,87.3558,0,0,0,87.3558,0
55.8779,1.58373,0,0,3.90334,0.242297,0.36288,3.6288,57.996,0.66528,0,0,0.90834,0.179461,0,0.66528,12.849,1,0.375704,0.36288,0,100.429,3.71262,96.7033,0.84672,12.849,0.84672,3695.15,0,18.483,0.676009,1.68121,2.13755,6.46458,0.908229,8.6991,0.42336,0,0,18.483,0.42336,442.007,0,1.02816,0,0,2.70937,1.68121,1.028160,1,0,105.402,0,0,0,105.402,0
57.4759,1.64031,0,0,3.84744,0.246225,0.36288,3.6288,58.2129,0.66528,0,0,1.05647,0.174253,0,0.66528,12.849,1,0.377187,0.36288,0,77.7401,3.57987,74.146,0.84672,12.849,0.84672,3695.15,0,18.483,0.618871,1.84601,2.19784,6.1928,0.867733,8.75003,0.42336,0,0,18.483,0.42336,442.007,0,1.02816,0,0,2.87417,1.84601,1.028160,1,0,82.896,0,0,0,82.896,0
58.7559,1.64966,0,0,3.54408,0.251557,0.36288,3.6288,58.6156,0.66528,0,0,1.23591,0.167942,0,0.66528,12.849,1,0.368789,0.36288,0,71.2368,3.36327,67.8676,0.84672,12.849,0.84672,3695.15,0,18.483,0.618845,2.19465,2.16457,8.74055,0.825325,11.6556,0.42336,0,0,18.483,0.42336,442.007,0,1.02816,0,0,3.22281,2.19465,1.028160,1,0,79.5232,0,0,0,79.5232,0
59.5307,1.65703,0,0,3.02436,0.229622,0.36288,3.6288,58.7663,0.66528,0,0,0.998266,0.1823,0,0.66528,12.849,1,0.362367,0.36288,0,64.2913,3.57871,60.7131,0.84672,12.849,0.84672,3695.15,0,18.483,0.618819,1.58297,2.16473,5.70326,0.863223,7.96891,0.42336,0,0,18.483,0.42336,442.007,0,1.02816,0,0,2.61113,1.58297,1.028160,1,0,68.682,0,0,0,68.682,0
60.0625,1.62796,0,0,2.75054,0.227878,0.36288,3.6288,58.6248,0.66528,0,0,0.736119,0.212277,0,0.66528,12.849,1,0.351375,0.36288,0,59.7459,4.72934,55.0281,0.84672,12.849,0.84672,3695.15,0,18.483,0.598421,1.01724,2.16489,4.76793,1.0295,6.32213,0.42336,0,0,18.483,0.42336,442.007,0,1.02816,0,0,2.0454,1.01724,1.028160,1,0,61.3502,0,0,0,61.3502,0
60.6958,1.613,0,0,2.7957,0.186534,0.36288,3.6288,58.5805,0.66528,0,0,0.84202,0.221062,0,0.66528,12.849,1,0.345065,0.36288,0,69.1917,4.86966,64.3399,0.84672,12.849,0.84672,3695.15,0,18.483,0.620596,1.26527,2.14162,5.29191,1.07106,7.00714,0.42336,0,0,18.483,0.42336,442.007,0,1.02816,0,0,2.29343,1.26527,1.028160,1,0,71.347,0,0,0,71.347,0
61.058,1.61674,0,0,2.49928,0.15749,0.36288,3.6288,58.6526,0.66528,0,0,0.948378,0.210988,0,0.66528,12.849,1,0.342257,0.36288,0,60.1094,4.32768,55.8024,0.84672,12.849,0.84672,3695.15,0,18.483,0.62057,0.997479,2.15477,4.9836,1.00869,6.50658,0.42336,0,0,18.483,0.42336,442.007,0,1.02816,0,0,2.02564,0.997479,1.028160,1,0,62.309,0,0,0,62.309,0
61.2902,1.61919,0,0,2.37233,0.157964,0.36288,3.6288,58.6154,0.66528,0,0,0.839169,0.211086,0,0.66528,12.849,1,0.340742,0.36288,0,51.4387,4.32768,47.1331,0.84672,12.849,0.84672,3695.15,0,18.483,0.620545,0.835462,2.15492,4.61573,1.00869,5.97688,0.42336,0,0,18.483,0.42336,442.007,0,1.02816,0,0,1.86362,0.835462,1.028160,1,0,53.11,0,0,0,53.11,0
61.2257,1.73623,0,0,2.19157,0.156967,0.36288,3.6288,58.5397,0.66528,0,0,0.790353,0.200812,0,0.66528,12.849,1,0.363986,0.36288,0,49.0571,4.22487,44.8311,0.84672,12.849,0.84672,3695.15,0,18.483,0.692826,0.764709,2.15508,4.40407,0.991878,5.63915,0.42336,0,0,18.483,0.42336,442.007,0,1.02816,0,0,1.79287,0.764709,1.028160,1,0,50.4702,0,0,0,50.4702,0
60.8469,1.80185,0,0,1.90849,0.122548,0.36288,3.6288,58.3398,0.66528,0,0,0.674948,0.20958,0,0.66528,12.849,1,0.378142,0.36288,0,41.1523,4.19422,36.9428,0.84672,12.849,0.84672,3695.15,0,18.483,0.614002,0.763024,2.23721,3.58318,1.0601,4.90931,0.42336,0,0,18.483,0.42336,442.007,0,1.02816,0,0,1.79118,0.763024,1.028160,1,0,41.8521,0,0,0,41.8521,0
60.4457,1.80072,0,0,1.88457,0.122164,0.36288,3.6288,58.1983,0.66528,0,0,0.733121,0.20931,0,0.66528,12.849,1,0.380257,0.36288,0,39.7963,4.19422,35.5847,0.84672,12.849,0.84672,3695.15,0,18.483,0.613975,0.725406,2.19126,3.92851,1.0601,5.17111,0.42336,0,0,18.483,0.42336,442.007,0,1.02816,0,0,1.75357,0.725406,1.028160,1,0,40.7558,0,0,0,40.7558,0
59.9242,1.79945,0,0,1.76255,0.121756,0.36288,3.6288,58.0004,0.66528,0,0,0.67646,0.209119,0,0.66528,12.849,1,0.382511,0.36288,0,37.2265,4.19422,33.0126,0.84672,12.849,0.84672,3695.15,0,18.483,0.613948,0.653072,2.19142,3.44938,1.0601,4.61983,0.42336,0,0,18.483,0.42336,442.007,0,1.02816,0,0,1.68123,0.653072,1.028160,1,0,37.6325,0,0,0,37.6325,0
59.3232,1.79752,0,0,1.65355,0.0941741,0.36288,3.6288,57.7435,0.66528,0,0,0.642004,0.233581,0,0.66528,12.849,1,0.385426,0.36288,0,34.6895,4.77846,29.8885,0.84672,12.849,0.84672,3695.15,0,18.483,0.613921,0.607703,2.19159,3.41477,1.14304,4.4571,0.42336,0,0,18.483,0.42336,442.007,0,1.02816,0,0,1.63586,0.607703,1.028160,1,0,34.3456,0,0,0,34.3456,0
58.7268,1.77244,0,0,1.61063,0.0717036,0.36288,3.6288,57.3945,0.682603,0,0,0.609487,0.275906,0,0.66528,12.849,1,0.383899,0.36288,0,29.5783,5.34243,24.2148,0.84672,12.849,0.84672,3695.15,0,18.483,0.653678,0.30119,2.19175,2.47291,1.26097,3.0512,0.42336,0,0,18.483,0.42336,442.007,0,1.01084,0,0,1.31203,0.30119,1.028160,1,0,27.266,0,0,0,27.266,0
58.0374,1.80563,0,0,1.55268,0.0735887,0.36288,3.6288,56.9317,0.764355,0,0,0.57847,0.276912,0,0.66528,12.849,1,0.395058,0.36288,0,28.7359,5.3066,23.3972,0.84672,12.849,0.84672,3695.15,0,18.483,0.610296,0.261274,2.21748,2.42819,1.26219,3.03446,0.42336,0,0,18.483,0.42336,442.007,0,0.929085,0,0,1.19036,0.261274,1.028160,1,0,26.4316,0,0,0,26.4316,0
57.2184,1.80259,0,0,1.4196,0.0730976,0.36288,3.6288,56.4777,0.742504,0,0,0.564587,0.276082,0,0.66528,12.849,1,0.399079,0.36288,0,28.3301,5.3066,22.9873,0.84672,12.849,0.84672,3695.15,0,18.483,0.610268,0.261274,2.19227,2.39834,1.26219,2.97943,0.42336,0,0,18.483,0.42336,442.007,0,0.950936,0,0,1.21221,0.261274,1.028160,1,0,25.9668,0,0,0,25.9668,0
56.0572,2.02318,0,0,1.2974,0.0725141,0.36288,3.6288,55.8117,0.918743,0,0,0.527973,0.275267,0,0.66528,12.849,1,0.454326,0.36288,0,26.6471,5.3066,21.249,0.84672,12.849,0.84672,3695.15,0,18.483,0.740889,0.261274,2.19244,2.2822,1.26219,2.73284,0.42336,0,0,18.483,0.42336,442.007,0,0.774697,0,0,1.03597,0.261274,1.028160,1,0,23.9819,0,0,0,23.9819,0
54.639,2.07959,0,0,1.08672,0.0624883,0.36288,3.6288,54.8422,1.09297,0,0,0.421134,0.297676,0,0.66528,12.849,1,0.476668,0.36288,0,21.5449,5.65889,15.7722,0.84672,12.849,0.84672,3695.15,0,18.483,0.779568,0.261274,2.34505,1.91303,1.39419,2.3456,0.42336,0,0,18.483,0.42336,442.007,0,0.600471,0,0,0.861745,0.261274,1.028160,1,0,18.1178,0,0,0,18.1178,0
53.2233,2.05619,0,0,1.06242,0.0590672,0.36288,3.6288,53.8782,1.09137,0,0,0.429966,0.302511,0,0.66528,12.849,1,0.483537,0.36288,0,24.1817,5.79926,18.2618,0.84672,12.849,0.84672,3695.15,0,18.483,0.714118,0.261274,2.38969,1.91233,1.44996,2.39921,0.42336,0,0,18.483,0.42336,442.007,0,0.60207,0,0,0.863343,0.261274,1.028160,1,0,20.661,0,0,0,20.661,0
51.6772,2.09202,0,0,0.967049,0.0582243,0.36288,3.6288,52.8934,1.03886,0,0,0.354631,0.300589,0,0.66528,12.849,1,0.50505,0.36288,0,19.477,5.79926,13.5356,0.84672,12.849,0.84672,3695.15,0,18.483,0.740897,0.227405,2.33602,1.77699,1.44996,2.14956,0.42336,0,0,18.483,0.42336,442.007,0,0.654584,0,0,0.881988,0.227405,1.028160,1,0,15.6851,0,0,0,15.6851,0
50.0557,2.08078,0,0,0.879517,0.0573037,0.36288,3.6288,51.7491,1.17633,0,0,0.330264,0.298257,0,0.66528,12.849,1,0.517365,0.36288,0,18.157,5.79926,12.2033,0.84672,12.849,0.84672,3695.15,0,18.483,0.740897,0.227405,2.36746,1.58363,1.44996,1.98764,0.42336,0,0,18.483,0.42336,442.007,0,0.517113,0,0,0.744517,0.227405,1.028160,1,0,14.1909,0,0,0,14.1909,0
48.3509,2.24955,0,0,0.957796,0.0502138,0.36288,3.6288,50.8625,0.982601,0,0,0.389834,0.293837,0,0.66528,12.849,1,0.577445,0.36288,0,18.2429,5.90739,12.121,0.84672,12.849,0.84672,3695.15,0,18.483,0.880628,0.227405,2.36766,2.23917,1.47587,2.47773,0.42336,0,0,18.483,0.42336,442.007,0,0.710839,0,0,0.938244,0.227405,1.028160,1,0,14.5987,0,0,0,14.5987,0
46.1478,2.34474,0,0,0.556658,0.0521589,0.36288,3.6288,49.2962,1.50191,0,0,0.228975,0.293377,0,0.66528,12.849,1,0.623103,0.36288,0,11.9165,5.72208,5.93424,0.84672,12.849,0.84672,3695.15,0,18.483,0.740927,0.227405,2.5185,1.37036,1.53674,1.83859,0.42336,0,0,18.483,0.42336,442.007,0,0.191535,0,0,0.41894,0.227405,1.028160,1,0,7.77284,0,0,0,7.77284,0
43.9799,2.32237,0,0,0.568289,0.0509097,0.36288,3.6288,47.7299,1.49598,0,0,0.219288,0.289637,0,0.66528,12.849,1,0.646622,0.36288,0,10.9941,5.72208,4.98823,0.84672,12.849,0.84672,3695.15,0,18.483,0.740927,0.204422,2.43697,1.40486,1.53674,1.76858,0.42336,0,0,18.483,0.42336,442.007,0,0.197463,0,0,0.401885,0.204422,1.028160,1,0,6.75681,0,0,0,6.75681,0
42.1117,2.29859,0,0,0.846901,0.0535849,0.36288,3.6288,46.2909,1.4137,0,0,0.259616,0.284925,0,0.66528,12.849,1,0.671549,0.36288,0,14.1522,5.69239,8.15117,0.84672,12.849,0.84672,3695.15,0,18.483,0.740927,0.204422,2.43718,1.53968,1.5331,1.90726,0.42336,0,0,18.483,0.42336,442.007,0,0.279742,0,0,0.484165,0.204422,1.028160,1,0,10.0584,0,0,0,10.0584,0
40.8406,2.04631,0,0,1.20792,0.0698258,0.36288,3.6288,44.9626,1.39065,0,0,0.335506,0.273128,0,0.66528,12.849,1,0.624364,0.36288,0,20.7599,5.62885,14.8696,0.84672,12.849,0.84672,3695.15,0,18.483,0.595285,0.204422,2.4374,1.68579,1.50971,2.22262,0.42336,0,0,18.483,0.42336,442.007,0,0.302789,0,0,0.507211,0.204422,1.028160,1,0,17.0922,0,0,0,17.0922,0
39.3062,1.9548,0,0,0.839246,0.0559609,0.36288,3.6288,44.3841,0.928375,0,0,0.597895,0.248046,0,0.66528,12.849,1,0.615006,0.36288,0,18.1239,5.45701,12.4147,0.84672,12.849,0.84672,3695.15,0,18.483,0.517361,0.204422,2.26875,1.81625,1.40746,2.3646,0.42336,0,0,18.483,0.42336,442.007,0,0.765065,0,0,0.969487,0.204422,1.028160,1,0,14.7793,0,0,0,14.7793,0
37.764,1.87352,0,0,0.746902,0.0527792,0.36288,3.6288,43.1905,1.31197,0,0,0.357776,0.239373,0,0.66528,12.849,1,0.612445,0.36288,0,15.121,5.32717,9.5443,0.84672,12.849,0.84672,3695.15,0,18.483,0.602215,0.216518,2.18965,1.4284,1.36739,1.86496,0.42336,0,0,18.483,0.42336,442.007,0,0.381469,0,0,0.597987,0.216518,1.028160,1,0,11.4093,0,0,0,11.4093,0
36.1274,1.85564,0,0,0.633796,0.0518408,0.36288,3.6288,41.9136,1.36631,0,0,0.32613,0.236685,0,0.66528,12.849,1,0.631373,0.36288,0,13.9721,5.32717,8.37642,0.84672,12.849,0.84672,3695.15,0,18.483,0.602186,0.216518,2.23949,1.35918,1.36739,1.84562,0.42336,0,0,18.483,0.42336,442.007,0,0.327129,0,0,0.543647,0.216518,1.028160,1,0,10.222,0,0,0,10.222,0
35.1473,1.83532,0,0,1.35135,0.133247,0.36288,3.6288,41.1744,1.18015,0,0,0.596606,0.155658,0,0.66528,12.849,1,0.652745,0.36288,0,30.7568,4.08139,26.3856,0.84672,12.849,0.84672,3695.15,0,18.483,0.602156,0.216518,2.23967,3.01162,0.978006,3.88764,0.42336,0,0,18.483,0.42336,442.007,0,0.513287,0,0,0.729805,0.216518,1.028160,1,0,30.2732,0,0,0,30.2732,0
34.8896,1.76142,0,0,2.02607,0.159502,0.36288,3.6288,40.8634,0.90555,0,0,0.744311,0.149819,0,0.66528,12.849,1,0.643932,0.36288,0,42.7959,3.93698,38.5779,0.84672,12.849,0.84672,3695.15,0,18.483,0.531165,0.216518,2.23984,2.82544,0.927818,3.82282,0.42336,0,0,18.483,0.42336,442.007,0,0.78789,0,0,1.00441,0.216518,1.028160,1,0,42.4007,0,0,0,42.4007,0
33.2896,1.70217,0,0,0.659548,0.194507,0.36288,3.6288,40.229,1.00323,0,0,0.538658,0.169808,0,0.66528,12.849,1,0.626867,0.36288,0,22.9614,4.095,18.6024,0.84672,12.849,0.84672,3695.15,0,18.483,0.608468,0.216518,2.16949,2.14032,0.964595,2.95327,0.42336,0,0,18.483,0.42336,442.007,0,0.690211,0,0,0.906729,0.216518,1.028160,1,0,21.5557,0,0,0,21.5557,0
32.3496,1.88631,0,0,1.49993,0.190726,0.36288,3.6288,40.0251,0.800747,0,0,0.765567,0.16876,0,0.66528,12.849,1,0.728073,0.36288,0,44.8502,4.095,40.39,0.84672,12.849,0.84672,3695.15,0,18.483,0.740893,0.292723,2.21491,3.71352,0.964595,4.51566,0.42336,0,0,18.483,0.42336,442.007,0,0.892693,0,0,1.18542,0.292723,1.028160,1,0,44.9057,0,0,0,44.9057,0
32.5089,1.66839,0,0,2.37911,0.188506,0.36288,3.6288,40.7941,0.66528,0,0,1.60275,0.168426,0,0.66528,12.849,1,0.662671,0.36288,0,61.0219,4.095,56.6271,0.84672,12.849,0.84672,3695.15,0,18.483,0.608411,1.00308,2.3707,5.9792,0.964595,7.77997,0.42336,0,0,18.483,0.42336,442.007,0,1.02816,0,0,2.03124,1.00308,1.028160,1,0,64.4071,0,0,0,64.4071,0
31.7964,1.68933,0,0,1.52855,0.188882,0.36288,3.6288,41.1541,0.66528,0,0,1.19499,0.169694,0,0.66528,12.849,1,0.6677,0.36288,0,41.9704,4.095,37.5705,0.84672,12.849,0.84672,3695.15,0,18.483,0.579664,0.733692,2.21525,5.89934,0.964595,7.30402,0.42336,0,0,18.483,0.42336,442.007,0,1.02816,0,0,1.76185,0.733692,1.028160,1,0,44.8746,0,0,0,44.8746,0
31.5863,1.56457,0,0,1.92557,0.208158,0.36288,3.6288,41.0782,0.724827,0,0,0.796668,0.147733,0,0.66528,12.849,1,0.632247,0.36288,0,24.4272,3.8282,20.3296,0.84672,12.849,0.84672,3695.15,0,18.483,0.740859,0.292723,2.19791,4.57759,0.93949,5.38787,0.42336,0,0,18.483,0.42336,442.007,0,0.968613,0,0,1.26134,0.292723,1.028160,1,0,25.7175,0,0,0,25.7175,0
33.5996,1.56228,0,0,4.14603,0.207606,0.36288,3.6288,41.6767,0.66528,0,0,1.41142,0.147624,0,0.66528,12.849,1,0.63552,0.36288,0,53.7552,3.8282,49.6544,0.84672,12.849,0.84672,3695.15,0,18.483,0.740859,1.20334,2.29242,7.1636,0.93949,8.97902,0.42336,0,0,18.483,0.42336,442.007,0,1.02816,0,0,2.2315,1.20334,1.028160,1,0,58.6334,0,0,0,58.6334,0
34.5096,2.30631,0,0,3.79481,0.215589,0.36288,3.6288,42.706,0.288644,0,0,1.50767,0.189804,0,0.66528,12.849,1,0.881967,0.36288,0,53.4534,4.55081,48.3835,0.84672,12.849,0.84672,3695.15,0,18.483,0.128009,0.673168,2.29261,8.19953,1.2245,9.8128,0.42336,0,0,18.483,0.42336,442.007,0,1.02816,0,0,1.70133,0.673168,1.028160,1,0,58.1963,0,0,0,58.1963,0
36.8166,2.32375,0,0,5.19246,0.198895,0.36288,3.6288,44.4196,0.291011,0,0,2.19494,0.190308,0,0.66528,12.849,1,0.865203,0.36288,0,68.3819,3.86932,64.0102,0.84672,12.849,0.84672,3695.15,0,18.483,0.125949,1.55099,1.71374,9.32516,0.969571,11.4944,0.42336,0,0,18.483,0.42336,442.007,0,1.02816,0,0,2.57915,1.55099,1.028160,1,0,75.5046,0,0,0,75.5046,0
36.8213,2.43849,0,0,2.99616,0.190101,0.36288,3.6288,45.3737,0.327655,0,0,1.45679,0.174962,0,0.66528,12.849,1,0.851035,0.36288,0,51.0104,3.5654,46.9568,0.84672,12.849,0.84672,3695.15,0,18.483,0.136338,0.812722,1.71411,9.05066,0.869934,10.5712,0.42336,0,0,18.483,0.42336,442.007,0,1.02816,0,0,1.84088,0.812722,1.028160,1,0,57.5281,0,0,0,57.5281,0
35.0987,2.43906,0,0,1.26154,0.182151,0.36288,3.6288,45.711,0.582068,0,0,1.09334,0.173989,0,0.66528,12.849,1,0.851126,0.36288,0,31.8838,3.57178,27.8238,0.84672,12.849,0.84672,3695.15,0,18.483,0.237105,0.412474,1.76929,3.66296,0.862598,4.74503,0.42336,0,0,18.483,0.42336,442.007,0,0.673281,0,0,1.08575,0.412474,1.028160,1,0,32.5688,0,0,0,32.5688,0
34.6164,2.40897,0,0,2.46797,0.178427,0.36288,3.6288,46.2431,0.555842,0,0,1.26242,0.174536,0,0.66528,12.849,1,0.881881,0.36288,0,48.2576,3.57178,44.1668,0.84672,12.849,0.84672,3695.15,0,18.483,0.224752,0.503194,1.76965,6.32933,0.862598,7.51482,0.42336,0,0,18.483,0.42336,442.007,0,0.712161,0,0,1.21535,0.503194,1.028160,1,0,51.6816,0,0,0,51.6816,0
35.0828,2.40049,0,0,3.44771,0.217949,0.36288,3.6288,46.6953,0.58736,0,0,1.22027,0.180655,0,0.66528,12.849,1,0.891022,0.36288,0,74.6003,3.90868,70.1635,0.84672,12.849,0.84672,3695.15,0,18.483,0.234763,0.503194,1.77001,6.4377,1.0511,7.42503,0.42336,0,0,18.483,0.42336,442.007,0,0.670931,0,0,1.17412,0.503194,1.028160,1,0,77.5886,0,0,0,77.5886,0
34.237,2.64468,0,0,2.39498,0.233207,0.36288,3.6288,47.3127,0.552174,0,0,1.34474,0.175235,0,0.66528,12.849,1,0.968609,0.36288,0,62.3018,3.99723,57.6989,0.84672,12.849,0.84672,3695.15,0,18.483,0.218562,0.503194,1.77036,5.62282,1.0674,6.61042,0.42336,0,0,18.483,0.42336,442.007,0,0.898206,0,0,1.4014,0.503194,1.028160,1,0,64.3093,0,0,0,64.3093,0
35.063,2.62781,0,0,4.02895,0.21225,0.36288,3.6288,49.0334,0.461018,0,0,2.32155,0.139811,0,0.66528,12.849,1,0.986206,0.36288,0,75.4584,3.69726,71.1378,0.84672,12.849,0.84672,3695.15,0,18.483,0.1801,1.73115,1.96655,11.1961,0.803565,13.9102,0.42336,0,0,18.483,0.42336,442.007,0,1.02816,0,0,2.75931,1.73115,1.028160,1,0,85.048,0,0,0,85.048,0
36.3812,2.64534,0,0,4.54283,0.216406,0.36288,3.6288,51.077,0.465852,0,0,2.67678,0.167335,0,0.66528,12.849,1,0.969399,0.36288,0,81.2713,3.7878,76.877,0.84672,12.849,0.84672,3695.15,0,18.483,0.175602,1.99968,1.96695,11.5099,0.998065,14.3028,0.42336,0,0,18.483,0.42336,442.007,0,1.02816,0,0,3.02784,1.99968,1.028160,1,0,91.1798,0,0,0,91.1798,0
37.8358,2.67184,0,0,4.72021,0.230854,0.36288,3.6288,52.7084,0.471258,0,0,2.26588,0.163236,0,0.66528,12.849,1,0.943632,0.36288,0,94.9856,3.89823,90.5066,0.84672,12.849,0.84672,3695.15,0,18.483,0.170532,2.00528,1.96735,10.9308,0.97367,13.7592,0.42336,0,0,18.483,0.42336,442.007,0,1.02816,0,0,3.03344,2.00528,1.028160,1,0,104.266,0,0,0,104.266,0
39.0595,2.35729,0,0,4.17684,0.232994,0.36288,3.6288,54.3204,0.300812,0,0,2.07784,0.164986,0,0.66528,12.849,1,0.800533,0.36288,0,84.6919,3.91224,80.342,0.84672,12.849,0.84672,3695.15,0,18.483,0.105484,1.81084,1.96774,10.2884,0.981153,12.9804,0.42336,0,0,18.483,0.42336,442.007,0,1.02816,0,0,2.839,1.81084,1.028160,1,0,93.3223,0,0,0,93.3223,0
44.459,2.37664,0,0,8.364,0.224974,0.36288,3.6288,58.0083,0.303363,0,0,4.15579,0.164502,0,0.66528,12.849,1,0.781818,0.36288,0,125.877,3.9963,121.462,0.84672,12.849,0.84672,3695.15,0,18.483,0.103222,6.17976,1.70004,16.1913,1.02605,22.9418,0.42336,0,0,18.483,0.42336,442.007,0,1.02816,0,0,7.20792,6.17976,1.028160,1,0,144.404,0,0,0,144.404,0
48.788,2.4508,0,0,7.38221,0.239568,0.36288,3.6288,60.3419,0.308559,0,0,2.81066,0.168514,0,0.66528,12.849,1,0.708299,0.36288,0,97.6113,3.9963,93.2695,0.84672,12.849,0.84672,3695.15,0,18.483,0.0983151,3.75468,1.70038,12.3218,1.02605,16.6525,0.42336,0,0,18.483,0.42336,442.007,0,1.02816,0,0,4.78284,3.75468,1.028160,1,0,109.922,0,0,0,109.922,0
51.4032,2.50104,0,0,5.73045,0.251339,0.36288,3.6288,61.308,0.31169,0,0,2.18796,0.171053,0.739126,0.66528,12.849,1,0.658685,0.36288,0,102.857,3.9963,98.5645,0.84672,12.849,0.84672,3695.15,0,18.483,0.0954722,2.67547,1.70072,9.97013,1.02605,13.2248,0.42336,0,0,18.483,0.42336,442.007,0,1.02816,0,0,3.70363,2.67547,1.028160,1,0,112.528,0,0,0,112.528,0
52.9127,2.52836,0,0,4.63092,0.230128,0.36288,3.6288,61.308,0.313068,0,0,1.46489,0.154055,0.997772,0.66528,12.849,1,0.632003,0.36288,0,83.948,3.73471,79.9441,0.84672,12.849,0.84672,3695.15,0,18.483,0.0943831,1.88616,1.70106,8.80494,0.988478,11.3093,0.42336,0,0,18.483,0.42336,442.007,0,1.02816,0,0,2.91432,1.88616,1.028160,1,0,92.2512,0,0,0,92.2512,0
57.4802,2.63631,0,0,7.79884,0.232198,0.36288,3.6288,61.308,0.357663,0,0,3.31843,0.176591,2.78418,0.66528,12.849,1,0.640186,0.36288,0,154.496,4.05426,150.165,0.84672,12.849,0.84672,3695.15,0,18.483,0.107828,3.98063,1.70141,14.0448,1.01205,18.6069,0.42336,0,0,18.483,0.42336,442.007,0,1.02816,0,0,5.00879,3.98063,1.028160,1,0,171.556,0,0,0,171.556,0
60.3986,2.67843,0,0,6.21816,0.258462,0.36288,3.6288,61.308,0.357894,0,0,2.9673,0.195231,2.41417,0.66528,12.849,1,0.59873,0.36288,0,120.388,4.32159,115.831,0.84672,12.849,0.84672,3695.15,0,18.483,0.107897,3.30436,1.76801,12.0539,1.04151,15.9769,0.42336,0,0,18.483,0.42336,442.007,0,1.02816,0,0,4.33252,3.30436,1.028160,1,0,134.222,0,0,0,134.222,0
62.3858,2.70282,0,0,5.31881,0.265826,0.36288,3.6288,61.308,0.358125,0,0,2.69552,0.195231,2.14216,0.66528,12.849,1,0.57499,0.36288,0,100.551,4.32159,96.0169,0.84672,12.849,0.84672,3695.15,0,18.483,0.107967,3.31673,1.76837,10.8413,1.04151,14.7769,0.42336,0,0,18.483,0.42336,442.007,0,1.02816,0,0,4.34489,3.31673,1.028160,1,0,112.936,0,0,0,112.936,0
64.1925,2.71856,0,0,5.14676,0.258673,0.36288,3.6288,61.308,0.358356,0,0,2.50689,0.188124,1.96041,0.66528,12.849,1,0.559915,0.36288,0,86.5054,4.04622,82.2622,0.84672,12.849,0.84672,3695.15,0,18.483,0.108036,2.85967,1.76872,10.4029,1.03751,13.8857,0.42336,0,0,18.483,0.42336,442.007,0,1.02816,0,0,3.88783,2.85967,1.028160,1,0,98.1083,0,0,0,98.1083,0
66.0954,2.69458,0,0,5.19051,0.230092,0.36288,3.6288,61.308,0.341339,0,0,2.34056,0.187723,1.8115,0.66528,12.849,1,0.539357,0.36288,0,96.8043,3.81536,92.8125,0.84672,12.849,0.84672,3695.15,0,18.483,0.102906,2.76834,1.76908,10.2394,1.07386,13.6001,0.42336,0,0,18.483,0.42336,442.007,0,1.02816,0,0,3.7965,2.76834,1.028160,1,0,108.224,0,0,0,108.224,0
66.855,2.70813,0,0,4.06007,0.229449,0.36288,3.6288,61.308,0.341566,0,0,1.8779,0.210876,1.32545,0.66528,12.849,1,0.526462,0.36288,0,84.9001,4.42543,80.3111,0.84672,12.849,0.84672,3695.15,0,18.483,0.102975,2.02255,1.74362,7.8872,1.13569,10.4147,0.42336,0,0,18.483,0.42336,442.007,0,1.02816,0,0,3.05071,2.02255,1.028160,1,0,92.0512,0,0,0,92.0512,0
67.1856,2.71369,0,0,3.63793,0.230837,0.36288,3.6288,61.308,0.341794,0,0,1.65935,0.210876,1.10668,0.66528,12.849,1,0.521549,0.36288,0,72.8663,4.42543,68.2822,0.84672,12.849,0.84672,3695.15,0,18.483,0.103043,1.64729,1.74397,6.87105,1.13569,9.02357,0.42336,0,0,18.483,0.42336,442.007,0,1.02816,0,0,2.67545,1.64729,1.028160,1,0,78.4124,0,0,0,78.4124,0
67.2594,2.71639,0,0,3.36377,0.210673,0.36288,3.6288,61.308,0.342022,0,0,1.54396,0.182432,1.01951,0.66528,12.849,1,0.5195,0.36288,0,69.2099,3.83563,65.2176,0.84672,12.849,0.84672,3695.15,0,18.483,0.103112,1.51171,1.74432,6.19393,0.986095,8.36076,0.42336,0,0,18.483,0.42336,442.007,0,1.02816,0,0,2.53987,1.51171,1.028160,1,0,74.5979,0,0,0,74.5979,0
67.0774,2.84632,0,0,3.22974,0.202484,0.36288,3.6288,61.308,0.403464,0,0,1.571,0.171054,0.996484,0.66528,12.849,1,0.543751,0.36288,0,63.1454,3.59972,59.3649,0.84672,12.849,0.84672,3695.15,0,18.483,0.121636,1.89214,1.74467,6.49482,0.926258,9.08374,0.42336,0,0,18.483,0.42336,442.007,0,1.02816,0,0,2.9203,1.89214,1.028160,1,0,69.4451,0,0,0,69.4451,0
66.502,2.84566,0,0,2.80241,0.169287,0.36288,3.6288,61.308,0.403704,0,0,1.19086,0.222797,0.564359,0.66528,12.849,1,0.545099,0.36288,0,57.3835,4.23601,52.9653,0.84672,12.849,0.84672,3695.15,0,18.483,0.121708,1.06124,1.83535,5.84588,1.06162,7.55913,0.42336,0,0,18.483,0.42336,442.007,0,1.02816,0,0,2.0894,1.06124,1.028160,1,0,61.0888,0,0,0,61.0888,0
65.8175,2.84227,0,0,2.68182,0.161241,0.36288,3.6288,61.308,0.403944,0,0,1.25211,0.224582,0.623583,0.66528,12.849,1,0.549162,0.36288,0,53.9157,4.2902,49.4392,0.84672,12.849,0.84672,3695.15,0,18.483,0.12178,1.04954,1.83572,6.09019,1.05159,7.80208,0.42336,0,0,18.483,0.42336,442.007,0,1.02816,0,0,2.0777,1.04954,1.028160,1,0,57.8649,0,0,0,57.8649,0
65.0182,2.83807,0,0,2.562,0.160365,0.36288,3.6288,61.308,0.404184,0,0,1.25741,0.224582,0.628648,0.66528,12.849,1,0.554052,0.36288,0,50.6565,4.2902,46.1751,0.84672,12.849,0.84672,3695.15,0,18.483,0.121853,0.958012,1.83609,5.85611,1.05159,7.47676,0.42336,0,0,18.483,0.42336,442.007,0,1.02816,0,0,1.98617,0.958012,1.028160,1,0,54.2805,0,0,0,54.2805,0
64.0582,2.83295,0,0,2.39522,0.159342,0.36288,3.6288,61.308,0.404424,0,0,1.17053,0.224582,0.541524,0.66528,12.849,1,0.559852,0.36288,0,47.2776,4.2902,42.7905,0.84672,12.849,0.84672,3695.15,0,18.483,0.121925,0.851662,1.83646,5.54721,1.05159,7.06181,0.42336,0,0,18.483,0.42336,442.007,0,1.02816,0,0,1.87982,0.851662,1.028160,1,0,50.3938,0,0,0,50.3938,0
63.5139,2.80121,0,0,2.73348,0.113655,0.36288,3.6288,61.308,0.438343,0,0,0.980493,0.237047,0.305104,0.66528,12.849,1,0.561876,0.36288,0,47.9563,5.02814,42.7292,0.84672,12.849,0.84672,3695.15,0,18.483,0.132151,0.90847,1.83682,6.89572,1.16135,8.34752,0.42336,0,0,18.483,0.42336,442.007,0,1.02816,0,0,1.93663,0.90847,1.028160,1,0,51.3818,0,0,0,51.3818,0
62.9458,2.79777,0,0,2.71395,0.121418,0.36288,3.6288,61.308,0.43859,0,0,0.899588,0.21846,0.242539,0.66528,12.849,1,0.565994,0.36288,0,48.2595,4.77802,43.2784,0.84672,12.849,0.84672,3695.15,0,18.483,0.132225,0.913861,1.86536,7.23876,1.12783,8.75793,0.42336,0,0,18.483,0.42336,442.007,0,1.02816,0,0,1.94202,0.913861,1.028160,1,0,52.2788,0,0,0,52.2788,0
62.1484,2.79409,0,0,2.48035,0.120857,0.36288,3.6288,61.308,0.438836,0,0,0.841242,0.21846,0.183946,0.66528,12.849,1,0.570351,0.36288,0,45.3925,4.77802,40.407,0.84672,12.849,0.84672,3695.15,0,18.483,0.132299,0.631515,1.86574,6.88815,1.12783,8.12527,0.42336,0,0,18.483,0.42336,442.007,0,1.02816,0,0,1.65967,0.631515,1.028160,1,0,48.7162,0,0,0,48.7162,0
61.1752,2.78858,0,0,2.28075,0.102494,0.36288,3.6288,61.308,0.439083,0,0,0.797195,0.262336,0.095776,0.66528,12.849,1,0.576532,0.36288,0,40.6417,5.34263,35.0854,0.84672,12.849,0.84672,3695.15,0,18.483,0.132374,0.632612,1.86611,6.55845,1.33392,7.59088,0.42336,0,0,18.483,0.42336,442.007,0,1.02816,0,0,1.66077,0.632612,1.028160,1,0,42.7721,0,0,0,42.7721,0
60.1493,2.84648,0,0,2.2714,0.0878598,0.36288,3.6288,61.2837,0.469369,0,0,0.745511,0.30041,0,0.66528,12.849,1,0.597864,0.36288,0,37.0522,5.75888,31.0583,0.84672,12.849,0.84672,3695.15,0,18.483,0.141504,0.657279,1.86649,6.37667,1.48351,7.27542,0.42336,0,0,18.483,0.42336,442.007,0,1.02816,0,0,1.68544,0.657279,1.028160,1,0,38.3338,0,0,0,38.3338,0
59.3871,2.83865,0,0,2.52459,0.0852674,0.36288,3.6288,61.2422,0.469579,0,0,0.741277,0.313277,0,0.66528,12.849,1,0.606387,0.36288,0,37.9455,5.74088,31.9611,0.84672,12.849,0.84672,3695.15,0,18.483,0.141624,0.919452,1.91179,6.81618,1.47105,8.03475,0.42336,0,0,18.483,0.42336,442.007,0,1.02816,0,0,1.94761,0.919452,1.028160,1,0,39.9959,0,0,0,39.9959,0
58.3022,2.83282,0,0,2.19544,0.0846468,0.36288,3.6288,61.1558,0.469759,0,0,0.696635,0.313195,0,0.66528,12.849,1,0.612909,0.36288,0,35.9005,5.74088,29.9096,0.84672,12.849,0.84672,3695.15,0,18.483,0.141774,0.755024,1.91217,6.63319,1.47105,7.68756,0.42336,0,0,18.483,0.42336,442.007,0,1.02816,0,0,1.78318,0.755024,1.028160,1,0,37.5972,0,0,0,37.5972,0
57.0532,2.82404,0,0,2.02164,0.0837634,0.36288,3.6288,61.0555,0.469858,0,0,0.68256,0.313024,0,0.66528,12.849,1,0.622379,0.36288,0,33.8592,5.74088,27.8588,0.84672,12.849,0.84672,3695.15,0,18.483,0.142004,0.663301,1.91256,6.56605,1.47105,7.52886,0.42336,0,0,18.483,0.42336,442.007,0,1.02816,0,0,1.69146,0.663301,1.028160,1,0,35.3877,0,0,0,35.3877,0
55.3005,3.00138,0,0,1.67842,0.0668026,0.36288,3.6288,60.8382,0.578341,0,0,0.678845,0.317772,0,0.66528,12.849,1,0.675944,0.36288,0,32.1093,6.03516,25.761,0.84672,12.849,0.84672,3695.15,0,18.483,0.175078,0.653011,1.91294,6.25303,1.45677,7.18713,0.42336,0,0,18.483,0.42336,442.007,0,1.02816,0,0,1.68117,0.653011,1.028160,1,0,32.9482,0,0,0,32.9482,0
53.7862,2.9846,0,0,1.91889,0.0857399,0.36288,3.6288,60.5,0.578135,0,0,0.597435,0.357576,0,0.66528,12.849,1,0.693467,0.36288,0,29.3443,6.19147,22.8222,0.84672,12.849,0.84672,3695.15,0,18.483,0.175641,0.398192,2.06558,4.81181,1.49184,5.60811,0.42336,0,0,18.483,0.42336,442.007,0,1.02816,0,0,1.42635,0.398192,1.028160,1,0,28.4303,0,0,0,28.4303,0
52.5069,2.96944,0,0,2.13646,0.0834573,0.36288,3.6288,60.2419,0.577657,0,0,0.679617,0.360045,0,0.66528,12.849,1,0.709369,0.36288,0,33.0577,6.28509,26.4261,0.84672,12.849,0.84672,3695.15,0,18.483,0.176477,0.63237,2.06599,4.37403,1.52533,5.37058,0.42336,0,0,18.483,0.42336,442.007,0,1.02816,0,0,1.66053,0.63237,1.028160,1,0,31.7967,0,0,0,31.7967,0
50.8197,2.95614,0,0,1.71415,0.0823718,0.36288,3.6288,59.8395,0.577353,0,0,0.534404,0.359454,0,0.66528,12.849,1,0.7234,0.36288,0,38.883,6.28509,32.2374,0.84672,12.849,0.84672,3695.15,0,18.483,0.177139,0.303877,2.06641,3.63349,1.52533,4.30131,0.42336,0,0,18.483,0.42336,442.007,0,1.02816,0,0,1.33204,0.303877,1.028160,1,0,36.5387,0,0,0,36.5387,0
49.4684,2.93756,0,0,2.03011,0.08094,0.36288,3.6288,59.72,0.576716,0,0,0.81575,0.358534,0,0.66528,12.849,1,0.74272,0.36288,0,33.3743,6.28509,26.7094,0.84672,12.849,0.84672,3695.15,0,18.483,0.178134,0.975646,2.06682,4.91363,1.52533,6.25263,0.42336,0,0,18.483,0.42336,442.007,0,1.02816,0,0,2.00381,0.975646,1.028160,1,0,32.962,0,0,0,32.962,0
47.475,2.83289,0,0,1.31482,0.112394,0.36288,3.6288,59.3629,0.512795,0,0,0.505296,0.349556,0,0.66528,12.849,1,0.73582,0.36288,0,31.0116,5.84523,24.7935,0.84672,12.849,0.84672,3695.15,0,18.483,0.158707,0.204422,2.06724,3.9306,1.44194,4.60161,0.42336,0,0,18.483,0.42336,442.007,0,1.02606,0,0,1.23048,0.204422,1.028160,1,0,29.3951,0,0,0,29.3951,0
45.0334,2.80914,0,0,0.864285,0.133915,0.36288,3.6288,58.5072,0.839029,0,0,0.325517,0.342245,0,0.66528,12.849,1,0.760287,0.36288,0,32.8636,5.51534,26.9509,0.84672,12.849,0.84672,3695.15,0,18.483,0.261237,0.204422,1.98031,2.58161,1.3794,3.12571,0.42336,0,0,18.483,0.42336,442.007,0,0.597637,0,0,0.80206,0.204422,1.028160,1,0,30.0766,0,0,0,30.0766,0
42.4659,2.77763,0,0,0.728499,0.15551,0.36288,3.6288,57.544,0.921267,0,0,0.277747,0.319614,0,0.66528,12.849,1,0.792517,0.36288,0,22.9859,5.17931,17.377,0.84672,12.849,0.84672,3695.15,0,18.483,0.291037,0.216518,1.98071,3.36593,1.29222,3.9799,0.42336,0,0,18.483,0.42336,442.007,0,0.48594,0,0,0.702458,0.216518,1.028160,1,0,21.3569,0,0,0,21.3569,0
40.2936,2.74139,0,0,1.0535,0.12152,0.36288,3.6288,56.7514,0.796438,0,0,0.342694,0.338842,0,0.66528,12.849,1,0.829469,0.36288,0,23.1428,5.6922,16.984,0.84672,12.849,0.84672,3695.15,0,18.483,0.255814,0.216518,1.98111,4.75638,1.22831,5.46988,0.42336,0,0,18.483,0.42336,442.007,0,0.646333,0,0,0.862851,0.216518,1.028160,1,0,22.4539,0,0,0,22.4539,0
41.0008,2.63807,0,0,3.85219,0.144037,0.36288,3.6288,56.6395,0.447013,0,0,0.604236,0.269157,0,0.66528,12.849,1,0.841241,0.36288,0,51.3016,4.90045,45.9228,0.84672,12.849,0.84672,3695.15,0,18.483,0.145585,0.384687,1.98151,8.95414,0.973325,10.2014,0.42336,0,0,18.483,0.42336,442.007,0,1.02816,0,0,1.41285,0.384687,1.028160,1,0,56.1243,0,0,0,56.1243,0
39.0941,2.64965,0,0,1.28061,0.174733,0.36288,3.6288,56.0049,0.752761,0,0,0.348527,0.23034,0,0.66528,12.849,1,0.83036,0.36288,0,26.5064,4.03714,22.0018,0.84672,12.849,0.84672,3695.15,0,18.483,0.245646,0.216518,1.90422,4.31023,1.05124,5.13408,0.42336,0,0,18.483,0.42336,442.007,0,0.622676,0,0,0.839195,0.216518,1.028160,1,0,27.1359,0,0,0,27.1359,0
36.9995,2.6197,0,0,1.05881,0.170861,0.36288,3.6288,55.3789,0.696961,0,0,0.300309,0.229388,0,0.66528,12.849,1,0.861012,0.36288,0,21.2577,4.03714,16.7224,0.84672,12.849,0.84672,3695.15,0,18.483,0.230014,0.216518,1.9046,4.1809,1.05124,5.02077,0.42336,0,0,18.483,0.42336,442.007,0,0.694434,0,0,0.910952,0.216518,1.028160,1,0,21.7432,0,0,0,21.7432,0
36.5781,2.58404,0,0,2.69224,0.166725,0.36288,3.6288,55.6669,0.44504,0,0,0.961449,0.228449,0,0.66528,12.849,1,0.897372,0.36288,0,59.3069,4.03714,54.7353,0.84672,12.849,0.84672,3695.15,0,18.483,0.148534,1.74378,1.90499,9.77098,1.05124,12.22,0.42336,0,0,18.483,0.42336,442.007,0,1.02816,0,0,2.77194,1.74378,1.028160,1,0,66.9553,0,0,0,66.9553,0
36.8185,2.38283,0,0,3.16806,0.1819,0.36288,3.6288,56.3696,0.323543,0,0,1.24011,0.213777,0,0.66528,12.849,1,0.837032,0.36288,0,70.761,3.81949,66.4673,0.84672,12.849,0.84672,3695.15,0,18.483,0.107426,0.780071,1.90537,9.89916,0.989588,11.4876,0.42336,0,0,18.483,0.42336,442.007,0,1.02816,0,0,1.80823,0.780071,1.028160,1,0,77.9549,0,0,0,77.9549,0
36.3648,2.38736,0,0,2.4876,0.191048,0.36288,3.6288,56.6206,0.324773,0,0,0.773099,0.197367,0,0.66528,12.849,1,0.833147,0.36288,0,69.8146,4.67757,64.6667,0.84672,12.849,0.84672,3695.15,0,18.483,0.106489,0.913758,1.73073,11.271,1.12081,12.6882,0.42336,0,0,18.483,0.42336,442.007,0,1.02816,0,0,1.94192,0.913758,1.028160,1,0,77.3549,0,0,0,77.3549,0
34.7004,2.38016,0,0,1.26343,0.184797,0.36288,3.6288,56.5092,0.428728,0,0,0.51849,0.201119,0,0.66528,12.849,1,0.840996,0.36288,0,46.3819,4.91127,40.9925,0.84672,12.849,0.84672,3695.15,0,18.483,0.139952,0.292723,1.73107,9.18786,1.16837,9.90334,0.42336,0,0,18.483,0.42336,442.007,0,0.891035,0,0,1.18376,0.292723,1.028160,1,0,50.8958,0,0,0,50.8958,0
33.1783,2.35119,0,0,1.37805,0.186165,0.36288,3.6288,56.2567,0.47576,0,0,0.429519,0.206263,0,0.66528,12.849,1,0.870609,0.36288,0,34.3119,4.67562,29.1285,0.84672,12.849,0.84672,3695.15,0,18.483,0.155611,0.412474,1.73142,7.65772,1.16948,8.47652,0.42336,0,0,18.483,0.42336,442.007,0,0.828636,0,0,1.24111,0.412474,1.028160,1,0,37.605,0,0,0,37.605,0
33.1032,2.32287,0,0,2.80962,0.198968,0.36288,3.6288,56.4289,0.325273,0,0,0.694559,0.197157,0,0.66528,12.849,1,0.899581,0.36288,0,53.5934,3.839,49.2177,0.84672,12.849,0.84672,3695.15,0,18.483,0.106868,1.36437,1.73177,14.1629,1.10515,16.0471,0.42336,0,0,18.483,0.42336,442.007,0,1.02816,0,0,2.39253,1.36437,1.028160,1,0,65.2648,0,0,0,65.2648,0
37.0933,2.3214,0,0,6.87666,0.202222,0.36288,3.6288,58.8667,0.325518,0,0,2.95144,0.188116,0,0.66528,12.849,1,0.901051,0.36288,0,156.916,3.70483,152.673,0.84672,12.849,0.84672,3695.15,0,18.483,0.106622,5.74671,1.73212,29.575,1.04707,35.9001,0.42336,0,0,18.483,0.42336,442.007,0,1.02816,0,0,6.77487,5.74671,1.028160,1,0,188.573,0,0,0,188.573,0
43.8441,2.46884,0,0,9.79232,0.209802,0.36288,3.6288,61.308,0.365036,0,0,5.21219,0.218284,2.18756,0.66528,12.849,1,0.855199,0.36288,0,210.376,3.96596,205.918,0.84672,12.849,0.84672,3695.15,0,18.483,0.114614,8.65607,1.73212,31.1285,1.08893,40.3131,0.42336,0,0,18.483,0.42336,442.007,0,1.02816,0,0,9.68423,8.65607,1.028160,1,0,248.419,0,0,0,248.419,0
47.3399,2.57117,0,0,6.65686,0.227013,0.36288,3.6288,61.308,0.368762,0,0,3.13781,0.221706,2.54735,0.66528,12.849,1,0.753508,0.36288,0,143.713,3.96596,139.356,0.84672,12.849,0.84672,3695.15,0,18.483,0.111174,4.05825,1.78786,15.0277,1.08893,19.6737,0.42336,0,0,18.483,0.42336,442.007,0,1.02816,0,0,5.08641,4.05825,1.028160,1,0,161.577,0,0,0,161.577,0
50.1414,2.61543,0,0,6.02518,0.245359,0.36288,3.6288,61.308,0.368982,0,0,2.74001,0.206247,2.16478,0.66528,12.849,1,0.709879,0.36288,0,129.526,3.70837,125.47,0.84672,12.849,0.84672,3695.15,0,18.483,0.11124,2.91324,1.7882,13.5081,1.02872,17.0696,0.42336,0,0,18.483,0.42336,442.007,0,1.02816,0,0,3.9414,2.91324,1.028160,1,0,144.705,0,0,0,144.705,0
52.6566,2.6475,0,0,5.80236,0.276796,0.36288,3.6288,61.308,0.369202,0,0,3.19937,0.1676,2.66257,0.66528,12.849,1,0.678435,0.36288,0,125.937,3.06442,122.557,0.84672,12.849,0.84672,3695.15,0,18.483,0.111306,3.81187,1.78854,13.8878,0.878194,18.4988,0.42336,0,0,18.483,0.42336,442.007,0,1.02816,0,0,4.84003,3.81187,1.028160,1,0,143.718,0,0,0,143.718,0
57.7729,2.93488,0,0,8.70178,0.287716,0.36288,3.6288,61.308,0.505744,0,0,6.47594,0.176485,5.79371,0.66528,12.849,1,0.716154,0.36288,0,168.103,3.45933,164.291,0.84672,12.849,0.84672,3695.15,0,18.483,0.152471,7.11798,1.78888,23.7717,1.01472,31.5114,0.42336,0,0,18.483,0.42336,442.007,0,1.02816,0,0,8.14614,7.11798,1.028160,1,0,201.596,0,0,0,201.596,0
64.0559,2.98733,0,0,9.936,0.302857,0.36288,3.6288,61.308,0.505989,0,0,7.82667,0.176485,7.1442,0.66528,12.849,1,0.664397,0.36288,0,244.194,3.45933,240.433,0.84672,12.849,0.84672,3695.15,0,18.483,0.152545,10.3684,1.9871,35.0934,1.01472,46.2817,0.42336,0,0,18.483,0.42336,442.007,0,1.02816,0,0,11.3966,10.3684,1.028160,1,0,293.859,0,0,0,293.859,0
69.0633,3.04218,0,0,8.73608,0.323611,0.36288,3.6288,61.308,0.506235,0,0,6.64062,0.154598,5.97978,0.66528,12.849,1,0.610233,0.36288,0,183.668,3.08126,180.34,0.84672,12.849,0.84672,3695.15,0,18.483,0.152619,7.65947,1.98747,28.9057,0.906315,37.4937,0.42336,0,0,18.483,0.42336,442.007,0,1.02816,0,0,8.68763,7.65947,1.028160,1,0,223.813,0,0,0,223.813,0
72.29,3.08007,0,0,7.11668,0.3382,0.471672,3.6288,61.308,0.506481,0,0,3.97618,0.145844,3.32386,0.66528,12.849,1,0.573037,0.471672,0,136.289,2.93003,133.258,0.84672,12.849,0.84672,3695.15,0,18.483,0.152693,5.68855,1.98785,18.1824,0.862952,24.8432,0.42336,0,0,18.483,0.42336,442.007,0,1.02816,0,0,6.71671,5.68855,1.028160,1,0,161.425,0,0,0,161.425,0
72.29,2.70913,0,0,9.04444,0.361873,5.97344,3.6288,61.308,0.323641,0,0,7.99561,0.140225,7.53175,0.66528,12.849,1,0.481527,5.97344,0,357.873,3.71563,359.649,0.84672,12.849,0.84672,3695.15,0,18.483,0.0975706,6.65129,1.98823,32.6384,0.972094,40.2082,0.42336,0,0,18.483,0.42336,442.007,0,1.02816,0,0,7.67945,6.65129,1.028160,1,0,407.389,0,0,0,407.389,0
72.29,2.70964,0,0,10.0404,0.361873,6.96885,3.6288,61.308,0.323852,0,0,5.87745,0.140225,5.41337,0.66528,12.849,1,0.481619,6.96885,0,272.339,3.71563,275.11,0.84672,12.849,0.84672,3695.15,0,18.483,0.0976343,8.26909,1.71771,34.1457,0.972094,43.0628,0.42336,0,0,18.483,0.42336,442.007,0,1.02816,0,0,9.29725,8.26909,1.028160,1,0,323.587,0,0,0,323.587,0
72.29,2.71016,0,0,18.3697,0.361873,15.2976,3.6288,61.308,0.324063,0,0,12.7269,0.140225,12.2626,0.66528,12.849,1,0.48171,15.2976,0,297.308,3.71563,308.408,0.84672,12.849,0.84672,3695.15,0,18.483,0.0976979,11.4322,1.71804,50.0805,0.972094,62.1609,0.42336,0,0,18.483,0.42336,442.007,0,1.02816,0,0,12.4603,11.4322,1.028160,1,0,382.831,0,0,0,382.831,0
72.29,1.87511,0,0,11.23,0.36347,8.99143,3.6288,61.308,0.66528,0,0,6.29059,0.0720969,5.55321,0.66528,12.849,1,0.333287,8.99143,0,267.844,3.40306,273.099,0.84672,12.849,0.84672,3695.15,0,18.483,0.740827,6.39217,1.71836,33.2353,0.859447,39.7456,0.42336,0,0,18.483,0.42336,442.007,0,1.02816,0,0,7.42033,6.39217,1.028160,1,0,318.398,0,0,0,318.398,0
72.29,1.65204,0,0,10.5164,0.347833,8.51656,3.6288,61.308,0.66528,0,0,6.56144,0.122957,5.7732,0.66528,12.849,1,0.293638,8.51656,0,232.325,3.95091,236.597,0.84672,12.849,0.84672,3695.15,0,18.483,0.621084,5.51343,2.29457,27.4741,0.965826,33.6952,0.42336,0,0,18.483,0.42336,442.007,0,1.02816,0,0,6.54159,5.51343,1.028160,1,0,276.066,0,0,0,276.066,0
72.29,1.74364,0,0,12.636,0.335906,10.5564,3.6288,61.308,0.66528,0,0,8.99804,0.169619,8.16314,0.66528,12.849,1,0.30992,10.5564,0,219.002,4.40087,224.847,0.84672,12.849,0.84672,3695.15,0,18.483,0.674592,6.96609,2.15282,35.5805,1.05969,42.9651,0.42336,0,0,18.483,0.42336,442.007,0,1.02816,0,0,7.99425,6.96609,1.028160,1,0,275.975,0,0,0,275.975,0
72.29,1.79391,0,0,12.7815,0.335906,10.6517,3.6288,61.308,0.66528,0,0,7.39714,0.169619,6.56224,0.66528,12.849,1,0.318854,10.6517,0,230.469,4.40087,236.401,0.84672,12.849,0.84672,3695.15,0,18.483,0.616232,5.60257,2.21438,31.8795,1.05969,38.0206,0.42336,0,0,18.483,0.42336,442.007,0,1.02816,0,0,6.63073,5.60257,1.028160,1,0,280.984,0,0,0,280.984,0
72.29,1.79464,0,0,9.89945,0.320948,7.78387,3.6288,61.308,0.66528,0,0,6.20171,0.167351,5.36907,0.66528,12.849,1,0.318984,7.78387,0,196.036,4.16048,199.34,0.84672,12.849,0.84672,3695.15,0,18.483,0.616208,4.86504,2.18038,24.2717,1.05967,29.6412,0.42336,0,0,18.483,0.42336,442.007,0,1.02816,0,0,5.8932,4.86504,1.028160,1,0,234.35,0,0,0,234.35,0
72.29,1.79537,0,0,8.69607,0.268118,6.63258,3.6288,61.308,0.66528,0,0,4.9418,0.186034,4.09049,0.66528,12.849,1,0.319114,6.63258,0,155.537,3.94935,157.901,0.84672,12.849,0.84672,3695.15,0,18.483,0.616185,4.32662,2.18053,20.4451,1.11835,25.2177,0.42336,0,0,18.483,0.42336,442.007,0,1.02816,0,0,5.35478,4.32662,1.028160,1,0,187.21,0,0,0,187.21,0
72.29,1.76053,0,0,7.76062,0.255747,5.74434,3.6288,61.308,0.66528,0,0,2.18748,0.193399,1.3288,0.66528,12.849,1,0.312922,5.74434,0,144.995,3.52823,146.898,0.84672,12.849,0.84672,3695.15,0,18.483,0.595355,2.97636,2.18067,14.8967,1.09214,18.3663,0.42336,0,0,18.483,0.42336,442.007,0,1.02816,0,0,4.00452,2.97636,1.028160,1,0,166.593,0,0,0,166.593,0
72.29,1.742,0,0,5.71682,0.233753,3.74106,3.6288,61.308,0.66528,0,0,2.78673,0.186608,1.93484,0.66528,12.849,1,0.309628,3.74106,0,115.006,3.16691,115.271,0.84672,12.849,0.84672,3695.15,0,18.483,0.618006,3.11151,2.15689,13.2731,1.05056,16.8729,0.42336,0,0,18.483,0.42336,442.007,0,1.02816,0,0,4.13967,3.11151,1.028160,1,0,134.079,0,0,0,134.079,0
72.29,1.74272,0,0,7.54221,0.233753,5.56573,3.6288,61.308,0.66528,0,0,3.16325,0.186608,2.31136,0.66528,12.849,1,0.309756,5.56573,0,119.537,3.16691,121.626,0.84672,12.849,0.84672,3695.15,0,18.483,0.617983,3.93682,2.1703,20.6574,1.05056,25.096,0.42336,0,0,18.483,0.42336,442.007,0,1.02816,0,0,4.96498,3.93682,1.028160,1,0,149.033,0,0,0,149.033,0
72.29,1.97259,0,0,5.8361,0.21842,3.64509,3.6288,61.308,0.66528,0,0,3.04703,0.176661,2.20508,0.66528,12.849,1,0.350613,3.64509,0,117.783,3.16292,117.915,0.84672,12.849,0.84672,3695.15,0,18.483,0.740834,3.63638,2.17044,15.2575,1.08917,19.2343,0.42336,0,0,18.483,0.42336,442.007,0,1.02816,0,0,4.66454,3.63638,1.028160,1,0,139.354,0,0,0,139.354,0
72.29,2.10505,0,0,5.49881,0.174183,3.21957,3.6288,61.308,0.66528,0,0,1.91414,0.217686,1.03117,0.66528,12.849,1,0.374157,3.21957,0,85.25,4.63713,83.4583,0.84672,12.849,0.84672,3695.15,0,18.483,0.82132,2.28023,2.31609,12.5358,1.15948,15.1513,0.42336,0,0,18.483,0.42336,442.007,0,1.02816,0,0,3.30839,2.28023,1.028160,1,0,99.6408,0,0,0,99.6408,0
72.29,2.17418,0,0,5.31246,0.173199,2.96508,3.6288,61.308,0.66528,0,0,1.73658,0.228669,0.842631,0.66528,12.849,1,0.386445,2.96508,0,77.2571,4.8845,74.9513,0.84672,12.849,0.84672,3695.15,0,18.483,0.740849,2.11002,2.40751,11.7322,1.15511,14.3537,0.42336,0,0,18.483,0.42336,442.007,0,1.02816,0,0,3.13818,2.11002,1.028160,1,0,90.1477,0,0,0,90.1477,0
72.29,2.17499,0,0,5.04171,0.178116,2.68861,3.6288,61.308,0.66528,0,0,1.7091,0.227352,0.816473,0.66528,12.849,1,0.386587,2.68861,0,74.0068,4.79988,71.5089,0.84672,12.849,0.84672,3695.15,0,18.483,0.740849,2.36622,2.36059,10.9822,1.15838,13.8098,0.42336,0,0,18.483,0.42336,442.007,0,1.02816,0,0,3.39438,2.36622,1.028160,1,0,86.1352,0,0,0,86.1352,0
72.29,2.17579,0,0,4.67997,0.19651,2.30767,3.6288,61.308,0.66528,0,0,1.64267,0.223602,0.75379,0.66528,12.849,1,0.38673,2.30767,0,68.5005,4.32424,66.0972,0.84672,12.849,0.84672,3695.15,0,18.483,0.740849,2.25278,2.36077,10.2154,1.18748,12.9006,0.42336,0,0,18.483,0.42336,442.007,0,1.02816,0,0,3.28094,2.25278,1.028160,1,0,79.7516,0,0,0,79.7516,0
72.29,2.17659,0,0,3.95313,0.13197,1.64457,3.6288,61.308,0.66528,0,0,1.69047,0.260128,0.76506,0.66528,12.849,1,0.386873,1.64457,0,62.0083,4.91744,58.3486,0.84672,12.849,0.84672,3695.15,0,18.483,0.740849,2.20893,2.36095,8.65866,1.26351,11.2242,0.42336,0,0,18.483,0.42336,442.007,0,1.02816,0,0,3.23709,2.20893,1.028160,1,0,70.3378,0,0,0,70.3378,0
72.29,2.15133,0,0,3.38793,0.133559,1.10305,3.6288,61.308,0.66528,0,0,1.59603,0.268844,0.661909,0.66528,12.849,1,0.382382,1.10305,0,55.3556,5.21808,50.8582,0.84672,12.849,0.84672,3695.15,0,18.483,0.785128,1.87485,2.36113,7.23324,1.27768,9.4064,0.42336,0,0,18.483,0.42336,442.007,0,1.02816,0,0,2.90301,1.87485,1.028160,1,0,60.9265,0,0,0,60.9265,0
72.29,2.18972,0,0,3.29831,0.133559,0.975032,3.6288,61.308,0.66528,0,0,1.51951,0.268844,0.585384,0.66528,12.849,1,0.389206,0.975032,0,49.534,5.21808,44.9017,0.84672,12.849,0.84672,3695.15,0,18.483,0.740858,1.65704,2.38976,7.15824,1.27768,9.1865,0.42336,0,0,18.483,0.42336,442.007,0,1.02816,0,0,2.6852,1.65704,1.028160,1,0,54.6736,0,0,0,54.6736,0
72.29,2.19053,0,0,3.31831,0.107599,1.02019,3.6288,61.308,0.66528,0,0,1.65224,0.291056,0.6959,0.66528,12.849,1,0.389349,1.02019,0,45.8028,5.4079,41.0257,0.84672,12.849,0.84672,3695.15,0,18.483,0.740858,1.57973,2.36403,7.23868,1.39012,9.05146,0.42336,0,0,18.483,0.42336,442.007,0,1.02816,0,0,2.60789,1.57973,1.028160,1,0,50.7731,0,0,0,50.7731,0
72.29,2.19133,0,0,3.52699,0.0987224,1.23694,3.6288,61.308,0.66528,0,0,1.90299,0.304209,0.933505,0.66528,12.849,1,0.389492,1.23694,0,61.2385,5.50283,56.5831,0.84672,12.849,0.84672,3695.15,0,18.483,0.740858,2.01182,2.36421,7.92904,1.43906,10.1251,0.42336,0,0,18.483,0.42336,442.007,0,1.02816,0,0,3.03998,2.01182,1.028160,1,0,67.6418,0,0,0,67.6418,0
72.29,2.25951,0,0,2.89853,0.107768,0.531253,3.6288,61.308,0.66528,0,0,1.53372,0.329822,0.538619,0.66528,12.849,1,0.401611,0.531253,0,55.6529,5.61676,50.1658,0.84672,12.849,0.84672,3695.15,0,18.483,0.780349,1.42853,2.36438,5.79449,1.46284,7.34422,0.42336,0,0,18.483,0.42336,442.007,0,1.02816,0,0,2.45669,1.42853,1.028160,1,0,58.0486,0,0,0,58.0486,0
72.2288,2.29386,0,0,2.70328,0.107768,0.36288,3.6288,61.308,0.66528,0,0,1.35848,0.329822,0.363383,0.66528,12.849,1,0.407716,0.36288,0,44.0262,5.61676,38.3646,0.84672,12.849,0.84672,3695.15,0,18.483,0.740865,1.39688,2.40994,5.28902,1.46284,6.89214,0.42336,0,0,18.483,0.42336,442.007,0,1.02816,0,0,2.42504,1.39688,1.028160,1,0,45.6201,0,0,0,45.6201,0
71.9227,2.29439,0,0,2.4589,0.107718,0.36288,3.6288,61.308,0.66528,0,0,1.27603,0.329822,0.280931,0.66528,12.849,1,0.408156,0.36288,0,40.4837,5.61676,34.8216,0.84672,12.849,0.84672,3695.15,0,18.483,0.740865,1.01738,2.38702,4.84059,1.46284,6.04128,0.42336,0,0,18.483,0.42336,442.007,0,1.02816,0,0,2.04554,1.01738,1.028160,1,0,41.1438,0,0,0,41.1438,0
71.9506,2.29374,0,0,2.782,0.0974644,0.36288,3.6288,61.308,0.66528,0,0,1.55137,0.323631,0.562462,0.66528,12.849,1,0.409777,0.36288,0,41.6326,5.75826,35.8275,0.84672,12.849,0.84672,3695.15,0,18.483,0.740865,1.73858,2.3872,7.09654,1.49972,8.98174,0.42336,0,0,18.483,0.42336,442.007,0,1.02816,0,0,2.76674,1.73858,1.028160,1,0,45.3717,0,0,0,45.3717,0
71.5666,2.49201,0,0,2.58717,0.116326,0.36288,3.6288,61.308,0.66528,0,0,1.32707,0.346821,0.314969,0.66528,12.849,1,0.445025,0.36288,0,36.8745,5.90655,30.8858,0.84672,12.849,0.84672,3695.15,0,18.483,0.883518,1.4342,2.38738,6.21175,1.50952,7.64029,0.42336,0,0,18.483,0.42336,442.007,0,1.02816,0,0,2.46236,1.4342,1.028160,1,0,38.841,0,0,0,38.841,0
71.1215,2.61178,0,0,2.6527,0.123082,0.36288,3.6288,61.308,0.66528,0,0,1.34848,0.359767,0.323432,0.66528,12.849,1,0.468917,0.36288,0,37.9631,5.97576,31.8813,0.84672,12.849,0.84672,3695.15,0,18.483,0.740892,1.56921,2.54136,5.53319,1.51283,7.39003,0.42336,0,0,18.483,0.42336,442.007,0,1.02816,0,0,2.59737,1.56921,1.028160,1,0,39.5948,0,0,0,39.5948,0
70.2102,2.61018,0,0,2.18445,0.122664,0.36288,3.6288,61.308,0.66528,0,0,1.17368,0.359767,0.148637,0.66528,12.849,1,0.471562,0.36288,0,47.1288,5.97576,41.0443,0.84672,12.849,0.84672,3695.15,0,18.483,0.740892,1.26687,2.45809,4.9365,1.51283,6.40773,0.42336,0,0,18.483,0.42336,442.007,0,1.02816,0,0,2.29503,1.26687,1.028160,1,0,47.6007,0,0,0,47.6007,0
69.5362,2.60589,0,0,2.41656,0.121808,0.36288,3.6288,61.308,0.66528,0,0,1.61228,0.359767,0.587229,0.66528,12.849,1,0.476897,0.36288,0,40.4065,5.97576,34.3167,0.84672,12.849,0.84672,3695.15,0,18.483,0.740892,1.9762,2.45828,5.89924,1.51283,8.07999,0.42336,0,0,18.483,0.42336,442.007,0,1.02816,0,0,3.00436,1.9762,1.028160,1,0,42.984,0,0,0,42.984,0
69.1193,2.60287,0,0,2.66191,0.113115,0.36288,3.6288,61.308,0.66528,0,0,1.06738,0.358065,0.0440316,0.66528,12.849,1,0.480961,0.36288,0,35.7981,5.98514,29.6949,0.84672,12.849,0.84672,3695.15,0,18.483,0.740893,1.77873,2.45848,6.22979,1.47756,8.24856,0.42336,0,0,18.483,0.42336,442.007,0,1.02816,0,0,2.80689,1.77873,1.028160,1,0,37.9875,0,0,0,37.9875,0
69.2791,2.50564,0,0,3.18436,0.155975,0.36288,3.6288,61.2538,0.66528,0,0,0.940594,0.329513,0,0.66528,12.849,1,0.465789,0.36288,0,26.4085,5.32066,20.9849,0.84672,12.849,0.84672,3695.15,0,18.483,0.654226,2.14232,2.45867,6.77807,1.27885,9.446,0.42336,0,0,18.483,0.42336,442.007,0,1.02816,0,0,3.17048,2.14232,1.028160,1,0,30.4309,0,0,0,30.4309,0
69.5089,2.43431,0,0,3.19213,0.165207,0.36288,3.6288,61.308,0.66528,0,0,1.05222,0.332418,0.000324769,0.66528,12.849,1,0.451483,0.36288,0,30.1163,5.36949,24.6582,0.84672,12.849,0.84672,3695.15,0,18.483,0.740876,2.19892,2.37065,7.4209,1.3068,9.94279,0.42336,0,0,18.483,0.42336,442.007,0,1.02816,0,0,3.22708,2.19892,1.028160,1,0,34.6013,0,0,0,34.6013,0
69.9718,2.43641,0,0,3.42774,0.165501,0.36288,3.6288,61.308,0.66528,0,0,1.10656,0.332532,0.108748,0.66528,12.849,1,0.450381,0.36288,0,44.2417,5.36949,38.7847,0.84672,12.849,0.84672,3695.15,0,18.483,0.740876,2.43432,2.42155,8.12843,1.3068,10.9366,0.42336,0,0,18.483,0.42336,442.007,0,1.02816,0,0,3.46248,2.43432,1.028160,1,0,49.8301,0,0,0,49.8301,0
70.7266,2.43978,0,0,3.72355,0.166095,0.36288,3.6288,61.308,0.66528,0,0,1.5919,0.332532,0.594091,0.66528,12.849,1,0.44802,0.36288,0,104.464,5.36949,99.0094,0.84672,12.849,0.84672,3695.15,0,18.483,0.740876,3.23066,2.42174,11.5191,1.3068,15.1238,0.42336,0,0,18.483,0.42336,442.007,0,1.02816,0,0,4.25882,3.23066,1.028160,1,0,114.727,0,0,0,114.727,0
70.5439,2.36582,0,0,2.8074,0.26138,0.36288,3.6288,61.308,0.66528,0,0,1.00821,0.275373,0.0675575,0.66528,12.849,1,0.429802,0.36288,0,40.2551,4.86654,35.3217,0.84672,12.849,0.84672,3695.15,0,18.483,0.661928,1.40151,2.42193,5.90434,1.1005,7.96535,0.42336,0,0,18.483,0.42336,442.007,0,1.02816,0,0,2.42967,1.40151,1.028160,1,0,43.3546,0,0,0,43.3546,0
69.8141,2.29893,0,0,2.19301,0.261013,0.36288,3.6288,61.308,0.66528,0,0,0.980398,0.275373,0.0397453,0.66528,12.849,1,0.418732,0.36288,0,47.1715,4.86654,42.2491,0.84672,12.849,0.84672,3695.15,0,18.483,0.740861,1.26559,2.34366,4.52842,1.1005,6.29631,0.42336,0,0,18.483,0.42336,442.007,0,1.02816,0,0,2.29375,1.26559,1.028160,1,0,48.5851,0,0,0,48.5851,0
69.8297,2.29606,0,0,2.92882,0.25436,0.36288,3.6288,61.308,0.66528,0,0,1.16865,0.273387,0.229979,0.66528,12.849,1,0.42258,0.36288,0,31.9716,4.81854,27.0934,0.84672,12.849,0.84672,3695.15,0,18.483,0.740861,1.69489,2.39003,5.9387,1.11123,8.17153,0.42336,0,0,18.483,0.42336,442.007,0,1.02816,0,0,2.72305,1.69489,1.028160,1,0,35.4949,0,0,0,35.4949,0
72.29,2.29696,0,0,11.9171,0.241811,6.91795,3.6288,61.308,0.66528,0,0,2.07544,0.241506,1.16865,0.66528,12.849,1,0.422652,6.91795,0,99.3404,4.10983,101.726,0.84672,12.849,0.84672,3695.15,0,18.483,0.740861,3.39939,2.39021,14.2558,1.06795,18.2366,0.42336,0,0,18.483,0.42336,442.007,0,1.02816,0,0,4.42755,3.39939,1.028160,1,0,121.131,0,0,0,121.131,0
72.29,2.08512,0,0,7.41312,0.279451,5.04855,3.6288,61.308,0.66528,0,0,1.19476,0.167031,0.362445,0.66528,12.849,1,0.370615,5.04855,0,76.4481,3.46068,77.6654,0.84672,12.849,0.84672,3695.15,0,18.483,0.576312,2.70459,2.3904,9.1298,0.897768,12.7507,0.42336,0,0,18.483,0.42336,442.007,0,1.02816,0,0,3.73275,2.70459,1.028160,1,0,90.7785,0,0,0,90.7785,0
72.29,1.94619,0,0,6.74573,0.290432,4.50911,3.6288,61.308,0.66528,0,0,0.982463,0.126203,0.19098,0.66528,12.849,1,0.345921,4.50911,0,84.1536,3.33354,84.9833,0.84672,12.849,0.84672,3695.15,0,18.483,0.74083,2.41519,2.21382,6.43321,0.868739,9.45265,0.42336,0,0,18.483,0.42336,442.007,0,1.02816,0,0,3.44335,2.41519,1.028160,1,0,94.6269,0,0,0,94.6269,0
72.29,1.94695,0,0,12.0062,0.290432,9.76877,3.6288,61.308,0.66528,0,0,2.47106,0.126203,1.67957,0.66528,12.849,1,0.346055,9.76877,0,115.387,3.33354,121.476,0.84672,12.849,0.84672,3695.15,0,18.483,0.740831,6.66137,2.31026,11.9515,0.868739,19.3136,0.42336,0,0,18.483,0.42336,442.007,0,1.02816,0,0,7.68953,6.66137,1.028160,1,0,142.47,0,0,0,142.47,0
72.29,1.94771,0,0,8.42763,0.283821,6.1961,3.6288,61.308,0.66528,0,0,1.22558,0.146727,0.413577,0.66528,12.849,1,0.34619,6.1961,0,125.097,3.50932,127.437,0.84672,12.849,0.84672,3695.15,0,18.483,0.74083,3.64383,2.31043,9.02241,0.90406,13.3318,0.42336,0,0,18.483,0.42336,442.007,0,1.02816,0,0,4.67199,3.64383,1.028160,1,0,141.183,0,0,0,141.183,0
72.29,1.94847,0,0,6.49093,0.289597,4.25287,3.6288,61.308,0.66528,0,0,1.1757,0.259823,0.250594,0.66528,12.849,1,0.346325,4.25287,0,108.139,5.29144,106.754,0.84672,12.849,0.84672,3695.15,0,18.483,0.740831,2.71433,2.31059,7.13957,1.44361,9.98004,0.42336,0,0,18.483,0.42336,442.007,0,1.02816,0,0,3.74249,2.71433,1.028160,1,0,116.985,0,0,0,116.985,0
72.29,2.03578,0,0,4.5028,0.254184,2.21283,3.6288,61.308,0.66528,0,0,1.07268,0.24825,0.159152,0.66528,12.849,1,0.361845,2.21283,0,74.0102,4.91547,70.9458,0.84672,12.849,0.84672,3695.15,0,18.483,0.788514,1.46132,2.31076,6.81984,1.34011,8.46329,0.42336,0,0,18.483,0.42336,442.007,0,1.02816,0,0,2.48948,1.46132,1.028160,1,0,79.5682,0,0,0,79.5682,0
72.29,2.07702,0,0,3.89654,0.254184,1.56535,3.6288,61.2646,0.66528,0,0,0.870126,0.24825,0,0.66528,12.849,1,0.369174,1.56535,0,90.6587,4.91547,86.9394,0.84672,12.849,0.84672,3695.15,0,18.483,0.740823,0.973149,2.36687,7.40356,1.34011,8.66265,0.42336,0,0,18.483,0.42336,442.007,0,1.02816,0,0,2.00131,0.973149,1.028160,1,0,95.602,0,0,0,95.602,0
72.29,2.07775,0,0,2.99863,0.257033,0.663847,3.6288,61.0478,0.66528,0,0,0.69317,0.244674,0,0.66528,12.849,1,0.369305,0.663847,0,71.4555,4.72365,67.0264,0.84672,12.849,0.84672,3695.15,0,18.483,0.740823,0.551258,2.33913,5.02398,1.28848,5.88507,0.42336,0,0,18.483,0.42336,442.007,0,1.02816,0,0,1.57942,0.551258,1.028160,1,0,72.9114,0,0,0,72.9114,0
72.29,2.07849,0,0,2.69952,0.258046,0.362979,3.6288,60.6231,0.824783,0,0,0.60319,0.203146,0,0.66528,12.849,1,0.369436,0.362979,0,61.7115,3.92519,57.7798,0.84672,12.849,0.84672,3695.15,0,18.483,0.740823,0.503194,2.33929,3.68668,1.15227,4.63607,0.42336,0,0,18.483,0.42336,442.007,0,0.868657,0,0,1.37185,0.503194,1.028160,1,0,62.4159,0,0,0,62.4159,0
72.29,2.35743,0,0,3.73829,0.273954,1.10691,3.6288,60.5423,0.66528,0,0,0.786292,0.201801,0,0.66528,12.849,1,0.419016,1.10691,0,90.7221,4.41834,86.9916,0.84672,12.849,0.84672,3695.15,0,18.483,0.919988,0.873426,2.33945,6.68216,1.15579,7.81926,0.42336,0,0,18.483,0.42336,442.007,0,1.02816,0,0,1.90159,0.873426,1.028160,1,0,94.8109,0,0,0,94.8109,0
72.29,2.51035,0,0,4.19901,0.275247,1.41341,3.6288,60.4325,0.66528,0,0,0.76089,0.205367,0,0.66528,12.849,1,0.446195,1.41341,0,103.371,4.5466,99.7913,0.84672,12.849,0.84672,3695.15,0,18.483,0.740855,1.18208,2.53944,7.5498,1.1493,9.38117,0.42336,0,0,18.483,0.42336,442.007,0,1.02816,0,0,2.21024,1.18208,1.028160,1,0,109.172,0,0,0,109.172,0
72.29,2.51116,0,0,4.33439,0.275247,1.54798,3.6288,60.3395,0.66528,0,0,0.777496,0.205224,0,0.66528,12.849,1,0.44634,1.54798,0,107.045,4.5466,103.6,0.84672,12.849,0.84672,3695.15,0,18.483,0.740855,1.06409,2.43479,7.39524,1.1493,9.00397,0.42336,0,0,18.483,0.42336,442.007,0,1.02816,0,0,2.09225,1.06409,1.028160,1,0,112.604,0,0,0,112.604,0
72.29,2.51198,0,0,4.76088,0.259818,1.98909,3.6288,60.2727,0.66528,0,0,0.797852,0.199378,0,0.66528,12.849,1,0.446485,1.98909,0,118.906,4.25379,116.195,0.84672,12.849,0.84672,3695.15,0,18.483,0.740855,1.33172,2.43497,8.35695,1.05004,10.3327,0.42336,0,0,18.483,0.42336,442.007,0,1.02816,0,0,2.35988,1.33172,1.028160,1,0,126.528,0,0,0,126.528,0
72.29,2.1157,0,0,4.84575,0.287492,2.44256,3.6288,60.5086,0.66528,0,0,1.11514,0.213997,0,0.66528,12.849,1,0.376049,2.44256,0,91.044,4.17414,88.9364,0.84672,12.849,0.84672,3695.15,0,18.483,0.500242,2.1063,2.43515,8.15124,0.972917,11.2195,0.42336,0,0,18.483,0.42336,442.007,0,1.02816,0,0,3.13446,2.1063,1.028160,1,0,100.156,0,0,0,100.156,0
72.29,1.68626,0,0,5.07438,0.294935,3.09318,3.6288,60.9897,0.66528,0,0,1.32181,0.175408,0,0.66528,12.849,1,0.299721,3.09318,0,90.8159,3.84531,89.764,0.84672,12.849,0.84672,3695.15,0,18.483,0.619968,2.41866,2.16179,8.65702,0.81061,11.8069,0.42336,0,0,18.483,0.42336,442.007,0,1.02816,0,0,3.44682,2.41866,1.028160,1,0,101.571,0,0,0,101.571,0
72.29,1.68693,0,0,4.54794,0.294799,2.56621,3.6288,61.2838,0.66528,0,0,1.11974,0.160303,0,0.66528,12.849,1,0.299839,2.56621,0,80.6224,3.71364,79.1752,0.84672,12.849,0.84672,3695.15,0,18.483,0.619947,1.90203,2.15951,7.77272,0.747071,10.4672,0.42336,0,0,18.483,0.42336,442.007,0,1.02816,0,0,2.93019,1.90203,1.028160,1,0,89.6424,0,0,0,89.6424,0
72.29,1.6876,0,0,5.26892,0.294799,3.28652,3.6288,61.308,0.66528,0,0,1.12153,0.160602,0.271497,0.66528,12.849,1,0.299958,3.28652,0,94.862,3.71364,94.1349,0.84672,12.849,0.84672,3695.15,0,18.483,0.619925,1.76687,2.15964,7.82983,0.747071,10.3893,0.42336,0,0,18.483,0.42336,442.007,0,1.02816,0,0,2.79503,1.76687,1.028160,1,0,104.796,0,0,0,104.796,0
72.29,1.68827,0,0,4.53735,0.308472,2.54061,3.6288,61.308,0.66528,0,0,1.1211,0.177992,0.277829,0.66528,12.849,1,0.300077,2.54061,0,95.5619,3.61524,94.1872,0.84672,12.849,0.84672,3695.15,0,18.483,0.619904,1.55227,2.15977,7.20187,0.754678,9.53933,0.42336,0,0,18.483,0.42336,442.007,0,1.02816,0,0,2.58043,1.55227,1.028160,1,0,104.004,0,0,0,104.004,0
72.29,1.78072,0,0,3.22818,0.312892,1.13457,3.6288,61.308,0.66528,0,0,0.983638,0.198043,0.120315,0.66528,12.849,1,0.316509,1.13457,0,63.6117,3.62292,60.8069,0.84672,12.849,0.84672,3695.15,0,18.483,0.673934,1.14629,2.15991,6.6083,0.791793,8.44878,0.42336,0,0,18.483,0.42336,442.007,0,1.02816,0,0,2.17445,1.14629,1.028160,1,0,69.376,0,0,0,69.376,0
72.29,1.83143,0,0,3.52045,0.312892,1.37613,3.6288,61.308,0.66528,0,0,0.964915,0.198043,0.101592,0.66528,12.849,1,0.325522,1.37613,0,76.1883,3.62292,73.616,0.84672,12.849,0.84672,3695.15,0,18.483,0.615007,1.16983,2.22205,6.43628,0.791793,8.42137,0.42336,0,0,18.483,0.42336,442.007,0,1.02816,0,0,2.19799,1.16983,1.028160,1,0,82.139,0,0,0,82.139,0
72.29,1.83212,0,0,2.8335,0.312892,0.688483,3.6288,61.2474,0.66528,0,0,0.802751,0.198043,0,0.66528,12.849,1,0.325646,0.688483,0,58.0251,3.62292,54.765,0.84672,12.849,0.84672,3695.15,0,18.483,0.614984,1.02584,2.18772,5.26008,0.791793,7.06686,0.42336,0,0,18.483,0.42336,442.007,0,1.02816,0,0,2.054,1.02584,1.028160,1,0,61.8319,0,0,0,61.8319,0
72.29,1.83281,0,0,2.76333,0.316215,0.614301,3.6288,61.0698,0.66528,0,0,0.683519,0.195853,0,0.66528,12.849,1,0.325769,0.614301,0,53.1403,3.65276,49.7761,0.84672,12.849,0.84672,3695.15,0,18.483,0.614962,1.34911,2.18785,4.5638,0.806783,6.67901,0.42336,0,0,18.483,0.42336,442.007,0,1.02816,0,0,2.37727,1.34911,1.028160,1,0,56.4551,0,0,0,56.4551,0
72.0528,1.7976,0,0,2.25945,0.336152,0.36288,3.6288,60.8836,0.66528,0,0,0.661986,0.182963,0,0.66528,12.849,1,0.319509,0.36288,0,43.422,3.83177,39.6337,0.84672,12.849,0.84672,3695.15,0,18.483,0.593932,0.770878,2.18799,4.20434,0.896724,5.67255,0.42336,0,0,18.483,0.42336,442.007,0,1.02816,0,0,1.79904,0.770878,1.028160,1,0,45.3062,0,0,0,45.3062,0
71.7469,1.77796,0,0,2.07232,0.237411,0.36288,3.6288,60.5568,0.66528,0,0,0.5669,0.228402,0,0.66528,12.849,1,0.317059,0.36288,0,39.6414,4.23538,35.4519,0.84672,12.849,0.84672,3695.15,0,18.483,0.616804,0.626365,2.16397,3.91835,0.920824,5.17106,0.42336,0,0,18.483,0.42336,442.007,0,1.02816,0,0,1.65453,0.626365,1.028160,1,0,40.6229,0,0,0,40.6229,0
71.3857,1.77749,0,0,2.016,0.236859,0.36288,3.6288,60.2889,0.66528,0,0,0.625303,0.227929,0,0.66528,12.849,1,0.318328,0.36288,0,38.312,4.23538,34.1212,0.84672,12.849,0.84672,3695.15,0,18.483,0.616782,0.807987,2.1775,4.54311,0.920824,5.99099,0.42336,0,0,18.483,0.42336,442.007,0,1.02816,0,0,1.83615,0.807987,1.028160,1,0,40.1122,0,0,0,40.1122,0
70.9603,1.77681,0,0,1.95051,0.236207,0.36288,3.6288,60.0238,0.66528,0,0,0.627792,0.227541,0,0.66528,12.849,1,0.319816,0.36288,0,36.3221,4.23538,32.1298,0.84672,12.849,0.84672,3695.15,0,18.483,0.61676,0.585576,2.17763,3.98657,0.920824,5.21219,0.42336,0,0,18.483,0.42336,442.007,0,1.02816,0,0,1.61374,0.585576,1.028160,1,0,37.342,0,0,0,37.342,0
70.3277,1.89751,0,0,1.82971,0.201918,0.36288,3.6288,59.6761,0.66528,0,0,0.556926,0.239433,0,0.66528,12.849,1,0.343589,0.36288,0,35.2019,4.59748,30.6237,0.84672,12.849,0.84672,3695.15,0,18.483,0.691291,0.591503,2.17777,3.70864,1.00548,4.78114,0.42336,0,0,18.483,0.42336,442.007,0,1.02816,0,0,1.61966,0.591503,1.028160,1,0,35.4048,0,0,0,35.4048,0
69.4378,1.96431,0,0,1.62489,0.187596,0.36288,3.6288,59.2931,0.66528,0,0,0.526115,0.243802,0,0.66528,12.849,1,0.358884,0.36288,0,32.3796,4.74232,27.6413,0.84672,12.849,0.84672,3695.15,0,18.483,0.610021,0.505682,2.26243,3.34365,1.03934,4.4624,0.42336,0,0,18.483,0.42336,442.007,0,1.02816,0,0,1.53384,0.505682,1.028160,1,0,32.1037,0,0,0,32.1037,0
68.4829,1.96114,0,0,1.55543,0.18631,0.36288,3.6288,58.8762,0.66528,0,0,0.49157,0.243205,0,0.66528,12.849,1,0.362897,0.36288,0,30.4382,4.74232,25.6959,0.84672,12.849,0.84672,3695.15,0,18.483,0.609997,0.370673,2.21502,3.09296,1.03934,4.02931,0.42336,0,0,18.483,0.42336,442.007,0,1.02816,0,0,1.39883,0.370673,1.028160,1,0,29.7252,0,0,0,29.7252,0
67.1693,2.14999,0,0,1.38426,0.18493,0.36288,3.6288,58.3651,0.719539,0,0,0.45101,0.242556,0,0.66528,12.849,1,0.403388,0.36288,0,27.4488,4.74232,22.666,0.84672,12.849,0.84672,3695.15,0,18.483,0.714662,0.30119,2.21516,2.98058,1.03934,3.74292,0.42336,0,0,18.483,0.42336,442.007,0,0.973901,0,0,1.27509,0.30119,1.028160,1,0,26.4089,0,0,0,26.4089,0
65.7958,2.19207,0,0,1.31109,0.129626,0.36288,3.6288,57.6781,0.838961,0,0,0.425053,0.273028,0,0.66528,12.849,1,0.419326,0.36288,0,23.6404,5.19498,18.389,0.84672,12.849,0.84672,3695.15,0,18.483,0.740834,0.30119,2.339,2.56485,1.17347,3.29074,0.42336,0,0,18.483,0.42336,442.007,0,0.854479,0,0,1.15567,0.30119,1.028160,1,0,21.6797,0,0,0,21.6797,0
64.6266,1.92267,0,0,1.23791,0.121656,0.36288,3.6288,56.791,1.01174,0,0,0.394889,0.270268,0,0.66528,12.849,1,0.375471,0.36288,0,22.2061,5.29872,16.8948,0.84672,12.849,0.84672,3695.15,0,18.483,0.65094,0.30119,2.37009,2.27766,1.22461,3.07339,0.42336,0,0,18.483,0.42336,442.007,0,0.681696,0,0,0.982886,0.30119,1.028160,1,0,19.9682,0,0,0,19.9682,0
63.131,2.14398,0,0,1.1318,0.120521,0.36288,3.6288,55.9539,0.953787,0,0,0.385411,0.268717,0,0.66528,12.849,1,0.426265,0.36288,0,21.8925,5.29872,16.5304,0.84672,12.849,0.84672,3695.15,0,18.483,0.713918,0.261274,2.24194,2.24965,1.22461,2.81433,0.42336,0,0,18.483,0.42336,442.007,0,0.739653,0,0,1.00093,0.261274,1.028160,1,0,19.3447,0,0,0,19.3447,0
61.5,2.1834,0,0,1.03438,0.119069,0.36288,3.6288,54.9478,1.09931,0,0,0.360418,0.267253,0,0.66528,12.849,1,0.444386,0.36288,0,20.5919,5.29872,15.2117,0.84672,12.849,0.84672,3695.15,0,18.483,0.740842,0.261274,2.34159,2.14073,1.22461,2.77814,0.42336,0,0,18.483,0.42336,442.007,0,0.59413,0,0,0.855403,0.261274,1.028160,1,0,17.9898,0,0,0,17.9898,0
59.8139,2.1744,0,0,0.951143,0.100003,0.36288,3.6288,53.883,1.09874,0,0,0.341545,0.307605,0,0.66528,12.849,1,0.45429,0.36288,0,18.4367,5.86332,12.482,0.84672,12.849,0.84672,3695.15,0,18.483,0.740842,0.261274,2.37317,2.03828,1.4307,2.50118,0.42336,0,0,18.483,0.42336,442.007,0,0.5947,0,0,0.855973,0.261274,1.028160,1,0,14.9832,0,0,0,14.9832,0
58.1853,2.18279,0,0,1.00117,0.084064,0.36288,3.6288,52.9568,1.00922,0,0,0.398805,0.315739,0,0.66528,12.849,1,0.4689,0.36288,0,20.3044,6.01293,14.1855,0.84672,12.849,0.84672,3695.15,0,18.483,0.753113,0.261274,2.37334,2.04546,1.52017,2.40679,0.42336,0,0,18.483,0.42336,442.007,0,0.684219,0,0,0.945493,0.261274,1.028160,1,0,16.5923,0,0,0,16.5923,0
56.4453,2.25295,0,0,0.958565,0.0827524,0.36288,3.6288,52.0431,0.990161,0,0,0.389847,0.313438,0,0.66528,12.849,1,0.497517,0.36288,0,19.0001,6.01293,12.8525,0.84672,12.849,0.84672,3695.15,0,18.483,0.740849,0.261274,2.38713,2.10227,1.52017,2.48966,0.42336,0,0,18.483,0.42336,442.007,0,0.703279,0,0,0.964552,0.261274,1.028160,1,0,15.3421,0,0,0,15.3421,0
54.5957,2.24121,0,0,0.835868,0.0813511,0.36288,3.6288,51.0537,1.04587,0,0,0.367629,0.311146,0,0.66528,12.849,1,0.510181,0.36288,0,18.0013,6.01293,11.841,0.84672,12.849,0.84672,3695.15,0,18.483,0.740849,0.227405,2.39617,2.00874,1.52017,2.37129,0.42336,0,0,18.483,0.42336,442.007,0,0.647568,0,0,0.874973,0.227405,1.028160,1,0,14.2123,0,0,0,14.2123,0
52.7001,2.22796,0,0,0.770869,0.0756485,0.36288,3.6288,50.0194,1.08454,0,0,0.361311,0.311077,0,0.66528,12.849,1,0.524348,0.36288,0,16.9826,6.08771,10.7334,0.84672,12.849,0.84672,3695.15,0,18.483,0.740849,0.227405,2.39634,1.99047,1.53511,2.33825,0.42336,0,0,18.483,0.42336,442.007,0,0.608904,0,0,0.836309,0.227405,1.028160,1,0,13.0717,0,0,0,13.0717,0
50.693,2.3525,0,0,0.765901,0.057606,0.36288,3.6288,48.9775,1.09038,0,0,0.369582,0.321101,0,0.66528,12.849,1,0.573571,0.36288,0,18.1938,6.37893,11.6041,0.84672,12.849,0.84672,3695.15,0,18.483,0.85486,0.227405,2.39652,2.46297,1.54783,2.6842,0.42336,0,0,18.483,0.42336,442.007,0,0.603063,0,0,0.830468,0.227405,1.028160,1,0,14.2883,0,0,0,14.2883,0
48.6696,2.49943,0,0,0.89176,0.0528749,0.36288,3.6288,48.0465,1.00504,0,0,0.389331,0.315324,0,0.66528,12.849,1,0.633522,0.36288,0,20.1575,6.41949,13.4673,0.84672,12.849,0.84672,3695.15,0,18.483,0.740875,0.227405,2.51716,2.47763,1.56133,2.91999,0.42336,0,0,18.483,0.42336,442.007,0,0.688401,0,0,0.915805,0.227405,1.028160,1,0,16.3873,0,0,0,16.3873,0
46.8031,2.23439,0,0,0.782551,0.0517473,0.36288,3.6288,47.0863,1.02285,0,0,0.375605,0.312898,0,0.66528,12.849,1,0.589889,0.36288,0,25.6238,6.41949,18.9773,0.84672,12.849,0.84672,3695.15,0,18.483,0.590852,0.204422,2.46787,2.37922,1.56133,2.89933,0.42336,0,0,18.483,0.42336,442.007,0,0.670594,0,0,0.875016,0.204422,1.028160,1,0,21.8766,0,0,0,21.8766,0
44.9721,2.21666,0,0,0.799235,0.050701,0.36288,3.6288,46.2335,0.973253,0,0,0.43086,0.310395,0,0.66528,12.849,1,0.608547,0.36288,0,22.1966,6.41949,15.5314,0.84672,12.849,0.84672,3695.15,0,18.483,0.590825,0.204422,2.29411,2.47077,1.56133,2.81715,0.42336,0,0,18.483,0.42336,442.007,0,0.720187,0,0,0.92461,0.204422,1.028160,1,0,18.3486,0,0,0,18.3486,0
43.2104,2.19812,0,0,0.847036,0.0477037,0.36288,3.6288,45.6404,0.735895,0,0,0.429874,0.287069,0,0.66528,12.849,1,0.628026,0.36288,0,21.9671,6.13134,15.5706,0.84672,12.849,0.84672,3695.15,0,18.483,0.590798,0.204422,2.29427,2.82936,1.50757,3.22968,0.42336,0,0,18.483,0.42336,442.007,0,0.957545,0,0,1.16197,0.204422,1.028160,1,0,18.8003,0,0,0,18.8003,0
42.0784,2.09813,0,0,1.37087,0.0419262,0.36288,3.6288,45.4005,0.66528,0,0,0.658662,0.233332,0,0.66528,12.849,1,0.623896,0.36288,0,29.3651,5.41097,23.6931,0.84672,12.849,0.84672,3695.15,0,18.483,0.510511,0.592108,2.29442,3.24441,1.37315,4.24727,0.42336,0,0,18.483,0.42336,442.007,0,1.02816,0,0,1.62027,0.592108,1.028160,1,0,27.9404,0,0,0,27.9404,0
40.2699,2.01895,0,0,0.614695,0.0413797,0.36288,3.6288,44.4596,1.08172,0,0,0.373683,0.232811,0,0.66528,12.849,1,0.616505,0.36288,0,22.3278,5.41097,16.6632,0.84672,12.849,0.84672,3695.15,0,18.483,0.597953,0.216518,2.21288,1.66823,1.37315,2.12652,0.42336,0,0,18.483,0.42336,442.007,0,0.611721,0,0,0.828239,0.216518,1.028160,1,0,18.7898,0,0,0,18.7898,0
38.6183,1.99864,0,0,0.769867,0.0599163,0.36288,3.6288,43.6595,1.04447,0,0,0.472857,0.228481,0,0.66528,12.849,1,0.637712,0.36288,0,21.3019,5.2305,15.7966,0.84672,12.849,0.84672,3695.15,0,18.483,0.597928,0.216518,2.26421,2.04092,1.34599,2.57773,0.42336,0,0,18.483,0.42336,442.007,0,0.648968,0,0,0.865486,0.216518,1.028160,1,0,18.3743,0,0,0,18.3743,0
38.2999,1.97886,0,0,2.14846,0.125065,0.36288,3.6288,43.5859,0.66528,0,0,0.838069,0.246397,0,0.66528,12.849,1,0.658401,0.36288,0,34.8519,4.75125,29.8051,0.84672,12.849,0.84672,3695.15,0,18.483,0.597902,1.09843,2.26436,4.39701,1.20421,5.95769,0.42336,0,0,18.483,0.42336,442.007,0,1.02816,0,0,2.12659,1.09843,1.028160,1,0,35.7628,0,0,0,35.7628,0
37.7118,1.91082,0,0,1.83342,0.147822,0.36288,3.6288,43.2944,0.782209,0,0,0.640037,0.149374,0,0.66528,12.849,1,0.641048,0.36288,0,32.3385,3.73695,28.3234,0.84672,12.849,0.84672,3695.15,0,18.483,0.524767,0.216518,2.26451,2.97004,1.08367,3.84264,0.42336,0,0,18.483,0.42336,442.007,0,0.911231,0,0,1.12775,0.216518,1.028160,1,0,32.166,0,0,0,32.166,0
38.1822,1.84458,0,0,2.82848,0.150651,0.36288,3.6288,43.6544,0.66528,0,0,1.15811,0.132864,0,0.66528,12.849,1,0.628478,0.36288,0,33.8475,3.5679,30.014,0.84672,12.849,0.84672,3695.15,0,18.483,0.604417,1.04763,2.19201,4.29073,1.06358,5.86238,0.42336,0,0,18.483,0.42336,442.007,0,1.02816,0,0,2.07579,1.04763,1.028160,1,0,35.8764,0,0,0,35.8764,0
37.5599,1.85103,0,0,1.75073,0.159129,0.36288,3.6288,43.6283,0.66528,0,0,0.77552,0.136332,0,0.66528,12.849,1,0.622904,0.36288,0,28.1456,3.62589,24.2597,0.84672,12.849,0.84672,3695.15,0,18.483,0.604393,0.65586,2.23878,4.24952,1.07711,5.46264,0.42336,0,0,18.483,0.42336,442.007,0,1.02816,0,0,1.68402,0.65586,1.028160,1,0,29.7223,0,0,0,29.7223,0
40.3141,1.84399,0,0,5.16463,0.203512,0.36288,3.6288,43.862,0.66528,0,0,1.05336,0.154371,0,0.66528,12.849,1,0.630816,0.36288,0,81.2868,3.97383,77.0451,0.84672,12.849,0.84672,3695.15,0,18.483,0.604369,0.900536,2.23892,6.15489,1.15835,7.53164,0.42336,0,0,18.483,0.42336,442.007,0,1.02816,0,0,1.9287,0.900536,1.028160,1,0,84.5767,0,0,0,84.5767,0
41.3931,1.69135,0,0,3.34043,0.207198,0.36288,3.6288,43.5969,0.66528,0,0,0.561128,0.160904,0,0.66528,12.849,1,0.539071,0.36288,0,57.3918,4.01685,53.1988,0.84672,12.849,0.84672,3695.15,0,18.483,0.451971,1.106,2.23907,3.25396,0.975312,5.17174,0.42336,0,0,18.483,0.42336,442.007,0,1.02816,0,0,2.13416,1.106,1.028160,1,0,58.3705,0,0,0,58.3705,0
40.6116,1.57597,0,0,1.36496,0.207609,0.36288,3.6288,43.0912,0.66528,0,0,0.324677,0.165132,0,0.66528,12.849,1,0.489201,0.36288,0,26.2239,4.04911,22.0484,0.84672,12.849,0.84672,3695.15,0,18.483,0.618004,0.689602,2.07553,2.27544,0.838037,3.58453,0.42336,0,0,18.483,0.42336,442.007,0,1.02816,0,0,1.71776,0.689602,1.028160,1,0,25.633,0,0,0,25.633,0
40.7045,1.56942,0,0,2.23086,0.205701,0.36288,3.6288,42.7099,0.66528,0,0,0.448337,0.16434,0,0.66528,12.849,1,0.496544,0.36288,0,46.4474,4.04911,42.2647,0.84672,12.849,0.84672,3695.15,0,18.483,0.617983,1.50352,2.17283,3.04487,0.838037,5.2652,0.42336,0,0,18.483,0.42336,442.007,0,1.02816,0,0,2.53168,1.50352,1.028160,1,0,47.5299,0,0,0,47.5299,0
46.3378,1.57089,0,0,7.77296,0.205928,0.36288,3.6288,43.7552,0.66528,0,0,1.87427,0.163743,0,0.66528,12.849,1,0.495875,0.36288,0,159.614,4.04911,155.432,0.84672,12.849,0.84672,3695.15,0,18.483,0.617961,1.24925,2.17297,7.11901,0.838037,9.08523,0.42336,0,0,18.483,0.42336,442.007,0,1.02816,0,0,2.27741,1.24925,1.028160,1,0,164.518,0,0,0,164.518,0
51.2898,1.61871,0,0,7.13621,0.20255,0.36288,3.6288,45.3083,0.66528,0,0,2.37074,0.152324,0,0.66528,12.849,1,0.448852,0.36288,0,141.159,3.47663,137.596,0.84672,12.849,0.84672,3695.15,0,18.483,0.617939,1.29927,2.1731,6.27852,0.757671,8.37527,0.42336,0,0,18.483,0.42336,442.007,0,1.02816,0,0,2.32743,1.29927,1.028160,1,0,145.971,0,0,0,145.971,0
54.4701,1.72949,0,0,5.47322,0.200529,0.36288,3.6288,45.8505,0.66528,0,0,1.35959,0.152096,0,0.66528,12.849,1,0.433268,0.36288,0,87.3098,3.043,84.1964,0.84672,12.849,0.84672,3695.15,0,18.483,0.66207,1.70567,2.17323,4.67024,0.650427,7.23664,0.42336,0,0,18.483,0.42336,442.007,0,1.02816,0,0,2.73383,1.70567,1.028160,1,0,91.433,0,0,0,91.433,0
59.0144,1.78953,0,0,6.9038,0.207182,0.36288,3.6288,46.7503,0.66528,0,0,1.71792,0.152865,0,0.66528,12.849,1,0.422134,0.36288,0,112.514,3.043,109.411,0.84672,12.849,0.84672,3695.15,0,18.483,0.613915,2.39429,2.22517,5.75124,0.650427,9.10636,0.42336,0,0,18.483,0.42336,442.007,0,1.02816,0,0,3.42245,2.39429,1.028160,1,0,118.518,0,0,0,118.518,0
62.2574,1.81686,0,0,5.63944,0.216689,0.36288,3.6288,47.2071,0.66528,0,0,1.27626,0.154141,0,0.66528,12.849,1,0.395579,0.36288,0,104.068,3.043,100.992,0.84672,12.849,0.84672,3695.15,0,18.483,0.613894,1.40608,2.19713,4.46176,0.650427,6.80065,0.42336,0,0,18.483,0.42336,442.007,0,1.02816,0,0,2.43424,1.40608,1.028160,1,0,107.793,0,0,0,107.793,0
63.4914,1.83458,0,0,3.68418,0.252707,0.36288,3.6288,47.657,0.66528,0,0,1.27388,0.158662,0,0.66528,12.849,1,0.37863,0.36288,0,83.821,2.86763,80.9376,0.84672,12.849,0.84672,3695.15,0,18.483,0.613873,1.40248,2.19726,4.36189,0.737899,6.60985,0.42336,0,0,18.483,0.42336,442.007,0,1.02816,0,0,2.43064,1.40248,1.028160,1,0,87.5474,0,0,0,87.5474,0
65.0018,2.09366,0,0,4.25053,0.283581,0.36288,3.6288,48.0975,0.66528,0,0,1.25419,0.148451,0,0.66528,12.849,1,0.423703,0.36288,0,93.0036,3.49614,89.4466,0.84672,12.849,0.84672,3695.15,0,18.483,0.779743,2.0935,2.19739,4.13713,0.88185,6.76642,0.42336,0,0,18.483,0.42336,442.007,0,1.02816,0,0,3.12166,2.0935,1.028160,1,0,96.213,0,0,0,96.213,0
66.0504,2.25355,0,0,3.95448,0.289405,0.36288,3.6288,48.2454,0.66528,0,0,0.956681,0.14347,0,0.66528,12.849,1,0.445462,0.36288,0,71.2528,3.80016,67.37,0.84672,12.849,0.84672,3695.15,0,18.483,0.598931,0.71896,2.38254,4.09031,0.913189,5.67969,0.42336,0,0,18.483,0.42336,442.007,0,1.02816,0,0,1.74712,0.71896,1.028160,1,0,73.0497,0,0,0,73.0497,0
67.4822,2.26018,0,0,4.34669,0.291842,0.36288,3.6288,48.3386,0.66528,0,0,0.902128,0.143647,0,0.66528,12.849,1,0.43968,0.36288,0,79.2198,3.80016,75.3429,0.84672,12.849,0.84672,3695.15,0,18.483,0.598907,0.715167,2.27688,4.23469,0.913189,5.71464,0.42336,0,0,18.483,0.42336,442.007,0,1.02816,0,0,1.74333,0.715167,1.028160,1,0,81.0575,0,0,0,81.0575,0
67.8859,2.26874,0,0,3.33043,0.29517,0.36288,3.6288,48.068,0.91241,0,0,0.785532,0.143758,0,0.66528,12.849,1,0.43198,0.36288,0,68.1067,3.80016,64.2374,0.84672,12.849,0.84672,3695.15,0,18.483,0.598884,0.608429,2.27702,3.91664,0.913189,5.29002,0.42336,0,0,18.483,0.42336,442.007,0,0.78103,0,0,1.38946,0.608429,1.028160,1,0,69.5275,0,0,0,69.5275,0
69.9364,1.90752,0,0,4.60233,0.281397,0.36288,3.6288,48.4174,0.66528,0,0,1.19324,0.178535,0,0.66528,12.849,1,0.361044,0.36288,0,70.82,4.45755,66.3643,0.84672,12.849,0.84672,3695.15,0,18.483,0.376084,1.32469,2.27716,5.3879,1.18711,7.42656,0.42336,0,0,18.483,0.42336,442.007,0,1.02816,0,0,2.35285,1.32469,1.028160,1,0,73.7909,0,0,0,73.7909,0
70.7323,1.71199,0,0,3.15431,0.283519,0.36288,3.6288,48.2367,0.951972,0,0,0.957329,0.186073,0,0.66528,12.849,1,0.314534,0.36288,0,65.8224,4.53705,61.3337,0.84672,12.849,0.84672,3695.15,0,18.483,0.618846,0.608429,2.02404,6.64804,1.23929,7.42238,0.42336,0,0,18.483,0.42336,442.007,0,0.741468,0,0,1.3499,0.608429,1.028160,1,0,68.756,0,0,0,68.756,0
70.7934,1.71562,0,0,2.42483,0.285262,0.36288,3.6288,48.1148,0.734556,0,0,0.798388,0.185794,0,0.66528,12.849,1,0.311653,0.36288,0,51.9611,4.53705,47.4753,0.84672,12.849,0.84672,3695.15,0,18.483,0.618825,0.558835,2.16624,3.64907,1.23929,4.51604,0.42336,0,0,18.483,0.42336,442.007,0,0.958884,0,0,1.51772,0.558835,1.028160,1,0,51.9913,0,0,0,51.9913,0
71.8631,1.71647,0,0,3.45209,0.303024,0.36288,3.6288,48.1417,0.775483,0,0,0.966851,0.164471,0,0.66528,12.849,1,0.31154,0.36288,0,54.5124,4.81113,49.7527,0.84672,12.849,0.84672,3695.15,0,18.483,0.618805,0.558835,2.16637,3.25078,1.18543,4.17175,0.42336,0,0,18.483,0.42336,442.007,0,0.917957,0,0,1.47679,0.558835,1.028160,1,0,53.9244,0,0,0,53.9244,0
72.29,1.72104,0,0,3.01373,0.314983,0.550813,3.6288,48.1964,0.66528,0,0,0.882351,0.162281,0,0.66528,12.849,1,0.307718,0.550813,0,55.3257,5.1447,50.4241,0.84672,12.849,0.84672,3695.15,0,18.483,0.618785,0.966583,2.16649,3.16061,1.19026,4.48464,0.42336,0,0,18.483,0.42336,442.007,0,1.02816,0,0,1.99474,0.966583,1.028160,1,0,54.9088,0,0,0,54.9088,0
72.29,1.81583,0,0,3.39491,0.301926,1.27715,3.6288,48.3349,0.66528,0,0,0.988563,0.184786,0,0.66528,12.849,1,0.32275,1.27715,0,63.623,4.93133,59.646,0.84672,12.849,0.84672,3695.15,0,18.483,0.673309,1.71157,2.16661,5.62472,1.28431,7.54528,0.42336,0,0,18.483,0.42336,442.007,0,1.02816,0,0,2.73973,1.71157,1.028160,1,0,67.1913,0,0,0,67.1913,0
72.29,1.86696,0,0,2.62401,0.301926,0.455129,3.6288,48.2178,0.731946,0,0,0.799788,0.184999,0,0.66528,12.849,1,0.331837,0.455129,0,55.7118,4.93133,50.9038,0.84672,12.849,0.84672,3695.15,0,18.483,0.613845,0.528595,2.22932,5.2368,1.28431,6.09656,0.42336,0,0,18.483,0.42336,442.007,0,0.961494,0,0,1.49009,0.528595,1.028160,1,0,57.0004,0,0,0,57.0004,0
72.1699,1.86761,0,0,2.41231,0.301926,0.36288,3.6288,47.8454,0.875854,0,0,0.688288,0.184819,0,0.66528,12.849,1,0.331954,0.36288,0,46.5423,4.93133,41.6419,0.84672,12.849,0.84672,3695.15,0,18.483,0.613824,0.528595,2.19466,3.52949,1.28431,4.35462,0.42336,0,0,18.483,0.42336,442.007,0,0.817586,0,0,1.34618,0.528595,1.028160,1,0,45.9965,0,0,0,45.9965,0
71.9791,1.8678,0,0,2.29689,0.257051,0.36288,3.6288,47.3289,0.977141,0,0,0.666467,0.205833,0,0.66528,12.849,1,0.332539,0.36288,0,43.3249,5.22217,38.1331,0.84672,12.849,0.84672,3695.15,0,18.483,0.613803,0.528595,2.19479,3.38812,1.34156,4.15614,0.42336,0,0,18.483,0.42336,442.007,0,0.716299,0,0,1.24489,0.528595,1.028160,1,0,42.2892,0,0,0,42.2892,0
72.2597,1.83149,0,0,2.721,0.245975,0.36288,3.6288,47.5873,0.66528,0,0,1.1177,0.193992,0,0.66528,12.849,1,0.326939,0.36288,0,51.4968,4.50523,47.0275,0.84672,12.849,0.84672,3695.15,0,18.483,0.592583,1.29091,2.19492,4.83732,1.26942,6.46115,0.42336,0,0,18.483,0.42336,442.007,0,1.02816,0,0,2.31907,1.29091,1.028160,1,0,53.4887,0,0,0,53.4887,0
72.2271,1.8136,0,0,2.39034,0.2465,0.36288,3.6288,47.6866,0.66528,0,0,0.958936,0.194412,0,0.66528,12.849,1,0.322488,0.36288,0,43.8888,4.50523,39.4239,0.84672,12.849,0.84672,3695.15,0,18.483,0.615665,1.11242,2.17067,4.22835,1.26942,5.62635,0.42336,0,0,18.483,0.42336,442.007,0,1.02816,0,0,2.14058,1.11242,1.028160,1,0,45.0503,0,0,0,45.0503,0
71.7487,1.81412,0,0,1.94509,0.246439,0.36288,3.6288,47.6505,0.66528,0,0,0.823789,0.194574,0,0.66528,12.849,1,0.322727,0.36288,0,33.8803,4.50523,29.4152,0.84672,12.849,0.84672,3695.15,0,18.483,0.615644,0.730953,2.18432,3.47977,1.26942,4.50998,0.42336,0,0,18.483,0.42336,442.007,0,1.02816,0,0,1.75911,0.730953,1.028160,1,0,33.9252,0,0,0,33.9252,0
70.8766,2.04612,0,0,1.69607,0.15916,0.36288,3.6288,47.5412,0.66528,0,0,0.745027,0.189047,0,0.66528,12.849,1,0.366426,0.36288,0,30.4787,4.65528,25.8199,0.84672,12.849,0.84672,3695.15,0,18.483,0.740804,0.515739,2.18444,3.13102,1.20684,3.88356,0.42336,0,0,18.483,0.42336,442.007,0,1.02816,0,0,1.5439,0.515739,1.028160,1,0,29.7035,0,0,0,29.7035,0
69.9427,2.17675,0,0,1.76227,0.156537,0.36288,3.6288,47.5221,0.66528,0,0,0.841355,0.195184,0,0.66528,12.849,1,0.394616,0.36288,0,33.7235,4.3863,29.3054,0.84672,12.849,0.84672,3695.15,0,18.483,0.822799,0.797308,2.33281,3.23075,1.18523,4.35283,0.42336,0,0,18.483,0.42336,442.007,0,1.02816,0,0,1.82547,0.797308,1.028160,1,0,33.6583,0,0,0,33.6583,0
68.2413,2.94802,0,0,1.76366,0.154251,0.36288,3.6288,47.8096,0.410889,0,0,0.898309,0.199885,0,0.66528,12.849,1,0.541573,0.36288,0,34.2972,4.18457,29.9339,0.84672,12.849,0.84672,3695.15,0,18.483,0.159809,0.960111,2.42592,3.32629,1.16902,5.38349,0.42336,0,0,18.483,0.42336,442.007,0,1.02816,0,0,1.98827,0.960111,1.028160,1,0,35.3174,0,0,0,35.3174,0
66.5012,2.93714,0,0,1.71221,0.152223,0.36288,3.6288,48.0238,0.411774,0,0,0.826286,0.200366,0,0.66528,12.849,1,0.553029,0.36288,0,32.0627,4.18457,27.688,0.84672,12.849,0.84672,3695.15,0,18.483,0.15919,0.752639,1.88923,3.05513,1.16902,4.36878,0.42336,0,0,18.483,0.42336,442.007,0,1.02816,0,0,1.7808,0.752639,1.028160,1,0,32.0568,0,0,0,32.0568,0
64.5974,2.9255,0,0,1.51411,0.129504,0.36288,3.6288,48.1733,0.412478,0,0,0.775561,0.213597,0,0.66528,12.849,1,0.56525,0.36288,0,28.5016,4.34521,23.954,0.84672,12.849,0.84672,3695.15,0,18.483,0.158751,0.652087,1.88954,2.98346,1.21007,4.15627,0.42336,0,0,18.483,0.42336,442.007,0,1.02816,0,0,1.68025,0.652087,1.028160,1,0,28.1103,0,0,0,28.1103,0
62.7587,2.91209,0,0,1.54202,0.105833,0.36288,3.6288,48.2974,0.413026,0,0,0.762264,0.225096,0,0.66528,12.849,1,0.579241,0.36288,0,25.4496,4.68262,20.5507,0.84672,12.849,0.84672,3695.15,0,18.483,0.158469,0.424423,1.88986,2.72215,1.23892,3.63904,0.42336,0,0,18.483,0.42336,442.007,0,1.02816,0,0,1.45258,0.424423,1.028160,1,0,24.1897,0,0,0,24.1897,0
61.1891,2.87253,0,0,1.78341,0.117558,0.36288,3.6288,48.2714,0.611067,0,0,0.79545,0.210431,0,0.66528,12.849,1,0.588112,0.36288,0,23.2234,4.99065,18.0075,0.84672,12.849,0.84672,3695.15,0,18.483,0.23385,0.30119,1.89017,2.56492,1.17424,3.34819,0.42336,0,0,18.483,0.42336,442.007,0,0.800107,0,0,1.1013,0.30119,1.028160,1,0,21.3557,0,0,0,21.3557,0
59.591,2.86054,0,0,1.74132,0.116049,0.36288,3.6288,48.224,0.585127,0,0,0.748112,0.210386,0,0.66528,12.849,1,0.600679,0.36288,0,21.8526,4.99065,16.6242,0.84672,12.849,0.84672,3695.15,0,18.483,0.224044,0.261274,1.91947,2.64958,1.17424,3.43204,0.42336,0,0,18.483,0.42336,442.007,0,0.836127,0,0,1.0974,0.261274,1.028160,1,0,20.0562,0,0,0,20.0562,0
57.9091,2.84776,0,0,1.62156,0.0928169,0.36288,3.6288,48.0821,0.629306,0,0,0.733156,0.245678,0,0.66528,12.849,1,0.614033,0.36288,0,20.7557,5.53357,14.971,0.84672,12.849,0.84672,3695.15,0,18.483,0.241197,0.261274,1.91979,2.53848,1.35799,3.12036,0.42336,0,0,18.483,0.42336,442.007,0,0.775068,0,0,1.03634,0.261274,1.028160,1,0,18.0913,0,0,0,18.0913,0
56.0582,2.83363,0,0,1.429,0.0833674,0.36288,3.6288,47.8923,0.630613,0,0,0.693014,0.252213,0,0.66528,12.849,1,0.628733,0.36288,0,19.0597,6.15755,12.6363,0.84672,12.849,0.84672,3695.15,0,18.483,0.242411,0.261274,1.92011,2.54155,1.58237,2.89815,0.42336,0,0,18.483,0.42336,442.007,0,0.772822,0,0,1.0341,0.261274,1.028160,1,0,15.5344,0,0,0,15.5344,0
54.3625,2.88296,0,0,1.63356,0.0833902,0.36288,3.6288,47.5021,0.669251,0,0,0.553512,0.274473,0,0.66528,12.849,1,0.660798,0.36288,0,18.7631,5.92528,12.5399,0.84672,12.849,0.84672,3695.15,0,18.483,0.258283,0.261274,1.92043,2.19,1.50771,2.60571,0.42336,0,0,18.483,0.42336,442.007,0,0.758808,0,0,1.02008,0.261274,1.028160,1,0,15.1456,0,0,0,15.1456,0
52.5876,2.86677,0,0,1.53696,0.0822207,0.36288,3.6288,46.9877,0.745867,0,0,0.508985,0.277546,0,0.66528,12.849,1,0.677582,0.36288,0,18.0081,5.87527,11.8181,0.84672,12.849,0.84672,3695.15,0,18.483,0.290216,0.261274,1.96697,1.97631,1.49107,2.42326,0.42336,0,0,18.483,0.42336,442.007,0,0.65054,0,0,0.911814,0.261274,1.028160,1,0,14.2414,0,0,0,14.2414,0
50.6516,2.84886,0,0,1.34411,0.068363,0.36288,3.6288,46.4798,0.729935,0,0,0.505374,0.283351,0,0.66528,12.849,1,0.696077,0.36288,0,17.1475,6.0996,10.7147,0.84672,12.849,0.84672,3695.15,0,18.483,0.287126,0.227405,1.9673,1.99746,1.53589,2.36914,0.42336,0,0,18.483,0.42336,442.007,0,0.669842,0,0,0.897247,0.227405,1.028160,1,0,13.0838,0,0,0,13.0838,0
48.5216,2.82811,0,0,1.13524,0.0742336,0.36288,3.6288,45.9614,0.738585,0,0,0.490957,0.270695,0,0.66528,12.849,1,0.717418,0.36288,0,16.0893,5.9977,9.73708,0.84672,12.849,0.84672,3695.15,0,18.483,0.293704,0.227405,1.96762,1.907,1.38766,2.42067,0.42336,0,0,18.483,0.42336,442.007,0,0.654895,0,0,0.8823,0.227405,1.028160,1,0,12.1577,0,0,0,12.1577,0
46.2172,2.99092,0,0,1.12477,0.0753597,0.36288,3.6288,45.1494,0.939574,0,0,0.41256,0.284972,0,0.66528,12.849,1,0.792025,0.36288,0,13.5583,6.03502,7.09415,0.84672,12.849,0.84672,3695.15,0,18.483,0.377842,0.227405,1.96795,1.81291,1.43643,2.194,0.42336,0,0,18.483,0.42336,442.007,0,0.515331,0,0,0.742736,0.227405,1.028160,1,0,9.28815,0,0,0,9.28815,0
44.1269,2.96051,0,0,1.30114,0.0681132,0.36288,3.6288,44.2423,0.984702,0,0,0.386296,0.308785,0,0.66528,12.849,1,0.823061,0.36288,0,13.0787,6.25926,6.35927,0.84672,12.849,0.84672,3695.15,0,18.483,0.403111,0.227405,2.1249,1.52508,1.53631,1.93797,0.42336,0,0,18.483,0.42336,442.007,0,0.445239,0,0,0.672644,0.227405,1.028160,1,0,8.29724,0,0,0,8.29724,0
41.9085,2.9308,0,0,1.1418,0.0665287,0.36288,3.6288,43.3248,0.984013,0,0,0.372675,0.306169,0,0.66528,12.849,1,0.8534,0.36288,0,16.6254,6.25926,9.87565,0.84672,12.849,0.84672,3695.15,0,18.483,0.411089,0.204422,2.12526,1.4645,1.53631,1.84678,0.42336,0,0,18.483,0.42336,442.007,0,0.438254,0,0,0.642676,0.204422,1.028160,1,0,11.7224,0,0,0,11.7224,0
39.7501,2.89671,0,0,1.16611,0.0648472,0.36288,3.6288,42.4961,0.952582,0,0,0.427494,0.303522,0,0.66528,12.849,1,0.888122,0.36288,0,14.4016,6.25926,7.61708,0.84672,12.849,0.84672,3695.15,0,18.483,0.406386,0.204422,2.12561,1.52086,1.53631,1.90819,0.42336,0,0,18.483,0.42336,442.007,0,0.474693,0,0,0.679115,0.204422,1.028160,1,0,9.52528,0,0,0,9.52528,0
37.6974,2.86074,0,0,1.22278,0.0519056,0.36288,3.6288,41.7956,0.834322,0,0,0.436978,0.303241,0,0.66528,12.849,1,0.924718,0.36288,0,15.2401,6.33169,8.34656,0.84672,12.849,0.84672,3695.15,0,18.483,0.362875,0.204422,2.12596,1.82527,1.54491,2.24787,0.42336,0,0,18.483,0.42336,442.007,0,0.636768,0,0,0.84119,0.204422,1.028160,1,0,10.5944,0,0,0,10.5944,0
35.8604,2.7375,0,0,1.26095,-0.0024472,0.36288,3.6288,41.0832,0.868281,0,0,0.458574,0.302627,0,0.66528,12.849,1,0.933067,0.36288,0,16.2518,6.44827,9.23338,0.84672,12.849,0.84672,3695.15,0,18.483,0.383975,0.204422,2.12632,1.05707,1.51551,1.48832,0.42336,0,0,18.483,0.42336,442.007,0,0.493759,0,0,0.698181,0.204422,1.028160,1,0,10.7217,0,0,0,10.7217,0
33.9614,2.70276,0,0,1.24767,0.0810614,0.36288,3.6288,40.6101,0.790551,0,0,0.554143,0.236702,0,0.66528,12.849,1,0.968416,0.36288,0,14.8791,4.58892,9.68466,0.84672,12.849,0.84672,3695.15,0,18.483,0.355662,0.216518,2.03684,1.20607,1.0576,2.04617,0.42336,0,0,18.483,0.42336,442.007,0,0.600091,0,0,0.81661,0.216518,1.028160,1,0,11.7308,0,0,0,11.7308,0
32.1984,2.66392,0,0,1.35143,0.087619,0.36288,3.6288,40.268,0.764485,0,0,0.661402,0.239029,0,0.66528,12.849,1,1.00787,0.36288,0,16.3264,4.65402,11.0274,0.84672,12.849,0.84672,3695.15,0,18.483,0.347942,0.216518,2.03717,1.38247,1.09488,2.19334,0.42336,0,0,18.483,0.42336,442.007,0,0.634167,0,0,0.850686,0.216518,1.028160,1,0,13.2207,0,0,0,13.2207,0
30.5006,2.62491,0,0,1.37576,0.0857212,0.36288,3.6288,39.983,0.723023,0,0,0.676244,0.238231,0,0.66528,12.849,1,1.04749,0.36288,0,23.2115,4.65402,17.8729,0.84672,12.849,0.84672,3695.15,0,18.483,0.331867,0.216518,2.03751,1.48908,1.09488,2.31637,0.42336,0,0,18.483,0.42336,442.007,0,0.691995,0,0,0.908513,0.216518,1.028160,1,0,20.1893,0,0,0,20.1893,0
28.5674,2.51756,0,0,1.08154,0.134347,0.36288,3.6288,39.5995,0.696391,0,0,0.509628,0.196732,0,0.66528,12.849,1,1.06057,0.36288,0,21.7742,4.18265,16.8938,0.84672,12.849,0.84672,3695.15,0,18.483,0.321922,0.216518,2.03785,1.70849,1.06969,2.57125,0.42336,0,0,18.483,0.42336,442.007,0,0.648475,0,0,0.864994,0.216518,1.028160,1,0,19.4651,0,0,0,19.4651,0
26.3807,2.46846,0,0,0.795182,0.150562,0.36288,3.6288,39.2393,0.609424,0,0,0.428978,0.179744,0,0.66528,12.849,1,1.11026,0.36288,0,14.268,3.9941,9.52653,0.84672,12.849,0.84672,3695.15,0,18.483,0.284448,0.216518,1.9583,1.92152,1.05961,2.75228,0.42336,0,0,18.483,0.42336,442.007,0,0.773193,0,0,0.989711,0.216518,1.028160,1,0,12.2788,0,0,0,12.2788,0
25.914,2.40697,0,0,2.44927,0.146065,0.36288,3.6288,39.9984,0.434512,0,0,1.37279,0.179133,0,0.66528,12.849,1,1.17234,0.36288,0,49.4334,3.9941,44.6299,0.84672,12.849,0.84672,3695.15,0,18.483,0.204669,2.13709,1.95863,4.56914,1.05961,7.40058,0.42336,0,0,18.483,0.42336,442.007,0,1.02816,0,0,3.16525,2.13709,1.028160,1,0,52.0304,0,0,0,52.0304,0
25.0029,2.39326,0,0,2.01101,0.166015,0.36288,3.6288,40.5712,0.437358,0,0,1.17072,0.160609,0,0.66528,12.849,1,1.18665,0.36288,0,40.0969,3.66762,35.6055,0.84672,12.849,0.84672,3695.15,0,18.483,0.2021,0.353644,1.95895,3.45495,0.96713,4.59831,0.42336,0,0,18.483,0.42336,442.007,0,1.02816,0,0,1.3818,0.353644,1.028160,1,0,40.2038,0,0,0,40.2038,0
24.2989,2.18697,0,0,2.00951,0.16368,0.36288,3.6288,41.0188,0.32441,0,0,0.929612,0.157583,0,0.66528,12.849,1,1.12388,0.36288,0,42.2855,3.78546,37.739,0.84672,12.849,0.84672,3695.15,0,18.483,0.147791,0.649909,1.95928,3.28552,0.889819,4.8571,0.42336,0,0,18.483,0.42336,442.007,0,1.02816,0,0,1.67807,0.649909,1.028160,1,0,42.5961,0,0,0,42.5961,0
23.8894,2.16603,0,0,2.28851,0.169037,0.36288,3.6288,41.4363,0.325693,0,0,0.888745,0.145614,0,0.66528,12.849,1,1.14537,0.36288,0,64.8852,4.04281,60.0599,0.84672,12.849,0.84672,3695.15,0,18.483,0.146757,0.778844,1.77963,4.51913,1.02608,5.90476,0.42336,0,0,18.483,0.42336,442.007,0,1.02816,0,0,1.807,0.778844,1.028160,1,0,65.9646,0,0,0,65.9646,0
23.7911,2.15362,0,0,2.58778,0.169607,0.36288,3.6288,41.855,0.326888,0,0,0.919359,0.173689,0,0.66528,12.849,1,1.15833,0.36288,0,49.9369,4.52455,44.6169,0.84672,12.849,0.84672,3695.15,0,18.483,0.145811,0.870558,1.77993,3.92653,1.21609,5.21512,0.42336,0,0,18.483,0.42336,442.007,0,1.02816,0,0,1.89872,0.870558,1.028160,1,0,49.832,0,0,0,49.832,0
23.9585,2.15087,0,0,2.87248,0.19135,0.36288,3.6288,42.2188,0.328073,0,0,0.881747,0.189889,0,0.66528,12.849,1,1.16163,0.36288,0,76.283,4.89254,70.5917,0.84672,12.849,0.84672,3695.15,0,18.483,0.144875,0.916963,1.78022,5.17376,1.27135,6.45472,0.42336,0,0,18.483,0.42336,442.007,0,1.02816,0,0,1.94512,0.916963,1.028160,1,0,77.0464,0,0,0,77.0464,0
29.0954,2.15651,0,0,7.84428,0.187962,0.36288,3.6288,43.4236,0.329114,0,0,1.70896,0.175111,0,0.66528,12.849,1,1.15654,0.36288,0,102.209,4.35925,97.0557,0.84672,12.849,0.84672,3695.15,0,18.483,0.144083,1.89677,1.78052,10.1381,1.1695,12.5018,0.42336,0,0,18.483,0.42336,442.007,0,1.02816,0,0,2.92493,1.89677,1.028160,1,0,109.558,0,0,0,109.558,0
31.5223,2.37052,0,0,5.34729,0.187052,0.36288,3.6288,44.3263,0.366142,0,0,1.47114,0.202225,0,0.66528,12.849,1,1.04686,0.36288,0,108.149,4.18677,103.279,0.84672,12.849,0.84672,3695.15,0,18.483,0.155846,1.03345,1.78081,8.5174,0.869554,10.3063,0.42336,0,0,18.483,0.42336,442.007,0,1.02816,0,0,2.06161,1.03345,1.028160,1,0,113.585,0,0,0,113.585,0
31.5915,2.42816,0,0,3.05345,0.193168,0.36288,3.6288,44.7623,0.368552,0,0,1.00852,0.203959,0,0.66528,12.849,1,0.989757,0.36288,0,54.7903,4.18677,49.9767,0.84672,12.849,0.84672,3695.15,0,18.483,0.153677,0.529044,1.83806,6.38415,0.869554,7.72802,0.42336,0,0,18.483,0.42336,442.007,0,1.02816,0,0,1.5572,0.529044,1.028160,1,0,57.7047,0,0,0,57.7047,0
30.9949,2.43007,0,0,2.41126,0.214896,0.36288,3.6288,45.0235,0.427489,0,0,0.893981,0.205377,0,0.66528,12.849,1,0.988368,0.36288,0,45.0931,4.09755,40.3701,0.84672,12.849,0.84672,3695.15,0,18.483,0.176516,0.503194,1.83835,5.61162,0.930369,6.84628,0.42336,0,0,18.483,0.42336,442.007,0,0.946624,0,0,1.44982,0.503194,1.028160,1,0,47.2163,0,0,0,47.2163,0
31.389,2.417,0,0,3.40332,0.229312,0.36288,3.6288,45.5431,0.37058,0,0,1.09655,0.206316,0,0.66528,12.849,1,1.00197,0.36288,0,69.3638,4.03064,64.6941,0.84672,12.849,0.84672,3695.15,0,18.483,0.15213,0.776589,1.83863,6.7322,0.975979,8.21931,0.42336,0,0,18.483,0.42336,442.007,0,1.02816,0,0,1.80475,0.776589,1.028160,1,0,72.9134,0,0,0,72.9134,0
31.3635,2.66296,0,0,3.23236,0.232011,0.36288,3.6288,46.0266,0.501715,0,0,1.15806,0.172881,0,0.66528,12.849,1,1.09007,0.36288,0,59.5078,3.74318,55.0375,0.84672,12.849,0.84672,3695.15,0,18.483,0.203614,0.953087,1.83892,5.74141,0.900058,7.42974,0.42336,0,0,18.483,0.42336,442.007,0,1.02816,0,0,1.98125,0.953087,1.028160,1,0,62.4672,0,0,0,62.4672,0
31.2731,2.66274,0,0,3.16823,0.233089,0.36288,3.6288,46.4519,0.503433,0,0,1.07647,0.147714,0,0.66528,12.849,1,1.09087,0.36288,0,65.0718,3.52758,60.8162,0.84672,12.849,0.84672,3695.15,0,18.483,0.202165,1.0374,2.04261,6.40926,0.843117,8.44399,0.42336,0,0,18.483,0.42336,442.007,0,1.02816,0,0,2.06556,1.0374,1.028160,1,0,69.2602,0,0,0,69.2602,0
30.5957,2.66092,0,0,2.57921,0.232822,0.36288,3.6288,46.8987,0.504949,0,0,1.10002,0.148296,0,0.66528,12.849,1,1.09328,0.36288,0,44.7422,3.52758,40.4842,0.84672,12.849,0.84672,3695.15,0,18.483,0.200917,0.691805,2.04293,5.83709,0.843117,7.52779,0.42336,0,0,18.483,0.42336,442.007,0,1.02816,0,0,1.71996,0.691805,1.028160,1,0,48.012,0,0,0,48.012,0
31.758,2.64428,0,0,4.38226,0.212783,0.36288,3.6288,47.9346,0.506515,0,0,1.71478,0.172304,0,0.66528,12.849,1,1.1105,0.36288,0,95.1407,4.57686,89.8162,0.84672,12.849,0.84672,3695.15,0,18.483,0.19962,1.31184,2.04325,13.8833,1.05058,15.9882,0.42336,0,0,18.483,0.42336,442.007,0,1.02816,0,0,2.34,1.31184,1.028160,1,0,105.804,0,0,0,105.804,0
32.5646,2.33473,0,0,3.72379,0.2195,0.36288,3.6288,48.8282,0.333071,0,0,1.31748,0.0908223,0,0.66528,12.849,1,0.944613,0.36288,0,83.5428,3.96486,78.9962,0.84672,12.849,0.84672,3695.15,0,18.483,0.128428,0.995872,2.04356,9.06682,0.796381,11.1814,0.42336,0,0,18.483,0.42336,442.007,0,1.02816,0,0,2.02403,0.995872,1.028160,1,0,90.1776,0,0,0,90.1776,0
33.2597,2.35188,0,0,3.61766,0.207868,0.36288,3.6288,49.807,0.334943,0,0,1.38832,0.0746118,0,0.66528,12.849,1,0.927978,0.36288,0,89.6538,3.58788,85.5008,0.84672,12.849,0.84672,3695.15,0,18.483,0.126787,1.33779,1.76546,10.2064,0.771477,12.4114,0.42336,0,0,18.483,0.42336,442.007,0,1.02816,0,0,2.36595,1.33779,1.028160,1,0,97.9123,0,0,0,97.9123,0
33.5473,2.36623,0,0,3.21253,0.195756,0.36288,3.6288,50.3778,0.336929,0,0,1.01494,0.107215,0,0.66528,12.849,1,0.914131,0.36288,0,62.9571,3.67909,58.7267,0.84672,12.849,0.84672,3695.15,0,18.483,0.125032,0.615695,1.76573,7.62065,0.877895,8.99915,0.42336,0,0,18.483,0.42336,442.007,0,1.02816,0,0,1.64386,0.615695,1.028160,1,0,67.7259,0,0,0,67.7259,0
33.9166,2.37227,0,0,3.30083,0.196454,0.36288,3.6288,50.9137,0.338135,0,0,0.981806,0.107718,0,0.66528,12.849,1,0.908604,0.36288,0,55.2898,3.67909,51.065,0.84672,12.849,0.84672,3695.15,0,18.483,0.124057,0.583952,1.76601,7.06026,0.877895,8.40827,0.42336,0,0,18.483,0.42336,442.007,0,1.02816,0,0,1.61211,0.583952,1.028160,1,0,59.4732,0,0,0,59.4732,0
34.6256,2.37981,0,0,3.65,0.198266,0.36288,3.6288,51.5245,0.339262,0,0,1.06399,0.113917,0,0.66528,12.849,1,0.90157,0.36288,0,65.7714,3.71594,61.5168,0.84672,12.849,0.84672,3695.15,0,18.483,0.123161,0.743472,1.76628,7.90698,0.908431,9.38514,0.42336,0,0,18.483,0.42336,442.007,0,1.02816,0,0,1.77163,0.743472,1.028160,1,0,70.9019,0,0,0,70.9019,0
35.9562,2.4811,0,0,4.38579,0.211217,0.36288,3.6288,52.1771,0.384636,0,0,1.18818,0.150988,0,0.66528,12.849,1,0.920697,0.36288,0,89.4784,3.77755,85.1431,0.84672,12.849,0.84672,3695.15,0,18.483,0.137977,1.09858,1.76656,9.25785,1.06822,10.9168,0.42336,0,0,18.483,0.42336,442.007,0,1.02816,0,0,2.12674,1.09858,1.028160,1,0,96.0598,0,0,0,96.0598,0
35.88,2.50659,0,0,3.00791,0.214607,0.36288,3.6288,52.6252,0.386088,0,0,0.986584,0.152362,0,0.66528,12.849,1,0.895735,0.36288,0,59.4452,3.58732,55.325,0.84672,12.849,0.84672,3695.15,0,18.483,0.136766,0.635878,1.83563,8.66385,1.05013,9.94846,0.42336,0,0,18.483,0.42336,442.007,0,1.02816,0,0,1.66404,0.635878,1.028160,1,0,65.2735,0,0,0,65.2735,0
35.9525,2.50558,0,0,3.15537,0.214411,0.36288,3.6288,53.0298,0.387128,0,0,0.944603,0.152912,0,0.66528,12.849,1,0.897274,0.36288,0,61.2216,3.58732,57.0999,0.84672,12.849,0.84672,3695.15,0,18.483,0.135967,0.655862,1.83591,8.33544,1.05013,9.64112,0.42336,0,0,18.483,0.42336,442.007,0,1.02816,0,0,1.68402,0.655862,1.028160,1,0,66.741,0,0,0,66.741,0
35.5295,2.5073,0,0,2.66177,0.214598,0.36288,3.6288,53.2661,0.412594,0,0,0.802293,0.153408,0,0.66528,12.849,1,0.89608,0.36288,0,56.9577,3.58732,52.8372,0.84672,12.849,0.84672,3695.15,0,18.483,0.143806,0.528595,1.83619,7.00091,1.05013,8.17176,0.42336,0,0,18.483,0.42336,442.007,0,0.995095,0,0,1.52369,0.528595,1.028160,1,0,61.009,0,0,0,61.009,0
35.0652,2.4654,0,0,2.54697,0.183056,0.36288,3.6288,53.5064,0.387281,0,0,0.80047,0.172843,0,0.66528,12.849,1,0.891595,0.36288,0,48.2277,3.63072,44.0683,0.84672,12.849,0.84672,3695.15,0,18.483,0.134384,0.528595,1.83648,5.15348,1.02485,6.35933,0.42336,0,0,18.483,0.42336,442.007,0,1.00677,0,0,1.53536,0.528595,1.028160,1,0,50.4276,0,0,0,50.4276,0
34.2661,2.45714,0,0,2.22595,0.205005,0.36288,3.6288,53.5694,0.506438,0,0,0.765115,0.195708,0,0.66528,12.849,1,0.900376,0.36288,0,41.6096,3.91629,37.1558,0.84672,12.849,0.84672,3695.15,0,18.483,0.174941,0.528595,1.80997,4.42901,1.04896,5.54367,0.42336,0,0,18.483,0.42336,442.007,0,0.84729,0,0,1.37589,0.528595,1.028160,1,0,42.6995,0,0,0,42.6995,0
33.3668,2.44225,0,0,2.04161,0.135759,0.36288,3.6288,53.4899,0.495404,0,0,0.65524,0.239329,0,0.66528,12.849,1,0.915788,0.36288,0,37.9866,4.31991,33.1138,0.84672,12.849,0.84672,3695.15,0,18.483,0.170929,0.402797,1.81025,4.12773,1.07306,5.09679,0.42336,0,0,18.483,0.42336,442.007,0,0.862574,0,0,1.26537,0.402797,1.028160,1,0,38.2106,0,0,0,38.2106,0
32.431,2.42481,0,0,1.98612,0.134265,0.36288,3.6288,53.5813,0.392157,0,0,0.722736,0.239178,0,0.66528,12.849,1,0.933752,0.36288,0,36.7125,4.31991,31.8217,0.84672,12.849,0.84672,3695.15,0,18.483,0.135507,0.402797,1.81053,4.7859,1.07306,5.79066,0.42336,0,0,18.483,0.42336,442.007,0,1.00148,0,0,1.40428,0.402797,1.028160,1,0,37.6124,0,0,0,37.6124,0
31.3439,2.52001,0,0,1.92351,0.127672,0.36288,3.6288,53.4619,0.569501,0,0,0.669946,0.219846,0,0.66528,12.849,1,0.998415,0.36288,0,35.2305,4.32657,30.2684,0.84672,12.849,0.84672,3695.15,0,18.483,0.196451,0.402797,1.81081,4.1471,1.02096,5.1433,0.42336,0,0,18.483,0.42336,442.007,0,0.846115,0,0,1.24891,0.402797,1.028160,1,0,35.4117,0,0,0,35.4117,0
30.2359,2.49584,0,0,1.87004,0.11931,0.36288,3.6288,53.4191,0.561194,0,0,0.712057,0.193654,0,0.66528,12.849,1,1.02313,0.36288,0,32.5375,4.33545,27.5418,0.84672,12.849,0.84672,3695.15,0,18.483,0.194017,0.402797,1.90484,3.96945,0.951499,5.13156,0.42336,0,0,18.483,0.42336,442.007,0,0.857105,0,0,1.2599,0.402797,1.028160,1,0,32.6733,0,0,0,32.6733,0
28.9088,2.46991,0,0,1.62319,0.117585,0.36288,3.6288,53.2604,0.580457,0,0,0.615318,0.193588,0,0.66528,12.849,1,1.04961,0.36288,0,29.0603,4.33545,24.0381,0.84672,12.849,0.84672,3695.15,0,18.483,0.200838,0.30119,1.90513,3.56664,0.951499,4.62062,0.42336,0,0,18.483,0.42336,442.007,0,0.831272,0,0,1.13246,0.30119,1.028160,1,0,28.6587,0,0,0,28.6587,0
27.4241,2.43692,0,0,1.43066,0.115501,0.36288,3.6288,52.9996,0.610049,0,0,0.542548,0.193343,0,0.66528,12.849,1,1.08313,0.36288,0,27.4721,4.33545,22.4164,0.84672,12.849,0.84672,3695.15,0,18.483,0.211706,0.30119,1.90543,3.56885,0.951499,4.61226,0.42336,0,0,18.483,0.42336,442.007,0,0.791061,0,0,1.09225,0.30119,1.028160,1,0,27.0286,0,0,0,27.0286,0
25.8883,2.39737,0,0,1.33348,0.109088,0.36288,3.6288,52.7905,0.556235,0,0,0.535308,0.188155,0,0.66528,12.849,1,1.12324,0.36288,0,25.8834,4.35023,20.7728,0.84672,12.849,0.84672,3695.15,0,18.483,0.193981,0.30119,1.90572,3.53494,0.949877,4.598,0.42336,0,0,18.483,0.42336,442.007,0,0.862851,0,0,1.16404,0.30119,1.028160,1,0,25.3708,0,0,0,25.3708,0
24.5275,2.33212,0,0,1.41701,0.0827966,0.36288,3.6288,52.8188,0.467097,0,0,0.654644,0.159177,0,0.66528,12.849,1,1.15749,0.36288,0,29.9449,4.43888,24.7114,0.84672,12.849,0.84672,3695.15,0,18.483,0.16354,0.768995,1.90602,3.99502,0.940142,5.56635,0.42336,0,0,18.483,0.42336,442.007,0,1.02816,0,0,1.79715,0.768995,1.028160,1,0,30.2777,0,0,0,30.2777,0
23.0751,2.29033,0,0,1.28208,0.0811993,0.36288,3.6288,52.7998,0.467352,0,0,0.607538,0.159213,0,0.66528,12.849,1,1.19982,0.36288,0,26.8908,4.43888,21.615,0.84672,12.849,0.84672,3695.15,0,18.483,0.163541,0.546065,1.93554,3.8316,0.940142,5.20952,0.42336,0,0,18.483,0.42336,442.007,0,1.02816,0,0,1.57423,0.546065,1.028160,1,0,26.8245,0,0,0,26.8245,0
21.6288,2.24218,0,0,1.22145,0.0627199,0.36288,3.6288,52.6858,0.467499,0,0,0.574843,0.221379,0,0.66528,12.849,1,1.24852,0.36288,0,24.3611,5.28577,18.1897,0.84672,12.849,0.84672,3695.15,0,18.483,0.163652,0.553781,1.93584,3.63019,1.24928,4.70688,0.42336,0,0,18.483,0.42336,442.007,0,1.02816,0,0,1.58194,0.553781,1.028160,1,0,22.8966,0,0,0,22.8966,0
20.1014,2.19014,0,0,1.0844,0.0587658,0.36288,3.6288,52.5243,0.467427,0,0,0.537495,0.231532,0,0.66528,12.849,1,1.30109,0.36288,0,22.2808,5.42693,15.9157,0.84672,12.849,0.84672,3695.15,0,18.483,0.163981,0.510529,1.93614,3.51053,1.3008,4.49242,0.42336,0,0,18.483,0.42336,442.007,0,1.02816,0,0,1.53869,0.510529,1.028160,1,0,20.4081,0,0,0,20.4081,0
18.6571,2.17987,0,0,1.15366,0.0552777,0.36288,3.6288,52.2624,0.497246,0,0,0.50189,0.266581,0,0.66528,12.849,1,1.39339,0.36288,0,21.9693,5.66805,15.2707,0.84672,12.849,0.84672,3695.15,0,18.483,0.174978,0.465074,1.93644,3.15025,1.42675,3.95003,0.42336,0,0,18.483,0.42336,442.007,0,1.02816,0,0,1.49323,0.465074,1.028160,1,0,19.2207,0,0,0,19.2207,0
17.2009,2.11632,0,0,1.07632,0.0532809,0.36288,3.6288,51.9521,0.496792,0,0,0.466596,0.28013,0,0.66528,12.849,1,1.4575,0.36288,0,20.7337,5.7645,13.8746,0.84672,12.849,0.84672,3695.15,0,18.483,0.175694,0.402114,1.98335,3.09745,1.47713,3.83008,0.42336,0,0,18.483,0.42336,442.007,0,1.02816,0,0,1.43027,0.402114,1.028160,1,0,17.7046,0,0,0,17.7046,0
15.7193,2.04601,0,0,0.979508,0.0521828,0.36288,3.6288,51.624,0.496212,0,0,0.447625,0.279431,0,0.66528,12.849,1,1.52836,0.36288,0,19.4742,5.7645,12.5442,0.84672,12.849,0.84672,3695.15,0,18.483,0.176538,0.266993,1.98365,2.87958,1.47713,3.47656,0.42336,0,0,18.483,0.42336,442.007,0,1.02816,0,0,1.29515,0.266993,1.028160,1,0,16.0208,0,0,0,16.0208,0
14.1943,1.96705,0,0,0.847584,0.0426901,0.36288,3.6288,51.2889,0.49558,0,0,0.445748,0.285305,0,0.66528,12.849,1,1.60787,0.36288,0,18.5805,6.00632,11.3292,0.84672,12.849,0.84672,3695.15,0,18.483,0.177433,0.252815,1.98396,2.91802,1.50718,3.47018,0.42336,0,0,18.483,0.42336,442.007,0,1.02816,0,0,1.28097,0.252815,1.028160,1,0,14.7994,0,0,0,14.7994,0
12.9632,1.61737,0,0,0.794707,0.0455282,0.36288,3.6288,50.7595,0.673289,0,0,0.417575,0.273689,0,0.66528,12.849,1,1.46408,0.36288,0,17.5683,5.92728,10.5398,0.84672,12.849,0.84672,3695.15,0,18.483,0.887302,0.227405,1.98427,2.63828,1.41931,2.54335,0.42336,0,0,18.483,0.42336,442.007,0,1.02015,0,0,1.24756,0.227405,1.028160,1,0,13.0832,0,0,0,13.0832,0
11.8684,1.62154,0,0,0.932178,0.0425397,0.36288,3.6288,50.2792,0.66528,0,0,0.45834,0.273392,0,0.66528,12.849,1,1.60725,0.36288,0,20.7822,6.02816,13.5097,0.84672,12.849,0.84672,3695.15,0,18.483,0.740838,0.465212,2.57135,2.5721,1.53327,3.33455,0.42336,0,0,18.483,0.42336,442.007,0,1.02816,0,0,1.49337,0.465212,1.028160,1,0,16.8443,0,0,0,16.8443,0
10.6802,1.55077,0,0,0.766904,0.0415143,0.36288,3.6288,49.4634,0.877228,0,0,0.333803,0.272322,0,0.66528,12.849,1,1.6789,0.36288,0,19.0399,6.02816,11.6957,0.84672,12.849,0.84672,3695.15,0,18.483,0.740838,0.204422,2.4858,2.10667,1.53327,2.52278,0.42336,0,0,18.483,0.42336,442.007,0,0.816212,0,0,1.02063,0.204422,1.028160,1,0,14.2185,0,0,0,14.2185,0
9.76621,1.46638,0,0,0.955696,0.0404014,0.36288,3.6288,49.1059,0.66528,0,0,0.578248,0.270506,0,0.66528,12.849,1,1.76416,0.36288,0,18.5592,6.02816,11.1298,0.84672,12.849,0.84672,3695.15,0,18.483,0.740838,0.988796,2.48596,3.2857,1.53327,4.48635,0.42336,0,0,18.483,0.42336,442.007,0,1.02816,0,0,2.01696,0.988796,1.028160,1,0,15.6162,0,0,0,15.6162,0
8.79565,1.36825,0,0,0.804203,0.0436299,0.36288,3.6288,48.6325,0.66528,0,0,0.417368,0.225455,0,0.66528,12.849,1,1.80015,0.36288,0,12.8965,4.73424,6.72498,0.84672,12.849,0.84672,3695.15,0,18.483,0.710308,0.378233,2.48613,3.34729,1.02959,4.47176,0.42336,0,0,18.483,0.42336,442.007,0,1.02816,0,0,1.40639,0.378233,1.028160,1,0,11.1967,0,0,0,11.1967,0
8.14391,1.14202,0,0,0.884028,0.0308701,0.36288,3.6288,48.2787,0.66528,0,0,0.572544,0.261122,0,0.66528,12.849,1,1.6683,0.36288,0,14.924,4.62693,8.99161,0.84672,12.849,0.84672,3695.15,0,18.483,0.506531,0.782577,2.4509,2.67011,1.30852,4.08854,0.42336,0,0,18.483,0.42336,442.007,0,1.02816,0,0,1.81074,0.782577,1.028160,1,0,13.0801,0,0,0,13.0801,0
7.42526,1.05602,0,0,0.730521,0.0302755,0.36288,3.6288,47.8574,0.66528,0,0,0.504402,0.260356,0,0.66528,12.849,1,1.66613,0.36288,0,13.7792,4.62693,7.84907,0.84672,12.849,0.84672,3695.15,0,18.483,0.595475,0.581904,2.22635,2.47272,1.30852,3.37699,0.42336,0,0,18.483,0.42336,442.007,0,1.02816,0,0,1.61006,0.581904,1.028160,1,0,11.2261,0,0,0,11.2261,0
7.35102,0.997254,0,0,1.35792,0.0720233,0.36288,3.6288,47.7862,0.66528,0,0,0.784705,0.190649,0,0.66528,12.849,1,1.72569,0.36288,0,24.3296,3.58878,19.378,0.84672,12.849,0.84672,3695.15,0,18.483,0.595453,0.983431,2.27855,4.29326,0.984026,5.97576,0.42336,0,0,18.483,0.42336,442.007,0,1.02816,0,0,2.01159,0.983431,1.028160,1,0,25.3538,0,0,0,25.3538,0
8.61292,0.991202,0,0,2.70476,0.0887812,0.36288,3.6288,48.153,0.66528,0,0,1.1951,0.163034,0,0.66528,12.849,1,1.73254,0.36288,0,48.7623,3.17352,44.2191,0.84672,12.849,0.84672,3695.15,0,18.483,0.59543,1.75968,2.27868,6.13394,0.85423,8.72264,0.42336,0,0,18.483,0.42336,442.007,0,1.02816,0,0,2.78784,1.75968,1.028160,1,0,52.9417,0,0,0,52.9417,0
10.2078,1.05817,0,0,3.1231,0.107185,0.36288,3.6288,48.5347,0.66528,0,0,1.22702,0.180031,0,0.66528,12.849,1,1.57861,0.36288,0,86.2557,3.86712,81.1729,0.84672,12.849,0.84672,3695.15,0,18.483,0.521054,1.68302,2.27881,9.87955,0.953067,12.3673,0.42336,0,0,18.483,0.42336,442.007,0,1.02816,0,0,2.71118,1.68302,1.028160,1,0,93.5401,0,0,0,93.5401,0
16.125,1.13183,0,0,7.53571,0.123827,0.36288,3.6288,50.7555,0.66528,0,0,3.07911,0.193015,0,0.66528,12.849,1,1.42469,0.36288,0,128.87,4.38732,123.421,0.84672,12.849,0.84672,3695.15,0,18.483,0.602065,4.78272,2.20505,18.8145,1.0272,24.173,0.42336,0,0,18.483,0.42336,442.007,0,1.02816,0,0,5.81088,4.78272,1.028160,1,0,147.594,0,0,0,147.594,0
18.4353,1.42322,0,0,4.23745,0.141002,0.36288,3.6288,51.5494,0.66528,0,0,1.6558,0.196571,0,0.66528,12.849,1,1.13408,0.36288,0,79.7039,4.38732,74.5454,0.84672,12.849,0.84672,3695.15,0,18.483,0.602043,2.06886,2.2526,7.15211,1.0272,9.84432,0.42336,0,0,18.483,0.42336,442.007,0,1.02816,0,0,3.09702,2.06886,1.028160,1,0,84.3897,0,0,0,84.3897,0
20.709,1.50742,0,0,4.28983,0.145857,0.36288,3.6288,52.3808,0.66528,0,0,1.69449,0.197842,0,0.66528,12.849,1,1.05064,0.36288,0,66.1679,4.38732,61.0928,0.84672,12.849,0.84672,3695.15,0,18.483,0.602022,2.44683,2.25273,7.28879,1.0272,10.3591,0.42336,0,0,18.483,0.42336,442.007,0,1.02816,0,0,3.47499,2.44683,1.028160,1,0,71.4519,0,0,0,71.4519,0
23.153,2.05978,0,0,5.02477,0.158109,0.36288,3.6288,53.9554,0.358058,0,0,2.17794,0.24527,0,0.66528,12.849,1,1.278,0.36288,0,86.3508,4.39593,81.0397,0.84672,12.849,0.84672,3695.15,0,18.483,0.126344,3.09251,2.25286,7.91971,1.14032,11.9984,0.42336,0,0,18.483,0.42336,442.007,0,1.02816,0,0,4.12067,3.09251,1.028160,1,0,93.0381,0,0,0,93.0381,0
24.7947,2.14687,0,0,4.34257,0.191101,0.36288,3.6288,54.8051,0.360979,0,0,1.41269,0.20208,0,0.66528,12.849,1,1.19143,0.36288,0,87.9984,4.52287,82.647,0.84672,12.849,0.84672,3695.15,0,18.483,0.123657,1.90891,1.7941,7.09318,1.1584,9.51414,0.42336,0,0,18.483,0.42336,442.007,0,1.02816,0,0,2.93707,1.90891,1.028160,1,0,92.1611,0,0,0,92.1611,0
28.0609,2.19917,0,0,6.0239,0.195693,0.36288,3.6288,55.8126,0.362587,0,0,1.57332,0.203219,0,0.66528,12.849,1,1.13964,0.36288,0,91.7438,4.52287,86.4442,0.84672,12.849,0.84672,3695.15,0,18.483,0.122283,1.9697,1.79438,8.6967,1.1584,11.1801,0.42336,0,0,18.483,0.42336,442.007,0,1.02816,0,0,2.99786,1.9697,1.028160,1,0,97.6243,0,0,0,97.6243,0
31.6921,2.29051,0,0,6.47914,0.194554,0.36288,3.6288,59.7456,0.364421,0,0,4.4901,0.192598,0,0.66528,12.849,1,1.04882,0.36288,0,153.785,4.09411,149.005,0.84672,12.849,0.84672,3695.15,0,18.483,0.120683,4.45499,1.79466,12.6827,1.10484,17.7069,0.42336,0,0,18.483,0.42336,442.007,0,1.02816,0,0,5.48315,4.45499,1.028160,1,0,166.712,0,0,0,166.712,0
34.2951,2.37638,0,0,5.5384,0.19607,0.36288,3.6288,61.308,0.370668,0,0,2.43499,0.18835,0.313611,0.66528,12.849,1,0.963462,0.36288,0,78.5955,3.77254,74.2224,0.84672,12.849,0.84672,3695.15,0,18.483,0.11467,2.76877,1.79494,9.1954,1.06466,12.5798,0.42336,0,0,18.483,0.42336,442.007,0,1.02816,0,0,3.79693,2.76877,1.028160,1,0,87.1157,0,0,0,87.1157,0
36.7484,2.50606,0,0,5.53032,0.208165,0.36288,3.6288,61.308,0.410692,0,0,1.28861,0.189838,0.688082,0.66528,12.849,1,0.938919,0.36288,0,80.5395,3.6866,76.2769,0.84672,12.849,0.84672,3695.15,0,18.483,0.123815,1.51885,1.79521,7.39041,1.11005,9.47061,0.42336,0,0,18.483,0.42336,442.007,0,1.02816,0,0,2.54701,1.51885,1.028160,1,0,86.4356,0,0,0,86.4356,0
37.2706,2.55287,0,0,3.65334,0.215382,0.36288,3.6288,61.308,0.410866,0,0,0.866117,0.189773,0.265478,0.66528,12.849,1,0.892607,0.36288,0,62.6522,3.67227,58.4502,0.84672,12.849,0.84672,3695.15,0,18.483,0.123867,0.847506,1.85291,4.74734,1.11762,6.20627,0.42336,0,0,18.483,0.42336,442.007,0,1.02816,0,0,1.87567,0.847506,1.028160,1,0,64.9219,0,0,0,64.9219,0
37.0436,2.56254,0,0,2.91514,0.216718,0.36288,3.6288,61.308,0.411039,0,0,0.896737,0.189773,0.295925,0.66528,12.849,1,0.883434,0.36288,0,64.0433,3.67227,59.8505,0.84672,12.849,0.84672,3695.15,0,18.483,0.123919,0.728853,1.85317,4.63035,1.11762,5.97084,0.42336,0,0,18.483,0.42336,442.007,0,1.02816,0,0,1.75701,0.728853,1.028160,1,0,66.1173,0,0,0,66.1173,0
38.4411,2.55889,0,0,4.54537,0.226019,0.36288,3.6288,61.308,0.411212,0,0,1.84086,0.207252,1.22239,0.66528,12.849,1,0.887581,0.36288,0,126.397,3.7998,122.073,0.84672,12.849,0.84672,3695.15,0,18.483,0.123971,2.00777,1.85344,12.6634,1.16213,15.2385,0.42336,0,0,18.483,0.42336,442.007,0,1.02816,0,0,3.03593,2.00777,1.028160,1,0,138.534,0,0,0,138.534,0
39.3604,2.83543,0,0,4.37049,0.252952,0.36288,3.6288,61.308,0.552642,0,0,1.13822,0.206648,0.378936,0.66528,12.849,1,0.947746,0.36288,0,88.5358,3.91662,84.0343,0.84672,12.849,0.84672,3695.15,0,18.483,0.166609,1.48547,1.85371,8.00295,1.0856,10.0899,0.42336,0,0,18.483,0.42336,442.007,0,1.02816,0,0,2.51363,1.48547,1.028160,1,0,94.5032,0,0,0,94.5032,0
40.1947,2.85253,0,0,4.30281,0.253072,0.36288,3.6288,61.308,0.552835,0,0,1.14426,0.147579,0.443842,0.66528,12.849,1,0.931194,0.36288,0,134.101,3.64728,129.885,0.84672,12.849,0.84672,3695.15,0,18.483,0.166668,1.53982,2.05902,11.2703,0.835184,13.8673,0.42336,0,0,18.483,0.42336,442.007,0,1.02816,0,0,2.56798,1.53982,1.028160,1,0,144.196,0,0,0,144.196,0
40.5193,2.86759,0,0,3.81064,0.255556,0.36288,3.6288,61.308,0.553029,0,0,0.856051,0.147579,0.155444,0.66528,12.849,1,0.916679,0.36288,0,83.1522,3.64728,78.9511,0.84672,12.849,0.84672,3695.15,0,18.483,0.166726,0.681264,2.05931,10.2094,0.835184,11.948,0.42336,0,0,18.483,0.42336,442.007,0,1.02816,0,0,1.70942,0.681264,1.028160,1,0,91.0546,0,0,0,91.0546,0
43.1833,2.87358,0,0,6.15317,0.252718,0.36288,3.6288,61.308,0.553222,0,0,1.48132,0.158644,0.769453,0.66528,12.849,1,0.911235,0.36288,0,132.14,3.90936,127.682,0.84672,12.849,0.84672,3695.15,0,18.483,0.166784,2.34909,2.05961,12.6516,0.917175,15.9763,0.42336,0,0,18.483,0.42336,442.007,0,1.02816,0,0,3.37725,2.34909,1.028160,1,0,144.428,0,0,0,144.428,0
44.5477,2.54753,0,0,4.52599,0.251176,0.36288,3.6288,61.308,0.363739,0,0,1.45117,0.178535,0.908892,0.66528,12.849,1,0.758007,0.36288,0,107.178,4.62921,102.154,0.84672,12.849,0.84672,3695.15,0,18.483,0.109659,1.92996,2.05991,12.0144,1.0687,14.8259,0.42336,0,0,18.483,0.42336,442.007,0,1.02816,0,0,2.95812,1.92996,1.028160,1,0,117.889,0,0,0,117.889,0
45.0041,2.56592,0,0,3.63489,0.249737,0.36288,3.6288,61.308,0.363905,0,0,1.36622,0.140429,0.861884,0.66528,12.849,1,0.740095,0.36288,0,91.3542,3.65757,87.3194,0.84672,12.849,0.84672,3695.15,0,18.483,0.109709,1.58412,1.77956,10.1988,0.82078,12.632,0.42336,0,0,18.483,0.42336,442.007,0,1.02816,0,0,2.61228,1.58412,1.028160,1,0,100.813,0,0,0,100.813,0
45.9114,2.57213,0,0,4.08127,0.238936,0.36288,3.6288,61.308,0.364071,0,0,1.32303,0.173625,0.785338,0.66528,12.849,1,0.734363,0.36288,0,103.459,4.44381,98.6435,0.84672,12.849,0.84672,3695.15,0,18.483,0.109759,1.52215,1.77982,10.4302,1.06675,12.5557,0.42336,0,0,18.483,0.42336,442.007,0,1.02816,0,0,2.55031,1.52215,1.028160,1,0,111.985,0,0,0,111.985,0
46.6163,2.58384,0,0,3.89304,0.241382,0.36288,3.6288,61.308,0.364237,0,0,1.43414,0.173625,0.896274,0.66528,12.849,1,0.723127,0.36288,0,102.185,4.44381,97.3812,0.84672,12.849,0.84672,3695.15,0,18.483,0.109809,1.77027,1.78007,10.9003,1.06675,13.2741,0.42336,0,0,18.483,0.42336,442.007,0,1.02816,0,0,2.79843,1.77027,1.028160,1,0,111.552,0,0,0,111.552,0
56.1951,2.59279,0,0,12.7778,0.243282,0.36288,3.6288,61.308,0.364404,0,0,4.18873,0.173625,3.6507,0.66528,12.849,1,0.714658,0.36288,0,199.232,4.44381,194.437,0.84672,12.849,0.84672,3695.15,0,18.483,0.10986,5.32793,1.78033,29.9625,1.06675,35.8941,0.42336,0,0,18.483,0.42336,442.007,0,1.02816,0,0,6.35609,5.32793,1.028160,1,0,233.982,0,0,0,233.982,0
60.6991,2.7907,0,0,7.94356,0.285992,0.36288,3.6288,61.308,0.411006,0,0,4.19604,0.141339,3.6437,0.66528,12.849,1,0.638091,0.36288,0,147.64,3.70272,143.662,0.84672,12.849,0.84672,3695.15,0,18.483,0.123909,4.48519,1.78059,17.711,0.868549,22.9843,0.42336,0,0,18.483,0.42336,442.007,0,1.02816,0,0,5.51335,4.48519,1.028160,1,0,170.29,0,0,0,170.29,0
62.8087,2.83018,0,0,5.60123,0.298638,0.36288,3.6288,61.308,0.411179,0,0,2.15257,0.141339,1.60005,0.66528,12.849,1,0.599102,0.36288,0,101.013,3.70272,97.0739,0.84672,12.849,0.84672,3695.15,0,18.483,0.123961,2.56421,1.85019,13.7024,0.868549,17.1243,0.42336,0,0,18.483,0.42336,442.007,0,1.02816,0,0,3.59237,2.56421,1.028160,1,0,115.798,0,0,0,115.798,0
64.3593,2.84729,0,0,5.05639,0.295594,0.36288,3.6288,61.308,0.411352,0,0,2.35831,0.146097,1.80086,0.66528,12.849,1,0.582481,0.36288,0,110.066,3.76089,106.085,0.84672,12.849,0.84672,3695.15,0,18.483,0.124013,2.67382,1.85045,14.338,0.879999,17.8583,0.42336,0,0,18.483,0.42336,442.007,0,1.02816,0,0,3.70198,2.67382,1.028160,1,0,125.744,0,0,0,125.744,0
65.7737,2.8594,0,0,4.88571,0.248997,0.36288,3.6288,61.308,0.411525,0,0,2.5028,0.174643,1.91663,0.66528,12.849,1,0.570865,0.36288,0,89.6797,4.10991,85.3618,0.84672,12.849,0.84672,3695.15,0,18.483,0.124066,2.83431,1.85072,14.5938,0.948701,18.2061,0.42336,0,0,18.483,0.42336,442.007,0,1.02816,0,0,3.86247,2.83431,1.028160,1,0,105.485,0,0,0,105.485,0
66.96,2.83053,0,0,4.62573,0.246047,0.36288,3.6288,61.308,0.393653,0,0,1.682,0.199307,1.08904,0.66528,12.849,1,0.552948,0.36288,0,88.5263,4.18663,84.1496,0.84672,12.849,0.84672,3695.15,0,18.483,0.118677,2.17293,1.85099,11.8678,1.04081,14.7323,0.42336,0,0,18.483,0.42336,442.007,0,1.02816,0,0,3.20109,2.17293,1.028160,1,0,99.9709,0,0,0,99.9709,0
67.6758,2.83916,0,0,4.16383,0.246037,0.36288,3.6288,61.308,0.393823,0,0,1.58266,0.209173,0.979662,0.66528,12.849,1,0.544808,0.36288,0,86.0691,4.21732,81.6698,0.84672,12.849,0.84672,3695.15,0,18.483,0.118729,1.97172,1.82425,10.2247,1.07765,12.8242,0.42336,0,0,18.483,0.42336,442.007,0,1.02816,0,0,2.99988,1.97172,1.028160,1,0,95.4737,0,0,0,95.4737,0
67.9129,2.84441,0,0,3.69183,0.24743,0.36288,3.6288,61.308,0.393994,0,0,1.43755,0.209173,0.834383,0.66528,12.849,1,0.540043,0.36288,0,74.577,4.21732,70.1825,0.84672,12.849,0.84672,3695.15,0,18.483,0.11878,1.59127,1.82451,8.84192,1.07765,11.0613,0.42336,0,0,18.483,0.42336,442.007,0,1.02816,0,0,2.61943,1.59127,1.028160,1,0,82.0782,0,0,0,82.0782,0
67.805,2.84641,0,0,3.34517,0.243714,0.36288,3.6288,61.308,0.394164,0,0,1.28891,0.203484,0.691259,0.66528,12.849,1,0.538535,0.36288,0,65.7081,4.09936,61.433,0.84672,12.849,0.84672,3695.15,0,18.483,0.118832,1.35338,1.82477,8.08739,1.04773,10.099,0.42336,0,0,18.483,0.42336,442.007,0,1.02816,0,0,2.38154,1.35338,1.028160,1,0,72.2233,0,0,0,72.2233,0
67.3885,2.98111,0,0,3.12739,0.199919,0.36288,3.6288,61.308,0.458366,0,0,1.23134,0.191699,0.581273,0.66528,12.849,1,0.564917,0.36288,0,63.0147,3.73456,59.0781,0.84672,12.849,0.84672,3695.15,0,18.483,0.138187,1.19921,1.82503,7.42072,0.939113,9.36767,0.42336,0,0,18.483,0.42336,442.007,0,1.02816,0,0,2.22737,1.19921,1.028160,1,0,69.0271,0,0,0,69.0271,0
66.9947,2.9786,0,0,3.10074,0.153052,0.36288,3.6288,61.308,0.458546,0,0,1.17759,0.24757,0.471474,0.66528,12.849,1,0.567931,0.36288,0,56.7235,4.59196,51.9265,0.84672,12.849,0.84672,3695.15,0,18.483,0.138241,1.0193,1.91978,7.19911,1.11634,8.88361,0.42336,0,0,18.483,0.42336,442.007,0,1.02816,0,0,2.04746,1.0193,1.028160,1,0,61.2816,0,0,0,61.2816,0
66.5198,2.97623,0,0,3.01674,0.152577,0.36288,3.6288,61.308,0.458725,0,0,1.19449,0.24757,0.488194,0.66528,12.849,1,0.570815,0.36288,0,53.9002,4.59196,49.1003,0.84672,12.849,0.84672,3695.15,0,18.483,0.138295,1.18527,1.92005,6.85567,1.11634,8.70636,0.42336,0,0,18.483,0.42336,442.007,0,1.02816,0,0,2.21343,1.18527,1.028160,1,0,58.2949,0,0,0,58.2949,0
65.752,2.97324,0,0,2.73918,0.170811,0.36288,3.6288,61.308,0.458905,0,0,1.12439,0.242303,0.423185,0.66528,12.849,1,0.574313,0.36288,0,50.7968,4.25351,46.3319,0.84672,12.849,0.84672,3695.15,0,18.483,0.13835,1.11753,1.92033,6.27228,1.1294,8.04239,0.42336,0,0,18.483,0.42336,442.007,0,1.02816,0,0,2.14569,1.11753,1.028160,1,0,54.7974,0,0,0,54.7974,0
64.8904,2.96806,0,0,2.61081,0.141556,0.36288,3.6288,61.308,0.459085,0,0,1.12216,0.254956,0.408122,0.66528,12.849,1,0.580006,0.36288,0,47.2696,4.12788,42.9246,0.84672,12.849,0.84672,3695.15,0,18.483,0.138404,1.17886,1.92061,6.09656,1.17728,7.88034,0.42336,0,0,18.483,0.42336,442.007,0,1.02816,0,0,2.20702,1.17886,1.028160,1,0,51.2131,0,0,0,51.2131,0
63.5849,2.93553,0,0,2.09687,0.103965,0.36288,3.6288,61.0096,0.669304,0,0,0.655068,0.284173,0,0.66528,12.849,1,0.581267,0.36288,0,37.2133,5.2879,31.7071,0.84672,12.849,0.84672,3695.15,0,18.483,0.20178,0.30119,1.92088,4.23472,1.23668,5.01834,0.42336,0,0,18.483,0.42336,442.007,0,0.800634,0,0,1.10182,0.30119,1.028160,1,0,36.7254,0,0,0,36.7254,0
62.1657,2.92602,0,0,1.9726,0.102874,0.36288,3.6288,60.6191,0.724797,0,0,0.61794,0.283637,0,0.66528,12.849,1,0.59128,0.36288,0,36.9378,5.2879,31.4215,0.84672,12.849,0.84672,3695.15,0,18.483,0.219579,0.30119,1.95062,4.42596,1.23668,5.22151,0.42336,0,0,18.483,0.42336,442.007,0,0.727583,0,0,1.02877,0.30119,1.028160,1,0,36.643,0,0,0,36.643,0
60.582,2.91525,0,0,1.79619,0.101688,0.36288,3.6288,60.2557,0.692175,0,0,0.611687,0.282935,0,0.66528,12.849,1,0.602553,0.36288,0,36.6523,5.2879,31.1247,0.84672,12.849,0.84672,3695.15,0,18.483,0.211047,0.261274,1.9509,4.25975,1.23668,5.0242,0.42336,0,0,18.483,0.42336,442.007,0,0.768977,0,0,1.03025,0.261274,1.028160,1,0,36.1489,0,0,0,36.1489,0
58.8413,2.90268,0,0,1.62515,0.100365,0.36288,3.6288,59.7519,0.789175,0,0,0.56767,0.282282,0,0.66528,12.849,1,0.615636,0.36288,0,32.9139,5.2879,27.3732,0.84672,12.849,0.84672,3695.15,0,18.483,0.242074,0.261274,1.95118,4.08547,1.23668,4.81917,0.42336,0,0,18.483,0.42336,442.007,0,0.641192,0,0,0.902465,0.261274,1.028160,1,0,32.1924,0,0,0,32.1924,0
57.0029,2.95555,0,0,1.55044,0.0704207,0.36288,3.6288,59.1198,0.838886,0,0,0.535005,0.328161,0,0.66528,12.849,1,0.645395,0.36288,0,28.5032,5.96146,22.2592,0.84672,12.849,0.84672,3695.15,0,18.483,0.259492,0.261274,1.95146,3.56378,1.50001,4.01701,0.42336,0,0,18.483,0.42336,442.007,0,0.615177,0,0,0.87645,0.261274,1.028160,1,0,26.2762,0,0,0,26.2762,0
55.4442,2.93899,0,0,1.80616,0.0629806,0.36288,3.6288,58.8234,0.688394,0,0,0.715876,0.323923,0,0.66528,12.849,1,0.662476,0.36288,0,35.7781,5.97261,29.5059,0.84672,12.849,0.84672,3695.15,0,18.483,0.215217,0.261274,1.99871,3.94534,1.51718,4.47292,0.42336,0,0,18.483,0.42336,442.007,0,0.81019,0,0,1.07146,0.261274,1.028160,1,0,33.9788,0,0,0,33.9788,0
53.739,2.92429,0,0,1.64403,0.0620141,0.36288,3.6288,58.4204,0.670144,0,0,0.590445,0.323307,0,0.66528,12.849,1,0.677693,0.36288,0,28.8173,5.97261,22.5298,0.84672,12.849,0.84672,3695.15,0,18.483,0.210567,0.261274,1.999,3.6661,1.51718,4.19862,0.42336,0,0,18.483,0.42336,442.007,0,0.833337,0,0,1.09461,0.261274,1.028160,1,0,26.7284,0,0,0,26.7284,0
51.9031,2.90735,0,0,1.49523,0.0609568,0.36288,3.6288,57.8747,0.773114,0,0,0.549876,0.322471,0,0.66528,12.849,1,0.695148,0.36288,0,26.8643,5.97261,20.5594,0.84672,12.849,0.84672,3695.15,0,18.483,0.244597,0.227405,1.99928,3.26722,1.51718,3.73213,0.42336,0,0,18.483,0.42336,442.007,0,0.696583,0,0,0.923988,0.227405,1.028160,1,0,24.2915,0,0,0,24.2915,0
49.9874,3.08094,0,0,1.57531,0.0471782,0.36288,3.6288,57.4152,0.748921,0,0,0.624306,0.334849,0,0.66528,12.849,1,0.76271,0.36288,0,26.1966,6.15856,19.6382,0.84672,12.849,0.84672,3695.15,0,18.483,0.239177,0.227405,1.99957,4.3496,1.5557,4.7817,0.42336,0,0,18.483,0.42336,442.007,0,0.874057,0,0,1.10146,0.227405,1.028160,1,0,24.4199,0,0,0,24.4199,0
47.7412,3.05812,0,0,1.22041,0.0455559,0.36288,3.6288,56.4392,1.08777,0,0,0.440859,0.329131,0,0.66528,12.849,1,0.786075,0.36288,0,18.9556,5.86276,12.6697,0.84672,12.849,0.84672,3695.15,0,18.483,0.350172,0.227405,2.159,2.7048,1.5349,3.20614,0.42336,0,0,18.483,0.42336,442.007,0,0.424483,0,0,0.651888,0.227405,1.028160,1,0,15.8758,0,0,0,15.8758,0
45.6721,3.02942,0,0,1.36368,0.040545,0.36288,3.6288,55.6936,0.957793,0,0,0.541749,0.329559,0,0.66528,12.849,1,0.815333,0.36288,0,24.1208,5.93754,17.7308,0.84672,12.849,0.84672,3695.15,0,18.483,0.313663,0.227405,2.15931,2.87099,1.54984,3.39421,0.42336,0,0,18.483,0.42336,442.007,0,0.591235,0,0,0.81864,0.227405,1.028160,1,0,21.125,0,0,0,21.125,0
43.3459,3.00102,0,0,1.07736,0.0396269,0.36288,3.6288,54.6492,1.11189,0,0,0.395452,0.327956,0,0.66528,12.849,1,0.844283,0.36288,0,24.8918,5.93754,18.4729,0.84672,12.849,0.84672,3695.15,0,18.483,0.369001,0.204422,2.15962,2.27489,1.54984,2.72009,0.42336,0,0,18.483,0.42336,442.007,0,0.382072,0,0,0.586494,0.204422,1.028160,1,0,21.193,0,0,0,21.193,0
41.3122,2.9665,0,0,1.33432,0.0385948,0.36288,3.6288,54.218,0.763398,0,0,0.657904,0.325712,0,0.66528,12.849,1,0.879359,0.36288,0,22.0597,5.93754,15.6057,0.84672,12.849,0.84672,3695.15,0,18.483,0.25819,0.204422,2.15993,3.41848,1.54984,3.9748,0.42336,0,0,18.483,0.42336,442.007,0,0.84164,0,0,1.04606,0.204422,1.028160,1,0,19.5805,0,0,0,19.5805,0
38.8624,2.84439,0,0,0.785678,0.0281931,0.36288,3.6288,53.5157,0.921526,0,0,0.503506,0.284266,0,0.66528,12.849,1,0.884666,0.36288,0,15.394,5.17002,9.70217,0.84672,12.849,0.84672,3695.15,0,18.483,0.31415,0.204422,2.16024,2.76891,1.27843,3.541,0.42336,0,0,18.483,0.42336,442.007,0,0.53816,0,0,0.742582,0.204422,1.028160,1,0,13.2432,0,0,0,13.2432,0
36.275,2.80288,0,0,0.604139,0.0258555,0.36288,3.6288,52.6763,1.00515,0,0,0.441909,0.276109,0,0.66528,12.849,1,0.92671,0.36288,0,13.0537,5.0421,7.44773,0.84672,12.849,0.84672,3695.15,0,18.483,0.347153,0.204422,2.06929,2.49612,1.2332,3.18948,0.42336,0,0,18.483,0.42336,442.007,0,0.421788,0,0,0.626211,0.204422,1.028160,1,0,10.6372,0,0,0,10.6372,0
34.0757,2.75447,0,0,0.998153,0.0801133,0.36288,3.6288,52.244,0.884526,0,0,0.669196,0.217015,0,0.66528,12.849,1,0.975662,0.36288,0,18.5843,4.21158,13.7599,0.84672,12.849,0.84672,3695.15,0,18.483,0.310361,0.216518,2.06959,3.3068,0.973608,4.30894,0.42336,0,0,18.483,0.42336,442.007,0,0.579459,0,0,0.795977,0.216518,1.028160,1,0,18.0689,0,0,0,18.0689,0
33.1119,2.70913,0,0,2.22648,0.118199,0.36288,3.6288,52.4809,0.654031,0,0,1.0644,0.173475,0,0.66528,12.849,1,1.02154,0.36288,0,47.4887,3.58869,43.2414,0.84672,12.849,0.84672,3695.15,0,18.483,0.231384,0.216518,2.06989,7.06859,0.778914,8.3447,0.42336,0,0,18.483,0.42336,442.007,0,0.889186,0,0,1.1057,0.216518,1.028160,1,0,51.5861,0,0,0,51.5861,0
30.9923,2.61865,0,0,1.00262,0.140729,0.36288,3.6288,52.2165,0.68895,0,0,0.610381,0.185813,0,0.66528,12.849,1,1.01616,0.36288,0,24.7204,4.10147,19.9657,0.84672,12.849,0.84672,3695.15,0,18.483,0.242638,0.216518,2.07018,3.06604,0.983867,4.12624,0.42336,0,0,18.483,0.42336,442.007,0,0.761607,0,0,0.978126,0.216518,1.028160,1,0,24.0919,0,0,0,24.0919,0
28.645,2.56989,0,0,0.753534,0.168083,0.36288,3.6288,51.8839,0.639591,0,0,0.508386,0.201394,0,0.66528,12.849,1,1.06544,0.36288,0,19.2382,4.78516,13.7504,0.84672,12.849,0.84672,3695.15,0,18.483,0.226395,0.216518,1.98933,3.77647,1.25714,4.49878,0.42336,0,0,18.483,0.42336,442.007,0,0.827453,0,0,1.04397,0.216518,1.028160,1,0,18.2492,0,0,0,18.2492,0
26.6084,2.50998,0,0,1.0044,0.168056,0.36288,3.6288,51.9004,0.490712,0,0,0.70579,0.198582,0,0.66528,12.849,1,1.12588,0.36288,0,33.8555,4.71368,28.3788,0.84672,12.849,0.84672,3695.15,0,18.483,0.17481,0.394891,1.98961,5.38362,1.24675,6.34656,0.42336,0,0,18.483,0.42336,442.007,0,1.02816,0,0,1.42305,0.394891,1.028160,1,0,34.7254,0,0,0,34.7254,0
25.896,2.45222,0,0,2.2963,0.193655,0.36288,3.6288,52.6067,0.490933,0,0,1.38223,0.184974,0,0.66528,12.849,1,1.18416,0.36288,0,42.92,4.28474,37.814,0.84672,12.849,0.84672,3695.15,0,18.483,0.174833,0.850159,1.9899,8.76194,1.18446,10.2427,0.42336,0,0,18.483,0.42336,442.007,0,1.02816,0,0,1.87832,0.850159,1.028160,1,0,48.0567,0,0,0,48.0567,0
25.1045,2.24773,0,0,2.00868,0.189577,0.36288,3.6288,52.9023,0.366921,0,0,0.846318,0.18382,0,0.66528,12.849,1,1.11527,0.36288,0,49.9889,4.30489,44.9316,0.84672,12.849,0.84672,3695.15,0,18.483,0.128915,0.679683,1.99019,5.49745,1.17909,6.85932,0.42336,0,0,18.483,0.42336,442.007,0,1.02816,0,0,1.70784,0.679683,1.028160,1,0,51.7909,0,0,0,51.7909,0
24.6956,2.22479,0,0,2.35349,0.174742,0.36288,3.6288,53.1284,0.437492,0,0,0.834586,0.17098,0,0.66528,12.849,1,1.1387,0.36288,0,51.1762,4.42585,45.9745,0.84672,12.849,0.84672,3695.15,0,18.483,0.152851,0.292723,1.80767,6.62215,1.14688,7.42281,0.42336,0,0,18.483,0.42336,442.007,0,0.933872,0,0,1.22659,0.292723,1.028160,1,0,53.3973,0,0,0,53.3973,0
26.6294,2.21271,0,0,4.68317,0.173718,0.36288,3.6288,53.9181,0.368185,0,0,1.32918,0.171289,0,0.66528,12.849,1,1.15126,0.36288,0,76.5132,4.42585,71.299,0.84672,12.849,0.84672,3695.15,0,18.483,0.128089,1.09998,1.80793,9.95674,1.14688,11.5897,0.42336,0,0,18.483,0.42336,442.007,0,1.02816,0,0,2.12814,1.09998,1.028160,1,0,82.8887,0,0,0,82.8887,0
26.6181,2.26943,0,0,2.79952,0.178562,0.36288,3.6288,54.813,0.369746,0,0,1.43699,0.172351,0,0.66528,12.849,1,1.09503,0.36288,0,87.6269,4.42585,82.4689,0.84672,12.849,0.84672,3695.15,0,18.483,0.126748,1.38249,1.80819,8.43022,1.14688,10.3473,0.42336,0,0,18.483,0.42336,442.007,0,1.02816,0,0,2.41065,1.38249,1.028160,1,0,92.8161,0,0,0,92.8161,0
27.5549,2.26944,0,0,3.76596,0.196839,0.36288,3.6288,56.0969,0.371457,0,0,1.86037,0.205062,0,0.66528,12.849,1,1.0955,0.36288,0,78.6777,4.82291,73.1221,0.84672,12.849,0.84672,3695.15,0,18.483,0.125256,1.88014,1.80845,10.2974,1.22693,12.6338,0.42336,0,0,18.483,0.42336,442.007,0,1.02816,0,0,2.9083,1.88014,1.028160,1,0,85.756,0,0,0,85.756,0
37.1931,2.36706,0,0,12.5637,0.195472,0.36288,3.6288,61.308,0.410862,0,0,6.28355,0.192554,0.469007,0.66528,12.849,1,1.10377,0.36288,0,280.569,4.60467,275.224,0.84672,12.849,0.84672,3695.15,0,18.483,0.135372,2.70175,1.80871,25.413,1.17563,28.6124,0.42336,0,0,18.483,0.42336,442.007,0,1.02816,0,0,3.72991,2.70175,1.028160,1,0,304.305,0,0,0,304.305,0
40.0606,2.57999,0,0,5.99957,0.189233,0.36288,3.6288,61.308,0.419865,0,0,1.7175,0.192428,1.10521,0.66528,12.849,1,0.891303,0.36288,0,137.533,3.8367,133.168,0.84672,12.849,0.84672,3695.15,0,18.483,0.12658,3.17527,1.86681,14.5849,0.937704,18.5627,0.42336,0,0,18.483,0.42336,442.007,0,1.02816,0,0,4.20343,3.17527,1.028160,1,0,152.836,0,0,0,152.836,0
40.8191,2.62865,0,0,3.95855,0.208459,0.36288,3.6288,61.308,0.420027,0,0,1.26059,0.225886,0.61468,0.66528,12.849,1,0.843111,0.36288,0,99.3306,4.3636,94.4868,0.84672,12.849,0.84672,3695.15,0,18.483,0.126629,2.92977,1.86706,11.7582,1.06129,15.3671,0.42336,0,0,18.483,0.42336,442.007,0,1.02816,0,0,3.95793,2.92977,1.028160,1,0,110.469,0,0,0,110.469,0
41.9016,2.64092,0,0,4.30476,0.218553,0.36288,3.6288,61.308,0.420188,0,0,1.26688,0.236553,0.610142,0.66528,12.849,1,0.831305,0.36288,0,102.404,4.59217,97.3433,0.84672,12.849,0.84672,3695.15,0,18.483,0.126677,2.99388,1.86731,11.6079,1.13259,15.2099,0.42336,0,0,18.483,0.42336,442.007,0,1.02816,0,0,4.02204,2.99388,1.028160,1,0,113.163,0,0,0,113.163,0
43.5776,2.91694,0,0,5.19271,0.236835,0.36288,3.6288,61.308,0.562661,0,0,1.53402,0.224107,0.747256,0.66528,12.849,1,0.894471,0.36288,0,117.903,4.58626,112.785,0.84672,12.849,0.84672,3695.15,0,18.483,0.16963,3.15126,1.86756,14.9046,1.1093,18.6445,0.42336,0,0,18.483,0.42336,442.007,0,1.02816,0,0,4.17942,3.15126,1.028160,1,0,132.177,0,0,0,132.177,0
47.2171,2.9439,0,0,7.22719,0.280938,0.36288,3.6288,61.308,0.562841,0,0,2.10502,0.192992,1.34918,0.66528,12.849,1,0.868018,0.36288,0,149.602,4.57149,144.526,0.84672,12.849,0.84672,3695.15,0,18.483,0.169684,2.9706,2.07438,17.1451,1.05108,20.9693,0.42336,0,0,18.483,0.42336,442.007,0,1.02816,0,0,3.99876,2.9706,1.028160,1,0,166.844,0,0,0,166.844,0
50.4444,2.99689,0,0,6.87977,0.292661,0.36288,3.6288,61.308,0.563022,0,0,2.54465,0.192992,1.78864,0.66528,12.849,1,0.815533,0.36288,0,161.691,4.57149,156.667,0.84672,12.849,0.84672,3695.15,0,18.483,0.169739,2.93161,2.07466,19.5324,1.05108,23.3179,0.42336,0,0,18.483,0.42336,442.007,0,1.02816,0,0,3.95977,2.93161,1.028160,1,0,181.773,0,0,0,181.773,0
54.439,3.03888,0,0,7.69936,0.303026,0.36288,3.6288,61.308,0.563203,0,0,2.53958,0.192992,1.78339,0.66528,12.849,1,0.774052,0.36288,0,197.871,4.57149,192.888,0.84672,12.849,0.84672,3695.15,0,18.483,0.169793,2.90825,2.07494,25.8234,1.05108,29.5857,0.42336,0,0,18.483,0.42336,442.007,0,1.02816,0,0,3.93641,2.90825,1.028160,1,0,224.257,0,0,0,224.257,0
60.104,2.69417,0,0,9.03433,0.312273,0.36288,3.6288,61.308,0.372299,0,0,3.0427,0.190212,2.48019,0.66528,12.849,1,0.635894,0.36288,0,236.911,4.39107,232.247,0.84672,12.849,0.84672,3695.15,0,18.483,0.11224,4.0023,2.07521,23.3092,1.04089,28.2336,0.42336,0,0,18.483,0.42336,442.007,0,1.02816,0,0,5.03046,4.0023,1.028160,1,0,262.961,0,0,0,262.961,0
64.6246,2.74392,0,0,7.94828,0.32091,0.36288,3.6288,61.308,0.372454,0,0,3.61581,0.18326,3.0601,0.66528,12.849,1,0.586593,0.36288,0,179.889,3.94002,175.725,0.84672,12.849,0.84672,3695.15,0,18.483,0.112287,4.03532,1.79277,23.5653,1.0154,28.2657,0.42336,0,0,18.483,0.42336,442.007,0,1.02816,0,0,5.06348,4.03532,1.028160,1,0,207.051,0,0,0,207.051,0
68.9175,2.77852,0,0,7.76745,0.33312,0.36288,3.6288,61.308,0.372609,0,0,3.23005,0.18326,2.67418,0.66528,12.849,1,0.552439,0.36288,0,187.542,3.94002,183.412,0.84672,12.849,0.84672,3695.15,0,18.483,0.112333,3.66131,1.793,23.8091,1.0154,28.1357,0.42336,0,0,18.483,0.42336,442.007,0,1.02816,0,0,4.68947,3.66131,1.028160,1,0,214.222,0,0,0,214.222,0
73.1611,2.8079,0,0,7.71483,0.300488,0.36288,3.6288,61.308,0.372764,0,0,2.94219,0.159195,2.41023,0.66528,12.849,1,0.523505,0.36288,0,202.252,3.59124,198.5,0.84672,12.849,0.84672,3695.15,0,18.483,0.11238,3.78073,1.79324,24.4744,0.965302,28.9707,0.42336,0,0,18.483,0.42336,442.007,0,1.02816,0,0,4.80889,3.78073,1.028160,1,0,229.881,0,0,0,229.881,0
76.2062,2.8341,0,0,6.69306,0.45096,0.36288,3.6288,61.308,0.37292,0,0,2.46141,0.150481,1.93801,0.66528,12.849,1,0.497743,0.36288,0,172.669,3.79308,168.741,0.84672,12.849,0.84672,3695.15,0,18.483,0.112427,2.96903,1.79348,19.3848,0.990042,23.0448,0.42336,0,0,18.483,0.42336,442.007,0,1.02816,0,0,3.99719,2.96903,1.028160,1,0,193.724,0,0,0,193.724,0
78.7601,2.95569,0,0,6.32775,0.4553,0.36288,3.6288,61.308,0.419853,0,0,3.77967,0.164971,3.19485,0.66528,12.849,1,0.498354,0.36288,0,134.599,3.47409,130.99,0.84672,12.849,0.84672,3695.15,0,18.483,0.126576,4.17755,1.79372,20.946,0.911148,25.8796,0.42336,0,0,18.483,0.42336,442.007,0,1.02816,0,0,5.20571,4.17755,1.028160,1,0,160.064,0,0,0,160.064,0
80.3961,2.96998,0,0,5.42892,0.460064,0.36288,3.6288,61.308,0.420014,0,0,2.60076,0.166764,2.01398,0.66528,12.849,1,0.484526,0.36288,0,143.386,3.39003,139.874,0.84672,12.849,0.84672,3695.15,0,18.483,0.126625,3.25275,1.86382,18.5074,0.893844,22.6035,0.42336,0,0,18.483,0.42336,442.007,0,1.02816,0,0,4.28091,3.25275,1.028160,1,0,164.492,0,0,0,164.492,0
81.3212,2.97888,0,0,4.69486,0.427939,0.36288,3.6288,61.308,0.420176,0,0,2.06139,0.181037,1.46018,0.66528,12.849,1,0.476088,0.36288,0,136.181,3.56454,132.503,0.84672,12.849,0.84672,3695.15,0,18.483,0.126674,2.62243,1.86406,18.0105,0.928195,21.4421,0.42336,0,0,18.483,0.42336,442.007,0,1.02816,0,0,3.65059,2.62243,1.028160,1,0,155.406,0,0,0,155.406,0
81.9452,2.98395,0,0,4.34938,0.378606,0.36288,3.6288,61.308,0.420337,0,0,2.32335,0.200068,1.70294,0.66528,12.849,1,0.471474,0.36288,0,98.9176,3.79722,95.0118,0.84672,12.849,0.84672,3695.15,0,18.483,0.126722,3.03476,1.86431,17.2455,0.973996,21.0439,0.42336,0,0,18.483,0.42336,442.007,0,1.02816,0,0,4.06292,3.03476,1.028160,1,0,117.759,0,0,0,117.759,0
82.3283,2.94628,0,0,4.04579,0.353491,0.36288,3.6288,61.308,0.402321,0,0,1.81472,0.211101,1.2013,0.66528,12.849,1,0.461977,0.36288,0,93.4762,3.86706,89.51,0.84672,12.849,0.84672,3695.15,0,18.483,0.121291,2.51002,1.86456,12.248,1.067,15.4343,0.42336,0,0,18.483,0.42336,442.007,0,1.02816,0,0,3.53818,2.51002,1.028160,1,0,106.146,0,0,0,106.146,0
82.5496,2.94853,0,0,3.86691,0.334172,0.36288,3.6288,61.308,0.40248,0,0,1.89367,0.219376,1.27182,0.66528,12.849,1,0.460179,0.36288,0,93.7336,3.91944,89.7169,0.84672,12.849,0.84672,3695.15,0,18.483,0.121339,2.4916,1.83761,12.4899,1.13675,15.561,0.42336,0,0,18.483,0.42336,442.007,0,1.02816,0,0,3.51976,2.4916,1.028160,1,0,106.55,0,0,0,106.55,0
82.3515,2.95,0,0,3.44959,0.334874,0.36288,3.6288,61.308,0.40264,0,0,1.68147,0.219376,1.05946,0.66528,12.849,1,0.459172,0.36288,0,80.5084,3.91944,76.4927,0.84672,12.849,0.84672,3695.15,0,18.483,0.121387,2.04023,1.83785,10.8462,1.13675,13.4662,0.42336,0,0,18.483,0.42336,442.007,0,1.02816,0,0,3.06839,2.04023,1.028160,1,0,91.0183,0,0,0,91.0183,0
81.9095,2.94943,0,0,3.17858,0.308264,0.36288,3.6288,61.308,0.402799,0,0,1.54093,0.196621,0.941507,0.66528,12.849,1,0.460189,0.36288,0,75.0902,3.4476,71.5453,0.84672,12.849,0.84672,3695.15,0,18.483,0.121435,1.85368,1.8381,9.76752,1.01707,12.3208,0.42336,0,0,18.483,0.42336,442.007,0,1.02816,0,0,2.88184,1.85368,1.028160,1,0,84.8076,0,0,0,84.8076,0
81.2586,3.08751,0,0,3.07384,0.274319,0.36288,3.6288,61.308,0.467455,0,0,1.47764,0.185212,0.824972,0.66528,12.849,1,0.484332,0.36288,0,69.0474,3.23506,65.6909,0.84672,12.849,0.84672,3695.15,0,18.483,0.140927,1.90942,1.83834,9.46356,0.927481,12.1429,0.42336,0,0,18.483,0.42336,442.007,0,1.02816,0,0,2.93758,1.90942,1.028160,1,0,78.6588,0,0,0,78.6588,0
80.618,3.08457,0,0,3.00043,0.193621,0.36288,3.6288,61.308,0.467623,0,0,1.40745,0.219156,0.720668,0.66528,12.849,1,0.487747,0.36288,0,64.7317,4.08313,60.5237,0.84672,12.849,0.84672,3695.15,0,18.483,0.140978,2.85883,1.93376,9.67723,0.928459,13.4004,0.42336,0,0,18.483,0.42336,442.007,0,1.02816,0,0,3.88699,2.85883,1.028160,1,0,74.6448,0,0,0,74.6448,0
79.7388,3.08164,0,0,2.75781,0.192432,0.36288,3.6288,61.308,0.467791,0,0,1.44805,0.219156,0.761099,0.66528,12.849,1,0.491156,0.36288,0,61.3164,4.08313,57.1049,0.84672,12.849,0.84672,3695.15,0,18.483,0.141029,1.82707,1.93401,9.29984,0.928459,11.9914,0.42336,0,0,18.483,0.42336,442.007,0,1.02816,0,0,2.85523,1.82707,1.028160,1,0,69.8575,0,0,0,69.8575,0
78.6147,3.07739,0,0,2.50692,0.1908,0.36288,3.6288,61.308,0.467959,0,0,1.24924,0.219156,0.562125,0.66528,12.849,1,0.495886,0.36288,0,57.2691,4.08313,53.053,0.84672,12.849,0.84672,3695.15,0,18.483,0.141079,1.28117,1.93427,8.59931,0.928459,10.7452,0.42336,0,0,18.483,0.42336,442.007,0,1.02816,0,0,2.30933,1.28117,1.028160,1,0,64.3603,0,0,0,64.3603,0
77.2106,3.0717,0,0,2.21925,0.188714,0.36288,3.6288,61.308,0.468127,0,0,1.22327,0.219156,0.535986,0.66528,12.849,1,0.502048,0.36288,0,48.5606,4.08313,44.3383,0.84672,12.849,0.84672,3695.15,0,18.483,0.14113,1.45221,1.93453,8.51316,0.928459,10.8303,0.42336,0,0,18.483,0.42336,442.007,0,1.02816,0,0,2.48037,1.45221,1.028160,1,0,55.7046,0,0,0,55.7046,0
77.5043,3.03684,0,0,3.86193,0.168542,0.36288,3.6288,61.308,0.503767,0,0,1.95509,0.274288,1.17703,0.66528,12.849,1,0.505375,0.36288,0,59.6996,5.23802,54.319,0.84672,12.849,0.84672,3695.15,0,18.483,0.151875,2.39886,1.93479,9.94023,1.18906,12.9329,0.42336,0,0,18.483,0.42336,442.007,0,1.02816,0,0,3.42702,2.39886,1.028160,1,0,68.429,0,0,0,68.429,0
77.6835,3.03889,0,0,3.74706,0.166099,0.36288,3.6288,61.308,0.50394,0,0,1.83023,0.283476,1.04281,0.66528,12.849,1,0.5038,0.36288,0,85.7192,5.43049,80.1478,0.84672,12.849,0.84672,3695.15,0,18.483,0.151927,2.28769,1.96472,11.6313,1.23249,14.4992,0.42336,0,0,18.483,0.42336,442.007,0,1.02816,0,0,3.31585,2.28769,1.028160,1,0,95.6898,0,0,0,95.6898,0
77.4441,3.04029,0,0,3.33021,0.166395,0.36288,3.6288,61.308,0.504112,0,0,1.65978,0.283476,0.87219,0.66528,12.849,1,0.50287,0.36288,0,82.512,5.43049,76.9415,0.84672,12.849,0.84672,3695.15,0,18.483,0.151979,2.08349,1.96498,11.305,1.23249,13.969,0.42336,0,0,18.483,0.42336,442.007,0,1.02816,0,0,3.11165,2.08349,1.028160,1,0,91.7827,0,0,0,91.7827,0
77.0064,3.03936,0,0,3.13053,0.166,0.36288,3.6288,61.308,0.504285,0,0,1.59477,0.283476,0.80701,0.66528,12.849,1,0.50427,0.36288,0,77.366,5.43049,71.7941,0.84672,12.849,0.84672,3695.15,0,18.483,0.152031,2.00594,1.96524,10.7715,1.23249,13.3581,0.42336,0,0,18.483,0.42336,442.007,0,1.02816,0,0,3.0341,2.00594,1.028160,1,0,85.9593,0,0,0,85.9593,0
76.5754,3.1082,0,0,3.17865,0.138639,0.36288,3.6288,61.308,0.536088,0,0,1.61934,0.314201,0.769055,0.66528,12.849,1,0.518622,0.36288,0,76.502,5.82155,70.5247,0.84672,12.849,0.84672,3695.15,0,18.483,0.161619,2.04114,1.9655,10.4554,1.37837,12.9221,0.42336,0,0,18.483,0.42336,442.007,0,1.02816,0,0,3.0693,2.04114,1.028160,1,0,84.2159,0,0,0,84.2159,0
76.2891,3.10611,0,0,3.31715,0.134399,0.36288,3.6288,61.308,0.536265,0,0,1.63559,0.318895,0.780426,0.66528,12.849,1,0.521191,0.36288,0,74.9909,5.83621,68.9964,0.84672,12.849,0.84672,3695.15,0,18.483,0.161672,2.30964,2.01307,9.72873,1.40138,12.4884,0.42336,0,0,18.483,0.42336,442.007,0,1.02816,0,0,3.3378,2.30964,1.028160,1,0,82.2652,0,0,0,82.2652,0
75.7046,3.10485,0,0,3.01726,0.134013,0.36288,3.6288,61.308,0.536442,0,0,1.53633,0.318895,0.680993,0.66528,12.849,1,0.522935,0.36288,0,68.9558,5.83621,62.9596,0.84672,12.849,0.84672,3695.15,0,18.483,0.161725,1.78728,2.01334,8.90387,1.40138,11.1414,0.42336,0,0,18.483,0.42336,442.007,0,1.02816,0,0,2.81544,1.78728,1.028160,1,0,74.7819,0,0,0,74.7819,0
75.5346,3.10181,0,0,3.41372,0.119096,0.36288,3.6288,61.308,0.536619,0,0,1.86781,0.312705,1.01849,0.66528,12.849,1,0.526456,0.36288,0,70.9119,5.97771,64.7706,0.84672,12.849,0.84672,3695.15,0,18.483,0.161779,2.77994,2.01361,13.0536,1.43826,16.2471,0.42336,0,0,18.483,0.42336,442.007,0,1.02816,0,0,3.8081,2.77994,1.028160,1,0,82.0362,0,0,0,82.0362,0
75.0542,3.30833,0,0,3.29861,0.107748,0.36288,3.6288,61.308,0.651027,0,0,1.72132,0.288163,0.782132,0.66528,12.849,1,0.562772,0.36288,0,71.8476,6.06974,65.578,0.84672,12.849,0.84672,3695.15,0,18.483,0.19627,2.63962,2.01388,10.7806,1.47817,13.7596,0.42336,0,0,18.483,0.42336,442.007,0,1.02816,0,0,3.66778,2.63962,1.028160,1,0,80.1198,0,0,0,80.1198,0
74.4332,3.3057,0,0,3.15234,0.104805,0.36288,3.6288,61.308,0.651219,0,0,1.42993,0.332548,0.446162,0.66528,12.849,1,0.565923,0.36288,0,58.2472,5.96064,52.0835,0.84672,12.849,0.84672,3695.15,0,18.483,0.196328,1.99003,2.17442,9.20428,1.54769,11.6247,0.42336,0,0,18.483,0.42336,442.007,0,1.02816,0,0,3.01819,1.99003,1.028160,1,0,64.1544,0,0,0,64.1544,0
74.1236,3.30211,0,0,3.45954,0.104142,0.36288,3.6288,61.308,0.651411,0,0,1.76574,0.332548,0.78178,0.66528,12.849,1,0.570025,0.36288,0,74.9097,5.96064,68.7419,0.84672,12.849,0.84672,3695.15,0,18.483,0.196386,2.72163,2.17471,10.0406,1.54769,13.1929,0.42336,0,0,18.483,0.42336,442.007,0,1.02816,0,0,3.74979,2.72163,1.028160,1,0,82.7166,0,0,0,82.7166,0
73.1356,3.30052,0,0,2.77925,0.103811,0.36288,3.6288,61.308,0.651604,0,0,1.27715,0.332548,0.292996,0.66528,12.849,1,0.572131,0.36288,0,73.1998,5.96064,67.0299,0.84672,12.849,0.84672,3695.15,0,18.483,0.196444,1.57513,2.175,8.06052,1.54769,10.0665,0.42336,0,0,18.483,0.42336,442.007,0,1.02816,0,0,2.60329,1.57513,1.028160,1,0,77.3894,0,0,0,77.3894,0
72.8369,3.29439,0,0,3.46124,0.102756,0.36288,3.6288,61.308,0.651796,0,0,2.18288,0.332548,1.19854,0.66528,12.849,1,0.578782,0.36288,0,66.854,5.96064,60.6774,0.84672,12.849,0.84672,3695.15,0,18.483,0.196502,3.89635,2.17529,12.4629,1.54769,16.7904,0.42336,0,0,18.483,0.42336,442.007,0,1.02816,0,0,4.92451,3.89635,1.028160,1,0,78.6664,0,0,0,78.6664,0
71.1204,3.19234,0,0,1.94071,0.101926,0.36288,3.6288,61.308,0.582608,0,0,1.50499,0.340941,0.581444,0.66528,12.849,1,0.563154,0.36288,0,56.3196,5.97362,50.1457,0.84672,12.849,0.84672,3695.15,0,18.483,0.175643,1.75968,2.17558,10.6855,1.4249,13.0202,0.42336,0,0,18.483,0.42336,442.007,0,1.02816,0,0,2.78784,1.75968,1.028160,1,0,63.7474,0,0,0,63.7474,0
69.33,3.18125,0,0,1.85702,0.103356,0.36288,3.6288,61.308,0.582791,0,0,1.50798,0.323596,0.601595,0.66528,12.849,1,0.574742,0.36288,0,41.5416,5.81316,35.5166,0.84672,12.849,0.84672,3695.15,0,18.483,0.175699,1.53844,2.08396,10.9734,1.31889,13.1012,0.42336,0,0,18.483,0.42336,442.007,0,1.02816,0,0,2.5666,1.53844,1.028160,1,0,49.2194,0,0,0,49.2194,0
68.1045,3.16915,0,0,2.44752,0.140911,0.36288,3.6288,61.308,0.582974,0,0,1.58539,0.295993,0.706421,0.66528,12.849,1,0.587343,0.36288,0,42.0117,5.5923,36.1949,0.84672,12.849,0.84672,3695.15,0,18.483,0.175754,1.71965,2.08424,8.82602,1.24303,11.2111,0.42336,0,0,18.483,0.42336,442.007,0,1.02816,0,0,2.74781,1.71965,1.028160,1,0,48.1124,0,0,0,48.1124,0
67.9342,3.16068,0,0,3.49285,0.13957,0.36288,3.6288,61.308,0.583157,0,0,2.60928,0.295993,1.73013,0.66528,12.849,1,0.596313,0.36288,0,77.7096,5.5923,71.8839,0.84672,12.849,0.84672,3695.15,0,18.483,0.175809,3.61121,2.08452,16.5459,1.24303,20.8227,0.42336,0,0,18.483,0.42336,442.007,0,1.02816,0,0,4.63937,3.61121,1.028160,1,0,94.4368,0,0,0,94.4368,0
66.9056,3.07822,0,0,2.57975,0.167298,0.36288,3.6288,61.308,0.520153,0,0,1.80395,0.268584,1.01521,0.66528,12.849,1,0.582211,0.36288,0,97.9538,5.18862,92.5458,0.84672,12.849,0.84672,3695.15,0,18.483,0.156815,2.32798,2.08479,9.98683,1.18318,13.0596,0.42336,0,0,18.483,0.42336,442.007,0,1.02816,0,0,3.35614,2.32798,1.028160,1,0,106.621,0,0,0,106.621,0
67.0031,3.07112,0,0,3.7667,0.235168,0.36288,3.6288,61.308,0.520328,0,0,1.65512,0.200062,0.934732,0.66528,12.849,1,0.589799,0.36288,0,77.8602,4.17942,73.4539,0.84672,12.849,0.84672,3695.15,0,18.483,0.156867,2.12776,2.00335,8.90214,1.03355,11.8428,0.42336,0,0,18.483,0.42336,442.007,0,1.02816,0,0,3.15592,2.12776,1.028160,1,0,86.2314,0,0,0,86.2314,0
66.8806,3.07225,0,0,3.54798,0.23535,0.36288,3.6288,61.308,0.520503,0,0,1.2973,0.200062,0.576731,0.66528,12.849,1,0.589157,0.36288,0,75.8056,4.17942,71.3999,0.84672,12.849,0.84672,3695.15,0,18.483,0.15692,1.93059,2.00361,11.8282,1.03355,14.572,0.42336,0,0,18.483,0.42336,442.007,0,1.02816,0,0,2.95875,1.93059,1.028160,1,0,86.5486,0,0,0,86.5486,0
66.9465,3.07176,0,0,3.73565,0.235122,0.36288,3.6288,61.308,0.520677,0,0,1.98253,0.200062,1.26179,0.66528,12.849,1,0.590141,0.36288,0,89.1588,4.17942,84.7521,0.84672,12.849,0.84672,3695.15,0,18.483,0.156973,2.37748,2.00388,13.969,1.03355,17.1598,0.42336,0,0,18.483,0.42336,442.007,0,1.02816,0,0,3.40564,2.37748,1.028160,1,0,103.174,0,0,0,103.174,0
67.1963,2.84125,0,0,3.68914,0.235245,0.36288,3.6288,61.308,0.389182,0,0,2.05744,0.200062,1.4682,0.66528,12.849,1,0.545318,0.36288,0,70.2579,4.17942,65.896,0.84672,12.849,0.84672,3695.15,0,18.483,0.11733,3.05993,2.00415,16.6133,1.03355,20.5265,0.42336,0,0,18.483,0.42336,442.007,0,1.02816,0,0,4.08809,3.05993,1.028160,1,0,87.8908,0,0,0,87.8908,0
65.4392,2.84333,0,0,1.74986,0.300782,0.36288,3.6288,61.308,0.389339,0,0,0.656873,0.20432,0.0632141,0.66528,12.849,1,0.543689,0.36288,0,44.9457,4.43593,40.329,0.84672,12.849,0.84672,3695.15,0,18.483,0.117377,1.97953,1.82033,10.7666,1.17899,13.2701,0.42336,0,0,18.483,0.42336,442.007,0,1.02816,0,0,3.00769,1.97953,1.028160,1,0,53.6623,0,0,0,53.6623,0
64.5707,2.8315,0,0,2.62254,0.296611,0.36288,3.6288,61.308,0.389496,0,0,1.02588,0.20432,0.432063,0.66528,12.849,1,0.555966,0.36288,0,72.1976,4.43593,67.5685,0.84672,12.849,0.84672,3695.15,0,18.483,0.117424,4.42502,1.82057,16.4621,1.17899,21.4113,0.42336,0,0,18.483,0.42336,442.007,0,1.02816,0,0,5.45318,4.42502,1.028160,1,0,89.4119,0,0,0,89.4119,0
67.6812,2.82564,0,0,6.59351,0.294549,0.36288,3.6288,61.308,0.389653,0,0,2.83623,0.20432,2.24225,0.66528,12.849,1,0.562278,0.36288,0,190.227,4.43593,185.592,0.84672,12.849,0.84672,3695.15,0,18.483,0.117472,3.55366,1.82081,32.9555,1.17899,37.0335,0.42336,0,0,18.483,0.42336,442.007,0,1.02816,0,0,4.58182,3.55366,1.028160,1,0,224.867,0,0,0,224.867,0
76.3746,2.84774,0,0,12.1902,0.286122,0.36288,3.6288,61.308,0.389811,0,0,6.39345,0.191919,5.81172,0.66528,12.849,1,0.540632,0.36288,0,326.918,4.00717,322.733,0.84672,12.849,0.84672,3695.15,0,18.483,0.117519,4.01927,1.82106,36.9167,1.12543,41.5141,0.42336,0,0,18.483,0.42336,442.007,0,1.02816,0,0,5.04743,4.01927,1.028160,1,0,370.059,0,0,0,370.059,0
77.5715,2.90041,0,0,4.84548,0.385311,0.36288,3.6288,61.308,0.389811,0,0,1.93305,0.247132,1.29611,0.66528,12.849,1,0.487956,0.36288,0,137.766,4.54414,133.096,0.84672,12.849,0.84672,3695.15,0,18.483,0.117519,4.28584,1.8213,18.1715,1.22693,22.9342,0.42336,0,0,18.483,0.42336,442.007,0,1.02816,0,0,5.314,4.28584,1.028160,1,0,157.327,0,0,0,157.327,0
78.9563,2.99832,0,0,5.16129,0.415285,0.36288,3.6288,61.308,0.428114,0,0,2.14033,0.277687,1.43453,0.66528,12.849,1,0.496644,0.36288,0,141.307,5.30491,135.869,0.84672,12.849,0.84672,3695.15,0,18.483,0.129067,3.90254,1.8213,17.3019,1.4767,21.4199,0.42336,0,0,18.483,0.42336,442.007,0,1.02816,0,0,4.9307,3.90254,1.028160,1,0,158.723,0,0,0,158.723,0
79.5972,3.00618,0,0,4.43095,0.420999,0.36288,3.6288,61.308,0.428264,0,0,1.58821,0.277687,0.882263,0.66528,12.849,1,0.489213,0.36288,0,135.925,5.30491,130.494,0.84672,12.849,0.84672,3695.15,0,18.483,0.129112,2.64066,1.87979,12.0762,1.4767,14.9909,0.42336,0,0,18.483,0.42336,442.007,0,1.02816,0,0,3.66882,2.64066,1.028160,1,0,146.367,0,0,0,146.367,0
84.2955,3.00994,0,0,8.49483,0.423644,0.36288,3.6288,61.308,0.428414,0,0,1.90427,0.277687,1.19817,0.66528,12.849,1,0.485881,0.36288,0,119.146,5.30491,113.719,0.84672,12.849,0.84672,3695.15,0,18.483,0.129157,3.37799,1.88002,14.1459,1.4767,17.7981,0.42336,0,0,18.483,0.42336,442.007,0,1.02816,0,0,4.40615,3.37799,1.028160,1,0,132.715,0,0,0,132.715,0
84.9727,3.03382,0,0,4.50727,0.433412,0.36288,3.6288,61.308,0.428564,0,0,1.63993,0.269976,0.941392,0.66528,12.849,1,0.462439,0.36288,0,111.663,5.0674,106.496,0.84672,12.849,0.84672,3695.15,0,18.483,0.129203,2.88236,1.88025,10.6901,1.40709,13.9164,0.42336,0,0,18.483,0.42336,442.007,0,1.02816,0,0,3.91052,2.88236,1.028160,1,0,121.354,0,0,0,121.354,0
87.5169,3.33365,0,0,6.61884,0.378067,0.36288,3.6288,61.308,0.572008,0,0,0.949268,0.223714,0.153546,0.66528,12.849,1,0.504093,0.36288,0,162.379,3.64234,158.596,0.84672,12.849,0.84672,3695.15,0,18.483,0.172448,1.19342,1.88049,8.37121,0.989429,10.2832,0.42336,0,0,18.483,0.42336,442.007,0,1.02816,0,0,2.22158,1.19342,1.028160,1,0,169.033,0,0,0,169.033,0
89.2072,3.34684,0,0,5.78699,0.38697,0.36288,3.6288,61.308,0.572176,0,0,1.01291,0.223714,0.21702,0.66528,12.849,1,0.491375,0.36288,0,146.255,3.64234,142.484,0.84672,12.849,0.84672,3695.15,0,18.483,0.172498,1.3941,2.08872,8.52846,0.989429,10.8493,0.42336,0,0,18.483,0.42336,442.007,0,1.02816,0,0,2.42226,1.3941,1.028160,1,0,153.551,0,0,0,153.551,0
90.3541,3.3554,0,0,5.33906,0.473907,0.36288,3.6288,61.308,0.572344,0,0,0.863231,0.197336,0.093551,0.66528,12.849,1,0.483296,0.36288,0,128.941,3.79554,125.025,0.84672,12.849,0.84672,3695.15,0,18.483,0.172549,1.01755,2.08897,9.11002,0.922346,11.1216,0.42336,0,0,18.483,0.42336,442.007,0,1.02816,0,0,2.04571,1.01755,1.028160,1,0,136.24,0,0,0,136.24,0
95.8408,3.36118,0,0,9.70341,0.492607,0.36288,3.6288,61.308,0.572512,0,0,3.11469,0.191614,2.35056,0.66528,12.849,1,0.477984,0.36288,0,156.182,3.63769,152.429,0.84672,12.849,0.84672,3695.15,0,18.483,0.1726,7.6847,2.08923,24.0904,0.893642,32.7981,0.42336,0,0,18.483,0.42336,442.007,0,1.02816,0,0,8.71286,7.6847,1.028160,1,0,187.578,0,0,0,187.578,0
97.506,2.95656,0,0,7.4749,0.603615,2.24954,3.6288,61.308,0.380283,0,0,1.93137,0.157284,1.3938,0.66528,12.849,1,0.396375,2.24954,0,141.231,2.69062,140.394,0.84672,12.849,0.84672,3695.15,0,18.483,0.114647,3.53279,2.08949,11.5266,0.721422,16.3128,0.42336,0,0,18.483,0.42336,442.007,0,1.02816,0,0,4.56095,3.53279,1.028160,1,0,158.1,0,0,0,158.1,0
97.506,2.96291,0,0,5.19934,0.612068,1.62437,3.6288,61.308,0.380427,0,0,1.3798,0.157284,0.842089,0.66528,12.849,1,0.390442,1.62437,0,130.959,2.69062,129.502,0.84672,12.849,0.84672,3695.15,0,18.483,0.11469,3.01263,1.80508,11.0812,0.721422,15.0628,0.42336,0,0,18.483,0.42336,442.007,0,1.02816,0,0,4.04079,3.01263,1.028160,1,0,145.407,0,0,0,145.407,0
97.506,2.96328,0,0,5.77901,0.495204,2.32053,3.6288,61.308,0.380571,0,0,1.22216,0.121186,0.720406,0.66528,12.849,1,0.39049,2.32053,0,118.996,2.16745,118.759,0.84672,12.849,0.84672,3695.15,0,18.483,0.114734,2.63942,1.8053,10.4728,0.64627,14.1565,0.42336,0,0,18.483,0.42336,442.007,0,1.02816,0,0,3.66758,2.63942,1.028160,1,0,133.636,0,0,0,133.636,0
97.506,2.96364,0,0,6.40786,0.475727,2.96849,3.6288,61.308,0.380715,0,0,1.62382,0.11517,1.12793,0.66528,12.849,1,0.390538,2.96849,0,147.458,2.08026,147.956,0.84672,12.849,0.84672,3695.15,0,18.483,0.114777,3.59841,1.80552,10.7381,0.633744,15.3936,0.42336,0,0,18.483,0.42336,442.007,0,1.02816,0,0,4.62657,3.59841,1.028160,1,0,164.477,0,0,0,164.477,0
97.506,2.96401,0,0,6.76391,0.564221,3.23568,3.6288,61.308,0.380859,0,0,2.06581,0.107423,1.57752,0.66528,12.849,1,0.390586,3.23568,0,122.446,2.41281,122.878,0.84672,12.849,0.84672,3695.15,0,18.483,0.114821,3.26409,1.80575,10.3307,0.594444,14.6912,0.42336,0,0,18.483,0.42336,442.007,0,1.02816,0,0,4.29225,3.26409,1.028160,1,0,139.147,0,0,0,139.147,0
97.506,3.07268,0,0,6.04278,0.599618,2.37048,3.6288,61.308,0.4281,0,0,1.01056,0.104324,0.478136,0.66528,12.849,1,0.404907,2.37048,0,145.149,2.54583,144.568,0.84672,12.849,0.84672,3695.15,0,18.483,0.129063,2.13915,1.80597,8.39851,0.578724,11.6358,0.42336,0,0,18.483,0.42336,442.007,0,1.02816,0,0,3.16731,2.13915,1.028160,1,0,156.682,0,0,0,156.682,0
97.506,3.07306,0,0,5.22567,0.553567,1.59904,3.6288,61.308,0.42825,0,0,0.80098,0.118597,0.254133,0.66528,12.849,1,0.404957,1.59904,0,137.856,2.72034,136.329,0.84672,12.849,0.84672,3695.15,0,18.483,0.129108,1.67276,1.87652,8.17318,0.613075,10.9803,0.42336,0,0,18.483,0.42336,442.007,0,1.02816,0,0,2.70092,1.67276,1.028160,1,0,147.564,0,0,0,147.564,0
97.506,3.07344,0,0,4.84117,0.492165,1.27557,3.6288,61.308,0.4284,0,0,0.902768,0.137627,0.33674,0.66528,12.849,1,0.405007,1.27557,0,100.136,2.95302,98.0534,0.84672,12.849,0.84672,3695.15,0,18.483,0.129153,1.97783,1.87675,7.82596,0.658876,10.8925,0.42336,0,0,18.483,0.42336,442.007,0,1.02816,0,0,3.00599,1.97783,1.028160,1,0,109.283,0,0,0,109.283,0
97.506,3.07382,0,0,4.22906,0.495876,0.65937,3.6288,61.308,0.42855,0,0,0.697006,0.155201,0.113255,0.66528,12.849,1,0.405057,0.65937,0,91.2643,3.33336,88.1853,0.84672,12.849,0.84672,3695.15,0,18.483,0.129198,1.28015,1.87698,5.94532,0.760637,8.21262,0.42336,0,0,18.483,0.42336,442.007,0,1.02816,0,0,2.30831,1.28015,1.028160,1,0,96.5112,0,0,0,96.5112,0
97.506,3.03183,0,0,4.00641,0.419883,0.554701,3.6288,61.308,0.4104,0,0,0.677091,0.194234,0.0724572,0.66528,12.849,1,0.399524,0.554701,0,94.5527,3.97946,90.7284,0.84672,12.849,0.84672,3695.15,0,18.483,0.123726,1.28986,1.87721,6.51741,0.90602,8.65474,0.42336,0,0,18.483,0.42336,442.007,0,1.02816,0,0,2.31802,1.28986,1.028160,1,0,99.4556,0,0,0,99.4556,0
97.4784,3.0322,0,0,3.75498,0.387508,0.36288,3.6288,61.308,0.410547,0,0,0.615864,0.200475,0.00484152,0.66528,12.849,1,0.399573,0.36288,0,87.9906,4.03505,83.9189,0.84672,12.849,0.84672,3695.15,0,18.483,0.123771,1.21383,1.85006,5.97726,0.909902,8.00747,0.42336,0,0,18.483,0.42336,442.007,0,1.02816,0,0,2.24199,1.21383,1.028160,1,0,91.9312,0,0,0,91.9312,0
97.1508,3.03247,0,0,3.4552,0.387419,0.36288,3.6288,61.3073,0.410695,0,0,0.610493,0.200475,0,0.66528,12.849,1,0.399722,0.36288,0,79.4457,4.03505,75.3738,0.84672,12.849,0.84672,3695.15,0,18.483,0.123815,1.24769,1.85028,5.7116,0.909902,7.77586,0.42336,0,0,18.483,0.42336,442.007,0,1.02816,0,0,2.27585,1.24769,1.028160,1,0,83.1496,0,0,0,83.1496,0
96.6981,3.03166,0,0,3.33754,0.395674,0.36288,3.6288,61.308,0.410842,0,0,0.780512,0.188833,0.18016,0.66528,12.849,1,0.400962,0.36288,0,76.7474,3.92438,72.7849,0.84672,12.849,0.84672,3695.15,0,18.483,0.123861,1.72613,1.85051,7.06899,0.868844,9.65292,0.42336,0,0,18.483,0.42336,442.007,0,1.02816,0,0,2.75429,1.72613,1.028160,1,0,82.618,0,0,0,82.618,0
96.5358,3.17412,0,0,3.62664,0.25199,0.36288,3.6288,61.308,0.475923,0,0,0.71589,0.235224,0.00474291,0.66528,12.849,1,0.421769,0.36288,0,76.1556,4.34711,71.7496,0.84672,12.849,0.84672,3695.15,0,18.483,0.14348,1.59268,1.85074,5.81021,1.0307,8.07945,0.42336,0,0,18.483,0.42336,442.007,0,1.02816,0,0,2.62084,1.59268,1.028160,1,0,79.8338,0,0,0,79.8338,0
96.0627,3.17389,0,0,3.3153,0.251649,0.36288,3.6288,61.308,0.476078,0,0,0.721057,0.235224,0.00975455,0.66528,12.849,1,0.422448,0.36288,0,72.5112,4.34711,68.1045,0.84672,12.849,0.84672,3695.15,0,18.483,0.143527,1.14108,1.94678,5.62635,1.0307,7.53998,0.42336,0,0,18.483,0.42336,442.007,0,1.02816,0,0,2.16924,1.14108,1.028160,1,0,75.6543,0,0,0,75.6543,0
95.2909,3.17244,0,0,3.0142,0.250653,0.36288,3.6288,61.2218,0.476234,0,0,0.625215,0.235224,0,0.66528,12.849,1,0.424335,0.36288,0,68.4824,4.34711,64.0738,0.84672,12.849,0.84672,3695.15,0,18.483,0.143574,0.623419,1.94702,5.17833,1.0307,6.57449,0.42336,0,0,18.483,0.42336,442.007,0,1.02816,0,0,1.65158,0.623419,1.028160,1,0,70.6483,0,0,0,70.6483,0
94.1648,3.16981,0,0,2.65567,0.249029,0.36288,3.6288,61.1164,0.476235,0,0,0.606003,0.235096,0,0.66528,12.849,1,0.427416,0.36288,0,58.1564,4.34711,53.7447,0.84672,12.849,0.84672,3695.15,0,18.483,0.143776,0.710519,1.94726,5.10375,1.0307,6.58705,0.42336,0,0,18.483,0.42336,442.007,0,1.02816,0,0,1.73868,0.710519,1.028160,1,0,60.3318,0,0,0,60.3318,0
92.8097,3.1657,0,0,2.38117,0.2077,0.36288,3.6288,61.0953,0.4762,0,0,0.703737,0.248665,0,0.66528,12.849,1,0.431967,0.36288,0,45.8192,4.68745,41.0627,0.84672,12.849,0.84672,3695.15,0,18.483,0.144014,0.897722,1.9475,4.03072,1.13967,5.59226,0.42336,0,0,18.483,0.42336,442.007,0,1.02816,0,0,1.92588,0.897722,1.028160,1,0,46.6549,0,0,0,46.6549,0
91.3129,3.13224,0,0,2.18814,0.189895,0.36288,3.6288,61.0403,0.511999,0,0,0.711098,0.254121,0,0.66528,12.849,1,0.433642,0.36288,0,41.7471,4.82359,36.8527,0.84672,12.849,0.84672,3695.15,0,18.483,0.154894,0.882256,1.94774,3.84729,1.18326,5.33913,0.42336,0,0,18.483,0.42336,442.007,0,1.02816,0,0,1.91042,0.882256,1.028160,1,0,42.1919,0,0,0,42.1919,0
89.6286,3.12639,0,0,1.99244,0.187442,0.36288,3.6288,60.9781,0.512052,0,0,0.703909,0.254032,0,0.66528,12.849,1,0.439927,0.36288,0,41.4243,4.82359,36.5237,0.84672,12.849,0.84672,3695.15,0,18.483,0.155049,0.884995,1.97784,3.70282,1.18326,5.22735,0.42336,0,0,18.483,0.42336,442.007,0,1.02816,0,0,1.91316,0.884995,1.028160,1,0,41.751,0,0,0,41.751,0
87.7642,3.11955,0,0,1.8027,0.184682,0.36288,3.6288,60.8654,0.51209,0,0,0.65327,0.253932,0,0.66528,12.849,1,0.447213,0.36288,0,37.1994,4.82359,32.2915,0.84672,12.849,0.84672,3695.15,0,18.483,0.155219,0.64768,1.97809,3.55134,1.18326,4.83863,0.42336,0,0,18.483,0.42336,442.007,0,1.02816,0,0,1.67584,0.64768,1.028160,1,0,37.1301,0,0,0,37.1301,0
85.8558,3.11164,0,0,1.70283,0.136712,0.36288,3.6288,60.6679,0.51203,0,0,0.63072,0.316158,0,0.66528,12.849,1,0.455556,0.36288,0,33.9446,5.63297,28.2189,0.84672,12.849,0.84672,3695.15,0,18.483,0.155488,0.608567,1.97833,3.35,1.46374,4.31767,0.42336,0,0,18.483,0.42336,442.007,0,1.02816,0,0,1.63673,0.608567,1.028160,1,0,32.5366,0,0,0,32.5366,0
84.1573,3.17564,0,0,1.9676,0.127521,0.36288,3.6288,60.6524,0.543565,0,0,0.846763,0.31864,0,0.66528,12.849,1,0.47526,0.36288,0,42.3646,5.68029,36.5719,0.84672,12.849,0.84672,3695.15,0,18.483,0.165602,0.733285,1.97857,3.64134,1.44363,4.74396,0.42336,0,0,18.483,0.42336,442.007,0,1.02816,0,0,1.76145,0.733285,1.028160,1,0,41.3159,0,0,0,41.3159,0
82.3333,3.16771,0,0,1.83209,0.125533,0.36288,3.6288,60.5247,0.543697,0,0,0.734607,0.318609,0,0.66528,12.849,1,0.48364,0.36288,0,35.8711,5.68029,30.0701,0.84672,12.849,0.84672,3695.15,0,18.483,0.165684,0.875889,2.02644,3.67491,1.44363,4.96792,0.42336,0,0,18.483,0.42336,442.007,0,1.02816,0,0,1.90405,0.875889,1.028160,1,0,35.038,0,0,0,35.038,0
80.382,3.15883,0,0,1.69385,0.123397,0.36288,3.6288,60.344,0.543593,0,0,0.681247,0.31835,0,0.66528,12.849,1,0.492969,0.36288,0,34.3972,5.68029,28.5868,0.84672,12.849,0.84672,3695.15,0,18.483,0.166002,0.644164,2.02669,3.19531,1.44363,4.25652,0.42336,0,0,18.483,0.42336,442.007,0,1.02816,0,0,1.67232,0.644164,1.028160,1,0,32.8434,0,0,0,32.8434,0
78.4879,3.1489,0,0,1.7315,0.113883,0.36288,3.6288,60.2367,0.543376,0,0,0.756544,0.320559,0,0.66528,12.849,1,0.503349,0.36288,0,32.7153,5.75506,26.8197,0.84672,12.849,0.84672,3695.15,0,18.483,0.166433,0.869832,2.02694,3.95232,1.45857,5.22409,0.42336,0,0,18.483,0.42336,442.007,0,1.02816,0,0,1.89799,0.869832,1.028160,1,0,32.0438,0,0,0,32.0438,0
76.64,3.34848,0,0,1.95752,0.0940785,0.36288,3.6288,60.2533,0.657825,0,0,0.974834,0.300341,0,0.66528,12.849,1,0.548169,0.36288,0,41.0538,5.14199,35.7266,0.84672,12.849,0.84672,3695.15,0,18.483,0.201847,1.01712,2.02719,4.05135,1.40841,5.4854,0.42336,0,0,18.483,0.42336,442.007,0,1.02816,0,0,2.04528,1.01712,1.028160,1,0,41.2119,0,0,0,41.2119,0
74.7061,3.33757,0,0,1.86301,0.0964353,0.36288,3.6288,60.2553,0.658046,0,0,0.954452,0.294467,0,0.66528,12.849,1,0.559557,0.36288,0,40.2726,4.96503,35.1109,0.84672,12.849,0.84672,3695.15,0,18.483,0.201859,0.912902,2.18877,3.88543,1.38511,5.40013,0.42336,0,0,18.483,0.42336,442.007,0,1.02816,0,0,1.94106,0.912902,1.028160,1,0,40.511,0,0,0,40.511,0
73.2388,3.32562,0,0,2.31579,0.0945649,0.36288,3.6288,60.317,0.658229,0,0,1.01439,0.29447,0,0.66528,12.849,1,0.571986,0.36288,0,41.2061,4.96503,36.0319,0.84672,12.849,0.84672,3695.15,0,18.483,0.201908,1.13381,2.18904,5.74321,1.38511,7.47904,0.42336,0,0,18.483,0.42336,442.007,0,1.02816,0,0,2.16197,1.13381,1.028160,1,0,43.511,0,0,0,43.511,0
71.3332,3.31628,0,0,1.86669,0.0931457,0.36288,3.6288,60.2993,0.658565,0,0,0.935531,0.294586,0,0.66528,12.849,1,0.581807,0.36288,0,38.0176,4.96503,32.8336,0.84672,12.849,0.84672,3695.15,0,18.483,0.201805,0.944931,2.18931,3.90533,1.38511,5.45266,0.42336,0,0,18.483,0.42336,442.007,0,1.02816,0,0,1.97309,0.944931,1.028160,1,0,38.2863,0,0,0,38.2863,0
69.3364,3.30351,0,0,1.73567,0.0660422,0.36288,3.6288,60.2447,0.658697,0,0,0.887786,0.283677,0,0.66528,12.849,1,0.59505,0.36288,0,34.548,4.49007,29.8257,0.84672,12.849,0.84672,3695.15,0,18.483,0.201904,1.12413,2.18958,3.79089,1.27559,5.62711,0.42336,0,0,18.483,0.42336,442.007,0,1.02816,0,0,2.15229,1.12413,1.028160,1,0,35.4529,0,0,0,35.4529,0
67.3806,3.1891,0,0,1.64736,0.0512017,0.36288,3.6288,60.7146,0.589185,0,0,1.33426,0.275214,0,0.66528,12.849,1,0.590984,0.36288,0,31.4048,4.07558,27.1011,0.84672,12.849,0.84672,3695.15,0,18.483,0.180761,3.12629,2.18985,4.58239,1.20486,8.5129,0.42336,0,0,18.483,0.42336,442.007,0,1.02816,0,0,4.15445,3.12629,1.028160,1,0,35.614,0,0,0,35.614,0
65.1891,3.17508,0,0,1.39685,0.0504244,0.36288,3.6288,60.5725,0.590427,0,0,0.724378,0.276037,0,0.66528,12.849,1,0.605465,0.36288,0,31.3608,4.07558,27.0426,0.84672,12.849,0.84672,3695.15,0,18.483,0.17974,1.16757,2.0976,3.38939,1.20486,5.26996,0.42336,0,0,18.483,0.42336,442.007,0,1.02816,0,0,2.19573,1.16757,1.028160,1,0,32.3126,0,0,0,32.3126,0
63.2231,3.15847,0,0,1.64201,0.0866923,0.36288,3.6288,60.4726,0.590274,0,0,0.735964,0.245606,0,0.66528,12.849,1,0.622545,0.36288,0,31.5896,3.66031,27.6696,0.84672,12.849,0.84672,3695.15,0,18.483,0.180115,1.22307,2.09786,3.53957,1.07507,5.60533,0.42336,0,0,18.483,0.42336,442.007,0,1.02816,0,0,2.25123,1.22307,1.028160,1,0,33.2749,0,0,0,33.2749,0
64.4722,3.14276,0,0,4.9309,0.176106,0.36288,3.6288,61.308,0.590215,0,0,1.92035,0.189259,0.30548,0.66528,12.849,1,0.638712,0.36288,0,110.135,3.1318,106.727,0.84672,12.849,0.84672,3695.15,0,18.483,0.180395,2.73914,2.09812,10.7127,0.842912,14.5266,0.42336,0,0,18.483,0.42336,442.007,0,1.02816,0,0,3.7673,2.73914,1.028160,1,0,121.559,0,0,0,121.559,0
68.7994,3.07201,0,0,7.94864,0.18655,0.36288,3.6288,61.308,0.528676,0,0,3.19495,0.239374,2.4269,0.66528,12.849,1,0.612236,0.36288,0,187.221,4.81972,182.152,0.84672,12.849,0.84672,3695.15,0,18.483,0.159384,4.78324,2.09838,18.5585,1.13016,24.1505,0.42336,0,0,18.483,0.42336,442.007,0,1.02816,0,0,5.8114,4.78324,1.028160,1,0,208.729,0,0,0,208.729,0
69.5207,3.10484,0,0,4.39163,0.202608,0.36288,3.6288,61.308,0.528838,0,0,1.98177,0.189281,1.26365,0.66528,12.849,1,0.57986,0.36288,0,112.051,3.79229,108.042,0.84672,12.849,0.84672,3695.15,0,18.483,0.159433,3.07724,2.01638,11.8075,0.930089,15.8116,0.42336,0,0,18.483,0.42336,442.007,0,1.02816,0,0,4.1054,3.07724,1.028160,1,0,125.117,0,0,0,125.117,0
70.5657,3.1103,0,0,4.72191,0.203747,0.36288,3.6288,61.308,0.529,0,0,1.9749,0.189281,1.25662,0.66528,12.849,1,0.574853,0.36288,0,98.661,3.79229,94.6568,0.84672,12.849,0.84672,3695.15,0,18.483,0.159482,3.21059,2.01663,11.7662,0.930089,15.9039,0.42336,0,0,18.483,0.42336,442.007,0,1.02816,0,0,4.23875,3.21059,1.028160,1,0,111.817,0,0,0,111.817,0
72.4445,3.11788,0,0,5.56491,0.205397,0.36288,3.6288,61.308,0.529163,0,0,2.41982,0.189281,1.70138,0.66528,12.849,1,0.567721,0.36288,0,169.99,3.79229,165.993,0.84672,12.849,0.84672,3695.15,0,18.483,0.159531,4.08496,2.01688,14.2476,0.930089,19.2598,0.42336,0,0,18.483,0.42336,442.007,0,1.02816,0,0,5.11312,4.08496,1.028160,1,0,186.954,0,0,0,186.954,0
72.7237,2.89499,0,0,3.88902,0.351903,0.36288,3.6288,61.308,0.396804,0,0,1.7683,0.184162,1.18733,0.66528,12.849,1,0.513465,0.36288,0,121.731,4.00675,117.573,0.84672,12.849,0.84672,3695.15,0,18.483,0.119627,3.92672,2.01712,13.3091,1.00948,18.1238,0.42336,0,0,18.483,0.42336,442.007,0,1.02816,0,0,4.95488,3.92672,1.028160,1,0,136.884,0,0,0,136.884,0
75.3247,2.89702,0,0,6.22523,0.364372,0.36288,3.6288,61.308,0.39695,0,0,2.2315,0.183309,1.65124,0.66528,12.849,1,0.511853,0.36288,0,181.211,4.0425,177.02,0.84672,12.849,0.84672,3695.15,0,18.483,0.119672,4.1579,1.8321,13.5509,1.02271,18.3985,0.42336,0,0,18.483,0.42336,442.007,0,1.02816,0,0,5.18606,4.1579,1.028160,1,0,197.069,0,0,0,197.069,0
82.9995,2.91248,0,0,11.3145,0.364297,0.36288,3.6288,61.308,0.397096,0,0,14.1021,0.211377,13.4936,0.66528,12.849,1,0.496815,0.36288,0,494.369,4.14606,490.089,0.84672,12.849,0.84672,3695.15,0,18.483,0.119716,7.0541,1.83232,36.0455,1.10262,43.7096,0.42336,0,0,18.483,0.42336,442.007,0,1.02816,0,0,8.08226,7.0541,1.028160,1,0,547.292,0,0,0,547.292,0
86.3431,2.95262,0,0,7.03102,0.371913,0.36288,3.6288,61.308,0.397242,0,0,9.19979,0.185984,8.61656,0.66528,12.849,1,0.45709,0.36288,0,252.508,3.63716,248.777,0.84672,12.849,0.84672,3695.15,0,18.483,0.11976,2.85227,1.83255,23.2514,0.945429,26.871,0.42336,0,0,18.483,0.42336,442.007,0,1.02816,0,0,3.88043,2.85227,1.028160,1,0,284.265,0,0,0,284.265,0
86.9592,2.96839,0,0,4.34359,0.396224,0.36288,3.6288,61.308,0.397388,0,0,2.54089,0.185005,1.9585,0.66528,12.849,1,0.441736,0.36288,0,174.509,3.68475,170.745,0.84672,12.849,0.84672,3695.15,0,18.483,0.119804,4.49551,1.83277,14.3747,0.957942,19.6253,0.42336,0,0,18.483,0.42336,442.007,0,1.02816,0,0,5.52367,4.49551,1.028160,1,0,192.329,0,0,0,192.329,0
89.015,3.06456,0,0,5.93985,0.456678,0.36288,3.6288,61.308,0.435924,0,0,2.21871,0.187094,1.59569,0.66528,12.849,1,0.452816,0.36288,0,138.038,3.22788,134.72,0.84672,12.849,0.84672,3695.15,0,18.483,0.131421,3.6589,1.833,12.3828,1.02984,16.7135,0.42336,0,0,18.483,0.42336,442.007,0,1.02816,0,0,4.68706,3.6589,1.028160,1,0,153.029,0,0,0,153.029,0
90.8133,3.07404,0,0,5.70909,0.473812,0.36288,3.6288,61.308,0.436063,0,0,2.368,0.187315,1.74462,0.66528,12.849,1,0.443728,0.36288,0,171.312,3.24188,167.989,0.84672,12.849,0.84672,3695.15,0,18.483,0.131463,3.80521,1.89184,15.3221,1.04361,19.8441,0.42336,0,0,18.483,0.42336,442.007,0,1.02816,0,0,4.83337,3.80521,1.028160,1,0,189.578,0,0,0,189.578,0
92.5049,3.08209,0,0,5.61802,0.481414,0.36288,3.6288,61.308,0.436201,0,0,2.87165,0.187315,2.24813,0.66528,12.849,1,0.436079,0.36288,0,193.443,3.24188,190.128,0.84672,12.849,0.84672,3695.15,0,18.483,0.131505,4.7379,1.89206,15.7729,1.04361,21.2278,0.42336,0,0,18.483,0.42336,442.007,0,1.02816,0,0,5.76606,4.7379,1.028160,1,0,213.604,0,0,0,213.604,0
95.0351,3.08944,0,0,6.471,0.488565,0.36288,3.6288,61.308,0.43634,0,0,1.88717,0.187315,1.26351,0.66528,12.849,1,0.429126,0.36288,0,201.808,3.24188,198.5,0.84672,12.849,0.84672,3695.15,0,18.483,0.131547,3.25412,1.89227,14.6543,1.04361,18.6255,0.42336,0,0,18.483,0.42336,442.007,0,1.02816,0,0,4.28228,3.25412,1.028160,1,0,218.389,0,0,0,218.389,0
94.4503,3.40221,0,0,3.63741,0.457099,0.36288,3.6288,61.308,0.580686,0,0,1.15945,0.162693,0.416074,0.66528,12.849,1,0.459988,0.36288,0,98.3068,4.24609,93.9636,0.84672,12.849,0.84672,3695.15,0,18.483,0.175064,1.84915,1.89249,8.91449,0.922074,11.559,0.42336,0,0,18.483,0.42336,442.007,0,1.02816,0,0,2.87731,1.84915,1.028160,1,0,105.939,0,0,0,105.939,0
95.7024,3.40009,0,0,5.46989,0.454835,0.36288,3.6288,61.308,0.580841,0,0,1.23955,0.162693,0.496021,0.66528,12.849,1,0.462547,0.36288,0,104.144,4.24609,99.7982,0.84672,12.849,0.84672,3695.15,0,18.483,0.175111,2.35093,2.10202,10.0205,0.922074,13.3763,0.42336,0,0,18.483,0.42336,442.007,0,1.02816,0,0,3.37909,2.35093,1.028160,1,0,113.67,0,0,0,113.67,0
97.259,3.40581,0,0,5.74477,0.419485,0.36288,3.6288,61.308,0.580996,0,0,1.56196,0.204271,0.77669,0.66528,12.849,1,0.457264,0.36288,0,172.285,3.98477,168.206,0.84672,12.849,0.84672,3695.15,0,18.483,0.175157,3.01304,2.10226,12.7882,0.987375,16.7409,0.42336,0,0,18.483,0.42336,442.007,0,1.02816,0,0,4.0412,3.01304,1.028160,1,0,185.724,0,0,0,185.724,0
97.2991,3.41266,0,0,4.2923,0.476616,0.36288,3.6288,61.308,0.581151,0,0,1.30575,0.214895,0.5097,0.66528,12.849,1,0.45085,0.36288,0,114.38,3.82818,110.464,0.84672,12.849,0.84672,3695.15,0,18.483,0.175204,2.33759,2.1025,10.1186,1.0802,13.3033,0.42336,0,0,18.483,0.42336,442.007,0,1.02816,0,0,3.36575,2.33759,1.028160,1,0,124.277,0,0,0,124.277,0
97.506,2.98056,0,0,4.94159,0.550228,1.20391,3.6288,61.308,0.387691,0,0,1.44074,0.211946,0.841101,0.66528,12.849,1,0.393603,1.20391,0,106.256,4.60866,102.457,0.84672,12.849,0.84672,3695.15,0,18.483,0.11688,3.86406,2.10274,12.0497,1.06171,16.8379,0.42336,0,0,18.483,0.42336,442.007,0,1.02816,0,0,4.89222,3.86406,1.028160,1,0,120.136,0,0,0,120.136,0
97.506,2.98164,0,0,4.68864,0.550591,1.15642,3.6288,61.308,0.387824,0,0,1.47938,0.172763,0.918789,0.66528,12.849,1,0.39291,1.15642,0,100.255,4.27949,96.7391,0.84672,12.849,0.84672,3695.15,0,18.483,0.11692,4.38793,1.81651,12.2748,0.902865,17.4594,0.42336,0,0,18.483,0.42336,442.007,0,1.02816,0,0,5.41609,4.38793,1.028160,1,0,115.117,0,0,0,115.117,0
97.506,2.98197,0,0,5.13327,0.550591,1.6007,3.6288,61.308,0.387957,0,0,1.29766,0.172763,0.736939,0.66528,12.849,1,0.392954,1.6007,0,110.949,4.27949,107.877,0.84672,12.849,0.84672,3695.15,0,18.483,0.11696,3.34956,1.81671,11.414,0.902865,15.5605,0.42336,0,0,18.483,0.42336,442.007,0,1.02816,0,0,4.37772,3.34956,1.028160,1,0,124.175,0,0,0,124.175,0
97.506,2.98231,0,0,4.5413,0.550591,1.0084,3.6288,61.308,0.38809,0,0,1.23974,0.172763,0.678892,0.66528,12.849,1,0.392998,1.0084,0,96.8769,4.27949,93.2128,0.84672,12.849,0.84672,3695.15,0,18.483,0.117001,2.94424,1.81692,10.3424,0.902865,14.0837,0.42336,0,0,18.483,0.42336,442.007,0,1.02816,0,0,3.9724,2.94424,1.028160,1,0,107.975,0,0,0,107.975,0
97.506,2.98265,0,0,4.29615,0.594304,0.719202,3.6288,61.308,0.388223,0,0,1.20966,0.176466,0.644971,0.66528,12.849,1,0.393043,0.719202,0,100.62,4.03653,96.9093,0.84672,12.849,0.84672,3695.15,0,18.483,0.117041,2.53101,1.81712,9.08168,0.911369,12.4014,0.42336,0,0,18.483,0.42336,442.007,0,1.02816,0,0,3.55917,2.53101,1.028160,1,0,109.956,0,0,0,109.956,0
97.506,3.09198,0,0,4.07232,0.605481,0.37486,3.6288,61.308,0.435749,0,0,0.982048,0.162452,0.383847,0.66528,12.849,1,0.40745,0.37486,0,106.37,4.33996,101.997,0.84672,12.849,0.84672,3695.15,0,18.483,0.131369,2.25123,1.81733,7.54661,0.918542,10.5653,0.42336,0,0,18.483,0.42336,442.007,0,1.02816,0,0,3.27939,2.25123,1.028160,1,0,112.946,0,0,0,112.946,0
97.506,3.09233,0,0,5.72339,0.608474,2.02259,3.6288,61.308,0.435887,0,0,1.04916,0.15472,0.458557,0.66528,12.849,1,0.407496,2.02259,0,132.231,4.12194,129.724,0.84672,12.849,0.84672,3695.15,0,18.483,0.13141,3.181,1.8883,18.4072,0.874565,22.4705,0.42336,0,0,18.483,0.42336,442.007,0,1.02816,0,0,4.20916,3.181,1.028160,1,0,152.653,0,0,0,152.653,0
97.506,3.09268,0,0,4.1798,0.547839,0.539285,3.6288,61.308,0.436026,0,0,0.972622,0.157661,0.378935,0.66528,12.849,1,0.407542,0.539285,0,114.993,3.45084,111.674,0.84672,12.849,0.84672,3695.15,0,18.483,0.131452,2.71655,1.88852,10.661,0.788921,14.3457,0.42336,0,0,18.483,0.42336,442.007,0,1.02816,0,0,3.74471,2.71655,1.028160,1,0,126.399,0,0,0,126.399,0
97.4306,3.09302,0,0,3.89392,0.513369,0.36288,3.6288,61.308,0.436164,0,0,0.933129,0.176126,0.320839,0.66528,12.849,1,0.407588,0.36288,0,87.9526,3.85797,84.0499,0.84672,12.849,0.84672,3695.15,0,18.483,0.131494,2.22836,1.88873,9.08885,0.892447,12.182,0.42336,0,0,18.483,0.42336,442.007,0,1.02816,0,0,3.25652,2.22836,1.028160,1,0,96.5528,0,0,0,96.5528,0
97.506,3.05047,0,0,3.9551,0.424588,0.404689,3.6288,61.308,0.417888,0,0,0.980761,0.188551,0.374322,0.66528,12.849,1,0.402291,0.404689,0,99.6278,4.37772,95.2525,0.84672,12.849,0.84672,3695.15,0,18.483,0.125984,1.99428,1.88894,9.80364,0.982749,12.5781,0.42336,0,0,18.483,0.42336,442.007,0,1.02816,0,0,3.02244,1.99428,1.028160,1,0,108.205,0,0,0,108.205,0
97.4065,3.05108,0,0,3.70691,0.392478,0.36288,3.6288,61.308,0.418024,0,0,0.892071,0.194792,0.279255,0.66528,12.849,1,0.402061,0.36288,0,92.7132,4.43331,88.2408,0.84672,12.849,0.84672,3695.15,0,18.483,0.126025,1.89515,1.8616,8.99104,0.98663,11.6351,0.42336,0,0,18.483,0.42336,442.007,0,1.02816,0,0,2.92331,1.89515,1.028160,1,0,100.155,0,0,0,100.155,0
97.0113,3.05107,0,0,3.41099,0.392154,0.36288,3.6288,61.308,0.418161,0,0,0.884304,0.194792,0.271351,0.66528,12.849,1,0.40247,0.36288,0,83.7138,4.43331,79.2409,0.84672,12.849,0.84672,3695.15,0,18.483,0.126066,1.9393,1.86181,8.59153,0.98663,11.2799,0.42336,0,0,18.483,0.42336,442.007,0,1.02816,0,0,2.96746,1.9393,1.028160,1,0,90.7922,0,0,0,90.7922,0
96.4932,3.04996,0,0,3.29481,0.400165,0.36288,3.6288,61.308,0.418297,0,0,1.13057,0.183151,0.529122,0.66528,12.849,1,0.403963,0.36288,0,80.8695,4.32264,76.5058,0.84672,12.849,0.84672,3695.15,0,18.483,0.126107,2.56313,1.86202,10.6333,0.945572,13.9868,0.42336,0,0,18.483,0.42336,442.007,0,1.02816,0,0,3.59129,2.56313,1.028160,1,0,91.0217,0,0,0,91.0217,0
95.9665,3.193,0,0,3.3283,0.299096,0.36288,3.6288,61.308,0.483768,0,0,1.06569,0.194458,0.387466,0.66528,12.849,1,0.425179,0.36288,0,82.7868,4.69641,78.028,0.84672,12.849,0.84672,3695.15,0,18.483,0.145845,1.6822,1.86223,9.20557,1.02778,11.5764,0.42336,0,0,18.483,0.42336,442.007,0,1.02816,0,0,2.71036,1.6822,1.028160,1,0,89.9919,0,0,0,89.9919,0
95.4636,3.1913,0,0,3.32342,0.272079,0.36288,3.6288,61.308,0.483912,0,0,1.09547,0.207984,0.403579,0.66528,12.849,1,0.427285,0.36288,0,80.1282,4.86937,75.1944,0.84672,12.849,0.84672,3695.15,0,18.483,0.145889,1.68814,1.95884,8.84822,1.08254,11.2668,0.42336,0,0,18.483,0.42336,442.007,0,1.02816,0,0,2.7163,1.68814,1.028160,1,0,86.8648,0,0,0,86.8648,0
94.5949,3.18968,0,0,2.97134,0.287552,0.36288,3.6288,61.308,0.484056,0,0,1.05365,0.20535,0.364242,0.66528,12.849,1,0.429317,0.36288,0,75.9629,4.70014,71.1963,0.84672,12.849,0.84672,3695.15,0,18.483,0.145932,1.80921,1.95906,8.17681,1.08907,10.7101,0.42336,0,0,18.483,0.42336,442.007,0,1.02816,0,0,2.83737,1.80921,1.028160,1,0,82.2706,0,0,0,82.2706,0
93.5988,3.18657,0,0,2.84277,0.289414,0.36288,3.6288,61.308,0.4842,0,0,1.03193,0.207068,0.34066,0.66528,12.849,1,0.432838,0.36288,0,70.5318,4.34118,66.1206,0.84672,12.849,0.84672,3695.15,0,18.483,0.145975,1.78418,1.95928,7.73176,1.12443,10.2048,0.42336,0,0,18.483,0.42336,442.007,0,1.02816,0,0,2.81234,1.78418,1.028160,1,0,76.6661,0,0,0,76.6661,0
92.2999,3.18288,0,0,2.4572,0.210314,0.36288,3.6288,61.308,0.484344,0,0,0.926027,0.211684,0.229999,0.66528,12.849,1,0.436937,0.36288,0,49.8072,4.27219,45.4609,0.84672,12.849,0.84672,3695.15,0,18.483,0.146019,1.29892,1.95951,6.42861,1.06448,8.47654,0.42336,0,0,18.483,0.42336,442.007,0,1.02816,0,0,2.32708,1.29892,1.028160,1,0,54.1675,0,0,0,54.1675,0
90.677,3.14938,0,0,2.10903,0.219664,0.36288,3.6288,61.308,0.520416,0,0,0.792029,0.19958,0.0720322,0.66528,12.849,1,0.438422,0.36288,0,36.3209,4.10025,32.1451,0.84672,12.849,0.84672,3695.15,0,18.483,0.156894,0.7506,1.95973,5.12506,0.983804,6.69469,0.42336,0,0,18.483,0.42336,442.007,0,1.02816,0,0,1.77876,0.7506,1.028160,1,0,38.9118,0,0,0,38.9118,0
88.9013,3.14286,0,0,1.93115,0.201132,0.36288,3.6288,61.308,0.520565,0,0,0.753814,0.221518,0.0117313,0.66528,12.849,1,0.445345,0.36288,0,32.0305,4.38255,27.5655,0.84672,12.849,0.84672,3695.15,0,18.483,0.156939,0.677618,1.99,4.97719,1.08685,6.40102,0.42336,0,0,18.483,0.42336,442.007,0,1.02816,0,0,1.70578,0.677618,1.028160,1,0,33.9782,0,0,0,33.9782,0
87.0661,3.13544,0,0,1.82316,0.159989,0.36288,3.6288,61.2144,0.520713,0,0,0.703469,0.276364,0,0.66528,12.849,1,0.453169,0.36288,0,28.4885,5.0883,23.3099,0.84672,12.849,0.84672,3695.15,0,18.483,0.156983,0.647784,1.99022,4.74761,1.34446,5.88418,0.42336,0,0,18.483,0.42336,442.007,0,1.02816,0,0,1.67594,0.647784,1.028160,1,0,29.1941,0,0,0,29.1941,0
85.1525,3.12747,0,0,1.73229,0.155573,0.36288,3.6288,61.1557,0.520676,0,0,0.743671,0.28168,0,0.66528,12.849,1,0.461544,0.36288,0,27.1959,5.20542,21.8918,0.84672,12.849,0.84672,3695.15,0,18.483,0.157212,0.646427,1.99045,4.63056,1.35699,5.75324,0.42336,0,0,18.483,0.42336,442.007,0,1.02816,0,0,1.67459,0.646427,1.028160,1,0,27.645,0,0,0,27.645,0
83.35,3.1916,0,0,1.89423,0.142293,0.36288,3.6288,61.0682,0.552725,0,0,0.779708,0.314442,0,0.66528,12.849,1,0.481593,0.36288,0,35.9291,5.90814,29.9022,0.84672,12.849,0.84672,3695.15,0,18.483,0.167049,0.752751,1.99067,4.90161,1.43214,6.04585,0.42336,0,0,18.483,0.42336,442.007,0,1.02816,0,0,1.78091,0.752751,1.028160,1,0,35.9481,0,0,0,35.9481,0
81.4309,3.18293,0,0,1.76665,0.139923,0.36288,3.6288,60.8919,0.552693,0,0,0.690604,0.314268,0,0.66528,12.849,1,0.490672,0.36288,0,28.4233,5.90814,22.3873,0.84672,12.849,0.84672,3695.15,0,18.483,0.167279,0.729804,2.03881,4.47403,1.43214,5.64322,0.42336,0,0,18.483,0.42336,442.007,0,1.02816,0,0,1.75796,0.729804,1.028160,1,0,28.0306,0,0,0,28.0306,0
79.3642,3.1733,0,0,1.60693,0.137399,0.36288,3.6288,60.6742,0.552473,0,0,0.648691,0.313917,0,0.66528,12.849,1,0.500717,0.36288,0,26.1362,5.90814,20.0902,0.84672,12.849,0.84672,3695.15,0,18.483,0.167696,0.454689,2.03904,4.09469,1.43214,4.98859,0.42336,0,0,18.483,0.42336,442.007,0,1.02816,0,0,1.48285,0.454689,1.028160,1,0,25.0788,0,0,0,25.0788,0
77.5369,3.16244,0,0,1.81805,0.120027,0.36288,3.6288,60.6034,0.552163,0,0,0.788668,0.307318,0,0.66528,12.849,1,0.511996,0.36288,0,26.8778,6.04964,20.6791,0.84672,12.849,0.84672,3695.15,0,18.483,0.168204,0.977504,2.03927,6.00301,1.46902,7.38256,0.42336,0,0,18.483,0.42336,442.007,0,1.02816,0,0,2.00566,0.977504,1.028160,1,0,28.0616,0,0,0,28.0616,0
75.5393,3.36298,0,0,1.85213,0.12391,0.36288,3.6288,60.3355,0.66528,0,0,0.703711,0.306311,0,0.66528,12.849,1,0.557295,0.36288,0,23.6653,6.28476,17.1861,0.84672,12.849,0.84672,3695.15,0,18.483,0.205842,0.5583,2.0395,4.72241,1.50955,5.60482,0.42336,0,0,18.483,0.42336,442.007,0,1.02816,0,0,1.58646,0.5583,1.028160,1,0,22.791,0,0,0,22.791,0
73.7328,3.35077,0,0,2.02581,0.118625,0.36288,3.6288,60.1299,0.66528,0,0,0.778435,0.318803,0,0.66528,12.849,1,0.569955,0.36288,0,25.7637,6.44669,19.1099,0.84672,12.849,0.84672,3695.15,0,18.483,0.206056,0.602735,2.20204,4.28245,1.53071,5.35046,0.42336,0,0,18.483,0.42336,442.007,0,1.02816,0,0,1.6309,0.602735,1.028160,1,0,24.4604,0,0,0,24.4604,0
71.5396,3.33925,0,0,1.62537,0.116452,0.36288,3.6288,59.7583,0.66528,0,0,0.612106,0.318386,0,0.66528,12.849,1,0.581912,0.36288,0,30.3038,6.44669,23.638,0.84672,12.849,0.84672,3695.15,0,18.483,0.206271,0.2801,2.20229,3.55741,1.53071,4.30282,0.42336,0,0,18.483,0.42336,442.007,0,1.02816,0,0,1.30826,0.2801,1.028160,1,0,27.9409,0,0,0,27.9409,0
69.6933,3.3245,0,0,1.92497,0.0838829,0.36288,3.6288,59.7097,0.66528,0,0,0.934343,0.317633,0,0.66528,12.849,1,0.597103,0.36288,0,26.0105,6.44669,19.3296,0.84672,12.849,0.84672,3695.15,0,18.483,0.206485,0.939851,2.20254,4.81068,1.53071,6.21588,0.42336,0,0,18.483,0.42336,442.007,0,1.02816,0,0,1.96801,0.939851,1.028160,1,0,25.5454,0,0,0,25.5454,0
67.8006,3.31152,0,0,1.84212,0.0604667,0.36288,3.6288,59.7178,0.66528,0,0,1.01342,0.340061,0,0.66528,12.849,1,0.610528,0.36288,0,26.3174,6.28698,19.7827,0.84672,12.849,0.84672,3695.15,0,18.483,0.2067,0.697654,2.20279,6.0766,1.56552,7.20483,0.42336,0,0,18.483,0.42336,442.007,0,1.02816,0,0,1.72581,0.697654,1.028160,1,0,26.9876,0,0,0,26.9876,0
66.3286,3.19695,0,0,2.18568,0.0977568,0.36288,3.6288,60.0964,0.596225,0,0,1.29713,0.322296,0,0.66528,12.849,1,0.60586,0.36288,0,23.5608,5.68754,17.6303,0.84672,12.849,0.84672,3695.15,0,18.483,0.184535,0.617622,2.20304,5.437,1.47917,6.59395,0.42336,0,0,18.483,0.42336,442.007,0,1.02816,0,0,1.64578,0.617622,1.028160,1,0,24.2243,0,0,0,24.2243,0
65.5745,3.18605,0,0,2.89145,0.0966265,0.36288,3.6288,60.8636,0.59727,0,0,1.6875,0.323075,0,0.66528,12.849,1,0.617192,0.36288,0,34.2978,5.68754,28.3559,0.84672,12.849,0.84672,3695.15,0,18.483,0.183694,1.24934,2.11022,7.80516,1.47917,9.50185,0.42336,0,0,18.483,0.42336,442.007,0,1.02816,0,0,2.2775,1.24934,1.028160,1,0,37.8578,0,0,0,37.8578,0
65.698,3.18047,0,0,3.76291,0.0960475,0.36288,3.6288,61.308,0.599203,0,0,2.38785,0.324654,1.01956,0.66528,12.849,1,0.623198,0.36288,0,67.1563,5.68754,61.2085,0.84672,12.849,0.84672,3695.15,0,18.483,0.181965,2.16301,2.11046,9.26882,1.47917,11.8811,0.42336,0,0,18.483,0.42336,442.007,0,1.02816,0,0,3.19117,2.16301,1.028160,1,0,74.1092,0,0,0,74.1092,0
65.1568,3.18181,0,0,3.1849,0.18144,0.36288,3.6288,61.308,0.600373,0,0,1.51954,0.297213,0.621957,0.66528,12.849,1,0.622288,0.36288,0,47.8149,5.62251,41.933,0.84672,12.849,0.84672,3695.15,0,18.483,0.180999,0.989142,2.11069,5.50199,1.50836,6.91246,0.42336,0,0,18.483,0.42336,442.007,0,1.02816,0,0,2.0173,0.989142,1.028160,1,0,49.4674,0,0,0,49.4674,0
64.3427,3.09576,0,0,2.88185,0.237309,0.36288,3.6288,61.308,0.536552,0,0,1.39013,0.212242,0.641339,0.66528,12.849,1,0.610488,0.36288,0,49.4771,3.77528,45.4543,0.84672,12.849,0.84672,3695.15,0,18.483,0.161759,1.46648,2.11093,9.78051,0.907429,12.2887,0.42336,0,0,18.483,0.42336,442.007,0,1.02816,0,0,2.49464,1.46648,1.028160,1,0,58.3843,0,0,0,58.3843,0
64.8623,3.08967,0,0,4.20786,0.23576,0.36288,3.6288,61.308,0.536702,0,0,1.42558,0.212242,0.676639,0.66528,12.849,1,0.616996,0.36288,0,65.2904,3.77528,61.261,0.84672,12.849,0.84672,3695.15,0,18.483,0.161804,0.983534,2.02842,9.66044,0.907429,11.6032,0.42336,0,0,18.483,0.42336,442.007,0,1.02816,0,0,2.01169,0.983534,1.028160,1,0,73.5408,0,0,0,73.5408,0
65.2775,3.09415,0,0,4.14105,0.268747,0.36288,3.6288,61.308,0.536852,0,0,2.28364,0.250892,1.49589,0.66528,12.849,1,0.61294,0.36288,0,61.2625,4.60175,56.4107,0.84672,12.849,0.84672,3695.15,0,18.483,0.161849,3.0523,2.02865,14.3668,1.1405,18.1454,0.42336,0,0,18.483,0.42336,442.007,0,1.02816,0,0,4.08046,3.0523,1.028160,1,0,76.052,0,0,0,76.052,0
67.7425,3.09775,0,0,6.20056,0.274995,0.36288,3.6288,61.308,0.537002,0,0,2.8201,0.257334,2.02577,0.66528,12.849,1,0.609751,0.36288,0,105.005,4.73949,100.018,0.84672,12.849,0.84672,3695.15,0,18.483,0.161894,3.16471,2.02888,14.3765,1.17935,18.2289,0.42336,0,0,18.483,0.42336,442.007,0,1.02816,0,0,4.19287,3.16471,1.028160,1,0,120.273,0,0,0,120.273,0
69.4751,2.88203,0,0,5.26849,0.290911,0.36288,3.6288,61.308,0.403844,0,0,2.69736,0.23845,2.05507,0.66528,12.849,1,0.546646,0.36288,0,63.4414,4.41646,58.8412,0.84672,12.849,0.84672,3695.15,0,18.483,0.12175,2.10575,2.02911,15.9497,1.12047,18.8423,0.42336,0,0,18.483,0.42336,442.007,0,1.02816,0,0,3.13391,2.10575,1.028160,1,0,79.7386,0,0,0,79.7386,0
70.6179,2.89386,0,0,4.69862,0.299123,0.36288,3.6288,61.308,0.403979,0,0,2.57027,0.230897,1.93539,0.66528,12.849,1,0.535202,0.36288,0,84.049,4.28725,79.5894,0.84672,12.849,0.84672,3695.15,0,18.483,0.121791,1.03017,1.84296,13.6187,1.09691,15.2731,0.42336,0,0,18.483,0.42336,442.007,0,1.02816,0,0,2.05833,1.03017,1.028160,1,0,96.7979,0,0,0,96.7979,0
76.771,2.90151,0,0,9.71931,0.301774,0.36288,3.6288,61.308,0.404114,0,0,6.19157,0.230897,5.55656,0.66528,12.849,1,0.527934,0.36288,0,140.769,4.28725,136.317,0.84672,12.849,0.84672,3695.15,0,18.483,0.121831,3.80269,1.84317,18.0512,1.09691,22.4783,0.42336,0,0,18.483,0.42336,442.007,0,1.02816,0,0,4.83085,3.80269,1.028160,1,0,164.351,0,0,0,164.351,0
81.5387,2.93809,0,0,8.48272,0.414034,0.36288,3.6288,61.308,0.404248,0,0,2.20228,0.224968,1.57306,0.66528,12.849,1,0.491742,0.36288,0,86.1036,3.98365,81.9911,0.84672,12.849,0.84672,3695.15,0,18.483,0.121872,1.27164,1.84338,12.0913,1.04659,14.0379,0.42336,0,0,18.483,0.42336,442.007,0,1.02816,0,0,2.2998,1.27164,1.028160,1,0,97.6021,0,0,0,97.6021,0
85.6666,2.96327,0,0,7.8681,0.41408,0.36288,3.6288,61.308,0.404383,0,0,4.24335,0.208765,3.6302,0.66528,12.849,1,0.466956,0.36288,0,106.33,3.71083,102.515,0.84672,12.849,0.84672,3695.15,0,18.483,0.121912,1.83904,1.84359,13.0867,1.04123,15.6062,0.42336,0,0,18.483,0.42336,442.007,0,1.02816,0,0,2.8672,1.83904,1.028160,1,0,121.751,0,0,0,121.751,0
88.9478,3.07661,0,0,7.10306,0.382391,0.36288,3.6288,61.308,0.443134,0,0,1.80704,0.196354,1.16755,0.66528,12.849,1,0.461455,0.36288,0,144.447,3.48674,140.862,0.84672,12.849,0.84672,3695.15,0,18.483,0.133595,3.09109,1.8438,9.19754,0.985497,13.0133,0.42336,0,0,18.483,0.42336,442.007,0,1.02816,0,0,4.11925,3.09109,1.028160,1,0,155.043,0,0,0,155.043,0
89.7579,3.0918,0,0,4.68661,0.421807,0.36288,3.6288,61.308,0.443261,0,0,1.32629,0.229812,0.653218,0.66528,12.849,1,0.446627,0.36288,0,104.325,4.01364,100.227,0.84672,12.849,0.84672,3695.15,0,18.483,0.133633,2.8505,1.90297,7.41485,1.10908,10.9256,0.42336,0,0,18.483,0.42336,442.007,0,1.02816,0,0,3.87866,2.8505,1.028160,1,0,111.806,0,0,0,111.806,0
90.9532,3.09564,0,0,5.09653,0.442711,0.36288,3.6288,61.308,0.443389,0,0,1.33292,0.240478,0.649052,0.66528,12.849,1,0.443147,0.36288,0,107.552,4.24221,103.23,0.84672,12.849,0.84672,3695.15,0,18.483,0.133672,2.91334,1.90317,7.32007,1.18038,10.8225,0.42336,0,0,18.483,0.42336,442.007,0,1.02816,0,0,3.9415,2.91334,1.028160,1,0,114.702,0,0,0,114.702,0
92.1468,3.10107,0,0,5.10492,0.447401,0.36288,3.6288,61.308,0.443516,0,0,1.40027,0.240478,0.716273,0.66528,12.849,1,0.438089,0.36288,0,107.926,4.24221,103.608,0.84672,12.849,0.84672,3695.15,0,18.483,0.13371,2.99693,1.90336,8.36309,1.18038,11.9493,0.42336,0,0,18.483,0.42336,442.007,0,1.02816,0,0,4.02509,2.99693,1.028160,1,0,116.274,0,0,0,116.274,0
94.2741,3.40936,0,0,6.28375,0.384222,0.36288,3.6288,61.308,0.588693,0,0,1.7471,0.252447,0.905964,0.66528,12.849,1,0.475402,0.36288,0,136.474,4.13124,132.23,0.84672,12.849,0.84672,3695.15,0,18.483,0.177478,4.59889,1.90356,8.17596,1.20886,13.2921,0.42336,0,0,18.483,0.42336,442.007,0,1.02816,0,0,5.62705,4.59889,1.028160,1,0,146.428,0,0,0,146.428,0
97.506,3.41915,0,0,7.96332,0.379797,0.932456,3.6288,61.308,0.588835,0,0,1.51305,0.254442,0.669769,0.66528,12.849,1,0.46601,0.932456,0,143.831,4.11274,140.185,0.84672,12.849,0.84672,3695.15,0,18.483,0.177521,5.56439,2.1143,9.89928,1.21361,16.1868,0.42336,0,0,18.483,0.42336,442.007,0,1.02816,0,0,6.59255,5.56439,1.028160,1,0,157.041,0,0,0,157.041,0
97.506,3.43315,0,0,6.45673,0.402336,2.62125,3.6288,61.308,0.588977,0,0,1.51583,0.217852,0.708998,0.66528,12.849,1,0.452409,2.62125,0,157.263,3.74297,155.689,0.84672,12.849,0.84672,3695.15,0,18.483,0.177563,4.40936,2.11452,13.2472,1.11556,18.4779,0.42336,0,0,18.483,0.42336,442.007,0,1.02816,0,0,5.43752,4.40936,1.028160,1,0,174.875,0,0,0,174.875,0
97.506,3.4335,0,0,4.78389,0.411394,0.938992,3.6288,61.308,0.589119,0,0,1.15265,0.190411,0.373124,0.66528,12.849,1,0.452455,0.938992,0,131.642,3.46563,128.663,0.84672,12.849,0.84672,3695.15,0,18.483,0.177606,2.68994,2.11474,9.14302,1.04203,12.7281,0.42336,0,0,18.483,0.42336,442.007,0,1.02816,0,0,3.7181,2.68994,1.028160,1,0,141.764,0,0,0,141.764,0
97.506,2.99859,0,0,4.18142,0.564311,0.618517,3.6288,61.308,0.394523,0,0,1.09212,0.229796,0.467804,0.66528,12.849,1,0.395144,0.618517,0,93.598,3.66921,90.1521,0.84672,12.849,0.84672,3695.15,0,18.483,0.11894,2.16533,2.11496,8.30114,1.00591,11.4566,0.42336,0,0,18.483,0.42336,442.007,0,1.02816,0,0,3.19349,2.16533,1.028160,1,0,102.077,0,0,0,102.077,0
97.4927,2.9989,0,0,3.93831,0.589798,0.36288,3.6288,61.308,0.394645,0,0,1.14382,0.23636,0.51281,0.66528,12.849,1,0.395185,0.36288,0,109.485,3.70314,105.75,0.84672,12.849,0.84672,3695.15,0,18.483,0.118977,2.14495,1.82704,8.1686,0.999889,11.0217,0.42336,0,0,18.483,0.42336,442.007,0,1.02816,0,0,3.17311,2.14495,1.028160,1,0,117.284,0,0,0,117.284,0
97.506,2.99917,0,0,4.05095,0.492357,0.546157,3.6288,61.308,0.394767,0,0,1.3523,0.206278,0.751253,0.66528,12.849,1,0.395273,0.546157,0,106.437,3.26717,103.321,0.84672,12.849,0.84672,3695.15,0,18.483,0.119014,2.7095,1.82723,8.88788,0.937262,12.3683,0.42336,0,0,18.483,0.42336,442.007,0,1.02816,0,0,3.73766,2.7095,1.028160,1,0,116.44,0,0,0,116.44,0
97.506,2.99952,0,0,6.64083,0.48228,3.15903,3.6288,61.308,0.394889,0,0,2.57997,0.229419,1.95566,0.66528,12.849,1,0.395267,3.15903,0,120.66,3.96922,119.455,0.84672,12.849,0.84672,3695.15,0,18.483,0.11905,4.34365,1.82742,15.2096,1.01332,20.2483,0.42336,0,0,18.483,0.42336,442.007,0,1.02816,0,0,5.37181,4.34365,1.028160,1,0,141.659,0,0,0,141.659,0
97.506,2.99983,0,0,7.37744,0.553675,3.82393,3.6288,61.308,0.395011,0,0,2.83556,0.183643,2.25691,0.66528,12.849,1,0.395307,3.82393,0,134.726,3.61173,134.543,0.84672,12.849,0.84672,3695.15,0,18.483,0.119087,5.01549,1.82761,13.4349,0.907216,19.2517,0.42336,0,0,18.483,0.42336,442.007,0,1.02816,0,0,6.04365,5.01549,1.028160,1,0,156.052,0,0,0,156.052,0
97.506,3.10976,0,0,7.04212,0.646365,3.28599,3.6288,61.308,0.442798,0,0,1.88927,0.131564,1.3149,0.66528,12.849,1,0.409793,3.28599,0,161,2.96457,160.912,0.84672,12.849,0.84672,3695.15,0,18.483,0.133494,4.02833,1.8278,12.0459,0.808829,16.9597,0.42336,0,0,18.483,0.42336,442.007,0,1.02816,0,0,5.05649,4.02833,1.028160,1,0,179.187,0,0,0,179.187,0
97.506,3.11008,0,0,6.24084,0.615664,2.5151,3.6288,61.308,0.442925,0,0,1.50949,0.14108,0.925489,0.66528,12.849,1,0.409835,2.5151,0,163.303,3.08091,162.327,0.84672,12.849,0.84672,3695.15,0,18.483,0.133532,3.43668,1.89916,11.8173,0.831729,16.1879,0.42336,0,0,18.483,0.42336,442.007,0,1.02816,0,0,4.46484,3.43668,1.028160,1,0,179.441,0,0,0,179.441,0
97.506,3.1104,0,0,5.83341,0.538912,2.1841,3.6288,61.308,0.443053,0,0,1.80623,0.164868,1.19831,0.66528,12.849,1,0.409878,2.1841,0,123.865,3.37176,122.267,0.84672,12.849,0.84672,3695.15,0,18.483,0.133571,3.90129,1.89936,11.9249,0.888981,16.703,0.42336,0,0,18.483,0.42336,442.007,0,1.02816,0,0,4.92945,3.90129,1.028160,1,0,140.169,0,0,0,140.169,0
97.506,3.11072,0,0,5.07648,0.523248,1.44251,3.6288,61.308,0.44318,0,0,1.31153,0.166579,0.701768,0.66528,12.849,1,0.40992,1.44251,0,102.604,3.51219,100.125,0.84672,12.849,0.84672,3695.15,0,18.483,0.133609,3.07179,1.89956,9.9957,0.912743,13.9207,0.42336,0,0,18.483,0.42336,442.007,0,1.02816,0,0,4.09995,3.07179,1.028160,1,0,114.747,0,0,0,114.747,0
97.506,3.06816,0,0,5.576,0.429268,2.07856,3.6288,61.308,0.424787,0,0,1.00138,0.176844,0.399754,0.66528,12.849,1,0.404312,2.07856,0,109.66,4.35477,106.979,0.84672,12.849,0.84672,3695.15,0,18.483,0.128064,2.25132,1.89975,10.2468,1.05532,13.2145,0.42336,0,0,18.483,0.42336,442.007,0,1.02816,0,0,3.27948,2.25132,1.028160,1,0,120.593,0,0,0,120.593,0
97.506,3.06848,0,0,4.55577,0.429268,1.05802,3.6288,61.308,0.424912,0,0,0.858764,0.176844,0.257008,0.66528,12.849,1,0.404354,1.05802,0,82.8248,4.35477,79.1237,0.84672,12.849,0.84672,3695.15,0,18.483,0.128101,1.77768,1.87223,6.88781,1.05532,9.3543,0.42336,0,0,18.483,0.42336,442.007,0,1.02816,0,0,2.80584,1.77768,1.028160,1,0,88.735,0,0,0,88.735,0
97.506,2.31527,0,0,4.02068,0.429268,1.27614,3.6288,61.2695,0.66528,0,0,0.80358,0.176844,0,0.66528,12.849,1,0.305099,1.27614,0,72.1924,4.35477,68.8087,0.84672,12.849,0.84672,3695.15,0,18.483,0.740715,1.42679,1.87242,6.0864,1.05532,7.58958,0.42336,0,0,18.483,0.42336,442.007,0,1.02816,0,0,2.45495,1.42679,1.028160,1,0,76.3982,0,0,0,76.3982,0
97.506,2.31573,0,0,3.62294,0.429268,0.87794,3.6288,61.1395,0.66528,0,0,0.712143,0.176801,0,0.66528,12.849,1,0.305159,0.87794,0,63.0184,4.35477,59.2364,0.84672,12.849,0.84672,3695.15,0,18.483,0.740715,1.17799,2.37169,5.49644,1.05532,7.25008,0.42336,0,0,18.483,0.42336,442.007,0,1.02816,0,0,2.20615,1.17799,1.028160,1,0,66.4865,0,0,0,66.4865,0
97.506,2.4618,0,0,3.60909,0.352982,0.794311,3.6288,61.058,0.66528,0,0,0.783346,0.199559,0,0.66528,12.849,1,0.324407,0.794311,0,58.3838,4.39027,54.4634,0.84672,12.849,0.84672,3695.15,0,18.483,0.826228,0.916419,2.37178,5.28337,1.03317,6.71217,0.42336,0,0,18.483,0.42336,442.007,0,1.02816,0,0,1.94458,0.916419,1.028160,1,0,61.1756,0,0,0,61.1756,0
97.0632,3.21536,0,0,3.45051,0.315089,0.36288,3.6288,60.9993,0.490659,0,0,0.642633,0.210651,0,0.66528,12.849,1,0.42371,0.36288,0,53.7558,4.32802,49.367,0.84672,12.849,0.84672,3695.15,0,18.483,0.148528,0.778041,2.46883,5.04713,1.11098,7.0345,0.42336,0,0,18.483,0.42336,442.007,0,1.02816,0,0,1.8062,0.778041,1.028160,1,0,56.4015,0,0,0,56.4015,0
96.3346,3.21399,0,0,3.09622,0.247941,0.36288,3.6288,60.9206,0.490681,0,0,0.624447,0.212512,0,0.66528,12.849,1,0.42546,0.36288,0,47.023,4.39289,42.5676,0.84672,12.849,0.84672,3695.15,0,18.483,0.148678,0.786076,1.97015,4.71737,1.07002,6.25491,0.42336,0,0,18.483,0.42336,442.007,0,1.02816,0,0,1.81424,0.786076,1.028160,1,0,48.8225,0,0,0,48.8225,0
95.5712,3.21148,0,0,3.05742,0.246437,0.36288,3.6288,60.8958,0.490665,0,0,0.678266,0.212406,0,0.66528,12.849,1,0.428344,0.36288,0,45.4736,4.39289,41.0153,0.84672,12.849,0.84672,3695.15,0,18.483,0.148865,0.747939,1.97036,5.172,1.07002,6.67141,0.42336,0,0,18.483,0.42336,442.007,0,1.02816,0,0,1.7761,0.747939,1.028160,1,0,47.6867,0,0,0,47.6867,0
94.2609,3.2088,0,0,2.503,0.241632,0.36288,3.6288,60.8166,0.490751,0,0,0.614266,0.202709,0,0.66528,12.849,1,0.431404,0.36288,0,42.6408,4.28966,38.2826,0.84672,12.849,0.84672,3695.15,0,18.483,0.148952,0.635515,1.97056,4.08378,1.00343,5.53747,0.42336,0,0,18.483,0.42336,442.007,0,1.02816,0,0,1.66368,0.635515,1.028160,1,0,43.8201,0,0,0,43.8201,0
93.0235,2.50093,0,0,1.86109,0.234704,0.36288,3.6288,60.5334,0.66528,0,0,0.571811,0.189728,0,0.66528,12.849,1,0.34091,0.36288,0,41.2042,4.15202,37.0741,0.84672,12.849,0.84672,3695.15,0,18.483,0.787747,0.504896,1.97076,3.36427,0.914656,4.13752,0.42336,0,0,18.483,0.42336,442.007,0,1.02816,0,0,1.53306,0.504896,1.028160,1,0,41.2116,0,0,0,41.2116,0
90.9604,3.17042,0,0,1.69454,0.224348,0.36288,3.6288,60.3475,0.526359,0,0,0.540781,0.200303,0,0.66528,12.849,1,0.437919,0.36288,0,36.2718,4.29316,31.9036,0.84672,12.849,0.84672,3695.15,0,18.483,0.160716,0.358465,2.44953,3.26529,0.966179,4.94639,0.42336,0,0,18.483,0.42336,442.007,0,1.02816,0,0,1.38662,0.358465,1.028160,1,0,36.8499,0,0,0,36.8499,0
88.8703,3.16204,0,0,1.60879,0.173919,0.36288,3.6288,60.0625,0.526115,0,0,0.506573,0.265481,0,0.66528,12.849,1,0.446668,0.36288,0,32.7148,5.14007,27.4909,0.84672,12.849,0.84672,3695.15,0,18.483,0.161136,0.377464,2.00139,3.11369,1.27531,4.0561,0.42336,0,0,18.483,0.42336,442.007,0,1.02816,0,0,1.40562,0.377464,1.028160,1,0,31.547,0,0,0,31.547,0
86.6113,3.15319,0,0,1.42784,0.170732,0.36288,3.6288,59.7494,0.525665,0,0,0.477512,0.265,0,0.66528,12.849,1,0.455893,0.36288,0,30.8578,5.14007,25.6247,0.84672,12.849,0.84672,3695.15,0,18.483,0.161763,0.354491,2.0016,2.98471,1.27531,3.90373,0.42336,0,0,18.483,0.42336,442.007,0,1.02816,0,0,1.38265,0.354491,1.028160,1,0,29.5284,0,0,0,29.5284,0
84.3069,3.21652,0,0,1.43343,0.158531,0.36288,3.6288,59.3143,0.612926,0,0,0.466307,0.288458,0,0.66528,12.849,1,0.477178,0.36288,0,29.9723,6.03446,23.8236,0.84672,12.849,0.84672,3695.15,0,18.483,0.189604,0.261274,2.00181,2.4886,1.44839,3.11368,0.42336,0,0,18.483,0.42336,442.007,0,0.955161,0,0,1.21643,0.261274,1.028160,1,0,26.9373,0,0,0,26.9373,0
81.9557,3.20553,0,0,1.37243,0.155201,0.36288,3.6288,58.8892,0.593282,0,0,0.455834,0.287656,0,0.66528,12.849,1,0.488546,0.36288,0,28.0472,6.03446,21.887,0.84672,12.849,0.84672,3695.15,0,18.483,0.184874,0.261274,2.05019,2.55771,1.44839,3.23591,0.42336,0,0,18.483,0.42336,442.007,0,0.979715,0,0,1.24099,0.261274,1.028160,1,0,25.123,0,0,0,25.123,0
79.444,3.19374,0,0,1.19673,0.151802,0.36288,3.6288,58.3778,0.654344,0,0,0.429855,0.286873,0,0.66528,12.849,1,0.500714,0.36288,0,26.5725,6.03446,20.4002,0.84672,12.849,0.84672,3695.15,0,18.483,0.205373,0.227405,2.0504,2.44393,1.44839,3.06797,0.42336,0,0,18.483,0.42336,442.007,0,0.898335,0,0,1.12574,0.227405,1.028160,1,0,23.4682,0,0,0,23.4682,0
76.8633,3.18044,0,0,1.10366,0.141007,0.36288,3.6288,57.8209,0.690888,0,0,0.422468,0.288474,0,0.66528,12.849,1,0.514394,0.36288,0,25.0689,6.10923,18.8081,0.84672,12.849,0.84672,3695.15,0,18.483,0.218742,0.227405,2.05061,2.42171,1.46333,3.01766,0.42336,0,0,18.483,0.42336,442.007,0,0.848604,0,0,1.07601,0.227405,1.028160,1,0,21.8258,0,0,0,21.8258,0
73.9206,3.37741,0,0,0.909801,0.112232,0.36288,3.6288,57.2239,0.721465,0,0,0.427633,0.303162,0,0.66528,12.849,1,0.564591,0.36288,0,22.0793,6.36901,15.5085,0.84672,12.849,0.84672,3695.15,0,18.483,0.230623,0.227405,2.05082,2.29751,1.4938,2.85132,0.42336,0,0,18.483,0.42336,442.007,0,0.957718,0,0,1.18512,0.227405,1.028160,1,0,18.3599,0,0,0,18.3599,0
70.9277,3.35861,0,0,0.839886,0.111261,0.36288,3.6288,56.6169,0.694208,0,0,0.395232,0.308001,0,0.66528,12.849,1,0.583799,0.36288,0,18.8979,6.32761,12.3494,0.84672,12.849,0.84672,3695.15,0,18.483,0.224225,0.227405,2.21425,2.22035,1.50142,2.93635,0.42336,0,0,18.483,0.42336,442.007,0,0.99157,0,0,1.21897,0.227405,1.028160,1,0,15.2857,0,0,0,15.2857,0
67.9692,3.3381,0,0,0.822087,0.0796152,0.36288,3.6288,55.9529,0.726839,0,0,0.369536,0.306788,0,0.66528,12.849,1,0.604717,0.36288,0,17.245,6.32761,10.6756,0.84672,12.849,0.84672,3695.15,0,18.483,0.237282,0.204422,2.21448,2.22853,1.50142,2.90873,0.42336,0,0,18.483,0.42336,442.007,0,0.94608,0,0,1.1505,0.204422,1.028160,1,0,13.5843,0,0,0,13.5843,0
65.4066,3.3163,0,0,1.19436,0.0778093,0.36288,3.6288,55.4088,0.663171,0,0,0.424608,0.305461,0,0.66528,12.849,1,0.626919,0.36288,0,19.6409,6.32761,13.0492,0.84672,12.849,0.84672,3695.15,0,18.483,0.219066,0.326843,2.2147,2.47082,1.50142,3.29187,0.42336,0,0,18.483,0.42336,442.007,0,1.02816,0,0,1.355,0.326843,1.028160,1,0,16.3411,0,0,0,16.3411,0
63.0926,3.29611,0,0,1.46168,0.116643,0.36288,3.6288,54.9623,0.661705,0,0,0.503605,0.288466,0,0.66528,12.849,1,0.647515,0.36288,0,30.1201,5.74161,24.0938,0.84672,12.849,0.84672,3695.15,0,18.483,0.220728,0.442593,2.21493,2.89164,1.38325,3.94518,0.42336,0,0,18.483,0.42336,442.007,0,1.02816,0,0,1.47075,0.442593,1.028160,1,0,28.039,0,0,0,28.039,0
60.9462,3.17674,0,0,1.52393,0.130737,0.36288,3.6288,54.7203,0.59171,0,0,0.615704,0.265986,0,0.66528,12.849,1,0.646953,0.36288,0,23.2597,4.79608,18.1795,0.84672,12.849,0.84672,3695.15,0,18.483,0.198983,1.08087,2.21516,3.72865,1.15153,5.67418,0.42336,0,0,18.483,0.42336,442.007,0,1.02816,0,0,2.10903,1.08087,1.028160,1,0,23.8537,0,0,0,23.8537,0
59.1381,3.15825,0,0,1.84149,0.128448,0.36288,3.6288,54.6376,0.591193,0,0,0.774109,0.265563,0,0.66528,12.849,1,0.665839,0.36288,0,25.0524,4.79608,19.9533,0.84672,12.849,0.84672,3695.15,0,18.483,0.199689,1.3203,2.12181,4.17528,1.15153,6.26618,0.42336,0,0,18.483,0.42336,442.007,0,1.02816,0,0,2.34846,1.3203,1.028160,1,0,26.2195,0,0,0,26.2195,0
57.2937,3.14185,0,0,1.78666,0.126342,0.36288,3.6288,54.4084,0.591107,0,0,0.627337,0.265418,0,0.66528,12.849,1,0.682633,0.36288,0,26.9311,4.79608,21.8152,0.84672,12.849,0.84672,3695.15,0,18.483,0.199962,1.12027,2.12203,3.65862,1.15153,5.54943,0.42336,0,0,18.483,0.42336,442.007,0,1.02816,0,0,2.14843,1.12027,1.028160,1,0,27.3646,0,0,0,27.3646,0
55.1918,3.12422,0,0,1.53795,0.152739,0.36288,3.6288,54.2036,0.590618,0,0,0.630589,0.244808,0,0.66528,12.849,1,0.700655,0.36288,0,29.9231,4.46006,25.1253,0.84672,12.849,0.84672,3695.15,0,18.483,0.200638,1.06345,2.12224,3.77654,1.06434,5.69726,0.42336,0,0,18.483,0.42336,442.007,0,1.02816,0,0,2.09161,1.06345,1.028160,1,0,30.8225,0,0,0,30.8225,0
53.7321,3.02274,0,0,2.15313,0.227234,0.36288,3.6288,54.3474,0.527761,0,0,0.883554,0.211999,0,0.66528,12.849,1,0.703713,0.36288,0,55.224,4.57408,50.3091,0.84672,12.849,0.84672,3695.15,0,18.483,0.179962,1.29393,2.12246,8.23464,1.11643,10.3546,0.42336,0,0,18.483,0.42336,442.007,0,1.02816,0,0,2.32209,1.29393,1.028160,1,0,60.6637,0,0,0,60.6637,0
52.5472,3.00762,0,0,2.40418,0.218614,0.36288,3.6288,55.2516,0.52825,0,0,1.65127,0.21876,0,0.66528,12.849,1,0.719216,0.36288,0,60.0081,4.51794,55.1338,0.84672,12.849,0.84672,3695.15,0,18.483,0.179652,2.1035,2.03948,9.2454,1.14848,12.0602,0.42336,0,0,18.483,0.42336,442.007,0,1.02816,0,0,3.13166,2.1035,1.028160,1,0,67.1941,0,0,0,67.1941,0
51.0578,2.9949,0,0,2.10196,0.233513,0.36288,3.6288,56.1169,0.530587,0,0,1.62187,0.225981,0,0.66528,12.849,1,0.732323,0.36288,0,60.756,4.04406,56.3425,0.84672,12.849,0.84672,3695.15,0,18.483,0.177494,1.84772,2.03969,9.72943,1.04769,12.3917,0.42336,0,0,18.483,0.42336,442.007,0,1.02816,0,0,2.87588,1.84772,1.028160,1,0,68.7341,0,0,0,68.7341,0
51.4703,2.97814,0,0,3.9964,0.24288,0.36288,3.6288,57.1034,0.53278,0,0,1.75101,0.231727,0,0.66528,12.849,1,0.749466,0.36288,0,104.005,3.68865,99.9296,0.84672,12.849,0.84672,3695.15,0,18.483,0.17548,3.12137,2.0399,13.499,0.972094,17.5127,0.42336,0,0,18.483,0.42336,442.007,0,1.02816,0,0,4.14953,3.12137,1.028160,1,0,117.442,0,0,0,117.442,0
52.4526,2.75858,0,0,4.34469,0.240952,0.36288,3.6288,58.1833,0.403424,0,0,1.70603,0.222713,0,0.66528,12.849,1,0.688649,0.36288,0,85.24,4.19817,80.7161,0.84672,12.849,0.84672,3695.15,0,18.483,0.130579,2.60881,2.04011,8.7572,1.06675,12.2088,0.42336,0,0,18.483,0.42336,442.007,0,1.02816,0,0,3.63697,2.60881,1.028160,1,0,92.9248,0,0,0,92.9248,0
51.6643,2.76922,0,0,2.58498,0.241161,0.36288,3.6288,59.451,0.405386,0,0,1.88941,0.216339,0,0.66528,12.849,1,0.67836,0.36288,0,69.7304,4.58031,64.8346,0.84672,12.849,0.84672,3695.15,0,18.483,0.128778,3.72526,1.85294,9.86251,1.13775,14.1742,0.42336,0,0,18.483,0.42336,442.007,0,1.02816,0,0,4.75342,3.72526,1.028160,1,0,79.0088,0,0,0,79.0088,0
50.1337,2.76122,0,0,1.83268,0.239202,0.36288,3.6288,59.5384,0.407603,0,0,0.713117,0.218108,0,0.66528,12.849,1,0.68672,0.36288,0,58.6495,4.58031,53.7454,0.84672,12.849,0.84672,3695.15,0,18.483,0.126722,1.49407,1.85313,5.20346,1.13775,7.28619,0.42336,0,0,18.483,0.42336,442.007,0,1.02816,0,0,2.52223,1.49407,1.028160,1,0,61.0316,0,0,0,61.0316,0
48.671,2.74481,0,0,1.87312,0.228106,0.36288,3.6288,59.6689,0.407868,0,0,0.791229,0.252923,0,0.66528,12.849,1,0.703481,0.36288,0,52.3725,4.70976,47.3221,0.84672,12.849,0.84672,3695.15,0,18.483,0.126618,1.11415,1.85332,4.03816,1.23764,5.64137,0.42336,0,0,18.483,0.42336,442.007,0,1.02816,0,0,2.14231,1.11415,1.028160,1,0,52.9635,0,0,0,52.9635,0
48.0626,2.72837,0,0,2.70312,0.220275,0.36288,3.6288,60.1955,0.408202,0,0,1.18785,0.25299,0,0.66528,12.849,1,0.720281,0.36288,0,92.1989,4.60564,87.2359,0.84672,12.849,0.84672,3695.15,0,18.483,0.126444,1.45611,1.85351,7.14047,1.23196,9.09168,0.42336,0,0,18.483,0.42336,442.007,0,1.02816,0,0,2.48427,1.45611,1.028160,1,0,96.3275,0,0,0,96.3275,0
49.2365,2.8067,0,0,4.55388,0.210376,0.36288,3.6288,61.308,0.44783,0,0,2.2172,0.169362,0.487534,0.66528,12.849,1,0.750339,0.36288,0,114.85,3.67028,110.792,0.84672,12.849,0.84672,3695.15,0,18.483,0.137506,3.02743,1.8537,10.7329,0.958156,14.5183,0.42336,0,0,18.483,0.42336,442.007,0,1.02816,0,0,4.05559,3.02743,1.028160,1,0,125.798,0,0,0,125.798,0
49.5175,2.82115,0,0,3.67804,0.213069,0.36288,3.6288,61.308,0.449863,0,0,1.78824,0.170561,1.16781,0.66528,12.849,1,0.73622,0.36288,0,85.2803,3.67028,81.2366,0.84672,12.849,0.84672,3695.15,0,18.483,0.135624,2.43594,1.91317,8.23029,0.958156,11.4856,0.42336,0,0,18.483,0.42336,442.007,0,1.02816,0,0,3.4641,2.43594,1.028160,1,0,93.8901,0,0,0,93.8901,0
49.4601,2.82473,0,0,3.38121,0.251023,0.36288,3.6288,61.308,0.449979,0,0,1.93064,0.173405,1.30726,0.66528,12.849,1,0.732972,0.36288,0,70.2622,3.87014,66.022,0.84672,12.849,0.84672,3695.15,0,18.483,0.135659,2.11045,1.91335,7.66152,1.05718,10.4925,0.42336,0,0,18.483,0.42336,442.007,0,1.02816,0,0,3.13861,2.11045,1.028160,1,0,77.8217,0,0,0,77.8217,0
50.0414,2.82432,0,0,4.041,0.27249,0.36288,3.6288,61.308,0.450094,0,0,1.91558,0.1658,1.29969,0.66528,12.849,1,0.733716,0.36288,0,79.5908,3.65432,75.5657,0.84672,12.849,0.84672,3695.15,0,18.483,0.135693,2.51313,1.91353,8.11028,0.85961,11.5416,0.42336,0,0,18.483,0.42336,442.007,0,1.02816,0,0,3.54129,2.51313,1.028160,1,0,88.407,0,0,0,88.407,0
50.1649,3.10753,0,0,3.85002,0.256083,0.36288,3.6288,61.308,0.596032,0,0,1.88501,0.14855,1.14043,0.66528,12.849,1,0.797912,0.36288,0,116.686,3.62776,112.623,0.84672,12.849,0.84672,3695.15,0,18.483,0.17969,2.46361,1.91371,10.0381,0.917269,13.3185,0.42336,0,0,18.483,0.42336,442.007,0,1.02816,0,0,3.49177,2.46361,1.028160,1,0,127.082,0,0,0,127.082,0
49.4506,3.10938,0,0,3.00713,0.24917,0.36288,3.6288,61.308,0.596162,0,0,1.46576,0.14165,0.727947,0.66528,12.849,1,0.796422,0.36288,0,77.4783,3.61715,73.4276,0.84672,12.849,0.84672,3695.15,0,18.483,0.179729,0.951108,2.12556,10.2359,0.940332,12.1925,0.42336,0,0,18.483,0.42336,442.007,0,1.02816,0,0,1.97927,0.951108,1.028160,1,0,86.3481,0,0,0,86.3481,0
50.5999,3.10054,0,0,4.85575,0.243057,0.36288,3.6288,61.308,0.596291,0,0,2.53638,0.152715,1.78737,0.66528,12.849,1,0.805629,0.36288,0,123.123,3.87923,118.801,0.84672,12.849,0.84672,3695.15,0,18.483,0.179769,2.88223,2.12576,12.6846,1.02232,16.4905,0.42336,0,0,18.483,0.42336,442.007,0,1.02816,0,0,3.91039,2.88223,1.028160,1,0,137.079,0,0,0,137.079,0
52.0764,3.11542,0,0,5.19017,0.235316,0.36288,3.6288,61.308,0.596421,0,0,3.24767,0.180379,2.47087,0.66528,12.849,1,0.79111,0.36288,0,125.705,4.53442,120.742,0.84672,12.849,0.84672,3695.15,0,18.483,0.179808,4.79837,2.12596,15.8306,1.2273,21.3479,0.42336,0,0,18.483,0.42336,442.007,0,1.02816,0,0,5.82653,4.79837,1.028160,1,0,144.561,0,0,0,144.561,0
57.058,2.73649,0,0,8.34313,0.262219,0.36288,3.6288,61.308,0.400783,0,0,3.50621,0.173925,2.9315,0.66528,12.849,1,0.675184,0.36288,0,154.002,4.49723,149.192,0.84672,12.849,0.84672,3695.15,0,18.483,0.120827,4.44862,2.12615,18.3023,1.20031,23.5559,0.42336,0,0,18.483,0.42336,442.007,0,1.02816,0,0,5.47678,4.44862,1.028160,1,0,175.68,0,0,0,175.68,0
61.5926,2.78486,0,0,7.96789,0.285515,0.36288,3.6288,61.308,0.400894,0,0,2.65429,0.171343,2.08206,0.66528,12.849,1,0.627129,0.36288,0,161.768,4.48234,157.021,0.84672,12.849,0.84672,3695.15,0,18.483,0.120861,3.29744,1.8367,17.8774,1.18951,21.7011,0.42336,0,0,18.483,0.42336,442.007,0,1.02816,0,0,4.3256,3.29744,1.028160,1,0,180.804,0,0,0,180.804,0
66.347,2.82333,0,0,8.20722,0.26658,0.36288,3.6288,61.308,0.401005,0,0,2.40428,0.153294,1.84998,0.66528,12.849,1,0.588982,0.36288,0,177.387,4.22076,172.94,0.84672,12.849,0.84672,3695.15,0,18.483,0.120894,3.47021,1.83687,18.5884,1.15193,22.6227,0.42336,0,0,18.483,0.42336,442.007,0,1.02816,0,0,4.49837,3.47021,1.028160,1,0,197.413,0,0,0,197.413,0
70.1042,2.85896,0,0,7.25423,0.275215,0.36288,3.6288,61.308,0.401116,0,0,2.13748,0.136697,1.59966,0.66528,12.849,1,0.553675,0.36288,0,154.987,4.24272,150.553,0.84672,12.849,0.84672,3695.15,0,18.483,0.120928,3.03426,1.83704,16.3958,1.15169,19.9945,0.42336,0,0,18.483,0.42336,442.007,0,1.02816,0,0,4.06242,3.03426,1.028160,1,0,172.148,0,0,0,172.148,0
74.068,2.8843,0,0,7.51499,0.304055,0.36288,3.6288,61.308,0.401228,0,0,2.60168,0.149937,2.05051,0.66528,12.849,1,0.528647,0.36288,0,175.052,4.54151,170.345,0.84672,12.849,0.84672,3695.15,0,18.483,0.120961,2.88752,1.83721,16.7649,1.17839,20.1903,0.42336,0,0,18.483,0.42336,442.007,0,1.02816,0,0,3.91568,2.88752,1.028160,1,0,192.586,0,0,0,192.586,0
80.7724,3.01496,0,0,10.4705,0.388182,0.36288,3.6288,61.308,0.449253,0,0,3.09038,0.169035,2.47209,0.66528,12.849,1,0.523023,0.36288,0,250.775,4.59333,246.022,0.84672,12.849,0.84672,3695.15,0,18.483,0.13544,3.92832,1.83739,20.4096,1.15169,24.8882,0.42336,0,0,18.483,0.42336,442.007,0,1.02816,0,0,4.95648,3.92832,1.028160,1,0,273.382,0,0,0,273.382,0
83.3546,3.0527,0,0,6.41269,0.414974,0.36288,3.6288,61.308,0.449369,0,0,2.06544,0.169035,1.44704,0.66528,12.849,1,0.485613,0.36288,0,144.599,4.59333,139.883,0.84672,12.849,0.84672,3695.15,0,18.483,0.135475,2.50133,1.90911,14.1555,1.15169,17.2788,0.42336,0,0,18.483,0.42336,442.007,0,1.02816,0,0,3.52949,2.50133,1.028160,1,0,158.609,0,0,0,158.609,0
84.9073,3.06602,0,0,5.40696,0.425293,0.36288,3.6288,61.308,0.449485,0,0,1.80806,0.169035,1.18954,0.66528,12.849,1,0.472623,0.36288,0,110.343,4.59333,105.64,0.84672,12.849,0.84672,3695.15,0,18.483,0.13551,2.31015,1.90929,12.8974,1.15169,15.8296,0.42336,0,0,18.483,0.42336,442.007,0,1.02816,0,0,3.33831,2.31015,1.028160,1,0,122.659,0,0,0,122.659,0
85.8734,3.07381,0,0,4.83426,0.431498,0.36288,3.6288,61.308,0.449601,0,0,1.64983,0.169035,1.0312,0.66528,12.849,1,0.465159,0.36288,0,93.7829,4.59333,89.0873,0.84672,12.849,0.84672,3695.15,0,18.483,0.135545,2.07277,1.90947,11.7586,1.15169,14.4536,0.42336,0,0,18.483,0.42336,442.007,0,1.02816,0,0,3.10093,2.07277,1.028160,1,0,104.572,0,0,0,104.572,0
87.2272,3.03622,0,0,5.09266,0.339693,0.36288,3.6288,61.308,0.4311,0,0,1.36397,0.210812,0.722059,0.66528,12.849,1,0.454302,0.36288,0,108.211,3.7862,104.333,0.84672,12.849,0.84672,3695.15,0,18.483,0.129967,1.92,1.90964,10.3816,1.23271,12.8485,0.42336,0,0,18.483,0.42336,442.007,0,1.02816,0,0,2.94816,1.92,1.028160,1,0,117.904,0,0,0,117.904,0
88.3949,3.04265,0,0,4.91714,0.343914,0.36288,3.6288,61.308,0.431214,0,0,1.30476,0.210812,0.662735,0.66528,12.849,1,0.448198,0.36288,0,105.273,3.7862,101.402,0.84672,12.849,0.84672,3695.15,0,18.483,0.130002,1.65999,1.88196,9.74488,1.23271,11.9241,0.42336,0,0,18.483,0.42336,442.007,0,1.02816,0,0,2.68815,1.65999,1.028160,1,0,113.989,0,0,0,113.989,0
89.2387,3.04811,0,0,4.57373,0.318979,0.36288,3.6288,61.308,0.431328,0,0,1.28419,0.205977,0.646883,0.66528,12.849,1,0.44307,0.36288,0,97.0108,3.82666,93.1039,0.84672,12.849,0.84672,3695.15,0,18.483,0.130036,1.77584,1.88214,9.25379,1.2183,11.5634,0.42336,0,0,18.483,0.42336,442.007,0,1.02816,0,0,2.804,1.77584,1.028160,1,0,105.314,0,0,0,105.314,0
89.7553,3.05205,0,0,4.18091,0.249411,0.36288,3.6288,61.308,0.431442,0,0,1.19218,0.193892,0.566847,0.66528,12.849,1,0.439449,0.36288,0,89.6936,3.92784,85.6892,0.84672,12.849,0.84672,3695.15,0,18.483,0.13007,1.47626,1.88231,8.58306,1.18228,10.6293,0.42336,0,0,18.483,0.42336,442.007,0,1.02816,0,0,2.50442,1.47626,1.028160,1,0,96.8853,0,0,0,96.8853,0
89.7611,3.19945,0,0,3.83957,0.271409,0.36288,3.6288,61.308,0.4976,0,0,1.13747,0.206428,0.433445,0.66528,12.849,1,0.45802,0.36288,0,78.5143,4.2546,74.1645,0.84672,12.849,0.84672,3695.15,0,18.483,0.150015,1.27149,1.88249,7.25181,1.15362,9.10215,0.42336,0,0,18.483,0.42336,442.007,0,1.02816,0,0,2.29965,1.27149,1.028160,1,0,83.7001,0,0,0,83.7001,0
89.3483,3.19977,0,0,3.41057,0.260692,0.36288,3.6288,61.308,0.49772,0,0,0.858902,0.201944,0.159239,0.66528,12.849,1,0.458037,0.36288,0,64.7361,4.09293,60.548,0.84672,12.849,0.84672,3695.15,0,18.483,0.150052,1.13215,1.98011,6.02315,1.13503,7.85034,0.42336,0,0,18.483,0.42336,442.007,0,1.02816,0,0,2.16031,1.13215,1.028160,1,0,68.5576,0,0,0,68.5576,0
88.6496,3.19822,0,0,3.06038,0.197985,0.36288,3.6288,61.308,0.49784,0,0,0.834581,0.203886,0.132854,0.66528,12.849,1,0.45993,0.36288,0,56.6287,4.15779,52.3739,0.84672,12.849,0.84672,3695.15,0,18.483,0.150088,1.14174,1.9803,5.62963,1.09406,7.50752,0.42336,0,0,18.483,0.42336,442.007,0,1.02816,0,0,2.1699,1.14174,1.028160,1,0,60.0143,0,0,0,60.0143,0
87.9167,3.19536,0,0,3.02203,0.196755,0.36288,3.6288,61.308,0.497961,0,0,0.906492,0.203886,0.204644,0.66528,12.849,1,0.463139,0.36288,0,54.7627,4.15779,50.5046,0.84672,12.849,0.84672,3695.15,0,18.483,0.150124,1.09616,1.98048,6.17221,1.09406,8.00466,0.42336,0,0,18.483,0.42336,442.007,0,1.02816,0,0,2.12432,1.09616,1.028160,1,0,58.7139,0,0,0,58.7139,0
86.9888,3.19228,0,0,2.82085,0.193505,0.36288,3.6288,61.308,0.498081,0,0,0.820083,0.220591,0.101411,0.66528,12.849,1,0.466552,0.36288,0,49.8182,4.4874,45.2272,0.84672,12.849,0.84672,3695.15,0,18.483,0.15016,0.866471,1.98067,5.0171,1.12891,6.58517,0.42336,0,0,18.483,0.42336,442.007,0,1.02816,0,0,1.89463,0.866471,1.028160,1,0,51.9138,0,0,0,51.9138,0
85.9503,3.15969,0,0,2.63789,0.153825,0.36288,3.6288,61.2021,0.534517,0,0,0.720472,0.291826,0,0.66528,12.849,1,0.466714,0.36288,0,43.3789,5.34308,37.932,0.84672,12.849,0.84672,3695.15,0,18.483,0.161145,0.45284,1.98085,4.06055,1.31367,5.01943,0.42336,0,0,18.483,0.42336,442.007,0,1.02816,0,0,1.481,0.45284,1.028160,1,0,42.9515,0,0,0,42.9515,0
84.7969,3.15508,0,0,2.50377,0.139216,0.36288,3.6288,61.0647,0.534426,0,0,0.700367,0.303412,0,0.66528,12.849,1,0.471663,0.36288,0,40.2011,5.35573,34.7366,0.84672,12.849,0.84672,3695.15,0,18.483,0.161396,0.40125,2.01141,4.02562,1.35272,4.92416,0.42336,0,0,18.483,0.42336,442.007,0,1.02816,0,0,1.42941,0.40125,1.028160,1,0,39.6608,0,0,0,39.6608,0
83.4849,3.1498,0,0,2.33842,0.137743,0.36288,3.6288,60.8405,0.534271,0,0,0.613285,0.303148,0,0.66528,12.849,1,0.477279,0.36288,0,37.0182,5.35573,31.548,0.84672,12.849,0.84672,3695.15,0,18.483,0.161713,0.345609,2.0116,3.81574,1.35272,4.65851,0.42336,0,0,18.483,0.42336,442.007,0,1.02816,0,0,1.37377,0.345609,1.028160,1,0,36.2065,0,0,0,36.2065,0
82.0477,3.1436,0,0,2.2053,0.136068,0.36288,3.6288,60.5759,0.533938,0,0,0.571983,0.302718,0,0.66528,12.849,1,0.483825,0.36288,0,35.4472,5.35573,29.9705,0.84672,12.849,0.84672,3695.15,0,18.483,0.162207,0.267944,2.01179,3.61601,1.35272,4.38082,0.42336,0,0,18.483,0.42336,442.007,0,1.02816,0,0,1.2961,0.267944,1.028160,1,0,34.3513,0,0,0,34.3513,0
80.4679,3.20976,0,0,2.11341,0.120536,0.36288,3.6288,60.414,0.569677,0,0,0.708134,0.300341,0,0.66528,12.849,1,0.502662,0.36288,0,34.5591,5.24452,29.1748,0.84672,12.849,0.84672,3695.15,0,18.483,0.173821,0.261274,2.01198,4.05196,1.28608,4.86531,0.42336,0,0,18.483,0.42336,442.007,0,1.02311,0,0,1.28438,0.261274,1.028160,1,0,34.0401,0,0,0,34.0401,0
78.813,3.20155,0,0,2.01821,0.108725,0.36288,3.6288,60.1794,0.565577,0,0,0.652817,0.321833,0,0.66528,12.849,1,0.511219,0.36288,0,33.2869,5.6489,27.4897,0.84672,12.849,0.84672,3695.15,0,18.483,0.173032,0.523826,2.06059,3.50698,1.40407,4.51429,0.42336,0,0,18.483,0.42336,442.007,0,1.02816,0,0,1.55199,0.523826,1.028160,1,0,32.004,0,0,0,32.004,0
77.4378,3.19262,0,0,2.28733,0.106987,0.36288,3.6288,60.0702,0.565187,0,0,0.777364,0.321353,0,0.66528,12.849,1,0.520498,0.36288,0,36.7235,5.6489,30.917,0.84672,12.849,0.84672,3695.15,0,18.483,0.173587,0.491063,2.06078,4.03463,1.40407,5.00881,0.42336,0,0,18.483,0.42336,442.007,0,1.02816,0,0,1.51922,0.491063,1.028160,1,0,35.9258,0,0,0,35.9258,0
75.7914,3.18499,0,0,2.00705,0.105543,0.36288,3.6288,59.8196,0.565072,0,0,0.635567,0.32113,0,0.66528,12.849,1,0.528475,0.36288,0,37.7199,5.6489,31.9054,0.84672,12.849,0.84672,3695.15,0,18.483,0.173867,0.313839,2.06097,3.73391,1.40407,4.53078,0.42336,0,0,18.483,0.42336,442.007,0,1.02816,0,0,1.342,0.313839,1.028160,1,0,36.4362,0,0,0,36.4362,0
73.6253,3.38755,0,0,1.69111,0.106794,0.36288,3.6288,59.2462,0.808007,0,0,0.555911,0.321231,0,0.66528,12.849,1,0.574294,0.36288,0,26.8103,5.82309,20.7758,0.84672,12.849,0.84672,3695.15,0,18.483,0.249657,0.227405,2.06116,3.16011,1.44401,3.755,0.42336,0,0,18.483,0.42336,442.007,0,0.861754,0,0,1.08916,0.227405,1.028160,1,0,24.5308,0,0,0,24.5308,0
71.4453,3.37348,0,0,1.66471,0.108341,0.36288,3.6288,58.517,0.981062,0,0,0.572678,0.320871,0,0.66528,12.849,1,0.588735,0.36288,0,25.7368,6.05535,19.4556,0.84672,12.849,0.84672,3695.15,0,18.483,0.306061,0.227405,2.22539,3.18215,1.49727,3.83162,0.42336,0,0,18.483,0.42336,442.007,0,0.632474,0,0,0.859879,0.227405,1.028160,1,0,23.2872,0,0,0,23.2872,0
68.9832,3.35856,0,0,1.33737,0.0780714,0.36288,3.6288,57.4512,1.16063,0,0,0.414214,0.319372,0,0.66528,12.849,1,0.604017,0.36288,0,25.149,6.05535,18.8525,0.84672,12.849,0.84672,3695.15,0,18.483,0.366593,0.204422,2.2256,2.55455,1.49727,3.12071,0.42336,0,0,18.483,0.42336,442.007,0,0.392552,0,0,0.596975,0.204422,1.028160,1,0,21.9732,0,0,0,21.9732,0
66.8686,3.3407,0,0,1.66554,0.0766035,0.36288,3.6288,57.0891,0.752897,0,0,0.707963,0.317182,0,0.66528,12.849,1,0.622248,0.36288,0,22.9689,6.05535,16.6542,0.84672,12.849,0.84672,3695.15,0,18.483,0.24222,0.204422,2.22581,3.94981,1.49727,4.64055,0.42336,0,0,18.483,0.42336,442.007,0,0.924839,0,0,1.12926,0.204422,1.028160,1,0,21.2948,0,0,0,21.2948,0
64.3953,3.32451,0,0,1.29336,0.0792606,0.36288,3.6288,56.2307,1.05883,0,0,0.48059,0.280132,0,0.66528,12.849,1,0.638814,0.36288,0,18.5929,5.16041,13.1566,0.84672,12.849,0.84672,3695.15,0,18.483,0.342805,0.204422,2.22601,3.75832,1.12494,4.72102,0.42336,0,0,18.483,0.42336,442.007,0,0.518494,0,0,0.722917,0.204422,1.028160,1,0,17.8776,0,0,0,17.8776,0
62.2773,3.20354,0,0,1.50743,0.0590174,0.36288,3.6288,55.3592,1.06104,0,0,0.485072,0.295523,0,0.66528,12.849,1,0.639213,0.36288,0,23.5551,6.26031,17.0184,0.84672,12.849,0.84672,3695.15,0,18.483,0.348765,0.204422,2.22622,3.18199,1.40937,3.8545,0.42336,0,0,18.483,0.42336,442.007,0,0.418109,0,0,0.622532,0.204422,1.028160,1,0,20.8729,0,0,0,20.8729,0
60.9877,3.18582,0,0,2.31719,0.0580085,0.36288,3.6288,55.1654,0.719309,0,0,0.819314,0.293841,0,0.66528,12.849,1,0.657295,0.36288,0,43.7075,6.26031,37.1528,0.84672,12.849,0.84672,3695.15,0,18.483,0.240159,0.216518,2.13238,6.15148,1.40937,6.85085,0.42336,0,0,18.483,0.42336,442.007,0,0.868622,0,0,1.08514,0.216518,1.028160,1,0,44.0036,0,0,0,44.0036,0
59.3224,3.17463,0,0,1.9296,0.0573943,0.36288,3.6288,54.6332,0.889663,0,0,0.650977,0.293467,0,0.66528,12.849,1,0.668837,0.36288,0,64.8562,6.26031,58.29,0.84672,12.849,0.84672,3695.15,0,18.483,0.298079,0.216518,2.13258,4.33096,1.40937,4.97261,0.42336,0,0,18.483,0.42336,442.007,0,0.640518,0,0,0.857036,0.216518,1.028160,1,0,63.2626,0,0,0,63.2626,0
57.6076,3.1595,0,0,1.97732,0.169734,0.36288,3.6288,53.8397,1.03267,0,0,0.493607,0.254417,0,0.66528,12.849,1,0.684334,0.36288,0,40.892,6.16928,34.4013,0.84672,12.849,0.84672,3695.15,0,18.483,0.349363,0.216518,2.13278,3.1106,1.45023,3.6603,0.42336,0,0,18.483,0.42336,442.007,0,0.4464,0,0,0.662919,0.216518,1.028160,1,0,38.0616,0,0,0,38.0616,0
55.929,3.06194,0,0,1.88749,0.141294,0.36288,3.6288,53.4152,0.714473,0,0,0.511151,0.221211,0,0.66528,12.849,1,0.682945,0.36288,0,38.3406,4.69651,33.324,0.84672,12.849,0.84672,3695.15,0,18.483,0.245276,0.216518,2.13298,4.05365,1.11881,5.03907,0.42336,0,0,18.483,0.42336,442.007,0,0.784719,0,0,1.00124,0.216518,1.028160,1,0,38.3631,0,0,0,38.3631,0
54.6784,3.04555,0,0,2.34206,0.184276,0.36288,3.6288,53.2193,0.645676,0,0,0.590793,0.140983,0,0.66528,12.849,1,0.699678,0.36288,0,48.7613,3.34184,45.0827,0.84672,12.849,0.84672,3695.15,0,18.483,0.22342,0.216518,2.04957,4.99485,0.747995,6.28952,0.42336,0,0,18.483,0.42336,442.007,0,0.875534,0,0,1.09205,0.216518,1.028160,1,0,51.3722,0,0,0,51.3722,0
54.194,3.03288,0,0,3.0934,0.181983,0.36288,3.6288,53.2908,0.531904,0,0,0.744153,0.140763,0,0.66528,12.849,1,0.712703,0.36288,0,53.4083,3.34184,49.7167,0.84672,12.849,0.84672,3695.15,0,18.483,0.184729,0.295669,2.04976,6.01145,0.747995,7.42416,0.42336,0,0,18.483,0.42336,442.007,0,1.02816,0,0,1.32383,0.295669,1.028160,1,0,57.1408,0,0,0,57.1408,0
53.4985,3.02801,0,0,2.87646,0.181095,0.36288,3.6288,53.7374,0.540208,0,0,1.12761,0.140843,0,0.66528,12.849,1,0.717919,0.36288,0,95.2491,3.34184,91.5522,0.84672,12.849,0.84672,3695.15,0,18.483,0.187362,0.292723,2.04995,7.74982,0.747995,9.15714,0.42336,0,0,18.483,0.42336,442.007,0,1.01739,0,0,1.31011,0.292723,1.028160,1,0,100.709,0,0,0,100.709,0
52.2647,2.79327,0,0,2.12331,0.200974,0.36288,3.6288,54.0907,0.403041,0,0,0.918874,0.162532,0,0.66528,12.849,1,0.670873,0.36288,0,67.7871,3.59176,63.8874,0.84672,12.849,0.84672,3695.15,0,18.483,0.138626,0.297622,2.05014,6.98316,0.830437,8.36186,0.42336,0,0,18.483,0.42336,442.007,0,1.02816,0,0,1.32578,0.297622,1.028160,1,0,72.2492,0,0,0,72.2492,0
52.3572,2.78082,0,0,3.46255,0.226296,0.36288,3.6288,53.5993,0.646095,0,0,0.345924,0.191251,0,0.66528,12.849,1,0.683649,0.36288,0,55.4917,3.92501,51.2459,0.84672,12.849,0.84672,3695.15,0,18.483,0.220773,0.292723,1.86203,7.37001,0.940359,8.36363,0.42336,0,0,18.483,0.42336,442.007,0,0.703106,0,0,0.995829,0.292723,1.028160,1,0,59.6095,0,0,0,59.6095,0
51.8293,2.78205,0,0,2.84353,0.226513,0.36288,3.6288,53.0479,0.778979,0,0,0.418193,0.190571,0,0.66528,12.849,1,0.682743,0.36288,0,73.3372,3.92501,69.0923,0.84672,12.849,0.84672,3695.15,0,18.483,0.268621,0.412474,1.8622,5.62541,0.940359,6.69111,0.42336,0,0,18.483,0.42336,442.007,0,0.522521,0,0,0.934995,0.412474,1.028160,1,0,75.7834,0,0,0,75.7834,0
52.1468,2.77673,0,0,3.68233,0.225279,0.36288,3.6288,53.8368,0.402031,0,0,1.38068,0.189734,0,0.66528,12.849,1,0.68838,0.36288,0,102.609,3.92501,98.3581,0.84672,12.849,0.84672,3695.15,0,18.483,0.140076,1.27005,1.86238,8.36693,0.940359,10.4189,0.42336,0,0,18.483,0.42336,442.007,0,1.02816,0,0,2.29821,1.27005,1.028160,1,0,108.777,0,0,0,108.777,0
51.4742,2.78036,0,0,2.73238,0.261713,0.36288,3.6288,53.619,0.576061,0,0,0.545514,0.187241,0,0.66528,12.849,1,0.685081,0.36288,0,51.4998,4.55201,46.6256,0.84672,12.849,0.84672,3695.15,0,18.483,0.197771,0.412474,1.86255,4.67398,1.20395,5.54729,0.42336,0,0,18.483,0.42336,442.007,0,0.796582,0,0,1.20906,0.412474,1.028160,1,0,52.1729,0,0,0,52.1729,0
53.0709,2.86032,0,0,5.04407,0.224193,0.36288,3.6288,54.0268,0.441117,0,0,1.09973,0.250845,0,0.66528,12.849,1,0.713994,0.36288,0,94.2382,5.22931,88.6578,0.84672,12.849,0.84672,3695.15,0,18.483,0.152057,1.05828,1.86272,7.47633,1.5747,8.67058,0.42336,0,0,18.483,0.42336,442.007,0,1.02816,0,0,2.08644,1.05828,1.028160,1,0,97.3284,0,0,0,97.3284,0
56.0654,2.87786,0,0,6.46318,0.22792,0.36288,3.6288,55.1281,0.442073,0,0,1.79497,0.251595,0,0.66528,12.849,1,0.696758,0.36288,0,81.832,5.22931,76.2688,0.84672,12.849,0.84672,3695.15,0,18.483,0.151237,2.12088,1.92247,13.163,1.5747,15.4804,0.42336,0,0,18.483,0.42336,442.007,0,1.02816,0,0,3.14904,2.12088,1.028160,1,0,91.7492,0,0,0,91.7492,0
58.0444,2.90838,0,0,5.48516,0.234911,0.36288,3.6288,55.6022,0.444438,0,0,1.17199,0.253431,0,0.66528,12.849,1,0.666538,0.36288,0,90.6604,5.22931,85.1274,0.84672,12.849,0.84672,3695.15,0,18.483,0.149008,1.1703,1.92263,8.46271,1.5747,9.83193,0.42336,0,0,18.483,0.42336,442.007,0,1.02816,0,0,2.19846,1.1703,1.028160,1,0,94.9593,0,0,0,94.9593,0
60.0503,2.92723,0,0,5.53557,0.23953,0.36288,3.6288,56.4175,0.445494,0,0,1.51503,0.254221,0,0.66528,12.849,1,0.647986,0.36288,0,86.3603,5.22931,80.8458,0.84672,12.849,0.84672,3695.15,0,18.483,0.148089,1.68332,1.92279,8.32125,1.5747,10.2046,0.42336,0,0,18.483,0.42336,442.007,0,1.02816,0,0,2.71148,1.68332,1.028160,1,0,91.0504,0,0,0,91.0504,0
61.3793,3.23258,0,0,5.19399,0.269517,0.36288,3.6288,57.0678,0.590848,0,0,1.48512,0.244042,0,0.66528,12.849,1,0.691678,0.36288,0,75.6104,4.48079,70.8008,0.84672,12.849,0.84672,3695.15,0,18.483,0.193568,3.08095,1.92295,7.29096,1.2234,10.8779,0.42336,0,0,18.483,0.42336,442.007,0,1.02816,0,0,4.10911,3.08095,1.028160,1,0,81.6787,0,0,0,81.6787,0
62.3612,3.24524,0,0,4.85898,0.268959,0.36288,3.6288,57.5416,0.592629,0,0,1.31102,0.244556,0,0.66528,12.849,1,0.679351,0.36288,0,64.0225,4.29261,59.4134,0.84672,12.849,0.84672,3695.15,0,18.483,0.19194,3.22778,2.1358,8.73176,1.0658,12.8376,0.42336,0,0,18.483,0.42336,442.007,0,1.02816,0,0,4.25594,3.22778,1.028160,1,0,72.251,0,0,0,72.251,0
64.4225,3.25438,0,0,5.94967,0.271144,0.36288,3.6288,58.0943,0.593941,0,0,1.39194,0.245309,0,0.66528,12.849,1,0.670538,0.36288,0,86.61,4.29261,82.0097,0.84672,12.849,0.84672,3695.15,0,18.483,0.19078,3.20132,2.13598,8.76718,1.0658,12.8479,0.42336,0,0,18.483,0.42336,442.007,0,1.02816,0,0,4.22948,3.20132,1.028160,1,0,94.8576,0,0,0,94.8576,0
66.425,3.27254,0,0,5.91366,0.27573,0.36288,3.6288,58.5983,0.595433,0,0,1.34563,0.246187,0,0.66528,12.849,1,0.652706,0.36288,0,119.54,4.29261,114.957,0.84672,12.849,0.84672,3695.15,0,18.483,0.18944,2.96715,2.13616,8.8509,1.0658,12.699,0.42336,0,0,18.483,0.42336,442.007,0,1.02816,0,0,3.99531,2.96715,1.028160,1,0,127.656,0,0,0,127.656,0
67.6978,2.87237,0,0,4.80853,0.300514,0.36288,3.6288,59.5544,0.402168,0,0,1.55279,0.194559,0,0.66528,12.849,1,0.55562,0.36288,0,66.2712,3.23421,62.8443,0.84672,12.849,0.84672,3695.15,0,18.483,0.126851,2.5226,2.13634,9.21517,0.789569,12.9577,0.42336,0,0,18.483,0.42336,442.007,0,1.02816,0,0,3.55076,2.5226,1.028160,1,0,75.802,0,0,0,75.802,0
68.9553,2.88139,0,0,4.82078,0.318952,0.36288,3.6288,61.308,0.403822,0,0,2.55568,0.156192,0.242034,0.66528,12.849,1,0.546886,0.36288,0,69.4449,2.44041,66.8204,0.84672,12.849,0.84672,3695.15,0,18.483,0.125328,3.09458,1.84548,9.13663,0.582392,13.369,0.42336,0,0,18.483,0.42336,442.007,0,1.02816,0,0,4.12274,3.09458,1.028160,1,0,80.4314,0,0,0,80.4314,0
74.2706,2.89004,0,0,8.8903,0.322105,0.36288,3.6288,61.308,0.406677,0,0,4.14456,0.157943,3.57994,0.66528,12.849,1,0.538524,0.36288,0,133.917,2.44041,131.3,0.84672,12.849,0.84672,3695.15,0,18.483,0.122604,6.07469,1.84564,18.7021,0.582392,25.9175,0.42336,0,0,18.483,0.42336,442.007,0,1.02816,0,0,7.10285,6.07469,1.028160,1,0,160.798,0,0,0,160.798,0
79.0431,2.92314,0,0,8.48667,0.428129,0.36288,3.6288,61.308,0.406778,0,0,4.56115,0.168619,3.98575,0.66528,12.849,1,0.50571,0.36288,0,164.589,3.08626,161.359,0.84672,12.849,0.84672,3695.15,0,18.483,0.122634,7.14735,1.84579,28.7285,0.690293,36.9087,0.42336,0,0,18.483,0.42336,442.007,0,1.02816,0,0,8.17551,7.14735,1.028160,1,0,202.254,0,0,0,202.254,0
82.5856,2.94965,0,0,7.28553,0.430503,0.36288,3.6288,61.308,0.406878,0,0,3.81163,0.165977,3.23878,0.66528,12.849,1,0.479486,0.36288,0,138.408,3.47082,134.82,0.84672,12.849,0.84672,3695.15,0,18.483,0.122665,4.2006,1.84595,15.8845,0.732581,21.0758,0.42336,0,0,18.483,0.42336,442.007,0,1.02816,0,0,5.22876,4.2006,1.028160,1,0,159.135,0,0,0,159.135,0
91.9211,3.07613,0,0,13.2678,0.493261,0.36288,3.6288,61.308,0.45512,0,0,4.41125,0.134575,3.82155,0.66528,12.849,1,0.478597,0.36288,0,136.103,2.85537,133.132,0.84672,12.849,0.84672,3695.15,0,18.483,0.137208,3.59544,1.8461,21.0772,0.467082,25.9144,0.42336,0,0,18.483,0.42336,442.007,0,1.02816,0,0,4.6236,3.59544,1.028160,1,0,162.868,0,0,0,162.868,0
97.506,3.11904,0,0,11.0548,0.536845,1.81401,3.6288,61.308,0.455224,0,0,4.45111,0.134575,3.86131,0.66528,12.849,1,0.435988,1.81401,0,167.521,2.85537,166.044,0.84672,12.849,0.84672,3695.15,0,18.483,0.13724,4.46587,1.91815,23.3629,0.467082,29.1426,0.42336,0,0,18.483,0.42336,442.007,0,1.02816,0,0,5.49403,4.46587,1.028160,1,0,199.048,0,0,0,199.048,0
97.506,3.14137,0,0,7.89402,0.548007,4.20465,3.6288,61.308,0.455328,0,0,2.96184,0.110874,2.39563,0.66528,12.849,1,0.413958,4.20465,0,134.748,2.20787,136.331,0.84672,12.849,0.84672,3695.15,0,18.483,0.137271,2.98058,1.91831,15.4119,0.376497,19.797,0.42336,0,0,18.483,0.42336,442.007,0,1.02816,0,0,4.00874,2.98058,1.028160,1,0,158.523,0,0,0,158.523,0
97.506,3.14163,0,0,7.24334,0.449526,3.65219,3.6288,61.308,0.455433,0,0,2.52615,0.12861,1.94211,0.66528,12.849,1,0.413993,3.65219,0,111.286,1.98157,112.542,0.84672,12.849,0.84672,3695.15,0,18.483,0.137303,2.6342,1.91847,13.1209,0.43394,17.1023,0.42336,0,0,18.483,0.42336,442.007,0,1.02816,0,0,3.66236,2.6342,1.028160,1,0,131.587,0,0,0,131.587,0
97.506,3.09859,0,0,6.98147,0.394829,3.48805,3.6288,61.308,0.436834,0,0,1.54824,0.191136,0.920266,0.66528,12.849,1,0.408321,3.48805,0,108.673,3.95935,107.793,0.84672,12.849,0.84672,3695.15,0,18.483,0.131696,2.02084,1.91863,11.9804,0.768857,15.0193,0.42336,0,0,18.483,0.42336,442.007,0,1.02816,0,0,3.049,2.02084,1.028160,1,0,123.733,0,0,0,123.733,0
97.506,3.09885,0,0,6.54549,0.390952,3.05569,3.6288,61.308,0.436936,0,0,1.35473,0.198268,0.71953,0.66528,12.849,1,0.408356,3.05569,0,96.7265,4.24651,95.1273,0.84672,12.849,0.84672,3695.15,0,18.483,0.131727,1.96762,1.8908,11.1041,0.812795,14.018,0.42336,0,0,18.483,0.42336,442.007,0,1.02816,0,0,2.99578,1.96762,1.028160,1,0,109.865,0,0,0,109.865,0
97.506,3.09911,0,0,6.05904,0.390952,2.56898,3.6288,61.308,0.437039,0,0,1.25564,0.198268,0.620335,0.66528,12.849,1,0.40839,2.56898,0,95.2949,4.24651,93.209,0.84672,12.849,0.84672,3695.15,0,18.483,0.131758,1.83439,1.89096,10.7679,0.812795,13.5487,0.42336,0,0,18.483,0.42336,442.007,0,1.02816,0,0,2.86255,1.83439,1.028160,1,0,107.378,0,0,0,107.378,0
97.506,3.09937,0,0,5.49122,0.390952,2.0009,3.6288,61.308,0.437142,0,0,1.08965,0.198268,0.454241,0.66528,12.849,1,0.408424,2.0009,0,85.6941,4.24651,83.0401,0.84672,12.849,0.84672,3695.15,0,18.483,0.131789,1.56707,1.89111,9.69486,0.812795,12.2085,0.42336,0,0,18.483,0.42336,442.007,0,1.02816,0,0,2.59523,1.56707,1.028160,1,0,95.7028,0,0,0,95.7028,0
97.506,3.24667,0,0,5.00468,0.319497,1.43851,3.6288,61.308,0.503596,0,0,0.935669,0.206466,0.225607,0.66528,12.849,1,0.427835,1.43851,0,72.328,4.18887,69.1498,0.84672,12.849,0.84672,3695.15,0,18.483,0.151823,1.56348,1.89127,8.8376,0.872989,11.2675,0.42336,0,0,18.483,0.42336,442.007,0,1.02816,0,0,2.59164,1.56348,1.028160,1,0,80.643,0,0,0,80.643,0
97.506,3.24694,0,0,4.97948,0.263616,1.46893,3.6288,61.308,0.503705,0,0,0.903061,0.210683,0.188674,0.66528,12.849,1,0.42787,1.46893,0,60.3901,4.03053,57.4007,0.84672,12.849,0.84672,3695.15,0,18.483,0.151856,1.60319,1.98934,8.00772,0.993423,10.455,0.42336,0,0,18.483,0.42336,442.007,0,1.02816,0,0,2.63135,1.60319,1.028160,1,0,68.0443,0,0,0,68.0443,0
97.506,3.24721,0,0,4.52685,0.263616,1.01602,3.6288,61.308,0.503813,0,0,0.867482,0.210683,0.152986,0.66528,12.849,1,0.427906,1.01602,0,57.8327,4.03053,54.3903,0.84672,12.849,0.84672,3695.15,0,18.483,0.151888,1.02903,1.9895,7.73548,0.993423,9.6087,0.42336,0,0,18.483,0.42336,442.007,0,1.02816,0,0,2.05719,1.02903,1.028160,1,0,64.152,0,0,0,64.152,0
97.506,3.24748,0,0,4.00899,0.263616,0.497885,3.6288,61.308,0.503922,0,0,0.778058,0.210683,0.063453,0.66528,12.849,1,0.427942,0.497885,0,49.8713,4.03053,45.9107,0.84672,12.849,0.84672,3695.15,0,18.483,0.151921,0.789886,1.98967,7.28257,0.993423,8.91678,0.42336,0,0,18.483,0.42336,442.007,0,1.02816,0,0,1.81805,0.789886,1.028160,1,0,54.8909,0,0,0,54.8909,0
97.3384,3.24776,0,0,3.68133,0.238273,0.36288,3.6288,61.308,0.50403,0,0,0.7797,0.219179,0.05649,0.66528,12.849,1,0.427978,0.36288,0,46.5888,4.27563,42.2481,0.84672,12.849,0.84672,3695.15,0,18.483,0.151954,0.975741,1.98984,7.05421,1.04901,8.81883,0.42336,0,0,18.483,0.42336,442.007,0,1.02816,0,0,2.0039,0.975741,1.028160,1,0,51.1234,0,0,0,51.1234,0
97.1959,3.21829,0,0,3.61634,0.177709,0.36288,3.6288,61.308,0.540622,0,0,0.809188,0.215423,0.053143,0.66528,12.849,1,0.424826,0.36288,0,54.7602,4.69396,50.0043,0.84672,12.849,0.84672,3695.15,0,18.483,0.162985,1.049,1.99,6.90708,1.13004,8.65305,0.42336,0,0,18.483,0.42336,442.007,0,1.02816,0,0,2.07716,1.049,1.028160,1,0,58.7105,0,0,0,58.7105,0
96.8111,3.21801,0,0,3.33564,0.139507,0.36288,3.6288,61.308,0.540733,0,0,0.803166,0.223725,0.0387075,0.66528,12.849,1,0.425412,0.36288,0,50.1162,4.75808,45.2956,0.84672,12.849,0.84672,3695.15,0,18.483,0.163019,0.945009,2.02068,6.60986,1.14908,8.26345,0.42336,0,0,18.483,0.42336,442.007,0,1.02816,0,0,1.97317,0.945009,1.028160,1,0,53.5978,0,0,0,53.5978,0
96.2113,3.21679,0,0,3.11885,0.138947,0.36288,3.6288,61.308,0.540845,0,0,0.805594,0.223725,0.0410238,0.66528,12.849,1,0.42694,0.36288,0,46.7426,4.75808,41.9204,0.84672,12.849,0.84672,3695.15,0,18.483,0.163053,1.04716,2.02085,6.18365,1.14908,7.93953,0.42336,0,0,18.483,0.42336,442.007,0,1.02816,0,0,2.07532,1.04716,1.028160,1,0,49.901,0,0,0,49.901,0
95.4811,3.21471,0,0,2.98256,0.135258,0.36288,3.6288,61.308,0.540956,0,0,0.778464,0.237438,6.97974e-05,0.66528,12.849,1,0.429324,0.36288,0,43.3507,4.93072,38.3535,0.84672,12.849,0.84672,3695.15,0,18.483,0.163086,0.988304,2.02102,5.98742,1.1905,7.64315,0.42336,0,0,18.483,0.42336,442.007,0,1.02816,0,0,2.01646,0.988304,1.028160,1,0,45.9967,0,0,0,45.9967,0
94.38,3.28705,0,0,2.66442,0.115557,0.36288,3.6288,61.0542,0.573593,0,0,0.606951,0.287153,0,0.66528,12.849,1,0.442342,0.36288,0,37.042,5.50583,31.4567,0.84672,12.849,0.84672,3695.15,0,18.483,0.172926,0.586958,2.02119,5.04087,1.41136,6.06474,0.42336,0,0,18.483,0.42336,442.007,0,1.02816,0,0,1.61512,0.586958,1.028160,1,0,37.5215,0,0,0,37.5215,0
92.91,3.28278,0,0,2.28565,0.109952,0.36288,3.6288,60.7247,0.573156,0,0,0.536509,0.292855,0,0.66528,12.849,1,0.446922,0.36288,0,33.9842,5.56321,28.337,0.84672,12.849,0.84672,3695.15,0,18.483,0.173512,0.332899,2.07001,4.52274,1.45828,5.29385,0.42336,0,0,18.483,0.42336,442.007,0,1.02816,0,0,1.36106,0.332899,1.028160,1,0,33.6308,0,0,0,33.6308,0
91.2777,3.27685,0,0,2.10792,0.10047,0.36288,3.6288,60.3846,0.572548,0,0,0.52729,0.294825,0,0.66528,12.849,1,0.453172,0.36288,0,32.0611,5.63799,26.3329,0.84672,12.849,0.84672,3695.15,0,18.483,0.174269,0.272765,2.07018,4.48158,1.47322,5.17703,0.42336,0,0,18.483,0.42336,442.007,0,1.02816,0,0,1.30092,0.272765,1.028160,1,0,31.5099,0,0,0,31.5099,0
89.2807,3.27002,0,0,1.71996,0.0841455,0.36288,3.6288,60.0445,0.57191,0,0,0.525023,0.293264,0,0.66528,12.849,1,0.460314,0.36288,0,30.3151,5.80022,24.4174,0.84672,12.849,0.84672,3695.15,0,18.483,0.175055,0.273275,2.07035,4.31033,1.41429,5.06461,0.42336,0,0,18.483,0.42336,442.007,0,1.02816,0,0,1.30143,0.273275,1.028160,1,0,29.482,0,0,0,29.482,0
86.8805,3.4791,0,0,1.53548,0.0936257,0.36288,3.6288,59.5677,0.66528,0,0,0.474411,0.28585,0,0.66528,12.849,1,0.500701,0.36288,0,28.9686,5.56696,23.2638,0.84672,12.849,0.84672,3695.15,0,18.483,0.234678,0.287531,2.07053,4.1917,1.38002,4.93506,0.42336,0,0,18.483,0.42336,442.007,0,1.02816,0,0,1.31569,0.287531,1.028160,1,0,28.1989,0,0,0,28.1989,0
84.349,3.46734,0,0,1.38531,0.0866451,0.36288,3.6288,59.0537,0.66528,0,0,0.435632,0.284373,0,0.66528,12.849,1,0.512794,0.36288,0,26.7449,5.27026,21.3248,0.84672,12.849,0.84672,3695.15,0,18.483,0.234839,0.385128,2.23548,4.00169,1.4429,4.94455,0.42336,0,0,18.483,0.42336,442.007,0,1.02816,0,0,1.41329,0.385128,1.028160,1,0,26.2693,0,0,0,26.2693,0
81.999,3.45427,0,0,1.55178,0.0846501,0.36288,3.6288,58.5519,0.66528,0,0,0.446882,0.283439,0,0.66528,12.849,1,0.526194,0.36288,0,26.5846,5.27026,21.151,0.84672,12.849,0.84672,3695.15,0,18.483,0.235001,0.424492,2.23567,4.28901,1.4429,5.27127,0.42336,0,0,18.483,0.42336,442.007,0,1.02816,0,0,1.45265,0.424492,1.028160,1,0,26.4223,0,0,0,26.4223,0
80.5648,3.44152,0,0,2.48352,0.113305,0.36288,3.6288,58.1575,0.66528,0,0,0.549215,0.27831,0,0.66528,12.849,1,0.539277,0.36288,0,44.1653,5.15153,38.8374,0.84672,12.849,0.84672,3695.15,0,18.483,0.235163,0.736672,2.23585,4.6754,1.42834,5.98442,0.42336,0,0,18.483,0.42336,442.007,0,1.02816,0,0,1.76483,0.736672,1.028160,1,0,44.8219,0,0,0,44.8219,0
79.7687,3.43353,0,0,3.11278,0.112498,0.36288,3.6288,57.893,0.66528,0,0,0.669746,0.268956,0,0.66528,12.849,1,0.547602,0.36288,0,52.6711,5.29161,47.1947,0.84672,12.849,0.84672,3695.15,0,18.483,0.235324,0.704307,2.23604,4.58546,1.41432,5.87616,0.42336,0,0,18.483,0.42336,442.007,0,1.02816,0,0,1.73247,0.704307,1.028160,1,0,53.0709,0,0,0,53.0709,0
78.2822,3.32448,0,0,2.40137,0.200426,0.36288,3.6288,57.4115,0.612431,0,0,0.428825,0.297944,0,0.66528,12.849,1,0.535502,0.36288,0,24.8839,5.2417,19.4696,0.84672,12.849,0.84672,3695.15,0,18.483,0.195526,0.930718,2.23623,4.6348,1.32827,6.27795,0.42336,0,0,18.483,0.42336,442.007,0,1.02816,0,0,1.95888,0.930718,1.028160,1,0,25.7475,0,0,0,25.7475,0
77.1681,3.31603,0,0,2.7846,0.219809,0.36288,3.6288,57.0547,0.611307,0,0,0.556475,0.301924,0,0.66528,12.849,1,0.544282,0.36288,0,26.1363,5.32308,20.6318,0.84672,12.849,0.84672,3695.15,0,18.483,0.196804,1.35442,2.14195,6.3917,1.37486,8.31639,0.42336,0,0,18.483,0.42336,442.007,0,1.02816,0,0,2.38258,1.35442,1.028160,1,0,28.9482,0,0,0,28.9482,0
75.9785,3.30957,0,0,2.70021,0.217392,0.36288,3.6288,56.6969,0.610494,0,0,0.553936,0.301226,0,0.66528,12.849,1,0.551065,0.36288,0,36.0712,5.32308,30.56,0.84672,12.849,0.84672,3695.15,0,18.483,0.197771,1.34038,2.14213,6.40863,1.37486,8.3185,0.42336,0,0,18.483,0.42336,442.007,0,1.02816,0,0,2.36854,1.34038,1.028160,1,0,38.8785,0,0,0,38.8785,0
75.1281,3.30247,0,0,3.02975,0.214812,0.36288,3.6288,56.5754,0.609669,0,0,0.788622,0.300526,0,0.66528,12.849,1,0.558492,0.36288,0,84.6083,5.32308,79.0896,0.84672,12.849,0.84672,3695.15,0,18.483,0.19875,1.88425,2.1423,8.87026,1.37486,11.3232,0.42336,0,0,18.483,0.42336,442.007,0,1.02816,0,0,2.91241,1.88425,1.028160,1,0,90.4128,0,0,0,90.4128,0
75.0624,3.21217,0,0,3.78481,0.275398,0.36288,3.6288,56.9417,0.545765,0,0,1.17717,0.265046,0,0.66528,12.849,1,0.54937,0.36288,0,132.581,4.60998,127.784,0.84672,12.849,0.84672,3695.15,0,18.483,0.1783,2.40169,2.14248,10.029,1.18807,13.2068,0.42336,0,0,18.483,0.42336,442.007,0,1.02816,0,0,3.42985,2.40169,1.028160,1,0,140.991,0,0,0,140.991,0
75.8181,3.21202,0,0,4.65259,0.322005,0.36288,3.6288,57.9333,0.546742,0,0,1.7775,0.239184,0,0.66528,12.849,1,0.549826,0.36288,0,161.628,4.07516,157.366,0.84672,12.849,0.84672,3695.15,0,18.483,0.17747,3.7032,2.05868,15.9495,1.04798,20.486,0.42336,0,0,18.483,0.42336,442.007,0,1.02816,0,0,4.73136,3.7032,1.028160,1,0,177.852,0,0,0,177.852,0
76.4692,3.21698,0,0,4.55542,0.324485,0.36288,3.6288,58.9226,0.549156,0,0,1.77916,0.240726,0,0.66528,12.849,1,0.545186,0.36288,0,154.762,4.07516,150.505,0.84672,12.849,0.84672,3695.15,0,18.483,0.175202,3.72381,2.05885,14.6138,1.04798,19.1733,0.42336,0,0,18.483,0.42336,442.007,0,1.02816,0,0,4.75197,3.72381,1.028160,1,0,169.678,0,0,0,169.678,0
75.8575,3.22122,0,0,3.28764,0.315283,0.36288,3.6288,59.5608,0.551507,0,0,1.44996,0.260208,0,0.66528,12.849,1,0.541257,0.36288,0,120.238,4.53654,115.523,0.84672,12.849,0.84672,3695.15,0,18.483,0.172998,2.95366,2.05903,12.0067,1.17424,15.6721,0.42336,0,0,18.483,0.42336,442.007,0,1.02816,0,0,3.98182,2.95366,1.028160,1,0,131.195,0,0,0,131.195,0
79.0925,2.97543,0,0,6.89411,0.320732,0.36288,3.6288,60.7934,0.418667,0,0,1.93805,0.286759,0,0.66528,12.849,1,0.503988,0.36288,0,207.076,4.86984,202.065,0.84672,12.849,0.84672,3695.15,0,18.483,0.129921,4.04462,2.0592,17.2173,1.22024,21.9709,0.42336,0,0,18.483,0.42336,442.007,0,1.02816,0,0,5.07278,4.04462,1.028160,1,0,224.036,0,0,0,224.036,0
80.9337,2.99341,0,0,5.57601,0.378523,0.36288,3.6288,61.308,0.420788,0,0,1.83857,0.24716,0.656046,0.66528,12.849,1,0.486295,0.36288,0,148.811,4.39782,144.29,0.84672,12.849,0.84672,3695.15,0,18.483,0.127932,6.29453,1.87024,18.7234,1.09914,25.6611,0.42336,0,0,18.483,0.42336,442.007,0,1.02816,0,0,7.32269,6.29453,1.028160,1,0,170.607,0,0,0,170.607,0
83.3731,3.00321,0,0,6.19077,0.385345,0.36288,3.6288,61.308,0.421715,0,0,1.50923,0.247966,0.839546,0.66528,12.849,1,0.476788,0.36288,0,166.617,4.39782,162.105,0.84672,12.849,0.84672,3695.15,0,18.483,0.127138,3.44307,1.87039,14.3207,1.09914,18.4079,0.42336,0,0,18.483,0.42336,442.007,0,1.02816,0,0,4.47123,3.44307,1.028160,1,0,181.353,0,0,0,181.353,0
88.0349,3.01555,0,0,8.43463,0.394384,0.36288,3.6288,61.308,0.421816,0,0,3.7524,0.247966,3.08261,0.66528,12.849,1,0.46474,0.36288,0,228.056,4.39782,223.557,0.84672,12.849,0.84672,3695.15,0,18.483,0.127168,4.21037,1.87055,16.497,1.09914,21.3516,0.42336,0,0,18.483,0.42336,442.007,0,1.02816,0,0,5.23853,4.21037,1.028160,1,0,247.991,0,0,0,247.991,0
90.1383,3.03728,0,0,5.90997,0.406428,0.36288,3.6288,61.308,0.421918,0,0,3.63848,0.24216,2.9744,0.66528,12.849,1,0.443302,0.36288,0,157.814,4.33659,153.397,0.84672,12.849,0.84672,3695.15,0,18.483,0.127199,4.8799,1.87071,17.5773,1.05501,23.1457,0.42336,0,0,18.483,0.42336,442.007,0,1.02816,0,0,5.90806,4.8799,1.028160,1,0,179.517,0,0,0,179.517,0
89.0745,3.14201,0,0,2.88629,0.44514,0.36288,3.6288,61.308,0.461202,0,0,0.992367,0.178297,0.352868,0.66528,12.849,1,0.447887,0.36288,0,90.4271,3.62064,86.7215,0.84672,12.849,0.84672,3695.15,0,18.483,0.139042,1.21649,1.87086,4.91117,0.937941,6.92154,0.42336,0,0,18.483,0.42336,442.007,0,1.02816,0,0,2.24465,1.21649,1.028160,1,0,93.9959,0,0,0,93.9959,0
90.9332,3.13757,0,0,5.81052,0.451356,0.36288,3.6288,61.308,0.461295,0,0,1.24188,0.173459,0.607125,0.66528,12.849,1,0.452595,0.36288,0,97.0644,3.56255,93.4121,0.84672,12.849,0.84672,3695.15,0,18.483,0.13907,1.61109,1.93085,5.06225,0.962557,7.50257,0.42336,0,0,18.483,0.42336,442.007,0,1.02816,0,0,2.63925,1.61109,1.028160,1,0,101.522,0,0,0,101.522,0
94.9504,3.14591,0,0,7.92708,0.401141,0.36288,3.6288,61.308,0.461388,0,0,1.55888,0.159518,0.937974,0.66528,12.849,1,0.444522,0.36288,0,135.643,3.40402,132.157,0.84672,12.849,0.84672,3695.15,0,18.483,0.139098,2.00799,1.931,9.01516,0.948724,11.8663,0.42336,0,0,18.483,0.42336,442.007,0,1.02816,0,0,3.03615,2.00799,1.028160,1,0,144.961,0,0,0,144.961,0
97.506,3.16271,0,0,7.84941,0.37048,1.76058,3.6288,61.308,0.461481,0,0,1.52264,0.149062,0.912101,0.66528,12.849,1,0.427989,1.76058,0,205.198,3.28514,203.246,0.84672,12.849,0.84672,3695.15,0,18.483,0.139126,2.18445,1.93114,8.8918,0.938349,11.9299,0.42336,0,0,18.483,0.42336,442.007,0,1.02816,0,0,3.21261,2.18445,1.028160,1,0,216.088,0,0,0,216.088,0
96.9874,3.48233,0,0,3.75284,0.426263,0.36288,3.6288,61.308,0.608732,0,0,1.77093,0.140859,1.02134,0.66528,12.849,1,0.45889,0.36288,0,129,3.28576,125.618,0.84672,12.849,0.84672,3695.15,0,18.483,0.183519,1.91159,1.93128,8.09194,0.92993,10.8214,0.42336,0,0,18.483,0.42336,442.007,0,1.02816,0,0,2.93975,1.91159,1.028160,1,0,137.461,0,0,0,137.461,0
95.2253,3.48043,0,0,2.56912,0.487837,0.36288,3.6288,61.308,0.608836,0,0,1.18376,0.12992,0.445001,0.66528,12.849,1,0.461091,0.36288,0,61.6594,3.2866,58.2745,0.84672,12.849,0.84672,3695.15,0,18.483,0.183551,0.991008,2.14504,4.82921,0.918705,6.86299,0.42336,0,0,18.483,0.42336,442.007,0,1.02816,0,0,2.01917,0.991008,1.028160,1,0,65.5825,0,0,0,65.5825,0
94.405,3.47317,0,0,3.49639,0.480677,0.36288,3.6288,61.308,0.60894,0,0,1.15495,0.12992,0.416091,0.66528,12.849,1,0.468643,0.36288,0,89.1795,3.2866,85.7871,0.84672,12.849,0.84672,3695.15,0,18.483,0.183582,1.27207,2.1452,5.53757,0.918705,7.85255,0.42336,0,0,18.483,0.42336,442.007,0,1.02816,0,0,2.30023,1.27207,1.028160,1,0,94.0558,0,0,0,94.0558,0
92.9479,3.46984,0,0,2.85294,0.477344,0.36288,3.6288,61.308,0.609045,0,0,1.21767,0.12992,0.478705,0.66528,12.849,1,0.472263,0.36288,0,68.9944,3.2866,65.5984,0.84672,12.849,0.84672,3695.15,0,18.483,0.183613,0.906172,2.14535,5.03796,0.918705,6.98717,0.42336,0,0,18.483,0.42336,442.007,0,1.02816,0,0,1.93433,0.906172,1.028160,1,0,73.0643,0,0,0,73.0643,0
93.8025,3.02456,0,0,4.74588,0.503769,0.36288,3.6288,61.308,0.411602,0,0,1.50734,0.170181,0.92556,0.66528,12.849,1,0.418112,0.36288,0,100.962,4.30323,96.6034,0.84672,12.849,0.84672,3695.15,0,18.483,0.124089,1.37514,2.14551,9.62233,1.15991,11.859,0.42336,0,0,18.483,0.42336,442.007,0,1.02816,0,0,2.4033,1.37514,1.028160,1,0,109.388,0,0,0,109.388,0
95.5713,3.02814,0,0,5.74743,0.587703,0.36288,3.6288,61.308,0.411692,0,0,1.37808,0.136213,0.830175,0.66528,12.849,1,0.414792,0.36288,0,100.815,4.21901,96.5441,0.84672,12.849,0.84672,3695.15,0,18.483,0.124116,1.85654,1.85339,10.1039,1.00926,12.6804,0.42336,0,0,18.483,0.42336,442.007,0,1.02816,0,0,2.8847,1.85654,1.028160,1,0,110.055,0,0,0,110.055,0
96.828,3.03513,0,0,5.25131,0.596597,0.36288,3.6288,61.308,0.411781,0,0,1.13733,0.136213,0.589332,0.66528,12.849,1,0.408056,0.36288,0,91.4121,4.21901,87.1479,0.84672,12.849,0.84672,3695.15,0,18.483,0.124143,1.22475,1.85353,8.5949,1.00926,10.5398,0.42336,0,0,18.483,0.42336,442.007,0,1.02816,0,0,2.25291,1.22475,1.028160,1,0,98.277,0,0,0,98.277,0
97.506,3.04003,0,0,5.68978,0.602917,1.36879,3.6288,61.308,0.411871,0,0,1.15128,0.136213,0.603196,0.66528,12.849,1,0.40341,1.36879,0,99.8361,4.21901,96.5824,0.84672,12.849,0.84672,3695.15,0,18.483,0.12417,1.16306,1.85366,8.58885,1.00926,10.4721,0.42336,0,0,18.483,0.42336,442.007,0,1.02816,0,0,2.19122,1.16306,1.028160,1,0,107.658,0,0,0,107.658,0
97.506,3.04274,0,0,4.86222,0.626907,1.19258,3.6288,61.308,0.41196,0,0,1.11443,0.152205,0.550266,0.66528,12.849,1,0.400961,1.19258,0,83.7467,3.75648,80.7818,0.84672,12.849,0.84672,3695.15,0,18.483,0.124197,0.926346,1.8538,7.55283,1.00851,9.20027,0.42336,0,0,18.483,0.42336,442.007,0,1.02816,0,0,1.95451,0.926346,1.028160,1,0,90.5323,0,0,0,90.5323,0
97.506,3.15415,0,0,6.64397,0.572226,2.9176,3.6288,61.308,0.460395,0,0,1.78757,0.18153,1.14565,0.66528,12.849,1,0.415642,2.9176,0,131.343,4.64205,129.203,0.84672,12.849,0.84672,3695.15,0,18.483,0.138799,2.69266,1.85394,11.8246,1.10545,15.127,0.42336,0,0,18.483,0.42336,442.007,0,1.02816,0,0,3.72082,2.69266,1.028160,1,0,145.475,0,0,0,145.475,0
97.506,3.15438,0,0,5.85622,0.572226,2.12961,3.6288,61.308,0.460488,0,0,1.74593,0.18153,1.10391,0.66528,12.849,1,0.415673,2.12961,0,114.338,4.64205,111.41,0.84672,12.849,0.84672,3695.15,0,18.483,0.138827,2.34305,1.92627,10.928,1.10545,13.953,0.42336,0,0,18.483,0.42336,442.007,0,1.02816,0,0,3.37121,2.34305,1.028160,1,0,126.467,0,0,0,126.467,0
97.506,3.15462,0,0,4.47639,0.572226,0.749551,3.6288,61.308,0.460581,0,0,1.32772,0.18153,0.685606,0.66528,12.849,1,0.415704,0.749551,0,85.3537,4.64205,81.0455,0.84672,12.849,0.84672,3695.15,0,18.483,0.138855,1.42565,1.92641,8.01066,1.10545,10.1184,0.42336,0,0,18.483,0.42336,442.007,0,1.02816,0,0,2.45381,1.42565,1.028160,1,0,91.8495,0,0,0,91.8495,0
97.4636,3.15485,0,0,3.99306,0.51769,0.36288,3.6288,61.308,0.460674,0,0,1.12031,0.196921,0.46272,0.66528,12.849,1,0.415735,0.36288,0,75.6717,4.80533,70.8135,0.84672,12.849,0.84672,3695.15,0,18.483,0.138883,1.20772,1.92656,7.07944,1.12008,8.95475,0.42336,0,0,18.483,0.42336,442.007,0,1.02816,0,0,2.23588,1.20772,1.028160,1,0,80.231,0,0,0,80.231,0
97.506,3.11144,0,0,4.10835,0.479118,0.475436,3.6288,61.308,0.441984,0,0,1.14194,0.211809,0.488147,0.66528,12.849,1,0.410193,0.475436,0,77.0005,4.23555,72.8302,0.84672,12.849,0.84672,3695.15,0,18.483,0.133248,1.13967,1.9267,6.87191,1.1574,8.64763,0.42336,0,0,18.483,0.42336,442.007,0,1.02816,0,0,2.16783,1.13967,1.028160,1,0,81.966,0,0,0,81.966,0
97.3447,3.11183,0,0,3.75335,0.439904,0.36288,3.6288,61.308,0.442076,0,0,1.16198,0.218508,0.501401,0.66528,12.849,1,0.410066,0.36288,0,73.046,3.92994,69.0689,0.84672,12.849,0.84672,3695.15,0,18.483,0.133276,0.968397,1.89874,6.52493,1.17671,8.08207,0.42336,0,0,18.483,0.42336,442.007,0,1.02816,0,0,1.99656,0.968397,1.028160,1,0,77.6524,0,0,0,77.6524,0
96.7701,3.11146,0,0,3.33907,0.439316,0.36288,3.6288,61.308,0.442168,0,0,1.03974,0.218508,0.379062,0.66528,12.849,1,0.410697,0.36288,0,62.6359,3.92994,58.6581,0.84672,12.849,0.84672,3695.15,0,18.483,0.133304,0.718641,1.89888,5.57908,1.17671,6.88658,0.42336,0,0,18.483,0.42336,442.007,0,1.02816,0,0,1.7468,0.718641,1.028160,1,0,65.9237,0,0,0,65.9237,0
95.944,3.10954,0,0,3.06132,0.415068,0.36288,3.6288,61.308,0.442259,0,0,0.940732,0.201442,0.297031,0.66528,12.849,1,0.41288,0.36288,0,57.4674,3.57606,53.8413,0.84672,12.849,0.84672,3695.15,0,18.483,0.133331,0.591935,1.89902,5.21376,1.08696,6.48442,0.42336,0,0,18.483,0.42336,442.007,0,1.02816,0,0,1.6201,0.591935,1.028160,1,0,60.6228,0,0,0,60.6228,0
94.7738,3.25401,0,0,2.82939,0.382696,0.36288,3.6288,61.308,0.508978,0,0,0.926113,0.183081,0.234054,0.66528,12.849,1,0.435783,0.36288,0,54.2853,3.38634,50.8261,0.84672,12.849,0.84672,3695.15,0,18.483,0.153446,0.492307,1.89916,4.69333,0.992538,5.93882,0.42336,0,0,18.483,0.42336,442.007,0,1.02816,0,0,1.52047,0.492307,1.028160,1,0,56.9989,0,0,0,56.9989,0
93.674,3.24951,0,0,2.83791,0.325268,0.36288,3.6288,61.308,0.509075,0,0,1.08835,0.205333,0.373947,0.66528,12.849,1,0.440554,0.36288,0,54.8,4.24278,50.4795,0.84672,12.849,0.84672,3695.15,0,18.483,0.153475,0.723056,1.99761,5.05812,1.08608,6.53923,0.42336,0,0,18.483,0.42336,442.007,0,1.02816,0,0,1.75122,0.723056,1.028160,1,0,57.3927,0,0,0,57.3927,0
92.5177,3.2452,0,0,2.64213,0.190419,0.36288,3.6288,61.308,0.509171,0,0,0.963274,0.233494,0.220608,0.66528,12.849,1,0.445135,0.36288,0,53.4055,4.62063,48.7026,0.84672,12.849,0.84672,3695.15,0,18.483,0.153504,0.607029,1.99776,4.71974,1.1621,6.00893,0.42336,0,0,18.483,0.42336,442.007,0,1.02816,0,0,1.63519,0.607029,1.028160,1,0,54.9321,0,0,0,54.9321,0
91.1286,3.24056,0,0,2.40291,0.188533,0.36288,3.6288,61.308,0.509268,0,0,0.777885,0.233494,0.035123,0.66528,12.849,1,0.450054,0.36288,0,48.6145,4.62063,43.9067,0.84672,12.849,0.84672,3695.15,0,18.483,0.153533,0.35583,1.99791,4.21962,1.1621,5.25773,0.42336,0,0,18.483,0.42336,442.007,0,1.02816,0,0,1.38399,0.35583,1.028160,1,0,49.1996,0,0,0,49.1996,0
89.6777,3.23479,0,0,2.34255,0.195745,0.36288,3.6288,61.1768,0.521221,0,0,0.63606,0.246017,0,0.66528,12.849,1,0.4561,0.36288,0,44.0685,4.83921,39.1361,0.84672,12.849,0.84672,3695.15,0,18.483,0.157137,0.30119,1.99806,4.04697,1.20533,4.98375,0.42336,0,0,18.483,0.42336,442.007,0,1.01273,0,0,1.31392,0.30119,1.028160,1,0,44.1198,0,0,0,44.1198,0
88.3456,3.19966,0,0,2.42395,0.193522,0.36288,3.6288,61.0922,0.545823,0,0,0.736387,0.275214,0,0.66528,12.849,1,0.458446,0.36288,0,35.0627,5.21325,29.7539,0.84672,12.849,0.84672,3695.15,0,18.483,0.164906,0.663733,1.99821,3.33723,1.28855,4.54572,0.42336,0,0,18.483,0.42336,442.007,0,1.02816,0,0,1.69189,0.663733,1.028160,1,0,34.2996,0,0,0,34.2996,0
86.8909,3.19386,0,0,2.2932,0.191235,0.36288,3.6288,60.9702,0.545747,0,0,0.698846,0.275067,0,0.66528,12.849,1,0.464515,0.36288,0,35.1757,5.21325,29.8608,0.84672,12.849,0.84672,3695.15,0,18.483,0.165112,0.534997,2.02899,3.55212,1.28855,4.66245,0.42336,0,0,18.483,0.42336,442.007,0,1.02816,0,0,1.56316,0.534997,1.028160,1,0,34.5233,0,0,0,34.5233,0
85.2405,3.18732,0,0,2.08855,0.188738,0.36288,3.6288,60.838,0.545593,0,0,0.688202,0.274854,0,0.66528,12.849,1,0.471326,0.36288,0,34.3579,5.21325,29.0362,0.84672,12.849,0.84672,3695.15,0,18.483,0.165395,0.558732,2.02915,3.42637,1.28855,4.56031,0.42336,0,0,18.483,0.42336,442.007,0,1.02816,0,0,1.58689,0.558732,1.028160,1,0,33.5965,0,0,0,33.5965,0
83.3944,3.17963,0,0,1.88231,0.185906,0.36288,3.6288,60.6588,0.545416,0,0,0.640863,0.274624,0,0.66528,12.849,1,0.479291,0.36288,0,31.8446,5.21325,26.515,0.84672,12.849,0.84672,3695.15,0,18.483,0.165701,0.356676,2.0293,3.26235,1.28855,4.19408,0.42336,0,0,18.483,0.42336,442.007,0,1.02816,0,0,1.38484,0.356676,1.028160,1,0,30.709,0,0,0,30.709,0
81.3899,3.24467,0,0,1.76602,0.162941,0.36288,3.6288,60.3152,0.608133,0,0,0.57893,0.314384,0,0.66528,12.849,1,0.499922,0.36288,0,26.9722,5.61963,21.2155,0.84672,12.849,0.84672,3695.15,0,18.483,0.185301,0.261274,2.02945,2.9551,1.41577,3.64475,0.42336,0,0,18.483,0.42336,442.007,0,0.988477,0,0,1.24975,0.261274,1.028160,1,0,24.8603,0,0,0,24.8603,0
79.633,3.23427,0,0,1.97091,0.130646,0.36288,3.6288,60.125,0.577051,0,0,0.726934,0.340062,0,0.66528,12.849,1,0.510594,0.36288,0,31.5204,5.81028,25.5624,0.84672,12.849,0.84672,3695.15,0,18.483,0.176832,0.432959,2.07844,3.2118,1.49974,4.04663,0.42336,0,0,18.483,0.42336,442.007,0,1.02816,0,0,1.46112,0.432959,1.028160,1,0,29.609,0,0,0,29.609,0
77.752,3.22481,0,0,1.83515,0.128449,0.36288,3.6288,59.8393,0.576724,0,0,0.63066,0.339651,0,0.66528,12.849,1,0.520332,0.36288,0,26.689,5.81028,20.7213,0.84672,12.849,0.84672,3695.15,0,18.483,0.177291,0.551249,2.07859,3.24143,1.49974,4.19424,0.42336,0,0,18.483,0.42336,442.007,0,1.02816,0,0,1.57941,0.551249,1.028160,1,0,24.9156,0,0,0,24.9156,0
75.7455,3.21425,0,0,1.69672,0.126096,0.36288,3.6288,59.5089,0.576179,0,0,0.584853,0.339033,0,0.66528,12.849,1,0.531175,0.36288,0,25.5925,5.81028,19.6139,0.84672,12.849,0.84672,3695.15,0,18.483,0.177969,0.359044,2.07875,2.81839,1.49974,3.57847,0.42336,0,0,18.483,0.42336,442.007,0,1.02816,0,0,1.3872,0.359044,1.028160,1,0,23.1924,0,0,0,23.1924,0
73.4748,3.41634,0,0,1.63679,0.128265,0.36288,3.6288,59.1257,0.66528,0,0,0.620111,0.338091,0,0.66528,12.849,1,0.579526,0.36288,0,22.8903,5.85678,16.8169,0.84672,12.849,0.84672,3695.15,0,18.483,0.24246,0.451596,2.0789,3.15523,1.50717,3.9361,0.42336,0,0,18.483,0.42336,442.007,0,1.02816,0,0,1.47976,0.451596,1.028160,1,0,20.753,0,0,0,20.753,0
70.5845,3.40135,0,0,1.02666,0.152742,0.36288,3.6288,58.2455,0.954373,0,0,0.41009,0.335904,0,0.66528,12.849,1,0.594814,0.36288,0,14.5663,6.13578,8.19855,0.84672,12.849,0.84672,3695.15,0,18.483,0.298342,0.227405,2.2445,2.0951,1.55174,2.71692,0.42336,0,0,18.483,0.42336,442.007,0,0.683329,0,0,0.910734,0.227405,1.028160,1,0,10.9155,0,0,0,10.9155,0
67.8242,3.38099,0,0,1.0931,0.109514,0.36288,3.6288,57.3565,0.961731,0,0,0.406737,0.334009,0,0.66528,12.849,1,0.615466,0.36288,0,13.6069,6.13578,7.21851,0.84672,12.849,0.84672,3695.15,0,18.483,0.305185,0.227405,2.24467,2.20814,1.55174,2.82329,0.42336,0,0,18.483,0.42336,442.007,0,0.669272,0,0,0.896676,0.227405,1.028160,1,0,10.0418,0,0,0,10.0418,0
65.6248,3.36018,0,0,1.64069,0.117026,0.36288,3.6288,56.7039,0.806888,0,0,0.484304,0.330003,0,0.66528,12.849,1,0.636572,0.36288,0,20.0929,6.07641,13.7428,0.84672,12.849,0.84672,3695.15,0,18.483,0.260018,0.204422,2.24484,2.3466,1.54446,2.99138,0.42336,0,0,18.483,0.42336,442.007,0,0.869426,0,0,1.07385,0.204422,1.028160,1,0,16.7342,0,0,0,16.7342,0
64.0998,3.34259,0,0,2.31026,0.12982,0.36288,3.6288,56.2394,0.766315,0,0,0.62162,0.319771,0,0.66528,12.849,1,0.654461,0.36288,0,26.2265,6.08075,19.8541,0.84672,12.849,0.84672,3695.15,0,18.483,0.249785,0.204422,2.245,2.58366,1.52419,3.25911,0.42336,0,0,18.483,0.42336,442.007,0,0.920376,0,0,1.1248,0.204422,1.028160,1,0,23.1132,0,0,0,23.1132,0
61.5012,3.22827,0,0,1.19683,0.204319,0.36288,3.6288,55.5142,0.886574,0,0,0.410836,0.249517,0,0.66528,12.849,1,0.647116,0.36288,0,17.459,5.21988,11.9549,0.84672,12.849,0.84672,3695.15,0,18.483,0.291371,0.204422,2.24517,2.99801,1.23614,3.92009,0.42336,0,0,18.483,0.42336,442.007,0,0.665496,0,0,0.869918,0.204422,1.028160,1,0,15.875,0,0,0,15.875,0
58.9939,3.20589,0,0,1.29415,0.232626,0.36288,3.6288,55.0118,0.834383,0,0,0.569371,0.237367,0,0.66528,12.849,1,0.669783,0.36288,0,17.9858,5.1072,12.5717,0.84672,12.849,0.84672,3695.15,0,18.483,0.277801,0.204422,2.15049,3.3723,1.16951,4.2799,0.42336,0,0,18.483,0.42336,442.007,0,0.731393,0,0,0.935816,0.204422,1.028160,1,0,16.8516,0,0,0,16.8516,0
56.7369,3.18275,0,0,1.51609,0.227445,0.36288,3.6288,54.6209,0.797981,0,0,0.643692,0.236584,0,0.66528,12.849,1,0.69321,0.36288,0,15.9438,5.1072,10.5063,0.84672,12.849,0.84672,3695.15,0,18.483,0.268108,0.216518,2.15065,3.2825,1.16951,4.21205,0.42336,0,0,18.483,0.42336,442.007,0,0.777626,0,0,0.994144,0.216518,1.028160,1,0,14.7183,0,0,0,14.7183,0
55.0385,3.1605,0,0,2.04744,0.222488,0.36288,3.6288,54.6736,0.658773,0,0,0.947431,0.235976,0,0.66528,12.849,1,0.715747,0.36288,0,23.2451,5.1072,17.785,0.84672,12.849,0.84672,3695.15,0,18.483,0.22292,0.216518,2.15081,4.48205,1.16951,5.45695,0.42336,0,0,18.483,0.42336,442.007,0,0.962159,0,0,1.17868,0.216518,1.028160,1,0,23.2419,0,0,0,23.2419,0
52.7922,3.06164,0,0,1.37904,0.200799,0.36288,3.6288,54.8291,0.635379,0,0,1.0225,0.231668,0,0.66528,12.849,1,0.714755,0.36288,0,40.3974,4.65158,35.3939,0.84672,12.849,0.84672,3695.15,0,18.483,0.214797,0.216518,2.15097,4.38402,1.05476,5.48196,0.42336,0,0,18.483,0.42336,442.007,0,0.908971,0,0,1.12549,0.216518,1.028160,1,0,40.8759,0,0,0,40.8759,0
50.4125,3.03741,0,0,1.24213,0.221538,0.36288,3.6288,54.456,0.796539,0,0,0.643636,0.220169,0,0.66528,12.849,1,0.739269,0.36288,0,28.887,4.10248,24.4081,0.84672,12.849,0.84672,3695.15,0,18.483,0.268515,0.216518,2.06681,5.0815,0.976158,6.12016,0.42336,0,0,18.483,0.42336,442.007,0,0.694224,0,0,0.910742,0.216518,1.028160,1,0,30.5283,0,0,0,30.5283,0
48.0796,3.00982,0,0,1.31919,0.279433,0.36288,3.6288,53.7394,0.962502,0,0,0.457674,0.21181,0,0.66528,12.849,1,0.767135,0.36288,0,31.3501,4.18037,26.7654,0.84672,12.849,0.84672,3695.15,0,18.483,0.326684,0.216518,2.06697,4.43376,1.07537,5.3152,0.42336,0,0,18.483,0.42336,442.007,0,0.470222,0,0,0.686741,0.216518,1.028160,1,0,32.0806,0,0,0,32.0806,0
46.0033,2.98067,0,0,1.5398,0.272528,0.36288,3.6288,53.8819,0.544206,0,0,0.897492,0.210782,0,0.66528,12.849,1,0.796568,0.36288,0,36.4915,4.18037,31.8774,0.84672,12.849,0.84672,3695.15,0,18.483,0.187173,0.560079,2.06712,7.03948,1.07537,8.40414,0.42336,0,0,18.483,0.42336,442.007,0,1.02816,0,0,1.58824,0.560079,1.028160,1,0,40.2816,0,0,0,40.2816,0
46.4575,2.73041,0,0,3.80948,0.26199,0.36288,3.6288,55.1895,0.413065,0,0,1.92132,0.200604,0,0.66528,12.849,1,0.76262,0.36288,0,98.948,4.14905,94.3993,0.84672,12.849,0.84672,3695.15,0,18.483,0.141693,1.81902,2.06727,12.0584,1.05513,14.7479,0.42336,0,0,18.483,0.42336,442.007,0,1.02816,0,0,2.84718,1.81902,1.028160,1,0,109.147,0,0,0,109.147,0
44.8853,2.73645,0,0,1.76412,0.236969,0.36288,3.6288,55.1824,0.509504,0,0,0.6418,0.139384,0,0.66528,12.849,1,0.756835,0.36288,0,39.818,3.96113,35.4629,0.84672,12.849,0.84672,3695.15,0,18.483,0.170633,0.292723,1.87756,5.55098,0.933676,6.61695,0.42336,0,0,18.483,0.42336,442.007,0,0.902897,0,0,1.19562,0.292723,1.028160,1,0,42.0798,0,0,0,42.0798,0
44.1153,2.71605,0,0,2.54327,0.234372,0.36288,3.6288,55.5562,0.415742,0,0,0.952111,0.162548,0,0.66528,12.849,1,0.777503,0.36288,0,58.8273,4.32243,54.0902,0.84672,12.849,0.84672,3695.15,0,18.483,0.13925,0.508188,1.8777,7.86629,1.07618,9.03674,0.42336,0,0,18.483,0.42336,442.007,0,1.02816,0,0,1.53635,0.508188,1.028160,1,0,63.1269,0,0,0,63.1269,0
43.406,2.70574,0,0,2.5829,0.223611,0.36288,3.6288,55.7733,0.520517,0,0,0.933308,0.195704,0,0.66528,12.849,1,0.788071,0.36288,0,58.5923,4.47984,53.6873,0.84672,12.849,0.84672,3695.15,0,18.483,0.173171,0.412474,1.87783,8.1371,1.13188,9.12236,0.42336,0,0,18.483,0.42336,442.007,0,0.889583,0,0,1.30206,0.412474,1.028160,1,0,62.8097,0,0,0,62.8097,0
43.4084,2.696,0,0,3.26801,0.206658,0.36288,3.6288,56.39,0.417027,0,0,1.202,0.168336,0,0.66528,12.849,1,0.798068,0.36288,0,78.8538,3.68981,74.7288,0.84672,12.849,0.84672,3695.15,0,18.483,0.138201,1.04208,1.87797,12.5488,0.873901,14.4568,0.42336,0,0,18.483,0.42336,442.007,0,1.02816,0,0,2.07024,1.04208,1.028160,1,0,89.1856,0,0,0,89.1856,0
45.173,2.69603,0,0,5.05426,0.230824,0.36288,3.6288,57.6819,0.418166,0,0,1.8978,0.187676,0,0.66528,12.849,1,0.798032,0.36288,0,116.974,4.2817,112.258,0.84672,12.849,0.84672,3695.15,0,18.483,0.137063,1.46146,1.87811,12.1671,0.984018,14.3856,0.42336,0,0,18.483,0.42336,442.007,0,1.02816,0,0,2.48962,1.46146,1.028160,1,0,126.643,0,0,0,126.643,0
48.6503,2.80572,0,0,6.90184,0.255931,0.36288,3.6288,58.82,0.459349,0,0,1.72517,0.127785,0,0.66528,12.849,1,0.798058,0.36288,0,148.345,3.05618,144.854,0.84672,12.849,0.84672,3695.15,0,18.483,0.147189,1.54015,1.87811,12.5433,0.629121,15.1852,0.42336,0,0,18.483,0.42336,442.007,0,1.02816,0,0,2.56831,1.54015,1.028160,1,0,160.039,0,0,0,160.039,0
50.642,2.85103,0,0,5.46477,0.259137,0.36288,3.6288,59.8954,0.461597,0,0,1.66181,0.124745,0,0.66528,12.849,1,0.752983,0.36288,0,126.878,2.9462,123.542,0.84672,12.849,0.84672,3695.15,0,18.483,0.145048,1.55939,1.93832,10.4673,0.593478,13.2265,0.42336,0,0,18.483,0.42336,442.007,0,1.02816,0,0,2.58755,1.55939,1.028160,1,0,136.769,0,0,0,136.769,0
52.1593,2.87484,0,0,5.01972,0.264697,0.36288,3.6288,60.8841,0.463668,0,0,1.57795,0.125607,0,0.66528,12.849,1,0.729409,0.36288,0,100.856,2.9462,97.5429,0.84672,12.849,0.84672,3695.15,0,18.483,0.143082,1.41597,1.93844,9.41319,0.593478,12.031,0.42336,0,0,18.483,0.42336,442.007,0,1.02816,0,0,2.44413,1.41597,1.028160,1,0,109.574,0,0,0,109.574,0
58.0818,2.89205,0,0,9.44732,0.269947,0.36288,3.6288,61.308,0.465532,0,0,2.31519,0.141957,1.28381,0.66528,12.849,1,0.712431,0.36288,0,179.473,3.14155,175.982,0.84672,12.849,0.84672,3695.15,0,18.483,0.141325,2.69805,1.93857,15.1144,0.67526,18.9344,0.42336,0,0,18.483,0.42336,442.007,0,1.02816,0,0,3.72621,2.69805,1.028160,1,0,196.2,0,0,0,196.2,0
63.6241,3.23963,0,0,9.43402,0.289213,0.36288,3.6288,61.308,0.614086,0,0,2.93377,0.181338,2.13835,0.66528,12.849,1,0.716679,0.36288,0,228.723,3.62995,224.74,0.84672,12.849,0.84672,3695.15,0,18.483,0.185133,4.14532,1.93869,19.8732,0.879716,24.8924,0.42336,0,0,18.483,0.42336,442.007,0,1.02816,0,0,5.17348,4.14532,1.028160,1,0,251.77,0,0,0,251.77,0
68.6383,3.29178,0,0,8.97013,0.301237,0.36288,3.6288,61.308,0.614177,0,0,3.09154,0.18687,2.29049,0.66528,12.849,1,0.664782,0.36288,0,205.259,3.76099,201.196,0.84672,12.849,0.84672,3695.15,0,18.483,0.185161,4.81683,2.15325,19.6354,0.920711,25.4996,0.42336,0,0,18.483,0.42336,442.007,0,1.02816,0,0,5.84499,4.81683,1.028160,1,0,228.986,0,0,0,228.986,0
73.1654,3.33291,0,0,8.56898,0.346131,0.36288,3.6288,61.308,0.614269,0,0,2.52028,0.196525,1.70949,0.66528,12.849,1,0.623916,0.36288,0,173.148,4.35149,168.536,0.84672,12.849,0.84672,3695.15,0,18.483,0.185188,3.79637,2.15339,18.6996,1.045,23.4192,0.42336,0,0,18.483,0.42336,442.007,0,1.02816,0,0,4.82453,3.79637,1.028160,1,0,193.664,0,0,0,193.664,0
81.0079,3.36596,0,0,12.0198,0.448427,0.36288,3.6288,61.308,0.61436,0,0,3.73202,0.214495,2.90317,0.66528,12.849,1,0.591117,0.36288,0,197.224,4.43202,192.564,0.84672,12.849,0.84672,3695.15,0,18.483,0.185216,5.807,2.15353,28.4171,1.04991,35.1425,0.42336,0,0,18.483,0.42336,442.007,0,1.02816,0,0,6.83516,5.807,1.028160,1,0,230.61,0,0,0,230.61,0
84.2648,2.98263,0,0,7.02337,0.420925,0.36288,3.6288,61.308,0.416156,0,0,2.36029,0.257198,1.68694,0.66528,12.849,1,0.473088,0.36288,0,120.411,4.67998,115.621,0.84672,12.849,0.84672,3695.15,0,18.483,0.125462,3.71996,2.15367,13.8337,1.10225,18.4796,0.42336,0,0,18.483,0.42336,442.007,0,1.02816,0,0,4.74812,3.71996,1.028160,1,0,135.788,0,0,0,135.788,0
87.8939,2.99869,0,0,7.48866,0.49798,0.36288,3.6288,61.308,0.416235,0,0,2.77939,0.225192,2.13797,0.66528,12.849,1,0.457252,0.36288,0,127.926,4.2568,123.575,0.84672,12.849,0.84672,3695.15,0,18.483,0.125485,3.88688,1.86041,16.7911,0.980435,21.4324,0.42336,0,0,18.483,0.42336,442.007,0,1.02816,0,0,4.91504,3.88688,1.028160,1,0,147.146,0,0,0,147.146,0
93.3182,3.01536,0,0,9.31738,0.514818,0.36288,3.6288,61.308,0.416313,0,0,2.7594,0.225192,2.11789,0.66528,12.849,1,0.440808,0.36288,0,161.571,4.2568,157.237,0.84672,12.849,0.84672,3695.15,0,18.483,0.125509,4.02026,1.86053,15.9058,0.980435,20.6807,0.42336,0,0,18.483,0.42336,442.007,0,1.02816,0,0,5.04842,4.02026,1.028160,1,0,180.035,0,0,0,180.035,0
97.2043,3.03808,0,0,7.82706,0.539985,0.36288,3.6288,61.308,0.416391,0,0,2.47955,0.225192,1.83797,0.66528,12.849,1,0.418314,0.36288,0,134.958,4.2568,130.645,0.84672,12.849,0.84672,3695.15,0,18.483,0.125533,4.63573,1.86065,15.169,0.980435,20.5594,0.42336,0,0,18.483,0.42336,442.007,0,1.02816,0,0,5.66389,4.63573,1.028160,1,0,153.043,0,0,0,153.043,0
97.506,3.05305,0,0,10.004,0.576255,6.07304,3.6288,61.308,0.41647,0,0,4.94383,0.225753,4.30161,0.66528,12.849,1,0.403569,6.07304,0,169.684,4.0787,171.275,0.84672,12.849,0.84672,3695.15,0,18.483,0.125556,6.36329,1.86078,25.0129,1.13496,31.9764,0.42336,0,0,18.483,0.42336,442.007,0,1.02816,0,0,7.39145,6.36329,1.028160,1,0,207.553,0,0,0,207.553,0
97.506,3.16595,0,0,7.22961,0.580748,3.48291,3.6288,61.308,0.465074,0,0,2.09346,0.225846,1.40254,0.66528,12.849,1,0.417198,3.48291,0,123.628,4.04901,122.645,0.84672,12.849,0.84672,3695.15,0,18.483,0.14021,2.96642,1.8609,10.8187,1.16071,14.3451,0.42336,0,0,18.483,0.42336,442.007,0,1.02816,0,0,3.99458,2.96642,1.028160,1,0,138.392,0,0,0,138.392,0
97.506,3.16616,0,0,6.63267,0.566396,2.90012,3.6288,61.308,0.465156,0,0,1.76296,0.231325,1.06648,0.66528,12.849,1,0.417225,2.90012,0,110.429,4.15698,108.755,0.84672,12.849,0.84672,3695.15,0,18.483,0.140234,2.40095,1.93348,9.36766,1.18063,12.3812,0.42336,0,0,18.483,0.42336,442.007,0,1.02816,0,0,3.42911,2.40095,1.028160,1,0,122.202,0,0,0,122.202,0
97.506,3.16636,0,0,5.95327,0.48029,2.30662,3.6288,61.308,0.465238,0,0,1.5385,0.2642,0.809061,0.66528,12.849,1,0.417252,2.30662,0,109.247,4.8048,106.331,0.84672,12.849,0.84672,3695.15,0,18.483,0.140259,1.79975,1.93361,8.27937,1.30012,10.5723,0.42336,0,0,18.483,0.42336,442.007,0,1.02816,0,0,2.82791,1.79975,1.028160,1,0,117.713,0,0,0,117.713,0
97.506,3.16657,0,0,5.65823,0.468566,2.0231,3.6288,61.308,0.465319,0,0,1.76532,0.231859,1.06814,0.66528,12.849,1,0.417279,2.0231,0,100.174,4.5192,97.2605,0.84672,12.849,0.84672,3695.15,0,18.483,0.140283,2.60143,1.93373,10.0796,1.21692,13.2576,0.42336,0,0,18.483,0.42336,442.007,0,1.02816,0,0,3.62959,2.60143,1.028160,1,0,111.586,0,0,0,111.586,0
97.506,3.12313,0,0,5.7441,0.459772,2.1612,3.6288,61.308,0.446549,0,0,1.77534,0.207603,1.12119,0.66528,12.849,1,0.411555,2.1612,0,101.791,4.305,99.2359,0.84672,12.849,0.84672,3695.15,0,18.483,0.134625,2.68373,1.93386,10.9151,1.15451,14.2435,0.42336,0,0,18.483,0.42336,442.007,0,1.02816,0,0,3.71189,2.68373,1.028160,1,0,114.601,0,0,0,114.601,0
97.506,3.12333,0,0,5.31524,0.459772,1.73214,3.6288,61.308,0.446629,0,0,1.66606,0.207603,1.01183,0.66528,12.849,1,0.411582,1.73214,0,93.4148,4.305,90.4304,0.84672,12.849,0.84672,3695.15,0,18.483,0.134649,2.41441,1.90577,9.59023,1.15451,12.6212,0.42336,0,0,18.483,0.42336,442.007,0,1.02816,0,0,3.44257,2.41441,1.028160,1,0,104.063,0,0,0,104.063,0
97.506,3.12353,0,0,4.87966,0.407296,1.34883,3.6288,61.308,0.44671,0,0,1.54215,0.231666,0.863769,0.66528,12.849,1,0.411608,1.34883,0,82.5656,4.57883,78.924,0.84672,12.849,0.84672,3695.15,0,18.483,0.134673,2.30175,1.90589,8.98301,1.165,11.891,0.42336,0,0,18.483,0.42336,442.007,0,1.02816,0,0,3.32991,2.30175,1.028160,1,0,91.6787,0,0,0,91.6787,0
97.506,3.12374,0,0,4.62023,0.395399,1.10109,3.6288,61.308,0.44679,0,0,1.45367,0.240055,0.766827,0.66528,12.849,1,0.411635,1.10109,0,73.2188,4.50239,69.4059,0.84672,12.849,0.84672,3695.15,0,18.483,0.134697,2.13098,1.90602,9.32895,1.11282,12.1184,0.42336,0,0,18.483,0.42336,442.007,0,1.02816,0,0,3.15914,2.13098,1.028160,1,0,82.2912,0,0,0,82.2912,0
97.506,2.22581,0,0,3.88547,0.303583,1.35607,3.6288,61.308,0.66528,0,0,1.08316,0.23434,0.183542,0.66528,12.849,1,0.29331,1.35607,0,60.2643,5.14035,56.1867,0.84672,12.849,0.84672,3695.15,0,18.483,1.18754,1.34552,1.90614,6.95771,1.17676,7.84506,0.42336,0,0,18.483,0.42336,442.007,0,1.02816,0,0,2.37368,1.34552,1.028160,1,0,64.2153,0,0,0,64.2153,0
97.2929,3.27234,0,0,3.70612,0.283953,0.36288,3.6288,61.308,0.513826,0,0,1.02212,0.237849,0.270445,0.66528,12.849,1,0.431218,0.36288,0,55.0073,5.20002,49.739,0.84672,12.849,0.84672,3695.15,0,18.483,0.154907,1.20187,2.69793,6.72607,1.20212,9.26884,0.42336,0,0,18.483,0.42336,442.007,0,1.02816,0,0,2.23003,1.20187,1.028160,1,0,59.2783,0,0,0,59.2783,0
96.9557,3.27172,0,0,3.58079,0.283451,0.36288,3.6288,61.308,0.513911,0,0,1.04261,0.237849,0.290855,0.66528,12.849,1,0.43208,0.36288,0,52.4458,5.20002,47.1765,0.84672,12.849,0.84672,3695.15,0,18.483,0.154933,1.44475,2.00507,6.4336,1.20212,8.52637,0.42336,0,0,18.483,0.42336,442.007,0,1.02816,0,0,2.47291,1.44475,1.028160,1,0,55.9938,0,0,0,55.9938,0
96.2841,3.27061,0,0,3.28661,0.324736,0.36288,3.6288,61.308,0.513996,0,0,0.977365,0.231265,0.232105,0.66528,12.849,1,0.433436,0.36288,0,49.3123,4.77694,44.4648,0.84672,12.849,0.84672,3695.15,0,18.483,0.154958,1.33434,2.0052,5.8671,1.21844,7.83324,0.42336,0,0,18.483,0.42336,442.007,0,1.02816,0,0,2.3625,1.33434,1.028160,1,0,52.5301,0,0,0,52.5301,0
94.8733,3.26815,0,0,2.45518,0.234899,0.36288,3.6288,61.2943,0.514081,0,0,0.743939,0.243533,0,0.66528,12.849,1,0.436131,0.36288,0,37.7979,4.85477,32.8699,0.84672,12.849,0.84672,3695.15,0,18.483,0.154984,0.388869,2.00533,4.01686,1.16411,5.09196,0.42336,0,0,18.483,0.42336,442.007,0,1.02816,0,0,1.41703,0.388869,1.028160,1,0,37.9619,0,0,0,37.9619,0
93.3913,3.23343,0,0,2.3292,0.214869,0.36288,3.6288,61.1355,0.592724,0,0,0.679856,0.245995,0,0.66528,12.849,1,0.437914,0.36288,0,34.4391,4.89594,29.4682,0.84672,12.849,0.84672,3695.15,0,18.483,0.178733,0.30119,2.00546,3.93852,1.15397,4.91246,0.42336,0,0,18.483,0.42336,442.007,0,0.973728,0,0,1.27492,0.30119,1.028160,1,0,34.3806,0,0,0,34.3806,0
92.7505,2.3057,0,0,2.21613,0.188334,0.36288,3.6288,60.8329,0.697179,0,0,0.663664,0.26904,0,0.66528,12.849,1,0.317223,0.36288,0,32.4609,5.2217,27.2849,0.84672,12.849,0.84672,3695.15,0,18.483,1.10052,0.261274,2.03634,3.82861,1.26422,3.76148,0.42336,0,0,18.483,0.42336,442.007,0,0.996261,0,0,1.25753,0.261274,1.028160,1,0,31.0464,0,0,0,31.0464,0
90.9239,3.22505,0,0,1.91765,0.156373,0.36288,3.6288,60.5219,0.641246,0,0,0.624456,0.294177,0,0.66528,12.849,1,0.446775,0.36288,0,30.284,5.92723,24.2728,0.84672,12.849,0.84672,3695.15,0,18.483,0.194831,0.261274,2.65015,3.8238,1.51181,5.02858,0.42336,0,0,18.483,0.42336,442.007,0,0.909334,0,0,1.17061,0.261274,1.028160,1,0,29.3014,0,0,0,29.3014,0
89.1571,3.21739,0,0,1.96157,0.148086,0.36288,3.6288,60.1701,0.670913,0,0,0.617924,0.298899,0,0.66528,12.849,1,0.454669,0.36288,0,34.545,6.0477,28.4055,0.84672,12.849,0.84672,3695.15,0,18.483,0.204892,0.261274,2.0366,3.61611,1.52862,4.18047,0.42336,0,0,18.483,0.42336,442.007,0,0.86972,0,0,1.13099,0.261274,1.028160,1,0,32.5859,0,0,0,32.5859,0
87.3396,3.28463,0,0,1.96748,0.137491,0.36288,3.6288,59.7421,0.720779,0,0,0.603406,0.310603,0,0.66528,12.849,1,0.47337,0.36288,0,28.9596,5.93712,22.912,0.84672,12.849,0.84672,3695.15,0,18.483,0.221408,0.261274,2.03674,3.38066,1.45045,4.00681,0.42336,0,0,18.483,0.42336,442.007,0,0.846107,0,0,1.10738,0.261274,1.028160,1,0,26.9188,0,0,0,26.9188,0
85.3842,3.27626,0,0,1.81906,0.135264,0.36288,3.6288,59.1693,0.82258,0,0,0.559567,0.309757,0,0.66528,12.849,1,0.481988,0.36288,0,27.7697,5.93712,21.7134,0.84672,12.849,0.84672,3695.15,0,18.483,0.25449,0.261274,2.08589,2.93945,1.45045,3.58167,0.42336,0,0,18.483,0.42336,442.007,0,0.71134,0,0,0.972613,0.261274,1.028160,1,0,25.2951,0,0,0,25.2951,0
83.4887,3.26688,0,0,1.85947,0.125289,0.36288,3.6288,58.7846,0.694975,0,0,0.621427,0.311179,0,0.66528,12.849,1,0.491614,0.36288,0,26.4118,6.0119,20.2712,0.84672,12.849,0.84672,3695.15,0,18.483,0.217093,0.227405,2.08602,3.63588,1.46539,4.26682,0.42336,0,0,18.483,0.42336,442.007,0,0.876459,0,0,1.10386,0.227405,1.028160,1,0,24.538,0,0,0,24.538,0
81.6987,3.25742,0,0,1.93745,0.107154,0.36288,3.6288,58.4999,0.639819,0,0,0.637095,0.281941,0,0.66528,12.849,1,0.50132,0.36288,0,26.4521,6.13728,20.1763,0.84672,12.849,0.84672,3695.15,0,18.483,0.201171,0.227405,2.08616,3.96886,1.51627,4.56499,0.42336,0,0,18.483,0.42336,442.007,0,0.947652,0,0,1.17506,0.227405,1.028160,1,0,24.7413,0,0,0,24.7413,0
79.3391,3.46507,0,0,1.5399,0.0714973,0.36288,3.6288,57.5553,1.01992,0,0,0.370246,0.294932,0,0.66528,12.849,1,0.544962,0.36288,0,22.5425,6.12087,16.2395,0.84672,12.849,0.84672,3695.15,0,18.483,0.322243,0.227405,2.08629,3.23101,1.45276,3.76971,0.42336,0,0,18.483,0.42336,442.007,0,0.600601,0,0,0.828006,0.227405,1.028160,1,0,20.0092,0,0,0,20.0092,0
77.0948,3.45134,0,0,1.63978,0.0698871,0.36288,3.6288,56.8473,0.870291,0,0,0.455423,0.293139,0,0.66528,12.849,1,0.558946,0.36288,0,28.6859,6.12087,22.369,0.84672,12.849,0.84672,3695.15,0,18.483,0.279481,0.227405,2.25246,3.60892,1.45276,4.35654,0.42336,0,0,18.483,0.42336,442.007,0,0.793117,0,0,1.02052,0.227405,1.028160,1,0,26.7255,0,0,0,26.7255,0
74.575,3.43762,0,0,1.34905,0.0683554,0.36288,3.6288,55.793,1.09422,0,0,0.331674,0.291795,0,0.66528,12.849,1,0.572931,0.36288,0,26.2807,6.12087,19.9498,0.84672,12.849,0.84672,3695.15,0,18.483,0.355767,0.204422,2.2526,2.95585,1.45276,3.60435,0.42336,0,0,18.483,0.42336,442.007,0,0.493033,0,0,0.697455,0.204422,1.028160,1,0,23.5541,0,0,0,23.5541,0
72.4053,3.42133,0,0,1.68115,0.0666358,0.36288,3.6288,55.4125,0.66528,0,0,0.574563,0.289794,0,0.66528,12.849,1,0.589482,0.36288,0,25.6176,6.12087,19.2701,0.84672,12.849,0.84672,3695.15,0,18.483,0.249702,0.350153,2.25275,4.61016,1.45276,5.5106,0.42336,0,0,18.483,0.42336,442.007,0,1.02816,0,0,1.37831,0.350153,1.028160,1,0,24.7807,0,0,0,24.7807,0
69.962,3.40655,0,0,1.3657,0.0395201,0.36288,3.6288,55.1665,0.66528,0,0,0.657863,0.238504,0,0.66528,12.849,1,0.604524,0.36288,0,19.6717,5.17698,14.2531,0.84672,12.849,0.84672,3695.15,0,18.483,0.249828,0.665375,2.2529,4.34206,1.26827,5.74223,0.42336,0,0,18.483,0.42336,442.007,0,1.02816,0,0,1.69354,0.665375,1.028160,1,0,19.9953,0,0,0,19.9953,0
67.5915,3.28553,0,0,1.29554,0.0176277,0.36288,3.6288,54.584,0.732071,0,0,0.38604,0.236481,0,0.66528,12.849,1,0.60341,0.36288,0,20.8005,5.31699,15.243,0.84672,12.849,0.84672,3695.15,0,18.483,0.245273,0.204422,2.25304,3.15627,1.39595,3.97251,0.42336,0,0,18.483,0.42336,442.007,0,0.872545,0,0,1.07697,0.204422,1.028160,1,0,19.2155,0,0,0,19.2155,0
65.014,3.26796,0,0,1.0706,0.017305,0.36288,3.6288,53.8601,0.828403,0,0,0.340093,0.235575,0,0.66528,12.849,1,0.621232,0.36288,0,19.2052,5.31699,13.6298,0.84672,12.849,0.84672,3695.15,0,18.483,0.28051,0.216518,2.15801,2.92294,1.39595,3.62101,0.42336,0,0,18.483,0.42336,442.007,0,0.741096,0,0,0.957614,0.216518,1.028160,1,0,17.2508,0,0,0,17.2508,0
63.2839,3.24761,0,0,1.99007,0.109672,0.36288,3.6288,53.5791,0.647896,0,0,0.529085,0.162211,0,0.66528,12.849,1,0.641839,0.36288,0,33.9097,4.27884,29.3519,0.84672,12.849,0.84672,3695.15,0,18.483,0.222336,0.216518,2.15815,5.07498,1.07146,6.15585,0.42336,0,0,18.483,0.42336,442.007,0,0.979897,0,0,1.19642,0.216518,1.028160,1,0,35.5077,0,0,0,35.5077,0
63.2533,3.23323,0,0,3.71707,0.151527,0.36288,3.6288,53.589,0.611234,0,0,0.783887,0.162733,0,0.66528,12.849,1,0.656467,0.36288,0,59.7819,3.85797,55.6303,0.84672,12.849,0.84672,3695.15,0,18.483,0.210855,0.572901,2.15829,7.19716,0.970021,8.74748,0.42336,0,0,18.483,0.42336,442.007,0,1.02816,0,0,1.60106,0.572901,1.028160,1,0,64.3778,0,0,0,64.3778,0
61.199,3.14966,0,0,1.62674,0.168502,0.36288,3.6288,52.8416,0.825822,0,0,0.315366,0.237024,0,0.66528,12.849,1,0.639807,0.36288,0,21.2853,3.84395,17.1645,0.84672,12.849,0.84672,3695.15,0,18.483,0.284828,0.216518,2.15843,3.41664,1.04092,4.46584,0.42336,0,0,18.483,0.42336,442.007,0,0.654584,0,0,0.871102,0.216518,1.028160,1,0,21.6303,0,0,0,21.6303,0
59.4371,3.13211,0,0,1.89877,0.165682,0.36288,3.6288,52.6782,0.546154,0,0,0.61843,0.235613,0,0.66528,12.849,1,0.6576,0.36288,0,24.776,3.84395,20.6373,0.84672,12.849,0.84672,3695.15,0,18.483,0.191035,0.986472,2.07397,5.42461,1.04092,7.25309,0.42336,0,0,18.483,0.42336,442.007,0,1.02816,0,0,2.01463,0.986472,1.028160,1,0,27.8904,0,0,0,27.8904,0
60.8622,3.11628,0,0,5.06732,0.163093,0.36288,3.6288,53.4116,0.545801,0,0,1.51449,0.235305,0,0.66528,12.849,1,0.673672,0.36288,0,72.8136,3.84395,68.6589,0.84672,12.849,0.84672,3695.15,0,18.483,0.191503,2.74125,2.0741,10.2416,1.04092,13.8245,0.42336,0,0,18.483,0.42336,442.007,0,1.02816,0,0,3.76941,2.74125,1.028160,1,0,82.4834,0,0,0,82.4834,0
60.1099,3.12951,0,0,2.94781,0.207673,0.36288,3.6288,53.5798,0.547839,0,0,0.922398,0.206353,0,0.66528,12.849,1,0.660691,0.36288,0,40.595,3.36841,36.9288,0.84672,12.849,0.84672,3695.15,0,18.483,0.189579,0.702596,2.07423,6.17397,0.876079,7.88514,0.42336,0,0,18.483,0.42336,442.007,0,1.02816,0,0,1.73076,0.702596,1.028160,1,0,44.814,0,0,0,44.814,0
60.9358,2.88771,0,0,4.32975,0.253314,0.36288,3.6288,53.6454,0.416499,0,0,0.680294,0.19819,0,0.66528,12.849,1,0.617272,0.36288,0,49.2939,3.9942,45.0453,0.84672,12.849,0.84672,3695.15,0,18.483,0.143676,1.16592,2.07437,6.44302,1.00418,8.53546,0.42336,0,0,18.483,0.42336,442.007,0,1.02816,0,0,2.19408,1.16592,1.028160,1,0,53.5807,0,0,0,53.5807,0
61.149,2.89481,0,0,3.72598,0.255124,0.36288,3.6288,53.5951,0.416706,0,0,0.564687,0.198294,0,0.66528,12.849,1,0.610403,0.36288,0,41.407,3.9942,37.1653,0.84672,12.849,0.84672,3695.15,0,18.483,0.143572,0.873236,1.88398,6.2584,1.00418,7.86787,0.42336,0,0,18.483,0.42336,442.007,0,1.02816,0,0,1.9014,0.873236,1.028160,1,0,45.0332,0,0,0,45.0332,0
60.7531,2.89676,0,0,3.11932,0.255575,0.36288,3.6288,53.5135,0.416683,0,0,0.533341,0.198215,0,0.66528,12.849,1,0.608684,0.36288,0,32.9163,3.9942,28.6763,0.84672,12.849,0.84672,3695.15,0,18.483,0.143699,0.766454,1.8841,12.679,1.00418,14.1817,0.42336,0,0,18.483,0.42336,442.007,0,1.02816,0,0,1.79461,0.766454,1.028160,1,0,42.858,0,0,0,42.858,0
60.1287,2.89367,0,0,2.87759,0.245417,0.36288,3.6288,53.4164,0.416597,0,0,0.545076,0.225615,0,0.66528,12.849,1,0.611998,0.36288,0,49.573,4.98816,44.3357,0.84672,12.849,0.84672,3695.15,0,18.483,0.143888,0.978221,1.88423,9.88692,1.2343,11.3712,0.42336,0,0,18.483,0.42336,442.007,0,1.02816,0,0,2.00638,0.978221,1.028160,1,0,55.7069,0,0,0,55.7069,0
59.985,2.88862,0,0,3.3136,0.205775,0.36288,3.6288,53.5644,0.416479,0,0,0.766919,0.20241,0,0.66528,12.849,1,0.617274,0.36288,0,51.7193,4.0956,47.3693,0.84672,12.849,0.84672,3695.15,0,18.483,0.144109,0.765988,1.88435,7.15685,1.0729,8.59018,0.42336,0,0,18.483,0.42336,442.007,0,1.02816,0,0,1.79415,0.765988,1.028160,1,0,55.9595,0,0,0,55.9595,0
60.2258,2.97804,0,0,3.7597,0.177952,0.36288,3.6288,53.7992,0.45504,0,0,0.871711,0.181912,0,0.66528,12.849,1,0.637906,0.36288,0,43.028,3.30194,39.451,0.84672,12.849,0.84672,3695.15,0,18.483,0.157017,0.79996,1.88447,8.31058,0.923079,9.91492,0.42336,0,0,18.483,0.42336,442.007,0,1.02816,0,0,1.82812,0.79996,1.028160,1,0,49.3659,0,0,0,49.3659,0
62.3713,2.9803,0,0,5.67774,0.189088,0.36288,3.6288,54.1285,0.455618,0,0,0.968285,0.183371,0,0.66528,12.849,1,0.635839,0.36288,0,70.4662,3.36932,66.8239,0.84672,12.849,0.84672,3695.15,0,18.483,0.15653,0.951532,1.94486,10.2736,0.96078,12.0526,0.42336,0,0,18.483,0.42336,442.007,0,1.02816,0,0,1.97969,0.951532,1.028160,1,0,78.8766,0,0,0,78.8766,0
65.8978,2.99861,0,0,7.14597,0.25801,0.36288,3.6288,54.4614,0.456396,0,0,0.979767,0.190507,0,0.66528,12.849,1,0.617738,0.36288,0,92.6891,3.77359,88.6606,0.84672,12.849,0.84672,3695.15,0,18.483,0.155843,1.01709,1.94497,10.2226,1.18698,11.8418,0.42336,0,0,18.483,0.42336,442.007,0,1.02816,0,0,2.04525,1.01709,1.028160,1,0,100.502,0,0,0,100.502,0
66.7234,3.02644,0,0,4.47637,0.261466,0.36288,3.6288,55.0056,0.457176,0,0,1.18675,0.185355,0,0.66528,12.849,1,0.590107,0.36288,0,63.2003,3.63591,59.3372,0.84672,12.849,0.84672,3695.15,0,18.483,0.155156,1.56749,1.94508,9.35176,1.12293,11.5863,0.42336,0,0,18.483,0.42336,442.007,0,1.02816,0,0,2.59565,1.56749,1.028160,1,0,70.9234,0,0,0,70.9234,0
67.1651,3.32854,0,0,4.39293,0.259758,0.36288,3.6288,54.9791,0.602776,0,0,0.731289,0.154967,0,0.66528,12.849,1,0.640981,0.36288,0,56.9867,3.27327,53.4353,0.84672,12.849,0.84672,3695.15,0,18.483,0.202545,0.605491,1.94518,7.17569,0.924655,8.59917,0.42336,0,0,18.483,0.42336,442.007,0,1.02816,0,0,1.63365,0.605491,1.028160,1,0,62.0345,0,0,0,62.0345,0
68.8182,3.33226,0,0,5.60885,0.260667,0.36288,3.6288,54.9978,0.602779,0,0,0.776356,0.15494,0,0.66528,12.849,1,0.637477,0.36288,0,81.7735,3.27327,78.2257,0.84672,12.849,0.84672,3695.15,0,18.483,0.202644,0.798535,2.16043,8.01049,0.924655,9.84216,0.42336,0,0,18.483,0.42336,442.007,0,1.02816,0,0,1.82669,0.798535,1.028160,1,0,88.0678,0,0,0,88.0678,0
70.6389,3.34535,0,0,5.79306,0.264069,0.36288,3.6288,55.0619,0.602907,0,0,0.82201,0.154959,0,0.66528,12.849,1,0.624609,0.36288,0,88.8356,3.27327,85.3006,0.84672,12.849,0.84672,3695.15,0,18.483,0.202618,0.908496,2.16056,8.55049,0.924655,10.4923,0.42336,0,0,18.483,0.42336,442.007,0,1.02816,0,0,1.93666,0.908496,1.028160,1,0,95.7929,0,0,0,95.7929,0
72.0257,3.35916,0,0,5.37884,0.270008,0.36288,3.6288,55.2805,0.603161,0,0,0.981539,0.159736,0,0.66528,12.849,1,0.611021,0.36288,0,83.7924,3.46687,80.0774,0.84672,12.849,0.84672,3695.15,0,18.483,0.202467,0.751317,2.16068,9.42952,0.967751,11.1713,0.42336,0,0,18.483,0.42336,442.007,0,1.02816,0,0,1.77948,0.751317,1.028160,1,0,91.2487,0,0,0,91.2487,0
73.996,2.94225,0,0,5.57977,0.304319,0.36288,3.6288,56.0816,0.409789,0,0,1.36185,0.151023,0,0.66528,12.849,1,0.524882,0.36288,0,123.711,3.71123,119.838,0.84672,12.849,0.84672,3695.15,0,18.483,0.137012,1.24424,2.1608,11.8937,0.939354,14.2223,0.42336,0,0,18.483,0.42336,442.007,0,1.02816,0,0,2.2724,1.24424,1.028160,1,0,134.06,0,0,0,134.06,0
77.8284,2.95432,0,0,7.57168,0.422059,0.36288,3.6288,56.9247,0.411327,0,0,1.40628,0.151818,0,0.66528,12.849,1,0.513002,0.36288,0,105.366,3.71123,101.504,0.84672,12.849,0.84672,3695.15,0,18.483,0.135562,1.72516,1.86656,11.132,0.939354,13.6488,0.42336,0,0,18.483,0.42336,442.007,0,1.02816,0,0,2.75332,1.72516,1.028160,1,0,115.153,0,0,0,115.153,0
80.8022,2.97617,0,0,6.75156,0.438723,0.36288,3.6288,57.5427,0.412909,0,0,1.18353,0.152655,0,0.66528,12.849,1,0.491348,0.36288,0,103.613,3.71123,99.7729,0.84672,12.849,0.84672,3695.15,0,18.483,0.134068,0.676771,1.86666,11.5862,0.939354,13.0562,0.42336,0,0,18.483,0.42336,442.007,0,1.02816,0,0,1.70493,0.676771,1.028160,1,0,112.829,0,0,0,112.829,0
83.3317,2.99194,0,0,6.2876,0.403348,0.36288,3.6288,58.1711,0.414065,0,0,1.20196,0.159509,0,0.66528,12.849,1,0.475772,0.36288,0,114.636,4.08062,110.443,0.84672,12.849,0.84672,3695.15,0,18.483,0.133,1.46629,1.86676,9.68328,1.04061,11.8427,0.42336,0,0,18.483,0.42336,442.007,0,1.02816,0,0,2.49445,1.46629,1.028160,1,0,122.286,0,0,0,122.286,0
84.2916,3.00462,0,0,4.75629,0.428859,0.36288,3.6288,58.3225,0.415222,0,0,0.776639,0.210004,0,0.66528,12.849,1,0.463286,0.36288,0,102.908,4.63565,98.1715,0.84672,12.849,0.84672,3695.15,0,18.483,0.131931,0.796841,1.86687,6.11984,1.14134,7.51028,0.42336,0,0,18.483,0.42336,442.007,0,1.02816,0,0,1.825,0.796841,1.028160,1,0,105.682,0,0,0,105.682,0
85.7796,3.11932,0,0,5.40355,0.433316,0.36288,3.6288,59.0931,0.463663,0,0,1.45006,0.215803,0,0.66528,12.849,1,0.475494,0.36288,0,90.5653,4.49789,85.9548,0.84672,12.849,0.84672,3695.15,0,18.483,0.146939,1.50517,1.86697,9.10297,1.10425,11.2239,0.42336,0,0,18.483,0.42336,442.007,0,1.02816,0,0,2.53333,1.50517,1.028160,1,0,97.1788,0,0,0,97.1788,0
85.6175,3.12667,0,0,3.76675,0.439322,0.36288,3.6288,58.8327,0.565724,0,0,0.52218,0.216875,0,0.66528,12.849,1,0.468346,0.36288,0,78.1669,4.49789,73.5636,0.84672,12.849,0.84672,3695.15,0,18.483,0.176946,0.528595,1.93978,4.31368,1.10425,5.50086,0.42336,0,0,18.483,0.42336,442.007,0,0.896184,0,0,1.42478,0.528595,1.028160,1,0,79.0645,0,0,0,79.0645,0
87.1516,3.12607,0,0,5.46169,0.438667,0.36288,3.6288,59.2441,0.464771,0,0,1.09277,0.216512,0,0.66528,12.849,1,0.469144,0.36288,0,107.899,4.49789,103.295,0.84672,12.849,0.84672,3695.15,0,18.483,0.146014,1.14183,1.93988,7.94999,1.10425,9.78144,0.42336,0,0,18.483,0.42336,442.007,0,1.02816,0,0,2.16999,1.14183,1.028160,1,0,113.076,0,0,0,113.076,0
87.2199,3.13344,0,0,3.92952,0.364831,0.36288,3.6288,59.1261,0.483013,0,0,0.589491,0.224546,0,0.66528,12.849,1,0.461972,0.36288,0,78.084,4.31785,73.6671,0.84672,12.849,0.84672,3695.15,0,18.483,0.15069,0.528595,1.93999,4.70987,1.0918,5.93597,0.42336,0,0,18.483,0.42336,442.007,0,1.00533,0,0,1.53393,0.528595,1.028160,1,0,79.603,0,0,0,79.603,0
86.6209,3.09074,0,0,3.18562,0.331039,0.36288,3.6288,59.1473,0.44671,0,0,0.678102,0.210186,0,0.66528,12.849,1,0.455319,0.36288,0,70.1568,3.52663,66.5377,0.84672,12.849,0.84672,3695.15,0,18.483,0.139643,0.588177,1.9401,4.55806,1.06502,5.88168,0.42336,0,0,18.483,0.42336,442.007,0,1.02816,0,0,1.61634,0.588177,1.028160,1,0,72.4194,0,0,0,72.4194,0
86.1678,3.08817,0,0,3.32718,0.329241,0.36288,3.6288,58.9075,0.610429,0,0,0.580844,0.210214,0,0.66528,12.849,1,0.458087,0.36288,0,69.5797,3.52663,65.9578,0.84672,12.849,0.84672,3695.15,0,18.483,0.190754,0.528595,1.91191,5.34827,1.06502,6.533,0.42336,0,0,18.483,0.42336,442.007,0,0.813421,0,0,1.34202,0.528595,1.028160,1,0,72.4908,0,0,0,72.4908,0
85.6991,3.08625,0,0,3.25144,0.271037,0.36288,3.6288,58.778,0.468458,0,0,0.566414,0.227424,0,0.66528,12.849,1,0.460209,0.36288,0,69.1769,4.93018,64.1494,0.84672,12.849,0.84672,3695.15,0,18.483,0.146985,0.402797,1.91201,4.83192,1.12035,5.87939,0.42336,0,0,18.483,0.42336,442.007,0,0.999251,0,0,1.40205,0.402797,1.028160,1,0,70.0288,0,0,0,70.0288,0
84.7502,3.08423,0,0,2.67011,0.171899,0.36288,3.6288,58.511,0.558917,0,0,0.53933,0.247419,0,0.66528,12.849,1,0.462424,0.36288,0,43.2888,5.46246,37.7268,0.84672,12.849,0.84672,3695.15,0,18.483,0.175754,0.402797,1.91212,4.22887,1.25634,5.11169,0.42336,0,0,18.483,0.42336,442.007,0,0.880114,0,0,1.28291,0.402797,1.028160,1,0,42.8385,0,0,0,42.8385,0
83.5025,3.22601,0,0,2.5633,0.222096,0.36288,3.6288,58.3611,0.512218,0,0,0.589018,0.226667,0,0.66528,12.849,1,0.489096,0.36288,0,47.8104,4.82338,42.8608,0.84672,12.849,0.84672,3695.15,0,18.483,0.161804,0.591209,1.91223,4.37454,1.09686,5.61931,0.42336,0,0,18.483,0.42336,442.007,0,1.02816,0,0,1.61937,0.591209,1.028160,1,0,48.4801,0,0,0,48.4801,0
82.0482,3.21985,0,0,2.34802,0.219526,0.36288,3.6288,58.1615,0.511975,0,0,0.538784,0.226448,0,0.66528,12.849,1,0.495457,0.36288,0,42.8997,4.82338,37.9437,0.84672,12.849,0.84672,3695.15,0,18.483,0.162143,0.431775,2.01132,4.17845,1.09686,5.36254,0.42336,0,0,18.483,0.42336,442.007,0,1.02816,0,0,1.45994,0.431775,1.028160,1,0,43.3063,0,0,0,43.3063,0
80.5023,3.21244,0,0,2.18122,0.151793,0.36288,3.6288,57.9117,0.511625,0,0,0.515794,0.253923,0,0.66528,12.849,1,0.503078,0.36288,0,37.9567,5.14469,32.6718,0.84672,12.849,0.84672,3695.15,0,18.483,0.162588,0.381292,2.01143,3.98973,1.17895,5.04091,0.42336,0,0,18.483,0.42336,442.007,0,1.02816,0,0,1.40945,0.381292,1.028160,1,0,37.7128,0,0,0,37.7128,0
78.8496,3.20429,0,0,2.05338,0.13893,0.36288,3.6288,57.6216,0.524618,0,0,0.492631,0.258135,0,0.66528,12.849,1,0.511437,0.36288,0,37.4001,5.19824,32.0533,0.84672,12.849,0.84672,3695.15,0,18.483,0.167436,0.30119,2.01154,4.04123,1.19263,4.99389,0.42336,0,0,18.483,0.42336,442.007,0,1.01041,0,0,1.3116,0.30119,1.028160,1,0,37.0472,0,0,0,37.0472,0
78.196,3.19525,0,0,3.04421,0.139732,0.36288,3.6288,57.445,0.510615,0,0,0.583533,0.249528,0,0.66528,12.849,1,0.520684,0.36288,0,42.3673,5.25449,36.955,0.84672,12.849,0.84672,3695.15,0,18.483,0.163787,0.433227,2.01165,4.0619,1.2067,5.13629,0.42336,0,0,18.483,0.42336,442.007,0,1.02816,0,0,1.46139,0.433227,1.028160,1,0,42.0913,0,0,0,42.0913,0
77.7639,3.1631,0,0,3.23398,0.140036,0.36288,3.6288,57.257,0.546621,0,0,0.604593,0.245997,0,0.66528,12.849,1,0.519755,0.36288,0,43.8856,5.27699,38.4517,0.84672,12.849,0.84672,3695.15,0,18.483,0.175876,0.441115,2.01177,4.17266,1.21233,5.23733,0.42336,0,0,18.483,0.42336,442.007,0,1.02816,0,0,1.46928,0.441115,1.028160,1,0,43.6891,0,0,0,43.6891,0
77.042,3.1608,0,0,2.94115,0.139439,0.36288,3.6288,57.0546,0.546258,0,0,0.589556,0.245697,0,0.66528,12.849,1,0.522262,0.36288,0,43.0266,5.27699,37.5902,0.84672,12.849,0.84672,3695.15,0,18.483,0.176336,0.422081,2.04273,3.99816,1.21233,5.0743,0.42336,0,0,18.483,0.42336,442.007,0,1.02816,0,0,1.45024,0.422081,1.028160,1,0,42.6645,0,0,0,42.6645,0
76.0534,3.15678,0,0,2.66953,0.13844,0.36288,3.6288,56.8144,0.547941,0,0,0.553094,0.245374,0,0.66528,12.849,1,0.526486,0.36288,0,38.3402,5.27699,32.8996,0.84672,12.849,0.84672,3695.15,0,18.483,0.177507,0.261274,2.04284,3.8677,1.21233,4.78197,0.42336,0,0,18.483,0.42336,442.007,0,1.0254,0,0,1.28668,0.261274,1.028160,1,0,37.6815,0,0,0,37.6815,0
75.2224,3.1511,0,0,2.77715,0.0941755,0.36288,3.6288,56.5171,0.545369,0,0,0.561609,0.31353,0,0.66528,12.849,1,0.53237,0.36288,0,37.637,6.14633,31.3211,0.84672,12.849,0.84672,3695.15,0,18.483,0.177421,0.377326,2.04295,3.93562,1.53574,4.64273,0.42336,0,0,18.483,0.42336,442.007,0,1.02816,0,0,1.40549,0.377326,1.028160,1,0,35.9639,0,0,0,35.9639,0
74.6809,3.21968,0,0,3.1449,0.103798,0.36288,3.6288,56.2931,0.576983,0,0,0.650825,0.297795,0,0.66528,12.849,1,0.549966,0.36288,0,41.1351,5.84955,35.0985,0.84672,12.849,0.84672,3695.15,0,18.483,0.188693,0.624819,2.04307,4.55928,1.44263,5.59584,0.42336,0,0,18.483,0.42336,442.007,0,1.02816,0,0,1.65298,0.624819,1.028160,1,0,40.6943,0,0,0,40.6943,0
73.8271,3.21646,0,0,2.82878,0.103226,0.36288,3.6288,56.0297,0.576493,0,0,0.610462,0.29736,0,0.66528,12.849,1,0.553399,0.36288,0,38.7678,5.84955,32.7277,0.84672,12.849,0.84672,3695.15,0,18.483,0.189283,0.572003,2.09235,4.65442,1.44263,5.68686,0.42336,0,0,18.483,0.42336,442.007,0,1.02816,0,0,1.60016,0.572003,1.028160,1,0,38.4146,0,0,0,38.4146,0
72.7251,3.21119,0,0,2.57432,0.102324,0.36288,3.6288,55.7426,0.575899,0,0,0.585644,0.296849,0,0.66528,12.849,1,0.558881,0.36288,0,36.4128,5.84955,30.3673,0.84672,12.849,0.84672,3695.15,0,18.483,0.189977,0.420846,2.09247,4.32705,1.44263,5.20776,0.42336,0,0,18.483,0.42336,442.007,0,1.02816,0,0,1.44901,0.420846,1.028160,1,0,35.5751,0,0,0,35.5751,0
71.3057,3.20417,0,0,2.22759,0.0799157,0.36288,3.6288,55.4475,0.575239,0,0,0.583192,0.303109,0,0.66528,12.849,1,0.56611,0.36288,0,34.7419,6.09137,28.4473,0.84672,12.849,0.84672,3695.15,0,18.483,0.190736,0.404965,2.09258,4.38481,1.47267,5.21895,0.42336,0,0,18.483,0.42336,442.007,0,1.02816,0,0,1.43313,0.404965,1.028160,1,0,33.6662,0,0,0,33.6662,0
69.5802,3.40817,0,0,2.14573,0.100158,0.36288,3.6288,54.9347,0.736862,0,0,0.508163,0.284072,0,0.66528,12.849,1,0.614138,0.36288,0,28.8822,5.77103,22.8599,0.84672,12.849,0.84672,3695.15,0,18.483,0.255272,0.227405,2.0927,4.01343,1.41119,4.66707,0.42336,0,0,18.483,0.42336,442.007,0,0.956578,0,0,1.18398,0.227405,1.028160,1,0,27.527,0,0,0,27.527,0
68.1507,3.3955,0,0,2.42746,0.0985898,0.36288,3.6288,54.5813,0.66528,0,0,0.596729,0.28487,0,0.66528,12.849,1,0.627029,0.36288,0,33.878,5.82477,27.7891,0.84672,12.849,0.84672,3695.15,0,18.483,0.255381,0.376635,2.25936,4.06534,1.44062,5.00533,0.42336,0,0,18.483,0.42336,442.007,0,1.02816,0,0,1.40479,0.376635,1.028160,1,0,32.7945,0,0,0,32.7945,0
66.2304,3.38462,0,0,1.92469,0.097498,0.36288,3.6288,53.9245,0.820448,0,0,0.447896,0.284206,0,0.66528,12.849,1,0.638131,0.36288,0,37.1995,5.82477,31.0995,0.84672,12.849,0.84672,3695.15,0,18.483,0.27783,0.204422,2.25948,3.26416,1.44062,4.00961,0.42336,0,0,18.483,0.42336,442.007,0,0.850651,0,0,1.05507,0.204422,1.028160,1,0,35.1091,0,0,0,35.1091,0
64.7415,3.36932,0,0,2.33939,0.0960313,0.36288,3.6288,53.6964,0.66528,0,0,0.720092,0.282974,0,0.66528,12.849,1,0.653663,0.36288,0,32.4266,5.82477,26.3111,0.84672,12.849,0.84672,3695.15,0,18.483,0.255598,0.721086,2.25961,4.70326,1.44062,5.98774,0.42336,0,0,18.483,0.42336,442.007,0,1.02816,0,0,1.74925,0.721086,1.028160,1,0,32.2988,0,0,0,32.2988,0
62.8849,3.35696,0,0,1.98372,0.120513,0.36288,3.6288,53.2035,0.785464,0,0,0.542222,0.24966,0,0.66528,12.849,1,0.666243,0.36288,0,28.4872,4.98873,23.1951,0.84672,12.849,0.84672,3695.15,0,18.483,0.270367,0.204422,2.25973,3.82845,1.33343,4.68882,0.42336,0,0,18.483,0.42336,442.007,0,0.893316,0,0,1.09774,0.204422,1.028160,1,0,27.8839,0,0,0,27.8839,0
61.0073,3.23888,0,0,1.86181,0.13764,0.36288,3.6288,52.5762,0.905578,0,0,0.502508,0.224151,0,0.66528,12.849,1,0.661787,0.36288,0,24.3565,4.3617,19.6959,0.84672,12.849,0.84672,3695.15,0,18.483,0.3146,0.204422,2.25986,2.85903,1.25303,3.75568,0.42336,0,0,18.483,0.42336,442.007,0,0.635291,0,0,0.839713,0.204422,1.028160,1,0,23.4516,0,0,0,23.4516,0
59.0985,3.22224,0,0,1.81187,0.135528,0.36288,3.6288,52.4927,0.612196,0,0,0.751651,0.223028,0,0.66528,12.849,1,0.678649,0.36288,0,30.8772,4.3617,26.1997,0.84672,12.849,0.84672,3695.15,0,18.483,0.215216,0.357324,2.16452,3.58868,1.25303,4.64227,0.42336,0,0,18.483,0.42336,442.007,0,1.02816,0,0,1.38548,0.357324,1.028160,1,0,30.842,0,0,0,30.842,0
58.914,3.20441,0,0,3.57347,0.190665,0.36288,3.6288,52.577,0.612019,0,0,0.908911,0.212549,0,0.66528,12.849,1,0.696692,0.36288,0,69.4248,3.77517,65.3158,0.84672,12.849,0.84672,3695.15,0,18.483,0.215496,0.340718,2.16464,5.37127,1.10773,6.55341,0.42336,0,0,18.483,0.42336,442.007,0,1.02816,0,0,1.36888,0.340718,1.028160,1,0,71.8692,0,0,0,71.8692,0
59.482,3.2028,0,0,4.32423,0.190577,0.36288,3.6288,52.4997,0.612352,0,0,0.741773,0.206687,0,0.66528,12.849,1,0.698522,0.36288,0,65.7686,3.81199,61.621,0.84672,12.849,0.84672,3695.15,0,18.483,0.215267,0.314055,2.16476,6.78553,1.08175,7.96733,0.42336,0,0,18.483,0.42336,442.007,0,1.02816,0,0,1.34222,0.314055,1.028160,1,0,69.5883,0,0,0,69.5883,0
57.9868,3.12558,0,0,2.18635,0.193138,0.36288,3.6288,52.5299,0.549039,0,0,0.749704,0.17054,0,0.66528,12.849,1,0.675172,0.36288,0,36.2112,4.03294,31.866,0.84672,12.849,0.84672,3695.15,0,18.483,0.193294,0.407868,2.16488,5.11486,0.925878,6.56844,0.42336,0,0,18.483,0.42336,442.007,0,1.02816,0,0,1.43603,0.407868,1.028160,1,0,38.4344,0,0,0,38.4344,0
57.7899,3.1115,0,0,3.46788,0.190362,0.36288,3.6288,53.3796,0.549194,0,0,1.56954,0.170581,0,0.66528,12.849,1,0.689462,0.36288,0,49.2682,4.03294,44.9087,0.84672,12.849,0.84672,3695.15,0,18.483,0.193238,1.43251,2.08014,8.23548,0.925878,10.629,0.42336,0,0,18.483,0.42336,442.007,0,1.02816,0,0,2.46067,1.43251,1.028160,1,0,55.5377,0,0,0,55.5377,0
56.3553,3.10975,0,0,2.22806,0.189997,0.36288,3.6288,53.8266,0.551553,0,0,1.17024,0.171745,0,0.66528,12.849,1,0.691422,0.36288,0,33.8859,4.03294,29.5244,0.84672,12.849,0.84672,3695.15,0,18.483,0.190978,1.10616,2.08026,8.12557,0.925878,10.1951,0.42336,0,0,18.483,0.42336,442.007,0,1.02816,0,0,2.13432,1.10616,1.028160,1,0,39.7196,0,0,0,39.7196,0
57.0054,3.09559,0,0,4.36121,0.252638,0.36288,3.6288,54.4203,0.552807,0,0,1.34191,0.19536,0,0.66528,12.849,1,0.705794,0.36288,0,85.4978,4.43888,80.716,0.84672,12.849,0.84672,3695.15,0,18.483,0.189823,1.22931,2.08038,10.2913,1.02065,12.3906,0.42336,0,0,18.483,0.42336,442.007,0,1.02816,0,0,2.25747,1.22931,1.028160,1,0,93.1066,0,0,0,93.1066,0
59.0294,2.86869,0,0,5.49774,0.242183,0.36288,3.6288,55.0443,0.421644,0,0,1.22649,0.180881,0,0.66528,12.849,1,0.646602,0.36288,0,151.374,3.85081,147.239,0.84672,12.849,0.84672,3695.15,0,18.483,0.143205,1.13974,2.08049,13.4247,1.00956,15.4921,0.42336,0,0,18.483,0.42336,442.007,0,1.02816,0,0,2.1679,1.13974,1.028160,1,0,162.731,0,0,0,162.731,0
60.9734,2.88706,0,0,5.43888,0.244954,0.36288,3.6288,56.3024,0.422926,0,0,1.86006,0.179075,0,0.66528,12.849,1,0.62843,0.36288,0,127.073,3.75281,123.054,0.84672,12.849,0.84672,3695.15,0,18.483,0.142012,1.49583,1.88952,17.0668,1.00771,19.3024,0.42336,0,0,18.483,0.42336,442.007,0,1.02816,0,0,2.52399,1.49583,1.028160,1,0,142.357,0,0,0,142.357,0
63.7323,2.90377,0,0,6.27494,0.249356,0.36288,3.6288,56.8044,0.425381,0,0,1.10802,0.180558,0,0.66528,12.849,1,0.611916,0.36288,0,173.289,3.75281,169.287,0.84672,12.849,0.84672,3695.15,0,18.483,0.139645,0.952508,1.88963,9.84563,1.00771,11.5404,0.42336,0,0,18.483,0.42336,442.007,0,1.02816,0,0,1.98067,0.952508,1.028160,1,0,180.828,0,0,0,180.828,0
65.7082,2.92598,0,0,5.51815,0.253474,0.36288,3.6288,57.6901,0.42638,0,0,1.49784,0.18584,0,0.66528,12.849,1,0.589904,0.36288,0,81.21,3.91847,77.0645,0.84672,12.849,0.84672,3695.15,0,18.483,0.138735,1.37824,1.88974,12.6074,1.04607,14.6906,0.42336,0,0,18.483,0.42336,442.007,0,1.02816,0,0,2.4064,1.37824,1.028160,1,0,91.755,0,0,0,91.755,0
67.8823,2.94098,0,0,5.74415,0.266096,0.36288,3.6288,59.1089,0.42806,0,0,2.05951,0.212617,0,0.66528,12.849,1,0.575099,0.36288,0,73.3211,4.17074,68.9382,0.84672,12.849,0.84672,3695.15,0,18.483,0.137144,1.50758,1.88984,11.6105,1.25961,13.6111,0.42336,0,0,18.483,0.42336,442.007,0,1.02816,0,0,2.53574,1.50758,1.028160,1,0,82.5493,0,0,0,82.5493,0
67.8216,3.04924,0,0,3.63468,0.283318,0.36288,3.6288,59.3084,0.469879,0,0,0.901057,0.231701,0,0.66528,12.849,1,0.577171,0.36288,0,68.4374,5.08694,63.1361,0.84672,12.849,0.84672,3695.15,0,18.483,0.146928,0.917317,1.88995,5.19984,1.51661,6.34356,0.42336,0,0,18.483,0.42336,442.007,0,1.02816,0,0,1.94548,0.917317,1.028160,1,0,69.4797,0,0,0,69.4797,0
70.7571,3.04895,0,0,6.63056,0.283182,0.36288,3.6288,59.6401,0.470314,0,0,1.03401,0.231997,0,0.66528,12.849,1,0.577633,0.36288,0,64.5904,5.08694,59.2887,0.84672,12.849,0.84672,3695.15,0,18.483,0.14657,1.17756,1.95049,5.81586,1.51661,7.28073,0.42336,0,0,18.483,0.42336,442.007,0,1.02816,0,0,2.20572,1.17756,1.028160,1,0,66.5694,0,0,0,66.5694,0
70.259,3.06938,0,0,3.24209,0.30797,0.36288,3.6288,59.9339,0.470995,0,0,0.98909,0.224306,0,0.66528,12.849,1,0.557377,0.36288,0,52.3606,4.6312,47.5349,0.84672,12.849,0.84672,3695.15,0,18.483,0.145966,1.14868,1.95058,4.4448,1.3762,6.0219,0.42336,0,0,18.483,0.42336,442.007,0,1.02816,0,0,2.17684,1.14868,1.028160,1,0,53.5568,0,0,0,53.5568,0
69.8749,3.06618,0,0,3.39726,0.352265,0.36288,3.6288,60.3311,0.471601,0,0,1.07304,0.204228,0,0.66528,12.849,1,0.560744,0.36288,0,46.8096,3.49188,43.1199,0.84672,12.849,0.84672,3695.15,0,18.483,0.145437,1.48844,1.95067,5.36077,1.02516,7.62928,0.42336,0,0,18.483,0.42336,442.007,0,1.02816,0,0,2.5166,1.48844,1.028160,1,0,50.7492,0,0,0,50.7492,0
69.1112,3.36255,0,0,3.3107,0.348962,0.36288,3.6288,60.2754,0.620475,0,0,0.766549,0.201712,0,0.66528,12.849,1,0.618324,0.36288,0,41.6776,5.03045,36.3917,0.84672,12.849,0.84672,3695.15,0,18.483,0.190089,1.4762,1.95076,4.3295,1.42741,6.13896,0.42336,0,0,18.483,0.42336,442.007,0,1.02816,0,0,2.50436,1.4762,1.028160,1,0,42.5307,0,0,0,42.5307,0
68.0845,3.35694,0,0,3.01561,0.322503,0.36288,3.6288,60.0729,0.620407,0,0,0.626625,0.208764,0,0.66528,12.849,1,0.624115,0.36288,0,50.2699,5.0768,44.9319,0.84672,12.849,0.84672,3695.15,0,18.483,0.190243,1.06166,2.16661,4.00239,1.47681,5.56361,0.42336,0,0,18.483,0.42336,442.007,0,1.02816,0,0,2.08982,1.06166,1.028160,1,0,50.4955,0,0,0,50.4955,0
67.6895,3.34918,0,0,3.62358,0.30654,0.36288,3.6288,60.0266,0.619982,0,0,0.78713,0.213393,0,0.66528,12.849,1,0.632062,0.36288,0,49.1547,4.99526,43.8903,0.84672,12.849,0.84672,3695.15,0,18.483,0.190754,1.40854,2.16671,5.14058,1.40008,7.125,0.42336,0,0,18.483,0.42336,442.007,0,1.02816,0,0,2.4367,1.40854,1.028160,1,0,51.0153,0,0,0,51.0153,0
68.9726,3.34624,0,0,5.31189,0.319712,0.36288,3.6288,60.297,0.619935,0,0,1.10014,0.20989,0,0.66528,12.849,1,0.635191,0.36288,0,98.5565,4.88775,93.3964,0.84672,12.849,0.84672,3695.15,0,18.483,0.190886,1.65877,2.16682,6.17268,1.29314,8.51424,0.42336,0,0,18.483,0.42336,442.007,0,1.02816,0,0,2.68693,1.65877,1.028160,1,0,101.911,0,0,0,101.911,0
69.5883,2.93091,0,0,4.21502,0.305513,0.36288,3.6288,61.0184,0.421916,0,0,1.36431,0.220965,0,0.66528,12.849,1,0.546004,0.36288,0,71.5171,4.45378,66.8802,0.84672,12.849,0.84672,3695.15,0,18.483,0.129331,1.69424,2.16692,8.05792,1.09276,10.697,0.42336,0,0,18.483,0.42336,442.007,0,1.02816,0,0,2.7224,1.69424,1.028160,1,0,77.5772,0,0,0,77.5772,0
70.0566,2.93513,0,0,4.07335,0.306977,0.36288,3.6288,61.308,0.470998,0,0,1.17753,0.221979,0.194932,0.66528,12.849,1,0.541952,0.36288,0,74.3351,4.45378,69.7022,0.84672,12.849,0.84672,3695.15,0,18.483,0.142669,0.608429,1.87182,6.35992,1.09276,7.60475,0.42336,0,0,18.483,0.42336,442.007,0,0.965814,0,0,1.57424,0.608429,1.028160,1,0,77.5019,0,0,0,77.5019,0
72.2606,2.93833,0,0,5.81326,0.308091,0.36288,3.6288,61.308,0.423668,0,0,1.62677,0.222386,0.98072,0.66528,12.849,1,0.538915,0.36288,0,89.3151,4.45378,84.6853,0.84672,12.849,0.84672,3695.15,0,18.483,0.127727,1.37231,1.87191,9.61502,1.09276,11.6388,0.42336,0,0,18.483,0.42336,442.007,0,1.02816,0,0,2.40047,1.37231,1.028160,1,0,97.3048,0,0,0,97.3048,0
75.1276,2.95242,0,0,6.45149,0.269141,0.36288,3.6288,61.308,0.423725,0,0,2.30431,0.2001,1.68048,0.66528,12.849,1,0.524984,0.36288,0,104.115,4.51773,99.4348,0.84672,12.849,0.84672,3695.15,0,18.483,0.127744,5.15703,1.872,10.9255,0.972746,16.8541,0.42336,0,0,18.483,0.42336,442.007,0,1.02816,0,0,6.18519,5.15703,1.028160,1,0,117.969,0,0,0,117.969,0
75.0169,2.96967,0,0,3.57496,0.353163,0.36288,3.6288,61.308,0.423782,0,0,1.20919,0.210478,0.574934,0.66528,12.849,1,0.507899,0.36288,0,68.1839,4.54431,63.4946,0.84672,12.849,0.84672,3695.15,0,18.483,0.127761,1.11093,1.87209,5.87044,0.966971,7.75873,0.42336,0,0,18.483,0.42336,442.007,0,1.02816,0,0,2.13909,1.11093,1.028160,1,0,71.8283,0,0,0,71.8283,0
73.8669,3.07765,0,0,2.62549,0.334945,0.36288,3.6288,61.308,0.472658,0,0,1.15979,0.218262,0.468871,0.66528,12.849,1,0.527145,0.36288,0,49.6047,4.56424,44.8762,0.84672,12.849,0.84672,3695.15,0,18.483,0.142496,0.985185,1.87217,4.69195,0.962639,6.44418,0.42336,0,0,18.483,0.42336,442.007,0,1.02816,0,0,2.01334,0.985185,1.028160,1,0,51.7893,0,0,0,51.7893,0
74.2189,3.07081,0,0,4.11675,0.331018,0.36288,3.6288,61.308,0.472716,0,0,1.52709,0.218262,0.836116,0.66528,12.849,1,0.534161,0.36288,0,68.002,4.56424,63.2665,0.84672,12.849,0.84672,3695.15,0,18.483,0.142514,1.43313,1.94516,5.36996,0.962639,7.6431,0.42336,0,0,18.483,0.42336,442.007,0,1.02816,0,0,2.46129,1.43313,1.028160,1,0,71.7457,0,0,0,71.7457,0
73.8153,3.07311,0,0,3.36452,0.33222,0.36288,3.6288,61.308,0.472775,0,0,1.19362,0.218262,0.502579,0.66528,12.849,1,0.532026,0.36288,0,60.6489,4.56424,55.9155,0.84672,12.849,0.84672,3695.15,0,18.483,0.142531,0.939142,1.94525,4.99248,0.962639,6.7717,0.42336,0,0,18.483,0.42336,442.007,0,1.02816,0,0,1.9673,0.939142,1.028160,1,0,63.1898,0,0,0,63.1898,0
72.7381,3.07077,0,0,2.63749,0.280956,0.36288,3.6288,61.308,0.472834,0,0,0.859257,0.213454,0.172969,0.66528,12.849,1,0.534529,0.36288,0,49.5575,4.46716,44.9187,0.84672,12.849,0.84672,3695.15,0,18.483,0.142549,0.558835,1.94534,3.61505,0.970961,5.00572,0.42336,0,0,18.483,0.42336,442.007,0,1.02816,0,0,1.587,0.558835,1.028160,1,0,50.0974,0,0,0,50.0974,0
71.6313,3.02196,0,0,2.57002,0.292042,0.36288,3.6288,61.2047,0.536898,0,0,0.630609,0.197033,0,0.66528,12.849,1,0.533821,0.36288,0,41.0796,4.26848,36.6402,0.84672,12.849,0.84672,3695.15,0,18.483,0.161863,0.528595,1.94544,3.64866,1.00246,4.95837,0.42336,0,0,18.483,0.42336,442.007,0,0.920177,0,0,1.44877,0.528595,1.028160,1,0,41.5985,0,0,0,41.5985,0
70.3943,3.01511,0,0,2.31162,0.170636,0.36288,3.6288,60.8814,0.616252,0,0,0.523032,0.230018,0,0.66528,12.849,1,0.54084,0.36288,0,36.8515,4.59455,32.079,0.84672,12.849,0.84672,3695.15,0,18.483,0.1861,0.528595,1.91714,3.34199,1.02594,4.57569,0.42336,0,0,18.483,0.42336,442.007,0,0.816661,0,0,1.34526,0.528595,1.028160,1,0,36.6547,0,0,0,36.6547,0
69.1243,3.00721,0,0,2.22764,0.127498,0.36288,3.6288,60.7037,0.475804,0,0,0.54713,0.249114,0,0.66528,12.849,1,0.548903,0.36288,0,35.293,4.76752,30.3395,0.84672,12.849,0.84672,3695.15,0,18.483,0.144449,0.402797,1.91723,3.5487,1.03627,4.68801,0.42336,0,0,18.483,0.42336,442.007,0,0.998836,0,0,1.40163,0.402797,1.028160,1,0,35.0275,0,0,0,35.0275,0
67.6999,2.99884,0,0,2.06356,0.126252,0.36288,3.6288,60.4209,0.541758,0,0,0.50783,0.248833,0,0.66528,12.849,1,0.557433,0.36288,0,32.2037,4.76752,27.2416,0.84672,12.849,0.84672,3695.15,0,18.483,0.164954,0.402797,1.91732,3.48285,1.03627,4.60175,0.42336,0,0,18.483,0.42336,442.007,0,0.912453,0,0,1.31525,0.402797,1.028160,1,0,31.8434,0,0,0,31.8434,0
66.1494,3.13092,0,0,2.08125,0.137965,0.36288,3.6288,60.0249,0.635573,0,0,0.524142,0.284567,0,0.66528,12.849,1,0.594228,0.36288,0,32.5035,4.6308,27.6414,0.84672,12.849,0.84672,3695.15,0,18.483,0.194425,0.402797,1.91741,2.94932,1.0881,3.98701,0.42336,0,0,18.483,0.42336,442.007,0,0.876787,0,0,1.27958,0.402797,1.028160,1,0,31.6284,0,0,0,31.6284,0
64.4926,3.1194,0,0,1.91389,0.0884461,0.36288,3.6288,59.4721,0.749438,0,0,0.472529,0.27588,0,0.66528,12.849,1,0.60592,0.36288,0,31.0248,4.72605,26.0557,0.84672,12.849,0.84672,3695.15,0,18.483,0.230769,0.402797,2.01676,2.72518,1.05472,3.85924,0.42336,0,0,18.483,0.42336,442.007,0,0.726659,0,0,1.12946,0.402797,1.028160,1,0,29.9149,0,0,0,29.9149,0
62.7304,3.10657,0,0,1.79456,0.0872798,0.36288,3.6288,59.0173,0.640012,0,0,0.460129,0.274908,0,0.66528,12.849,1,0.618929,0.36288,0,27.8381,4.72605,22.856,0.84672,12.849,0.84672,3695.15,0,18.483,0.198906,0.30119,2.01685,2.49989,1.05472,3.5643,0.42336,0,0,18.483,0.42336,442.007,0,0.868026,0,0,1.16922,0.30119,1.028160,1,0,26.4203,0,0,0,26.4203,0
60.9116,3.09228,0,0,1.72245,0.0860394,0.36288,3.6288,58.5836,0.61195,0,0,0.452329,0.274109,0,0.66528,12.849,1,0.633389,0.36288,0,24.5284,4.72605,19.5318,0.84672,12.849,0.84672,3695.15,0,18.483,0.19165,0.30119,2.01694,2.31834,1.05472,3.3901,0.42336,0,0,18.483,0.42336,442.007,0,0.903424,0,0,1.20461,0.30119,1.028160,1,0,22.9219,0,0,0,22.9219,0
58.8452,3.07681,0,0,1.45048,0.0772522,0.36288,3.6288,58.1759,0.610866,0,0,0.488433,0.285272,0,0.66528,12.849,1,0.649037,0.36288,0,23.4476,5.33589,17.8255,0.84672,12.849,0.84672,3695.15,0,18.483,0.192727,0.30119,2.01704,2.10338,1.19254,3.03634,0.42336,0,0,18.483,0.42336,442.007,0,0.903511,0,0,1.2047,0.30119,1.028160,1,0,20.8619,0,0,0,20.8619,0
56.5817,3.03085,0,0,1.20054,0.0702686,0.36288,3.6288,57.7554,0.650706,0,0,0.523645,0.293445,0,0.66528,12.849,1,0.661795,0.36288,0,21.4017,5.79327,15.3095,0.84672,12.849,0.84672,3695.15,0,18.483,0.206735,0.30119,2.01713,2.06645,1.29591,2.88213,0.42336,0,0,18.483,0.42336,442.007,0,0.897869,0,0,1.19906,0.30119,1.028160,1,0,18.1917,0,0,0,18.1917,0
54.2992,3.00942,0,0,1.15853,0.0687306,0.36288,3.6288,57.2237,0.726602,0,0,0.48762,0.292649,0,0.66528,12.849,1,0.683401,0.36288,0,19.5794,5.79327,13.4657,0.84672,12.849,0.84672,3695.15,0,18.483,0.232529,0.261274,2.04816,2.00134,1.29591,2.78233,0.42336,0,0,18.483,0.42336,442.007,0,0.796262,0,0,1.05754,0.261274,1.028160,1,0,16.248,0,0,0,16.248,0
52.0021,2.98633,0,0,1.11479,0.0627302,0.36288,3.6288,56.6265,0.767702,0,0,0.466426,0.295971,0,0.66528,12.849,1,0.706665,0.36288,0,17.5408,5.83124,11.3658,0.84672,12.849,0.84672,3695.15,0,18.483,0.247964,0.261274,2.04825,1.99126,1.3184,2.73442,0.42336,0,0,18.483,0.42336,442.007,0,0.739809,0,0,1.00108,0.261274,1.028160,1,0,14.1002,0,0,0,14.1002,0
49.8176,2.96144,0,0,1.17519,0.0353398,0.36288,3.6288,56.1518,0.713844,0,0,0.55682,0.317714,0,0.66528,12.849,1,0.73173,0.36288,0,19.7646,6.01963,13.3761,0.84672,12.849,0.84672,3695.15,0,18.483,0.233,0.261274,2.04835,2.05879,1.4487,2.68671,0.42336,0,0,18.483,0.42336,442.007,0,0.808713,0,0,1.06999,0.261274,1.028160,1,0,16.0628,0,0,0,16.0628,0
47.4652,3.00459,0,0,1.05049,0.0353797,0.36288,3.6288,55.4464,0.885399,0,0,0.478933,0.298931,0,0.66528,12.849,1,0.774946,0.36288,0,19.5389,5.78329,13.3436,0.84672,12.849,0.84672,3695.15,0,18.483,0.291439,0.261274,2.04844,1.89113,1.42092,2.48849,0.42336,0,0,18.483,0.42336,442.007,0,0.6217,0,0,0.882973,0.261274,1.028160,1,0,15.8321,0,0,0,15.8321,0
45.0604,2.9745,0,0,0.967023,0.0344904,0.36288,3.6288,54.7123,0.842538,0,0,0.406023,0.297553,0,0.66528,12.849,1,0.805207,0.36288,0,16.0492,5.78329,9.82361,0.84672,12.849,0.84672,3695.15,0,18.483,0.280859,0.261274,2.09784,1.82854,1.42092,2.48587,0.42336,0,0,18.483,0.42336,442.007,0,0.675225,0,0,0.936498,0.261274,1.028160,1,0,12.3095,0,0,0,12.3095,0
42.6082,2.9412,0,0,0.885462,0.03358,0.36288,3.6288,53.8761,0.916089,0,0,0.376062,0.296119,0,0.66528,12.849,1,0.838685,0.36288,0,15.2547,5.78329,8.9956,0.84672,12.849,0.84672,3695.15,0,18.483,0.309475,0.227405,2.09793,1.60728,1.42092,2.20223,0.42336,0,0,18.483,0.42336,442.007,0,0.573143,0,0,0.800548,0.227405,1.028160,1,0,11.1978,0,0,0,11.1978,0
40.2514,2.90425,0,0,0.935539,0.0252507,0.36288,3.6288,53.2151,0.793358,0,0,0.431714,0.299422,0,0.66528,12.849,1,0.875811,0.36288,0,14.9613,5.93285,8.51551,0.84672,12.849,0.84672,3695.15,0,18.483,0.272173,0.227405,2.09803,2.12622,1.4508,2.72868,0.42336,0,0,18.483,0.42336,442.007,0,0.73326,0,0,0.960664,0.227405,1.028160,1,0,11.2442,0,0,0,11.2442,0
37.7044,3.05689,0,0,0.899735,0.026972,0.36288,3.6288,52.472,0.902019,0,0,0.434483,0.275593,0,0.66528,12.849,1,0.975817,0.36288,0,14.9432,5.59224,8.73805,0.84672,12.849,0.84672,3695.15,0,18.483,0.313295,0.227405,2.09813,1.90503,1.35106,2.5662,0.42336,0,0,18.483,0.42336,442.007,0,0.738435,0,0,0.96584,0.227405,1.028160,1,0,11.3042,0,0,0,11.3042,0
35.1077,3.00786,0,0,0.798621,0.0245544,0.36288,3.6288,51.6525,0.946611,0,0,0.409203,0.282056,0,0.66528,12.849,1,1.02503,0.36288,0,15.1366,5.5271,8.94735,0.84672,12.849,0.84672,3695.15,0,18.483,0.333439,0.227405,2.2652,1.66929,1.31332,2.51513,0.42336,0,0,18.483,0.42336,442.007,0,0.67379,0,0,0.901195,0.227405,1.028160,1,0,11.4625,0,0,0,11.4625,0
32.6789,2.9525,0,0,0.910405,0.0238055,0.36288,3.6288,50.9218,0.870421,0,0,0.419945,0.2802,0,0.66528,12.849,1,1.08058,0.36288,0,15.3341,5.5271,9.0893,0.84672,12.849,0.84672,3695.15,0,18.483,0.311466,0.204422,2.2653,2.35696,1.31332,3.20189,0.42336,0,0,18.483,0.42336,442.007,0,0.772044,0,0,0.976467,0.204422,1.028160,1,0,12.2912,0,0,0,12.2912,0
30.2991,2.89499,0,0,0.901178,0.023105,0.36288,3.6288,50.182,0.88854,0,0,0.427313,0.278544,0,0.66528,12.849,1,1.13828,0.36288,0,14.1866,5.5271,7.88413,0.84672,12.849,0.84672,3695.15,0,18.483,0.322512,0.204422,2.26541,1.87147,1.31332,2.70546,0.42336,0,0,18.483,0.42336,442.007,0,0.742971,0,0,0.947393,0.204422,1.028160,1,0,10.5896,0,0,0,10.5896,0
27.9275,2.83234,0,0,0.847748,0.0241575,0.36288,3.6288,49.5063,0.859913,0,0,0.44452,0.260337,0,0.66528,12.849,1,1.20112,0.36288,0,14.7316,5.61261,8.28079,0.84672,12.849,0.84672,3695.15,0,18.483,0.316722,0.204422,2.26551,1.74985,1.24302,2.66004,0.42336,0,0,18.483,0.42336,442.007,0,0.777479,0,0,0.981901,0.204422,1.028160,1,0,10.9408,0,0,0,10.9408,0
25.8214,2.67832,0,0,0.953415,0.01827,0.36288,3.6288,49.4756,0.605834,0,0,0.811937,0.236804,0,0.66528,12.849,1,1.23225,0.36288,0,15.4983,5.67483,8.95406,0.84672,12.849,0.84672,3695.15,0,18.483,0.226186,1.07218,2.26562,2.30707,1.15943,4.25925,0.42336,0,0,18.483,0.42336,442.007,0,1.02816,0,0,2.10034,1.07218,1.028160,1,0,13.2133,0,0,0,13.2133,0
23.6379,2.61133,0,0,0.808428,0.0177398,0.36288,3.6288,48.9759,0.703758,0,0,0.440811,0.236744,0,0.66528,12.849,1,1.29943,0.36288,0,15.4764,5.67483,8.86503,0.84672,12.849,0.84672,3695.15,0,18.483,0.262908,0.216518,2.17002,1.70645,1.15943,2.67065,0.42336,0,0,18.483,0.42336,442.007,0,0.893601,0,0,1.11012,0.216518,1.028160,1,0,11.5357,0,0,0,11.5357,0
21.6512,2.53369,0,0,0.950339,0.0404627,0.36288,3.6288,48.5343,0.681512,0,0,0.447859,0.207996,0,0.66528,12.849,1,1.37725,0.36288,0,15.5893,5.25957,9.31538,0.84672,12.849,0.84672,3695.15,0,18.483,0.257195,0.216518,2.17012,1.78207,1.02964,2.88187,0.42336,0,0,18.483,0.42336,442.007,0,0.921646,0,0,1.13816,0.216518,1.028160,1,0,12.1973,0,0,0,12.1973,0
21.4153,2.45449,0,0,2.67744,0.0960039,0.36288,3.6288,48.8807,0.602742,0,0,1.08724,0.138053,0,0.66528,12.849,1,1.45663,0.36288,0,49.8111,4.22142,44.4959,0.84672,12.849,0.84672,3695.15,0,18.483,0.229538,0.839402,2.17022,4.74329,0.705147,6.81823,0.42336,0,0,18.483,0.42336,442.007,0,1.02816,0,0,1.86756,0.839402,1.028160,1,0,51.3141,0,0,0,51.3141,0
20.7842,2.38143,0,0,2.18066,0.0674548,0.36288,3.6288,49.0813,0.54187,0,0,0.882291,0.139804,0,0.66528,12.849,1,1.42884,0.36288,0,26.8694,3.72621,22.0772,0.84672,12.849,0.84672,3695.15,0,18.483,0.204894,0.435361,2.17032,4.86501,0.965286,6.30051,0.42336,0,0,18.483,0.42336,442.007,0,1.02816,0,0,1.46352,0.435361,1.028160,1,0,28.3777,0,0,0,28.3777,0
19.9098,2.35473,0,0,1.943,0.0997589,0.36288,3.6288,48.8781,0.671488,0,0,0.602717,0.134417,0,0.66528,12.849,1,1.45572,0.36288,0,23.6477,3.78462,18.7702,0.84672,12.849,0.84672,3695.15,0,18.483,0.252868,0.216518,2.08535,4.0654,1.03969,5.07471,0.42336,0,0,18.483,0.42336,442.007,0,0.850651,0,0,1.06717,0.216518,1.028160,1,0,23.8449,0,0,0,23.8449,0
19.6956,2.31598,0,0,2.56327,0.0985605,0.36288,3.6288,49.5734,0.541982,0,0,1.37148,0.134192,0,0.66528,12.849,1,1.49464,0.36288,0,31.6389,3.78462,26.7225,0.84672,12.849,0.84672,3695.15,0,18.483,0.204948,1.69286,2.08545,7.22618,1.03969,9.75985,0.42336,0,0,18.483,0.42336,442.007,0,1.02816,0,0,2.72102,1.69286,1.028160,1,0,36.4824,0,0,0,36.4824,0
23.8648,2.30625,0,0,6.93654,0.0982669,0.36288,3.6288,52.0821,0.544137,0,0,3.1878,0.134964,0,0.66528,12.849,1,1.50455,0.36288,0,94.4971,3.78462,89.5709,0.84672,12.849,0.84672,3695.15,0,18.483,0.202876,3.88794,2.08554,12.5946,1.03969,17.3255,0.42336,0,0,18.483,0.42336,442.007,0,1.02816,0,0,4.9161,3.88794,1.028160,1,0,106.896,0,0,0,106.896,0
24.2117,2.29066,0,0,3.15162,0.151135,0.36288,3.6288,52.8889,0.419798,0,0,1.37117,0.144578,0,0.66528,12.849,1,1.23331,0.36288,0,39.0121,3.59457,34.5471,0.84672,12.849,0.84672,3695.15,0,18.483,0.148979,0.86006,2.08564,4.74212,0.958427,6.58041,0.42336,0,0,18.483,0.42336,442.007,0,1.02816,0,0,1.88822,0.86006,1.028160,1,0,41.1275,0,0,0,41.1275,0
26.5282,2.30231,0,0,5.14337,0.161696,0.36288,3.6288,54.2227,0.421538,0,0,1.92149,0.166232,0,0.66528,12.849,1,1.22182,0.36288,0,62.2077,3.79134,57.5575,0.84672,12.849,0.84672,3695.15,0,18.483,0.147314,1.87659,1.89418,5.58109,1.01658,8.18798,0.42336,0,0,18.483,0.42336,442.007,0,1.02816,0,0,2.90475,1.87659,1.028160,1,0,65.7454,0,0,0,65.7454,0
28.1328,2.3743,0,0,4.50865,0.166918,0.36288,3.6288,55.0663,0.424296,0,0,1.49101,0.223053,0,0.66528,12.849,1,1.15,0.36288,0,54.0937,4.50801,48.7986,0.84672,12.849,0.84672,3695.15,0,18.483,0.144631,0.887069,1.89427,5.47716,1.27936,6.83451,0.42336,0,0,18.483,0.42336,442.007,0,1.02816,0,0,1.91523,0.887069,1.028160,1,0,55.6331,0,0,0,55.6331,0
31.8093,2.41944,0,0,6.61089,0.152006,0.36288,3.6288,57.3118,0.42601,0,0,2.86089,0.189426,0,0.66528,12.849,1,1.10502,0.36288,0,77.639,3.39958,73.4973,0.84672,12.849,0.84672,3695.15,0,18.483,0.14299,2.74082,1.89436,8.35549,0.909304,11.9384,0.42336,0,0,18.483,0.42336,442.007,0,1.02816,0,0,3.76898,2.74082,1.028160,1,0,85.4357,0,0,0,85.4357,0
35.4611,2.51053,0,0,6.69154,0.166428,0.36288,3.6288,58.8577,0.430303,0,0,2.18439,0.208119,0,0.66528,12.849,1,1.0141,0.36288,0,78.7225,3.83657,74.2347,0.84672,12.849,0.84672,3695.15,0,18.483,0.138772,2.31178,1.89445,9.47134,1.01389,12.5249,0.42336,0,0,18.483,0.42336,442.007,0,1.02816,0,0,3.33994,2.31178,1.028160,1,0,86.7596,0,0,0,86.7596,0
37.5011,2.66834,0,0,5.2631,0.191874,0.36288,3.6288,59.6418,0.472432,0,0,1.50683,0.250337,0,0.66528,12.849,1,0.96685,0.36288,0,87.1292,4.92901,81.5962,0.84672,12.849,0.84672,3695.15,0,18.483,0.148357,1.6898,1.89454,9.49415,1.27534,11.6548,0.42336,0,0,18.483,0.42336,442.007,0,1.02816,0,0,2.71796,1.6898,1.028160,1,0,93.251,0,0,0,93.251,0
38.3671,2.70762,0,0,4.13313,0.196596,0.36288,3.6288,60.1217,0.473968,0,0,1.20546,0.251597,0,0.66528,12.849,1,0.927712,0.36288,0,99.0662,4.92901,93.5724,0.84672,12.849,0.84672,3695.15,0,18.483,0.146883,1.2134,1.95521,8.20169,1.27534,9.94808,0.42336,0,0,18.483,0.42336,442.007,0,1.02816,0,0,2.24156,1.2134,1.028160,1,0,103.52,0,0,0,103.52,0
38.8351,2.72341,0,0,3.75908,0.204743,0.36288,3.6288,60.4329,0.474912,0,0,1.02805,0.241921,0,0.66528,12.849,1,0.912059,0.36288,0,67.4611,4.35355,62.5584,0.84672,12.849,0.84672,3695.15,0,18.483,0.146,0.833,1.95529,5.76751,1.12042,7.28937,0.42336,0,0,18.483,0.42336,442.007,0,1.02816,0,0,1.86116,0.833,1.028160,1,0,69.8478,0,0,0,69.8478,0
38.3612,2.73177,0,0,2.82398,0.203316,0.36288,3.6288,60.9008,0.475535,0,0,1.12025,0.176858,0,0.66528,12.849,1,0.903833,0.36288,0,58.3375,3.59853,54.1981,0.84672,12.849,0.84672,3695.15,0,18.483,0.145439,0.769262,1.95536,4.64238,1.1077,6.11387,0.42336,0,0,18.483,0.42336,442.007,0,1.02816,0,0,1.79742,0.769262,1.028160,1,0,60.3119,0,0,0,60.3119,0
38.2334,2.98915,0,0,3.44963,0.225334,0.36288,3.6288,61.0055,0.625201,0,0,0.960362,0.230385,0,0.66528,12.849,1,1.00121,0.36288,0,79.4926,4.14992,74.7043,0.84672,12.849,0.84672,3695.15,0,18.483,0.189745,1.01409,1.95543,6.00935,1.10704,7.68209,0.42336,0,0,18.483,0.42336,442.007,0,1.02816,0,0,2.04225,1.01409,1.028160,1,0,82.3864,0,0,0,82.3864,0
38.5902,2.98676,0,0,3.93446,0.228013,0.36288,3.6288,61.1794,0.625505,0,0,1.03732,0.237923,0,0.66528,12.849,1,1.00375,0.36288,0,88.1349,4.23119,83.2629,0.84672,12.849,0.84672,3695.15,0,18.483,0.189511,0.970799,2.17178,7.31981,1.10322,9.16966,0.42336,0,0,18.483,0.42336,442.007,0,1.02816,0,0,1.99896,0.970799,1.028160,1,0,92.4325,0,0,0,92.4325,0
38.9969,2.99383,0,0,4.01647,0.253085,0.36288,3.6288,61.308,0.625971,0,0,1.20028,0.221511,0.224234,0.66528,12.849,1,0.996826,0.36288,0,87.7306,4.22578,82.8708,0.84672,12.849,0.84672,3695.15,0,18.483,0.189113,1.64177,2.17186,8.69209,1.12142,11.1952,0.42336,0,0,18.483,0.42336,442.007,0,1.02816,0,0,2.66993,1.64177,1.028160,1,0,94.2903,0,0,0,94.2903,0
39.905,3.00176,0,0,4.53671,0.263976,0.36288,3.6288,61.308,0.626329,0,0,1.22553,0.215016,0.384187,0.66528,12.849,1,0.989044,0.36288,0,80.3105,4.22362,75.4607,0.84672,12.849,0.84672,3695.15,0,18.483,0.188824,2.01675,2.17194,8.39272,1.1287,11.2639,0.42336,0,0,18.483,0.42336,442.007,0,1.02816,0,0,3.04491,2.01675,1.028160,1,0,87.1088,0,0,0,87.1088,0
41.0444,2.63624,0,0,4.38374,0.245217,0.36288,3.6288,61.308,0.426403,0,0,1.14807,0.2037,0.517972,0.66528,12.849,1,0.848841,0.36288,0,78.8333,3.31589,75.0315,0.84672,12.849,0.84672,3695.15,0,18.483,0.128551,1.22085,2.17202,7.13086,0.876836,9.51834,0.42336,0,0,18.483,0.42336,442.007,0,1.02816,0,0,2.24901,1.22085,1.028160,1,0,85.0678,0,0,0,85.0678,0
41.5136,2.65428,0,0,3.73128,0.244921,0.36288,3.6288,61.308,0.426448,0,0,1.30946,0.201814,0.681199,0.66528,12.849,1,0.830926,0.36288,0,65.499,3.16459,61.8663,0.84672,12.849,0.84672,3695.15,0,18.483,0.128565,1.21208,1.87622,5.90962,0.834858,8.0345,0.42336,0,0,18.483,0.42336,442.007,0,1.02816,0,0,2.24024,1.21208,1.028160,1,0,70.582,0,0,0,70.582,0
44.3244,2.66155,0,0,6.07306,0.237833,0.36288,3.6288,61.308,0.426494,0,0,2.02228,0.195797,1.39999,0.66528,12.849,1,0.823785,0.36288,0,126.035,3.0774,122.497,0.84672,12.849,0.84672,3695.15,0,18.483,0.128578,2.7108,1.87629,11.7215,0.822332,15.3576,0.42336,0,0,18.483,0.42336,442.007,0,1.02816,0,0,3.73896,2.7108,1.028160,1,0,139.254,0,0,0,139.254,0
47.129,2.70215,0,0,6.11441,0.244798,0.36288,3.6288,61.308,0.426539,0,0,2.13517,0.221288,1.48734,0.66528,12.849,1,0.783315,0.36288,0,161.298,4.01982,156.857,0.84672,12.849,0.84672,3695.15,0,18.483,0.128592,2.99061,1.87636,17.3604,0.975355,21.1234,0.42336,0,0,18.483,0.42336,442.007,0,1.02816,0,0,4.01877,2.99061,1.028160,1,0,179.468,0,0,0,179.468,0
48.6941,2.73888,0,0,4.89497,0.228107,0.36288,3.6288,61.308,0.426585,0,0,1.80983,0.214342,1.1689,0.66528,12.849,1,0.746715,0.36288,0,116.118,4.3436,111.391,0.84672,12.849,0.84672,3695.15,0,18.483,0.128606,1.98353,1.87643,9.48516,0.97296,12.2436,0.42336,0,0,18.483,0.42336,442.007,0,1.02816,0,0,3.01169,1.98353,1.028160,1,0,124.803,0,0,0,124.803,0
50.4954,2.85875,0,0,5.24336,0.220398,0.36288,3.6288,61.308,0.475562,0,0,1.59354,0.206961,0.911022,0.66528,12.849,1,0.754343,0.36288,0,98.0588,4.37997,93.2874,0.84672,12.849,0.84672,3695.15,0,18.483,0.143371,2.05132,1.8765,9.12963,0.84885,12.0652,0.42336,0,0,18.483,0.42336,442.007,0,1.02816,0,0,3.07948,2.05132,1.028160,1,0,106.264,0,0,0,106.264,0
50.8631,2.88031,0,0,3.83555,0.224674,0.36288,3.6288,61.308,0.47561,0,0,1.41408,0.206961,0.731513,0.66528,12.849,1,0.732919,0.36288,0,102.654,4.37997,97.9044,0.84672,12.849,0.84672,3695.15,0,18.483,0.143386,1.77342,1.94964,7.64519,0.84885,10.376,0.42336,0,0,18.483,0.42336,442.007,0,1.02816,0,0,2.80158,1.77342,1.028160,1,0,109.012,0,0,0,109.012,0
50.5794,2.88464,0,0,3.19357,0.229776,0.36288,3.6288,61.308,0.475657,0,0,1.2242,0.193181,0.555363,0.66528,12.849,1,0.728717,0.36288,0,71.896,4.17646,67.3537,0.84672,12.849,0.84672,3695.15,0,18.483,0.1434,1.52522,1.94971,6.81031,0.828015,9.31382,0.42336,0,0,18.483,0.42336,442.007,0,1.02816,0,0,2.55338,1.52522,1.028160,1,0,77.2229,0,0,0,77.2229,0
49.9655,2.88149,0,0,2.83583,0.205305,0.36288,3.6288,61.308,0.475704,0,0,1.04218,0.176969,0.38951,0.66528,12.849,1,0.732004,0.36288,0,57.1581,3.94728,52.8417,0.84672,12.849,0.84672,3695.15,0,18.483,0.143414,1.23928,1.94978,5.92737,0.940522,8.03249,0.42336,0,0,18.483,0.42336,442.007,0,1.02816,0,0,2.26744,1.23928,1.028160,1,0,61.2637,0,0,0,61.2637,0
49.853,2.83483,0,0,3.2586,0.173442,0.36288,3.6288,61.308,0.456744,0,0,0.749753,0.230398,0.0626104,0.66528,12.849,1,0.728998,0.36288,0,59.4397,5.439,53.6345,0.84672,12.849,0.84672,3695.15,0,18.483,0.137698,0.991474,1.94986,5.81042,1.11813,7.49592,0.42336,0,0,18.483,0.42336,442.007,0,1.02816,0,0,2.01963,0.991474,1.028160,1,0,61.1931,0,0,0,61.1931,0
49.5453,2.83363,0,0,2.99912,0.110233,0.36288,3.6288,61.308,0.456791,0,0,0.770014,0.206629,0.106594,0.66528,12.849,1,0.730333,0.36288,0,59.973,4.17438,55.4312,0.84672,12.849,0.84672,3695.15,0,18.483,0.137712,0.804686,1.92148,5.4982,0.97261,7.11405,0.42336,0,0,18.483,0.42336,442.007,0,1.02816,0,0,1.83285,0.804686,1.028160,1,0,62.6518,0,0,0,62.6518,0
49.0137,2.83013,0,0,2.77128,0.109874,0.36288,3.6288,61.308,0.456838,0,0,0.807313,0.206629,0.143847,0.66528,12.849,1,0.733962,0.36288,0,50.7252,4.17438,46.1797,0.84672,12.849,0.84672,3695.15,0,18.483,0.137726,0.652882,1.92156,5.08304,0.97261,6.54714,0.42336,0,0,18.483,0.42336,442.007,0,1.02816,0,0,1.68104,0.652882,1.028160,1,0,52.8707,0,0,0,52.8707,0
48.3956,2.82393,0,0,2.67789,0.109248,0.36288,3.6288,61.308,0.456885,0,0,0.72176,0.206629,0.0582465,0.66528,12.849,1,0.740297,0.36288,0,45.8729,4.17438,41.3211,0.84672,12.849,0.84672,3695.15,0,18.483,0.137741,0.503738,1.92163,4.94503,0.97261,6.26004,0.42336,0,0,18.483,0.42336,442.007,0,1.02816,0,0,1.5319,0.503738,1.028160,1,0,47.6394,0,0,0,47.6394,0
47.4456,2.95017,0,0,2.46094,0.097863,0.36288,3.6288,61.206,0.524347,0,0,0.655209,0.232881,0,0.66528,12.849,1,0.78327,0.36288,0,41.1483,4.55718,36.1707,0.84672,12.849,0.84672,3695.15,0,18.483,0.158079,0.677229,1.9217,4.21345,1.01608,5.63822,0.42336,0,0,18.483,0.42336,442.007,0,1.02816,0,0,1.70539,0.677229,1.028160,1,0,41.8089,0,0,0,41.8089,0
46.3979,2.93794,0,0,2.34579,0.0926346,0.36288,3.6288,61.0496,0.524194,0,0,0.611012,0.243224,0,0.66528,12.849,1,0.795641,0.36288,0,37.7136,4.7103,32.5705,0.84672,12.849,0.84672,3695.15,0,18.483,0.158296,0.563345,2.02125,3.70911,1.03347,5.10193,0.42336,0,0,18.483,0.42336,442.007,0,1.02816,0,0,1.59151,0.563345,1.028160,1,0,37.6725,0,0,0,37.6725,0
45.152,2.92398,0,0,2.13257,0.0915692,0.36288,3.6288,60.7263,0.667258,0,0,0.58695,0.242984,0,0.66528,12.849,1,0.809741,0.36288,0,36.1165,4.7103,30.9593,0.84672,12.849,0.84672,3695.15,0,18.483,0.202015,0.402797,2.02132,3.58304,1.03347,4.77167,0.42336,0,0,18.483,0.42336,442.007,0,0.841441,0,0,1.24424,0.402797,1.028160,1,0,35.731,0,0,0,35.731,0
43.6808,2.9067,0,0,1.8886,0.0903021,0.36288,3.6288,60.3108,0.699463,0,0,0.52645,0.242486,0,0.66528,12.849,1,0.827165,0.36288,0,31.1445,4.7103,25.9699,0.84672,12.849,0.84672,3695.15,0,18.483,0.212893,0.30119,2.0214,3.37319,1.03347,4.44942,0.42336,0,0,18.483,0.42336,442.007,0,0.798422,0,0,1.09961,0.30119,1.028160,1,0,30.4194,0,0,0,30.4194,0
41.9772,2.88528,0,0,1.62729,0.082714,0.36288,3.6288,59.7779,0.732831,0,0,0.45509,0.255127,0,0.66528,12.849,1,0.848725,0.36288,0,28.2703,5.06742,22.717,0.84672,12.849,0.84672,3695.15,0,18.483,0.224585,0.30119,2.02147,2.90954,1.11441,3.8932,0.42336,0,0,18.483,0.42336,442.007,0,0.753425,0,0,1.05462,0.30119,1.028160,1,0,26.6102,0,0,0,26.6102,0
40.1352,2.83341,0,0,1.42742,0.0731363,0.36288,3.6288,59.0231,0.857912,0,0,0.375052,0.271908,0,0.66528,12.849,1,0.867292,0.36288,0,27.662,5.54358,21.614,0.84672,12.849,0.84672,3695.15,0,18.483,0.265262,0.30119,2.02155,2.49878,1.22233,3.33393,0.42336,0,0,18.483,0.42336,442.007,0,0.635964,0,0,0.937155,0.30119,1.028160,1,0,24.9479,0,0,0,24.9479,0
38.2024,2.80336,0,0,1.30506,0.0715629,0.36288,3.6288,58.2763,0.842279,0,0,0.366049,0.270598,0,0.66528,12.849,1,0.897477,0.36288,0,27.2713,5.54358,21.1931,0.84672,12.849,0.84672,3695.15,0,18.483,0.263758,0.30119,2.05262,2.46805,1.22233,3.33577,0.42336,0,0,18.483,0.42336,442.007,0,0.653167,0,0,0.954357,0.30119,1.028160,1,0,24.5289,0,0,0,24.5289,0
36.1929,2.76949,0,0,1.19275,0.0699716,0.36288,3.6288,57.4345,0.914804,0,0,0.342312,0.269302,0,0.66528,12.849,1,0.931489,0.36288,0,25.6512,5.54358,19.539,0.84672,12.849,0.84672,3695.15,0,18.483,0.290141,0.261274,2.0527,2.34855,1.22233,3.15005,0.42336,0,0,18.483,0.42336,442.007,0,0.554325,0,0,0.815599,0.261274,1.028160,1,0,22.6891,0,0,0,22.6891,0
34.1403,2.73142,0,0,1.09674,0.0549964,0.36288,3.6288,56.5371,0.911219,0,0,0.324387,0.310643,0,0.66528,12.849,1,0.969695,0.36288,0,22.9665,6.10818,16.2515,0.84672,12.849,0.84672,3695.15,0,18.483,0.293239,0.261274,2.05277,2.23615,1.42842,2.82854,0.42336,0,0,18.483,0.42336,442.007,0,0.554878,0,0,0.816152,0.261274,1.028160,1,0,19.08,0,0,0,19.08,0
32.0393,2.75192,0,0,1.06379,0.0499582,0.36288,3.6288,55.5662,0.992732,0,0,0.319793,0.297881,0,0.66528,12.849,1,1.03571,0.36288,0,22.9382,5.64921,16.6162,0.84672,12.849,0.84672,3695.15,0,18.483,0.324542,0.261274,2.05285,2.03593,1.47105,2.55447,0.42336,0,0,18.483,0.42336,442.007,0,0.485119,0,0,0.746392,0.261274,1.028160,1,0,19.1707,0,0,0,19.1707,0
29.9187,2.70355,0,0,0.994438,0.0486715,0.36288,3.6288,54.5294,1.03673,0,0,0.295882,0.295996,0,0.66528,12.849,1,1.08423,0.36288,0,21.8108,5.64921,15.4403,0.84672,12.849,0.84672,3695.15,0,18.483,0.344848,0.261274,2.10233,1.78646,1.47105,2.33417,0.42336,0,0,18.483,0.42336,442.007,0,0.42088,0,0,0.682154,0.261274,1.028160,1,0,17.7744,0,0,0,17.7744,0
27.8396,2.64989,0,0,0.981081,0.0473466,0.36288,3.6288,53.558,0.99755,0,0,0.320116,0.293983,0,0.66528,12.849,1,1.13803,0.36288,0,20.2385,5.64921,13.8141,0.84672,12.849,0.84672,3695.15,0,18.483,0.338125,0.261274,2.10241,2.02028,1.47105,2.5748,0.42336,0,0,18.483,0.42336,442.007,0,0.466854,0,0,0.728127,0.261274,1.028160,1,0,16.3889,0,0,0,16.3889,0
25.9087,2.59183,0,0,1.05862,0.0348687,0.36288,3.6288,52.7112,0.911369,0,0,0.338186,0.273585,0,0.66528,12.849,1,1.19623,0.36288,0,20.86,5.89078,14.1359,0.84672,12.849,0.84672,3695.15,0,18.483,0.314516,0.227405,2.10249,2.49216,1.54083,2.9667,0.42336,0,0,18.483,0.42336,442.007,0,0.576711,0,0,0.804116,0.227405,1.028160,1,0,17.1026,0,0,0,17.1026,0
23.7124,2.70146,0,0,0.917404,0.049359,0.36288,3.6288,51.5639,1.14377,0,0,0.274485,0.277973,0,0.66528,12.849,1,1.33974,0.36288,0,17.544,5.61379,10.9534,0.84672,12.849,0.84672,3695.15,0,18.483,0.401059,0.227405,2.10257,1.74067,1.50737,2.16221,0.42336,0,0,18.483,0.42336,442.007,0,0.413035,0,0,0.64044,0.227405,1.028160,1,0,13.1156,0,0,0,13.1156,0
21.5916,2.62107,0,0,0.917196,0.0540409,0.36288,3.6288,50.3913,1.15296,0,0,0.272605,0.292266,0,0.66528,12.849,1,1.42028,0.36288,0,16.5499,5.54295,9.94957,0.84672,12.849,0.84672,3695.15,0,18.483,0.413275,0.227405,2.26997,1.45162,1.50316,2.03256,0.42336,0,0,18.483,0.42336,442.007,0,0.391708,0,0,0.619113,0.227405,1.028160,1,0,11.9821,0,0,0,11.9821,0
19.3978,2.53371,0,0,0.7553,0.0524947,0.36288,3.6288,49.1404,1.1987,0,0,0.237269,0.289492,0,0.66528,12.849,1,1.50779,0.36288,0,20.5457,5.54295,13.8579,0.84672,12.849,0.84672,3695.15,0,18.483,0.43967,0.227405,2.27005,1.29508,1.50316,1.84971,0.42336,0,0,18.483,0.42336,442.007,0,0.319643,0,0,0.547048,0.227405,1.028160,1,0,15.7076,0,0,0,15.7076,0
17.3883,2.43122,0,0,0.835548,0.0509298,0.36288,3.6288,48.1288,1.05105,0,0,0.325934,0.286534,0,0.66528,12.849,1,1.61043,0.36288,0,17.6152,5.54295,10.8247,0.84672,12.849,0.84672,3695.15,0,18.483,0.395329,0.204422,2.27014,1.54764,1.50316,2.12371,0.42336,0,0,18.483,0.42336,442.007,0,0.511703,0,0,0.716126,0.204422,1.028160,1,0,12.9484,0,0,0,12.9484,0
15.4699,2.32429,0,0,0.837294,0.06858,0.36288,3.6288,46.9899,1.10946,0,0,0.240404,0.269804,0,0.66528,12.849,1,1.71752,0.36288,0,18.8893,5.13183,12.4028,0.84672,12.849,0.84672,3695.15,0,18.483,0.426069,0.204422,2.27022,1.61619,1.36447,2.3003,0.42336,0,0,18.483,0.42336,442.007,0,0.422628,0,0,0.627051,0.204422,1.028160,1,0,14.7031,0,0,0,14.7031,0
13.4964,2.14065,0,0,0.658709,0.128648,0.36288,3.6288,45.8804,1.08638,0,0,0.20283,0.225947,0,0.66528,12.849,1,1.77798,0.36288,0,14.6346,3.92592,9.29358,0.84672,12.849,0.84672,3695.15,0,18.483,0.427318,0.204422,2.27031,1.24966,0.995895,2.30118,0.42336,0,0,18.483,0.42336,442.007,0,0.350311,0,0,0.554734,0.204422,1.028160,1,0,11.5948,0,0,0,11.5948,0
12.2562,1.5312,0,0,0.779838,0.125919,0.36288,3.6288,44.9505,1.05371,0,0,0.346543,0.222731,0,0.66528,12.849,1,1.45775,0.36288,0,17.361,3.89624,12.3699,0.84672,12.849,0.84672,3695.15,0,18.483,1.10048,0.204422,2.17449,1.79022,0.992254,2.07639,0.42336,0,0,18.483,0.42336,442.007,0,0.639732,0,0,0.844154,0.204422,1.028160,1,0,14.4462,0,0,0,14.4462,0
11.0702,1.45929,0,0,0.758661,0.122521,0.36288,3.6288,43.9217,1.10466,0,0,0.29669,0.220809,0,0.66528,12.849,1,1.52987,0.36288,0,16.9342,3.89624,11.871,0.84672,12.849,0.84672,3695.15,0,18.483,1.10048,0.216518,2.71871,1.46261,0.992254,2.30511,0.42336,0,0,18.483,0.42336,442.007,0,0.588777,0,0,0.805296,0.216518,1.028160,1,0,14.1761,0,0,0,14.1761,0
9.95407,1.38353,0,0,0.749546,0.119271,0.36288,3.6288,43.1782,0.893862,0,0,0.369033,0.218683,0,0.66528,12.849,1,1.60584,0.36288,0,16.549,3.89624,11.4098,0.84672,12.849,0.84672,3695.15,0,18.483,1.10048,0.216518,2.71875,1.8354,0.992254,2.67793,0.42336,0,0,18.483,0.42336,442.007,0,0.799578,0,0,1.0161,0.216518,1.028160,1,0,14.0877,0,0,0,14.0877,0
9.26816,1.26083,0,0,1.08537,0.147576,0.36288,3.6288,42.2163,1.0515,0,0,0.285898,0.196253,0,0.66528,12.849,1,1.62752,0.36288,0,19.4034,4.01837,14.1204,0.84672,12.849,0.84672,3695.15,0,18.483,1.0147,0.216518,2.71879,1.89143,1.02747,2.78457,0.42336,0,0,18.483,0.42336,442.007,0,0.641943,0,0,0.858462,0.216518,1.028160,1,0,16.9049,0,0,0,16.9049,0
8.42406,1.1745,0,0,0.843126,0.149833,0.36288,3.6288,41.0391,1.18853,0,0,0.202294,0.191006,0,0.66528,12.849,1,1.62828,0.36288,0,13.275,4.03872,7.97089,0.84672,12.849,0.84672,3695.15,0,18.483,1.10047,0.216518,2.63359,1.5561,1.03334,2.27239,0.42336,0,0,18.483,0.42336,442.007,0,0.504913,0,0,0.721431,0.216518,1.028160,1,0,10.2433,0,0,0,10.2433,0
8.50528,0.985154,0,0,1.57539,0.146147,0.36288,3.6288,40.7369,0.66528,0,0,0.551937,0.188846,0,0.66528,12.849,1,1.50263,0.36288,0,26.4476,4.03872,21.2692,0.84672,12.849,0.84672,3695.15,0,18.483,0.953639,1.18169,2.68382,3.43298,1.03334,5.31152,0.42336,0,0,18.483,0.42336,442.007,0,1.02816,0,0,2.20985,1.18169,1.028160,1,0,26.5807,0,0,0,26.5807,0
9.89159,0.990947,0,0,2.89172,0.151581,0.36288,3.6288,40.8894,0.66528,0,0,0.999397,0.18164,0,0.66528,12.849,1,1.49703,0.36288,0,50.8499,3.9299,45.7858,0.84672,12.849,0.84672,3695.15,0,18.483,0.953634,1.14832,2.51134,4.49289,1.00251,6.1964,0.42336,0,0,18.483,0.42336,442.007,0,1.02816,0,0,2.17648,1.14832,1.028160,1,0,51.9822,0,0,0,51.9822,0
10.9514,0.967532,0,0,2.55261,0.162406,0.36288,3.6288,40.5527,0.66528,0,0,0.490131,0.161589,0,0.66528,12.849,1,1.25681,0.36288,0,44.2553,3.5014,39.86,0.84672,12.849,0.84672,3695.15,0,18.483,0.789706,0.734852,2.51138,3.08405,0.924694,4.61588,0.42336,0,0,18.483,0.42336,442.007,0,1.02816,0,0,1.76301,0.734852,1.028160,1,0,44.4758,0,0,0,44.4758,0
13.2086,0.941368,0,0,3.70704,0.145599,0.36288,3.6288,40.1825,0.66528,0,0,0.47088,0.175747,0,0.66528,12.849,1,1.10449,0.36288,0,61.0088,3.66975,56.5974,0.84672,12.849,0.84672,3695.15,0,18.483,0.968367,1.16686,2.33532,3.14024,1.00505,4.669,0.42336,0,0,18.483,0.42336,442.007,0,1.02816,0,0,2.19502,1.16686,1.028160,1,0,61.2664,0,0,0,61.2664,0
14.8749,1.03713,0,0,3.21952,0.15317,0.36288,3.6288,39.8014,0.66528,0,0,0.459283,0.175112,0,0.66528,12.849,1,1.0089,0.36288,0,51.2999,3.66975,46.9841,0.84672,12.849,0.84672,3695.15,0,18.483,0.968362,1.07128,2.4399,3.06633,1.00505,4.6041,0.42336,0,0,18.483,0.42336,442.007,0,1.02816,0,0,2.09944,1.07128,1.028160,1,0,51.5882,0,0,0,51.5882,0
17.6919,1.09787,0,0,4.43597,0.158272,0.36288,3.6288,39.3894,0.66528,0,0,0.436841,0.183546,0,0.66528,12.849,1,0.948345,0.36288,0,52.5957,4.0005,48.0097,0.84672,12.849,0.84672,3695.15,0,18.483,0.968357,1.15654,2.43994,3.02314,1.10773,4.54352,0.42336,0,0,18.483,0.42336,442.007,0,1.02816,0,0,2.1847,1.15654,1.028160,1,0,52.5532,0,0,0,52.5532,0
19.4918,2.04574,0,0,4.3727,0.164128,0.36288,3.6288,39.3022,0.389447,0,0,0.499166,0.196895,0,0.66528,12.849,1,1.48575,0.36288,0,55.7715,4.69926,49.9494,0.84672,12.849,0.84672,3695.15,0,18.483,0.182743,1.30284,2.43997,3.46248,1.31768,5.70486,0.42336,0,0,18.483,0.42336,442.007,0,1.02816,0,0,2.331,1.30284,1.028160,1,0,55.6543,0,0,0,55.6543,0
19.8661,2.19518,0,0,3.09217,0.159855,0.36288,3.6288,39.6683,0.424402,0,0,0.954971,0.164518,0,0.66528,12.849,1,1.44706,0.36288,0,37.6586,3.46835,33.1061,0.84672,12.849,0.84672,3695.15,0,18.483,0.199587,0.764726,1.89823,5.765,0.893305,7.33506,0.42336,0,0,18.483,0.42336,442.007,0,1.02816,0,0,1.79289,0.764726,1.028160,1,0,40.4412,0,0,0,40.4412,0
21.1674,2.2118,0,0,4.03384,0.157814,0.36288,3.6288,40.1928,0.42569,0,0,1.11561,0.165444,0,0.66528,12.849,1,1.43055,0.36288,0,55.6535,3.13436,51.4515,0.84672,12.849,0.84672,3695.15,0,18.483,0.198346,1.37812,1.95901,7.25262,0.795244,9.59616,0.42336,0,0,18.483,0.42336,442.007,0,1.02816,0,0,2.40628,1.37812,1.028160,1,0,61.0477,0,0,0,61.0477,0
23.8566,2.26659,0,0,5.47938,0.160671,0.36288,3.6288,41.3926,0.427495,0,0,1.7936,0.16627,0,0.66528,12.849,1,1.37586,0.36288,0,77.1288,3.13436,72.9814,0.84672,12.849,0.84672,3695.15,0,18.483,0.196587,2.48264,1.95906,10.1792,0.795244,13.6291,0.42336,0,0,18.483,0.42336,442.007,0,1.02816,0,0,3.5108,2.48264,1.028160,1,0,86.6105,0,0,0,86.6105,0
26.9215,2.36746,0,0,5.96193,0.166714,0.36288,3.6288,42.2612,0.431467,0,0,1.46826,0.168224,0,0.66528,12.849,1,1.2751,0.36288,0,102.775,3.13436,98.7288,0.84672,12.849,0.84672,3695.15,0,18.483,0.192662,2.3498,1.95912,9.64492,0.795244,12.9659,0.42336,0,0,18.483,0.42336,442.007,0,1.02816,0,0,3.37796,2.3498,1.028160,1,0,111.695,0,0,0,111.695,0
28.8611,2.7063,0,0,5.21867,0.209886,0.36288,3.6288,43.5469,0.569419,0,0,1.99782,0.142644,0,0.66528,12.849,1,1.29165,0.36288,0,85.4661,3.19833,81.339,0.84672,12.849,0.84672,3695.15,0,18.483,0.249036,2.71074,1.95917,9.81133,0.848031,13.3842,0.42336,0,0,18.483,0.42336,442.007,0,1.02816,0,0,3.7389,2.71074,1.028160,1,0,94.7232,0,0,0,94.7232,0
30.278,2.76644,0,0,4.77644,0.230246,0.36288,3.6288,44.9074,0.574618,0,0,2.06851,0.133473,0,0.66528,12.849,1,1.23162,0.36288,0,99.0101,3.22392,94.9174,0.84672,12.849,0.84672,3695.15,0,18.483,0.24389,3.04645,2.17591,12.7751,0.869146,16.8844,0.42336,0,0,18.483,0.42336,442.007,0,1.02816,0,0,4.07461,3.04645,1.028160,1,0,111.802,0,0,0,111.802,0
31.7314,2.80699,0,0,4.85791,0.234684,0.36288,3.6288,45.7763,0.579889,0,0,1.58406,0.135195,0,0.66528,12.849,1,1.19119,0.36288,0,66.4577,3.22392,62.4054,0.84672,12.849,0.84672,3695.15,0,18.483,0.238671,1.83466,2.17597,11.8226,0.869146,14.7254,0.42336,0,0,18.483,0.42336,442.007,0,1.02816,0,0,2.86282,1.83466,1.028160,1,0,77.1309,0,0,0,77.1309,0
34.7214,2.8459,0,0,6.43632,0.237442,0.36288,3.6288,47.4395,0.583153,0,0,2.38759,0.141225,0,0.66528,12.849,1,1.15239,0.36288,0,96.1304,3.35496,91.9859,0.84672,12.849,0.84672,3695.15,0,18.483,0.235458,3.6749,2.17603,13.654,0.910142,18.3593,0.42336,0,0,18.483,0.42336,442.007,0,1.02816,0,0,4.70306,3.6749,1.028160,1,0,110.345,0,0,0,110.345,0
36.7119,2.54849,0,0,5.13289,0.231095,0.36288,3.6288,49.3304,0.401486,0,0,2.43473,0.142405,0,0.66528,12.849,1,0.943093,0.36288,0,92.9405,3.9333,88.427,0.84672,12.849,0.84672,3695.15,0,18.483,0.156424,3.6941,2.1761,16.2542,1.04103,20.9269,0.42336,0,0,18.483,0.42336,442.007,0,1.02816,0,0,4.72226,3.6941,1.028160,1,0,109.354,0,0,0,109.354,0
38.8066,2.58644,0,0,5.27882,0.234812,0.36288,3.6288,50.9453,0.40588,0,0,2.15291,0.132086,0,0.66528,12.849,1,0.905243,0.36288,0,83.4045,3.85014,79.012,0.84672,12.849,0.84672,3695.15,0,18.483,0.152074,2.86864,1.87972,15.0473,0.994999,18.6486,0.42336,0,0,18.483,0.42336,442.007,0,1.02816,0,0,3.8968,2.86864,1.028160,1,0,97.6606,0,0,0,97.6606,0
39.8532,2.62322,0,0,4.27337,0.240657,0.36288,3.6288,51.9236,0.40945,0,0,1.5216,0.133844,0,0.66528,12.849,1,0.868559,0.36288,0,83.6171,3.85014,79.2612,0.84672,12.849,0.84672,3695.15,0,18.483,0.148549,1.46685,1.87977,10.324,0.994999,12.5271,0.42336,0,0,18.483,0.42336,442.007,0,1.02816,0,0,2.49501,1.46685,1.028160,1,0,91.7883,0,0,0,91.7883,0
39.5786,2.64055,0,0,2.97243,0.243583,0.36288,3.6288,52.4642,0.411547,0,0,1.08706,0.134909,0,0.66528,12.849,1,0.851334,0.36288,0,77.5362,3.85014,73.1976,0.84672,12.849,0.84672,3695.15,0,18.483,0.146497,1.1823,1.87983,9.9252,0.994999,11.8458,0.42336,0,0,18.483,0.42336,442.007,0,1.02816,0,0,2.21046,1.1823,1.028160,1,0,85.0435,0,0,0,85.0435,0
40.3852,2.63616,0,0,4.01153,0.205869,0.36288,3.6288,53.8149,0.412697,0,0,1.88716,0.123736,0,0.66528,12.849,1,0.855817,0.36288,0,84.602,3.66381,80.4453,0.84672,12.849,0.84672,3695.15,0,18.483,0.145392,1.82479,1.87988,11.1602,0.967634,13.7518,0.42336,0,0,18.483,0.42336,442.007,0,1.02816,0,0,2.85295,1.82479,1.028160,1,0,94.1971,0,0,0,94.1971,0
41.3589,2.746,0,0,4.31381,0.231263,0.36288,3.6288,54.4394,0.462935,0,0,1.26299,0.175592,0,0.66528,12.849,1,0.87367,0.36288,0,88.4019,4.41871,83.4724,0.84672,12.849,0.84672,3695.15,0,18.483,0.158997,1.89719,1.87993,7.54687,1.07458,10.0904,0.42336,0,0,18.483,0.42336,442.007,0,1.02816,0,0,2.92535,1.89719,1.028160,1,0,93.5628,0,0,0,93.5628,0
43.5301,2.76177,0,0,5.52984,0.233943,0.36288,3.6288,56.0282,0.464332,0,0,2.22941,0.176323,0,0.66528,12.849,1,0.858002,0.36288,0,121.495,4.41871,116.581,0.84672,12.849,0.84672,3695.15,0,18.483,0.157648,3.05637,1.95319,11.4826,1.07458,15.26,0.42336,0,0,18.483,0.42336,442.007,0,1.02816,0,0,4.08453,3.05637,1.028160,1,0,131.841,0,0,0,131.841,0
45.0806,2.79489,0,0,4.92528,0.217008,0.36288,3.6288,56.6531,0.467728,0,0,1.2798,0.187159,0,0.66528,12.849,1,0.824982,0.36288,0,99.4576,4.58057,94.415,0.84672,12.849,0.84672,3695.15,0,18.483,0.154298,2.13176,1.95324,8.74247,1.06068,11.6125,0.42336,0,0,18.483,0.42336,442.007,0,1.02816,0,0,3.15992,2.13176,1.028160,1,0,106.027,0,0,0,106.027,0
45.6415,2.81705,0,0,3.92958,0.188752,0.36288,3.6288,57.0189,0.469047,0,0,1.00568,0.170803,0,0.66528,12.849,1,0.802924,0.36288,0,77.9527,3.89812,73.6145,0.84672,12.849,0.84672,3695.15,0,18.483,0.153026,1.49991,1.9533,6.07998,0.946744,8.43342,0.42336,0,0,18.483,0.42336,442.007,0,1.02816,0,0,2.52807,1.49991,1.028160,1,0,82.0479,0,0,0,82.0479,0
45.3773,2.7859,0,0,3.10104,0.216525,0.36288,3.6288,57.333,0.451108,0,0,0.935876,0.170631,0,0.66528,12.849,1,0.784286,0.36288,0,58.3583,3.88471,54.0522,0.84672,12.849,0.84672,3695.15,0,18.483,0.146229,1.1285,1.95335,5.91242,1.05883,7.78923,0.42336,0,0,18.483,0.42336,442.007,0,1.02816,0,0,2.15666,1.1285,1.028160,1,0,61.8414,0,0,0,61.8414,0
44.7615,2.78242,0,0,2.74525,0.215668,0.36288,3.6288,57.4938,0.451749,0,0,0.80987,0.197332,0,0.66528,12.849,1,0.787868,0.36288,0,51.2844,4.19089,46.6685,0.84672,12.849,0.84672,3695.15,0,18.483,0.145635,0.964803,1.92491,5.34075,1.08513,6.99969,0.42336,0,0,18.483,0.42336,442.007,0,1.02816,0,0,1.99296,0.964803,1.028160,1,0,53.6682,0,0,0,53.6682,0
44.0075,2.77408,0,0,2.5427,0.15983,0.36288,3.6288,57.5503,0.452092,0,0,0.737994,0.229448,0,0.66528,12.849,1,0.796311,0.36288,0,47.0604,4.4792,42.1478,0.84672,12.849,0.84672,3695.15,0,18.483,0.145338,0.815486,1.92497,5.03875,1.10235,6.53152,0.42336,0,0,18.483,0.42336,442.007,0,1.02816,0,0,1.84365,0.815486,1.028160,1,0,48.6793,0,0,0,48.6793,0
43.207,2.76359,0,0,2.48447,0.158466,0.36288,3.6288,57.6968,0.452235,0,0,0.828265,0.229532,0,0.66528,12.849,1,0.806895,0.36288,0,45.6894,4.4792,40.7662,0.84672,12.849,0.84672,3695.15,0,18.483,0.145241,1.07647,1.92502,5.99832,1.10235,7.75222,0.42336,0,0,18.483,0.42336,442.007,0,1.02816,0,0,2.10463,1.07647,1.028160,1,0,48.5184,0,0,0,48.5184,0
42.2853,2.8827,0,0,2.47241,0.148528,0.36288,3.6288,57.772,0.519117,0,0,0.815314,0.22093,0,0.66528,12.849,1,0.857265,0.36288,0,44.1168,4.47596,39.1465,0.84672,12.849,0.84672,3695.15,0,18.483,0.166298,0.871214,1.92508,5.15506,1.01329,6.77177,0.42336,0,0,18.483,0.42336,442.007,0,1.02816,0,0,1.89937,0.871214,1.028160,1,0,45.9182,0,0,0,45.9182,0
41.1888,2.86845,0,0,2.27549,0.140652,0.36288,3.6288,57.7654,0.519318,0,0,0.727073,0.21442,0,0.66528,12.849,1,0.871621,0.36288,0,39.2509,4.47353,34.2686,0.84672,12.849,0.84672,3695.15,0,18.483,0.166145,0.675449,2.02478,4.62851,0.9465,6.21609,0.42336,0,0,18.483,0.42336,442.007,0,1.02816,0,0,1.70361,0.675449,1.028160,1,0,40.4847,0,0,0,40.4847,0
39.8007,2.85085,0,0,1.96448,0.138857,0.36288,3.6288,57.6729,0.51934,0,0,0.641313,0.214411,0,0.66528,12.849,1,0.889333,0.36288,0,36.0696,4.47353,31.0696,0.84672,12.849,0.84672,3695.15,0,18.483,0.166171,0.557513,2.02483,4.37771,0.9465,5.84738,0.42336,0,0,18.483,0.42336,442.007,0,1.02816,0,0,1.58567,0.557513,1.028160,1,0,36.917,0,0,0,36.917,0
38.2429,2.82748,0,0,1.76919,0.136585,0.36288,3.6288,57.4854,0.519175,0,0,0.54588,0.214282,0,0.66528,12.849,1,0.912806,0.36288,0,33.7846,4.47353,28.7611,0.84672,12.849,0.84672,3695.15,0,18.483,0.166385,0.397302,2.02489,4.24025,0.9465,5.54956,0.42336,0,0,18.483,0.42336,442.007,0,1.02816,0,0,1.42546,0.397302,1.028160,1,0,34.3107,0,0,0,34.3107,0
36.7706,2.79973,0,0,1.80987,0.119594,0.36288,3.6288,57.2985,0.518801,0,0,0.555148,0.223221,0,0.66528,12.849,1,0.940663,0.36288,0,32.5737,4.86191,27.134,0.84672,12.849,0.84672,3695.15,0,18.483,0.166808,0.418115,2.02495,4.0671,1.05482,5.28853,0.42336,0,0,18.483,0.42336,442.007,0,1.02816,0,0,1.44628,0.418115,1.028160,1,0,32.4225,0,0,0,32.4225,0
35.7263,2.74707,0,0,2.17084,0.105229,0.36288,3.6288,57.099,0.554956,0,0,0.567646,0.212223,0,0.66528,12.849,1,0.959927,0.36288,0,34.1935,5.14815,28.4483,0.84672,12.849,0.84672,3695.15,0,18.483,0.179014,0.32718,2.02501,3.67106,1.13878,4.70545,0.42336,0,0,18.483,0.42336,442.007,0,1.02816,0,0,1.35534,0.32718,1.028160,1,0,33.1537,0,0,0,33.1537,0
34.5072,2.72651,0,0,1.97427,0.103924,0.36288,3.6288,56.886,0.554521,0,0,0.553522,0.211949,0,0.66528,12.849,1,0.980592,0.36288,0,33.5244,5.14815,27.7585,0.84672,12.849,0.84672,3695.15,0,18.483,0.179499,0.309623,2.05611,3.51753,1.13878,4.56498,0.42336,0,0,18.483,0.42336,442.007,0,1.02816,0,0,1.33778,0.309623,1.028160,1,0,32.3235,0,0,0,32.3235,0
33.1326,2.70134,0,0,1.79195,0.1024,0.36288,3.6288,56.5622,0.631419,0,0,0.519293,0.211655,0,0.66528,12.849,1,1.00586,0.36288,0,29.8729,5.14815,24.0818,0.84672,12.849,0.84672,3695.15,0,18.483,0.205156,0.261274,2.05617,3.40273,1.13878,4.37624,0.42336,0,0,18.483,0.42336,442.007,0,0.925655,0,0,1.18693,0.261274,1.028160,1,0,28.458,0,0,0,28.458,0
31.7202,2.67135,0,0,1.70008,0.0782017,0.36288,3.6288,56.1366,0.627088,0,0,0.487107,0.28569,0,0.66528,12.849,1,1.03596,0.36288,0,26.8706,6.1362,20.0613,0.84672,12.849,0.84672,3695.15,0,18.483,0.204915,0.261274,2.05623,3.22482,1.49944,3.83797,0.42336,0,0,18.483,0.42336,442.007,0,0.930277,0,0,1.19155,0.261274,1.028160,1,0,23.8993,0,0,0,23.8993,0
30.0229,2.70017,0,0,1.44666,0.0809446,0.36288,3.6288,55.4374,0.845238,0,0,0.438422,0.2923,0,0.66528,12.849,1,1.09377,0.36288,0,20.6477,5.78565,14.1312,0.84672,12.849,0.84672,3695.15,0,18.483,0.278295,0.261274,2.05629,2.64632,1.49849,3.1871,0.42336,0,0,18.483,0.42336,442.007,0,0.68186,0,0,0.943134,0.261274,1.028160,1,0,17.3183,0,0,0,17.3183,0
28.3464,2.65694,0,0,1.42316,0.0798397,0.36288,3.6288,54.7537,0.793853,0,0,0.402273,0.292192,0,0.66528,12.849,1,1.1371,0.36288,0,25.8471,5.72723,19.3456,0.84672,12.849,0.84672,3695.15,0,18.483,0.264673,0.261274,2.10583,2.82017,1.49833,3.42427,0.42336,0,0,18.483,0.42336,442.007,0,0.746919,0,0,1.00819,0.261274,1.028160,1,0,22.7699,0,0,0,22.7699,0
26.6273,2.61074,0,0,1.33258,0.0780471,0.36288,3.6288,54.0315,0.805398,0,0,0.374097,0.290881,0,0.66528,12.849,1,1.18341,0.36288,0,20.7527,5.72723,14.2049,0.84672,12.849,0.84672,3695.15,0,18.483,0.271875,0.261274,2.10589,2.54216,1.49833,3.13912,0.42336,0,0,18.483,0.42336,442.007,0,0.728222,0,0,0.989496,0.261274,1.028160,1,0,17.344,0,0,0,17.344,0
24.8422,2.55928,0,0,1.21327,0.0762091,0.36288,3.6288,53.2062,0.890945,0,0,0.355156,0.289495,0,0.66528,12.849,1,1.23498,0.36288,0,18.9133,5.72723,12.314,0.84672,12.849,0.84672,3695.15,0,18.483,0.304773,0.227405,2.10595,2.37127,1.49833,2.90152,0.42336,0,0,18.483,0.42336,442.007,0,0.609829,0,0,0.837233,0.227405,1.028160,1,0,15.2155,0,0,0,15.2155,0
23.0507,2.66788,0,0,1.3109,0.0716156,0.36288,3.6288,52.5204,0.792708,0,0,0.405654,0.298749,0,0.66528,12.849,1,1.3799,0.36288,0,18.6949,5.80833,11.8695,0.84672,12.849,0.84672,3695.15,0,18.483,0.275374,0.227405,2.10601,2.94394,1.51584,3.48614,0.42336,0,0,18.483,0.42336,442.007,0,0.89297,0,0,1.12037,0.227405,1.028160,1,0,15.3557,0,0,0,15.3557,0
21.0473,2.5991,0,0,1.03836,0.0797505,0.36288,3.6288,51.5512,0.995129,0,0,0.326333,0.300401,0,0.66528,12.849,1,1.4488,0.36288,0,17.4237,5.56752,10.7702,0.84672,12.849,0.84672,3695.15,0,18.483,0.350206,0.227405,2.27366,1.86715,1.46947,2.54854,0.42336,0,0,18.483,0.42336,442.007,0,0.615773,0,0,0.843178,0.227405,1.028160,1,0,13.3188,0,0,0,13.3188,0
19.1413,2.51354,0,0,1.04801,0.0776216,0.36288,3.6288,50.6174,0.958263,0,0,0.322519,0.298063,0,0.66528,12.849,1,1.53447,0.36288,0,17.132,5.56752,10.3929,0.84672,12.849,0.84672,3695.15,0,18.483,0.343573,0.227405,2.27373,2.00936,1.46947,2.69745,0.42336,0,0,18.483,0.42336,442.007,0,0.659327,0,0,0.886732,0.227405,1.028160,1,0,13.0903,0,0,0,13.0903,0
17.5349,2.42218,0,0,1.2542,0.0755962,0.36288,3.6288,49.7322,0.92887,0,0,0.339491,0.29581,0,0.66528,12.849,1,1.62594,0.36288,0,16.7517,5.56752,9.92108,0.84672,12.849,0.84672,3695.15,0,18.483,0.339178,0.204422,2.27379,2.69951,1.46947,3.36907,0.42336,0,0,18.483,0.42336,442.007,0,0.69317,0,0,0.897592,0.204422,1.028160,1,0,13.2902,0,0,0,13.2902,0
15.7907,2.33628,0,0,1.02291,0.0678883,0.36288,3.6288,48.7519,0.968949,0,0,0.287886,0.299292,0,0.66528,12.849,1,1.71195,0.36288,0,16.7101,5.6247,9.73633,0.84672,12.849,0.84672,3695.15,0,18.483,0.36011,0.204422,2.27386,1.77993,1.49007,2.40803,0.42336,0,0,18.483,0.42336,442.007,0,0.632215,0,0,0.836637,0.204422,1.028160,1,0,12.1444,0,0,0,12.1444,0
14.6262,2.16398,0,0,1.40359,0.0411967,0.36288,3.6288,47.7071,0.963066,0,0,0.224586,0.306307,0,0.66528,12.849,1,1.76085,0.36288,0,20.4799,5.25402,13.8279,0.84672,12.849,0.84672,3695.15,0,18.483,0.365122,0.204422,2.27392,1.43714,1.46689,2.08347,0.42336,0,0,18.483,0.42336,442.007,0,0.538773,0,0,0.743196,0.204422,1.028160,1,0,15.9114,0,0,0,15.9114,0
14.0758,1.56149,0,0,1.46804,0.0941422,0.36288,3.6288,46.7417,1.00351,0,0,0.286604,0.248441,0,0.66528,12.849,1,1.37176,0.36288,0,19.0482,3.72897,14.3103,0.84672,12.849,0.84672,3695.15,0,18.483,1.06963,0.204422,2.17793,1.73022,1.09928,1.94366,0.42336,0,0,18.483,0.42336,442.007,0,0.68993,0,0,0.894352,0.204422,1.028160,1,0,16.254,0,0,0,16.254,0
13.5193,1.56741,0,0,1.47163,0.0977672,0.36288,3.6288,45.8135,0.999648,0,0,0.320617,0.249151,0,0.66528,12.849,1,1.4308,0.36288,0,21.7226,3.77779,16.8769,0.84672,12.849,0.84672,3695.15,0,18.483,1.10046,0.216518,2.68444,1.89431,1.12724,2.56758,0.42336,0,0,18.483,0.42336,442.007,0,0.693792,0,0,0.91031,0.216518,1.028160,1,0,19.4445,0,0,0,19.4445,0
13.1028,1.5373,0,0,1.58023,0.0965981,0.36288,3.6288,44.9704,0.933241,0,0,0.337171,0.247022,0,0.66528,12.849,1,1.46108,0.36288,0,31.911,3.77779,27.035,0.84672,12.849,0.84672,3695.15,0,18.483,1.10046,0.216518,2.72043,2.0749,1.12724,2.78415,0.42336,0,0,18.483,0.42336,442.007,0,0.760199,0,0,0.976717,0.216518,1.028160,1,0,29.8191,0,0,0,29.8191,0
12.5312,1.46274,0,0,1.36225,0.108238,0.36288,3.6288,44.5297,0.66528,0,0,0.447529,0.222988,0,0.66528,12.849,1,1.43441,0.36288,0,41.153,3.72559,36.3559,0.84672,12.849,0.84672,3695.15,0,18.483,1.01455,0.258975,2.72046,2.77104,0.991424,3.7445,0.42336,0,0,18.483,0.42336,442.007,0,1.02816,0,0,1.28714,0.258975,1.028160,1,0,40.1004,0,0,0,40.1004,0
12.0819,1.3881,0,0,1.41354,0.111824,0.36288,3.6288,43.9688,0.789159,0,0,0.441473,0.213265,0,0.66528,12.849,1,1.4233,0.36288,0,28.8509,3.70472,24.0857,0.84672,12.849,0.84672,3695.15,0,18.483,1.10046,0.216518,2.63512,2.28346,0.937099,3.09754,0.42336,0,0,18.483,0.42336,442.007,0,0.904281,0,0,1.1208,0.216518,1.028160,1,0,27.1833,0,0,0,27.1833,0
12.4523,1.36253,0,0,2.20646,0.110707,0.36288,3.6288,43.6132,0.66528,0,0,0.521892,0.212141,0,0.66528,12.849,1,1.44903,0.36288,0,38.6623,3.70472,33.8714,0.84672,12.849,0.84672,3695.15,0,18.483,1.10046,0.352849,2.68542,3.026,0.937099,4.02671,0.42336,0,0,18.483,0.42336,442.007,0,1.02816,0,0,1.38101,0.352849,1.028160,1,0,37.8981,0,0,0,37.8981,0
16.0998,1.22844,0,0,5.35047,0.111628,0.36288,3.6288,44.0265,0.66528,0,0,1.28995,0.211428,0,0.66528,12.849,1,1.26757,0.36288,0,88.4562,3.70472,83.8468,0.84672,12.849,0.84672,3695.15,0,18.483,0.953395,2.56081,2.68545,5.01706,0.937099,8.37283,0.42336,0,0,18.483,0.42336,442.007,0,1.02816,0,0,3.58897,2.56081,1.028160,1,0,92.2196,0,0,0,92.2196,0
17.5694,1.40364,0,0,3.36699,0.130852,0.36288,3.6288,44.0305,0.66528,0,0,0.873772,0.204437,0,0.66528,12.849,1,1.12022,0.36288,0,61.0467,4.11035,56.179,0.84672,12.849,0.84672,3695.15,0,18.483,0.921516,1.68594,2.5127,3.75349,0.985737,6.04488,0.42336,0,0,18.483,0.42336,442.007,0,1.02816,0,0,2.7141,1.68594,1.028160,1,0,62.2239,0,0,0,62.2239,0
18.3318,2.04259,0,0,3.3155,0.147607,0.36288,3.6288,44.3167,0.404576,0,0,0.884727,0.194019,0,0.66528,12.849,1,1.4938,0.36288,0,71.5741,4.65118,65.792,0.84672,12.849,0.84672,3695.15,0,18.483,0.169832,1.40816,2.49329,5.11372,1.05059,7.79474,0.42336,0,0,18.483,0.42336,442.007,0,1.02816,0,0,2.43632,1.40816,1.028160,1,0,73.5867,0,0,0,73.5867,0
17.3072,2.07917,0,0,1.56667,0.149225,0.36288,3.6288,44.2937,0.405382,0,0,0.576925,0.194543,0,0.66528,12.849,1,1.45732,0.36288,0,40.2215,4.65118,34.4759,0.84672,12.849,0.84672,3695.15,0,18.483,0.169071,0.352313,1.90086,3.64254,1.05059,4.67606,0.42336,0,0,18.483,0.42336,442.007,0,1.02816,0,0,1.38047,0.352313,1.028160,1,0,39.152,0,0,0,39.152,0
17.5563,2.02972,0,0,2.79672,0.155007,0.36288,3.6288,44.288,0.405352,0,0,0.603795,0.20409,0,0.66528,12.849,1,1.50688,0.36288,0,36.5651,4.17988,31.2412,0.84672,12.849,0.84672,3695.15,0,18.483,0.169147,1.01174,1.90092,3.81333,1.05281,5.50404,0.42336,0,0,18.483,0.42336,442.007,0,1.02816,0,0,2.0399,1.01174,1.028160,1,0,36.7452,0,0,0,36.7452,0
18.8235,2.04212,0,0,3.83893,0.166785,0.36288,3.6288,44.5357,0.405369,0,0,0.831116,0.178031,0,0.66528,12.849,1,1.49457,0.36288,0,61.149,3.41391,56.6034,0.84672,12.849,0.84672,3695.15,0,18.483,0.169175,2.01665,1.90097,6.89151,0.94263,9.69734,0.42336,0,0,18.483,0.42336,442.007,0,1.02816,0,0,3.04481,2.01665,1.028160,1,0,66.3007,0,0,0,66.3007,0
22.0571,2.16781,0,0,5.90497,0.140693,0.36288,3.6288,44.6805,0.442684,0,0,0.814562,0.227057,0,0.66528,12.849,1,1.47976,0.36288,0,93.5392,4.43342,87.9889,0.84672,12.849,0.84672,3695.15,0,18.483,0.183721,1.91404,1.90103,3.40312,1.35538,5.67908,0.42336,0,0,18.483,0.42336,442.007,0,1.02816,0,0,2.9422,1.91404,1.028160,1,0,93.668,0,0,0,93.668,0
25.0013,2.30494,0,0,5.75918,0.147117,0.36288,3.6288,44.7512,0.443128,0,0,0.741191,0.227366,0,0.66528,12.849,1,1.34271,0.36288,0,114.991,4.43342,109.577,0.84672,12.849,0.84672,3695.15,0,18.483,0.183309,1.64033,1.96187,3.52536,1.35538,5.58887,0.42336,0,0,18.483,0.42336,442.007,0,1.02816,0,0,2.66849,1.64033,1.028160,1,0,115.166,0,0,0,115.166,0
28.2064,2.40943,0,0,6.12583,0.148474,0.36288,3.6288,44.8684,0.443355,0,0,0.783795,0.223265,0,0.66528,12.849,1,1.23828,0.36288,0,99.9492,4.14868,94.9252,0.84672,12.849,0.84672,3695.15,0,18.483,0.183113,1.84298,1.96191,3.55985,1.29705,5.88458,0.42336,0,0,18.483,0.42336,442.007,0,1.02816,0,0,2.87114,1.84298,1.028160,1,0,100.81,0,0,0,100.81,0
31.5452,2.50614,0,0,6.36765,0.159767,0.36288,3.6288,45.2478,0.443716,0,0,0.997082,0.173991,0,0.66528,12.849,1,1.14164,0.36288,0,98.5807,3.1074,94.6945,0.84672,12.849,0.84672,3695.15,0,18.483,0.182784,3.31563,1.96195,4.01662,1.0725,8.03892,0.42336,0,0,18.483,0.42336,442.007,0,1.02816,0,0,4.34379,3.31563,1.028160,1,0,102.733,0,0,0,102.733,0
32.4169,2.84488,0,0,4.25031,0.170856,0.36288,3.6288,45.3008,0.582959,0,0,0.793852,0.15793,0,0.66528,12.849,1,1.15878,0.36288,0,80.4832,3.13751,76.5498,0.84672,12.849,0.84672,3695.15,0,18.483,0.238129,2.00397,1.96198,3.71372,0.949815,6.49173,0.42336,0,0,18.483,0.42336,442.007,0,1.02816,0,0,3.03213,2.00397,1.028160,1,0,83.0416,0,0,0,83.0416,0
32.0324,2.86725,0,0,3.03565,0.19007,0.36288,3.6288,45.2896,0.583182,0,0,0.733752,0.161734,0,0.66528,12.849,1,1.13648,0.36288,0,51.413,3.8715,46.7679,0.84672,12.849,0.84672,3695.15,0,18.483,0.237942,1.6075,2.17901,3.92836,1.03311,6.44382,0.42336,0,0,18.483,0.42336,442.007,0,1.02816,0,0,2.63566,1.6075,1.028160,1,0,53.2117,0,0,0,53.2117,0
32.3826,2.85757,0,0,3.76193,0.191218,0.36288,3.6288,45.3999,0.583165,0,0,0.855498,0.162047,0,0.66528,12.849,1,1.14624,0.36288,0,75.1373,3.93771,70.4163,0.84672,12.849,0.84672,3695.15,0,18.483,0.237994,2.11183,2.17906,4.47512,1.05969,7.46833,0.42336,0,0,18.483,0.42336,442.007,0,1.02816,0,0,3.13999,2.11183,1.028160,1,0,77.8846,0,0,0,77.8846,0
33.1849,2.8665,0,0,4.22373,0.192061,0.36288,3.6288,45.5012,0.583601,0,0,0.8471,0.162213,0,0.66528,12.849,1,1.13739,0.36288,0,89.3143,3.93771,84.6021,0.84672,12.849,0.84672,3695.15,0,18.483,0.237593,2.35278,2.1791,4.88655,1.05969,8.12115,0.42336,0,0,18.483,0.42336,442.007,0,1.02816,0,0,3.38094,2.35278,1.028160,1,0,92.7232,0,0,0,92.7232,0
35.0861,2.52051,0,0,4.97862,0.19411,0.36288,3.6288,45.6037,0.398314,0,0,0.624879,0.124063,0,0.66528,12.849,1,0.975926,0.36288,0,74.2496,3.79197,69.8445,0.84672,12.849,0.84672,3695.15,0,18.483,0.161799,1.6333,2.17914,5.46016,0.899356,8.21144,0.42336,0,0,18.483,0.42336,442.007,0,1.02816,0,0,2.66146,1.6333,1.028160,1,0,78.056,0,0,0,78.056,0
37.3348,2.55926,0,0,5.36962,0.198778,0.36288,3.6288,45.6504,0.398595,0,0,0.540721,0.0954268,0,0.66528,12.849,1,0.937238,0.36288,0,113.666,3.68267,109.409,0.84672,12.849,0.84672,3695.15,0,18.483,0.161549,1.4672,1.88233,5.42264,0.779104,7.83152,0.42336,0,0,18.483,0.42336,442.007,0,1.02816,0,0,2.49536,1.4672,1.028160,1,0,117.241,0,0,0,117.241,0
37.909,2.60131,0,0,3.74264,0.204195,0.36288,3.6288,45.9241,0.398734,0,0,0.767927,0.0954683,0,0.66528,12.849,1,0.895258,0.36288,0,84.6357,3.68267,80.4207,0.84672,12.849,0.84672,3695.15,0,18.483,0.16144,1.08806,1.88237,3.83033,0.779104,5.86021,0.42336,0,0,18.483,0.42336,442.007,0,1.02816,0,0,2.11622,1.08806,1.028160,1,0,86.2809,0,0,0,86.2809,0
39.8668,2.61149,0,0,5.1252,0.192999,0.36288,3.6288,46.5886,0.399442,0,0,1.16248,0.0984947,0,0.66528,12.849,1,0.885147,0.36288,0,124.836,3.72847,120.585,0.84672,12.849,0.84672,3695.15,0,18.483,0.160763,1.88878,1.8824,4.88525,0.786627,7.70904,0.42336,0,0,18.483,0.42336,442.007,0,1.02816,0,0,2.91694,1.88878,1.028160,1,0,128.294,0,0,0,128.294,0
41.7847,2.64441,0,0,5.10939,0.184188,0.36288,3.6288,47.1488,0.401105,0,0,1.06954,0.108225,0,0.66528,12.849,1,0.852289,0.36288,0,93.2317,3.8754,88.8668,0.84672,12.849,0.84672,3695.15,0,18.483,0.15913,1.55705,1.88244,4.52575,0.791409,7.0147,0.42336,0,0,18.483,0.42336,442.007,0,1.02816,0,0,2.58521,1.55705,1.028160,1,0,95.8815,0,0,0,95.8815,0
45.4081,2.7721,0,0,6.9708,0.212443,0.36288,3.6288,47.9461,0.44838,0,0,1.38689,0.14124,0,0.66528,12.849,1,0.852434,0.36288,0,148.251,4.39047,143.371,0.84672,12.849,0.84672,3695.15,0,18.483,0.175771,2.27386,1.88248,6.33648,0.759922,9.55712,0.42336,0,0,18.483,0.42336,442.007,0,1.02816,0,0,3.30202,2.27386,1.028160,1,0,152.928,0,0,0,152.928,0
47.0925,2.82517,0,0,5.0939,0.221454,0.36288,3.6288,48.5536,0.450512,0,0,1.20017,0.142185,0,0.66528,12.849,1,0.799431,0.36288,0,122.101,4.39047,117.274,0.84672,12.849,0.84672,3695.15,0,18.483,0.17367,1.9546,1.95581,5.17581,0.759922,8.15263,0.42336,0,0,18.483,0.42336,442.007,0,1.02816,0,0,2.98276,1.9546,1.028160,1,0,125.427,0,0,0,125.427,0
47.8814,2.84769,0,0,4.23001,0.230573,0.36288,3.6288,49.015,0.452109,0,0,1.02775,0.114179,0,0.66528,12.849,1,0.776982,0.36288,0,90.9222,3.90737,86.6007,0.84672,12.849,0.84672,3695.15,0,18.483,0.172105,1.66443,1.95585,4.49045,0.733059,7.20556,0.42336,0,0,18.483,0.42336,442.007,0,1.02816,0,0,2.69259,1.66443,1.028160,1,0,93.8063,0,0,0,93.8063,0
48.1548,2.85784,0,0,3.69921,0.205025,0.36288,3.6288,49.3573,0.453308,0,0,0.913956,0.11836,0,0.66528,12.849,1,0.766904,0.36288,0,73.2205,3.8578,68.9587,0.84672,12.849,0.84672,3695.15,0,18.483,0.170937,1.42262,1.95589,3.96498,0.863576,6.30898,0.42336,0,0,18.483,0.42336,442.007,0,1.02816,0,0,2.45078,1.42262,1.028160,1,0,75.2677,0,0,0,75.2677,0
49.0083,2.8219,0,0,4.24466,0.20646,0.36288,3.6288,50.0062,0.43614,0,0,1.26558,0.180608,0,0.66528,12.849,1,0.752958,0.36288,0,86.0933,4.19117,81.512,0.84672,12.849,0.84672,3695.15,0,18.483,0.163323,1.74974,1.95593,3.9013,0.918375,6.52526,0.42336,0,0,18.483,0.42336,442.007,0,1.02816,0,0,2.7779,1.74974,1.028160,1,0,88.0373,0,0,0,88.0373,0
49.1402,2.83234,0,0,3.53573,0.208518,0.36288,3.6288,50.3877,0.43771,0,0,1.01124,0.191947,0,0.66528,12.849,1,0.742584,0.36288,0,72.436,4.24672,67.8096,0.84672,12.849,0.84672,3695.15,0,18.483,0.161784,1.25525,1.92743,3.22627,0.927508,5.31966,0.42336,0,0,18.483,0.42336,442.007,0,1.02816,0,0,2.28341,1.25525,1.028160,1,0,73.1293,0,0,0,73.1293,0
48.7213,2.83398,0,0,2.98674,0.208815,0.36288,3.6288,50.6883,0.43863,0,0,0.931712,0.192547,0,0.66528,12.849,1,0.741017,0.36288,0,63.5014,4.24672,58.8765,0.84672,12.849,0.84672,3695.15,0,18.483,0.160896,1.02057,1.92747,2.937,0.927508,4.79663,0.42336,0,0,18.483,0.42336,442.007,0,1.02816,0,0,2.04873,1.02057,1.028160,1,0,63.6732,0,0,0,63.6732,0
48.0481,2.82899,0,0,2.72653,0.207873,0.36288,3.6288,50.8579,0.439352,0,0,0.802008,0.19302,0,0.66528,12.849,1,0.746073,0.36288,0,62.8932,4.24672,58.2632,0.84672,12.849,0.84672,3695.15,0,18.483,0.160205,0.559699,1.9275,2.99829,0.927508,4.39778,0.42336,0,0,18.483,0.42336,442.007,0,1.02816,0,0,1.58786,0.559699,1.028160,1,0,62.661,0,0,0,62.661,0
47.8938,2.9546,0,0,3.3646,0.201404,0.36288,3.6288,51.1112,0.504313,0,0,0.954141,0.196512,0,0.66528,12.849,1,0.790119,0.36288,0,65.5115,4.40081,60.6835,0.84672,12.849,0.84672,3695.15,0,18.483,0.18328,0.72544,1.92754,3.0165,0.959875,4.52633,0.42336,0,0,18.483,0.42336,442.007,0,1.02816,0,0,1.7536,0.72544,1.028160,1,0,65.2098,0,0,0,65.2098,0
47.1057,2.95265,0,0,2.71693,0.189518,0.36288,3.6288,51.3717,0.505004,0,0,0.949769,0.184283,0,0.66528,12.849,1,0.792141,0.36288,0,50.8945,4.48641,45.9789,0.84672,12.849,0.84672,3695.15,0,18.483,0.182621,1.06567,2.02735,2.99322,0.961866,4.94175,0.42336,0,0,18.483,0.42336,442.007,0,1.02816,0,0,2.09383,1.06567,1.028160,1,0,50.9206,0,0,0,50.9206,0
46.292,2.9423,0,0,2.6039,0.112401,0.36288,3.6288,51.5256,0.50571,0,0,0.875802,0.216239,0,0.66528,12.849,1,0.802569,0.36288,0,51.2108,4.93983,45.8313,0.84672,12.849,0.84672,3695.15,0,18.483,0.181949,1.01612,2.02739,2.95419,1.05309,4.76267,0.42336,0,0,18.483,0.42336,442.007,0,1.02816,0,0,2.04428,1.01612,1.028160,1,0,50.594,0,0,0,50.594,0
45.2294,2.93131,0,0,2.34293,0.111393,0.36288,3.6288,51.5132,0.506134,0,0,0.710303,0.216509,0,0.66528,12.849,1,0.813627,0.36288,0,46.0043,4.93983,40.6137,0.84672,12.849,0.84672,3695.15,0,18.483,0.181558,0.696246,2.02743,2.56433,1.05309,4.05335,0.42336,0,0,18.483,0.42336,442.007,0,1.02816,0,0,1.72441,0.696246,1.028160,1,0,44.6671,0,0,0,44.6671,0
44.2697,2.91648,0,0,2.43448,0.114809,0.36288,3.6288,51.4134,0.506126,0,0,0.617207,0.210893,0,0.66528,12.849,1,0.828529,0.36288,0,45.0547,4.90005,39.689,0.84672,12.849,0.84672,3695.15,0,18.483,0.181599,0.725501,2.02747,2.77468,1.05975,4.28631,0.42336,0,0,18.483,0.42336,442.007,0,1.02816,0,0,1.75366,0.725501,1.028160,1,0,43.9753,0,0,0,43.9753,0
44.2151,2.87662,0,0,3.28379,0.0989037,0.36288,3.6288,51.4965,0.541473,0,0,0.821128,0.196578,0,0.66528,12.849,1,0.834921,0.36288,0,62.6575,4.82164,57.3639,0.84672,12.849,0.84672,3695.15,0,18.483,0.194658,1.44893,2.02751,4.57125,1.14732,6.70571,0.42336,0,0,18.483,0.42336,442.007,0,1.02816,0,0,2.47709,1.44893,1.028160,1,0,64.0696,0,0,0,64.0696,0
43.9234,2.87587,0,0,3.02889,0.0818037,0.36288,3.6288,51.5653,0.541729,0,0,0.815011,0.204473,0,0.66528,12.849,1,0.835736,0.36288,0,57.3429,4.88576,51.9843,0.84672,12.849,0.84672,3695.15,0,18.483,0.194436,1.32492,2.05863,4.37449,1.16636,6.39725,0.42336,0,0,18.483,0.42336,442.007,0,1.02816,0,0,2.35308,1.32492,1.028160,1,0,58.3815,0,0,0,58.3815,0
43.4394,2.87164,0,0,2.83205,0.0814811,0.36288,3.6288,51.6362,0.541945,0,0,0.817482,0.204587,0,0.66528,12.849,1,0.840046,0.36288,0,53.4827,4.88576,48.1198,0.84672,12.849,0.84672,3695.15,0,18.483,0.194254,1.44673,2.05867,4.09247,1.16636,6.23727,0.42336,0,0,18.483,0.42336,442.007,0,1.02816,0,0,2.47489,1.44673,1.028160,1,0,54.3571,0,0,0,54.3571,0
42.8407,2.86447,0,0,2.70829,0.0796891,0.36288,3.6288,51.6665,0.542166,0,0,0.789955,0.217542,0,0.66528,12.849,1,0.847285,0.36288,0,49.6019,5.0584,44.0591,0.84672,12.849,0.84672,3695.15,0,18.483,0.194066,1.37654,2.05871,3.96258,1.20778,5.99599,0.42336,0,0,18.483,0.42336,442.007,0,1.02816,0,0,2.4047,1.37654,1.028160,1,0,50.0551,0,0,0,50.0551,0
42.0351,2.92205,0,0,2.55939,0.0800288,0.36288,3.6288,51.5029,0.57403,0,0,0.666446,0.25604,0,0.66528,12.849,1,0.876398,0.36288,0,42.7956,5.67696,36.6051,0.84672,12.849,0.84672,3695.15,0,18.483,0.205351,1.09228,2.05875,3.97697,1.37464,5.548,0.42336,0,0,18.483,0.42336,442.007,0,1.02816,0,0,2.12044,1.09228,1.028160,1,0,42.1531,0,0,0,42.1531,0
41.5326,2.90925,0,0,2.8342,0.0646011,0.36288,3.6288,51.4645,0.573575,0,0,0.810899,0.275684,0,0.66528,12.849,1,0.889278,0.36288,0,51.9955,5.91118,45.5579,0.84672,12.849,0.84672,3695.15,0,18.483,0.205841,1.36647,2.10834,4.49817,1.49441,6.27272,0.42336,0,0,18.483,0.42336,442.007,0,1.02816,0,0,2.39463,1.36647,1.028160,1,0,51.8307,0,0,0,51.8307,0
40.8434,2.90108,0,0,2.63898,0.0642222,0.36288,3.6288,51.3189,0.573488,0,0,0.703503,0.275598,0,0.66528,12.849,1,0.897513,0.36288,0,44.0254,5.91118,37.5796,0.84672,12.849,0.84672,3695.15,0,18.483,0.205963,1.56034,2.10838,4.53965,1.49441,6.50799,0.42336,0,0,18.483,0.42336,442.007,0,1.02816,0,0,2.5885,1.56034,1.028160,1,0,44.0875,0,0,0,44.0875,0
39.9671,2.88962,0,0,2.43991,0.0637025,0.36288,3.6288,51.123,0.573084,0,0,0.652406,0.275273,0,0.66528,12.849,1,0.909051,0.36288,0,42.2164,5.91118,35.7591,0.84672,12.849,0.84672,3695.15,0,18.483,0.206401,1.24532,2.10842,3.94718,1.49441,5.6001,0.42336,0,0,18.483,0.42336,442.007,0,1.02816,0,0,2.27348,1.24532,1.028160,1,0,41.3592,0,0,0,41.3592,0
38.85,3.06657,0,0,2.37142,0.0590432,0.36288,3.6288,50.8526,0.66528,0,0,0.675864,0.280993,0,0.66528,12.849,1,0.985871,0.36288,0,41.8274,6.07504,35.1293,0.84672,12.849,0.84672,3695.15,0,18.483,0.269873,1.34188,2.10846,4.34535,1.51515,6.01066,0.42336,0,0,18.483,0.42336,442.007,0,1.02816,0,0,2.37004,1.34188,1.028160,1,0,41.14,0,0,0,41.14,0
37.7811,3.04533,0,0,2.38772,0.0484159,0.36288,3.6288,50.5538,0.66528,0,0,0.662221,0.295735,0,0.66528,12.849,1,1.00719,0.36288,0,48.1711,6.4847,41.0421,0.84672,12.849,0.84672,3695.15,0,18.483,0.269911,1.62912,2.27628,4.99472,1.56698,7.06323,0.42336,0,0,18.483,0.42336,442.007,0,1.02816,0,0,2.65728,1.62912,1.028160,1,0,48.1053,0,0,0,48.1053,0
36.6834,3.02412,0,0,2.3371,0.0478161,0.36288,3.6288,50.2127,0.66528,0,0,0.619174,0.295015,0,0.66528,12.849,1,1.02848,0.36288,0,43.9578,6.4847,36.8075,0.84672,12.849,0.84672,3695.15,0,18.483,0.269949,1.47983,2.27633,5.01314,1.56698,6.93237,0.42336,0,0,18.483,0.42336,442.007,0,1.02816,0,0,2.50799,1.47983,1.028160,1,0,43.7399,0,0,0,43.7399,0
36.6673,3.00139,0,0,3.39542,0.0472002,0.36288,3.6288,49.9646,0.66528,0,0,0.711444,0.294194,0,0.66528,12.849,1,1.05129,0.36288,0,50.0649,6.4847,42.8918,0.84672,12.849,0.84672,3695.15,0,18.483,0.269986,1.92561,2.27637,5.55823,1.56698,7.92325,0.42336,0,0,18.483,0.42336,442.007,0,1.02816,0,0,2.95377,1.92561,1.028160,1,0,50.8151,0,0,0,50.8151,0
38.1285,3.00111,0,0,4.89395,0.06882,0.36288,3.6288,49.9561,0.66528,0,0,0.941691,0.284937,0,0.66528,12.849,1,1.05165,0.36288,0,81.6834,6.35328,74.6414,0.84672,12.849,0.84672,3695.15,0,18.483,0.270024,2.17373,2.27641,6.18801,1.54047,8.82766,0.42336,0,0,18.483,0.42336,442.007,0,1.02816,0,0,3.20189,2.17373,1.028160,1,0,83.469,0,0,0,83.469,0
39.0759,2.93882,0,0,4.27674,0.0275754,0.36288,3.6288,50.2319,0.61378,0,0,1.25061,0.361026,0,0.66528,12.849,1,0.990359,0.36288,0,92.0773,6.59725,84.8526,0.84672,12.849,0.84672,3695.15,0,18.483,0.227089,4.34678,2.27646,12.2894,1.72441,16.9612,0.42336,0,0,18.483,0.42336,442.007,0,1.02816,0,0,5.37494,4.34678,1.028160,1,0,101.814,0,0,0,101.814,0
40.502,2.95695,0,0,4.81709,0.0711999,0.36288,3.6288,50.4724,0.614717,0,0,1.17869,0.323523,0,0.66528,12.849,1,0.972307,0.36288,0,73.7735,6.26597,66.8981,0.84672,12.849,0.84672,3695.15,0,18.483,0.226187,3.81988,2.18034,9.83068,1.61062,13.9941,0.42336,0,0,18.483,0.42336,442.007,0,1.02816,0,0,4.84804,3.81988,1.028160,1,0,80.8922,0,0,0,80.8922,0
43.5274,2.98299,0,0,6.45106,0.0797409,0.36288,3.6288,50.9886,0.615532,0,0,1.44958,0.31776,0,0.66528,12.849,1,0.946335,0.36288,0,97.8921,6.21075,91.0979,0.84672,12.849,0.84672,3695.15,0,18.483,0.225408,5.38993,2.18038,12.0828,1.59166,17.836,0.42336,0,0,18.483,0.42336,442.007,0,1.02816,0,0,6.41809,5.38993,1.028160,1,0,108.934,0,0,0,108.934,0
48.1736,3.03384,0,0,8.12544,0.0826081,0.36288,3.6288,52.2256,0.617234,0,0,2.1733,0.3191,0,0.66528,12.849,1,0.895567,0.36288,0,199.244,6.21075,192.5,0.84672,12.849,0.84672,3695.15,0,18.483,0.223743,8.60129,2.18042,16.6897,1.59166,25.656,0.42336,0,0,18.483,0.42336,442.007,0,1.02816,0,0,9.62945,8.60129,1.028160,1,0,218.156,0,0,0,218.156,0
49.7658,3.02195,0,0,5.07401,0.0969358,0.36288,3.6288,52.7465,0.557654,0,0,1.38713,0.308612,0,0.66528,12.849,1,0.806023,0.36288,0,133.228,5.67615,127.109,0.84672,12.849,0.84672,3695.15,0,18.483,0.197358,3.77058,2.18047,9.8185,1.47307,14.0991,0.42336,0,0,18.483,0.42336,442.007,0,1.02816,0,0,4.79874,3.77058,1.028160,1,0,141.208,0,0,0,141.208,0
50.1925,3.0425,0,0,4.01249,0.180463,0.36288,3.6288,53.5788,0.559123,0,0,1.59617,0.204702,0,0.66528,12.849,1,0.785542,0.36288,0,104.741,4.18152,100.137,0.84672,12.849,0.84672,3695.15,0,18.483,0.195923,3.25298,2.09504,9.89323,1.04379,14.0015,0.42336,0,0,18.483,0.42336,442.007,0,1.02816,0,0,4.28114,3.25298,1.028160,1,0,114.138,0,0,0,114.138,0
50.3734,3.04788,0,0,3.78547,0.193715,0.36288,3.6288,54.0539,0.561411,0,0,1.2266,0.190148,0,0.66528,12.849,1,0.78024,0.36288,0,85.3995,3.99924,80.9829,0.84672,12.849,0.84672,3695.15,0,18.483,0.193669,5.23128,2.09508,11.5787,0.987065,17.7243,0.42336,0,0,18.483,0.42336,442.007,0,1.02816,0,0,6.25944,5.23128,1.028160,1,0,98.7072,0,0,0,98.7072,0
51.3286,3.05017,0,0,4.56232,0.194085,0.36288,3.6288,54.6325,0.562705,0,0,1.33218,0.190811,0,0.66528,12.849,1,0.778022,0.36288,0,120.164,3.99924,115.75,0.84672,12.849,0.84672,3695.15,0,18.483,0.19241,4.32356,2.09512,15.6442,0.987065,20.8834,0.42336,0,0,18.483,0.42336,442.007,0,1.02816,0,0,5.35172,4.32356,1.028160,1,0,136.633,0,0,0,136.633,0
53.5427,2.83122,0,0,5.61341,0.205266,0.36288,3.6288,55.7706,0.430408,0,0,1.77719,0.208726,0,0.66528,12.849,1,0.708734,0.36288,0,125.302,4.07596,120.88,0.84672,12.849,0.84672,3695.15,0,18.483,0.145613,2.39396,2.09516,18.389,0.958509,21.774,0.42336,0,0,18.483,0.42336,442.007,0,1.02816,0,0,3.42212,2.39396,1.028160,1,0,142.654,0,0,0,142.654,0
55.4552,2.85491,0,0,5.37044,0.240127,0.36288,3.6288,58.2132,0.432663,0,0,3.0946,0.219263,0,0.66528,12.849,1,0.685112,0.36288,0,89.4672,3.81192,85.333,0.84672,12.849,0.84672,3695.15,0,18.483,0.143389,6.18284,1.90278,29.7214,0.861023,36.8026,0.42336,0,0,18.483,0.42336,442.007,0,1.02816,0,0,7.211,6.18284,1.028160,1,0,122.136,0,0,0,122.136,0
57.111,2.87415,0,0,5.13759,0.244808,0.36288,3.6288,59.9945,0.437253,0,0,2.4413,0.222772,0,0.66528,12.849,1,0.665941,0.36288,0,166.468,3.81192,162.353,0.84672,12.849,0.84672,3695.15,0,18.483,0.13883,4.48076,1.90281,17.8398,0.861023,23.2235,0.42336,0,0,18.483,0.42336,442.007,0,1.02816,0,0,5.50892,4.48076,1.028160,1,0,185.576,0,0,0,185.576,0
58.2603,2.88996,0,0,4.65699,0.254797,0.36288,3.6288,61.308,0.440428,0,0,2.07115,0.187244,0.129992,0.66528,12.849,1,0.650193,0.36288,0,158.47,3.35022,154.832,0.84672,12.849,0.84672,3695.15,0,18.483,0.135686,3.38028,1.90285,14.4077,0.771617,18.7835,0.42336,0,0,18.483,0.42336,442.007,0,1.02816,0,0,4.40844,3.38028,1.028160,1,0,173.746,0,0,0,173.746,0
59.8992,2.90053,0,0,5.15106,0.24872,0.36288,3.6288,61.308,0.442685,0,0,2.26934,0.198707,1.62795,0.66528,12.849,1,0.639696,0.36288,0,111.38,3.35097,107.752,0.84672,12.849,0.84672,3695.15,0,18.483,0.13346,4.33768,1.90289,16.5493,0.861267,21.7952,0.42336,0,0,18.483,0.42336,442.007,0,1.02816,0,0,5.36584,4.33768,1.028160,1,0,131.175,0,0,0,131.175,0
63.8751,2.91494,0,0,7.51612,0.262456,0.36288,3.6288,61.308,0.442685,0,0,3.24524,0.19793,2.60462,0.66528,12.849,1,0.625284,0.36288,0,167.53,3.77319,163.494,0.84672,12.849,0.84672,3695.15,0,18.483,0.13346,3.37579,1.90292,19.3724,0.958505,23.5592,0.42336,0,0,18.483,0.42336,442.007,0,1.02816,0,0,4.40395,3.37579,1.028160,1,0,189.658,0,0,0,189.658,0
64.8352,3.03972,0,0,4.62366,0.260921,0.36288,3.6288,61.308,0.482561,0,0,1.61737,0.224316,0.910496,0.66528,12.849,1,0.611464,0.36288,0,113.918,3.96825,109.702,0.84672,12.849,0.84672,3695.15,0,18.483,0.145481,3.57874,1.90292,13.4972,0.918441,17.915,0.42336,0,0,18.483,0.42336,442.007,0,1.02816,0,0,4.6069,3.57874,1.028160,1,0,128.527,0,0,0,128.527,0
65.8002,3.04731,0,0,4.66433,0.289125,0.36288,3.6288,61.308,0.482574,0,0,1.46008,0.250982,0.726527,0.66528,12.849,1,0.603913,0.36288,0,110.101,4.53967,105.321,0.84672,12.849,0.84672,3695.15,0,18.483,0.145485,3.35792,1.96381,12.5378,1.0967,16.6174,0.42336,0,0,18.483,0.42336,442.007,0,1.02816,0,0,4.38608,3.35792,1.028160,1,0,122.664,0,0,0,122.664,0
66.6835,3.05475,0,0,4.59222,0.291369,0.36288,3.6288,61.308,0.482587,0,0,1.57343,0.250982,0.839862,0.66528,12.849,1,0.596509,0.36288,0,108.488,4.53967,103.715,0.84672,12.849,0.84672,3695.15,0,18.483,0.145489,3.4884,1.96383,14.0187,1.0967,18.2287,0.42336,0,0,18.483,0.42336,442.007,0,1.02816,0,0,4.51656,3.4884,1.028160,1,0,122.783,0,0,0,122.783,0
67.3741,3.0614,0,0,4.42231,0.30737,0.36288,3.6288,61.308,0.4826,0,0,1.50492,0.223877,0.798438,0.66528,12.849,1,0.589891,0.36288,0,108.21,3.99257,103.99,0.84672,12.849,0.84672,3695.15,0,18.483,0.145493,2.84687,1.96385,11.2574,0.972381,14.9503,0.42336,0,0,18.483,0.42336,442.007,0,1.02816,0,0,3.87503,2.84687,1.028160,1,0,119.739,0,0,0,119.739,0
66.8569,3.36561,0,0,3.53899,0.327751,0.36288,3.6288,61.308,0.632244,0,0,1.1353,0.187738,0.315322,0.66528,12.849,1,0.64186,0.36288,0,84.03,3.26308,80.488,0.84672,12.849,0.84672,3695.15,0,18.483,0.190608,1.46325,1.96387,8.79975,0.806628,11.2296,0.42336,0,0,18.483,0.42336,442.007,0,1.02816,0,0,2.49141,1.46325,1.028160,1,0,92.0329,0,0,0,92.0329,0
66.6961,3.36148,0,0,3.89,0.326415,0.36288,3.6288,61.308,0.632259,0,0,1.07057,0.187738,0.250568,0.66528,12.849,1,0.646032,0.36288,0,93.4243,3.26308,89.8781,0.84672,12.849,0.84672,3695.15,0,18.483,0.190612,1.45784,2.18109,9.11019,0.806628,11.7519,0.42336,0,0,18.483,0.42336,442.007,0,1.02816,0,0,2.486,1.45784,1.028160,1,0,101.881,0,0,0,101.881,0
65.6275,3.36021,0,0,2.98052,0.325999,0.36288,3.6288,61.308,0.632274,0,0,0.932213,0.187738,0.112201,0.66528,12.849,1,0.647345,0.36288,0,80.32,3.26308,76.7725,0.84672,12.849,0.84672,3695.15,0,18.483,0.190616,0.953208,2.18111,8.42616,0.806628,10.5632,0.42336,0,0,18.483,0.42336,442.007,0,1.02816,0,0,1.98137,0.953208,1.028160,1,0,87.4479,0,0,0,87.4479,0
68.3372,3.35143,0,0,6.76117,0.33713,0.36288,3.6288,61.308,0.632288,0,0,2.27651,0.171211,1.47301,0.66528,12.849,1,0.656166,0.36288,0,148.035,3.33363,144.408,0.84672,12.849,0.84672,3695.15,0,18.483,0.190621,4.4175,2.18114,13.8967,0.928408,19.3764,0.42336,0,0,18.483,0.42336,442.007,0,1.02816,0,0,5.44566,4.4175,1.028160,1,0,165.258,0,0,0,165.258,0
69.9692,2.94577,0,0,5.31055,0.369909,0.36288,3.6288,61.308,0.431487,0,0,2.47472,0.118083,1.92515,0.66528,12.849,1,0.553874,0.36288,0,147.365,2.57135,144.602,0.84672,12.849,0.84672,3695.15,0,18.483,0.130084,4.43183,2.18116,13.6801,0.800053,19.3629,0.42336,0,0,18.483,0.42336,442.007,0,1.02816,0,0,5.45999,4.43183,1.028160,1,0,165.89,0,0,0,165.89,0
70.8867,2.95672,0,0,4.61169,0.374631,0.36288,3.6288,61.308,0.4315,0,0,2.20089,0.118083,1.65131,0.66528,12.849,1,0.542965,0.36288,0,122.469,2.57135,119.717,0.84672,12.849,0.84672,3695.15,0,18.483,0.130088,4.1214,1.88406,12.1128,0.800053,17.1882,0.42336,0,0,18.483,0.42336,442.007,0,1.02816,0,0,5.14956,4.1214,1.028160,1,0,138.557,0,0,0,138.557,0
72.5529,2.9627,0,0,5.36908,0.377285,0.36288,3.6288,61.308,0.431512,0,0,2.2463,0.118083,1.6967,0.66528,12.849,1,0.537021,0.36288,0,137.563,2.57135,134.817,0.84672,12.849,0.84672,3695.15,0,18.483,0.130091,4.80345,1.88408,14.7072,0.800053,20.4646,0.42336,0,0,18.483,0.42336,442.007,0,1.02816,0,0,5.83161,4.80345,1.028160,1,0,156.978,0,0,0,156.978,0
74.7966,2.9732,0,0,6.0988,0.519048,0.36288,3.6288,61.308,0.431525,0,0,2.38848,0.112356,1.8446,0.66528,12.849,1,0.526549,0.36288,0,163.437,2.48169,160.791,0.84672,12.849,0.84672,3695.15,0,18.483,0.130095,4.94408,1.8841,14.7322,0.784698,20.6455,0.42336,0,0,18.483,0.42336,442.007,0,1.02816,0,0,5.97224,4.94408,1.028160,1,0,183.282,0,0,0,183.282,0
78.5967,2.98671,0,0,7.62358,0.473886,0.36288,3.6288,61.308,0.431537,0,0,3.29298,0.162547,2.6989,0.66528,12.849,1,0.513075,0.36288,0,234.033,2.61427,231.269,0.84672,12.849,0.84672,3695.15,0,18.483,0.130099,6.72624,1.88412,25.3309,0.852041,32.9591,0.42336,0,0,18.483,0.42336,442.007,0,1.02816,0,0,7.7544,6.72624,1.028160,1,0,266.927,0,0,0,266.927,0
80.0889,3.11797,0,0,5.41385,0.440803,0.36288,3.6288,61.308,0.480679,0,0,2.27609,0.154568,1.64084,0.66528,12.849,1,0.509727,0.36288,0,153.259,2.97139,150.141,0.84672,12.849,0.84672,3695.15,0,18.483,0.144914,5.32682,1.88414,16.4986,0.921395,22.6432,0.42336,0,0,18.483,0.42336,442.007,0,1.02816,0,0,6.35498,5.32682,1.028160,1,0,174.425,0,0,0,174.425,0
80.4292,3.12619,0,0,4.27662,0.447273,0.36288,3.6288,61.308,0.480692,0,0,1.98156,0.154568,1.3463,0.66528,12.849,1,0.501548,0.36288,0,126.215,2.97139,123.105,0.84672,12.849,0.84672,3695.15,0,18.483,0.144918,4.68131,1.95752,13.8373,0.921395,19.4098,0.42336,0,0,18.483,0.42336,442.007,0,1.02816,0,0,5.70947,4.68131,1.028160,1,0,143.861,0,0,0,143.861,0
80.4791,3.12805,0,0,3.98963,0.448748,0.36288,3.6288,61.308,0.480705,0,0,2.45328,0.154568,1.81801,0.66528,12.849,1,0.499723,0.36288,0,126.636,2.97139,123.528,0.84672,12.849,0.84672,3695.15,0,18.483,0.144922,4.73734,1.95754,17.5001,0.921395,23.1286,0.42336,0,0,18.483,0.42336,442.007,0,1.02816,0,0,5.7655,4.73734,1.028160,1,0,148.475,0,0,0,148.475,0
80.7447,3.12835,0,0,4.15333,0.396454,0.36288,3.6288,61.308,0.480718,0,0,2.00436,0.189818,1.33382,0.66528,12.849,1,0.499461,0.36288,0,123.494,3.40124,119.956,0.84672,12.849,0.84672,3695.15,0,18.483,0.144926,3.69094,1.95756,13.5983,0.933555,18.1683,0.42336,0,0,18.483,0.42336,442.007,0,1.02816,0,0,4.7191,3.69094,1.028160,1,0,139.458,0,0,0,139.458,0
80.6103,3.08666,0,0,3.6884,0.373315,0.36288,3.6288,61.308,0.461649,0,0,1.52499,0.202044,0.861301,0.66528,12.849,1,0.491184,0.36288,0,102.472,3.64665,98.6972,0.84672,12.849,0.84672,3695.15,0,18.483,0.139177,3.59803,1.95758,13.4874,0.948103,17.9557,0.42336,0,0,18.483,0.42336,442.007,0,1.02816,0,0,4.62619,3.59803,1.028160,1,0,117.514,0,0,0,117.514,0
80.2008,3.08599,0,0,3.4122,0.372831,0.36288,3.6288,61.308,0.461662,0,0,1.22302,0.202044,0.559312,0.66528,12.849,1,0.491896,0.36288,0,72.557,3.64665,68.7813,0.84672,12.849,0.84672,3695.15,0,18.483,0.139181,2.53492,1.92904,11.3678,0.948103,14.7445,0.42336,0,0,18.483,0.42336,442.007,0,1.02816,0,0,3.56308,2.53492,1.028160,1,0,84.0851,0,0,0,84.0851,0
79.4402,3.08386,0,0,2.99257,0.306421,0.36288,3.6288,61.308,0.461675,0,0,1.13452,0.212034,0.46081,0.66528,12.849,1,0.494066,0.36288,0,65.2199,3.84711,61.2416,0.84672,12.849,0.84672,3695.15,0,18.483,0.139185,2.27813,1.92906,10.7919,1.01923,13.8407,0.42336,0,0,18.483,0.42336,442.007,0,1.02816,0,0,3.30629,2.27813,1.028160,1,0,75.5431,0,0,0,75.5431,0
78.6648,3.07982,0,0,2.90917,0.241841,0.36288,3.6288,61.308,0.461688,0,0,1.22703,0.224801,0.540538,0.66528,12.849,1,0.498143,0.36288,0,68.491,4.14334,64.2124,0.84672,12.849,0.84672,3695.15,0,18.483,0.139189,2.19408,1.92908,10.427,1.09615,13.3148,0.42336,0,0,18.483,0.42336,442.007,0,1.02816,0,0,3.22224,2.19408,1.028160,1,0,78.0678,0,0,0,78.0678,0
77.6299,3.22153,0,0,2.7548,0.205328,0.36288,3.6288,61.308,0.529374,0,0,1.01718,0.237988,0.249817,0.66528,12.849,1,0.526199,0.36288,0,63.8712,4.50807,59.1998,0.84672,12.849,0.84672,3695.15,0,18.483,0.159594,1.8764,1.9291,9.55238,1.15511,12.0432,0.42336,0,0,18.483,0.42336,442.007,0,1.02816,0,0,2.90456,1.8764,1.028160,1,0,71.4928,0,0,0,71.4928,0
76.5654,3.21554,0,0,2.71714,0.20324,0.36288,3.6288,61.308,0.529387,0,0,1.02017,0.237988,0.252793,0.66528,12.849,1,0.532224,0.36288,0,60.4376,4.50807,55.7602,0.84672,12.849,0.84672,3695.15,0,18.483,0.159599,1.99957,2.02898,9.09446,1.15511,11.8083,0.42336,0,0,18.483,0.42336,442.007,0,1.02816,0,0,3.02773,1.99957,1.028160,1,0,67.8213,0,0,0,67.8213,0
75.2085,3.20924,0,0,2.4373,0.222049,0.36288,3.6288,61.308,0.529401,0,0,0.972786,0.234038,0.209348,0.66528,12.849,1,0.538566,0.36288,0,57.0777,4.25422,52.6478,0.84672,12.849,0.84672,3695.15,0,18.483,0.159603,2.01652,2.029,8.37613,1.16491,11.0971,0.42336,0,0,18.483,0.42336,442.007,0,1.02816,0,0,3.04468,2.01652,1.028160,1,0,63.9543,0,0,0,63.9543,0
73.7713,3.20097,0,0,2.32653,0.199881,0.36288,3.6288,61.308,0.529414,0,0,0.962427,0.241223,0.191789,0.66528,12.849,1,0.54687,0.36288,0,53.0082,4.01193,48.8123,0.84672,12.849,0.84672,3695.15,0,18.483,0.159607,2.06918,2.02902,8.0193,1.20653,10.7514,0.42336,0,0,18.483,0.42336,442.007,0,1.02816,0,0,3.09734,2.06918,1.028160,1,0,59.7554,0,0,0,59.7554,0
72.1516,3.19193,0,0,2.06186,0.12677,0.36288,3.6288,61.2027,0.529428,0,0,0.699425,0.275271,0,0.66528,12.849,1,0.555949,0.36288,0,38.8924,4.78748,33.9119,0.84672,12.849,0.84672,3695.15,0,18.483,0.159611,0.666541,2.02904,3.39144,1.26301,4.66441,0.42336,0,0,18.483,0.42336,442.007,0,1.02816,0,0,1.6947,0.666541,1.028160,1,0,38.5763,0,0,0,38.5763,0
70.4838,3.15287,0,0,1.93967,0.0917054,0.36288,3.6288,61.021,0.566412,0,0,0.659802,0.275088,0,0.66528,12.849,1,0.561475,0.36288,0,38.6044,4.78748,33.6183,0.84672,12.849,0.84672,3695.15,0,18.483,0.171054,0.554195,2.02906,3.54459,1.26301,4.69378,0.42336,0,0,18.483,0.42336,442.007,0,1.02816,0,0,1.58236,0.554195,1.028160,1,0,38.3121,0,0,0,38.3121,0
68.6549,3.14167,0,0,1.76621,0.0905436,0.36288,3.6288,60.8334,0.566035,0,0,0.653132,0.274772,0,0.66528,12.849,1,0.572718,0.36288,0,38.3059,4.78748,33.3086,0.84672,12.849,0.84672,3695.15,0,18.483,0.17145,0.556451,2.06019,3.41149,1.26301,4.59367,0.42336,0,0,18.483,0.42336,442.007,0,1.02816,0,0,1.58461,0.556451,1.028160,1,0,37.9022,0,0,0,37.9022,0
66.6719,3.12885,0,0,1.59801,0.0892697,0.36288,3.6288,60.5994,0.565643,0,0,0.60612,0.274445,0,0.66528,12.849,1,0.585575,0.36288,0,34.399,4.78748,29.3889,0.84672,12.849,0.84672,3695.15,0,18.483,0.171859,0.359899,2.06021,3.27192,1.26301,4.25716,0.42336,0,0,18.483,0.42336,442.007,0,1.02816,0,0,1.38806,0.359899,1.028160,1,0,33.646,0,0,0,33.646,0
64.4712,3.11428,0,0,1.351,0.0745436,0.36288,3.6288,60.1087,0.644987,0,0,0.477674,0.323412,0,0.66528,12.849,1,0.600183,0.36288,0,27.8815,5.78354,21.8607,0.84672,12.849,0.84672,3695.15,0,18.483,0.196723,0.261274,2.06023,2.525,1.52637,3.12341,0.42336,0,0,18.483,0.42336,442.007,0,0.92397,0,0,1.18524,0.261274,1.028160,1,0,24.9841,0,0,0,24.9841,0
62.2838,3.16951,0,0,1.42406,0.0790806,0.36288,3.6288,59.7324,0.597085,0,0,0.541998,0.321219,0,0.66528,12.849,1,0.631678,0.36288,0,32.847,6.03655,26.5417,0.84672,12.849,0.84672,3695.15,0,18.483,0.1836,0.26142,2.06026,2.47169,1.54356,3.0662,0.42336,0,0,18.483,0.42336,442.007,0,1.02816,0,0,1.28958,0.26142,1.028160,1,0,29.6079,0,0,0,29.6079,0
59.9883,3.15115,0,0,1.29622,0.0776853,0.36288,3.6288,59.2627,0.596216,0,0,0.447046,0.320449,0,0.66528,12.849,1,0.650075,0.36288,0,26.4564,6.03655,20.1326,0.84672,12.849,0.84672,3695.15,0,18.483,0.184487,0.289276,2.10986,2.29676,1.54356,2.96784,0.42336,0,0,18.483,0.42336,442.007,0,1.02816,0,0,1.31744,0.289276,1.028160,1,0,23.1005,0,0,0,23.1005,0
57.5975,3.1307,0,0,1.17891,0.0761918,0.36288,3.6288,58.6551,0.704482,0,0,0.416327,0.319488,0,0.66528,12.849,1,0.67057,0.36288,0,24.6634,6.03655,18.3192,0.84672,12.849,0.84672,3695.15,0,18.483,0.219716,0.227405,2.10988,2.04688,1.54356,2.62088,0.42336,0,0,18.483,0.42336,442.007,0,0.884684,0,0,1.11209,0.227405,1.028160,1,0,20.94,0,0,0,20.94,0
55.3189,3.10797,0,0,1.26126,0.0689289,0.36288,3.6288,58.2047,0.593668,0,0,0.471139,0.32788,0,0.66528,12.849,1,0.693335,0.36288,0,24.174,6.26372,17.5799,0.84672,12.849,0.84672,3695.15,0,18.483,0.187073,0.32667,2.1099,2.6685,1.58113,3.33687,0.42336,0,0,18.483,0.42336,442.007,0,1.02816,0,0,1.35483,0.32667,1.028160,1,0,20.9167,0,0,0,20.9167,0
52.7532,3.29085,0,0,1.18244,0.094413,0.36288,3.6288,57.2918,0.917405,0,0,0.353563,0.349028,0,0.66528,12.849,1,0.764371,0.36288,0,20.3044,6.57982,13.3231,0.84672,12.849,0.84672,3695.15,0,18.483,0.291324,0.227405,2.10992,1.49271,1.59736,1.94135,0.42336,0,0,18.483,0.42336,442.007,0,0.755931,0,0,0.983336,0.227405,1.028160,1,0,15.2645,0,0,0,15.2645,0
50.075,3.26099,0,0,1.03765,0.0919879,0.36288,3.6288,56.3389,0.94703,0,0,0.3411,0.346974,0,0.66528,12.849,1,0.794273,0.36288,0,25.8105,6.57982,18.7993,0.84672,12.849,0.84672,3695.15,0,18.483,0.305523,0.227405,2.27784,1.43341,1.59736,2.03578,0.42336,0,0,18.483,0.42336,442.007,0,0.712126,0,0,0.939531,0.227405,1.028160,1,0,20.8351,0,0,0,20.8351,0
47.4552,3.22722,0,0,1.05976,0.0894564,0.36288,3.6288,55.4996,0.885755,0,0,0.391274,0.344829,0,0.66528,12.849,1,0.828088,0.36288,0,22.3582,6.57982,15.3131,0.84672,12.849,0.84672,3695.15,0,18.483,0.290588,0.204422,2.27787,1.48858,1.59736,2.08292,0.42336,0,0,18.483,0.42336,442.007,0,0.788357,0,0,0.992779,0.204422,1.028160,1,0,17.396,0,0,0,17.396,0
44.8824,3.19128,0,0,1.06927,0.0879722,0.36288,3.6288,54.8923,0.66528,0,0,0.394241,0.336299,0,0.66528,12.849,1,0.864072,0.36288,0,22.6861,6.39498,15.79,0.84672,12.849,0.84672,3695.15,0,18.483,0.27128,0.207161,2.27789,1.90398,1.52541,2.59235,0.42336,0,0,18.483,0.42336,442.007,0,1.02816,0,0,1.23532,0.207161,1.028160,1,0,18.3823,0,0,0,18.3823,0
42.5763,3.1528,0,0,1.23352,0.0239345,0.36288,3.6288,54.3072,0.66528,0,0,0.446054,0.365857,0,0.66528,12.849,1,0.902589,0.36288,0,26.3297,6.6171,19.1729,0.84672,12.849,0.84672,3695.15,0,18.483,0.2713,0.463,2.27791,1.64897,1.565,2.55359,0.42336,0,0,18.483,0.42336,442.007,0,1.02816,0,0,1.49116,0.463,1.028160,1,0,21.7265,0,0,0,21.7265,0
40.301,3.02023,0,0,1.20588,0.0980217,0.36288,3.6288,53.8778,0.628248,0,0,0.501479,0.302642,0,0.66528,12.849,1,0.911468,0.36288,0,25.5359,4.94706,20.0402,0.84672,12.849,0.84672,3695.15,0,18.483,0.213819,0.607427,2.27794,1.55531,1.167,3.05986,0.42336,0,0,18.483,0.42336,442.007,0,1.02816,0,0,1.63559,0.607427,1.028160,1,0,23.1001,0,0,0,23.1001,0
38.2194,2.98124,0,0,1.38507,0.122551,0.36288,3.6288,53.64,0.626993,0,0,0.684409,0.295157,0,0.66528,12.849,1,0.950496,0.36288,0,25.8056,4.72668,20.4913,0.84672,12.849,0.84672,3695.15,0,18.483,0.215093,0.994585,2.18174,2.15685,1.14193,3.97614,0.42336,0,0,18.483,0.42336,442.007,0,1.02816,0,0,2.02274,0.994585,1.028160,1,0,24.4675,0,0,0,24.4675,0
36.1206,2.94253,0,0,1.32617,0.119613,0.36288,3.6288,53.3904,0.626298,0,0,0.671276,0.294618,0,0.66528,12.849,1,0.989249,0.36288,0,34.4072,4.72668,29.0542,0.84672,12.849,0.84672,3695.15,0,18.483,0.215807,0.93947,2.18176,2.15628,1.14193,3.91977,0.42336,0,0,18.483,0.42336,442.007,0,1.02816,0,0,1.96763,0.93947,1.028160,1,0,32.974,0,0,0,32.974,0
34.382,2.90016,0,0,1.65871,0.134234,0.36288,3.6288,53.2506,0.625563,0,0,0.731059,0.245237,0,0.66528,12.849,1,1.03166,0.36288,0,44.6058,4.50879,39.4282,0.84672,12.849,0.84672,3695.15,0,18.483,0.216561,1.15215,2.18178,2.28158,1.07823,4.32073,0.42336,0,0,18.483,0.42336,442.007,0,1.02816,0,0,2.18031,1.15215,1.028160,1,0,43.749,0,0,0,43.749,0
33.7775,2.78827,0,0,2.70102,0.154356,0.36288,3.6288,53.5887,0.561275,0,0,1.07931,0.179975,0,0.66528,12.849,1,1.04201,0.36288,0,36.5906,4.21827,31.6932,0.84672,12.849,0.84672,3695.15,0,18.483,0.194816,1.31467,2.1818,3.2895,0.993287,5.59787,0.42336,0,0,18.483,0.42336,442.007,0,1.02816,0,0,2.34283,1.31467,1.028160,1,0,37.291,0,0,0,37.291,0
32.681,2.77479,0,0,2.19437,0.153215,0.36288,3.6288,54.1643,0.562203,0,0,1.31827,0.18046,0,0.66528,12.849,1,1.05553,0.36288,0,33.0891,4.21827,28.1782,0.84672,12.849,0.84672,3695.15,0,18.483,0.193906,2.69221,2.09631,2.98992,0.993287,6.59124,0.42336,0,0,18.483,0.42336,442.007,0,1.02816,0,0,3.72037,2.69221,1.028160,1,0,34.7694,0,0,0,34.7694,0
31.3867,2.7494,0,0,1.99064,0.172609,0.36288,3.6288,54.3864,0.563753,0,0,0.976944,0.191089,0,0.66528,12.849,1,1.08097,0.36288,0,32.4564,4.39224,27.3461,0.84672,12.849,0.84672,3695.15,0,18.483,0.192375,1.48144,2.09633,3.5233,1.0339,5.87479,0.42336,0,0,18.483,0.42336,442.007,0,1.02816,0,0,2.5096,1.48144,1.028160,1,0,33.2209,0,0,0,33.2209,0
34.3471,2.7178,0,0,6.23801,0.196972,0.36288,3.6288,55.0551,0.564353,0,0,1.43324,0.200155,0,0.66528,12.849,1,1.1126,0.36288,0,111.067,4.54486,105.773,0.84672,12.849,0.84672,3695.15,0,18.483,0.191793,3.25088,2.09635,5.50365,1.06885,9.59024,0.42336,0,0,18.483,0.42336,442.007,0,1.02816,0,0,4.27904,3.25088,1.028160,1,0,115.363,0,0,0,115.363,0
34.2949,2.57768,0,0,3.08652,0.198124,0.36288,3.6288,55.5881,0.431929,0,0,1.13937,0.174478,0,0.66528,12.849,1,0.96429,0.36288,0,48.3924,4.06886,43.7221,0.84672,12.849,0.84672,3695.15,0,18.483,0.145006,1.69932,2.09637,4.56644,0.953618,7.2635,0.42336,0,0,18.483,0.42336,442.007,0,1.02816,0,0,2.72748,1.69932,1.028160,1,0,50.9856,0,0,0,50.9856,0
34.5825,2.57664,0,0,3.42509,0.197997,0.36288,3.6288,56.1568,0.432984,0,0,1.17679,0.17509,0,0.66528,12.849,1,0.965367,0.36288,0,60.7842,4.06886,56.1129,0.84672,12.849,0.84672,3695.15,0,18.483,0.143967,1.78071,1.90386,3.9765,0.953618,6.56349,0.42336,0,0,18.483,0.42336,442.007,0,1.02816,0,0,2.80887,1.78071,1.028160,1,0,62.6764,0,0,0,62.6764,0
34.4171,2.58252,0,0,2.97868,0.198694,0.36288,3.6288,56.604,0.434094,0,0,1.05699,0.175743,0,0.66528,12.849,1,0.959524,0.36288,0,49.126,4.06886,44.4605,0.84672,12.849,0.84672,3695.15,0,18.483,0.142874,1.3872,1.90388,3.20602,0.953618,5.40061,0.42336,0,0,18.483,0.42336,442.007,0,1.02816,0,0,2.41536,1.3872,1.028160,1,0,49.8611,0,0,0,49.8611,0
34.8819,2.57919,0,0,3.60013,0.193311,0.36288,3.6288,57.188,0.434957,0,0,1.22025,0.20129,0,0.66528,12.849,1,0.962891,0.36288,0,46.0625,3.49289,41.9696,0.84672,12.849,0.84672,3695.15,0,18.483,0.142027,1.98253,1.9039,3.89732,0.775165,6.86656,0.42336,0,0,18.483,0.42336,442.007,0,1.02816,0,0,3.01069,1.98253,1.028160,1,0,48.8362,0,0,0,48.8362,0
35.2505,2.58859,0,0,3.51275,0.192673,0.36288,3.6288,58.0258,0.436065,0,0,1.47131,0.197457,0,0.66528,12.849,1,0.953526,0.36288,0,65.5589,2.92907,62.0392,0.84672,12.849,0.84672,3695.15,0,18.483,0.140935,1.92542,1.90392,4.97724,0.777439,7.88821,0.42336,0,0,18.483,0.42336,442.007,0,1.02816,0,0,2.95358,1.92542,1.028160,1,0,69.9274,0,0,0,69.9274,0
34.4665,2.67723,0,0,2.45,0.193826,0.36288,3.6288,58.6759,0.476979,0,0,1.3249,0.197799,0,0.66528,12.849,1,0.975866,0.36288,0,83.6577,2.79163,80.253,0.84672,12.849,0.84672,3695.15,0,18.483,0.151932,1.32918,1.90394,4.2432,0.803748,6.52064,0.42336,0,0,18.483,0.42336,442.007,0,1.02816,0,0,2.35734,1.32918,1.028160,1,0,86.7737,0,0,0,86.7737,0
33.4039,2.66107,0,0,2.15329,0.191989,0.36288,3.6288,59.1609,0.47826,0,0,1.16189,0.198629,0,0.66528,12.849,1,0.992036,0.36288,0,45.0429,2.79163,41.6221,0.84672,12.849,0.84672,3695.15,0,18.483,0.150653,1.0175,1.96484,3.41916,0.803748,5.4471,0.42336,0,0,18.483,0.42336,442.007,0,1.02816,0,0,2.04566,1.0175,1.028160,1,0,47.0692,0,0,0,47.0692,0
32.098,2.63828,0,0,1.88825,0.193031,0.36288,3.6288,59.5271,0.479203,0,0,1.04227,0.196805,0,0.66528,12.849,1,1.01483,0.36288,0,38.7145,2.82845,35.2341,0.84672,12.849,0.84672,3695.15,0,18.483,0.149712,0.786698,1.96485,2.9849,0.795616,4.79111,0.42336,0,0,18.483,0.42336,442.007,0,1.02816,0,0,1.81486,0.786698,1.028160,1,0,40.0252,0,0,0,40.0252,0
31.4595,2.6088,0,0,2.54604,0.212817,0.36288,3.6288,60.2341,0.479908,0,0,1.3768,0.189901,0,0.66528,12.849,1,1.04432,0.36288,0,43.5241,3.35087,39.4918,0.84672,12.849,0.84672,3695.15,0,18.483,0.14901,1.13056,1.96485,4.1721,0.897768,6.22073,0.42336,0,0,18.483,0.42336,442.007,0,1.02816,0,0,2.15872,1.13056,1.028160,1,0,45.7125,0,0,0,45.7125,0
33.0354,2.84674,0,0,4.98025,0.194675,0.36288,3.6288,61.2356,0.630337,0,0,1.83711,0.20529,0,0.66528,12.849,1,1.16269,0.36288,0,85.447,3.40956,81.2376,0.84672,12.849,0.84672,3695.15,0,18.483,0.193421,1.67489,1.96485,7.35686,0.996031,9.80715,0.42336,0,0,18.483,0.42336,442.007,0,1.02816,0,0,2.70305,1.67489,1.028160,1,0,91.0448,0,0,0,91.0448,0
32.4922,2.88668,0,0,2.90485,0.198564,0.36288,3.6288,61.308,0.632769,0,0,2.7961,0.206598,1.88435,0.66528,12.849,1,1.12276,0.36288,0,81.3361,3.40956,77.1667,0.84672,12.849,0.84672,3695.15,0,18.483,0.190991,2.45597,2.18216,9.05648,0.996031,12.5076,0.42336,0,0,18.483,0.42336,442.007,0,1.02816,0,0,3.48413,2.45597,1.028160,1,0,91.5586,0,0,0,91.5586,0
33.3279,2.87323,0,0,4.2739,0.202062,0.36288,3.6288,61.308,0.632944,0,0,1.97935,0.202925,1.14348,0.66528,12.849,1,1.13622,0.36288,0,127.648,3.43145,123.443,0.84672,12.849,0.84672,3695.15,0,18.483,0.190819,3.02457,2.18216,9.3185,0.986448,13.348,0.42336,0,0,18.483,0.42336,442.007,0,1.02816,0,0,4.05273,3.02457,1.028160,1,0,137.935,0,0,0,137.935,0
34.0709,2.8938,0,0,4.22723,0.227561,0.36288,3.6288,61.308,0.632946,0,0,2.01055,0.196786,1.18081,0.66528,12.849,1,1.11565,0.36288,0,99.1863,3.772,94.6616,0.84672,12.849,0.84672,3695.15,0,18.483,0.190819,3.9628,2.18217,9.49657,0.995305,14.4554,0.42336,0,0,18.483,0.42336,442.007,0,1.02816,0,0,4.99096,3.9628,1.028160,1,0,110.298,0,0,0,110.298,0
35.5617,2.54242,0,0,4.59863,0.202516,0.36288,3.6288,61.308,0.432041,0,0,1.51236,0.213961,0.866361,0.66528,12.849,1,0.958812,0.36288,0,92.8014,4.36117,87.8443,0.84672,12.849,0.84672,3695.15,0,18.483,0.130251,1.90557,2.18217,8.35825,1.12523,11.1905,0.42336,0,0,18.483,0.42336,442.007,0,1.02816,0,0,2.93373,1.90557,1.028160,1,0,99.9011,0,0,0,99.9011,0
38.6439,2.57195,0,0,6.22322,0.206221,0.36288,3.6288,61.308,0.432043,0,0,2.1073,0.213961,1.46129,0.66528,12.849,1,0.929286,0.36288,0,145.734,4.36117,140.807,0.84672,12.849,0.84672,3695.15,0,18.483,0.130251,3.30239,1.88491,10.5041,1.12523,14.4359,0.42336,0,0,18.483,0.42336,442.007,0,1.02816,0,0,4.33055,3.30239,1.028160,1,0,156.704,0,0,0,156.704,0
43.2109,2.62758,0,0,7.7684,0.210925,0.36288,3.6288,61.308,0.432045,0,0,2.31094,0.179598,1.6993,0.66528,12.849,1,0.873664,0.36288,0,190.933,3.82324,186.599,0.84672,12.849,0.84672,3695.15,0,18.483,0.130252,4.0674,1.88492,13.9604,1.0331,18.7494,0.42336,0,0,18.483,0.42336,442.007,0,1.02816,0,0,5.09556,4.0674,1.028160,1,0,207.047,0,0,0,207.047,0
47.0323,2.69876,0,0,7.10502,0.221976,0.36288,3.6288,61.308,0.432046,0,0,1.97525,0.173871,1.36933,0.66528,12.849,1,0.80249,0.36288,0,213.576,3.73359,209.403,0.84672,12.849,0.84672,3695.15,0,18.483,0.130252,3.67205,1.88492,12.5867,1.01774,16.9956,0.42336,0,0,18.483,0.42336,442.007,0,1.02816,0,0,4.70021,3.67205,1.028160,1,0,227.768,0,0,0,227.768,0
53.6908,2.74997,0,0,9.99657,0.225232,0.36288,3.6288,61.308,0.432048,0,0,3.64704,0.17905,3.03594,0.66528,12.849,1,0.751279,0.36288,0,270.057,4.49292,265.176,0.84672,12.849,0.84672,3695.15,0,18.483,0.130253,5.56966,1.88492,13.2097,1.07186,19.4622,0.42336,0,0,18.483,0.42336,442.007,0,1.02816,0,0,6.59782,5.56966,1.028160,1,0,287.674,0,0,0,287.674,0
56.9181,2.92838,0,0,6.75911,0.240504,0.36288,3.6288,61.308,0.481199,0,0,2.55756,0.179913,1.89645,0.66528,12.849,1,0.700805,0.36288,0,169.786,4.61948,164.829,0.84672,12.849,0.84672,3695.15,0,18.483,0.145071,3.8259,1.88492,9.48957,1.08088,13.9744,0.42336,0,0,18.483,0.42336,442.007,0,1.02816,0,0,4.85406,3.8259,1.028160,1,0,180.7,0,0,0,180.7,0
58.8171,2.9608,0,0,5.47109,0.248404,0.36288,3.6288,61.308,0.481201,0,0,2.11585,0.179913,1.45474,0.66528,12.849,1,0.668387,0.36288,0,117.781,4.61948,112.856,0.84672,12.849,0.84672,3695.15,0,18.483,0.145071,3.44136,1.95832,7.92884,1.08088,12.1026,0.42336,0,0,18.483,0.42336,442.007,0,1.02816,0,0,4.46952,3.44136,1.028160,1,0,126.414,0,0,0,126.414,0
60.0046,2.97852,0,0,4.78191,0.253052,0.36288,3.6288,61.308,0.481203,0,0,1.9286,0.179913,1.26749,0.66528,12.849,1,0.650677,0.36288,0,100.831,4.61948,95.9241,0.84672,12.849,0.84672,3695.15,0,18.483,0.145072,3.18675,1.95832,7.1051,1.08088,11.0242,0.42336,0,0,18.483,0.42336,442.007,0,1.02816,0,0,4.21491,3.18675,1.028160,1,0,108.216,0,0,0,108.216,0
60.5814,2.98913,0,0,4.15348,0.224632,0.36288,3.6288,61.308,0.481205,0,0,1.53182,0.183335,0.867281,0.66528,12.849,1,0.640073,0.36288,0,103,4.40055,98.3223,0.84672,12.849,0.84672,3695.15,0,18.483,0.145073,2.67076,1.95833,5.92597,1.09368,9.31631,0.42336,0,0,18.483,0.42336,442.007,0,1.02816,0,0,3.69892,2.67076,1.028160,1,0,108.506,0,0,0,108.506,0
60.7824,2.95289,0,0,3.72885,0.212146,0.36288,3.6288,61.308,0.462117,0,0,1.1783,0.192119,0.524061,0.66528,12.849,1,0.626293,0.36288,0,100.146,4.4773,95.4055,0.84672,12.849,0.84672,3695.15,0,18.483,0.139318,2.03819,1.95833,4.56669,1.10678,7.31712,0.42336,0,0,18.483,0.42336,442.007,0,1.02816,0,0,3.06635,2.03819,1.028160,1,0,103.247,0,0,0,103.247,0
60.7233,2.95461,0,0,3.47088,0.212501,0.36288,3.6288,61.308,0.462119,0,0,1.10589,0.192119,0.451656,0.66528,12.849,1,0.624585,0.36288,0,91.1961,4.4773,86.4571,0.84672,12.849,0.84672,3695.15,0,18.483,0.139319,1.72289,1.92976,4.08561,1.10678,6.49217,0.42336,0,0,18.483,0.42336,442.007,0,1.02816,0,0,2.75105,1.72289,1.028160,1,0,93.4009,0,0,0,93.4009,0
60.3929,2.95411,0,0,3.17441,0.187759,0.36288,3.6288,61.308,0.462121,0,0,1.01669,0.212432,0.342133,0.66528,12.849,1,0.625087,0.36288,0,82.0143,4.75319,76.9989,0.84672,12.849,0.84672,3695.15,0,18.483,0.139319,1.60311,1.92977,3.695,1.12685,5.96171,0.42336,0,0,18.483,0.42336,442.007,0,1.02816,0,0,2.63127,1.60311,1.028160,1,0,83.3028,0,0,0,83.3028,0
59.8652,2.95129,0,0,2.96759,0.181087,0.36288,3.6288,61.308,0.462122,0,0,0.975456,0.21809,0.295244,0.66528,12.849,1,0.627907,0.36288,0,70.0974,4.47674,65.3556,0.84672,12.849,0.84672,3695.15,0,18.483,0.13932,1.64834,1.92977,3.72394,1.06058,6.10215,0.42336,0,0,18.483,0.42336,442.007,0,1.02816,0,0,2.6765,1.64834,1.028160,1,0,71.753,0,0,0,71.753,0
58.7334,3.08653,0,0,2.44786,0.130338,0.36288,3.6288,61.308,0.52982,0,0,0.860008,0.216414,0.113774,0.66528,12.849,1,0.662467,0.36288,0,55.5801,4.55962,50.7209,0.84672,12.849,0.84672,3695.15,0,18.483,0.159729,1.43252,1.92977,2.85765,1.18622,4.874,0.42336,0,0,18.483,0.42336,442.007,0,1.02816,0,0,2.46068,1.43252,1.028160,1,0,55.7086,0,0,0,55.7086,0
57.5471,3.07605,0,0,2.38162,0.128926,0.36288,3.6288,61.308,0.529822,0,0,0.796634,0.216414,0.0503979,0.66528,12.849,1,0.672943,0.36288,0,51.6739,4.55962,46.8043,0.84672,12.849,0.84672,3695.15,0,18.483,0.15973,1.19655,2.02966,2.63192,1.18622,4.51218,0.42336,0,0,18.483,0.42336,442.007,0,1.02816,0,0,2.22471,1.19655,1.028160,1,0,51.3668,0,0,0,51.3668,0
56.0926,3.06472,0,0,2.08777,0.114702,0.36288,3.6288,61.2945,0.529824,0,0,0.742141,0.225857,0,0.66528,12.849,1,0.684284,0.36288,0,46.1678,4.66672,41.1797,0.84672,12.849,0.84672,3695.15,0,18.483,0.15973,1.04603,2.02967,2.55353,1.21359,4.2559,0.42336,0,0,18.483,0.42336,442.007,0,1.02816,0,0,2.07419,1.04603,1.028160,1,0,45.4356,0,0,0,45.4356,0
54.573,3.05029,0,0,1.97522,0.0816651,0.36288,3.6288,61.2287,0.529798,0,0,0.713517,0.249444,0,0.66528,12.849,1,0.698722,0.36288,0,42.2035,4.93447,36.9331,0.84672,12.849,0.84672,3695.15,0,18.483,0.159758,0.94589,2.02967,2.45654,1.282,3.99035,0.42336,0,0,18.483,0.42336,442.007,0,1.02816,0,0,1.97405,0.94589,1.028160,1,0,40.9235,0,0,0,40.9235,0
53.0334,3.03454,0,0,1.92811,0.0702434,0.36288,3.6288,61.1798,0.529669,0,0,0.702268,0.221534,0,0.66528,12.849,1,0.714471,0.36288,0,51.8479,4.86355,46.6328,0.84672,12.849,0.84672,3695.15,0,18.483,0.15989,0.930329,2.02967,4.4676,1.14872,6.11899,0.42336,0,0,18.483,0.42336,442.007,0,1.02816,0,0,1.95849,0.930329,1.028160,1,0,52.7518,0,0,0,52.7518,0
51.5144,2.99082,0,0,1.90214,0.0674808,0.36288,3.6288,61.0713,0.566761,0,0,0.675138,0.216833,0,0.66528,12.849,1,0.72462,0.36288,0,50.1943,4.85173,44.9808,0.84672,12.849,0.84672,3695.15,0,18.483,0.171224,0.961079,2.02967,4.96428,1.1265,6.65731,0.42336,0,0,18.483,0.42336,442.007,0,1.02816,0,0,1.98924,0.961079,1.028160,1,0,51.6381,0,0,0,51.6381,0
49.9374,2.97372,0,0,1.81007,0.0504926,0.36288,3.6288,60.9161,0.56653,0,0,0.659033,0.247727,0,0.66528,12.849,1,0.741722,0.36288,0,47.5888,5.28608,41.9239,0.84672,12.849,0.84672,3695.15,0,18.483,0.171458,0.887596,2.0608,4.77105,1.2735,6.27449,0.42336,0,0,18.483,0.42336,442.007,0,1.02816,0,0,1.91576,0.887596,1.028160,1,0,48.1983,0,0,0,48.1983,0
48.1449,2.9551,0,0,1.56387,0.0383282,0.36288,3.6288,60.7066,0.566196,0,0,0.620698,0.26406,0,0.66528,12.849,1,0.760354,0.36288,0,43.99,5.95083,37.6417,0.84672,12.849,0.84672,3695.15,0,18.483,0.171794,0.822502,2.0608,4.81176,1.50949,6.01378,0.42336,0,0,18.483,0.42336,442.007,0,1.02816,0,0,1.85066,0.822502,1.028160,1,0,43.6555,0,0,0,43.6555,0
46.2874,2.93276,0,0,1.47442,0.0362564,0.36288,3.6288,60.4987,0.565744,0,0,0.64732,0.289468,0,0.66528,12.849,1,0.782699,0.36288,0,37.2649,6.17648,30.6686,0.84672,12.849,0.84672,3695.15,0,18.483,0.172249,0.798414,2.0608,4.37812,1.54402,5.52107,0.42336,0,0,18.483,0.42336,442.007,0,1.02816,0,0,1.82657,0.798414,1.028160,1,0,36.1897,0,0,0,36.1897,0
44.1635,2.97605,0,0,1.24852,0.0335568,0.36288,3.6288,60.094,0.59835,0,0,0.520624,0.326941,0,0.66528,12.849,1,0.826125,0.36288,0,41.3936,6.29653,34.6339,0.84672,12.849,0.84672,3695.15,0,18.483,0.182802,0.637096,2.06081,4.01413,1.523,5.00623,0.42336,0,0,18.483,0.42336,442.007,0,1.02816,0,0,1.66526,0.637096,1.028160,1,0,39.6401,0,0,0,39.6401,0
41.9916,2.94527,0,0,1.16906,0.0327642,0.36288,3.6288,59.6547,0.59741,0,0,0.484161,0.3261,0,0.66528,12.849,1,0.856903,0.36288,0,33.2349,6.29653,26.4443,0.84672,12.849,0.84672,3695.15,0,18.483,0.183744,0.606234,2.1104,3.61842,1.523,4.62832,0.42336,0,0,18.483,0.42336,442.007,0,1.02816,0,0,1.63439,0.606234,1.028160,1,0,31.0726,0,0,0,31.0726,0
39.7498,2.91134,0,0,1.06439,0.0319538,0.36288,3.6288,59.1927,0.596379,0,0,0.459646,0.325187,0,0.66528,12.849,1,0.890841,0.36288,0,30.2892,6.29653,23.4647,0.84672,12.849,0.84672,3695.15,0,18.483,0.184778,0.354741,2.1104,3.37517,1.523,4.13254,0.42336,0,0,18.483,0.42336,442.007,0,1.02816,0,0,1.3829,0.354741,1.028160,1,0,27.5972,0,0,0,27.5972,0
37.7413,2.87338,0,0,1.24966,0.0219204,0.36288,3.6288,58.8579,0.595282,0,0,0.574207,0.313788,0,0.66528,12.849,1,0.92881,0.36288,0,31.662,6.47139,24.6247,0.84672,12.849,0.84672,3695.15,0,18.483,0.185877,0.976,2.11041,5.12699,1.57084,6.45668,0.42336,0,0,18.483,0.42336,442.007,0,1.02816,0,0,2.00416,0.976,1.028160,1,0,31.0813,0,0,0,31.0813,0
35.4779,3.02595,0,0,1.13241,0.00704746,0.36288,3.6288,58.2808,0.66528,0,0,0.430853,0.342686,0,0.66528,12.849,1,1.03018,0.36288,0,27.2124,6.47313,20.0719,0.84672,12.849,0.84672,3695.15,0,18.483,0.271657,0.343241,2.11041,3.79155,1.56411,4.40944,0.42336,0,0,18.483,0.42336,442.007,0,1.02816,0,0,1.3714,0.343241,1.028160,1,0,24.4814,0,0,0,24.4814,0
33.3991,2.9777,0,0,1.26534,0.0034578,0.36288,3.6288,57.801,0.66528,0,0,0.529446,0.343956,0,0.66528,12.849,1,1.07843,0.36288,0,34.6274,6.54791,27.3639,0.84672,12.849,0.84672,3695.15,0,18.483,0.27166,0.694043,2.27835,4.0245,1.57905,5.14619,0.42336,0,0,18.483,0.42336,442.007,0,1.02816,0,0,1.7222,0.694043,1.028160,1,0,32.5101,0,0,0,32.5101,0
31.1033,2.92923,0,0,0.999674,0.00337111,0.36288,3.6288,57.1793,0.66528,0,0,0.386475,0.342893,0,0.66528,12.849,1,1.12691,0.36288,0,35.7346,6.54791,28.4227,0.84672,12.849,0.84672,3695.15,0,18.483,0.271662,0.205641,2.27836,3.18889,1.57905,3.82218,0.42336,0,0,18.483,0.42336,442.007,0,1.02816,0,0,1.2338,0.205641,1.028160,1,0,32.2449,0,0,0,32.2449,0
29.1049,2.87037,0,0,1.23809,0.00327536,0.36288,3.6288,56.8154,0.66528,0,0,0.642969,0.341515,0,0.66528,12.849,1,1.18577,0.36288,0,31.6687,6.54791,24.2979,0.84672,12.849,0.84672,3695.15,0,18.483,0.271665,1.17245,2.27836,4.79193,1.57905,6.39203,0.42336,0,0,18.483,0.42336,442.007,0,1.02816,0,0,2.20061,1.17245,1.028160,1,0,30.6899,0,0,0,30.6899,0
26.6434,2.81389,0,0,0.702989,-0.0122839,0.36288,3.6288,56.0266,0.749235,0,0,0.302126,0.341738,0,0.66528,12.849,1,1.24225,0.36288,0,22.7137,6.01841,15.8159,0.84672,12.849,0.84672,3695.15,0,18.483,0.271668,0.204422,2.27836,3.38582,1.53457,4.06237,0.42336,0,0,18.483,0.42336,442.007,0,0.944205,0,0,1.14863,0.204422,1.028160,1,0,19.8783,0,0,0,19.8783,0
24.2501,2.65298,0,0,0.641728,0.0191554,0.36288,3.6288,55.1004,0.865308,0,0,0.239513,0.300371,0,0.66528,12.849,1,1.27942,0.36288,0,16.4867,5.47531,10.0948,0.84672,12.849,0.84672,3695.15,0,18.483,0.285462,0.204422,2.27836,2.35466,1.40299,3.149,0.42336,0,0,18.483,0.42336,442.007,0,0.71979,0,0,0.924212,0.204422,1.028160,1,0,13.2438,0,0,0,13.2438,0
22.1517,2.57044,0,0,0.859395,0.024474,0.36288,3.6288,54.4564,0.646649,0,0,0.294557,0.291922,0,0.66528,12.849,1,1.36196,0.36288,0,21.8764,5.4201,15.4572,0.84672,12.849,0.84672,3695.15,0,18.483,0.216913,0.216518,2.18213,2.89411,1.38402,3.69182,0.42336,0,0,18.483,0.42336,442.007,0,1.007,0,0,1.22352,0.216518,1.028160,1,0,19.149,0,0,0,19.149,0
20.3587,2.48879,0,0,1.08247,0.0237677,0.36288,3.6288,53.9784,0.628938,0,0,0.441617,0.290685,0,0.66528,12.849,1,1.44361,0.36288,0,44.5258,5.4201,38.025,0.84672,12.849,0.84672,3695.15,0,18.483,0.213467,0.807564,2.18213,3.99757,1.38402,5.38978,0.42336,0,0,18.483,0.42336,442.007,0,1.02816,0,0,1.83572,0.807564,1.028160,1,0,43.4147,0,0,0,43.4147,0
18.3949,2.41085,0,0,0.870619,0.0607126,0.36288,3.6288,53.3177,0.692357,0,0,0.2932,0.261517,0,0.66528,12.849,1,1.52156,0.36288,0,35.7612,4.98894,29.6136,0.84672,12.849,0.84672,3695.15,0,18.483,0.237073,0.216518,2.18213,2.66575,1.32496,3.50237,0.42336,0,0,18.483,0.42336,442.007,0,0.941138,0,0,1.15766,0.216518,1.028160,1,0,33.116,0,0,0,33.116,0
16.4472,2.25541,0,0,0.751601,0.0809963,0.36288,3.6288,52.4662,0.898084,0,0,0.274108,0.227598,0,0.66528,12.849,1,1.57542,0.36288,0,27.3634,4.00208,22.1488,0.84672,12.849,0.84672,3695.15,0,18.483,0.311328,0.216518,2.18213,3.25785,1.13645,4.20873,0.42336,0,0,18.483,0.42336,442.007,0,0.575094,0,0,0.791612,0.216518,1.028160,1,0,26.3575,0,0,0,26.3575,0
15.0281,2.15068,0,0,1.17319,0.0787552,0.36288,3.6288,51.8057,0.758435,0,0,0.324046,0.226052,0,0.66528,12.849,1,1.68016,0.36288,0,36.6689,4.00208,31.3496,0.84672,12.849,0.84672,3695.15,0,18.483,0.267185,0.216518,2.09661,4.31729,1.13645,5.22678,0.42336,0,0,18.483,0.42336,442.007,0,0.758889,0,0,0.975408,0.216518,1.028160,1,0,36.5764,0,0,0,36.5764,0
15.3684,2.06515,0,0,2.84491,0.0765763,0.36288,3.6288,51.8243,0.557462,0,0,0.800935,0.224852,0,0.66528,12.849,1,1.7657,0.36288,0,83.8953,4.00208,78.4905,0.84672,12.849,0.84672,3695.15,0,18.483,0.198889,1.50671,2.09661,7.15781,1.13645,9.4258,0.42336,0,0,18.483,0.42336,442.007,0,1.02816,0,0,2.53487,1.50671,1.028160,1,0,87.9163,0,0,0,87.9163,0
15.0472,2.08645,0,0,2.21622,0.0881146,0.36288,3.6288,51.618,0.557517,0,0,0.58261,0.231392,0,0.66528,12.849,1,1.7444,0.36288,0,48.1329,3.81785,42.9336,0.84672,12.849,0.84672,3695.15,0,18.483,0.198837,0.671656,2.09661,4.26217,1.07281,5.7588,0.42336,0,0,18.483,0.42336,442.007,0,1.02816,0,0,1.69982,0.671656,1.028160,1,0,48.6923,0,0,0,48.6923,0
13.3342,1.91074,0,0,0.69927,0.138666,0.36288,3.6288,51.4014,0.424946,0,0,0.351832,0.143485,0,0.66528,12.849,1,1.63161,0.36288,0,27.0487,3.57977,22.2002,0.84672,12.849,0.84672,3695.15,0,18.483,0.152161,0.469446,2.09662,4.12312,0.918569,5.61845,0.42336,0,0,18.483,0.42336,442.007,0,1.02816,0,0,1.49761,0.469446,1.028160,1,0,27.8187,0,0,0,27.8187,0
13.1446,1.19869,0,0,1.50561,0.133666,0.36288,3.6288,51.2163,0.66528,0,0,0.623334,0.143233,0,0.66528,12.849,1,1.15508,0.36288,0,59.5233,3.57977,55.1513,0.84672,12.849,0.84672,3695.15,0,18.483,1.10041,1.62134,1.90407,6.45247,0.918569,7.9589,0.42336,0,0,18.483,0.42336,442.007,0,1.02816,0,0,2.6495,1.62134,1.028160,1,0,63.1102,0,0,0,63.1102,0
12.8344,1.19027,0,0,1.37807,0.1351,0.36288,3.6288,51.0288,0.66528,0,0,0.665835,0.187994,0,0.66528,12.849,1,1.16351,0.36288,0,59.1892,4.30238,54.0862,0.84672,12.849,0.84672,3695.15,0,18.483,1.10041,0.991837,2.59963,7.38554,1.20358,8.67302,0.42336,0,0,18.483,0.42336,442.007,0,1.02816,0,0,2.02,0.991837,1.028160,1,0,62.7592,0,0,0,62.7592,0
13.0606,1.17622,0,0,1.88565,0.120328,0.36288,3.6288,51.1467,0.66528,0,0,0.969354,0.186221,0,0.66528,12.849,1,1.17756,0.36288,0,75.7204,3.6209,71.2848,0.84672,12.849,0.84672,3695.15,0,18.483,1.10041,2.03409,2.59963,8.39933,0.94865,10.984,0.42336,0,0,18.483,0.42336,442.007,0,1.02816,0,0,3.06225,2.03409,1.028160,1,0,82.2688,0,0,0,82.2688,0
15.2664,1.03909,0,0,3.74353,0.135776,0.36288,3.6288,53.1012,0.66528,0,0,2.80498,0.185205,0,0.66528,12.849,1,1.02226,0.36288,0,106.61,4.01722,101.933,0.84672,12.849,0.84672,3695.15,0,18.483,0.967888,2.89928,2.59963,13.6428,0.955877,17.218,0.42336,0,0,18.483,0.42336,442.007,0,1.02816,0,0,3.92744,2.89928,1.028160,1,0,119.151,0,0,0,119.151,0
17.116,1.98372,0,0,4.3403,0.14403,0.36288,3.6288,53.7519,0.466604,0,0,1.2783,0.160933,0,0.66528,12.849,1,1.66961,0.36288,0,108.795,4.1202,103.368,0.84672,12.849,0.84672,3695.15,0,18.483,0.162411,1.86487,2.44244,9.37414,0.719792,12.7992,0.42336,0,0,18.483,0.42336,442.007,0,1.02816,0,0,2.89303,1.86487,1.028160,1,0,116.167,0,0,0,116.167,0
18.2851,2.08677,0,0,3.76754,0.148829,0.36288,3.6288,54.2727,0.468058,0,0,1.1506,0.16177,0,0.66528,12.849,1,1.56653,0.36288,0,95.072,4.1202,89.7481,0.84672,12.849,0.84672,3695.15,0,18.483,0.160945,1.58869,1.96497,8.55662,0.719792,11.2295,0.42336,0,0,18.483,0.42336,442.007,0,1.02816,0,0,2.61685,1.58869,1.028160,1,0,100.978,0,0,0,100.978,0
19.0247,2.14557,0,0,3.39936,0.151347,0.36288,3.6288,54.6972,0.469201,0,0,1.05599,0.162346,0,0.66528,12.849,1,1.5077,0.36288,0,85.0997,4.1202,79.8347,0.84672,12.849,0.84672,3695.15,0,18.483,0.15979,1.37497,1.96495,7.97075,0.719792,10.4311,0.42336,0,0,18.483,0.42336,442.007,0,1.02816,0,0,2.40313,1.37497,1.028160,1,0,90.2657,0,0,0,90.2657,0
19.7568,2.18054,0,0,3.44064,0.165063,0.36288,3.6288,55.1565,0.470118,0,0,1.09962,0.170178,0,0.66528,12.849,1,1.47271,0.36288,0,80.2582,4.23583,74.9125,0.84672,12.849,0.84672,3695.15,0,18.483,0.15886,1.38204,1.96494,7.78837,0.824292,10.1522,0.42336,0,0,18.483,0.42336,442.007,0,1.02816,0,0,2.4102,1.38204,1.028160,1,0,85.0647,0,0,0,85.0647,0
19.7566,2.4295,0,0,2.98598,0.193792,0.36288,3.6288,55.3989,0.617038,0,0,1.06666,0.207185,0,0.66528,12.849,1,1.58004,0.36288,0,43.3574,4.45799,37.6823,0.84672,12.849,0.84672,3695.15,0,18.483,0.20677,0.854971,1.96492,4.53552,1.18739,5.96126,0.42336,0,0,18.483,0.42336,442.007,0,1.02816,0,0,1.88313,0.854971,1.028160,1,0,43.6435,0,0,0,43.6435,0
21.3115,2.42947,0,0,4.54101,0.193792,0.36288,3.6288,55.795,0.617706,0,0,1.22126,0.207515,0,0.66528,12.849,1,1.58004,0.36288,0,75.9169,4.45799,70.2418,0.84672,12.849,0.84672,3695.15,0,18.483,0.206088,1.04495,2.18222,10.6779,1.18739,12.5116,0.42336,0,0,18.483,0.42336,442.007,0,1.02816,0,0,2.07311,1.04495,1.028160,1,0,82.7533,0,0,0,82.7533,0
23.0952,2.50137,0,0,4.84576,0.197835,0.36288,3.6288,56.6493,0.618795,0,0,1.65098,0.177801,0,0.66528,12.849,1,1.50811,0.36288,0,127.747,4.19464,122.407,0.84672,12.849,0.84672,3695.15,0,18.483,0.204986,1.62671,2.1822,8.49787,1.06031,11.0415,0.42336,0,0,18.483,0.42336,442.007,0,1.02816,0,0,2.65487,1.62671,1.028160,1,0,133.448,0,0,0,133.448,0
24.4929,2.57619,0,0,4.53803,0.20126,0.36288,3.6288,57.0999,0.621115,0,0,1.23255,0.160861,0,0.66528,12.849,1,1.43326,0.36288,0,98.0208,3.9516,92.9988,0.84672,12.849,0.84672,3695.15,0,18.483,0.202651,1.37852,2.18219,6.20046,0.972579,8.58594,0.42336,0,0,18.483,0.42336,442.007,0,1.02816,0,0,2.40668,1.37852,1.028160,1,0,101.585,0,0,0,101.585,0
26.281,2.29647,0,0,4.64509,0.19759,0.36288,3.6288,57.9098,0.42478,0,0,1.42535,0.19071,0,0.66528,12.849,1,1.20473,0.36288,0,102.735,3.67836,98.2146,0.84672,12.849,0.84672,3695.15,0,18.483,0.137499,1.20589,2.18217,5.69559,1.01804,7.92812,0.42336,0,0,18.483,0.42336,442.007,0,1.02816,0,0,2.23405,1.20589,1.028160,1,0,106.143,0,0,0,106.143,0
29.4123,2.35151,0,0,6.04838,0.2027,0.36288,3.6288,59.3632,0.426229,0,0,2.07137,0.191713,0,0.66528,12.849,1,1.14967,0.36288,0,106.037,3.67836,101.572,0.84672,12.849,0.84672,3695.15,0,18.483,0.136039,2.19997,1.8849,12.7359,1.01804,15.6667,0.42336,0,0,18.483,0.42336,442.007,0,1.02816,0,0,3.22813,2.19997,1.028160,1,0,117.239,0,0,0,117.239,0
30.8273,2.43667,0,0,4.42616,0.211649,0.36288,3.6288,60.5726,0.42876,0,0,1.83162,0.193513,0,0.66528,12.849,1,1.06448,0.36288,0,93.8892,3.67836,89.5092,0.84672,12.849,0.84672,3695.15,0,18.483,0.133496,2.20831,1.88489,7.5755,1.01804,10.5172,0.42336,0,0,18.483,0.42336,442.007,0,1.02816,0,0,3.23647,2.20831,1.028160,1,0,100.026,0,0,0,100.026,0
36.9622,2.47114,0,0,9.16237,0.193424,0.36288,3.6288,61.308,0.430793,0,0,3.02773,0.177046,1.68445,0.66528,12.849,1,1.02999,0.36288,0,140.545,3.41677,136.461,0.84672,12.849,0.84672,3695.15,0,18.483,0.131451,4.39303,1.88487,19.7659,0.980463,24.9319,0.42336,0,0,18.483,0.42336,442.007,0,1.02816,0,0,5.42119,4.39303,1.028160,1,0,163.078,0,0,0,163.078,0
41.5154,2.59798,0,0,7.736,0.221927,0.36288,3.6288,61.308,0.431995,0,0,2.585,0.209119,1.94389,0.66528,12.849,1,0.903123,0.36288,0,182.487,4.14542,177.802,0.84672,12.849,0.84672,3695.15,0,18.483,0.130237,3.17638,1.88486,17.8915,1.1672,21.6553,0.42336,0,0,18.483,0.42336,442.007,0,1.02816,0,0,4.20454,3.17638,1.028160,1,0,201.401,0,0,0,201.401,0
44.7225,2.77128,0,0,6.55301,0.211727,0.36288,3.6288,61.308,0.481133,0,0,1.35801,0.189977,0.6869,0.66528,12.849,1,0.857711,0.36288,0,116.275,4.10812,111.672,0.84672,12.849,0.84672,3695.15,0,18.483,0.145051,1.47766,1.88484,10.6639,1.17462,12.7067,0.42336,0,0,18.483,0.42336,442.007,0,1.02816,0,0,2.50582,1.47766,1.028160,1,0,125.065,0,0,0,125.065,0
47.491,2.81904,0,0,6.15074,0.200331,0.36288,3.6288,61.308,0.481123,0,0,1.20703,0.206414,0.519488,0.66528,12.849,1,0.809925,0.36288,0,117.992,4.43204,113.113,0.84672,12.849,0.84672,3695.15,0,18.483,0.145048,1.19045,1.95822,9.60975,1.23437,11.379,0.42336,0,0,18.483,0.42336,442.007,0,1.02816,0,0,2.21861,1.19045,1.028160,1,0,125.012,0,0,0,125.012,0
49.4512,2.85618,0,0,5.35924,0.17997,0.36288,3.6288,61.308,0.481114,0,0,1.0791,0.228331,0.369657,0.66528,12.849,1,0.772759,0.36288,0,102.97,4.86391,97.696,0.84672,12.849,0.84672,3695.15,0,18.483,0.145045,0.836335,1.95821,8.42244,1.31403,9.75791,0.42336,0,0,18.483,0.42336,442.007,0,1.02816,0,0,1.86449,0.836335,1.028160,1,0,107.824,0,0,0,107.824,0
50.8119,2.88047,0,0,4.77888,0.174824,0.36288,3.6288,61.308,0.481104,0,0,1.12057,0.224555,0.414914,0.66528,12.849,1,0.748439,0.36288,0,81.5305,4.63554,76.5094,0.84672,12.849,0.84672,3695.15,0,18.483,0.145042,1.07091,1.95819,9.32472,1.23943,10.9694,0.42336,0,0,18.483,0.42336,442.007,0,1.02816,0,0,2.09907,1.07091,1.028160,1,0,87.8937,0,0,0,87.8937,0
51.7595,2.85653,0,0,4.33211,0.165158,0.36288,3.6288,61.308,0.462007,0,0,1.0885,0.21952,0.406974,0.66528,12.849,1,0.722341,0.36288,0,86.1304,4.33104,81.4399,0.84672,12.849,0.84672,3695.15,0,18.483,0.139285,1.28786,1.95818,8.49027,1.13995,10.4571,0.42336,0,0,18.483,0.42336,442.007,0,1.02816,0,0,2.31602,1.28786,1.028160,1,0,92.304,0,0,0,92.304,0
52.1562,2.8671,0,0,3.79354,0.166799,0.36288,3.6288,61.308,0.461998,0,0,1.03295,0.21952,0.351428,0.66528,12.849,1,0.711742,0.36288,0,75.8281,4.33104,71.1482,0.84672,12.849,0.84672,3695.15,0,18.483,0.139282,1.01295,1.9296,7.91657,1.13995,9.57989,0.42336,0,0,18.483,0.42336,442.007,0,1.02816,0,0,2.04111,1.01295,1.028160,1,0,81.0795,0,0,0,81.0795,0
52.1645,2.87143,0,0,3.41003,0.167486,0.36288,3.6288,61.308,0.461988,0,0,0.915253,0.21952,0.233744,0.66528,12.849,1,0.707393,0.36288,0,65.5232,4.33104,60.8476,0.84672,12.849,0.84672,3695.15,0,18.483,0.139279,0.783277,1.92958,6.92721,1.13995,8.36083,0.42336,0,0,18.483,0.42336,442.007,0,1.02816,0,0,1.81144,0.783277,1.028160,1,0,69.4422,0,0,0,69.4422,0
51.9319,2.87149,0,0,3.14761,0.145762,0.36288,3.6288,61.308,0.461979,0,0,0.856863,0.185388,0.209497,0.66528,12.849,1,0.707298,0.36288,0,62.8814,3.62328,58.9137,0.84672,12.849,0.84672,3695.15,0,18.483,0.139276,0.698976,1.92957,6.25552,0.960442,7.78435,0.42336,0,0,18.483,0.42336,442.007,0,1.02816,0,0,1.72714,0.698976,1.028160,1,0,66.9075,0,0,0,66.9075,0
51.8441,3.00503,0,0,3.41779,0.137735,0.36288,3.6288,61.308,0.529657,0,0,0.979327,0.200043,0.249626,0.66528,12.849,1,0.743504,0.36288,0,63.8435,4.29666,59.1662,0.84672,12.849,0.84672,3695.15,0,18.483,0.15968,0.833872,1.92955,6.4374,1.09963,7.94152,0.42336,0,0,18.483,0.42336,442.007,0,1.02816,0,0,1.86203,0.833872,1.028160,1,0,67.3573,0,0,0,67.3573,0
51.3918,3.00399,0,0,3.00694,0.0923035,0.36288,3.6288,61.308,0.529648,0,0,0.834477,0.198573,0.106256,0.66528,12.849,1,0.744508,0.36288,0,55.1361,4.26384,50.4906,0.84672,12.849,0.84672,3695.15,0,18.483,0.159677,0.83427,2.02941,5.92317,1.04779,7.57938,0.42336,0,0,18.483,0.42336,442.007,0,1.02816,0,0,1.86243,0.83427,1.028160,1,0,58.1762,0,0,0,58.1762,0
50.857,2.99873,0,0,2.91869,0.0918705,0.36288,3.6288,61.308,0.529638,0,0,0.886187,0.198573,0.157977,0.66528,12.849,1,0.749743,0.36288,0,52.5529,4.26384,47.9022,0.84672,12.849,0.84672,3695.15,0,18.483,0.159674,0.812912,2.0294,6.30103,1.04779,7.93588,0.42336,0,0,18.483,0.42336,442.007,0,1.02816,0,0,1.84107,0.812912,1.028160,1,0,55.996,0,0,0,55.996,0
50.1793,2.99241,0,0,2.76896,0.0913585,0.36288,3.6288,61.308,0.529628,0,0,0.861166,0.198573,0.132965,0.66528,12.849,1,0.756032,0.36288,0,49.3592,4.26384,44.7022,0.84672,12.849,0.84672,3695.15,0,18.483,0.159671,0.734547,2.02938,5.82568,1.04779,7.38215,0.42336,0,0,18.483,0.42336,442.007,0,1.02816,0,0,1.76271,0.734547,1.028160,1,0,52.2173,0,0,0,52.2173,0
49.1186,2.98426,0,0,2.37864,0.0922613,0.36288,3.6288,61.2886,0.529618,0,0,0.735376,0.225154,0,0.66528,12.849,1,0.764155,0.36288,0,40.0692,4.76762,34.9003,0.84672,12.849,0.84672,3695.15,0,18.483,0.159668,0.467165,2.02937,3.8648,1.11585,5.08581,0.42336,0,0,18.483,0.42336,442.007,0,1.02816,0,0,1.49532,0.467165,1.028160,1,0,39.9861,0,0,0,39.9861,0
48.0073,2.94455,0,0,2.28798,0.0918385,0.36288,3.6288,61.1547,0.566767,0,0,0.668632,0.235758,0,0.66528,12.849,1,0.770269,0.36288,0,35.7303,4.96912,30.3538,0.84672,12.849,0.84672,3695.15,0,18.483,0.170922,0.394822,2.02935,3.27021,1.14308,4.38039,0.42336,0,0,18.483,0.42336,442.007,0,1.02816,0,0,1.42298,0.394822,1.028160,1,0,34.7342,0,0,0,34.7342,0
46.8134,2.93046,0,0,2.18255,0.0830616,0.36288,3.6288,60.9899,0.56647,0,0,0.652752,0.251088,0,0.66528,12.849,1,0.784329,0.36288,0,33.5994,5.1863,27.9917,0.84672,12.849,0.84672,3695.15,0,18.483,0.171206,0.403695,2.06045,3.27548,1.21658,4.35185,0.42336,0,0,18.483,0.42336,442.007,0,1.02816,0,0,1.43186,0.403695,1.028160,1,0,32.3435,0,0,0,32.3435,0
45.3825,2.91474,0,0,1.90998,0.0632825,0.36288,3.6288,60.755,0.566105,0,0,0.616759,0.285598,0,0.66528,12.849,1,0.800017,0.36288,0,31.572,5.93262,25.2023,0.84672,12.849,0.84672,3695.15,0,18.483,0.171558,0.264384,2.06044,3.18744,1.47577,3.86494,0.42336,0,0,18.483,0.42336,442.007,0,1.02816,0,0,1.29254,0.264384,1.028160,1,0,29.0672,0,0,0,29.0672,0
43.8669,2.89506,0,0,1.80363,0.0613027,0.36288,3.6288,60.4738,0.587858,0,0,0.600065,0.293408,0,0.66528,12.849,1,0.81967,0.36288,0,26.9426,6.11955,20.3663,0.84672,12.849,0.84672,3695.15,0,18.483,0.178839,0.261274,2.06042,2.98351,1.55624,3.57012,0.42336,0,0,18.483,0.42336,442.007,0,0.999112,0,0,1.26039,0.261274,1.028160,1,0,23.9364,0,0,0,23.9364,0
42.1452,2.94019,0,0,1.63847,0.0570653,0.36288,3.6288,59.9378,0.726886,0,0,0.517709,0.326761,0,0.66528,12.849,1,0.861208,0.36288,0,30.5064,5.90888,24.0992,0.84672,12.849,0.84672,3695.15,0,18.483,0.222163,0.261274,2.06041,2.75531,1.50596,3.34887,0.42336,0,0,18.483,0.42336,442.007,0,0.859896,0,0,1.12117,0.261274,1.028160,1,0,27.448,0,0,0,27.448,0
40.3413,2.91321,0,0,1.52812,0.0559426,0.36288,3.6288,59.3343,0.736411,0,0,0.458555,0.325648,0,0.66528,12.849,1,0.888163,0.36288,0,24.1334,5.90888,17.6993,0.84672,12.849,0.84672,3695.15,0,18.483,0.227087,0.261274,2.10997,2.51495,1.50596,3.15315,0.42336,0,0,18.483,0.42336,442.007,0,0.845433,0,0,1.10671,0.261274,1.028160,1,0,20.8524,0,0,0,20.8524,0
38.4306,2.88307,0,0,1.38998,0.0547662,0.36288,3.6288,58.5998,0.840862,0,0,0.430726,0.324395,0,0.66528,12.849,1,0.918277,0.36288,0,22.1914,5.90888,15.7271,0.84672,12.849,0.84672,3695.15,0,18.483,0.261934,0.227405,2.10996,2.30171,1.50596,2.87118,0.42336,0,0,18.483,0.42336,442.007,0,0.706121,0,0,0.933526,0.227405,1.028160,1,0,18.5983,0,0,0,18.5983,0
36.7451,2.84883,0,0,1.57259,0.0463458,0.36288,3.6288,58.2131,0.593536,0,0,0.523668,0.316785,0,0.66528,12.849,1,0.952486,0.36288,0,22.8212,6.05037,16.1812,0.84672,12.849,0.84672,3695.15,0,18.483,0.187208,0.23449,2.10994,3.37445,1.54284,3.98883,0.42336,0,0,18.483,0.42336,442.007,0,1.02816,0,0,1.26265,0.23449,1.028160,1,0,20.17,0,0,0,20.17,0
34.8624,3.00453,0,0,1.53737,0.0526712,0.36288,3.6288,57.2632,1.07049,0,0,0.472035,0.351461,0,0.66528,12.849,1,1.05062,0.36288,0,25.0838,6.04339,18.3527,0.84672,12.849,0.84672,3695.15,0,18.483,0.339888,0.227405,2.10993,2.26892,1.48547,2.78089,0.42336,0,0,18.483,0.42336,442.007,0,0.554247,0,0,0.781652,0.227405,1.028160,1,0,21.1336,0,0,0,21.1336,0
32.9098,2.96305,0,0,1.44024,0.0668775,0.36288,3.6288,56.3537,1.02715,0,0,0.448433,0.330764,0,0.66528,12.849,1,1.09207,0.36288,0,23.4014,6.021,16.6512,0.84672,12.849,0.84672,3695.15,0,18.483,0.331537,0.227405,2.27781,2.39684,1.50064,3.06988,0.42336,0,0,18.483,0.42336,442.007,0,0.605923,0,0,0.833328,0.227405,1.028160,1,0,19.7211,0,0,0,19.7211,0
30.9169,2.91643,0,0,1.34837,0.0619935,0.36288,3.6288,55.6649,0.798777,0,0,0.441271,0.331321,0,0.66528,12.849,1,1.13866,0.36288,0,23.5835,6.09577,16.7119,0.84672,12.849,0.84672,3695.15,0,18.483,0.271159,0.204422,2.27779,2.27897,1.51558,2.97445,0.42336,0,0,18.483,0.42336,442.007,0,0.894663,0,0,1.09909,0.204422,1.028160,1,0,19.6864,0,0,0,19.6864,0
28.9236,2.86456,0,0,1.29457,0.0604511,0.36288,3.6288,54.9519,0.818053,0,0,0.434917,0.329832,0,0.66528,12.849,1,1.19051,0.36288,0,22.2422,6.09577,15.3188,0.84672,12.849,0.84672,3695.15,0,18.483,0.271627,0.204422,2.27777,2.24638,1.51558,2.94137,0.42336,0,0,18.483,0.42336,442.007,0,0.874904,0,0,1.07933,0.204422,1.028160,1,0,18.2602,0,0,0,18.2602,0
26.9797,2.80773,0,0,1.28002,0.0533119,0.36288,3.6288,54.2021,0.867367,0,0,0.447519,0.330003,0,0.66528,12.849,1,1.24731,0.36288,0,24.1551,6.02816,17.2425,0.84672,12.849,0.84672,3695.15,0,18.483,0.291738,0.204422,2.27776,2.31856,1.52382,2.98518,0.42336,0,0,18.483,0.42336,442.007,0,0.805464,0,0,1.00989,0.204422,1.028160,1,0,20.2277,0,0,0,20.2277,0
25.0998,2.66302,0,0,1.22483,0.0788455,0.36288,3.6288,53.4644,0.892598,0,0,0.451592,0.296697,0,0.66528,12.849,1,1.26826,0.36288,0,21.759,5.70136,15.1522,0.84672,12.849,0.84672,3695.15,0,18.483,0.304377,0.204422,2.27774,1.9223,1.43518,2.66491,0.42336,0,0,18.483,0.42336,442.007,0,0.673056,0,0,0.877478,0.204422,1.028160,1,0,17.8171,0,0,0,17.8171,0
23.8848,2.60018,0,0,1.83695,0.0888471,0.36288,3.6288,52.963,0.739164,0,0,0.519748,0.281995,0,0.66528,12.849,1,1.33108,0.36288,0,26.4991,5.59094,19.94,0.84672,12.849,0.84672,3695.15,0,18.483,0.255534,0.216518,2.18151,2.04465,1.39725,2.78989,0.42336,0,0,18.483,0.42336,442.007,0,0.875318,0,0,1.09184,0.216518,1.028160,1,0,22.7299,0,0,0,22.7299,0
23.3587,2.55613,0,0,2.48021,0.0872994,0.36288,3.6288,52.8979,0.624059,0,0,0.839887,0.280868,0,0.66528,12.849,1,1.37509,0.36288,0,52.8801,5.59094,46.2769,0.84672,12.849,0.84672,3695.15,0,18.483,0.217784,0.747118,2.18149,3.22076,1.39725,4.53433,0.42336,0,0,18.483,0.42336,442.007,0,1.02816,0,0,1.77528,0.747118,1.028160,1,0,50.8113,0,0,0,50.8113,0
22.5492,2.53613,0,0,2.19429,0.104817,0.36288,3.6288,52.6416,0.62385,0,0,0.636072,0.268506,0,0.66528,12.849,1,1.39506,0.36288,0,55.0822,5.4274,48.6226,0.84672,12.849,0.84672,3695.15,0,18.483,0.217979,0.281612,2.18148,2.14667,1.38502,3.00676,0.42336,0,0,18.483,0.42336,442.007,0,1.02816,0,0,1.30977,0.281612,1.028160,1,0,51.6293,0,0,0,51.6293,0
22.7599,2.43952,0,0,3.12216,0.109005,0.36288,3.6288,52.7817,0.559375,0,0,0.890162,0.190732,0,0.66528,12.849,1,1.39009,0.36288,0,62.5176,3.7169,57.7735,0.84672,12.849,0.84672,3695.15,0,18.483,0.196402,0.871741,2.18146,3.26112,0.946267,5.17165,0.42336,0,0,18.483,0.42336,442.007,0,1.02816,0,0,1.8999,0.871741,1.028160,1,0,62.9451,0,0,0,62.9451,0
22.8934,2.44773,0,0,3.07115,0.127047,0.36288,3.6288,53.4356,0.559751,0,0,1.37297,0.159308,0,0.66528,12.849,1,1.38185,0.36288,0,102.806,3.35233,98.4348,0.84672,12.849,0.84672,3695.15,0,18.483,0.196013,1.36401,2.09594,5.0834,0.83282,7.51452,0.42336,0,0,18.483,0.42336,442.007,0,1.02816,0,0,2.39217,1.36401,1.028160,1,0,105.949,0,0,0,105.949,0
23.1283,2.45287,0,0,3.17789,0.127274,0.36288,3.6288,54.0631,0.561524,0,0,1.34918,0.160143,0,0.66528,12.849,1,1.37668,0.36288,0,102.807,3.35233,98.4412,0.84672,12.849,0.84672,3695.15,0,18.483,0.194227,2.42873,2.09592,6.67118,0.83282,10.1688,0.42336,0,0,18.483,0.42336,442.007,0,1.02816,0,0,3.45689,2.42873,1.028160,1,0,108.61,0,0,0,108.61,0
25.31,2.46184,0,0,5.13861,0.132194,0.36288,3.6288,54.4223,0.563194,0,0,1.0821,0.159722,0,0.66528,12.849,1,1.36769,0.36288,0,116.105,3.52727,111.573,0.84672,12.849,0.84672,3695.15,0,18.483,0.192544,1.9501,2.09591,5.73684,0.87512,8.71518,0.42336,0,0,18.483,0.42336,442.007,0,1.02816,0,0,2.97826,1.9501,1.028160,1,0,120.288,0,0,0,120.288,0
28.1343,2.34873,0,0,5.68701,0.151077,0.36288,3.6288,55.7433,0.430374,0,0,1.95166,0.200262,0,0.66528,12.849,1,1.19237,0.36288,0,91.7032,4.11075,86.763,0.84672,12.849,0.84672,3695.15,0,18.483,0.146165,2.12218,2.09589,8.42613,1.02128,11.4768,0.42336,0,0,18.483,0.42336,442.007,0,1.02816,0,0,3.15034,2.12218,1.028160,1,0,98.2398,0,0,0,98.2398,0
31.5048,2.43088,0,0,6.32197,0.157695,0.36288,3.6288,57.0038,0.432967,0,0,1.90273,0.209256,0,0.66528,12.849,1,1.11019,0.36288,0,108.014,4.13511,103.131,0.84672,12.849,0.84672,3695.15,0,18.483,0.14356,1.86903,1.90339,10.3238,1.02801,12.9246,0.42336,0,0,18.483,0.42336,442.007,0,1.02816,0,0,2.89719,1.86903,1.028160,1,0,116.056,0,0,0,116.056,0
34.1778,2.51523,0,0,5.71989,0.168774,0.36288,3.6288,58.0597,0.435355,0,0,1.68012,0.188907,0,0.66528,12.849,1,1.02582,0.36288,0,200.286,3.88761,195.735,0.84672,12.849,0.84672,3695.15,0,18.483,0.14116,1.44782,1.90338,6.26147,0.960904,8.5106,0.42336,0,0,18.483,0.42336,442.007,0,1.02816,0,0,2.47598,1.44782,1.028160,1,0,204.246,0,0,0,204.246,0
36.697,2.57351,0,0,5.6255,0.169923,0.36288,3.6288,59.0448,0.437293,0,0,1.60347,0.181087,0,0.66528,12.849,1,0.967501,0.36288,0,133.202,3.65751,128.94,0.84672,12.849,0.84672,3695.15,0,18.483,0.13921,1.3707,1.90336,5.8925,1.00585,8.0215,0.42336,0,0,18.483,0.42336,442.007,0,1.02816,0,0,2.39886,1.3707,1.028160,1,0,136.961,0,0,0,136.961,0
37.2747,2.62269,0,0,3.73847,0.175201,0.36288,3.6288,59.664,0.439053,0,0,1.27004,0.2118,0,0.66528,12.849,1,0.918301,0.36288,0,76.7367,4.14963,72.0316,0.84672,12.849,0.84672,3695.15,0,18.483,0.137438,1.14966,1.90335,4.56061,1.18496,6.29121,0.42336,0,0,18.483,0.42336,442.007,0,1.02816,0,0,2.17782,1.14966,1.028160,1,0,78.3228,0,0,0,78.3228,0
37.3387,2.71573,0,0,3.32137,0.178712,0.36288,3.6288,60.0528,0.479739,0,0,1.11615,0.247605,0,0.66528,12.849,1,0.936143,0.36288,0,61.6815,4.78359,56.3246,0.84672,12.849,0.84672,3695.15,0,18.483,0.148616,1.24921,1.90333,9.44472,1.39391,11.0547,0.42336,0,0,18.483,0.42336,442.007,0,1.02816,0,0,2.27737,1.24921,1.028160,1,0,67.3794,0,0,0,67.3794,0
42.0043,2.71688,0,0,7.92516,0.179859,0.36288,3.6288,61.308,0.480454,0,0,2.21079,0.246479,0.228635,0.66528,12.849,1,0.934933,0.36288,0,204.946,4.68768,199.686,0.84672,12.849,0.84672,3695.15,0,18.483,0.147874,3.9203,1.96418,8.23497,1.36809,12.6035,0.42336,0,0,18.483,0.42336,442.007,0,1.02816,0,0,4.94846,3.9203,1.028160,1,0,212.518,0,0,0,212.518,0
42.1768,2.79636,0,0,3.5281,0.196379,0.36288,3.6288,61.308,0.48276,0,0,1.51932,0.237924,0.798634,0.66528,12.849,1,0.855398,0.36288,0,99.8335,4.11222,95.2287,0.84672,12.849,0.84672,3695.15,0,18.483,0.145541,2.11348,1.96415,4.40061,1.21318,7.11953,0.42336,0,0,18.483,0.42336,442.007,0,1.02816,0,0,3.14164,2.11348,1.028160,1,0,103.147,0,0,0,103.147,0
41.4378,2.79899,0,0,2.61969,0.196774,0.36288,3.6288,61.308,0.482739,0,0,1.14636,0.237924,0.425701,0.66528,12.849,1,0.852703,0.36288,0,65.3063,4.11222,60.7043,0.84672,12.849,0.84672,3695.15,0,18.483,0.145535,1.33484,1.96412,4.05177,1.21318,5.99202,0.42336,0,0,18.483,0.42336,442.007,0,1.02816,0,0,2.363,1.33484,1.028160,1,0,67.122,0,0,0,67.122,0
40.6469,3.05921,0,0,2.85114,0.219958,0.36288,3.6288,61.308,0.632363,0,0,1.21414,0.23644,0.345342,0.66528,12.849,1,0.948597,0.36288,0,49.752,4.37735,44.7889,0.84672,12.849,0.84672,3695.15,0,18.483,0.190643,1.54743,1.96409,3.66925,1.32039,5.66974,0.42336,0,0,18.483,0.42336,442.007,0,1.02816,0,0,2.57559,1.54743,1.028160,1,0,50.804,0,0,0,50.804,0
39.8267,3.04514,0,0,2.80574,0.217913,0.36288,3.6288,61.308,0.632339,0,0,1.09603,0.23644,0.227248,0.66528,12.849,1,0.962606,0.36288,0,47.8864,4.37735,42.9094,0.84672,12.849,0.84672,3695.15,0,18.483,0.190636,0.845536,2.18127,3.15148,1.32039,4.66727,0.42336,0,0,18.483,0.42336,442.007,0,1.02816,0,0,1.8737,0.845536,1.028160,1,0,47.8039,0,0,0,47.8039,0
40.7113,3.0301,0,0,4.49334,0.215792,0.36288,3.6288,61.308,0.632316,0,0,1.73071,0.23644,0.861957,0.66528,12.849,1,0.977578,0.36288,0,123.581,4.37735,118.588,0.84672,12.849,0.84672,3695.15,0,18.483,0.190629,1.57714,2.18124,9.40583,1.32039,11.6532,0.42336,0,0,18.483,0.42336,442.007,0,1.02816,0,0,2.6053,1.57714,1.028160,1,0,131.104,0,0,0,131.104,0
41.3011,3.04619,0,0,4.21658,0.217729,0.36288,3.6288,61.308,0.632293,0,0,1.53269,0.181584,0.718816,0.66528,12.849,1,0.961418,0.36288,0,121.804,3.9165,117.289,0.84672,12.849,0.84672,3695.15,0,18.483,0.190622,1.60364,2.1812,5.03977,1.098,7.536,0.42336,0,0,18.483,0.42336,442.007,0,1.02816,0,0,2.6318,1.60364,1.028160,1,0,125.544,0,0,0,125.544,0
41.7107,2.66917,0,0,3.66087,0.219166,0.36288,3.6288,61.308,0.431459,0,0,1.03476,0.192671,0.410631,0.66528,12.849,1,0.830394,0.36288,0,63.5907,3.89162,59.2315,0.84672,12.849,0.84672,3695.15,0,18.483,0.130075,0.730719,2.18117,3.98632,0.97837,5.78976,0.42336,0,0,18.483,0.42336,442.007,0,1.02816,0,0,1.75888,0.730719,1.028160,1,0,65.4319,0,0,0,65.4319,0
43.6046,2.67536,0,0,5.15232,0.220223,0.36288,3.6288,61.308,0.431439,0,0,1.90245,0.192671,1.27834,0.66528,12.849,1,0.824146,0.36288,0,97.734,3.89162,93.3811,0.84672,12.849,0.84672,3695.15,0,18.483,0.130069,1.39979,1.88402,7.34224,0.97837,9.51761,0.42336,0,0,18.483,0.42336,442.007,0,1.02816,0,0,2.42795,1.39979,1.028160,1,0,104.177,0,0,0,104.177,0
44.87,2.70296,0,0,4.55634,0.22511,0.36288,3.6288,61.308,0.431419,0,0,1.16315,0.192671,0.539061,0.66528,12.849,1,0.796485,0.36288,0,97.1611,3.89162,92.8359,0.84672,12.849,0.84672,3695.15,0,18.483,0.130063,0.89221,1.88399,4.66501,0.97837,6.33277,0.42336,0,0,18.483,0.42336,442.007,0,1.02816,0,0,1.92037,0.89221,1.028160,1,0,99.7077,0,0,0,99.7077,0
45.3276,2.72038,0,0,3.80722,0.266275,0.36288,3.6288,61.308,0.431399,0,0,1.00015,0.127706,0.441044,0.66528,12.849,1,0.779011,0.36288,0,68.1506,3.14668,64.5878,0.84672,12.849,0.84672,3695.15,0,18.483,0.130057,0.648665,1.88395,3.93303,0.771334,5.56426,0.42336,0,0,18.483,0.42336,442.007,0,1.02816,0,0,1.67683,0.648665,1.028160,1,0,70.5931,0,0,0,70.5931,0
46.8353,2.72647,0,0,4.84238,0.245387,0.36288,3.6288,61.308,0.431379,0,0,1.44825,0.134476,0.882399,0.66528,12.849,1,0.77287,0.36288,0,68.4545,3.59016,64.4544,0.84672,12.849,0.84672,3695.15,0,18.483,0.130051,1.38384,1.88392,4.74108,0.756918,7.12188,0.42336,0,0,18.483,0.42336,442.007,0,1.02816,0,0,2.412,1.38384,1.028160,1,0,72.4587,0,0,0,72.4587,0
49.023,2.84628,0,0,5.62584,0.229012,0.36288,3.6288,61.308,0.480481,0,0,1.65559,0.138045,1.03706,0.66528,12.849,1,0.78086,0.36288,0,92.4859,3.77549,88.2925,0.84672,12.849,0.84672,3695.15,0,18.483,0.144854,0.696894,1.88389,5.70623,0.733459,7.4087,0.42336,0,0,18.483,0.42336,442.007,0,1.02816,0,0,1.72505,0.696894,1.028160,1,0,96.7382,0,0,0,96.7382,0
49.5957,2.87384,0,0,4.04397,0.234549,0.36288,3.6288,61.308,0.480461,0,0,1.79836,0.138045,1.17986,0.66528,12.849,1,0.753238,0.36288,0,51.7854,3.77549,47.6196,0.84672,12.849,0.84672,3695.15,0,18.483,0.144848,1.52385,1.95722,5.37132,0.733459,7.97407,0.42336,0,0,18.483,0.42336,442.007,0,1.02816,0,0,2.55201,1.52385,1.028160,1,0,56.7735,0,0,0,56.7735,0
51.2892,2.8807,0,0,5.17312,0.235996,0.36288,3.6288,61.308,0.48044,0,0,2.6099,0.138045,1.99142,0.66528,12.849,1,0.746317,0.36288,0,101.476,3.77549,97.317,0.84672,12.849,0.84672,3695.15,0,18.483,0.144842,1.80496,1.95718,7.82402,0.733459,10.7079,0.42336,0,0,18.483,0.42336,442.007,0,1.02816,0,0,2.83312,1.80496,1.028160,1,0,110.016,0,0,0,110.016,0
51.402,2.90036,0,0,3.55407,0.178005,0.36288,3.6288,61.308,0.480419,0,0,1.54634,0.17967,0.886254,0.66528,12.849,1,0.726599,0.36288,0,61.6326,4.43306,56.8358,0.84672,12.849,0.84672,3695.15,0,18.483,0.144836,0.84748,1.95715,4.8841,0.871281,6.67261,0.42336,0,0,18.483,0.42336,442.007,0,1.02816,0,0,1.87564,0.84748,1.028160,1,0,64.3947,0,0,0,64.3947,0
50.9001,2.8616,0,0,2.8924,0.169915,0.36288,3.6288,61.308,0.461321,0,0,1.31015,0.190314,0.658517,0.66528,12.849,1,0.715315,0.36288,0,57.8111,4.35582,53.1028,0.84672,12.849,0.84672,3695.15,0,18.483,0.139078,0.888555,1.95712,4.07279,0.897077,5.88231,0.42336,0,0,18.483,0.42336,442.007,0,1.02816,0,0,1.91671,0.888555,1.028160,1,0,59.6437,0,0,0,59.6437,0
50.1257,2.85592,0,0,2.61344,0.169027,0.36288,3.6288,61.308,0.461301,0,0,1.29184,0.190314,0.640229,0.66528,12.849,1,0.720936,0.36288,0,51.9566,4.35582,47.2428,0.84672,12.849,0.84672,3695.15,0,18.483,0.139072,0.889583,1.92854,5.03798,0.897077,6.81995,0.42336,0,0,18.483,0.42336,442.007,0,1.02816,0,0,1.91774,0.889583,1.028160,1,0,54.7029,0,0,0,54.7029,0
50.5633,2.84701,0,0,3.81515,0.167656,0.36288,3.6288,61.308,0.46128,0,0,1.5117,0.190314,0.860103,0.66528,12.849,1,0.729789,0.36288,0,61.2404,4.35582,56.5177,0.84672,12.849,0.84672,3695.15,0,18.483,0.139066,1.11564,1.92851,4.53679,0.897077,6.54479,0.42336,0,0,18.483,0.42336,442.007,0,1.02816,0,0,2.1438,1.11564,1.028160,1,0,63.9226,0,0,0,63.9226,0
50.0579,2.852,0,0,2.84657,0.137049,0.36288,3.6288,61.308,0.46126,0,0,1.38273,0.19924,0.722229,0.66528,12.849,1,0.724741,0.36288,0,59.4345,4.62672,54.4459,0.84672,12.849,0.84672,3695.15,0,18.483,0.13906,0.901083,1.92848,4.03993,0.846929,5.8835,0.42336,0,0,18.483,0.42336,442.007,0,1.02816,0,0,1.92924,0.901083,1.028160,1,0,61.0516,0,0,0,61.0516,0
48.838,2.98114,0,0,2.28029,0.1562,0.36288,3.6288,61.308,0.528888,0,0,1.03764,0.206899,0.301851,0.66528,12.849,1,0.765206,0.36288,0,40.857,4.56881,35.8859,0.84672,12.849,0.84672,3695.15,0,18.483,0.159448,0.461583,1.92844,2.84589,1.01812,4.05834,0.42336,0,0,18.483,0.42336,442.007,0,1.02816,0,0,1.48974,0.461583,1.028160,1,0,40.2461,0,0,0,40.2461,0
47.6678,2.96596,0,0,2.27075,0.112124,0.36288,3.6288,61.308,0.528866,0,0,1.13478,0.218204,0.387707,0.66528,12.849,1,0.780326,0.36288,0,41.1915,4.74567,36.0283,0.84672,12.849,0.84672,3695.15,0,18.483,0.159441,0.796228,2.02823,3.07498,1.08263,4.65736,0.42336,0,0,18.483,0.42336,442.007,0,1.02816,0,0,1.82439,0.796228,1.028160,1,0,41.0734,0,0,0,41.0734,0
46.3018,2.95082,0,0,2.02044,0.0727291,0.36288,3.6288,61.308,0.528845,0,0,0.930459,0.235101,0.166513,0.66528,12.849,1,0.795403,0.36288,0,38.2056,4.97238,32.8007,0.84672,12.849,0.84672,3695.15,0,18.483,0.159435,0.521363,2.0282,2.63247,1.12824,3.89435,0.42336,0,0,18.483,0.42336,442.007,0,1.02816,0,0,1.54952,0.521363,1.028160,1,0,36.8616,0,0,0,36.8616,0
44.8227,2.9324,0,0,1.88784,0.0716411,0.36288,3.6288,61.2868,0.528824,0,0,0.742677,0.235101,0,0.66528,12.849,1,0.813758,0.36288,0,35.1837,4.97238,29.7605,0.84672,12.849,0.84672,3695.15,0,18.483,0.159429,0.313727,2.02816,2.43379,1.12824,3.48801,0.42336,0,0,18.483,0.42336,442.007,0,1.02816,0,0,1.34189,0.313727,1.028160,1,0,33.2485,0,0,0,33.2485,0
43.3772,2.91149,0,0,1.90298,0.0741768,0.36288,3.6288,61.2861,0.52876,0,0,0.794992,0.266932,0,0.66528,12.849,1,0.834614,0.36288,0,30.2146,5.26644,24.4764,0.84672,12.849,0.84672,3695.15,0,18.483,0.159465,0.373378,2.02813,3.44324,1.25745,4.42784,0.42336,0,0,18.483,0.42336,442.007,0,1.02816,0,0,1.40154,0.373378,1.028160,1,0,28.9043,0,0,0,28.9043,0
41.9552,2.8641,0,0,1.88069,0.0757045,0.36288,3.6288,61.3054,0.565911,0,0,0.876131,0.290827,0,0.66528,12.849,1,0.848391,0.36288,0,28.1451,5.48699,22.1726,0.84672,12.849,0.84672,3695.15,0,18.483,0.170671,0.363416,2.0281,4.3113,1.35435,5.17779,0.42336,0,0,18.483,0.42336,442.007,0,1.02816,0,0,1.39158,0.363416,1.028160,1,0,27.3504,0,0,0,27.3504,0
40.4143,2.84204,0,0,1.73858,0.0744674,0.36288,3.6288,61.2957,0.56593,0,0,0.847022,0.290863,0,0.66528,12.849,1,0.87039,0.36288,0,27.9751,5.48699,21.9806,0.84672,12.849,0.84672,3695.15,0,18.483,0.170623,0.33988,2.05916,4.37166,1.35435,5.24572,0.42336,0,0,18.483,0.42336,442.007,0,1.02816,0,0,1.36804,0.33988,1.028160,1,0,27.2263,0,0,0,27.2263,0
38.7399,2.81681,0,0,1.57833,0.0731269,0.36288,3.6288,61.1964,0.608612,0,0,0.800176,0.290845,0,0.66528,12.849,1,0.895554,0.36288,0,27.1434,5.48699,21.1238,0.84672,12.849,0.84672,3695.15,0,18.483,0.18352,0.261274,2.05913,4.1093,1.35435,4.89183,0.42336,0,0,18.483,0.42336,442.007,0,0.972553,0,0,1.23383,0.261274,1.028160,1,0,26.0156,0,0,0,26.0156,0
36.9633,2.7877,0,0,1.44327,0.0692036,0.36288,3.6288,60.9643,0.680359,0,0,0.749952,0.301644,0,0.66528,12.849,1,0.924607,0.36288,0,23.4977,5.61978,17.3162,0.84672,12.849,0.84672,3695.15,0,18.483,0.205487,0.261274,2.05909,3.89292,1.39123,4.61657,0.42336,0,0,18.483,0.42336,442.007,0,0.878809,0,0,1.14008,0.261274,1.028160,1,0,21.9328,0,0,0,21.9328,0
35.2254,2.81897,0,0,1.49481,0.0509089,0.36288,3.6288,60.7903,0.693134,0,0,0.840465,0.321404,0,0.66528,12.849,1,0.979915,0.36288,0,24.0462,5.69426,17.7349,0.84672,12.849,0.84672,3695.15,0,18.483,0.210142,0.261274,2.05906,3.42343,1.40929,4.12433,0.42336,0,0,18.483,0.42336,442.007,0,0.90447,0,0,1.16574,0.261274,1.028160,1,0,21.8592,0,0,0,21.8592,0
33.4872,2.7835,0,0,1.4581,0.0498606,0.36288,3.6288,60.6307,0.612905,0,0,0.77436,0.321049,0,0.66528,12.849,1,1.01532,0.36288,0,24.0154,5.69426,17.6687,0.84672,12.849,0.84672,3695.15,0,18.483,0.186351,0.261274,2.10858,3.66847,1.40929,4.44268,0.42336,0,0,18.483,0.42336,442.007,0,1.00846,0,0,1.26973,0.261274,1.028160,1,0,22.1114,0,0,0,22.1114,0
31.6946,2.74537,0,0,1.36444,0.0488121,0.36288,3.6288,60.3725,0.654255,0,0,0.716783,0.320725,0,0.66528,12.849,1,1.05339,0.36288,0,21.6798,5.69426,15.2951,0.84672,12.849,0.84672,3695.15,0,18.483,0.199447,0.261274,2.10854,3.27405,1.40929,4.03513,0.42336,0,0,18.483,0.42336,442.007,0,0.953986,0,0,1.21526,0.261274,1.028160,1,0,19.3302,0,0,0,19.3302,0
29.8337,2.70293,0,0,1.25262,0.0477308,0.36288,3.6288,60.0571,0.704071,0,0,0.708903,0.320199,0,0.66528,12.849,1,1.09577,0.36288,0,19.8181,5.69426,13.3909,0.84672,12.849,0.84672,3695.15,0,18.483,0.215551,0.227405,2.10851,3.20215,1.40929,3.91322,0.42336,0,0,18.483,0.42336,442.007,0,0.888037,0,0,1.11544,0.227405,1.028160,1,0,17.3042,0,0,0,17.3042,0
28.133,2.83244,0,0,1.54211,0.0474532,0.36288,3.6288,59.7747,0.703011,0,0,0.749805,0.329243,0,0.66528,12.849,1,1.21989,0.36288,0,21.9358,5.84921,15.2296,0.84672,12.849,0.84672,3695.15,0,18.483,0.269818,0.227405,2.10847,4.86327,1.41907,5.51026,0.42336,0,0,18.483,0.42336,442.007,0,0.990429,0,0,1.21783,0.227405,1.028160,1,0,20.7399,0,0,0,20.7399,0
26.5853,2.78177,0,0,1.64357,0.0467114,0.36288,3.6288,59.4957,0.724931,0,0,0.778526,0.332517,0,0.66528,12.849,1,1.2705,0.36288,0,25.2637,5.91118,18.4449,0.84672,12.849,0.84672,3695.15,0,18.483,0.269786,0.227405,2.27622,4.48229,1.42298,5.29314,0.42336,0,0,18.483,0.42336,442.007,0,0.968509,0,0,1.19591,0.227405,1.028160,1,0,23.738,0,0,0,23.738,0
24.7635,2.73186,0,0,1.31869,0.045718,0.36288,3.6288,58.8366,0.939423,0,0,0.612185,0.331925,0,0.66528,12.849,1,1.32034,0.36288,0,29.7157,5.91118,22.8471,0.84672,12.849,0.84672,3695.15,0,18.483,0.291842,0.227405,2.27618,3.72342,1.42298,4.51218,0.42336,0,0,18.483,0.42336,442.007,0,0.731929,0,0,0.959334,0.227405,1.028160,1,0,27.3593,0,0,0,27.3593,0
23.2499,2.66786,0,0,1.56174,0.0445488,0.36288,3.6288,58.7752,0.66528,0,0,0.934473,0.330526,0,0.66528,12.849,1,1.38427,0.36288,0,25.5055,5.91118,18.573,0.84672,12.849,0.84672,3695.15,0,18.483,0.269722,0.414945,2.27615,5.03519,1.42298,6.03358,0.42336,0,0,18.483,0.42336,442.007,0,1.02816,0,0,1.4431,0.414945,1.028160,1,0,24.6065,0,0,0,24.6065,0
21.4689,2.60978,0,0,1.23718,0.0455607,0.36288,3.6288,58.2284,0.820791,0,0,0.598309,0.324322,0,0.66528,12.849,1,1.44229,0.36288,0,26.4795,5.89436,19.5058,0.84672,12.849,0.84672,3695.15,0,18.483,0.26969,0.204422,2.27611,4.84486,1.44124,5.61446,0.42336,0,0,18.483,0.42336,442.007,0,0.872649,0,0,1.07707,0.204422,1.028160,1,0,25.1202,0,0,0,25.1202,0
20.4472,2.45754,0,0,1.84582,0.0470618,0.36288,3.6288,58.03,0.637976,0,0,0.754606,0.315113,0,0.66528,12.849,1,1.47082,0.36288,0,18.6503,5.87192,11.6704,0.84672,12.849,0.84672,3695.15,0,18.483,0.202508,0.590587,2.27607,6.68492,1.46559,7.88349,0.42336,0,0,18.483,0.42336,442.007,0,1.02816,0,0,1.61875,0.590587,1.028160,1,0,19.5539,0,0,0,19.5539,0
18.8,2.41237,0,0,1.17438,0.0464073,0.36288,3.6288,57.6085,0.637428,0,0,0.530693,0.31471,0,0.66528,12.849,1,1.51593,0.36288,0,28.4659,5.87192,21.4409,0.84672,12.849,0.84672,3695.15,0,18.483,0.203026,0.274251,2.17989,4.5832,1.46559,5.36873,0.42336,0,0,18.483,0.42336,442.007,0,1.02816,0,0,1.30241,0.274251,1.028160,1,0,26.8096,0,0,0,26.8096,0
17.0213,2.33343,0,0,0.962971,0.0453521,0.36288,3.6288,56.8805,0.898757,0,0,0.48461,0.313854,0,0.66528,12.849,1,1.59481,0.36288,0,16.514,5.87192,9.41014,0.84672,12.849,0.84672,3695.15,0,18.483,0.288355,0.216518,2.17986,3.27517,1.46559,3.91761,0.42336,0,0,18.483,0.42336,442.007,0,0.681471,0,0,0.89799,0.216518,1.028160,1,0,13.3277,0,0,0,13.3277,0
16.7032,2.23843,0,0,2.3692,0.085941,0.36288,3.6288,56.6989,0.634286,0,0,0.770826,0.318128,0,0.66528,12.849,1,1.68975,0.36288,0,21.9866,5.40872,15.2511,0.84672,12.849,0.84672,3695.15,0,18.483,0.206107,0.990593,2.17982,8.51888,1.36602,10.1172,0.42336,0,0,18.483,0.42336,442.007,0,1.02816,0,0,2.01875,0.990593,1.028160,1,0,25.3682,0,0,0,25.3682,0
14.8135,2.16286,0,0,0.766489,0.130484,0.36288,3.6288,56.2858,0.651294,0,0,0.42381,0.185606,0,0.66528,12.849,1,1.66378,0.36288,0,18.9029,3.61967,13.9823,0.84672,12.849,0.84672,3695.15,0,18.483,0.212312,0.216518,2.17978,2.9728,0.996384,4.16041,0.42336,0,0,18.483,0.42336,442.007,0,0.918946,0,0,1.13546,0.216518,1.028160,1,0,18.1427,0,0,0,18.1427,0
14.5645,1.50761,0,0,1.74738,0.125829,0.36288,3.6288,55.634,0.950243,0,0,0.483513,0.185107,0,0.66528,12.849,1,1.30768,0.36288,0,38.9777,3.61967,34.4133,0.84672,12.849,0.84672,3695.15,0,18.483,1.10038,0.216518,2.09431,4.27883,0.996384,4.4929,0.42336,0,0,18.483,0.42336,442.007,0,0.743197,0,0,0.959716,0.216518,1.028160,1,0,38.9062,0,0,0,38.9062,0
16.2888,1.32785,0,0,3.54017,0.125167,0.36288,3.6288,55.8371,0.66528,0,0,1.05272,0.184319,0,0.66528,12.849,1,1.17144,0.36288,0,61.7441,3.61967,57.3159,0.84672,12.849,0.84672,3695.15,0,18.483,0.953226,1.08547,2.68609,8.99225,0.996384,10.8142,0.42336,0,0,18.483,0.42336,442.007,0,1.02816,0,0,2.11363,1.08547,1.028160,1,0,68.1301,0,0,0,68.1301,0
