0st_vol,0capacity,0net_inf,0st_rof,0lt_rof,0rest_demand,0unrest_demand,0unfulf_demand,0wastewater,0treat_capacity,0agg_price,0res_price,0gross_rev,0drought_cost,0cont_contrib,0debt_serv,0infra_npv,1st_vol,1capacity,1net_inf,1st_rof,1lt_rof,1rest_demand,1unrest_demand,1unfulf_demand,1wastewater,1treat_capacity,1agg_price,1res_price,1gross_rev,1drought_cost,1cont_contrib,1debt_serv,1infra_npv
85.139,85.139,6.37443,0.05,0,0.755493,2.46977,0,0,4.47552,4.35599e+06,2.70226e+06,3.29092e+06,0,0,0,0,80.8192,79.791,7.51246,0,0,2.1168,1.12031,0.717786,0,2.1168,9.05263e+06,3.61194e+06,1.91626e+07,0,0,0,0
85.139,85.139,7.21066,0.05,0,1.87652,2.4705,0,0.141579,4.47552,4.35599e+06,2.70226e+06,8.17411e+06,0,0,0,0,80.8192,79.791,7.25354,0,0,1.71461,1.12063,0,1.63544,2.1168,9.05263e+06,3.61194e+06,1.55217e+07,0,0,0,0
85.139,85.139,5.34201,0.05,0,1.87757,2.47122,0,0.35166,4.47552,4.35599e+06,2.70226e+06,8.1787e+06,0,0,0,0,80.8192,79.791,6.47796,0,0,1.71461,1.12096,0,1.32471,2.1168,9.05263e+06,3.61194e+06,1.55217e+07,0,0,0,0
85.139,85.139,8.75421,0.05,0,1.87863,2.47194,0,0.351857,4.47552,4.35599e+06,2.70226e+06,8.18328e+06,0,0,0,0,80.8192,79.791,8.53949,0,0,1.71461,1.12129,0,1.32471,2.1168,9.05263e+06,3.61194e+06,1.55217e+07,0,0,0,0
85.139,85.139,13.2073,0.05,0,2.12086,2.71385,0,0.352055,4.47552,4.35599e+06,2.70226e+06,9.23844e+06,0,0,0,0,80.8192,79.791,12.2199,0,0,1.84649,1.2535,0,1.32471,2.1168,9.05263e+06,3.61194e+06,1.67156e+07,0,0,0,0
85.139,85.139,10.8895,0.05,0,2.25386,2.71464,0,0.397449,4.47552,4.35599e+06,2.70226e+06,9.81779e+06,0,0,0,0,80.8192,79.791,10.8454,0,0,1.71465,1.25387,0,1.4266,2.1168,9.05263e+06,3.61194e+06,1.55221e+07,0,0,0,0
85.139,85.139,9.18646,0.05,0,2.25502,2.71544,0,0.422373,4.47552,4.35599e+06,2.70226e+06,9.82286e+06,0,0,0,0,80.8192,79.791,11.9093,0,0,1.71465,1.25423,0,1.32474,2.1168,9.05263e+06,3.61194e+06,1.55221e+07,0,0,0,0
85.139,85.139,8.45419,0.05,0,2.25619,2.71623,0,0.422591,4.47552,4.35599e+06,2.70226e+06,9.82792e+06,0,0,0,0,80.8192,79.791,11.2368,0,0,1.71465,1.2546,0,1.32474,2.1168,9.05263e+06,3.61194e+06,1.55221e+07,0,0,0,0
85.139,85.139,6.00601,0.05,0,1.91295,2.37263,0,0.422809,4.47552,4.35599e+06,2.70226e+06,8.33278e+06,0,0,0,0,80.8192,79.791,7.82027,0,0,1.53746,1.07778,0,1.32474,2.1168,9.05263e+06,3.61194e+06,1.3918e+07,0,0,0,0
85.139,85.139,4.7796,0.05,0,1.73682,2.37332,0,0.358486,4.47552,4.35599e+06,2.70226e+06,7.56557e+06,0,0,0,0,80.8192,79.791,6.06102,0,0,1.7146,1.07809,0,1.18784,2.1168,9.05263e+06,3.61194e+06,1.55216e+07,0,0,0,0
85.139,85.139,5.58999,0.05,0,1.73783,2.37402,0,0.32548,4.47552,4.35599e+06,2.70226e+06,7.56998e+06,0,0,0,0,80.8192,79.791,5.38525,0,0,1.7146,1.07841,0,1.3247,2.1168,9.05263e+06,3.61194e+06,1.55216e+07,0,0,0,0
85.139,85.139,4.58148,0.05,0,1.73884,2.37471,0,0.32567,4.47552,4.35599e+06,2.70226e+06,7.57438e+06,0,0,0,0,80.8192,79.791,4.73975,0,0,1.7146,1.07873,0,1.3247,2.1168,9.05263e+06,3.61194e+06,1.55216e+07,0,0,0,0
85.139,85.139,5.71294,0.05,0,1.73985,2.37541,0,0.325859,4.47552,4.35599e+06,2.70226e+06,7.57879e+06,0,0,0,0,80.8192,79.791,6.98398,0,0,1.7146,1.07904,0,1.3247,2.1168,9.05263e+06,3.61194e+06,1.55216e+07,0,0,0,0
85.139,85.139,7.02335,0.05,0,1.82768,2.46292,0,0.326049,4.47552,4.35599e+06,2.70226e+06,7.96137e+06,0,0,0,0,80.8192,79.791,7.36733,0,0,1.75801,1.12277,0,1.3247,2.1168,9.05263e+06,3.61194e+06,1.59146e+07,0,0,0,0
85.139,85.139,6.01232,0.05,0,1.87213,2.46364,0,0.342508,4.47552,4.35599e+06,2.70226e+06,8.15499e+06,0,0,0,0,80.8192,79.791,5.64261,0,0,1.71461,1.1231,0,1.35824,2.1168,9.05263e+06,3.61194e+06,1.55217e+07,0,0,0,0
85.139,85.139,5.65594,0.05,0,1.87318,2.46437,0,0.350838,4.47552,4.35599e+06,2.70226e+06,8.15956e+06,0,0,0,0,80.8192,79.791,4.88461,0,0,1.71461,1.12343,0,1.32471,2.1168,9.05263e+06,3.61194e+06,1.55217e+07,0,0,0,0
85.139,85.139,4.68864,0.05,0,1.87423,2.46509,0,0.351034,4.47552,4.35599e+06,2.70226e+06,8.16414e+06,0,0,0,0,80.8192,79.791,4.46409,0,0,1.71461,1.12375,0,1.32471,2.1168,9.05263e+06,3.61194e+06,1.55217e+07,0,0,0,0
85.139,85.139,4.25895,0.05,0,1.8413,2.43182,0,0.351231,4.47552,4.35599e+06,2.70226e+06,8.02068e+06,0,0,0,0,80.8192,79.791,4.56677,0,0,1.69773,1.1072,0,1.32471,2.1168,9.05263e+06,3.61194e+06,1.53689e+07,0,0,0,0
85.139,85.139,3.89727,0.05,0,1.82546,2.43254,0,0.345059,4.47552,4.35599e+06,2.70226e+06,7.95168e+06,0,0,0,0,80.8192,79.791,4.42136,0,0,1.7146,1.10753,0,1.31167,2.1168,9.05263e+06,3.61194e+06,1.55217e+07,0,0,0,0
85.139,85.139,4.38647,0.05,0,1.8265,2.43325,0,0.342091,4.47552,4.35599e+06,2.70226e+06,7.9562e+06,0,0,0,0,80.8192,79.791,4.07405,0,0,1.7146,1.10785,0,1.3247,2.1168,9.05263e+06,3.61194e+06,1.55217e+07,0,0,0,0
85.139,85.139,3.71613,0.04,0,1.82753,2.43396,0,0.342285,4.47552,4.35599e+06,2.70226e+06,7.96071e+06,0,0,0,0,80.8192,79.791,4.07401,0,0,1.7146,1.10818,0,1.3247,2.1168,9.05263e+06,3.61194e+06,1.55217e+07,0,0,0,0
85.139,85.139,3.43584,0.04,0,1.94406,2.55017,0,0.34248,4.47552,4.35599e+06,2.70226e+06,8.46832e+06,0,0,0,0,80.8192,79.791,3.62434,0,0,1.77454,1.16843,0,1.3247,2.1168,9.05263e+06,3.61194e+06,1.60642e+07,0,0,0,0
85.139,85.139,3.53091,0.03,0,2.00507,2.55091,0,0.364318,4.47552,4.35599e+06,2.70226e+06,8.73405e+06,0,0,0,0,80.8192,79.791,3.52615,0,0,1.71462,1.16877,0,1.37101,2.1168,9.05263e+06,3.61194e+06,1.55218e+07,0,0,0,0
85.139,85.139,3.40879,0.02,0,2.00616,2.55166,0,0.375749,4.47552,4.35599e+06,2.70226e+06,8.73879e+06,0,0,0,0,80.8192,79.791,3.78193,0,0,1.71462,1.16912,0,1.32472,2.1168,9.05263e+06,3.61194e+06,1.55218e+07,0,0,0,0
85.139,85.139,3.13334,0.01,0,2.00724,2.55241,0,0.375953,4.47552,4.35599e+06,2.70226e+06,8.74354e+06,0,0,0,0,80.8192,79.791,3.58397,0,0,1.71462,1.16946,0,1.32472,2.1168,9.05263e+06,3.61194e+06,1.55218e+07,0,0,0,0
85.139,85.139,2.88392,0.01,0,2.00833,2.55315,0,0.376158,4.47552,4.35599e+06,2.70226e+06,8.74828e+06,0,0,0,0,80.8192,79.791,3.61845,0,0,1.71462,1.1698,0,1.32472,2.1168,9.05263e+06,3.61194e+06,1.55218e+07,0,0,0,0
85.1101,85.139,2.28281,0.01,0,1.98655,2.53103,0,0.376362,4.47552,4.35599e+06,2.70226e+06,8.65339e+06,0,0,0,0,80.8192,79.791,3.46129,0,0,1.74761,1.20313,0,1.32472,2.1168,9.05263e+06,3.61194e+06,1.58205e+07,0,0,0,0
84.9086,85.139,2.13702,0.02,0,2.02062,2.53177,0,0.372279,4.47552,4.35599e+06,2.70226e+06,8.8018e+06,0,0,0,0,80.8192,79.791,3.33388,0,0,1.71463,1.20348,0,1.3502,2.1168,9.05263e+06,3.61194e+06,1.55219e+07,0,0,0,0
84.5207,85.139,1.94789,0.02,0,2.02171,2.53251,0,0.378664,4.47552,4.35599e+06,2.70226e+06,8.80657e+06,0,0,0,0,80.8109,79.791,3.17145,0,0,1.71463,1.20384,0,1.32472,2.1168,9.05263e+06,3.61194e+06,1.55219e+07,0,0,0,0
83.9778,85.139,1.7689,0.03,0,2.02281,2.53325,0,0.378869,4.47552,4.35599e+06,2.70226e+06,8.81133e+06,0,0,0,0,80.7494,79.791,2.91198,0,0,1.71463,1.20419,0,1.32472,2.1168,9.05263e+06,3.61194e+06,1.55219e+07,0,0,0,0
83.5504,85.139,1.9224,0.03,0,2.08304,2.59313,0,0.379074,4.47552,4.35599e+06,2.70226e+06,9.0737e+06,0,0,0,0,80.6841,79.791,3.01478,0,0,1.74407,1.23397,0,1.32472,2.1168,9.05263e+06,3.61194e+06,1.57884e+07,0,0,0,0
82.9729,85.139,1.76849,0.03,0,2.11358,2.59389,0,0.390362,4.47552,4.35599e+06,2.70226e+06,9.20675e+06,0,0,0,0,80.5023,79.791,2.84498,0,0,1.71464,1.23434,0,1.34747,2.1168,9.05263e+06,3.61194e+06,1.5522e+07,0,0,0,0
82.273,85.139,1.63932,0.03,0,2.11471,2.59465,0,0.396086,4.47552,4.35599e+06,2.70226e+06,9.21163e+06,0,0,0,0,80.2726,79.791,2.53021,0,0,1.71464,1.2347,0,1.32473,2.1168,9.05263e+06,3.61194e+06,1.5522e+07,0,0,0,0
81.6139,85.139,1.66733,0.03,0,2.11583,2.59541,0,0.396296,4.47552,4.35599e+06,2.70226e+06,9.21651e+06,0,0,0,0,80.1099,79.791,2.87042,0,0,1.71464,1.23506,0,1.32473,2.1168,9.05263e+06,3.61194e+06,1.5522e+07,0,0,0,0
80.842,85.139,1.67704,0.03,0,2.29033,2.76956,0,0.396506,4.47552,4.35599e+06,2.70226e+06,9.97667e+06,0,0,0,0,79.9032,79.791,3.0217,0,0,1.82101,1.34178,0,1.32473,2.1168,9.05263e+06,3.61194e+06,1.64849e+07,0,0,0,0
79.6131,85.139,1.2703,0.03,0,2.39787,2.77037,0,0.429209,4.47552,4.35599e+06,2.70226e+06,1.04451e+07,0,0,0,0,79.6493,79.791,2.67241,0,0,1.71467,1.34218,0,1.40691,2.1168,9.05263e+06,3.61194e+06,1.55223e+07,0,0,0,0
78.4137,85.139,1.28704,0.03,0,2.39907,2.77118,0,0.449361,4.47552,4.35599e+06,2.70226e+06,1.04503e+07,0,0,0,0,79.3704,79.791,2.57221,0,0,1.71467,1.34257,0,1.32476,2.1168,9.05263e+06,3.61194e+06,1.55223e+07,0,0,0,0
77.8005,85.139,1.89938,0.04,0,2.40028,2.77199,0,0.449586,4.47552,4.35599e+06,2.70226e+06,1.04556e+07,0,0,0,0,79.2026,79.791,3.07028,0,0,1.71467,1.34296,0,1.32476,2.1168,9.05263e+06,3.61194e+06,1.55223e+07,0,0,0,0
77.9269,85.139,2.71388,0.04,0,2.40148,2.7728,0,0.449812,4.47552,4.35599e+06,2.70226e+06,1.04608e+07,0,0,0,0,79.2495,79.791,3.39565,0,0,1.71467,1.34336,0,1.32476,2.1168,9.05263e+06,3.61194e+06,1.55223e+07,0,0,0,0
77.6274,85.139,2.08508,0.04,0,2.31806,2.68898,0,0.450037,4.47552,4.35599e+06,2.70226e+06,1.00974e+07,0,0,0,0,79.1942,79.791,2.7577,0,0,1.65002,1.27909,0,1.32476,2.1168,9.05263e+06,3.61194e+06,1.4937e+07,0,0,0,0
76.8947,85.139,1.64405,0.04,0,2.25459,2.68977,0,0.434404,4.47552,4.35599e+06,2.70226e+06,9.82095e+06,0,0,0,0,78.8424,79.791,2.49672,0,0,1.71465,1.27947,0,1.27481,2.1168,9.05263e+06,3.61194e+06,1.55221e+07,0,0,0,0
75.6647,85.139,1.09064,0.04,0,2.25575,2.69056,0,0.422509,4.47552,4.35599e+06,2.70226e+06,9.82601e+06,0,0,0,0,78.489,79.791,1.64409,0,0,1.71465,1.27984,0,1.32474,2.1168,9.05263e+06,3.61194e+06,1.55221e+07,0,0,0,0
75.3468,85.139,2.06899,0.04,0,2.25691,2.69134,0,0.422727,4.47552,4.35599e+06,2.70226e+06,9.83107e+06,0,0,0,0,78.3129,79.791,2.46514,0,0,1.71465,1.28022,0,1.32474,2.1168,9.05263e+06,3.61194e+06,1.55221e+07,0,0,0,0
75.9136,85.139,2.98932,0.04,0,2.18853,2.62259,0,0.422945,4.47552,4.35599e+06,2.70226e+06,9.53319e+06,0,0,0,0,78.562,79.791,4.11315,0,0,1.65573,1.22167,0,1.32474,2.1168,9.05263e+06,3.61194e+06,1.49888e+07,0,0,0,0
76.0893,85.139,2.61996,0.04,0,2.13075,2.62335,0,0.41013,4.47552,4.35599e+06,2.70226e+06,9.28151e+06,0,0,0,0,78.5988,79.791,2.59102,0,0,1.71464,1.22203,0,1.27922,2.1168,9.05263e+06,3.61194e+06,1.5522e+07,0,0,0,0
77.5252,85.139,3.89809,0.03,0,2.13187,2.62412,0,0.399302,4.47552,4.35599e+06,2.70226e+06,9.28641e+06,0,0,0,0,79.3151,79.791,4.7379,0,0,1.71464,1.22239,0,1.32473,2.1168,9.05263e+06,3.61194e+06,1.5522e+07,0,0,0,0
77.5262,85.139,2.45166,0.03,0,2.133,2.62489,0,0.399513,4.47552,4.35599e+06,2.70226e+06,9.29131e+06,0,0,0,0,79.5533,79.791,3.68855,0,0,1.71464,1.22274,0,1.32473,2.1168,9.05263e+06,3.61194e+06,1.5522e+07,0,0,0,0
79.7038,85.139,4.69616,0.03,0,1.93638,2.42792,0,0.399724,4.47552,4.35599e+06,2.70226e+06,8.43485e+06,0,0,0,0,80.1764,79.791,4.3493,0,0,1.59178,1.10025,0,1.32473,2.1168,9.05263e+06,3.61194e+06,1.44098e+07,0,0,0,0
81.3516,85.139,4.02738,0.02,0,1.81459,2.42863,0,0.362878,4.47552,4.35599e+06,2.70226e+06,7.90434e+06,0,0,0,0,80.8192,79.791,4.94668,0,0,1.7146,1.10057,0,1.22981,2.1168,9.05263e+06,3.61194e+06,1.55217e+07,0,0,0,0
83.0022,85.139,4.08166,0.02,0,1.81562,2.42934,0,0.340054,4.47552,4.35599e+06,2.70226e+06,7.90884e+06,0,0,0,0,80.8192,79.791,4.69509,0,0,1.7146,1.10089,0,1.3247,2.1168,9.05263e+06,3.61194e+06,1.55217e+07,0,0,0,0
85.139,85.139,5.26995,0.02,0,1.81666,2.43005,0,0.340248,4.47552,4.35599e+06,2.70226e+06,7.91333e+06,0,0,0,0,80.8192,79.791,4.57934,0,0,1.7146,1.10121,0,1.3247,2.1168,9.05263e+06,3.61194e+06,1.55217e+07,0,0,0,0
85.139,85.139,7.70529,0.02,0,1.81769,2.43076,0,0.340441,4.47552,4.35599e+06,2.70226e+06,7.91783e+06,0,0,0,0,80.8192,79.791,8.03287,0,0,1.7146,1.10153,0,1.3247,2.1168,9.05263e+06,3.61194e+06,1.55217e+07,0,0,0,0
85.139,85.139,5.29946,0.02,0,1.89488,2.50763,0,0.340635,4.47552,4.35599e+06,2.70226e+06,8.25408e+06,0,0,0,0,80.8192,79.791,5.0703,0,0,1.75022,1.13748,0,1.3247,2.1168,9.05263e+06,3.61194e+06,1.58441e+07,0,0,0,0
85.139,85.139,5.60212,0.02,0,1.93154,2.50834,0,0.355101,4.47552,4.35599e+06,2.70226e+06,8.41375e+06,0,0,0,0,80.8192,79.791,5.04573,0,0,1.7146,1.1378,0,1.35222,2.1168,9.05263e+06,3.61194e+06,1.55217e+07,0,0,0,0
85.139,85.139,4.35824,0.01,0,1.93257,2.50905,0,0.36197,4.47552,4.35599e+06,2.70226e+06,8.41825e+06,0,0,0,0,80.8192,79.791,3.95117,0,0,1.7146,1.13812,0,1.3247,2.1168,9.05263e+06,3.61194e+06,1.55217e+07,0,0,0,0
85.139,85.139,3.93439,0.02,0,1.9336,2.50976,0,0.362163,4.47552,4.35599e+06,2.70226e+06,8.42275e+06,0,0,0,0,80.8192,79.791,3.68083,0,0,1.7146,1.13844,0,1.3247,2.1168,9.05263e+06,3.61194e+06,1.55217e+07,0,0,0,0
85.139,85.139,4.96138,0.02,0,2.1795,2.75534,0,0.362357,4.47552,4.35599e+06,2.70226e+06,9.49388e+06,0,0,0,0,80.8192,79.791,4.5748,0,0,1.8485,1.27266,0,1.3247,2.1168,9.05263e+06,3.61194e+06,1.67338e+07,0,0,0,0
85.139,85.139,6.3725,0.02,0,2.3145,2.75612,0,0.408439,4.47552,4.35599e+06,2.70226e+06,1.00819e+07,0,0,0,0,80.8192,79.791,5.16391,0,0,1.71464,1.27302,0,1.42815,2.1168,9.05263e+06,3.61194e+06,1.5522e+07,0,0,0,0
85.139,85.139,7.01204,0.04,0,2.31564,2.7569,0,0.433737,4.47552,4.35599e+06,2.70226e+06,1.00869e+07,0,0,0,0,80.8192,79.791,5.19452,0,0,1.71464,1.27338,0,1.32473,2.1168,9.05263e+06,3.61194e+06,1.5522e+07,0,0,0,0
85.139,85.139,6.50149,0.04,0,2.31678,2.75768,0,0.433951,4.47552,4.35599e+06,2.70226e+06,1.00919e+07,0,0,0,0,80.8192,79.791,4.5675,0,0,1.71464,1.27374,0,1.32473,2.1168,9.05263e+06,3.61194e+06,1.5522e+07,0,0,0,0
85.139,85.139,6.64429,0.05,0,1.96827,2.40881,0,0.434165,4.47552,4.35599e+06,2.70226e+06,8.57377e+06,0,0,0,0,80.8192,79.791,7.84299,0,0,1.53475,1.09421,0,1.32473,2.1168,9.05263e+06,3.61194e+06,1.38935e+07,0,0,0,0
85.139,85.139,7.19982,0.05,0,1.78942,2.40949,0,0.368854,4.47552,4.35599e+06,2.70226e+06,7.79471e+06,0,0,0,0,80.8192,79.791,11.1551,0,0,1.71459,1.09452,0,1.18575,2.1168,9.05263e+06,3.61194e+06,1.55216e+07,0,0,0,0
85.139,85.139,6.77785,0.05,0,1.79042,2.41017,0,0.335338,4.47552,4.35599e+06,2.70226e+06,7.79903e+06,0,0,0,0,80.8192,79.791,11.4186,0,0,1.71459,1.09483,0,1.32469,2.1168,9.05263e+06,3.61194e+06,1.55216e+07,0,0,0,0
85.139,85.139,9.88577,0.05,0,1.79141,2.41086,0,0.335524,4.47552,4.35599e+06,2.70226e+06,7.80336e+06,0,0,0,0,80.8192,79.791,13.1525,0,0,1.71459,1.09514,0,1.32469,2.1168,9.05263e+06,3.61194e+06,1.55216e+07,0,0,0,0
85.139,85.139,9.66935,0.05,0,1.7924,2.41154,0,0.33571,4.47552,4.35599e+06,2.70226e+06,7.80768e+06,0,0,0,0,80.8192,79.791,12.8566,0,0,1.71459,1.09545,0,1.32469,2.1168,9.05263e+06,3.61194e+06,1.55216e+07,0,0,0,0
85.139,85.139,10.4454,0.05,0,1.88153,2.50036,0,0.335896,4.47552,4.35599e+06,2.70226e+06,8.19594e+06,0,0,0,0,80.8192,79.791,15.6821,0,0,1.75866,1.13983,0,1.32469,2.1168,9.05263e+06,3.61194e+06,1.59205e+07,0,0,0,0
85.139,85.139,10.8303,0.05,0,1.92662,2.50107,0,0.352599,4.47552,4.35599e+06,2.70226e+06,8.39235e+06,0,0,0,0,80.8192,79.791,12.9043,0,0,1.7146,1.14016,0,1.35874,2.1168,9.05263e+06,3.61194e+06,1.55217e+07,0,0,0,0
85.139,85.139,8.13521,0.05,0,1.92765,2.50178,0,0.361049,4.47552,4.35599e+06,2.70226e+06,8.39684e+06,0,0,0,0,80.8192,79.791,11.2096,0,0,1.7146,1.14048,0,1.3247,2.1168,9.05263e+06,3.61194e+06,1.55217e+07,0,0,0,0
85.139,85.139,7.44804,0.05,0,1.92869,2.50248,0,0.361242,4.47552,4.35599e+06,2.70226e+06,8.40133e+06,0,0,0,0,80.8192,79.791,10.3204,0,0,1.7146,1.1408,0,1.3247,2.1168,9.05263e+06,3.61194e+06,1.55217e+07,0,0,0,0
85.139,85.139,5.67774,0.05,0,1.89522,2.46869,0,0.361436,4.47552,4.35599e+06,2.70226e+06,8.25554e+06,0,0,0,0,80.8192,79.791,6.22439,0,0,1.69747,1.12399,0,1.3247,2.1168,9.05263e+06,3.61194e+06,1.53665e+07,0,0,0,0
85.139,85.139,4.82503,0.05,0,1.8791,2.46939,0,0.355164,4.47552,4.35599e+06,2.70226e+06,8.18535e+06,0,0,0,0,80.8192,79.791,4.34159,0,0,1.7146,1.12431,0,1.31146,2.1168,9.05263e+06,3.61194e+06,1.55216e+07,0,0,0,0
85.139,85.139,4.51044,0.05,0,1.88012,2.47009,0,0.352144,4.47552,4.35599e+06,2.70226e+06,8.18979e+06,0,0,0,0,80.8192,79.791,3.85997,0,0,1.7146,1.12463,0,1.3247,2.1168,9.05263e+06,3.61194e+06,1.55216e+07,0,0,0,0
85.139,85.139,4.10659,0.04,0,1.88114,2.47079,0,0.352335,4.47552,4.35599e+06,2.70226e+06,8.19422e+06,0,0,0,0,80.8192,79.791,3.62244,0,0,1.7146,1.12495,0,1.3247,2.1168,9.05263e+06,3.61194e+06,1.55216e+07,0,0,0,0
85.139,85.139,3.86279,0.04,0,1.9994,2.58873,0,0.352525,4.47552,4.35599e+06,2.70226e+06,8.70935e+06,0,0,0,0,80.8192,79.791,3.438,0,0,1.77544,1.1861,0,1.3247,2.1168,9.05263e+06,3.61194e+06,1.60724e+07,0,0,0,0
85.139,85.139,3.38218,0.04,0,2.06129,2.58946,0,0.374687,4.47552,4.35599e+06,2.70226e+06,8.97894e+06,0,0,0,0,80.8192,79.791,2.86964,0,0,1.71462,1.18644,0,1.3717,2.1168,9.05263e+06,3.61194e+06,1.55218e+07,0,0,0,0
85.139,85.139,3.06912,0.03,0,2.06236,2.5902,0,0.386285,4.47552,4.35599e+06,2.70226e+06,8.9836e+06,0,0,0,0,80.8192,79.791,2.54827,0,0,1.71462,1.18677,0,1.32471,2.1168,9.05263e+06,3.61194e+06,1.55218e+07,0,0,0,0
85.139,85.139,2.8817,0.02,0,2.06342,2.59093,0,0.386485,4.47552,4.35599e+06,2.70226e+06,8.98826e+06,0,0,0,0,80.8125,79.791,2.37563,0,0,1.71462,1.18711,0,1.32471,2.1168,9.05263e+06,3.61194e+06,1.55218e+07,0,0,0,0
85.139,85.139,2.68518,0.02,0,2.06449,2.59166,0,0.386686,4.47552,4.35599e+06,2.70226e+06,8.99292e+06,0,0,0,0,80.7456,79.791,2.22466,0,0,1.71462,1.18745,0,1.32471,2.1168,9.05263e+06,3.61194e+06,1.55218e+07,0,0,0,0
84.8692,85.139,2.07536,0.02,0,2.04235,2.56918,0,0.386886,4.47552,4.35599e+06,2.70226e+06,8.89644e+06,0,0,0,0,80.5523,79.791,2.27039,0,0,1.7481,1.22127,0,1.32471,2.1168,9.05263e+06,3.61194e+06,1.58249e+07,0,0,0,0
84.4485,85.139,1.95229,0.03,0,2.07689,2.56991,0,0.382736,4.47552,4.35599e+06,2.70226e+06,9.04693e+06,0,0,0,0,80.3553,79.791,2.15076,0,0,1.71463,1.22161,0,1.35058,2.1168,9.05263e+06,3.61194e+06,1.55219e+07,0,0,0,0
83.8648,85.139,1.78565,0.03,0,2.07797,2.57063,0,0.38921,4.47552,4.35599e+06,2.70226e+06,9.0516e+06,0,0,0,0,80.1209,79.791,2.11238,0,0,1.71463,1.22196,0,1.32472,2.1168,9.05263e+06,3.61194e+06,1.55219e+07,0,0,0,0
83.131,85.139,1.6184,0.03,0,2.07904,2.57136,0,0.389411,4.47552,4.35599e+06,2.70226e+06,9.05628e+06,0,0,0,0,79.7876,79.791,1.91256,0,0,1.71463,1.2223,0,1.32472,2.1168,9.05263e+06,3.61194e+06,1.55219e+07,0,0,0,0
82.1762,85.139,1.39953,0.03,0,2.14014,2.63212,0,0.389612,4.47552,4.35599e+06,2.70226e+06,9.32244e+06,0,0,0,0,79.4318,79.791,1.78934,0,0,1.7445,1.25253,0,1.32472,2.1168,9.05263e+06,3.61194e+06,1.57923e+07,0,0,0,0
81.3027,85.139,1.53277,0.03,0,2.17111,2.63286,0,0.401063,4.47552,4.35599e+06,2.70226e+06,9.45733e+06,0,0,0,0,79.2346,79.791,2.16755,0,0,1.71463,1.25288,0,1.3478,2.1168,9.05263e+06,3.61194e+06,1.5522e+07,0,0,0,0
80.307,85.139,1.38104,0.03,0,2.17221,2.63361,0,0.406866,4.47552,4.35599e+06,2.70226e+06,9.46212e+06,0,0,0,0,78.8869,79.791,2.07722,0,0,1.71463,1.25324,0,1.32473,2.1168,9.05263e+06,3.61194e+06,1.5522e+07,0,0,0,0
79.2,85.139,1.25851,0.03,0,2.17331,2.63435,0,0.407072,4.47552,4.35599e+06,2.70226e+06,9.46691e+06,0,0,0,0,78.5515,79.791,1.80467,0,0,1.71463,1.25359,0,1.32473,2.1168,9.05263e+06,3.61194e+06,1.5522e+07,0,0,0,0
78.005,85.139,1.3072,0.04,0,2.3504,2.81109,0,0.407278,4.47552,4.35599e+06,2.70226e+06,1.02383e+07,0,0,0,0,78.0847,79.791,2.1727,0,0,1.82259,1.3619,0,1.32473,2.1168,9.05263e+06,3.61194e+06,1.64993e+07,0,0,0,0
76.3987,85.139,0.971474,0.04,0,2.45951,2.81188,0,0.440464,4.47552,4.35599e+06,2.70226e+06,1.07136e+07,0,0,0,0,77.7188,79.791,1.66257,0,0,1.71467,1.36229,0,1.40814,2.1168,9.05263e+06,3.61194e+06,1.55222e+07,0,0,0,0
74.8889,85.139,1.07948,0.04,0,2.46069,2.81268,0,0.460912,4.47552,4.35599e+06,2.70226e+06,1.07187e+07,0,0,0,0,77.1852,79.791,2.05022,0,0,1.71467,1.36268,0,1.32475,2.1168,9.05263e+06,3.61194e+06,1.55222e+07,0,0,0,0
73.1932,85.139,0.883043,0.04,0,2.46187,2.81347,0,0.461133,4.47552,4.35599e+06,2.70226e+06,1.07239e+07,0,0,0,0,76.8083,79.791,1.44852,0,0,1.71467,1.36306,0,1.32475,2.1168,9.05263e+06,3.61194e+06,1.55222e+07,0,0,0,0
71.7023,85.139,1.07018,0.05,0,2.46305,2.81427,0,0.461354,4.47552,4.35599e+06,2.70226e+06,1.0729e+07,0,0,0,0,76.5781,79.791,2.64444,0,0,1.71467,1.36345,0,1.32475,2.1168,9.05263e+06,3.61194e+06,1.55222e+07,0,0,0,0
70.4901,85.139,1.38049,0.06,0,2.37834,2.72918,0,0.461576,4.47552,4.35599e+06,2.70226e+06,1.036e+07,0,0,0,0,76.3671,79.791,1.79583,0,0,1.64905,1.29821,0,1.32475,2.1168,9.05263e+06,3.61194e+06,1.49282e+07,0,0,0,0
69.3824,85.139,1.42739,0.05,0,2.31388,2.72995,0,0.445702,4.47552,4.35599e+06,2.70226e+06,1.00792e+07,0,0,0,0,76.384,79.791,2.83268,0,0,1.71465,1.29858,0,1.27405,2.1168,9.05263e+06,3.61194e+06,1.55221e+07,0,0,0,0
68.1181,85.139,1.26455,0.05,0,2.31502,2.73072,0,0.433621,4.47552,4.35599e+06,2.70226e+06,1.00842e+07,0,0,0,0,75.9073,79.791,1.9723,0,0,1.71465,1.29895,0,1.32474,2.1168,9.05263e+06,3.61194e+06,1.55221e+07,0,0,0,0
66.646,85.139,1.03927,0.05,0,2.31616,2.73149,0,0.433835,4.47552,4.35599e+06,2.70226e+06,1.00892e+07,0,0,0,0,75.3192,79.791,1.57429,0,0,1.71465,1.29932,0,1.32474,2.1168,9.05263e+06,3.61194e+06,1.55221e+07,0,0,0,0
65.3462,85.139,1.13397,0.09,0,2.24672,2.66169,0,0.434049,4.47552,4.35599e+06,2.70226e+06,9.78669e+06,0,0,0,0,74.6634,79.791,1.51949,0,0,1.65485,1.23988,0,1.32474,2.1168,9.05263e+06,3.61194e+06,1.49807e+07,0,0,0,0
64.2763,85.139,1.38189,0.1,0,2.18804,2.66244,0,0.421035,4.47552,4.35599e+06,2.70226e+06,9.53109e+06,0,0,0,0,73.8331,79.791,1.27159,0,0,1.71463,1.24024,0,1.27854,2.1168,9.05263e+06,3.61194e+06,1.55219e+07,0,0,0,0
62.946,85.139,1.10912,0.1,0,2.18915,2.66319,0,0.410039,4.47552,4.35599e+06,2.70226e+06,9.5359e+06,0,0,0,0,73.5636,79.791,1.07883,0,0,1.71463,1.24059,0,1.32472,2.1168,9.05263e+06,3.61194e+06,1.55219e+07,0,0,0,0
62.5315,85.139,2.08086,0.1,0,2.19025,2.66395,0,0.410246,4.47552,4.35599e+06,2.70226e+06,9.54071e+06,0,0,0,0,73.6355,79.791,3.14215,0,0,1.71463,1.24094,0,1.32472,2.1168,9.05263e+06,3.61194e+06,1.55219e+07,0,0,0,0
63.7258,85.139,3.63871,0.11,0,1.99067,2.46402,0,0.410453,4.47552,4.35599e+06,2.70226e+06,8.67136e+06,0,0,0,0,74.3754,79.791,3.77376,0,0,1.58995,1.11661,0,1.32472,2.1168,9.05263e+06,3.61194e+06,1.43932e+07,0,0,0,0
63.0645,85.139,1.55572,0.11,0,1.86704,2.46471,0,0.373052,4.47552,4.35599e+06,2.70226e+06,8.1328e+06,0,0,0,0,74.1407,79.791,2.30707,0,0,1.7146,1.11692,0,1.22839,2.1168,9.05263e+06,3.61194e+06,1.55216e+07,0,0,0,0
63.3653,85.139,2.60315,0.11,0,1.86805,2.46541,0,0.349883,4.47552,4.35599e+06,2.70226e+06,8.13722e+06,0,0,0,0,74.1772,79.791,3.46285,0,0,1.7146,1.11724,0,1.3247,2.1168,9.05263e+06,3.61194e+06,1.55216e+07,0,0,0,0
63.4994,85.139,2.41714,0.12,0,1.86907,2.46611,0,0.350073,4.47552,4.35599e+06,2.70226e+06,8.14163e+06,0,0,0,0,74.0382,79.791,2.58984,0,0,1.7146,1.11755,0,1.3247,2.1168,9.05263e+06,3.61194e+06,1.55216e+07,0,0,0,0
64.5897,85.139,3.43756,0.12,0,1.87008,2.46681,0,0.350263,4.47552,4.35599e+06,2.70226e+06,8.14605e+06,0,0,0,0,74.3126,79.791,4.67868,0,0,1.7146,1.11787,0,1.3247,2.1168,9.05263e+06,3.61194e+06,1.55216e+07,0,0,0,0
66.7899,85.139,4.64784,0.12,0,1.94838,2.54479,0,0.350453,4.47552,4.35599e+06,2.70226e+06,8.48712e+06,0,0,0,0,74.3527,79.791,3.16138,0,1,1.75075,1.15434,0,1.3247,2.1168,9.05263e+06,3.61194e+06,1.58489e+07,0,0,0,0
68.185,85.139,3.90464,0.11,0,1.98554,2.54549,0,0.365126,4.47552,4.35599e+06,2.70226e+06,8.649e+06,0,0,0,0,74.5382,79.791,2.2866,0,1,1.7146,1.15465,0,1.35263,2.1168,9.05263e+06,3.61194e+06,1.55216e+07,0,0,0,0
73.139,85.139,7.52082,0.07,0,1.98655,2.54618,0,0.372091,4.47552,4.35599e+06,2.70226e+06,8.65341e+06,0,0,0,0,75.2886,79.791,5.60739,0,1,1.7146,1.15497,0,1.3247,2.1168,9.05263e+06,3.61194e+06,1.55216e+07,0,0,0,0
76.5799,85.139,6.06311,0.09,0,1.98757,2.54688,0,0.37228,4.47552,4.35599e+06,2.70226e+06,8.65782e+06,0,0,0,0,75.6769,79.791,4.70659,0,1,1.7146,1.15528,0,1.3247,2.1168,9.05263e+06,3.61194e+06,1.55216e+07,0,0,0,0
81.4725,85.139,7.96621,0.06,0,2.23706,2.79606,0,0.37247,4.47552,4.35599e+06,2.70226e+06,9.74462e+06,0,0,0,0,76.2312,79.791,5.35467,0,1,1.85047,1.29147,0,1.3247,2.1168,9.05263e+06,3.61194e+06,1.67516e+07,0,0,0,0
85.139,85.139,9.75086,0.05,0,2.37402,2.79683,0,0.419226,4.47552,4.35599e+06,2.70226e+06,1.03412e+07,0,0,0,0,77.1939,79.791,7.19273,0,1,1.71463,1.29183,0,1.42967,2.1168,9.05263e+06,3.61194e+06,1.55219e+07,0,0,0,0
85.139,85.139,7.11301,0.04,0,2.37514,2.79759,0,0.444891,4.47552,4.35599e+06,2.70226e+06,1.03461e+07,0,0,0,0,77.5801,79.791,3.8549,0,1,1.71463,1.29218,0,1.32473,2.1168,9.05263e+06,3.61194e+06,1.55219e+07,0,0,0,0
85.139,85.139,5.91667,0.04,0,2.37625,2.79836,0,0.4451,4.47552,4.35599e+06,2.70226e+06,1.03509e+07,0,0,0,0,77.8268,79.791,3.17963,0,1,1.71463,1.29253,0,1.32473,2.1168,9.05263e+06,3.61194e+06,1.55219e+07,0,0,0,0
85.139,85.139,6.31175,0.04,0,2.02257,2.44431,0,0.44531,4.47552,4.35599e+06,2.70226e+06,8.81028e+06,0,0,0,0,78.3608,79.791,4.07028,0,1,1.53209,1.11034,0,1.32473,2.1168,9.05263e+06,3.61194e+06,1.38694e+07,0,0,0,0
85.139,85.139,5.02277,0.04,0,1.84104,2.44498,0,0.379029,4.47552,4.35599e+06,2.70226e+06,8.01957e+06,0,0,0,0,78.6729,79.791,3.63393,0,1,1.71458,1.11065,0,1.18369,2.1168,9.05263e+06,3.61194e+06,1.55215e+07,0,0,0,0
85.139,85.139,7.42181,0.04,0,1.84202,2.44565,0,0.345012,4.47552,4.35599e+06,2.70226e+06,8.02381e+06,0,0,0,0,79.1759,79.791,4.54932,0,1,1.71458,1.11095,0,1.32469,2.1168,9.05263e+06,3.61194e+06,1.55215e+07,0,0,0,0
85.139,85.139,7.18385,0.04,0,1.84299,2.44632,0,0.345194,4.47552,4.35599e+06,2.70226e+06,8.02804e+06,0,0,0,0,80.2453,79.791,6.60124,0,1,1.71458,1.11125,0,1.32469,2.1168,9.05263e+06,3.61194e+06,1.55215e+07,0,0,0,0
85.139,85.139,8.53259,0.04,0,1.84396,2.44699,0,0.345376,4.47552,4.35599e+06,2.70226e+06,8.03228e+06,0,0,0,0,80.8192,79.791,5.59477,0,1,1.71458,1.11156,0,1.32469,2.1168,9.05263e+06,3.61194e+06,1.55215e+07,0,0,0,0
85.139,85.139,6.50592,0.04,0,1.93437,2.53709,0,0.345558,4.47552,4.35599e+06,2.70226e+06,8.42608e+06,0,0,0,0,80.8192,79.791,6.47877,0,1,1.7593,1.15658,0,1.32469,2.1168,9.05263e+06,3.61194e+06,1.59263e+07,0,0,0,0
85.139,85.139,5.67745,0.05,0,1.98008,2.53778,0,0.3625,4.47552,4.35599e+06,2.70226e+06,8.62522e+06,0,0,0,0,80.8192,79.791,5.58051,0,1,1.7146,1.15689,0,1.35924,2.1168,9.05263e+06,3.61194e+06,1.55216e+07,0,0,0,0
85.139,85.139,5.04204,0.05,0,1.98109,2.53848,0,0.371067,4.47552,4.35599e+06,2.70226e+06,8.62962e+06,0,0,0,0,80.8192,79.791,4.50175,0,1,1.7146,1.15721,0,1.3247,2.1168,9.05263e+06,3.61194e+06,1.55216e+07,0,0,0,0
85.139,85.139,4.71375,0.05,0,1.9821,2.53917,0,0.371257,4.47552,4.35599e+06,2.70226e+06,8.63402e+06,0,0,0,0,80.8192,79.791,3.93062,0,1,1.7146,1.15753,0,1.3247,2.1168,9.05263e+06,3.61194e+06,1.55216e+07,0,0,0,0
85.139,85.139,4.33288,0.05,0,1.94811,2.50486,0,0.371446,4.47552,4.35599e+06,2.70226e+06,8.48594e+06,0,0,0,0,80.8192,79.791,3.85382,0,1,1.69721,1.14046,0,1.3247,2.1168,9.05263e+06,3.61194e+06,1.53642e+07,0,0,0,0
85.139,85.139,3.40063,0.05,0,1.93172,2.50554,0,0.365075,4.47552,4.35599e+06,2.70226e+06,8.41456e+06,0,0,0,0,80.8192,79.791,3.51038,0,1,1.71459,1.14077,0,1.31126,2.1168,9.05263e+06,3.61194e+06,1.55216e+07,0,0,0,0
85.139,85.139,2.98971,0.05,0,1.93272,2.50623,0,0.362005,4.47552,4.35599e+06,2.70226e+06,8.4189e+06,0,0,0,0,80.7967,79.791,3.14563,0,1,1.71459,1.14108,0,1.32469,2.1168,9.05263e+06,3.61194e+06,1.55216e+07,0,0,0,0
85.139,85.139,3.24137,0.05,0,1.93372,2.50691,0,0.362191,4.47552,4.35599e+06,2.70226e+06,8.42324e+06,0,0,0,0,80.7457,79.791,2.72023,0,1,1.71459,1.14139,0,1.32469,2.1168,9.05263e+06,3.61194e+06,1.55216e+07,0,0,0,0
85.139,85.139,3.06646,0.04,0,2.05367,2.62655,0,0.362378,4.47552,4.35599e+06,2.70226e+06,8.94575e+06,0,0,0,0,80.6385,79.791,3.01882,0,1,1.77632,1.20343,0,1.32469,2.1168,9.05263e+06,3.61194e+06,1.60804e+07,0,0,0,0
85.139,85.139,3.03364,0.04,0,2.11642,2.62727,0,0.384857,4.47552,4.35599e+06,2.70226e+06,9.21911e+06,0,0,0,0,80.5957,79.791,2.87452,0,1,1.71461,1.20376,0,1.37238,2.1168,9.05263e+06,3.61194e+06,1.55217e+07,0,0,0,0
85.139,85.139,2.64299,0.04,0,2.11747,2.62799,0,0.396617,4.47552,4.35599e+06,2.70226e+06,9.22367e+06,0,0,0,0,80.5026,79.791,2.82511,0,1,1.71461,1.20409,0,1.32471,2.1168,9.05263e+06,3.61194e+06,1.55217e+07,0,0,0,0
84.982,85.139,2.3818,0.02,0,2.11852,2.62871,0,0.396814,4.47552,4.35599e+06,2.70226e+06,9.22823e+06,0,0,0,0,80.3052,79.791,2.43195,0,1,1.71461,1.20442,0,1.32471,2.1168,9.05263e+06,3.61194e+06,1.55217e+07,0,0,0,0
84.6942,85.139,2.21856,0.05,0,2.11956,2.62943,0,0.39701,4.47552,4.35599e+06,2.70226e+06,9.2328e+06,0,0,0,0,80.0729,79.791,2.42102,0,1,1.71461,1.20475,0,1.32471,2.1168,9.05263e+06,3.61194e+06,1.55217e+07,0,0,0,0
84.4863,85.139,2.20364,0.04,0,2.09705,2.60659,0,0.397206,4.47552,4.35599e+06,2.70226e+06,9.13475e+06,0,0,0,0,79.91,79.791,2.28839,0,1,1.74858,1.23905,0,1.32471,2.1168,9.05263e+06,3.61194e+06,1.58293e+07,0,0,0,0
84.1116,85.139,2.05385,0.03,0,2.13207,2.6073,0,0.392988,4.47552,4.35599e+06,2.70226e+06,9.28727e+06,0,0,0,0,79.7835,79.791,2.2895,0,1,1.71462,1.23939,0,1.35095,2.1168,9.05263e+06,3.61194e+06,1.55218e+07,0,0,0,0
83.5595,85.139,1.87197,0.03,0,2.13312,2.60801,0,0.39955,4.47552,4.35599e+06,2.70226e+06,9.29185e+06,0,0,0,0,79.6219,79.791,2.09828,0,1,1.71462,1.23973,0,1.32471,2.1168,9.05263e+06,3.61194e+06,1.55218e+07,0,0,0,0
82.8704,85.139,1.71018,0.03,0,2.13417,2.60873,0,0.399747,4.47552,4.35599e+06,2.70226e+06,9.29643e+06,0,0,0,0,79.2833,79.791,2.00959,0,1,1.71462,1.24006,0,1.32471,2.1168,9.05263e+06,3.61194e+06,1.55218e+07,0,0,0,0
82.0076,85.139,1.54737,0.03,0,2.19612,2.67034,0,0.399944,4.47552,4.35599e+06,2.70226e+06,9.56628e+06,0,0,0,0,78.8761,79.791,1.78338,0,1,1.74493,1.27071,0,1.32471,2.1168,9.05263e+06,3.61194e+06,1.57962e+07,0,0,0,0
81.1546,85.139,1.59801,0.03,0,2.2275,2.67107,0,0.411553,4.47552,4.35599e+06,2.70226e+06,9.70297e+06,0,0,0,0,78.6194,79.791,1.91951,0,1,1.71463,1.27106,0,1.34813,2.1168,9.05263e+06,3.61194e+06,1.55219e+07,0,0,0,0
80.1862,85.139,1.46091,0.03,0,2.22858,2.6718,0,0.417434,4.47552,4.35599e+06,2.70226e+06,9.70766e+06,0,0,0,0,78.1138,79.791,1.90229,0,1,1.71463,1.27141,0,1.32472,2.1168,9.05263e+06,3.61194e+06,1.55219e+07,0,0,0,0
79.1059,85.139,1.34062,0.03,0,2.22965,2.67253,0,0.417635,4.47552,4.35599e+06,2.70226e+06,9.71235e+06,0,0,0,0,77.7561,79.791,1.66372,0,1,1.71463,1.27176,0,1.32472,2.1168,9.05263e+06,3.61194e+06,1.55219e+07,0,0,0,0
77.9615,85.139,1.4104,0.04,0,2.40927,2.85179,0,0.417837,4.47552,4.35599e+06,2.70226e+06,1.04947e+07,0,0,0,0,77.0208,79.791,1.98597,0,1,1.82415,1.38163,0,1.32472,2.1168,9.05263e+06,3.61194e+06,1.65134e+07,0,0,0,0
76.4668,85.139,1.14115,0.04,0,2.51992,2.85257,0,0.451497,4.47552,4.35599e+06,2.70226e+06,1.09767e+07,0,0,0,0,76.6281,79.791,1.47367,0,1,1.71466,1.382,0,1.40934,2.1168,9.05263e+06,3.61194e+06,1.55222e+07,0,0,0,0
75.1112,85.139,1.28542,0.04,0,2.52107,2.85335,0,0.472232,4.47552,4.35599e+06,2.70226e+06,1.09818e+07,0,0,0,0,75.9423,79.791,1.82,0,1,1.71466,1.38238,0,1.32474,2.1168,9.05263e+06,3.61194e+06,1.55222e+07,0,0,0,0
73.5112,85.139,1.03591,0.04,0,2.52223,2.85413,0,0.472449,4.47552,4.35599e+06,2.70226e+06,1.09868e+07,0,0,0,0,75.5855,79.791,1.31901,0,1,1.71466,1.38276,0,1.32474,2.1168,9.05263e+06,3.61194e+06,1.55222e+07,0,0,0,0
72.1473,85.139,1.25235,0.07,0,2.52339,2.85491,0,0.472666,4.47552,4.35599e+06,2.70226e+06,1.09919e+07,0,0,0,0,75.3843,79.791,2.28204,0,1,1.71466,1.38314,0,1.32474,2.1168,9.05263e+06,3.61194e+06,1.55222e+07,0,0,0,0
70.9876,85.139,1.41414,0.07,0,2.43742,2.76856,0,0.472883,4.47552,4.35599e+06,2.70226e+06,1.06174e+07,0,0,0,0,74.9228,79.791,1.85363,0,1,1.64809,1.31695,0,1.32474,2.1168,9.05263e+06,3.61194e+06,1.49196e+07,0,0,0,0
69.6907,85.139,1.20997,0.08,0,2.37198,2.76932,0,0.456772,4.47552,4.35599e+06,2.70226e+06,1.03323e+07,0,0,0,0,74.339,79.791,1.51208,0,1,1.71464,1.31731,0,1.27331,2.1168,9.05263e+06,3.61194e+06,1.5522e+07,0,0,0,0
68.4313,85.139,1.24413,0.08,0,2.3731,2.77007,0,0.444509,4.47552,4.35599e+06,2.70226e+06,1.03372e+07,0,0,0,0,73.9743,79.791,1.48667,0,1,1.71464,1.31767,0,1.32473,2.1168,9.05263e+06,3.61194e+06,1.5522e+07,0,0,0,0
67.3874,85.139,1.45112,0.08,0,2.37421,2.77083,0,0.444719,4.47552,4.35599e+06,2.70226e+06,1.03421e+07,0,0,0,0,73.7252,79.791,1.8888,0,1,1.71464,1.31803,0,1.32473,2.1168,9.05263e+06,3.61194e+06,1.5522e+07,0,0,0,0
67.1437,85.139,2.30115,0.11,0,2.30373,2.69999,0,0.444928,4.47552,4.35599e+06,2.70226e+06,1.0035e+07,0,0,0,0,73.6694,79.791,2.22585,0,1,1.65398,1.25773,0,1.32473,2.1168,9.05263e+06,3.61194e+06,1.49729e+07,0,0,0,0
66.301,85.139,1.68297,0.11,0,2.24417,2.70073,0,0.43172,4.47552,4.35599e+06,2.70226e+06,9.7756e+06,0,0,0,0,73.3902,79.791,2.32207,0,1,1.71462,1.25807,0,1.27787,2.1168,9.05263e+06,3.61194e+06,1.55219e+07,0,0,0,0
65.7424,85.139,1.98013,0.13,0,2.24525,2.70146,0,0.420558,4.47552,4.35599e+06,2.70226e+06,9.78031e+06,0,0,0,0,73.3866,79.791,1.74977,0,1,1.71462,1.25841,0,1.32472,2.1168,9.05263e+06,3.61194e+06,1.55219e+07,0,0,0,0
68.7916,85.139,5.71015,0.13,0,2.24634,2.7022,0,0.420761,4.47552,4.35599e+06,2.70226e+06,9.78502e+06,0,0,0,0,74.7136,79.791,5.71557,0,1,1.71462,1.25876,0,1.32472,2.1168,9.05263e+06,3.61194e+06,1.55219e+07,0,0,0,0
70.8092,85.139,4.58139,0.08,0,2.04386,2.49938,0,0.420963,4.47552,4.35599e+06,2.70226e+06,8.90301e+06,0,0,0,0,75.6639,79.791,4.9189,0,1,1.58815,1.13263,0,1.32472,2.1168,9.05263e+06,3.61194e+06,1.4377e+07,0,0,0,0
75.9373,85.139,7.6092,0.08,0,1.91841,2.50006,0,0.383018,4.47552,4.35599e+06,2.70226e+06,8.35657e+06,0,0,0,0,80.7466,79.791,12.2425,0,1,1.71459,1.13294,0,1.22701,2.1168,9.05263e+06,3.61194e+06,1.55215e+07,0,0,0,0
82.6409,85.139,9.42434,0.03,0,1.9194,2.50074,0,0.35951,4.47552,4.35599e+06,2.70226e+06,8.36089e+06,0,0,0,0,80.8192,79.791,15.9535,0,1,1.71459,1.13325,0,1.32469,2.1168,9.05263e+06,3.61194e+06,1.55215e+07,0,0,0,0
85.139,85.139,7.58777,0.02,0,1.92039,2.50143,0,0.359696,4.47552,4.35599e+06,2.70226e+06,8.36521e+06,0,0,0,0,80.8192,79.791,7.22203,0,1,1.71459,1.13356,0,1.32469,2.1168,9.05263e+06,3.61194e+06,1.55216e+07,0,0,0,0
85.139,85.139,8.71358,0.02,0,1.92139,2.50211,0,0.359882,4.47552,4.35599e+06,2.70226e+06,8.36954e+06,0,0,0,0,80.8192,79.791,6.34969,0,1,1.71459,1.13387,0,1.32469,2.1168,9.05263e+06,3.61194e+06,1.55216e+07,0,0,0,0
85.139,85.139,5.23123,0.02,0,2.00077,2.58118,0,0.360068,4.47552,4.35599e+06,2.70226e+06,8.71533e+06,0,0,0,0,80.8192,79.791,5.25422,0,1,1.75126,1.17084,0,1.32469,2.1168,9.05263e+06,3.61194e+06,1.58535e+07,0,0,0,0
85.139,85.139,3.79233,0.02,0,2.03843,2.58186,0,0.374944,4.47552,4.35599e+06,2.70226e+06,8.87936e+06,0,0,0,0,80.8192,79.791,4.32359,0,1,1.71459,1.17115,0,1.35302,2.1168,9.05263e+06,3.61194e+06,1.55215e+07,0,0,0,0
85.139,85.139,2.79687,0.02,0,2.03942,2.58254,0,0.382001,4.47552,4.35599e+06,2.70226e+06,8.88367e+06,0,0,0,0,80.8192,79.791,4.05934,0,1,1.71459,1.17146,0,1.32469,2.1168,9.05263e+06,3.61194e+06,1.55215e+07,0,0,0,0
84.6,85.139,2.02532,0.03,0,2.0404,2.58322,0,0.382186,4.47552,4.35599e+06,2.70226e+06,8.88798e+06,0,0,0,0,80.8192,79.791,4.50583,0,1,1.71459,1.17177,0,1.32469,2.1168,9.05263e+06,3.61194e+06,1.55215e+07,0,0,0,0
84.1123,85.139,2.31947,0.05,0,2.29342,2.83593,0,0.382372,4.47552,4.35599e+06,2.70226e+06,9.99013e+06,0,0,0,0,80.8192,79.791,3.94101,0,1,1.8524,1.30989,0,1.32469,2.1168,9.05263e+06,3.61194e+06,1.67691e+07,0,0,0,0
85.139,85.139,5.21162,0.05,0,2.43229,2.83668,0,0.429787,4.47552,4.35599e+06,2.70226e+06,1.0595e+07,0,0,0,0,80.8192,79.791,4.73793,0,1,1.71463,1.31023,0,1.43116,2.1168,9.05263e+06,3.61194e+06,1.55219e+07,0,0,0,0
85.139,85.139,3.39195,0.04,0,2.43338,2.83743,0,0.455811,4.47552,4.35599e+06,2.70226e+06,1.05998e+07,0,0,0,0,80.8192,79.791,3.94524,0,1,1.71463,1.31058,0,1.32472,2.1168,9.05263e+06,3.61194e+06,1.55219e+07,0,0,0,0
85.139,85.139,3.77429,0.04,0,2.43448,2.83818,0,0.456016,4.47552,4.35599e+06,2.70226e+06,1.06046e+07,0,0,0,0,80.8192,79.791,4.12763,0,1,1.71463,1.31093,0,1.32472,2.1168,9.05263e+06,3.61194e+06,1.55219e+07,0,0,0,0
85.139,85.139,4.06328,0.04,0,2.07572,2.47907,0,0.456221,4.47552,4.35599e+06,2.70226e+06,9.04181e+06,0,0,0,0,80.8192,79.791,4.28787,0,1,1.52949,1.12613,0,1.32472,2.1168,9.05263e+06,3.61194e+06,1.38459e+07,0,0,0,0
85.139,85.139,5.54152,0.04,0,1.89158,2.47973,0,0.38899,4.47552,4.35599e+06,2.70226e+06,8.23969e+06,0,0,0,0,80.8192,79.791,4.40442,0,1,1.71458,1.12643,0,1.18168,2.1168,9.05263e+06,3.61194e+06,1.55214e+07,0,0,0,0
85.139,85.139,3.98585,0.04,0,1.89253,2.48038,0,0.354482,4.47552,4.35599e+06,2.70226e+06,8.24383e+06,0,0,0,0,80.8192,79.791,4.89274,0,1,1.71458,1.12672,0,1.32468,2.1168,9.05263e+06,3.61194e+06,1.55214e+07,0,0,0,0
85.139,85.139,5.70549,0.04,0,1.89348,2.48103,0,0.35466,4.47552,4.35599e+06,2.70226e+06,8.24797e+06,0,0,0,0,80.8192,79.791,6.07918,0,1,1.71458,1.12702,0,1.32468,2.1168,9.05263e+06,3.61194e+06,1.55214e+07,0,0,0,0
85.139,85.139,4.66704,0.04,0,1.89443,2.48169,0,0.354838,4.47552,4.35599e+06,2.70226e+06,8.25211e+06,0,0,0,0,80.8192,79.791,5.45415,0,1,1.71458,1.12732,0,1.32468,2.1168,9.05263e+06,3.61194e+06,1.55214e+07,0,0,0,0
85.139,85.139,4.6479,0.04,0,1.98608,2.57304,0,0.355016,4.47552,4.35599e+06,2.70226e+06,8.65134e+06,0,0,0,0,80.8192,79.791,3.42365,0,1,1.75993,1.17297,0,1.32468,2.1168,9.05263e+06,3.61194e+06,1.5932e+07,0,0,0,0
85.139,85.139,5.23867,0.05,0,2.03241,2.57372,0,0.372191,4.47552,4.35599e+06,2.70226e+06,8.85314e+06,0,0,0,0,80.8192,79.791,4.61473,0,1,1.71459,1.17328,0,1.35972,2.1168,9.05263e+06,3.61194e+06,1.55215e+07,0,0,0,0
85.139,85.139,4.94659,0.05,0,2.03339,2.5744,0,0.380873,4.47552,4.35599e+06,2.70226e+06,8.85744e+06,0,0,0,0,80.8192,79.791,5.038,0,1,1.71459,1.17359,0,1.32469,2.1168,9.05263e+06,3.61194e+06,1.55215e+07,0,0,0,0
85.139,85.139,3.6969,0.06,0,2.03438,2.57507,0,0.381058,4.47552,4.35599e+06,2.70226e+06,8.86174e+06,0,0,0,0,80.8192,79.791,4.75648,0,1,1.71459,1.17389,0,1.32469,2.1168,9.05263e+06,3.61194e+06,1.55215e+07,0,0,0,0
85.139,85.139,3.54028,0.06,0,1.99987,2.54025,0,0.381243,4.47552,4.35599e+06,2.70226e+06,8.7114e+06,0,0,0,0,80.8192,79.791,4.73102,0,1,1.69696,1.15657,0,1.32469,2.1168,9.05263e+06,3.61194e+06,1.53619e+07,0,0,0,0
85.139,85.139,3.66103,0.06,0,1.98321,2.54092,0,0.374775,4.47552,4.35599e+06,2.70226e+06,8.63886e+06,0,0,0,0,80.8192,79.791,4.4955,0,1,1.71458,1.15688,0,1.31107,2.1168,9.05263e+06,3.61194e+06,1.55215e+07,0,0,0,0
85.139,85.139,2.98247,0.05,0,1.98419,2.54159,0,0.371654,4.47552,4.35599e+06,2.70226e+06,8.6431e+06,0,0,0,0,80.8192,79.791,4.06015,0,1,1.71458,1.15718,0,1.32469,2.1168,9.05263e+06,3.61194e+06,1.55215e+07,0,0,0,0
85.139,85.139,2.67405,0.05,0,1.98516,2.54226,0,0.371837,4.47552,4.35599e+06,2.70226e+06,8.64734e+06,0,0,0,0,80.8192,79.791,3.17213,0,1,1.71458,1.15749,0,1.32469,2.1168,9.05263e+06,3.61194e+06,1.55215e+07,0,0,0,0
85.139,85.139,3.23708,0.05,0,2.10676,2.66356,0,0.372019,4.47552,4.35599e+06,2.70226e+06,9.17705e+06,0,0,0,0,80.8192,79.791,3.28822,0,1,1.77718,1.22039,0,1.32469,2.1168,9.05263e+06,3.61194e+06,1.60882e+07,0,0,0,0
85.0443,85.139,2.48395,0.04,0,2.17037,2.66426,0,0.394808,4.47552,4.35599e+06,2.70226e+06,9.4541e+06,0,0,0,0,80.8192,79.791,2.87992,0,1,1.7146,1.22071,0,1.37305,2.1168,9.05263e+06,3.61194e+06,1.55217e+07,0,0,0,0
84.7525,85.139,2.22456,0.07,0,2.17139,2.66496,0,0.406727,4.47552,4.35599e+06,2.70226e+06,9.45856e+06,0,0,0,0,80.8192,79.791,2.85401,0,1,1.7146,1.22103,0,1.3247,2.1168,9.05263e+06,3.61194e+06,1.55217e+07,0,0,0,0
84.4354,85.139,2.19324,0.06,0,2.17241,2.66566,0,0.406919,4.47552,4.35599e+06,2.70226e+06,9.46301e+06,0,0,0,0,80.8192,79.791,2.9045,0,1,1.7146,1.22135,0,1.3247,2.1168,9.05263e+06,3.61194e+06,1.55217e+07,0,0,0,0
83.9877,85.139,2.05126,0.05,0,2.17344,2.66637,0,0.40711,4.47552,4.35599e+06,2.70226e+06,9.46747e+06,0,0,0,0,80.8192,79.791,2.73958,0,1,1.7146,1.22167,0,1.3247,2.1168,9.05263e+06,3.61194e+06,1.55217e+07,0,0,0,0
83.1421,85.139,1.56222,0.05,0,2.15057,2.64318,0,0.407302,4.47552,4.35599e+06,2.70226e+06,9.36788e+06,0,0,0,0,80.6644,79.791,2.21854,0,1,1.74905,1.25644,0,1.3247,2.1168,9.05263e+06,3.61194e+06,1.58335e+07,0,0,0,0
82.0836,85.139,1.34246,0.04,0,2.18604,2.64388,0,0.403018,4.47552,4.35599e+06,2.70226e+06,9.52238e+06,0,0,0,0,80.4023,79.791,2.02434,0,1,1.71461,1.25677,0,1.35132,2.1168,9.05263e+06,3.61194e+06,1.55217e+07,0,0,0,0
80.9372,85.139,1.24478,0.03,0,2.18707,2.64457,0,0.409664,4.47552,4.35599e+06,2.70226e+06,9.52685e+06,0,0,0,0,80.0256,79.791,1.88964,0,1,1.71461,1.25711,0,1.32471,2.1168,9.05263e+06,3.61194e+06,1.55217e+07,0,0,0,0
79.7396,85.139,1.1841,0.04,0,2.1881,2.64527,0,0.409857,4.47552,4.35599e+06,2.70226e+06,9.53132e+06,0,0,0,0,79.4128,79.791,1.78033,0,1,1.71461,1.25744,0,1.32471,2.1168,9.05263e+06,3.61194e+06,1.55217e+07,0,0,0,0
78.447,85.139,1.10964,0.04,0,2.25088,2.70772,0,0.410049,4.47552,4.35599e+06,2.70226e+06,9.80479e+06,0,0,0,0,79.0769,79.791,1.55363,0,1,1.74535,1.2885,0,1.32471,2.1168,9.05263e+06,3.61194e+06,1.58e+07,0,0,0,0
77.2179,85.139,1.20824,0.04,0,2.28265,2.70843,0,0.421814,4.47552,4.35599e+06,2.70226e+06,9.94322e+06,0,0,0,0,78.7673,79.791,1.99473,0,1,1.71462,1.28884,0,1.34845,2.1168,9.05263e+06,3.61194e+06,1.55218e+07,0,0,0,0
75.9061,85.139,1.10267,0.04,0,2.28371,2.70915,0,0.427769,4.47552,4.35599e+06,2.70226e+06,9.9478e+06,0,0,0,0,78.3456,79.791,1.98971,0,1,1.71462,1.28918,0,1.32471,2.1168,9.05263e+06,3.61194e+06,1.55218e+07,0,0,0,0
74.5145,85.139,1.01241,0.04,0,2.28476,2.70986,0,0.427967,4.47552,4.35599e+06,2.70226e+06,9.95239e+06,0,0,0,0,77.9274,79.791,1.73638,0,1,1.71462,1.28952,0,1.32471,2.1168,9.05263e+06,3.61194e+06,1.55218e+07,0,0,0,0
73.0422,85.139,1.06398,0.04,0,2.46684,2.8916,0,0.428164,4.47552,4.35599e+06,2.70226e+06,1.07455e+07,0,0,0,0,77.4788,79.791,2.07051,0,1,1.82567,1.40091,0,1.32471,2.1168,9.05263e+06,3.61194e+06,1.65271e+07,0,0,0,0
71.4237,85.139,0.995164,0.07,0,2.57899,2.89236,0,0.462286,4.47552,4.35599e+06,2.70226e+06,1.12341e+07,0,0,0,0,77.1174,79.791,1.88426,0,1,1.71465,1.40128,0,1.41051,2.1168,9.05263e+06,3.61194e+06,1.55221e+07,0,0,0,0
69.7241,85.139,0.89944,0.07,0,2.58012,2.89312,0,0.483303,4.47552,4.35599e+06,2.70226e+06,1.1239e+07,0,0,0,0,76.7597,79.791,1.74484,0,1,1.71465,1.40165,0,1.32474,2.1168,9.05263e+06,3.61194e+06,1.55221e+07,0,0,0,0
68.1519,85.139,1.0165,0.07,0,2.58125,2.89388,0,0.483515,4.47552,4.35599e+06,2.70226e+06,1.12439e+07,0,0,0,0,76.4085,79.791,1.89453,0,1,1.71465,1.40202,0,1.32474,2.1168,9.05263e+06,3.61194e+06,1.55221e+07,0,0,0,0
66.5809,85.139,1.00164,0.07,0,2.58238,2.89465,0,0.483727,4.47552,4.35599e+06,2.70226e+06,1.12488e+07,0,0,0,0,76.0669,79.791,1.83746,0,1,1.71465,1.40239,0,1.32474,2.1168,9.05263e+06,3.61194e+06,1.55221e+07,0,0,0,0
64.848,85.139,0.730923,0.11,0,2.49517,2.80707,0,0.483939,4.47552,4.35599e+06,2.70226e+06,1.08689e+07,0,0,0,0,75.6972,79.791,1.91075,0,1,1.64716,1.33526,0,1.32474,2.1168,9.05263e+06,3.61194e+06,1.49111e+07,0,0,0,0
63.0631,85.139,0.587352,0.12,0,2.42879,2.8078,0,0.467595,4.47552,4.35599e+06,2.70226e+06,1.05798e+07,0,0,0,0,75.1981,79.791,1.61811,0,1,1.71463,1.33562,0,1.27259,2.1168,9.05263e+06,3.61194e+06,1.55219e+07,0,0,0,0
61.2989,85.139,0.609424,0.12,0,2.42988,2.80854,0,0.455155,4.47552,4.35599e+06,2.70226e+06,1.05845e+07,0,0,0,0,74.7978,79.791,1.56849,0,1,1.71463,1.33597,0,1.32472,2.1168,9.05263e+06,3.61194e+06,1.55219e+07,0,0,0,0
60.5374,85.139,1.77239,0.14,0,2.43097,2.80928,0,0.455359,4.47552,4.35599e+06,2.70226e+06,1.05893e+07,0,0,0,0,74.9351,79.791,2.76898,0,1,1.71463,1.33632,0,1.32472,2.1168,9.05263e+06,3.61194e+06,1.55219e+07,0,0,0,0
59.5081,85.139,1.44154,0.14,0,2.35947,2.73743,0,0.455564,4.47552,4.35599e+06,2.70226e+06,1.02778e+07,0,0,0,0,74.9129,79.791,2.52549,0,1,1.65313,1.27517,0,1.32472,2.1168,9.05263e+06,3.61194e+06,1.49652e+07,0,0,0,0
58.1503,85.139,1.11329,0.14,0,2.29904,2.73815,0,0.442165,4.47552,4.35599e+06,2.70226e+06,1.00146e+07,0,0,0,0,74.7593,79.791,1.93039,0,1,1.71462,1.27551,0,1.27721,2.1168,9.05263e+06,3.61194e+06,1.55218e+07,0,0,0,0
57.8398,85.139,2.11446,0.14,0,2.3001,2.73887,0,0.430841,4.47552,4.35599e+06,2.70226e+06,1.00192e+07,0,0,0,0,74.8009,79.791,2.58057,0,1,1.71462,1.27584,0,1.32471,2.1168,9.05263e+06,3.61194e+06,1.55218e+07,0,0,0,0
61.4723,85.139,6.24756,0.14,0,2.30116,2.73959,0,0.431039,4.47552,4.35599e+06,2.70226e+06,1.00238e+07,0,0,0,0,75.451,79.791,4.33998,0,1,1.71462,1.27618,0,1.32471,2.1168,9.05263e+06,3.61194e+06,1.55218e+07,0,0,0,0
62.295,85.139,3.22458,0.14,0,2.09584,2.53394,0,0.431237,4.47552,4.35599e+06,2.70226e+06,9.12944e+06,0,0,0,0,75.8482,79.791,3.0751,0,1,1.58639,1.14829,0,1.32471,2.1168,9.05263e+06,3.61194e+06,1.4361e+07,0,0,0,0
65.9398,85.139,6.4046,0.14,0,1.96862,2.53461,0,0.39276,4.47552,4.35599e+06,2.70226e+06,8.57528e+06,0,0,0,0,77.1481,79.791,5.48535,0,1,1.71458,1.14859,0,1.22565,2.1168,9.05263e+06,3.61194e+06,1.55215e+07,0,0,0,0
68.8212,85.139,5.58633,0.13,0,1.96959,2.53527,0,0.368919,4.47552,4.35599e+06,2.70226e+06,8.5795e+06,0,0,0,0,78.1739,79.791,4.41306,0,1,1.71458,1.1489,0,1.32469,2.1168,9.05263e+06,3.61194e+06,1.55215e+07,0,0,0,0
71.298,85.139,5.20501,0.1,0,1.97056,2.53594,0,0.3691,4.47552,4.35599e+06,2.70226e+06,8.58372e+06,0,0,0,0,79.5499,79.791,5.58013,0,1,1.71458,1.1492,0,1.32469,2.1168,9.05263e+06,3.61194e+06,1.55215e+07,0,0,0,0
72.5026,85.139,3.79004,0.1,0,1.97153,2.53661,0,0.369282,4.47552,4.35599e+06,2.70226e+06,8.58794e+06,0,0,0,0,79.7308,79.791,3.22532,0,1,1.71458,1.1495,0,1.32469,2.1168,9.05263e+06,3.61194e+06,1.55215e+07,0,0,0,0
74.3428,85.139,4.59252,0.1,0,2.05197,2.61675,0,0.369464,4.47552,4.35599e+06,2.70226e+06,8.93835e+06,0,0,0,0,79.7919,79.791,3.55633,0,1,1.75175,1.18697,0,1.32469,2.1168,9.05263e+06,3.61194e+06,1.5858e+07,0,0,0,6.61631e+07
75.585,85.139,3.88875,0.05,0,2.09011,2.61741,0,0.384539,4.47552,4.35599e+06,2.70226e+06,9.10448e+06,0,0,0,0,80.1771,79.791,4.57337,0,1,1.71458,1.18728,0,1.3534,2.1168,9.05263e+06,3.61194e+06,1.55215e+07,0,0,0,6.61631e+07
76.9702,85.139,3.94549,0.06,0,2.09107,2.61807,0,0.391686,4.47552,4.35599e+06,2.70226e+06,9.10868e+06,0,0,0,0,80.5317,79.791,4.83555,0,1,1.71458,1.18758,0,1.32469,2.1168,9.05263e+06,3.61194e+06,1.55215e+07,0,0,0,6.61631e+07
80.0381,85.139,5.9011,0.08,0,2.09204,2.61874,0,0.391867,4.47552,4.35599e+06,2.70226e+06,9.11289e+06,0,0,0,0,80.8192,79.791,4.91831,0,1,1.71458,1.18788,0,1.32469,2.1168,9.05263e+06,3.61194e+06,1.55215e+07,0,0,0,6.61631e+07
84.2903,85.139,7.60912,0.05,0,2.34849,2.87489,0,0.392048,4.47552,4.35599e+06,2.70226e+06,1.023e+07,0,0,0,0,80.8192,79.791,7.23279,0,1,1.85429,1.32788,0,1.32469,2.1168,9.05263e+06,3.61194e+06,1.67862e+07,0,0,0,6.61631e+07
84.3678,85.139,3.10476,0.05,0,2.48923,2.87562,0,0.440107,4.47552,4.35599e+06,2.70226e+06,1.0843e+07,0,0,0,0,80.721,79.791,2.55943,0,1,1.71462,1.32822,0,1.43262,2.1168,9.05263e+06,3.61194e+06,1.55218e+07,0,0,0,6.61631e+07
85.139,85.139,5.0294,0.05,0,2.49029,2.87635,0,0.466481,4.47552,4.35599e+06,2.70226e+06,1.08477e+07,0,0,0,0,80.8192,79.791,4.64233,0,1,1.71462,1.32856,0,1.32471,2.1168,9.05263e+06,3.61194e+06,1.55218e+07,0,0,0,6.61631e+07
85.139,85.139,3.94935,0.04,0,2.49136,2.87708,0,0.466681,4.47552,4.35599e+06,2.70226e+06,1.08523e+07,0,0,0,0,80.8192,79.791,3.859,0,1,1.71462,1.3289,0,1.32471,2.1168,9.05263e+06,3.61194e+06,1.55218e+07,0,0,0,6.61631e+07
85.139,85.139,2.8454,0.04,0,2.12765,2.51303,0,0.466881,4.47552,4.35599e+06,2.70226e+06,9.268e+06,0,0,0,0,80.6715,79.791,2.48757,0,1,1.52694,1.14156,0,1.32471,2.1168,9.05263e+06,3.61194e+06,1.38228e+07,0,0,0,6.61631e+07
85.139,85.139,4.4854,0.04,0,1.94094,2.51367,0,0.398721,4.47552,4.35599e+06,2.70226e+06,8.45474e+06,0,0,0,0,80.8192,79.791,3.54063,0,1,1.71457,1.14185,0,1.17972,2.1168,9.05263e+06,3.61194e+06,1.55214e+07,0,0,0,6.61631e+07
85.139,85.139,4.01371,0.04,0,1.94187,2.51431,0,0.363733,4.47552,4.35599e+06,2.70226e+06,8.45877e+06,0,0,0,0,80.8192,79.791,4.10984,0,1,1.71457,1.14214,0,1.32468,2.1168,9.05263e+06,3.61194e+06,1.55214e+07,0,0,0,6.61631e+07
85.139,85.139,6.19031,0.04,0,1.9428,2.51494,0,0.363907,4.47552,4.35599e+06,2.70226e+06,8.46281e+06,0,0,0,0,80.8192,79.791,4.66518,0,1,1.71457,1.14243,0,1.32468,2.1168,9.05263e+06,3.61194e+06,1.55214e+07,0,0,0,6.61631e+07
85.139,85.139,7.3834,0.04,0,1.94373,2.51558,0,0.364081,4.47552,4.35599e+06,2.70226e+06,8.46685e+06,0,0,0,0,80.8192,79.791,4.72491,0,1,1.71457,1.14272,0,1.32468,2.1168,9.05263e+06,3.61194e+06,1.55214e+07,0,0,0,6.61631e+07
85.139,85.139,6.95782,0.05,0,2.03659,2.60816,0,0.364254,4.47552,4.35599e+06,2.70226e+06,8.87137e+06,0,0,0,0,80.8192,79.791,4.96734,0,1,1.76054,1.18898,0,1.32468,2.1168,9.05263e+06,3.61194e+06,1.59375e+07,0,0,0,6.61631e+07
85.139,85.139,6.98312,0.05,0,2.08351,2.60882,0,0.381657,4.47552,4.35599e+06,2.70226e+06,9.07576e+06,0,0,0,0,80.8192,79.791,5.07791,0,1,1.71458,1.18928,0,1.36019,2.1168,9.05263e+06,3.61194e+06,1.55215e+07,0,0,0,6.61631e+07
85.139,85.139,5.73489,0.06,0,2.08448,2.60948,0,0.39045,4.47552,4.35599e+06,2.70226e+06,9.07996e+06,0,0,0,0,80.8192,79.791,4.5402,0,1,1.71458,1.18958,0,1.32469,2.1168,9.05263e+06,3.61194e+06,1.55215e+07,0,0,0,6.61631e+07
85.139,85.139,4.98205,0.07,0,2.08544,2.61014,0,0.390631,4.47552,4.35599e+06,2.70226e+06,9.08416e+06,0,0,0,0,80.8192,79.791,4.07229,0,1,1.71458,1.18988,0,1.32469,2.1168,9.05263e+06,3.61194e+06,1.55215e+07,0,0,0,6.61631e+07
85.139,85.139,4.71607,0.07,0,2.05042,2.57482,0,0.390811,4.47552,4.35599e+06,2.70226e+06,8.93161e+06,0,0,0,0,80.8192,79.791,3.80528,0,1,1.69671,1.17231,0,1.32469,2.1168,9.05263e+06,3.61194e+06,1.53597e+07,0,0,0,6.61631e+07
85.139,85.139,4.76976,0.07,0,2.0335,2.57547,0,0.384249,4.47552,4.35599e+06,2.70226e+06,8.85791e+06,0,0,0,0,80.8192,79.791,3.53528,0,1,1.71458,1.17261,0,1.31088,2.1168,9.05263e+06,3.61194e+06,1.55214e+07,0,0,0,6.61631e+07
85.139,85.139,4.38118,0.07,0,2.03445,2.57613,0,0.381078,4.47552,4.35599e+06,2.70226e+06,8.86205e+06,0,0,0,0,80.8192,79.791,3.31372,0,1,1.71458,1.1729,0,1.32468,2.1168,9.05263e+06,3.61194e+06,1.55214e+07,0,0,0,6.61631e+07
85.139,85.139,4.04647,0.06,0,2.0354,2.57678,0,0.381256,4.47552,4.35599e+06,2.70226e+06,8.86619e+06,0,0,0,0,80.8192,79.791,3.09308,0,1,1.71458,1.1732,0,1.32468,2.1168,9.05263e+06,3.61194e+06,1.55214e+07,0,0,0,6.61631e+07
85.139,85.139,3.89396,0.05,0,2.15862,2.6997,0,0.381435,4.47552,4.35599e+06,2.70226e+06,9.40292e+06,0,0,0,0,80.8106,79.791,2.86533,0,1,1.77802,1.23694,0,1.32468,2.1168,9.05263e+06,3.61194e+06,1.60958e+07,0,0,0,6.61631e+07
85.139,85.139,3.6633,0.04,0,2.22305,2.70038,0,0.404525,4.47552,4.35599e+06,2.70226e+06,9.68357e+06,0,0,0,0,80.8192,79.791,3.19294,0,1,1.71459,1.23726,0,1.3737,2.1168,9.05263e+06,3.61194e+06,1.55216e+07,0,0,0,6.61631e+07
85.139,85.139,3.32745,0.05,0,2.22405,2.70107,0,0.416599,4.47552,4.35599e+06,2.70226e+06,9.68792e+06,0,0,0,0,80.8192,79.791,2.78321,0,1,1.71459,1.23757,0,1.3247,2.1168,9.05263e+06,3.61194e+06,1.55216e+07,0,0,0,6.61631e+07
85.139,85.139,3.05824,0.05,0,2.22504,2.70175,0,0.416786,4.47552,4.35599e+06,2.70226e+06,9.69227e+06,0,0,0,0,80.6827,79.791,2.34746,0,1,1.71459,1.23789,0,1.3247,2.1168,9.05263e+06,3.61194e+06,1.55216e+07,0,0,0,6.61631e+07
85.139,85.139,2.97642,0.03,0,2.22604,2.70244,0,0.416973,4.47552,4.35599e+06,2.70226e+06,9.69662e+06,0,0,0,0,80.4198,79.791,2.16773,0,1,1.71459,1.2382,0,1.3247,2.1168,9.05263e+06,3.61194e+06,1.55216e+07,0,0,0,6.61631e+07
85.1023,85.139,2.42009,0.03,0,2.20283,2.67891,0,0.41716,4.47552,4.35599e+06,2.70226e+06,9.59551e+06,0,0,0,0,80.2446,79.791,2.55383,0,1,1.74951,1.27343,0,1.3247,2.1168,9.05263e+06,3.61194e+06,1.58377e+07,0,0,0,6.61631e+07
84.7082,85.139,2.06063,0.05,0,2.23874,2.67959,0,0.412811,4.47552,4.35599e+06,2.70226e+06,9.75192e+06,0,0,0,0,80.1624,79.791,2.76247,0,1,1.7146,1.27375,0,1.35167,2.1168,9.05263e+06,3.61194e+06,1.55217e+07,0,0,0,6.61631e+07
84.2246,85.139,1.95328,0.04,0,2.23974,2.68027,0,0.41954,4.47552,4.35599e+06,2.70226e+06,9.75629e+06,0,0,0,0,80.0483,79.791,2.67417,0,1,1.7146,1.27407,0,1.3247,2.1168,9.05263e+06,3.61194e+06,1.55217e+07,0,0,0,6.61631e+07
83.6205,85.139,1.82288,0.04,0,2.24074,2.68095,0,0.419727,4.47552,4.35599e+06,2.70226e+06,9.76065e+06,0,0,0,0,79.8454,79.791,2.50741,0,1,1.7146,1.2744,0,1.3247,2.1168,9.05263e+06,3.61194e+06,1.55217e+07,0,0,0,6.61631e+07
82.8795,85.139,1.73245,0.04,0,2.30433,2.74421,0,0.419915,4.47552,4.35599e+06,2.70226e+06,1.00376e+07,0,0,0,0,79.5963,79.791,2.4154,0,1,1.74575,1.30587,0,1.3247,2.1168,9.05263e+06,3.61194e+06,1.58036e+07,0,0,0,6.61631e+07
82.2241,85.139,1.83197,0.04,0,2.3365,2.74491,0,0.431831,4.47552,4.35599e+06,2.70226e+06,1.01778e+07,0,0,0,0,79.4727,79.791,2.75565,0,1,1.71461,1.3062,0,1.34877,2.1168,9.05263e+06,3.61194e+06,1.55217e+07,0,0,0,6.61631e+07
81.4971,85.139,1.75198,0.04,0,2.33752,2.7456,0,0.437859,4.47552,4.35599e+06,2.70226e+06,1.01822e+07,0,0,0,0,79.3332,79.791,2.78106,0,1,1.71461,1.30653,0,1.32471,2.1168,9.05263e+06,3.61194e+06,1.55217e+07,0,0,0,6.61631e+07
80.5598,85.139,1.53436,0.04,0,2.33855,2.7463,0,0.438052,4.47552,4.35599e+06,2.70226e+06,1.01867e+07,0,0,0,0,79.1539,79.791,2.55295,0,1,1.71461,1.30686,0,1.32471,2.1168,9.05263e+06,3.61194e+06,1.55217e+07,0,0,0,6.61631e+07
79.3641,85.139,1.41682,0.04,0,2.52304,2.93046,0,0.438244,4.47552,4.35599e+06,2.70226e+06,1.09903e+07,0,0,0,0,78.8755,79.791,2.46147,0,1,1.82715,1.41974,0,1.32471,2.1168,9.05263e+06,3.61194e+06,1.65406e+07,0,0,0,6.61631e+07
77.7937,85.139,1.14165,0.04,0,2.63665,2.9312,0,0.472817,4.47552,4.35599e+06,2.70226e+06,1.14852e+07,0,0,0,0,78.6686,79.791,2.31078,0,1,1.71464,1.4201,0,1.41166,2.1168,9.05263e+06,3.61194e+06,1.5522e+07,0,0,0,6.61631e+07
76.0675,85.139,0.987545,0.04,0,2.63776,2.93194,0,0.494109,4.47552,4.35599e+06,2.70226e+06,1.149e+07,0,0,0,0,78.3896,79.791,2.0736,0,1,1.71464,1.42046,0,1.32473,2.1168,9.05263e+06,3.61194e+06,1.5522e+07,0,0,0,6.61631e+07
74.4115,85.139,1.04351,0.06,0,2.63886,2.93268,0,0.494316,4.47552,4.35599e+06,2.70226e+06,1.14948e+07,0,0,0,0,78.1072,79.791,2.05038,0,1,1.71464,1.42082,0,1.32473,2.1168,9.05263e+06,3.61194e+06,1.5522e+07,0,0,0,6.61631e+07
73.2505,85.139,1.56488,0.06,0,2.63996,2.93343,0,0.494522,4.47552,4.35599e+06,2.70226e+06,1.14997e+07,0,0,0,0,77.9344,79.791,2.44205,0,1,1.71464,1.42118,0,1.32473,2.1168,9.05263e+06,3.61194e+06,1.5522e+07,0,0,0,6.61631e+07
72.6451,85.139,2.08877,0.08,0,2.55154,2.84465,0,0.494729,4.47552,4.35599e+06,2.70226e+06,1.11145e+07,0,0,0,0,78.1866,79.791,3.12961,0,1,1.64624,1.35314,0,1.32473,2.1168,9.05263e+06,3.61194e+06,1.49028e+07,0,0,0,6.61631e+07
72.0425,85.139,2.03212,0.08,0,2.48423,2.84537,0,0.478159,4.47552,4.35599e+06,2.70226e+06,1.08213e+07,0,0,0,0,78.5961,79.791,3.62025,0,1,1.71462,1.35348,0,1.27189,2.1168,9.05263e+06,3.61194e+06,1.55219e+07,0,0,0,6.61631e+07
71.6756,85.139,2.30427,0.09,0,2.48529,2.84609,0,0.465544,4.47552,4.35599e+06,2.70226e+06,1.08259e+07,0,0,0,0,79.0078,79.791,3.43119,0,1,1.71462,1.35383,0,1.32472,2.1168,9.05263e+06,3.61194e+06,1.55219e+07,0,0,0,6.61631e+07
72.5468,85.139,3.59187,0.09,0,2.48635,2.84681,0,0.465743,4.47552,4.35599e+06,2.70226e+06,1.08305e+07,0,0,0,0,80.2133,79.791,5.84425,0,1,1.71462,1.35417,0,1.32472,2.1168,9.05263e+06,3.61194e+06,1.55219e+07,0,0,0,6.61631e+07
73.1936,85.139,3.42331,0.09,0,2.41386,2.77397,0,0.465943,4.47552,4.35599e+06,2.70226e+06,1.05147e+07,0,0,0,0,80.8192,79.791,5.3107,0,1,1.6523,1.29219,0,1.32472,2.1168,9.05263e+06,3.61194e+06,1.49577e+07,0,0,0,6.61631e+07
71.7364,85.139,1.12148,0.09,0,2.35259,2.77467,0,0.452357,4.47552,4.35599e+06,2.70226e+06,1.02478e+07,0,0,0,0,80.8192,79.791,2.43986,0,1,1.71461,1.29252,0,1.27657,2.1168,9.05263e+06,3.61194e+06,1.55217e+07,0,0,0,6.61631e+07
71.6094,85.139,2.52303,0.09,0,2.35362,2.77538,0,0.440874,4.47552,4.35599e+06,2.70226e+06,1.02523e+07,0,0,0,0,80.8192,79.791,3.34658,0,1,1.71461,1.29285,0,1.32471,2.1168,9.05263e+06,3.61194e+06,1.55217e+07,0,0,0,6.61631e+07
72.8634,85.139,3.96421,0.11,0,2.35465,2.77608,0,0.441068,4.47552,4.35599e+06,2.70226e+06,1.02568e+07,0,0,0,0,80.8192,79.791,6.14138,0,1,1.71461,1.29317,0,1.32471,2.1168,9.05263e+06,3.61194e+06,1.55217e+07,0,0,0,6.61631e+07
72.9433,85.139,2.55724,0.1,0,2.14655,2.56766,0,0.441261,4.47552,4.35599e+06,2.70226e+06,9.35036e+06,0,0,0,0,80.8192,79.791,5.08631,0,1,1.58468,1.16357,0,1.32471,2.1168,9.05263e+06,3.61194e+06,1.43455e+07,0,0,0,6.61631e+07
74.7719,85.139,4.37116,0.1,0,2.0176,2.56831,0,0.402264,4.47552,4.35599e+06,2.70226e+06,8.78866e+06,0,0,0,0,80.8192,79.791,5.37147,0,1,1.71457,1.16387,0,1.22432,2.1168,9.05263e+06,3.61194e+06,1.55214e+07,0,0,0,6.61631e+07
75.4077,85.139,3.1656,0.06,0,2.01855,2.56896,0,0.378099,4.47552,4.35599e+06,2.70226e+06,8.79278e+06,0,0,0,0,80.8192,79.791,6.30429,0,1,1.71457,1.16416,0,1.32468,2.1168,9.05263e+06,3.61194e+06,1.55214e+07,0,0,0,6.61631e+07
75.07,85.139,2.07812,0.06,0,2.01949,2.56961,0,0.378276,4.47552,4.35599e+06,2.70226e+06,8.7969e+06,0,0,0,0,80.8192,79.791,3.24786,0,1,1.71457,1.16446,0,1.32468,2.1168,9.05263e+06,3.61194e+06,1.55214e+07,0,0,0,6.61631e+07
75.7839,85.139,3.21389,0.06,0,2.02044,2.57026,0,0.378453,4.47552,4.35599e+06,2.70226e+06,8.80102e+06,0,0,0,0,80.8192,79.791,4.93485,0,1,1.71458,1.16475,0,1.32468,2.1168,9.05263e+06,3.61194e+06,1.55214e+07,0,0,0,6.61631e+07
76.8854,85.139,3.86277,0.06,0,2.10191,2.65144,0,0.378631,4.47552,4.35599e+06,2.70226e+06,9.15591e+06,0,0,0,0,80.8192,79.791,5.89434,0,1,1.75224,1.20271,0,1.32468,2.1168,9.05263e+06,3.61194e+06,1.58624e+07,0,0,0,6.61631e+07
81.0481,85.139,7.04892,0.07,0.02,2.14052,2.65209,0,0.393898,4.47552,4.35599e+06,2.70226e+06,9.32408e+06,0,0,0,0,80.8192,79.791,12.511,0,1,1.71457,1.20301,0,1.35378,2.1168,9.05263e+06,3.61194e+06,1.55214e+07,0,0,0,6.61631e+07
85.139,85.139,15.318,0.04,0.02,2.14146,2.65273,0,0.401133,4.47552,4.35599e+06,2.70226e+06,9.32817e+06,0,0,0,0,80.8192,79.791,16.1947,0,1,1.71457,1.2033,0,1.32468,2.1168,9.05263e+06,3.61194e+06,1.55214e+07,0,0,0,6.61631e+07
85.139,85.139,11.3171,0.04,0.02,2.1424,2.65338,0,0.401309,4.47552,4.35599e+06,2.70226e+06,9.33227e+06,0,0,0,0,80.8192,79.791,13.4035,0,1,1.71457,1.20359,0,1.32468,2.1168,9.05263e+06,3.61194e+06,1.55214e+07,0,0,0,6.61631e+07
85.139,85.139,6.76486,0.05,0.02,2.40221,2.9129,0,0.401486,4.47552,4.35599e+06,2.70226e+06,1.0464e+07,0,0,0,0,80.8192,79.791,8.46771,0,1,1.85612,1.34544,0,1.32468,2.1168,9.05263e+06,3.61194e+06,1.68028e+07,0,0,0,6.61631e+07
85.139,85.139,8.54836,0.05,0.02,2.54476,2.91361,0,0.450174,4.47552,4.35599e+06,2.70226e+06,1.1085e+07,0,0,0,0,80.8192,79.791,11.0985,0,1,1.71461,1.34577,0,1.43404,2.1168,9.05263e+06,3.61194e+06,1.55217e+07,0,0,0,6.61631e+07
85.139,85.139,8.09447,0.04,0.02,2.5458,2.91432,0,0.476889,4.47552,4.35599e+06,2.70226e+06,1.10895e+07,0,0,0,0,80.8192,79.791,9.81013,0,1,1.71461,1.34609,0,1.32471,2.1168,9.05263e+06,3.61194e+06,1.55217e+07,0,0,0,6.61631e+07
85.139,85.139,11.9959,0.04,0.02,2.54684,2.91503,0,0.477084,4.47552,4.35599e+06,2.70226e+06,1.1094e+07,0,0,0,0,80.8192,79.791,15.0058,0,1,1.71461,1.34642,0,1.32471,2.1168,9.05263e+06,3.61194e+06,1.55217e+07,0,0,0,6.61631e+07
85.139,85.139,12.1663,0.05,0.02,2.17829,2.54615,0,0.477278,4.47552,4.35599e+06,2.70226e+06,9.48862e+06,0,0,0,0,80.8192,79.791,18.3824,0,1,1.52446,1.1566,0,1.32471,2.1168,9.05263e+06,3.61194e+06,1.38004e+07,0,0,0,6.61631e+07
85.139,85.139,9.60205,0.06,0.02,1.98909,2.54677,0,0.408212,4.47552,4.35599e+06,2.70226e+06,8.66447e+06,0,0,0,0,80.8192,79.791,13.8978,0,1,1.71456,1.15688,0,1.1778,2.1168,9.05263e+06,3.61194e+06,1.55213e+07,0,0,0,6.61631e+07
85.139,85.139,8.74692,0.06,0.02,1.99,2.54739,0,0.372756,4.47552,4.35599e+06,2.70226e+06,8.66841e+06,0,0,0,0,80.8192,79.791,11.1351,0,1,1.71456,1.15717,0,1.32467,2.1168,9.05263e+06,3.61194e+06,1.55213e+07,0,0,0,6.61631e+07
85.139,85.139,9.42394,0.06,0.02,1.9909,2.54801,0,0.372925,4.47552,4.35599e+06,2.70226e+06,8.67234e+06,0,0,0,0,80.8192,79.791,12.2679,0,1,1.71456,1.15745,0,1.32467,2.1168,9.05263e+06,3.61194e+06,1.55213e+07,0,0,0,6.61631e+07
85.139,85.139,8.38044,0.06,0.02,1.9918,2.54864,0,0.373095,4.47552,4.35599e+06,2.70226e+06,8.67628e+06,0,0,0,0,80.8192,79.791,10.5977,0,1,1.71456,1.15773,0,1.32467,2.1168,9.05263e+06,3.61194e+06,1.55213e+07,0,0,0,6.61631e+07
85.139,85.139,9.1113,0.06,0.02,2.08585,2.6424,0,0.373264,4.47552,4.35599e+06,2.70226e+06,9.08595e+06,0,0,0,0,80.8192,79.791,10.319,0,1,1.76114,1.20459,0,1.32467,2.1168,9.05263e+06,3.61194e+06,1.59429e+07,0,0,0,6.61631e+07
85.139,85.139,9.50918,0.06,0.02,2.13335,2.64305,0,0.390889,4.47552,4.35599e+06,2.70226e+06,9.29287e+06,0,0,0,0,80.8192,79.791,9.4108,0,1,1.71457,1.20488,0,1.36065,2.1168,9.05263e+06,3.61194e+06,1.55214e+07,0,0,0,6.61631e+07
85.139,85.139,7.63471,0.06,0.02,2.13429,2.64369,0,0.39979,4.47552,4.35599e+06,2.70226e+06,9.29695e+06,0,0,0,0,80.8192,79.791,8.51488,0,1,1.71457,1.20517,0,1.32468,2.1168,9.05263e+06,3.61194e+06,1.55214e+07,0,0,0,6.61631e+07
85.139,85.139,7.1444,0.06,0.02,2.13523,2.64434,0,0.399966,4.47552,4.35599e+06,2.70226e+06,9.30104e+06,0,0,0,0,80.8192,79.791,9.17715,0,1,1.71457,1.20547,0,1.32468,2.1168,9.05263e+06,3.61194e+06,1.55214e+07,0,0,0,6.61631e+07
85.139,85.139,6.82911,0.06,0.02,2.09971,2.60853,0,0.400142,4.47552,4.35599e+06,2.70226e+06,9.14634e+06,0,0,0,0,80.8192,79.791,8.34831,0,1,1.69647,1.18766,0,1.32468,2.1168,9.05263e+06,3.61194e+06,1.53575e+07,0,0,0,6.61631e+07
85.139,85.139,5.77155,0.06,0.02,2.08254,2.60916,0,0.393487,4.47552,4.35599e+06,2.70226e+06,9.07151e+06,0,0,0,0,80.8192,79.791,5.65205,0,1,1.71457,1.18795,0,1.31069,2.1168,9.05263e+06,3.61194e+06,1.55214e+07,0,0,0,6.61631e+07
85.139,85.139,5.41775,0.06,0.02,2.08346,2.6098,0,0.390268,4.47552,4.35599e+06,2.70226e+06,9.07555e+06,0,0,0,0,80.8192,79.791,4.87013,0,1,1.71457,1.18824,0,1.32468,2.1168,9.05263e+06,3.61194e+06,1.55214e+07,0,0,0,6.61631e+07
85.139,85.139,4.96448,0.06,0.02,2.08439,2.61043,0,0.390441,4.47552,4.35599e+06,2.70226e+06,9.07958e+06,0,0,0,0,80.8192,79.791,4.63038,0,1,1.71457,1.18852,0,1.32468,2.1168,9.05263e+06,3.61194e+06,1.55214e+07,0,0,0,6.61631e+07
85.139,85.139,4.62701,0.06,0.02,2.20918,2.73493,0,0.390615,4.47552,4.35599e+06,2.70226e+06,9.62315e+06,0,0,0,0,80.8192,79.791,4.61586,0,1,1.77884,1.25309,0,1.32468,2.1168,9.05263e+06,3.61194e+06,1.61032e+07,0,0,0,6.61631e+07
85.139,85.139,4.72394,0.05,0.02,2.27441,2.7356,0,0.414,4.47552,4.35599e+06,2.70226e+06,9.9073e+06,0,0,0,0,80.8192,79.791,4.43602,0,1,1.71459,1.25339,0,1.37433,2.1168,9.05263e+06,3.61194e+06,1.55215e+07,0,0,0,6.61631e+07
85.139,85.139,4.59098,0.04,0.02,2.27538,2.73627,0,0.426224,4.47552,4.35599e+06,2.70226e+06,9.91153e+06,0,0,0,0,80.8192,79.791,4.20944,0,1,1.71459,1.2537,0,1.32469,2.1168,9.05263e+06,3.61194e+06,1.55215e+07,0,0,0,6.61631e+07
85.139,85.139,4.51788,0.04,0.02,2.27635,2.73693,0,0.426406,4.47552,4.35599e+06,2.70226e+06,9.91577e+06,0,0,0,0,80.8192,79.791,4.30816,0,1,1.71459,1.25401,0,1.32469,2.1168,9.05263e+06,3.61194e+06,1.55215e+07,0,0,0,6.61631e+07
85.139,85.139,4.06415,0.03,0.02,2.27733,2.7376,0,0.426589,4.47552,4.35599e+06,2.70226e+06,9.92001e+06,0,0,0,0,80.8192,79.791,4.23813,0,1,1.71459,1.25431,0,1.32469,2.1168,9.05263e+06,3.61194e+06,1.55215e+07,0,0,0,6.61631e+07
85.139,85.139,3.67332,0.02,0.02,2.25377,2.71374,0,0.426771,4.47552,4.35599e+06,2.70226e+06,9.81742e+06,0,0,0,0,80.8192,79.791,3.64467,0,1,1.74995,1.28999,0,1.32469,2.1168,9.05263e+06,3.61194e+06,1.58417e+07,0,0,0,6.61631e+07
85.139,85.139,3.26053,0.02,0.02,2.29011,2.71441,0,0.422357,4.47552,4.35599e+06,2.70226e+06,9.9757e+06,0,0,0,0,80.8192,79.791,2.68907,0,1,1.71459,1.2903,0,1.35201,2.1168,9.05263e+06,3.61194e+06,1.55216e+07,0,0,0,6.61631e+07
85.139,85.139,2.99551,0.02,0.02,2.29109,2.71507,0,0.429167,4.47552,4.35599e+06,2.70226e+06,9.97995e+06,0,0,0,0,80.8192,79.791,2.69723,0,1,1.71459,1.29061,0,1.3247,2.1168,9.05263e+06,3.61194e+06,1.55216e+07,0,0,0,6.61631e+07
85.139,85.139,2.743,0.02,0.02,2.29206,2.71573,0,0.42935,4.47552,4.35599e+06,2.70226e+06,9.9842e+06,0,0,0,0,80.8192,79.791,2.38688,0,1,1.71459,1.29093,0,1.3247,2.1168,9.05263e+06,3.61194e+06,1.55216e+07,0,0,0,6.61631e+07
85.0459,85.139,2.51773,0.02,0.02,2.35643,2.77979,0,0.429533,4.47552,4.35599e+06,2.70226e+06,1.02646e+07,0,0,0,0,80.7241,79.791,2.33993,0,1,1.74615,1.3228,0,1.3247,2.1168,9.05263e+06,3.61194e+06,1.58072e+07,0,0,0,6.61631e+07
85.139,85.139,2.98355,0.02,0.02,2.38898,2.78046,0,0.441596,4.47552,4.35599e+06,2.70226e+06,1.04064e+07,0,0,0,0,80.6884,79.791,2.43745,0,1,1.7146,1.32312,0,1.34907,2.1168,9.05263e+06,3.61194e+06,1.55217e+07,0,0,0,6.61631e+07
85.139,85.139,2.73377,0.02,0.02,2.38998,2.78114,0,0.447695,4.47552,4.35599e+06,2.70226e+06,1.04107e+07,0,0,0,0,80.6038,79.791,2.36226,0,1,1.7146,1.32344,0,1.3247,2.1168,9.05263e+06,3.61194e+06,1.55217e+07,0,0,0,6.61631e+07
85.0007,85.139,2.48124,0.02,0.02,2.39098,2.78182,0,0.447882,4.47552,4.35599e+06,2.70226e+06,1.04151e+07,0,0,0,0,80.4853,79.791,2.16933,0,1,1.7146,1.32376,0,1.3247,2.1168,9.05263e+06,3.61194e+06,1.55217e+07,0,0,0,6.61631e+07
84.4272,85.139,2.18191,0.02,0.02,2.57781,2.96833,0,0.44807,4.47552,4.35599e+06,2.70226e+06,1.12289e+07,0,0,0,0,80.2669,79.791,2.1442,0,1,1.8286,1.43808,0,1.3247,2.1168,9.05263e+06,3.61194e+06,1.65537e+07,0,0,0,6.61631e+07
83.8862,85.139,2.31545,0.02,0.02,2.69286,2.96905,0,0.483082,4.47552,4.35599e+06,2.70226e+06,1.17301e+07,0,0,0,0,80.168,79.791,2.16798,0,1,1.71463,1.43843,0,1.41278,2.1168,9.05263e+06,3.61194e+06,1.55219e+07,0,0,0,6.61631e+07
83.5736,85.139,2.54641,0.02,0.02,2.69393,2.96977,0,0.504641,4.47552,4.35599e+06,2.70226e+06,1.17347e+07,0,0,0,0,80.0727,79.791,2.19133,0,1,1.71463,1.43879,0,1.32472,2.1168,9.05263e+06,3.61194e+06,1.55219e+07,0,0,0,6.61631e+07
83.4165,85.139,2.74515,0.02,0.02,2.695,2.9705,0,0.504842,4.47552,4.35599e+06,2.70226e+06,1.17394e+07,0,0,0,0,80.0338,79.791,2.68612,0,1,1.71463,1.43914,0,1.32472,2.1168,9.05263e+06,3.61194e+06,1.55219e+07,0,0,0,6.61631e+07
82.8091,85.139,2.27765,0.02,0.02,2.69608,2.97122,0,0.505044,4.47552,4.35599e+06,2.70226e+06,1.17441e+07,0,0,0,0,79.8873,79.791,1.8944,0,1,1.71463,1.43949,0,1.32472,2.1168,9.05263e+06,3.61194e+06,1.55219e+07,0,0,0,6.61631e+07
83.0615,85.139,3.06331,0.03,0.02,2.60648,2.88127,0,0.505245,4.47552,4.35599e+06,2.70226e+06,1.13538e+07,0,0,0,0,80.2961,79.791,3.67439,0,1,1.64535,1.37056,0,1.32472,2.1168,9.05263e+06,3.61194e+06,1.48948e+07,0,0,0,6.61631e+07
82.9479,85.139,2.66058,0.03,0.02,2.53825,2.88197,0,0.488454,4.47552,4.35599e+06,2.70226e+06,1.10566e+07,0,0,0,0,80.4274,79.791,3.18208,0,1,1.71461,1.37089,0,1.2712,2.1168,9.05263e+06,3.61194e+06,1.55218e+07,0,0,0,6.61631e+07
83.7866,85.139,3.6176,0.03,0.02,2.53929,2.88267,0,0.475668,4.47552,4.35599e+06,2.70226e+06,1.10611e+07,0,0,0,0,80.8192,79.791,4.67169,0,1,1.71461,1.37123,0,1.32471,2.1168,9.05263e+06,3.61194e+06,1.55218e+07,0,0,0,6.61631e+07
84.3238,85.139,3.3464,0.03,0.02,2.54032,2.88338,0,0.475863,4.47552,4.35599e+06,2.70226e+06,1.10656e+07,0,0,0,0,80.8192,79.791,3.79813,0,1,1.71461,1.37156,0,1.32471,2.1168,9.05263e+06,3.61194e+06,1.55218e+07,0,0,0,6.61631e+07
84.5482,85.139,3.00415,0.03,0.02,2.46686,2.80958,0,0.476057,4.47552,4.35599e+06,2.70226e+06,1.07456e+07,0,0,0,0,80.8192,79.791,3.71441,0,1,1.65149,1.30878,0,1.32471,2.1168,9.05263e+06,3.61194e+06,1.49504e+07,0,0,0,6.61631e+07
83.6833,85.139,1.72605,0.03,0.02,2.40476,2.81026,0,0.462289,4.47552,4.35599e+06,2.70226e+06,1.04751e+07,0,0,0,0,80.7885,79.791,2.34501,0,1,1.7146,1.3091,0,1.27594,2.1168,9.05263e+06,3.61194e+06,1.55216e+07,0,0,0,6.61631e+07
83.0574,85.139,2.0863,0.04,0.02,2.40576,2.81095,0,0.450651,4.47552,4.35599e+06,2.70226e+06,1.04795e+07,0,0,0,0,80.6416,79.791,1.90095,0,1,1.7146,1.30941,0,1.3247,2.1168,9.05263e+06,3.61194e+06,1.55216e+07,0,0,0,6.61631e+07
82.0913,85.139,1.72228,0.03,0.02,2.40676,2.81163,0,0.45084,4.47552,4.35599e+06,2.70226e+06,1.04838e+07,0,0,0,0,80.4146,79.791,1.92356,0,1,1.7146,1.30973,0,1.3247,2.1168,9.05263e+06,3.61194e+06,1.55216e+07,0,0,0,6.61631e+07
83.8354,85.139,4.40027,0.02,0.02,2.19597,2.60052,0,0.451028,4.47552,4.35599e+06,2.70226e+06,9.56562e+06,0,0,0,0,80.8192,79.791,5.84231,0,1,1.58301,1.17846,0,1.3247,2.1168,9.05263e+06,3.61194e+06,1.43304e+07,0,0,0,6.61631e+07
85.139,85.139,6.37008,0.03,0.02,2.06533,2.60115,0,0.411525,4.47552,4.35599e+06,2.70226e+06,8.99656e+06,0,0,0,0,80.8192,79.791,9.05451,0,1,1.71457,1.17875,0,1.22303,2.1168,9.05263e+06,3.61194e+06,1.55213e+07,0,0,0,6.61631e+07
85.139,85.139,7.90254,0.02,0.02,2.06625,2.60178,0,0.387043,4.47552,4.35599e+06,2.70226e+06,9.00057e+06,0,0,0,0,80.8192,79.791,9.83545,0,1,1.71457,1.17904,0,1.32467,2.1168,9.05263e+06,3.61194e+06,1.55213e+07,0,0,0,6.61631e+07
85.139,85.139,5.78692,0.03,0.02,2.06717,2.60242,0,0.387216,4.47552,4.35599e+06,2.70226e+06,9.00458e+06,0,0,0,0,80.8192,79.791,10.3802,0,1,1.71457,1.17932,0,1.32467,2.1168,9.05263e+06,3.61194e+06,1.55213e+07,0,0,0,6.61631e+07
85.139,85.139,5.21771,0.05,0.02,2.06809,2.60305,0,0.387388,4.47552,4.35599e+06,2.70226e+06,9.0086e+06,0,0,0,0,80.8192,79.791,8.31041,0,1,1.71457,1.17961,0,1.32467,2.1168,9.05263e+06,3.61194e+06,1.55213e+07,0,0,0,6.61631e+07
85.139,85.139,5.81336,0.06,0.02,2.06838,2.60305,0,0.387561,4.47552,4.35599e+06,2.70226e+06,9.00985e+06,0,0,0,0,80.8192,79.791,10.3952,0,1,1.71428,1.17961,0,1.32467,2.1168,9.05263e+06,3.61194e+06,1.55187e+07,0,0,0,6.61631e+07
85.139,85.139,4.43005,0.07,0.02,1.43086,2.68524,0,0.387615,4.47552,4.35599e+06,2.70226e+06,6.23279e+06,0,0,0,0,80.8192,79.791,8.98414,0,1,2.47242,1.21804,0,1.32445,2.96352,9.05263e+06,3.61194e+06,2.23819e+07,0,0,0,6.61631e+07
85.139,85.139,5.94908,0.07,0.02,1.46992,2.68587,0,0.268142,4.47552,4.35599e+06,2.70226e+06,6.40295e+06,0,0,0,0,80.8192,79.791,10.06,0,1,2.43428,1.21833,0,1.91019,2.96352,9.05263e+06,3.61194e+06,2.20366e+07,0,0,0,6.61631e+07
85.139,85.139,4.11193,0.08,0.02,1.47083,2.6865,0,0.275463,4.47552,4.35599e+06,2.70226e+06,6.40693e+06,0,0,0,0,80.8192,79.791,6.24667,0,1,2.43428,1.21861,0,1.88072,2.96352,9.05263e+06,3.61194e+06,2.20366e+07,0,0,0,6.61631e+07
85.139,85.139,4.53306,0.08,0.02,1.47175,2.68713,0,0.275634,4.47552,4.35599e+06,2.70226e+06,6.41092e+06,0,0,0,0,80.8192,79.791,7.65434,0,1,2.43428,1.2189,0,1.88072,2.96352,9.05263e+06,3.61194e+06,2.20366e+07,0,0,0,6.61631e+07
85.139,85.139,4.46364,0.08,0.02,1.73482,2.94991,0,0.275805,4.47552,4.35599e+06,2.70226e+06,7.55686e+06,0,0,0,0,80.8192,79.791,7.69423,0,1,2.57763,1.36253,0,1.88072,2.96352,9.05263e+06,3.61194e+06,2.33343e+07,0,0,0,6.61631e+07
85.139,85.139,4.07749,0.08,0.02,1.87915,2.9506,0,0.325105,4.47552,4.35599e+06,2.70226e+06,8.18554e+06,0,0,0,0,80.8192,79.791,6.92746,0,1,2.43431,1.36285,0,1.99148,2.96352,9.05263e+06,3.61194e+06,2.20369e+07,0,0,0,6.61631e+07
85.139,85.139,3.43932,0.07,0.02,1.88016,2.9513,0,0.352152,4.47552,4.35599e+06,2.70226e+06,8.18995e+06,0,0,0,0,80.8192,79.791,6.11981,0,1,2.43431,1.36317,0,1.88075,2.96352,9.05263e+06,3.61194e+06,2.20369e+07,0,0,0,6.61631e+07
85.139,85.139,3.53888,0.07,0.02,1.88117,2.95199,0,0.352341,4.47552,4.35599e+06,2.70226e+06,8.19435e+06,0,0,0,0,80.8192,79.791,7.50086,0,1,2.43431,1.36349,0,1.88075,2.96352,9.05263e+06,3.61194e+06,2.20369e+07,0,0,0,6.61631e+07
85.139,85.139,5.62946,0.06,0.02,1.50791,2.57841,0,0.352531,4.47552,4.35599e+06,2.70226e+06,6.56843e+06,0,0,0,0,80.8192,79.791,8.96466,0,1,2.24175,1.17125,0,1.88075,2.96352,9.05263e+06,3.61194e+06,2.02938e+07,0,0,0,6.61631e+07
85.139,85.139,5.42004,0.07,0.02,1.31627,2.57901,0,0.282582,4.47552,4.35599e+06,2.70226e+06,5.73368e+06,0,0,0,0,80.8192,79.791,7.02358,0,1,2.43427,1.17153,0,1.73198,2.96352,9.05263e+06,3.61194e+06,2.20365e+07,0,0,0,6.61631e+07
85.139,85.139,4.37193,0.07,0.02,1.31715,2.57962,0,0.24667,4.47552,4.35599e+06,2.70226e+06,5.7375e+06,0,0,0,0,80.8192,79.791,5.02018,0,1,2.43427,1.1718,0,1.88071,2.96352,9.05263e+06,3.61194e+06,2.20365e+07,0,0,0,6.61631e+07
85.139,85.139,3.05168,0.07,0.02,1.31803,2.58022,0,0.246834,4.47552,4.35599e+06,2.70226e+06,5.74133e+06,0,0,0,0,80.8192,79.791,3.8885,0,1,2.43427,1.17208,0,1.88071,2.96352,9.05263e+06,3.61194e+06,2.20365e+07,0,0,0,6.61631e+07
85.139,85.139,4.53206,0.07,0.02,1.31891,2.58082,0,0.246999,4.47552,4.35599e+06,2.70226e+06,5.74516e+06,0,0,0,0,80.8192,79.791,5.38206,0,1,2.43427,1.17235,0,1.88071,2.96352,9.05263e+06,3.61194e+06,2.20365e+07,0,0,0,6.61631e+07
85.139,85.139,5.19109,0.07,0.02,1.41411,2.67575,0,0.247164,4.47552,4.35599e+06,2.70226e+06,6.15985e+06,0,0,0,0,80.8192,79.791,6.28371,0,1,2.48143,1.21979,0,1.88071,2.96352,9.05263e+06,3.61194e+06,2.24635e+07,0,0,0,6.61631e+07
85.139,85.139,3.84201,0.07,0.02,1.46217,2.67638,0,0.265004,4.47552,4.35599e+06,2.70226e+06,6.36921e+06,0,0,0,0,80.8192,79.791,4.34023,0,1,2.43428,1.22007,0,1.91715,2.96352,9.05263e+06,3.61194e+06,2.20366e+07,0,0,0,6.61631e+07
85.139,85.139,3.6862,0.06,0.02,1.46309,2.677,0,0.274011,4.47552,4.35599e+06,2.70226e+06,6.37318e+06,0,0,0,0,80.8192,79.791,4.47476,0,1,2.43428,1.22036,0,1.88072,2.96352,9.05263e+06,3.61194e+06,2.20366e+07,0,0,0,6.61631e+07
85.139,85.139,3.30193,0.06,0.02,1.464,2.67763,0,0.274182,4.47552,4.35599e+06,2.70226e+06,6.37716e+06,0,0,0,0,80.8192,79.791,4.34846,0,1,2.43428,1.22065,0,1.88072,2.96352,9.05263e+06,3.61194e+06,2.20366e+07,0,0,0,6.61631e+07
85.139,85.139,3.30362,0.06,0.02,1.428,2.64134,0,0.274353,4.47552,4.35599e+06,2.70226e+06,6.22034e+06,0,0,0,0,80.8192,79.791,4.54869,0,1,2.41594,1.2026,0,1.88072,2.96352,9.05263e+06,3.61194e+06,2.18707e+07,0,0,0,6.61631e+07
85.139,85.139,2.61306,0.06,0.02,1.41057,2.64196,0,0.267607,4.47552,4.35599e+06,2.70226e+06,6.14442e+06,0,0,0,0,80.8192,79.791,3.56567,0,1,2.43427,1.20288,0,1.86656,2.96352,9.05263e+06,3.61194e+06,2.20366e+07,0,0,0,6.61631e+07
85.139,85.139,2.25668,0.06,0.02,1.41147,2.64258,0,0.26434,4.47552,4.35599e+06,2.70226e+06,6.14834e+06,0,0,0,0,80.8192,79.791,3.22252,0,1,2.43427,1.20316,0,1.88072,2.96352,9.05263e+06,3.61194e+06,2.20366e+07,0,0,0,6.61631e+07
85.139,85.139,2.30515,0.06,0.02,1.41237,2.6432,0,0.264509,4.47552,4.35599e+06,2.70226e+06,6.15227e+06,0,0,0,0,80.8192,79.791,2.71209,0,1,2.43427,1.20344,0,1.88072,2.96352,9.05263e+06,3.61194e+06,2.20366e+07,0,0,0,6.61631e+07
85.139,85.139,2.33341,0.06,0.02,1.53868,2.76923,0,0.264678,4.47552,4.35599e+06,2.70226e+06,6.7025e+06,0,0,0,0,80.8192,79.791,2.92852,0,1,2.49935,1.2688,0,1.88072,2.96352,9.05263e+06,3.61194e+06,2.26257e+07,0,0,0,6.61631e+07
85.139,85.139,2.08504,0.05,0.02,1.60469,2.76988,0,0.28835,4.47552,4.35599e+06,2.70226e+06,6.99003e+06,0,0,0,0,80.8192,79.791,3.02209,0,1,2.43429,1.2691,0,1.931,2.96352,9.05263e+06,3.61194e+06,2.20367e+07,0,0,0,6.61631e+07
85.0478,85.139,1.97672,0.04,0.02,1.60564,2.77053,0,0.30072,4.47552,4.35599e+06,2.70226e+06,6.99415e+06,0,0,0,0,80.8192,79.791,2.90341,0,1,2.43429,1.2694,0,1.88073,2.96352,9.05263e+06,3.61194e+06,2.20367e+07,0,0,0,6.61631e+07
84.8445,85.139,1.84564,0.06,0.02,1.60659,2.77118,0,0.300897,4.47552,4.35599e+06,2.70226e+06,6.99828e+06,0,0,0,0,80.8192,79.791,2.74034,0,1,2.43429,1.2697,0,1.88073,2.96352,9.05263e+06,3.61194e+06,2.20367e+07,0,0,0,6.61631e+07
84.6824,85.139,1.82154,0.04,0.02,1.60753,2.77183,0,0.301074,4.47552,4.35599e+06,2.70226e+06,7.0024e+06,0,0,0,0,80.8192,79.791,2.97876,0,1,2.43429,1.26999,0,1.88073,2.96352,9.05263e+06,3.61194e+06,2.20367e+07,0,0,0,6.61631e+07
84.6161,85.139,1.89358,0.04,0.02,1.58365,2.74765,0,0.301252,4.47552,4.35599e+06,2.70226e+06,6.89836e+06,0,0,0,0,80.8192,79.791,3.55641,0,1,2.4701,1.3061,0,1.88073,2.96352,9.05263e+06,3.61194e+06,2.23609e+07,0,0,0,6.61631e+07
84.3546,85.139,1.71679,0.03,0.02,1.6204,2.74829,0,0.296776,4.47552,4.35599e+06,2.70226e+06,7.05844e+06,0,0,0,0,80.8192,79.791,3.2202,0,1,2.4343,1.30641,0,1.9084,2.96352,9.05263e+06,3.61194e+06,2.20368e+07,0,0,0,6.61631e+07
84.0438,85.139,1.62371,0.02,0.02,1.62135,2.74893,0,0.303663,4.47552,4.35599e+06,2.70226e+06,7.06258e+06,0,0,0,0,80.7614,79.791,3.16202,0,1,2.4343,1.30671,0,1.88074,2.96352,9.05263e+06,3.61194e+06,2.20368e+07,0,0,0,6.61631e+07
83.56,85.139,1.44476,0.02,0.02,1.6223,2.74958,0,0.303841,4.47552,4.35599e+06,2.70226e+06,7.06672e+06,0,0,0,0,80.6518,79.791,3.07534,0,1,2.4343,1.30702,0,1.88074,2.96352,9.05263e+06,3.61194e+06,2.20368e+07,0,0,0,6.61631e+07
83.2827,85.139,1.70757,0.02,0.02,1.68743,2.81441,0,0.304019,4.47552,4.35599e+06,2.70226e+06,7.35044e+06,0,0,0,0,80.7148,79.791,3.41153,0,1,2.46624,1.33927,0,1.88074,2.96352,9.05263e+06,3.61194e+06,2.2326e+07,0,0,0,6.61631e+07
82.8622,85.139,1.587,0.02,0.02,1.72034,2.81506,0,0.316225,4.47552,4.35599e+06,2.70226e+06,7.4938e+06,0,0,0,0,80.7457,79.791,3.35648,0,1,2.43431,1.33958,0,1.90542,2.96352,9.05263e+06,3.61194e+06,2.20369e+07,0,0,0,6.61631e+07
82.308,85.139,1.44694,0.02,0.02,1.72132,2.81572,0,0.322392,4.47552,4.35599e+06,2.70226e+06,7.49803e+06,0,0,0,0,80.736,79.791,3.0971,0,1,2.43431,1.3399,0,1.88074,2.96352,9.05263e+06,3.61194e+06,2.20369e+07,0,0,0,6.61631e+07
81.5873,85.139,1.25977,0.02,0.02,1.72229,2.81638,0,0.322575,4.47552,4.35599e+06,2.70226e+06,7.50227e+06,0,0,0,0,80.7153,79.791,3.07346,0,1,2.43431,1.34021,0,1.88074,2.96352,9.05263e+06,3.61194e+06,2.20369e+07,0,0,0,6.61631e+07
80.501,85.139,1.04875,0.02,0.02,1.9114,3.00518,0,0.322757,4.47552,4.35599e+06,2.70226e+06,8.32604e+06,0,0,0,0,80.6954,79.791,3.13362,0,1,2.54972,1.45594,0,1.88074,2.96352,9.05263e+06,3.61194e+06,2.30817e+07,0,0,0,6.61631e+07
79.1699,85.139,0.881825,0.02,0.02,2.02783,3.00588,0,0.358196,4.47552,4.35599e+06,2.70226e+06,8.83321e+06,0,0,0,0,80.6166,79.791,3.096,0,1,2.43433,1.45628,0,1.96991,2.96352,9.05263e+06,3.61194e+06,2.20371e+07,0,0,0,6.61631e+07
77.943,85.139,0.980139,0.04,0.02,2.02888,3.00659,0,0.380015,4.47552,4.35599e+06,2.70226e+06,8.83776e+06,0,0,0,0,80.5608,79.791,3.18662,0,1,2.43433,1.45662,0,1.88077,2.96352,9.05263e+06,3.61194e+06,2.20371e+07,0,0,0,6.61631e+07
77.2543,85.139,1.5723,0.05,0.02,2.02992,3.00729,0,0.380211,4.47552,4.35599e+06,2.70226e+06,8.84231e+06,0,0,0,0,80.7177,79.791,3.86542,0,1,2.43433,1.45696,0,1.88077,2.96352,9.05263e+06,3.61194e+06,2.20371e+07,0,0,0,6.61631e+07
77.0052,85.139,2.02628,0.05,0.02,2.03096,3.008,0,0.380407,4.47552,4.35599e+06,2.70226e+06,8.84686e+06,0,0,0,0,80.8192,79.791,3.99322,0,1,2.43433,1.4573,0,1.88077,2.96352,9.05263e+06,3.61194e+06,2.20371e+07,0,0,0,6.61631e+07
76.6962,85.139,1.86922,0.05,0.02,1.94021,2.9169,0,0.380603,4.47552,4.35599e+06,2.70226e+06,8.45154e+06,0,0,0,0,80.8192,79.791,3.21945,0,1,2.3642,1.38751,0,1.88077,2.96352,9.05263e+06,3.61194e+06,2.14022e+07,0,0,0,6.61631e+07
76.1495,85.139,1.56414,0.05,0.02,1.8711,2.91758,0,0.363596,4.47552,4.35599e+06,2.70226e+06,8.1505e+06,0,0,0,0,80.8192,79.791,5.14724,0,1,2.43432,1.38783,0,1.82658,2.96352,9.05263e+06,3.61194e+06,2.2037e+07,0,0,0,6.61631e+07
75.3823,85.139,1.34158,0.06,0.02,1.87211,2.91827,0,0.350644,4.47552,4.35599e+06,2.70226e+06,8.15489e+06,0,0,0,0,80.7525,79.791,2.78996,0,1,2.43432,1.38816,0,1.88075,2.96352,9.05263e+06,3.61194e+06,2.2037e+07,0,0,0,6.61631e+07
74.7993,85.139,1.56,0.06,0.02,1.87312,2.91895,0,0.350833,4.47552,4.35599e+06,2.70226e+06,8.15928e+06,0,0,0,0,80.7305,79.791,2.85529,0,1,2.43432,1.38848,0,1.88075,2.96352,9.05263e+06,3.61194e+06,2.2037e+07,0,0,0,6.61631e+07
74.418,85.139,1.75284,0.06,0.02,1.7987,2.84421,0,0.351022,4.47552,4.35599e+06,2.70226e+06,7.83513e+06,0,0,0,0,80.8192,79.791,3.26493,0,1,2.37042,1.32491,0,1.88075,2.96352,9.05263e+06,3.61194e+06,2.14585e+07,0,0,0,6.61631e+07
74.0053,85.139,1.72607,0.06,0.02,1.7358,2.84488,0,0.337077,4.47552,4.35599e+06,2.70226e+06,7.56111e+06,0,0,0,0,80.8192,79.791,2.94813,0,1,2.4343,1.32522,0,1.83138,2.96352,9.05263e+06,3.61194e+06,2.20368e+07,0,0,0,6.61631e+07
74.8532,85.139,3.04002,0.06,0.02,1.73677,2.84554,0,0.325288,4.47552,4.35599e+06,2.70226e+06,7.56536e+06,0,0,0,0,80.8192,79.791,3.92267,0,1,2.4343,1.32553,0,1.88074,2.96352,9.05263e+06,3.61194e+06,2.20368e+07,0,0,0,6.61631e+07
76.0872,85.139,3.5537,0.05,0.02,1.73775,2.84621,0,0.325471,4.47552,4.35599e+06,2.70226e+06,7.56961e+06,0,0,0,0,80.8192,79.791,5.01119,0,1,2.4343,1.32584,0,1.88074,2.96352,9.05263e+06,3.61194e+06,2.20368e+07,0,0,0,6.61631e+07
77.9604,85.139,3.96475,0.05,0.02,1.52432,2.63247,0,0.325654,4.47552,4.35599e+06,2.70226e+06,6.63993e+06,0,0,0,0,80.8192,79.791,6.89029,0,1,2.30109,1.19294,0,1.88074,2.96352,9.05263e+06,3.61194e+06,2.0831e+07,0,0,0,6.61631e+07
79.0201,85.139,3.17194,0.06,0.02,1.39204,2.63309,0,0.285658,4.47552,4.35599e+06,2.70226e+06,6.06371e+06,0,0,0,0,80.8192,79.791,7.4825,0,1,2.43427,1.19322,0,1.77783,2.96352,9.05263e+06,3.61194e+06,2.20366e+07,0,0,0,6.61631e+07
80.8386,85.139,4.07058,0.07,0.02,1.39294,2.6337,0,0.260868,4.47552,4.35599e+06,2.70226e+06,6.06761e+06,0,0,0,0,80.8192,79.791,9.29702,0,1,2.43427,1.1935,0,1.88072,2.96352,9.05263e+06,3.61194e+06,2.20366e+07,0,0,0,6.61631e+07
81.9591,85.139,3.39799,0.04,0.02,1.39383,2.63432,0,0.261036,4.47552,4.35599e+06,2.70226e+06,6.07151e+06,0,0,0,0,80.8192,79.791,5.07511,0,1,2.43427,1.19378,0,1.88072,2.96352,9.05263e+06,3.61194e+06,2.20366e+07,0,0,0,6.61631e+07
83.1163,85.139,3.4697,0.04,0.02,1.39473,2.63494,0,0.261204,4.47552,4.35599e+06,2.70226e+06,6.07542e+06,0,0,0,0,80.8192,79.791,3.69098,0,1,2.43427,1.19406,0,1.88072,2.96352,9.05263e+06,3.61194e+06,2.20366e+07,0,0,0,6.61631e+07
85.139,85.139,5.69898,0.04,0.02,1.47817,2.7181,0,0.261372,4.47552,4.35599e+06,2.70226e+06,6.43891e+06,0,0,0,0,80.8192,79.791,11.8907,0,0,2.47288,1.23295,0,1.88072,2.96352,9.05263e+06,3.61194e+06,2.23861e+07,0,0,0,6.61631e+07
85.139,85.139,5.22204,0.04,0.02,1.51768,2.71872,0,0.27701,4.47552,4.35599e+06,2.70226e+06,6.61098e+06,0,0,0,0,80.8192,79.791,11.1507,0,0,2.43427,1.23323,0,1.91055,2.96352,9.05263e+06,3.61194e+06,2.20365e+07,0,0,0,6.61631e+07
85.139,85.139,5.29854,0.05,0.02,1.51856,2.71933,0,0.284412,4.47552,4.35599e+06,2.70226e+06,6.61484e+06,0,0,0,0,80.8192,79.791,8.52377,0,0,2.43427,1.23351,0,1.88072,2.96352,9.05263e+06,3.61194e+06,2.20365e+07,0,0,0,6.61631e+07
85.139,85.139,4.71431,0.05,0.02,1.51945,2.71994,0,0.284579,4.47552,4.35599e+06,2.70226e+06,6.61871e+06,0,0,0,0,80.8192,79.791,9.03613,0,0,2.43427,1.23378,0,1.88072,2.96352,9.05263e+06,3.61194e+06,2.20365e+07,0,0,0,6.61631e+07
85.139,85.139,4.04375,0.05,0.02,1.7857,2.9859,0,0.284745,4.47552,4.35599e+06,2.70226e+06,7.77847e+06,0,0,0,0,80.8192,79.791,6.02593,0,0,2.57937,1.37916,0,1.88072,2.96352,9.05263e+06,3.61194e+06,2.33501e+07,0,0,0,6.61631e+07
85.139,85.139,6.58522,0.05,0.02,1.93174,2.98658,0,0.334639,4.47552,4.35599e+06,2.70226e+06,8.41465e+06,0,0,0,0,80.8192,79.791,11.6855,0,0,2.4343,1.37947,0,1.99282,2.96352,9.05263e+06,3.61194e+06,2.20368e+07,0,0,0,6.61631e+07
85.139,85.139,6.52864,0.05,0.02,1.93272,2.98725,0,0.362009,4.47552,4.35599e+06,2.70226e+06,8.41893e+06,0,0,0,0,80.8192,79.791,11.2812,0,0,2.4343,1.37978,0,1.88074,2.96352,9.05263e+06,3.61194e+06,2.20368e+07,0,0,0,6.61631e+07
85.139,85.139,4.40416,0.04,0.02,1.93371,2.98792,0,0.362192,4.47552,4.35599e+06,2.70226e+06,8.4232e+06,0,0,0,0,80.8192,79.791,5.91501,0,0,2.4343,1.38009,0,1.88074,2.96352,9.05263e+06,3.61194e+06,2.20368e+07,0,0,0,6.61631e+07
85.139,85.139,3.56492,0.04,0.02,1.55586,2.60977,0,0.362376,4.47552,4.35599e+06,2.70226e+06,6.77733e+06,0,0,0,0,80.8192,79.791,5.17333,0,0,2.2394,1.1855,0,1.88074,2.96352,9.05263e+06,3.61194e+06,2.02725e+07,0,0,0,6.61631e+07
85.139,85.139,3.50465,0.04,0.02,1.36186,2.61035,0,0.291569,4.47552,4.35599e+06,2.70226e+06,5.93225e+06,0,0,0,0,80.8192,79.791,6.88826,0,0,2.43426,1.18577,0,1.73016,2.96352,9.05263e+06,3.61194e+06,2.20365e+07,0,0,0,6.61631e+07
85.139,85.139,4.55756,0.05,0.02,1.36271,2.61094,0,0.255213,4.47552,4.35599e+06,2.70226e+06,5.93596e+06,0,0,0,0,80.8192,79.791,8.03466,0,0,2.43426,1.18603,0,1.88071,2.96352,9.05263e+06,3.61194e+06,2.20364e+07,0,0,0,6.61631e+07
85.139,85.139,6.19786,0.06,0.02,1.36357,2.61153,0,0.255372,4.47552,4.35599e+06,2.70226e+06,5.93968e+06,0,0,0,0,80.8192,79.791,8.01398,0,0,2.43426,1.1863,0,1.88071,2.96352,9.05263e+06,3.61194e+06,2.20365e+07,0,0,0,6.61631e+07
85.139,85.139,4.85457,0.07,0.02,1.36442,2.61211,0,0.255532,4.47552,4.35599e+06,2.70226e+06,5.94339e+06,0,0,0,0,80.8192,79.791,7.24144,0,0,2.43426,1.18656,0,1.88071,2.96352,9.05263e+06,3.61194e+06,2.20365e+07,0,0,0,6.61631e+07
85.139,85.139,6.6237,0.07,0.02,1.46073,2.70816,0,0.255692,4.47552,4.35599e+06,2.70226e+06,6.36294e+06,0,0,0,0,80.8192,79.791,7.89364,0,0,2.48199,1.23456,0,1.88071,2.96352,9.05263e+06,3.61194e+06,2.24686e+07,0,0,0,6.61631e+07
85.139,85.139,6.24768,0.07,0.02,1.50934,2.70877,0,0.273742,4.47552,4.35599e+06,2.70226e+06,6.57468e+06,0,0,0,0,80.8192,79.791,8.76427,0,0,2.43427,1.23484,0,1.91759,2.96352,9.05263e+06,3.61194e+06,2.20365e+07,0,0,0,6.61631e+07
85.139,85.139,4.65697,0.07,0.02,1.51023,2.70938,0,0.282851,4.47552,4.35599e+06,2.70226e+06,6.57854e+06,0,0,0,0,80.8192,79.791,7.98534,0,0,2.43427,1.23512,0,1.88072,2.96352,9.05263e+06,3.61194e+06,2.20365e+07,0,0,0,6.61631e+07
85.139,85.139,3.9263,0.06,0.02,1.51111,2.70999,0,0.283017,4.47552,4.35599e+06,2.70226e+06,6.5824e+06,0,0,0,0,80.8192,79.791,6.13284,0,0,2.43427,1.2354,0,1.88072,2.96352,9.05263e+06,3.61194e+06,2.20366e+07,0,0,0,6.61631e+07
85.139,85.139,4.07566,0.06,0.02,1.47464,2.67324,0,0.283183,4.47552,4.35599e+06,2.70226e+06,6.42352e+06,0,0,0,0,80.8192,79.791,6.62241,0,0,2.41571,1.21712,0,1.88072,2.96352,9.05263e+06,3.61194e+06,2.18686e+07,0,0,0,6.61631e+07
85.139,85.139,3.3713,0.06,0.02,1.45696,2.67384,0,0.276348,4.47552,4.35599e+06,2.70226e+06,6.34652e+06,0,0,0,0,80.8192,79.791,5.27827,0,0,2.43427,1.21739,0,1.86638,2.96352,9.05263e+06,3.61194e+06,2.20365e+07,0,0,0,6.61631e+07
85.139,85.139,2.95326,0.06,0.02,1.45784,2.67444,0,0.273035,4.47552,4.35599e+06,2.70226e+06,6.35033e+06,0,0,0,0,80.8192,79.791,4.76875,0,0,2.43427,1.21767,0,1.88071,2.96352,9.05263e+06,3.61194e+06,2.20365e+07,0,0,0,6.61631e+07
85.139,85.139,2.64758,0.06,0.02,1.45871,2.67504,0,0.273199,4.47552,4.35599e+06,2.70226e+06,6.35413e+06,0,0,0,0,80.8192,79.791,4.22613,0,0,2.43427,1.21794,0,1.88071,2.96352,9.05263e+06,3.61194e+06,2.20365e+07,0,0,0,6.61631e+07
85.139,85.139,2.58137,0.06,0.02,1.58651,2.80256,0,0.273363,4.47552,4.35599e+06,2.70226e+06,6.91082e+06,0,0,0,0,80.8192,79.791,4.07622,0,0,2.50013,1.28408,0,1.88071,2.96352,9.05263e+06,3.61194e+06,2.26327e+07,0,0,0,6.61631e+07
85.139,85.139,2.73844,0.06,0.02,1.65328,2.80319,0,0.297312,4.47552,4.35599e+06,2.70226e+06,7.20166e+06,0,0,0,0,80.8192,79.791,4.05026,0,0,2.43428,1.28436,0,1.9316,2.96352,9.05263e+06,3.61194e+06,2.20366e+07,0,0,0,6.61631e+07
85.139,85.139,2.40612,0.04,0.02,1.65419,2.80382,0,0.309824,4.47552,4.35599e+06,2.70226e+06,7.20565e+06,0,0,0,0,80.8192,79.791,3.85651,0,0,2.43428,1.28465,0,1.88072,2.96352,9.05263e+06,3.61194e+06,2.20366e+07,0,0,0,6.61631e+07
85.139,85.139,2.33255,0.04,0.02,1.65511,2.80445,0,0.309996,4.47552,4.35599e+06,2.70226e+06,7.20965e+06,0,0,0,0,80.8192,79.791,3.9042,0,0,2.43428,1.28494,0,1.88073,2.96352,9.05263e+06,3.61194e+06,2.20366e+07,0,0,0,6.61631e+07
85.139,85.139,2.20876,0.03,0.02,1.65603,2.80508,0,0.310168,4.47552,4.35599e+06,2.70226e+06,7.21365e+06,0,0,0,0,80.8192,79.791,3.63964,0,0,2.43428,1.28523,0,1.88073,2.96352,9.05263e+06,3.61194e+06,2.20367e+07,0,0,0,6.61631e+07
85.139,85.139,2.07298,0.02,0.02,1.63182,2.78058,0,0.31034,4.47552,4.35599e+06,2.70226e+06,7.10819e+06,0,0,0,0,80.8192,79.791,2.96355,0,0,2.47052,1.32176,0,1.88073,2.96352,9.05263e+06,3.61194e+06,2.23647e+07,0,0,0,6.61631e+07
85.0412,85.139,1.90465,0.02,0.02,1.66897,2.78121,0,0.305803,4.47552,4.35599e+06,2.70226e+06,7.27003e+06,0,0,0,0,80.7987,79.791,2.97441,0,0,2.43429,1.32205,0,1.90872,2.96352,9.05263e+06,3.61194e+06,2.20367e+07,0,0,0,6.61631e+07
84.7902,85.139,1.74413,0.03,0.02,1.66989,2.78183,0,0.312766,4.47552,4.35599e+06,2.70226e+06,7.27404e+06,0,0,0,0,80.721,79.791,2.6294,0,0,2.43429,1.32235,0,1.88073,2.96352,9.05263e+06,3.61194e+06,2.20367e+07,0,0,0,6.61631e+07
84.4276,85.139,1.60084,0.02,0.02,1.67082,2.78246,0,0.312938,4.47552,4.35599e+06,2.70226e+06,7.27806e+06,0,0,0,0,80.5565,79.791,2.57961,0,0,2.43429,1.32265,0,1.88073,2.96352,9.05263e+06,3.61194e+06,2.20367e+07,0,0,0,6.61631e+07
84.0277,85.139,1.60768,0.02,0.02,1.73669,2.84803,0,0.313111,4.47552,4.35599e+06,2.70226e+06,7.565e+06,0,0,0,0,80.4131,79.791,2.44648,0,0,2.46662,1.35527,0,1.88073,2.96352,9.05263e+06,3.61194e+06,2.23294e+07,0,0,0,6.61631e+07
83.792,85.139,1.80839,0.02,0.02,1.76995,2.84867,0,0.325456,4.47552,4.35599e+06,2.70226e+06,7.70989e+06,0,0,0,0,80.5327,79.791,2.96129,0,0,2.4343,1.35558,0,1.90571,2.96352,9.05263e+06,3.61194e+06,2.20368e+07,0,0,0,6.61631e+07
83.4403,85.139,1.67341,0.02,0.02,1.7709,2.84931,0,0.331689,4.47552,4.35599e+06,2.70226e+06,7.71401e+06,0,0,0,0,80.5089,79.791,2.95856,0,0,2.4343,1.35588,0,1.88074,2.96352,9.05263e+06,3.61194e+06,2.20368e+07,0,0,0,6.61631e+07
82.9708,85.139,1.55077,0.02,0.02,1.77184,2.84995,0,0.331866,4.47552,4.35599e+06,2.70226e+06,7.71812e+06,0,0,0,0,80.4169,79.791,2.64305,0,0,2.4343,1.35619,0,1.88074,2.96352,9.05263e+06,3.61194e+06,2.20368e+07,0,0,0,6.61631e+07
82.2586,85.139,1.45813,0.02,0.02,1.96316,3.04097,0,0.332043,4.47552,4.35599e+06,2.70226e+06,8.55152e+06,0,0,0,0,80.3022,79.791,2.51437,0,0,2.55108,1.47328,0,1.88074,2.96352,9.05263e+06,3.61194e+06,2.3094e+07,0,0,0,6.61631e+07
81.4208,85.139,1.41354,0.03,0.02,2.08094,3.04165,0,0.367897,4.47552,4.35599e+06,2.70226e+06,9.06455e+06,0,0,0,0,80.0684,79.791,2.2184,0,0,2.43432,1.47361,0,1.97097,2.96352,9.05263e+06,3.61194e+06,2.2037e+07,0,0,0,6.61631e+07
80.7153,85.139,1.56712,0.04,0.02,2.08195,3.04234,0,0.389968,4.47552,4.35599e+06,2.70226e+06,9.06896e+06,0,0,0,0,79.9204,79.791,2.73008,0,0,2.43432,1.47394,0,1.88076,2.96352,9.05263e+06,3.61194e+06,2.2037e+07,0,0,0,6.61631e+07
79.7252,85.139,1.27771,0.04,0.02,2.08297,3.04302,0,0.390158,4.47552,4.35599e+06,2.70226e+06,9.07338e+06,0,0,0,0,79.6056,79.791,1.93864,0,0,2.43432,1.47427,0,1.88076,2.96352,9.05263e+06,3.61194e+06,2.2037e+07,0,0,0,6.61631e+07
79.0263,85.139,1.55622,0.04,0.02,2.08398,3.0437,0,0.390348,4.47552,4.35599e+06,2.70226e+06,9.0778e+06,0,0,0,0,79.7761,79.791,3.50203,0,0,2.43432,1.4746,0,1.88076,2.96352,9.05263e+06,3.61194e+06,2.2037e+07,0,0,0,6.61631e+07
78.9685,85.139,2.10117,0.06,0.02,1.99211,2.9515,0,0.390538,4.47552,4.35599e+06,2.70226e+06,8.6776e+06,0,0,0,0,79.7486,79.791,2.91572,0,0,2.36336,1.40397,0,1.88076,2.96352,9.05263e+06,3.61194e+06,2.13946e+07,0,0,0,6.61631e+07
79.1526,85.139,2.35079,0.07,0.02,1.92213,2.95216,0,0.373321,4.47552,4.35599e+06,2.70226e+06,8.3728e+06,0,0,0,0,80.1495,79.791,3.90339,0,0,2.43431,1.40428,0,1.82593,2.96352,9.05263e+06,3.61194e+06,2.20369e+07,0,0,0,6.61631e+07
79.1927,85.139,2.2342,0.07,0.02,1.92311,2.95282,0,0.360208,4.47552,4.35599e+06,2.70226e+06,8.37706e+06,0,0,0,0,80.5707,79.791,3.86244,0,0,2.43431,1.4046,0,1.88075,2.96352,9.05263e+06,3.61194e+06,2.20369e+07,0,0,0,6.61631e+07
79.4909,85.139,2.56744,0.07,0.02,1.92409,2.95349,0,0.360391,4.47552,4.35599e+06,2.70226e+06,8.38132e+06,0,0,0,0,80.8192,79.791,4.7075,0,0,2.43431,1.40491,0,1.88075,2.96352,9.05263e+06,3.61194e+06,2.20369e+07,0,0,0,6.61631e+07
79.2032,85.139,2.10881,0.05,0.02,1.84876,2.87784,0,0.360575,4.47552,4.35599e+06,2.70226e+06,8.05316e+06,0,0,0,0,80.8192,79.791,4.10912,0,0,2.36965,1.34057,0,1.88075,2.96352,9.05263e+06,3.61194e+06,2.14516e+07,0,0,0,6.61631e+07
78.5519,85.139,1.52548,0.08,0.02,1.78506,2.87848,0,0.346457,4.47552,4.35599e+06,2.70226e+06,7.77571e+06,0,0,0,0,80.8192,79.791,3.79845,0,0,2.43429,1.34087,0,1.83079,2.96352,9.05263e+06,3.61194e+06,2.20368e+07,0,0,0,6.61631e+07
82.0461,85.139,5.82652,0.09,0.02,1.78601,2.87913,0,0.334521,4.47552,4.35599e+06,2.70226e+06,7.77984e+06,0,0,0,0,80.8192,79.791,6.14088,0,0,2.43429,1.34118,0,1.88073,2.96352,9.05263e+06,3.61194e+06,2.20368e+07,0,0,0,6.61631e+07
84.1332,85.139,4.52409,0.04,0.02,1.78696,2.87977,0,0.334698,4.47552,4.35599e+06,2.70226e+06,7.78396e+06,0,0,0,0,80.8192,79.791,6.40914,0,0,2.43429,1.34148,0,1.88073,2.96352,9.05263e+06,3.61194e+06,2.20368e+07,0,0,0,6.61631e+07
84.8846,85.139,2.94295,0.04,0.02,1.57098,2.66349,0,0.334876,4.47552,4.35599e+06,2.70226e+06,6.84315e+06,0,0,0,0,80.8192,79.791,4.64293,0,0,2.29952,1.207,0,1.88073,2.96352,9.05263e+06,3.61194e+06,2.08167e+07,0,0,0,6.61631e+07
85.139,85.139,4.65822,0.04,0.02,1.4371,2.66409,0,0.294401,4.47552,4.35599e+06,2.70226e+06,6.25998e+06,0,0,0,0,80.8192,79.791,7.11496,0,0,2.43426,1.20727,0,1.77661,2.96352,9.05263e+06,3.61194e+06,2.20365e+07,0,0,0,6.61631e+07
85.139,85.139,5.71202,0.03,0.02,1.43797,2.66469,0,0.269312,4.47552,4.35599e+06,2.70226e+06,6.26376e+06,0,0,0,0,80.8192,79.791,9.41158,0,0,2.43426,1.20754,0,1.88071,2.96352,9.05263e+06,3.61194e+06,2.20365e+07,0,0,0,6.61631e+07
85.139,85.139,4.53431,0.03,0.02,1.43883,2.66528,0,0.269475,4.47552,4.35599e+06,2.70226e+06,6.26755e+06,0,0,0,0,80.8192,79.791,8.21411,0,0,2.43426,1.20781,0,1.88071,2.96352,9.05263e+06,3.61194e+06,2.20365e+07,0,0,0,6.61631e+07
85.139,85.139,6.54727,0.03,0.02,1.4397,2.66588,0,0.269638,4.47552,4.35599e+06,2.70226e+06,6.27133e+06,0,0,0,0,80.8192,79.791,9.25782,0,0,2.43426,1.20808,0,1.88071,2.96352,9.05263e+06,3.61194e+06,2.20365e+07,0,0,0,6.61631e+07
85.139,85.139,2.85498,0.04,0.02,1.52409,2.75,0,0.2698,4.47552,4.35599e+06,2.70226e+06,6.63893e+06,0,0,0,0,80.8192,79.791,5.06509,0,0,2.47333,1.24742,0,1.88071,2.96352,9.05263e+06,3.61194e+06,2.23901e+07,0,0,0,6.61631e+07
85.139,85.139,6.36542,0.04,0.02,1.56402,2.75059,0,0.285615,4.47552,4.35599e+06,2.70226e+06,6.81286e+06,0,0,0,0,80.8192,79.791,5.70797,0,0,2.43426,1.24769,0,1.91089,2.96352,9.05263e+06,3.61194e+06,2.20365e+07,0,0,0,6.61631e+07
85.139,85.139,6.60362,0.06,0.02,1.56488,2.75118,0,0.293097,4.47552,4.35599e+06,2.70226e+06,6.81661e+06,0,0,0,0,80.8192,79.791,7.75807,0,0,2.43426,1.24796,0,1.88071,2.96352,9.05263e+06,3.61194e+06,2.20365e+07,0,0,0,6.61631e+07
85.139,85.139,3.44499,0.06,0.02,1.56574,2.75178,0,0.293259,4.47552,4.35599e+06,2.70226e+06,6.82036e+06,0,0,0,0,80.8192,79.791,4.71299,0,0,2.43426,1.24823,0,1.88071,2.96352,9.05263e+06,3.61194e+06,2.20365e+07,0,0,0,6.61631e+07
85.139,85.139,4.2288,0.05,0.02,1.83506,3.02083,0,0.29342,4.47552,4.35599e+06,2.70226e+06,7.99351e+06,0,0,0,0,80.8192,79.791,5.40416,0,0,2.58106,1.39529,0,1.88071,2.96352,9.05263e+06,3.61194e+06,2.33654e+07,0,0,0,6.61631e+07
85.139,85.139,6.27624,0.05,0.02,1.98278,3.02148,0,0.343891,4.47552,4.35599e+06,2.70226e+06,8.63696e+06,0,0,0,0,80.8192,79.791,6.92066,0,0,2.43429,1.39559,0,1.99412,2.96352,9.05263e+06,3.61194e+06,2.20368e+07,0,0,0,6.61631e+07
85.139,85.139,7.67962,0.05,0.02,1.98373,3.02213,0,0.371573,4.47552,4.35599e+06,2.70226e+06,8.6411e+06,0,0,0,0,80.8192,79.791,7.54155,0,0,2.43429,1.39589,0,1.88073,2.96352,9.05263e+06,3.61194e+06,2.20368e+07,0,0,0,6.61631e+07
85.139,85.139,7.06711,0.05,0.02,1.98468,3.02278,0,0.371751,4.47552,4.35599e+06,2.70226e+06,8.64524e+06,0,0,0,0,80.8192,79.791,8.61835,0,0,2.43429,1.39619,0,1.88073,2.96352,9.05263e+06,3.61194e+06,2.20368e+07,0,0,0,6.61631e+07
85.139,85.139,7.00234,0.04,0.02,1.60239,2.64019,0,0.371929,4.47552,4.35599e+06,2.70226e+06,6.98e+06,0,0,0,0,80.8192,79.791,10.5055,0,0,2.23712,1.19932,0,1.88073,2.96352,9.05263e+06,3.61194e+06,2.02518e+07,0,0,0,6.61631e+07
85.139,85.139,6.473,0.06,0.02,1.40609,2.64076,0,0.300288,4.47552,4.35599e+06,2.70226e+06,6.1249e+06,0,0,0,0,80.8192,79.791,9.85223,0,0,2.43425,1.19958,0,1.7284,2.96352,9.05263e+06,3.61194e+06,2.20364e+07,0,0,0,6.61631e+07
85.139,85.139,5.17519,0.06,0.02,1.40691,2.64133,0,0.263501,4.47552,4.35599e+06,2.70226e+06,6.1285e+06,0,0,0,0,80.8192,79.791,8.72319,0,0,2.43425,1.19984,0,1.8807,2.96352,9.05263e+06,3.61194e+06,2.20364e+07,0,0,0,6.61631e+07
85.139,85.139,4.63219,0.07,0.02,1.40774,2.6419,0,0.263656,4.47552,4.35599e+06,2.70226e+06,6.1321e+06,0,0,0,0,80.8192,79.791,8.63043,0,0,2.43425,1.20009,0,1.8807,2.96352,9.05263e+06,3.61194e+06,2.20364e+07,0,0,0,6.61631e+07
85.139,85.139,6.38014,0.08,0.02,1.40857,2.64246,0,0.263811,4.47552,4.35599e+06,2.70226e+06,6.1357e+06,0,0,0,0,80.8192,79.791,9.84819,0,0,2.43425,1.20035,0,1.8807,2.96352,9.05263e+06,3.61194e+06,2.20364e+07,0,0,0,6.61631e+07
85.139,85.139,8.41233,0.08,0.02,1.50596,2.7396,0,0.263965,4.47552,4.35599e+06,2.70226e+06,6.55997e+06,0,0,0,0,80.8192,79.791,8.17239,0,0,2.48254,1.2489,0,1.8807,2.96352,9.05263e+06,3.61194e+06,2.24735e+07,0,0,0,6.61631e+07
85.139,85.139,8.3724,0.08,0.02,1.5551,2.74019,0,0.282218,4.47552,4.35599e+06,2.70226e+06,6.774e+06,0,0,0,0,80.8192,79.791,18.2921,0,0,2.43426,1.24917,0,1.91801,2.96352,9.05263e+06,3.61194e+06,2.20365e+07,0,0,0,6.61631e+07
85.139,85.139,6.58349,0.08,0.02,1.55596,2.74078,0,0.291426,4.47552,4.35599e+06,2.70226e+06,6.77774e+06,0,0,0,0,80.8192,79.791,9.56974,0,0,2.43426,1.24944,0,1.88071,2.96352,9.05263e+06,3.61194e+06,2.20365e+07,0,0,0,6.61631e+07
85.139,85.139,7.53187,0.07,0.02,1.55682,2.74137,0,0.291587,4.47552,4.35599e+06,2.70226e+06,6.78148e+06,0,0,0,0,80.8192,79.791,10.0577,0,0,2.43426,1.2497,0,1.88071,2.96352,9.05263e+06,3.61194e+06,2.20365e+07,0,0,0,6.61631e+07
85.139,85.139,5.79054,0.06,0.02,1.51988,2.70417,0,0.291747,4.47552,4.35599e+06,2.70226e+06,6.6206e+06,0,0,0,0,80.8192,79.791,8.49778,0,0,2.41549,1.2312,0,1.88071,2.96352,9.05263e+06,3.61194e+06,2.18665e+07,0,0,0,6.61631e+07
85.139,85.139,5.24418,0.07,0.02,1.50196,2.70475,0,0.284826,4.47552,4.35599e+06,2.70226e+06,6.54254e+06,0,0,0,0,80.8192,79.791,8.33747,0,0,2.43426,1.23147,0,1.86621,2.96352,9.05263e+06,3.61194e+06,2.20364e+07,0,0,0,6.61631e+07
85.139,85.139,4.9106,0.07,0.02,1.50281,2.70534,0,0.281468,4.47552,4.35599e+06,2.70226e+06,6.54623e+06,0,0,0,0,80.8192,79.791,8.072,0,0,2.43426,1.23173,0,1.88071,2.96352,9.05263e+06,3.61194e+06,2.20364e+07,0,0,0,6.61631e+07
85.139,85.139,4.9061,0.07,0.02,1.50366,2.70592,0,0.281627,4.47552,4.35599e+06,2.70226e+06,6.54992e+06,0,0,0,0,80.8192,79.791,8.49006,0,0,2.43426,1.232,0,1.88071,2.96352,9.05263e+06,3.61194e+06,2.20364e+07,0,0,0,6.61631e+07
85.139,85.139,4.38961,0.06,0.02,1.63289,2.83489,0,0.281786,4.47552,4.35599e+06,2.70226e+06,7.11287e+06,0,0,0,0,80.8192,79.791,7.50436,0,0,2.50088,1.29889,0,1.88071,2.96352,9.05263e+06,3.61194e+06,2.26395e+07,0,0,0,6.61631e+07
85.139,85.139,4.25951,0.06,0.02,1.70039,2.8355,0,0.306004,4.47552,4.35599e+06,2.70226e+06,7.40689e+06,0,0,0,0,80.8192,79.791,7.01974,0,0,2.43427,1.29917,0,1.93218,2.96352,9.05263e+06,3.61194e+06,2.20366e+07,0,0,0,6.61631e+07
85.139,85.139,3.79099,0.05,0.02,1.70128,2.83611,0,0.318653,4.47552,4.35599e+06,2.70226e+06,7.41076e+06,0,0,0,0,80.8192,79.791,5.73976,0,0,2.43427,1.29944,0,1.88072,2.96352,9.05263e+06,3.61194e+06,2.20366e+07,0,0,0,6.61631e+07
85.139,85.139,3.65092,0.04,0.02,1.70217,2.83672,0,0.31882,4.47552,4.35599e+06,2.70226e+06,7.41463e+06,0,0,0,0,80.8192,79.791,7.03739,0,0,2.43427,1.29972,0,1.88072,2.96352,9.05263e+06,3.61194e+06,2.20366e+07,0,0,0,6.61631e+07
85.139,85.139,3.41896,0.04,0.02,1.70306,2.83733,0,0.318987,4.47552,4.35599e+06,2.70226e+06,7.41851e+06,0,0,0,0,80.8192,79.791,5.93132,0,0,2.43427,1.3,0,1.88072,2.96352,9.05263e+06,3.61194e+06,2.20366e+07,0,0,0,6.61631e+07
85.139,85.139,3.41781,0.03,0.02,1.67853,2.81252,0,0.319153,4.47552,4.35599e+06,2.70226e+06,7.31167e+06,0,0,0,0,80.8192,79.791,4.94411,0,0,2.47093,1.33694,0,1.88072,2.96352,9.05263e+06,3.61194e+06,2.23684e+07,0,0,0,6.61631e+07
85.139,85.139,3.15283,0.02,0.02,1.71607,2.81313,0,0.314557,4.47552,4.35599e+06,2.70226e+06,7.4752e+06,0,0,0,0,80.8192,79.791,4.83916,0,0,2.43428,1.33723,0,1.90904,2.96352,9.05263e+06,3.61194e+06,2.20366e+07,0,0,0,6.61631e+07
85.139,85.139,2.94575,0.02,0.02,1.71697,2.81373,0,0.321592,4.47552,4.35599e+06,2.70226e+06,7.47908e+06,0,0,0,0,80.8192,79.791,4.98427,0,0,2.43428,1.33751,0,1.88072,2.96352,9.05263e+06,3.61194e+06,2.20366e+07,0,0,0,6.61631e+07
85.139,85.139,2.85882,0.02,0.02,1.71786,2.81434,0,0.321759,4.47552,4.35599e+06,2.70226e+06,7.48297e+06,0,0,0,0,80.8192,79.791,4.7605,0,0,2.43428,1.3378,0,1.88072,2.96352,9.05263e+06,3.61194e+06,2.20366e+07,0,0,0,6.61631e+07
85.139,85.139,2.69524,0.02,0.02,1.78445,2.88064,0,0.321927,4.47552,4.35599e+06,2.70226e+06,7.77303e+06,0,0,0,0,80.8192,79.791,4.34901,0,0,2.46698,1.37079,0,1.88072,2.96352,9.05263e+06,3.61194e+06,2.23326e+07,0,0,0,6.61631e+07
85.139,85.139,2.61111,0.02,0.02,1.81805,2.88126,0,0.334405,4.47552,4.35599e+06,2.70226e+06,7.91941e+06,0,0,0,0,80.8192,79.791,4.18177,0,0,2.43429,1.37108,0,1.90599,2.96352,9.05263e+06,3.61194e+06,2.20367e+07,0,0,0,6.61631e+07
85.139,85.139,2.41625,0.02,0.02,1.81897,2.88188,0,0.340703,4.47552,4.35599e+06,2.70226e+06,7.92339e+06,0,0,0,0,80.7594,79.791,4.03864,0,0,2.43429,1.37138,0,1.88073,2.96352,9.05263e+06,3.61194e+06,2.20367e+07,0,0,0,6.61631e+07
85.139,85.139,2.20007,0.02,0.02,1.81988,2.8825,0,0.340874,4.47552,4.35599e+06,2.70226e+06,7.92738e+06,0,0,0,0,80.6538,79.791,3.52592,0,0,2.43429,1.37167,0,1.88073,2.96352,9.05263e+06,3.61194e+06,2.20367e+07,0,0,0,6.61631e+07
85.139,85.139,2.51778,0.02,0.02,2.01335,3.07567,0,0.341045,4.47552,4.35599e+06,2.70226e+06,8.77011e+06,0,0,0,0,80.7475,79.791,4.76746,0,0,2.55241,1.49009,0,1.88073,2.96352,9.05263e+06,3.61194e+06,2.3106e+07,0,0,0,6.61631e+07
84.7869,85.139,2.06884,0.02,0.02,2.13242,3.07633,0,0.377301,4.47552,4.35599e+06,2.70226e+06,9.28881e+06,0,0,0,0,80.6826,79.791,3.63067,0,0,2.43431,1.49041,0,1.97199,2.96352,9.05263e+06,3.61194e+06,2.20369e+07,0,0,0,6.61631e+07
84.3747,85.139,2.00669,0.04,0.02,2.1334,3.07699,0,0.399616,4.47552,4.35599e+06,2.70226e+06,9.29309e+06,0,0,0,0,80.5852,79.791,3.52874,0,0,2.43431,1.49073,0,1.88075,2.96352,9.05263e+06,3.61194e+06,2.20369e+07,0,0,0,6.61631e+07
84.4107,85.139,2.45081,0.04,0.02,2.13439,3.07765,0,0.3998,4.47552,4.35599e+06,2.70226e+06,9.29737e+06,0,0,0,0,80.5491,79.791,3.93499,0,0,2.43431,1.49105,0,1.88075,2.96352,9.05263e+06,3.61194e+06,2.20369e+07,0,0,0,6.61631e+07
83.8811,85.139,1.88136,0.05,0.02,2.13537,3.07831,0,0.399984,4.47552,4.35599e+06,2.70226e+06,9.30165e+06,0,0,0,0,80.4136,79.791,3.49347,0,0,2.43431,1.49137,0,1.88075,2.96352,9.05263e+06,3.61194e+06,2.20369e+07,0,0,0,6.61631e+07
83.9211,85.139,2.53186,0.05,0.02,2.04241,2.98503,0,0.400168,4.47552,4.35599e+06,2.70226e+06,8.89671e+06,0,0,0,0,80.6073,79.791,4.48644,0,0,2.36254,1.41992,0,1.88075,2.96352,9.05263e+06,3.61194e+06,2.13872e+07,0,0,0,6.61631e+07
84.38,85.139,2.9047,0.05,0.02,1.9716,2.98567,0,0.382747,4.47552,4.35599e+06,2.70226e+06,8.58827e+06,0,0,0,0,80.8192,79.791,5.89108,0,0,2.4343,1.42022,0,1.8253,2.96352,9.05263e+06,3.61194e+06,2.20368e+07,0,0,0,6.61631e+07
84.2757,85.139,2.29243,0.05,0.02,1.97255,2.98632,0,0.369478,4.47552,4.35599e+06,2.70226e+06,8.59239e+06,0,0,0,0,80.8192,79.791,4.65256,0,0,2.4343,1.42053,0,1.88074,2.96352,9.05263e+06,3.61194e+06,2.20368e+07,0,0,0,6.61631e+07
84.4317,85.139,2.55833,0.05,0.02,1.97349,2.98696,0,0.369655,4.47552,4.35599e+06,2.70226e+06,8.59652e+06,0,0,0,0,80.8192,79.791,4.49601,0,0,2.4343,1.42083,0,1.88074,2.96352,9.05263e+06,3.61194e+06,2.20368e+07,0,0,0,6.61631e+07
85.139,85.139,3.83872,0.06,0.02,1.89726,2.91042,0,0.369833,4.47552,4.35599e+06,2.70226e+06,8.26447e+06,0,0,0,0,80.8192,79.791,5.60794,0,0,2.36891,1.35575,0,1.88074,2.96352,9.05263e+06,3.61194e+06,2.14449e+07,0,0,0,6.61631e+07
84.793,85.139,1.95484,0.03,0.02,1.83281,2.91105,0,0.355547,4.47552,4.35599e+06,2.70226e+06,7.9837e+06,0,0,0,0,80.8192,79.791,3.36843,0,0,2.43428,1.35604,0,1.83022,2.96352,9.05263e+06,3.61194e+06,2.20367e+07,0,0,0,6.61631e+07
85.139,85.139,3.06786,0.05,0.02,1.83373,2.91167,0,0.343468,4.47552,4.35599e+06,2.70226e+06,7.98769e+06,0,0,0,0,80.8192,79.791,6.15786,0,0,2.43428,1.35634,0,1.88073,2.96352,9.05263e+06,3.61194e+06,2.20367e+07,0,0,0,6.61631e+07
84.826,85.139,1.98001,0.02,0.02,1.83464,2.9123,0,0.34364,4.47552,4.35599e+06,2.70226e+06,7.99169e+06,0,0,0,0,80.8192,79.791,5.10176,0,0,2.43428,1.35663,0,1.88073,2.96352,9.05263e+06,3.61194e+06,2.20367e+07,0,0,0,6.61631e+07
85.139,85.139,3.44529,0.05,0.02,1.61619,2.69355,0,0.343812,4.47552,4.35599e+06,2.70226e+06,7.04009e+06,0,0,0,0,80.8192,79.791,5.43235,0,0,2.29799,1.22062,0,1.88073,2.96352,9.05263e+06,3.61194e+06,2.08028e+07,0,0,0,6.61631e+07
85.139,85.139,2.79633,0.02,0.02,1.48076,2.69413,0,0.302873,4.47552,4.35599e+06,2.70226e+06,6.45017e+06,0,0,0,0,80.8192,79.791,4.27177,0,0,2.43425,1.22088,0,1.77542,2.96352,9.05263e+06,3.61194e+06,2.20364e+07,0,0,0,6.61631e+07
85.139,85.139,2.91477,0.03,0.02,1.4816,2.69471,0,0.277494,4.47552,4.35599e+06,2.70226e+06,6.45383e+06,0,0,0,0,80.8192,79.791,3.8843,0,0,2.43425,1.22115,0,1.8807,2.96352,9.05263e+06,3.61194e+06,2.20364e+07,0,0,0,6.61631e+07
85.139,85.139,9.37364,0.03,0.02,1.48244,2.69529,0,0.277652,4.47552,4.35599e+06,2.70226e+06,6.4575e+06,0,0,0,0,80.8192,79.791,13.4045,0,0,2.43425,1.22141,0,1.88071,2.96352,9.05263e+06,3.61194e+06,2.20364e+07,0,0,0,6.61631e+07
85.139,85.139,5.97712,0.04,0.02,1.48328,2.69587,0,0.27781,4.47552,4.35599e+06,2.70226e+06,6.46117e+06,0,0,0,0,80.8192,79.791,8.82916,0,0,2.43425,1.22167,0,1.88071,2.96352,9.05263e+06,3.61194e+06,2.20364e+07,0,0,0,6.61631e+07
85.139,85.139,2.64211,0.04,0.04,1.56858,2.7809,0,0.277967,4.47552,4.35599e+06,2.70226e+06,6.83274e+06,0,0,0,0,80.8192,79.791,4.10804,0,0,2.47376,1.26144,0,1.88071,2.96352,9.05263e+06,3.61194e+06,2.2394e+07,0,0,0,6.61631e+07
85.1171,85.139,2.10531,0.05,0.04,1.60892,2.78148,0,0.293953,4.47552,4.35599e+06,2.70226e+06,7.00845e+06,0,0,0,0,80.8192,79.791,3.25043,0,0,2.43425,1.2617,0,1.91123,2.96352,9.05263e+06,3.61194e+06,2.20364e+07,0,0,0,6.61631e+07
85.139,85.139,3.40344,0.08,0.04,1.60976,2.78205,0,0.301512,4.47552,4.35599e+06,2.70226e+06,7.01208e+06,0,0,0,0,80.8192,79.791,3.7724,0,0,2.43425,1.26196,0,1.8807,2.96352,9.05263e+06,3.61194e+06,2.20364e+07,0,0,0,6.61631e+07
85.139,85.139,4.91225,0.07,0.04,1.61059,2.78262,0,0.301668,4.47552,4.35599e+06,2.70226e+06,7.01571e+06,0,0,0,0,80.8192,79.791,3.6259,0,0,2.43425,1.26222,0,1.8807,2.96352,9.05263e+06,3.61194e+06,2.20364e+07,0,0,0,6.61631e+07
85.139,85.139,2.9678,0.07,0.04,1.88289,3.05466,0,0.301824,4.47552,4.35599e+06,2.70226e+06,8.20184e+06,0,0,0,0,80.8192,79.791,3.32378,0,0,2.58269,1.41092,0,1.8807,2.96352,9.05263e+06,3.61194e+06,2.33802e+07,0,0,0,6.61631e+07
85.139,85.139,3.17334,0.06,0.04,2.03222,3.05529,0,0.352853,4.47552,4.35599e+06,2.70226e+06,8.85232e+06,0,0,0,0,80.8192,79.791,3.50762,0,0,2.43428,1.41121,0,1.99539,2.96352,9.05263e+06,3.61194e+06,2.20367e+07,0,0,0,6.61631e+07
85.139,85.139,3.52401,0.06,0.04,2.03314,3.05592,0,0.380838,4.47552,4.35599e+06,2.70226e+06,8.85633e+06,0,0,0,0,80.8192,79.791,3.90451,0,0,2.43428,1.4115,0,1.88073,2.96352,9.05263e+06,3.61194e+06,2.20367e+07,0,0,0,6.61631e+07
85.139,85.139,4.6882,0.06,0.04,2.03406,3.05655,0,0.38101,4.47552,4.35599e+06,2.70226e+06,8.86033e+06,0,0,0,0,80.8192,79.791,4.15229,0,0,2.43428,1.41179,0,1.88073,2.96352,9.05263e+06,3.61194e+06,2.20367e+07,0,0,0,6.61631e+07
85.139,85.139,5.21022,0.06,0.04,1.64746,2.66966,0,0.381182,4.47552,4.35599e+06,2.70226e+06,7.17632e+06,0,0,0,0,80.8192,79.791,5.53296,0,0,2.23491,1.21271,0,1.88073,2.96352,9.05263e+06,3.61194e+06,2.02318e+07,0,0,0,6.61631e+07
85.139,85.139,5.92294,0.06,0.04,1.44893,2.67021,0,0.308734,4.47552,4.35599e+06,2.70226e+06,6.31152e+06,0,0,0,0,80.8192,79.791,5.05506,0,0,2.43424,1.21296,0,1.72669,2.96352,9.05263e+06,3.61194e+06,2.20363e+07,0,0,0,6.61631e+07
85.139,85.139,5.72702,0.07,0.04,1.44973,2.67076,0,0.271529,4.47552,4.35599e+06,2.70226e+06,6.315e+06,0,0,0,0,80.8192,79.791,4.44263,0,0,2.43424,1.21321,0,1.8807,2.96352,9.05263e+06,3.61194e+06,2.20363e+07,0,0,0,6.61631e+07
85.139,85.139,7.2627,0.08,0.04,1.45053,2.67131,0,0.271679,4.47552,4.35599e+06,2.70226e+06,6.31848e+06,0,0,0,0,80.8192,79.791,6.2052,0,0,2.43424,1.21346,0,1.8807,2.96352,9.05263e+06,3.61194e+06,2.20363e+07,0,0,0,6.61631e+07
85.139,85.139,8.99882,0.08,0.04,1.45133,2.67186,0,0.271829,4.47552,4.35599e+06,2.70226e+06,6.32197e+06,0,0,0,0,80.8192,79.791,9.72495,0,0,2.43424,1.21371,0,1.8807,2.96352,9.05263e+06,3.61194e+06,2.20363e+07,0,0,0,6.61631e+07
85.139,85.139,5.7612,0.08,0.04,1.54977,2.77006,0,0.271979,4.47552,4.35599e+06,2.70226e+06,6.75079e+06,0,0,0,0,80.8192,79.791,3.56337,0,0,2.48307,1.26278,0,1.8807,2.96352,9.05263e+06,3.61194e+06,2.24783e+07,0,0,0,6.61631e+07
85.139,85.139,6.03084,0.08,0.04,1.59942,2.77063,0,0.290427,4.47552,4.35599e+06,2.70226e+06,6.96704e+06,0,0,0,0,80.8192,79.791,5.58713,0,0,2.43425,1.26304,0,1.91842,2.96352,9.05263e+06,3.61194e+06,2.20364e+07,0,0,0,6.61631e+07
85.139,85.139,5.17667,0.08,0.04,1.60025,2.7712,0,0.299731,4.47552,4.35599e+06,2.70226e+06,6.97066e+06,0,0,0,0,80.8192,79.791,6.31775,0,0,2.43425,1.2633,0,1.8807,2.96352,9.05263e+06,3.61194e+06,2.20364e+07,0,0,0,6.61631e+07
85.139,85.139,3.73902,0.08,0.04,1.60108,2.77177,0,0.299886,4.47552,4.35599e+06,2.70226e+06,6.97428e+06,0,0,0,0,80.8192,79.791,4.47329,0,0,2.43425,1.26356,0,1.8807,2.96352,9.05263e+06,3.61194e+06,2.20364e+07,0,0,0,6.61631e+07
85.139,85.139,3.53024,0.08,0.04,1.5637,2.73413,0,0.300042,4.47552,4.35599e+06,2.70226e+06,6.81145e+06,0,0,0,0,80.8192,79.791,3.75886,0,0,2.41527,1.24484,0,1.8807,2.96352,9.05263e+06,3.61194e+06,2.18646e+07,0,0,0,6.61631e+07
85.139,85.139,3.8605,0.07,0.04,1.54554,2.73469,0,0.293037,4.47552,4.35599e+06,2.70226e+06,6.73237e+06,0,0,0,0,80.8192,79.791,3.48268,0,0,2.43425,1.2451,0,1.86604,2.96352,9.05263e+06,3.61194e+06,2.20364e+07,0,0,0,6.61631e+07
85.139,85.139,3.73318,0.07,0.04,1.54636,2.73526,0,0.289635,4.47552,4.35599e+06,2.70226e+06,6.73594e+06,0,0,0,0,80.8192,79.791,3.55014,0,0,2.43425,1.24536,0,1.8807,2.96352,9.05263e+06,3.61194e+06,2.20364e+07,0,0,0,6.61631e+07
85.139,85.139,3.50977,0.07,0.04,1.54718,2.73582,0,0.289788,4.47552,4.35599e+06,2.70226e+06,6.73951e+06,0,0,0,0,80.8192,79.791,3.41351,0,0,2.43425,1.24561,0,1.8807,2.96352,9.05263e+06,3.61194e+06,2.20364e+07,0,0,0,6.61631e+07
85.139,85.139,3.1871,0.07,0.04,1.67781,2.86619,0,0.289942,4.47552,4.35599e+06,2.70226e+06,7.30851e+06,0,0,0,0,80.8192,79.791,3.25315,0,0,2.50161,1.31323,0,1.8807,2.96352,9.05263e+06,3.61194e+06,2.26461e+07,0,0,0,6.61631e+07
85.139,85.139,3.19669,0.06,0.04,1.74601,2.86678,0,0.314421,4.47552,4.35599e+06,2.70226e+06,7.60561e+06,0,0,0,0,80.8192,79.791,3.03575,0,0,2.43426,1.3135,0,1.93274,2.96352,9.05263e+06,3.61194e+06,2.20365e+07,0,0,0,6.61631e+07
85.139,85.139,2.8094,0.06,0.04,1.74687,2.86737,0,0.327203,4.47552,4.35599e+06,2.70226e+06,7.60936e+06,0,0,0,0,80.7473,79.791,2.88207,0,0,2.43426,1.31377,0,1.88071,2.96352,9.05263e+06,3.61194e+06,2.20365e+07,0,0,0,6.61631e+07
85.139,85.139,2.72413,0.04,0.04,1.74773,2.86796,0,0.327364,4.47552,4.35599e+06,2.70226e+06,7.6131e+06,0,0,0,0,80.7243,79.791,2.92197,0,0,2.43426,1.31404,0,1.88071,2.96352,9.05263e+06,3.61194e+06,2.20365e+07,0,0,0,6.61631e+07
85.139,85.139,2.5829,0.04,0.04,1.74859,2.86855,0,0.327525,4.47552,4.35599e+06,2.70226e+06,7.61685e+06,0,0,0,0,80.6777,79.791,2.80254,0,0,2.43426,1.31431,0,1.88071,2.96352,9.05263e+06,3.61194e+06,2.20365e+07,0,0,0,6.61631e+07
85.1233,85.139,2.0368,0.03,0.04,1.72376,2.84344,0,0.327686,4.47552,4.35599e+06,2.70226e+06,7.50867e+06,0,0,0,0,80.3741,79.791,2.18664,0,0,2.47132,1.35164,0,1.88071,2.96352,9.05263e+06,3.61194e+06,2.2372e+07,0,0,0,6.61631e+07
84.895,85.139,1.84863,0.04,0.04,1.76167,2.84403,0,0.323032,4.47552,4.35599e+06,2.70226e+06,7.67383e+06,0,0,0,0,79.9904,79.791,1.96861,0,0,2.43427,1.35192,0,1.90934,2.96352,9.05263e+06,3.61194e+06,2.20366e+07,0,0,0,6.61631e+07
84.5093,85.139,1.68898,0.04,0.04,1.76254,2.84461,0,0.330137,4.47552,4.35599e+06,2.70226e+06,7.67759e+06,0,0,0,0,79.4538,79.791,1.93213,0,0,2.43427,1.35219,0,1.88072,2.96352,9.05263e+06,3.61194e+06,2.20366e+07,0,0,0,6.61631e+07
83.9783,85.139,1.53123,0.03,0.04,1.7634,2.8452,0,0.330299,4.47552,4.35599e+06,2.70226e+06,7.68135e+06,0,0,0,0,78.9784,79.791,1.75375,0,0,2.43427,1.35247,0,1.88072,2.96352,9.05263e+06,3.61194e+06,2.20366e+07,0,0,0,6.61631e+07
83.3794,85.139,1.47638,0.04,0.04,1.83068,2.9122,0,0.330461,4.47552,4.35599e+06,2.70226e+06,7.97442e+06,0,0,0,0,78.4818,79.791,1.79365,0,0,2.46733,1.38581,0,1.88072,2.96352,9.05263e+06,3.61194e+06,2.23358e+07,0,0,0,6.61631e+07
82.7652,85.139,1.47914,0.04,0.04,1.86461,2.9128,0,0.343069,4.47552,4.35599e+06,2.70226e+06,8.12223e+06,0,0,0,0,77.9533,79.791,1.85835,0,0,2.43428,1.38609,0,1.90626,2.96352,9.05263e+06,3.61194e+06,2.20366e+07,0,0,0,6.61631e+07
82.0124,85.139,1.33408,0.04,0.04,1.8655,2.9134,0,0.349428,4.47552,4.35599e+06,2.70226e+06,8.12608e+06,0,0,0,0,77.28,79.791,1.79208,0,0,2.43428,1.38638,0,1.88072,2.96352,9.05263e+06,3.61194e+06,2.20366e+07,0,0,0,6.61631e+07
81.1492,85.139,1.2164,0.04,0.04,1.86638,2.914,0,0.349594,4.47552,4.35599e+06,2.70226e+06,8.12994e+06,0,0,0,0,76.5785,79.791,1.64809,0,0,2.43428,1.38666,0,1.88072,2.96352,9.05263e+06,3.61194e+06,2.20366e+07,0,0,0,6.61631e+07
79.9861,85.139,1.05916,0.04,0.04,2.06192,3.10925,0,0.34976,4.47552,4.35599e+06,2.70226e+06,8.9817e+06,0,0,0,0,75.7237,79.791,1.63551,0,0,2.55369,1.50636,0,1.88072,2.96352,9.05263e+06,3.61194e+06,2.31176e+07,0,0,0,6.61631e+07
78.8684,85.139,1.17149,0.04,0.04,2.18225,3.10989,0,0.386404,4.47552,4.35599e+06,2.70226e+06,9.50588e+06,0,0,0,0,74.7467,79.791,1.46635,0,0,2.4343,1.50667,0,1.97298,2.96352,9.05263e+06,3.61194e+06,2.20368e+07,0,0,0,6.61631e+07
77.5581,85.139,0.987449,0.07,0.04,2.1832,3.11053,0,0.408955,4.47552,4.35599e+06,2.70226e+06,9.51002e+06,0,0,0,0,73.9874,79.791,1.2913,0,0,2.4343,1.50698,0,1.88074,2.96352,9.05263e+06,3.61194e+06,2.20368e+07,0,0,0,6.61631e+07
76.3511,85.139,1.07555,0.07,0.04,2.18415,3.11117,0,0.409133,4.47552,4.35599e+06,2.70226e+06,9.51416e+06,0,0,0,0,73.2686,79.791,1.70259,0,0,2.4343,1.50729,0,1.88074,2.96352,9.05263e+06,3.61194e+06,2.20368e+07,0,0,0,6.61631e+07
75.0746,85.139,1.00071,0.08,0.04,2.18511,3.11181,0,0.409311,4.47552,4.35599e+06,2.70226e+06,9.5183e+06,0,0,0,0,72.3124,79.791,1.53516,0,0,2.4343,1.5076,0,1.88074,2.96352,9.05263e+06,3.61194e+06,2.20368e+07,0,0,0,6.61631e+07
73.6555,85.139,0.771445,0.08,0.04,2.09109,3.01749,0,0.409489,4.47552,4.35599e+06,2.70226e+06,9.10877e+06,0,0,0,0,71.2949,79.791,1.33288,0,0,2.36175,1.43536,0,1.88074,2.96352,9.05263e+06,3.61194e+06,2.13801e+07,0,0,0,6.61631e+07
72.2397,85.139,0.735723,0.1,0.04,2.01947,3.01811,0,0.39187,4.47552,4.35599e+06,2.70226e+06,8.79679e+06,0,0,0,0,70.4146,79.791,1.3345,0,0,2.43429,1.43565,0,1.82469,2.96352,9.05263e+06,3.61194e+06,2.20367e+07,0,0,0,6.61631e+07
71.0842,85.139,1.02162,0.1,0.04,2.02039,3.01873,0,0.378449,4.47552,4.35599e+06,2.70226e+06,8.80078e+06,0,0,0,0,69.8375,79.791,1.47203,0,0,2.43429,1.43595,0,1.88073,2.96352,9.05263e+06,3.61194e+06,2.20367e+07,0,0,0,6.61631e+07
70.2958,85.139,1.43238,0.1,0.04,2.0213,3.01935,0,0.37862,4.47552,4.35599e+06,2.70226e+06,8.80478e+06,0,0,0,0,69.4692,79.791,2.42585,0,0,2.43429,1.43624,0,1.88073,2.96352,9.05263e+06,3.61194e+06,2.20367e+07,0,0,0,6.61631e+07
69.2427,85.139,1.12544,0.1,0.04,1.94421,2.94196,0,0.378792,4.47552,4.35599e+06,2.70226e+06,8.46894e+06,0,0,0,0,68.6163,79.791,1.79395,0,0,2.36819,1.37044,0,1.88073,2.96352,9.05263e+06,3.61194e+06,2.14384e+07,0,0,0,6.61631e+07
68.2102,85.139,1.09944,0.1,0.04,1.87901,2.94256,0,0.364344,4.47552,4.35599e+06,2.70226e+06,8.18496e+06,0,0,0,0,68.0956,79.791,1.30066,0,0,2.43427,1.37072,0,1.82967,2.96352,9.05263e+06,3.61194e+06,2.20366e+07,0,0,0,6.61631e+07
67.2148,85.139,1.13113,0.1,0.04,1.8799,2.94317,0,0.352127,4.47552,4.35599e+06,2.70226e+06,8.18882e+06,0,0,0,0,67.743,79.791,2.32681,0,0,2.43427,1.37101,0,1.88072,2.96352,9.05263e+06,3.61194e+06,2.20366e+07,0,0,0,6.61631e+07
68.1503,85.139,3.18897,0.11,0.04,1.88079,2.94377,0,0.352293,4.47552,4.35599e+06,2.70226e+06,8.19269e+06,0,0,0,0,68.3229,79.791,5.23912,0,0,2.43427,1.37129,0,1.88072,2.96352,9.05263e+06,3.61194e+06,2.20366e+07,0,0,0,6.61631e+07
68.1529,85.139,2.04869,0.1,0.04,1.65993,2.72263,0,0.35246,4.47552,4.35599e+06,2.70226e+06,7.23064e+06,0,0,0,0,68.4265,79.791,2.31225,0,0,2.2965,1.2338,0,1.88072,2.96352,9.05263e+06,3.61194e+06,2.07894e+07,0,0,0,6.61631e+07
67.8833,85.139,1.67368,0.11,0.04,1.523,2.72319,0,0.311071,4.47552,4.35599e+06,2.70226e+06,6.63418e+06,0,0,0,0,68.0995,79.791,2.69835,0,0,2.43425,1.23405,0,1.77428,2.96352,9.05263e+06,3.61194e+06,2.20363e+07,0,0,0,6.61631e+07
67.7956,85.139,1.84107,0.14,0.04,1.52382,2.72375,0,0.285411,4.47552,4.35599e+06,2.70226e+06,6.63773e+06,0,0,0,0,67.7749,79.791,3.03252,0,0,2.43425,1.23431,0,1.8807,2.96352,9.05263e+06,3.61194e+06,2.20363e+07,0,0,0,6.61631e+07
68.147,85.139,2.31612,0.14,0.04,1.52463,2.72431,0,0.285563,4.47552,4.35599e+06,2.70226e+06,6.64127e+06,0,0,0,0,67.4021,79.791,2.40021,0,0,2.43425,1.23456,0,1.8807,2.96352,9.05263e+06,3.61194e+06,2.20363e+07,0,0,0,6.61631e+07
69.0186,85.139,2.87372,0.13,0.04,1.52544,2.72487,0,0.285716,4.47552,4.35599e+06,2.70226e+06,6.64482e+06,0,0,0,0,67.41,79.791,2.4862,0,0,2.43425,1.23482,0,1.8807,2.96352,9.05263e+06,3.61194e+06,2.20363e+07,0,0,0,6.61631e+07
72.0355,85.139,5.16584,0.14,0.04,1.61163,2.8108,0,0.285868,4.47552,4.35599e+06,2.70226e+06,7.02023e+06,0,0,0,0,68.5136,79.791,6.07887,0,0,2.47418,1.275,0,1.8807,2.96352,9.05263e+06,3.61194e+06,2.23978e+07,0,0,0,6.61631e+07
74.6802,85.139,4.94247,0.14,0.04,1.65237,2.81136,0,0.302019,4.47552,4.35599e+06,2.70226e+06,7.19769e+06,0,0,0,0,69.3394,79.791,5.517,0,0,2.43424,1.27525,0,1.91155,2.96352,9.05263e+06,3.61194e+06,2.20363e+07,0,0,0,6.61631e+07
77.9178,85.139,5.66503,0.12,0.04,1.65317,2.81191,0,0.309653,4.47552,4.35599e+06,2.70226e+06,7.2012e+06,0,0,0,0,70.076,79.791,5.28477,0,0,2.43424,1.2755,0,1.8807,2.96352,9.05263e+06,3.61194e+06,2.20363e+07,0,0,0,6.61631e+07
80.22,85.139,4.66361,0.11,0.04,1.65398,2.81247,0,0.309804,4.47552,4.35599e+06,2.70226e+06,7.20471e+06,0,0,0,0,70.6373,79.791,4.7085,0,0,2.43424,1.27575,0,1.8807,2.96352,9.05263e+06,3.61194e+06,2.20363e+07,0,0,0,6.61631e+07
81.2797,85.139,3.59329,0.09,0.04,1.92916,3.0874,0,0.309956,4.47552,4.35599e+06,2.70226e+06,8.4034e+06,0,0,0,0,70.8945,79.791,3.65182,0,0,2.58427,1.42604,0,1.8807,2.96352,9.05263e+06,3.61194e+06,2.33945e+07,0,0,0,6.61631e+07
83.1364,85.139,4.56048,0.09,0.04,2.08005,3.08801,0,0.361525,4.47552,4.35599e+06,2.70226e+06,9.06069e+06,0,0,0,0,71.394,79.791,4.84323,0,0,2.43427,1.42632,0,1.99661,2.96352,9.05263e+06,3.61194e+06,2.20366e+07,0,0,0,6.61631e+07
85.139,85.139,5.84378,0.09,0.04,2.08094,3.08862,0,0.389802,4.47552,4.35599e+06,2.70226e+06,9.06457e+06,0,0,0,0,72.2427,79.791,5.17051,0,0,2.43427,1.4266,0,1.88072,2.96352,9.05263e+06,3.61194e+06,2.20366e+07,0,0,0,6.61631e+07
85.139,85.139,3.98939,0.06,0.04,2.08183,3.08923,0,0.389969,4.47552,4.35599e+06,2.70226e+06,9.06845e+06,0,0,0,0,72.7082,79.791,4.41539,0,0,2.43427,1.42688,0,1.88072,2.96352,9.05263e+06,3.61194e+06,2.20366e+07,0,0,0,6.61631e+07
85.139,85.139,4.87386,0.06,0.04,1.69107,2.69818,0,0.390136,4.47552,4.35599e+06,2.70226e+06,7.36628e+06,0,0,0,0,73.3728,79.791,4.8928,0,0,2.23277,1.22566,0,1.88072,2.96352,9.05263e+06,3.61194e+06,2.02125e+07,0,0,0,6.61631e+07
85.139,85.139,5.78578,0.06,0.04,1.49038,2.69871,0,0.316906,4.47552,4.35599e+06,2.70226e+06,6.49208e+06,0,0,0,0,74.0099,79.791,4.89009,0,0,2.43423,1.2259,0,1.72504,2.96352,9.05263e+06,3.61194e+06,2.20362e+07,0,0,0,6.61631e+07
85.139,85.139,7.25446,0.07,0.04,1.49115,2.69924,0,0.279297,4.47552,4.35599e+06,2.70226e+06,6.49545e+06,0,0,0,0,75.1187,79.791,6.26755,0,0,2.43423,1.22614,0,1.88069,2.96352,9.05263e+06,3.61194e+06,2.20362e+07,0,0,0,6.61631e+07
85.139,85.139,9.84898,0.08,0.04,1.49193,2.69978,0,0.279442,4.47552,4.35599e+06,2.70226e+06,6.49882e+06,0,0,0,0,76.7519,79.791,8.6705,0,0,2.43423,1.22639,0,1.88069,2.96352,9.05263e+06,3.61194e+06,2.20362e+07,0,0,0,6.61631e+07
85.139,85.139,8.94137,0.08,0.04,1.4927,2.70031,0,0.279587,4.47552,4.35599e+06,2.70226e+06,6.50219e+06,0,0,0,0,77.929,79.791,7.34108,0,0,2.43423,1.22663,0,1.88069,2.96352,9.05263e+06,3.61194e+06,2.20362e+07,0,0,0,6.61631e+07
85.139,85.139,6.30322,0.08,0.04,1.59216,2.79952,0,0.279732,4.47552,4.35599e+06,2.70226e+06,6.93543e+06,0,0,0,0,79.4419,79.791,8.12366,0,0,2.48358,1.27621,0,1.88069,2.96352,9.05263e+06,3.61194e+06,2.24829e+07,0,0,0,6.61631e+07
85.139,85.139,6.81884,0.08,0.04,1.6423,2.80008,0,0.298371,4.47552,4.35599e+06,2.70226e+06,7.15383e+06,0,0,0,0,80.8192,79.791,7.92501,0,0,2.43424,1.27647,0,1.91881,2.96352,9.05263e+06,3.61194e+06,2.20363e+07,0,0,0,6.61631e+07
85.139,85.139,6.04199,0.08,0.04,1.6431,2.80063,0,0.307767,4.47552,4.35599e+06,2.70226e+06,7.15733e+06,0,0,0,0,80.8192,79.791,5.75068,0,0,2.43424,1.27672,0,1.8807,2.96352,9.05263e+06,3.61194e+06,2.20363e+07,0,0,0,6.61631e+07
85.139,85.139,4.46531,0.08,0.04,1.64391,2.80118,0,0.307917,4.47552,4.35599e+06,2.70226e+06,7.16083e+06,0,0,0,0,80.8192,79.791,4.90574,0,0,2.43424,1.27697,0,1.8807,2.96352,9.05263e+06,3.61194e+06,2.20363e+07,0,0,0,6.61631e+07
85.139,85.139,4.4198,0.09,0.04,1.60609,2.76312,0,0.308068,4.47552,4.35599e+06,2.70226e+06,6.99613e+06,0,0,0,0,80.8192,79.791,4.65034,0,0,2.41506,1.25804,0,1.8807,2.96352,9.05263e+06,3.61194e+06,2.18627e+07,0,0,0,6.61631e+07
85.139,85.139,3.59483,0.08,0.04,1.58771,2.76366,0,0.300982,4.47552,4.35599e+06,2.70226e+06,6.91606e+06,0,0,0,0,80.8192,79.791,3.81707,0,0,2.43424,1.25829,0,1.86588,2.96352,9.05263e+06,3.61194e+06,2.20363e+07,0,0,0,6.61631e+07
85.139,85.139,3.24892,0.07,0.04,1.58851,2.76421,0,0.297537,4.47552,4.35599e+06,2.70226e+06,6.91951e+06,0,0,0,0,80.8034,79.791,3.31587,0,0,2.43424,1.25854,0,1.88069,2.96352,9.05263e+06,3.61194e+06,2.20363e+07,0,0,0,6.61631e+07
85.139,85.139,3.78751,0.07,0.04,1.5893,2.76475,0,0.297686,4.47552,4.35599e+06,2.70226e+06,6.92297e+06,0,0,0,0,80.7245,79.791,3.3253,0,0,2.43424,1.25879,0,1.88069,2.96352,9.05263e+06,3.61194e+06,2.20363e+07,0,0,0,6.61631e+07
85.139,85.139,3.02225,0.07,0.04,1.72127,2.89648,0,0.297834,4.47552,4.35599e+06,2.70226e+06,7.49783e+06,0,0,0,0,80.6047,79.791,3.24054,0,0,2.50231,1.3271,0,1.88069,2.96352,9.05263e+06,3.61194e+06,2.26525e+07,0,0,0,6.61631e+07
85.139,85.139,3.21285,0.07,0.04,1.79016,2.89705,0,0.322566,4.47552,4.35599e+06,2.70226e+06,7.79791e+06,0,0,0,0,80.4608,79.791,3.2302,0,0,2.43425,1.32737,0,1.93328,2.96352,9.05263e+06,3.61194e+06,2.20364e+07,0,0,0,6.61631e+07
85.139,85.139,3.01775,0.06,0.04,1.79099,2.89762,0,0.335476,4.47552,4.35599e+06,2.70226e+06,7.80154e+06,0,0,0,0,80.282,79.791,3.07127,0,0,2.43425,1.32763,0,1.8807,2.96352,9.05263e+06,3.61194e+06,2.20364e+07,0,0,0,6.61631e+07
85.139,85.139,2.80498,0.05,0.04,1.79182,2.89819,0,0.335632,4.47552,4.35599e+06,2.70226e+06,7.80517e+06,0,0,0,0,80.0492,79.791,2.74576,0,0,2.43425,1.32789,0,1.8807,2.96352,9.05263e+06,3.61194e+06,2.20364e+07,0,0,0,6.61631e+07
85.139,85.139,2.63436,0.04,0.04,1.79266,2.89876,0,0.335788,4.47552,4.35599e+06,2.70226e+06,7.8088e+06,0,0,0,0,79.8199,79.791,2.92473,0,0,2.43425,1.32815,0,1.8807,2.96352,9.05263e+06,3.61194e+06,2.20364e+07,0,0,0,6.61631e+07
85.139,85.139,2.53344,0.03,0.04,1.76752,2.87337,0,0.335944,4.47552,4.35599e+06,2.70226e+06,7.69932e+06,0,0,0,0,79.5097,79.791,2.47424,0,0,2.4717,1.36586,0,1.8807,2.96352,9.05263e+06,3.61194e+06,2.23754e+07,0,0,0,6.61631e+07
85.139,85.139,2.35968,0.02,0.04,1.8058,2.87393,0,0.331234,4.47552,4.35599e+06,2.70226e+06,7.86605e+06,0,0,0,0,79.1666,79.791,2.25013,0,0,2.43426,1.36613,0,1.90964,2.96352,9.05263e+06,3.61194e+06,2.20365e+07,0,0,0,6.61631e+07
85.139,85.139,2.20338,0.02,0.04,1.80664,2.8745,0,0.338407,4.47552,4.35599e+06,2.70226e+06,7.8697e+06,0,0,0,0,78.7384,79.791,2.0264,0,0,2.43426,1.3664,0,1.88071,2.96352,9.05263e+06,3.61194e+06,2.20365e+07,0,0,0,6.61631e+07
85.1052,85.139,2.12364,0.02,0.04,1.80747,2.87507,0,0.338564,4.47552,4.35599e+06,2.70226e+06,7.87334e+06,0,0,0,0,78.263,79.791,1.92873,0,0,2.43426,1.36667,0,1.88071,2.96352,9.05263e+06,3.61194e+06,2.20365e+07,0,0,0,6.61631e+07
85.0373,85.139,2.10654,0.04,0.04,1.87542,2.94274,0,0.338721,4.47552,4.35599e+06,2.70226e+06,8.16932e+06,0,0,0,0,77.8852,79.791,1.95518,0,0,2.46766,1.40034,0,1.88071,2.96352,9.05263e+06,3.61194e+06,2.23389e+07,0,0,0,6.61631e+07
84.991,85.139,2.19945,0.04,0.04,1.90967,2.94332,0,0.351454,4.47552,4.35599e+06,2.70226e+06,8.31852e+06,0,0,0,0,77.5918,79.791,2.3029,0,0,2.43427,1.40062,0,1.90652,2.96352,9.05263e+06,3.61194e+06,2.20365e+07,0,0,0,6.61631e+07
84.8075,85.139,2.02713,0.04,0.04,1.91053,2.9439,0,0.357873,4.47552,4.35599e+06,2.70226e+06,8.32225e+06,0,0,0,0,77.2144,79.791,2.19527,0,0,2.43427,1.40089,0,1.88072,2.96352,9.05263e+06,3.61194e+06,2.20365e+07,0,0,0,6.61631e+07
84.4531,85.139,1.84521,0.04,0.04,1.91139,2.94448,0,0.358033,4.47552,4.35599e+06,2.70226e+06,8.32598e+06,0,0,0,0,76.8094,79.791,1.9174,0,0,2.43427,1.40117,0,1.88072,2.96352,9.05263e+06,3.61194e+06,2.20365e+07,0,0,0,6.61631e+07
84.1687,85.139,2.07484,0.04,0.04,2.10893,3.14175,0,0.358194,4.47552,4.35599e+06,2.70226e+06,9.18648e+06,0,0,0,0,76.5319,79.791,2.52942,0,0,2.55493,1.5221,0,1.88072,2.96352,9.05263e+06,3.61194e+06,2.31288e+07,0,0,0,6.61631e+07
83.5801,85.139,1.86006,0.05,0.04,2.23049,3.14237,0,0.395214,4.47552,4.35599e+06,2.70226e+06,9.71597e+06,0,0,0,0,76.2594,79.791,2.41599,0,0,2.43429,1.5224,0,1.97394,2.96352,9.05263e+06,3.61194e+06,2.20368e+07,0,0,0,6.61631e+07
82.7699,85.139,1.62101,0.06,0.04,2.2314,3.14299,0,0.417993,4.47552,4.35599e+06,2.70226e+06,9.71998e+06,0,0,0,0,75.9112,79.791,2.21731,0,0,2.43429,1.52271,0,1.88073,2.96352,9.05263e+06,3.61194e+06,2.20368e+07,0,0,0,6.61631e+07
82.0904,85.139,1.74295,0.06,0.04,2.23232,3.14361,0,0.418165,4.47552,4.35599e+06,2.70226e+06,9.72398e+06,0,0,0,0,75.5713,79.791,2.24516,0,0,2.43429,1.52301,0,1.88073,2.96352,9.05263e+06,3.61194e+06,2.20368e+07,0,0,0,6.61631e+07
82.2767,85.139,2.70129,0.06,0.04,2.23324,3.14423,0,0.418338,4.47552,4.35599e+06,2.70226e+06,9.72799e+06,0,0,0,0,75.3651,79.791,2.67033,0,0,2.43429,1.52331,0,1.88073,2.96352,9.05263e+06,3.61194e+06,2.20368e+07,0,0,0,6.61631e+07
83.4839,85.139,3.64145,0.07,0.04,2.13821,3.0489,0,0.41851,4.47552,4.35599e+06,2.70226e+06,9.31403e+06,0,0,0,0,75.2533,79.791,2.71729,0,0,2.36098,1.4503,0,1.88073,2.96352,9.05263e+06,3.61194e+06,2.13731e+07,0,0,0,6.61631e+07
85.0669,85.139,3.88986,0.07,0.04,2.06581,3.0495,0,0.400701,4.47552,4.35599e+06,2.70226e+06,8.99863e+06,0,0,0,0,75.158,79.791,3.29432,0,0,2.43428,1.45058,0,1.8241,2.96352,9.05263e+06,3.61194e+06,2.20366e+07,0,0,0,6.61631e+07
85.139,85.139,3.05219,0.07,0.04,2.06669,3.0501,0,0.387132,4.47552,4.35599e+06,2.70226e+06,9.00249e+06,0,0,0,0,74.8881,79.791,2.96791,0,0,2.43428,1.45087,0,1.88072,2.96352,9.05263e+06,3.61194e+06,2.20366e+07,0,0,0,6.61631e+07
84.8615,85.139,2.02594,0.05,0.04,2.06758,3.0507,0,0.387298,4.47552,4.35599e+06,2.70226e+06,9.00635e+06,0,0,0,0,74.4614,79.791,1.95861,0,0,2.43428,1.45116,0,1.88072,2.96352,9.05263e+06,3.61194e+06,2.20366e+07,0,0,0,6.61631e+07
85.139,85.139,3.00236,0.07,0.04,1.98964,2.97248,0,0.387464,4.47552,4.35599e+06,2.70226e+06,8.66687e+06,0,0,0,0,74.2527,79.791,2.47057,0,0,2.3675,1.38466,0,1.88072,2.96352,9.05263e+06,3.61194e+06,2.14321e+07,0,0,0,6.61631e+07
85.139,85.139,3.48842,0.05,0.04,1.92374,2.97307,0,0.372859,4.47552,4.35599e+06,2.70226e+06,8.37977e+06,0,0,0,0,73.8637,79.791,2.28488,0,0,2.43426,1.38493,0,1.82913,2.96352,9.05263e+06,3.61194e+06,2.20365e+07,0,0,0,6.61631e+07
85.139,85.139,4.01441,0.05,0.04,1.92459,2.97365,0,0.360508,4.47552,4.35599e+06,2.70226e+06,8.38351e+06,0,0,0,0,73.8158,79.791,2.79958,0,0,2.43426,1.38521,0,1.88071,2.96352,9.05263e+06,3.61194e+06,2.20365e+07,0,0,0,6.61631e+07
85.139,85.139,3.78599,0.04,0.04,1.92545,2.97424,0,0.360669,4.47552,4.35599e+06,2.70226e+06,8.38726e+06,0,0,0,0,73.9383,79.791,3.25487,0,0,2.43426,1.38548,0,1.88071,2.96352,9.05263e+06,3.61194e+06,2.20365e+07,0,0,0,6.61631e+07
85.139,85.139,4.74093,0.04,0.04,1.70227,2.75079,0,0.36083,4.47552,4.35599e+06,2.70226e+06,7.41509e+06,0,0,0,0,74.2502,79.791,4.22496,0,0,2.29507,1.24656,0,1.88071,2.96352,9.05263e+06,3.61194e+06,2.07764e+07,0,0,0,6.61631e+07
85.139,85.139,6.9127,0.04,0.04,1.5639,2.75133,0,0.319006,4.47552,4.35599e+06,2.70226e+06,6.81231e+06,0,0,0,0,75.162,79.791,5.2012,0,0,2.43424,1.2468,0,1.77317,2.96352,9.05263e+06,3.61194e+06,2.20363e+07,0,0,0,6.61631e+07
85.139,85.139,7.69507,0.05,0.04,1.56468,2.75187,0,0.293074,4.47552,4.35599e+06,2.70226e+06,6.81574e+06,0,0,0,0,76.721,79.791,6.63494,0,0,2.43424,1.24705,0,1.88069,2.96352,9.05263e+06,3.61194e+06,2.20363e+07,0,0,0,6.61631e+07
85.139,85.139,6.15637,0.05,0.04,1.56547,2.75241,0,0.293222,4.47552,4.35599e+06,2.70226e+06,6.81918e+06,0,0,0,0,77.9943,79.791,5.77201,0,0,2.43424,1.2473,0,1.88069,2.96352,9.05263e+06,3.61194e+06,2.20363e+07,0,0,0,6.61631e+07
85.139,85.139,8.94784,0.05,0.04,1.56626,2.75296,0,0.293369,4.47552,4.35599e+06,2.70226e+06,6.82261e+06,0,0,0,0,79.1413,79.791,6.82182,0,0,2.43424,1.24754,0,1.88069,2.96352,9.05263e+06,3.61194e+06,2.20363e+07,0,0,0,6.61631e+07
85.139,85.139,10.3372,0.06,0.04,1.6533,2.83975,0,0.293517,4.47552,4.35599e+06,2.70226e+06,7.20174e+06,0,0,0,0,79.8215,79.791,7.29006,0,0,2.47458,1.28813,0,1.88069,2.96352,9.05263e+06,3.61194e+06,2.24015e+07,0,0,0,6.61631e+07
85.139,85.139,4.78705,0.06,0.04,1.69442,2.84028,0,0.309828,5.32224,4.35599e+06,2.70226e+06,7.38088e+06,0,0,0,0,79.5312,79.791,3.85523,0,0,2.43424,1.28837,0,1.91186,2.96352,9.05263e+06,3.61194e+06,2.20362e+07,0,0,0,6.61631e+07
85.139,85.139,2.90377,0.07,0.04,1.6952,2.84082,0,0.317534,5.32224,4.35599e+06,2.70226e+06,7.38428e+06,0,0,0,0,79.3316,79.791,4.13274,0,0,2.43424,1.28862,0,1.88069,2.96352,9.05263e+06,3.61194e+06,2.20362e+07,0,0,0,6.61631e+07
85.139,85.139,9.9409,0.07,0.04,1.69598,2.84136,0,0.317681,5.32224,4.35599e+06,2.70226e+06,7.38768e+06,0,0,0,0,80.2609,79.791,11.2496,0,0,2.43424,1.28886,0,1.88069,2.96352,9.05263e+06,3.61194e+06,2.20362e+07,0,0,0,6.61631e+07
85.139,85.139,5.70106,0.07,0.04,1.97396,3.11909,0,0.317827,5.32224,4.35599e+06,2.70226e+06,8.59853e+06,0,0,0,0,80.5456,79.791,6.99396,0,0,2.58581,1.44068,0,1.88069,2.96352,9.05263e+06,3.61194e+06,2.34084e+07,0,0,0,6.61631e+07
85.139,85.139,4.67491,0.07,0.04,2.12636,3.11968,0,0.369919,5.32224,4.35599e+06,2.70226e+06,9.2624e+06,0,0,0,0,80.2811,79.791,3.85748,0,0,2.43426,1.44095,0,1.99779,2.96352,9.05263e+06,3.61194e+06,2.20365e+07,0,0,0,6.61631e+07
85.139,85.139,3.56573,0.07,0.04,2.12722,3.12027,0,0.39848,5.32224,4.35599e+06,2.70226e+06,9.26616e+06,0,0,0,0,80.2497,79.791,4.80946,0,0,2.43426,1.44122,0,1.88071,2.96352,9.05263e+06,3.61194e+06,2.20365e+07,0,0,0,6.61631e+07
85.139,85.139,5.16072,0.07,0.04,2.12809,3.12086,0,0.398642,5.32224,4.35599e+06,2.70226e+06,9.26992e+06,0,0,0,0,80.5021,79.791,6.13804,0,0,2.43426,1.44149,0,1.88071,2.96352,9.05263e+06,3.61194e+06,2.20365e+07,0,0,0,6.61631e+07
85.139,85.139,6.25514,0.07,0.04,1.73328,2.72578,0,0.398803,5.32224,4.35599e+06,2.70226e+06,7.55017e+06,0,0,0,0,80.4861,79.791,5.31695,0,0,2.2307,1.2382,0,1.88071,2.96352,9.05263e+06,3.61194e+06,2.01937e+07,0,0,0,6.61631e+07
85.139,85.139,4.94363,0.06,0.04,1.53051,2.7263,0,0.324818,5.32224,4.35599e+06,2.70226e+06,6.66688e+06,0,0,0,0,80.8153,79.791,5.02618,0,0,2.43423,1.23844,0,1.72344,2.96352,9.05263e+06,3.61194e+06,2.20362e+07,0,0,0,6.61631e+07
85.139,85.139,5.04367,0.08,0.04,1.53126,2.72682,0,0.286817,5.32224,4.35599e+06,2.70226e+06,6.67014e+06,0,0,0,0,80.8192,79.791,5.29,0,0,2.43423,1.23867,0,1.88068,2.96352,9.05263e+06,3.61194e+06,2.20362e+07,0,0,0,6.61631e+07
85.139,85.139,7.21275,0.08,0.04,1.53201,2.72733,0,0.286958,5.32224,4.35599e+06,2.70226e+06,6.67341e+06,0,0,0,0,80.8192,79.791,8.78336,0,0,2.43423,1.2389,0,1.88068,2.96352,9.05263e+06,3.61194e+06,2.20362e+07,0,0,0,6.61631e+07
85.139,85.139,6.68742,0.09,0.04,1.53276,2.72785,0,0.287098,5.32224,4.35599e+06,2.70226e+06,6.67668e+06,0,0,0,0,80.8192,79.791,7.23206,0,0,2.43423,1.23914,0,1.88068,2.96352,9.05263e+06,3.61194e+06,2.20362e+07,0,0,0,6.61631e+07
85.139,85.139,5.3127,0.09,0.04,1.6332,2.82805,0,0.287239,5.32224,4.35599e+06,2.70226e+06,7.11419e+06,0,0,0,0,80.8192,79.791,5.82686,0,0,2.48407,1.28922,0,1.88068,2.96352,9.05263e+06,3.61194e+06,2.24874e+07,0,0,0,6.61631e+07
85.139,85.139,4.08349,0.09,0.04,1.68381,2.82859,0,0.306061,5.32224,4.35599e+06,2.70226e+06,7.33467e+06,0,0,0,0,80.8192,79.791,4.34092,0,0,2.43424,1.28946,0,1.91919,2.96352,9.05263e+06,3.61194e+06,2.20362e+07,0,0,0,6.61631e+07
85.139,85.139,3.93825,0.08,0.04,1.68459,2.82912,0,0.315546,5.32224,4.35599e+06,2.70226e+06,7.33806e+06,0,0,0,0,80.8192,79.791,4.42541,0,0,2.43424,1.28971,0,1.88069,2.96352,9.05263e+06,3.61194e+06,2.20362e+07,0,0,0,6.61631e+07
85.139,85.139,5.14098,0.09,0.04,1.68537,2.82966,0,0.315692,5.32224,4.35599e+06,2.70226e+06,7.34145e+06,0,0,0,0,80.8192,79.791,5.4887,0,0,2.43424,1.28995,0,1.88069,2.96352,9.05263e+06,3.61194e+06,2.20362e+07,0,0,0,6.61631e+07
85.139,85.139,3.53698,0.09,0.04,1.64714,2.79118,0,0.315838,5.32224,4.35599e+06,2.70226e+06,7.17493e+06,0,0,0,0,80.7843,79.791,4.16598,0,0,2.41486,1.27082,0,1.88069,2.96352,9.05263e+06,3.61194e+06,2.18609e+07,0,0,0,6.61631e+07
85.139,85.139,2.65894,0.09,0.04,1.62854,2.79171,0,0.308674,5.32224,4.35599e+06,2.70226e+06,7.0939e+06,0,0,0,0,80.5676,79.791,2.6826,0,0,2.43423,1.27106,0,1.86572,2.96352,9.05263e+06,3.61194e+06,2.20362e+07,0,0,0,6.61631e+07
85.139,85.139,2.35264,0.07,0.04,1.62931,2.79224,0,0.305188,5.32224,4.35599e+06,2.70226e+06,7.09724e+06,0,0,0,0,80.2459,79.791,2.44184,0,0,2.43423,1.2713,0,1.88069,2.96352,9.05263e+06,3.61194e+06,2.20362e+07,0,0,0,6.61631e+07
85.139,85.139,2.17765,0.07,0.04,1.63007,2.79277,0,0.305332,5.32224,4.35599e+06,2.70226e+06,7.10059e+06,0,0,0,0,79.8473,79.791,2.25432,0,0,2.43423,1.27154,0,1.88069,2.96352,9.05263e+06,3.61194e+06,2.20362e+07,0,0,0,6.61631e+07
85.0404,85.139,2.12683,0.07,0.04,1.76335,2.9258,0,0.305476,5.32224,4.35599e+06,2.70226e+06,7.68113e+06,0,0,0,0,79.5052,79.791,2.57058,0,0,2.50299,1.34054,0,1.88069,2.96352,9.05263e+06,3.61194e+06,2.26587e+07,0,0,0,6.61631e+07
84.8778,85.139,2.10196,0.11,0.04,1.8329,2.92635,0,0.330452,5.32224,4.35599e+06,2.70226e+06,7.9841e+06,0,0,0,0,79.0526,79.791,2.07837,0,0,2.43425,1.34079,0,1.93381,2.96352,9.05263e+06,3.61194e+06,2.20363e+07,0,0,0,6.61631e+07
84.6015,85.139,1.94576,0.09,0.04,1.83371,2.92691,0,0.343486,5.32224,4.35599e+06,2.70226e+06,7.98761e+06,0,0,0,0,78.5894,79.791,2.03914,0,0,2.43425,1.34105,0,1.8807,2.96352,9.05263e+06,3.61194e+06,2.20363e+07,0,0,0,6.61631e+07
84.2899,85.139,1.90428,0.08,0.04,1.83452,2.92746,0,0.343637,5.32224,4.35599e+06,2.70226e+06,7.99113e+06,0,0,0,0,78.1624,79.791,2.05546,0,0,2.43425,1.3413,0,1.8807,2.96352,9.05263e+06,3.61194e+06,2.20363e+07,0,0,0,6.61631e+07
83.8604,85.139,1.77751,0.08,0.04,1.83532,2.92801,0,0.343788,5.32224,4.35599e+06,2.70226e+06,7.99464e+06,0,0,0,0,77.6954,79.791,1.89593,0,0,2.43425,1.34155,0,1.8807,2.96352,9.05263e+06,3.61194e+06,2.20363e+07,0,0,0,6.61631e+07
83.5553,85.139,1.84714,0.06,0.04,1.8099,2.90234,0,0.343939,5.32224,4.35599e+06,2.70226e+06,7.8839e+06,0,0,0,0,77.2439,79.791,2.12255,0,0,2.47207,1.37963,0,1.8807,2.96352,9.05263e+06,3.61194e+06,2.23788e+07,0,0,0,6.61631e+07
83.2122,85.139,1.81204,0.07,0.04,1.84853,2.90289,0,0.339175,5.32224,4.35599e+06,2.70226e+06,8.05217e+06,0,0,0,0,76.8017,79.791,2.24448,0,0,2.43425,1.3799,0,1.90992,2.96352,9.05263e+06,3.61194e+06,2.20364e+07,0,0,0,6.61631e+07
82.7453,85.139,1.6776,0.05,0.04,1.84934,2.90343,0,0.346414,5.32224,4.35599e+06,2.70226e+06,8.0557e+06,0,0,0,0,76.3315,79.791,2.09309,0,0,2.43425,1.38016,0,1.8807,2.96352,9.05263e+06,3.61194e+06,2.20364e+07,0,0,0,6.61631e+07
82.2355,85.139,1.62355,0.05,0.04,1.85015,2.90398,0,0.346566,5.32224,4.35599e+06,2.70226e+06,8.05922e+06,0,0,0,0,75.8008,79.791,1.92706,0,0,2.43425,1.38042,0,1.8807,2.96352,9.05263e+06,3.61194e+06,2.20364e+07,0,0,0,6.61631e+07
81.5773,85.139,1.50283,0.04,0.04,1.91874,2.97232,0,0.346718,5.32224,4.35599e+06,2.70226e+06,8.35803e+06,0,0,0,0,75.2004,79.791,1.76854,0,0,2.46799,1.41442,0,1.8807,2.96352,9.05263e+06,3.61194e+06,2.23418e+07,0,0,0,6.61631e+07
80.7686,85.139,1.3732,0.05,0.04,1.9533,2.97288,0,0.359573,5.32224,4.35599e+06,2.70226e+06,8.50857e+06,0,0,0,0,74.715,79.791,1.78596,0,0,2.43426,1.41468,0,1.90677,2.96352,9.05263e+06,3.61194e+06,2.20365e+07,0,0,0,6.61631e+07
79.8954,85.139,1.29612,0.05,0.04,1.95413,2.97344,0,0.366049,5.32224,4.35599e+06,2.70226e+06,8.51218e+06,0,0,0,0,74.1553,79.791,1.85859,0,0,2.43426,1.41495,0,1.88071,2.96352,9.05263e+06,3.61194e+06,2.20365e+07,0,0,0,6.61631e+07
78.9459,85.139,1.21282,0.06,0.04,1.95496,2.974,0,0.366205,5.32224,4.35599e+06,2.70226e+06,8.5158e+06,0,0,0,0,73.5895,79.791,1.70046,0,0,2.43426,1.41522,0,1.88071,2.96352,9.05263e+06,3.61194e+06,2.20365e+07,0,0,0,6.61631e+07
77.8184,85.139,1.19244,0.09,0.04,2.15445,3.17323,0,0.36636,5.32224,4.35599e+06,2.70226e+06,9.38477e+06,0,0,0,0,73.0573,79.791,1.82547,0,0,2.55613,1.53735,0,1.88071,2.96352,9.05263e+06,3.61194e+06,2.31397e+07,0,0,0,6.61631e+07
76.8201,85.139,1.40586,0.09,0.04,2.27719,3.17383,0,0.403744,5.32224,4.35599e+06,2.70226e+06,9.9194e+06,0,0,0,0,72.5591,79.791,2.07836,0,0,2.43428,1.53764,0,1.97486,2.96352,9.05263e+06,3.61194e+06,2.20367e+07,0,0,0,6.61631e+07
75.6553,85.139,1.25877,0.09,0.04,2.27808,3.17442,0,0.426745,5.32224,4.35599e+06,2.70226e+06,9.92327e+06,0,0,0,0,72.0373,79.791,1.95968,0,0,2.43428,1.53793,0,1.88073,2.96352,9.05263e+06,3.61194e+06,2.20367e+07,0,0,0,6.61631e+07
74.5211,85.139,1.27126,0.09,0.04,2.27897,3.17502,0,0.426911,5.32224,4.35599e+06,2.70226e+06,9.92715e+06,0,0,0,0,71.5845,79.791,2.11102,0,0,2.43428,1.53822,0,1.88073,2.96352,9.05263e+06,3.61194e+06,2.20367e+07,0,0,0,6.61631e+07
73.4023,85.139,1.28314,0.09,0.04,2.27986,3.17562,0,0.427078,5.32224,4.35599e+06,2.70226e+06,9.93103e+06,0,0,0,0,71.1434,79.791,2.50445,0,0,2.43428,1.53851,0,1.88073,2.96352,9.05263e+06,3.61194e+06,2.20367e+07,0,0,0,6.61631e+07
72.3281,85.139,1.21551,0.12,0.04,2.18384,3.07931,0,0.427245,5.32224,4.35599e+06,2.70226e+06,9.51277e+06,0,0,0,0,70.6343,79.791,2.04088,0,0,2.36024,1.46477,0,1.88073,2.96352,9.05263e+06,3.61194e+06,2.13664e+07,0,0,0,6.61631e+07
71.5138,85.139,1.41601,0.12,0.04,2.11067,3.0799,0,0.409251,5.32224,4.35599e+06,2.70226e+06,9.19406e+06,0,0,0,0,70.1665,79.791,2.2959,0,0,2.43427,1.46504,0,1.82352,2.96352,9.05263e+06,3.61194e+06,2.20365e+07,0,0,0,6.61631e+07
71.0968,85.139,1.84566,0.12,0.04,2.11153,3.08048,0,0.39554,5.32224,4.35599e+06,2.70226e+06,9.1978e+06,0,0,0,0,69.7526,79.791,2.41795,0,0,2.43427,1.46532,0,1.88072,2.96352,9.05263e+06,3.61194e+06,2.20365e+07,0,0,0,6.61631e+07
71.4408,85.139,2.66265,0.11,0.04,2.11239,3.08106,0,0.395701,5.32224,4.35599e+06,2.70226e+06,9.20155e+06,0,0,0,0,69.6984,79.791,4.07563,0,0,2.43427,1.4656,0,1.88072,2.96352,9.05263e+06,3.61194e+06,2.20365e+07,0,0,0,6.61631e+07
71.4233,85.139,2.29732,0.11,0.04,2.03364,3.00204,0,0.395862,5.32224,4.35599e+06,2.70226e+06,8.85852e+06,0,0,0,0,69.238,79.791,3.07575,0,0,2.36682,1.39843,0,1.88072,2.96352,9.05263e+06,3.61194e+06,2.1426e+07,0,0,0,6.61631e+07
71.2239,85.139,2.01615,0.1,0.04,1.96704,3.0026,0,0.381105,5.32224,4.35599e+06,2.70226e+06,8.56841e+06,0,0,0,0,68.8295,79.791,1.61263,0,0,2.43426,1.39869,0,1.82861,2.96352,9.05263e+06,3.61194e+06,2.20364e+07,0,0,0,6.61631e+07
73.0176,85.139,4.05193,0.11,0.04,1.96787,3.00317,0,0.368624,5.32224,4.35599e+06,2.70226e+06,8.57203e+06,0,0,0,0,68.9593,79.791,3.52926,0,0,2.43426,1.39896,0,1.88071,2.96352,9.05263e+06,3.61194e+06,2.20364e+07,0,0,0,6.61631e+07
73.4776,85.139,2.68533,0.11,0.04,1.9687,3.00374,0,0.368779,5.32224,4.35599e+06,2.70226e+06,8.57566e+06,0,0,0,0,69.0548,79.791,3.50853,0,0,2.43426,1.39922,0,1.88071,2.96352,9.05263e+06,3.61194e+06,2.20364e+07,0,0,0,6.61631e+07
75.2854,85.139,3.9673,0.11,0.04,1.74328,2.77805,0,0.368935,5.32224,4.35599e+06,2.70226e+06,7.5937e+06,0,0,0,0,68.9328,79.791,2.89374,0,0,2.29368,1.25891,0,1.88071,2.96352,9.05263e+06,3.61194e+06,2.07639e+07,0,0,0,6.61631e+07
78.437,85.139,5.33588,0.11,0.04,1.60349,2.77857,0,0.32669,5.32224,4.35599e+06,2.70226e+06,6.9848e+06,0,0,0,0,70.6094,79.791,6.9586,0,0,2.43423,1.25915,0,1.7721,2.96352,9.05263e+06,3.61194e+06,2.20362e+07,0,0,0,6.61631e+07
81.889,85.139,5.63574,0.11,0.04,1.60426,2.7791,0,0.300495,5.32224,4.35599e+06,2.70226e+06,6.98812e+06,0,0,0,0,72.3075,79.791,8.91096,0,0,2.43423,1.25939,0,1.88069,2.96352,9.05263e+06,3.61194e+06,2.20362e+07,0,0,0,6.61631e+07
83.7498,85.139,4.02619,0.1,0.04,1.60502,2.77962,0,0.300638,5.32224,4.35599e+06,2.70226e+06,6.99145e+06,0,0,0,0,72.4109,79.791,4.33496,0,0,2.43423,1.25963,0,1.88069,2.96352,9.05263e+06,3.61194e+06,2.20362e+07,0,0,0,6.61631e+07
85.139,85.139,4.08987,0.1,0.04,1.60578,2.78015,0,0.300781,5.32224,4.35599e+06,2.70226e+06,6.99477e+06,0,0,0,0,72.5866,79.791,3.91262,0,0,2.43423,1.25986,0,1.88069,2.96352,9.05263e+06,3.61194e+06,2.20362e+07,0,0,0,6.61631e+07
85.139,85.139,5.58704,0.06,0.04,1.60602,2.78015,0,0.300924,5.32224,4.35599e+06,2.70226e+06,6.99581e+06,0,0,0,0,73.0356,79.791,4.13769,0,0,2.43399,1.25986,0,1.88069,2.96352,9.05263e+06,3.61194e+06,2.2034e+07,0,0,0,6.61631e+07
85.139,85.139,5.5342,0.06,0,1.69365,2.86777,0,0.300968,5.32224,4.35599e+06,2.70226e+06,7.3775e+06,0,0,0,0,74.7677,79.791,7.15742,0,0,2.47497,1.30084,0,1.8805,2.96352,9.05263e+06,3.61194e+06,2.2405e+07,0,0,0,6.61631e+07
85.139,85.139,3.91242,0.07,0,1.73514,2.86829,0,0.317389,5.32224,4.35599e+06,2.70226e+06,7.55826e+06,0,0,0,0,75.1106,79.791,4.02476,0,0,2.43423,1.30108,0,1.91216,2.96352,9.05263e+06,3.61194e+06,2.20362e+07,0,0,0,6.61631e+07
85.139,85.139,8.32446,0.08,0,1.7359,2.86881,0,0.325166,5.32224,4.35599e+06,2.70226e+06,7.56155e+06,0,0,0,0,75.6406,79.791,4.36117,0,0,2.43423,1.30131,0,1.88068,2.96352,9.05263e+06,3.61194e+06,2.20362e+07,0,0,0,6.61631e+07
85.139,85.139,6.29284,0.08,0,1.73665,2.86933,0,0.325307,5.32224,4.35599e+06,2.70226e+06,7.56484e+06,0,0,0,0,76.3018,79.791,5.13596,0,0,2.43423,1.30155,0,1.88068,2.96352,9.05263e+06,3.61194e+06,2.20362e+07,0,0,0,6.61631e+07
85.139,85.139,4.61175,0.07,0,2.01733,3.14977,0,0.325449,5.32224,4.35599e+06,2.70226e+06,8.78745e+06,0,0,0,0,76.6562,79.791,3.5187,0,0,2.58729,1.45485,0,1.88068,2.96352,9.05263e+06,3.61194e+06,2.34218e+07,0,0,0,6.61631e+07
85.139,85.139,5.49237,0.08,0,2.17119,3.15034,0,0.378047,5.32224,4.35599e+06,2.70226e+06,9.4577e+06,0,0,0,0,77.5171,79.791,4.9934,0,0,2.43426,1.45511,0,1.99894,2.96352,9.05263e+06,3.61194e+06,2.20364e+07,0,0,0,6.61631e+07
85.139,85.139,5.78328,0.09,0,2.17203,3.15091,0,0.406882,5.32224,4.35599e+06,2.70226e+06,9.46133e+06,0,0,0,0,78.33,79.791,4.61229,0,0,2.43426,1.45537,0,1.88071,2.96352,9.05263e+06,3.61194e+06,2.20364e+07,0,0,0,6.61631e+07
85.139,85.139,5.88328,0.08,0,2.17286,3.15148,0,0.407038,5.32224,4.35599e+06,2.70226e+06,9.46497e+06,0,0,0,0,79.6804,79.791,6.57928,0,0,2.43426,1.45564,0,1.88071,2.96352,9.05263e+06,3.61194e+06,2.20364e+07,0,0,0,6.61631e+07
85.139,85.139,3.5429,0.08,0,1.77415,2.75251,0,0.407194,5.32224,4.35599e+06,2.70226e+06,7.7282e+06,0,0,0,0,80.1666,79.791,4.14117,0,0,2.2287,1.25034,0,1.88071,2.96352,9.05263e+06,3.61194e+06,2.01756e+07,0,0,0,6.61631e+07
85.139,85.139,4.76597,0.08,0,1.56936,2.75301,0,0.332476,5.32224,4.35599e+06,2.70226e+06,6.8361e+06,0,0,0,0,80.8192,79.791,5.24652,0,0,2.43422,1.25057,0,1.72189,2.96352,9.05263e+06,3.61194e+06,2.20361e+07,0,0,0,6.61631e+07
85.139,85.139,4.22823,0.1,0,1.57008,2.75351,0,0.294097,5.32224,4.35599e+06,2.70226e+06,6.83926e+06,0,0,0,0,80.8192,79.791,3.50305,0,0,2.43422,1.25079,0,1.88068,2.96352,9.05263e+06,3.61194e+06,2.20361e+07,0,0,0,6.61631e+07
85.139,85.139,3.04508,0.11,0,1.57081,2.754,0,0.294233,5.32224,4.35599e+06,2.70226e+06,6.84241e+06,0,0,0,0,80.8192,79.791,2.79308,0,0,2.43422,1.25102,0,1.88068,2.96352,9.05263e+06,3.61194e+06,2.20361e+07,0,0,0,6.61631e+07
85.139,85.139,3.31519,0.09,0,1.57153,2.7545,0,0.294369,5.32224,4.35599e+06,2.70226e+06,6.84557e+06,0,0,0,0,80.8192,79.791,3.28962,0,0,2.43422,1.25125,0,1.88068,2.96352,9.05263e+06,3.61194e+06,2.20361e+07,0,0,0,6.61631e+07
85.139,85.139,5.11005,0.1,0,1.67292,2.85566,0,0.294505,5.32224,4.35599e+06,2.70226e+06,7.28721e+06,0,0,0,0,80.8192,79.791,4.92635,0,0,2.48455,1.30181,0,1.88068,2.96352,9.05263e+06,3.61194e+06,2.24917e+07,0,0,0,6.61631e+07
85.139,85.139,3.78836,0.11,0,1.72399,2.85618,0,0.313505,5.32224,4.35599e+06,2.70226e+06,7.5097e+06,0,0,0,0,80.8192,79.791,3.4458,0,0,2.43423,1.30204,0,1.91956,2.96352,9.05263e+06,3.61194e+06,2.20362e+07,0,0,0,6.61631e+07
85.139,85.139,3.62823,0.1,0,1.72475,2.8567,0,0.323077,5.32224,4.35599e+06,2.70226e+06,7.51298e+06,0,0,0,0,80.8192,79.791,3.53846,0,0,2.43423,1.30228,0,1.88068,2.96352,9.05263e+06,3.61194e+06,2.20362e+07,0,0,0,6.61631e+07
85.139,85.139,3.13225,0.1,0,1.7255,2.85721,0,0.323218,5.32224,4.35599e+06,2.70226e+06,7.51626e+06,0,0,0,0,80.8192,79.791,3.23455,0,0,2.43423,1.30251,0,1.88068,2.96352,9.05263e+06,3.61194e+06,2.20362e+07,0,0,0,6.61631e+07
85.139,85.139,2.4889,0.09,0,1.68687,2.81835,0,0.323359,5.32224,4.35599e+06,2.70226e+06,7.34797e+06,0,0,0,0,80.8192,79.791,3.27111,0,0,2.41466,1.28319,0,1.88068,2.96352,9.05263e+06,3.61194e+06,2.18591e+07,0,0,0,6.61631e+07
85.139,85.139,2.87666,0.08,0,1.66805,2.81886,0,0.316119,5.32224,4.35599e+06,2.70226e+06,7.26601e+06,0,0,0,0,80.8192,79.791,3.29212,0,0,2.43422,1.28342,0,1.86557,2.96352,9.05263e+06,3.61194e+06,2.20361e+07,0,0,0,6.61631e+07
85.139,85.139,3.23737,0.07,0,1.66879,2.81937,0,0.312592,5.32224,4.35599e+06,2.70226e+06,7.26924e+06,0,0,0,0,80.8192,79.791,3.40624,0,0,2.43422,1.28365,0,1.88068,2.96352,9.05263e+06,3.61194e+06,2.20361e+07,0,0,0,6.61631e+07
85.139,85.139,2.22805,0.07,0,1.66953,2.81988,0,0.312732,5.32224,4.35599e+06,2.70226e+06,7.27247e+06,0,0,0,0,80.811,79.791,2.94238,0,0,2.43422,1.28388,0,1.88068,2.96352,9.05263e+06,3.61194e+06,2.20361e+07,0,0,0,6.61631e+07
85.1328,85.139,2.27807,0.07,0,1.80407,2.95418,0,0.312871,5.32224,4.35599e+06,2.70226e+06,7.8585e+06,0,0,0,0,80.7324,79.791,2.89204,0,0,2.50365,1.35354,0,1.88068,2.96352,9.05263e+06,3.61194e+06,2.26646e+07,0,0,0,6.61631e+07
84.9952,85.139,2.14964,0.1,0,1.87426,2.95471,0,0.338082,5.32224,4.35599e+06,2.70226e+06,8.16426e+06,0,0,0,0,80.6224,79.791,2.84874,0,0,2.43424,1.35379,0,1.93432,2.96352,9.05263e+06,3.61194e+06,2.20363e+07,0,0,0,6.61631e+07
84.8335,85.139,2.12077,0.09,0,1.87504,2.95525,0,0.351236,5.32224,4.35599e+06,2.70226e+06,8.16766e+06,0,0,0,0,80.5738,79.791,2.89331,0,0,2.43424,1.35403,0,1.88069,2.96352,9.05263e+06,3.61194e+06,2.20363e+07,0,0,0,6.61631e+07
84.5479,85.139,1.98639,0.08,0,1.87582,2.95578,0,0.351383,5.32224,4.35599e+06,2.70226e+06,8.17106e+06,0,0,0,0,80.4732,79.791,2.75865,0,0,2.43424,1.35428,0,1.88069,2.96352,9.05263e+06,3.61194e+06,2.20363e+07,0,0,0,6.61631e+07
84.5881,85.139,2.28034,0.08,0,1.8766,2.95632,0,0.351529,5.32224,4.35599e+06,2.70226e+06,8.17445e+06,0,0,0,0,80.2935,79.791,2.57566,0,0,2.43424,1.35452,0,1.88069,2.96352,9.05263e+06,3.61194e+06,2.20363e+07,0,0,0,6.61631e+07
85.139,85.139,2.7654,0.07,0,1.8509,2.93037,0,0.351675,5.32224,4.35599e+06,2.70226e+06,8.06249e+06,0,0,0,0,80.0276,79.791,2.51277,0,0,2.47243,1.39296,0,1.88069,2.96352,9.05263e+06,3.61194e+06,2.2382e+07,0,0,0,6.61631e+07
85.139,85.139,2.56668,0.02,0,1.88987,2.9309,0,0.346858,5.32224,4.35599e+06,2.70226e+06,8.23224e+06,0,0,0,0,79.7399,79.791,2.46473,0,0,2.43424,1.39321,0,1.9102,2.96352,9.05263e+06,3.61194e+06,2.20363e+07,0,0,0,6.61631e+07
85.139,85.139,2.33925,0.03,0,1.89065,2.93143,0,0.354161,5.32224,4.35599e+06,2.70226e+06,8.23564e+06,0,0,0,0,79.4169,79.791,2.25739,0,0,2.43424,1.39346,0,1.8807,2.96352,9.05263e+06,3.61194e+06,2.20363e+07,0,0,0,6.61631e+07
85.0815,85.139,2.13715,0.03,0,1.89143,2.93196,0,0.354308,5.32224,4.35599e+06,2.70226e+06,8.23905e+06,0,0,0,0,79.0433,79.791,2.16237,0,0,2.43424,1.39372,0,1.8807,2.96352,9.05263e+06,3.61194e+06,2.20363e+07,0,0,0,6.61631e+07
85.139,85.139,2.41846,0.05,0,1.96065,3.00093,0,0.354454,5.32224,4.35599e+06,2.70226e+06,8.54058e+06,0,0,0,0,78.7277,79.791,2.38384,0,0,2.46831,1.42803,0,1.8807,2.96352,9.05263e+06,3.61194e+06,2.23447e+07,0,0,0,6.61631e+07
85.0958,85.139,2.21181,0.04,0,1.99551,3.00147,0,0.367426,5.32224,4.35599e+06,2.70226e+06,8.69242e+06,0,0,0,0,78.3084,79.791,2.36679,0,0,2.43425,1.42829,0,1.90701,2.96352,9.05263e+06,3.61194e+06,2.20364e+07,0,0,0,6.61631e+07
84.8757,85.139,2.02944,0.06,0,1.99631,3.00202,0,0.373959,5.32224,4.35599e+06,2.70226e+06,8.69591e+06,0,0,0,0,77.8471,79.791,2.06857,0,0,2.43425,1.42855,0,1.8807,2.96352,9.05263e+06,3.61194e+06,2.20364e+07,0,0,0,6.61631e+07
84.7739,85.139,2.13557,0.06,0,1.99711,3.00256,0,0.374109,5.32224,4.35599e+06,2.70226e+06,8.6994e+06,0,0,0,0,77.4614,79.791,2.47172,0,0,2.43425,1.42881,0,1.8807,2.96352,9.05263e+06,3.61194e+06,2.20364e+07,0,0,0,6.61631e+07
84.4736,85.139,2.11191,0.06,0,2.19848,3.20367,0,0.374259,5.32224,4.35599e+06,2.70226e+06,9.57655e+06,0,0,0,0,77.1,79.791,2.34467,0,0,2.55729,1.5521,0,1.8807,2.96352,9.05263e+06,3.61194e+06,2.31502e+07,0,0,0,6.61631e+07
83.8102,85.139,1.85545,0.07,0,2.32235,3.20425,0,0.411995,5.32224,4.35599e+06,2.70226e+06,1.01161e+07,0,0,0,0,76.6887,79.791,2.03113,0,0,2.43427,1.55238,0,1.97576,2.96352,9.05263e+06,3.61194e+06,2.20366e+07,0,0,0,6.61631e+07
83.268,85.139,1.97418,0.07,0,2.32321,3.20483,0,0.435209,5.32224,4.35599e+06,2.70226e+06,1.01199e+07,0,0,0,0,76.2856,79.791,2.17718,0,0,2.43427,1.55266,0,1.88072,2.96352,9.05263e+06,3.61194e+06,2.20366e+07,0,0,0,6.61631e+07
82.9664,85.139,2.20832,0.07,0,2.32408,3.20541,0,0.43537,5.32224,4.35599e+06,2.70226e+06,1.01236e+07,0,0,0,0,75.9017,79.791,2.16852,0,0,2.43427,1.55294,0,1.88072,2.96352,9.05263e+06,3.61194e+06,2.20366e+07,0,0,0,6.61631e+07
82.4669,85.139,2.03857,0.07,0,2.32494,3.20599,0,0.435532,5.32224,4.35599e+06,2.70226e+06,1.01274e+07,0,0,0,0,75.513,79.791,2.10243,0,0,2.43427,1.55322,0,1.88072,2.96352,9.05263e+06,3.61194e+06,2.20366e+07,0,0,0,6.61631e+07
83.0521,85.139,3.11941,0.08,0,2.22796,3.10873,0,0.435693,5.32224,4.35599e+06,2.70226e+06,9.70498e+06,0,0,0,0,75.5557,79.791,3.53216,0,0,2.35953,1.47876,0,1.88072,2.96352,9.05263e+06,3.61194e+06,2.13599e+07,0,0,0,6.61631e+07
84.5742,85.139,4.15107,0.08,0,2.15406,3.10929,0,0.41752,5.32224,4.35599e+06,2.70226e+06,9.38306e+06,0,0,0,0,75.7215,79.791,3.73524,0,0,2.43426,1.47903,0,1.82297,2.96352,9.05263e+06,3.61194e+06,2.20365e+07,0,0,0,6.61631e+07
85.008,85.139,2.92564,0.09,0,2.15489,3.10985,0,0.403671,5.32224,4.35599e+06,2.70226e+06,9.38668e+06,0,0,0,0,75.7059,79.791,3.46406,0,0,2.43426,1.47929,0,1.88071,2.96352,9.05263e+06,3.61194e+06,2.20365e+07,0,0,0,6.61631e+07
85.139,85.139,2.7765,0.09,0,2.15572,3.11042,0,0.403826,5.32224,4.35599e+06,2.70226e+06,9.39029e+06,0,0,0,0,75.7166,79.791,3.33844,0,0,2.43426,1.47956,0,1.88071,2.96352,9.05263e+06,3.61194e+06,2.20365e+07,0,0,0,6.61631e+07
85.0517,85.139,2.46231,0.06,0,2.07619,3.03062,0,0.403982,5.32224,4.35599e+06,2.70226e+06,9.04384e+06,0,0,0,0,75.5772,79.791,2.71127,0,0,2.36617,1.41174,0,1.88071,2.96352,9.05263e+06,3.61194e+06,2.14201e+07,0,0,0,6.61631e+07
85.139,85.139,4.05053,0.09,0,2.00891,3.03116,0,0.389077,5.32224,4.35599e+06,2.70226e+06,8.75081e+06,0,0,0,0,75.624,79.791,3.66348,0,0,2.43425,1.412,0,1.82811,2.96352,9.05263e+06,3.61194e+06,2.20363e+07,0,0,0,6.61631e+07
85.139,85.139,3.57204,0.05,0,2.00972,3.03171,0,0.376471,5.32224,4.35599e+06,2.70226e+06,8.75431e+06,0,0,0,0,76.6972,79.791,7.50927,0,0,2.43425,1.41225,0,1.8807,2.96352,9.05263e+06,3.61194e+06,2.20364e+07,0,0,0,6.61631e+07
85.139,85.139,4.10135,0.05,0,2.01052,3.03226,0,0.376621,5.32224,4.35599e+06,2.70226e+06,8.75782e+06,0,0,0,0,76.9205,79.791,3.66728,0,0,2.43425,1.41251,0,1.8807,2.96352,9.05263e+06,3.61194e+06,2.20364e+07,0,0,0,6.61631e+07
85.139,85.139,5.92284,0.05,0,1.78292,2.8044,0,0.376772,5.32224,4.35599e+06,2.70226e+06,7.76639e+06,0,0,0,0,77.653,79.791,5.17,0,0,2.29234,1.27086,0,1.8807,2.96352,9.05263e+06,3.61194e+06,2.07517e+07,0,0,0,6.61631e+07
85.139,85.139,6.2698,0.07,0,1.64178,2.80491,0,0.334119,5.32224,4.35599e+06,2.70226e+06,7.15156e+06,0,0,0,0,78.6805,79.791,5.61103,0,0,2.43422,1.27109,0,1.77106,2.96352,9.05263e+06,3.61194e+06,2.20361e+07,0,0,0,6.61631e+07
85.139,85.139,11.4756,0.07,0,1.64251,2.80542,0,0.307669,5.32224,4.35599e+06,2.70226e+06,7.15477e+06,0,0,0,0,80.8192,79.791,12.0703,0,0,2.43422,1.27132,0,1.88068,2.96352,9.05263e+06,3.61194e+06,2.20361e+07,0,0,0,6.61631e+07
85.139,85.139,6.88733,0.07,0,1.64325,2.80593,0,0.307807,5.32224,4.35599e+06,2.70226e+06,7.15799e+06,0,0,0,0,80.8192,79.791,6.0481,0,0,2.43422,1.27155,0,1.88068,2.96352,9.05263e+06,3.61194e+06,2.20361e+07,0,0,0,6.61631e+07
85.139,85.139,7.12637,0.06,0,1.64399,2.80643,0,0.307945,5.32224,4.35599e+06,2.70226e+06,7.1612e+06,0,0,0,0,80.8192,79.791,7.37565,0,0,2.43422,1.27178,0,1.88068,2.96352,9.05263e+06,3.61194e+06,2.20361e+07,0,0,0,6.61631e+07
85.139,85.139,8.01349,0.07,0,1.73265,2.89487,0,0.308084,5.32224,4.35599e+06,2.70226e+06,7.54741e+06,0,0,0,0,80.8192,79.791,8.47731,0,0,2.47535,1.31313,0,1.88068,2.96352,9.05263e+06,3.61194e+06,2.24084e+07,0,0,0,6.61631e+07
85.139,85.139,7.65579,0.08,0,1.77451,2.89537,0,0.324699,5.32224,4.35599e+06,2.70226e+06,7.72973e+06,0,0,0,0,80.8192,79.791,7.50085,0,0,2.43422,1.31336,0,1.91245,2.96352,9.05263e+06,3.61194e+06,2.20361e+07,0,0,0,6.61631e+07
85.139,85.139,6.02671,0.09,0,1.77523,2.89587,0,0.332542,5.32224,4.35599e+06,2.70226e+06,7.7329e+06,0,0,0,0,80.8192,79.791,6.04635,0,0,2.43422,1.31359,0,1.88068,2.96352,9.05263e+06,3.61194e+06,2.20361e+07,0,0,0,6.61631e+07
85.139,85.139,5.60923,0.09,0,1.77596,2.89637,0,0.332679,5.32224,4.35599e+06,2.70226e+06,7.73608e+06,0,0,0,0,80.8192,79.791,6.09199,0,0,2.43422,1.31381,0,1.88068,2.96352,9.05263e+06,3.61194e+06,2.20361e+07,0,0,0,6.61631e+07
85.139,85.139,5.84077,0.09,0,2.05925,3.17943,0,0.332816,5.32224,4.35599e+06,2.70226e+06,8.97006e+06,0,0,0,0,80.8192,79.791,6.86365,0,0,2.58872,1.46854,0,1.88068,2.96352,9.05263e+06,3.61194e+06,2.34348e+07,0,0,0,6.61631e+07
85.139,85.139,7.21871,0.09,0,2.21453,3.17998,0,0.385903,5.32224,4.35599e+06,2.70226e+06,9.64646e+06,0,0,0,0,80.8192,79.791,7.99476,0,0,2.43425,1.4688,0,2.00005,2.96352,9.05263e+06,3.61194e+06,2.20363e+07,0,0,0,6.61631e+07
85.139,85.139,6.63652,0.09,0,2.21533,3.18053,0,0.415002,5.32224,4.35599e+06,2.70226e+06,9.64997e+06,0,0,0,0,80.8192,79.791,9.7158,0,0,2.43425,1.46905,0,1.8807,2.96352,9.05263e+06,3.61194e+06,2.20363e+07,0,0,0,6.61631e+07
85.139,85.139,6.0526,0.09,0,2.21614,3.18108,0,0.415153,5.32224,4.35599e+06,2.70226e+06,9.65347e+06,0,0,0,0,80.8192,79.791,8.50507,0,0,2.43425,1.46931,0,1.8807,2.96352,9.05263e+06,3.61194e+06,2.20363e+07,0,0,0,6.61631e+07
85.139,85.139,13.6526,0.1,0,1.81365,2.77834,0,0.415304,5.32224,4.35599e+06,2.70226e+06,7.90025e+06,0,0,0,0,80.8192,79.791,20.2928,0,0,2.22676,1.26207,0,1.8807,2.96352,9.05263e+06,3.61194e+06,2.0158e+07,0,0,0,6.61631e+07
85.139,85.139,9.73629,0.11,0,1.6069,2.77882,0,0.339878,5.32224,4.35599e+06,2.70226e+06,6.99963e+06,0,0,0,0,80.8192,79.791,10.5433,0,0,2.43421,1.26229,0,1.72039,2.96352,9.05263e+06,3.61194e+06,2.2036e+07,0,0,0,6.61631e+07
85.139,85.139,10.2532,0.12,0,1.6076,2.7793,0,0.301133,5.32224,4.35599e+06,2.70226e+06,7.00268e+06,0,0,0,0,80.8192,79.791,11.0877,0,0,2.43421,1.26251,0,1.88067,2.96352,9.05263e+06,3.61194e+06,2.2036e+07,0,0,0,6.61631e+07
85.139,85.139,11.7774,0.13,0,1.6083,2.77978,0,0.301264,5.32224,4.35599e+06,2.70226e+06,7.00573e+06,0,0,0,0,80.8192,79.791,13.0185,0,0,2.43421,1.26273,0,1.88067,2.96352,9.05263e+06,3.61194e+06,2.2036e+07,0,0,0,6.61631e+07
85.139,85.139,11.813,0.13,0,1.609,2.78026,0,0.301395,5.32224,4.35599e+06,2.70226e+06,7.00877e+06,0,0,0,0,80.8192,79.791,14.9603,0,0,2.43421,1.26295,0,1.88067,2.96352,9.05263e+06,3.61194e+06,2.2036e+07,0,0,0,6.61631e+07
85.139,85.139,11.1086,0.15,0,1.7113,2.88234,0,0.301526,5.32224,4.35599e+06,2.70226e+06,7.4544e+06,0,0,0,0,80.8192,79.791,12.141,0,0,2.48501,1.31397,0,1.88067,2.96352,9.05263e+06,3.61194e+06,2.24959e+07,0,0,0,6.61631e+07
85.139,85.139,13.1318,0.14,0,1.76282,2.88284,0,0.320697,5.32224,4.35599e+06,2.70226e+06,7.67883e+06,0,0,0,0,80.8192,79.791,17.0483,0,0,2.43422,1.3142,0,1.91992,2.96352,9.05263e+06,3.61194e+06,2.20361e+07,0,0,0,6.61631e+07
85.139,85.139,9.27969,0.13,0,1.76355,2.88334,0,0.330353,5.32224,4.35599e+06,2.70226e+06,7.68199e+06,0,0,0,0,80.8192,79.791,10.219,0,0,2.43422,1.31442,0,1.88068,2.96352,9.05263e+06,3.61194e+06,2.20361e+07,0,0,0,6.61631e+07
85.139,85.139,8.35733,0.12,0,1.76427,2.88384,0,0.330489,5.32224,4.35599e+06,2.70226e+06,7.68516e+06,0,0,0,0,80.8192,79.791,9.0381,0,0,2.43422,1.31465,0,1.88068,2.96352,9.05263e+06,3.61194e+06,2.20361e+07,0,0,0,6.61631e+07
85.139,85.139,7.93508,0.12,0,1.72525,2.84459,0,0.330625,5.32224,4.35599e+06,2.70226e+06,7.51516e+06,0,0,0,0,80.8192,79.791,7.72746,0,0,2.41447,1.29513,0,1.88068,2.96352,9.05263e+06,3.61194e+06,2.18574e+07,0,0,0,6.61631e+07
85.139,85.139,7.3394,0.12,0,1.70622,2.84508,0,0.323311,5.32224,4.35599e+06,2.70226e+06,7.43228e+06,0,0,0,0,80.8192,79.791,6.44183,0,0,2.43422,1.29536,0,1.86542,2.96352,9.05263e+06,3.61194e+06,2.20361e+07,0,0,0,6.61631e+07
85.139,85.139,6.82274,0.09,0,1.70694,2.84557,0,0.319746,5.32224,4.35599e+06,2.70226e+06,7.4354e+06,0,0,0,0,80.8192,79.791,5.83692,0,0,2.43422,1.29558,0,1.88068,2.96352,9.05263e+06,3.61194e+06,2.20361e+07,0,0,0,6.61631e+07
85.139,85.139,6.23382,0.08,0,1.70765,2.84606,0,0.31988,5.32224,4.35599e+06,2.70226e+06,7.43853e+06,0,0,0,0,80.8192,79.791,5.5141,0,0,2.43422,1.29581,0,1.88068,2.96352,9.05263e+06,3.61194e+06,2.20361e+07,0,0,0,6.61631e+07
85.139,85.139,5.72166,0.07,0,1.8434,2.98159,0,0.320015,5.32224,4.35599e+06,2.70226e+06,8.02985e+06,0,0,0,0,80.8192,79.791,5.26815,0,0,2.50429,1.3661,0,1.88068,2.96352,9.05263e+06,3.61194e+06,2.26704e+07,0,0,0,6.61631e+07
85.139,85.139,5.21367,0.07,0,1.91421,2.98211,0,0.345454,5.32224,4.35599e+06,2.70226e+06,8.3383e+06,0,0,0,0,80.8192,79.791,4.61177,0,0,2.43423,1.36634,0,1.93481,2.96352,9.05263e+06,3.61194e+06,2.20362e+07,0,0,0,6.61631e+07
85.139,85.139,4.81866,0.07,0,1.91497,2.98262,0,0.358724,5.32224,4.35599e+06,2.70226e+06,8.34158e+06,0,0,0,0,80.8192,79.791,4.38223,0,0,2.43423,1.36657,0,1.88068,2.96352,9.05263e+06,3.61194e+06,2.20362e+07,0,0,0,6.61631e+07
85.139,85.139,4.6234,0.05,0,1.91572,2.98314,0,0.358865,5.32224,4.35599e+06,2.70226e+06,8.34486e+06,0,0,0,0,80.8192,79.791,4.2282,0,0,2.43423,1.36681,0,1.88068,2.96352,9.05263e+06,3.61194e+06,2.20362e+07,0,0,0,6.61631e+07
85.139,85.139,3.97962,0.05,0,1.91647,2.98365,0,0.359006,5.32224,4.35599e+06,2.70226e+06,8.34814e+06,0,0,0,0,80.7163,79.791,3.63495,0,0,2.43423,1.36705,0,1.88068,2.96352,9.05263e+06,3.61194e+06,2.20362e+07,0,0,0,6.61631e+07
85.139,85.139,3.11494,0.04,0,1.8905,2.95744,0,0.359147,5.32224,4.35599e+06,2.70226e+06,8.23499e+06,0,0,0,0,80.5108,79.791,2.56024,0,0,2.47277,1.40583,0,1.88069,2.96352,9.05263e+06,3.61194e+06,2.23851e+07,0,0,0,6.61631e+07
85.139,85.139,2.81724,0.04,0,1.92979,2.95796,0,0.354279,5.32224,4.35599e+06,2.70226e+06,8.40615e+06,0,0,0,0,80.2577,79.791,2.29303,0,0,2.43424,1.40607,0,1.91046,2.96352,9.05263e+06,3.61194e+06,2.20362e+07,0,0,0,6.61631e+07
85.139,85.139,2.67731,0.04,0,1.93055,2.95847,0,0.361643,5.32224,4.35599e+06,2.70226e+06,8.40944e+06,0,0,0,0,79.906,79.791,2.25756,0,0,2.43424,1.40632,0,1.88069,2.96352,9.05263e+06,3.61194e+06,2.20362e+07,0,0,0,6.61631e+07
85.139,85.139,2.38035,0.04,0,1.9313,2.95898,0,0.361785,5.32224,4.35599e+06,2.70226e+06,8.41273e+06,0,0,0,0,79.5061,79.791,2.17287,0,0,2.43424,1.40656,0,1.88069,2.96352,9.05263e+06,3.61194e+06,2.20362e+07,0,0,0,6.61631e+07
85.139,85.139,2.42526,0.04,0,2.00113,3.02856,0,0.361926,5.32224,4.35599e+06,2.70226e+06,8.71689e+06,0,0,0,0,79.0718,79.791,2.13205,0,0,2.46861,1.44118,0,1.88069,2.96352,9.05263e+06,3.61194e+06,2.23474e+07,0,0,0,6.61631e+07
85.139,85.139,2.39415,0.04,0,2.03627,3.02908,0,0.375011,5.32224,4.35599e+06,2.70226e+06,8.86997e+06,0,0,0,0,78.6305,79.791,2.15953,0,0,2.43424,1.44143,0,1.90725,2.96352,9.05263e+06,3.61194e+06,2.20363e+07,0,0,0,6.61631e+07
84.9336,85.139,2.0909,0.04,0,2.03704,3.02961,0,0.381597,5.32224,4.35599e+06,2.70226e+06,8.87334e+06,0,0,0,0,78.1579,79.791,1.99831,0,0,2.43424,1.44168,0,1.88069,2.96352,9.05263e+06,3.61194e+06,2.20363e+07,0,0,0,6.61631e+07
84.5717,85.139,1.92787,0.07,0,2.03782,3.03013,0,0.381742,5.32224,4.35599e+06,2.70226e+06,8.87671e+06,0,0,0,0,77.6761,79.791,1.91692,0,0,2.43424,1.44193,0,1.88069,2.96352,9.05263e+06,3.61194e+06,2.20363e+07,0,0,0,6.61631e+07
83.6206,85.139,1.49265,0.08,0,2.241,3.23306,0,0.381887,5.32224,4.35599e+06,2.70226e+06,9.76176e+06,0,0,0,0,77.1712,79.791,1.9476,0,0,2.55841,1.56634,0,1.88069,2.96352,9.05263e+06,3.61194e+06,2.31603e+07,0,0,0,6.61631e+07
82.1802,85.139,1.11598,0.08,0,2.36597,3.23362,0,0.419963,5.32224,4.35599e+06,2.70226e+06,1.03061e+07,0,0,0,0,76.6059,79.791,1.86631,0,0,2.43426,1.56661,0,1.97662,2.96352,9.05263e+06,3.61194e+06,2.20365e+07,0,0,0,6.61631e+07
80.8148,85.139,1.17935,0.08,0,2.3668,3.23418,0,0.443383,5.32224,4.35599e+06,2.70226e+06,1.03098e+07,0,0,0,0,76.0386,79.791,1.84815,0,0,2.43426,1.56688,0,1.88071,2.96352,9.05263e+06,3.61194e+06,2.20365e+07,0,0,0,6.61631e+07
80.0052,85.139,1.7686,0.08,0,2.36763,3.23474,0,0.443538,5.32224,4.35599e+06,2.70226e+06,1.03134e+07,0,0,0,0,75.548,79.791,2.19461,0,0,2.43426,1.56715,0,1.88071,2.96352,9.05263e+06,3.61194e+06,2.20365e+07,0,0,0,6.61631e+07
79.7864,85.139,2.39883,0.09,0,2.36846,3.2353,0,0.443694,5.32224,4.35599e+06,2.70226e+06,1.0317e+07,0,0,0,0,75.1878,79.791,2.3804,0,0,2.43426,1.56743,0,1.88071,2.96352,9.05263e+06,3.61194e+06,2.20365e+07,0,0,0,6.61631e+07
78.837,85.139,1.64979,0.09,0,2.27056,3.13713,0,0.44385,5.32224,4.35599e+06,2.70226e+06,9.89055e+06,0,0,0,0,74.7267,79.791,2.10566,0,0,2.35883,1.49227,0,1.88071,2.96352,9.05263e+06,3.61194e+06,2.13537e+07,0,0,0,6.61631e+07
77.9131,85.139,1.64869,0.12,0,2.19595,3.13767,0,0.425504,5.32224,4.35599e+06,2.70226e+06,9.56553e+06,0,0,0,0,74.2797,79.791,2.07865,0,0,2.43425,1.49253,0,1.82244,2.96352,9.05263e+06,3.61194e+06,2.20364e+07,0,0,0,6.61631e+07
76.7046,85.139,1.29167,0.1,0,2.19675,3.13822,0,0.411521,5.32224,4.35599e+06,2.70226e+06,9.56902e+06,0,0,0,0,73.7953,79.791,2.04144,0,0,2.43425,1.49278,0,1.8807,2.96352,9.05263e+06,3.61194e+06,2.20364e+07,0,0,0,6.61631e+07
75.4957,85.139,1.28511,0.1,0,2.19755,3.13876,0,0.411671,5.32224,4.35599e+06,2.70226e+06,9.57251e+06,0,0,0,0,73.3477,79.791,2.01098,0,0,2.43425,1.49304,0,1.8807,2.96352,9.05263e+06,3.61194e+06,2.20364e+07,0,0,0,6.61631e+07
74.2349,85.139,1.2203,0.1,0,2.11726,3.05821,0,0.411821,5.32224,4.35599e+06,2.70226e+06,9.22275e+06,0,0,0,0,72.9415,79.791,2.1674,0,0,2.36554,1.42459,0,1.8807,2.96352,9.05263e+06,3.61194e+06,2.14144e+07,0,0,0,6.61631e+07
73.3466,85.139,1.55413,0.1,0,2.04934,3.05873,0,0.396774,5.32224,4.35599e+06,2.70226e+06,8.92689e+06,0,0,0,0,72.6937,79.791,2.92201,0,0,2.43424,1.42484,0,1.82762,2.96352,9.05263e+06,3.61194e+06,2.20363e+07,0,0,0,6.61631e+07
73.0663,85.139,2.24213,0.11,0,2.05011,3.05926,0,0.384046,5.32224,4.35599e+06,2.70226e+06,8.93027e+06,0,0,0,0,72.661,79.791,3.51843,0,0,2.43424,1.42509,0,1.88069,2.96352,9.05263e+06,3.61194e+06,2.20363e+07,0,0,0,6.61631e+07
74.9713,85.139,4.46576,0.12,0,2.05089,3.05979,0,0.384191,5.32224,4.35599e+06,2.70226e+06,8.93365e+06,0,0,0,0,73.2613,79.791,5.28874,0,0,2.43424,1.42533,0,1.88069,2.96352,9.05263e+06,3.61194e+06,2.20363e+07,0,0,0,6.61631e+07
76.0725,85.139,3.47307,0.11,0,1.82119,2.82985,0,0.384337,5.32224,4.35599e+06,2.70226e+06,7.93307e+06,0,0,0,0,73.1343,79.791,3.54498,0,0,2.29104,1.28239,0,1.88069,2.96352,9.05263e+06,3.61194e+06,2.074e+07,0,0,0,6.61631e+07
77.5758,85.139,3.76462,0.11,0,1.67873,2.83033,0,0.341291,5.32224,4.35599e+06,2.70226e+06,7.31252e+06,0,0,0,0,73.2029,79.791,4.70667,0,0,2.43421,1.28261,0,1.77006,2.96352,9.05263e+06,3.61194e+06,2.2036e+07,0,0,0,6.61631e+07
79.2285,85.139,3.96195,0.12,0,1.67944,2.83082,0,0.314594,5.32224,4.35599e+06,2.70226e+06,7.31562e+06,0,0,0,0,73.2758,79.791,4.47173,0,0,2.43421,1.28283,0,1.88067,2.96352,9.05263e+06,3.61194e+06,2.2036e+07,0,0,0,6.61631e+07
79.4286,85.139,2.46543,0.13,0,1.68015,2.83131,0,0.314727,5.32224,4.35599e+06,2.70226e+06,7.31872e+06,0,0,0,0,73.1747,79.791,3.46543,0,0,2.43421,1.28305,0,1.88067,2.96352,9.05263e+06,3.61194e+06,2.2036e+07,0,0,0,6.61631e+07
79.3284,85.139,2.16838,0.14,0,1.68086,2.8318,0,0.31486,5.32224,4.35599e+06,2.70226e+06,7.32182e+06,0,0,0,0,72.914,79.791,3.2193,0,0,2.43421,1.28327,0,1.88067,2.96352,9.05263e+06,3.61194e+06,2.2036e+07,0,0,0,6.61631e+07
80.6768,85.139,3.65076,0.15,0,1.77029,2.92101,0,0.314994,5.32224,4.35599e+06,2.70226e+06,7.71138e+06,0,0,0,2.43529e+08,72.7169,79.791,4.02516,0,0,2.47571,1.32499,0,1.88067,2.96352,9.05263e+06,3.61194e+06,2.24117e+07,0,0,0,6.61631e+07
81.3451,85.139,3.05069,0.12,0,1.81249,2.92149,0,0.331753,5.32224,4.35599e+06,2.70226e+06,7.8952e+06,0,0,0,2.43529e+08,72.4495,79.791,3.37034,0,0,2.43421,1.32521,0,1.91273,2.96352,9.05263e+06,3.61194e+06,2.2036e+07,0,0,0,6.61631e+07
84.4045,85.139,5.57635,0.11,0,1.8132,2.92198,0,0.339661,5.32224,4.35599e+06,2.70226e+06,7.89826e+06,0,0,0,2.43529e+08,72.6118,79.791,4.53243,0,0,2.43421,1.32543,0,1.88067,2.96352,9.05263e+06,3.61194e+06,2.2036e+07,0,0,0,6.61631e+07
85.139,85.139,5.89082,0.11,0,1.8139,2.92246,0,0.339793,5.32224,4.35599e+06,2.70226e+06,7.90132e+06,0,0,0,2.43529e+08,73.1291,79.791,6.28249,0,0,2.43421,1.32565,0,1.88067,2.96352,9.05263e+06,3.61194e+06,2.2036e+07,0,0,0,6.61631e+07
85.139,85.139,5.70424,0.09,0,2.0997,3.20804,0,0.339924,5.32224,4.35599e+06,2.70226e+06,9.14626e+06,0,0,0,2.43529e+08,73.6719,79.791,6.50099,0,0,2.5901,1.48176,0,1.88067,2.96352,9.05263e+06,3.61194e+06,2.34473e+07,0,0,0,6.61631e+07
85.139,85.139,4.975,0.09,0,2.25634,3.20857,0,0.393483,5.32224,4.35599e+06,2.70226e+06,9.82859e+06,0,0,0,2.43529e+08,73.9782,79.791,5.01551,0,0,2.43424,1.48201,0,2.00112,2.96352,9.05263e+06,3.61194e+06,2.20363e+07,0,0,0,6.61631e+07
85.139,85.139,4.55693,0.09,0,2.25712,3.2091,0,0.422838,5.32224,4.35599e+06,2.70226e+06,9.83197e+06,0,0,0,2.43529e+08,74.3395,79.791,5.30782,0,0,2.43424,1.48225,0,1.88069,2.96352,9.05263e+06,3.61194e+06,2.20363e+07,0,0,0,6.61631e+07
85.139,85.139,5.13143,0.1,0,2.25789,3.20963,0,0.422983,5.32224,4.35599e+06,2.70226e+06,9.83535e+06,0,0,0,2.43529e+08,74.6297,79.791,5.47355,0,0,2.43424,1.4825,0,1.88069,2.96352,9.05263e+06,3.61194e+06,2.20363e+07,0,0,0,6.61631e+07
85.139,85.139,4.9549,0.1,0,1.85176,2.80325,0,0.423129,5.32224,4.35599e+06,2.70226e+06,8.06624e+06,0,0,0,2.43529e+08,75.1311,79.791,5.38006,0,0,2.22489,1.27339,0,1.88069,2.96352,9.05263e+06,3.61194e+06,2.01411e+07,0,0,0,6.61631e+07
85.139,85.139,6.57004,0.12,0,1.64312,2.80372,0,0.347019,5.32224,4.35599e+06,2.70226e+06,7.1574e+06,0,0,0,2.43529e+08,75.7277,79.791,4.83878,0,0,2.4342,1.2736,0,1.71895,2.96352,9.05263e+06,3.61194e+06,2.20359e+07,0,0,0,6.61631e+07
85.139,85.139,5.05642,0.12,0,1.64379,2.80418,0,0.30792,5.32224,4.35599e+06,2.70226e+06,7.16033e+06,0,0,0,2.43529e+08,75.9988,79.791,3.78791,0,0,2.4342,1.27381,0,1.88066,2.96352,9.05263e+06,3.61194e+06,2.20359e+07,0,0,0,6.61631e+07
85.139,85.139,6.1221,0.13,0,1.64446,2.80464,0,0.308046,5.32224,4.35599e+06,2.70226e+06,7.16327e+06,0,0,0,2.43529e+08,76.3749,79.791,4.15819,0,0,2.4342,1.27402,0,1.88066,2.96352,9.05263e+06,3.61194e+06,2.20359e+07,0,0,0,6.61631e+07
85.139,85.139,5.13193,0.13,0,1.64514,2.80511,0,0.308173,5.32224,4.35599e+06,2.70226e+06,7.16621e+06,0,0,0,2.43529e+08,76.9231,79.791,4.88594,0,0,2.4342,1.27423,0,1.88066,2.96352,9.05263e+06,3.61194e+06,2.20359e+07,0,0,0,6.61631e+07
85.139,85.139,4.14476,0.14,0,1.74832,2.90808,0,0.308299,5.32224,4.35599e+06,2.70226e+06,7.61567e+06,0,0,0,2.43529e+08,77.5795,79.791,5.26185,0,0,2.48546,1.3257,0,1.88066,2.96352,9.05263e+06,3.61194e+06,2.25e+07,0,0,0,6.61631e+07
85.139,85.139,3.66064,0.14,0,1.80027,2.90856,0,0.327636,5.32224,4.35599e+06,2.70226e+06,7.84196e+06,0,0,0,2.43529e+08,78.0849,79.791,4.57138,0,0,2.43421,1.32592,0,1.92027,2.96352,9.05263e+06,3.61194e+06,2.2036e+07,0,0,0,6.61631e+07
85.139,85.139,3.48363,0.15,0,1.80097,2.90904,0,0.337371,5.32224,4.35599e+06,2.70226e+06,7.84501e+06,0,0,0,2.43529e+08,78.5219,79.791,4.28989,0,0,2.43421,1.32614,0,1.88067,2.96352,9.05263e+06,3.61194e+06,2.2036e+07,0,0,0,6.61631e+07
85.139,85.139,2.87595,0.12,0,1.80167,2.90952,0,0.337502,5.32224,4.35599e+06,2.70226e+06,7.84806e+06,0,0,0,2.43529e+08,78.6277,79.791,3.60879,0,0,2.43421,1.32636,0,1.88067,2.96352,9.05263e+06,3.61194e+06,2.2036e+07,0,0,0,6.61631e+07
85.139,85.139,2.73064,0.12,0,1.76226,2.8699,0,0.337633,5.32224,4.35599e+06,2.70226e+06,7.6764e+06,0,0,0,2.43529e+08,78.8474,79.791,3.84485,0,0,2.41429,1.30666,0,1.88067,2.96352,9.05263e+06,3.61194e+06,2.18557e+07,0,0,0,6.61631e+07
85.139,85.139,2.32737,0.12,0,1.74304,2.87037,0,0.330248,5.32224,4.35599e+06,2.70226e+06,7.59264e+06,0,0,0,2.43529e+08,78.8523,79.791,3.55941,0,0,2.43421,1.30687,0,1.86528,2.96352,9.05263e+06,3.61194e+06,2.2036e+07,0,0,0,6.61631e+07
85.0322,85.139,2.09877,0.1,0,1.74373,2.87084,0,0.326645,5.32224,4.35599e+06,2.70226e+06,7.59565e+06,0,0,0,2.43529e+08,78.7623,79.791,3.37401,0,0,2.43421,1.30709,0,1.88067,2.96352,9.05263e+06,3.61194e+06,2.2036e+07,0,0,0,6.61631e+07
84.8397,85.139,1.96966,0.18,0,1.74442,2.87132,0,0.326774,5.32224,4.35599e+06,2.70226e+06,7.59866e+06,0,0,0,2.43529e+08,78.6153,79.791,3.26899,0,0,2.43421,1.3073,0,1.88067,2.96352,9.05263e+06,3.61194e+06,2.2036e+07,0,0,0,6.61631e+07
84.5042,85.139,1.91237,0.17,0,1.88134,3.00802,0,0.326903,5.32224,4.35599e+06,2.70226e+06,8.19508e+06,0,0,0,2.43529e+08,78.4694,79.791,3.22586,0,0,2.5049,1.37821,0,1.88067,2.96352,9.05263e+06,3.61194e+06,2.26759e+07,0,0,0,6.61631e+07
83.9955,85.139,1.77645,0.12,0,1.95274,3.00852,0,0.352562,5.32224,4.35599e+06,2.70226e+06,8.50611e+06,0,0,0,2.43529e+08,78.301,79.791,3.06128,0,0,2.43422,1.37844,0,1.93529,2.96352,9.05263e+06,3.61194e+06,2.20361e+07,0,0,0,6.61631e+07
83.3059,85.139,1.58233,0.12,0,1.95346,3.00902,0,0.365943,5.32224,4.35599e+06,2.70226e+06,8.50927e+06,0,0,0,2.43529e+08,78.0744,79.791,2.80408,0,0,2.43422,1.37867,0,1.88068,2.96352,9.05263e+06,3.61194e+06,2.20361e+07,0,0,0,6.61631e+07
82.5865,85.139,1.4889,0.11,0,1.95419,3.00951,0,0.366079,5.32224,4.35599e+06,2.70226e+06,8.51243e+06,0,0,0,2.43529e+08,77.7899,79.791,2.69538,0,0,2.43422,1.3789,0,1.88068,2.96352,9.05263e+06,3.61194e+06,2.20361e+07,0,0,0,6.61631e+07
81.8243,85.139,1.44776,0.1,0,1.95491,3.01001,0,0.366215,5.32224,4.35599e+06,2.70226e+06,8.51559e+06,0,0,0,2.43529e+08,77.498,79.791,2.58569,0,0,2.43422,1.37912,0,1.88068,2.96352,9.05263e+06,3.61194e+06,2.20361e+07,0,0,0,6.61631e+07
81.2275,85.139,1.61614,0.09,0,1.92868,2.98355,0,0.366351,5.32224,4.35599e+06,2.70226e+06,8.4013e+06,0,0,0,2.43529e+08,77.3198,79.791,2.90885,0,0,2.47311,1.41824,0,1.88068,2.96352,9.05263e+06,3.61194e+06,2.23881e+07,0,0,0,6.61631e+07
80.5934,85.139,1.60245,0.09,0,1.96828,2.98404,0,0.361434,5.32224,4.35599e+06,2.70226e+06,8.57382e+06,0,0,0,2.43529e+08,77.1137,79.791,2.93849,0,0,2.43423,1.41847,0,1.91072,2.96352,9.05263e+06,3.61194e+06,2.20362e+07,0,0,0,6.61631e+07
79.9034,85.139,1.52361,0.08,0,1.96901,2.98453,0,0.368856,5.32224,4.35599e+06,2.70226e+06,8.57699e+06,0,0,0,2.43529e+08,76.8681,79.791,2.88806,0,0,2.43423,1.41871,0,1.88068,2.96352,9.05263e+06,3.61194e+06,2.20362e+07,0,0,0,6.61631e+07
79.0436,85.139,1.32592,0.08,0,1.96974,2.98502,0,0.368992,5.32224,4.35599e+06,2.70226e+06,8.58016e+06,0,0,0,2.43529e+08,76.5566,79.791,2.70974,0,0,2.43423,1.41894,0,1.88068,2.96352,9.05263e+06,3.61194e+06,2.20362e+07,0,0,0,6.61631e+07
78.2027,85.139,1.38944,0.12,0,2.04014,3.05519,0,0.369129,5.32224,4.35599e+06,2.70226e+06,8.88683e+06,0,0,0,2.43529e+08,76.1531,79.791,2.48303,0,0,2.4689,1.45385,0,1.88068,2.96352,9.05263e+06,3.61194e+06,2.23501e+07,0,0,0,6.61631e+07
77.3424,85.139,1.38948,0.12,0,2.07556,3.0557,0,0.382322,5.32224,4.35599e+06,2.70226e+06,9.04111e+06,0,0,0,2.43529e+08,75.709,79.791,2.4047,0,0,2.43423,1.45409,0,1.90748,2.96352,9.05263e+06,3.61194e+06,2.20362e+07,0,0,0,6.61631e+07
76.3199,85.139,1.21877,0.11,0,2.0763,3.0562,0,0.38896,5.32224,4.35599e+06,2.70226e+06,9.04436e+06,0,0,0,2.43529e+08,75.2343,79.791,2.21006,0,0,2.43423,1.45433,0,1.88069,2.96352,9.05263e+06,3.61194e+06,2.20362e+07,0,0,0,6.61631e+07
75.2187,85.139,1.12589,0.12,0,2.07705,3.05671,0,0.389099,5.32224,4.35599e+06,2.70226e+06,9.0476e+06,0,0,0,2.43529e+08,74.7491,79.791,2.13262,0,0,2.43423,1.45457,0,1.88069,2.96352,9.05263e+06,3.61194e+06,2.20362e+07,0,0,0,6.61631e+07
73.7292,85.139,0.885486,0.12,0,2.28197,3.26139,0,0.389239,5.32224,4.35599e+06,2.70226e+06,9.94025e+06,0,0,0,2.43529e+08,74.244,79.791,2.1113,0,0,2.55949,1.58007,0,1.88069,2.96352,9.05263e+06,3.61194e+06,2.31701e+07,0,0,0,6.61631e+07
72.0228,85.139,0.756171,0.16,0,2.408,3.26193,0,0.427642,5.32224,4.35599e+06,2.70226e+06,1.04892e+07,0,0,0,2.43529e+08,73.6727,79.791,1.97392,0,0,2.43425,1.58033,0,1.97746,2.96352,9.05263e+06,3.61194e+06,2.20364e+07,0,0,0,6.61631e+07
70.5928,85.139,1.0266,0.16,0,2.4088,3.26247,0,0.45126,5.32224,4.35599e+06,2.70226e+06,1.04927e+07,0,0,0,2.43529e+08,73.1458,79.791,2.22602,0,0,2.43425,1.58059,0,1.8807,2.96352,9.05263e+06,3.61194e+06,2.20364e+07,0,0,0,6.61631e+07
69.5867,85.139,1.50771,0.16,0,2.4096,3.26301,0,0.45141,5.32224,4.35599e+06,2.70226e+06,1.04962e+07,0,0,0,2.43529e+08,72.7746,79.791,2.59392,0,0,2.43425,1.58085,0,1.8807,2.96352,9.05263e+06,3.61194e+06,2.20364e+07,0,0,0,6.61631e+07
68.3368,85.139,1.26398,0.16,0,2.4104,3.26355,0,0.45156,5.32224,4.35599e+06,2.70226e+06,1.04997e+07,0,0,0,2.43529e+08,72.347,79.791,2.3199,0,0,2.43425,1.58111,0,1.8807,2.96352,9.05263e+06,3.61194e+06,2.20364e+07,0,0,0,6.61631e+07
66.7092,85.139,0.828559,0.17,0,2.31161,3.16449,0,0.45171,5.32224,4.35599e+06,2.70226e+06,1.00694e+07,0,0,0,2.43529e+08,71.8028,79.791,1.75862,0,0,2.35817,1.50529,0,1.8807,2.96352,9.05263e+06,3.61194e+06,2.13476e+07,0,0,0,6.61631e+07
65.2517,85.139,0.93165,0.18,0,2.23631,3.16502,0,0.433196,5.32224,4.35599e+06,2.70226e+06,9.74135e+06,0,0,0,2.43529e+08,71.408,79.791,2.42343,0,0,2.43424,1.50553,0,1.82192,2.96352,9.05263e+06,3.61194e+06,2.20363e+07,0,0,0,6.61631e+07
63.7081,85.139,0.826068,0.18,0,2.23708,3.16554,0,0.419085,5.32224,4.35599e+06,2.70226e+06,9.74471e+06,0,0,0,2.43529e+08,70.9092,79.791,1.94226,0,0,2.43424,1.50578,0,1.88069,2.96352,9.05263e+06,3.61194e+06,2.20363e+07,0,0,0,6.61631e+07
62.3975,85.139,1.08328,0.18,0,2.23785,3.16606,0,0.419229,5.32224,4.35599e+06,2.70226e+06,9.74807e+06,0,0,0,2.43529e+08,70.5942,79.791,3.07397,0,0,2.43424,1.50603,0,1.88069,2.96352,9.05263e+06,3.61194e+06,2.20363e+07,0,0,0,6.61631e+07
61.5185,85.139,1.52568,0.2,0,2.15682,3.08479,0,0.419374,5.32224,4.35599e+06,2.70226e+06,9.39511e+06,0,0,0,2.43529e+08,69.8465,79.791,2.32138,0,0,2.36494,1.43698,0,1.88069,2.96352,9.05263e+06,3.61194e+06,2.14089e+07,0,0,0,6.61631e+07
60.5215,85.139,1.32556,0.21,0,2.08828,3.08529,0,0.404189,5.32224,4.35599e+06,2.70226e+06,9.09652e+06,0,0,0,2.43529e+08,69.2323,79.791,1.29089,0,0,2.43423,1.43721,0,1.82715,2.96352,9.05263e+06,3.61194e+06,2.20362e+07,0,0,0,6.61631e+07
59.7441,85.139,1.547,0.21,0,2.08903,3.0858,0,0.391343,5.32224,4.35599e+06,2.70226e+06,9.09978e+06,0,0,0,2.43529e+08,68.8613,79.791,2.82603,0,0,2.43423,1.43745,0,1.88069,2.96352,9.05263e+06,3.61194e+06,2.20362e+07,0,0,0,6.61631e+07
61.4238,85.139,4.14996,0.2,0,2.08977,3.08631,0,0.391483,5.32224,4.35599e+06,2.70226e+06,9.10303e+06,0,0,0,2.43529e+08,69.2056,79.791,5.57529,0,0,2.43423,1.43769,0,1.88069,2.96352,9.05263e+06,3.61194e+06,2.20362e+07,0,0,0,6.61631e+07
61.6454,85.139,2.47095,0.21,0,1.85805,2.85435,0,0.391623,5.32224,4.35599e+06,2.70226e+06,8.09363e+06,0,0,0,2.43529e+08,69.0734,79.791,2.43468,0,0,2.28979,1.29349,0,1.88069,2.96352,9.05263e+06,3.61194e+06,2.07287e+07,0,0,0,6.61631e+07
62.9179,85.139,3.42861,0.24,0,1.71432,2.85482,0,0.348198,5.32224,4.35599e+06,2.70226e+06,7.46756e+06,0,0,0,2.43529e+08,68.7456,79.791,3.16752,0,0,2.43421,1.2937,0,1.7691,2.96352,9.05263e+06,3.61194e+06,2.2036e+07,0,0,0,6.61631e+07
67.0373,85.139,6.34387,0.21,0,1.71501,2.85529,0,0.321264,5.32224,4.35599e+06,2.70226e+06,7.47055e+06,0,0,0,2.43529e+08,68.2219,79.791,2.361,0,0,2.43421,1.29392,0,1.88067,2.96352,9.05263e+06,3.61194e+06,2.2036e+07,0,0,0,6.61631e+07
70.3547,85.139,5.64225,0.24,0,1.71569,2.85576,0,0.321392,5.32224,4.35599e+06,2.70226e+06,7.47353e+06,0,0,0,2.43529e+08,68.9812,79.791,6.81788,0,0,2.43421,1.29413,0,1.88067,2.96352,9.05263e+06,3.61194e+06,2.2036e+07,0,0,0,6.61631e+07
73.4317,85.139,5.41374,0.21,0,1.71638,2.85624,0,0.321521,5.32224,4.35599e+06,2.70226e+06,7.47652e+06,0,0,0,2.43529e+08,69.0048,79.791,3.98149,0,0,2.43421,1.29435,0,1.88067,2.96352,9.05263e+06,3.61194e+06,2.2036e+07,0,0,0,6.61631e+07
73.0877,85.139,1.92622,0.24,0,1.80654,2.94619,0,0.321649,5.32224,4.35599e+06,2.70226e+06,7.86929e+06,0,0,0,2.43529e+08,68.5132,79.791,2.48425,0,0,2.47606,1.33641,0,1.88067,2.96352,9.05263e+06,3.61194e+06,2.24149e+07,0,0,0,6.61631e+07
72.4183,85.139,1.64161,0.23,0,1.84907,2.94665,0,0.338546,5.32224,4.35599e+06,2.70226e+06,8.05455e+06,0,0,0,2.43529e+08,68.1493,79.791,1.9896,0,0,2.4342,1.33662,0,1.913,2.96352,9.05263e+06,3.61194e+06,2.20359e+07,0,0,0,6.61631e+07
72.4872,85.139,2.44884,0.23,0,1.84975,2.94712,0,0.346517,5.32224,4.35599e+06,2.70226e+06,8.05749e+06,0,0,0,2.43529e+08,67.6804,79.791,2.3526,0,0,2.4342,1.33683,0,1.88066,2.96352,9.05263e+06,3.61194e+06,2.20359e+07,0,0,0,6.61631e+07
71.8542,85.139,1.67753,0.23,0,1.85042,2.94758,0,0.346643,5.32224,4.35599e+06,2.70226e+06,8.06042e+06,0,0,0,2.43529e+08,66.883,79.791,2.00095,0,0,2.4342,1.33704,0,1.88066,2.96352,9.05263e+06,3.61194e+06,2.20359e+07,0,0,0,6.61631e+07
70.7507,85.139,1.44324,0.25,0,2.13864,3.23559,0,0.346769,5.32224,4.35599e+06,2.70226e+06,9.3159e+06,0,0,0,2.43529e+08,66.5967,79.791,1.59875,0,0,2.59144,1.49449,0,1.88066,2.96352,9.05263e+06,3.61194e+06,2.34593e+07,0,0,0,6.61631e+07
70.4251,85.139,2.42028,0.27,0,2.29659,3.2361,0,0.400782,5.32224,4.35599e+06,2.70226e+06,1.00039e+07,0,0,0,2.43529e+08,66.6402,79.791,2.71977,0,0,2.43423,1.49472,0,2.00214,2.96352,9.05263e+06,3.61194e+06,2.20362e+07,0,0,0,6.61631e+07
70.533,85.139,2.91167,0.28,0,2.29734,3.23661,0,0.430382,5.32224,4.35599e+06,2.70226e+06,1.00072e+07,0,0,0,2.43529e+08,65.7651,79.791,2.48795,0,0,2.43423,1.49496,0,1.88068,2.96352,9.05263e+06,3.61194e+06,2.20362e+07,0,0,0,6.61631e+07
69.3992,85.139,1.53898,0.28,0,2.29808,3.23712,0,0.430521,5.32224,4.35599e+06,2.70226e+06,1.00104e+07,0,0,0,2.43529e+08,65.1852,79.791,1.48198,0,0,2.43423,1.49519,0,1.88068,2.96352,9.05263e+06,3.61194e+06,2.20362e+07,0,0,0,6.61631e+07
69.4283,85.139,2.39781,0.28,0,1.88844,2.82724,0,0.430661,5.32224,4.35599e+06,2.70226e+06,8.22601e+06,0,0,0,2.43529e+08,65.1986,79.791,2.56754,0,0,2.22309,1.28429,0,1.88068,2.96352,9.05263e+06,3.61194e+06,2.01248e+07,0,0,0,6.61631e+07
71.2609,85.139,4.15737,0.32,0,1.67798,2.82768,0,0.353893,5.32224,4.35599e+06,2.70226e+06,7.30925e+06,0,0,0,2.43529e+08,66.0151,79.791,4.37267,0,0,2.43419,1.28449,0,1.71756,2.96352,9.05263e+06,3.61194e+06,2.20359e+07,0,0,0,6.61631e+07
72.6337,85.139,3.63588,0.33,0,1.67862,2.82813,0,0.314453,5.32224,4.35599e+06,2.70226e+06,7.31207e+06,0,0,0,2.43529e+08,66.5416,79.791,3.69168,0,0,2.43419,1.28469,0,1.88066,2.96352,9.05263e+06,3.61194e+06,2.20359e+07,0,0,0,6.61631e+07
73.5223,85.139,3.18829,0.37,0,1.67927,2.82857,0,0.314574,5.32224,4.35599e+06,2.70226e+06,7.31489e+06,0,0,0,2.43529e+08,67.2327,79.791,4.13572,0,0,2.43419,1.28489,0,1.88066,2.96352,9.05263e+06,3.61194e+06,2.20359e+07,0,0,0,6.61631e+07
74.4072,85.139,2.88378,0.43,0,1.34761,2.82902,0,0.314695,5.32224,4.35599e+06,3.57713e+06,5.87016e+06,0,0,0,2.43529e+08,68.0507,79.791,4.7461,0,0,2.28324,1.28509,0,1.88066,2.96352,9.05263e+06,4.78133e+06,2.06693e+07,0,0,0,6.61631e+07
74.5638,85.139,2.45927,0.34,0,1.78395,2.93284,0,0.252542,5.32224,4.35599e+06,2.70226e+06,7.77086e+06,0,0,0,2.43529e+08,68.2683,79.791,3.05966,0,0,2.48589,1.33699,0,1.76403,2.96352,9.05263e+06,3.61194e+06,2.25038e+07,0,0,0,6.61631e+07
75.0151,85.139,2.79878,0.36,0,1.8363,2.93331,0,0.334312,5.32224,4.35599e+06,2.70226e+06,7.99892e+06,0,0,0,2.43529e+08,68.3053,79.791,2.77891,0,0,2.4342,1.3372,0,1.9206,2.96352,9.05263e+06,3.61194e+06,2.20359e+07,0,0,0,6.61631e+07
76.4354,85.139,3.56116,0.4,0,1.49236,2.93377,0,0.344123,5.32224,4.35599e+06,3.57713e+06,6.50071e+06,0,0,0,2.43529e+08,68.9979,79.791,4.89405,0,0,2.2771,1.33741,0,1.88066,2.96352,9.05263e+06,4.78133e+06,2.06138e+07,0,0,0,6.61631e+07
76.8039,85.139,2.43537,0.42,0,1.49298,2.93423,0,0.279668,5.32224,4.35599e+06,3.57713e+06,6.5034e+06,0,0,0,2.43529e+08,68.9789,79.791,2.79583,0,0,2.27708,1.33762,0,1.75929,2.96352,9.05263e+06,4.78133e+06,2.06136e+07,0,0,0,6.61631e+07
77.2627,85.139,2.4295,0.41,0,1.4579,2.89424,0,0.279784,5.32224,4.35599e+06,3.57713e+06,6.3506e+06,0,0,0,2.43529e+08,69.0532,79.791,2.95395,0,0,2.25932,1.31774,0,1.75927,2.96352,9.05263e+06,4.78133e+06,2.04528e+07,0,0,0,6.61631e+07
77.352,85.139,2.24057,0.39,0,1.71044,2.8947,0,0.27321,5.32224,4.35599e+06,2.98094e+06,7.45067e+06,0,0,0,2.43529e+08,69.1385,79.791,2.82785,0,0,2.40324,1.31795,0,1.74555,2.96352,9.05263e+06,3.98444e+06,2.17556e+07,0,0,0,6.61631e+07
77.1788,85.139,2.01415,0.36,0,1.77911,2.89515,0,0.320537,5.32224,4.35599e+06,2.70226e+06,7.74979e+06,0,0,0,2.43529e+08,69.1127,79.791,2.52996,0,0,2.4342,1.31816,0,1.85674,2.96352,9.05263e+06,3.61194e+06,2.20359e+07,0,0,0,6.61631e+07
76.8832,85.139,1.85691,0.33,0,1.77977,2.89561,0,0.333405,5.32224,4.35599e+06,2.70226e+06,7.75268e+06,0,0,0,2.43529e+08,69.0739,79.791,2.39611,0,0,2.4342,1.31836,0,1.88066,2.96352,9.05263e+06,3.61194e+06,2.20359e+07,0,0,0,6.61631e+07
76.4542,85.139,1.82334,0.32,0,1.91782,3.03344,0,0.33353,5.32224,4.35599e+06,2.70226e+06,8.35399e+06,0,0,0,2.43529e+08,69.079,79.791,2.71191,0,0,2.50549,1.38986,0,1.88066,2.96352,9.05263e+06,3.61194e+06,2.26813e+07,0,0,0,6.61631e+07
75.7144,85.139,1.52093,0.26,0,1.98979,3.03392,0,0.359399,5.32224,4.35599e+06,2.70226e+06,8.66751e+06,0,0,0,2.43529e+08,68.9347,79.791,2.31364,0,0,2.43421,1.39008,0,1.93574,2.96352,9.05263e+06,3.61194e+06,2.2036e+07,0,0,0,6.61631e+07
74.8851,85.139,1.38704,0.24,0,1.99049,3.0344,0,0.372887,5.32224,4.35599e+06,2.70226e+06,8.67054e+06,0,0,0,2.43529e+08,68.7811,79.791,2.30064,0,0,2.43421,1.3903,0,1.88067,2.96352,9.05263e+06,3.61194e+06,2.2036e+07,0,0,0,6.61631e+07
74.0342,85.139,1.35719,0.22,0,1.99118,3.03488,0,0.373017,5.32224,4.35599e+06,2.70226e+06,8.67357e+06,0,0,0,2.43529e+08,68.6607,79.791,2.34413,0,0,2.43421,1.39052,0,1.88067,2.96352,9.05263e+06,3.61194e+06,2.2036e+07,0,0,0,6.61631e+07
73.1035,85.139,1.26688,0.18,0,1.99188,3.03535,0,0.373148,5.32224,4.35599e+06,2.70226e+06,8.6766e+06,0,0,0,2.43529e+08,68.1704,79.791,2.15822,0,0,2.43421,1.39074,0,1.88067,2.96352,9.05263e+06,3.61194e+06,2.2036e+07,0,0,0,6.61631e+07
72.5035,85.139,1.5628,0.27,0,1.96538,3.00864,0,0.373278,5.32224,4.35599e+06,2.70226e+06,8.56119e+06,0,0,0,2.43529e+08,67.5631,79.791,1.68128,0,0,2.47342,1.43017,0,1.88067,2.96352,9.05263e+06,3.61194e+06,2.2391e+07,0,0,0,6.61631e+07
71.7419,85.139,1.42884,0.24,0,2.00529,3.00911,0,0.368313,5.32224,4.35599e+06,2.70226e+06,8.73502e+06,0,0,0,2.43529e+08,66.8191,79.791,1.68389,0,0,2.43422,1.43039,0,1.91097,2.96352,9.05263e+06,3.61194e+06,2.20361e+07,0,0,0,6.61631e+07
70.8513,85.139,1.28985,0.22,0,2.00599,3.00959,0,0.375791,5.32224,4.35599e+06,2.70226e+06,8.73806e+06,0,0,0,2.43529e+08,66.0267,79.791,1.51084,0,0,2.43422,1.43062,0,1.88068,2.96352,9.05263e+06,3.61194e+06,2.20361e+07,0,0,0,6.61631e+07
69.9335,85.139,1.22927,0.2,0,2.00668,3.01006,0,0.375922,5.32224,4.35599e+06,2.70226e+06,8.7411e+06,0,0,0,2.43529e+08,64.991,79.791,1.46603,0,0,2.43422,1.43084,0,1.88068,2.96352,9.05263e+06,3.61194e+06,2.20361e+07,0,0,0,6.61631e+07
68.7983,85.139,1.04231,0.19,0,2.07764,3.08079,0,0.376053,5.32224,4.35599e+06,2.70226e+06,9.05019e+06,0,0,0,2.43529e+08,63.8997,79.791,1.17297,0,0,2.46919,1.46603,0,1.88068,2.96352,9.05263e+06,3.61194e+06,2.23526e+07,0,0,0,6.61631e+07
67.7348,85.139,1.14877,0.21,0,2.11332,3.08128,0,0.38935,5.32224,4.35599e+06,2.70226e+06,9.20561e+06,0,0,0,2.43529e+08,62.9181,79.791,1.31073,0,0,2.43422,1.46627,0,1.90769,2.96352,9.05263e+06,3.61194e+06,2.20361e+07,0,0,0,6.61631e+07
66.5808,85.139,1.03823,0.23,0,2.11404,3.08176,0,0.396036,5.32224,4.35599e+06,2.70226e+06,9.20872e+06,0,0,0,2.43529e+08,61.7392,79.791,1.24524,0,0,2.43422,1.4665,0,1.88068,2.96352,9.05263e+06,3.61194e+06,2.20361e+07,0,0,0,6.61631e+07
65.345,85.139,0.945557,0.23,0,2.11475,3.08225,0,0.39617,5.32224,4.35599e+06,2.70226e+06,9.21184e+06,0,0,0,2.43529e+08,60.6832,79.791,1.08638,0,0,2.43422,1.46673,0,1.88068,2.96352,9.05263e+06,3.61194e+06,2.20361e+07,0,0,0,6.61631e+07
64.041,85.139,1.029,0.21,0,2.32135,3.28861,0,0.396304,5.32224,4.35599e+06,2.70226e+06,1.01118e+07,0,0,0,2.43529e+08,59.4328,79.791,1.30594,0,0,2.56052,1.59326,0,1.88068,2.96352,9.05263e+06,3.61194e+06,2.31795e+07,0,0,0,6.61631e+07
62.6948,85.139,1.0995,0.21,0,2.4484,3.28913,0,0.435021,5.32224,4.35599e+06,2.70226e+06,1.06652e+07,0,0,0,2.43529e+08,58.13,79.791,0.966148,0,0,2.43424,1.59351,0,1.97826,2.96352,9.05263e+06,3.61194e+06,2.20363e+07,0,0,0,6.61631e+07
61.2319,85.139,0.987646,0.2,0,2.44916,3.28965,0,0.458829,5.32224,4.35599e+06,2.70226e+06,1.06685e+07,0,0,0,2.43529e+08,56.8505,79.791,0.926417,0,0,2.43424,1.59376,0,1.8807,2.96352,9.05263e+06,3.61194e+06,2.20363e+07,0,0,0,6.61631e+07
59.801,85.139,0.997284,0.21,0,2.44993,3.29017,0,0.458973,5.32224,4.35599e+06,2.70226e+06,1.06719e+07,0,0,0,2.43529e+08,55.7619,79.791,1.0055,0,0,2.43424,1.59401,0,1.8807,2.96352,9.05263e+06,3.61194e+06,2.20363e+07,0,0,0,6.61631e+07
58.3901,85.139,1.00661,0.21,0,2.4507,3.29068,0,0.459117,5.32224,4.35599e+06,2.70226e+06,1.06752e+07,0,0,0,2.43529e+08,54.4408,79.791,1.17006,0,0,2.43424,1.59426,0,1.8807,2.96352,9.05263e+06,3.61194e+06,2.20363e+07,0,0,0,6.61631e+07
56.8754,85.139,0.867168,0.21,0,2.35105,3.19078,0,0.459261,5.32224,4.35599e+06,2.70226e+06,1.02411e+07,0,0,0,2.43529e+08,53.3725,79.791,0.813293,0,0,2.35752,1.51779,0,1.8807,2.96352,9.05263e+06,3.61194e+06,2.13418e+07,0,0,0,6.61631e+07
55.4669,85.139,0.925902,0.21,0,2.27508,3.19128,0,0.440587,5.32224,4.35599e+06,2.70226e+06,9.91024e+06,0,0,0,2.43529e+08,52.5368,79.791,1.24046,0,0,2.43423,1.51803,0,1.82142,2.96352,9.05263e+06,3.61194e+06,2.20362e+07,0,0,0,6.61631e+07
54.0655,85.139,0.916883,0.24,0,2.27582,3.19179,0,0.426351,5.32224,4.35599e+06,2.70226e+06,9.91346e+06,0,0,0,2.43529e+08,51.711,79.791,1.42781,0,0,2.43423,1.51827,0,1.88069,2.96352,9.05263e+06,3.61194e+06,2.20362e+07,0,0,0,6.61631e+07
52.5772,85.139,0.806629,0.26,0,2.27656,3.19229,0,0.426489,5.32224,4.35599e+06,2.70226e+06,9.91669e+06,0,0,0,2.43529e+08,51.2869,79.791,1.30069,0,0,2.43423,1.51851,0,1.88069,2.96352,9.05263e+06,3.61194e+06,2.20362e+07,0,0,0,6.61631e+07
51.5974,85.139,1.31815,0.26,0,2.19483,3.11031,0,0.426628,5.32224,4.35599e+06,2.70226e+06,9.56064e+06,0,0,0,2.43529e+08,51.0692,79.791,2.17825,0,0,2.36435,1.44887,0,1.88069,2.96352,9.05263e+06,3.61194e+06,2.14036e+07,0,0,0,6.61631e+07
51.7983,85.139,2.46097,0.26,0,2.12568,3.1108,0,0.411311,5.32224,4.35599e+06,2.70226e+06,9.25943e+06,0,0,0,2.43529e+08,51.0817,79.791,2.92969,0,0,2.43422,1.4491,0,1.8267,2.96352,9.05263e+06,3.61194e+06,2.20361e+07,0,0,0,6.61631e+07
52.1863,85.139,2.72701,0.27,0,2.12639,3.11129,0,0.398352,5.32224,4.35599e+06,2.70226e+06,9.26255e+06,0,0,0,2.43529e+08,51.0202,79.791,3.00433,0,0,2.43422,1.44932,0,1.88068,2.96352,9.05263e+06,3.61194e+06,2.20361e+07,0,0,0,6.61631e+07
52.9335,85.139,3.14983,0.27,0,2.12711,3.11178,0,0.398486,5.32224,4.35599e+06,2.70226e+06,9.26568e+06,0,0,0,2.43529e+08,51.5364,79.791,3.81282,0,0,2.43422,1.44955,0,1.88068,2.96352,9.05263e+06,3.61194e+06,2.20361e+07,0,0,0,6.61631e+07
53.8401,85.139,3.20005,0.29,0,1.89344,2.87788,0,0.398621,5.32224,4.35599e+06,2.70226e+06,8.2478e+06,0,0,0,2.43529e+08,52.2083,79.791,4.27,0,0,2.28859,1.30415,0,1.88068,2.96352,9.05263e+06,3.61194e+06,2.07178e+07,0,0,0,6.61631e+07
56.1197,85.139,4.39567,0.3,0,1.74849,2.87833,0,0.35483,5.32224,4.35599e+06,2.70226e+06,7.61642e+06,0,0,0,2.43529e+08,52.0791,79.791,2.78118,0,0,2.4342,1.30436,0,1.76817,2.96352,9.05263e+06,3.61194e+06,2.20359e+07,0,0,0,6.61631e+07
58.1657,85.139,4.15929,0.3,0,1.74915,2.87878,0,0.327668,5.32224,4.35599e+06,2.70226e+06,7.61928e+06,0,0,0,2.43529e+08,52.4669,79.791,3.23746,0,0,2.4342,1.30456,0,1.88066,2.96352,9.05263e+06,3.61194e+06,2.20359e+07,0,0,0,6.61631e+07
63.3942,85.139,7.73117,0.28,0,1.74981,2.87924,0,0.327791,5.32224,4.35599e+06,2.70226e+06,7.62215e+06,0,0,0,2.43529e+08,53.6642,79.791,5.38978,0,0,2.4342,1.30477,0,1.88066,2.96352,9.05263e+06,3.61194e+06,2.20359e+07,0,0,0,6.61631e+07
67.6101,85.139,6.50978,0.27,0,1.75047,2.87969,0,0.327914,5.32224,4.35599e+06,2.70226e+06,7.62501e+06,0,0,0,2.43529e+08,54.1051,79.791,4.5244,0,0,2.4342,1.30497,0,1.88066,2.96352,9.05263e+06,3.61194e+06,2.20359e+07,0,0,0,6.61631e+07
71.042,85.139,6.09952,0.28,0,1.84134,2.97036,0,0.328037,5.32224,4.35599e+06,2.70226e+06,8.02086e+06,0,0,0,2.43529e+08,54.5407,79.791,4.46705,0,0,2.47639,1.34738,0,1.88066,2.96352,9.05263e+06,3.61194e+06,2.24179e+07,0,0,0,6.61631e+07
73.0182,85.139,4.60961,0.24,0,1.88419,2.9708,0,0.345067,5.32224,4.35599e+06,2.70226e+06,8.20749e+06,0,0,0,2.43529e+08,54.9424,79.791,3.7766,0,0,2.43419,1.34758,0,1.91326,2.96352,9.05263e+06,3.61194e+06,2.20359e+07,0,0,0,6.61631e+07
74.4457,85.139,3.90518,0.23,0,1.88483,2.97125,0,0.353096,5.32224,4.35599e+06,2.70226e+06,8.2103e+06,0,0,0,2.43529e+08,55.4108,79.791,4.11769,0,0,2.43419,1.34778,0,1.88066,2.96352,9.05263e+06,3.61194e+06,2.20359e+07,0,0,0,6.61631e+07
77.4933,85.139,5.63497,0.17,0,1.88548,2.97169,0,0.353217,5.32224,4.35599e+06,2.70226e+06,8.21311e+06,0,0,0,2.43529e+08,56.0096,79.791,4.5916,0,0,2.43419,1.34798,0,1.88066,2.96352,9.05263e+06,3.61194e+06,2.20359e+07,0,0,0,6.61631e+07
80.072,85.139,5.4626,0.19,0,2.17602,3.26203,0,0.353338,5.32224,4.35599e+06,2.70226e+06,9.4787e+06,0,0,0,2.43529e+08,56.6051,79.791,4.52166,0,0,2.59271,1.5067,0,1.88066,2.96352,9.05263e+06,3.61194e+06,2.34709e+07,0,0,0,6.61631e+07
82.1286,85.139,5.01987,0.14,0,2.33522,3.26251,0,0.407785,5.32224,4.35599e+06,2.70226e+06,1.01722e+07,0,0,0,2.43529e+08,56.7878,79.791,3.22248,0,0,2.43422,1.50692,0,2.00313,2.96352,9.05263e+06,3.61194e+06,2.20361e+07,0,0,0,6.61631e+07
83.4605,85.139,4.27848,0.15,0,2.33593,3.263,0,0.43762,5.32224,4.35599e+06,2.70226e+06,1.01753e+07,0,0,0,2.43529e+08,57.0915,79.791,3.53657,0,0,2.43422,1.50715,0,1.88068,2.96352,9.05263e+06,3.61194e+06,2.20361e+07,0,0,0,6.61631e+07
85.139,85.139,5.06388,0.15,0,2.33664,3.26349,0,0.437754,5.32224,4.35599e+06,2.70226e+06,1.01784e+07,0,0,0,2.43529e+08,57.3016,79.791,3.57729,0,0,2.43422,1.50737,0,1.88068,2.96352,9.05263e+06,3.61194e+06,2.20361e+07,0,0,0,6.61631e+07
85.139,85.139,4.38834,0.13,0,1.92363,2.85025,0,0.437887,5.32224,4.35599e+06,2.70226e+06,8.3793e+06,0,0,0,2.43529e+08,57.7004,79.791,4.06023,0,0,2.22136,1.29474,0,1.88068,2.96352,9.05263e+06,3.61194e+06,2.01091e+07,0,0,0,6.61631e+07
85.139,85.139,6.04453,0.15,0,1.71142,2.85067,0,0.360488,5.32224,4.35599e+06,2.70226e+06,7.45492e+06,0,0,0,2.43529e+08,58.7047,79.791,6.74457,0,0,2.43419,1.29493,0,1.71622,2.96352,9.05263e+06,3.61194e+06,2.20358e+07,0,0,0,6.61631e+07
85.139,85.139,5.61664,0.15,0,1.71204,2.8511,0,0.32072,5.32224,4.35599e+06,2.70226e+06,7.45762e+06,0,0,0,2.43529e+08,59.2539,79.791,5.12118,0,0,2.43419,1.29513,0,1.88065,2.96352,9.05263e+06,3.61194e+06,2.20358e+07,0,0,0,6.61631e+07
85.139,85.139,4.51883,0.16,0,1.71266,2.85152,0,0.320836,5.32224,4.35599e+06,2.70226e+06,7.46031e+06,0,0,0,2.43529e+08,59.443,79.791,3.65001,0,0,2.43419,1.29532,0,1.88065,2.96352,9.05263e+06,3.61194e+06,2.20358e+07,0,0,0,6.61631e+07
85.139,85.139,3.14906,0.17,0,1.71328,2.85195,0,0.320952,5.32224,4.35599e+06,2.70226e+06,7.46301e+06,0,0,0,2.43529e+08,59.3311,79.791,2.90731,0,0,2.43419,1.29551,0,1.88065,2.96352,9.05263e+06,3.61194e+06,2.20358e+07,0,0,0,6.61631e+07
85.139,85.139,6.13155,0.17,0,1.81811,2.95659,0,0.321068,5.32224,4.35599e+06,2.70226e+06,7.91969e+06,0,0,0,2.43529e+08,60.0002,79.791,4.66911,0,0,2.4863,1.34782,0,1.88065,2.96352,9.05263e+06,3.61194e+06,2.25075e+07,0,0,0,6.61631e+07
85.139,85.139,7.58138,0.2,0,1.87086,2.95704,0,0.340715,5.32224,4.35599e+06,2.70226e+06,8.14945e+06,0,0,0,2.43529e+08,61.2461,79.791,6.95276,0,0,2.43419,1.34802,0,1.92091,2.96352,9.05263e+06,3.61194e+06,2.20359e+07,0,0,0,6.61631e+07
85.139,85.139,5.40519,0.19,0,1.8715,2.95748,0,0.350599,5.32224,4.35599e+06,2.70226e+06,8.15225e+06,0,0,0,2.43529e+08,61.992,79.791,4.75078,0,0,2.43419,1.34822,0,1.88066,2.96352,9.05263e+06,3.61194e+06,2.20359e+07,0,0,0,6.61631e+07
85.139,85.139,4.63107,0.18,0,1.87215,2.95792,0,0.35072,5.32224,4.35599e+06,2.70226e+06,8.15505e+06,0,0,0,2.43529e+08,62.4325,79.791,4.0437,0,0,2.43419,1.34842,0,1.88066,2.96352,9.05263e+06,3.61194e+06,2.20359e+07,0,0,0,6.61631e+07
85.139,85.139,4.08803,0.16,0,1.83202,2.91759,0,0.35084,5.32224,4.35599e+06,2.70226e+06,7.98024e+06,0,0,0,2.43529e+08,62.8236,79.791,3.8368,0,0,2.41394,1.32837,0,1.88066,2.96352,9.05263e+06,3.61194e+06,2.18525e+07,0,0,0,6.61631e+07
85.139,85.139,3.65097,0.16,0,1.8124,2.91802,0,0.34332,5.32224,4.35599e+06,2.70226e+06,7.8948e+06,0,0,0,2.43529e+08,63.1197,79.791,3.72652,0,0,2.43419,1.32857,0,1.86501,2.96352,9.05263e+06,3.61194e+06,2.20358e+07,0,0,0,6.61631e+07
85.139,85.139,3.41396,0.16,0,1.81303,2.91846,0,0.339644,5.32224,4.35599e+06,2.70226e+06,7.89756e+06,0,0,0,2.43529e+08,63.4188,79.791,3.64825,0,0,2.43419,1.32877,0,1.88066,2.96352,9.05263e+06,3.61194e+06,2.20358e+07,0,0,0,6.61631e+07
85.139,85.139,3.26681,0.12,0,1.81367,2.91889,0,0.339763,5.32224,4.35599e+06,2.70226e+06,7.90032e+06,0,0,0,2.43529e+08,63.994,79.791,4.45583,0,0,2.43419,1.32897,0,1.88066,2.96352,9.05263e+06,3.61194e+06,2.20358e+07,0,0,0,6.61631e+07
85.139,85.139,2.92739,0.12,0,1.95279,3.05781,0,0.339881,5.32224,4.35599e+06,2.70226e+06,8.50632e+06,0,0,0,2.43529e+08,64.3333,79.791,3.63146,0,0,2.50605,1.40103,0,1.88066,2.96352,9.05263e+06,3.61194e+06,2.26864e+07,0,0,0,6.61631e+07
85.139,85.139,2.6155,0.11,0,2.0253,3.05827,0,0.365952,5.32224,4.35599e+06,2.70226e+06,8.8222e+06,0,0,0,2.43529e+08,64.6168,79.791,3.34167,0,0,2.4342,1.40123,0,1.93618,2.96352,9.05263e+06,3.61194e+06,2.20359e+07,0,0,0,6.61631e+07
85.0841,85.139,2.33956,0.09,0,2.02597,3.05873,0,0.379542,5.32224,4.35599e+06,2.70226e+06,8.8251e+06,0,0,0,2.43529e+08,64.6747,79.791,3.06681,0,0,2.4342,1.40144,0,1.88066,2.96352,9.05263e+06,3.61194e+06,2.20359e+07,0,0,0,6.61631e+07
84.9131,85.139,2.19601,0.14,0,2.02663,3.05918,0,0.379666,5.32224,4.35599e+06,2.70226e+06,8.828e+06,0,0,0,2.43529e+08,64.7666,79.791,3.11234,0,0,2.4342,1.40165,0,1.88066,2.96352,9.05263e+06,3.61194e+06,2.20359e+07,0,0,0,6.61631e+07
84.6622,85.139,2.10752,0.12,0,2.0273,3.05964,0,0.379791,5.32224,4.35599e+06,2.70226e+06,8.8309e+06,0,0,0,2.43529e+08,64.8759,79.791,3.03151,0,0,2.4342,1.40186,0,1.88066,2.96352,9.05263e+06,3.61194e+06,2.20359e+07,0,0,0,6.61631e+07
84.9038,85.139,2.56545,0.11,0,2.00056,3.03269,0,0.379916,5.32224,4.35599e+06,2.70226e+06,8.71441e+06,0,0,0,2.43529e+08,64.894,79.791,2.89865,0,0,2.47373,1.4416,0,1.88066,2.96352,9.05263e+06,3.61194e+06,2.23937e+07,0,0,0,6.61631e+07
85.0342,85.139,2.48037,0.11,0,2.04075,3.03314,0,0.374905,5.32224,4.35599e+06,2.70226e+06,8.88947e+06,0,0,0,2.43529e+08,64.8477,79.791,2.56906,0,0,2.43421,1.44181,0,1.9112,2.96352,9.05263e+06,3.61194e+06,2.2036e+07,0,0,0,6.61631e+07
84.9931,85.139,2.27766,0.1,0,2.04141,3.03359,0,0.382436,5.32224,4.35599e+06,2.70226e+06,8.89238e+06,0,0,0,2.43529e+08,64.7211,79.791,2.52001,0,0,2.43421,1.44203,0,1.88067,2.96352,9.05263e+06,3.61194e+06,2.2036e+07,0,0,0,6.61631e+07
84.831,85.139,2.1311,0.1,0,2.04208,3.03405,0,0.382561,5.32224,4.35599e+06,2.70226e+06,8.89529e+06,0,0,0,2.43529e+08,64.5196,79.791,2.42838,0,0,2.43421,1.44224,0,1.88067,2.96352,9.05263e+06,3.61194e+06,2.2036e+07,0,0,0,6.61631e+07
84.4638,85.139,1.97657,0.09,0,2.11357,3.10532,0,0.382686,5.32224,4.35599e+06,2.70226e+06,9.20668e+06,0,0,0,2.43529e+08,64.2557,79.791,2.29424,0,0,2.46945,1.4777,0,1.88067,2.96352,9.05263e+06,3.61194e+06,2.23551e+07,0,0,0,6.61631e+07
84.4238,85.139,2.35223,0.11,0,2.14949,3.10578,0,0.396083,5.32224,4.35599e+06,2.70226e+06,9.36318e+06,0,0,0,2.43529e+08,64.1953,79.791,2.81239,0,0,2.43421,1.47793,0,1.9079,2.96352,9.05263e+06,3.61194e+06,2.2036e+07,0,0,0,6.61631e+07
84.2058,85.139,2.15386,0.11,0,2.15018,3.10625,0,0.402815,5.32224,4.35599e+06,2.70226e+06,9.36615e+06,0,0,0,2.43529e+08,64.0002,79.791,2.77814,0,0,2.43421,1.47815,0,1.88067,2.96352,9.05263e+06,3.61194e+06,2.2036e+07,0,0,0,6.61631e+07
83.8145,85.139,1.97549,0.11,0,2.15086,3.10671,0,0.402943,5.32224,4.35599e+06,2.70226e+06,9.36913e+06,0,0,0,2.43529e+08,63.7502,79.791,2.43247,0,0,2.43421,1.47837,0,1.88067,2.96352,9.05263e+06,3.61194e+06,2.2036e+07,0,0,0,6.61631e+07
83.3651,85.139,2.08039,0.11,0,2.35906,3.31469,0,0.403072,5.32224,4.35599e+06,2.70226e+06,1.0276e+07,0,0,0,2.43529e+08,63.5992,79.791,2.90091,0,0,2.56151,1.60589,0,1.88067,2.96352,9.05263e+06,3.61194e+06,2.31884e+07,0,0,0,6.61631e+07
82.4219,85.139,1.72372,0.1,0,2.48708,3.31518,0,0.442088,5.32224,4.35599e+06,2.70226e+06,1.08337e+07,0,0,0,2.43529e+08,63.3665,79.791,2.65118,0,0,2.43423,1.60613,0,1.97902,2.96352,9.05263e+06,3.61194e+06,2.20362e+07,0,0,0,6.61631e+07
81.2994,85.139,1.52871,0.11,0,2.48781,3.31568,0,0.466078,5.32224,4.35599e+06,2.70226e+06,1.08369e+07,0,0,0,2.43529e+08,63.0608,79.791,2.4674,0,0,2.43423,1.60637,0,1.88069,2.96352,9.05263e+06,3.61194e+06,2.20362e+07,0,0,0,6.61631e+07
80.3554,85.139,1.70106,0.11,0,2.48855,3.31617,0,0.466216,5.32224,4.35599e+06,2.70226e+06,1.08401e+07,0,0,0,2.43529e+08,62.7732,79.791,2.54366,0,0,2.43423,1.60661,0,1.88069,2.96352,9.05263e+06,3.61194e+06,2.20362e+07,0,0,0,6.61631e+07
80.3642,85.139,2.72784,0.11,0,2.48928,3.31667,0,0.466353,5.32224,4.35599e+06,2.70226e+06,1.08433e+07,0,0,0,2.43529e+08,62.6464,79.791,3.07286,0,0,2.43423,1.60685,0,1.88069,2.96352,9.05263e+06,3.61194e+06,2.20362e+07,0,0,0,6.61631e+07
80.8797,85.139,3.21431,0.11,0,2.3888,3.21595,0,0.466491,5.32224,4.35599e+06,2.70226e+06,1.04056e+07,0,0,0,2.43529e+08,62.8314,79.791,3.74419,0,0,2.35691,1.52976,0,1.88069,2.96352,9.05263e+06,3.61194e+06,2.13362e+07,0,0,0,6.61631e+07
81.1842,85.139,2.95082,0.11,0,2.3122,3.21643,0,0.447662,5.32224,4.35599e+06,2.70226e+06,1.00719e+07,0,0,0,2.43529e+08,63.0602,79.791,4.04401,0,0,2.43422,1.52999,0,1.82095,2.96352,9.05263e+06,3.61194e+06,2.20361e+07,0,0,0,6.61631e+07
80.9853,85.139,2.44612,0.11,0,2.31291,3.21691,0,0.433306,5.32224,4.35599e+06,2.70226e+06,1.0075e+07,0,0,0,2.43529e+08,63.7438,79.791,6.32507,0,0,2.43422,1.53022,0,1.88068,2.96352,9.05263e+06,3.61194e+06,2.20361e+07,0,0,0,6.61631e+07
80.3927,85.139,2.04625,0.12,0,2.31362,3.21739,0,0.433439,5.32224,4.35599e+06,2.70226e+06,1.00781e+07,0,0,0,2.43529e+08,63.6863,79.791,3.40503,0,0,2.43422,1.53045,0,1.88068,2.96352,9.05263e+06,3.61194e+06,2.20361e+07,0,0,0,6.61631e+07
81.0161,85.139,3.25015,0.12,0,2.2312,3.13474,0,0.433572,5.32224,4.35599e+06,2.70226e+06,9.71908e+06,0,0,0,2.43529e+08,63.8729,79.791,4.07234,0,0,2.36379,1.46025,0,1.88068,2.96352,9.05263e+06,3.61194e+06,2.13986e+07,0,0,0,6.61631e+07
80.4098,85.139,1.9691,0.12,0,2.16147,3.13521,0,0.418127,5.32224,4.35599e+06,2.70226e+06,9.41534e+06,0,0,0,2.43529e+08,63.9031,79.791,3.55605,0,0,2.43421,1.46047,0,1.82627,2.96352,9.05263e+06,3.61194e+06,2.2036e+07,0,0,0,6.61631e+07
79.2507,85.139,1.36081,0.12,0,2.16215,3.13568,0,0.405059,5.32224,4.35599e+06,2.70226e+06,9.41832e+06,0,0,0,2.43529e+08,63.6385,79.791,2.51664,0,0,2.43421,1.46068,0,1.88067,2.96352,9.05263e+06,3.61194e+06,2.2036e+07,0,0,0,6.61631e+07
78.6668,85.139,1.98443,0.14,0,2.16284,3.13615,0,0.405188,5.32224,4.35599e+06,2.70226e+06,9.42131e+06,0,0,0,2.43529e+08,63.7749,79.791,4.02366,0,0,2.43421,1.4609,0,1.88067,2.96352,9.05263e+06,3.61194e+06,2.2036e+07,0,0,0,6.61631e+07
80.1266,85.139,3.91878,0.14,0,1.9273,2.90039,0,0.405316,5.32224,4.35599e+06,2.70226e+06,8.39531e+06,0,0,0,2.43529e+08,64.6508,79.791,5.41054,0,0,2.28745,1.31436,0,1.88067,2.96352,9.05263e+06,3.61194e+06,2.07074e+07,0,0,0,6.61631e+07
80.6337,85.139,2.86006,0.13,0,1.78119,2.90083,0,0.361177,5.32224,4.35599e+06,2.70226e+06,7.75884e+06,0,0,0,2.43529e+08,64.9268,79.791,3.54762,0,0,2.43419,1.31455,0,1.76728,2.96352,9.05263e+06,3.61194e+06,2.20358e+07,0,0,0,6.61631e+07
82.3267,85.139,4.12904,0.14,0,1.78182,2.90126,0,0.333795,5.32224,4.35599e+06,2.70226e+06,7.76158e+06,0,0,0,2.43529e+08,65.7056,79.791,4.80951,0,0,2.43419,1.31475,0,1.88065,2.96352,9.05263e+06,3.61194e+06,2.20358e+07,0,0,0,6.61631e+07
84.0805,85.139,4.18864,0.14,0,1.78245,2.90169,0,0.333913,5.32224,4.35599e+06,2.70226e+06,7.76432e+06,0,0,0,2.43529e+08,66.4211,79.791,4.36089,0,0,2.43419,1.31494,0,1.88065,2.96352,9.05263e+06,3.61194e+06,2.20358e+07,0,0,0,6.61631e+07
85.139,85.139,5.31896,0.14,0,1.78308,2.90212,0,0.334031,5.32224,4.35599e+06,2.70226e+06,7.76706e+06,0,0,0,2.43529e+08,67.6152,79.791,6.43822,0,0,2.43419,1.31514,0,1.88065,2.96352,9.05263e+06,3.61194e+06,2.20358e+07,0,0,0,6.61631e+07
85.139,85.139,5.55515,0.11,0,1.87462,2.99348,0,0.334148,5.32224,4.35599e+06,2.70226e+06,8.16584e+06,0,0,0,2.43529e+08,68.2351,79.791,4.76403,0,0,2.47671,1.35786,0,1.88065,2.96352,9.05263e+06,3.61194e+06,2.24208e+07,0,0,0,6.61631e+07
85.139,85.139,4.04079,0.11,0,1.91777,2.9939,0,0.351304,5.32224,4.35599e+06,2.70226e+06,8.35378e+06,0,0,0,2.43529e+08,68.2985,79.791,3.13235,0,0,2.43418,1.35805,0,1.91351,2.96352,9.05263e+06,3.61194e+06,2.20358e+07,0,0,0,6.61631e+07
85.139,85.139,3.15989,0.11,0,1.91838,2.99432,0,0.35939,5.32224,4.35599e+06,2.70226e+06,8.35646e+06,0,0,0,2.43529e+08,68.2603,79.791,2.74432,0,0,2.43418,1.35825,0,1.88065,2.96352,9.05263e+06,3.61194e+06,2.20358e+07,0,0,0,6.61631e+07
85.139,85.139,3.21397,0.11,0,1.919,2.99474,0,0.359505,5.32224,4.35599e+06,2.70226e+06,8.35914e+06,0,0,0,2.43529e+08,68.2001,79.791,2.69043,0,0,2.43418,1.35844,0,1.88065,2.96352,9.05263e+06,3.61194e+06,2.20358e+07,0,0,0,6.61631e+07
85.139,85.139,3.44391,0.11,0,2.21176,3.28731,0,0.35962,5.32224,4.35599e+06,2.70226e+06,9.63438e+06,0,0,0,2.43529e+08,68.2615,79.791,3.58671,0,0,2.59393,1.51838,0,1.88065,2.96352,9.05263e+06,3.61194e+06,2.34819e+07,0,0,0,6.61631e+07
85.139,85.139,6.8376,0.12,0,2.37216,3.28777,0,0.414483,5.32224,4.35599e+06,2.70226e+06,1.03331e+07,0,0,0,2.43529e+08,68.2619,79.791,3.55547,0,0,2.43421,1.51859,0,2.00407,2.96352,9.05263e+06,3.61194e+06,2.2036e+07,0,0,0,6.61631e+07
85.139,85.139,3.48335,0.12,0,2.37284,3.28824,0,0.444542,5.32224,4.35599e+06,2.70226e+06,1.03361e+07,0,0,0,2.43529e+08,67.4929,79.791,2.13877,0,0,2.43421,1.5188,0,1.88067,2.96352,9.05263e+06,3.61194e+06,2.2036e+07,0,0,0,6.61631e+07
85.139,85.139,2.94843,0.13,0,2.37352,3.2887,0,0.44467,5.32224,4.35599e+06,2.70226e+06,1.0339e+07,0,0,0,2.43529e+08,67.057,79.791,1.76885,0,0,2.43421,1.51902,0,1.88067,2.96352,9.05263e+06,3.61194e+06,2.2036e+07,0,0,0,6.61631e+07
85.139,85.139,4.00026,0.13,0,1.95727,2.87225,0,0.444797,5.32224,4.35599e+06,2.70226e+06,8.52586e+06,0,0,0,2.43529e+08,67.0342,79.791,2.9612,0,0,2.2197,1.30473,0,1.88067,2.96352,9.05263e+06,3.61194e+06,2.00942e+07,0,0,0,6.61631e+07
85.139,85.139,5.47005,0.15,0,1.74339,2.87265,0,0.366793,5.32224,4.35599e+06,2.70226e+06,7.5942e+06,0,0,0,2.43529e+08,67.7504,79.791,5.36404,0,0,2.43418,1.30492,0,1.71494,2.96352,9.05263e+06,3.61194e+06,2.20357e+07,0,0,0,6.61631e+07
85.139,85.139,4.8633,0.16,0,1.74398,2.87306,0,0.326712,5.32224,4.35599e+06,2.70226e+06,7.59677e+06,0,0,0,2.43529e+08,68.2423,79.791,4.89974,0,0,2.43418,1.3051,0,1.88064,2.96352,9.05263e+06,3.61194e+06,2.20357e+07,0,0,0,6.61631e+07
85.139,85.139,4.62473,0.16,0,1.74457,2.87346,0,0.326822,5.32224,4.35599e+06,2.70226e+06,7.59934e+06,0,0,0,2.43529e+08,68.7501,79.791,5.01713,0,0,2.43418,1.30529,0,1.88064,2.96352,9.05263e+06,3.61194e+06,2.20357e+07,0,0,0,6.61631e+07
85.139,85.139,4.72063,0.17,0,1.74516,2.87387,0,0.326933,5.32224,4.35599e+06,2.70226e+06,7.60191e+06,0,0,0,2.43529e+08,69.1421,79.791,4.68963,0,0,2.43418,1.30547,0,1.88064,2.96352,9.05263e+06,3.61194e+06,2.20357e+07,0,0,0,6.61631e+07
85.139,85.139,5.315,0.18,0,1.85077,2.9793,0,0.327044,5.32224,4.35599e+06,2.70226e+06,8.06195e+06,0,0,0,2.43529e+08,69.6821,79.791,5.15987,0,0,2.48669,1.35817,0,1.88064,2.96352,9.05263e+06,3.61194e+06,2.25111e+07,0,0,0,6.61631e+07
85.139,85.139,4.55967,0.2,0,1.90389,2.97972,0,0.346835,5.32224,4.35599e+06,2.70226e+06,8.29333e+06,0,0,0,2.43529e+08,70.2404,79.791,5.43036,0,0,2.43418,1.35836,0,1.92122,2.96352,9.05263e+06,3.61194e+06,2.20358e+07,0,0,0,6.61631e+07
85.139,85.139,4.17776,0.21,0,1.9045,2.98014,0,0.356789,5.32224,4.35599e+06,2.70226e+06,8.296e+06,0,0,0,2.43529e+08,70.928,79.791,5.51312,0,0,2.43418,1.35855,0,1.88065,2.96352,9.05263e+06,3.61194e+06,2.20358e+07,0,0,0,6.61631e+07
85.139,85.139,3.90036,0.2,0,1.90512,2.98056,0,0.356904,5.32224,4.35599e+06,2.70226e+06,8.29867e+06,0,0,0,2.43529e+08,72.0242,79.791,6.77768,0,0,2.43418,1.35874,0,1.88065,2.96352,9.05263e+06,3.61194e+06,2.20358e+07,0,0,0,6.61631e+07
85.139,85.139,3.06642,0.18,0,1.86465,2.9399,0,0.357019,5.32224,4.35599e+06,2.70226e+06,8.12238e+06,0,0,0,2.43529e+08,72.3118,79.791,4.34037,0,0,2.41378,1.33853,0,1.88065,2.96352,9.05263e+06,3.61194e+06,2.1851e+07,0,0,0,6.61631e+07
85.139,85.139,2.45995,0.16,0,1.84485,2.94031,0,0.349435,5.32224,4.35599e+06,2.70226e+06,8.03613e+06,0,0,0,2.43529e+08,72.2141,79.791,3.5072,0,0,2.43418,1.33872,0,1.86488,2.96352,9.05263e+06,3.61194e+06,2.20358e+07,0,0,0,6.61631e+07
85.139,85.139,3.75432,0.16,0,1.84545,2.94073,0,0.345724,5.32224,4.35599e+06,2.70226e+06,8.03876e+06,0,0,0,2.43529e+08,72.2826,79.791,4.04202,0,0,2.43418,1.33891,0,1.88065,2.96352,9.05263e+06,3.61194e+06,2.20358e+07,0,0,0,6.61631e+07
85.139,85.139,2.55255,0.14,0,1.84606,2.94114,0,0.345837,5.32224,4.35599e+06,2.70226e+06,8.0414e+06,0,0,0,2.43529e+08,72.2305,79.791,3.57699,0,0,2.43418,1.33909,0,1.88065,2.96352,9.05263e+06,3.61194e+06,2.20358e+07,0,0,0,6.61631e+07
84.9027,85.139,2.17256,0.12,0,1.9862,3.0811,0,0.345951,5.32224,4.35599e+06,2.70226e+06,8.65186e+06,0,0,0,2.43529e+08,72.0614,79.791,3.07858,0,0,2.50659,1.41169,0,1.88065,2.96352,9.05263e+06,3.61194e+06,2.26912e+07,0,0,0,6.61631e+07
84.3971,85.139,1.92809,0.2,0,2.05923,3.08153,0,0.372214,5.32224,4.35599e+06,2.70226e+06,8.96999e+06,0,0,0,2.43529e+08,71.7929,79.791,2.73645,0,0,2.43419,1.41189,0,1.93659,2.96352,9.05263e+06,3.61194e+06,2.20358e+07,0,0,0,6.61631e+07
83.8233,85.139,1.84311,0.16,0,2.05987,3.08197,0,0.3859,5.32224,4.35599e+06,2.70226e+06,8.97276e+06,0,0,0,2.43529e+08,71.5522,79.791,2.7612,0,0,2.43419,1.41209,0,1.88066,2.96352,9.05263e+06,3.61194e+06,2.20358e+07,0,0,0,6.61631e+07
83.1745,85.139,1.75905,0.14,0,2.0605,3.0824,0,0.386019,5.32224,4.35599e+06,2.70226e+06,8.97553e+06,0,0,0,2.43529e+08,71.3144,79.791,2.66934,0,0,2.43419,1.41229,0,1.88066,2.96352,9.05263e+06,3.61194e+06,2.20358e+07,0,0,0,6.61631e+07
82.4208,85.139,1.64438,0.12,0,2.06114,3.08284,0,0.386138,5.32224,4.35599e+06,2.70226e+06,8.97829e+06,0,0,0,2.43529e+08,71.0258,79.791,2.51721,0,0,2.43419,1.41249,0,1.88066,2.96352,9.05263e+06,3.61194e+06,2.20358e+07,0,0,0,6.61631e+07
81.9625,85.139,1.85566,0.13,0,2.03416,3.05566,0,0.386257,5.32224,4.35599e+06,2.70226e+06,8.86077e+06,0,0,0,2.43529e+08,70.3939,79.791,1.95023,0,0,2.47402,1.45252,0,1.88066,2.96352,9.05263e+06,3.61194e+06,2.23964e+07,0,0,0,6.61631e+07
81.4604,85.139,1.84208,0.11,0,2.07461,3.05609,0,0.381201,5.32224,4.35599e+06,2.70226e+06,9.037e+06,0,0,0,2.43529e+08,69.825,79.791,1.66642,0,0,2.4342,1.45272,0,1.91143,2.96352,9.05263e+06,3.61194e+06,2.20359e+07,0,0,0,6.61631e+07
80.8472,85.139,1.72231,0.1,0,2.07525,3.05652,0,0.388783,5.32224,4.35599e+06,2.70226e+06,9.03977e+06,0,0,0,2.43529e+08,69.2123,79.791,1.70802,0,0,2.4342,1.45293,0,1.88066,2.96352,9.05263e+06,3.61194e+06,2.20359e+07,0,0,0,6.61631e+07
80.1994,85.139,1.67501,0.11,0,2.07589,3.05695,0,0.388902,5.32224,4.35599e+06,2.70226e+06,9.04255e+06,0,0,0,2.43529e+08,68.4514,79.791,1.62425,0,0,2.4342,1.45313,0,1.88066,2.96352,9.05263e+06,3.61194e+06,2.20359e+07,0,0,0,6.61631e+07
79.392,85.139,1.56358,0.11,0,2.14788,3.12874,0,0.389021,5.32224,4.35599e+06,2.70226e+06,9.35614e+06,0,0,0,2.43529e+08,67.6892,79.791,1.51239,0,0,2.46971,1.48885,0,1.88066,2.96352,9.05263e+06,3.61194e+06,2.23574e+07,0,0,0,6.61631e+07
78.5576,85.139,1.54503,0.16,0,2.18404,3.12918,0,0.402512,5.32224,4.35599e+06,2.70226e+06,9.51365e+06,0,0,0,2.43529e+08,66.9024,79.791,1.5151,0,0,2.4342,1.48906,0,1.9081,2.96352,9.05263e+06,3.61194e+06,2.20359e+07,0,0,0,6.61631e+07
77.6336,85.139,1.44668,0.15,0,2.18469,3.12962,0,0.409289,5.32224,4.35599e+06,2.70226e+06,9.51649e+06,0,0,0,2.43529e+08,66.0306,79.791,1.51028,0,0,2.4342,1.48927,0,1.88066,2.96352,9.05263e+06,3.61194e+06,2.20359e+07,0,0,0,6.61631e+07
76.5552,85.139,1.2836,0.15,0,2.18534,3.13007,0,0.409411,5.32224,4.35599e+06,2.70226e+06,9.51934e+06,0,0,0,2.43529e+08,65.1097,79.791,1.37554,0,0,2.4342,1.48948,0,1.88066,2.96352,9.05263e+06,3.61194e+06,2.20359e+07,0,0,0,6.61631e+07
75.2005,85.139,1.16302,0.15,0,2.39507,3.33958,0,0.409533,5.32224,4.35599e+06,2.70226e+06,1.04329e+07,0,0,0,2.43529e+08,63.9975,79.791,1.34435,0,0,2.56246,1.61795,0,1.88066,2.96352,9.05263e+06,3.61194e+06,2.3197e+07,0,0,0,6.61631e+07
73.3029,85.139,0.707875,0.16,0,2.52401,3.34005,0,0.448836,5.32224,4.35599e+06,2.70226e+06,1.09946e+07,0,0,0,2.43529e+08,62.7387,79.791,1.0492,0,0,2.43422,1.61818,0,1.97976,2.96352,9.05263e+06,3.61194e+06,2.20361e+07,0,0,0,6.61631e+07
71.3061,85.139,0.593957,0.18,0,2.52471,3.34052,0,0.472999,5.32224,4.35599e+06,2.70226e+06,1.09976e+07,0,0,0,2.43529e+08,61.4876,79.791,0.937333,0,0,2.43422,1.6184,0,1.88068,2.96352,9.05263e+06,3.61194e+06,2.20361e+07,0,0,0,6.61631e+07
69.3898,85.139,0.660458,0.18,0,2.52541,3.341,0,0.47313,5.32224,4.35599e+06,2.70226e+06,1.10007e+07,0,0,0,2.43529e+08,60.3858,79.791,0.965608,0,0,2.43422,1.61863,0,1.88068,2.96352,9.05263e+06,3.61194e+06,2.20361e+07,0,0,0,6.61631e+07
67.8432,85.139,1.05935,0.18,0,2.52611,3.34147,0,0.473262,5.32224,4.35599e+06,2.70226e+06,1.10037e+07,0,0,0,2.43529e+08,59.6678,79.791,1.16857,0,0,2.43422,1.61886,0,1.88068,2.96352,9.05263e+06,3.61194e+06,2.20361e+07,0,0,0,6.61631e+07
66.4826,85.139,1.13673,0.2,0,2.42484,3.23997,0,0.473393,5.32224,4.35599e+06,2.70226e+06,1.05626e+07,0,0,0,2.43529e+08,58.9817,79.791,1.61693,0,0,2.35632,1.54119,0,1.88068,2.96352,9.05263e+06,3.61194e+06,2.13309e+07,0,0,0,6.61631e+07
64.6666,85.139,0.594246,0.21,0,2.34763,3.24043,0,0.454416,5.32224,4.35599e+06,2.70226e+06,1.02262e+07,0,0,0,2.43529e+08,58.1668,79.791,1.42051,0,0,2.43421,1.54141,0,1.82049,2.96352,9.05263e+06,3.61194e+06,2.2036e+07,0,0,0,6.61631e+07
62.8725,85.139,0.616593,0.21,0,2.3483,3.24089,0,0.439946,5.32224,4.35599e+06,2.70226e+06,1.02292e+07,0,0,0,2.43529e+08,57.6141,79.791,1.37719,0,0,2.43421,1.54162,0,1.88067,2.96352,9.05263e+06,3.61194e+06,2.2036e+07,0,0,0,6.61631e+07
62.0936,85.139,1.79321,0.2,0,2.34898,3.24135,0,0.440072,5.32224,4.35599e+06,2.70226e+06,1.02321e+07,0,0,0,2.43529e+08,57.5817,79.791,2.46082,0,0,2.43421,1.54184,0,1.88067,2.96352,9.05263e+06,3.61194e+06,2.2036e+07,0,0,0,6.61631e+07
60.896,85.139,1.29751,0.24,0,2.26591,3.15806,0,0.440199,5.32224,4.35599e+06,2.70226e+06,9.87029e+06,0,0,0,2.43529e+08,57.2074,79.791,2.1522,0,0,2.36326,1.47111,0,1.88067,2.96352,9.05263e+06,3.61194e+06,2.13937e+07,0,0,0,6.61631e+07
59.3162,85.139,0.863978,0.24,0,2.19563,3.15851,0,0.424632,5.32224,4.35599e+06,2.70226e+06,9.56412e+06,0,0,0,2.43529e+08,56.6122,79.791,1.7819,0,0,2.4342,1.47132,0,1.82585,2.96352,9.05263e+06,3.61194e+06,2.20359e+07,0,0,0,6.61631e+07
58.0857,85.139,1.2185,0.25,0,2.19628,3.15895,0,0.41146,5.32224,4.35599e+06,2.70226e+06,9.56697e+06,0,0,0,2.43529e+08,56.2088,79.791,1.64877,0,0,2.4342,1.47153,0,1.88066,2.96352,9.05263e+06,3.61194e+06,2.20359e+07,0,0,0,6.61631e+07
58.6642,85.139,3.14976,0.24,0,2.19693,3.1594,0,0.411583,5.32224,4.35599e+06,2.70226e+06,9.56982e+06,0,0,0,2.43529e+08,56.7573,79.791,5.24225,0,0,2.4342,1.47173,0,1.88066,2.96352,9.05263e+06,3.61194e+06,2.20359e+07,0,0,0,6.61631e+07
58.5154,85.139,2.19365,0.25,0,1.95962,2.92187,0,0.411705,5.32224,4.35599e+06,2.70226e+06,8.53607e+06,0,0,0,2.43529e+08,56.8429,79.791,3.53801,0,0,2.28635,1.32409,0,1.88066,2.96352,9.05263e+06,3.61194e+06,2.06975e+07,0,0,0,6.61631e+07
59.7834,85.139,3.48766,0.28,0,1.81238,2.92229,0,0.367232,5.32224,4.35599e+06,2.70226e+06,7.89473e+06,0,0,0,2.43529e+08,56.731,79.791,3.28477,0,0,2.43418,1.32428,0,1.76643,2.96352,9.05263e+06,3.61194e+06,2.20357e+07,0,0,0,6.61631e+07
60.8274,85.139,3.32174,0.28,0,1.81298,2.9227,0,0.339641,5.32224,4.35599e+06,2.70226e+06,7.89734e+06,0,0,0,2.43529e+08,56.8006,79.791,4.82852,0,0,2.43418,1.32446,0,1.88065,2.96352,9.05263e+06,3.61194e+06,2.20357e+07,0,0,0,6.61631e+07
60.7043,85.139,2.06446,0.31,0,1.81358,2.92311,0,0.339753,5.32224,4.35599e+06,2.70226e+06,7.89995e+06,0,0,0,2.43529e+08,56.3403,79.791,2.296,0,0,2.43418,1.32465,0,1.88065,2.96352,9.05263e+06,3.61194e+06,2.20357e+07,0,0,0,6.61631e+07
60.466,85.139,1.95053,0.31,0,1.81418,2.92352,0,0.339866,5.32224,4.35599e+06,2.70226e+06,7.90257e+06,0,0,0,2.43529e+08,55.968,79.791,2.07193,0,0,2.43418,1.32484,0,1.88065,2.96352,9.05263e+06,3.61194e+06,2.20357e+07,0,0,0,6.61631e+07
60.8031,85.139,2.67819,0.31,0,1.81437,2.92352,0,0.339978,5.32224,4.35599e+06,2.70226e+06,7.90338e+06,0,0,0,2.43529e+08,55.8941,79.791,2.41399,0,0,2.43399,1.32484,0,1.88065,2.96352,9.05263e+06,3.61194e+06,2.2034e+07,0,0,0,6.61631e+07
63.0049,85.139,4.68742,0.33,0.02,1.90637,3.01553,0,0.340013,5.32224,4.35599e+06,2.70226e+06,8.30414e+06,0,0,0,2.43529e+08,56.1453,79.791,3.80293,0,0,2.47702,1.36786,0,1.8805,2.96352,9.05263e+06,3.61194e+06,2.24235e+07,0,0,0,6.61631e+07
65.39,85.139,4.83589,0.3,0.02,1.9498,3.01593,0,0.357254,5.32224,4.35599e+06,2.70226e+06,8.49331e+06,0,0,0,2.43529e+08,56.6159,79.791,4.32039,0,0,2.43417,1.36805,0,1.91374,2.96352,9.05263e+06,3.61194e+06,2.20357e+07,0,0,0,6.61631e+07
67.9475,85.139,4.9435,0.32,0.02,1.95039,3.01633,0,0.365393,5.32224,4.35599e+06,2.70226e+06,8.49586e+06,0,0,0,2.43529e+08,57.0527,79.791,4.52732,0,0,2.43417,1.36823,0,1.88064,2.96352,9.05263e+06,3.61194e+06,2.20357e+07,0,0,0,6.61631e+07
72.6412,85.139,7.33879,0.34,0.02,1.95097,3.01673,0,0.365502,5.32224,4.35599e+06,2.70226e+06,8.49841e+06,0,0,0,2.43529e+08,57.4396,79.791,4.62682,0,0,2.43417,1.36841,0,1.88064,2.96352,9.05263e+06,3.61194e+06,2.20357e+07,0,0,0,6.61631e+07
72.8242,85.139,2.82479,0.3,0.02,2.24584,3.31142,0,0.365612,5.32224,4.35599e+06,2.70226e+06,9.78286e+06,0,0,0,2.43529e+08,57.5215,79.791,3.08974,0,0,2.59509,1.52951,0,1.88064,2.96352,9.05263e+06,3.61194e+06,2.34924e+07,0,0,0,6.61631e+07
73.2,85.139,3.18194,0.3,0.02,2.40738,3.31186,0,0.420871,5.32224,4.35599e+06,2.70226e+06,1.04865e+07,0,0,0,2.43529e+08,57.595,79.791,3.25502,0,0,2.4342,1.52972,0,2.00497,2.96352,9.05263e+06,3.61194e+06,2.20359e+07,0,0,0,6.61631e+07
73.2408,85.139,2.79928,0.3,0.02,2.40803,3.31231,0,0.451144,5.32224,4.35599e+06,2.70226e+06,1.04894e+07,0,0,0,2.43529e+08,57.7173,79.791,3.00725,0,0,2.4342,1.52992,0,1.88066,2.96352,9.05263e+06,3.61194e+06,2.20359e+07,0,0,0,6.61631e+07
75.09,85.139,4.75267,0.32,0.02,2.40868,3.31275,0,0.451265,5.32224,4.35599e+06,2.70226e+06,1.04922e+07,0,0,0,2.43529e+08,58.2582,79.791,4.30643,0,0,2.4342,1.53012,0,1.88066,2.96352,9.05263e+06,3.61194e+06,2.20359e+07,0,0,0,6.61631e+07
77.7466,85.139,5.26468,0.29,0.02,1.98935,2.89322,0,0.451386,5.32224,4.35599e+06,2.70226e+06,8.66561e+06,0,0,0,2.43529e+08,58.8279,79.791,4.67723,0,0,2.21813,1.31426,0,1.88066,2.96352,9.05263e+06,3.61194e+06,2.00799e+07,0,0,0,6.61631e+07
80.0555,85.139,4.71995,0.31,0.02,1.77388,2.89361,0,0.372805,5.32224,4.35599e+06,2.70226e+06,7.72699e+06,0,0,0,2.43529e+08,59.1569,79.791,3.80198,0,0,2.43417,1.31444,0,1.71373,2.96352,9.05263e+06,3.61194e+06,2.20356e+07,0,0,0,6.61631e+07
82.8464,85.139,5.25082,0.25,0.02,1.77444,2.89399,0,0.332425,5.32224,4.35599e+06,2.70226e+06,7.72944e+06,0,0,0,2.43529e+08,59.5031,79.791,3.75398,0,0,2.43417,1.31461,0,1.88064,2.96352,9.05263e+06,3.61194e+06,2.20356e+07,0,0,0,6.61631e+07
85.1359,85.139,4.74233,0.29,0.02,1.775,2.89438,0,0.33253,5.32224,4.35599e+06,2.70226e+06,7.73188e+06,0,0,0,2.43529e+08,59.7562,79.791,3.35452,0,0,2.43417,1.31479,0,1.88064,2.96352,9.05263e+06,3.61194e+06,2.20356e+07,0,0,0,6.61631e+07
85.139,85.139,4.8174,0.3,0.02,1.77556,2.89477,0,0.332635,5.32224,4.35599e+06,2.70226e+06,7.73433e+06,0,0,0,2.43529e+08,59.8468,79.791,3.44924,0,0,2.43417,1.31496,0,1.88064,2.96352,9.05263e+06,3.61194e+06,2.20356e+07,0,0,0,6.61631e+07
85.139,85.139,3.05495,0.22,0.02,1.88191,3.00094,0,0.33274,5.32224,4.35599e+06,2.70226e+06,8.19757e+06,0,0,0,2.43529e+08,59.7214,79.791,2.28304,0,0,2.48706,1.36803,0,1.88064,2.96352,9.05263e+06,3.61194e+06,2.25145e+07,0,0,0,6.61631e+07
85.139,85.139,2.63473,0.23,0.02,1.93538,3.00134,0,0.352669,5.32224,4.35599e+06,2.70226e+06,8.43048e+06,0,0,0,2.43529e+08,59.6624,79.791,2.46648,0,0,2.43417,1.36821,0,1.9215,2.96352,9.05263e+06,3.61194e+06,2.20357e+07,0,0,0,6.61631e+07
85.139,85.139,2.66236,0.22,0.02,1.93596,3.00174,0,0.36269,5.32224,4.35599e+06,2.70226e+06,8.43302e+06,0,0,0,2.43529e+08,59.4135,79.791,2.91352,0,0,2.43417,1.3684,0,1.88064,2.96352,9.05263e+06,3.61194e+06,2.20357e+07,0,0,0,6.61631e+07
84.968,85.139,2.23487,0.2,0.02,1.93654,3.00214,0,0.362799,5.32224,4.35599e+06,2.70226e+06,8.43556e+06,0,0,0,2.43529e+08,58.9694,79.791,2.087,0,0,2.43417,1.36858,0,1.88064,2.96352,9.05263e+06,3.61194e+06,2.20357e+07,0,0,0,6.61631e+07
84.6787,85.139,2.09669,0.3,0.02,1.89574,2.96116,0,0.362908,5.32224,4.35599e+06,2.70226e+06,8.25784e+06,0,0,0,2.43529e+08,58.571,79.791,2.13103,0,0,2.41362,1.34821,0,1.88064,2.96352,9.05263e+06,3.61194e+06,2.18496e+07,0,0,0,6.61631e+07
84.4689,85.139,2.15351,0.3,0.02,1.87577,2.96155,0,0.355262,5.32224,4.35599e+06,2.70226e+06,8.17083e+06,0,0,0,2.43529e+08,58.4778,79.791,2.13963,0,0,2.43417,1.34839,0,1.86476,2.96352,9.05263e+06,3.61194e+06,2.20357e+07,0,0,0,6.61631e+07
85.0397,85.139,2.95157,0.25,0.02,1.87634,2.96195,0,0.351519,5.32224,4.35599e+06,2.70226e+06,8.17333e+06,0,0,0,2.43529e+08,58.2209,79.791,2.36927,0,0,2.43417,1.34857,0,1.88064,2.96352,9.05263e+06,3.61194e+06,2.20357e+07,0,0,0,6.61631e+07
84.6257,85.139,1.89397,0.23,0.02,1.87692,2.96234,0,0.351627,5.32224,4.35599e+06,2.70226e+06,8.17584e+06,0,0,0,2.43529e+08,57.8251,79.791,1.97992,0,0,2.43417,1.34875,0,1.88064,2.96352,9.05263e+06,3.61194e+06,2.20357e+07,0,0,0,6.61631e+07
84.066,85.139,1.80012,0.22,0.02,2.01804,3.10328,0,0.351735,5.32224,4.35599e+06,2.70226e+06,8.79055e+06,0,0,0,2.43529e+08,57.3032,79.791,1.90575,0,0,2.5071,1.42186,0,1.88064,2.96352,9.05263e+06,3.61194e+06,2.26959e+07,0,0,0,6.61631e+07
83.3077,85.139,1.64553,0.18,0.02,2.09156,3.1037,0,0.37818,5.32224,4.35599e+06,2.70226e+06,9.11082e+06,0,0,0,2.43529e+08,56.7201,79.791,1.81725,0,0,2.43418,1.42205,0,1.93699,2.96352,9.05263e+06,3.61194e+06,2.20358e+07,0,0,0,6.61631e+07
82.5054,85.139,1.5913,0.16,0.02,2.09217,3.10411,0,0.391959,5.32224,4.35599e+06,2.70226e+06,9.11345e+06,0,0,0,2.43529e+08,56.0443,79.791,1.63432,0,0,2.43418,1.42224,0,1.88065,2.96352,9.05263e+06,3.61194e+06,2.20358e+07,0,0,0,6.61631e+07
81.5683,85.139,1.41581,0.14,0.02,2.09277,3.10452,0,0.392072,5.32224,4.35599e+06,2.70226e+06,9.11608e+06,0,0,0,2.43529e+08,55.3725,79.791,1.56186,0,0,2.43418,1.42243,0,1.88065,2.96352,9.05263e+06,3.61194e+06,2.20358e+07,0,0,0,6.61631e+07
80.5987,85.139,1.37684,0.15,0.02,2.09337,3.10494,0,0.392185,5.32224,4.35599e+06,2.70226e+06,9.11872e+06,0,0,0,2.43529e+08,54.7695,79.791,1.66508,0,0,2.43418,1.42262,0,1.88065,2.96352,9.05263e+06,3.61194e+06,2.20358e+07,0,0,0,6.61631e+07
79.5513,85.139,1.28618,0.13,0.02,2.06617,3.07754,0,0.392298,5.32224,4.35599e+06,2.70226e+06,9.0002e+06,0,0,0,2.43529e+08,54.1567,79.791,1.68836,0,0,2.47429,1.46292,0,1.88065,2.96352,9.05263e+06,3.61194e+06,2.23989e+07,0,0,0,6.61631e+07
78.3723,85.139,1.16853,0.12,0.02,2.10688,3.07795,0,0.387199,5.32224,4.35599e+06,2.70226e+06,9.17753e+06,0,0,0,2.43529e+08,53.5167,79.791,1.55691,0,0,2.43419,1.46311,0,1.91164,2.96352,9.05263e+06,3.61194e+06,2.20358e+07,0,0,0,6.61631e+07
77.171,85.139,1.10586,0.18,0.02,2.10748,3.07836,0,0.394829,5.32224,4.35599e+06,2.70226e+06,9.18017e+06,0,0,0,2.43529e+08,52.7799,79.791,1.53054,0,0,2.43419,1.46331,0,1.88065,2.96352,9.05263e+06,3.61194e+06,2.20358e+07,0,0,0,6.61631e+07
75.8876,85.139,1.01349,0.18,0.02,2.10809,3.07877,0,0.394942,5.32224,4.35599e+06,2.70226e+06,9.18281e+06,0,0,0,2.43529e+08,52.0107,79.791,1.49274,0,0,2.43419,1.4635,0,1.88065,2.96352,9.05263e+06,3.61194e+06,2.20358e+07,0,0,0,6.61631e+07
74.6757,85.139,1.13076,0.18,0.02,2.18056,3.15105,0,0.395056,5.32224,4.35599e+06,2.70226e+06,9.49848e+06,0,0,0,2.43529e+08,51.2271,79.791,1.50205,0,0,2.46995,1.49946,0,1.88065,2.96352,9.05263e+06,3.61194e+06,2.23596e+07,0,0,0,6.61631e+07
73.3342,85.139,1.02012,0.17,0.02,2.21694,3.15147,0,0.408636,5.32224,4.35599e+06,2.70226e+06,9.65696e+06,0,0,0,2.43529e+08,50.3634,79.791,1.44194,0,0,2.43419,1.49967,0,1.90829,2.96352,9.05263e+06,3.61194e+06,2.20359e+07,0,0,0,6.61631e+07
71.9143,85.139,0.93028,0.2,0.02,2.21756,3.15189,0,0.415454,5.32224,4.35599e+06,2.70226e+06,9.65967e+06,0,0,0,2.43529e+08,49.4732,79.791,1.33368,0,0,2.43419,1.49987,0,1.88066,2.96352,9.05263e+06,3.61194e+06,2.20359e+07,0,0,0,6.61631e+07
70.3999,85.139,0.810517,0.19,0.02,2.21818,3.15231,0,0.415571,5.32224,4.35599e+06,2.70226e+06,9.66237e+06,0,0,0,2.43529e+08,48.5515,79.791,1.32379,0,0,2.43419,1.50007,0,1.88066,2.96352,9.05263e+06,3.61194e+06,2.20359e+07,0,0,0,6.61631e+07
68.7406,85.139,0.816396,0.19,0.02,2.42936,3.36329,0,0.415687,5.32224,4.35599e+06,2.70226e+06,1.05823e+07,0,0,0,2.43529e+08,47.6858,79.791,1.22904,0,0,2.56336,1.62943,0,1.88066,2.96352,9.05263e+06,3.61194e+06,2.32051e+07,0,0,0,6.61631e+07
67.1296,85.139,0.962001,0.19,0.02,2.55917,3.36373,0,0.455262,5.32224,4.35599e+06,2.70226e+06,1.11477e+07,0,0,0,2.43529e+08,46.6534,79.791,1.43882,0,0,2.43421,1.62965,0,1.98045,2.96352,9.05263e+06,3.61194e+06,2.2036e+07,0,0,0,6.61631e+07
65.3443,85.139,0.781845,0.21,0.02,2.55984,3.36418,0,0.479589,5.32224,4.35599e+06,2.70226e+06,1.11506e+07,0,0,0,2.43529e+08,46.0058,79.791,1.08432,0,0,2.43421,1.62987,0,1.88067,2.96352,9.05263e+06,3.61194e+06,2.2036e+07,0,0,0,6.61631e+07
63.7267,85.139,0.92668,0.21,0.02,2.56051,3.36463,0,0.479714,5.32224,4.35599e+06,2.70226e+06,1.11535e+07,0,0,0,2.43529e+08,45.2016,79.791,1.76785,0,0,2.43421,1.63008,0,1.88067,2.96352,9.05263e+06,3.61194e+06,2.2036e+07,0,0,0,6.61631e+07
61.9304,85.139,0.722921,0.21,0.02,2.56117,3.36508,0,0.479839,5.32224,4.35599e+06,2.70226e+06,1.11564e+07,0,0,0,2.43529e+08,44.239,79.791,1.26307,0,0,2.43421,1.6303,0,1.88067,2.96352,9.05263e+06,3.61194e+06,2.2036e+07,0,0,0,6.61631e+07
60.0955,85.139,0.694394,0.23,0.02,2.45915,3.26284,0,0.479964,5.32224,4.35599e+06,2.70226e+06,1.0712e+07,0,0,0,2.43529e+08,43.4634,79.791,1.24352,0,0,2.35576,1.55207,0,1.88067,2.96352,9.05263e+06,3.61194e+06,2.13258e+07,0,0,0,6.61631e+07
58.7739,85.139,0.967869,0.24,0.02,2.38136,3.26328,0,0.460845,5.32224,4.35599e+06,2.70226e+06,1.03732e+07,0,0,0,2.43529e+08,42.9969,79.791,1.37671,0,0,2.4342,1.55228,0,1.82006,2.96352,9.05263e+06,3.61194e+06,2.20359e+07,0,0,0,6.61631e+07
57.7193,85.139,1.34931,0.25,0.02,2.382,3.26371,0,0.446266,5.32224,4.35599e+06,2.70226e+06,1.0376e+07,0,0,0,2.43529e+08,42.6283,79.791,2.26429,0,0,2.4342,1.55248,0,1.88066,2.96352,9.05263e+06,3.61194e+06,2.20359e+07,0,0,0,6.61631e+07
56.4707,85.139,1.18183,0.26,0.02,2.38264,3.26415,0,0.446386,5.32224,4.35599e+06,2.70226e+06,1.03788e+07,0,0,0,2.43529e+08,41.9692,79.791,1.63924,0,0,2.4342,1.55269,0,1.88066,2.96352,9.05263e+06,3.61194e+06,2.20359e+07,0,0,0,6.61631e+07
55.5755,85.139,1.41227,0.3,0.02,2.29895,3.18025,0,0.446507,5.32224,4.35599e+06,2.70226e+06,1.00142e+07,0,0,0,2.43529e+08,41.3091,79.791,1.45599,0,0,2.36275,1.48145,0,1.88066,2.96352,9.05263e+06,3.61194e+06,2.13891e+07,0,0,0,6.61631e+07
55.226,85.139,2.02315,0.3,0.02,2.22813,3.18068,0,0.430823,5.32224,4.35599e+06,2.70226e+06,9.70573e+06,0,0,0,2.43529e+08,40.6004,79.791,1.35902,0,0,2.43419,1.48165,0,1.82546,2.96352,9.05263e+06,3.61194e+06,2.20358e+07,0,0,0,6.61631e+07
54.5434,85.139,1.67077,0.3,0.02,2.22876,3.1811,0,0.417552,5.32224,4.35599e+06,2.70226e+06,9.70844e+06,0,0,0,2.43529e+08,40.1711,79.791,1.38545,0,0,2.43419,1.48184,0,1.88065,2.96352,9.05263e+06,3.61194e+06,2.20358e+07,0,0,0,6.61631e+07
56.349,85.139,4.2639,0.32,0.02,2.22938,3.18153,0,0.417669,5.32224,4.35599e+06,2.70226e+06,9.71115e+06,0,0,0,2.43529e+08,40.3815,79.791,4.22023,0,0,2.43419,1.48204,0,1.88066,2.96352,9.05263e+06,3.61194e+06,2.20358e+07,0,0,0,6.61631e+07
59.5268,85.139,5.52586,0.33,0.02,1.99036,2.94231,0,0.417785,5.32224,4.35599e+06,2.70226e+06,8.67e+06,0,0,0,2.43529e+08,40.7814,79.791,3.98965,0,0,2.2853,1.33335,0,1.88065,2.96352,9.05263e+06,3.61194e+06,2.0688e+07,0,0,0,6.61631e+07
61.3186,85.139,3.95875,0.3,0.02,1.84207,2.94271,0,0.372994,5.32224,4.35599e+06,2.70226e+06,8.02403e+06,0,0,0,2.43529e+08,40.6565,79.791,2.65014,0,0,2.43417,1.33353,0,1.76563,2.96352,9.05263e+06,3.61194e+06,2.20356e+07,0,0,0,6.61631e+07
62.2231,85.139,3.11653,0.32,0.02,1.84264,2.9431,0,0.345203,5.32224,4.35599e+06,2.70226e+06,8.02651e+06,0,0,0,2.43529e+08,40.6427,79.791,3.35937,0,0,2.43417,1.33371,0,1.88064,2.96352,9.05263e+06,3.61194e+06,2.20356e+07,0,0,0,6.61631e+07
64.7364,85.139,4.8123,0.33,0.02,1.84321,2.94349,0,0.34531,5.32224,4.35599e+06,2.70226e+06,8.029e+06,0,0,0,2.43529e+08,40.7085,79.791,3.21846,0,0,2.43417,1.33389,0,1.88064,2.96352,9.05263e+06,3.61194e+06,2.20356e+07,0,0,0,6.61631e+07
65.7388,85.139,3.27031,0.32,0.02,1.84378,2.94388,0,0.345417,5.32224,4.35599e+06,2.70226e+06,8.03148e+06,0,0,0,2.43529e+08,40.8122,79.791,3.03552,0,0,2.43417,1.33406,0,1.88064,2.96352,9.05263e+06,3.61194e+06,2.20356e+07,0,0,0,6.61631e+07
65.3805,85.139,1.92366,0.31,0.02,1.93658,3.0365,0,0.345524,5.32224,4.35599e+06,2.70226e+06,8.4357e+06,0,0,0,2.43529e+08,40.3255,79.791,2.14701,0,0,2.47731,1.37738,0,1.88064,2.96352,9.05263e+06,3.61194e+06,2.24261e+07,0,0,0,6.61631e+07
65.0544,85.139,2.01167,0.32,0.02,1.98027,3.03688,0,0.362914,5.32224,4.35599e+06,2.70226e+06,8.62604e+06,0,0,0,2.43529e+08,40.0549,79.791,1.90558,0,0,2.43417,1.37755,0,1.91397,2.96352,9.05263e+06,3.61194e+06,2.20356e+07,0,0,0,6.61631e+07
65.6402,85.139,2.99854,0.34,0.02,1.98083,3.03727,0,0.371103,5.32224,4.35599e+06,2.70226e+06,8.62846e+06,0,0,0,2.43529e+08,39.5805,79.791,2.24835,0,0,2.43417,1.37773,0,1.88064,2.96352,9.05263e+06,3.61194e+06,2.20356e+07,0,0,0,6.61631e+07
65.3519,85.139,2.05566,0.36,0.02,1.98138,3.03765,0,0.371207,5.32224,4.35599e+06,2.70226e+06,8.63088e+06,0,0,0,2.43529e+08,38.9503,79.791,1.91511,0,0,2.43417,1.3779,0,1.88064,2.96352,9.05263e+06,3.61194e+06,2.20356e+07,0,0,0,6.61631e+07
64.2766,85.139,1.4545,0.37,0.02,2.27826,3.33435,0,0.371311,5.32224,4.35599e+06,2.70226e+06,9.92407e+06,0,0,0,2.43529e+08,38.3196,79.791,1.58804,0,0,2.5962,1.5401,0,1.88064,2.96352,9.05263e+06,3.61194e+06,2.35024e+07,0,0,0,6.61631e+07
63.3719,85.139,1.7663,0.38,0.02,2.44088,3.33477,0,0.426946,5.32224,4.35599e+06,2.70226e+06,1.06325e+07,0,0,0,2.43529e+08,37.5841,79.791,1.77929,0,0,2.43419,1.5403,0,2.00582,2.96352,9.05263e+06,3.61194e+06,2.20358e+07,0,0,0,6.61631e+07
62.6175,85.139,1.91836,0.38,0.02,2.4415,3.33519,0,0.457422,5.32224,4.35599e+06,2.70226e+06,1.06351e+07,0,0,0,2.43529e+08,36.8309,79.791,1.7103,0,0,2.43419,1.54049,0,1.88065,2.96352,9.05263e+06,3.61194e+06,2.20358e+07,0,0,0,6.61631e+07
62.0712,85.139,1.77533,0.41,0.02,2.05029,3.33561,0,0.457536,5.32224,4.35599e+06,3.57713e+06,8.93105e+06,0,0,0,2.43529e+08,36.9822,79.791,1.50269,0,0,2.25321,1.54068,0,1.88065,2.96352,9.05263e+06,4.78133e+06,2.03975e+07,0,0,0,6.61631e+07
63.2391,85.139,3.34533,0.5,0.02,1.67766,2.91317,0,0.384225,5.32224,4.35599e+06,3.57713e+06,7.30789e+06,0,0,0,2.43529e+08,37.59,79.791,3.22391,0,0,2.06118,1.32332,0,1.74083,2.96352,9.05263e+06,4.78133e+06,1.86591e+07,0,0,0,6.61631e+07
65.1351,85.139,3.92383,0.45,0.02,1.46062,2.91353,0,0.314394,5.32224,4.35599e+06,3.57713e+06,6.36246e+06,0,0,0,2.43529e+08,37.6789,79.791,3.20025,0,0,2.27869,1.32349,0,1.59247,2.96352,9.05263e+06,4.78133e+06,2.06282e+07,0,0,0,6.61631e+07
66.3541,85.139,3.22463,0.52,0.02,1.46111,2.9139,0,0.273721,5.32224,4.35599e+06,3.57713e+06,6.36459e+06,0,0,0,2.43529e+08,37.4785,79.791,2.20311,0,0,2.27868,1.32365,0,1.76052,2.96352,9.05263e+06,4.78133e+06,2.0628e+07,0,0,0,6.61631e+07
67.4399,85.139,3.09892,0.55,0.02,1.4616,2.91427,0,0.273813,5.32224,4.35599e+06,3.57713e+06,6.36673e+06,0,0,0,2.43529e+08,37.7073,79.791,2.26057,0,0,2.27866,1.32382,0,1.7605,2.96352,9.05263e+06,4.78133e+06,2.06278e+07,0,0,0,6.61631e+07
69.6612,85.139,4.35742,0.61,0.02,1.46209,2.91463,0,0.273904,5.32224,4.35599e+06,3.57713e+06,6.36886e+06,0,0,0,2.43529e+08,37.4713,79.791,3.22292,0,0,2.27864,1.32399,0,1.76049,2.96352,9.05263e+06,4.78133e+06,2.06277e+07,0,0,0,6.61631e+07
69.6034,85.139,2.2933,0.31,0.02,1.9115,3.02151,0,0.273996,5.32224,4.35599e+06,2.70226e+06,8.32648e+06,0,0,0,2.43529e+08,37.2321,79.791,1.7758,0,0,2.48741,1.37741,0,1.76047,2.96352,9.05263e+06,3.61194e+06,2.25177e+07,0,0,0,6.61631e+07
69.291,85.139,2.06848,0.3,0.02,1.9653,3.02189,0,0.358215,5.32224,4.35599e+06,2.70226e+06,8.56084e+06,0,0,0,2.43529e+08,36.8581,79.791,2.08299,0,0,2.43417,1.37758,0,1.92178,2.96352,9.05263e+06,3.61194e+06,2.20356e+07,0,0,0,6.61631e+07
68.9635,85.139,1.99993,0.01,0.02,1.96586,3.02227,0,0.368298,5.32224,4.35599e+06,2.70226e+06,8.56325e+06,0,0,0,2.43529e+08,36.3077,79.791,1.82501,0,0,2.43417,1.37776,0,1.88064,2.96352,9.05263e+06,3.61194e+06,2.20356e+07,0,0,0,6.61631e+07
67.4228,85.139,1.65636,0,0.02,3.02265,3.02265,0,0.368401,5.32224,4.35599e+06,2.70226e+06,1.31666e+07,0,0,0,2.43529e+08,36.6525,79.791,1.65096,0,0,1.37793,1.37793,0,1.88064,2.96352,9.05263e+06,3.61194e+06,1.24739e+07,0,0,0,6.61631e+07
66.9978,85.139,1.84439,0.32,0.02,1.9253,2.98136,0,0.566444,5.32224,4.35599e+06,2.70226e+06,8.38658e+06,0,0,0,2.43529e+08,36.274,79.791,2.03668,0,0,2.41347,1.35741,0,1.06459,2.96352,9.05263e+06,3.61194e+06,2.18483e+07,0,0,0,6.61631e+07
65.6544,85.139,1.70739,0,0.02,2.98174,2.98174,0,0.360801,5.32224,4.35599e+06,2.70226e+06,1.29884e+07,0,0,0,2.43529e+08,36.682,79.791,1.87702,0,0,1.35758,1.35758,0,1.86465,2.96352,9.05263e+06,3.61194e+06,1.22897e+07,0,0,0,6.61631e+07
64.288,85.139,1.66765,0,0.02,2.98211,2.98211,0,0.558777,5.32224,4.35599e+06,2.70226e+06,1.299e+07,0,0,0,2.43529e+08,36.8037,79.791,2.13587,0,0,1.35775,1.35775,0,1.04886,2.96352,9.05263e+06,3.61194e+06,1.22912e+07,0,0,0,6.61631e+07
62.9255,85.139,1.65495,0,0.02,2.98249,2.98249,0,0.558848,5.32224,4.35599e+06,2.70226e+06,1.29917e+07,0,0,0,2.43529e+08,37.1924,79.791,1.91635,0,0,1.35792,1.35792,0,1.049,2.96352,9.05263e+06,3.61194e+06,1.22927e+07,0,0,0,6.61631e+07
61.4097,85.139,1.55647,0,0.02,3.12436,3.12436,0,0.558918,5.32224,4.35599e+06,2.70226e+06,1.36097e+07,0,0,0,2.43529e+08,37.3707,79.791,2.03665,0,0,1.43152,1.43152,0,1.04913,2.96352,9.05263e+06,3.61194e+06,1.2959e+07,0,0,0,6.61631e+07
59.7898,85.139,1.41357,0,0.02,3.12475,3.12475,0,0.585505,5.32224,4.35599e+06,2.70226e+06,1.36114e+07,0,0,0,2.43529e+08,37.5102,79.791,1.99417,0,0,1.4317,1.4317,0,1.10599,2.96352,9.05263e+06,3.61194e+06,1.29606e+07,0,0,0,6.61631e+07
58.1506,85.139,1.36925,0,0.02,3.12514,3.12514,0,0.585578,5.32224,4.35599e+06,2.70226e+06,1.36131e+07,0,0,0,2.43529e+08,37.5527,79.791,1.80214,0,0,1.43188,1.43188,0,1.10613,2.96352,9.05263e+06,3.61194e+06,1.29622e+07,0,0,0,6.61631e+07
56.3997,85.139,1.21121,0,0.02,3.12554,3.12554,0,0.585652,5.32224,4.35599e+06,2.70226e+06,1.36148e+07,0,0,0,2.43529e+08,37.5362,79.791,1.70023,0,0,1.43206,1.43206,0,1.10627,2.96352,9.05263e+06,3.61194e+06,1.29639e+07,0,0,0,6.61631e+07
54.629,85.139,1.1439,0,0.02,3.12593,3.12593,0,0.585726,5.32224,4.35599e+06,2.70226e+06,1.36165e+07,0,0,0,2.43529e+08,37.5126,79.791,1.64675,0,0,1.43224,1.43224,0,1.10641,2.96352,9.05263e+06,3.61194e+06,1.29655e+07,0,0,0,6.61631e+07
52.8639,85.139,1.10611,0,0.02,3.09832,3.09832,0,0.585799,5.32224,4.35599e+06,2.70226e+06,1.34963e+07,0,0,0,2.43529e+08,37.4394,79.791,1.61687,0,0,1.4728,1.4728,0,1.10654,2.96352,9.05263e+06,3.61194e+06,1.33327e+07,0,0,0,6.61631e+07
51.0533,85.139,1.01096,0,0.02,3.09871,3.09871,0,0.580626,5.32224,4.35599e+06,2.70226e+06,1.3498e+07,0,0,0,2.43529e+08,37.3719,79.791,1.51534,0,0,1.47298,1.47298,0,1.13788,2.96352,9.05263e+06,3.61194e+06,1.33344e+07,0,0,0,6.61631e+07
49.1808,85.139,0.914059,0,0.02,3.0991,3.0991,0,0.580699,5.32224,4.35599e+06,2.70226e+06,1.34997e+07,0,0,0,2.43529e+08,37.2972,79.791,1.51474,0,0,1.47317,1.47317,0,1.13803,2.96352,9.05263e+06,3.61194e+06,1.3336e+07,0,0,0,6.61631e+07
47.3236,85.139,0.895365,0,0.02,3.09949,3.09949,0,0.580772,5.32224,4.35599e+06,2.70226e+06,1.35013e+07,0,0,0,2.43529e+08,37.2425,79.791,1.53773,0,0,1.47335,1.47335,0,1.13817,2.96352,9.05263e+06,3.61194e+06,1.33377e+07,0,0,0,6.61631e+07
45.6739,85.139,1.11068,0,0.02,3.17223,3.17223,0,0.580845,5.32224,4.35599e+06,2.70226e+06,1.38182e+07,0,0,0,2.43529e+08,37.1688,79.791,1.59058,0,0,1.50954,1.50954,0,1.13831,2.96352,9.05263e+06,3.61194e+06,1.36653e+07,0,0,0,6.61631e+07
44.0369,85.139,1.08825,0,0.02,3.17262,3.17262,0,0.594475,5.32224,4.35599e+06,2.70226e+06,1.38199e+07,0,0,0,2.43529e+08,37.0145,79.791,1.61585,0,0,1.50973,1.50973,0,1.16627,2.96352,9.05263e+06,3.61194e+06,1.36671e+07,0,0,0,6.61631e+07
42.2982,85.139,0.950284,0,0.02,3.17302,3.17302,0,0.59455,5.32224,4.35599e+06,2.70226e+06,1.38217e+07,0,0,0,2.43529e+08,36.8135,79.791,1.49522,0,0,1.50992,1.50992,0,1.16642,2.96352,9.05263e+06,3.61194e+06,1.36688e+07,0,0,0,6.61631e+07
40.5267,85.139,0.876159,0,0.02,3.17342,3.17342,0,0.594625,5.32224,4.35599e+06,2.70226e+06,1.38234e+07,0,0,0,2.43529e+08,36.601,79.791,1.43476,0,0,1.51011,1.51011,0,1.16657,2.96352,9.05263e+06,3.61194e+06,1.36705e+07,0,0,0,6.61631e+07
38.8256,85.139,1.03084,0,0.02,3.38579,3.38579,0,0.594699,5.32224,4.35599e+06,2.70226e+06,1.47485e+07,0,0,0,2.43529e+08,36.419,79.791,1.42283,0,0,1.64033,1.64033,0,1.16671,2.96352,9.05263e+06,3.61194e+06,1.48493e+07,0,0,0,6.61631e+07
37.4334,85.139,1.29518,0,0.02,3.38621,3.38621,0,0.634496,5.32224,4.35599e+06,2.70226e+06,1.47503e+07,0,0,0,2.43529e+08,36.1432,79.791,1.54335,0,0,1.64054,1.64054,0,1.26732,2.96352,9.05263e+06,3.61194e+06,1.48512e+07,0,0,0,6.61631e+07
35.8635,85.139,1.08895,0,0.02,3.38664,3.38664,0,0.634576,5.32224,4.35599e+06,2.70226e+06,1.47522e+07,0,0,0,2.43529e+08,36.133,79.791,1.35878,0,0,1.64075,1.64075,0,1.26748,2.96352,9.05263e+06,3.61194e+06,1.48531e+07,0,0,0,6.61631e+07
34.453,85.139,1.1881,0,0.02,3.38706,3.38706,0,0.634656,5.32224,4.35599e+06,2.70226e+06,1.4754e+07,0,0,0,2.43529e+08,36.1044,79.791,1.79269,0,0,1.64095,1.64095,0,1.26764,2.96352,9.05263e+06,3.61194e+06,1.48549e+07,0,0,0,6.61631e+07
33.0676,85.139,1.1515,0,0.02,3.38749,3.38749,0,0.634736,5.32224,4.35599e+06,2.70226e+06,1.47559e+07,0,0,0,2.43529e+08,35.972,79.791,1.68684,0,0,1.64116,1.64116,0,1.2678,2.96352,9.05263e+06,3.61194e+06,1.48568e+07,0,0,0,6.61631e+07
31.8307,85.139,1.18763,0,0.02,3.28455,3.28455,0,0.634815,5.32224,4.35599e+06,2.70226e+06,1.43074e+07,0,0,0,2.43529e+08,36.0421,79.791,1.63082,0,0,1.56239,1.56239,0,1.26796,2.96352,9.05263e+06,3.61194e+06,1.41438e+07,0,0,0,6.61631e+07
31.0146,85.139,1.57617,0,0.02,3.28496,3.28496,0,0.615524,5.32224,4.35599e+06,2.70226e+06,1.43092e+07,0,0,0,2.43529e+08,36.1779,79.791,2.22499,0,0,1.56259,1.56259,0,1.2071,2.96352,9.05263e+06,3.61194e+06,1.41455e+07,0,0,0,6.61631e+07
30.6917,85.139,2.08756,0,0.02,3.28537,3.28537,0,0.615601,5.32224,4.35599e+06,2.70226e+06,1.4311e+07,0,0,0,2.43529e+08,36.5485,79.791,3.09883,0,0,1.56278,1.56278,0,1.20726,2.96352,9.05263e+06,3.61194e+06,1.41473e+07,0,0,0,6.61631e+07
30.0299,85.139,1.75233,0,0.02,3.28578,3.28578,0,0.615679,5.32224,4.35599e+06,2.70226e+06,1.43128e+07,0,0,0,2.43529e+08,36.6404,79.791,1.95663,0,0,1.56298,1.56298,0,1.20741,2.96352,9.05263e+06,3.61194e+06,1.41491e+07,0,0,0,6.61631e+07
29.7113,85.139,2.04451,0,0.02,3.20131,3.20131,0,0.615756,5.32224,4.35599e+06,2.70226e+06,1.39449e+07,0,0,0,2.43529e+08,36.7565,79.791,2.0321,0,0,1.49125,1.49125,0,1.20756,2.96352,9.05263e+06,3.61194e+06,1.34998e+07,0,0,0,6.61631e+07
30.3526,85.139,3.03836,0,0.02,3.20171,3.20171,0,0.599925,5.32224,4.35599e+06,2.70226e+06,1.39466e+07,0,0,0,2.43529e+08,37.0974,79.791,2.88248,0,0,1.49144,1.49144,0,1.15214,2.96352,9.05263e+06,3.61194e+06,1.35015e+07,0,0,0,6.61631e+07
32.6215,85.139,4.76621,0,0.02,3.20211,3.20211,0,0.6,5.32224,4.35599e+06,2.70226e+06,1.39484e+07,0,0,0,2.43529e+08,37.7633,79.791,3.66518,0,0,1.49163,1.49163,0,1.15229,2.96352,9.05263e+06,3.61194e+06,1.35032e+07,0,0,0,6.61631e+07
37.8415,85.139,7.83417,0,0.02,3.20251,3.20251,0,0.600076,5.32224,4.35599e+06,2.70226e+06,1.39501e+07,0,0,0,2.43529e+08,38.7895,79.791,4.65166,0,0,1.49182,1.49182,0,1.15243,2.96352,9.05263e+06,3.61194e+06,1.35049e+07,0,0,0,6.61631e+07
43.1248,85.139,7.97715,0,0.02,2.9617,2.9617,0,0.600151,5.32224,4.35599e+06,2.70226e+06,1.29011e+07,0,0,0,2.43529e+08,40.137,79.791,4.7895,0,0,1.34214,1.34214,0,1.15258,2.96352,9.05263e+06,3.61194e+06,1.21499e+07,0,0,0,6.61631e+07
45.8689,85.139,5.54898,0,0.02,2.96207,2.96207,0,0.555023,5.32224,4.35599e+06,2.70226e+06,1.29028e+07,0,0,0,2.43529e+08,41.4727,79.791,4.22457,0,0,1.34231,1.34231,0,1.03694,2.96352,9.05263e+06,3.61194e+06,1.21514e+07,0,0,0,6.61631e+07
47.0753,85.139,3.97402,0,0.02,2.96244,2.96244,0,0.555092,5.32224,4.35599e+06,2.70226e+06,1.29044e+07,0,0,0,2.43529e+08,42.1723,79.791,2.60882,0,0,1.34248,1.34248,0,1.03707,2.96352,9.05263e+06,3.61194e+06,1.21529e+07,0,0,0,6.61631e+07
50.6711,85.139,6.48567,0,0.02,2.96282,2.96282,0,0.555162,5.32224,4.35599e+06,2.70226e+06,1.2906e+07,0,0,0,2.43529e+08,43.4967,79.791,4.06087,0,0,1.34264,1.34264,0,1.0372,2.96352,9.05263e+06,3.61194e+06,1.21545e+07,0,0,0,6.61631e+07
52.6712,85.139,4.99502,0,0.02,2.96319,2.96319,0,0.555232,5.32224,4.35599e+06,2.70226e+06,1.29076e+07,0,0,0,2.43529e+08,44.3539,79.791,3.22427,0,0,1.34281,1.34281,0,1.03733,2.96352,9.05263e+06,3.61194e+06,1.2156e+07,0,0,0,6.61631e+07
55.6997,85.139,6.15471,0,0.02,3.05639,3.05639,0,0.555302,5.32224,4.35599e+06,2.70226e+06,1.33136e+07,0,0,0,2.43529e+08,45.088,79.791,3.69528,0,0,1.3864,1.3864,0,1.03746,2.96352,9.05263e+06,3.61194e+06,1.25506e+07,0,0,0,6.61631e+07
57.7261,85.139,5.20377,0,0.02,3.05675,3.05675,0,0.572768,5.32224,4.35599e+06,2.70226e+06,1.33152e+07,0,0,0,2.43529e+08,46.0382,79.791,4.52002,0,0,1.38656,1.38656,0,1.07113,2.96352,9.05263e+06,3.61194e+06,1.25521e+07,0,0,0,6.61631e+07
58.7493,85.139,4.12764,0,0.02,3.05711,3.05711,0,0.572835,5.32224,4.35599e+06,2.70226e+06,1.33167e+07,0,0,0,2.43529e+08,46.8135,79.791,3.99226,0,0,1.38673,1.38673,0,1.07126,2.96352,9.05263e+06,3.61194e+06,1.25535e+07,0,0,0,6.61631e+07
59.0645,85.139,3.48619,0,0.02,3.05747,3.05747,0,0.572903,5.32224,4.35599e+06,2.70226e+06,1.33183e+07,0,0,0,2.43529e+08,47.238,79.791,2.72083,0,0,1.38689,1.38689,0,1.07139,2.96352,9.05263e+06,3.61194e+06,1.2555e+07,0,0,0,6.61631e+07
63.0188,85.139,7.66155,0,0.02,3.35609,3.35609,0,0.57297,5.32224,4.35599e+06,2.70226e+06,1.46191e+07,0,0,0,2.43529e+08,48.3906,79.791,5.66659,0,0,1.55014,1.55014,0,1.07151,2.96352,9.05263e+06,3.61194e+06,1.40329e+07,0,0,0,6.61631e+07
64.9264,85.139,5.51882,0,0.02,3.35648,3.35648,0,0.628931,5.32224,4.35599e+06,2.70226e+06,1.46208e+07,0,0,0,2.43529e+08,49.2334,79.791,5.02129,0,0,1.55032,1.55032,0,1.19764,2.96352,9.05263e+06,3.61194e+06,1.40345e+07,0,0,0,6.61631e+07
67.6488,85.139,6.35107,0,0.02,3.35688,3.35688,0,0.629005,5.32224,4.35599e+06,2.70226e+06,1.46225e+07,0,0,0,2.43529e+08,50.1811,79.791,5.52761,0,0,1.55051,1.55051,0,1.19778,2.96352,9.05263e+06,3.61194e+06,1.40362e+07,0,0,0,6.61631e+07
70.6577,85.139,6.6902,0,0.02,3.35727,3.35727,0,0.629079,5.32224,4.35599e+06,2.70226e+06,1.46242e+07,0,0,0,2.43529e+08,51.2646,79.791,5.7944,0,0,1.55069,1.55069,0,1.19792,2.96352,9.05263e+06,3.61194e+06,1.40378e+07,0,0,0,6.61631e+07
70.9375,85.139,3.56111,0,0.02,2.93206,2.93206,0,0.629153,5.32224,4.35599e+06,2.70226e+06,1.2772e+07,0,0,0,2.43529e+08,52.1392,79.791,4.49403,0,0,1.3319,1.3319,0,1.19806,2.96352,9.05263e+06,3.61194e+06,1.20572e+07,0,0,0,6.61631e+07
70.1498,85.139,2.44229,0,0.02,2.93241,2.93241,0,0.549469,5.32224,4.35599e+06,2.70226e+06,1.27735e+07,0,0,0,2.43529e+08,52.5853,79.791,3.14383,0,0,1.33206,1.33206,0,1.02903,2.96352,9.05263e+06,3.61194e+06,1.20587e+07,0,0,0,6.61631e+07
69.7432,85.139,2.84781,0,0.02,2.93275,2.93275,0,0.549533,5.32224,4.35599e+06,2.70226e+06,1.2775e+07,0,0,0,2.43529e+08,53.307,79.791,3.95337,0,0,1.33222,1.33222,0,1.02915,2.96352,9.05263e+06,3.61194e+06,1.20601e+07,0,0,0,6.61631e+07
69.4218,85.139,2.90174,0,0.02,2.9331,2.9331,0,0.549598,5.32224,4.35599e+06,2.70226e+06,1.27766e+07,0,0,0,2.43529e+08,54.0039,79.791,3.84593,0,0,1.33238,1.33238,0,1.02927,2.96352,9.05263e+06,3.61194e+06,1.20615e+07,0,0,0,6.61631e+07
71.4466,85.139,5.3494,0,0.02,2.93345,2.93345,0,0.549663,5.32224,4.35599e+06,2.70226e+06,1.27781e+07,0,0,0,2.43529e+08,55.6393,79.791,6.97025,0,0,1.33253,1.33253,0,1.02939,2.96352,9.05263e+06,3.61194e+06,1.20629e+07,0,0,0,6.61631e+07
73.4702,85.139,5.49306,0,0.02,3.04099,3.04099,0,0.549728,5.32224,4.35599e+06,2.70226e+06,1.32465e+07,0,0,0,2.43529e+08,56.8208,79.791,5.96794,0,0,1.38629,1.38629,0,1.02951,2.96352,9.05263e+06,3.61194e+06,1.25496e+07,0,0,0,6.61631e+07
75.9067,85.139,5.935,0,0.02,3.04134,3.04134,0,0.569881,5.32224,4.35599e+06,2.70226e+06,1.32481e+07,0,0,0,2.43529e+08,57.6148,79.791,5.05821,0,0,1.38645,1.38645,0,1.07105,2.96352,9.05263e+06,3.61194e+06,1.2551e+07,0,0,0,6.61631e+07
77.1829,85.139,4.69937,0,0.02,3.0417,3.0417,0,0.569948,5.32224,4.35599e+06,2.70226e+06,1.32496e+07,0,0,0,2.43529e+08,58.1952,79.791,4.31279,0,0,1.38662,1.38662,0,1.07117,2.96352,9.05263e+06,3.61194e+06,1.25525e+07,0,0,0,6.61631e+07
77.5545,85.139,3.70116,0,0.02,3.04206,3.04206,0,0.570015,5.32224,4.35599e+06,2.70226e+06,1.32512e+07,0,0,0,2.43529e+08,58.5162,79.791,3.33025,0,0,1.38678,1.38678,0,1.0713,2.96352,9.05263e+06,3.61194e+06,1.2554e+07,0,0,0,6.61631e+07
78.1827,85.139,3.88412,0,0.02,3.00049,3.00049,0,0.570082,5.32224,4.35599e+06,2.70226e+06,1.30701e+07,0,0,0,2.43529e+08,59.127,79.791,4.66537,0,0,1.36612,1.36612,0,1.07143,2.96352,9.05263e+06,3.61194e+06,1.23669e+07,0,0,0,6.61631e+07
78.0463,85.139,3.09371,0,0.02,3.00084,3.00084,0,0.562291,5.32224,4.35599e+06,2.70226e+06,1.30716e+07,0,0,0,2.43529e+08,59.5411,79.791,3.89539,0,0,1.36628,1.36628,0,1.05546,2.96352,9.05263e+06,3.61194e+06,1.23684e+07,0,0,0,6.61631e+07
77.5738,85.139,2.74733,0,0.02,3.0012,3.0012,0,0.562358,5.32224,4.35599e+06,2.70226e+06,1.30732e+07,0,0,0,2.43529e+08,59.8559,79.791,3.21566,0,0,1.36644,1.36644,0,1.05559,2.96352,9.05263e+06,3.61194e+06,1.23699e+07,0,0,0,6.61631e+07
77.5689,85.139,3.23172,0,0.02,3.00155,3.00155,0,0.562424,5.32224,4.35599e+06,2.70226e+06,1.30747e+07,0,0,0,2.43529e+08,60.2691,79.791,3.43674,0,0,1.3666,1.3666,0,1.05571,2.96352,9.05263e+06,3.61194e+06,1.23713e+07,0,0,0,6.61631e+07
76.9739,85.139,2.65972,0,0.02,3.1443,3.1443,0,0.56249,5.32224,4.35599e+06,2.70226e+06,1.36966e+07,0,0,0,2.43529e+08,60.5321,79.791,3.47764,0,0,1.44065,1.44065,0,1.05583,2.96352,9.05263e+06,3.61194e+06,1.30417e+07,0,0,0,6.61631e+07
76.2038,85.139,2.486,0,0.02,3.14467,3.14467,0,0.589243,5.32224,4.35599e+06,2.70226e+06,1.36982e+07,0,0,0,2.43529e+08,60.7267,79.791,3.14903,0,0,1.44082,1.44082,0,1.11305,2.96352,9.05263e+06,3.61194e+06,1.30432e+07,0,0,0,6.61631e+07
75.1801,85.139,2.21393,0,0.02,3.14505,3.14505,0,0.589312,5.32224,4.35599e+06,2.70226e+06,1.36998e+07,0,0,0,2.43529e+08,60.8642,79.791,2.88432,0,0,1.44099,1.44099,0,1.11318,2.96352,9.05263e+06,3.61194e+06,1.30448e+07,0,0,0,6.61631e+07
74.0945,85.139,2.08491,0,0.02,3.14542,3.14542,0,0.589382,5.32224,4.35599e+06,2.70226e+06,1.37014e+07,0,0,0,2.43529e+08,60.948,79.791,2.77256,0,0,1.44116,1.44116,0,1.11331,2.96352,9.05263e+06,3.61194e+06,1.30463e+07,0,0,0,6.61631e+07
72.9456,85.139,2.00663,0,0.02,3.14579,3.14579,0,0.589451,5.32224,4.35599e+06,2.70226e+06,1.3703e+07,0,0,0,2.43529e+08,60.8626,79.791,2.43154,0,0,1.44133,1.44133,0,1.11344,2.96352,9.05263e+06,3.61194e+06,1.30479e+07,0,0,0,6.61631e+07
71.8194,85.139,1.98445,0,0.02,3.11798,3.11798,0,0.58952,5.32224,4.35599e+06,2.70226e+06,1.35819e+07,0,0,0,2.43529e+08,60.8362,79.791,1.86415,0,0,1.48214,1.48214,0,1.11357,2.96352,9.05263e+06,3.61194e+06,1.34173e+07,0,0,0,6.61631e+07
70.5401,85.139,1.82073,0,0.02,3.11835,3.11835,0,0.584309,5.32224,4.35599e+06,2.70226e+06,1.35835e+07,0,0,0,2.43529e+08,60.6022,79.791,1.87095,0,0,1.48232,1.48232,0,1.1451,2.96352,9.05263e+06,3.61194e+06,1.34189e+07,0,0,0,6.61631e+07
69.1226,85.139,1.66638,0,0.02,3.11871,3.11871,0,0.584378,5.32224,4.35599e+06,2.70226e+06,1.35851e+07,0,0,0,2.43529e+08,60.3876,79.791,1.65439,0,0,1.48249,1.48249,0,1.14524,2.96352,9.05263e+06,3.61194e+06,1.34204e+07,0,0,0,6.61631e+07
67.6068,85.139,1.53028,0,0.02,3.11908,3.11908,0,0.584447,5.32224,4.35599e+06,2.70226e+06,1.35867e+07,0,0,0,2.43529e+08,60.0765,79.791,1.62291,0,0,1.48266,1.48266,0,1.14537,2.96352,9.05263e+06,3.61194e+06,1.3422e+07,0,0,0,6.61631e+07
66.0878,85.139,1.57165,0,0.02,3.19225,3.19225,0,0.584516,5.32224,4.35599e+06,2.70226e+06,1.39054e+07,0,0,0,2.43529e+08,59.8807,79.791,1.65589,0,0,1.51907,1.51907,0,1.14551,2.96352,9.05263e+06,3.61194e+06,1.37516e+07,0,0,0,6.61631e+07
64.4543,85.139,1.43312,0,0.02,3.19263,3.19263,0,0.598228,5.32224,4.35599e+06,2.70226e+06,1.39071e+07,0,0,0,2.43529e+08,59.5462,79.791,1.66107,0,0,1.51925,1.51925,0,1.17364,2.96352,9.05263e+06,3.61194e+06,1.37532e+07,0,0,0,6.61631e+07
62.7486,85.139,1.34089,0,0.02,3.193,3.193,0,0.598298,5.32224,4.35599e+06,2.70226e+06,1.39087e+07,0,0,0,2.43529e+08,59.2603,79.791,1.51996,0,0,1.51943,1.51943,0,1.17377,2.96352,9.05263e+06,3.61194e+06,1.37549e+07,0,0,0,6.61631e+07
61.0438,85.139,1.31881,0,0.02,3.19338,3.19338,0,0.598369,5.32224,4.35599e+06,2.70226e+06,1.39103e+07,0,0,0,2.43529e+08,58.9206,79.791,1.63473,0,0,1.51961,1.51961,0,1.17391,2.96352,9.05263e+06,3.61194e+06,1.37565e+07,0,0,0,6.61631e+07
59.2044,85.139,1.32771,0,0.02,3.40705,3.40705,0,0.598439,5.32224,4.35599e+06,2.70226e+06,1.48411e+07,0,0,0,2.43529e+08,58.4065,79.791,1.55851,0,0,1.65064,1.65064,0,1.17405,2.96352,9.05263e+06,3.61194e+06,1.49426e+07,0,0,0,6.61631e+07
57.2862,85.139,1.22762,0,0.02,3.40746,3.40746,0,0.638482,5.32224,4.35599e+06,2.70226e+06,1.48428e+07,0,0,0,2.43529e+08,57.858,79.791,1.38419,0,0,1.65083,1.65083,0,1.27528,2.96352,9.05263e+06,3.61194e+06,1.49444e+07,0,0,0,6.61631e+07
55.25,85.139,1.09914,0,0.02,3.40786,3.40786,0,0.638557,5.32224,4.35599e+06,2.70226e+06,1.48446e+07,0,0,0,2.43529e+08,57.3511,79.791,1.32689,0,0,1.65103,1.65103,0,1.27543,2.96352,9.05263e+06,3.61194e+06,1.49461e+07,0,0,0,6.61631e+07
53.2651,85.139,1.11161,0,0.02,3.40826,3.40826,0,0.638632,5.32224,4.35599e+06,2.70226e+06,1.48463e+07,0,0,0,2.43529e+08,57.1758,79.791,1.43733,0,0,1.65122,1.65122,0,1.27558,2.96352,9.05263e+06,3.61194e+06,1.49479e+07,0,0,0,6.61631e+07
51.4039,85.139,1.21809,0,0.02,3.40866,3.40866,0,0.638708,5.32224,4.35599e+06,2.70226e+06,1.48481e+07,0,0,0,2.43529e+08,57.0139,79.791,1.77,0,0,1.65142,1.65142,0,1.27573,2.96352,9.05263e+06,3.61194e+06,1.49497e+07,0,0,0,6.61631e+07
50.0617,85.139,1.71749,0,0.02,3.30505,3.30505,0,0.638783,5.32224,4.35599e+06,2.70226e+06,1.43968e+07,0,0,0,2.43529e+08,57.1876,79.791,2.74149,0,0,1.57214,1.57214,0,1.27588,2.96352,9.05263e+06,3.61194e+06,1.4232e+07,0,0,0,6.61631e+07
49.8358,85.139,2.82367,0,0.02,3.30544,3.30544,0,0.619366,5.32224,4.35599e+06,2.70226e+06,1.43985e+07,0,0,0,2.43529e+08,57.4803,79.791,2.59966,0,0,1.57233,1.57233,0,1.21464,2.96352,9.05263e+06,3.61194e+06,1.42337e+07,0,0,0,6.61631e+07
48.6369,85.139,1.86159,0,0.02,3.30583,3.30583,0,0.619439,5.32224,4.35599e+06,2.70226e+06,1.44001e+07,0,0,0,2.43529e+08,57.6505,79.791,2.52728,0,0,1.57251,1.57251,0,1.21478,2.96352,9.05263e+06,3.61194e+06,1.42354e+07,0,0,0,6.61631e+07
47.2732,85.139,1.66482,0,0.02,3.30622,3.30622,0,0.619512,5.32224,4.35599e+06,2.70226e+06,1.44018e+07,0,0,0,2.43529e+08,57.6599,79.791,2.07957,0,0,1.5727,1.5727,0,1.21492,2.96352,9.05263e+06,3.61194e+06,1.42371e+07,0,0,0,6.61631e+07
47.1397,85.139,2.94287,0,0.02,3.22119,3.22119,0,0.619585,5.32224,4.35599e+06,2.70226e+06,1.40315e+07,0,0,0,2.43529e+08,58.5292,79.791,3.9606,0,0,1.50052,1.50052,0,1.21507,2.96352,9.05263e+06,3.61194e+06,1.35836e+07,0,0,0,6.61631e+07
47.0266,85.139,3.0071,0,0.02,3.22157,3.22157,0,0.603651,5.32224,4.35599e+06,2.70226e+06,1.40331e+07,0,0,0,2.43529e+08,59.2426,79.791,4.38401,0,0,1.50069,1.50069,0,1.1593,2.96352,9.05263e+06,3.61194e+06,1.35852e+07,0,0,0,6.61631e+07
47.8494,85.139,4.03588,0,0.02,3.22195,3.22195,0,0.603722,5.32224,4.35599e+06,2.70226e+06,1.40348e+07,0,0,0,2.43529e+08,60.3427,79.791,5.54736,0,0,1.50087,1.50087,0,1.15944,2.96352,9.05263e+06,3.61194e+06,1.35868e+07,0,0,0,6.61631e+07
48.7518,85.139,4.13795,0,0.02,3.22233,3.22233,0,0.603793,5.32224,4.35599e+06,2.70226e+06,1.40364e+07,0,0,0,2.43529e+08,61.9009,79.791,6.6181,0,0,1.50105,1.50105,0,1.15957,2.96352,9.05263e+06,3.61194e+06,1.35884e+07,0,0,0,6.61631e+07
50.7142,85.139,5.1228,0,0.02,2.98,2.98,0,0.603864,5.32224,4.35599e+06,2.70226e+06,1.29808e+07,0,0,0,2.43529e+08,63.9636,79.791,7.04779,0,0,1.35043,1.35043,0,1.15971,2.96352,9.05263e+06,3.61194e+06,1.2225e+07,0,0,0,6.61631e+07
55.497,85.139,8.12466,0,0.02,2.98035,2.98035,0,0.558452,5.32224,4.35599e+06,2.70226e+06,1.29824e+07,0,0,0,2.43529e+08,67.3487,79.791,8.08985,0,0,1.35059,1.35059,0,1.04334,2.96352,9.05263e+06,3.61194e+06,1.22264e+07,0,0,0,6.61631e+07
58.8869,85.139,6.76186,0,0.02,2.9807,2.9807,0,0.558518,5.32224,4.35599e+06,2.70226e+06,1.29839e+07,0,0,0,2.43529e+08,70.3175,79.791,9.59749,0,0,1.35075,1.35075,0,1.04347,2.96352,9.05263e+06,3.61194e+06,1.22278e+07,0,0,0,6.61631e+07
61.5649,85.139,5.99038,0,0.02,2.98105,2.98105,0,0.558584,5.32224,4.35599e+06,2.70226e+06,1.29854e+07,0,0,0,2.43529e+08,73.4345,79.791,13.8071,0,0,1.35091,1.35091,0,1.04359,2.96352,9.05263e+06,3.61194e+06,1.22293e+07,0,0,0,6.61631e+07
64.2932,85.139,6.12756,0,0.02,2.9814,2.9814,0,0.558649,5.32224,4.35599e+06,2.70226e+06,1.2987e+07,0,0,0,2.43529e+08,76.6231,79.791,15.0522,0,0,1.35107,1.35107,0,1.04371,2.96352,9.05263e+06,3.61194e+06,1.22307e+07,0,0,0,6.61631e+07
70.8307,85.139,10.3323,0,0.02,3.07516,3.07516,0,0.558715,5.32224,4.35599e+06,2.70226e+06,1.33953e+07,0,0,0,2.43529e+08,78.9124,79.791,8.70677,0,0,1.39491,1.39491,0,1.04383,2.96352,9.05263e+06,3.61194e+06,1.26276e+07,0,0,0,6.61631e+07
75.8669,85.139,8.84791,0,0.02,3.07549,3.07549,0,0.576284,5.32224,4.35599e+06,2.70226e+06,1.33968e+07,0,0,0,2.43529e+08,80.8192,79.791,7.79357,0,0,1.39507,1.39507,0,1.07771,2.96352,9.05263e+06,3.61194e+06,1.2629e+07,0,0,0,6.61631e+07
80.0252,85.139,7.96821,0,0.02,3.07583,3.07583,0,0.576348,5.32224,4.35599e+06,2.70226e+06,1.33983e+07,0,0,0,2.43529e+08,80.8192,79.791,7.49214,0,0,1.39522,1.39522,0,1.07783,2.96352,9.05263e+06,3.61194e+06,1.26304e+07,0,0,0,6.61631e+07
83.4293,85.139,7.42853,0,0.02,3.07617,3.07617,0,0.576411,5.32224,4.35599e+06,2.70226e+06,1.33998e+07,0,0,0,2.43529e+08,80.8192,79.791,6.58252,0,0,1.39537,1.39537,0,1.07795,2.96352,9.05263e+06,3.61194e+06,1.26318e+07,0,0,0,6.61631e+07
85.139,85.139,6.78798,0,0.02,3.37659,3.37659,0,0.576475,5.32224,4.35599e+06,2.70226e+06,1.47084e+07,0,0,0,2.43529e+08,80.8192,79.791,5.65882,0,0,1.55961,1.55961,0,1.07807,2.96352,9.05263e+06,3.61194e+06,1.41186e+07,0,0,0,6.61631e+07
85.139,85.139,7.55204,0,0.02,3.37696,3.37696,0,0.632772,5.32224,4.35599e+06,2.70226e+06,1.471e+07,0,0,0,2.43529e+08,80.8192,79.791,7.40673,0,0,1.55978,1.55978,0,1.20496,2.96352,9.05263e+06,3.61194e+06,1.41201e+07,0,0,0,6.61631e+07
85.139,85.139,14.4882,0,0.02,3.37733,3.37733,0,0.632842,5.32224,4.35599e+06,2.70226e+06,1.47116e+07,0,0,0,2.43529e+08,80.8192,79.791,11.0812,0,0,1.55995,1.55995,0,1.20509,2.96352,9.05263e+06,3.61194e+06,1.41217e+07,0,0,0,6.61631e+07
85.139,85.139,6.801,0,0.02,3.3777,3.3777,0,0.632912,5.32224,4.35599e+06,2.70226e+06,1.47132e+07,0,0,0,2.43529e+08,80.8192,79.791,6.02856,0,0,1.56013,1.56013,0,1.20522,2.96352,9.05263e+06,3.61194e+06,1.41233e+07,0,0,0,6.61631e+07
85.139,85.139,6.00055,0,0.02,2.94988,2.94988,0,0.632981,5.32224,4.35599e+06,2.70226e+06,1.28497e+07,0,0,0,2.43529e+08,80.8192,79.791,4.62836,0,0,1.34,1.34,0,1.20535,2.96352,9.05263e+06,3.61194e+06,1.21305e+07,0,0,0,6.61631e+07
85.139,85.139,7.13785,0,0.02,2.95021,2.95021,0,0.552808,5.32224,4.35599e+06,2.70226e+06,1.28511e+07,0,0,0,2.43529e+08,80.8192,79.791,6.17459,0,0,1.34015,1.34015,0,1.03528,2.96352,9.05263e+06,3.61194e+06,1.21318e+07,0,0,0,6.61631e+07
85.139,85.139,7.31528,0,0.02,2.95053,2.95053,0,0.552869,5.32224,4.35599e+06,2.70226e+06,1.28525e+07,0,0,0,2.43529e+08,80.8192,79.791,6.43953,0,0,1.34029,1.34029,0,1.0354,2.96352,9.05263e+06,3.61194e+06,1.21332e+07,0,0,0,6.61631e+07
85.139,85.139,10.4243,0.13,0.02,1.85716,2.95086,0,0.552929,5.32224,4.35599e+06,2.70226e+06,8.08976e+06,0,0,0,2.43529e+08,80.8192,79.791,10.6226,0,0,2.43414,1.34044,0,1.03551,2.96352,9.05263e+06,3.61194e+06,2.20354e+07,0,0,0,6.61631e+07
85.139,85.139,9.3533,0.28,0.02,1.85763,2.95118,0,0.348031,5.32224,4.35599e+06,2.70226e+06,8.09181e+06,0,0,0,2.43529e+08,80.8192,79.791,8.27666,0,0,2.43414,1.34059,0,1.88062,2.96352,9.05263e+06,3.61194e+06,2.20354e+07,0,0,0,6.61631e+07
85.139,85.139,5.16983,0.3,0.02,1.96594,3.05935,0,0.34812,5.32224,4.35599e+06,2.70226e+06,8.56363e+06,0,0,0,2.43529e+08,80.8192,79.791,5.63084,0,0,2.48806,1.39466,0,1.88062,2.96352,9.05263e+06,3.61194e+06,2.25235e+07,0,0,0,6.61631e+07
85.139,85.139,4.63819,0.3,0.02,2.02035,3.05968,0,0.368418,5.32224,4.35599e+06,2.70226e+06,8.80063e+06,0,0,0,2.43529e+08,80.8192,79.791,6.26204,0,0,2.43415,1.39481,0,1.92228,2.96352,9.05263e+06,3.61194e+06,2.20354e+07,0,0,0,6.61631e+07
85.139,85.139,4.66932,0.28,0.02,2.02084,3.06002,0,0.378614,5.32224,4.35599e+06,2.70226e+06,8.80277e+06,0,0,0,2.43529e+08,80.8192,79.791,6.54893,0,0,2.43415,1.39497,0,1.88062,2.96352,9.05263e+06,3.61194e+06,2.20354e+07,0,0,0,6.61631e+07
85.139,85.139,4.15107,0.26,0.02,2.02133,3.06036,0,0.378706,5.32224,4.35599e+06,2.70226e+06,8.8049e+06,0,0,0,2.43529e+08,80.8192,79.791,4.32111,0,0,2.43415,1.39512,0,1.88062,2.96352,9.05263e+06,3.61194e+06,2.20354e+07,0,0,0,6.61631e+07
85.139,85.139,3.91316,0.24,0.02,1.97964,3.01851,0,0.378798,5.32224,4.35599e+06,2.70226e+06,8.62329e+06,0,0,0,2.43529e+08,80.8192,79.791,5.07236,0,0,2.41319,1.37432,0,1.88062,2.96352,9.05263e+06,3.61194e+06,2.18458e+07,0,0,0,6.61631e+07
85.139,85.139,3.58141,0.22,0.02,1.95917,3.01884,0,0.370984,5.32224,4.35599e+06,2.70226e+06,8.53413e+06,0,0,0,2.43529e+08,80.8192,79.791,4.0772,0,0,2.43414,1.37447,0,1.86443,2.96352,9.05263e+06,3.61194e+06,2.20354e+07,0,0,0,6.61631e+07
85.139,85.139,4.17668,0.22,0.02,1.95966,3.01918,0,0.367149,5.32224,4.35599e+06,2.70226e+06,8.53624e+06,0,0,0,2.43529e+08,80.8192,79.791,4.03823,0,0,2.43414,1.37462,0,1.88062,2.96352,9.05263e+06,3.61194e+06,2.20354e+07,0,0,0,6.61631e+07
85.139,85.139,3.33359,0.19,0.02,1.96014,3.01951,0,0.36724,5.32224,4.35599e+06,2.70226e+06,8.53835e+06,0,0,0,2.43529e+08,80.8192,79.791,3.95267,0,0,2.43414,1.37478,0,1.88062,2.96352,9.05263e+06,3.61194e+06,2.20354e+07,0,0,0,6.61631e+07
85.139,85.139,3.07288,0.16,0.02,2.10388,3.16309,0,0.36733,5.32224,4.35599e+06,2.70226e+06,9.16446e+06,0,0,0,2.43529e+08,80.8192,79.791,3.54846,0,0,2.50848,1.44926,0,1.88062,2.96352,9.05263e+06,3.61194e+06,2.27083e+07,0,0,0,6.61631e+07
85.139,85.139,3.12798,0.15,0.02,2.17871,3.16344,0,0.394266,5.32224,4.35599e+06,2.70226e+06,9.49044e+06,0,0,0,2.43529e+08,80.8192,79.791,3.3567,0,0,2.43415,1.44942,0,1.93805,2.96352,9.05263e+06,3.61194e+06,2.20355e+07,0,0,0,6.61631e+07
85.139,85.139,2.74511,0.14,0.02,2.17922,3.16379,0,0.40829,5.32224,4.35599e+06,2.70226e+06,9.49265e+06,0,0,0,2.43529e+08,80.8192,79.791,3.13398,0,0,2.43415,1.44958,0,1.88063,2.96352,9.05263e+06,3.61194e+06,2.20355e+07,0,0,0,6.61631e+07
85.139,85.139,2.59193,0.13,0.02,2.17973,3.16414,0,0.408386,5.32224,4.35599e+06,2.70226e+06,9.49487e+06,0,0,0,2.43529e+08,80.8192,79.791,2.99432,0,0,2.43415,1.44974,0,1.88063,2.96352,9.05263e+06,3.61194e+06,2.20355e+07,0,0,0,6.61631e+07
85.139,85.139,2.56519,0.13,0.02,2.18023,3.16449,0,0.408481,5.32224,4.35599e+06,2.70226e+06,9.49708e+06,0,0,0,2.43529e+08,80.8192,79.791,2.94724,0,0,2.43415,1.4499,0,1.88063,2.96352,9.05263e+06,3.61194e+06,2.20355e+07,0,0,0,6.61631e+07
85.139,85.139,2.91981,0.12,0.02,2.1524,3.13649,0,0.408576,5.32224,4.35599e+06,2.70226e+06,9.37582e+06,0,0,0,2.43529e+08,80.8192,79.791,3.35861,0,0,2.47503,1.49094,0,1.88063,2.96352,9.05263e+06,3.61194e+06,2.24055e+07,0,0,0,6.61631e+07
85.139,85.139,2.66586,0.12,0.02,2.19378,3.13683,0,0.403359,5.32224,4.35599e+06,2.70226e+06,9.55609e+06,0,0,0,2.43529e+08,80.8192,79.791,3.23533,0,0,2.43416,1.4911,0,1.91221,2.96352,9.05263e+06,3.61194e+06,2.20355e+07,0,0,0,6.61631e+07
85.139,85.139,2.52795,0.12,0.02,2.19429,3.13718,0,0.411114,5.32224,4.35599e+06,2.70226e+06,9.55831e+06,0,0,0,2.43529e+08,80.8192,79.791,2.91566,0,0,2.43416,1.49127,0,1.88063,2.96352,9.05263e+06,3.61194e+06,2.20355e+07,0,0,0,6.61631e+07
85.1251,85.139,2.43733,0.12,0.02,2.1948,3.13752,0,0.41121,5.32224,4.35599e+06,2.70226e+06,9.56052e+06,0,0,0,2.43529e+08,80.8192,79.791,2.78904,0,0,2.43416,1.49143,0,1.88063,2.96352,9.05263e+06,3.61194e+06,2.20355e+07,0,0,0,6.61631e+07
84.9678,85.139,2.36372,0.16,0.02,2.26854,3.2111,0,0.411305,5.32224,4.35599e+06,2.70226e+06,9.88174e+06,0,0,0,2.43529e+08,80.7649,79.791,2.72468,0,0,2.4706,1.52804,0,1.88063,2.96352,9.05263e+06,3.61194e+06,2.23655e+07,0,0,0,6.61631e+07
84.6139,85.139,2.17626,0.16,0.02,2.30551,3.21146,0,0.425125,5.32224,4.35599e+06,2.70226e+06,1.00428e+07,0,0,0,2.43529e+08,80.6058,79.791,2.69053,0,0,2.43416,1.52821,0,1.90879,2.96352,9.05263e+06,3.61194e+06,2.20356e+07,0,0,0,6.61631e+07
84.0876,85.139,1.99678,0.17,0.02,2.30603,3.21181,0,0.432052,5.32224,4.35599e+06,2.70226e+06,1.0045e+07,0,0,0,2.43529e+08,80.3839,79.791,2.36552,0,0,2.43416,1.52838,0,1.88063,2.96352,9.05263e+06,3.61194e+06,2.20356e+07,0,0,0,6.61631e+07
83.6798,85.139,2.10131,0.17,0.02,2.30655,3.21216,0,0.43215,5.32224,4.35599e+06,2.70226e+06,1.00473e+07,0,0,0,2.43529e+08,80.2745,79.791,2.81769,0,0,2.43416,1.52855,0,1.88063,2.96352,9.05263e+06,3.61194e+06,2.20356e+07,0,0,0,6.61631e+07
83.1212,85.139,2.13229,0.17,0.02,2.52162,3.42707,0,0.432247,5.32224,4.35599e+06,2.70226e+06,1.09842e+07,0,0,0,2.43529e+08,80.1557,79.791,2.7482,0,0,2.56578,1.66033,0,1.88063,2.96352,9.05263e+06,3.61194e+06,2.3227e+07,0,0,0,6.61631e+07
82.2762,85.139,1.95511,0.1,0.02,2.65378,3.42744,0,0.472552,5.32224,4.35599e+06,2.70226e+06,1.15599e+07,0,0,0,2.43529e+08,79.8476,79.791,2.30547,0,0,2.43417,1.66051,0,1.98232,2.96352,9.05263e+06,3.61194e+06,2.20357e+07,0,0,0,6.61631e+07
81.5559,85.139,2.10246,0.09,0.02,2.65434,3.42782,0,0.497319,5.32224,4.35599e+06,2.70226e+06,1.15623e+07,0,0,0,2.43529e+08,79.6881,79.791,2.82251,0,0,2.43417,1.6607,0,1.88064,2.96352,9.05263e+06,3.61194e+06,2.20357e+07,0,0,0,6.61631e+07
80.4889,85.139,1.74144,0.09,0.02,2.6549,3.4282,0,0.497424,5.32224,4.35599e+06,2.70226e+06,1.15647e+07,0,0,0,2.43529e+08,79.3068,79.791,1.99088,0,0,2.43417,1.66088,0,1.88064,2.96352,9.05263e+06,3.61194e+06,2.20357e+07,0,0,0,6.61631e+07
79.1784,85.139,2.13884,0,0.02,3.42858,3.42858,0,0.497529,5.32224,4.35599e+06,2.70226e+06,1.49348e+07,0,0,0,2.43529e+08,79.5751,79.791,3.72196,0,0,1.66106,1.66106,0,1.88064,2.96352,9.05263e+06,3.61194e+06,1.5037e+07,0,0,0,6.61631e+07
77.9732,85.139,1.48499,0.11,0.02,2.5514,3.32433,0,0.642515,5.32224,4.35599e+06,2.70226e+06,1.11139e+07,0,0,0,2.43529e+08,79.4442,79.791,2.75653,0,0,2.35425,1.58132,0,1.28334,2.96352,9.05263e+06,3.61194e+06,2.13121e+07,0,0,0,6.61631e+07
76.0318,85.139,1.33135,0,0.02,3.3247,3.3247,0,0.478133,5.32224,4.35599e+06,2.70226e+06,1.44823e+07,0,0,0,2.43529e+08,79.5681,79.791,2.31503,0,0,1.58149,1.58149,0,1.81889,2.96352,9.05263e+06,3.61194e+06,1.43167e+07,0,0,0,6.61631e+07
76.073,85.139,3.42748,0,0.02,3.32506,3.32506,0,0.623048,5.32224,4.35599e+06,2.70226e+06,1.44839e+07,0,0,0,2.43529e+08,80.333,79.791,5.32771,0,0,1.58166,1.58166,0,1.22186,2.96352,9.05263e+06,3.61194e+06,1.43182e+07,0,0,0,6.61631e+07
75.1981,85.139,2.60933,0,0.02,3.32543,3.32543,0,0.623117,5.32224,4.35599e+06,2.70226e+06,1.44855e+07,0,0,0,2.43529e+08,80.7377,79.791,3.23186,0,0,1.58184,1.58184,0,1.22199,2.96352,9.05263e+06,3.61194e+06,1.43198e+07,0,0,0,6.61631e+07
75.2,85.139,3.29729,0,0.02,3.23988,3.23988,0,0.623185,5.32224,4.35599e+06,2.70226e+06,1.41129e+07,0,0,0,2.43529e+08,80.743,79.791,3.10331,0,0,1.50922,1.50922,0,1.22213,2.96352,9.05263e+06,3.61194e+06,1.36625e+07,0,0,0,6.61631e+07
73.8653,85.139,2.05251,0,0.02,3.24024,3.24024,0,0.607154,5.32224,4.35599e+06,2.70226e+06,1.41144e+07,0,0,0,2.43529e+08,80.8192,79.791,2.05349,0,0,1.50939,1.50939,0,1.16603,2.96352,9.05263e+06,3.61194e+06,1.3664e+07,0,0,0,6.61631e+07
72.2508,85.139,1.74071,0,0.02,3.2406,3.2406,0,0.607221,5.32224,4.35599e+06,2.70226e+06,1.4116e+07,0,0,0,2.43529e+08,80.8192,79.791,2.42329,0,0,1.50956,1.50956,0,1.16616,2.96352,9.05263e+06,3.61194e+06,1.36655e+07,0,0,0,6.61631e+07
74.0892,85.139,5.3954,0,0.02,3.24095,3.24095,0,0.607288,5.32224,4.35599e+06,2.70226e+06,1.41176e+07,0,0,0,2.43529e+08,80.8192,79.791,7.54659,0,0,1.50972,1.50972,0,1.16628,2.96352,9.05263e+06,3.61194e+06,1.3667e+07,0,0,0,6.61631e+07
75.6253,85.139,4.86081,0,0.02,2.9972,2.9972,0,0.607354,5.32224,4.35599e+06,2.70226e+06,1.30558e+07,0,0,0,2.43529e+08,80.8192,79.791,5.06547,0,0,1.35823,1.35823,0,1.16641,2.96352,9.05263e+06,3.61194e+06,1.22955e+07,0,0,0,6.61631e+07
76.8438,85.139,4.49584,0,0.02,2.99753,2.99753,0,0.561675,5.32224,4.35599e+06,2.70226e+06,1.30572e+07,0,0,0,2.43529e+08,80.8192,79.791,5.41042,0,0,1.35838,1.35838,0,1.04937,2.96352,9.05263e+06,3.61194e+06,1.22969e+07,0,0,0,6.61631e+07
77.8043,85.139,4.29343,0,0.02,2.99786,2.99786,0,0.561737,5.32224,4.35599e+06,2.70226e+06,1.30586e+07,0,0,0,2.43529e+08,80.8192,79.791,5.42796,0,0,1.35852,1.35852,0,1.04948,2.96352,9.05263e+06,3.61194e+06,1.22982e+07,0,0,0,6.61631e+07
80.424,85.139,5.92042,0,0.02,2.99819,2.99819,0,0.561799,5.32224,4.35599e+06,2.70226e+06,1.30601e+07,0,0,0,2.43529e+08,80.8192,79.791,6.86633,0,0,1.35867,1.35867,0,1.0496,2.96352,9.05263e+06,3.61194e+06,1.22996e+07,0,0,0,6.61631e+07
82.7075,85.139,5.77886,0,0.02,2.99852,2.99852,0,0.561861,5.32224,4.35599e+06,2.70226e+06,1.30615e+07,0,0,0,2.43529e+08,80.8192,79.791,7.63329,0,0,1.35882,1.35882,0,1.04971,2.96352,9.05263e+06,3.61194e+06,1.23009e+07,0,0,0,6.61631e+07
83.3156,85.139,4.05154,0,0.02,3.09279,3.09279,0,0.561923,5.32224,4.35599e+06,2.70226e+06,1.34721e+07,0,0,0,2.43529e+08,80.8192,79.791,5.42849,0,0,1.40291,1.40291,0,1.04983,2.96352,9.05263e+06,3.61194e+06,1.27e+07,0,0,0,6.61631e+07
81.8735,85.139,1.9814,0,0.02,3.0931,3.0931,0,0.579588,5.32224,4.35599e+06,2.70226e+06,1.34735e+07,0,0,0,2.43529e+08,80.8192,79.791,4.10542,0,0,1.40305,1.40305,0,1.08389,2.96352,9.05263e+06,3.61194e+06,1.27013e+07,0,0,0,6.61631e+07
81.8846,85.139,3.59935,0,0.02,3.09342,3.09342,0,0.579648,5.32224,4.35599e+06,2.70226e+06,1.34749e+07,0,0,0,2.43529e+08,80.8192,79.791,5.93584,0,0,1.4032,1.4032,0,1.084,2.96352,9.05263e+06,3.61194e+06,1.27026e+07,0,0,0,6.61631e+07
81.9287,85.139,3.57463,0,0.02,3.09374,3.09374,0,0.579707,5.32224,4.35599e+06,2.70226e+06,1.34763e+07,0,0,0,2.43529e+08,80.8192,79.791,7.8958,0,0,1.40334,1.40334,0,1.08411,2.96352,9.05263e+06,3.61194e+06,1.27039e+07,0,0,0,6.61631e+07
81.7387,85.139,3.69016,0,0.02,3.39584,3.39584,0,0.579767,5.32224,4.35599e+06,2.70226e+06,1.47923e+07,0,0,0,2.43529e+08,80.8192,79.791,7.77708,0,0,1.56851,1.56851,0,1.08422,2.96352,9.05263e+06,3.61194e+06,1.41991e+07,0,0,0,6.61631e+07
80.6224,85.139,2.62735,0,0.02,3.39619,3.39619,0,0.636381,5.32224,4.35599e+06,2.70226e+06,1.47938e+07,0,0,0,2.43529e+08,80.8192,79.791,4.33907,0,0,1.56867,1.56867,0,1.21183,2.96352,9.05263e+06,3.61194e+06,1.42006e+07,0,0,0,6.61631e+07
79.8103,85.139,2.95288,0,0.02,3.39654,3.39654,0,0.636446,5.32224,4.35599e+06,2.70226e+06,1.47953e+07,0,0,0,2.43529e+08,80.8192,79.791,4.94575,0,0,1.56883,1.56883,0,1.21195,2.96352,9.05263e+06,3.61194e+06,1.4202e+07,0,0,0,6.61631e+07
79.988,85.139,4.03834,0,0.02,3.39689,3.39689,0,0.636511,5.32224,4.35599e+06,2.70226e+06,1.47968e+07,0,0,0,2.43529e+08,80.8192,79.791,5.31671,0,0,1.56899,1.56899,0,1.21208,2.96352,9.05263e+06,3.61194e+06,1.42035e+07,0,0,0,6.61631e+07
80.1683,85.139,3.57358,0,0.02,2.96662,2.96662,0,0.636577,5.32224,4.35599e+06,2.70226e+06,1.29225e+07,0,0,0,2.43529e+08,80.8192,79.791,5.48473,0,0,1.3476,1.3476,0,1.2122,2.96352,9.05263e+06,3.61194e+06,1.21993e+07,0,0,0,6.61631e+07
80.2378,85.139,3.43197,0,0.02,2.96692,2.96692,0,0.555944,5.32224,4.35599e+06,2.70226e+06,1.29239e+07,0,0,0,2.43529e+08,80.8192,79.791,7.45935,0,0,1.34774,1.34774,0,1.04116,2.96352,9.05263e+06,3.61194e+06,1.22006e+07,0,0,0,6.61631e+07
81.1898,85.139,4.45038,0,0.02,2.96722,2.96722,0,0.556001,5.32224,4.35599e+06,2.70226e+06,1.29252e+07,0,0,0,2.43529e+08,80.8192,79.791,8.76585,0,0,1.34788,1.34788,0,1.04126,2.96352,9.05263e+06,3.61194e+06,1.22018e+07,0,0,0,6.61631e+07
83.6976,85.139,6.06537,0,0.02,2.96753,2.96753,0,0.556058,5.32224,4.35599e+06,2.70226e+06,1.29265e+07,0,0,0,2.43529e+08,80.8192,79.791,8.66417,0,0,1.34801,1.34801,0,1.04137,2.96352,9.05263e+06,3.61194e+06,1.22031e+07,0,0,0,6.61631e+07
84.6598,85.139,4.44312,0,0.02,2.96783,2.96783,0,0.556115,5.32224,4.35599e+06,2.70226e+06,1.29278e+07,0,0,0,2.43529e+08,80.8192,79.791,8.62177,0,0,1.34815,1.34815,0,1.04148,2.96352,9.05263e+06,3.61194e+06,1.22043e+07,0,0,0,6.61631e+07
85.139,85.139,4.27296,0,0.02,3.07659,3.07659,0,0.556172,5.32224,4.35599e+06,2.70226e+06,1.34016e+07,0,0,0,2.43529e+08,80.8192,79.791,6.22156,0,0,1.40252,1.40252,0,1.04158,2.96352,9.05263e+06,3.61194e+06,1.26965e+07,0,0,0,6.61631e+07
84.6122,85.139,2.96626,0,0.02,3.0769,3.0769,0,0.576552,5.32224,4.35599e+06,2.70226e+06,1.3403e+07,0,0,0,2.43529e+08,80.8192,79.791,4.42303,0,0,1.40266,1.40266,0,1.08359,2.96352,9.05263e+06,3.61194e+06,1.26978e+07,0,0,0,6.61631e+07
83.3749,85.139,2.1662,0,0.02,3.07722,3.07722,0,0.576611,5.32224,4.35599e+06,2.70226e+06,1.34043e+07,0,0,0,2.43529e+08,80.8192,79.791,3.26978,0,0,1.40281,1.40281,0,1.0837,2.96352,9.05263e+06,3.61194e+06,1.26991e+07,0,0,0,6.61631e+07
81.9122,85.139,1.90802,0,0.02,3.07753,3.07753,0,0.576671,5.32224,4.35599e+06,2.70226e+06,1.34057e+07,0,0,0,2.43529e+08,80.8192,79.791,3.04481,0,0,1.40295,1.40295,0,1.08381,2.96352,9.05263e+06,3.61194e+06,1.27004e+07,0,0,0,6.61631e+07
80.9418,85.139,2.3461,0,0.02,3.03543,3.03543,0,0.57673,5.32224,4.35599e+06,2.70226e+06,1.32223e+07,0,0,0,2.43529e+08,80.8192,79.791,2.99161,0,0,1.38202,1.38202,0,1.08392,2.96352,9.05263e+06,3.61194e+06,1.2511e+07,0,0,0,6.61631e+07
79.6911,85.139,2.09949,0,0.02,3.03574,3.03574,0,0.568839,5.32224,4.35599e+06,2.70226e+06,1.32237e+07,0,0,0,2.43529e+08,80.7652,79.791,2.85589,0,0,1.38217,1.38217,0,1.06775,2.96352,9.05263e+06,3.61194e+06,1.25122e+07,0,0,0,6.61631e+07
78.3554,85.139,1.91186,0,0.02,3.03605,3.03605,0,0.568898,5.32224,4.35599e+06,2.70226e+06,1.3225e+07,0,0,0,2.43529e+08,80.8192,79.791,2.53518,0,0,1.38231,1.38231,0,1.06786,2.96352,9.05263e+06,3.61194e+06,1.25135e+07,0,0,0,6.61631e+07
76.9984,85.139,1.86313,0,0.02,3.03636,3.03636,0,0.568956,5.32224,4.35599e+06,2.70226e+06,1.32264e+07,0,0,0,2.43529e+08,80.8174,79.791,2.77307,0,0,1.38245,1.38245,0,1.06797,2.96352,9.05263e+06,3.61194e+06,1.25148e+07,0,0,0,6.61631e+07
75.3589,85.139,1.68726,0,0.02,3.18073,3.18073,0,0.569014,5.32224,4.35599e+06,2.70226e+06,1.38552e+07,0,0,0,2.43529e+08,80.7556,79.791,2.39714,0,0,1.45734,1.45734,0,1.06808,2.96352,9.05263e+06,3.61194e+06,1.31928e+07,0,0,0,6.61631e+07
73.6368,85.139,1.55385,0,0.02,3.18105,3.18105,0,0.596068,5.32224,4.35599e+06,2.70226e+06,1.38566e+07,0,0,0,2.43529e+08,80.7399,79.791,2.26754,0,0,1.45749,1.45749,0,1.12594,2.96352,9.05263e+06,3.61194e+06,1.31941e+07,0,0,0,6.61631e+07
71.8869,85.139,1.50651,0,0.02,3.18138,3.18138,0,0.596129,5.32224,4.35599e+06,2.70226e+06,1.3858e+07,0,0,0,2.43529e+08,80.784,79.791,2.30791,0,0,1.45764,1.45764,0,1.12606,2.96352,9.05263e+06,3.61194e+06,1.31955e+07,0,0,0,6.61631e+07
70.0806,85.139,1.42837,0,0.02,3.1817,3.1817,0,0.59619,5.32224,4.35599e+06,2.70226e+06,1.38595e+07,0,0,0,2.43529e+08,80.7116,79.791,2.21621,0,0,1.45779,1.45779,0,1.12617,2.96352,9.05263e+06,3.61194e+06,1.31968e+07,0,0,0,6.61631e+07
68.2118,85.139,1.33369,0,0.02,3.18203,3.18203,0,0.596251,5.32224,4.35599e+06,2.70226e+06,1.38609e+07,0,0,0,2.43529e+08,80.485,79.791,2.09274,0,0,1.45794,1.45794,0,1.12629,2.96352,9.05263e+06,3.61194e+06,1.31982e+07,0,0,0,6.61631e+07
65.9782,85.139,0.858963,0,0.02,3.15385,3.15385,0,0.596312,5.32224,4.35599e+06,2.70226e+06,1.37382e+07,0,0,0,2.43529e+08,80.0222,79.791,1.53943,0,0,1.49919,1.49919,0,1.1264,2.96352,9.05263e+06,3.61194e+06,1.35717e+07,0,0,0,6.61631e+07
63.693,85.139,0.783359,0,0.02,3.15418,3.15418,0,0.591032,5.32224,4.35599e+06,2.70226e+06,1.37396e+07,0,0,0,2.43529e+08,79.5611,79.791,1.4113,0,0,1.49935,1.49935,0,1.15828,2.96352,9.05263e+06,3.61194e+06,1.3573e+07,0,0,0,6.61631e+07
61.3786,85.139,0.715409,0,0.02,3.1545,3.1545,0,0.591093,5.32224,4.35599e+06,2.70226e+06,1.3741e+07,0,0,0,2.43529e+08,79.0432,79.791,1.35123,0,0,1.4995,1.4995,0,1.1584,2.96352,9.05263e+06,3.61194e+06,1.35744e+07,0,0,0,6.61631e+07
59.0724,85.139,0.672752,0,0.02,3.15482,3.15482,0,0.591154,5.32224,4.35599e+06,2.70226e+06,1.37424e+07,0,0,0,2.43529e+08,78.326,79.791,1.30507,0,0,1.49965,1.49965,0,1.15851,2.96352,9.05263e+06,3.61194e+06,1.35758e+07,0,0,0,6.61631e+07
56.6416,85.139,0.572864,0,0.02,3.22878,3.22878,0,0.591214,5.32224,4.35599e+06,2.70226e+06,1.40645e+07,0,0,0,2.43529e+08,77.4723,79.791,1.1375,0,0,1.53646,1.53646,0,1.15863,2.96352,9.05263e+06,3.61194e+06,1.3909e+07,0,0,0,6.61631e+07
54.1966,85.139,0.52045,0,0.02,3.22911,3.22911,0,0.605074,5.32224,4.35599e+06,2.70226e+06,1.4066e+07,0,0,0,2.43529e+08,76.5755,79.791,1.02503,0,0,1.53662,1.53662,0,1.18707,2.96352,9.05263e+06,3.61194e+06,1.39104e+07,0,0,0,6.61631e+07
51.7308,85.139,0.462886,0,0.02,3.22945,3.22945,0,0.605136,5.32224,4.35599e+06,2.70226e+06,1.40674e+07,0,0,0,2.43529e+08,75.6579,79.791,0.972846,0,0,1.53677,1.53677,0,1.18719,2.96352,9.05263e+06,3.61194e+06,1.39118e+07,0,0,0,6.61631e+07
49.2665,85.139,0.424097,0,0.02,3.22978,3.22978,0,0.605198,5.32224,4.35599e+06,2.70226e+06,1.40689e+07,0,0,0,2.43529e+08,74.7269,79.791,0.911908,0,0,1.53693,1.53693,0,1.18731,2.96352,9.05263e+06,3.61194e+06,1.39133e+07,0,0,0,6.61631e+07
45.8477,85.139,0.361441,0,0.02,3.44583,3.44583,0,0.60526,5.32224,4.35599e+06,2.70226e+06,1.501e+07,0,0,0,2.43529e+08,73.6409,79.791,0.892645,0,0,1.66942,1.66942,0,1.18743,2.96352,9.05263e+06,3.61194e+06,1.51127e+07,0,0,0,6.61631e+07
42.2237,85.139,0.281692,0,0.02,3.44619,3.44619,0,0.645749,5.32224,4.35599e+06,2.70226e+06,1.50116e+07,0,0,0,2.43529e+08,72.5084,79.791,0.788381,0,0,1.6696,1.6696,0,1.2898,2.96352,9.05263e+06,3.61194e+06,1.51142e+07,0,0,0,6.61631e+07
38.5728,85.139,0.252447,0,0.02,3.44654,3.44654,0,0.645815,5.32224,4.35599e+06,2.70226e+06,1.50131e+07,0,0,0,2.43529e+08,71.4315,79.791,0.732428,0,0,1.66977,1.66977,0,1.28993,2.96352,9.05263e+06,3.61194e+06,1.51158e+07,0,0,0,6.61631e+07
34.9697,85.139,0.298054,0,0.02,3.44689,3.44689,0,0.645882,5.32224,4.35599e+06,2.70226e+06,1.50146e+07,0,0,0,2.43529e+08,70.4457,79.791,0.79343,0,0,1.66994,1.66994,0,1.29006,2.96352,9.05263e+06,3.61194e+06,1.51173e+07,0,0,0,6.61631e+07
31.5643,85.139,0.508381,0,0.02,3.44725,3.44725,0,0.645948,5.32224,4.35599e+06,2.70226e+06,1.50162e+07,0,0,0,2.43529e+08,70.1662,79.791,0.949005,0,0,1.67011,1.67011,0,1.29019,2.96352,9.05263e+06,3.61194e+06,1.51189e+07,0,0,0,6.61631e+07
33.9133,85.139,0.927806,0,0.02,3.34241,3.34241,0,0.646014,5.32224,4.35599e+06,2.70226e+06,1.45595e+07,0,0,0,2.43529e+08,70.3134,79.791,2.5867,0,0,1.58992,1.58992,0,1.29033,2.96352,9.05263e+06,3.61194e+06,1.43929e+07,0,0,0,6.61631e+07
32.2367,85.139,0.926288,0,0.02,3.34275,3.34275,0,0.626368,5.32224,4.35599e+06,2.70226e+06,1.4561e+07,0,0,0,2.43529e+08,70.9924,79.791,4.44668,0,0,1.59008,1.59008,0,1.22837,2.96352,9.05263e+06,3.61194e+06,1.43944e+07,0,0,0,6.61631e+07
30.5204,85.139,0.819249,0,0.02,3.3431,3.3431,0,0.626432,5.32224,4.35599e+06,2.70226e+06,1.45625e+07,0,0,0,2.43529e+08,71.1459,79.791,3.08299,0,0,1.59024,1.59024,0,1.2285,2.96352,9.05263e+06,3.61194e+06,1.43959e+07,0,0,0,6.61631e+07
28.7389,85.139,0.672267,0,0.02,3.34344,3.34344,0,0.626496,5.32224,4.35599e+06,2.70226e+06,1.4564e+07,0,0,0,2.43529e+08,71.149,79.791,2.45724,0,0,1.59041,1.59041,0,1.22862,2.96352,9.05263e+06,3.61194e+06,1.43974e+07,0,0,0,6.61631e+07
27.644,85.139,1.29453,0,0.02,3.2574,3.2574,0,0.62656,5.32224,4.35599e+06,2.70226e+06,1.41892e+07,0,0,0,2.43529e+08,71.338,79.791,2.78444,0,0,1.51739,1.51739,0,1.22875,2.96352,9.05263e+06,3.61194e+06,1.37363e+07,0,0,0,6.61631e+07
27.3467,85.139,2.0588,0,0.02,3.25774,3.25774,0,0.610437,5.32224,4.35599e+06,2.70226e+06,1.41907e+07,0,0,0,2.43529e+08,71.7705,79.791,3.21616,0,0,1.51754,1.51754,0,1.17233,2.96352,9.05263e+06,3.61194e+06,1.37378e+07,0,0,0,6.61631e+07
27.9036,85.139,2.92274,0,0.02,3.25807,3.25807,0,0.6105,5.32224,4.35599e+06,2.70226e+06,1.41921e+07,0,0,0,2.43529e+08,72.1381,79.791,2.96133,0,0,1.5177,1.5177,0,1.17245,2.96352,9.05263e+06,3.61194e+06,1.37392e+07,0,0,0,6.61631e+07
32.9402,85.139,7.60532,0,0.02,3.25841,3.25841,0,0.610563,5.32224,4.35599e+06,2.70226e+06,1.41936e+07,0,0,0,2.43529e+08,74.4364,79.791,9.49067,0,0,1.51785,1.51785,0,1.17257,2.96352,9.05263e+06,3.61194e+06,1.37406e+07,0,0,0,6.61631e+07
35.44,85.139,5.09444,0,0.02,3.01332,3.01332,0,0.610625,5.32224,4.35599e+06,2.70226e+06,1.3126e+07,0,0,0,2.43529e+08,76.0549,79.791,6.60557,0,0,1.36553,1.36553,0,1.17269,2.96352,9.05263e+06,3.61194e+06,1.23616e+07,0,0,0,6.61631e+07
41.8784,85.139,9.29363,0,0.02,3.01363,3.01363,0,0.564696,5.32224,4.35599e+06,2.70226e+06,1.31273e+07,0,0,0,2.43529e+08,80.2069,79.791,9.874,0,0,1.36567,1.36567,0,1.05501,2.96352,9.05263e+06,3.61194e+06,1.23629e+07,0,0,0,6.61631e+07
47.3203,85.139,8.31286,0,0.02,3.01394,3.01394,0,0.564754,5.32224,4.35599e+06,2.70226e+06,1.31287e+07,0,0,0,2.43529e+08,80.8192,79.791,8.42951,0,0,1.36581,1.36581,0,1.05512,2.96352,9.05263e+06,3.61194e+06,1.23642e+07,0,0,0,6.61631e+07
50.4411,85.139,6.18197,0,0.02,3.01425,3.01425,0,0.564812,5.32224,4.35599e+06,2.70226e+06,1.313e+07,0,0,0,2.43529e+08,80.8192,79.791,4.89168,0,0,1.36595,1.36595,0,1.05523,2.96352,9.05263e+06,3.61194e+06,1.23654e+07,0,0,0,6.61631e+07
53.5568,85.139,6.3085,0,0.02,3.01456,3.01456,0,0.56487,5.32224,4.35599e+06,2.70226e+06,1.31314e+07,0,0,0,2.43529e+08,80.8192,79.791,4.79816,0,0,1.36609,1.36609,0,1.05533,2.96352,9.05263e+06,3.61194e+06,1.23667e+07,0,0,0,6.61631e+07
59.2555,85.139,9.259,0,0.02,3.1093,3.1093,0,0.564928,5.32224,4.35599e+06,2.70226e+06,1.35441e+07,0,0,0,2.43529e+08,80.8192,79.791,8.75696,0,0,1.4104,1.4104,0,1.05544,2.96352,9.05263e+06,3.61194e+06,1.27679e+07,0,0,0,6.61631e+07
63.086,85.139,7.31029,0,0.06,3.1096,3.1096,0,0.582683,6.048,4.35599e+06,2.70226e+06,1.35454e+07,0,0,0,2.43529e+08,80.8192,79.791,6.50516,0,0,1.41054,1.41054,0,1.08968,2.96352,9.05263e+06,3.61194e+06,1.27691e+07,0,0,0,6.61631e+07
68.1574,85.139,8.75821,0,0.06,3.1099,3.1099,0,0.582739,6.048,4.35599e+06,2.70226e+06,1.35467e+07,0,0,0,2.43529e+08,80.8192,79.791,7.51888,0,0,1.41067,1.41067,0,1.08978,2.96352,9.05263e+06,3.61194e+06,1.27703e+07,0,0,0,6.61631e+07
71.285,85.139,6.79877,0,0.06,3.11019,3.11019,0,0.582794,6.048,4.35599e+06,2.70226e+06,1.3548e+07,0,0,0,2.43529e+08,80.8192,79.791,7.21039,0,0,1.4108,1.4108,0,1.08988,2.96352,9.05263e+06,3.61194e+06,1.27715e+07,0,0,0,6.61631e+07
72.7039,85.139,5.25398,0,0.06,3.41388,3.41388,0,0.58285,6.048,4.35599e+06,2.70226e+06,1.48708e+07,0,0,0,2.43529e+08,80.8192,79.791,5.17351,0,0,1.57684,1.57684,0,1.08999,2.96352,9.05263e+06,3.61194e+06,1.42745e+07,0,0,0,6.61631e+07
74.7546,85.139,5.94149,0,0.06,3.4142,3.4142,0,0.639761,6.048,4.35599e+06,2.70226e+06,1.48722e+07,0,0,0,2.43529e+08,80.8192,79.791,6.09696,0,0,1.57699,1.57699,0,1.21826,2.96352,9.05263e+06,3.61194e+06,1.42759e+07,0,0,0,6.61631e+07
78.0464,85.139,7.35155,0,0.06,3.41453,3.41453,0,0.639822,6.048,4.35599e+06,2.70226e+06,1.48737e+07,0,0,0,2.43529e+08,80.8192,79.791,6.69283,0,0,1.57714,1.57714,0,1.21838,2.96352,9.05263e+06,3.61194e+06,1.42772e+07,0,0,0,6.61631e+07
80.6247,85.139,6.72931,0,0.06,3.41485,3.41485,0,0.639883,6.048,4.35599e+06,2.70226e+06,1.48751e+07,0,0,0,2.43529e+08,80.8192,79.791,8.71527,0,0,1.57729,1.57729,0,1.2185,2.96352,9.05263e+06,3.61194e+06,1.42786e+07,0,0,0,6.61631e+07
82.6736,85.139,5.76186,0,0.06,2.98228,2.98228,0,0.639944,6.048,4.35599e+06,2.70226e+06,1.29908e+07,0,0,0,2.43529e+08,80.8192,79.791,6.16297,0,0,1.35472,1.35472,0,1.21861,2.96352,9.05263e+06,3.61194e+06,1.22638e+07,0,0,0,6.61631e+07
84.4106,85.139,5.31377,0,0.06,2.98257,2.98257,0,0.55888,6.048,4.35599e+06,2.70226e+06,1.2992e+07,0,0,0,2.43529e+08,80.8192,79.791,4.75657,0,0,1.35485,1.35485,0,1.04665,2.96352,9.05263e+06,3.61194e+06,1.22649e+07,0,0,0,6.61631e+07
85.0296,85.139,4.17617,0,0.06,2.98285,2.98285,0,0.558933,6.048,4.35599e+06,2.70226e+06,1.29933e+07,0,0,0,2.43529e+08,80.8192,79.791,4.60544,0,0,1.35498,1.35498,0,1.04675,2.96352,9.05263e+06,3.61194e+06,1.22661e+07,0,0,0,6.61631e+07
85.139,85.139,4.97716,0,0.06,2.98314,2.98314,0,0.558986,6.048,4.35599e+06,2.70226e+06,1.29945e+07,0,0,0,2.43529e+08,80.8192,79.791,4.17174,0,0,1.3551,1.3551,0,1.04685,2.96352,9.05263e+06,3.61194e+06,1.22673e+07,0,0,0,6.61631e+07
85.139,85.139,4.50263,0,0.06,2.98342,2.98342,0,0.55904,6.048,4.35599e+06,2.70226e+06,1.29957e+07,0,0,0,2.43529e+08,80.8192,79.791,4.59851,0,0,1.35523,1.35523,0,1.04695,2.96352,9.05263e+06,3.61194e+06,1.22684e+07,0,0,0,6.61631e+07
85.139,85.139,5.24515,0,0.06,3.09272,3.09272,0,0.559093,6.048,4.35599e+06,2.70226e+06,1.34719e+07,0,0,0,2.43529e+08,80.8192,79.791,5.3803,0,0,1.40987,1.40987,0,1.04705,2.96352,9.05263e+06,3.61194e+06,1.27631e+07,0,0,0,6.61631e+07
85.139,85.139,4.54559,0,0.06,3.09302,3.09302,0,0.579576,6.048,4.35599e+06,2.70226e+06,1.34732e+07,0,0,0,2.43529e+08,80.8192,79.791,4.44352,0,0,1.41001,1.41001,0,1.08927,2.96352,9.05263e+06,3.61194e+06,1.27643e+07,0,0,0,6.61631e+07
85.139,85.139,5.41577,0,0.06,3.09331,3.09331,0,0.579631,6.048,4.35599e+06,2.70226e+06,1.34744e+07,0,0,0,2.43529e+08,80.8192,79.791,5.54614,0,0,1.41014,1.41014,0,1.08937,2.96352,9.05263e+06,3.61194e+06,1.27655e+07,0,0,0,6.61631e+07
85.139,85.139,5.84066,0,0.06,3.09361,3.09361,0,0.579687,6.048,4.35599e+06,2.70226e+06,1.34757e+07,0,0,0,2.43529e+08,80.8192,79.791,6.65628,0,0,1.41028,1.41028,0,1.08948,2.96352,9.05263e+06,3.61194e+06,1.27667e+07,0,0,0,6.61631e+07
85.139,85.139,4.64091,0,0.06,3.05126,3.05126,0,0.579742,6.048,4.35599e+06,2.70226e+06,1.32913e+07,0,0,0,2.43529e+08,80.8192,79.791,5.05684,0,0,1.38923,1.38923,0,1.08958,2.96352,9.05263e+06,3.61194e+06,1.25762e+07,0,0,0,6.61631e+07
85.139,85.139,3.93343,0,0.06,3.05155,3.05155,0,0.571806,6.048,4.35599e+06,2.70226e+06,1.32925e+07,0,0,0,2.43529e+08,80.8192,79.791,4.89874,0,0,1.38936,1.38936,0,1.07332,2.96352,9.05263e+06,3.61194e+06,1.25774e+07,0,0,0,6.61631e+07
85.139,85.139,3.51138,0.01,0.06,2.00721,3.05184,0,0.57186,6.048,4.35599e+06,2.70226e+06,8.7434e+06,0,0,0,2.43529e+08,80.8192,79.791,3.92311,0,0,2.43412,1.3895,0,1.07342,2.96352,9.05263e+06,3.61194e+06,2.20352e+07,0,0,0,6.61631e+07
85.0675,85.139,3.25526,0,0.06,3.05213,3.05213,0,0.376152,6.048,4.35599e+06,2.70226e+06,1.32951e+07,0,0,0,2.43529e+08,80.8192,79.791,3.82375,0,0,1.38963,1.38963,0,1.8806,2.96352,9.05263e+06,3.61194e+06,1.25798e+07,0,0,0,6.61631e+07
85.139,85.139,2.88827,0.2,0.06,2.15286,3.19722,0,0.571969,6.048,4.35599e+06,2.70226e+06,9.37782e+06,0,0,0,2.43529e+08,80.8192,79.791,4.00964,0,0,2.50926,1.4649,0,1.07363,2.96352,9.05263e+06,3.61194e+06,2.27154e+07,0,0,0,6.61631e+07
84.47,85.139,2.69509,0,0.06,3.19752,3.19752,0,0.403445,6.048,4.35599e+06,2.70226e+06,1.39284e+07,0,0,0,2.43529e+08,80.8192,79.791,3.49575,0,0,1.46504,1.46504,0,1.93866,2.96352,9.05263e+06,3.61194e+06,1.32625e+07,0,0,0,6.61631e+07
84.4987,85.139,2.5506,0.14,0.06,2.22888,3.19783,0,0.599216,6.048,4.35599e+06,2.70226e+06,9.70896e+06,0,0,0,2.43529e+08,80.8192,79.791,3.15452,0,0,2.43413,1.46518,0,1.13189,2.96352,9.05263e+06,3.61194e+06,2.20353e+07,0,0,0,6.61631e+07
84.3394,85.139,2.3082,0.09,0.06,2.22932,3.19813,0,0.417691,6.048,4.35599e+06,2.70226e+06,9.71089e+06,0,0,0,2.43529e+08,80.8192,79.791,3.03628,0,0,2.43413,1.46532,0,1.88061,2.96352,9.05263e+06,3.61194e+06,2.20353e+07,0,0,0,6.61631e+07
83.2545,85.139,2.18442,0,0.06,3.19844,3.19844,0,0.417774,6.048,4.35599e+06,2.70226e+06,1.39324e+07,0,0,0,2.43529e+08,80.8192,79.791,2.86817,0,0,1.46546,1.46546,0,1.88061,2.96352,9.05263e+06,3.61194e+06,1.32662e+07,0,0,0,6.61631e+07
82.8377,85.139,2.90846,0,0.06,3.17009,3.17009,0,0.599387,6.048,4.35599e+06,2.70226e+06,1.38089e+07,0,0,0,2.43529e+08,80.8192,79.791,2.95364,0,0,1.50691,1.50691,0,1.13221,2.96352,9.05263e+06,3.61194e+06,1.36415e+07,0,0,0,6.61631e+07
82.4608,85.139,2.88448,0,0.06,3.1704,3.1704,0,0.594076,6.048,4.35599e+06,2.70226e+06,1.38102e+07,0,0,0,2.43529e+08,80.8192,79.791,2.9933,0,0,1.50706,1.50706,0,1.16424,2.96352,9.05263e+06,3.61194e+06,1.36428e+07,0,0,0,6.61631e+07
81.8996,85.139,2.6726,0,0.06,3.1707,3.1707,0,0.594132,6.048,4.35599e+06,2.70226e+06,1.38115e+07,0,0,0,2.43529e+08,80.8192,79.791,2.89841,0,0,1.5072,1.5072,0,1.16435,2.96352,9.05263e+06,3.61194e+06,1.36441e+07,0,0,0,6.61631e+07
81.1661,85.139,2.48502,0,0.06,3.171,3.171,0,0.594189,6.048,4.35599e+06,2.70226e+06,1.38128e+07,0,0,0,2.43529e+08,80.8192,79.791,2.97735,0,0,1.50734,1.50734,0,1.16446,2.96352,9.05263e+06,3.61194e+06,1.36454e+07,0,0,0,6.61631e+07
80.3557,85.139,2.44953,0,0.06,3.24531,3.24531,0,0.594245,6.048,4.35599e+06,2.70226e+06,1.41366e+07,0,0,0,2.43529e+08,80.8192,79.791,2.86732,0,0,1.54432,1.54432,0,1.16457,2.96352,9.05263e+06,3.61194e+06,1.39802e+07,0,0,0,6.61631e+07
79.6301,85.139,2.56212,0,0.06,3.24562,3.24562,0,0.608172,6.048,4.35599e+06,2.70226e+06,1.41379e+07,0,0,0,2.43529e+08,80.8192,79.791,3.00559,0,0,1.54447,1.54447,0,1.19314,2.96352,9.05263e+06,3.61194e+06,1.39815e+07,0,0,0,6.61631e+07
78.7477,85.139,2.36645,0,0.06,3.24593,3.24593,0,0.60823,6.048,4.35599e+06,2.70226e+06,1.41392e+07,0,0,0,2.43529e+08,80.8192,79.791,2.83643,0,0,1.54462,1.54462,0,1.19326,2.96352,9.05263e+06,3.61194e+06,1.39829e+07,0,0,0,6.61631e+07
77.6688,85.139,2.1538,0,0.06,3.24624,3.24624,0,0.608288,6.048,4.35599e+06,2.70226e+06,1.41406e+07,0,0,0,2.43529e+08,80.8192,79.791,2.50221,0,0,1.54476,1.54476,0,1.19337,2.96352,9.05263e+06,3.61194e+06,1.39842e+07,0,0,0,6.61631e+07
76.6932,85.139,2.42455,0,0.06,3.46337,3.46337,0,0.608346,6.048,4.35599e+06,2.70226e+06,1.50864e+07,0,0,0,2.43529e+08,80.8192,79.791,3.26543,0,0,1.67792,1.67792,0,1.19349,2.96352,9.05263e+06,3.61194e+06,1.51896e+07,0,0,0,6.61631e+07
75.5772,85.139,2.25022,0,0.06,3.4637,3.4637,0,0.649036,6.048,4.35599e+06,2.70226e+06,1.50879e+07,0,0,0,2.43529e+08,80.8192,79.791,2.39565,0,0,1.67808,1.67808,0,1.29636,2.96352,9.05263e+06,3.61194e+06,1.51911e+07,0,0,0,6.61631e+07
74.7277,85.139,2.52855,0,0.06,3.46403,3.46403,0,0.649098,6.048,4.35599e+06,2.70226e+06,1.50893e+07,0,0,0,2.43529e+08,80.7795,79.791,2.95598,0,0,1.67824,1.67824,0,1.29649,2.96352,9.05263e+06,3.61194e+06,1.51925e+07,0,0,0,6.61631e+07
73.3784,85.139,2.02578,0,0.06,3.46436,3.46436,0,0.64916,6.048,4.35599e+06,2.70226e+06,1.50907e+07,0,0,0,2.43529e+08,80.8116,79.791,2.14453,0,0,1.6784,1.6784,0,1.29661,2.96352,9.05263e+06,3.61194e+06,1.5194e+07,0,0,0,6.61631e+07
72.4945,85.139,2.46669,0,0.06,3.46469,3.46469,0,0.649222,6.048,4.35599e+06,2.70226e+06,1.50922e+07,0,0,0,2.43529e+08,80.8192,79.791,3.69175,0,0,1.67856,1.67856,0,1.29673,2.96352,9.05263e+06,3.61194e+06,1.51954e+07,0,0,0,6.61631e+07
70.9177,85.139,1.68051,0,0.06,3.3593,3.3593,0,0.649283,6.048,4.35599e+06,2.70226e+06,1.46331e+07,0,0,0,2.43529e+08,80.7032,79.791,2.59231,0,0,1.59795,1.59795,0,1.29686,2.96352,9.05263e+06,3.61194e+06,1.44657e+07,0,0,0,6.61631e+07
68.9032,85.139,1.18274,0,0.06,3.35962,3.35962,0,0.629533,6.048,4.35599e+06,2.70226e+06,1.46345e+07,0,0,0,2.43529e+08,80.7822,79.791,1.93073,0,0,1.5981,1.5981,0,1.23458,2.96352,9.05263e+06,3.61194e+06,1.4467e+07,0,0,0,6.61631e+07
67.9124,85.139,2.25555,0,0.06,3.35994,3.35994,0,0.629593,6.048,4.35599e+06,2.70226e+06,1.46359e+07,0,0,0,2.43529e+08,80.8192,79.791,2.89291,0,0,1.59826,1.59826,0,1.23469,2.96352,9.05263e+06,3.61194e+06,1.44684e+07,0,0,0,6.61631e+07
68.2749,85.139,3.72227,0,0.06,3.36026,3.36026,0,0.629653,6.048,4.35599e+06,2.70226e+06,1.46373e+07,0,0,0,2.43529e+08,80.8192,79.791,4.72739,0,0,1.59841,1.59841,0,1.23481,2.96352,9.05263e+06,3.61194e+06,1.44698e+07,0,0,0,6.61631e+07
68.314,85.139,3.30445,0,0.06,3.27377,3.27377,0,0.629713,6.048,4.35599e+06,2.70226e+06,1.42605e+07,0,0,0,2.43529e+08,80.8192,79.791,3.05621,0,0,1.52501,1.52501,0,1.23493,2.96352,9.05263e+06,3.61194e+06,1.38054e+07,0,0,0,6.61631e+07
67.5787,85.139,2.59418,0,0.06,3.27408,3.27408,0,0.613504,6.048,4.35599e+06,2.70226e+06,1.42619e+07,0,0,0,2.43529e+08,80.8192,79.791,3.12787,0,0,1.52516,1.52516,0,1.17822,2.96352,9.05263e+06,3.61194e+06,1.38067e+07,0,0,0,6.61631e+07
67.0498,85.139,2.8705,0,0.06,3.27439,3.27439,0,0.613563,6.048,4.35599e+06,2.70226e+06,1.42632e+07,0,0,0,2.43529e+08,80.8192,79.791,3.19205,0,0,1.5253,1.5253,0,1.17833,2.96352,9.05263e+06,3.61194e+06,1.3808e+07,0,0,0,6.61631e+07
66.9128,85.139,3.31248,0,0.06,3.2747,3.2747,0,0.613621,6.048,4.35599e+06,2.70226e+06,1.42646e+07,0,0,0,2.43529e+08,80.8192,79.791,4.09713,0,0,1.52545,1.52545,0,1.17845,2.96352,9.05263e+06,3.61194e+06,1.38093e+07,0,0,0,6.61631e+07
66.751,85.139,3.14619,0,0.06,3.02837,3.02837,0,0.61368,6.048,4.35599e+06,2.70226e+06,1.31915e+07,0,0,0,2.43529e+08,80.8192,79.791,4.78991,0,0,1.37235,1.37235,0,1.17856,2.96352,9.05263e+06,3.61194e+06,1.24234e+07,0,0,0,6.61631e+07
67.2438,85.139,3.85537,0,0.06,3.02866,3.02866,0,0.567517,6.048,4.35599e+06,2.70226e+06,1.31928e+07,0,0,0,2.43529e+08,80.8192,79.791,4.29646,0,0,1.37248,1.37248,0,1.06028,2.96352,9.05263e+06,3.61194e+06,1.24246e+07,0,0,0,6.61631e+07
68.0666,85.139,4.3516,0,0.06,3.02895,3.02895,0,0.567571,6.048,4.35599e+06,2.70226e+06,1.31941e+07,0,0,0,2.43529e+08,80.8192,79.791,6.1103,0,0,1.37261,1.37261,0,1.06038,2.96352,9.05263e+06,3.61194e+06,1.24258e+07,0,0,0,6.61631e+07
69.442,85.139,4.89492,0,0.06,3.02924,3.02924,0,0.567625,6.048,4.35599e+06,2.70226e+06,1.31953e+07,0,0,0,2.43529e+08,80.8192,79.791,5.38936,0,0,1.37274,1.37274,0,1.06048,2.96352,9.05263e+06,3.61194e+06,1.24269e+07,0,0,0,6.61631e+07
70.6735,85.139,4.60363,0,0.06,3.02952,3.02952,0,0.567679,6.048,4.35599e+06,2.70226e+06,1.31966e+07,0,0,0,2.43529e+08,80.8192,79.791,4.26801,0,0,1.37287,1.37287,0,1.06058,2.96352,9.05263e+06,3.61194e+06,1.24281e+07,0,0,0,6.61631e+07
77.2175,85.139,10.0043,0,0.06,3.02952,3.02952,0,0.567733,6.048,4.35599e+06,2.70226e+06,1.31966e+07,0,0,0,2.43529e+08,80.8192,79.791,8.96505,0,0,1.37287,1.37287,0,1.06068,2.96352,9.05263e+06,3.61194e+06,1.24281e+07,0,0,0,6.61631e+07
85.139,85.139,12.9624,0,0.02,3.12472,3.12472,0,0.567733,6.048,4.35599e+06,2.70226e+06,1.36112e+07,0,0,0,2.43529e+08,80.8192,79.791,14.6895,0,0,1.41739,1.41739,0,1.06068,2.96352,9.05263e+06,3.61194e+06,1.28312e+07,0,0,0,6.61631e+07
85.139,85.139,12.608,0,0.02,3.12499,3.12499,0,0.585572,6.048,4.35599e+06,2.70226e+06,1.36124e+07,0,0,0,2.43529e+08,80.8192,79.791,13.7788,0,0,1.41752,1.41752,0,1.09508,2.96352,9.05263e+06,3.61194e+06,1.28323e+07,0,0,0,6.61631e+07
85.139,85.139,7.84744,0,0.02,3.12527,3.12527,0,0.585624,6.048,4.35599e+06,2.70226e+06,1.36136e+07,0,0,0,2.43529e+08,80.8192,79.791,8.28125,0,0,1.41764,1.41764,0,1.09518,2.96352,9.05263e+06,3.61194e+06,1.28334e+07,0,0,0,6.61631e+07
85.139,85.139,8.33492,0,0.02,3.12554,3.12554,0,0.585675,6.048,4.35599e+06,2.70226e+06,1.36148e+07,0,0,0,2.43529e+08,80.8192,79.791,8.25811,0,0,1.41777,1.41777,0,1.09527,2.96352,9.05263e+06,3.61194e+06,1.28345e+07,0,0,0,6.61631e+07
85.139,85.139,6.34729,0,0.02,3.4307,3.4307,0,0.585727,6.048,4.35599e+06,2.70226e+06,1.49441e+07,0,0,0,2.43529e+08,80.8192,79.791,6.12608,0,0,1.58461,1.58461,0,1.09537,2.96352,9.05263e+06,3.61194e+06,1.43449e+07,0,0,0,6.61631e+07
85.139,85.139,9.408,0,0.02,3.43101,3.43101,0,0.642914,6.048,4.35599e+06,2.70226e+06,1.49454e+07,0,0,0,2.43529e+08,80.8192,79.791,9.39164,0,0,1.58475,1.58475,0,1.22427,2.96352,9.05263e+06,3.61194e+06,1.43461e+07,0,0,0,6.61631e+07
85.139,85.139,9.54292,0.13,0.02,2.58206,3.43131,0,0.642971,6.048,4.35599e+06,2.70226e+06,1.12474e+07,0,0,0,2.43529e+08,80.8192,79.791,11.5437,0,0,2.43413,1.58489,0,1.22438,2.96352,9.05263e+06,3.61194e+06,2.20353e+07,0,0,0,6.61631e+07
85.139,85.139,8.23712,0.26,0.02,2.58251,3.43161,0,0.483879,6.048,4.35599e+06,2.70226e+06,1.12494e+07,0,0,0,2.43529e+08,80.8192,79.791,9.12243,0,0,2.43413,1.58503,0,1.88061,2.96352,9.05263e+06,3.61194e+06,2.20353e+07,0,0,0,6.61631e+07
85.139,85.139,7.23845,0.29,0.02,2.14793,2.9969,0,0.483962,6.048,4.35599e+06,2.70226e+06,9.35637e+06,0,0,0,2.43529e+08,80.8192,79.791,7.38744,0,0,2.21032,1.36135,0,1.88061,2.96352,9.05263e+06,3.61194e+06,2.00092e+07,0,0,0,6.61631e+07
85.139,85.139,5.9355,0.3,0.02,1.92452,2.99716,0,0.402522,6.048,4.35599e+06,2.70226e+06,8.3832e+06,0,0,0,2.43529e+08,80.8192,79.791,5.9212,0,0,2.43411,1.36147,0,1.70769,2.96352,9.05263e+06,3.61194e+06,2.20351e+07,0,0,0,6.61631e+07
85.139,85.139,7.44031,0.32,0.02,1.92491,2.99742,0,0.360656,6.048,4.35599e+06,2.70226e+06,8.38488e+06,0,0,0,2.43529e+08,80.8192,79.791,7.59428,0,0,2.43411,1.36159,0,1.88059,2.96352,9.05263e+06,3.61194e+06,2.20351e+07,0,0,0,6.61631e+07
85.139,85.139,10.0944,0.33,0.02,1.92529,2.99769,0,0.360728,6.048,4.35599e+06,2.70226e+06,8.38655e+06,0,0,0,2.43529e+08,80.8192,79.791,10.4951,0,0,2.43411,1.36171,0,1.88059,2.96352,9.05263e+06,3.61194e+06,2.20351e+07,0,0,0,6.61631e+07
85.139,85.139,8.39157,0.34,0.02,1.92568,2.99795,0,0.3608,6.048,4.35599e+06,2.70226e+06,8.38822e+06,0,0,0,2.43529e+08,80.8192,79.791,6.85796,0,0,2.43411,1.36183,0,1.88059,2.96352,9.05263e+06,3.61194e+06,2.20351e+07,0,0,0,6.61631e+07
85.139,85.139,6.48694,0.35,0.02,2.03561,3.10776,0,0.360872,6.048,4.35599e+06,2.70226e+06,8.86708e+06,0,0,0,2.43529e+08,80.8192,79.791,6.656,0,0,2.48889,1.41673,0,1.88059,2.96352,9.05263e+06,3.61194e+06,2.2531e+07,0,0,0,6.61631e+07
85.139,85.139,5.78008,0.37,0.02,2.09078,3.10804,0,0.381473,6.048,4.35599e+06,2.70226e+06,9.10741e+06,0,0,0,2.43529e+08,80.8192,79.791,5.22597,0,0,2.43412,1.41686,0,1.92292,2.96352,9.05263e+06,3.61194e+06,2.20352e+07,0,0,0,6.61631e+07
85.139,85.139,4.93496,0.36,0.02,2.09118,3.10831,0,0.391812,6.048,4.35599e+06,2.70226e+06,9.10914e+06,0,0,0,2.43529e+08,80.8192,79.791,4.38458,0,0,2.43412,1.41698,0,1.8806,2.96352,9.05263e+06,3.61194e+06,2.20352e+07,0,0,0,6.61631e+07
85.139,85.139,4.84309,0.34,0.02,2.09157,3.10859,0,0.391886,6.048,4.35599e+06,2.70226e+06,9.11088e+06,0,0,0,2.43529e+08,80.8192,79.791,4.7397,0,0,2.43412,1.41711,0,1.8806,2.96352,9.05263e+06,3.61194e+06,2.20352e+07,0,0,0,6.61631e+07
85.139,85.139,4.69762,0.3,0.02,2.04913,3.06601,0,0.391961,6.048,4.35599e+06,2.70226e+06,8.92597e+06,0,0,0,2.43529e+08,80.8192,79.791,3.73979,0,0,2.41283,1.39595,0,1.8806,2.96352,9.05263e+06,3.61194e+06,2.18425e+07,0,0,0,6.61631e+07
85.139,85.139,4.21816,0.28,0.02,2.02824,3.06628,0,0.384006,6.048,4.35599e+06,2.70226e+06,8.83498e+06,0,0,0,2.43529e+08,80.8099,79.791,3.1965,0,0,2.43411,1.39607,0,1.86416,2.96352,9.05263e+06,3.61194e+06,2.20352e+07,0,0,0,6.61631e+07
85.139,85.139,4.04764,0.26,0.02,2.02863,3.06655,0,0.380092,6.048,4.35599e+06,2.70226e+06,8.83669e+06,0,0,0,2.43529e+08,80.7234,79.791,2.95232,0,0,2.43411,1.39619,0,1.8806,2.96352,9.05263e+06,3.61194e+06,2.20352e+07,0,0,0,6.61631e+07
85.139,85.139,3.79699,0.23,0.02,2.02902,3.06682,0,0.380165,6.048,4.35599e+06,2.70226e+06,8.83841e+06,0,0,0,2.43529e+08,80.6085,79.791,2.86344,0,0,2.43412,1.39632,0,1.8806,2.96352,9.05263e+06,3.61194e+06,2.20352e+07,0,0,0,6.61631e+07
85.139,85.139,4.19211,0.2,0.02,2.17491,3.21259,0,0.380239,6.048,4.35599e+06,2.70226e+06,9.47389e+06,0,0,0,2.43529e+08,80.5045,79.791,2.90615,0,0,2.50961,1.47194,0,1.8806,2.96352,9.05263e+06,3.61194e+06,2.27186e+07,0,0,0,6.61631e+07
85.139,85.139,3.89626,0.19,0.02,2.25081,3.21287,0,0.407578,6.048,4.35599e+06,2.70226e+06,9.80453e+06,0,0,0,2.43529e+08,80.3421,79.791,2.6029,0,0,2.43412,1.47207,0,1.93893,2.96352,9.05263e+06,3.61194e+06,2.20352e+07,0,0,0,6.61631e+07
85.139,85.139,3.65988,0.18,0.02,2.25123,3.21315,0,0.421803,6.048,4.35599e+06,2.70226e+06,9.80632e+06,0,0,0,2.43529e+08,80.1834,79.791,2.75998,0,0,2.43412,1.4722,0,1.8806,2.96352,9.05263e+06,3.61194e+06,2.20352e+07,0,0,0,6.61631e+07
85.139,85.139,3.50268,0.16,0.02,2.25164,3.21343,0,0.42188,6.048,4.35599e+06,2.70226e+06,9.80812e+06,0,0,0,2.43529e+08,79.9924,79.791,2.66976,0,0,2.43412,1.47233,0,1.8806,2.96352,9.05263e+06,3.61194e+06,2.20352e+07,0,0,0,6.61631e+07
85.021,85.139,2.40263,0.15,0.02,2.25205,3.21372,0,0.421957,6.048,4.35599e+06,2.70226e+06,9.80992e+06,0,0,0,2.43529e+08,79.5779,79.791,2.16172,0,0,2.43412,1.47246,0,1.8806,2.96352,9.05263e+06,3.61194e+06,2.20352e+07,0,0,0,6.61631e+07
84.4849,85.139,1.92453,0.22,0.02,2.22368,3.18521,0,0.422035,6.048,4.35599e+06,2.70226e+06,9.68632e+06,0,0,0,2.43529e+08,79.0998,79.791,1.96136,0,0,2.47564,1.5141,0,1.8806,2.96352,9.05263e+06,3.61194e+06,2.2411e+07,0,0,0,6.61631e+07
83.8251,85.139,1.82207,0.2,0.02,2.2656,3.18549,0,0.416718,6.048,4.35599e+06,2.70226e+06,9.86894e+06,0,0,0,2.43529e+08,78.5067,79.791,1.85947,0,0,2.43413,1.51423,0,1.91268,2.96352,9.05263e+06,3.61194e+06,2.20352e+07,0,0,0,6.61631e+07
83.0424,85.139,1.69107,0.21,0.02,2.26602,3.18578,0,0.424574,6.048,4.35599e+06,2.70226e+06,9.87075e+06,0,0,0,2.43529e+08,77.7968,79.791,1.73661,0,0,2.43413,1.51437,0,1.88061,2.96352,9.05263e+06,3.61194e+06,2.20352e+07,0,0,0,6.61631e+07
82.2313,85.139,1.64582,0.2,0.02,2.26643,3.18606,0,0.424652,6.048,4.35599e+06,2.70226e+06,9.87255e+06,0,0,0,2.43529e+08,77.1249,79.791,1.6731,0,0,2.43413,1.5145,0,1.88061,2.96352,9.05263e+06,3.61194e+06,2.20352e+07,0,0,0,6.61631e+07
81.3815,85.139,1.64074,0.2,0.02,2.34121,3.2607,0,0.424729,6.048,4.35599e+06,2.70226e+06,1.01983e+07,0,0,0,2.43529e+08,76.4463,79.791,1.74275,0,0,2.47114,1.55164,0,1.88061,2.96352,9.05263e+06,3.61194e+06,2.23703e+07,0,0,0,6.61631e+07
80.3488,85.139,1.47985,0.21,0.02,2.37864,3.26099,0,0.438742,6.048,4.35599e+06,2.70226e+06,1.03613e+07,0,0,0,2.43529e+08,75.6691,79.791,1.67625,0,0,2.43413,1.55178,0,1.9092,2.96352,9.05263e+06,3.61194e+06,2.20353e+07,0,0,0,6.61631e+07
79.1959,85.139,1.34933,0.21,0.02,2.37906,3.26127,0,0.445757,6.048,4.35599e+06,2.70226e+06,1.03632e+07,0,0,0,2.43529e+08,74.8621,79.791,1.54779,0,0,2.43413,1.55192,0,1.88061,2.96352,9.05263e+06,3.61194e+06,2.20353e+07,0,0,0,6.61631e+07
77.8931,85.139,1.17498,0.24,0.02,2.37949,3.26156,0,0.445836,6.048,4.35599e+06,2.70226e+06,1.0365e+07,0,0,0,2.43529e+08,73.9869,79.791,1.53654,0,0,2.43413,1.55205,0,1.88061,2.96352,9.05263e+06,3.61194e+06,2.20353e+07,0,0,0,6.61631e+07
76.1934,85.139,0.972628,0.24,0.02,2.59775,3.47969,0,0.445916,6.048,4.35599e+06,2.70226e+06,1.13158e+07,0,0,0,2.43529e+08,73.2043,79.791,1.44682,0,0,2.56777,1.68583,0,1.88061,2.96352,9.05263e+06,3.61194e+06,2.3245e+07,0,0,0,6.61631e+07
74.4276,85.139,1.00999,0.24,0.02,2.73183,3.48,0,0.486819,6.048,4.35599e+06,2.70226e+06,1.18998e+07,0,0,0,2.43529e+08,72.4203,79.791,1.54096,0,0,2.43414,1.68598,0,1.98386,2.96352,9.05263e+06,3.61194e+06,2.20354e+07,0,0,0,6.61631e+07
72.8227,85.139,1.15601,0.24,0.02,2.73229,3.4803,0,0.511946,6.048,4.35599e+06,2.70226e+06,1.19018e+07,0,0,0,2.43529e+08,71.6215,79.791,1.55575,0,0,2.43414,1.68613,0,1.88062,2.96352,9.05263e+06,3.61194e+06,2.20354e+07,0,0,0,6.61631e+07
70.936,85.139,0.868119,0.26,0.02,2.73274,3.48061,0,0.512031,6.048,4.35599e+06,2.70226e+06,1.19038e+07,0,0,0,2.43529e+08,70.7415,79.791,1.4105,0,0,2.43414,1.68627,0,1.88062,2.96352,9.05263e+06,3.61194e+06,2.20354e+07,0,0,0,6.61631e+07
69.5062,85.139,1.36665,0.27,0.02,2.7332,3.48092,0,0.512116,6.048,4.35599e+06,2.70226e+06,1.19058e+07,0,0,0,2.43529e+08,69.8004,79.791,1.39711,0,0,2.43414,1.68642,0,1.88062,2.96352,9.05263e+06,3.61194e+06,2.20354e+07,0,0,0,6.61631e+07
68.2569,85.139,1.49436,0.27,0.02,2.62744,3.37501,0,0.512202,6.048,4.35599e+06,2.70226e+06,1.14451e+07,0,0,0,2.43529e+08,69.3639,79.791,1.27854,0,0,2.35299,1.60542,0,1.88062,2.96352,9.05263e+06,3.61194e+06,2.13008e+07,0,0,0,6.61631e+07
67.2912,85.139,1.72807,0.27,0.02,2.54674,3.37531,0,0.492382,6.048,4.35599e+06,2.70226e+06,1.10936e+07,0,0,0,2.43529e+08,69.2347,79.791,2.14523,0,0,2.43413,1.60556,0,1.81792,2.96352,9.05263e+06,3.61194e+06,2.20353e+07,0,0,0,6.61631e+07
66.2747,85.139,1.66423,0.3,0.02,2.54717,3.3756,0,0.477258,6.048,4.35599e+06,2.70226e+06,1.10955e+07,0,0,0,2.43529e+08,69.055,79.791,2.02772,0,0,2.43413,1.6057,0,1.88061,2.96352,9.05263e+06,3.61194e+06,2.20353e+07,0,0,0,6.61631e+07
65.1393,85.139,1.51731,0.3,0.02,2.54761,3.3759,0,0.47734,6.048,4.35599e+06,2.70226e+06,1.10974e+07,0,0,0,2.43529e+08,68.4894,79.791,2.16215,0,0,2.43413,1.60585,0,1.88061,2.96352,9.05263e+06,3.61194e+06,2.20353e+07,0,0,0,6.61631e+07
63.9051,85.139,1.38698,0.31,0.02,2.46084,3.28898,0,0.477423,6.048,4.35599e+06,2.70226e+06,1.07194e+07,0,0,0,2.43529e+08,67.4945,79.791,1.29965,0,0,2.36024,1.5321,0,1.88061,2.96352,9.05263e+06,3.61194e+06,2.13664e+07,0,0,0,6.61631e+07
62.4746,85.139,1.11271,0.31,0.02,2.38738,3.28927,0,0.461161,6.048,4.35599e+06,2.70226e+06,1.03994e+07,0,0,0,2.43529e+08,66.913,79.791,1.10626,0,0,2.43413,1.53223,0,1.82352,2.96352,9.05263e+06,3.61194e+06,2.20353e+07,0,0,0,6.61631e+07
61.9513,85.139,2.08944,0.31,0.02,2.3878,3.28956,0,0.447394,6.048,4.35599e+06,2.70226e+06,1.04012e+07,0,0,0,2.43529e+08,66.7951,79.791,3.22216,0,0,2.43413,1.53237,0,1.88061,2.96352,9.05263e+06,3.61194e+06,2.20353e+07,0,0,0,6.61631e+07
63.0305,85.139,3.84984,0.37,0.02,2.38822,3.28985,0,0.447474,6.048,4.35599e+06,2.70226e+06,1.04031e+07,0,0,0,2.43529e+08,67.276,79.791,3.84006,0,0,2.43413,1.5325,0,1.88061,2.96352,9.05263e+06,3.61194e+06,2.20353e+07,0,0,0,6.61631e+07
62.9704,85.139,2.37098,0.34,0.02,2.14086,3.04235,0,0.447553,6.048,4.35599e+06,2.70226e+06,9.32558e+06,0,0,0,2.43529e+08,67.0578,79.791,2.39215,0,0,2.28018,1.37869,0,1.88061,2.96352,9.05263e+06,3.61194e+06,2.06416e+07,0,0,0,6.61631e+07
63.3093,85.139,2.74739,0.36,0.02,1.98732,3.04262,0,0.401198,6.048,4.35599e+06,2.70226e+06,8.65674e+06,0,0,0,2.43529e+08,66.8887,79.791,2.6128,0,0,2.43411,1.37881,0,1.76167,2.96352,9.05263e+06,3.61194e+06,2.20351e+07,0,0,0,6.61631e+07
63.4541,85.139,2.49591,0.37,0.02,1.98771,3.04289,0,0.372423,6.048,4.35599e+06,2.70226e+06,8.65843e+06,0,0,0,2.43529e+08,66.6856,79.791,2.46488,0,0,2.43411,1.37893,0,1.8806,2.96352,9.05263e+06,3.61194e+06,2.20351e+07,0,0,0,6.61631e+07
64.2199,85.139,3.14233,0.34,0.02,1.9881,3.04316,0,0.372496,6.048,4.35599e+06,2.70226e+06,8.66013e+06,0,0,0,2.43529e+08,66.4569,79.791,2.47675,0,0,2.43411,1.37905,0,1.8806,2.96352,9.05263e+06,3.61194e+06,2.20351e+07,0,0,0,6.61631e+07
65.197,85.139,3.36493,0.22,0.02,1.98849,3.04343,0,0.372569,6.048,4.35599e+06,2.70226e+06,8.66182e+06,0,0,0,2.43529e+08,66.1608,79.791,2.67015,0,0,2.43411,1.37917,0,1.8806,2.96352,9.05263e+06,3.61194e+06,2.20351e+07,0,0,0,6.61631e+07
65.4433,85.139,2.74071,0.22,0.02,2.08422,3.13904,0,0.372642,6.048,4.35599e+06,2.70226e+06,9.07882e+06,0,0,0,2.43529e+08,65.9845,79.791,2.23961,0,0,2.47871,1.42389,0,1.8806,2.96352,9.05263e+06,3.61194e+06,2.24388e+07,0,0,0,6.61631e+07
67.5107,85.139,4.78514,0.22,0.02,2.12919,3.13929,0,0.390582,6.048,4.35599e+06,2.70226e+06,9.27471e+06,0,0,0,2.43529e+08,66.2287,79.791,2.99454,0,0,2.43411,1.424,0,1.91505,2.96352,9.05263e+06,3.61194e+06,2.20351e+07,0,0,0,6.61631e+07
68.7706,85.139,3.91571,0.23,0.02,2.12956,3.13954,0,0.399009,6.048,4.35599e+06,2.70226e+06,9.27632e+06,0,0,0,2.43529e+08,66.6621,79.791,3.72805,0,0,2.43411,1.42412,0,1.88059,2.96352,9.05263e+06,3.61194e+06,2.20351e+07,0,0,0,6.61631e+07
72.1704,85.139,7.13864,0,0.02,3.1398,3.1398,0,0.399079,6.048,4.35599e+06,2.70226e+06,1.36769e+07,0,0,0,2.43529e+08,68.4507,79.791,6.01371,0,0,1.42423,1.42423,0,1.88059,2.96352,9.05263e+06,3.61194e+06,1.28931e+07,0,0,0,6.61631e+07
73.43,85.139,4.22798,0.21,0.02,2.43657,3.44633,0,0.588398,6.048,4.35599e+06,2.70226e+06,1.06137e+07,0,0,0,2.43529e+08,69.2019,79.791,4.19594,0,0,2.60158,1.59182,0,1.10036,2.96352,9.05263e+06,3.61194e+06,2.35512e+07,0,0,0,6.61631e+07
73.7033,85.139,3.43678,0.21,0.02,2.60443,3.4466,0,0.456613,6.048,4.35599e+06,2.70226e+06,1.13449e+07,0,0,0,2.43529e+08,69.6215,79.791,3.51,0,0,2.43412,1.59195,0,2.00998,2.96352,9.05263e+06,3.61194e+06,2.20352e+07,0,0,0,6.61631e+07
74.0432,85.139,3.46718,0.22,0.02,2.60484,3.44688,0,0.488071,6.048,4.35599e+06,2.70226e+06,1.13467e+07,0,0,0,2.43529e+08,70.3552,79.791,4.23431,0,0,2.43412,1.59208,0,1.8806,2.96352,9.05263e+06,3.61194e+06,2.20352e+07,0,0,0,6.61631e+07
73.3468,85.139,3.05587,0,0.02,3.44716,3.44716,0,0.488148,6.048,4.35599e+06,2.70226e+06,1.50158e+07,0,0,0,2.43529e+08,70.8584,79.791,3.13124,0,0,1.59221,1.59221,0,1.8806,2.96352,9.05263e+06,3.61194e+06,1.44137e+07,0,0,0,6.61631e+07
75.6456,85.139,5.8371,0,0.02,3.01046,3.01046,0,0.645998,6.048,4.35599e+06,2.70226e+06,1.31135e+07,0,0,0,2.43529e+08,73.3473,79.791,6.96698,0,0,1.36751,1.36751,0,1.23014,2.96352,9.05263e+06,3.61194e+06,1.23796e+07,0,0,0,6.61631e+07
76.9571,85.139,4.82131,0,0.02,3.0107,3.0107,0,0.564159,6.048,4.35599e+06,2.70226e+06,1.31146e+07,0,0,0,2.43529e+08,75.7427,79.791,6.31815,0,0,1.36763,1.36763,0,1.05654,2.96352,9.05263e+06,3.61194e+06,1.23806e+07,0,0,0,6.61631e+07
80.6758,85.139,7.52793,0,0.02,3.01094,3.01094,0,0.564205,6.048,4.35599e+06,2.70226e+06,1.31156e+07,0,0,0,2.43529e+08,79.3393,79.791,9.59981,0,0,1.36774,1.36774,0,1.05663,2.96352,9.05263e+06,3.61194e+06,1.23816e+07,0,0,0,6.61631e+07
84.9761,85.139,8.21483,0,0.02,3.01119,3.01119,0,0.564251,6.048,4.35599e+06,2.70226e+06,1.31167e+07,0,0,0,2.43529e+08,80.8192,79.791,9.80957,0,0,1.36785,1.36785,0,1.05671,2.96352,9.05263e+06,3.61194e+06,1.23826e+07,0,0,0,6.61631e+07
85.139,85.139,6.32958,0.03,0.02,1.94529,3.01143,0,0.564296,6.048,4.35599e+06,2.70226e+06,8.47364e+06,0,0,0,2.43529e+08,80.8192,79.791,9.52049,0,0,2.4341,1.36796,0,1.0568,2.96352,9.05263e+06,3.61194e+06,2.2035e+07,0,0,0,6.61631e+07
85.139,85.139,4.77204,0,0.02,3.12171,3.12171,0,0.364547,6.048,4.35599e+06,2.70226e+06,1.35982e+07,0,0,0,2.43529e+08,80.8192,79.791,6.78125,0,0,1.42309,1.42309,0,1.88059,2.96352,9.05263e+06,3.61194e+06,1.28827e+07,0,0,0,6.61631e+07
85.139,85.139,3.70989,0,0.02,3.12197,3.12197,0,0.585009,6.048,4.35599e+06,2.70226e+06,1.35993e+07,0,0,0,2.43529e+08,80.8192,79.791,6.23648,0,0,1.42321,1.42321,0,1.09948,2.96352,9.05263e+06,3.61194e+06,1.28838e+07,0,0,0,6.61631e+07
85.139,85.139,3.78029,0,0.02,3.12222,3.12222,0,0.585057,6.048,4.35599e+06,2.70226e+06,1.36004e+07,0,0,0,2.43529e+08,80.8192,79.791,6.89614,0,0,1.42332,1.42332,0,1.09957,2.96352,9.05263e+06,3.61194e+06,1.28848e+07,0,0,0,6.61631e+07
84.7496,85.139,3.17909,0,0.02,3.12247,3.12247,0,0.585104,6.048,4.35599e+06,2.70226e+06,1.36015e+07,0,0,0,2.43529e+08,80.8192,79.791,5.4228,0,0,1.42344,1.42344,0,1.09966,2.96352,9.05263e+06,3.61194e+06,1.28858e+07,0,0,0,6.61631e+07
85.139,85.139,3.01298,0.22,0.02,2.06913,3.07969,0,0.585151,6.048,4.35599e+06,2.70226e+06,9.01311e+06,0,0,0,2.43529e+08,80.8192,79.791,5.62282,0,0,2.41273,1.40217,0,1.09975,2.96352,9.05263e+06,3.61194e+06,2.18416e+07,0,0,0,6.61631e+07
84.2905,85.139,2.67029,0,0.02,3.07994,3.07994,0,0.387755,6.048,4.35599e+06,2.70226e+06,1.34162e+07,0,0,0,2.43529e+08,80.8192,79.791,3.77409,0,0,1.40229,1.40229,0,1.86408,2.96352,9.05263e+06,3.61194e+06,1.26944e+07,0,0,0,6.61631e+07
83.0856,85.139,2.2174,0,0.02,3.08019,3.08019,0,0.57718,6.048,4.35599e+06,2.70226e+06,1.34173e+07,0,0,0,2.43529e+08,80.8192,79.791,3.70977,0,0,1.4024,1.4024,0,1.08341,2.96352,9.05263e+06,3.61194e+06,1.26954e+07,0,0,0,6.61631e+07
81.7954,85.139,2.07441,0,0.02,3.08043,3.08043,0,0.577227,6.048,4.35599e+06,2.70226e+06,1.34183e+07,0,0,0,2.43529e+08,80.8192,79.791,2.93283,0,0,1.40251,1.40251,0,1.0835,2.96352,9.05263e+06,3.61194e+06,1.26965e+07,0,0,0,6.61631e+07
80.2309,85.139,1.85134,0,0.02,3.22682,3.22682,0,0.577273,6.048,4.35599e+06,2.70226e+06,1.4056e+07,0,0,0,2.43529e+08,80.8192,79.791,3.15016,0,0,1.47846,1.47846,0,1.08358,2.96352,9.05263e+06,3.61194e+06,1.3384e+07,0,0,0,6.61631e+07
78.6503,85.139,1.80534,0,0.02,3.22708,3.22708,0,0.604706,6.048,4.35599e+06,2.70226e+06,1.40571e+07,0,0,0,2.43529e+08,80.8192,79.791,2.92579,0,0,1.47858,1.47858,0,1.14226,2.96352,9.05263e+06,3.61194e+06,1.33851e+07,0,0,0,6.61631e+07
76.9098,85.139,1.59711,0,0.02,3.22734,3.22734,0,0.604755,6.048,4.35599e+06,2.70226e+06,1.40583e+07,0,0,0,2.43529e+08,80.8192,79.791,2.76229,0,0,1.4787,1.4787,0,1.14235,2.96352,9.05263e+06,3.61194e+06,1.33861e+07,0,0,0,6.61631e+07
75.1314,85.139,1.50908,0,0.02,3.22761,3.22761,0,0.604804,6.048,4.35599e+06,2.70226e+06,1.40594e+07,0,0,0,2.43529e+08,80.8192,79.791,2.62954,0,0,1.47882,1.47882,0,1.14244,2.96352,9.05263e+06,3.61194e+06,1.33872e+07,0,0,0,6.61631e+07
74.0586,85.139,2.25307,0,0.02,3.22787,3.22787,0,0.604853,6.048,4.35599e+06,2.70226e+06,1.40606e+07,0,0,0,2.43529e+08,80.8192,79.791,3.49658,0,0,1.47894,1.47894,0,1.14254,2.96352,9.05263e+06,3.61194e+06,1.33883e+07,0,0,0,6.61631e+07
73.3017,85.139,2.55717,0,0.02,3.19922,3.19922,0,0.604902,6.048,4.35599e+06,2.70226e+06,1.39358e+07,0,0,0,2.43529e+08,80.8192,79.791,3.62555,0,0,1.52076,1.52076,0,1.14263,2.96352,9.05263e+06,3.61194e+06,1.37668e+07,0,0,0,6.61631e+07
72.3294,85.139,2.31534,0,0.02,3.19947,3.19947,0,0.599533,6.048,4.35599e+06,2.70226e+06,1.39369e+07,0,0,0,2.43529e+08,80.8192,79.791,3.48152,0,0,1.52088,1.52088,0,1.17494,2.96352,9.05263e+06,3.61194e+06,1.3768e+07,0,0,0,6.61631e+07
71.2909,85.139,2.22472,0,0.02,3.19973,3.19973,0,0.599582,6.048,4.35599e+06,2.70226e+06,1.3938e+07,0,0,0,2.43529e+08,80.8192,79.791,3.12845,0,0,1.521,1.521,0,1.17503,2.96352,9.05263e+06,3.61194e+06,1.37691e+07,0,0,0,6.61631e+07
70.1441,85.139,2.08415,0,0.02,3.19999,3.19999,0,0.59963,6.048,4.35599e+06,2.70226e+06,1.39391e+07,0,0,0,2.43529e+08,80.8192,79.791,2.91432,0,0,1.52113,1.52113,0,1.17513,2.96352,9.05263e+06,3.61194e+06,1.37702e+07,0,0,0,6.61631e+07
68.8592,85.139,1.99631,0,0.02,3.27494,3.27494,0,0.599679,6.048,4.35599e+06,2.70226e+06,1.42656e+07,0,0,0,2.43529e+08,80.8168,79.791,2.88428,0,0,1.55842,1.55842,0,1.17522,2.96352,9.05263e+06,3.61194e+06,1.41078e+07,0,0,0,6.61631e+07
67.4905,85.139,1.88141,0,0.02,3.2752,3.2752,0,0.613724,6.048,4.35599e+06,2.70226e+06,1.42668e+07,0,0,0,2.43529e+08,80.7362,79.791,3.007,0,0,1.55855,1.55855,0,1.20404,2.96352,9.05263e+06,3.61194e+06,1.4109e+07,0,0,0,6.61631e+07
66.022,85.139,1.76112,0,0.02,3.27547,3.27547,0,0.613773,6.048,4.35599e+06,2.70226e+06,1.42679e+07,0,0,0,2.43529e+08,80.6062,79.791,2.75006,0,0,1.55867,1.55867,0,1.20413,2.96352,9.05263e+06,3.61194e+06,1.41101e+07,0,0,0,6.61631e+07
64.5464,85.139,1.72932,0,0.02,3.27573,3.27573,0,0.613823,6.048,4.35599e+06,2.70226e+06,1.42691e+07,0,0,0,2.43529e+08,80.5269,79.791,2.95297,0,0,1.5588,1.5588,0,1.20423,2.96352,9.05263e+06,3.61194e+06,1.41112e+07,0,0,0,6.61631e+07
62.9771,85.139,1.77022,0,0.02,3.49479,3.49479,0,0.613873,6.048,4.35599e+06,2.70226e+06,1.52233e+07,0,0,0,2.43529e+08,80.2841,79.791,2.77557,0,0,1.69314,1.69314,0,1.20433,2.96352,9.05263e+06,3.61194e+06,1.53274e+07,0,0,0,6.61631e+07
61.5774,85.139,1.94114,0,0.02,3.49507,3.49507,0,0.654924,6.048,4.35599e+06,2.70226e+06,1.52245e+07,0,0,0,2.43529e+08,80.132,79.791,3.13227,0,0,1.69328,1.69328,0,1.30812,2.96352,9.05263e+06,3.61194e+06,1.53286e+07,0,0,0,6.61631e+07
59.8199,85.139,1.57933,0,0.02,3.49536,3.49536,0,0.654977,6.048,4.35599e+06,2.70226e+06,1.52257e+07,0,0,0,2.43529e+08,79.8016,79.791,2.35925,0,0,1.69342,1.69342,0,1.30823,2.96352,9.05263e+06,3.61194e+06,1.53299e+07,0,0,0,6.61631e+07
58.394,85.139,1.86985,0,0.02,3.49564,3.49564,0,0.65503,6.048,4.35599e+06,2.70226e+06,1.5227e+07,0,0,0,2.43529e+08,79.7996,79.791,3.86065,0,0,1.69355,1.69355,0,1.30833,2.96352,9.05263e+06,3.61194e+06,1.53311e+07,0,0,0,6.61631e+07
57.352,85.139,2.21338,0,0.02,3.49592,3.49592,0,0.655083,6.048,4.35599e+06,2.70226e+06,1.52282e+07,0,0,0,2.43529e+08,79.8744,79.791,3.99648,0,0,1.69369,1.69369,0,1.30844,2.96352,9.05263e+06,3.61194e+06,1.53324e+07,0,0,0,6.61631e+07
56.7431,85.139,2.56304,0,0.02,3.38953,3.38953,0,0.655136,6.048,4.35599e+06,2.70226e+06,1.47648e+07,0,0,0,2.43529e+08,80.2552,79.791,4.6125,0,0,1.61233,1.61233,0,1.30855,2.96352,9.05263e+06,3.61194e+06,1.45958e+07,0,0,0,6.61631e+07
56.1751,85.139,2.59337,0,0.02,3.3898,3.3898,0,0.635198,6.048,4.35599e+06,2.70226e+06,1.4766e+07,0,0,0,2.43529e+08,80.4445,79.791,4.16711,0,0,1.61246,1.61246,0,1.24569,2.96352,9.05263e+06,3.61194e+06,1.4597e+07,0,0,0,6.61631e+07
55.2424,85.139,2.29285,0,0.02,3.39008,3.39008,0,0.635249,6.048,4.35599e+06,2.70226e+06,1.47671e+07,0,0,0,2.43529e+08,80.6757,79.791,4.16197,0,0,1.61259,1.61259,0,1.24579,2.96352,9.05263e+06,3.61194e+06,1.45982e+07,0,0,0,6.61631e+07
54.6405,85.139,2.71531,0,0.02,3.39035,3.39035,0,0.635301,6.048,4.35599e+06,2.70226e+06,1.47683e+07,0,0,0,2.43529e+08,80.8192,79.791,4.40508,0,0,1.61272,1.61272,0,1.24589,2.96352,9.05263e+06,3.61194e+06,1.45994e+07,0,0,0,6.61631e+07
54.788,85.139,3.31394,0,0.02,3.30304,3.30304,0,0.635352,6.048,4.35599e+06,2.70226e+06,1.4388e+07,0,0,0,2.43529e+08,80.8192,79.791,3.24713,0,0,1.53865,1.53865,0,1.24599,2.96352,9.05263e+06,3.61194e+06,1.39288e+07,0,0,0,6.61631e+07
55.9488,85.139,4.34384,0,0.02,3.30331,3.30331,0,0.61899,6.048,4.35599e+06,2.70226e+06,1.43892e+07,0,0,0,2.43529e+08,80.8192,79.791,3.97179,0,0,1.53877,1.53877,0,1.18876,2.96352,9.05263e+06,3.61194e+06,1.39299e+07,0,0,0,6.61631e+07
56.7982,85.139,4.17697,0,0.02,3.30357,3.30357,0,0.61904,6.048,4.35599e+06,2.70226e+06,1.43903e+07,0,0,0,2.43529e+08,80.8192,79.791,4.54898,0,0,1.53889,1.53889,0,1.18885,2.96352,9.05263e+06,3.61194e+06,1.3931e+07,0,0,0,6.61631e+07
57.3774,85.139,3.92601,0,0.02,3.30384,3.30384,0,0.61909,6.048,4.35599e+06,2.70226e+06,1.43915e+07,0,0,0,2.43529e+08,80.8192,79.791,5.84841,0,0,1.53902,1.53902,0,1.18895,2.96352,9.05263e+06,3.61194e+06,1.39322e+07,0,0,0,6.61631e+07
57.2251,85.139,2.96908,0,0.02,3.05527,3.05527,0,0.61914,6.048,4.35599e+06,2.70226e+06,1.33087e+07,0,0,0,2.43529e+08,80.8192,79.791,3.69751,0,0,1.38454,1.38454,0,1.18905,2.96352,9.05263e+06,3.61194e+06,1.25337e+07,0,0,0,6.61631e+07
57.3191,85.139,3.26647,0,0.02,3.05552,3.05552,0,0.572558,6.048,4.35599e+06,2.70226e+06,1.33098e+07,0,0,0,2.43529e+08,80.8192,79.791,4.00728,0,0,1.38465,1.38465,0,1.0697,2.96352,9.05263e+06,3.61194e+06,1.25348e+07,0,0,0,6.61631e+07
57.6465,85.139,3.53863,0,0.02,3.05577,3.05577,0,0.572604,6.048,4.35599e+06,2.70226e+06,1.33109e+07,0,0,0,2.43529e+08,80.8192,79.791,4.10043,0,0,1.38477,1.38477,0,1.06978,2.96352,9.05263e+06,3.61194e+06,1.25358e+07,0,0,0,6.61631e+07
59.2966,85.139,4.84622,0,0.02,3.05601,3.05601,0,0.572651,6.048,4.35599e+06,2.70226e+06,1.3312e+07,0,0,0,2.43529e+08,80.8192,79.791,3.85942,0,0,1.38488,1.38488,0,1.06987,2.96352,9.05263e+06,3.61194e+06,1.25368e+07,0,0,0,6.61631e+07
63.2807,85.139,7.52266,0,0.02,3.05626,3.05626,0,0.572697,6.048,4.35599e+06,2.70226e+06,1.3313e+07,0,0,0,2.43529e+08,80.8192,79.791,7.63051,0,0,1.38499,1.38499,0,1.06996,2.96352,9.05263e+06,3.61194e+06,1.25378e+07,0,0,0,6.61631e+07
70.712,85.139,11.3636,0,0.02,3.15225,3.15225,0,0.572743,6.048,4.35599e+06,2.70226e+06,1.37312e+07,0,0,0,2.43529e+08,80.8192,79.791,11.058,0,0,1.42988,1.42988,0,1.07004,2.96352,9.05263e+06,3.61194e+06,1.29442e+07,0,0,0,6.61631e+07
77.5977,85.139,10.9309,0,0.02,3.15248,3.15248,0,0.590732,6.048,4.35599e+06,2.70226e+06,1.37322e+07,0,0,0,2.43529e+08,80.8192,79.791,13.5564,0,0,1.42999,1.42999,0,1.10473,2.96352,9.05263e+06,3.61194e+06,1.29452e+07,0,0,0,6.61631e+07
80.6667,85.139,6.96696,0,0.02,3.15272,3.15272,0,0.590776,6.048,4.35599e+06,2.70226e+06,1.37332e+07,0,0,0,2.43529e+08,80.8192,79.791,7.91913,0,0,1.43009,1.43009,0,1.10481,2.96352,9.05263e+06,3.61194e+06,1.29461e+07,0,0,0,6.61631e+07
82.4924,85.139,5.57036,0,0.02,3.15295,3.15295,0,0.590819,6.048,4.35599e+06,2.70226e+06,1.37342e+07,0,0,0,2.43529e+08,80.8192,79.791,5.03551,0,0,1.4302,1.4302,0,1.10489,2.96352,9.05263e+06,3.61194e+06,1.29471e+07,0,0,0,6.61631e+07
85.139,85.139,7.48939,0,0.02,3.46074,3.46074,0,0.590863,6.048,4.35599e+06,2.70226e+06,1.50749e+07,0,0,0,2.43529e+08,80.8192,79.791,8.61086,0,0,1.59848,1.59848,0,1.10497,2.96352,9.05263e+06,3.61194e+06,1.44705e+07,0,0,0,6.61631e+07
85.139,85.139,6.62738,0,0.02,3.46099,3.46099,0,0.648542,6.048,4.35599e+06,2.70226e+06,1.50761e+07,0,0,0,2.43529e+08,80.8192,79.791,7.40561,0,0,1.5986,1.5986,0,1.23499,2.96352,9.05263e+06,3.61194e+06,1.44715e+07,0,0,0,6.61631e+07
85.139,85.139,7.06876,0,0.02,3.46125,3.46125,0,0.64859,6.048,4.35599e+06,2.70226e+06,1.50772e+07,0,0,0,2.43529e+08,80.8192,79.791,9.03046,0,0,1.59872,1.59872,0,1.23508,2.96352,9.05263e+06,3.61194e+06,1.44726e+07,0,0,0,6.61631e+07
85.139,85.139,10.819,0,0.02,3.46151,3.46151,0,0.648638,6.048,4.35599e+06,2.70226e+06,1.50783e+07,0,0,0,2.43529e+08,80.8192,79.791,14.098,0,0,1.59883,1.59883,0,1.23517,2.96352,9.05263e+06,3.61194e+06,1.44737e+07,0,0,0,6.61631e+07
85.139,85.139,6.84095,0,0.02,3.02296,3.02296,0,0.648686,6.048,4.35599e+06,2.70226e+06,1.3168e+07,0,0,0,2.43529e+08,80.8192,79.791,7.23345,0,0,1.3732,1.3732,0,1.23526,2.96352,9.05263e+06,3.61194e+06,1.2431e+07,0,0,0,6.61631e+07
85.139,85.139,4.664,0,0.02,3.02319,3.02319,0,0.566503,6.048,4.35599e+06,2.70226e+06,1.3169e+07,0,0,0,2.43529e+08,80.8192,79.791,5.47421,0,0,1.3733,1.3733,0,1.06093,2.96352,9.05263e+06,3.61194e+06,1.2432e+07,0,0,0,6.61631e+07
85.139,85.139,8.7724,0,0.02,3.02341,3.02341,0,0.566545,6.048,4.35599e+06,2.70226e+06,1.31699e+07,0,0,0,2.43529e+08,80.8192,79.791,8.55845,0,0,1.3734,1.3734,0,1.06101,2.96352,9.05263e+06,3.61194e+06,1.24329e+07,0,0,0,6.61631e+07
85.139,85.139,6.60559,0,0.02,3.02363,3.02363,0,0.566587,6.048,4.35599e+06,2.70226e+06,1.31709e+07,0,0,0,2.43529e+08,80.8192,79.791,8.58262,0,0,1.3735,1.3735,0,1.06109,2.96352,9.05263e+06,3.61194e+06,1.24338e+07,0,0,0,6.61631e+07
85.139,85.139,7.75395,0,0.02,3.02386,3.02386,0,0.566629,6.048,4.35599e+06,2.70226e+06,1.31719e+07,0,0,0,2.43529e+08,80.8192,79.791,8.97073,0,0,1.3736,1.3736,0,1.06117,2.96352,9.05263e+06,3.61194e+06,1.24347e+07,0,0,0,6.61631e+07
85.139,85.139,8.71969,0.01,0.02,2.07418,3.13457,0,0.566671,6.048,4.35599e+06,2.70226e+06,9.03512e+06,0,0,0,2.43529e+08,80.8192,79.791,11.8098,0,0,2.48934,1.42895,0,1.06124,2.96352,9.05263e+06,3.61194e+06,2.25351e+07,0,0,0,6.61631e+07
85.139,85.139,6.8621,0.22,0.02,2.12976,3.1348,0,0.388702,6.048,4.35599e+06,2.70226e+06,9.27723e+06,0,0,0,2.43529e+08,80.8192,79.791,10.0912,0,0,2.4341,1.42906,0,1.92327,2.96352,9.05263e+06,3.61194e+06,2.2035e+07,0,0,0,6.61631e+07
85.139,85.139,5.22696,0.34,0.02,2.1301,3.13504,0,0.399118,6.048,4.35599e+06,2.70226e+06,9.2787e+06,0,0,0,2.43529e+08,80.8192,79.791,8.63244,0,0,2.4341,1.42916,0,1.88058,2.96352,9.05263e+06,3.61194e+06,2.2035e+07,0,0,0,6.61631e+07
85.139,85.139,4.99806,0.32,0.02,2.13044,3.13527,0,0.399181,6.048,4.35599e+06,2.70226e+06,9.28017e+06,0,0,0,2.43529e+08,80.8192,79.791,8.77293,0,0,2.4341,1.42927,0,1.88058,2.96352,9.05263e+06,3.61194e+06,2.2035e+07,0,0,0,6.61631e+07
85.139,85.139,4.97801,0.3,0.02,2.08756,3.09228,0,0.399244,6.048,4.35599e+06,2.70226e+06,9.0934e+06,0,0,0,2.43529e+08,80.8192,79.791,5.95838,0,0,2.41263,1.40791,0,1.88058,2.96352,9.05263e+06,3.61194e+06,2.18407e+07,0,0,0,6.61631e+07
85.139,85.139,4.3395,0.27,0.02,2.06643,3.09251,0,0.391209,6.048,4.35599e+06,2.70226e+06,9.00136e+06,0,0,0,2.43529e+08,80.8192,79.791,5.42758,0,0,2.4341,1.40801,0,1.864,2.96352,9.05263e+06,3.61194e+06,2.2035e+07,0,0,0,6.61631e+07
85.139,85.139,3.8777,0.25,0.02,2.06676,3.09274,0,0.387249,6.048,4.35599e+06,2.70226e+06,9.0028e+06,0,0,0,2.43529e+08,80.8192,79.791,4.76719,0,0,2.4341,1.40812,0,1.88058,2.96352,9.05263e+06,3.61194e+06,2.2035e+07,0,0,0,6.61631e+07
85.139,85.139,3.59154,0.25,0.02,2.0671,3.09297,0,0.387312,6.048,4.35599e+06,2.70226e+06,9.00425e+06,0,0,0,2.43529e+08,80.8192,79.791,4.48686,0,0,2.4341,1.40822,0,1.88058,2.96352,9.05263e+06,3.61194e+06,2.2035e+07,0,0,0,6.61631e+07
85.139,85.139,3.49475,0.22,0.02,2.21416,3.23993,0,0.387374,6.048,4.35599e+06,2.70226e+06,9.64487e+06,0,0,0,2.43529e+08,80.8192,79.791,4.10256,0,0,2.51024,1.48447,0,1.88058,2.96352,9.05263e+06,3.61194e+06,2.27243e+07,0,0,0,6.61631e+07
85.139,85.139,3.18017,0.21,0.02,2.29065,3.24017,0,0.414934,6.048,4.35599e+06,2.70226e+06,9.97804e+06,0,0,0,2.43529e+08,80.7954,79.791,3.77818,0,0,2.4341,1.48458,0,1.93941,2.96352,9.05263e+06,3.61194e+06,2.2035e+07,0,0,0,6.61631e+07
85.139,85.139,2.98543,0.2,0.02,2.291,3.24041,0,0.429267,6.048,4.35599e+06,2.70226e+06,9.97956e+06,0,0,0,2.43529e+08,80.8038,79.791,3.82459,0,0,2.4341,1.48469,0,1.88059,2.96352,9.05263e+06,3.61194e+06,2.2035e+07,0,0,0,6.61631e+07
85.139,85.139,2.86553,0.18,0.02,2.29135,3.24065,0,0.429333,6.048,4.35599e+06,2.70226e+06,9.98108e+06,0,0,0,2.43529e+08,80.8192,79.791,3.70753,0,0,2.4341,1.4848,0,1.88059,2.96352,9.05263e+06,3.61194e+06,2.2035e+07,0,0,0,6.61631e+07
85.139,85.139,2.84138,0.16,0.02,2.2917,3.24089,0,0.429398,6.048,4.35599e+06,2.70226e+06,9.9826e+06,0,0,0,2.43529e+08,80.744,79.791,3.35766,0,0,2.4341,1.48491,0,1.88059,2.96352,9.05263e+06,3.61194e+06,2.2035e+07,0,0,0,6.61631e+07
85.139,85.139,2.86623,0.15,0.02,2.26302,3.2121,0,0.429464,6.048,4.35599e+06,2.70226e+06,9.85768e+06,0,0,0,2.43529e+08,80.6104,79.791,3.11168,0,0,2.47597,1.52688,0,1.88059,2.96352,9.05263e+06,3.61194e+06,2.2414e+07,0,0,0,6.61631e+07
85.139,85.139,2.69338,0.14,0.02,2.30523,3.21234,0,0.424089,6.048,4.35599e+06,2.70226e+06,1.00415e+07,0,0,0,2.43529e+08,80.454,79.791,3.02249,0,0,2.4341,1.52699,0,1.91293,2.96352,9.05263e+06,3.61194e+06,2.20351e+07,0,0,0,6.61631e+07
85.0964,85.139,2.49817,0.08,0.02,2.30558,3.21258,0,0.432,6.048,4.35599e+06,2.70226e+06,1.00431e+07,0,0,0,2.43529e+08,80.2932,79.791,3.03514,0,0,2.4341,1.52711,0,1.88059,2.96352,9.05263e+06,3.61194e+06,2.20351e+07,0,0,0,6.61631e+07
84.8883,85.139,2.32298,0.19,0.02,2.30593,3.21281,0,0.432065,6.048,4.35599e+06,2.70226e+06,1.00446e+07,0,0,0,2.43529e+08,80.1298,79.791,3.04694,0,0,2.4341,1.52722,0,1.88059,2.96352,9.05263e+06,3.61194e+06,2.20351e+07,0,0,0,6.61631e+07
84.5537,85.139,2.2708,0.2,0.02,2.38126,3.28804,0,0.432131,6.048,4.35599e+06,2.70226e+06,1.03728e+07,0,0,0,2.43529e+08,79.9186,79.791,2.60227,0,0,2.47143,1.56465,0,1.88059,2.96352,9.05263e+06,3.61194e+06,2.23729e+07,0,0,0,6.61631e+07
84.078,85.139,2.14245,0.16,0.02,2.41894,3.28828,0,0.446249,6.048,4.35599e+06,2.70226e+06,1.05369e+07,0,0,0,2.43529e+08,79.6267,79.791,2.69,0,0,2.43411,1.56477,0,1.90942,2.96352,9.05263e+06,3.61194e+06,2.20351e+07,0,0,0,6.61631e+07
83.4734,85.139,2.00495,0.12,0.02,2.4193,3.28852,0,0.45331,6.048,4.35599e+06,2.70226e+06,1.05385e+07,0,0,0,2.43529e+08,79.2838,79.791,2.45948,0,0,2.43411,1.56489,0,1.88059,2.96352,9.05263e+06,3.61194e+06,2.20351e+07,0,0,0,6.61631e+07
82.8463,85.139,1.97055,0.12,0.02,2.41966,3.28877,0,0.453377,6.048,4.35599e+06,2.70226e+06,1.054e+07,0,0,0,2.43529e+08,78.9938,79.791,2.64492,0,0,2.43411,1.565,0,1.88059,2.96352,9.05263e+06,3.61194e+06,2.20351e+07,0,0,0,6.61631e+07
81.4349,85.139,2.10339,0,0.02,3.50867,3.50867,0,0.453444,6.048,4.35599e+06,2.70226e+06,1.52837e+07,0,0,0,2.43529e+08,78.9029,79.791,2.78628,0,0,1.69987,1.69987,0,1.88059,2.96352,9.05263e+06,3.61194e+06,1.53883e+07,0,0,0,6.61631e+07
80.3037,85.139,2.38443,0,0.02,3.50893,3.50893,0,0.657524,6.048,4.35599e+06,2.70226e+06,1.52849e+07,0,0,0,2.43529e+08,78.8352,79.791,2.97216,0,0,1.69999,1.69999,0,1.31332,2.96352,9.05263e+06,3.61194e+06,1.53894e+07,0,0,0,6.61631e+07
79.1578,85.139,2.35105,0,0.02,3.50919,3.50919,0,0.657573,6.048,4.35599e+06,2.70226e+06,1.5286e+07,0,0,0,2.43529e+08,78.7807,79.791,2.87395,0,0,1.70012,1.70012,0,1.31341,2.96352,9.05263e+06,3.61194e+06,1.53905e+07,0,0,0,6.61631e+07
77.4772,85.139,1.81583,0,0.02,3.50945,3.50945,0,0.657622,6.048,4.35599e+06,2.70226e+06,1.52871e+07,0,0,0,2.43529e+08,78.6213,79.791,2.58613,0,0,1.70024,1.70024,0,1.31351,2.96352,9.05263e+06,3.61194e+06,1.53917e+07,0,0,0,6.61631e+07
77.3695,85.139,3.36611,0,0.02,3.50971,3.50971,0,0.65767,6.048,4.35599e+06,2.70226e+06,1.52882e+07,0,0,0,2.43529e+08,78.8631,79.791,4.21358,0,0,1.70037,1.70037,0,1.31361,2.96352,9.05263e+06,3.61194e+06,1.53928e+07,0,0,0,6.61631e+07
76.5485,85.139,2.63714,0,0.02,3.40287,3.40287,0,0.657719,6.048,4.35599e+06,2.70226e+06,1.48229e+07,0,0,0,2.43529e+08,78.9089,79.791,3.86871,0,0,1.61868,1.61868,0,1.31371,2.96352,9.05263e+06,3.61194e+06,1.46533e+07,0,0,0,6.61631e+07
74.931,85.139,1.74954,0,0.02,3.40312,3.40312,0,0.637698,6.048,4.35599e+06,2.70226e+06,1.4824e+07,0,0,0,2.43529e+08,78.7729,79.791,2.54008,0,0,1.6188,1.6188,0,1.25059,2.96352,9.05263e+06,3.61194e+06,1.46544e+07,0,0,0,6.61631e+07
74.8167,85.139,3.32017,0,0.02,3.40338,3.40338,0,0.637745,6.048,4.35599e+06,2.70226e+06,1.48251e+07,0,0,0,2.43529e+08,78.9179,79.791,3.81258,0,0,1.61892,1.61892,0,1.25068,2.96352,9.05263e+06,3.61194e+06,1.46555e+07,0,0,0,6.61631e+07
76.6858,85.139,5.48176,0,0.02,3.40363,3.40363,0,0.637793,6.048,4.35599e+06,2.70226e+06,1.48262e+07,0,0,0,2.43529e+08,79.5632,79.791,6.26863,0,0,1.61904,1.61904,0,1.25077,2.96352,9.05263e+06,3.61194e+06,1.46565e+07,0,0,0,6.61631e+07
80.3578,85.139,7.40485,0,0.02,3.31595,3.31595,0,0.63784,6.048,4.35599e+06,2.70226e+06,1.44442e+07,0,0,0,2.43529e+08,80.8192,79.791,6.54699,0,0,1.54466,1.54466,0,1.25087,2.96352,9.05263e+06,3.61194e+06,1.39832e+07,0,0,0,6.61631e+07
85.139,85.139,9.34058,0,0.02,3.31619,3.31619,0,0.621409,6.048,4.35599e+06,2.70226e+06,1.44453e+07,0,0,0,2.43529e+08,80.8192,79.791,7.99662,0,0,1.54477,1.54477,0,1.1934,2.96352,9.05263e+06,3.61194e+06,1.39843e+07,0,0,0,6.61631e+07
85.139,85.139,8.61617,0,0.02,3.31644,3.31644,0,0.621455,6.048,4.35599e+06,2.70226e+06,1.44464e+07,0,0,0,2.43529e+08,80.8192,79.791,6.88437,0,0,1.54489,1.54489,0,1.19349,2.96352,9.05263e+06,3.61194e+06,1.39853e+07,0,0,0,6.61631e+07
85.139,85.139,10.3772,0,0.02,3.31668,3.31668,0,0.621501,6.048,4.35599e+06,2.70226e+06,1.44474e+07,0,0,0,2.43529e+08,80.8192,79.791,8.29806,0,0,1.545,1.545,0,1.19358,2.96352,9.05263e+06,3.61194e+06,1.39863e+07,0,0,0,6.61631e+07
85.139,85.139,6.7139,0.11,0.02,2.17814,3.06713,0,0.621547,6.048,4.35599e+06,2.70226e+06,9.48793e+06,0,0,0,2.43529e+08,80.8192,79.791,9.96684,0,0,2.2789,1.38991,0,1.19367,2.96352,9.05263e+06,3.61194e+06,2.06301e+07,0,0,0,6.61631e+07
85.139,85.139,8.6103,0.17,0.02,2.02327,3.06735,0,0.408183,6.048,4.35599e+06,2.70226e+06,8.81336e+06,0,0,0,2.43529e+08,80.8192,79.791,7.84001,0,0,2.43409,1.39002,0,1.76068,2.96352,9.05263e+06,3.61194e+06,2.2035e+07,0,0,0,6.61631e+07
85.139,85.139,5.82221,0.21,0.02,2.0236,3.06758,0,0.379162,6.048,4.35599e+06,2.70226e+06,8.8148e+06,0,0,0,2.43529e+08,80.8192,79.791,5.955,0,0,2.43409,1.39012,0,1.88058,2.96352,9.05263e+06,3.61194e+06,2.2035e+07,0,0,0,6.61631e+07
85.139,85.139,5.52268,0.22,0.02,2.02393,3.06781,0,0.379223,6.048,4.35599e+06,2.70226e+06,8.81623e+06,0,0,0,2.43529e+08,80.8192,79.791,8.39451,0,0,2.43409,1.39022,0,1.88058,2.96352,9.05263e+06,3.61194e+06,2.2035e+07,0,0,0,6.61631e+07
85.139,85.139,9.84543,0.22,0.02,2.02426,3.06803,0,0.379285,6.048,4.35599e+06,2.70226e+06,8.81767e+06,0,0,0,2.43529e+08,80.8192,79.791,11.3253,0,0,2.43409,1.39032,0,1.88058,2.96352,9.05263e+06,3.61194e+06,2.2035e+07,0,0,0,6.61631e+07
85.139,85.139,15.1907,0.21,0.02,2.1207,3.16437,0,0.379347,6.048,4.35599e+06,2.70226e+06,9.23777e+06,0,0,0,2.43529e+08,80.8192,79.791,7.18418,0,0,2.47905,1.43538,0,1.88058,2.96352,9.05263e+06,3.61194e+06,2.24419e+07,0,0,0,6.61631e+07
85.139,85.139,11.8848,0.21,0.02,2.16597,3.16458,0,0.39742,6.048,4.35599e+06,2.70226e+06,9.43496e+06,0,0,0,2.43529e+08,80.8192,79.791,7.42401,0,0,2.43409,1.43548,0,1.91531,2.96352,9.05263e+06,3.61194e+06,2.20349e+07,0,0,0,6.61631e+07
85.139,85.139,10.7375,0.23,0.02,2.16628,3.1648,0,0.405903,6.048,4.35599e+06,2.70226e+06,9.4363e+06,0,0,0,2.43529e+08,80.8192,79.791,6.54886,0,0,2.43409,1.43557,0,1.88058,2.96352,9.05263e+06,3.61194e+06,2.20349e+07,0,0,0,6.61631e+07
85.139,85.139,7.30201,0.24,0.02,2.16659,3.16501,0,0.405961,6.048,4.35599e+06,2.70226e+06,9.43765e+06,0,0,0,2.43529e+08,80.718,79.791,3.5082,0,0,2.43409,1.43567,0,1.88058,2.96352,9.05263e+06,3.61194e+06,2.20349e+07,0,0,0,6.61631e+07
85.139,85.139,7.18109,0.23,0.02,2.47563,3.47395,0,0.406019,6.048,4.35599e+06,2.70226e+06,1.07838e+07,0,0,0,2.43529e+08,80.8192,79.791,4.3713,0,0,2.6029,1.60458,0,1.88058,2.96352,9.05263e+06,3.61194e+06,2.35631e+07,0,0,0,6.61631e+07
85.139,85.139,6.38397,0.25,0.02,2.64477,3.47418,0,0.463933,6.048,4.35599e+06,2.70226e+06,1.15206e+07,0,0,0,2.43529e+08,80.8192,79.791,4.38795,0,0,2.4341,1.60469,0,2.011,2.96352,9.05263e+06,3.61194e+06,2.2035e+07,0,0,0,6.61631e+07
85.139,85.139,7.43585,0.27,0.02,2.64511,3.47442,0,0.495631,6.048,4.35599e+06,2.70226e+06,1.15221e+07,0,0,0,2.43529e+08,80.8192,79.791,5.91433,0,0,2.4341,1.6048,0,1.88059,2.96352,9.05263e+06,3.61194e+06,2.2035e+07,0,0,0,6.61631e+07
85.139,85.139,6.45088,0.28,0.02,2.64546,3.47465,0,0.495694,6.048,4.35599e+06,2.70226e+06,1.15236e+07,0,0,0,2.43529e+08,80.8192,79.791,4.67572,0,0,2.4341,1.60491,0,1.88059,2.96352,9.05263e+06,3.61194e+06,2.2035e+07,0,0,0,6.61631e+07
85.139,85.139,7.45549,0.29,0.02,2.20533,3.03442,0,0.495758,6.048,4.35599e+06,2.70226e+06,9.60641e+06,0,0,0,2.43529e+08,80.8192,79.791,4.75426,0,0,2.20749,1.3784,0,1.88059,2.96352,9.05263e+06,3.61194e+06,1.99836e+07,0,0,0,6.61631e+07
85.139,85.139,6.79812,0.3,0.02,1.97903,3.03462,0,0.413279,6.048,4.35599e+06,2.70226e+06,8.62064e+06,0,0,0,2.43529e+08,80.8192,79.791,5.05278,0,0,2.43408,1.37849,0,1.7055,2.96352,9.05263e+06,3.61194e+06,2.20349e+07,0,0,0,6.61631e+07
85.139,85.139,8.69186,0.33,0.02,1.97933,3.03483,0,0.37087,6.048,4.35599e+06,2.70226e+06,8.62193e+06,0,0,0,2.43529e+08,80.8192,79.791,7.10671,0,0,2.43408,1.37858,0,1.88057,2.96352,9.05263e+06,3.61194e+06,2.20349e+07,0,0,0,6.61631e+07
85.139,85.139,6.48723,0.35,0.02,1.97962,3.03503,0,0.370926,6.048,4.35599e+06,2.70226e+06,8.62322e+06,0,0,0,2.43529e+08,80.8192,79.791,4.8597,0,0,2.43408,1.37868,0,1.88057,2.96352,9.05263e+06,3.61194e+06,2.20349e+07,0,0,0,6.61631e+07
85.139,85.139,6.52221,0.37,0.02,1.97992,3.03523,0,0.370981,6.048,4.35599e+06,2.70226e+06,8.62451e+06,0,0,0,2.43529e+08,80.8192,79.791,4.58207,0,0,2.43408,1.37877,0,1.88057,2.96352,9.05263e+06,3.61194e+06,2.20349e+07,0,0,0,6.61631e+07
85.139,85.139,6.3561,0.37,0.02,2.09112,3.14635,0,0.371037,6.048,4.35599e+06,2.70226e+06,9.10891e+06,0,0,0,2.43529e+08,80.8192,79.791,4.46263,0,0,2.48954,1.43432,0,1.88057,2.96352,9.05263e+06,3.61194e+06,2.25369e+07,0,0,0,6.61631e+07
85.139,85.139,8.59561,0.36,0.02,2.14688,3.14656,0,0.391877,6.048,4.35599e+06,2.70226e+06,9.35181e+06,0,0,0,2.43529e+08,80.8192,79.791,6.4405,0,0,2.43409,1.43442,0,1.92342,2.96352,9.05263e+06,3.61194e+06,2.20349e+07,0,0,0,6.61631e+07
85.139,85.139,8.64377,0.35,0.02,2.14719,3.14677,0,0.402326,6.048,4.35599e+06,2.70226e+06,9.35315e+06,0,0,0,2.43529e+08,80.8192,79.791,7.14892,0,0,2.43409,1.43451,0,1.88058,2.96352,9.05263e+06,3.61194e+06,2.20349e+07,0,0,0,6.61631e+07
85.139,85.139,7.90552,0.34,0.02,2.1475,3.14698,0,0.402384,6.048,4.35599e+06,2.70226e+06,9.35448e+06,0,0,0,2.43529e+08,80.8192,79.791,7.09093,0,0,2.43409,1.43461,0,1.88058,2.96352,9.05263e+06,3.61194e+06,2.20349e+07,0,0,0,6.61631e+07
85.139,85.139,5.52893,0.31,0.02,2.10443,3.10381,0,0.402441,6.048,4.35599e+06,2.70226e+06,9.16688e+06,0,0,0,2.43529e+08,80.8192,79.791,3.87324,0,0,2.41254,1.41316,0,1.88058,2.96352,9.05263e+06,3.61194e+06,2.18399e+07,0,0,0,6.61631e+07
85.139,85.139,4.98034,0.3,0.02,2.08319,3.10402,0,0.39437,6.048,4.35599e+06,2.70226e+06,9.07436e+06,0,0,0,2.43529e+08,80.8017,79.791,3.25033,0,0,2.43409,1.41325,0,1.86393,2.96352,9.05263e+06,3.61194e+06,2.20349e+07,0,0,0,6.61631e+07
85.139,85.139,4.67006,0.28,0.02,2.08349,3.10423,0,0.39039,6.048,4.35599e+06,2.70226e+06,9.07568e+06,0,0,0,2.43529e+08,80.705,79.791,2.7999,0,0,2.43409,1.41335,0,1.88058,2.96352,9.05263e+06,3.61194e+06,2.20349e+07,0,0,0,6.61631e+07
85.139,85.139,4.27917,0.25,0.02,2.0838,3.10444,0,0.390447,6.048,4.35599e+06,2.70226e+06,9.077e+06,0,0,0,2.43529e+08,80.5493,79.791,2.65833,0,0,2.43409,1.41344,0,1.88058,2.96352,9.05263e+06,3.61194e+06,2.20349e+07,0,0,0,6.61631e+07
85.139,85.139,4.70329,0.22,0.02,2.23138,3.25192,0,0.390504,6.048,4.35599e+06,2.70226e+06,9.71985e+06,0,0,0,2.43529e+08,80.4518,79.791,2.91504,0,0,2.51051,1.48996,0,1.88058,2.96352,9.05263e+06,3.61194e+06,2.27267e+07,0,0,0,6.61631e+07
85.139,85.139,4.37718,0.21,0.02,2.30811,3.25214,0,0.41816,6.048,4.35599e+06,2.70226e+06,1.00541e+07,0,0,0,2.43529e+08,80.3851,79.791,2.95076,0,0,2.43409,1.49006,0,1.93962,2.96352,9.05263e+06,3.61194e+06,2.20349e+07,0,0,0,6.61631e+07
85.139,85.139,4.10005,0.19,0.02,2.30843,3.25236,0,0.43254,6.048,4.35599e+06,2.70226e+06,1.00555e+07,0,0,0,2.43529e+08,80.2526,79.791,2.71757,0,0,2.43409,1.49016,0,1.88058,2.96352,9.05263e+06,3.61194e+06,2.20349e+07,0,0,0,6.61631e+07
85.139,85.139,4.03292,0.19,0.02,2.30875,3.25258,0,0.4326,6.048,4.35599e+06,2.70226e+06,1.00569e+07,0,0,0,2.43529e+08,80.1227,79.791,2.78102,0,0,2.43409,1.49026,0,1.88058,2.96352,9.05263e+06,3.61194e+06,2.20349e+07,0,0,0,6.61631e+07
85.139,85.139,3.38458,0.18,0.02,2.30907,3.2528,0,0.432659,6.048,4.35599e+06,2.70226e+06,1.00583e+07,0,0,0,2.43529e+08,79.9486,79.791,2.66988,0,0,2.43409,1.49036,0,1.88058,2.96352,9.05263e+06,3.61194e+06,2.20349e+07,0,0,0,6.61631e+07
85.139,85.139,2.7057,0.17,0.02,2.28025,3.22388,0,0.432719,6.048,4.35599e+06,2.70226e+06,9.93274e+06,0,0,0,2.43529e+08,79.7265,79.791,2.35374,0,0,2.47611,1.53248,0,1.88058,2.96352,9.05263e+06,3.61194e+06,2.24153e+07,0,0,0,6.61631e+07
85.0493,85.139,2.54388,0.16,0.02,2.32258,3.2241,0,0.427319,6.048,4.35599e+06,2.70226e+06,1.01171e+07,0,0,0,2.43529e+08,79.4698,79.791,2.23358,0,0,2.43409,1.53258,0,1.91304,2.96352,9.05263e+06,3.61194e+06,2.2035e+07,0,0,0,6.61631e+07
84.7443,85.139,2.32519,0.19,0.02,2.3229,3.22431,0,0.435252,6.048,4.35599e+06,2.70226e+06,1.01185e+07,0,0,0,2.43529e+08,79.1302,79.791,2.19187,0,0,2.43409,1.53269,0,1.88058,2.96352,9.05263e+06,3.61194e+06,2.2035e+07,0,0,0,6.61631e+07
84.2408,85.139,2.10779,0.21,0.02,2.32322,3.22453,0,0.435312,6.048,4.35599e+06,2.70226e+06,1.01199e+07,0,0,0,2.43529e+08,78.7662,79.791,1.99075,0,0,2.43409,1.53279,0,1.88058,2.96352,9.05263e+06,3.61194e+06,2.2035e+07,0,0,0,6.61631e+07
83.7156,85.139,2.09618,0.2,0.02,2.3988,3.3,0,0.435372,6.048,4.35599e+06,2.70226e+06,1.04491e+07,0,0,0,2.43529e+08,78.4668,79.791,2.06032,0,0,2.47155,1.57035,0,1.88058,2.96352,9.05263e+06,3.61194e+06,2.23741e+07,0,0,0,6.61631e+07
83.1734,85.139,2.14286,0.2,0.02,2.43658,3.30023,0,0.449535,6.048,4.35599e+06,2.70226e+06,1.06137e+07,0,0,0,2.43529e+08,78.1363,79.791,2.18407,0,0,2.4341,1.57045,0,1.90952,2.96352,9.05263e+06,3.61194e+06,2.2035e+07,0,0,0,6.61631e+07
82.5074,85.139,1.98596,0.2,0.02,2.43691,3.30045,0,0.456615,6.048,4.35599e+06,2.70226e+06,1.06151e+07,0,0,0,2.43529e+08,77.655,79.791,2.09762,0,0,2.4341,1.57056,0,1.88058,2.96352,9.05263e+06,3.61194e+06,2.2035e+07,0,0,0,6.61631e+07
81.6778,85.139,1.80826,0.2,0.02,2.43724,3.30067,0,0.456677,6.048,4.35599e+06,2.70226e+06,1.06166e+07,0,0,0,2.43529e+08,77.2514,79.791,1.84879,0,0,2.4341,1.57066,0,1.88058,2.96352,9.05263e+06,3.61194e+06,2.2035e+07,0,0,0,6.61631e+07
80.5253,85.139,1.65661,0.2,0.02,2.65801,3.52134,0,0.456738,6.048,4.35599e+06,2.70226e+06,1.15783e+07,0,0,0,2.43529e+08,76.7007,79.791,2.28202,0,0,2.56933,1.70601,0,1.88058,2.96352,9.05263e+06,3.61194e+06,2.32592e+07,0,0,0,6.61631e+07
78.6302,85.139,1.01383,0.2,0.02,2.79359,3.52158,0,0.498112,6.048,4.35599e+06,2.70226e+06,1.21689e+07,0,0,0,2.43529e+08,76.1937,79.791,1.66355,0,0,2.43411,1.70612,0,1.98507,2.96352,9.05263e+06,3.61194e+06,2.20351e+07,0,0,0,6.61631e+07
77.1083,85.139,1.37937,0.23,0.02,2.79394,3.52181,0,0.523519,6.048,4.35599e+06,2.70226e+06,1.21704e+07,0,0,0,2.43529e+08,75.8063,79.791,1.87151,0,0,2.43411,1.70624,0,1.88059,2.96352,9.05263e+06,3.61194e+06,2.20351e+07,0,0,0,6.61631e+07
76.1664,85.139,2.02358,0.23,0.02,2.79429,3.52205,0,0.523585,6.048,4.35599e+06,2.70226e+06,1.21719e+07,0,0,0,2.43529e+08,75.5561,79.791,2.21671,0,0,2.43411,1.70635,0,1.88059,2.96352,9.05263e+06,3.61194e+06,2.20351e+07,0,0,0,6.61631e+07
74.9291,85.139,1.72999,0.23,0.02,2.79465,3.52229,0,0.523651,6.048,4.35599e+06,2.70226e+06,1.21734e+07,0,0,0,2.43529e+08,75.1701,79.791,1.93628,0,0,2.43411,1.70646,0,1.88059,2.96352,9.05263e+06,3.61194e+06,2.20351e+07,0,0,0,6.61631e+07
73.647,85.139,1.59388,0.23,0.02,2.68752,3.41505,0,0.523717,6.048,4.35599e+06,2.70226e+06,1.17068e+07,0,0,0,2.43529e+08,74.5627,79.791,1.71265,0,0,2.352,1.62447,0,1.88059,2.96352,9.05263e+06,3.61194e+06,2.12918e+07,0,0,0,6.61631e+07
72.5163,85.139,1.68363,0.26,0.02,2.60575,3.41528,0,0.503641,6.048,4.35599e+06,2.70226e+06,1.13506e+07,0,0,0,2.43529e+08,74.1483,79.791,1.69401,0,0,2.4341,1.62458,0,1.81715,2.96352,9.05263e+06,3.61194e+06,2.2035e+07,0,0,0,6.61631e+07
72.1459,85.139,2.42511,0.26,0.02,2.60609,3.41551,0,0.488318,6.048,4.35599e+06,2.70226e+06,1.13521e+07,0,0,0,2.43529e+08,73.9113,79.791,2.13224,0,0,2.4341,1.62469,0,1.88059,2.96352,9.05263e+06,3.61194e+06,2.2035e+07,0,0,0,6.61631e+07
72.0045,85.139,2.81752,0.27,0.02,2.60643,3.41573,0,0.488381,6.048,4.35599e+06,2.70226e+06,1.13536e+07,0,0,0,2.43529e+08,74.0545,79.791,2.85341,0,0,2.4341,1.6248,0,1.88059,2.96352,9.05263e+06,3.61194e+06,2.2035e+07,0,0,0,6.61631e+07
71.3386,85.139,2.1371,0.26,0.02,2.51852,3.32772,0,0.488445,6.048,4.35599e+06,2.70226e+06,1.09707e+07,0,0,0,2.43529e+08,73.9602,79.791,2.79396,0,0,2.35934,1.55014,0,1.88059,2.96352,9.05263e+06,3.61194e+06,2.13582e+07,0,0,0,6.61631e+07
70.7663,85.139,2.14342,0.26,0.02,2.4441,3.32794,0,0.471971,6.048,4.35599e+06,2.70226e+06,1.06465e+07,0,0,0,2.43529e+08,73.5969,79.791,1.99035,0,0,2.4341,1.55025,0,1.82283,2.96352,9.05263e+06,3.61194e+06,2.2035e+07,0,0,0,6.61631e+07
70.9654,85.139,2.99697,0.27,0.02,2.44442,3.32817,0,0.458023,6.048,4.35599e+06,2.70226e+06,1.06479e+07,0,0,0,2.43529e+08,73.6339,79.791,3.54485,0,0,2.4341,1.55035,0,1.88058,2.96352,9.05263e+06,3.61194e+06,2.2035e+07,0,0,0,6.61631e+07
71.6834,85.139,3.59441,0.28,0.02,2.44475,3.32839,0,0.458085,6.048,4.35599e+06,2.70226e+06,1.06493e+07,0,0,0,2.43529e+08,73.6669,79.791,3.9221,0,0,2.4341,1.55045,0,1.88058,2.96352,9.05263e+06,3.61194e+06,2.2035e+07,0,0,0,6.61631e+07
74.46,85.139,5.58047,0.29,0.02,2.19439,3.07793,0,0.458146,6.048,4.35599e+06,2.70226e+06,9.55876e+06,0,0,0,2.43529e+08,74.6271,79.791,6.69228,0,0,2.27835,1.39481,0,1.88058,2.96352,9.05263e+06,3.61194e+06,2.0625e+07,0,0,0,6.61631e+07
77.2197,85.139,5.49305,0.28,0.02,2.03896,3.07814,0,0.41123,6.048,4.35599e+06,2.70226e+06,8.88167e+06,0,0,0,2.43529e+08,75.439,79.791,6.89717,0,0,2.43409,1.3949,0,1.76025,2.96352,9.05263e+06,3.61194e+06,2.20349e+07,0,0,0,6.61631e+07
83.4362,85.139,9.20778,0.3,0.02,2.03926,3.07834,0,0.3821,6.048,4.35599e+06,2.70226e+06,8.88298e+06,0,0,0,2.43529e+08,76.8943,79.791,8.0033,0,0,2.43409,1.395,0,1.88057,2.96352,9.05263e+06,3.61194e+06,2.20349e+07,0,0,0,6.61631e+07
85.139,85.139,17.327,0.27,0.02,2.03956,3.07855,0,0.382157,6.048,4.35599e+06,2.70226e+06,8.88429e+06,0,0,0,2.43529e+08,80.8192,79.791,24.0916,0,0,2.43409,1.39509,0,1.88057,2.96352,9.05263e+06,3.61194e+06,2.20349e+07,0,0,0,6.61631e+07
85.139,85.139,10.5711,0.21,0.02,2.03986,3.07876,0,0.382213,6.048,4.35599e+06,2.70226e+06,8.8856e+06,0,0,0,2.43529e+08,80.8192,79.791,14.3093,0,0,2.43409,1.39518,0,1.88057,2.96352,9.05263e+06,3.61194e+06,2.20349e+07,0,0,0,6.61631e+07
85.139,85.139,6.63585,0.2,0.02,2.1366,3.17541,0,0.382269,6.048,4.35599e+06,2.70226e+06,9.30703e+06,0,0,0,2.43529e+08,80.8192,79.791,7.06982,0,0,2.4792,1.44039,0,1.88057,2.96352,9.05263e+06,3.61194e+06,2.24433e+07,0,0,0,6.61631e+07
88.3588,110.355,6.0919,0.27,0.02,2.182,3.1756,0,0.4004,6.048,4.35599e+06,2.70226e+06,9.50477e+06,0,0,0,2.43529e+08,80.8192,79.791,6.64045,0,0,2.43408,1.44048,0,1.91543,2.96352,9.05263e+06,3.61194e+06,2.20348e+07,0,0,0,6.61631e+07
91.5173,110.355,6.18361,0.28,0.02,2.18228,3.1758,0,0.408907,6.048,4.35599e+06,2.70226e+06,9.50599e+06,0,0,0,2.43529e+08,80.8192,79.791,5.06412,0,0,2.43408,1.44056,0,1.88057,2.96352,9.05263e+06,3.61194e+06,2.20348e+07,0,0,0,6.61631e+07
93.9095,110.355,5.49136,0.22,0.02,2.18256,3.17599,0,0.408959,6.048,4.35599e+06,2.70226e+06,9.5072e+06,0,0,0,2.43529e+08,80.8192,79.791,5.37775,0,0,2.43408,1.44065,0,1.88057,2.96352,9.05263e+06,3.61194e+06,2.20348e+07,0,0,0,6.61631e+07
95.9011,110.355,5.30447,0.24,0.02,2.49263,3.48598,0,0.409011,6.048,4.35599e+06,2.70226e+06,1.08579e+07,0,0,0,2.43529e+08,80.8192,79.791,4.87148,0,0,2.60348,1.61014,0,1.88057,2.96352,9.05263e+06,3.61194e+06,2.35683e+07,0,0,0,6.61631e+07
97.2933,110.355,4.8866,0.19,0.02,2.66233,3.48619,0,0.46712,6.048,4.35599e+06,2.70226e+06,1.15971e+07,0,0,0,2.43529e+08,80.8192,79.791,4.68057,0,0,2.43409,1.61023,0,2.01145,2.96352,9.05263e+06,3.61194e+06,2.20349e+07,0,0,0,6.61631e+07
99.4344,110.355,5.59221,0.19,0.02,2.66264,3.4864,0,0.498921,6.048,4.35599e+06,2.70226e+06,1.15984e+07,0,0,0,2.43529e+08,80.8192,79.791,4.69876,0,0,2.43409,1.61033,0,1.88058,2.96352,9.05263e+06,3.61194e+06,2.20349e+07,0,0,0,6.61631e+07
102.481,110.355,6.64898,0.21,0.02,2.66295,3.48661,0,0.498978,6.048,4.35599e+06,2.70226e+06,1.15998e+07,0,0,0,2.43529e+08,80.8192,79.791,4.58008,0,0,2.43409,1.61043,0,1.88058,2.96352,9.05263e+06,3.61194e+06,2.20349e+07,0,0,0,6.61631e+07
104.651,110.355,5.30746,0.17,0.02,2.22128,3.04484,0,0.499036,6.048,4.35599e+06,2.70226e+06,9.67586e+06,0,0,0,2.43529e+08,80.8192,79.791,5.26178,0,0,2.2067,1.38313,0,1.88058,2.96352,9.05263e+06,3.61194e+06,1.99764e+07,0,0,0,6.61631e+07
105.568,110.355,3.75838,0.17,0.02,1.99417,3.04502,0,0.416267,6.048,4.35599e+06,2.70226e+06,8.68657e+06,0,0,0,2.43529e+08,80.8098,79.791,3.17132,0,0,2.43408,1.38322,0,1.70489,2.96352,9.05263e+06,3.61194e+06,2.20348e+07,0,0,0,6.61631e+07
106.402,110.355,3.74297,0.18,0.02,1.99443,3.04521,0,0.373707,6.048,4.35599e+06,2.70226e+06,8.68773e+06,0,0,0,2.43529e+08,80.8192,79.791,3.70082,0,0,2.43408,1.3833,0,1.88057,2.96352,9.05263e+06,3.61194e+06,2.20348e+07,0,0,0,6.61631e+07
108.613,110.355,5.28079,0.19,0.02,1.9947,3.04539,0,0.373757,6.048,4.35599e+06,2.70226e+06,8.6889e+06,0,0,0,2.43529e+08,80.8192,79.791,3.97854,0,0,2.43408,1.38338,0,1.88057,2.96352,9.05263e+06,3.61194e+06,2.20348e+07,0,0,0,6.61631e+07
110.355,110.355,5.24704,0.15,0.02,1.99497,3.04558,0,0.373807,6.048,4.35599e+06,2.70226e+06,8.69006e+06,0,0,0,2.43529e+08,80.8192,79.791,3.85898,0,0,2.43408,1.38347,0,1.88057,2.96352,9.05263e+06,3.61194e+06,2.20348e+07,0,0,0,6.61631e+07
110.355,110.355,5.44906,0.15,0.02,2.10652,3.15705,0,0.373857,6.048,4.35599e+06,2.70226e+06,9.17598e+06,0,0,0,2.43529e+08,80.8192,79.791,4.41259,0,0,2.48972,1.4392,0,1.88057,2.96352,9.05263e+06,3.61194e+06,2.25385e+07,0,0,0,6.61631e+07
110.355,110.355,6.57059,0.14,0.02,2.16244,3.15724,0,0.394762,6.048,4.35599e+06,2.70226e+06,9.41957e+06,0,0,0,2.43529e+08,80.8192,79.791,5.6736,0,0,2.43408,1.43928,0,1.92356,2.96352,9.05263e+06,3.61194e+06,2.20348e+07,0,0,0,6.61631e+07
110.355,110.355,4.60463,0.14,0.02,2.16272,3.15743,0,0.405241,6.048,4.35599e+06,2.70226e+06,9.42077e+06,0,0,0,2.43529e+08,80.8192,79.791,3.8631,0,0,2.43408,1.43937,0,1.88057,2.96352,9.05263e+06,3.61194e+06,2.20348e+07,0,0,0,6.61631e+07
110.355,110.355,3.99753,0.13,0.02,2.16299,3.15762,0,0.405293,6.048,4.35599e+06,2.70226e+06,9.42198e+06,0,0,0,2.43529e+08,80.8192,79.791,3.35328,0,0,2.43408,1.43946,0,1.88057,2.96352,9.05263e+06,3.61194e+06,2.20348e+07,0,0,0,6.61631e+07
110.355,110.355,3.91589,0.13,0.02,2.11975,3.11428,0,0.405345,6.048,4.35599e+06,2.70226e+06,9.23361e+06,0,0,0,2.43529e+08,80.8192,79.791,3.18204,0,0,2.41246,1.41793,0,1.88057,2.96352,9.05263e+06,3.61194e+06,2.18391e+07,0,0,0,6.61631e+07
110.355,110.355,3.20297,0.12,0.02,2.09841,3.11447,0,0.397241,6.048,4.35599e+06,2.70226e+06,9.14064e+06,0,0,0,2.43529e+08,80.8192,79.791,2.77455,0,0,2.43408,1.41801,0,1.86387,2.96352,9.05263e+06,3.61194e+06,2.20348e+07,0,0,0,6.61631e+07
110.355,110.355,2.91686,0.1,0.02,2.09868,3.11466,0,0.393242,6.048,4.35599e+06,2.70226e+06,9.14183e+06,0,0,0,2.43529e+08,80.6931,79.791,2.47104,0,0,2.43408,1.4181,0,1.88057,2.96352,9.05263e+06,3.61194e+06,2.20348e+07,0,0,0,6.61631e+07
110.355,110.355,2.84272,0.1,0.02,2.09895,3.11485,0,0.393293,6.048,4.35599e+06,2.70226e+06,9.14302e+06,0,0,0,2.43529e+08,80.6022,79.791,2.70189,0,0,2.43408,1.41818,0,1.88057,2.96352,9.05263e+06,3.61194e+06,2.20348e+07,0,0,0,6.61631e+07
110.07,110.355,2.50626,0.08,0.02,2.247,3.2628,0,0.393344,6.048,4.35599e+06,2.70226e+06,9.78789e+06,0,0,0,2.43529e+08,80.2445,79.791,2.2625,0,0,2.51076,1.49495,0,1.88057,2.96352,9.05263e+06,3.61194e+06,2.2729e+07,0,0,0,6.61631e+07
109.528,110.355,2.2282,0.07,0.02,2.32396,3.263,0,0.421087,6.048,4.35599e+06,2.70226e+06,1.01231e+07,0,0,0,2.43529e+08,79.8293,79.791,2.0276,0,0,2.43408,1.49504,0,1.93981,2.96352,9.05263e+06,3.61194e+06,2.20349e+07,0,0,0,6.61631e+07
108.888,110.355,2.09216,0.07,0.02,2.32424,3.2632,0,0.43551,6.048,4.35599e+06,2.70226e+06,1.01244e+07,0,0,0,2.43529e+08,79.4781,79.791,2.06012,0,0,2.43408,1.49513,0,1.88057,2.96352,9.05263e+06,3.61194e+06,2.20349e+07,0,0,0,6.61631e+07
108.172,110.355,2.00852,0.07,0.02,2.32453,3.2634,0,0.435563,6.048,4.35599e+06,2.70226e+06,1.01256e+07,0,0,0,2.43529e+08,79.0889,79.791,2.01051,0,0,2.43408,1.49522,0,1.88057,2.96352,9.05263e+06,3.61194e+06,2.20349e+07,0,0,0,6.61631e+07
107.337,110.355,1.88085,0.07,0.02,2.32482,3.26359,0,0.435617,6.048,4.35599e+06,2.70226e+06,1.01269e+07,0,0,0,2.43529e+08,78.8397,79.791,1.91347,0,0,2.43408,1.49531,0,1.88057,2.96352,9.05263e+06,3.61194e+06,2.20349e+07,0,0,0,6.61631e+07
106.439,110.355,1.78251,0.07,0.02,2.29587,3.23456,0,0.435671,6.048,4.35599e+06,2.70226e+06,1.00008e+07,0,0,0,2.43529e+08,78.5933,79.791,2.11626,0,0,2.47624,1.53756,0,1.88057,2.96352,9.05263e+06,3.61194e+06,2.24165e+07,0,0,0,6.61631e+07
105.359,110.355,1.6325,0.09,0.02,2.33832,3.23475,0,0.430247,6.048,4.35599e+06,2.70226e+06,1.01857e+07,0,0,0,2.43529e+08,78.2169,79.791,2.10658,0,0,2.43408,1.53765,0,1.91314,2.96352,9.05263e+06,3.61194e+06,2.20349e+07,0,0,0,6.61631e+07
104.138,110.355,1.47626,0.09,0.02,2.3386,3.23495,0,0.4382,6.048,4.35599e+06,2.70226e+06,1.01869e+07,0,0,0,2.43529e+08,77.7985,79.791,1.89009,0,0,2.43408,1.53774,0,1.88057,2.96352,9.05263e+06,3.61194e+06,2.20349e+07,0,0,0,6.61631e+07
102.903,110.355,1.40166,0.1,0.02,2.33889,3.23514,0,0.438254,6.048,4.35599e+06,2.70226e+06,1.01882e+07,0,0,0,2.43529e+08,77.2191,79.791,1.85633,0,0,2.43408,1.53783,0,1.88057,2.96352,9.05263e+06,3.61194e+06,2.20349e+07,0,0,0,6.61631e+07
101.517,110.355,1.3042,0.1,0.02,2.41469,3.31084,0,0.438308,6.048,4.35599e+06,2.70226e+06,1.05184e+07,0,0,0,2.43529e+08,76.6791,79.791,1.78624,0,0,2.47166,1.57551,0,1.88057,2.96352,9.05263e+06,3.61194e+06,2.23751e+07,0,0,0,6.61631e+07
100.075,110.355,1.27459,0.13,0.02,2.45256,3.31104,0,0.452512,6.048,4.35599e+06,2.70226e+06,1.06833e+07,0,0,0,2.43529e+08,76.0808,79.791,1.8324,0,0,2.43409,1.5756,0,1.90961,2.96352,9.05263e+06,3.61194e+06,2.20349e+07,0,0,0,6.61631e+07
98.5038,110.355,1.1336,0.12,0.02,2.45285,3.31124,0,0.45961,6.048,4.35599e+06,2.70226e+06,1.06846e+07,0,0,0,2.43529e+08,75.4125,79.791,1.71645,0,0,2.43409,1.5757,0,1.88058,2.96352,9.05263e+06,3.61194e+06,2.20349e+07,0,0,0,6.61631e+07
96.8423,110.355,1.03239,0.12,0.02,2.45315,3.31144,0,0.459665,6.048,4.35599e+06,2.70226e+06,1.06859e+07,0,0,0,2.43529e+08,74.7153,79.791,1.62967,0,0,2.43409,1.57579,0,1.88058,2.96352,9.05263e+06,3.61194e+06,2.20349e+07,0,0,0,6.61631e+07
94.9554,110.355,0.967123,0.13,0.02,2.67461,3.53281,0,0.45972,6.048,4.35599e+06,2.70226e+06,1.16506e+07,0,0,0,2.43529e+08,73.7059,79.791,1.60175,0,0,2.56976,1.71156,0,1.88058,2.96352,9.05263e+06,3.61194e+06,2.32631e+07,0,0,0,6.61631e+07
92.7581,110.355,0.801497,0.15,0.02,2.8106,3.53303,0,0.501223,6.048,4.35599e+06,2.70226e+06,1.22429e+07,0,0,0,2.43529e+08,72.5775,79.791,1.11787,0,0,2.4341,1.71167,0,1.9854,2.96352,9.05263e+06,3.61194e+06,2.2035e+07,0,0,0,6.61631e+07
90.588,110.355,0.808058,0.15,0.02,2.81092,3.53324,0,0.526706,6.048,4.35599e+06,2.70226e+06,1.22443e+07,0,0,0,2.43529e+08,71.7048,79.791,1.21494,0,0,2.4341,1.71177,0,1.88058,2.96352,9.05263e+06,3.61194e+06,2.2035e+07,0,0,0,6.61631e+07
88.4347,110.355,0.815658,0.16,0.02,2.81123,3.53345,0,0.526766,6.048,4.35599e+06,2.70226e+06,1.22457e+07,0,0,0,2.43529e+08,70.6709,79.791,1.40941,0,0,2.4341,1.71187,0,1.88058,2.96352,9.05263e+06,3.61194e+06,2.2035e+07,0,0,0,6.61631e+07
86.2473,110.355,0.758991,0.19,0.02,2.81155,3.53367,0,0.526825,6.048,4.35599e+06,2.70226e+06,1.22471e+07,0,0,0,2.43529e+08,69.7743,79.791,1.18748,0,0,2.4341,1.71198,0,1.88058,2.96352,9.05263e+06,3.61194e+06,2.2035e+07,0,0,0,6.61631e+07
84.1837,110.355,0.814472,0.18,0.02,2.70404,3.42606,0,0.526884,6.048,4.35599e+06,2.70226e+06,1.17788e+07,0,0,0,2.43529e+08,68.9887,79.791,1.67048,0,0,2.35172,1.62971,0,1.88058,2.96352,9.05263e+06,3.61194e+06,2.12893e+07,0,0,0,6.61631e+07
81.9666,110.355,0.55726,0.21,0.02,2.62198,3.42626,0,0.506738,6.048,4.35599e+06,2.70226e+06,1.14213e+07,0,0,0,2.43529e+08,67.7711,79.791,1.26017,0,0,2.43409,1.6298,0,1.81694,2.96352,9.05263e+06,3.61194e+06,2.20349e+07,0,0,0,6.61631e+07
79.6739,110.355,0.440868,0.21,0.02,2.62228,3.42647,0,0.491359,6.048,4.35599e+06,2.70226e+06,1.14226e+07,0,0,0,2.43529e+08,67.1106,79.791,0.979888,0,0,2.43409,1.6299,0,1.88058,2.96352,9.05263e+06,3.61194e+06,2.20349e+07,0,0,0,6.61631e+07
77.9079,110.355,1.04081,0.21,0.02,2.62259,3.42668,0,0.491416,6.048,4.35599e+06,2.70226e+06,1.1424e+07,0,0,0,2.43529e+08,66.6541,79.791,1.93,0,0,2.43409,1.63,0,1.88058,2.96352,9.05263e+06,3.61194e+06,2.20349e+07,0,0,0,6.61631e+07
76.0467,110.355,0.92468,0.26,0.02,2.53437,3.33836,0,0.491473,6.048,4.35599e+06,2.70226e+06,1.10397e+07,0,0,0,2.43529e+08,66.062,79.791,1.83822,0,0,2.35909,1.5551,0,1.88058,2.96352,9.05263e+06,3.61194e+06,2.1356e+07,0,0,0,6.61631e+07
74.0673,110.355,0.715898,0.24,0.02,2.45967,3.33856,0,0.47494,6.048,4.35599e+06,2.70226e+06,1.07143e+07,0,0,0,2.43529e+08,65.4847,79.791,1.34467,0,0,2.43409,1.55519,0,1.82263,2.96352,9.05263e+06,3.61194e+06,2.20349e+07,0,0,0,6.61631e+07
72.3168,110.355,0.975652,0.26,0.02,2.45996,3.33876,0,0.460942,6.048,4.35599e+06,2.70226e+06,1.07156e+07,0,0,0,2.43529e+08,65.144,79.791,1.84887,0,0,2.43409,1.55529,0,1.88057,2.96352,9.05263e+06,3.61194e+06,2.20349e+07,0,0,0,6.61631e+07
71.6774,110.355,2.14067,0.31,0.02,2.46026,3.33896,0,0.460997,6.048,4.35599e+06,2.70226e+06,1.07169e+07,0,0,0,2.43529e+08,65.3411,79.791,2.83165,0,0,2.43409,1.55538,0,1.88057,2.96352,9.05263e+06,3.61194e+06,2.20349e+07,0,0,0,6.61631e+07
71.5052,110.355,2.40738,0.32,0.02,2.20908,3.08769,0,0.461052,6.048,4.35599e+06,2.70226e+06,9.62271e+06,0,0,0,2.43529e+08,65.3839,79.791,2.68855,0,0,2.27784,1.39923,0,1.88057,2.96352,9.05263e+06,3.61194e+06,2.06205e+07,0,0,0,6.61631e+07
71.1748,110.355,2.14707,0.32,0.02,2.05311,3.08787,0,0.413981,6.048,4.35599e+06,2.70226e+06,8.94334e+06,0,0,0,2.43529e+08,65.6252,79.791,3.40999,0,0,2.43408,1.39932,0,1.75986,2.96352,9.05263e+06,3.61194e+06,2.20348e+07,0,0,0,6.61631e+07
71.6281,110.355,3.03161,0.32,0.02,2.05338,3.08806,0,0.384753,6.048,4.35599e+06,2.70226e+06,8.94452e+06,0,0,0,2.43529e+08,66.1157,79.791,3.95503,0,0,2.43408,1.3994,0,1.88057,2.96352,9.05263e+06,3.61194e+06,2.20348e+07,0,0,0,6.61631e+07
70.9404,110.355,1.84824,0.36,0.02,2.05365,3.08825,0,0.384804,6.048,4.35599e+06,2.70226e+06,8.9457e+06,0,0,0,2.43529e+08,65.8505,79.791,3.016,0,0,2.43408,1.39948,0,1.88057,2.96352,9.05263e+06,3.61194e+06,2.20348e+07,0,0,0,6.61631e+07
69.8093,110.355,1.29937,0.38,0.02,2.05393,3.08843,0,0.384855,6.048,4.35599e+06,2.70226e+06,8.94688e+06,0,0,0,2.43529e+08,65.5073,79.791,1.89713,0,0,2.43408,1.39957,0,1.88057,2.96352,9.05263e+06,3.61194e+06,2.20348e+07,0,0,0,6.61631e+07
71.0262,110.355,3.8692,0.39,0.02,2.07611,3.18537,0,0.384906,6.048,4.35599e+06,2.98094e+06,9.04352e+06,0,0,0,2.43529e+08,66.0978,79.791,3.88864,0,0,2.44538,1.44491,0,1.88057,2.96352,9.05263e+06,3.98444e+06,2.21372e+07,0,0,0,6.61631e+07
73.7372,110.355,5.29246,0.43,0.04,1.82226,3.18554,0,0.389063,6.048,4.35599e+06,3.57713e+06,7.93776e+06,0,0,0,2.43529e+08,67.5499,79.791,5.72766,0,0,2.26433,1.44498,0,1.8893,2.96352,9.05263e+06,4.78133e+06,2.04982e+07,0,0,0,6.61631e+07
76.529,110.355,5.87399,0.38,0.04,2.1967,3.18571,0,0.341492,6.048,4.35599e+06,2.70226e+06,9.56881e+06,0,0,0,2.43529e+08,69.442,79.791,6.51673,0,0,2.43407,1.44506,0,1.74942,2.96352,9.05263e+06,3.61194e+06,2.20347e+07,0,0,0,6.61631e+07
79.4545,110.355,5.93432,0.39,0.04,2.1221,3.18588,0,0.411662,6.048,4.35599e+06,2.98094e+06,9.24386e+06,0,0,0,2.43529e+08,71.4324,79.791,7.1474,0,0,2.40012,1.44514,0,1.88056,2.96352,9.05263e+06,3.98444e+06,2.17274e+07,0,0,0,6.61631e+07
85.997,110.355,10.0696,0.36,0.04,2.50796,3.49681,0,0.397682,6.048,4.35599e+06,2.70226e+06,1.09246e+07,0,0,0,2.43529e+08,74.9788,79.791,9.61763,0,0,2.604,1.61514,0,1.85433,2.96352,9.05263e+06,3.61194e+06,2.3573e+07,0,0,0,6.61631e+07
88.322,110.355,5.91147,0.31,0.04,2.67815,3.497,0,0.469991,6.048,4.35599e+06,2.70226e+06,1.1666e+07,0,0,0,2.43529e+08,77.0908,79.791,7.2082,0,0,2.43408,1.61523,0,2.01185,2.96352,9.05263e+06,3.61194e+06,2.20348e+07,0,0,0,6.61631e+07
90.6621,110.355,5.99565,0.32,0.04,2.67842,3.49719,0,0.501885,6.048,4.35599e+06,2.70226e+06,1.16672e+07,0,0,0,2.43529e+08,79.2217,79.791,7.0433,0,0,2.43408,1.61532,0,1.88057,2.96352,9.05263e+06,3.61194e+06,2.20348e+07,0,0,0,6.61631e+07
93.0073,110.355,5.94889,0.27,0.04,2.6787,3.49737,0,0.501937,6.048,4.35599e+06,2.70226e+06,1.16684e+07,0,0,0,2.43529e+08,80.8192,79.791,6.83341,0,0,2.43408,1.6154,0,1.88057,2.96352,9.05263e+06,3.61194e+06,2.20348e+07,0,0,0,6.61631e+07
95.7723,110.355,5.96647,0.28,0.04,2.23563,3.05422,0,0.501988,6.048,4.35599e+06,2.70226e+06,9.73839e+06,0,0,0,2.43529e+08,80.8192,79.791,6.98415,0,0,2.20599,1.3874,0,1.88057,2.96352,9.05263e+06,3.61194e+06,1.997e+07,0,0,0,6.61631e+07
97.6443,110.355,4.77838,0.29,0.04,2.00779,3.05439,0,0.418958,6.048,4.35599e+06,2.70226e+06,8.74592e+06,0,0,0,2.43529e+08,80.8192,79.791,8.48073,0,0,2.43407,1.38747,0,1.70434,2.96352,9.05263e+06,3.61194e+06,2.20347e+07,0,0,0,6.61631e+07
101.905,110.355,7.45861,0.23,0.04,2.00803,3.05455,0,0.37626,6.048,4.35599e+06,2.70226e+06,8.74695e+06,0,0,0,2.43529e+08,80.8192,79.791,12.9822,0,0,2.43407,1.38754,0,1.88056,2.96352,9.05263e+06,3.61194e+06,2.20347e+07,0,0,0,6.61631e+07
106.748,110.355,8.13876,0.2,0.04,2.00827,3.05471,0,0.376305,6.048,4.35599e+06,2.70226e+06,8.74799e+06,0,0,0,2.43529e+08,80.8192,79.791,13.2412,0,0,2.43407,1.38762,0,1.88056,2.96352,9.05263e+06,3.61194e+06,2.20347e+07,0,0,0,6.61631e+07
110.355,110.355,7.38806,0.21,0.04,2.0085,3.05488,0,0.376349,6.048,4.35599e+06,2.70226e+06,8.74903e+06,0,0,0,2.43529e+08,80.8192,79.791,12.1725,0,0,2.43407,1.38769,0,1.88056,2.96352,9.05263e+06,3.61194e+06,2.20347e+07,0,0,0,6.61631e+07
110.355,110.355,6.99565,0.16,0.04,2.12037,3.16667,0,0.376394,6.048,4.35599e+06,2.70226e+06,9.2363e+06,0,0,0,2.43529e+08,80.8192,79.791,10.3448,0,0,2.48988,1.44358,0,1.88056,2.96352,9.05263e+06,3.61194e+06,2.254e+07,0,0,0,6.61631e+07
110.355,110.355,5.17598,0.15,0.04,2.17643,3.16684,0,0.397357,6.048,4.35599e+06,2.70226e+06,9.48049e+06,0,0,0,2.43529e+08,80.8192,79.791,7.44978,0,0,2.43407,1.44366,0,1.92368,2.96352,9.05263e+06,3.61194e+06,2.20347e+07,0,0,0,6.61631e+07
110.355,110.355,4.83045,0.15,0.04,2.17667,3.16701,0,0.407862,6.048,4.35599e+06,2.70226e+06,9.48157e+06,0,0,0,2.43529e+08,80.8192,79.791,6.00813,0,0,2.43407,1.44374,0,1.88056,2.96352,9.05263e+06,3.61194e+06,2.20347e+07,0,0,0,6.61631e+07
110.355,110.355,5.66251,0.15,0.04,2.17692,3.16718,0,0.407909,6.048,4.35599e+06,2.70226e+06,9.48264e+06,0,0,0,2.43529e+08,80.8192,79.791,6.56194,0,0,2.43407,1.44381,0,1.88056,2.96352,9.05263e+06,3.61194e+06,2.20347e+07,0,0,0,6.61631e+07
110.355,110.355,4.91064,0.15,0.04,2.13351,3.12369,0,0.407955,6.048,4.35599e+06,2.70226e+06,9.29356e+06,0,0,0,2.43529e+08,80.8192,79.791,6.06588,0,0,2.41239,1.42221,0,1.88056,2.96352,9.05263e+06,3.61194e+06,2.18385e+07,0,0,0,6.61631e+07
110.355,110.355,3.93245,0.14,0.04,2.11208,3.12386,0,0.39982,6.048,4.35599e+06,2.70226e+06,9.20018e+06,0,0,0,2.43529e+08,80.8192,79.791,4.55156,0,0,2.43407,1.42229,0,1.86381,2.96352,9.05263e+06,3.61194e+06,2.20347e+07,0,0,0,6.61631e+07
110.355,110.355,3.67414,0.1,0.04,2.11232,3.12403,0,0.395803,6.048,4.35599e+06,2.70226e+06,9.20124e+06,0,0,0,2.43529e+08,80.8192,79.791,4.03817,0,0,2.43407,1.42236,0,1.88056,2.96352,9.05263e+06,3.61194e+06,2.20347e+07,0,0,0,6.61631e+07
110.355,110.355,3.34529,0.1,0.04,2.11256,3.12419,0,0.395849,6.048,4.35599e+06,2.70226e+06,9.2023e+06,0,0,0,2.43529e+08,80.8192,79.791,3.79457,0,0,2.43407,1.42244,0,1.88056,2.96352,9.05263e+06,3.61194e+06,2.20347e+07,0,0,0,6.61631e+07
110.355,110.355,3.29626,0.08,0.04,2.26102,3.27257,0,0.395894,6.048,4.35599e+06,2.70226e+06,9.84896e+06,0,0,0,2.43529e+08,80.8192,79.791,3.85555,0,0,2.51098,1.49942,0,1.88056,2.96352,9.05263e+06,3.61194e+06,2.2731e+07,0,0,0,6.61631e+07
110.355,110.355,3.07514,0.08,0.04,2.33818,3.27275,0,0.423714,6.048,4.35599e+06,2.70226e+06,1.01851e+07,0,0,0,2.43529e+08,80.8192,79.791,3.3787,0,0,2.43407,1.4995,0,1.93998,2.96352,9.05263e+06,3.61194e+06,2.20348e+07,0,0,0,6.61631e+07
110.355,110.355,2.85423,0.08,0.04,2.33843,3.27292,0,0.438174,6.048,4.35599e+06,2.70226e+06,1.01862e+07,0,0,0,2.43529e+08,80.8192,79.791,3.05669,0,0,2.43407,1.49958,0,1.88056,2.96352,9.05263e+06,3.61194e+06,2.20348e+07,0,0,0,6.61631e+07
110.355,110.355,2.80182,0.07,0.04,2.33869,3.2731,0,0.438222,6.048,4.35599e+06,2.70226e+06,1.01873e+07,0,0,0,2.43529e+08,80.8192,79.791,3.08761,0,0,2.43407,1.49966,0,1.88056,2.96352,9.05263e+06,3.61194e+06,2.20348e+07,0,0,0,6.61631e+07
110.102,110.355,2.5149,0.07,0.04,2.33894,3.27327,0,0.43827,6.048,4.35599e+06,2.70226e+06,1.01884e+07,0,0,0,2.43529e+08,80.8192,79.791,3.12171,0,0,2.43407,1.49974,0,1.88056,2.96352,9.05263e+06,3.61194e+06,2.20348e+07,0,0,0,6.61631e+07
109.96,110.355,2.665,0.07,0.04,2.30988,3.24413,0,0.438318,6.048,4.35599e+06,2.70226e+06,1.00618e+07,0,0,0,2.43529e+08,80.8192,79.791,3.39181,0,0,2.47635,1.54211,0,1.88056,2.96352,9.05263e+06,3.61194e+06,2.24175e+07,0,0,0,6.61631e+07
109.682,110.355,2.51863,0.07,0.04,2.35242,3.2443,0,0.432872,6.048,4.35599e+06,2.70226e+06,1.02471e+07,0,0,0,2.43529e+08,80.8192,79.791,3.27434,0,0,2.43407,1.54219,0,1.91323,2.96352,9.05263e+06,3.61194e+06,2.20348e+07,0,0,0,6.61631e+07
109.288,110.355,2.3824,0.07,0.04,2.35267,3.24448,0,0.440843,6.048,4.35599e+06,2.70226e+06,1.02482e+07,0,0,0,2.43529e+08,80.7658,79.791,3.10472,0,0,2.43407,1.54227,0,1.88057,2.96352,9.05263e+06,3.61194e+06,2.20348e+07,0,0,0,6.61631e+07
108.735,110.355,2.21223,0.08,0.04,2.35293,3.24465,0,0.440891,6.048,4.35599e+06,2.70226e+06,1.02493e+07,0,0,0,2.43529e+08,80.6264,79.791,2.89956,0,0,2.43407,1.54235,0,1.88057,2.96352,9.05263e+06,3.61194e+06,2.20348e+07,0,0,0,6.61631e+07
108.194,110.355,2.26406,0.08,0.04,2.42891,3.32055,0,0.440939,6.048,4.35599e+06,2.70226e+06,1.05803e+07,0,0,0,2.43529e+08,80.497,79.791,2.8819,0,0,2.47176,1.58013,0,1.88057,2.96352,9.05263e+06,3.61194e+06,2.2376e+07,0,0,0,6.61631e+07
107.67,110.355,2.29163,0.08,0.04,2.46686,3.32073,0,0.455178,6.048,4.35599e+06,2.70226e+06,1.07456e+07,0,0,0,2.43529e+08,80.3826,79.791,2.98114,0,0,2.43408,1.58021,0,1.90969,2.96352,9.05263e+06,3.61194e+06,2.20348e+07,0,0,0,6.61631e+07
106.877,110.355,2.01118,0.08,0.04,2.46713,3.32091,0,0.46229,6.048,4.35599e+06,2.70226e+06,1.07468e+07,0,0,0,2.43529e+08,80.2189,79.791,2.74364,0,0,2.43408,1.5803,0,1.88057,2.96352,9.05263e+06,3.61194e+06,2.20348e+07,0,0,0,6.61631e+07
105.951,110.355,1.85824,0.1,0.04,2.46739,3.32109,0,0.46234,6.048,4.35599e+06,2.70226e+06,1.07479e+07,0,0,0,2.43529e+08,80.0389,79.791,2.65017,0,0,2.43408,1.58038,0,1.88057,2.96352,9.05263e+06,3.61194e+06,2.20348e+07,0,0,0,6.61631e+07
104.531,110.355,1.53839,0.1,0.04,2.68947,3.54308,0,0.462389,6.048,4.35599e+06,2.70226e+06,1.17153e+07,0,0,0,2.43529e+08,79.8674,79.791,2.63836,0,0,2.57015,1.71654,0,1.88057,2.96352,9.05263e+06,3.61194e+06,2.32666e+07,0,0,0,6.61631e+07
102.94,110.355,1.50927,0.11,0.04,2.82581,3.54327,0,0.504006,6.048,4.35599e+06,2.70226e+06,1.23092e+07,0,0,0,2.43529e+08,79.7224,79.791,2.54754,0,0,2.43408,1.71663,0,1.9857,2.96352,9.05263e+06,3.61194e+06,2.20349e+07,0,0,0,6.61631e+07
101.693,110.355,1.84923,0.11,0.04,2.82609,3.54346,0,0.529557,6.048,4.35599e+06,2.70226e+06,1.23104e+07,0,0,0,2.43529e+08,79.6274,79.791,2.84543,0,0,2.43408,1.71672,0,1.88057,2.96352,9.05263e+06,3.61194e+06,2.20349e+07,0,0,0,6.61631e+07
100.117,110.355,1.50518,0.11,0.04,2.82637,3.54365,0,0.52961,6.048,4.35599e+06,2.70226e+06,1.23117e+07,0,0,0,2.43529e+08,79.4672,79.791,2.55935,0,0,2.43408,1.71681,0,1.88057,2.96352,9.05263e+06,3.61194e+06,2.20349e+07,0,0,0,6.61631e+07
98.3821,110.355,1.35977,0.13,0.04,2.82666,3.54384,0,0.529663,6.048,4.35599e+06,2.70226e+06,1.23129e+07,0,0,0,2.43529e+08,79.2654,79.791,2.42653,0,0,2.43408,1.7169,0,1.88057,2.96352,9.05263e+06,3.61194e+06,2.20349e+07,0,0,0,6.61631e+07
96.8773,110.355,1.53574,0.13,0.04,2.71881,3.43589,0,0.529715,6.048,4.35599e+06,2.70226e+06,1.18431e+07,0,0,0,2.43529e+08,78.9611,79.791,2.34057,0,0,2.35147,1.63438,0,1.88057,2.96352,9.05263e+06,3.61194e+06,2.1287e+07,0,0,0,6.61631e+07
95.5503,110.355,1.64684,0.13,0.04,2.63647,3.43608,0,0.509504,6.048,4.35599e+06,2.70226e+06,1.14844e+07,0,0,0,2.43529e+08,78.6717,79.791,2.32361,0,0,2.43408,1.63447,0,1.81675,2.96352,9.05263e+06,3.61194e+06,2.20348e+07,0,0,0,6.61631e+07
94.7827,110.355,2.2108,0.15,0.04,2.63674,3.43626,0,0.494074,6.048,4.35599e+06,2.70226e+06,1.14856e+07,0,0,0,2.43529e+08,78.6077,79.791,2.84288,0,0,2.43408,1.63456,0,1.88057,2.96352,9.05263e+06,3.61194e+06,2.20348e+07,0,0,0,6.61631e+07
94.118,110.355,2.47076,0.16,0.04,2.63701,3.43645,0,0.494125,6.048,4.35599e+06,2.70226e+06,1.14868e+07,0,0,0,2.43529e+08,78.9198,79.791,3.65468,0,0,2.43408,1.63465,0,1.88057,2.96352,9.05263e+06,3.61194e+06,2.20348e+07,0,0,0,6.61631e+07
93.267,110.355,2.12368,0.16,0.04,2.54851,3.34785,0,0.494176,6.048,4.35599e+06,2.70226e+06,1.11013e+07,0,0,0,2.43529e+08,78.7869,79.791,2.53414,0,0,2.35887,1.55952,0,1.88057,2.96352,9.05263e+06,3.61194e+06,2.13539e+07,0,0,0,6.61631e+07
91.9543,110.355,1.62117,0.16,0.04,2.47356,3.34803,0,0.47759,6.048,4.35599e+06,2.70226e+06,1.07748e+07,0,0,0,2.43529e+08,78.7007,79.791,2.46336,0,0,2.43408,1.5596,0,1.82246,2.96352,9.05263e+06,3.61194e+06,2.20348e+07,0,0,0,6.61631e+07
90.661,110.355,1.60337,0.16,0.04,2.47382,3.34821,0,0.463545,6.048,4.35599e+06,2.70226e+06,1.0776e+07,0,0,0,2.43529e+08,78.4605,79.791,2.5089,0,0,2.43408,1.55969,0,1.88057,2.96352,9.05263e+06,3.61194e+06,2.20348e+07,0,0,0,6.61631e+07
89.7172,110.355,2.09193,0.16,0.04,2.47409,3.34839,0,0.463595,6.048,4.35599e+06,2.70226e+06,1.07771e+07,0,0,0,2.43529e+08,78.6473,79.791,3.11026,0,0,2.43408,1.55977,0,1.88057,2.96352,9.05263e+06,3.61194e+06,2.20348e+07,0,0,0,6.61631e+07
91.1655,110.355,4.27215,0.21,0.04,2.22216,3.09639,0,0.463644,6.048,4.35599e+06,2.70226e+06,9.67972e+06,0,0,0,2.43529e+08,78.4477,79.791,3.13041,0,0,2.27739,1.40317,0,1.88057,2.96352,9.05263e+06,3.61194e+06,2.06164e+07,0,0,0,6.61631e+07
91.3458,110.355,2.85856,0.12,0.04,2.06573,3.09655,0,0.416434,6.048,4.35599e+06,2.70226e+06,8.9983e+06,0,0,0,2.43529e+08,78.279,79.791,2.52274,0,0,2.43407,1.40325,0,1.75951,2.96352,9.05263e+06,3.61194e+06,2.20347e+07,0,0,0,6.61631e+07
92.3313,110.355,3.71092,0.11,0.04,2.06597,3.09672,0,0.387118,6.048,4.35599e+06,2.70226e+06,8.99935e+06,0,0,0,2.43529e+08,78.3934,79.791,3.54454,0,0,2.43407,1.40332,0,1.88056,2.96352,9.05263e+06,3.61194e+06,2.20347e+07,0,0,0,6.61631e+07
92.7084,110.355,3.14833,0.12,0.04,2.06621,3.09688,0,0.387163,6.048,4.35599e+06,2.70226e+06,9.00041e+06,0,0,0,2.43529e+08,78.4746,79.791,3.13735,0,0,2.43407,1.4034,0,1.88056,2.96352,9.05263e+06,3.61194e+06,2.20347e+07,0,0,0,6.61631e+07
92.1462,110.355,2.18885,0.11,0.04,2.06645,3.09705,0,0.387208,6.048,4.35599e+06,2.70226e+06,9.00145e+06,0,0,0,2.43529e+08,78.3684,79.791,2.53285,0,0,2.43407,1.40347,0,1.88056,2.96352,9.05263e+06,3.61194e+06,2.20347e+07,0,0,0,6.61631e+07
92.5376,110.355,3.26337,0.09,0.04,2.06653,3.09705,0,0.387254,6.048,4.35599e+06,2.70226e+06,9.00178e+06,0,0,0,2.43529e+08,78.6734,79.791,3.71945,0,0,2.43399,1.40347,0,1.88056,2.96352,9.05263e+06,3.61194e+06,2.2034e+07,0,0,0,6.61631e+07
94.3129,110.355,4.73632,0.09,0.04,2.16371,3.19423,0,0.387268,6.048,4.35599e+06,2.70226e+06,9.42512e+06,0,0,0,2.43529e+08,79.3848,79.791,4.57168,0,0,2.47945,1.44893,0,1.8805,2.96352,9.05263e+06,3.61194e+06,2.24455e+07,0,0,0,6.61631e+07
99.2218,110.355,8.22514,0.11,0.04,2.20932,3.19438,0,0.40548,6.048,4.35599e+06,2.70226e+06,9.62377e+06,0,0,0,2.43529e+08,80.8192,79.791,9.30256,0,0,2.43406,1.44899,0,1.91562,2.96352,9.05263e+06,3.61194e+06,2.20347e+07,0,0,0,6.61631e+07
104.634,110.355,8.98584,0.07,0.04,2.20954,3.19453,0,0.414026,6.048,4.35599e+06,2.70226e+06,9.62472e+06,0,0,0,2.43529e+08,80.8192,79.791,6.56722,0,0,2.43406,1.44906,0,1.88055,2.96352,9.05263e+06,3.61194e+06,2.20347e+07,0,0,0,6.61631e+07
109.464,110.355,8.31831,0.04,0.04,2.20975,3.19468,0,0.414067,6.048,4.35599e+06,2.70226e+06,9.62566e+06,0,0,0,2.43529e+08,80.8192,79.791,6.20569,0,0,2.43406,1.44913,0,1.88055,2.96352,9.05263e+06,3.61194e+06,2.20347e+07,0,0,0,6.61631e+07
110.355,110.355,6.7911,0,0.04,3.50645,3.50645,0,0.414108,6.048,4.35599e+06,2.70226e+06,1.52741e+07,0,0,0,2.43529e+08,80.8192,79.791,7.88547,0,0,1.61959,1.61959,0,1.88055,2.96352,9.05263e+06,3.61194e+06,1.46616e+07,0,0,0,6.61631e+07
110.355,110.355,10.4415,0.08,0.04,2.69221,3.50661,0,0.657109,6.048,4.35599e+06,2.70226e+06,1.17273e+07,0,0,0,2.43529e+08,80.8192,79.791,12.4074,0,0,2.43407,1.61967,0,1.2513,2.96352,9.05263e+06,3.61194e+06,2.20347e+07,0,0,0,6.61631e+07
110.355,110.355,8.05263,0.14,0.04,2.69246,3.50678,0,0.504521,6.048,4.35599e+06,2.70226e+06,1.17283e+07,0,0,0,2.43529e+08,80.8192,79.791,10.5481,0,0,2.43407,1.61975,0,1.88056,2.96352,9.05263e+06,3.61194e+06,2.20347e+07,0,0,0,6.61631e+07
110.355,110.355,7.69759,0.14,0.04,2.6927,3.50694,0,0.504566,6.048,4.35599e+06,2.70226e+06,1.17294e+07,0,0,0,2.43529e+08,80.8192,79.791,8.94083,0,0,2.43407,1.61982,0,1.88056,2.96352,9.05263e+06,3.61194e+06,2.20347e+07,0,0,0,6.61631e+07
110.355,110.355,5.47965,0.15,0.04,2.24839,3.06256,0,0.504611,6.048,4.35599e+06,2.70226e+06,9.79395e+06,0,0,0,2.43529e+08,80.8192,79.791,5.24204,0,0,2.20535,1.39118,0,1.88056,2.96352,9.05263e+06,3.61194e+06,1.99643e+07,0,0,0,6.61631e+07
110.355,110.355,4.77536,0.15,0.04,2.01989,3.0627,0,0.421348,6.048,4.35599e+06,2.70226e+06,8.79863e+06,0,0,0,2.43529e+08,80.8192,79.791,4.067,0,0,2.43406,1.39125,0,1.70386,2.96352,9.05263e+06,3.61194e+06,2.20346e+07,0,0,0,6.61631e+07
110.355,110.355,6.40769,0.15,0.04,2.0201,3.06285,0,0.378528,6.048,4.35599e+06,2.70226e+06,8.79954e+06,0,0,0,2.43529e+08,80.8192,79.791,5.80303,0,0,2.43406,1.39131,0,1.88055,2.96352,9.05263e+06,3.61194e+06,2.20346e+07,0,0,0,6.61631e+07
110.355,110.355,8.13003,0.15,0.04,2.02031,3.06299,0,0.378567,6.048,4.35599e+06,2.70226e+06,8.80045e+06,0,0,0,2.43529e+08,80.8192,79.791,9.37536,0,0,2.43406,1.39138,0,1.88055,2.96352,9.05263e+06,3.61194e+06,2.20346e+07,0,0,0,6.61631e+07
110.355,110.355,3.68771,0.16,0.04,2.02052,3.06313,0,0.378606,6.048,4.35599e+06,2.70226e+06,8.80136e+06,0,0,0,2.43529e+08,80.8192,79.791,4.08429,0,0,2.43406,1.39144,0,1.88055,2.96352,9.05263e+06,3.61194e+06,2.20346e+07,0,0,0,6.61631e+07
110.355,110.355,4.48592,0.15,0.04,2.13265,3.1752,0,0.378645,6.048,4.35599e+06,2.70226e+06,9.28981e+06,0,0,0,2.43529e+08,80.8192,79.791,4.72288,0,0,2.49002,1.44747,0,1.88055,2.96352,9.05263e+06,3.61194e+06,2.25413e+07,0,0,0,6.61631e+07
110.355,110.355,4.68805,0.15,0.04,2.18883,3.17535,0,0.399659,6.048,4.35599e+06,2.70226e+06,9.53453e+06,0,0,0,2.43529e+08,80.8192,79.791,6.45154,0,0,2.43406,1.44754,0,1.92379,2.96352,9.05263e+06,3.61194e+06,2.20347e+07,0,0,0,6.61631e+07
110.355,110.355,3.3053,0.15,0.04,2.18905,3.1755,0,0.410187,6.048,4.35599e+06,2.70226e+06,9.53547e+06,0,0,0,2.43529e+08,80.8192,79.791,3.60857,0,0,2.43406,1.44761,0,1.88055,2.96352,9.05263e+06,3.61194e+06,2.20347e+07,0,0,0,6.61631e+07
110.355,110.355,3.39786,0.15,0.04,2.18927,3.17565,0,0.410228,6.048,4.35599e+06,2.70226e+06,9.53642e+06,0,0,0,2.43529e+08,80.8192,79.791,3.95274,0,0,2.43406,1.44768,0,1.88055,2.96352,9.05263e+06,3.61194e+06,2.20347e+07,0,0,0,6.61631e+07
110.355,110.355,3.27003,0.14,0.04,2.14571,3.13203,0,0.410268,6.048,4.35599e+06,2.70226e+06,9.3467e+06,0,0,0,2.43529e+08,80.8192,79.791,4.47104,0,0,2.41232,1.426,0,1.88055,2.96352,9.05263e+06,3.61194e+06,2.18378e+07,0,0,0,6.61631e+07
110.355,110.355,2.95426,0.1,0.04,2.12419,3.13217,0,0.402106,6.048,4.35599e+06,2.70226e+06,9.25293e+06,0,0,0,2.43529e+08,80.8192,79.791,4.34897,0,0,2.43406,1.42607,0,1.86376,2.96352,9.05263e+06,3.61194e+06,2.20346e+07,0,0,0,6.61631e+07
110.355,110.355,3.32586,0.1,0.04,2.1244,3.13232,0,0.398072,6.048,4.35599e+06,2.70226e+06,9.25386e+06,0,0,0,2.43529e+08,80.8192,79.791,3.95885,0,0,2.43406,1.42614,0,1.88055,2.96352,9.05263e+06,3.61194e+06,2.20346e+07,0,0,0,6.61631e+07
110.355,110.355,2.89441,0.08,0.04,2.12461,3.13247,0,0.398112,6.048,4.35599e+06,2.70226e+06,9.25479e+06,0,0,0,2.43529e+08,80.8192,79.791,3.9368,0,0,2.43406,1.4262,0,1.88055,2.96352,9.05263e+06,3.61194e+06,2.20346e+07,0,0,0,6.61631e+07
110.237,110.355,2.61341,0.07,0.04,2.27343,3.28122,0,0.398152,6.048,4.35599e+06,2.70226e+06,9.90303e+06,0,0,0,2.43529e+08,80.8192,79.791,3.68002,0,0,2.51117,1.50338,0,1.88055,2.96352,9.05263e+06,3.61194e+06,2.27327e+07,0,0,0,6.61631e+07
109.973,110.355,2.39662,0.07,0.04,2.35076,3.28137,0,0.42604,6.048,4.35599e+06,2.70226e+06,1.02399e+07,0,0,0,2.43529e+08,80.8192,79.791,3.26334,0,0,2.43406,1.50345,0,1.94013,2.96352,9.05263e+06,3.61194e+06,2.20347e+07,0,0,0,6.61631e+07
109.621,110.355,2.2972,0.07,0.04,2.35098,3.28152,0,0.440533,6.048,4.35599e+06,2.70226e+06,1.02409e+07,0,0,0,2.43529e+08,80.8192,79.791,3.25238,0,0,2.43406,1.50352,0,1.88056,2.96352,9.05263e+06,3.61194e+06,2.20347e+07,0,0,0,6.61631e+07
109.15,110.355,2.18123,0.07,0.04,2.35121,3.28168,0,0.440575,6.048,4.35599e+06,2.70226e+06,1.02418e+07,0,0,0,2.43529e+08,80.8192,79.791,3.38829,0,0,2.43406,1.50359,0,1.88056,2.96352,9.05263e+06,3.61194e+06,2.20347e+07,0,0,0,6.61631e+07
108.681,110.355,2.2528,0.07,0.04,2.35143,3.28183,0,0.440617,6.048,4.35599e+06,2.70226e+06,1.02428e+07,0,0,0,2.43529e+08,80.8192,79.791,3.68568,0,0,2.43406,1.50367,0,1.88056,2.96352,9.05263e+06,3.61194e+06,2.20347e+07,0,0,0,6.61631e+07
108.198,110.355,2.16817,0.07,0.04,2.32226,3.25259,0,0.440659,6.048,4.35599e+06,2.70226e+06,1.01158e+07,0,0,0,2.43529e+08,80.8192,79.791,3.63234,0,0,2.47645,1.54613,0,1.88056,2.96352,9.05263e+06,3.61194e+06,2.24184e+07,0,0,0,6.61631e+07
107.582,110.355,2.05638,0.07,0.04,2.36488,3.25274,0,0.435192,6.048,4.35599e+06,2.70226e+06,1.03014e+07,0,0,0,2.43529e+08,80.8192,79.791,3.45141,0,0,2.43406,1.5462,0,1.91331,2.96352,9.05263e+06,3.61194e+06,2.20347e+07,0,0,0,6.61631e+07
106.819,110.355,1.90126,0.07,0.04,2.3651,3.25289,0,0.443178,6.048,4.35599e+06,2.70226e+06,1.03024e+07,0,0,0,2.43529e+08,80.8192,79.791,3.20382,0,0,2.43406,1.54627,0,1.88056,2.96352,9.05263e+06,3.61194e+06,2.20347e+07,0,0,0,6.61631e+07
105.884,110.355,1.71363,0.1,0.04,2.36533,3.25305,0,0.44322,6.048,4.35599e+06,2.70226e+06,1.03033e+07,0,0,0,2.43529e+08,80.8192,79.791,2.7566,0,0,2.43406,1.54634,0,1.88056,2.96352,9.05263e+06,3.61194e+06,2.20347e+07,0,0,0,6.61631e+07
104.943,110.355,1.7681,0.1,0.04,2.44148,3.32912,0,0.443262,6.048,4.35599e+06,2.70226e+06,1.0635e+07,0,0,0,2.43529e+08,80.8192,79.791,2.90012,0,0,2.47185,1.58421,0,1.88056,2.96352,9.05263e+06,3.61194e+06,2.23768e+07,0,0,0,6.61631e+07
103.86,110.355,1.63552,0.1,0.04,2.47949,3.32928,0,0.457533,6.048,4.35599e+06,2.70226e+06,1.08006e+07,0,0,0,2.43529e+08,80.8192,79.791,2.87103,0,0,2.43407,1.58428,0,1.90975,2.96352,9.05263e+06,3.61194e+06,2.20347e+07,0,0,0,6.61631e+07
102.664,110.355,1.51586,0.1,0.04,2.47972,3.32943,0,0.464657,6.048,4.35599e+06,2.70226e+06,1.08016e+07,0,0,0,2.43529e+08,80.7872,79.791,2.57027,0,0,2.43407,1.58435,0,1.88056,2.96352,9.05263e+06,3.61194e+06,2.20347e+07,0,0,0,6.61631e+07
101.512,110.355,1.54216,0.05,0.04,2.47995,3.32959,0,0.4647,6.048,4.35599e+06,2.70226e+06,1.08026e+07,0,0,0,2.43529e+08,80.8192,79.791,2.90947,0,0,2.43407,1.58443,0,1.88056,2.96352,9.05263e+06,3.61194e+06,2.20347e+07,0,0,0,6.61631e+07
100.288,110.355,1.73212,0.13,0.04,2.70256,3.55213,0,0.464743,6.048,4.35599e+06,2.70226e+06,1.17723e+07,0,0,0,2.43529e+08,80.8192,79.791,3.04512,0,0,2.57049,1.72092,0,1.88056,2.96352,9.05263e+06,3.61194e+06,2.32697e+07,0,0,0,6.61631e+07
98.8128,110.355,1.59343,0.07,0.04,2.83922,3.55229,0,0.50646,6.048,4.35599e+06,2.70226e+06,1.23676e+07,0,0,0,2.43529e+08,80.8192,79.791,2.87325,0,0,2.43407,1.721,0,1.98596,2.96352,9.05263e+06,3.61194e+06,2.20348e+07,0,0,0,6.61631e+07
97.6492,110.355,1.89811,0.07,0.04,2.83947,3.55246,0,0.53207,6.048,4.35599e+06,2.70226e+06,1.23687e+07,0,0,0,2.43529e+08,80.8192,79.791,3.10291,0,0,2.43407,1.72108,0,1.88056,2.96352,9.05263e+06,3.61194e+06,2.20348e+07,0,0,0,6.61631e+07
95.6535,110.355,1.67347,0,0.04,3.55263,3.55263,0,0.532116,6.048,4.35599e+06,2.70226e+06,1.54752e+07,0,0,0,2.43529e+08,80.8192,79.791,2.98529,0,0,1.72116,1.72116,0,1.88056,2.96352,9.05263e+06,3.61194e+06,1.55811e+07,0,0,0,6.61631e+07
94.0182,110.355,1.40124,0.08,0.04,2.83996,3.55279,0,0.665762,6.048,4.35599e+06,2.70226e+06,1.23708e+07,0,0,0,2.43529e+08,80.4536,79.791,2.27392,0,0,2.43407,1.72124,0,1.32977,2.96352,9.05263e+06,3.61194e+06,2.20348e+07,0,0,0,6.61631e+07
91.8485,110.355,1.42321,0,0.04,3.44455,3.44455,0,0.532209,6.048,4.35599e+06,2.70226e+06,1.50044e+07,0,0,0,2.43529e+08,80.2517,79.791,2.05276,0,0,1.6385,1.6385,0,1.88056,2.96352,9.05263e+06,3.61194e+06,1.48328e+07,0,0,0,6.61631e+07
89.7171,110.355,1.4823,0,0.04,3.44472,3.44472,0,0.645509,6.048,4.35599e+06,2.70226e+06,1.50051e+07,0,0,0,2.43529e+08,80.3442,79.791,3.05243,0,0,1.63858,1.63858,0,1.26591,2.96352,9.05263e+06,3.61194e+06,1.48335e+07,0,0,0,6.61631e+07
87.5888,110.355,1.46797,0,0.04,3.44488,3.44488,0,0.64554,6.048,4.35599e+06,2.70226e+06,1.50058e+07,0,0,0,2.43529e+08,80.5684,79.791,3.52299,0,0,1.63866,1.63866,0,1.26597,2.96352,9.05263e+06,3.61194e+06,1.48342e+07,0,0,0,6.61631e+07
85.2644,110.355,1.24291,0,0.04,3.44504,3.44504,0,0.64557,6.048,4.35599e+06,2.70226e+06,1.50065e+07,0,0,0,2.43529e+08,80.4771,79.791,2.27815,0,0,1.63873,1.63873,0,1.26603,2.96352,9.05263e+06,3.61194e+06,1.48349e+07,0,0,0,6.61631e+07
83.1939,110.355,1.40829,0,0.04,3.3562,3.3562,0,0.6456,6.048,4.35599e+06,2.70226e+06,1.46196e+07,0,0,0,2.43529e+08,80.4244,79.791,2.59511,0,0,1.56341,1.56341,0,1.26609,2.96352,9.05263e+06,3.61194e+06,1.4153e+07,0,0,0,6.61631e+07
83.6448,110.355,3.96166,0,0.04,3.35636,3.35636,0,0.628952,6.048,4.35599e+06,2.70226e+06,1.46203e+07,0,0,0,2.43529e+08,80.8192,79.791,5.82927,0,0,1.56348,1.56348,0,1.20789,2.96352,9.05263e+06,3.61194e+06,1.41536e+07,0,0,0,6.61631e+07
82.6905,110.355,2.54698,0,0.04,3.35652,3.35652,0,0.628982,6.048,4.35599e+06,2.70226e+06,1.46209e+07,0,0,0,2.43529e+08,80.8192,79.791,2.56694,0,0,1.56356,1.56356,0,1.20795,2.96352,9.05263e+06,3.61194e+06,1.41543e+07,0,0,0,6.61631e+07
81.9968,110.355,2.77964,0,0.04,3.35667,3.35667,0,0.629011,6.048,4.35599e+06,2.70226e+06,1.46216e+07,0,0,0,2.43529e+08,80.8108,79.791,3.49457,0,0,1.56363,1.56363,0,1.208,2.96352,9.05263e+06,3.61194e+06,1.4155e+07,0,0,0,6.61631e+07
80.5591,110.355,1.85844,0,0.04,3.10402,3.10402,0,0.629041,6.048,4.35599e+06,2.70226e+06,1.35211e+07,0,0,0,2.43529e+08,80.8192,79.791,2.40238,0,0,1.40663,1.40663,0,1.20806,2.96352,9.05263e+06,3.61194e+06,1.27337e+07,0,0,0,6.61631e+07
80.2578,110.355,3.00276,0,0.04,3.10417,3.10417,0,0.581694,6.048,4.35599e+06,2.70226e+06,1.35217e+07,0,0,0,2.43529e+08,80.8192,79.791,2.41595,0,0,1.4067,1.4067,0,1.08677,2.96352,9.05263e+06,3.61194e+06,1.27343e+07,0,0,0,6.61631e+07
79.6025,110.355,2.69292,0,0.04,3.10431,3.10431,0,0.581721,6.048,4.35599e+06,2.70226e+06,1.35224e+07,0,0,0,2.43529e+08,80.8192,79.791,2.64491,0,0,1.40677,1.40677,0,1.08682,2.96352,9.05263e+06,3.61194e+06,1.27349e+07,0,0,0,6.61631e+07
81.6772,110.355,5.5141,0,0.04,3.10446,3.10446,0,0.581748,6.048,4.35599e+06,2.70226e+06,1.3523e+07,0,0,0,2.43529e+08,80.8192,79.791,6.04134,0,0,1.40683,1.40683,0,1.08687,2.96352,9.05263e+06,3.61194e+06,1.27355e+07,0,0,0,6.61631e+07
82.703,110.355,4.45548,0,0.04,3.1046,3.1046,0,0.581776,6.048,4.35599e+06,2.70226e+06,1.35236e+07,0,0,0,2.43529e+08,80.8192,79.791,4.15786,0,0,1.4069,1.4069,0,1.08692,2.96352,9.05263e+06,3.61194e+06,1.27361e+07,0,0,0,6.61631e+07
84.072,110.355,5.11178,0,0.04,3.20201,3.20201,0,0.581803,6.048,4.35599e+06,2.70226e+06,1.39479e+07,0,0,0,2.43529e+08,80.8192,79.791,5.72731,0,0,1.45245,1.45245,0,1.08697,2.96352,9.05263e+06,3.61194e+06,1.31485e+07,0,0,0,6.61631e+07
84.4115,110.355,3.98032,0,0.04,3.20213,3.20213,0,0.600056,6.048,4.35599e+06,2.70226e+06,1.39485e+07,0,0,0,2.43529e+08,80.8192,79.791,4.38089,0,0,1.45251,1.45251,0,1.12216,2.96352,9.05263e+06,3.61194e+06,1.3149e+07,0,0,0,6.61631e+07
84.3977,110.355,3.59451,0,0.04,3.20226,3.20226,0,0.60008,6.048,4.35599e+06,2.70226e+06,1.3949e+07,0,0,0,2.43529e+08,80.8192,79.791,4.06808,0,0,1.45257,1.45257,0,1.12221,2.96352,9.05263e+06,3.61194e+06,1.31496e+07,0,0,0,6.61631e+07
84.4425,110.355,3.64611,0,0.04,3.20239,3.20239,0,0.600104,6.048,4.35599e+06,2.70226e+06,1.39496e+07,0,0,0,2.43529e+08,80.7743,79.791,3.95614,0,0,1.45263,1.45263,0,1.12225,2.96352,9.05263e+06,3.61194e+06,1.31501e+07,0,0,0,6.61631e+07
83.3837,110.355,2.79076,0,0.04,3.51489,3.51489,0,0.600128,6.048,4.35599e+06,2.70226e+06,1.53108e+07,0,0,0,2.43529e+08,80.8192,79.791,2.80502,0,0,1.62349,1.62349,0,1.1223,2.96352,9.05263e+06,3.61194e+06,1.46969e+07,0,0,0,6.61631e+07
84.0563,110.355,4.60181,0,0.04,3.51503,3.51503,0,0.65869,6.048,4.35599e+06,2.70226e+06,1.53114e+07,0,0,0,2.43529e+08,80.8192,79.791,4.93645,0,0,1.62356,1.62356,0,1.25431,2.96352,9.05263e+06,3.61194e+06,1.46975e+07,0,0,0,6.61631e+07
83.5283,110.355,3.33623,0,0.04,3.51517,3.51517,0,0.658717,6.048,4.35599e+06,2.70226e+06,1.5312e+07,0,0,0,2.43529e+08,80.706,79.791,3.65167,0,0,1.62362,1.62362,0,1.25436,2.96352,9.05263e+06,3.61194e+06,1.46981e+07,0,0,0,6.61631e+07
82.9083,110.355,3.23926,0,0.04,3.51531,3.51531,0,0.658743,6.048,4.35599e+06,2.70226e+06,1.53127e+07,0,0,0,2.43529e+08,80.7906,79.791,2.45636,0,0,1.62369,1.62369,0,1.25441,2.96352,9.05263e+06,3.61194e+06,1.46986e+07,0,0,0,6.61631e+07
85.6133,110.355,6.44876,0,0.04,3.06985,3.06985,0,0.65877,6.048,4.35599e+06,2.70226e+06,1.33722e+07,0,0,0,2.43529e+08,80.8192,79.791,3.67561,0,0,1.39449,1.39449,0,1.25446,2.96352,9.05263e+06,3.61194e+06,1.26238e+07,0,0,0,6.61631e+07
89.0739,110.355,7.25307,0,0.04,3.06997,3.06997,0,0.57529,6.048,4.35599e+06,2.70226e+06,1.33728e+07,0,0,0,2.43529e+08,80.8192,79.791,4.80013,0,0,1.39455,1.39455,0,1.07739,2.96352,9.05263e+06,3.61194e+06,1.26243e+07,0,0,0,6.61631e+07
92.0611,110.355,6.88503,0,0.04,3.0701,3.0701,0,0.575313,6.048,4.35599e+06,2.70226e+06,1.33733e+07,0,0,0,2.43529e+08,80.8192,79.791,5.01839,0,0,1.39461,1.39461,0,1.07743,2.96352,9.05263e+06,3.61194e+06,1.26249e+07,0,0,0,6.61631e+07
95.2867,110.355,7.05552,0,0.04,3.07022,3.07022,0,0.575336,6.048,4.35599e+06,2.70226e+06,1.33738e+07,0,0,0,2.43529e+08,80.8192,79.791,5.88028,0,0,1.39466,1.39466,0,1.07747,2.96352,9.05263e+06,3.61194e+06,1.26254e+07,0,0,0,6.61631e+07
97.4737,110.355,6.01015,0,0.04,3.07034,3.07034,0,0.575359,6.048,4.35599e+06,2.70226e+06,1.33744e+07,0,0,0,2.43529e+08,80.7334,79.791,5.20072,0,0,1.39472,1.39472,0,1.07752,2.96352,9.05263e+06,3.61194e+06,1.26259e+07,0,0,0,6.61631e+07
97.1057,110.355,3.4334,0,0.04,3.18265,3.18265,0,0.575382,6.048,4.35599e+06,2.70226e+06,1.38636e+07,0,0,0,2.43529e+08,80.5322,79.791,2.90741,0,0,1.45087,1.45087,0,1.07756,2.96352,9.05263e+06,3.61194e+06,1.31342e+07,0,0,0,6.61631e+07
96.1406,110.355,2.79685,0,0.04,3.18278,3.18278,0,0.596429,6.048,4.35599e+06,2.70226e+06,1.38642e+07,0,0,0,2.43529e+08,80.4692,79.791,2.44415,0,0,1.45093,1.45093,0,1.12094,2.96352,9.05263e+06,3.61194e+06,1.31347e+07,0,0,0,6.61631e+07
95.3454,110.355,2.8813,0,0.04,3.18291,3.18291,0,0.596453,6.048,4.35599e+06,2.70226e+06,1.38647e+07,0,0,0,2.43529e+08,80.7284,79.791,2.36368,0,0,1.45099,1.45099,0,1.12099,2.96352,9.05263e+06,3.61194e+06,1.31353e+07,0,0,0,6.61631e+07
94.6722,110.355,3.00014,0,0.04,3.18304,3.18304,0,0.596477,6.048,4.35599e+06,2.70226e+06,1.38653e+07,0,0,0,2.43529e+08,80.5053,79.791,2.62745,0,0,1.45105,1.45105,0,1.12103,2.96352,9.05263e+06,3.61194e+06,1.31358e+07,0,0,0,6.61631e+07
93.6968,110.355,2.64787,0,0.04,3.1393,3.1393,0,0.596501,6.048,4.35599e+06,2.70226e+06,1.36747e+07,0,0,0,2.43529e+08,80.411,79.791,2.27053,0,0,1.42931,1.42931,0,1.12108,2.96352,9.05263e+06,3.61194e+06,1.29391e+07,0,0,0,6.61631e+07
92.4428,110.355,2.34312,0,0.04,3.13942,3.13942,0,0.588304,6.048,4.35599e+06,2.70226e+06,1.36753e+07,0,0,0,2.43529e+08,80.3706,79.791,2.04444,0,0,1.42937,1.42937,0,1.10429,2.96352,9.05263e+06,3.61194e+06,1.29396e+07,0,0,0,6.61631e+07
91.1388,110.355,2.16914,0,0.04,3.13955,3.13955,0,0.588328,6.048,4.35599e+06,2.70226e+06,1.36758e+07,0,0,0,2.43529e+08,80.3734,79.791,1.88396,0,0,1.42943,1.42943,0,1.10433,2.96352,9.05263e+06,3.61194e+06,1.29401e+07,0,0,0,6.61631e+07
89.7976,110.355,2.11874,0,0.04,3.13967,3.13967,0,0.588351,6.048,4.35599e+06,2.70226e+06,1.36764e+07,0,0,0,2.43529e+08,80.4874,79.791,2.145,0,0,1.42949,1.42949,0,1.10438,2.96352,9.05263e+06,3.61194e+06,1.29406e+07,0,0,0,6.61631e+07
88.4774,110.355,2.26129,0,0.04,3.28874,3.28874,0,0.588375,6.048,4.35599e+06,2.70226e+06,1.43257e+07,0,0,0,2.43529e+08,80.6511,79.791,2.31853,0,0,1.50683,1.50683,0,1.10442,2.96352,9.05263e+06,3.61194e+06,1.36408e+07,0,0,0,6.61631e+07
86.999,110.355,2.02294,0,0.04,3.28888,3.28888,0,0.616311,6.048,4.35599e+06,2.70226e+06,1.43263e+07,0,0,0,2.43529e+08,80.7559,79.791,2.10735,0,0,1.50689,1.50689,0,1.16418,2.96352,9.05263e+06,3.61194e+06,1.36414e+07,0,0,0,6.61631e+07
85.438,110.355,1.89929,0,0.04,3.28901,3.28901,0,0.616335,6.048,4.35599e+06,2.70226e+06,1.43269e+07,0,0,0,2.43529e+08,80.6929,79.791,2.14208,0,0,1.50695,1.50695,0,1.16423,2.96352,9.05263e+06,3.61194e+06,1.36419e+07,0,0,0,6.61631e+07
83.8187,110.355,1.82323,0,0.04,3.28914,3.28914,0,0.61636,6.048,4.35599e+06,2.70226e+06,1.43275e+07,0,0,0,2.43529e+08,80.8192,79.791,2.0925,0,0,1.50701,1.50701,0,1.16427,2.96352,9.05263e+06,3.61194e+06,1.36425e+07,0,0,0,6.61631e+07
82.2954,110.355,1.83773,0,0.04,3.28927,3.28927,0,0.616385,6.048,4.35599e+06,2.70226e+06,1.4328e+07,0,0,0,2.43529e+08,80.8192,79.791,2.41945,0,0,1.50708,1.50708,0,1.16432,2.96352,9.05263e+06,3.61194e+06,1.3643e+07,0,0,0,6.61631e+07
80.6931,110.355,1.7147,0,0.04,3.25994,3.25994,0,0.61641,6.048,4.35599e+06,2.70226e+06,1.42003e+07,0,0,0,2.43529e+08,80.8192,79.791,2.49082,0,0,1.54962,1.54962,0,1.16437,2.96352,9.05263e+06,3.61194e+06,1.40282e+07,0,0,0,6.61631e+07
78.9616,110.355,1.55845,0,0.04,3.26008,3.26008,0,0.610914,6.048,4.35599e+06,2.70226e+06,1.42009e+07,0,0,0,2.43529e+08,80.8192,79.791,2.29595,0,0,1.54969,1.54969,0,1.19724,2.96352,9.05263e+06,3.61194e+06,1.40287e+07,0,0,0,6.61631e+07
77.1952,110.355,1.47574,0,0.04,3.26021,3.26021,0,0.610938,6.048,4.35599e+06,2.70226e+06,1.42014e+07,0,0,0,2.43529e+08,80.8128,79.791,2.2591,0,0,1.54975,1.54975,0,1.19729,2.96352,9.05263e+06,3.61194e+06,1.40293e+07,0,0,0,6.61631e+07
75.2661,110.355,1.29334,0,0.04,3.26034,3.26034,0,0.610963,6.048,4.35599e+06,2.70226e+06,1.4202e+07,0,0,0,2.43529e+08,80.7069,79.791,2.03651,0,0,1.54981,1.54981,0,1.19734,2.96352,9.05263e+06,3.61194e+06,1.40299e+07,0,0,0,6.61631e+07
73.3839,110.355,1.40264,0,0.04,3.33656,3.33656,0,0.610987,6.048,4.35599e+06,2.70226e+06,1.4534e+07,0,0,0,2.43529e+08,80.6281,79.791,1.99142,0,0,1.58775,1.58775,0,1.19738,2.96352,9.05263e+06,3.61194e+06,1.43733e+07,0,0,0,6.61631e+07
71.4123,110.355,1.28328,0,0.04,3.3367,3.3367,0,0.625272,6.048,4.35599e+06,2.70226e+06,1.45346e+07,0,0,0,2.43529e+08,80.3034,79.791,1.96336,0,0,1.58781,1.58781,0,1.22669,2.96352,9.05263e+06,3.61194e+06,1.43739e+07,0,0,0,6.61631e+07
69.3553,110.355,1.17734,0,0.04,3.33683,3.33683,0,0.625297,6.048,4.35599e+06,2.70226e+06,1.45352e+07,0,0,0,2.43529e+08,80.1039,79.791,1.72031,0,0,1.58787,1.58787,0,1.22674,2.96352,9.05263e+06,3.61194e+06,1.43744e+07,0,0,0,6.61631e+07
67.3892,110.355,1.23919,0,0.04,3.33697,3.33697,0,0.625322,6.048,4.35599e+06,2.70226e+06,1.45358e+07,0,0,0,2.43529e+08,79.7474,79.791,2.04798,0,0,1.58794,1.58794,0,1.22679,2.96352,9.05263e+06,3.61194e+06,1.4375e+07,0,0,0,6.61631e+07
65.1373,110.355,1.10855,0,0.04,3.55997,3.55997,0,0.625347,6.048,4.35599e+06,2.70226e+06,1.55072e+07,0,0,0,2.43529e+08,79.4423,79.791,1.64574,0,0,1.72472,1.72472,0,1.22684,2.96352,9.05263e+06,3.61194e+06,1.56133e+07,0,0,0,6.61631e+07
63.0129,110.355,1.21949,0,0.04,3.56011,3.56011,0,0.667138,6.048,4.35599e+06,2.70226e+06,1.55078e+07,0,0,0,2.43529e+08,78.8583,79.791,1.95396,0,0,1.72479,1.72479,0,1.33252,2.96352,9.05263e+06,3.61194e+06,1.56139e+07,0,0,0,6.61631e+07
60.6699,110.355,0.977965,0,0.04,3.56026,3.56026,0,0.667165,6.048,4.35599e+06,2.70226e+06,1.55084e+07,0,0,0,2.43529e+08,78.5139,79.791,1.41425,0,0,1.72486,1.72486,0,1.33257,2.96352,9.05263e+06,3.61194e+06,1.56145e+07,0,0,0,6.61631e+07
58.5749,110.355,1.18938,0,0.04,3.5604,3.5604,0,0.667192,6.048,4.35599e+06,2.70226e+06,1.55091e+07,0,0,0,2.43529e+08,78.3888,79.791,2.45122,0,0,1.72493,1.72493,0,1.33263,2.96352,9.05263e+06,3.61194e+06,1.56152e+07,0,0,0,6.61631e+07
56.947,110.355,1.60016,0,0.04,3.56054,3.56054,0,0.667219,6.048,4.35599e+06,2.70226e+06,1.55097e+07,0,0,0,2.43529e+08,78.3033,79.791,2.40989,0,0,1.725,1.725,0,1.33268,2.96352,9.05263e+06,3.61194e+06,1.56158e+07,0,0,0,6.61631e+07
55.7583,110.355,1.96189,0,0.04,3.45205,3.45205,0,0.667246,6.048,4.35599e+06,2.70226e+06,1.50371e+07,0,0,0,2.43529e+08,78.5027,79.791,2.83729,0,0,1.64207,1.64207,0,1.33273,2.96352,9.05263e+06,3.61194e+06,1.4865e+07,0,0,0,6.61631e+07
54.7683,110.355,2.19647,0,0.04,3.45219,3.45219,0,0.646914,6.048,4.35599e+06,2.70226e+06,1.50377e+07,0,0,0,2.43529e+08,79.1328,79.791,3.79884,0,0,1.64213,1.64213,0,1.26866,2.96352,9.05263e+06,3.61194e+06,1.48656e+07,0,0,0,6.61631e+07
53.6604,110.355,2.08489,0,0.04,3.45232,3.45232,0,0.64694,6.048,4.35599e+06,2.70226e+06,1.50383e+07,0,0,0,2.43529e+08,79.7818,79.791,3.75605,0,0,1.6422,1.6422,0,1.26871,2.96352,9.05263e+06,3.61194e+06,1.48662e+07,0,0,0,6.61631e+07
52.7473,110.355,2.31282,0,0.04,3.45246,3.45246,0,0.646966,6.048,4.35599e+06,2.70226e+06,1.50389e+07,0,0,0,2.43529e+08,80.0941,79.791,3.94674,0,0,1.64227,1.64227,0,1.26876,2.96352,9.05263e+06,3.61194e+06,1.48668e+07,0,0,0,6.61631e+07
51.3085,110.355,1.67649,0,0.04,3.36341,3.36341,0,0.646992,6.048,4.35599e+06,2.70226e+06,1.4651e+07,0,0,0,2.43529e+08,80.0408,79.791,1.47989,0,0,1.56677,1.56677,0,1.26881,2.96352,9.05263e+06,3.61194e+06,1.41834e+07,0,0,0,6.61631e+07
50.1653,110.355,1.95665,0,0.04,3.36355,3.36355,0,0.630304,6.048,4.35599e+06,2.70226e+06,1.46516e+07,0,0,0,2.43529e+08,80.3715,79.791,3.15512,0,0,1.56683,1.56683,0,1.21049,2.96352,9.05263e+06,3.61194e+06,1.4184e+07,0,0,0,6.61631e+07
52.192,110.355,5.24069,0,0.04,3.36368,3.36368,0,0.630329,6.048,4.35599e+06,2.70226e+06,1.46522e+07,0,0,0,2.43529e+08,80.8192,79.791,6.46423,0,0,1.5669,1.5669,0,1.21053,2.96352,9.05263e+06,3.61194e+06,1.41845e+07,0,0,0,6.61631e+07
52.0416,110.355,3.04366,0,0.04,3.36382,3.36382,0,0.630354,6.048,4.35599e+06,2.70226e+06,1.46528e+07,0,0,0,2.43529e+08,80.8192,79.791,3.37832,0,0,1.56696,1.56696,0,1.21058,2.96352,9.05263e+06,3.61194e+06,1.41851e+07,0,0,0,6.61631e+07
54.7949,110.355,5.83953,0,0.04,3.11061,3.11061,0,0.63038,6.048,4.35599e+06,2.70226e+06,1.35498e+07,0,0,0,2.43529e+08,80.8192,79.791,3.53146,0,0,1.40962,1.40962,0,1.21063,2.96352,9.05263e+06,3.61194e+06,1.27608e+07,0,0,0,6.61631e+07
57.565,110.355,5.94552,0,0.04,3.11074,3.11074,0,0.582928,6.048,4.35599e+06,2.70226e+06,1.35503e+07,0,0,0,2.43529e+08,80.8192,79.791,5.67891,0,0,1.40968,1.40968,0,1.08907,2.96352,9.05263e+06,3.61194e+06,1.27613e+07,0,0,0,6.61631e+07
58.1465,110.355,3.70351,0,0.04,3.11086,3.11086,0,0.582952,6.048,4.35599e+06,2.70226e+06,1.35509e+07,0,0,0,2.43529e+08,80.6754,79.791,2.62772,0,0,1.40973,1.40973,0,1.08912,2.96352,9.05263e+06,3.61194e+06,1.27618e+07,0,0,0,6.61631e+07
58.4979,110.355,3.4834,0,0.04,3.11099,3.11099,0,0.582975,6.048,4.35599e+06,2.70226e+06,1.35514e+07,0,0,0,2.43529e+08,80.8192,79.791,2.51432,0,0,1.40979,1.40979,0,1.08916,2.96352,9.05263e+06,3.61194e+06,1.27623e+07,0,0,0,6.61631e+07
58.6251,110.355,3.28205,0,0.04,3.11111,3.11111,0,0.582999,6.048,4.35599e+06,2.70226e+06,1.3552e+07,0,0,0,2.43529e+08,80.8192,79.791,3.5185,0,0,1.40985,1.40985,0,1.0892,2.96352,9.05263e+06,3.61194e+06,1.27628e+07,0,0,0,6.61631e+07
60.4086,110.355,5.11375,0,0.04,3.2087,3.2087,0,0.583022,6.048,4.35599e+06,2.70226e+06,1.3977e+07,0,0,0,2.43529e+08,80.8192,79.791,6.00931,0,0,1.45549,1.45549,0,1.08925,2.96352,9.05263e+06,3.61194e+06,1.3176e+07,0,0,0,6.61631e+07
63.6318,110.355,6.70968,0,0.04,3.2088,3.2088,0,0.60131,6.048,4.35599e+06,2.70226e+06,1.39775e+07,0,0,0,2.43529e+08,80.8192,79.791,8.34805,0,0,1.45554,1.45554,0,1.12451,2.96352,9.05263e+06,3.61194e+06,1.31764e+07,0,0,0,6.61631e+07
65.1765,110.355,5.02544,0,0.04,3.20891,3.20891,0,0.60133,6.048,4.35599e+06,2.70226e+06,1.3978e+07,0,0,0,2.43529e+08,80.8192,79.791,5.4017,0,0,1.45559,1.45559,0,1.12455,2.96352,9.05263e+06,3.61194e+06,1.31769e+07,0,0,0,6.61631e+07
66.8158,110.355,5.19553,0,0.04,3.20902,3.20902,0,0.60135,6.048,4.35599e+06,2.70226e+06,1.39785e+07,0,0,0,2.43529e+08,80.8192,79.791,5.57967,0,0,1.45563,1.45563,0,1.12459,2.96352,9.05263e+06,3.61194e+06,1.31773e+07,0,0,0,6.61631e+07
67.7676,110.355,4.69432,0,0.04,3.52214,3.52214,0,0.60137,6.048,4.35599e+06,2.70226e+06,1.53424e+07,0,0,0,2.43529e+08,80.8192,79.791,5.39067,0,0,1.62684,1.62684,0,1.12462,2.96352,9.05263e+06,3.61194e+06,1.47272e+07,0,0,0,6.61631e+07
69.003,110.355,5.01088,0,0.04,3.52226,3.52226,0,0.660049,6.048,4.35599e+06,2.70226e+06,1.53429e+07,0,0,0,2.43529e+08,80.8192,79.791,6.16803,0,0,1.6269,1.6269,0,1.2569,2.96352,9.05263e+06,3.61194e+06,1.47277e+07,0,0,0,6.61631e+07
70.356,110.355,5.1529,0,0.04,3.52238,3.52238,0,0.660071,6.048,4.35599e+06,2.70226e+06,1.53434e+07,0,0,0,2.43529e+08,80.8192,79.791,5.49423,0,0,1.62695,1.62695,0,1.25694,2.96352,9.05263e+06,3.61194e+06,1.47282e+07,0,0,0,6.61631e+07
71.9706,110.355,5.42696,0,0.04,3.5225,3.5225,0,0.660093,6.048,4.35599e+06,2.70226e+06,1.5344e+07,0,0,0,2.43529e+08,80.8192,79.791,6.45209,0,0,1.62701,1.62701,0,1.25698,2.96352,9.05263e+06,3.61194e+06,1.47287e+07,0,0,0,6.61631e+07
75.8529,110.355,7.57349,0,0.04,3.0761,3.0761,0,0.660116,6.048,4.35599e+06,2.70226e+06,1.33995e+07,0,0,0,2.43529e+08,80.8192,79.791,8.55025,0,0,1.39733,1.39733,0,1.25702,2.96352,9.05263e+06,3.61194e+06,1.26496e+07,0,0,0,6.61631e+07
77.5838,110.355,5.44786,0,0.04,3.0762,3.0762,0,0.576461,6.048,4.35599e+06,2.70226e+06,1.33999e+07,0,0,0,2.43529e+08,80.8192,79.791,7.01656,0,0,1.39738,1.39738,0,1.07958,2.96352,9.05263e+06,3.61194e+06,1.265e+07,0,0,0,6.61631e+07
79.4546,110.355,5.48824,0,0.04,3.07631,3.07631,0,0.576481,6.048,4.35599e+06,2.70226e+06,1.34004e+07,0,0,0,2.43529e+08,80.8192,79.791,5.64715,0,0,1.39743,1.39743,0,1.07962,2.96352,9.05263e+06,3.61194e+06,1.26504e+07,0,0,0,6.61631e+07
80.9737,110.355,5.14972,0,0.04,3.07641,3.07641,0,0.5765,6.048,4.35599e+06,2.70226e+06,1.34008e+07,0,0,0,2.43529e+08,80.8192,79.791,6.63086,0,0,1.39748,1.39748,0,1.07965,2.96352,9.05263e+06,3.61194e+06,1.26508e+07,0,0,0,6.61631e+07
85.889,110.355,8.92127,0,0.04,3.07652,3.07652,0,0.57652,6.048,4.35599e+06,2.70226e+06,1.34013e+07,0,0,0,2.43529e+08,80.8192,79.791,11.4225,0,0,1.39752,1.39752,0,1.07969,2.96352,9.05263e+06,3.61194e+06,1.26513e+07,0,0,0,6.61631e+07
89.5419,110.355,7.78524,0,0.04,3.18903,3.18903,0,0.576539,6.048,4.35599e+06,2.70226e+06,1.38914e+07,0,0,0,2.43529e+08,80.8192,79.791,7.32633,0,0,1.45378,1.45378,0,1.07973,2.96352,9.05263e+06,3.61194e+06,1.31605e+07,0,0,0,6.61631e+07
90.59,110.355,4.95741,0,0.04,3.18914,3.18914,0,0.597625,6.048,4.35599e+06,2.70226e+06,1.38919e+07,0,0,0,2.43529e+08,80.8192,79.791,5.4228,0,0,1.45383,1.45383,0,1.12319,2.96352,9.05263e+06,3.61194e+06,1.3161e+07,0,0,0,6.61631e+07
90.9677,110.355,4.2325,0,0.04,3.18925,3.18925,0,0.597645,6.048,4.35599e+06,2.70226e+06,1.38923e+07,0,0,0,2.43529e+08,80.8192,79.791,5.20113,0,0,1.45388,1.45388,0,1.12323,2.96352,9.05263e+06,3.61194e+06,1.31614e+07,0,0,0,6.61631e+07
91.4603,110.355,4.2957,0,0.04,3.18935,3.18935,0,0.597665,6.048,4.35599e+06,2.70226e+06,1.38928e+07,0,0,0,2.43529e+08,80.8192,79.791,5.07944,0,0,1.45393,1.45393,0,1.12326,2.96352,9.05263e+06,3.61194e+06,1.31619e+07,0,0,0,6.61631e+07
92.5675,110.355,4.8223,0,0.04,3.1455,3.1455,0,0.597685,6.048,4.35599e+06,2.70226e+06,1.37018e+07,0,0,0,2.43529e+08,80.8192,79.791,5.71608,0,0,1.43214,1.43214,0,1.1233,2.96352,9.05263e+06,3.61194e+06,1.29646e+07,0,0,0,6.61631e+07
93.1374,110.355,4.25239,0,0.04,3.14561,3.14561,0,0.589467,6.048,4.35599e+06,2.70226e+06,1.37022e+07,0,0,0,2.43529e+08,80.8192,79.791,5.13306,0,0,1.43219,1.43219,0,1.10647,2.96352,9.05263e+06,3.61194e+06,1.29651e+07,0,0,0,6.61631e+07
93.3099,110.355,3.82376,0,0.04,3.14572,3.14572,0,0.589487,6.048,4.35599e+06,2.70226e+06,1.37027e+07,0,0,0,2.43529e+08,80.8192,79.791,4.58962,0,0,1.43224,1.43224,0,1.10651,2.96352,9.05263e+06,3.61194e+06,1.29655e+07,0,0,0,6.61631e+07
93.2359,110.355,3.52384,0,0.04,3.14582,3.14582,0,0.589507,6.048,4.35599e+06,2.70226e+06,1.37032e+07,0,0,0,2.43529e+08,80.8192,79.791,4.34538,0,0,1.43229,1.43229,0,1.10655,2.96352,9.05263e+06,3.61194e+06,1.2966e+07,0,0,0,6.61631e+07
92.7346,110.355,3.13029,0,0.04,3.29516,3.29516,0,0.589527,6.048,4.35599e+06,2.70226e+06,1.43537e+07,0,0,0,2.43529e+08,80.8192,79.791,3.74076,0,0,1.50977,1.50977,0,1.10658,2.96352,9.05263e+06,3.61194e+06,1.36674e+07,0,0,0,6.61631e+07
92.0059,110.355,2.81289,0,0.04,3.29527,3.29527,0,0.617513,6.048,4.35599e+06,2.70226e+06,1.43542e+07,0,0,0,2.43529e+08,80.8192,79.791,3.64662,0,0,1.50982,1.50982,0,1.16645,2.96352,9.05263e+06,3.61194e+06,1.36679e+07,0,0,0,6.61631e+07
91.2487,110.355,2.77437,0,0.04,3.29538,3.29538,0,0.617534,6.048,4.35599e+06,2.70226e+06,1.43547e+07,0,0,0,2.43529e+08,80.8192,79.791,3.734,0,0,1.50987,1.50987,0,1.16649,2.96352,9.05263e+06,3.61194e+06,1.36683e+07,0,0,0,6.61631e+07
90.3269,110.355,2.59476,0,0.04,3.29549,3.29549,0,0.617555,6.048,4.35599e+06,2.70226e+06,1.43551e+07,0,0,0,2.43529e+08,80.8192,79.791,3.50979,0,0,1.50993,1.50993,0,1.16653,2.96352,9.05263e+06,3.61194e+06,1.36688e+07,0,0,0,6.61631e+07
88.9098,110.355,2.06218,0,0.04,3.29561,3.29561,0,0.617576,6.048,4.35599e+06,2.70226e+06,1.43556e+07,0,0,0,2.43529e+08,80.5182,79.791,2.37,0,0,1.50998,1.50998,0,1.16657,2.96352,9.05263e+06,3.61194e+06,1.36693e+07,0,0,0,6.61631e+07
87.2522,110.355,1.76494,0,0.04,3.2662,3.2662,0,0.617596,6.048,4.35599e+06,2.70226e+06,1.42275e+07,0,0,0,2.43529e+08,80.286,79.791,1.76102,0,0,1.5526,1.5526,0,1.16661,2.96352,9.05263e+06,3.61194e+06,1.40551e+07,0,0,0,6.61631e+07
85.5471,110.355,1.69182,0,0.04,3.26631,3.26631,0,0.612086,6.048,4.35599e+06,2.70226e+06,1.4228e+07,0,0,0,2.43529e+08,79.8817,79.791,1.7498,0,0,1.55265,1.55265,0,1.19954,2.96352,9.05263e+06,3.61194e+06,1.40556e+07,0,0,0,6.61631e+07
83.7037,110.355,1.49634,0,0.04,3.26642,3.26642,0,0.612106,6.048,4.35599e+06,2.70226e+06,1.42285e+07,0,0,0,2.43529e+08,79.4593,79.791,1.58288,0,0,1.5527,1.5527,0,1.19958,2.96352,9.05263e+06,3.61194e+06,1.4056e+07,0,0,0,6.61631e+07
81.7923,110.355,1.37989,0,0.04,3.26653,3.26653,0,0.612127,6.048,4.35599e+06,2.70226e+06,1.4229e+07,0,0,0,2.43529e+08,78.8982,79.791,1.56118,0,0,1.55275,1.55275,0,1.19962,2.96352,9.05263e+06,3.61194e+06,1.40565e+07,0,0,0,6.61631e+07
79.7299,110.355,1.27025,0,0.04,3.34288,3.34288,0,0.612148,6.048,4.35599e+06,2.70226e+06,1.45615e+07,0,0,0,2.43529e+08,78.3809,79.791,1.44918,0,0,1.59075,1.59075,0,1.19966,2.96352,9.05263e+06,3.61194e+06,1.44005e+07,0,0,0,6.61631e+07
77.6205,110.355,1.1976,0,0.04,3.34299,3.34299,0,0.626455,6.048,4.35599e+06,2.70226e+06,1.4562e+07,0,0,0,2.43529e+08,77.7485,79.791,1.4822,0,0,1.5908,1.5908,0,1.22901,2.96352,9.05263e+06,3.61194e+06,1.4401e+07,0,0,0,6.61631e+07
75.4541,110.355,1.12092,0,0.04,3.3431,3.3431,0,0.626476,6.048,4.35599e+06,2.70226e+06,1.45625e+07,0,0,0,2.43529e+08,77.1527,79.791,1.35577,0,0,1.59086,1.59086,0,1.22905,2.96352,9.05263e+06,3.61194e+06,1.44014e+07,0,0,0,6.61631e+07
73.2905,110.355,1.10104,0,0.04,3.34321,3.34321,0,0.626497,6.048,4.35599e+06,2.70226e+06,1.4563e+07,0,0,0,2.43529e+08,76.4688,79.791,1.4593,0,0,1.59091,1.59091,0,1.2291,2.96352,9.05263e+06,3.61194e+06,1.44019e+07,0,0,0,6.61631e+07
71.018,110.355,1.14081,0,0.04,3.56661,3.56661,0,0.626518,6.048,4.35599e+06,2.70226e+06,1.55361e+07,0,0,0,2.43529e+08,75.5316,79.791,1.3506,0,0,1.72794,1.72794,0,1.22914,2.96352,9.05263e+06,3.61194e+06,1.56424e+07,0,0,0,6.61631e+07
68.6561,110.355,1.0303,0,0.04,3.56673,3.56673,0,0.668383,6.048,4.35599e+06,2.70226e+06,1.55367e+07,0,0,0,2.43529e+08,74.7551,79.791,1.12528,0,0,1.728,1.728,0,1.33501,2.96352,9.05263e+06,3.61194e+06,1.56429e+07,0,0,0,6.61631e+07
66.3787,110.355,1.11337,0,0.04,3.56685,3.56685,0,0.668406,6.048,4.35599e+06,2.70226e+06,1.55372e+07,0,0,0,2.43529e+08,73.7637,79.791,1.37422,0,0,1.72806,1.72806,0,1.33505,2.96352,9.05263e+06,3.61194e+06,1.56435e+07,0,0,0,6.61631e+07
63.9451,110.355,0.925272,0,0.04,3.56697,3.56697,0,0.668428,6.048,4.35599e+06,2.70226e+06,1.55377e+07,0,0,0,2.43529e+08,73.3951,79.791,0.974485,0,0,1.72811,1.72811,0,1.3351,2.96352,9.05263e+06,3.61194e+06,1.5644e+07,0,0,0,6.61631e+07
61.8825,110.355,1.33043,0,0.04,3.56709,3.56709,0,0.668451,6.048,4.35599e+06,2.70226e+06,1.55382e+07,0,0,0,2.43529e+08,73.2389,79.791,2.32594,0,0,1.72817,1.72817,0,1.33514,2.96352,9.05263e+06,3.61194e+06,1.56445e+07,0,0,0,6.61631e+07
60.1065,110.355,1.57697,0,0.04,3.45837,3.45837,0,0.668473,6.048,4.35599e+06,2.70226e+06,1.50646e+07,0,0,0,2.43529e+08,73.2059,79.791,2.58539,0,0,1.64508,1.64508,0,1.33519,2.96352,9.05263e+06,3.61194e+06,1.48923e+07,0,0,0,6.61631e+07
58.1141,110.355,1.32556,0,0.04,3.45849,3.45849,0,0.648099,6.048,4.35599e+06,2.70226e+06,1.50652e+07,0,0,0,2.43529e+08,73.4597,79.791,4.18091,0,0,1.64513,1.64513,0,1.27099,2.96352,9.05263e+06,3.61194e+06,1.48928e+07,0,0,0,6.61631e+07
55.9694,110.355,1.14585,0,0.04,3.45861,3.45861,0,0.648121,6.048,4.35599e+06,2.70226e+06,1.50657e+07,0,0,0,2.43529e+08,73.2636,79.791,2.27425,0,0,1.64519,1.64519,0,1.27103,2.96352,9.05263e+06,3.61194e+06,1.48933e+07,0,0,0,6.61631e+07
54.0019,110.355,1.32258,0,0.04,3.45872,3.45872,0,0.648143,6.048,4.35599e+06,2.70226e+06,1.50662e+07,0,0,0,2.43529e+08,73.1057,79.791,2.33015,0,0,1.64524,1.64524,0,1.27107,2.96352,9.05263e+06,3.61194e+06,1.48938e+07,0,0,0,6.61631e+07
52.9053,110.355,2.16965,0,0.04,3.36949,3.36949,0,0.648165,6.048,4.35599e+06,2.70226e+06,1.46775e+07,0,0,0,2.43529e+08,73.3915,79.791,3.85773,0,0,1.5696,1.5696,0,1.27112,2.96352,9.05263e+06,3.61194e+06,1.4209e+07,0,0,0,6.61631e+07
51.6191,110.355,2.03711,0,0.04,3.3696,3.3696,0,0.631443,6.048,4.35599e+06,2.70226e+06,1.4678e+07,0,0,0,2.43529e+08,73.6008,79.791,3.34288,0,0,1.56965,1.56965,0,1.21267,2.96352,9.05263e+06,3.61194e+06,1.42095e+07,0,0,0,6.61631e+07
51.2032,110.355,2.92375,0,0.04,3.36972,3.36972,0,0.631464,6.048,4.35599e+06,2.70226e+06,1.46785e+07,0,0,0,2.43529e+08,74.7084,79.791,4.87383,0,0,1.56971,1.56971,0,1.21271,2.96352,9.05263e+06,3.61194e+06,1.421e+07,0,0,0,6.61631e+07
51.8567,110.355,4.08938,0,0.04,3.36983,3.36983,0,0.631485,6.048,4.35599e+06,2.70226e+06,1.4679e+07,0,0,0,2.43529e+08,75.3835,79.791,4.87446,0,0,1.56976,1.56976,0,1.21275,2.96352,9.05263e+06,3.61194e+06,1.42104e+07,0,0,0,6.61631e+07
54.1081,110.355,5.52636,0,0.04,3.11615,3.11615,0,0.631506,6.048,4.35599e+06,2.70226e+06,1.35739e+07,0,0,0,2.43529e+08,76.8302,79.791,6.25735,0,0,1.41213,1.41213,0,1.2128,2.96352,9.05263e+06,3.61194e+06,1.27835e+07,0,0,0,6.61631e+07
56.1384,110.355,5.43244,0,0.04,3.11625,3.11625,0,0.583966,6.048,4.35599e+06,2.70226e+06,1.35744e+07,0,0,0,2.43529e+08,78.132,79.791,5.55612,0,0,1.41218,1.41218,0,1.09101,2.96352,9.05263e+06,3.61194e+06,1.27839e+07,0,0,0,6.61631e+07
57.9531,110.355,5.16142,0,0.04,3.11636,3.11636,0,0.583986,6.048,4.35599e+06,2.70226e+06,1.35748e+07,0,0,0,2.43529e+08,79.1871,79.791,4.85903,0,0,1.41222,1.41222,0,1.09105,2.96352,9.05263e+06,3.61194e+06,1.27843e+07,0,0,0,6.61631e+07
60.083,110.355,5.57151,0,0.04,3.11646,3.11646,0,0.584006,6.048,4.35599e+06,2.70226e+06,1.35753e+07,0,0,0,2.43529e+08,80.8005,79.791,6.32574,0,0,1.41227,1.41227,0,1.09108,2.96352,9.05263e+06,3.61194e+06,1.27848e+07,0,0,0,6.61631e+07
62.4011,110.355,5.90989,0,0.04,3.11657,3.11657,0,0.584025,6.048,4.35599e+06,2.70226e+06,1.35757e+07,0,0,0,2.43529e+08,80.8192,79.791,6.73691,0,0,1.41232,1.41232,0,1.09112,2.96352,9.05263e+06,3.61194e+06,1.27852e+07,0,0,0,6.61631e+07
63.3343,110.355,4.5896,0,0.04,3.2143,3.2143,0,0.584045,6.048,4.35599e+06,2.70226e+06,1.40015e+07,0,0,0,2.43529e+08,80.8192,79.791,4.82018,0,0,1.45803,1.45803,0,1.09116,2.96352,9.05263e+06,3.61194e+06,1.3199e+07,0,0,0,6.61631e+07
65.4097,110.355,5.83074,0,0.04,3.21439,3.21439,0,0.602361,6.048,4.35599e+06,2.70226e+06,1.40019e+07,0,0,0,2.43529e+08,80.8192,79.791,5.71835,0,0,1.45807,1.45807,0,1.12647,2.96352,9.05263e+06,3.61194e+06,1.31994e+07,0,0,0,6.61631e+07
68.3165,110.355,6.74989,0,0.04,3.21448,3.21448,0,0.602377,6.048,4.35599e+06,2.70226e+06,1.40022e+07,0,0,0,2.43529e+08,80.8192,79.791,6.30487,0,0,1.45811,1.45811,0,1.1265,2.96352,9.05263e+06,3.61194e+06,1.31997e+07,0,0,0,6.61631e+07
69.8002,110.355,5.22535,0,0.04,3.21456,3.21456,0,0.602393,6.048,4.35599e+06,2.70226e+06,1.40026e+07,0,0,0,2.43529e+08,80.8192,79.791,5.00195,0,0,1.45815,1.45815,0,1.12654,2.96352,9.05263e+06,3.61194e+06,1.32001e+07,0,0,0,6.61631e+07
70.1176,110.355,4.13716,0,0.04,3.5282,3.5282,0,0.602409,6.048,4.35599e+06,2.70226e+06,1.53688e+07,0,0,0,2.43529e+08,80.8192,79.791,3.43015,0,0,1.62964,1.62964,0,1.12657,2.96352,9.05263e+06,3.61194e+06,1.47525e+07,0,0,0,6.61631e+07
68.7897,110.355,2.42,0,0.04,3.5283,3.5283,0,0.661185,6.048,4.35599e+06,2.70226e+06,1.53692e+07,0,0,0,2.43529e+08,80.8192,79.791,3.1672,0,0,1.62968,1.62968,0,1.25906,2.96352,9.05263e+06,3.61194e+06,1.47529e+07,0,0,0,6.61631e+07
68.0963,110.355,3.17417,0,0.04,3.52839,3.52839,0,0.661203,6.048,4.35599e+06,2.70226e+06,1.53696e+07,0,0,0,2.43529e+08,80.8192,79.791,3.72911,0,0,1.62973,1.62973,0,1.25909,2.96352,9.05263e+06,3.61194e+06,1.47533e+07,0,0,0,6.61631e+07
67.124,110.355,2.87318,0,0.04,3.52849,3.52849,0,0.661221,6.048,4.35599e+06,2.70226e+06,1.53701e+07,0,0,0,2.43529e+08,80.8192,79.791,3.86221,0,0,1.62977,1.62977,0,1.25913,2.96352,9.05263e+06,3.61194e+06,1.47537e+07,0,0,0,6.61631e+07
67.6595,110.355,4.10897,0,0.04,3.08131,3.08131,0,0.661239,6.048,4.35599e+06,2.70226e+06,1.34222e+07,0,0,0,2.43529e+08,80.8192,79.791,4.14247,0,0,1.3997,1.3997,0,1.25916,2.96352,9.05263e+06,3.61194e+06,1.2671e+07,0,0,0,6.61631e+07
68.4254,110.355,4.20144,0,0.04,3.0814,3.0814,0,0.577438,6.048,4.35599e+06,2.70226e+06,1.34225e+07,0,0,0,2.43529e+08,80.8192,79.791,4.1229,0,0,1.39974,1.39974,0,1.08141,2.96352,9.05263e+06,3.61194e+06,1.26713e+07,0,0,0,6.61631e+07
68.1306,110.355,3.12916,0,0.04,3.08148,3.08148,0,0.577454,6.048,4.35599e+06,2.70226e+06,1.34229e+07,0,0,0,2.43529e+08,80.8192,79.791,3.16381,0,0,1.39978,1.39978,0,1.08144,2.96352,9.05263e+06,3.61194e+06,1.26717e+07,0,0,0,6.61631e+07
68.715,110.355,4.0317,0,0.04,3.08156,3.08156,0,0.577469,6.048,4.35599e+06,2.70226e+06,1.34233e+07,0,0,0,2.43529e+08,80.8192,79.791,3.54133,0,0,1.39982,1.39982,0,1.08147,2.96352,9.05263e+06,3.61194e+06,1.2672e+07,0,0,0,6.61631e+07
68.7964,110.355,3.52166,0,0.04,3.08165,3.08165,0,0.577485,6.048,4.35599e+06,2.70226e+06,1.34236e+07,0,0,0,2.43529e+08,80.8192,79.791,3.77299,0,0,1.39985,1.39985,0,1.0815,2.96352,9.05263e+06,3.61194e+06,1.26724e+07,0,0,0,6.61631e+07
70.3814,110.355,5.13219,0,0.04,3.19433,3.19433,0,0.577501,6.048,4.35599e+06,2.70226e+06,1.39145e+07,0,0,0,2.43529e+08,80.8192,79.791,3.70504,0,0,1.45619,1.45619,0,1.08153,2.96352,9.05263e+06,3.61194e+06,1.31824e+07,0,0,0,6.61631e+07
71.3595,110.355,4.57585,0,0.04,3.19442,3.19442,0,0.598617,6.048,4.35599e+06,2.70226e+06,1.39148e+07,0,0,0,2.43529e+08,80.8192,79.791,5.27841,0,0,1.45623,1.45623,0,1.12506,2.96352,9.05263e+06,3.61194e+06,1.31827e+07,0,0,0,6.61631e+07
71.5078,110.355,3.83158,0,0.04,3.1945,3.1945,0,0.598634,6.048,4.35599e+06,2.70226e+06,1.39152e+07,0,0,0,2.43529e+08,80.8192,79.791,5.38552,0,0,1.45627,1.45627,0,1.12509,2.96352,9.05263e+06,3.61194e+06,1.31831e+07,0,0,0,6.61631e+07
70.9455,110.355,2.98103,0,0.04,3.19459,3.19459,0,0.59865,6.048,4.35599e+06,2.70226e+06,1.39156e+07,0,0,0,2.43529e+08,80.8192,79.791,3.78825,0,0,1.45631,1.45631,0,1.12512,2.96352,9.05263e+06,3.61194e+06,1.31835e+07,0,0,0,6.61631e+07
70.7171,110.355,3.15337,0,0.04,3.15065,3.15065,0,0.598666,6.048,4.35599e+06,2.70226e+06,1.37242e+07,0,0,0,2.43529e+08,80.8192,79.791,4.48102,0,0,1.43448,1.43448,0,1.12515,2.96352,9.05263e+06,3.61194e+06,1.29858e+07,0,0,0,6.61631e+07
69.8456,110.355,2.46319,0,0.04,3.15073,3.15073,0,0.590431,6.048,4.35599e+06,2.70226e+06,1.37245e+07,0,0,0,2.43529e+08,80.8192,79.791,3.64916,0,0,1.43452,1.43452,0,1.10828,2.96352,9.05263e+06,3.61194e+06,1.29862e+07,0,0,0,6.61631e+07
68.7046,110.355,2.16706,0,0.04,3.15082,3.15082,0,0.590447,6.048,4.35599e+06,2.70226e+06,1.37249e+07,0,0,0,2.43529e+08,80.8192,79.791,3.29787,0,0,1.43456,1.43456,0,1.10831,2.96352,9.05263e+06,3.61194e+06,1.29865e+07,0,0,0,6.61631e+07
67.7427,110.355,2.34921,0,0.04,3.1509,3.1509,0,0.590463,6.048,4.35599e+06,2.70226e+06,1.37253e+07,0,0,0,2.43529e+08,80.8192,79.791,2.90614,0,0,1.4346,1.4346,0,1.10834,2.96352,9.05263e+06,3.61194e+06,1.29869e+07,0,0,0,6.61631e+07
66.5646,110.355,2.20044,0,0.04,3.30046,3.30046,0,0.590479,6.048,4.35599e+06,2.70226e+06,1.43768e+07,0,0,0,2.43529e+08,80.8192,79.791,3.22324,0,0,1.5122,1.5122,0,1.10837,2.96352,9.05263e+06,3.61194e+06,1.36894e+07,0,0,0,6.61631e+07
65.1687,110.355,1.91293,0,0.04,3.30055,3.30055,0,0.618506,6.048,4.35599e+06,2.70226e+06,1.43772e+07,0,0,0,2.43529e+08,80.8192,79.791,3.24537,0,0,1.51224,1.51224,0,1.16833,2.96352,9.05263e+06,3.61194e+06,1.36898e+07,0,0,0,6.61631e+07
63.7532,110.355,1.87131,0,0.04,3.30064,3.30064,0,0.618523,6.048,4.35599e+06,2.70226e+06,1.43775e+07,0,0,0,2.43529e+08,80.8192,79.791,3.31488,0,0,1.51228,1.51228,0,1.16836,2.96352,9.05263e+06,3.61194e+06,1.36901e+07,0,0,0,6.61631e+07
62.2397,110.355,1.74681,0,0.04,3.30073,3.30073,0,0.61854,6.048,4.35599e+06,2.70226e+06,1.43779e+07,0,0,0,2.43529e+08,80.8192,79.791,3.05159,0,0,1.51232,1.51232,0,1.16839,2.96352,9.05263e+06,3.61194e+06,1.36905e+07,0,0,0,6.61631e+07
61.3398,110.355,2.34172,0,0.04,3.30082,3.30082,0,0.618556,6.048,4.35599e+06,2.70226e+06,1.43783e+07,0,0,0,2.43529e+08,80.8192,79.791,3.56194,0,0,1.51236,1.51236,0,1.16842,2.96352,9.05263e+06,3.61194e+06,1.36909e+07,0,0,0,6.61631e+07
61.159,110.355,3.05437,0,0.04,3.27134,3.27134,0,0.618573,6.048,4.35599e+06,2.70226e+06,1.42499e+07,0,0,0,2.43529e+08,80.8192,79.791,4.11275,0,0,1.55504,1.55504,0,1.16845,2.96352,9.05263e+06,3.61194e+06,1.40772e+07,0,0,0,6.61631e+07
60.7257,110.355,2.79502,0,0.04,3.27143,3.27143,0,0.61305,6.048,4.35599e+06,2.70226e+06,1.42503e+07,0,0,0,2.43529e+08,80.8192,79.791,4.12044,0,0,1.55508,1.55508,0,1.20143,2.96352,9.05263e+06,3.61194e+06,1.40776e+07,0,0,0,6.61631e+07
60.0409,110.355,2.52404,0,0.04,3.27152,3.27152,0,0.613066,6.048,4.35599e+06,2.70226e+06,1.42507e+07,0,0,0,2.43529e+08,80.8192,79.791,3.69526,0,0,1.55513,1.55513,0,1.20146,2.96352,9.05263e+06,3.61194e+06,1.4078e+07,0,0,0,6.61631e+07
59.281,110.355,2.4037,0,0.04,3.27161,3.27161,0,0.613083,6.048,4.35599e+06,2.70226e+06,1.42511e+07,0,0,0,2.43529e+08,80.8192,79.791,3.58606,0,0,1.55517,1.55517,0,1.20149,2.96352,9.05263e+06,3.61194e+06,1.40784e+07,0,0,0,6.61631e+07
58.9643,110.355,2.89001,0,0.04,3.34805,3.34805,0,0.613099,6.048,4.35599e+06,2.70226e+06,1.45841e+07,0,0,0,2.43529e+08,80.8192,79.791,4.3205,0,0,1.59321,1.59321,0,1.20152,2.96352,9.05263e+06,3.61194e+06,1.44228e+07,0,0,0,6.61631e+07
58.4194,110.355,2.648,0,0.04,3.34814,3.34814,0,0.627425,6.048,4.35599e+06,2.70226e+06,1.45845e+07,0,0,0,2.43529e+08,80.8192,79.791,4.18279,0,0,1.59326,1.59326,0,1.23092,2.96352,9.05263e+06,3.61194e+06,1.44232e+07,0,0,0,6.61631e+07
57.646,110.355,2.4033,0,0.04,3.34823,3.34823,0,0.627442,6.048,4.35599e+06,2.70226e+06,1.45849e+07,0,0,0,2.43529e+08,80.8192,79.791,3.8448,0,0,1.5933,1.5933,0,1.23095,2.96352,9.05263e+06,3.61194e+06,1.44236e+07,0,0,0,6.61631e+07
56.6112,110.355,2.11315,0,0.04,3.34832,3.34832,0,0.627459,6.048,4.35599e+06,2.70226e+06,1.45853e+07,0,0,0,2.43529e+08,80.8192,79.791,3.80022,0,0,1.59334,1.59334,0,1.23098,2.96352,9.05263e+06,3.61194e+06,1.44239e+07,0,0,0,6.61631e+07
55.2978,110.355,1.99166,0,0.04,3.57204,3.57204,0,0.627476,6.048,4.35599e+06,2.70226e+06,1.55598e+07,0,0,0,2.43529e+08,80.8192,79.791,4.19679,0,0,1.73057,1.73057,0,1.23102,2.96352,9.05263e+06,3.61194e+06,1.56662e+07,0,0,0,6.61631e+07
53.9395,110.355,1.91811,0,0.04,3.57214,3.57214,0,0.6694,6.048,4.35599e+06,2.70226e+06,1.55602e+07,0,0,0,2.43529e+08,80.8192,79.791,4.31365,0,0,1.73062,1.73062,0,1.33704,2.96352,9.05263e+06,3.61194e+06,1.56666e+07,0,0,0,6.61631e+07
52.6406,110.355,1.94672,0,0.04,3.57223,3.57223,0,0.669419,6.048,4.35599e+06,2.70226e+06,1.55606e+07,0,0,0,2.43529e+08,80.8192,79.791,4.14743,0,0,1.73066,1.73066,0,1.33707,2.96352,9.05263e+06,3.61194e+06,1.56671e+07,0,0,0,6.61631e+07
52.2613,110.355,2.87927,0,0.04,3.57233,3.57233,0,0.669437,6.048,4.35599e+06,2.70226e+06,1.5561e+07,0,0,0,2.43529e+08,80.8192,79.791,4.94933,0,0,1.73071,1.73071,0,1.33711,2.96352,9.05263e+06,3.61194e+06,1.56675e+07,0,0,0,6.61631e+07
52.8422,110.355,3.92485,0,0.04,3.57243,3.57243,0,0.669455,6.048,4.35599e+06,2.70226e+06,1.55615e+07,0,0,0,2.43529e+08,80.8192,79.791,5.39747,0,0,1.73076,1.73076,0,1.33715,2.96352,9.05263e+06,3.61194e+06,1.56679e+07,0,0,0,6.61631e+07
52.8848,110.355,3.34678,0,0.04,3.46352,3.46352,0,0.669473,6.048,4.35599e+06,2.70226e+06,1.50871e+07,0,0,0,2.43529e+08,80.8192,79.791,5.69959,0,0,1.64753,1.64753,0,1.33718,2.96352,9.05263e+06,3.61194e+06,1.49145e+07,0,0,0,6.61631e+07
52.8432,110.355,3.27718,0,0.04,3.46362,3.46362,0,0.649064,6.048,4.35599e+06,2.70226e+06,1.50875e+07,0,0,0,2.43529e+08,80.8192,79.791,7.61899,0,0,1.64757,1.64757,0,1.27288,2.96352,9.05263e+06,3.61194e+06,1.49149e+07,0,0,0,6.61631e+07
52.8862,110.355,3.3634,0,0.04,3.46371,3.46371,0,0.649082,6.048,4.35599e+06,2.70226e+06,1.50879e+07,0,0,0,2.43529e+08,80.8192,79.791,9.79982,0,0,1.64762,1.64762,0,1.27291,2.96352,9.05263e+06,3.61194e+06,1.49153e+07,0,0,0,6.61631e+07
52.637,110.355,3.05229,0,0.04,3.4638,3.4638,0,0.649099,6.048,4.35599e+06,2.70226e+06,1.50883e+07,0,0,0,2.43529e+08,80.8192,79.791,7.67373,0,0,1.64766,1.64766,0,1.27295,2.96352,9.05263e+06,3.61194e+06,1.49157e+07,0,0,0,6.61631e+07
52.5918,110.355,3.33455,0,0.04,3.37442,3.37442,0,0.649117,6.048,4.35599e+06,2.70226e+06,1.46989e+07,0,0,0,2.43529e+08,80.8192,79.791,10.1198,0,0,1.57189,1.57189,0,1.27298,2.96352,9.05263e+06,3.61194e+06,1.42298e+07,0,0,0,6.61631e+07
52.3697,110.355,3.17124,0,0.04,3.37451,3.37451,0,0.632366,6.048,4.35599e+06,2.70226e+06,1.46993e+07,0,0,0,2.43529e+08,80.8192,79.791,7.66753,0,0,1.57194,1.57194,0,1.21445,2.96352,9.05263e+06,3.61194e+06,1.42302e+07,0,0,0,6.61631e+07
52.042,110.355,3.08921,0,0.04,3.3746,3.3746,0,0.632383,6.048,4.35599e+06,2.70226e+06,1.46997e+07,0,0,0,2.43529e+08,80.8192,79.791,7.98541,0,0,1.57198,1.57198,0,1.21448,2.96352,9.05263e+06,3.61194e+06,1.42306e+07,0,0,0,6.61631e+07
51.9746,110.355,3.30865,0,0.04,3.37469,3.37469,0,0.6324,6.048,4.35599e+06,2.70226e+06,1.47001e+07,0,0,0,2.43529e+08,80.8192,79.791,6.92423,0,0,1.57202,1.57202,0,1.21451,2.96352,9.05263e+06,3.61194e+06,1.42309e+07,0,0,0,6.61631e+07
53.395,110.355,4.63378,0,0.04,3.12062,3.12062,0,0.632417,6.048,4.35599e+06,2.70226e+06,1.35934e+07,0,0,0,2.43529e+08,80.8192,79.791,7.28854,0,0,1.41416,1.41416,0,1.21454,2.96352,9.05263e+06,3.61194e+06,1.28018e+07,0,0,0,6.61631e+07
53.5967,110.355,3.37845,0,0.04,3.12071,3.12071,0,0.584805,6.048,4.35599e+06,2.70226e+06,1.35938e+07,0,0,0,2.43529e+08,80.8192,79.791,7.59192,0,0,1.41419,1.41419,0,1.09258,2.96352,9.05263e+06,3.61194e+06,1.28022e+07,0,0,0,6.61631e+07
53.1688,110.355,2.73866,0,0.04,3.12079,3.12079,0,0.58482,6.048,4.35599e+06,2.70226e+06,1.35941e+07,0,0,0,2.43529e+08,80.8192,79.791,6.73164,0,0,1.41423,1.41423,0,1.09261,2.96352,9.05263e+06,3.61194e+06,1.28025e+07,0,0,0,6.61631e+07
52.9996,110.355,3.03335,0,0.04,3.12088,3.12088,0,0.584836,6.048,4.35599e+06,2.70226e+06,1.35945e+07,0,0,0,2.43529e+08,80.8192,79.791,6.32159,0,0,1.41427,1.41427,0,1.09264,2.96352,9.05263e+06,3.61194e+06,1.28029e+07,0,0,0,6.61631e+07
52.5224,110.355,2.68985,0,0.04,3.12096,3.12096,0,0.584852,6.048,4.35599e+06,2.70226e+06,1.35949e+07,0,0,0,2.43529e+08,80.8192,79.791,6.77378,0,0,1.41431,1.41431,0,1.09267,2.96352,9.05263e+06,3.61194e+06,1.28032e+07,0,0,0,6.61631e+07
54.818,110.355,5.62342,0,0.04,3.21881,3.21881,0,0.584868,6.048,4.35599e+06,2.70226e+06,1.40211e+07,0,0,0,2.43529e+08,80.8192,79.791,9.35849,0,0,1.46008,1.46008,0,1.0927,2.96352,9.05263e+06,3.61194e+06,1.32175e+07,0,0,0,6.61631e+07
58.3766,110.355,7.20425,0,0.04,3.21888,3.21888,0,0.603205,6.048,4.35599e+06,2.70226e+06,1.40214e+07,0,0,0,2.43529e+08,80.8192,79.791,16.0155,0,0,1.4601,1.4601,0,1.12805,3.38688,9.05263e+06,3.61194e+06,1.32178e+07,0,0,0,6.61631e+07
60.5658,110.355,5.82972,0,0.04,3.21894,3.21894,0,0.603217,6.048,4.35599e+06,2.70226e+06,1.40217e+07,0,0,0,2.43529e+08,80.8192,79.791,12.2181,0,0,1.46013,1.46013,0,1.12808,3.38688,9.05263e+06,3.61194e+06,1.32181e+07,0,0,0,6.61631e+07
63.4228,110.355,6.51284,0,0.04,3.21901,3.21901,0,0.60323,6.048,4.35599e+06,2.70226e+06,1.4022e+07,0,0,0,2.43529e+08,80.8192,79.791,8.90713,0,0,1.46016,1.46016,0,1.1281,3.38688,9.05263e+06,3.61194e+06,1.32183e+07,0,0,0,6.61631e+07
68.6118,110.355,9.35079,0,0.04,3.53305,3.53305,0,0.603242,6.048,4.35599e+06,2.70226e+06,1.53899e+07,0,0,0,2.43529e+08,80.8192,79.791,10.8609,0,0,1.63188,1.63188,0,1.12812,3.38688,9.05263e+06,3.61194e+06,1.47728e+07,0,0,0,6.61631e+07
83.4143,110.355,19.5839,0,0.04,3.53313,3.53313,0,0.662094,6.048,4.35599e+06,2.70226e+06,1.53903e+07,0,0,0,2.43529e+08,80.8192,79.791,19.2734,0,0,1.63192,1.63192,0,1.26079,3.38688,9.05263e+06,3.61194e+06,1.47731e+07,0,0,0,6.61631e+07
86.91,110.355,8.21279,0,0.04,3.5332,3.5332,0,0.662108,6.048,4.35599e+06,2.70226e+06,1.53906e+07,0,0,0,2.43529e+08,80.8192,79.791,9.53461,0,0,1.63195,1.63195,0,1.26082,3.38688,9.05263e+06,3.61194e+06,1.47734e+07,0,0,0,6.61631e+07
88.7658,110.355,6.35155,0,0.04,3.53327,3.53327,0,0.662122,6.048,4.35599e+06,2.70226e+06,1.53909e+07,0,0,0,2.43529e+08,80.8192,79.791,8.90974,0,0,1.63198,1.63198,0,1.26084,3.38688,9.05263e+06,3.61194e+06,1.47737e+07,0,0,0,6.61631e+07
90.6762,110.355,5.85636,0,0.04,3.08547,3.08547,0,0.662135,6.048,4.35599e+06,2.70226e+06,1.34403e+07,0,0,0,2.43529e+08,80.8192,79.791,9.29388,0,0,1.40159,1.40159,0,1.26087,3.38688,9.05263e+06,3.61194e+06,1.26881e+07,0,0,0,6.61631e+07
92.3618,110.355,5.64653,0,0.04,3.08553,3.08553,0,0.578217,6.048,4.35599e+06,2.70226e+06,1.34406e+07,0,0,0,2.43529e+08,80.8192,79.791,6.37385,0,0,1.40162,1.40162,0,1.08287,3.38688,9.05263e+06,3.61194e+06,1.26883e+07,0,0,0,6.61631e+07
94.7367,110.355,6.46831,0,0.04,3.0856,3.0856,0,0.578229,6.048,4.35599e+06,2.70226e+06,1.34408e+07,0,0,0,2.43529e+08,80.8192,79.791,7.11832,0,0,1.40165,1.40165,0,1.08289,3.38688,9.05263e+06,3.61194e+06,1.26886e+07,0,0,0,6.61631e+07
97.9248,110.355,7.39455,0,0.04,3.08566,3.08566,0,0.578241,6.048,4.35599e+06,2.70226e+06,1.34411e+07,0,0,0,2.43529e+08,80.8192,79.791,6.92912,0,0,1.40168,1.40168,0,1.08291,3.38688,9.05263e+06,3.61194e+06,1.26889e+07,0,0,0,6.61631e+07
100.623,110.355,6.90126,0,0.04,3.08572,3.08572,0,0.578253,6.048,4.35599e+06,2.70226e+06,1.34414e+07,0,0,0,2.43529e+08,80.8192,79.791,8.00011,0,0,1.4017,1.4017,0,1.08293,3.38688,9.05263e+06,3.61194e+06,1.26891e+07,0,0,0,6.61631e+07
106.971,110.355,10.7354,0,0.04,3.19853,3.19853,0,0.578264,6.048,4.35599e+06,2.70226e+06,1.39328e+07,0,0,0,2.43529e+08,80.8192,79.791,10.0375,0,0,1.45811,1.45811,0,1.08296,3.38688,9.05263e+06,3.61194e+06,1.31997e+07,0,0,0,6.61631e+07
110.355,110.355,9.77726,0,0.04,3.1986,3.1986,0,0.599405,6.048,4.35599e+06,2.70226e+06,1.39331e+07,0,0,0,2.43529e+08,80.8192,79.791,10.7717,0,0,1.45814,1.45814,0,1.12654,3.38688,9.05263e+06,3.61194e+06,1.32e+07,0,0,0,6.61631e+07
110.355,110.355,8.19545,0,0.04,3.19866,3.19866,0,0.599417,6.048,4.35599e+06,2.70226e+06,1.39333e+07,0,0,0,2.43529e+08,80.8192,79.791,8.30682,0,0,1.45817,1.45817,0,1.12656,3.38688,9.05263e+06,3.61194e+06,1.32003e+07,0,0,0,6.61631e+07
110.355,110.355,7.18723,0,0.04,3.19873,3.19873,0,0.59943,6.048,4.35599e+06,2.70226e+06,1.39336e+07,0,0,0,2.43529e+08,80.8192,79.791,8.04094,0,0,1.4582,1.4582,0,1.12658,3.38688,9.05263e+06,3.61194e+06,1.32005e+07,0,0,0,6.61631e+07
110.355,110.355,6.39764,0,0.04,3.15471,3.15471,0,0.599442,6.048,4.35599e+06,2.70226e+06,1.37419e+07,0,0,0,2.43529e+08,80.8192,79.791,5.9537,0,0,1.43633,1.43633,0,1.1266,3.38688,9.05263e+06,3.61194e+06,1.30026e+07,0,0,0,6.61631e+07
110.355,110.355,6.44255,0,0.04,3.15477,3.15477,0,0.591192,6.048,4.35599e+06,2.70226e+06,1.37422e+07,0,0,0,2.43529e+08,80.8192,79.791,6.51473,0,0,1.43636,1.43636,0,1.10971,3.38688,9.05263e+06,3.61194e+06,1.30028e+07,0,0,0,6.61631e+07
110.355,110.355,5.47607,0,0.04,3.15484,3.15484,0,0.591204,6.048,4.35599e+06,2.70226e+06,1.37424e+07,0,0,0,2.43529e+08,80.8192,79.791,5.72028,0,0,1.43639,1.43639,0,1.10973,3.38688,9.05263e+06,3.61194e+06,1.30031e+07,0,0,0,6.61631e+07
110.355,110.355,5.20353,0,0.04,3.1549,3.1549,0,0.591216,6.048,4.35599e+06,2.70226e+06,1.37427e+07,0,0,0,2.43529e+08,80.8192,79.791,5.366,0,0,1.43642,1.43642,0,1.10975,3.38688,9.05263e+06,3.61194e+06,1.30034e+07,0,0,0,6.61631e+07
110.355,110.355,4.90165,0,0.04,3.30463,3.30463,0,0.591228,6.048,4.35599e+06,2.70226e+06,1.43949e+07,0,0,0,2.43529e+08,80.8192,79.791,5.08334,0,0,1.51411,1.51411,0,1.10978,3.38688,9.05263e+06,3.61194e+06,1.37067e+07,0,0,0,6.61631e+07
110.355,110.355,4.6539,0,0.04,3.3047,3.3047,0,0.619287,6.048,4.35599e+06,2.70226e+06,1.43952e+07,0,0,0,2.43529e+08,80.8192,79.791,4.71412,0,0,1.51414,1.51414,0,1.1698,3.38688,9.05263e+06,3.61194e+06,1.3707e+07,0,0,0,6.61631e+07
110.355,110.355,4.33395,0.04,0.04,2.02506,3.30476,0,0.6193,6.048,4.35599e+06,2.70226e+06,8.82112e+06,0,0,0,2.43529e+08,80.8192,79.791,4.47766,0,0,2.79388,1.51417,0,1.16983,3.38688,9.05263e+06,3.61194e+06,2.5292e+07,0,0,0,6.61631e+07
110.355,110.355,4.15429,0.04,0.04,2.02515,3.30483,0,0.379495,6.048,4.35599e+06,2.70226e+06,8.82155e+06,0,0,0,2.43529e+08,80.8192,79.791,4.30745,0,0,2.79388,1.5142,0,2.15855,3.38688,9.05263e+06,3.61194e+06,2.5292e+07,0,0,0,6.61631e+07
110.355,110.355,3.55958,0.04,0.04,2.02525,3.3049,0,0.379514,6.048,4.35599e+06,2.70226e+06,8.82198e+06,0,0,0,2.43529e+08,80.8192,79.791,3.76088,0,0,2.79388,1.51423,0,2.15855,3.38688,9.05263e+06,3.61194e+06,2.5292e+07,0,0,0,6.61631e+07
110.355,110.355,3.06349,0.05,0.04,1.99575,3.27536,0,0.379532,6.048,4.35599e+06,2.70226e+06,8.69347e+06,0,0,0,2.43529e+08,80.7442,79.791,2.72687,0,0,2.83657,1.55695,0,2.15855,3.38688,9.05263e+06,3.61194e+06,2.56784e+07,0,0,0,6.61631e+07
109.76,110.355,2.97876,0,0.04,3.27543,3.27543,0,0.374004,6.048,4.35599e+06,2.70226e+06,1.42677e+07,0,0,0,2.43529e+08,80.8192,79.791,2.86415,0,0,1.55699,1.55699,0,2.19153,3.38688,9.05263e+06,3.61194e+06,1.40948e+07,0,0,0,6.61631e+07
109.091,110.355,2.89026,0,0.04,3.2755,3.2755,0,0.613816,6.048,4.35599e+06,2.70226e+06,1.4268e+07,0,0,0,2.43529e+08,80.8192,79.791,2.82066,0,0,1.55702,1.55702,0,1.20293,3.38688,9.05263e+06,3.61194e+06,1.40951e+07,0,0,0,6.61631e+07
108.235,110.355,2.6429,0,0.04,3.27557,3.27557,0,0.613828,6.048,4.35599e+06,2.70226e+06,1.42683e+07,0,0,0,2.43529e+08,80.8192,79.791,2.6448,0,0,1.55705,1.55705,0,1.20295,3.38688,9.05263e+06,3.61194e+06,1.40954e+07,0,0,0,6.61631e+07
107.566,110.355,2.88907,0,0.04,3.35208,3.35208,0,0.613841,6.048,4.35599e+06,2.70226e+06,1.46016e+07,0,0,0,2.43529e+08,80.8192,79.791,2.60812,0,0,1.59513,1.59513,0,1.20298,3.38688,9.05263e+06,3.61194e+06,1.44401e+07,0,0,0,6.61631e+07
106.705,110.355,2.68636,0,0.04,3.35215,3.35215,0,0.62818,6.048,4.35599e+06,2.70226e+06,1.46019e+07,0,0,0,2.43529e+08,80.7962,79.791,2.50368,0,0,1.59516,1.59516,0,1.2324,3.38688,9.05263e+06,3.61194e+06,1.44404e+07,0,0,0,6.61631e+07
105.619,110.355,2.44947,0,0.04,3.35222,3.35222,0,0.628193,6.048,4.35599e+06,2.70226e+06,1.46022e+07,0,0,0,2.43529e+08,80.7443,79.791,2.30976,0,0,1.59519,1.59519,0,1.23242,3.38688,9.05263e+06,3.61194e+06,1.44407e+07,0,0,0,6.61631e+07
104.255,110.355,2.13314,0,0.04,3.35229,3.35229,0,0.628205,6.048,4.35599e+06,2.70226e+06,1.46025e+07,0,0,0,2.43529e+08,80.6826,79.791,2.29295,0,0,1.59523,1.59523,0,1.23245,3.38688,9.05263e+06,3.61194e+06,1.4441e+07,0,0,0,6.61631e+07
102.266,110.355,1.67462,0,0.04,3.57624,3.57624,0,0.628218,6.048,4.35599e+06,2.70226e+06,1.55781e+07,0,0,0,2.43529e+08,80.4585,79.791,2.20505,0,0,1.7326,1.7326,0,1.23247,3.38688,9.05263e+06,3.61194e+06,1.56846e+07,0,0,0,6.61631e+07
100.034,110.355,1.37613,0,0.04,3.57632,3.57632,0,0.670188,6.048,4.35599e+06,2.70226e+06,1.55784e+07,0,0,0,2.43529e+08,80.1431,79.791,2.06276,0,0,1.73264,1.73264,0,1.33861,3.38688,9.05263e+06,3.61194e+06,1.5685e+07,0,0,0,6.61631e+07
98.3027,110.355,1.87363,0,0.04,3.57639,3.57639,0,0.670202,6.048,4.35599e+06,2.70226e+06,1.55787e+07,0,0,0,2.43529e+08,79.8829,79.791,2.32405,0,0,1.73268,1.73268,0,1.33864,3.38688,9.05263e+06,3.61194e+06,1.56853e+07,0,0,0,6.61631e+07
97.3488,110.355,2.74768,0,0.04,3.57646,3.57646,0,0.670215,6.048,4.35599e+06,2.70226e+06,1.5579e+07,0,0,0,2.43529e+08,79.8149,79.791,2.72685,0,0,1.73271,1.73271,0,1.33867,3.38688,9.05263e+06,3.61194e+06,1.56856e+07,0,0,0,6.61631e+07
95.9403,110.355,2.31777,0,0.04,3.57654,3.57654,0,0.670229,6.048,4.35599e+06,2.70226e+06,1.55794e+07,0,0,0,2.43529e+08,79.4049,79.791,2.54393,0,0,1.73275,1.73275,0,1.33869,3.38688,9.05263e+06,3.61194e+06,1.56859e+07,0,0,0,6.61631e+07
93.8361,110.355,1.55234,0,0.04,3.46748,3.46748,0,0.670243,6.048,4.35599e+06,2.70226e+06,1.51043e+07,0,0,0,2.43529e+08,78.7603,79.791,1.58077,0,0,1.64941,1.64941,0,1.33872,3.38688,9.05263e+06,3.61194e+06,1.49315e+07,0,0,0,6.61631e+07
92.2893,110.355,2.1478,0,0.04,3.46755,3.46755,0,0.649806,6.048,4.35599e+06,2.70226e+06,1.51046e+07,0,0,0,2.43529e+08,78.5619,79.791,1.47726,0,0,1.64944,1.64944,0,1.27433,3.38688,9.05263e+06,3.61194e+06,1.49318e+07,0,0,0,6.61631e+07
90.9147,110.355,2.31047,0,0.04,3.46762,3.46762,0,0.649819,6.048,4.35599e+06,2.70226e+06,1.51049e+07,0,0,0,2.43529e+08,78.4202,79.791,2.3299,0,0,1.64948,1.64948,0,1.27436,3.38688,9.05263e+06,3.61194e+06,1.49321e+07,0,0,0,6.61631e+07
90.6798,110.355,3.50024,0,0.04,3.46769,3.46769,0,0.649833,6.048,4.35599e+06,2.70226e+06,1.51052e+07,0,0,0,2.43529e+08,78.9501,79.791,5.98134,0,0,1.64951,1.64951,0,1.27439,3.38688,9.05263e+06,3.61194e+06,1.49324e+07,0,0,0,6.61631e+07
90.9911,110.355,4.0318,0,0.04,3.37818,3.37818,0,0.649846,6.048,4.35599e+06,2.70226e+06,1.47153e+07,0,0,0,2.43529e+08,79.1271,79.791,2.73451,0,0,1.57365,1.57365,0,1.27441,3.38688,9.05263e+06,3.61194e+06,1.42457e+07,0,0,0,6.61631e+07
90.4446,110.355,3.47007,0,0.04,3.37825,3.37825,0,0.633072,6.048,4.35599e+06,2.70226e+06,1.47156e+07,0,0,0,2.43529e+08,79.4942,79.791,4.09502,0,0,1.57368,1.57368,0,1.2158,3.38688,9.05263e+06,3.61194e+06,1.4246e+07,0,0,0,6.61631e+07
90.9072,110.355,4.345,0,0.04,3.37832,3.37832,0,0.633085,6.048,4.35599e+06,2.70226e+06,1.47159e+07,0,0,0,2.43529e+08,80.0127,79.791,4.81108,0,0,1.57371,1.57371,0,1.21583,3.38688,9.05263e+06,3.61194e+06,1.42463e+07,0,0,0,6.61631e+07
91.6289,110.355,4.48216,0,0.04,3.37839,3.37839,0,0.633098,6.048,4.35599e+06,2.70226e+06,1.47162e+07,0,0,0,2.43529e+08,80.5104,79.791,4.57563,0,0,1.57375,1.57375,0,1.21585,3.38688,9.05263e+06,3.61194e+06,1.42465e+07,0,0,0,6.61631e+07
92.6574,110.355,4.86601,0,0.04,3.12402,3.12402,0,0.633111,6.048,4.35599e+06,2.70226e+06,1.36082e+07,0,0,0,2.43529e+08,80.8192,79.791,4.90769,0,0,1.4157,1.4157,0,1.21588,3.38688,9.05263e+06,3.61194e+06,1.28158e+07,0,0,0,6.61631e+07
94.6808,110.355,5.98566,0,0.04,3.12409,3.12409,0,0.585442,6.048,4.35599e+06,2.70226e+06,1.36085e+07,0,0,0,2.43529e+08,80.8192,79.791,4.8561,0,0,1.41573,1.41573,0,1.09377,3.38688,9.05263e+06,3.61194e+06,1.28161e+07,0,0,0,6.61631e+07
98.004,110.355,7.4268,0,0.04,3.12415,3.12415,0,0.585454,6.048,4.35599e+06,2.70226e+06,1.36088e+07,0,0,0,2.43529e+08,80.8192,79.791,4.94118,0,0,1.41576,1.41576,0,1.09379,3.38688,9.05263e+06,3.61194e+06,1.28163e+07,0,0,0,6.61631e+07
100.89,110.355,6.97937,0,0.04,3.12422,3.12422,0,0.585466,6.048,4.35599e+06,2.70226e+06,1.36091e+07,0,0,0,2.43529e+08,80.8192,79.791,7.79369,0,0,1.41578,1.41578,0,1.09381,3.38688,9.05263e+06,3.61194e+06,1.28166e+07,0,0,0,6.61631e+07
101.485,110.355,4.45314,0,0.04,3.12428,3.12428,0,0.585478,6.048,4.35599e+06,2.70226e+06,1.36093e+07,0,0,0,2.43529e+08,80.8192,79.791,3.71381,0,0,1.41581,1.41581,0,1.09383,3.38688,9.05263e+06,3.61194e+06,1.28168e+07,0,0,0,6.61631e+07
103.556,110.355,6.19636,0,0.04,3.22221,3.22221,0,0.58549,6.048,4.35599e+06,2.70226e+06,1.40359e+07,0,0,0,2.43529e+08,80.8192,79.791,4.37025,0,0,1.46162,1.46162,0,1.09386,3.38688,9.05263e+06,3.61194e+06,1.32315e+07,0,0,0,6.61631e+07
107.98,110.355,8.74169,0,0.04,3.22226,3.22226,0,0.603843,6.048,4.35599e+06,2.70226e+06,1.40361e+07,0,0,0,2.43529e+08,80.8192,79.791,5.17831,0,0,1.46164,1.46164,0,1.12925,3.38688,9.05263e+06,3.61194e+06,1.32317e+07,0,0,0,6.61631e+07
110.255,110.355,6.29275,0,0.04,3.2223,3.2223,0,0.603851,6.048,4.35599e+06,2.70226e+06,1.40363e+07,0,0,0,2.43529e+08,80.8192,79.791,4.18448,0,0,1.46166,1.46166,0,1.12926,3.38688,9.05263e+06,3.61194e+06,1.32319e+07,0,0,0,6.61631e+07
110.355,110.355,6.37969,0,0.04,3.22235,3.22235,0,0.603859,6.048,4.35599e+06,2.70226e+06,1.40365e+07,0,0,0,2.43529e+08,80.8192,79.791,4.9606,0,0,1.46168,1.46168,0,1.12928,3.38688,9.05263e+06,3.61194e+06,1.3232e+07,0,0,0,6.61631e+07
110.355,110.355,7.44382,0,0.04,3.5367,3.5367,0,0.603868,6.048,4.35599e+06,2.70226e+06,1.54058e+07,0,0,0,2.43529e+08,80.8192,79.791,5.12918,0,0,1.63356,1.63356,0,1.12929,3.38688,9.05263e+06,3.61194e+06,1.47881e+07,0,0,0,6.61631e+07
110.355,110.355,7.08855,0,0.04,3.53675,3.53675,0,0.662777,6.048,4.35599e+06,2.70226e+06,1.5406e+07,0,0,0,2.43529e+08,80.8192,79.791,5.3359,0,0,1.63359,1.63359,0,1.26209,3.38688,9.05263e+06,3.61194e+06,1.47883e+07,0,0,0,6.61631e+07
110.355,110.355,7.50656,0.02,0.04,2.37653,3.53679,0,0.662786,6.048,4.35599e+06,2.70226e+06,1.03522e+07,0,0,0,2.43529e+08,80.8192,79.791,5.60569,0,0,2.79387,1.63361,0,1.26211,3.38688,9.05263e+06,3.61194e+06,2.52919e+07,0,0,0,6.61631e+07
110.355,110.355,5.10487,0.07,0.04,2.37661,3.53684,0,0.445362,6.048,4.35599e+06,2.70226e+06,1.03525e+07,0,0,0,2.43529e+08,80.8029,79.791,3.49623,0,0,2.79387,1.63363,0,2.15854,3.38688,9.05263e+06,3.61194e+06,2.52919e+07,0,0,0,6.61631e+07
110.355,110.355,5.85095,0.07,0.04,1.92835,3.08857,0,0.445376,6.048,4.35599e+06,2.70226e+06,8.39989e+06,0,0,0,2.43529e+08,80.8192,79.791,6.20777,0,0,2.56321,1.403,0,2.15854,3.38688,9.05263e+06,3.61194e+06,2.32038e+07,0,0,0,6.61631e+07
110.355,110.355,5.9245,0.13,0.04,1.69776,3.08861,0,0.361373,6.048,4.35599e+06,2.70226e+06,7.39543e+06,0,0,0,2.43529e+08,80.8192,79.791,5.08099,0,0,2.79387,1.40302,0,1.98034,3.38688,9.05263e+06,3.61194e+06,2.52919e+07,0,0,0,6.61631e+07
110.355,110.355,6.78671,0.14,0.04,1.69782,3.08865,0,0.318161,6.048,4.35599e+06,2.70226e+06,7.3957e+06,0,0,0,2.43529e+08,80.8192,79.791,5.67312,0,0,2.79387,1.40304,0,2.15854,3.38688,9.05263e+06,3.61194e+06,2.52919e+07,0,0,0,6.61631e+07
110.355,110.355,7.75711,0.14,0.04,1.69789,3.0887,0,0.318172,6.048,4.35599e+06,2.70226e+06,7.39598e+06,0,0,0,2.43529e+08,80.8192,79.791,5.51914,0,0,2.79387,1.40306,0,2.15854,3.38688,9.05263e+06,3.61194e+06,2.52919e+07,0,0,0,6.61631e+07
110.355,110.355,6.45369,0.14,0.04,1.69795,3.08874,0,0.318184,6.048,4.35599e+06,2.70226e+06,7.39625e+06,0,0,0,2.43529e+08,80.8192,79.791,5.87607,0,0,2.79387,1.40308,0,2.15854,3.38688,9.05263e+06,3.61194e+06,2.52919e+07,0,0,0,6.61631e+07
110.355,110.355,5.40696,0.13,0.04,1.81087,3.20164,0,0.318196,6.048,4.35599e+06,2.70226e+06,7.88813e+06,0,0,0,2.43529e+08,80.8192,79.791,5.15777,0,0,2.8503,1.45953,0,2.15854,3.38688,9.05263e+06,3.61194e+06,2.58027e+07,0,0,0,6.61631e+07
110.355,110.355,4.55621,0.15,0.04,1.86736,3.20169,0,0.339357,6.048,4.35599e+06,2.70226e+06,8.13422e+06,0,0,0,2.43529e+08,80.8192,79.791,4.30342,0,0,2.79387,1.45955,0,2.20214,3.38688,9.05263e+06,3.61194e+06,2.52919e+07,0,0,0,6.61631e+07
110.355,110.355,4.85718,0.14,0.04,1.86743,3.20173,0,0.349944,6.048,4.35599e+06,2.70226e+06,8.1345e+06,0,0,0,2.43529e+08,80.8192,79.791,4.15556,0,0,2.79387,1.45957,0,2.15854,3.38688,9.05263e+06,3.61194e+06,2.52919e+07,0,0,0,6.61631e+07
110.355,110.355,4.99719,0.13,0.04,1.86749,3.20177,0,0.349956,6.048,4.35599e+06,2.70226e+06,8.13478e+06,0,0,0,2.43529e+08,80.8192,79.791,5.20971,0,0,2.79387,1.45959,0,2.15854,3.38688,9.05263e+06,3.61194e+06,2.52919e+07,0,0,0,6.61631e+07
110.355,110.355,4.38502,0.12,0.04,1.82343,3.15769,0,0.349968,6.048,4.35599e+06,2.70226e+06,7.94284e+06,0,0,0,2.43529e+08,80.8192,79.791,4.17541,0,0,2.77195,1.43769,0,2.15854,3.38688,9.05263e+06,3.61194e+06,2.50934e+07,0,0,0,6.61631e+07
110.355,110.355,3.93709,0.11,0.04,1.80157,3.15773,0,0.341711,6.048,4.35599e+06,2.70226e+06,7.84764e+06,0,0,0,2.43529e+08,80.8192,79.791,4.17871,0,0,2.79387,1.43771,0,2.14161,3.38688,9.05263e+06,3.61194e+06,2.52919e+07,0,0,0,6.61631e+07
110.355,110.355,3.54182,0.11,0.04,1.80164,3.15778,0,0.337615,6.048,4.35599e+06,2.70226e+06,7.84792e+06,0,0,0,2.43529e+08,80.8192,79.791,4.32375,0,0,2.79387,1.43773,0,2.15854,3.38688,9.05263e+06,3.61194e+06,2.52919e+07,0,0,0,6.61631e+07
110.355,110.355,3.83691,0.08,0.04,1.8017,3.15782,0,0.337627,6.048,4.35599e+06,2.70226e+06,7.8482e+06,0,0,0,2.43529e+08,80.8192,79.791,3.80688,0,0,2.79387,1.43775,0,2.15854,3.38688,9.05263e+06,3.61194e+06,2.52919e+07,0,0,0,6.61631e+07
110.355,110.355,3.4618,0.08,0.04,1.95157,3.30766,0,0.337639,6.048,4.35599e+06,2.70226e+06,8.501e+06,0,0,0,2.43529e+08,80.8192,79.791,3.66188,0,0,2.8716,1.5155,0,2.15854,3.38688,9.05263e+06,3.61194e+06,2.59956e+07,0,0,0,6.61631e+07
110.355,110.355,3.10753,0.08,0.04,2.02936,3.30771,0,0.365723,6.048,4.35599e+06,2.70226e+06,8.83989e+06,0,0,0,2.43529e+08,80.8192,79.791,3.17913,0,0,2.79387,1.51552,0,2.2186,3.38688,9.05263e+06,3.61194e+06,2.52919e+07,0,0,0,6.61631e+07
110.355,110.355,2.72721,0.07,0.04,2.02943,3.30776,0,0.380303,6.048,4.35599e+06,2.70226e+06,8.84018e+06,0,0,0,2.43529e+08,80.8173,79.791,2.97078,0,0,2.79387,1.51554,0,2.15854,3.38688,9.05263e+06,3.61194e+06,2.52919e+07,0,0,0,6.61631e+07
110.355,110.355,2.57498,0.07,0.04,2.0295,3.3078,0,0.380316,6.048,4.35599e+06,2.70226e+06,8.84048e+06,0,0,0,2.43529e+08,80.7563,79.791,2.83832,0,0,2.79387,1.51557,0,2.15854,3.38688,9.05263e+06,3.61194e+06,2.52919e+07,0,0,0,6.61631e+07
110.355,110.355,2.47902,0.08,0.04,2.02957,3.30785,0,0.380328,6.048,4.35599e+06,2.70226e+06,8.84077e+06,0,0,0,2.43529e+08,80.641,79.791,2.64938,0,0,2.79387,1.51559,0,2.15854,3.38688,9.05263e+06,3.61194e+06,2.52919e+07,0,0,0,6.61631e+07
110.355,110.355,2.53469,0.08,0.04,2.00001,3.27827,0,0.380341,6.048,4.35599e+06,2.70226e+06,8.71201e+06,0,0,0,2.43529e+08,80.4748,79.791,2.39906,0,0,2.8366,1.55833,0,2.15854,3.38688,9.05263e+06,3.61194e+06,2.56787e+07,0,0,0,6.61631e+07
110.354,110.355,2.46538,0.08,0.04,2.0428,3.27831,0,0.374801,6.048,4.35599e+06,2.70226e+06,8.89841e+06,0,0,0,2.43529e+08,80.3167,79.791,2.51974,0,0,2.79387,1.55836,0,2.19155,3.38688,9.05263e+06,3.61194e+06,2.52919e+07,0,0,0,6.61631e+07
110.289,110.355,2.39293,0.08,0.04,2.04287,3.27836,0,0.382821,6.048,4.35599e+06,2.70226e+06,8.8987e+06,0,0,0,2.43529e+08,80.1169,79.791,2.48142,0,0,2.79387,1.55838,0,2.15854,3.38688,9.05263e+06,3.61194e+06,2.52919e+07,0,0,0,6.61631e+07
110.074,110.355,2.18725,0.09,0.04,2.04293,3.2784,0,0.382833,6.048,4.35599e+06,2.70226e+06,8.899e+06,0,0,0,2.43529e+08,79.5346,79.791,2.32676,0,0,2.79387,1.5584,0,2.15854,3.38688,9.05263e+06,3.61194e+06,2.52919e+07,0,0,0,6.61631e+07
109.523,110.355,1.88714,0.09,0.04,2.11951,3.35496,0,0.382846,6.048,4.35599e+06,2.70226e+06,9.23258e+06,0,0,0,2.43529e+08,78.6738,79.791,1.67134,0,0,2.83195,1.5965,0,2.15854,3.38688,9.05263e+06,3.61194e+06,2.56366e+07,0,0,0,6.61631e+07
108.873,110.355,1.84036,0.09,0.04,2.15766,3.35501,0,0.397197,6.048,4.35599e+06,2.70226e+06,9.39875e+06,0,0,0,2.43529e+08,77.693,79.791,1.41637,0,0,2.79387,1.59652,0,2.18796,3.38688,9.05263e+06,3.61194e+06,2.52919e+07,0,0,0,6.61631e+07
108.114,110.355,1.70763,0.06,0.04,2.15773,3.35506,0,0.404346,6.048,4.35599e+06,2.70226e+06,9.39905e+06,0,0,0,2.43529e+08,76.5895,79.791,1.35673,0,0,2.79387,1.59655,0,2.15854,3.38688,9.05263e+06,3.61194e+06,2.52919e+07,0,0,0,6.61631e+07
107.214,110.355,1.55482,0.05,0.04,2.1578,3.3551,0,0.404359,6.048,4.35599e+06,2.70226e+06,9.39935e+06,0,0,0,2.43529e+08,75.7281,79.791,1.20216,0,0,2.79387,1.59657,0,2.15854,3.38688,9.05263e+06,3.61194e+06,2.52919e+07,0,0,0,6.61631e+07
106.276,110.355,1.6957,0.04,0.04,2.38194,3.57922,0,0.404372,6.048,4.35599e+06,2.70226e+06,1.03757e+07,0,0,0,2.43529e+08,74.7685,79.791,1.57793,0,0,2.93133,1.73405,0,2.15854,3.38688,9.05263e+06,3.61194e+06,2.65363e+07,0,0,0,6.61631e+07
104.841,110.355,1.30816,0.06,0.04,2.51948,3.57927,0,0.446376,6.048,4.35599e+06,2.70226e+06,1.09748e+07,0,0,0,2.43529e+08,73.6169,79.791,1.25722,0,0,2.79387,1.73407,0,2.26475,3.38688,9.05263e+06,3.61194e+06,2.52919e+07,0,0,0,6.61631e+07
103.385,110.355,1.27553,0.02,0.04,2.51955,3.57932,0,0.47215,6.048,4.35599e+06,2.70226e+06,1.09751e+07,0,0,0,2.43529e+08,72.5993,79.791,1.18988,0,0,2.79387,1.7341,0,2.15855,3.38688,9.05263e+06,3.61194e+06,2.52919e+07,0,0,0,6.61631e+07
101.554,110.355,1.832,0,0.04,3.57937,3.57937,0,0.472164,6.048,4.35599e+06,2.70226e+06,1.55917e+07,0,0,0,2.43529e+08,71.9408,79.791,1.38417,0,0,1.73412,1.73412,0,2.15855,3.38688,9.05263e+06,3.61194e+06,1.56984e+07,0,0,0,6.61631e+07
100.458,110.355,2.65508,0,0.04,3.57942,3.57942,0,0.670775,6.048,4.35599e+06,2.70226e+06,1.55919e+07,0,0,0,2.43529e+08,71.6865,79.791,1.5971,0,0,1.73415,1.73415,0,1.33978,3.38688,9.05263e+06,3.61194e+06,1.56986e+07,0,0,0,6.61631e+07
98.7735,110.355,1.85787,0,0.04,3.47026,3.47026,0,0.670784,6.048,4.35599e+06,2.70226e+06,1.51164e+07,0,0,0,2.43529e+08,71.4099,79.791,2.22263,0,0,1.65073,1.65073,0,1.3398,3.38688,9.05263e+06,3.61194e+06,1.49435e+07,0,0,0,6.61631e+07
97.2649,110.355,2.10435,0,0.04,3.47031,3.47031,0,0.650327,6.048,4.35599e+06,2.70226e+06,1.51166e+07,0,0,0,2.43529e+08,71.1583,79.791,2.09972,0,0,1.65075,1.65075,0,1.27535,3.38688,9.05263e+06,3.61194e+06,1.49437e+07,0,0,0,6.61631e+07
96.8904,110.355,3.28075,0,0.04,3.47036,3.47036,0,0.650336,6.048,4.35599e+06,2.70226e+06,1.51168e+07,0,0,0,2.43529e+08,71.2369,79.791,3.59277,0,0,1.65078,1.65078,0,1.27537,3.38688,9.05263e+06,3.61194e+06,1.49439e+07,0,0,0,6.61631e+07
96.2658,110.355,3.13685,0,0.04,3.4704,3.4704,0,0.650345,6.048,4.35599e+06,2.70226e+06,1.5117e+07,0,0,0,2.43529e+08,71.2485,79.791,3.2587,0,0,1.6508,1.6508,0,1.27539,3.38688,9.05263e+06,3.61194e+06,1.49441e+07,0,0,0,6.61631e+07
95.1918,110.355,2.73906,0,0.04,3.3808,3.3808,0,0.650354,6.048,4.35599e+06,2.70226e+06,1.47267e+07,0,0,0,2.43529e+08,71.357,79.791,2.87054,0,0,1.57487,1.57487,0,1.27541,3.38688,9.05263e+06,3.61194e+06,1.42567e+07,0,0,0,6.61631e+07
95.2079,110.355,3.86944,0,0.04,3.38085,3.38085,0,0.633562,6.048,4.35599e+06,2.70226e+06,1.47269e+07,0,0,0,2.43529e+08,72.034,79.791,4.20625,0,0,1.57489,1.57489,0,1.21674,3.38688,9.05263e+06,3.61194e+06,1.42569e+07,0,0,0,6.61631e+07
95.446,110.355,4.08575,0,0.04,3.3809,3.3809,0,0.633571,6.048,4.35599e+06,2.70226e+06,1.47271e+07,0,0,0,2.43529e+08,72.6263,79.791,4.11355,0,0,1.57491,1.57491,0,1.21676,3.38688,9.05263e+06,3.61194e+06,1.42571e+07,0,0,0,6.61631e+07
98.1652,110.355,6.56963,0,0.04,3.38094,3.38094,0,0.63358,6.048,4.35599e+06,2.70226e+06,1.47273e+07,0,0,0,2.43529e+08,73.6551,79.791,5.56678,0,0,1.57493,1.57493,0,1.21678,3.38688,9.05263e+06,3.61194e+06,1.42573e+07,0,0,0,6.61631e+07
99.9274,110.355,5.37922,0,0.04,3.12636,3.12636,0,0.633589,6.048,4.35599e+06,2.70226e+06,1.36184e+07,0,0,0,2.43529e+08,74.4989,79.791,4.89614,0,0,1.41676,1.41676,0,1.21679,3.38688,9.05263e+06,3.61194e+06,1.28254e+07,0,0,0,6.61631e+07
99.3001,110.355,2.97357,0,0.04,3.12641,3.12641,0,0.58588,6.048,4.35599e+06,2.70226e+06,1.36186e+07,0,0,0,2.43529e+08,74.5314,79.791,2.80641,0,0,1.41678,1.41678,0,1.09459,3.38688,9.05263e+06,3.61194e+06,1.28256e+07,0,0,0,6.61631e+07
98.7475,110.355,3.06069,0,0.04,3.12645,3.12645,0,0.585888,6.048,4.35599e+06,2.70226e+06,1.36188e+07,0,0,0,2.43529e+08,74.7408,79.791,4.64314,0,0,1.4168,1.4168,0,1.0946,3.38688,9.05263e+06,3.61194e+06,1.28257e+07,0,0,0,6.61631e+07
99.7792,110.355,4.72518,0,0.04,3.12649,3.12649,0,0.585897,6.048,4.35599e+06,2.70226e+06,1.3619e+07,0,0,0,2.43529e+08,74.974,79.791,4.63517,0,0,1.41682,1.41682,0,1.09462,3.38688,9.05263e+06,3.61194e+06,1.28259e+07,0,0,0,6.61631e+07
110.355,110.355,20.001,0,0.04,3.12654,3.12654,0,0.585905,6.048,4.35599e+06,2.70226e+06,1.36192e+07,0,0,0,2.43529e+08,80.0083,79.791,10.6086,0,0,1.41684,1.41684,0,1.09463,3.38688,9.05263e+06,3.61194e+06,1.28261e+07,0,0,0,6.61631e+07
110.355,110.355,7.07645,0.05,0.04,1.74952,3.12654,0,0.585913,6.048,4.35599e+06,2.70226e+06,7.62091e+06,0,0,0,2.43529e+08,80.8192,79.791,5.9459,0,0,2.79385,1.41684,0,1.09465,3.38688,9.05263e+06,3.61194e+06,2.52917e+07,0,0,0,6.61631e+07
110.355,110.355,6.4968,0.06,0.04,1.84751,3.22452,0,0.327861,6.048,4.35599e+06,2.70226e+06,8.04772e+06,0,0,0,5.05602e+08,80.8192,79.791,6.86194,0,0,2.83968,1.46266,0,2.15853,3.38688,9.05263e+06,3.61194e+06,2.57066e+07,0,0,0,6.61631e+07
110.355,110.355,8.60134,0.11,0.04,1.89336,3.22454,0,0.346223,6.048,4.35599e+06,2.70226e+06,8.24745e+06,0,0,0,5.05602e+08,80.8192,79.791,9.0636,0,0,2.79386,1.46268,0,2.19393,3.38688,9.05263e+06,3.61194e+06,2.52918e+07,0,0,0,6.61631e+07
110.355,110.355,16.623,0.13,0.04,1.89339,3.22457,0,0.354816,6.048,4.35599e+06,2.70226e+06,8.24761e+06,0,0,0,5.05602e+08,80.8192,79.791,11.4198,0,0,2.79386,1.46269,0,2.15854,3.38688,9.05263e+06,3.61194e+06,2.52918e+07,0,0,0,6.61631e+07
110.355,110.355,8.63552,0.14,0.04,1.89343,3.22459,0,0.354822,6.048,4.35599e+06,2.70226e+06,8.24776e+06,0,0,0,5.05602e+08,80.8192,79.791,9.08873,0,0,2.79386,1.4627,0,2.15854,3.38688,9.05263e+06,3.61194e+06,2.52918e+07,0,0,0,6.61631e+07
110.355,110.355,7.35958,0.14,0.04,2.20799,3.53914,0,0.354829,6.048,4.35599e+06,2.70226e+06,9.61796e+06,0,0,0,5.05602e+08,80.8192,79.791,8.09533,0,0,2.96584,1.63469,0,2.15854,3.38688,9.05263e+06,3.61194e+06,2.68487e+07,0,0,0,6.61631e+07
110.355,110.355,7.81343,0.14,0.04,2.38001,3.53916,0,0.413776,6.048,4.35599e+06,2.70226e+06,1.03673e+07,0,0,0,5.05602e+08,80.8192,79.791,8.7734,0,0,2.79386,1.6347,0,2.29141,3.38688,9.05263e+06,3.61194e+06,2.52918e+07,0,0,0,6.61631e+07
110.355,110.355,8.01423,0.14,0.04,2.38004,3.53919,0,0.446013,6.048,4.35599e+06,2.70226e+06,1.03674e+07,0,0,0,5.05602e+08,80.8192,79.791,10.8968,0,0,2.79386,1.63472,0,2.15854,3.38688,9.05263e+06,3.61194e+06,2.52918e+07,0,0,0,6.61631e+07
110.355,110.355,6.40022,0.14,0.04,2.38008,3.53922,0,0.44602,6.048,4.35599e+06,2.70226e+06,1.03676e+07,0,0,0,5.05602e+08,80.8192,79.791,7.33845,0,0,2.79386,1.63473,0,2.15854,3.38688,9.05263e+06,3.61194e+06,2.52918e+07,0,0,0,6.61631e+07
110.355,110.355,6.5471,0.14,0.04,1.9315,3.09062,0,0.446027,6.048,4.35599e+06,2.70226e+06,8.41359e+06,0,0,0,5.05602e+08,80.8192,79.791,5.41604,0,0,2.56305,1.40393,0,2.15854,3.38688,9.05263e+06,3.61194e+06,2.32023e+07,0,0,0,6.61631e+07
110.355,110.355,7.00213,0.14,0.04,1.70072,3.09064,0,0.361963,6.048,4.35599e+06,2.70226e+06,7.40834e+06,0,0,0,5.05602e+08,80.8192,79.791,6.79573,0,0,2.79386,1.40394,0,1.98021,3.38688,9.05263e+06,3.61194e+06,2.52918e+07,0,0,0,6.61631e+07
110.355,110.355,6.47375,0.14,0.04,1.70076,3.09067,0,0.318716,6.048,4.35599e+06,2.70226e+06,7.40848e+06,0,0,0,5.05602e+08,80.8192,79.791,5.75082,0,0,2.79386,1.40395,0,2.15854,3.38688,9.05263e+06,3.61194e+06,2.52918e+07,0,0,0,6.61631e+07
110.355,110.355,7.79511,0.14,0.04,1.70079,3.09069,0,0.318722,6.048,4.35599e+06,2.70226e+06,7.40863e+06,0,0,0,5.05602e+08,80.8192,79.791,9.77901,0,0,2.79386,1.40396,0,2.15853,3.38688,9.05263e+06,3.61194e+06,2.52918e+07,0,0,0,6.61631e+07
110.355,110.355,7.68925,0.15,0.04,1.70082,3.09071,0,0.318728,6.048,4.35599e+06,2.70226e+06,7.40877e+06,0,0,0,5.05602e+08,80.8192,79.791,8.30864,0,0,2.79386,1.40397,0,2.15853,3.38688,9.05263e+06,3.61194e+06,2.52918e+07,0,0,0,6.61631e+07
110.355,110.355,6.73354,0.15,0.04,1.81379,3.20366,0,0.318734,6.048,4.35599e+06,2.70226e+06,7.90083e+06,0,0,0,5.05602e+08,80.8192,79.791,8.01655,0,0,2.85033,1.46045,0,2.15854,3.38688,9.05263e+06,3.61194e+06,2.5803e+07,0,0,0,6.61631e+07
110.355,110.355,6.71352,0.14,0.04,1.87029,3.20369,0,0.339904,6.048,4.35599e+06,2.70226e+06,8.14695e+06,0,0,0,5.05602e+08,80.8192,79.791,8.83325,0,0,2.79386,1.46046,0,2.20216,3.38688,9.05263e+06,3.61194e+06,2.52918e+07,0,0,0,6.61631e+07
110.355,110.355,6.05312,0.14,0.04,1.87032,3.20371,0,0.350492,6.048,4.35599e+06,2.70226e+06,8.1471e+06,0,0,0,5.05602e+08,80.8192,79.791,7.59908,0,0,2.79386,1.46047,0,2.15854,3.38688,9.05263e+06,3.61194e+06,2.52918e+07,0,0,0,6.61631e+07
110.355,110.355,4.78762,0.13,0.04,1.87036,3.20373,0,0.350498,6.048,4.35599e+06,2.70226e+06,8.14725e+06,0,0,0,5.05602e+08,80.8192,79.791,6.14948,0,0,2.79386,1.46048,0,2.15854,3.38688,9.05263e+06,3.61194e+06,2.52918e+07,0,0,0,6.61631e+07
110.355,110.355,4.45889,0.11,0.04,1.82624,3.1596,0,0.350505,6.048,4.35599e+06,2.70226e+06,7.95506e+06,0,0,0,5.05602e+08,80.8192,79.791,4.65,0,0,2.77193,1.43856,0,2.15854,3.38688,9.05263e+06,3.61194e+06,2.50932e+07,0,0,0,6.61631e+07
110.355,110.355,4.10133,0.11,0.04,1.80434,3.15963,0,0.342237,6.048,4.35599e+06,2.70226e+06,7.85968e+06,0,0,0,5.05602e+08,80.8192,79.791,4.36237,0,0,2.79386,1.43857,0,2.14159,3.38688,9.05263e+06,3.61194e+06,2.52918e+07,0,0,0,6.61631e+07
110.355,110.355,3.76191,0.08,0.04,1.80437,3.15965,0,0.338133,6.048,4.35599e+06,2.70226e+06,7.85983e+06,0,0,0,5.05602e+08,80.8192,79.791,4.17622,0,0,2.79386,1.43858,0,2.15854,3.38688,9.05263e+06,3.61194e+06,2.52918e+07,0,0,0,6.61631e+07
110.355,110.355,3.55437,0.08,0.04,1.80441,3.15967,0,0.338139,6.048,4.35599e+06,2.70226e+06,7.85997e+06,0,0,0,5.05602e+08,80.8192,79.791,3.98639,0,0,2.79386,1.43859,0,2.15854,3.38688,9.05263e+06,3.61194e+06,2.52918e+07,0,0,0,6.61631e+07
110.355,110.355,3.23207,0.08,0.04,1.95433,3.30958,0,0.338146,6.048,4.35599e+06,2.70226e+06,8.51303e+06,0,0,0,5.05602e+08,80.8192,79.791,3.62455,0,0,2.87164,1.51638,0,2.15854,3.38688,9.05263e+06,3.61194e+06,2.59959e+07,0,0,0,6.61631e+07
110.355,110.355,2.95687,0.07,0.04,2.03214,3.30961,0,0.366241,6.048,4.35599e+06,2.70226e+06,8.85198e+06,0,0,0,5.05602e+08,80.8192,79.791,3.29895,0,0,2.79386,1.51639,0,2.21863,3.38688,9.05263e+06,3.61194e+06,2.52918e+07,0,0,0,6.61631e+07
110.355,110.355,2.73879,0.08,0.04,2.03218,3.30963,0,0.380823,6.048,4.35599e+06,2.70226e+06,8.85214e+06,0,0,0,5.05602e+08,80.8192,79.791,3.17215,0,0,2.79386,1.5164,0,2.15854,3.38688,9.05263e+06,3.61194e+06,2.52918e+07,0,0,0,6.61631e+07
110.355,110.355,2.58535,0.08,0.04,2.03221,3.30966,0,0.38083,6.048,4.35599e+06,2.70226e+06,8.85229e+06,0,0,0,5.05602e+08,80.8192,79.791,2.99987,0,0,2.79386,1.51641,0,2.15854,3.38688,9.05263e+06,3.61194e+06,2.52918e+07,0,0,0,6.61631e+07
110.355,110.355,3.69273,0.08,0.04,2.03225,3.30968,0,0.380837,6.048,4.35599e+06,2.70226e+06,8.85245e+06,0,0,0,5.05602e+08,80.8192,79.791,4.24489,0,0,2.79386,1.51643,0,2.15854,3.38688,9.05263e+06,3.61194e+06,2.52918e+07,0,0,0,6.61631e+07
110.355,110.355,3.3076,0.09,0.04,2.00264,3.28006,0,0.380843,6.048,4.35599e+06,2.70226e+06,8.72348e+06,0,0,0,5.05602e+08,80.8192,79.791,3.95265,0,0,2.83661,1.55919,0,2.15854,3.38688,9.05263e+06,3.61194e+06,2.56788e+07,0,0,0,6.61631e+07
110.355,110.355,3.06177,0.09,0.04,2.04543,3.28009,0,0.375295,6.048,4.35599e+06,2.70226e+06,8.90986e+06,0,0,0,5.05602e+08,80.8192,79.791,3.81444,0,0,2.79386,1.5592,0,2.19156,3.38688,9.05263e+06,3.61194e+06,2.52918e+07,0,0,0,6.61631e+07
110.355,110.355,2.92189,0.09,0.04,2.04546,3.28011,0,0.383313,6.048,4.35599e+06,2.70226e+06,8.91001e+06,0,0,0,5.05602e+08,80.8192,79.791,3.73053,0,0,2.79386,1.55921,0,2.15854,3.38688,9.05263e+06,3.61194e+06,2.52918e+07,0,0,0,6.61631e+07
110.355,110.355,3.05315,0.09,0.04,2.0455,3.28014,0,0.38332,6.048,4.35599e+06,2.70226e+06,8.91017e+06,0,0,0,5.05602e+08,80.8192,79.791,3.79959,0,0,2.79386,1.55922,0,2.15854,3.38688,9.05263e+06,3.61194e+06,2.52918e+07,0,0,0,6.61631e+07
110.355,110.355,2.91875,0.09,0.04,2.12209,3.35671,0,0.383326,6.048,4.35599e+06,2.70226e+06,9.24379e+06,0,0,0,5.05602e+08,80.8192,79.791,3.86005,0,0,2.83196,1.59733,0,2.15854,3.38688,9.05263e+06,3.61194e+06,2.56367e+07,0,0,0,6.61631e+07
110.355,110.355,2.70436,0.09,0.04,2.16022,3.35674,0,0.397679,6.048,4.35599e+06,2.70226e+06,9.40991e+06,0,0,0,5.05602e+08,80.8192,79.791,3.44838,0,0,2.79386,1.59735,0,2.18797,3.38688,9.05263e+06,3.61194e+06,2.52918e+07,0,0,0,6.61631e+07
110.355,110.355,2.75296,0.09,0.04,2.16026,3.35676,0,0.404826,6.048,4.35599e+06,2.70226e+06,9.41007e+06,0,0,0,5.05602e+08,80.8192,79.791,3.90711,0,0,2.79386,1.59736,0,2.15854,3.38688,9.05263e+06,3.61194e+06,2.52918e+07,0,0,0,6.61631e+07
110.355,110.355,2.83726,0.09,0.04,2.1603,3.35679,0,0.404833,6.048,4.35599e+06,2.70226e+06,9.41023e+06,0,0,0,5.05602e+08,80.8192,79.791,4.04947,0,0,2.79386,1.59737,0,2.15854,3.38688,9.05263e+06,3.61194e+06,2.52918e+07,0,0,0,6.61631e+07
109.935,110.355,2.36558,0.1,0.04,2.38452,3.581,0,0.40484,6.048,4.35599e+06,2.70226e+06,1.03869e+07,0,0,0,5.05602e+08,80.8192,79.791,3.33855,0,0,2.93139,1.73491,0,2.15854,3.38688,9.05263e+06,3.61194e+06,2.65368e+07,0,0,0,6.61631e+07
109.642,110.355,2.63476,0.1,0.04,2.52209,3.58103,0,0.446859,6.048,4.35599e+06,2.70226e+06,1.09862e+07,0,0,0,5.05602e+08,80.8192,79.791,4.01989,0,0,2.79386,1.73492,0,2.26479,3.38688,9.05263e+06,3.61194e+06,2.52918e+07,0,0,0,6.61631e+07
108.837,110.355,2.13619,0.1,0.04,2.52213,3.58105,0,0.472639,6.048,4.35599e+06,2.70226e+06,1.09864e+07,0,0,0,5.05602e+08,80.8192,79.791,3.03067,0,0,2.79386,1.73493,0,2.15854,3.38688,9.05263e+06,3.61194e+06,2.52918e+07,0,0,0,6.61631e+07
108.46,110.355,2.53818,0.1,0.04,2.52217,3.58108,0,0.472647,6.048,4.35599e+06,2.70226e+06,1.09865e+07,0,0,0,5.05602e+08,80.8192,79.791,4.93315,0,0,2.79386,1.73495,0,2.15854,3.38688,9.05263e+06,3.61194e+06,2.52918e+07,0,0,0,6.61631e+07
107.973,110.355,2.39008,0.1,0.04,2.52221,3.58111,0,0.472654,6.048,4.35599e+06,2.70226e+06,1.09867e+07,0,0,0,5.05602e+08,80.8192,79.791,5.32636,0,0,2.79386,1.73496,0,2.15854,3.38688,9.05263e+06,3.61194e+06,2.52918e+07,0,0,0,6.61631e+07
107.272,110.355,2.0689,0.11,0.04,2.41298,3.47187,0,0.472661,6.048,4.35599e+06,2.70226e+06,1.05109e+07,0,0,0,5.05602e+08,80.8192,79.791,2.87679,0,0,2.71038,1.6515,0,2.15854,3.38688,9.05263e+06,3.61194e+06,2.45361e+07,0,0,0,6.61631e+07
106.927,110.355,2.41596,0.11,0.04,2.32954,3.47189,0,0.452193,6.048,4.35599e+06,2.70226e+06,1.01475e+07,0,0,0,5.05602e+08,80.8192,79.791,2.94527,0,0,2.79386,1.65151,0,2.09404,3.38688,9.05263e+06,3.61194e+06,2.52918e+07,0,0,0,6.61631e+07
110.355,110.355,6.8431,0.12,0.04,2.32958,3.47192,0,0.436556,6.048,4.35599e+06,2.70226e+06,1.01476e+07,0,0,0,5.05602e+08,80.8192,79.791,5.85064,0,0,2.79386,1.65152,0,2.15854,3.38688,9.05263e+06,3.61194e+06,2.52918e+07,0,0,0,6.61631e+07
110.355,110.355,3.92551,0.11,0.04,2.32962,3.47195,0,0.436563,6.048,4.35599e+06,2.70226e+06,1.01478e+07,0,0,0,5.05602e+08,80.8192,79.791,4.18997,0,0,2.79386,1.65153,0,2.15854,3.38688,9.05263e+06,3.61194e+06,2.52918e+07,0,0,0,6.61631e+07
110.355,110.355,3.45697,0.11,0.04,2.23997,3.38228,0,0.43657,6.048,4.35599e+06,2.70226e+06,9.75727e+06,0,0,0,5.05602e+08,80.8192,79.791,4.14675,0,0,2.71787,1.57556,0,2.15854,3.38688,9.05263e+06,3.61194e+06,2.46039e+07,0,0,0,6.61631e+07
110.355,110.355,3.93236,0.11,0.04,2.16402,3.38231,0,0.41977,6.048,4.35599e+06,2.70226e+06,9.42643e+06,0,0,0,5.05602e+08,80.8192,79.791,5.69699,0,0,2.79386,1.57557,0,2.09983,3.38688,9.05263e+06,3.61194e+06,2.52918e+07,0,0,0,6.61631e+07
110.355,110.355,3.76323,0.1,0.04,2.16405,3.38233,0,0.405537,6.048,4.35599e+06,2.70226e+06,9.42659e+06,0,0,0,5.05602e+08,80.8192,79.791,5.03844,0,0,2.79386,1.57558,0,2.15854,3.38688,9.05263e+06,3.61194e+06,2.52918e+07,0,0,0,6.61631e+07
110.355,110.355,3.48733,0.1,0.04,2.16409,3.38236,0,0.405544,6.048,4.35599e+06,2.70226e+06,9.42675e+06,0,0,0,5.05602e+08,80.8192,79.791,4.39632,0,0,2.79386,1.57559,0,2.15854,3.38688,9.05263e+06,3.61194e+06,2.52918e+07,0,0,0,6.61631e+07
110.355,110.355,5.11105,0.1,0.04,1.90939,3.12765,0,0.40555,6.048,4.35599e+06,2.70226e+06,8.3173e+06,0,0,0,5.05602e+08,80.8192,79.791,7.35899,0,0,2.6356,1.41734,0,2.15854,3.38688,9.05263e+06,3.61194e+06,2.38591e+07,0,0,0,6.61631e+07
110.355,110.355,4.04092,0.1,0.04,1.75117,3.12767,0,0.357821,6.048,4.35599e+06,2.70226e+06,7.62806e+06,0,0,0,5.05602e+08,80.8192,79.791,8.67872,0,0,2.79386,1.41735,0,2.03626,3.38688,9.05263e+06,3.61194e+06,2.52918e+07,0,0,0,6.61631e+07
110.355,110.355,4.11775,0.11,0.04,1.7512,3.1277,0,0.328168,6.048,4.35599e+06,2.70226e+06,7.6282e+06,0,0,0,5.05602e+08,80.8192,79.791,13.0621,0,0,2.79386,1.41736,0,2.15854,3.38688,9.05263e+06,3.61194e+06,2.52918e+07,0,0,0,6.61631e+07
110.355,110.355,4.42911,0.12,0.04,1.75123,3.12772,0,0.328175,6.048,4.35599e+06,2.70226e+06,7.62835e+06,0,0,0,5.05602e+08,80.8192,79.791,10.2787,0,0,2.79386,1.41737,0,2.15854,3.38688,9.05263e+06,3.61194e+06,2.52918e+07,0,0,0,6.61631e+07
110.355,110.355,5.98967,0.11,0.04,1.75127,3.12774,0,0.328181,6.048,4.35599e+06,2.70226e+06,7.6285e+06,0,0,0,5.05602e+08,80.8192,79.791,7.04036,0,0,2.79386,1.41738,0,2.15854,3.38688,9.05263e+06,3.61194e+06,2.52918e+07,0,0,0,6.61631e+07
110.355,110.355,7.09009,0.11,0.04,1.84928,3.22574,0,0.328187,6.048,4.35599e+06,2.70226e+06,8.05543e+06,0,0,0,5.05602e+08,80.8192,79.791,7.31949,0,0,2.83969,1.46322,0,2.15854,3.38688,9.05263e+06,3.61194e+06,2.57066e+07,0,0,0,6.61631e+07
110.355,110.355,5.52952,0.12,0.04,1.89512,3.22575,0,0.346555,6.048,4.35599e+06,2.70226e+06,8.25511e+06,0,0,0,5.05602e+08,80.8192,79.791,5.42522,0,0,2.79385,1.46322,0,2.19394,3.38688,9.05263e+06,3.61194e+06,2.52917e+07,0,0,0,6.61631e+07
110.355,110.355,5.24529,0.14,0.04,1.89512,3.22575,0,0.355145,6.048,4.35599e+06,2.70226e+06,8.25513e+06,0,0,0,5.05602e+08,80.8192,79.791,5.22542,0,0,2.79385,1.46322,0,2.15853,3.38688,9.05263e+06,3.61194e+06,2.52917e+07,0,0,0,6.61631e+07
110.355,110.355,5.18332,0.14,0.04,1.89513,3.22575,0,0.355146,6.048,4.35599e+06,2.70226e+06,8.25515e+06,0,0,0,5.05602e+08,80.8192,79.791,4.85664,0,0,2.79385,1.46322,0,2.15853,3.38688,9.05263e+06,3.61194e+06,2.52917e+07,0,0,0,6.61631e+07
110.355,110.355,5.83216,0.15,0.04,2.20976,3.54039,0,0.355147,6.048,4.35599e+06,2.70226e+06,9.62571e+06,0,0,0,5.05602e+08,80.8192,79.791,5.00868,0,0,2.96589,1.63527,0,2.15853,3.38688,9.05263e+06,3.61194e+06,2.68491e+07,0,0,0,6.61631e+07
110.355,110.355,4.64373,0.15,0.04,2.38181,3.54039,0,0.41411,6.048,4.35599e+06,2.70226e+06,1.03752e+07,0,0,0,5.05602e+08,80.8192,79.791,3.69189,0,0,2.79385,1.63527,0,2.29145,3.38688,9.05263e+06,3.61194e+06,2.52917e+07,0,0,0,6.61631e+07
110.355,110.355,8.86968,0.15,0.04,2.38182,3.5404,0,0.446352,6.048,4.35599e+06,2.70226e+06,1.03752e+07,0,0,0,5.05602e+08,80.8192,79.791,7.15315,0,0,2.79385,1.63527,0,2.15853,3.38688,9.05263e+06,3.61194e+06,2.52917e+07,0,0,0,6.61631e+07
110.355,110.355,8.67836,0.15,0.04,2.38182,3.5404,0,0.446353,6.048,4.35599e+06,2.70226e+06,1.03752e+07,0,0,0,5.05602e+08,80.8192,79.791,10.2649,0,0,2.79385,1.63527,0,2.15853,3.38688,9.05263e+06,3.61194e+06,2.52917e+07,0,0,0,6.61631e+07
110.355,110.355,6.03233,0.15,0.04,1.93306,3.09163,0,0.446354,6.048,4.35599e+06,2.70226e+06,8.42039e+06,0,0,0,5.05602e+08,80.8192,79.791,7.07722,0,0,2.56296,1.40439,0,2.15853,3.38688,9.05263e+06,3.61194e+06,2.32016e+07,0,0,0,6.61631e+07
110.355,110.355,4.91119,0.14,0.04,1.70218,3.09164,0,0.362256,6.048,4.35599e+06,2.70226e+06,7.41467e+06,0,0,0,5.05602e+08,80.8192,79.791,5.05385,0,0,2.79385,1.40439,0,1.98015,3.38688,9.05263e+06,3.61194e+06,2.52917e+07,0,0,0,6.61631e+07
110.355,110.355,3.37692,0.14,0.04,1.70218,3.09164,0,0.318988,6.048,4.35599e+06,2.70226e+06,7.41469e+06,0,0,0,5.05602e+08,80.8192,79.791,3.97497,0,0,2.79385,1.40439,0,2.15853,3.38688,9.05263e+06,3.61194e+06,2.52917e+07,0,0,0,6.61631e+07
110.355,110.355,4.48715,0.14,0.04,1.70219,3.09164,0,0.318989,6.048,4.35599e+06,2.70226e+06,7.41471e+06,0,0,0,5.05602e+08,80.8192,79.791,4.68282,0,0,2.79385,1.40439,0,2.15853,3.38688,9.05263e+06,3.61194e+06,2.52917e+07,0,0,0,6.61631e+07
110.355,110.355,6.64518,0.14,0.04,1.70219,3.09165,0,0.31899,6.048,4.35599e+06,2.70226e+06,7.41473e+06,0,0,0,5.05602e+08,80.8192,79.791,7.158,0,0,2.79385,1.4044,0,2.15853,3.38688,9.05263e+06,3.61194e+06,2.52917e+07,0,0,0,6.61631e+07
110.355,110.355,7.41299,0.15,0.04,1.81516,3.20461,0,0.318991,6.048,4.35599e+06,2.70226e+06,7.90682e+06,0,0,0,5.05602e+08,80.8192,79.791,7.80716,0,0,2.85033,1.46088,0,2.15853,3.38688,9.05263e+06,3.61194e+06,2.5803e+07,0,0,0,6.61631e+07
110.355,110.355,5.26761,0.14,0.04,1.87165,3.20462,0,0.340161,6.048,4.35599e+06,2.70226e+06,8.15288e+06,0,0,0,5.05602e+08,80.8192,79.791,6.24343,0,0,2.79385,1.46088,0,2.20217,3.38688,9.05263e+06,3.61194e+06,2.52917e+07,0,0,0,6.61631e+07
110.355,110.355,4.64886,0.14,0.04,1.87165,3.20462,0,0.350747,6.048,4.35599e+06,2.70226e+06,8.1529e+06,0,0,0,5.05602e+08,80.8192,79.791,6.1394,0,0,2.79385,1.46088,0,2.15853,3.38688,9.05263e+06,3.61194e+06,2.52917e+07,0,0,0,6.61631e+07
110.355,110.355,5.15193,0.13,0.04,1.87166,3.20462,0,0.350748,6.048,4.35599e+06,2.70226e+06,8.15292e+06,0,0,0,5.05602e+08,80.8192,79.791,8.1642,0,0,2.79385,1.46089,0,2.15853,3.38688,9.05263e+06,3.61194e+06,2.52917e+07,0,0,0,6.61631e+07
110.355,110.355,4.9791,0.11,0.04,1.82749,3.16046,0,0.350749,6.048,4.35599e+06,2.70226e+06,7.96054e+06,0,0,0,5.05602e+08,80.8192,79.791,6.89988,0,0,2.77191,1.43895,0,2.15853,3.38688,9.05263e+06,3.61194e+06,2.50931e+07,0,0,0,6.61631e+07
110.355,110.355,4.24547,0.11,0.04,1.80556,3.16046,0,0.342472,6.048,4.35599e+06,2.70226e+06,7.865e+06,0,0,0,5.05602e+08,80.8192,79.791,4.18673,0,0,2.79385,1.43895,0,2.14158,3.38688,9.05263e+06,3.61194e+06,2.52917e+07,0,0,0,6.61631e+07
110.355,110.355,4.34829,0.08,0.04,1.80557,3.16046,0,0.338362,6.048,4.35599e+06,2.70226e+06,7.86502e+06,0,0,0,5.05602e+08,80.8192,79.791,4.15538,0,0,2.79385,1.43895,0,2.15853,3.38688,9.05263e+06,3.61194e+06,2.52917e+07,0,0,0,6.61631e+07
110.355,110.355,4.267,0.08,0.04,1.80557,3.16047,0,0.338363,6.048,4.35599e+06,2.70226e+06,7.86504e+06,0,0,0,5.05602e+08,80.8192,79.791,4.49184,0,0,2.79385,1.43895,0,2.15853,3.38688,9.05263e+06,3.61194e+06,2.52917e+07,0,0,0,6.61631e+07
110.355,110.355,3.98621,0.08,0.04,1.9555,3.31039,0,0.338364,6.048,4.35599e+06,2.70226e+06,8.51813e+06,0,0,0,5.05602e+08,80.8192,79.791,4.92517,0,0,2.87165,1.51675,0,2.15853,3.38688,9.05263e+06,3.61194e+06,2.5996e+07,0,0,0,6.61631e+07
110.355,110.355,3.6836,0.09,0.04,2.0333,3.3104,0,0.36646,6.048,4.35599e+06,2.70226e+06,8.85703e+06,0,0,0,5.05602e+08,80.8192,79.791,3.98996,0,0,2.79385,1.51675,0,2.21863,3.38688,9.05263e+06,3.61194e+06,2.52917e+07,0,0,0,6.61631e+07
110.355,110.355,3.34332,0.08,0.04,2.0333,3.3104,0,0.38104,6.048,4.35599e+06,2.70226e+06,8.85705e+06,0,0,0,5.05602e+08,80.8192,79.791,3.49538,0,0,2.79385,1.51675,0,2.15853,3.38688,9.05263e+06,3.61194e+06,2.52917e+07,0,0,0,6.61631e+07
110.355,110.355,2.96148,0.08,0.04,2.03331,3.3104,0,0.381041,6.048,4.35599e+06,2.70226e+06,8.85708e+06,0,0,0,5.05602e+08,80.8192,79.791,3.57092,0,0,2.79385,1.51676,0,2.15853,3.38688,9.05263e+06,3.61194e+06,2.52917e+07,0,0,0,6.61631e+07
110.145,110.355,2.27999,0.09,0.04,2.03331,3.31041,0,0.381042,6.048,4.35599e+06,2.70226e+06,8.8571e+06,0,0,0,5.05602e+08,80.8192,79.791,3.00428,0,0,2.79385,1.51676,0,2.15853,3.38688,9.05263e+06,3.61194e+06,2.52917e+07,0,0,0,6.61631e+07
109.747,110.355,2.06084,0.09,0.04,2.00367,3.28076,0,0.381043,6.048,4.35599e+06,2.70226e+06,8.72797e+06,0,0,0,5.05602e+08,80.7175,79.791,2.66401,0,0,2.83661,1.55952,0,2.15853,3.38688,9.05263e+06,3.61194e+06,2.56788e+07,0,0,0,6.61631e+07
109.139,110.355,1.88628,0.09,0.04,2.04643,3.28076,0,0.375488,6.048,4.35599e+06,2.70226e+06,8.91424e+06,0,0,0,5.05602e+08,80.6078,79.791,2.65273,0,0,2.79385,1.55952,0,2.19156,3.38688,9.05263e+06,3.61194e+06,2.52917e+07,0,0,0,6.61631e+07
108.365,110.355,1.70586,0.09,0.04,2.04644,3.28077,0,0.383502,6.048,4.35599e+06,2.70226e+06,8.91426e+06,0,0,0,5.05602e+08,80.4399,79.791,2.37746,0,0,2.79385,1.55952,0,2.15853,3.38688,9.05263e+06,3.61194e+06,2.52917e+07,0,0,0,6.61631e+07
107.455,110.355,1.52009,0.09,0.04,2.04644,3.28077,0,0.383503,6.048,4.35599e+06,2.70226e+06,8.91429e+06,0,0,0,5.05602e+08,80.1273,79.791,2.16309,0,0,2.79385,1.55952,0,2.15853,3.38688,9.05263e+06,3.61194e+06,2.52917e+07,0,0,0,6.61631e+07
106.554,110.355,1.5703,0.09,0.04,2.12301,3.35734,0,0.383503,6.048,4.35599e+06,2.70226e+06,9.24783e+06,0,0,0,5.05602e+08,79.8582,79.791,2.2588,0,0,2.83196,1.59763,0,2.15853,3.38688,9.05263e+06,3.61194e+06,2.56367e+07,0,0,0,6.61631e+07
105.544,110.355,1.48197,0.11,0.04,2.16113,3.35734,0,0.397853,6.048,4.35599e+06,2.70226e+06,9.41385e+06,0,0,0,5.05602e+08,79.5159,79.791,2.33126,0,0,2.79385,1.59763,0,2.18797,3.38688,9.05263e+06,3.61194e+06,2.52917e+07,0,0,0,6.61631e+07
104.448,110.355,1.38677,0.11,0.04,2.16113,3.35735,0,0.404995,6.048,4.35599e+06,2.70226e+06,9.41387e+06,0,0,0,5.05602e+08,79.1275,79.791,2.13344,0,0,2.79385,1.59764,0,2.15853,3.38688,9.05263e+06,3.61194e+06,2.52917e+07,0,0,0,6.61631e+07
103.338,110.355,1.36332,0.11,0.04,2.16114,3.35735,0,0.404996,6.048,4.35599e+06,2.70226e+06,9.41389e+06,0,0,0,5.05602e+08,78.7362,79.791,2.29215,0,0,2.79385,1.59764,0,2.15853,3.38688,9.05263e+06,3.61194e+06,2.52917e+07,0,0,0,6.61631e+07
101.732,110.355,1.03238,0.12,0.04,2.38537,3.58158,0,0.404997,6.048,4.35599e+06,2.70226e+06,1.03906e+07,0,0,0,5.05602e+08,78.243,79.791,1.75043,0,0,2.9314,1.73519,0,2.15853,3.38688,9.05263e+06,3.61194e+06,2.65369e+07,0,0,0,6.61631e+07
100.078,110.355,1.09837,0.12,0.04,2.52292,3.58158,0,0.447018,6.048,4.35599e+06,2.70226e+06,1.09898e+07,0,0,0,5.05602e+08,77.7572,79.791,1.87315,0,0,2.79385,1.73519,0,2.2648,3.38688,9.05263e+06,3.61194e+06,2.52917e+07,0,0,0,6.61631e+07
98.5635,110.355,1.22842,0.12,0.04,2.52293,3.58158,0,0.472795,6.048,4.35599e+06,2.70226e+06,1.09898e+07,0,0,0,5.05602e+08,77.2468,79.791,1.86149,0,0,2.79385,1.73519,0,2.15853,3.38688,9.05263e+06,3.61194e+06,2.52917e+07,0,0,0,6.61631e+07
96.7186,110.355,0.90429,0.13,0.04,2.52293,3.58159,0,0.472796,6.048,4.35599e+06,2.70226e+06,1.09899e+07,0,0,0,5.05602e+08,76.6602,79.791,1.68856,0,0,2.79385,1.73519,0,2.15853,3.38688,9.05263e+06,3.61194e+06,2.52917e+07,0,0,0,6.61631e+07
95.4337,110.355,1.48964,0.13,0.04,2.52294,3.58159,0,0.472797,6.048,4.35599e+06,2.70226e+06,1.09899e+07,0,0,0,5.05602e+08,76.2327,79.791,1.77201,0,0,2.79385,1.7352,0,2.15853,3.38688,9.05263e+06,3.61194e+06,2.52917e+07,0,0,0,6.61631e+07
94.1565,110.355,1.45214,0.16,0.04,2.41366,3.47232,0,0.472798,6.048,4.35599e+06,2.70226e+06,1.05139e+07,0,0,0,5.05602e+08,75.9353,79.791,1.97133,0,0,2.71036,1.65171,0,2.15853,3.38688,9.05263e+06,3.61194e+06,2.45359e+07,0,0,0,6.61631e+07
93.2274,110.355,1.73693,0.15,0.04,2.33018,3.47232,0,0.452321,6.048,4.35599e+06,2.70226e+06,1.01502e+07,0,0,0,5.05602e+08,75.9821,79.791,2.82252,0,0,2.79385,1.65171,0,2.09403,3.38688,9.05263e+06,3.61194e+06,2.52917e+07,0,0,0,6.61631e+07
92.1856,110.355,1.61222,0.16,0.04,2.33019,3.47232,0,0.436676,6.048,4.35599e+06,2.70226e+06,1.01503e+07,0,0,0,5.05602e+08,75.8821,79.791,2.60928,0,0,2.79385,1.65171,0,2.15853,3.38688,9.05263e+06,3.61194e+06,2.52917e+07,0,0,0,6.61631e+07
91.1268,110.355,1.65321,0.16,0.04,2.33019,3.47233,0,0.436677,6.048,4.35599e+06,2.70226e+06,1.01503e+07,0,0,0,5.05602e+08,76.0091,79.791,3.54953,0,0,2.79385,1.65171,0,2.15853,3.38688,9.05263e+06,3.61194e+06,2.52917e+07,0,0,0,6.61631e+07
89.8583,110.355,1.52998,0.15,0.04,2.2405,3.38263,0,0.436678,6.048,4.35599e+06,2.70226e+06,9.75958e+06,0,0,0,5.05602e+08,76.0496,79.791,3.24864,0,0,2.71785,1.57572,0,2.15853,3.38688,9.05263e+06,3.61194e+06,2.46037e+07,0,0,0,6.61631e+07
88.3622,110.355,1.20331,0.2,0.04,2.16451,3.38263,0,0.419869,6.048,4.35599e+06,2.70226e+06,9.42857e+06,0,0,0,5.05602e+08,75.9431,79.791,2.7823,0,0,2.79385,1.57572,0,2.09981,3.38688,9.05263e+06,3.61194e+06,2.52917e+07,0,0,0,6.61631e+07
89.0484,110.355,3.37953,0.22,0.04,2.16451,3.38264,0,0.405629,6.048,4.35599e+06,2.70226e+06,9.42859e+06,0,0,0,5.05602e+08,76.3472,79.791,4.48242,0,0,2.79385,1.57572,0,2.15853,3.38688,9.05263e+06,3.61194e+06,2.52917e+07,0,0,0,6.61631e+07
91.6441,110.355,5.49856,0.23,0.04,2.16452,3.38264,0,0.40563,6.048,4.35599e+06,2.70226e+06,9.42861e+06,0,0,0,5.05602e+08,77.3832,79.791,6.41528,0,0,2.79385,1.57573,0,2.15853,3.38688,9.05263e+06,3.61194e+06,2.52917e+07,0,0,0,6.61631e+07
93.3109,110.355,4.34807,0.21,0.04,1.90977,3.12789,0,0.40563,6.048,4.35599e+06,2.70226e+06,8.31894e+06,0,0,0,5.05602e+08,77.6167,79.791,3.73709,0,0,2.63557,1.41745,0,2.15853,3.38688,9.05263e+06,3.61194e+06,2.38589e+07,0,0,0,6.61631e+07
95.0767,110.355,4.37198,0.19,0.04,1.7515,3.1279,0,0.357891,6.048,4.35599e+06,2.70226e+06,7.62951e+06,0,0,0,5.05602e+08,78.1142,79.791,4.44514,0,0,2.79385,1.41745,0,2.03624,3.38688,9.05263e+06,3.61194e+06,2.52917e+07,0,0,0,6.61631e+07
100.287,110.355,7.9662,0.19,0.04,1.7515,3.1279,0,0.328231,6.048,4.35599e+06,2.70226e+06,7.62953e+06,0,0,0,5.05602e+08,80.3519,79.791,9.53813,0,0,2.79385,1.41745,0,2.15853,3.38688,9.05263e+06,3.61194e+06,2.52917e+07,0,0,0,6.61631e+07
102.35,110.355,4.83032,0.14,0.04,1.75151,3.1279,0,0.328232,6.048,4.35599e+06,2.70226e+06,7.62955e+06,0,0,0,5.05602e+08,80.8192,79.791,4.80107,0,0,2.79385,1.41745,0,2.15853,3.38688,9.05263e+06,3.61194e+06,2.52917e+07,0,0,0,6.61631e+07
110.355,110.355,11.3113,0.13,0.04,1.75151,3.12791,0,0.328232,6.048,4.35599e+06,2.70226e+06,7.62957e+06,0,0,0,5.05602e+08,80.8192,79.791,7.4179,0,0,2.79385,1.41746,0,2.15853,3.38688,9.05263e+06,3.61194e+06,2.52917e+07,0,0,0,6.61631e+07
110.355,110.355,8.02949,0.11,0.04,1.8495,3.22589,0,0.328233,6.048,4.35599e+06,2.70226e+06,8.05639e+06,0,0,0,5.05602e+08,80.8192,79.791,5.64386,0,0,2.83968,1.46329,0,2.15853,3.38688,9.05263e+06,3.61194e+06,2.57066e+07,0,0,0,6.61631e+07
110.355,110.355,6.67902,0.12,0.04,1.89531,3.22587,0,0.346596,6.048,4.35599e+06,2.70226e+06,8.25595e+06,0,0,0,5.05602e+08,80.8192,79.791,9.61146,0,0,2.79384,1.46328,0,2.19394,3.38688,9.05263e+06,3.61194e+06,2.52916e+07,0,0,0,6.61631e+07
110.355,110.355,5.87263,0.14,0.04,1.89529,3.22585,0,0.355181,6.048,4.35599e+06,2.70226e+06,8.25584e+06,0,0,0,5.05602e+08,80.8192,79.791,6.21029,0,0,2.79384,1.46327,0,2.15852,3.38688,9.05263e+06,3.61194e+06,2.52916e+07,0,0,0,6.61631e+07
110.355,110.355,7.91514,0.14,0.04,1.89526,3.22584,0,0.355176,6.048,4.35599e+06,2.70226e+06,8.25573e+06,0,0,0,5.05602e+08,80.8192,79.791,8.271,0,0,2.79384,1.46326,0,2.15852,3.38688,9.05263e+06,3.61194e+06,2.52916e+07,0,0,0,6.61631e+07
110.355,110.355,9.65302,0.15,0.04,2.20987,3.54046,0,0.355172,6.048,4.35599e+06,2.70226e+06,9.62619e+06,0,0,0,5.05602e+08,80.8192,79.791,8.92451,0,0,2.96589,1.6353,0,2.15852,3.38688,9.05263e+06,3.61194e+06,2.68491e+07,0,0,0,6.61631e+07
110.355,110.355,9.40979,0.15,0.04,2.38189,3.54044,0,0.41413,6.048,4.35599e+06,2.70226e+06,1.03755e+07,0,0,0,5.05602e+08,80.8192,79.791,9.2369,0,0,2.79384,1.63529,0,2.29144,3.38688,9.05263e+06,3.61194e+06,2.52916e+07,0,0,0,6.61631e+07
110.355,110.355,6.88698,0.15,0.04,2.38187,3.54042,0,0.446367,6.048,4.35599e+06,2.70226e+06,1.03754e+07,0,0,0,5.05602e+08,80.8192,79.791,6.92272,0,0,2.79384,1.63528,0,2.15852,3.38688,9.05263e+06,3.61194e+06,2.52916e+07,0,0,0,6.61631e+07
110.355,110.355,6.45376,0.15,0.04,2.38184,3.5404,0,0.446362,6.048,4.35599e+06,2.70226e+06,1.03753e+07,0,0,0,5.05602e+08,80.8192,79.791,5.59534,0,0,2.79384,1.63528,0,2.15852,3.38688,9.05263e+06,3.61194e+06,2.52916e+07,0,0,0,6.61631e+07
110.355,110.355,8.90327,0.15,0.04,1.93304,3.09162,0,0.446356,6.048,4.35599e+06,2.70226e+06,8.42032e+06,0,0,0,5.05602e+08,80.8192,79.791,6.24621,0,0,2.56295,1.40438,0,2.15852,3.38688,9.05263e+06,3.61194e+06,2.32015e+07,0,0,0,6.61631e+07
110.355,110.355,9.10058,0.14,0.04,1.70213,3.0916,0,0.362252,6.048,4.35599e+06,2.70226e+06,7.41448e+06,0,0,0,5.05602e+08,80.8192,79.791,7.91054,0,0,2.79384,1.40437,0,1.98014,3.38688,9.05263e+06,3.61194e+06,2.52916e+07,0,0,0,6.61631e+07
110.355,110.355,9.98941,0.14,0.04,1.70211,3.09158,0,0.31898,6.048,4.35599e+06,2.70226e+06,7.41437e+06,0,0,0,5.05602e+08,80.8192,79.791,8.17182,0,0,2.79384,1.40437,0,2.15852,3.38688,9.05263e+06,3.61194e+06,2.52916e+07,0,0,0,6.61631e+07
110.355,110.355,8.07295,0.14,0.04,1.70208,3.09157,0,0.318975,6.048,4.35599e+06,2.70226e+06,7.41426e+06,0,0,0,5.05602e+08,80.8192,79.791,6.00752,0,0,2.79384,1.40436,0,2.15852,3.38688,9.05263e+06,3.61194e+06,2.52916e+07,0,0,0,6.61631e+07
110.355,110.355,9.91821,0.16,0.04,1.70206,3.09155,0,0.318971,6.048,4.35599e+06,2.70226e+06,7.41416e+06,0,0,0,5.05602e+08,80.8192,79.791,13.1483,0,0,2.79384,1.40435,0,2.15852,3.38688,9.05263e+06,3.61194e+06,2.52916e+07,0,0,0,6.61631e+07
110.355,110.355,6.7983,0.16,0.04,1.81499,3.20449,0,0.318966,6.048,4.35599e+06,2.70226e+06,7.90609e+06,0,0,0,5.05602e+08,80.8192,79.791,8.41264,0,0,2.85032,1.46083,0,2.15852,3.38688,9.05263e+06,3.61194e+06,2.58029e+07,0,0,0,6.61631e+07
110.355,110.355,6.36492,0.15,0.04,1.87145,3.20447,0,0.34013,6.048,4.35599e+06,2.70226e+06,8.15202e+06,0,0,0,5.05602e+08,80.8192,79.791,8.96541,0,0,2.79384,1.46082,0,2.20216,3.38688,9.05263e+06,3.61194e+06,2.52916e+07,0,0,0,6.61631e+07
110.355,110.355,5.92574,0.14,0.04,1.87143,3.20446,0,0.35071,6.048,4.35599e+06,2.70226e+06,8.15191e+06,0,0,0,5.05602e+08,80.8192,79.791,9.2518,0,0,2.79384,1.46081,0,2.15852,3.38688,9.05263e+06,3.61194e+06,2.52916e+07,0,0,0,6.61631e+07
110.355,110.355,6.20448,0.13,0.04,1.8714,3.20444,0,0.350705,6.048,4.35599e+06,2.70226e+06,8.1518e+06,0,0,0,5.05602e+08,80.8192,79.791,7.92973,0,0,2.79384,1.4608,0,2.15852,3.38688,9.05263e+06,3.61194e+06,2.52916e+07,0,0,0,6.61631e+07
110.355,110.355,5.79165,0.11,0.04,1.82721,3.16026,0,0.3507,6.048,4.35599e+06,2.70226e+06,7.95931e+06,0,0,0,5.05602e+08,80.8192,79.791,6.09584,0,0,2.7719,1.43886,0,2.15852,3.38688,9.05263e+06,3.61194e+06,2.5093e+07,0,0,0,6.61631e+07
110.355,110.355,4.82474,0.11,0.04,1.80525,3.16024,0,0.342419,6.048,4.35599e+06,2.70226e+06,7.86364e+06,0,0,0,5.05602e+08,80.8192,79.791,5.31827,0,0,2.79384,1.43885,0,2.14157,3.38688,9.05263e+06,3.61194e+06,2.52916e+07,0,0,0,6.61631e+07
110.355,110.355,4.27298,0.09,0.04,1.80522,3.16022,0,0.338304,6.048,4.35599e+06,2.70226e+06,7.86353e+06,0,0,0,5.05602e+08,80.8192,79.791,4.70157,0,0,2.79384,1.43884,0,2.15852,3.38688,9.05263e+06,3.61194e+06,2.52916e+07,0,0,0,6.61631e+07
110.355,110.355,3.86652,0.08,0.04,1.8052,3.1602,0,0.338299,6.048,4.35599e+06,2.70226e+06,7.86343e+06,0,0,0,5.05602e+08,80.8192,79.791,4.25616,0,0,2.79384,1.43883,0,2.15852,3.38688,9.05263e+06,3.61194e+06,2.52916e+07,0,0,0,6.61631e+07
110.355,110.355,4.55827,0.08,0.04,1.95508,3.3101,0,0.338294,6.048,4.35599e+06,2.70226e+06,8.51632e+06,0,0,0,5.05602e+08,80.8192,79.791,4.67107,0,0,2.87163,1.51662,0,2.15852,3.38688,9.05263e+06,3.61194e+06,2.59958e+07,0,0,0,6.61631e+07
110.355,110.355,4.00672,0.09,0.04,2.03285,3.31008,0,0.366383,6.048,4.35599e+06,2.70226e+06,8.85506e+06,0,0,0,5.05602e+08,80.8192,79.791,4.43755,0,0,2.79384,1.51661,0,2.21862,3.38688,9.05263e+06,3.61194e+06,2.52916e+07,0,0,0,6.61631e+07
110.355,110.355,3.88577,0.08,0.04,2.03282,3.31006,0,0.380956,6.048,4.35599e+06,2.70226e+06,8.85495e+06,0,0,0,5.05602e+08,80.8192,79.791,4.49258,0,0,2.79384,1.5166,0,2.15852,3.38688,9.05263e+06,3.61194e+06,2.52916e+07,0,0,0,6.61631e+07
110.355,110.355,3.68468,0.09,0.04,2.0328,3.31004,0,0.380951,6.048,4.35599e+06,2.70226e+06,8.85484e+06,0,0,0,5.05602e+08,80.8192,79.791,4.31432,0,0,2.79384,1.51659,0,2.15852,3.38688,9.05263e+06,3.61194e+06,2.52916e+07,0,0,0,6.61631e+07
110.355,110.355,3.78692,0.09,0.04,2.03277,3.31003,0,0.380946,6.048,4.35599e+06,2.70226e+06,8.85472e+06,0,0,0,5.05602e+08,80.8192,79.791,4.18017,0,0,2.79384,1.51658,0,2.15852,3.38688,9.05263e+06,3.61194e+06,2.52916e+07,0,0,0,6.61631e+07
110.355,110.355,3.72209,0.09,0.04,2.0031,3.28036,0,0.380941,6.048,4.35599e+06,2.70226e+06,8.72547e+06,0,0,0,5.05602e+08,80.8192,79.791,4.04711,0,0,2.83659,1.55933,0,2.15852,3.38688,9.05263e+06,3.61194e+06,2.56786e+07,0,0,0,6.61631e+07
110.355,110.355,3.53375,0.09,0.04,2.04583,3.28034,0,0.375381,6.048,4.35599e+06,2.70226e+06,8.91159e+06,0,0,0,5.05602e+08,80.8192,79.791,3.85999,0,0,2.79384,1.55932,0,2.19155,3.38688,9.05263e+06,3.61194e+06,2.52916e+07,0,0,0,6.61631e+07
110.355,110.355,3.26547,0.09,0.04,2.0458,3.28033,0,0.383388,6.048,4.35599e+06,2.70226e+06,8.91148e+06,0,0,0,5.05602e+08,80.8192,79.791,3.60566,0,0,2.79384,1.55931,0,2.15852,3.38688,9.05263e+06,3.61194e+06,2.52916e+07,0,0,0,6.61631e+07
110.355,110.355,3.14033,0.09,0.04,2.04577,3.28031,0,0.383383,6.048,4.35599e+06,2.70226e+06,8.91137e+06,0,0,0,5.05602e+08,80.769,79.791,3.35402,0,0,2.79384,1.5593,0,2.15852,3.38688,9.05263e+06,3.61194e+06,2.52916e+07,0,0,0,6.61631e+07
110.355,110.355,3.59605,0.09,0.04,2.1223,3.35685,0,0.383378,6.048,4.35599e+06,2.70226e+06,9.24473e+06,0,0,0,5.05602e+08,80.8192,79.791,3.87173,0,0,2.83194,1.5974,0,2.15852,3.38688,9.05263e+06,3.61194e+06,2.56365e+07,0,0,0,6.61631e+07
110.355,110.355,3.33384,0.1,0.04,2.16038,3.35683,0,0.397719,6.048,4.35599e+06,2.70226e+06,9.41058e+06,0,0,0,5.05602e+08,80.8192,79.791,3.91987,0,0,2.79384,1.59739,0,2.18796,3.38688,9.05263e+06,3.61194e+06,2.52916e+07,0,0,0,6.61631e+07
110.355,110.355,3.08733,0.1,0.04,2.16035,3.35681,0,0.404855,6.048,4.35599e+06,2.70226e+06,9.41047e+06,0,0,0,5.05602e+08,80.7935,79.791,3.4924,0,0,2.79384,1.59738,0,2.15852,3.38688,9.05263e+06,3.61194e+06,2.52916e+07,0,0,0,6.61631e+07
110.355,110.355,3.14602,0.11,0.04,2.16032,3.35679,0,0.40485,6.048,4.35599e+06,2.70226e+06,9.41035e+06,0,0,0,5.05602e+08,80.8192,79.791,3.95314,0,0,2.79384,1.59737,0,2.15852,3.38688,9.05263e+06,3.61194e+06,2.52916e+07,0,0,0,6.61631e+07
110.355,110.355,3.42133,0.11,0.04,2.38448,3.58096,0,0.404845,6.048,4.35599e+06,2.70226e+06,1.03868e+07,0,0,0,5.05602e+08,80.8192,79.791,4.13256,0,0,2.93137,1.73489,0,2.15852,3.38688,9.05263e+06,3.61194e+06,2.65366e+07,0,0,0,6.61631e+07
110.355,110.355,3.64759,0.1,0.04,2.52198,3.58094,0,0.446852,6.048,4.35599e+06,2.70226e+06,1.09857e+07,0,0,0,5.05602e+08,80.8192,79.791,4.64752,0,0,2.79384,1.73488,0,2.26477,3.38688,9.05263e+06,3.61194e+06,2.52916e+07,0,0,0,6.61631e+07
110.355,110.355,3.06186,0.11,0.04,2.52195,3.58092,0,0.472619,6.048,4.35599e+06,2.70226e+06,1.09856e+07,0,0,0,5.05602e+08,80.8192,79.791,4.09309,0,0,2.79384,1.73487,0,2.15852,3.38688,9.05263e+06,3.61194e+06,2.52916e+07,0,0,0,6.61631e+07
110.355,110.355,3.34424,0.12,0.04,2.52192,3.5809,0,0.472614,6.048,4.35599e+06,2.70226e+06,1.09855e+07,0,0,0,5.05602e+08,80.8192,79.791,5.40533,0,0,2.79384,1.73486,0,2.15852,3.38688,9.05263e+06,3.61194e+06,2.52916e+07,0,0,0,6.61631e+07
110.355,110.355,3.1998,0.12,0.04,2.52189,3.58088,0,0.472608,6.048,4.35599e+06,2.70226e+06,1.09853e+07,0,0,0,5.05602e+08,80.8192,79.791,5.31111,0,0,2.79384,1.73485,0,2.15852,3.38688,9.05263e+06,3.61194e+06,2.52916e+07,0,0,0,6.61631e+07
110.355,110.355,3.53833,0.12,0.04,2.41261,3.47161,0,0.472603,6.048,4.35599e+06,2.70226e+06,1.05093e+07,0,0,0,5.05602e+08,80.8192,79.791,5.38221,0,0,2.71037,1.65137,0,2.15852,3.38688,9.05263e+06,3.61194e+06,2.4536e+07,0,0,0,6.61631e+07
110.355,110.355,5.47307,0.11,0.04,2.32911,3.47159,0,0.452123,6.048,4.35599e+06,2.70226e+06,1.01456e+07,0,0,0,5.05602e+08,80.8192,79.791,9.35064,0,0,2.79384,1.65136,0,2.09403,3.38688,9.05263e+06,3.61194e+06,2.52916e+07,0,0,0,6.61631e+07
110.355,110.355,4.6867,0.11,0.04,2.32908,3.47157,0,0.436475,6.048,4.35599e+06,2.70226e+06,1.01455e+07,0,0,0,5.05602e+08,80.8192,79.791,7.36636,0,0,2.79384,1.65135,0,2.15852,3.38688,9.05263e+06,3.61194e+06,2.52916e+07,0,0,0,6.61631e+07
110.355,110.355,4.29726,0.11,0.04,2.32905,3.47155,0,0.43647,6.048,4.35599e+06,2.70226e+06,1.01453e+07,0,0,0,5.05602e+08,80.8192,79.791,5.08408,0,0,2.79384,1.65134,0,2.15852,3.38688,9.05263e+06,3.61194e+06,2.52916e+07,0,0,0,6.61631e+07
109.459,110.355,1.87395,0.11,0.04,2.23935,3.38185,0,0.436465,6.048,4.35599e+06,2.70226e+06,9.75458e+06,0,0,0,5.05602e+08,80.5096,79.791,2.86918,0,0,2.71786,1.57536,0,2.15852,3.38688,9.05263e+06,3.61194e+06,2.46038e+07,0,0,0,6.61631e+07
110.355,110.355,3.67026,0.11,0.04,2.16334,3.38183,0,0.419654,6.048,4.35599e+06,2.70226e+06,9.4235e+06,0,0,0,5.05602e+08,80.7045,79.791,4.75776,0,0,2.79384,1.57535,0,2.09982,3.38688,9.05263e+06,3.61194e+06,2.52916e+07,0,0,0,6.61631e+07
110.355,110.355,2.73579,0.11,0.04,2.16332,3.38181,0,0.40541,6.048,4.35599e+06,2.70226e+06,9.42338e+06,0,0,0,5.05602e+08,80.8192,79.791,5.0892,0,0,2.79384,1.57534,0,2.15852,3.38688,9.05263e+06,3.61194e+06,2.52916e+07,0,0,0,6.61631e+07
110.355,110.355,3.55348,0.1,0.04,2.16329,3.3818,0,0.405405,6.048,4.35599e+06,2.70226e+06,9.42327e+06,0,0,0,5.05602e+08,80.7722,79.791,3.98189,0,0,2.79384,1.57533,0,2.15852,3.38688,9.05263e+06,3.61194e+06,2.52916e+07,0,0,0,6.61631e+07
110.355,110.355,5.22557,0.1,0.04,1.90858,3.12709,0,0.4054,6.048,4.35599e+06,2.70226e+06,8.31374e+06,0,0,0,5.05602e+08,80.8192,79.791,4.59142,0,0,2.6356,1.41709,0,2.15852,3.38688,9.05263e+06,3.61194e+06,2.38592e+07,0,0,0,6.61631e+07
110.355,110.355,4.06718,0.11,0.04,1.75031,3.12707,0,0.357667,6.048,4.35599e+06,2.70226e+06,7.62435e+06,0,0,0,5.05602e+08,80.8192,79.791,4.25567,0,0,2.79384,1.41708,0,2.03627,3.38688,9.05263e+06,3.61194e+06,2.52916e+07,0,0,0,6.61631e+07
110.355,110.355,3.89837,0.11,0.04,1.75029,3.12706,0,0.328009,6.048,4.35599e+06,2.70226e+06,7.62424e+06,0,0,0,5.05602e+08,80.8192,79.791,4.22512,0,0,2.79384,1.41707,0,2.15852,3.38688,9.05263e+06,3.61194e+06,2.52916e+07,0,0,0,6.61631e+07
110.355,110.355,5.33803,0.12,0.04,1.75027,3.12704,0,0.328004,6.048,4.35599e+06,2.70226e+06,7.62414e+06,0,0,0,5.05602e+08,80.8192,79.791,5.40496,0,0,2.79384,1.41706,0,2.15852,3.38688,9.05263e+06,3.61194e+06,2.52916e+07,0,0,0,6.61631e+07
110.355,110.355,3.95924,0.12,0.04,1.75024,3.12702,0,0.328,6.048,4.35599e+06,2.70226e+06,7.62403e+06,0,0,0,5.05602e+08,80.8192,79.791,4.22344,0,0,2.79384,1.41706,0,2.15852,3.38688,9.05263e+06,3.61194e+06,2.52916e+07,0,0,0,6.61631e+07
110.355,110.355,10.0231,0.13,0.04,1.84817,3.22496,0,0.327995,6.048,4.35599e+06,2.70226e+06,8.05061e+06,0,0,0,5.05602e+08,80.8192,79.791,3.80091,0,0,2.83966,1.46286,0,2.15852,3.38688,9.05263e+06,3.61194e+06,2.57064e+07,0,0,0,6.61631e+07
110.355,110.355,10.3257,0.12,0.06,1.89394,3.22492,0,0.346347,6.048,4.35599e+06,2.70226e+06,8.24998e+06,0,0,0,5.05602e+08,80.8192,79.791,5.45289,0,0,2.79383,1.46285,0,2.19392,3.38688,9.05263e+06,3.61194e+06,2.52915e+07,0,0,0,6.61631e+07
110.355,110.355,4.95059,0.14,0.06,1.89388,3.22488,0,0.354924,6.048,4.35599e+06,2.70226e+06,8.24974e+06,0,0,0,5.05602e+08,80.8192,79.791,4.30057,0,0,2.79383,1.46283,0,2.15851,3.38688,9.05263e+06,3.61194e+06,2.52915e+07,0,0,0,6.61631e+07
110.355,110.355,13.5762,0.14,0.06,1.89383,3.22485,0,0.354914,6.048,4.35599e+06,2.70226e+06,8.2495e+06,0,0,0,5.05602e+08,80.4578,79.791,9.64934,0,0,2.79383,1.46281,0,2.15851,3.38688,9.05263e+06,3.61194e+06,2.52915e+07,0,0,0,6.61631e+07
110.355,110.355,6.13363,0.15,0.06,2.20831,3.53935,0,0.354903,6.048,4.35599e+06,2.70226e+06,9.61939e+06,0,0,0,5.05602e+08,80.4751,79.791,2.28581,0,0,2.96582,1.63479,0,2.15851,3.38688,9.05263e+06,3.61194e+06,2.68485e+07,0,0,0,6.61631e+07
110.355,110.355,6.57977,0.15,0.06,2.38025,3.53931,0,0.413838,6.048,4.35599e+06,2.70226e+06,1.03683e+07,0,0,0,5.05602e+08,80.8192,79.791,3.41342,0,0,2.79383,1.63477,0,2.2914,3.38688,9.05263e+06,3.61194e+06,2.52915e+07,0,0,0,6.61631e+07
110.355,110.355,7.69639,0.16,0.06,2.38019,3.53927,0,0.446059,6.048,4.35599e+06,2.70226e+06,1.03681e+07,0,0,0,5.05602e+08,80.8192,79.791,4.37334,0,0,2.79383,1.63475,0,2.15851,3.38688,9.05263e+06,3.61194e+06,2.52915e+07,0,0,0,6.61631e+07
110.355,110.355,8.00826,0.16,0.06,2.38013,3.53922,0,0.446047,6.048,4.35599e+06,2.70226e+06,1.03678e+07,0,0,0,5.05602e+08,80.8192,79.791,5.1454,0,0,2.79383,1.63473,0,2.15851,3.38688,9.05263e+06,3.61194e+06,2.52915e+07,0,0,0,6.61631e+07
110.355,110.355,5.95008,0.15,0.06,1.93145,3.09057,0,0.446036,6.048,4.35599e+06,2.70226e+06,8.41338e+06,0,0,0,5.05602e+08,80.8192,79.791,6.84608,0,0,2.56302,1.40391,0,2.15851,3.38688,9.05263e+06,3.61194e+06,2.32021e+07,0,0,0,6.61631e+07
110.355,110.355,7.08182,0.15,0.06,1.70059,3.09053,0,0.361954,6.048,4.35599e+06,2.70226e+06,7.40775e+06,0,0,0,5.05602e+08,80.8192,79.791,6.37983,0,0,2.79383,1.40389,0,1.98019,3.38688,9.05263e+06,3.61194e+06,2.52915e+07,0,0,0,6.61631e+07
110.355,110.355,6.41539,0.14,0.06,1.70054,3.0905,0,0.31869,6.048,4.35599e+06,2.70226e+06,7.40752e+06,0,0,0,5.05602e+08,80.8192,79.791,6.73,0,0,2.79383,1.40387,0,2.15851,3.38688,9.05263e+06,3.61194e+06,2.52915e+07,0,0,0,6.61631e+07
110.355,110.355,7.66877,0.15,0.06,1.70048,3.09046,0,0.31868,6.048,4.35599e+06,2.70226e+06,7.40729e+06,0,0,0,5.05602e+08,80.8192,79.791,7.07924,0,0,2.79383,1.40386,0,2.15851,3.38688,9.05263e+06,3.61194e+06,2.52915e+07,0,0,0,6.61631e+07
110.355,110.355,9.37504,0.16,0.06,1.70043,3.09042,0,0.318671,6.048,4.35599e+06,2.70226e+06,7.40706e+06,0,0,0,5.05602e+08,80.8192,79.791,11.0813,0,0,2.79383,1.40384,0,2.15851,3.38688,9.05263e+06,3.61194e+06,2.52915e+07,0,0,0,6.61631e+07
110.355,110.355,9.00085,0.16,0.06,1.81329,3.2033,0,0.318661,6.048,4.35599e+06,2.70226e+06,7.89869e+06,0,0,0,5.05602e+08,80.8192,79.791,8.96061,0,0,2.85029,1.46028,0,2.15851,3.38688,9.05263e+06,3.61194e+06,2.58026e+07,0,0,0,6.61631e+07
110.355,110.355,7.23214,0.15,0.06,1.8697,3.20326,0,0.339811,6.048,4.35599e+06,2.70226e+06,8.14439e+06,0,0,0,5.05602e+08,80.8192,79.791,7.23278,0,0,2.79383,1.46027,0,2.20214,3.38688,9.05263e+06,3.61194e+06,2.52915e+07,0,0,0,6.61631e+07
110.355,110.355,6.30299,0.14,0.06,1.86964,3.20323,0,0.350382,6.048,4.35599e+06,2.70226e+06,8.14415e+06,0,0,0,5.05602e+08,80.8192,79.791,6.78812,0,0,2.79383,1.46025,0,2.15851,3.38688,9.05263e+06,3.61194e+06,2.52915e+07,0,0,0,6.61631e+07
110.355,110.355,6.08963,0.14,0.06,1.86959,3.20319,0,0.350371,6.048,4.35599e+06,2.70226e+06,8.14391e+06,0,0,0,5.05602e+08,80.8192,79.791,6.10317,0,0,2.79383,1.46023,0,2.15851,3.38688,9.05263e+06,3.61194e+06,2.52915e+07,0,0,0,6.61631e+07
110.355,110.355,5.71719,0.11,0.06,1.82539,3.159,0,0.350361,6.048,4.35599e+06,2.70226e+06,7.95137e+06,0,0,0,5.05602e+08,80.8192,79.791,5.7119,0,0,2.7719,1.43829,0,2.15851,3.38688,9.05263e+06,3.61194e+06,2.5093e+07,0,0,0,6.61631e+07
110.355,110.355,5.15628,0.11,0.06,1.80341,3.15897,0,0.342078,6.048,4.35599e+06,2.70226e+06,7.85561e+06,0,0,0,5.05602e+08,80.8192,79.791,5.2975,0,0,2.79383,1.43827,0,2.14157,3.38688,9.05263e+06,3.61194e+06,2.52915e+07,0,0,0,6.61631e+07
110.355,110.355,4.76223,0.09,0.06,1.80335,3.15893,0,0.337958,6.048,4.35599e+06,2.70226e+06,7.85538e+06,0,0,0,5.05602e+08,80.8192,79.791,5.01276,0,0,2.79383,1.43825,0,2.15851,3.38688,9.05263e+06,3.61194e+06,2.52915e+07,0,0,0,6.61631e+07
110.355,110.355,4.47717,0.08,0.06,1.8033,3.15889,0,0.337948,6.048,4.35599e+06,2.70226e+06,7.85514e+06,0,0,0,5.05602e+08,80.8192,79.791,4.76301,0,0,2.79383,1.43824,0,2.15851,3.38688,9.05263e+06,3.61194e+06,2.52915e+07,0,0,0,6.61631e+07
110.355,110.355,4.71519,0.1,0.06,1.95309,3.3087,0,0.337938,6.048,4.35599e+06,2.70226e+06,8.50764e+06,0,0,0,5.05602e+08,80.8192,79.791,4.71681,0,0,2.87159,1.51598,0,2.15851,3.38688,9.05263e+06,3.61194e+06,2.59954e+07,0,0,0,6.61631e+07
110.355,110.355,4.38355,0.1,0.06,2.03079,3.30866,0,0.366009,6.048,4.35599e+06,2.70226e+06,8.8461e+06,0,0,0,5.05602e+08,80.8192,79.791,5.12645,0,0,2.79383,1.51596,0,2.21859,3.38688,9.05263e+06,3.61194e+06,2.52915e+07,0,0,0,6.61631e+07
110.355,110.355,4.22341,0.09,0.06,2.03073,3.30862,0,0.38057,6.048,4.35599e+06,2.70226e+06,8.84586e+06,0,0,0,5.05602e+08,80.8192,79.791,4.7721,0,0,2.79383,1.51594,0,2.15851,3.38688,9.05263e+06,3.61194e+06,2.52915e+07,0,0,0,6.61631e+07
110.355,110.355,3.96158,0.09,0.06,2.03068,3.30858,0,0.38056,6.048,4.35599e+06,2.70226e+06,8.84561e+06,0,0,0,5.05602e+08,80.8192,79.791,4.2928,0,0,2.79383,1.51592,0,2.15851,3.38688,9.05263e+06,3.61194e+06,2.52915e+07,0,0,0,6.61631e+07
110.355,110.355,4.0539,0.09,0.06,2.03062,3.30855,0,0.380549,6.048,4.35599e+06,2.70226e+06,8.84536e+06,0,0,0,5.05602e+08,80.8192,79.791,3.58581,0,0,2.79383,1.51591,0,2.15851,3.38688,9.05263e+06,3.61194e+06,2.52915e+07,0,0,0,6.61631e+07
110.355,110.355,4.05014,0.09,0.06,2.00093,3.27887,0,0.380538,6.048,4.35599e+06,2.70226e+06,8.71604e+06,0,0,0,5.05602e+08,80.8192,79.791,3.23111,0,0,2.83656,1.55862,0,2.15851,3.38688,9.05263e+06,3.61194e+06,2.56784e+07,0,0,0,6.61631e+07
110.355,110.355,3.84221,0.09,0.06,2.04361,3.27884,0,0.374975,6.048,4.35599e+06,2.70226e+06,8.90194e+06,0,0,0,5.05602e+08,80.8192,79.791,3.12722,0,0,2.79383,1.5586,0,2.19153,3.38688,9.05263e+06,3.61194e+06,2.52915e+07,0,0,0,6.61631e+07
110.355,110.355,3.57763,0.1,0.06,2.04355,3.2788,0,0.382972,6.048,4.35599e+06,2.70226e+06,8.90169e+06,0,0,0,5.05602e+08,80.8192,79.791,2.89473,0,0,2.79383,1.55859,0,2.15851,3.38688,9.05263e+06,3.61194e+06,2.52915e+07,0,0,0,6.61631e+07
110.355,110.355,3.51512,0.1,0.06,2.0435,3.27876,0,0.382962,6.048,4.35599e+06,2.70226e+06,8.90144e+06,0,0,0,5.05602e+08,80.8192,79.791,2.87118,0,0,2.79383,1.55857,0,2.15851,3.38688,9.05263e+06,3.61194e+06,2.52915e+07,0,0,0,6.61631e+07
110.355,110.355,3.52569,0.1,0.06,2.11996,3.35524,0,0.382951,6.048,4.35599e+06,2.70226e+06,9.23451e+06,0,0,0,5.05602e+08,80.8192,79.791,3.09778,0,0,2.83191,1.59663,0,2.15851,3.38688,9.05263e+06,3.61194e+06,2.56363e+07,0,0,0,6.61631e+07
110.355,110.355,3.25671,0.1,0.06,2.15798,3.3552,0,0.39728,6.048,4.35599e+06,2.70226e+06,9.40015e+06,0,0,0,5.05602e+08,80.7072,79.791,2.94204,0,0,2.79383,1.59661,0,2.18794,3.38688,9.05263e+06,3.61194e+06,2.52915e+07,0,0,0,6.61631e+07
110.355,110.355,2.96405,0.1,0.06,2.15792,3.35516,0,0.404406,6.048,4.35599e+06,2.70226e+06,9.3999e+06,0,0,0,5.05602e+08,80.5416,79.791,2.57918,0,0,2.79383,1.59659,0,2.15851,3.38688,9.05263e+06,3.61194e+06,2.52915e+07,0,0,0,6.61631e+07
110.355,110.355,3.33682,0.11,0.06,2.15787,3.35512,0,0.404395,6.048,4.35599e+06,2.70226e+06,9.39964e+06,0,0,0,5.05602e+08,80.5625,79.791,3.39258,0,0,2.79383,1.59658,0,2.15851,3.38688,9.05263e+06,3.61194e+06,2.52915e+07,0,0,0,6.61631e+07
110.355,110.355,2.94899,0.11,0.06,2.38188,3.57915,0,0.404384,6.048,4.35599e+06,2.70226e+06,1.03754e+07,0,0,0,5.05602e+08,80.1283,79.791,2.35718,0,0,2.93129,1.73401,0,2.15851,3.38688,9.05263e+06,3.61194e+06,2.65359e+07,0,0,0,6.61631e+07
110.149,110.355,2.63636,0.11,0.06,2.51927,3.57911,0,0.446364,6.048,4.35599e+06,2.70226e+06,1.09739e+07,0,0,0,5.05602e+08,79.8992,79.791,1.89978,0,0,2.79383,1.73399,0,2.26471,3.38688,9.05263e+06,3.61194e+06,2.52915e+07,0,0,0,6.61631e+07
109.781,110.355,2.46874,0.12,0.06,2.51921,3.57907,0,0.472112,6.048,4.35599e+06,2.70226e+06,1.09737e+07,0,0,0,5.05602e+08,79.6733,79.791,2.46413,0,0,2.79383,1.73397,0,2.15851,3.38688,9.05263e+06,3.61194e+06,2.52915e+07,0,0,0,6.61631e+07
109.302,110.355,2.35388,0.12,0.06,2.51915,3.57902,0,0.4721,6.048,4.35599e+06,2.70226e+06,1.09734e+07,0,0,0,5.05602e+08,79.4244,79.791,2.3935,0,0,2.79383,1.73395,0,2.15851,3.38688,9.05263e+06,3.61194e+06,2.52915e+07,0,0,0,6.61631e+07
109.145,110.355,2.70235,0.12,0.06,2.51909,3.57898,0,0.472089,6.048,4.35599e+06,2.70226e+06,1.09731e+07,0,0,0,5.05602e+08,79.4079,79.791,3.05419,0,0,2.79383,1.73393,0,2.15851,3.38688,9.05263e+06,3.61194e+06,2.52915e+07,0,0,0,6.61631e+07
109.178,110.355,2.97723,0.12,0.06,2.40983,3.46974,0,0.472077,6.048,4.35599e+06,2.70226e+06,1.04972e+07,0,0,0,5.05602e+08,79.8112,79.791,3.91246,0,0,2.7104,1.65049,0,2.15851,3.38688,9.05263e+06,3.61194e+06,2.45363e+07,0,0,0,6.61631e+07
109.565,110.355,3.35307,0.12,0.06,2.32634,3.4697,0,0.451602,6.048,4.35599e+06,2.70226e+06,1.01335e+07,0,0,0,5.05602e+08,80.8192,79.791,5.44182,0,0,2.79383,1.65047,0,2.09406,3.38688,9.05263e+06,3.61194e+06,2.52915e+07,0,0,0,6.61631e+07
109.8,110.355,3.26561,0.11,0.06,2.32628,3.46966,0,0.435956,6.048,4.35599e+06,2.70226e+06,1.01332e+07,0,0,0,5.05602e+08,80.8192,79.791,5.19274,0,0,2.79383,1.65045,0,2.15851,3.38688,9.05263e+06,3.61194e+06,2.52915e+07,0,0,0,6.61631e+07
110.355,110.355,3.92204,0.11,0.06,2.32622,3.46962,0,0.435945,6.048,4.35599e+06,2.70226e+06,1.0133e+07,0,0,0,5.05602e+08,80.8192,79.791,6.5716,0,0,2.79383,1.65043,0,2.15851,3.38688,9.05263e+06,3.61194e+06,2.52915e+07,0,0,0,6.61631e+07
109.853,110.355,2.59702,0.11,0.06,2.23653,3.37995,0,0.435933,6.048,4.35599e+06,2.70226e+06,9.7423e+06,0,0,0,5.05602e+08,80.8192,79.791,5.71097,0,0,2.71789,1.57447,0,2.15851,3.38688,9.05263e+06,3.61194e+06,2.46041e+07,0,0,0,6.61631e+07
108.492,110.355,1.55472,0.11,0.06,2.16054,3.37991,0,0.419126,6.048,4.35599e+06,2.70226e+06,9.41127e+06,0,0,0,5.05602e+08,80.8192,79.791,2.71278,0,0,2.79383,1.57445,0,2.09984,3.38688,9.05263e+06,3.61194e+06,2.52915e+07,0,0,0,6.61631e+07
108.249,110.355,2.8295,0.11,0.06,2.16048,3.37987,0,0.404885,6.048,4.35599e+06,2.70226e+06,9.41102e+06,0,0,0,5.05602e+08,80.8192,79.791,3.84742,0,0,2.79383,1.57444,0,2.15851,3.38688,9.05263e+06,3.61194e+06,2.52915e+07,0,0,0,6.61631e+07
