0st_vol,0capacity,0net_inf,0st_rof,0lt_rof,0rest_demand,0unrest_demand,0unfulf_demand,0wastewater,0treat_capacity,0agg_price,0res_price,0gross_rev,0drought_cost,0cont_contrib,0debt_serv,0infra_npv,1st_vol,1capacity,1net_inf,1st_rof,1lt_rof,1rest_demand,1unrest_demand,1unfulf_demand,1wastewater,1treat_capacity,1agg_price,1res_price,1gross_rev,1drought_cost,1cont_contrib,1debt_serv,1infra_npv
85.139,85.139,12.4781,0.05,0,0.755493,2.46977,0,0,4.47552,4.27398e+06,2.70226e+06,3.22896e+06,0,0,0,0,80.8192,79.791,15.1504,0,0,2.1168,1.12031,0.717786,0,2.1168,8.8822e+06,3.61194e+06,1.88018e+07,0,0,0,0
85.139,85.139,11.6507,0.05,0,1.8764,2.47037,0,0.141579,4.47552,4.27398e+06,2.70226e+06,8.01968e+06,0,0,0,0,80.8192,79.791,13.5997,0,0,1.71455,1.12058,0,1.63544,2.1168,8.8822e+06,3.61194e+06,1.5229e+07,0,0,0,0
85.139,85.139,7.4385,0.05,0,1.87727,2.47097,0,0.351637,4.47552,4.27398e+06,2.70226e+06,8.02341e+06,0,0,0,0,80.8192,79.791,7.68821,0,0,1.71455,1.12085,0,1.32466,2.1168,8.8822e+06,3.61194e+06,1.5229e+07,0,0,0,0
85.139,85.139,6.02205,0.05,0,1.87814,2.47157,0,0.3518,4.47552,4.27398e+06,2.70226e+06,8.02713e+06,0,0,0,0,80.8192,79.791,5.31786,0,0,1.71455,1.12112,0,1.32466,2.1168,8.8822e+06,3.61194e+06,1.5229e+07,0,0,0,0
85.139,85.139,14.7548,0.05,0,2.12014,2.7133,0,0.351963,4.47552,4.27398e+06,2.70226e+06,9.06144e+06,0,0,0,0,80.8192,79.791,14.6622,0,0,1.8464,1.25325,0,1.32466,2.1168,8.8822e+06,3.61194e+06,1.64001e+07,0,0,0,0
85.139,85.139,15.8643,0.05,0,2.25292,2.71396,0,0.397315,4.47552,4.27398e+06,2.70226e+06,9.62895e+06,0,0,0,0,80.8192,79.791,18.3632,0,0,1.71458,1.25355,0,1.42653,2.1168,8.8822e+06,3.61194e+06,1.52293e+07,0,0,0,0
85.139,85.139,7.89532,0.05,0,2.25389,2.71462,0,0.422198,4.47552,4.27398e+06,2.70226e+06,9.63306e+06,0,0,0,0,80.8192,79.791,10.584,0,0,1.71458,1.25385,0,1.32469,2.1168,8.8822e+06,3.61194e+06,1.52293e+07,0,0,0,0
85.139,85.139,6.70813,0.05,0,2.25485,2.71528,0,0.422378,4.47552,4.27398e+06,2.70226e+06,9.63718e+06,0,0,0,0,80.8192,79.791,11.9125,0,0,1.71458,1.25416,0,1.32469,2.1168,8.8822e+06,3.61194e+06,1.52293e+07,0,0,0,0
85.139,85.139,8.21351,0.05,0,1.91155,2.37167,0,0.422559,4.47552,4.27398e+06,2.70226e+06,8.16992e+06,0,0,0,0,80.8192,79.791,16.827,0,0,1.53747,1.07734,0,1.32469,2.1168,8.8822e+06,3.61194e+06,1.36561e+07,0,0,0,0
85.139,85.139,7.63415,0.05,0,1.73531,2.37225,0,0.358225,4.47552,4.27398e+06,2.70226e+06,7.41668e+06,0,0,0,0,80.8192,79.791,10.406,0,0,1.71454,1.07761,0,1.18785,2.1168,8.8822e+06,3.61194e+06,1.52289e+07,0,0,0,0
85.139,85.139,8.40362,0.05,0,1.73615,2.37282,0,0.325197,4.47552,4.27398e+06,2.70226e+06,7.42026e+06,0,0,0,0,80.8192,79.791,11.4007,0,0,1.71454,1.07787,0,1.32465,2.1168,8.8822e+06,3.61194e+06,1.52289e+07,0,0,0,0
85.139,85.139,9.63254,0.05,0,1.73699,2.3734,0,0.325354,4.47552,4.27398e+06,2.70226e+06,7.42384e+06,0,0,0,0,80.8192,79.791,13.883,0,0,1.71454,1.07813,0,1.32465,2.1168,8.8822e+06,3.61194e+06,1.52289e+07,0,0,0,0
85.139,85.139,8.23758,0.05,0,1.73782,2.37397,0,0.325511,4.47552,4.27398e+06,2.70226e+06,7.42742e+06,0,0,0,0,80.8192,79.791,10.2023,0,0,1.71454,1.07839,0,1.32465,2.1168,8.8822e+06,3.61194e+06,1.52289e+07,0,0,0,0
85.139,85.139,6.07942,0.05,0,1.82542,2.46131,0,0.325668,4.47552,4.27398e+06,2.70226e+06,7.80181e+06,0,0,0,0,80.8192,79.791,7.42895,0,0,1.75792,1.12203,0,1.32465,2.1168,8.8822e+06,3.61194e+06,1.56142e+07,0,0,0,0
85.139,85.139,8.1544,0.05,0,1.86966,2.46191,0,0.342084,4.47552,4.27398e+06,2.70226e+06,7.9909e+06,0,0,0,0,80.8192,79.791,10.6321,0,0,1.71455,1.12231,0,1.35817,2.1168,8.8822e+06,3.61194e+06,1.5229e+07,0,0,0,0
85.139,85.139,5.74956,0.05,0,1.87053,2.46251,0,0.350375,4.47552,4.27398e+06,2.70226e+06,7.99461e+06,0,0,0,0,80.8192,79.791,6.99269,0,0,1.71455,1.12258,0,1.32466,2.1168,8.8822e+06,3.61194e+06,1.5229e+07,0,0,0,0
85.139,85.139,4.99735,0.05,0,1.8714,2.4631,0,0.350538,4.47552,4.27398e+06,2.70226e+06,7.99833e+06,0,0,0,0,80.8192,79.791,5.82952,0,0,1.71455,1.12285,0,1.32466,2.1168,8.8822e+06,3.61194e+06,1.5229e+07,0,0,0,0
85.139,85.139,4.81649,0.05,0,1.83832,2.42975,0,0.350701,4.47552,4.27398e+06,2.70226e+06,7.85692e+06,0,0,0,0,80.8192,79.791,5.65423,0,0,1.69769,1.10626,0,1.32466,2.1168,8.8822e+06,3.61194e+06,1.50792e+07,0,0,0,0
85.139,85.139,4.34612,0.05,0,1.82231,2.43034,0,0.3445,4.47552,4.27398e+06,2.70226e+06,7.78852e+06,0,0,0,0,80.8192,79.791,6.073,0,0,1.71455,1.10653,0,1.31163,2.1168,8.8822e+06,3.61194e+06,1.5229e+07,0,0,0,0
85.139,85.139,4.52798,0.05,0,1.82317,2.43092,0,0.341501,4.47552,4.27398e+06,2.70226e+06,7.79219e+06,0,0,0,0,80.8192,79.791,5.1925,0,0,1.71455,1.10679,0,1.32466,2.1168,8.8822e+06,3.61194e+06,1.5229e+07,0,0,0,0
85.139,85.139,4.42851,0.04,0,1.82403,2.43151,0,0.341662,4.47552,4.27398e+06,2.70226e+06,7.79586e+06,0,0,0,0,80.8192,79.791,5.24368,0,0,1.71455,1.10706,0,1.32466,2.1168,8.8822e+06,3.61194e+06,1.5229e+07,0,0,0,0
85.139,85.139,3.82071,0.04,0,1.94026,2.54748,0,0.341823,4.47552,4.27398e+06,2.70226e+06,8.29263e+06,0,0,0,0,80.8192,79.791,4.73135,0,0,1.77442,1.1672,0,1.32466,2.1168,8.8822e+06,3.61194e+06,1.57607e+07,0,0,0,0
85.139,85.139,3.86187,0.02,0,2.00101,2.54809,0,0.363605,4.47552,4.27398e+06,2.70226e+06,8.55229e+06,0,0,0,0,80.8192,79.791,3.88381,0,0,1.71456,1.16748,0,1.37091,2.1168,8.8822e+06,3.61194e+06,1.52291e+07,0,0,0,0
85.139,85.139,3.70277,0.01,0,2.00192,2.54871,0,0.37499,4.47552,4.27398e+06,2.70226e+06,8.55614e+06,0,0,0,0,80.8192,79.791,3.86667,0,0,1.71456,1.16777,0,1.32467,2.1168,8.8822e+06,3.61194e+06,1.52291e+07,0,0,0,0
85.139,85.139,3.51556,0.01,0,2.00282,2.54933,0,0.375159,4.47552,4.27398e+06,2.70226e+06,8.56e+06,0,0,0,0,80.8192,79.791,4.00823,0,0,1.71456,1.16805,0,1.32467,2.1168,8.8822e+06,3.61194e+06,1.52291e+07,0,0,0,0
85.139,85.139,3.2858,0.01,0,2.00372,2.54995,0,0.375328,4.47552,4.27398e+06,2.70226e+06,8.56385e+06,0,0,0,0,80.8192,79.791,3.66357,0,0,1.71456,1.16833,0,1.32467,2.1168,8.8822e+06,3.61194e+06,1.52291e+07,0,0,0,0
85.139,85.139,3.35002,0.01,0,1.98178,2.52773,0,0.375497,4.47552,4.27398e+06,2.70226e+06,8.47008e+06,0,0,0,0,80.8192,79.791,2.57621,0,0,1.74751,1.20156,0,1.32467,2.1168,8.8822e+06,3.61194e+06,1.55217e+07,0,0,0,0
85.139,85.139,3.13105,0.01,0,2.01562,2.52834,0,0.371385,4.47552,4.27398e+06,2.70226e+06,8.61471e+06,0,0,0,0,80.8185,79.791,2.48589,0,0,1.71457,1.20185,0,1.35012,2.1168,8.8822e+06,3.61194e+06,1.52292e+07,0,0,0,0
85.139,85.139,2.847,0.01,0,2.01653,2.52895,0,0.377727,4.47552,4.27398e+06,2.70226e+06,8.61858e+06,0,0,0,0,80.6954,79.791,2.36609,0,0,1.71457,1.20214,0,1.32468,2.1168,8.8822e+06,3.61194e+06,1.52292e+07,0,0,0,0
85.139,85.139,2.58808,0.01,0,2.01743,2.52957,0,0.377897,4.47552,4.27398e+06,2.70226e+06,8.62245e+06,0,0,0,0,80.4373,79.791,2.1893,0,0,1.71457,1.20244,0,1.32468,2.1168,8.8822e+06,3.61194e+06,1.52292e+07,0,0,0,0
85.139,85.139,2.39924,0.01,0,2.07739,2.58923,0,0.378066,4.47552,4.27398e+06,2.70226e+06,8.8787e+06,0,0,0,0,80.0423,79.791,1.76959,0,0,1.74396,1.23212,0,1.32468,2.1168,8.8822e+06,3.61194e+06,1.54902e+07,0,0,0,0
85.139,85.139,2.73035,0.01,0,2.10769,2.58986,0,0.389302,4.47552,4.27398e+06,2.70226e+06,9.00824e+06,0,0,0,0,79.8541,79.791,1.96271,0,0,1.71458,1.23242,0,1.34738,2.1168,8.8822e+06,3.61194e+06,1.52292e+07,0,0,0,0
85.139,85.139,2.5006,0.01,0,2.10862,2.59049,0,0.394982,4.47552,4.27398e+06,2.70226e+06,9.0122e+06,0,0,0,0,79.3677,79.791,1.90851,0,0,1.71458,1.23272,0,1.32468,2.1168,8.8822e+06,3.61194e+06,1.52292e+07,0,0,0,0
85.0958,85.139,2.2934,0.02,0,2.10955,2.59111,0,0.395156,4.47552,4.27398e+06,2.70226e+06,9.01617e+06,0,0,0,0,78.9505,79.791,1.68017,0,0,1.71458,1.23301,0,1.32468,2.1168,8.8822e+06,3.61194e+06,1.52292e+07,0,0,0,0
84.8772,85.139,2.26064,0.03,0,2.28357,2.76484,0,0.39533,4.47552,4.27398e+06,2.70226e+06,9.75993e+06,0,0,0,0,78.2154,79.791,1.79657,0,0,1.82076,1.3395,0,1.32468,2.1168,8.8822e+06,3.61194e+06,1.61724e+07,0,0,0,0
84.3395,85.139,2.03366,0.03,0,2.39072,2.76551,0,0.427941,4.47552,4.27398e+06,2.70226e+06,1.02179e+07,0,0,0,0,77.4709,79.791,1.38583,0,0,1.71461,1.33982,0,1.40672,2.1168,8.8822e+06,3.61194e+06,1.52295e+07,0,0,0,0
83.5643,85.139,1.81556,0.03,0,2.39172,2.76618,0,0.448021,4.47552,4.27398e+06,2.70226e+06,1.02222e+07,0,0,0,0,76.7602,79.791,1.32904,0,0,1.71461,1.34015,0,1.3247,2.1168,8.8822e+06,3.61194e+06,1.52295e+07,0,0,0,0
82.8288,85.139,1.83876,0.03,0,2.39272,2.76685,0,0.448208,4.47552,4.27398e+06,2.70226e+06,1.02264e+07,0,0,0,0,76.3068,79.791,1.44342,0,0,1.71461,1.34047,0,1.3247,2.1168,8.8822e+06,3.61194e+06,1.52295e+07,0,0,0,0
82.1107,85.139,1.85577,0.03,0,2.39371,2.76752,0,0.448395,4.47552,4.27398e+06,2.70226e+06,1.02307e+07,0,0,0,0,75.4778,79.791,1.67667,0,0,1.71461,1.3408,0,1.3247,2.1168,8.8822e+06,3.61194e+06,1.52295e+07,0,0,0,0
81.2602,85.139,1.72134,0.03,0,2.31025,2.68373,0,0.448582,4.47552,4.27398e+06,2.70226e+06,9.87395e+06,0,0,0,0,75.1751,79.791,1.21617,0,0,1.65008,1.2766,0,1.3247,2.1168,8.8822e+06,3.61194e+06,1.46563e+07,0,0,0,0
80.2894,85.139,1.52608,0.03,0,2.2467,2.68438,0,0.432941,4.47552,4.27398e+06,2.70226e+06,9.60234e+06,0,0,0,0,74.5123,79.791,1.87387,0,0,1.71459,1.27691,0,1.27485,2.1168,8.8822e+06,3.61194e+06,1.52293e+07,0,0,0,0
79.1544,85.139,1.3606,0.03,0,2.24766,2.68503,0,0.421031,4.47552,4.27398e+06,2.70226e+06,9.60645e+06,0,0,0,0,73.5984,79.791,1.12013,0,0,1.71459,1.27722,0,1.32469,2.1168,8.8822e+06,3.61194e+06,1.52293e+07,0,0,0,0
77.8336,85.139,1.16182,0.04,0,2.24862,2.68569,0,0.421211,4.47552,4.27398e+06,2.70226e+06,9.61056e+06,0,0,0,0,72.8173,79.791,1.02251,0,0,1.71459,1.27753,0,1.32469,2.1168,8.8822e+06,3.61194e+06,1.52293e+07,0,0,0,0
77.1805,85.139,1.85403,0.04,0,2.18019,2.61694,0,0.421392,4.47552,4.27398e+06,2.70226e+06,9.31808e+06,0,0,0,0,72.0315,79.791,1.23136,0,0,1.6558,1.21904,0,1.32469,2.1168,8.8822e+06,3.61194e+06,1.47071e+07,0,0,0,0
76.4193,85.139,1.7029,0.04,0,2.12234,2.61758,0,0.408567,4.47552,4.27398e+06,2.70226e+06,9.07084e+06,0,0,0,0,71.7953,79.791,0.943432,0,0,1.71458,1.21934,0,1.27927,2.1168,8.8822e+06,3.61194e+06,1.52292e+07,0,0,0,0
75.9315,85.139,1.98738,0.03,0,2.12327,2.61821,0,0.397727,4.47552,4.27398e+06,2.70226e+06,9.07482e+06,0,0,0,0,71.6733,79.791,2.03488,0,0,1.71458,1.21963,0,1.32468,2.1168,8.8822e+06,3.61194e+06,1.52292e+07,0,0,0,0
78.5832,85.139,5.33294,0.03,0,2.1242,2.61885,0,0.397901,4.47552,4.27398e+06,2.70226e+06,9.0788e+06,0,0,0,0,71.8732,79.791,4.1382,0,0,1.71458,1.21993,0,1.32468,2.1168,8.8822e+06,3.61194e+06,1.52292e+07,0,0,0,0
78.9582,85.139,2.8058,0.03,0,1.92786,2.42221,0,0.398076,4.47552,4.27398e+06,2.70226e+06,8.23962e+06,0,0,0,0,71.9412,79.791,1.54273,0,0,1.59201,1.09766,0,1.32468,2.1168,8.8822e+06,3.61194e+06,1.41405e+07,0,0,0,0
79.2968,85.139,2.71044,0.02,0,1.80617,2.4228,0,0.361281,4.47552,4.27398e+06,2.70226e+06,7.71955e+06,0,0,0,0,71.4417,79.791,1.93532,0,0,1.71455,1.09793,0,1.22999,2.1168,8.8822e+06,3.61194e+06,1.52289e+07,0,0,0,0
82.2306,85.139,5.33539,0.02,0,1.80703,2.42338,0,0.338477,4.47552,4.27398e+06,2.70226e+06,7.7232e+06,0,0,0,0,70.8188,79.791,1.42252,0,0,1.71455,1.09819,0,1.32466,2.1168,8.8822e+06,3.61194e+06,1.52289e+07,0,0,0,0
84.2983,85.139,4.5521,0.02,0,1.80788,2.42397,0,0.338637,4.47552,4.27398e+06,2.70226e+06,7.72685e+06,0,0,0,0,70.6127,79.791,1.70079,0,0,1.71455,1.09846,0,1.32466,2.1168,8.8822e+06,3.61194e+06,1.52289e+07,0,0,0,0
85.139,85.139,5.87706,0.02,0,1.80874,2.42456,0,0.338797,4.47552,4.27398e+06,2.70226e+06,7.73051e+06,0,0,0,0,70.8265,79.791,4.4257,0,0,1.71455,1.09873,0,1.32466,2.1168,8.8822e+06,3.61194e+06,1.52289e+07,0,0,0,0
85.139,85.139,3.33518,0.02,0,1.88556,2.50111,0,0.338958,4.47552,4.27398e+06,2.70226e+06,8.05884e+06,0,0,0,0,70.3293,79.791,1.86913,0,0,1.75008,1.13452,0,1.32466,2.1168,8.8822e+06,3.61194e+06,1.55445e+07,0,0,0,0
85.139,85.139,3.91842,0.02,0,1.92194,2.5017,0,0.353354,4.47552,4.27398e+06,2.70226e+06,8.21435e+06,0,0,0,0,69.5815,79.791,1.83368,0,0,1.71455,1.13479,0,1.35211,2.1168,8.8822e+06,3.61194e+06,1.52289e+07,0,0,0,0
85.139,85.139,2.60471,0.01,0,1.9228,2.50229,0,0.360172,4.47552,4.27398e+06,2.70226e+06,8.21801e+06,0,0,0,0,68.6663,79.791,1.24128,0,0,1.71455,1.13506,0,1.32466,2.1168,8.8822e+06,3.61194e+06,1.52289e+07,0,0,0,0
85.139,85.139,2.49156,0.01,0,1.92366,2.50288,0,0.360333,4.47552,4.27398e+06,2.70226e+06,8.22166e+06,0,0,0,0,67.7253,79.791,1.2063,0,0,1.71455,1.13532,0,1.32466,2.1168,8.8822e+06,3.61194e+06,1.52289e+07,0,0,0,0
84.3542,85.139,1.89126,0.02,0,2.16869,2.74765,0,0.360493,4.47552,4.27398e+06,2.70226e+06,9.26895e+06,0,0,0,0,67.1929,79.791,1.19038,0,0,1.84807,1.26911,0,1.32466,2.1168,8.8822e+06,3.61194e+06,1.64149e+07,0,0,0,0
83.2151,85.139,1.64374,0.04,0,2.30313,2.7483,0,0.406413,4.47552,4.27398e+06,2.70226e+06,9.84352e+06,0,0,0,0,67.184,79.791,2.12989,0,0,1.71458,1.26941,0,1.42782,2.1168,8.8822e+06,3.61194e+06,1.52292e+07,0,0,0,0
85.139,85.139,5.19503,0.04,0,2.30407,2.74894,0,0.431606,4.47552,4.27398e+06,2.70226e+06,9.84756e+06,0,0,0,0,66.6359,79.791,2.31109,0,0,1.71458,1.26971,0,1.32468,2.1168,8.8822e+06,3.61194e+06,1.52292e+07,0,0,0,0
84.7063,85.139,2.37294,0.03,0,2.30502,2.74959,0,0.431784,4.47552,4.27398e+06,2.70226e+06,9.8516e+06,0,0,0,0,65.9709,79.791,1.48053,0,0,1.71458,1.27001,0,1.32468,2.1168,8.8822e+06,3.61194e+06,1.52292e+07,0,0,0,0
85.139,85.139,3.11882,0.04,0,1.95736,2.40163,0,0.431961,4.47552,4.27398e+06,2.70226e+06,8.36569e+06,0,0,0,0,65.7219,79.791,1.83337,0,0,1.53522,1.09095,0,1.32468,2.1168,8.8822e+06,3.61194e+06,1.36362e+07,0,0,0,0
85.139,85.139,3.41292,0.04,0,1.77886,2.40219,0,0.366808,4.47552,4.27398e+06,2.70226e+06,7.60282e+06,0,0,0,0,65.6781,79.791,1.96877,0,0,1.71454,1.09121,0,1.18611,2.1168,8.8822e+06,3.61194e+06,1.52289e+07,0,0,0,0
85.139,85.139,4.34703,0.04,0,1.77969,2.40276,0,0.333359,4.47552,4.27398e+06,2.70226e+06,7.60633e+06,0,0,0,0,65.6742,79.791,2.30576,0,0,1.71454,1.09146,0,1.32465,2.1168,8.8822e+06,3.61194e+06,1.52289e+07,0,0,0,0
85.139,85.139,4.13817,0.04,0,1.78051,2.40332,0,0.333513,4.47552,4.27398e+06,2.70226e+06,7.60985e+06,0,0,0,0,65.8802,79.791,2.26696,0,0,1.71454,1.09172,0,1.32465,2.1168,8.8822e+06,3.61194e+06,1.52289e+07,0,0,0,0
85.139,85.139,5.22595,0.04,0,1.78133,2.40389,0,0.333667,4.47552,4.27398e+06,2.70226e+06,7.61336e+06,0,0,0,0,66.3739,79.791,2.61091,0,0,1.71454,1.09198,0,1.32465,2.1168,8.8822e+06,3.61194e+06,1.52289e+07,0,0,0,0
85.139,85.139,4.34844,0.04,0,1.87001,2.49231,0,0.333821,4.47552,4.27398e+06,2.70226e+06,7.99236e+06,0,0,0,0,66.1135,79.791,2.4247,0,0,1.75847,1.13616,0,1.32465,2.1168,8.8822e+06,3.61194e+06,1.5619e+07,0,0,0,0
85.139,85.139,5.59411,0.04,0,1.91478,2.49289,0,0.350439,4.47552,4.27398e+06,2.70226e+06,8.18372e+06,0,0,0,0,66.5196,79.791,2.12213,0,0,1.71455,1.13643,0,1.35859,2.1168,8.8822e+06,3.61194e+06,1.52289e+07,0,0,0,0
85.139,85.139,3.97473,0.05,0,1.91563,2.49348,0,0.358829,4.47552,4.27398e+06,2.70226e+06,8.18736e+06,0,0,0,0,67.0104,79.791,2.65977,0,0,1.71455,1.1367,0,1.32466,2.1168,8.8822e+06,3.61194e+06,1.52289e+07,0,0,0,0
85.139,85.139,5.19595,0.05,0,1.91649,2.49407,0,0.358989,4.47552,4.27398e+06,2.70226e+06,8.19102e+06,0,0,0,0,67.6032,79.791,3.37403,0,0,1.71455,1.13697,0,1.32466,2.1168,8.8822e+06,3.61194e+06,1.52289e+07,0,0,0,0
85.139,85.139,3.5597,0.05,0,1.88296,2.46027,0,0.359149,4.47552,4.27398e+06,2.70226e+06,8.04772e+06,0,0,0,0,67.385,79.791,2.14674,0,0,1.69747,1.12016,0,1.32466,2.1168,8.8822e+06,3.61194e+06,1.50773e+07,0,0,0,0
85.139,85.139,2.80246,0.05,0,1.86673,2.46085,0,0.352866,4.47552,4.27398e+06,2.70226e+06,7.97834e+06,0,0,0,0,67.1146,79.791,1.86816,0,0,1.71454,1.12042,0,1.31147,2.1168,8.8822e+06,3.61194e+06,1.52289e+07,0,0,0,0
85.139,85.139,2.53941,0.04,0,1.86757,2.46143,0,0.349824,4.47552,4.27398e+06,2.70226e+06,7.98195e+06,0,0,0,0,66.7528,79.791,1.65542,0,0,1.71454,1.12068,0,1.32466,2.1168,8.8822e+06,3.61194e+06,1.52289e+07,0,0,0,0
85.139,85.139,2.46491,0.04,0,1.86841,2.46201,0,0.349982,4.47552,4.27398e+06,2.70226e+06,7.98555e+06,0,0,0,0,66.3142,79.791,1.78339,0,0,1.71454,1.12095,0,1.32466,2.1168,8.8822e+06,3.61194e+06,1.52289e+07,0,0,0,0
84.9835,85.139,2.24999,0.04,0,1.98607,2.57941,0,0.35014,4.47552,4.27398e+06,2.70226e+06,8.48843e+06,0,0,0,0,65.7179,79.791,1.60189,0,0,1.77516,1.18183,0,1.32466,2.1168,8.8822e+06,3.61194e+06,1.57673e+07,0,0,0,0
84.7309,85.139,2.17875,0.05,0,2.04756,2.58001,0,0.37219,4.47552,4.27398e+06,2.70226e+06,8.75123e+06,0,0,0,0,65.1564,79.791,1.48109,0,0,1.71456,1.18211,0,1.37149,2.1168,8.8822e+06,3.61194e+06,1.5229e+07,0,0,0,0
84.3057,85.139,1.99359,0.04,0,2.04845,2.58062,0,0.383713,4.47552,4.27398e+06,2.70226e+06,8.75501e+06,0,0,0,0,64.5246,79.791,1.34659,0,0,1.71456,1.18239,0,1.32467,2.1168,8.8822e+06,3.61194e+06,1.5229e+07,0,0,0,0
83.7907,85.139,1.84734,0.04,0,2.04933,2.58123,0,0.383879,4.47552,4.27398e+06,2.70226e+06,8.7588e+06,0,0,0,0,63.8065,79.791,1.29543,0,0,1.71456,1.18266,0,1.32467,2.1168,8.8822e+06,3.61194e+06,1.5229e+07,0,0,0,0
83.1819,85.139,1.74315,0.04,0,2.05022,2.58183,0,0.384045,4.47552,4.27398e+06,2.70226e+06,8.76258e+06,0,0,0,0,63.3501,79.791,1.22283,0,0,1.71456,1.18294,0,1.32467,2.1168,8.8822e+06,3.61194e+06,1.5229e+07,0,0,0,0
82.8093,85.139,1.94087,0.02,0,2.02797,2.55931,0,0.384211,4.47552,4.27398e+06,2.70226e+06,8.66751e+06,0,0,0,0,62.8905,79.791,1.54669,0,0,1.74791,1.21658,0,1.32467,2.1168,8.8822e+06,3.61194e+06,1.55253e+07,0,0,0,0
82.2536,85.139,1.78312,0.02,0,2.06221,2.55991,0,0.380042,4.47552,4.27398e+06,2.70226e+06,8.81384e+06,0,0,0,0,62.2836,79.791,1.55259,0,0,1.71457,1.21686,0,1.35044,2.1168,8.8822e+06,3.61194e+06,1.52291e+07,0,0,0,0
81.5565,85.139,1.6328,0.03,0,2.0631,2.56052,0,0.386458,4.47552,4.27398e+06,2.70226e+06,8.81764e+06,0,0,0,0,61.6952,79.791,1.37255,0,0,1.71457,1.21715,0,1.32467,2.1168,8.8822e+06,3.61194e+06,1.52291e+07,0,0,0,0
80.7581,85.139,1.49871,0.03,0,2.06399,2.56112,0,0.386625,4.47552,4.27398e+06,2.70226e+06,8.82144e+06,0,0,0,0,60.9272,79.791,1.34668,0,0,1.71457,1.21744,0,1.32467,2.1168,8.8822e+06,3.61194e+06,1.52291e+07,0,0,0,0
79.8595,85.139,1.41201,0.03,0,2.12466,2.62151,0,0.386791,4.47552,4.27398e+06,2.70226e+06,9.08076e+06,0,0,0,0,60.2176,79.791,1.16017,0,0,1.74432,1.24748,0,1.32467,2.1168,8.8822e+06,3.61194e+06,1.54934e+07,0,0,0,0
79.0914,85.139,1.58615,0.03,0,2.15532,2.62212,0,0.398162,4.47552,4.27398e+06,2.70226e+06,9.2118e+06,0,0,0,0,59.6525,79.791,1.37347,0,0,1.71457,1.24777,0,1.34766,2.1168,8.8822e+06,3.61194e+06,1.52292e+07,0,0,0,0
78.1942,85.139,1.43198,0.04,0,2.15623,2.62274,0,0.403907,4.47552,4.27398e+06,2.70226e+06,9.21569e+06,0,0,0,0,58.8655,79.791,1.30891,0,0,1.71457,1.24806,0,1.32468,2.1168,8.8822e+06,3.61194e+06,1.52292e+07,0,0,0,0
77.1792,85.139,1.30442,0.04,0,2.15714,2.62336,0,0.404078,4.47552,4.27398e+06,2.70226e+06,9.21958e+06,0,0,0,0,58.2749,79.791,1.14023,0,0,1.71457,1.24836,0,1.32468,2.1168,8.8822e+06,3.61194e+06,1.52292e+07,0,0,0,0
76.0807,85.139,1.34689,0.04,0,2.3333,2.79922,0,0.404249,4.47552,4.27398e+06,2.70226e+06,9.97247e+06,0,0,0,0,57.4084,79.791,1.38774,0,0,1.82208,1.35616,0,1.32468,2.1168,8.8822e+06,3.61194e+06,1.6184e+07,0,0,0,0
74.4927,85.139,0.899843,0.04,0,2.44175,2.79988,0,0.43726,4.47552,4.27398e+06,2.70226e+06,1.0436e+07,0,0,0,0,56.6399,79.791,1.07684,0,0,1.7146,1.35647,0,1.40774,2.1168,8.8822e+06,3.61194e+06,1.52294e+07,0,0,0,0
73.0137,85.139,1.00005,0.04,0,2.44273,2.80054,0,0.457585,4.47552,4.27398e+06,2.70226e+06,1.04402e+07,0,0,0,0,56.0284,79.791,1.10977,0,0,1.7146,1.35679,0,1.3247,2.1168,8.8822e+06,3.61194e+06,1.52294e+07,0,0,0,0
72.0873,85.139,1.60429,0.04,0,2.44371,2.8012,0,0.457768,4.47552,4.27398e+06,2.70226e+06,1.04444e+07,0,0,0,0,55.4282,79.791,1.34173,0,0,1.7146,1.35711,0,1.3247,2.1168,8.8822e+06,3.61194e+06,1.52294e+07,0,0,0,0
71.5459,85.139,2.0045,0.05,0,2.44469,2.80186,0,0.457951,4.47552,4.27398e+06,2.70226e+06,1.04485e+07,0,0,0,0,55.2138,79.791,1.40455,0,0,1.7146,1.35743,0,1.3247,2.1168,8.8822e+06,3.61194e+06,1.52294e+07,0,0,0,0
70.557,85.139,1.42175,0.05,0,2.36016,2.71701,0,0.458135,4.47552,4.27398e+06,2.70226e+06,1.00873e+07,0,0,0,0,54.7459,79.791,1.70117,0,0,1.64927,1.29242,0,1.3247,2.1168,8.8822e+06,3.61194e+06,1.46492e+07,0,0,0,0
69.4446,85.139,1.22664,0.05,0,2.29579,2.71765,0,0.442294,4.47552,4.27398e+06,2.70226e+06,9.81216e+06,0,0,0,0,54.3741,79.791,1.41008,0,0,1.71458,1.29273,0,1.27423,2.1168,8.8822e+06,3.61194e+06,1.52293e+07,0,0,0,0
68.7937,85.139,1.74527,0.05,0,2.29674,2.71829,0,0.430231,4.47552,4.27398e+06,2.70226e+06,9.8162e+06,0,0,0,0,54.2942,79.791,1.62858,0,0,1.71458,1.29303,0,1.32469,2.1168,8.8822e+06,3.61194e+06,1.52293e+07,0,0,0,0
70.4789,85.139,4.31064,0.05,0,2.29768,2.71893,0,0.430408,4.47552,4.27398e+06,2.70226e+06,9.82023e+06,0,0,0,0,54.6419,79.791,2.91522,0,0,1.71458,1.29334,0,1.32469,2.1168,8.8822e+06,3.61194e+06,1.52293e+07,0,0,0,0
69.9541,85.139,1.99246,0.05,0,2.22837,2.64931,0,0.430585,4.47552,4.27398e+06,2.70226e+06,9.52401e+06,0,0,0,0,54.4542,79.791,1.78607,0,0,1.65506,1.23412,0,1.32469,2.1168,8.8822e+06,3.61194e+06,1.47006e+07,0,0,0,0
68.6527,85.139,1.1291,0.05,0,2.16978,2.64994,0,0.417597,4.47552,4.27398e+06,2.70226e+06,9.27358e+06,0,0,0,0,54.3792,79.791,1.69786,0,0,1.71457,1.23441,0,1.2787,2.1168,8.8822e+06,3.61194e+06,1.52292e+07,0,0,0,0
69.6705,85.139,3.50046,0.05,0,2.17069,2.65056,0,0.406617,4.47552,4.27398e+06,2.70226e+06,9.27749e+06,0,0,0,0,54.505,79.791,2.4577,0,0,1.71457,1.2347,0,1.32468,2.1168,8.8822e+06,3.61194e+06,1.52292e+07,0,0,0,0
71.7235,85.139,4.67671,0.06,0,2.17161,2.65118,0,0.406788,4.47552,4.27398e+06,2.70226e+06,9.2814e+06,0,0,0,0,55.0039,79.791,3.45802,0,0,1.71457,1.23499,0,1.32468,2.1168,8.8822e+06,3.61194e+06,1.52292e+07,0,0,0,0
72.3599,85.139,3.0421,0.06,0,1.97281,2.4521,0,0.406959,4.47552,4.27398e+06,2.70226e+06,8.43175e+06,0,0,0,0,55.3277,79.791,2.52246,0,0,1.59049,1.1112,0,1.32468,2.1168,8.8822e+06,3.61194e+06,1.4127e+07,0,0,0,0
76.7895,85.139,6.84977,0.06,0,1.8496,2.45267,0,0.369705,4.47552,4.27398e+06,2.70226e+06,7.90514e+06,0,0,0,0,56.8673,79.791,5.75192,0,0,1.71454,1.11147,0,1.22881,2.1168,8.8822e+06,3.61194e+06,1.52289e+07,0,0,0,0
78.2437,85.139,3.86819,0.02,0,1.85044,2.45325,0,0.346615,4.47552,4.27398e+06,2.70226e+06,7.90872e+06,0,0,0,0,57.9223,79.791,4.4085,0,0,1.71454,1.11173,0,1.32465,2.1168,8.8822e+06,3.61194e+06,1.52289e+07,0,0,0,0
79.83,85.139,4.0155,0.03,0,1.85128,2.45383,0,0.346772,4.47552,4.27398e+06,2.70226e+06,7.91231e+06,0,0,0,0,58.8154,79.791,4.13706,0,0,1.71454,1.11199,0,1.32465,2.1168,8.8822e+06,3.61194e+06,1.52289e+07,0,0,0,0
80.8252,85.139,3.45764,0.02,0,1.85211,2.45441,0,0.346929,4.47552,4.27398e+06,2.70226e+06,7.9159e+06,0,0,0,0,59.7127,79.791,3.91356,0,0,1.71454,1.11225,0,1.32465,2.1168,8.8822e+06,3.61194e+06,1.52289e+07,0,0,0,0
85.139,85.139,10.0371,0.02,0,1.92985,2.53188,0,0.347086,4.47552,4.27398e+06,2.70226e+06,8.24815e+06,0,0,0,0,62.3373,79.791,9.58655,0,1,1.75051,1.14848,0,1.32465,2.1168,8.8822e+06,3.61194e+06,1.55484e+07,0,0,0,0
85.139,85.139,6.3616,0.02,0,1.96666,2.53246,0,0.361654,4.47552,4.27398e+06,2.70226e+06,8.40546e+06,0,0,0,0,64.6782,79.791,8.04418,0,1,1.71454,1.14874,0,1.35244,2.1168,8.8822e+06,3.61194e+06,1.52289e+07,0,0,0,0
85.139,85.139,7.8957,0.02,0,1.9675,2.53304,0,0.368552,4.47552,4.27398e+06,2.70226e+06,8.40904e+06,0,0,0,0,67.7343,79.791,9.33695,0,1,1.71454,1.149,0,1.32465,2.1168,8.8822e+06,3.61194e+06,1.52289e+07,0,0,0,0
85.139,85.139,7.15087,0.01,0,1.96834,2.53361,0,0.368709,4.47552,4.27398e+06,2.70226e+06,8.41262e+06,0,0,0,0,72.3282,79.791,10.6221,0,1,1.71454,1.14926,0,1.32465,2.1168,8.8822e+06,3.61194e+06,1.52289e+07,0,0,0,0
85.139,85.139,5.26926,0.03,0,2.21635,2.78137,0,0.368866,4.47552,4.27398e+06,2.70226e+06,9.47264e+06,0,0,0,0,74.7939,79.791,7.03335,0,1,1.8497,1.28469,0,1.32465,2.1168,8.8822e+06,3.61194e+06,1.64294e+07,0,0,0,0
85.139,85.139,6.20876,0.02,0,2.35241,2.782,0,0.415344,4.47552,4.27398e+06,2.70226e+06,1.00541e+07,0,0,0,0,77.1564,79.791,6.79074,0,1,1.71457,1.28498,0,1.42908,2.1168,8.8822e+06,3.61194e+06,1.52292e+07,0,0,0,0
85.139,85.139,7.29792,0.03,0,2.35333,2.78263,0,0.440841,4.47552,4.27398e+06,2.70226e+06,1.00581e+07,0,0,0,0,79.6624,79.791,7.16204,0,1,1.71457,1.28527,0,1.32468,2.1168,8.8822e+06,3.61194e+06,1.52292e+07,0,0,0,0
85.139,85.139,6.40668,0.04,0,2.35426,2.78327,0,0.441014,4.47552,4.27398e+06,2.70226e+06,1.0062e+07,0,0,0,0,80.8192,79.791,8.87352,0,1,1.71457,1.28556,0,1.32468,2.1168,8.8822e+06,3.61194e+06,1.52292e+07,0,0,0,0
85.139,85.139,7.10631,0.04,0,2.00231,2.43102,0,0.441188,4.47552,4.27398e+06,2.70226e+06,8.55782e+06,0,0,0,0,80.8192,79.791,12.8002,0,1,1.53302,1.1043,0,1.32468,2.1168,8.8822e+06,3.61194e+06,1.36166e+07,0,0,0,0
85.139,85.139,7.51113,0.04,0,1.8216,2.43158,0,0.375232,4.47552,4.27398e+06,2.70226e+06,7.78549e+06,0,0,0,0,80.8192,79.791,12.1956,0,1,1.71453,1.10456,0,1.18441,2.1168,8.8822e+06,3.61194e+06,1.52288e+07,0,0,0,0
85.139,85.139,7.47174,0.04,0,1.82241,2.43213,0,0.341368,4.47552,4.27398e+06,2.70226e+06,7.78893e+06,0,0,0,0,80.8192,79.791,10.5627,0,1,1.71453,1.10481,0,1.32465,2.1168,8.8822e+06,3.61194e+06,1.52288e+07,0,0,0,0
85.139,85.139,8.1065,0.04,0,1.82321,2.43268,0,0.341519,4.47552,4.27398e+06,2.70226e+06,7.79237e+06,0,0,0,0,80.8192,79.791,12.9199,0,1,1.71453,1.10506,0,1.32465,2.1168,8.8822e+06,3.61194e+06,1.52288e+07,0,0,0,0
85.139,85.139,9.65519,0.05,0,1.82402,2.43324,0,0.34167,4.47552,4.27398e+06,2.70226e+06,7.79581e+06,0,0,0,0,80.8192,79.791,16.8736,0,1,1.71453,1.10531,0,1.32465,2.1168,8.8822e+06,3.61194e+06,1.52288e+07,0,0,0,0
85.139,85.139,6.31287,0.05,0,1.91375,2.52272,0,0.341821,4.47552,4.27398e+06,2.70226e+06,8.17932e+06,0,0,0,0,80.8192,79.791,9.55483,0,1,1.759,1.15003,0,1.32465,2.1168,8.8822e+06,3.61194e+06,1.56238e+07,0,0,0,0
85.139,85.139,8.37456,0.05,0,1.95904,2.52329,0,0.358636,4.47552,4.27398e+06,2.70226e+06,8.37289e+06,0,0,0,0,80.8192,79.791,16.4245,0,1,1.71454,1.15029,0,1.359,2.1168,8.8822e+06,3.61194e+06,1.52289e+07,0,0,0,0
85.139,85.139,6.11914,0.05,0,1.95988,2.52387,0,0.367124,4.47552,4.27398e+06,2.70226e+06,8.37646e+06,0,0,0,0,80.8192,79.791,10.8755,0,1,1.71454,1.15055,0,1.32465,2.1168,8.8822e+06,3.61194e+06,1.52289e+07,0,0,0,0
85.139,85.139,5.32513,0.05,0,1.96071,2.52444,0,0.367281,4.47552,4.27398e+06,2.70226e+06,8.38004e+06,0,0,0,0,80.8192,79.791,8.6698,0,1,1.71454,1.15081,0,1.32466,2.1168,8.8822e+06,3.61194e+06,1.52289e+07,0,0,0,0
85.139,85.139,4.73364,0.05,0,1.92675,2.49021,0,0.367437,4.47552,4.27398e+06,2.70226e+06,8.23487e+06,0,0,0,0,80.8192,79.791,7.32236,0,1,1.69726,1.13379,0,1.32466,2.1168,8.8822e+06,3.61194e+06,1.50754e+07,0,0,0,0
85.139,85.139,5.31309,0.05,0,1.91029,2.49078,0,0.361072,4.47552,4.27398e+06,2.70226e+06,8.16454e+06,0,0,0,0,80.8192,79.791,7.44579,0,1,1.71454,1.13405,0,1.3113,2.1168,8.8822e+06,3.61194e+06,1.52289e+07,0,0,0,0
85.139,85.139,4.97318,0.05,0,1.91112,2.49135,0,0.357989,4.47552,4.27398e+06,2.70226e+06,8.16807e+06,0,0,0,0,80.8192,79.791,7.59252,0,1,1.71454,1.13431,0,1.32465,2.1168,8.8822e+06,3.61194e+06,1.52289e+07,0,0,0,0
85.139,85.139,4.18139,0.05,0,1.91194,2.49192,0,0.358143,4.47552,4.27398e+06,2.70226e+06,8.1716e+06,0,0,0,0,80.8192,79.791,7.01056,0,1,1.71454,1.13456,0,1.32465,2.1168,8.8822e+06,3.61194e+06,1.52289e+07,0,0,0,0
85.139,85.139,3.93816,0.04,0,2.031,2.61072,0,0.358298,4.47552,4.27398e+06,2.70226e+06,8.68046e+06,0,0,0,0,80.8192,79.791,6.39299,0,1,1.77589,1.19618,0,1.32465,2.1168,8.8822e+06,3.61194e+06,1.57738e+07,0,0,0,0
85.139,85.139,3.93101,0.04,0,2.09321,2.61131,0,0.38061,4.47552,4.27398e+06,2.70226e+06,8.94633e+06,0,0,0,0,80.8192,79.791,5.52294,0,1,1.71455,1.19645,0,1.37205,2.1168,8.8822e+06,3.61194e+06,1.5229e+07,0,0,0,0
85.139,85.139,3.73693,0.03,0,2.09408,2.61191,0,0.392268,4.47552,4.27398e+06,2.70226e+06,8.95004e+06,0,0,0,0,80.8192,79.791,5.20511,0,1,1.71455,1.19672,0,1.32466,2.1168,8.8822e+06,3.61194e+06,1.5229e+07,0,0,0,0
85.139,85.139,3.60699,0.02,0,2.09494,2.6125,0,0.39243,4.47552,4.27398e+06,2.70226e+06,8.95374e+06,0,0,0,0,80.8192,79.791,5.55552,0,1,1.71455,1.19699,0,1.32466,2.1168,8.8822e+06,3.61194e+06,1.5229e+07,0,0,0,0
85.139,85.139,3.31667,0.02,0,2.09581,2.6131,0,0.392593,4.47552,4.27398e+06,2.70226e+06,8.95745e+06,0,0,0,0,80.8192,79.791,5.26002,0,1,1.71455,1.19727,0,1.32466,2.1168,8.8822e+06,3.61194e+06,1.5229e+07,0,0,0,0
85.139,85.139,3.44172,0.02,0,2.07327,2.59028,0,0.392755,4.47552,4.27398e+06,2.70226e+06,8.86111e+06,0,0,0,0,80.8192,79.791,4.81869,0,1,1.74831,1.2313,0,1.32466,2.1168,8.8822e+06,3.61194e+06,1.55289e+07,0,0,0,0
85.139,85.139,3.3122,0.02,0,2.10789,2.59087,0,0.388531,4.47552,4.27398e+06,2.70226e+06,9.00908e+06,0,0,0,0,80.8192,79.791,4.58003,0,1,1.71456,1.23158,0,1.35075,2.1168,8.8822e+06,3.61194e+06,1.52291e+07,0,0,0,0
85.139,85.139,3.14152,0.02,0,2.10876,2.59146,0,0.395019,4.47552,4.27398e+06,2.70226e+06,9.0128e+06,0,0,0,0,80.8192,79.791,4.35749,0,1,1.71456,1.23186,0,1.32467,2.1168,8.8822e+06,3.61194e+06,1.52291e+07,0,0,0,0
85.139,85.139,2.90446,0.02,0,2.10963,2.59205,0,0.395182,4.47552,4.27398e+06,2.70226e+06,9.01652e+06,0,0,0,0,80.8192,79.791,4.05382,0,1,1.71456,1.23214,0,1.32467,2.1168,8.8822e+06,3.61194e+06,1.52291e+07,0,0,0,0
85.139,85.139,2.7545,0.02,0,2.17101,2.65315,0,0.395345,4.47552,4.27398e+06,2.70226e+06,9.27885e+06,0,0,0,0,80.8192,79.791,3.61034,0,1,1.74468,1.26254,0,1.32467,2.1168,8.8822e+06,3.61194e+06,1.54965e+07,0,0,0,0
85.139,85.139,3.06348,0.02,0,2.20201,2.65375,0,0.406847,4.47552,4.27398e+06,2.70226e+06,9.41134e+06,0,0,0,0,80.8192,79.791,4.0033,0,1,1.71457,1.26282,0,1.34794,2.1168,8.8822e+06,3.61194e+06,1.52291e+07,0,0,0,0
85.139,85.139,2.83507,0.02,0,2.2029,2.65436,0,0.412657,4.47552,4.27398e+06,2.70226e+06,9.41515e+06,0,0,0,0,80.8192,79.791,4.00507,0,1,1.71457,1.26311,0,1.32467,2.1168,8.8822e+06,3.61194e+06,1.52291e+07,0,0,0,0
85.139,85.139,2.6272,0.02,0,2.20379,2.65496,0,0.412824,4.47552,4.27398e+06,2.70226e+06,9.41896e+06,0,0,0,0,80.8192,79.791,3.57694,0,1,1.71457,1.2634,0,1.32467,2.1168,8.8822e+06,3.61194e+06,1.52291e+07,0,0,0,0
85.139,85.139,2.67366,0.02,0,2.38204,2.83292,0,0.412991,4.47552,4.27398e+06,2.70226e+06,1.01808e+07,0,0,0,0,80.8192,79.791,4.0507,0,1,1.82337,1.37248,0,1.32467,2.1168,8.8822e+06,3.61194e+06,1.61955e+07,0,0,0,0
85.139,85.139,3.07037,0.02,0,2.49177,2.83357,0,0.446394,4.47552,4.27398e+06,2.70226e+06,1.06498e+07,0,0,0,0,80.8192,79.791,3.82052,0,1,1.71459,1.3728,0,1.40873,2.1168,8.8822e+06,3.61194e+06,1.52293e+07,0,0,0,0
85.139,85.139,3.39941,0.02,0,2.49273,2.83421,0,0.466958,4.47552,4.27398e+06,2.70226e+06,1.06539e+07,0,0,0,0,80.8192,79.791,4.70574,0,1,1.71459,1.37311,0,1.32469,2.1168,8.8822e+06,3.61194e+06,1.52293e+07,0,0,0,0
85.139,85.139,2.76629,0.02,0,2.49369,2.83486,0,0.467137,4.47552,4.27398e+06,2.70226e+06,1.0658e+07,0,0,0,0,80.8192,79.791,3.33729,0,1,1.71459,1.37342,0,1.32469,2.1168,8.8822e+06,3.61194e+06,1.52293e+07,0,0,0,0
85.139,85.139,3.37911,0.02,0,2.49464,2.8355,0,0.467317,4.47552,4.27398e+06,2.70226e+06,1.06621e+07,0,0,0,0,80.8192,79.791,6.0417,0,1,1.71459,1.37373,0,1.32469,2.1168,8.8822e+06,3.61194e+06,1.52293e+07,0,0,0,0
84.6906,85.139,2.15274,0.02,0,2.40907,2.74961,0,0.467496,4.47552,4.27398e+06,2.70226e+06,1.02963e+07,0,0,0,0,80.8192,79.791,3.29449,0,1,1.64848,1.30794,0,1.32469,2.1168,8.8822e+06,3.61194e+06,1.46421e+07,0,0,0,0
84.0986,85.139,1.9635,0.03,0,2.3439,2.75024,0,0.451459,4.47552,4.27398e+06,2.70226e+06,1.00178e+07,0,0,0,0,80.8192,79.791,2.68654,0,1,1.71458,1.30823,0,1.27362,2.1168,8.8822e+06,3.61194e+06,1.52292e+07,0,0,0,0
84.4251,85.139,2.91922,0.03,0,2.34482,2.75087,0,0.439246,4.47552,4.27398e+06,2.70226e+06,1.00217e+07,0,0,0,0,80.8192,79.791,3.24271,0,1,1.71458,1.30853,0,1.32468,2.1168,8.8822e+06,3.61194e+06,1.52292e+07,0,0,0,0
85.139,85.139,4.01284,0.03,0,2.34574,2.75149,0,0.439419,4.47552,4.27398e+06,2.70226e+06,1.00257e+07,0,0,0,0,80.8192,79.791,5.25618,0,1,1.71458,1.30883,0,1.32468,2.1168,8.8822e+06,3.61194e+06,1.52292e+07,0,0,0,0
85.139,85.139,3.0697,0.02,0,2.27557,2.68103,0,0.439593,4.47552,4.27398e+06,2.70226e+06,9.72576e+06,0,0,0,0,80.8192,79.791,3.56265,0,1,1.65435,1.24889,0,1.32468,2.1168,8.8822e+06,3.61194e+06,1.46942e+07,0,0,0,0
85.139,85.139,3.81323,0.02,0,2.21625,2.68164,0,0.426443,4.47552,4.27398e+06,2.70226e+06,9.47221e+06,0,0,0,0,80.8192,79.791,2.96239,0,1,1.71456,1.24918,0,1.27815,2.1168,8.8822e+06,3.61194e+06,1.52291e+07,0,0,0,0
85.139,85.139,5.83141,0.02,0,2.21715,2.68225,0,0.415325,4.47552,4.27398e+06,2.70226e+06,9.47603e+06,0,0,0,0,80.8192,79.791,4.36271,0,1,1.71456,1.24946,0,1.32467,2.1168,8.8822e+06,3.61194e+06,1.52291e+07,0,0,0,0
85.139,85.139,5.82249,0.03,0,2.21804,2.68286,0,0.415493,4.47552,4.27398e+06,2.70226e+06,9.47986e+06,0,0,0,0,80.8192,79.791,3.83091,0,1,1.71456,1.24975,0,1.32467,2.1168,8.8822e+06,3.61194e+06,1.52291e+07,0,0,0,0
85.139,85.139,8.50229,0.03,0,2.01684,2.48137,0,0.415661,4.47552,4.27398e+06,2.70226e+06,8.61993e+06,0,0,0,0,80.8192,79.791,5.74235,0,1,1.589,1.12447,0,1.32467,2.1168,8.8822e+06,3.61194e+06,1.41138e+07,0,0,0,0
85.139,85.139,2.48824,0.04,0,1.89213,2.48194,0,0.377956,4.47552,4.27398e+06,2.70226e+06,8.08692e+06,0,0,0,0,80.6718,79.791,2.37807,0,1,1.71454,1.12473,0,1.22766,2.1168,8.8822e+06,3.61194e+06,1.52288e+07,0,0,0,0
84.7185,85.139,1.9688,0.04,0,1.89295,2.4825,0,0.354585,4.47552,4.27398e+06,2.70226e+06,8.09043e+06,0,0,0,0,80.4949,79.791,2.30619,0,1,1.71454,1.12498,0,1.32465,2.1168,8.8822e+06,3.61194e+06,1.52288e+07,0,0,0,0
85.139,85.139,2.96409,0.06,0,1.89377,2.48307,0,0.354739,4.47552,4.27398e+06,2.70226e+06,8.09394e+06,0,0,0,0,80.6093,79.791,4.02281,0,1,1.71454,1.12524,0,1.32465,2.1168,8.8822e+06,3.61194e+06,1.52288e+07,0,0,0,0
85.139,85.139,7.47636,0.05,0,1.89459,2.48363,0,0.354893,4.47552,4.27398e+06,2.70226e+06,8.09745e+06,0,0,0,0,80.8192,79.791,5.11342,0,1,1.71454,1.1255,0,1.32465,2.1168,8.8822e+06,3.61194e+06,1.52288e+07,0,0,0,0
85.139,85.139,17.4009,0.05,0,1.97323,2.56201,0,0.355047,4.47552,4.27398e+06,2.70226e+06,8.43354e+06,0,0,0,0,80.8192,79.791,8.73729,0,1,1.75093,1.16215,0,1.32465,2.1168,8.8822e+06,3.61194e+06,1.55521e+07,0,0,0,0
85.139,85.139,9.34898,0.05,0,2.01044,2.56258,0,0.369783,4.47552,4.27398e+06,2.70226e+06,8.59259e+06,0,0,0,0,80.8192,79.791,5.22862,0,1,1.71454,1.1624,0,1.35277,2.1168,8.8822e+06,3.61194e+06,1.52288e+07,0,0,0,0
85.139,85.139,16.5603,0.05,0,2.01126,2.56314,0,0.376757,4.47552,4.27398e+06,2.70226e+06,8.59609e+06,0,0,0,0,80.8192,79.791,11.6138,0,1,1.71454,1.16266,0,1.32465,2.1168,8.8822e+06,3.61194e+06,1.52288e+07,0,0,0,0
85.139,85.139,10.5702,0.05,0,2.01208,2.5637,0,0.376911,4.47552,4.27398e+06,2.70226e+06,8.59959e+06,0,0,0,0,80.8192,79.791,7.56339,0,1,1.71454,1.16291,0,1.32465,2.1168,8.8822e+06,3.61194e+06,1.52288e+07,0,0,0,0
85.139,85.139,10.657,0.05,0,2.26301,2.81438,0,0.377064,4.47552,4.27398e+06,2.70226e+06,9.67207e+06,0,0,0,0,80.8192,79.791,9.08355,0,1,1.8513,1.29993,0,1.32465,2.1168,8.8822e+06,3.61194e+06,1.64436e+07,0,0,0,0
85.139,85.139,8.61654,0.05,0,2.40065,2.815,0,0.424089,4.47552,4.27398e+06,2.70226e+06,1.02603e+07,0,0,0,0,80.8192,79.791,6.36947,0,1,1.71457,1.30022,0,1.43031,2.1168,8.8822e+06,3.61194e+06,1.52291e+07,0,0,0,0
85.139,85.139,7.66249,0.05,0,2.40156,2.81562,0,0.449882,4.47552,4.27398e+06,2.70226e+06,1.02642e+07,0,0,0,0,80.8192,79.791,6.42439,0,1,1.71457,1.30051,0,1.32467,2.1168,8.8822e+06,3.61194e+06,1.52291e+07,0,0,0,0
85.139,85.139,8.63444,0.05,0,2.40246,2.81624,0,0.450052,4.47552,4.27398e+06,2.70226e+06,1.02681e+07,0,0,0,0,80.8192,79.791,6.57517,0,1,1.71457,1.30079,0,1.32467,2.1168,8.8822e+06,3.61194e+06,1.52291e+07,0,0,0,0
85.139,85.139,9.01519,0.05,0,2.04631,2.4598,0,0.450222,4.47552,4.27398e+06,2.70226e+06,8.7459e+06,0,0,0,0,80.8192,79.791,6.2315,0,1,1.53087,1.11738,0,1.32467,2.1168,8.8822e+06,3.61194e+06,1.35974e+07,0,0,0,0
85.139,85.139,8.13618,0.05,0,1.86344,2.46034,0,0.383479,4.47552,4.27398e+06,2.70226e+06,7.9643e+06,0,0,0,0,80.8192,79.791,7.9384,0,1,1.71453,1.11762,0,1.18275,2.1168,8.8822e+06,3.61194e+06,1.52288e+07,0,0,0,0
85.139,85.139,7.1461,0.05,0,1.86423,2.46088,0,0.349209,4.47552,4.27398e+06,2.70226e+06,7.96766e+06,0,0,0,0,80.8192,79.791,7.34494,0,1,1.71453,1.11787,0,1.32464,2.1168,8.8822e+06,3.61194e+06,1.52288e+07,0,0,0,0
85.139,85.139,7.86808,0.05,0,1.86501,2.46143,0,0.349356,4.47552,4.27398e+06,2.70226e+06,7.97103e+06,0,0,0,0,80.8192,79.791,8.0923,0,1,1.71453,1.11811,0,1.32464,2.1168,8.8822e+06,3.61194e+06,1.52288e+07,0,0,0,0
85.139,85.139,9.02294,0.05,0,1.8658,2.46197,0,0.349504,4.47552,4.27398e+06,2.70226e+06,7.97439e+06,0,0,0,0,80.8192,79.791,9.76805,0,1,1.71453,1.11836,0,1.32464,2.1168,8.8822e+06,3.61194e+06,1.52288e+07,0,0,0,0
85.139,85.139,6.57508,0.05,0,1.95656,2.55248,0,0.349651,4.47552,4.27398e+06,2.70226e+06,8.3623e+06,0,0,0,0,80.8192,79.791,7.53567,0,1,1.75952,1.1636,0,1.32464,2.1168,8.8822e+06,3.61194e+06,1.56284e+07,0,0,0,0
85.139,85.139,5.52376,0.05,0,2.00236,2.55304,0,0.36666,4.47552,4.27398e+06,2.70226e+06,8.55804e+06,0,0,0,0,80.8192,79.791,5.63326,0,1,1.71454,1.16385,0,1.3594,2.1168,8.8822e+06,3.61194e+06,1.52288e+07,0,0,0,0
85.139,85.139,4.91559,0.05,0,2.00318,2.55361,0,0.375242,4.47552,4.27398e+06,2.70226e+06,8.56153e+06,0,0,0,0,80.8192,79.791,5.01355,0,1,1.71454,1.16411,0,1.32465,2.1168,8.8822e+06,3.61194e+06,1.52288e+07,0,0,0,0
85.139,85.139,7.30886,0.05,0,2.00399,2.55417,0,0.375395,4.47552,4.27398e+06,2.70226e+06,8.56503e+06,0,0,0,0,80.8192,79.791,6.73398,0,1,1.71454,1.16436,0,1.32465,2.1168,8.8822e+06,3.61194e+06,1.52288e+07,0,0,0,0
85.139,85.139,5.03501,0.05,0,1.9696,2.51952,0,0.375548,4.47552,4.27398e+06,2.70226e+06,8.41803e+06,0,0,0,0,80.8192,79.791,5.65094,0,1,1.69705,1.14713,0,1.32465,2.1168,8.8822e+06,3.61194e+06,1.50735e+07,0,0,0,0
85.139,85.139,4.18505,0.05,0,1.95292,2.52007,0,0.369103,4.47552,4.27398e+06,2.70226e+06,8.34675e+06,0,0,0,0,80.8192,79.791,4.32315,0,1,1.71453,1.14738,0,1.31114,2.1168,8.8822e+06,3.61194e+06,1.52288e+07,0,0,0,0
85.139,85.139,4.22205,0.05,0,1.95373,2.52063,0,0.365978,4.47552,4.27398e+06,2.70226e+06,8.35019e+06,0,0,0,0,80.8192,79.791,4.20963,0,1,1.71453,1.14764,0,1.32465,2.1168,8.8822e+06,3.61194e+06,1.52288e+07,0,0,0,0
85.139,85.139,3.58653,0.05,0,1.95454,2.52118,0,0.366129,4.47552,4.27398e+06,2.70226e+06,8.35364e+06,0,0,0,0,80.8192,79.791,4.40335,0,1,1.71453,1.14789,0,1.32465,2.1168,8.8822e+06,3.61194e+06,1.52288e+07,0,0,0,0
85.139,85.139,2.98705,0.05,0,2.07497,2.64136,0,0.36628,4.47552,4.27398e+06,2.70226e+06,8.86836e+06,0,0,0,0,80.8192,79.791,4.14162,0,1,1.77661,1.21021,0,1.32465,2.1168,8.8822e+06,3.61194e+06,1.57802e+07,0,0,0,0
85.139,85.139,3.36953,0.04,0,2.13787,2.64194,0,0.388849,4.47552,4.27398e+06,2.70226e+06,9.13722e+06,0,0,0,0,80.8192,79.791,3.35213,0,1,1.71455,1.21048,0,1.37261,2.1168,8.8822e+06,3.61194e+06,1.52289e+07,0,0,0,0
85.139,85.139,3.27352,0.04,0,2.13872,2.64252,0,0.400638,4.47552,4.27398e+06,2.70226e+06,9.14084e+06,0,0,0,0,80.8192,79.791,3.52055,0,1,1.71455,1.21075,0,1.32466,2.1168,8.8822e+06,3.61194e+06,1.52289e+07,0,0,0,0
85.139,85.139,2.97913,0.02,0,2.13957,2.6431,0,0.400796,4.47552,4.27398e+06,2.70226e+06,9.14447e+06,0,0,0,0,80.8192,79.791,3.36949,0,1,1.71455,1.21101,0,1.32466,2.1168,8.8822e+06,3.61194e+06,1.52289e+07,0,0,0,0
85.139,85.139,2.83531,0.02,0,2.14042,2.64368,0,0.400955,4.47552,4.27398e+06,2.70226e+06,9.14809e+06,0,0,0,0,80.8192,79.791,3.42244,0,1,1.71455,1.21128,0,1.32466,2.1168,8.8822e+06,3.61194e+06,1.52289e+07,0,0,0,0
85.139,85.139,2.82076,0.02,0,2.11758,2.62058,0,0.401114,4.47552,4.27398e+06,2.70226e+06,9.05049e+06,0,0,0,0,80.8192,79.791,4.06048,0,1,1.7487,1.2457,0,1.32466,2.1168,8.8822e+06,3.61194e+06,1.55323e+07,0,0,0,0
85.139,85.139,2.65014,0.02,0,2.15258,2.62116,0,0.396835,4.47552,4.27398e+06,2.70226e+06,9.20007e+06,0,0,0,0,80.8192,79.791,4.35746,0,1,1.71455,1.24597,0,1.35105,2.1168,8.8822e+06,3.61194e+06,1.5229e+07,0,0,0,0
85.0477,85.139,2.39653,0.02,0,2.15343,2.62173,0,0.403393,4.47552,4.27398e+06,2.70226e+06,9.2037e+06,0,0,0,0,80.8192,79.791,3.91446,0,1,1.71455,1.24625,0,1.32466,2.1168,8.8822e+06,3.61194e+06,1.5229e+07,0,0,0,0
84.8792,85.139,2.27552,0.03,0,2.15428,2.62231,0,0.403552,4.47552,4.27398e+06,2.70226e+06,9.20734e+06,0,0,0,0,80.8192,79.791,3.84118,0,1,1.71455,1.24652,0,1.32466,2.1168,8.8822e+06,3.61194e+06,1.5229e+07,0,0,0,0
84.4371,85.139,2.0318,0.03,0,2.21634,2.6841,0,0.403712,4.47552,4.27398e+06,2.70226e+06,9.4726e+06,0,0,0,0,80.8192,79.791,3.51152,0,1,1.74502,1.27726,0,1.32466,2.1168,8.8822e+06,3.61194e+06,1.54996e+07,0,0,0,0
84.2023,85.139,2.28671,0.04,0,2.24767,2.68469,0,0.415343,4.47552,4.27398e+06,2.70226e+06,9.60651e+06,0,0,0,0,80.8192,79.791,3.67966,0,1,1.71456,1.27754,0,1.3482,2.1168,8.8822e+06,3.61194e+06,1.52291e+07,0,0,0,0
83.8217,85.139,2.11543,0.04,0,2.24854,2.68528,0,0.421214,4.47552,4.27398e+06,2.70226e+06,9.61023e+06,0,0,0,0,80.8192,79.791,3.6817,0,1,1.71456,1.27782,0,1.32467,2.1168,8.8822e+06,3.61194e+06,1.52291e+07,0,0,0,0
83.293,85.139,1.9606,0.04,0,2.24942,2.68587,0,0.421377,4.47552,4.27398e+06,2.70226e+06,9.61396e+06,0,0,0,0,80.8192,79.791,3.28711,0,1,1.71456,1.27811,0,1.32467,2.1168,8.8822e+06,3.61194e+06,1.52291e+07,0,0,0,0
82.6598,85.139,1.99474,0.04,0,2.42971,2.86588,0,0.421541,4.47552,4.27398e+06,2.70226e+06,1.03845e+07,0,0,0,0,80.8192,79.791,3.72639,0,1,1.82462,1.38845,0,1.32467,2.1168,8.8822e+06,3.61194e+06,1.62067e+07,0,0,0,0
81.879,85.139,1.96426,0.04,0,2.54068,2.86651,0,0.455327,4.47552,4.27398e+06,2.70226e+06,1.08588e+07,0,0,0,0,80.8192,79.791,3.39768,0,1,1.71459,1.38876,0,1.40971,2.1168,8.8822e+06,3.61194e+06,1.52293e+07,0,0,0,0
80.8282,85.139,1.72834,0.04,0,2.54162,2.86714,0,0.476124,4.47552,4.27398e+06,2.70226e+06,1.08628e+07,0,0,0,0,80.8192,79.791,3.15023,0,1,1.71459,1.38906,0,1.32469,2.1168,8.8822e+06,3.61194e+06,1.52293e+07,0,0,0,0
79.8166,85.139,1.74289,0.04,0,2.54255,2.86777,0,0.476299,4.47552,4.27398e+06,2.70226e+06,1.08668e+07,0,0,0,0,80.8192,79.791,3.41539,0,1,1.71459,1.38937,0,1.32469,2.1168,8.8822e+06,3.61194e+06,1.52293e+07,0,0,0,0
78.8237,85.139,1.75927,0.04,0,2.54349,2.8684,0,0.476474,4.47552,4.27398e+06,2.70226e+06,1.08708e+07,0,0,0,0,80.8192,79.791,3.98607,0,1,1.71459,1.38967,0,1.32469,2.1168,8.8822e+06,3.61194e+06,1.52293e+07,0,0,0,0
77.3394,85.139,1.23273,0.05,0,2.45689,2.7815,0,0.47665,4.47552,4.27398e+06,2.70226e+06,1.05007e+07,0,0,0,0,80.8192,79.791,2.51829,0,1,1.64771,1.3231,0,1.32469,2.1168,8.8822e+06,3.61194e+06,1.46353e+07,0,0,0,0
75.7136,85.139,1.0828,0.05,0,2.39093,2.78211,0,0.460421,4.47552,4.27398e+06,2.70226e+06,1.02188e+07,0,0,0,0,80.8192,79.791,2.59704,0,1,1.71457,1.32339,0,1.27302,2.1168,8.8822e+06,3.61194e+06,1.52292e+07,0,0,0,0
73.8953,85.139,0.854473,0.05,0,2.39183,2.78272,0,0.44806,4.47552,4.27398e+06,2.70226e+06,1.02226e+07,0,0,0,0,80.5858,79.791,2.02841,0,1,1.71457,1.32368,0,1.32468,2.1168,8.8822e+06,3.61194e+06,1.52292e+07,0,0,0,0
72.1636,85.139,0.947378,0.05,0,2.39273,2.78333,0,0.448229,4.47552,4.27398e+06,2.70226e+06,1.02265e+07,0,0,0,0,80.3937,79.791,1.97356,0,1,1.71457,1.32397,0,1.32468,2.1168,8.8822e+06,3.61194e+06,1.52292e+07,0,0,0,0
72.4434,85.139,2.8922,0.08,0,2.32172,2.71203,0,0.448398,4.47552,4.27398e+06,2.70226e+06,9.92298e+06,0,0,0,0,80.8192,79.791,3.85438,0,1,1.65364,1.26334,0,1.32468,2.1168,8.8822e+06,3.61194e+06,1.4688e+07,0,0,0,0
70.8253,85.139,1.06492,0.09,0,2.26168,2.71262,0,0.43509,4.47552,4.27398e+06,2.70226e+06,9.66637e+06,0,0,0,0,80.8192,79.791,2.62063,0,1,1.71456,1.26361,0,1.2776,2.1168,8.8822e+06,3.61194e+06,1.5229e+07,0,0,0,0
69.535,85.139,1.32882,0.09,0,2.26255,2.71322,0,0.423839,4.47552,4.27398e+06,2.70226e+06,9.67011e+06,0,0,0,0,80.8192,79.791,3.13677,0,1,1.71456,1.26389,0,1.32467,2.1168,8.8822e+06,3.61194e+06,1.5229e+07,0,0,0,0
72.0494,85.139,5.31425,0.08,0,2.26343,2.71382,0,0.424003,4.47552,4.27398e+06,2.70226e+06,9.67384e+06,0,0,0,0,80.8192,79.791,5.44102,0,1,1.71456,1.26417,0,1.32467,2.1168,8.8822e+06,3.61194e+06,1.5229e+07,0,0,0,0
72.297,85.139,2.85069,0.08,0,2.05988,2.50999,0,0.424167,4.47552,4.27398e+06,2.70226e+06,8.80387e+06,0,0,0,0,80.8192,79.791,4.25631,0,1,1.58755,1.13744,0,1.32467,2.1168,8.8822e+06,3.61194e+06,1.41009e+07,0,0,0,0
73.2574,85.139,3.42511,0.08,0,1.9337,2.51054,0,0.386021,4.47552,4.27398e+06,2.70226e+06,8.26458e+06,0,0,0,0,80.8192,79.791,3.61395,0,1,1.71453,1.13769,0,1.22654,2.1168,8.8822e+06,3.61194e+06,1.52288e+07,0,0,0,0
73.828,85.139,3.12453,0.08,0,1.9345,2.51109,0,0.362375,4.47552,4.27398e+06,2.70226e+06,8.26801e+06,0,0,0,0,80.8192,79.791,4.34267,0,1,1.71453,1.13794,0,1.32465,2.1168,8.8822e+06,3.61194e+06,1.52288e+07,0,0,0,0
75.2128,85.139,4.08267,0.04,0,1.9353,2.51164,0,0.362525,4.47552,4.27398e+06,2.70226e+06,8.27144e+06,0,0,0,0,80.8192,79.791,11.2646,0,1,1.71453,1.13819,0,1.32465,2.1168,8.8822e+06,3.61194e+06,1.52288e+07,0,0,0,0
75.6215,85.139,2.91191,0.03,0,1.93611,2.5122,0,0.362676,4.47552,4.27398e+06,2.70226e+06,8.27487e+06,0,0,0,0,80.8192,79.791,5.40898,0,1,1.71453,1.13844,0,1.32465,2.1168,8.8822e+06,3.61194e+06,1.52288e+07,0,0,0,0
78.8658,85.139,6.11506,0.04,0,2.01562,2.59146,0,0.362826,4.47552,4.27398e+06,2.70226e+06,8.6147e+06,0,0,0,0,80.8192,79.791,5.92927,0,1,1.75134,1.1755,0,1.32465,2.1168,8.8822e+06,3.61194e+06,1.55558e+07,0,0,0,8.67616e+07
83.8832,85.139,8.04501,0.04,0,2.05323,2.59201,0,0.377727,4.47552,4.27398e+06,2.70226e+06,8.77546e+06,0,0,0,0,80.8192,79.791,7.0298,0,1,1.71453,1.17575,0,1.35309,2.1168,8.8822e+06,3.61194e+06,1.52288e+07,0,0,0,8.67616e+07
85.139,85.139,9.93576,0.03,0,2.05403,2.59256,0,0.384775,4.47552,4.27398e+06,2.70226e+06,8.77888e+06,0,0,0,0,80.8192,79.791,7.21509,0,1,1.71453,1.176,0,1.32465,2.1168,8.8822e+06,3.61194e+06,1.52288e+07,0,0,0,8.67616e+07
85.139,85.139,7.38334,0.03,0,2.05483,2.59311,0,0.384925,4.47552,4.27398e+06,2.70226e+06,8.78229e+06,0,0,0,0,80.8192,79.791,6.84195,0,1,1.71453,1.17625,0,1.32465,2.1168,8.8822e+06,3.61194e+06,1.52288e+07,0,0,0,8.67616e+07
85.139,85.139,8.70915,0.04,0,2.30861,2.84664,0,0.385075,4.47552,4.27398e+06,2.70226e+06,9.86694e+06,0,0,0,0,80.8192,79.791,7.29462,0,1,1.85286,1.31483,0,1.32465,2.1168,8.8822e+06,3.61194e+06,1.64575e+07,0,0,0,8.67616e+07
85.139,85.139,6.78538,0.04,0,2.44779,2.84724,0,0.432633,4.47552,4.27398e+06,2.70226e+06,1.04618e+07,0,0,0,0,80.8192,79.791,4.88954,0,1,1.71456,1.31511,0,1.43152,2.1168,8.8822e+06,3.61194e+06,1.5229e+07,0,0,0,8.67616e+07
85.139,85.139,7.73831,0.04,0,2.44868,2.84784,0,0.458716,4.47552,4.27398e+06,2.70226e+06,1.04656e+07,0,0,0,0,80.8192,79.791,5.56831,0,1,1.71456,1.31539,0,1.32467,2.1168,8.8822e+06,3.61194e+06,1.5229e+07,0,0,0,8.67616e+07
85.139,85.139,9.0809,0.05,0,2.44956,2.84845,0,0.458882,4.47552,4.27398e+06,2.70226e+06,1.04694e+07,0,0,0,0,80.8192,79.791,5.49055,0,1,1.71456,1.31567,0,1.32467,2.1168,8.8822e+06,3.61194e+06,1.5229e+07,0,0,0,8.67616e+07
85.139,85.139,8.17225,0.07,0,2.08931,2.48792,0,0.459047,4.47552,4.27398e+06,2.70226e+06,8.92965e+06,0,0,0,0,80.8192,79.791,6.94465,0,1,1.52876,1.13015,0,1.32467,2.1168,8.8822e+06,3.61194e+06,1.35787e+07,0,0,0,8.67616e+07
85.139,85.139,7.8539,0.07,0,1.90431,2.48844,0,0.391536,4.47552,4.27398e+06,2.70226e+06,8.13899e+06,0,0,0,0,80.8192,79.791,8.40018,0,1,1.71452,1.13039,0,1.18112,2.1168,8.8822e+06,3.61194e+06,1.52287e+07,0,0,0,8.67616e+07
85.139,85.139,5.4845,0.07,0,1.90508,2.48897,0,0.356868,4.47552,4.27398e+06,2.70226e+06,8.14227e+06,0,0,0,0,80.8192,79.791,7.64713,0,1,1.71452,1.13063,0,1.32464,2.1168,8.8822e+06,3.61194e+06,1.52287e+07,0,0,0,8.67616e+07
85.139,85.139,7.40006,0.07,0,1.90585,2.4895,0,0.357012,4.47552,4.27398e+06,2.70226e+06,8.14555e+06,0,0,0,0,80.8192,79.791,7.42449,0,1,1.71452,1.13087,0,1.32464,2.1168,8.8822e+06,3.61194e+06,1.52287e+07,0,0,0,8.67616e+07
85.139,85.139,6.27851,0.07,0,1.90662,2.49003,0,0.357156,4.47552,4.27398e+06,2.70226e+06,8.14884e+06,0,0,0,0,80.8192,79.791,8.76448,0,1,1.71452,1.13111,0,1.32464,2.1168,8.8822e+06,3.61194e+06,1.52287e+07,0,0,0,8.67616e+07
85.139,85.139,11.1379,0.07,0,1.99838,2.58156,0,0.3573,4.47552,4.27398e+06,2.70226e+06,8.54105e+06,0,0,0,0,80.8192,79.791,7.88413,0,1,1.76002,1.17685,0,1.32464,2.1168,8.8822e+06,3.61194e+06,1.56329e+07,0,0,0,8.67616e+07
85.139,85.139,8.1723,0.07,0,2.04467,2.5821,0,0.374497,4.47552,4.27398e+06,2.70226e+06,8.73889e+06,0,0,0,0,80.8192,79.791,5.82794,0,1,1.71453,1.1771,0,1.35979,2.1168,8.8822e+06,3.61194e+06,1.52288e+07,0,0,0,8.67616e+07
85.139,85.139,6.75934,0.07,0,2.04547,2.58265,0,0.383172,4.47552,4.27398e+06,2.70226e+06,8.7423e+06,0,0,0,0,80.8192,79.791,5.31025,0,1,1.71453,1.17735,0,1.32465,2.1168,8.8822e+06,3.61194e+06,1.52288e+07,0,0,0,8.67616e+07
85.139,85.139,5.95706,0.07,0,2.04627,2.5832,0,0.383321,4.47552,4.27398e+06,2.70226e+06,8.74571e+06,0,0,0,0,80.8192,79.791,4.88491,0,1,1.71453,1.1776,0,1.32465,2.1168,8.8822e+06,3.61194e+06,1.52288e+07,0,0,0,8.67616e+07
85.139,85.139,6.135,0.07,0,2.01146,2.54814,0,0.383471,4.47552,4.27398e+06,2.70226e+06,8.59692e+06,0,0,0,0,80.8192,79.791,4.21358,0,1,1.69684,1.16016,0,1.32465,2.1168,8.8822e+06,3.61194e+06,1.50717e+07,0,0,0,8.67616e+07
85.139,85.139,4.89735,0.07,0,1.99456,2.54868,0,0.376947,4.47552,4.27398e+06,2.70226e+06,8.5247e+06,0,0,0,0,80.8192,79.791,2.76115,0,1,1.71453,1.16041,0,1.31098,2.1168,8.8822e+06,3.61194e+06,1.52288e+07,0,0,0,8.67616e+07
85.139,85.139,4.6383,0.06,0,1.99535,2.54922,0,0.37378,4.47552,4.27398e+06,2.70226e+06,8.52806e+06,0,0,0,0,80.8192,79.791,2.6539,0,1,1.71453,1.16065,0,1.32464,2.1168,8.8822e+06,3.61194e+06,1.52288e+07,0,0,0,8.67616e+07
85.139,85.139,4.34595,0.05,0,1.99613,2.54976,0,0.373928,4.47552,4.27398e+06,2.70226e+06,8.53142e+06,0,0,0,0,80.8192,79.791,3.13955,0,1,1.71453,1.1609,0,1.32464,2.1168,8.8822e+06,3.61194e+06,1.52288e+07,0,0,0,8.67616e+07
85.139,85.139,4.04814,0.05,0,2.1179,2.67128,0,0.374075,4.47552,4.27398e+06,2.70226e+06,9.05185e+06,0,0,0,0,80.8192,79.791,2.78365,0,1,1.7773,1.22392,0,1.32464,2.1168,8.8822e+06,3.61194e+06,1.57864e+07,0,0,0,8.67616e+07
85.139,85.139,3.85752,0.04,0,2.18149,2.67185,0,0.396894,4.47552,4.27398e+06,2.70226e+06,9.32363e+06,0,0,0,0,80.7724,79.791,2.47764,0,1,1.71454,1.22418,0,1.37315,2.1168,8.8822e+06,3.61194e+06,1.52289e+07,0,0,0,8.67616e+07
85.139,85.139,3.62709,0.04,0,2.18232,2.67241,0,0.408811,4.47552,4.27398e+06,2.70226e+06,9.32717e+06,0,0,0,0,80.7596,79.791,2.24776,0,1,1.71454,1.22444,0,1.32465,2.1168,8.8822e+06,3.61194e+06,1.52289e+07,0,0,0,8.67616e+07
85.139,85.139,3.56288,0.04,0,2.18314,2.67298,0,0.408966,4.47552,4.27398e+06,2.70226e+06,9.3307e+06,0,0,0,0,80.7631,79.791,2.26542,0,1,1.71454,1.2247,0,1.32465,2.1168,8.8822e+06,3.61194e+06,1.52289e+07,0,0,0,8.67616e+07
85.139,85.139,3.19529,0.02,0,2.18397,2.67355,0,0.409121,4.47552,4.27398e+06,2.70226e+06,9.33423e+06,0,0,0,0,80.7357,79.791,2.27947,0,1,1.71454,1.22496,0,1.32465,2.1168,8.8822e+06,3.61194e+06,1.52289e+07,0,0,0,8.67616e+07
85.139,85.139,2.56445,0.02,0,2.16085,2.65016,0,0.409276,4.47552,4.27398e+06,2.70226e+06,9.23541e+06,0,0,0,0,80.6291,79.791,2.17358,0,1,1.74908,1.25976,0,1.32465,2.1168,8.8822e+06,3.61194e+06,1.55357e+07,0,0,0,8.67616e+07
84.7619,85.139,2.09622,0.03,0,2.19621,2.65073,0,0.404942,4.47552,4.27398e+06,2.70226e+06,9.38654e+06,0,0,0,0,80.4253,79.791,2.05167,0,1,1.71455,1.26003,0,1.35134,2.1168,8.8822e+06,3.61194e+06,1.52289e+07,0,0,0,8.67616e+07
84.2752,85.139,1.95465,0.04,0,2.19704,2.65129,0,0.411569,4.47552,4.27398e+06,2.70226e+06,9.39009e+06,0,0,0,0,80.178,79.791,1.96034,0,1,1.71455,1.2603,0,1.32466,2.1168,8.8822e+06,3.61194e+06,1.52289e+07,0,0,0,8.67616e+07
83.5826,85.139,1.7275,0.04,0,2.19787,2.65185,0,0.411725,4.47552,4.27398e+06,2.70226e+06,9.39364e+06,0,0,0,0,79.9349,79.791,1.92634,0,1,1.71455,1.26056,0,1.32466,2.1168,8.8822e+06,3.61194e+06,1.52289e+07,0,0,0,8.67616e+07
82.8885,85.139,1.76842,0.04,0,2.2606,2.71431,0,0.41188,4.47552,4.27398e+06,2.70226e+06,9.66175e+06,0,0,0,0,79.6702,79.791,1.99148,0,1,1.74536,1.29164,0,1.32466,2.1168,8.8822e+06,3.61194e+06,1.55026e+07,0,0,0,8.67616e+07
82.3944,85.139,1.98218,0.04,0,2.29225,2.71489,0,0.423636,4.47552,4.27398e+06,2.70226e+06,9.79703e+06,0,0,0,0,79.5114,79.791,2.12052,0,1,1.71455,1.29192,0,1.34846,2.1168,8.8822e+06,3.61194e+06,1.5229e+07,0,0,0,8.67616e+07
81.7436,85.139,1.81649,0.04,0,2.2931,2.71547,0,0.429568,4.47552,4.27398e+06,2.70226e+06,9.80067e+06,0,0,0,0,79.2312,79.791,2.0577,0,1,1.71455,1.29219,0,1.32466,2.1168,8.8822e+06,3.61194e+06,1.5229e+07,0,0,0,8.67616e+07
80.9347,85.139,1.649,0.04,0,2.29395,2.71604,0,0.429727,4.47552,4.27398e+06,2.70226e+06,9.8043e+06,0,0,0,0,78.9246,79.791,1.88779,0,1,1.71455,1.29246,0,1.32466,2.1168,8.8822e+06,3.61194e+06,1.5229e+07,0,0,0,8.67616e+07
79.7975,85.139,1.45073,0.04,0,2.47623,2.89805,0,0.429887,4.47552,4.27398e+06,2.70226e+06,1.05834e+07,0,0,0,0,78.6275,79.791,1.86609,0,1,1.82585,1.40404,0,1.32466,2.1168,8.8822e+06,3.61194e+06,1.62176e+07,0,0,0,8.67616e+07
78.2984,85.139,1.16499,0.04,0,2.58842,2.89867,0,0.464046,4.47552,4.27398e+06,2.70226e+06,1.10629e+07,0,0,0,0,78.356,79.791,1.95666,0,1,1.71458,1.40433,0,1.41065,2.1168,8.8822e+06,3.61194e+06,1.52292e+07,0,0,0,8.67616e+07
76.6673,85.139,1.00997,0.04,0,2.58934,2.89928,0,0.48507,4.47552,4.27398e+06,2.70226e+06,1.10668e+07,0,0,0,0,78.0126,79.791,1.87351,0,1,1.71458,1.40463,0,1.32468,2.1168,8.8822e+06,3.61194e+06,1.52292e+07,0,0,0,8.67616e+07
75.1249,85.139,1.08644,0.04,0,2.59025,2.8999,0,0.485241,4.47552,4.27398e+06,2.70226e+06,1.10707e+07,0,0,0,0,77.6768,79.791,1.89608,0,1,1.71458,1.40493,0,1.32468,2.1168,8.8822e+06,3.61194e+06,1.52292e+07,0,0,0,8.67616e+07
74.1264,85.139,1.68354,0.05,0,2.59116,2.90051,0,0.485413,4.47552,4.27398e+06,2.70226e+06,1.10746e+07,0,0,0,0,77.4512,79.791,2.25751,0,1,1.71458,1.40523,0,1.32468,2.1168,8.8822e+06,3.61194e+06,1.52292e+07,0,0,0,8.67616e+07
73.8315,85.139,2.30287,0.05,0,2.50356,2.81261,0,0.485584,4.47552,4.27398e+06,2.70226e+06,1.07002e+07,0,0,0,0,77.4201,79.791,2.6225,0,1,1.64695,1.3379,0,1.32468,2.1168,8.8822e+06,3.61194e+06,1.46286e+07,0,0,0,8.67616e+07
73.0528,85.139,1.77389,0.05,0,2.43683,2.81321,0,0.469167,4.47552,4.27398e+06,2.70226e+06,1.04149e+07,0,0,0,0,77.2257,79.791,2.53998,0,1,1.71456,1.33818,0,1.27244,2.1168,8.8822e+06,3.61194e+06,1.52291e+07,0,0,0,8.67616e+07
72.3711,85.139,1.94129,0.07,0,2.43771,2.8138,0,0.456661,4.47552,4.27398e+06,2.70226e+06,1.04187e+07,0,0,0,0,77.289,79.791,3.22101,0,1,1.71456,1.33847,0,1.32467,2.1168,8.8822e+06,3.61194e+06,1.52291e+07,0,0,0,8.67616e+07
71.5738,85.139,1.84725,0.08,0,2.43859,2.8144,0,0.456826,4.47552,4.27398e+06,2.70226e+06,1.04225e+07,0,0,0,0,77.4134,79.791,3.32608,0,1,1.71456,1.33875,0,1.32467,2.1168,8.8822e+06,3.61194e+06,1.52291e+07,0,0,0,8.67616e+07
71.0353,85.139,2.1054,0.08,0,2.36675,2.74228,0,0.456992,4.47552,4.27398e+06,2.70226e+06,1.01154e+07,0,0,0,0,77.6954,79.791,3.76557,0,1,1.65296,1.27743,0,1.32467,2.1168,8.8822e+06,3.61194e+06,1.46819e+07,0,0,0,8.67616e+07
69.9753,85.139,1.48437,0.08,0,2.30601,2.74286,0,0.443529,4.47552,4.27398e+06,2.70226e+06,9.85583e+06,0,0,0,0,77.4028,79.791,2.97085,0,1,1.71455,1.2777,0,1.27707,2.1168,8.8822e+06,3.61194e+06,1.5229e+07,0,0,0,8.67616e+07
68.8528,85.139,1.4055,0.08,0,2.30686,2.74344,0,0.432146,4.47552,4.27398e+06,2.70226e+06,9.85948e+06,0,0,0,0,77.1384,79.791,1.79029,0,1,1.71455,1.27797,0,1.32466,2.1168,8.8822e+06,3.61194e+06,1.5229e+07,0,0,0,8.67616e+07
69.1171,85.139,2.83467,0.09,0,2.30772,2.74403,0,0.432306,4.47552,4.27398e+06,2.70226e+06,9.86312e+06,0,0,0,0,77.3788,79.791,4.09492,0,1,1.71455,1.27824,0,1.32466,2.1168,8.8822e+06,3.61194e+06,1.5229e+07,0,0,0,8.67616e+07
72.2293,85.139,5.63868,0.09,0,2.10187,2.53791,0,0.432466,4.47552,4.27398e+06,2.70226e+06,8.98334e+06,0,0,0,0,78.6425,79.791,8.47223,0,1,1.58613,1.15009,0,1.32466,2.1168,8.8822e+06,3.61194e+06,1.40883e+07,0,0,0,8.67616e+07
74.7384,85.139,4.94601,0.09,0,1.97426,2.53845,0,0.39389,4.47552,4.27398e+06,2.70226e+06,8.43792e+06,0,0,0,0,79.8583,79.791,7.27319,0,1,1.71452,1.15033,0,1.22544,2.1168,8.8822e+06,3.61194e+06,1.52287e+07,0,0,0,8.67616e+07
75.6818,85.139,3.41614,0.04,0,1.97504,2.53898,0,0.369976,4.47552,4.27398e+06,2.70226e+06,8.44127e+06,0,0,0,0,80.8192,79.791,6.70902,0,1,1.71452,1.15058,0,1.32464,2.1168,8.8822e+06,3.61194e+06,1.52287e+07,0,0,0,8.67616e+07
76.7434,85.139,3.54626,0.06,0,1.97582,2.53952,0,0.370122,4.47552,4.27398e+06,2.70226e+06,8.44462e+06,0,0,0,0,80.8192,79.791,6.30542,0,1,1.71452,1.15082,0,1.32464,2.1168,8.8822e+06,3.61194e+06,1.52287e+07,0,0,0,8.67616e+07
77.2845,85.139,3.05318,0.06,0,1.9766,2.54006,0,0.370269,4.47552,4.27398e+06,2.70226e+06,8.44796e+06,0,0,0,0,80.8192,79.791,5.83914,0,1,1.71452,1.15107,0,1.32464,2.1168,8.8822e+06,3.61194e+06,1.52287e+07,0,0,0,8.67616e+07
78.4785,85.139,3.75057,0.05,0,2.05697,2.62018,0,0.370416,4.47552,4.27398e+06,2.70226e+06,8.79144e+06,0,0,0,0,80.8192,79.791,5.01556,0,1,1.75175,1.18853,0,1.32464,2.1168,8.8822e+06,3.61194e+06,1.55594e+07,0,0,0,8.67616e+07
81.7462,85.139,6.11262,0.04,0,2.09497,2.62072,0,0.385476,4.47552,4.27398e+06,2.70226e+06,8.95386e+06,0,0,0,0,80.8192,79.791,6.49217,0,1,1.71452,1.18878,0,1.3534,2.1168,8.8822e+06,3.61194e+06,1.52287e+07,0,0,0,8.67616e+07
85.139,85.139,10.254,0.04,0,2.09575,2.62125,0,0.392597,4.47552,4.27398e+06,2.70226e+06,8.95718e+06,0,0,0,0,80.8192,79.791,11.1619,0,1,1.71452,1.18902,0,1.32464,2.1168,8.8822e+06,3.61194e+06,1.52287e+07,0,0,0,8.67616e+07
85.139,85.139,12.2883,0.04,0,2.09653,2.62179,0,0.392743,4.47552,4.27398e+06,2.70226e+06,8.96051e+06,0,0,0,0,80.8192,79.791,10.0717,0,1,1.71452,1.18926,0,1.32464,2.1168,8.8822e+06,3.61194e+06,1.52287e+07,0,0,0,8.67616e+07
85.139,85.139,14.2066,0.05,0,2.35308,2.8781,0,0.392889,4.47552,4.27398e+06,2.70226e+06,1.0057e+07,0,0,0,0,80.8192,79.791,9.29023,0,1,1.85438,1.32937,0,1.32464,2.1168,8.8822e+06,3.61194e+06,1.6471e+07,0,0,0,8.67616e+07
85.139,85.139,9.59563,0.05,0,2.49377,2.87869,0,0.440968,4.47552,4.27398e+06,2.70226e+06,1.06583e+07,0,0,0,0,80.8192,79.791,7.5372,0,1,1.71455,1.32964,0,1.4327,2.1168,8.8822e+06,3.61194e+06,1.5229e+07,0,0,0,8.67616e+07
85.139,85.139,10.2148,0.06,0,2.49463,2.87928,0,0.467333,4.47552,4.27398e+06,2.70226e+06,1.0662e+07,0,0,0,0,80.8192,79.791,9.40062,0,1,1.71455,1.32991,0,1.32466,2.1168,8.8822e+06,3.61194e+06,1.5229e+07,0,0,0,8.67616e+07
85.139,85.139,9.83859,0.06,0,2.49549,2.87987,0,0.467494,4.47552,4.27398e+06,2.70226e+06,1.06657e+07,0,0,0,0,80.8192,79.791,10.5358,0,1,1.71455,1.33018,0,1.32466,2.1168,8.8822e+06,3.61194e+06,1.5229e+07,0,0,0,8.67616e+07
85.139,85.139,8.98607,0.06,0,2.13124,2.51534,0,0.467656,4.47552,4.27398e+06,2.70226e+06,9.10887e+06,0,0,0,0,80.8192,79.791,8.75256,0,1,1.5267,1.1426,0,1.32466,2.1168,8.8822e+06,3.61194e+06,1.35605e+07,0,0,0,8.67616e+07
85.139,85.139,5.32649,0.06,0,1.94418,2.51585,0,0.399394,4.47552,4.27398e+06,2.70226e+06,8.30937e+06,0,0,0,0,80.8192,79.791,5.32633,0,1,1.71451,1.14284,0,1.17953,2.1168,8.8822e+06,3.61194e+06,1.52286e+07,0,0,0,8.67616e+07
85.139,85.139,6.62549,0.06,0,1.94493,2.51637,0,0.364339,4.47552,4.27398e+06,2.70226e+06,8.31257e+06,0,0,0,0,80.8192,79.791,5.86528,0,1,1.71451,1.14307,0,1.32463,2.1168,8.8822e+06,3.61194e+06,1.52286e+07,0,0,0,8.67616e+07
85.139,85.139,5.94395,0.06,0,1.94567,2.51688,0,0.364479,4.47552,4.27398e+06,2.70226e+06,8.31576e+06,0,0,0,0,80.8192,79.791,4.31141,0,1,1.71451,1.14331,0,1.32463,2.1168,8.8822e+06,3.61194e+06,1.52286e+07,0,0,0,8.67616e+07
85.139,85.139,5.60317,0.06,0,1.94642,2.5174,0,0.364619,4.47552,4.27398e+06,2.70226e+06,8.31896e+06,0,0,0,0,80.8192,79.791,5.18645,0,1,1.71451,1.14354,0,1.32463,2.1168,8.8822e+06,3.61194e+06,1.52286e+07,0,0,0,8.67616e+07
85.139,85.139,4.90465,0.06,0,2.03917,2.60991,0,0.364759,4.47552,4.27398e+06,2.70226e+06,8.71536e+06,0,0,0,0,80.8192,79.791,5.40569,0,1,1.76052,1.18977,0,1.32463,2.1168,8.8822e+06,3.61194e+06,1.56372e+07,0,0,0,8.67616e+07
85.139,85.139,4.49454,0.06,0,2.08594,2.61044,0,0.38214,4.47552,4.27398e+06,2.70226e+06,8.91525e+06,0,0,0,0,80.8192,79.791,5.05742,0,1,1.71452,1.19002,0,1.36017,2.1168,8.8822e+06,3.61194e+06,1.52287e+07,0,0,0,8.67616e+07
85.139,85.139,4.99573,0.06,0,2.08671,2.61098,0,0.390905,4.47552,4.27398e+06,2.70226e+06,8.91857e+06,0,0,0,0,80.8192,79.791,6.07073,0,1,1.71452,1.19026,0,1.32464,2.1168,8.8822e+06,3.61194e+06,1.52287e+07,0,0,0,8.67616e+07
85.139,85.139,6.08091,0.06,0,2.08749,2.61151,0,0.39105,4.47552,4.27398e+06,2.70226e+06,8.92189e+06,0,0,0,0,80.8192,79.791,7.61763,0,1,1.71452,1.1905,0,1.32464,2.1168,8.8822e+06,3.61194e+06,1.52287e+07,0,0,0,8.67616e+07
85.139,85.139,6.48739,0.06,0,2.05227,2.57604,0,0.391196,4.47552,4.27398e+06,2.70226e+06,8.77135e+06,0,0,0,0,80.8192,79.791,7.60352,0,1,1.69664,1.17287,0,1.32464,2.1168,8.8822e+06,3.61194e+06,1.50699e+07,0,0,0,8.67616e+07
85.139,85.139,4.88107,0.06,0,2.03516,2.57657,0,0.384595,4.47552,4.27398e+06,2.70226e+06,8.69822e+06,0,0,0,0,80.8192,79.791,6.06239,0,1,1.71452,1.17311,0,1.31083,2.1168,8.8822e+06,3.61194e+06,1.52287e+07,0,0,0,8.67616e+07
85.139,85.139,4.25522,0.06,0,2.03592,2.5771,0,0.381388,4.47552,4.27398e+06,2.70226e+06,8.70149e+06,0,0,0,0,80.8192,79.791,5.55123,0,1,1.71452,1.17335,0,1.32464,2.1168,8.8822e+06,3.61194e+06,1.52287e+07,0,0,0,8.67616e+07
85.139,85.139,3.80195,0.06,0,2.03669,2.57762,0,0.381532,4.47552,4.27398e+06,2.70226e+06,8.70477e+06,0,0,0,0,80.8192,79.791,4.8785,0,1,1.71452,1.17359,0,1.32464,2.1168,8.8822e+06,3.61194e+06,1.52287e+07,0,0,0,8.67616e+07
85.139,85.139,3.52163,0.05,0,2.15976,2.70045,0,0.381676,4.47552,4.27398e+06,2.70226e+06,9.23075e+06,0,0,0,0,80.8192,79.791,4.58566,0,1,1.77798,1.23729,0,1.32464,2.1168,8.8822e+06,3.61194e+06,1.57924e+07,0,0,0,8.67616e+07
85.139,85.139,3.43463,0.05,0,2.22401,2.701,0,0.404739,4.47552,4.27398e+06,2.70226e+06,9.50538e+06,0,0,0,0,80.8192,79.791,4.40558,0,1,1.71453,1.23754,0,1.37367,2.1168,8.8822e+06,3.61194e+06,1.52288e+07,0,0,0,8.67616e+07
85.139,85.139,3.34168,0.04,0,2.22482,2.70156,0,0.41678,4.47552,4.27398e+06,2.70226e+06,9.50882e+06,0,0,0,0,80.8192,79.791,4.03689,0,1,1.71453,1.2378,0,1.32465,2.1168,8.8822e+06,3.61194e+06,1.52288e+07,0,0,0,8.67616e+07
85.139,85.139,3.0473,0.04,0,2.22562,2.70211,0,0.416931,4.47552,4.27398e+06,2.70226e+06,9.51226e+06,0,0,0,0,80.8192,79.791,3.4045,0,1,1.71453,1.23805,0,1.32465,2.1168,8.8822e+06,3.61194e+06,1.52288e+07,0,0,0,8.67616e+07
85.139,85.139,2.69439,0.02,0,2.22643,2.70266,0,0.417082,4.47552,4.27398e+06,2.70226e+06,9.51571e+06,0,0,0,0,80.8192,79.791,3.03563,0,1,1.71453,1.2383,0,1.32465,2.1168,8.8822e+06,3.61194e+06,1.52288e+07,0,0,0,8.67616e+07
85.139,85.139,2.67221,0.02,0,2.20302,2.679,0,0.417233,4.47552,4.27398e+06,2.70226e+06,9.41567e+06,0,0,0,0,80.8192,79.791,3.64538,0,1,1.74945,1.27347,0,1.32465,2.1168,8.8822e+06,3.61194e+06,1.5539e+07,0,0,0,8.67616e+07
85.139,85.139,2.80986,0.02,0,2.23874,2.67955,0,0.412847,4.47552,4.27398e+06,2.70226e+06,9.56833e+06,0,0,0,0,80.8192,79.791,4.43238,0,1,1.71454,1.27373,0,1.35162,2.1168,8.8822e+06,3.61194e+06,1.52289e+07,0,0,0,8.67616e+07
85.139,85.139,2.66334,0.02,0,2.23955,2.6801,0,0.41954,4.47552,4.27398e+06,2.70226e+06,9.57178e+06,0,0,0,0,80.8192,79.791,4.25529,0,1,1.71454,1.27399,0,1.32465,2.1168,8.8822e+06,3.61194e+06,1.52289e+07,0,0,0,8.67616e+07
85.0593,85.139,2.46957,0.02,0,2.24036,2.68065,0,0.419691,4.47552,4.27398e+06,2.70226e+06,9.57524e+06,0,0,0,0,80.8192,79.791,3.95158,0,1,1.71454,1.27425,0,1.32465,2.1168,8.8822e+06,3.61194e+06,1.52289e+07,0,0,0,8.67616e+07
84.815,85.139,2.34919,0.02,0,2.30374,2.74377,0,0.419843,4.47552,4.27398e+06,2.70226e+06,9.84613e+06,0,0,0,0,80.8192,79.791,3.7307,0,1,1.74568,1.30566,0,1.32465,2.1168,8.8822e+06,3.61194e+06,1.55055e+07,0,0,0,8.67616e+07
84.6824,85.139,2.45159,0.02,0,2.3357,2.74433,0,0.431721,4.47552,4.27398e+06,2.70226e+06,9.98275e+06,0,0,0,0,80.8192,79.791,3.80402,0,1,1.71455,1.30592,0,1.34872,2.1168,8.8822e+06,3.61194e+06,1.52289e+07,0,0,0,8.67616e+07
84.5707,85.139,2.51584,0.02,0,2.33653,2.74489,0,0.437711,4.47552,4.27398e+06,2.70226e+06,9.98629e+06,0,0,0,0,80.8192,79.791,3.99796,0,1,1.71455,1.30619,0,1.32466,2.1168,8.8822e+06,3.61194e+06,1.52289e+07,0,0,0,8.67616e+07
84.3117,85.139,2.32837,0.02,0,2.33736,2.74545,0,0.437866,4.47552,4.27398e+06,2.70226e+06,9.98983e+06,0,0,0,0,80.8192,79.791,3.82933,0,1,1.71455,1.30646,0,1.32466,2.1168,8.8822e+06,3.61194e+06,1.52289e+07,0,0,0,8.67616e+07
83.7041,85.139,2.12007,0.02,0,2.52158,2.92941,0,0.438021,4.47552,4.27398e+06,2.70226e+06,1.07772e+07,0,0,0,0,80.8192,79.791,3.39811,0,1,1.82705,1.41923,0,1.32466,2.1168,8.8822e+06,3.61194e+06,1.62282e+07,0,0,0,8.67616e+07
83.1603,85.139,2.25358,0.02,0,2.63495,2.93001,0,0.472545,4.47552,4.27398e+06,2.70226e+06,1.12617e+07,0,0,0,0,80.8192,79.791,4.20771,0,1,1.71457,1.41952,0,1.41158,2.1168,8.8822e+06,3.61194e+06,1.52291e+07,0,0,0,8.67616e+07
82.6127,85.139,2.24716,0.02,0,2.63584,2.9306,0,0.49379,4.47552,4.27398e+06,2.70226e+06,1.12655e+07,0,0,0,0,80.8192,79.791,4.07694,0,1,1.71457,1.41981,0,1.32468,2.1168,8.8822e+06,3.61194e+06,1.52291e+07,0,0,0,8.67616e+07
81.6498,85.139,1.85321,0.02,0,2.63673,2.9312,0,0.493957,4.47552,4.27398e+06,2.70226e+06,1.12693e+07,0,0,0,0,80.8192,79.791,3.25693,0,1,1.71457,1.4201,0,1.32468,2.1168,8.8822e+06,3.61194e+06,1.52291e+07,0,0,0,8.67616e+07
81.0039,85.139,2.14328,0.02,0,2.63762,2.9318,0,0.494123,4.47552,4.27398e+06,2.70226e+06,1.12731e+07,0,0,0,0,80.8192,79.791,4.88896,0,1,1.71457,1.42039,0,1.32468,2.1168,8.8822e+06,3.61194e+06,1.52292e+07,0,0,0,8.67616e+07
79.8987,85.139,1.59515,0.02,0,2.54904,2.84293,0,0.49429,4.47552,4.27398e+06,2.70226e+06,1.08945e+07,0,0,0,0,80.8192,79.791,3.33953,0,1,1.64622,1.35232,0,1.32468,2.1168,8.8822e+06,3.61194e+06,1.4622e+07,0,0,0,8.67616e+07
79.3905,85.139,2.11493,0.02,0,2.48156,2.84351,0,0.47769,4.47552,4.27398e+06,2.70226e+06,1.06061e+07,0,0,0,0,80.8192,79.791,3.59421,0,1,1.71456,1.3526,0,1.27187,2.1168,8.8822e+06,3.61194e+06,1.5229e+07,0,0,0,8.67616e+07
77.8644,85.139,1.09565,0.05,0,2.48241,2.84409,0,0.465044,4.47552,4.27398e+06,2.70226e+06,1.06098e+07,0,0,0,0,80.5521,79.791,2.17236,0,1,1.71456,1.35288,0,1.32467,2.1168,8.8822e+06,3.61194e+06,1.5229e+07,0,0,0,8.67616e+07
76.3741,85.139,1.08471,0.05,0,2.48327,2.84468,0,0.465205,4.47552,4.27398e+06,2.70226e+06,1.06135e+07,0,0,0,0,80.3877,79.791,1.99012,0,1,1.71456,1.35315,0,1.32467,2.1168,8.8822e+06,3.61194e+06,1.5229e+07,0,0,0,8.67616e+07
76.6648,85.139,2.94586,0.05,0,2.41063,2.77176,0,0.465365,4.47552,4.27398e+06,2.70226e+06,1.0303e+07,0,0,0,0,80.8192,79.791,4.74352,0,1,1.65229,1.29116,0,1.32467,2.1168,8.8822e+06,3.61194e+06,1.46759e+07,0,0,0,8.67616e+07
75.6891,85.139,1.73947,0.05,0,2.3492,2.77232,0,0.451752,4.47552,4.27398e+06,2.70226e+06,1.00404e+07,0,0,0,0,80.8192,79.791,4.26188,0,1,1.71454,1.29142,0,1.27656,2.1168,8.8822e+06,3.61194e+06,1.52289e+07,0,0,0,8.67616e+07
74.232,85.139,1.2345,0.05,0,2.35003,2.77289,0,0.440241,4.47552,4.27398e+06,2.70226e+06,1.0044e+07,0,0,0,0,80.8192,79.791,3.73454,0,1,1.71454,1.29169,0,1.32466,2.1168,8.8822e+06,3.61194e+06,1.52289e+07,0,0,0,8.67616e+07
74.4276,85.139,2.85662,0.05,0,2.35087,2.77346,0,0.440396,4.47552,4.27398e+06,2.70226e+06,1.00475e+07,0,0,0,0,80.8192,79.791,5.60544,0,1,1.71454,1.29195,0,1.32466,2.1168,8.8822e+06,3.61194e+06,1.52289e+07,0,0,0,8.67616e+07
77.6615,85.139,5.99584,0.04,0,2.14278,2.56511,0,0.440552,4.47552,4.27398e+06,2.70226e+06,9.1582e+06,0,0,0,0,80.8192,79.791,8.86012,0,1,1.58475,1.16242,0,1.32466,2.1168,8.8822e+06,3.61194e+06,1.4076e+07,0,0,0,8.67616e+07
79.4394,85.139,4.3273,0.04,0,2.01377,2.56563,0,0.401557,4.47552,4.27398e+06,2.70226e+06,8.60681e+06,0,0,0,0,80.8192,79.791,5.87938,0,1,1.71452,1.16265,0,1.22437,2.1168,8.8822e+06,3.61194e+06,1.52287e+07,0,0,0,8.67616e+07
80.4277,85.139,3.56111,0.04,0,2.01453,2.56616,0,0.377381,4.47552,4.27398e+06,2.70226e+06,8.61007e+06,0,0,0,0,80.8192,79.791,5.74995,0,1,1.71452,1.16289,0,1.32464,2.1168,8.8822e+06,3.61194e+06,1.52287e+07,0,0,0,8.67616e+07
81.5907,85.139,3.70319,0.03,0,2.0153,2.56668,0,0.377524,4.47552,4.27398e+06,2.70226e+06,8.61333e+06,0,0,0,0,80.8192,79.791,5.09817,0,1,1.71452,1.16313,0,1.32464,2.1168,8.8822e+06,3.61194e+06,1.52287e+07,0,0,0,8.67616e+07
83.0888,85.139,4.11057,0.03,0,2.01606,2.56721,0,0.377666,4.47552,4.27398e+06,2.70226e+06,8.61659e+06,0,0,0,0,80.8192,79.791,6.52032,0,1,1.71452,1.16337,0,1.32464,2.1168,8.8822e+06,3.61194e+06,1.52287e+07,0,0,0,8.67616e+07
85.139,85.139,7.82494,0.04,0,2.0163,2.56721,0,0.377809,4.47552,4.27398e+06,2.70226e+06,8.61761e+06,0,0,0,0,80.8192,79.791,11.0595,0,1,1.71428,1.16337,0,1.32464,2.1168,8.8822e+06,3.61194e+06,1.52266e+07,0,0,0,8.67616e+07
85.139,85.139,2.79198,0.03,0.02,1.37754,2.64816,0,0.377854,4.47552,4.27398e+06,2.70226e+06,5.88758e+06,0,0,0,0,80.5773,79.791,2.76032,0,1,2.47185,1.20123,0,1.32445,2.96352,8.8822e+06,3.61194e+06,2.19555e+07,0,0,0,8.67616e+07
85.139,85.139,3.87584,0.03,0.02,1.41592,2.64868,0,0.258151,4.47552,4.27398e+06,2.70226e+06,6.0516e+06,0,0,0,0,80.7624,79.791,3.7884,0,1,2.43423,1.20146,0,1.90975,2.96352,8.8822e+06,3.61194e+06,2.16213e+07,0,0,0,8.67616e+07
85.139,85.139,2.89152,0.04,0.02,1.41668,2.64921,0,0.265343,4.47552,4.27398e+06,2.70226e+06,6.05484e+06,0,0,0,0,80.8192,79.791,4.22355,0,1,2.43423,1.2017,0,1.88068,2.96352,8.8822e+06,3.61194e+06,2.16213e+07,0,0,0,8.67616e+07
85.139,85.139,2.07157,0.05,0.02,1.41743,2.64973,0,0.265485,4.47552,4.27398e+06,2.70226e+06,6.05808e+06,0,0,0,0,80.8192,79.791,3.1724,0,1,2.43423,1.20193,0,1.88068,2.96352,8.8822e+06,3.61194e+06,2.16213e+07,0,0,0,8.67616e+07
85.139,85.139,2.37098,0.05,0.02,1.67669,2.90875,0,0.265627,4.47552,4.27398e+06,2.70226e+06,7.16614e+06,0,0,0,0,80.5553,79.791,2.61722,0,1,2.57558,1.34352,0,1.88068,2.96352,8.8822e+06,3.61194e+06,2.28768e+07,0,0,0,8.67616e+07
85.139,85.139,3.3817,0.04,0.02,1.81885,2.90932,0,0.314212,4.47552,4.27398e+06,2.70226e+06,7.77372e+06,0,0,0,0,80.3001,79.791,3.22916,0,1,2.43426,1.34379,0,1.98989,2.96352,8.8822e+06,3.61194e+06,2.16215e+07,0,0,0,8.67616e+07
85.139,85.139,2.72359,0.04,0.02,1.81969,2.90989,0,0.340852,4.47552,4.27398e+06,2.70226e+06,7.77729e+06,0,0,0,0,80.0582,79.791,2.81613,0,1,2.43426,1.34405,0,1.88071,2.96352,8.8822e+06,3.61194e+06,2.16215e+07,0,0,0,8.67616e+07
85.139,85.139,4.69592,0.04,0.02,1.82052,2.91046,0,0.341009,4.47552,4.27398e+06,2.70226e+06,7.78087e+06,0,0,0,0,80.1311,79.791,4.12429,0,1,2.43426,1.34431,0,1.88071,2.96352,8.8822e+06,3.61194e+06,2.16215e+07,0,0,0,8.67616e+07
85.139,85.139,4.0812,0.04,0.02,1.45237,2.54204,0,0.341166,4.47552,4.27398e+06,2.70226e+06,6.20738e+06,0,0,0,0,79.7717,79.791,3.75007,0,1,2.24441,1.15474,0,1.88071,2.96352,8.8822e+06,3.61194e+06,1.99353e+07,0,0,0,8.67616e+07
85.139,85.139,5.63717,0.04,0.02,1.26329,2.54254,0,0.272174,4.47552,4.27398e+06,2.70226e+06,5.39927e+06,0,0,0,0,79.58,79.791,3.76061,0,1,2.43422,1.15496,0,1.73403,2.96352,8.8822e+06,3.61194e+06,2.16212e+07,0,0,0,8.67616e+07
85.139,85.139,3.76524,0.04,0.02,1.26402,2.54305,0,0.23674,4.47552,4.27398e+06,2.70226e+06,5.40238e+06,0,0,0,0,79.3348,79.791,2.78724,0,1,2.43422,1.15519,0,1.88068,2.96352,8.8822e+06,3.61194e+06,2.16212e+07,0,0,0,8.67616e+07
85.139,85.139,4.65946,0.04,0.02,1.26474,2.54355,0,0.236877,4.47552,4.27398e+06,2.70226e+06,5.40549e+06,0,0,0,0,79.8268,79.791,4.47435,0,1,2.43422,1.15542,0,1.88068,2.96352,8.8822e+06,3.61194e+06,2.16212e+07,0,0,0,8.67616e+07
85.139,85.139,4.97857,0.05,0.02,1.26547,2.54405,0,0.237013,4.47552,4.27398e+06,2.70226e+06,5.4086e+06,0,0,0,0,79.9581,79.791,3.63944,0,1,2.43422,1.15565,0,1.88068,2.96352,8.8822e+06,3.61194e+06,2.16212e+07,0,0,0,8.67616e+07
85.139,85.139,4.57676,0.06,0.02,1.35917,2.63752,0,0.237149,4.47552,4.27398e+06,2.70226e+06,5.80907e+06,0,0,0,0,79.7335,79.791,2.9615,0,1,2.48071,1.20236,0,1.88068,2.96352,8.8822e+06,3.61194e+06,2.20341e+07,0,0,0,8.67616e+07
85.139,85.139,4.20265,0.06,0.02,1.40641,2.63804,0,0.254709,4.47552,4.27398e+06,2.70226e+06,6.01095e+06,0,0,0,0,79.5694,79.791,2.9733,0,1,2.43423,1.2026,0,1.91659,2.96352,8.8822e+06,3.61194e+06,2.16213e+07,0,0,0,8.67616e+07
85.139,85.139,3.91076,0.06,0.02,1.40716,2.63856,0,0.263561,4.47552,4.27398e+06,2.70226e+06,6.01418e+06,0,0,0,0,79.6015,79.791,3.75054,0,1,2.43423,1.20283,0,1.88068,2.96352,8.8822e+06,3.61194e+06,2.16213e+07,0,0,0,8.67616e+07
85.139,85.139,3.30177,0.06,0.02,1.40792,2.63908,0,0.263702,4.47552,4.27398e+06,2.70226e+06,6.01741e+06,0,0,0,0,79.1975,79.791,2.58376,0,1,2.43423,1.20307,0,1.88069,2.96352,8.8822e+06,3.61194e+06,2.16213e+07,0,0,0,8.67616e+07
85.139,85.139,2.92271,0.06,0.02,1.37229,2.60321,0,0.263844,4.47552,4.27398e+06,2.70226e+06,5.86515e+06,0,0,0,0,78.6662,79.791,2.14708,0,1,2.41616,1.18524,0,1.88069,2.96352,8.8822e+06,3.61194e+06,2.14608e+07,0,0,0,8.67616e+07
85.139,85.139,2.66139,0.06,0.02,1.35497,2.60373,0,0.257168,4.47552,4.27398e+06,2.70226e+06,5.79112e+06,0,0,0,0,78.2428,79.791,1.92194,0,1,2.43423,1.18547,0,1.86672,2.96352,8.8822e+06,3.61194e+06,2.16213e+07,0,0,0,8.67616e+07
85.139,85.139,2.59337,0.06,0.02,1.35572,2.60424,0,0.253922,4.47552,4.27398e+06,2.70226e+06,5.79431e+06,0,0,0,0,77.708,79.791,2.10316,0,1,2.43423,1.1857,0,1.88068,2.96352,8.8822e+06,3.61194e+06,2.16213e+07,0,0,0,8.67616e+07
85.139,85.139,2.42044,0.06,0.02,1.35646,2.60475,0,0.254062,4.47552,4.27398e+06,2.70226e+06,5.7975e+06,0,0,0,0,77.0017,79.791,1.92576,0,1,2.43423,1.18594,0,1.88068,2.96352,8.8822e+06,3.61194e+06,2.16213e+07,0,0,0,8.67616e+07
85.139,85.139,2.31694,0.05,0.02,1.4808,2.72885,0,0.254201,4.47552,4.27398e+06,2.70226e+06,6.32889e+06,0,0,0,0,76.1836,79.791,1.67474,0,1,2.49836,1.2503,0,1.88068,2.96352,8.8822e+06,3.61194e+06,2.21909e+07,0,0,0,8.67616e+07
85.139,85.139,1.95982,0.04,0.02,1.5457,2.72939,0,0.277501,4.47552,4.27398e+06,2.70226e+06,6.60627e+06,0,0,0,0,75.4229,79.791,1.55891,0,1,2.43424,1.25055,0,1.93023,2.96352,8.8822e+06,3.61194e+06,2.16214e+07,0,0,0,8.67616e+07
85.1285,85.139,1.90015,0.04,0.02,1.54648,2.72992,0,0.289664,4.47552,4.27398e+06,2.70226e+06,6.60962e+06,0,0,0,0,74.6473,79.791,1.5807,0,1,2.43424,1.25079,0,1.88069,2.96352,8.8822e+06,3.61194e+06,2.16214e+07,0,0,0,8.67616e+07
85.0259,85.139,1.80155,0.05,0.02,1.54726,2.73046,0,0.28981,4.47552,4.27398e+06,2.70226e+06,6.61297e+06,0,0,0,0,73.7408,79.791,1.51645,0,1,2.43424,1.25104,0,1.88069,2.96352,8.8822e+06,3.61194e+06,2.16214e+07,0,0,0,8.67616e+07
84.6248,85.139,1.48838,0.04,0.02,1.54805,2.731,0,0.289957,4.47552,4.27398e+06,2.70226e+06,6.61632e+06,0,0,0,0,72.7202,79.791,1.36054,0,1,2.43424,1.25129,0,1.88069,2.96352,8.8822e+06,3.61194e+06,2.16214e+07,0,0,0,8.67616e+07
83.7041,85.139,0.925115,0.04,0.02,1.52437,2.70707,0,0.290104,4.47552,4.27398e+06,2.70226e+06,6.5151e+06,0,0,0,0,71.615,79.791,1.23211,0,1,2.46952,1.28681,0,1.88069,2.96352,8.8822e+06,3.61194e+06,2.19348e+07,0,0,0,8.67616e+07
82.6831,85.139,0.847503,0.03,0.02,1.56043,2.7076,0,0.285666,4.47552,4.27398e+06,2.70226e+06,6.66923e+06,0,0,0,0,70.4857,79.791,1.09224,0,1,2.43425,1.28707,0,1.90795,2.96352,8.8822e+06,3.61194e+06,2.16214e+07,0,0,0,8.67616e+07
81.6215,85.139,0.777583,0.02,0.02,1.56121,2.70814,0,0.292424,4.47552,4.27398e+06,2.70226e+06,6.67258e+06,0,0,0,0,69.2815,79.791,1.06975,0,1,2.43425,1.28732,0,1.8807,2.96352,8.8822e+06,3.61194e+06,2.16214e+07,0,0,0,8.67616e+07
80.5325,85.139,0.726586,0.02,0.02,1.562,2.70867,0,0.292571,4.47552,4.27398e+06,2.70226e+06,6.67595e+06,0,0,0,0,67.9925,79.791,1.02955,0,1,2.43425,1.28757,0,1.8807,2.96352,8.8822e+06,3.61194e+06,2.16214e+07,0,0,0,8.67616e+07
79.3727,85.139,0.70277,0.02,0.02,1.62601,2.77243,0,0.292718,4.47552,4.27398e+06,2.70226e+06,6.94954e+06,0,0,0,0,66.8296,79.791,1.08454,0,1,2.46571,1.3193,0,1.8807,2.96352,8.8822e+06,3.61194e+06,2.1901e+07,0,0,0,8.67616e+07
78.1909,85.139,0.719987,0.02,0.02,1.65828,2.77298,0,0.304715,4.47552,4.27398e+06,2.70226e+06,7.08745e+06,0,0,0,0,65.6711,79.791,1.12892,0,1,2.43425,1.31956,0,1.90501,2.96352,8.8822e+06,3.61194e+06,2.16215e+07,0,0,0,8.67616e+07
76.9719,85.139,0.664476,0.03,0.02,1.65908,2.77352,0,0.310762,4.47552,4.27398e+06,2.70226e+06,7.09089e+06,0,0,0,0,64.3881,79.791,1.08159,0,1,2.43425,1.31982,0,1.8807,2.96352,8.8822e+06,3.61194e+06,2.16215e+07,0,0,0,8.67616e+07
75.7031,85.139,0.605029,0.03,0.02,1.65989,2.77407,0,0.310913,4.47552,4.27398e+06,2.70226e+06,7.09433e+06,0,0,0,0,63.2417,79.791,0.95967,0,1,2.43425,1.32007,0,1.8807,2.96352,8.8822e+06,3.61194e+06,2.16215e+07,0,0,0,8.67616e+07
74.267,85.139,0.570585,0.03,0.02,1.846,2.95992,0,0.311063,4.47552,4.27398e+06,2.70226e+06,7.88977e+06,0,0,0,0,61.9378,79.791,1.17938,0,1,2.54793,1.43401,0,1.8807,2.96352,8.8822e+06,3.61194e+06,2.26312e+07,0,0,0,8.67616e+07
72.2303,85.139,0.37861,0.04,0.02,1.96052,2.9605,0,0.345941,4.47552,4.27398e+06,2.70226e+06,8.37921e+06,0,0,0,0,60.6378,79.791,0.87429,0,1,2.43427,1.43429,0,1.96853,2.96352,8.8822e+06,3.61194e+06,2.16217e+07,0,0,0,8.67616e+07
70.7257,85.139,0.51317,0.06,0.02,1.96138,2.96108,0,0.367401,4.47552,4.27398e+06,2.70226e+06,8.38291e+06,0,0,0,0,59.4455,79.791,0.982269,0,1,2.43427,1.43457,0,1.88072,2.96352,8.8822e+06,3.61194e+06,2.16217e+07,0,0,0,8.67616e+07
69.6123,85.139,0.754303,0.06,0.02,1.96225,2.96167,0,0.367563,4.47552,4.27398e+06,2.70226e+06,8.3866e+06,0,0,0,0,58.3651,79.791,1.17585,0,1,2.43427,1.43486,0,1.88072,2.96352,8.8822e+06,3.61194e+06,2.16217e+07,0,0,0,8.67616e+07
68.1876,85.139,0.701451,0.07,0.02,1.96311,2.96225,0,0.367725,4.47552,4.27398e+06,2.70226e+06,8.3903e+06,0,0,0,0,57.4597,79.791,1.1394,0,1,2.43427,1.43514,0,1.88072,2.96352,8.8822e+06,3.61194e+06,2.16217e+07,0,0,0,8.67616e+07
67.1466,85.139,1.06905,0.07,0.02,1.87358,2.87243,0,0.367887,4.47552,4.27398e+06,2.70226e+06,8.00763e+06,0,0,0,0,57.1941,79.791,1.58251,0,1,2.36521,1.36636,0,1.88072,2.96352,8.8822e+06,3.61194e+06,2.10083e+07,0,0,0,8.67616e+07
66.0324,85.139,0.923142,0.11,0.02,1.80536,2.873,0,0.351109,4.47552,4.27398e+06,2.70226e+06,7.71608e+06,0,0,0,0,56.7687,79.791,2.46296,0,1,2.43426,1.36663,0,1.82736,2.96352,8.8822e+06,3.61194e+06,2.16216e+07,0,0,0,8.67616e+07
64.8119,85.139,0.811839,0.11,0.02,1.8062,2.87356,0,0.338325,4.47552,4.27398e+06,2.70226e+06,7.71964e+06,0,0,0,0,55.8682,79.791,1.43634,0,1,2.43426,1.36689,0,1.88071,2.96352,8.8822e+06,3.61194e+06,2.16216e+07,0,0,0,8.67616e+07
63.579,85.139,0.785627,0.11,0.02,1.80703,2.87413,0,0.338481,4.47552,4.27398e+06,2.70226e+06,7.72321e+06,0,0,0,0,55.1595,79.791,1.32774,0,1,2.43426,1.36716,0,1.88071,2.96352,8.8822e+06,3.61194e+06,2.16216e+07,0,0,0,8.67616e+07
62.4472,85.139,0.861072,0.11,0.02,1.73361,2.80043,0,0.338638,4.47552,4.27398e+06,2.70226e+06,7.40939e+06,0,0,0,0,54.7598,79.791,1.68904,0,1,2.37135,1.30452,0,1.88071,2.96352,8.8822e+06,3.61194e+06,2.10628e+07,0,0,0,8.67616e+07
62.1828,85.139,1.70395,0.12,0.02,1.67151,2.80098,0,0.324878,4.47552,4.27398e+06,2.70226e+06,7.144e+06,0,0,0,0,54.5502,79.791,1.95574,0,1,2.43425,1.30477,0,1.8321,2.96352,8.8822e+06,3.61194e+06,2.16215e+07,0,0,0,8.67616e+07
62.7162,85.139,2.56886,0.13,0.02,1.67232,2.80154,0,0.313241,4.47552,4.27398e+06,2.70226e+06,7.14745e+06,0,0,0,0,54.7253,79.791,2.60186,0,1,2.43425,1.30503,0,1.8807,2.96352,8.8822e+06,3.61194e+06,2.16215e+07,0,0,0,8.67616e+07
63.7742,85.139,3.26446,0.12,0.02,1.67313,2.80209,0,0.313392,4.47552,4.27398e+06,2.70226e+06,7.1509e+06,0,0,0,0,55.1346,79.791,3.81116,0,1,2.43425,1.30529,0,1.8807,2.96352,8.8822e+06,3.61194e+06,2.16215e+07,0,0,0,8.67616e+07
66.9582,85.139,5.23421,0.12,0.02,1.46286,2.59157,0,0.313544,4.47552,4.27398e+06,2.70226e+06,6.25225e+06,0,0,0,0,56.6844,79.791,5.52774,0,1,2.30311,1.17441,0,1.8807,2.96352,8.8822e+06,3.61194e+06,2.04567e+07,0,0,0,8.67616e+07
69.8262,85.139,4.84424,0.13,0.02,1.33249,2.59208,0,0.274141,4.47552,4.27398e+06,2.70226e+06,5.69504e+06,0,0,0,0,58.7994,79.791,8.15214,0,1,2.43422,1.17464,0,1.77938,2.96352,8.8822e+06,3.61194e+06,2.16212e+07,0,0,0,8.67616e+07
71.0941,85.139,3.13795,0.1,0.02,1.33323,2.59259,0,0.249709,4.47552,4.27398e+06,2.70226e+06,5.69821e+06,0,0,0,0,59.7163,79.791,4.58678,0,1,2.43422,1.17487,0,1.88068,2.96352,8.8822e+06,3.61194e+06,2.16212e+07,0,0,0,8.67616e+07
72.9558,85.139,3.76219,0.1,0.02,1.33398,2.5931,0,0.249848,4.47552,4.27398e+06,2.70226e+06,5.70138e+06,0,0,0,0,60.7247,79.791,5.19565,0,1,2.43422,1.1751,0,1.88068,2.96352,8.8822e+06,3.61194e+06,2.16212e+07,0,0,0,8.67616e+07
74.9044,85.139,3.97572,0.12,0.02,1.33472,2.59361,0,0.249987,4.47552,4.27398e+06,2.70226e+06,5.70455e+06,0,0,0,0,62.0845,79.791,5.73938,0,1,2.43422,1.17533,0,1.88068,2.96352,8.8822e+06,3.61194e+06,2.16212e+07,0,0,0,8.67616e+07
82.2235,85.139,9.41614,0.08,0.02,1.41672,2.67538,0,0.250126,4.47552,4.27398e+06,2.70226e+06,6.05501e+06,0,0,0,0,64.5541,79.791,8.26973,0,0,2.47223,1.21357,0,1.88068,2.96352,8.8822e+06,3.61194e+06,2.19588e+07,0,0,0,8.67616e+07
85.139,85.139,5.94292,0.05,0.02,1.45546,2.67588,0,0.265493,4.47552,4.27398e+06,2.70226e+06,6.2206e+06,0,0,0,0,65.9409,79.791,7.7073,0,0,2.43422,1.2138,0,1.91004,2.96352,8.8822e+06,3.61194e+06,2.16212e+07,0,0,0,8.67616e+07
85.139,85.139,4.70199,0.04,0.02,1.45619,2.67639,0,0.272753,4.47552,4.27398e+06,2.70226e+06,6.22374e+06,0,0,0,0,66.7575,79.791,6.14611,0,0,2.43422,1.21403,0,1.88068,2.96352,8.8822e+06,3.61194e+06,2.16212e+07,0,0,0,8.67616e+07
85.139,85.139,4.15065,0.05,0.02,1.45693,2.67689,0,0.272891,4.47552,4.27398e+06,2.70226e+06,6.22688e+06,0,0,0,0,67.4685,79.791,5.48634,0,0,2.43422,1.21426,0,1.88068,2.96352,8.8822e+06,3.61194e+06,2.16212e+07,0,0,0,8.67616e+07
85.139,85.139,5.50428,0.05,0.02,1.71881,2.93855,0,0.273029,4.47552,4.27398e+06,2.70226e+06,7.34616e+06,0,0,0,0,68.4117,79.791,6.78939,0,0,2.57702,1.35729,0,1.88068,2.96352,8.8822e+06,3.61194e+06,2.28896e+07,0,0,0,8.67616e+07
85.139,85.139,4.39122,0.05,0.02,1.8624,2.9391,0,0.322105,4.47552,4.27398e+06,2.70226e+06,7.95984e+06,0,0,0,0,68.9324,79.791,5.31076,0,0,2.43425,1.35754,0,1.99101,2.96352,8.8822e+06,3.61194e+06,2.16215e+07,0,0,0,8.67616e+07
85.139,85.139,4.31741,0.04,0.02,1.86321,2.93966,0,0.349013,4.47552,4.27398e+06,2.70226e+06,7.96331e+06,0,0,0,0,69.3179,79.791,4.14315,0,0,2.43425,1.3578,0,1.8807,2.96352,8.8822e+06,3.61194e+06,2.16215e+07,0,0,0,8.67616e+07
85.139,85.139,7.08452,0.04,0.02,1.86402,2.94021,0,0.349165,4.47552,4.27398e+06,2.70226e+06,7.96678e+06,0,0,0,0,70.4243,79.791,6.38942,0,0,2.43425,1.35805,0,1.8807,2.96352,8.8822e+06,3.61194e+06,2.16215e+07,0,0,0,8.67616e+07
85.139,85.139,7.1188,0.04,0.02,1.49207,2.56801,0,0.349317,4.47552,4.27398e+06,2.70226e+06,6.37708e+06,0,0,0,0,71.2194,79.791,6.65923,0,0,2.24247,1.16653,0,1.8807,2.96352,8.8822e+06,3.61194e+06,1.9918e+07,0,0,0,8.67616e+07
85.139,85.139,5.25606,0.04,0.02,1.30103,2.56849,0,0.279614,4.47552,4.27398e+06,2.70226e+06,5.56058e+06,0,0,0,0,71.7878,79.791,5.3602,0,0,2.43421,1.16675,0,1.73253,2.96352,8.8822e+06,3.61194e+06,2.16212e+07,0,0,0,8.67616e+07
85.139,85.139,6.77675,0.04,0.02,1.30174,2.56898,0,0.243813,4.47552,4.27398e+06,2.70226e+06,5.5636e+06,0,0,0,0,72.9464,79.791,7.02135,0,0,2.43421,1.16697,0,1.88067,2.96352,8.8822e+06,3.61194e+06,2.16212e+07,0,0,0,8.67616e+07
85.139,85.139,6.00911,0.05,0.02,1.30244,2.56946,0,0.243946,4.47552,4.27398e+06,2.70226e+06,5.56662e+06,0,0,0,0,73.8984,79.791,5.96538,0,0,2.43421,1.16719,0,1.88067,2.96352,8.8822e+06,3.61194e+06,2.16212e+07,0,0,0,8.67616e+07
85.139,85.139,6.97631,0.05,0.02,1.30315,2.56995,0,0.244078,4.47552,4.27398e+06,2.70226e+06,5.56963e+06,0,0,0,0,75.4349,79.791,8.52183,0,0,2.43421,1.16741,0,1.88067,2.96352,8.8822e+06,3.61194e+06,2.16212e+07,0,0,0,8.67616e+07
85.139,85.139,7.28817,0.08,0.02,1.39777,2.66435,0,0.24421,4.47552,4.27398e+06,2.70226e+06,5.97406e+06,0,0,0,0,76.7543,79.791,8.03422,0,0,2.48117,1.21459,0,1.88067,2.96352,8.8822e+06,3.61194e+06,2.20383e+07,0,0,0,8.67616e+07
85.139,85.139,6.77034,0.07,0.02,1.44546,2.66486,0,0.261943,4.47552,4.27398e+06,2.70226e+06,6.17787e+06,0,0,0,0,77.7035,79.791,7.39261,0,0,2.43422,1.21482,0,1.91695,2.96352,8.8822e+06,3.61194e+06,2.16212e+07,0,0,0,8.67616e+07
85.139,85.139,5.8796,0.07,0.02,1.44619,2.66536,0,0.270879,4.47552,4.27398e+06,2.70226e+06,6.181e+06,0,0,0,0,78.3552,79.791,6.70606,0,0,2.43422,1.21505,0,1.88068,2.96352,8.8822e+06,3.61194e+06,2.16212e+07,0,0,0,8.67616e+07
85.139,85.139,5.24212,0.07,0.02,1.44693,2.66587,0,0.271017,4.47552,4.27398e+06,2.70226e+06,6.18413e+06,0,0,0,0,78.9343,79.791,6.23066,0,0,2.43422,1.21528,0,1.88068,2.96352,8.8822e+06,3.61194e+06,2.16212e+07,0,0,0,8.67616e+07
85.139,85.139,4.0188,0.07,0.02,1.41091,2.62962,0,0.271154,4.47552,4.27398e+06,2.70226e+06,6.0302e+06,0,0,0,0,79.1097,79.791,3.83582,0,0,2.41597,1.19726,0,1.88068,2.96352,8.8822e+06,3.61194e+06,2.14591e+07,0,0,0,8.67616e+07
85.139,85.139,3.63378,0.07,0.02,1.39339,2.63012,0,0.264405,4.47552,4.27398e+06,2.70226e+06,5.9553e+06,0,0,0,0,79.2716,79.791,3.7076,0,0,2.43422,1.19749,0,1.86658,2.96352,8.8822e+06,3.61194e+06,2.16212e+07,0,0,0,8.67616e+07
85.139,85.139,5.69536,0.07,0.02,1.39411,2.63061,0,0.26112,4.47552,4.27398e+06,2.70226e+06,5.95839e+06,0,0,0,0,79.6742,79.791,4.31207,0,0,2.43422,1.19771,0,1.88068,2.96352,8.8822e+06,3.61194e+06,2.16212e+07,0,0,0,8.67616e+07
85.139,85.139,3.62076,0.07,0.02,1.39483,2.63111,0,0.261256,4.47552,4.27398e+06,2.70226e+06,5.96148e+06,0,0,0,0,79.8694,79.791,3.68735,0,0,2.43422,1.19794,0,1.88068,2.96352,8.8822e+06,3.61194e+06,2.16212e+07,0,0,0,8.67616e+07
85.139,85.139,3.44278,0.06,0.02,1.52039,2.75644,0,0.261392,4.47552,4.27398e+06,2.70226e+06,6.49812e+06,0,0,0,0,79.8991,79.791,2.94685,0,0,2.499,1.26294,0,1.88068,2.96352,8.8822e+06,3.61194e+06,2.21966e+07,0,0,0,8.67616e+07
85.139,85.139,3.34234,0.04,0.02,1.58592,2.75697,0,0.284921,4.47552,4.27398e+06,2.70226e+06,6.77818e+06,0,0,0,0,79.9036,79.791,2.75091,0,0,2.43423,1.26318,0,1.93073,2.96352,8.8822e+06,3.61194e+06,2.16213e+07,0,0,0,8.67616e+07
85.139,85.139,2.9045,0.04,0.02,1.58668,2.75749,0,0.297201,4.47552,4.27398e+06,2.70226e+06,6.78143e+06,0,0,0,0,79.792,79.791,2.44292,0,0,2.43423,1.26342,0,1.88069,2.96352,8.8822e+06,3.61194e+06,2.16213e+07,0,0,0,8.67616e+07
85.139,85.139,2.56759,0.04,0.02,1.58744,2.75801,0,0.297344,4.47552,4.27398e+06,2.70226e+06,6.78468e+06,0,0,0,0,79.5932,79.791,2.30167,0,0,2.43423,1.26366,0,1.88069,2.96352,8.8822e+06,3.61194e+06,2.16213e+07,0,0,0,8.67616e+07
85.139,85.139,2.26316,0.02,0.02,1.5882,2.75853,0,0.297486,4.47552,4.27398e+06,2.70226e+06,6.78793e+06,0,0,0,0,79.3311,79.791,2.17628,0,0,2.43423,1.2639,0,1.88069,2.96352,8.8822e+06,3.61194e+06,2.16213e+07,0,0,0,8.67616e+07
84.8481,85.139,1.63619,0.02,0.02,1.56425,2.73434,0,0.297629,4.47552,4.27398e+06,2.70226e+06,6.68556e+06,0,0,0,0,78.8115,79.791,1.94181,0,0,2.46987,1.29978,0,1.88069,2.96352,8.8822e+06,3.61194e+06,2.19379e+07,0,0,0,8.67616e+07
84.3946,85.139,1.49781,0.03,0.02,1.60064,2.73486,0,0.29314,4.47552,4.27398e+06,2.70226e+06,6.84111e+06,0,0,0,0,78.2592,79.791,1.71179,0,0,2.43424,1.30002,0,1.90822,2.96352,8.8822e+06,3.61194e+06,2.16214e+07,0,0,0,8.67616e+07
83.8475,85.139,1.37519,0.02,0.02,1.6014,2.73537,0,0.29996,4.47552,4.27398e+06,2.70226e+06,6.84437e+06,0,0,0,0,77.611,79.791,1.68212,0,0,2.43424,1.30027,0,1.88069,2.96352,8.8822e+06,3.61194e+06,2.16214e+07,0,0,0,8.67616e+07
83.235,85.139,1.2864,0.02,0.02,1.60217,2.73589,0,0.300103,4.47552,4.27398e+06,2.70226e+06,6.84763e+06,0,0,0,0,76.7991,79.791,1.62251,0,0,2.43424,1.30051,0,1.88069,2.96352,8.8822e+06,3.61194e+06,2.16214e+07,0,0,0,8.67616e+07
82.5075,85.139,1.20978,0.02,0.02,1.66679,2.80027,0,0.300246,4.47552,4.27398e+06,2.70226e+06,7.12384e+06,0,0,0,0,75.939,79.791,1.4855,0,0,2.46602,1.33254,0,1.88069,2.96352,8.8822e+06,3.61194e+06,2.19037e+07,0,0,0,8.67616e+07
81.7409,85.139,1.18657,0.02,0.02,1.69935,2.8008,0,0.312357,4.47552,4.27398e+06,2.70226e+06,7.263e+06,0,0,0,0,75.0372,79.791,1.47174,0,0,2.43424,1.3328,0,1.90525,2.96352,8.8822e+06,3.61194e+06,2.16214e+07,0,0,0,8.67616e+07
80.8482,85.139,1.0544,0.02,0.02,1.70013,2.80133,0,0.318459,4.47552,4.27398e+06,2.70226e+06,7.26634e+06,0,0,0,0,74.0531,79.791,1.37812,0,0,2.43424,1.33305,0,1.8807,2.96352,8.8822e+06,3.61194e+06,2.16214e+07,0,0,0,8.67616e+07
79.8673,85.139,0.95977,0.02,0.02,1.70092,2.80186,0,0.318605,4.47552,4.27398e+06,2.70226e+06,7.26968e+06,0,0,0,0,72.9817,79.791,1.30584,0,0,2.43424,1.3333,0,1.8807,2.96352,8.8822e+06,3.61194e+06,2.16214e+07,0,0,0,8.67616e+07
78.5322,85.139,0.729492,0.02,0.02,1.88886,2.98955,0,0.318752,4.47552,4.27398e+06,2.70226e+06,8.07293e+06,0,0,0,0,71.6718,79.791,1.19248,0,0,2.54906,1.44837,0,1.8807,2.96352,8.8822e+06,3.61194e+06,2.26412e+07,0,0,0,8.67616e+07
76.4928,85.139,0.41959,0.04,0.02,2.00449,2.99011,0,0.353972,4.47552,4.27398e+06,2.70226e+06,8.56714e+06,0,0,0,0,70.2652,79.791,0.886911,0,0,2.43427,1.44864,0,1.9694,2.96352,8.8822e+06,3.61194e+06,2.16216e+07,0,0,0,8.67616e+07
74.4429,85.139,0.408839,0.04,0.02,2.00533,2.99068,0,0.375641,4.47552,4.27398e+06,2.70226e+06,8.57072e+06,0,0,0,0,68.9421,79.791,0.838613,0,0,2.43427,1.44891,0,1.88071,2.96352,8.8822e+06,3.61194e+06,2.16216e+07,0,0,0,8.67616e+07
72.5702,85.139,0.58596,0.04,0.02,2.00617,2.99125,0,0.375798,4.47552,4.27398e+06,2.70226e+06,8.57431e+06,0,0,0,0,67.7108,79.791,0.976628,0,0,2.43427,1.44919,0,1.88071,2.96352,8.8822e+06,3.61194e+06,2.16216e+07,0,0,0,8.67616e+07
71.3126,85.139,0.850086,0.08,0.02,2.00701,2.99181,0,0.375956,4.47552,4.27398e+06,2.70226e+06,8.5779e+06,0,0,0,0,67.1188,79.791,1.12511,0,0,2.43427,1.44946,0,1.88071,2.96352,8.8822e+06,3.61194e+06,2.16216e+07,0,0,0,8.67616e+07
70.7734,85.139,0.6145,0.08,0.02,1.91654,2.90108,0,0.376113,4.47552,4.27398e+06,2.70226e+06,8.19127e+06,0,0,0,0,66.274,79.791,2.07799,0,0,2.36451,1.37998,0,1.88071,2.96352,8.8822e+06,3.61194e+06,2.10021e+07,0,0,0,8.67616e+07
69.33,85.139,0.514705,0.09,0.02,1.84761,2.90162,0,0.359161,4.47552,4.27398e+06,2.70226e+06,7.89666e+06,0,0,0,0,65.2053,79.791,1.11454,0,0,2.43425,1.38024,0,1.82682,2.96352,8.8822e+06,3.61194e+06,2.16215e+07,0,0,0,8.67616e+07
68.0518,85.139,0.730537,0.09,0.02,1.84842,2.90217,0,0.346243,4.47552,4.27398e+06,2.70226e+06,7.90012e+06,0,0,0,0,64.7113,79.791,1.2909,0,0,2.43425,1.3805,0,1.8807,2.96352,8.8822e+06,3.61194e+06,2.16215e+07,0,0,0,8.67616e+07
67.7065,85.139,1.80879,0.12,0.02,1.84923,2.90272,0,0.346395,4.47552,4.27398e+06,2.70226e+06,7.90358e+06,0,0,0,0,64.5877,79.791,2.35871,0,0,2.43425,1.38077,0,1.8807,2.96352,8.8822e+06,3.61194e+06,2.16215e+07,0,0,0,8.67616e+07
67.2041,85.139,1.59037,0.12,0.02,1.77504,2.82827,0,0.346546,4.47552,4.27398e+06,2.70226e+06,7.5865e+06,0,0,0,0,64.2975,79.791,2.00153,0,0,2.37071,1.31749,0,1.8807,2.96352,8.8822e+06,3.61194e+06,2.10571e+07,0,0,0,8.67616e+07
66.3077,85.139,1.13737,0.12,0.02,1.7123,2.82881,0,0.332643,4.47552,4.27398e+06,2.70226e+06,7.31833e+06,0,0,0,0,63.4164,79.791,1.80717,0,0,2.43424,1.31773,0,1.83161,2.96352,8.8822e+06,3.61194e+06,2.16214e+07,0,0,0,8.67616e+07
64.9752,85.139,0.658324,0.12,0.02,1.71308,2.82934,0,0.320885,4.47552,4.27398e+06,2.70226e+06,7.32168e+06,0,0,0,0,62.6319,79.791,1.21073,0,0,2.43424,1.31798,0,1.88069,2.96352,8.8822e+06,3.61194e+06,2.16214e+07,0,0,0,8.67616e+07
63.9996,85.139,1.03195,0.12,0.02,1.71387,2.82988,0,0.321032,4.47552,4.27398e+06,2.70226e+06,7.32503e+06,0,0,0,0,62.3251,79.791,1.80188,0,0,2.43424,1.31823,0,1.88069,2.96352,8.8822e+06,3.61194e+06,2.16214e+07,0,0,0,8.67616e+07
63.9271,85.139,1.84882,0.12,0.02,1.50149,2.61725,0,0.321179,4.47552,4.27398e+06,2.70226e+06,6.41734e+06,0,0,0,0,62.6136,79.791,3.05708,0,0,2.3018,1.18604,0,1.88069,2.96352,8.8822e+06,3.61194e+06,2.04451e+07,0,0,0,8.67616e+07
65.2425,85.139,3.17896,0.13,0.02,1.3698,2.61774,0,0.281379,4.47552,4.27398e+06,2.70226e+06,5.85448e+06,0,0,0,0,62.9779,79.791,3.41748,0,0,2.43422,1.18627,0,1.77837,2.96352,8.8822e+06,3.61194e+06,2.16212e+07,0,0,0,8.67616e+07
66.6959,85.139,3.35804,0.13,0.02,1.37052,2.61824,0,0.2567,4.47552,4.27398e+06,2.70226e+06,5.85756e+06,0,0,0,0,63.7761,79.791,4.81229,0,0,2.43422,1.18649,0,1.88068,2.96352,8.8822e+06,3.61194e+06,2.16212e+07,0,0,0,8.67616e+07
66.9512,85.139,2.09133,0.13,0.02,1.37124,2.61873,0,0.256835,4.47552,4.27398e+06,2.70226e+06,5.86063e+06,0,0,0,0,63.3956,79.791,2.48033,0,0,2.43422,1.18672,0,1.88068,2.96352,8.8822e+06,3.61194e+06,2.16212e+07,0,0,0,8.67616e+07
67.0554,85.139,1.93304,0.14,0.02,1.37196,2.61923,0,0.25697,4.47552,4.27398e+06,2.70226e+06,5.86371e+06,0,0,0,0,63.2904,79.791,2.0686,0,0,2.43422,1.18694,0,1.88068,2.96352,8.8822e+06,3.61194e+06,2.16212e+07,0,0,0,8.67616e+07
68.7509,85.139,3.62882,0.15,0.02,1.45473,2.70178,0,0.257104,4.47552,4.27398e+06,2.70226e+06,6.2175e+06,0,0,0,0,63.4127,79.791,2.98119,0,0,2.4726,1.22555,0,1.88068,2.96352,8.8822e+06,3.61194e+06,2.19621e+07,0,0,0,8.67616e+07
70.1328,85.139,3.4128,0.12,0.02,1.49383,2.70227,0,0.272617,4.47552,4.27398e+06,2.70226e+06,6.3846e+06,0,0,0,0,63.6324,79.791,2.63222,0,0,2.43421,1.22577,0,1.91033,2.96352,8.8822e+06,3.61194e+06,2.16212e+07,0,0,0,8.67616e+07
74.2058,85.139,6.24222,0.13,0.02,1.49454,2.70276,0,0.279944,4.47552,4.27398e+06,2.70226e+06,6.38764e+06,0,0,0,0,64.6833,79.791,3.86396,0,0,2.43421,1.22599,0,1.88067,2.96352,8.8822e+06,3.61194e+06,2.16212e+07,0,0,0,8.67616e+07
78.6287,85.139,6.59928,0.11,0.02,1.49526,2.70325,0,0.280077,4.47552,4.27398e+06,2.70226e+06,6.39069e+06,0,0,0,0,66.4203,79.791,5.30642,0,0,2.43421,1.22622,0,1.88067,2.96352,8.8822e+06,3.61194e+06,2.16212e+07,0,0,0,8.67616e+07
81.9397,85.139,5.8339,0.11,0.02,1.75969,2.96746,0,0.280211,4.47552,4.27398e+06,2.70226e+06,7.52085e+06,0,0,0,0,69.1095,79.791,7.96101,0,0,2.57842,1.37064,0,1.88067,2.96352,8.8822e+06,3.61194e+06,2.2902e+07,0,0,0,8.67616e+07
85.139,85.139,8.37969,0.07,0.02,1.90465,2.968,0,0.329765,4.47552,4.27398e+06,2.70226e+06,8.14043e+06,0,0,0,0,70.1638,79.791,4.9407,0,0,2.43424,1.37089,0,1.99209,2.96352,8.8822e+06,3.61194e+06,2.16214e+07,0,0,0,8.67616e+07
85.139,85.139,3.81904,0.04,0.02,1.90544,2.96854,0,0.356931,4.47552,4.27398e+06,2.70226e+06,8.14379e+06,0,0,0,0,70.5473,79.791,3.1701,0,0,2.43424,1.37114,0,1.88069,2.96352,8.8822e+06,3.61194e+06,2.16214e+07,0,0,0,8.67616e+07
85.139,85.139,3.84289,0.04,0.02,1.90622,2.96908,0,0.357079,4.47552,4.27398e+06,2.70226e+06,8.14715e+06,0,0,0,0,70.7921,79.791,2.9367,0,0,2.43424,1.37139,0,1.88069,2.96352,8.8822e+06,3.61194e+06,2.16214e+07,0,0,0,8.67616e+07
85.139,85.139,6.5498,0.04,0.02,1.53059,2.5932,0,0.357226,4.47552,4.27398e+06,2.70226e+06,6.54172e+06,0,0,0,0,71.9844,79.791,5.26828,0,0,2.24058,1.17797,0,1.88069,2.96352,8.8822e+06,3.61194e+06,1.99013e+07,0,0,0,8.67616e+07
85.139,85.139,9.01728,0.04,0.02,1.33765,2.59367,0,0.286833,4.47552,4.27398e+06,2.70226e+06,5.71708e+06,0,0,0,0,75.0513,79.791,9.92519,0,0,2.43421,1.17819,0,1.73107,2.96352,8.8822e+06,3.61194e+06,2.16211e+07,0,0,0,8.67616e+07
85.139,85.139,8.6739,0.04,0.02,1.33833,2.59414,0,0.250675,4.47552,4.27398e+06,2.70226e+06,5.72001e+06,0,0,0,0,77.0808,79.791,7.76847,0,0,2.43421,1.1784,0,1.88067,2.96352,8.8822e+06,3.61194e+06,2.16211e+07,0,0,0,8.67616e+07
85.139,85.139,6.72287,0.05,0.02,1.33902,2.59461,0,0.250804,4.47552,4.27398e+06,2.70226e+06,5.72293e+06,0,0,0,0,79.1791,79.791,9.5833,0,0,2.43421,1.17861,0,1.88067,2.96352,8.8822e+06,3.61194e+06,2.16211e+07,0,0,0,8.67616e+07
85.139,85.139,7.80533,0.06,0.02,1.3397,2.59508,0,0.250932,4.47552,4.27398e+06,2.70226e+06,5.72586e+06,0,0,0,0,80.8192,79.791,10.9564,0,0,2.43421,1.17883,0,1.88067,2.96352,8.8822e+06,3.61194e+06,2.16211e+07,0,0,0,8.67616e+07
85.139,85.139,12.0311,0.08,0.02,1.43522,2.69039,0,0.25106,4.47552,4.27398e+06,2.70226e+06,6.13411e+06,0,0,0,0,80.8192,79.791,9.36788,0,0,2.48163,1.22646,0,1.88067,2.96352,8.8822e+06,3.61194e+06,2.20423e+07,0,0,0,8.67616e+07
85.139,85.139,9.69836,0.08,0.02,1.48334,2.69087,0,0.268961,4.47552,4.27398e+06,2.70226e+06,6.33978e+06,0,0,0,0,80.8192,79.791,6.35068,0,0,2.43421,1.22668,0,1.9173,2.96352,8.8822e+06,3.61194e+06,2.16212e+07,0,0,0,8.67616e+07
85.139,85.139,7.66616,0.08,0.02,1.48406,2.69136,0,0.277979,4.47552,4.27398e+06,2.70226e+06,6.34282e+06,0,0,0,0,80.8192,79.791,5.83678,0,0,2.43421,1.22691,0,1.88067,2.96352,8.8822e+06,3.61194e+06,2.16212e+07,0,0,0,8.67616e+07
85.139,85.139,7.8032,0.07,0.02,1.48477,2.69185,0,0.278112,4.47552,4.27398e+06,2.70226e+06,6.34586e+06,0,0,0,0,80.8192,79.791,6.46122,0,0,2.43421,1.22713,0,1.88067,2.96352,8.8822e+06,3.61194e+06,2.16212e+07,0,0,0,8.67616e+07
85.139,85.139,5.81282,0.07,0.02,1.44837,2.65523,0,0.278245,4.47552,4.27398e+06,2.70226e+06,6.1903e+06,0,0,0,0,80.8192,79.791,4.2186,0,0,2.41578,1.20892,0,1.88067,2.96352,8.8822e+06,3.61194e+06,2.14575e+07,0,0,0,8.67616e+07
85.139,85.139,4.85424,0.07,0.02,1.43064,2.65571,0,0.271424,4.47552,4.27398e+06,2.70226e+06,6.11454e+06,0,0,0,0,80.8192,79.791,3.01527,0,0,2.43421,1.20914,0,1.86643,2.96352,8.8822e+06,3.61194e+06,2.16211e+07,0,0,0,8.67616e+07
85.139,85.139,4.73118,0.07,0.02,1.43134,2.6562,0,0.268102,4.47552,4.27398e+06,2.70226e+06,6.11753e+06,0,0,0,0,80.8192,79.791,3.2981,0,0,2.43421,1.20936,0,1.88067,2.96352,8.8822e+06,3.61194e+06,2.16211e+07,0,0,0,8.67616e+07
85.139,85.139,4.41947,0.07,0.02,1.43205,2.65668,0,0.268234,4.47552,4.27398e+06,2.70226e+06,6.12053e+06,0,0,0,0,80.8192,79.791,3.05036,0,0,2.43421,1.20958,0,1.88067,2.96352,8.8822e+06,3.61194e+06,2.16211e+07,0,0,0,8.67616e+07
85.139,85.139,4.36229,0.07,0.02,1.55879,2.78321,0,0.268365,4.47552,4.27398e+06,2.70226e+06,6.66225e+06,0,0,0,0,80.7418,79.791,2.73495,0,0,2.49962,1.27521,0,1.88067,2.96352,8.8822e+06,3.61194e+06,2.22021e+07,0,0,0,8.67616e+07
85.139,85.139,4.22477,0.06,0.02,1.62493,2.78371,0,0.292118,4.47552,4.27398e+06,2.70226e+06,6.9449e+06,0,0,0,0,80.8192,79.791,2.54289,0,0,2.43422,1.27544,0,1.93121,2.96352,8.8822e+06,3.61194e+06,2.16212e+07,0,0,0,8.67616e+07
85.139,85.139,3.7005,0.04,0.02,1.62566,2.78422,0,0.304511,4.47552,4.27398e+06,2.70226e+06,6.94805e+06,0,0,0,0,80.7366,79.791,2.29643,0,0,2.43422,1.27567,0,1.88068,2.96352,8.8822e+06,3.61194e+06,2.16212e+07,0,0,0,8.67616e+07
85.139,85.139,3.5389,0.04,0.02,1.6264,2.78472,0,0.304649,4.47552,4.27398e+06,2.70226e+06,6.9512e+06,0,0,0,0,80.636,79.791,2.33719,0,0,2.43422,1.2759,0,1.88068,2.96352,8.8822e+06,3.61194e+06,2.16212e+07,0,0,0,8.67616e+07
85.139,85.139,3.37876,0.03,0.02,1.62714,2.78523,0,0.304787,4.47552,4.27398e+06,2.70226e+06,6.95434e+06,0,0,0,0,80.6039,79.791,2.2765,0,0,2.43422,1.27613,0,1.88068,2.96352,8.8822e+06,3.61194e+06,2.16213e+07,0,0,0,8.67616e+07
85.139,85.139,3.05942,0.02,0.02,1.60292,2.76078,0,0.304925,4.47552,4.27398e+06,2.70226e+06,6.85086e+06,0,0,0,0,80.4375,79.791,2.47834,0,0,2.47021,1.31235,0,1.88068,2.96352,8.8822e+06,3.61194e+06,2.19408e+07,0,0,0,8.67616e+07
85.139,85.139,2.90315,0.02,0.02,1.63964,2.76128,0,0.300388,4.47552,4.27398e+06,2.70226e+06,7.00777e+06,0,0,0,0,80.2326,79.791,2.38006,0,0,2.43423,1.31258,0,1.90848,2.96352,8.8822e+06,3.61194e+06,2.16213e+07,0,0,0,8.67616e+07
85.139,85.139,2.69099,0.02,0.02,1.64038,2.76178,0,0.307268,4.47552,4.27398e+06,2.70226e+06,7.01093e+06,0,0,0,0,79.9391,79.791,2.21306,0,0,2.43423,1.31282,0,1.88069,2.96352,8.8822e+06,3.61194e+06,2.16213e+07,0,0,0,8.67616e+07
85.139,85.139,2.56013,0.02,0.02,1.64112,2.76229,0,0.307407,4.47552,4.27398e+06,2.70226e+06,7.01409e+06,0,0,0,0,79.5299,79.791,2.08825,0,0,2.43423,1.31306,0,1.88069,2.96352,8.8822e+06,3.61194e+06,2.16213e+07,0,0,0,8.67616e+07
85.139,85.139,2.48472,0.02,0.02,1.70633,2.82726,0,0.307545,4.47552,4.27398e+06,2.70226e+06,7.29283e+06,0,0,0,0,79.2054,79.791,1.97184,0,0,2.46632,1.34539,0,1.88069,2.96352,8.8822e+06,3.61194e+06,2.19064e+07,0,0,0,8.67616e+07
85.139,85.139,2.42113,0.02,0.02,1.73918,2.82778,0,0.319767,4.47552,4.27398e+06,2.70226e+06,7.4332e+06,0,0,0,0,78.8359,79.791,2.0713,0,0,2.43424,1.34563,0,1.90548,2.96352,8.8822e+06,3.61194e+06,2.16214e+07,0,0,0,8.67616e+07
85.139,85.139,2.14965,0.02,0.02,1.73993,2.82829,0,0.325921,4.47552,4.27398e+06,2.70226e+06,7.43643e+06,0,0,0,0,78.3491,79.791,1.94025,0,0,2.43424,1.34588,0,1.88069,2.96352,8.8822e+06,3.61194e+06,2.16214e+07,0,0,0,8.67616e+07
85.089,85.139,1.95575,0.02,0.02,1.74069,2.8288,0,0.326063,4.47552,4.27398e+06,2.70226e+06,7.43967e+06,0,0,0,0,77.8101,79.791,1.84025,0,0,2.43424,1.34612,0,1.88069,2.96352,8.8822e+06,3.61194e+06,2.16214e+07,0,0,0,8.67616e+07
84.6701,85.139,1.72357,0.02,0.02,1.93041,3.01828,0,0.326205,4.47552,4.27398e+06,2.70226e+06,8.25051e+06,0,0,0,0,77.3061,79.791,1.78678,0,0,2.55015,1.46228,0,1.88069,2.96352,8.8822e+06,3.61194e+06,2.2651e+07,0,0,0,8.67616e+07
84.5421,85.139,2.11426,0.02,0.02,2.04711,3.01882,0,0.361758,4.47552,4.27398e+06,2.70226e+06,8.74932e+06,0,0,0,0,76.542,79.791,1.89614,0,0,2.43426,1.46255,0,1.97025,2.96352,8.8822e+06,3.61194e+06,2.16215e+07,0,0,0,8.67616e+07
84.0155,85.139,1.71382,0.03,0.02,2.04793,3.01937,0,0.383629,4.47552,4.27398e+06,2.70226e+06,8.75279e+06,0,0,0,0,76.021,79.791,1.34433,0,0,2.43426,1.46281,0,1.88071,2.96352,8.8822e+06,3.61194e+06,2.16216e+07,0,0,0,8.67616e+07
83.8898,85.139,2.10577,0.04,0.02,2.04874,3.01992,0,0.383781,4.47552,4.27398e+06,2.70226e+06,8.75627e+06,0,0,0,0,75.66,79.791,2.43492,0,0,2.43426,1.46308,0,1.88071,2.96352,8.8822e+06,3.61194e+06,2.16216e+07,0,0,0,8.67616e+07
83.3726,85.139,1.70266,0.04,0.02,2.04955,3.02047,0,0.383934,4.47552,4.27398e+06,2.70226e+06,8.75974e+06,0,0,0,0,75.2802,79.791,1.73178,0,0,2.43426,1.46334,0,1.88071,2.96352,8.8822e+06,3.61194e+06,2.16216e+07,0,0,0,8.67616e+07
83.6235,85.139,2.51395,0.03,0.02,1.95819,2.92884,0,0.384086,4.47552,4.27398e+06,2.70226e+06,8.36927e+06,0,0,0,0,75.3238,79.791,2.62492,0,0,2.36384,1.39319,0,1.88071,2.96352,8.8822e+06,3.61194e+06,2.09961e+07,0,0,0,8.67616e+07
84.0215,85.139,2.63887,0.03,0.02,1.88857,2.92937,0,0.366965,4.47552,4.27398e+06,2.70226e+06,8.0717e+06,0,0,0,0,75.3901,79.791,2.70135,0,0,2.43424,1.39344,0,1.8263,2.96352,8.8822e+06,3.61194e+06,2.16214e+07,0,0,0,8.67616e+07
83.9212,85.139,2.10753,0.03,0.02,1.88935,2.9299,0,0.353918,4.47552,4.27398e+06,2.70226e+06,8.07505e+06,0,0,0,0,75.2563,79.791,2.30659,0,0,2.43424,1.39369,0,1.8807,2.96352,8.8822e+06,3.61194e+06,2.16214e+07,0,0,0,8.67616e+07
84.3765,85.139,2.65226,0.04,0.02,1.89014,2.93043,0,0.354065,4.47552,4.27398e+06,2.70226e+06,8.0784e+06,0,0,0,0,75.1302,79.791,2.4293,0,0,2.43424,1.39395,0,1.8807,2.96352,8.8822e+06,3.61194e+06,2.16214e+07,0,0,0,8.67616e+07
85.139,85.139,6.85223,0.05,0.02,1.81521,2.85525,0,0.354212,4.47552,4.27398e+06,2.70226e+06,7.75816e+06,0,0,0,0,75.6486,79.791,4.14136,0,0,2.3701,1.33005,0,1.8807,2.96352,8.8822e+06,3.61194e+06,2.10517e+07,0,0,0,8.67616e+07
84.6442,85.139,1.73131,0.02,0.02,1.75183,2.85577,0,0.34017,4.47552,4.27398e+06,2.70226e+06,7.48729e+06,0,0,0,0,75.3145,79.791,2.21074,0,0,2.43423,1.33029,0,1.83114,2.96352,8.8822e+06,3.61194e+06,2.16213e+07,0,0,0,8.67616e+07
84.8489,85.139,2.45506,0.04,0.02,1.75259,2.85629,0,0.328293,4.47552,4.27398e+06,2.70226e+06,7.49053e+06,0,0,0,0,75.1323,79.791,2.05868,0,0,2.43423,1.33054,0,1.88069,2.96352,8.8822e+06,3.61194e+06,2.16213e+07,0,0,0,8.67616e+07
85.139,85.139,6.38108,0.04,0.02,1.75335,2.85681,0,0.328436,4.47552,4.27398e+06,2.70226e+06,7.49378e+06,0,0,0,0,76.3837,79.791,6.44683,0,0,2.43423,1.33078,0,1.88069,2.96352,8.8822e+06,3.61194e+06,2.16213e+07,0,0,0,8.67616e+07
85.139,85.139,4.12363,0.02,0.02,1.53892,2.64214,0,0.328578,4.47552,4.27398e+06,2.70226e+06,6.57731e+06,0,0,0,0,76.9144,79.791,4.44313,0,0,2.30054,1.19732,0,1.88069,2.96352,8.8822e+06,3.61194e+06,2.04338e+07,0,0,0,8.67616e+07
85.139,85.139,2.52322,0.02,0.02,1.40595,2.64261,0,0.288394,4.47552,4.27398e+06,2.70226e+06,6.00898e+06,0,0,0,0,77.0969,79.791,3.58031,0,0,2.43421,1.19754,0,1.77739,2.96352,8.8822e+06,3.61194e+06,2.16211e+07,0,0,0,8.67616e+07
84.4709,85.139,1.27908,0.03,0.02,1.40664,2.64309,0,0.263474,4.47552,4.27398e+06,2.70226e+06,6.01196e+06,0,0,0,0,76.9724,79.791,2.32255,0,0,2.43421,1.19776,0,1.88067,2.96352,8.8822e+06,3.61194e+06,2.16211e+07,0,0,0,8.67616e+07
85.139,85.139,2.68127,0.06,0.02,1.40734,2.64357,0,0.263605,4.47552,4.27398e+06,2.70226e+06,6.01494e+06,0,0,0,0,76.9845,79.791,3.58825,0,0,2.43421,1.19797,0,1.88067,2.96352,8.8822e+06,3.61194e+06,2.16211e+07,0,0,0,8.67616e+07
85.139,85.139,3.58851,0.03,0.02,1.40804,2.64405,0,0.263735,4.47552,4.27398e+06,2.70226e+06,6.01791e+06,0,0,0,0,77.3157,79.791,4.93218,0,0,2.43421,1.19819,0,1.88067,2.96352,8.8822e+06,3.61194e+06,2.16211e+07,0,0,0,8.67616e+07
85.139,85.139,7.37389,0.05,0.02,1.49157,2.72737,0,0.263866,4.47552,4.27398e+06,2.70226e+06,6.37494e+06,0,0,0,0,79.0865,79.791,7.495,0,0,2.47295,1.23715,0,1.88067,2.96352,8.8822e+06,3.61194e+06,2.19653e+07,0,0,0,8.67616e+07
85.139,85.139,8.45833,0.05,0.02,1.53101,2.72784,0,0.27952,4.47552,4.27398e+06,2.70226e+06,6.54349e+06,0,0,0,0,80.8192,79.791,7.45512,0,0,2.43421,1.23737,0,1.9106,2.96352,8.8822e+06,3.61194e+06,2.16211e+07,0,0,0,8.67616e+07
85.139,85.139,10.1179,0.07,0.02,1.5317,2.72832,0,0.286911,4.47552,4.27398e+06,2.70226e+06,6.54643e+06,0,0,0,0,80.8192,79.791,10.2456,0,0,2.43421,1.23758,0,1.88067,2.96352,8.8822e+06,3.61194e+06,2.16211e+07,0,0,0,8.67616e+07
85.139,85.139,15.5396,0.06,0.02,1.53239,2.72879,0,0.28704,4.47552,4.27398e+06,2.70226e+06,6.54938e+06,0,0,0,0,80.8192,79.791,13.6045,0,0,2.43421,1.2378,0,1.88067,2.96352,8.8822e+06,3.61194e+06,2.16211e+07,0,0,0,8.67616e+07
85.139,85.139,16.7008,0.05,0.02,1.79928,2.99547,0,0.287169,4.47552,4.27398e+06,2.70226e+06,7.69009e+06,0,0,0,0,80.8192,79.791,17.0975,0,0,2.57977,1.38358,0,1.88067,2.96352,8.8822e+06,3.61194e+06,2.2914e+07,0,0,0,8.67616e+07
85.139,85.139,14.601,0.06,0.02,1.94558,2.996,0,0.337185,4.47552,4.27398e+06,2.70226e+06,8.31537e+06,0,0,0,0,80.8192,79.791,13.6494,0,0,2.43423,1.38382,0,1.99313,2.96352,8.8822e+06,3.61194e+06,2.16213e+07,0,0,0,8.67616e+07
85.139,85.139,12.9189,0.1,0.02,1.94634,2.99652,0,0.364602,4.47552,4.27398e+06,2.70226e+06,8.31863e+06,0,0,0,0,80.8192,79.791,10.3492,0,0,2.43423,1.38406,0,1.88069,2.96352,8.8822e+06,3.61194e+06,2.16213e+07,0,0,0,8.67616e+07
85.139,85.139,14.267,0.1,0.02,1.94711,2.99704,0,0.364745,4.47552,4.27398e+06,2.70226e+06,8.32188e+06,0,0,0,0,80.8192,79.791,12.1314,0,0,2.43423,1.3843,0,1.88069,2.96352,8.8822e+06,3.61194e+06,2.16213e+07,0,0,0,8.67616e+07
85.139,85.139,17.8534,0.1,0.02,1.56791,2.6176,0,0.364888,4.47552,4.27398e+06,2.70226e+06,6.7012e+06,0,0,0,0,80.8192,79.791,18.7423,0,0,2.23875,1.18906,0,1.88069,2.96352,8.8822e+06,3.61194e+06,1.9885e+07,0,0,0,8.67616e+07
85.139,85.139,4.21579,0.1,0.02,1.37312,2.61805,0,0.293826,4.47552,4.27398e+06,2.70226e+06,5.86868e+06,0,0,0,0,80.8192,79.791,5.56238,0,0,2.4342,1.18926,0,1.72966,2.96352,8.8822e+06,3.61194e+06,2.1621e+07,0,0,0,8.67616e+07
85.139,85.139,5.77253,0.1,0.02,1.37378,2.61851,0,0.257322,4.47552,4.27398e+06,2.70226e+06,5.87151e+06,0,0,0,0,80.8192,79.791,7.91024,0,0,2.4342,1.18947,0,1.88066,2.96352,8.8822e+06,3.61194e+06,2.1621e+07,0,0,0,8.67616e+07
85.139,85.139,7.23593,0.1,0.02,1.37444,2.61896,0,0.257446,4.47552,4.27398e+06,2.70226e+06,5.87434e+06,0,0,0,0,80.8192,79.791,9.12742,0,0,2.4342,1.18968,0,1.88066,2.96352,8.8822e+06,3.61194e+06,2.1621e+07,0,0,0,8.67616e+07
85.139,85.139,6.74837,0.1,0.02,1.3751,2.61942,0,0.257571,4.47552,4.27398e+06,2.70226e+06,5.87717e+06,0,0,0,0,80.8192,79.791,8.15407,0,0,2.4342,1.18988,0,1.88066,2.96352,8.8822e+06,3.61194e+06,2.1621e+07,0,0,0,8.67616e+07
85.139,85.139,5.15094,0.1,0.02,1.47149,2.7156,0,0.257695,4.47552,4.27398e+06,2.70226e+06,6.28912e+06,0,0,0,0,80.8192,79.791,6.1569,0,0,2.48206,1.23796,0,1.88066,2.96352,8.8822e+06,3.61194e+06,2.20462e+07,0,0,0,8.67616e+07
85.139,85.139,6.76469,0.1,0.02,1.52004,2.71607,0,0.275758,4.47552,4.27398e+06,2.70226e+06,6.4966e+06,0,0,0,0,80.8192,79.791,8.45891,0,0,2.43421,1.23817,0,1.91764,2.96352,8.8822e+06,3.61194e+06,2.16211e+07,0,0,0,8.67616e+07
85.139,85.139,4.78133,0.1,0.02,1.52072,2.71654,0,0.284855,4.47552,4.27398e+06,2.70226e+06,6.49954e+06,0,0,0,0,80.8192,79.791,5.60267,0,0,2.43421,1.23839,0,1.88067,2.96352,8.8822e+06,3.61194e+06,2.16211e+07,0,0,0,8.67616e+07
85.139,85.139,4.16207,0.09,0.02,1.52141,2.71702,0,0.284983,4.47552,4.27398e+06,2.70226e+06,6.50247e+06,0,0,0,0,80.8192,79.791,4.68776,0,0,2.43421,1.2386,0,1.88067,2.96352,8.8822e+06,3.61194e+06,2.16211e+07,0,0,0,8.67616e+07
85.139,85.139,4.29251,0.08,0.02,1.48464,2.68004,0,0.285112,4.47552,4.27398e+06,2.70226e+06,6.34534e+06,0,0,0,0,80.8192,79.791,5.43523,0,0,2.4156,1.22021,0,1.88067,2.96352,8.8822e+06,3.61194e+06,2.14559e+07,0,0,0,8.67616e+07
85.139,85.139,3.84507,0.08,0.02,1.46672,2.6805,0,0.278222,4.47552,4.27398e+06,2.70226e+06,6.26874e+06,0,0,0,0,80.8192,79.791,4.37993,0,0,2.4342,1.22043,0,1.8663,2.96352,8.8822e+06,3.61194e+06,2.16211e+07,0,0,0,8.67616e+07
85.139,85.139,3.41623,0.08,0.02,1.4674,2.68097,0,0.274864,4.47552,4.27398e+06,2.70226e+06,6.27164e+06,0,0,0,0,80.8192,79.791,3.6681,0,0,2.4342,1.22064,0,1.88067,2.96352,8.8822e+06,3.61194e+06,2.16211e+07,0,0,0,8.67616e+07
85.139,85.139,4.01723,0.08,0.02,1.46808,2.68143,0,0.274991,4.47552,4.27398e+06,2.70226e+06,6.27454e+06,0,0,0,0,80.8192,79.791,3.96839,0,0,2.4342,1.22085,0,1.88067,2.96352,8.8822e+06,3.61194e+06,2.16211e+07,0,0,0,8.67616e+07
85.139,85.139,3.37237,0.08,0.02,1.59598,2.80912,0,0.275118,4.47552,4.27398e+06,2.70226e+06,6.82118e+06,0,0,0,0,80.8192,79.791,3.73849,0,0,2.50022,1.28708,0,1.88067,2.96352,8.8822e+06,3.61194e+06,2.22075e+07,0,0,0,8.67616e+07
85.139,85.139,3.19925,0.08,0.02,1.6627,2.80961,0,0.299087,4.47552,4.27398e+06,2.70226e+06,7.10633e+06,0,0,0,0,80.8192,79.791,3.2533,0,0,2.43422,1.2873,0,1.93167,2.96352,8.8822e+06,3.61194e+06,2.16212e+07,0,0,0,8.67616e+07
85.139,85.139,3.00036,0.05,0.02,1.66341,2.8101,0,0.31159,4.47552,4.27398e+06,2.70226e+06,7.10938e+06,0,0,0,0,80.8192,79.791,2.99856,0,0,2.43422,1.28753,0,1.88068,2.96352,8.8822e+06,3.61194e+06,2.16212e+07,0,0,0,8.67616e+07
85.139,85.139,2.95255,0.04,0.02,1.66412,2.81059,0,0.311723,4.47552,4.27398e+06,2.70226e+06,7.11242e+06,0,0,0,0,80.8192,79.791,3.06506,0,0,2.43422,1.28775,0,1.88068,2.96352,8.8822e+06,3.61194e+06,2.16212e+07,0,0,0,8.67616e+07
85.139,85.139,2.65609,0.03,0.02,1.66484,2.81108,0,0.311857,4.47552,4.27398e+06,2.70226e+06,7.11547e+06,0,0,0,0,80.8192,79.791,3.01061,0,0,2.43422,1.28798,0,1.88068,2.96352,8.8822e+06,3.61194e+06,2.16212e+07,0,0,0,8.67616e+07
85.139,85.139,2.73107,0.02,0.02,1.64037,2.78638,0,0.31199,4.47552,4.27398e+06,2.70226e+06,7.01089e+06,0,0,0,0,80.8192,79.791,2.75136,0,0,2.47053,1.32452,0,1.88068,2.96352,8.8822e+06,3.61194e+06,2.19437e+07,0,0,0,8.67616e+07
85.139,85.139,2.52253,0.02,0.02,1.67739,2.78687,0,0.307405,4.47552,4.27398e+06,2.70226e+06,7.16913e+06,0,0,0,0,80.7766,79.791,2.5987,0,0,2.43422,1.32475,0,1.90873,2.96352,8.8822e+06,3.61194e+06,2.16212e+07,0,0,0,8.67616e+07
85.139,85.139,2.29182,0.02,0.02,1.67811,2.78735,0,0.314343,4.47552,4.27398e+06,2.70226e+06,7.17219e+06,0,0,0,0,80.6757,79.791,2.3961,0,0,2.43422,1.32498,0,1.88068,2.96352,8.8822e+06,3.61194e+06,2.16212e+07,0,0,0,8.67616e+07
85.139,85.139,2.16898,0.02,0.02,1.67882,2.78784,0,0.314477,4.47552,4.27398e+06,2.70226e+06,7.17524e+06,0,0,0,0,80.4569,79.791,2.35686,0,0,2.43422,1.32521,0,1.88068,2.96352,8.8822e+06,3.61194e+06,2.16212e+07,0,0,0,8.67616e+07
85.0848,85.139,2.02036,0.02,0.02,1.74461,2.8534,0,0.314611,4.47552,4.27398e+06,2.70226e+06,7.45642e+06,0,0,0,0,80.1936,79.791,2.29378,0,0,2.46661,1.35782,0,1.88068,2.96352,8.8822e+06,3.61194e+06,2.19089e+07,0,0,0,8.67616e+07
84.8477,85.139,1.84535,0.02,0.02,1.77772,2.85389,0,0.32694,4.47552,4.27398e+06,2.70226e+06,7.59795e+06,0,0,0,0,79.8077,79.791,2.07835,0,0,2.43423,1.35806,0,1.9057,2.96352,8.8822e+06,3.61194e+06,2.16213e+07,0,0,0,8.67616e+07
84.4983,85.139,1.72697,0.03,0.02,1.77846,2.85439,0,0.333146,4.47552,4.27398e+06,2.70226e+06,7.60109e+06,0,0,0,0,79.4406,79.791,1.90357,0,0,2.43423,1.3583,0,1.88068,2.96352,8.8822e+06,3.61194e+06,2.16213e+07,0,0,0,8.67616e+07
84.1281,85.139,1.69716,0.03,0.02,1.77919,2.85488,0,0.333283,4.47552,4.27398e+06,2.70226e+06,7.60422e+06,0,0,0,0,79.2105,79.791,2.04868,0,0,2.43423,1.35853,0,1.88068,2.96352,8.8822e+06,3.61194e+06,2.16213e+07,0,0,0,8.67616e+07
83.7405,85.139,1.82623,0.04,0.02,1.97062,3.04608,0,0.33342,4.47552,4.27398e+06,2.70226e+06,8.42239e+06,0,0,0,0,78.911,79.791,2.24205,0,0,2.55121,1.47575,0,1.88068,2.96352,8.8822e+06,3.61194e+06,2.26604e+07,0,0,0,8.67616e+07
83.1057,85.139,1.70505,0.04,0.02,2.08837,3.04661,0,0.369294,4.47552,4.27398e+06,2.70226e+06,8.92565e+06,0,0,0,0,78.5818,79.791,1.90357,0,0,2.43425,1.47601,0,1.97107,2.96352,8.8822e+06,3.61194e+06,2.16215e+07,0,0,0,8.67616e+07
82.6666,85.139,1.92062,0.04,0.02,2.08916,3.04714,0,0.391361,4.47552,4.27398e+06,2.70226e+06,8.92901e+06,0,0,0,0,78.1785,79.791,2.34795,0,0,2.43425,1.47627,0,1.8807,2.96352,8.8822e+06,3.61194e+06,2.16215e+07,0,0,0,8.67616e+07
81.8522,85.139,1.54795,0.04,0.02,2.08994,3.04767,0,0.391508,4.47552,4.27398e+06,2.70226e+06,8.93238e+06,0,0,0,0,77.781,79.791,1.7033,0,0,2.43425,1.47652,0,1.8807,2.96352,8.8822e+06,3.61194e+06,2.16215e+07,0,0,0,8.67616e+07
81.3791,85.139,1.87121,0.04,0.02,2.09073,3.0482,0,0.391656,4.47552,4.27398e+06,2.70226e+06,8.93574e+06,0,0,0,0,77.7724,79.791,2.93755,0,0,2.43425,1.47678,0,1.8807,2.96352,8.8822e+06,3.61194e+06,2.16215e+07,0,0,0,8.67616e+07
81.3217,85.139,2.17377,0.05,0.02,1.9985,2.95571,0,0.391803,4.47552,4.27398e+06,2.70226e+06,8.54153e+06,0,0,0,0,77.4962,79.791,2.60723,0,0,2.36318,1.40597,0,1.8807,2.96352,8.8822e+06,3.61194e+06,2.09902e+07,0,0,0,8.67616e+07
81.3622,85.139,2.27474,0.05,0.02,1.9282,2.95622,0,0.374518,4.47552,4.27398e+06,2.70226e+06,8.24109e+06,0,0,0,0,77.3203,79.791,2.79704,0,0,2.43424,1.40621,0,1.82579,2.96352,8.8822e+06,3.61194e+06,2.16214e+07,0,0,0,8.67616e+07
81.6378,85.139,2.56509,0.05,0.02,1.92896,2.95674,0,0.361345,4.47552,4.27398e+06,2.70226e+06,8.24433e+06,0,0,0,0,77.5254,79.791,3.87259,0,0,2.43424,1.40646,0,1.88069,2.96352,8.8822e+06,3.61194e+06,2.16214e+07,0,0,0,8.67616e+07
81.7957,85.139,2.49155,0.05,0.02,1.92972,2.95725,0,0.361487,4.47552,4.27398e+06,2.70226e+06,8.24758e+06,0,0,0,0,77.6984,79.791,3.68331,0,0,2.43424,1.4067,0,1.88069,2.96352,8.8822e+06,3.61194e+06,2.16214e+07,0,0,0,8.67616e+07
82.0253,85.139,2.58022,0.05,0.02,1.85407,2.88136,0,0.361629,4.47552,4.27398e+06,2.70226e+06,7.92426e+06,0,0,0,0,77.8273,79.791,3.65627,0,0,2.3695,1.34222,0,1.88069,2.96352,8.8822e+06,3.61194e+06,2.10464e+07,0,0,0,8.67616e+07
83.5413,85.139,3.8944,0.05,0.02,1.79008,2.88186,0,0.347453,4.47552,4.27398e+06,2.70226e+06,7.65078e+06,0,0,0,0,78.293,79.791,4.79367,0,0,2.43423,1.34245,0,1.83068,2.96352,8.8822e+06,3.61194e+06,2.16213e+07,0,0,0,8.67616e+07
83.7395,85.139,2.49146,0.05,0.02,1.79082,2.88236,0,0.335462,4.47552,4.27398e+06,2.70226e+06,7.65392e+06,0,0,0,0,78.1856,79.791,2.67369,0,0,2.43423,1.34268,0,1.88068,2.96352,8.8822e+06,3.61194e+06,2.16213e+07,0,0,0,8.67616e+07
85.139,85.139,4.24558,0.05,0.02,1.79155,2.88286,0,0.335599,4.47552,4.27398e+06,2.70226e+06,7.65706e+06,0,0,0,0,78.2907,79.791,2.92115,0,0,2.43423,1.34292,0,1.88068,2.96352,8.8822e+06,3.61194e+06,2.16213e+07,0,0,0,8.67616e+07
85.139,85.139,3.51839,0.02,0.02,1.57514,2.66621,0,0.335737,4.47552,4.27398e+06,2.70226e+06,6.73211e+06,0,0,0,0,78.8189,79.791,5.02902,0,0,2.29931,1.20823,0,1.88068,2.96352,8.8822e+06,3.61194e+06,2.04229e+07,0,0,0,8.67616e+07
85.139,85.139,4.90509,0.02,0.02,1.44092,2.66668,0,0.295181,4.47552,4.27398e+06,2.70226e+06,6.15846e+06,0,0,0,0,79.1538,79.791,4.27169,0,0,2.4342,1.20844,0,1.77645,2.96352,8.8822e+06,3.61194e+06,2.16211e+07,0,0,0,8.67616e+07
85.139,85.139,5.18075,0.03,0.02,1.44159,2.66714,0,0.270029,4.47552,4.27398e+06,2.70226e+06,6.16134e+06,0,0,0,0,79.9245,79.791,6.04252,0,0,2.4342,1.20865,0,1.88066,2.96352,8.8822e+06,3.61194e+06,2.16211e+07,0,0,0,8.67616e+07
85.139,85.139,3.22664,0.03,0.02,1.44227,2.66761,0,0.270155,4.47552,4.27398e+06,2.70226e+06,6.16422e+06,0,0,0,0,79.8102,79.791,3.1497,0,0,2.4342,1.20887,0,1.88066,2.96352,8.8822e+06,3.61194e+06,2.16211e+07,0,0,0,8.67616e+07
85.139,85.139,2.98211,0.04,0.02,1.44294,2.66807,0,0.270281,4.47552,4.27398e+06,2.70226e+06,6.16711e+06,0,0,0,0,79.6815,79.791,2.58765,0,0,2.4342,1.20908,0,1.88066,2.96352,8.8822e+06,3.61194e+06,2.16211e+07,0,0,0,8.67616e+07
85.139,85.139,3.43721,0.05,0.02,1.52721,2.75212,0,0.270408,4.47552,4.27398e+06,2.70226e+06,6.52725e+06,0,0,0,0,80.1376,79.791,4.81647,0,0,2.4733,1.24838,0,1.88066,2.96352,8.8822e+06,3.61194e+06,2.19683e+07,0,0,0,8.67616e+07
85.139,85.139,4.92416,0.05,0.02,1.56697,2.75258,0,0.286199,4.47552,4.27398e+06,2.70226e+06,6.69721e+06,0,0,0,0,80.8192,79.791,6.5314,0,0,2.4342,1.24859,0,1.91087,2.96352,8.8822e+06,3.61194e+06,2.1621e+07,0,0,0,8.67616e+07
85.139,85.139,3.82829,0.07,0.02,1.56764,2.75304,0,0.293651,4.47552,4.27398e+06,2.70226e+06,6.70006e+06,0,0,0,0,80.8192,79.791,5.13636,0,0,2.4342,1.2488,0,1.88066,2.96352,8.8822e+06,3.61194e+06,2.1621e+07,0,0,0,8.67616e+07
85.139,85.139,3.45508,0.07,0.02,1.56831,2.7535,0,0.293776,4.47552,4.27398e+06,2.70226e+06,6.70292e+06,0,0,0,0,80.8192,79.791,4.78706,0,0,2.4342,1.24901,0,1.88066,2.96352,8.8822e+06,3.61194e+06,2.1621e+07,0,0,0,8.67616e+07
85.139,85.139,3.6277,0.07,0.02,1.83759,3.02258,0,0.293901,4.47552,4.27398e+06,2.70226e+06,7.85383e+06,0,0,0,0,80.8192,79.791,5.27533,0,0,2.58108,1.3961,0,1.88066,2.96352,8.8822e+06,3.61194e+06,2.29257e+07,0,0,0,8.67616e+07
85.1118,85.139,2.48371,0.05,0.02,1.98519,3.02308,0,0.344365,4.47552,4.27398e+06,2.70226e+06,8.48464e+06,0,0,0,0,80.8192,79.791,3.45813,0,0,2.43422,1.39633,0,1.99414,2.96352,8.8822e+06,3.61194e+06,2.16213e+07,0,0,0,8.67616e+07
85.139,85.139,3.31426,0.09,0.02,1.98592,3.02358,0,0.372024,4.47552,4.27398e+06,2.70226e+06,8.48779e+06,0,0,0,0,80.8192,79.791,3.42716,0,0,2.43422,1.39656,0,1.88068,2.96352,8.8822e+06,3.61194e+06,2.16213e+07,0,0,0,8.67616e+07
85.139,85.139,4.12047,0.06,0.02,1.98666,3.02409,0,0.372162,4.47552,4.27398e+06,2.70226e+06,8.49094e+06,0,0,0,0,80.8192,79.791,4.92896,0,0,2.43423,1.3968,0,1.88068,2.96352,8.8822e+06,3.61194e+06,2.16213e+07,0,0,0,8.67616e+07
85.139,85.139,4.6343,0.05,0.02,1.60401,2.64121,0,0.3723,4.47552,4.27398e+06,2.70226e+06,6.85551e+06,0,0,0,0,80.8192,79.791,4.88782,0,0,2.23698,1.19978,0,1.88068,2.96352,8.8822e+06,3.61194e+06,1.98693e+07,0,0,0,8.67616e+07
85.139,85.139,7.85103,0.06,0.02,1.40744,2.64165,0,0.300592,4.47552,4.27398e+06,2.70226e+06,6.01536e+06,0,0,0,0,80.8192,79.791,7.89476,0,0,2.43419,1.19998,0,1.72829,2.96352,8.8822e+06,3.61194e+06,2.1621e+07,0,0,0,8.67616e+07
85.139,85.139,5.89556,0.08,0.02,1.40808,2.64209,0,0.263754,4.47552,4.27398e+06,2.70226e+06,6.01809e+06,0,0,0,0,80.8192,79.791,4.71211,0,0,2.43419,1.20018,0,1.88066,2.96352,8.8822e+06,3.61194e+06,2.1621e+07,0,0,0,8.67616e+07
85.139,85.139,7.05286,0.08,0.02,1.40872,2.64253,0,0.263874,4.47552,4.27398e+06,2.70226e+06,6.02083e+06,0,0,0,0,80.8192,79.791,5.74401,0,0,2.43419,1.20038,0,1.88066,2.96352,8.8822e+06,3.61194e+06,2.1621e+07,0,0,0,8.67616e+07
85.139,85.139,10.3342,0.09,0.02,1.40936,2.64297,0,0.263994,4.47552,4.27398e+06,2.70226e+06,6.02358e+06,0,0,0,0,80.8192,79.791,10.7934,0,0,2.43419,1.20058,0,1.88066,2.96352,8.8822e+06,3.61194e+06,2.1621e+07,0,0,0,8.67616e+07
85.139,85.139,5.56978,0.09,0.02,1.50659,2.74,0,0.264114,4.47552,4.27398e+06,2.70226e+06,6.43912e+06,0,0,0,0,80.8192,79.791,5.10756,0,0,2.48249,1.24908,0,1.88066,2.96352,8.8822e+06,3.61194e+06,2.20499e+07,0,0,0,8.67616e+07
85.139,85.139,3.84744,0.09,0.02,1.55554,2.74045,0,0.282334,4.47552,4.27398e+06,2.70226e+06,6.64834e+06,0,0,0,0,80.8192,79.791,4.22184,0,0,2.4342,1.24929,0,1.91797,2.96352,8.8822e+06,3.61194e+06,2.1621e+07,0,0,0,8.67616e+07
85.139,85.139,3.56924,0.1,0.02,1.5562,2.74091,0,0.291508,4.47552,4.27398e+06,2.70226e+06,6.65118e+06,0,0,0,0,80.8192,79.791,4.53476,0,0,2.4342,1.24949,0,1.88066,2.96352,8.8822e+06,3.61194e+06,2.1621e+07,0,0,0,8.67616e+07
85.139,85.139,3.24134,0.1,0.02,1.55687,2.74137,0,0.291633,4.47552,4.27398e+06,2.70226e+06,6.65403e+06,0,0,0,0,80.8192,79.791,5.23897,0,0,2.4342,1.2497,0,1.88066,2.96352,8.8822e+06,3.61194e+06,2.1621e+07,0,0,0,8.67616e+07
85.139,85.139,2.84723,0.08,0.02,1.51975,2.70404,0,0.291757,4.47552,4.27398e+06,2.70226e+06,6.49536e+06,0,0,0,0,80.7924,79.791,3.02863,0,0,2.41543,1.23114,0,1.88066,2.96352,8.8822e+06,3.61194e+06,2.14543e+07,0,0,0,8.67616e+07
85.139,85.139,2.5028,0.08,0.02,1.50164,2.70449,0,0.2848,4.47552,4.27398e+06,2.70226e+06,6.41796e+06,0,0,0,0,80.6986,79.791,3.15436,0,0,2.4342,1.23135,0,1.86616,2.96352,8.8822e+06,3.61194e+06,2.1621e+07,0,0,0,8.67616e+07
85.139,85.139,2.12026,0.08,0.02,1.50229,2.70494,0,0.281407,4.47552,4.27398e+06,2.70226e+06,6.42077e+06,0,0,0,0,80.5434,79.791,2.85078,0,0,2.4342,1.23155,0,1.88066,2.96352,8.8822e+06,3.61194e+06,2.1621e+07,0,0,0,8.67616e+07
85.0098,85.139,1.94843,0.09,0.02,1.50295,2.70539,0,0.28153,4.47552,4.27398e+06,2.70226e+06,6.42357e+06,0,0,0,0,80.2882,79.791,2.30091,0,0,2.4342,1.23176,0,1.88066,2.96352,8.8822e+06,3.61194e+06,2.1621e+07,0,0,0,8.67616e+07
85.139,85.139,2.40644,0.12,0.02,1.63196,2.8342,0,0.281653,4.47552,4.27398e+06,2.70226e+06,6.97498e+06,0,0,0,0,80.1453,79.791,2.66048,0,0,2.5008,1.29857,0,1.88066,2.96352,8.8822e+06,3.61194e+06,2.22126e+07,0,0,0,8.67616e+07
84.9872,85.139,2.03738,0.08,0.02,1.69925,2.83467,0,0.30583,4.47552,4.27398e+06,2.70226e+06,7.26255e+06,0,0,0,0,79.9837,79.791,2.70457,0,0,2.43421,1.29879,0,1.93212,2.96352,8.8822e+06,3.61194e+06,2.16211e+07,0,0,0,8.67616e+07
84.6495,85.139,1.78371,0.1,0.02,1.69994,2.83514,0,0.318439,4.47552,4.27398e+06,2.70226e+06,7.2655e+06,0,0,0,0,79.6828,79.791,2.51633,0,0,2.43421,1.299,0,1.88067,2.96352,8.8822e+06,3.61194e+06,2.16211e+07,0,0,0,8.67616e+07
84.2493,85.139,1.70463,0.1,0.02,1.70063,2.83562,0,0.318568,4.47552,4.27398e+06,2.70226e+06,7.26845e+06,0,0,0,0,79.4099,79.791,2.53973,0,0,2.43421,1.29922,0,1.88067,2.96352,8.8822e+06,3.61194e+06,2.16211e+07,0,0,0,8.67616e+07
83.7797,85.139,1.62648,0.09,0.02,1.70132,2.83609,0,0.318698,4.47552,4.27398e+06,2.70226e+06,7.2714e+06,0,0,0,0,79.1398,79.791,2.4574,0,0,2.43421,1.29944,0,1.88067,2.96352,8.8822e+06,3.61194e+06,2.16211e+07,0,0,0,8.67616e+07
83.6795,85.139,1.97599,0.06,0.02,1.6766,2.81116,0,0.318827,4.47552,4.27398e+06,2.70226e+06,7.16576e+06,0,0,0,0,78.95,79.791,3.17585,0,0,2.47085,1.33629,0,1.88067,2.96352,8.8822e+06,3.61194e+06,2.19466e+07,0,0,0,8.67616e+07
83.5931,85.139,2.01895,0.05,0.02,1.71393,2.81163,0,0.314195,4.47552,4.27398e+06,2.70226e+06,7.32529e+06,0,0,0,0,78.749,79.791,2.99718,0,0,2.43421,1.33651,0,1.90898,2.96352,8.8822e+06,3.61194e+06,2.16212e+07,0,0,0,8.67616e+07
83.3701,85.139,1.85153,0.03,0.02,1.71462,2.8121,0,0.32119,4.47552,4.27398e+06,2.70226e+06,7.32825e+06,0,0,0,0,78.486,79.791,2.95086,0,0,2.43422,1.33674,0,1.88067,2.96352,8.8822e+06,3.61194e+06,2.16212e+07,0,0,0,8.67616e+07
83.0627,85.139,1.73322,0.02,0.02,1.71531,2.81257,0,0.32132,4.47552,4.27398e+06,2.70226e+06,7.3312e+06,0,0,0,0,78.1381,79.791,2.86302,0,0,2.43422,1.33696,0,1.88067,2.96352,8.8822e+06,3.61194e+06,2.16212e+07,0,0,0,8.67616e+07
82.4755,85.139,1.49566,0.03,0.02,1.78165,2.87869,0,0.321449,4.47552,4.27398e+06,2.70226e+06,7.61475e+06,0,0,0,0,77.709,79.791,2.60029,0,0,2.46689,1.36986,0,1.88067,2.96352,8.8822e+06,3.61194e+06,2.19114e+07,0,0,0,8.67616e+07
81.8669,85.139,1.50206,0.03,0.02,1.81503,2.87917,0,0.333882,4.47552,4.27398e+06,2.70226e+06,7.75741e+06,0,0,0,0,77.3042,79.791,2.6764,0,0,2.43422,1.37009,0,1.90592,2.96352,8.8822e+06,3.61194e+06,2.16212e+07,0,0,0,8.67616e+07
81.1648,85.139,1.38875,0.03,0.02,1.81574,2.87965,0,0.340137,4.47552,4.27398e+06,2.70226e+06,7.76044e+06,0,0,0,0,76.8232,79.791,2.7592,0,0,2.43422,1.37032,0,1.88068,2.96352,8.8822e+06,3.61194e+06,2.16212e+07,0,0,0,8.67616e+07
80.3679,85.139,1.28739,0.04,0.02,1.81645,2.88013,0,0.34027,4.47552,4.27398e+06,2.70226e+06,7.76347e+06,0,0,0,0,76.3066,79.791,2.44695,0,0,2.43422,1.37054,0,1.88068,2.96352,8.8822e+06,3.61194e+06,2.16212e+07,0,0,0,8.67616e+07
79.4434,85.139,1.30925,0.04,0.02,2.00954,3.07299,0,0.340403,4.47552,4.27398e+06,2.70226e+06,8.58875e+06,0,0,0,0,75.8402,79.791,2.77797,0,0,2.55224,1.48879,0,1.88068,2.96352,8.8822e+06,3.61194e+06,2.26695e+07,0,0,0,8.67616e+07
78.148,85.139,1.01776,0.06,0.02,2.1283,3.0735,0,0.376589,4.47552,4.27398e+06,2.70226e+06,9.09632e+06,0,0,0,0,75.3003,79.791,2.27735,0,0,2.43424,1.48904,0,1.97186,2.96352,8.8822e+06,3.61194e+06,2.16214e+07,0,0,0,8.67616e+07
76.8916,85.139,1.07014,0.06,0.02,2.12906,3.07402,0,0.398844,4.47552,4.27398e+06,2.70226e+06,9.09957e+06,0,0,0,0,74.844,79.791,2.68623,0,0,2.43424,1.48929,0,1.88069,2.96352,8.8822e+06,3.61194e+06,2.16214e+07,0,0,0,8.67616e+07
75.4472,85.139,0.874217,0.07,0.02,2.12983,3.07453,0,0.398987,4.47552,4.27398e+06,2.70226e+06,9.10283e+06,0,0,0,0,74.2501,79.791,1.89135,0,0,2.43424,1.48954,0,1.88069,2.96352,8.8822e+06,3.61194e+06,2.16214e+07,0,0,0,8.67616e+07
74.2047,85.139,1.06165,0.08,0.02,2.13059,3.07504,0,0.399129,4.47552,4.27398e+06,2.70226e+06,9.10608e+06,0,0,0,0,73.914,79.791,3.48129,0,0,2.43424,1.48979,0,1.88069,2.96352,8.8822e+06,3.61194e+06,2.16214e+07,0,0,0,8.67616e+07
72.7608,85.139,0.764991,0.08,0.02,2.03751,2.98172,0,0.399272,4.47552,4.27398e+06,2.70226e+06,8.70827e+06,0,0,0,0,73.4496,79.791,2.22876,0,0,2.36255,1.41834,0,1.88069,2.96352,8.8822e+06,3.61194e+06,2.09846e+07,0,0,0,8.67616e+07
71.3045,85.139,0.68346,0.12,0.02,1.96656,2.98221,0,0.381829,4.47552,4.27398e+06,2.70226e+06,8.40505e+06,0,0,0,0,73.2361,79.791,3.57309,0,0,2.43423,1.41858,0,1.82531,2.96352,8.8822e+06,3.61194e+06,2.16213e+07,0,0,0,8.67616e+07
69.7495,85.139,0.574462,0.12,0.02,1.9673,2.98271,0,0.368534,4.47552,4.27398e+06,2.70226e+06,8.40819e+06,0,0,0,0,72.6911,79.791,1.88873,0,0,2.43423,1.41882,0,1.88069,2.96352,8.8822e+06,3.61194e+06,2.16213e+07,0,0,0,8.67616e+07
68.3792,85.139,0.811353,0.12,0.02,1.96803,2.98321,0,0.368672,4.47552,4.27398e+06,2.70226e+06,8.41133e+06,0,0,0,0,72.2793,79.791,2.16602,0,0,2.43423,1.41905,0,1.88069,2.96352,8.8822e+06,3.61194e+06,2.16213e+07,0,0,0,8.67616e+07
67.9653,85.139,1.87441,0.12,0.02,1.89169,2.90663,0,0.368809,4.47552,4.27398e+06,2.70226e+06,8.08505e+06,0,0,0,0,71.8755,79.791,3.33912,0,0,2.36893,1.35399,0,1.88069,2.96352,8.8822e+06,3.61194e+06,2.10413e+07,0,0,0,8.67616e+07
66.629,85.139,0.767781,0.14,0.02,1.82711,2.90712,0,0.354503,4.47552,4.27398e+06,2.70226e+06,7.80904e+06,0,0,0,0,71.2404,79.791,1.16585,0,0,2.43422,1.35421,0,1.83023,2.96352,8.8822e+06,3.61194e+06,2.16212e+07,0,0,0,8.67616e+07
65.9336,85.139,1.43963,0.14,0.02,1.82782,2.9076,0,0.342401,4.47552,4.27398e+06,2.70226e+06,7.81208e+06,0,0,0,0,71.0573,79.791,3.3926,0,0,2.43422,1.35444,0,1.88068,2.96352,8.8822e+06,3.61194e+06,2.16212e+07,0,0,0,8.67616e+07
66.3683,85.139,2.64962,0.14,0.02,1.82853,2.90809,0,0.342534,4.47552,4.27398e+06,2.70226e+06,7.81512e+06,0,0,0,0,71.4577,79.791,4.00418,0,0,2.43422,1.35467,0,1.88068,2.96352,8.8822e+06,3.61194e+06,2.16212e+07,0,0,0,8.67616e+07
65.9624,85.139,1.5937,0.15,0.02,1.6102,2.68952,0,0.342667,4.47552,4.27398e+06,2.70226e+06,6.88195e+06,0,0,0,0,71.329,79.791,2.30897,0,0,2.29812,1.2188,0,1.88068,2.96352,8.8822e+06,3.61194e+06,2.04124e+07,0,0,0,8.67616e+07
65.6884,85.139,1.60435,0.16,0.02,1.47478,2.68997,0,0.301751,4.47552,4.27398e+06,2.70226e+06,6.30317e+06,0,0,0,0,70.9523,79.791,2.67537,0,0,2.4342,1.219,0,1.77553,2.96352,8.8822e+06,3.61194e+06,2.1621e+07,0,0,0,8.67616e+07
64.9673,85.139,1.12335,0.17,0.02,1.47543,2.69042,0,0.276373,4.47552,4.27398e+06,2.70226e+06,6.30596e+06,0,0,0,0,70.5122,79.791,1.69565,0,0,2.4342,1.2192,0,1.88066,2.96352,8.8822e+06,3.61194e+06,2.1621e+07,0,0,0,8.67616e+07
64.9831,85.139,1.93343,0.18,0.02,1.47608,2.69087,0,0.276496,4.47552,4.27398e+06,2.70226e+06,6.30874e+06,0,0,0,0,70.7586,79.791,4.02869,0,0,2.4342,1.21941,0,1.88066,2.96352,8.8822e+06,3.61194e+06,2.1621e+07,0,0,0,8.67616e+07
65.2509,85.139,2.19382,0.19,0.02,1.47674,2.69132,0,0.276618,4.47552,4.27398e+06,2.70226e+06,6.31153e+06,0,0,0,0,70.7996,79.791,3.44485,0,0,2.4342,1.21961,0,1.88066,2.96352,8.8822e+06,3.61194e+06,2.1621e+07,0,0,0,8.67616e+07
66.6466,85.139,3.38218,0.2,0.02,1.56171,2.77609,0,0.27674,4.47552,4.27398e+06,2.70226e+06,6.6747e+06,0,0,0,0,70.732,79.791,2.71848,0,0,2.47363,1.25925,0,1.88066,2.96352,8.8822e+06,3.61194e+06,2.19713e+07,0,0,0,8.67616e+07
67.1584,85.139,2.52559,0.19,0.04,1.60179,2.77653,0,0.292664,5.32224,4.27398e+06,2.70226e+06,6.84603e+06,0,0,0,0,71.1351,79.791,2.97924,0,0,2.43419,1.25945,0,1.91113,2.96352,8.8822e+06,3.61194e+06,2.1621e+07,0,0,0,8.67616e+07
69.3106,85.139,4.32408,0.2,0.04,1.60244,2.77698,0,0.300176,5.32224,4.27398e+06,2.70226e+06,6.84879e+06,0,0,0,0,72.3569,79.791,4.85587,0,0,2.43419,1.25966,0,1.88066,2.96352,8.8822e+06,3.61194e+06,2.1621e+07,0,0,0,8.67616e+07
73.6383,85.139,6.7345,0.15,0.04,1.60309,2.77742,0,0.300297,5.32224,4.27398e+06,2.70226e+06,6.85155e+06,0,0,0,0,76.2242,79.791,10.591,0,0,2.43419,1.25986,0,1.88066,2.96352,8.8822e+06,3.61194e+06,2.1621e+07,0,0,0,8.67616e+07
79.5373,85.139,8.81381,0.16,0.04,1.87468,3.04881,0,0.300418,5.32224,4.27398e+06,2.70226e+06,8.01234e+06,0,0,0,0,79.7562,79.791,11.9254,0,0,2.58235,1.40822,0,1.88066,2.96352,8.8822e+06,3.61194e+06,2.29369e+07,0,0,0,8.67616e+07
81.8026,85.139,5.11625,0.09,0.04,2.02353,3.0493,0,0.351315,5.32224,4.27398e+06,2.70226e+06,8.6485e+06,0,0,0,0,80.8192,79.791,5.76814,0,0,2.43422,1.40844,0,1.99512,2.96352,8.8822e+06,3.61194e+06,2.16212e+07,0,0,0,8.67616e+07
83.5203,85.139,4.40783,0.09,0.04,2.02424,3.04979,0,0.379209,5.32224,4.27398e+06,2.70226e+06,8.65156e+06,0,0,0,0,80.8192,79.791,4.14732,0,0,2.43422,1.40867,0,1.88068,2.96352,8.8822e+06,3.61194e+06,2.16212e+07,0,0,0,8.67616e+07
85.139,85.139,7.11015,0.1,0.04,2.02495,3.05028,0,0.379343,5.32224,4.27398e+06,2.70226e+06,8.65461e+06,0,0,0,0,80.8192,79.791,7.45167,0,0,2.43422,1.40889,0,1.88068,2.96352,8.8822e+06,3.61194e+06,2.16212e+07,0,0,0,8.67616e+07
85.139,85.139,7.57791,0.06,0.04,1.63896,2.66406,0,0.379476,5.32224,4.27398e+06,2.70226e+06,7.0049e+06,0,0,0,0,80.8192,79.791,10.3156,0,0,2.23526,1.21016,0,1.88068,2.96352,8.8822e+06,3.61194e+06,1.9854e+07,0,0,0,8.67616e+07
85.139,85.139,5.31379,0.06,0.04,1.44066,2.66449,0,0.307142,5.32224,4.27398e+06,2.70226e+06,6.15736e+06,0,0,0,0,80.8192,79.791,7.7069,0,0,2.43419,1.21036,0,1.72696,2.96352,8.8822e+06,3.61194e+06,2.16209e+07,0,0,0,8.67616e+07
85.139,85.139,7.12971,0.08,0.04,1.44128,2.66492,0,0.26998,5.32224,4.27398e+06,2.70226e+06,6.16001e+06,0,0,0,0,80.8192,79.791,11.0215,0,0,2.43419,1.21055,0,1.88065,2.96352,8.8822e+06,3.61194e+06,2.16209e+07,0,0,0,8.67616e+07
85.139,85.139,9.04638,0.08,0.04,1.4419,2.66534,0,0.270096,5.32224,4.27398e+06,2.70226e+06,6.16266e+06,0,0,0,0,80.8192,79.791,17.7567,0,0,2.43419,1.21075,0,1.88065,2.96352,8.8822e+06,3.61194e+06,2.16209e+07,0,0,0,8.67616e+07
85.139,85.139,6.13612,0.1,0.04,1.44252,2.66577,0,0.270213,5.32224,4.27398e+06,2.70226e+06,6.16532e+06,0,0,0,0,80.8192,79.791,9.65427,0,0,2.43419,1.21094,0,1.88065,2.96352,8.8822e+06,3.61194e+06,2.16209e+07,0,0,0,8.67616e+07
85.139,85.139,6.85236,0.11,0.04,1.54056,2.76362,0,0.270329,5.32224,4.27398e+06,2.70226e+06,6.58433e+06,0,0,0,0,80.8192,79.791,9.65639,0,0,2.4829,1.25984,0,1.88065,2.96352,8.8822e+06,3.61194e+06,2.20536e+07,0,0,0,8.67616e+07
85.139,85.139,6.24533,0.11,0.04,1.58991,2.76406,0,0.288701,5.32224,4.27398e+06,2.70226e+06,6.79524e+06,0,0,0,0,80.8192,79.791,10.4389,0,0,2.43419,1.26005,0,1.91829,2.96352,8.8822e+06,3.61194e+06,2.1621e+07,0,0,0,8.67616e+07
85.139,85.139,7.01336,0.12,0.04,1.59055,2.7645,0,0.297949,5.32224,4.27398e+06,2.70226e+06,6.798e+06,0,0,0,0,80.8192,79.791,9.7092,0,0,2.43419,1.26025,0,1.88066,2.96352,8.8822e+06,3.61194e+06,2.1621e+07,0,0,0,8.67616e+07
85.139,85.139,5.63881,0.12,0.04,1.5912,2.76494,0,0.29807,5.32224,4.27398e+06,2.70226e+06,6.80075e+06,0,0,0,0,80.8192,79.791,9.15255,0,0,2.43419,1.26045,0,1.88066,2.96352,8.8822e+06,3.61194e+06,2.1621e+07,0,0,0,8.67616e+07
85.139,85.139,4.78224,0.11,0.04,1.55373,2.72727,0,0.298191,5.32224,4.27398e+06,2.70226e+06,6.64061e+06,0,0,0,0,80.8192,79.791,6.47554,0,0,2.41526,1.24172,0,1.88066,2.96352,8.8822e+06,3.61194e+06,2.14528e+07,0,0,0,8.67616e+07
85.139,85.139,4.51749,0.11,0.04,1.53544,2.72771,0,0.291169,5.32224,4.27398e+06,2.70226e+06,6.56243e+06,0,0,0,0,80.8192,79.791,5.73145,0,0,2.43419,1.24192,0,1.86603,2.96352,8.8822e+06,3.61194e+06,2.1621e+07,0,0,0,8.67616e+07
85.139,85.139,3.86212,0.1,0.04,1.53607,2.72815,0,0.287741,5.32224,4.27398e+06,2.70226e+06,6.56515e+06,0,0,0,0,80.8192,79.791,5.20356,0,0,2.43419,1.24212,0,1.88066,2.96352,8.8822e+06,3.61194e+06,2.1621e+07,0,0,0,8.67616e+07
85.139,85.139,3.42802,0.11,0.04,1.53671,2.72858,0,0.28786,5.32224,4.27398e+06,2.70226e+06,6.56787e+06,0,0,0,0,80.8192,79.791,4.58062,0,0,2.43419,1.24232,0,1.88066,2.96352,8.8822e+06,3.61194e+06,2.1621e+07,0,0,0,8.67616e+07
85.139,85.139,3.14303,0.11,0.04,1.6668,2.85848,0,0.28798,5.32224,4.27398e+06,2.70226e+06,7.12388e+06,0,0,0,0,80.8192,79.791,4.21381,0,0,2.50137,1.30969,0,1.88066,2.96352,8.8822e+06,3.61194e+06,2.22176e+07,0,0,0,8.67616e+07
85.139,85.139,3.42419,0.09,0.04,1.73464,2.85894,0,0.312359,5.32224,4.27398e+06,2.70226e+06,7.4138e+06,0,0,0,0,80.8192,79.791,4.23244,0,0,2.4342,1.3099,0,1.93256,2.96352,8.8822e+06,3.61194e+06,2.16211e+07,0,0,0,8.67616e+07
85.139,85.139,3.32525,0.08,0.04,1.7353,2.85939,0,0.325071,5.32224,4.27398e+06,2.70226e+06,7.41665e+06,0,0,0,0,80.8192,79.791,4.07478,0,0,2.4342,1.31011,0,1.88066,2.96352,8.8822e+06,3.61194e+06,2.16211e+07,0,0,0,8.67616e+07
85.139,85.139,3.21043,0.06,0.04,1.73597,2.85985,0,0.325196,5.32224,4.27398e+06,2.70226e+06,7.41951e+06,0,0,0,0,80.8192,79.791,4.3421,0,0,2.4342,1.31032,0,1.88066,2.96352,8.8822e+06,3.61194e+06,2.16211e+07,0,0,0,8.67616e+07
85.139,85.139,2.95066,0.04,0.04,1.73664,2.86031,0,0.325321,5.32224,4.27398e+06,2.70226e+06,7.42236e+06,0,0,0,0,80.8192,79.791,4.10815,0,0,2.4342,1.31053,0,1.88066,2.96352,8.8822e+06,3.61194e+06,2.16211e+07,0,0,0,8.67616e+07
85.139,85.139,2.8456,0.03,0.04,1.71169,2.83515,0,0.325447,5.32224,4.27398e+06,2.70226e+06,7.31571e+06,0,0,0,0,80.8192,79.791,3.56238,0,0,2.47115,1.34769,0,1.88066,2.96352,8.8822e+06,3.61194e+06,2.19493e+07,0,0,0,8.67616e+07
85.139,85.139,2.71014,0.02,0.04,1.7493,2.8356,0,0.32077,5.32224,4.27398e+06,2.70226e+06,7.47648e+06,0,0,0,0,80.8192,79.791,2.96154,0,0,2.43421,1.34791,0,1.90921,2.96352,8.8822e+06,3.61194e+06,2.16211e+07,0,0,0,8.67616e+07
85.139,85.139,2.57,0.02,0.04,1.74997,2.83605,0,0.327819,5.32224,4.27398e+06,2.70226e+06,7.47934e+06,0,0,0,0,80.7863,79.791,2.86739,0,0,2.43421,1.34813,0,1.88067,2.96352,8.8822e+06,3.61194e+06,2.16211e+07,0,0,0,8.67616e+07
85.139,85.139,2.40832,0.02,0.04,1.75064,2.83651,0,0.327945,5.32224,4.27398e+06,2.70226e+06,7.48221e+06,0,0,0,0,80.6416,79.791,2.6817,0,0,2.43421,1.34834,0,1.88067,2.96352,8.8822e+06,3.61194e+06,2.16211e+07,0,0,0,8.67616e+07
85.139,85.139,2.22745,0.02,0.04,1.81752,2.90317,0,0.328071,5.32224,4.27398e+06,2.70226e+06,7.76805e+06,0,0,0,0,80.4229,79.791,2.45715,0,0,2.46716,1.38151,0,1.88067,2.96352,8.8822e+06,3.61194e+06,2.19138e+07,0,0,0,8.67616e+07
85.139,85.139,2.3438,0.02,0.04,1.85116,2.90364,0,0.340604,5.32224,4.27398e+06,2.70226e+06,7.9118e+06,0,0,0,0,80.2893,79.791,2.51805,0,0,2.43421,1.38173,0,1.90613,2.96352,8.8822e+06,3.61194e+06,2.16212e+07,0,0,0,8.67616e+07
85.139,85.139,2.14321,0.02,0.04,1.85184,2.9041,0,0.346907,5.32224,4.27398e+06,2.70226e+06,7.91474e+06,0,0,0,0,80.0268,79.791,2.47744,0,0,2.43421,1.38195,0,1.88067,2.96352,8.8822e+06,3.61194e+06,2.16212e+07,0,0,0,8.67616e+07
85.01,85.139,1.96657,0.02,0.04,1.85253,2.90457,0,0.347035,5.32224,4.27398e+06,2.70226e+06,7.91767e+06,0,0,0,0,79.7117,79.791,2.1723,0,0,2.43421,1.38218,0,1.88067,2.96352,8.8822e+06,3.61194e+06,2.16212e+07,0,0,0,8.67616e+07
84.8309,85.139,2.06924,0.04,0.04,2.04723,3.09905,0,0.347164,5.32224,4.27398e+06,2.70226e+06,8.74982e+06,0,0,0,0,79.4907,79.791,2.58615,0,0,2.55323,1.50142,0,1.88067,2.96352,8.8822e+06,3.61194e+06,2.26783e+07,0,0,0,8.67616e+07
84.0454,85.139,1.52788,0.04,0.04,2.16697,3.09954,0,0.383651,5.32224,4.27398e+06,2.70226e+06,9.26157e+06,0,0,0,0,79.0821,79.791,2.14283,0,0,2.43423,1.50166,0,1.97263,2.96352,8.8822e+06,3.61194e+06,2.16213e+07,0,0,0,8.67616e+07
82.9818,85.139,1.22321,0.04,0.04,2.1677,3.10004,0,0.40609,5.32224,4.27398e+06,2.70226e+06,9.26472e+06,0,0,0,0,78.6674,79.791,1.84913,0,0,2.43423,1.5019,0,1.88069,2.96352,8.8822e+06,3.61194e+06,2.16213e+07,0,0,0,8.67616e+07
82.3624,85.139,1.66847,0.04,0.04,2.16844,3.10054,0,0.406228,5.32224,4.27398e+06,2.70226e+06,9.26787e+06,0,0,0,0,78.3153,79.791,2.08054,0,0,2.43423,1.50214,0,1.88069,2.96352,8.8822e+06,3.61194e+06,2.16213e+07,0,0,0,8.67616e+07
82.4453,85.139,2.44449,0.05,0.04,2.16918,3.10103,0,0.406366,5.32224,4.27398e+06,2.70226e+06,9.27103e+06,0,0,0,0,78.1813,79.791,2.46984,0,0,2.43423,1.50238,0,1.88069,2.96352,8.8822e+06,3.61194e+06,2.16213e+07,0,0,0,8.67616e+07
82.5749,85.139,2.41256,0.05,0.04,2.07529,3.0069,0,0.406504,5.32224,4.27398e+06,2.70226e+06,8.86973e+06,0,0,0,0,78.2131,79.791,2.76145,0,0,2.36194,1.43032,0,1.88069,2.96352,8.8822e+06,3.61194e+06,2.09792e+07,0,0,0,8.67616e+07
82.5007,85.139,2.10919,0.05,0.04,2.00371,3.00738,0,0.388909,5.32224,4.27398e+06,2.70226e+06,8.56382e+06,0,0,0,0,78.984,79.791,4.99691,0,0,2.43422,1.43055,0,1.82483,2.96352,8.8822e+06,3.61194e+06,2.16212e+07,0,0,0,8.67616e+07
82.1616,85.139,1.84761,0.05,0.04,2.00442,3.00786,0,0.375495,5.32224,4.27398e+06,2.70226e+06,8.56685e+06,0,0,0,0,78.9876,79.791,2.89303,0,0,2.43422,1.43078,0,1.88068,2.96352,8.8822e+06,3.61194e+06,2.16212e+07,0,0,0,8.67616e+07
81.776,85.139,1.79067,0.06,0.04,2.00513,3.00835,0,0.375629,5.32224,4.27398e+06,2.70226e+06,8.56989e+06,0,0,0,0,78.9202,79.791,2.6658,0,0,2.43422,1.43101,0,1.88068,2.96352,8.8822e+06,3.61194e+06,2.16212e+07,0,0,0,8.67616e+07
83.0292,85.139,3.67195,0.07,0.04,1.92812,2.9311,0,0.375762,5.32224,4.27398e+06,2.70226e+06,8.24074e+06,0,0,0,0,79.9627,79.791,4.61194,0,0,2.36837,1.36539,0,1.88068,2.96352,8.8822e+06,3.61194e+06,2.10363e+07,0,0,0,8.67616e+07
82.4836,85.139,1.63598,0.07,0.04,1.86297,2.93157,0,0.361329,5.32224,4.27398e+06,2.70226e+06,7.96228e+06,0,0,0,0,79.8604,79.791,2.54691,0,0,2.43421,1.36561,0,1.8298,2.96352,8.8822e+06,3.61194e+06,2.16211e+07,0,0,0,8.67616e+07
81.9588,85.139,1.7402,0.07,0.04,1.86366,2.93204,0,0.34912,5.32224,4.27398e+06,2.70226e+06,7.96522e+06,0,0,0,0,79.6166,79.791,1.90057,0,0,2.43421,1.36582,0,1.88067,2.96352,8.8822e+06,3.61194e+06,2.16211e+07,0,0,0,8.67616e+07
81.7057,85.139,2.0308,0.06,0.04,1.86434,2.93251,0,0.349249,5.32224,4.27398e+06,2.70226e+06,7.96816e+06,0,0,0,0,79.9771,79.791,4.07804,0,0,2.43421,1.36604,0,1.88067,2.96352,8.8822e+06,3.61194e+06,2.16211e+07,0,0,0,8.67616e+07
84.7802,85.139,5.45993,0.06,0.04,1.64415,2.71209,0,0.349378,5.32224,4.27398e+06,2.70226e+06,7.02704e+06,0,0,0,0,80.8192,79.791,8.34578,0,0,2.29697,1.22903,0,1.88067,2.96352,8.8822e+06,3.61194e+06,2.04022e+07,0,0,0,8.67616e+07
85.139,85.139,5.3673,0.08,0.04,1.50756,2.71253,0,0.308113,5.32224,4.27398e+06,2.70226e+06,6.44329e+06,0,0,0,0,80.8192,79.791,6.69416,0,0,2.43419,1.22922,0,1.77464,2.96352,8.8822e+06,3.61194e+06,2.16209e+07,0,0,0,8.67616e+07
85.139,85.139,5.97049,0.04,0.04,1.50819,2.71296,0,0.282517,5.32224,4.27398e+06,2.70226e+06,6.44599e+06,0,0,0,0,80.8192,79.791,8.33706,0,0,2.43419,1.22942,0,1.88065,2.96352,8.8822e+06,3.61194e+06,2.16209e+07,0,0,0,8.67616e+07
85.139,85.139,6.86557,0.04,0.04,1.50883,2.7134,0,0.282636,5.32224,4.27398e+06,2.70226e+06,6.44869e+06,0,0,0,0,80.8192,79.791,9.6265,0,0,2.43419,1.22962,0,1.88065,2.96352,8.8822e+06,3.61194e+06,2.16209e+07,0,0,0,8.67616e+07
85.139,85.139,7.04527,0.05,0.04,1.50946,2.71383,0,0.282754,5.32224,4.27398e+06,2.70226e+06,6.45139e+06,0,0,0,0,80.8192,79.791,8.49707,0,0,2.43419,1.22981,0,1.88065,2.96352,8.8822e+06,3.61194e+06,2.16209e+07,0,0,0,8.67616e+07
85.139,85.139,5.96705,0.06,0.04,1.50965,2.71383,0,0.282872,5.32224,4.27398e+06,2.70226e+06,6.45223e+06,0,0,0,0,80.8192,79.791,7.12933,0,0,2.43399,1.22981,0,1.88065,2.96352,8.8822e+06,3.61194e+06,2.16192e+07,0,0,0,8.67616e+07
84.8225,85.139,1.79883,0.06,0,1.59511,2.79929,0,0.282909,5.32224,4.27398e+06,2.70226e+06,6.81748e+06,0,0,0,0,80.8192,79.791,3.58186,0,0,2.47396,1.26978,0,1.8805,2.96352,8.8822e+06,3.61194e+06,2.19742e+07,0,0,0,8.67616e+07
85.139,85.139,2.92247,0.11,0,1.63551,2.79972,0,0.298924,5.32224,4.27398e+06,2.70226e+06,6.99013e+06,0,0,0,0,80.8192,79.791,4.16141,0,0,2.43419,1.26997,0,1.91138,2.96352,8.8822e+06,3.61194e+06,2.16209e+07,0,0,0,8.67616e+07
85.0536,85.139,2.08651,0.08,0,1.63613,2.80015,0,0.306494,5.32224,4.27398e+06,2.70226e+06,6.9928e+06,0,0,0,0,80.8192,79.791,3.54438,0,0,2.43419,1.27017,0,1.88065,2.96352,8.8822e+06,3.61194e+06,2.16209e+07,0,0,0,8.67616e+07
84.9573,85.139,2.07394,0.11,0,1.63676,2.80058,0,0.306611,5.32224,4.27398e+06,2.70226e+06,6.99547e+06,0,0,0,0,80.8192,79.791,3.59174,0,0,2.43419,1.27036,0,1.88065,2.96352,8.8822e+06,3.61194e+06,2.16209e+07,0,0,0,8.67616e+07
85.139,85.139,3.2559,0.11,0,1.91059,3.07422,0,0.306729,5.32224,4.27398e+06,2.70226e+06,8.16581e+06,0,0,0,0,80.8192,79.791,5.22301,0,0,2.58358,1.41995,0,1.88065,2.96352,8.8822e+06,3.61194e+06,2.29478e+07,0,0,0,8.67616e+07
85.139,85.139,3.83062,0.07,0,2.06065,3.07469,0,0.358044,5.32224,4.27398e+06,2.70226e+06,8.80716e+06,0,0,0,0,80.7895,79.791,4.57254,0,0,2.43421,1.42017,0,1.99607,2.96352,8.8822e+06,3.61194e+06,2.16211e+07,0,0,0,8.67616e+07
84.6056,85.139,2.02646,0.06,0,2.06134,3.07516,0,0.386165,5.32224,4.27398e+06,2.70226e+06,8.81011e+06,0,0,0,0,80.8192,79.791,2.74283,0,0,2.43421,1.42039,0,1.88067,2.96352,8.8822e+06,3.61194e+06,2.16211e+07,0,0,0,8.67616e+07
84.6226,85.139,2.57452,0.1,0,2.06203,3.07563,0,0.386294,5.32224,4.27398e+06,2.70226e+06,8.81306e+06,0,0,0,0,80.8192,79.791,3.41885,0,0,2.43421,1.4206,0,1.88067,2.96352,8.8822e+06,3.61194e+06,2.16211e+07,0,0,0,8.67616e+07
85.139,85.139,3.76748,0.12,0,1.6728,2.68619,0,0.386424,5.32224,4.27398e+06,2.70226e+06,7.14952e+06,0,0,0,0,80.8192,79.791,4.55472,0,0,2.2336,1.22021,0,1.88067,2.96352,8.8822e+06,3.61194e+06,1.98393e+07,0,0,0,8.67616e+07
85.139,85.139,4.00743,0.08,0,1.47282,2.6866,0,0.313483,5.32224,4.27398e+06,2.70226e+06,6.29482e+06,0,0,0,0,80.8192,79.791,3.86706,0,0,2.43418,1.2204,0,1.72568,2.96352,8.8822e+06,3.61194e+06,2.16209e+07,0,0,0,8.67616e+07
85.139,85.139,5.21124,0.09,0,1.47343,2.68701,0,0.276007,5.32224,4.27398e+06,2.70226e+06,6.29739e+06,0,0,0,0,80.8192,79.791,5.48721,0,0,2.43418,1.22059,0,1.88065,2.96352,8.8822e+06,3.61194e+06,2.16209e+07,0,0,0,8.67616e+07
85.139,85.139,5.95416,0.1,0,1.47403,2.68743,0,0.27612,5.32224,4.27398e+06,2.70226e+06,6.29995e+06,0,0,0,0,80.8192,79.791,10.7059,0,0,2.43418,1.22078,0,1.88065,2.96352,8.8822e+06,3.61194e+06,2.16209e+07,0,0,0,8.67616e+07
85.139,85.139,3.94899,0.11,0,1.47463,2.68784,0,0.276232,5.32224,4.27398e+06,2.70226e+06,6.30252e+06,0,0,0,0,80.8192,79.791,4.73544,0,0,2.43418,1.22096,0,1.88065,2.96352,8.8822e+06,3.61194e+06,2.16209e+07,0,0,0,8.67616e+07
85.139,85.139,2.64947,0.12,0,1.57345,2.78648,0,0.276345,5.32224,4.27398e+06,2.70226e+06,6.72489e+06,0,0,0,0,80.8192,79.791,4.40723,0,0,2.48329,1.27027,0,1.88065,2.96352,8.8822e+06,3.61194e+06,2.20571e+07,0,0,0,8.67616e+07
85.139,85.139,2.57954,0.12,0,1.62318,2.7869,0,0.294864,5.32224,4.27398e+06,2.70226e+06,6.93743e+06,0,0,0,0,80.8192,79.791,3.81369,0,0,2.43419,1.27046,0,1.91859,2.96352,8.8822e+06,3.61194e+06,2.16209e+07,0,0,0,8.67616e+07
85.139,85.139,3.93763,0.12,0,1.6238,2.78733,0,0.304184,5.32224,4.27398e+06,2.70226e+06,6.94009e+06,0,0,0,0,80.8192,79.791,6.86568,0,0,2.43419,1.27066,0,1.88065,2.96352,8.8822e+06,3.61194e+06,2.16209e+07,0,0,0,8.67616e+07
85.139,85.139,2.67239,0.13,0,1.62442,2.78776,0,0.3043,5.32224,4.27398e+06,2.70226e+06,6.94275e+06,0,0,0,0,80.8192,79.791,4.12493,0,0,2.43419,1.27085,0,1.88065,2.96352,8.8822e+06,3.61194e+06,2.16209e+07,0,0,0,8.67616e+07
85.139,85.139,2.4848,0.12,0,1.58662,2.74976,0,0.304417,5.32224,4.27398e+06,2.70226e+06,6.78118e+06,0,0,0,0,80.8192,79.791,3.74159,0,0,2.4151,1.25196,0,1.88065,2.96352,8.8822e+06,3.61194e+06,2.14514e+07,0,0,0,8.67616e+07
85.139,85.139,2.2456,0.11,0,1.56815,2.75018,0,0.297333,5.32224,4.27398e+06,2.70226e+06,6.70224e+06,0,0,0,0,80.8192,79.791,3.25823,0,0,2.43418,1.25215,0,1.86591,2.96352,8.8822e+06,3.61194e+06,2.16209e+07,0,0,0,8.67616e+07
85.139,85.139,2.61821,0.11,0,1.56877,2.75061,0,0.293871,5.32224,4.27398e+06,2.70226e+06,6.70487e+06,0,0,0,0,80.8192,79.791,3.22676,0,0,2.43418,1.25234,0,1.88065,2.96352,8.8822e+06,3.61194e+06,2.16209e+07,0,0,0,8.67616e+07
85.139,85.139,2.08937,0.11,0,1.56938,2.75103,0,0.293987,5.32224,4.27398e+06,2.70226e+06,6.7075e+06,0,0,0,0,80.8192,79.791,3.16011,0,0,2.43418,1.25254,0,1.88065,2.96352,8.8822e+06,3.61194e+06,2.16209e+07,0,0,0,8.67616e+07
84.9019,85.139,1.80774,0.11,0,1.70052,2.88197,0,0.294102,5.32224,4.27398e+06,2.70226e+06,7.26797e+06,0,0,0,0,80.8012,79.791,2.70856,0,0,2.50191,1.32046,0,1.88065,2.96352,8.8822e+06,3.61194e+06,2.22225e+07,0,0,0,8.67616e+07
84.5101,85.139,1.72514,0.13,0,1.76888,2.88241,0,0.318677,5.32224,4.27398e+06,2.70226e+06,7.56015e+06,0,0,0,0,80.702,79.791,2.43093,0,0,2.43419,1.32066,0,1.93298,2.96352,8.8822e+06,3.61194e+06,2.1621e+07,0,0,0,8.67616e+07
83.9536,85.139,1.52603,0.12,0,1.76953,2.88286,0,0.331488,5.32224,4.27398e+06,2.70226e+06,7.56291e+06,0,0,0,0,80.54,79.791,2.293,0,0,2.43419,1.32086,0,1.88066,2.96352,8.8822e+06,3.61194e+06,2.1621e+07,0,0,0,8.67616e+07
83.3507,85.139,1.44247,0.11,0,1.77017,2.8833,0,0.331609,5.32224,4.27398e+06,2.70226e+06,7.56567e+06,0,0,0,0,80.3177,79.791,2.18337,0,0,2.43419,1.32107,0,1.88066,2.96352,8.8822e+06,3.61194e+06,2.1621e+07,0,0,0,8.67616e+07
82.61,85.139,1.30788,0.07,0,1.77082,2.88374,0,0.33173,5.32224,4.27398e+06,2.70226e+06,7.56843e+06,0,0,0,0,80.0824,79.791,2.11036,0,0,2.43419,1.32127,0,1.88066,2.96352,8.8822e+06,3.61194e+06,2.1621e+07,0,0,0,8.67616e+07
81.8189,85.139,1.23614,0.06,0,1.74563,2.85835,0,0.331851,5.32224,4.27398e+06,2.70226e+06,7.46079e+06,0,0,0,0,79.8143,79.791,2.10051,0,0,2.47145,1.35873,0,1.88066,2.96352,8.8822e+06,3.61194e+06,2.19519e+07,0,0,0,8.67616e+07
80.9553,85.139,1.17808,0.05,0,1.78353,2.85879,0,0.327131,5.32224,4.27398e+06,2.70226e+06,7.62275e+06,0,0,0,0,79.4363,79.791,2.09369,0,0,2.4342,1.35894,0,1.90944,2.96352,8.8822e+06,3.61194e+06,2.1621e+07,0,0,0,8.67616e+07
79.9801,85.139,1.03587,0.03,0,1.78417,2.85923,0,0.334233,5.32224,4.27398e+06,2.70226e+06,7.62552e+06,0,0,0,0,79.0691,79.791,1.92521,0,0,2.4342,1.35914,0,1.88066,2.96352,8.8822e+06,3.61194e+06,2.1621e+07,0,0,0,8.67616e+07
78.9751,85.139,0.997438,0.03,0,1.78482,2.85967,0,0.334354,5.32224,4.27398e+06,2.70226e+06,7.62829e+06,0,0,0,0,78.6428,79.791,2.00558,0,0,2.4342,1.35935,0,1.88066,2.96352,8.8822e+06,3.61194e+06,2.1621e+07,0,0,0,8.67616e+07
78.0053,85.139,1.07833,0.07,0,1.85222,2.92686,0,0.334476,5.32224,4.27398e+06,2.70226e+06,7.91635e+06,0,0,0,0,78.3406,79.791,2.03154,0,0,2.46742,1.39278,0,1.88066,2.96352,8.8822e+06,3.61194e+06,2.19161e+07,0,0,0,8.67616e+07
76.9866,85.139,1.05344,0.06,0,1.8861,2.92731,0,0.347106,5.32224,4.27398e+06,2.70226e+06,8.06115e+06,0,0,0,0,77.9854,79.791,2.09585,0,0,2.43421,1.393,0,1.90633,2.96352,8.8822e+06,3.61194e+06,2.16211e+07,0,0,0,8.67616e+07
75.9088,85.139,0.983492,0.06,0,1.88676,2.92776,0,0.353455,5.32224,4.27398e+06,2.70226e+06,8.06399e+06,0,0,0,0,77.5087,79.791,1.97824,0,0,2.43421,1.39321,0,1.88067,2.96352,8.8822e+06,3.61194e+06,2.16211e+07,0,0,0,8.67616e+07
74.7599,85.139,0.902644,0.06,0,1.88743,2.92821,0,0.35358,5.32224,4.27398e+06,2.70226e+06,8.06682e+06,0,0,0,0,77.1017,79.791,1.86382,0,0,2.43421,1.39343,0,1.88067,2.96352,8.8822e+06,3.61194e+06,2.16211e+07,0,0,0,8.67616e+07
73.49,85.139,0.929354,0.07,0,2.08368,3.12425,0,0.353704,5.32224,4.27398e+06,2.70226e+06,8.90562e+06,0,0,0,0,76.8261,79.791,2.49187,0,0,2.55419,1.51363,0,1.88067,2.96352,8.8822e+06,3.61194e+06,2.26868e+07,0,0,0,8.67616e+07
71.9076,85.139,0.711488,0.13,0,2.20436,3.12473,0,0.390482,5.32224,4.27398e+06,2.70226e+06,9.4214e+06,0,0,0,0,76.4785,79.791,2.27946,0,0,2.43422,1.51386,0,1.97337,2.96352,8.8822e+06,3.61194e+06,2.16213e+07,0,0,0,8.67616e+07
70.3477,85.139,0.721085,0.13,0,2.20508,3.12521,0,0.413098,5.32224,4.27398e+06,2.70226e+06,9.42445e+06,0,0,0,0,76.1057,79.791,2.19425,0,0,2.43422,1.51409,0,1.88068,2.96352,8.8822e+06,3.61194e+06,2.16213e+07,0,0,0,8.67616e+07
69.1215,85.139,1.06457,0.14,0,2.20579,3.12569,0,0.413231,5.32224,4.27398e+06,2.70226e+06,9.4275e+06,0,0,0,0,75.8426,79.791,2.61675,0,0,2.43422,1.51432,0,1.88068,2.96352,8.8822e+06,3.61194e+06,2.16213e+07,0,0,0,8.67616e+07
68.1426,85.139,1.33068,0.14,0,2.2065,3.12617,0,0.413365,5.32224,4.27398e+06,2.70226e+06,9.43054e+06,0,0,0,0,75.961,79.791,3.70892,0,0,2.43422,1.51456,0,1.88068,2.96352,8.8822e+06,3.61194e+06,2.16213e+07,0,0,0,8.67616e+07
66.8385,85.139,0.86436,0.14,0,2.11182,3.03125,0,0.413499,5.32224,4.27398e+06,2.70226e+06,9.02586e+06,0,0,0,0,75.4739,79.791,2.1143,0,0,2.36134,1.44191,0,1.88068,2.96352,8.8822e+06,3.61194e+06,2.09739e+07,0,0,0,8.67616e+07
65.4482,85.139,0.707845,0.18,0,2.03963,3.03172,0,0.395755,5.32224,4.27398e+06,2.70226e+06,8.71735e+06,0,0,0,0,74.981,79.791,1.68747,0,0,2.43421,1.44213,0,1.82437,2.96352,8.8822e+06,3.61194e+06,2.16212e+07,0,0,0,8.67616e+07
64.4349,85.139,1.16007,0.17,0,2.04032,3.03219,0,0.382227,5.32224,4.27398e+06,2.70226e+06,8.72028e+06,0,0,0,0,74.7583,79.791,2.25078,0,0,2.43421,1.44235,0,1.88067,2.96352,8.8822e+06,3.61194e+06,2.16212e+07,0,0,0,8.67616e+07
64.7347,85.139,2.60671,0.16,0,2.04101,3.03265,0,0.382356,5.32224,4.27398e+06,2.70226e+06,8.72322e+06,0,0,0,0,74.5742,79.791,3.36528,0,0,2.43421,1.44257,0,1.88067,2.96352,8.8822e+06,3.61194e+06,2.16212e+07,0,0,0,8.67616e+07
63.7729,85.139,1.21133,0.16,0,1.96334,2.95476,0,0.382485,5.32224,4.27398e+06,2.70226e+06,8.39128e+06,0,0,0,0,74.2091,79.791,1.50676,0,0,2.36783,1.37641,0,1.88067,2.96352,8.8822e+06,3.61194e+06,2.10315e+07,0,0,0,8.67616e+07
63.4558,85.139,1.81226,0.16,0,1.89764,2.95522,0,0.36793,5.32224,4.27398e+06,2.70226e+06,8.11045e+06,0,0,0,0,74.1235,79.791,2.51416,0,0,2.4342,1.37662,0,1.82939,2.96352,8.8822e+06,3.61194e+06,2.16211e+07,0,0,0,8.67616e+07
62.5198,85.139,1.16777,0.17,0,1.8983,2.95567,0,0.355617,5.32224,4.27398e+06,2.70226e+06,8.1133e+06,0,0,0,0,73.856,79.791,2.09293,0,0,2.4342,1.37683,0,1.88067,2.96352,8.8822e+06,3.61194e+06,2.16211e+07,0,0,0,8.67616e+07
62.598,85.139,2.31526,0.17,0,1.89897,2.95613,0,0.355742,5.32224,4.27398e+06,2.70226e+06,8.11614e+06,0,0,0,0,73.8074,79.791,2.33019,0,0,2.4342,1.37704,0,1.88067,2.96352,8.8822e+06,3.61194e+06,2.16211e+07,0,0,0,8.67616e+07
63.9035,85.139,3.3886,0.18,0,1.67697,2.73392,0,0.355866,5.32224,4.27398e+06,2.70226e+06,7.16732e+06,0,0,0,0,73.8277,79.791,2.9797,0,0,2.29586,1.23891,0,1.88067,2.96352,8.8822e+06,3.61194e+06,2.03923e+07,0,0,0,8.67616e+07
65.105,85.139,3.17686,0.19,0,1.53926,2.73434,0,0.314264,5.32224,4.27398e+06,2.70226e+06,6.57876e+06,0,0,0,0,74.4657,79.791,4.25792,0,0,2.43418,1.2391,0,1.77378,2.96352,8.8822e+06,3.61194e+06,2.16209e+07,0,0,0,8.67616e+07
67.6309,85.139,4.58547,0.2,0,1.53987,2.73476,0,0.288457,5.32224,4.27398e+06,2.70226e+06,6.58137e+06,0,0,0,0,75.7916,79.791,5.80453,0,0,2.43418,1.2393,0,1.88065,2.96352,8.8822e+06,3.61194e+06,2.16209e+07,0,0,0,8.67616e+07
70.2166,85.139,4.65243,0.22,0,1.54048,2.73518,0,0.288571,5.32224,4.27398e+06,2.70226e+06,6.58398e+06,0,0,0,0,77.0399,79.791,5.29136,0,0,2.43418,1.23949,0,1.88065,2.96352,8.8822e+06,3.61194e+06,2.16209e+07,0,0,0,8.67616e+07
74.0126,85.139,5.93525,0.19,0,1.54109,2.7356,0,0.288686,5.32224,4.27398e+06,2.70226e+06,6.58659e+06,0,0,0,0,78.7463,79.791,7.43026,0,0,2.43418,1.23968,0,1.88065,2.96352,8.8822e+06,3.61194e+06,2.16209e+07,0,0,0,8.67616e+07
76.3545,85.139,4.57782,0.15,0,1.62741,2.82172,0,0.2888,5.32224,4.27398e+06,2.70226e+06,6.9555e+06,0,0,0,0,79.9243,79.791,6.72904,0,0,2.47427,1.27995,0,1.88065,2.96352,8.8822e+06,3.61194e+06,2.19769e+07,0,0,0,8.67616e+07
80.0831,85.139,5.98558,0.17,0,1.6681,2.82214,0,0.304976,5.32224,4.27398e+06,2.70226e+06,7.12942e+06,0,0,0,0,80.6673,79.791,5.80548,0,0,2.43418,1.28014,0,1.91162,2.96352,8.8822e+06,3.61194e+06,2.16209e+07,0,0,0,8.67616e+07
85.139,85.139,8.39665,0.14,0,1.6687,2.82255,0,0.312602,5.32224,4.27398e+06,2.70226e+06,7.13199e+06,0,0,0,0,80.8192,79.791,6.91194,0,0,2.43418,1.28033,0,1.88065,2.96352,8.8822e+06,3.61194e+06,2.16209e+07,0,0,0,8.67616e+07
85.139,85.139,12.3711,0.1,0,1.66931,2.82297,0,0.312715,5.32224,4.27398e+06,2.70226e+06,7.13457e+06,0,0,0,0,80.8192,79.791,16.9639,0,0,2.43418,1.28052,0,1.88065,2.96352,8.8822e+06,3.61194e+06,2.16209e+07,0,0,0,8.67616e+07
85.139,85.139,6.99243,0.1,0,1.9453,3.09877,0,0.312828,5.32224,4.27398e+06,2.70226e+06,8.31415e+06,0,0,0,0,80.8192,79.791,11.9262,0,0,2.58476,1.43129,0,1.88065,2.96352,8.8822e+06,3.61194e+06,2.29584e+07,0,0,0,8.67616e+07
85.139,85.139,4.32075,0.09,0,2.09652,3.09922,0,0.364548,5.32224,4.27398e+06,2.70226e+06,8.96049e+06,0,0,0,0,80.8192,79.791,4.36379,0,0,2.4342,1.4315,0,1.99699,2.96352,8.8822e+06,3.61194e+06,2.16211e+07,0,0,0,8.67616e+07
85.139,85.139,5.75968,0.08,0,2.09719,3.09968,0,0.392888,5.32224,4.27398e+06,2.70226e+06,8.96334e+06,0,0,0,0,80.8192,79.791,6.83506,0,0,2.4342,1.43171,0,1.88066,2.96352,8.8822e+06,3.61194e+06,2.16211e+07,0,0,0,8.67616e+07
85.139,85.139,6.35798,0.08,0,2.09786,3.10014,0,0.393013,5.32224,4.27398e+06,2.70226e+06,8.96619e+06,0,0,0,0,80.8192,79.791,9.91916,0,0,2.4342,1.43192,0,1.88066,2.96352,8.8822e+06,3.61194e+06,2.16211e+07,0,0,0,8.67616e+07
85.139,85.139,9.21421,0.08,0,1.7055,2.70757,0,0.393138,5.32224,4.27398e+06,2.70226e+06,7.28928e+06,0,0,0,0,80.8192,79.791,9.01015,0,0,2.232,1.22993,0,1.88066,2.96352,8.8822e+06,3.61194e+06,1.9825e+07,0,0,0,8.67616e+07
85.139,85.139,4.58498,0.09,0,1.50391,2.70797,0,0.319611,5.32224,4.27398e+06,2.70226e+06,6.42767e+06,0,0,0,0,80.8192,79.791,5.2028,0,0,2.43417,1.23011,0,1.72444,2.96352,8.8822e+06,3.61194e+06,2.16208e+07,0,0,0,8.67616e+07
85.139,85.139,3.60454,0.11,0,1.50449,2.70837,0,0.281832,5.32224,4.27398e+06,2.70226e+06,6.43014e+06,0,0,0,0,80.8192,79.791,4.98971,0,0,2.43417,1.23029,0,1.88064,2.96352,8.8822e+06,3.61194e+06,2.16208e+07,0,0,0,8.67616e+07
85.139,85.139,4.29461,0.11,0,1.50507,2.70877,0,0.281941,5.32224,4.27398e+06,2.70226e+06,6.43262e+06,0,0,0,0,80.8192,79.791,4.55629,0,0,2.43417,1.23047,0,1.88064,2.96352,8.8822e+06,3.61194e+06,2.16208e+07,0,0,0,8.67616e+07
85.139,85.139,4.07996,0.14,0,1.50565,2.70917,0,0.282049,5.32224,4.27398e+06,2.70226e+06,6.43509e+06,0,0,0,0,80.8192,79.791,4.41009,0,0,2.43417,1.23065,0,1.88064,2.96352,8.8822e+06,3.61194e+06,2.16208e+07,0,0,0,8.67616e+07
85.139,85.139,3.59965,0.14,0,1.60523,2.80857,0,0.282158,5.32224,4.27398e+06,2.70226e+06,6.8607e+06,0,0,0,0,80.8192,79.791,3.38404,0,0,2.48368,1.28034,0,1.88064,2.96352,8.8822e+06,3.61194e+06,2.20605e+07,0,0,0,8.67616e+07
85.139,85.139,4.79753,0.14,0,1.65532,2.80898,0,0.300819,5.32224,4.27398e+06,2.70226e+06,7.07482e+06,0,0,0,0,80.8192,79.791,4.67619,0,0,2.43418,1.28052,0,1.91889,2.96352,8.8822e+06,3.61194e+06,2.16209e+07,0,0,0,8.67616e+07
85.139,85.139,3.39545,0.14,0,1.65593,2.80939,0,0.310208,5.32224,4.27398e+06,2.70226e+06,7.07739e+06,0,0,0,0,80.8192,79.791,3.1244,0,0,2.43418,1.28071,0,1.88065,2.96352,8.8822e+06,3.61194e+06,2.16209e+07,0,0,0,8.67616e+07
85.139,85.139,2.95813,0.16,0,1.65653,2.80981,0,0.31032,5.32224,4.27398e+06,2.70226e+06,7.07996e+06,0,0,0,0,80.8192,79.791,2.62284,0,0,2.43418,1.2809,0,1.88065,2.96352,8.8822e+06,3.61194e+06,2.16209e+07,0,0,0,8.67616e+07
85.139,85.139,3.10524,0.14,0,1.6184,2.77149,0,0.310433,5.32224,4.27398e+06,2.70226e+06,6.91699e+06,0,0,0,0,80.8192,79.791,3.0353,0,0,2.41494,1.26185,0,1.88065,2.96352,8.8822e+06,3.61194e+06,2.145e+07,0,0,0,8.67616e+07
85.139,85.139,2.74784,0.13,0,1.59975,2.7719,0,0.303288,5.32224,4.27398e+06,2.70226e+06,6.83732e+06,0,0,0,0,80.8192,79.791,2.74067,0,0,2.43418,1.26204,0,1.86578,2.96352,8.8822e+06,3.61194e+06,2.16208e+07,0,0,0,8.67616e+07
85.139,85.139,2.54379,0.12,0,1.60035,2.7723,0,0.299794,5.32224,4.27398e+06,2.70226e+06,6.83985e+06,0,0,0,0,80.7588,79.791,2.52554,0,0,2.43418,1.26222,0,1.88065,2.96352,8.8822e+06,3.61194e+06,2.16208e+07,0,0,0,8.67616e+07
85.139,85.139,2.48467,0.12,0,1.60094,2.77271,0,0.299905,5.32224,4.27398e+06,2.70226e+06,6.84239e+06,0,0,0,0,80.7987,79.791,2.87388,0,0,2.43418,1.26241,0,1.88065,2.96352,8.8822e+06,3.61194e+06,2.16208e+07,0,0,0,8.67616e+07
85.139,85.139,2.41374,0.12,0,1.73308,2.90467,0,0.300016,5.32224,4.27398e+06,2.70226e+06,7.40716e+06,0,0,0,0,80.7639,79.791,2.57151,0,0,2.50244,1.33086,0,1.88065,2.96352,8.8822e+06,3.61194e+06,2.22272e+07,0,0,0,8.67616e+07
85.139,85.139,2.37541,0.09,0,1.80196,2.90509,0,0.32478,5.32224,4.27398e+06,2.70226e+06,7.70153e+06,0,0,0,0,80.6529,79.791,2.37068,0,0,2.43419,1.33105,0,1.93339,2.96352,8.8822e+06,3.61194e+06,2.16209e+07,0,0,0,8.67616e+07
85.0508,85.139,2.11564,0.07,0,1.80258,2.90552,0,0.337687,5.32224,4.27398e+06,2.70226e+06,7.7042e+06,0,0,0,0,80.4547,79.791,2.17157,0,0,2.43419,1.33125,0,1.88065,2.96352,8.8822e+06,3.61194e+06,2.16209e+07,0,0,0,8.67616e+07
84.9023,85.139,1.9916,0.13,0,1.80321,2.90595,0,0.337804,5.32224,4.27398e+06,2.70226e+06,7.70686e+06,0,0,0,0,80.0941,79.791,2.08721,0,0,2.43419,1.33144,0,1.88065,2.96352,8.8822e+06,3.61194e+06,2.16209e+07,0,0,0,8.67616e+07
84.5883,85.139,1.81832,0.09,0,1.80383,2.90638,0,0.337921,5.32224,4.27398e+06,2.70226e+06,7.70952e+06,0,0,0,0,79.6348,79.791,1.8959,0,0,2.43419,1.33164,0,1.88065,2.96352,8.8822e+06,3.61194e+06,2.16209e+07,0,0,0,8.67616e+07
84.0602,85.139,1.56276,0.07,0,1.77842,2.88077,0,0.338038,5.32224,4.27398e+06,2.70226e+06,7.60092e+06,0,0,0,0,79.0421,79.791,1.70526,0,0,2.47173,1.36938,0,1.88065,2.96352,8.8822e+06,3.61194e+06,2.19544e+07,0,0,0,8.67616e+07
83.4497,85.139,1.4868,0.06,0,1.81658,2.88119,0,0.333275,5.32224,4.27398e+06,2.70226e+06,7.76404e+06,0,0,0,0,78.3696,79.791,1.64833,0,0,2.43419,1.36958,0,1.90966,2.96352,8.8822e+06,3.61194e+06,2.1621e+07,0,0,0,8.67616e+07
82.6644,85.139,1.28981,0.04,0,1.81721,2.88162,0,0.340428,5.32224,4.27398e+06,2.70226e+06,7.76671e+06,0,0,0,0,77.7058,79.791,1.58326,0,0,2.43419,1.36978,0,1.88066,2.96352,8.8822e+06,3.61194e+06,2.1621e+07,0,0,0,8.67616e+07
81.8668,85.139,1.26915,0.04,0,1.81783,2.88204,0,0.340545,5.32224,4.27398e+06,2.70226e+06,7.76938e+06,0,0,0,0,76.8389,79.791,1.62755,0,0,2.43419,1.36999,0,1.88066,2.96352,8.8822e+06,3.61194e+06,2.1621e+07,0,0,0,8.67616e+07
80.9135,85.139,1.16864,0.04,0,1.88573,2.94974,0,0.340662,5.32224,4.27398e+06,2.70226e+06,8.05957e+06,0,0,0,0,75.9245,79.791,1.41485,0,0,2.46767,1.40367,0,1.88066,2.96352,8.8822e+06,3.61194e+06,2.19184e+07,0,0,0,8.67616e+07
79.8705,85.139,1.08501,0.04,0,1.91985,2.95017,0,0.353386,5.32224,4.27398e+06,2.70226e+06,8.20538e+06,0,0,0,0,74.8494,79.791,1.36085,0,0,2.4342,1.40388,0,1.90653,2.96352,8.8822e+06,3.61194e+06,2.1621e+07,0,0,0,8.67616e+07
78.7392,85.139,0.988288,0.04,0,1.92049,2.9506,0,0.359779,5.32224,4.27398e+06,2.70226e+06,8.20812e+06,0,0,0,0,73.9573,79.791,1.18359,0,0,2.4342,1.40408,0,1.88066,2.96352,8.8822e+06,3.61194e+06,2.1621e+07,0,0,0,8.67616e+07
77.7023,85.139,1.07117,0.07,0,1.92113,2.95104,0,0.359899,5.32224,4.27398e+06,2.70226e+06,8.21086e+06,0,0,0,0,73.0826,79.791,1.46915,0,0,2.4342,1.40429,0,1.88066,2.96352,8.8822e+06,3.61194e+06,2.1621e+07,0,0,0,8.67616e+07
76.5027,85.139,1.05387,0.07,0,2.11889,3.14859,0,0.360019,5.32224,4.27398e+06,2.70226e+06,9.05607e+06,0,0,0,0,72.1462,79.791,1.3742,0,0,2.55512,1.52542,0,1.88066,2.96352,8.8822e+06,3.61194e+06,2.26951e+07,0,0,0,8.67616e+07
75.2136,85.139,1.04655,0.07,0,2.24048,3.14905,0,0.397079,5.32224,4.27398e+06,2.70226e+06,9.57574e+06,0,0,0,0,71.1366,79.791,1.30349,0,0,2.43422,1.52564,0,1.97409,2.96352,8.8822e+06,3.61194e+06,2.16212e+07,0,0,0,8.67616e+07
73.8095,85.139,0.939916,0.08,0,2.24116,3.14951,0,0.419865,5.32224,4.27398e+06,2.70226e+06,9.57868e+06,0,0,0,0,70.1673,79.791,1.24882,0,0,2.43422,1.52587,0,1.88068,2.96352,8.8822e+06,3.61194e+06,2.16212e+07,0,0,0,8.67616e+07
72.4313,85.139,0.949156,0.09,0,2.24185,3.14998,0,0.419994,5.32224,4.27398e+06,2.70226e+06,9.58162e+06,0,0,0,0,69.4303,79.791,1.34873,0,0,2.43422,1.52609,0,1.88068,2.96352,8.8822e+06,3.61194e+06,2.16212e+07,0,0,0,8.67616e+07
71.0779,85.139,0.957148,0.15,0,2.24254,3.15044,0,0.420123,5.32224,4.27398e+06,2.70226e+06,9.58456e+06,0,0,0,0,68.3897,79.791,1.52069,0,0,2.43422,1.52631,0,1.88068,2.96352,8.8822e+06,3.61194e+06,2.16212e+07,0,0,0,8.67616e+07
69.9432,85.139,1.02154,0.16,0,2.14709,3.05477,0,0.420252,5.32224,4.27398e+06,2.70226e+06,9.17661e+06,0,0,0,0,67.6929,79.791,1.09756,0,0,2.36077,1.45309,0,1.88068,2.96352,8.8822e+06,3.61194e+06,2.09688e+07,0,0,0,8.67616e+07
69.4034,85.139,1.58188,0.15,0,2.07432,3.05522,0,0.402365,5.32224,4.27398e+06,2.70226e+06,8.86558e+06,0,0,0,0,67.0522,79.791,1.90437,0,0,2.43421,1.4533,0,1.82393,2.96352,8.8822e+06,3.61194e+06,2.16211e+07,0,0,0,8.67616e+07
68.6127,85.139,1.36118,0.14,0,2.07498,3.05567,0,0.388727,5.32224,4.27398e+06,2.70226e+06,8.86841e+06,0,0,0,0,66.0697,79.791,1.50171,0,0,2.43421,1.45352,0,1.88067,2.96352,8.8822e+06,3.61194e+06,2.16211e+07,0,0,0,8.67616e+07
67.7477,85.139,1.35538,0.14,0,2.07564,3.05612,0,0.388851,5.32224,4.27398e+06,2.70226e+06,8.87125e+06,0,0,0,0,65.1656,79.791,1.15433,0,0,2.43421,1.45373,0,1.88067,2.96352,8.8822e+06,3.61194e+06,2.16211e+07,0,0,0,8.67616e+07
66.9081,85.139,1.25949,0.16,0,1.99735,2.97761,0,0.388975,5.32224,4.27398e+06,2.70226e+06,8.53661e+06,0,0,0,0,64.3515,79.791,1.37746,0,0,2.36731,1.38705,0,1.88067,2.96352,8.8822e+06,3.61194e+06,2.10269e+07,0,0,0,8.67616e+07
66.817,85.139,2.08008,0.17,0,1.9311,2.97804,0,0.374303,5.32224,4.27398e+06,2.70226e+06,8.25349e+06,0,0,0,0,63.3785,79.791,1.35961,0,0,2.4342,1.38725,0,1.82898,2.96352,8.8822e+06,3.61194e+06,2.1621e+07,0,0,0,8.67616e+07
66.3228,85.139,1.67017,0.17,0,1.93174,2.97848,0,0.361889,5.32224,4.27398e+06,2.70226e+06,8.25623e+06,0,0,0,0,62.7892,79.791,1.16286,0,0,2.4342,1.38746,0,1.88066,2.96352,8.8822e+06,3.61194e+06,2.1621e+07,0,0,0,8.67616e+07
67.2111,85.139,3.13084,0.17,0,1.93239,2.97892,0,0.362009,5.32224,4.27398e+06,2.70226e+06,8.25898e+06,0,0,0,0,62.6458,79.791,3.43515,0,0,2.4342,1.38766,0,1.88066,2.96352,8.8822e+06,3.61194e+06,2.1621e+07,0,0,0,8.67616e+07
69.9761,85.139,4.97444,0.18,0,1.70865,2.75498,0,0.362129,5.32224,4.27398e+06,2.70226e+06,7.30273e+06,0,0,0,0,62.9202,79.791,4.05266,0,0,2.29479,1.24846,0,1.88066,2.96352,8.8822e+06,3.61194e+06,2.03828e+07,0,0,0,8.67616e+07
69.7558,85.139,1.7686,0.16,0,1.56985,2.75539,0,0.320201,5.32224,4.27398e+06,2.70226e+06,6.70952e+06,0,0,0,0,62.4447,79.791,2.50817,0,0,2.43418,1.24864,0,1.77295,2.96352,8.8822e+06,3.61194e+06,2.16208e+07,0,0,0,8.67616e+07
70.0538,85.139,2.30967,0.18,0,1.57044,2.75579,0,0.29419,5.32224,4.27398e+06,2.70226e+06,6.71203e+06,0,0,0,0,62.0108,79.791,3.13091,0,0,2.43418,1.24883,0,1.88064,2.96352,8.8822e+06,3.61194e+06,2.16208e+07,0,0,0,8.67616e+07
70.5883,85.139,2.56565,0.19,0,1.57103,2.7562,0,0.294301,5.32224,4.27398e+06,2.70226e+06,6.71455e+06,0,0,0,0,61.5049,79.791,2.01625,0,0,2.43418,1.24901,0,1.88064,2.96352,8.8822e+06,3.61194e+06,2.16208e+07,0,0,0,8.67616e+07
71.9914,85.139,3.49656,0.19,0,1.57162,2.7566,0,0.294411,5.32224,4.27398e+06,2.70226e+06,6.71707e+06,0,0,0,0,61.4946,79.791,2.79803,0,0,2.43418,1.24919,0,1.88064,2.96352,8.8822e+06,3.61194e+06,2.16208e+07,0,0,0,8.67616e+07
75.201,85.139,5.40691,0.19,0,1.65857,2.84337,0,0.294522,5.32224,4.27398e+06,2.70226e+06,7.0887e+06,0,0,0,3.19346e+08,62.0035,79.791,4.9019,0,0,2.47457,1.28977,0,1.88064,2.96352,8.8822e+06,3.61194e+06,2.19796e+07,0,0,0,8.67616e+07
77.931,85.139,5.02063,0.17,0,1.69955,2.84377,0,0.310816,5.32224,4.27398e+06,2.70226e+06,7.26384e+06,0,0,0,3.19346e+08,62.206,79.791,3.91035,0,0,2.43417,1.28995,0,1.91185,2.96352,8.8822e+06,3.61194e+06,2.16208e+07,0,0,0,8.67616e+07
80.5015,85.139,4.87822,0.17,0,1.70013,2.84417,0,0.318496,5.32224,4.27398e+06,2.70226e+06,7.26632e+06,0,0,0,3.19346e+08,62.5776,79.791,4.43411,0,0,2.43417,1.29014,0,1.88064,2.96352,8.8822e+06,3.61194e+06,2.16208e+07,0,0,0,8.67616e+07
81.813,85.139,3.58538,0.14,0,1.70071,2.84457,0,0.318605,5.32224,4.27398e+06,2.70226e+06,7.26881e+06,0,0,0,3.19346e+08,62.5627,79.791,3.08428,0,0,2.43417,1.29032,0,1.88064,2.96352,8.8822e+06,3.61194e+06,2.16208e+07,0,0,0,8.67616e+07
84.4213,85.139,5.26412,0.14,0,1.97879,3.12246,0,0.318714,5.32224,4.27398e+06,2.70226e+06,8.45728e+06,0,0,0,3.19346e+08,62.7503,79.791,3.35205,0,0,2.58591,1.44223,0,1.88064,2.96352,8.8822e+06,3.61194e+06,2.29685e+07,0,0,0,8.67616e+07
85.139,85.139,3.43428,0.13,0,2.13114,3.1229,0,0.370824,5.32224,4.27398e+06,2.70226e+06,9.10845e+06,0,0,0,3.19346e+08,62.3642,79.791,2.88157,0,0,2.43419,1.44244,0,1.99787,2.96352,8.8822e+06,3.61194e+06,2.1621e+07,0,0,0,8.67616e+07
84.6535,85.139,2.1215,0.08,0,2.13178,3.12334,0,0.399376,5.32224,4.27398e+06,2.70226e+06,9.11119e+06,0,0,0,3.19346e+08,62.1685,79.791,1.97196,0,0,2.43419,1.44264,0,1.88066,2.96352,8.8822e+06,3.61194e+06,2.1621e+07,0,0,0,8.67616e+07
85.0402,85.139,3.03103,0.14,0,2.13242,3.12378,0,0.399496,5.32224,4.27398e+06,2.70226e+06,9.11394e+06,0,0,0,3.19346e+08,62.3386,79.791,2.96096,0,0,2.43419,1.44284,0,1.88066,2.96352,8.8822e+06,3.61194e+06,2.1621e+07,0,0,0,8.67616e+07
85.139,85.139,4.83345,0.14,0,1.73705,2.7282,0,0.399616,5.32224,4.27398e+06,2.70226e+06,7.42412e+06,0,0,0,3.19346e+08,62.8164,79.791,3.83856,0,0,2.23045,1.2393,0,1.88066,2.96352,8.8822e+06,3.61194e+06,1.98113e+07,0,0,0,8.67616e+07
85.139,85.139,5.88076,0.09,0,1.53389,2.72859,0,0.325524,5.32224,4.27398e+06,2.70226e+06,6.55583e+06,0,0,0,3.19346e+08,63.3693,79.791,4.15973,0,0,2.43417,1.23947,0,1.72325,2.96352,8.8822e+06,3.61194e+06,2.16207e+07,0,0,0,8.67616e+07
85.139,85.139,5.33661,0.11,0,1.53445,2.72897,0,0.287452,5.32224,4.27398e+06,2.70226e+06,6.55821e+06,0,0,0,3.19346e+08,63.7675,79.791,4.22142,0,0,2.43417,1.23965,0,1.88064,2.96352,8.8822e+06,3.61194e+06,2.16207e+07,0,0,0,8.67616e+07
85.139,85.139,7.79895,0.12,0,1.53501,2.72935,0,0.287556,5.32224,4.27398e+06,2.70226e+06,6.5606e+06,0,0,0,3.19346e+08,64.4319,79.791,4.92463,0,0,2.43417,1.23982,0,1.88064,2.96352,8.8822e+06,3.61194e+06,2.16207e+07,0,0,0,8.67616e+07
85.139,85.139,6.01316,0.14,0,1.53557,2.72974,0,0.287661,5.32224,4.27398e+06,2.70226e+06,6.56298e+06,0,0,0,3.19346e+08,64.8802,79.791,4.3593,0,0,2.43417,1.24,0,1.88064,2.96352,8.8822e+06,3.61194e+06,2.16207e+07,0,0,0,8.67616e+07
85.139,85.139,4.03399,0.14,0,1.63588,2.82987,0,0.287765,5.32224,4.27398e+06,2.70226e+06,6.99171e+06,0,0,0,3.19346e+08,65.2721,79.791,3.623,0,0,2.48405,1.29005,0,1.88064,2.96352,8.8822e+06,3.61194e+06,2.20638e+07,0,0,0,8.67616e+07
85.139,85.139,3.1153,0.14,0,1.68633,2.83027,0,0.306564,5.32224,4.27398e+06,2.70226e+06,7.20734e+06,0,0,0,3.19346e+08,65.4516,79.791,2.91283,0,0,2.43417,1.29023,0,1.91917,2.96352,8.8822e+06,3.61194e+06,2.16208e+07,0,0,0,8.67616e+07
85.139,85.139,2.88942,0.16,0,1.68691,2.83067,0,0.316018,5.32224,4.27398e+06,2.70226e+06,7.20981e+06,0,0,0,3.19346e+08,65.5701,79.791,2.90807,0,0,2.43417,1.29041,0,1.88064,2.96352,8.8822e+06,3.61194e+06,2.16208e+07,0,0,0,8.67616e+07
85.139,85.139,3.07906,0.17,0,1.68749,2.83107,0,0.316127,5.32224,4.27398e+06,2.70226e+06,7.21229e+06,0,0,0,3.19346e+08,65.7417,79.791,3.28696,0,0,2.43417,1.29059,0,1.88064,2.96352,8.8822e+06,3.61194e+06,2.16208e+07,0,0,0,8.67616e+07
85.139,85.139,2.69335,0.15,0,1.64904,2.79244,0,0.316235,5.32224,4.27398e+06,2.70226e+06,7.04797e+06,0,0,0,3.19346e+08,65.78,79.791,2.77583,0,0,2.41479,1.27139,0,1.88064,2.96352,8.8822e+06,3.61194e+06,2.14486e+07,0,0,0,8.67616e+07
85.139,85.139,2.33176,0.13,0,1.63023,2.79283,0,0.309031,5.32224,4.27398e+06,2.70226e+06,6.96758e+06,0,0,0,3.19346e+08,65.5166,79.791,2.52425,0,0,2.43417,1.27157,0,1.86567,2.96352,8.8822e+06,3.61194e+06,2.16208e+07,0,0,0,8.67616e+07
85.139,85.139,2.38163,0.12,0,1.63081,2.79323,0,0.305506,5.32224,4.27398e+06,2.70226e+06,6.97003e+06,0,0,0,3.19346e+08,65.3526,79.791,2.14447,0,0,2.43417,1.27175,0,1.88064,2.96352,8.8822e+06,3.61194e+06,2.16208e+07,0,0,0,8.67616e+07
85.139,85.139,2.41425,0.12,0,1.63138,2.79362,0,0.305613,5.32224,4.27398e+06,2.70226e+06,6.97247e+06,0,0,0,3.19346e+08,65.1587,79.791,2.30684,0,0,2.43417,1.27193,0,1.88064,2.96352,8.8822e+06,3.61194e+06,2.16208e+07,0,0,0,8.67616e+07
85.1006,85.139,2.16183,0.12,0,1.76449,2.92655,0,0.30572,5.32224,4.27398e+06,2.70226e+06,7.54138e+06,0,0,0,3.19346e+08,64.9102,79.791,2.15246,0,0,2.50295,1.34088,0,1.88064,2.96352,8.8822e+06,3.61194e+06,2.22317e+07,0,0,0,8.67616e+07
84.8598,85.139,1.9857,0.16,0,1.83386,2.92696,0,0.330665,5.32224,4.27398e+06,2.70226e+06,7.83786e+06,0,0,0,3.19346e+08,64.7377,79.791,2.20126,0,0,2.43418,1.34107,0,1.93378,2.96352,8.8822e+06,3.61194e+06,2.16209e+07,0,0,0,8.67616e+07
84.5248,85.139,1.86349,0.13,0,1.83446,2.92738,0,0.343665,5.32224,4.27398e+06,2.70226e+06,7.84042e+06,0,0,0,3.19346e+08,64.5839,79.791,2.23497,0,0,2.43418,1.34126,0,1.88065,2.96352,8.8822e+06,3.61194e+06,2.16209e+07,0,0,0,8.67616e+07
84.1234,85.139,1.78808,0.13,0,1.83506,2.92779,0,0.343777,5.32224,4.27398e+06,2.70226e+06,7.84299e+06,0,0,0,3.19346e+08,64.414,79.791,2.17847,0,0,2.43418,1.34145,0,1.88065,2.96352,8.8822e+06,3.61194e+06,2.16209e+07,0,0,0,8.67616e+07
83.742,85.139,1.79983,0.09,0,1.83566,2.9282,0,0.343889,5.32224,4.27398e+06,2.70226e+06,7.84555e+06,0,0,0,3.19346e+08,64.2521,79.791,2.12772,0,0,2.43418,1.34164,0,1.88065,2.96352,8.8822e+06,3.61194e+06,2.16209e+07,0,0,0,8.67616e+07
83.778,85.139,2.19822,0.07,0,1.81003,2.90238,0,0.344002,5.32224,4.27398e+06,2.70226e+06,7.73601e+06,0,0,0,3.19346e+08,64.2221,79.791,2.77996,0,0,2.47201,1.37965,0,1.88065,2.96352,8.8822e+06,3.61194e+06,2.19569e+07,0,0,0,8.67616e+07
83.5789,85.139,1.98494,0.06,0,1.84845,2.90279,0,0.339199,5.32224,4.27398e+06,2.70226e+06,7.90024e+06,0,0,0,3.19346e+08,64.1355,79.791,2.49363,0,0,2.43419,1.37985,0,1.90987,2.96352,8.8822e+06,3.61194e+06,2.16209e+07,0,0,0,8.67616e+07
83.3227,85.139,1.89061,0.05,0,1.84905,2.9032,0,0.3464,5.32224,4.27398e+06,2.70226e+06,7.90281e+06,0,0,0,3.19346e+08,63.9588,79.791,2.42125,0,0,2.43419,1.38004,0,1.88065,2.96352,8.8822e+06,3.61194e+06,2.16209e+07,0,0,0,8.67616e+07
82.8844,85.139,1.6873,0.04,0,1.84966,2.9036,0,0.346513,5.32224,4.27398e+06,2.70226e+06,7.90539e+06,0,0,0,3.19346e+08,63.4895,79.791,2.3397,0,0,2.43419,1.38024,0,1.88065,2.96352,8.8822e+06,3.61194e+06,2.16209e+07,0,0,0,8.67616e+07
82.3424,85.139,1.62998,0.04,0,1.91803,2.97179,0,0.346625,5.32224,4.27398e+06,2.70226e+06,8.19763e+06,0,0,0,3.19346e+08,62.7617,79.791,1.78736,0,0,2.46792,1.41416,0,1.88065,2.96352,8.8822e+06,3.61194e+06,2.19205e+07,0,0,0,8.67616e+07
81.7716,85.139,1.6203,0.04,0,1.95238,2.9722,0,0.359439,5.32224,4.27398e+06,2.70226e+06,8.34441e+06,0,0,0,3.19346e+08,61.948,79.791,1.61876,0,0,2.43419,1.41436,0,1.90671,2.96352,8.8822e+06,3.61194e+06,2.1621e+07,0,0,0,8.67616e+07
81.0043,85.139,1.41658,0.04,0,1.95299,2.97262,0,0.365875,5.32224,4.27398e+06,2.70226e+06,8.34704e+06,0,0,0,3.19346e+08,61.061,79.791,1.50412,0,0,2.43419,1.41456,0,1.88066,2.96352,8.8822e+06,3.61194e+06,2.1621e+07,0,0,0,8.67616e+07
80.1351,85.139,1.30652,0.04,0,1.95361,2.97304,0,0.365991,5.32224,4.27398e+06,2.70226e+06,8.34968e+06,0,0,0,3.19346e+08,60.1623,79.791,1.4485,0,0,2.43419,1.41476,0,1.88066,2.96352,8.8822e+06,3.61194e+06,2.1621e+07,0,0,0,8.67616e+07
78.9655,85.139,1.14992,0.04,0,2.15281,3.17204,0,0.366106,5.32224,4.27398e+06,2.70226e+06,9.20107e+06,0,0,0,3.19346e+08,59.2396,79.791,1.42654,0,0,2.55601,1.53678,0,1.88066,2.96352,8.8822e+06,3.61194e+06,2.2703e+07,0,0,0,8.67616e+07
77.7259,85.139,1.18255,0.08,0,2.27528,3.17249,0,0.403437,5.32224,4.27398e+06,2.70226e+06,9.72448e+06,0,0,0,3.19346e+08,58.2851,79.791,1.34702,0,0,2.43421,1.537,0,1.97478,2.96352,8.8822e+06,3.61194e+06,2.16211e+07,0,0,0,8.67616e+07
76.3778,85.139,1.05995,0.09,0,2.27594,3.17294,0,0.426387,5.32224,4.27398e+06,2.70226e+06,9.72732e+06,0,0,0,3.19346e+08,57.3542,79.791,1.25156,0,0,2.43421,1.53721,0,1.88067,2.96352,8.8822e+06,3.61194e+06,2.16211e+07,0,0,0,8.67616e+07
75.2322,85.139,1.25779,0.09,0,2.2766,3.17338,0,0.426511,5.32224,4.27398e+06,2.70226e+06,9.73015e+06,0,0,0,3.19346e+08,56.5868,79.791,1.35573,0,0,2.43421,1.53743,0,1.88067,2.96352,8.8822e+06,3.61194e+06,2.16211e+07,0,0,0,8.67616e+07
74.9126,85.139,2.14734,0.09,0,2.27726,3.17383,0,0.426635,5.32224,4.27398e+06,2.70226e+06,9.73298e+06,0,0,0,3.19346e+08,55.8886,79.791,1.62367,0,0,2.43421,1.53764,0,1.88067,2.96352,8.8822e+06,3.61194e+06,2.16211e+07,0,0,0,8.67616e+07
73.1282,85.139,0.515097,0.11,0,2.18108,3.07742,0,0.426759,5.32224,4.27398e+06,2.70226e+06,9.32187e+06,0,0,0,3.19346e+08,54.7003,79.791,1.40463,0,0,2.36021,1.46387,0,1.88067,2.96352,8.8822e+06,3.61194e+06,2.09639e+07,0,0,0,8.67616e+07
71.3455,85.139,0.445793,0.16,0,2.10773,3.07786,0,0.408734,5.32224,4.27398e+06,2.70226e+06,9.0084e+06,0,0,0,3.19346e+08,53.2952,79.791,0.795796,0,0,2.4342,1.46407,0,1.8235,2.96352,8.8822e+06,3.61194e+06,2.1621e+07,0,0,0,8.67616e+07
69.5734,85.139,0.462216,0.15,0,2.10837,3.07829,0,0.394989,5.32224,4.27398e+06,2.70226e+06,9.01113e+06,0,0,0,3.19346e+08,52.169,79.791,0.771989,0,0,2.4342,1.46428,0,1.88066,2.96352,8.8822e+06,3.61194e+06,2.1621e+07,0,0,0,8.67616e+07
68.5234,85.139,1.3447,0.15,0,2.10901,3.07872,0,0.395109,5.32224,4.27398e+06,2.70226e+06,9.01386e+06,0,0,0,3.19346e+08,51.5986,79.791,1.45306,0,0,2.4342,1.46449,0,1.88066,2.96352,8.8822e+06,3.61194e+06,2.1621e+07,0,0,0,8.67616e+07
67.5065,85.139,1.22372,0.15,0,2.03011,2.99961,0,0.395228,5.32224,4.27398e+06,2.70226e+06,8.67663e+06,0,0,0,3.19346e+08,50.8777,79.791,1.52593,0,0,2.36681,1.3973,0,1.88066,2.96352,8.8822e+06,3.61194e+06,2.10224e+07,0,0,0,8.67616e+07
66.7278,85.139,1.46933,0.19,0,1.96334,3.00004,0,0.380442,5.32224,4.27398e+06,2.70226e+06,8.39129e+06,0,0,0,3.19346e+08,50.0551,79.791,1.39973,0,0,2.43419,1.3975,0,1.8286,2.96352,8.8822e+06,3.61194e+06,2.16209e+07,0,0,0,8.67616e+07
65.7168,85.139,1.2124,0.19,0,1.96396,3.00046,0,0.367931,5.32224,4.27398e+06,2.70226e+06,8.39393e+06,0,0,0,3.19346e+08,49.575,79.791,1.41104,0,0,2.43419,1.39769,0,1.88065,2.96352,8.8822e+06,3.61194e+06,2.16209e+07,0,0,0,8.67616e+07
66.4632,85.139,3.10212,0.19,0,1.96458,3.00088,0,0.368047,5.32224,4.27398e+06,2.70226e+06,8.39657e+06,0,0,0,3.19346e+08,49.8824,79.791,4.2575,0,0,2.43419,1.39789,0,1.88065,2.96352,8.8822e+06,3.61194e+06,2.16209e+07,0,0,0,8.67616e+07
68.3325,85.139,4.11086,0.2,0,1.73917,2.77527,0,0.368162,5.32224,4.27398e+06,2.70226e+06,7.43316e+06,0,0,0,3.19346e+08,50.6386,79.791,3.96842,0,0,2.29376,1.25765,0,1.88065,2.96352,8.8822e+06,3.61194e+06,2.03736e+07,0,0,0,8.67616e+07
70.0566,85.139,3.85666,0.18,0,1.59932,2.77566,0,0.32592,5.32224,4.27398e+06,2.70226e+06,6.83546e+06,0,0,0,3.19346e+08,51.0604,79.791,3.29603,0,0,2.43417,1.25783,0,1.77216,2.96352,8.8822e+06,3.61194e+06,2.16208e+07,0,0,0,8.67616e+07
71.9321,85.139,4.12541,0.2,0,1.59989,2.77605,0,0.299713,5.32224,4.27398e+06,2.70226e+06,6.83789e+06,0,0,0,3.19346e+08,51.5942,79.791,3.36265,0,0,2.43417,1.25801,0,1.88064,2.96352,8.8822e+06,3.61194e+06,2.16208e+07,0,0,0,8.67616e+07
76.2722,85.139,6.71993,0.2,0,1.60046,2.77644,0,0.299819,5.32224,4.27398e+06,2.70226e+06,6.84031e+06,0,0,0,3.19346e+08,54.3871,79.791,8.27109,0,0,2.43417,1.25818,0,1.88064,2.96352,8.8822e+06,3.61194e+06,2.16208e+07,0,0,0,8.67616e+07
79.3134,85.139,5.5075,0.15,0,1.60102,2.77683,0,0.299925,5.32224,4.27398e+06,2.70226e+06,6.84273e+06,0,0,0,3.19346e+08,55.0215,79.791,4.87996,0,0,2.43417,1.25836,0,1.88064,2.96352,8.8822e+06,3.61194e+06,2.16208e+07,0,0,0,8.67616e+07
78.7969,85.139,1.67062,0.15,0,1.68859,2.86422,0,0.300032,5.32224,4.27398e+06,2.70226e+06,7.21698e+06,0,0,0,3.19346e+08,54.4627,79.791,2.20764,0,0,2.47486,1.29923,0,1.88064,2.96352,8.8822e+06,3.61194e+06,2.19822e+07,0,0,0,8.67616e+07
77.8078,85.139,1.1764,0.17,0,1.72984,2.8646,0,0.316441,5.32224,4.27398e+06,2.70226e+06,7.39328e+06,0,0,0,3.19346e+08,54.2111,79.791,1.9158,0,0,2.43417,1.2994,0,1.91208,2.96352,8.8822e+06,3.61194e+06,2.16207e+07,0,0,0,8.67616e+07
77.9414,85.139,2.32163,0.18,0,1.73039,2.86498,0,0.324171,5.32224,4.27398e+06,2.70226e+06,7.39567e+06,0,0,0,3.19346e+08,54.1298,79.791,2.70235,0,0,2.43417,1.29958,0,1.88064,2.96352,8.8822e+06,3.61194e+06,2.16207e+07,0,0,0,8.67616e+07
78.9114,85.139,3.28781,0.18,0,1.73095,2.86537,0,0.324276,5.32224,4.27398e+06,2.70226e+06,7.39805e+06,0,0,0,3.19346e+08,54.1679,79.791,2.39894,0,0,2.43417,1.29975,0,1.88064,2.96352,8.8822e+06,3.61194e+06,2.16207e+07,0,0,0,8.67616e+07
80.5194,85.139,4.26043,0.19,0,2.01103,3.14527,0,0.324381,5.32224,4.27398e+06,2.70226e+06,8.5951e+06,0,0,0,3.19346e+08,54.5725,79.791,2.97346,0,0,2.58701,1.45277,0,1.88064,2.96352,8.8822e+06,3.61194e+06,2.29783e+07,0,0,0,8.67616e+07
81.5614,85.139,3.82207,0.13,0,2.16447,3.14569,0,0.376867,5.32224,4.27398e+06,2.70226e+06,9.25089e+06,0,0,0,3.19346e+08,54.0588,79.791,2.80245,0,0,2.43419,1.45296,0,1.99872,2.96352,8.8822e+06,3.61194e+06,2.16209e+07,0,0,0,8.67616e+07
80.9477,85.139,2.02104,0.14,0,2.16509,3.14611,0,0.405621,5.32224,4.27398e+06,2.70226e+06,9.25353e+06,0,0,0,3.19346e+08,53.3546,79.791,1.69231,0,0,2.43419,1.45316,0,1.88065,2.96352,8.8822e+06,3.61194e+06,2.16209e+07,0,0,0,8.67616e+07
80.8774,85.139,2.56696,0.14,0,2.1657,3.14654,0,0.405737,5.32224,4.27398e+06,2.70226e+06,9.25616e+06,0,0,0,3.19346e+08,52.9773,79.791,2.12375,0,0,2.43419,1.45335,0,1.88065,2.96352,8.8822e+06,3.61194e+06,2.16209e+07,0,0,0,8.67616e+07
81.1808,85.139,2.66055,0.14,0,1.76742,2.74806,0,0.405852,5.32224,4.27398e+06,2.70226e+06,7.55392e+06,0,0,0,3.19346e+08,53.2422,79.791,2.64497,0,0,2.22896,1.24832,0,1.88065,2.96352,8.8822e+06,3.61194e+06,1.97981e+07,0,0,0,8.67616e+07
81.9189,85.139,2.92585,0.18,0,1.56276,2.74843,0,0.331215,5.32224,4.27398e+06,2.70226e+06,6.67918e+06,0,0,0,3.19346e+08,53.4528,79.791,3.16723,0,0,2.43416,1.24849,0,1.72209,2.96352,8.8822e+06,3.61194e+06,2.16207e+07,0,0,0,8.67616e+07
82.2453,85.139,2.44522,0.2,0,1.56329,2.7488,0,0.292861,5.32224,4.27398e+06,2.70226e+06,6.68147e+06,0,0,0,3.19346e+08,53.3679,79.791,2.09759,0,0,2.43416,1.24865,0,1.88063,2.96352,8.8822e+06,3.61194e+06,2.16207e+07,0,0,0,8.67616e+07
83.6196,85.139,3.58352,0.21,0,1.56383,2.74917,0,0.292961,5.32224,4.27398e+06,2.70226e+06,6.68376e+06,0,0,0,3.19346e+08,53.7732,79.791,3.54254,0,0,2.43416,1.24882,0,1.88063,2.96352,8.8822e+06,3.61194e+06,2.16207e+07,0,0,0,8.67616e+07
85.139,85.139,3.89518,0.23,0,1.56436,2.74953,0,0.293061,5.32224,4.27398e+06,2.70226e+06,6.68605e+06,0,0,0,3.19346e+08,54.1941,79.791,3.49334,0,0,2.43416,1.24899,0,1.88063,2.96352,8.8822e+06,3.61194e+06,2.16207e+07,0,0,0,8.67616e+07
85.139,85.139,4.13476,0.16,0,1.66537,2.85038,0,0.293162,5.32224,4.27398e+06,2.70226e+06,7.11777e+06,0,0,0,3.19346e+08,53.9322,79.791,2.91252,0,0,2.4844,1.2994,0,1.88063,2.96352,8.8822e+06,3.61194e+06,2.20669e+07,0,0,0,8.67616e+07
85.139,85.139,2.59851,0.16,0,1.71616,2.85076,0,0.312091,5.32224,4.27398e+06,2.70226e+06,7.33485e+06,0,0,0,3.19346e+08,53.4838,79.791,2.02701,0,0,2.43417,1.29957,0,1.91945,2.96352,8.8822e+06,3.61194e+06,2.16207e+07,0,0,0,8.67616e+07
85.1102,85.139,2.24076,0.18,0,1.71672,2.85114,0,0.321609,5.32224,4.27398e+06,2.70226e+06,7.33722e+06,0,0,0,3.19346e+08,53.3211,79.791,2.17681,0,0,2.43417,1.29974,0,1.88064,2.96352,8.8822e+06,3.61194e+06,2.16207e+07,0,0,0,8.67616e+07
85.1119,85.139,2.26433,0.28,0,1.71728,2.85152,0,0.321713,5.32224,4.27398e+06,2.70226e+06,7.3396e+06,0,0,0,3.19346e+08,52.7057,79.791,2.54454,0,0,2.43417,1.29992,0,1.88064,2.96352,8.8822e+06,3.61194e+06,2.16207e+07,0,0,0,8.67616e+07
84.9042,85.139,1.99677,0.25,0,1.67853,2.8126,0,0.321818,5.32224,4.27398e+06,2.70226e+06,7.17398e+06,0,0,0,3.19346e+08,51.7353,79.791,1.65281,0,0,2.41464,1.28057,0,1.88064,2.96352,8.8822e+06,3.61194e+06,2.14473e+07,0,0,0,8.67616e+07
84.5476,85.139,1.78121,0.22,0,1.65955,2.81298,0,0.314556,5.32224,4.27398e+06,2.70226e+06,7.0929e+06,0,0,0,3.19346e+08,50.8109,79.791,1.30747,0,0,2.43416,1.28074,0,1.86555,2.96352,8.8822e+06,3.61194e+06,2.16207e+07,0,0,0,8.67616e+07
84.1727,85.139,1.71599,0.22,0,1.6601,2.81335,0,0.311,5.32224,4.27398e+06,2.70226e+06,7.09524e+06,0,0,0,3.19346e+08,49.8214,79.791,1.36686,0,0,2.43416,1.28091,0,1.88063,2.96352,8.8822e+06,3.61194e+06,2.16207e+07,0,0,0,8.67616e+07
83.6788,85.139,1.58844,0.22,0,1.66065,2.81373,0,0.311103,5.32224,4.27398e+06,2.70226e+06,7.09759e+06,0,0,0,3.19346e+08,48.762,79.791,1.28162,0,0,2.43416,1.28108,0,1.88063,2.96352,8.8822e+06,3.61194e+06,2.16207e+07,0,0,0,8.67616e+07
83.1489,85.139,1.65843,0.19,0,1.79469,2.9476,0,0.311206,5.32224,4.27398e+06,2.70226e+06,7.67048e+06,0,0,0,3.19346e+08,47.6945,79.791,1.2688,0,0,2.50344,1.35053,0,1.88063,2.96352,8.8822e+06,3.61194e+06,2.2236e+07,0,0,0,8.67616e+07
82.3907,85.139,1.45503,0.18,0,1.86453,2.948,0,0.336325,5.32224,4.27398e+06,2.70226e+06,7.96896e+06,0,0,0,3.19346e+08,46.7126,79.791,1.10237,0,0,2.43417,1.35071,0,1.93415,2.96352,8.8822e+06,3.61194e+06,2.16208e+07,0,0,0,8.67616e+07
81.6185,85.139,1.4352,0.15,0,1.86511,2.94839,0,0.349413,5.32224,4.27398e+06,2.70226e+06,7.97143e+06,0,0,0,3.19346e+08,45.7429,79.791,1.14584,0,0,2.43417,1.35089,0,1.88064,2.96352,8.8822e+06,3.61194e+06,2.16208e+07,0,0,0,8.67616e+07
80.7618,85.139,1.34228,0.15,0,1.86568,2.94879,0,0.349521,5.32224,4.27398e+06,2.70226e+06,7.97389e+06,0,0,0,3.19346e+08,44.7451,79.791,1.07016,0,0,2.43417,1.35107,0,1.88064,2.96352,8.8822e+06,3.61194e+06,2.16208e+07,0,0,0,8.67616e+07
79.8592,85.139,1.2588,0.11,0,1.86626,2.94918,0,0.349629,5.32224,4.27398e+06,2.70226e+06,7.97635e+06,0,0,0,3.19346e+08,44.0507,79.791,1.03016,0,0,2.43417,1.35125,0,1.88064,2.96352,8.8822e+06,3.61194e+06,2.16208e+07,0,0,0,8.67616e+07
78.5373,85.139,0.752894,0.09,0,1.84042,2.92316,0,0.349737,5.32224,4.27398e+06,2.70226e+06,7.86591e+06,0,0,0,3.19346e+08,43.169,79.791,1.23484,0,0,2.47227,1.38953,0,1.88064,2.96352,8.8822e+06,3.61194e+06,2.19592e+07,0,0,0,8.67616e+07
77.1262,85.139,0.689483,0.15,0,1.87909,2.92355,0,0.344894,5.32224,4.27398e+06,2.70226e+06,8.03119e+06,0,0,0,3.19346e+08,42.2118,79.791,1.22903,0,0,2.43418,1.38972,0,1.91008,2.96352,8.8822e+06,3.61194e+06,2.16208e+07,0,0,0,8.67616e+07
75.6605,85.139,0.623512,0.12,0,1.87967,2.92394,0,0.352141,5.32224,4.27398e+06,2.70226e+06,8.03366e+06,0,0,0,3.19346e+08,41.2914,79.791,1.10294,0,0,2.43418,1.3899,0,1.88065,2.96352,8.8822e+06,3.61194e+06,2.16208e+07,0,0,0,8.67616e+07
74.2008,85.139,0.592019,0.11,0,1.88025,2.92433,0,0.35225,5.32224,4.27398e+06,2.70226e+06,8.03613e+06,0,0,0,3.19346e+08,40.2747,79.791,1.08321,0,0,2.43418,1.39009,0,1.88065,2.96352,8.8822e+06,3.61194e+06,2.16208e+07,0,0,0,8.67616e+07
72.684,85.139,0.573839,0.1,0,1.94908,2.99298,0,0.352358,5.32224,4.27398e+06,2.70226e+06,8.33033e+06,0,0,0,3.19346e+08,39.2498,79.791,1.00959,0,0,2.46815,1.42425,0,1.88065,2.96352,8.8822e+06,3.61194e+06,2.19226e+07,0,0,0,8.67616e+07
71.1623,85.139,0.584185,0.16,0,1.98364,2.99338,0,0.365258,5.32224,4.27398e+06,2.70226e+06,8.47804e+06,0,0,0,3.19346e+08,38.274,79.791,1.00079,0,0,2.43418,1.42444,0,1.90689,2.96352,8.8822e+06,3.61194e+06,2.16209e+07,0,0,0,8.67616e+07
69.5859,85.139,0.519285,0.15,0,1.98423,2.99379,0,0.371734,5.32224,4.27398e+06,2.70226e+06,8.48057e+06,0,0,0,3.19346e+08,37.2599,79.791,0.949952,0,0,2.43418,1.42463,0,1.88065,2.96352,8.8822e+06,3.61194e+06,2.16209e+07,0,0,0,8.67616e+07
67.9767,85.139,0.475657,0.15,0,1.98482,2.99419,0,0.371845,5.32224,4.27398e+06,2.70226e+06,8.4831e+06,0,0,0,3.19346e+08,36.2721,79.791,0.890587,0,0,2.43418,1.42482,0,1.88065,2.96352,8.8822e+06,3.61194e+06,2.16209e+07,0,0,0,8.67616e+07
65.7788,85.139,0.425573,0.26,0,2.18541,3.19458,0,0.371956,5.32224,4.27398e+06,2.70226e+06,9.34041e+06,0,0,0,3.19346e+08,35.1827,79.791,0.871098,0,0,2.55687,1.5477,0,1.88065,2.96352,8.8822e+06,3.61194e+06,2.27106e+07,0,0,0,8.67616e+07
63.4684,85.139,0.443805,0.24,0,2.30872,3.19501,0,0.409546,5.32224,4.27398e+06,2.70226e+06,9.86741e+06,0,0,0,3.19346e+08,34.2998,79.791,0.762918,0,0,2.4342,1.54791,0,1.97544,2.96352,8.8822e+06,3.61194e+06,2.1621e+07,0,0,0,8.67616e+07
61.1933,85.139,0.478588,0.24,0,2.30936,3.19544,0,0.432654,5.32224,4.27398e+06,2.70226e+06,9.87013e+06,0,0,0,3.19346e+08,33.263,79.791,0.932433,0,0,2.4342,1.54811,0,1.88066,2.96352,8.8822e+06,3.61194e+06,2.1621e+07,0,0,0,8.67616e+07
58.8373,85.139,0.397171,0.25,0,2.30999,3.19587,0,0.432773,5.32224,4.27398e+06,2.70226e+06,9.87285e+06,0,0,0,3.19346e+08,32.6509,79.791,0.660262,0,0,2.4342,1.54832,0,1.88066,2.96352,8.8822e+06,3.61194e+06,2.1621e+07,0,0,0,8.67616e+07
56.5705,85.139,0.4858,0.25,0,2.31063,3.1963,0,0.432892,5.32224,4.27398e+06,2.70226e+06,9.87557e+06,0,0,0,3.19346e+08,31.7999,79.791,1.22747,0,0,2.4342,1.54853,0,1.88066,2.96352,8.8822e+06,3.61194e+06,2.1621e+07,0,0,0,8.67616e+07
55.4159,85.139,0.381164,0.28,0,2.21373,3.09919,0,0.433011,5.32224,4.27398e+06,2.70226e+06,9.46142e+06,0,0,0,3.19346e+08,31.5189,79.791,0.911724,0,0,2.35968,1.47422,0,1.88066,2.96352,8.8822e+06,3.61194e+06,2.09592e+07,0,0,0,8.67616e+07
54.4214,85.139,0.689947,0.28,0,2.13983,3.0996,0,0.414852,5.32224,4.27398e+06,2.70226e+06,9.1456e+06,0,0,0,3.19346e+08,30.7488,79.791,1.60465,0,0,2.43419,1.47442,0,1.82309,2.96352,8.8822e+06,3.61194e+06,2.16209e+07,0,0,0,8.67616e+07
53.1674,85.139,0.356272,0.28,0,2.14045,3.10002,0,0.401005,5.32224,4.27398e+06,2.70226e+06,9.14822e+06,0,0,0,3.19346e+08,29.9583,79.791,0.969591,0,0,2.43419,1.47462,0,1.88065,2.96352,8.8822e+06,3.61194e+06,2.16209e+07,0,0,0,8.67616e+07
50.9163,85.139,0.353524,0.29,0,2.14106,3.10044,0,0.40112,5.32224,4.27398e+06,2.70226e+06,9.15084e+06,0,0,0,3.19346e+08,29.9497,79.791,0.892046,0,0,2.43419,1.47481,0,1.88065,2.96352,8.8822e+06,3.61194e+06,2.16209e+07,0,0,0,8.67616e+07
50.9178,85.139,1.33715,0.3,0,2.06157,3.02075,0,0.401235,5.32224,4.27398e+06,2.70226e+06,8.8111e+06,0,0,0,3.19346e+08,29.8153,79.791,1.93973,0,0,2.36632,1.40715,0,1.88065,2.96352,8.8822e+06,3.61194e+06,2.10182e+07,0,0,0,8.67616e+07
50.1803,85.139,1.35613,0.3,0,1.99431,3.02115,0,0.386338,5.32224,4.27398e+06,2.70226e+06,8.52362e+06,0,0,0,3.19346e+08,29.703,79.791,1.90261,0,0,2.43418,1.40733,0,1.82822,2.96352,8.8822e+06,3.61194e+06,2.16209e+07,0,0,0,8.67616e+07
49.5196,85.139,1.42881,0.3,0,1.9949,3.02156,0,0.373733,5.32224,4.27398e+06,2.70226e+06,8.52616e+06,0,0,0,3.19346e+08,29.6228,79.791,2.13477,0,0,2.43418,1.40752,0,1.88065,2.96352,8.8822e+06,3.61194e+06,2.16209e+07,0,0,0,8.67616e+07
49.411,85.139,2.03244,0.3,0,1.99549,3.02196,0,0.373844,5.32224,4.27398e+06,2.70226e+06,8.5287e+06,0,0,0,3.19346e+08,29.6991,79.791,2.58008,0,0,2.43418,1.40771,0,1.88065,2.96352,8.8822e+06,3.61194e+06,2.16209e+07,0,0,0,8.67616e+07
51.7427,85.139,4.3437,0.31,0,1.76847,2.79475,0,0.373956,5.32224,4.27398e+06,2.70226e+06,7.5584e+06,0,0,0,3.19346e+08,30.5775,79.791,4.33867,0,0,2.29276,1.26648,0,1.88065,2.96352,8.8822e+06,3.61194e+06,2.03648e+07,0,0,0,8.67616e+07
52.0054,85.139,2.22608,0.27,0,1.62761,2.79512,0,0.331411,5.32224,4.27398e+06,2.70226e+06,6.95638e+06,0,0,0,3.19346e+08,30.6781,79.791,3.00933,0,0,2.43416,1.26665,0,1.77139,2.96352,8.8822e+06,3.61194e+06,2.16207e+07,0,0,0,8.67616e+07
51.6186,85.139,1.56971,0.29,0,1.62816,2.7955,0,0.305015,5.32224,4.27398e+06,2.70226e+06,6.95871e+06,0,0,0,3.19346e+08,30.7387,79.791,2.90373,0,0,2.43416,1.26682,0,1.88063,2.96352,8.8822e+06,3.61194e+06,2.16207e+07,0,0,0,8.67616e+07
52.1421,85.139,2.4918,0.3,0,1.6287,2.79587,0,0.305117,5.32224,4.27398e+06,2.70226e+06,6.96104e+06,0,0,0,3.19346e+08,30.837,79.791,3.00176,0,0,2.43416,1.26699,0,1.88063,2.96352,8.8822e+06,3.61194e+06,2.16207e+07,0,0,0,8.67616e+07
55.641,85.139,5.44776,0.31,0,1.62925,2.79625,0,0.305219,5.32224,4.27398e+06,2.70226e+06,6.96337e+06,0,0,0,3.19346e+08,31.3579,79.791,4.31246,0,0,2.43416,1.26716,0,1.88063,2.96352,8.8822e+06,3.61194e+06,2.16207e+07,0,0,0,8.67616e+07
63.8169,85.139,10.3493,0.31,0.02,1.71739,2.88423,0,0.305321,5.32224,4.27398e+06,2.70226e+06,7.34011e+06,0,0,0,3.19346e+08,35.5975,79.791,12.5723,0,0,2.47514,1.30831,0,1.88063,2.96352,8.8822e+06,3.61194e+06,2.19846e+07,0,0,0,8.67616e+07
67.8998,85.139,6.60641,0.27,0.02,1.75891,2.88459,0,0.32184,5.32224,4.27398e+06,2.70226e+06,7.51753e+06,0,0,0,3.19346e+08,37.3323,79.791,8.33572,0,0,2.43416,1.30847,0,1.91229,2.96352,8.8822e+06,3.61194e+06,2.16207e+07,0,0,0,8.67616e+07
71.6158,85.139,6.28449,0.27,0.02,1.75944,2.88496,0,0.329619,5.32224,4.27398e+06,2.70226e+06,7.51981e+06,0,0,0,3.19346e+08,38.8871,79.791,6.88655,0,0,2.43416,1.30864,0,1.88063,2.96352,8.8822e+06,3.61194e+06,2.16207e+07,0,0,0,8.67616e+07
74.8796,85.139,5.77457,0.22,0.02,1.75997,2.88533,0,0.329719,5.32224,4.27398e+06,2.70226e+06,7.52209e+06,0,0,0,3.19346e+08,40.028,79.791,6.36163,0,0,2.43416,1.3088,0,1.88063,2.96352,8.8822e+06,3.61194e+06,2.16207e+07,0,0,0,8.67616e+07
78.3189,85.139,6.23476,0.2,0.02,2.04197,3.16716,0,0.329819,5.32224,4.27398e+06,2.70226e+06,8.72734e+06,0,0,0,3.19346e+08,41.7286,79.791,8.51202,0,0,2.58807,1.46288,0,1.88063,2.96352,8.8822e+06,3.61194e+06,2.29877e+07,0,0,0,8.67616e+07
82.0631,85.139,6.85173,0.18,0.02,2.19645,3.16756,0,0.382666,5.32224,4.27398e+06,2.70226e+06,9.38757e+06,0,0,0,3.19346e+08,44.1328,79.791,8.84742,0,0,2.43418,1.46307,0,1.99954,2.96352,8.8822e+06,3.61194e+06,2.16208e+07,0,0,0,8.67616e+07
85.139,85.139,7.26907,0.15,0.02,2.19704,3.16797,0,0.411615,5.32224,4.27398e+06,2.70226e+06,9.39009e+06,0,0,0,3.19346e+08,46.9617,79.791,9.34505,0,0,2.43418,1.46325,0,1.88065,2.96352,8.8822e+06,3.61194e+06,2.16208e+07,0,0,0,8.67616e+07
85.139,85.139,13.1205,0.1,0.02,2.19763,3.16837,0,0.411725,5.32224,4.27398e+06,2.70226e+06,9.39261e+06,0,0,0,3.19346e+08,51.177,79.791,13.5168,0,0,2.43418,1.46344,0,1.88065,2.96352,8.8822e+06,3.61194e+06,2.16208e+07,0,0,0,8.67616e+07
85.139,85.139,7.77621,0.1,0.02,1.79656,2.76711,0,0.411835,5.32224,4.27398e+06,2.70226e+06,7.67844e+06,0,0,0,3.19346e+08,53.8265,79.791,9.84012,0,0,2.22753,1.25697,0,1.88065,2.96352,8.8822e+06,3.61194e+06,1.97853e+07,0,0,0,8.67616e+07
85.139,85.139,8.83167,0.12,0.02,1.59044,2.76746,0,0.336675,5.32224,4.27398e+06,2.70226e+06,6.79752e+06,0,0,0,3.19346e+08,57.1189,79.791,11.2929,0,0,2.43415,1.25713,0,1.72099,2.96352,8.8822e+06,3.61194e+06,2.16206e+07,0,0,0,8.67616e+07
85.139,85.139,8.86273,0.13,0.02,1.59096,2.76781,0,0.298049,5.32224,4.27398e+06,2.70226e+06,6.79971e+06,0,0,0,3.19346e+08,59.4932,79.791,8.93016,0,0,2.43415,1.25729,0,1.88063,2.96352,8.8822e+06,3.61194e+06,2.16206e+07,0,0,0,8.67616e+07
85.139,85.139,6.21385,0.16,0.02,1.59147,2.76817,0,0.298145,5.32224,4.27398e+06,2.70226e+06,6.8019e+06,0,0,0,3.19346e+08,60.8461,79.791,6.08568,0,0,2.43415,1.25745,0,1.88063,2.96352,8.8822e+06,3.61194e+06,2.16206e+07,0,0,0,8.67616e+07
85.139,85.139,5.82192,0.18,0.02,1.59198,2.76852,0,0.298241,5.32224,4.27398e+06,2.70226e+06,6.80409e+06,0,0,0,3.19346e+08,62.3681,79.791,5.72818,0,0,2.43415,1.25761,0,1.88063,2.96352,8.8822e+06,3.61194e+06,2.16206e+07,0,0,0,8.67616e+07
85.139,85.139,9.67685,0.19,0.02,1.69366,2.87004,0,0.298337,5.32224,4.27398e+06,2.70226e+06,7.23867e+06,0,0,0,3.19346e+08,64.9631,79.791,9.31118,0,0,2.48474,1.30836,0,1.88063,2.96352,8.8822e+06,3.61194e+06,2.20699e+07,0,0,0,8.67616e+07
85.139,85.139,7.58433,0.19,0.02,1.74477,2.87041,0,0.317392,5.32224,4.27398e+06,2.70226e+06,7.45713e+06,0,0,0,3.19346e+08,66.5555,79.791,7.54352,0,0,2.43416,1.30853,0,1.91971,2.96352,8.8822e+06,3.61194e+06,2.16207e+07,0,0,0,8.67616e+07
85.139,85.139,6.26145,0.2,0.02,1.74531,2.87077,0,0.326971,5.32224,4.27398e+06,2.70226e+06,7.4594e+06,0,0,0,3.19346e+08,68.0883,79.791,7.01323,0,0,2.43416,1.30869,0,1.88063,2.96352,8.8822e+06,3.61194e+06,2.16207e+07,0,0,0,8.67616e+07
85.139,85.139,5.80039,0.21,0.02,1.74584,2.87114,0,0.32707,5.32224,4.27398e+06,2.70226e+06,7.46168e+06,0,0,0,3.19346e+08,69.8869,79.791,7.36737,0,0,2.43416,1.30886,0,1.88063,2.96352,8.8822e+06,3.61194e+06,2.16207e+07,0,0,0,8.67616e+07
85.139,85.139,5.14385,0.21,0.02,1.70679,2.83193,0,0.32717,5.32224,4.27398e+06,2.70226e+06,7.2948e+06,0,0,0,3.19346e+08,70.8213,79.791,5.64425,0,0,2.4145,1.28937,0,1.88063,2.96352,8.8822e+06,3.61194e+06,2.14461e+07,0,0,0,8.67616e+07
85.139,85.139,4.55292,0.19,0.02,1.68766,2.83229,0,0.319853,5.32224,4.27398e+06,2.70226e+06,7.21304e+06,0,0,0,3.19346e+08,71.2332,79.791,4.18507,0,0,2.43416,1.28953,0,1.86544,2.96352,8.8822e+06,3.61194e+06,2.16207e+07,0,0,0,8.67616e+07
85.139,85.139,4.38539,0.17,0.02,1.68819,2.83265,0,0.316268,5.32224,4.27398e+06,2.70226e+06,7.21528e+06,0,0,0,3.19346e+08,71.6084,79.791,4.09011,0,0,2.43416,1.2897,0,1.88063,2.96352,8.8822e+06,3.61194e+06,2.16207e+07,0,0,0,8.67616e+07
85.139,85.139,4.12299,0.16,0.02,1.68871,2.83301,0,0.316367,5.32224,4.27398e+06,2.70226e+06,7.21753e+06,0,0,0,3.19346e+08,71.8516,79.791,3.68391,0,0,2.43416,1.28986,0,1.88063,2.96352,8.8822e+06,3.61194e+06,2.16207e+07,0,0,0,8.67616e+07
85.139,85.139,3.79164,0.16,0.02,1.82365,2.96778,0,0.316465,5.32224,4.27398e+06,2.70226e+06,7.79422e+06,0,0,0,3.19346e+08,72.0727,79.791,3.58371,0,0,2.5039,1.35977,0,1.88063,2.96352,8.8822e+06,3.61194e+06,2.22401e+07,0,0,0,8.67616e+07
85.139,85.139,4.23572,0.15,0.02,1.89393,2.96815,0,0.341751,5.32224,4.27398e+06,2.70226e+06,8.09463e+06,0,0,0,3.19346e+08,72.3658,79.791,3.60223,0,0,2.43417,1.35995,0,1.93451,2.96352,8.8822e+06,3.61194e+06,2.16207e+07,0,0,0,8.67616e+07
85.139,85.139,3.76276,0.12,0.02,1.89448,2.96853,0,0.354923,5.32224,4.27398e+06,2.70226e+06,8.09698e+06,0,0,0,3.19346e+08,72.5332,79.791,3.18217,0,0,2.43417,1.36012,0,1.88064,2.96352,8.8822e+06,3.61194e+06,2.16207e+07,0,0,0,8.67616e+07
85.139,85.139,3.40895,0.1,0.02,1.89504,2.96891,0,0.355026,5.32224,4.27398e+06,2.70226e+06,8.09934e+06,0,0,0,3.19346e+08,72.6906,79.791,3.39006,0,0,2.43417,1.36029,0,1.88064,2.96352,8.8822e+06,3.61194e+06,2.16207e+07,0,0,0,8.67616e+07
85.139,85.139,3.13202,0.09,0.02,1.89559,2.96929,0,0.35513,5.32224,4.27398e+06,2.70226e+06,8.10169e+06,0,0,0,3.19346e+08,72.752,79.791,3.18005,0,0,2.43417,1.36046,0,1.88064,2.96352,8.8822e+06,3.61194e+06,2.16207e+07,0,0,0,8.67616e+07
85.139,85.139,2.95167,0.06,0.02,1.86954,2.94307,0,0.355233,5.32224,4.27398e+06,2.70226e+06,7.99037e+06,0,0,0,3.19346e+08,72.8195,79.791,2.99931,0,0,2.47252,1.399,0,1.88064,2.96352,8.8822e+06,3.61194e+06,2.19614e+07,0,0,0,8.67616e+07
85.139,85.139,2.8174,0.05,0.02,1.90845,2.94344,0,0.350352,5.32224,4.27398e+06,2.70226e+06,8.15665e+06,0,0,0,3.19346e+08,72.841,79.791,3.06957,0,0,2.43417,1.39917,0,1.91027,2.96352,8.8822e+06,3.61194e+06,2.16208e+07,0,0,0,8.67616e+07
85.139,85.139,2.67228,0.04,0.02,1.909,2.94382,0,0.357643,5.32224,4.27398e+06,2.70226e+06,8.15902e+06,0,0,0,3.19346e+08,72.7949,79.791,2.92347,0,0,2.43417,1.39935,0,1.88064,2.96352,8.8822e+06,3.61194e+06,2.16208e+07,0,0,0,8.67616e+07
85.139,85.139,2.47061,0.04,0.02,1.90955,2.94419,0,0.357746,5.32224,4.27398e+06,2.70226e+06,8.16138e+06,0,0,0,3.19346e+08,72.6537,79.791,2.7246,0,0,2.43417,1.39953,0,1.88064,2.96352,8.8822e+06,3.61194e+06,2.16208e+07,0,0,0,8.67616e+07
85.139,85.139,2.30485,0.04,0.02,1.97883,3.01329,0,0.35785,5.32224,4.27398e+06,2.70226e+06,8.45745e+06,0,0,0,3.19346e+08,72.456,79.791,2.44446,0,0,2.46837,1.43391,0,1.88064,2.96352,8.8822e+06,3.61194e+06,2.19246e+07,0,0,0,8.67616e+07
85.139,85.139,2.55054,0.04,0.02,2.01359,3.01367,0,0.370832,5.32224,4.27398e+06,2.70226e+06,8.60604e+06,0,0,0,3.19346e+08,72.4945,79.791,2.81076,0,0,2.43417,1.43409,0,1.90706,2.96352,8.8822e+06,3.61194e+06,2.16208e+07,0,0,0,8.67616e+07
85.139,85.139,2.33044,0.04,0.02,2.01416,3.01405,0,0.377347,5.32224,4.27398e+06,2.70226e+06,8.60846e+06,0,0,0,3.19346e+08,72.38,79.791,2.75079,0,0,2.43417,1.43428,0,1.88064,2.96352,8.8822e+06,3.61194e+06,2.16208e+07,0,0,0,8.67616e+07
84.9636,85.139,2.13893,0.05,0.02,2.01472,3.01444,0,0.377453,5.32224,4.27398e+06,2.70226e+06,8.61088e+06,0,0,0,3.19346e+08,72.2028,79.791,2.41639,0,0,2.43417,1.43446,0,1.88064,2.96352,8.8822e+06,3.61194e+06,2.16208e+07,0,0,0,8.67616e+07
84.7407,85.139,2.24949,0.08,0.02,2.21664,3.21617,0,0.377559,5.32224,4.27398e+06,2.70226e+06,9.47385e+06,0,0,0,3.19346e+08,72.138,79.791,2.87692,0,0,2.55769,1.55816,0,1.88064,2.96352,8.8822e+06,3.61194e+06,2.27179e+07,0,0,0,8.67616e+07
84.169,85.139,2.04194,0.08,0.02,2.34074,3.21658,0,0.415398,5.32224,4.27398e+06,2.70226e+06,1.00043e+07,0,0,0,3.19346e+08,71.873,79.791,2.32785,0,0,2.43419,1.55836,0,1.97607,2.96352,8.8822e+06,3.61194e+06,2.1621e+07,0,0,0,8.67616e+07
83.2196,85.139,1.68248,0.08,0.02,2.34135,3.21699,0,0.438656,5.32224,4.27398e+06,2.70226e+06,1.00069e+07,0,0,0,3.19346e+08,71.5394,79.791,1.85792,0,0,2.43419,1.55855,0,1.88066,2.96352,8.8822e+06,3.61194e+06,2.1621e+07,0,0,0,8.67616e+07
82.5593,85.139,1.9473,0.09,0.02,2.34196,3.2174,0,0.438769,5.32224,4.27398e+06,2.70226e+06,1.00095e+07,0,0,0,3.19346e+08,71.5394,79.791,2.79422,0,0,2.43419,1.55875,0,1.88066,2.96352,8.8822e+06,3.61194e+06,2.1621e+07,0,0,0,8.67616e+07
81.5976,85.139,1.63616,0.09,0.02,2.34257,3.21781,0,0.438883,5.32224,4.27398e+06,2.70226e+06,1.00121e+07,0,0,0,3.19346e+08,71.1883,79.791,2.18357,0,0,2.43419,1.55895,0,1.88066,2.96352,8.8822e+06,3.61194e+06,2.1621e+07,0,0,0,8.67616e+07
80.7839,85.139,1.78862,0.1,0.02,2.24499,3.12003,0,0.438997,5.32224,4.27398e+06,2.70226e+06,9.59502e+06,0,0,0,3.19346e+08,71.0187,79.791,1.98167,0,0,2.35917,1.48413,0,1.88066,2.96352,8.8822e+06,3.61194e+06,2.09546e+07,0,0,0,8.67616e+07
81.3053,85.139,3.06792,0.1,0.02,2.17056,3.12042,0,0.42071,5.32224,4.27398e+06,2.70226e+06,9.27694e+06,0,0,0,3.19346e+08,71.3145,79.791,3.29149,0,0,2.43418,1.48432,0,1.8227,2.96352,8.8822e+06,3.61194e+06,2.16209e+07,0,0,0,8.67616e+07
80.5031,85.139,1.7867,0.1,0.02,2.17115,3.12082,0,0.406764,5.32224,4.27398e+06,2.70226e+06,9.27945e+06,0,0,0,3.19346e+08,70.9528,79.791,2.20119,0,0,2.43418,1.48451,0,1.88065,2.96352,8.8822e+06,3.61194e+06,2.16209e+07,0,0,0,8.67616e+07
79.5894,85.139,1.59594,0.11,0.02,2.17174,3.12122,0,0.406874,5.32224,4.27398e+06,2.70226e+06,9.28195e+06,0,0,0,3.19346e+08,70.8317,79.791,1.88415,0,0,2.43418,1.4847,0,1.88065,2.96352,8.8822e+06,3.61194e+06,2.16209e+07,0,0,0,8.67616e+07
79.5193,85.139,2.47235,0.13,0.02,2.09168,3.04098,0,0.406983,5.32224,4.27398e+06,2.70226e+06,8.93981e+06,0,0,0,3.19346e+08,70.7687,79.791,2.48057,0,0,2.36586,1.41657,0,1.88065,2.96352,8.8822e+06,3.61194e+06,2.1014e+07,0,0,0,8.67616e+07
78.6888,85.139,1.60677,0.13,0.02,2.02394,3.04136,0,0.391982,5.32224,4.27398e+06,2.70226e+06,8.65028e+06,0,0,0,3.19346e+08,70.9916,79.791,2.71962,0,0,2.43417,1.41675,0,1.82786,2.96352,8.8822e+06,3.61194e+06,2.16208e+07,0,0,0,8.67616e+07
77.3365,85.139,1.03844,0.16,0.02,2.02451,3.04175,0,0.379286,5.32224,4.27398e+06,2.70226e+06,8.6527e+06,0,0,0,3.19346e+08,70.947,79.791,2.24514,0,0,2.43417,1.41693,0,1.88064,2.96352,8.8822e+06,3.61194e+06,2.16208e+07,0,0,0,8.67616e+07
76.8275,85.139,2.08496,0.17,0.02,2.02508,3.04214,0,0.379393,5.32224,4.27398e+06,2.70226e+06,8.65513e+06,0,0,0,3.19346e+08,70.9948,79.791,2.46869,0,0,2.43417,1.41711,0,1.88064,2.96352,8.8822e+06,3.61194e+06,2.16208e+07,0,0,0,8.67616e+07
77.682,85.139,3.31244,0.17,0.02,1.79651,2.81339,0,0.379499,5.32224,4.27398e+06,2.70226e+06,7.67823e+06,0,0,0,3.19346e+08,70.8056,79.791,2.50548,0,0,2.29181,1.27493,0,1.88064,2.96352,8.8822e+06,3.61194e+06,2.03563e+07,0,0,0,8.67616e+07
78.5955,85.139,3.21072,0.17,0.02,1.65468,2.81375,0,0.336665,5.32224,4.27398e+06,2.70226e+06,7.07208e+06,0,0,0,3.19346e+08,71.4356,79.791,4.1501,0,0,2.43415,1.27509,0,1.77065,2.96352,8.8822e+06,3.61194e+06,2.16206e+07,0,0,0,8.67616e+07
81.8898,85.139,5.6376,0.18,0.02,1.6552,2.81411,0,0.310088,5.32224,4.27398e+06,2.70226e+06,7.07431e+06,0,0,0,3.19346e+08,73.0181,79.791,6.14229,0,0,2.43415,1.27525,0,1.88063,2.96352,8.8822e+06,3.61194e+06,2.16206e+07,0,0,0,8.67616e+07
83.2469,85.139,3.65243,0.14,0.02,1.65572,2.81446,0,0.310185,5.32224,4.27398e+06,2.70226e+06,7.07653e+06,0,0,0,3.19346e+08,73.1181,79.791,3.12277,0,0,2.43415,1.27542,0,1.88063,2.96352,8.8822e+06,3.61194e+06,2.16206e+07,0,0,0,8.67616e+07
84.358,85.139,3.57735,0.16,0.02,1.65625,2.81482,0,0.310283,5.32224,4.27398e+06,2.70226e+06,7.07876e+06,0,0,0,3.19346e+08,72.9981,79.791,2.82328,0,0,2.43415,1.27558,0,1.88063,2.96352,8.8822e+06,3.61194e+06,2.16206e+07,0,0,0,8.67616e+07
85.139,85.139,3.97553,0.16,0.02,1.74495,2.90337,0,0.31038,5.32224,4.27398e+06,2.70226e+06,7.45788e+06,0,0,0,3.19346e+08,73.202,79.791,3.54053,0,0,2.4754,1.31699,0,1.88063,2.96352,8.8822e+06,3.61194e+06,2.1987e+07,0,0,0,8.67616e+07
85.139,85.139,7.44239,0.13,0.02,1.78671,2.90372,0,0.327004,5.32224,4.27398e+06,2.70226e+06,7.63636e+06,0,0,0,3.19346e+08,74.8421,79.791,7.7358,0,0,2.43415,1.31715,0,1.91249,2.96352,8.8822e+06,3.61194e+06,2.16206e+07,0,0,0,8.67616e+07
85.139,85.139,6.93357,0.13,0.02,1.78722,2.90407,0,0.334829,5.32224,4.27398e+06,2.70226e+06,7.63854e+06,0,0,0,3.19346e+08,76.093,79.791,7.02297,0,0,2.43415,1.3173,0,1.88062,2.96352,8.8822e+06,3.61194e+06,2.16206e+07,0,0,0,8.67616e+07
85.139,85.139,8.95691,0.12,0.02,1.78773,2.90442,0,0.334925,5.32224,4.27398e+06,2.70226e+06,7.64071e+06,0,0,0,3.19346e+08,77.6514,79.791,8.23656,0,0,2.43415,1.31746,0,1.88063,2.96352,8.8822e+06,3.61194e+06,2.16206e+07,0,0,0,8.67616e+07
85.139,85.139,7.71943,0.12,0.02,2.07156,3.18809,0,0.33502,5.32224,4.27398e+06,2.70226e+06,8.85381e+06,0,0,0,3.19346e+08,79.3369,79.791,8.65796,0,0,2.58908,1.47255,0,1.88062,2.96352,8.8822e+06,3.61194e+06,2.29967e+07,0,0,0,8.67616e+07
85.139,85.139,10.1514,0.12,0.02,2.22703,3.18848,0,0.388211,5.32224,4.27398e+06,2.70226e+06,9.51828e+06,0,0,0,3.19346e+08,80.8192,79.791,9.02719,0,0,2.43417,1.47272,0,2.00032,2.96352,8.8822e+06,3.61194e+06,2.16208e+07,0,0,0,8.67616e+07
85.139,85.139,6.88765,0.13,0.02,2.22759,3.18886,0,0.417346,5.32224,4.27398e+06,2.70226e+06,9.52068e+06,0,0,0,3.19346e+08,80.8192,79.791,6.2204,0,0,2.43417,1.4729,0,1.88064,2.96352,8.8822e+06,3.61194e+06,2.16208e+07,0,0,0,8.67616e+07
85.139,85.139,5.80963,0.12,0.02,2.22816,3.18925,0,0.417451,5.32224,4.27398e+06,2.70226e+06,9.52309e+06,0,0,0,3.19346e+08,80.8192,79.791,6.81804,0,0,2.43417,1.47308,0,1.88064,2.96352,8.8822e+06,3.61194e+06,2.16208e+07,0,0,0,8.67616e+07
85.139,85.139,5.65751,0.11,0.02,1.82441,2.78532,0,0.417556,5.32224,4.27398e+06,2.70226e+06,7.7975e+06,0,0,0,3.19346e+08,80.8192,79.791,6.67278,0,0,2.22616,1.26525,0,1.88064,2.96352,8.8822e+06,3.61194e+06,1.97732e+07,0,0,0,8.67616e+07
85.139,85.139,6.32947,0.12,0.02,1.61692,2.78566,0,0.341895,5.32224,4.27398e+06,2.70226e+06,6.91066e+06,0,0,0,3.19346e+08,80.8192,79.791,7.44149,0,0,2.43414,1.2654,0,1.71993,2.96352,8.8822e+06,3.61194e+06,2.16205e+07,0,0,0,8.67616e+07
85.139,85.139,6.84007,0.16,0.02,1.6174,2.786,0,0.30301,5.32224,4.27398e+06,2.70226e+06,6.91275e+06,0,0,0,3.19346e+08,80.8192,79.791,8.14273,0,0,2.43414,1.26555,0,1.88062,2.96352,8.8822e+06,3.61194e+06,2.16206e+07,0,0,0,8.67616e+07
85.139,85.139,8.71829,0.19,0.02,1.61789,2.78633,0,0.303102,5.32224,4.27398e+06,2.70226e+06,6.91484e+06,0,0,0,3.19346e+08,80.8192,79.791,8.74663,0,0,2.43414,1.26571,0,1.88062,2.96352,8.8822e+06,3.61194e+06,2.16206e+07,0,0,0,8.67616e+07
85.139,85.139,10.5408,0.2,0.02,1.61838,2.78667,0,0.303193,5.32224,4.27398e+06,2.70226e+06,6.91693e+06,0,0,0,3.19346e+08,80.8192,79.791,9.90766,0,0,2.43414,1.26586,0,1.88062,2.96352,8.8822e+06,3.61194e+06,2.16206e+07,0,0,0,8.67616e+07
85.139,85.139,8.91267,0.21,0.02,1.7207,2.88884,0,0.303285,5.32224,4.27398e+06,2.70226e+06,7.35424e+06,0,0,0,3.19346e+08,80.8192,79.791,6.32448,0,0,2.48506,1.31693,0,1.88062,2.96352,8.8822e+06,3.61194e+06,2.20728e+07,0,0,0,8.67616e+07
85.139,85.139,6.10394,0.22,0.02,1.77212,2.88918,0,0.32246,5.32224,4.27398e+06,2.70226e+06,7.57401e+06,0,0,0,3.19346e+08,80.8192,79.791,6.16038,0,0,2.43415,1.31709,0,1.91996,2.96352,8.8822e+06,3.61194e+06,2.16206e+07,0,0,0,8.67616e+07
85.139,85.139,5.19515,0.22,0.02,1.77263,2.88953,0,0.332096,5.32224,4.27398e+06,2.70226e+06,7.57618e+06,0,0,0,3.19346e+08,80.8192,79.791,6.46561,0,0,2.43415,1.31725,0,1.88062,2.96352,8.8822e+06,3.61194e+06,2.16206e+07,0,0,0,8.67616e+07
85.139,85.139,3.87584,0.22,0.02,1.77314,2.88988,0,0.332191,5.32224,4.27398e+06,2.70226e+06,7.57835e+06,0,0,0,3.19346e+08,80.8192,79.791,4.71002,0,0,2.43415,1.31741,0,1.88063,2.96352,8.8822e+06,3.61194e+06,2.16206e+07,0,0,0,8.67616e+07
85.139,85.139,4.1611,0.21,0.02,1.73381,2.8504,0,0.332286,5.32224,4.27398e+06,2.70226e+06,7.41026e+06,0,0,0,3.19346e+08,80.8192,79.791,4.42703,0,0,2.41437,1.29778,0,1.88062,2.96352,8.8822e+06,3.61194e+06,2.14449e+07,0,0,0,8.67616e+07
85.139,85.139,4.27437,0.2,0.02,1.71453,2.85074,0,0.324916,5.32224,4.27398e+06,2.70226e+06,7.32785e+06,0,0,0,3.19346e+08,80.8192,79.791,4.44537,0,0,2.43415,1.29794,0,1.86534,2.96352,8.8822e+06,3.61194e+06,2.16206e+07,0,0,0,8.67616e+07
85.139,85.139,3.84559,0.18,0.02,1.71503,2.85108,0,0.321302,5.32224,4.27398e+06,2.70226e+06,7.32999e+06,0,0,0,3.19346e+08,80.8192,79.791,4.28095,0,0,2.43415,1.29809,0,1.88062,2.96352,8.8822e+06,3.61194e+06,2.16206e+07,0,0,0,8.67616e+07
85.139,85.139,3.62791,0.16,0.02,1.71553,2.85143,0,0.321396,5.32224,4.27398e+06,2.70226e+06,7.33213e+06,0,0,0,3.19346e+08,80.8192,79.791,4.14697,0,0,2.43415,1.29825,0,1.88062,2.96352,8.8822e+06,3.61194e+06,2.16206e+07,0,0,0,8.67616e+07
85.139,85.139,3.43631,0.16,0.02,1.85131,2.98705,0,0.32149,5.32224,4.27398e+06,2.70226e+06,7.91245e+06,0,0,0,3.19346e+08,80.8192,79.791,4.9959,0,0,2.50435,1.3686,0,1.88062,2.96352,8.8822e+06,3.61194e+06,2.22441e+07,0,0,0,8.67616e+07
85.139,85.139,2.72531,0.16,0.02,1.92202,2.98741,0,0.346935,5.32224,4.27398e+06,2.70226e+06,8.21469e+06,0,0,0,3.19346e+08,80.8192,79.791,3.01036,0,0,2.43416,1.36877,0,1.93486,2.96352,8.8822e+06,3.61194e+06,2.16207e+07,0,0,0,8.67616e+07
85.139,85.139,2.60069,0.14,0.02,1.92255,2.98777,0,0.360187,5.32224,4.27398e+06,2.70226e+06,8.21694e+06,0,0,0,3.19346e+08,80.8092,79.791,2.89282,0,0,2.43416,1.36893,0,1.88063,2.96352,8.8822e+06,3.61194e+06,2.16207e+07,0,0,0,8.67616e+07
85.139,85.139,2.48964,0.11,0.02,1.92308,2.98813,0,0.360286,5.32224,4.27398e+06,2.70226e+06,8.21918e+06,0,0,0,3.19346e+08,80.8143,79.791,3.11662,0,0,2.43416,1.3691,0,1.88063,2.96352,8.8822e+06,3.61194e+06,2.16207e+07,0,0,0,8.67616e+07
85.1281,85.139,2.29552,0.1,0.02,1.9236,2.98849,0,0.360384,5.32224,4.27398e+06,2.70226e+06,8.22143e+06,0,0,0,3.19346e+08,80.7697,79.791,2.94401,0,0,2.43416,1.36926,0,1.88063,2.96352,8.8822e+06,3.61194e+06,2.16207e+07,0,0,0,8.67616e+07
85.139,85.139,2.33126,0.13,0.02,1.89736,2.96209,0,0.360483,5.32224,4.27398e+06,2.70226e+06,8.10927e+06,0,0,0,3.19346e+08,80.7864,79.791,3.25629,0,0,2.47276,1.40804,0,1.88063,2.96352,8.8822e+06,3.61194e+06,2.19636e+07,0,0,0,8.67616e+07
85.1064,85.139,2.25089,0.05,0.02,1.93649,2.96244,0,0.355565,5.32224,4.27398e+06,2.70226e+06,8.2765e+06,0,0,0,3.19346e+08,80.7266,79.791,3.19641,0,0,2.43416,1.40821,0,1.91046,2.96352,8.8822e+06,3.61194e+06,2.16207e+07,0,0,0,8.67616e+07
84.9761,85.139,2.13269,0.1,0.02,1.93701,2.9628,0,0.362898,5.32224,4.27398e+06,2.70226e+06,8.27875e+06,0,0,0,3.19346e+08,80.6302,79.791,3.09661,0,0,2.43416,1.40838,0,1.88063,2.96352,8.8822e+06,3.61194e+06,2.16207e+07,0,0,0,8.67616e+07
84.7152,85.139,1.98981,0.07,0.02,1.93754,2.96316,0,0.362996,5.32224,4.27398e+06,2.70226e+06,8.28101e+06,0,0,0,3.19346e+08,80.4255,79.791,2.89894,0,0,2.43416,1.40855,0,1.88063,2.96352,8.8822e+06,3.61194e+06,2.16207e+07,0,0,0,8.67616e+07
84.1879,85.139,1.76181,0.07,0.02,2.00723,3.03268,0,0.363095,5.32224,4.27398e+06,2.70226e+06,8.57886e+06,0,0,0,3.19346e+08,80.1331,79.791,2.54448,0,0,2.46858,1.44314,0,1.88063,2.96352,8.8822e+06,3.61194e+06,2.19265e+07,0,0,0,8.67616e+07
83.5694,85.139,1.70173,0.07,0.02,2.04219,3.03304,0,0.376155,5.32224,4.27398e+06,2.70226e+06,8.72828e+06,0,0,0,3.19346e+08,79.9657,79.791,2.61681,0,0,2.43417,1.44331,0,1.90723,2.96352,8.8822e+06,3.61194e+06,2.16207e+07,0,0,0,8.67616e+07
82.8133,85.139,1.53389,0.08,0.02,2.04273,3.03341,0,0.382707,5.32224,4.27398e+06,2.70226e+06,8.73059e+06,0,0,0,3.19346e+08,79.6536,79.791,2.49478,0,0,2.43417,1.44349,0,1.88064,2.96352,8.8822e+06,3.61194e+06,2.16207e+07,0,0,0,8.67616e+07
81.9318,85.139,1.3977,0.08,0.02,2.04327,3.03378,0,0.382808,5.32224,4.27398e+06,2.70226e+06,8.73289e+06,0,0,0,3.19346e+08,79.2952,79.791,2.17284,0,0,2.43417,1.44366,0,1.88064,2.96352,8.8822e+06,3.61194e+06,2.16207e+07,0,0,0,8.67616e+07
81.005,85.139,1.51298,0.08,0.02,2.24645,3.23678,0,0.382909,5.32224,4.27398e+06,2.70226e+06,9.60127e+06,0,0,0,3.19346e+08,79.054,79.791,2.7089,0,0,2.55847,1.56814,0,1.88064,2.96352,8.8822e+06,3.61194e+06,2.27249e+07,0,0,0,8.67616e+07
79.5418,85.139,1.041,0.08,0.02,2.37132,3.23717,0,0.420984,5.32224,4.27398e+06,2.70226e+06,1.0135e+07,0,0,0,3.19346e+08,78.5864,79.791,2.0261,0,0,2.43418,1.56833,0,1.97668,2.96352,8.8822e+06,3.61194e+06,2.16209e+07,0,0,0,8.67616e+07
78.1037,85.139,1.07211,0.09,0.02,2.3719,3.23756,0,0.444386,5.32224,4.27398e+06,2.70226e+06,1.01375e+07,0,0,0,3.19346e+08,78.1093,79.791,2.3465,0,0,2.43418,1.56852,0,1.88065,2.96352,8.8822e+06,3.61194e+06,2.16209e+07,0,0,0,8.67616e+07
76.4649,85.139,0.866611,0.14,0.02,2.37248,3.23795,0,0.444494,5.32224,4.27398e+06,2.70226e+06,1.01399e+07,0,0,0,3.19346e+08,77.5556,79.791,1.70088,0,0,2.43418,1.56871,0,1.88065,2.96352,8.8822e+06,3.61194e+06,2.16209e+07,0,0,0,8.67616e+07
75.0218,85.139,1.04386,0.14,0.02,2.37306,3.23834,0,0.444603,5.32224,4.27398e+06,2.70226e+06,1.01424e+07,0,0,0,3.19346e+08,77.2829,79.791,2.94798,0,0,2.43418,1.5689,0,1.88065,2.96352,8.8822e+06,3.61194e+06,2.16209e+07,0,0,0,8.67616e+07
73.5977,85.139,1.04896,0.15,0.02,2.27482,3.13992,0,0.444712,5.32224,4.27398e+06,2.70226e+06,9.72255e+06,0,0,0,3.19346e+08,76.949,79.791,2.69559,0,0,2.35869,1.49359,0,1.88065,2.96352,8.8822e+06,3.61194e+06,2.09503e+07,0,0,0,8.67616e+07
72.1256,85.139,0.994283,0.2,0.02,2.1999,3.1403,0,0.426302,5.32224,4.27398e+06,2.70226e+06,9.40231e+06,0,0,0,3.19346e+08,76.8026,79.791,3.43498,0,0,2.43417,1.49377,0,1.82232,2.96352,8.8822e+06,3.61194e+06,2.16208e+07,0,0,0,8.67616e+07
70.8376,85.139,1.18977,0.18,0.02,2.20046,3.14067,0,0.412261,5.32224,4.27398e+06,2.70226e+06,9.4047e+06,0,0,0,3.19346e+08,77.0799,79.791,4.85947,0,0,2.43417,1.49395,0,1.88064,2.96352,8.8822e+06,3.61194e+06,2.16208e+07,0,0,0,8.67616e+07
69.4823,85.139,1.10401,0.2,0.02,2.20102,3.14105,0,0.412365,5.32224,4.27398e+06,2.70226e+06,9.40709e+06,0,0,0,3.19346e+08,77.176,79.791,4.5388,0,0,2.43417,1.49413,0,1.88064,2.96352,8.8822e+06,3.61194e+06,2.16208e+07,0,0,0,8.67616e+07
68.1312,85.139,1.04682,0.19,0.02,2.12042,3.06028,0,0.41247,5.32224,4.27398e+06,2.70226e+06,9.06264e+06,0,0,0,3.19346e+08,77.4864,79.791,5.5546,0,0,2.36542,1.42556,0,1.88064,2.96352,8.8822e+06,3.61194e+06,2.10101e+07,0,0,0,8.67616e+07
66.5352,85.139,0.794318,0.2,0.02,2.05222,3.06065,0,0.397367,5.32224,4.27398e+06,2.70226e+06,8.77114e+06,0,0,0,3.19346e+08,77.1619,79.791,2.14837,0,0,2.43416,1.42573,0,1.82752,2.96352,8.8822e+06,3.61194e+06,2.16207e+07,0,0,0,8.67616e+07
65.3537,85.139,1.22239,0.23,0.02,2.05276,3.06102,0,0.384586,5.32224,4.27398e+06,2.70226e+06,8.77346e+06,0,0,0,3.19346e+08,76.942,79.791,2.63652,0,0,2.43416,1.42591,0,1.88064,2.96352,8.8822e+06,3.61194e+06,2.16207e+07,0,0,0,8.67616e+07
65.7726,85.139,2.94958,0.24,0.02,2.0533,3.06139,0,0.384688,5.32224,4.27398e+06,2.70226e+06,8.77577e+06,0,0,0,3.19346e+08,77.7163,79.791,6.52557,0,0,2.43416,1.42608,0,1.88064,2.96352,8.8822e+06,3.61194e+06,2.16207e+07,0,0,0,8.67616e+07
65.757,85.139,2.24785,0.24,0.02,1.82326,2.83117,0,0.384789,5.32224,4.27398e+06,2.70226e+06,7.79257e+06,0,0,0,3.19346e+08,78.0276,79.791,4.43899,0,0,2.2909,1.28299,0,1.88064,2.96352,8.8822e+06,3.61194e+06,2.03482e+07,0,0,0,8.67616e+07
66.418,85.139,2.84089,0.25,0.02,1.68051,2.83152,0,0.341679,5.32224,4.27398e+06,2.70226e+06,7.18247e+06,0,0,0,3.19346e+08,78.1868,79.791,5.43179,0,0,2.43415,1.28314,0,1.76995,2.96352,8.8822e+06,3.61194e+06,2.16206e+07,0,0,0,8.67616e+07
67.3987,85.139,3.13819,0.26,0.02,1.68101,2.83186,0,0.314928,5.32224,4.27398e+06,2.70226e+06,7.18459e+06,0,0,0,3.19346e+08,78.332,79.791,4.37891,0,0,2.43415,1.2833,0,1.88062,2.96352,8.8822e+06,3.61194e+06,2.16206e+07,0,0,0,8.67616e+07
69.8387,85.139,4.83805,0.26,0.02,1.6815,2.8322,0,0.315021,5.32224,4.27398e+06,2.70226e+06,7.18671e+06,0,0,0,3.19346e+08,79.3701,79.791,6.24918,0,0,2.43415,1.28345,0,1.88062,2.96352,8.8822e+06,3.61194e+06,2.16206e+07,0,0,0,8.67616e+07
71.6441,85.139,4.20376,0.23,0.02,1.682,2.83254,0,0.315114,5.32224,4.27398e+06,2.70226e+06,7.18883e+06,0,0,0,3.19346e+08,80.4617,79.791,8.01059,0,0,2.43415,1.28361,0,1.88062,2.96352,8.8822e+06,3.61194e+06,2.16206e+07,0,0,0,8.67616e+07
74.1008,85.139,4.70864,0.23,0.02,1.68216,2.83254,0,0.315207,5.32224,4.27398e+06,2.70226e+06,7.1895e+06,0,0,0,3.19346e+08,80.8192,79.791,6.45571,0,0,2.43399,1.28361,0,1.88062,2.96352,8.8822e+06,3.61194e+06,2.16192e+07,0,0,0,8.67616e+07
77.7614,85.139,5.91636,0.2,0.02,1.77124,2.92162,0,0.315236,5.32224,4.27398e+06,2.70226e+06,7.57023e+06,0,0,0,3.19346e+08,80.8192,79.791,5.41601,0,0,2.47565,1.32527,0,1.8805,2.96352,8.8822e+06,3.61194e+06,2.19892e+07,0,0,0,8.67616e+07
78.511,85.139,3.20664,0.2,0.02,1.81323,2.92196,0,0.33193,5.32224,4.27398e+06,2.70226e+06,7.74971e+06,0,0,0,3.19346e+08,80.8192,79.791,4.27404,0,0,2.43414,1.32542,0,1.91269,2.96352,8.8822e+06,3.61194e+06,2.16205e+07,0,0,0,8.67616e+07
79.283,85.139,3.2776,0.2,0.02,1.81372,2.92229,0,0.3398,5.32224,4.27398e+06,2.70226e+06,7.75178e+06,0,0,0,3.19346e+08,80.8192,79.791,4.99235,0,0,2.43414,1.32557,0,1.88062,2.96352,8.8822e+06,3.61194e+06,2.16205e+07,0,0,0,8.67616e+07
79.303,85.139,2.46211,0.2,0.02,1.8142,2.92262,0,0.33989,5.32224,4.27398e+06,2.70226e+06,7.75385e+06,0,0,0,3.19346e+08,80.8192,79.791,4.25038,0,0,2.43414,1.32572,0,1.88062,2.96352,8.8822e+06,3.61194e+06,2.16205e+07,0,0,0,8.67616e+07
82.0673,85.139,5.58101,0.21,0.02,2.09978,3.20805,0,0.339981,5.32224,4.27398e+06,2.70226e+06,8.97443e+06,0,0,0,3.19346e+08,80.8192,79.791,6.54783,0,0,2.59004,1.48177,0,1.88062,2.96352,8.8822e+06,3.61194e+06,2.30052e+07,0,0,0,8.67616e+07
84.8563,85.139,5.77567,0.17,0.02,2.2562,3.20842,0,0.393499,5.32224,4.27398e+06,2.70226e+06,9.64293e+06,0,0,0,3.19346e+08,80.8192,79.791,6.87201,0,0,2.43416,1.48194,0,2.00106,2.96352,8.8822e+06,3.61194e+06,2.16207e+07,0,0,0,8.67616e+07
85.139,85.139,5.49019,0.17,0.02,2.25673,3.20879,0,0.422811,5.32224,4.27398e+06,2.70226e+06,9.64522e+06,0,0,0,3.19346e+08,80.8192,79.791,6.91418,0,0,2.43416,1.48211,0,1.88063,2.96352,8.8822e+06,3.61194e+06,2.16207e+07,0,0,0,8.67616e+07
85.139,85.139,5.12651,0.13,0.02,2.25727,3.20915,0,0.422911,5.32224,4.27398e+06,2.70226e+06,9.6475e+06,0,0,0,3.19346e+08,80.8192,79.791,8.48262,0,0,2.43416,1.48227,0,1.88063,2.96352,8.8822e+06,3.61194e+06,2.16207e+07,0,0,0,8.67616e+07
85.139,85.139,6.33238,0.14,0.02,1.85097,2.80269,0,0.423012,5.32224,4.27398e+06,2.70226e+06,7.91102e+06,0,0,0,3.19346e+08,80.8192,79.791,7.48332,0,0,2.22485,1.27314,0,1.88063,2.96352,8.8822e+06,3.61194e+06,1.97616e+07,0,0,0,8.67616e+07
85.139,85.139,9.04719,0.17,0.02,1.64216,2.80301,0,0.346873,5.32224,4.27398e+06,2.70226e+06,7.01854e+06,0,0,0,3.19346e+08,80.8192,79.791,12.1064,0,0,2.43414,1.27328,0,1.71892,2.96352,8.8822e+06,3.61194e+06,2.16205e+07,0,0,0,8.67616e+07
85.139,85.139,8.06851,0.2,0.02,1.64262,2.80333,0,0.30774,5.32224,4.27398e+06,2.70226e+06,7.02052e+06,0,0,0,3.19346e+08,80.8192,79.791,12.7372,0,0,2.43414,1.27343,0,1.88061,2.96352,8.8822e+06,3.61194e+06,2.16205e+07,0,0,0,8.67616e+07
85.139,85.139,6.28128,0.2,0.02,1.64309,2.80365,0,0.307827,5.32224,4.27398e+06,2.70226e+06,7.02251e+06,0,0,0,3.19346e+08,80.8192,79.791,7.92804,0,0,2.43414,1.27357,0,1.88061,2.96352,8.8822e+06,3.61194e+06,2.16205e+07,0,0,0,8.67616e+07
85.139,85.139,6.63216,0.21,0.02,1.64355,2.80397,0,0.307914,5.32224,4.27398e+06,2.70226e+06,7.0245e+06,0,0,0,3.19346e+08,80.8192,79.791,11.0658,0,0,2.43414,1.27372,0,1.88061,2.96352,8.8822e+06,3.61194e+06,2.16205e+07,0,0,0,8.67616e+07
85.139,85.139,3.73191,0.22,0.02,1.74648,2.90675,0,0.308001,5.32224,4.27398e+06,2.70226e+06,7.46441e+06,0,0,0,3.19346e+08,80.8192,79.791,4.7151,0,0,2.48537,1.3251,0,1.88061,2.96352,8.8822e+06,3.61194e+06,2.20756e+07,0,0,0,8.67616e+07
85.139,85.139,4.70959,0.22,0.02,1.79819,2.90709,0,0.32729,5.32224,4.27398e+06,2.70226e+06,7.68542e+06,0,0,0,3.19346e+08,80.8192,79.791,10.3292,0,0,2.43414,1.32525,0,1.9202,2.96352,8.8822e+06,3.61194e+06,2.16205e+07,0,0,0,8.67616e+07
85.139,85.139,3.7454,0.22,0.02,1.79867,2.90742,0,0.336981,5.32224,4.27398e+06,2.70226e+06,7.68749e+06,0,0,0,3.19346e+08,80.8192,79.791,6.53392,0,0,2.43414,1.3254,0,1.88062,2.96352,8.8822e+06,3.61194e+06,2.16205e+07,0,0,0,8.67616e+07
85.139,85.139,3.09863,0.22,0.02,1.79916,2.90775,0,0.337071,5.32224,4.27398e+06,2.70226e+06,7.68955e+06,0,0,0,3.19346e+08,80.8192,79.791,5.06191,0,0,2.43414,1.32555,0,1.88062,2.96352,8.8822e+06,3.61194e+06,2.16205e+07,0,0,0,8.67616e+07
85.139,85.139,2.91323,0.2,0.02,1.75956,2.868,0,0.337162,5.32224,4.27398e+06,2.70226e+06,7.52031e+06,0,0,0,3.19346e+08,80.8192,79.791,4.56154,0,0,2.41424,1.30579,0,1.88062,2.96352,8.8822e+06,3.61194e+06,2.14437e+07,0,0,0,8.67616e+07
85.139,85.139,2.74039,0.19,0.02,1.74013,2.86833,0,0.329741,5.32224,4.27398e+06,2.70226e+06,7.43727e+06,0,0,0,3.19346e+08,80.8192,79.791,4.50713,0,0,2.43414,1.30594,0,1.86524,2.96352,8.8822e+06,3.61194e+06,2.16205e+07,0,0,0,8.67616e+07
85.139,85.139,2.63982,0.18,0.02,1.7406,2.86865,0,0.3261,5.32224,4.27398e+06,2.70226e+06,7.43931e+06,0,0,0,3.19346e+08,80.8192,79.791,4.63318,0,0,2.43414,1.30609,0,1.88062,2.96352,8.8822e+06,3.61194e+06,2.16205e+07,0,0,0,8.67616e+07
85.139,85.139,2.66996,0.16,0.02,1.74108,2.86898,0,0.326189,5.32224,4.27398e+06,2.70226e+06,7.44134e+06,0,0,0,3.19346e+08,80.8192,79.791,4.36715,0,0,2.43414,1.30624,0,1.88062,2.96352,8.8822e+06,3.61194e+06,2.16205e+07,0,0,0,8.67616e+07
85.0249,85.139,2.16082,0.16,0.02,1.87767,3.00542,0,0.326279,5.32224,4.27398e+06,2.70226e+06,8.02512e+06,0,0,0,3.19346e+08,80.806,79.791,3.20017,0,0,2.50477,1.37702,0,1.88062,2.96352,8.8822e+06,3.61194e+06,2.22479e+07,0,0,0,8.67616e+07
84.6594,85.139,1.92363,0.2,0.02,1.94879,3.00576,0,0.351875,5.32224,4.27398e+06,2.70226e+06,8.32909e+06,0,0,0,3.19346e+08,80.745,79.791,3.0202,0,0,2.43415,1.37718,0,1.93519,2.96352,8.8822e+06,3.61194e+06,2.16206e+07,0,0,0,8.67616e+07
84.2591,85.139,1.88327,0.17,0.02,1.94929,3.00611,0,0.365204,5.32224,4.27398e+06,2.70226e+06,8.33123e+06,0,0,0,3.19346e+08,80.7514,79.791,3.06049,0,0,2.43415,1.37733,0,1.88062,2.96352,8.8822e+06,3.61194e+06,2.16206e+07,0,0,0,8.67616e+07
83.7411,85.139,1.75787,0.16,0.02,1.94979,3.00645,0,0.365297,5.32224,4.27398e+06,2.70226e+06,8.33337e+06,0,0,0,3.19346e+08,80.6809,79.791,2.82117,0,0,2.43415,1.37749,0,1.88062,2.96352,8.8822e+06,3.61194e+06,2.16206e+07,0,0,0,8.67616e+07
83.0324,85.139,1.53988,0.13,0.02,1.95029,3.00679,0,0.365391,5.32224,4.27398e+06,2.70226e+06,8.3355e+06,0,0,0,3.19346e+08,80.4171,79.791,2.29239,0,0,2.43415,1.37765,0,1.88062,2.96352,8.8822e+06,3.61194e+06,2.16206e+07,0,0,0,8.67616e+07
82.185,85.139,1.35898,0.12,0.02,1.92386,2.9802,0,0.365485,5.32224,4.27398e+06,2.70226e+06,8.22253e+06,0,0,0,3.19346e+08,79.9445,79.791,1.97582,0,0,2.47299,1.41665,0,1.88062,2.96352,8.8822e+06,3.61194e+06,2.19656e+07,0,0,0,8.67616e+07
81.1907,85.139,1.23895,0.11,0.02,1.9632,2.98054,0,0.360531,5.32224,4.27398e+06,2.70226e+06,8.39067e+06,0,0,0,3.19346e+08,79.3935,79.791,1.80966,0,0,2.43415,1.41681,0,1.91063,2.96352,8.8822e+06,3.61194e+06,2.16206e+07,0,0,0,8.67616e+07
80.1124,85.139,1.1317,0.08,0.02,1.9637,2.98088,0,0.367903,5.32224,4.27398e+06,2.70226e+06,8.39281e+06,0,0,0,3.19346e+08,78.7318,79.791,1.73297,0,0,2.43415,1.41697,0,1.88063,2.96352,8.8822e+06,3.61194e+06,2.16206e+07,0,0,0,8.67616e+07
79.0072,85.139,1.06907,0.07,0.02,1.9642,2.98122,0,0.367997,5.32224,4.27398e+06,2.70226e+06,8.39495e+06,0,0,0,3.19346e+08,77.9153,79.791,1.62446,0,0,2.43415,1.41713,0,1.88063,2.96352,8.8822e+06,3.61194e+06,2.16206e+07,0,0,0,8.67616e+07
77.9158,85.139,1.14867,0.13,0.02,2.03429,3.05115,0,0.368091,5.32224,4.27398e+06,2.70226e+06,8.6945e+06,0,0,0,3.19346e+08,77.3004,79.791,1.65116,0,0,2.46879,1.45193,0,1.88063,2.96352,8.8822e+06,3.61194e+06,2.19282e+07,0,0,0,8.67616e+07
76.7446,85.139,1.08354,0.11,0.02,2.06943,3.05149,0,0.381225,5.32224,4.27398e+06,2.70226e+06,8.8447e+06,0,0,0,3.19346e+08,76.5683,79.791,1.69658,0,0,2.43416,1.45209,0,1.90738,2.96352,8.8822e+06,3.61194e+06,2.16207e+07,0,0,0,8.67616e+07
75.5131,85.139,1.01405,0.11,0.02,2.06994,3.05184,0,0.387811,5.32224,4.27398e+06,2.70226e+06,8.84689e+06,0,0,0,3.19346e+08,75.8693,79.791,1.5523,0,0,2.43416,1.45226,0,1.88063,2.96352,8.8822e+06,3.61194e+06,2.16207e+07,0,0,0,8.67616e+07
74.275,85.139,0.996476,0.12,0.02,2.07046,3.05219,0,0.387907,5.32224,4.27398e+06,2.70226e+06,8.84909e+06,0,0,0,3.19346e+08,75.1081,79.791,1.66922,0,0,2.43416,1.45242,0,1.88063,2.96352,8.8822e+06,3.61194e+06,2.16207e+07,0,0,0,8.67616e+07
72.6921,85.139,0.769865,0.11,0.02,2.27484,3.25641,0,0.388004,5.32224,4.27398e+06,2.70226e+06,9.7226e+06,0,0,0,3.19346e+08,74.1659,79.791,1.49824,0,0,2.55922,1.57765,0,1.88063,2.96352,8.8822e+06,3.61194e+06,2.27315e+07,0,0,0,8.67616e+07
70.8434,85.139,0.585509,0.19,0.02,2.40044,3.25678,0,0.426305,5.32224,4.27398e+06,2.70226e+06,1.02594e+07,0,0,0,3.19346e+08,73.2637,79.791,1.28523,0,0,2.43417,1.57783,0,1.97725,2.96352,8.8822e+06,3.61194e+06,2.16208e+07,0,0,0,8.67616e+07
69.1129,85.139,0.693649,0.2,0.02,2.40099,3.25715,0,0.449842,5.32224,4.27398e+06,2.70226e+06,1.02618e+07,0,0,0,3.19346e+08,72.5422,79.791,1.39253,0,0,2.43417,1.57801,0,1.88064,2.96352,8.8822e+06,3.61194e+06,2.16208e+07,0,0,0,8.67616e+07
67.8314,85.139,1.18386,0.2,0.02,2.40154,3.25752,0,0.449945,5.32224,4.27398e+06,2.70226e+06,1.02641e+07,0,0,0,3.19346e+08,71.9783,79.791,1.66223,0,0,2.43417,1.57819,0,1.88064,2.96352,8.8822e+06,3.61194e+06,2.16208e+07,0,0,0,8.67616e+07
66.7214,85.139,1.28848,0.24,0.02,2.40209,3.25789,0,0.450049,5.32224,4.27398e+06,2.70226e+06,1.02665e+07,0,0,0,3.19346e+08,71.4292,79.791,1.64588,0,0,2.43417,1.57837,0,1.88064,2.96352,8.8822e+06,3.61194e+06,2.16208e+07,0,0,0,8.67616e+07
65.4985,85.139,1.09657,0.24,0.02,2.30323,3.15885,0,0.450152,5.32224,4.27398e+06,2.70226e+06,9.84396e+06,0,0,0,3.19346e+08,70.776,79.791,1.58357,0,0,2.35822,1.5026,0,1.88064,2.96352,8.8822e+06,3.61194e+06,2.09462e+07,0,0,0,8.67616e+07
64.4701,85.139,1.25323,0.22,0.02,2.22782,3.15921,0,0.431625,5.32224,4.27398e+06,2.70226e+06,9.52165e+06,0,0,0,3.19346e+08,70.2349,79.791,2.00728,0,0,2.43416,1.50277,0,1.82196,2.96352,8.8822e+06,3.61194e+06,2.16207e+07,0,0,0,8.67616e+07
63.3979,85.139,1.21724,0.23,0.02,2.22835,3.15957,0,0.417493,5.32224,4.27398e+06,2.70226e+06,9.52393e+06,0,0,0,3.19346e+08,69.6875,79.791,1.95881,0,0,2.43416,1.50294,0,1.88063,2.96352,8.8822e+06,3.61194e+06,2.16207e+07,0,0,0,8.67616e+07
62.5028,85.139,1.46299,0.22,0.02,2.22888,3.15993,0,0.417593,5.32224,4.27398e+06,2.70226e+06,9.5262e+06,0,0,0,3.19346e+08,68.8682,79.791,2.50993,0,0,2.43416,1.50312,0,1.88063,2.96352,8.8822e+06,3.61194e+06,2.16207e+07,0,0,0,8.67616e+07
61.7331,85.139,1.57184,0.23,0.02,2.14778,3.07866,0,0.417693,5.32224,4.27398e+06,2.70226e+06,9.17956e+06,0,0,0,3.19346e+08,68.3002,79.791,1.2076,0,0,2.365,1.43412,0,1.88063,2.96352,8.8822e+06,3.61194e+06,2.10064e+07,0,0,0,8.67616e+07
61.0694,85.139,1.61743,0.27,0.02,2.07913,3.07901,0,0.402494,5.32224,4.27398e+06,2.70226e+06,8.88618e+06,0,0,0,3.19346e+08,67.866,79.791,2.18195,0,0,2.43416,1.43428,0,1.8272,2.96352,8.8822e+06,3.61194e+06,2.16206e+07,0,0,0,8.67616e+07
63.1996,85.139,4.5541,0.27,0.02,2.07965,3.07936,0,0.38963,5.32224,4.27398e+06,2.70226e+06,8.88838e+06,0,0,0,3.19346e+08,68.1228,79.791,4.84033,0,0,2.43416,1.43445,0,1.88063,2.96352,8.8822e+06,3.61194e+06,2.16206e+07,0,0,0,8.67616e+07
63.7282,85.139,2.92698,0.24,0.02,2.08016,3.07971,0,0.389726,5.32224,4.27398e+06,2.70226e+06,8.89058e+06,0,0,0,3.19346e+08,68.0576,79.791,2.08927,0,0,2.43416,1.43461,0,1.88063,2.96352,8.8822e+06,3.61194e+06,2.16206e+07,0,0,0,8.67616e+07
65.8801,85.139,4.43065,0.25,0.02,1.84872,2.8481,0,0.389823,5.32224,4.27398e+06,2.70226e+06,7.90137e+06,0,0,0,3.19346e+08,67.7005,79.791,2.45343,0,0,2.29004,1.29066,0,1.88063,2.96352,8.8822e+06,3.61194e+06,2.03406e+07,0,0,0,8.67616e+07
68.0483,85.139,4.41365,0.26,0.02,1.70509,2.84842,0,0.346449,5.32224,4.27398e+06,2.70226e+06,7.2875e+06,0,0,0,3.19346e+08,68.143,79.791,5.01497,0,0,2.43414,1.2908,0,1.76928,2.96352,8.8822e+06,3.61194e+06,2.16205e+07,0,0,0,8.67616e+07
70.0293,85.139,4.23381,0.26,0.02,1.70556,2.84875,0,0.319533,5.32224,4.27398e+06,2.70226e+06,7.28952e+06,0,0,0,3.19346e+08,67.9684,79.791,2.92484,0,0,2.43414,1.29095,0,1.88062,2.96352,8.8822e+06,3.61194e+06,2.16205e+07,0,0,0,8.67616e+07
70.5701,85.139,2.70613,0.24,0.02,1.70603,2.84907,0,0.319622,5.32224,4.27398e+06,2.70226e+06,7.29154e+06,0,0,0,3.19346e+08,67.4707,79.791,2.09714,0,0,2.43414,1.2911,0,1.88062,2.96352,8.8822e+06,3.61194e+06,2.16205e+07,0,0,0,8.67616e+07
71.7769,85.139,3.4607,0.23,0.02,1.7065,2.8494,0,0.31971,5.32224,4.27398e+06,2.70226e+06,7.29356e+06,0,0,0,3.19346e+08,67.3575,79.791,2.91521,0,0,2.43414,1.29125,0,1.88062,2.96352,8.8822e+06,3.61194e+06,2.16205e+07,0,0,0,8.67616e+07
77.1624,85.139,7.95751,0.24,0.02,1.79624,2.93899,0,0.319799,5.32224,4.27398e+06,2.70226e+06,7.6771e+06,0,0,0,3.19346e+08,68.4615,79.791,6.28806,0,0,2.47589,1.33315,0,1.88062,2.96352,8.8822e+06,3.61194e+06,2.19914e+07,0,0,0,8.67616e+07
81.93,85.139,7.32655,0.2,0.02,1.83846,2.93931,0,0.336616,5.32224,4.27398e+06,2.70226e+06,7.85753e+06,0,0,0,3.19346e+08,69.2195,79.791,5.85344,0,0,2.43414,1.33329,0,1.91287,2.96352,8.8822e+06,3.61194e+06,2.16205e+07,0,0,0,8.67616e+07
85.139,85.139,8.01676,0.17,0.02,1.83892,2.93962,0,0.344527,5.32224,4.27398e+06,2.70226e+06,7.8595e+06,0,0,0,3.19346e+08,70.59,79.791,8.40623,0,0,2.43414,1.33343,0,1.88061,2.96352,8.8822e+06,3.61194e+06,2.16205e+07,0,0,0,8.67616e+07
85.139,85.139,6.49731,0.12,0.02,1.83938,2.93994,0,0.344613,5.32224,4.27398e+06,2.70226e+06,7.86146e+06,0,0,0,3.19346e+08,71.2156,79.791,5.09299,0,0,2.43414,1.33358,0,1.88061,2.96352,8.8822e+06,3.61194e+06,2.16205e+07,0,0,0,8.67616e+07
85.139,85.139,7.67912,0.14,0.02,2.12662,3.22704,0,0.3447,5.32224,4.27398e+06,2.70226e+06,9.08914e+06,0,0,0,3.19346e+08,71.9683,79.791,5.39271,0,0,2.59095,1.49054,0,1.88061,2.96352,8.8822e+06,3.61194e+06,2.30133e+07,0,0,0,8.67616e+07
85.139,85.139,6.51491,0.14,0.02,2.28393,3.22739,0,0.398529,5.32224,4.27398e+06,2.70226e+06,9.76147e+06,0,0,0,3.19346e+08,72.6279,79.791,5.72719,0,0,2.43415,1.4907,0,2.00177,2.96352,8.8822e+06,3.61194e+06,2.16206e+07,0,0,0,8.67616e+07
85.139,85.139,8.0143,0.14,0.02,2.28444,3.22773,0,0.428009,5.32224,4.27398e+06,2.70226e+06,9.76364e+06,0,0,0,3.19346e+08,73.422,79.791,5.72918,0,0,2.43415,1.49086,0,1.88063,2.96352,8.8822e+06,3.61194e+06,2.16206e+07,0,0,0,8.67616e+07
85.139,85.139,6.88093,0.14,0.02,2.28495,3.22808,0,0.428104,5.32224,4.27398e+06,2.70226e+06,9.76581e+06,0,0,0,3.19346e+08,74.8481,79.791,7.26283,0,0,2.43415,1.49102,0,1.88063,2.96352,8.8822e+06,3.61194e+06,2.16206e+07,0,0,0,8.67616e+07
85.139,85.139,5.24724,0.16,0.02,1.87623,2.8192,0,0.428199,5.32224,4.27398e+06,2.70226e+06,8.01897e+06,0,0,0,3.19346e+08,75.7088,79.791,5.32319,0,0,2.22361,1.28064,0,1.88063,2.96352,8.8822e+06,3.61194e+06,1.97506e+07,0,0,0,8.67616e+07
85.139,85.139,6.21754,0.18,0.02,1.66615,2.81951,0,0.351606,5.32224,4.27398e+06,2.70226e+06,7.1211e+06,0,0,0,3.19346e+08,76.4089,79.791,5.28952,0,0,2.43413,1.28078,0,1.71796,2.96352,8.8822e+06,3.61194e+06,2.16204e+07,0,0,0,8.67616e+07
85.139,85.139,5.46214,0.2,0.02,1.66659,2.81981,0,0.312237,5.32224,4.27398e+06,2.70226e+06,7.12299e+06,0,0,0,3.19346e+08,76.905,79.791,5.06787,0,0,2.43413,1.28091,0,1.88061,2.96352,8.8822e+06,3.61194e+06,2.16204e+07,0,0,0,8.67616e+07
85.139,85.139,6.69385,0.2,0.02,1.66704,2.82011,0,0.31232,5.32224,4.27398e+06,2.70226e+06,7.12487e+06,0,0,0,3.19346e+08,77.9252,79.791,6.18388,0,0,2.43413,1.28105,0,1.88061,2.96352,8.8822e+06,3.61194e+06,2.16204e+07,0,0,0,8.67616e+07
85.139,85.139,7.06999,0.21,0.02,1.66748,2.82042,0,0.312402,5.32224,4.27398e+06,2.70226e+06,7.12676e+06,0,0,0,3.19346e+08,79.0145,79.791,6.33014,0,0,2.43413,1.28119,0,1.88061,2.96352,8.8822e+06,3.61194e+06,2.16204e+07,0,0,0,8.67616e+07
85.139,85.139,6.84532,0.23,0.02,1.77098,2.92378,0,0.312485,5.32224,4.27398e+06,2.70226e+06,7.56913e+06,0,0,0,3.19346e+08,80.8192,79.791,7.7514,0,0,2.48566,1.33286,0,1.88061,2.96352,8.8822e+06,3.61194e+06,2.20782e+07,0,0,0,8.67616e+07
85.139,85.139,6.09835,0.23,0.02,1.82297,2.9241,0,0.331882,5.32224,4.27398e+06,2.70226e+06,7.79132e+06,0,0,0,3.19346e+08,80.8192,79.791,6.04006,0,0,2.43414,1.333,0,1.92042,2.96352,8.8822e+06,3.61194e+06,2.16205e+07,0,0,0,8.67616e+07
85.139,85.139,5.20629,0.23,0.02,1.82342,2.92441,0,0.341624,5.32224,4.27398e+06,2.70226e+06,7.79328e+06,0,0,0,3.19346e+08,80.8192,79.791,5.04545,0,0,2.43414,1.33315,0,1.88061,2.96352,8.8822e+06,3.61194e+06,2.16205e+07,0,0,0,8.67616e+07
85.139,85.139,4.83031,0.24,0.02,1.82388,2.92473,0,0.34171,5.32224,4.27398e+06,2.70226e+06,7.79523e+06,0,0,0,3.19346e+08,80.8192,79.791,5.46557,0,0,2.43414,1.33329,0,1.88061,2.96352,8.8822e+06,3.61194e+06,2.16205e+07,0,0,0,8.67616e+07
85.139,85.139,3.51821,0.22,0.02,1.78403,2.88473,0,0.341796,5.32224,4.27398e+06,2.70226e+06,7.62489e+06,0,0,0,3.19346e+08,80.8192,79.791,3.13364,0,0,2.41411,1.31341,0,1.88061,2.96352,8.8822e+06,3.61194e+06,2.14426e+07,0,0,0,8.67616e+07
85.139,85.139,3.04696,0.22,0.02,1.76446,2.88504,0,0.334326,5.32224,4.27398e+06,2.70226e+06,7.54125e+06,0,0,0,3.19346e+08,80.8192,79.791,3.1576,0,0,2.43413,1.31355,0,1.86514,2.96352,8.8822e+06,3.61194e+06,2.16204e+07,0,0,0,8.67616e+07
85.139,85.139,3.5292,0.19,0.02,1.76491,2.88535,0,0.330659,5.32224,4.27398e+06,2.70226e+06,7.54318e+06,0,0,0,3.19346e+08,80.8192,79.791,3.18383,0,0,2.43413,1.31369,0,1.88061,2.96352,8.8822e+06,3.61194e+06,2.16204e+07,0,0,0,8.67616e+07
85.139,85.139,3.96696,0.17,0.02,1.76536,2.88566,0,0.330744,5.32224,4.27398e+06,2.70226e+06,7.54511e+06,0,0,0,3.19346e+08,80.8192,79.791,3.29418,0,0,2.43413,1.31383,0,1.88061,2.96352,8.8822e+06,3.61194e+06,2.16204e+07,0,0,0,8.67616e+07
85.139,85.139,3.14719,0.17,0.02,1.90271,3.02287,0,0.330828,5.32224,4.27398e+06,2.70226e+06,8.13215e+06,0,0,0,3.19346e+08,80.8192,79.791,3.0457,0,0,2.50517,1.38502,0,1.88061,2.96352,8.8822e+06,3.61194e+06,2.22514e+07,0,0,0,8.67616e+07
85.139,85.139,3.05216,0.14,0.02,1.97422,3.0232,0,0.356568,5.32224,4.27398e+06,2.70226e+06,8.43777e+06,0,0,0,3.19346e+08,80.6983,79.791,2.66501,0,0,2.43414,1.38516,0,1.9355,2.96352,8.8822e+06,3.61194e+06,2.16205e+07,0,0,0,8.67616e+07
85.139,85.139,2.73515,0.11,0.02,1.97469,3.02352,0,0.369969,5.32224,4.27398e+06,2.70226e+06,8.4398e+06,0,0,0,3.19346e+08,80.5546,79.791,2.64045,0,0,2.43414,1.38531,0,1.88062,2.96352,8.8822e+06,3.61194e+06,2.16205e+07,0,0,0,8.67616e+07
85.139,85.139,2.69799,0.1,0.02,1.97517,3.02385,0,0.370058,5.32224,4.27398e+06,2.70226e+06,8.44182e+06,0,0,0,3.19346e+08,80.4732,79.791,2.68119,0,0,2.43414,1.38546,0,1.88062,2.96352,8.8822e+06,3.61194e+06,2.16205e+07,0,0,0,8.67616e+07
85.139,85.139,2.63359,0.08,0.02,1.97564,3.02417,0,0.370147,5.32224,4.27398e+06,2.70226e+06,8.44385e+06,0,0,0,3.19346e+08,80.4633,79.791,2.57431,0,0,2.43414,1.38561,0,1.88062,2.96352,8.8822e+06,3.61194e+06,2.16205e+07,0,0,0,8.67616e+07
85.139,85.139,2.51357,0.05,0.02,1.94903,2.99741,0,0.370235,5.32224,4.27398e+06,2.70226e+06,8.3301e+06,0,0,0,3.19346e+08,80.5941,79.791,2.62868,0,0,2.47321,1.42483,0,1.88062,2.96352,8.8822e+06,3.61194e+06,2.19675e+07,0,0,0,8.67616e+07
85.1213,85.139,2.2792,0.06,0.02,1.98857,2.99773,0,0.365248,5.32224,4.27398e+06,2.70226e+06,8.49909e+06,0,0,0,3.19346e+08,80.6658,79.791,2.39887,0,0,2.43415,1.42498,0,1.9108,2.96352,8.8822e+06,3.61194e+06,2.16206e+07,0,0,0,8.67616e+07
85.0258,85.139,2.15645,0.09,0.02,1.98904,2.99805,0,0.372657,5.32224,4.27398e+06,2.70226e+06,8.50112e+06,0,0,0,3.19346e+08,80.5841,79.791,2.33497,0,0,2.43415,1.42513,0,1.88062,2.96352,8.8822e+06,3.61194e+06,2.16206e+07,0,0,0,8.67616e+07
84.6986,85.139,1.91803,0.08,0.02,1.98952,2.99838,0,0.372746,5.32224,4.27398e+06,2.70226e+06,8.50315e+06,0,0,0,3.19346e+08,80.4878,79.791,2.25746,0,0,2.43415,1.42529,0,1.88062,2.96352,8.8822e+06,3.61194e+06,2.16206e+07,0,0,0,8.67616e+07
84.6835,85.139,2.30911,0.08,0.02,2.05998,3.06868,0,0.372836,5.32224,4.27398e+06,2.70226e+06,8.80429e+06,0,0,0,3.19346e+08,80.6452,79.791,2.73358,0,0,2.46898,1.46027,0,1.88062,2.96352,8.8822e+06,3.61194e+06,2.19299e+07,0,0,0,8.67616e+07
84.4988,85.139,2.16209,0.08,0.02,2.09529,3.06901,0,0.38604,5.32224,4.27398e+06,2.70226e+06,8.95523e+06,0,0,0,3.19346e+08,80.7625,79.791,2.70994,0,0,2.43415,1.46043,0,1.90753,2.96352,8.8822e+06,3.61194e+06,2.16206e+07,0,0,0,8.67616e+07
84.0769,85.139,1.91839,0.08,0.02,2.09578,3.06934,0,0.392658,5.32224,4.27398e+06,2.70226e+06,8.95731e+06,0,0,0,3.19346e+08,80.8166,79.791,2.4848,0,0,2.43415,1.46059,0,1.88062,2.96352,8.8822e+06,3.61194e+06,2.16206e+07,0,0,0,8.67616e+07
83.4915,85.139,1.73819,0.09,0.02,2.09627,3.06967,0,0.392749,5.32224,4.27398e+06,2.70226e+06,8.95939e+06,0,0,0,3.19346e+08,80.5986,79.791,2.43534,0,0,2.43415,1.46074,0,1.88062,2.96352,8.8822e+06,3.61194e+06,2.16206e+07,0,0,0,8.67616e+07
82.3991,85.139,1.3995,0.09,0.02,2.30179,3.27504,0,0.39284,5.32224,4.27398e+06,2.70226e+06,9.83778e+06,0,0,0,3.19346e+08,80.2374,79.791,2.07175,0,0,2.55993,1.58668,0,1.88062,2.96352,8.8822e+06,3.61194e+06,2.27378e+07,0,0,0,8.67616e+07
81.2597,85.139,1.45482,0.1,0.02,2.42807,3.27539,0,0.431355,5.32224,4.27398e+06,2.70226e+06,1.03775e+07,0,0,0,3.19346e+08,79.7694,79.791,1.99632,0,0,2.43416,1.58685,0,1.9778,2.96352,8.8822e+06,3.61194e+06,2.16207e+07,0,0,0,8.67616e+07
79.8823,85.139,1.22842,0.1,0.02,2.4286,3.27574,0,0.455021,5.32224,4.27398e+06,2.70226e+06,1.03798e+07,0,0,0,3.19346e+08,79.4579,79.791,1.75387,0,0,2.43416,1.58702,0,1.88063,2.96352,8.8822e+06,3.61194e+06,2.16207e+07,0,0,0,8.67616e+07
78.6331,85.139,1.33645,0.11,0.02,2.42912,3.27609,0,0.455119,5.32224,4.27398e+06,2.70226e+06,1.0382e+07,0,0,0,3.19346e+08,79.2498,79.791,2.32877,0,0,2.43416,1.58719,0,1.88063,2.96352,8.8822e+06,3.61194e+06,2.16207e+07,0,0,0,8.67616e+07
77.2279,85.139,1.19588,0.16,0.02,2.42964,3.27644,0,0.455217,5.32224,4.27398e+06,2.70226e+06,1.03842e+07,0,0,0,3.19346e+08,78.549,79.791,1.99066,0,0,2.43416,1.58736,0,1.88063,2.96352,8.8822e+06,3.61194e+06,2.16207e+07,0,0,0,8.67616e+07
75.6774,85.139,0.977358,0.17,0.02,2.33019,3.17682,0,0.455315,5.32224,4.27398e+06,2.70226e+06,9.95916e+06,0,0,0,3.19346e+08,77.8028,79.791,1.79031,0,0,2.35778,1.51115,0,1.88063,2.96352,8.8822e+06,3.61194e+06,2.09423e+07,0,0,0,8.67616e+07
74.2539,85.139,1.0819,0.17,0.02,2.25432,3.17716,0,0.436677,5.32224,4.27398e+06,2.70226e+06,9.63489e+06,0,0,0,3.19346e+08,77.3147,79.791,1.65885,0,0,2.43415,1.51131,0,1.82162,2.96352,8.8822e+06,3.61194e+06,2.16206e+07,0,0,0,8.67616e+07
73.1635,85.139,1.44175,0.17,0.02,2.25482,3.1775,0,0.422459,5.32224,4.27398e+06,2.70226e+06,9.63705e+06,0,0,0,3.19346e+08,77.4343,79.791,2.23339,0,0,2.43415,1.51147,0,1.88063,2.96352,8.8822e+06,3.61194e+06,2.16206e+07,0,0,0,8.67616e+07
72.48,85.139,1.95174,0.2,0.02,2.25532,3.17784,0,0.422553,5.32224,4.27398e+06,2.70226e+06,9.63921e+06,0,0,0,3.19346e+08,77.7916,79.791,3.09159,0,0,2.43415,1.51164,0,1.88063,2.96352,8.8822e+06,3.61194e+06,2.16206e+07,0,0,0,8.67616e+07
71.5038,85.139,1.57573,0.2,0.02,2.17373,3.09609,0,0.422648,5.32224,4.27398e+06,2.70226e+06,9.29047e+06,0,0,0,3.19346e+08,77.071,79.791,2.10752,0,0,2.3646,1.44224,0,1.88063,2.96352,8.8822e+06,3.61194e+06,2.10028e+07,0,0,0,8.67616e+07
70.3387,85.139,1.30524,0.2,0.02,2.10467,3.09642,0,0.407357,5.32224,4.27398e+06,2.70226e+06,8.9953e+06,0,0,0,3.19346e+08,76.6346,79.791,1.31114,0,0,2.43415,1.4424,0,1.82689,2.96352,8.8822e+06,3.61194e+06,2.16206e+07,0,0,0,8.67616e+07
70.5618,85.139,2.74747,0.21,0.02,2.10516,3.09675,0,0.394415,5.32224,4.27398e+06,2.70226e+06,8.99739e+06,0,0,0,3.19346e+08,76.9265,79.791,2.68938,0,0,2.43415,1.44255,0,1.88062,2.96352,8.8822e+06,3.61194e+06,2.16206e+07,0,0,0,8.67616e+07
73.4516,85.139,5.60636,0.22,0.02,2.10564,3.09708,0,0.394506,5.32224,4.27398e+06,2.70226e+06,8.99947e+06,0,0,0,3.19346e+08,78.3266,79.791,5.40969,0,0,2.43415,1.44271,0,1.88062,2.96352,8.8822e+06,3.61194e+06,2.16206e+07,0,0,0,8.67616e+07
75.7234,85.139,4.6783,0.23,0.02,1.87286,2.86415,0,0.394598,5.32224,4.27398e+06,2.70226e+06,8.00456e+06,0,0,0,3.19346e+08,79.8228,79.791,4.86956,0,0,2.28922,1.29793,0,1.88062,2.96352,8.8822e+06,3.61194e+06,2.03333e+07,0,0,0,8.67616e+07
79.4803,85.139,6.11997,0.2,0.02,1.72839,2.86445,0,0.350974,5.32224,4.27398e+06,2.70226e+06,7.38711e+06,0,0,0,3.19346e+08,80.8192,79.791,8.41453,0,0,2.43413,1.29807,0,1.76865,2.96352,8.8822e+06,3.61194e+06,2.16204e+07,0,0,0,8.67616e+07
83.6969,85.139,6.75395,0.17,0.02,1.72884,2.86476,0,0.323901,5.32224,4.27398e+06,2.70226e+06,7.38903e+06,0,0,0,3.19346e+08,80.8192,79.791,7.91876,0,0,2.43413,1.29821,0,1.88061,2.96352,8.8822e+06,3.61194e+06,2.16204e+07,0,0,0,8.67616e+07
85.139,85.139,5.98499,0.16,0.02,1.72929,2.86507,0,0.323985,5.32224,4.27398e+06,2.70226e+06,7.39094e+06,0,0,0,3.19346e+08,80.8192,79.791,6.27287,0,0,2.43413,1.29835,0,1.88061,2.96352,8.8822e+06,3.61194e+06,2.16204e+07,0,0,0,8.67616e+07
85.139,85.139,5.55492,0.13,0.02,1.72974,2.86538,0,0.324069,5.32224,4.27398e+06,2.70226e+06,7.39286e+06,0,0,0,3.19346e+08,80.8192,79.791,6.18213,0,0,2.43413,1.29849,0,1.88061,2.96352,8.8822e+06,3.61194e+06,2.16204e+07,0,0,0,8.67616e+07
85.139,85.139,2.76874,0.14,0.02,1.81995,2.95545,0,0.324153,5.32224,4.27398e+06,2.70226e+06,7.77843e+06,0,0,0,3.19346e+08,80.8192,79.791,3.73841,0,0,2.47612,1.34062,0,1.88061,2.96352,8.8822e+06,3.61194e+06,2.19934e+07,0,0,0,8.67616e+07
85.139,85.139,3.71959,0.15,0.02,1.86238,2.95575,0,0.341059,5.32224,4.27398e+06,2.70226e+06,7.95975e+06,0,0,0,3.19346e+08,80.8192,79.791,5.13531,0,0,2.43413,1.34075,0,1.91305,2.96352,8.8822e+06,3.61194e+06,2.16204e+07,0,0,0,8.67616e+07
85.139,85.139,2.87546,0.15,0.02,1.86281,2.95605,0,0.349009,5.32224,4.27398e+06,2.70226e+06,7.96161e+06,0,0,0,3.19346e+08,80.8192,79.791,4.40582,0,0,2.43413,1.34089,0,1.88061,2.96352,8.8822e+06,3.61194e+06,2.16204e+07,0,0,0,8.67616e+07
85.139,85.139,3.11924,0.14,0.02,1.86324,2.95635,0,0.349091,5.32224,4.27398e+06,2.70226e+06,7.96346e+06,0,0,0,3.19346e+08,80.8192,79.791,4.35064,0,0,2.43413,1.34102,0,1.88061,2.96352,8.8822e+06,3.61194e+06,2.16204e+07,0,0,0,8.67616e+07
85.139,85.139,4.43507,0.14,0.02,2.15206,3.24503,0,0.349172,5.32224,4.27398e+06,2.70226e+06,9.19787e+06,0,0,0,3.19346e+08,80.8192,79.791,5.86662,0,0,2.59182,1.49885,0,1.88061,2.96352,8.8822e+06,3.61194e+06,2.3021e+07,0,0,0,8.67616e+07
85.139,85.139,3.53356,0.14,0.02,2.31022,3.24536,0,0.403296,5.32224,4.27398e+06,2.70226e+06,9.87381e+06,0,0,0,3.19346e+08,80.8192,79.791,5.1433,0,0,2.43414,1.499,0,2.00244,2.96352,8.8822e+06,3.61194e+06,2.16205e+07,0,0,0,8.67616e+07
85.139,85.139,3.47322,0.14,0.02,2.3107,3.24569,0,0.432935,5.32224,4.27398e+06,2.70226e+06,9.87586e+06,0,0,0,3.19346e+08,80.8192,79.791,4.10562,0,0,2.43414,1.49915,0,1.88062,2.96352,8.8822e+06,3.61194e+06,2.16205e+07,0,0,0,8.67616e+07
85.139,85.139,5.74013,0.14,0.02,2.31117,3.24602,0,0.433024,5.32224,4.27398e+06,2.70226e+06,9.87791e+06,0,0,0,3.19346e+08,80.8192,79.791,6.54698,0,0,2.43414,1.4993,0,1.88062,2.96352,8.8822e+06,3.61194e+06,2.16205e+07,0,0,0,8.67616e+07
85.139,85.139,6.0073,0.17,0.02,1.90016,2.83485,0,0.433114,5.32224,4.27398e+06,2.70226e+06,8.12124e+06,0,0,0,3.19346e+08,80.8192,79.791,6.94889,0,0,2.22243,1.28774,0,1.88062,2.96352,8.8822e+06,3.61194e+06,1.97401e+07,0,0,0,8.67616e+07
85.139,85.139,4.53718,0.18,0.02,1.68889,2.83514,0,0.35609,5.32224,4.27398e+06,2.70226e+06,7.21827e+06,0,0,0,3.19346e+08,80.8192,79.791,6.07203,0,0,2.43412,1.28787,0,1.71705,2.96352,8.8822e+06,3.61194e+06,2.16203e+07,0,0,0,8.67616e+07
85.139,85.139,9.22118,0.21,0.02,1.6893,2.83542,0,0.316497,5.32224,4.27398e+06,2.70226e+06,7.22004e+06,0,0,0,3.19346e+08,80.8192,79.791,10.4745,0,0,2.43412,1.288,0,1.8806,2.96352,8.8822e+06,3.61194e+06,2.16203e+07,0,0,0,8.67616e+07
85.139,85.139,7.16856,0.21,0.02,1.68972,2.83571,0,0.316575,5.32224,4.27398e+06,2.70226e+06,7.22182e+06,0,0,0,3.19346e+08,80.8192,79.791,9.32787,0,0,2.43412,1.28813,0,1.8806,2.96352,8.8822e+06,3.61194e+06,2.16203e+07,0,0,0,8.67616e+07
85.139,85.139,9.00188,0.22,0.02,1.69014,2.83599,0,0.316653,5.32224,4.27398e+06,2.70226e+06,7.2236e+06,0,0,0,3.19346e+08,80.8192,79.791,11.1372,0,0,2.43412,1.28826,0,1.8806,2.96352,8.8822e+06,3.61194e+06,2.16203e+07,0,0,0,8.67616e+07
85.139,85.139,8.27799,0.24,0.02,1.79418,2.93991,0,0.316731,5.32224,4.27398e+06,2.70226e+06,7.6683e+06,0,0,0,3.19346e+08,80.8192,79.791,9.7736,0,0,2.48594,1.34021,0,1.8806,2.96352,8.8822e+06,3.61194e+06,2.20806e+07,0,0,0,8.67616e+07
85.139,85.139,6.60744,0.24,0.02,1.84643,2.94021,0,0.33623,5.32224,4.27398e+06,2.70226e+06,7.8916e+06,0,0,0,3.19346e+08,80.8192,79.791,6.37727,0,0,2.43413,1.34035,0,1.92064,2.96352,8.8822e+06,3.61194e+06,2.16204e+07,0,0,0,8.67616e+07
85.139,85.139,6.26994,0.23,0.02,1.84686,2.94051,0,0.346021,5.32224,4.27398e+06,2.70226e+06,7.89344e+06,0,0,0,3.19346e+08,80.8192,79.791,5.54073,0,0,2.43413,1.34048,0,1.88061,2.96352,8.8822e+06,3.61194e+06,2.16204e+07,0,0,0,8.67616e+07
85.139,85.139,5.2634,0.24,0.02,1.84729,2.9408,0,0.346102,5.32224,4.27398e+06,2.70226e+06,7.89529e+06,0,0,0,3.19346e+08,80.8192,79.791,4.98053,0,0,2.43413,1.34062,0,1.88061,2.96352,8.8822e+06,3.61194e+06,2.16204e+07,0,0,0,8.67616e+07
85.139,85.139,5.29538,0.24,0.02,1.80719,2.90056,0,0.346183,5.32224,4.27398e+06,2.70226e+06,7.72389e+06,0,0,0,3.19346e+08,80.8192,79.791,7.38912,0,0,2.41399,1.32062,0,1.88061,2.96352,8.8822e+06,3.61194e+06,2.14416e+07,0,0,0,8.67616e+07
85.139,85.139,5.83538,0.22,0.02,1.78748,2.90086,0,0.338667,5.32224,4.27398e+06,2.70226e+06,7.63967e+06,0,0,0,3.19346e+08,80.8192,79.791,5.58702,0,0,2.43413,1.32075,0,1.86505,2.96352,8.8822e+06,3.61194e+06,2.16204e+07,0,0,0,8.67616e+07
85.139,85.139,4.44127,0.2,0.02,1.78791,2.90115,0,0.334975,5.32224,4.27398e+06,2.70226e+06,7.64149e+06,0,0,0,3.19346e+08,80.8192,79.791,5.0707,0,0,2.43413,1.32089,0,1.88061,2.96352,8.8822e+06,3.61194e+06,2.16204e+07,0,0,0,8.67616e+07
85.139,85.139,4.13553,0.17,0.02,1.78834,2.90144,0,0.335054,5.32224,4.27398e+06,2.70226e+06,7.64331e+06,0,0,0,3.19346e+08,80.8192,79.791,4.01293,0,0,2.43413,1.32102,0,1.88061,2.96352,8.8822e+06,3.61194e+06,2.16204e+07,0,0,0,8.67616e+07
85.139,85.139,3.68798,0.17,0.02,1.92641,3.03938,0,0.335134,5.32224,4.27398e+06,2.70226e+06,8.23344e+06,0,0,0,3.19346e+08,80.8192,79.791,3.91719,0,0,2.50555,1.39258,0,1.88061,2.96352,8.8822e+06,3.61194e+06,2.22548e+07,0,0,0,8.67616e+07
85.139,85.139,3.44581,0.17,0.02,1.99828,3.03969,0,0.36101,5.32224,4.27398e+06,2.70226e+06,8.54061e+06,0,0,0,3.19346e+08,80.8192,79.791,3.7929,0,0,2.43413,1.39272,0,1.93579,2.96352,8.8822e+06,3.61194e+06,2.16204e+07,0,0,0,8.67616e+07
85.139,85.139,3.15544,0.12,0.02,1.99873,3.04,0,0.374478,5.32224,4.27398e+06,2.70226e+06,8.54252e+06,0,0,0,3.19346e+08,80.8192,79.791,3.50847,0,0,2.43413,1.39286,0,1.88061,2.96352,8.8822e+06,3.61194e+06,2.16204e+07,0,0,0,8.67616e+07
85.139,85.139,2.98819,0.1,0.02,1.99918,3.04031,0,0.374562,5.32224,4.27398e+06,2.70226e+06,8.54443e+06,0,0,0,3.19346e+08,80.8192,79.791,3.16501,0,0,2.43413,1.393,0,1.88061,2.96352,8.8822e+06,3.61194e+06,2.16204e+07,0,0,0,8.67616e+07
85.139,85.139,2.52286,0.09,0.02,1.99962,3.04061,0,0.374646,5.32224,4.27398e+06,2.70226e+06,8.54635e+06,0,0,0,3.19346e+08,80.8192,79.791,3.15822,0,0,2.43413,1.39314,0,1.88061,2.96352,8.8822e+06,3.61194e+06,2.16204e+07,0,0,0,8.67616e+07
84.7205,85.139,1.88031,0.07,0.02,1.97284,3.01368,0,0.374729,5.32224,4.27398e+06,2.70226e+06,8.43186e+06,0,0,0,3.19346e+08,80.8192,79.791,3.35266,0,0,2.47341,1.43256,0,1.88061,2.96352,8.8822e+06,3.61194e+06,2.19693e+07,0,0,0,8.67616e+07
84.1489,85.139,1.74694,0.12,0.02,2.01256,3.01399,0,0.369709,5.32224,4.27398e+06,2.70226e+06,8.60163e+06,0,0,0,3.19346e+08,80.7747,79.791,3.07811,0,0,2.43414,1.43271,0,1.91096,2.96352,8.8822e+06,3.61194e+06,2.16205e+07,0,0,0,8.67616e+07
83.5365,85.139,1.69109,0.1,0.02,2.01301,3.01429,0,0.377154,5.32224,4.27398e+06,2.70226e+06,8.60355e+06,0,0,0,3.19346e+08,80.6868,79.791,2.88434,0,0,2.43414,1.43285,0,1.88061,2.96352,8.8822e+06,3.61194e+06,2.16205e+07,0,0,0,8.67616e+07
82.9619,85.139,1.69241,0.09,0.02,2.01346,3.0146,0,0.377238,5.32224,4.27398e+06,2.70226e+06,8.60547e+06,0,0,0,3.19346e+08,80.6523,79.791,2.90936,0,0,2.43414,1.433,0,1.88061,2.96352,8.8822e+06,3.61194e+06,2.16205e+07,0,0,0,8.67616e+07
82.1967,85.139,1.55695,0.08,0.02,2.08427,3.08526,0,0.377322,5.32224,4.27398e+06,2.70226e+06,8.90811e+06,0,0,0,3.19346e+08,80.3397,79.791,2.6483,0,0,2.46916,1.46816,0,1.88061,2.96352,8.8822e+06,3.61194e+06,2.19315e+07,0,0,0,8.67616e+07
81.2807,85.139,1.42435,0.08,0.02,2.11974,3.08557,0,0.390592,5.32224,4.27398e+06,2.70226e+06,9.05973e+06,0,0,0,3.19346e+08,79.8996,79.791,2.42491,0,0,2.43414,1.46831,0,1.90767,2.96352,8.8822e+06,3.61194e+06,2.16205e+07,0,0,0,8.67616e+07
80.198,85.139,1.24886,0.09,0.02,2.1202,3.08589,0,0.39724,5.32224,4.27398e+06,2.70226e+06,9.0617e+06,0,0,0,3.19346e+08,79.4291,79.791,2.22711,0,0,2.43414,1.46846,0,1.88062,2.96352,8.8822e+06,3.61194e+06,2.16205e+07,0,0,0,8.67616e+07
79.0346,85.139,1.15356,0.09,0.02,2.12066,3.0862,0,0.397326,5.32224,4.27398e+06,2.70226e+06,9.06366e+06,0,0,0,3.19346e+08,78.9483,79.791,2.148,0,0,2.43414,1.46861,0,1.88062,2.96352,8.8822e+06,3.61194e+06,2.16205e+07,0,0,0,8.67616e+07
77.6102,85.139,1.03668,0.17,0.02,2.32726,3.29264,0,0.397412,5.32224,4.27398e+06,2.70226e+06,9.94665e+06,0,0,0,3.19346e+08,78.3968,79.791,2.03478,0,0,2.56059,1.59521,0,1.88062,2.96352,8.8822e+06,3.61194e+06,2.27437e+07,0,0,0,8.67616e+07
76.2442,85.139,1.17679,0.17,0.02,2.45419,3.29298,0,0.436128,5.32224,4.27398e+06,2.70226e+06,1.04892e+07,0,0,0,3.19346e+08,77.7619,79.791,2.00596,0,0,2.43415,1.59537,0,1.97831,2.96352,8.8822e+06,3.61194e+06,2.16206e+07,0,0,0,8.67616e+07
74.7497,85.139,1.05856,0.18,0.02,2.45469,3.29331,0,0.459915,5.32224,4.27398e+06,2.70226e+06,1.04913e+07,0,0,0,3.19346e+08,77.1148,79.791,1.92085,0,0,2.43415,1.59553,0,1.88063,2.96352,8.8822e+06,3.61194e+06,2.16206e+07,0,0,0,8.67616e+07
73.2846,85.139,1.06815,0.18,0.02,2.45518,3.29364,0,0.460008,5.32224,4.27398e+06,2.70226e+06,1.04934e+07,0,0,0,3.19346e+08,76.5239,79.791,2.06101,0,0,2.43415,1.59569,0,1.88063,2.96352,8.8822e+06,3.61194e+06,2.16206e+07,0,0,0,8.67616e+07
71.8537,85.139,1.09558,0.21,0.02,2.45567,3.29397,0,0.4601,5.32224,4.27398e+06,2.70226e+06,1.04955e+07,0,0,0,3.19346e+08,75.9445,79.791,2.57347,0,0,2.43415,1.59585,0,1.88063,2.96352,8.8822e+06,3.61194e+06,2.16206e+07,0,0,0,8.67616e+07
70.3622,85.139,0.923324,0.22,0.02,2.35565,3.19379,0,0.460193,5.32224,4.27398e+06,2.70226e+06,1.0068e+07,0,0,0,3.19346e+08,75.4383,79.791,2.76172,0,0,2.35736,1.51922,0,1.88063,2.96352,8.8822e+06,3.61194e+06,2.09386e+07,0,0,0,8.67616e+07
68.9744,85.139,0.97101,0.21,0.02,2.27935,3.19412,0,0.441449,5.32224,4.27398e+06,2.70226e+06,9.74187e+06,0,0,0,3.19346e+08,74.9967,79.791,2.81802,0,0,2.43415,1.51938,0,1.8213,2.96352,8.8822e+06,3.61194e+06,2.16206e+07,0,0,0,8.67616e+07
67.9411,85.139,1.34961,0.21,0.02,2.27982,3.19444,0,0.427149,5.32224,4.27398e+06,2.70226e+06,9.7439e+06,0,0,0,3.19346e+08,74.6206,79.791,3.11615,0,0,2.43415,1.51953,0,1.88062,2.96352,8.8822e+06,3.61194e+06,2.16206e+07,0,0,0,8.67616e+07
67.3933,85.139,1.88957,0.25,0.02,2.2803,3.19476,0,0.427238,5.32224,4.27398e+06,2.70226e+06,9.74594e+06,0,0,0,3.19346e+08,74.5964,79.791,5.14639,0,0,2.43415,1.51968,0,1.88062,2.96352,8.8822e+06,3.61194e+06,2.16206e+07,0,0,0,8.67616e+07
66.1197,85.139,1.1549,0.25,0.02,2.19824,3.11255,0,0.427328,5.32224,4.27398e+06,2.70226e+06,9.39521e+06,0,0,0,3.19346e+08,74.3345,79.791,2.98209,0,0,2.36422,1.44991,0,1.88062,2.96352,8.8822e+06,3.61194e+06,2.09994e+07,0,0,0,8.67616e+07
65.903,85.139,2.22924,0.24,0.02,2.12878,3.11286,0,0.411949,5.32224,4.27398e+06,2.70226e+06,9.09834e+06,0,0,0,3.19346e+08,74.2369,79.791,3.05523,0,0,2.43414,1.45005,0,1.82659,2.96352,8.8822e+06,3.61194e+06,2.16205e+07,0,0,0,8.67616e+07
67.6586,85.139,4.26433,0.24,0.02,2.12924,3.11317,0,0.398933,5.32224,4.27398e+06,2.70226e+06,9.10031e+06,0,0,0,3.19346e+08,74.748,79.791,4.55517,0,0,2.43414,1.4502,0,1.88062,2.96352,8.8822e+06,3.61194e+06,2.16205e+07,0,0,0,8.67616e+07
68.6409,85.139,3.48478,0.25,0.02,2.1297,3.11349,0,0.399019,5.32224,4.27398e+06,2.70226e+06,9.10228e+06,0,0,0,3.19346e+08,75.562,79.791,6.46947,0,0,2.43414,1.45035,0,1.88062,2.96352,8.8822e+06,3.61194e+06,2.16205e+07,0,0,0,8.67616e+07
68.9821,85.139,2.63172,0.24,0.02,1.89565,2.8793,0,0.399105,5.32224,4.27398e+06,2.70226e+06,8.10198e+06,0,0,0,3.19346e+08,75.612,79.791,3.96283,0,0,2.28844,1.3048,0,1.88062,2.96352,8.8822e+06,3.61194e+06,2.03264e+07,0,0,0,8.67616e+07
70.6461,85.139,3.91372,0.24,0.02,1.75039,2.87959,0,0.355246,5.32224,4.27398e+06,2.70226e+06,7.48114e+06,0,0,0,3.19346e+08,75.4071,79.791,3.99356,0,0,2.43412,1.30493,0,1.76805,2.96352,8.8822e+06,3.61194e+06,2.16204e+07,0,0,0,8.67616e+07
71.9791,85.139,3.59755,0.26,0.02,1.75082,2.87988,0,0.328024,5.32224,4.27398e+06,2.70226e+06,7.48295e+06,0,0,0,3.19346e+08,75.1978,79.791,3.34403,0,0,2.43412,1.30506,0,1.8806,2.96352,8.8822e+06,3.61194e+06,2.16204e+07,0,0,0,8.67616e+07
74.5811,85.139,4.90537,0.26,0.02,1.75124,2.88017,0,0.328103,5.32224,4.27398e+06,2.70226e+06,7.48475e+06,0,0,0,3.19346e+08,75.2892,79.791,4.90346,0,0,2.43412,1.30519,0,1.8806,2.96352,8.8822e+06,3.61194e+06,2.16204e+07,0,0,0,8.67616e+07
77.8471,85.139,5.60477,0.22,0.02,1.75166,2.88046,0,0.328182,5.32224,4.27398e+06,2.70226e+06,7.48656e+06,0,0,0,3.19346e+08,75.343,79.791,5.46509,0,0,2.43412,1.30532,0,1.8806,2.96352,8.8822e+06,3.61194e+06,2.16204e+07,0,0,0,8.67616e+07
83.951,85.139,8.70995,0.21,0.02,1.84232,2.97099,0,0.328261,6.048,4.27398e+06,2.70226e+06,7.87405e+06,0,0,0,3.19346e+08,77.5829,79.791,10.4549,0,0,2.47633,1.34766,0,1.8806,2.96352,8.8822e+06,3.61194e+06,2.19953e+07,0,0,0,8.67616e+07
85.139,85.139,16.83,0.18,0.02,1.88494,2.97127,0,0.345251,6.048,4.27398e+06,2.70226e+06,8.0562e+06,0,0,0,3.19346e+08,80.8192,79.791,12.8324,0,0,2.43412,1.34779,0,1.91321,2.96352,8.8822e+06,3.61194e+06,2.16203e+07,0,0,0,8.67616e+07
85.139,85.139,7.63016,0.16,0.02,1.88535,2.97155,0,0.353238,6.048,4.27398e+06,2.70226e+06,8.05794e+06,0,0,0,3.19346e+08,80.8192,79.791,7.09571,0,0,2.43412,1.34792,0,1.8806,2.96352,8.8822e+06,3.61194e+06,2.16203e+07,0,0,0,8.67616e+07
85.139,85.139,5.693,0.16,0.02,1.88576,2.97183,0,0.353315,6.048,4.27398e+06,2.70226e+06,8.05968e+06,0,0,0,3.19346e+08,80.8192,79.791,5.82798,0,0,2.43412,1.34804,0,1.8806,2.96352,8.8822e+06,3.61194e+06,2.16203e+07,0,0,0,8.67616e+07
85.139,85.139,7.15409,0.15,0.02,2.17606,3.26201,0,0.353391,6.048,4.27398e+06,2.70226e+06,9.30042e+06,0,0,0,3.19346e+08,80.8192,79.791,8.18322,0,0,2.59264,1.50669,0,1.8806,2.96352,8.8822e+06,3.61194e+06,2.30283e+07,0,0,0,8.67616e+07
85.139,85.139,6.34579,0.14,0.02,2.33501,3.26231,0,0.407793,6.048,4.27398e+06,2.70226e+06,9.97978e+06,0,0,0,3.19346e+08,80.8192,79.791,8.33044,0,0,2.43413,1.50683,0,2.00307,2.96352,8.8822e+06,3.61194e+06,2.16205e+07,0,0,0,8.67616e+07
85.139,85.139,7.99574,0.14,0.02,2.33546,3.26262,0,0.437581,6.048,4.27398e+06,2.70226e+06,9.9817e+06,0,0,0,3.19346e+08,80.8192,79.791,10.5297,0,0,2.43413,1.50697,0,1.88061,2.96352,8.8822e+06,3.61194e+06,2.16205e+07,0,0,0,8.67616e+07
85.139,85.139,7.77542,0.15,0.02,2.33591,3.26293,0,0.437665,6.048,4.27398e+06,2.70226e+06,9.98363e+06,0,0,0,3.19346e+08,80.8192,79.791,9.18607,0,0,2.43413,1.50711,0,1.88061,2.96352,8.8822e+06,3.61194e+06,2.16205e+07,0,0,0,8.67616e+07
85.139,85.139,6.90794,0.18,0.02,1.92272,2.8496,0,0.437749,6.048,4.27398e+06,2.70226e+06,8.21768e+06,0,0,0,3.19346e+08,80.8192,79.791,8.24424,0,0,2.22132,1.29445,0,1.88061,2.96352,8.8822e+06,3.61194e+06,1.97302e+07,0,0,0,8.67616e+07
85.139,85.139,5.23877,0.2,0.02,1.71032,2.84987,0,0.360318,6.048,4.27398e+06,2.70226e+06,7.30988e+06,0,0,0,3.19346e+08,80.8192,79.791,6.71607,0,0,2.43411,1.29457,0,1.71619,2.96352,8.8822e+06,3.61194e+06,2.16203e+07,0,0,0,8.67616e+07
85.139,85.139,5.36976,0.22,0.02,1.71071,2.85014,0,0.320515,6.048,4.27398e+06,2.70226e+06,7.31156e+06,0,0,0,3.19346e+08,80.8192,79.791,7.10984,0,0,2.43411,1.29469,0,1.8806,2.96352,8.8822e+06,3.61194e+06,2.16203e+07,0,0,0,8.67616e+07
85.139,85.139,7.1877,0.23,0.02,1.71111,2.85041,0,0.320588,6.048,4.27398e+06,2.70226e+06,7.31323e+06,0,0,0,3.19346e+08,80.8192,79.791,7.91353,0,0,2.43411,1.29481,0,1.8806,2.96352,8.8822e+06,3.61194e+06,2.16203e+07,0,0,0,8.67616e+07
85.139,85.139,7.53251,0.24,0.02,1.7115,2.85068,0,0.320661,6.048,4.27398e+06,2.70226e+06,7.3149e+06,0,0,0,3.19346e+08,80.8192,79.791,8.86497,0,0,2.43411,1.29493,0,1.8806,2.96352,8.8822e+06,3.61194e+06,2.16203e+07,0,0,0,8.67616e+07
85.139,85.139,6.35092,0.25,0.02,1.81606,2.95511,0,0.320735,6.048,4.27398e+06,2.70226e+06,7.76178e+06,0,0,0,3.19346e+08,80.8192,79.791,7.49062,0,0,2.4862,1.34714,0,1.8806,2.96352,8.8822e+06,3.61194e+06,2.20829e+07,0,0,0,8.67616e+07
85.139,85.139,5.91064,0.25,0.02,1.86854,2.95539,0,0.340329,6.048,4.27398e+06,2.70226e+06,7.98611e+06,0,0,0,3.19346e+08,80.8192,79.791,6.74173,0,0,2.43412,1.34727,0,1.92084,2.96352,8.8822e+06,3.61194e+06,2.16203e+07,0,0,0,8.67616e+07
85.139,85.139,5.13667,0.24,0.02,1.86895,2.95567,0,0.350165,6.048,4.27398e+06,2.70226e+06,7.98785e+06,0,0,0,3.19346e+08,80.8192,79.791,6.04871,0,0,2.43412,1.3474,0,1.8806,2.96352,8.8822e+06,3.61194e+06,2.16203e+07,0,0,0,8.67616e+07
85.139,85.139,4.56777,0.24,0.02,1.86936,2.95595,0,0.350241,6.048,4.27398e+06,2.70226e+06,7.98958e+06,0,0,0,3.19346e+08,80.8192,79.791,5.6261,0,0,2.43412,1.34752,0,1.8806,2.96352,8.8822e+06,3.61194e+06,2.16203e+07,0,0,0,8.67616e+07
85.139,85.139,3.55872,0.24,0.02,1.82902,2.91549,0,0.350317,6.048,4.27398e+06,2.70226e+06,7.81718e+06,0,0,0,3.19346e+08,80.8192,79.791,4.53272,0,0,2.41388,1.32741,0,1.8806,2.96352,8.8822e+06,3.61194e+06,2.14406e+07,0,0,0,8.67616e+07
85.139,85.139,3.21752,0.23,0.02,1.80918,2.91576,0,0.342758,6.048,4.27398e+06,2.70226e+06,7.7324e+06,0,0,0,3.19346e+08,80.8192,79.791,3.89815,0,0,2.43412,1.32754,0,1.86497,2.96352,8.8822e+06,3.61194e+06,2.16203e+07,0,0,0,8.67616e+07
85.139,85.139,2.918,0.22,0.02,1.80958,2.91604,0,0.339041,6.048,4.27398e+06,2.70226e+06,7.73412e+06,0,0,0,3.19346e+08,80.8192,79.791,3.50412,0,0,2.43412,1.32766,0,1.8806,2.96352,8.8822e+06,3.61194e+06,2.16203e+07,0,0,0,8.67616e+07
85.139,85.139,2.81532,0.19,0.02,1.80998,2.91631,0,0.339116,6.048,4.27398e+06,2.70226e+06,7.73583e+06,0,0,0,3.19346e+08,80.8192,79.791,3.42236,0,0,2.43412,1.32779,0,1.8806,2.96352,8.8822e+06,3.61194e+06,2.16203e+07,0,0,0,8.67616e+07
85.139,85.139,2.7347,0.17,0.02,1.94874,3.05494,0,0.339191,6.048,4.27398e+06,2.70226e+06,8.32886e+06,0,0,0,3.19346e+08,80.8192,79.791,3.20824,0,0,2.50591,1.39971,0,1.8806,2.96352,8.8822e+06,3.61194e+06,2.2258e+07,0,0,0,8.67616e+07
85.139,85.139,2.63108,0.17,0.02,2.02095,3.05523,0,0.365193,6.048,4.27398e+06,2.70226e+06,8.63748e+06,0,0,0,3.19346e+08,80.8192,79.791,3.12083,0,0,2.43412,1.39984,0,1.93607,2.96352,8.8822e+06,3.61194e+06,2.16204e+07,0,0,0,8.67616e+07
85.139,85.139,2.55294,0.13,0.02,2.02137,3.05552,0,0.378725,6.048,4.27398e+06,2.70226e+06,8.63927e+06,0,0,0,3.19346e+08,80.8192,79.791,2.85377,0,0,2.43412,1.39997,0,1.8806,2.96352,8.8822e+06,3.61194e+06,2.16204e+07,0,0,0,8.67616e+07
84.9915,85.139,2.24048,0.11,0.02,2.02179,3.05581,0,0.378804,6.048,4.27398e+06,2.70226e+06,8.64107e+06,0,0,0,3.19346e+08,80.8192,79.791,2.669,0,0,2.43412,1.40011,0,1.8806,2.96352,8.8822e+06,3.61194e+06,2.16204e+07,0,0,0,8.67616e+07
84.8207,85.139,2.1808,0.18,0.02,2.02221,3.05609,0,0.378883,6.048,4.27398e+06,2.70226e+06,8.64287e+06,0,0,0,3.19346e+08,80.8192,79.791,2.7288,0,0,2.43412,1.40024,0,1.8806,2.96352,8.8822e+06,3.61194e+06,2.16204e+07,0,0,0,8.67616e+07
84.8496,85.139,2.4151,0.15,0.02,1.99525,3.02901,0,0.378962,6.048,4.27398e+06,2.70226e+06,8.52767e+06,0,0,0,3.19346e+08,80.8192,79.791,3.55008,0,0,2.4736,1.43985,0,1.8806,2.96352,8.8822e+06,3.61194e+06,2.1971e+07,0,0,0,8.67616e+07
84.7436,85.139,2.28247,0.14,0.02,2.03515,3.02929,0,0.37391,6.048,4.27398e+06,2.70226e+06,8.69818e+06,0,0,0,3.19346e+08,80.8192,79.791,3.42377,0,0,2.43413,1.43998,0,1.9111,2.96352,8.8822e+06,3.61194e+06,2.16204e+07,0,0,0,8.67616e+07
84.5325,85.139,2.15896,0.1,0.02,2.03557,3.02958,0,0.381387,6.048,4.27398e+06,2.70226e+06,8.69998e+06,0,0,0,3.19346e+08,80.8192,79.791,3.23033,0,0,2.43413,1.44012,0,1.88061,2.96352,8.8822e+06,3.61194e+06,2.16204e+07,0,0,0,8.67616e+07
84.1762,85.139,2.00477,0.09,0.02,2.03599,3.02987,0,0.381466,6.048,4.27398e+06,2.70226e+06,8.70179e+06,0,0,0,3.19346e+08,80.8192,79.791,3.00353,0,0,2.43413,1.44026,0,1.88061,2.96352,8.8822e+06,3.61194e+06,2.16204e+07,0,0,0,8.67616e+07
83.587,85.139,1.79735,0.08,0.02,2.10713,3.10087,0,0.381545,6.048,4.27398e+06,2.70226e+06,9.00584e+06,0,0,0,3.19346e+08,80.8192,79.791,2.76257,0,0,2.46932,1.47559,0,1.88061,2.96352,8.8822e+06,3.61194e+06,2.1933e+07,0,0,0,8.67616e+07
82.9873,85.139,1.85164,0.09,0.02,2.14276,3.10116,0,0.394877,6.048,4.27398e+06,2.70226e+06,9.1581e+06,0,0,0,3.19346e+08,80.8192,79.791,3.0617,0,0,2.43413,1.47573,0,1.9078,2.96352,8.8822e+06,3.61194e+06,2.16204e+07,0,0,0,8.67616e+07
82.2771,85.139,1.70224,0.09,0.02,2.14319,3.10145,0,0.401553,6.048,4.27398e+06,2.70226e+06,9.15995e+06,0,0,0,3.19346e+08,80.8192,79.791,2.88004,0,0,2.43413,1.47587,0,1.88061,2.96352,8.8822e+06,3.61194e+06,2.16204e+07,0,0,0,8.67616e+07
81.4285,85.139,1.54974,0.09,0.02,2.14362,3.10175,0,0.401634,6.048,4.27398e+06,2.70226e+06,9.16179e+06,0,0,0,3.19346e+08,80.8192,79.791,2.54912,0,0,2.43413,1.47601,0,1.88061,2.96352,8.8822e+06,3.61194e+06,2.16204e+07,0,0,0,8.67616e+07
80.6352,85.139,1.76356,0.11,0.02,2.35123,3.30921,0,0.401715,6.048,4.27398e+06,2.70226e+06,1.00491e+07,0,0,0,3.19346e+08,80.8192,79.791,3.50423,0,0,2.56122,1.60323,0,1.88061,2.96352,8.8822e+06,3.61194e+06,2.27493e+07,0,0,0,8.67616e+07
79.594,85.139,1.60162,0.11,0.02,2.47877,3.30952,0,0.44062,6.048,4.27398e+06,2.70226e+06,1.05942e+07,0,0,0,3.19346e+08,80.8192,79.791,3.06171,0,0,2.43414,1.60339,0,1.9788,2.96352,8.8822e+06,3.61194e+06,2.16205e+07,0,0,0,8.67616e+07
78.7233,85.139,1.7858,0.11,0.02,2.47923,3.30984,0,0.464521,6.048,4.27398e+06,2.70226e+06,1.05962e+07,0,0,0,3.19346e+08,80.8192,79.791,3.66878,0,0,2.43414,1.60354,0,1.88062,2.96352,8.8822e+06,3.61194e+06,2.16205e+07,0,0,0,8.67616e+07
77.5143,85.139,1.45568,0.19,0.02,2.47969,3.31015,0,0.464608,6.048,4.27398e+06,2.70226e+06,1.05982e+07,0,0,0,3.19346e+08,80.8192,79.791,2.76885,0,0,2.43414,1.60369,0,1.88062,2.96352,8.8822e+06,3.61194e+06,2.16205e+07,0,0,0,8.67616e+07
76.5949,85.139,1.72016,0.19,0.02,2.48016,3.31046,0,0.464695,6.048,4.27398e+06,2.70226e+06,1.06001e+07,0,0,0,3.19346e+08,80.8192,79.791,4.49161,0,0,2.43414,1.60384,0,1.88062,2.96352,8.8822e+06,3.61194e+06,2.16205e+07,0,0,0,8.67616e+07
76.3884,85.139,2.40057,0.18,0.02,2.37961,3.20976,0,0.464782,6.048,4.27398e+06,2.70226e+06,1.01704e+07,0,0,0,3.19346e+08,80.8192,79.791,4.49262,0,0,2.35697,1.52682,0,1.88062,2.96352,8.8822e+06,3.61194e+06,2.09351e+07,0,0,0,8.67616e+07
76.4882,85.139,2.64112,0.18,0.02,2.30289,3.21006,0,0.445938,6.048,4.27398e+06,2.70226e+06,9.84248e+06,0,0,0,3.19346e+08,80.8192,79.791,5.62584,0,0,2.43414,1.52696,0,1.82099,2.96352,8.8822e+06,3.61194e+06,2.16205e+07,0,0,0,8.67616e+07
76.0108,85.139,2.02386,0.17,0.02,2.30333,3.21036,0,0.431561,6.048,4.27398e+06,2.70226e+06,9.84439e+06,0,0,0,3.19346e+08,80.8192,79.791,4.41233,0,0,2.43414,1.5271,0,1.88061,2.96352,8.8822e+06,3.61194e+06,2.16205e+07,0,0,0,8.67616e+07
75.9426,85.139,2.44581,0.18,0.02,2.30378,3.21067,0,0.431645,6.048,4.27398e+06,2.70226e+06,9.8463e+06,0,0,0,3.19346e+08,80.8192,79.791,4.37403,0,0,2.43414,1.52725,0,1.88061,2.96352,8.8822e+06,3.61194e+06,2.16205e+07,0,0,0,8.67616e+07
77.5233,85.139,4.07769,0.17,0.02,2.22128,3.12802,0,0.431728,6.048,4.27398e+06,2.70226e+06,9.4937e+06,0,0,0,3.19346e+08,80.8192,79.791,5.70103,0,0,2.36386,1.45712,0,1.88061,2.96352,8.8822e+06,3.61194e+06,2.09963e+07,0,0,0,8.67616e+07
77.0143,85.139,2.01501,0.18,0.02,2.15144,3.12832,0,0.416268,6.048,4.27398e+06,2.70226e+06,9.19522e+06,0,0,0,3.19346e+08,80.8192,79.791,3.54413,0,0,2.43413,1.45726,0,1.82632,2.96352,8.8822e+06,3.61194e+06,2.16204e+07,0,0,0,8.67616e+07
77.1379,85.139,2.59053,0.17,0.02,2.15188,3.12861,0,0.403181,6.048,4.27398e+06,2.70226e+06,9.19707e+06,0,0,0,3.19346e+08,80.8192,79.791,4.24625,0,0,2.43413,1.45739,0,1.88061,2.96352,8.8822e+06,3.61194e+06,2.16204e+07,0,0,0,8.67616e+07
84.9044,85.139,10.4408,0.19,0.02,2.15231,3.12891,0,0.403262,6.048,4.27398e+06,2.70226e+06,9.19892e+06,0,0,0,3.19346e+08,80.8192,79.791,7.38424,0,0,2.43413,1.45753,0,1.88061,2.96352,8.8822e+06,3.61194e+06,2.16204e+07,0,0,0,8.67616e+07
85.139,85.139,5.45155,0.17,0.02,1.91708,2.89354,0,0.403343,6.048,4.27398e+06,2.70226e+06,8.19355e+06,0,0,0,3.19346e+08,80.8192,79.791,6.17209,0,0,2.28771,1.31125,0,1.88061,2.96352,8.8822e+06,3.61194e+06,2.03199e+07,0,0,0,8.67616e+07
85.139,85.139,4.38654,0.13,0.02,1.77107,2.89381,0,0.35926,6.048,4.27398e+06,2.70226e+06,7.56952e+06,0,0,0,3.19346e+08,80.8192,79.791,7.04943,0,0,2.43412,1.31137,0,1.76749,2.96352,8.8822e+06,3.61194e+06,2.16203e+07,0,0,0,8.67616e+07
85.139,85.139,8.16987,0.13,0.02,1.77147,2.89409,0,0.331899,6.048,4.27398e+06,2.70226e+06,7.57121e+06,0,0,0,3.19346e+08,80.8192,79.791,11.0915,0,0,2.43412,1.3115,0,1.8806,2.96352,8.8822e+06,3.61194e+06,2.16203e+07,0,0,0,8.67616e+07
85.139,85.139,5.88466,0.14,0.02,1.77186,2.89436,0,0.331973,6.048,4.27398e+06,2.70226e+06,7.57291e+06,0,0,0,3.19346e+08,80.8192,79.791,6.19189,0,0,2.43412,1.31162,0,1.8806,2.96352,8.8822e+06,3.61194e+06,2.16203e+07,0,0,0,8.67616e+07
85.139,85.139,5.12738,0.14,0.02,1.77226,2.89463,0,0.332047,6.048,4.27398e+06,2.70226e+06,7.57461e+06,0,0,0,3.19346e+08,80.8192,79.791,5.13632,0,0,2.43412,1.31175,0,1.8806,2.96352,8.8822e+06,3.61194e+06,2.16203e+07,0,0,0,8.67616e+07
85.139,85.139,3.37067,0.16,0.02,1.86334,2.98559,0,0.332122,6.048,4.27398e+06,2.70226e+06,7.96388e+06,0,0,0,3.19346e+08,80.8192,79.791,3.34576,0,0,2.47653,1.35428,0,1.8806,2.96352,8.8822e+06,3.61194e+06,2.1997e+07,0,0,0,8.67616e+07
85.139,85.139,8.30619,0.16,0.02,1.90614,2.98585,0,0.34919,6.048,4.27398e+06,2.70226e+06,8.14681e+06,0,0,0,3.19346e+08,80.8192,79.791,7.86378,0,0,2.43411,1.3544,0,1.91337,2.96352,8.8822e+06,3.61194e+06,2.16203e+07,0,0,0,8.67616e+07
85.139,85.139,7.7857,0.16,0.02,1.90652,2.98611,0,0.357211,6.048,4.27398e+06,2.70226e+06,8.14844e+06,0,0,0,3.19346e+08,80.8192,79.791,8.97543,0,0,2.43411,1.35452,0,1.88059,2.96352,8.8822e+06,3.61194e+06,2.16203e+07,0,0,0,8.67616e+07
85.139,85.139,12.1605,0.16,0.02,1.90691,2.98638,0,0.357283,6.048,4.27398e+06,2.70226e+06,8.15008e+06,0,0,0,3.19346e+08,80.8192,79.791,13.7843,0,0,2.43411,1.35464,0,1.88059,2.96352,8.8822e+06,3.61194e+06,2.16203e+07,0,0,0,8.67616e+07
85.139,85.139,7.37361,0.16,0.02,2.1986,3.27795,0,0.357354,6.048,4.27398e+06,2.70226e+06,9.39676e+06,0,0,0,3.19346e+08,80.8192,79.791,10.2102,0,0,2.5934,1.51405,0,1.88059,2.96352,8.8822e+06,3.61194e+06,2.30351e+07,0,0,0,8.67616e+07
85.139,85.139,7.56298,0.15,0.02,2.3583,3.27824,0,0.412017,6.048,4.27398e+06,2.70226e+06,1.00793e+07,0,0,0,3.19346e+08,80.8192,79.791,8.80502,0,0,2.43413,1.51418,0,2.00366,2.96352,8.8822e+06,3.61194e+06,2.16204e+07,0,0,0,8.67616e+07
85.139,85.139,6.09562,0.15,0.02,2.35872,3.27853,0,0.441945,6.048,4.27398e+06,2.70226e+06,1.00811e+07,0,0,0,3.19346e+08,80.8192,79.791,6.91518,0,0,2.43413,1.51432,0,1.88061,2.96352,8.8822e+06,3.61194e+06,2.16204e+07,0,0,0,8.67616e+07
85.139,85.139,5.49077,0.16,0.02,2.35914,3.27881,0,0.442024,6.048,4.27398e+06,2.70226e+06,1.00829e+07,0,0,0,3.19346e+08,80.8192,79.791,5.11125,0,0,2.43413,1.51445,0,1.88061,2.96352,8.8822e+06,3.61194e+06,2.16204e+07,0,0,0,8.67616e+07
85.139,85.139,5.76028,0.2,0.02,1.94392,2.86346,0,0.442103,6.048,4.27398e+06,2.70226e+06,8.30825e+06,0,0,0,3.19346e+08,80.8192,79.791,6.26158,0,0,2.22028,1.30074,0,1.88061,2.96352,8.8822e+06,3.61194e+06,1.9721e+07,0,0,0,8.67616e+07
85.139,85.139,6.95756,0.21,0.02,1.73045,2.86371,0,0.36429,6.048,4.27398e+06,2.70226e+06,7.39593e+06,0,0,0,3.19346e+08,80.8192,79.791,7.01367,0,0,2.43411,1.30085,0,1.71539,2.96352,8.8822e+06,3.61194e+06,2.16202e+07,0,0,0,8.67616e+07
85.139,85.139,6.63519,0.23,0.02,1.73082,2.86396,0,0.324287,6.048,4.27398e+06,2.70226e+06,7.39749e+06,0,0,0,3.19346e+08,80.8192,79.791,7.15968,0,0,2.43411,1.30097,0,1.88059,2.96352,8.8822e+06,3.61194e+06,2.16202e+07,0,0,0,8.67616e+07
85.139,85.139,6.75891,0.24,0.02,1.73119,2.86421,0,0.324356,6.048,4.27398e+06,2.70226e+06,7.39906e+06,0,0,0,3.19346e+08,80.8192,79.791,6.66812,0,0,2.43411,1.30108,0,1.88059,2.96352,8.8822e+06,3.61194e+06,2.16202e+07,0,0,0,8.67616e+07
85.139,85.139,6.02505,0.24,0.02,1.73155,2.86446,0,0.324425,6.048,4.27398e+06,2.70226e+06,7.40062e+06,0,0,0,3.19346e+08,80.8192,79.791,6.05404,0,0,2.43411,1.3012,0,1.88059,2.96352,8.8822e+06,3.61194e+06,2.16202e+07,0,0,0,8.67616e+07
85.139,85.139,8.01099,0.27,0.02,1.83659,2.96939,0,0.324493,6.048,4.27398e+06,2.70226e+06,7.84955e+06,0,0,0,3.19346e+08,80.8192,79.791,6.39945,0,0,2.48644,1.35365,0,1.88059,2.96352,8.8822e+06,3.61194e+06,2.20851e+07,0,0,0,8.67616e+07
85.139,85.139,7.05933,0.27,0.02,1.88931,2.96965,0,0.344177,6.048,4.27398e+06,2.70226e+06,8.07485e+06,0,0,0,3.19346e+08,80.8192,79.791,8.38452,0,0,2.43411,1.35377,0,1.92103,2.96352,8.8822e+06,3.61194e+06,2.16203e+07,0,0,0,8.67616e+07
85.139,85.139,5.67544,0.28,0.02,1.88969,2.96991,0,0.354056,6.048,4.27398e+06,2.70226e+06,8.07647e+06,0,0,0,3.19346e+08,80.8192,79.791,7.41449,0,0,2.43411,1.35389,0,1.88059,2.96352,8.8822e+06,3.61194e+06,2.16203e+07,0,0,0,8.67616e+07
85.139,85.139,4.45843,0.25,0.02,1.89007,2.97017,0,0.354127,6.048,4.27398e+06,2.70226e+06,8.0781e+06,0,0,0,3.19346e+08,80.8192,79.791,5.49722,0,0,2.43411,1.35401,0,1.88059,2.96352,8.8822e+06,3.61194e+06,2.16203e+07,0,0,0,8.67616e+07
85.139,85.139,4.70513,0.25,0.02,1.84951,2.92949,0,0.354198,6.048,4.27398e+06,2.70226e+06,7.90475e+06,0,0,0,3.19346e+08,80.8192,79.791,5.31715,0,0,2.41378,1.33379,0,1.88059,2.96352,8.8822e+06,3.61194e+06,2.14396e+07,0,0,0,8.67616e+07
85.139,85.139,3.89857,0.25,0.02,1.82955,2.92975,0,0.346598,6.048,4.27398e+06,2.70226e+06,7.81945e+06,0,0,0,3.19346e+08,80.8192,79.791,4.13017,0,0,2.43411,1.33391,0,1.86488,2.96352,8.8822e+06,3.61194e+06,2.16202e+07,0,0,0,8.67616e+07
85.139,85.139,3.39846,0.22,0.02,1.82992,2.93001,0,0.342857,6.048,4.27398e+06,2.70226e+06,7.82105e+06,0,0,0,3.19346e+08,80.8192,79.791,3.80922,0,0,2.43411,1.33403,0,1.88059,2.96352,8.8822e+06,3.61194e+06,2.16202e+07,0,0,0,8.67616e+07
85.139,85.139,3.0369,0.2,0.02,1.8303,2.93027,0,0.342928,6.048,4.27398e+06,2.70226e+06,7.82266e+06,0,0,0,3.19346e+08,80.8192,79.791,3.34944,0,0,2.43411,1.33414,0,1.88059,2.96352,8.8822e+06,3.61194e+06,2.16202e+07,0,0,0,8.67616e+07
85.139,85.139,2.92835,0.17,0.02,1.96969,3.06954,0,0.342998,6.048,4.27398e+06,2.70226e+06,8.41841e+06,0,0,0,3.19346e+08,80.8192,79.791,3.13968,0,0,2.50625,1.4064,0,1.88059,2.96352,8.8822e+06,3.61194e+06,2.2261e+07,0,0,0,8.67616e+07
85.139,85.139,2.92811,0.17,0.02,2.04221,3.06981,0,0.36912,6.048,4.27398e+06,2.70226e+06,8.72838e+06,0,0,0,3.19346e+08,80.8192,79.791,3.15522,0,0,2.43412,1.40652,0,1.93633,2.96352,8.8822e+06,3.61194e+06,2.16203e+07,0,0,0,8.67616e+07
85.139,85.139,2.839,0.15,0.02,2.04261,3.07008,0,0.382711,6.048,4.27398e+06,2.70226e+06,8.73006e+06,0,0,0,3.19346e+08,80.8192,79.791,3.22614,0,0,2.43412,1.40665,0,1.8806,2.96352,8.8822e+06,3.61194e+06,2.16203e+07,0,0,0,8.67616e+07
85.139,85.139,2.6917,0.12,0.02,2.043,3.07035,0,0.382785,6.048,4.27398e+06,2.70226e+06,8.73175e+06,0,0,0,3.19346e+08,80.8192,79.791,3.0979,0,0,2.43412,1.40677,0,1.8806,2.96352,8.8822e+06,3.61194e+06,2.16203e+07,0,0,0,8.67616e+07
85.139,85.139,2.51333,0.1,0.02,2.0434,3.07062,0,0.382859,6.048,4.27398e+06,2.70226e+06,8.73343e+06,0,0,0,3.19346e+08,80.8192,79.791,2.92628,0,0,2.43412,1.40689,0,1.8806,2.96352,8.8822e+06,3.61194e+06,2.16203e+07,0,0,0,8.67616e+07
84.7371,85.139,1.94401,0.08,0.02,2.01629,3.04339,0,0.382933,6.048,4.27398e+06,2.70226e+06,8.61756e+06,0,0,0,3.19346e+08,80.8192,79.791,2.7187,0,0,2.47378,1.44668,0,1.8806,2.96352,8.8822e+06,3.61194e+06,2.19726e+07,0,0,0,8.67616e+07
84.1255,85.139,1.75579,0.15,0.02,2.05634,3.04365,0,0.377852,6.048,4.27398e+06,2.70226e+06,8.78877e+06,0,0,0,3.19346e+08,80.798,79.791,2.44261,0,0,2.43412,1.44681,0,1.91124,2.96352,8.8822e+06,3.61194e+06,2.16203e+07,0,0,0,8.67616e+07
83.4692,85.139,1.67154,0.14,0.02,2.05674,3.04392,0,0.385359,6.048,4.27398e+06,2.70226e+06,8.79045e+06,0,0,0,3.19346e+08,80.6741,79.791,2.3682,0,0,2.43412,1.44694,0,1.8806,2.96352,8.8822e+06,3.61194e+06,2.16203e+07,0,0,0,8.67616e+07
82.6567,85.139,1.49203,0.1,0.02,2.05713,3.04419,0,0.385433,6.048,4.27398e+06,2.70226e+06,8.79214e+06,0,0,0,3.19346e+08,80.4411,79.791,2.2838,0,0,2.43412,1.44706,0,1.8806,2.96352,8.8822e+06,3.61194e+06,2.16203e+07,0,0,0,8.67616e+07
81.6284,85.139,1.34517,0.1,0.02,2.12858,3.11551,0,0.385507,6.048,4.27398e+06,2.70226e+06,9.09751e+06,0,0,0,3.19346e+08,80.2001,79.791,2.15975,0,0,2.46948,1.48255,0,1.8806,2.96352,8.8822e+06,3.61194e+06,2.19344e+07,0,0,0,8.67616e+07
80.4969,85.139,1.26222,0.11,0.02,2.16435,3.11578,0,0.398896,6.048,4.27398e+06,2.70226e+06,9.25036e+06,0,0,0,3.19346e+08,79.7568,79.791,2.19928,0,0,2.43412,1.48268,0,1.90792,2.96352,8.8822e+06,3.61194e+06,2.16204e+07,0,0,0,8.67616e+07
79.2655,85.139,1.15026,0.1,0.02,2.16475,3.11606,0,0.405598,6.048,4.27398e+06,2.70226e+06,9.25209e+06,0,0,0,3.19346e+08,79.4391,79.791,1.92764,0,0,2.43412,1.48282,0,1.8806,2.96352,8.8822e+06,3.61194e+06,2.16204e+07,0,0,0,8.67616e+07
78.1414,85.139,1.24474,0.18,0.02,2.16515,3.11633,0,0.405674,6.048,4.27398e+06,2.70226e+06,9.25382e+06,0,0,0,3.19346e+08,79.2491,79.791,2.393,0,0,2.43412,1.48295,0,1.8806,2.96352,8.8822e+06,3.61194e+06,2.16204e+07,0,0,0,8.67616e+07
76.8294,85.139,1.216,0.19,0.02,2.3737,3.32475,0,0.40575,6.048,4.27398e+06,2.70226e+06,1.01452e+07,0,0,0,3.19346e+08,78.9336,79.791,2.30359,0,0,2.56181,1.61076,0,1.8806,2.96352,8.8822e+06,3.61194e+06,2.27545e+07,0,0,0,8.67616e+07
75.2582,85.139,1.07726,0.19,0.02,2.50181,3.32504,0,0.444832,6.048,4.27398e+06,2.70226e+06,1.06927e+07,0,0,0,3.19346e+08,78.5837,79.791,1.97097,0,0,2.43413,1.6109,0,1.97925,2.96352,8.8822e+06,3.61194e+06,2.16205e+07,0,0,0,8.67616e+07
73.7615,85.139,1.16404,0.2,0.02,2.50225,3.32534,0,0.46884,6.048,4.27398e+06,2.70226e+06,1.06946e+07,0,0,0,3.19346e+08,78.1318,79.791,2.41176,0,0,2.43413,1.61105,0,1.88061,2.96352,8.8822e+06,3.61194e+06,2.16205e+07,0,0,0,8.67616e+07
72.0865,85.139,0.96734,0.24,0.02,2.50268,3.32563,0,0.468921,6.048,4.27398e+06,2.70226e+06,1.06964e+07,0,0,0,3.19346e+08,77.7127,79.791,1.70645,0,0,2.43413,1.61119,0,1.88061,2.96352,8.8822e+06,3.61194e+06,2.16205e+07,0,0,0,8.67616e+07
70.6378,85.139,1.17971,0.24,0.02,2.50312,3.32592,0,0.469003,6.048,4.27398e+06,2.70226e+06,1.06983e+07,0,0,0,3.19346e+08,77.7403,79.791,3.17186,0,0,2.43413,1.61133,0,1.88061,2.96352,8.8822e+06,3.61194e+06,2.16205e+07,0,0,0,8.67616e+07
69.0976,85.139,0.990449,0.24,0.02,2.40206,3.22473,0,0.469084,6.048,4.27398e+06,2.70226e+06,1.02664e+07,0,0,0,3.19346e+08,77.3135,79.791,2.1542,0,0,2.3566,1.53394,0,1.88061,2.96352,8.8822e+06,3.61194e+06,2.09318e+07,0,0,0,8.67616e+07
67.6202,85.139,1.00704,0.22,0.02,2.32496,3.22501,0,0.450147,6.048,4.27398e+06,2.70226e+06,9.93681e+06,0,0,0,3.19346e+08,77.0005,79.791,1.92862,0,0,2.43413,1.53407,0,1.82071,2.96352,8.8822e+06,3.61194e+06,2.16204e+07,0,0,0,8.67616e+07
66.6108,85.139,1.49356,0.26,0.02,2.32537,3.22529,0,0.435697,6.048,4.27398e+06,2.70226e+06,9.9386e+06,0,0,0,3.19346e+08,76.8051,79.791,2.30876,0,0,2.43413,1.53421,0,1.88061,2.96352,8.8822e+06,3.61194e+06,2.16204e+07,0,0,0,8.67616e+07
66.1071,85.139,2.06336,0.26,0.02,2.32579,3.22558,0,0.435775,6.048,4.27398e+06,2.70226e+06,9.94039e+06,0,0,0,3.19346e+08,77.0954,79.791,3.73795,0,0,2.43413,1.53434,0,1.88061,2.96352,8.8822e+06,3.61194e+06,2.16204e+07,0,0,0,8.67616e+07
65.3997,85.139,1.79024,0.27,0.02,2.24288,3.14253,0,0.435854,6.048,4.27398e+06,2.70226e+06,9.58602e+06,0,0,0,3.19346e+08,76.6953,79.791,2.90073,0,0,2.36353,1.46388,0,1.88061,2.96352,8.8822e+06,3.61194e+06,2.09933e+07,0,0,0,8.67616e+07
64.4703,85.139,1.50769,0.27,0.02,2.17269,3.14281,0,0.420316,6.048,4.27398e+06,2.70226e+06,9.28603e+06,0,0,0,3.19346e+08,76.3506,79.791,1.52805,0,0,2.43412,1.464,0,1.82606,2.96352,8.8822e+06,3.61194e+06,2.16203e+07,0,0,0,8.67616e+07
65.0018,85.139,3.02849,0.26,0.02,2.1731,3.14308,0,0.407162,6.048,4.27398e+06,2.70226e+06,9.28776e+06,0,0,0,3.19346e+08,76.6482,79.791,3.43523,0,0,2.43412,1.46413,0,1.8806,2.96352,8.8822e+06,3.61194e+06,2.16203e+07,0,0,0,8.67616e+07
68.3564,85.139,6.01835,0.26,0.02,2.1735,3.14336,0,0.407238,6.048,4.27398e+06,2.70226e+06,9.2895e+06,0,0,0,3.19346e+08,78.0289,79.791,7.00743,0,0,2.43412,1.46426,0,1.8806,2.96352,8.8822e+06,3.61194e+06,2.16203e+07,0,0,0,8.67616e+07
70.6241,85.139,4.63763,0.25,0.02,1.93716,2.90689,0,0.407314,6.048,4.27398e+06,2.70226e+06,8.27936e+06,0,0,0,3.19346e+08,78.9048,79.791,5.08076,0,0,2.28703,1.3173,0,1.8806,2.96352,8.8822e+06,3.61194e+06,2.03138e+07,0,0,0,8.67616e+07
71.2374,85.139,2.87856,0.26,0.02,1.79045,2.90714,0,0.363023,6.048,4.27398e+06,2.70226e+06,7.65233e+06,0,0,0,3.19346e+08,79.4023,79.791,4.2683,0,0,2.43411,1.31741,0,1.76696,2.96352,8.8822e+06,3.61194e+06,2.16202e+07,0,0,0,8.67616e+07
71.3273,85.139,2.30736,0.26,0.02,1.79082,2.9074,0,0.33553,6.048,4.27398e+06,2.70226e+06,7.65392e+06,0,0,0,3.19346e+08,79.6281,79.791,3.60592,0,0,2.43411,1.31753,0,1.88059,2.96352,8.8822e+06,3.61194e+06,2.16202e+07,0,0,0,8.67616e+07
70.9187,85.139,1.83292,0.27,0.02,1.79119,2.90765,0,0.335599,6.048,4.27398e+06,2.70226e+06,7.65551e+06,0,0,0,3.19346e+08,80.04,79.791,4.62375,0,0,2.43411,1.31765,0,1.88059,2.96352,8.8822e+06,3.61194e+06,2.16202e+07,0,0,0,8.67616e+07
71.4437,85.139,2.82891,0.28,0.02,1.79156,2.90791,0,0.335669,6.048,4.27398e+06,2.70226e+06,7.6571e+06,0,0,0,3.19346e+08,80.586,79.791,4.39782,0,0,2.43411,1.31776,0,1.88059,2.96352,8.8822e+06,3.61194e+06,2.16202e+07,0,0,0,8.67616e+07
74.1075,85.139,5.23352,0.28,0.02,1.88303,2.99926,0,0.335739,6.048,4.27398e+06,2.70226e+06,8.04804e+06,0,0,0,3.19346e+08,80.8192,79.791,5.13909,0,0,2.47672,1.36049,0,1.88059,2.96352,8.8822e+06,3.61194e+06,2.19987e+07,0,0,0,8.67616e+07
76.738,85.139,5.1536,0.23,0.02,1.926,2.99951,0,0.35288,6.048,4.27398e+06,2.70226e+06,8.23169e+06,0,0,0,3.19346e+08,80.8192,79.791,5.12053,0,0,2.4341,1.3606,0,1.91351,2.96352,8.8822e+06,3.61194e+06,2.16202e+07,0,0,0,8.67616e+07
79.4718,85.139,5.41884,0.22,0.02,1.92636,2.99975,0,0.360933,6.048,4.27398e+06,2.70226e+06,8.23322e+06,0,0,0,3.19346e+08,80.8192,79.791,5.48595,0,0,2.4341,1.36071,0,1.88059,2.96352,8.8822e+06,3.61194e+06,2.16202e+07,0,0,0,8.67616e+07
81.1128,85.139,4.21814,0.19,0.02,1.92672,3,0,0.361,6.048,4.27398e+06,2.70226e+06,8.23474e+06,0,0,0,3.19346e+08,80.8192,79.791,4.25808,0,0,2.4341,1.36082,0,1.88059,2.96352,8.8822e+06,3.61194e+06,2.16202e+07,0,0,0,8.67616e+07
83.3164,85.139,5.04789,0.19,0.02,2.21971,3.29288,0,0.361067,6.048,4.27398e+06,2.70226e+06,9.48699e+06,0,0,0,3.19346e+08,80.8192,79.791,5.25616,0,0,2.59412,1.52095,0,1.88059,2.96352,8.8822e+06,3.61194e+06,2.30415e+07,0,0,0,8.67616e+07
85.139,85.139,7.04403,0.2,0.02,2.38011,3.29315,0,0.415974,6.048,4.27398e+06,2.70226e+06,1.01725e+07,0,0,0,3.19346e+08,80.8192,79.791,7.60492,0,0,2.43412,1.52107,0,2.00422,2.96352,8.8822e+06,3.61194e+06,2.16203e+07,0,0,0,8.67616e+07
85.139,85.139,5.33805,0.15,0.02,2.3805,3.29342,0,0.446032,6.048,4.27398e+06,2.70226e+06,1.01742e+07,0,0,0,3.19346e+08,80.8192,79.791,4.44788,0,0,2.43412,1.5212,0,1.8806,2.96352,8.8822e+06,3.61194e+06,2.16203e+07,0,0,0,8.67616e+07
85.139,85.139,3.88907,0.16,0.02,2.38089,3.29369,0,0.446106,6.048,4.27398e+06,2.70226e+06,1.01759e+07,0,0,0,3.19346e+08,80.8192,79.791,2.79773,0,0,2.43412,1.52132,0,1.8806,2.96352,8.8822e+06,3.61194e+06,2.16203e+07,0,0,0,8.67616e+07
85.139,85.139,3.8961,0.2,0.02,1.96376,2.87643,0,0.44618,6.048,4.27398e+06,2.70226e+06,8.39306e+06,0,0,0,3.19346e+08,80.8192,79.791,2.83898,0,0,2.2193,1.30663,0,1.8806,2.96352,8.8822e+06,3.61194e+06,1.97123e+07,0,0,0,8.67616e+07
85.139,85.139,6.81901,0.21,0.02,1.7493,2.87666,0,0.368008,6.048,4.27398e+06,2.70226e+06,7.47648e+06,0,0,0,3.19346e+08,80.8192,79.791,4.59646,0,0,2.4341,1.30674,0,1.71463,2.96352,8.8822e+06,3.61194e+06,2.16201e+07,0,0,0,8.67616e+07
85.139,85.139,5.24985,0.23,0.02,1.74965,2.8769,0,0.327819,6.048,4.27398e+06,2.70226e+06,7.47794e+06,0,0,0,3.19346e+08,80.8192,79.791,3.5869,0,0,2.4341,1.30685,0,1.88058,2.96352,8.8822e+06,3.61194e+06,2.16201e+07,0,0,0,8.67616e+07
85.139,85.139,6.35566,0.24,0.02,1.74999,2.87713,0,0.327884,6.048,4.27398e+06,2.70226e+06,7.47941e+06,0,0,0,3.19346e+08,80.8192,79.791,3.94816,0,0,2.4341,1.30695,0,1.88058,2.96352,8.8822e+06,3.61194e+06,2.16201e+07,0,0,0,8.67616e+07
85.139,85.139,5.85499,0.25,0.02,1.75033,2.87737,0,0.327948,6.048,4.27398e+06,2.70226e+06,7.48087e+06,0,0,0,3.19346e+08,80.8192,79.791,4.49541,0,0,2.4341,1.30706,0,1.88058,2.96352,8.8822e+06,3.61194e+06,2.16201e+07,0,0,0,8.67616e+07
85.139,85.139,8.29354,0.27,0.02,1.85581,2.98275,0,0.328012,6.048,4.27398e+06,2.70226e+06,7.9317e+06,0,0,0,3.19346e+08,80.8192,79.791,5.01016,0,0,2.48667,1.35974,0,1.88058,2.96352,8.8822e+06,3.61194e+06,2.20871e+07,0,0,0,8.67616e+07
85.139,85.139,6.9572,0.28,0.02,1.90874,2.98299,0,0.347779,6.048,4.27398e+06,2.70226e+06,8.1579e+06,0,0,0,3.19346e+08,80.8192,79.791,4.45583,0,0,2.4341,1.35985,0,1.9212,2.96352,8.8822e+06,3.61194e+06,2.16202e+07,0,0,0,8.67616e+07
85.139,85.139,6.01445,0.28,0.02,1.90909,2.98323,0,0.357697,6.048,4.27398e+06,2.70226e+06,8.15942e+06,0,0,0,3.19346e+08,80.8192,79.791,4.19787,0,0,2.4341,1.35996,0,1.88059,2.96352,8.8822e+06,3.61194e+06,2.16202e+07,0,0,0,8.67616e+07
85.139,85.139,6.13427,0.25,0.02,1.90945,2.98348,0,0.357764,6.048,4.27398e+06,2.70226e+06,8.16094e+06,0,0,0,3.19346e+08,80.8192,79.791,3.92927,0,0,2.4341,1.36007,0,1.88059,2.96352,8.8822e+06,3.61194e+06,2.16202e+07,0,0,0,8.67616e+07
85.139,85.139,5.66431,0.25,0.02,1.86868,2.9426,0,0.35783,6.048,4.27398e+06,2.70226e+06,7.98669e+06,0,0,0,3.19346e+08,80.8192,79.791,3.45696,0,0,2.41368,1.33976,0,1.88059,2.96352,8.8822e+06,3.61194e+06,2.14388e+07,0,0,0,8.67616e+07
85.139,85.139,4.62041,0.25,0.02,1.84861,2.94284,0,0.350191,6.048,4.27398e+06,2.70226e+06,7.9009e+06,0,0,0,3.19346e+08,80.7146,79.791,2.71392,0,0,2.4341,1.33987,0,1.86481,2.96352,8.8822e+06,3.61194e+06,2.16202e+07,0,0,0,8.67616e+07
85.139,85.139,4.29434,0.23,0.02,1.84896,2.94308,0,0.346429,6.048,4.27398e+06,2.70226e+06,7.9024e+06,0,0,0,3.19346e+08,80.6085,79.791,2.7056,0,0,2.4341,1.33998,0,1.88059,2.96352,8.8822e+06,3.61194e+06,2.16202e+07,0,0,0,8.67616e+07
85.139,85.139,4.12543,0.22,0.02,1.84931,2.94332,0,0.346494,6.048,4.27398e+06,2.70226e+06,7.90389e+06,0,0,0,3.19346e+08,80.7048,79.791,3.31326,0,0,2.4341,1.34009,0,1.88059,2.96352,8.8822e+06,3.61194e+06,2.16202e+07,0,0,0,8.67616e+07
85.139,85.139,3.79283,0.18,0.02,1.98929,3.0832,0,0.34656,6.048,4.27398e+06,2.70226e+06,8.50218e+06,0,0,0,3.19346e+08,80.6544,79.791,2.67913,0,0,2.50656,1.41265,0,1.88059,2.96352,8.8822e+06,3.61194e+06,2.22638e+07,0,0,0,8.67616e+07
85.139,85.139,3.62957,0.17,0.02,2.06211,3.08345,0,0.372793,6.048,4.27398e+06,2.70226e+06,8.81341e+06,0,0,0,3.19346e+08,80.4228,79.791,2.57065,0,0,2.43411,1.41277,0,1.93657,2.96352,8.8822e+06,3.61194e+06,2.16202e+07,0,0,0,8.67616e+07
85.139,85.139,3.39955,0.16,0.02,2.06248,3.0837,0,0.386439,6.048,4.27398e+06,2.70226e+06,8.81499e+06,0,0,0,3.19346e+08,80.1713,79.791,2.36764,0,0,2.43411,1.41289,0,1.88059,2.96352,8.8822e+06,3.61194e+06,2.16202e+07,0,0,0,8.67616e+07
85.139,85.139,3.1612,0.12,0.02,2.06285,3.08395,0,0.386508,6.048,4.27398e+06,2.70226e+06,8.81656e+06,0,0,0,3.19346e+08,79.8819,79.791,2.22772,0,0,2.43411,1.413,0,1.88059,2.96352,8.8822e+06,3.61194e+06,2.16202e+07,0,0,0,8.67616e+07
85.139,85.139,2.9988,0.12,0.02,2.06321,3.0842,0,0.386577,6.048,4.27398e+06,2.70226e+06,8.81813e+06,0,0,0,3.19346e+08,79.5114,79.791,2.35545,0,0,2.43411,1.41312,0,1.88059,2.96352,8.8822e+06,3.61194e+06,2.16202e+07,0,0,0,8.67616e+07
85.139,85.139,2.74405,0.09,0.02,2.03596,3.05683,0,0.386646,6.048,4.27398e+06,2.70226e+06,8.70163e+06,0,0,0,3.19346e+08,79.082,79.791,1.95343,0,0,2.47395,1.45307,0,1.88059,2.96352,8.8822e+06,3.61194e+06,2.19741e+07,0,0,0,8.67616e+07
85.139,85.139,2.5305,0.07,0.02,2.07616,3.05708,0,0.381538,6.048,4.27398e+06,2.70226e+06,8.87347e+06,0,0,0,3.19346e+08,78.494,79.791,1.91565,0,0,2.43411,1.45319,0,1.91137,2.96352,8.8822e+06,3.61194e+06,2.16202e+07,0,0,0,8.67616e+07
85.107,85.139,2.31615,0.06,0.02,2.07653,3.05733,0,0.389073,6.048,4.27398e+06,2.70226e+06,8.87505e+06,0,0,0,3.19346e+08,77.8715,79.791,1.69332,0,0,2.43411,1.45331,0,1.88059,2.96352,8.8822e+06,3.61194e+06,2.16202e+07,0,0,0,8.67616e+07
84.9173,85.139,2.12683,0.13,0.02,2.0769,3.05758,0,0.389142,6.048,4.27398e+06,2.70226e+06,8.87662e+06,0,0,0,3.19346e+08,76.9088,79.791,1.66146,0,0,2.43411,1.45343,0,1.88059,2.96352,8.8822e+06,3.61194e+06,2.16203e+07,0,0,0,8.67616e+07
84.4439,85.139,1.87889,0.11,0.02,2.14863,3.12919,0,0.389211,6.048,4.27398e+06,2.70226e+06,9.18321e+06,0,0,0,3.19346e+08,75.6362,79.791,1.28339,0,0,2.46963,1.48907,0,1.88059,2.96352,8.8822e+06,3.61194e+06,2.19357e+07,0,0,0,8.67616e+07
83.8908,85.139,1.82253,0.11,0.02,2.18453,3.12945,0,0.402654,6.048,4.27398e+06,2.70226e+06,9.33661e+06,0,0,0,3.19346e+08,74.4344,79.791,1.07598,0,0,2.43411,1.48919,0,1.90804,2.96352,8.8822e+06,3.61194e+06,2.16203e+07,0,0,0,8.67616e+07
83.2499,85.139,1.72086,0.11,0.02,2.1849,3.12971,0,0.40938,6.048,4.27398e+06,2.70226e+06,9.33823e+06,0,0,0,3.19346e+08,73.1709,79.791,1.09405,0,0,2.43411,1.48931,0,1.8806,2.96352,8.8822e+06,3.61194e+06,2.16203e+07,0,0,0,8.67616e+07
82.5051,85.139,1.61012,0.12,0.02,2.18528,3.12996,0,0.409451,6.048,4.27398e+06,2.70226e+06,9.33984e+06,0,0,0,3.19346e+08,71.9221,79.791,1.00076,0,0,2.43411,1.48943,0,1.8806,2.96352,8.8822e+06,3.61194e+06,2.16203e+07,0,0,0,8.67616e+07
81.5663,85.139,1.58355,0.11,0.02,2.39471,3.33927,0,0.409522,6.048,4.27398e+06,2.70226e+06,1.02349e+07,0,0,0,3.19346e+08,70.7803,79.791,1.07802,0,0,2.56236,1.6178,0,1.8806,2.96352,8.8822e+06,3.61194e+06,2.27594e+07,0,0,0,8.67616e+07
80.8605,85.139,1.93686,0.12,0.02,2.52335,3.33955,0,0.448769,6.048,4.27398e+06,2.70226e+06,1.07847e+07,0,0,0,3.19346e+08,69.6302,79.791,1.19217,0,0,2.43412,1.61793,0,1.97968,2.96352,8.8822e+06,3.61194e+06,2.16204e+07,0,0,0,8.67616e+07
80.0014,85.139,1.77991,0.14,0.02,2.52376,3.33982,0,0.472876,6.048,4.27398e+06,2.70226e+06,1.07865e+07,0,0,0,3.19346e+08,68.5373,79.791,1.12561,0,0,2.43412,1.61806,0,1.8806,2.96352,8.8822e+06,3.61194e+06,2.16204e+07,0,0,0,8.67616e+07
79.4921,85.139,2.12496,0.14,0.02,2.52416,3.34009,0,0.472952,6.048,4.27398e+06,2.70226e+06,1.07882e+07,0,0,0,3.19346e+08,67.4334,79.791,1.22646,0,0,2.43412,1.6182,0,1.8806,2.96352,8.8822e+06,3.61194e+06,2.16204e+07,0,0,0,8.67616e+07
78.738,85.139,1.87201,0.14,0.02,2.52457,3.34036,0,0.473028,6.048,4.27398e+06,2.70226e+06,1.07899e+07,0,0,0,3.19346e+08,66.8771,79.791,1.17044,0,0,2.43412,1.61833,0,1.8806,2.96352,8.8822e+06,3.61194e+06,2.16204e+07,0,0,0,8.67616e+07
78.224,85.139,2.11074,0.2,0.02,2.42305,3.23871,0,0.473104,6.048,4.27398e+06,2.70226e+06,1.0356e+07,0,0,0,3.19346e+08,66.3974,79.791,1.83577,0,0,2.35625,1.54059,0,1.8806,2.96352,8.8822e+06,3.61194e+06,2.09287e+07,0,0,0,8.67616e+07
77.4976,85.139,1.74623,0.18,0.02,2.34557,3.23898,0,0.454079,6.048,4.27398e+06,2.70226e+06,1.00249e+07,0,0,0,3.19346e+08,65.8879,79.791,2.03387,0,0,2.43412,1.54071,0,1.82044,2.96352,8.8822e+06,3.61194e+06,2.16203e+07,0,0,0,8.67616e+07
76.7063,85.139,1.6528,0.2,0.02,2.34596,3.23924,0,0.43956,6.048,4.27398e+06,2.70226e+06,1.00266e+07,0,0,0,3.19346e+08,65.3908,79.791,1.94772,0,0,2.43412,1.54084,0,1.8806,2.96352,8.8822e+06,3.61194e+06,2.16203e+07,0,0,0,8.67616e+07
75.8502,85.139,1.66609,0.19,0.02,2.34635,3.23951,0,0.439634,6.048,4.27398e+06,2.70226e+06,1.00283e+07,0,0,0,3.19346e+08,64.9196,79.791,1.73715,0,0,2.43412,1.54097,0,1.8806,2.96352,8.8822e+06,3.61194e+06,2.16203e+07,0,0,0,8.67616e+07
77.4955,85.139,4.21945,0.19,0.02,2.26305,3.15608,0,0.439707,6.048,4.27398e+06,2.70226e+06,9.67224e+06,0,0,0,3.19346e+08,64.7937,79.791,2.87369,0,0,2.36321,1.47019,0,1.8806,2.96352,8.8822e+06,3.61194e+06,2.09905e+07,0,0,0,8.67616e+07
77.5424,85.139,2.58588,0.19,0.02,2.19253,3.15634,0,0.424096,6.048,4.27398e+06,2.70226e+06,9.37084e+06,0,0,0,3.19346e+08,64.6248,79.791,3.09897,0,0,2.43411,1.47031,0,1.82582,2.96352,8.8822e+06,3.61194e+06,2.16203e+07,0,0,0,8.67616e+07
76.5739,85.139,1.49891,0.21,0.02,2.19291,3.1566,0,0.410881,6.048,4.27398e+06,2.70226e+06,9.37245e+06,0,0,0,3.19346e+08,64.1998,79.791,2.079,0,0,2.43411,1.47043,0,1.8806,2.96352,8.8822e+06,3.61194e+06,2.16203e+07,0,0,0,8.67616e+07
76.4104,85.139,2.3479,0.2,0.02,2.19329,3.15685,0,0.410952,6.048,4.27398e+06,2.70226e+06,9.37407e+06,0,0,0,3.19346e+08,64.0086,79.791,3.03224,0,0,2.43411,1.47055,0,1.8806,2.96352,8.8822e+06,3.61194e+06,2.16203e+07,0,0,0,8.67616e+07
78.1712,85.139,4.16293,0.22,0.02,1.9559,2.91935,0,0.411023,6.048,4.27398e+06,2.70226e+06,8.35948e+06,0,0,0,3.19346e+08,64.2991,79.791,3.95256,0,0,2.28639,1.32294,0,1.8806,2.96352,8.8822e+06,3.61194e+06,2.03082e+07,0,0,0,8.67616e+07
78.578,85.139,2.66445,0.23,0.02,1.80854,2.91958,0,0.366536,6.048,4.27398e+06,2.70226e+06,7.72965e+06,0,0,0,3.19346e+08,64.2825,79.791,2.83924,0,0,2.4341,1.32305,0,1.76646,2.96352,8.8822e+06,3.61194e+06,2.16202e+07,0,0,0,8.67616e+07
78.8006,85.139,2.52193,0.22,0.02,1.80888,2.91982,0,0.33892,6.048,4.27398e+06,2.70226e+06,7.73113e+06,0,0,0,3.19346e+08,64.4587,79.791,3.49391,0,0,2.4341,1.32316,0,1.88059,2.96352,8.8822e+06,3.61194e+06,2.16202e+07,0,0,0,8.67616e+07
79.3231,85.139,2.78001,0.22,0.02,1.80923,2.92006,0,0.338985,6.048,4.27398e+06,2.70226e+06,7.73261e+06,0,0,0,3.19346e+08,64.6409,79.791,3.62306,0,0,2.4341,1.32327,0,1.88059,2.96352,8.8822e+06,3.61194e+06,2.16202e+07,0,0,0,8.67616e+07
80.0959,85.139,3.14965,0.23,0.02,1.80958,2.9203,0,0.33905,6.048,4.27398e+06,2.70226e+06,7.7341e+06,0,0,0,3.19346e+08,64.7642,79.791,3.68804,0,0,2.4341,1.32338,0,1.88059,2.96352,8.8822e+06,3.61194e+06,2.16202e+07,0,0,0,8.67616e+07
81.6093,85.139,3.89351,0.2,0.02,1.80969,2.9203,0,0.339115,6.048,4.27398e+06,2.70226e+06,7.73456e+06,0,0,0,3.19346e+08,64.9113,79.791,3.43963,0,0,2.43399,1.32338,0,1.88059,2.96352,8.8822e+06,3.61194e+06,2.16192e+07,0,0,0,8.67616e+07
83.4137,85.139,4.26772,0.2,0.02,1.90141,3.01203,0,0.339135,6.048,4.27398e+06,2.70226e+06,8.12659e+06,0,0,0,3.19346e+08,65.0722,79.791,3.10914,0,0,2.47689,1.36628,0,1.8805,2.96352,8.8822e+06,3.61194e+06,2.20002e+07,0,0,0,8.67616e+07
84.0245,85.139,3.12652,0.2,0.02,1.94454,3.01225,0,0.356325,6.048,4.27398e+06,2.70226e+06,8.31091e+06,0,0,0,3.19346e+08,64.7932,79.791,2.50052,0,0,2.4341,1.36638,0,1.91365,2.96352,8.8822e+06,3.61194e+06,2.16201e+07,0,0,0,8.67616e+07
84.6154,85.139,3.05126,0.2,0.02,1.94487,3.01248,0,0.364407,6.048,4.27398e+06,2.70226e+06,8.31233e+06,0,0,0,3.19346e+08,64.4324,79.791,2.18523,0,0,2.4341,1.36648,0,1.88058,2.96352,8.8822e+06,3.61194e+06,2.16201e+07,0,0,0,8.67616e+07
84.662,85.139,2.58592,0.19,0.02,1.9452,3.01271,0,0.364469,6.048,4.27398e+06,2.70226e+06,8.31375e+06,0,0,0,3.19346e+08,63.8007,79.791,2.23986,0,0,2.4341,1.36659,0,1.88058,2.96352,8.8822e+06,3.61194e+06,2.16201e+07,0,0,0,8.67616e+07
83.9222,85.139,1.91812,0.2,0.02,2.23941,3.30681,0,0.364531,6.048,4.27398e+06,2.70226e+06,9.57118e+06,0,0,0,3.19346e+08,63.1397,79.791,1.8461,0,0,2.59479,1.52738,0,1.88058,2.96352,8.8822e+06,3.61194e+06,2.30474e+07,0,0,0,8.67616e+07
83.0262,85.139,1.89062,0.22,0.02,2.40045,3.30706,0,0.419665,6.048,4.27398e+06,2.70226e+06,1.02595e+07,0,0,0,3.19346e+08,62.6181,79.791,1.77009,0,0,2.43411,1.5275,0,2.00473,2.96352,8.8822e+06,3.61194e+06,2.16202e+07,0,0,0,8.67616e+07
82.6433,85.139,2.4434,0.22,0.02,2.40082,3.30731,0,0.449845,6.048,4.27398e+06,2.70226e+06,1.02611e+07,0,0,0,3.19346e+08,62.5385,79.791,2.28507,0,0,2.43411,1.52761,0,1.88059,2.96352,8.8822e+06,3.61194e+06,2.16202e+07,0,0,0,8.67616e+07
83.1197,85.139,3.36403,0.26,0.02,2.40119,3.30756,0,0.449914,6.048,4.27398e+06,2.70226e+06,1.02626e+07,0,0,0,3.19346e+08,62.8149,79.791,3.00183,0,0,2.43411,1.52773,0,1.88059,2.96352,8.8822e+06,3.61194e+06,2.16202e+07,0,0,0,8.67616e+07
85.139,85.139,5.0971,0.28,0.02,1.98227,2.88853,0,0.449982,6.048,4.27398e+06,2.70226e+06,8.47216e+06,0,0,0,3.19346e+08,63.629,79.791,4.61063,0,0,2.21839,1.31213,0,1.88059,2.96352,8.8822e+06,3.61194e+06,1.97042e+07,0,0,0,8.67616e+07
85.139,85.139,4.18951,0.23,0.02,1.76688,2.88875,0,0.371477,6.048,4.27398e+06,2.70226e+06,7.55161e+06,0,0,0,3.19346e+08,63.8324,79.791,3.16944,0,0,2.43409,1.31223,0,1.71393,2.96352,8.8822e+06,3.61194e+06,2.16201e+07,0,0,0,8.67616e+07
85.139,85.139,4.02705,0.24,0.02,1.7672,2.88896,0,0.331114,6.048,4.27398e+06,2.70226e+06,7.55297e+06,0,0,0,3.19346e+08,64.2117,79.791,3.25752,0,0,2.43409,1.31233,0,1.88058,2.96352,8.8822e+06,3.61194e+06,2.16201e+07,0,0,0,8.67616e+07
85.139,85.139,7.0345,0.25,0.02,1.76752,2.88918,0,0.331173,6.048,4.27398e+06,2.70226e+06,7.55433e+06,0,0,0,3.19346e+08,65.2674,79.791,5.92863,0,0,2.43409,1.31243,0,1.88058,2.96352,8.8822e+06,3.61194e+06,2.16201e+07,0,0,0,8.67616e+07
85.139,85.139,4.89044,0.28,0.02,1.76783,2.8894,0,0.331233,6.048,4.27398e+06,2.70226e+06,7.55569e+06,0,0,0,3.19346e+08,66.0189,79.791,4.53784,0,0,2.43409,1.31252,0,1.88058,2.96352,8.8822e+06,3.61194e+06,2.16201e+07,0,0,0,8.67616e+07
85.139,85.139,4.03607,0.28,0.02,1.87373,2.9952,0,0.331292,6.048,4.27398e+06,2.70226e+06,8.00829e+06,0,0,0,3.19346e+08,66.6938,79.791,4.15305,0,0,2.48688,1.36542,0,1.88058,2.96352,8.8822e+06,3.61194e+06,2.2089e+07,0,0,0,8.67616e+07
85.139,85.139,6.31436,0.28,0.02,1.92685,2.99543,0,0.351138,6.048,4.27398e+06,2.70226e+06,8.23532e+06,0,0,0,3.19346e+08,68.2503,79.791,6.9333,0,0,2.4341,1.36552,0,1.92137,2.96352,8.8822e+06,3.61194e+06,2.16201e+07,0,0,0,8.67616e+07
85.139,85.139,5.56022,0.26,0.02,1.92718,2.99565,0,0.361092,6.048,4.27398e+06,2.70226e+06,8.23673e+06,0,0,0,3.19346e+08,69.7478,79.791,6.4622,0,0,2.4341,1.36562,0,1.88058,2.96352,8.8822e+06,3.61194e+06,2.16201e+07,0,0,0,8.67616e+07
85.139,85.139,3.83252,0.25,0.02,1.92751,2.99588,0,0.361154,6.048,4.27398e+06,2.70226e+06,8.23814e+06,0,0,0,3.19346e+08,70.4511,79.791,4.23031,0,0,2.4341,1.36573,0,1.88058,2.96352,8.8822e+06,3.61194e+06,2.16201e+07,0,0,0,8.67616e+07
85.139,85.139,2.82441,0.25,0.02,1.88655,2.95481,0,0.361216,6.048,4.27398e+06,2.70226e+06,8.06306e+06,0,0,0,3.19346e+08,70.8723,79.791,3.63806,0,0,2.41359,1.34532,0,1.88058,2.96352,8.8822e+06,3.61194e+06,2.14379e+07,0,0,0,8.67616e+07
85.139,85.139,2.55738,0.23,0.02,1.86636,2.95504,0,0.353539,6.048,4.27398e+06,2.70226e+06,7.9768e+06,0,0,0,3.19346e+08,71.1273,79.791,3.0752,0,0,2.43409,1.34542,0,1.86474,2.96352,8.8822e+06,3.61194e+06,2.16201e+07,0,0,0,8.67616e+07
85.139,85.139,3.04773,0.22,0.02,1.86669,2.95526,0,0.349757,6.048,4.27398e+06,2.70226e+06,7.97819e+06,0,0,0,3.19346e+08,71.335,79.791,3.17639,0,0,2.43409,1.34552,0,1.88058,2.96352,8.8822e+06,3.61194e+06,2.16201e+07,0,0,0,8.67616e+07
85.139,85.139,2.33457,0.18,0.02,1.86701,2.95548,0,0.349818,6.048,4.27398e+06,2.70226e+06,7.97958e+06,0,0,0,3.19346e+08,71.3808,79.791,3.02145,0,0,2.43409,1.34562,0,1.88058,2.96352,8.8822e+06,3.61194e+06,2.16201e+07,0,0,0,8.67616e+07
84.7536,85.139,1.96203,0.17,0.02,2.00755,3.09592,0,0.349879,6.048,4.27398e+06,2.70226e+06,8.58022e+06,0,0,0,3.19346e+08,71.1845,79.791,2.28342,0,0,2.50685,1.41848,0,1.88058,2.96352,8.8822e+06,3.61194e+06,2.22663e+07,0,0,0,8.67616e+07
84.2136,85.139,1.84159,0.23,0.02,2.08064,3.09615,0,0.376215,6.048,4.27398e+06,2.70226e+06,8.89262e+06,0,0,0,3.19346e+08,71.0531,79.791,2.32205,0,0,2.4341,1.41859,0,1.93679,2.96352,8.8822e+06,3.61194e+06,2.16201e+07,0,0,0,8.67616e+07
83.6087,85.139,1.76735,0.2,0.02,2.08098,3.09639,0,0.389912,6.048,4.27398e+06,2.70226e+06,8.89408e+06,0,0,0,3.19346e+08,70.851,79.791,2.27055,0,0,2.4341,1.4187,0,1.88059,2.96352,8.8822e+06,3.61194e+06,2.16201e+07,0,0,0,8.67616e+07
82.9025,85.139,1.656,0.19,0.02,2.08133,3.09662,0,0.389976,6.048,4.27398e+06,2.70226e+06,8.89554e+06,0,0,0,3.19346e+08,70.6613,79.791,2.11409,0,0,2.4341,1.41881,0,1.88059,2.96352,8.8822e+06,3.61194e+06,2.16201e+07,0,0,0,8.67616e+07
82.1357,85.139,1.56632,0.16,0.02,2.08167,3.09685,0,0.39004,6.048,4.27398e+06,2.70226e+06,8.897e+06,0,0,0,3.19346e+08,70.221,79.791,2.02881,0,0,2.4341,1.41891,0,1.88059,2.96352,8.8822e+06,3.61194e+06,2.16201e+07,0,0,0,8.67616e+07
81.292,85.139,1.46625,0.15,0.02,2.05427,3.06935,0,0.390105,6.048,4.27398e+06,2.70226e+06,8.77991e+06,0,0,0,3.19346e+08,69.7433,79.791,1.87817,0,0,2.4741,1.45902,0,1.88059,2.96352,8.8822e+06,3.61194e+06,2.19755e+07,0,0,0,8.67616e+07
80.2972,85.139,1.34421,0.14,0.02,2.09461,3.06958,0,0.38497,6.048,4.27398e+06,2.70226e+06,8.95233e+06,0,0,0,3.19346e+08,69.1151,79.791,1.8686,0,0,2.4341,1.45913,0,1.91149,2.96352,8.8822e+06,3.61194e+06,2.16202e+07,0,0,0,8.67616e+07
79.1895,85.139,1.21547,0.11,0.02,2.09496,3.06981,0,0.392531,6.048,4.27398e+06,2.70226e+06,8.9538e+06,0,0,0,3.19346e+08,68.4157,79.791,1.67737,0,0,2.4341,1.45924,0,1.88059,2.96352,8.8822e+06,3.61194e+06,2.16202e+07,0,0,0,8.67616e+07
77.9745,85.139,1.07042,0.21,0.02,2.0953,3.07005,0,0.392595,6.048,4.27398e+06,2.70226e+06,8.95526e+06,0,0,0,3.19346e+08,67.6176,79.791,1.58271,0,0,2.4341,1.45936,0,1.88059,2.96352,8.8822e+06,3.61194e+06,2.16202e+07,0,0,0,8.67616e+07
76.6388,85.139,0.981306,0.2,0.02,2.1673,3.14193,0,0.392659,6.048,4.27398e+06,2.70226e+06,9.26297e+06,0,0,0,3.19346e+08,66.9215,79.791,1.58614,0,0,2.46977,1.49513,0,1.88059,2.96352,8.8822e+06,3.61194e+06,2.19369e+07,0,0,0,8.67616e+07
75.258,85.139,0.959051,0.19,0.02,2.20331,3.14217,0,0.406151,6.048,4.27398e+06,2.70226e+06,9.41688e+06,0,0,0,3.19346e+08,66.1771,79.791,1.64553,0,0,2.43411,1.49524,0,1.90814,2.96352,8.8822e+06,3.61194e+06,2.16202e+07,0,0,0,8.67616e+07
73.8279,85.139,0.894835,0.19,0.02,2.20366,3.14241,0,0.4129,6.048,4.27398e+06,2.70226e+06,9.41838e+06,0,0,0,3.19346e+08,65.3167,79.791,1.55319,0,0,2.43411,1.49535,0,1.88059,2.96352,8.8822e+06,3.61194e+06,2.16202e+07,0,0,0,8.67616e+07
72.3381,85.139,0.821208,0.2,0.02,2.20401,3.14265,0,0.412965,6.048,4.27398e+06,2.70226e+06,9.41988e+06,0,0,0,3.19346e+08,64.5165,79.791,1.46115,0,0,2.43411,1.49547,0,1.88059,2.96352,8.8822e+06,3.61194e+06,2.16202e+07,0,0,0,8.67616e+07
70.5731,85.139,0.69529,0.26,0.02,2.41426,3.35278,0,0.413031,6.048,4.27398e+06,2.70226e+06,1.03185e+07,0,0,0,3.19346e+08,63.5934,79.791,1.55116,0,0,2.56287,1.62434,0,1.88059,2.96352,8.8822e+06,3.61194e+06,2.27639e+07,0,0,0,8.67616e+07
68.5769,85.139,0.549159,0.26,0.02,2.54339,3.35304,0,0.452432,6.048,4.27398e+06,2.70226e+06,1.08704e+07,0,0,0,3.19346e+08,62.6337,79.791,1.27656,0,0,2.43411,1.62447,0,1.98007,2.96352,8.8822e+06,3.61194e+06,2.16203e+07,0,0,0,8.67616e+07
66.6378,85.139,0.59003,0.26,0.02,2.54377,3.35329,0,0.476631,6.048,4.27398e+06,2.70226e+06,1.0872e+07,0,0,0,3.19346e+08,61.8467,79.791,1.29297,0,0,2.43411,1.62459,0,1.8806,2.96352,8.8822e+06,3.61194e+06,2.16203e+07,0,0,0,8.67616e+07
64.9959,85.139,0.914685,0.27,0.02,2.54414,3.35354,0,0.476702,6.048,4.27398e+06,2.70226e+06,1.08736e+07,0,0,0,3.19346e+08,61.0935,79.791,1.53655,0,0,2.43411,1.62471,0,1.8806,2.96352,8.8822e+06,3.61194e+06,2.16203e+07,0,0,0,8.67616e+07
63.6466,85.139,1.20914,0.27,0.02,2.54452,3.3538,0,0.476772,6.048,4.27398e+06,2.70226e+06,1.08752e+07,0,0,0,3.19346e+08,60.3717,79.791,1.51267,0,0,2.43411,1.62484,0,1.8806,2.96352,8.8822e+06,3.61194e+06,2.16203e+07,0,0,0,8.67616e+07
62.0189,85.139,0.853404,0.28,0.02,2.44256,3.25172,0,0.476843,6.048,4.27398e+06,2.70226e+06,1.04394e+07,0,0,0,3.19346e+08,59.8685,79.791,1.41588,0,0,2.35593,1.54677,0,1.8806,2.96352,8.8822e+06,3.61194e+06,2.09258e+07,0,0,0,8.67616e+07
60.6217,85.139,1.02098,0.31,0.02,2.36474,3.25196,0,0.457736,6.048,4.27398e+06,2.70226e+06,1.01069e+07,0,0,0,3.19346e+08,59.5529,79.791,2.00683,0,0,2.43411,1.54689,0,1.82019,2.96352,8.8822e+06,3.61194e+06,2.16202e+07,0,0,0,8.67616e+07
59.1696,85.139,0.947533,0.31,0.02,2.36511,3.25221,0,0.443153,6.048,4.27398e+06,2.70226e+06,1.01084e+07,0,0,0,3.19346e+08,59.1583,79.791,1.86175,0,0,2.43411,1.54701,0,1.88059,2.96352,8.8822e+06,3.61194e+06,2.16202e+07,0,0,0,8.67616e+07
57.7142,85.139,0.92588,0.32,0.02,2.36547,3.25245,0,0.443221,6.048,4.27398e+06,2.70226e+06,1.011e+07,0,0,0,3.19346e+08,58.5552,79.791,2.30335,0,0,2.43411,1.54713,0,1.88059,2.96352,8.8822e+06,3.61194e+06,2.16202e+07,0,0,0,8.67616e+07
56.3362,85.139,0.936848,0.31,0.02,2.28181,3.16867,0,0.443289,6.048,4.27398e+06,2.70226e+06,9.7524e+06,0,0,0,3.19346e+08,57.6218,79.791,1.54068,0,0,2.36292,1.47605,0,1.88059,2.96352,8.8822e+06,3.61194e+06,2.09879e+07,0,0,0,8.67616e+07
55.1503,85.139,1.15028,0.32,0.02,2.21098,3.16891,0,0.427611,6.048,4.27398e+06,2.70226e+06,9.44966e+06,0,0,0,3.19346e+08,57.0981,79.791,1.19625,0,0,2.4341,1.47617,0,1.82559,2.96352,8.8822e+06,3.61194e+06,2.16202e+07,0,0,0,8.67616e+07
54.0095,85.139,1.18326,0.34,0.02,2.21133,3.16915,0,0.414337,6.048,4.27398e+06,2.70226e+06,9.45117e+06,0,0,0,3.19346e+08,56.7225,79.791,2.10635,0,0,2.4341,1.47628,0,1.88059,2.96352,8.8822e+06,3.61194e+06,2.16202e+07,0,0,0,8.67616e+07
54.8744,85.139,3.33934,0.34,0.02,2.21168,3.16939,0,0.414403,6.048,4.27398e+06,2.70226e+06,9.45267e+06,0,0,0,3.19346e+08,57.2752,79.791,4.7336,0,0,2.4341,1.47639,0,1.88059,2.96352,8.8822e+06,3.61194e+06,2.16202e+07,0,0,0,8.67616e+07
54.8277,85.139,2.19169,0.35,0.02,1.97332,2.93092,0,0.414469,6.048,4.27398e+06,2.70226e+06,8.43393e+06,0,0,0,3.19346e+08,57.3322,79.791,3.47627,0,0,2.28579,1.32819,0,1.88059,2.96352,8.8822e+06,3.61194e+06,2.03029e+07,0,0,0,8.67616e+07
55.0314,85.139,2.43704,0.36,0.02,1.82534,2.93115,0,0.3698,6.048,4.27398e+06,2.70226e+06,7.80148e+06,0,0,0,3.19346e+08,57.3558,79.791,3.56787,0,0,2.43409,1.32829,0,1.766,2.96352,8.8822e+06,3.61194e+06,2.16201e+07,0,0,0,8.67616e+07
55.0659,85.139,2.20855,0.37,0.02,1.82567,2.93137,0,0.34207,6.048,4.27398e+06,2.70226e+06,7.80286e+06,0,0,0,3.19346e+08,57.3361,79.791,3.36667,0,0,2.43409,1.32839,0,1.88058,2.96352,8.8822e+06,3.61194e+06,2.16201e+07,0,0,0,8.67616e+07
55.6921,85.139,2.77686,0.39,0.02,1.76296,2.93159,0,0.34213,6.048,4.27398e+06,2.92482e+06,7.53485e+06,0,0,0,3.19346e+08,57.2854,79.791,3.38392,0,0,2.40553,1.32849,0,1.88058,2.96352,8.8822e+06,3.90942e+06,2.13664e+07,0,0,0,8.67616e+07
56.7196,85.139,3.21,0.37,0.02,1.82631,2.93181,0,0.330379,6.048,4.27398e+06,2.70226e+06,7.80561e+06,0,0,0,3.19346e+08,57.1613,79.791,3.34631,0,0,2.43409,1.32859,0,1.85851,2.96352,8.8822e+06,3.61194e+06,2.16201e+07,0,0,0,8.67616e+07
57.0626,85.139,2.56887,0.28,0.02,1.91848,3.02388,0,0.342251,6.048,4.27398e+06,2.70226e+06,8.19954e+06,0,0,0,3.19346e+08,56.9303,79.791,2.10996,0,0,2.47705,1.37165,0,1.88058,2.96352,8.8822e+06,3.61194e+06,2.20017e+07,0,0,0,8.67616e+07
56.8965,85.139,3.01871,0,0.02,3.02409,3.02409,0,0.359523,6.048,4.27398e+06,2.70226e+06,1.29249e+07,0,0,0,3.19346e+08,57.6368,79.791,3.30298,0,0,1.37175,1.37175,0,1.91377,2.96352,8.8822e+06,3.61194e+06,1.21841e+07,0,0,0,8.67616e+07
57.7608,85.139,4.13146,0,0.02,3.0243,3.0243,0,0.566714,6.048,4.27398e+06,2.70226e+06,1.29258e+07,0,0,0,3.19346e+08,58.431,79.791,4.10466,0,0,1.37184,1.37184,0,1.05981,2.96352,8.8822e+06,3.61194e+06,1.2185e+07,0,0,0,8.67616e+07
57.3988,85.139,2.76485,0,0.02,3.02451,3.02451,0,0.566754,6.048,4.27398e+06,2.70226e+06,1.29267e+07,0,0,0,3.19346e+08,58.8605,79.791,3.05586,0,0,1.37194,1.37194,0,1.05989,2.96352,8.8822e+06,3.61194e+06,1.21858e+07,0,0,0,8.67616e+07
58.617,85.139,4.725,0,0.02,3.31975,3.31975,0,0.566793,6.048,4.27398e+06,2.70226e+06,1.41885e+07,0,0,0,3.19346e+08,59.4533,79.791,3.37566,0,0,1.53336,1.53336,0,1.05996,2.96352,8.8822e+06,3.61194e+06,1.36196e+07,0,0,0,8.67616e+07
58.7512,85.139,3.59132,0,0.02,3.31998,3.31998,0,0.62212,6.048,4.27398e+06,2.70226e+06,1.41895e+07,0,0,0,3.19346e+08,59.6424,79.791,2.49764,0,0,1.53346,1.53346,0,1.18467,2.96352,8.8822e+06,3.61194e+06,1.36205e+07,0,0,0,8.67616e+07
58.6832,85.139,3.35903,0,0.02,3.32021,3.32021,0,0.622164,6.048,4.27398e+06,2.70226e+06,1.41905e+07,0,0,0,3.19346e+08,59.8617,79.791,2.71754,0,0,1.53357,1.53357,0,1.18475,2.96352,8.8822e+06,3.61194e+06,1.36215e+07,0,0,0,8.67616e+07
59.0361,85.139,3.85004,0,0.02,3.32044,3.32044,0,0.622207,6.048,4.27398e+06,2.70226e+06,1.41915e+07,0,0,0,3.19346e+08,60.0894,79.791,2.8452,0,0,1.53368,1.53368,0,1.18484,2.96352,8.8822e+06,3.61194e+06,1.36224e+07,0,0,0,8.67616e+07
59.4334,85.139,3.5398,0,0.02,2.89975,2.89975,0,0.62225,6.048,4.27398e+06,2.70226e+06,1.23935e+07,0,0,0,3.19346e+08,60.6632,79.791,3.28315,0,0,1.31723,1.31723,0,1.18492,2.96352,8.8822e+06,3.61194e+06,1.16999e+07,0,0,0,8.67616e+07
59.9058,85.139,3.62688,0,0.02,2.89996,2.89996,0,0.543414,6.048,4.27398e+06,2.70226e+06,1.23943e+07,0,0,0,3.19346e+08,61.3435,79.791,3.37339,0,0,1.31732,1.31732,0,1.01769,2.96352,8.8822e+06,3.61194e+06,1.17007e+07,0,0,0,8.67616e+07
60.0252,85.139,3.24822,0,0.02,2.90016,2.90016,0,0.543452,6.048,4.27398e+06,2.70226e+06,1.23952e+07,0,0,0,3.19346e+08,61.8778,79.791,2.87763,0,0,1.31741,1.31741,0,1.01776,2.96352,8.8822e+06,3.61194e+06,1.17015e+07,0,0,0,8.67616e+07
60.6178,85.139,3.76769,0,0.02,2.90036,2.90036,0,0.543489,6.048,4.27398e+06,2.70226e+06,1.23961e+07,0,0,0,3.19346e+08,62.385,79.791,2.79947,0,0,1.3175,1.3175,0,1.01783,2.96352,8.8822e+06,3.61194e+06,1.17023e+07,0,0,0,8.67616e+07
60.6213,85.139,3.15622,0,0.02,2.90056,2.90056,0,0.543527,6.048,4.27398e+06,2.70226e+06,1.23969e+07,0,0,0,3.19346e+08,62.7022,79.791,2.43118,0,0,1.31759,1.31759,0,1.0179,2.96352,8.8822e+06,3.61194e+06,1.17031e+07,0,0,0,8.67616e+07
61.1338,85.139,3.83963,0,0.02,3.00675,3.00675,0,0.543565,6.048,4.27398e+06,2.70226e+06,1.28508e+07,0,0,0,3.19346e+08,63.1104,79.791,3.33848,0,0,1.37068,1.37068,0,1.01797,2.96352,8.8822e+06,3.61194e+06,1.21747e+07,0,0,0,8.67616e+07
62.3536,85.139,4.63223,0,0.02,3.00696,3.00696,0,0.563465,6.048,4.27398e+06,2.70226e+06,1.28517e+07,0,0,0,3.19346e+08,63.6838,79.791,4.31428,0,0,1.37078,1.37078,0,1.05899,2.96352,8.8822e+06,3.61194e+06,1.21755e+07,0,0,0,8.67616e+07
62.3066,85.139,3.24228,0,0.02,3.00717,3.00717,0,0.563504,6.048,4.27398e+06,2.70226e+06,1.28526e+07,0,0,0,3.19346e+08,64.0065,79.791,2.91555,0,0,1.37087,1.37087,0,1.05906,2.96352,8.8822e+06,3.61194e+06,1.21764e+07,0,0,0,8.67616e+07
61.8372,85.139,2.72861,0,0.02,3.00738,3.00738,0,0.563543,6.048,4.27398e+06,2.70226e+06,1.28535e+07,0,0,0,3.19346e+08,64.1347,79.791,2.48683,0,0,1.37097,1.37097,0,1.05914,2.96352,8.8822e+06,3.61194e+06,1.21772e+07,0,0,0,8.67616e+07
61.0517,85.139,2.3205,0,0.02,2.96613,2.96613,0,0.563583,6.048,4.27398e+06,2.70226e+06,1.26772e+07,0,0,0,3.19346e+08,64.2099,79.791,2.25503,0,0,1.35047,1.35047,0,1.05921,2.96352,8.8822e+06,3.61194e+06,1.19952e+07,0,0,0,8.67616e+07
60.1533,85.139,2.11296,0,0.02,2.96634,2.96634,0,0.555854,6.048,4.27398e+06,2.70226e+06,1.26781e+07,0,0,0,3.19346e+08,64.3943,79.791,2.01558,0,0,1.35057,1.35057,0,1.04338,2.96352,8.8822e+06,3.61194e+06,1.1996e+07,0,0,0,8.67616e+07
59.2279,85.139,2.05885,0,0.02,2.96655,2.96655,0,0.555892,6.048,4.27398e+06,2.70226e+06,1.2679e+07,0,0,0,3.19346e+08,64.4346,79.791,2.20446,0,0,1.35066,1.35066,0,1.04345,2.96352,8.8822e+06,3.61194e+06,1.19968e+07,0,0,0,8.67616e+07
58.1903,85.139,1.92117,0,0.02,2.96675,2.96675,0,0.555931,6.048,4.27398e+06,2.70226e+06,1.26798e+07,0,0,0,3.19346e+08,64.5434,79.791,2.02127,0,0,1.35076,1.35076,0,1.04352,2.96352,8.8822e+06,3.61194e+06,1.19977e+07,0,0,0,8.67616e+07
57.1233,85.139,1.9907,0,0.02,3.1077,3.1077,0,0.55597,6.048,4.27398e+06,2.70226e+06,1.32823e+07,0,0,0,3.19346e+08,64.5063,79.791,2.1299,0,0,1.42388,1.42388,0,1.04359,2.96352,8.8822e+06,3.61194e+06,1.26472e+07,0,0,0,8.67616e+07
55.8264,85.139,1.72398,0,0.02,3.10792,3.10792,0,0.582384,6.048,4.27398e+06,2.70226e+06,1.32832e+07,0,0,0,3.19346e+08,64.5566,79.791,1.83939,0,0,1.42398,1.42398,0,1.10009,2.96352,8.8822e+06,3.61194e+06,1.26481e+07,0,0,0,8.67616e+07
54.3352,85.139,1.50374,0,0.02,3.10814,3.10814,0,0.582424,6.048,4.27398e+06,2.70226e+06,1.32841e+07,0,0,0,3.19346e+08,64.4001,79.791,1.81194,0,0,1.42408,1.42408,0,1.10017,2.96352,8.8822e+06,3.61194e+06,1.2649e+07,0,0,0,8.67616e+07
52.7368,85.139,1.36516,0,0.02,3.10835,3.10835,0,0.582465,6.048,4.27398e+06,2.70226e+06,1.3285e+07,0,0,0,3.19346e+08,64.1928,79.791,1.61168,0,0,1.42418,1.42418,0,1.10025,2.96352,8.8822e+06,3.61194e+06,1.26499e+07,0,0,0,8.67616e+07
51.2978,85.139,1.47906,0,0.02,3.10857,3.10857,0,0.582505,6.048,4.27398e+06,2.70226e+06,1.3286e+07,0,0,0,3.19346e+08,64.0255,79.791,1.57076,0,0,1.42428,1.42428,0,1.10032,2.96352,8.8822e+06,3.61194e+06,1.26507e+07,0,0,0,8.67616e+07
49.9477,85.139,1.52384,0,0.02,3.08094,3.08094,0,0.582546,6.048,4.27398e+06,2.70226e+06,1.31679e+07,0,0,0,3.19346e+08,63.7046,79.791,1.62602,0,0,1.46453,1.46453,0,1.1004,2.96352,8.8822e+06,3.61194e+06,1.30083e+07,0,0,0,8.67616e+07
48.4989,85.139,1.39594,0,0.02,3.08116,3.08116,0,0.577369,6.048,4.27398e+06,2.70226e+06,1.31688e+07,0,0,0,3.19346e+08,63.3915,79.791,1.43448,0,0,1.46464,1.46464,0,1.1315,2.96352,8.8822e+06,3.61194e+06,1.30092e+07,0,0,0,8.67616e+07
46.9851,85.139,1.28083,0,0.02,3.08137,3.08137,0,0.577409,6.048,4.27398e+06,2.70226e+06,1.31697e+07,0,0,0,3.19346e+08,63.0254,79.791,1.40912,0,0,1.46474,1.46474,0,1.13158,2.96352,8.8822e+06,3.61194e+06,1.30101e+07,0,0,0,8.67616e+07
45.4518,85.139,1.21558,0,0.02,3.08159,3.08159,0,0.577449,6.048,4.27398e+06,2.70226e+06,1.31706e+07,0,0,0,3.19346e+08,62.8013,79.791,1.39711,0,0,1.46484,1.46484,0,1.13166,2.96352,8.8822e+06,3.61194e+06,1.3011e+07,0,0,0,8.67616e+07
43.9172,85.139,1.24111,0,0.02,3.15372,3.15372,0,0.577489,6.048,4.27398e+06,2.70226e+06,1.34789e+07,0,0,0,3.19346e+08,62.5268,79.791,1.62934,0,0,1.50074,1.50074,0,1.13174,2.96352,8.8822e+06,3.61194e+06,1.33299e+07,0,0,0,8.67616e+07
42.3415,85.139,1.16214,0,0.02,3.15394,3.15394,0,0.591008,6.048,4.27398e+06,2.70226e+06,1.34799e+07,0,0,0,3.19346e+08,62.153,79.791,1.62594,0,0,1.50084,1.50084,0,1.15947,2.96352,8.8822e+06,3.61194e+06,1.33308e+07,0,0,0,8.67616e+07
40.6768,85.139,1.03288,0,0.02,3.15416,3.15416,0,0.591049,6.048,4.27398e+06,2.70226e+06,1.34808e+07,0,0,0,3.19346e+08,61.7525,79.791,1.47928,0,0,1.50095,1.50095,0,1.15955,2.96352,8.8822e+06,3.61194e+06,1.33317e+07,0,0,0,8.67616e+07
38.967,85.139,0.937058,0,0.02,3.15438,3.15438,0,0.59109,6.048,4.27398e+06,2.70226e+06,1.34818e+07,0,0,0,3.19346e+08,61.138,79.791,1.44506,0,0,1.50105,1.50105,0,1.15963,2.96352,8.8822e+06,3.61194e+06,1.33326e+07,0,0,0,8.67616e+07
36.8488,85.139,0.613809,0,0.02,3.36528,3.36528,0,0.591131,6.048,4.27398e+06,2.70226e+06,1.43831e+07,0,0,0,3.19346e+08,60.3556,79.791,1.13435,0,0,1.6304,1.6304,0,1.15971,2.96352,8.8822e+06,3.61194e+06,1.44815e+07,0,0,0,8.67616e+07
34.7989,85.139,0.615312,0,0.02,3.36552,3.36552,0,0.630654,6.048,4.27398e+06,2.70226e+06,1.43841e+07,0,0,0,3.19346e+08,59.7477,79.791,1.06095,0,0,1.63051,1.63051,0,1.25965,2.96352,8.8822e+06,3.61194e+06,1.44825e+07,0,0,0,8.67616e+07
33.1467,85.139,0.987847,0,0.02,3.36575,3.36575,0,0.630698,6.048,4.27398e+06,2.70226e+06,1.43851e+07,0,0,0,3.19346e+08,59.1413,79.791,1.28379,0,0,1.63063,1.63063,0,1.25973,2.96352,8.8822e+06,3.61194e+06,1.44835e+07,0,0,0,8.67616e+07
31.7864,85.139,1.23302,0,0.02,3.36599,3.36599,0,0.630742,6.048,4.27398e+06,2.70226e+06,1.43861e+07,0,0,0,3.19346e+08,58.4485,79.791,1.34001,0,0,1.63074,1.63074,0,1.25982,2.96352,8.8822e+06,3.61194e+06,1.44846e+07,0,0,0,8.67616e+07
29.9912,85.139,0.71939,0,0.02,3.36622,3.36622,0,0.630786,6.048,4.27398e+06,2.70226e+06,1.43871e+07,0,0,0,3.19346e+08,57.4717,79.791,1.04191,0,0,1.63085,1.63085,0,1.25991,2.96352,8.8822e+06,3.61194e+06,1.44856e+07,0,0,0,8.67616e+07
28.2378,85.139,0.619382,0,0.02,3.26374,3.26374,0,0.63083,6.048,4.27398e+06,2.70226e+06,1.39491e+07,0,0,0,3.19346e+08,56.574,79.791,0.852854,0,0,1.55249,1.55249,0,1.26,2.96352,8.8822e+06,3.61194e+06,1.37896e+07,0,0,0,8.67616e+07
26.6692,85.139,0.736054,0,0.02,3.26397,3.26397,0,0.611625,6.048,4.27398e+06,2.70226e+06,1.39501e+07,0,0,0,3.19346e+08,56.0774,79.791,0.839945,0,0,1.5526,1.5526,0,1.19946,2.96352,8.8822e+06,3.61194e+06,1.37905e+07,0,0,0,8.67616e+07
25.5615,85.139,1.14655,0,0.02,3.26419,3.26419,0,0.611667,6.048,4.27398e+06,2.70226e+06,1.39511e+07,0,0,0,3.19346e+08,55.4916,79.791,1.46193,0,0,1.55271,1.55271,0,1.19954,2.96352,8.8822e+06,3.61194e+06,1.37915e+07,0,0,0,8.67616e+07
24.3475,85.139,1.0121,0,0.02,3.26442,3.26442,0,0.61171,6.048,4.27398e+06,2.70226e+06,1.39521e+07,0,0,0,3.19346e+08,55.1799,79.791,1.14527,0,0,1.55282,1.55282,0,1.19962,2.96352,8.8822e+06,3.61194e+06,1.37924e+07,0,0,0,8.67616e+07
23.52,85.139,1.20182,0,0.02,3.18031,3.18031,0,0.611752,6.048,4.27398e+06,2.70226e+06,1.35926e+07,0,0,0,3.19346e+08,54.9278,79.791,1.61329,0,0,1.48148,1.48148,0,1.19971,2.96352,8.8822e+06,3.61194e+06,1.31588e+07,0,0,0,8.67616e+07
23.1703,85.139,1.72554,0,0.02,3.18054,3.18054,0,0.595991,6.048,4.27398e+06,2.70226e+06,1.35935e+07,0,0,0,3.19346e+08,54.6456,79.791,1.5165,0,0,1.48158,1.48158,0,1.14459,2.96352,8.8822e+06,3.61194e+06,1.31597e+07,0,0,0,8.67616e+07
22.5703,85.139,1.42361,0,0.02,3.18076,3.18076,0,0.596032,6.048,4.27398e+06,2.70226e+06,1.35945e+07,0,0,0,3.19346e+08,54.6198,79.791,1.53405,0,0,1.48168,1.48168,0,1.14467,2.96352,8.8822e+06,3.61194e+06,1.31606e+07,0,0,0,8.67616e+07
24.4743,85.139,3.64411,0.28,0.02,2.22867,3.18098,0,0.596074,6.048,4.27398e+06,2.70226e+06,9.52528e+06,0,0,0,3.19346e+08,54.8962,79.791,4.60174,0,0,2.4341,1.48179,0,1.14475,2.96352,8.8822e+06,3.61194e+06,2.16201e+07,0,0,0,8.67616e+07
25.206,85.139,2.89675,0,0.02,2.94162,2.94162,0,0.417652,6.048,4.27398e+06,2.70226e+06,1.25724e+07,0,0,0,3.19346e+08,55.5088,79.791,3.47258,0,0,1.33304,1.33304,0,1.88058,2.96352,8.8822e+06,3.61194e+06,1.18403e+07,0,0,0,8.67616e+07
24.1681,85.139,1.05414,0,0.02,2.94182,2.94182,0,0.551259,6.048,4.27398e+06,2.70226e+06,1.25733e+07,0,0,0,3.19346e+08,55.5012,79.791,1.98421,0,0,1.33313,1.33313,0,1.0299,2.96352,8.8822e+06,3.61194e+06,1.18411e+07,0,0,0,8.67616e+07
23.7198,85.139,1.59404,0,0.02,2.94203,2.94203,0,0.551298,6.048,4.27398e+06,2.70226e+06,1.25742e+07,0,0,0,3.19346e+08,55.6179,79.791,2.11711,0,0,1.33322,1.33322,0,1.02998,2.96352,8.8822e+06,3.61194e+06,1.18419e+07,0,0,0,8.67616e+07
24.8855,85.139,3.15834,0,0.02,2.94223,2.94223,0,0.551336,6.048,4.27398e+06,2.70226e+06,1.2575e+07,0,0,0,3.19346e+08,55.925,79.791,2.84473,0,0,1.33332,1.33332,0,1.03005,2.96352,8.8822e+06,3.61194e+06,1.18428e+07,0,0,0,8.67616e+07
28.8779,85.139,6.1145,0,0.02,2.94244,2.94244,0,0.551374,6.048,4.27398e+06,2.70226e+06,1.25759e+07,0,0,0,3.19346e+08,56.5733,79.791,3.5062,0,0,1.33341,1.33341,0,1.03012,2.96352,8.8822e+06,3.61194e+06,1.18436e+07,0,0,0,8.67616e+07
33.8486,110.355,6.94739,0.27,0.02,1.93424,3.03482,0,0.551413,6.048,4.27398e+06,2.70226e+06,8.26689e+06,0,0,0,3.19346e+08,57.4467,79.791,5.18179,0,0,2.4772,1.37662,0,1.03019,2.96352,8.8822e+06,3.61194e+06,2.2003e+07,0,0,0,8.67616e+07
36.0855,110.355,4.915,0,0.02,3.03501,3.03501,0,0.362476,6.048,4.27398e+06,2.70226e+06,1.29716e+07,0,0,0,3.19346e+08,57.8346,79.791,2.93424,0,0,1.3767,1.3767,0,1.91388,2.96352,8.8822e+06,3.61194e+06,1.22282e+07,0,0,0,8.67616e+07
44.4909,110.355,10.5206,0.04,0.02,1.97792,3.03521,0,0.568762,6.048,4.27398e+06,2.70226e+06,8.45358e+06,0,0,0,3.19346e+08,57.9147,79.791,3.1772,0,0,2.43408,1.37679,0,1.06364,2.96352,8.8822e+06,3.61194e+06,2.162e+07,0,0,0,8.67616e+07
50.0729,110.355,7.91357,0.32,0.02,1.9782,3.0354,0,0.370662,6.048,4.27398e+06,2.70226e+06,8.45478e+06,0,0,0,3.19346e+08,58.0775,79.791,3.74872,0,0,2.43408,1.37688,0,1.88057,2.96352,8.8822e+06,3.61194e+06,2.162e+07,0,0,0,8.67616e+07
57.2452,110.355,9.91596,0.3,0.02,2.27457,3.33168,0,0.370715,6.048,4.27398e+06,2.70226e+06,9.72144e+06,0,0,0,3.19346e+08,58.4776,79.791,4.75638,0,0,2.59598,1.53887,0,1.88057,2.96352,8.8822e+06,3.61194e+06,2.3058e+07,0,0,0,8.67616e+07
63.5739,110.355,9.97357,0,0.02,3.33189,3.33189,0,0.426254,6.048,4.27398e+06,2.70226e+06,1.42404e+07,0,0,0,3.19346e+08,59.5174,79.791,5.53178,0,0,1.53897,1.53897,0,2.00566,2.96352,8.8822e+06,3.61194e+06,1.36694e+07,0,0,0,8.67616e+07
68.3344,110.355,8.59588,0,0.02,3.3321,3.3321,0,0.624396,6.048,4.27398e+06,2.70226e+06,1.42413e+07,0,0,0,3.19346e+08,60.2979,79.791,4.64482,0,0,1.53906,1.53906,0,1.18901,2.96352,8.8822e+06,3.61194e+06,1.36703e+07,0,0,0,8.67616e+07
72.0228,110.355,7.39466,0,0.02,3.33231,3.33231,0,0.624436,6.048,4.27398e+06,2.70226e+06,1.42422e+07,0,0,0,3.19346e+08,60.7613,79.791,3.81306,0,0,1.53916,1.53916,0,1.18908,2.96352,8.8822e+06,3.61194e+06,1.36711e+07,0,0,0,8.67616e+07
77.904,110.355,8.57026,0.22,0.02,2.01528,2.91011,0,0.624476,6.048,4.27398e+06,2.70226e+06,8.61325e+06,0,0,0,3.19346e+08,62.1672,79.791,6.98673,0,0,2.21676,1.32193,0,1.18916,2.96352,8.8822e+06,3.61194e+06,1.96897e+07,0,0,0,8.67616e+07
82.581,110.355,7.28497,0.21,0.02,1.79823,2.91029,0,0.377663,6.048,4.27398e+06,2.70226e+06,7.6856e+06,0,0,0,3.19346e+08,63.2347,79.791,5.33491,0,0,2.43408,1.32201,0,1.71267,2.96352,8.8822e+06,3.61194e+06,2.16199e+07,0,0,0,8.67616e+07
84.2597,110.355,5.20723,0,0.02,2.91048,2.91048,0,0.336988,6.048,4.27398e+06,2.70226e+06,1.24393e+07,0,0,0,3.19346e+08,64.2164,79.791,4.36715,0,0,1.3221,1.3221,0,1.88057,2.96352,8.8822e+06,3.61194e+06,1.17431e+07,0,0,0,8.67616e+07
87.9848,110.355,6.22566,0.18,0.02,1.79877,2.91066,0,0.545423,6.048,4.27398e+06,2.70226e+06,7.6879e+06,0,0,0,3.19346e+08,64.8609,79.791,4.63487,0,0,2.43408,1.32218,0,1.02145,2.96352,8.8822e+06,3.61194e+06,2.16199e+07,0,0,0,8.67616e+07
91.3126,110.355,6.99149,0,0.02,2.91085,2.91085,0,0.337089,6.048,4.27398e+06,2.70226e+06,1.24409e+07,0,0,0,3.19346e+08,66.3235,79.791,5.40704,0,0,1.32227,1.32227,0,1.88057,2.96352,8.8822e+06,3.61194e+06,1.17446e+07,0,0,0,8.67616e+07
95.683,110.355,8.18059,0,0.02,3.0174,3.0174,0,0.545493,6.048,4.27398e+06,2.70226e+06,1.28963e+07,0,0,0,3.19346e+08,68.1532,79.791,5.65099,0,0,1.37553,1.37553,0,1.02158,2.96352,8.8822e+06,3.61194e+06,1.22178e+07,0,0,0,8.67616e+07
100.253,110.355,7.43342,0.11,0.02,1.95913,3.01759,0,0.56546,6.048,4.27398e+06,2.70226e+06,8.37328e+06,0,0,0,3.19346e+08,69.394,79.791,5.15439,0,0,2.43408,1.37562,0,1.06274,2.96352,8.8822e+06,3.61194e+06,2.162e+07,0,0,0,8.67616e+07
104.175,110.355,7.77565,0,0.02,3.01778,3.01778,0,0.367141,6.048,4.27398e+06,2.70226e+06,1.28979e+07,0,0,0,3.19346e+08,71.1217,79.791,6.0109,0,0,1.37571,1.37571,0,1.88057,2.96352,8.8822e+06,3.61194e+06,1.22193e+07,0,0,0,8.67616e+07
107.672,110.355,7.29125,0,0.02,3.01797,3.01797,0,0.565532,6.048,4.27398e+06,2.70226e+06,1.28987e+07,0,0,0,3.19346e+08,71.8917,79.791,3.60818,0,0,1.3758,1.3758,0,1.06287,2.96352,8.8822e+06,3.61194e+06,1.22201e+07,0,0,0,8.67616e+07
109.86,110.355,5.83723,0,0.02,2.97657,2.97657,0,0.565568,6.048,4.27398e+06,2.70226e+06,1.27218e+07,0,0,0,3.19346e+08,72.8013,79.791,4.39468,0,0,1.35522,1.35522,0,1.06294,2.96352,8.8822e+06,3.61194e+06,1.20374e+07,0,0,0,8.67616e+07
110.355,110.355,5.39981,0,0.02,2.97675,2.97675,0,0.557808,6.048,4.27398e+06,2.70226e+06,1.27226e+07,0,0,0,3.19346e+08,73.5866,79.791,3.71569,0,0,1.35531,1.35531,0,1.04705,2.96352,8.8822e+06,3.61194e+06,1.20381e+07,0,0,0,8.67616e+07
110.355,110.355,5.01883,0,0.02,2.97694,2.97694,0,0.557844,6.048,4.27398e+06,2.70226e+06,1.27234e+07,0,0,0,3.19346e+08,74.2944,79.791,3.38353,0,0,1.3554,1.3554,0,1.04711,2.96352,8.8822e+06,3.61194e+06,1.20389e+07,0,0,0,8.67616e+07
110.355,110.355,4.58506,0.04,0.02,1.89854,2.97713,0,0.557879,6.048,4.27398e+06,2.70226e+06,8.1143e+06,0,0,0,3.19346e+08,74.4674,79.791,3.17706,0,0,2.43408,1.35548,0,1.04718,2.96352,8.8822e+06,3.61194e+06,2.162e+07,0,0,0,8.67616e+07
110.355,110.355,4.51943,0.04,0.02,2.04005,3.11856,0,0.355786,6.048,4.27398e+06,2.70226e+06,8.71912e+06,0,0,0,3.19346e+08,74.4727,79.791,3.06945,0,0,2.50737,1.42886,0,1.88057,2.96352,8.8822e+06,3.61194e+06,2.22709e+07,0,0,0,8.67616e+07
110.355,110.355,3.76395,0.03,0.02,2.11362,3.11876,0,0.382305,6.048,4.27398e+06,2.70226e+06,9.03357e+06,0,0,0,3.19346e+08,74.3655,79.791,2.74394,0,0,2.43408,1.42895,0,1.93719,2.96352,8.8822e+06,3.61194e+06,2.162e+07,0,0,0,8.67616e+07
110.355,110.355,3.53405,0.03,0.02,2.11391,3.11895,0,0.396093,6.048,4.27398e+06,2.70226e+06,9.03481e+06,0,0,0,3.19346e+08,74.1954,79.791,2.52725,0,0,2.43408,1.42904,0,1.88057,2.96352,8.8822e+06,3.61194e+06,2.162e+07,0,0,0,8.67616e+07
110.355,110.355,3.47914,0.03,0.02,2.1142,3.11915,0,0.396147,6.048,4.27398e+06,2.70226e+06,9.03604e+06,0,0,0,3.19346e+08,74.0278,79.791,2.58595,0,0,2.43408,1.42913,0,1.88057,2.96352,8.8822e+06,3.61194e+06,2.162e+07,0,0,0,8.67616e+07
110.355,110.355,3.06717,0.03,0.02,2.11449,3.11935,0,0.396201,6.048,4.27398e+06,2.70226e+06,9.03728e+06,0,0,0,3.19346e+08,73.4495,79.791,2.34409,0,0,2.43408,1.42922,0,1.88057,2.96352,8.8822e+06,3.61194e+06,2.162e+07,0,0,0,8.67616e+07
110.355,110.355,2.6215,0.03,0.02,2.08684,3.09161,0,0.396255,6.048,4.27398e+06,2.70226e+06,8.9191e+06,0,0,0,3.19346e+08,72.7705,79.791,1.73666,0,0,2.47438,1.46961,0,1.88057,2.96352,8.8822e+06,3.61194e+06,2.19779e+07,0,0,0,8.67616e+07
110.252,110.355,2.39346,0.03,0.02,2.12742,3.09181,0,0.391074,6.048,4.27398e+06,2.70226e+06,9.09255e+06,0,0,0,3.19346e+08,71.9646,79.791,1.6738,0,0,2.43409,1.4697,0,1.9117,2.96352,8.8822e+06,3.61194e+06,2.162e+07,0,0,0,8.67616e+07
110.038,110.355,2.26951,0.02,0.02,2.12771,3.092,0,0.398679,6.048,4.27398e+06,2.70226e+06,9.09379e+06,0,0,0,3.19346e+08,71.0706,79.791,1.51171,0,0,2.43409,1.46979,0,1.88057,2.96352,8.8822e+06,3.61194e+06,2.162e+07,0,0,0,8.67616e+07
108.904,110.355,2.1879,0,0.02,3.0922,3.0922,0,0.398733,6.048,4.27398e+06,2.70226e+06,1.3216e+07,0,0,0,3.19346e+08,70.7313,79.791,1.44713,0,0,1.46989,1.46989,0,1.88057,2.96352,8.8822e+06,3.61194e+06,1.30558e+07,0,0,0,8.67616e+07
107.93,110.355,2.3869,0,0.02,3.16457,3.16457,0,0.579478,6.048,4.27398e+06,2.70226e+06,1.35253e+07,0,0,0,3.19346e+08,70.2816,79.791,1.52803,0,0,1.5059,1.5059,0,1.13563,2.96352,8.8822e+06,3.61194e+06,1.33757e+07,0,0,0,8.67616e+07
106.7,110.355,2.11996,0,0.02,3.16477,3.16477,0,0.59304,6.048,4.27398e+06,2.70226e+06,1.35261e+07,0,0,0,3.19346e+08,69.7807,79.791,1.44946,0,0,1.50599,1.50599,0,1.16346,2.96352,8.8822e+06,3.61194e+06,1.33765e+07,0,0,0,8.67616e+07
105.304,110.355,1.94117,0,0.02,3.16497,3.16497,0,0.593078,6.048,4.27398e+06,2.70226e+06,1.3527e+07,0,0,0,3.19346e+08,69.2657,79.791,1.36191,0,0,1.50609,1.50609,0,1.16353,2.96352,8.8822e+06,3.61194e+06,1.33774e+07,0,0,0,8.67616e+07
103.68,110.355,1.67625,0,0.02,3.16517,3.16517,0,0.593115,6.048,4.27398e+06,2.70226e+06,1.35279e+07,0,0,0,3.19346e+08,68.5725,79.791,1.35177,0,0,1.50619,1.50619,0,1.16361,2.96352,8.8822e+06,3.61194e+06,1.33782e+07,0,0,0,8.67616e+07
101.352,110.355,1.13145,0,0.02,3.37677,3.37677,0,0.593153,6.048,4.27398e+06,2.70226e+06,1.44323e+07,0,0,0,3.19346e+08,67.5912,79.791,1.03955,0,0,1.63597,1.63597,0,1.16368,2.96352,8.8822e+06,3.61194e+06,1.4531e+07,0,0,0,8.67616e+07
98.8115,110.355,0.887053,0,0.02,3.37699,3.37699,0,0.632807,6.048,4.27398e+06,2.70226e+06,1.44332e+07,0,0,0,3.19346e+08,66.6802,79.791,0.816395,0,0,1.63607,1.63607,0,1.26395,2.96352,8.8822e+06,3.61194e+06,1.45319e+07,0,0,0,8.67616e+07
96.6849,110.355,1.31147,0,0.02,3.3772,3.3772,0,0.632848,6.048,4.27398e+06,2.70226e+06,1.44341e+07,0,0,0,3.19346e+08,65.825,79.791,0.968661,0,0,1.63617,1.63617,0,1.26403,2.96352,8.8822e+06,3.61194e+06,1.45328e+07,0,0,0,8.67616e+07
95.0646,110.355,1.87324,0,0.02,3.37742,3.37742,0,0.632888,6.048,4.27398e+06,2.70226e+06,1.4435e+07,0,0,0,3.19346e+08,65.1305,79.791,1.10214,0,0,1.63628,1.63628,0,1.26411,2.96352,8.8822e+06,3.61194e+06,1.45337e+07,0,0,0,8.67616e+07
92.9533,110.355,1.41662,0,0.02,3.37763,3.37763,0,0.632928,6.048,4.27398e+06,2.70226e+06,1.44359e+07,0,0,0,3.19346e+08,65.0559,79.791,1.15269,0,0,1.63638,1.63638,0,1.26419,2.96352,8.8822e+06,3.61194e+06,1.45347e+07,0,0,0,8.67616e+07
92.0787,110.355,2.58861,0,0.02,3.27479,3.27479,0,0.632968,6.048,4.27398e+06,2.70226e+06,1.39964e+07,0,0,0,3.19346e+08,65.38,79.791,2.49919,0,0,1.55775,1.55775,0,1.26427,2.96352,8.8822e+06,3.61194e+06,1.38362e+07,0,0,0,8.67616e+07
90.6155,110.355,2.0753,0,0.02,3.27499,3.27499,0,0.613695,6.048,4.27398e+06,2.70226e+06,1.39973e+07,0,0,0,3.19346e+08,65.0802,79.791,2.20172,0,0,1.55785,1.55785,0,1.20352,2.96352,8.8822e+06,3.61194e+06,1.38371e+07,0,0,0,8.67616e+07
88.5524,110.355,1.37408,0,0.02,3.2752,3.2752,0,0.613734,6.048,4.27398e+06,2.70226e+06,1.39981e+07,0,0,0,3.19346e+08,65.1318,79.791,1.48687,0,0,1.55795,1.55795,0,1.20359,2.96352,8.8822e+06,3.61194e+06,1.3838e+07,0,0,0,8.67616e+07
87.59,110.355,2.5733,0,0.02,3.27541,3.27541,0,0.613773,6.048,4.27398e+06,2.70226e+06,1.3999e+07,0,0,0,3.19346e+08,65.3602,79.791,2.22969,0,0,1.55805,1.55805,0,1.20367,2.96352,8.8822e+06,3.61194e+06,1.38389e+07,0,0,0,8.67616e+07
87.0898,110.355,2.96899,0,0.02,3.191,3.191,0,0.613812,6.048,4.27398e+06,2.70226e+06,1.36383e+07,0,0,0,3.19346e+08,65.6518,79.791,2.96169,0,0,1.48645,1.48645,0,1.20375,2.96352,8.8822e+06,3.61194e+06,1.3203e+07,0,0,0,8.67616e+07
86.0644,110.355,2.52864,0,0.02,3.1912,3.1912,0,0.597994,6.048,4.27398e+06,2.70226e+06,1.36391e+07,0,0,0,3.19346e+08,65.8552,79.791,2.19173,0,0,1.48655,1.48655,0,1.14843,2.96352,8.8822e+06,3.61194e+06,1.32038e+07,0,0,0,8.67616e+07
85.7995,110.355,3.2983,0,0.02,3.19141,3.19141,0,0.598032,6.048,4.27398e+06,2.70226e+06,1.364e+07,0,0,0,3.19346e+08,66.2264,79.791,2.68615,0,0,1.48664,1.48664,0,1.14851,2.96352,8.8822e+06,3.61194e+06,1.32047e+07,0,0,0,8.67616e+07
85.3196,110.355,3.23916,0,0.02,3.19161,3.19161,0,0.59807,6.048,4.27398e+06,2.70226e+06,1.36409e+07,0,0,0,3.19346e+08,67.018,79.791,3.15044,0,0,1.48674,1.48674,0,1.14858,2.96352,8.8822e+06,3.61194e+06,1.32055e+07,0,0,0,8.67616e+07
85.6272,110.355,3.75875,0,0.02,2.95143,2.95143,0,0.598108,6.048,4.27398e+06,2.70226e+06,1.26144e+07,0,0,0,3.19346e+08,67.1697,79.791,2.55092,0,0,1.33749,1.33749,0,1.14865,2.96352,8.8822e+06,3.61194e+06,1.18798e+07,0,0,0,8.67616e+07
85.7116,110.355,3.51821,0,0.02,2.95162,2.95162,0,0.553099,6.048,4.27398e+06,2.70226e+06,1.26152e+07,0,0,0,3.19346e+08,67.3247,79.791,1.81275,0,0,1.33757,1.33757,0,1.03334,2.96352,8.8822e+06,3.61194e+06,1.18806e+07,0,0,0,8.67616e+07
88.4318,110.355,6.41509,0,0.02,2.95181,2.95181,0,0.553134,6.048,4.27398e+06,2.70226e+06,1.2616e+07,0,0,0,3.19346e+08,67.8049,79.791,2.64521,0,0,1.33766,1.33766,0,1.03341,2.96352,8.8822e+06,3.61194e+06,1.18813e+07,0,0,0,8.67616e+07
90.2359,110.355,5.4698,0,0.02,2.952,2.952,0,0.553169,6.048,4.27398e+06,2.70226e+06,1.26168e+07,0,0,0,3.19346e+08,68.2165,79.791,3.1808,0,0,1.33774,1.33774,0,1.03347,2.96352,8.8822e+06,3.61194e+06,1.18821e+07,0,0,0,8.67616e+07
91.9469,110.355,5.28419,0,0.02,2.95218,2.95218,0,0.553204,6.048,4.27398e+06,2.70226e+06,1.26176e+07,0,0,0,3.19346e+08,68.3735,79.791,2.3707,0,0,1.33783,1.33783,0,1.03354,2.96352,8.8822e+06,3.61194e+06,1.18828e+07,0,0,0,8.67616e+07
92.0758,110.355,3.68433,0,0.02,3.04486,3.04486,0,0.553239,6.048,4.27398e+06,2.70226e+06,1.30136e+07,0,0,0,3.19346e+08,68.829,79.791,3.16149,0,0,1.38117,1.38117,0,1.0336,2.96352,8.8822e+06,3.61194e+06,1.22678e+07,0,0,0,8.67616e+07
91.7675,110.355,3.2782,0,0.02,3.04503,3.04503,0,0.570606,6.048,4.27398e+06,2.70226e+06,1.30144e+07,0,0,0,3.19346e+08,69.2341,79.791,2.33715,0,0,1.38125,1.38125,0,1.06709,2.96352,8.8822e+06,3.61194e+06,1.22685e+07,0,0,0,8.67616e+07
91.4383,110.355,3.25047,0,0.02,3.04521,3.04521,0,0.570639,6.048,4.27398e+06,2.70226e+06,1.30152e+07,0,0,0,3.19346e+08,69.3223,79.791,2.78831,0,0,1.38133,1.38133,0,1.06715,2.96352,8.8822e+06,3.61194e+06,1.22692e+07,0,0,0,8.67616e+07
90.2167,110.355,2.36521,0,0.02,3.04538,3.04538,0,0.570672,6.048,4.27398e+06,2.70226e+06,1.30159e+07,0,0,0,3.19346e+08,69.1931,79.791,1.87982,0,0,1.38141,1.38141,0,1.06721,2.96352,8.8822e+06,3.61194e+06,1.22699e+07,0,0,0,8.67616e+07
88.3022,110.355,1.8804,0,0.02,3.34262,3.34262,0,0.570705,6.048,4.27398e+06,2.70226e+06,1.42863e+07,0,0,0,3.19346e+08,69.1683,79.791,1.85127,0,0,1.54392,1.54392,0,1.06728,2.96352,8.8822e+06,3.61194e+06,1.37134e+07,0,0,0,8.67616e+07
86.2675,110.355,1.68939,0,0.02,3.34281,3.34281,0,0.626406,6.048,4.27398e+06,2.70226e+06,1.42871e+07,0,0,0,3.19346e+08,69.1356,79.791,2.10255,0,0,1.54401,1.54401,0,1.19283,2.96352,8.8822e+06,3.61194e+06,1.37142e+07,0,0,0,8.67616e+07
84.7267,110.355,2.20257,0,0.02,3.343,3.343,0,0.626443,6.048,4.27398e+06,2.70226e+06,1.42879e+07,0,0,0,3.19346e+08,69.0595,79.791,2.38812,0,0,1.5441,1.5441,0,1.1929,2.96352,8.8822e+06,3.61194e+06,1.3715e+07,0,0,0,8.67616e+07
83.4634,110.355,2.37032,0,0.02,3.3432,3.3432,0,0.626479,6.048,4.27398e+06,2.70226e+06,1.42887e+07,0,0,0,3.19346e+08,69.3504,79.791,2.29055,0,0,1.54419,1.54419,0,1.19297,2.96352,8.8822e+06,3.61194e+06,1.37158e+07,0,0,0,8.67616e+07
84.5558,110.355,4.51512,0,0.02,2.91959,2.91959,0,0.626515,6.048,4.27398e+06,2.70226e+06,1.24783e+07,0,0,0,3.19346e+08,70.3156,79.791,4.28309,0,0,1.32624,1.32624,0,1.19304,2.96352,8.8822e+06,3.61194e+06,1.17799e+07,0,0,0,8.67616e+07
85.8854,110.355,4.70442,0,0.02,2.91976,2.91976,0,0.547132,6.048,4.27398e+06,2.70226e+06,1.2479e+07,0,0,0,3.19346e+08,70.9806,79.791,3.43329,0,0,1.32632,1.32632,0,1.02465,2.96352,8.8822e+06,3.61194e+06,1.17806e+07,0,0,0,8.67616e+07
87.1397,110.355,4.72035,0,0.02,2.91993,2.91993,0,0.547163,6.048,4.27398e+06,2.70226e+06,1.24797e+07,0,0,0,3.19346e+08,71.5696,79.791,3.14783,0,0,1.32639,1.32639,0,1.02471,2.96352,8.8822e+06,3.61194e+06,1.17813e+07,0,0,0,8.67616e+07
88.5762,110.355,4.913,0,0.02,2.9201,2.9201,0,0.547195,6.048,4.27398e+06,2.70226e+06,1.24804e+07,0,0,0,3.19346e+08,72.2353,79.791,3.476,0,0,1.32647,1.32647,0,1.02477,2.96352,8.8822e+06,3.61194e+06,1.1782e+07,0,0,0,8.67616e+07
90.3373,110.355,5.32368,0,0.02,2.92027,2.92027,0,0.547227,6.048,4.27398e+06,2.70226e+06,1.24812e+07,0,0,0,3.19346e+08,73.0279,79.791,4.00342,0,0,1.32655,1.32655,0,1.02483,2.96352,8.8822e+06,3.61194e+06,1.17826e+07,0,0,0,8.67616e+07
91.7245,110.355,5.06295,0,0.02,3.02714,3.02714,0,0.547258,6.048,4.27398e+06,2.70226e+06,1.29379e+07,0,0,0,3.19346e+08,73.7839,79.791,3.53062,0,0,1.37998,1.37998,0,1.02489,2.96352,8.8822e+06,3.61194e+06,1.22572e+07,0,0,0,8.67616e+07
92.3449,110.355,4.2922,0,0.02,3.02732,3.02732,0,0.567287,6.048,4.27398e+06,2.70226e+06,1.29387e+07,0,0,0,3.19346e+08,74.3613,79.791,3.111,0,0,1.38006,1.38006,0,1.06617,2.96352,8.8822e+06,3.61194e+06,1.22579e+07,0,0,0,8.67616e+07
92.7578,110.355,4.05102,0,0.02,3.02749,3.02749,0,0.567319,6.048,4.27398e+06,2.70226e+06,1.29394e+07,0,0,0,3.19346e+08,74.752,79.791,3.27839,0,0,1.38014,1.38014,0,1.06623,2.96352,8.8822e+06,3.61194e+06,1.22587e+07,0,0,0,8.67616e+07
93.2801,110.355,4.11907,0,0.02,3.02767,3.02767,0,0.567352,6.048,4.27398e+06,2.70226e+06,1.29402e+07,0,0,0,3.19346e+08,75.1178,79.791,2.96163,0,0,1.38022,1.38022,0,1.06629,2.96352,8.8822e+06,3.61194e+06,1.22594e+07,0,0,0,8.67616e+07
93.3056,110.355,3.52293,0,0.02,2.98611,2.98611,0,0.567385,6.048,4.27398e+06,2.70226e+06,1.27626e+07,0,0,0,3.19346e+08,75.2709,79.791,2.5968,0,0,1.35957,1.35957,0,1.06636,2.96352,8.8822e+06,3.61194e+06,1.2076e+07,0,0,0,8.67616e+07
92.5948,110.355,2.79815,0,0.02,2.98628,2.98628,0,0.559597,6.048,4.27398e+06,2.70226e+06,1.27633e+07,0,0,0,3.19346e+08,75.3821,79.791,2.17298,0,0,1.35965,1.35965,0,1.0504,2.96352,8.8822e+06,3.61194e+06,1.20767e+07,0,0,0,8.67616e+07
91.7783,110.355,2.5481,0,0.02,2.98646,2.98646,0,0.55963,6.048,4.27398e+06,2.70226e+06,1.2764e+07,0,0,0,3.19346e+08,75.4512,79.791,1.93685,0,0,1.35973,1.35973,0,1.05046,2.96352,8.8822e+06,3.61194e+06,1.20774e+07,0,0,0,8.67616e+07
90.9275,110.355,2.48322,0,0.02,2.98663,2.98663,0,0.559662,6.048,4.27398e+06,2.70226e+06,1.27648e+07,0,0,0,3.19346e+08,75.499,79.791,2.11817,0,0,1.35981,1.35981,0,1.05052,2.96352,8.8822e+06,3.61194e+06,1.20781e+07,0,0,0,8.67616e+07
89.6389,110.355,2.14085,0,0.02,3.12849,3.12849,0,0.559694,6.048,4.27398e+06,2.70226e+06,1.33711e+07,0,0,0,3.19346e+08,75.4141,79.791,2.01094,0,0,1.43341,1.43341,0,1.05059,2.96352,8.8822e+06,3.61194e+06,1.27318e+07,0,0,0,8.67616e+07
88.2569,110.355,2.02659,0,0.02,3.12867,3.12867,0,0.586278,6.048,4.27398e+06,2.70226e+06,1.33719e+07,0,0,0,3.19346e+08,75.3376,79.791,1.93462,0,0,1.43349,1.43349,0,1.10745,2.96352,8.8822e+06,3.61194e+06,1.27325e+07,0,0,0,8.67616e+07
86.6684,110.355,1.7783,0,0.02,3.12885,3.12885,0,0.586312,6.048,4.27398e+06,2.70226e+06,1.33726e+07,0,0,0,3.19346e+08,75.1537,79.791,1.80771,0,0,1.43357,1.43357,0,1.10751,2.96352,8.8822e+06,3.61194e+06,1.27333e+07,0,0,0,8.67616e+07
85.0508,110.355,1.6795,0,0.02,3.12903,3.12903,0,0.586346,6.048,4.27398e+06,2.70226e+06,1.33734e+07,0,0,0,3.19346e+08,74.9927,79.791,1.72658,0,0,1.43365,1.43365,0,1.10758,2.96352,8.8822e+06,3.61194e+06,1.2734e+07,0,0,0,8.67616e+07
83.5157,110.355,1.70918,0,0.02,3.12921,3.12921,0,0.58638,6.048,4.27398e+06,2.70226e+06,1.33742e+07,0,0,0,3.19346e+08,74.9977,79.791,1.80327,0,0,1.43374,1.43374,0,1.10764,2.96352,8.8822e+06,3.61194e+06,1.27347e+07,0,0,0,8.67616e+07
82.2525,110.355,1.96242,0,0.02,3.10136,3.10136,0,0.586414,6.048,4.27398e+06,2.70226e+06,1.32552e+07,0,0,0,3.19346e+08,75.0127,79.791,2.11717,0,0,1.47424,1.47424,0,1.10771,2.96352,8.8822e+06,3.61194e+06,1.30945e+07,0,0,0,8.67616e+07
80.8935,110.355,1.82941,0,0.02,3.10154,3.10154,0,0.581195,6.048,4.27398e+06,2.70226e+06,1.32559e+07,0,0,0,3.19346e+08,74.9788,79.791,2.02119,0,0,1.47433,1.47433,0,1.139,2.96352,8.8822e+06,3.61194e+06,1.30953e+07,0,0,0,8.67616e+07
79.347,110.355,1.61587,0,0.02,3.10172,3.10172,0,0.581229,6.048,4.27398e+06,2.70226e+06,1.32567e+07,0,0,0,3.19346e+08,74.9074,79.791,1.9881,0,0,1.47441,1.47441,0,1.13906,2.96352,8.8822e+06,3.61194e+06,1.3096e+07,0,0,0,8.67616e+07
77.787,110.355,1.58571,0,0.02,3.1019,3.1019,0,0.581262,6.048,4.27398e+06,2.70226e+06,1.32574e+07,0,0,0,3.19346e+08,74.829,79.791,2.03133,0,0,1.4745,1.4745,0,1.13913,2.96352,8.8822e+06,3.61194e+06,1.30968e+07,0,0,0,8.67616e+07
76.2189,110.355,1.61827,0,0.02,3.17447,3.17447,0,0.581296,6.048,4.27398e+06,2.70226e+06,1.35676e+07,0,0,0,3.19346e+08,74.5141,79.791,1.84093,0,0,1.51061,1.51061,0,1.1392,2.96352,8.8822e+06,3.61194e+06,1.34176e+07,0,0,0,8.67616e+07
74.4998,110.355,1.45166,0,0.02,3.17466,3.17466,0,0.594897,6.048,4.27398e+06,2.70226e+06,1.35684e+07,0,0,0,3.19346e+08,74.172,79.791,1.68861,0,0,1.5107,1.5107,0,1.1671,2.96352,8.8822e+06,3.61194e+06,1.34183e+07,0,0,0,8.67616e+07
72.6917,110.355,1.34038,0,0.02,3.17484,3.17484,0,0.594931,6.048,4.27398e+06,2.70226e+06,1.35692e+07,0,0,0,3.19346e+08,73.827,79.791,1.628,0,0,1.51079,1.51079,0,1.16717,2.96352,8.8822e+06,3.61194e+06,1.34191e+07,0,0,0,8.67616e+07
70.6733,110.355,1.10305,0,0.02,3.17502,3.17502,0,0.594965,6.048,4.27398e+06,2.70226e+06,1.357e+07,0,0,0,3.19346e+08,73.3648,79.791,1.62329,0,0,1.51088,1.51088,0,1.16724,2.96352,8.8822e+06,3.61194e+06,1.34199e+07,0,0,0,8.67616e+07
68.2932,110.355,0.890794,0,0.02,3.38727,3.38727,0,0.595,6.048,4.27398e+06,2.70226e+06,1.44771e+07,0,0,0,3.19346e+08,72.6277,79.791,1.43943,0,0,1.64105,1.64105,0,1.1673,2.96352,8.8822e+06,3.61194e+06,1.45761e+07,0,0,0,8.67616e+07
65.7498,110.355,0.684948,0,0.02,3.38746,3.38746,0,0.634774,6.048,4.27398e+06,2.70226e+06,1.44779e+07,0,0,0,3.19346e+08,71.9696,79.791,1.22436,0,0,1.64114,1.64114,0,1.26788,2.96352,8.8822e+06,3.61194e+06,1.4577e+07,0,0,0,8.67616e+07
63.3601,110.355,0.813555,0,0.02,3.38766,3.38766,0,0.63481,6.048,4.27398e+06,2.70226e+06,1.44788e+07,0,0,0,3.19346e+08,71.4682,79.791,1.32709,0,0,1.64124,1.64124,0,1.26795,2.96352,8.8822e+06,3.61194e+06,1.45778e+07,0,0,0,8.67616e+07
61.5253,110.355,1.38918,0,0.02,3.38785,3.38785,0,0.634847,6.048,4.27398e+06,2.70226e+06,1.44796e+07,0,0,0,3.19346e+08,71.0081,79.791,1.57787,0,0,1.64133,1.64133,0,1.26802,2.96352,8.8822e+06,3.61194e+06,1.45787e+07,0,0,0,8.67616e+07
59.8202,110.355,1.5072,0,0.02,3.38805,3.38805,0,0.634884,6.048,4.27398e+06,2.70226e+06,1.44804e+07,0,0,0,3.19346e+08,70.7648,79.791,1.63101,0,0,1.64143,1.64143,0,1.2681,2.96352,8.8822e+06,3.61194e+06,1.45795e+07,0,0,0,8.67616e+07
58.9039,110.355,2.20259,0,0.02,3.28487,3.28487,0,0.63492,6.048,4.27398e+06,2.70226e+06,1.40394e+07,0,0,0,3.19346e+08,70.8549,79.791,2.2581,0,0,1.56254,1.56254,0,1.26817,2.96352,8.8822e+06,3.61194e+06,1.38788e+07,0,0,0,8.67616e+07
57.6438,110.355,1.83995,0,0.02,3.28506,3.28506,0,0.615584,6.048,4.27398e+06,2.70226e+06,1.40403e+07,0,0,0,3.19346e+08,71.2595,79.791,3.63967,0,0,1.56263,1.56263,0,1.20722,2.96352,8.8822e+06,3.61194e+06,1.38796e+07,0,0,0,8.67616e+07
56.134,110.355,1.57339,0,0.02,3.28525,3.28525,0,0.615619,6.048,4.27398e+06,2.70226e+06,1.40411e+07,0,0,0,3.19346e+08,71.1693,79.791,1.96688,0,0,1.56272,1.56272,0,1.20729,2.96352,8.8822e+06,3.61194e+06,1.38804e+07,0,0,0,8.67616e+07
54.8759,110.355,1.83479,0,0.02,3.28543,3.28543,0,0.615655,6.048,4.27398e+06,2.70226e+06,1.40419e+07,0,0,0,3.19346e+08,71.1171,79.791,2.01303,0,0,1.56281,1.56281,0,1.20736,2.96352,8.8822e+06,3.61194e+06,1.38812e+07,0,0,0,8.67616e+07
53.5142,110.355,1.75814,0,0.02,3.20075,3.20075,0,0.61569,6.048,4.27398e+06,2.70226e+06,1.36799e+07,0,0,0,3.19346e+08,71.5733,79.791,2.63591,0,0,1.491,1.491,0,1.20743,2.96352,8.8822e+06,3.61194e+06,1.32433e+07,0,0,0,8.67616e+07
52.3735,110.355,1.97373,0,0.02,3.20093,3.20093,0,0.59982,6.048,4.27398e+06,2.70226e+06,1.36807e+07,0,0,0,3.19346e+08,72.588,79.791,4.16743,0,0,1.49108,1.49108,0,1.15194,2.96352,8.8822e+06,3.61194e+06,1.32441e+07,0,0,0,8.67616e+07
50.6324,110.355,1.30458,0,0.02,3.20112,3.20112,0,0.599855,6.048,4.27398e+06,2.70226e+06,1.36815e+07,0,0,0,3.19346e+08,73.5464,79.791,4.11889,0,0,1.49117,1.49117,0,1.15201,2.96352,8.8822e+06,3.61194e+06,1.32448e+07,0,0,0,8.67616e+07
49.4527,110.355,1.94887,0,0.02,3.2013,3.2013,0,0.59989,6.048,4.27398e+06,2.70226e+06,1.36823e+07,0,0,0,3.19346e+08,74.1728,79.791,3.40683,0,0,1.49125,1.49125,0,1.15208,2.96352,8.8822e+06,3.61194e+06,1.32456e+07,0,0,0,8.67616e+07
50.5984,110.355,4.2303,0,0.02,2.96038,2.96038,0,0.599924,6.048,4.27398e+06,2.70226e+06,1.26526e+07,0,0,0,3.19346e+08,75.6001,79.791,5.42295,0,0,1.34154,1.34154,0,1.15214,2.96352,8.8822e+06,3.61194e+06,1.19158e+07,0,0,0,8.67616e+07
50.5029,110.355,2.83598,0,0.02,2.96055,2.96055,0,0.554775,6.048,4.27398e+06,2.70226e+06,1.26533e+07,0,0,0,3.19346e+08,76.7549,79.791,4.20988,0,0,1.34162,1.34162,0,1.03647,2.96352,8.8822e+06,3.61194e+06,1.19165e+07,0,0,0,8.67616e+07
51.2035,110.355,3.76363,0,0.02,2.96072,2.96072,0,0.554807,6.048,4.27398e+06,2.70226e+06,1.26541e+07,0,0,0,3.19346e+08,78.4172,79.791,4.83672,0,0,1.34169,1.34169,0,1.03653,2.96352,8.8822e+06,3.61194e+06,1.19172e+07,0,0,0,8.67616e+07
52.1367,110.355,3.96102,0,0.02,2.96089,2.96089,0,0.554839,6.048,4.27398e+06,2.70226e+06,1.26548e+07,0,0,0,3.19346e+08,80.3748,79.791,5.48657,0,0,1.34177,1.34177,0,1.03659,2.96352,8.8822e+06,3.61194e+06,1.19179e+07,0,0,0,8.67616e+07
54.2047,110.355,5.39643,0,0.02,2.96106,2.96106,0,0.554871,6.048,4.27398e+06,2.70226e+06,1.26555e+07,0,0,0,3.19346e+08,80.8192,79.791,8.27176,0,0,1.34185,1.34185,0,1.03665,2.96352,8.8822e+06,3.61194e+06,1.19186e+07,0,0,0,8.67616e+07
57.3757,110.355,6.39903,0,0.02,3.054,3.054,0,0.554903,6.048,4.27398e+06,2.70226e+06,1.30527e+07,0,0,0,3.19346e+08,80.8192,79.791,12.0006,0,0,1.38531,1.38531,0,1.03671,2.96352,8.8822e+06,3.61194e+06,1.23046e+07,0,0,0,8.67616e+07
61.9653,110.355,7.93082,0,0.04,3.05416,3.05416,0,0.572319,6.048,4.27398e+06,2.70226e+06,1.30534e+07,0,0,0,3.19346e+08,80.8192,79.791,9.44952,0,0,1.38539,1.38539,0,1.07029,2.96352,8.8822e+06,3.61194e+06,1.23053e+07,0,0,0,8.67616e+07
67.0768,110.355,8.77332,0,0.04,3.05431,3.05431,0,0.572349,6.048,4.27398e+06,2.70226e+06,1.30541e+07,0,0,0,3.19346e+08,80.8192,79.791,16.5949,0,0,1.38546,1.38546,0,1.07035,2.96352,8.8822e+06,3.61194e+06,1.23059e+07,0,0,0,8.67616e+07
71.0298,110.355,7.60117,0,0.04,3.05447,3.05447,0,0.572379,6.048,4.27398e+06,2.70226e+06,1.30547e+07,0,0,0,3.19346e+08,80.8192,79.791,11.5488,0,0,1.38553,1.38553,0,1.07041,2.96352,8.8822e+06,3.61194e+06,1.23066e+07,0,0,0,8.67616e+07
79.4881,110.355,12.5166,0,0.04,3.35257,3.35257,0,0.572408,6.048,4.27398e+06,2.70226e+06,1.43288e+07,0,0,0,3.19346e+08,80.8192,79.791,13.7161,0,0,1.54852,1.54852,0,1.07046,2.96352,8.8822e+06,3.61194e+06,1.37543e+07,0,0,0,8.67616e+07
95.8634,110.355,21.2868,0,0.04,3.35275,3.35275,0,0.628272,6.048,4.27398e+06,2.70226e+06,1.43296e+07,0,0,0,3.19346e+08,80.8192,79.791,23.6494,0,0,1.5486,1.5486,0,1.19639,2.96352,8.8822e+06,3.61194e+06,1.3755e+07,0,0,0,8.67616e+07
100.066,110.355,8.79855,0,0.04,3.35292,3.35292,0,0.628305,6.048,4.27398e+06,2.70226e+06,1.43303e+07,0,0,0,3.19346e+08,80.8192,79.791,12.0834,0,0,1.54868,1.54868,0,1.19645,2.96352,8.8822e+06,3.61194e+06,1.37557e+07,0,0,0,8.67616e+07
102.812,110.355,7.17778,0,0.04,3.3531,3.3531,0,0.628338,6.048,4.27398e+06,2.70226e+06,1.43311e+07,0,0,0,3.19346e+08,80.8192,79.791,12.2143,0,0,1.54876,1.54876,0,1.19651,2.96352,8.8822e+06,3.61194e+06,1.37564e+07,0,0,0,8.67616e+07
104.855,110.355,6.00405,0,0.04,2.92822,2.92822,0,0.62837,6.048,4.27398e+06,2.70226e+06,1.25152e+07,0,0,0,3.19346e+08,80.8192,79.791,12.8418,0,0,1.33016,1.33016,0,1.19657,2.96352,8.8822e+06,3.61194e+06,1.18147e+07,0,0,0,8.67616e+07
106.478,110.355,5.50586,0,0.04,2.92837,2.92837,0,0.548749,6.048,4.27398e+06,2.70226e+06,1.25158e+07,0,0,0,3.19346e+08,80.8192,79.791,7.85974,0,0,1.33023,1.33023,0,1.02768,2.96352,8.8822e+06,3.61194e+06,1.18153e+07,0,0,0,8.67616e+07
110.241,110.355,7.87215,0,0.04,2.92853,2.92853,0,0.548777,6.048,4.27398e+06,2.70226e+06,1.25165e+07,0,0,0,3.19346e+08,80.8192,79.791,12.8347,0,0,1.3303,1.3303,0,1.02773,2.96352,8.8822e+06,3.61194e+06,1.1816e+07,0,0,0,8.67616e+07
110.355,110.355,7.02523,0,0.04,2.92868,2.92868,0,0.548806,6.048,4.27398e+06,2.70226e+06,1.25171e+07,0,0,0,3.19346e+08,80.8192,79.791,13.5596,0,0,1.33037,1.33037,0,1.02779,2.96352,8.8822e+06,3.61194e+06,1.18166e+07,0,0,0,8.67616e+07
110.355,110.355,5.32422,0,0.04,2.92883,2.92883,0,0.548834,6.048,4.27398e+06,2.70226e+06,1.25178e+07,0,0,0,3.19346e+08,80.8192,79.791,8.12238,0,0,1.33044,1.33044,0,1.02784,2.96352,8.8822e+06,3.61194e+06,1.18172e+07,0,0,0,8.67616e+07
110.355,110.355,6.53872,0,0.04,3.036,3.036,0,0.548863,6.048,4.27398e+06,2.70226e+06,1.29758e+07,0,0,0,3.19346e+08,80.8192,79.791,9.55854,0,0,1.38402,1.38402,0,1.02789,2.96352,8.8822e+06,3.61194e+06,1.22931e+07,0,0,0,8.67616e+07
110.355,110.355,4.67333,0,0.04,3.03616,3.03616,0,0.568947,6.048,4.27398e+06,2.70226e+06,1.29765e+07,0,0,0,3.19346e+08,80.8192,79.791,5.98172,0,0,1.38409,1.38409,0,1.06929,2.96352,8.8822e+06,3.61194e+06,1.22937e+07,0,0,0,8.67616e+07
110.355,110.355,4.38984,0,0.04,3.03632,3.03632,0,0.568976,6.048,4.27398e+06,2.70226e+06,1.29772e+07,0,0,0,3.19346e+08,80.8192,79.791,6.34218,0,0,1.38416,1.38416,0,1.06935,2.96352,8.8822e+06,3.61194e+06,1.22944e+07,0,0,0,8.67616e+07
110.355,110.355,4.08233,0,0.04,3.03647,3.03647,0,0.569006,6.048,4.27398e+06,2.70226e+06,1.29778e+07,0,0,0,3.19346e+08,80.8192,79.791,6.54923,0,0,1.38423,1.38423,0,1.0694,2.96352,8.8822e+06,3.61194e+06,1.2295e+07,0,0,0,8.67616e+07
110.355,110.355,4.33033,0,0.04,2.99478,2.99478,0,0.569035,6.048,4.27398e+06,2.70226e+06,1.27996e+07,0,0,0,3.19346e+08,80.8192,79.791,7.25137,0,0,1.36352,1.36352,0,1.06946,2.96352,8.8822e+06,3.61194e+06,1.2111e+07,0,0,0,8.67616e+07
110.355,110.355,3.76486,0,0.04,2.99494,2.99494,0,0.561222,6.048,4.27398e+06,2.70226e+06,1.28003e+07,0,0,0,3.19346e+08,80.8192,79.791,6.80874,0,0,1.36359,1.36359,0,1.05345,2.96352,8.8822e+06,3.61194e+06,1.21116e+07,0,0,0,8.67616e+07
110.05,110.355,3.33301,0,0.04,2.99509,2.99509,0,0.561251,6.048,4.27398e+06,2.70226e+06,1.2801e+07,0,0,0,3.19346e+08,80.8192,79.791,6.01294,0,0,1.36366,1.36366,0,1.05351,2.96352,8.8822e+06,3.61194e+06,1.21123e+07,0,0,0,8.67616e+07
109.461,110.355,3.01459,0,0.04,2.99525,2.99525,0,0.56128,6.048,4.27398e+06,2.70226e+06,1.28016e+07,0,0,0,3.19346e+08,80.8192,79.791,5.44547,0,0,1.36373,1.36373,0,1.05356,2.96352,8.8822e+06,3.61194e+06,1.21129e+07,0,0,0,8.67616e+07
108.684,110.355,2.88965,0,0.04,3.1375,3.1375,0,0.561309,6.048,4.27398e+06,2.70226e+06,1.34096e+07,0,0,0,3.19346e+08,80.8192,79.791,5.22186,0,0,1.43753,1.43753,0,1.05362,2.96352,8.8822e+06,3.61194e+06,1.27685e+07,0,0,0,8.67616e+07
107.842,110.355,2.72119,0,0.04,3.13766,3.13766,0,0.587967,6.048,4.27398e+06,2.70226e+06,1.34103e+07,0,0,0,3.19346e+08,80.8192,79.791,5.08901,0,0,1.43761,1.43761,0,1.11064,2.96352,8.8822e+06,3.61194e+06,1.27691e+07,0,0,0,8.67616e+07
106.878,110.355,2.55444,0,0.04,3.13782,3.13782,0,0.587997,6.048,4.27398e+06,2.70226e+06,1.3411e+07,0,0,0,3.19346e+08,80.8192,79.791,5.15912,0,0,1.43768,1.43768,0,1.1107,2.96352,8.8822e+06,3.61194e+06,1.27698e+07,0,0,0,8.67616e+07
105.825,110.355,2.45174,0,0.04,3.13798,3.13798,0,0.588028,6.048,4.27398e+06,2.70226e+06,1.34117e+07,0,0,0,3.19346e+08,80.8192,79.791,5.01267,0,0,1.43776,1.43776,0,1.11075,2.96352,8.8822e+06,3.61194e+06,1.27704e+07,0,0,0,8.67616e+07
104.769,110.355,2.42335,0,0.04,3.13815,3.13815,0,0.588058,6.048,4.27398e+06,2.70226e+06,1.34124e+07,0,0,0,3.19346e+08,80.8192,79.791,4.57057,0,0,1.43783,1.43783,0,1.11081,2.96352,8.8822e+06,3.61194e+06,1.27711e+07,0,0,0,8.67616e+07
104.369,110.355,2.99174,0,0.04,3.1102,3.1102,0,0.588089,6.048,4.27398e+06,2.70226e+06,1.32929e+07,0,0,0,3.19346e+08,80.8192,79.791,4.27315,0,0,1.47844,1.47844,0,1.11087,2.96352,8.8822e+06,3.61194e+06,1.31318e+07,0,0,0,8.67616e+07
103.622,110.355,2.69691,0,0.04,3.11036,3.11036,0,0.582852,6.048,4.27398e+06,2.70226e+06,1.32936e+07,0,0,0,3.19346e+08,80.8192,79.791,3.98182,0,0,1.47852,1.47852,0,1.14225,2.96352,8.8822e+06,3.61194e+06,1.31325e+07,0,0,0,8.67616e+07
102.636,110.355,2.43687,0,0.04,3.11053,3.11053,0,0.582882,6.048,4.27398e+06,2.70226e+06,1.32943e+07,0,0,0,3.19346e+08,80.8192,79.791,3.74652,0,0,1.4786,1.4786,0,1.1423,2.96352,8.8822e+06,3.61194e+06,1.31332e+07,0,0,0,8.67616e+07
101.509,110.355,2.28277,0,0.04,3.11069,3.11069,0,0.582912,6.048,4.27398e+06,2.70226e+06,1.3295e+07,0,0,0,3.19346e+08,80.8192,79.791,3.59912,0,0,1.47867,1.47867,0,1.14236,2.96352,8.8822e+06,3.61194e+06,1.31339e+07,0,0,0,8.67616e+07
100.577,110.355,2.50631,0,0.04,3.18345,3.18345,0,0.582943,6.048,4.27398e+06,2.70226e+06,1.3606e+07,0,0,0,3.19346e+08,80.8192,79.791,3.30555,0,0,1.51488,1.51488,0,1.14242,2.96352,8.8822e+06,3.61194e+06,1.34555e+07,0,0,0,8.67616e+07
99.4933,110.355,2.31122,0,0.04,3.18362,3.18362,0,0.596579,6.048,4.27398e+06,2.70226e+06,1.36067e+07,0,0,0,3.19346e+08,80.7961,79.791,3.06838,0,0,1.51496,1.51496,0,1.1704,2.96352,8.8822e+06,3.61194e+06,1.34562e+07,0,0,0,8.67616e+07
98.2502,110.355,2.14132,0,0.04,3.18378,3.18378,0,0.596609,6.048,4.27398e+06,2.70226e+06,1.36074e+07,0,0,0,3.19346e+08,80.7227,79.791,2.7275,0,0,1.51504,1.51504,0,1.17046,2.96352,8.8822e+06,3.61194e+06,1.34569e+07,0,0,0,8.67616e+07
97.066,110.355,2.18008,0,0.04,3.18395,3.18395,0,0.59664,6.048,4.27398e+06,2.70226e+06,1.36081e+07,0,0,0,3.19346e+08,80.7179,79.791,3.09423,0,0,1.51512,1.51512,0,1.17052,2.96352,8.8822e+06,3.61194e+06,1.34576e+07,0,0,0,8.67616e+07
95.7128,110.355,2.18856,0,0.04,3.39676,3.39676,0,0.596671,6.048,4.27398e+06,2.70226e+06,1.45177e+07,0,0,0,3.19346e+08,80.6562,79.791,3.29724,0,0,1.64565,1.64565,0,1.17058,2.96352,8.8822e+06,3.61194e+06,1.4617e+07,0,0,0,8.67616e+07
93.8678,110.355,1.71471,0,0.04,3.39694,3.39694,0,0.636554,6.048,4.27398e+06,2.70226e+06,1.45185e+07,0,0,0,3.19346e+08,80.4928,79.791,3.07492,0,0,1.64574,1.64574,0,1.27143,2.96352,8.8822e+06,3.61194e+06,1.46178e+07,0,0,0,8.67616e+07
91.9478,110.355,1.61602,0,0.04,3.39712,3.39712,0,0.636587,6.048,4.27398e+06,2.70226e+06,1.45192e+07,0,0,0,3.19346e+08,80.2794,79.791,2.87871,0,0,1.64582,1.64582,0,1.2715,2.96352,8.8822e+06,3.61194e+06,1.46185e+07,0,0,0,8.67616e+07
90.6131,110.355,2.19751,0,0.04,3.39729,3.39729,0,0.63662,6.048,4.27398e+06,2.70226e+06,1.452e+07,0,0,0,3.19346e+08,80.129,79.791,3.24826,0,0,1.64591,1.64591,0,1.27156,2.96352,8.8822e+06,3.61194e+06,1.46193e+07,0,0,0,8.67616e+07
90.1944,110.355,3.22468,0,0.04,3.39747,3.39747,0,0.636653,6.048,4.27398e+06,2.70226e+06,1.45207e+07,0,0,0,3.19346e+08,80.1995,79.791,3.78497,0,0,1.64599,1.64599,0,1.27163,2.96352,8.8822e+06,3.61194e+06,1.462e+07,0,0,0,8.67616e+07
89.2203,110.355,2.54723,0,0.04,3.29398,3.29398,0,0.636686,6.048,4.27398e+06,2.70226e+06,1.40784e+07,0,0,0,3.19346e+08,80.055,79.791,3.60765,0,0,1.56688,1.56688,0,1.27169,2.96352,8.8822e+06,3.61194e+06,1.39173e+07,0,0,0,8.67616e+07
89.2713,110.355,3.5452,0,0.04,3.29415,3.29415,0,0.617292,6.048,4.27398e+06,2.70226e+06,1.40791e+07,0,0,0,3.19346e+08,80.1289,79.791,5.95635,0,0,1.56696,1.56696,0,1.21057,2.96352,8.8822e+06,3.61194e+06,1.39181e+07,0,0,0,8.67616e+07
87.7768,110.355,2.03357,0,0.04,3.29432,3.29432,0,0.617324,6.048,4.27398e+06,2.70226e+06,1.40799e+07,0,0,0,3.19346e+08,79.9329,79.791,4.04415,0,0,1.56704,1.56704,0,1.21063,2.96352,8.8822e+06,3.61194e+06,1.39188e+07,0,0,0,8.67616e+07
86.1577,110.355,1.83368,0,0.04,3.29449,3.29449,0,0.617356,6.048,4.27398e+06,2.70226e+06,1.40806e+07,0,0,0,3.19346e+08,79.745,79.791,3.22871,0,0,1.56712,1.56712,0,1.2107,2.96352,8.8822e+06,3.61194e+06,1.39195e+07,0,0,0,8.67616e+07
84.5067,110.355,1.8928,0,0.04,3.20956,3.20956,0,0.617388,6.048,4.27398e+06,2.70226e+06,1.37176e+07,0,0,0,3.19346e+08,79.8087,79.791,3.87593,0,0,1.4951,1.4951,0,1.21076,2.96352,8.8822e+06,3.61194e+06,1.32798e+07,0,0,0,8.67616e+07
84.2725,110.355,3.28719,0,0.04,3.20972,3.20972,0,0.601471,6.048,4.27398e+06,2.70226e+06,1.37183e+07,0,0,0,3.19346e+08,79.9648,79.791,3.68946,0,0,1.49518,1.49518,0,1.15511,2.96352,8.8822e+06,3.61194e+06,1.32804e+07,0,0,0,8.67616e+07
87.1958,110.355,6.55063,0,0.04,3.20989,3.20989,0,0.601502,6.048,4.27398e+06,2.70226e+06,1.3719e+07,0,0,0,3.19346e+08,80.8192,79.791,8.6655,0,0,1.49525,1.49525,0,1.15517,2.96352,8.8822e+06,3.61194e+06,1.32811e+07,0,0,0,8.67616e+07
87.5665,110.355,4.01125,0,0.04,3.21006,3.21006,0,0.601533,6.048,4.27398e+06,2.70226e+06,1.37197e+07,0,0,0,3.19346e+08,80.8192,79.791,7.80675,0,0,1.49533,1.49533,0,1.15523,2.96352,8.8822e+06,3.61194e+06,1.32818e+07,0,0,0,8.67616e+07
91.516,110.355,7.59417,0,0.04,2.96846,2.96846,0,0.601565,6.048,4.27398e+06,2.70226e+06,1.26871e+07,0,0,0,3.19346e+08,80.8192,79.791,5.35858,0,0,1.3452,1.3452,0,1.15529,2.96352,8.8822e+06,3.61194e+06,1.19483e+07,0,0,0,8.67616e+07
96.9442,110.355,9.15508,0,0.04,2.96861,2.96861,0,0.556289,6.048,4.27398e+06,2.70226e+06,1.26878e+07,0,0,0,3.19346e+08,80.8192,79.791,5.1479,0,0,1.34527,1.34527,0,1.0393,2.96352,8.8822e+06,3.61194e+06,1.1949e+07,0,0,0,8.67616e+07
100.499,110.355,7.27102,0,0.04,2.96877,2.96877,0,0.556318,6.048,4.27398e+06,2.70226e+06,1.26884e+07,0,0,0,3.19346e+08,80.8192,79.791,7.02289,0,0,1.34534,1.34534,0,1.03936,2.96352,8.8822e+06,3.61194e+06,1.19496e+07,0,0,0,8.67616e+07
104.273,110.355,7.52025,0,0.04,2.96892,2.96892,0,0.556347,6.048,4.27398e+06,2.70226e+06,1.26891e+07,0,0,0,3.19346e+08,80.8192,79.791,9.90581,0,0,1.34541,1.34541,0,1.03941,2.96352,8.8822e+06,3.61194e+06,1.19502e+07,0,0,0,8.67616e+07
108.742,110.355,8.24405,0,0.04,2.96907,2.96907,0,0.556376,6.048,4.27398e+06,2.70226e+06,1.26898e+07,0,0,0,3.19346e+08,80.8192,79.791,7.36634,0,0,1.34548,1.34548,0,1.03946,2.96352,8.8822e+06,3.61194e+06,1.19508e+07,0,0,0,8.67616e+07
110.355,110.355,8.50847,0,0.04,3.06224,3.06224,0,0.556404,6.048,4.27398e+06,2.70226e+06,1.30879e+07,0,0,0,3.19346e+08,80.8192,79.791,5.32661,0,0,1.38905,1.38905,0,1.03952,2.96352,8.8822e+06,3.61194e+06,1.23379e+07,0,0,0,8.67616e+07
110.355,110.355,9.58965,0,0.04,3.06238,3.06238,0,0.573864,6.048,4.27398e+06,2.70226e+06,1.30886e+07,0,0,0,3.19346e+08,80.8192,79.791,9.03562,0,0,1.38912,1.38912,0,1.07318,2.96352,8.8822e+06,3.61194e+06,1.23384e+07,0,0,0,8.67616e+07
110.355,110.355,8.30782,0,0.04,3.06252,3.06252,0,0.57389,6.048,4.27398e+06,2.70226e+06,1.30892e+07,0,0,0,3.19346e+08,80.8192,79.791,6.24454,0,0,1.38918,1.38918,0,1.07323,2.96352,8.8822e+06,3.61194e+06,1.2339e+07,0,0,0,8.67616e+07
110.355,110.355,8.49654,0,0.04,3.06266,3.06266,0,0.573917,6.048,4.27398e+06,2.70226e+06,1.30898e+07,0,0,0,3.19346e+08,80.8192,79.791,4.34405,0,0,1.38925,1.38925,0,1.07328,2.96352,8.8822e+06,3.61194e+06,1.23396e+07,0,0,0,8.67616e+07
110.355,110.355,8.94256,0.06,0.04,2.3168,3.36155,0,0.573943,6.048,4.27398e+06,2.70226e+06,9.90195e+06,0,0,0,3.19346e+08,80.8192,79.791,7.32188,0,0,2.59741,1.55266,0,1.07333,2.96352,8.8822e+06,3.61194e+06,2.30707e+07,0,0,0,8.67616e+07
110.355,110.355,8.31653,0.08,0.04,2.48037,3.3617,0,0.434168,6.048,4.27398e+06,2.70226e+06,1.06011e+07,0,0,0,3.19346e+08,80.8192,79.791,5.97385,0,0,2.43406,1.55274,0,2.00676,2.96352,8.8822e+06,3.61194e+06,2.16198e+07,0,0,0,8.67616e+07
110.355,110.355,6.73502,0.08,0.04,2.4806,3.36186,0,0.464822,6.048,4.27398e+06,2.70226e+06,1.0602e+07,0,0,0,3.19346e+08,80.8192,79.791,4.26045,0,0,2.43406,1.55281,0,1.88056,2.96352,8.8822e+06,3.61194e+06,2.16198e+07,0,0,0,8.67616e+07
110.355,110.355,5.96773,0.08,0.04,2.48083,3.36201,0,0.464864,6.048,4.27398e+06,2.70226e+06,1.0603e+07,0,0,0,3.19346e+08,80.8192,79.791,4.30726,0,0,2.43406,1.55288,0,1.88056,2.96352,8.8822e+06,3.61194e+06,2.16198e+07,0,0,0,8.67616e+07
110.355,110.355,6.94024,0.08,0.04,2.05488,2.93599,0,0.464907,6.048,4.27398e+06,2.70226e+06,8.7825e+06,0,0,0,3.19346e+08,80.8192,79.791,5.39013,0,0,2.2148,1.33369,0,1.88056,2.96352,8.8822e+06,3.61194e+06,1.96723e+07,0,0,0,8.67616e+07
110.355,110.355,4.40999,0.09,0.04,1.83582,2.93613,0,0.385084,6.048,4.27398e+06,2.70226e+06,7.84626e+06,0,0,0,3.19346e+08,80.7681,79.791,3.49145,0,0,2.43405,1.33375,0,1.71116,2.96352,8.8822e+06,3.61194e+06,2.16197e+07,0,0,0,8.67616e+07
110.355,110.355,4.28762,0.1,0.04,1.83602,2.93626,0,0.344033,6.048,4.27398e+06,2.70226e+06,7.8471e+06,0,0,0,3.19346e+08,80.7193,79.791,3.60971,0,0,2.43405,1.33381,0,1.88055,2.96352,8.8822e+06,3.61194e+06,2.16197e+07,0,0,0,8.67616e+07
110.355,110.355,9.7452,0.13,0.04,1.83622,2.9364,0,0.34407,6.048,4.27398e+06,2.70226e+06,7.84794e+06,0,0,0,3.19346e+08,80.8192,79.791,6.51842,0,0,2.43405,1.33387,0,1.88055,2.96352,8.8822e+06,3.61194e+06,2.16197e+07,0,0,0,8.67616e+07
110.355,110.355,12.9634,0.13,0.04,1.83641,2.93653,0,0.344107,6.048,4.27398e+06,2.70226e+06,7.84878e+06,0,0,0,3.19346e+08,80.8192,79.791,9.5161,0,0,2.43405,1.33393,0,1.88055,2.96352,8.8822e+06,3.61194e+06,2.16197e+07,0,0,0,8.67616e+07
110.355,110.355,8.64201,0.13,0.04,1.94391,3.04397,0,0.344144,6.048,4.27398e+06,2.70226e+06,8.30822e+06,0,0,0,3.19346e+08,80.8192,79.791,8.46407,0,0,2.48771,1.38765,0,1.88055,2.96352,8.8822e+06,3.61194e+06,2.20963e+07,0,0,0,8.67616e+07
110.355,110.355,8.5022,0.13,0.04,1.99776,3.04411,0,0.364289,6.048,4.27398e+06,2.70226e+06,8.53839e+06,0,0,0,3.19346e+08,80.8192,79.791,5.84587,0,0,2.43406,1.38771,0,1.922,2.96352,8.8822e+06,3.61194e+06,2.16198e+07,0,0,0,8.67616e+07
110.355,110.355,5.185,0.13,0.04,1.99797,3.04425,0,0.374381,6.048,4.27398e+06,2.70226e+06,8.53927e+06,0,0,0,3.19346e+08,80.8192,79.791,4.08866,0,0,2.43406,1.38778,0,1.88055,2.96352,8.8822e+06,3.61194e+06,2.16198e+07,0,0,0,8.67616e+07
110.355,110.355,4.34305,0.13,0.04,1.99817,3.04439,0,0.374419,6.048,4.27398e+06,2.70226e+06,8.54014e+06,0,0,0,3.19346e+08,80.8192,79.791,3.78552,0,0,2.43406,1.38784,0,1.88055,2.96352,8.8822e+06,3.61194e+06,2.16198e+07,0,0,0,8.67616e+07
110.355,110.355,5.09891,0.11,0.04,1.95642,3.00257,0,0.374457,6.048,4.27398e+06,2.70226e+06,8.36168e+06,0,0,0,3.19346e+08,80.8192,79.791,3.98372,0,0,2.41321,1.36706,0,1.88055,2.96352,8.8822e+06,3.61194e+06,2.14346e+07,0,0,0,8.67616e+07
110.355,110.355,5.34125,0.1,0.04,1.93578,3.00271,0,0.366632,6.048,4.27398e+06,2.70226e+06,8.27346e+06,0,0,0,3.19346e+08,80.8192,79.791,3.91747,0,0,2.43406,1.36713,0,1.86445,2.96352,8.8822e+06,3.61194e+06,2.16198e+07,0,0,0,8.67616e+07
110.355,110.355,4.93679,0.09,0.04,1.93598,3.00284,0,0.362764,6.048,4.27398e+06,2.70226e+06,8.27433e+06,0,0,0,3.19346e+08,80.8192,79.791,4.25859,0,0,2.43406,1.36719,0,1.88055,2.96352,8.8822e+06,3.61194e+06,2.16198e+07,0,0,0,8.67616e+07
110.355,110.355,4.66829,0.06,0.04,1.93618,3.00298,0,0.362802,6.048,4.27398e+06,2.70226e+06,8.27519e+06,0,0,0,3.19346e+08,80.8192,79.791,4.48173,0,0,2.43406,1.36725,0,1.88055,2.96352,8.8822e+06,3.61194e+06,2.16198e+07,0,0,0,8.67616e+07
110.355,110.355,4.48544,0.07,0.04,2.07884,3.14558,0,0.36284,6.048,4.27398e+06,2.70226e+06,8.88492e+06,0,0,0,3.19346e+08,80.8192,79.791,3.72558,0,0,2.50798,1.44124,0,1.88055,2.96352,8.8822e+06,3.61194e+06,2.22764e+07,0,0,0,8.67616e+07
110.355,110.355,3.88972,0.06,0.04,2.15297,3.14573,0,0.389575,6.048,4.27398e+06,2.70226e+06,9.20176e+06,0,0,0,3.19346e+08,80.8192,79.791,3.33854,0,0,2.43406,1.44131,0,1.93766,2.96352,8.8822e+06,3.61194e+06,2.16198e+07,0,0,0,8.67616e+07
110.355,110.355,3.57211,0.06,0.04,2.15318,3.14587,0,0.403467,6.048,4.27398e+06,2.70226e+06,9.20266e+06,0,0,0,3.19346e+08,80.8192,79.791,2.96182,0,0,2.43406,1.44137,0,1.88055,2.96352,8.8822e+06,3.61194e+06,2.16198e+07,0,0,0,8.67616e+07
110.355,110.355,3.42469,0.06,0.04,2.1534,3.14602,0,0.403507,6.048,4.27398e+06,2.70226e+06,9.20357e+06,0,0,0,3.19346e+08,80.8168,79.791,2.95036,0,0,2.43406,1.44144,0,1.88055,2.96352,8.8822e+06,3.61194e+06,2.16198e+07,0,0,0,8.67616e+07
110.355,110.355,3.25163,0.06,0.04,2.15361,3.14616,0,0.403546,6.048,4.27398e+06,2.70226e+06,9.20447e+06,0,0,0,3.19346e+08,80.801,79.791,3.0723,0,0,2.43406,1.4415,0,1.88055,2.96352,8.8822e+06,3.61194e+06,2.16198e+07,0,0,0,8.67616e+07
110.355,110.355,3.51265,0.06,0.04,2.12564,3.11813,0,0.403586,6.048,4.27398e+06,2.70226e+06,9.08494e+06,0,0,0,3.19346e+08,80.6639,79.791,2.71151,0,0,2.4747,1.48221,0,1.88055,2.96352,8.8822e+06,3.61194e+06,2.19808e+07,0,0,0,8.67616e+07
110.355,110.355,3.20715,0.06,0.04,2.16649,3.11827,0,0.398345,6.048,4.27398e+06,2.70226e+06,9.25953e+06,0,0,0,3.19346e+08,80.5044,79.791,2.61086,0,0,2.43406,1.48228,0,1.91195,2.96352,8.8822e+06,3.61194e+06,2.16198e+07,0,0,0,8.67616e+07
110.355,110.355,3.04132,0.06,0.04,2.1667,3.11842,0,0.406,6.048,4.27398e+06,2.70226e+06,9.26044e+06,0,0,0,3.19346e+08,80.283,79.791,2.35289,0,0,2.43406,1.48235,0,1.88056,2.96352,8.8822e+06,3.61194e+06,2.16198e+07,0,0,0,8.67616e+07
110.355,110.355,2.93245,0.06,0.04,2.16691,3.11856,0,0.40604,6.048,4.27398e+06,2.70226e+06,9.26134e+06,0,0,0,3.19346e+08,79.8836,79.791,2.25153,0,0,2.43406,1.48242,0,1.88055,2.96352,8.8822e+06,3.61194e+06,2.16198e+07,0,0,0,8.67616e+07
110.355,110.355,2.71495,0.06,0.04,2.23991,3.19149,0,0.40608,6.048,4.27398e+06,2.70226e+06,9.57333e+06,0,0,0,3.19346e+08,79.5146,79.791,1.94862,0,0,2.47029,1.51871,0,1.88056,2.96352,8.8822e+06,3.61194e+06,2.19416e+07,0,0,0,8.67616e+07
110.355,110.355,3.04438,0.06,0.04,2.27635,3.19163,0,0.419759,6.048,4.27398e+06,2.70226e+06,9.72908e+06,0,0,0,3.19346e+08,79.2908,79.791,2.26112,0,0,2.43406,1.51878,0,1.90854,2.96352,8.8822e+06,3.61194e+06,2.16198e+07,0,0,0,8.67616e+07
110.355,110.355,2.7852,0.06,0.04,2.27657,3.19178,0,0.426588,6.048,4.27398e+06,2.70226e+06,9.73001e+06,0,0,0,3.19346e+08,78.8662,79.791,2.21407,0,0,2.43406,1.51885,0,1.88056,2.96352,8.8822e+06,3.61194e+06,2.16198e+07,0,0,0,8.67616e+07
110.254,110.355,2.55528,0.06,0.04,2.27679,3.19193,0,0.426629,6.048,4.27398e+06,2.70226e+06,9.73094e+06,0,0,0,3.19346e+08,78.4748,79.791,1.9444,0,0,2.43406,1.51892,0,1.88056,2.96352,8.8822e+06,3.61194e+06,2.16198e+07,0,0,0,8.67616e+07
110.239,110.355,2.80967,0.06,0.04,2.49019,3.40526,0,0.42667,6.048,4.27398e+06,2.70226e+06,1.0643e+07,0,0,0,3.19346e+08,77.9208,79.791,2.40374,0,0,2.56484,1.64977,0,1.88056,2.96352,8.8822e+06,3.61194e+06,2.27814e+07,0,0,0,8.67616e+07
109.496,110.355,2.17672,0.06,0.04,2.6212,3.40542,0,0.466662,6.048,4.27398e+06,2.70226e+06,1.12029e+07,0,0,0,3.19346e+08,77.1885,79.791,1.63673,0,0,2.43407,1.64984,0,1.9816,2.96352,8.8822e+06,3.61194e+06,2.16199e+07,0,0,0,8.67616e+07
108.799,110.355,2.20348,0.06,0.04,2.62143,3.40558,0,0.491212,6.048,4.27398e+06,2.70226e+06,1.12039e+07,0,0,0,3.19346e+08,76.7552,79.791,1.77355,0,0,2.43407,1.64992,0,1.88056,2.96352,8.8822e+06,3.61194e+06,2.16199e+07,0,0,0,8.67616e+07
108.12,110.355,2.22391,0.06,0.04,2.62166,3.40573,0,0.491256,6.048,4.27398e+06,2.70226e+06,1.12049e+07,0,0,0,3.19346e+08,76.1363,79.791,2.07193,0,0,2.43407,1.65,0,1.88056,2.96352,8.8822e+06,3.61194e+06,2.16199e+07,0,0,0,8.67616e+07
107.332,110.355,2.085,0.06,0.04,2.6219,3.40589,0,0.491299,6.048,4.27398e+06,2.70226e+06,1.12059e+07,0,0,0,3.19346e+08,75.536,79.791,1.76158,0,0,2.43407,1.65007,0,1.88056,2.96352,8.8822e+06,3.61194e+06,2.16199e+07,0,0,0,8.67616e+07
106.722,110.355,2.17357,0.06,0.04,2.51821,3.30212,0,0.491343,6.048,4.27398e+06,2.70226e+06,1.07628e+07,0,0,0,3.19346e+08,75.2663,79.791,1.92015,0,0,2.35467,1.57075,0,1.88056,2.96352,8.8822e+06,3.61194e+06,2.09147e+07,0,0,0,8.67616e+07
106.009,110.355,2.03095,0.07,0.04,2.43904,3.30228,0,0.471912,6.048,4.27398e+06,2.70226e+06,1.04244e+07,0,0,0,3.19346e+08,74.494,79.791,2.06858,0,0,2.43406,1.57083,0,1.81922,2.96352,8.8822e+06,3.61194e+06,2.16198e+07,0,0,0,8.67616e+07
104.542,110.355,1.22296,0.07,0.04,2.43926,3.30243,0,0.457076,6.048,4.27398e+06,2.70226e+06,1.04254e+07,0,0,0,3.19346e+08,73.6165,79.791,1.28907,0,0,2.43406,1.5709,0,1.88056,2.96352,8.8822e+06,3.61194e+06,2.16198e+07,0,0,0,8.67616e+07
103.43,110.355,1.65103,0.06,0.04,2.43949,3.30258,0,0.457118,6.048,4.27398e+06,2.70226e+06,1.04263e+07,0,0,0,3.19346e+08,73.3238,79.791,1.60783,0,0,2.43406,1.57097,0,1.88056,2.96352,8.8822e+06,3.61194e+06,2.16198e+07,0,0,0,8.67616e+07
103.841,110.355,3.25885,0.07,0.04,2.3544,3.21742,0,0.45716,6.048,4.27398e+06,2.70226e+06,1.00626e+07,0,0,0,3.19346e+08,73.3707,79.791,3.27308,0,0,2.36178,1.49876,0,1.88056,2.96352,8.8822e+06,3.61194e+06,2.09778e+07,0,0,0,8.67616e+07
102.117,110.355,1.15044,0.08,0.04,2.28233,3.21757,0,0.441214,6.048,4.27398e+06,2.70226e+06,9.75464e+06,0,0,0,3.19346e+08,73.1083,79.791,1.92904,0,0,2.43406,1.49883,0,1.82471,2.96352,8.8822e+06,3.61194e+06,2.16198e+07,0,0,0,8.67616e+07
101.392,110.355,2.19701,0.08,0.04,2.28255,3.21771,0,0.427709,6.048,4.27398e+06,2.70226e+06,9.75557e+06,0,0,0,3.19346e+08,73.2708,79.791,2.73585,0,0,2.43406,1.4989,0,1.88056,2.96352,8.8822e+06,3.61194e+06,2.16198e+07,0,0,0,8.67616e+07
101.024,110.355,2.5649,0.14,0.04,2.28277,3.21786,0,0.42775,6.048,4.27398e+06,2.70226e+06,9.7565e+06,0,0,0,3.19346e+08,74.0815,79.791,4.71444,0,0,2.43406,1.49897,0,1.88056,2.96352,8.8822e+06,3.61194e+06,2.16198e+07,0,0,0,8.67616e+07
100.304,110.355,2.0009,0.14,0.04,2.04063,2.97566,0,0.427791,6.048,4.27398e+06,2.70226e+06,8.72162e+06,0,0,0,3.19346e+08,74.3984,79.791,3.60923,0,0,2.28349,1.34846,0,1.88056,2.96352,8.8822e+06,3.61194e+06,2.02824e+07,0,0,0,8.67616e+07
101.632,110.355,4.0103,0.14,0.04,1.89027,2.9758,0,0.382415,6.048,4.27398e+06,2.70226e+06,8.07896e+06,0,0,0,3.19346e+08,75.8195,79.791,6.41821,0,0,2.43405,1.34853,0,1.76422,2.96352,8.8822e+06,3.61194e+06,2.16197e+07,0,0,0,8.67616e+07
102.929,110.355,4.04868,0.1,0.04,1.89047,2.97593,0,0.354236,6.048,4.27398e+06,2.70226e+06,8.07981e+06,0,0,0,3.19346e+08,76.9963,79.791,5.35547,0,0,2.43405,1.34859,0,1.88055,2.96352,8.8822e+06,3.61194e+06,2.16197e+07,0,0,0,8.67616e+07
104.281,110.355,4.09265,0.12,0.04,1.89067,2.97607,0,0.354273,6.048,4.27398e+06,2.70226e+06,8.08066e+06,0,0,0,3.19346e+08,78.1552,79.791,5.27617,0,0,2.43405,1.34865,0,1.88055,2.96352,8.8822e+06,3.61194e+06,2.16197e+07,0,0,0,8.67616e+07
105.943,110.355,4.38598,0.14,0.04,1.89087,2.97621,0,0.354311,6.048,4.27398e+06,2.70226e+06,8.08151e+06,0,0,0,3.19346e+08,79.5223,79.791,5.31216,0,0,2.43405,1.34871,0,1.88055,2.96352,8.8822e+06,3.61194e+06,2.16197e+07,0,0,0,8.67616e+07
106.592,110.355,3.38076,0.14,0.04,1.89093,2.97621,0,0.354348,6.048,4.27398e+06,2.70226e+06,8.08178e+06,0,0,0,3.19346e+08,79.9907,79.791,3.54362,0,0,2.43399,1.34871,0,1.88055,2.96352,8.8822e+06,3.61194e+06,2.16192e+07,0,0,0,8.67616e+07
107.554,110.355,3.80316,0.14,0.04,1.9843,3.06958,0,0.35436,6.048,4.27398e+06,2.70226e+06,8.48086e+06,0,0,0,3.19346e+08,80.1699,79.791,2.82006,0,0,2.47766,1.39238,0,1.8805,2.96352,8.8822e+06,3.61194e+06,2.20071e+07,0,0,0,8.67616e+07
107.57,110.355,2.8373,0.1,0.04,2.0281,3.0697,0,0.371858,6.048,4.27398e+06,2.70226e+06,8.66803e+06,0,0,0,3.19346e+08,80.2413,79.791,3.12966,0,0,2.43405,1.39244,0,1.91424,2.96352,8.8822e+06,3.61194e+06,2.16197e+07,0,0,0,8.67616e+07
106.841,110.355,2.03283,0.1,0.04,2.02828,3.06983,0,0.380065,6.048,4.27398e+06,2.70226e+06,8.6688e+06,0,0,0,3.19346e+08,80.0579,79.791,2.35443,0,0,2.43405,1.3925,0,1.88055,2.96352,8.8822e+06,3.61194e+06,2.16197e+07,0,0,0,8.67616e+07
107.124,110.355,3.23905,0.13,0.04,2.02846,3.06995,0,0.380099,6.048,4.27398e+06,2.70226e+06,8.66957e+06,0,0,0,3.19346e+08,79.9613,79.791,2.3651,0,0,2.43405,1.39255,0,1.88055,2.96352,8.8822e+06,3.61194e+06,2.16197e+07,0,0,0,8.67616e+07
110.355,110.355,6.77836,0.11,0.04,2.32808,3.36952,0,0.380133,6.048,4.27398e+06,2.70226e+06,9.95018e+06,0,0,0,3.19346e+08,80.4207,79.791,4.39921,0,0,2.59779,1.55635,0,1.88055,2.96352,8.8822e+06,3.61194e+06,2.30741e+07,0,0,0,8.67616e+07
110.355,110.355,5.67791,0.08,0.04,2.49202,3.36966,0,0.436283,6.048,4.27398e+06,2.70226e+06,1.06508e+07,0,0,0,3.19346e+08,80.6252,79.791,3.90421,0,0,2.43405,1.55641,0,2.00705,2.96352,8.8822e+06,3.61194e+06,2.16198e+07,0,0,0,8.67616e+07
110.355,110.355,4.64642,0.08,0.04,2.49222,3.3698,0,0.467004,6.048,4.27398e+06,2.70226e+06,1.06517e+07,0,0,0,3.19346e+08,80.6006,79.791,3.11246,0,0,2.43405,1.55647,0,1.88055,2.96352,8.8822e+06,3.61194e+06,2.16198e+07,0,0,0,8.67616e+07
110.355,110.355,6.06468,0.08,0.04,2.49242,3.36993,0,0.467041,6.048,4.27398e+06,2.70226e+06,1.06525e+07,0,0,0,3.19346e+08,80.7507,79.791,3.86976,0,0,2.43405,1.55654,0,1.88055,2.96352,8.8822e+06,3.61194e+06,2.16198e+07,0,0,0,8.67616e+07
110.355,110.355,8.15922,0.09,0.04,2.06544,2.94289,0,0.467079,6.048,4.27398e+06,2.70226e+06,8.82763e+06,0,0,0,3.19346e+08,80.8192,79.791,7.9076,0,0,2.21428,1.33682,0,1.88055,2.96352,8.8822e+06,3.61194e+06,1.96676e+07,0,0,0,8.67616e+07
110.355,110.355,8.2569,0.12,0.04,1.84584,2.94301,0,0.387063,6.048,4.27398e+06,2.70226e+06,7.88908e+06,0,0,0,3.19346e+08,80.8192,79.791,6.9049,0,0,2.43405,1.33688,0,1.71075,2.96352,8.8822e+06,3.61194e+06,2.16197e+07,0,0,0,8.67616e+07
110.355,110.355,14.2636,0.14,0.04,1.84601,2.94313,0,0.345911,6.048,4.27398e+06,2.70226e+06,7.88982e+06,0,0,0,3.19346e+08,80.8192,79.791,11.405,0,0,2.43405,1.33693,0,1.88054,2.96352,8.8822e+06,3.61194e+06,2.16197e+07,0,0,0,8.67616e+07
110.355,110.355,10.6354,0.14,0.04,1.84619,2.94325,0,0.345943,6.048,4.27398e+06,2.70226e+06,7.89056e+06,0,0,0,3.19346e+08,80.8192,79.791,7.8901,0,0,2.43405,1.33698,0,1.88054,2.96352,8.8822e+06,3.61194e+06,2.16197e+07,0,0,0,8.67616e+07
110.355,110.355,10.2313,0.14,0.04,1.84636,2.94337,0,0.345975,6.048,4.27398e+06,2.70226e+06,7.8913e+06,0,0,0,3.19346e+08,80.8192,79.791,11.7299,0,0,2.43405,1.33704,0,1.88054,2.96352,8.8822e+06,3.61194e+06,2.16197e+07,0,0,0,8.67616e+07
110.355,110.355,8.96954,0.13,0.04,1.95408,3.05103,0,0.346008,6.048,4.27398e+06,2.70226e+06,8.3517e+06,0,0,0,3.19346e+08,80.8192,79.791,9.80509,0,0,2.48782,1.39087,0,1.88054,2.96352,8.8822e+06,3.61194e+06,2.20973e+07,0,0,0,8.67616e+07
110.355,110.355,7.20804,0.14,0.04,2.00803,3.05116,0,0.366195,6.048,4.27398e+06,2.70226e+06,8.58229e+06,0,0,0,3.19346e+08,80.8192,79.791,7.40743,0,0,2.43405,1.39093,0,1.92209,2.96352,8.8822e+06,3.61194e+06,2.16197e+07,0,0,0,8.67616e+07
110.355,110.355,6.24167,0.13,0.04,2.00821,3.05128,0,0.376306,6.048,4.27398e+06,2.70226e+06,8.58306e+06,0,0,0,3.19346e+08,80.8192,79.791,5.82086,0,0,2.43405,1.39098,0,1.88055,2.96352,8.8822e+06,3.61194e+06,2.16197e+07,0,0,0,8.67616e+07
110.355,110.355,7.26503,0.11,0.04,2.00839,3.0514,0,0.376339,6.048,4.27398e+06,2.70226e+06,8.58383e+06,0,0,0,3.19346e+08,80.8192,79.791,6.45425,0,0,2.43405,1.39104,0,1.88055,2.96352,8.8822e+06,3.61194e+06,2.16197e+07,0,0,0,8.67616e+07
110.355,110.355,6.15442,0.1,0.04,1.96651,3.00947,0,0.376373,6.048,4.27398e+06,2.70226e+06,8.40484e+06,0,0,0,3.19346e+08,80.8192,79.791,6.22941,0,0,2.41316,1.3702,0,1.88055,2.96352,8.8822e+06,3.61194e+06,2.14341e+07,0,0,0,8.67616e+07
110.355,110.355,5.44451,0.1,0.04,1.9458,3.00959,0,0.368525,6.048,4.27398e+06,2.70226e+06,8.31632e+06,0,0,0,3.19346e+08,80.8192,79.791,5.57009,0,0,2.43405,1.37026,0,1.86441,2.96352,8.8822e+06,3.61194e+06,2.16197e+07,0,0,0,8.67616e+07
110.355,110.355,4.37775,0.08,0.04,1.94598,3.00971,0,0.364643,6.048,4.27398e+06,2.70226e+06,8.31707e+06,0,0,0,3.19346e+08,80.8192,79.791,4.81571,0,0,2.43405,1.37031,0,1.88054,2.96352,8.8822e+06,3.61194e+06,2.16197e+07,0,0,0,8.67616e+07
110.355,110.355,3.95797,0.07,0.04,1.94616,3.00983,0,0.364677,6.048,4.27398e+06,2.70226e+06,8.31783e+06,0,0,0,3.19346e+08,80.8192,79.791,4.36228,0,0,2.43405,1.37037,0,1.88054,2.96352,8.8822e+06,3.61194e+06,2.16197e+07,0,0,0,8.67616e+07
110.355,110.355,4.35787,0.07,0.04,2.08912,3.15274,0,0.36471,6.048,4.27398e+06,2.70226e+06,8.92884e+06,0,0,0,3.19346e+08,80.8192,79.791,4.21232,0,0,2.50814,1.44452,0,1.88054,2.96352,8.8822e+06,3.61194e+06,2.22778e+07,0,0,0,8.67616e+07
110.355,110.355,3.81934,0.06,0.04,2.16339,3.15287,0,0.3915,6.048,4.27398e+06,2.70226e+06,9.24629e+06,0,0,0,3.19346e+08,80.8192,79.791,4.18827,0,0,2.43405,1.44458,0,1.93779,2.96352,8.8822e+06,3.61194e+06,2.16197e+07,0,0,0,8.67616e+07
110.355,110.355,3.47996,0.06,0.04,2.16358,3.15299,0,0.40542,6.048,4.27398e+06,2.70226e+06,9.24708e+06,0,0,0,3.19346e+08,80.8192,79.791,3.83753,0,0,2.43405,1.44463,0,1.88055,2.96352,8.8822e+06,3.61194e+06,2.16197e+07,0,0,0,8.67616e+07
110.355,110.355,3.29423,0.06,0.04,2.16376,3.15312,0,0.405454,6.048,4.27398e+06,2.70226e+06,9.24787e+06,0,0,0,3.19346e+08,80.8192,79.791,3.37772,0,0,2.43405,1.44469,0,1.88055,2.96352,8.8822e+06,3.61194e+06,2.16197e+07,0,0,0,8.67616e+07
110.345,110.355,2.67018,0.06,0.04,2.16395,3.15325,0,0.405489,6.048,4.27398e+06,2.70226e+06,9.24867e+06,0,0,0,3.19346e+08,80.7394,79.791,2.71331,0,0,2.43405,1.44475,0,1.88055,2.96352,8.8822e+06,3.61194e+06,2.16197e+07,0,0,0,8.67616e+07
110.059,110.355,2.35963,0.06,0.04,2.13589,3.12513,0,0.405524,6.048,4.27398e+06,2.70226e+06,9.12875e+06,0,0,0,3.19346e+08,80.6251,79.791,2.57589,0,0,2.47478,1.48554,0,1.88055,2.96352,8.8822e+06,3.61194e+06,2.19815e+07,0,0,0,8.67616e+07
109.534,110.355,2.13923,0.06,0.04,2.17681,3.12526,0,0.400266,6.048,4.27398e+06,2.70226e+06,9.30362e+06,0,0,0,3.19346e+08,80.4643,79.791,2.33867,0,0,2.43405,1.4856,0,1.91202,2.96352,8.8822e+06,3.61194e+06,2.16197e+07,0,0,0,8.67616e+07
108.966,110.355,2.02301,0.06,0.04,2.17699,3.12538,0,0.407934,6.048,4.27398e+06,2.70226e+06,9.30442e+06,0,0,0,3.19346e+08,80.1832,79.791,2.29111,0,0,2.43405,1.48566,0,1.88055,2.96352,8.8822e+06,3.61194e+06,2.16197e+07,0,0,0,8.67616e+07
108.285,110.355,1.90718,0.06,0.04,2.17718,3.12551,0,0.407968,6.048,4.27398e+06,2.70226e+06,9.30521e+06,0,0,0,3.19346e+08,79.8229,79.791,2.24535,0,0,2.43405,1.48572,0,1.88055,2.96352,8.8822e+06,3.61194e+06,2.16197e+07,0,0,0,8.67616e+07
107.622,110.355,1.98583,0.06,0.04,2.25031,3.19858,0,0.408003,6.048,4.27398e+06,2.70226e+06,9.61778e+06,0,0,0,3.19346e+08,79.3883,79.791,2.26442,0,0,2.47036,1.52209,0,1.88055,2.96352,8.8822e+06,3.61194e+06,2.19422e+07,0,0,0,8.67616e+07
106.715,110.355,1.76532,0.06,0.04,2.28681,3.19871,0,0.421708,6.048,4.27398e+06,2.70226e+06,9.77376e+06,0,0,0,3.19346e+08,78.9204,79.791,2.12158,0,0,2.43405,1.52215,0,1.9086,2.96352,8.8822e+06,3.61194e+06,2.16197e+07,0,0,0,8.67616e+07
105.66,110.355,1.60728,0.07,0.04,2.287,3.19884,0,0.428547,6.048,4.27398e+06,2.70226e+06,9.77457e+06,0,0,0,3.19346e+08,78.4394,79.791,2.00856,0,0,2.43405,1.52221,0,1.88055,2.96352,8.8822e+06,3.61194e+06,2.16197e+07,0,0,0,8.67616e+07
104.409,110.355,1.3725,0.07,0.04,2.28719,3.19897,0,0.428583,6.048,4.27398e+06,2.70226e+06,9.77539e+06,0,0,0,3.19346e+08,77.705,79.791,1.99144,0,0,2.43405,1.52227,0,1.88055,2.96352,8.8822e+06,3.61194e+06,2.16197e+07,0,0,0,8.67616e+07
102.433,110.355,0.909263,0.07,0.04,2.50103,3.41275,0,0.428619,6.048,4.27398e+06,2.70226e+06,1.06894e+07,0,0,0,3.19346e+08,76.7698,79.791,1.48741,0,0,2.56512,1.6534,0,1.88055,2.96352,8.8822e+06,3.61194e+06,2.27839e+07,0,0,0,8.67616e+07
100.336,110.355,0.884824,0.07,0.04,2.6323,3.41289,0,0.468693,6.048,4.27398e+06,2.70226e+06,1.12504e+07,0,0,0,3.19346e+08,76.0042,79.791,1.40625,0,0,2.43406,1.65347,0,1.98181,2.96352,8.8822e+06,3.61194e+06,2.16198e+07,0,0,0,8.67616e+07
98.6185,110.355,1.26324,0.09,0.04,2.6325,3.41303,0,0.493293,6.048,4.27398e+06,2.70226e+06,1.12513e+07,0,0,0,3.19346e+08,75.3881,79.791,1.63927,0,0,2.43406,1.65353,0,1.88055,2.96352,8.8822e+06,3.61194e+06,2.16198e+07,0,0,0,8.67616e+07
97.3846,110.355,1.8361,0.09,0.04,2.63271,3.41317,0,0.493331,6.048,4.27398e+06,2.70226e+06,1.12521e+07,0,0,0,3.19346e+08,74.9316,79.791,1.87838,0,0,2.43406,1.6536,0,1.88055,2.96352,8.8822e+06,3.61194e+06,2.16198e+07,0,0,0,8.67616e+07
95.8385,110.355,1.56602,0.09,0.04,2.63291,3.41331,0,0.493369,6.048,4.27398e+06,2.70226e+06,1.1253e+07,0,0,0,3.19346e+08,74.489,79.791,2.08233,0,0,2.43406,1.65367,0,1.88055,2.96352,8.8822e+06,3.61194e+06,2.16198e+07,0,0,0,8.67616e+07
94.449,110.355,1.65566,0.14,0.04,2.52897,3.30929,0,0.493408,6.048,4.27398e+06,2.70226e+06,1.08088e+07,0,0,0,3.19346e+08,74.1333,79.791,2.257,0,0,2.35449,1.57416,0,1.88055,2.96352,8.8822e+06,3.61194e+06,2.0913e+07,0,0,0,8.67616e+07
93.1671,110.355,1.7131,0.15,0.04,2.4496,3.30943,0,0.473929,6.048,4.27398e+06,2.70226e+06,1.04695e+07,0,0,0,3.19346e+08,73.7929,79.791,2.38227,0,0,2.43406,1.57423,0,1.81908,2.96352,8.8822e+06,3.61194e+06,2.16198e+07,0,0,0,8.67616e+07
92.063,110.355,2.01518,0.16,0.04,2.4498,3.30956,0,0.459055,6.048,4.27398e+06,2.70226e+06,1.04704e+07,0,0,0,3.19346e+08,73.66,79.791,3.09709,0,0,2.43406,1.57429,0,1.88055,2.96352,8.8822e+06,3.61194e+06,2.16198e+07,0,0,0,8.67616e+07
90.7751,110.355,1.91287,0.16,0.04,2.44999,3.3097,0,0.459092,6.048,4.27398e+06,2.70226e+06,1.04712e+07,0,0,0,3.19346e+08,73.3543,79.791,2.01946,0,0,2.43406,1.57435,0,1.88055,2.96352,8.8822e+06,3.61194e+06,2.16198e+07,0,0,0,8.67616e+07
90.9048,110.355,3.25819,0.16,0.04,2.36469,3.22433,0,0.459129,6.048,4.27398e+06,2.70226e+06,1.01066e+07,0,0,0,3.19346e+08,73.6805,79.791,3.80122,0,0,2.36162,1.50198,0,1.88055,2.96352,8.8822e+06,3.61194e+06,2.09763e+07,0,0,0,8.67616e+07
92.2769,110.355,4.56347,0.16,0.04,2.29245,3.22446,0,0.443143,6.048,4.27398e+06,2.70226e+06,9.79786e+06,0,0,0,3.19346e+08,74.4678,79.791,6.18822,0,0,2.43405,1.50204,0,1.82459,2.96352,8.8822e+06,3.61194e+06,2.16197e+07,0,0,0,8.67616e+07
93.1214,110.355,3.93836,0.17,0.04,2.29264,3.22459,0,0.429604,6.048,4.27398e+06,2.70226e+06,9.79868e+06,0,0,0,3.19346e+08,75.0334,79.791,4.77831,0,0,2.43405,1.5021,0,1.88055,2.96352,8.8822e+06,3.61194e+06,2.16197e+07,0,0,0,8.67616e+07
93.7662,110.355,3.76694,0.17,0.04,2.29283,3.22472,0,0.42964,6.048,4.27398e+06,2.70226e+06,9.79949e+06,0,0,0,3.19346e+08,75.6128,79.791,4.48205,0,0,2.43405,1.50216,0,1.88055,2.96352,8.8822e+06,3.61194e+06,2.16197e+07,0,0,0,8.67616e+07
97.8554,110.355,7.28291,0.17,0.04,2.05015,2.98198,0,0.429676,6.048,4.27398e+06,2.70226e+06,8.7623e+06,0,0,0,3.19346e+08,76.6788,79.791,6.15384,0,0,2.28316,1.35133,0,1.88055,2.96352,8.8822e+06,3.61194e+06,2.02795e+07,0,0,0,8.67616e+07
101.911,110.355,7.27322,0.15,0.04,1.89944,2.9821,0,0.384198,6.048,4.27398e+06,2.70226e+06,8.11816e+06,0,0,0,3.19346e+08,77.3449,79.791,5.20576,0,0,2.43405,1.35138,0,1.76397,2.96352,8.8822e+06,3.61194e+06,2.16197e+07,0,0,0,8.67616e+07
106.182,110.355,7.42879,0.12,0.04,1.89961,2.98222,0,0.355955,6.048,4.27398e+06,2.70226e+06,8.1189e+06,0,0,0,3.19346e+08,78.7424,79.791,7.14318,0,0,2.43405,1.35144,0,1.88054,2.96352,8.8822e+06,3.61194e+06,2.16197e+07,0,0,0,8.67616e+07
109.236,110.355,6.22569,0.14,0.04,1.89979,2.98234,0,0.355988,6.048,4.27398e+06,2.70226e+06,8.11965e+06,0,0,0,3.19346e+08,79.4445,79.791,5.43698,0,0,2.43405,1.35149,0,1.88054,2.96352,8.8822e+06,3.61194e+06,2.16197e+07,0,0,0,8.67616e+07
110.355,110.355,5.28045,0.11,0.04,1.89996,2.98246,0,0.35602,6.048,4.27398e+06,2.70226e+06,8.1204e+06,0,0,0,3.19346e+08,80.0096,79.791,4.74016,0,0,2.43405,1.35155,0,1.88054,2.96352,8.8822e+06,3.61194e+06,2.16197e+07,0,0,0,8.67616e+07
110.355,110.355,4.53588,0.1,0.04,1.99357,3.07601,0,0.356053,6.048,4.27398e+06,2.70226e+06,8.52047e+06,0,0,0,3.19346e+08,80.1793,79.791,3.62594,0,0,2.47775,1.3953,0,1.88054,2.96352,8.8822e+06,3.61194e+06,2.20078e+07,0,0,0,8.67616e+07
110.355,110.355,16.1937,0.1,0.04,2.03743,3.07612,0,0.373595,6.048,4.27398e+06,2.70226e+06,8.70794e+06,0,0,0,3.19346e+08,80.8192,79.791,11.7461,0,0,2.43404,1.39535,0,1.91431,2.96352,8.8822e+06,3.61194e+06,2.16196e+07,0,0,0,8.67616e+07
110.355,110.355,18.5935,0.1,0.04,2.03759,3.07623,0,0.381815,6.048,4.27398e+06,2.70226e+06,8.7086e+06,0,0,0,3.19346e+08,80.8192,79.791,18.6441,0,0,2.43404,1.3954,0,1.88054,2.96352,8.8822e+06,3.61194e+06,2.16196e+07,0,0,0,8.67616e+07
110.355,110.355,10.8698,0.1,0.04,2.03774,3.07634,0,0.381844,6.048,4.27398e+06,2.70226e+06,8.70926e+06,0,0,0,3.19346e+08,80.8192,79.791,11.5092,0,0,2.43404,1.39545,0,1.88054,2.96352,8.8822e+06,3.61194e+06,2.16196e+07,0,0,0,8.67616e+07
110.355,110.355,12.4343,0.09,0.04,2.33797,3.37651,0,0.381873,6.048,4.27398e+06,2.70226e+06,9.99242e+06,0,0,0,3.19346e+08,80.8192,79.791,12.34,0,0,2.59812,1.55958,0,1.88054,2.96352,8.8822e+06,3.61194e+06,2.3077e+07,0,0,0,8.67616e+07
110.355,110.355,9.92734,0.08,0.04,2.50221,3.37663,0,0.438135,6.048,4.27398e+06,2.70226e+06,1.06944e+07,0,0,0,3.19346e+08,80.8192,79.791,11.461,0,0,2.43405,1.55963,0,2.00731,2.96352,8.8822e+06,3.61194e+06,2.16197e+07,0,0,0,8.67616e+07
110.355,110.355,9.31919,0.09,0.04,2.50238,3.37675,0,0.468915,6.048,4.27398e+06,2.70226e+06,1.06951e+07,0,0,0,3.19346e+08,80.8192,79.791,11.8019,0,0,2.43405,1.55968,0,1.88054,2.96352,8.8822e+06,3.61194e+06,2.16197e+07,0,0,0,8.67616e+07
110.355,110.355,7.46059,0.09,0.04,2.50256,3.37686,0,0.468947,6.048,4.27398e+06,2.70226e+06,1.06959e+07,0,0,0,3.19346e+08,80.8192,79.791,10.3315,0,0,2.43405,1.55974,0,1.88054,2.96352,8.8822e+06,3.61194e+06,2.16197e+07,0,0,0,8.67616e+07
110.355,110.355,4.96472,0.09,0.04,2.07467,2.94893,0,0.468979,6.048,4.27398e+06,2.70226e+06,8.86711e+06,0,0,0,3.19346e+08,80.8192,79.791,7.05883,0,0,2.21382,1.33956,0,1.88054,2.96352,8.8822e+06,3.61194e+06,1.96636e+07,0,0,0,8.67616e+07
110.355,110.355,5.36532,0.14,0.04,1.8546,2.94903,0,0.388794,6.048,4.27398e+06,2.70226e+06,7.92652e+06,0,0,0,3.19346e+08,80.8192,79.791,7.62654,0,0,2.43404,1.33961,0,1.7104,2.96352,8.8822e+06,3.61194e+06,2.16196e+07,0,0,0,8.67616e+07
110.355,110.355,6.83754,0.15,0.04,1.85475,2.94913,0,0.347552,6.048,4.27398e+06,2.70226e+06,7.92716e+06,0,0,0,3.19346e+08,80.8192,79.791,8.24401,0,0,2.43404,1.33966,0,1.88054,2.96352,8.8822e+06,3.61194e+06,2.16196e+07,0,0,0,8.67616e+07
110.355,110.355,8.28075,0.15,0.04,1.8549,2.94923,0,0.34758,6.048,4.27398e+06,2.70226e+06,7.92779e+06,0,0,0,3.19346e+08,80.8192,79.791,9.35132,0,0,2.43404,1.3397,0,1.88054,2.96352,8.8822e+06,3.61194e+06,2.16196e+07,0,0,0,8.67616e+07
110.355,110.355,8.38741,0.15,0.04,1.85505,2.94934,0,0.347608,6.048,4.27398e+06,2.70226e+06,7.92843e+06,0,0,0,3.19346e+08,80.8192,79.791,9.07461,0,0,2.43404,1.33975,0,1.88054,2.96352,8.8822e+06,3.61194e+06,2.16196e+07,0,0,0,8.67616e+07
110.355,110.355,7.03841,0.15,0.04,1.96296,3.0572,0,0.347636,6.048,4.27398e+06,2.70226e+06,8.38966e+06,0,0,0,3.19346e+08,80.8192,79.791,7.49057,0,0,2.48792,1.39368,0,1.88054,2.96352,8.8822e+06,3.61194e+06,2.20982e+07,0,0,0,8.67616e+07
110.355,110.355,9.62278,0.15,0.04,2.017,3.05731,0,0.367859,6.048,4.27398e+06,2.70226e+06,8.62062e+06,0,0,0,3.19346e+08,80.8192,79.791,11.512,0,0,2.43404,1.39373,0,1.92217,2.96352,8.8822e+06,3.61194e+06,2.16196e+07,0,0,0,8.67616e+07
110.355,110.355,7.89938,0.14,0.04,2.01715,3.05742,0,0.377986,6.048,4.27398e+06,2.70226e+06,8.62127e+06,0,0,0,3.19346e+08,80.8192,79.791,10.2331,0,0,2.43404,1.39378,0,1.88054,2.96352,8.8822e+06,3.61194e+06,2.16196e+07,0,0,0,8.67616e+07
110.355,110.355,6.28092,0.13,0.04,2.01731,3.05752,0,0.378015,6.048,4.27398e+06,2.70226e+06,8.62194e+06,0,0,0,3.19346e+08,80.8192,79.791,6.99069,0,0,2.43404,1.39383,0,1.88054,2.96352,8.8822e+06,3.61194e+06,2.16196e+07,0,0,0,8.67616e+07
110.355,110.355,5.44383,0.12,0.04,1.97532,3.01549,0,0.378044,6.048,4.27398e+06,2.70226e+06,8.44248e+06,0,0,0,3.19346e+08,80.8192,79.791,5.8665,0,0,2.41311,1.37294,0,1.88054,2.96352,8.8822e+06,3.61194e+06,2.14337e+07,0,0,0,8.67616e+07
110.355,110.355,5.00721,0.11,0.04,1.95454,3.01559,0,0.370175,6.048,4.27398e+06,2.70226e+06,8.35368e+06,0,0,0,3.19346e+08,80.8192,79.791,5.50525,0,0,2.43404,1.37299,0,1.86437,2.96352,8.8822e+06,3.61194e+06,2.16196e+07,0,0,0,8.67616e+07
110.355,110.355,4.59101,0.09,0.04,1.9547,3.0157,0,0.366282,6.048,4.27398e+06,2.70226e+06,8.35433e+06,0,0,0,3.19346e+08,80.8192,79.791,5.27424,0,0,2.43404,1.37304,0,1.88054,2.96352,8.8822e+06,3.61194e+06,2.16196e+07,0,0,0,8.67616e+07
110.355,110.355,4.50036,0.07,0.04,1.95485,3.0158,0,0.36631,6.048,4.27398e+06,2.70226e+06,8.35498e+06,0,0,0,3.19346e+08,80.8192,79.791,5.1164,0,0,2.43404,1.37309,0,1.88054,2.96352,8.8822e+06,3.61194e+06,2.16196e+07,0,0,0,8.67616e+07
110.355,110.355,4.0237,0.07,0.04,2.09807,3.15897,0,0.366339,6.048,4.27398e+06,2.70226e+06,8.96709e+06,0,0,0,3.19346e+08,80.8192,79.791,5.14115,0,0,2.50828,1.44737,0,1.88054,2.96352,8.8822e+06,3.61194e+06,2.2279e+07,0,0,0,8.67616e+07
110.355,110.355,3.80046,0.06,0.04,2.17246,3.15908,0,0.393178,6.048,4.27398e+06,2.70226e+06,9.28506e+06,0,0,0,3.19346e+08,80.8192,79.791,4.54169,0,0,2.43404,1.44742,0,1.9379,2.96352,8.8822e+06,3.61194e+06,2.16196e+07,0,0,0,8.67616e+07
110.355,110.355,3.58709,0.06,0.04,2.17262,3.15919,0,0.407119,6.048,4.27398e+06,2.70226e+06,9.28574e+06,0,0,0,3.19346e+08,80.8192,79.791,4.00539,0,0,2.43404,1.44747,0,1.88054,2.96352,8.8822e+06,3.61194e+06,2.16196e+07,0,0,0,8.67616e+07
110.355,110.355,3.33203,0.06,0.04,2.17278,3.1593,0,0.407149,6.048,4.27398e+06,2.70226e+06,9.28642e+06,0,0,0,3.19346e+08,80.8192,79.791,3.79703,0,0,2.43404,1.44752,0,1.88054,2.96352,8.8822e+06,3.61194e+06,2.16196e+07,0,0,0,8.67616e+07
110.355,110.355,4.10748,0.06,0.04,2.17294,3.15941,0,0.407179,6.048,4.27398e+06,2.70226e+06,9.28711e+06,0,0,0,3.19346e+08,80.8192,79.791,4.2037,0,0,2.43404,1.44757,0,1.88054,2.96352,8.8822e+06,3.61194e+06,2.16196e+07,0,0,0,8.67616e+07
110.355,110.355,4.34535,0.06,0.04,2.1448,3.13122,0,0.407209,6.048,4.27398e+06,2.70226e+06,9.16685e+06,0,0,0,3.19346e+08,80.8192,79.791,4.21007,0,0,2.47485,1.48843,0,1.88054,2.96352,8.8822e+06,3.61194e+06,2.19821e+07,0,0,0,8.67616e+07
110.355,110.355,4.21518,0.06,0.04,2.18577,3.13133,0,0.401936,6.048,4.27398e+06,2.70226e+06,9.34195e+06,0,0,0,3.19346e+08,80.8192,79.791,4.30164,0,0,2.43404,1.48849,0,1.91207,2.96352,8.8822e+06,3.61194e+06,2.16197e+07,0,0,0,8.67616e+07
110.355,110.355,3.89561,0.06,0.04,2.18593,3.13144,0,0.409614,6.048,4.27398e+06,2.70226e+06,9.34263e+06,0,0,0,3.19346e+08,80.8192,79.791,3.93478,0,0,2.43404,1.48854,0,1.88054,2.96352,8.8822e+06,3.61194e+06,2.16197e+07,0,0,0,8.67616e+07
110.355,110.355,3.65314,0.06,0.04,2.18609,3.13155,0,0.409644,6.048,4.27398e+06,2.70226e+06,9.34332e+06,0,0,0,3.19346e+08,80.8192,79.791,3.58575,0,0,2.43404,1.48859,0,1.88054,2.96352,8.8822e+06,3.61194e+06,2.16197e+07,0,0,0,8.67616e+07
110.355,110.355,3.24954,0.06,0.04,2.25934,3.20474,0,0.409674,6.048,4.27398e+06,2.70226e+06,9.65637e+06,0,0,0,3.19346e+08,80.8192,79.791,2.92918,0,0,2.47042,1.52502,0,1.88054,2.96352,8.8822e+06,3.61194e+06,2.19428e+07,0,0,0,8.67616e+07
110.355,110.355,2.88662,0.06,0.04,2.29588,3.20485,0,0.4234,6.048,4.27398e+06,2.70226e+06,9.81254e+06,0,0,0,3.19346e+08,80.7851,79.791,2.78109,0,0,2.43404,1.52507,0,1.90865,2.96352,8.8822e+06,3.61194e+06,2.16197e+07,0,0,0,8.67616e+07
110.345,110.355,2.64333,0.06,0.04,2.29604,3.20497,0,0.430248,6.048,4.27398e+06,2.70226e+06,9.81324e+06,0,0,0,3.19346e+08,80.7193,79.791,2.6113,0,0,2.43404,1.52512,0,1.88054,2.96352,8.8822e+06,3.61194e+06,2.16197e+07,0,0,0,8.67616e+07
110.01,110.355,2.28327,0.06,0.04,2.29621,3.20508,0,0.430279,6.048,4.27398e+06,2.70226e+06,9.81394e+06,0,0,0,3.19346e+08,80.6435,79.791,2.59163,0,0,2.43404,1.52518,0,1.88054,2.96352,8.8822e+06,3.61194e+06,2.16197e+07,0,0,0,8.67616e+07
109.653,110.355,2.45484,0.06,0.04,2.51043,3.41925,0,0.430309,6.048,4.27398e+06,2.70226e+06,1.07295e+07,0,0,0,3.19346e+08,80.3566,79.791,2.15481,0,0,2.56536,1.65654,0,1.88054,2.96352,8.8822e+06,3.61194e+06,2.2786e+07,0,0,0,8.67616e+07
109.514,110.355,2.82224,0.06,0.04,2.64192,3.41937,0,0.470455,6.048,4.27398e+06,2.70226e+06,1.12915e+07,0,0,0,3.19346e+08,80.0853,79.791,2.58646,0,0,2.43405,1.6566,0,1.982,2.96352,8.8822e+06,3.61194e+06,2.16197e+07,0,0,0,8.67616e+07
108.851,110.355,2.29405,0.06,0.04,2.6421,3.41949,0,0.495096,6.048,4.27398e+06,2.70226e+06,1.12923e+07,0,0,0,3.19346e+08,79.6998,79.791,1.83589,0,0,2.43405,1.65666,0,1.88055,2.96352,8.8822e+06,3.61194e+06,2.16197e+07,0,0,0,8.67616e+07
108.717,110.355,2.80697,0.06,0.04,2.64227,3.4196,0,0.495129,6.048,4.27398e+06,2.70226e+06,1.1293e+07,0,0,0,3.19346e+08,79.7254,79.791,3.32236,0,0,2.43405,1.65672,0,1.88055,2.96352,8.8822e+06,3.61194e+06,2.16197e+07,0,0,0,8.67616e+07
107.313,110.355,1.55102,0.06,0.04,2.64245,3.41972,0,0.495162,6.048,4.27398e+06,2.70226e+06,1.12938e+07,0,0,0,3.19346e+08,79.1592,79.791,1.92583,0,0,2.43405,1.65677,0,1.88055,2.96352,8.8822e+06,3.61194e+06,2.16197e+07,0,0,0,8.67616e+07
105.666,110.355,1.23733,0.06,0.04,2.53828,3.3155,0,0.495195,6.048,4.27398e+06,2.70226e+06,1.08486e+07,0,0,0,3.19346e+08,78.4952,79.791,1.64089,0,0,2.35433,1.57711,0,1.88055,2.96352,8.8822e+06,3.61194e+06,2.09116e+07,0,0,0,8.67616e+07
104.26,110.355,1.47554,0.08,0.04,2.45874,3.31561,0,0.475674,6.048,4.27398e+06,2.70226e+06,1.05086e+07,0,0,0,3.19346e+08,78.0352,79.791,1.63893,0,0,2.43405,1.57717,0,1.81896,2.96352,8.8822e+06,3.61194e+06,2.16197e+07,0,0,0,8.67616e+07
103.611,110.355,2.29353,0.08,0.04,2.45891,3.31573,0,0.460767,6.048,4.27398e+06,2.70226e+06,1.05093e+07,0,0,0,3.19346e+08,77.9084,79.791,2.84496,0,0,2.43405,1.57722,0,1.88054,2.96352,8.8822e+06,3.61194e+06,2.16197e+07,0,0,0,8.67616e+07
102.687,110.355,2.07508,0.09,0.04,2.45908,3.31584,0,0.460799,6.048,4.27398e+06,2.70226e+06,1.051e+07,0,0,0,3.19346e+08,77.7031,79.791,2.4647,0,0,2.43405,1.57728,0,1.88054,2.96352,8.8822e+06,3.61194e+06,2.16197e+07,0,0,0,8.67616e+07
102.202,110.355,2.40761,0.09,0.04,2.37359,3.2303,0,0.460831,6.048,4.27398e+06,2.70226e+06,1.01447e+07,0,0,0,3.19346e+08,78.1329,79.791,3.66134,0,0,2.36147,1.50476,0,1.88054,2.96352,8.8822e+06,3.61194e+06,2.09751e+07,0,0,0,8.67616e+07
102.388,110.355,3.24038,0.1,0.04,2.30118,3.23041,0,0.44481,6.048,4.27398e+06,2.70226e+06,9.8352e+06,0,0,0,3.19346e+08,78.3749,79.791,4.07782,0,0,2.43404,1.50481,0,1.82447,2.96352,8.8822e+06,3.61194e+06,2.16197e+07,0,0,0,8.67616e+07
102.982,110.355,3.71205,0.11,0.04,2.30135,3.23052,0,0.431241,6.048,4.27398e+06,2.70226e+06,9.8359e+06,0,0,0,3.19346e+08,78.7168,79.791,4.56536,0,0,2.43404,1.50487,0,1.88054,2.96352,8.8822e+06,3.61194e+06,2.16197e+07,0,0,0,8.67616e+07
104.026,110.355,4.22228,0.13,0.04,2.30151,3.23064,0,0.431272,6.048,4.27398e+06,2.70226e+06,9.8366e+06,0,0,0,3.19346e+08,79.7019,79.791,6.18047,0,0,2.43404,1.50492,0,1.88054,2.96352,8.8822e+06,3.61194e+06,2.16197e+07,0,0,0,8.67616e+07
102.764,110.355,1.47394,0.13,0.04,2.05836,2.98744,0,0.431303,6.048,4.27398e+06,2.70226e+06,8.79739e+06,0,0,0,3.19346e+08,79.2955,79.791,2.35185,0,0,2.28288,1.3538,0,1.88054,2.96352,8.8822e+06,3.61194e+06,2.02769e+07,0,0,0,8.67616e+07
101.002,110.355,0.804485,0.14,0.04,1.90735,2.98754,0,0.385737,6.048,4.27398e+06,2.70226e+06,8.15196e+06,0,0,0,3.19346e+08,78.6847,79.791,1.78024,0,0,2.43404,1.35385,0,1.76375,2.96352,8.8822e+06,3.61194e+06,2.16196e+07,0,0,0,8.67616e+07
99.5939,110.355,1.21801,0.17,0.04,1.9075,2.98764,0,0.357437,6.048,4.27398e+06,2.70226e+06,8.15261e+06,0,0,0,3.19346e+08,78.217,79.791,3.13888,0,0,2.43404,1.35389,0,1.88054,2.96352,8.8822e+06,3.61194e+06,2.16196e+07,0,0,0,8.67616e+07
99.761,110.355,3.08442,0.18,0.04,1.90765,2.98775,0,0.357465,6.048,4.27398e+06,2.70226e+06,8.15325e+06,0,0,0,3.19346e+08,78.4483,79.791,3.55606,0,0,2.43404,1.35394,0,1.88054,2.96352,8.8822e+06,3.61194e+06,2.16196e+07,0,0,0,8.67616e+07
101.62,110.355,5.01195,0.18,0.04,1.9078,2.98785,0,0.357494,6.048,4.27398e+06,2.70226e+06,8.1539e+06,0,0,0,6.64293e+08,79.8884,79.791,4.70961,0,0,2.43404,1.35399,0,1.88054,2.96352,8.8822e+06,3.61194e+06,2.16196e+07,0,0,0,8.67616e+07
101.038,110.355,1.85268,0.14,0.04,1.64169,3.08155,0,0.357522,6.048,4.27398e+06,2.70226e+06,7.01657e+06,0,0,0,6.64293e+08,79.8467,79.791,2.78268,0,0,2.83767,1.39781,0,1.88054,3.38688,8.8822e+06,3.61194e+06,2.52048e+07,0,0,0,8.67616e+07
101.375,110.355,2.9427,0.18,0.04,1.68561,3.08164,0,0.307654,6.048,4.27398e+06,2.70226e+06,7.20426e+06,0,0,0,6.64293e+08,79.881,79.791,2.94677,0,0,2.79389,1.39786,0,2.19239,3.38688,8.8822e+06,3.61194e+06,2.48159e+07,0,0,0,8.67616e+07
101.175,110.355,2.33447,0.18,0.04,1.68574,3.08173,0,0.315883,6.048,4.27398e+06,2.70226e+06,7.20482e+06,0,0,0,6.64293e+08,79.5646,79.791,2.35263,0,0,2.79389,1.3979,0,2.15856,3.38688,8.8822e+06,3.61194e+06,2.48159e+07,0,0,0,8.67616e+07
100.524,110.355,1.77918,0.16,0.04,1.68587,3.08182,0,0.315908,6.048,4.27398e+06,2.70226e+06,7.20537e+06,0,0,0,6.64293e+08,79.1867,79.791,2.07766,0,0,2.79389,1.39794,0,2.15856,3.38688,8.8822e+06,3.61194e+06,2.48159e+07,0,0,0,8.67616e+07
99.5487,110.355,1.77713,0.17,0.04,1.9866,3.38252,0,0.315932,6.048,4.27398e+06,2.70226e+06,8.4907e+06,0,0,0,6.64293e+08,78.7653,79.791,1.9692,0,0,2.95826,1.56235,0,2.15856,3.38688,8.8822e+06,3.61194e+06,2.62759e+07,0,0,0,8.67616e+07
98.4922,110.355,1.84199,0.17,0.04,2.15112,3.38261,0,0.37229,6.048,4.27398e+06,2.70226e+06,9.19382e+06,0,0,0,6.64293e+08,78.1733,79.791,2.08762,0,0,2.79389,1.56239,0,2.28555,3.38688,8.8822e+06,3.61194e+06,2.48159e+07,0,0,0,8.67616e+07
97.4204,110.355,1.79602,0.19,0.04,2.15126,3.38271,0,0.403119,6.048,4.27398e+06,2.70226e+06,9.19443e+06,0,0,0,6.64293e+08,77.9574,79.791,2.08477,0,0,2.79389,1.56244,0,2.15856,3.38688,8.8822e+06,3.61194e+06,2.48159e+07,0,0,0,8.67616e+07
97.2148,110.355,2.71727,0.2,0.04,2.1514,3.38281,0,0.403146,6.048,4.27398e+06,2.70226e+06,9.19505e+06,0,0,0,6.64293e+08,78.039,79.791,2.72846,0,0,2.79389,1.56249,0,2.15856,3.38688,8.8822e+06,3.61194e+06,2.48159e+07,0,0,0,8.67616e+07
104.04,110.355,9.62124,0.21,0.04,1.72274,2.9541,0,0.403173,6.048,4.27398e+06,2.70226e+06,7.36296e+06,0,0,0,6.64293e+08,78.8901,79.791,5.42984,0,0,2.57328,1.34192,0,2.15856,3.38688,8.8822e+06,3.61194e+06,2.28564e+07,0,0,0,8.67616e+07
108.132,110.355,6.69925,0.19,0.04,1.50226,2.95419,0,0.322842,6.048,4.27398e+06,2.70226e+06,6.42061e+06,0,0,0,6.64293e+08,79.44,79.791,4.94522,0,0,2.79389,1.34195,0,1.98811,3.38688,8.8822e+06,3.61194e+06,2.48159e+07,0,0,0,8.67616e+07
110.355,110.355,9.05924,0.15,0.04,1.50238,2.95427,0,0.281523,6.048,4.27398e+06,2.70226e+06,6.42115e+06,0,0,0,6.64293e+08,80.0737,79.791,4.80568,0,0,2.79389,1.34199,0,2.15856,3.38688,8.8822e+06,3.61194e+06,2.48159e+07,0,0,0,8.67616e+07
110.355,110.355,7.67634,0.15,0.04,1.50251,2.95436,0,0.281546,6.048,4.27398e+06,2.70226e+06,6.42168e+06,0,0,0,6.64293e+08,80.7667,79.791,5.65808,0,0,2.79389,1.34203,0,2.15856,3.38688,8.8822e+06,3.61194e+06,2.48159e+07,0,0,0,8.67616e+07
110.355,110.355,10.524,0.15,0.04,1.50263,2.95445,0,0.28157,6.048,4.27398e+06,2.70226e+06,6.42221e+06,0,0,0,6.64293e+08,80.8192,79.791,6.48338,0,0,2.79389,1.34207,0,2.15856,3.38688,8.8822e+06,3.61194e+06,2.48159e+07,0,0,0,8.67616e+07
110.355,110.355,8.02566,0.15,0.04,1.61071,3.06248,0,0.281593,6.048,4.27398e+06,2.70226e+06,6.88413e+06,0,0,0,6.64293e+08,80.8192,79.791,5.84667,0,0,2.84787,1.39609,0,2.15856,3.38688,8.8822e+06,3.61194e+06,2.52953e+07,0,0,0,8.67616e+07
110.355,110.355,6.76519,0.15,0.04,1.66482,3.06257,0,0.301847,6.048,4.27398e+06,2.70226e+06,7.11538e+06,0,0,0,6.64293e+08,80.8192,79.791,5.41957,0,0,2.79389,1.39613,0,2.20026,3.38688,8.8822e+06,3.61194e+06,2.48159e+07,0,0,0,8.67616e+07
110.355,110.355,6.10123,0.14,0.04,1.66494,3.06266,0,0.311986,6.048,4.27398e+06,2.70226e+06,7.11594e+06,0,0,0,6.64293e+08,80.8192,79.791,4.99795,0,0,2.79389,1.39617,0,2.15856,3.38688,8.8822e+06,3.61194e+06,2.48159e+07,0,0,0,8.67616e+07
110.355,110.355,7.11417,0.13,0.04,1.66507,3.06275,0,0.312011,6.048,4.27398e+06,2.70226e+06,7.11649e+06,0,0,0,6.64293e+08,80.8192,79.791,5.44259,0,0,2.79389,1.39621,0,2.15856,3.38688,8.8822e+06,3.61194e+06,2.48159e+07,0,0,0,8.67616e+07
110.355,110.355,5.13361,0.12,0.04,1.62299,3.02063,0,0.312035,6.048,4.27398e+06,2.70226e+06,6.93662e+06,0,0,0,6.64293e+08,80.8192,79.791,3.82299,0,0,2.77292,1.37528,0,2.15856,3.38688,8.8822e+06,3.61194e+06,2.46296e+07,0,0,0,8.67616e+07
110.355,110.355,4.27476,0.11,0.04,1.60215,3.02071,0,0.304148,6.048,4.27398e+06,2.70226e+06,6.84756e+06,0,0,0,6.64293e+08,80.8192,79.791,3.33828,0,0,2.79389,1.37532,0,2.14236,3.38688,8.8822e+06,3.61194e+06,2.48159e+07,0,0,0,8.67616e+07
110.355,110.355,3.78471,0.09,0.04,1.60228,3.0208,0,0.300243,6.048,4.27398e+06,2.70226e+06,6.84811e+06,0,0,0,6.64293e+08,80.815,79.791,2.95895,0,0,2.79389,1.37536,0,2.15856,3.38688,8.8822e+06,3.61194e+06,2.48159e+07,0,0,0,8.67616e+07
110.355,110.355,3.42343,0.07,0.04,1.60241,3.02089,0,0.300267,6.048,4.27398e+06,2.70226e+06,6.84865e+06,0,0,0,6.64293e+08,80.8038,79.791,2.67635,0,0,2.79389,1.3754,0,2.15856,3.38688,8.8822e+06,3.61194e+06,2.48159e+07,0,0,0,8.67616e+07
110.355,110.355,3.23871,0.07,0.04,1.74584,3.16428,0,0.300291,6.048,4.27398e+06,2.70226e+06,7.46168e+06,0,0,0,6.64293e+08,80.8192,79.791,2.65142,0,0,2.86825,1.44981,0,2.15856,3.38688,8.8822e+06,3.61194e+06,2.54764e+07,0,0,0,8.67616e+07
110.355,110.355,3.27263,0.06,0.04,1.82034,3.16438,0,0.327171,6.048,4.27398e+06,2.70226e+06,7.78008e+06,0,0,0,6.64293e+08,80.8192,79.791,3.26301,0,0,2.79389,1.44985,0,2.21601,3.38688,8.8822e+06,3.61194e+06,2.48159e+07,0,0,0,8.67616e+07
110.355,110.355,2.91876,0.06,0.04,1.82047,3.16447,0,0.341131,6.048,4.27398e+06,2.70226e+06,7.78065e+06,0,0,0,6.64293e+08,80.8192,79.791,2.73653,0,0,2.79389,1.44989,0,2.15856,3.38688,8.8822e+06,3.61194e+06,2.48159e+07,0,0,0,8.67616e+07
110.355,110.355,2.72492,0.06,0.04,1.8206,3.16456,0,0.341156,6.048,4.27398e+06,2.70226e+06,7.78122e+06,0,0,0,6.64293e+08,80.7237,79.791,2.31141,0,0,2.79389,1.44993,0,2.15856,3.38688,8.8822e+06,3.61194e+06,2.48159e+07,0,0,0,8.67616e+07
110.355,110.355,2.84351,0.06,0.04,1.82074,3.16465,0,0.341181,6.048,4.27398e+06,2.70226e+06,7.7818e+06,0,0,0,6.64293e+08,80.7389,79.791,2.80418,0,0,2.79389,1.44998,0,2.15856,3.38688,8.8822e+06,3.61194e+06,2.48159e+07,0,0,0,8.67616e+07
110.355,110.355,2.7719,0.06,0.04,1.79253,3.1364,0,0.341206,6.048,4.27398e+06,2.70226e+06,7.66123e+06,0,0,0,6.64293e+08,80.8192,79.791,3.23507,0,0,2.83477,1.4909,0,2.15856,3.38688,8.8822e+06,3.61194e+06,2.5179e+07,0,0,0,8.67616e+07
110.355,110.355,2.52228,0.06,0.04,1.83354,3.13649,0,0.33592,6.048,4.27398e+06,2.70226e+06,7.83651e+06,0,0,0,6.64293e+08,80.8192,79.791,3.07869,0,0,2.79389,1.49094,0,2.19014,3.38688,8.8822e+06,3.61194e+06,2.48159e+07,0,0,0,8.67616e+07
110.355,110.355,2.29217,0.06,0.04,1.83367,3.13658,0,0.343605,6.048,4.27398e+06,2.70226e+06,7.83708e+06,0,0,0,6.64293e+08,80.8192,79.791,2.83923,0,0,2.79389,1.49098,0,2.15856,3.38688,8.8822e+06,3.61194e+06,2.48159e+07,0,0,0,8.67616e+07
110.284,110.355,2.15726,0.06,0.04,1.83381,3.13667,0,0.34363,6.048,4.27398e+06,2.70226e+06,7.83766e+06,0,0,0,6.64293e+08,80.729,79.791,2.77096,0,0,2.79389,1.49103,0,2.15856,3.38688,8.8822e+06,3.61194e+06,2.48159e+07,0,0,0,8.67616e+07
109.915,110.355,1.923,0.06,0.04,1.90715,3.20997,0,0.343656,6.048,4.27398e+06,2.70226e+06,8.15111e+06,0,0,0,6.64293e+08,80.5333,79.791,2.58456,0,0,2.83033,1.5275,0,2.15856,3.38688,8.8822e+06,3.61194e+06,2.51395e+07,0,0,0,8.67616e+07
109.361,110.355,1.76443,0.06,0.04,1.94372,3.21006,0,0.3574,6.048,4.27398e+06,2.70226e+06,8.30742e+06,0,0,0,6.64293e+08,80.2807,79.791,2.26785,0,0,2.79389,1.52755,0,2.18671,3.38688,8.8822e+06,3.61194e+06,2.48159e+07,0,0,0,8.67616e+07
108.92,110.355,1.85672,0.06,0.04,1.94386,3.21016,0,0.364253,6.048,4.27398e+06,2.70226e+06,8.308e+06,0,0,0,6.64293e+08,80.1299,79.791,2.69738,0,0,2.79389,1.52759,0,2.15856,3.38688,8.8822e+06,3.61194e+06,2.48159e+07,0,0,0,8.67616e+07
108.501,110.355,1.86961,0.06,0.04,1.944,3.21025,0,0.364279,6.048,4.27398e+06,2.70226e+06,8.30859e+06,0,0,0,6.64293e+08,80.001,79.791,2.71995,0,0,2.79389,1.52764,0,2.15856,3.38688,8.8822e+06,3.61194e+06,2.48159e+07,0,0,0,8.67616e+07
107.87,110.355,1.8524,0.06,0.04,2.15854,3.42475,0,0.364305,6.048,4.27398e+06,2.70226e+06,9.22554e+06,0,0,0,6.64293e+08,79.7701,79.791,2.53556,0,0,2.92542,1.65921,0,2.15856,3.38688,8.8822e+06,3.61194e+06,2.59841e+07,0,0,0,8.67616e+07
106.897,110.355,1.61813,0.06,0.04,2.29021,3.42485,0,0.40451,6.048,4.27398e+06,2.70226e+06,9.7883e+06,0,0,0,6.64293e+08,79.3802,79.791,1.8988,0,0,2.7939,1.65926,0,2.26018,3.38688,8.8822e+06,3.61194e+06,2.48159e+07,0,0,0,8.67616e+07
106.299,110.355,1.98099,0.07,0.04,2.29036,3.42495,0,0.429185,6.048,4.27398e+06,2.70226e+06,9.78893e+06,0,0,0,6.64293e+08,79.416,79.791,3.45724,0,0,2.7939,1.65931,0,2.15856,3.38688,8.8822e+06,3.61194e+06,2.48159e+07,0,0,0,8.67616e+07
105.334,110.355,1.60061,0.07,0.04,2.2905,3.42505,0,0.429213,6.048,4.27398e+06,2.70226e+06,9.78957e+06,0,0,0,6.64293e+08,79.1969,79.791,2.44432,0,0,2.7939,1.65935,0,2.15856,3.38688,8.8822e+06,3.61194e+06,2.48159e+07,0,0,0,8.67616e+07
104.546,110.355,1.83347,0.07,0.04,2.29065,3.42515,0,0.429241,6.048,4.27398e+06,2.70226e+06,9.7902e+06,0,0,0,6.64293e+08,79.1232,79.791,2.61247,0,0,2.7939,1.6594,0,2.15856,3.38688,8.8822e+06,3.61194e+06,2.48159e+07,0,0,0,8.67616e+07
103.858,110.355,1.85822,0.08,0.04,2.18629,3.32074,0,0.429268,6.048,4.27398e+06,2.70226e+06,9.34416e+06,0,0,0,6.64293e+08,79.7299,79.791,5.04769,0,0,2.71405,1.57961,0,2.15856,3.38688,8.8822e+06,3.61194e+06,2.41067e+07,0,0,0,8.67616e+07
102.974,110.355,1.58953,0.08,0.04,2.10659,3.32083,0,0.409711,6.048,4.27398e+06,2.70226e+06,9.00353e+06,0,0,0,6.64293e+08,79.62,79.791,2.72616,0,0,2.79389,1.57965,0,2.09688,3.38688,8.8822e+06,3.61194e+06,2.48159e+07,0,0,0,8.67616e+07
102.293,110.355,1.85304,0.08,0.04,2.10674,3.32093,0,0.394776,6.048,4.27398e+06,2.70226e+06,9.00414e+06,0,0,0,6.64293e+08,79.554,79.791,2.78955,0,0,2.79389,1.5797,0,2.15856,3.38688,8.8822e+06,3.61194e+06,2.48159e+07,0,0,0,8.67616e+07
104.657,110.355,5.25574,0.09,0.04,2.10688,3.32103,0,0.394802,6.048,4.27398e+06,2.70226e+06,9.00475e+06,0,0,0,6.64293e+08,80.7957,79.791,5.39016,0,0,2.79389,1.57974,0,2.15856,3.38688,8.8822e+06,3.61194e+06,2.48159e+07,0,0,0,8.67616e+07
104.739,110.355,2.87794,0.09,0.04,2.02123,3.23533,0,0.394829,6.048,4.27398e+06,2.70226e+06,8.63868e+06,0,0,0,6.64293e+08,80.8192,79.791,5.3553,0,0,2.72121,1.5071,0,2.15856,3.38688,8.8822e+06,3.61194e+06,2.41703e+07,0,0,0,8.67616e+07
104.628,110.355,2.69831,0.1,0.04,1.94868,3.23543,0,0.378778,6.048,4.27398e+06,2.70226e+06,8.32862e+06,0,0,0,6.64293e+08,80.8192,79.791,3.22761,0,0,2.79389,1.50715,0,2.10241,3.38688,8.8822e+06,3.61194e+06,2.48159e+07,0,0,0,8.67616e+07
104.673,110.355,2.68663,0.11,0.04,1.94882,3.23552,0,0.365183,6.048,4.27398e+06,2.70226e+06,8.32921e+06,0,0,0,6.64293e+08,80.8192,79.791,2.80682,0,0,2.79389,1.50719,0,2.15856,3.38688,8.8822e+06,3.61194e+06,2.48159e+07,0,0,0,8.67616e+07
104.592,110.355,2.57544,0.12,0.04,1.94896,3.23561,0,0.365209,6.048,4.27398e+06,2.70226e+06,8.3298e+06,0,0,0,6.64293e+08,80.8192,79.791,3.99164,0,0,2.79389,1.50724,0,2.15856,3.38688,8.8822e+06,3.61194e+06,2.48159e+07,0,0,0,8.67616e+07
104.61,110.355,2.60488,0.12,0.04,1.70541,2.99202,0,0.365235,6.048,4.27398e+06,2.70226e+06,7.28888e+06,0,0,0,6.64293e+08,80.8192,79.791,3.01795,0,0,2.64249,1.35588,0,2.15856,3.38688,8.8822e+06,3.61194e+06,2.34711e+07,0,0,0,8.67616e+07
105.726,110.355,3.64943,0.13,0.04,1.55414,2.99211,0,0.319594,6.048,4.27398e+06,2.70226e+06,6.64235e+06,0,0,0,6.64293e+08,80.8192,79.791,3.09593,0,0,2.79389,1.35592,0,2.04159,3.38688,8.8822e+06,3.61194e+06,2.48159e+07,0,0,0,8.67616e+07
108.108,110.355,4.97979,0.13,0.04,1.55427,2.9922,0,0.291246,6.048,4.27398e+06,2.70226e+06,6.64289e+06,0,0,0,6.64293e+08,80.8192,79.791,3.20961,0,0,2.79389,1.35596,0,2.15856,3.38688,8.8822e+06,3.61194e+06,2.48159e+07,0,0,0,8.67616e+07
110.174,110.355,4.78158,0.12,0.04,1.55439,2.99228,0,0.291269,6.048,4.27398e+06,2.70226e+06,6.64344e+06,0,0,0,6.64293e+08,80.8192,79.791,6.68003,0,0,2.79389,1.356,0,2.15856,3.38688,8.8822e+06,3.61194e+06,2.48159e+07,0,0,0,8.67616e+07
110.355,110.355,3.79989,0.11,0.04,1.55452,2.99237,0,0.291293,6.048,4.27398e+06,2.70226e+06,6.64398e+06,0,0,0,6.64293e+08,80.8192,79.791,3.59334,0,0,2.79389,1.35604,0,2.15856,3.38688,8.8822e+06,3.61194e+06,2.48159e+07,0,0,0,8.67616e+07
110.355,110.355,3.68342,0.11,0.04,1.64839,3.0862,0,0.291317,6.048,4.27398e+06,2.70226e+06,7.04516e+06,0,0,0,6.64293e+08,80.8192,79.791,3.87324,0,0,2.83773,1.39992,0,2.15856,3.38688,8.8822e+06,3.61194e+06,2.52053e+07,0,0,0,8.67616e+07
110.355,110.355,7.80886,0.11,0.04,1.69234,3.08627,0,0.308907,6.048,4.27398e+06,2.70226e+06,7.23303e+06,0,0,0,6.64293e+08,80.8192,79.791,8.9873,0,0,2.79388,1.39995,0,2.19243,3.38688,8.8822e+06,3.61194e+06,2.48158e+07,0,0,0,8.67616e+07
110.355,110.355,7.81505,0.1,0.04,1.69245,3.08634,0,0.317145,6.048,4.27398e+06,2.70226e+06,7.23348e+06,0,0,0,6.64293e+08,80.8192,79.791,9.77907,0,0,2.79388,1.39999,0,2.15855,3.38688,8.8822e+06,3.61194e+06,2.48158e+07,0,0,0,8.67616e+07
110.355,110.355,9.83466,0.1,0.04,1.69255,3.08641,0,0.317164,6.048,4.27398e+06,2.70226e+06,7.23393e+06,0,0,0,6.64293e+08,80.8192,79.791,10.5274,0,0,2.79388,1.40002,0,2.15855,3.38688,8.8822e+06,3.61194e+06,2.48158e+07,0,0,0,8.67616e+07
110.355,110.355,6.55228,0.1,0.04,1.9937,3.38753,0,0.317184,6.048,4.27398e+06,2.70226e+06,8.52105e+06,0,0,0,6.64293e+08,80.8192,79.791,10.3518,0,0,2.9585,1.56467,0,2.15855,3.38688,8.8822e+06,3.61194e+06,2.6278e+07,0,0,0,8.67616e+07
110.355,110.355,6.14987,0.09,0.04,2.15843,3.38761,0,0.37362,6.048,4.27398e+06,2.70226e+06,9.22509e+06,0,0,0,6.64293e+08,80.8192,79.791,10.5117,0,0,2.79388,1.5647,0,2.28573,3.38688,8.8822e+06,3.61194e+06,2.48158e+07,0,0,0,8.67616e+07
110.355,110.355,5.06028,0.08,0.04,2.15855,3.38769,0,0.40449,6.048,4.27398e+06,2.70226e+06,9.22559e+06,0,0,0,6.64293e+08,80.8192,79.791,8.04647,0,0,2.79388,1.56474,0,2.15856,3.38688,8.8822e+06,3.61194e+06,2.48158e+07,0,0,0,8.67616e+07
110.355,110.355,4.64123,0.08,0.04,2.15866,3.38777,0,0.404512,6.048,4.27398e+06,2.70226e+06,9.22608e+06,0,0,0,6.64293e+08,80.8192,79.791,6.87262,0,0,2.79388,1.56478,0,2.15856,3.38688,8.8822e+06,3.61194e+06,2.48158e+07,0,0,0,8.67616e+07
110.355,110.355,7.04925,0.09,0.04,1.72935,2.95842,0,0.404534,6.048,4.27398e+06,2.70226e+06,7.39119e+06,0,0,0,6.64293e+08,80.8192,79.791,7.81382,0,0,2.57295,1.34388,0,2.15856,3.38688,8.8822e+06,3.61194e+06,2.28534e+07,0,0,0,8.67616e+07
110.355,110.355,6.0536,0.13,0.04,1.50852,2.95849,0,0.32408,6.048,4.27398e+06,2.70226e+06,6.44736e+06,0,0,0,6.64293e+08,80.8192,79.791,7.47934,0,0,2.79388,1.34391,0,1.98786,3.38688,8.8822e+06,3.61194e+06,2.48158e+07,0,0,0,8.67616e+07
110.355,110.355,5.2398,0.13,0.04,1.50862,2.95856,0,0.282696,6.048,4.27398e+06,2.70226e+06,6.44779e+06,0,0,0,6.64293e+08,80.8192,79.791,6.88083,0,0,2.79388,1.34394,0,2.15855,3.38688,8.8822e+06,3.61194e+06,2.48158e+07,0,0,0,8.67616e+07
110.355,110.355,6.08468,0.13,0.04,1.50872,2.95863,0,0.282715,6.048,4.27398e+06,2.70226e+06,6.44822e+06,0,0,0,6.64293e+08,80.8192,79.791,7.54856,0,0,2.79388,1.34397,0,2.15855,3.38688,8.8822e+06,3.61194e+06,2.48158e+07,0,0,0,8.67616e+07
110.355,110.355,5.93943,0.13,0.04,1.50882,2.95869,0,0.282734,6.048,4.27398e+06,2.70226e+06,6.44865e+06,0,0,0,6.64293e+08,80.8192,79.791,7.24727,0,0,2.79388,1.344,0,2.15855,3.38688,8.8822e+06,3.61194e+06,2.48158e+07,0,0,0,8.67616e+07
110.355,110.355,4.23822,0.13,0.04,1.61702,3.06687,0,0.282752,6.048,4.27398e+06,2.70226e+06,6.91113e+06,0,0,0,6.64293e+08,80.8192,79.791,5.5289,0,0,2.84794,1.39809,0,2.15855,3.38688,8.8822e+06,3.61194e+06,2.52959e+07,0,0,0,8.67616e+07
110.355,110.355,4.64116,0.13,0.04,1.67118,3.06694,0,0.30303,6.048,4.27398e+06,2.70226e+06,7.1426e+06,0,0,0,6.64293e+08,80.8192,79.791,6.36956,0,0,2.79388,1.39812,0,2.20031,3.38688,8.8822e+06,3.61194e+06,2.48158e+07,0,0,0,8.67616e+07
110.355,110.355,4.78249,0.13,0.04,1.67129,3.06701,0,0.31318,6.048,4.27398e+06,2.70226e+06,7.14305e+06,0,0,0,6.64293e+08,80.8192,79.791,7.15667,0,0,2.79388,1.39815,0,2.15855,3.38688,8.8822e+06,3.61194e+06,2.48158e+07,0,0,0,8.67616e+07
110.355,110.355,6.55186,0.12,0.04,1.67139,3.06709,0,0.313199,6.048,4.27398e+06,2.70226e+06,7.14349e+06,0,0,0,6.64293e+08,80.8192,79.791,8.87804,0,0,2.79388,1.39819,0,2.15855,3.38688,8.8822e+06,3.61194e+06,2.48158e+07,0,0,0,8.67616e+07
110.355,110.355,3.88674,0.11,0.04,1.62922,3.02488,0,0.313219,6.048,4.27398e+06,2.70226e+06,6.96326e+06,0,0,0,6.64293e+08,80.8192,79.791,5.83841,0,0,2.77288,1.37722,0,2.15855,3.38688,8.8822e+06,3.61194e+06,2.46293e+07,0,0,0,8.67616e+07
110.355,110.355,3.44002,0.1,0.04,1.60833,3.02495,0,0.305316,6.048,4.27398e+06,2.70226e+06,6.87396e+06,0,0,0,6.64293e+08,80.8192,79.791,5.15605,0,0,2.79388,1.37725,0,2.14233,3.38688,8.8822e+06,3.61194e+06,2.48158e+07,0,0,0,8.67616e+07
110.355,110.355,3.11043,0.09,0.04,1.60843,3.02503,0,0.301401,6.048,4.27398e+06,2.70226e+06,6.8744e+06,0,0,0,6.64293e+08,80.8192,79.791,4.66947,0,0,2.79388,1.37729,0,2.15855,3.38688,8.8822e+06,3.61194e+06,2.48158e+07,0,0,0,8.67616e+07
110.355,110.355,2.86174,0.07,0.04,1.60854,3.0251,0,0.30142,6.048,4.27398e+06,2.70226e+06,6.87484e+06,0,0,0,6.64293e+08,80.8192,79.791,4.42406,0,0,2.79388,1.37732,0,2.15855,3.38688,8.8822e+06,3.61194e+06,2.48158e+07,0,0,0,8.67616e+07
110.355,110.355,2.761,0.07,0.04,1.75214,3.16867,0,0.30144,6.048,4.27398e+06,2.70226e+06,7.48862e+06,0,0,0,6.64293e+08,80.8192,79.791,4.1543,0,0,2.86835,1.45182,0,2.15855,3.38688,8.8822e+06,3.61194e+06,2.54772e+07,0,0,0,8.67616e+07
110.355,110.355,2.57438,0.06,0.04,1.82672,3.16875,0,0.328352,6.048,4.27398e+06,2.70226e+06,7.80734e+06,0,0,0,6.64293e+08,80.8192,79.791,3.60046,0,0,2.79388,1.45185,0,2.21608,3.38688,8.8822e+06,3.61194e+06,2.48158e+07,0,0,0,8.67616e+07
110.355,110.355,2.48495,0.06,0.04,1.82682,3.16882,0,0.342327,6.048,4.27398e+06,2.70226e+06,7.8078e+06,0,0,0,6.64293e+08,80.8192,79.791,3.86615,0,0,2.79388,1.45189,0,2.15855,3.38688,8.8822e+06,3.61194e+06,2.48158e+07,0,0,0,8.67616e+07
110.165,110.355,2.28481,0.06,0.04,1.82693,3.16889,0,0.342347,6.048,4.27398e+06,2.70226e+06,7.80827e+06,0,0,0,6.64293e+08,80.8192,79.791,3.66572,0,0,2.79388,1.45192,0,2.15855,3.38688,8.8822e+06,3.61194e+06,2.48158e+07,0,0,0,8.67616e+07
109.971,110.355,2.20223,0.06,0.04,1.82704,3.16897,0,0.342367,6.048,4.27398e+06,2.70226e+06,7.80873e+06,0,0,0,6.64293e+08,80.8192,79.791,3.45679,0,0,2.79388,1.45195,0,2.15855,3.38688,8.8822e+06,3.61194e+06,2.48158e+07,0,0,0,8.67616e+07
109.791,110.355,2.13198,0.06,0.04,1.79876,3.14066,0,0.342387,6.048,4.27398e+06,2.70226e+06,7.68788e+06,0,0,0,6.64293e+08,80.6972,79.791,2.94866,0,0,2.83481,1.49292,0,2.15855,3.38688,8.8822e+06,3.61194e+06,2.51794e+07,0,0,0,8.67616e+07
109.496,110.355,2.02165,0.06,0.04,1.8398,3.14073,0,0.337088,6.048,4.27398e+06,2.70226e+06,7.86328e+06,0,0,0,6.64293e+08,80.5298,79.791,2.85445,0,0,2.79388,1.49296,0,2.19018,3.38688,8.8822e+06,3.61194e+06,2.48158e+07,0,0,0,8.67616e+07
109.086,110.355,1.89428,0.06,0.04,1.83991,3.14081,0,0.344779,6.048,4.27398e+06,2.70226e+06,7.86375e+06,0,0,0,6.64293e+08,80.2665,79.791,2.68023,0,0,2.79388,1.49299,0,2.15855,3.38688,8.8822e+06,3.61194e+06,2.48158e+07,0,0,0,8.67616e+07
108.564,110.355,1.77651,0.06,0.04,1.84002,3.14088,0,0.3448,6.048,4.27398e+06,2.70226e+06,7.86421e+06,0,0,0,6.64293e+08,79.9561,79.791,2.52382,0,0,2.79388,1.49303,0,2.15855,3.38688,8.8822e+06,3.61194e+06,2.48158e+07,0,0,0,8.67616e+07
107.919,110.355,1.66832,0.06,0.04,1.91343,3.21426,0,0.34482,6.048,4.27398e+06,2.70226e+06,8.17797e+06,0,0,0,6.64293e+08,79.6497,79.791,2.45838,0,0,2.83037,1.52954,0,2.15855,3.38688,8.8822e+06,3.61194e+06,2.51399e+07,0,0,0,8.67616e+07
107.205,110.355,1.62986,0.06,0.04,1.95003,3.21433,0,0.358577,6.048,4.27398e+06,2.70226e+06,8.33437e+06,0,0,0,6.64293e+08,79.2888,79.791,2.55783,0,0,2.79388,1.52958,0,2.18674,3.38688,8.8822e+06,3.61194e+06,2.48158e+07,0,0,0,8.67616e+07
106.396,110.355,1.52162,0.07,0.04,1.95014,3.21441,0,0.365435,6.048,4.27398e+06,2.70226e+06,8.33484e+06,0,0,0,6.64293e+08,78.8806,79.791,2.41996,0,0,2.79388,1.52962,0,2.15855,3.38688,8.8822e+06,3.61194e+06,2.48158e+07,0,0,0,8.67616e+07
105.473,110.355,1.39654,0.07,0.04,1.95025,3.21448,0,0.365456,6.048,4.27398e+06,2.70226e+06,8.33532e+06,0,0,0,6.64293e+08,78.4666,79.791,2.27024,0,0,2.79388,1.52965,0,2.15855,3.38688,8.8822e+06,3.61194e+06,2.48158e+07,0,0,0,8.67616e+07
104.601,110.355,1.59814,0.07,0.04,2.16504,3.42924,0,0.365476,6.048,4.27398e+06,2.70226e+06,9.25335e+06,0,0,0,6.64293e+08,78.1142,79.791,2.76883,0,0,2.92558,1.66139,0,2.15855,3.38688,8.8822e+06,3.61194e+06,2.59856e+07,0,0,0,8.67616e+07
103.618,110.355,1.58951,0.07,0.04,2.29686,3.42932,0,0.405729,6.048,4.27398e+06,2.70226e+06,9.81673e+06,0,0,0,6.64293e+08,77.7387,79.791,2.69624,0,0,2.79389,1.66143,0,2.26031,3.38688,8.8822e+06,3.61194e+06,2.48159e+07,0,0,0,8.67616e+07
102.374,110.355,1.34517,0.07,0.04,2.29698,3.4294,0,0.430432,6.048,4.27398e+06,2.70226e+06,9.81724e+06,0,0,0,6.64293e+08,77.282,79.791,2.37525,0,0,2.79389,1.66146,0,2.15856,3.38688,8.8822e+06,3.61194e+06,2.48158e+07,0,0,0,8.67616e+07
101.265,110.355,1.4613,0.07,0.04,2.2971,3.42948,0,0.430454,6.048,4.27398e+06,2.70226e+06,9.81775e+06,0,0,0,6.64293e+08,77.0322,79.791,3.13045,0,0,2.79389,1.6615,0,2.15856,3.38688,8.8822e+06,3.61194e+06,2.48159e+07,0,0,0,8.67616e+07
100.058,110.355,1.35625,0.11,0.04,2.29722,3.42956,0,0.430476,6.048,4.27398e+06,2.70226e+06,9.81825e+06,0,0,0,6.64293e+08,76.6186,79.791,2.66635,0,0,2.79389,1.66154,0,2.15856,3.38688,8.8822e+06,3.61194e+06,2.48158e+07,0,0,0,8.67616e+07
98.6223,110.355,1.01299,0.11,0.04,2.19269,3.325,0,0.430498,6.048,4.27398e+06,2.70226e+06,9.37152e+06,0,0,0,6.64293e+08,76.4148,79.791,3.48142,0,0,2.71394,1.58163,0,2.15856,3.38688,8.8822e+06,3.61194e+06,2.41058e+07,0,0,0,8.67616e+07
97.1344,110.355,0.887299,0.12,0.04,2.11286,3.32508,0,0.410911,6.048,4.27398e+06,2.70226e+06,9.03033e+06,0,0,0,6.64293e+08,75.8789,79.791,2.02813,0,0,2.79388,1.58167,0,2.09679,3.38688,8.8822e+06,3.61194e+06,2.48158e+07,0,0,0,8.67616e+07
95.6296,110.355,0.86,0.12,0.04,2.11298,3.32516,0,0.395951,6.048,4.27398e+06,2.70226e+06,9.03082e+06,0,0,0,6.64293e+08,75.3132,79.791,1.86588,0,0,2.79388,1.58171,0,2.15856,3.38688,8.8822e+06,3.61194e+06,2.48158e+07,0,0,0,8.67616e+07
94.7433,110.355,1.7632,0.15,0.04,2.11309,3.32523,0,0.395972,6.048,4.27398e+06,2.70226e+06,9.03131e+06,0,0,0,6.64293e+08,75.2576,79.791,3.05911,0,0,2.79388,1.58175,0,2.15856,3.38688,8.8822e+06,3.61194e+06,2.48158e+07,0,0,0,8.67616e+07
94.1729,110.355,1.95327,0.15,0.04,2.02731,3.23941,0,0.395994,6.048,4.27398e+06,2.70226e+06,8.66466e+06,0,0,0,6.64293e+08,74.2793,79.791,1.82412,0,0,2.72111,1.509,0,2.15856,3.38688,8.8822e+06,3.61194e+06,2.41694e+07,0,0,0,8.67616e+07
92.5982,110.355,0.883858,0.15,0.04,1.95464,3.23949,0,0.379917,6.048,4.27398e+06,2.70226e+06,8.35409e+06,0,0,0,6.64293e+08,73.6635,79.791,1.00344,0,0,2.79388,1.50904,0,2.10233,3.38688,8.8822e+06,3.61194e+06,2.48158e+07,0,0,0,8.67616e+07
91.461,110.355,1.3325,0.16,0.04,1.95475,3.23956,0,0.3663,6.048,4.27398e+06,2.70226e+06,8.35457e+06,0,0,0,6.64293e+08,73.3965,79.791,2.69702,0,0,2.79388,1.50907,0,2.15855,3.38688,8.8822e+06,3.61194e+06,2.48158e+07,0,0,0,8.67616e+07
92.1401,110.355,3.23781,0.17,0.04,1.95486,3.23964,0,0.366321,6.048,4.27398e+06,2.70226e+06,8.35504e+06,0,0,0,6.64293e+08,73.8635,79.791,4.62557,0,0,2.79388,1.50911,0,2.15855,3.38688,8.8822e+06,3.61194e+06,2.48158e+07,0,0,0,8.67616e+07
92.0018,110.355,2.2807,0.17,0.04,1.71099,2.99572,0,0.366341,6.048,4.27398e+06,2.70226e+06,7.31272e+06,0,0,0,6.64293e+08,73.8023,79.791,2.54735,0,0,2.64229,1.35756,0,2.15855,3.38688,8.8822e+06,3.61194e+06,2.34694e+07,0,0,0,8.67616e+07
92.4923,110.355,2.81462,0.17,0.04,1.5595,2.99579,0,0.320639,6.048,4.27398e+06,2.70226e+06,6.66528e+06,0,0,0,6.64293e+08,74.4102,79.791,4.70562,0,0,2.79388,1.35759,0,2.04144,3.38688,8.8822e+06,3.61194e+06,2.48158e+07,0,0,0,8.67616e+07
92.4059,110.355,2.17896,0.17,0.04,1.55961,2.99586,0,0.292251,6.048,4.27398e+06,2.70226e+06,6.66572e+06,0,0,0,6.64293e+08,74.2964,79.791,3.18961,0,0,2.79388,1.35762,0,2.15855,3.38688,8.8822e+06,3.61194e+06,2.48158e+07,0,0,0,8.67616e+07
92.661,110.355,2.54426,0.17,0.04,1.55971,2.99593,0,0.29227,6.048,4.27398e+06,2.70226e+06,6.66615e+06,0,0,0,6.64293e+08,73.9924,79.791,2.79351,0,0,2.79388,1.35765,0,2.15855,3.38688,8.8822e+06,3.61194e+06,2.48158e+07,0,0,0,8.67616e+07
93.2365,110.355,2.84886,0.19,0.04,1.55981,2.996,0,0.292289,6.048,4.27398e+06,2.70226e+06,6.66659e+06,0,0,0,6.64293e+08,74.1675,79.791,3.83328,0,0,2.79388,1.35768,0,2.15855,3.38688,8.8822e+06,3.61194e+06,2.48158e+07,0,0,0,8.67616e+07
96.7269,110.355,5.95891,0.19,0.04,1.65376,3.08993,0,0.292308,6.048,4.27398e+06,2.70226e+06,7.06815e+06,0,0,0,6.64293e+08,75.4829,79.791,7.56343,0,0,2.83778,1.40161,0,2.15855,3.38688,8.8822e+06,3.61194e+06,2.52057e+07,0,0,0,8.67616e+07
98.7633,110.355,4.58914,0.16,0.04,1.69775,3.08998,0,0.309915,6.048,4.27398e+06,2.70226e+06,7.25614e+06,0,0,0,6.64293e+08,76.1157,79.791,4.9699,0,0,2.79387,1.40164,0,2.19247,3.38688,8.8822e+06,3.61194e+06,2.48157e+07,0,0,0,8.67616e+07
99.8578,110.355,3.64966,0.16,0.04,1.69783,3.09004,0,0.318158,6.048,4.27398e+06,2.70226e+06,7.25648e+06,0,0,0,6.64293e+08,76.4612,79.791,4.11533,0,0,2.79387,1.40166,0,2.15855,3.38688,8.8822e+06,3.61194e+06,2.48157e+07,0,0,0,8.67616e+07
100.753,110.355,3.39846,0.14,0.04,1.69791,3.09009,0,0.318173,6.048,4.27398e+06,2.70226e+06,7.25681e+06,0,0,0,6.64293e+08,76.6636,79.791,3.47274,0,0,2.79387,1.40169,0,2.15855,3.38688,8.8822e+06,3.61194e+06,2.48157e+07,0,0,0,8.67616e+07
100.455,110.355,2.42912,0.15,0.04,1.99939,3.39155,0,0.318188,6.048,4.27398e+06,2.70226e+06,8.54535e+06,0,0,0,6.64293e+08,76.8771,79.791,3.42696,0,0,2.95868,1.56652,0,2.15855,3.38688,8.8822e+06,3.61194e+06,2.62796e+07,0,0,0,8.67616e+07
100.646,110.355,3.09152,0.15,0.04,2.16429,3.39161,0,0.374686,6.048,4.27398e+06,2.70226e+06,9.25012e+06,0,0,0,6.64293e+08,77.2326,79.791,3.965,0,0,2.79388,1.56655,0,2.28588,3.38688,8.8822e+06,3.61194e+06,2.48158e+07,0,0,0,8.67616e+07
101.086,110.355,3.3575,0.17,0.04,2.16438,3.39167,0,0.405588,6.048,4.27398e+06,2.70226e+06,9.25049e+06,0,0,0,6.64293e+08,77.6685,79.791,3.82919,0,0,2.79388,1.56658,0,2.15855,3.38688,8.8822e+06,3.61194e+06,2.48158e+07,0,0,0,8.67616e+07
101.331,110.355,3.10759,0.18,0.04,2.16446,3.39173,0,0.405604,6.048,4.27398e+06,2.70226e+06,9.25086e+06,0,0,0,6.64293e+08,78.0223,79.791,3.37485,0,0,2.79388,1.56661,0,2.15855,3.38688,8.8822e+06,3.61194e+06,2.48158e+07,0,0,0,8.67616e+07
103.545,110.355,4.89695,0.19,0.04,1.73462,2.96186,0,0.40562,6.048,4.27398e+06,2.70226e+06,7.41372e+06,0,0,0,6.64293e+08,79.8183,79.791,6.31449,0,0,2.57268,1.34544,0,2.15855,3.38688,8.8822e+06,3.61194e+06,2.28511e+07,0,0,0,8.67616e+07
105.756,110.355,4.71901,0.17,0.04,1.5135,2.96191,0,0.325068,6.048,4.27398e+06,2.70226e+06,6.46868e+06,0,0,0,6.64293e+08,80.8192,79.791,6.54123,0,0,2.79387,1.34546,0,1.98765,3.38688,8.8822e+06,3.61194e+06,2.48157e+07,0,0,0,8.67616e+07
109.509,110.355,6.45433,0.17,0.04,1.51358,2.96196,0,0.283631,6.048,4.27398e+06,2.70226e+06,6.46901e+06,0,0,0,6.64293e+08,80.8192,79.791,9.31597,0,0,2.79387,1.34549,0,2.15855,3.38688,8.8822e+06,3.61194e+06,2.48157e+07,0,0,0,8.67616e+07
110.355,110.355,8.08718,0.13,0.04,1.51366,2.96202,0,0.283645,6.048,4.27398e+06,2.70226e+06,6.46933e+06,0,0,0,6.64293e+08,80.8192,79.791,10.7225,0,0,2.79387,1.34551,0,2.15855,3.38688,8.8822e+06,3.61194e+06,2.48157e+07,0,0,0,8.67616e+07
110.355,110.355,8.6064,0.13,0.04,1.51373,2.96207,0,0.283659,6.048,4.27398e+06,2.70226e+06,6.46966e+06,0,0,0,6.64293e+08,80.8192,79.791,10.0612,0,0,2.79387,1.34553,0,2.15855,3.38688,8.8822e+06,3.61194e+06,2.48157e+07,0,0,0,8.67616e+07
110.355,110.355,8.1139,0.13,0.04,1.62204,3.07035,0,0.283673,6.048,4.27398e+06,2.70226e+06,6.93255e+06,0,0,0,6.64293e+08,80.8192,79.791,10.0403,0,0,2.84799,1.39968,0,2.15855,3.38688,8.8822e+06,3.61194e+06,2.52964e+07,0,0,0,8.67616e+07
110.355,110.355,5.83443,0.13,0.04,1.67623,3.07041,0,0.30397,6.048,4.27398e+06,2.70226e+06,7.16418e+06,0,0,0,6.64293e+08,80.8192,79.791,7.74354,0,0,2.79387,1.3997,0,2.20036,3.38688,8.8822e+06,3.61194e+06,2.48157e+07,0,0,0,8.67616e+07
110.355,110.355,5.00638,0.12,0.04,1.67631,3.07046,0,0.314126,6.048,4.27398e+06,2.70226e+06,7.16452e+06,0,0,0,6.64293e+08,80.8192,79.791,7.41451,0,0,2.79387,1.39972,0,2.15855,3.38688,8.8822e+06,3.61194e+06,2.48157e+07,0,0,0,8.67616e+07
110.355,110.355,4.60106,0.12,0.04,1.67639,3.07051,0,0.314141,6.048,4.27398e+06,2.70226e+06,7.16485e+06,0,0,0,6.64293e+08,80.8192,79.791,7.66753,0,0,2.79387,1.39975,0,2.15855,3.38688,8.8822e+06,3.61194e+06,2.48157e+07,0,0,0,8.67616e+07
110.355,110.355,4.96277,0.11,0.04,1.63415,3.02825,0,0.314155,6.048,4.27398e+06,2.70226e+06,6.98432e+06,0,0,0,6.64293e+08,80.8192,79.791,5.75614,0,0,2.77285,1.37875,0,2.15855,3.38688,8.8822e+06,3.61194e+06,2.4629e+07,0,0,0,8.67616e+07
110.355,110.355,4.42787,0.1,0.04,1.61321,3.0283,0,0.306239,6.048,4.27398e+06,2.70226e+06,6.89481e+06,0,0,0,6.64293e+08,80.8192,79.791,5.34889,0,0,2.79387,1.37878,0,2.14231,3.38688,8.8822e+06,3.61194e+06,2.48157e+07,0,0,0,8.67616e+07
110.355,110.355,4.04988,0.09,0.04,1.61328,3.02835,0,0.302315,6.048,4.27398e+06,2.70226e+06,6.89514e+06,0,0,0,6.64293e+08,80.8192,79.791,5.08306,0,0,2.79387,1.3788,0,2.15855,3.38688,8.8822e+06,3.61194e+06,2.48157e+07,0,0,0,8.67616e+07
110.355,110.355,3.78685,0.07,0.04,1.61336,3.02841,0,0.30233,6.048,4.27398e+06,2.70226e+06,6.89547e+06,0,0,0,6.64293e+08,80.8192,79.791,4.98063,0,0,2.79387,1.37883,0,2.15855,3.38688,8.8822e+06,3.61194e+06,2.48157e+07,0,0,0,8.67616e+07
110.355,110.355,3.41552,0.07,0.04,1.7571,3.17212,0,0.302344,6.048,4.27398e+06,2.70226e+06,7.50981e+06,0,0,0,6.64293e+08,80.8192,79.791,4.93061,0,0,2.86842,1.4534,0,2.15855,3.38688,8.8822e+06,3.61194e+06,2.54779e+07,0,0,0,8.67616e+07
110.355,110.355,3.03584,0.06,0.04,1.83173,3.17218,0,0.329281,6.048,4.27398e+06,2.70226e+06,7.82877e+06,0,0,0,6.64293e+08,80.8192,79.791,4.14482,0,0,2.79387,1.45342,0,2.21614,3.38688,8.8822e+06,3.61194e+06,2.48157e+07,0,0,0,8.67616e+07
110.355,110.355,2.93746,0.06,0.04,1.83181,3.17223,0,0.343266,6.048,4.27398e+06,2.70226e+06,7.82912e+06,0,0,0,6.64293e+08,80.8192,79.791,4.12075,0,0,2.79387,1.45345,0,2.15855,3.38688,8.8822e+06,3.61194e+06,2.48157e+07,0,0,0,8.67616e+07
110.355,110.355,2.75106,0.06,0.04,1.83189,3.17229,0,0.343281,6.048,4.27398e+06,2.70226e+06,7.82947e+06,0,0,0,6.64293e+08,80.8192,79.791,3.76369,0,0,2.79387,1.45348,0,2.15855,3.38688,8.8822e+06,3.61194e+06,2.48157e+07,0,0,0,8.67616e+07
110.355,110.355,2.81826,0.06,0.04,1.83197,3.17235,0,0.343297,6.048,4.27398e+06,2.70226e+06,7.82982e+06,0,0,0,6.64293e+08,80.8192,79.791,3.89382,0,0,2.79387,1.4535,0,2.15855,3.38688,8.8822e+06,3.61194e+06,2.48157e+07,0,0,0,8.67616e+07
110.355,110.355,3.23363,0.06,0.04,1.80364,3.14399,0,0.343312,6.048,4.27398e+06,2.70226e+06,7.70873e+06,0,0,0,6.64293e+08,80.8192,79.791,3.96797,0,0,2.83485,1.4945,0,2.15855,3.38688,8.8822e+06,3.61194e+06,2.51797e+07,0,0,0,8.67616e+07
110.355,110.355,2.98105,0.06,0.04,1.8447,3.14404,0,0.338003,6.048,4.27398e+06,2.70226e+06,7.8842e+06,0,0,0,6.64293e+08,80.8192,79.791,3.82105,0,0,2.79387,1.49453,0,2.19021,3.38688,8.8822e+06,3.61194e+06,2.48157e+07,0,0,0,8.67616e+07
110.355,110.355,2.78686,0.06,0.04,1.84478,3.1441,0,0.345697,6.048,4.27398e+06,2.70226e+06,7.88456e+06,0,0,0,6.64293e+08,80.8192,79.791,3.93247,0,0,2.79387,1.49456,0,2.15855,3.38688,8.8822e+06,3.61194e+06,2.48157e+07,0,0,0,8.67616e+07
110.355,110.355,2.6597,0.06,0.04,1.84486,3.14415,0,0.345712,6.048,4.27398e+06,2.70226e+06,7.8849e+06,0,0,0,6.64293e+08,80.8192,79.791,3.81394,0,0,2.79387,1.49458,0,2.15855,3.38688,8.8822e+06,3.61194e+06,2.48157e+07,0,0,0,8.67616e+07
110.355,110.355,2.52125,0.06,0.04,1.91832,3.21759,0,0.345727,6.048,4.27398e+06,2.70226e+06,8.19888e+06,0,0,0,6.64293e+08,80.8192,79.791,3.47969,0,0,2.8304,1.53113,0,2.15855,3.38688,8.8822e+06,3.61194e+06,2.51401e+07,0,0,0,8.67616e+07
110.355,110.355,2.54143,0.06,0.04,1.95493,3.21765,0,0.359494,6.048,4.27398e+06,2.70226e+06,8.35532e+06,0,0,0,6.64293e+08,80.8192,79.791,3.58959,0,0,2.79387,1.53116,0,2.18676,3.38688,8.8822e+06,3.61194e+06,2.48157e+07,0,0,0,8.67616e+07
110.294,110.355,2.35474,0.06,0.04,1.95501,3.2177,0,0.366354,6.048,4.27398e+06,2.70226e+06,8.35568e+06,0,0,0,6.64293e+08,80.7689,79.791,3.45569,0,0,2.79388,1.53118,0,2.15855,3.38688,8.8822e+06,3.61194e+06,2.48157e+07,0,0,0,8.67616e+07
110.035,110.355,2.14405,0.06,0.04,1.9551,3.21776,0,0.366369,6.048,4.27398e+06,2.70226e+06,8.35604e+06,0,0,0,6.64293e+08,80.6718,79.791,3.03527,0,0,2.79387,1.53121,0,2.15855,3.38688,8.8822e+06,3.61194e+06,2.48157e+07,0,0,0,8.67616e+07
110.111,110.355,2.65481,0.06,0.04,2.17008,3.43272,0,0.366385,6.048,4.27398e+06,2.70226e+06,9.27489e+06,0,0,0,6.64293e+08,80.7833,79.791,4.01333,0,0,2.92571,1.66307,0,2.15855,3.38688,8.8822e+06,3.61194e+06,2.59867e+07,0,0,0,8.67616e+07
110.355,110.355,2.94059,0.06,0.04,2.30201,3.43278,0,0.406674,6.048,4.27398e+06,2.70226e+06,9.83872e+06,0,0,0,6.64293e+08,80.8192,79.791,3.73365,0,0,2.79388,1.6631,0,2.2604,3.38688,8.8822e+06,3.61194e+06,2.48158e+07,0,0,0,8.67616e+07
110.257,110.355,2.63664,0.06,0.04,2.3021,3.43284,0,0.431396,6.048,4.27398e+06,2.70226e+06,9.8391e+06,0,0,0,6.64293e+08,80.8192,79.791,3.5784,0,0,2.79388,1.66313,0,2.15855,3.38688,8.8822e+06,3.61194e+06,2.48158e+07,0,0,0,8.67616e+07
110.213,110.355,2.66469,0.06,0.04,2.30219,3.4329,0,0.431413,6.048,4.27398e+06,2.70226e+06,9.83949e+06,0,0,0,6.64293e+08,80.8192,79.791,3.8732,0,0,2.79388,1.66316,0,2.15855,3.38688,8.8822e+06,3.61194e+06,2.48158e+07,0,0,0,8.67616e+07
110.355,110.355,2.96018,0.06,0.04,2.30228,3.43296,0,0.43143,6.048,4.27398e+06,2.70226e+06,9.83987e+06,0,0,0,6.64293e+08,80.8192,79.791,4.66535,0,0,2.79388,1.66319,0,2.15855,3.38688,8.8822e+06,3.61194e+06,2.48158e+07,0,0,0,8.67616e+07
110.355,110.355,4.00434,0.06,0.04,2.19762,3.32828,0,0.431446,6.048,4.27398e+06,2.70226e+06,9.39258e+06,0,0,0,6.64293e+08,80.8192,79.791,4.90206,0,0,2.71385,1.58319,0,2.15855,3.38688,8.8822e+06,3.61194e+06,2.4105e+07,0,0,0,8.67616e+07
110.355,110.355,3.9468,0.06,0.04,2.11768,3.32834,0,0.411834,6.048,4.27398e+06,2.70226e+06,9.05093e+06,0,0,0,6.64293e+08,80.8192,79.791,5.77935,0,0,2.79388,1.58322,0,2.09672,3.38688,8.8822e+06,3.61194e+06,2.48158e+07,0,0,0,8.67616e+07
110.355,110.355,4.27778,0.06,0.04,2.11777,3.3284,0,0.396854,6.048,4.27398e+06,2.70226e+06,9.0513e+06,0,0,0,6.64293e+08,80.8192,79.791,6.31455,0,0,2.79388,1.58325,0,2.15855,3.38688,8.8822e+06,3.61194e+06,2.48158e+07,0,0,0,8.67616e+07
110.355,110.355,4.43895,0.06,0.04,2.11786,3.32845,0,0.39687,6.048,4.27398e+06,2.70226e+06,9.05167e+06,0,0,0,6.64293e+08,80.8192,79.791,6.65518,0,0,2.79388,1.58328,0,2.15855,3.38688,8.8822e+06,3.61194e+06,2.48158e+07,0,0,0,8.67616e+07
110.355,110.355,4.49926,0.06,0.04,2.03196,3.24253,0,0.396886,6.048,4.27398e+06,2.70226e+06,8.68455e+06,0,0,0,6.64293e+08,80.8192,79.791,5.68511,0,0,2.72103,1.51046,0,2.15855,3.38688,8.8822e+06,3.61194e+06,2.41687e+07,0,0,0,8.67616e+07
110.355,110.355,5.27664,0.06,0.04,1.9592,3.24259,0,0.380789,6.048,4.27398e+06,2.70226e+06,8.37356e+06,0,0,0,6.64293e+08,80.8192,79.791,5.05638,0,0,2.79387,1.51048,0,2.10227,3.38688,8.8822e+06,3.61194e+06,2.48157e+07,0,0,0,8.67616e+07
110.355,110.355,4.70517,0.07,0.04,1.95928,3.24264,0,0.367153,6.048,4.27398e+06,2.70226e+06,8.37392e+06,0,0,0,6.64293e+08,80.8192,79.791,5.57576,0,0,2.79387,1.51051,0,2.15855,3.38688,8.8822e+06,3.61194e+06,2.48157e+07,0,0,0,8.67616e+07
110.355,110.355,6.22872,0.08,0.04,1.95936,3.2427,0,0.367169,6.048,4.27398e+06,2.70226e+06,8.37428e+06,0,0,0,6.64293e+08,80.8192,79.791,6.72914,0,0,2.79387,1.51054,0,2.15855,3.38688,8.8822e+06,3.61194e+06,2.48157e+07,0,0,0,8.67616e+07
110.355,110.355,4.8693,0.08,0.04,1.71523,2.99854,0,0.367185,6.048,4.27398e+06,2.70226e+06,7.33086e+06,0,0,0,6.64293e+08,80.8192,79.791,5.98462,0,0,2.64214,1.35883,0,2.15855,3.38688,8.8822e+06,3.61194e+06,2.3468e+07,0,0,0,8.67616e+07
110.355,110.355,4.12686,0.1,0.04,1.56358,2.99859,0,0.321434,6.048,4.27398e+06,2.70226e+06,6.6827e+06,0,0,0,6.64293e+08,80.8192,79.791,6.0683,0,0,2.79387,1.35886,0,2.04132,3.38688,8.8822e+06,3.61194e+06,2.48157e+07,0,0,0,8.67616e+07
110.355,110.355,6.54543,0.1,0.04,1.56366,2.99865,0,0.293015,6.048,4.27398e+06,2.70226e+06,6.68303e+06,0,0,0,6.64293e+08,80.8192,79.791,7.27787,0,0,2.79387,1.35888,0,2.15855,3.38688,8.8822e+06,3.61194e+06,2.48157e+07,0,0,0,8.67616e+07
110.355,110.355,6.62539,0.12,0.04,1.56373,2.9987,0,0.293029,6.048,4.27398e+06,2.70226e+06,6.68336e+06,0,0,0,6.64293e+08,80.8192,79.791,6.96912,0,0,2.79387,1.3589,0,2.15855,3.38688,8.8822e+06,3.61194e+06,2.48157e+07,0,0,0,8.67616e+07
110.355,110.355,3.35575,0.11,0.04,1.56381,2.99875,0,0.293044,6.048,4.27398e+06,2.70226e+06,6.68369e+06,0,0,0,6.64293e+08,80.8192,79.791,3.99668,0,0,2.79387,1.35893,0,2.15855,3.38688,8.8822e+06,3.61194e+06,2.48157e+07,0,0,0,8.67616e+07
110.355,110.355,4.24633,0.11,0.04,1.65783,3.09275,0,0.293058,6.048,4.27398e+06,2.70226e+06,7.08551e+06,0,0,0,6.64293e+08,80.8192,79.791,4.84854,0,0,2.83781,1.40289,0,2.15855,3.38688,8.8822e+06,3.61194e+06,2.5206e+07,0,0,0,8.67616e+07
110.355,110.355,4.93673,0.11,0.04,1.70183,3.09278,0,0.310677,6.048,4.27398e+06,2.70226e+06,7.27356e+06,0,0,0,6.64293e+08,80.8192,79.791,5.97728,0,0,2.79386,1.40291,0,2.19249,3.38688,8.8822e+06,3.61194e+06,2.48157e+07,0,0,0,8.67616e+07
110.355,110.355,6.66149,0.1,0.04,1.70188,3.09282,0,0.318922,6.048,4.27398e+06,2.70226e+06,7.27379e+06,0,0,0,6.64293e+08,80.8192,79.791,7.69696,0,0,2.79386,1.40292,0,2.15854,3.38688,8.8822e+06,3.61194e+06,2.48157e+07,0,0,0,8.67616e+07
110.355,110.355,11.7034,0.1,0.04,1.70193,3.09286,0,0.318932,6.048,4.27398e+06,2.70226e+06,7.27402e+06,0,0,0,6.64293e+08,80.8192,79.791,13.1785,0,0,2.79386,1.40294,0,2.15854,3.38688,8.8822e+06,3.61194e+06,2.48157e+07,0,0,0,8.67616e+07
110.355,110.355,7.23621,0.1,0.04,2.00366,3.39457,0,0.318942,6.048,4.27398e+06,2.70226e+06,8.5636e+06,0,0,0,6.64293e+08,80.8192,79.791,7.67165,0,0,2.95882,1.56792,0,2.15854,3.38688,8.8822e+06,3.61194e+06,2.62808e+07,0,0,0,8.67616e+07
110.355,110.355,5.15375,0.09,0.04,2.16868,3.39461,0,0.375486,6.048,4.27398e+06,2.70226e+06,9.26887e+06,0,0,0,6.64293e+08,80.8192,79.791,6.25483,0,0,2.79387,1.56794,0,2.28599,3.38688,8.8822e+06,3.61194e+06,2.48157e+07,0,0,0,8.67616e+07
110.355,110.355,5.29811,0.08,0.04,2.16874,3.39465,0,0.40641,6.048,4.27398e+06,2.70226e+06,9.26913e+06,0,0,0,6.64293e+08,80.8192,79.791,5.94277,0,0,2.79387,1.56795,0,2.15854,3.38688,8.8822e+06,3.61194e+06,2.48157e+07,0,0,0,8.67616e+07
110.355,110.355,5.53624,0.08,0.04,2.1688,3.39469,0,0.406421,6.048,4.27398e+06,2.70226e+06,9.26938e+06,0,0,0,6.64293e+08,80.8192,79.791,5.71359,0,0,2.79387,1.56797,0,2.15854,3.38688,8.8822e+06,3.61194e+06,2.48157e+07,0,0,0,8.67616e+07
110.355,110.355,6.08383,0.09,0.04,1.73855,2.96443,0,0.406432,6.048,4.27398e+06,2.70226e+06,7.43053e+06,0,0,0,6.64293e+08,80.8192,79.791,5.40005,0,0,2.57248,1.34661,0,2.15854,3.38688,8.8822e+06,3.61194e+06,2.28493e+07,0,0,0,8.67616e+07
110.355,110.355,6.59702,0.13,0.04,1.51722,2.96446,0,0.325804,6.048,4.27398e+06,2.70226e+06,6.48456e+06,0,0,0,6.64293e+08,80.8192,79.791,6.16393,0,0,2.79386,1.34662,0,1.9875,3.38688,8.8822e+06,3.61194e+06,2.48156e+07,0,0,0,8.67616e+07
110.355,110.355,6.6675,0.13,0.04,1.51727,2.9645,0,0.284327,6.048,4.27398e+06,2.70226e+06,6.48478e+06,0,0,0,6.64293e+08,80.8192,79.791,10.8121,0,0,2.79386,1.34664,0,2.15854,3.38688,8.8822e+06,3.61194e+06,2.48156e+07,0,0,0,8.67616e+07
110.355,110.355,6.28274,0.13,0.04,1.51732,2.96453,0,0.284337,6.048,4.27398e+06,2.70226e+06,6.485e+06,0,0,0,6.64293e+08,80.8192,79.791,6.99574,0,0,2.79386,1.34665,0,2.15854,3.38688,8.8822e+06,3.61194e+06,2.48156e+07,0,0,0,8.67616e+07
110.355,110.355,9.61854,0.13,0.04,1.51737,2.96457,0,0.284346,6.048,4.27398e+06,2.70226e+06,6.48522e+06,0,0,0,6.64293e+08,80.8192,79.791,14.9387,0,0,2.79386,1.34667,0,2.15854,3.38688,8.8822e+06,3.61194e+06,2.48156e+07,0,0,0,8.67616e+07
110.355,110.355,8.72524,0.13,0.04,1.62575,3.07292,0,0.284356,6.048,4.27398e+06,2.70226e+06,6.9484e+06,0,0,0,6.64293e+08,80.8192,79.791,8.93108,0,0,2.84803,1.40085,0,2.15854,3.38688,8.8822e+06,3.61194e+06,2.52967e+07,0,0,0,8.67616e+07
110.355,110.355,6.91982,0.13,0.04,1.67996,3.07296,0,0.304665,6.048,4.27398e+06,2.70226e+06,7.18012e+06,0,0,0,6.64293e+08,80.8192,79.791,7.91277,0,0,2.79386,1.40087,0,2.20039,3.38688,8.8822e+06,3.61194e+06,2.48157e+07,0,0,0,8.67616e+07
110.355,110.355,6.50286,0.13,0.04,1.68001,3.073,0,0.314825,6.048,4.27398e+06,2.70226e+06,7.18035e+06,0,0,0,6.64293e+08,80.8192,79.791,8.63792,0,0,2.79386,1.40088,0,2.15854,3.38688,8.8822e+06,3.61194e+06,2.48157e+07,0,0,0,8.67616e+07
110.355,110.355,6.18261,0.12,0.04,1.68007,3.07303,0,0.314835,6.048,4.27398e+06,2.70226e+06,7.18058e+06,0,0,0,6.64293e+08,80.8192,79.791,7.97701,0,0,2.79386,1.4009,0,2.15854,3.38688,8.8822e+06,3.61194e+06,2.48157e+07,0,0,0,8.67616e+07
110.355,110.355,5.95653,0.11,0.04,1.63777,3.03072,0,0.314845,6.048,4.27398e+06,2.70226e+06,6.99978e+06,0,0,0,6.64293e+08,80.8192,79.791,7.44211,0,0,2.77283,1.37988,0,2.15854,3.38688,8.8822e+06,3.61194e+06,2.46288e+07,0,0,0,8.67616e+07
110.355,110.355,5.71743,0.1,0.04,1.61678,3.03075,0,0.306918,6.048,4.27398e+06,2.70226e+06,6.91009e+06,0,0,0,6.64293e+08,80.8192,79.791,7.4172,0,0,2.79386,1.37989,0,2.14229,3.38688,8.8822e+06,3.61194e+06,2.48157e+07,0,0,0,8.67616e+07
110.355,110.355,4.81253,0.09,0.04,1.61684,3.03079,0,0.302985,6.048,4.27398e+06,2.70226e+06,6.91032e+06,0,0,0,6.64293e+08,80.8192,79.791,6.32943,0,0,2.79386,1.37991,0,2.15854,3.38688,8.8822e+06,3.61194e+06,2.48157e+07,0,0,0,8.67616e+07
110.355,110.355,4.42212,0.07,0.04,1.61689,3.03083,0,0.302995,6.048,4.27398e+06,2.70226e+06,6.91055e+06,0,0,0,6.64293e+08,80.8192,79.791,5.71816,0,0,2.79386,1.37993,0,2.15854,3.38688,8.8822e+06,3.61194e+06,2.48157e+07,0,0,0,8.67616e+07
110.355,110.355,4.10413,0.07,0.04,1.76072,3.17464,0,0.303005,6.048,4.27398e+06,2.70226e+06,7.52526e+06,0,0,0,6.64293e+08,80.8192,79.791,4.94345,0,0,2.86847,1.45455,0,2.15854,3.38688,8.8822e+06,3.61194e+06,2.54783e+07,0,0,0,8.67616e+07
110.355,110.355,3.91129,0.06,0.04,1.83538,3.17467,0,0.329958,6.048,4.27398e+06,2.70226e+06,7.84437e+06,0,0,0,6.64293e+08,80.8192,79.791,4.79865,0,0,2.79387,1.45457,0,2.21618,3.38688,8.8822e+06,3.61194e+06,2.48157e+07,0,0,0,8.67616e+07
110.355,110.355,3.81747,0.06,0.04,1.83543,3.17471,0,0.34395,6.048,4.27398e+06,2.70226e+06,7.8446e+06,0,0,0,6.64293e+08,80.8192,79.791,5.29832,0,0,2.79387,1.45459,0,2.15854,3.38688,8.8822e+06,3.61194e+06,2.48157e+07,0,0,0,8.67616e+07
110.355,110.355,3.61131,0.06,0.04,1.83549,3.17475,0,0.34396,6.048,4.27398e+06,2.70226e+06,7.84484e+06,0,0,0,6.64293e+08,80.8192,79.791,4.51713,0,0,2.79387,1.4546,0,2.15854,3.38688,8.8822e+06,3.61194e+06,2.48157e+07,0,0,0,8.67616e+07
110.355,110.355,3.29377,0.06,0.04,1.83554,3.17479,0,0.343971,6.048,4.27398e+06,2.70226e+06,7.84508e+06,0,0,0,6.64293e+08,80.8192,79.791,3.89728,0,0,2.79387,1.45462,0,2.15854,3.38688,8.8822e+06,3.61194e+06,2.48157e+07,0,0,0,8.67616e+07
110.355,110.355,2.56526,0.06,0.04,1.80717,3.14639,0,0.343981,6.048,4.27398e+06,2.70226e+06,7.72378e+06,0,0,0,6.64293e+08,80.7592,79.791,3.1924,0,0,2.83487,1.49565,0,2.15854,3.38688,8.8822e+06,3.61194e+06,2.51799e+07,0,0,0,8.67616e+07
110.355,110.355,2.42079,0.06,0.04,1.84823,3.14643,0,0.338663,6.048,4.27398e+06,2.70226e+06,7.89928e+06,0,0,0,6.64293e+08,80.6497,79.791,3.00598,0,0,2.79387,1.49566,0,2.19022,3.38688,8.8822e+06,3.61194e+06,2.48157e+07,0,0,0,8.67616e+07
110.224,110.355,2.2161,0.06,0.04,1.84828,3.14647,0,0.346358,6.048,4.27398e+06,2.70226e+06,7.89952e+06,0,0,0,6.64293e+08,80.5321,79.791,2.99462,0,0,2.79387,1.49568,0,2.15854,3.38688,8.8822e+06,3.61194e+06,2.48157e+07,0,0,0,8.67616e+07
109.897,110.355,2.00412,0.06,0.04,1.84834,3.1465,0,0.346368,6.048,4.27398e+06,2.70226e+06,7.89976e+06,0,0,0,6.64293e+08,80.356,79.791,2.67827,0,0,2.79387,1.4957,0,2.15854,3.38688,8.8822e+06,3.61194e+06,2.48157e+07,0,0,0,8.67616e+07
109.507,110.355,1.94177,0.06,0.04,1.92183,3.21998,0,0.346379,6.048,4.27398e+06,2.70226e+06,8.21385e+06,0,0,0,6.64293e+08,80.0614,79.791,2.60941,0,0,2.83041,1.53227,0,2.15854,3.38688,8.8822e+06,3.61194e+06,2.51403e+07,0,0,0,8.67616e+07
109.063,110.355,1.89871,0.06,0.04,1.95843,3.22002,0,0.360151,6.048,4.27398e+06,2.70226e+06,8.3703e+06,0,0,0,6.64293e+08,79.7452,79.791,2.67579,0,0,2.79387,1.53228,0,2.18678,3.38688,8.8822e+06,3.61194e+06,2.48157e+07,0,0,0,8.67616e+07
108.415,110.355,1.68748,0.06,0.04,1.95849,3.22005,0,0.36701,6.048,4.27398e+06,2.70226e+06,8.37055e+06,0,0,0,6.64293e+08,79.3889,79.791,2.50345,0,0,2.79387,1.5323,0,2.15854,3.38688,8.8822e+06,3.61194e+06,2.48157e+07,0,0,0,8.67616e+07
107.624,110.355,1.53619,0.06,0.04,1.95855,3.22009,0,0.367021,6.048,4.27398e+06,2.70226e+06,8.37079e+06,0,0,0,6.64293e+08,79.0163,79.791,2.36866,0,0,2.79387,1.53232,0,2.15854,3.38688,8.8822e+06,3.61194e+06,2.48157e+07,0,0,0,8.67616e+07
106.527,110.355,1.36687,0.06,0.04,2.17366,3.43519,0,0.367032,6.048,4.27398e+06,2.70226e+06,9.29019e+06,0,0,0,6.64293e+08,78.6049,79.791,2.28371,0,0,2.92579,1.66427,0,2.15854,3.38688,8.8822e+06,3.61194e+06,2.59875e+07,0,0,0,8.67616e+07
105.478,110.355,1.50444,0.07,0.04,2.30565,3.43523,0,0.407344,6.048,4.27398e+06,2.70226e+06,9.8543e+06,0,0,0,6.64293e+08,78.1578,79.791,2.205,0,0,2.79387,1.66429,0,2.26047,3.38688,8.8822e+06,3.61194e+06,2.48157e+07,0,0,0,8.67616e+07
104.18,110.355,1.2726,0.07,0.04,2.30571,3.43527,0,0.432079,6.048,4.27398e+06,2.70226e+06,9.85456e+06,0,0,0,6.64293e+08,77.64,79.791,1.94192,0,0,2.79387,1.66431,0,2.15854,3.38688,8.8822e+06,3.61194e+06,2.48157e+07,0,0,0,8.67616e+07
103.012,110.355,1.38289,0.07,0.04,2.30577,3.43531,0,0.43209,6.048,4.27398e+06,2.70226e+06,9.85482e+06,0,0,0,6.64293e+08,77.303,79.791,2.56281,0,0,2.79387,1.66433,0,2.15854,3.38688,8.8822e+06,3.61194e+06,2.48157e+07,0,0,0,8.67616e+07
101.751,110.355,1.287,0.07,0.04,2.30583,3.43535,0,0.432102,6.048,4.27398e+06,2.70226e+06,9.85508e+06,0,0,0,6.64293e+08,76.8506,79.791,2.30593,0,0,2.79387,1.66435,0,2.15854,3.38688,8.8822e+06,3.61194e+06,2.48157e+07,0,0,0,8.67616e+07
101.168,110.355,2.00647,0.08,0.04,2.20108,3.33058,0,0.432113,6.048,4.27398e+06,2.70226e+06,9.40735e+06,0,0,0,6.64293e+08,76.7559,79.791,3.20731,0,0,2.71379,1.58429,0,2.15854,3.38688,8.8822e+06,3.61194e+06,2.41044e+07,0,0,0,8.67616e+07
100.831,110.355,2.17557,0.12,0.04,2.12106,3.33062,0,0.412482,6.048,4.27398e+06,2.70226e+06,9.06535e+06,0,0,0,6.64293e+08,76.9501,79.791,3.94265,0,0,2.79387,1.58431,0,2.09667,3.38688,8.8822e+06,3.61194e+06,2.48157e+07,0,0,0,8.67616e+07
100.068,110.355,1.71707,0.12,0.04,2.12112,3.33066,0,0.397486,6.048,4.27398e+06,2.70226e+06,9.0656e+06,0,0,0,6.64293e+08,76.7881,79.791,3.11211,0,0,2.79387,1.58433,0,2.15854,3.38688,8.8822e+06,3.61194e+06,2.48157e+07,0,0,0,8.67616e+07
99.476,110.355,1.92456,0.13,0.04,2.12117,3.3307,0,0.397497,6.048,4.27398e+06,2.70226e+06,9.06585e+06,0,0,0,6.64293e+08,76.6174,79.791,3.02319,0,0,2.79387,1.58434,0,2.15854,3.38688,8.8822e+06,3.61194e+06,2.48157e+07,0,0,0,8.67616e+07
98.9421,110.355,2.03691,0.13,0.04,2.03519,3.2447,0,0.397508,6.048,4.27398e+06,2.70226e+06,8.69837e+06,0,0,0,6.64293e+08,76.7565,79.791,3.8889,0,0,2.72097,1.51147,0,2.15854,3.38688,8.8822e+06,3.61194e+06,2.41682e+07,0,0,0,8.67616e+07
97.9667,110.355,1.60752,0.14,0.04,1.96235,3.24473,0,0.381395,6.048,4.27398e+06,2.70226e+06,8.38706e+06,0,0,0,6.64293e+08,76.9783,79.791,3.83427,0,0,2.79387,1.51149,0,2.10222,3.38688,8.8822e+06,3.61194e+06,2.48157e+07,0,0,0,8.67616e+07
101.421,110.355,6.16118,0.14,0.04,1.96241,3.24477,0,0.367745,6.048,4.27398e+06,2.70226e+06,8.3873e+06,0,0,0,6.64293e+08,77.9073,79.791,6.1504,0,0,2.79387,1.5115,0,2.15854,3.38688,8.8822e+06,3.61194e+06,2.48157e+07,0,0,0,8.67616e+07
103.358,110.355,4.76729,0.14,0.04,1.96247,3.24481,0,0.367756,6.048,4.27398e+06,2.70226e+06,8.38754e+06,0,0,0,6.64293e+08,79.0072,79.791,6.40735,0,0,2.79387,1.51152,0,2.15854,3.38688,8.8822e+06,3.61194e+06,2.48157e+07,0,0,0,8.67616e+07
104.512,110.355,3.7384,0.12,0.04,1.71815,3.00048,0,0.367766,6.048,4.27398e+06,2.70226e+06,7.34334e+06,0,0,0,6.64293e+08,79.9483,79.791,5.44199,0,0,2.64204,1.35971,0,2.15854,3.38688,8.8822e+06,3.61194e+06,2.34671e+07,0,0,0,8.67616e+07
107.667,110.355,5.64972,0.13,0.04,1.56638,3.00051,0,0.321981,6.048,4.27398e+06,2.70226e+06,6.69465e+06,0,0,0,6.64293e+08,80.8192,79.791,7.64212,0,0,2.79386,1.35973,0,2.04124,3.38688,8.8822e+06,3.61194e+06,2.48157e+07,0,0,0,8.67616e+07
110.355,110.355,6.93659,0.1,0.04,1.56643,3.00055,0,0.293539,6.048,4.27398e+06,2.70226e+06,6.69488e+06,0,0,0,6.64293e+08,80.8192,79.791,10.0085,0,0,2.79386,1.35974,0,2.15854,3.38688,8.8822e+06,3.61194e+06,2.48157e+07,0,0,0,8.67616e+07
110.355,110.355,5.4647,0.12,0.04,1.56648,3.00058,0,0.293548,6.048,4.27398e+06,2.70226e+06,6.6951e+06,0,0,0,6.64293e+08,80.8192,79.791,4.18987,0,0,2.79386,1.35976,0,2.15854,3.38688,8.8822e+06,3.61194e+06,2.48156e+07,0,0,0,8.67616e+07
110.355,110.355,6.72679,0.12,0.04,1.56653,3.00062,0,0.293558,6.048,4.27398e+06,2.70226e+06,6.69532e+06,0,0,0,6.64293e+08,80.8192,79.791,4.49653,0,0,2.79386,1.35978,0,2.15854,3.38688,8.8822e+06,3.61194e+06,2.48157e+07,0,0,0,8.67616e+07
110.355,110.355,7.53368,0.12,0.04,1.56655,3.00062,0,0.293568,6.048,4.27398e+06,2.70226e+06,6.69539e+06,0,0,0,6.64293e+08,80.8192,79.791,5.64246,0,0,2.79385,1.35978,0,2.15854,3.38688,8.8822e+06,3.61194e+06,2.48155e+07,0,0,0,8.67616e+07
110.355,110.355,5.95984,0.11,0.04,1.66058,3.09465,0,0.293571,6.048,4.27398e+06,2.70226e+06,7.09729e+06,0,0,0,6.64293e+08,80.8192,79.791,4.63183,0,0,2.83783,1.40376,0,2.15853,3.38688,8.8822e+06,3.61194e+06,2.52062e+07,0,0,0,8.67616e+07
110.355,110.355,5.07716,0.11,0.04,1.70458,3.09467,0,0.311193,6.048,4.27398e+06,2.70226e+06,7.28535e+06,0,0,0,6.64293e+08,80.8192,79.791,5.05942,0,0,2.79386,1.40377,0,2.19251,3.38688,8.8822e+06,3.61194e+06,2.48156e+07,0,0,0,8.67616e+07
110.355,110.355,7.33655,0.1,0.04,1.70461,3.09469,0,0.319439,6.048,4.27398e+06,2.70226e+06,7.28548e+06,0,0,0,6.64293e+08,80.8192,79.791,5.62731,0,0,2.79386,1.40378,0,2.15853,3.38688,8.8822e+06,3.61194e+06,2.48156e+07,0,0,0,8.67616e+07
110.355,110.355,5.89418,0.1,0.04,1.70464,3.09471,0,0.319444,6.048,4.27398e+06,2.70226e+06,7.2856e+06,0,0,0,6.64293e+08,80.8192,79.791,5.28039,0,0,2.79386,1.40378,0,2.15853,3.38688,8.8822e+06,3.61194e+06,2.48156e+07,0,0,0,8.67616e+07
110.355,110.355,5.47559,0.09,0.04,2.00652,3.39659,0,0.31945,6.048,4.27398e+06,2.70226e+06,8.57583e+06,0,0,0,6.64293e+08,80.8192,79.791,6.25626,0,0,2.95891,1.56885,0,2.15853,3.38688,8.8822e+06,3.61194e+06,2.62816e+07,0,0,0,8.67616e+07
110.355,110.355,5.16267,0.08,0.04,2.17161,3.39661,0,0.376022,6.048,4.27398e+06,2.70226e+06,9.28141e+06,0,0,0,6.64293e+08,80.8192,79.791,4.50203,0,0,2.79386,1.56886,0,2.28606,3.38688,8.8822e+06,3.61194e+06,2.48156e+07,0,0,0,8.67616e+07
110.355,110.355,8.80514,0.08,0.04,2.17164,3.39663,0,0.40696,6.048,4.27398e+06,2.70226e+06,9.28155e+06,0,0,0,6.64293e+08,80.8192,79.791,6.13691,0,0,2.79386,1.56887,0,2.15853,3.38688,8.8822e+06,3.61194e+06,2.48156e+07,0,0,0,8.67616e+07
110.355,110.355,5.59169,0.09,0.04,2.17167,3.39665,0,0.406966,6.048,4.27398e+06,2.70226e+06,9.28169e+06,0,0,0,6.64293e+08,80.8192,79.791,4.40748,0,0,2.79386,1.56888,0,2.15853,3.38688,8.8822e+06,3.61194e+06,2.48156e+07,0,0,0,8.67616e+07
110.355,110.355,7.04032,0.13,0.04,1.74116,2.96612,0,0.406972,6.048,4.27398e+06,2.70226e+06,7.44166e+06,0,0,0,6.64293e+08,80.8192,79.791,6.70462,0,0,2.57234,1.34738,0,2.15853,3.38688,8.8822e+06,3.61194e+06,2.28481e+07,0,0,0,8.67616e+07
110.355,110.355,6.6189,0.13,0.04,1.51967,2.96614,0,0.326293,6.048,4.27398e+06,2.70226e+06,6.49504e+06,0,0,0,6.64293e+08,80.7883,79.791,4.57136,0,0,2.79386,1.34739,0,1.98739,3.38688,8.8822e+06,3.61194e+06,2.48156e+07,0,0,0,8.67616e+07
110.355,110.355,9.64501,0.14,0.04,1.5197,2.96616,0,0.284786,6.048,4.27398e+06,2.70226e+06,6.49516e+06,0,0,0,6.64293e+08,80.8192,79.791,9.68369,0,0,2.79386,1.34739,0,2.15853,3.38688,8.8822e+06,3.61194e+06,2.48156e+07,0,0,0,8.67616e+07
110.355,110.355,11.1223,0.13,0.04,1.51973,2.96618,0,0.284792,6.048,4.27398e+06,2.70226e+06,6.49528e+06,0,0,0,6.64293e+08,80.8192,79.791,7.68388,0,0,2.79386,1.3474,0,2.15853,3.38688,8.8822e+06,3.61194e+06,2.48156e+07,0,0,0,8.67616e+07
110.355,110.355,10.3399,0.14,0.04,1.51975,2.9662,0,0.284797,6.048,4.27398e+06,2.70226e+06,6.4954e+06,0,0,0,6.64293e+08,80.8192,79.791,9.05216,0,0,2.79386,1.34741,0,2.15853,3.38688,8.8822e+06,3.61194e+06,2.48156e+07,0,0,0,8.67616e+07
110.355,110.355,6.30038,0.14,0.04,1.62816,3.0746,0,0.284802,6.048,4.27398e+06,2.70226e+06,6.95872e+06,0,0,0,6.64293e+08,80.8192,79.791,6.32191,0,0,2.84805,1.40161,0,2.15853,3.38688,8.8822e+06,3.61194e+06,2.52969e+07,0,0,0,8.67616e+07
110.355,110.355,5.27047,0.13,0.04,1.68238,3.07462,0,0.305117,6.048,4.27398e+06,2.70226e+06,7.19046e+06,0,0,0,6.64293e+08,80.8192,79.791,5.84377,0,0,2.79386,1.40162,0,2.2004,3.38688,8.8822e+06,3.61194e+06,2.48156e+07,0,0,0,8.67616e+07
110.355,110.355,4.69466,0.12,0.04,1.68241,3.07464,0,0.315278,6.048,4.27398e+06,2.70226e+06,7.19058e+06,0,0,0,6.64293e+08,80.8192,79.791,5.39738,0,0,2.79386,1.40163,0,2.15853,3.38688,8.8822e+06,3.61194e+06,2.48156e+07,0,0,0,8.67616e+07
110.355,110.355,5.12873,0.12,0.04,1.68244,3.07466,0,0.315284,6.048,4.27398e+06,2.70226e+06,7.19071e+06,0,0,0,6.64293e+08,80.8192,79.791,5.45608,0,0,2.79386,1.40164,0,2.15853,3.38688,8.8822e+06,3.61194e+06,2.48156e+07,0,0,0,8.67616e+07
110.355,110.355,4.62179,0.1,0.04,1.64009,3.0323,0,0.315289,6.048,4.27398e+06,2.70226e+06,7.00971e+06,0,0,0,6.64293e+08,80.8192,79.791,5.29053,0,0,2.77281,1.3806,0,2.15853,3.38688,8.8822e+06,3.61194e+06,2.46286e+07,0,0,0,8.67616e+07
110.355,110.355,4.20578,0.09,0.04,1.61907,3.03232,0,0.307353,6.048,4.27398e+06,2.70226e+06,6.91987e+06,0,0,0,6.64293e+08,80.8192,79.791,4.44604,0,0,2.79386,1.38061,0,2.14227,3.38688,8.8822e+06,3.61194e+06,2.48156e+07,0,0,0,8.67616e+07
110.355,110.355,4.18114,0.07,0.04,1.6191,3.03234,0,0.303414,6.048,4.27398e+06,2.70226e+06,6.91999e+06,0,0,0,6.64293e+08,80.8192,79.791,4.53419,0,0,2.79386,1.38062,0,2.15853,3.38688,8.8822e+06,3.61194e+06,2.48156e+07,0,0,0,8.67616e+07
110.355,110.355,3.87646,0.07,0.04,1.61913,3.03236,0,0.303419,6.048,4.27398e+06,2.70226e+06,6.92011e+06,0,0,0,6.64293e+08,80.8192,79.791,4.57189,0,0,2.79386,1.38063,0,2.15853,3.38688,8.8822e+06,3.61194e+06,2.48156e+07,0,0,0,8.67616e+07
110.355,110.355,3.81417,0.06,0.04,1.763,3.17622,0,0.303424,6.048,4.27398e+06,2.70226e+06,7.53503e+06,0,0,0,6.64293e+08,80.8192,79.791,5.15124,0,0,2.8685,1.45528,0,2.15853,3.38688,8.8822e+06,3.61194e+06,2.54786e+07,0,0,0,8.67616e+07
110.355,110.355,3.4809,0.06,0.04,1.83768,3.17625,0,0.330387,6.048,4.27398e+06,2.70226e+06,7.85419e+06,0,0,0,6.64293e+08,80.8192,79.791,4.27611,0,0,2.79386,1.45529,0,2.2162,3.38688,8.8822e+06,3.61194e+06,2.48156e+07,0,0,0,8.67616e+07
110.355,110.355,3.07652,0.06,0.04,1.83771,3.17627,0,0.344381,6.048,4.27398e+06,2.70226e+06,7.85431e+06,0,0,0,6.64293e+08,80.8192,79.791,3.80536,0,0,2.79386,1.4553,0,2.15853,3.38688,8.8822e+06,3.61194e+06,2.48156e+07,0,0,0,8.67616e+07
110.355,110.355,2.80902,0.06,0.04,1.83774,3.17629,0,0.344386,6.048,4.27398e+06,2.70226e+06,7.85444e+06,0,0,0,6.64293e+08,80.8192,79.791,4.09773,0,0,2.79386,1.45531,0,2.15853,3.38688,8.8822e+06,3.61194e+06,2.48156e+07,0,0,0,8.67616e+07
110.355,110.355,3.6438,0.06,0.04,1.83777,3.17631,0,0.344392,6.048,4.27398e+06,2.70226e+06,7.85457e+06,0,0,0,6.64293e+08,80.8192,79.791,4.18456,0,0,2.79386,1.45532,0,2.15853,3.38688,8.8822e+06,3.61194e+06,2.48156e+07,0,0,0,8.67616e+07
110.355,110.355,3.2789,0.06,0.04,1.80935,3.14788,0,0.344397,6.048,4.27398e+06,2.70226e+06,7.73311e+06,0,0,0,6.64293e+08,80.8192,79.791,3.83799,0,0,2.83488,1.49635,0,2.15853,3.38688,8.8822e+06,3.61194e+06,2.518e+07,0,0,0,8.67616e+07
110.355,110.355,3.01127,0.06,0.04,1.8504,3.1479,0,0.339072,6.048,4.27398e+06,2.70226e+06,7.90858e+06,0,0,0,6.64293e+08,80.813,79.791,3.81354,0,0,2.79386,1.49636,0,2.19023,3.38688,8.8822e+06,3.61194e+06,2.48156e+07,0,0,0,8.67616e+07
110.355,110.355,2.9018,0.06,0.04,1.85043,3.14792,0,0.346765,6.048,4.27398e+06,2.70226e+06,7.90871e+06,0,0,0,6.64293e+08,80.7678,79.791,3.66791,0,0,2.79386,1.49637,0,2.15853,3.38688,8.8822e+06,3.61194e+06,2.48156e+07,0,0,0,8.67616e+07
110.355,110.355,2.92667,0.06,0.04,1.85046,3.14794,0,0.346771,6.048,4.27398e+06,2.70226e+06,7.90884e+06,0,0,0,6.64293e+08,80.6866,79.791,3.50989,0,0,2.79386,1.49638,0,2.15853,3.38688,8.8822e+06,3.61194e+06,2.48156e+07,0,0,0,8.67616e+07
110.355,110.355,3.15799,0.06,0.04,1.92396,3.22143,0,0.346777,6.048,4.27398e+06,2.70226e+06,8.22296e+06,0,0,0,6.64293e+08,80.6687,79.791,4.01968,0,0,2.83042,1.53296,0,2.15853,3.38688,8.8822e+06,3.61194e+06,2.51404e+07,0,0,0,8.67616e+07
110.355,110.355,2.9094,0.06,0.04,1.96055,3.22145,0,0.36055,6.048,4.27398e+06,2.70226e+06,8.37937e+06,0,0,0,6.64293e+08,80.5411,79.791,3.85349,0,0,2.79386,1.53297,0,2.18678,3.38688,8.8822e+06,3.61194e+06,2.48156e+07,0,0,0,8.67616e+07
110.355,110.355,2.64838,0.06,0.04,1.96058,3.22147,0,0.367408,6.048,4.27398e+06,2.70226e+06,8.3795e+06,0,0,0,6.64293e+08,80.3622,79.791,3.34694,0,0,2.79386,1.53298,0,2.15853,3.38688,8.8822e+06,3.61194e+06,2.48156e+07,0,0,0,8.67616e+07
110.355,110.355,2.94881,0.06,0.04,1.96062,3.22149,0,0.367414,6.048,4.27398e+06,2.70226e+06,8.37963e+06,0,0,0,6.64293e+08,80.3302,79.791,4.34473,0,0,2.79386,1.53299,0,2.15853,3.38688,8.8822e+06,3.61194e+06,2.48156e+07,0,0,0,8.67616e+07
110.355,110.355,2.74406,0.06,0.04,2.1758,3.43666,0,0.367419,6.048,4.27398e+06,2.70226e+06,9.29931e+06,0,0,0,6.64293e+08,80.1045,79.791,3.6013,0,0,2.92584,1.66498,0,2.15853,3.38688,8.8822e+06,3.61194e+06,2.59879e+07,0,0,0,8.67616e+07
110.355,110.355,3.09133,0.06,0.04,2.30781,3.43668,0,0.407744,6.048,4.27398e+06,2.70226e+06,9.86354e+06,0,0,0,6.64293e+08,80.0582,79.791,4.45879,0,0,2.79386,1.66499,0,2.26051,3.38688,8.8822e+06,3.61194e+06,2.48156e+07,0,0,0,8.67616e+07
110.084,110.355,2.49209,0.06,0.04,2.30785,3.4367,0,0.432484,6.048,4.27398e+06,2.70226e+06,9.86368e+06,0,0,0,6.64293e+08,79.7489,79.791,3.22511,0,0,2.79386,1.665,0,2.15854,3.38688,8.8822e+06,3.61194e+06,2.48156e+07,0,0,0,8.67616e+07
110.355,110.355,3.0116,0.06,0.04,2.30788,3.43673,0,0.43249,6.048,4.27398e+06,2.70226e+06,9.86382e+06,0,0,0,6.64293e+08,79.9122,79.791,5.61552,0,0,2.79386,1.66501,0,2.15854,3.38688,8.8822e+06,3.61194e+06,2.48156e+07,0,0,0,8.67616e+07
110.355,110.355,3.82841,0.06,0.04,2.30791,3.43675,0,0.432496,6.048,4.27398e+06,2.70226e+06,9.86396e+06,0,0,0,6.64293e+08,80.6202,79.791,7.01005,0,0,2.79386,1.66502,0,2.15854,3.38688,8.8822e+06,3.61194e+06,2.48156e+07,0,0,0,8.67616e+07
110.355,110.355,4.42383,0.06,0.04,2.20308,3.33191,0,0.432502,6.048,4.27398e+06,2.70226e+06,9.41593e+06,0,0,0,6.64293e+08,80.8192,79.791,6.91175,0,0,2.71375,1.58492,0,2.15854,3.38688,8.8822e+06,3.61194e+06,2.4104e+07,0,0,0,8.67616e+07
110.355,110.355,5.88704,0.06,0.04,2.123,3.33193,0,0.412858,6.048,4.27398e+06,2.70226e+06,9.07367e+06,0,0,0,6.64293e+08,80.8192,79.791,9.44043,0,0,2.79386,1.58493,0,2.09664,3.38688,8.8822e+06,3.61194e+06,2.48156e+07,0,0,0,8.67616e+07
110.355,110.355,7.91131,0.06,0.04,2.12304,3.33195,0,0.397851,6.048,4.27398e+06,2.70226e+06,9.0738e+06,0,0,0,6.64293e+08,80.8192,79.791,13.0949,0,0,2.79386,1.58494,0,2.15853,3.38688,8.8822e+06,3.61194e+06,2.48156e+07,0,0,0,8.67616e+07
110.355,110.355,5.19667,0.06,0.04,2.12307,3.33197,0,0.397857,6.048,4.27398e+06,2.70226e+06,9.07394e+06,0,0,0,6.64293e+08,80.8192,79.791,7.32335,0,0,2.79386,1.58495,0,2.15853,3.38688,8.8822e+06,3.61194e+06,2.48156e+07,0,0,0,8.67616e+07
110.355,110.355,2.92172,0.07,0.04,2.03702,3.24592,0,0.397863,6.048,4.27398e+06,2.70226e+06,8.7062e+06,0,0,0,6.64293e+08,80.8192,79.791,5.49487,0,0,2.72093,1.51204,0,2.15853,3.38688,8.8822e+06,3.61194e+06,2.41679e+07,0,0,0,8.67616e+07
110.355,110.355,4.04346,0.07,0.04,1.96413,3.24594,0,0.381738,6.048,4.27398e+06,2.70226e+06,8.39465e+06,0,0,0,6.64293e+08,80.8192,79.791,7.07079,0,0,2.79386,1.51205,0,2.10219,3.38688,8.8822e+06,3.61194e+06,2.48156e+07,0,0,0,8.67616e+07
110.355,110.355,3.64207,0.08,0.04,1.96416,3.24596,0,0.368078,6.048,4.27398e+06,2.70226e+06,8.39478e+06,0,0,0,6.64293e+08,80.8192,79.791,6.55168,0,0,2.79386,1.51206,0,2.15853,3.38688,8.8822e+06,3.61194e+06,2.48156e+07,0,0,0,8.67616e+07
110.355,110.355,3.59915,0.08,0.04,1.96419,3.24598,0,0.368084,6.048,4.27398e+06,2.70226e+06,8.39492e+06,0,0,0,6.64293e+08,80.8192,79.791,6.04285,0,0,2.79386,1.51207,0,2.15853,3.38688,8.8822e+06,3.61194e+06,2.48156e+07,0,0,0,8.67616e+07
110.056,110.355,2.38307,0.1,0.04,1.71976,3.00154,0,0.36809,6.048,4.27398e+06,2.70226e+06,7.35022e+06,0,0,0,6.64293e+08,80.8192,79.791,4.97358,0,0,2.64197,1.36019,0,2.15853,3.38688,8.8822e+06,3.61194e+06,2.34665e+07,0,0,0,8.67616e+07
110.355,110.355,3.39935,0.11,0.04,1.56791,3.00156,0,0.322283,6.048,4.27398e+06,2.70226e+06,6.7012e+06,0,0,0,6.64293e+08,80.8192,79.791,11.7701,0,0,2.79386,1.3602,0,2.04119,3.38688,8.8822e+06,3.61194e+06,2.48156e+07,0,0,0,8.67616e+07
110.355,110.355,3.75578,0.12,0.04,1.56794,3.00158,0,0.293826,6.048,4.27398e+06,2.70226e+06,6.70132e+06,0,0,0,6.64293e+08,80.8192,79.791,8.4697,0,0,2.79386,1.36021,0,2.15853,3.38688,8.8822e+06,3.61194e+06,2.48156e+07,0,0,0,8.67616e+07
110.125,110.355,2.43526,0.12,0.04,1.56796,3.0016,0,0.293831,6.048,4.27398e+06,2.70226e+06,6.70144e+06,0,0,0,6.64293e+08,80.8192,79.791,5.45193,0,0,2.79386,1.36022,0,2.15853,3.38688,8.8822e+06,3.61194e+06,2.48156e+07,0,0,0,8.67616e+07
110.355,110.355,3.54895,0.12,0.04,1.56799,3.00162,0,0.293836,6.048,4.27398e+06,2.70226e+06,6.70156e+06,0,0,0,6.64293e+08,80.8192,79.791,7.85889,0,0,2.79386,1.36023,0,2.15853,3.38688,8.8822e+06,3.61194e+06,2.48156e+07,0,0,0,8.67616e+07
110.355,110.355,3.18649,0.11,0.04,1.66205,3.09567,0,0.293842,6.048,4.27398e+06,2.70226e+06,7.10356e+06,0,0,0,6.64293e+08,80.8192,79.791,8.57612,0,0,2.83784,1.40422,0,2.15853,3.38688,8.8822e+06,3.61194e+06,2.52062e+07,0,0,0,8.67616e+07
110.355,110.355,3.70651,0.11,0.04,1.70604,3.09567,0,0.311468,6.048,4.27398e+06,2.70226e+06,7.29157e+06,0,0,0,6.64293e+08,80.8192,79.791,10.3857,0,0,2.79385,1.40422,0,2.19251,3.38688,8.8822e+06,3.61194e+06,2.48155e+07,0,0,0,8.67616e+07
110.355,110.355,5.14846,0.11,0.04,1.70604,3.09567,0,0.319712,6.048,4.27398e+06,2.70226e+06,7.29159e+06,0,0,0,6.64293e+08,80.8192,79.791,11.681,0,0,2.79385,1.40422,0,2.15853,3.38688,8.8822e+06,3.61194e+06,2.48155e+07,0,0,0,8.67616e+07
110.355,110.355,4.79584,0.1,0.04,1.70605,3.09568,0,0.319713,6.048,4.27398e+06,2.70226e+06,7.29161e+06,0,0,0,6.64293e+08,80.8192,79.791,10.2231,0,0,2.79385,1.40422,0,2.15853,3.38688,8.8822e+06,3.61194e+06,2.48155e+07,0,0,0,8.67616e+07
110.355,110.355,3.67323,0.09,0.04,2.008,3.39762,0,0.319713,6.048,4.27398e+06,2.70226e+06,8.58213e+06,0,0,0,6.64293e+08,80.8192,79.791,9.20528,0,0,2.95896,1.56933,0,2.15853,3.38688,8.8822e+06,3.61194e+06,2.6282e+07,0,0,0,8.67616e+07
110.355,110.355,5.10212,0.09,0.04,2.17311,3.39763,0,0.376299,6.048,4.27398e+06,2.70226e+06,9.28781e+06,0,0,0,6.64293e+08,80.8192,79.791,7.44624,0,0,2.79385,1.56933,0,2.28609,3.38688,8.8822e+06,3.61194e+06,2.48155e+07,0,0,0,8.67616e+07
110.355,110.355,7.23912,0.08,0.04,2.17311,3.39763,0,0.40724,6.048,4.27398e+06,2.70226e+06,9.28783e+06,0,0,0,6.64293e+08,80.8192,79.791,10.732,0,0,2.79385,1.56933,0,2.15853,3.38688,8.8822e+06,3.61194e+06,2.48155e+07,0,0,0,8.67616e+07
110.355,110.355,5.07099,0.11,0.04,2.17312,3.39763,0,0.407241,6.048,4.27398e+06,2.70226e+06,9.28785e+06,0,0,0,6.64293e+08,80.8192,79.791,7.8929,0,0,2.79385,1.56933,0,2.15853,3.38688,8.8822e+06,3.61194e+06,2.48155e+07,0,0,0,8.67616e+07
110.355,110.355,3.95459,0.13,0.04,1.74245,2.96696,0,0.407242,6.048,4.27398e+06,2.70226e+06,7.44718e+06,0,0,0,6.64293e+08,80.8192,79.791,8.25399,0,0,2.57227,1.34776,0,2.15853,3.38688,8.8822e+06,3.61194e+06,2.28474e+07,0,0,0,8.67616e+07
110.355,110.355,4.52888,0.13,0.04,1.52088,2.96697,0,0.326535,6.048,4.27398e+06,2.70226e+06,6.50019e+06,0,0,0,6.64293e+08,80.8192,79.791,9.46493,0,0,2.79385,1.34776,0,1.98734,3.38688,8.8822e+06,3.61194e+06,2.48155e+07,0,0,0,8.67616e+07
110.355,110.355,6.61122,0.14,0.04,1.52088,2.96697,0,0.285012,6.048,4.27398e+06,2.70226e+06,6.50021e+06,0,0,0,6.64293e+08,80.8192,79.791,17.1082,0,0,2.79385,1.34776,0,2.15853,3.38688,8.8822e+06,3.61194e+06,2.48155e+07,0,0,0,8.67616e+07
110.355,110.355,5.23487,0.13,0.04,1.52088,2.96697,0,0.285013,6.048,4.27398e+06,2.70226e+06,6.50022e+06,0,0,0,6.64293e+08,80.8192,79.791,12.9528,0,0,2.79385,1.34776,0,2.15853,3.38688,8.8822e+06,3.61194e+06,2.48155e+07,0,0,0,8.67616e+07
110.355,110.355,3.5171,0.13,0.04,1.52089,2.96697,0,0.285014,6.048,4.27398e+06,2.70226e+06,6.50024e+06,0,0,0,6.64293e+08,80.8192,79.791,7.29177,0,0,2.79385,1.34776,0,2.15853,3.38688,8.8822e+06,3.61194e+06,2.48155e+07,0,0,0,8.67616e+07
110.355,110.355,3.11716,0.14,0.04,1.6293,3.07538,0,0.285014,6.048,4.27398e+06,2.70226e+06,6.96358e+06,0,0,0,6.64293e+08,80.8192,79.791,6.84787,0,0,2.84806,1.40197,0,2.15853,3.38688,8.8822e+06,3.61194e+06,2.5297e+07,0,0,0,8.67616e+07
110.355,110.355,3.16308,0.13,0.04,1.68351,3.07539,0,0.30533,6.048,4.27398e+06,2.70226e+06,7.19527e+06,0,0,0,6.64293e+08,80.8192,79.791,7.56076,0,0,2.79385,1.40197,0,2.20041,3.38688,8.8822e+06,3.61194e+06,2.48155e+07,0,0,0,8.67616e+07
110.355,110.355,3.04875,0.12,0.04,1.68351,3.07539,0,0.315489,6.048,4.27398e+06,2.70226e+06,7.19529e+06,0,0,0,6.64293e+08,80.8192,79.791,6.65462,0,0,2.79385,1.40197,0,2.15853,3.38688,8.8822e+06,3.61194e+06,2.48155e+07,0,0,0,8.67616e+07
110.355,110.355,2.76066,0.12,0.04,1.68352,3.07539,0,0.31549,6.048,4.27398e+06,2.70226e+06,7.19531e+06,0,0,0,6.64293e+08,80.8192,79.791,5.50202,0,0,2.79385,1.40197,0,2.15853,3.38688,8.8822e+06,3.61194e+06,2.48155e+07,0,0,0,8.67616e+07
110.355,110.355,3.12576,0.1,0.04,1.64113,3.03301,0,0.315491,6.048,4.27398e+06,2.70226e+06,7.01416e+06,0,0,0,6.64293e+08,80.8192,79.791,4.84525,0,0,2.7728,1.38092,0,2.15853,3.38688,8.8822e+06,3.61194e+06,2.46285e+07,0,0,0,8.67616e+07
110.355,110.355,2.54183,0.09,0.04,1.62008,3.03301,0,0.307548,6.048,4.27398e+06,2.70226e+06,6.9242e+06,0,0,0,6.64293e+08,80.8192,79.791,4.01006,0,0,2.79385,1.38092,0,2.14226,3.38688,8.8822e+06,3.61194e+06,2.48155e+07,0,0,0,8.67616e+07
110.355,110.355,2.69717,0.07,0.04,1.62009,3.03301,0,0.303604,6.048,4.27398e+06,2.70226e+06,6.92422e+06,0,0,0,6.64293e+08,80.8192,79.791,5.69052,0,0,2.79385,1.38092,0,2.15853,3.38688,8.8822e+06,3.61194e+06,2.48155e+07,0,0,0,8.67616e+07
110.355,110.355,2.46236,0.07,0.04,1.62009,3.03302,0,0.303604,6.048,4.27398e+06,2.70226e+06,6.92423e+06,0,0,0,6.64293e+08,80.8192,79.791,5.30106,0,0,2.79385,1.38092,0,2.15853,3.38688,8.8822e+06,3.61194e+06,2.48155e+07,0,0,0,8.67616e+07
110.292,110.355,2.31178,0.06,0.04,1.76397,3.1769,0,0.303605,6.048,4.27398e+06,2.70226e+06,7.53918e+06,0,0,0,6.64293e+08,80.8192,79.791,4.52761,0,0,2.86851,1.45559,0,2.15853,3.38688,8.8822e+06,3.61194e+06,2.54787e+07,0,0,0,8.67616e+07
110.08,110.355,2.17266,0.06,0.04,1.83864,3.1769,0,0.330568,6.048,4.27398e+06,2.70226e+06,7.85829e+06,0,0,0,6.64293e+08,80.8192,79.791,4.27261,0,0,2.79385,1.45559,0,2.21621,3.38688,8.8822e+06,3.61194e+06,2.48155e+07,0,0,0,8.67616e+07
109.768,110.355,2.01892,0.06,0.04,1.83864,3.1769,0,0.34456,6.048,4.27398e+06,2.70226e+06,7.85831e+06,0,0,0,6.64293e+08,80.8192,79.791,3.85914,0,0,2.79385,1.45559,0,2.15853,3.38688,8.8822e+06,3.61194e+06,2.48155e+07,0,0,0,8.67616e+07
109.359,110.355,1.89405,0.06,0.04,1.83864,3.1769,0,0.344561,6.048,4.27398e+06,2.70226e+06,7.85832e+06,0,0,0,6.64293e+08,80.8192,79.791,4.1339,0,0,2.79385,1.45559,0,2.15853,3.38688,8.8822e+06,3.61194e+06,2.48155e+07,0,0,0,8.67616e+07
108.709,110.355,1.5792,0.06,0.04,1.83865,3.17691,0,0.344562,6.048,4.27398e+06,2.70226e+06,7.85834e+06,0,0,0,6.64293e+08,80.6618,79.791,2.53239,0,0,2.79385,1.45559,0,2.15853,3.38688,8.8822e+06,3.61194e+06,2.48155e+07,0,0,0,8.67616e+07
108.021,110.355,1.49906,0.06,0.04,1.8102,3.14846,0,0.344563,6.048,4.27398e+06,2.70226e+06,7.73675e+06,0,0,0,6.64293e+08,80.4635,79.791,2.39659,0,0,2.83488,1.49663,0,2.15853,3.38688,8.8822e+06,3.61194e+06,2.518e+07,0,0,0,8.67616e+07
107.261,110.355,1.45441,0.06,0.04,1.85124,3.14846,0,0.339231,6.048,4.27398e+06,2.70226e+06,7.91215e+06,0,0,0,6.64293e+08,80.2259,79.791,2.36064,0,0,2.79385,1.49663,0,2.19023,3.38688,8.8822e+06,3.61194e+06,2.48155e+07,0,0,0,8.67616e+07
106.431,110.355,1.33008,0.06,0.04,1.85124,3.14846,0,0.346922,6.048,4.27398e+06,2.70226e+06,7.91216e+06,0,0,0,6.64293e+08,79.9239,79.791,2.21344,0,0,2.79385,1.49663,0,2.15853,3.38688,8.8822e+06,3.61194e+06,2.48155e+07,0,0,0,8.67616e+07
105.489,110.355,1.20128,0.07,0.04,1.85125,3.14846,0,0.346923,6.048,4.27398e+06,2.70226e+06,7.91218e+06,0,0,0,6.64293e+08,79.5577,79.791,2.09225,0,0,2.79385,1.49663,0,2.15853,3.38688,8.8822e+06,3.61194e+06,2.48155e+07,0,0,0,8.67616e+07
104.633,110.355,1.37279,0.07,0.04,1.92473,3.22195,0,0.346923,6.048,4.27398e+06,2.70226e+06,8.22624e+06,0,0,0,6.64293e+08,79.3547,79.791,2.47605,0,0,2.83042,1.5332,0,2.15853,3.38688,8.8822e+06,3.61194e+06,2.51403e+07,0,0,0,8.67616e+07
103.632,110.355,1.23915,0.07,0.04,1.9613,3.22195,0,0.360694,6.048,4.27398e+06,2.70226e+06,8.38257e+06,0,0,0,6.64293e+08,79.014,79.791,2.35918,0,0,2.79385,1.5332,0,2.18678,3.38688,8.8822e+06,3.61194e+06,2.48155e+07,0,0,0,8.67616e+07
102.53,110.355,1.12883,0.07,0.04,1.96131,3.22195,0,0.367548,6.048,4.27398e+06,2.70226e+06,8.38258e+06,0,0,0,6.64293e+08,78.6291,79.791,2.0553,0,0,2.79385,1.53321,0,2.15853,3.38688,8.8822e+06,3.61194e+06,2.48155e+07,0,0,0,8.67616e+07
101.537,110.355,1.22298,0.07,0.04,1.96131,3.22195,0,0.367549,6.048,4.27398e+06,2.70226e+06,8.3826e+06,0,0,0,6.64293e+08,78.3563,79.791,2.56245,0,0,2.79385,1.53321,0,2.15853,3.38688,8.8822e+06,3.61194e+06,2.48155e+07,0,0,0,8.67616e+07
100.473,110.355,1.40061,0.07,0.04,2.1765,3.43714,0,0.36755,6.048,4.27398e+06,2.70226e+06,9.3023e+06,0,0,0,6.64293e+08,77.9773,79.791,2.31401,0,0,2.92585,1.66521,0,2.15853,3.38688,8.8822e+06,3.61194e+06,2.5988e+07,0,0,0,8.67616e+07
99.0375,110.355,1.15337,0.1,0.04,2.3085,3.43714,0,0.407875,6.048,4.27398e+06,2.70226e+06,9.86649e+06,0,0,0,6.64293e+08,77.5279,79.791,1.84954,0,0,2.79385,1.66521,0,2.26051,3.38688,8.8822e+06,3.61194e+06,2.48155e+07,0,0,0,8.67616e+07
97.803,110.355,1.3356,0.11,0.04,2.30851,3.43714,0,0.432614,6.048,4.27398e+06,2.70226e+06,9.86651e+06,0,0,0,6.64293e+08,77.3671,79.791,2.77532,0,0,2.79385,1.66521,0,2.15853,3.38688,8.8822e+06,3.61194e+06,2.48155e+07,0,0,0,8.67616e+07
96.3611,110.355,1.12206,0.11,0.04,2.30851,3.43715,0,0.432614,6.048,4.27398e+06,2.70226e+06,9.86653e+06,0,0,0,6.64293e+08,77.005,79.791,2.18555,0,0,2.79385,1.66522,0,2.15853,3.38688,8.8822e+06,3.61194e+06,2.48155e+07,0,0,0,8.67616e+07
94.6406,110.355,0.808208,0.12,0.04,2.30852,3.43715,0,0.432615,6.048,4.27398e+06,2.70226e+06,9.86655e+06,0,0,0,6.64293e+08,76.4321,79.791,1.93962,0,0,2.79385,1.66522,0,2.15853,3.38688,8.8822e+06,3.61194e+06,2.48155e+07,0,0,0,8.67616e+07
92.7895,110.355,0.569719,0.15,0.04,2.20365,3.33228,0,0.432616,6.048,4.27398e+06,2.70226e+06,9.41835e+06,0,0,0,6.64293e+08,75.9037,79.791,1.57492,0,0,2.71373,1.5851,0,2.15853,3.38688,8.8822e+06,3.61194e+06,2.41039e+07,0,0,0,8.67616e+07
91.162,110.355,0.809022,0.15,0.04,2.12353,3.33228,0,0.412964,6.048,4.27398e+06,2.70226e+06,9.07593e+06,0,0,0,6.64293e+08,75.5774,79.791,1.817,0,0,2.79385,1.5851,0,2.09663,3.38688,8.8822e+06,3.61194e+06,2.48155e+07,0,0,0,8.67616e+07
90.5321,110.355,2.00212,0.15,0.04,2.12354,3.33229,0,0.39795,6.048,4.27398e+06,2.70226e+06,9.07595e+06,0,0,0,6.64293e+08,75.8716,79.791,3.24434,0,0,2.79385,1.5851,0,2.15853,3.38688,8.8822e+06,3.61194e+06,2.48155e+07,0,0,0,8.67616e+07
89.348,110.355,1.40384,0.15,0.04,2.12354,3.33229,0,0.397951,6.048,4.27398e+06,2.70226e+06,9.07597e+06,0,0,0,6.64293e+08,75.6398,79.791,2.32642,0,0,2.79385,1.5851,0,2.15853,3.38688,8.8822e+06,3.61194e+06,2.48155e+07,0,0,0,8.67616e+07
89.8235,110.355,3.01833,0.2,0.04,2.03746,3.24621,0,0.397952,6.048,4.27398e+06,2.70226e+06,8.70808e+06,0,0,0,6.64293e+08,75.4714,79.791,3.33892,0,0,2.72092,1.51217,0,2.15853,3.38688,8.8822e+06,3.61194e+06,2.41677e+07,0,0,0,8.67616e+07
90.1553,110.355,2.88317,0.22,0.04,1.96454,3.24621,0,0.381821,6.048,4.27398e+06,2.70226e+06,8.39639e+06,0,0,0,6.64293e+08,75.8478,79.791,4.03266,0,0,2.79385,1.51217,0,2.10218,3.38688,8.8822e+06,3.61194e+06,2.48155e+07,0,0,0,8.67616e+07
90.3965,110.355,2.81782,0.24,0.04,1.96454,3.24622,0,0.368154,6.048,4.27398e+06,2.70226e+06,8.39641e+06,0,0,0,6.64293e+08,76.4155,79.791,4.9175,0,0,2.79385,1.51218,0,2.15853,3.38688,8.8822e+06,3.61194e+06,2.48155e+07,0,0,0,8.67616e+07
92.1786,110.355,4.50399,0.18,0.04,1.96455,3.24622,0,0.368155,6.048,4.27398e+06,2.70226e+06,8.39643e+06,0,0,0,6.64293e+08,77.1392,79.791,5.87698,0,0,2.79385,1.51218,0,2.15853,3.38688,8.8822e+06,3.61194e+06,2.48155e+07,0,0,0,8.67616e+07
93.0944,110.355,3.33355,0.19,0.04,1.72007,3.00174,0,0.368156,6.048,4.27398e+06,2.70226e+06,7.35155e+06,0,0,0,6.64293e+08,77.1221,79.791,2.90435,0,0,2.64196,1.36028,0,2.15853,3.38688,8.8822e+06,3.61194e+06,2.34664e+07,0,0,0,8.67616e+07
93.7399,110.355,2.99273,0.17,0.04,1.56818,3.00175,0,0.322342,6.048,4.27398e+06,2.70226e+06,6.70238e+06,0,0,0,6.64293e+08,77.1864,79.791,3.17648,0,0,2.79385,1.36029,0,2.04118,3.38688,8.8822e+06,3.61194e+06,2.48155e+07,0,0,0,8.67616e+07
97.4009,110.355,6.12505,0.18,0.04,1.56819,3.00175,0,0.293878,6.048,4.27398e+06,2.70226e+06,6.7024e+06,0,0,0,6.64293e+08,78.537,79.791,7.14016,0,0,2.79385,1.36029,0,2.15853,3.38688,8.8822e+06,3.61194e+06,2.48155e+07,0,0,0,8.67616e+07
100.316,110.355,5.27297,0.16,0.04,1.56819,3.00175,0,0.293878,6.048,4.27398e+06,2.70226e+06,6.70241e+06,0,0,0,6.64293e+08,78.4747,79.791,3.22782,0,0,2.79385,1.36029,0,2.15853,3.38688,8.8822e+06,3.61194e+06,2.48155e+07,0,0,0,8.67616e+07
105.118,110.355,7.19027,0.16,0.04,1.56819,3.00175,0,0.293879,6.048,4.27398e+06,2.70226e+06,6.70243e+06,0,0,0,6.64293e+08,78.6342,79.791,4.11575,0,0,2.79385,1.36029,0,2.15853,3.38688,8.8822e+06,3.61194e+06,2.48155e+07,0,0,0,8.67616e+07
108.594,110.355,5.97004,0.13,0.04,1.66223,3.09579,0,0.29388,6.048,4.27398e+06,2.70226e+06,7.10434e+06,0,0,0,6.64293e+08,78.5783,79.791,3.38054,0,0,2.83783,1.40427,0,2.15853,3.38688,8.8822e+06,3.61194e+06,2.52062e+07,0,0,0,8.67616e+07
110.355,110.355,4.68178,0.11,0.04,1.7062,3.09578,0,0.311502,6.048,4.27398e+06,2.70226e+06,7.29226e+06,0,0,0,6.64293e+08,78.446,79.791,2.98166,0,0,2.79384,1.40427,0,2.19251,3.38688,8.8822e+06,3.61194e+06,2.48154e+07,0,0,0,8.67616e+07
110.355,110.355,6.54658,0.1,0.04,1.70618,3.09576,0,0.319742,6.048,4.27398e+06,2.70226e+06,7.29217e+06,0,0,0,6.64293e+08,79.1256,79.791,5.49496,0,0,2.79384,1.40426,0,2.15852,3.38688,8.8822e+06,3.61194e+06,2.48154e+07,0,0,0,8.67616e+07
110.355,110.355,7.21286,0.1,0.04,1.70616,3.09575,0,0.319738,6.048,4.27398e+06,2.70226e+06,7.29208e+06,0,0,0,6.64293e+08,79.3889,79.791,5.31474,0,0,2.79384,1.40425,0,2.15852,3.38688,8.8822e+06,3.61194e+06,2.48154e+07,0,0,0,8.67616e+07
110.355,110.355,5.53468,0.09,0.04,2.00809,3.39768,0,0.319734,6.048,4.27398e+06,2.70226e+06,8.58252e+06,0,0,0,6.64293e+08,79.4072,79.791,4.80513,0,0,2.95895,1.56936,0,2.15852,3.38688,8.8822e+06,3.61194e+06,2.6282e+07,0,0,0,8.67616e+07
110.355,110.355,4.47128,0.08,0.04,2.17317,3.39767,0,0.376315,6.048,4.27398e+06,2.70226e+06,9.2881e+06,0,0,0,6.64293e+08,79.3818,79.791,3.37324,0,0,2.79384,1.56935,0,2.28609,3.38688,8.8822e+06,3.61194e+06,2.48154e+07,0,0,0,8.67616e+07
110.355,110.355,7.59088,0.08,0.04,2.17315,3.39765,0,0.407253,6.048,4.27398e+06,2.70226e+06,9.288e+06,0,0,0,6.64293e+08,79.6549,79.791,4.62295,0,0,2.79384,1.56934,0,2.15852,3.38688,8.8822e+06,3.61194e+06,2.48154e+07,0,0,0,8.67616e+07
110.355,110.355,7.17185,0.09,0.04,2.17313,3.39763,0,0.407248,6.048,4.27398e+06,2.70226e+06,9.2879e+06,0,0,0,6.64293e+08,80.0612,79.791,4.73851,0,0,2.79384,1.56933,0,2.15852,3.38688,8.8822e+06,3.61194e+06,2.48154e+07,0,0,0,8.67616e+07
110.355,110.355,6.03291,0.13,0.04,1.74243,2.96695,0,0.407244,6.048,4.27398e+06,2.70226e+06,7.44712e+06,0,0,0,6.64293e+08,80.217,79.791,3.73706,0,0,2.57227,1.34775,0,2.15852,3.38688,8.8822e+06,3.61194e+06,2.28474e+07,0,0,0,8.67616e+07
110.355,110.355,6.23164,0.13,0.04,1.52084,2.96694,0,0.326532,6.048,4.27398e+06,2.70226e+06,6.50003e+06,0,0,0,6.64293e+08,80.6127,79.791,4.50926,0,0,2.79384,1.34774,0,1.98733,3.38688,8.8822e+06,3.61194e+06,2.48154e+07,0,0,0,8.67616e+07
110.355,110.355,9.17844,0.14,0.04,1.52082,2.96692,0,0.285005,6.048,4.27398e+06,2.70226e+06,6.49994e+06,0,0,0,6.64293e+08,80.8192,79.791,6.60871,0,0,2.79384,1.34774,0,2.15852,3.38688,8.8822e+06,3.61194e+06,2.48154e+07,0,0,0,8.67616e+07
110.355,110.355,8.62523,0.13,0.04,1.5208,2.96691,0,0.285001,6.048,4.27398e+06,2.70226e+06,6.49986e+06,0,0,0,6.64293e+08,80.8192,79.791,5.23178,0,0,2.79384,1.34773,0,2.15852,3.38688,8.8822e+06,3.61194e+06,2.48154e+07,0,0,0,8.67616e+07
110.355,110.355,10.6734,0.13,0.04,1.52078,2.96689,0,0.284997,6.048,4.27398e+06,2.70226e+06,6.49977e+06,0,0,0,6.64293e+08,80.8192,79.791,5.51554,0,0,2.79384,1.34773,0,2.15852,3.38688,8.8822e+06,3.61194e+06,2.48155e+07,0,0,0,8.67616e+07
110.355,110.355,10.7903,0.13,0.04,1.62916,3.07528,0,0.284994,6.048,4.27398e+06,2.70226e+06,6.963e+06,0,0,0,6.64293e+08,80.8192,79.791,6.75284,0,0,2.84805,1.40192,0,2.15852,3.38688,8.8822e+06,3.61194e+06,2.52969e+07,0,0,0,8.67616e+07
110.355,110.355,12.1543,0.13,0.04,1.68334,3.07527,0,0.305305,6.048,4.27398e+06,2.70226e+06,7.19458e+06,0,0,0,6.64293e+08,80.8192,79.791,6.21041,0,0,2.79384,1.40192,0,2.2004,3.38688,8.8822e+06,3.61194e+06,2.48154e+07,0,0,0,8.67616e+07
110.355,110.355,9.80181,0.12,0.04,1.68332,3.07525,0,0.315459,6.048,4.27398e+06,2.70226e+06,7.19449e+06,0,0,0,6.64293e+08,80.8192,79.791,5.90533,0,0,2.79384,1.40191,0,2.15852,3.38688,8.8822e+06,3.61194e+06,2.48154e+07,0,0,0,8.67616e+07
110.355,110.355,7.33495,0.12,0.04,1.6833,3.07524,0,0.315455,6.048,4.27398e+06,2.70226e+06,7.1944e+06,0,0,0,6.64293e+08,80.8192,79.791,4.06298,0,0,2.79384,1.4019,0,2.15852,3.38688,8.8822e+06,3.61194e+06,2.48154e+07,0,0,0,8.67616e+07
110.355,110.355,5.95593,0.1,0.04,1.6409,3.03284,0,0.315451,6.048,4.27398e+06,2.70226e+06,7.01316e+06,0,0,0,6.64293e+08,80.8192,79.791,4.0955,0,0,2.77279,1.38085,0,2.15852,3.38688,8.8822e+06,3.61194e+06,2.46285e+07,0,0,0,8.67616e+07
110.355,110.355,5.26553,0.09,0.04,1.61982,3.03283,0,0.307504,6.048,4.27398e+06,2.70226e+06,6.92309e+06,0,0,0,6.64293e+08,80.8192,79.791,4.40894,0,0,2.79384,1.38084,0,2.14226,3.38688,8.8822e+06,3.61194e+06,2.48154e+07,0,0,0,8.67616e+07
110.355,110.355,5.36065,0.08,0.04,1.6198,3.03281,0,0.303555,6.048,4.27398e+06,2.70226e+06,6.92301e+06,0,0,0,6.64293e+08,80.8192,79.791,3.73881,0,0,2.79384,1.38083,0,2.15852,3.38688,8.8822e+06,3.61194e+06,2.48154e+07,0,0,0,8.67616e+07
110.355,110.355,5.48596,0.07,0.04,1.61978,3.0328,0,0.303551,6.048,4.27398e+06,2.70226e+06,6.92292e+06,0,0,0,6.64293e+08,80.8192,79.791,3.91222,0,0,2.79384,1.38083,0,2.15852,3.38688,8.8822e+06,3.61194e+06,2.48154e+07,0,0,0,8.67616e+07
110.355,110.355,4.432,0.06,0.04,1.76363,3.17665,0,0.303547,6.048,4.27398e+06,2.70226e+06,7.53771e+06,0,0,0,6.64293e+08,80.8192,79.791,3.3021,0,0,2.8685,1.45547,0,2.15852,3.38688,8.8822e+06,3.61194e+06,2.54785e+07,0,0,0,8.67616e+07
110.355,110.355,4.3886,0.06,0.04,1.83826,3.17664,0,0.330504,6.048,4.27398e+06,2.70226e+06,7.85669e+06,0,0,0,6.64293e+08,80.8094,79.791,3.31749,0,0,2.79384,1.45547,0,2.2162,3.38688,8.8822e+06,3.61194e+06,2.48154e+07,0,0,0,8.67616e+07
110.355,110.355,3.89865,0.06,0.04,1.83824,3.17662,0,0.34449,6.048,4.27398e+06,2.70226e+06,7.8566e+06,0,0,0,6.64293e+08,80.6354,79.791,2.79156,0,0,2.79384,1.45546,0,2.15852,3.38688,8.8822e+06,3.61194e+06,2.48154e+07,0,0,0,8.67616e+07
110.355,110.355,3.74865,0.06,0.04,1.83822,3.17661,0,0.344486,6.048,4.27398e+06,2.70226e+06,7.85651e+06,0,0,0,6.64293e+08,80.3203,79.791,2.50373,0,0,2.79384,1.45545,0,2.15852,3.38688,8.8822e+06,3.61194e+06,2.48154e+07,0,0,0,8.67616e+07
110.355,110.355,3.22894,0.06,0.04,1.8382,3.17659,0,0.344482,6.048,4.27398e+06,2.70226e+06,7.85641e+06,0,0,0,6.64293e+08,80.1091,79.791,2.61976,0,0,2.79384,1.45545,0,2.15852,3.38688,8.8822e+06,3.61194e+06,2.48154e+07,0,0,0,8.67616e+07
110.355,110.355,2.92103,0.06,0.04,1.80972,3.14813,0,0.344478,6.048,4.27398e+06,2.70226e+06,7.73472e+06,0,0,0,6.64293e+08,79.9587,79.791,2.6542,0,0,2.83487,1.49647,0,2.15852,3.38688,8.8822e+06,3.61194e+06,2.51799e+07,0,0,0,8.67616e+07
110.355,110.355,2.73856,0.06,0.04,1.85073,3.14811,0,0.339142,6.048,4.27398e+06,2.70226e+06,7.90999e+06,0,0,0,6.64293e+08,79.7102,79.791,2.48519,0,0,2.79384,1.49646,0,2.19022,3.38688,8.8822e+06,3.61194e+06,2.48154e+07,0,0,0,8.67616e+07
110.355,110.355,2.56714,0.06,0.04,1.85071,3.1481,0,0.346827,6.048,4.27398e+06,2.70226e+06,7.9099e+06,0,0,0,6.64293e+08,79.3719,79.791,2.33944,0,0,2.79384,1.49646,0,2.15852,3.38688,8.8822e+06,3.61194e+06,2.48154e+07,0,0,0,8.67616e+07
110.355,110.355,2.35976,0.06,0.04,1.85069,3.14808,0,0.346823,6.048,4.27398e+06,2.70226e+06,7.90981e+06,0,0,0,6.64293e+08,79.0497,79.791,2.0646,0,0,2.79384,1.49645,0,2.15852,3.38688,8.8822e+06,3.61194e+06,2.48154e+07,0,0,0,8.67616e+07
110.355,110.355,2.42728,0.06,0.04,1.92414,3.22154,0,0.346819,6.048,4.27398e+06,2.70226e+06,8.22372e+06,0,0,0,6.64293e+08,78.7889,79.791,2.22424,0,0,2.83041,1.53301,0,2.15852,3.38688,8.8822e+06,3.61194e+06,2.51402e+07,0,0,0,8.67616e+07
110.25,110.355,2.22329,0.06,0.04,1.96068,3.22152,0,0.360583,6.048,4.27398e+06,2.70226e+06,8.37991e+06,0,0,0,6.64293e+08,78.3647,79.791,2.18608,0,0,2.79384,1.533,0,2.18677,3.38688,8.8822e+06,3.61194e+06,2.48154e+07,0,0,0,8.67616e+07
109.965,110.355,2.03899,0.06,0.04,1.96066,3.22151,0,0.367432,6.048,4.27398e+06,2.70226e+06,8.37982e+06,0,0,0,6.64293e+08,77.9445,79.791,1.91742,0,0,2.79384,1.53299,0,2.15852,3.38688,8.8822e+06,3.61194e+06,2.48154e+07,0,0,0,8.67616e+07
109.809,110.355,2.14765,0.06,0.04,1.96064,3.22149,0,0.367428,6.048,4.27398e+06,2.70226e+06,8.37972e+06,0,0,0,6.64293e+08,77.5921,79.791,2.28556,0,0,2.79384,1.53299,0,2.15852,3.38688,8.8822e+06,3.61194e+06,2.48154e+07,0,0,0,8.67616e+07
109.229,110.355,1.89502,0.06,0.04,2.17576,3.43663,0,0.367424,6.048,4.27398e+06,2.70226e+06,9.29917e+06,0,0,0,6.64293e+08,77.1671,79.791,1.9501,0,0,2.92582,1.66496,0,2.15852,3.38688,8.8822e+06,3.61194e+06,2.59877e+07,0,0,0,8.67616e+07
108.649,110.355,2.00379,0.06,0.04,2.30772,3.43661,0,0.407738,6.048,4.27398e+06,2.70226e+06,9.86316e+06,0,0,0,6.64293e+08,76.743,79.791,2.21619,0,0,2.79384,1.66496,0,2.26049,3.38688,8.8822e+06,3.61194e+06,2.48154e+07,0,0,0,8.67616e+07
107.69,110.355,1.63715,0.06,0.04,2.3077,3.43659,0,0.432468,6.048,4.27398e+06,2.70226e+06,9.86306e+06,0,0,0,6.64293e+08,76.2512,79.791,1.77195,0,0,2.79384,1.66495,0,2.15852,3.38688,8.8822e+06,3.61194e+06,2.48154e+07,0,0,0,8.67616e+07
107.02,110.355,1.90871,0.06,0.04,2.30768,3.43658,0,0.432463,6.048,4.27398e+06,2.70226e+06,9.86296e+06,0,0,0,6.64293e+08,76.0168,79.791,2.65866,0,0,2.79384,1.66494,0,2.15852,3.38688,8.8822e+06,3.61194e+06,2.48154e+07,0,0,0,8.67616e+07
106.402,110.355,1.98656,0.08,0.04,2.30765,3.43656,0,0.432459,6.048,4.27398e+06,2.70226e+06,9.86286e+06,0,0,0,6.64293e+08,75.5833,79.791,2.17449,0,0,2.79384,1.66493,0,2.15852,3.38688,8.8822e+06,3.61194e+06,2.48154e+07,0,0,0,8.67616e+07
106.365,110.355,2.48165,0.08,0.04,2.20278,3.33169,0,0.432454,6.048,4.27398e+06,2.70226e+06,9.41461e+06,0,0,0,6.64293e+08,75.2019,79.791,2.2827,0,0,2.71373,1.58482,0,2.15852,3.38688,8.8822e+06,3.61194e+06,2.41039e+07,0,0,0,8.67616e+07
105.996,110.355,2.07227,0.09,0.04,2.12265,3.33168,0,0.4128,6.048,4.27398e+06,2.70226e+06,9.07214e+06,0,0,0,6.64293e+08,75.0539,79.791,3.69967,0,0,2.79384,1.58481,0,2.09663,3.38688,8.8822e+06,3.61194e+06,2.48154e+07,0,0,0,8.67616e+07
105.327,110.355,1.77086,0.09,0.04,2.12262,3.33166,0,0.397784,6.048,4.27398e+06,2.70226e+06,9.07204e+06,0,0,0,6.64293e+08,74.5418,79.791,2.01481,0,0,2.79384,1.5848,0,2.15852,3.38688,8.8822e+06,3.61194e+06,2.48154e+07,0,0,0,8.67616e+07
104.616,110.355,1.77697,0.09,0.04,2.1226,3.33165,0,0.39778,6.048,4.27398e+06,2.70226e+06,9.07194e+06,0,0,0,6.64293e+08,74.0296,79.791,1.8929,0,0,2.79384,1.5848,0,2.15852,3.38688,8.8822e+06,3.61194e+06,2.48154e+07,0,0,0,8.67616e+07
104.054,110.355,2.02439,0.11,0.04,2.03651,3.24557,0,0.397775,6.048,4.27398e+06,2.70226e+06,8.70401e+06,0,0,0,6.64293e+08,73.8071,79.791,2.89505,0,0,2.72092,1.51187,0,2.15852,3.38688,8.8822e+06,3.61194e+06,2.41678e+07,0,0,0,8.67616e+07
105.423,110.355,3.95453,0.11,0.04,1.96357,3.24555,0,0.381642,6.048,4.27398e+06,2.70226e+06,8.39227e+06,0,0,0,6.64293e+08,74.1034,79.791,4.82717,0,0,2.79384,1.51186,0,2.10219,3.38688,8.8822e+06,3.61194e+06,2.48154e+07,0,0,0,8.67616e+07
105.838,110.355,2.9463,0.12,0.04,1.96355,3.24554,0,0.367974,6.048,4.27398e+06,2.70226e+06,8.39218e+06,0,0,0,6.64293e+08,74.4577,79.791,5.13073,0,0,2.79384,1.51186,0,2.15852,3.38688,8.8822e+06,3.61194e+06,2.48154e+07,0,0,0,8.67616e+07
107.014,110.355,3.82782,0.12,0.04,1.96353,3.24552,0,0.36797,6.048,4.27398e+06,2.70226e+06,8.39208e+06,0,0,0,6.64293e+08,74.5059,79.791,4.0929,0,0,2.79384,1.51185,0,2.15852,3.38688,8.8822e+06,3.61194e+06,2.48154e+07,0,0,0,8.67616e+07
106.35,110.355,1.81271,0.13,0.04,1.71908,3.00108,0,0.367965,6.048,4.27398e+06,2.70226e+06,7.34733e+06,0,0,0,6.64293e+08,74.185,79.791,2.54163,0,0,2.64198,1.35998,0,2.15852,3.38688,8.8822e+06,3.61194e+06,2.34666e+07,0,0,0,8.67616e+07
106.362,110.355,2.34703,0.14,0.04,1.5672,3.00107,0,0.322156,6.048,4.27398e+06,2.70226e+06,6.69819e+06,0,0,0,6.64293e+08,73.9818,79.791,3.34504,0,0,2.79384,1.35998,0,2.04119,3.38688,8.8822e+06,3.61194e+06,2.48154e+07,0,0,0,8.67616e+07
106.362,110.355,2.36566,0.14,0.04,1.56718,3.00105,0,0.293694,6.048,4.27398e+06,2.70226e+06,6.6981e+06,0,0,0,6.64293e+08,73.8746,79.791,3.37203,0,0,2.79384,1.35997,0,2.15852,3.38688,8.8822e+06,3.61194e+06,2.48154e+07,0,0,0,8.67616e+07
107.033,110.355,3.03589,0.14,0.04,1.56716,3.00104,0,0.29369,6.048,4.27398e+06,2.70226e+06,6.69802e+06,0,0,0,6.64293e+08,73.9313,79.791,4.08331,0,0,2.79384,1.35996,0,2.15852,3.38688,8.8822e+06,3.61194e+06,2.48154e+07,0,0,0,8.67616e+07
108.465,110.355,3.86774,0.13,0.04,1.56714,3.00102,0,0.293686,6.048,4.27398e+06,2.70226e+06,6.69793e+06,0,0,0,6.64293e+08,73.8464,79.791,3.83952,0,0,2.79384,1.35996,0,2.15852,3.38688,8.8822e+06,3.61194e+06,2.48154e+07,0,0,0,8.67616e+07
110.355,110.355,10.2597,0.11,0.04,1.66113,3.09502,0,0.293682,6.048,4.27398e+06,2.70226e+06,7.09964e+06,0,0,0,6.64293e+08,74.1187,79.791,4.90667,0,0,2.83781,1.40392,0,2.15852,3.38688,8.8822e+06,3.61194e+06,2.5206e+07,0,0,0,8.67616e+07
110.355,110.355,4.25494,0.11,0.04,1.70506,3.09499,0,0.311296,6.048,4.27398e+06,2.70226e+06,7.2874e+06,0,0,0,6.64293e+08,74.1109,79.791,3.46222,0,0,2.79383,1.40391,0,2.19249,3.38688,8.8822e+06,3.61194e+06,2.48154e+07,0,0,0,8.67616e+07
110.355,110.355,3.87574,0.11,0.04,1.70502,3.09496,0,0.319529,6.048,4.27398e+06,2.70226e+06,7.28721e+06,0,0,0,6.64293e+08,74.3847,79.791,4.37986,0,0,2.79383,1.40389,0,2.15852,3.38688,8.8822e+06,3.61194e+06,2.48154e+07,0,0,0,8.67616e+07
110.355,110.355,13.5917,0.1,0.04,1.70497,3.09493,0,0.31952,6.048,4.27398e+06,2.70226e+06,7.28701e+06,0,0,0,6.64293e+08,76.6448,79.791,12.2767,0,0,2.79383,1.40388,0,2.15852,3.38688,8.8822e+06,3.61194e+06,2.48154e+07,0,0,0,8.67616e+07
110.355,110.355,5.32774,0.09,0.04,2.0068,3.39676,0,0.319512,6.048,4.27398e+06,2.70226e+06,8.577e+06,0,0,0,6.64293e+08,76.8593,79.791,4.0565,0,0,2.9589,1.56893,0,2.15852,3.38688,8.8822e+06,3.61194e+06,2.62815e+07,0,0,0,8.67616e+07
110.355,110.355,7.53851,0.09,0.04,2.17181,3.39673,0,0.376073,6.048,4.27398e+06,2.70226e+06,9.28227e+06,0,0,0,6.64293e+08,77.1306,79.791,4.18509,0,0,2.79383,1.56891,0,2.28604,3.38688,8.8822e+06,3.61194e+06,2.48154e+07,0,0,0,8.67616e+07
110.355,110.355,5.96824,0.08,0.04,2.17176,3.39669,0,0.406997,6.048,4.27398e+06,2.70226e+06,9.28206e+06,0,0,0,6.64293e+08,77.8955,79.791,5.22136,0,0,2.79383,1.5689,0,2.15851,3.38688,8.8822e+06,3.61194e+06,2.48154e+07,0,0,0,8.67616e+07
110.355,110.355,6.01095,0.11,0.04,2.17171,3.39666,0,0.406988,6.048,4.27398e+06,2.70226e+06,9.28184e+06,0,0,0,6.64293e+08,78.4249,79.791,4.34373,0,0,2.79383,1.56888,0,2.15851,3.38688,8.8822e+06,3.61194e+06,2.48154e+07,0,0,0,8.67616e+07
110.355,110.355,4.34706,0.13,0.04,1.74112,2.96608,0,0.406979,6.048,4.27398e+06,2.70226e+06,7.44149e+06,0,0,0,6.64293e+08,78.7054,79.791,3.10365,0,0,2.57232,1.34736,0,2.15851,3.38688,8.8822e+06,3.61194e+06,2.28479e+07,0,0,0,8.67616e+07
110.355,110.355,4.63785,0.13,0.04,1.51956,2.96605,0,0.326285,6.048,4.27398e+06,2.70226e+06,6.49456e+06,0,0,0,6.64293e+08,79.1924,79.791,3.44579,0,0,2.79383,1.34734,0,1.98738,3.38688,8.8822e+06,3.61194e+06,2.48154e+07,0,0,0,8.67616e+07
110.355,110.355,5.74319,0.14,0.04,1.51952,2.96602,0,0.284765,6.048,4.27398e+06,2.70226e+06,6.49438e+06,0,0,0,6.64293e+08,79.8394,79.791,3.77549,0,0,2.79383,1.34733,0,2.15852,3.38688,8.8822e+06,3.61194e+06,2.48154e+07,0,0,0,8.67616e+07
110.355,110.355,6.45457,0.13,0.04,1.51947,2.96599,0,0.284757,6.048,4.27398e+06,2.70226e+06,6.49419e+06,0,0,0,6.64293e+08,80.8192,79.791,4.46682,0,0,2.79383,1.34732,0,2.15852,3.38688,8.8822e+06,3.61194e+06,2.48154e+07,0,0,0,8.67616e+07
110.355,110.355,5.58643,0.14,0.04,1.51943,2.96596,0,0.284749,6.048,4.27398e+06,2.70226e+06,6.494e+06,0,0,0,6.64293e+08,80.8192,79.791,3.82562,0,0,2.79383,1.3473,0,2.15852,3.38688,8.8822e+06,3.61194e+06,2.48154e+07,0,0,0,8.67616e+07
110.355,110.355,5.58221,0.14,0.04,1.62775,3.0743,0,0.284741,6.048,4.27398e+06,2.70226e+06,6.95698e+06,0,0,0,6.64293e+08,80.8192,79.791,4.19471,0,0,2.84802,1.40148,0,2.15852,3.38688,8.8822e+06,3.61194e+06,2.52967e+07,0,0,0,8.67616e+07
110.355,110.355,4.73249,0.13,0.04,1.6819,3.07427,0,0.305041,6.048,4.27398e+06,2.70226e+06,7.18838e+06,0,0,0,6.64293e+08,80.8192,79.791,3.67888,0,0,2.79383,1.40146,0,2.20038,3.38688,8.8822e+06,3.61194e+06,2.48154e+07,0,0,0,8.67616e+07
110.355,110.355,4.46646,0.12,0.04,1.68185,3.07424,0,0.315187,6.048,4.27398e+06,2.70226e+06,7.18819e+06,0,0,0,6.64293e+08,80.8192,79.791,3.77633,0,0,2.79383,1.40145,0,2.15852,3.38688,8.8822e+06,3.61194e+06,2.48154e+07,0,0,0,8.67616e+07
110.355,110.355,4.18764,0.12,0.04,1.6818,3.07421,0,0.315179,6.048,4.27398e+06,2.70226e+06,7.18799e+06,0,0,0,6.64293e+08,80.8192,79.791,3.00847,0,0,2.79383,1.40143,0,2.15852,3.38688,8.8822e+06,3.61194e+06,2.48154e+07,0,0,0,8.67616e+07
110.355,110.355,3.58296,0.1,0.04,1.63939,3.0318,0,0.31517,6.048,4.27398e+06,2.70226e+06,7.00671e+06,0,0,0,6.64293e+08,80.768,79.791,2.73033,0,0,2.77279,1.38037,0,2.15852,3.38688,8.8822e+06,3.61194e+06,2.46285e+07,0,0,0,8.67616e+07
110.355,110.355,4.15006,0.09,0.04,1.6183,3.03177,0,0.307221,6.048,4.27398e+06,2.70226e+06,6.91657e+06,0,0,0,6.64293e+08,80.7735,79.791,2.74466,0,0,2.79383,1.38036,0,2.14226,3.38688,8.8822e+06,3.61194e+06,2.48154e+07,0,0,0,8.67616e+07
110.355,110.355,4.66479,0.08,0.04,1.61825,3.03174,0,0.303269,6.048,4.27398e+06,2.70226e+06,6.91638e+06,0,0,0,6.64293e+08,80.7993,79.791,2.83436,0,0,2.79383,1.38035,0,2.15852,3.38688,8.8822e+06,3.61194e+06,2.48154e+07,0,0,0,8.67616e+07
110.355,110.355,3.20618,0.07,0.04,1.61821,3.03171,0,0.303261,6.048,4.27398e+06,2.70226e+06,6.91619e+06,0,0,0,6.64293e+08,80.6978,79.791,2.45131,0,0,2.79383,1.38033,0,2.15852,3.38688,8.8822e+06,3.61194e+06,2.48154e+07,0,0,0,8.67616e+07
110.355,110.355,3.25641,0.06,0.04,1.76198,3.17549,0,0.303252,6.048,4.27398e+06,2.70226e+06,7.53065e+06,0,0,0,6.64293e+08,80.5023,79.791,2.37282,0,0,2.86846,1.45494,0,2.15852,3.38688,8.8822e+06,3.61194e+06,2.54782e+07,0,0,0,8.67616e+07
110.355,110.355,2.99521,0.06,0.04,1.83656,3.17546,0,0.330195,6.048,4.27398e+06,2.70226e+06,7.84941e+06,0,0,0,6.64293e+08,80.2827,79.791,2.34006,0,0,2.79383,1.45493,0,2.21617,3.38688,8.8822e+06,3.61194e+06,2.48154e+07,0,0,0,8.67616e+07
110.355,110.355,2.95476,0.06,0.04,1.83651,3.17543,0,0.344171,6.048,4.27398e+06,2.70226e+06,7.84921e+06,0,0,0,6.64293e+08,80.1225,79.791,2.38325,0,0,2.79383,1.45491,0,2.15852,3.38688,8.8822e+06,3.61194e+06,2.48154e+07,0,0,0,8.67616e+07
110.355,110.355,2.76347,0.06,0.04,1.83646,3.1754,0,0.344162,6.048,4.27398e+06,2.70226e+06,7.84901e+06,0,0,0,6.64293e+08,79.905,79.791,2.24392,0,0,2.79383,1.4549,0,2.15852,3.38688,8.8822e+06,3.61194e+06,2.48154e+07,0,0,0,8.67616e+07
110.355,110.355,2.70297,0.06,0.04,1.83642,3.17537,0,0.344154,6.048,4.27398e+06,2.70226e+06,7.84881e+06,0,0,0,6.64293e+08,79.7292,79.791,2.48988,0,0,2.79383,1.45489,0,2.15852,3.38688,8.8822e+06,3.61194e+06,2.48154e+07,0,0,0,8.67616e+07
110.355,110.355,2.66987,0.06,0.04,1.80793,3.14689,0,0.344145,6.048,4.27398e+06,2.70226e+06,7.72706e+06,0,0,0,6.64293e+08,79.5675,79.791,2.64676,0,0,2.83485,1.49588,0,2.15852,3.38688,8.8822e+06,3.61194e+06,2.51797e+07,0,0,0,8.67616e+07
110.355,110.355,2.45079,0.06,0.04,1.8489,3.14686,0,0.338806,6.048,4.27398e+06,2.70226e+06,7.90215e+06,0,0,0,6.64293e+08,79.3877,79.791,2.65788,0,0,2.79383,1.49587,0,2.1902,3.38688,8.8822e+06,3.61194e+06,2.48154e+07,0,0,0,8.67616e+07
110.296,110.355,2.24345,0.06,0.04,1.84885,3.14683,0,0.346484,6.048,4.27398e+06,2.70226e+06,7.90195e+06,0,0,0,6.64293e+08,79.1598,79.791,2.34743,0,0,2.79383,1.49585,0,2.15852,3.38688,8.8822e+06,3.61194e+06,2.48154e+07,0,0,0,8.67616e+07
110.09,110.355,2.05552,0.06,0.04,1.8488,3.1468,0,0.346475,6.048,4.27398e+06,2.70226e+06,7.90175e+06,0,0,0,6.64293e+08,78.8326,79.791,2.2269,0,0,2.79383,1.49584,0,2.15852,3.38688,8.8822e+06,3.61194e+06,2.48154e+07,0,0,0,8.67616e+07
109.735,110.355,1.95537,0.06,0.04,1.9222,3.22021,0,0.346466,6.048,4.27398e+06,2.70226e+06,8.21542e+06,0,0,0,6.64293e+08,78.1714,79.791,1.91077,0,0,2.83038,1.53238,0,2.15852,3.38688,8.8822e+06,3.61194e+06,2.514e+07,0,0,0,8.67616e+07
109.193,110.355,1.79409,0.06,0.04,1.9587,3.22017,0,0.36022,6.048,4.27398e+06,2.70226e+06,8.37144e+06,0,0,0,6.64293e+08,77.6314,79.791,1.66919,0,0,2.79383,1.53236,0,2.18675,3.38688,8.8822e+06,3.61194e+06,2.48154e+07,0,0,0,8.67616e+07
108.766,110.355,1.888,0.06,0.04,1.95865,3.22014,0,0.36706,6.048,4.27398e+06,2.70226e+06,8.37123e+06,0,0,0,6.64293e+08,77.1507,79.791,1.99401,0,0,2.79383,1.53234,0,2.15851,3.38688,8.8822e+06,3.61194e+06,2.48154e+07,0,0,0,8.67616e+07
108.361,110.355,1.90112,0.06,0.04,1.9586,3.22011,0,0.367051,6.048,4.27398e+06,2.70226e+06,8.37102e+06,0,0,0,6.64293e+08,76.6987,79.791,2.01453,0,0,2.79383,1.53233,0,2.15851,3.38688,8.8822e+06,3.61194e+06,2.48154e+07,0,0,0,8.67616e+07
107.405,110.355,1.5165,0.06,0.04,2.17361,3.43513,0,0.367042,6.048,4.27398e+06,2.70226e+06,9.28996e+06,0,0,0,6.64293e+08,76.1567,79.791,2.10158,0,0,2.92576,1.66424,0,2.15851,3.38688,8.8822e+06,3.61194e+06,2.59872e+07,0,0,0,8.67616e+07
106.203,110.355,1.3687,0.06,0.04,2.30548,3.43509,0,0.407334,6.048,4.27398e+06,2.70226e+06,9.85359e+06,0,0,0,6.64293e+08,75.5762,79.791,2.09183,0,0,2.79383,1.66422,0,2.26044,3.38688,8.8822e+06,3.61194e+06,2.48154e+07,0,0,0,8.67616e+07
105.631,110.355,2.02446,0.07,0.04,2.30543,3.43506,0,0.432048,6.048,4.27398e+06,2.70226e+06,9.85337e+06,0,0,0,6.64293e+08,75.0658,79.791,2.49677,0,0,2.79383,1.6642,0,2.15851,3.38688,8.8822e+06,3.61194e+06,2.48154e+07,0,0,0,8.67616e+07
105.845,110.355,2.89141,0.07,0.04,2.30538,3.43502,0,0.432038,6.048,4.27398e+06,2.70226e+06,9.85315e+06,0,0,0,6.64293e+08,74.693,79.791,2.73008,0,0,2.79383,1.66419,0,2.15851,3.38688,8.8822e+06,3.61194e+06,2.48154e+07,0,0,0,8.67616e+07
105.359,110.355,2.14177,0.08,0.04,2.30533,3.43499,0,0.432028,6.048,4.27398e+06,2.70226e+06,9.85292e+06,0,0,0,6.64293e+08,74.3236,79.791,3.06047,0,0,2.79383,1.66417,0,2.15851,3.38688,8.8822e+06,3.61194e+06,2.48154e+07,0,0,0,8.67616e+07
104.021,110.355,1.15141,0.08,0.04,2.20047,3.33015,0,0.432019,6.048,4.27398e+06,2.70226e+06,9.40477e+06,0,0,0,6.64293e+08,73.7754,79.791,2.46318,0,0,2.71376,1.58408,0,2.15851,3.38688,8.8822e+06,3.61194e+06,2.41042e+07,0,0,0,8.67616e+07
102.402,110.355,0.764584,0.08,0.04,2.12035,3.33012,0,0.412369,6.048,4.27398e+06,2.70226e+06,9.06234e+06,0,0,0,6.64293e+08,73.142,79.791,1.59813,0,0,2.79383,1.58407,0,2.09665,3.38688,8.8822e+06,3.61194e+06,2.48154e+07,0,0,0,8.67616e+07
101.378,110.355,1.45996,0.09,0.04,2.1203,3.33008,0,0.397354,6.048,4.27398e+06,2.70226e+06,9.06212e+06,0,0,0,6.64293e+08,72.6411,79.791,2.39704,0,0,2.79383,1.58405,0,2.15851,3.38688,8.8822e+06,3.61194e+06,2.48154e+07,0,0,0,8.67616e+07
101.171,110.355,2.40908,0.13,0.04,2.12025,3.33005,0,0.397345,6.048,4.27398e+06,2.70226e+06,9.06191e+06,0,0,0,6.64293e+08,72.3706,79.791,3.93628,0,0,2.79383,1.58404,0,2.15851,3.38688,8.8822e+06,3.61194e+06,2.48154e+07,0,0,0,8.67616e+07
100.389,110.355,1.69842,0.14,0.04,2.03418,3.24399,0,0.397335,6.048,4.27398e+06,2.70226e+06,8.69404e+06,0,0,0,6.64293e+08,71.9772,79.791,2.33774,0,0,2.72095,1.51114,0,2.15851,3.38688,8.8822e+06,3.61194e+06,2.4168e+07,0,0,0,8.67616e+07
99.3422,110.355,1.41178,0.14,0.04,1.96125,3.24396,0,0.381205,6.048,4.27398e+06,2.70226e+06,8.38234e+06,0,0,0,6.64293e+08,71.5284,79.791,1.71437,0,0,2.79383,1.51112,0,2.10221,3.38688,8.8822e+06,3.61194e+06,2.48154e+07,0,0,0,8.67616e+07
98.9813,110.355,2.12864,0.15,0.04,1.9612,3.24393,0,0.367538,6.048,4.27398e+06,2.70226e+06,8.38213e+06,0,0,0,6.64293e+08,71.6568,79.791,4.61102,0,0,2.79383,1.51111,0,2.15852,3.38688,8.8822e+06,3.61194e+06,2.48154e+07,0,0,0,8.67616e+07
