55,52,51,47,47,50,52,54,53,53,51,57,54,51,56,53,53,48,51,53,53,51,50,54,49,57,59,57,59,57,58,56,56,53,51,54,56,59,57,58,58,59,55,54,52,51,54,57,54,51,55,52,52,47,47,50,52,54,53,53,52,58,54,52,57,53,53,48,51,54,53,51,50,54,49
55,52,52,47,47,50,52,54,53,53,52,58,54,52,57,53,53,48,51,54,53,51,50,54,49,57,59,57,59,57,58,56,57,54,52,55,56,59,57,59,59,59,56,54,52,51,54,57,54,51,55,52,52,47,47,51,53,54,54,53,52,58,54,52,57,53,54,49,52,54,54,51,50,54,49
55,52,52,47,47,51,53,54,54,53,52,58,54,52,57,53,54,49,52,54,54,51,50,54,49,57,59,57,60,57,59,57,57,54,52,55,56,59,58,59,59,60,56,54,52,51,54,57,54,52,55,52,52,47,47,51,53,54,54,53,52,58,54,52,57,53,54,49,52,54,54,51,50,55,49
55,52,52,47,47,51,53,54,54,53,52,58,54,52,57,53,54,49,52,54,54,51,50,55,49,57,59,57,60,57,59,57,57,54,52,55,56,59,58,59,59,60,56,54,52,51,54,57,54,52,55,52,52,47,46,50,53,54,53,53,52,58,54,52,57,53,53,48,51,54,53,51,50,54,49
55,52,52,47,46,50,53,54,53,53,52,58,54,52,57,53,53,48,51,54,53,51,50,54,49,57,59,57,59,57,58,56,57,54,52,55,56,59,57,59,59,59,56,54,52,50,54,57,54,52,55,52,52,47,46,50,53,54,53,53,52,58,54,52,57,53,53,48,51,54,53,51,50,54,50
55,52,52,47,46,50,53,54,53,53,52,58,54,52,57,53,53,48,51,54,53,51,50,54,50,57,59,57,59,57,59,56,57,54,52,55,56,59,57,59,59,59,56,54,52,50,54,57,54,52,55,52,52,47,46,51,53,54,54,53,52,58,54,52,57,53,54,49,52,54,54,51,50,55,50
55,52,52,47,46,51,53,54,54,53,52,58,54,52,57,53,54,49,52,54,54,51,50,55,50,57,59,57,60,57,59,57,57,54,52,55,56,59,58,59,59,60,56,54,53,50,54,57,54,52,55,52,52,47,47,51,53,55,54,53,52,58,55,52,57,54,54,49,52,54,54,52,50,55,50
55,52,52,47,47,51,53,55,54,53,52,58,55,52,57,54,54,49,52,54,54,52,50,55,50,58,60,58,60,58,59,57,57,54,52,55,56,59,58,59,59,60,56,55,53,50,54,57,54,53,55,52,52,47,47,51,53,55,54,53,52,58,55,52,57,54,54,49,52,54,54,52,50,55,50
55,52,52,47,47,51,53,55,54,53,52,58,55,52,57,54,54,49,52,54,54,52,50,55,50,58,60,58,60,58,59,57,57,54,52,55,56,60,58,59,59,60,56,55,53,50,54,58,54,53,55,52,52,47,47,51,53,55,54,53,52,58,55,52,57,54,54,49,52,54,54,52,50,55,50
55,52,52,47,47,51,53,55,54,53,52,58,55,52,57,54,54,49,52,54,54,52,50,55,50,58,60,58,60,58,59,57,57,54,52,55,56,60,58,59,59,60,56,55,53,50,54,57,54,53,55,52,52,47,47,51,53,55,54,53,52,58,55,52,57,54,54,49,52,54,54,52,50,55,50
55,52,52,47,47,51,53,55,54,53,52,58,55,52,57,54,54,49,52,54,54,52,50,55,50,58,60,58,60,58,59,57,57,54,52,55,56,60,58,59,59,60,56,55,53,50,54,57,54,53,55,52,52,47,46,51,53,54,54,53,52,58,55,52,57,53,54,49,52,54,54,51,50,55,50
55,52,52,47,46,51,53,54,54,53,52,58,55,52,57,53,54,49,52,54,54,51,50,55,50,57,60,57,60,57,59,57,57,54,52,55,56,59,58,59,59,60,56,55,53,50,54,57,54,53,55,52,52,47,46,51,53,54,54,53,52,58,54,52,57,53,53,48,52,54,53,51,50,54,50
55,52,52,47,46,51,53,54,54,53,52,58,54,52,57,53,53,48,52,54,53,51,50,54,50,57,59,57,59,57,59,57,57,54,51,55,56,59,58,59,59,59,56,54,52,50,54,57,54,52,55,52,52,47,46,50,53,54,54,53,52,58,54,52,57,53,53,48,52,54,53,51,50,54,50
55,52,52,47,46,50,53,54,54,53,52,58,54,52,57,53,53,48,52,54,53,51,50,54,50,57,59,57,59,57,59,57,57,54,51,55,56,59,57,59,59,59,56,54,52,50,54,57,54,52,55,52,52,47,46,51,53,54,54,53,52,58,54,52,57,53,53,48,52,54,53,51,50,54,50
55,52,52,47,46,51,53,54,54,53,52,58,54,52,57,53,53,48,52,54,53,51,50,54,50,57,59,57,59,57,59,57,57,54,51,55,56,59,58,59,59,59,56,54,52,50,54,57,54,52,55,52,52,47,46,51,53,54,53,53,52,58,54,52,57,53,54,48,51,54,53,51,50,54,50
55,52,52,47,46,51,53,54,53,53,52,58,54,52,57,53,54,48,51,54,53,51,50,54,50,57,59,57,60,57,59,56,57,54,51,55,56,59,58,59,59,59,56,54,52,50,54,57,54,52,55,52,51,47,46,51,53,54,53,53,51,58,54,51,57,53,54,48,51,53,53,51,50,55,50
55,52,51,47,46,51,53,54,53,53,51,58,54,51,57,53,54,48,51,53,53,51,50,55,50,57,59,57,60,57,59,56,57,54,51,55,56,59,58,59,59,60,56,54,52,49,54,57,54,52,55,52,51,47,46,51,53,54,53,53,51,58,54,51,57,53,54,48,51,53,53,51,50,55,50
55,52,51,47,46,51,53,54,53,53,51,58,54,51,57,53,54,48,51,53,53,51,50,55,50,58,60,57,60,57,59,56,57,53,51,55,56,59,58,59,59,60,56,54,52,49,54,57,54,52,55,52,51,47,47,50,52,54,53,53,52,58,54,51,57,53,54,48,51,53,53,51,50,55,50
55,52,51,47,47,50,52,54,53,53,52,58,54,51,57,53,54,48,51,53,53,51,50,55,50,58,60,58,60,57,59,56,57,53,52,54,56,60,58,59,59,60,56,54,52,49,54,57,54,52,55,52,52,47,47,50,52,54,53,53,52,58,54,51,57,53,53,48,51,53,53,51,50,55,50
55,52,52,47,47,50,52,54,53,53,52,58,54,51,57,53,53,48,51,53,53,51,50,55,50,58,60,57,60,57,59,56,57,53,52,54,56,59,58,59,59,60,56,54,52,49,54,57,54,52,55,52,52,48,47,50,52,54,53,53,52,58,54,51,57,53,53,48,51,53,53,51,50,54,51
55,52,52,48,47,50,52,54,53,53,52,58,54,51,57,53,53,48,51,53,53,51,50,54,51,58,60,57,60,57,59,56,57,53,52,54,56,59,58,59,60,60,56,54,53,49,53,57,54,52,54,52,52,48,47,50,52,54,53,53,52,57,54,52,56,53,53,48,51,54,53,52,51,54,51
54,52,52,48,47,50,52,54,53,53,52,57,54,52,56,53,53,48,51,54,53,52,51,54,51,57,60,57,60,57,58,56,57,54,52,54,56,59,57,59,59,60,56,54,53,50,53,57,54,53,54,52,52,48,48,50,52,54,53,53,52,57,54,52,56,53,53,48,51,54,54,52,51,54,51
54,52,52,48,48,50,52,54,53,53,52,57,54,52,56,53,53,48,51,54,54,52,51,54,51,57,60,57,59,57,58,56,57,54,52,54,56,59,57,59,59,59,55,54,53,50,53,57,54,53,53,52,52,48,48,50,52,54,53,53,53,57,54,52,56,53,53,49,52,54,54,52,51,54,51
53,52,52,48,48,50,52,54,53,53,53,57,54,52,56,53,53,49,52,54,54,52,51,54,51,57,60,57,59,57,58,56,56,54,52,54,56,59,57,59,59,59,55,54,53,50,53,57,54,53,53,52,52,49,48,50,53,54,54,53,53,57,54,52,56,53,53,49,52,54,54,53,52,54,52
53,52,52,49,48,50,53,54,54,53,53,57,54,52,56,53,53,49,52,54,54,53,52,54,52,57,60,57,59,57,58,57,57,54,52,55,56,59,57,59,59,59,55,54,54,50,53,57,54,53,52,52,53,49,48,51,53,54,54,54,53,57,54,52,57,53,53,49,52,54,54,53,52,54,52
52,52,53,49,48,51,53,54,54,54,53,57,54,52,57,53,53,49,52,54,54,53,52,54,52,57,60,57,59,57,58,57,57,54,53,55,56,59,57,59,59,59,56,54,54,50,53,57,54,54,52,52,53,50,48,51,53,54,54,54,53,58,54,52,57,53,53,50,52,55,55,53,52,54,52
52,52,53,50,48,51,53,54,54,54,53,58,54,52,57,53,53,50,52,55,55,53,52,54,52,56,59,57,59,57,58,57,57,55,53,55,56,59,57,59,59,59,56,55,54,50,53,57,55,54,52,52,53,50,48,51,53,55,54,54,54,58,54,53,57,53,53,50,53,55,55,53,53,54,53
52,52,53,50,48,51,53,55,54,54,54,58,54,53,57,53,53,50,53,55,55,53,53,54,53,56,59,57,59,57,58,57,57,55,53,55,56,59,57,58,59,59,56,55,54,50,53,57,55,54,51,53,54,51,48,51,53,55,54,54,54,58,55,53,57,54,54,50,53,55,55,54,53,53,53
51,53,54,51,48,51,53,55,54,54,54,58,55,53,57,54,54,50,53,55,55,54,53,53,53,55,59,57,59,57,58,57,57,55,53,55,56,59,57,58,59,59,56,55,55,50,53,57,55,55,51,53,54,51,48,52,53,55,55,55,55,58,55,53,57,54,54,51,53,55,55,54,53,53,53
51,53,54,51,48,52,53,55,55,55,55,58,55,53,57,54,54,51,53,55,55,54,53,53,53,55,59,57,59,57,58,57,57,55,54,55,56,59,57,58,58,59,56,55,55,49,53,57,55,55,51,53,55,51,48,52,54,55,55,55,55,58,55,54,57,54,54,51,53,56,56,55,54,53,54
51,53,55,51,48,52,54,55,55,55,55,58,55,54,57,54,54,51,53,56,56,55,54,53,54,55,59,57,59,57,58,58,57,56,54,56,56,59,58,59,58,59,56,55,55,49,53,58,56,55,51,54,55,52,48,52,54,56,55,55,55,58,55,54,58,54,54,51,54,56,56,55,54,53,54
51,54,55,52,48,52,54,56,55,55,55,58,55,54,58,54,54,51,54,56,56,55,54,53,54,55,59,57,59,57,58,58,57,56,54,56,57,59,58,59,58,59,56,56,56,49,53,58,56,56,51,54,56,52,48,52,54,56,56,56,56,59,56,54,58,55,54,52,54,56,56,55,55,53,55
51,54,56,52,48,52,54,56,56,56,56,59,56,54,58,55,54,52,54,56,56,55,55,53,55,54,59,57,59,57,58,58,58,56,55,56,57,59,58,59,59,59,56,56,56,49,53,58,56,56,50,54,56,53,48,52,55,56,56,56,56,59,56,55,58,55,55,52,54,57,57,56,55,52,55
50,54,56,53,48,52,55,56,56,56,56,59,56,55,58,55,55,52,54,57,57,56,55,52,55,54,59,57,60,58,59,58,58,57,55,56,57,59,58,59,59,59,57,56,56,49,53,58,57,56,50,55,56,53,48,52,55,57,56,57,57,59,56,55,59,55,55,53,54,57,57,56,55,52,55
50,55,56,53,48,52,55,57,56,57,57,59,56,55,59,55,55,53,54,57,57,56,55,52,55,54,59,57,60,58,59,59,58,57,55,57,57,59,58,59,59,59,57,57,57,49,52,59,57,57,50,55,57,54,47,52,55,57,57,57,57,59,57,56,59,56,55,53,54,58,58,57,55,52,56
50,55,57,54,47,52,55,57,57,57,57,59,57,56,59,56,55,53,54,58,58,57,55,52,56,54,59,58,60,58,59,59,58,57,55,57,57,60,58,59,59,59,57,57,57,49,52,59,57,57,50,56,57,54,47,52,56,58,57,57,58,60,57,56,59,56,56,53,54,58,58,57,55,52,56
50,56,57,54,47,52,56,58,57,57,58,60,57,56,59,56,56,53,54,58,58,57,55,52,56,54,59,58,60,58,59,59,59,58,56,57,58,60,58,60,59,59,57,57,58,49,52,59,58,58,50,56,58,54,47,52,56,58,58,58,58,60,57,56,60,56,56,54,54,58,58,58,55,52,57
50,56,58,54,47,52,56,58,58,58,58,60,57,56,60,56,56,54,54,58,58,58,55,52,57,53,59,58,60,59,59,59,59,58,56,58,58,60,59,60,59,59,58,58,58,49,52,60,58,58,50,57,58,55,47,52,57,59,58,58,59,60,58,57,60,57,57,54,54,59,58,58,55,52,57
50,57,58,55,47,52,57,59,58,58,59,60,58,57,60,57,57,54,54,59,58,58,55,52,57,53,59,58,60,59,59,60,59,59,56,58,58,60,59,60,59,60,58,58,58,49,52,60,59,58,49,57,59,55,47,52,57,59,58,59,59,60,58,58,60,57,57,55,54,59,59,59,55,51,58
49,57,59,55,47,52,57,59,58,59,59,60,58,58,60,57,57,55,54,59,59,59,55,51,58,53,60,59,61,59,60,60,60,59,56,58,58,60,59,60,59,60,58,58,59,49,52,60,59,59,49,58,59,55,47,52,57,59,59,59,60,60,58,58,61,58,58,55,54,60,59,59,55,51,58
49,58,59,55,47,52,57,59,59,59,60,60,58,58,61,58,58,55,54,60,59,59,55,51,58,53,60,59,60,59,60,60,60,59,56,59,59,60,59,61,60,60,59,59,59,49,52,60,59,59,49,58,60,55,47,52,57,59,59,60,60,60,59,59,61,58,58,56,53,60,60,60,55,51,59
49,58,60,55,47,52,57,59,59,60,60,60,59,59,61,58,58,56,53,60,60,60,55,51,59,53,60,59,61,60,60,60,60,59,56,59,59,61,59,61,60,60,59,59,60,49,52,61,60,59,49,59,60,55,47,52,57,60,60,60,60,59,59,59,61,59,59,57,53,60,60,60,55,51,59
49,59,60,55,47,52,57,60,60,60,60,59,59,59,61,59,59,57,53,60,60,60,55,51,59,53,60,59,61,60,60,60,61,60,56,59,59,61,60,61,60,60,59,59,60,49,52,61,60,60,49,59,60,55,47,52,57,60,60,60,60,59,60,59,61,59,59,57,53,60,61,60,55,51,59
49,59,60,55,47,52,57,60,60,60,60,59,60,59,61,59,59,57,53,60,61,60,55,51,59,53,60,59,61,60,60,60,61,60,56,59,59,61,60,62,60,60,59,60,60,49,52,61,60,60,49,60,61,56,47,52,57,60,61,60,61,59,60,60,61,60,59,57,53,61,61,61,55,51,60
49,60,61,56,47,52,57,60,61,60,61,59,60,60,61,60,59,57,53,61,61,61,55,51,60,52,60,60,61,60,60,61,61,60,56,59,59,61,60,61,60,60,59,60,60,49,52,61,60,60,49,60,62,56,47,52,57,60,61,60,61,59,60,60,60,60,59,58,53,60,61,61,55,51,60
49,60,62,56,47,52,57,60,61,60,61,59,60,60,60,60,59,58,53,60,61,61,55,51,60,52,60,60,61,60,60,61,60,61,56,59,59,61,60,62,60,61,60,60,61,50,52,61,60,61,49,60,61,57,47,52,57,60,61,61,60,59,60,60,61,60,60,58,53,61,61,61,55,52,61
49,60,61,57,47,52,57,60,61,61,60,59,60,60,61,60,60,58,53,61,61,61,55,52,61,52,61,60,61,60,60,61,60,61,57,59,60,61,60,61,61,61,60,60,61,50,52,61,60,61,48,60,60,57,46,52,57,61,61,62,61,59,61,61,61,61,60,59,53,61,61,61,55,52,60
48,60,60,57,46,52,57,61,61,62,61,59,61,61,61,61,60,59,53,61,61,61,55,52,60,52,61,60,61,60,60,61,61,61,57,59,60,61,60,61,61,61,60,61,61,50,52,61,60,61,49,61,60,57,46,52,57,61,61,61,61,59,61,60,61,61,60,59,53,61,61,61,55,52,60
49,61,60,57,46,52,57,61,61,61,61,59,61,60,61,61,60,59,53,61,61,61,55,52,60,52,61,60,62,61,60,61,61,61,57,59,60,61,60,61,61,60,60,60,61,51,52,61,60,61,49,61,59,57,46,52,56,61,61,61,61,58,61,61,61,61,60,59,53,61,61,61,54,52,60
49,61,59,57,46,52,56,61,61,61,61,58,61,61,61,61,60,59,53,61,61,61,54,52,60,51,61,60,62,61,60,62,61,61,58,59,60,61,60,61,61,61,60,61,61,51,52,61,61,60,49,61,58,57,47,52,56,62,61,62,61,57,61,61,61,61,61,60,53,61,61,61,54,52,61
49,61,58,57,47,52,56,62,61,62,61,57,61,61,61,61,61,60,53,61,61,61,54,52,61,51,61,61,62,61,60,65,62,61,58,58,60,61,61,61,61,61,61,61,61,51,52,61,62,60,49,60,58,56,47,52,55,61,61,61,61,57,61,60,61,61,61,60,52,61,61,61,54,52,61
49,60,58,56,47,52,55,61,61,61,61,57,61,60,61,61,61,60,52,61,61,61,54,52,61,50,61,62,63,61,60,63,61,61,58,58,61,61,61,61,61,61,61,61,61,51,52,61,63,59,49,62,58,56,47,52,55,60,60,62,60,56,61,60,61,61,61,60,52,60,61,62,54,52,62
49,62,58,56,47,52,55,60,60,62,60,56,61,60,61,61,61,60,52,60,61,62,54,52,62,50,61,61,61,61,61,62,61,61,57,57,61,61,62,61,61,62,61,61,61,52,52,61,61,58,49,61,58,55,47,52,54,60,61,61,59,56,61,61,60,61,61,61,52,59,60,61,53,52,61
49,61,58,55,47,52,54,60,61,61,59,56,61,61,60,61,61,61,52,59,60,61,53,52,61,50,61,63,61,61,61,62,61,61,57,56,61,61,61,62,61,62,63,62,61,52,52,61,61,57,49,61,58,55,48,52,55,60,61,60,58,55,61,61,59,60,61,61,52,59,60,61,53,52,61
49,61,58,55,48,52,55,60,61,60,58,55,61,61,59,60,61,61,52,59,60,61,53,52,61,49,61,62,61,61,61,61,61,61,57,56,62,61,61,62,61,62,64,62,61,52,52,61,61,57,49,63,58,55,48,49,55,60,60,59,57,55,61,61,58,60,61,62,52,57,60,60,53,52,61
49,63,58,55,48,49,55,60,60,59,57,55,61,61,58,60,61,62,52,57,60,60,53,52,61,49,61,61,61,61,61,61,61,61,57,55,62,61,62,62,61,61,62,61,61,52,52,61,61,57,49,61,58,55,48,49,55,59,59,58,57,54,61,61,57,61,61,61,51,57,59,59,53,52,61
49,61,58,55,48,49,55,59,59,58,57,54,61,61,57,61,61,61,51,57,59,59,53,52,61,50,61,61,61,62,61,61,61,61,57,55,60,61,62,61,61,62,62,61,60,52,51,61,61,57,49,62,58,54,48,48,56,59,58,57,57,54,61,61,56,61,61,62,51,56,59,58,53,52,61
49,62,58,54,48,48,56,59,58,57,57,54,61,61,56,61,61,62,51,56,59,58,53,52,61,50,61,61,61,62,61,61,61,61,57,54,59,61,64,61,61,62,62,61,58,53,51,60,61,57,49,61,58,54,47,48,56,59,58,57,57,54,61,61,56,61,61,61,51,55,59,57,53,52,61
49,61,58,54,47,48,56,59,58,57,57,54,61,61,56,61,61,61,51,55,59,57,53,52,61,50,61,61,61,61,61,61,60,61,57,53,59,61,62,61,61,64,61,61,57,53,51,60,61,57,50,62,58,54,47,48,55,59,58,56,56,54,61,62,55,61,60,63,51,54,58,57,53,51,60
50,62,58,54,47,48,55,59,58,56,56,54,61,62,55,61,60,63,51,54,58,57,53,51,60,50,61,61,61,61,61,61,60,61,57,53,59,61,61,61,61,62,62,61,57,53,51,60,61,57,50,62,58,54,47,48,55,58,58,56,56,54,61,62,54,61,60,61,51,54,58,57,53,51,61
50,62,58,54,47,48,55,58,58,56,56,54,61,62,54,61,60,61,51,54,58,57,53,51,61,50,61,62,61,61,61,61,59,61,57,52,58,61,61,61,61,62,61,61,57,53,50,60,61,57,50,62,58,54,47,47,55,58,57,56,55,53,61,61,53,61,59,61,51,53,58,56,53,51,61
50,62,58,54,47,47,55,58,57,56,55,53,61,61,53,61,59,61,51,53,58,56,53,51,61,50,61,63,61,61,61,61,59,61,57,52,58,61,61,62,61,61,61,61,56,53,51,60,61,56,50,61,58,54,47,47,55,57,57,55,55,53,61,60,53,61,57,60,51,53,57,55,53,51,60
50,61,58,54,47,47,55,57,57,55,55,53,61,60,53,61,57,60,51,53,57,55,53,51,60,50,61,62,61,61,61,61,58,62,56,52,57,60,61,61,61,61,61,59,56,53,51,59,62,56,50,63,57,53,47,46,54,57,57,55,54,53,61,59,52,61,57,59,50,53,56,54,51,50,60
50,63,57,53,47,46,54,57,57,55,54,53,61,59,52,61,57,59,50,53,56,54,51,50,60,50,61,62,61,61,62,61,58,61,55,52,57,60,62,61,62,61,61,59,56,53,51,59,61,56,49,62,56,53,47,46,53,56,56,54,54,52,61,58,52,61,56,59,50,52,55,54,51,50,59
49,62,56,53,47,46,53,56,56,54,54,52,61,58,52,61,56,59,50,52,55,54,51,50,59,50,62,62,60,61,62,61,57,60,55,51,57,59,62,61,62,61,61,58,56,53,51,57,60,55,49,62,56,53,47,46,52,56,55,54,54,52,61,57,52,60,55,57,49,52,54,54,51,50,58
49,62,56,53,47,46,52,56,55,54,54,52,61,57,52,60,55,57,49,52,54,54,51,50,58,50,61,61,60,61,61,61,57,60,54,51,56,59,61,61,62,61,61,58,55,52,50,57,59,55,49,62,55,52,47,46,52,55,55,54,53,52,60,56,52,59,54,56,49,52,54,53,51,50,57
49,62,55,52,47,46,52,55,55,54,53,52,60,56,52,59,54,56,49,52,54,53,51,50,57,50,61,62,59,61,60,61,57,59,54,51,56,57,61,61,61,61,61,57,55,52,50,56,58,55,49,60,54,52,47,46,52,54,54,54,53,52,59,55,52,59,54,55,48,51,54,53,51,50,56
49,60,54,52,47,46,52,54,54,54,53,52,59,55,52,59,54,55,48,51,54,53,51,50,56,50,61,61,58,61,59,60,56,58,54,51,56,57,61,60,61,61,61,57,54,52,50,55,58,54,49,59,53,51,47,46,51,53,54,53,53,52,59,55,51,58,53,54,48,51,53,53,51,50,56
49,59,53,51,47,46,51,53,54,53,53,52,59,55,51,58,53,54,48,51,53,53,51,50,56,50,60,61,58,62,58,60,56,58,54,52,55,56,60,59,61,61,61,57,54,52,49,55,57,54,50,57,52,51,47,47,51,53,54,53,53,52,59,54,51,57,53,54,48,51,53,53,51,50,55
50,57,52,51,47,47,51,53,54,53,53,52,59,54,51,57,53,54,48,51,53,53,51,50,55,50,59,61,58,61,58,60,56,57,53,52,55,56,60,59,60,61,61,56,54,52,49,54,57,54,50,56,52,51,47,47,51,52,54,53,53,52,58,54,51,57,53,54,48,51,53,53,51,50,55
50,56,52,51,47,47,51,52,54,53,53,52,58,54,51,57,53,54,48,51,53,53,51,50,55,50,59,61,58,61,58,59,56,57,53,52,55,56,60,58,60,60,60,56,54,52,49,54,57,54,50,56,52,52,48,47,50,52,54,53,53,52,58,54,51,57,53,53,48,51,53,53,51,50,55
50,56,52,52,48,47,50,52,54,53,53,52,58,54,51,57,53,53,48,51,53,53,51,50,55,50,58,61,57,60,57,59,56,57,53,52,54,56,59,58,60,60,60,56,54,53,49,54,57,54,50,55,52,52,48,47,50,52,54,53,53,52,58,54,51,57,53,53,48,51,53,53,52,50,54
50,55,52,52,48,47,50,52,54,53,53,52,58,54,51,57,53,53,48,51,53,53,52,50,54,51,58,61,57,60,57,59,56,57,53,52,54,56,59,58,59,60,60,56,54,53,50,53,57,54,50,54,52,52,48,47,50,52,54,53,53,52,57,54,52,56,53,53,48,51,54,53,52,51,54
50,54,52,52,48,47,50,52,54,53,53,52,57,54,52,56,53,53,48,51,54,53,52,51,54,51,57,61,57,60,57,58,56,57,54,52,54,56,59,57,59,59,60,56,54,53,50,53,57,54,51,54,52,52,48,48,50,52,54,53,53,52,57,54,52,56,53,53,49,52,54,54,52,51,54
51,54,52,52,48,48,50,52,54,53,53,52,57,54,52,56,53,53,49,52,54,54,52,51,54,51,57,60,57,59,57,58,56,57,54,52,54,56,59,57,59,59,60,56,54,53,50,53,57,54,51,53,52,52,49,48,50,52,54,53,53,53,57,54,52,56,53,53,49,52,54,54,52,51,54
51,53,52,52,49,48,50,52,54,53,53,53,57,54,52,56,53,53,49,52,54,54,52,51,54,51,57,60,57,59,57,58,56,57,54,52,55,56,59,57,59,59,59,55,54,53,50,53,57,54,51,53,52,52,49,48,50,53,54,54,53,53,57,54,52,57,53,53,49,52,54,54,53,52,54
51,53,52,52,49,48,50,53,54,54,53,53,57,54,52,57,53,53,49,52,54,54,53,52,54,52,57,60,57,59,57,58,57,57,54,52,55,56,59,57,59,59,59,56,54,54,50,53,57,54,52,52,52,53,49,48,51,53,54,54,54,53,57,54,52,57,53,53,49,52,54,54,53,52,54
52,52,52,53,49,48,51,53,54,54,54,53,57,54,52,57,53,53,49,52,54,54,53,52,54,52,56,60,57,59,57,58,57,57,54,53,55,56,59,57,59,59,59,56,54,54,50,53,57,54,52,52,52,53,50,48,51,53,54,54,54,54,58,54,53,57,53,53,50,52,55,55,53,52,54
52,52,52,53,50,48,51,53,54,54,54,54,58,54,53,57,53,53,50,52,55,55,53,52,54,52,56,59,57,59,57,58,57,57,55,53,55,56,59,57,59,59,59,56,55,54,50,53,57,55,52,52,52,53,50,47,51,53,55,54,54,54,58,54,53,57,53,53,50,53,55,55,54,53,53
52,52,52,53,50,47,51,53,55,54,54,54,58,54,53,57,53,53,50,53,55,55,54,53,53,53,56,59,57,59,57,58,57,57,55,53,55,56,59,57,58,59,59,56,55,54,50,53,57,55,52,51,53,54,51,47,51,53,55,54,54,54,58,55,53,57,54,54,50,53,55,55,54,53,53
52,51,53,54,51,47,51,53,55,54,54,54,58,55,53,57,54,54,50,53,55,55,54,53,53,53,55,59,57,59,57,58,57,57,55,53,55,56,59,57,58,59,59,56,55,55,49,53,57,55,52,51,53,54,51,47,52,54,55,55,55,55,58,55,53,57,54,54,51,53,55,55,54,53,53
52,51,53,54,51,47,52,54,55,55,55,55,58,55,53,57,54,54,51,53,55,55,54,53,53,53,55,59,57,59,57,58,57,57,55,54,55,56,59,57,58,58,59,56,55,55,49,53,57,55,52,51,53,55,52,47,52,54,55,55,55,55,58,55,54,57,54,54,51,53,56,56,55,54,53
52,51,53,55,52,47,52,54,55,55,55,55,58,55,54,57,54,54,51,53,56,56,55,54,53,54,55,59,57,59,57,58,58,57,56,54,56,56,59,58,59,58,59,56,55,55,49,53,58,56,52,51,54,55,52,47,52,54,56,55,55,55,58,55,54,58,54,54,51,54,56,56,55,54,53
52,51,54,55,52,47,52,54,56,55,55,55,58,55,54,58,54,54,51,54,56,56,55,54,53,54,54,59,57,59,57,58,58,57,56,54,56,57,59,58,59,58,59,56,56,56,49,53,58,56,52,50,54,56,53,47,52,54,56,56,56,56,59,56,54,58,55,54,52,54,56,56,55,55,52
52,50,54,56,53,47,52,54,56,56,56,56,59,56,54,58,55,54,52,54,56,56,55,55,52,55,54,59,57,59,57,58,58,58,56,55,56,57,59,58,59,59,59,56,56,56,49,53,58,56,52,50,54,56,53,47,52,55,56,56,56,56,59,56,55,58,55,55,52,54,57,57,56,55,52
52,50,54,56,53,47,52,55,56,56,56,56,59,56,55,58,55,55,52,54,57,57,56,55,52,55,54,59,57,60,58,59,58,58,57,55,56,57,59,58,59,59,59,57,56,57,49,52,58,57,52,50,55,56,54,47,52,55,57,56,57,57,59,56,55,59,55,55,53,54,57,57,56,55,52
52,50,55,56,54,47,52,55,57,56,57,57,59,56,55,59,55,55,53,54,57,57,56,55,52,56,54,59,58,60,58,59,59,58,57,55,57,57,59,58,59,59,59,57,57,57,49,52,59,57,52,50,55,57,54,47,52,56,57,57,57,57,59,57,56,59,56,55,53,54,58,58,57,54,52
52,50,55,57,54,47,52,56,57,57,57,57,59,57,56,59,56,55,53,54,58,58,57,54,52,56,54,59,58,60,58,59,59,58,57,55,57,57,60,58,59,59,59,57,57,57,49,52,59,57,52,50,56,57,54,47,52,56,58,57,57,58,60,57,56,59,56,56,53,54,58,58,57,54,52
52,50,56,57,54,47,52,56,58,57,57,58,60,57,56,59,56,56,53,54,58,58,57,54,52,56,53,59,58,60,58,59,59,59,58,56,57,58,60,58,60,59,59,57,57,58,49,52,59,58,52,49,56,58,54,47,52,56,58,58,58,58,60,57,57,60,56,56,54,54,58,58,58,54,52
52,49,56,58,54,47,52,56,58,58,58,58,60,57,57,60,56,56,54,54,58,58,58,54,52,57,53,59,58,60,59,59,59,59,58,56,58,58,60,59,60,59,60,58,58,58,49,52,60,58,52,49,57,58,54,47,52,57,59,58,58,59,60,58,57,60,57,57,54,54,59,58,58,55,51
52,49,57,58,54,47,52,57,59,58,58,59,60,58,57,60,57,57,54,54,59,58,58,55,51,57,53,59,58,60,59,59,60,59,59,56,58,58,60,59,60,59,60,58,58,58,49,52,60,59,52,49,57,59,54,47,52,57,59,58,59,59,60,58,58,60,57,57,55,54,59,59,59,55,51
52,49,57,59,54,47,52,57,59,58,59,59,60,58,58,60,57,57,55,54,59,59,59,55,51,58,53,60,59,61,59,60,60,60,59,56,58,58,60,59,60,59,60,58,58,59,49,52,60,59,52,49,58,59,54,47,52,57,59,59,59,60,60,58,58,61,58,58,56,53,60,59,59,55,51
52,49,58,59,54,47,52,57,59,59,59,60,60,58,58,61,58,58,56,53,60,59,59,55,51,58,53,60,59,60,59,60,60,60,59,56,59,59,60,59,61,60,60,59,59,59,49,52,60,59,53,49,58,60,55,47,52,57,59,59,60,60,59,59,59,61,58,58,56,53,60,60,60,55,51
53,49,58,60,55,47,52,57,59,59,60,60,59,59,59,61,58,58,56,53,60,60,60,55,51,59,53,60,59,61,60,60,60,60,60,56,59,59,61,59,61,60,60,59,59,60,49,52,61,60,53,49,59,60,55,47,52,57,60,60,60,60,59,59,59,61,59,59,57,53,60,60,60,55,51
53,49,59,60,55,47,52,57,60,60,60,60,59,59,59,61,59,59,57,53,60,60,60,55,51,59,52,60,59,61,60,60,60,61,60,56,59,59,61,60,61,60,60,59,59,60,49,52,61,60,53,49,59,60,55,47,52,57,60,60,60,60,59,60,59,61,59,59,57,53,60,61,60,55,51
53,49,59,60,55,47,52,57,60,60,60,60,59,60,59,61,59,59,57,53,60,61,60,55,51,59,52,60,59,61,60,60,60,61,60,56,59,59,61,60,62,60,60,59,60,60,49,52,61,60,53,48,60,61,56,46,52,57,60,61,60,61,59,60,60,61,60,59,57,53,61,61,61,55,51
53,48,60,61,56,46,52,57,60,61,60,61,59,60,60,61,60,59,57,53,61,61,61,55,51,60,52,60,60,61,60,60,61,61,60,56,59,59,61,60,61,60,60,59,60,60,49,52,61,60,53,49,60,62,56,47,52,57,60,61,60,61,59,60,60,60,60,59,58,53,60,61,61,55,51
53,49,60,62,56,47,52,57,60,61,60,61,59,60,60,60,60,59,58,53,60,61,61,55,51,60,52,60,60,61,60,60,61,60,61,56,59,59,61,60,62,60,61,60,60,61,49,52,61,60,53,48,60,61,56,46,52,57,60,61,61,60,59,60,60,61,60,60,58,53,61,61,61,55,51
53,48,60,61,56,46,52,57,60,61,61,60,59,60,60,61,60,60,58,53,61,61,61,55,51,61,52,61,60,61,60,60,61,61,61,56,59,60,61,60,61,61,61,60,60,61,50,52,61,60,53,48,60,60,57,46,52,57,61,61,62,61,59,61,61,61,61,60,59,53,61,61,61,55,51
53,48,60,60,57,46,52,57,61,61,62,61,59,61,61,61,61,60,59,53,61,61,61,55,51,60,52,61,60,61,60,60,61,61,61,57,58,60,61,60,61,61,61,60,61,61,50,52,61,60,53,48,61,59,57,46,52,57,61,61,61,61,59,61,60,61,61,60,59,53,61,61,61,54,51
53,48,61,59,57,46,52,57,61,61,61,61,59,61,60,61,61,60,59,53,61,61,61,54,51,60,51,61,60,62,61,60,61,61,61,57,58,60,61,60,61,61,60,60,60,61,50,52,61,60,53,48,61,58,57,46,52,56,61,61,61,61,58,61,61,61,61,60,59,53,61,61,61,54,51
53,48,61,58,57,46,52,56,61,61,61,61,58,61,61,61,61,60,59,53,61,61,61,54,51,60,51,61,60,62,61,60,62,61,61,57,58,60,61,60,61,61,61,60,61,61,51,52,61,61,53,48,61,58,56,46,52,55,62,61,62,61,57,61,61,61,61,61,60,52,61,61,61,54,51
53,48,61,58,56,46,52,55,62,61,62,61,57,61,61,61,61,61,60,52,61,61,61,54,51,61,50,61,61,62,61,60,65,62,61,57,58,60,61,61,61,61,61,61,61,61,51,52,61,62,52,49,60,58,56,46,52,55,61,61,61,61,57,61,60,61,61,61,60,52,61,61,61,53,51
52,49,60,58,56,46,52,55,61,61,61,61,57,61,60,61,61,61,60,52,61,61,61,53,51,61,50,61,62,63,61,60,63,61,61,58,58,61,61,61,61,61,61,61,61,61,51,51,61,63,52,49,62,58,56,47,52,54,60,60,61,60,56,61,60,61,61,61,60,52,60,61,62,53,52
52,49,62,58,56,47,52,54,60,60,61,60,56,61,60,61,61,61,60,52,60,61,62,53,52,62,50,61,61,61,61,61,62,61,61,57,57,61,61,62,61,61,62,61,61,61,51,51,61,61,52,49,61,58,55,47,52,54,60,61,60,58,55,61,61,60,61,61,61,52,59,60,61,53,52
52,49,61,58,55,47,52,54,60,61,60,58,55,61,61,60,61,61,61,52,59,60,61,53,52,61,49,61,63,61,61,61,62,61,61,56,56,61,61,61,62,61,62,63,62,61,51,51,61,61,52,49,61,57,55,47,51,54,59,61,59,58,55,61,61,59,60,61,61,52,58,59,61,53,52
52,49,61,57,55,47,51,54,59,61,59,58,55,61,61,59,60,61,61,52,58,59,61,53,52,61,49,61,62,61,61,61,61,61,61,56,55,62,61,61,62,61,62,64,62,61,52,51,61,61,52,49,63,57,55,48,49,55,59,60,58,57,55,61,61,58,60,61,62,51,57,59,59,53,52
52,49,63,57,55,48,49,55,59,60,58,57,55,61,61,58,60,61,62,51,57,59,59,53,52,61,49,61,61,61,61,61,61,60,61,56,55,61,61,62,62,61,61,62,61,61,52,51,61,61,51,49,61,57,54,47,48,55,59,59,57,57,54,61,61,57,61,61,61,51,57,59,58,53,51
51,49,61,57,54,47,48,55,59,59,57,57,54,61,61,57,61,61,61,51,57,59,58,53,51,61,49,61,61,61,62,61,61,60,61,56,54,60,61,62,61,61,62,62,61,60,52,51,60,61,51,49,62,58,54,48,48,55,59,58,57,56,54,61,61,56,61,61,62,51,56,59,58,53,51
51,49,62,58,54,48,48,55,59,58,57,56,54,61,61,56,61,61,62,51,56,59,58,53,51,61,49,61,61,61,62,61,61,60,61,57,53,59,61,64,61,61,62,62,61,58,52,51,60,61,51,49,61,58,54,47,48,55,59,58,56,56,54,61,61,55,61,60,61,51,55,58,57,53,51
51,49,61,58,54,47,48,55,59,58,56,56,54,61,61,55,61,60,61,51,55,58,57,53,51,61,50,61,61,61,61,61,61,60,61,57,53,58,61,62,61,61,64,61,61,57,52,50,60,61,51,49,62,58,54,47,47,55,59,57,56,56,54,61,62,54,61,60,63,51,54,58,57,53,51
51,49,62,58,54,47,47,55,59,57,56,56,54,61,62,54,61,60,63,51,54,58,57,53,51,60,50,61,61,61,61,61,61,60,61,57,52,58,61,61,61,61,62,62,61,56,53,50,60,61,51,49,62,58,54,47,47,55,58,57,56,55,53,61,62,54,61,60,61,51,53,58,56,53,51
51,49,62,58,54,47,47,55,58,57,56,55,53,61,62,54,61,60,61,51,53,58,56,53,51,61,50,61,62,61,61,61,61,59,61,57,52,58,60,61,61,61,62,61,61,56,53,50,60,61,51,49,62,58,54,47,47,55,58,57,55,55,53,61,61,53,61,58,61,50,53,57,56,53,51
51,49,62,58,54,47,47,55,58,57,55,55,53,61,61,53,61,58,61,50,53,57,56,53,51,61,50,61,63,61,61,61,61,59,61,57,52,57,60,61,62,61,61,61,60,56,53,50,59,61,51,49,61,57,53,47,46,54,57,57,55,55,53,61,59,53,61,57,60,50,53,57,55,52,51
51,49,61,57,53,47,46,54,57,57,55,55,53,61,59,53,61,57,60,50,53,57,55,52,51,60,50,61,62,61,61,61,61,58,62,56,51,57,60,61,61,61,61,61,59,56,53,50,59,62,51,49,63,57,53,47,46,54,57,56,55,54,52,61,58,52,61,56,59,50,52,56,54,51,50
51,49,63,57,53,47,46,54,57,56,55,54,52,61,58,52,61,56,59,50,52,56,54,51,50,59,50,61,62,60,61,62,61,57,60,55,51,57,59,62,61,62,61,61,58,56,52,50,58,61,50,49,62,56,53,47,46,53,56,56,54,54,52,61,58,52,60,55,58,49,52,55,54,51,50
50,49,62,56,53,47,46,53,56,56,54,54,52,61,58,52,60,55,58,49,52,55,54,51,50,58,50,62,61,60,61,61,61,57,60,54,51,56,59,62,61,62,61,61,58,55,52,50,57,60,50,49,62,55,52,46,46,52,55,55,54,53,52,61,57,52,60,54,57,49,52,54,53,51,49
50,49,62,55,52,46,46,52,55,55,54,53,52,61,57,52,60,54,57,49,52,54,53,51,49,57,50,61,61,59,61,60,61,56,59,54,51,56,58,61,61,62,61,61,58,55,52,50,56,59,50,49,61,55,52,46,46,52,54,55,54,53,51,60,56,52,59,54,56,48,51,54,53,51,49
50,49,61,55,52,46,46,52,54,55,54,53,51,60,56,52,59,54,56,48,51,54,53,51,49,56,50,61,62,59,61,60,60,56,59,53,51,56,57,61,60,61,61,61,57,54,52,50,55,58,50,49,60,54,52,46,46,51,54,54,53,53,51,59,55,51,58,53,55,48,51,53,53,51,49
50,49,60,54,52,46,46,51,54,54,53,53,51,59,55,51,58,53,55,48,51,53,53,51,49,56,50,60,61,58,61,59,60,56,58,53,51,55,56,61,59,61,61,61,56,54,52,49,55,57,50,49,58,53,51,47,46,51,53,54,53,53,51,59,55,51,57,53,54,48,51,53,53,51,49
50,49,58,53,51,47,46,51,53,54,53,53,51,59,55,51,57,53,54,48,51,53,53,51,49,55,50,59,61,58,62,58,59,56,57,53,51,55,56,60,59,61,61,61,56,54,52,49,54,57,50,49,57,52,51,47,46,51,52,54,53,52,51,58,54,51,57,53,54,48,51,53,53,51,50
50,49,57,52,51,47,46,51,52,54,53,52,51,58,54,51,57,53,54,48,51,53,53,51,50,55,50,59,61,57,61,58,59,56,57,53,51,54,56,60,58,60,60,60,56,54,52,49,54,57,50,49,56,52,51,47,46,50,52,54,53,52,51,58,54,51,57,53,53,48,51,53,53,51,50
50,49,56,52,51,47,46,50,52,54,53,52,51,58,54,51,57,53,53,48,51,53,53,51,50,55,50,58,61,57,60,57,59,56,57,53,51,54,56,59,58,60,60,60,56,54,52,49,54,57,51,50,55,52,51,47,47,50,52,54,53,52,52,58,54,51,57,53,53,48,51,53,53,51,50
51,50,55,52,51,47,47,50,52,54,53,52,52,58,54,51,57,53,53,48,51,53,53,51,50,54,50,58,61,57,60,57,59,56,57,53,51,54,55,59,58,59,60,60,56,54,52,49,53,56,51,50,55,51,51,47,47,50,52,54,53,52,52,57,54,51,56,53,53,48,51,53,53,51,50
51,50,55,51,51,47,47,50,52,54,53,52,52,57,54,51,56,53,53,48,51,53,53,51,50,54,50,57,61,57,60,57,58,56,56,53,51,54,55,59,58,59,59,60,56,54,52,49,53,56,51,50,54,51,52,48,47,50,52,54,53,53,52,57,54,51,56,53,53,48,51,53,53,52,50
51,50,54,51,52,48,47,50,52,54,53,53,52,57,54,51,56,53,53,48,51,53,53,52,50,54,51,57,61,57,59,57,58,56,56,53,52,54,55,59,57,59,59,60,55,54,53,49,53,56,51,50,53,51,52,48,47,50,52,54,53,53,52,57,54,51,56,53,53,48,51,53,53,52,51
51,50,53,51,52,48,47,50,52,54,53,53,52,57,54,51,56,53,53,48,51,53,53,52,51,54,51,57,60,57,59,57,58,56,56,54,52,54,55,59,57,59,59,59,55,54,53,49,53,56,52,51,53,51,52,48,47,50,52,54,53,53,52,57,54,52,56,53,53,48,51,54,54,52,51
52,51,53,51,52,48,47,50,52,54,53,53,52,57,54,52,56,53,53,48,51,54,54,52,51,54,51,57,60,57,59,57,58,56,56,54,52,54,55,59,57,59,59,59,55,54,53,49,53,57,52,51,52,52,52,49,47,50,52,54,53,53,53,57,54,52,56,53,53,49,52,54,54,52,51
52,51,52,52,52,49,47,50,52,54,53,53,53,57,54,52,56,53,53,49,52,54,54,52,51,54,51,56,60,57,59,57,58,56,56,54,52,54,55,59,57,59,59,59,55,54,53,49,53,57,52,51,52,52,53,49,47,50,52,54,54,53,53,57,54,52,56,53,53,49,52,54,54,53,52
52,51,52,52,53,49,47,50,52,54,54,53,53,57,54,52,56,53,53,49,52,54,54,53,52,54,52,56,59,57,59,57,58,57,56,54,52,55,56,59,57,58,59,59,55,54,54,49,53,57,53,52,51,52,53,50,47,51,53,54,54,54,53,57,54,52,57,53,53,49,52,54,54,53,52
53,52,51,52,53,50,47,51,53,54,54,54,53,57,54,52,57,53,53,49,52,54,54,53,52,53,52,56,59,57,59,57,58,57,57,54,53,55,56,59,57,58,59,59,55,54,54,49,53,57,53,52,51,52,53,50,47,51,53,54,54,54,54,58,54,53,57,53,53,50,52,55,55,53,53
53,52,51,52,53,50,47,51,53,54,54,54,54,58,54,53,57,53,53,50,52,55,55,53,53,53,53,55,59,57,59,57,58,57,57,55,53,55,56,59,57,58,58,59,56,55,54,49,53,57,53,52,51,52,54,50,47,51,53,55,54,54,54,58,54,53,57,53,53,50,53,55,55,54,53
53,52,51,52,54,50,47,51,53,55,54,54,54,58,54,53,57,53,53,50,53,55,55,54,53,53,53,55,59,57,59,57,58,57,57,55,53,55,56,59,57,58,58,59,56,55,55,49,52,57,54,52,51,53,54,51,47,51,53,55,54,55,54,58,55,53,57,54,54,50,53,55,55,54,53
54,52,51,53,54,51,47,51,53,55,54,55,54,58,55,53,57,54,54,50,53,55,55,54,53,52,53,55,59,57,59,57,58,57,57,55,53,55,56,59,57,58,58,59,56,55,55,49,52,57,54,52,50,53,55,51,47,52,54,55,55,55,55,58,55,53,57,54,54,51,53,56,56,54,54
54,52,50,53,55,51,47,52,54,55,55,55,55,58,55,53,57,54,54,51,53,56,56,54,54,52,54,54,59,57,59,57,58,58,57,56,54,55,56,59,57,58,58,59,56,55,55,49,52,57,55,52,50,53,55,52,47,52,54,56,55,55,55,58,55,54,58,54,54,51,53,56,56,55,54
55,52,50,53,55,52,47,52,54,56,55,55,55,58,55,54,58,54,54,51,53,56,56,55,54,52,54,54,59,57,59,57,58,58,57,56,54,56,56,59,57,59,58,59,56,56,56,49,52,58,55,52,50,54,55,52,47,52,54,56,55,56,56,59,56,54,58,54,54,52,54,56,56,55,54
55,52,50,54,55,52,47,52,54,56,55,56,56,59,56,54,58,54,54,52,54,56,56,55,54,52,55,54,59,57,59,57,58,58,57,56,54,56,57,59,58,59,58,59,56,56,56,49,52,58,56,52,50,54,56,53,47,51,55,56,56,56,56,59,56,55,58,55,55,52,54,57,57,56,54
56,52,50,54,56,53,47,51,55,56,56,56,56,59,56,55,58,55,55,52,54,57,57,56,54,52,55,53,59,57,59,57,58,58,58,57,55,56,57,59,58,59,58,59,57,56,56,49,52,58,56,52,49,55,56,53,47,51,55,57,56,56,57,59,56,55,58,55,55,52,54,57,57,56,54
56,52,49,55,56,53,47,51,55,57,56,56,57,59,56,55,58,55,55,52,54,57,57,56,54,52,55,53,59,57,60,58,59,58,58,57,55,57,57,59,58,59,59,59,57,56,57,49,52,58,57,52,49,55,57,54,47,51,55,57,57,57,57,59,57,55,59,55,55,53,53,57,57,57,54
57,52,49,55,57,54,47,51,55,57,57,57,57,59,57,55,59,55,55,53,53,57,57,57,54,51,56,53,59,58,60,58,59,59,58,57,55,57,57,59,58,59,59,59,57,57,57,49,52,59,57,52,49,56,57,54,47,51,56,58,57,57,58,60,57,56,59,56,56,53,53,58,58,57,54
57,52,49,56,57,54,47,51,56,58,57,57,58,60,57,56,59,56,56,53,53,58,58,57,54,51,56,53,59,58,60,58,59,59,59,58,55,57,58,60,58,59,59,59,57,57,58,48,52,59,57,52,49,56,58,54,47,51,56,58,58,58,58,60,57,56,60,56,56,54,53,58,58,58,54
57,52,49,56,58,54,47,51,56,58,58,58,58,60,57,56,60,56,56,54,53,58,58,58,54,51,57,53,59,58,60,59,59,59,59,58,55,58,58,60,59,60,59,59,58,58,58,49,51,59,58,52,49,57,58,54,47,51,57,58,58,58,59,60,58,57,60,57,57,54,53,59,58,58,54
58,52,49,57,58,54,47,51,57,58,58,58,59,60,58,57,60,57,57,54,53,59,58,58,54,51,57,53,59,58,60,59,59,60,59,59,55,58,58,60,59,60,59,59,58,58,58,49,51,60,58,52,49,57,59,54,46,51,57,59,58,59,59,59,58,57,60,57,57,55,53,59,59,59,54
58,52,49,57,59,54,46,51,57,59,58,59,59,59,58,57,60,57,57,55,53,59,59,59,54,51,58,52,59,58,61,59,60,60,60,59,55,58,58,60,59,60,59,60,58,58,59,49,51,60,59,52,49,58,59,54,46,51,57,59,59,59,60,59,58,58,61,58,58,55,53,59,59,59,54
59,52,49,58,59,54,46,51,57,59,59,59,60,59,58,58,61,58,58,55,53,59,59,59,54,50,58,52,60,59,60,59,60,60,60,59,55,59,59,60,59,61,59,60,59,59,59,49,51,60,59,52,49,58,60,54,46,51,57,59,59,60,60,59,59,58,61,58,58,56,53,60,60,59,54
59,52,49,58,60,54,46,51,57,59,59,60,60,59,59,58,61,58,58,56,53,60,60,59,54,50,59,52,60,59,61,59,60,60,60,59,55,59,59,61,59,61,60,60,59,59,60,49,51,61,59,52,48,59,60,54,46,51,57,59,60,60,60,58,59,59,61,59,58,56,53,60,60,60,54
59,52,48,59,60,54,46,51,57,59,60,60,60,58,59,59,61,59,58,56,53,60,60,60,54,50,59,52,60,59,61,60,60,60,61,60,55,59,59,61,60,61,60,60,59,59,60,49,51,61,60,52,48,59,60,55,46,51,57,60,60,60,60,58,60,59,61,59,59,57,53,60,61,60,55
60,52,48,59,60,55,46,51,57,60,60,60,60,58,60,59,61,59,59,57,53,60,61,60,55,50,59,52,60,59,60,60,60,60,61,60,55,58,59,61,60,62,60,60,59,60,60,49,51,61,60,52,48,59,61,55,46,51,57,60,61,60,61,58,60,60,61,60,59,57,53,61,61,61,55
60,52,48,59,61,55,46,51,57,60,61,60,61,58,60,60,61,60,59,57,53,61,61,61,55,50,60,52,60,60,61,60,60,61,61,60,55,58,59,61,60,61,60,60,59,60,60,49,51,61,60,52,48,60,61,55,46,51,56,60,61,60,61,58,60,60,60,60,59,58,52,60,61,61,55
60,52,48,60,61,55,46,51,56,60,61,60,61,58,60,60,60,60,59,58,52,60,61,61,55,51,60,51,60,60,61,60,60,61,60,61,56,58,59,61,60,62,60,61,60,60,61,49,51,61,61,52,48,60,60,56,46,51,56,60,61,61,60,58,60,60,61,60,60,58,52,61,61,61,54
61,52,48,60,60,56,46,51,56,60,61,61,60,58,60,60,61,60,60,58,52,61,61,61,54,51,61,51,61,60,61,60,60,61,60,61,56,58,60,61,60,61,61,61,60,60,61,49,51,61,61,52,48,60,59,56,45,51,56,61,61,62,61,58,61,61,61,61,60,59,52,61,61,61,54
61,52,48,60,59,56,45,51,56,61,61,62,61,58,61,61,61,61,60,59,52,61,61,61,54,51,60,51,61,60,61,60,60,61,61,61,56,58,60,61,60,61,61,61,60,61,61,50,51,61,61,52,48,61,59,56,46,51,56,61,61,61,61,58,61,60,61,61,60,59,52,61,61,61,54
61,52,48,61,59,56,46,51,56,61,61,61,61,58,61,60,61,61,60,59,52,61,61,61,54,51,60,51,61,60,62,61,60,61,61,61,57,58,60,61,60,61,61,60,60,60,61,50,51,61,61,52,48,61,58,56,46,51,56,61,61,61,61,57,61,61,61,61,60,59,52,61,61,61,53
61,52,48,61,58,56,46,51,56,61,61,61,61,57,61,61,61,61,60,59,52,61,61,61,53,51,60,51,61,60,62,61,60,62,61,61,57,58,60,61,60,61,61,61,60,61,61,50,51,61,61,52,48,60,58,56,46,52,55,62,61,62,61,57,61,61,61,61,61,60,52,61,61,61,53
61,52,48,60,58,56,46,52,55,62,61,62,61,57,61,61,61,61,61,60,52,61,61,61,53,51,61,50,61,61,62,61,60,65,62,61,57,58,60,61,61,61,61,61,61,61,61,50,51,61,61,52,48,60,58,56,46,52,54,60,61,61,60,56,61,60,61,61,61,60,52,61,61,61,53
61,52,48,60,58,56,46,52,54,60,61,61,60,56,61,60,61,61,61,60,52,61,61,61,53,51,60,50,61,62,62,61,60,63,61,61,57,57,61,61,61,61,61,61,61,61,61,51,51,61,61,52,48,62,57,55,46,51,54,60,60,61,59,56,61,60,60,61,61,60,51,60,61,62,53
61,52,48,62,57,55,46,51,54,60,60,61,59,56,61,60,60,61,61,60,51,60,61,62,53,51,62,49,61,61,61,61,61,62,61,61,56,56,61,61,62,61,61,62,61,61,61,51,51,61,61,52,48,61,57,55,47,51,54,59,61,60,58,55,61,61,59,61,61,61,51,58,59,61,53
61,52,48,61,57,55,47,51,54,59,61,60,58,55,61,61,59,61,61,61,51,58,59,61,53,51,61,49,61,63,61,61,61,62,61,61,56,56,61,61,61,62,61,62,63,62,61,51,51,61,61,52,49,61,57,54,47,51,54,59,61,59,57,54,61,61,58,60,61,61,51,58,59,61,53
61,52,49,61,57,54,47,51,54,59,61,59,57,54,61,61,58,60,61,61,51,58,59,61,53,51,61,49,61,61,61,61,61,61,61,61,56,55,62,61,61,62,61,62,64,62,61,51,51,61,61,52,49,63,57,54,47,49,54,59,60,58,57,54,61,61,57,60,61,62,51,57,59,59,52
61,52,49,63,57,54,47,49,54,59,60,58,57,54,61,61,57,60,61,62,51,57,59,59,52,51,61,49,61,61,61,61,61,61,60,61,56,54,61,61,62,62,61,61,62,61,61,51,51,60,61,51,48,61,57,54,47,48,54,59,58,57,56,54,61,61,57,61,61,61,51,56,59,58,52
61,51,48,61,57,54,47,48,54,59,58,57,56,54,61,61,57,61,61,61,51,56,59,58,52,51,61,49,61,61,61,62,61,61,60,61,56,54,59,61,62,61,61,62,62,61,59,52,50,60,60,51,48,62,57,54,47,47,55,58,57,56,56,53,61,61,56,61,61,62,50,55,58,57,52
60,51,48,62,57,54,47,47,55,58,57,56,56,53,61,61,56,61,61,62,50,55,58,57,52,51,61,49,61,61,61,62,61,61,60,61,56,53,58,61,64,61,61,62,62,61,57,52,50,59,60,51,49,61,57,53,46,47,55,58,57,56,56,53,61,61,55,61,60,61,51,54,58,57,52
60,51,49,61,57,53,46,47,55,58,57,56,56,53,61,61,55,61,60,61,51,54,58,57,52,51,61,49,61,61,61,61,61,61,59,61,56,53,58,61,62,61,61,64,61,61,57,52,50,59,59,51,49,61,57,53,46,47,55,58,57,56,55,53,61,60,54,61,59,60,50,54,58,56,53
59,51,49,61,57,53,46,47,55,58,57,56,55,53,61,60,54,61,59,60,50,54,58,56,53,51,60,49,61,61,61,61,61,61,59,61,56,52,58,61,61,61,61,62,62,61,56,52,50,59,58,51,49,60,57,54,46,47,54,58,57,55,55,53,61,60,53,61,58,59,50,53,57,56,53
58,51,49,60,57,54,46,47,54,58,57,55,55,53,61,60,53,61,58,59,50,53,57,56,53,50,60,50,61,62,61,61,61,61,59,61,56,52,57,60,61,61,61,62,61,61,56,52,50,59,57,50,49,59,56,54,46,46,54,57,56,55,55,53,61,58,52,61,57,57,50,52,57,55,52
57,50,49,59,56,54,46,46,54,57,56,55,55,53,61,58,52,61,57,57,50,52,57,55,52,50,58,50,61,63,61,61,61,61,58,61,56,51,57,60,61,62,61,61,61,60,56,52,50,58,56,50,49,57,54,53,46,46,52,55,56,55,54,52,60,56,52,59,55,55,50,52,56,55,52
56,50,49,57,54,53,46,46,52,55,56,55,54,52,60,56,52,59,55,55,50,52,56,55,52,50,56,50,59,61,59,61,59,61,57,59,55,51,57,58,61,60,61,61,61,58,56,52,50,55,54,50,49,55,52,52,46,45,51,53,54,54,53,52,58,55,52,57,54,54,49,52,54,54,51
54,50,49,55,52,52,46,45,51,53,54,54,53,52,58,55,52,57,54,54,49,52,54,54,51,50,55,50,58,60,57,60,57,59,57,57,54,51,55,56,60,58,59,59,60,56,55,52,50,54,53,50,49,54,51,51,46,45,50,52,53,53,52,51,57,54,51,56,52,53,47,51,53,53,50
53,50,49,54,51,51,46,45,50,52,53,53,52,51,57,54,51,56,52,53,47,51,53,53,50,49,54,49,57,59,56,59,56,58,56,56,53,51,54,55,59,57,58,58,59,55,54,52,49,53,53,50,49,54,51,51,46,45,49,52,53,53,52,51,57,53,51,56,52,53,47,50,53,53,50
53,50,49,54,51,51,46,45,49,52,53,53,52,51,57,53,51,56,52,53,47,50,53,53,50,49,53,49,56,59,56,59,56,58,56,56,53,51,54,55,58,57,58,58,59,55,53,52,48,52,53,50,49,54,51,51,46,45,49,52,53,53,52,51,57,53,51,56,52,53,47,50,53,53,50
53,50,49,54,51,51,46,45,49,52,53,53,52,51,57,53,51,56,52,53,47,50,53,53,50,49,53,49,56,59,56,59,56,58,56,56,53,51,54,55,58,57,58,58,59,55,53,52,48,52,53,50,49,54,51,51,46,45,49,52,53,53,52,51,57,53,51,56,52,53,47,50,53,53,50
53,50,49,54,51,51,46,45,49,52,53,53,52,51,57,53,51,56,52,53,47,50,53,53,50,49,53,49,56,59,56,59,56,58,56,56,53,51,54,55,58,57,58,58,59,55,53,52,48,52,53,50,49,54,51,51,46,45,49,52,53,53,52,51,57,53,51,56,52,53,47,50,53,53,50
53,50,49,54,51,51,46,45,49,52,53,53,52,51,57,53,51,56,52,53,47,50,53,53,50,49,53,49,56,59,56,59,56,58,56,56,53,51,54,55,58,57,58,58,59,55,53,52,48,52,53,50,49,54,51,51,46,46,49,52,53,53,52,51,57,53,51,56,52,53,47,50,53,53,51
53,50,49,54,51,51,46,46,49,52,53,53,52,51,57,53,51,56,52,53,47,50,53,53,51,49,53,49,56,59,56,59,56,58,56,56,53,51,54,55,58,57,58,58,59,55,53,52,48,52,53,50,49,54,51,51,47,46,49,52,53,53,52,51,57,53,51,56,52,53,47,50,53,53,51
53,50,49,54,51,51,47,46,49,52,53,53,52,51,57,53,51,56,52,53,47,50,53,53,51,49,53,50,56,59,56,59,56,58,56,56,53,51,54,55,58,57,58,58,59,55,53,52,49,52,53,50,49,53,51,51,47,46,49,52,53,53,52,51,57,53,51,56,52,53,47,51,53,53,51
53,50,49,53,51,51,47,46,49,52,53,53,52,51,57,53,51,56,52,53,47,51,53,53,51,50,53,50,56,59,56,59,56,58,56,56,53,51,54,55,58,57,58,58,59,55,53,52,49,52,53,51,50,53,51,51,47,46,49,52,53,53,52,51,57,53,51,56,52,53,48,51,53,53,51
53,51,50,53,51,51,47,46,49,52,53,53,52,51,57,53,51,56,52,53,48,51,53,53,51,50,53,50,56,59,56,59,56,58,56,56,53,51,54,55,58,57,58,58,59,55,53,52,49,52,53,51,50,53,51,51,47,46,49,52,53,53,52,52,57,53,51,56,52,53,48,51,53,53,51
53,51,50,53,51,51,47,46,49,52,53,53,52,52,57,53,51,56,52,53,48,51,53,53,51,50,53,50,56,59,56,59,56,58,56,56,53,51,54,55,58,57,58,58,59,55,53,52,49,52,53,51,50,53,51,52,48,46,50,52,54,53,52,52,57,53,51,56,52,53,48,51,53,53,52
53,51,50,53,51,52,48,46,50,52,54,53,52,52,57,53,51,56,52,53,48,51,53,53,52,51,53,51,56,59,56,59,56,58,56,56,53,51,54,55,58,57,58,58,59,55,54,53,49,52,53,51,50,52,51,52,48,46,50,52,54,53,53,52,57,53,51,56,52,53,48,51,53,53,52
53,51,50,52,51,52,48,46,50,52,54,53,53,52,57,53,51,56,52,53,48,51,53,53,52,51,53,51,56,59,56,59,56,58,56,56,53,52,54,55,58,57,58,58,59,55,54,53,49,52,53,52,51,52,51,52,48,46,50,52,54,53,53,52,57,54,52,56,53,53,48,51,54,54,52
53,52,51,52,51,52,48,46,50,52,54,53,53,52,57,54,52,56,53,53,48,51,54,54,52,51,53,51,56,59,56,59,56,58,56,56,54,52,54,55,58,57,58,58,59,55,54,53,49,52,53,52,51,51,51,52,49,46,50,52,54,53,53,53,57,54,52,56,53,53,49,52,54,54,52
53,52,51,51,51,52,49,46,50,52,54,53,53,53,57,54,52,56,53,53,49,52,54,54,52,52,53,52,55,59,56,59,56,58,56,56,54,52,54,55,58,57,58,58,59,55,54,53,49,52,53,52,51,51,52,53,49,46,50,52,54,54,53,53,57,54,52,56,53,53,49,52,54,54,53
53,52,51,51,52,53,49,46,50,52,54,54,53,53,57,54,52,56,53,53,49,52,54,54,53,52,53,52,55,59,56,59,56,58,56,56,54,52,54,55,58,57,58,58,59,55,54,54,49,52,53,53,51,51,52,53,50,46,51,53,54,54,54,54,57,54,52,57,53,53,49,52,55,54,53
53,53,51,51,52,53,50,46,51,53,54,54,54,54,57,54,52,57,53,53,49,52,55,54,53,52,52,52,55,59,56,59,56,58,57,57,54,53,55,55,58,57,58,58,59,55,54,54,48,52,53,53,51,50,52,54,50,46,51,53,55,54,54,54,57,54,53,57,53,53,50,52,55,55,54
53,53,51,50,52,54,50,46,51,53,55,54,54,54,57,54,53,57,53,53,50,52,55,55,54,53,52,53,54,59,56,59,57,58,57,57,55,53,55,56,59,57,58,58,59,55,55,54,48,52,53,54,51,50,53,54,51,46,51,53,55,54,54,54,57,54,53,57,53,53,50,53,55,55,54
53,54,51,50,53,54,51,46,51,53,55,54,54,54,57,54,53,57,53,53,50,53,55,55,54,53,52,53,54,59,57,59,57,58,57,57,55,53,55,56,59,57,58,58,59,56,55,55,48,52,54,54,51,50,53,54,51,46,51,53,55,55,55,55,57,55,53,57,54,54,50,53,56,55,54
54,54,51,50,53,54,51,46,51,53,55,55,55,55,57,55,53,57,54,54,50,53,56,55,54,53,52,54,54,59,57,59,57,58,57,57,55,54,55,56,59,57,58,58,59,56,55,55,48,52,54,55,51,50,53,55,52,46,51,54,55,55,55,55,56,55,54,57,54,54,51,53,56,56,55
54,55,51,50,53,55,52,46,51,54,55,55,55,55,56,55,54,57,54,54,51,53,56,56,55,53,51,54,53,59,57,59,57,58,58,57,56,54,56,56,59,57,58,58,59,56,55,55,48,52,54,55,51,49,54,55,52,46,51,54,56,55,55,56,56,55,54,57,54,54,51,53,56,56,55
54,55,51,49,54,55,52,46,51,54,56,55,55,56,56,55,54,57,54,54,51,53,56,56,55,53,51,54,53,59,57,59,57,58,58,57,56,54,56,57,59,57,59,58,59,56,56,56,48,51,54,55,51,49,54,56,53,46,51,54,56,56,56,56,56,56,54,57,55,54,52,53,57,57,56
54,55,51,49,54,56,53,46,51,54,56,56,56,56,56,56,54,57,55,54,52,53,57,57,56,53,51,55,53,59,57,59,57,58,58,58,56,55,56,57,59,58,59,58,59,56,56,56,48,51,55,56,51,49,54,56,53,46,51,55,57,56,56,56,55,56,55,57,55,55,52,53,57,57,56
55,56,51,49,54,56,53,46,51,55,57,56,56,56,55,56,55,57,55,55,52,53,57,57,56,53,51,55,53,59,57,60,58,59,58,58,57,55,56,57,59,58,59,58,59,57,56,57,48,51,55,56,51,49,55,57,53,46,51,55,57,57,57,56,55,56,55,57,55,55,53,53,57,57,56
55,56,51,49,55,57,53,46,51,55,57,57,57,56,55,56,55,57,55,55,53,53,57,57,56,53,51,56,53,59,57,60,58,59,59,58,57,55,57,57,59,58,59,59,59,57,57,57,48,51,55,57,51,48,55,57,53,46,51,56,57,57,57,56,55,57,56,56,56,56,53,53,57,56,56
55,57,51,48,55,57,53,46,51,56,57,57,57,56,55,57,56,56,56,56,53,53,57,56,56,53,51,56,52,59,58,60,58,59,59,58,58,55,56,57,59,58,59,59,59,57,57,58,48,51,56,57,51,48,56,57,53,46,51,56,57,57,57,56,55,57,56,56,56,56,54,53,57,56,56
56,57,51,48,56,57,53,46,51,56,57,57,57,56,55,57,56,56,56,56,54,53,57,56,56,53,51,57,52,59,58,60,58,59,59,58,58,55,56,58,59,59,60,59,59,58,57,58,48,51,56,58,51,48,57,57,53,46,51,56,57,57,57,56,54,58,57,56,57,56,54,53,57,56,56
56,58,51,48,57,57,53,46,51,56,57,57,57,56,54,58,57,56,57,56,54,53,57,56,56,53,50,57,52,59,58,60,59,59,60,58,58,55,56,58,59,59,60,59,59,58,58,58,48,51,57,58,51,48,57,56,53,46,51,56,57,57,56,55,54,58,57,55,57,57,55,52,56,56,56
57,58,51,48,57,56,53,46,51,56,57,57,56,55,54,58,57,55,57,57,55,52,56,56,56,54,50,58,52,59,58,60,59,59,60,58,59,55,56,58,59,59,60,59,60,58,58,57,48,51,57,58,51,48,58,56,53,46,51,55,56,56,56,55,54,58,57,55,58,57,55,52,56,56,55
57,58,51,48,58,56,53,46,51,55,56,56,56,55,54,58,57,55,58,57,55,52,56,56,55,53,50,58,52,59,58,60,59,59,60,58,58,55,56,57,59,59,60,59,60,59,59,57,48,51,58,58,51,48,58,56,53,46,51,55,56,57,56,55,54,59,57,55,58,57,56,52,56,56,56
58,58,51,48,58,56,53,46,51,55,56,57,56,55,54,59,57,55,58,57,56,52,56,56,56,53,50,58,51,60,59,60,59,60,60,58,59,55,56,58,59,59,60,60,60,59,59,57,48,51,58,58,52,48,59,56,54,46,51,55,56,57,56,56,54,59,58,55,59,57,56,52,56,56,56
58,58,52,48,59,56,54,46,51,55,56,57,56,56,54,59,58,55,59,57,56,52,56,56,56,53,50,58,51,60,59,60,60,60,60,58,59,55,56,58,59,59,60,60,60,59,59,57,48,51,58,58,52,47,59,56,54,45,51,55,56,57,56,56,54,60,58,55,59,57,57,52,56,56,56
58,58,52,47,59,56,54,45,51,55,56,57,56,56,54,60,58,55,59,57,57,52,56,56,56,54,50,58,51,60,59,60,60,60,60,59,59,55,56,58,60,60,61,60,60,59,60,57,48,51,59,58,52,47,59,55,54,45,50,55,56,57,56,56,54,60,57,55,60,57,57,52,56,56,56
59,58,52,47,59,55,54,45,50,55,56,57,56,56,54,60,57,55,60,57,57,52,56,56,56,54,50,58,51,60,59,61,60,60,60,59,60,55,56,58,60,60,61,60,60,59,60,57,48,51,59,58,51,47,59,56,55,45,50,55,56,58,57,56,55,60,57,55,60,57,58,52,56,57,56
59,58,51,47,59,56,55,45,50,55,56,58,57,56,55,60,57,55,60,57,58,52,56,57,56,54,50,58,51,60,60,61,60,60,61,60,60,55,56,59,60,60,61,60,61,60,60,58,48,51,60,58,52,47,60,56,55,45,51,55,56,58,57,56,55,60,58,55,60,57,58,52,56,57,57
60,58,52,47,60,56,55,45,51,55,56,58,57,56,55,60,58,55,60,57,58,52,56,57,57,54,50,58,50,61,60,61,60,60,61,60,60,55,56,59,60,60,61,61,61,60,60,58,49,51,60,58,52,47,60,56,56,45,51,55,56,58,57,57,56,61,58,55,61,57,58,51,56,57,57
60,58,52,47,60,56,56,45,51,55,56,58,57,57,56,61,58,55,61,57,58,51,56,57,57,54,50,59,50,61,60,61,60,60,61,60,61,56,56,59,60,60,61,61,61,60,60,58,49,51,60,59,52,47,60,56,56,45,51,56,57,58,58,57,56,61,58,56,61,57,58,51,56,58,58
60,59,52,47,60,56,56,45,51,56,57,58,58,57,56,61,58,56,61,57,58,51,56,58,58,53,50,59,50,61,60,61,61,60,61,61,61,56,56,59,61,60,61,61,60,60,60,58,49,51,60,59,52,47,61,56,56,45,51,55,57,59,58,58,56,61,59,56,61,58,58,52,56,58,58
60,59,52,47,61,56,56,45,51,55,57,59,58,58,56,61,59,56,61,58,58,52,56,58,58,53,50,59,50,61,60,62,61,60,62,61,61,56,56,59,61,60,61,61,61,60,60,59,50,50,60,59,52,47,60,57,55,45,51,54,57,59,58,58,56,61,59,56,61,58,58,51,56,58,58
60,59,52,47,60,57,55,45,51,54,57,59,58,58,56,61,59,56,61,58,58,51,56,58,58,53,50,60,49,61,61,62,61,60,64,61,61,57,56,59,61,61,61,61,61,61,61,59,50,50,61,59,51,48,60,57,55,45,51,53,58,59,59,58,56,61,59,57,61,58,58,51,56,59,58
61,59,51,48,60,57,55,45,51,53,58,59,59,58,56,61,59,57,61,58,58,51,56,59,58,52,50,60,49,61,62,62,61,60,63,61,61,57,56,60,61,61,61,61,61,61,61,59,50,50,61,59,51,48,61,57,55,46,51,53,58,59,59,58,55,61,59,57,61,58,59,51,57,59,59
61,59,51,48,61,57,55,46,51,53,58,59,59,58,55,61,59,57,61,58,59,51,57,59,59,52,51,60,49,61,61,61,61,61,62,61,61,56,56,60,61,62,61,61,62,61,61,59,50,50,61,59,51,48,61,57,54,46,51,53,58,59,59,58,54,61,60,57,61,59,59,51,57,59,59
61,59,51,48,61,57,54,46,51,53,58,59,59,58,54,61,60,57,61,59,59,51,57,59,59,52,51,60,48,61,63,61,61,61,62,61,61,56,55,60,61,61,62,61,62,63,61,60,51,50,61,59,51,48,60,56,54,47,50,53,58,59,58,57,54,61,60,57,60,59,59,51,57,59,59
61,59,51,48,60,56,54,47,50,53,58,59,58,57,54,61,60,57,60,59,59,51,57,59,59,52,51,60,48,61,61,61,61,61,61,60,61,55,54,60,61,61,62,61,62,64,61,60,51,50,61,59,51,48,60,56,54,47,48,54,58,59,58,56,54,61,60,57,60,59,59,50,56,59,59
61,59,51,48,60,56,54,47,48,54,58,59,58,56,54,61,60,57,60,59,59,50,56,59,59,52,51,60,48,61,61,61,61,61,61,60,61,55,54,60,61,62,62,61,61,62,61,60,51,50,61,59,50,48,60,56,54,47,47,54,58,58,57,56,53,61,60,56,61,59,59,50,56,58,58
61,59,50,48,60,56,54,47,47,54,58,58,57,56,53,61,60,56,61,59,59,50,56,58,58,52,50,60,48,61,61,61,62,61,61,60,61,56,53,59,61,62,61,61,62,62,61,59,51,50,61,59,50,48,61,57,53,47,47,54,58,57,56,56,53,61,60,55,61,59,59,50,55,58,57
61,59,50,48,61,57,53,47,47,54,58,57,56,56,53,61,60,55,61,59,59,50,55,58,57,52,51,60,49,61,61,61,62,61,61,59,61,56,53,58,61,64,61,61,62,62,61,57,51,50,60,59,51,48,60,57,53,46,47,54,58,57,56,55,53,61,60,54,61,59,59,50,54,58,57
60,59,51,48,60,57,53,46,47,54,58,57,56,55,53,61,60,54,61,59,59,50,54,58,57,52,51,60,49,61,61,61,61,61,61,59,61,56,52,58,61,62,61,61,64,61,61,56,52,49,60,58,51,49,60,57,53,46,46,54,58,57,55,55,53,61,60,54,61,59,59,50,53,57,56
60,58,51,49,60,57,53,46,46,54,58,57,55,55,53,61,60,54,61,59,59,50,53,57,56,52,50,60,49,61,61,61,61,61,61,59,61,56,52,58,60,61,61,61,62,62,61,56,52,49,60,58,51,49,60,57,53,46,46,54,57,57,55,55,53,61,60,53,61,59,59,50,52,57,56
60,58,51,49,60,57,53,46,46,54,57,57,55,55,53,61,60,53,61,59,59,50,52,57,56,52,50,60,49,61,62,61,61,61,61,59,61,56,51,57,60,61,61,61,62,61,60,56,52,49,60,57,50,49,59,57,53,46,46,54,57,56,55,54,52,61,59,52,61,58,58,50,52,57,55
60,57,50,49,59,57,53,46,46,54,57,56,55,54,52,61,59,52,61,58,58,50,52,57,55,52,50,59,49,61,63,60,61,61,61,58,61,56,51,57,59,61,62,61,61,61,60,55,52,49,60,56,50,49,59,57,53,46,46,53,56,56,55,54,52,61,59,52,61,56,58,50,52,56,54
60,56,50,49,59,57,53,46,46,53,56,56,55,54,52,61,59,52,61,56,58,50,52,56,54,52,50,59,49,61,62,60,61,61,61,57,62,55,51,56,59,61,61,61,61,61,58,55,52,49,60,56,50,49,59,56,52,46,45,53,56,56,54,53,52,61,58,51,61,56,58,49,52,55,54
60,56,50,49,59,56,52,46,45,53,56,56,54,53,52,61,58,51,61,56,58,49,52,55,54,50,49,59,49,61,62,60,61,62,61,57,60,54,51,56,59,62,61,62,61,61,58,55,52,49,60,55,50,48,59,56,52,46,45,52,56,55,54,53,52,61,57,51,60,55,57,49,51,54,53
60,55,50,48,59,56,52,46,45,52,56,55,54,53,52,61,57,51,60,55,57,49,51,54,53,50,49,58,49,62,61,59,61,61,60,56,59,54,50,56,58,62,61,62,61,61,57,55,52,49,60,55,50,48,59,55,52,46,45,51,55,54,53,53,51,61,56,51,59,54,56,48,51,54,53
60,55,50,48,59,55,52,46,45,51,55,54,53,53,51,61,56,51,59,54,56,48,51,54,53,50,49,57,49,61,61,59,61,60,60,56,59,53,50,55,58,61,60,62,61,61,57,55,51,49,59,54,50,48,59,54,51,46,45,51,54,54,53,52,51,60,55,51,59,53,55,48,51,53,53
59,54,50,48,59,54,51,46,45,51,54,54,53,52,51,60,55,51,59,53,55,48,51,53,53,50,49,56,49,60,62,58,61,59,60,56,58,53,50,55,56,61,60,61,61,61,56,54,51,49,59,53,50,48,59,53,51,46,45,51,53,54,53,52,51,59,55,51,58,53,54,47,50,53,53
59,53,50,48,59,53,51,46,45,51,53,54,53,52,51,59,55,51,58,53,54,47,50,53,53,50,49,55,49,60,61,57,61,58,59,56,58,53,51,55,56,60,59,61,61,60,56,54,51,49,59,53,50,49,57,52,51,46,45,50,52,53,53,52,51,58,54,51,57,53,54,47,50,53,52
59,53,50,49,57,52,51,46,45,50,52,53,53,52,51,58,54,51,57,53,54,47,50,53,52,50,49,55,49,59,61,57,62,57,59,56,57,53,51,54,56,60,58,60,60,60,56,53,51,48,59,53,50,49,56,52,51,46,45,50,52,53,52,52,51,58,54,51,57,52,53,47,50,53,52
59,53,50,49,56,52,51,46,45,50,52,53,52,52,51,58,54,51,57,52,53,47,50,53,52,50,49,54,49,58,61,57,61,57,59,55,57,53,51,54,55,59,58,60,60,60,55,53,52,48,58,53,50,49,55,51,51,46,46,50,52,53,52,52,51,57,53,51,56,52,53,47,50,53,52
58,53,50,49,55,51,51,46,46,50,52,53,52,52,51,57,53,51,56,52,53,47,50,53,52,50,49,54,49,58,61,57,60,57,58,55,56,53,51,54,55,59,57,59,60,60,55,53,52,48,57,53,50,49,54,51,51,47,46,49,52,53,53,52,51,57,53,51,56,52,53,47,50,53,52
57,53,50,49,54,51,51,47,46,49,52,53,53,52,51,57,53,51,56,52,53,47,50,53,52,51,49,54,50,57,61,57,60,57,58,55,56,53,51,54,55,59,57,59,59,59,55,53,52,48,56,53,50,49,54,51,51,47,46,49,52,53,53,52,51,57,53,51,56,52,52,47,50,53,53
56,53,50,49,54,51,51,47,46,49,52,53,53,52,51,57,53,51,56,52,52,47,50,53,53,51,50,53,50,57,61,56,59,56,58,55,56,53,51,54,55,59,57,59,59,59,55,53,52,48,56,53,51,50,53,51,51,47,46,49,52,53,53,52,51,57,53,51,56,52,52,48,51,53,53
56,53,51,50,53,51,51,47,46,49,52,53,53,52,51,57,53,51,56,52,52,48,51,53,53,51,50,53,50,57,60,56,59,56,58,56,56,53,51,54,55,58,57,59,59,59,55,53,52,48,55,53,51,50,52,51,51,47,46,49,52,53,53,52,52,57,53,51,56,52,52,48,51,53,53
55,53,51,50,52,51,51,47,46,49,52,53,53,52,52,57,53,51,56,52,52,48,51,53,53,51,50,53,50,56,60,56,59,56,58,56,56,53,51,54,55,58,57,59,59,59,55,53,52,48,55,53,51,50,52,51,52,48,46,50,52,53,53,52,52,57,53,51,56,52,52,48,51,53,53
55,53,51,50,52,51,52,48,46,50,52,53,53,52,52,57,53,51,56,52,52,48,51,53,53,52,51,53,51,56,60,56,59,56,58,56,56,53,51,54,55,58,56,58,58,59,55,53,53,48,55,53,52,51,51,51,52,48,46,50,52,54,53,53,52,57,53,51,56,52,52,48,51,54,54
55,53,52,51,51,51,52,48,46,50,52,54,53,53,52,57,53,51,56,52,52,48,51,54,54,52,51,53,51,56,59,56,59,56,58,56,56,54,52,54,55,58,56,58,58,59,55,54,53,48,54,53,52,51,51,51,52,49,46,50,52,54,53,53,53,57,54,52,56,52,53,49,51,54,54
54,53,52,51,51,51,52,49,46,50,52,54,53,53,53,57,54,52,56,52,53,49,51,54,54,52,51,53,51,55,59,56,59,56,58,56,56,54,52,54,55,58,56,58,58,59,55,54,53,48,54,53,52,51,51,52,53,49,46,50,52,54,53,53,53,57,54,52,56,53,53,49,52,54,54
54,53,52,51,51,52,53,49,46,50,52,54,53,53,53,57,54,52,56,53,53,49,52,54,54,53,52,52,52,55,59,56,59,56,58,56,56,54,52,54,55,58,57,58,58,59,55,54,54,48,54,53,53,51,50,52,53,50,46,50,52,54,54,54,53,57,54,52,56,53,53,49,52,54,54
54,53,53,51,50,52,53,50,46,50,52,54,54,54,53,57,54,52,56,53,53,49,52,54,54,53,52,52,52,54,59,56,59,56,58,57,56,54,53,54,55,58,57,58,58,59,55,54,54,48,53,53,53,51,50,52,53,50,46,51,53,54,54,54,54,57,54,53,57,53,53,50,52,55,55
53,53,53,51,50,52,53,50,46,51,53,54,54,54,54,57,54,53,57,53,53,50,52,55,55,53,53,52,53,54,59,56,59,56,58,57,57,55,53,55,55,58,57,58,58,59,55,54,54,48,53,53,54,51,50,52,54,51,46,51,53,55,54,54,54,58,54,53,57,53,53,50,52,55,55
53,53,54,51,50,52,54,51,46,51,53,55,54,54,54,58,54,53,57,53,53,50,52,55,55,54,53,52,53,54,59,56,59,56,58,57,57,55,53,55,56,58,57,58,58,59,55,55,55,48,52,54,54,51,49,53,54,51,46,51,53,55,55,55,55,58,55,53,57,54,53,50,53,55,55
52,54,54,51,49,53,54,51,46,51,53,55,55,55,55,58,55,53,57,54,53,50,53,55,55,54,53,51,53,53,58,57,59,57,58,57,57,55,53,55,56,59,57,58,58,59,56,55,55,48,52,54,54,51,49,53,55,52,46,51,54,55,55,55,55,58,55,54,57,54,54,51,53,56,56
52,54,54,51,49,53,55,52,46,51,54,55,55,55,55,58,55,54,57,54,54,51,53,56,56,55,53,51,54,53,58,57,59,57,58,58,57,56,54,55,56,59,57,58,58,59,56,55,55,48,52,54,55,51,49,54,55,52,46,51,54,56,55,55,55,58,55,54,58,54,54,51,53,56,56
52,54,55,51,49,54,55,52,46,51,54,56,55,55,55,58,55,54,58,54,54,51,53,56,56,55,53,51,54,53,58,57,59,57,58,58,57,56,54,56,56,59,57,59,58,59,56,56,56,48,52,54,55,51,49,54,56,53,46,51,54,56,56,56,56,59,56,54,58,55,54,52,53,57,57
52,54,55,51,49,54,56,53,46,51,54,56,56,56,56,59,56,54,58,55,54,52,53,57,57,56,53,51,55,53,58,57,59,57,58,58,58,56,54,56,57,59,57,59,58,59,56,56,56,48,51,54,56,51,49,54,56,53,46,51,55,56,56,56,56,59,56,55,58,55,55,52,53,57,57
51,54,56,51,49,54,56,53,46,51,55,56,56,56,56,59,56,55,58,55,55,52,53,57,57,56,53,51,55,52,59,57,60,57,58,58,58,57,55,56,57,59,58,59,58,59,56,56,57,48,51,55,56,51,48,55,57,53,46,51,55,57,57,57,57,59,56,55,59,55,55,52,53,57,57
51,55,56,51,48,55,57,53,46,51,55,57,57,57,57,59,56,55,59,55,55,52,53,57,57,57,53,51,56,52,59,57,60,58,59,59,58,57,54,57,57,59,58,59,59,59,57,57,57,48,51,55,57,51,48,55,57,53,46,50,56,57,57,57,57,59,57,56,59,56,55,53,52,58,58
51,55,57,51,48,55,57,53,46,50,56,57,57,57,57,59,57,56,59,56,55,53,52,58,58,57,53,50,56,52,59,58,60,58,59,59,58,58,54,57,57,60,58,59,59,59,57,57,57,48,51,56,57,51,48,56,58,53,46,50,56,58,57,58,58,59,57,56,59,56,56,54,52,58,58
51,56,57,51,48,56,58,53,46,50,56,58,57,58,58,59,57,56,59,56,56,54,52,58,58,58,53,50,57,52,59,58,60,58,59,59,59,58,54,57,58,60,58,60,59,59,57,57,58,48,51,56,58,51,48,56,58,53,46,50,56,58,58,58,59,59,57,57,60,57,56,54,52,59,58
51,56,58,51,48,56,58,53,46,50,56,58,58,58,59,59,57,57,60,57,56,54,52,59,58,58,53,50,57,52,59,58,60,59,59,59,59,58,54,58,58,60,59,60,59,59,58,58,58,48,50,57,58,51,48,57,59,53,46,50,56,59,58,59,59,59,58,57,60,57,57,55,52,59,59
50,57,58,51,48,57,59,53,46,50,56,59,58,59,59,59,58,57,60,57,57,55,52,59,59,59,53,50,58,52,59,58,61,59,59,60,60,59,54,58,58,60,59,60,59,60,58,58,59,48,50,57,59,51,48,58,59,53,46,50,56,59,59,59,60,58,58,58,61,58,57,55,52,59,59
50,57,59,51,48,58,59,53,46,50,56,59,59,59,60,58,58,58,61,58,57,55,52,59,59,59,54,50,58,51,60,58,60,59,60,60,60,59,55,58,58,60,59,61,59,60,58,58,59,48,51,57,59,51,48,58,60,53,45,50,56,59,59,60,60,58,59,58,61,58,58,56,52,60,60
51,57,59,51,48,58,60,53,45,50,56,59,59,60,60,58,59,58,61,58,58,56,52,60,60,59,53,49,58,51,60,59,60,59,60,60,60,59,55,58,59,61,59,61,60,60,59,59,59,48,51,58,59,51,48,59,60,53,45,50,56,59,60,60,60,58,59,59,61,59,58,56,52,60,60
51,58,59,51,48,59,60,53,45,50,56,59,60,60,60,58,59,59,61,59,58,56,52,60,60,60,53,49,59,51,60,59,60,60,60,60,61,60,55,58,59,61,59,61,60,60,59,59,60,48,51,58,60,51,47,59,60,54,45,50,56,60,60,60,60,58,60,59,61,59,59,57,52,60,61
51,58,60,51,47,59,60,54,45,50,56,60,60,60,60,58,60,59,61,59,59,57,52,60,61,60,54,49,59,51,60,59,60,60,60,60,61,60,55,58,59,61,60,62,60,60,59,60,60,48,51,59,60,51,47,59,61,54,45,50,56,60,61,60,61,57,60,60,61,60,59,57,52,61,61
51,59,60,51,47,59,61,54,45,50,56,60,61,60,61,57,60,60,61,60,59,57,52,61,61,61,54,49,60,51,60,59,61,60,60,60,61,60,54,58,59,61,60,61,60,60,59,60,60,48,52,59,60,51,47,60,61,54,45,50,56,60,61,60,61,57,60,60,60,60,59,58,51,60,61
52,59,60,51,47,60,61,54,45,50,56,60,61,60,61,57,60,60,60,60,59,58,51,60,61,61,54,50,60,50,60,60,61,60,60,61,60,61,55,57,59,61,60,62,60,61,60,60,61,48,52,60,61,51,47,60,59,55,45,50,55,60,61,61,60,57,60,60,61,60,60,58,51,61,61
52,60,61,51,47,60,59,55,45,50,55,60,61,61,60,57,60,60,61,60,60,58,51,61,61,61,54,50,61,50,61,60,61,60,60,61,60,61,55,57,60,61,60,61,61,61,60,60,60,48,52,60,61,51,47,60,58,55,45,51,55,61,61,62,61,57,61,60,61,61,60,58,51,61,61
52,60,61,51,47,60,58,55,45,51,55,61,61,62,61,57,61,60,61,61,60,58,51,61,61,61,53,50,60,50,61,60,61,60,60,61,61,61,55,57,60,61,60,61,61,60,60,61,61,49,53,60,61,51,47,61,58,55,45,50,55,61,61,61,61,57,61,60,61,61,60,59,51,61,61
53,60,61,51,47,61,58,55,45,50,55,61,61,61,61,57,61,60,61,61,60,59,51,61,61,61,53,50,60,50,61,60,62,61,60,61,61,61,56,57,60,61,60,61,61,60,60,60,61,49,53,60,61,51,47,60,57,55,45,50,55,61,60,61,60,56,61,61,61,61,60,59,51,61,61
53,60,61,51,47,60,57,55,45,50,55,61,60,61,60,56,61,61,61,61,60,59,51,61,61,61,52,50,60,50,61,60,62,61,60,62,61,61,56,57,60,61,60,61,61,61,60,60,61,49,53,60,61,51,47,60,57,55,45,51,54,61,60,62,60,56,61,61,60,61,61,60,51,60,61
53,60,61,51,47,60,57,55,45,51,54,61,60,62,60,56,61,61,60,61,61,60,51,60,61,61,52,50,60,49,61,61,62,61,60,65,62,61,56,57,60,61,61,61,61,61,61,61,61,50,54,61,61,51,47,60,57,55,45,51,53,60,60,61,60,56,61,60,60,61,61,60,51,60,60
54,61,61,51,47,60,57,55,45,51,53,60,60,61,60,56,61,60,60,61,61,60,51,60,60,61,52,50,60,49,61,62,62,61,60,63,61,61,56,56,61,61,61,61,61,61,61,61,61,50,54,61,61,51,47,62,56,54,45,50,53,59,60,60,58,55,61,60,59,61,61,60,50,59,60
54,61,61,51,47,62,56,54,45,50,53,59,60,60,58,55,61,60,59,61,61,60,50,59,60,61,52,50,62,48,61,61,61,61,61,62,61,61,56,55,61,61,62,61,61,62,61,61,61,50,54,62,61,51,48,61,56,54,46,50,53,58,60,59,57,54,61,61,58,61,61,61,50,57,59
54,62,61,51,48,61,56,54,46,50,53,58,60,59,57,54,61,61,58,61,61,61,50,57,59,60,52,51,61,48,61,63,61,61,61,62,60,61,55,55,61,61,61,62,61,62,63,62,61,50,54,61,61,51,48,61,56,53,46,50,53,58,60,58,57,54,61,61,57,60,60,61,50,57,58
54,61,61,51,48,61,56,53,46,50,53,58,60,58,57,54,61,61,57,60,60,61,50,57,58,60,52,51,61,48,61,61,61,61,61,61,60,61,55,54,61,61,61,62,61,62,64,62,60,50,54,60,59,51,48,60,56,53,46,48,53,58,59,57,56,53,61,60,57,60,58,59,50,56,58
54,60,59,51,48,60,56,53,46,48,53,58,59,57,56,53,61,60,57,60,58,59,50,56,58,58,51,50,59,48,61,61,61,61,61,61,59,61,55,53,60,61,62,62,61,61,62,61,59,51,54,58,57,50,48,58,55,53,46,47,53,55,57,56,56,53,61,57,54,60,56,56,50,54,57
54,58,57,50,48,58,55,53,46,47,53,55,57,56,56,53,61,57,54,60,56,56,50,54,57,56,51,50,57,48,60,61,60,62,60,61,59,60,55,53,57,59,62,60,61,62,62,59,57,51,54,57,56,50,48,57,54,53,46,46,52,55,56,56,55,53,60,56,54,59,55,55,50,53,56
54,57,56,50,48,57,54,53,46,46,52,55,56,56,55,53,60,56,54,59,55,55,50,53,56,55,52,50,56,48,59,61,59,62,59,61,58,59,55,52,57,58,61,59,61,61,62,58,56,51,54,56,55,50,48,56,53,53,46,46,52,54,55,55,54,53,59,56,53,58,55,55,49,53,55
54,56,55,50,48,56,53,53,46,46,52,54,55,55,54,53,59,56,53,58,55,55,49,53,55,55,52,50,56,48,59,61,58,61,59,60,58,59,55,52,56,57,61,59,61,61,61,57,56,51,54,56,55,50,48,56,53,53,46,46,51,54,55,55,54,53,59,55,53,58,54,54,49,52,55
54,56,55,50,48,56,53,53,46,46,51,54,55,55,54,53,59,55,53,58,54,54,49,52,55,54,52,50,55,49,58,61,58,61,58,60,58,58,55,51,56,57,60,59,60,60,61,57,55,52,54,56,54,50,48,55,53,52,46,46,51,53,55,54,54,52,59,55,52,58,54,54,49,52,54
54,56,54,50,48,55,53,52,46,46,51,53,55,54,54,52,59,55,52,58,54,54,49,52,54,54,52,50,55,49,58,60,58,61,58,59,57,58,54,51,55,57,60,58,60,60,60,57,55,52,53,55,54,50,48,54,52,52,45,46,50,53,54,54,53,52,58,54,52,57,53,53,48,51,54
53,55,54,50,48,54,52,52,45,46,50,53,54,54,53,52,58,54,52,57,53,53,48,51,54,53,51,50,54,49,57,60,57,60,57,59,56,57,54,51,55,56,59,57,59,59,60,56,54,52,53,54,53,50,48,54,51,51,46,45,50,52,53,53,52,51,57,54,51,56,52,53,47,50,53
53,54,53,50,48,54,51,51,46,45,50,52,53,53,52,51,57,54,51,56,52,53,47,50,53,53,50,49,54,49,57,59,56,59,56,58,56,56,53,50,54,55,59,57,59,58,59,55,54,52,53,54,53,49,48,53,51,51,46,45,49,51,53,52,52,51,57,53,50,56,52,52,47,50,53
53,54,53,49,48,53,51,51,46,45,49,51,53,52,52,51,57,53,50,56,52,52,47,50,53,52,50,49,53,49,56,59,56,59,56,58,55,56,53,50,53,55,58,56,58,58,59,55,53,51,53,54,52,49,48,53,51,50,45,44,49,51,53,52,52,51,57,53,50,56,52,52,47,50,52
53,54,52,49,48,53,51,50,45,44,49,51,53,52,52,51,57,53,50,56,52,52,47,50,52,52,50,48,53,49,56,58,56,59,56,57,55,56,52,50,53,55,58,56,58,58,58,55,53,51,53,54,52,49,48,53,51,50,45,44,49,51,53,52,52,51,57,53,50,56,52,52,47,50,52
53,54,52,49,48,53,51,50,45,44,49,51,53,52,52,51,57,53,50,56,52,52,47,50,52,52,50,48,53,49,56,58,56,59,56,57,55,56,52,50,53,55,58,56,58,58,58,55,53,51,53,54,52,49,48,53,51,50,45,44,49,51,53,52,52,51,57,53,50,56,52,52,47,50,52
53,54,52,49,48,53,51,50,45,44,49,51,53,52,52,51,57,53,50,56,52,52,47,50,52,52,50,48,53,49,56,58,56,59,56,57,55,56,52,50,53,55,58,56,58,58,58,55,53,51,53,54,52,49,48,53,51,50,45,45,49,51,53,52,52,51,57,53,50,56,52,52,47,50,52
53,54,52,49,48,53,51,50,45,45,49,51,53,52,52,51,57,53,50,56,52,52,47,50,52,52,50,49,53,49,56,58,56,59,56,57,55,56,52,50,53,55,58,56,58,58,58,55,53,51,53,54,52,49,48,53,51,50,46,45,49,51,53,52,52,51,57,53,50,56,52,52,47,50,52
53,54,52,49,48,53,51,50,46,45,49,51,53,52,52,51,57,53,50,56,52,52,47,50,52,52,50,49,53,49,56,58,56,59,56,57,55,56,52,50,53,55,58,56,58,58,58,55,53,51,53,54,52,49,48,53,51,50,46,45,49,51,53,52,52,51,57,53,50,56,52,52,47,50,52
53,54,52,49,48,53,51,50,46,45,49,51,53,52,52,51,57,53,50,56,52,52,47,50,52,52,50,49,53,49,56,58,56,59,56,57,55,56,52,50,53,55,58,56,58,58,58,55,53,51,53,54,52,50,49,53,51,50,46,45,49,51,53,52,52,51,57,53,50,56,52,52,47,50,52
53,54,52,50,49,53,51,50,46,45,49,51,53,52,52,51,57,53,50,56,52,52,47,50,52,52,50,49,53,49,56,58,56,59,56,57,55,56,52,50,53,55,58,56,58,58,58,55,53,51,53,54,52,50,49,53,51,51,46,46,49,51,53,52,52,51,57,53,50,56,52,52,47,50,53
53,54,52,50,49,53,51,51,46,46,49,51,53,52,52,51,57,53,50,56,52,52,47,50,53,52,50,49,53,49,56,58,56,59,56,57,55,56,52,50,53,55,58,56,58,58,58,55,53,52,53,54,52,50,49,52,51,51,47,46,49,51,53,52,52,51,57,53,50,56,52,52,47,50,53
53,54,52,50,49,52,51,51,47,46,49,51,53,52,52,51,57,53,50,56,52,52,47,50,53,52,51,49,53,50,56,58,56,59,56,57,55,56,53,51,53,55,58,56,58,58,58,55,53,52,53,54,52,50,49,52,51,51,47,46,49,51,53,52,52,51,57,53,51,56,52,52,47,50,53
53,54,52,50,49,52,51,51,47,46,49,51,53,52,52,51,57,53,51,56,52,52,47,50,53,53,51,50,53,50,56,58,56,59,56,57,55,56,53,51,53,55,58,56,58,58,58,55,53,52,53,54,52,51,50,52,51,51,47,46,49,51,53,52,52,52,57,53,51,56,52,52,47,50,53
53,54,52,51,50,52,51,51,47,46,49,51,53,52,52,52,57,53,51,56,52,52,47,50,53,53,51,50,53,50,56,58,56,59,56,57,55,56,53,51,53,55,58,56,58,58,58,55,53,52,53,54,52,51,50,51,51,51,48,46,49,51,53,53,52,52,57,53,51,56,52,52,48,51,53
53,54,52,51,50,51,51,51,48,46,49,51,53,53,52,52,57,53,51,56,52,52,48,51,53,53,51,50,53,51,55,58,56,59,56,57,56,56,53,51,54,55,58,56,58,58,58,55,53,53,54,54,52,51,50,51,51,52,48,46,49,52,53,53,53,52,57,53,51,56,52,52,48,51,53
54,54,52,51,50,51,51,52,48,46,49,52,53,53,53,52,57,53,51,56,52,52,48,51,53,53,52,51,52,51,55,58,56,59,56,57,56,56,53,51,54,55,58,56,58,58,58,55,53,53,54,54,53,52,50,51,51,52,48,46,50,52,53,53,53,52,57,53,51,56,52,52,48,51,54
54,54,53,52,50,51,51,52,48,46,50,52,53,53,53,52,57,53,51,56,52,52,48,51,54,54,52,51,52,51,55,58,56,59,56,57,56,56,54,52,54,55,58,56,58,58,58,55,54,53,54,53,53,52,50,50,51,52,49,46,50,52,54,53,53,53,57,54,52,56,52,52,49,51,54
54,53,53,52,50,50,51,52,49,46,50,52,54,53,53,53,57,54,52,56,52,52,49,51,54,54,53,52,52,52,54,58,56,59,56,57,56,56,54,52,54,55,58,56,58,58,58,55,54,53,55,53,53,53,50,50,52,53,49,46,50,52,54,53,53,53,57,54,52,56,53,53,49,52,54
55,53,53,53,50,50,52,53,49,46,50,52,54,53,53,53,57,54,52,56,53,53,49,52,54,54,53,52,52,52,54,58,56,59,56,57,56,56,54,52,54,55,58,56,58,58,58,55,54,54,55,53,53,53,50,49,52,53,50,46,50,52,54,54,54,54,57,54,52,57,53,53,49,52,55
55,53,53,53,50,49,52,53,50,46,50,52,54,54,54,54,57,54,52,57,53,53,49,52,55,55,53,52,51,52,53,58,56,59,56,57,57,56,54,53,54,55,58,56,58,58,58,55,54,54,55,52,53,53,50,49,52,54,50,46,51,53,54,54,54,54,57,54,53,57,53,53,50,52,55
55,52,53,53,50,49,52,54,50,46,51,53,54,54,54,54,57,54,53,57,53,53,50,52,55,55,54,53,51,53,53,58,56,59,56,57,57,57,55,53,55,55,58,57,58,58,58,55,54,54,56,52,53,54,50,49,53,54,51,46,50,53,55,54,54,54,57,54,53,57,53,53,50,52,55
56,52,53,54,50,49,53,54,51,46,50,53,55,54,54,54,57,54,53,57,53,53,50,52,55,55,54,53,51,53,53,58,56,59,56,57,57,57,55,53,55,56,58,57,58,58,58,55,55,55,56,52,53,54,50,49,53,55,51,45,50,53,55,55,55,55,57,55,53,57,54,53,50,52,56
56,52,53,54,50,49,53,55,51,45,50,53,55,55,55,55,57,55,53,57,54,53,50,52,56,56,55,53,51,54,53,58,56,59,57,58,57,57,55,53,55,56,59,57,58,58,58,56,55,55,56,51,54,55,50,48,53,55,52,45,50,54,55,55,55,55,57,55,54,58,54,54,51,52,56
56,51,54,55,50,48,53,55,52,45,50,54,55,55,55,55,57,55,54,58,54,54,51,52,56,56,55,53,50,54,52,58,57,59,57,58,58,57,56,54,55,56,59,57,58,58,59,56,55,56,57,51,54,55,50,48,54,56,52,45,50,54,56,56,56,56,56,55,54,58,54,54,51,52,56
57,51,54,55,50,48,54,56,52,45,50,54,56,56,56,56,56,55,54,58,54,54,51,52,56,56,55,53,50,55,52,58,57,59,57,58,58,57,56,54,56,56,59,57,59,58,59,56,56,56,57,51,54,56,50,48,54,56,52,45,50,54,56,56,56,56,56,56,55,58,55,54,52,52,57
57,51,54,56,50,48,54,56,52,45,50,54,56,56,56,56,56,56,55,58,55,54,52,52,57,57,56,53,50,55,52,58,57,59,57,58,58,58,57,54,56,57,59,57,59,58,59,56,56,56,58,51,55,56,50,48,55,57,52,45,50,55,57,56,57,57,56,56,55,58,55,55,52,52,57
58,51,55,56,50,48,55,57,52,45,50,55,57,56,57,57,56,56,55,58,55,55,52,52,57,57,57,53,50,56,52,59,57,60,58,58,59,58,57,54,56,57,59,58,59,58,59,57,57,57,58,50,55,57,50,48,55,57,52,45,50,55,57,57,57,57,56,57,56,57,56,55,53,52,58
58,50,55,57,50,48,55,57,52,45,50,55,57,57,57,57,56,57,56,57,56,55,53,52,58,57,57,52,50,56,52,59,57,60,58,59,59,58,58,54,57,57,60,58,59,59,59,57,57,57,59,50,56,57,50,48,56,58,52,45,50,55,58,57,58,57,55,57,56,57,56,56,53,52,57
59,50,56,57,50,48,56,58,52,45,50,55,58,57,58,57,55,57,56,57,56,56,53,52,57,57,57,53,50,57,51,59,58,60,58,59,59,59,58,54,57,57,60,58,60,59,59,57,57,58,59,50,56,58,50,47,56,57,52,45,50,55,58,58,57,57,55,57,57,57,57,56,54,52,57
59,50,56,58,50,47,56,57,52,45,50,55,58,58,57,57,55,57,57,57,57,56,54,52,57,57,57,53,50,57,51,59,58,60,59,59,59,59,58,54,57,58,60,59,60,59,59,58,58,58,59,50,57,58,50,47,57,57,52,45,50,55,58,58,57,56,55,58,57,56,57,57,54,52,57
59,50,57,58,50,47,57,57,52,45,50,55,58,58,57,56,55,58,57,56,57,57,54,52,57,57,57,53,49,58,51,59,58,60,59,59,60,59,59,54,57,58,60,59,60,59,60,58,58,58,60,50,57,59,50,47,57,57,53,45,50,55,57,58,57,56,55,58,58,56,57,57,55,51,57
60,50,57,59,50,47,57,57,53,45,50,55,57,58,57,56,55,58,58,56,57,57,55,51,57,57,57,53,49,58,51,60,58,60,59,59,60,59,59,54,57,58,60,59,61,59,60,58,58,58,60,50,57,59,51,47,58,56,53,45,50,55,57,57,57,56,54,59,58,56,58,58,56,51,57
60,50,57,59,51,47,58,56,53,45,50,55,57,57,57,56,54,59,58,56,58,58,56,51,57,56,56,53,49,58,51,60,59,60,59,60,60,59,59,54,56,58,60,59,61,60,60,59,59,58,60,50,58,58,51,47,59,56,53,45,50,55,56,57,56,56,54,59,58,55,58,57,56,51,56
60,50,58,58,51,47,59,56,53,45,50,55,56,57,56,56,54,59,58,55,58,57,56,51,56,56,56,53,49,58,51,60,59,60,60,60,60,58,59,54,56,58,59,59,60,60,60,59,59,57,60,51,58,58,51,47,58,55,53,45,50,55,56,56,55,55,53,59,57,54,59,56,57,51,55
60,51,58,58,51,47,58,55,53,45,50,55,56,56,55,55,53,59,57,54,59,56,57,51,55,55,55,53,49,58,50,59,59,60,60,59,60,58,59,54,55,58,59,60,60,60,60,59,59,57,60,51,59,57,51,46,58,54,53,44,50,54,55,56,55,55,53,59,56,54,58,56,56,51,55
60,51,59,57,51,46,58,54,53,44,50,54,55,56,55,55,53,59,56,54,58,56,56,51,55,55,55,52,49,57,50,59,59,60,60,59,60,58,59,54,55,57,59,60,60,60,60,59,58,56,60,51,59,56,51,46,58,54,53,45,49,54,55,56,55,54,53,59,56,53,58,55,56,51,54
60,51,59,56,51,46,58,54,53,45,49,54,55,56,55,54,53,59,56,53,58,55,56,51,54,55,55,52,49,57,50,59,60,59,60,59,60,58,58,54,54,57,58,60,59,60,61,59,58,56,60,51,59,56,51,46,58,54,53,44,49,53,54,56,55,54,53,60,56,53,59,55,56,51,54
60,51,59,56,51,46,58,54,53,44,49,53,54,56,55,54,53,60,56,53,59,55,56,51,54,55,55,53,49,57,50,59,60,59,60,59,61,58,59,55,54,57,58,60,60,61,61,60,58,56,60,52,58,56,51,46,58,54,53,44,49,53,54,56,55,55,53,60,56,53,59,55,56,51,54
60,52,58,56,51,46,58,54,53,44,49,53,54,56,55,55,53,60,56,53,59,55,56,51,54,55,55,53,50,56,50,59,60,59,60,59,60,58,59,55,54,57,58,60,60,61,60,60,58,56,59,52,57,55,51,46,57,53,53,44,48,52,53,55,54,54,53,59,55,52,58,54,55,51,53
59,52,57,55,51,46,57,53,53,44,48,52,53,55,54,54,53,59,55,52,58,54,55,51,53,54,54,52,50,56,50,58,60,58,61,58,60,57,58,55,53,56,57,60,59,60,60,60,57,55,59,53,57,55,51,46,57,53,52,44,48,52,53,55,54,54,53,59,55,52,58,54,54,50,52
59,53,57,55,51,46,57,53,52,44,48,52,53,55,54,54,53,59,55,52,58,54,54,50,52,54,54,52,50,56,49,58,60,58,61,58,60,57,58,54,52,56,57,60,58,60,60,60,57,55,59,53,56,54,51,47,56,52,52,44,48,51,53,54,54,53,52,58,54,52,57,53,54,49,52
59,53,56,54,51,47,56,52,52,44,48,51,53,54,54,53,52,58,54,52,57,53,54,49,52,54,54,51,50,55,49,58,60,57,60,57,59,57,57,54,52,55,56,60,58,60,59,60,56,54,58,53,55,53,50,47,55,51,51,45,47,50,52,54,53,53,51,58,54,51,57,53,53,48,51
58,53,55,53,50,47,55,51,51,45,47,50,52,54,53,53,51,58,54,51,57,53,53,48,51,53,53,51,49,54,48,57,59,57,60,57,58,56,57,53,51,54,55,59,57,59,59,59,55,54,58,53,55,53,50,47,55,51,51,45,46,50,52,54,53,52,51,57,54,51,57,53,53,48,51
58,53,55,53,50,47,55,51,51,45,46,50,52,54,53,52,51,57,54,51,57,53,53,48,51,53,53,50,49,54,48,57,59,57,59,57,58,56,57,53,51,54,55,59,57,59,59,59,55,54,58,53,54,53,50,47,55,51,51,45,45,49,52,53,53,52,51,57,53,51,56,52,53,47,50
58,53,54,53,50,47,55,51,51,45,45,49,52,53,53,52,51,57,53,51,56,52,53,47,50,53,53,50,49,53,48,57,59,56,59,56,58,56,56,53,50,54,55,59,57,59,58,59,55,53,57,52,54,52,49,47,54,50,50,45,45,49,51,53,52,52,50,57,53,50,56,52,52,47,50
57,52,54,52,49,47,54,50,50,45,45,49,51,53,52,52,50,57,53,50,56,52,52,47,50,52,52,50,48,53,47,56,58,56,59,56,57,55,56,52,50,53,54,58,56,58,58,58,54,53,57,52,54,52,49,47,54,50,50,45,44,49,51,53,52,52,50,57,53,50,56,52,52,47,50
57,52,54,52,49,47,54,50,50,45,44,49,51,53,52,52,50,57,53,50,56,52,52,47,50,52,52,50,48,53,48,56,58,56,58,56,57,55,56,52,50,53,54,58,56,58,58,58,54,53,57,53,54,52,49,47,54,51,50,45,44,49,51,53,52,52,50,57,53,50,56,52,52,47,50
57,53,54,52,49,47,54,51,50,45,44,49,51,53,52,52,50,57,53,50,56,52,52,47,50,52,52,50,48,53,48,56,58,56,59,56,57,55,56,52,50,53,54,58,56,58,58,58,54,53,57,53,54,52,49,47,54,51,51,45,44,49,51,53,52,52,51,57,53,50,56,52,52,47,50
57,53,54,52,49,47,54,51,51,45,44,49,51,53,52,52,51,57,53,50,56,52,52,47,50,52,52,50,49,53,48,56,59,56,59,56,57,55,56,53,50,53,55,58,56,58,58,59,55,53,58,53,54,53,50,48,54,51,51,45,45,49,52,53,53,52,51,57,53,51,56,52,52,47,50
58,53,54,53,50,48,54,51,51,45,45,49,52,53,53,52,51,57,53,51,56,52,52,47,50,53,52,50,49,53,48,57,59,56,59,56,58,56,56,53,50,54,55,59,57,59,58,59,55,53,58,53,54,53,50,48,54,51,51,45,45,50,52,54,53,52,51,57,54,51,57,53,53,47,51
58,53,54,53,50,48,54,51,51,45,45,50,52,54,53,52,51,57,54,51,57,53,53,47,51,53,53,50,49,54,48,57,59,57,59,57,58,56,57,53,51,54,55,59,57,59,59,59,55,54,58,54,55,53,50,48,54,52,51,45,45,50,52,54,53,53,52,58,54,51,57,53,53,48,51
58,54,55,53,50,48,54,52,51,45,45,50,52,54,53,53,52,58,54,51,57,53,53,48,51,53,53,51,50,54,49,57,59,57,60,57,58,56,57,53,51,54,56,59,57,59,59,60,56,54,59,53,55,54,49,48,54,52,52,45,45,50,53,54,54,53,52,58,54,51,57,53,53,48,51
59,53,55,54,49,48,54,52,52,45,45,50,53,54,54,53,52,58,54,51,57,53,53,48,51,54,53,51,49,54,49,57,60,57,60,57,59,56,57,54,50,55,56,60,57,59,59,60,56,54,59,53,55,54,49,48,54,52,52,45,45,50,53,54,54,53,51,58,54,51,57,53,53,48,51
59,53,55,54,49,48,54,52,52,45,45,50,53,54,54,53,51,58,54,51,57,53,53,48,51,54,53,51,49,54,49,58,60,57,60,57,59,57,57,54,50,55,56,60,58,59,59,60,56,54,59,53,55,54,49,48,54,52,52,45,44,50,52,54,53,53,51,58,54,51,57,53,53,48,51
59,53,55,54,49,48,54,52,52,45,44,50,52,54,53,53,51,58,54,51,57,53,53,48,51,54,53,50,49,54,49,57,60,57,60,57,59,56,57,54,50,54,56,59,57,59,59,60,56,54,58,53,55,53,49,48,54,52,51,45,44,50,52,54,53,52,51,58,54,50,57,53,53,48,51
58,53,55,53,49,48,54,52,51,45,44,50,52,54,53,52,51,58,54,50,57,53,53,48,51,53,52,50,48,54,49,57,60,57,60,57,58,56,57,53,50,54,56,59,57,59,59,60,56,54,59,53,55,54,49,48,54,52,51,45,44,50,52,54,53,52,51,58,54,50,57,53,53,47,50
59,53,55,54,49,48,54,52,51,45,44,50,52,54,53,52,51,58,54,50,57,53,53,47,50,53,52,50,48,54,49,57,60,57,60,57,58,55,57,53,50,54,56,59,57,59,59,60,56,54,59,53,55,54,49,48,54,52,51,45,44,50,53,54,53,52,50,58,54,50,57,53,53,47,50
59,53,55,54,49,48,54,52,51,45,44,50,53,54,53,52,50,58,54,50,57,53,53,47,50,52,52,50,48,54,49,58,60,57,60,57,59,55,57,52,50,55,56,60,58,60,59,60,56,53,59,53,55,53,49,48,55,52,51,45,44,50,52,53,52,52,50,58,54,50,57,52,54,47,50
59,53,55,53,49,48,55,52,51,45,44,50,52,53,52,52,50,58,54,50,57,52,54,47,50,52,52,50,48,54,49,58,60,57,60,57,58,55,57,52,50,54,55,60,58,60,59,60,55,53,59,52,55,53,49,48,54,52,50,45,45,50,52,53,52,52,50,58,54,50,57,52,53,47,50
59,52,55,53,49,48,54,52,50,45,45,50,52,53,52,52,50,58,54,50,57,52,53,47,50,52,52,50,48,54,49,57,60,57,60,57,58,55,57,52,50,53,55,59,57,59,59,60,55,53,59,52,55,53,49,48,54,51,50,46,45,49,51,53,52,51,50,58,53,50,56,52,53,47,50
59,52,55,53,49,48,54,51,50,46,45,49,51,53,52,51,50,58,53,50,56,52,53,47,50,52,52,50,49,54,49,57,60,56,60,56,58,55,56,52,50,53,55,59,57,59,59,59,55,53,59,52,55,53,49,48,54,51,50,46,45,49,51,53,52,51,50,57,53,50,56,52,52,47,50
59,52,55,53,49,48,54,51,50,46,45,49,51,53,52,51,50,57,53,50,56,52,52,47,50,52,52,50,49,53,49,57,60,56,60,56,58,55,56,52,50,53,54,59,57,59,59,59,55,53,58,52,55,52,50,49,53,51,50,46,45,49,51,53,52,51,51,57,53,50,56,52,52,47,50
58,52,55,52,50,49,53,51,50,46,45,49,51,53,52,51,51,57,53,50,56,52,52,47,50,52,52,50,49,53,49,57,60,56,59,56,57,55,56,52,50,53,54,58,57,59,59,59,55,53,58,53,56,52,50,49,53,50,51,46,45,49,51,53,52,52,51,57,53,50,56,52,52,47,50
58,53,56,52,50,49,53,50,51,46,45,49,51,53,52,52,51,57,53,50,56,52,52,47,50,52,52,50,49,53,49,56,60,56,59,56,57,55,56,52,50,53,54,58,57,59,59,59,55,53,58,53,55,52,50,49,52,50,51,47,45,49,51,53,52,52,51,57,53,50,56,52,52,47,50
58,53,55,52,50,49,52,50,51,47,45,49,51,53,52,52,51,57,53,50,56,52,52,47,50,53,52,51,50,53,50,56,60,56,59,56,57,55,56,53,50,53,54,58,56,58,58,59,54,53,58,53,55,52,51,49,52,50,51,47,45,49,51,53,52,52,51,57,53,51,56,52,52,47,50
58,53,55,52,51,49,52,50,51,47,45,49,51,53,52,52,51,57,53,51,56,52,52,47,50,53,53,51,50,53,50,56,59,56,59,56,57,55,56,53,51,53,54,58,56,58,58,58,54,53,57,53,55,52,51,50,51,51,51,47,45,49,51,53,52,52,52,57,53,51,56,52,52,47,50
57,53,55,52,51,50,51,51,51,47,45,49,51,53,52,52,52,57,53,51,56,52,52,47,50,53,53,51,50,53,50,55,59,56,59,56,57,55,56,53,51,53,54,58,56,58,58,58,54,53,57,54,54,52,51,50,51,51,52,48,45,49,51,53,53,52,52,57,53,51,56,52,52,48,51
57,54,54,52,51,50,51,51,52,48,45,49,51,53,53,52,52,57,53,51,56,52,52,48,51,53,53,52,51,52,51,55,59,56,58,56,57,56,56,53,51,54,55,58,56,58,58,58,54,53,57,54,54,52,52,50,50,51,52,48,45,49,52,53,53,53,52,57,53,51,56,52,52,48,51
57,54,54,52,52,50,50,51,52,48,45,49,52,53,53,53,52,57,53,51,56,52,52,48,51,53,53,52,51,52,51,54,59,56,58,56,57,56,56,53,52,54,55,58,56,58,58,58,54,53,57,54,53,53,52,50,50,51,52,49,45,50,52,54,53,53,53,57,53,52,56,52,52,48,51
57,54,53,53,52,50,50,51,52,49,45,50,52,54,53,53,53,57,53,52,56,52,52,48,51,54,54,52,51,52,51,54,59,56,58,56,57,56,56,54,52,54,55,58,56,58,58,58,55,54,56,54,53,53,52,50,49,51,53,49,45,50,52,54,53,53,53,57,54,52,56,52,52,49,51
56,54,53,53,52,50,49,51,53,49,45,50,52,54,53,53,53,57,54,52,56,52,52,49,51,54,54,53,52,51,52,53,58,56,58,56,57,56,56,54,52,54,55,58,56,58,58,58,55,54,56,55,52,53,53,50,49,52,53,50,45,50,52,54,54,54,54,57,54,52,56,53,53,49,52
56,55,52,53,53,50,49,52,53,50,45,50,52,54,54,54,54,57,54,52,56,53,53,49,52,54,54,53,52,51,52,53,58,56,59,56,57,56,56,54,52,54,55,58,56,58,58,58,55,54,56,55,52,53,53,50,49,52,54,50,45,50,53,54,54,54,54,57,54,52,57,53,53,50,52
56,55,52,53,53,50,49,52,54,50,45,50,53,54,54,54,54,57,54,52,57,53,53,50,52,55,55,54,52,51,53,53,58,56,59,56,57,57,56,55,53,55,55,58,56,58,58,58,55,54,56,56,52,53,54,50,49,52,54,51,45,50,53,55,54,54,54,58,54,53,57,53,53,50,52
56,56,52,53,54,50,49,52,54,51,45,50,53,55,54,54,54,58,54,53,57,53,53,50,52,55,55,54,52,51,53,53,58,56,59,56,57,57,57,55,53,55,56,58,57,58,58,58,55,55,55,56,51,53,54,50,48,53,55,51,45,50,53,55,55,55,55,58,55,53,57,54,53,50,52
55,56,51,53,54,50,48,53,55,51,45,50,53,55,55,55,55,58,55,53,57,54,53,50,52,56,56,54,52,50,54,52,58,56,59,56,57,57,57,55,53,55,56,58,57,58,58,58,55,55,55,56,51,54,55,50,48,53,55,52,45,50,54,55,55,55,55,58,55,54,58,54,54,51,52
55,56,51,54,55,50,48,53,55,52,45,50,54,55,55,55,55,58,55,54,58,54,54,51,52,56,56,55,52,50,54,52,58,57,59,57,58,58,57,56,54,55,56,59,57,58,58,58,56,55,55,57,51,54,55,50,48,54,55,52,45,50,54,56,55,56,56,59,55,54,58,54,54,51,52
55,57,51,54,55,50,48,54,55,52,45,50,54,56,55,56,56,59,55,54,58,54,54,51,52,56,56,55,52,50,55,52,58,57,59,57,58,58,57,56,54,56,56,59,57,59,58,59,56,56,55,57,51,54,56,50,48,54,56,52,45,50,54,56,56,56,56,59,56,54,58,55,54,52,52
55,57,51,54,56,50,48,54,56,52,45,50,54,56,56,56,56,59,56,54,58,55,54,52,52,57,57,56,52,50,55,52,58,57,59,57,58,58,58,57,54,56,57,59,57,59,58,59,56,56,55,58,50,55,56,50,48,55,56,52,45,50,55,57,56,57,57,59,56,55,59,55,55,52,52
55,58,50,55,56,50,48,55,56,52,45,50,55,57,56,57,57,59,56,55,59,55,55,52,52,57,57,56,52,50,55,51,58,57,60,58,58,58,58,57,54,56,57,59,58,59,58,59,57,56,55,58,50,55,57,50,47,55,57,52,45,50,55,57,57,57,57,59,57,55,59,55,55,53,52
55,58,50,55,57,50,47,55,57,52,45,50,55,57,57,57,57,59,57,55,59,55,55,53,52,58,58,57,52,50,56,51,59,57,60,58,59,59,58,57,54,57,57,60,58,59,59,59,57,57,54,59,50,56,57,50,47,56,58,52,45,50,55,58,57,58,58,59,57,56,59,56,56,53,52
54,59,50,56,57,50,47,56,58,52,45,50,55,58,57,58,58,59,57,56,59,56,56,53,52,58,58,58,52,50,57,51,59,58,60,58,59,59,59,58,54,57,57,60,58,60,59,59,57,57,54,59,50,56,58,50,47,56,58,52,45,50,55,58,58,58,58,58,57,57,60,56,56,54,52
54,59,50,56,58,50,47,56,58,52,45,50,55,58,58,58,58,58,57,57,60,56,56,54,52,59,58,58,52,49,57,51,59,58,60,58,59,59,59,58,54,57,58,60,59,60,59,59,58,58,54,59,50,57,58,50,47,57,59,52,45,49,55,59,58,59,59,58,58,57,60,57,57,54,51
54,59,50,57,58,50,47,57,59,52,45,49,55,59,58,59,59,58,58,57,60,57,57,54,51,59,59,59,52,49,58,51,59,58,60,59,59,60,59,59,54,57,58,60,59,60,59,59,58,58,54,60,49,57,59,50,47,57,59,52,45,50,55,59,59,59,59,58,58,58,61,57,57,55,51
54,60,49,57,59,50,47,57,59,52,45,50,55,59,59,59,59,58,58,58,61,57,57,55,51,59,59,59,53,49,58,51,59,58,60,59,59,60,60,59,54,57,58,60,59,61,59,60,58,58,54,60,50,57,59,50,47,58,60,52,45,50,55,59,59,59,60,57,58,58,61,58,58,55,51
54,60,50,57,59,50,47,58,60,52,45,50,55,59,59,59,60,57,58,58,61,58,58,55,51,60,60,59,53,49,58,50,60,59,60,59,60,60,60,59,54,57,59,61,59,61,59,60,59,59,54,60,50,58,59,50,47,58,60,53,45,50,55,59,60,60,60,57,59,59,61,58,58,56,51
54,60,50,58,59,50,47,58,60,53,45,50,55,59,60,60,60,57,59,59,61,58,58,56,51,60,60,60,53,49,59,50,60,59,60,60,60,60,61,60,54,57,59,61,59,61,60,60,59,59,53,60,50,58,60,51,46,59,60,53,44,50,55,60,60,60,60,57,59,59,61,59,58,57,51
53,60,50,58,60,51,46,59,60,53,44,50,55,60,60,60,60,57,59,59,61,59,58,57,51,60,61,60,53,48,59,50,60,59,60,60,60,60,61,60,54,57,59,61,60,62,60,60,59,60,53,60,51,59,60,51,46,59,60,53,44,49,55,60,61,60,60,57,60,60,61,59,59,57,51
53,60,51,59,60,51,46,59,60,53,44,49,55,60,61,60,60,57,60,60,61,59,59,57,51,60,61,61,53,48,60,50,60,59,61,60,60,60,61,60,54,57,59,61,60,61,60,60,59,60,53,60,51,59,60,50,46,60,60,54,44,49,55,60,61,60,60,57,60,60,60,60,59,58,51
53,60,51,59,60,50,46,60,60,54,44,49,55,60,61,60,60,57,60,60,60,60,59,58,51,60,61,61,53,49,60,50,60,60,61,60,60,61,60,61,54,56,59,61,60,62,60,61,59,60,53,60,51,60,61,50,46,60,58,54,44,50,55,60,60,61,60,57,60,60,60,60,59,58,50
53,60,51,60,61,50,46,60,58,54,44,50,55,60,60,61,60,57,60,60,60,60,59,58,50,61,61,61,53,49,61,49,61,60,61,60,60,61,60,61,54,56,59,61,60,61,61,61,60,60,53,61,52,60,61,51,46,60,58,55,44,50,55,60,60,61,60,57,61,60,59,61,60,58,50
53,61,52,60,61,51,46,60,58,55,44,50,55,60,60,61,60,57,61,60,59,61,60,58,50,60,61,61,53,49,60,49,61,60,61,60,60,61,61,61,55,56,60,61,60,61,61,60,60,60,53,61,52,60,61,51,46,61,57,55,44,50,54,60,60,61,60,56,61,60,59,61,60,59,50
53,61,52,60,61,51,46,61,57,55,44,50,54,60,60,61,60,56,61,60,59,61,60,59,50,59,61,60,52,49,60,49,61,60,62,61,60,61,61,61,55,56,60,61,60,61,61,60,60,60,53,61,52,60,60,51,46,60,56,55,44,50,54,59,60,60,60,56,61,61,58,61,60,59,50
53,61,52,60,60,51,46,60,56,55,44,50,54,59,60,60,60,56,61,61,58,61,60,59,50,58,60,60,52,49,60,49,61,60,62,61,60,62,61,61,55,56,60,61,60,61,61,61,60,60,52,61,53,60,60,50,46,60,56,54,44,50,53,59,59,60,59,55,61,61,58,61,60,60,50
52,61,53,60,60,50,46,60,56,54,44,50,53,59,59,60,59,55,61,61,58,61,60,60,50,58,60,60,52,49,60,48,61,61,62,61,60,65,62,61,55,56,60,61,61,61,61,61,61,60,51,61,53,61,59,50,47,60,56,54,44,50,52,58,59,59,59,55,61,60,57,61,59,59,50
51,61,53,61,59,50,47,60,56,54,44,50,52,58,59,59,59,55,61,60,57,61,59,59,50,57,59,59,51,49,60,48,61,62,62,61,60,63,60,61,56,55,60,61,61,61,61,61,61,61,51,61,53,61,59,50,46,61,56,54,45,50,52,58,59,59,58,54,61,60,57,61,59,59,50
51,61,53,61,59,50,46,61,56,54,45,50,52,58,59,59,58,54,61,60,57,61,59,59,50,57,59,59,51,50,60,48,61,61,61,61,61,62,60,61,55,54,60,61,62,61,61,62,61,61,51,61,53,60,58,50,47,60,55,53,45,49,52,57,59,58,57,53,61,59,56,61,58,58,49
51,61,53,60,58,50,47,60,55,53,45,49,52,57,59,58,57,53,61,59,56,61,58,58,49,56,58,58,51,50,59,47,61,63,61,61,61,62,60,61,55,54,59,61,61,62,61,62,63,61,50,63,53,60,58,50,47,60,55,53,45,49,52,57,59,57,56,53,61,59,56,60,58,58,50
50,63,53,60,58,50,47,60,55,53,45,49,52,57,59,57,56,53,61,59,56,60,58,58,50,56,58,58,51,50,59,47,61,61,61,61,61,61,59,61,54,53,59,60,61,62,61,62,64,60,50,63,53,59,58,50,47,59,55,53,46,47,52,57,58,57,55,53,61,59,56,60,58,58,49
50,63,53,59,58,50,47,59,55,53,46,47,52,57,58,57,55,53,61,59,56,60,58,58,49,55,58,58,51,50,59,47,61,61,61,61,61,61,59,60,55,52,59,60,62,62,61,61,62,60,50,61,53,59,58,49,47,59,55,53,45,46,53,56,57,56,55,52,61,58,55,61,57,57,49
50,61,53,59,58,49,47,59,55,53,45,46,53,56,57,56,55,52,61,58,55,61,57,57,49,54,57,57,51,50,58,47,61,61,61,62,61,61,59,61,55,52,58,60,62,61,61,62,62,60,51,61,53,58,57,49,47,58,55,52,46,45,53,55,56,55,55,52,61,57,54,60,56,56,49
51,61,53,58,57,49,47,58,55,52,46,45,53,55,56,55,55,52,61,57,54,60,56,56,49,54,57,56,51,50,57,48,60,61,60,62,60,61,58,60,55,51,57,59,63,60,61,62,62,59,51,61,53,57,56,50,47,57,54,52,45,45,52,55,56,55,54,52,60,56,53,59,55,55,49
51,61,53,57,56,50,47,57,54,52,45,45,52,55,56,55,54,52,60,56,53,59,55,55,49,53,56,56,51,50,56,48,60,61,59,61,59,61,58,59,55,51,57,58,62,60,61,61,61,58,51,61,53,57,55,50,47,56,54,52,45,45,52,54,56,54,54,52,60,56,53,59,55,55,49
51,61,53,57,55,50,47,56,54,52,45,45,52,54,56,54,54,52,60,56,53,59,55,55,49,52,55,55,51,49,56,48,59,61,59,61,59,60,58,59,55,50,56,58,61,59,60,61,62,58,52,60,53,57,55,50,48,56,53,52,45,45,52,54,56,54,54,52,60,56,52,59,55,55,49
52,60,53,57,55,50,48,56,53,52,45,45,52,54,56,54,54,52,60,56,52,59,55,55,49,51,55,55,51,49,56,48,59,61,59,61,59,60,58,59,55,50,56,57,61,59,60,61,61,57,52,60,53,57,55,49,48,56,54,52,45,45,52,54,55,54,53,52,60,56,51,59,55,55,49
52,60,53,57,55,49,48,56,54,52,45,45,52,54,55,54,53,52,60,56,51,59,55,55,49,51,55,54,51,49,56,49,59,61,59,61,59,60,57,59,55,50,56,57,61,59,61,61,61,57,52,60,53,56,55,49,48,56,53,52,45,44,52,54,55,54,53,51,60,56,51,59,55,55,48
52,60,53,56,55,49,48,56,53,52,45,44,52,54,55,54,53,51,60,56,51,59,55,55,48,51,55,54,51,49,56,48,59,61,59,61,59,60,56,59,54,50,55,57,61,59,61,61,61,57,52,60,53,56,55,49,48,56,53,52,45,44,51,54,55,53,53,51,59,56,50,59,55,55,48
52,60,53,56,55,49,48,56,53,52,45,44,51,54,55,53,53,51,59,56,50,59,55,55,48,51,54,53,50,49,56,48,59,61,58,61,58,60,56,59,54,50,55,57,61,59,61,61,61,57,52,60,53,56,54,49,47,55,53,51,45,44,51,54,54,53,52,51,59,56,50,58,54,55,48
52,60,53,56,54,49,47,55,53,51,45,44,51,54,54,53,52,51,59,56,50,58,54,55,48,50,54,52,49,48,55,49,59,61,58,61,58,59,55,58,53,49,55,57,61,59,61,61,61,56,52,58,53,54,53,49,47,54,51,51,45,44,50,52,54,53,52,51,58,54,50,57,53,53,47
52,58,53,54,53,49,47,54,51,51,45,44,50,52,54,53,52,51,58,54,50,57,53,53,47,50,53,52,49,48,54,48,57,59,57,60,57,58,55,57,53,49,54,55,59,57,59,59,59,55,52,57,52,53,52,49,47,53,50,50,45,44,48,51,52,52,51,50,56,53,50,56,52,52,46
52,57,52,53,52,49,47,53,50,50,45,44,48,51,52,52,51,50,56,53,50,56,52,52,46,49,52,52,49,48,52,48,56,58,55,58,55,57,55,56,52,50,53,54,58,56,58,58,58,54,52,57,52,53,52,49,48,53,50,50,45,44,48,51,52,52,51,50,56,53,50,56,52,52,46
52,57,52,53,52,49,48,53,50,50,45,44,48,51,52,52,51,50,56,53,50,56,52,52,46,49,52,52,49,48,52,48,56,58,55,58,55,57,55,56,52,50,53,54,58,56,58,58,58,54,52,57,52,53,52,49,48,52,50,50,45,44,48,51,52,52,51,50,56,53,50,56,52,52,46
52,57,52,53,52,49,48,52,50,50,45,44,48,51,52,52,51,50,56,53,50,56,52,52,46,49,52,52,50,48,52,48,56,58,55,58,55,57,55,56,52,50,53,54,58,56,58,58,58,54,52,57,52,53,52,49,48,52,50,50,45,44,48,51,52,52,51,50,56,53,50,56,52,52,46
52,57,52,53,52,49,48,52,50,50,45,44,48,51,52,52,51,50,56,53,50,56,52,52,46,49,52,52,50,48,52,49,56,58,55,58,55,57,55,56,52,50,53,54,58,56,58,58,58,54,52,57,52,53,52,49,48,52,50,50,46,45,48,51,52,52,51,50,56,53,50,56,52,52,46
52,57,52,53,52,49,48,52,50,50,46,45,48,51,52,52,51,50,56,53,50,56,52,52,46,49,52,52,50,49,52,49,56,58,55,58,55,57,55,56,52,50,53,54,58,56,58,58,58,54,52,57,52,53,52,50,48,52,50,50,46,45,48,51,52,52,51,50,56,53,50,56,52,52,46
52,57,52,53,52,50,48,52,50,50,46,45,48,51,52,52,51,50,56,53,50,56,52,52,46,49,52,52,50,49,52,49,56,58,55,58,55,57,55,56,52,50,53,54,58,56,58,58,58,54,52,57,52,53,52,50,49,52,50,50,46,45,48,51,53,52,51,51,56,53,50,56,52,52,47
52,57,52,53,52,50,49,52,50,50,46,45,48,51,53,52,51,51,56,53,50,56,52,52,47,50,52,52,50,49,52,49,55,58,55,58,55,57,55,56,52,50,53,54,58,56,58,58,58,54,53,57,53,53,52,50,49,51,50,51,46,45,48,51,53,52,51,51,56,53,50,56,52,52,47
53,57,53,53,52,50,49,51,50,51,46,45,48,51,53,52,51,51,56,53,50,56,52,52,47,50,52,52,51,49,52,50,55,58,55,58,55,57,55,56,52,50,53,54,58,56,58,58,58,54,53,57,53,53,52,50,49,51,50,51,47,45,49,51,53,52,52,51,56,53,50,56,52,52,47
53,57,53,53,52,50,49,51,50,51,47,45,49,51,53,52,52,51,56,53,50,56,52,52,47,50,52,53,51,50,52,50,55,58,55,58,55,57,55,56,53,50,53,54,58,56,58,58,58,54,53,57,53,53,52,51,49,51,50,51,47,45,49,51,53,52,52,52,56,53,50,56,52,52,47
53,57,53,53,52,51,49,51,50,51,47,45,49,51,53,52,52,52,56,53,50,56,52,52,47,50,53,53,51,50,52,50,55,58,55,58,55,57,55,56,53,51,53,54,58,56,58,58,58,54,54,57,53,53,52,51,49,50,50,51,48,45,49,51,53,52,52,52,56,53,51,56,52,52,47
54,57,53,53,52,51,49,50,50,51,48,45,49,51,53,52,52,52,56,53,51,56,52,52,47,50,53,53,52,51,52,51,54,58,55,58,55,57,55,56,53,51,53,54,58,56,58,58,58,54,54,56,54,53,52,51,49,50,51,52,48,45,49,51,53,53,52,52,57,53,51,56,52,52,48
54,56,54,53,52,51,49,50,51,52,48,45,49,51,53,53,52,52,57,53,51,56,52,52,48,51,53,53,52,51,51,51,54,58,55,58,56,57,56,56,53,51,53,54,58,56,58,58,58,54,54,56,54,52,52,52,49,49,51,52,48,45,49,52,53,53,53,53,57,53,51,56,52,52,48
54,56,54,52,52,52,49,49,51,52,48,45,49,52,53,53,53,53,57,53,51,56,52,52,48,51,54,54,52,51,51,51,53,58,55,58,56,57,56,56,54,52,54,55,58,56,58,58,58,54,55,56,54,52,52,52,49,49,51,53,49,45,50,52,54,53,53,53,57,53,52,56,52,52,49
55,56,54,52,52,52,49,49,51,53,49,45,50,52,54,53,53,53,57,53,52,56,52,52,49,51,54,54,53,52,51,52,53,58,56,58,56,57,56,56,54,52,54,55,58,56,58,58,58,55,55,55,55,52,53,53,49,49,52,53,49,45,50,52,54,53,53,53,57,54,52,56,53,52,49
55,55,55,52,53,53,49,49,52,53,49,45,50,52,54,53,53,53,57,54,52,56,53,52,49,51,54,54,53,52,50,52,53,58,56,58,56,57,56,56,54,52,54,55,58,56,58,58,58,55,55,55,55,51,53,53,49,48,52,53,50,45,50,52,54,54,54,54,57,54,52,57,53,53,49
55,55,55,51,53,53,49,48,52,53,50,45,50,52,54,54,54,54,57,54,52,57,53,53,49,52,55,55,53,52,50,53,52,58,56,58,56,57,57,56,55,52,54,55,58,56,58,58,58,55,56,55,55,51,53,54,49,48,52,54,50,45,50,53,54,54,54,54,57,54,53,57,53,53,50
56,55,55,51,53,54,49,48,52,54,50,45,50,53,54,54,54,54,57,54,53,57,53,53,50,52,55,55,54,52,50,53,52,58,56,59,56,57,57,57,55,53,55,55,58,56,58,58,58,55,56,55,56,51,53,54,49,48,53,54,51,45,49,53,55,55,55,55,57,55,53,57,53,53,50
56,55,56,51,53,54,49,48,53,54,51,45,49,53,55,55,55,55,57,55,53,57,53,53,50,52,55,55,54,52,50,53,52,58,56,59,56,57,57,57,55,53,55,56,58,57,58,58,58,55,56,55,56,51,53,54,49,48,53,55,51,45,49,53,55,55,55,55,56,55,53,57,54,53,51
56,55,56,51,53,54,49,48,53,55,51,45,49,53,55,55,55,55,56,55,53,57,54,53,51,51,56,56,55,52,50,54,51,58,56,59,57,57,57,57,56,53,55,56,59,57,58,58,58,55,57,55,57,50,54,55,49,47,53,55,51,45,49,54,56,55,55,56,56,55,54,58,54,54,51
57,55,57,50,54,55,49,47,53,55,51,45,49,54,56,55,55,56,56,55,54,58,54,54,51,51,56,56,55,52,50,54,51,58,56,59,57,58,58,57,56,53,55,56,59,57,59,58,58,56,57,55,57,50,54,55,49,47,54,56,51,45,49,54,56,56,56,56,56,56,54,57,54,54,52
57,55,57,50,54,55,49,47,54,56,51,45,49,54,56,56,56,56,56,56,54,57,54,54,52,51,57,57,56,52,49,55,51,58,57,59,57,58,58,58,56,53,56,56,59,57,59,58,59,56,58,54,57,50,54,56,50,47,54,56,51,45,49,55,57,56,56,57,56,56,55,57,55,55,52
58,54,57,50,54,56,50,47,54,56,51,45,49,55,57,56,56,57,56,56,55,57,55,55,52,51,57,57,56,52,49,55,51,58,57,60,57,58,58,58,57,53,56,57,59,57,59,58,59,56,58,54,58,50,55,56,50,47,55,57,51,45,49,54,57,57,57,57,56,56,55,57,55,55,52
58,54,58,50,55,56,50,47,55,57,51,45,49,54,57,57,57,57,56,56,55,57,55,55,52,51,57,57,57,52,49,56,51,58,57,60,58,58,59,58,57,53,57,57,59,58,59,58,59,57,59,54,58,49,55,57,50,47,56,58,51,44,49,54,58,57,57,57,55,57,56,57,56,56,53
59,54,58,49,55,57,50,47,56,58,51,44,49,54,58,57,57,57,55,57,56,57,56,56,53,51,57,57,57,52,49,56,51,59,57,60,58,58,59,59,58,53,57,57,60,58,60,59,59,57,59,54,59,49,56,58,50,47,56,58,52,44,49,54,58,58,58,57,55,57,56,57,56,56,54
59,54,59,49,56,58,50,47,56,58,52,44,49,54,58,58,58,57,55,57,56,57,56,56,54,51,57,57,57,52,49,57,50,59,58,60,58,59,59,59,58,53,57,57,60,58,60,59,59,57,59,54,59,49,56,58,50,47,57,57,52,44,49,54,58,58,58,57,55,58,57,57,57,57,54
59,54,59,49,56,58,50,47,57,57,52,44,49,54,58,58,58,57,55,58,57,57,57,57,54,51,57,57,57,52,48,57,50,59,58,60,59,59,60,59,59,53,57,58,60,59,60,59,59,58,60,54,60,49,57,59,50,47,57,57,52,44,49,54,58,58,57,56,55,58,57,56,57,57,55
60,54,60,49,57,59,50,47,57,57,52,44,49,54,58,58,57,56,55,58,57,56,57,57,55,51,57,57,57,52,48,58,50,59,58,60,59,59,60,59,59,53,57,58,60,59,61,59,60,58,60,54,60,49,57,59,50,46,58,57,52,44,49,54,57,58,57,56,54,58,58,56,58,58,55
60,54,60,49,57,59,50,46,58,57,52,44,49,54,57,58,57,56,54,58,58,56,58,58,55,51,57,57,57,52,48,58,50,60,58,60,59,60,60,59,59,53,56,58,60,59,61,59,60,58,60,53,60,50,58,59,50,46,58,56,52,44,49,54,57,58,57,56,54,59,58,56,58,58,56
60,53,60,50,58,59,50,46,58,56,52,44,49,54,57,58,57,56,54,59,58,56,58,58,56,50,57,56,56,52,48,59,50,60,59,60,59,60,60,59,60,53,56,59,60,59,61,60,60,58,60,53,60,50,58,58,50,46,59,56,52,44,49,54,56,57,56,56,54,59,58,55,59,57,56
60,53,60,50,58,58,50,46,59,56,52,44,49,54,56,57,56,56,54,59,58,55,59,57,56,50,56,56,56,52,48,58,50,60,59,60,60,60,60,59,59,53,56,58,60,60,61,60,60,59,60,53,60,50,59,58,50,46,59,55,53,44,49,54,56,57,56,55,54,60,57,55,59,56,57
60,53,60,50,59,58,50,46,59,55,53,44,49,54,56,57,56,55,54,60,57,55,59,56,57,50,56,56,56,52,48,58,49,60,59,61,60,60,60,59,59,53,56,58,60,60,61,60,60,59,61,53,60,50,59,57,50,46,59,55,53,44,49,54,56,57,56,55,54,60,57,54,60,56,57
61,53,60,50,59,57,50,46,59,55,53,44,49,54,56,57,56,55,54,60,57,54,60,56,57,50,55,56,56,52,48,58,49,60,60,60,60,60,61,59,60,53,55,58,59,60,60,60,60,59,61,53,60,51,60,57,50,46,59,55,54,44,49,54,55,57,56,55,54,60,57,54,60,56,57
61,53,60,51,60,57,50,46,59,55,54,44,49,54,55,57,56,55,54,60,57,54,60,56,57,50,55,56,56,52,49,57,49,60,60,60,60,60,61,59,60,54,55,58,59,60,60,61,60,60,61,53,61,51,59,57,50,45,59,54,54,43,49,54,55,56,56,55,54,60,57,54,60,56,57
61,53,61,51,59,57,50,45,59,54,54,43,49,54,55,56,56,55,54,60,57,54,60,56,57,50,55,56,56,52,49,57,49,60,60,60,60,60,61,59,60,54,55,58,59,60,60,61,60,60,61,52,61,51,59,57,50,46,59,54,54,43,49,54,55,57,56,55,54,61,57,54,60,56,56
61,52,61,51,59,57,50,46,59,54,54,43,49,54,55,57,56,55,54,61,57,54,60,56,56,50,55,56,56,52,49,57,49,60,60,60,61,60,61,59,60,55,54,57,59,60,60,61,60,60,61,52,61,52,59,56,50,46,58,54,54,43,49,53,55,57,56,55,54,61,57,54,60,56,56
61,52,61,52,59,56,50,46,58,54,54,43,49,53,55,57,56,55,54,61,57,54,60,56,56,50,54,56,56,51,49,57,49,60,60,60,61,60,61,59,60,55,54,57,59,60,60,61,61,60,60,52,61,52,58,56,50,46,58,54,54,44,49,53,55,56,56,55,54,60,57,54,60,56,56
60,52,61,52,58,56,50,46,58,54,54,44,49,53,55,56,56,55,54,60,57,54,60,56,56,50,54,56,56,51,49,57,48,60,61,59,61,60,61,59,60,55,54,57,58,61,60,61,61,61,60,51,61,52,58,56,50,46,58,54,54,44,49,52,55,56,56,55,54,60,56,54,59,55,55
60,51,61,52,58,56,50,46,58,54,54,44,49,52,55,56,56,55,54,60,56,54,59,55,55,49,53,56,56,51,49,57,48,60,62,59,61,59,61,59,59,55,53,57,58,61,60,61,61,61,60,51,61,53,57,55,50,46,58,54,53,44,48,51,54,56,55,55,54,60,56,53,59,55,55
60,51,61,53,57,55,50,46,58,54,53,44,48,51,54,56,55,55,54,60,56,53,59,55,55,49,53,55,55,51,49,56,47,59,61,59,61,59,60,58,59,54,53,56,58,62,59,61,61,61,59,51,60,53,56,54,50,46,56,53,52,45,47,51,53,55,54,54,53,59,55,52,58,54,54
59,51,60,53,56,54,50,46,56,53,52,45,47,51,53,55,54,54,53,59,55,52,58,54,54,49,52,54,54,51,49,55,47,58,61,58,61,58,59,57,58,54,52,55,57,60,58,60,60,61,59,50,60,53,56,54,50,47,56,53,52,45,47,51,53,55,54,54,53,59,55,52,58,54,54
59,50,60,53,56,54,50,47,56,53,52,45,47,51,53,55,54,54,53,59,55,52,58,54,54,49,52,54,54,51,50,55,47,58,61,58,61,58,59,57,58,54,52,55,57,61,58,60,60,61,59,50,60,53,56,54,50,47,56,53,52,45,46,51,53,55,54,54,52,59,55,52,58,54,54
59,50,60,53,56,54,50,47,56,53,52,45,46,51,53,55,54,54,52,59,55,52,58,54,54,49,52,54,54,50,49,55,47,58,61,58,61,58,59,57,58,54,52,55,57,61,58,60,60,61,58,50,59,53,55,54,49,47,55,52,52,45,46,50,53,54,54,53,52,58,55,52,58,54,54
58,50,59,53,55,54,49,47,55,52,52,45,46,50,53,54,54,53,52,58,55,52,58,54,54,48,51,54,54,51,49,54,47,58,60,57,60,57,59,57,58,54,51,55,56,60,58,60,60,60,58,50,59,53,55,54,49,47,55,52,52,45,45,50,53,54,54,53,52,58,54,52,57,53,53
58,50,59,53,55,54,49,47,55,52,52,45,45,50,53,54,54,53,52,58,54,52,57,53,53,48,51,54,54,51,49,54,47,58,60,57,60,57,59,57,57,54,51,55,56,60,58,60,60,60,58,51,59,53,55,54,49,47,55,52,52,45,45,50,53,54,54,53,52,58,55,52,58,53,54
58,51,59,53,55,54,49,47,55,52,52,45,45,50,53,54,54,53,52,58,55,52,58,53,54,48,51,54,54,51,49,54,47,58,60,57,60,57,59,57,58,54,51,55,56,60,58,60,60,60,58,51,59,53,55,54,49,47,55,52,52,45,45,51,53,55,54,53,52,59,55,52,58,54,54
58,51,59,53,55,54,49,47,55,52,52,45,45,51,53,55,54,53,52,59,55,52,58,54,54,48,51,54,54,51,49,55,48,58,60,58,61,58,59,57,58,54,50,55,56,60,58,60,60,60,59,51,60,53,56,54,49,47,55,52,52,45,45,51,53,55,54,53,52,59,55,52,58,54,54
59,51,60,53,56,54,49,47,55,52,52,45,45,51,53,55,54,53,52,59,55,52,58,54,54,48,51,54,54,51,49,55,48,58,61,58,61,58,59,57,58,54,50,55,56,60,58,60,60,60,59,51,59,52,55,54,49,47,55,52,52,45,45,51,53,55,54,53,51,59,55,51,58,54,54
59,51,59,52,55,54,49,47,55,52,52,45,45,51,53,55,54,53,51,59,55,51,58,54,54,48,51,54,54,51,49,55,48,58,60,58,61,58,59,57,58,54,50,55,56,60,58,60,60,60,58,52,59,52,55,54,49,47,55,52,52,45,44,51,53,55,54,53,51,59,55,51,58,54,54
58,52,59,52,55,54,49,47,55,52,52,45,44,51,53,55,54,53,51,59,55,51,58,54,54,48,51,54,53,51,49,55,48,58,60,58,61,58,59,56,58,54,49,55,56,60,58,60,60,60,59,51,59,52,55,54,49,47,55,52,51,45,44,51,53,55,53,52,51,59,55,50,58,54,54
59,51,59,52,55,54,49,47,55,52,51,45,44,51,53,55,53,52,51,59,55,50,58,54,54,48,50,54,53,49,48,55,48,58,60,58,61,58,59,56,58,53,49,55,56,60,58,60,60,60,58,51,59,52,55,54,49,47,55,52,51,45,44,50,53,54,53,52,51,58,55,50,58,54,54
58,51,59,52,55,54,49,47,55,52,51,45,44,50,53,54,53,52,51,58,55,50,58,54,54,47,50,53,52,49,48,55,48,58,60,57,60,57,59,55,58,53,49,54,56,60,58,60,60,60,58,51,59,52,55,54,49,47,54,52,51,45,43,50,52,53,52,52,50,58,54,50,57,53,53
58,51,59,52,55,54,49,47,54,52,51,45,43,50,52,53,52,52,50,58,54,50,57,53,53,47,49,52,52,49,48,54,48,58,60,57,60,57,59,55,57,52,49,54,56,60,58,60,60,60,58,52,59,52,55,53,49,47,54,52,50,45,43,50,52,53,52,51,50,58,54,50,57,52,53
58,52,59,52,55,53,49,47,54,52,50,45,43,50,52,53,52,51,50,58,54,50,57,52,53,46,49,52,52,49,48,54,48,57,60,57,60,57,58,55,57,52,49,54,55,60,57,60,59,60,58,52,59,52,55,52,49,47,54,52,50,45,44,49,52,53,52,51,50,58,54,50,57,52,53
58,52,59,52,55,52,49,47,54,52,50,45,44,49,52,53,52,51,50,58,54,50,57,52,53,46,49,52,52,49,48,54,48,57,60,56,60,57,58,55,57,52,49,53,55,59,57,59,59,59,58,52,59,52,55,52,49,48,54,51,50,45,44,49,51,52,52,51,50,57,53,50,56,52,52
58,52,59,52,55,52,49,48,54,51,50,45,44,49,51,52,52,51,50,57,53,50,56,52,52,46,49,52,52,49,48,54,48,57,60,56,60,56,58,55,56,52,49,53,54,59,57,59,59,59,58,52,59,52,55,52,49,48,54,51,50,45,44,49,51,52,52,51,50,57,53,49,56,51,52
58,52,59,52,55,52,49,48,54,51,50,45,44,49,51,52,52,51,50,57,53,49,56,51,52,46,49,52,52,49,48,53,48,57,60,56,60,56,57,55,56,52,49,53,54,58,57,59,59,59,58,52,58,52,55,52,49,48,53,50,50,45,44,48,50,52,52,51,50,57,53,50,56,51,52
58,52,58,52,55,52,49,48,53,50,50,45,44,48,50,52,52,51,50,57,53,50,56,51,52,46,49,52,52,50,48,53,49,57,60,56,59,56,57,55,56,52,50,53,54,58,56,59,59,59,57,52,58,52,55,52,49,48,53,50,50,46,44,48,50,52,52,51,50,56,52,50,56,51,52
57,52,58,52,55,52,49,48,53,50,50,46,44,48,50,52,52,51,50,56,52,50,56,51,52,46,49,52,52,50,49,53,49,56,60,56,59,56,57,55,55,52,50,53,54,58,56,58,58,58,57,52,58,52,55,52,50,48,52,50,50,46,44,48,50,52,52,51,51,56,52,50,55,51,52
57,52,58,52,55,52,50,48,52,50,50,46,44,48,50,52,52,51,51,56,52,50,55,51,52,46,49,52,52,50,49,52,49,56,60,55,59,55,57,55,55,52,50,53,54,58,56,58,58,58,57,53,57,52,55,52,50,49,51,50,50,46,45,48,51,52,52,51,51,56,52,50,55,51,51
57,53,57,52,55,52,50,49,51,50,50,46,45,48,51,52,52,51,51,56,52,50,55,51,51,47,49,52,52,50,49,52,49,55,59,55,58,55,57,55,55,52,50,53,54,58,56,58,58,58,56,53,57,53,54,52,50,49,51,50,51,47,45,48,51,53,52,51,51,56,52,50,55,51,51
56,53,57,53,54,52,50,49,51,50,51,47,45,48,51,53,52,51,51,56,52,50,55,51,51,47,50,52,52,51,50,52,50,55,59,55,58,55,57,55,55,52,50,53,54,58,56,58,58,58,56,53,57,53,54,52,51,49,50,50,51,47,45,49,51,53,52,52,51,56,53,50,55,51,51
56,53,57,53,54,52,51,49,50,50,51,47,45,49,51,53,52,52,51,56,53,50,55,51,51,47,50,53,53,51,50,52,50,54,59,55,58,55,57,55,55,53,50,53,54,58,56,58,58,58,56,53,57,53,53,52,51,49,50,50,51,47,44,49,51,53,52,52,52,56,53,51,56,52,52
56,53,57,53,53,52,51,49,50,50,51,47,44,49,51,53,52,52,52,56,53,51,56,52,52,47,50,53,53,51,50,51,50,54,59,55,58,55,57,55,56,53,51,53,54,58,56,58,58,58,56,54,56,53,53,52,51,49,49,51,52,48,44,49,51,53,53,52,52,56,53,51,56,52,52
56,54,56,53,53,52,51,49,49,51,52,48,44,49,51,53,53,52,52,56,53,51,56,52,52,48,50,53,53,52,51,51,51,53,58,55,58,55,57,56,56,53,51,53,54,58,56,58,58,58,56,54,56,54,52,52,52,49,49,51,52,48,44,49,51,53,53,53,52,57,53,51,56,52,52
56,54,56,54,52,52,52,49,49,51,52,48,44,49,51,53,53,53,52,57,53,51,56,52,52,48,51,53,54,52,51,51,51,53,58,55,58,55,57,56,56,53,51,53,54,58,56,58,58,58,56,55,55,54,52,52,52,49,49,51,52,49,44,50,52,53,53,53,53,57,53,51,56,52,52
56,55,55,54,52,52,52,49,49,51,52,49,44,50,52,53,53,53,53,57,53,51,56,52,52,48,51,54,54,53,51,50,52,53,58,55,58,56,57,56,56,54,52,54,54,58,56,58,57,58,56,55,55,54,51,52,53,49,48,51,53,49,44,50,52,54,53,53,53,57,54,52,56,52,52
56,55,55,54,51,52,53,49,48,51,53,49,44,50,52,54,53,53,53,57,54,52,56,52,52,49,51,54,54,53,51,50,52,52,58,56,58,56,57,56,56,54,52,54,55,58,56,58,57,58,56,55,55,55,51,53,53,49,48,52,53,50,44,49,52,54,54,54,54,57,54,52,57,53,52
56,55,55,55,51,53,53,49,48,52,53,50,44,49,52,54,54,54,54,57,54,52,57,53,52,49,51,55,55,53,51,50,52,52,58,56,58,56,57,57,56,54,52,54,55,58,56,58,57,58,56,56,55,55,51,53,53,49,48,52,54,50,44,49,52,54,54,54,54,57,54,52,57,53,53
56,56,55,55,51,53,53,49,48,52,54,50,44,49,52,54,54,54,54,57,54,52,57,53,53,50,51,55,55,54,51,50,53,52,58,56,58,56,57,57,57,55,53,54,55,58,56,58,58,58,55,56,55,56,50,53,54,49,48,52,54,51,44,49,53,55,54,54,55,58,54,53,57,53,53
55,56,55,56,50,53,54,49,48,52,54,51,44,49,53,55,54,54,55,58,54,53,57,53,53,50,51,55,55,54,52,50,53,51,58,56,59,56,57,57,57,55,53,55,55,58,56,58,58,58,55,56,54,56,50,53,54,49,47,53,55,51,44,49,53,55,55,55,55,58,55,53,57,54,53
55,56,54,56,50,53,54,49,47,53,55,51,44,49,53,55,55,55,55,58,55,53,57,54,53,50,51,56,56,55,52,49,54,51,58,56,59,56,57,57,57,56,53,55,56,58,57,58,58,58,55,57,54,56,50,54,55,49,47,53,55,51,44,49,54,56,55,55,56,58,55,54,58,54,54
55,57,54,56,50,54,55,49,47,53,55,51,44,49,54,56,55,55,56,58,55,54,58,54,54,51,51,56,56,55,51,49,54,51,58,56,59,57,57,58,57,56,53,55,56,59,57,58,58,58,55,57,54,57,50,54,55,49,47,54,56,51,44,49,54,56,56,56,56,58,55,54,58,54,54
55,57,54,57,50,54,55,49,47,54,56,51,44,49,54,56,56,56,56,58,55,54,58,54,54,51,51,57,57,56,51,49,55,51,58,57,59,57,58,58,58,56,53,56,56,59,57,59,58,58,55,58,54,57,50,54,56,49,47,54,56,51,44,49,54,56,56,56,57,58,56,55,59,55,54
55,58,54,57,50,54,56,49,47,54,56,51,44,49,54,56,56,56,57,58,56,55,59,55,54,52,51,57,57,56,51,49,55,51,58,57,59,57,58,58,58,57,53,56,56,59,57,59,58,59,55,58,54,58,49,55,56,49,47,55,57,51,44,49,54,57,57,57,57,58,56,55,59,55,55
55,58,54,58,49,55,56,49,47,55,57,51,44,49,54,57,57,57,57,58,56,55,59,55,55,52,51,57,57,57,51,49,56,50,58,57,60,58,58,59,58,57,53,56,57,59,58,59,58,59,55,59,54,58,49,55,57,49,46,55,57,51,44,49,54,57,57,57,58,58,57,56,59,56,55
55,59,54,58,49,55,57,49,46,55,57,51,44,49,54,57,57,57,58,58,57,56,59,56,55,53,51,58,58,57,51,49,56,50,59,57,60,58,58,59,59,58,53,57,57,60,58,60,59,59,55,59,53,59,49,56,58,49,46,56,58,51,44,49,54,58,58,58,58,57,57,56,60,56,56
55,59,53,59,49,56,58,49,46,56,58,51,44,49,54,58,58,58,58,57,57,56,60,56,56,54,51,58,58,58,52,48,57,50,59,58,60,58,59,59,59,58,53,57,57,60,58,60,59,59,55,59,54,59,49,56,58,49,46,57,58,51,44,49,54,58,58,58,59,57,58,57,60,57,57
55,59,54,59,49,56,58,49,46,57,58,51,44,49,54,58,58,58,59,57,58,57,60,57,57,54,50,59,59,58,52,48,57,50,59,58,60,59,59,60,59,59,53,56,58,60,59,60,59,59,55,60,53,60,49,57,58,49,46,57,59,51,44,49,54,59,59,59,59,57,58,57,61,57,57
55,60,53,60,49,57,58,49,46,57,59,51,44,49,54,59,59,59,59,57,58,57,61,57,57,55,50,59,59,59,52,48,58,50,59,58,60,59,59,60,60,59,53,56,58,60,59,61,59,60,54,60,53,60,49,57,59,49,46,58,60,52,44,49,54,59,59,59,60,56,58,58,61,58,58
54,60,53,60,49,57,59,49,46,58,60,52,44,49,54,59,59,59,60,56,58,58,61,58,58,55,50,60,60,59,52,48,58,50,60,58,60,59,60,60,60,59,53,56,58,61,59,61,59,60,54,60,53,60,49,58,59,50,46,58,60,52,44,49,54,59,60,59,60,56,59,59,61,58,58
54,60,53,60,49,58,59,50,46,58,60,52,44,49,54,59,60,59,60,56,59,59,61,58,58,56,50,60,60,60,52,48,59,49,60,59,60,59,60,60,61,60,53,56,58,61,59,61,60,60,53,61,53,60,50,58,60,50,46,59,59,52,44,49,54,60,60,60,60,56,59,59,61,59,58
53,61,53,60,50,58,60,50,46,59,59,52,44,49,54,60,60,60,60,56,59,59,61,59,58,56,50,60,61,60,52,48,59,49,60,59,60,60,60,60,61,60,53,56,58,61,59,62,60,60,53,61,52,60,50,58,60,50,45,59,59,53,43,49,54,60,60,60,60,56,60,59,60,59,59
53,61,52,60,50,58,60,50,45,59,59,53,43,49,54,60,60,60,60,56,60,59,60,59,59,57,50,60,61,61,52,48,60,49,60,59,61,60,60,60,61,60,53,56,59,61,60,61,60,60,53,61,52,60,50,59,60,50,46,60,59,53,44,49,54,60,60,60,59,56,60,60,60,60,59
53,61,52,60,50,59,60,50,46,60,59,53,44,49,54,60,60,60,59,56,60,60,60,60,59,57,50,60,61,61,52,48,60,49,60,60,61,60,60,61,60,61,53,56,59,61,60,62,60,60,52,61,53,60,50,60,61,50,45,60,58,53,43,49,54,60,60,61,59,56,60,60,60,60,59
52,61,53,60,50,60,61,50,45,60,58,53,43,49,54,60,60,61,59,56,60,60,60,60,59,58,50,61,61,61,52,48,61,49,61,60,61,60,60,61,60,61,54,56,59,61,60,61,61,60,52,61,53,61,51,60,61,50,45,60,57,54,43,49,54,60,59,62,59,56,61,60,59,61,60
52,61,53,61,51,60,61,50,45,60,57,54,43,49,54,60,59,62,59,56,61,60,59,61,60,58,50,61,61,61,52,49,60,49,61,60,61,60,60,61,61,61,54,55,60,61,60,61,61,60,52,61,52,61,51,60,61,50,45,61,56,54,43,49,54,60,59,61,59,56,61,60,59,61,60
52,61,52,61,51,60,61,50,45,61,56,54,43,49,54,60,59,61,59,56,61,60,59,61,60,59,50,60,60,61,52,49,60,49,61,60,62,61,60,61,61,61,54,55,60,61,60,61,61,60,52,61,52,61,52,60,61,50,46,60,55,54,43,49,53,60,59,61,59,55,61,61,59,61,60
52,61,52,61,52,60,61,50,46,60,55,54,43,49,53,60,59,61,59,55,61,61,59,61,60,59,50,59,60,61,51,49,60,48,61,60,62,61,60,62,61,61,55,55,60,61,60,61,61,61,51,61,51,61,52,60,61,50,46,60,55,54,43,49,53,59,59,61,58,55,61,61,58,61,61
51,61,51,61,52,60,61,50,46,60,55,54,43,49,53,59,59,61,58,55,61,61,58,61,61,60,49,59,59,61,51,49,60,48,61,61,62,61,60,65,61,61,55,55,60,61,61,61,61,61,51,61,51,61,52,61,61,50,46,60,55,53,44,49,52,58,59,60,58,54,61,60,58,61,61
51,61,51,61,52,61,61,50,46,60,55,53,44,49,52,58,59,60,58,54,61,60,58,61,61,60,49,58,59,61,51,49,60,48,61,62,62,61,60,63,60,61,55,55,60,61,61,61,61,61,51,61,51,61,52,61,61,50,46,62,55,53,44,49,51,57,59,59,57,54,61,60,58,61,61
51,61,51,61,52,61,61,50,46,62,55,53,44,49,51,57,59,59,57,54,61,60,58,61,61,60,49,57,58,60,51,49,62,47,61,61,61,61,61,62,60,61,54,54,60,61,62,61,61,62,50,61,50,61,52,62,60,50,46,61,55,53,44,49,51,57,59,58,56,53,61,61,57,61,61
50,61,50,61,52,62,60,50,46,61,55,53,44,49,51,57,59,58,56,53,61,61,57,61,61,61,49,56,57,59,51,49,60,47,61,63,61,61,61,62,59,61,54,53,60,60,61,62,61,62,50,61,50,63,53,61,59,50,46,60,55,52,45,48,51,57,58,57,55,52,61,61,56,60,60
50,61,50,63,53,61,59,50,46,60,55,52,45,48,51,57,58,57,55,52,61,61,56,60,60,61,49,55,57,59,51,49,60,47,61,61,61,61,61,61,59,61,54,52,60,60,61,62,61,62,50,61,50,63,53,61,59,50,47,62,55,52,45,46,52,57,58,56,55,52,61,61,55,60,59
50,61,50,63,53,61,59,50,47,62,55,52,45,46,52,57,58,56,55,52,61,61,55,60,59,62,48,54,57,57,50,49,59,47,61,61,61,61,61,61,58,60,54,52,59,60,62,62,61,61,49,61,50,61,53,62,59,49,46,61,55,52,45,45,52,56,56,55,54,52,61,61,54,61,59
49,61,50,61,53,62,59,49,46,61,55,52,45,45,52,56,56,55,54,52,61,61,54,61,59,61,48,54,57,56,50,49,59,47,61,61,61,62,61,61,58,61,54,52,57,59,62,61,61,62,49,61,50,61,53,62,58,49,46,62,55,52,45,45,53,56,55,55,54,52,61,61,54,61,59
49,61,50,61,53,62,58,49,46,62,55,52,45,45,53,56,55,55,54,52,61,61,54,61,59,61,48,53,56,56,50,49,58,47,61,61,61,62,61,61,58,61,54,51,56,59,64,61,61,62,49,61,50,61,53,62,57,49,47,61,55,52,44,45,53,56,55,54,54,52,61,61,53,61,58
49,61,50,61,53,62,57,49,47,61,55,52,44,45,53,56,55,54,54,52,61,61,53,61,58,61,48,52,56,55,51,49,58,47,61,61,61,61,61,61,58,61,55,50,56,59,62,61,61,64,49,61,51,61,53,61,57,49,47,61,55,52,44,44,52,56,55,54,53,52,61,61,52,61,58
49,61,51,61,53,61,57,49,47,61,55,52,44,44,52,56,55,54,53,52,61,61,52,61,58,61,48,51,56,55,51,49,58,48,61,61,60,61,61,61,57,61,55,50,56,59,61,61,60,62,50,60,51,61,53,62,56,49,47,62,55,52,44,44,52,56,55,54,53,51,60,60,51,61,57
50,60,51,61,53,62,56,49,47,62,55,52,44,44,52,56,55,54,53,51,60,60,51,61,57,59,48,51,56,54,51,49,58,48,61,61,60,61,61,61,57,61,55,50,55,58,61,61,60,61,50,61,51,61,52,62,55,49,47,62,55,52,44,44,52,55,55,53,53,51,60,59,51,60,56
50,61,51,61,52,62,55,49,47,62,55,52,44,44,52,55,55,53,53,51,60,59,51,60,56,59,48,50,55,54,51,49,58,48,61,63,59,61,61,60,57,61,55,50,55,58,61,62,61,61,49,61,51,61,52,62,55,49,47,61,55,52,45,44,52,55,55,53,53,51,60,57,50,60,55
49,61,51,61,52,62,55,49,47,61,55,52,45,44,52,55,55,53,53,51,60,57,50,60,55,58,48,50,55,53,51,49,58,48,61,62,59,61,61,60,56,60,54,49,55,57,61,61,61,61,49,61,51,61,52,62,54,49,47,62,55,51,45,43,51,54,55,53,52,51,60,56,50,60,55
49,61,51,61,52,62,54,49,47,62,55,51,45,43,51,54,55,53,52,51,60,56,50,60,55,57,48,50,54,52,49,48,57,48,61,62,58,61,61,59,55,59,53,49,55,57,62,60,62,61,49,62,51,61,52,61,54,49,47,62,54,51,45,43,50,54,54,52,52,50,60,56,50,59,53
49,62,51,61,52,61,54,49,47,62,54,51,45,43,50,54,54,52,52,50,60,56,50,59,53,56,47,50,53,52,49,48,56,48,61,61,58,61,59,59,55,58,53,49,54,57,61,59,62,61,49,62,51,61,52,61,54,49,47,60,53,51,44,43,50,53,53,52,51,50,59,55,50,58,52
49,62,51,61,52,61,54,49,47,60,53,51,44,43,50,53,53,52,51,50,59,55,50,58,52,55,47,49,52,52,49,48,55,48,60,61,57,61,58,59,55,58,52,49,54,56,60,59,62,61,49,60,51,62,52,60,53,48,47,59,53,50,44,43,50,52,53,52,51,50,58,54,50,58,52
49,60,51,62,52,60,53,48,47,59,53,50,44,43,50,52,53,52,51,50,58,54,50,58,52,54,46,49,52,52,49,48,54,48,59,62,57,61,58,58,55,57,52,49,54,55,60,58,60,61,49,60,51,60,52,59,52,48,47,57,52,50,44,43,49,52,52,52,51,50,58,53,50,57,52
49,60,51,60,52,59,52,48,47,57,52,50,44,43,49,52,52,52,51,50,58,53,50,57,52,53,46,49,52,51,49,48,54,48,58,61,56,61,57,58,55,57,52,49,53,54,59,57,60,60,49,59,51,59,52,58,52,48,47,55,51,50,45,44,49,51,52,52,51,50,57,53,49,56,51
49,59,51,59,52,58,52,48,47,55,51,50,45,44,49,51,52,52,51,50,57,53,49,56,51,52,46,49,52,51,49,48,53,48,58,61,56,61,56,57,54,56,52,49,53,54,59,57,59,59,49,58,51,59,52,57,52,49,48,54,50,50,45,44,49,50,52,51,51,50,57,53,49,56,51
49,58,51,59,52,57,52,49,48,54,50,50,45,44,49,50,52,51,51,50,57,53,49,56,51,52,46,49,52,51,49,48,53,48,57,61,56,60,56,57,54,56,52,49,53,54,58,56,59,59,49,58,52,58,52,56,52,49,48,53,50,50,45,44,48,50,52,51,51,50,56,52,49,56,51
49,58,52,58,52,56,52,49,48,53,50,50,45,44,48,50,52,51,51,50,56,52,49,56,51,52,46,49,52,51,50,48,53,48,57,61,55,59,56,57,54,55,52,49,52,54,58,56,59,58,49,57,52,58,52,56,52,49,48,52,50,50,46,44,48,50,52,52,51,50,56,52,49,55,51
49,57,52,58,52,56,52,49,48,52,50,50,46,44,48,50,52,52,51,50,56,52,49,55,51,51,46,49,52,52,50,49,53,49,56,60,55,59,55,57,54,55,52,49,52,54,58,56,58,58,49,57,52,58,52,55,52,49,48,52,50,50,46,44,48,50,52,52,51,50,56,52,50,55,51
49,57,52,58,52,55,52,49,48,52,50,50,46,44,48,50,52,52,51,50,56,52,50,55,51,51,46,49,52,52,50,49,52,49,55,60,55,58,55,57,55,55,52,50,52,54,58,56,58,58,50,56,52,57,52,55,51,50,49,51,50,50,46,44,48,50,52,52,51,51,56,52,50,55,51
50,56,52,57,52,55,51,50,49,51,50,50,46,44,48,50,52,52,51,51,56,52,50,55,51,51,46,49,52,52,50,49,52,49,55,59,55,58,55,56,55,55,52,50,52,54,58,56,58,58,50,56,53,57,52,54,51,50,49,51,50,50,46,44,48,50,52,52,51,51,56,52,50,55,51
50,56,53,57,52,54,51,50,49,51,50,50,46,44,48,50,52,52,51,51,56,52,50,55,51,51,47,49,52,52,51,49,52,49,54,59,55,58,55,56,55,55,52,50,53,54,58,55,58,58,50,56,53,57,53,54,52,50,49,50,50,51,47,44,48,51,52,52,52,51,56,52,50,55,51
50,56,53,57,53,54,52,50,49,50,50,51,47,44,48,51,52,52,52,51,56,52,50,55,51,51,47,50,52,52,51,50,51,50,54,59,55,58,55,56,55,55,52,50,53,54,58,55,58,58,50,56,53,56,53,53,52,51,49,50,50,51,47,44,49,51,53,52,52,52,56,53,50,55,51
50,56,53,56,53,53,52,51,49,50,50,51,47,44,49,51,53,52,52,52,56,53,50,55,51,51,47,50,53,53,51,50,51,50,54,59,55,58,55,56,55,55,53,51,53,54,58,55,58,58,51,56,54,56,53,53,52,51,49,49,50,51,48,44,49,51,53,52,52,52,56,53,51,56,52
51,56,54,56,53,53,52,51,49,49,50,51,48,44,49,51,53,52,52,52,56,53,51,56,52,52,47,50,53,53,52,51,51,51,53,58,55,58,55,57,55,55,53,51,53,54,58,55,58,57,51,56,54,55,54,52,52,52,49,49,51,52,48,44,49,51,53,53,52,52,56,53,51,56,52
51,56,54,55,54,52,52,52,49,49,51,52,48,44,49,51,53,53,52,52,56,53,51,56,52,52,48,50,53,53,52,51,50,51,53,58,55,58,55,57,56,56,53,51,53,54,58,56,58,57,51,56,54,55,54,52,52,52,49,48,51,52,49,44,49,51,53,53,53,53,57,53,51,56,52
51,56,54,55,54,52,52,52,49,48,51,52,49,44,49,51,53,53,53,53,57,53,51,56,52,52,48,51,54,54,52,51,50,51,52,58,55,58,55,57,56,56,54,52,54,54,58,56,58,57,52,56,55,55,54,51,52,52,49,48,51,53,49,44,49,52,54,53,53,53,57,53,52,56,52
52,56,55,55,54,51,52,52,49,48,51,53,49,44,49,52,54,53,53,53,57,53,52,56,52,52,49,51,54,54,53,51,50,52,52,58,55,58,56,57,56,56,54,52,54,54,58,56,58,57,52,55,55,55,55,51,52,53,49,48,52,53,50,44,49,52,54,54,54,54,57,54,52,56,53
52,55,55,55,55,51,52,53,49,48,52,53,50,44,49,52,54,54,54,54,57,54,52,56,53,52,49,51,54,54,53,51,50,52,52,58,56,58,56,57,56,56,54,52,54,55,58,56,58,57,52,55,56,54,55,50,53,53,49,47,52,54,50,44,49,52,54,54,54,54,57,54,52,57,53
52,55,56,54,55,50,53,53,49,47,52,54,50,44,49,52,54,54,54,54,57,54,52,57,53,53,49,51,55,55,54,51,49,53,51,58,56,58,56,57,57,56,55,53,54,55,58,56,58,57,53,55,56,54,56,50,53,54,49,47,52,54,50,44,49,53,55,54,54,54,58,54,53,57,53
53,55,56,54,56,50,53,54,49,47,52,54,50,44,49,53,55,54,54,54,58,54,53,57,53,53,50,51,55,55,54,51,49,53,51,58,56,59,56,57,57,57,55,53,55,55,58,56,58,57,53,55,56,54,56,50,53,54,49,47,53,55,50,44,49,53,55,55,55,55,58,55,53,57,54
53,55,56,54,56,50,53,54,49,47,53,55,50,44,49,53,55,55,55,55,58,55,53,57,54,53,50,51,56,56,55,51,49,54,51,58,56,59,56,57,57,57,55,53,55,56,58,57,58,58,54,55,57,54,56,50,53,55,49,47,53,55,51,44,49,53,55,55,55,55,58,55,54,58,54
54,55,57,54,56,50,53,55,49,47,53,55,51,44,49,53,55,55,55,55,58,55,54,58,54,54,51,51,56,56,55,51,49,54,51,58,56,59,57,57,58,57,56,53,55,56,59,57,58,58,54,55,57,54,57,49,54,55,49,47,54,56,51,44,49,54,56,56,56,56,58,55,54,58,54
54,55,57,54,57,49,54,55,49,47,54,56,51,44,49,54,56,56,56,56,58,55,54,58,54,54,51,51,57,57,56,51,49,55,50,58,56,59,57,58,58,58,56,53,56,56,59,57,59,58,55,55,58,54,57,49,54,56,49,46,54,56,51,44,49,54,56,56,56,56,58,56,55,59,55
55,55,58,54,57,49,54,56,49,46,54,56,51,44,49,54,56,56,56,56,58,56,55,59,55,54,52,51,57,57,56,51,49,55,50,58,57,59,57,58,58,58,57,52,56,56,59,57,59,58,55,55,58,54,58,49,55,56,49,46,55,57,51,44,48,54,57,57,57,57,58,56,55,59,55
55,55,58,54,58,49,55,56,49,46,55,57,51,44,48,54,57,57,57,57,58,56,55,59,55,55,52,50,57,57,57,51,48,56,50,58,57,60,58,58,58,58,57,52,56,57,59,57,59,58,55,54,59,53,58,49,55,57,49,46,55,57,51,44,48,54,57,57,57,58,57,57,56,59,56
55,54,59,53,58,49,55,57,49,46,55,57,51,44,48,54,57,57,57,58,57,57,56,59,56,55,53,50,58,58,57,51,48,56,50,59,57,60,58,58,59,59,58,52,56,57,60,58,60,59,56,54,59,53,59,49,56,57,49,46,56,58,51,44,48,54,58,58,58,58,57,57,56,60,56
56,54,59,53,59,49,56,57,49,46,56,58,51,44,48,54,58,58,58,58,57,57,56,60,56,56,53,50,58,58,58,51,48,57,50,59,58,60,58,58,59,59,58,52,56,57,60,58,60,59,56,54,59,53,59,48,56,58,49,46,57,58,51,44,48,54,58,58,58,59,57,57,57,60,57
56,54,59,53,59,48,56,58,49,46,57,58,51,44,48,54,58,58,58,59,57,57,57,60,57,56,54,50,59,59,58,51,48,57,50,59,58,60,59,59,60,59,58,52,56,58,60,59,60,59,57,54,60,53,59,48,57,58,49,46,57,59,51,44,48,54,59,59,59,59,56,58,57,61,57
57,54,60,53,59,48,57,58,49,46,57,59,51,44,48,54,59,59,59,59,56,58,57,61,57,57,55,50,59,59,59,52,48,58,49,59,58,60,59,59,60,60,59,53,56,58,60,59,61,59,57,54,60,53,60,49,57,59,49,46,58,60,51,43,48,54,59,59,59,59,56,58,58,61,58
57,54,60,53,60,49,57,59,49,46,58,60,51,43,48,54,59,59,59,59,56,58,58,61,58,57,55,50,60,60,59,52,47,58,49,60,58,60,59,59,60,60,59,53,56,58,61,59,61,59,58,54,60,53,60,49,58,59,49,46,58,59,51,43,48,54,59,60,59,60,56,59,58,61,58
58,54,60,53,60,49,58,59,49,46,58,59,51,43,48,54,59,60,59,60,56,59,58,61,58,58,56,50,60,60,60,51,47,59,49,60,59,60,59,60,60,61,60,53,56,58,61,59,61,60,58,53,61,52,60,49,58,60,50,45,59,59,52,43,48,54,60,60,60,59,56,59,59,60,59
58,53,61,52,60,49,58,60,50,45,59,59,52,43,48,54,60,60,60,59,56,59,59,60,59,58,56,50,60,61,60,52,47,59,49,60,59,60,60,60,60,61,60,53,56,58,61,59,62,60,59,53,61,52,60,49,58,60,49,45,59,59,52,43,48,54,60,60,60,59,55,60,59,60,59
59,53,61,52,60,49,58,60,49,45,59,59,52,43,48,54,60,60,60,59,55,60,59,60,59,59,57,50,60,61,61,52,47,60,49,60,59,61,60,60,60,61,60,53,56,59,61,60,61,60,59,52,61,52,60,50,59,60,49,45,60,59,53,43,48,54,60,60,60,59,56,60,60,59,60
59,52,61,52,60,50,59,60,49,45,60,59,53,43,48,54,60,60,60,59,56,60,60,59,60,59,57,49,60,61,61,52,48,60,48,60,59,61,60,60,61,60,61,53,55,59,61,60,62,60,60,52,61,52,60,50,59,61,49,45,60,57,53,43,48,53,60,59,61,59,56,60,60,59,60
60,52,61,52,60,50,59,61,49,45,60,57,53,43,48,53,60,59,61,59,56,60,60,59,60,59,58,49,61,61,61,52,48,61,48,61,60,61,60,60,61,60,61,53,55,59,61,60,61,61,59,52,61,52,61,51,60,61,50,45,60,56,54,43,49,53,60,59,62,59,56,61,60,59,61
59,52,61,52,61,51,60,61,50,45,60,56,54,43,49,53,60,59,62,59,56,61,60,59,61,60,58,49,61,61,61,52,48,60,48,61,60,61,60,60,61,61,61,54,55,60,61,60,61,61,60,51,61,52,61,51,60,61,50,45,61,56,54,43,49,53,60,59,61,59,56,61,60,59,61
60,51,61,52,61,51,60,61,50,45,61,56,54,43,49,53,60,59,61,59,56,61,60,59,61,60,59,49,60,60,61,51,48,60,48,61,60,62,61,60,61,61,61,54,55,60,61,60,61,61,60,51,61,52,61,51,60,61,50,45,60,55,54,43,49,53,59,59,61,59,55,61,61,59,61
60,51,61,52,61,51,60,61,50,45,60,55,54,43,49,53,59,59,61,59,55,61,61,59,61,60,59,49,59,60,61,51,48,60,48,61,60,62,61,60,62,61,61,54,55,60,61,60,61,61,60,51,61,51,61,52,60,61,50,45,60,55,53,43,49,52,59,58,61,58,54,61,61,58,61
60,51,61,51,61,52,60,61,50,45,60,55,53,43,49,52,59,58,61,58,54,61,61,58,61,61,59,49,59,59,61,51,48,60,47,61,61,62,61,60,65,61,61,55,55,60,61,61,61,61,59,51,61,51,61,52,61,61,49,46,60,55,53,43,49,51,58,58,59,58,54,61,60,58,61
59,51,61,51,61,52,61,61,49,46,60,55,53,43,49,51,58,58,59,58,54,61,60,58,61,61,60,49,58,58,60,51,48,60,47,61,62,62,61,60,63,60,61,55,54,60,61,61,61,61,59,51,61,50,61,52,61,60,49,46,62,55,53,44,49,51,57,58,59,57,53,61,60,58,61
59,51,61,50,61,52,61,60,49,46,62,55,53,44,49,51,57,58,59,57,53,61,60,58,61,61,60,49,57,58,60,51,49,62,47,61,61,61,61,61,62,59,61,54,53,60,61,61,61,61,59,50,61,50,61,52,62,60,49,46,61,55,52,44,48,51,57,59,58,56,53,61,61,57,61
59,50,61,50,61,52,62,60,49,46,61,55,52,44,48,51,57,59,58,56,53,61,61,57,61,60,61,48,56,57,59,50,49,60,46,61,63,61,61,61,62,59,61,54,53,60,60,61,62,61,58,50,61,50,63,52,61,59,50,46,60,54,52,44,48,51,57,58,57,55,52,61,61,56,60
58,50,61,50,63,52,61,59,50,46,60,54,52,44,48,51,57,58,57,55,52,61,61,56,60,60,61,49,55,57,59,50,49,59,46,61,61,61,61,61,61,58,61,54,52,59,60,61,62,61,58,50,61,50,63,52,61,59,49,46,62,54,52,45,46,51,57,57,56,54,52,61,61,55,60
58,50,61,50,63,52,61,59,49,46,62,54,52,45,46,51,57,57,56,54,52,61,61,55,60,59,62,48,54,57,57,50,49,59,46,61,61,61,61,61,61,58,60,54,52,58,59,62,62,61,58,49,61,50,61,52,62,59,49,46,61,55,52,45,45,52,56,56,55,54,52,61,61,54,61
58,49,61,50,61,52,62,59,49,46,61,55,52,45,45,52,56,56,55,54,52,61,61,54,61,59,61,48,53,56,56,50,49,59,47,61,61,61,62,61,61,58,61,54,51,57,59,62,61,61,58,49,61,50,61,53,62,58,49,46,62,55,52,45,44,52,56,55,54,54,51,61,61,53,61
58,49,61,50,61,53,62,58,49,46,62,55,52,45,44,52,56,55,54,54,51,61,61,53,61,58,61,48,53,56,55,50,49,58,47,61,61,61,62,61,61,58,61,54,51,56,59,64,61,61,58,49,61,50,61,53,62,57,49,46,61,55,51,44,44,52,56,55,54,54,51,61,61,53,60
58,49,61,50,61,53,62,57,49,46,61,55,51,44,44,52,56,55,54,54,51,61,61,53,60,58,61,48,52,56,55,50,49,58,47,61,61,61,61,61,61,57,61,54,50,56,58,62,61,61,57,49,61,51,61,53,61,56,49,47,61,55,51,44,44,52,56,55,54,53,51,61,61,52,60
57,49,61,51,61,53,61,56,49,47,61,55,51,44,44,52,56,55,54,53,51,61,61,52,60,57,61,48,51,56,54,51,49,58,47,61,61,60,61,61,61,57,61,54,50,56,58,61,61,60,57,49,60,51,61,52,62,56,49,47,62,55,52,44,44,52,55,55,53,53,51,60,60,51,60
57,49,60,51,61,52,62,56,49,47,62,55,52,44,44,52,55,55,53,53,51,60,60,51,60,57,59,48,50,55,54,51,49,58,48,61,61,59,61,61,60,57,61,54,49,55,58,61,61,60,56,49,61,51,61,52,62,55,49,47,62,55,52,44,44,52,55,54,53,53,51,60,58,50,60
56,49,61,51,61,52,62,55,49,47,62,55,52,44,44,52,55,54,53,53,51,60,58,50,60,56,58,48,50,55,54,50,49,58,48,61,63,59,61,61,60,56,61,54,49,55,58,61,62,61,56,49,61,51,61,52,62,54,48,47,61,55,51,44,44,52,54,54,53,52,50,60,57,50,60
56,49,61,51,61,52,62,54,48,47,61,55,51,44,44,52,54,54,53,52,50,60,57,50,60,55,57,48,50,54,53,50,49,57,48,61,62,58,61,61,59,56,60,53,49,55,57,61,61,61,56,49,61,51,61,52,62,54,48,47,62,54,51,44,43,51,54,54,53,52,50,60,56,50,59
56,49,61,51,61,52,62,54,48,47,62,54,51,44,43,51,54,54,53,52,50,60,56,50,59,54,57,47,50,54,52,49,48,57,48,61,62,58,61,61,59,55,58,53,49,54,57,62,60,62,56,49,62,51,61,52,61,54,48,47,62,54,51,44,43,50,54,54,52,51,50,59,56,49,59
56,49,62,51,61,52,61,54,48,47,62,54,51,44,43,50,54,54,52,51,50,59,56,49,59,53,56,47,49,53,52,49,48,56,48,60,61,58,61,59,59,55,58,52,49,54,57,61,59,62,55,49,62,51,61,52,61,53,48,47,60,53,51,44,43,50,53,53,52,51,50,59,55,49,58
55,49,62,51,61,52,61,53,48,47,60,53,51,44,43,50,53,53,52,51,50,59,55,49,58,52,55,46,49,52,51,49,47,55,48,59,61,57,61,58,58,55,58,52,49,54,56,60,58,62,54,49,60,51,62,52,60,52,48,47,58,53,50,44,43,49,52,53,52,51,50,58,54,49,57
54,49,60,51,62,52,60,52,48,47,58,53,50,44,43,49,52,53,52,51,50,58,54,49,57,52,54,46,49,52,51,49,47,54,48,59,62,56,61,57,58,54,57,52,49,54,55,59,58,60,54,48,60,51,60,52,59,52,48,47,57,51,50,44,43,49,51,52,51,51,50,57,53,49,57
54,48,60,51,60,52,59,52,48,47,57,51,50,44,43,49,51,52,51,51,50,57,53,49,57,51,53,46,49,51,51,49,47,54,48,58,61,56,61,56,57,54,57,51,49,53,54,59,57,60,53,49,59,51,59,52,58,52,48,47,55,51,49,44,43,49,51,52,51,51,50,57,53,49,56
53,49,59,51,59,52,58,52,48,47,55,51,49,44,43,49,51,52,51,51,50,57,53,49,56,51,52,45,49,51,51,49,48,53,48,57,61,56,60,56,57,54,56,51,49,53,54,59,57,59,53,49,58,51,58,52,57,52,48,47,53,50,49,45,44,48,50,52,51,51,50,57,52,49,56
53,49,58,51,58,52,57,52,48,47,53,50,49,45,44,48,50,52,51,51,50,57,52,49,56,51,52,45,49,51,51,49,48,53,48,57,61,55,59,56,57,54,55,51,49,52,54,58,56,59,52,49,57,51,58,52,56,52,49,47,53,50,50,45,44,48,50,52,51,51,50,56,52,49,55
52,49,57,51,58,52,56,52,49,47,53,50,50,45,44,48,50,52,51,51,50,56,52,49,55,51,51,46,49,51,51,49,48,52,48,56,60,55,59,55,57,54,55,51,49,52,53,58,56,58,52,49,57,52,58,52,55,51,49,48,52,50,50,45,44,48,50,52,51,51,50,56,52,49,55
52,49,57,52,58,52,55,51,49,48,52,50,50,45,44,48,50,52,51,51,50,56,52,49,55,51,51,46,49,52,51,49,48,52,48,55,60,55,58,55,56,54,55,52,49,52,53,58,56,58,51,49,56,52,57,52,55,51,49,48,51,50,50,46,44,48,50,52,51,51,50,56,52,49,55
51,49,56,52,57,52,55,51,49,48,51,50,50,46,44,48,50,52,51,51,50,56,52,49,55,51,51,46,49,52,52,50,49,52,49,55,60,55,58,55,56,54,55,52,49,52,53,58,56,58,51,49,56,52,57,52,54,51,50,48,51,50,50,46,44,48,50,52,52,51,50,56,52,50,55
51,49,56,52,57,52,54,51,50,48,51,50,50,46,44,48,50,52,52,51,50,56,52,50,55,51,51,46,49,52,52,50,49,52,49,54,59,55,58,55,56,54,55,52,50,52,53,58,55,58,51,50,56,52,57,52,54,51,50,48,50,50,50,46,44,48,50,52,52,51,51,56,52,50,55
51,50,56,52,57,52,54,51,50,48,50,50,50,46,44,48,50,52,52,51,51,56,52,50,55,51,51,46,49,52,52,50,49,51,49,54,59,55,58,55,56,55,55,52,50,52,53,57,55,58,51,50,56,53,56,53,53,51,50,48,50,50,51,47,44,48,50,52,52,51,51,56,52,50,55
51,50,56,53,56,53,53,51,50,48,50,50,51,47,44,48,50,52,52,51,51,56,52,50,55,51,51,47,49,52,52,51,50,51,50,54,59,55,58,55,56,55,55,52,50,52,54,57,55,58,51,50,56,53,56,53,53,51,51,48,49,50,51,47,44,48,50,52,52,52,51,56,52,50,55
51,50,56,53,56,53,53,51,51,48,49,50,51,47,44,48,50,52,52,52,51,56,52,50,55,51,51,47,50,53,53,51,50,51,50,53,58,55,58,55,56,55,55,53,50,53,54,58,55,58,51,50,56,53,55,53,52,52,51,48,49,50,51,48,44,49,51,53,52,52,52,56,53,50,56
51,50,56,53,55,53,52,52,51,48,49,50,51,48,44,49,51,53,52,52,52,56,53,50,56,51,51,47,50,53,53,51,50,50,50,53,58,55,58,55,56,55,55,53,51,53,54,58,55,58,51,51,56,54,55,53,52,52,51,48,48,50,52,48,44,49,51,53,53,52,52,56,53,51,56
51,51,56,54,55,53,52,52,51,48,48,50,52,48,44,49,51,53,53,52,52,56,53,51,56,52,51,48,50,53,53,52,51,50,51,52,58,55,58,55,56,55,56,53,51,53,54,58,55,58,52,51,55,54,55,54,51,52,52,48,48,51,52,48,44,49,51,53,53,53,53,56,53,51,56
52,51,55,54,55,54,51,52,52,48,48,51,52,48,44,49,51,53,53,53,53,56,53,51,56,52,52,48,51,54,54,52,51,50,51,52,58,55,58,55,57,56,56,54,51,53,54,58,55,58,52,52,55,55,54,54,51,52,52,48,48,51,53,49,44,49,51,53,53,53,53,57,53,51,56
52,52,55,55,54,54,51,52,52,48,48,51,53,49,44,49,51,53,53,53,53,57,53,51,56,52,52,48,51,54,54,53,51,49,52,52,58,55,58,55,56,56,56,54,52,54,54,58,56,58,52,52,55,55,54,55,50,52,53,48,47,51,53,50,44,49,52,54,53,53,53,57,54,52,56
52,52,55,55,54,55,50,52,53,48,47,51,53,50,44,49,52,54,53,53,53,57,54,52,56,52,52,49,51,54,54,53,51,49,52,51,58,55,58,56,56,56,56,54,52,54,55,58,56,58,52,52,55,55,54,55,50,52,53,48,47,52,54,50,44,49,52,54,54,54,54,57,54,52,57
52,52,55,55,54,55,50,52,53,48,47,52,54,50,44,49,52,54,54,54,54,57,54,52,57,53,52,49,51,55,55,54,51,49,53,51,58,56,58,56,57,57,56,55,52,54,55,58,56,58,53,53,55,56,54,55,50,53,54,48,47,52,54,50,44,48,52,54,54,54,54,57,54,53,57
53,53,55,56,54,55,50,53,54,48,47,52,54,50,44,48,52,54,54,54,54,57,54,53,57,53,53,50,50,55,55,54,51,49,53,51,58,56,58,56,57,57,57,55,52,54,55,58,56,58,53,53,55,56,54,56,49,53,54,48,47,53,55,50,44,48,53,55,55,55,55,58,55,53,57
53,53,55,56,54,56,49,53,54,48,47,53,55,50,44,48,53,55,55,55,55,58,55,53,57,53,53,50,50,55,56,55,51,49,54,50,58,56,59,56,57,57,57,55,52,55,55,58,56,58,53,54,54,57,54,56,49,53,55,48,46,53,55,50,44,48,53,55,55,55,55,58,55,53,58
53,54,54,57,54,56,49,53,55,48,46,53,55,50,44,48,53,55,55,55,55,58,55,53,58,54,53,51,50,56,56,55,51,48,54,50,58,56,59,56,57,57,57,56,52,55,56,59,57,58,54,54,54,57,53,57,49,54,55,48,46,54,56,50,44,48,54,56,56,56,56,57,55,54,58
54,54,54,57,53,57,49,54,55,48,46,54,56,50,44,48,54,56,56,56,56,57,55,54,58,54,54,51,50,56,57,56,51,48,55,50,58,56,59,57,57,58,57,56,52,55,56,59,57,59,54,54,54,58,53,57,49,54,56,48,46,54,56,50,43,48,54,56,56,56,56,57,56,54,58
54,54,54,58,53,57,49,54,56,48,46,54,56,50,43,48,54,56,56,56,56,57,56,54,58,55,54,52,50,57,57,56,51,48,55,50,58,56,59,57,58,58,58,57,52,56,56,59,57,59,54,55,54,58,53,58,49,55,56,49,46,55,57,50,43,48,53,57,57,57,57,57,56,55,59
54,55,54,58,53,58,49,55,56,49,46,55,57,50,43,48,53,57,57,57,57,57,56,55,59,55,55,52,50,57,57,57,51,48,56,50,58,57,60,57,58,58,58,57,52,56,56,59,57,59,55,55,54,59,53,58,48,55,57,49,46,55,57,50,43,48,53,57,57,57,58,57,57,56,59
55,55,54,59,53,58,48,55,57,49,46,55,57,50,43,48,53,57,57,57,58,57,57,56,59,56,55,53,50,58,58,57,51,48,56,49,58,57,60,58,58,59,59,58,52,56,57,60,58,60,55,56,54,59,53,59,48,56,57,48,46,56,58,51,43,48,53,58,58,58,58,57,57,56,59
55,56,54,59,53,59,48,56,57,48,46,56,58,51,43,48,53,58,58,58,58,57,57,56,59,56,56,53,50,58,58,58,51,48,57,49,59,57,60,58,58,59,59,58,52,56,57,60,58,60,56,56,54,59,53,59,48,56,58,48,45,56,58,51,43,48,53,58,58,58,58,56,57,57,58
56,56,54,59,53,59,48,56,58,48,45,56,58,51,43,48,53,58,58,58,58,56,57,57,58,57,56,54,50,59,58,58,51,47,57,49,59,58,60,58,59,59,59,58,52,56,57,60,58,60,56,57,54,60,53,59,48,56,58,49,45,57,59,51,43,48,53,59,59,59,58,56,58,57,58
56,57,54,60,53,59,48,56,58,49,45,57,59,51,43,48,53,59,59,59,58,56,58,57,58,57,57,54,50,59,59,59,51,47,58,49,59,58,60,59,59,60,60,59,52,56,58,60,59,61,57,57,54,60,53,60,48,57,59,49,45,58,59,51,43,48,53,59,59,59,58,56,58,58,58
57,57,54,60,53,60,48,57,59,49,45,58,59,51,43,48,53,59,59,59,58,56,58,58,58,58,57,55,49,59,59,59,51,47,58,49,60,58,60,59,59,60,60,59,52,55,58,61,59,61,57,58,53,60,52,60,49,57,59,49,45,58,59,51,43,48,53,59,59,59,59,55,59,58,58
57,58,53,60,52,60,49,57,59,49,45,58,59,51,43,48,53,59,59,59,59,55,59,58,58,58,58,56,49,59,59,59,51,47,59,49,60,59,60,59,60,60,61,60,52,55,58,61,59,61,58,58,53,61,52,60,49,58,60,49,45,59,59,51,43,48,53,59,60,59,59,55,59,59,58
58,58,53,61,52,60,49,58,60,49,45,59,59,51,43,48,53,59,60,59,59,55,59,59,58,59,58,56,49,59,59,59,51,47,59,49,60,59,60,60,60,60,60,60,52,55,58,61,59,62,58,59,52,61,52,60,49,58,60,49,45,59,59,52,43,48,53,59,60,59,59,55,60,59,58
58,59,52,61,52,60,49,58,60,49,45,59,59,52,43,48,53,59,60,59,59,55,60,59,58,59,59,57,49,59,59,59,51,47,60,48,60,59,61,60,60,60,61,60,52,55,59,61,59,61,59,59,52,61,52,60,49,59,60,49,45,60,58,52,43,48,53,59,59,59,58,55,60,60,58
59,59,52,61,52,60,49,59,60,49,45,60,58,52,43,48,53,59,59,59,58,55,60,60,58,60,59,57,49,59,60,59,51,47,60,48,60,59,61,60,60,61,60,61,52,55,59,61,60,62,59,59,51,61,52,60,50,59,61,49,45,60,57,53,43,48,53,59,59,60,58,55,60,60,58
59,59,51,61,52,60,50,59,61,49,45,60,57,53,43,48,53,59,59,60,58,55,60,60,58,60,59,58,49,59,60,60,51,48,61,48,61,60,61,60,60,61,60,61,53,55,59,61,60,61,60,59,51,61,52,61,50,59,61,49,44,60,56,53,42,48,53,59,59,60,58,55,61,60,58
60,59,51,61,52,61,50,59,61,49,44,60,56,53,42,48,53,59,59,60,58,55,61,60,58,61,60,58,49,59,60,60,51,48,60,48,61,60,61,60,60,61,61,61,53,55,59,61,60,61,59,59,51,61,51,61,50,60,61,49,45,60,55,53,42,48,53,59,58,61,58,55,61,60,58
59,59,51,61,51,61,50,60,61,49,45,60,55,53,42,48,53,59,58,61,58,55,61,60,58,61,60,59,49,59,60,61,51,48,60,48,61,60,62,61,60,61,61,61,54,55,59,61,60,61,60,59,51,61,51,61,51,60,61,49,45,60,55,53,42,48,52,59,58,60,58,54,61,61,58
60,59,51,61,51,61,51,60,61,49,45,60,55,53,42,48,52,59,58,60,58,54,61,61,58,61,60,59,49,58,59,60,50,48,60,48,61,60,62,61,60,62,61,61,54,54,59,61,60,61,60,59,51,61,51,61,51,60,61,49,45,60,55,53,43,48,52,58,58,60,58,54,61,61,58
60,59,51,61,51,61,51,60,61,49,45,60,55,53,43,48,52,58,58,60,58,54,61,61,58,61,60,59,49,58,59,60,50,48,60,47,61,61,62,61,60,65,60,61,54,54,59,61,61,61,60,59,50,61,50,61,52,61,60,49,45,60,55,53,43,48,51,57,58,59,58,54,61,60,57
60,59,50,61,50,61,52,61,60,49,45,60,55,53,43,48,51,57,58,59,58,54,61,60,57,61,60,60,48,57,58,60,50,48,60,47,61,62,62,61,60,63,59,61,54,54,59,61,61,61,60,58,50,61,50,61,52,61,60,49,45,62,54,52,43,48,50,57,58,58,56,53,61,60,57
60,58,50,61,50,61,52,61,60,49,45,62,54,52,43,48,50,57,58,58,56,53,61,60,57,61,60,60,48,56,58,59,50,48,61,46,61,61,61,61,61,62,59,61,54,53,59,60,61,61,61,58,49,61,50,61,52,62,59,49,45,61,54,52,44,48,50,56,58,57,55,52,61,61,56
61,58,49,61,50,61,52,62,59,49,45,61,54,52,44,48,50,56,58,57,55,52,61,61,56,61,60,60,48,55,57,58,50,49,60,46,61,62,61,61,61,62,58,61,53,52,59,59,61,62,61,58,49,61,49,62,52,61,59,49,46,60,54,52,44,47,51,56,58,56,55,52,61,61,55
61,58,49,61,49,62,52,61,59,49,46,60,54,52,44,47,51,56,58,56,55,52,61,61,55,60,59,60,48,55,56,58,50,49,59,46,61,61,61,61,61,61,58,60,53,52,59,59,61,62,61,58,49,61,49,63,52,61,58,49,46,61,54,52,44,45,51,56,57,55,54,52,61,61,55
61,58,49,61,49,63,52,61,58,49,46,61,54,52,44,45,51,56,57,55,54,52,61,61,55,60,59,60,48,53,56,57,50,49,59,46,61,61,61,61,61,61,58,60,53,51,58,59,62,62,61,58,49,61,49,61,52,61,58,48,46,61,54,52,44,45,51,56,56,55,54,51,61,61,54
61,58,49,61,49,61,52,61,58,48,46,61,54,52,44,45,51,56,56,55,54,51,61,61,54,61,59,60,48,53,56,56,50,48,58,46,61,61,61,62,61,61,57,61,53,51,57,58,62,61,60,57,48,61,50,61,52,61,57,48,46,61,54,51,44,44,52,55,55,54,54,51,61,60,53
60,57,48,61,50,61,52,61,57,48,46,61,54,51,44,44,52,55,55,54,54,51,61,60,53,61,58,59,48,52,56,55,50,48,58,46,61,61,61,62,61,61,57,61,54,50,56,58,64,61,60,57,49,61,50,61,52,60,57,48,46,60,55,51,44,44,52,55,55,54,53,51,61,60,52
60,57,49,61,50,61,52,60,57,48,46,60,55,51,44,44,52,55,55,54,53,51,61,60,52,60,57,59,48,52,55,55,50,49,58,47,61,61,60,61,61,61,57,61,54,50,55,58,62,61,60,57,49,61,50,61,52,60,56,49,46,59,55,51,44,44,52,55,55,53,53,51,60,59,51
60,57,49,61,50,61,52,60,56,49,46,59,55,51,44,44,52,55,55,53,53,51,60,59,51,60,57,58,47,51,55,54,50,48,58,47,61,61,60,61,61,61,57,61,54,49,55,58,61,61,59,57,49,60,51,61,52,60,55,49,47,59,55,51,44,44,52,55,54,53,53,51,60,59,51
59,57,49,60,51,61,52,60,55,49,47,59,55,51,44,44,52,55,54,53,53,51,60,59,51,60,57,58,47,50,55,54,50,48,58,47,61,61,59,61,61,60,57,61,54,49,55,57,61,61,59,56,49,61,51,61,52,59,55,48,47,58,55,51,44,44,51,55,54,53,52,51,60,58,50
59,56,49,61,51,61,52,59,55,48,47,58,55,51,44,44,51,55,54,53,52,51,60,58,50,60,56,58,47,50,55,53,50,48,57,48,61,63,58,61,61,60,56,61,54,49,55,57,61,62,59,55,49,61,51,61,52,59,54,48,47,58,54,51,44,43,51,54,54,53,52,50,59,57,50
59,55,49,61,51,61,52,59,54,48,47,58,54,51,44,43,51,54,54,53,52,50,59,57,50,60,55,57,47,50,54,53,50,48,57,47,61,62,58,61,61,59,55,60,53,49,54,57,61,60,57,55,49,61,51,61,52,58,54,48,47,57,54,51,44,43,51,54,54,53,52,50,59,56,49
57,55,49,61,51,61,52,58,54,48,47,57,54,51,44,43,51,54,54,53,52,50,59,56,49,59,54,56,47,49,53,52,49,48,56,47,60,62,58,61,60,59,55,58,53,48,54,57,62,60,56,55,49,60,51,61,52,56,53,48,46,55,53,50,44,43,50,53,53,52,51,50,59,55,49
56,55,49,60,51,61,52,56,53,48,46,55,53,50,44,43,50,53,53,52,51,50,59,55,49,58,53,55,47,49,53,51,48,47,55,48,59,61,57,61,59,58,55,58,52,48,54,56,61,59,55,54,49,58,51,59,52,55,53,48,46,54,52,50,44,42,49,52,53,52,51,50,58,54,49
55,54,49,58,51,59,52,55,53,48,46,54,52,50,44,42,49,52,53,52,51,50,58,54,49,58,52,53,46,49,52,51,48,47,54,47,58,60,57,60,57,58,54,57,52,48,53,56,60,58,54,52,48,57,51,58,52,54,52,48,47,53,51,50,44,43,49,51,52,51,51,49,57,53,49
54,52,48,57,51,58,52,54,52,48,47,53,51,50,44,43,49,51,52,51,51,49,57,53,49,56,51,52,45,49,51,51,48,47,53,48,57,59,56,59,56,57,54,56,51,48,53,54,59,56,52,51,48,56,51,57,51,53,51,48,47,52,50,49,44,43,48,50,52,51,51,49,56,52,49
52,51,48,56,51,57,51,53,51,48,47,52,50,49,44,43,48,50,52,51,51,49,56,52,49,55,51,51,45,48,51,51,49,47,52,48,55,58,55,58,55,56,54,55,51,49,52,53,58,55,52,51,48,56,51,57,51,52,51,48,47,51,49,49,44,43,47,50,51,51,50,49,56,52,49
52,51,48,56,51,57,51,52,51,48,47,51,49,49,44,43,47,50,51,51,50,49,56,52,49,55,51,51,45,48,51,51,49,47,52,48,55,58,55,58,55,56,54,55,51,49,52,53,57,55,52,51,48,56,51,57,51,52,51,48,47,51,49,49,44,43,47,50,51,51,50,49,56,52,49
52,51,48,56,51,57,51,52,51,48,47,51,49,49,44,43,47,50,51,51,50,49,56,52,49,55,51,51,45,48,51,51,49,48,52,48,55,58,55,58,55,56,54,55,51,49,52,53,57,55,52,51,49,56,51,57,51,52,51,48,47,51,49,49,45,43,47,50,52,51,50,50,56,52,49
52,51,49,56,51,57,51,52,51,48,47,51,49,49,45,43,47,50,52,51,50,50,56,52,49,55,51,51,45,48,51,51,49,48,52,48,55,58,55,58,55,56,54,55,51,49,52,53,57,55,52,51,49,56,51,57,51,52,51,49,47,51,49,50,45,43,47,50,52,51,50,50,56,52,49
52,51,49,56,51,57,51,52,51,49,47,51,49,50,45,43,47,50,52,51,50,50,56,52,49,55,51,51,45,48,51,51,49,48,52,48,54,58,55,58,55,56,54,55,51,49,52,53,57,55,52,51,49,56,52,57,52,52,51,49,48,50,49,50,45,43,47,50,52,51,51,50,56,52,49
52,51,49,56,52,57,52,52,51,49,48,50,49,50,45,43,47,50,52,51,51,50,56,52,49,55,51,51,46,49,51,51,50,48,52,49,54,58,55,58,55,56,54,55,51,49,52,53,57,55,52,51,49,56,52,56,52,52,51,49,48,50,49,50,46,43,48,50,52,51,51,50,56,52,49
52,51,49,56,52,56,52,52,51,49,48,50,49,50,46,43,48,50,52,51,51,50,56,52,49,55,51,51,46,49,52,52,50,49,51,49,54,58,55,58,55,56,54,55,52,49,52,53,57,55,52,51,49,56,52,56,52,52,51,50,48,50,49,50,46,43,48,50,52,51,51,51,56,52,49
52,51,49,56,52,56,52,52,51,50,48,50,49,50,46,43,48,50,52,51,51,51,56,52,49,55,51,51,46,49,52,52,50,49,51,49,54,58,55,58,55,56,54,55,52,50,52,53,57,55,52,51,50,56,53,56,52,52,51,50,48,49,50,50,46,43,48,50,52,52,51,51,56,52,50
52,51,50,56,53,56,52,52,51,50,48,49,50,50,46,43,48,50,52,52,51,51,56,52,50,55,51,51,46,49,52,52,51,49,51,49,53,58,55,58,55,56,55,55,52,50,52,53,57,55,52,51,50,56,53,55,53,52,51,50,48,49,50,51,47,43,48,50,52,52,52,51,56,52,50
52,51,50,56,53,55,53,52,51,50,48,49,50,51,47,43,48,50,52,52,52,51,56,52,50,55,51,51,47,49,52,52,51,50,50,50,53,58,55,58,55,56,55,55,52,50,52,53,57,55,52,51,50,56,53,55,53,52,51,51,48,48,50,51,47,43,48,50,53,52,52,52,56,52,50
52,51,50,56,53,55,53,52,51,51,48,48,50,51,47,43,48,50,53,52,52,52,56,52,50,55,51,51,47,50,53,53,51,50,50,50,52,58,55,58,55,56,55,55,53,50,53,54,57,55,52,51,51,55,54,55,53,51,52,51,48,48,50,52,48,43,49,51,53,52,52,52,56,53,51
52,51,51,55,54,55,53,51,52,51,48,48,50,52,48,43,49,51,53,52,52,52,56,53,51,56,51,51,47,50,53,53,52,50,50,51,52,58,55,58,55,56,55,55,53,51,53,54,58,55,52,51,51,55,54,54,54,51,52,52,48,48,51,52,48,43,49,51,53,53,53,52,56,53,51
52,51,51,55,54,54,54,51,52,52,48,48,51,52,48,43,49,51,53,53,53,52,56,53,51,56,52,52,48,50,53,54,52,50,49,51,52,58,55,58,55,56,56,56,53,51,53,54,58,55,52,52,51,55,55,54,54,50,52,52,48,47,51,52,49,43,48,51,53,53,53,53,56,53,51
52,52,51,55,55,54,54,50,52,52,48,47,51,52,49,43,48,51,53,53,53,53,56,53,51,56,52,52,48,50,54,54,53,50,49,52,51,58,55,58,55,56,56,56,54,52,53,54,58,55,53,52,52,55,55,54,54,50,52,53,48,47,51,53,49,43,48,52,54,53,53,53,57,53,52
53,52,52,55,55,54,54,50,52,53,48,47,51,53,49,43,48,52,54,53,53,53,57,53,52,56,52,52,49,50,54,54,53,50,49,52,51,58,55,58,55,56,56,56,54,52,54,54,58,56,53,52,52,54,55,54,55,50,52,53,48,47,52,53,50,43,48,52,54,54,54,54,57,54,52
53,52,52,54,55,54,55,50,52,53,48,47,52,53,50,43,48,52,54,54,54,54,57,54,52,57,53,52,49,50,55,55,53,50,49,53,51,58,55,58,56,56,56,56,54,52,54,55,58,56,53,52,53,54,56,53,55,49,53,54,48,46,52,54,50,43,48,52,54,54,54,54,57,54,52
53,52,53,54,56,53,55,49,53,54,48,46,52,54,50,43,48,52,54,54,54,54,57,54,52,57,53,53,49,50,55,55,54,50,48,53,50,58,56,58,56,57,57,56,55,52,54,55,58,56,54,53,53,54,56,53,56,49,53,54,48,46,53,54,50,43,48,53,55,55,55,55,57,54,53
54,53,53,54,56,53,56,49,53,54,48,46,53,54,50,43,48,53,55,55,55,55,57,54,53,57,53,53,50,50,55,56,54,50,48,54,50,58,56,59,56,57,57,57,55,52,55,55,58,56,54,53,53,54,57,53,56,49,53,55,48,46,53,55,50,43,48,53,55,55,55,55,57,55,53
54,53,53,54,57,53,56,49,53,55,48,46,53,55,50,43,48,53,55,55,55,55,57,55,53,58,54,53,50,50,56,56,55,50,48,54,50,58,56,59,56,57,57,57,56,52,55,56,59,57,54,53,54,54,57,53,57,49,53,55,48,46,54,55,50,43,48,53,56,55,56,56,57,55,54
54,53,54,54,57,53,57,49,53,55,48,46,54,55,50,43,48,53,56,55,56,56,57,55,54,58,54,54,51,50,56,56,55,50,48,55,50,58,56,59,57,57,58,57,56,52,55,56,59,57,55,54,54,54,57,53,57,48,54,56,48,46,54,56,50,43,48,53,56,56,56,56,56,56,54
55,54,54,54,57,53,57,48,54,56,48,46,54,56,50,43,48,53,56,56,56,56,56,56,54,58,55,54,51,50,57,57,56,50,48,55,49,58,56,59,57,58,58,58,57,52,56,56,59,57,55,54,55,54,58,53,58,48,54,56,48,45,55,57,50,43,48,53,57,57,57,57,56,56,55
55,54,55,54,58,53,58,48,54,56,48,45,55,57,50,43,48,53,57,57,57,57,56,56,55,58,55,55,52,50,57,57,57,50,48,56,49,58,57,59,57,58,58,58,57,52,56,56,59,57,56,55,55,54,59,52,58,48,55,57,48,45,55,57,50,43,48,53,57,57,57,58,56,57,55
56,55,55,54,59,52,58,48,55,57,48,45,55,57,50,43,48,53,57,57,57,58,56,57,55,58,56,55,53,50,58,58,57,50,48,56,49,58,57,60,58,58,59,59,58,52,55,57,60,58,56,55,56,54,59,52,59,48,56,57,48,45,56,58,50,43,48,53,58,58,58,58,56,57,56
56,55,56,54,59,52,59,48,56,57,48,45,56,58,50,43,48,53,58,58,58,58,56,57,56,58,56,56,53,50,58,58,58,50,47,57,49,59,57,60,58,58,59,59,58,52,55,57,60,58,57,56,56,54,59,52,59,48,56,58,48,45,56,58,50,43,47,53,58,58,58,57,56,57,57
57,56,56,54,59,52,59,48,56,58,48,45,56,58,50,43,47,53,58,58,58,57,56,57,57,58,57,56,54,49,58,58,58,50,47,57,49,59,58,60,58,59,59,59,58,52,55,57,60,58,57,56,57,53,60,52,59,47,56,58,48,45,57,58,50,43,48,53,59,59,58,57,56,58,57
57,56,57,53,60,52,59,47,56,58,48,45,57,58,50,43,48,53,59,59,58,57,56,58,57,57,57,57,54,49,58,58,58,51,47,58,49,59,58,60,59,59,60,60,59,52,55,58,60,58,58,57,57,53,60,52,60,48,57,59,48,45,58,58,50,43,48,53,59,59,58,58,55,58,58
58,57,57,53,60,52,60,48,57,59,48,45,58,58,50,43,48,53,59,59,58,58,55,58,58,57,58,57,55,49,58,58,58,51,47,58,48,59,58,60,59,59,60,60,59,52,55,58,61,59,58,57,58,53,60,52,60,48,57,59,49,45,58,58,51,43,48,53,58,59,58,58,55,59,58
58,57,58,53,60,52,60,48,57,59,49,45,58,58,51,43,48,53,58,59,58,58,55,59,58,57,58,58,56,49,58,58,58,51,47,59,48,60,58,60,59,59,60,61,60,52,55,58,61,59,59,58,58,52,61,51,60,49,58,59,49,44,59,58,51,42,48,53,58,59,58,58,55,59,59
59,58,58,52,61,51,60,49,58,59,49,44,59,58,51,42,48,53,58,59,58,58,55,59,59,57,59,58,56,49,58,58,58,51,46,59,48,60,59,60,60,59,60,60,60,52,55,58,61,59,59,58,59,52,61,51,60,49,58,60,49,44,59,57,51,42,47,53,58,59,58,57,55,60,59
59,58,59,52,61,51,60,49,58,60,49,44,59,57,51,42,47,53,58,59,58,57,55,60,59,56,59,58,57,49,57,58,58,51,47,60,48,60,59,61,60,60,60,61,60,52,55,59,61,59,59,59,59,51,61,51,60,49,59,59,48,44,60,57,52,42,47,53,57,59,58,57,55,60,59
59,59,59,51,61,51,60,49,59,59,48,44,60,57,52,42,47,53,57,59,58,57,55,60,59,56,60,58,57,49,57,58,58,51,47,60,48,60,59,61,60,60,61,60,61,52,54,59,61,60,60,59,59,51,61,52,60,49,59,59,49,44,60,56,52,42,48,53,57,59,58,57,55,60,59
60,59,59,51,61,52,60,49,59,59,49,44,60,56,52,42,48,53,57,59,58,57,55,60,59,56,60,58,58,49,57,58,58,51,47,60,47,61,60,61,60,60,61,60,61,52,54,59,61,60,60,59,59,51,61,52,61,50,59,59,49,44,60,56,53,42,48,53,57,58,58,58,55,61,59
60,59,59,51,61,52,61,50,59,59,49,44,60,56,53,42,48,53,57,58,58,58,55,61,59,56,61,58,58,48,57,58,58,51,47,60,47,61,60,61,60,60,61,61,61,53,54,59,61,60,60,59,59,51,61,51,61,50,60,59,49,44,60,55,53,42,48,53,57,58,58,57,55,61,58
60,59,59,51,61,51,61,50,60,59,49,44,60,55,53,42,48,53,57,58,58,57,55,61,58,56,61,57,58,48,56,58,58,51,48,59,47,61,60,61,61,60,61,61,61,53,54,59,61,60,60,59,58,51,61,51,61,51,60,58,49,44,60,54,53,42,48,52,56,58,57,57,54,61,58
60,59,58,51,61,51,61,51,60,58,49,44,60,54,53,42,48,52,56,58,57,57,54,61,58,55,61,57,57,49,55,57,57,50,48,59,47,61,60,61,61,60,62,60,61,53,54,59,60,60,59,58,58,50,61,50,61,51,60,57,49,44,60,54,53,42,48,51,56,58,57,57,54,61,58
59,58,58,50,61,50,61,51,60,57,49,44,60,54,53,42,48,51,56,58,57,57,54,61,58,55,61,57,57,48,55,57,57,50,48,58,47,61,61,61,61,60,62,60,61,54,54,58,60,61,59,58,57,50,61,50,61,51,59,57,48,45,59,54,52,42,48,50,56,57,57,56,53,61,58
59,58,57,50,61,50,61,51,59,57,48,45,59,54,52,42,48,50,56,57,57,56,53,61,58,55,61,57,57,48,54,57,57,50,48,58,46,61,62,61,61,60,62,59,61,54,53,58,59,61,59,58,56,50,61,50,61,51,58,56,48,45,59,54,52,43,48,50,55,57,57,56,53,61,57
59,58,56,50,61,50,61,51,58,56,48,45,59,54,52,43,48,50,55,57,57,56,53,61,57,54,60,56,56,48,54,57,56,50,48,57,46,61,61,60,61,60,61,58,60,53,52,57,59,61,58,57,56,49,60,49,61,51,58,56,49,45,58,54,51,43,48,50,55,56,56,55,52,60,57
58,57,56,49,60,49,61,51,58,56,49,45,58,54,51,43,48,50,55,56,56,55,52,60,57,54,60,56,56,48,53,56,56,50,48,56,46,60,62,59,61,59,61,58,60,53,52,57,58,61,58,57,55,49,60,49,61,52,57,55,49,45,57,54,51,44,47,50,54,56,55,54,51,60,56
58,57,55,49,60,49,61,52,57,55,49,45,57,54,51,44,47,50,54,56,55,54,51,60,56,53,59,55,55,48,53,56,55,50,48,56,46,59,61,59,61,59,60,58,59,53,51,56,58,61,57,56,55,49,60,49,61,52,57,55,49,46,57,53,51,44,45,51,54,56,55,54,51,60,56
57,56,55,49,60,49,61,52,57,55,49,46,57,53,51,44,45,51,54,56,55,54,51,60,56,53,59,55,55,47,52,55,55,49,48,56,46,59,61,59,61,59,60,57,59,53,51,56,57,62,57,56,55,48,59,49,61,52,56,55,48,45,56,53,51,44,44,51,54,55,54,53,51,59,56
57,56,55,48,59,49,61,52,56,55,48,45,56,53,51,44,44,51,54,55,54,53,51,59,56,53,59,55,55,47,52,55,55,49,48,55,46,59,61,58,62,59,60,57,59,53,51,56,57,61,57,56,55,48,59,49,60,52,56,55,48,45,56,53,51,44,44,51,53,55,54,53,51,59,55
57,56,55,48,59,49,60,52,56,55,48,45,56,53,51,44,44,51,53,55,54,53,51,59,55,52,59,54,54,47,52,55,55,50,48,55,46,59,61,58,61,58,60,57,59,53,50,55,57,61,57,56,54,48,59,50,60,52,56,55,48,46,56,53,51,43,44,51,53,54,53,53,51,59,55
57,56,54,48,59,50,60,52,56,55,48,46,56,53,51,43,44,51,53,54,53,53,51,59,55,52,59,54,54,47,51,55,54,50,48,55,46,59,61,58,61,58,59,57,58,54,49,55,57,61,57,56,55,49,59,50,60,52,56,55,48,46,56,53,51,43,43,51,53,54,53,53,51,59,56
57,56,55,49,59,50,60,52,56,55,48,46,56,53,51,43,43,51,53,54,53,53,51,59,56,51,59,55,55,47,50,55,54,50,48,55,47,59,61,58,61,58,60,57,59,54,49,55,57,61,57,56,55,49,60,50,61,52,57,55,48,46,56,53,51,44,43,51,54,54,53,52,51,60,56
57,56,55,49,60,50,61,52,57,55,48,46,56,53,51,44,43,51,54,54,53,52,51,60,56,50,59,55,55,47,50,55,53,50,48,56,47,59,61,59,61,59,60,56,59,54,49,55,57,61,58,56,55,49,60,51,61,51,57,54,48,46,56,54,51,43,43,51,54,54,53,52,50,59,56
58,56,55,49,60,51,61,51,57,54,48,46,56,54,51,43,43,51,54,54,53,52,50,59,56,50,59,55,55,47,50,55,53,50,48,56,47,59,62,58,61,59,59,56,59,54,49,54,57,61,58,57,55,49,60,51,61,51,57,54,48,46,56,54,51,44,43,51,54,54,53,52,50,59,56
58,57,55,49,60,51,61,51,57,54,48,46,56,54,51,44,43,51,54,54,53,52,50,59,56,50,59,54,55,47,49,54,52,50,48,56,47,60,62,58,61,59,59,55,59,53,48,54,57,61,57,56,55,49,60,51,61,51,57,53,48,46,55,53,50,44,42,50,53,54,52,51,50,59,56
57,56,55,49,60,51,61,51,57,53,48,46,55,53,50,44,42,50,53,54,52,51,50,59,56,49,59,54,55,47,49,53,52,49,47,56,47,59,62,57,61,59,58,55,58,52,48,54,56,62,57,56,55,48,59,50,60,51,56,53,48,46,55,53,50,44,42,49,53,53,52,51,50,59,55
57,56,55,48,59,50,60,51,56,53,48,46,55,53,50,44,42,49,53,53,52,51,50,59,55,49,58,53,54,46,49,52,51,48,47,55,47,59,61,57,61,58,58,54,58,52,48,53,56,61,57,56,54,48,59,51,60,51,56,53,48,46,55,53,50,44,42,49,52,52,52,51,50,59,54
57,56,54,48,59,51,60,51,56,53,48,46,55,53,50,44,42,49,52,52,52,51,50,59,54,49,58,52,54,46,48,52,51,48,47,54,47,58,61,56,61,58,58,54,57,51,48,53,55,60,56,55,54,48,59,51,60,51,55,52,48,46,54,52,50,44,42,49,51,52,51,50,49,58,53
56,55,54,48,59,51,60,51,55,52,48,46,54,52,50,44,42,49,51,52,51,50,49,58,53,49,57,51,53,45,48,51,51,48,47,53,47,58,61,56,61,57,58,54,56,51,48,53,54,59,56,55,53,48,59,51,60,51,55,51,48,46,54,51,49,44,43,48,51,52,51,50,49,57,53
56,55,53,48,59,51,60,51,55,51,48,46,54,51,49,44,43,48,51,52,51,50,49,57,53,49,57,51,52,45,48,51,51,48,47,53,47,58,61,55,61,56,57,54,56,51,48,52,54,59,56,55,53,48,58,51,59,51,55,51,48,47,54,50,49,44,43,48,50,51,51,50,49,57,52
56,55,53,48,58,51,59,51,55,51,48,47,54,50,49,44,43,48,50,51,51,50,49,57,52,49,56,51,51,45,48,51,51,49,47,52,47,57,60,55,60,55,57,54,55,51,48,52,53,58,55,55,52,48,57,51,58,51,55,51,48,47,53,50,49,44,43,48,50,51,51,50,49,56,52
55,55,52,48,57,51,58,51,55,51,48,47,53,50,49,44,43,48,50,51,51,50,49,56,52,49,55,51,51,45,48,51,51,49,47,52,48,56,60,55,59,55,56,54,55,51,49,52,53,58,54,54,52,49,57,51,58,51,55,51,48,47,52,49,49,45,43,48,49,51,51,50,49,56,52
54,54,52,49,57,51,58,51,55,51,48,47,52,49,49,45,43,48,49,51,51,50,49,56,52,49,55,51,51,45,48,51,51,49,48,52,48,56,60,55,58,55,56,54,55,51,49,52,53,58,53,53,51,49,56,51,57,51,55,51,49,47,51,49,49,45,43,47,49,51,51,50,50,56,52
53,53,51,49,56,51,57,51,55,51,49,47,51,49,49,45,43,47,49,51,51,50,50,56,52,49,55,51,51,45,48,51,51,49,48,52,48,55,60,55,58,55,56,54,55,51,49,52,53,57,53,53,51,49,56,52,57,51,54,51,49,48,51,49,50,45,43,47,49,52,51,50,50,55,52
53,53,51,49,56,52,57,51,54,51,49,48,51,49,50,45,43,47,49,52,51,50,50,55,52,49,55,51,51,45,48,51,51,49,48,51,48,54,59,54,58,55,56,54,55,51,49,52,53,57,53,53,51,49,56,52,56,52,54,51,49,48,50,49,50,45,43,47,50,52,51,51,50,55,52
53,53,51,49,56,52,56,52,54,51,49,48,50,49,50,45,43,47,50,52,51,51,50,55,52,49,55,51,51,46,49,51,52,50,49,51,49,54,59,54,58,55,56,54,55,52,49,52,53,57,53,52,51,49,56,52,56,52,53,51,50,48,49,49,50,46,43,47,50,52,51,51,50,55,52
53,52,51,49,56,52,56,52,53,51,50,48,49,49,50,46,43,47,50,52,51,51,50,55,52,49,55,51,51,46,49,52,52,50,49,51,49,53,58,54,58,54,56,54,55,52,49,52,53,57,53,52,51,49,55,53,56,52,53,51,50,48,49,49,50,46,43,48,50,52,52,51,51,55,52
53,52,51,49,55,53,56,52,53,51,50,48,49,49,50,46,43,48,50,52,52,51,51,55,52,50,55,51,51,46,49,52,52,50,49,50,49,53,58,54,58,55,56,55,55,52,50,52,53,57,53,52,51,50,55,53,55,53,52,51,50,48,48,50,51,47,43,48,50,52,52,51,51,56,52
53,52,51,50,55,53,55,53,52,51,50,48,48,50,51,47,43,48,50,52,52,51,51,56,52,50,55,51,51,46,49,52,52,51,50,50,50,53,58,54,58,55,56,55,55,52,50,52,53,57,53,52,51,50,55,53,55,53,51,51,51,48,48,50,51,47,43,48,50,52,52,52,52,56,52
53,52,51,50,55,53,55,53,51,51,51,48,48,50,51,47,43,48,50,52,52,52,52,56,52,50,55,51,51,47,50,53,53,51,50,50,50,52,58,55,58,55,56,55,55,53,50,53,53,57,54,52,51,50,55,54,54,53,51,51,51,48,48,50,51,48,43,49,51,53,52,52,52,56,52
54,52,51,50,55,54,54,53,51,51,51,48,48,50,51,48,43,49,51,53,52,52,52,56,52,50,56,51,51,47,50,53,53,52,50,49,51,52,58,55,58,55,56,55,55,53,51,53,54,57,54,52,51,51,55,54,54,54,51,52,52,48,47,50,52,48,43,48,51,53,53,52,52,56,53
54,52,51,51,55,54,54,54,51,52,52,48,47,50,52,48,43,48,51,53,53,52,52,56,53,51,56,52,51,48,50,53,53,52,50,49,51,51,58,55,58,55,56,55,56,53,51,53,54,58,54,52,51,51,55,54,54,54,50,52,52,48,47,51,52,49,43,48,51,53,53,53,53,56,53
54,52,51,51,55,54,54,54,50,52,52,48,47,51,52,49,43,48,51,53,53,53,53,56,53,51,56,52,52,48,50,54,54,52,50,49,52,51,58,55,58,55,56,56,56,54,51,53,54,58,54,53,52,52,54,55,54,54,50,52,53,48,47,51,53,49,43,48,51,54,53,53,53,57,53
54,53,52,52,54,55,54,54,50,52,53,48,47,51,53,49,43,48,51,54,53,53,53,57,53,52,56,52,52,48,50,54,54,53,50,49,52,51,58,55,58,55,56,56,56,54,52,54,54,58,54,53,52,52,54,55,53,55,49,52,53,48,46,52,53,49,43,48,52,54,54,54,54,57,54
54,53,52,52,54,55,53,55,49,52,53,48,46,52,53,49,43,48,52,54,54,54,54,57,54,52,57,53,52,49,50,54,55,53,50,48,52,50,58,55,58,55,56,56,56,54,52,54,55,58,55,53,52,52,54,56,53,55,49,52,54,48,46,52,54,49,43,48,52,54,54,54,54,57,54
55,53,52,52,54,56,53,55,49,52,54,48,46,52,54,49,43,48,52,54,54,54,54,57,54,52,57,53,52,49,50,55,55,54,50,48,53,50,58,55,58,56,56,57,56,55,52,54,55,58,55,53,53,53,54,56,53,56,49,53,54,48,46,52,54,49,43,48,53,55,54,54,55,58,54
55,53,53,53,54,56,53,56,49,53,54,48,46,52,54,49,43,48,53,55,54,54,55,58,54,53,57,53,53,50,50,55,55,54,50,48,53,50,58,56,58,56,57,57,57,55,52,55,55,58,55,54,53,53,54,57,53,56,49,53,55,48,46,53,55,50,43,48,53,55,55,55,55,57,55
55,54,53,53,54,57,53,56,49,53,55,48,46,53,55,50,43,48,53,55,55,55,55,57,55,53,58,54,53,50,50,56,56,55,50,48,54,50,58,56,59,56,57,57,57,56,52,55,55,58,55,54,53,54,54,57,53,56,48,53,55,48,46,53,55,50,43,48,53,56,55,55,56,57,55
55,54,53,54,54,57,53,56,48,53,55,48,46,53,55,50,43,48,53,56,55,55,56,57,55,54,58,54,54,51,50,56,56,55,50,48,54,49,58,56,59,57,57,58,57,56,52,55,56,59,55,55,54,54,54,57,53,57,48,54,56,48,45,54,56,50,43,48,53,56,56,56,56,57,56
55,55,54,54,54,57,53,57,48,54,56,48,45,54,56,50,43,48,53,56,56,56,56,57,56,54,58,54,54,51,50,57,57,56,50,48,55,49,58,56,59,57,58,58,58,56,51,55,56,59,55,55,54,55,54,58,53,58,48,54,56,48,45,55,57,50,43,48,53,57,56,57,57,57,56
55,55,54,55,54,58,53,58,48,54,56,48,45,55,57,50,43,48,53,57,56,57,57,57,56,55,59,55,55,52,50,57,57,57,50,48,56,49,58,57,59,57,58,58,58,57,51,55,56,59,55,56,55,55,53,59,52,58,48,55,57,48,45,55,57,50,43,47,53,57,57,57,57,56,56
55,56,55,55,53,59,52,58,48,55,57,48,45,55,57,50,43,47,53,57,57,57,57,56,56,55,59,55,55,53,49,58,57,57,50,47,56,49,58,57,60,58,58,59,58,57,51,55,57,60,55,56,55,56,53,59,52,59,48,55,57,48,45,56,58,50,43,47,53,58,58,58,58,56,57
55,56,55,56,53,59,52,59,48,55,57,48,45,56,58,50,43,47,53,58,58,58,58,56,57,56,60,56,56,53,49,58,58,58,50,47,57,49,59,57,60,58,58,59,59,58,51,55,57,60,55,57,56,56,53,59,52,59,47,56,58,48,45,56,58,50,43,47,53,58,58,58,58,56,57
55,57,56,56,53,59,52,59,47,56,58,48,45,56,58,50,43,47,53,58,58,58,58,56,57,57,60,57,56,54,49,59,58,58,50,47,57,49,59,58,60,58,58,59,59,58,52,55,57,60,55,57,56,57,53,60,52,59,47,56,58,48,45,57,59,50,43,47,53,59,58,59,58,56,58
55,57,56,57,53,60,52,59,47,56,58,48,45,57,59,50,43,47,53,59,58,59,58,56,58,57,61,57,57,54,49,59,59,59,51,47,58,49,59,58,60,59,59,60,60,59,52,55,58,60,55,58,57,57,53,60,52,60,48,57,59,48,45,58,59,50,42,47,53,59,59,59,58,55,58
55,58,57,57,53,60,52,60,48,57,59,48,45,58,59,50,42,47,53,59,59,59,58,55,58,58,61,58,57,55,49,59,59,59,51,47,58,48,59,58,60,59,59,60,60,59,52,55,58,61,55,58,57,58,53,60,52,60,48,57,59,48,45,58,58,51,42,47,53,59,59,59,59,55,59
55,58,57,58,53,60,52,60,48,57,59,48,45,58,58,51,42,47,53,59,59,59,59,55,59,58,60,58,58,56,49,60,60,60,51,46,59,48,60,58,60,59,59,60,61,60,52,55,58,61,55,59,58,58,52,61,51,60,48,58,59,49,44,59,58,51,42,47,53,59,59,60,58,55,59
55,59,58,58,52,61,51,60,48,58,59,49,44,59,58,51,42,47,53,59,59,60,58,55,59,59,60,59,58,56,49,60,61,60,51,46,59,48,60,59,60,60,59,60,60,60,52,55,58,61,54,59,58,59,52,61,51,60,49,58,60,49,44,59,58,51,42,47,53,59,59,60,58,54,60
54,59,58,59,52,61,51,60,49,58,60,49,44,59,58,51,42,47,53,59,59,60,58,54,60,59,59,59,59,57,49,60,61,61,51,46,60,48,60,59,61,60,60,60,61,60,52,55,59,61,54,59,59,59,51,61,51,60,49,59,60,48,44,59,58,52,42,47,53,59,59,60,58,55,60
54,59,59,59,51,61,51,60,49,59,60,48,44,59,58,52,42,47,53,59,59,60,58,55,60,60,58,60,59,57,49,60,60,61,51,47,60,47,60,59,61,60,60,61,60,61,52,54,59,61,54,60,59,59,51,61,51,60,49,59,61,48,44,60,56,52,42,47,52,59,58,61,58,55,60
54,60,59,59,51,61,51,60,49,59,61,48,44,60,56,52,42,47,52,59,58,61,58,55,60,60,58,60,59,58,48,61,60,61,51,47,61,47,61,60,61,60,60,61,60,61,52,54,59,61,54,60,59,58,51,61,52,61,50,59,61,49,44,60,55,53,42,48,52,59,58,62,58,55,61
54,60,59,58,51,61,52,61,50,59,61,49,44,60,55,53,42,48,52,59,58,62,58,55,61,60,58,61,60,58,48,60,60,61,51,47,60,47,61,60,61,60,60,61,60,61,53,54,59,61,53,61,59,59,50,61,51,61,50,60,61,49,44,60,55,53,42,48,52,59,58,61,58,55,61
53,61,59,59,50,61,51,61,50,60,61,49,44,60,55,53,42,48,52,59,58,61,58,55,61,60,58,61,60,59,48,59,59,61,50,47,60,47,61,60,62,61,60,61,60,61,53,54,59,61,53,60,60,59,50,61,51,61,50,60,61,49,44,60,54,53,42,48,52,58,58,61,58,54,61
53,60,60,59,50,61,51,61,50,60,61,49,44,60,54,53,42,48,52,58,58,61,58,54,61,61,58,61,60,59,48,58,59,60,50,48,60,47,61,60,62,61,60,62,60,61,53,54,59,61,53,61,60,59,50,61,50,61,51,60,61,49,44,60,54,53,42,48,51,58,57,60,57,53,61
53,61,60,59,50,61,50,61,51,60,61,49,44,60,54,53,42,48,51,58,57,60,57,53,61,61,57,61,61,59,48,58,58,60,50,48,60,46,61,61,62,61,60,65,60,61,54,54,59,61,53,61,60,58,50,61,50,61,51,60,60,48,45,60,54,52,42,48,50,57,58,59,57,53,61
53,61,60,58,50,61,50,61,51,60,60,48,45,60,54,52,42,48,50,57,58,59,57,53,61,60,57,61,61,60,48,57,58,59,50,48,60,46,61,62,62,61,60,63,59,61,54,53,59,60,52,60,60,58,50,61,50,61,51,61,59,48,45,62,54,52,43,48,50,56,57,58,56,53,61
52,60,60,58,50,61,50,61,51,61,59,48,45,62,54,52,43,48,50,56,57,58,56,53,61,60,57,61,60,60,48,56,57,59,50,48,61,46,61,61,61,61,61,62,58,61,53,52,59,59,51,60,61,58,49,61,49,61,51,62,59,49,45,61,54,51,43,47,50,56,58,57,55,52,61
51,60,61,58,49,61,49,61,51,62,59,49,45,61,54,51,43,47,50,56,58,57,55,52,61,61,56,61,59,61,47,55,56,58,50,48,59,46,61,63,61,61,61,62,58,61,53,52,59,59,51,61,61,57,49,61,49,62,51,61,58,49,45,60,53,51,44,47,50,56,57,56,54,51,61
51,61,61,57,49,61,49,62,51,61,58,49,45,60,53,51,44,47,50,56,57,56,54,51,61,61,55,60,59,61,48,54,56,58,50,48,58,46,61,61,61,61,61,61,57,60,53,51,58,59,51,61,61,57,49,61,49,63,52,61,58,49,45,62,53,51,44,45,50,56,57,55,54,51,61
51,61,61,57,49,61,49,63,52,61,58,49,45,62,53,51,44,45,50,56,57,55,54,51,61,61,54,60,58,62,47,53,56,56,49,48,58,46,61,61,61,61,61,61,57,60,53,51,57,58,51,61,61,57,48,61,49,61,52,62,58,48,45,61,54,51,44,44,51,55,55,54,53,51,61
51,61,61,57,48,61,49,61,52,62,58,48,45,61,54,51,44,44,51,55,55,54,53,51,61,61,53,60,58,61,47,52,56,55,49,48,58,46,61,61,61,62,61,61,57,61,53,50,56,58,50,61,61,57,48,61,49,61,52,62,57,48,45,62,54,51,44,43,51,55,54,54,53,51,61
50,61,61,57,48,61,49,61,52,62,57,48,45,62,54,51,44,43,51,55,54,54,53,51,61,61,52,60,57,62,47,52,55,55,49,48,57,46,61,61,60,62,61,61,57,61,53,50,55,58,50,61,61,57,48,61,49,61,52,62,56,48,45,61,54,51,43,43,51,55,54,53,53,51,60
50,61,61,57,48,61,49,61,52,62,56,48,45,61,54,51,43,43,51,55,54,53,53,51,60,60,52,60,57,61,47,51,55,54,50,48,57,46,61,61,60,61,61,61,57,61,53,49,55,57,50,61,61,56,48,61,50,61,52,61,55,48,46,61,54,51,43,43,51,55,54,53,52,50,60
50,61,61,56,48,61,50,61,52,61,55,48,46,61,54,51,43,43,51,55,54,53,52,50,60,60,51,60,57,60,47,50,55,54,50,48,57,47,61,61,59,61,61,60,56,61,54,49,55,57,51,61,61,56,48,60,50,61,52,62,55,48,46,62,54,51,43,43,51,54,54,53,52,50,59
51,61,61,56,48,60,50,61,52,62,55,48,46,62,54,51,43,43,51,54,54,53,52,50,59,59,50,60,56,58,47,50,55,53,50,48,57,47,61,61,58,61,61,60,56,61,54,48,54,57,51,61,61,55,48,61,50,61,51,62,54,48,46,62,54,51,43,43,51,54,54,53,52,50,59
51,61,61,55,48,61,50,61,51,62,54,48,46,62,54,51,43,43,51,54,54,53,52,50,59,58,50,60,55,58,47,49,54,53,50,48,57,47,61,63,58,61,61,59,56,60,54,48,54,57,51,62,61,55,48,61,51,61,51,62,53,48,46,61,54,51,43,43,51,54,54,53,52,50,59
51,62,61,55,48,61,51,61,51,62,53,48,46,61,54,51,43,43,51,54,54,53,52,50,59,56,49,59,54,57,47,49,54,52,50,48,56,47,61,62,58,61,61,59,55,60,53,48,54,56,51,61,61,55,48,61,50,61,51,62,53,48,46,63,54,50,44,42,50,53,54,52,51,50,59
51,61,61,55,48,61,50,61,51,62,53,48,46,63,54,50,44,42,50,53,54,52,51,50,59,56,49,59,54,56,46,49,53,52,48,47,56,47,61,62,57,61,60,58,55,58,52,48,54,56,50,60,61,55,48,62,50,61,51,61,53,48,46,61,53,50,44,42,49,53,53,52,51,50,59
50,60,61,55,48,62,50,61,51,61,53,48,46,61,53,50,44,42,49,53,53,52,51,50,59,55,49,58,53,55,46,49,52,51,48,47,55,47,60,61,57,61,59,58,54,57,52,48,53,56,50,59,60,54,48,61,50,61,51,60,53,48,46,59,52,50,44,42,49,52,52,52,51,49,59
50,59,60,54,48,61,50,61,51,60,53,48,46,59,52,50,44,42,49,52,52,52,51,49,59,54,49,58,52,54,46,48,51,51,48,47,54,47,59,61,56,61,58,58,54,57,51,48,53,55,50,58,59,54,48,59,51,61,51,59,52,48,46,57,52,49,43,42,48,51,52,51,50,49,58
50,58,59,54,48,59,51,61,51,59,52,48,46,57,52,49,43,42,48,51,52,51,50,49,58,53,49,57,51,53,45,48,51,51,48,47,53,47,58,62,56,61,57,57,54,56,51,48,53,54,49,56,57,53,48,59,51,60,51,58,51,48,46,56,51,49,44,42,48,51,52,51,50,49,57
49,56,57,53,48,59,51,60,51,58,51,48,46,56,51,49,44,42,48,51,52,51,50,49,57,53,49,56,51,52,45,48,51,51,48,47,53,47,57,61,55,61,56,57,54,56,51,48,52,53,49,56,56,52,48,58,51,59,51,57,51,48,46,54,50,49,44,43,48,50,51,51,50,49,56
49,56,56,52,48,58,51,59,51,57,51,48,46,54,50,49,44,43,48,50,51,51,50,49,56,52,48,56,51,51,45,48,51,51,48,47,52,47,57,61,55,60,55,56,54,55,51,48,52,53,49,55,55,52,48,57,51,58,51,56,51,48,47,52,50,49,44,43,48,49,51,51,50,49,56
49,55,55,52,48,57,51,58,51,56,51,48,47,52,50,49,44,43,48,49,51,51,50,49,56,52,48,55,50,51,45,48,51,51,49,47,52,47,56,60,55,59,55,56,54,55,51,48,52,53,49,54,54,51,48,57,51,57,51,55,51,48,47,52,49,49,44,43,47,49,51,51,50,49,56
49,54,54,51,48,57,51,57,51,55,51,48,47,52,49,49,44,43,47,49,51,51,50,49,56,52,48,55,50,51,45,48,51,51,49,48,52,48,55,60,55,58,55,56,54,55,51,49,52,53,49,53,53,51,48,56,51,57,51,55,51,48,47,51,49,49,45,43,47,49,51,51,50,49,56
49,53,53,51,48,56,51,57,51,55,51,48,47,51,49,49,45,43,47,49,51,51,50,49,56,52,49,55,50,51,45,48,51,51,49,48,52,48,55,59,55,58,55,56,54,55,51,49,52,53,50,53,53,51,49,56,52,57,51,54,51,49,47,50,49,49,45,43,47,49,51,51,50,50,55
50,53,53,51,49,56,52,57,51,54,51,49,47,50,49,49,45,43,47,49,51,51,50,50,55,52,49,55,50,50,45,48,51,51,49,48,51,48,54,59,54,58,54,56,54,55,51,49,52,53,50,53,53,51,49,56,52,56,52,54,51,49,47,50,49,50,45,43,47,49,52,51,50,50,55
50,53,53,51,49,56,52,56,52,54,51,49,47,50,49,50,45,43,47,49,52,51,50,50,55,52,49,55,50,50,45,48,51,51,50,48,51,49,53,59,54,58,54,56,54,55,51,49,52,53,50,53,52,51,49,55,52,56,52,53,51,49,47,49,49,50,46,43,47,49,52,51,51,50,55
50,53,52,51,49,55,52,56,52,53,51,49,47,49,49,50,46,43,47,49,52,51,51,50,55,52,49,55,51,50,46,49,52,52,50,49,50,49,53,58,54,58,54,56,54,55,52,49,52,53,50,53,52,51,49,55,52,55,52,52,51,50,47,49,49,50,46,43,48,50,52,51,51,51,55
50,53,52,51,49,55,52,55,52,52,51,50,47,49,49,50,46,43,48,50,52,51,51,51,55,52,49,55,51,50,46,49,52,52,50,49,50,49,53,58,54,57,54,56,54,55,52,50,52,53,50,53,52,51,50,55,53,55,52,52,51,50,47,48,49,51,47,43,48,50,52,52,51,51,55
50,53,52,51,50,55,53,55,52,52,51,50,47,48,49,51,47,43,48,50,52,52,51,51,55,52,50,55,51,51,46,49,52,52,51,50,50,50,52,58,54,57,54,56,55,55,52,50,52,53,51,53,52,51,50,55,53,54,53,51,51,51,47,48,50,51,47,43,48,50,52,52,52,51,56
51,53,52,51,50,55,53,54,53,51,51,51,47,48,50,51,47,43,48,50,52,52,52,51,56,52,50,55,51,51,47,49,52,53,51,50,49,50,52,58,54,57,55,56,55,55,52,50,52,53,51,53,52,51,50,55,54,54,53,51,51,51,47,47,50,51,48,43,48,50,53,52,52,52,56
51,53,52,51,50,55,54,54,53,51,51,51,47,47,50,51,48,43,48,50,53,52,52,52,56,52,50,55,51,51,47,50,53,53,52,50,49,50,51,58,54,58,55,56,55,55,53,50,53,53,51,54,52,51,51,55,54,54,53,50,51,51,47,47,50,52,48,43,48,51,53,53,52,52,56
51,54,52,51,51,55,54,54,53,50,51,51,47,47,50,52,48,43,48,51,53,53,52,52,56,53,51,56,51,51,47,50,53,53,52,50,49,51,51,57,55,58,55,56,55,55,53,51,53,54,52,54,52,51,51,54,54,53,54,50,52,52,47,47,51,52,49,43,48,51,53,53,53,53,56
52,54,52,51,51,54,54,53,54,50,52,52,47,47,51,52,49,43,48,51,53,53,53,53,56,53,51,56,52,51,48,50,54,54,52,50,48,51,51,57,55,58,55,56,56,56,54,51,53,54,52,54,52,52,51,54,55,53,54,49,52,52,47,46,51,53,49,43,48,51,53,53,53,53,57
52,54,52,52,51,54,55,53,54,49,52,52,47,46,51,53,49,43,48,51,53,53,53,53,57,53,51,56,52,52,48,50,54,54,53,50,48,52,50,57,55,58,55,56,56,56,54,51,53,54,53,54,53,52,52,54,55,53,55,49,52,53,47,46,51,53,49,43,48,52,54,54,54,54,57
53,54,53,52,52,54,55,53,55,49,52,53,47,46,51,53,49,43,48,52,54,54,54,54,57,54,52,57,52,52,49,50,54,55,53,50,48,52,50,57,55,58,55,56,56,56,54,51,54,54,53,55,53,52,52,54,56,53,55,49,52,53,47,46,52,54,49,43,47,52,54,54,54,54,57
53,55,53,52,52,54,56,53,55,49,52,53,47,46,52,54,49,43,47,52,54,54,54,54,57,54,52,57,53,52,49,50,55,55,54,50,48,53,50,57,55,58,56,56,57,56,55,51,54,55,53,55,53,52,53,54,56,53,56,49,53,54,47,46,52,54,49,43,47,52,55,54,54,55,57
53,55,53,52,53,54,56,53,56,49,53,54,47,46,52,54,49,43,47,52,55,54,54,55,57,54,53,57,53,53,50,49,55,55,54,50,48,53,49,58,56,58,56,57,57,57,55,51,54,55,54,55,54,53,53,53,56,53,56,48,53,54,47,45,53,55,49,43,47,53,55,55,55,55,57
54,55,54,53,53,53,56,53,56,48,53,54,47,45,53,55,49,43,47,53,55,55,55,55,57,55,53,58,54,53,50,49,56,56,55,50,48,54,49,58,56,59,56,57,57,57,56,51,55,55,54,55,54,53,54,53,57,53,56,48,53,55,47,45,53,55,49,43,47,53,56,55,55,56,57
54,55,54,53,54,53,57,53,56,48,53,55,47,45,53,55,49,43,47,53,56,55,55,56,57,55,54,58,54,53,51,49,56,56,55,50,47,54,49,58,56,59,56,57,58,57,56,51,55,56,55,55,54,54,54,53,57,52,57,48,54,56,48,45,54,56,49,43,47,53,56,56,56,56,57
55,55,54,54,54,53,57,52,57,48,54,56,48,45,54,56,49,43,47,53,56,56,56,56,57,55,54,58,54,54,51,49,57,57,56,50,47,55,49,58,56,59,57,57,58,58,56,51,55,56,55,55,55,54,54,53,58,52,57,48,54,56,48,45,54,56,49,42,47,52,56,56,56,57,56
55,55,55,54,54,53,58,52,57,48,54,56,48,45,54,56,49,42,47,52,56,56,56,57,56,56,55,59,55,54,52,49,57,57,57,50,47,55,49,58,56,59,57,58,58,58,57,51,55,56,56,55,55,54,55,53,58,52,58,47,55,57,48,45,55,57,49,42,47,52,57,57,57,57,56
56,55,55,54,55,53,58,52,58,47,55,57,48,45,55,57,49,42,47,52,57,57,57,57,56,56,55,59,55,55,52,49,58,57,57,50,47,56,49,58,57,60,58,58,59,58,57,51,55,56,56,54,56,55,56,53,59,52,59,47,55,57,48,45,56,58,50,42,47,52,58,57,58,58,56
56,54,56,55,56,53,59,52,59,47,55,57,48,45,56,58,50,42,47,52,58,57,58,58,56,57,56,60,56,55,53,49,58,58,58,50,47,57,48,59,57,60,58,58,59,59,58,51,55,57,57,54,57,56,56,53,59,52,59,47,56,58,48,45,56,58,50,42,47,52,58,58,58,58,55
57,54,57,56,56,53,59,52,59,47,56,58,48,45,56,58,50,42,47,52,58,58,58,58,55,57,56,60,56,56,54,49,59,58,58,50,46,57,48,59,57,60,58,58,59,59,58,51,55,57,58,54,57,56,56,53,60,52,59,47,56,58,48,45,57,58,50,42,47,52,58,58,59,58,55
58,54,57,56,56,53,60,52,59,47,56,58,48,45,57,58,50,42,47,52,58,58,59,58,55,58,57,61,57,57,54,49,59,59,59,50,46,58,48,59,58,60,59,59,60,60,59,51,55,57,58,54,57,56,57,53,60,52,59,47,57,59,48,44,57,58,50,42,47,52,59,58,59,58,55
58,54,57,56,57,53,60,52,59,47,57,59,48,44,57,58,50,42,47,52,59,58,59,58,55,58,58,61,58,57,55,49,59,59,59,50,46,58,48,59,58,60,59,59,60,60,59,51,54,58,59,54,58,57,57,52,60,51,60,48,57,59,48,44,58,58,50,42,47,52,59,58,59,58,54
59,54,58,57,57,52,60,51,60,48,57,59,48,44,58,58,50,42,47,52,59,58,59,58,54,59,58,60,58,58,55,48,60,60,60,50,46,59,48,60,58,60,59,59,60,61,60,51,54,58,59,54,58,57,58,52,61,51,60,48,58,59,48,44,59,58,50,42,47,52,59,59,60,58,54
59,54,58,57,58,52,61,51,60,48,58,59,48,44,59,58,50,42,47,52,59,59,60,58,54,59,59,59,59,58,56,48,60,61,60,50,46,59,48,60,59,60,60,59,60,60,60,51,54,58,60,54,59,58,58,51,61,51,60,48,58,60,48,44,59,58,51,42,47,52,59,59,60,58,54
60,54,59,58,58,51,61,51,60,48,58,60,48,44,59,58,51,42,47,52,59,59,60,58,54,60,59,59,59,58,57,48,60,60,61,50,46,60,47,60,59,61,60,59,60,60,60,51,54,58,60,53,59,59,58,51,61,51,60,48,59,60,48,44,59,57,51,42,47,52,59,58,60,57,54
60,53,59,59,58,51,61,51,60,48,59,60,48,44,59,57,51,42,47,52,59,58,60,57,54,60,60,58,60,59,57,48,60,60,61,50,46,60,47,60,59,61,60,60,61,60,61,51,54,58,60,53,60,59,58,50,61,51,60,49,59,61,48,44,60,56,52,42,47,52,59,58,61,57,54
60,53,60,59,58,50,61,51,60,49,59,61,48,44,60,56,52,42,47,52,59,58,61,57,54,60,60,58,60,59,58,48,60,59,61,50,47,61,47,61,60,61,60,60,61,60,61,52,54,58,61,53,60,59,58,50,61,51,61,49,59,61,48,43,60,55,52,41,47,52,58,58,62,57,54
61,53,60,59,58,50,61,51,61,49,59,61,48,43,60,55,52,41,47,52,58,58,62,57,54,61,60,57,61,59,58,48,60,59,61,50,47,60,47,61,60,61,60,60,61,60,61,52,54,58,60,53,60,59,58,50,61,50,61,50,60,61,48,44,60,55,52,42,47,52,58,57,61,57,54
60,53,60,59,58,50,61,50,61,50,60,61,48,44,60,55,52,42,47,52,58,57,61,57,54,61,60,57,61,60,58,48,59,59,60,50,47,60,47,61,60,62,61,60,61,60,61,53,54,58,60,53,60,60,58,50,61,50,61,50,60,61,48,44,60,54,53,41,47,51,58,57,60,57,53
60,53,60,60,58,50,61,50,61,50,60,61,48,44,60,54,53,41,47,51,58,57,60,57,53,61,61,57,61,60,59,48,58,58,60,50,47,60,47,61,60,62,61,60,62,60,61,53,54,58,60,52,61,60,58,50,61,50,61,50,60,60,48,44,60,54,52,42,47,51,58,57,60,57,53
60,52,61,60,58,50,61,50,61,50,60,60,48,44,60,54,52,42,47,51,58,57,60,57,53,61,61,57,61,60,59,48,57,58,60,49,47,60,46,61,61,62,61,60,65,59,61,53,53,58,60,52,61,60,58,49,61,49,61,51,60,59,48,44,60,54,52,42,47,50,57,57,58,57,53
60,52,61,60,58,49,61,49,61,51,60,59,48,44,60,54,52,42,47,50,57,57,58,57,53,61,60,56,61,60,60,47,56,57,59,49,47,60,46,61,62,62,61,60,63,58,61,54,53,59,60,52,60,60,57,49,61,49,61,51,61,59,48,44,62,53,52,42,47,50,56,57,58,56,52
60,52,60,60,57,49,61,49,61,51,61,59,48,44,62,53,52,42,47,50,56,57,58,56,52,61,60,56,61,60,60,47,55,57,59,49,48,60,45,61,61,61,61,61,62,58,61,53,52,59,60,51,60,61,57,48,61,49,61,51,62,58,48,45,61,53,51,43,47,49,55,57,57,54,51
60,51,60,61,57,48,61,49,61,51,62,58,48,45,61,53,51,43,47,49,55,57,57,54,51,61,61,55,60,59,61,47,54,56,58,49,48,59,45,61,62,61,61,61,62,58,61,53,52,59,60,51,61,61,57,48,61,49,62,51,61,58,48,45,60,53,51,43,47,50,55,57,56,54,51
60,51,61,61,57,48,61,49,62,51,61,58,48,45,60,53,51,43,47,50,55,57,56,54,51,61,61,54,60,58,61,47,54,56,57,49,48,58,45,61,61,61,61,61,61,57,60,52,51,58,61,51,61,61,57,48,61,49,63,51,61,57,48,45,62,53,51,43,44,50,55,56,55,53,51
61,51,61,61,57,48,61,49,63,51,61,57,48,45,62,53,51,43,44,50,55,56,55,53,51,61,61,54,60,58,62,47,52,56,56,49,48,58,45,61,61,61,61,61,61,57,60,53,50,57,61,50,61,61,57,48,61,49,61,51,62,57,48,45,61,53,51,43,44,50,55,55,54,53,50
61,50,61,61,57,48,61,49,61,51,62,57,48,45,61,53,51,43,44,50,55,55,54,53,50,61,61,53,60,58,61,47,52,55,55,49,48,57,46,61,61,61,62,61,61,57,61,53,50,56,61,50,61,61,57,48,61,49,61,51,62,57,47,45,62,53,51,44,43,51,55,54,53,53,50
61,50,61,61,57,48,61,49,61,51,62,57,47,45,62,53,51,44,43,51,55,54,53,53,50,61,60,52,60,57,61,47,51,55,54,49,48,57,46,61,61,60,62,61,61,57,61,53,49,55,61,50,61,61,56,48,61,49,61,51,62,56,48,45,61,54,50,43,43,51,55,54,53,53,50
61,50,61,61,56,48,61,49,61,51,62,56,48,45,61,54,50,43,43,51,55,54,53,53,50,60,60,51,60,57,61,47,51,55,54,49,48,57,46,61,61,59,61,61,61,56,61,53,49,54,61,50,61,61,56,48,61,50,61,51,61,55,48,45,61,54,50,43,43,51,54,54,53,52,50
61,50,61,61,56,48,61,50,61,51,61,55,48,45,61,54,50,43,43,51,54,54,53,52,50,59,60,51,60,56,60,47,50,55,53,50,48,57,46,61,61,59,61,61,60,56,61,53,48,54,60,50,61,61,56,48,60,50,61,51,62,54,48,46,62,54,51,43,43,51,54,54,52,52,50
60,50,61,61,56,48,60,50,61,51,62,54,48,46,62,54,51,43,43,51,54,54,52,52,50,59,59,50,59,56,58,46,49,54,53,50,48,57,47,61,61,58,61,61,59,56,61,53,48,54,60,51,61,61,55,48,61,50,61,51,62,54,48,46,62,54,51,43,43,51,54,53,52,52,50
60,51,61,61,55,48,61,50,61,51,62,54,48,46,62,54,51,43,43,51,54,53,52,52,50,59,57,49,59,55,57,47,49,54,53,49,48,57,47,61,63,57,61,61,59,55,60,53,48,54,60,51,62,61,55,48,61,50,61,51,62,53,48,46,61,54,51,43,42,50,53,53,52,51,50
60,51,62,61,55,48,61,50,61,51,62,53,48,46,61,54,51,43,42,50,53,53,52,51,50,59,56,49,59,54,56,47,49,54,52,49,48,56,47,61,62,57,61,60,58,55,59,53,48,54,60,50,61,61,55,48,61,50,61,51,62,53,48,46,61,53,50,43,42,50,53,53,52,51,50
60,50,61,61,55,48,61,50,61,51,62,53,48,46,61,53,50,43,42,50,53,53,52,51,50,59,55,49,59,53,56,46,49,53,51,48,47,56,47,60,62,57,61,60,58,54,58,52,48,53,59,50,60,60,55,48,62,50,61,51,61,53,47,46,60,53,50,44,42,49,53,53,51,51,49
59,50,60,60,55,48,62,50,61,51,61,53,47,46,60,53,50,44,42,49,53,53,51,51,49,58,55,49,58,52,55,46,48,52,51,48,47,55,47,59,61,57,61,58,58,54,57,52,48,53,58,50,59,60,54,48,61,50,61,51,60,52,47,46,58,52,50,43,42,49,52,52,51,50,49
58,50,59,60,54,48,61,50,61,51,60,52,47,46,58,52,50,43,42,49,52,52,51,50,49,58,54,48,57,51,54,45,48,51,51,48,47,54,47,58,61,56,61,57,57,54,57,51,48,53,57,49,57,58,53,48,59,51,61,51,59,51,47,46,57,52,49,43,42,48,51,52,51,50,49
57,49,57,58,53,48,59,51,61,51,59,51,47,46,57,52,49,43,42,48,51,52,51,50,49,57,53,48,57,51,53,45,48,51,51,48,47,53,47,58,62,55,61,57,57,54,56,51,48,53,57,49,56,57,53,47,59,51,60,51,57,51,47,46,56,50,49,43,42,48,50,51,51,50,49
57,49,56,57,53,47,59,51,60,51,57,51,47,46,56,50,49,43,42,48,50,51,51,50,49,57,52,48,56,51,52,45,48,51,51,48,47,53,47,57,61,55,61,56,56,54,56,51,48,52,55,49,55,56,52,48,58,50,58,51,57,51,48,46,54,50,49,44,42,48,50,51,51,50,49
55,49,55,56,52,48,58,50,58,51,57,51,48,46,54,50,49,44,42,48,50,51,51,50,49,56,52,48,55,50,51,45,48,51,50,48,47,52,47,56,61,55,60,55,56,54,55,51,48,52,55,49,55,55,52,48,57,51,58,51,56,51,48,46,52,49,49,44,42,47,49,51,51,50,49
55,49,55,55,52,48,57,51,58,51,56,51,48,46,52,49,49,44,42,47,49,51,51,50,49,56,52,48,55,50,51,45,48,51,51,48,47,52,47,56,60,55,59,55,56,54,55,51,48,52,54,49,54,53,51,48,57,51,57,51,55,51,48,47,51,49,49,44,42,47,49,51,51,50,49
54,49,54,53,51,48,57,51,57,51,55,51,48,47,51,49,49,44,42,47,49,51,51,50,49,56,51,48,55,50,51,45,48,51,51,49,47,51,47,55,60,54,58,55,56,54,55,51,48,51,54,49,53,53,51,48,56,51,57,51,54,51,48,47,51,49,49,45,42,47,49,51,51,50,49
54,49,53,53,51,48,56,51,57,51,54,51,48,47,51,49,49,45,42,47,49,51,51,50,49,55,51,48,55,50,50,45,48,51,51,49,48,51,48,54,59,54,58,54,56,54,55,51,48,51,53,49,53,52,51,48,56,51,56,51,54,51,49,47,50,49,49,45,42,47,49,51,51,50,50
53,49,53,52,51,48,56,51,56,51,54,51,49,47,50,49,49,45,42,47,49,51,51,50,50,55,51,49,55,50,50,45,48,51,51,49,48,51,48,54,59,54,58,54,55,54,55,51,49,51,53,50,53,52,50,49,55,52,56,51,53,50,49,47,49,49,50,45,43,47,49,51,51,50,50
53,50,53,52,50,49,55,52,56,51,53,50,49,47,49,49,50,45,43,47,49,51,51,50,50,55,51,49,55,50,50,45,48,51,51,50,48,51,48,53,58,54,58,54,55,54,55,51,49,51,53,50,53,52,50,49,55,52,55,52,53,51,49,47,49,49,50,45,43,47,49,52,51,51,50
53,50,53,52,50,49,55,52,55,52,53,51,49,47,49,49,50,45,43,47,49,52,51,51,50,55,51,49,55,50,50,45,48,51,52,50,49,50,49,53,58,54,57,54,55,54,55,51,49,52,53,50,53,52,50,49,55,52,55,52,52,51,50,47,48,49,50,46,43,47,49,52,51,51,50
53,50,53,52,50,49,55,52,55,52,52,51,50,47,48,49,50,46,43,47,49,52,51,51,50,55,52,49,55,51,50,46,49,52,52,50,49,50,49,52,58,54,57,54,55,54,55,52,49,52,53,50,53,52,50,49,55,53,55,52,51,51,50,47,48,49,50,46,43,48,50,52,52,51,51
53,50,53,52,50,49,55,53,55,52,51,51,50,47,48,49,50,46,43,48,50,52,52,51,51,55,52,50,55,51,50,46,49,52,52,51,49,49,49,52,58,54,57,54,56,54,55,52,50,52,53,51,53,52,51,50,55,53,54,53,51,51,50,47,47,50,51,47,43,48,50,52,52,51,51
53,51,53,52,51,50,55,53,54,53,51,51,50,47,47,50,51,47,43,48,50,52,52,51,51,55,52,50,55,51,51,46,49,52,53,51,49,49,50,51,58,54,57,54,56,55,55,52,50,52,53,51,53,52,51,50,55,53,54,53,50,51,51,47,47,50,51,47,42,48,50,52,52,52,52
53,51,53,52,51,50,55,53,54,53,50,51,51,47,47,50,51,47,42,48,50,52,52,52,52,56,52,50,55,51,51,47,50,53,53,51,49,49,50,51,57,54,57,55,56,55,55,53,50,52,53,51,54,52,51,51,54,54,53,53,50,51,51,47,47,50,52,48,42,48,50,53,52,52,52
53,51,54,52,51,51,54,54,53,53,50,51,51,47,47,50,52,48,42,48,50,53,52,52,52,56,52,51,56,51,51,47,50,53,53,52,49,48,51,51,57,54,58,55,56,55,55,53,51,53,53,52,54,52,51,51,54,54,53,54,50,51,52,47,46,50,52,48,42,48,51,53,53,53,53
53,52,54,52,51,51,54,54,53,54,50,51,52,47,46,50,52,48,42,48,51,53,53,53,53,56,53,51,56,52,51,48,50,53,54,52,49,48,51,50,57,55,58,55,56,56,56,53,51,53,53,52,54,52,51,51,54,55,53,54,49,52,52,47,46,51,53,49,42,47,51,53,53,53,53
53,52,54,52,51,51,54,55,53,54,49,52,52,47,46,51,53,49,42,47,51,53,53,53,53,56,53,51,56,52,52,48,49,54,54,53,50,48,52,50,57,55,58,55,56,56,56,54,51,53,54,52,54,53,52,52,54,55,53,55,49,52,53,47,46,51,53,49,42,47,51,54,54,53,54
54,52,54,53,52,52,54,55,53,55,49,52,53,47,46,51,53,49,42,47,51,54,54,53,54,57,53,52,56,52,52,49,49,54,54,53,50,48,52,50,57,55,58,55,56,56,56,54,51,54,54,53,55,53,52,52,53,56,53,55,48,52,53,47,46,52,54,49,42,47,52,54,54,54,54
54,53,55,53,52,52,53,56,53,55,48,52,53,47,46,52,54,49,42,47,52,54,54,54,54,57,54,52,57,53,52,49,49,55,55,54,50,48,53,49,57,55,58,56,56,56,56,55,51,54,54,53,55,53,52,53,53,56,52,55,48,52,54,47,45,52,54,49,42,47,52,55,54,54,55
54,53,55,53,52,53,53,56,52,55,48,52,54,47,45,52,54,49,42,47,52,55,54,54,55,57,54,53,57,53,53,50,49,55,55,54,50,47,53,49,57,55,58,56,56,57,57,55,51,54,54,54,55,54,53,53,53,56,52,56,48,53,54,47,45,53,55,49,42,47,52,55,55,55,55
54,54,55,54,53,53,53,56,52,56,48,53,54,47,45,53,55,49,42,47,52,55,55,55,55,57,55,53,58,54,53,50,49,56,56,55,50,47,54,49,58,56,59,56,57,57,57,55,51,55,55,54,55,54,53,53,53,57,52,56,48,53,55,47,45,53,55,49,42,47,52,55,55,55,56
55,54,55,54,53,53,53,57,52,56,48,53,55,47,45,53,55,49,42,47,52,55,55,55,56,57,55,54,58,54,53,51,49,56,56,55,50,47,54,49,58,56,59,56,57,57,57,56,51,55,55,55,55,54,54,54,53,57,52,57,48,54,55,47,45,54,56,49,42,47,52,56,56,56,56
55,55,55,54,54,54,53,57,52,57,48,54,55,47,45,54,56,49,42,47,52,56,56,56,56,56,55,54,58,54,54,51,49,56,57,56,49,47,55,49,58,56,59,57,57,58,58,56,51,55,55,55,55,55,54,54,53,58,52,57,47,54,56,47,45,54,56,49,42,47,52,56,56,56,57
55,55,55,55,54,54,53,58,52,57,47,54,56,47,45,54,56,49,42,47,52,56,56,56,57,56,56,55,59,55,54,52,49,57,57,57,49,47,55,48,58,56,59,57,58,58,58,57,51,55,56,56,54,55,54,55,53,58,52,58,47,55,57,47,44,55,57,49,42,47,52,57,57,57,57
56,56,54,55,54,55,53,58,52,58,47,55,57,47,44,55,57,49,42,47,52,57,57,57,57,56,56,55,59,55,55,52,49,57,57,57,49,47,56,48,58,57,60,57,58,59,58,57,51,55,56,56,54,56,55,56,53,59,52,58,47,55,57,47,44,55,58,49,42,47,52,58,57,58,58
56,56,54,56,55,56,53,59,52,58,47,55,57,47,44,55,58,49,42,47,52,58,57,58,58,55,57,56,60,56,55,53,49,58,58,58,50,46,57,48,58,57,60,58,58,59,59,58,51,55,56,57,54,56,55,56,53,59,52,59,47,56,58,47,44,56,58,49,42,47,52,58,58,58,58
56,57,54,56,55,56,53,59,52,59,47,56,58,47,44,56,58,49,42,47,52,58,58,58,58,55,57,56,60,56,56,53,49,58,58,58,50,46,57,48,59,57,60,58,58,59,59,58,51,55,56,58,54,57,56,56,53,60,52,59,47,56,58,47,44,57,58,50,42,47,52,58,58,59,58
56,58,54,57,56,56,53,60,52,59,47,56,58,47,44,57,58,50,42,47,52,58,58,59,58,55,58,57,61,57,57,54,48,59,59,59,50,46,58,48,59,58,60,58,59,60,60,59,51,54,56,58,54,57,56,57,52,60,51,59,47,57,59,48,44,57,58,50,42,47,52,59,58,59,58
56,58,54,57,56,57,52,60,51,59,47,57,59,48,44,57,58,50,42,47,52,59,58,59,58,54,58,58,60,58,57,55,48,59,59,59,50,46,58,48,59,58,60,59,59,60,60,59,51,54,56,59,54,58,57,57,52,60,51,60,47,57,59,48,44,58,58,50,42,47,52,59,58,59,58
56,59,54,58,57,57,52,60,51,60,47,57,59,48,44,58,58,50,42,47,52,59,58,59,58,54,59,58,60,58,58,55,48,60,60,60,50,46,59,48,60,58,60,59,59,60,60,60,51,54,56,59,54,58,57,58,51,61,51,60,48,58,59,48,44,58,57,50,42,47,52,59,58,60,58
56,59,54,58,57,58,51,61,51,60,48,58,59,48,44,58,57,50,42,47,52,59,58,60,58,54,59,59,59,59,58,56,48,60,61,60,50,46,59,47,60,59,60,60,59,60,60,60,51,54,56,60,53,59,58,58,51,61,50,60,48,58,60,48,44,59,57,51,41,47,52,59,58,60,58
56,60,53,59,58,58,51,61,50,60,48,58,60,48,44,59,57,51,41,47,52,59,58,60,58,54,60,59,58,59,58,56,48,60,60,61,50,46,60,47,60,59,61,60,59,60,60,60,51,54,56,60,53,59,58,58,51,61,51,60,48,59,60,48,44,59,57,51,42,47,52,58,58,60,57
56,60,53,59,58,58,51,61,51,60,48,59,60,48,44,59,57,51,42,47,52,58,58,60,57,54,60,60,58,60,59,57,48,60,60,61,50,46,60,47,60,59,61,60,60,61,60,61,51,54,57,60,53,60,59,58,50,61,51,60,48,59,61,48,43,60,56,51,41,47,52,58,58,61,57
57,60,53,60,59,58,50,61,51,60,48,59,61,48,43,60,56,51,41,47,52,58,58,61,57,54,60,60,58,60,59,58,48,60,59,61,50,46,61,47,61,60,61,60,60,61,60,61,52,54,57,60,53,60,59,58,50,61,51,61,49,59,61,48,43,60,55,52,41,47,52,58,57,62,57
57,60,53,60,59,58,50,61,51,61,49,59,61,48,43,60,55,52,41,47,52,58,57,62,57,54,61,60,57,61,59,58,48,59,59,60,50,47,60,47,61,60,61,60,60,61,60,61,52,53,57,60,53,60,59,58,50,61,50,61,49,60,61,48,43,60,54,52,41,47,52,58,57,61,57
57,60,53,60,59,58,50,61,50,61,49,60,61,48,43,60,54,52,41,47,52,58,57,61,57,54,61,60,57,61,59,58,48,58,58,60,50,47,60,47,61,60,62,61,60,61,60,61,52,53,57,60,52,60,60,58,50,61,50,61,50,60,60,48,44,60,53,52,41,47,51,58,57,60,57
57,60,52,60,60,58,50,61,50,61,50,60,60,48,44,60,53,52,41,47,51,58,57,60,57,53,61,61,57,61,60,59,48,57,58,59,49,47,60,47,61,60,62,61,60,62,60,61,53,53,57,60,52,61,60,58,49,61,50,61,50,60,60,48,44,60,53,52,41,47,50,57,57,59,57
57,60,52,61,60,58,49,61,50,61,50,60,60,48,44,60,53,52,41,47,50,57,57,59,57,53,61,61,56,61,60,59,47,57,58,59,49,47,60,46,61,61,62,61,60,65,59,61,53,53,58,60,52,61,60,57,49,61,49,61,50,60,58,48,44,60,53,52,42,47,50,56,57,58,56
58,60,52,61,60,57,49,61,49,61,50,60,58,48,44,60,53,52,42,47,50,56,57,58,56,52,61,59,56,61,58,58,47,56,57,58,49,47,60,46,61,62,62,61,60,63,58,61,53,53,58,60,51,60,59,57,49,61,49,61,51,59,57,48,44,59,53,51,42,47,49,55,57,57,55
58,60,51,60,59,57,49,61,49,61,51,59,57,48,44,59,53,51,42,47,49,55,57,57,55,52,61,58,55,60,57,57,47,54,57,57,49,47,58,45,61,61,61,61,61,62,58,61,52,52,57,58,51,58,57,55,48,60,49,61,51,57,56,48,44,57,53,51,42,47,49,55,56,56,54
57,58,51,58,57,55,48,60,49,61,51,57,56,48,44,57,53,51,42,47,49,55,56,56,54,51,60,56,53,60,55,55,47,53,56,56,49,48,56,45,60,62,59,61,59,60,57,60,52,51,55,56,50,56,55,54,48,59,48,60,51,56,54,48,44,55,52,50,43,46,49,53,54,54,53
55,56,50,56,55,54,48,59,48,60,51,56,54,48,44,55,52,50,43,46,49,53,54,54,53,51,59,55,52,58,54,54,47,51,54,54,49,48,54,45,58,61,57,61,58,59,57,58,52,50,55,56,50,56,55,53,48,58,48,59,51,55,53,48,45,55,52,50,43,44,50,52,54,53,53
55,56,50,56,55,53,48,58,48,59,51,55,53,48,45,55,52,50,43,44,50,52,54,53,53,50,58,54,51,58,53,53,46,50,53,53,49,47,54,45,57,60,57,60,57,58,56,57,52,50,55,56,50,56,55,53,47,58,48,59,51,55,53,47,44,55,52,51,43,43,50,52,54,53,53
55,56,50,56,55,53,47,58,48,59,51,55,53,47,44,55,52,51,43,43,50,52,54,53,53,50,58,54,51,58,53,53,46,50,54,53,49,47,54,45,58,60,57,60,57,58,56,58,52,50,54,55,50,55,54,53,47,58,49,59,51,54,53,47,44,54,51,50,43,43,49,51,53,53,52
54,55,50,55,54,53,47,58,49,59,51,54,53,47,44,54,51,50,43,43,49,51,53,53,52,50,58,54,51,57,53,53,46,50,53,53,49,47,53,45,57,60,56,60,57,58,56,57,53,49,54,55,49,55,54,52,47,57,49,58,51,54,53,47,45,54,51,50,43,43,49,51,53,53,52
54,55,49,55,54,52,47,57,49,58,51,54,53,47,45,54,51,50,43,43,49,51,53,53,52,50,57,53,50,57,52,52,46,50,53,53,49,47,53,46,57,59,56,60,56,57,56,57,53,48,54,55,50,55,54,52,48,57,49,58,51,54,52,47,45,53,51,50,43,42,49,51,53,52,52
54,55,50,55,54,52,48,57,49,58,51,54,52,47,45,53,51,50,43,42,49,51,53,52,52,50,57,53,50,57,52,52,46,49,53,52,49,47,53,46,57,59,56,59,56,57,56,57,53,48,54,55,50,55,54,52,48,57,50,58,51,54,52,47,45,53,51,50,43,42,49,51,53,52,52
54,55,50,55,54,52,48,57,50,58,51,54,52,47,45,53,51,50,43,42,49,51,53,52,52,50,57,53,50,57,52,52,46,49,53,53,49,47,53,46,57,59,56,59,56,57,56,57,53,48,54,55,50,55,54,52,48,57,50,58,51,54,52,47,45,53,51,50,43,42,49,51,53,52,51
54,55,50,55,54,52,48,57,50,58,51,54,52,47,45,53,51,50,43,42,49,51,53,52,51,50,57,53,49,57,52,52,46,49,53,52,49,47,53,47,57,59,56,59,56,57,55,57,53,48,54,55,50,55,54,52,48,57,50,58,51,54,53,47,46,53,51,50,43,42,49,51,53,52,51
54,55,50,55,54,52,48,57,50,58,51,54,53,47,46,53,51,50,43,42,49,51,53,52,51,49,57,53,49,57,52,52,46,49,53,52,49,47,53,47,57,60,56,60,56,58,55,57,52,48,54,55,50,55,54,52,48,57,50,58,51,54,52,47,46,53,51,50,43,42,49,51,53,52,51
54,55,50,55,54,52,48,57,50,58,51,54,52,47,46,53,51,50,43,42,49,51,53,52,51,49,57,53,48,57,52,52,46,48,52,51,48,47,53,47,56,59,56,59,56,57,54,57,52,47,54,55,50,55,54,52,48,57,50,58,51,54,52,47,45,52,50,50,43,42,49,51,52,51,50
54,55,50,55,54,52,48,57,50,58,51,54,52,47,45,52,50,50,43,42,49,51,52,51,50,49,57,53,48,57,52,52,46,48,52,51,48,46,53,47,56,59,56,59,56,57,54,56,51,47,54,55,49,55,54,52,48,57,50,58,51,54,52,47,45,52,51,49,43,41,48,51,52,51,50
54,55,49,55,54,52,48,57,50,58,51,54,52,47,45,52,51,49,43,41,48,51,52,51,50,49,57,53,48,57,51,52,45,48,51,51,48,46,53,47,56,59,56,59,56,57,54,56,51,47,53,54,49,54,53,52,47,57,50,58,51,53,51,47,46,52,50,49,43,41,48,50,52,51,50
53,54,49,54,53,52,47,57,50,58,51,53,51,47,46,52,50,49,43,41,48,50,52,51,50,49,57,53,48,56,51,52,44,48,51,51,48,46,53,47,56,59,55,59,56,57,53,56,51,48,52,53,49,53,52,51,47,56,50,57,51,52,51,47,46,51,49,49,43,42,47,49,51,51,50
52,53,49,53,52,51,47,56,50,57,51,52,51,47,46,51,49,49,43,42,47,49,51,51,50,48,56,52,48,55,50,51,44,47,50,50,48,47,51,47,55,58,54,58,55,56,53,55,50,48,52,53,49,53,52,51,47,55,50,57,51,52,51,47,46,51,49,48,43,42,47,49,51,50,50
52,53,49,53,52,51,47,55,50,57,51,52,51,47,46,51,49,48,43,42,47,49,51,50,50,49,55,52,48,55,50,51,44,47,50,50,48,47,51,47,54,58,54,58,55,56,53,55,51,48,52,53,49,53,52,51,48,55,50,56,51,52,51,47,46,50,49,49,44,42,47,49,51,50,50
52,53,49,53,52,51,48,55,50,56,51,52,51,47,46,50,49,49,44,42,47,49,51,50,50,49,55,51,48,55,50,50,44,47,50,50,48,47,51,47,54,58,54,58,54,56,53,55,51,48,52,53,49,53,52,51,48,55,51,56,51,52,51,48,46,50,49,49,44,42,47,49,51,50,50
52,53,49,53,52,51,48,55,51,56,51,52,51,48,46,50,49,49,44,42,47,49,51,50,50,49,55,51,48,55,50,50,44,47,50,50,49,47,51,47,54,58,54,58,54,56,53,55,51,48,52,53,49,53,52,51,48,55,51,56,51,52,50,48,47,50,49,49,44,42,47,49,51,51,50
52,53,49,53,52,51,48,55,51,56,51,52,50,48,47,50,49,49,44,42,47,49,51,51,50,49,55,51,48,55,50,50,45,48,51,51,49,47,51,48,54,58,54,58,54,55,53,54,51,48,52,53,49,53,52,50,48,56,51,56,51,52,50,48,47,50,49,49,45,42,47,49,51,51,50
52,53,49,53,52,50,48,56,51,56,51,52,50,48,47,50,49,49,45,42,47,49,51,51,50,49,55,51,48,55,50,50,45,48,51,51,49,48,51,48,53,58,54,57,54,55,54,54,51,48,52,53,49,53,52,50,48,55,52,55,51,52,50,49,47,49,49,49,45,42,47,49,51,51,50
52,53,49,53,52,50,48,55,52,55,51,52,50,49,47,49,49,49,45,42,47,49,51,51,50,50,55,51,49,55,50,50,45,48,51,51,49,48,50,48,53,58,54,57,54,55,54,54,51,49,53,53,49,53,52,50,49,55,52,55,51,52,50,49,47,48,49,50,45,42,47,49,51,51,50
53,53,49,53,52,50,49,55,52,55,51,52,50,49,47,48,49,50,45,42,47,49,51,51,50,50,55,51,49,55,50,50,45,48,51,51,50,49,50,49,52,58,54,57,54,55,54,55,51,49,53,53,50,53,52,50,49,55,52,55,52,52,50,49,47,48,49,50,46,42,47,49,51,51,51
53,53,50,53,52,50,49,55,52,55,52,52,50,49,47,48,49,50,46,42,47,49,51,51,51,50,55,51,49,55,50,50,46,48,51,52,50,49,49,49,52,58,54,57,54,55,54,55,52,49,53,53,50,53,52,50,49,55,53,54,52,51,51,50,47,47,49,50,46,42,47,49,52,51,51
53,53,50,53,52,50,49,55,53,54,52,51,51,50,47,47,49,50,46,42,47,49,52,51,51,51,55,52,49,55,51,50,46,49,52,52,50,49,49,49,51,58,54,57,54,55,54,55,52,49,53,53,50,53,52,50,50,55,53,54,52,50,51,50,47,47,49,51,47,42,48,50,52,52,51
53,53,50,53,52,50,50,55,53,54,52,50,51,50,47,47,49,51,47,42,48,50,52,52,51,51,55,52,50,55,51,50,46,49,52,52,51,49,49,50,51,57,54,57,54,55,55,55,52,50,53,53,51,53,52,51,50,54,53,53,53,50,51,51,47,47,50,51,47,42,48,50,52,52,52
53,53,51,53,52,51,50,54,53,53,53,50,51,51,47,47,50,51,47,42,48,50,52,52,52,52,56,52,50,55,51,51,47,49,53,53,51,49,48,50,51,57,54,57,54,56,55,55,53,50,54,53,51,53,52,51,50,54,54,53,53,49,51,51,47,46,50,52,48,42,47,50,53,52,52
54,53,51,53,52,51,50,54,54,53,53,49,51,51,47,46,50,52,48,42,47,50,53,52,52,52,56,52,50,56,51,51,47,49,53,53,52,49,48,51,50,57,54,57,55,56,55,55,53,51,54,53,51,54,52,51,51,54,54,53,54,49,51,52,47,46,50,52,48,42,47,50,53,53,52
54,53,51,54,52,51,51,54,54,53,54,49,51,52,47,46,50,52,48,42,47,50,53,53,52,52,56,53,51,56,52,51,48,49,53,54,52,49,48,51,50,57,55,58,55,56,55,55,53,51,54,53,52,54,52,51,51,53,55,53,54,49,51,52,47,46,51,53,48,42,47,51,53,53,53
54,53,52,54,52,51,51,53,55,53,54,49,51,52,47,46,51,53,48,42,47,51,53,53,53,53,56,53,51,56,52,51,48,49,54,54,53,49,48,52,50,57,55,58,55,56,56,56,54,51,55,53,52,54,52,51,52,53,55,52,54,48,52,53,47,45,51,53,48,42,47,51,54,53,53
55,53,52,54,52,51,52,53,55,52,54,48,52,53,47,45,51,53,48,42,47,51,54,53,53,53,57,53,52,56,52,52,48,49,54,54,53,49,47,52,49,57,55,58,55,56,56,56,54,51,55,54,53,54,53,52,52,53,55,52,55,48,52,53,47,45,52,54,48,42,47,52,54,54,54
55,54,53,54,53,52,52,53,55,52,55,48,52,53,47,45,52,54,48,42,47,52,54,54,54,54,57,54,52,57,53,52,49,49,55,55,54,49,47,53,49,57,55,58,55,56,56,56,55,51,55,54,53,54,53,52,52,53,56,52,55,48,52,54,47,45,52,54,48,42,47,52,54,54,54
55,54,53,54,53,52,52,53,56,52,55,48,52,54,47,45,52,54,48,42,47,52,54,54,54,54,57,54,52,57,53,52,49,49,55,55,54,49,47,53,49,57,55,58,56,56,57,57,55,51,56,54,54,54,53,53,53,53,56,52,56,48,53,54,47,45,53,55,49,42,47,52,55,55,55
56,54,54,54,53,53,53,53,56,52,56,48,53,54,47,45,53,55,49,42,47,52,55,55,55,55,56,54,53,57,53,53,50,49,56,56,55,49,47,54,49,57,56,59,56,57,57,57,55,51,56,55,54,54,54,53,53,53,57,52,56,47,53,55,47,45,53,55,49,42,47,52,55,55,55
56,55,54,54,54,53,53,53,57,52,56,47,53,55,47,45,53,55,49,42,47,52,55,55,55,55,56,55,53,58,54,53,50,49,56,56,55,49,47,54,48,58,56,59,56,57,57,57,56,51,56,55,55,54,54,53,54,53,57,52,57,47,53,55,47,44,54,56,49,42,47,52,56,56,56
56,55,55,54,54,53,54,53,57,52,57,47,53,55,47,44,54,56,49,42,47,52,56,56,56,56,56,55,54,58,54,54,51,49,56,57,56,49,47,55,48,58,56,59,57,57,58,58,56,50,57,55,55,54,55,54,54,53,58,52,57,47,54,56,47,44,54,56,49,42,46,52,56,56,56
57,55,55,54,55,54,54,53,58,52,57,47,54,56,47,44,54,56,49,42,46,52,56,56,56,57,56,56,54,59,55,54,52,48,57,57,56,49,46,55,48,58,56,59,57,57,58,58,57,50,57,56,56,54,55,54,55,52,58,51,58,47,55,57,47,44,55,57,49,42,46,52,57,57,57
57,56,56,54,55,54,55,52,58,51,58,47,55,57,47,44,55,57,49,42,46,52,57,57,57,57,55,56,55,59,55,55,52,48,57,57,57,49,46,56,48,58,57,60,57,57,58,58,57,50,58,56,56,54,56,55,55,52,59,51,58,47,55,57,47,44,55,58,49,42,46,52,57,57,57
58,56,56,54,56,55,55,52,59,51,58,47,55,57,47,44,55,58,49,42,46,52,57,57,57,57,55,57,56,60,56,55,53,48,58,58,58,49,46,56,48,58,57,60,58,58,59,59,58,50,58,56,57,54,56,55,56,52,59,51,59,46,56,58,47,44,56,58,49,42,46,52,58,57,58
58,56,57,54,56,55,56,52,59,51,59,46,56,58,47,44,56,58,49,42,46,52,58,57,58,57,55,57,56,60,56,56,53,48,58,58,58,49,46,57,48,59,57,60,58,58,59,59,58,50,59,56,57,54,57,56,56,52,60,51,59,46,56,58,47,44,57,58,49,42,46,52,58,57,59
59,56,57,54,57,56,56,52,60,51,59,46,56,58,47,44,57,58,49,42,46,52,58,57,59,57,54,58,57,60,57,57,54,48,59,59,59,50,46,57,47,59,57,60,58,59,60,60,59,51,59,56,58,54,57,56,57,52,60,51,59,47,57,59,47,44,57,58,49,41,46,52,59,58,59
59,56,58,54,57,56,57,52,60,51,59,47,57,59,47,44,57,58,49,41,46,52,59,58,59,57,54,58,58,60,57,57,55,48,59,59,59,50,45,58,47,59,58,60,59,59,60,60,59,51,59,56,59,54,58,57,57,52,60,51,60,47,57,59,47,44,58,57,49,41,46,52,59,58,59
59,56,59,54,58,57,57,52,60,51,60,47,57,59,47,44,58,57,49,41,46,52,59,58,59,58,54,59,58,59,58,58,55,48,60,60,60,49,45,58,47,59,58,60,59,59,60,60,60,51,60,56,59,53,58,57,58,51,60,50,60,47,58,59,48,43,58,57,50,41,46,52,58,58,60
60,56,59,53,58,57,58,51,60,50,60,47,58,59,48,43,58,57,50,41,46,52,58,58,60,57,54,59,59,58,59,58,56,48,60,60,60,50,45,59,47,60,59,60,59,59,60,60,60,51,60,56,60,53,59,58,58,51,61,50,60,47,58,60,47,43,59,57,50,41,46,52,58,58,60
60,56,60,53,59,58,58,51,61,50,60,47,58,60,47,43,59,57,50,41,46,52,58,58,60,57,53,60,59,58,59,58,56,48,60,60,60,50,45,60,47,60,59,61,60,59,60,60,60,51,61,56,60,53,59,58,58,50,61,50,60,48,59,60,47,43,59,57,51,41,46,52,58,58,60
61,56,60,53,59,58,58,50,61,50,60,48,59,60,47,43,59,57,51,41,46,52,58,58,60,57,54,60,60,57,60,59,57,48,60,59,60,50,46,60,46,60,59,61,60,60,61,59,61,51,61,56,60,53,60,59,58,50,61,50,60,48,59,61,47,43,60,55,51,41,46,51,58,57,61
61,56,60,53,60,59,58,50,61,50,60,48,59,61,47,43,60,55,51,41,46,51,58,57,61,57,54,60,60,57,60,59,57,47,60,59,60,50,46,60,46,61,60,61,60,60,61,59,61,51,61,57,60,53,60,59,57,50,61,51,61,49,59,61,48,43,60,54,52,41,47,51,58,57,61
61,57,60,53,60,59,57,50,61,51,61,49,59,61,48,43,60,54,52,41,47,51,58,57,61,57,54,61,60,57,61,59,58,47,59,59,60,50,46,60,46,61,60,61,60,60,61,59,61,52,60,57,60,52,60,59,58,49,61,50,61,49,60,61,48,43,60,54,52,41,47,51,58,57,60
60,57,60,52,60,59,58,49,61,50,61,49,60,61,48,43,60,54,52,41,47,51,58,57,60,57,54,61,60,57,61,59,58,47,58,58,60,50,46,60,46,61,60,62,61,60,61,59,61,52,59,57,60,52,60,60,58,49,61,50,61,49,60,60,48,43,60,53,52,41,47,51,57,57,60
59,57,60,52,60,60,58,49,61,50,61,49,60,60,48,43,60,53,52,41,47,51,57,57,60,57,53,61,61,57,61,60,59,47,57,58,59,49,47,60,46,61,60,62,61,60,62,59,61,52,57,57,60,52,61,60,58,49,61,49,61,50,60,60,48,43,60,53,52,41,47,50,57,57,59
57,57,60,52,61,60,58,49,61,49,61,50,60,60,48,43,60,53,52,41,47,50,57,57,59,56,53,61,61,56,61,60,59,47,57,57,59,49,47,60,46,61,61,62,61,60,65,59,61,53,56,57,60,52,61,60,57,49,61,49,61,50,60,59,47,44,60,53,51,41,47,49,56,57,58
56,57,60,52,61,60,57,49,61,49,61,50,60,59,47,44,60,53,51,41,47,49,56,57,58,56,52,61,60,56,60,60,60,47,56,57,59,49,47,60,45,61,62,62,61,60,63,58,61,53,54,58,60,51,60,60,57,49,61,49,61,50,61,58,48,44,62,53,51,42,47,49,55,57,57
54,58,60,51,60,60,57,49,61,49,61,50,61,58,48,44,62,53,51,42,47,49,55,57,57,55,52,61,60,56,60,59,60,47,55,56,58,49,47,60,45,61,61,61,61,61,62,58,61,52,53,58,60,51,60,61,57,48,61,49,61,50,62,58,48,44,61,53,51,42,46,49,55,57,56
53,58,60,51,60,61,57,48,61,49,61,50,62,58,48,44,61,53,51,42,46,49,55,57,56,54,51,61,61,55,60,58,60,46,54,55,57,49,47,58,45,61,62,61,61,61,62,57,61,52,51,58,60,50,61,61,56,48,61,48,62,51,61,57,48,44,60,52,50,43,46,49,55,56,55
51,58,60,50,61,61,56,48,61,48,62,51,61,57,48,44,60,52,50,43,46,49,55,56,55,53,50,61,61,54,59,58,61,47,53,55,57,49,47,57,45,61,61,61,61,61,61,57,60,52,51,57,61,50,61,61,56,48,61,48,63,51,61,57,48,44,62,53,50,43,44,50,55,56,54
51,57,61,50,61,61,56,48,61,48,63,51,61,57,48,44,62,53,50,43,44,50,55,56,54,53,50,61,61,53,59,58,62,46,52,55,56,48,47,57,45,61,61,61,61,61,61,56,60,52,51,56,61,50,61,61,56,47,61,48,61,51,62,57,47,44,61,53,50,43,43,50,54,54,53
51,56,61,50,61,61,56,47,61,48,61,51,62,57,47,44,61,53,50,43,43,50,54,54,53,53,50,61,60,52,60,58,61,46,52,55,54,49,47,57,45,61,61,60,62,61,61,56,61,52,50,56,61,49,61,61,56,47,61,48,61,51,62,56,47,44,62,53,50,43,42,50,54,54,53
50,56,61,49,61,61,56,47,61,48,61,51,62,56,47,44,62,53,50,43,42,50,54,54,53,52,50,60,60,52,60,57,60,46,51,55,54,49,47,56,45,61,61,59,62,61,60,56,61,52,50,56,60,49,61,61,56,47,61,49,61,51,61,55,47,45,61,53,50,42,42,50,54,53,53
50,56,60,49,61,61,56,47,61,49,61,51,61,55,47,45,61,53,50,42,42,50,54,53,53,52,50,60,60,51,59,56,59,46,50,54,53,49,47,56,45,61,61,59,61,61,60,56,61,53,50,56,60,50,61,60,56,47,61,49,61,51,60,54,47,45,59,53,50,42,42,50,54,53,52
50,56,60,50,61,60,56,47,61,49,61,51,60,54,47,45,59,53,50,42,42,50,54,53,52,52,50,59,59,50,59,56,58,46,49,54,53,49,47,56,46,61,61,58,61,61,59,56,61,53,50,56,60,50,60,59,55,48,60,49,61,51,59,54,47,45,59,53,50,43,42,50,53,53,52
50,56,60,50,60,59,55,48,60,49,61,51,59,54,47,45,59,53,50,43,42,50,53,53,52,51,50,59,58,49,59,56,57,46,49,54,53,49,47,56,46,61,61,58,61,61,59,55,60,53,50,56,59,50,60,59,55,48,61,50,61,50,59,53,47,45,58,53,50,42,42,50,53,53,52
50,56,59,50,60,59,55,48,61,50,61,50,59,53,47,45,58,53,50,42,42,50,53,53,52,51,49,59,57,49,59,55,57,46,48,54,52,49,47,56,46,61,63,57,61,60,58,55,60,53,50,55,59,50,59,58,54,48,61,50,61,51,58,53,47,45,57,53,50,43,42,50,53,53,52
50,55,59,50,59,58,54,48,61,50,61,51,58,53,47,45,57,53,50,43,42,50,53,53,52,51,49,58,56,49,59,53,56,46,48,53,52,49,47,56,46,60,62,57,61,60,58,54,59,52,50,55,58,50,59,57,54,48,61,50,61,51,57,52,47,45,56,53,50,43,41,49,52,53,52
50,55,58,50,59,57,54,48,61,50,61,51,57,52,47,45,56,53,50,43,41,49,52,53,52,51,49,58,55,48,58,53,55,46,48,52,51,48,47,55,46,60,62,56,61,60,57,54,57,52,49,54,57,49,58,56,54,48,60,50,61,51,56,52,47,45,55,52,49,43,41,49,52,52,51
49,54,57,49,58,56,54,48,60,50,61,51,56,52,47,45,55,52,49,43,41,49,52,52,51,50,49,58,54,48,58,52,54,45,48,52,51,48,46,54,47,59,61,56,61,58,57,54,57,51,49,54,57,49,57,56,53,47,59,50,60,51,56,52,47,45,55,52,49,43,41,48,51,52,51
49,54,57,49,57,56,53,47,59,50,60,51,56,52,47,45,55,52,49,43,41,48,51,52,51,50,49,58,53,48,57,51,53,45,47,51,50,48,46,53,46,58,61,56,61,57,57,53,56,51,49,52,56,49,56,55,53,47,58,50,60,51,55,51,47,45,54,51,49,43,41,48,50,51,51
49,52,56,49,56,55,53,47,58,50,60,51,55,51,47,45,54,51,49,43,41,48,50,51,51,50,48,57,52,48,57,50,52,44,47,50,50,48,46,52,47,57,61,55,61,56,57,53,56,50,48,52,55,49,56,55,52,47,58,50,59,50,55,50,47,45,53,50,49,43,42,47,50,51,50
48,52,55,49,56,55,52,47,58,50,59,50,55,50,47,45,53,50,49,43,42,47,50,51,50,50,48,56,52,48,56,50,51,44,47,50,50,48,46,52,47,56,60,54,60,55,56,53,56,50,48,52,55,48,55,54,52,47,57,50,58,50,54,50,47,46,53,49,48,43,42,47,49,51,50
48,52,55,48,55,54,52,47,57,50,58,50,54,50,47,46,53,49,48,43,42,47,49,51,50,50,48,56,52,48,55,50,51,44,47,50,50,48,46,52,47,56,60,54,59,55,56,53,55,50,48,52,54,48,54,54,51,47,57,50,57,50,54,50,47,46,51,49,48,43,42,47,49,51,50
48,52,54,48,54,54,51,47,57,50,57,50,54,50,47,46,51,49,48,43,42,47,49,51,50,50,48,56,51,48,55,50,50,44,47,50,50,48,47,51,47,55,59,54,58,54,56,53,55,50,48,52,54,49,53,53,51,48,56,50,57,50,53,50,48,46,51,49,49,44,42,47,48,51,50
48,52,54,49,53,53,51,48,56,50,57,50,53,50,48,46,51,49,49,44,42,47,48,51,50,50,49,55,51,48,55,50,50,44,47,50,50,48,47,51,47,54,59,54,58,54,55,53,54,50,48,52,53,49,53,52,50,48,56,51,56,51,53,50,48,46,50,48,49,44,42,46,48,51,50
48,52,53,49,53,52,50,48,56,51,56,51,53,50,48,46,50,48,49,44,42,46,48,51,50,50,49,55,51,48,55,50,50,44,47,51,51,49,47,51,47,54,59,54,58,54,55,53,54,51,48,52,53,49,53,52,50,48,55,51,56,51,53,50,48,46,49,48,49,44,42,46,49,51,51
48,52,53,49,53,52,50,48,55,51,56,51,53,50,48,46,49,48,49,44,42,46,49,51,51,50,49,55,51,48,54,50,50,45,48,51,51,49,48,50,48,53,58,54,57,54,55,53,54,51,48,52,53,49,53,52,50,48,55,51,55,51,52,50,49,46,49,48,49,45,42,47,49,51,51
48,52,53,49,53,52,50,48,55,51,55,51,52,50,49,46,49,48,49,45,42,47,49,51,51,50,49,55,51,48,54,50,50,45,48,51,51,49,48,50,48,52,58,54,57,54,55,54,54,51,48,52,52,49,53,52,50,49,55,52,55,51,52,50,49,46,48,48,49,45,42,47,49,51,51
48,52,52,49,53,52,50,49,55,52,55,51,52,50,49,46,48,48,49,45,42,47,49,51,51,50,50,55,51,49,55,50,50,45,48,51,51,50,48,49,48,52,58,54,57,54,55,54,54,51,49,52,52,50,53,51,50,49,55,52,54,52,51,50,49,46,48,49,50,46,42,47,49,51,51
49,52,52,50,53,51,50,49,55,52,54,52,51,50,49,46,48,49,50,46,42,47,49,51,51,51,50,55,51,49,55,50,50,45,48,51,52,50,49,49,49,52,58,54,57,54,55,54,54,51,49,53,52,50,53,51,50,49,55,52,54,52,51,50,50,46,47,49,50,46,42,47,49,52,51
49,53,52,50,53,51,50,49,55,52,54,52,51,50,50,46,47,49,50,46,42,47,49,52,51,51,51,55,51,49,55,50,50,46,49,52,52,50,49,49,49,51,57,54,57,54,55,54,55,52,49,53,52,50,53,51,50,49,54,53,53,52,50,51,50,46,47,49,51,47,42,47,49,52,52
49,53,52,50,53,51,50,49,54,53,53,52,50,51,50,46,47,49,51,47,42,47,49,52,52,51,51,55,52,50,55,51,50,46,49,52,52,51,49,48,50,51,57,54,57,54,55,55,55,52,50,53,53,51,53,51,50,50,54,53,53,53,50,51,51,46,46,49,51,47,42,47,50,52,52
50,53,53,51,53,51,50,50,54,53,53,53,50,51,51,46,46,49,51,47,42,47,50,52,52,52,51,55,52,50,55,51,51,47,49,52,53,51,49,48,50,50,57,54,57,54,55,55,55,52,50,54,53,51,53,52,51,50,54,54,53,53,49,51,51,46,46,50,51,48,42,47,50,52,52
50,54,53,51,53,52,51,50,54,54,53,53,49,51,51,46,46,50,51,48,42,47,50,52,52,52,52,56,52,50,55,51,51,47,49,53,53,52,49,48,51,50,57,54,57,54,56,55,55,53,50,54,53,51,54,52,51,51,53,54,52,53,49,51,52,46,46,50,52,48,42,47,50,53,53
50,54,53,51,54,52,51,51,53,54,52,53,49,51,52,46,46,50,52,48,42,47,50,53,53,52,52,56,53,51,56,51,51,47,49,53,53,52,49,47,51,50,57,54,57,55,55,55,55,53,51,54,53,52,54,52,51,51,53,54,52,54,48,51,52,46,45,51,52,48,42,47,51,53,53
51,54,53,52,54,52,51,51,53,54,52,54,48,51,52,46,45,51,52,48,42,47,51,53,53,53,53,56,53,51,56,52,51,48,49,54,54,53,49,47,51,49,57,55,58,55,56,56,56,54,51,54,53,52,54,52,51,51,53,55,52,54,48,52,53,46,45,51,53,48,42,47,51,53,53
51,54,53,52,54,52,51,51,53,55,52,54,48,52,53,46,45,51,53,48,42,47,51,53,53,53,53,56,53,51,56,52,52,48,49,54,54,53,49,47,52,49,57,55,58,55,56,56,56,54,51,55,54,52,54,53,52,52,53,55,52,55,48,52,53,46,45,51,54,48,42,46,51,54,54
51,55,54,52,54,53,52,52,53,55,52,55,48,52,53,46,45,51,54,48,42,46,51,54,54,54,54,56,54,52,57,52,52,49,49,54,55,54,49,47,53,49,57,55,58,55,56,56,56,54,52,55,54,53,54,53,52,52,53,56,52,55,48,52,54,46,45,52,54,48,42,46,52,54,54
52,55,54,53,54,53,52,52,53,56,52,55,48,52,54,46,45,52,54,48,42,46,52,54,54,54,54,56,54,52,57,53,52,49,48,55,55,54,49,47,53,48,57,55,58,56,56,57,56,55,52,56,54,53,54,53,52,53,52,56,52,56,47,52,54,46,44,52,55,48,42,46,52,55,55
52,56,54,53,54,53,52,53,52,56,52,56,47,52,54,46,44,52,55,48,42,46,52,55,55,55,55,56,54,53,57,53,53,50,48,55,56,55,49,47,54,48,57,55,58,56,56,57,57,55,53,56,54,54,54,54,53,53,52,57,52,56,47,53,55,47,44,53,55,48,42,46,52,55,55
53,56,54,54,54,54,53,53,52,57,52,56,47,53,55,47,44,53,55,48,42,46,52,55,55,55,55,56,55,53,57,54,53,50,48,56,56,55,49,46,54,48,57,56,59,56,57,57,57,56,53,56,55,54,54,54,53,54,52,57,51,57,47,53,55,47,44,53,56,48,42,46,52,56,56
53,56,55,54,54,54,53,54,52,57,51,57,47,53,55,47,44,53,56,48,42,46,52,56,56,56,56,55,55,54,57,54,54,51,48,56,57,56,49,46,55,48,58,56,59,57,57,58,58,56,54,57,55,55,54,55,54,54,52,58,51,57,47,54,56,47,44,54,56,48,42,46,51,56,56
54,57,55,55,54,55,54,54,52,58,51,57,47,54,56,47,44,54,56,48,42,46,51,56,56,56,56,55,56,54,57,55,54,51,48,57,57,56,49,46,55,48,58,56,59,57,57,58,58,57,54,57,56,56,54,55,54,55,52,58,51,58,46,54,56,47,44,55,57,48,41,46,52,57,57
54,57,56,56,54,55,54,55,52,58,51,58,46,54,56,47,44,55,57,48,41,46,52,57,57,57,57,55,56,55,57,55,55,52,48,57,57,57,49,46,56,48,58,57,60,57,57,58,58,57,55,57,56,56,53,56,55,55,52,59,51,58,46,55,57,47,44,55,57,49,41,46,51,57,57
55,57,56,56,53,56,55,55,52,59,51,58,46,55,57,47,44,55,57,49,41,46,51,57,57,57,56,55,57,56,56,56,55,53,48,57,56,56,49,46,56,47,58,57,60,58,58,59,59,58,55,57,56,57,53,56,55,56,52,59,51,59,46,55,58,47,44,56,57,49,41,46,51,57,57
55,57,56,57,53,56,55,56,52,59,51,59,46,55,58,47,44,56,57,49,41,46,51,57,57,57,56,54,57,56,56,56,56,53,48,57,56,56,49,45,57,47,59,57,60,58,58,59,58,58,56,57,55,57,53,57,56,56,52,60,51,59,46,56,58,47,44,57,57,49,41,46,51,57,57
56,57,55,57,53,57,56,56,52,60,51,59,46,56,58,47,44,57,57,49,41,46,51,57,57,57,56,54,57,57,56,57,56,54,48,57,56,56,49,45,57,47,59,57,60,58,58,60,58,59,57,57,55,58,53,57,56,57,52,60,51,59,46,56,59,47,43,57,57,49,41,46,51,57,57
57,57,55,58,53,57,56,57,52,60,51,59,46,56,59,47,43,57,57,49,41,46,51,57,57,57,56,54,58,58,56,57,57,55,48,56,56,56,49,45,58,47,59,58,60,59,59,60,59,59,57,57,55,58,53,58,57,57,51,60,50,60,47,57,59,47,43,58,56,49,41,46,51,57,57
57,57,55,58,53,58,57,57,51,60,50,60,47,57,59,47,43,58,56,49,41,46,51,57,57,56,56,53,59,58,55,58,57,55,47,56,56,56,49,45,58,47,59,58,60,59,59,60,59,59,58,56,56,59,53,58,57,57,51,60,50,60,47,57,59,47,43,58,56,50,41,46,51,57,57
58,56,56,59,53,58,57,57,51,60,50,60,47,57,59,47,43,58,56,50,41,46,51,57,57,56,56,53,59,58,55,59,57,56,47,56,56,56,49,45,59,47,60,58,60,59,59,60,59,60,58,56,56,59,53,59,58,57,50,61,50,60,47,58,59,47,43,59,56,50,41,46,51,56,57
58,56,56,59,53,59,58,57,50,61,50,60,47,58,59,47,43,59,56,50,41,46,51,56,57,56,56,53,60,58,55,59,57,56,47,56,56,56,49,45,59,46,60,59,61,60,59,60,59,60,59,56,56,60,52,59,58,57,50,61,50,60,47,59,58,47,43,59,56,50,41,46,51,56,57
59,56,56,60,52,59,58,57,50,61,50,60,47,59,58,47,43,59,56,50,41,46,51,56,57,56,56,53,60,57,55,60,57,57,47,56,56,56,50,45,58,46,60,59,61,60,59,61,59,60,59,55,56,60,52,59,58,57,49,61,50,60,48,59,57,47,43,59,55,51,41,46,51,55,57
59,55,56,60,52,59,58,57,49,61,50,60,48,59,57,47,43,59,55,51,41,46,51,55,57,56,55,53,60,57,54,60,56,57,47,55,56,56,49,46,58,46,60,60,60,60,60,61,59,60,59,55,56,59,52,58,58,57,49,61,50,61,48,59,57,47,42,59,54,51,40,46,51,55,56
59,55,56,59,52,58,58,57,49,61,50,61,48,59,57,47,42,59,54,51,40,46,51,55,56,56,55,53,61,57,54,60,56,57,47,55,56,56,49,46,57,46,60,60,60,60,60,61,59,60,60,54,57,59,52,58,57,57,49,61,50,61,49,59,57,47,43,59,54,51,41,46,51,55,56
60,54,57,59,52,58,57,57,49,61,50,61,49,59,57,47,43,59,54,51,41,46,51,55,56,56,55,53,61,57,54,60,56,56,47,54,56,56,49,46,57,46,60,60,60,61,60,61,59,60,60,54,56,59,52,58,57,57,49,61,50,61,49,59,56,47,43,59,53,52,40,46,50,55,56
60,54,56,59,52,58,57,57,49,61,50,61,49,59,56,47,43,59,53,52,40,46,50,55,56,56,55,52,61,57,54,60,56,56,47,54,56,56,49,46,57,46,60,60,60,61,60,61,59,60,60,53,57,58,52,58,57,56,49,60,49,61,49,58,56,47,43,58,53,51,41,46,50,54,56
60,53,57,58,52,58,57,56,49,60,49,61,49,58,56,47,43,58,53,51,41,46,50,54,56,56,55,52,60,56,53,60,55,55,47,53,56,56,49,46,57,45,60,61,59,61,59,61,58,60,60,53,57,58,51,58,57,56,48,60,49,61,50,58,55,47,43,58,53,51,41,46,49,54,56
60,53,57,58,51,58,57,56,48,60,49,61,50,58,55,47,43,58,53,51,41,46,49,54,56,56,55,52,60,56,53,60,55,55,46,53,56,55,48,46,57,45,60,62,59,61,59,60,57,60,60,53,57,58,51,58,57,56,48,60,48,61,50,58,56,47,43,58,52,51,41,46,49,55,56
60,53,57,58,51,58,57,56,48,60,48,61,50,58,56,47,43,58,52,51,41,46,49,55,56,56,55,51,60,56,53,60,55,55,46,53,56,56,49,47,56,45,60,61,59,61,59,60,57,60,60,52,57,58,50,58,57,55,47,60,48,61,50,58,56,47,44,57,52,50,42,46,48,54,56
60,52,57,58,50,58,57,55,47,60,48,61,50,58,56,47,44,57,52,50,42,46,48,54,56,56,54,51,60,57,53,60,55,55,46,53,55,56,49,47,56,44,60,62,59,61,59,61,57,60,61,51,57,58,50,58,57,55,47,60,48,61,50,57,55,48,44,57,52,50,42,46,49,54,56
61,51,57,58,50,58,57,55,47,60,48,61,50,57,55,48,44,57,52,50,42,46,49,54,56,55,53,50,60,56,53,59,55,55,46,52,55,55,48,47,56,44,60,61,59,61,59,60,56,60,60,50,56,57,49,57,56,54,47,59,48,60,50,56,54,47,44,56,52,50,42,43,49,53,55
60,50,56,57,49,57,56,54,47,59,48,60,50,56,54,47,44,56,52,50,42,43,49,53,55,54,52,50,59,55,52,59,54,54,46,51,54,54,48,47,55,44,59,61,58,61,58,59,56,59,60,50,56,57,49,57,56,54,47,59,48,60,50,56,54,47,44,56,52,50,43,43,50,53,54
60,50,56,57,49,57,56,54,47,59,48,60,50,56,54,47,44,56,52,50,43,43,50,53,54,53,52,50,59,55,52,59,54,54,46,51,55,54,48,47,55,45,59,61,58,62,58,59,56,59,60,50,56,57,49,57,56,54,47,59,48,60,51,56,54,47,44,56,53,50,43,42,50,53,53
60,50,56,57,49,57,56,54,47,59,48,60,51,56,54,47,44,56,53,50,43,42,50,53,53,53,52,49,59,55,51,59,54,54,46,51,54,54,48,47,55,45,59,61,58,61,58,59,56,59,58,49,55,55,49,56,54,53,47,58,48,59,51,55,53,47,44,54,51,50,42,42,49,51,53
58,49,55,55,49,56,54,53,47,58,48,59,51,55,53,47,44,54,51,50,42,42,49,51,53,52,52,49,58,54,50,58,53,53,46,50,53,53,49,47,54,45,57,60,57,60,57,58,56,57,57,49,53,54,49,54,53,52,47,57,49,58,51,53,52,47,45,53,50,50,42,42,48,50,52
57,49,53,54,49,54,53,52,47,57,49,58,51,53,52,47,45,53,50,50,42,42,48,50,52,52,51,49,57,53,50,56,52,52,46,49,52,52,49,47,52,45,56,59,55,59,56,57,55,56,57,49,53,54,49,54,53,51,47,56,49,57,51,53,51,47,45,52,50,50,42,42,48,50,52
57,49,53,54,49,54,53,51,47,56,49,57,51,53,51,47,45,52,50,50,42,42,48,50,52,52,51,49,56,52,49,56,51,51,45,48,51,51,49,47,52,46,56,58,55,58,55,56,54,56,56,49,53,53,49,53,52,51,47,56,49,57,50,52,51,47,45,51,49,49,42,42,47,49,51
56,49,53,53,49,53,52,51,47,56,49,57,50,52,51,47,45,51,49,49,42,42,47,49,51,51,50,49,56,52,48,55,51,51,45,48,51,51,48,47,51,46,55,58,55,58,55,56,54,55,56,48,52,53,49,53,52,50,47,55,50,56,50,52,50,47,45,50,49,49,42,41,47,49,51
56,48,52,53,49,53,52,50,47,55,50,56,50,52,50,47,45,50,49,49,42,41,47,49,51,51,50,49,55,51,48,55,50,50,44,47,50,50,48,46,51,46,54,57,54,57,54,55,53,55,55,48,52,52,48,52,51,50,47,55,50,56,50,51,50,47,45,50,48,48,43,41,46,48,50
55,48,52,52,48,52,51,50,47,55,50,56,50,51,50,47,45,50,48,48,43,41,46,48,50,50,49,48,55,51,48,54,50,50,44,47,50,50,47,46,50,46,54,57,54,57,54,55,53,54,55,48,52,52,48,52,51,50,47,55,50,56,50,51,50,47,45,50,48,48,43,41,46,48,50
55,48,52,52,48,52,51,50,47,55,50,56,50,51,50,47,45,50,48,48,43,41,46,48,50,50,49,48,55,51,48,54,50,50,44,47,50,50,47,46,50,46,54,57,54,57,54,55,53,54,55,48,52,52,48,52,51,50,47,55,50,56,50,51,50,47,45,50,48,48,43,41,46,48,50
55,48,52,52,48,52,51,50,47,55,50,56,50,51,50,47,45,50,48,48,43,41,46,48,50,50,49,48,55,51,48,54,50,50,44,47,50,50,47,46,50,46,54,57,54,57,54,55,53,54,55,48,52,52,48,52,51,50,47,55,50,56,50,51,50,47,45,50,48,48,43,41,46,48,50
55,48,52,52,48,52,51,50,47,55,50,56,50,51,50,47,45,50,48,48,43,41,46,48,50,50,49,48,55,51,48,54,50,50,44,47,50,50,47,46,50,46,54,57,54,57,54,55,53,54,55,48,52,52,48,52,51,50,47,55,50,56,50,51,50,47,45,50,48,48,43,41,46,48,50
55,48,52,52,48,52,51,50,47,55,50,56,50,51,50,47,45,50,48,48,43,41,46,48,50,50,49,48,55,51,48,54,50,50,44,47,50,50,48,46,50,46,54,57,54,57,54,55,53,54,55,48,52,52,48,52,51,50,47,55,50,56,50,51,50,47,45,50,48,48,43,41,46,48,50
55,48,52,52,48,52,51,50,47,55,50,56,50,51,50,47,45,50,48,48,43,41,46,48,50,50,49,48,55,51,48,54,50,50,44,47,50,50,48,46,50,46,54,57,54,57,54,55,53,54,55,48,52,52,48,52,51,50,47,55,50,56,50,51,50,47,46,49,48,48,43,41,46,48,50
55,48,52,52,48,52,51,50,47,55,50,56,50,51,50,47,46,49,48,48,43,41,46,48,50,50,49,48,55,51,48,54,50,50,44,47,50,50,48,47,50,47,53,57,54,57,54,55,53,54,55,48,52,52,48,52,51,50,48,55,50,55,50,51,50,47,46,49,48,48,44,41,46,48,50
55,48,52,52,48,52,51,50,48,55,50,55,50,51,50,47,46,49,48,48,44,41,46,48,50,50,49,48,55,51,48,54,50,50,44,47,50,50,48,47,50,47,53,57,54,57,54,55,53,54,55,48,52,52,49,52,51,50,48,55,51,55,50,51,50,48,46,49,48,49,44,41,46,48,51
55,48,52,52,49,52,51,50,48,55,51,55,50,51,50,48,46,49,48,49,44,41,46,48,51,50,50,49,55,51,48,54,50,50,44,47,50,50,48,47,50,47,53,57,54,57,54,55,53,54,55,48,52,52,49,52,51,50,48,55,51,55,51,51,50,48,46,49,48,49,44,41,46,48,51
55,48,52,52,49,52,51,50,48,55,51,55,51,51,50,48,46,49,48,49,44,41,46,48,51,50,50,49,55,51,48,54,50,50,44,47,50,51,49,48,50,48,52,57,54,57,54,55,53,54,55,48,52,52,49,52,51,50,48,55,51,55,51,51,50,48,46,48,48,49,45,42,46,48,51
55,48,52,52,49,52,51,50,48,55,51,55,51,51,50,48,46,48,48,49,45,42,46,48,51,51,50,49,55,51,48,54,50,50,45,48,51,51,49,48,50,48,52,57,54,57,54,55,53,54,55,48,52,52,49,52,51,50,48,55,52,54,51,51,50,49,46,48,48,49,45,42,47,49,51
55,48,52,52,49,52,51,50,48,55,52,54,51,51,50,49,46,48,48,49,45,42,47,49,51,51,50,50,55,51,48,54,50,50,45,48,51,51,49,48,49,48,52,57,54,57,54,55,54,54,55,48,52,52,49,52,51,50,49,55,52,54,52,50,50,49,46,47,48,50,45,42,47,49,51
55,48,52,52,49,52,51,50,49,55,52,54,52,50,50,49,46,47,48,50,45,42,47,49,51,51,50,50,55,51,49,55,50,50,45,48,51,51,50,48,49,49,51,57,54,57,54,55,54,54,55,49,53,52,50,53,51,50,49,54,52,54,52,50,50,50,46,47,49,50,46,42,47,49,51
55,49,53,52,50,53,51,50,49,54,52,54,52,50,50,50,46,47,49,50,46,42,47,49,51,51,51,50,55,51,49,55,50,50,46,48,52,52,50,48,48,49,51,57,54,57,54,55,54,54,55,49,53,52,50,53,51,50,49,54,53,53,52,50,50,50,46,46,49,50,46,42,47,49,52
55,49,53,52,50,53,51,50,49,54,53,53,52,50,50,50,46,46,49,50,46,42,47,49,52,51,51,51,55,52,49,55,50,50,46,49,52,52,51,48,48,49,50,57,54,57,54,55,54,55,55,49,53,52,50,53,51,50,50,54,53,53,53,49,51,50,46,46,49,51,47,41,47,49,52
55,49,53,52,50,53,51,50,50,54,53,53,53,49,51,50,46,46,49,51,47,41,47,49,52,52,51,51,55,52,50,55,51,50,46,49,52,53,51,48,48,50,50,57,54,57,54,55,55,55,55,50,53,53,51,53,51,50,50,53,54,52,53,49,51,51,46,46,50,51,47,41,47,50,52
55,50,53,53,51,53,51,50,50,53,54,52,53,49,51,51,46,46,50,51,47,41,47,50,52,52,52,52,56,52,50,55,51,51,47,49,53,53,52,48,47,50,50,57,54,57,54,55,55,55,55,50,54,53,51,53,52,51,51,53,54,52,53,49,51,51,46,45,50,52,48,41,47,50,53
55,50,54,53,51,53,52,51,51,53,54,52,53,49,51,51,46,45,50,52,48,41,47,50,53,52,52,52,56,52,50,56,51,51,47,49,53,53,52,48,47,51,49,57,54,57,55,55,55,55,56,50,54,53,52,54,52,51,51,53,54,52,54,48,51,52,46,45,50,52,48,41,46,51,53
56,50,54,53,52,54,52,51,51,53,54,52,54,48,51,52,46,45,50,52,48,41,46,51,53,53,53,53,56,53,51,56,52,51,48,48,54,54,52,48,47,51,49,57,54,58,55,55,56,56,56,51,54,53,52,54,52,51,51,53,55,52,54,48,51,53,46,45,51,53,48,41,46,51,53
56,51,54,53,52,54,52,51,51,53,55,52,54,48,51,53,46,45,51,53,48,41,46,51,53,53,53,53,56,53,51,56,52,52,48,48,54,54,53,49,47,52,49,57,55,58,55,56,56,56,56,51,55,53,52,54,53,52,52,52,55,52,55,47,52,53,46,45,51,53,48,41,46,51,54
56,51,55,53,52,54,53,52,52,52,55,52,55,47,52,53,46,45,51,53,48,41,46,51,54,54,54,54,56,53,52,57,52,52,49,48,54,55,53,49,47,52,48,57,55,58,55,56,56,56,56,52,55,54,53,54,53,52,52,52,56,51,55,47,52,54,46,44,52,54,48,41,46,51,54
56,52,55,54,53,54,53,52,52,52,56,51,55,47,52,54,46,44,52,54,48,41,46,51,54,54,54,54,56,54,52,57,53,52,49,48,55,55,54,49,46,53,48,57,55,58,55,56,57,56,57,52,56,54,53,54,53,52,53,52,56,51,56,47,52,54,46,44,52,55,48,41,46,51,55
57,52,56,54,53,54,53,52,53,52,56,51,56,47,52,54,46,44,52,55,48,41,46,51,55,55,55,55,56,54,53,57,53,53,50,48,55,56,55,49,46,53,48,57,55,58,56,56,57,57,57,53,56,54,54,54,54,53,53,52,57,51,56,47,53,55,46,44,53,55,48,41,46,51,55
57,53,56,54,54,54,54,53,53,52,57,51,56,47,53,55,46,44,53,55,48,41,46,51,55,55,55,55,56,55,53,58,54,53,50,48,56,56,55,48,46,54,48,57,56,59,56,57,57,57,57,53,56,55,54,54,54,53,54,52,57,51,57,47,53,55,46,44,53,56,48,41,46,51,56
57,53,56,55,54,54,54,53,54,52,57,51,57,47,53,55,46,44,53,56,48,41,46,51,56,56,56,56,55,55,54,58,54,54,51,48,56,57,56,48,46,55,48,58,56,59,56,57,58,57,57,54,57,55,55,54,55,54,54,52,58,51,57,46,54,56,46,44,54,56,48,41,46,51,56
57,54,57,55,55,54,55,54,54,52,58,51,57,46,54,56,46,44,54,56,48,41,46,51,56,56,56,56,55,56,54,58,55,54,51,48,57,57,56,48,46,55,47,58,56,59,57,57,58,58,58,54,57,55,55,53,55,54,55,52,58,51,58,46,54,56,46,43,55,57,48,41,46,51,57
58,54,57,55,55,53,55,54,55,52,58,51,58,46,54,56,46,43,55,57,48,41,46,51,57,57,57,57,55,56,55,57,55,55,52,48,57,57,57,48,46,56,47,58,56,59,57,57,58,58,58,55,58,55,56,53,56,55,55,52,59,51,58,46,55,57,46,43,55,57,48,41,46,51,57
58,55,58,55,56,53,56,55,55,52,59,51,58,46,55,57,46,43,55,57,48,41,46,51,57,57,57,57,54,57,56,57,56,55,53,48,58,57,57,49,45,56,47,58,57,60,58,58,59,59,59,55,58,55,57,53,56,55,56,52,59,51,59,46,55,58,46,43,56,57,48,41,46,51,58
59,55,58,55,57,53,56,55,56,52,59,51,59,46,55,58,46,43,56,57,48,41,46,51,58,57,58,57,54,57,56,57,56,56,53,48,58,57,57,49,45,57,47,59,57,60,58,58,59,59,59,56,58,55,57,53,57,56,56,52,60,51,59,46,56,58,46,43,56,57,48,41,46,51,58
59,56,58,55,57,53,57,56,56,52,60,51,59,46,56,58,46,43,56,57,48,41,46,51,58,57,58,57,54,57,57,57,57,56,54,47,58,57,57,49,45,57,47,59,57,60,58,58,60,59,59,56,58,55,58,53,57,56,57,51,60,50,59,46,56,59,47,43,57,57,49,41,46,51,58
59,56,58,55,58,53,57,56,57,51,60,50,59,46,56,59,47,43,57,57,49,41,46,51,58,57,58,57,53,58,57,57,57,57,54,47,58,57,57,49,45,58,47,59,58,60,59,59,60,59,60,57,58,55,58,53,58,57,57,51,60,50,60,46,57,59,47,43,58,57,49,41,46,51,58
60,57,58,55,58,53,58,57,57,51,60,50,60,46,57,59,47,43,58,57,49,41,46,51,58,57,58,57,53,59,58,57,58,57,55,47,58,58,57,49,45,58,47,59,58,60,59,59,60,59,60,57,58,55,59,53,58,57,57,50,60,50,60,47,57,59,47,43,58,57,49,41,46,51,58
60,57,58,55,59,53,58,57,57,50,60,50,60,47,57,59,47,43,58,57,49,41,46,51,58,57,58,57,53,59,59,57,59,58,56,47,58,58,57,49,45,59,46,60,58,60,59,59,60,59,60,58,58,55,59,52,59,58,57,50,61,50,60,47,58,60,47,43,59,56,50,41,46,51,58
60,58,58,55,59,52,59,58,57,50,61,50,60,47,58,60,47,43,59,56,50,41,46,51,58,57,58,57,53,60,59,57,59,58,56,47,58,58,58,49,45,59,46,60,59,61,60,59,60,59,60,59,58,55,60,52,59,58,57,50,61,50,60,47,59,60,47,43,59,56,50,41,46,51,57
60,59,58,55,60,52,59,58,57,50,61,50,60,47,59,60,47,43,59,56,50,41,46,51,57,57,59,56,53,60,59,57,60,58,57,47,58,59,59,49,45,60,46,60,59,61,60,59,61,59,60,59,58,56,60,52,60,59,57,49,61,50,60,47,59,61,47,42,60,55,50,40,46,51,57
60,59,58,56,60,52,60,59,57,49,61,50,60,47,59,61,47,42,60,55,50,40,46,51,57,57,59,56,53,60,60,57,60,58,57,47,58,58,59,49,45,60,46,61,60,61,60,60,61,59,59,59,59,56,60,52,60,59,57,49,61,50,61,48,59,60,47,42,60,54,51,40,46,51,57
59,59,59,56,60,52,60,59,57,49,61,50,61,48,59,60,47,42,60,54,51,40,46,51,57,57,60,56,53,61,60,56,61,58,58,47,58,58,60,49,46,59,46,61,60,61,60,60,61,59,59,60,58,57,60,52,60,59,57,49,61,49,61,48,59,60,47,42,60,53,51,40,46,51,57
59,60,58,57,60,52,60,59,57,49,61,49,61,48,59,60,47,42,60,53,51,40,46,51,57,56,60,56,53,61,60,56,61,59,58,47,57,57,59,49,46,59,46,61,60,62,61,60,61,59,59,60,58,56,60,51,60,60,57,49,61,49,61,49,60,59,47,43,60,53,51,40,46,50,57
59,60,58,56,60,51,60,60,57,49,61,49,61,49,60,59,47,43,60,53,51,40,46,50,57,56,59,56,52,61,61,56,61,59,59,47,56,57,59,48,46,59,46,61,60,62,61,60,62,59,58,60,57,57,60,51,61,60,57,49,61,49,61,49,60,59,47,43,60,52,51,40,46,50,56
58,60,57,57,60,51,61,60,57,49,61,49,61,49,60,59,47,43,60,52,51,40,46,50,56,56,58,56,52,61,60,56,60,59,59,46,56,57,59,48,46,59,45,61,61,62,61,60,65,58,58,60,55,57,60,51,61,60,56,48,61,48,61,50,60,58,47,43,60,53,51,41,46,49,55
58,60,55,57,60,51,61,60,56,48,61,48,61,50,60,58,47,43,60,53,51,41,46,49,55,56,57,56,52,61,60,55,60,59,60,46,55,56,58,48,46,59,45,61,62,62,61,60,63,57,58,60,54,57,60,51,60,60,56,48,61,48,61,50,61,58,47,43,62,52,51,41,46,48,55
58,60,54,57,60,51,60,60,56,48,61,48,61,50,61,58,47,43,62,52,51,41,46,48,55,56,57,55,51,61,60,55,60,59,59,46,54,56,58,48,46,59,44,61,61,61,61,61,62,57,58,60,52,57,60,50,60,60,56,47,61,48,61,50,61,57,47,43,61,52,50,42,46,48,54
58,60,52,57,60,50,60,60,56,47,61,48,61,50,61,57,47,43,61,52,50,42,46,48,54,56,56,53,50,61,60,54,59,58,59,46,53,55,57,48,47,57,44,61,62,61,61,61,62,57,58,61,51,57,60,50,61,60,56,47,61,48,62,50,60,56,47,44,60,52,50,42,45,49,54
58,61,51,57,60,50,61,60,56,47,61,48,62,50,60,56,47,44,60,52,50,42,45,49,54,56,55,53,50,61,59,53,59,57,58,46,52,55,57,48,47,57,44,61,61,61,61,61,61,56,57,62,50,57,61,49,61,60,56,47,61,48,63,50,60,56,47,44,60,52,50,42,43,49,54
57,62,50,57,61,49,61,60,56,47,61,48,63,50,60,56,47,44,60,52,50,42,43,49,54,55,54,52,50,61,59,53,59,57,58,46,51,55,55,48,47,56,44,61,61,60,61,61,61,56,57,62,50,56,60,49,61,60,56,47,61,48,61,50,60,56,47,44,60,52,50,42,42,49,54
57,62,50,56,60,49,61,60,56,47,61,48,61,50,60,56,47,44,60,52,50,42,42,49,54,54,53,52,49,60,60,52,59,57,58,46,51,54,54,48,47,56,44,61,61,59,62,61,60,56,57,62,50,56,60,49,61,60,55,47,61,48,61,50,60,55,47,44,60,52,50,43,42,50,53
57,62,50,56,60,49,61,60,55,47,61,48,61,50,60,55,47,44,60,52,50,43,42,50,53,53,52,52,49,60,60,51,59,56,59,46,50,54,53,48,47,56,45,61,61,59,62,61,60,56,56,61,49,56,60,49,61,60,55,47,61,48,61,50,60,55,47,44,60,53,49,42,42,50,53
56,61,49,56,60,49,61,60,55,47,61,48,61,50,60,55,47,44,60,53,49,42,42,50,53,53,52,52,49,59,59,50,59,56,58,46,49,54,53,48,47,56,45,61,61,58,61,61,60,55,55,61,49,55,60,49,61,60,55,47,60,49,61,50,60,54,47,44,60,53,50,42,42,50,53
55,61,49,55,60,49,61,60,55,47,60,49,61,50,60,54,47,44,60,53,50,42,42,50,53,53,52,51,49,59,59,50,59,55,59,46,49,54,52,49,47,56,45,61,61,58,61,61,59,55,54,61,49,55,59,49,61,60,55,47,60,49,61,51,60,53,47,45,59,53,50,42,42,50,53
54,61,49,55,59,49,61,60,55,47,60,49,61,51,60,53,47,45,59,53,50,42,42,50,53,53,52,51,49,58,58,49,59,55,57,45,48,53,52,49,47,56,46,60,61,57,61,60,58,55,54,61,49,55,59,50,61,60,54,47,60,49,61,50,60,53,47,45,59,53,50,42,42,50,53
54,61,49,55,59,50,61,60,54,47,60,49,61,50,60,53,47,45,59,53,50,42,42,50,53,53,52,51,49,58,57,48,59,54,56,46,48,53,52,49,47,56,46,60,63,56,61,60,58,55,53,61,49,55,59,50,60,59,54,47,61,50,61,50,59,52,47,45,58,53,50,42,41,49,52
53,61,49,55,59,50,60,59,54,47,61,50,61,50,59,52,47,45,58,53,50,42,41,49,52,53,52,51,49,58,55,48,59,53,55,46,48,53,51,49,47,55,46,60,62,56,61,60,57,54,52,60,49,54,59,49,60,58,54,47,61,49,61,50,58,52,47,45,57,52,49,42,41,49,52
52,60,49,54,59,49,60,58,54,47,61,49,61,50,58,52,47,45,57,52,49,42,41,49,52,53,51,50,49,58,54,48,58,53,55,45,48,52,51,47,46,55,46,59,62,56,61,59,57,54,52,59,49,54,58,49,59,59,54,47,62,49,61,50,59,52,47,45,57,52,49,43,41,48,51
52,59,49,54,58,49,59,59,54,47,62,49,61,50,59,52,47,45,57,52,49,43,41,48,51,52,51,50,48,58,54,48,57,52,54,45,47,51,50,47,46,54,46,58,61,56,61,58,57,53,51,59,49,53,57,49,58,59,53,47,60,50,61,50,59,52,47,45,57,51,49,42,41,48,51
51,59,49,53,57,49,58,59,53,47,60,50,61,50,59,52,47,45,57,51,49,42,41,48,51,51,51,50,48,58,53,48,57,51,53,44,47,51,50,47,46,53,46,57,61,55,61,57,56,53,51,58,49,52,56,48,57,57,52,47,58,50,60,50,58,51,47,45,56,51,49,42,41,47,50
51,58,49,52,56,48,57,57,52,47,58,50,60,50,58,51,47,45,56,51,49,42,41,47,50,51,50,49,48,57,52,48,56,50,52,44,47,50,50,47,46,52,46,56,62,55,61,56,56,53,51,57,48,52,56,48,55,56,52,47,58,50,59,50,57,50,47,45,54,50,48,43,41,47,49
51,57,48,52,56,48,55,56,52,47,58,50,59,50,57,50,47,45,54,50,48,43,41,47,49,51,50,49,48,56,52,48,56,50,51,44,47,50,50,47,46,52,46,56,61,54,60,55,56,53,51,57,48,51,54,48,55,55,51,47,57,50,58,50,56,50,47,45,53,49,48,43,41,47,49
51,57,48,51,54,48,55,55,51,47,57,50,58,50,56,50,47,45,53,49,48,43,41,47,49,50,50,49,48,56,51,47,55,50,50,44,47,50,50,48,46,51,46,55,60,54,59,54,55,53,50,56,47,51,54,48,54,54,51,47,56,50,57,50,55,50,47,46,51,49,48,43,41,47,48
50,56,47,51,54,48,54,54,51,47,56,50,57,50,55,50,47,46,51,49,48,43,41,47,48,50,50,49,48,55,51,47,55,50,50,44,47,50,50,48,46,51,46,54,59,54,58,54,55,53,50,56,47,51,53,48,53,53,50,47,56,50,56,50,54,50,47,46,50,48,48,43,41,46,48
50,56,47,51,53,48,53,53,50,47,56,50,56,50,54,50,47,46,50,48,48,43,41,46,48,50,50,49,48,55,51,48,54,50,50,44,47,50,50,48,47,51,47,54,59,54,58,54,55,53,50,56,48,52,53,48,52,52,50,48,55,51,56,50,53,50,48,46,50,48,48,44,41,46,48
50,56,48,52,53,48,52,52,50,48,55,51,56,50,53,50,48,46,50,48,48,44,41,46,48,50,50,49,49,55,51,48,54,50,50,44,47,50,50,48,47,50,47,53,59,54,57,54,55,53,50,56,48,52,52,49,52,52,50,48,55,51,55,51,53,50,48,46,49,48,49,44,41,46,48
50,56,48,52,52,49,52,52,50,48,55,51,55,51,53,50,48,46,49,48,49,44,41,46,48,51,50,50,49,55,51,48,54,50,50,44,47,50,51,49,47,50,47,52,58,53,57,54,55,53,50,55,48,52,52,49,52,52,50,48,55,51,55,51,52,50,48,46,48,48,49,44,41,46,48
50,55,48,52,52,49,52,52,50,48,55,51,55,51,52,50,48,46,48,48,49,44,41,46,48,51,50,50,49,55,51,48,54,50,50,45,47,51,51,49,48,49,48,52,58,53,57,54,55,53,50,55,48,52,52,49,52,51,50,48,55,51,54,51,52,50,49,46,48,48,49,45,41,46,48
50,55,48,52,52,49,52,51,50,48,55,51,54,51,52,50,49,46,48,48,49,45,41,46,48,51,51,50,50,55,51,48,54,50,50,45,48,51,51,49,48,49,48,52,58,53,57,54,55,54,50,55,48,52,52,49,52,51,50,48,54,52,54,51,51,50,49,46,47,48,50,45,41,47,49
50,55,48,52,52,49,52,51,50,48,54,52,54,51,51,50,49,46,47,48,50,45,41,47,49,51,51,50,50,55,51,49,54,50,50,45,48,51,51,50,48,49,48,51,57,53,57,54,55,54,50,55,49,53,52,50,52,51,50,49,54,52,53,52,50,50,49,46,47,49,50,46,41,47,49
50,55,49,53,52,50,52,51,50,49,54,52,53,52,50,50,49,46,47,49,50,46,41,47,49,51,51,51,50,55,51,49,55,50,50,45,48,51,52,50,48,48,49,51,57,54,57,54,55,54,50,55,49,53,52,50,53,51,50,49,54,53,53,52,50,50,50,46,46,49,50,46,41,47,49
50,55,49,53,52,50,53,51,50,49,54,53,53,52,50,50,50,46,46,49,50,46,41,47,49,52,51,51,51,55,51,49,55,50,50,46,49,52,52,51,48,48,49,50,57,54,57,54,55,54,50,55,49,53,52,50,53,51,50,50,53,53,53,52,49,51,50,46,46,49,51,47,41,47,49
50,55,49,53,52,50,53,51,50,50,53,53,53,52,49,51,50,46,46,49,51,47,41,47,49,52,52,51,51,55,52,50,55,51,50,46,49,52,52,51,48,48,50,50,57,54,57,54,55,55,51,55,50,53,52,51,53,51,50,50,53,53,52,53,49,51,51,46,46,50,51,47,41,47,50
51,55,50,53,52,51,53,51,50,50,53,53,52,53,49,51,51,46,46,50,51,47,41,47,50,52,52,52,52,55,52,50,55,51,51,47,48,53,53,51,48,47,50,50,57,54,57,54,55,55,51,55,50,54,53,51,53,52,51,50,53,54,52,53,48,51,51,46,45,50,52,48,41,47,50
51,55,50,54,53,51,53,52,51,50,53,54,52,53,48,51,51,46,45,50,52,48,41,47,50,53,52,52,52,56,52,50,56,51,51,47,48,53,53,52,48,47,51,49,57,54,57,54,55,55,51,55,50,54,53,51,54,52,51,51,53,54,52,54,48,51,52,46,45,50,52,48,41,46,50
51,55,50,54,53,51,54,52,51,51,53,54,52,54,48,51,52,46,45,50,52,48,41,46,50,53,53,53,53,56,53,51,56,52,51,48,48,53,54,52,48,47,51,49,57,54,57,55,55,56,51,56,51,54,53,52,54,52,51,51,53,55,52,54,48,51,52,46,45,51,53,48,41,46,51
51,56,51,54,53,52,54,52,51,51,53,55,52,54,48,51,52,46,45,51,53,48,41,46,51,53,53,53,53,56,53,51,56,52,51,48,48,54,54,53,48,47,52,49,57,55,58,55,56,56,52,56,51,55,53,52,54,52,51,52,52,55,51,55,47,52,53,46,45,51,53,48,41,46,51
52,56,51,55,53,52,54,52,51,52,52,55,51,55,47,52,53,46,45,51,53,48,41,46,51,54,54,54,54,56,53,52,57,52,52,49,48,54,55,53,48,46,52,48,57,55,58,55,56,56,52,56,52,55,54,53,54,53,52,52,52,56,51,55,47,52,53,46,44,52,54,48,41,46,51
52,56,52,55,54,53,54,53,52,52,52,56,51,55,47,52,53,46,44,52,54,48,41,46,51,54,54,54,54,56,54,52,57,53,52,49,48,55,55,54,48,46,53,48,57,55,58,55,56,56,53,57,52,55,54,53,54,53,52,53,52,56,51,56,47,52,54,46,44,52,54,48,41,46,51
53,57,52,55,54,53,54,53,52,53,52,56,51,56,47,52,54,46,44,52,54,48,41,46,51,55,55,55,55,56,54,53,57,53,53,50,48,55,56,54,48,46,53,48,57,55,58,56,56,57,53,57,53,56,54,54,54,54,53,53,52,57,51,56,47,53,55,46,44,53,55,48,41,46,51
53,57,53,56,54,54,54,54,53,53,52,57,51,56,47,53,55,46,44,53,55,48,41,46,51,55,55,55,55,55,55,53,58,54,53,50,48,56,56,55,48,46,54,48,57,55,59,56,57,57,53,57,53,56,55,54,54,54,53,54,52,57,51,57,46,53,55,46,44,53,56,48,41,46,51
53,57,53,56,55,54,54,54,53,54,52,57,51,57,46,53,55,46,44,53,56,48,41,46,51,56,56,56,56,55,55,54,58,54,53,51,48,56,57,56,48,46,54,48,58,56,59,56,57,58,54,57,54,57,55,55,53,54,53,54,52,58,51,57,46,54,56,46,43,54,56,48,41,46,51
54,57,54,57,55,55,53,54,53,54,52,58,51,57,46,54,56,46,43,54,56,48,41,46,51,56,56,56,56,55,56,54,59,54,54,51,48,57,57,56,48,46,55,47,58,56,59,57,57,58,54,58,54,57,55,55,53,55,54,55,52,58,51,58,46,54,56,46,43,55,57,48,41,46,51
54,58,54,57,55,55,53,55,54,55,52,58,51,58,46,54,56,46,43,55,57,48,41,46,51,57,57,57,56,55,56,55,59,55,55,52,48,57,57,57,48,46,56,47,58,56,59,57,57,58,55,58,55,58,55,56,53,56,55,55,52,59,50,58,46,55,57,46,43,55,57,48,41,46,51
55,58,55,58,55,56,53,56,55,55,52,59,50,58,46,55,57,46,43,55,57,48,41,46,51,57,56,57,57,54,57,55,60,56,55,52,48,58,58,57,49,45,56,47,58,57,60,58,58,59,54,58,55,58,55,57,53,56,55,56,52,59,51,59,46,55,58,46,43,56,57,48,41,46,51
54,58,55,58,55,57,53,56,55,56,52,59,51,59,46,55,58,46,43,56,57,48,41,46,51,58,56,58,57,54,57,56,60,56,56,53,47,58,58,58,49,45,57,47,59,57,60,58,58,59,54,59,56,59,55,57,53,57,56,56,51,60,50,59,46,56,58,46,43,56,57,48,41,46,51
54,59,56,59,55,57,53,57,56,56,51,60,50,59,46,56,58,46,43,56,57,48,41,46,51,58,57,59,57,54,57,57,60,57,56,54,47,59,59,59,49,45,57,47,59,57,60,58,58,60,54,59,56,59,55,58,53,57,56,57,51,60,50,59,46,56,59,46,43,57,57,49,41,46,51
54,59,56,59,55,58,53,57,56,57,51,60,50,59,46,56,59,46,43,57,57,49,41,46,51,58,57,59,57,53,58,57,59,57,57,54,47,59,59,59,49,45,58,47,59,58,60,59,59,60,55,60,57,59,55,58,53,58,57,57,51,60,50,60,46,57,59,47,43,58,57,49,41,46,51
55,60,57,59,55,58,53,58,57,57,51,60,50,60,46,57,59,47,43,58,57,49,41,46,51,58,57,59,57,53,59,58,59,58,57,55,47,60,59,59,49,45,58,46,59,58,60,59,59,60,55,60,57,60,55,59,53,58,57,57,50,60,50,60,47,57,59,47,42,58,56,49,41,46,51
55,60,57,60,55,59,53,58,57,57,50,60,50,60,47,57,59,47,42,58,56,49,41,46,51,58,57,60,57,53,59,59,58,59,58,56,47,60,60,59,49,45,59,46,60,58,60,59,59,60,55,61,58,60,55,59,52,59,58,57,50,61,49,60,47,58,60,47,42,59,56,49,40,46,51
55,61,58,60,55,59,52,59,58,57,50,61,49,60,47,58,60,47,42,59,56,49,40,46,51,58,57,60,56,53,60,59,57,59,58,56,47,60,59,60,49,45,59,46,60,59,61,60,59,60,55,60,59,62,55,60,52,59,58,57,50,61,49,60,47,59,60,47,42,59,56,50,41,46,51
55,60,59,62,55,60,52,59,58,57,50,61,49,60,47,59,60,47,42,59,56,50,41,46,51,57,57,60,56,53,60,59,57,60,58,57,47,59,59,60,49,45,60,46,60,59,61,60,59,61,55,60,59,62,56,60,52,60,59,57,49,61,50,60,47,59,61,47,42,60,55,50,40,46,51
55,60,59,62,56,60,52,60,59,57,49,61,50,60,47,59,61,47,42,60,55,50,40,46,51,57,57,61,56,53,60,60,57,60,58,57,47,59,58,60,49,45,60,45,61,60,61,60,60,61,55,59,59,61,56,60,52,60,59,57,49,61,50,61,48,59,60,47,42,60,54,51,40,46,51
55,59,59,61,56,60,52,60,59,57,49,61,50,61,48,59,60,47,42,60,54,51,40,46,51,57,56,61,56,53,61,60,56,61,58,58,47,58,58,59,49,46,59,46,61,60,61,60,60,61,55,59,60,60,57,60,52,60,59,57,49,61,49,61,48,59,60,47,42,60,53,51,40,46,51
55,59,60,60,57,60,52,60,59,57,49,61,49,61,48,59,60,47,42,60,53,51,40,46,51,57,56,60,56,53,61,60,56,61,58,58,47,57,57,59,49,46,59,46,61,60,62,61,60,61,55,59,60,58,56,60,51,60,59,57,49,61,49,61,49,60,59,47,43,60,53,51,40,46,50
55,59,60,58,56,60,51,60,59,57,49,61,49,61,49,60,59,47,43,60,53,51,40,46,50,57,56,59,56,52,61,61,56,61,59,59,47,56,57,59,48,46,59,46,61,60,62,61,60,62,55,58,60,57,57,60,51,61,60,57,48,61,49,61,49,60,59,47,43,60,52,51,40,46,49
55,58,60,57,57,60,51,61,60,57,48,61,49,61,49,60,59,47,43,60,52,51,40,46,49,56,56,58,56,52,61,60,55,60,59,59,46,56,57,58,48,46,59,45,61,61,62,61,60,65,55,58,60,55,57,60,51,60,60,56,48,61,48,61,49,60,58,47,43,60,52,51,41,46,49
55,58,60,55,57,60,51,60,60,56,48,61,48,61,49,60,58,47,43,60,52,51,41,46,49,55,56,57,56,52,61,60,55,60,59,60,46,55,56,58,48,46,59,45,61,62,62,61,60,63,54,58,60,54,57,60,51,60,60,56,48,61,48,61,50,61,58,47,43,62,52,50,41,46,48
54,58,60,54,57,60,51,60,60,56,48,61,48,61,50,61,58,47,43,62,52,50,41,46,48,55,56,56,54,51,61,60,55,60,58,60,46,54,56,58,48,46,59,44,61,61,61,61,61,62,54,58,60,52,57,60,50,60,61,56,47,61,48,60,50,62,57,47,43,61,52,50,42,46,48
54,58,60,52,57,60,50,60,61,56,47,61,48,60,50,62,57,47,43,61,52,50,42,46,48,54,56,56,53,50,61,60,54,59,58,60,46,53,55,57,48,47,57,44,61,62,61,61,61,62,54,58,61,50,57,60,50,61,61,56,47,61,48,62,50,61,56,47,44,60,52,50,42,45,48
54,58,61,50,57,60,50,61,61,56,47,61,48,62,50,61,56,47,44,60,52,50,42,45,48,54,56,54,53,50,61,60,53,59,57,61,46,52,55,56,48,47,57,44,61,61,61,61,61,61,53,57,62,50,56,60,49,61,61,55,47,61,48,63,50,61,56,47,44,62,52,50,42,43,49
53,57,62,50,56,60,49,61,61,55,47,61,48,63,50,61,56,47,44,62,52,50,42,43,49,54,55,54,52,50,61,60,52,59,57,62,45,51,54,55,48,47,56,44,61,61,60,61,61,60,54,57,62,50,56,60,49,61,61,55,47,61,48,61,50,62,56,46,44,61,52,50,42,42,49
54,57,62,50,56,60,49,61,61,55,47,61,48,61,50,62,56,46,44,61,52,50,42,42,49,54,54,53,52,49,60,60,52,59,57,61,45,51,54,54,48,47,56,44,61,61,59,62,61,60,54,57,62,49,56,60,49,61,61,55,46,61,48,61,50,62,55,46,44,62,52,50,43,42,50
54,57,62,49,56,60,49,61,61,55,46,61,48,61,50,62,55,46,44,62,52,50,43,42,50,53,53,52,52,49,60,59,51,59,56,60,45,50,54,53,48,47,56,45,61,61,59,62,61,60,54,56,61,49,55,60,49,61,61,55,47,61,48,61,50,62,55,47,44,61,52,49,42,42,50
54,56,61,49,55,60,49,61,61,55,47,61,48,61,50,62,55,47,44,61,52,49,42,42,50,53,53,52,52,49,59,59,50,59,56,59,45,49,54,53,48,47,55,45,61,61,58,61,61,59,54,54,61,49,55,59,49,61,61,55,47,60,49,61,50,61,54,47,44,61,52,49,42,41,50
54,54,61,49,55,59,49,61,61,55,47,60,49,61,50,61,54,47,44,61,52,49,42,41,50,53,53,52,51,49,58,59,49,59,55,59,45,48,54,52,49,47,55,45,60,61,58,61,61,59,54,54,61,49,55,59,49,61,61,54,47,60,49,61,50,62,53,47,44,62,53,50,42,41,50
54,54,61,49,55,59,49,61,61,54,47,60,49,61,50,62,53,47,44,62,53,50,42,41,50,53,53,51,51,49,58,58,49,59,55,57,45,48,53,52,49,47,56,45,60,61,57,61,60,58,53,53,61,49,55,59,49,61,60,54,47,60,49,61,50,62,53,47,44,62,53,50,42,41,49
53,53,61,49,55,59,49,61,60,54,47,60,49,61,50,62,53,47,44,62,53,50,42,41,49,52,52,51,51,49,58,56,48,59,54,56,45,48,53,52,49,47,55,46,60,63,56,61,60,58,53,53,61,49,55,59,50,61,60,54,47,61,49,61,50,62,52,47,45,61,53,50,42,41,49
53,53,61,49,55,59,50,61,60,54,47,61,49,61,50,62,52,47,45,61,53,50,42,41,49,52,52,51,50,49,58,55,48,58,53,55,45,48,53,51,49,47,55,46,60,62,56,61,59,57,52,52,60,49,54,58,49,60,60,53,47,61,49,61,50,60,52,47,45,61,52,49,42,41,49
52,52,60,49,54,58,49,60,60,53,47,61,49,61,50,60,52,47,45,61,52,49,42,41,49,52,52,51,50,49,58,54,48,58,52,55,45,48,52,51,47,46,55,46,59,62,56,61,59,57,52,52,59,49,54,58,49,59,59,53,47,62,49,61,50,59,52,47,45,59,52,49,43,41,48
52,52,59,49,54,58,49,59,59,53,47,62,49,61,50,59,52,47,45,59,52,49,43,41,48,51,52,51,50,48,58,54,48,57,51,54,45,47,51,50,47,46,54,46,58,61,56,61,57,57,52,51,59,49,53,57,49,58,59,53,47,60,50,61,50,59,51,47,45,57,51,49,42,41,48
52,51,59,49,53,57,49,58,59,53,47,60,50,61,50,59,51,47,45,57,51,49,42,41,48,51,51,51,50,48,57,53,48,57,50,53,44,47,50,50,47,46,53,46,57,61,55,61,56,56,51,51,58,49,52,56,48,57,57,52,47,58,50,60,50,57,51,47,45,56,51,49,42,41,47
51,51,58,49,52,56,48,57,57,52,47,58,50,60,50,57,51,47,45,56,51,49,42,41,47,50,51,50,49,48,56,52,48,56,50,52,44,47,50,50,47,46,52,46,56,62,55,61,56,56,51,51,57,48,51,56,48,55,56,52,47,58,50,59,50,56,50,47,45,54,49,48,43,41,47
51,51,57,48,51,56,48,55,56,52,47,58,50,59,50,56,50,47,45,54,49,48,43,41,47,49,51,50,49,48,56,52,48,56,50,51,44,47,50,50,47,46,52,46,56,61,54,60,55,55,51,50,57,47,51,54,48,55,55,51,47,57,50,57,50,56,50,47,45,52,49,48,43,41,47
51,50,57,47,51,54,48,55,55,51,47,57,50,57,50,56,50,47,45,52,49,48,43,41,47,48,50,50,49,48,55,51,47,55,50,50,44,47,50,50,48,46,51,46,55,60,54,59,54,55,50,50,56,47,51,54,48,54,54,51,47,56,50,57,50,55,50,47,45,51,48,48,43,41,46
50,50,56,47,51,54,48,54,54,51,47,56,50,57,50,55,50,47,45,51,48,48,43,41,46,48,50,50,49,48,55,51,47,55,50,50,44,47,50,50,48,46,51,46,54,59,54,58,54,55,50,50,56,47,51,53,48,53,52,50,47,56,50,56,50,54,50,47,46,50,48,48,43,41,46
50,50,56,47,51,53,48,53,52,50,47,56,50,56,50,54,50,47,46,50,48,48,43,41,46,48,50,50,49,48,55,51,48,54,49,50,44,47,50,50,48,47,50,47,54,59,54,58,54,55,50,50,56,47,52,53,48,52,52,50,47,55,50,55,50,53,50,48,46,49,48,48,44,41,46
50,50,56,47,52,53,48,52,52,50,47,55,50,55,50,53,50,48,46,49,48,48,44,41,46,48,50,50,49,49,55,51,48,54,50,50,44,47,50,50,48,47,50,47,53,59,54,57,54,55,50,50,55,48,52,52,49,52,52,50,48,55,51,55,50,53,50,48,46,49,48,49,44,41,46
50,50,55,48,52,52,49,52,52,50,48,55,51,55,50,53,50,48,46,49,48,49,44,41,46,48,51,50,50,49,55,51,48,54,50,50,44,47,50,50,49,47,50,47,52,58,53,57,54,55,50,50,55,48,52,52,49,52,52,50,48,55,51,55,51,52,50,48,46,48,48,49,44,41,46
50,50,55,48,52,52,49,52,52,50,48,55,51,55,51,52,50,48,46,48,48,49,44,41,46,48,51,50,50,49,55,51,48,54,50,49,44,47,51,51,49,48,49,48,52,58,53,57,54,55,50,50,55,48,52,52,49,52,51,50,48,55,51,54,51,51,50,49,46,48,48,49,45,41,46
50,50,55,48,52,52,49,52,51,50,48,55,51,54,51,51,50,49,46,48,48,49,45,41,46,48,51,51,50,49,55,51,48,54,50,50,45,48,51,51,49,48,49,48,51,58,53,57,54,55,50,50,55,48,52,52,49,52,51,50,48,54,52,54,51,51,50,49,46,47,48,50,45,41,47
50,50,55,48,52,52,49,52,51,50,48,54,52,54,51,51,50,49,46,47,48,50,45,41,47,49,51,51,50,50,55,51,49,54,50,50,45,48,51,51,50,48,48,48,51,57,53,57,54,55,50,50,55,48,52,52,49,52,51,50,49,54,52,53,52,50,50,49,46,47,48,50,46,41,47
50,50,55,48,52,52,49,52,51,50,49,54,52,53,52,50,50,49,46,47,48,50,46,41,47,49,51,51,51,50,55,51,49,55,50,50,45,48,51,52,50,48,48,49,51,57,53,57,54,55,50,50,55,49,53,52,50,53,51,50,49,54,53,53,52,50,50,50,46,46,49,50,46,41,47
50,50,55,49,53,52,50,53,51,50,49,54,53,53,52,50,50,50,46,46,49,50,46,41,47,49,52,51,51,51,55,51,49,55,50,50,46,48,52,52,50,48,48,49,50,57,54,57,54,55,51,50,55,49,53,52,50,53,51,50,49,53,53,52,52,49,50,50,46,46,49,51,47,41,47
51,50,55,49,53,52,50,53,51,50,49,53,53,52,52,49,50,50,46,46,49,51,47,41,47,49,52,52,51,51,55,52,50,55,51,50,46,48,52,52,51,48,47,50,50,57,54,57,54,55,51,50,55,49,53,52,51,53,51,50,50,53,53,52,53,49,51,51,46,45,49,51,47,41,47
51,50,55,49,53,52,51,53,51,50,50,53,53,52,53,49,51,51,46,45,49,51,47,41,47,50,52,52,52,52,55,52,50,55,51,50,47,48,53,53,51,48,47,50,49,57,54,57,54,55,51,51,55,50,54,52,51,53,51,50,50,53,54,52,53,48,51,51,46,45,50,52,47,41,46
51,51,55,50,54,52,51,53,51,50,50,53,54,52,53,48,51,51,46,45,50,52,47,41,46,50,53,52,52,52,56,52,50,56,51,51,47,48,53,53,52,48,47,51,49,57,54,57,54,55,52,51,55,50,54,53,51,54,52,51,51,53,54,52,54,48,51,52,46,45,50,52,47,41,46
52,51,55,50,54,53,51,54,52,51,51,53,54,52,54,48,51,52,46,45,50,52,47,41,46,50,53,53,53,53,56,53,51,56,51,51,47,48,53,54,52,48,47,51,49,57,54,57,55,55,52,51,56,51,54,53,52,54,52,51,51,52,55,51,54,47,51,52,46,45,51,53,48,41,46
52,51,56,51,54,53,52,54,52,51,51,52,55,51,54,47,51,52,46,45,51,53,48,41,46,51,53,53,53,53,56,53,51,56,52,51,48,48,54,54,53,48,46,52,48,57,54,58,55,55,52,52,56,51,55,53,52,54,52,51,52,52,55,51,55,47,52,53,46,44,51,53,48,41,46
52,52,56,51,55,53,52,54,52,51,52,52,55,51,55,47,52,53,46,44,51,53,48,41,46,51,54,54,53,54,56,53,52,57,52,52,48,48,54,55,53,48,46,52,48,57,55,58,55,56,53,52,56,52,55,54,53,54,53,52,52,52,56,51,55,47,52,53,46,44,52,54,48,41,46
53,52,56,52,55,54,53,54,53,52,52,52,56,51,55,47,52,53,46,44,52,54,48,41,46,51,54,54,54,54,56,54,52,57,53,52,49,48,55,55,54,48,46,53,48,57,55,58,55,56,53,52,56,52,55,54,53,54,53,52,53,52,56,51,55,47,52,54,46,44,52,54,48,41,46
53,52,56,52,55,54,53,54,53,52,53,52,56,51,55,47,52,54,46,44,52,54,48,41,46,51,55,55,54,55,55,54,53,57,53,52,50,48,55,56,54,48,46,53,48,57,55,58,56,56,53,53,57,52,56,54,54,53,54,53,53,52,57,51,56,47,53,55,46,44,53,55,48,41,46
53,53,57,52,56,54,54,53,54,53,53,52,57,51,56,47,53,55,46,44,53,55,48,41,46,51,55,55,55,55,55,55,53,58,53,53,50,48,56,56,55,48,46,54,48,57,55,59,56,56,53,53,57,53,56,55,54,53,54,53,54,52,57,51,57,46,53,55,46,44,53,56,48,41,46
53,53,57,53,56,55,54,53,54,53,54,52,57,51,57,46,53,55,46,44,53,56,48,41,46,51,56,56,56,56,55,55,54,58,54,53,51,48,56,57,56,48,46,54,47,57,56,59,56,57,53,54,57,53,57,55,55,53,54,53,54,52,58,51,57,46,54,56,46,43,54,56,48,41,46
53,54,57,53,57,55,55,53,54,53,54,52,58,51,57,46,54,56,46,43,54,56,48,41,46,51,56,56,56,56,55,56,54,59,54,54,51,48,57,57,56,48,46,55,47,58,56,59,57,57,53,54,58,54,57,55,55,53,55,54,55,52,58,50,58,46,54,56,46,43,54,57,48,41,45
53,54,58,54,57,55,55,53,55,54,55,52,58,50,58,46,54,56,46,43,54,57,48,41,45,51,57,56,57,56,54,56,55,59,55,54,52,48,57,57,57,48,45,55,47,58,56,59,57,57,53,54,58,55,58,55,56,53,56,54,55,51,59,50,58,46,55,57,46,43,55,57,48,41,45
53,54,58,55,58,55,56,53,56,54,55,51,59,50,58,46,55,57,46,43,55,57,48,41,45,51,57,56,57,56,54,56,55,60,56,55,52,47,58,58,57,48,45,56,47,58,57,60,57,57,54,54,58,55,58,55,57,53,56,55,56,51,59,50,59,45,55,58,46,43,56,57,48,41,45
54,54,58,55,58,55,57,53,56,55,56,51,59,50,59,45,55,58,46,43,56,57,48,41,45,51,58,56,58,56,54,57,56,60,56,56,53,47,58,58,58,48,45,57,47,59,57,60,58,58,54,54,59,56,59,55,57,53,57,55,56,51,60,50,59,45,56,58,46,43,56,57,48,41,46
54,54,59,56,59,55,57,53,57,55,56,51,60,50,59,45,56,58,46,43,56,57,48,41,46,51,58,56,59,56,54,57,57,60,57,56,54,47,59,59,58,49,45,57,47,59,57,60,58,58,54,54,59,56,59,55,58,53,57,56,57,51,60,50,59,46,56,58,46,43,57,57,48,41,46
54,54,59,56,59,55,58,53,57,56,57,51,60,50,59,46,56,58,46,43,57,57,48,41,46,51,58,57,59,57,53,58,57,59,57,57,54,47,59,59,59,49,45,58,46,59,58,60,59,59,54,54,60,57,59,55,58,53,58,57,57,51,60,50,59,46,57,59,46,43,58,56,49,40,46
54,54,60,57,59,55,58,53,58,57,57,51,60,50,59,46,57,59,46,43,58,56,49,40,46,51,58,57,59,57,53,58,58,58,58,57,55,47,60,59,59,49,45,58,46,59,58,60,59,59,54,54,60,57,60,55,59,53,58,57,57,50,60,49,60,46,57,59,47,42,58,56,49,40,45
54,54,60,57,60,55,59,53,58,57,57,50,60,49,60,46,57,59,47,42,58,56,49,40,45,51,58,57,60,56,53,59,59,58,59,58,56,47,60,59,59,49,44,59,46,60,58,60,59,59,54,55,61,58,60,55,59,52,59,58,57,50,61,49,60,47,58,60,47,42,59,56,49,40,45
54,55,61,58,60,55,59,52,59,58,57,50,61,49,60,47,58,60,47,42,59,56,49,40,45,51,57,57,60,56,53,60,59,57,59,58,56,47,59,59,59,49,44,59,46,60,59,61,60,59,54,55,60,58,62,55,60,52,59,58,57,49,61,49,60,47,58,60,46,42,59,56,50,40,45
54,55,60,58,62,55,60,52,59,58,57,49,61,49,60,47,58,60,46,42,59,56,50,40,45,51,57,57,60,56,53,60,59,57,60,58,57,47,59,58,59,49,45,60,46,60,59,61,60,59,54,55,59,59,62,55,60,52,60,59,57,49,61,50,60,47,59,61,46,42,60,54,50,40,46
54,55,59,59,62,55,60,52,60,59,57,49,61,50,60,47,59,61,46,42,60,54,50,40,46,51,57,57,61,56,53,60,60,56,60,58,57,47,59,58,59,49,45,60,45,61,60,61,60,60,54,55,59,59,61,56,60,52,60,59,57,49,61,50,61,48,59,60,47,42,60,54,51,40,46
54,55,59,59,61,56,60,52,60,59,57,49,61,50,61,48,59,60,47,42,60,54,51,40,46,51,57,56,61,56,53,61,60,56,61,58,58,46,58,58,59,49,46,59,45,61,60,61,60,60,55,55,59,60,59,56,60,51,60,59,57,49,61,49,61,48,59,60,47,42,60,53,51,40,46
55,55,59,60,59,56,60,51,60,59,57,49,61,49,61,48,59,60,47,42,60,53,51,40,46,51,57,56,59,56,53,61,60,56,61,58,58,46,57,57,59,49,46,59,46,61,60,62,61,60,55,55,59,60,58,56,60,51,60,59,57,48,61,49,61,49,60,59,47,42,60,52,51,40,46
55,55,59,60,58,56,60,51,60,59,57,48,61,49,61,49,60,59,47,42,60,52,51,40,46,50,57,56,59,56,52,61,61,56,61,59,59,46,56,57,58,48,46,59,45,61,60,62,61,60,54,55,58,60,56,56,60,51,61,60,57,48,61,49,61,49,60,59,47,43,60,52,51,40,46
54,55,58,60,56,56,60,51,61,60,57,48,61,49,61,49,60,59,47,43,60,52,51,40,46,49,56,56,58,56,52,61,60,55,60,59,59,46,56,57,58,48,46,59,45,61,61,62,61,60,54,55,58,60,55,57,60,51,60,60,56,48,61,48,61,49,60,58,47,43,60,52,51,41,46
54,55,58,60,55,57,60,51,60,60,56,48,61,48,61,49,60,58,47,43,60,52,51,41,46,48,55,56,57,55,51,61,60,55,60,59,60,46,55,56,58,48,46,59,45,61,62,62,61,60,54,54,58,60,54,57,60,50,60,60,56,48,61,48,61,50,61,57,47,43,62,52,50,41,46
54,54,58,60,54,57,60,50,60,60,56,48,61,48,61,50,61,57,47,43,62,52,50,41,46,48,54,56,56,54,51,61,60,55,60,58,60,46,54,56,58,48,46,59,44,61,61,61,61,61,53,54,58,60,52,57,60,50,60,61,56,47,61,48,60,50,62,57,47,43,61,52,50,41,46
53,54,58,60,52,57,60,50,60,61,56,47,61,48,60,50,62,57,47,43,61,52,50,41,46,48,54,56,55,53,50,61,60,54,59,58,60,46,53,55,57,48,47,57,44,61,62,61,61,61,53,54,58,61,50,57,60,49,61,61,55,47,61,47,62,50,61,56,47,43,60,52,50,42,45
53,54,58,61,50,57,60,49,61,61,55,47,61,47,62,50,61,56,47,43,60,52,50,42,45,48,54,56,54,53,50,61,60,53,59,57,61,46,52,54,56,48,47,57,44,61,61,61,61,61,52,53,57,62,50,56,60,49,61,61,55,47,61,47,63,50,61,56,47,44,62,52,50,42,43
52,53,57,62,50,56,60,49,61,61,55,47,61,47,63,50,61,56,47,44,62,52,50,42,43,49,54,55,54,52,50,61,60,52,59,57,62,45,51,54,55,48,47,56,44,61,61,60,61,61,52,54,57,62,50,56,60,49,61,61,55,46,61,48,61,50,62,56,46,43,61,52,50,42,42
52,54,57,62,50,56,60,49,61,61,55,46,61,48,61,50,62,56,46,43,61,52,50,42,42,49,54,54,53,52,49,60,60,52,59,57,61,45,51,54,54,48,47,56,44,61,61,59,62,61,52,54,57,62,49,55,60,49,61,61,55,46,61,48,61,50,62,55,46,44,62,52,49,42,42
52,54,57,62,49,55,60,49,61,61,55,46,61,48,61,50,62,55,46,44,62,52,49,42,42,50,53,53,52,52,49,60,59,51,59,56,60,45,50,54,53,48,47,55,44,61,61,59,62,61,52,54,56,61,49,55,60,48,61,61,55,46,61,48,61,50,62,55,47,44,61,52,49,42,42
52,54,56,61,49,55,60,48,61,61,55,46,61,48,61,50,62,55,47,44,61,52,49,42,42,50,53,53,52,51,49,59,59,50,59,56,59,45,49,54,53,48,47,55,45,61,61,58,61,61,51,54,54,61,49,55,59,49,61,61,55,47,60,48,61,50,61,54,47,44,61,52,49,42,41
51,54,54,61,49,55,59,49,61,61,55,47,60,48,61,50,61,54,47,44,61,52,49,42,41,49,53,53,52,51,49,58,59,49,59,55,59,45,48,53,52,48,47,55,45,60,61,57,61,60,50,54,54,61,49,55,59,49,61,61,54,47,60,49,61,50,62,53,47,44,62,53,50,42,41
50,54,54,61,49,55,59,49,61,61,54,47,60,49,61,50,62,53,47,44,62,53,50,42,41,50,53,53,51,51,49,58,58,49,59,55,57,45,48,53,52,49,46,55,45,60,61,57,61,60,50,53,53,61,49,55,59,49,61,60,54,47,60,49,61,50,62,52,46,44,62,53,50,42,41
50,53,53,61,49,55,59,49,61,60,54,47,60,49,61,50,62,52,46,44,62,53,50,42,41,49,52,52,51,51,49,58,56,48,58,54,56,45,48,53,52,48,46,55,46,60,63,56,61,60,50,53,53,60,49,55,59,50,61,60,53,47,61,49,61,50,62,52,47,45,61,53,50,42,41
50,53,53,60,49,55,59,50,61,60,53,47,61,49,61,50,62,52,47,45,61,53,50,42,41,49,52,52,51,50,48,58,55,48,58,53,55,45,48,52,51,49,47,55,46,59,62,56,61,59,50,52,52,60,49,54,58,49,60,60,53,47,61,49,61,50,60,52,47,45,61,52,49,42,41
50,52,52,60,49,54,58,49,60,60,53,47,61,49,61,50,60,52,47,45,61,52,49,42,41,49,52,52,51,50,49,58,54,48,58,52,54,45,48,52,51,47,46,55,46,59,62,56,61,59,50,52,52,59,49,54,58,49,59,59,53,47,61,49,61,50,59,52,47,45,59,52,49,43,41
50,52,52,59,49,54,58,49,59,59,53,47,61,49,61,50,59,52,47,45,59,52,49,43,41,48,51,52,51,50,48,57,54,48,57,51,54,45,47,51,50,47,46,54,46,58,61,56,61,57,50,52,51,59,49,53,57,49,58,58,53,47,60,49,61,50,59,51,47,45,57,51,49,42,41
50,52,51,59,49,53,57,49,58,58,53,47,60,49,61,50,59,51,47,45,57,51,49,42,41,48,50,51,51,49,48,57,53,48,57,50,53,44,47,50,50,47,46,53,46,57,61,55,61,56,50,51,51,58,49,52,56,48,57,57,52,47,58,50,60,50,57,50,47,45,56,51,48,42,41
50,51,51,58,49,52,56,48,57,57,52,47,58,50,60,50,57,50,47,45,56,51,48,42,41,47,50,51,50,49,48,56,52,48,56,50,52,44,47,50,50,47,46,52,46,56,62,54,61,56,49,51,51,57,47,51,56,48,55,56,52,47,58,50,58,50,56,50,47,45,54,49,48,42,41
49,51,51,57,47,51,56,48,55,56,52,47,58,50,58,50,56,50,47,45,54,49,48,42,41,47,49,50,50,49,48,56,51,47,56,50,51,44,47,50,50,47,46,51,46,56,60,54,60,55,49,51,50,57,47,51,54,48,55,55,51,47,57,50,57,50,55,50,47,45,52,49,48,43,41
49,51,50,57,47,51,54,48,55,55,51,47,57,50,57,50,55,50,47,45,52,49,48,43,41,47,48,50,50,49,48,55,51,47,55,50,50,43,46,50,50,48,46,51,46,55,60,54,59,54,49,50,50,56,47,51,54,48,54,54,51,47,56,50,57,50,55,50,47,45,51,48,48,43,41
49,50,50,56,47,51,54,48,54,54,51,47,56,50,57,50,55,50,47,45,51,48,48,43,41,46,48,50,50,49,48,55,51,47,55,49,50,44,47,50,50,48,46,51,46,54,59,54,58,54,49,50,50,56,47,51,53,48,53,52,50,47,56,50,56,50,54,50,47,46,50,48,48,43,41
49,50,50,56,47,51,53,48,53,52,50,47,56,50,56,50,54,50,47,46,50,48,48,43,41,46,48,50,50,49,48,55,51,47,54,49,50,44,47,50,50,48,47,50,47,54,59,53,58,54,49,50,50,56,47,51,53,48,52,52,50,47,55,50,55,50,53,50,48,46,49,48,48,44,41
49,50,50,56,47,51,53,48,52,52,50,47,55,50,55,50,53,50,48,46,49,48,48,44,41,46,48,50,50,49,49,55,51,48,54,49,50,44,47,50,50,48,47,50,47,53,58,53,57,54,49,49,50,55,47,52,52,49,52,52,50,48,55,51,55,50,53,50,48,46,49,48,49,44,41
49,49,50,55,47,52,52,49,52,52,50,48,55,51,55,50,53,50,48,46,49,48,49,44,41,46,48,51,50,49,49,54,51,48,54,50,49,44,47,50,50,49,47,50,47,52,58,53,57,54,49,50,50,55,48,52,52,49,52,52,49,48,55,51,54,51,52,50,48,46,48,48,49,44,41
49,50,50,55,48,52,52,49,52,52,49,48,55,51,54,51,52,50,48,46,48,48,49,44,41,46,48,51,50,50,49,54,51,48,54,50,49,44,47,51,51,49,48,49,48,52,58,53,57,54,49,50,50,55,48,52,52,49,52,51,49,48,55,51,54,51,51,50,49,46,48,48,49,45,41
49,50,50,55,48,52,52,49,52,51,49,48,55,51,54,51,51,50,49,46,48,48,49,45,41,46,48,51,51,50,49,54,51,48,54,50,49,45,48,51,51,49,48,49,48,51,57,53,57,54,49,50,50,55,48,52,52,49,52,51,49,48,54,52,54,51,51,50,49,46,47,48,49,45,41
49,50,50,55,48,52,52,49,52,51,49,48,54,52,54,51,51,50,49,46,47,48,49,45,41,46,49,51,51,50,50,55,51,49,54,50,50,45,48,51,51,50,48,48,48,51,57,53,57,54,49,50,50,55,48,52,52,49,52,51,50,49,54,52,53,52,50,50,49,46,47,48,50,46,41
49,50,50,55,48,52,52,49,52,51,50,49,54,52,53,52,50,50,49,46,47,48,50,46,41,47,49,51,51,51,50,55,51,49,55,50,50,45,48,51,52,50,48,48,49,51,57,53,57,54,49,50,50,55,49,53,52,50,52,51,50,49,54,53,53,52,50,50,50,46,46,49,50,46,41
49,50,50,55,49,53,52,50,52,51,50,49,54,53,53,52,50,50,50,46,46,49,50,46,41,47,49,51,51,51,51,55,51,49,55,50,50,46,48,52,52,50,48,48,49,50,57,53,57,54,49,51,50,55,49,53,52,50,53,51,50,49,53,53,52,52,49,50,50,46,46,49,51,47,41
49,51,50,55,49,53,52,50,53,51,50,49,53,53,52,52,49,50,50,46,46,49,51,47,41,47,49,52,52,51,51,55,52,50,55,50,50,46,48,52,52,51,48,47,50,50,57,54,57,54,49,51,50,55,49,53,52,51,53,51,50,50,53,53,52,53,49,51,51,46,45,49,51,47,41
49,51,50,55,49,53,52,51,53,51,50,50,53,53,52,53,49,51,51,46,45,49,51,47,41,47,50,52,52,52,52,55,52,50,55,51,50,47,48,52,53,51,48,47,50,49,57,54,57,54,49,51,51,55,50,54,52,51,53,51,50,50,53,54,52,53,48,51,51,46,45,50,52,47,41
49,51,51,55,50,54,52,51,53,51,50,50,53,54,52,53,48,51,51,46,45,50,52,47,41,46,50,52,52,52,52,56,52,50,56,51,51,47,48,53,53,52,48,47,51,49,57,54,57,54,49,52,51,55,50,54,53,51,53,52,51,51,52,54,52,54,48,51,52,46,45,50,52,47,41
49,52,51,55,50,54,53,51,53,52,51,51,52,54,52,54,48,51,52,46,45,50,52,47,41,46,50,53,53,53,53,56,53,51,56,51,51,47,48,53,54,52,48,47,51,49,57,54,57,55,49,52,51,56,51,54,53,52,54,52,51,51,52,55,51,54,47,51,52,46,45,51,53,48,41
49,52,51,56,51,54,53,52,54,52,51,51,52,55,51,54,47,51,52,46,45,51,53,48,41,46,51,53,53,53,53,56,53,51,56,52,51,48,48,54,54,53,48,46,52,48,57,54,58,55,49,52,52,56,51,55,53,52,54,52,51,52,52,55,51,55,47,52,53,46,44,51,53,48,41
49,52,52,56,51,55,53,52,54,52,51,52,52,55,51,55,47,52,53,46,44,51,53,48,41,46,51,54,54,53,54,56,53,52,57,52,52,48,48,54,55,53,48,46,52,48,57,55,58,55,48,53,52,56,51,55,54,53,54,53,52,52,52,56,51,55,47,52,53,46,44,52,54,48,41
48,53,52,56,51,55,54,53,54,53,52,52,52,56,51,55,47,52,53,46,44,52,54,48,41,46,51,54,54,54,54,56,54,52,57,53,52,49,48,55,55,54,48,46,53,48,57,55,58,55,48,53,52,56,52,55,54,53,54,53,52,53,52,56,51,55,47,52,54,46,44,52,54,48,41
48,53,52,56,52,55,54,53,54,53,52,53,52,56,51,55,47,52,54,46,44,52,54,48,41,46,51,55,55,54,55,55,54,53,57,53,52,50,48,55,56,54,48,46,53,48,57,55,58,56,48,53,53,57,52,56,54,54,53,54,53,53,52,57,51,56,47,53,55,46,44,53,55,48,41
48,53,53,57,52,56,54,54,53,54,53,53,52,57,51,56,47,53,55,46,44,53,55,48,41,46,51,55,55,55,55,55,55,53,58,53,53,50,48,56,56,55,48,46,54,48,57,55,59,56,48,53,53,57,53,56,55,54,53,54,53,54,52,57,51,56,46,53,55,46,44,53,56,48,41
48,53,53,57,53,56,55,54,53,54,53,54,52,57,51,56,46,53,55,46,44,53,56,48,41,46,51,56,56,56,56,55,55,54,58,54,53,51,48,56,57,56,48,46,54,47,57,56,59,56,48,53,54,57,53,57,55,55,53,54,53,54,52,58,51,57,46,54,56,46,43,54,56,48,41
48,53,54,57,53,57,55,55,53,54,53,54,52,58,51,57,46,54,56,46,43,54,56,48,41,46,51,56,56,56,56,55,55,54,59,54,54,51,48,57,57,56,48,46,55,47,58,56,59,57,48,53,54,58,54,57,55,55,53,55,54,55,51,58,50,58,46,54,56,46,43,54,57,48,41
48,53,54,58,54,57,55,55,53,55,54,55,51,58,50,58,46,54,56,46,43,54,57,48,41,45,51,57,56,57,56,54,56,55,59,55,54,52,48,57,57,57,48,45,55,47,58,56,59,57,48,53,54,58,55,58,55,56,53,56,54,55,51,59,50,58,46,55,57,46,43,55,57,48,41
48,53,54,58,55,58,55,56,53,56,54,55,51,59,50,58,46,55,57,46,43,55,57,48,41,45,51,57,56,57,56,54,56,55,60,56,55,52,47,58,58,57,48,45,56,47,58,57,60,57,48,54,54,58,55,58,55,57,53,56,55,56,51,59,50,59,45,55,58,46,43,56,57,48,41
48,54,54,58,55,58,55,57,53,56,55,56,51,59,50,59,45,55,58,46,43,56,57,48,41,45,51,58,56,58,56,54,57,56,60,56,56,53,47,58,58,58,48,45,57,47,59,57,60,58,48,54,54,59,56,59,55,57,53,56,55,56,51,60,50,59,45,56,58,46,43,56,57,48,41
48,54,54,59,56,59,55,57,53,56,55,56,51,60,50,59,45,56,58,46,43,56,57,48,41,46,51,58,56,59,56,54,57,57,60,57,56,54,47,59,59,58,49,45,57,47,59,57,60,58,48,54,54,59,56,59,55,58,53,57,56,57,51,60,50,59,46,56,58,46,43,57,57,48,41
48,54,54,59,56,59,55,58,53,57,56,57,51,60,50,59,46,56,58,46,43,57,57,48,41,46,51,58,57,59,57,53,58,57,59,57,57,54,47,59,59,59,49,45,58,46,59,58,60,59,48,54,54,60,57,59,55,58,53,58,57,57,51,60,50,59,46,57,59,46,43,58,57,49,40
48,54,54,60,57,59,55,58,53,58,57,57,51,60,50,59,46,57,59,46,43,58,57,49,40,46,51,58,57,59,57,53,58,58,58,58,57,55,47,60,59,59,49,45,58,46,59,58,60,59,47,54,55,60,57,60,55,59,53,58,57,57,50,60,49,60,46,57,59,47,42,58,56,49,40
47,54,55,60,57,60,55,59,53,58,57,57,50,60,49,60,46,57,59,47,42,58,56,49,40,46,51,58,57,60,57,53,59,59,58,59,58,56,47,60,59,59,49,44,59,46,60,58,60,59,47,54,55,61,58,60,55,59,52,59,58,57,50,61,49,60,47,58,60,47,42,59,56,49,40
47,54,55,61,58,60,55,59,52,59,58,57,50,61,49,60,47,58,60,47,42,59,56,49,40,45,51,57,57,60,56,53,60,59,57,59,58,56,47,59,59,59,49,45,59,46,60,59,61,60,47,54,55,60,58,62,55,60,52,59,58,57,49,61,49,60,47,59,60,46,42,59,56,50,40
47,54,55,60,58,62,55,60,52,59,58,57,49,61,49,60,47,59,60,46,42,59,56,50,40,45,51,57,57,60,56,53,60,59,57,60,58,57,47,59,59,59,49,45,60,46,60,59,61,60,47,54,55,59,59,62,56,60,52,60,59,57,49,61,50,60,47,59,61,47,42,60,54,50,40
47,54,55,59,59,62,56,60,52,60,59,57,49,61,50,60,47,59,61,47,42,60,54,50,40,46,51,57,57,61,56,53,60,60,56,60,58,57,47,59,58,59,49,45,60,45,61,60,61,60,46,55,55,59,59,61,56,60,52,60,59,57,49,61,50,61,48,59,60,47,42,60,54,51,40
46,55,55,59,59,61,56,60,52,60,59,57,49,61,50,61,48,59,60,47,42,60,54,51,40,46,51,57,56,61,56,53,61,60,56,61,58,58,46,58,58,59,49,46,59,45,61,60,61,60,46,55,55,59,60,59,56,60,52,60,59,57,49,61,49,61,48,59,60,47,42,60,53,51,40
46,55,55,59,60,59,56,60,52,60,59,57,49,61,49,61,48,59,60,47,42,60,53,51,40,46,51,57,56,60,56,53,61,60,56,61,58,58,46,57,57,59,49,46,59,46,61,60,62,61,45,55,55,59,60,58,56,60,51,60,59,57,49,61,49,61,49,60,59,47,42,60,52,51,40
45,55,55,59,60,58,56,60,51,60,59,57,49,61,49,61,49,60,59,47,42,60,52,51,40,46,50,57,56,59,56,52,61,61,56,61,59,59,47,56,57,58,48,46,59,45,61,60,62,61,45,54,55,58,60,57,56,60,51,61,60,57,48,61,49,61,49,60,59,47,43,60,52,51,40
45,54,55,58,60,57,56,60,51,61,60,57,48,61,49,61,49,60,59,47,43,60,52,51,40,46,49,56,56,58,56,52,61,60,55,60,59,59,46,56,57,58,48,46,59,45,61,61,62,61,45,54,55,58,60,55,57,60,51,61,60,56,48,61,48,61,49,60,58,47,43,60,52,51,41
45,54,55,58,60,55,57,60,51,61,60,56,48,61,48,61,49,60,58,47,43,60,52,51,41,46,48,55,56,57,55,52,61,60,55,60,59,60,46,55,56,58,48,46,59,45,61,62,62,61,45,54,54,58,60,54,57,60,51,60,60,56,48,61,48,61,50,61,57,47,43,62,52,50,41
45,54,54,58,60,54,57,60,51,60,60,56,48,61,48,61,50,61,57,47,43,62,52,50,41,46,48,55,56,56,54,51,61,60,55,60,58,60,46,54,56,58,48,46,59,44,61,61,61,61,45,53,54,58,60,52,57,60,50,60,61,56,47,61,48,61,50,62,57,47,43,61,52,50,41
45,53,54,58,60,52,57,60,50,60,61,56,47,61,48,61,50,62,57,47,43,61,52,50,41,46,48,54,56,55,53,50,61,60,54,59,58,60,46,53,55,57,48,47,57,44,61,62,61,61,45,53,54,58,61,50,57,60,50,61,61,56,47,61,47,62,50,61,56,47,44,60,52,50,42
45,53,54,58,61,50,57,60,50,61,61,56,47,61,47,62,50,61,56,47,44,60,52,50,42,45,48,54,56,54,53,50,61,60,53,59,57,61,46,52,54,56,48,47,57,44,61,61,61,61,45,53,53,57,62,50,56,60,49,61,61,55,47,61,47,63,50,61,56,47,44,62,52,50,42
45,53,53,57,62,50,56,60,49,61,61,55,47,61,47,63,50,61,56,47,44,62,52,50,42,43,49,54,55,54,52,50,61,60,52,59,57,62,45,51,54,55,48,47,56,44,61,61,60,61,44,52,54,57,62,50,56,60,49,61,61,55,47,61,48,61,50,62,56,46,43,61,52,50,42
44,52,54,57,62,50,56,60,49,61,61,55,47,61,48,61,50,62,56,46,43,61,52,50,42,42,49,54,54,53,52,49,60,60,52,59,57,61,45,51,54,54,48,47,56,44,61,61,59,62,44,52,54,57,62,49,55,60,49,61,61,55,46,61,48,61,50,62,55,46,44,62,52,49,42
44,52,54,57,62,49,55,60,49,61,61,55,46,61,48,61,50,62,55,46,44,62,52,49,42,42,50,53,53,52,52,49,60,59,51,59,56,60,45,50,54,53,48,47,55,44,61,61,59,62,45,52,54,56,61,49,55,60,49,61,61,55,46,61,48,61,50,62,55,47,44,61,52,49,42
45,52,54,56,61,49,55,60,49,61,61,55,46,61,48,61,50,62,55,47,44,61,52,49,42,42,50,53,53,52,51,49,59,59,50,59,56,59,45,49,54,53,48,47,55,45,61,61,58,61,45,51,54,54,61,49,55,59,49,61,61,55,47,60,48,61,50,61,54,47,44,61,52,49,42
45,51,54,54,61,49,55,59,49,61,61,55,47,60,48,61,50,61,54,47,44,61,52,49,42,41,49,53,53,52,51,49,58,59,49,59,55,59,45,48,53,52,48,47,55,45,60,61,57,61,45,50,54,54,61,49,55,59,49,61,61,54,47,60,49,61,50,62,53,47,44,62,53,49,42
45,50,54,54,61,49,55,59,49,61,61,54,47,60,49,61,50,62,53,47,44,62,53,49,42,41,50,53,53,51,51,49,58,58,49,59,55,57,45,48,53,52,49,46,55,45,60,61,57,61,45,50,53,53,61,49,55,59,49,61,60,54,47,60,49,61,50,62,52,46,44,62,53,50,42
45,50,53,53,61,49,55,59,49,61,60,54,47,60,49,61,50,62,52,46,44,62,53,50,42,41,49,52,52,51,51,49,58,56,48,58,54,56,45,48,53,52,48,46,55,46,60,63,56,61,46,50,53,53,60,49,55,59,50,61,60,53,47,61,49,61,50,62,52,46,45,61,53,49,42
46,50,53,53,60,49,55,59,50,61,60,53,47,61,49,61,50,62,52,46,45,61,53,49,42,41,49,52,52,51,50,48,58,55,48,58,53,55,45,48,52,51,48,47,55,46,59,62,56,61,46,50,52,52,60,49,54,58,49,60,59,53,47,61,49,61,50,60,52,47,45,61,52,49,42
46,50,52,52,60,49,54,58,49,60,59,53,47,61,49,61,50,60,52,47,45,61,52,49,42,41,49,52,52,51,50,49,58,54,48,58,52,54,45,47,52,50,47,46,55,46,59,62,56,61,45,50,52,52,59,49,54,58,49,59,59,53,47,61,49,61,50,59,51,46,45,59,52,49,42
45,50,52,52,59,49,54,58,49,59,59,53,47,61,49,61,50,59,51,46,45,59,52,49,42,41,48,51,52,51,50,48,57,54,48,57,51,54,45,47,51,50,47,46,54,46,58,61,55,61,45,50,52,51,59,49,53,57,49,58,58,53,47,60,49,61,50,59,51,47,45,57,51,49,42
45,50,52,51,59,49,53,57,49,58,58,53,47,60,49,61,50,59,51,47,45,57,51,49,42,41,47,50,51,50,49,48,57,53,48,57,50,53,44,47,50,50,47,46,53,46,57,61,55,61,45,50,51,51,58,49,52,56,48,56,57,52,47,58,50,60,50,57,50,47,45,56,51,48,42
45,50,51,51,58,49,52,56,48,56,57,52,47,58,50,60,50,57,50,47,45,56,51,48,42,41,47,50,51,50,49,48,56,52,48,56,50,52,44,47,50,50,47,46,52,46,56,61,54,61,45,49,51,51,57,47,51,55,48,55,56,51,46,58,50,58,50,56,50,46,45,54,49,48,42
45,49,51,51,57,47,51,55,48,55,56,51,46,58,50,58,50,56,50,46,45,54,49,48,42,41,47,49,50,50,49,48,56,51,47,56,50,51,43,46,50,50,47,46,51,46,56,60,54,60,45,49,51,50,57,47,51,54,48,54,55,51,47,57,50,57,50,55,50,47,45,52,49,48,43
45,49,51,50,57,47,51,54,48,54,55,51,47,57,50,57,50,55,50,47,45,52,49,48,43,41,47,48,50,50,49,48,55,51,47,55,50,50,43,46,50,50,47,46,51,46,55,60,54,59,45,49,50,50,56,47,51,54,48,54,54,51,47,56,50,57,50,55,50,47,45,51,48,48,43
45,49,50,50,56,47,51,54,48,54,54,51,47,56,50,57,50,55,50,47,45,51,48,48,43,41,46,48,50,50,49,48,55,51,47,54,49,50,44,46,50,50,48,46,51,46,54,59,54,58,45,49,50,50,56,47,51,53,48,53,52,50,47,56,50,56,50,54,50,47,46,50,48,48,43
45,49,50,50,56,47,51,53,48,53,52,50,47,56,50,56,50,54,50,47,46,50,48,48,43,41,46,48,50,50,49,48,55,50,47,54,49,50,44,47,50,50,48,47,50,46,54,59,53,57,45,49,49,50,56,47,51,53,48,52,52,50,47,55,50,55,50,53,50,47,46,49,48,48,44
45,49,49,50,56,47,51,53,48,52,52,50,47,55,50,55,50,53,50,47,46,49,48,48,44,41,46,48,50,50,49,48,54,50,48,54,49,49,44,47,50,50,48,47,50,47,53,58,53,57,46,49,49,50,55,47,52,52,48,52,52,50,47,55,51,55,50,53,50,48,46,49,48,49,44
46,49,49,50,55,47,52,52,48,52,52,50,47,55,51,55,50,53,50,48,46,49,48,49,44,41,46,48,50,50,49,49,54,50,48,54,49,49,44,47,50,50,49,47,49,47,52,58,53,57,46,49,50,50,55,48,52,52,49,52,51,49,48,55,51,54,51,52,49,48,46,48,48,49,44
46,49,50,50,55,48,52,52,49,52,51,49,48,55,51,54,51,52,49,48,46,48,48,49,44,41,46,48,51,50,50,49,54,51,48,54,50,49,44,47,50,51,49,48,49,47,52,58,53,57,46,49,50,50,55,48,52,52,49,52,51,49,48,54,51,54,51,51,50,49,46,47,48,49,45
46,49,50,50,55,48,52,52,49,52,51,49,48,54,51,54,51,51,50,49,46,47,48,49,45,41,46,48,51,50,50,49,54,51,48,54,50,49,45,47,51,51,49,48,49,48,51,57,53,57,46,49,50,50,55,48,52,52,49,52,51,49,48,54,52,54,51,51,50,49,46,47,48,49,45
46,49,50,50,55,48,52,52,49,52,51,49,48,54,52,54,51,51,50,49,46,47,48,49,45,41,46,48,51,51,50,50,54,51,49,54,50,50,45,48,51,51,50,48,48,48,51,57,53,57,46,49,50,50,55,48,52,52,49,52,51,50,49,54,52,53,52,50,50,49,46,46,48,50,46
46,49,50,50,55,48,52,52,49,52,51,50,49,54,52,53,52,50,50,49,46,46,48,50,46,41,47,49,51,51,50,50,55,51,49,54,50,50,45,48,51,52,50,48,48,49,50,57,53,57,47,49,50,50,55,49,53,52,50,52,51,50,49,53,52,53,52,49,50,50,46,46,49,50,46
47,49,50,50,55,49,53,52,50,52,51,50,49,53,52,53,52,49,50,50,46,46,49,50,46,41,47,49,51,51,51,51,55,51,49,55,50,50,46,48,52,52,50,48,48,49,50,57,53,57,47,49,51,50,55,49,53,52,50,53,51,50,49,53,53,52,52,49,50,50,46,46,49,51,47
47,49,51,50,55,49,53,52,50,53,51,50,49,53,53,52,52,49,50,50,46,46,49,51,47,41,47,49,52,52,51,51,55,52,50,55,50,50,46,48,52,52,51,48,47,50,50,57,54,57,47,49,51,50,55,49,53,52,50,53,51,50,50,53,53,52,53,48,50,51,46,45,49,51,47
47,49,51,50,55,49,53,52,50,53,51,50,50,53,53,52,53,48,50,51,46,45,49,51,47,41,46,50,52,52,52,52,55,52,50,55,51,50,46,48,52,53,51,48,47,50,49,57,54,57,48,49,51,51,55,50,54,52,51,53,51,50,50,53,54,52,53,48,51,51,46,45,50,52,47
48,49,51,51,55,50,54,52,51,53,51,50,50,53,54,52,53,48,51,51,46,45,50,52,47,41,46,50,52,52,52,52,55,52,50,56,51,51,47,48,53,53,52,48,47,51,49,57,54,57,48,49,52,51,55,50,54,53,51,53,52,51,51,52,54,52,54,48,51,52,46,45,50,52,47
48,49,52,51,55,50,54,53,51,53,52,51,51,52,54,52,54,48,51,52,46,45,50,52,47,41,46,50,53,53,52,52,56,52,51,56,51,51,47,48,53,54,52,48,47,51,49,57,54,57,49,48,52,51,56,51,54,53,52,54,52,51,51,52,55,51,54,47,51,52,46,44,51,53,47
49,48,52,51,56,51,54,53,52,54,52,51,51,52,55,51,54,47,51,52,46,44,51,53,47,41,46,51,53,53,53,53,56,53,51,56,52,51,48,48,54,54,53,48,46,52,48,57,54,57,49,48,52,52,56,51,55,53,52,54,52,51,52,52,55,51,54,47,51,53,46,44,51,53,47
49,48,52,52,56,51,55,53,52,54,52,51,52,52,55,51,54,47,51,53,46,44,51,53,47,41,46,51,54,54,53,54,56,53,52,57,52,52,48,48,54,55,53,48,46,52,48,57,55,58,50,48,53,52,56,51,55,53,53,53,53,52,52,52,56,51,55,47,52,53,46,44,52,54,47
50,48,53,52,56,51,55,53,53,53,53,52,52,52,56,51,55,47,52,53,46,44,52,54,47,41,46,51,54,54,54,54,56,54,52,57,53,52,49,48,55,55,54,48,46,53,48,57,55,58,50,48,53,52,56,52,55,54,53,53,53,52,52,52,56,51,55,47,52,54,46,44,52,54,48
50,48,53,52,56,52,55,54,53,53,53,52,52,52,56,51,55,47,52,54,46,44,52,54,48,41,46,51,55,55,54,55,55,54,53,57,53,52,49,48,55,55,54,48,46,53,48,57,55,58,51,48,53,53,57,52,56,54,54,53,53,52,53,52,57,51,56,46,53,54,46,44,53,55,48
51,48,53,53,57,52,56,54,54,53,53,52,53,52,57,51,56,46,53,54,46,44,53,55,48,41,46,51,55,55,55,55,55,55,53,58,53,53,50,48,56,56,55,48,46,54,47,57,55,59,51,48,53,53,57,53,56,54,54,53,54,53,53,51,57,51,56,46,53,55,46,43,53,56,48
51,48,53,53,57,53,56,54,54,53,54,53,53,51,57,51,56,46,53,55,46,43,53,56,48,41,46,51,56,56,55,56,55,55,54,58,54,53,51,48,56,56,56,48,46,54,47,57,56,59,52,48,53,54,57,53,57,55,55,53,54,53,54,51,58,51,57,46,54,56,46,43,54,56,48
52,48,53,54,57,53,57,55,55,53,54,53,54,51,58,51,57,46,54,56,46,43,54,56,48,41,45,51,56,56,56,56,55,55,54,59,54,54,51,47,57,57,56,48,45,55,47,58,56,59,52,48,53,54,58,54,57,55,55,53,55,54,55,51,58,50,58,46,54,56,46,43,54,57,48
52,48,53,54,58,54,57,55,55,53,55,54,55,51,58,50,58,46,54,56,46,43,54,57,48,41,45,51,57,56,57,56,54,56,55,59,55,54,52,47,57,57,57,48,45,55,47,58,56,59,53,48,53,54,58,55,58,55,56,53,56,54,55,51,59,50,58,46,55,57,46,43,55,57,48
53,48,53,54,58,55,58,55,56,53,56,54,55,51,59,50,58,46,55,57,46,43,55,57,48,41,45,51,57,56,57,56,54,56,55,60,56,55,52,47,58,58,57,48,45,56,47,58,57,60,54,48,54,54,58,55,58,55,57,53,56,55,56,51,59,50,59,45,55,57,46,43,56,57,48
54,48,54,54,58,55,58,55,57,53,56,55,56,51,59,50,59,45,55,57,46,43,56,57,48,41,45,51,58,56,58,56,54,57,56,60,56,56,53,47,58,58,58,48,45,57,47,59,57,60,54,48,54,54,59,56,59,55,57,53,56,55,56,51,60,50,59,45,56,58,46,43,56,57,48
54,48,54,54,59,56,59,55,57,53,56,55,56,51,60,50,59,45,56,58,46,43,56,57,48,40,45,51,58,56,58,56,54,57,57,60,57,56,54,47,59,59,58,49,45,57,46,59,57,60,55,48,54,54,59,56,59,55,58,53,57,56,57,51,60,50,59,45,56,58,46,43,57,57,48
55,48,54,54,59,56,59,55,58,53,57,56,57,51,60,50,59,45,56,58,46,43,57,57,48,40,45,51,58,57,59,56,53,58,57,59,57,57,54,47,59,59,59,49,44,58,46,59,58,60,55,47,54,54,60,57,59,55,58,53,58,57,56,51,60,50,59,46,57,59,46,43,58,56,48
55,47,54,54,60,57,59,55,58,53,58,57,56,51,60,50,59,46,57,59,46,43,58,56,48,40,45,51,58,57,59,57,53,58,58,58,58,57,55,47,60,59,59,49,44,58,46,59,58,60,56,47,54,54,60,57,60,55,59,53,58,57,57,50,60,49,60,46,57,59,47,42,58,56,49
56,47,54,54,60,57,60,55,59,53,58,57,57,50,60,49,60,46,57,59,47,42,58,56,49,40,45,51,57,57,60,56,53,59,59,57,59,58,56,47,59,59,59,49,44,59,46,60,58,60,57,47,54,55,61,58,60,55,59,52,59,58,57,50,61,49,60,46,58,60,46,42,59,56,49
57,47,54,55,61,58,60,55,59,52,59,58,57,50,61,49,60,46,58,60,46,42,59,56,49,40,45,51,57,57,60,56,52,60,59,57,59,58,56,47,59,59,59,49,44,59,46,60,59,61,57,47,54,55,60,58,62,55,60,52,59,58,57,49,61,49,60,47,58,60,46,42,59,56,50
57,47,54,55,60,58,62,55,60,52,59,58,57,49,61,49,60,47,58,60,46,42,59,56,50,40,45,51,57,57,60,56,53,60,59,56,60,58,57,47,59,58,59,49,45,60,45,60,59,61,56,47,54,55,59,59,62,55,60,52,60,59,57,49,61,49,60,47,59,61,46,42,60,54,50
56,47,54,55,59,59,62,55,60,52,60,59,57,49,61,49,60,47,59,61,46,42,60,54,50,40,45,50,57,56,61,56,53,60,60,56,60,58,57,46,59,58,59,49,45,60,45,61,60,61,57,46,54,55,59,59,61,56,60,52,60,59,56,49,61,50,61,47,59,60,47,42,60,54,51
57,46,54,55,59,59,61,56,60,52,60,59,56,49,61,50,61,47,59,60,47,42,60,54,51,40,46,50,57,56,60,56,53,61,60,56,61,58,58,46,58,58,59,49,45,59,45,61,60,61,57,45,55,55,59,60,59,56,60,51,60,59,57,48,61,49,61,48,59,60,47,42,60,53,51
57,45,55,55,59,60,59,56,60,51,60,59,57,48,61,49,61,48,59,60,47,42,60,53,51,40,46,50,57,56,59,56,53,61,60,56,61,58,58,46,57,57,59,49,46,59,45,61,60,62,57,45,55,55,59,60,58,56,60,51,60,59,57,48,61,49,61,48,60,59,47,42,60,52,51
57,45,55,55,59,60,58,56,60,51,60,59,57,48,61,49,61,48,60,59,47,42,60,52,51,40,46,50,57,56,59,56,52,61,60,56,61,59,59,46,56,57,58,48,46,59,45,61,60,62,57,45,54,55,58,60,56,56,60,51,61,60,57,48,61,49,61,49,60,59,47,42,60,52,51
57,45,54,55,58,60,56,56,60,51,61,60,57,48,61,49,61,49,60,59,47,42,60,52,51,40,46,49,56,56,58,56,52,61,60,55,60,59,59,46,56,56,58,48,46,59,45,61,61,62,57,45,54,55,58,60,55,57,60,51,60,60,56,48,61,48,61,49,60,58,47,43,60,52,51
57,45,54,55,58,60,55,57,60,51,60,60,56,48,61,48,61,49,60,58,47,43,60,52,51,40,46,48,55,56,57,55,51,61,60,55,60,59,60,46,55,56,58,48,46,59,45,61,62,62,57,44,54,54,58,60,53,57,60,50,60,60,56,48,61,48,61,49,61,57,47,43,62,52,50
57,44,54,54,58,60,53,57,60,50,60,60,56,48,61,48,61,49,61,57,47,43,62,52,50,41,46,48,54,56,56,54,51,61,60,55,59,58,60,46,54,56,57,48,46,59,44,61,61,61,57,44,53,54,58,60,52,57,60,50,60,61,56,47,61,48,60,50,62,57,47,43,61,52,50
57,44,53,54,58,60,52,57,60,50,60,61,56,47,61,48,60,50,62,57,47,43,61,52,50,41,46,48,54,56,55,53,50,61,60,54,59,58,60,45,53,55,56,48,47,57,44,61,62,61,57,45,53,53,58,61,50,57,60,49,61,61,55,47,61,47,62,50,61,56,47,43,60,52,50
57,45,53,53,58,61,50,57,60,49,61,61,55,47,61,47,62,50,61,56,47,43,60,52,50,42,45,48,54,56,54,53,50,61,60,53,59,57,61,46,52,54,56,48,47,56,44,61,61,60,57,45,52,53,57,62,50,56,60,49,61,61,55,47,61,47,63,50,61,56,47,43,62,52,50
57,45,52,53,57,62,50,56,60,49,61,61,55,47,61,47,63,50,61,56,47,43,62,52,50,42,43,49,54,55,53,52,50,61,60,52,59,57,62,45,51,54,55,48,47,56,44,61,61,60,56,44,52,54,57,62,50,56,60,49,61,61,55,46,61,47,61,50,62,56,46,43,61,52,50
56,44,52,54,57,62,50,56,60,49,61,61,55,46,61,47,61,50,62,56,46,43,61,52,50,42,42,49,54,54,53,52,49,60,59,52,59,57,61,45,51,54,54,48,46,56,44,61,61,59,55,44,52,54,57,62,49,55,60,49,61,61,55,46,61,48,61,50,62,55,46,43,62,52,49
55,44,52,54,57,62,49,55,60,49,61,61,55,46,61,48,61,50,62,55,46,43,62,52,49,42,42,49,53,53,52,52,49,60,59,51,59,56,60,45,50,54,53,48,46,55,44,61,61,59,54,44,51,54,55,61,49,55,59,48,61,61,55,46,61,48,61,50,62,54,46,44,61,52,49
54,44,51,54,55,61,49,55,59,48,61,61,55,46,61,48,61,50,62,54,46,44,61,52,49,42,41,50,53,53,52,51,49,59,59,50,59,55,59,45,49,53,53,48,47,55,45,61,61,58,54,45,50,54,54,61,49,55,59,49,61,61,55,47,60,48,61,50,61,53,46,44,61,52,49
54,45,50,54,54,61,49,55,59,49,61,61,55,47,60,48,61,50,61,53,46,44,61,52,49,41,41,49,53,52,51,51,49,58,59,49,59,55,58,45,48,53,52,48,46,55,45,60,61,57,54,45,50,54,54,61,49,55,59,49,61,61,54,47,60,49,61,50,62,53,47,44,62,52,49
54,45,50,54,54,61,49,55,59,49,61,61,54,47,60,49,61,50,62,53,47,44,62,52,49,42,41,49,52,52,51,51,49,58,58,49,58,55,56,45,48,53,52,49,46,55,45,60,61,57,53,45,50,53,53,61,49,55,59,49,61,60,54,47,60,49,61,50,62,52,46,44,62,53,50
53,45,50,53,53,61,49,55,59,49,61,60,54,47,60,49,61,50,62,52,46,44,62,53,50,42,41,49,52,52,51,50,49,58,56,48,58,54,56,45,47,53,52,48,46,55,45,60,63,56,53,45,50,53,53,60,49,55,58,49,61,60,53,47,61,49,61,50,62,52,46,45,61,52,49
53,45,50,53,53,60,49,55,58,49,61,60,53,47,61,49,61,50,62,52,46,45,61,52,49,42,41,49,52,52,51,50,48,58,55,48,58,53,55,45,47,52,51,48,47,55,46,59,62,56,52,46,50,52,52,60,49,54,58,49,60,59,53,47,61,49,61,50,60,52,46,45,61,52,49
52,46,50,52,52,60,49,54,58,49,60,59,53,47,61,49,61,50,60,52,46,45,61,52,49,42,41,49,52,52,51,50,48,57,54,48,58,52,54,45,47,52,50,47,46,54,46,59,62,56,52,45,50,52,51,59,49,54,58,49,59,59,53,47,61,49,61,50,59,51,46,44,59,52,49
52,45,50,52,51,59,49,54,58,49,59,59,53,47,61,49,61,50,59,51,46,44,59,52,49,42,41,48,51,52,50,50,48,57,54,47,57,51,54,45,47,51,50,47,46,53,46,58,61,55,53,45,50,52,51,59,49,53,57,48,57,58,53,47,60,49,61,50,58,51,46,45,57,51,49
53,45,50,52,51,59,49,53,57,48,57,58,53,47,60,49,61,50,58,51,46,45,57,51,49,42,40,47,50,51,50,49,48,57,53,47,57,50,53,44,47,50,50,47,46,53,46,57,61,55,53,45,50,51,51,58,49,52,56,48,56,57,52,46,58,50,60,50,57,50,46,45,56,51,48
53,45,50,51,51,58,49,52,56,48,56,57,52,46,58,50,60,50,57,50,46,45,56,51,48,42,41,47,50,51,50,49,48,56,52,47,56,50,52,44,47,50,50,47,46,52,46,56,61,54,51,45,49,51,50,57,47,51,55,48,55,56,51,46,58,50,58,50,56,50,46,45,54,49,48
51,45,49,51,50,57,47,51,55,48,55,56,51,46,58,50,58,50,56,50,46,45,54,49,48,42,41,47,49,50,50,49,48,56,51,47,56,50,51,43,46,50,50,47,46,51,46,56,60,54,50,45,49,51,50,57,47,51,54,48,54,55,51,46,57,50,57,50,55,50,47,45,52,49,48
50,45,49,51,50,57,47,51,54,48,54,55,51,46,57,50,57,50,55,50,47,45,52,49,48,43,41,46,48,50,50,49,48,55,51,47,55,49,50,43,46,50,50,47,46,51,46,55,60,54,50,45,49,50,50,56,47,51,53,48,54,54,50,47,56,50,57,50,55,50,47,45,51,48,48
50,45,49,50,50,56,47,51,53,48,54,54,50,47,56,50,57,50,55,50,47,45,51,48,48,43,41,46,48,50,50,49,48,55,51,47,54,49,50,43,46,50,50,48,46,51,46,54,59,53,50,45,49,50,50,56,47,51,53,48,53,52,50,47,56,50,56,50,54,50,47,45,50,48,48
50,45,49,50,50,56,47,51,53,48,53,52,50,47,56,50,56,50,54,50,47,45,50,48,48,43,41,46,48,50,50,49,48,55,50,47,54,49,50,44,47,50,50,48,47,50,46,53,59,53,50,45,48,49,50,55,47,51,53,48,52,52,50,47,55,50,55,50,53,50,47,46,49,48,48
50,45,48,49,50,55,47,51,53,48,52,52,50,47,55,50,55,50,53,50,47,46,49,48,48,44,41,46,48,50,50,49,48,54,50,48,54,49,49,44,47,50,50,48,47,50,47,53,58,53,50,45,49,49,50,55,47,52,52,48,52,51,49,47,55,51,55,50,52,49,48,46,49,48,48
50,45,49,49,50,55,47,52,52,48,52,51,49,47,55,51,55,50,52,49,48,46,49,48,48,44,41,46,48,50,50,49,49,54,50,48,54,49,49,44,47,50,50,48,47,49,47,52,58,53,50,46,49,50,50,55,48,52,52,49,52,51,49,48,55,51,54,51,52,49,48,46,48,48,49
50,46,49,50,50,55,48,52,52,49,52,51,49,48,55,51,54,51,52,49,48,46,48,48,49,44,41,46,48,51,50,50,49,54,50,48,54,49,49,44,47,50,51,49,48,49,47,52,58,53,50,46,49,50,50,55,48,52,52,49,52,51,49,48,54,51,54,51,51,50,48,46,47,48,49
50,46,49,50,50,55,48,52,52,49,52,51,49,48,54,51,54,51,51,50,48,46,47,48,49,45,41,46,48,51,50,50,49,54,51,48,54,50,49,45,47,51,51,49,48,49,48,51,57,53,50,46,49,50,50,55,48,52,52,49,52,51,49,48,54,52,53,51,51,50,49,46,47,48,49
50,46,49,50,50,55,48,52,52,49,52,51,49,48,54,52,53,51,51,50,49,46,47,48,49,45,41,46,48,51,51,50,50,54,51,48,54,50,49,45,48,51,51,50,48,48,48,51,57,53,50,46,49,50,50,55,48,52,52,49,52,51,49,48,54,52,53,51,50,50,49,46,46,48,50
50,46,49,50,50,55,48,52,52,49,52,51,49,48,54,52,53,51,50,50,49,46,46,48,50,46,41,47,49,51,51,50,50,54,51,49,54,50,50,45,48,51,52,50,48,48,49,50,57,53,51,47,49,50,50,55,49,53,52,50,52,51,50,49,53,52,53,52,49,50,50,46,46,49,50
51,47,49,50,50,55,49,53,52,50,52,51,50,49,53,52,53,52,49,50,50,46,46,49,50,46,41,47,49,51,51,51,51,55,51,49,55,50,50,46,48,52,52,50,48,48,49,50,57,53,51,47,49,51,50,55,49,53,52,50,53,51,50,49,53,53,52,52,49,50,50,46,46,49,51
51,47,49,51,50,55,49,53,52,50,53,51,50,49,53,53,52,52,49,50,50,46,46,49,51,47,41,47,49,52,52,51,51,55,51,49,55,50,50,46,48,52,52,51,48,47,50,50,57,54,51,47,49,51,50,55,49,53,52,50,53,51,50,50,53,53,52,53,48,50,51,46,45,49,51
51,47,49,51,50,55,49,53,52,50,53,51,50,50,53,53,52,53,48,50,51,46,45,49,51,47,41,46,50,52,52,52,51,55,52,50,55,51,50,46,48,52,53,51,48,47,50,49,57,54,51,48,49,51,51,55,50,54,52,51,53,51,50,50,53,54,52,53,48,51,51,46,45,50,52
51,48,49,51,51,55,50,54,52,51,53,51,50,50,53,54,52,53,48,51,51,46,45,50,52,47,41,46,50,52,52,52,52,55,52,50,55,51,51,47,48,53,53,52,48,47,51,49,57,54,50,48,49,52,51,55,50,54,53,51,53,52,51,51,52,54,51,54,48,51,52,46,45,50,52
50,48,49,52,51,55,50,54,53,51,53,52,51,51,52,54,51,54,48,51,52,46,45,50,52,47,41,46,50,53,53,52,52,56,52,51,56,51,51,47,48,53,54,52,48,47,51,49,57,54,50,49,48,52,51,56,50,54,53,52,54,52,51,51,52,55,51,54,47,51,52,46,44,51,53
50,49,48,52,51,56,50,54,53,52,54,52,51,51,52,55,51,54,47,51,52,46,44,51,53,47,41,46,51,53,53,53,53,56,53,51,56,52,51,48,48,54,54,53,48,46,52,48,57,54,50,49,48,52,52,56,51,55,53,52,54,52,51,52,52,55,51,54,47,51,53,46,44,51,53
50,49,48,52,52,56,51,55,53,52,54,52,51,52,52,55,51,54,47,51,53,46,44,51,53,47,41,46,51,54,54,53,54,56,53,52,56,52,52,48,48,54,54,53,48,46,52,48,57,55,50,50,48,53,52,56,51,55,53,53,53,53,52,52,52,56,51,55,47,52,53,46,44,52,54
50,50,48,53,52,56,51,55,53,53,53,53,52,52,52,56,51,55,47,52,53,46,44,52,54,47,41,46,51,54,54,54,54,56,54,52,57,53,52,49,48,55,55,54,48,46,53,48,57,55,50,50,48,53,52,56,52,55,54,53,53,53,52,52,52,56,51,55,47,52,54,46,44,52,54
50,50,48,53,52,56,52,55,54,53,53,53,52,52,52,56,51,55,47,52,54,46,44,52,54,48,41,46,51,55,54,54,55,55,54,53,57,53,52,49,48,55,55,54,48,46,53,48,57,55,50,51,48,53,53,57,52,56,54,54,53,53,52,53,52,57,51,56,46,52,54,46,44,53,55
50,51,48,53,53,57,52,56,54,54,53,53,52,53,52,57,51,56,46,52,54,46,44,53,55,48,41,46,51,55,55,55,55,55,54,53,58,53,53,50,48,56,56,55,48,46,54,47,57,55,50,51,48,53,53,57,53,56,54,54,53,54,53,53,51,57,51,56,46,53,55,46,43,53,56
50,51,48,53,53,57,53,56,54,54,53,54,53,53,51,57,51,56,46,53,55,46,43,53,56,48,41,46,51,56,56,55,56,55,55,54,58,54,53,51,48,56,56,56,48,46,54,47,57,56,50,52,48,53,54,57,53,57,55,55,53,54,53,54,51,58,50,57,46,54,56,46,43,54,56
50,52,48,53,54,57,53,57,55,55,53,54,53,54,51,58,50,57,46,54,56,46,43,54,56,48,41,45,51,56,56,56,56,55,55,54,59,54,54,51,47,57,57,56,48,45,55,47,58,56,50,52,48,53,54,58,54,57,55,55,53,55,54,54,51,58,50,58,46,54,56,46,43,54,57
50,52,48,53,54,58,54,57,55,55,53,55,54,54,51,58,50,58,46,54,56,46,43,54,57,48,41,45,51,57,56,57,56,54,56,55,59,55,54,52,47,57,57,57,48,45,55,47,58,56,50,53,48,53,54,58,55,58,55,56,53,56,54,55,51,59,50,58,46,55,57,46,43,55,57
50,53,48,53,54,58,55,58,55,56,53,56,54,55,51,59,50,58,46,55,57,46,43,55,57,48,41,45,51,57,56,57,56,54,56,55,60,56,55,52,47,58,58,57,48,45,56,47,58,57,50,54,48,54,54,58,55,58,55,57,53,56,55,56,51,59,50,59,45,55,57,46,43,56,57
50,54,48,54,54,58,55,58,55,57,53,56,55,56,51,59,50,59,45,55,57,46,43,56,57,48,41,45,51,58,56,58,56,54,57,56,60,56,56,53,47,58,58,58,48,45,57,47,59,57,50,54,48,54,54,59,56,59,55,57,53,56,55,56,51,60,50,59,45,56,58,46,43,56,57
50,54,48,54,54,59,56,59,55,57,53,56,55,56,51,60,50,59,45,56,58,46,43,56,57,48,40,45,51,58,56,58,56,54,57,57,60,57,56,54,47,59,59,58,49,45,57,46,59,57,50,55,48,54,54,59,56,59,55,58,53,57,56,57,51,60,50,59,45,56,58,46,43,57,57
50,55,48,54,54,59,56,59,55,58,53,57,56,57,51,60,50,59,45,56,58,46,43,57,57,48,40,45,51,58,57,59,56,53,58,57,59,57,57,54,47,59,59,59,49,44,58,46,59,58,50,55,47,54,54,60,57,59,55,58,53,58,57,56,51,60,50,59,46,57,59,46,43,58,56
50,55,47,54,54,60,57,59,55,58,53,58,57,56,51,60,50,59,46,57,59,46,43,58,56,48,40,45,51,58,57,59,57,53,58,58,58,58,57,55,47,60,59,59,49,44,58,46,59,58,50,56,47,54,54,60,57,60,55,59,53,58,57,56,50,60,49,60,46,57,59,47,42,58,56
50,56,47,54,54,60,57,60,55,59,53,58,57,56,50,60,49,60,46,57,59,47,42,58,56,49,40,45,51,57,57,60,56,53,59,59,57,59,58,56,47,59,59,59,49,44,59,46,60,58,50,57,47,54,55,61,58,60,55,59,52,59,58,57,49,61,49,60,46,58,60,46,42,59,56
50,57,47,54,55,61,58,60,55,59,52,59,58,57,49,61,49,60,46,58,60,46,42,59,56,49,40,45,51,57,57,60,56,53,60,59,57,59,58,56,47,59,59,59,49,44,59,46,60,59,50,57,47,54,55,60,58,62,55,60,52,59,58,57,49,61,49,60,47,58,60,46,42,59,56
50,57,47,54,55,60,58,62,55,60,52,59,58,57,49,61,49,60,47,58,60,46,42,59,56,50,40,45,51,57,57,60,56,53,60,59,56,60,58,57,46,59,58,59,49,45,60,45,60,59,50,56,47,54,55,59,59,62,55,60,52,60,59,57,49,61,49,60,47,59,61,46,42,60,54
50,56,47,54,55,59,59,62,55,60,52,60,59,57,49,61,49,60,47,59,61,46,42,60,54,50,40,45,50,57,56,61,56,53,60,60,56,60,58,57,46,59,58,59,49,45,60,45,61,60,50,57,46,54,55,59,59,61,56,60,52,60,59,56,49,61,50,61,47,59,60,47,42,60,54
50,57,46,54,55,59,59,61,56,60,52,60,59,56,49,61,50,61,47,59,60,47,42,60,54,51,40,46,50,57,56,60,56,53,61,60,56,61,58,58,46,58,58,59,49,45,59,45,61,60,50,57,45,55,55,59,60,59,56,60,51,60,59,57,48,61,49,61,48,59,60,47,42,60,53
50,57,45,55,55,59,60,59,56,60,51,60,59,57,48,61,49,61,48,59,60,47,42,60,53,51,40,46,50,57,56,59,56,53,61,60,56,61,58,58,46,57,57,59,49,46,59,45,61,60,49,57,45,55,55,58,60,58,56,60,51,60,59,57,48,61,49,61,48,60,59,47,42,60,52
49,57,45,55,55,58,60,58,56,60,51,60,59,57,48,61,49,61,48,60,59,47,42,60,52,51,40,46,50,57,56,59,56,52,61,60,56,61,59,59,46,56,57,58,48,46,59,45,61,60,50,57,45,54,55,58,60,56,56,60,51,61,60,57,48,61,49,61,49,60,59,47,42,60,52
50,57,45,54,55,58,60,56,56,60,51,61,60,57,48,61,49,61,49,60,59,47,42,60,52,51,40,46,49,56,56,58,55,52,61,60,55,60,59,59,46,56,56,58,48,46,59,45,61,61,50,57,45,54,55,58,60,55,57,60,51,61,60,56,48,61,48,61,49,60,58,47,43,60,52
50,57,45,54,55,58,60,55,57,60,51,61,60,56,48,61,48,61,49,60,58,47,43,60,52,51,40,46,48,55,56,57,55,51,61,60,55,60,59,60,46,55,56,58,48,46,59,45,61,62,49,57,45,54,54,58,60,53,57,60,50,60,60,56,48,61,48,61,49,61,57,47,43,62,52
49,57,45,54,54,58,60,53,57,60,50,60,60,56,48,61,48,61,49,61,57,47,43,62,52,50,41,46,48,54,56,56,54,51,61,60,55,59,58,60,46,54,56,57,48,46,59,44,61,61,49,57,44,53,54,58,60,52,57,60,50,60,61,56,47,61,48,61,50,62,57,47,43,61,52
49,57,44,53,54,58,60,52,57,60,50,60,61,56,47,61,48,61,50,62,57,47,43,61,52,50,41,46,48,54,56,55,53,50,61,60,54,59,58,60,45,53,55,56,48,47,57,44,61,62,49,57,45,53,53,58,61,50,57,60,49,61,61,55,47,61,47,62,50,61,56,47,43,60,52
49,57,45,53,53,58,61,50,57,60,49,61,61,55,47,61,47,62,50,61,56,47,43,60,52,50,42,45,48,54,56,54,53,50,61,60,53,59,57,61,46,52,54,56,48,47,56,44,61,61,48,57,45,52,53,57,62,50,56,60,49,61,61,55,47,61,47,63,50,61,56,47,44,62,52
48,57,45,52,53,57,62,50,56,60,49,61,61,55,47,61,47,63,50,61,56,47,44,62,52,50,42,43,49,54,55,53,52,50,61,60,52,59,57,62,45,51,54,55,48,47,56,44,61,61,48,56,44,52,54,57,62,50,56,60,49,61,61,55,46,61,47,61,50,62,56,46,43,61,52
48,56,44,52,54,57,62,50,56,60,49,61,61,55,46,61,47,61,50,62,56,46,43,61,52,50,42,42,49,54,54,53,52,49,60,59,52,59,57,61,45,51,54,54,48,46,56,44,61,61,47,55,44,52,54,57,62,49,55,60,49,61,61,55,46,61,48,61,50,62,55,46,43,62,52
47,55,44,52,54,57,62,49,55,60,49,61,61,55,46,61,48,61,50,62,55,46,43,62,52,49,42,42,49,53,53,52,52,49,59,59,51,59,56,60,45,50,54,53,48,46,55,44,61,61,47,54,44,51,54,55,61,49,55,59,48,61,61,55,46,61,48,61,50,62,54,46,44,61,52
47,54,44,51,54,55,61,49,55,59,48,61,61,55,46,61,48,61,50,62,54,46,44,61,52,49,42,41,50,53,53,52,51,49,59,59,50,59,55,59,45,49,53,53,48,47,55,45,61,61,47,54,45,50,54,54,61,49,55,59,49,61,61,55,47,60,48,61,50,61,53,46,44,61,52
47,54,45,50,54,54,61,49,55,59,49,61,61,55,47,60,48,61,50,61,53,46,44,61,52,49,41,41,49,53,52,51,51,49,58,59,49,58,55,58,45,48,53,52,48,46,55,45,60,61,47,54,45,50,54,54,61,49,55,59,49,61,61,54,47,60,49,61,50,62,53,47,44,62,52
47,54,45,50,54,54,61,49,55,59,49,61,61,54,47,60,49,61,50,62,53,47,44,62,52,49,42,41,49,52,52,51,51,49,58,58,49,58,55,56,45,48,53,52,49,46,55,45,60,61,47,53,45,50,53,53,61,49,55,59,49,61,60,54,47,60,49,61,50,62,52,46,44,62,53
47,53,45,50,53,53,61,49,55,59,49,61,60,54,47,60,49,61,50,62,52,46,44,62,53,50,42,41,49,52,52,51,50,49,58,56,48,58,54,56,45,47,53,52,48,46,55,46,60,63,47,53,45,50,53,53,60,49,55,58,49,61,60,53,47,61,49,61,50,62,52,46,45,61,52
47,53,45,50,53,53,60,49,55,58,49,61,60,53,47,61,49,61,50,62,52,46,45,61,52,49,42,41,49,52,52,51,50,48,58,55,48,58,53,55,45,47,52,51,48,47,55,46,59,62,46,52,46,50,52,52,60,49,54,58,49,60,59,53,47,61,49,61,50,60,52,46,45,61,52
46,52,46,50,52,52,60,49,54,58,49,60,59,53,47,61,49,61,50,60,52,46,45,61,52,49,42,41,49,52,52,51,50,48,57,54,48,58,52,54,45,47,52,50,47,46,54,46,59,62,46,52,45,50,52,51,59,49,54,58,49,59,59,53,47,61,49,61,50,59,51,46,45,59,52
46,52,45,50,52,51,59,49,54,58,49,59,59,53,47,61,49,61,50,59,51,46,45,59,52,49,42,41,48,51,52,50,50,48,57,53,47,57,51,54,45,47,51,50,47,46,53,46,58,61,46,53,45,50,52,51,58,49,53,57,48,57,58,53,47,60,49,61,50,58,51,46,45,57,51
46,53,45,50,52,51,58,49,53,57,48,57,58,53,47,60,49,61,50,58,51,46,45,57,51,49,42,41,47,50,51,50,49,48,57,53,47,57,50,53,44,47,50,50,47,46,53,46,57,61,46,53,45,50,51,50,58,49,52,56,48,56,57,52,46,58,50,60,50,57,50,46,45,56,51
46,53,45,50,51,50,58,49,52,56,48,56,57,52,46,58,50,60,50,57,50,46,45,56,51,48,42,41,47,50,51,50,49,48,56,52,47,56,50,52,44,47,50,50,47,46,52,46,56,61,46,51,45,49,51,50,57,47,51,55,48,55,56,51,46,58,50,58,50,56,50,46,45,54,49
46,51,45,49,51,50,57,47,51,55,48,55,56,51,46,58,50,58,50,56,50,46,45,54,49,48,42,41,47,49,50,50,49,48,55,51,47,56,50,51,43,46,50,50,47,46,51,46,56,60,46,50,45,49,51,50,57,47,51,54,48,54,55,51,46,57,50,57,50,55,50,47,45,52,49
46,50,45,49,51,50,57,47,51,54,48,54,55,51,46,57,50,57,50,55,50,47,45,52,49,48,43,41,46,48,50,50,49,48,55,51,47,55,49,50,43,46,50,50,47,46,51,46,55,59,46,50,45,49,50,50,56,47,51,53,48,54,54,50,47,56,50,57,50,55,50,47,45,51,48
46,50,45,49,50,50,56,47,51,53,48,54,54,50,47,56,50,57,50,55,50,47,45,51,48,48,43,41,46,48,50,50,49,48,55,50,47,54,49,50,43,46,50,50,48,46,50,46,54,59,46,50,45,49,50,50,56,47,51,53,48,53,52,50,47,55,50,56,50,54,50,47,45,50,48
46,50,45,49,50,50,56,47,51,53,48,53,52,50,47,55,50,56,50,54,50,47,45,50,48,48,43,41,46,48,50,50,49,48,54,50,47,54,49,49,44,47,50,50,48,46,50,46,53,59,46,50,45,48,49,50,55,47,51,52,48,52,52,50,47,55,50,55,50,53,50,47,46,49,48
46,50,45,48,49,50,55,47,51,52,48,52,52,50,47,55,50,55,50,53,50,47,46,49,48,48,44,41,46,48,50,50,49,48,54,50,48,54,49,49,44,47,50,50,48,47,50,47,53,58,46,50,45,49,49,50,55,47,52,52,48,52,51,49,47,55,51,55,50,52,49,48,46,49,48
46,50,45,49,49,50,55,47,52,52,48,52,51,49,47,55,51,55,50,52,49,48,46,49,48,48,44,41,46,48,50,50,49,49,54,50,48,54,49,49,44,47,50,50,48,47,49,47,52,58,47,50,46,49,49,50,55,48,52,52,49,52,51,49,48,54,51,54,50,52,49,48,46,48,48
47,50,46,49,49,50,55,48,52,52,49,52,51,49,48,54,51,54,50,52,49,48,46,48,48,49,44,41,46,48,51,50,49,49,54,50,48,54,49,49,44,47,50,51,49,48,49,47,52,58,47,50,46,49,50,50,55,48,52,52,49,52,51,49,48,54,51,54,51,51,49,48,46,47,48
47,50,46,49,50,50,55,48,52,52,49,52,51,49,48,54,51,54,51,51,49,48,46,47,48,49,45,41,46,48,51,50,50,49,54,51,48,54,50,49,45,47,51,51,49,48,49,48,51,57,47,50,46,49,50,50,55,48,52,52,49,52,51,49,48,54,52,53,51,51,50,49,46,47,48
47,50,46,49,50,50,55,48,52,52,49,52,51,49,48,54,52,53,51,51,50,49,46,47,48,49,45,41,46,48,51,51,50,50,54,51,48,54,50,49,45,48,51,51,49,48,48,48,51,57,48,50,46,49,50,50,55,48,52,52,49,52,51,49,48,54,52,53,51,50,50,49,46,46,48
48,50,46,49,50,50,55,48,52,52,49,52,51,49,48,54,52,53,51,50,50,49,46,46,48,50,45,41,47,49,51,51,50,50,54,51,49,54,50,50,45,48,51,51,50,48,48,49,50,57,48,51,47,49,50,50,55,49,53,52,50,52,51,50,49,53,52,53,52,49,50,50,46,46,49
48,51,47,49,50,50,55,49,53,52,50,52,51,50,49,53,52,53,52,49,50,50,46,46,49,50,46,41,47,49,51,51,51,51,55,51,49,55,50,50,46,48,52,52,50,48,48,49,50,57,48,51,47,49,51,50,55,49,53,52,50,53,51,50,49,53,53,52,52,49,50,50,46,46,49
48,51,47,49,51,50,55,49,53,52,50,53,51,50,49,53,53,52,52,49,50,50,46,46,49,51,47,41,47,49,52,51,51,51,55,51,49,55,50,50,46,48,52,52,51,48,47,49,50,57,49,51,47,49,51,50,55,49,53,52,50,53,51,50,50,53,53,52,53,48,50,51,46,45,49
49,51,47,49,51,50,55,49,53,52,50,53,51,50,50,53,53,52,53,48,50,51,46,45,49,51,47,41,46,49,52,52,51,51,55,52,50,55,51,50,46,48,52,53,51,48,47,50,49,57,49,51,48,49,51,50,55,50,53,52,51,53,51,50,50,52,54,52,53,48,51,51,46,45,50
49,51,48,49,51,50,55,50,53,52,51,53,51,50,50,52,54,52,53,48,51,51,46,45,50,52,47,41,46,50,52,52,52,52,55,52,50,55,51,51,47,48,53,53,52,48,47,50,49,57,50,50,48,49,52,51,55,50,54,52,51,53,52,51,51,52,54,51,53,48,51,52,46,45,50
50,50,48,49,52,51,55,50,54,52,51,53,52,51,51,52,54,51,53,48,51,52,46,45,50,52,47,41,46,50,53,53,52,52,56,52,51,56,51,51,47,48,53,54,52,48,47,51,49,57,50,50,49,48,52,51,55,50,54,53,52,54,52,51,51,52,55,51,54,47,51,52,46,44,51
50,50,49,48,52,51,55,50,54,53,52,54,52,51,51,52,55,51,54,47,51,52,46,44,51,53,47,41,46,51,53,53,53,53,56,53,51,56,52,51,48,48,54,54,53,48,46,52,48,57,50,50,49,48,52,51,56,51,54,53,52,54,52,51,52,52,55,51,54,47,51,53,46,44,51
50,50,49,48,52,51,56,51,54,53,52,54,52,51,52,52,55,51,54,47,51,53,46,44,51,53,47,41,46,51,54,53,53,53,56,53,52,56,52,52,48,48,54,54,53,48,46,52,48,57,51,50,50,48,53,52,56,51,55,53,53,53,53,52,52,52,56,51,55,47,52,53,46,44,52
51,50,50,48,53,52,56,51,55,53,53,53,53,52,52,52,56,51,55,47,52,53,46,44,52,54,47,41,46,51,54,54,54,54,55,54,52,57,53,52,49,48,55,55,54,48,46,53,48,57,51,50,50,48,53,52,56,52,55,54,53,53,53,52,52,52,56,51,55,47,52,54,46,44,52
51,50,50,48,53,52,56,52,55,54,53,53,53,52,52,52,56,51,55,47,52,54,46,44,52,54,48,41,46,51,54,54,54,55,55,54,53,57,53,52,49,48,55,55,54,48,46,53,48,57,51,50,51,48,53,53,57,52,56,54,54,53,53,52,53,51,57,51,56,46,52,54,46,44,53
51,50,51,48,53,53,57,52,56,54,54,53,53,52,53,51,57,51,56,46,52,54,46,44,53,55,48,41,46,51,55,55,55,55,55,54,53,58,53,53,50,48,56,56,55,48,46,54,47,57,52,50,51,48,53,53,57,53,56,54,54,53,54,53,53,51,57,51,56,46,53,55,46,43,53
52,50,51,48,53,53,57,53,56,54,54,53,54,53,53,51,57,51,56,46,53,55,46,43,53,55,48,41,46,51,56,56,55,56,55,55,54,58,54,53,51,48,56,56,56,48,46,54,47,57,52,50,52,48,53,54,57,53,57,55,55,53,54,53,54,51,58,50,57,46,54,56,46,43,54
52,50,52,48,53,54,57,53,57,55,55,53,54,53,54,51,58,50,57,46,54,56,46,43,54,56,48,41,45,51,56,56,56,56,55,55,54,59,54,54,51,47,57,57,56,48,45,55,47,58,52,50,52,48,53,54,58,54,57,55,55,53,55,54,54,51,58,50,58,46,54,56,46,43,54
52,50,52,48,53,54,58,54,57,55,55,53,55,54,54,51,58,50,58,46,54,56,46,43,54,57,48,41,45,51,57,56,57,56,54,56,55,59,55,54,52,47,57,57,57,48,45,55,47,58,52,50,53,48,53,54,58,54,58,55,56,53,56,54,55,51,59,50,58,46,55,57,46,43,55
52,50,53,48,53,54,58,54,58,55,56,53,56,54,55,51,59,50,58,46,55,57,46,43,55,57,48,41,45,51,57,56,57,56,54,56,55,60,56,55,52,47,58,58,57,48,45,56,47,58,52,50,54,48,53,54,58,55,58,55,57,53,56,55,56,51,59,50,59,45,55,57,46,43,56
52,50,54,48,53,54,58,55,58,55,57,53,56,55,56,51,59,50,59,45,55,57,46,43,56,57,48,41,45,51,58,56,58,56,54,57,56,60,56,56,53,47,58,58,58,48,45,57,46,59,52,50,54,48,54,54,59,56,59,55,57,53,56,55,56,51,60,50,59,45,56,58,46,43,56
52,50,54,48,54,54,59,56,59,55,57,53,56,55,56,51,60,50,59,45,56,58,46,43,56,57,48,42,45,51,58,56,58,56,53,57,57,60,57,56,54,47,59,59,58,49,45,57,46,59,52,50,55,47,54,54,59,56,59,55,58,53,57,56,56,51,60,50,59,45,56,58,46,43,57
52,50,55,47,54,54,59,56,59,55,58,53,57,56,56,51,60,50,59,45,56,58,46,43,57,57,48,42,45,51,58,57,59,56,53,58,57,59,57,57,54,47,59,59,59,49,44,58,46,59,52,50,55,47,53,54,60,57,59,55,58,53,58,57,56,51,60,50,59,46,57,59,46,43,58
52,50,55,47,53,54,60,57,59,55,58,53,58,57,56,51,60,50,59,46,57,59,46,43,58,56,48,43,45,51,58,57,59,57,53,58,58,58,58,57,55,47,59,59,59,48,44,58,46,59,52,50,56,47,54,54,60,57,60,55,59,53,58,57,56,50,60,49,60,46,57,59,46,43,58
52,50,56,47,54,54,60,57,60,55,59,53,58,57,56,50,60,49,60,46,57,59,46,43,58,56,49,43,45,51,57,57,60,56,53,59,59,57,59,58,56,47,59,59,59,49,44,59,46,60,52,50,57,47,54,54,61,58,60,55,59,52,59,58,56,49,61,49,60,46,58,60,46,43,59
52,50,57,47,54,54,61,58,60,55,59,52,59,58,56,49,61,49,60,46,58,60,46,43,59,56,49,43,45,51,57,57,60,56,52,60,59,57,59,58,56,47,59,59,59,49,44,59,46,60,53,50,57,47,54,55,60,58,62,55,60,52,59,58,56,49,61,49,60,47,58,60,46,43,59
53,50,57,47,54,55,60,58,62,55,60,52,59,58,56,49,61,49,60,47,58,60,46,43,59,56,50,43,45,51,57,57,60,56,53,60,59,56,60,58,57,46,59,58,59,49,45,60,45,60,53,50,56,47,54,55,59,59,62,55,60,52,60,59,57,49,61,49,60,47,59,60,46,43,60
53,50,56,47,54,55,59,59,62,55,60,52,60,59,57,49,61,49,60,47,59,60,46,43,60,54,50,43,45,50,57,56,61,56,53,60,60,56,60,58,57,46,59,58,59,49,45,60,45,61,53,50,56,46,54,55,59,59,61,56,60,52,60,59,56,49,61,50,61,47,59,60,47,43,60
53,50,56,46,54,55,59,59,61,56,60,52,60,59,56,49,61,50,61,47,59,60,47,43,60,53,51,42,46,50,57,56,60,56,53,61,60,56,61,58,58,46,58,58,59,49,45,59,45,61,54,50,57,45,55,55,59,60,59,56,60,51,60,59,57,48,61,49,61,48,59,59,47,43,60
54,50,57,45,55,55,59,60,59,56,60,51,60,59,57,48,61,49,61,48,59,59,47,43,60,53,51,42,46,50,57,56,59,56,53,61,60,56,60,58,58,46,57,57,59,49,45,59,45,61,54,49,57,45,55,55,58,60,58,56,60,51,60,59,57,48,61,49,61,48,60,59,47,43,60
54,49,57,45,55,55,58,60,58,56,60,51,60,59,57,48,61,49,61,48,60,59,47,43,60,52,51,42,46,50,56,56,59,56,52,61,60,56,61,58,59,46,56,57,58,48,46,59,45,61,54,50,57,45,54,55,58,60,56,56,60,51,61,60,56,48,61,49,61,49,60,59,47,42,60
54,50,57,45,54,55,58,60,56,56,60,51,61,60,56,48,61,49,61,49,60,59,47,42,60,52,51,42,46,49,56,56,58,55,52,61,60,55,60,59,59,46,55,56,58,48,46,59,45,61,55,49,57,45,54,55,58,60,55,56,60,51,60,60,56,48,61,48,61,49,60,58,47,43,60
55,49,57,45,54,55,58,60,55,56,60,51,60,60,56,48,61,48,61,49,60,58,47,43,60,52,50,42,46,48,55,56,57,55,51,61,60,55,60,59,60,46,55,56,58,48,46,59,44,61,55,49,57,44,53,54,58,60,53,57,60,50,60,60,56,48,61,48,61,49,61,57,47,43,62
55,49,57,44,53,54,58,60,53,57,60,50,60,60,56,48,61,48,61,49,61,57,47,43,62,52,50,42,46,48,54,56,56,54,51,61,60,55,59,58,60,45,54,55,57,48,46,59,44,61,55,49,57,44,53,54,58,60,52,57,60,50,60,61,56,47,61,48,60,49,62,56,47,43,61
55,49,57,44,53,54,58,60,52,57,60,50,60,61,56,47,61,48,60,49,62,56,47,43,61,52,50,42,45,48,54,56,55,53,50,61,60,54,59,57,60,45,52,54,56,48,46,57,44,61,56,49,57,44,53,53,58,61,50,57,60,49,61,61,55,47,61,47,62,50,61,56,47,43,60
56,49,57,44,53,53,58,61,50,57,60,49,61,61,55,47,61,47,62,50,61,56,47,43,60,51,49,42,45,48,54,56,54,52,50,61,60,53,59,57,61,45,52,54,56,48,47,56,44,61,56,48,57,44,52,53,57,62,50,56,60,49,61,61,55,47,61,47,63,50,61,56,47,43,62
56,48,57,44,52,53,57,62,50,56,60,49,61,61,55,47,61,47,63,50,61,56,47,43,62,52,49,42,43,48,54,55,53,52,49,61,60,52,59,57,62,45,51,54,55,48,46,56,44,61,56,48,56,44,52,53,57,62,50,56,60,49,61,61,55,46,61,47,61,50,62,56,46,43,61
56,48,56,44,52,53,57,62,50,56,60,49,61,61,55,46,61,47,61,50,62,56,46,43,61,52,49,42,42,49,53,53,52,52,49,60,59,52,59,57,61,45,50,54,54,48,46,56,44,61,55,47,55,44,52,53,57,62,49,55,60,48,61,61,55,46,61,48,61,50,62,55,46,43,62
55,47,55,44,52,53,57,62,49,55,60,48,61,61,55,46,61,48,61,50,62,55,46,43,62,52,49,42,41,49,53,53,52,51,49,59,59,51,59,56,60,45,50,54,53,48,46,55,44,61,54,47,54,44,51,53,55,61,49,55,59,48,61,61,55,46,61,48,61,50,62,54,46,44,61
54,47,54,44,51,53,55,61,49,55,59,48,61,61,55,46,61,48,61,50,62,54,46,44,61,52,49,41,41,49,53,52,52,51,49,59,59,50,58,55,59,45,49,53,53,48,46,55,44,60,54,47,54,45,50,54,54,61,49,55,59,49,61,61,54,46,60,48,61,50,61,53,46,44,61
54,47,54,45,50,54,54,61,49,55,59,49,61,61,54,46,60,48,61,50,61,53,46,44,61,52,49,41,41,49,53,52,51,51,49,58,58,49,58,55,58,45,48,53,52,48,46,55,45,60,54,47,54,45,50,53,53,61,49,55,59,49,61,60,54,47,60,49,61,50,62,53,46,44,62
54,47,54,45,50,53,53,61,49,55,59,49,61,60,54,47,60,49,61,50,62,53,46,44,62,52,49,41,41,49,52,52,51,50,49,58,57,48,58,55,56,45,47,53,52,48,46,55,45,60,54,47,53,45,50,53,53,61,49,55,59,49,61,60,53,46,60,49,61,49,62,52,46,44,62
54,47,53,45,50,53,53,61,49,55,59,49,61,60,53,46,60,49,61,49,62,52,46,44,62,52,49,41,41,49,52,52,51,50,48,57,56,48,58,54,56,45,47,53,51,48,46,55,45,59,54,47,53,45,50,52,52,60,49,54,58,49,61,60,53,47,61,49,61,50,62,52,46,44,61
54,47,53,45,50,52,52,60,49,54,58,49,61,60,53,47,61,49,61,50,62,52,46,44,61,52,49,42,41,49,52,52,51,50,48,57,55,48,58,53,55,45,47,52,51,48,46,55,45,59,54,46,52,45,50,52,52,60,49,54,58,49,60,59,53,47,61,49,61,50,60,51,46,44,61
54,46,52,45,50,52,52,60,49,54,58,49,60,59,53,47,61,49,61,50,60,51,46,44,61,52,49,42,40,48,51,52,51,50,48,57,54,47,58,52,54,45,47,51,50,47,46,54,46,58,54,46,52,45,50,52,51,59,48,54,58,49,59,59,53,47,61,49,61,50,59,51,46,44,59
54,46,52,45,50,52,51,59,48,54,58,49,59,59,53,47,61,49,61,50,59,51,46,44,59,52,49,42,40,48,51,51,50,49,48,57,53,47,57,51,53,44,47,51,50,47,46,53,46,58,54,46,52,45,50,52,50,58,49,53,57,48,57,58,52,47,60,49,60,50,58,51,46,44,57
54,46,52,45,50,52,50,58,49,53,57,48,57,58,52,47,60,49,60,50,58,51,46,44,57,51,49,42,40,47,50,51,50,49,48,57,53,47,56,50,53,44,46,50,50,47,45,52,46,57,53,46,52,45,50,51,50,57,48,52,56,48,56,57,52,46,58,49,59,50,57,50,46,44,55
53,46,52,45,50,51,50,57,48,52,56,48,56,57,52,46,58,49,59,50,57,50,46,44,55,50,48,42,40,47,49,51,50,49,48,56,52,47,56,50,51,43,46,50,50,47,46,51,46,56,53,46,51,45,49,51,50,57,47,51,55,48,55,56,51,46,57,50,58,50,56,49,46,45,54
53,46,51,45,49,51,50,57,47,51,55,48,55,56,51,46,57,50,58,50,56,49,46,45,54,49,48,42,41,47,49,50,50,49,48,55,51,47,55,49,50,43,46,50,50,47,46,51,46,55,54,46,50,45,49,50,50,56,47,51,54,48,54,55,51,46,57,49,57,50,55,49,46,45,52
54,46,50,45,49,50,50,56,47,51,54,48,54,55,51,46,57,49,57,50,55,49,46,45,52,48,48,42,41,46,48,50,50,49,48,55,51,47,55,49,50,43,46,49,49,47,46,51,46,55,53,46,50,45,49,50,50,56,47,51,53,48,53,54,50,47,56,50,56,50,54,49,47,45,50
53,46,50,45,49,50,50,56,47,51,53,48,53,54,50,47,56,50,56,50,54,49,47,45,50,48,48,43,41,46,48,50,50,49,48,55,50,47,54,49,49,43,46,49,50,47,46,50,46,54,53,46,50,45,49,49,49,56,47,51,53,48,53,52,50,47,55,50,56,50,53,49,47,45,50
53,46,50,45,49,49,49,56,47,51,53,48,53,52,50,47,55,50,56,50,53,49,47,45,50,48,48,43,41,46,48,50,50,49,48,54,50,47,54,49,49,43,46,50,50,48,46,50,46,53,53,46,50,45,48,49,49,55,47,51,52,48,52,51,49,47,55,50,55,50,53,49,47,45,49
53,46,50,45,48,49,49,55,47,51,52,48,52,51,49,47,55,50,55,50,53,49,47,45,49,48,48,43,41,46,48,50,50,49,48,54,50,47,54,49,49,44,46,50,50,48,47,50,47,52,53,46,49,45,48,49,49,55,47,51,52,48,52,51,49,47,55,50,55,50,52,49,48,45,48
53,46,49,45,48,49,49,55,47,51,52,48,52,51,49,47,55,50,55,50,52,49,48,45,48,48,48,44,41,46,48,50,50,49,49,54,50,48,54,49,49,44,47,50,50,48,47,49,47,52,53,46,50,45,48,49,49,55,47,52,52,48,52,51,49,47,54,51,54,50,52,49,48,45,48
53,46,50,45,48,49,49,55,47,52,52,48,52,51,49,47,54,51,54,50,52,49,48,45,48,48,49,44,41,46,48,50,50,49,49,54,50,48,54,49,49,44,47,50,50,49,47,49,47,51,53,47,50,46,48,50,49,55,48,52,52,49,52,51,49,48,54,51,54,51,51,49,48,45,47
53,47,50,46,48,50,49,55,48,52,52,49,52,51,49,48,54,51,54,51,51,49,48,45,47,48,49,44,41,46,48,51,50,50,49,54,50,48,54,49,49,44,47,50,51,49,47,48,48,51,53,47,50,46,48,50,50,55,48,52,52,49,52,51,49,48,54,51,53,51,50,49,49,45,47
53,47,50,46,48,50,50,55,48,52,52,49,52,51,49,48,54,51,53,51,50,49,49,45,47,48,49,45,41,46,48,51,50,50,50,54,51,48,54,50,49,45,47,51,51,49,48,48,48,50,54,47,50,46,48,50,50,55,48,52,52,49,52,51,49,48,53,52,53,51,50,50,49,45,46
54,47,50,46,48,50,50,55,48,52,52,49,52,51,49,48,53,52,53,51,50,50,49,45,46,48,50,45,41,46,48,51,51,50,50,54,51,49,54,50,49,45,48,51,51,50,48,48,48,50,54,48,50,46,48,50,50,55,48,52,52,49,52,51,49,49,53,52,52,52,49,50,50,45,46
54,48,50,46,48,50,50,55,48,52,52,49,52,51,49,49,53,52,52,52,49,50,50,45,46,48,50,46,41,46,49,51,51,51,50,55,51,49,55,50,50,45,48,51,52,50,48,47,49,50,54,48,50,47,48,50,50,55,49,53,52,50,52,51,50,49,53,53,52,52,49,50,50,45,45
54,48,50,47,48,50,50,55,49,53,52,50,52,51,50,49,53,53,52,52,49,50,50,45,45,49,50,46,41,46,49,52,51,51,51,55,51,49,55,50,50,46,48,52,52,51,48,47,49,49,54,49,50,47,48,51,50,55,49,53,52,50,53,51,50,50,52,53,52,52,48,50,51,45,45
54,49,50,47,48,51,50,55,49,53,52,50,53,51,50,50,52,53,52,52,48,50,51,45,45,49,51,47,41,46,49,52,52,51,51,55,52,50,55,51,50,46,48,52,53,51,48,47,50,49,55,49,50,48,48,51,50,55,49,53,52,51,53,51,50,50,52,54,51,53,48,50,51,45,45
55,49,50,48,48,51,50,55,49,53,52,51,53,51,50,50,52,54,51,53,48,50,51,45,45,50,51,47,41,46,50,52,52,52,52,55,52,50,55,51,50,47,48,53,53,52,48,46,50,49,55,50,50,48,48,51,51,55,50,54,52,51,53,51,50,50,52,54,51,53,47,51,52,45,44
55,50,50,48,48,51,51,55,50,54,52,51,53,51,50,50,52,54,51,53,47,51,52,45,44,50,52,47,41,46,50,53,53,52,52,56,52,51,56,51,51,47,48,53,53,52,48,46,51,48,55,50,50,48,48,52,51,55,50,54,53,52,53,52,51,51,52,55,51,54,47,51,52,45,44
55,50,50,48,48,52,51,55,50,54,53,52,53,52,51,51,52,55,51,54,47,51,52,45,44,50,53,47,41,46,50,53,53,53,53,55,53,51,56,52,51,48,48,54,54,53,48,46,51,48,56,50,50,49,48,52,51,56,51,54,53,52,53,52,51,51,52,55,51,54,47,51,53,45,44
56,50,50,49,48,52,51,56,51,54,53,52,53,52,51,51,52,55,51,54,47,51,53,45,44,51,53,47,41,46,51,53,53,53,53,55,53,51,56,52,51,48,47,54,54,53,48,46,52,48,56,51,50,49,48,52,52,56,51,55,53,52,53,53,51,52,51,55,51,55,46,52,53,45,44
56,51,50,49,48,52,52,56,51,55,53,52,53,53,51,52,51,55,51,55,46,52,53,45,44,51,54,47,41,45,51,54,54,54,54,55,53,52,57,52,52,49,47,55,55,54,48,46,53,47,56,51,50,50,48,53,52,56,52,55,54,53,53,53,52,52,51,56,51,55,46,52,54,46,43
56,51,50,50,48,53,52,56,52,55,54,53,53,53,52,52,51,56,51,55,46,52,54,46,43,52,54,47,41,45,51,54,54,54,54,55,54,52,57,53,52,49,47,55,55,54,48,46,53,47,57,51,50,50,48,53,53,57,52,56,54,53,53,53,52,53,51,56,50,56,46,52,54,46,43
57,51,50,50,48,53,53,57,52,56,54,53,53,53,52,53,51,56,50,56,46,52,54,46,43,52,55,47,41,45,51,55,55,55,55,55,54,53,58,53,53,50,47,56,56,55,48,45,54,47,57,51,50,51,48,53,53,57,53,56,54,54,53,54,53,53,51,57,50,56,46,53,55,46,43
57,51,50,51,48,53,53,57,53,56,54,54,53,54,53,53,51,57,50,56,46,53,55,46,43,53,55,47,41,45,51,55,55,55,56,55,55,54,58,54,53,50,47,56,56,56,48,45,54,47,57,51,50,52,48,53,54,57,53,57,55,55,53,54,53,54,51,58,50,57,46,53,56,46,43
57,51,50,52,48,53,54,57,53,57,55,55,53,54,53,54,51,58,50,57,46,53,56,46,43,54,56,47,40,45,51,56,56,56,56,54,55,54,59,54,54,51,47,57,57,56,48,45,55,47,58,52,50,52,48,53,54,58,54,57,55,55,53,55,54,54,51,58,50,57,45,54,56,46,43
58,52,50,52,48,53,54,58,54,57,55,55,53,55,54,54,51,58,50,57,45,54,56,46,43,54,56,47,40,45,51,57,56,57,56,54,56,55,59,55,54,52,47,57,57,57,48,45,55,47,58,52,50,53,48,53,54,58,54,57,55,56,53,55,54,55,51,59,50,58,45,55,57,46,43
58,52,50,53,48,53,54,58,54,57,55,56,53,55,54,55,51,59,50,58,45,55,57,46,43,55,56,48,40,45,51,57,56,57,56,54,56,55,60,55,55,52,47,58,58,57,48,45,56,46,58,52,50,53,47,53,54,58,55,58,55,56,53,56,55,56,51,59,50,58,45,55,57,46,43
58,52,50,53,47,53,54,58,55,58,55,56,53,56,55,56,51,59,50,58,45,55,57,46,43,56,56,48,40,45,51,58,56,58,56,53,57,56,60,56,56,53,47,58,58,58,48,44,57,46,59,52,50,54,47,53,54,59,56,59,55,57,52,56,55,56,51,59,50,59,45,56,58,46,43
59,52,50,54,47,53,54,59,56,59,55,57,52,56,55,56,51,59,50,59,45,56,58,46,43,56,56,48,40,45,51,58,56,58,56,53,57,57,60,57,56,54,47,59,59,58,48,44,57,46,59,52,49,55,47,53,54,59,56,59,54,58,52,57,56,56,51,60,50,59,45,56,58,46,43
59,52,49,55,47,53,54,59,56,59,54,58,52,57,56,56,51,60,50,59,45,56,58,46,43,57,56,48,40,45,51,58,56,59,56,53,58,57,59,57,57,54,47,59,59,59,48,44,58,46,60,52,49,55,47,53,54,60,57,59,54,58,52,58,56,56,50,60,49,59,46,57,59,46,42
60,52,49,55,47,53,54,60,57,59,54,58,52,58,56,56,50,60,49,59,46,57,59,46,42,58,56,48,40,45,51,57,57,59,56,52,58,58,58,58,57,55,47,59,59,59,48,44,58,46,60,52,49,56,47,53,54,60,57,60,55,59,52,58,57,56,50,60,49,60,46,57,59,46,42
60,52,49,56,47,53,54,60,57,60,55,59,52,58,57,56,50,60,49,60,46,57,59,46,42,58,56,49,40,45,51,57,57,60,56,52,59,59,57,59,58,56,46,59,59,59,49,44,59,46,60,52,50,56,46,54,54,60,58,60,55,59,52,59,58,56,49,61,49,60,46,58,60,46,42
60,52,50,56,46,54,54,60,58,60,55,59,52,59,58,56,49,61,49,60,46,58,60,46,42,59,56,49,40,45,51,57,57,60,56,52,60,59,57,59,58,56,46,59,58,59,48,44,59,45,60,52,50,56,46,54,54,60,58,62,55,59,52,59,58,56,49,61,49,60,46,58,60,46,42
60,52,50,56,46,54,54,60,58,62,55,59,52,59,58,56,49,61,49,60,46,58,60,46,42,59,55,49,40,45,50,57,56,60,56,52,60,59,56,60,57,57,46,59,58,59,49,44,59,45,61,53,50,56,46,54,55,59,59,62,55,60,52,60,59,56,48,61,49,60,47,59,60,46,42
61,53,50,56,46,54,55,59,59,62,55,60,52,60,59,56,48,61,49,60,47,59,60,46,42,60,54,50,40,45,50,57,56,60,55,53,60,59,56,60,57,57,46,58,58,59,49,45,60,45,61,53,50,56,46,54,55,58,59,60,56,60,52,60,59,56,48,61,49,61,47,59,60,46,41
61,53,50,56,46,54,55,58,59,60,56,60,52,60,59,56,48,61,49,61,47,59,60,46,41,60,53,50,39,45,50,57,56,60,55,53,61,60,56,61,57,58,46,58,57,59,49,45,59,45,61,54,50,56,45,54,55,58,59,59,56,60,51,60,59,56,48,61,49,61,48,59,59,46,42
61,54,50,56,45,54,55,58,59,59,56,60,51,60,59,56,48,61,49,61,48,59,59,46,42,60,53,50,40,45,50,56,56,59,56,52,61,60,56,60,58,58,46,57,57,59,48,45,59,45,61,54,49,57,45,55,55,58,60,58,56,60,51,60,59,56,48,61,49,61,48,60,59,47,42
61,54,49,57,45,55,55,58,60,58,56,60,51,60,59,56,48,61,49,61,48,60,59,47,42,60,52,51,40,45,49,56,55,59,56,52,61,60,55,60,58,59,46,56,57,58,48,46,59,45,61,54,49,57,45,54,55,57,60,56,56,60,51,61,60,56,48,61,48,61,49,60,58,47,42
61,54,49,57,45,54,55,57,60,56,56,60,51,61,60,56,48,61,48,61,49,60,58,47,42,60,52,51,40,45,49,56,55,58,55,51,61,60,55,60,59,59,46,55,56,58,48,46,59,44,61,55,49,57,44,54,54,57,60,54,56,60,51,60,60,56,48,61,48,61,49,60,57,46,42
61,55,49,57,44,54,54,57,60,54,56,60,51,60,60,56,48,61,48,61,49,60,57,46,42,60,52,50,40,45,48,55,56,57,55,51,61,59,55,59,58,60,45,54,56,58,48,46,59,44,61,55,49,57,44,53,54,58,60,53,57,59,50,60,60,55,47,61,48,61,49,61,57,46,43
61,55,49,57,44,53,54,58,60,53,57,59,50,60,60,55,47,61,48,61,49,61,57,46,43,62,51,50,41,45,48,54,55,56,54,51,61,59,55,59,58,60,45,53,55,57,48,46,59,44,61,55,49,57,44,53,54,58,60,52,57,59,50,60,61,55,46,61,48,60,49,62,56,47,43
61,55,49,57,44,53,54,58,60,52,57,59,50,60,61,55,46,61,48,60,49,62,56,47,43,61,51,50,41,45,47,54,56,55,53,50,61,60,54,59,57,60,45,52,54,56,48,46,57,43,61,56,49,57,44,52,53,57,61,50,57,60,49,61,61,55,46,61,47,62,49,61,56,47,43
61,56,49,57,44,52,53,57,61,50,57,60,49,61,61,55,46,61,47,62,49,61,56,47,43,60,51,49,41,45,48,54,55,54,52,49,61,60,53,59,57,61,45,52,54,56,48,46,56,43,61,56,48,57,44,52,53,56,62,49,56,60,49,61,61,55,46,61,47,63,50,61,55,47,43
61,56,48,57,44,52,53,56,62,49,56,60,49,61,61,55,46,61,47,63,50,61,55,47,43,62,51,49,42,42,48,54,55,53,52,49,61,60,52,59,56,62,45,50,54,54,47,46,56,44,62,56,47,56,44,52,53,56,62,49,55,60,48,61,61,55,46,61,47,61,50,62,55,46,43
62,56,47,56,44,52,53,56,62,49,55,60,48,61,61,55,46,61,47,61,50,62,55,46,43,61,51,49,42,42,49,53,53,52,51,49,60,59,51,59,56,61,45,50,54,53,48,46,55,44,61,55,47,55,44,52,53,56,62,49,55,60,48,61,61,55,46,61,47,61,50,62,55,46,43
61,55,47,55,44,52,53,56,62,49,55,60,48,61,61,55,46,61,47,61,50,62,55,46,43,62,52,49,42,41,49,53,53,52,51,49,59,59,50,59,56,60,45,50,54,53,48,46,55,44,60,54,47,54,44,51,53,55,61,49,55,59,48,61,61,55,46,61,48,61,50,62,54,46,43
60,54,47,54,44,51,53,55,61,49,55,59,48,61,61,55,46,61,48,61,50,62,54,46,43,61,52,49,41,41,49,53,52,52,51,49,59,58,50,58,55,59,45,49,53,52,48,46,55,44,60,54,46,54,44,50,54,54,61,48,55,59,48,61,61,54,46,60,48,61,50,61,53,46,44
60,54,46,54,44,50,54,54,61,48,55,59,48,61,61,54,46,60,48,61,50,61,53,46,44,61,52,49,41,41,49,52,52,51,51,49,58,58,49,58,55,58,45,48,53,52,48,46,55,45,59,54,46,53,44,50,53,53,61,48,55,59,49,61,60,54,46,60,48,61,50,62,52,46,44
59,54,46,53,44,50,53,53,61,48,55,59,49,61,60,54,46,60,48,61,50,62,52,46,44,62,52,49,41,41,49,52,52,51,50,49,57,57,48,58,54,56,45,47,53,52,48,46,55,45,58,54,46,53,45,50,53,53,61,48,55,58,49,61,60,53,46,60,49,61,49,62,52,46,44
58,54,46,53,45,50,53,53,61,48,55,58,49,61,60,53,46,60,49,61,49,62,52,46,44,62,52,49,41,41,49,52,52,51,50,48,57,56,48,58,53,56,45,47,53,51,48,46,55,45,58,54,46,52,45,50,52,52,60,49,54,58,49,61,59,53,46,60,49,61,49,61,51,46,44
58,54,46,52,45,50,52,52,60,49,54,58,49,61,59,53,46,60,49,61,49,61,51,46,44,61,52,49,42,41,49,51,52,51,50,48,57,54,48,58,52,55,45,47,52,51,48,46,54,45,58,54,46,52,45,49,52,52,60,48,54,58,49,60,59,53,47,60,49,61,49,60,51,46,44
58,54,46,52,45,49,52,52,60,48,54,58,49,60,59,53,47,60,49,61,49,60,51,46,44,61,52,49,42,40,48,51,52,51,50,48,57,54,47,58,52,54,44,47,51,50,47,46,54,45,58,54,45,52,45,50,52,51,59,48,54,58,48,58,59,53,47,61,49,61,50,59,51,46,44
58,54,45,52,45,50,52,51,59,48,54,58,48,58,59,53,47,61,49,61,50,59,51,46,44,58,51,49,42,40,47,51,51,50,49,48,57,53,47,57,51,53,44,47,51,50,47,46,53,45,57,54,46,52,45,50,52,50,58,48,53,57,48,57,58,52,46,59,49,60,50,58,51,46,44
57,54,46,52,45,50,52,50,58,48,53,57,48,57,58,52,46,59,49,60,50,58,51,46,44,57,51,49,42,40,47,50,51,50,49,48,57,53,47,56,50,52,44,46,50,50,47,45,52,45,56,53,46,52,45,49,51,50,57,48,52,56,48,56,57,52,46,58,49,59,50,57,50,46,44
56,53,46,52,45,49,51,50,57,48,52,56,48,56,57,52,46,58,49,59,50,57,50,46,44,55,50,48,42,40,47,49,51,50,49,48,56,51,47,56,50,51,43,46,50,50,47,45,51,46,55,53,46,51,45,49,51,50,57,47,51,55,48,55,56,51,46,57,49,58,50,56,49,46,44
55,53,46,51,45,49,51,50,57,47,51,55,48,55,56,51,46,57,49,58,50,56,49,46,44,54,49,48,42,40,46,49,50,50,49,48,55,51,47,55,49,50,43,46,49,50,47,46,51,46,54,53,46,50,45,49,50,50,56,47,51,54,47,54,55,51,46,57,49,57,49,55,49,46,45
54,53,46,50,45,49,50,50,56,47,51,54,47,54,55,51,46,57,49,57,49,55,49,46,45,52,48,48,42,40,46,48,50,50,49,48,55,51,47,55,49,50,43,46,49,49,47,46,50,46,54,53,46,50,45,49,50,50,56,47,51,53,47,53,54,50,46,56,50,56,49,54,49,47,45
54,53,46,50,45,49,50,50,56,47,51,53,47,53,54,50,46,56,50,56,49,54,49,47,45,50,48,48,42,40,46,48,50,49,49,48,55,50,47,54,49,49,43,46,49,49,47,46,50,46,53,53,46,50,45,48,49,49,56,47,51,52,48,53,52,50,47,55,50,55,50,53,49,47,45
53,53,46,50,45,48,49,49,56,47,51,52,48,53,52,50,47,55,50,55,50,53,49,47,45,49,48,48,43,40,46,47,50,50,49,48,54,50,47,54,49,49,43,46,50,50,48,46,50,46,53,53,46,49,45,48,49,49,55,47,51,52,48,52,51,49,47,55,50,55,50,53,49,47,45
53,53,46,49,45,48,49,49,55,47,51,52,48,52,51,49,47,55,50,55,50,53,49,47,45,49,47,48,43,40,45,47,50,50,49,48,54,50,47,54,49,49,43,46,50,50,48,47,50,46,53,53,46,49,45,48,49,49,55,47,51,52,48,52,51,49,47,54,50,54,50,52,49,48,45
53,53,46,49,45,48,49,49,55,47,51,52,48,52,51,49,47,54,50,54,50,52,49,48,45,48,47,48,44,40,45,48,50,50,49,48,54,50,47,54,49,49,44,47,50,50,48,47,49,47,52,53,46,49,45,48,49,49,55,47,52,52,48,52,51,49,47,54,51,54,50,51,49,48,45
52,53,46,49,45,48,49,49,55,47,52,52,48,52,51,49,47,54,51,54,50,51,49,48,45,47,47,49,44,41,46,48,50,50,49,49,54,50,48,54,49,49,44,47,50,50,49,47,48,47,52,53,47,50,46,48,49,49,55,47,52,51,48,52,51,49,48,54,51,53,51,51,49,48,45
52,53,47,50,46,48,49,49,55,47,52,51,48,52,51,49,48,54,51,53,51,51,49,48,45,47,48,49,44,41,46,48,51,50,50,49,54,50,48,54,49,49,44,47,50,51,49,47,48,47,52,53,47,50,46,48,50,49,55,48,52,51,49,52,51,49,48,54,51,53,51,50,49,49,45
52,53,47,50,46,48,50,49,55,48,52,51,49,52,51,49,48,54,51,53,51,50,49,49,45,46,48,49,45,40,46,48,51,50,50,49,54,51,48,54,49,49,44,47,51,51,49,47,48,48,52,53,47,50,46,48,50,50,55,48,52,51,49,52,51,49,48,53,52,52,51,49,49,49,45
52,53,47,50,46,48,50,50,55,48,52,51,49,52,51,49,48,53,52,52,51,49,49,49,45,46,48,50,45,40,46,48,51,51,50,50,54,51,49,54,50,49,45,48,51,51,50,47,47,48,52,54,48,50,46,48,50,50,55,48,52,51,49,52,51,49,49,53,52,52,52,49,50,49,45
52,54,48,50,46,48,50,50,55,48,52,51,49,52,51,49,49,53,52,52,52,49,50,49,45,45,48,50,46,40,46,48,51,51,51,50,54,51,49,55,50,50,45,48,51,52,50,47,47,49,52,54,48,50,47,48,50,50,55,49,53,52,50,52,51,49,49,52,53,52,52,48,50,50,45
52,54,48,50,47,48,50,50,55,49,53,52,50,52,51,49,49,52,53,52,52,48,50,50,45,45,49,50,46,40,46,49,51,51,51,51,55,51,49,55,50,50,46,48,52,52,51,47,47,49,52,54,49,50,47,48,51,50,55,49,53,52,50,53,51,50,50,52,53,51,52,48,50,50,45
52,54,49,50,47,48,51,50,55,49,53,52,50,53,51,50,50,52,53,51,52,48,50,50,45,45,49,51,47,40,46,49,52,52,51,51,55,52,50,55,50,50,46,48,52,53,51,47,46,50,52,55,49,50,47,48,51,50,55,49,53,52,51,53,51,50,50,52,54,51,53,47,50,51,45
52,55,49,50,47,48,51,50,55,49,53,52,51,53,51,50,50,52,54,51,53,47,50,51,45,44,49,51,47,40,46,49,52,52,52,52,55,52,50,55,51,50,47,47,53,53,52,47,46,50,52,55,49,50,48,48,51,51,55,50,54,52,51,53,51,50,50,52,54,51,53,47,51,52,45
52,55,49,50,48,48,51,51,55,50,54,52,51,53,51,50,50,52,54,51,53,47,51,52,45,44,50,52,47,40,45,50,53,52,52,52,55,52,50,56,51,51,47,47,53,53,52,47,46,51,53,55,50,50,48,48,52,51,55,50,54,52,51,53,52,51,51,52,54,51,54,47,51,52,45
53,55,50,50,48,48,52,51,55,50,54,52,51,53,52,51,51,52,54,51,54,47,51,52,45,44,50,53,47,40,45,50,53,53,53,53,55,53,51,56,52,51,48,47,54,54,53,48,46,51,53,56,50,50,49,48,52,51,56,51,54,53,52,53,52,51,51,51,55,50,54,46,51,53,45
53,56,50,50,49,48,52,51,56,51,54,53,52,53,52,51,51,51,55,50,54,46,51,53,45,44,51,53,47,40,45,51,53,53,53,53,55,53,51,56,52,51,48,47,54,54,53,48,46,52,53,56,51,50,49,48,52,52,56,51,55,53,52,53,52,51,52,51,55,50,55,46,51,53,45
53,56,51,50,49,48,52,52,56,51,55,53,52,53,52,51,52,51,55,50,55,46,51,53,45,43,51,54,47,40,45,50,54,54,54,54,55,53,52,57,52,52,49,47,55,55,54,48,45,52,54,56,51,49,50,48,53,52,56,52,55,53,53,53,53,52,52,51,56,50,55,46,52,54,45
54,56,51,49,50,48,53,52,56,52,55,53,53,53,53,52,52,51,56,50,55,46,52,54,45,43,52,54,47,40,45,50,54,54,54,54,55,54,52,57,53,52,49,47,55,55,54,48,45,53,54,57,51,49,50,48,53,53,57,52,56,54,53,53,53,52,53,51,56,50,56,46,52,54,45
54,57,51,49,50,48,53,53,57,52,56,54,53,53,53,52,53,51,56,50,56,46,52,54,45,43,52,55,47,40,45,50,55,55,55,55,54,54,53,58,53,53,50,47,56,56,55,48,45,53,54,57,51,49,51,48,53,53,57,53,56,54,54,53,54,53,53,51,57,50,56,45,53,55,45
54,57,51,49,51,48,53,53,57,53,56,54,54,53,54,53,53,51,57,50,56,45,53,55,45,43,53,55,47,40,45,50,55,55,55,55,54,55,53,58,54,53,50,47,56,56,56,47,45,54,55,57,51,49,51,47,53,53,57,53,57,55,54,53,54,53,54,51,58,50,57,45,53,56,45
55,57,51,49,51,47,53,53,57,53,57,55,54,53,54,53,54,51,58,50,57,45,53,56,45,43,53,56,47,40,45,50,56,56,56,56,54,55,54,59,54,54,51,47,57,57,56,47,45,55,55,58,51,49,52,47,53,54,58,54,57,54,55,52,55,54,54,51,58,50,57,45,54,56,45
55,58,51,49,52,47,53,54,58,54,57,54,55,52,55,54,54,51,58,50,57,45,54,56,45,42,54,56,47,40,45,50,56,56,57,56,54,56,55,59,55,54,51,47,57,57,57,48,45,55,55,58,51,49,53,47,53,54,58,54,57,54,56,52,55,54,55,51,59,49,58,45,54,57,45
55,58,51,49,53,47,53,54,58,54,57,54,56,52,55,54,55,51,59,49,58,45,54,57,45,42,55,56,47,40,45,50,57,56,57,56,53,56,55,60,55,55,52,47,58,58,57,48,44,56,56,58,51,49,53,47,53,53,58,55,58,54,56,52,56,55,55,51,59,50,58,45,55,57,45
56,58,51,49,53,47,53,53,58,55,58,54,56,52,56,55,55,51,59,50,58,45,55,57,45,42,55,56,47,40,45,50,58,56,58,56,53,57,56,59,56,55,53,46,58,58,58,48,44,56,57,59,51,49,54,47,53,53,59,55,58,54,57,52,56,55,56,50,59,49,59,45,55,58,45
57,59,51,49,54,47,53,53,59,55,58,54,57,52,56,55,56,50,59,49,59,45,55,58,45,42,56,56,48,40,45,50,58,56,58,56,53,57,57,59,56,56,53,46,59,58,58,48,44,57,57,59,51,49,55,47,53,53,59,56,59,54,57,52,57,56,56,50,60,49,59,45,56,58,46
57,59,51,49,55,47,53,53,59,56,59,54,57,52,57,56,56,50,60,49,59,45,56,58,46,42,57,56,48,40,45,50,57,56,59,56,52,58,57,58,57,57,54,46,59,58,58,48,44,57,58,60,52,49,55,47,53,54,60,57,59,54,58,52,58,56,56,50,60,49,59,45,57,59,46
58,60,52,49,55,47,53,54,60,57,59,54,58,52,58,56,56,50,60,49,59,45,57,59,46,42,57,56,48,40,45,50,57,56,59,56,52,58,58,58,58,57,55,46,59,59,58,48,44,58,58,60,52,49,56,46,53,54,60,57,60,54,59,52,58,57,56,49,60,49,60,46,57,59,46
58,60,52,49,56,46,53,54,60,57,60,54,59,52,58,57,56,49,60,49,60,46,57,59,46,42,58,56,48,40,45,50,57,56,60,56,52,59,59,57,58,57,55,46,59,59,58,48,44,59,58,60,52,49,56,46,53,54,60,58,60,54,59,51,58,57,56,49,61,48,60,46,58,60,46
58,60,52,49,56,46,53,54,60,58,60,54,59,51,58,57,56,49,61,48,60,46,58,60,46,42,59,55,49,39,45,50,57,56,60,56,52,60,59,56,59,57,56,46,59,58,59,48,44,59,59,60,52,49,56,46,53,54,59,58,62,54,59,51,59,58,56,49,61,49,60,46,58,60,46
59,60,52,49,56,46,53,54,59,58,62,54,59,51,59,58,56,49,61,49,60,46,58,60,46,42,59,55,49,40,45,50,56,56,60,55,52,60,59,56,60,57,57,46,58,58,59,48,44,59,59,61,53,49,56,46,53,54,59,59,61,55,60,51,60,59,56,48,61,49,60,46,59,60,46
59,61,53,49,56,46,53,54,59,59,61,55,60,51,60,59,56,48,61,49,60,46,59,60,46,41,59,54,50,39,45,50,56,56,60,55,52,60,59,56,60,57,57,46,58,57,59,48,45,59,60,61,53,49,56,45,54,54,58,59,60,55,60,51,60,59,56,48,61,49,61,47,59,59,46
60,61,53,49,56,45,54,54,58,59,60,55,60,51,60,59,56,48,61,49,61,47,59,59,46,41,60,53,50,39,45,50,56,56,60,55,52,61,59,55,60,57,58,46,57,57,59,48,45,58,60,61,54,49,56,45,54,54,58,59,59,56,60,51,60,59,56,48,61,48,61,47,59,59,46
60,61,54,49,56,45,54,54,58,59,59,56,60,51,60,59,56,48,61,48,61,47,59,59,46,41,60,52,50,39,45,50,56,55,59,55,52,61,60,55,60,57,58,46,56,57,58,48,45,58,61,61,54,49,56,44,54,54,58,60,58,55,60,51,60,59,56,48,61,48,61,48,60,58,46
61,61,54,49,56,44,54,54,58,60,58,55,60,51,60,59,56,48,61,48,61,48,60,58,46,42,60,52,51,39,45,49,56,55,58,55,51,61,60,55,60,58,59,46,55,56,58,48,45,58,60,61,54,49,56,44,53,55,57,60,56,56,60,51,61,60,56,47,61,48,61,48,60,58,46
60,61,54,49,56,44,53,55,57,60,56,56,60,51,61,60,56,47,61,48,61,48,60,58,46,42,60,52,50,39,45,49,55,55,58,55,51,61,59,55,60,58,59,45,55,56,58,48,45,58,61,61,54,49,56,44,53,54,57,60,54,56,59,50,60,60,55,47,61,48,61,49,60,57,46
61,61,54,49,56,44,53,54,57,60,54,56,59,50,60,60,55,47,61,48,61,49,60,57,46,42,60,52,50,40,45,48,55,55,56,55,51,61,59,54,59,58,60,45,54,55,57,48,45,58,61,61,55,49,57,44,53,54,57,60,53,56,59,50,60,60,55,47,61,48,61,49,61,57,46
61,61,55,49,57,44,53,54,57,60,53,56,59,50,60,60,55,47,61,48,61,49,61,57,46,42,62,51,50,40,45,47,54,55,56,54,50,61,59,54,59,58,60,45,53,55,57,48,46,58,61,61,55,49,57,44,53,53,57,60,51,57,59,49,60,61,55,46,61,47,60,49,62,56,46
61,61,55,49,57,44,53,53,57,60,51,57,59,49,60,61,55,46,61,47,60,49,62,56,46,43,61,51,49,41,45,47,54,55,55,53,50,61,60,53,59,57,60,45,52,54,56,48,46,57,61,61,55,48,57,44,52,53,57,61,50,57,59,49,61,61,55,46,61,47,62,49,61,55,47
61,61,55,48,57,44,52,53,57,61,50,57,59,49,61,61,55,46,61,47,62,49,61,55,47,43,60,51,49,41,44,48,54,55,54,52,49,61,59,53,58,56,61,45,51,54,56,48,46,56,61,61,56,48,56,44,52,53,56,62,49,56,59,48,61,61,55,46,61,47,63,49,61,55,46
61,61,56,48,56,44,52,53,56,62,49,56,59,48,61,61,55,46,61,47,63,49,61,55,46,43,62,51,49,41,42,48,54,54,53,52,49,60,59,52,58,56,62,45,50,54,54,47,46,55,61,62,56,47,55,44,52,53,56,62,49,55,59,48,61,61,55,46,61,47,61,49,62,55,46
61,62,56,47,55,44,52,53,56,62,49,55,59,48,61,61,55,46,61,47,61,49,62,55,46,43,61,51,49,41,41,48,53,53,52,51,49,60,59,51,59,56,60,45,50,54,53,47,46,55,61,61,54,47,54,44,51,53,56,62,49,55,59,48,61,61,54,46,61,47,61,50,62,54,46
61,61,54,47,54,44,51,53,56,62,49,55,59,48,61,61,54,46,61,47,61,50,62,54,46,43,62,51,49,42,41,49,52,52,52,51,49,59,59,50,59,55,60,45,49,53,53,48,46,55,61,60,54,46,54,44,51,53,55,61,48,55,59,48,61,61,54,46,61,48,61,50,62,54,46
61,60,54,46,54,44,51,53,55,61,48,55,59,48,61,61,54,46,61,48,61,50,62,54,46,43,61,52,49,41,41,49,52,52,51,51,48,58,58,50,58,55,59,45,48,53,52,48,46,55,61,60,54,46,53,44,50,53,54,61,48,55,58,48,61,60,54,46,60,48,61,50,61,53,46
61,60,54,46,53,44,50,53,54,61,48,55,58,48,61,60,54,46,60,48,61,50,61,53,46,43,61,52,49,41,41,49,52,52,51,50,48,58,58,49,58,54,58,44,48,53,52,48,46,55,61,59,54,46,53,44,50,53,53,61,48,55,58,48,61,60,54,46,60,48,61,50,62,52,46
61,59,54,46,53,44,50,53,53,61,48,55,58,48,61,60,54,46,60,48,61,50,62,52,46,44,62,52,49,41,41,49,52,52,51,50,48,57,57,48,58,54,56,44,47,53,51,48,46,55,61,58,54,46,52,45,50,53,53,60,48,54,58,49,61,60,53,46,60,49,61,49,62,52,46
61,58,54,46,52,45,50,53,53,60,48,54,58,49,61,60,53,46,60,49,61,49,62,52,46,44,62,52,49,41,41,49,52,52,51,50,48,57,56,48,58,53,55,44,47,52,51,48,46,54,61,58,54,46,52,45,49,52,52,60,48,54,58,49,61,59,53,46,60,49,61,49,61,51,46
61,58,54,46,52,45,49,52,52,60,48,54,58,49,61,59,53,46,60,49,61,49,61,51,46,44,61,52,49,41,40,48,51,52,51,50,48,57,54,47,58,52,55,45,47,52,51,48,46,54,61,58,54,46,52,45,49,51,51,59,48,54,58,49,59,59,53,46,60,49,61,49,60,51,46
61,58,54,46,52,45,49,51,51,59,48,54,58,49,59,59,53,46,60,49,61,49,60,51,46,44,60,52,49,42,40,48,51,52,51,50,48,57,54,47,57,52,54,44,47,51,50,47,46,54,60,58,54,45,52,45,49,52,51,59,48,53,57,48,58,59,53,46,61,49,61,50,59,51,46
60,58,54,45,52,45,49,52,51,59,48,53,57,48,58,59,53,46,61,49,61,50,59,51,46,44,58,51,48,42,40,47,51,51,50,49,48,57,53,47,57,51,53,44,47,51,50,47,45,53,58,57,53,46,52,45,49,52,50,58,48,53,56,48,57,58,52,46,59,49,60,50,58,51,46
58,57,53,46,52,45,49,52,50,58,48,53,56,48,57,58,52,46,59,49,60,50,58,51,46,44,56,51,48,42,40,47,50,51,50,49,48,57,52,47,56,50,52,44,46,50,50,47,45,52,57,56,53,46,52,44,49,51,50,57,48,52,56,48,56,57,52,46,58,49,59,50,57,50,46
57,56,53,46,52,44,49,51,50,57,48,52,56,48,56,57,52,46,58,49,59,50,57,50,46,44,55,50,48,42,40,47,49,50,50,49,47,56,51,47,56,49,51,43,46,50,50,47,45,51,56,55,53,46,51,45,49,50,50,57,47,51,55,48,55,56,51,46,57,49,58,49,56,49,46
56,55,53,46,51,45,49,50,50,57,47,51,55,48,55,56,51,46,57,49,58,49,56,49,46,44,53,49,48,42,40,46,49,50,50,49,47,55,51,47,55,49,50,43,46,49,49,47,45,51,54,54,53,45,50,44,49,50,50,56,47,51,54,47,54,55,50,46,57,49,57,49,55,49,46
54,54,53,45,50,44,49,50,50,56,47,51,54,47,54,55,50,46,57,49,57,49,55,49,46,45,52,48,47,42,40,46,48,50,49,49,47,55,51,47,54,49,50,43,46,49,49,47,46,50,53,53,53,46,50,44,49,50,49,56,47,51,53,47,53,54,50,46,56,49,56,49,54,49,46
53,53,53,46,50,44,49,50,49,56,47,51,53,47,53,54,50,46,56,49,56,49,54,49,46,45,50,48,47,42,40,46,47,50,49,49,48,55,50,47,54,49,49,43,46,49,49,47,46,50,53,53,53,46,50,45,48,49,49,56,47,51,52,47,53,52,49,47,55,50,55,49,53,49,47
53,53,53,46,50,45,48,49,49,56,47,51,52,47,53,52,49,47,55,50,55,49,53,49,47,45,49,47,48,43,40,45,47,50,50,49,48,54,50,47,54,49,49,43,46,49,50,48,46,50,52,53,53,46,49,45,48,49,49,55,47,51,52,48,52,51,49,47,55,50,55,50,53,49,47
52,53,53,46,49,45,48,49,49,55,47,51,52,48,52,51,49,47,55,50,55,50,53,49,47,45,49,47,48,43,40,45,47,50,50,49,48,54,50,47,54,49,49,43,46,50,50,48,47,49,52,53,53,46,49,45,48,49,49,55,47,51,52,48,52,51,49,47,54,50,54,50,52,49,47
52,53,53,46,49,45,48,49,49,55,47,51,52,48,52,51,49,47,54,50,54,50,52,49,47,45,48,47,48,43,40,45,47,50,50,49,48,54,50,47,54,49,49,44,46,50,50,48,47,49,52,52,53,46,49,45,48,49,49,55,47,52,51,48,52,51,49,47,54,51,54,50,51,49,48
52,52,53,46,49,45,48,49,49,55,47,52,51,48,52,51,49,47,54,51,54,50,51,49,48,45,47,47,48,44,40,46,48,50,50,49,49,54,50,48,54,49,49,44,47,50,50,49,47,48,52,52,53,47,49,45,48,49,49,55,47,52,51,48,52,51,49,48,54,51,53,51,51,49,48
52,52,53,47,49,45,48,49,49,55,47,52,51,48,52,51,49,48,54,51,53,51,51,49,48,45,47,48,49,44,40,46,48,50,50,50,49,54,50,48,54,49,49,44,47,50,51,49,47,48,52,52,53,47,50,46,48,49,49,55,48,52,51,49,52,51,49,48,53,51,53,51,50,49,49
52,52,53,47,50,46,48,49,49,55,48,52,51,49,52,51,49,48,53,51,53,51,50,49,49,45,46,48,49,45,40,46,48,51,50,50,49,54,50,48,54,49,49,44,47,51,51,49,47,48,52,52,53,47,50,46,48,50,49,55,48,52,51,49,52,51,49,48,53,52,52,51,49,49,49
52,52,53,47,50,46,48,50,49,55,48,52,51,49,52,51,49,48,53,52,52,51,49,49,49,45,46,48,49,45,40,46,48,51,51,50,50,54,51,48,54,50,49,45,48,51,51,50,47,47,52,52,54,48,50,46,48,50,50,55,48,52,51,49,52,51,49,49,53,52,52,52,49,50,49
52,52,54,48,50,46,48,50,50,55,48,52,51,49,52,51,49,49,53,52,52,52,49,50,49,45,45,48,50,46,40,46,48,51,51,50,50,54,51,49,55,50,49,45,48,51,52,50,47,47,51,52,54,48,50,47,48,50,50,55,49,53,52,50,52,51,49,49,52,53,52,52,48,50,50
51,52,54,48,50,47,48,50,50,55,49,53,52,50,52,51,49,49,52,53,52,52,48,50,50,45,45,49,50,46,40,46,49,51,51,51,51,55,51,49,55,50,50,46,48,52,52,51,47,47,51,52,54,48,50,47,48,51,50,55,49,53,52,50,53,51,50,49,52,53,51,52,48,50,50
51,52,54,48,50,47,48,51,50,55,49,53,52,50,53,51,50,49,52,53,51,52,48,50,50,45,45,49,51,47,40,46,49,52,52,51,51,55,51,50,55,50,50,46,47,52,53,51,47,46,52,52,55,49,50,47,48,51,50,55,49,53,52,50,53,51,50,50,52,54,51,53,47,50,51
52,52,55,49,50,47,48,51,50,55,49,53,52,50,53,51,50,50,52,54,51,53,47,50,51,45,44,49,51,47,40,46,49,52,52,52,52,55,52,50,55,51,50,47,47,53,53,52,47,46,52,52,55,49,50,48,48,51,51,55,50,54,52,51,53,51,50,50,52,54,51,53,47,51,52
52,52,55,49,50,48,48,51,51,55,50,54,52,51,53,51,50,50,52,54,51,53,47,51,52,45,44,50,52,47,40,45,50,52,52,52,52,55,52,50,56,51,51,47,47,53,53,52,47,46,52,53,55,50,50,48,48,52,51,55,50,54,52,51,53,52,51,51,51,54,51,54,47,51,52
52,53,55,50,50,48,48,52,51,55,50,54,52,51,53,52,51,51,51,54,51,54,47,51,52,45,44,50,53,47,40,45,50,53,53,53,53,55,53,51,56,52,51,48,47,54,54,53,47,46,52,53,56,50,50,49,48,52,51,56,51,54,53,52,53,52,51,51,51,55,50,54,46,51,53
52,53,56,50,50,49,48,52,51,56,51,54,53,52,53,52,51,51,51,55,50,54,46,51,53,45,44,51,53,47,40,45,50,53,53,53,53,55,53,51,56,52,51,48,47,54,54,53,47,45,52,53,56,50,49,49,48,52,52,56,51,55,53,52,53,52,51,52,51,55,50,55,46,51,53
52,53,56,50,49,49,48,52,52,56,51,55,53,52,53,52,51,52,51,55,50,55,46,51,53,45,43,51,54,47,40,45,50,54,54,54,54,55,53,52,57,52,52,49,47,54,55,54,47,45,53,53,56,51,49,50,48,53,52,56,52,55,53,53,53,53,52,52,51,56,50,55,46,52,54
53,53,56,51,49,50,48,53,52,56,52,55,53,53,53,53,52,52,51,56,50,55,46,52,54,45,43,52,54,47,40,45,50,54,54,54,54,55,54,52,57,53,52,49,47,55,55,54,47,45,53,54,56,51,49,50,48,53,53,56,52,56,54,53,53,53,52,53,51,56,50,56,46,52,54
53,54,56,51,49,50,48,53,53,56,52,56,54,53,53,53,52,53,51,56,50,56,46,52,54,45,43,52,55,47,40,45,50,55,55,55,55,54,54,53,58,53,53,50,47,56,56,55,47,45,54,54,57,51,49,51,47,53,53,57,53,56,54,54,53,54,53,53,51,57,50,56,45,53,55
54,54,57,51,49,51,47,53,53,57,53,56,54,54,53,54,53,53,51,57,50,56,45,53,55,45,43,53,55,47,40,45,50,55,55,55,55,54,55,53,58,54,53,50,47,56,56,56,47,45,54,55,57,51,49,51,47,53,53,57,53,57,55,54,52,54,53,54,51,58,50,57,45,53,56
54,55,57,51,49,51,47,53,53,57,53,57,55,54,52,54,53,54,51,58,50,57,45,53,56,45,43,53,56,47,40,45,50,56,55,56,55,54,55,54,59,54,54,51,47,56,57,56,47,45,55,55,58,51,49,52,47,53,54,58,54,57,54,55,52,55,54,54,51,58,49,57,45,54,56
55,55,58,51,49,52,47,53,54,58,54,57,54,55,52,55,54,54,51,58,49,57,45,54,56,45,42,54,56,47,40,45,50,56,56,57,55,54,56,55,59,55,54,51,47,57,57,57,47,45,55,55,58,51,49,53,47,53,54,58,54,57,54,56,52,55,54,55,51,59,49,58,45,54,57
55,55,58,51,49,53,47,53,54,58,54,57,54,56,52,55,54,55,51,59,49,58,45,54,57,45,42,55,56,47,40,45,50,57,55,57,56,53,56,55,60,55,55,52,47,58,58,57,48,44,55,56,58,51,49,53,47,53,53,58,55,58,54,56,52,56,55,55,50,59,50,58,45,55,57
55,56,58,51,49,53,47,53,53,58,55,58,54,56,52,56,55,55,50,59,50,58,45,55,57,45,42,55,56,47,40,45,50,58,55,58,56,53,57,56,59,56,55,53,46,58,58,58,48,44,55,57,59,51,49,54,47,53,53,59,55,58,54,57,52,56,55,56,50,59,49,59,44,55,58
55,57,59,51,49,54,47,53,53,59,55,58,54,57,52,56,55,56,50,59,49,59,44,55,58,45,42,56,56,47,40,45,50,58,56,58,56,53,57,57,59,56,56,53,46,59,58,58,48,44,55,57,59,51,49,55,47,53,53,59,56,59,54,57,52,57,56,56,50,60,49,59,45,56,58
55,57,59,51,49,55,47,53,53,59,56,59,54,57,52,57,56,56,50,60,49,59,45,56,58,45,42,57,56,48,40,45,50,57,56,59,56,52,58,57,58,57,57,54,46,59,58,58,48,44,55,58,60,52,49,55,47,53,54,60,57,59,54,58,52,58,56,56,50,60,49,59,45,57,59
55,58,60,52,49,55,47,53,54,60,57,59,54,58,52,58,56,56,50,60,49,59,45,57,59,46,42,57,56,48,40,45,50,57,56,59,56,52,58,58,58,58,57,55,46,59,58,58,48,44,55,58,60,52,49,56,46,53,54,60,57,60,54,59,52,58,57,56,49,60,49,60,46,57,59
55,58,60,52,49,56,46,53,54,60,57,60,54,59,52,58,57,56,49,60,49,60,46,57,59,46,42,58,56,48,40,45,50,57,56,59,56,52,59,59,57,58,57,55,46,59,59,58,48,44,55,58,60,52,49,56,46,53,54,60,58,60,54,59,51,58,57,56,49,61,48,60,46,58,60
55,58,60,52,49,56,46,53,54,60,58,60,54,59,51,58,57,56,49,61,48,60,46,58,60,46,41,59,55,49,39,45,50,57,56,59,56,52,60,59,56,59,57,56,46,59,58,59,48,44,55,59,60,52,49,56,46,53,54,59,58,62,54,59,51,59,58,56,48,61,48,60,46,58,60
55,59,60,52,49,56,46,53,54,59,58,62,54,59,51,59,58,56,48,61,48,60,46,58,60,46,42,59,55,49,40,45,50,56,56,60,55,52,60,59,56,59,57,57,46,58,58,59,48,44,55,59,61,53,49,56,46,53,54,59,59,61,55,60,51,60,59,56,48,61,49,60,46,59,60
55,59,61,53,49,56,46,53,54,59,59,61,55,60,51,60,59,56,48,61,49,60,46,59,60,46,41,59,54,50,39,45,50,56,56,60,55,52,60,59,56,60,57,57,46,58,57,59,48,44,54,60,61,53,49,56,45,54,54,58,59,60,55,60,51,60,59,56,48,61,49,61,47,59,59
54,60,61,53,49,56,45,54,54,58,59,60,55,60,51,60,59,56,48,61,49,61,47,59,59,46,41,60,53,50,39,45,50,56,55,60,55,52,61,59,55,60,57,58,46,57,57,59,48,45,55,60,61,53,49,56,45,54,54,58,59,59,56,60,51,60,59,56,48,61,48,61,47,59,59
55,60,61,53,49,56,45,54,54,58,59,59,56,60,51,60,59,56,48,61,48,61,47,59,59,46,41,60,52,50,39,45,50,56,55,59,55,52,61,60,55,60,57,58,46,56,56,58,48,45,55,61,61,54,49,56,44,54,54,58,60,58,55,59,51,60,59,56,48,61,48,61,48,60,58
55,61,61,54,49,56,44,54,54,58,60,58,55,59,51,60,59,56,48,61,48,61,48,60,58,46,42,60,52,50,40,45,49,56,55,58,55,51,61,60,55,60,58,59,46,55,56,58,48,45,54,60,61,54,49,56,44,53,55,57,60,56,56,60,51,61,60,56,47,61,48,61,48,60,58
54,60,61,54,49,56,44,53,55,57,60,56,56,60,51,61,60,56,47,61,48,61,48,60,58,46,42,60,52,50,40,45,49,55,55,58,55,51,61,59,55,60,58,59,45,55,56,58,48,45,54,61,61,54,49,56,44,53,54,57,60,54,56,59,50,60,60,55,47,61,48,61,49,60,57
54,61,61,54,49,56,44,53,54,57,60,54,56,59,50,60,60,55,47,61,48,61,49,60,57,46,42,60,52,50,40,45,48,55,55,56,55,51,61,59,54,59,58,60,45,54,55,57,48,45,54,61,61,55,49,57,44,53,54,57,60,53,56,59,50,60,60,55,47,61,48,61,49,61,57
54,61,61,55,49,57,44,53,54,57,60,53,56,59,50,60,60,55,47,61,48,61,49,61,57,46,42,62,51,50,40,45,47,54,55,56,54,50,61,59,54,59,58,60,45,53,55,57,48,46,55,61,61,55,49,57,44,53,53,57,60,51,56,59,49,60,61,55,46,61,47,60,49,62,56
55,61,61,55,49,57,44,53,53,57,60,51,56,59,49,60,61,55,46,61,47,60,49,62,56,46,42,61,51,49,41,45,47,53,55,55,53,50,61,60,53,59,57,60,45,52,54,56,48,46,54,61,61,55,48,57,44,52,53,57,61,50,56,59,49,61,61,55,46,61,47,62,49,61,55
54,61,61,55,48,57,44,52,53,57,61,50,56,59,49,61,61,55,46,61,47,62,49,61,55,47,43,60,51,49,41,44,48,53,55,54,52,49,61,59,52,58,56,61,45,51,54,56,48,46,52,61,61,56,48,56,44,52,53,56,62,49,56,59,48,61,61,55,46,61,47,63,49,61,55
52,61,61,56,48,56,44,52,53,56,62,49,56,59,48,61,61,55,46,61,47,63,49,61,55,46,43,62,51,49,41,42,48,54,54,53,51,49,60,59,52,58,56,62,45,50,54,54,47,46,52,61,62,56,47,55,44,51,53,56,62,49,55,59,48,61,61,54,46,61,47,61,49,62,55
52,61,62,56,47,55,44,51,53,56,62,49,55,59,48,61,61,54,46,61,47,61,49,62,55,46,43,61,51,49,41,41,48,53,53,52,51,49,59,59,51,59,56,60,44,50,54,53,47,46,52,61,61,54,47,54,44,51,53,56,62,49,55,59,48,61,61,54,46,61,47,61,50,62,54
52,61,61,54,47,54,44,51,53,56,62,49,55,59,48,61,61,54,46,61,47,61,50,62,54,46,43,62,51,49,42,41,49,52,52,52,51,49,59,59,50,59,55,60,44,49,53,53,48,46,52,61,60,54,46,54,44,51,53,55,61,48,55,59,48,61,61,54,46,61,47,61,50,62,54
52,61,60,54,46,54,44,51,53,55,61,48,55,59,48,61,61,54,46,61,47,61,50,62,54,46,43,61,52,49,41,41,49,52,52,51,51,48,58,58,49,58,55,59,45,48,53,52,48,46,52,61,60,54,46,53,44,50,53,54,61,48,55,58,48,61,60,54,46,60,48,61,50,61,53
52,61,60,54,46,53,44,50,53,54,61,48,55,58,48,61,60,54,46,60,48,61,50,61,53,46,43,61,52,49,41,41,49,52,52,51,50,48,58,58,49,58,54,58,44,48,53,52,48,46,52,61,59,54,46,53,44,50,53,53,61,48,54,58,48,61,60,53,46,60,48,61,49,62,52
52,61,59,54,46,53,44,50,53,53,61,48,54,58,48,61,60,53,46,60,48,61,49,62,52,46,43,62,52,49,41,41,49,52,52,51,50,48,57,57,48,58,54,56,44,47,53,51,48,46,52,61,58,54,46,52,44,49,52,53,60,48,54,58,48,61,60,53,46,60,49,61,49,62,52
52,61,58,54,46,52,44,49,52,53,60,48,54,58,48,61,60,53,46,60,49,61,49,62,52,46,44,62,52,49,41,41,48,52,52,51,50,48,57,55,47,58,53,55,44,47,52,51,48,46,52,61,58,54,46,52,45,49,52,52,60,48,54,58,49,60,59,53,46,60,49,61,49,61,51
52,61,58,54,46,52,45,49,52,52,60,48,54,58,49,60,59,53,46,60,49,61,49,61,51,46,44,61,52,49,41,40,48,51,52,51,50,48,57,54,47,58,52,54,44,47,52,50,48,46,52,61,57,54,46,52,45,49,51,51,59,48,54,57,48,59,59,53,46,60,49,61,49,59,51
52,61,57,54,46,52,45,49,51,51,59,48,54,57,48,59,59,53,46,60,49,61,49,59,51,46,44,60,52,49,42,40,48,51,52,50,49,48,57,53,47,57,52,54,44,47,51,50,47,45,52,60,57,54,45,52,45,49,52,51,59,48,53,57,48,58,59,53,46,61,49,61,49,59,51
52,60,57,54,45,52,45,49,52,51,59,48,53,57,48,58,59,53,46,61,49,61,49,59,51,46,44,58,51,48,42,40,47,51,51,50,49,48,57,53,47,57,51,53,44,46,51,50,47,45,51,58,57,53,45,52,44,49,52,50,58,48,53,56,48,57,58,52,46,59,49,60,50,58,51
51,58,57,53,45,52,44,49,52,50,58,48,53,56,48,57,58,52,46,59,49,60,50,58,51,46,44,56,50,48,42,40,47,50,51,50,49,48,57,52,47,56,50,52,44,46,50,49,47,45,51,57,56,53,45,52,44,49,51,50,57,48,51,55,48,56,57,51,46,58,49,59,49,56,50
51,57,56,53,45,52,44,49,51,50,57,48,51,55,48,56,57,51,46,58,49,59,49,56,50,46,44,55,50,48,42,40,46,49,50,50,49,47,56,51,47,56,49,51,43,46,49,49,47,45,50,55,55,53,46,51,44,49,50,50,57,47,51,55,47,55,56,51,46,57,49,58,49,55,49
50,55,55,53,46,51,44,49,50,50,57,47,51,55,47,55,56,51,46,57,49,58,49,55,49,46,44,53,49,48,42,40,46,48,50,49,49,47,55,51,47,55,49,50,43,46,49,49,47,45,49,54,54,53,45,50,44,49,50,50,56,47,51,53,47,54,55,50,46,56,49,56,49,55,49
49,54,54,53,45,50,44,49,50,50,56,47,51,53,47,54,55,50,46,56,49,56,49,55,49,46,44,52,48,47,42,40,46,48,50,49,49,47,55,50,47,54,49,49,43,46,49,49,47,46,48,53,53,53,46,49,44,48,50,49,56,47,51,53,47,53,54,50,46,55,49,56,49,54,49
48,53,53,53,46,49,44,48,50,49,56,47,51,53,47,53,54,50,46,55,49,56,49,54,49,46,45,50,48,47,42,40,46,47,50,49,49,47,54,50,47,54,49,49,43,46,49,49,47,46,48,53,53,53,46,49,45,48,49,49,55,47,51,52,47,52,52,49,47,55,50,55,49,53,49
48,53,53,53,46,49,45,48,49,49,55,47,51,52,47,52,52,49,47,55,50,55,49,53,49,47,45,49,47,48,43,40,45,47,50,49,49,48,54,50,47,54,49,49,43,46,49,49,47,46,48,52,53,53,46,49,45,48,49,49,55,47,51,52,48,52,51,49,47,55,50,54,50,52,49
48,52,53,53,46,49,45,48,49,49,55,47,51,52,48,52,51,49,47,55,50,54,50,52,49,47,45,48,47,48,43,40,45,47,50,50,49,48,54,50,47,54,49,49,43,46,50,50,48,46,48,52,53,53,46,49,45,48,49,49,55,47,51,52,48,52,51,49,47,54,50,54,50,52,49
48,52,53,53,46,49,45,48,49,49,55,47,51,52,48,52,51,49,47,54,50,54,50,52,49,47,45,48,47,48,43,40,45,47,50,50,49,48,54,50,47,54,49,49,43,46,50,50,48,47,48,52,52,53,46,49,45,48,49,49,55,47,51,51,48,52,51,49,47,54,51,54,50,51,49
48,52,52,53,46,49,45,48,49,49,55,47,51,51,48,52,51,49,47,54,51,54,50,51,49,48,45,47,47,48,44,40,45,47,50,50,49,49,54,50,48,54,49,49,44,47,50,50,48,47,48,52,52,53,46,49,45,48,49,49,55,47,52,51,48,52,51,49,48,54,51,53,50,50,49
48,52,52,53,46,49,45,48,49,49,55,47,52,51,48,52,51,49,48,54,51,53,50,50,49,48,45,47,47,49,44,40,46,48,50,50,49,49,54,50,48,54,49,49,44,47,50,51,49,47,48,52,52,53,47,50,46,48,49,49,55,48,52,51,48,52,51,49,48,53,51,53,51,50,49
48,52,52,53,47,50,46,48,49,49,55,48,52,51,48,52,51,49,48,53,51,53,51,50,49,49,45,46,48,49,45,40,46,48,50,50,50,49,54,50,48,54,49,49,44,47,51,51,49,47,48,52,52,53,47,50,46,48,50,49,55,48,52,51,49,52,51,49,48,53,52,52,51,49,49
48,52,52,53,47,50,46,48,50,49,55,48,52,51,49,52,51,49,48,53,52,52,51,49,49,49,45,46,48,49,45,40,46,48,51,51,50,50,54,51,48,54,50,49,45,47,51,51,50,47,48,51,52,54,48,50,46,48,50,49,55,48,52,51,49,52,51,49,48,53,52,52,51,49,49
48,51,52,54,48,50,46,48,50,49,55,48,52,51,49,52,51,49,48,53,52,52,51,49,49,49,45,45,48,50,46,40,46,48,51,51,50,50,54,51,49,54,50,49,45,47,51,52,50,47,49,51,52,54,48,50,46,48,50,50,55,48,53,51,50,52,51,49,49,52,53,51,52,48,50
49,51,52,54,48,50,46,48,50,50,55,48,53,51,50,52,51,49,49,52,53,51,52,48,50,50,45,45,48,50,46,40,46,49,51,51,51,51,55,51,49,55,50,50,45,47,52,52,51,47,49,51,52,54,48,50,47,48,51,50,55,49,53,52,50,53,51,50,49,52,53,51,52,48,50
49,51,52,54,48,50,47,48,51,50,55,49,53,52,50,53,51,50,49,52,53,51,52,48,50,50,45,44,49,51,46,40,46,49,52,52,51,51,55,51,50,55,50,50,46,47,52,52,51,47,50,51,52,55,49,50,47,48,51,50,55,49,53,52,50,53,51,50,50,52,53,51,53,47,50
50,51,52,55,49,50,47,48,51,50,55,49,53,52,50,53,51,50,50,52,53,51,53,47,50,51,45,44,49,51,46,40,45,49,52,52,52,52,55,52,50,55,51,50,46,47,53,53,51,47,50,52,52,55,49,50,48,48,51,50,55,50,54,52,51,53,51,50,50,51,54,51,53,47,50
50,52,52,55,49,50,48,48,51,50,55,50,54,52,51,53,51,50,50,51,54,51,53,47,50,51,45,44,50,52,47,40,45,50,52,52,52,52,55,52,50,56,51,51,47,47,53,53,52,47,50,52,52,55,50,50,48,48,52,51,55,50,54,52,51,53,52,50,51,51,54,50,54,46,51
50,52,52,55,50,50,48,48,52,51,55,50,54,52,51,53,52,50,51,51,54,50,54,46,51,52,45,44,50,52,47,40,45,50,53,53,53,53,55,53,51,56,51,51,47,47,53,54,53,47,51,52,53,56,50,49,49,48,52,51,56,51,54,53,52,53,52,51,51,51,55,50,54,46,51
51,52,53,56,50,49,49,48,52,51,56,51,54,53,52,53,52,51,51,51,55,50,54,46,51,53,45,43,51,53,47,40,45,50,53,53,53,53,55,53,51,56,52,51,48,47,54,54,53,47,51,52,53,56,50,49,49,48,52,52,56,51,55,53,52,53,52,51,52,51,55,50,55,46,51
51,52,53,56,50,49,49,48,52,52,56,51,55,53,52,53,52,51,52,51,55,50,55,46,51,53,45,43,51,54,47,40,45,50,54,54,54,54,55,53,52,57,52,52,49,47,54,55,54,47,52,53,53,56,51,49,50,47,52,52,56,51,55,53,53,53,53,52,52,51,56,50,55,46,52
52,53,53,56,51,49,50,47,52,52,56,51,55,53,53,53,53,52,52,51,56,50,55,46,52,54,45,43,52,54,47,40,45,50,54,54,54,54,55,54,52,57,53,52,49,47,55,55,54,47,52,53,54,56,51,49,50,47,52,52,56,52,56,54,53,52,53,52,53,51,56,50,56,46,52
52,53,54,56,51,49,50,47,52,52,56,52,56,54,53,52,53,52,53,51,56,50,56,46,52,54,45,43,52,55,47,40,45,50,55,55,55,55,54,54,53,58,53,53,50,47,55,56,55,47,53,54,54,57,51,49,51,47,52,53,57,53,56,54,54,52,54,53,53,51,57,50,56,45,53
53,54,54,57,51,49,51,47,52,53,57,53,56,54,54,52,54,53,53,51,57,50,56,45,53,55,45,43,53,55,47,40,45,50,55,55,55,55,54,55,53,58,54,53,50,47,56,56,55,47,53,54,55,57,51,49,51,47,52,53,57,53,57,54,54,52,54,53,54,51,57,50,57,45,53
53,54,55,57,51,49,51,47,52,53,57,53,57,54,54,52,54,53,54,51,57,50,57,45,53,55,45,42,53,56,47,40,45,50,56,55,56,55,54,55,54,59,54,54,51,47,56,57,56,47,54,54,55,58,51,49,52,47,52,54,57,54,57,54,55,52,55,54,54,50,58,49,57,45,54
54,54,55,58,51,49,52,47,52,54,57,54,57,54,55,52,55,54,54,50,58,49,57,45,54,56,45,42,54,56,47,40,45,50,56,55,56,55,53,56,55,59,55,54,51,47,57,57,57,47,54,55,55,58,51,49,53,47,52,53,58,54,57,54,56,52,55,54,55,50,59,49,58,45,54
54,55,55,58,51,49,53,47,52,53,58,54,57,54,56,52,55,54,55,50,59,49,58,45,54,57,45,42,55,56,47,40,44,50,57,55,57,55,53,56,55,59,55,55,52,46,58,58,57,47,55,55,56,58,51,49,53,47,53,53,58,55,58,54,56,52,56,55,55,50,59,49,58,44,55
55,55,56,58,51,49,53,47,53,53,58,55,58,54,56,52,56,55,55,50,59,49,58,44,55,57,45,42,55,56,47,40,44,50,58,55,58,55,53,57,56,59,56,55,53,46,58,58,58,47,56,55,57,59,51,49,54,47,53,53,59,55,58,54,57,52,56,55,56,50,59,49,59,44,55
56,55,57,59,51,49,54,47,53,53,59,55,58,54,57,52,56,55,56,50,59,49,59,44,55,58,45,42,56,56,47,40,45,50,57,56,58,55,53,57,57,59,56,56,53,46,59,58,58,48,56,55,57,59,51,49,54,47,53,53,59,56,59,54,57,52,57,56,56,50,60,49,59,45,56
56,55,57,59,51,49,54,47,53,53,59,56,59,54,57,52,57,56,56,50,60,49,59,45,56,58,45,42,57,56,47,40,45,50,57,56,59,56,52,58,57,58,57,57,54,46,59,58,58,48,57,55,58,60,51,49,55,47,53,53,60,57,59,54,58,52,57,56,56,50,60,49,59,45,57
57,55,58,60,51,49,55,47,53,53,60,57,59,54,58,52,57,56,56,50,60,49,59,45,57,59,45,42,57,56,48,39,45,50,57,56,59,56,52,58,58,57,57,57,55,46,59,58,58,48,57,55,58,60,52,49,55,46,53,54,60,57,60,54,59,52,58,57,56,49,60,48,60,45,57
57,55,58,60,52,49,55,46,53,54,60,57,60,54,59,52,58,57,56,49,60,48,60,45,57,59,46,41,58,55,48,39,45,50,57,56,59,56,52,59,58,57,58,57,55,46,59,58,58,48,58,55,58,60,52,49,56,46,53,54,60,58,60,54,59,51,58,57,56,49,61,48,60,46,58
58,55,58,60,52,49,56,46,53,54,60,58,60,54,59,51,58,57,56,49,61,48,60,46,58,60,46,41,58,55,48,39,44,50,56,56,59,55,52,60,59,56,59,57,56,46,58,58,58,48,59,54,59,60,52,49,56,46,53,54,59,58,62,54,59,51,59,58,56,48,61,48,60,46,58
59,54,59,60,52,49,56,46,53,54,59,58,62,54,59,51,59,58,56,48,61,48,60,46,58,60,45,41,59,55,49,39,44,50,56,56,60,55,52,60,59,56,59,57,57,46,58,58,59,48,59,54,59,61,52,49,56,46,53,54,58,59,61,55,60,51,59,59,56,48,61,49,60,46,59
59,54,59,61,52,49,56,46,53,54,58,59,61,55,60,51,59,59,56,48,61,49,60,46,59,60,46,41,59,54,49,39,45,50,56,56,60,55,52,60,59,55,60,57,57,46,58,57,58,48,60,54,60,61,53,49,56,45,54,54,58,59,60,55,60,51,60,59,56,48,61,49,61,47,59
60,54,60,61,53,49,56,45,54,54,58,59,60,55,60,51,60,59,56,48,61,49,61,47,59,59,46,41,60,53,50,39,45,50,56,55,60,55,52,61,59,55,60,57,58,45,57,57,58,48,60,54,60,61,53,49,56,45,54,54,58,59,58,56,59,51,60,59,56,48,61,48,61,47,59
60,54,60,61,53,49,56,45,54,54,58,59,58,56,59,51,60,59,56,48,61,48,61,47,59,59,46,41,60,52,50,39,45,50,56,55,59,55,52,61,59,55,60,57,58,45,56,56,58,48,60,55,60,61,54,49,56,44,54,54,58,60,57,55,59,50,60,59,56,48,61,48,61,48,60
60,55,60,61,54,49,56,44,54,54,58,60,57,55,59,50,60,59,56,48,61,48,61,48,60,58,46,41,60,52,50,39,45,49,56,55,58,55,51,61,60,55,60,58,59,46,55,56,58,47,61,54,60,61,54,49,56,44,53,54,57,60,56,56,59,50,61,60,56,47,61,48,61,48,60
61,54,60,61,54,49,56,44,53,54,57,60,56,56,59,50,61,60,56,47,61,48,61,48,60,58,46,42,60,51,50,39,45,48,55,55,57,55,51,61,59,54,59,58,59,45,55,56,58,47,61,54,61,60,54,49,56,44,53,54,57,60,54,56,59,50,60,60,55,47,61,47,61,48,60
61,54,61,60,54,49,56,44,53,54,57,60,54,56,59,50,60,60,55,47,61,47,61,48,60,57,46,42,60,51,50,40,45,48,54,55,56,55,51,61,59,54,59,58,60,45,54,55,57,47,61,54,61,61,54,49,57,44,53,54,57,60,53,56,59,50,60,60,55,47,61,47,61,49,61
61,54,61,61,54,49,57,44,53,54,57,60,53,56,59,50,60,60,55,47,61,47,61,49,61,56,46,42,62,51,50,40,45,47,54,55,56,54,50,61,59,54,59,58,60,45,53,55,57,48,61,55,61,61,55,48,57,44,52,53,57,60,51,56,59,49,60,61,55,46,61,47,60,49,62
61,55,61,61,55,48,57,44,52,53,57,60,51,56,59,49,60,61,55,46,61,47,60,49,62,56,46,42,61,51,49,41,45,47,53,55,55,52,49,61,59,53,59,57,60,45,52,54,56,48,60,54,61,61,55,48,57,44,52,53,57,61,49,56,59,49,61,61,55,46,61,47,62,49,61
60,54,61,61,55,48,57,44,52,53,57,61,49,56,59,49,61,61,55,46,61,47,62,49,61,55,46,43,60,51,49,41,44,47,53,55,54,52,49,61,59,52,58,56,61,45,51,54,56,47,59,52,61,61,56,47,56,44,52,53,56,62,49,56,59,48,61,61,54,46,61,47,63,49,61
59,52,61,61,56,47,56,44,52,53,56,62,49,56,59,48,61,61,54,46,61,47,63,49,61,55,46,43,62,51,49,41,42,48,53,54,53,51,49,60,59,52,58,56,62,45,50,54,54,47,58,52,61,62,56,47,55,43,51,53,56,62,49,55,59,48,61,61,54,46,61,47,61,49,62
58,52,61,62,56,47,55,43,51,53,56,62,49,55,59,48,61,61,54,46,61,47,61,49,62,55,46,43,61,51,49,41,41,48,53,53,52,51,49,59,59,51,59,56,60,44,50,53,53,47,57,52,61,61,54,47,54,43,51,53,56,62,48,55,59,48,61,61,54,46,61,47,61,49,62
57,52,61,61,54,47,54,43,51,53,56,62,48,55,59,48,61,61,54,46,61,47,61,49,62,54,46,43,62,51,49,42,41,49,52,52,52,51,48,59,58,50,58,55,60,44,49,53,53,47,56,52,61,60,54,46,54,44,51,53,55,61,48,55,59,48,61,61,54,46,61,47,61,49,62
56,52,61,60,54,46,54,44,51,53,55,61,48,55,59,48,61,61,54,46,61,47,61,49,62,54,46,43,61,52,49,41,41,49,52,52,51,51,48,58,58,49,58,55,59,45,48,53,52,48,56,52,61,59,54,46,53,44,50,53,54,61,48,55,58,48,61,60,54,46,60,48,61,49,61
56,52,61,59,54,46,53,44,50,53,54,61,48,55,58,48,61,60,54,46,60,48,61,49,61,53,46,43,61,52,49,41,40,49,52,52,51,50,48,57,58,49,58,54,58,44,47,53,52,48,55,52,61,59,53,46,53,44,49,53,53,61,48,54,58,48,61,60,53,46,60,48,61,49,61
55,52,61,59,53,46,53,44,49,53,53,61,48,54,58,48,61,60,53,46,60,48,61,49,61,52,46,43,62,52,49,41,40,49,52,52,51,50,48,57,57,48,58,54,56,44,47,52,51,48,55,52,61,58,54,46,52,44,49,52,52,60,48,54,58,48,61,59,53,46,60,48,61,49,62
55,52,61,58,54,46,52,44,49,52,52,60,48,54,58,48,61,59,53,46,60,48,61,49,62,51,46,44,62,52,49,41,40,48,51,52,51,50,48,57,55,47,58,53,55,44,47,52,51,48,54,52,61,58,54,46,52,45,49,52,52,60,48,54,58,49,60,59,52,46,60,49,61,49,61
54,52,61,58,54,46,52,45,49,52,52,60,48,54,58,49,60,59,52,46,60,49,61,49,61,51,46,44,61,52,49,41,40,48,51,52,51,50,48,57,54,47,58,52,54,44,47,52,50,48,54,52,60,57,54,45,52,45,49,51,51,59,48,54,57,48,59,59,52,46,60,49,61,49,59
54,52,60,57,54,45,52,45,49,51,51,59,48,54,57,48,59,59,52,46,60,49,61,49,59,51,46,44,60,51,48,42,40,48,51,52,50,49,48,57,53,47,57,52,54,44,47,51,50,47,53,52,60,57,54,45,52,45,49,51,51,58,48,53,57,48,58,59,52,46,61,49,61,49,58
53,52,60,57,54,45,52,45,49,51,51,58,48,53,57,48,58,59,52,46,61,49,61,49,58,51,46,44,58,51,48,42,40,47,50,51,50,49,48,57,53,47,57,51,53,44,46,50,50,47,52,51,58,57,53,45,52,44,49,51,50,58,48,53,56,48,57,58,52,46,59,49,60,50,58
52,51,58,57,53,45,52,44,49,51,50,58,48,53,56,48,57,58,52,46,59,49,60,50,58,51,46,44,56,50,48,42,40,47,50,51,50,49,48,57,52,47,56,50,52,43,46,50,49,47,51,51,57,56,53,45,52,44,49,51,50,57,48,51,55,48,56,57,51,46,58,49,59,49,56
51,51,57,56,53,45,52,44,49,51,50,57,48,51,55,48,56,57,51,46,58,49,59,49,56,50,46,44,55,50,48,42,40,46,49,50,50,49,47,56,51,47,56,49,51,43,46,49,49,47,51,50,55,54,53,45,51,44,49,50,50,57,47,51,55,47,55,56,51,46,57,49,57,49,55
51,50,55,54,53,45,51,44,49,50,50,57,47,51,55,47,55,56,51,46,57,49,57,49,55,49,46,44,53,49,48,42,40,46,48,50,49,49,47,55,51,47,55,49,50,43,46,49,49,47,50,49,54,54,53,45,50,44,49,50,50,56,47,51,53,47,54,54,50,46,56,49,56,49,55
50,49,54,54,53,45,50,44,49,50,50,56,47,51,53,47,54,54,50,46,56,49,56,49,55,49,46,44,51,48,47,42,40,46,48,50,49,49,47,55,50,47,54,49,49,43,46,49,49,47,49,48,53,53,53,46,49,44,48,50,49,56,47,51,53,47,53,54,50,46,55,49,56,49,54
49,48,53,53,53,46,49,44,48,50,49,56,47,51,53,47,53,54,50,46,55,49,56,49,54,49,46,45,50,48,47,42,40,46,47,50,49,49,47,54,50,47,54,49,49,43,46,49,49,47,49,48,53,53,53,46,49,45,48,49,49,55,47,51,52,47,52,52,49,47,55,50,55,49,53
49,48,53,53,53,46,49,45,48,49,49,55,47,51,52,47,52,52,49,47,55,50,55,49,53,49,47,45,49,47,48,43,40,45,47,50,49,49,48,54,50,47,54,49,49,43,46,49,49,47,49,48,52,53,53,46,49,45,48,49,49,55,47,51,52,48,52,51,49,47,55,50,54,50,52
49,48,52,53,53,46,49,45,48,49,49,55,47,51,52,48,52,51,49,47,55,50,54,50,52,49,47,45,48,47,48,43,40,45,47,50,50,49,48,54,50,47,54,49,49,43,46,50,50,48,49,48,52,53,53,46,49,45,48,49,49,55,47,51,52,48,52,51,49,47,54,50,54,50,52
49,48,52,53,53,46,49,45,48,49,49,55,47,51,52,48,52,51,49,47,54,50,54,50,52,49,47,45,48,47,48,43,40,45,47,50,50,49,48,54,50,47,54,49,49,43,46,50,50,48,49,48,52,52,53,46,49,45,48,49,49,55,47,51,51,48,52,51,49,47,54,51,53,50,51
49,48,52,52,53,46,49,45,48,49,49,55,47,51,51,48,52,51,49,47,54,51,53,50,51,49,48,45,47,47,48,44,40,45,47,50,50,49,49,54,50,47,54,49,49,44,47,50,50,48,48,48,52,52,53,46,49,45,48,49,49,55,47,52,51,48,52,51,49,47,54,51,53,50,50
48,48,52,52,53,46,49,45,48,49,49,55,47,52,51,48,52,51,49,47,54,51,53,50,50,49,48,45,47,47,49,44,40,46,48,50,50,49,49,54,50,48,54,49,49,44,47,50,51,49,49,48,52,52,53,47,50,46,48,49,49,54,47,52,51,48,52,51,49,48,53,51,53,51,50
49,48,52,52,53,47,50,46,48,49,49,54,47,52,51,48,52,51,49,48,53,51,53,51,50,49,48,45,46,48,49,45,40,46,48,50,50,50,49,54,50,48,54,49,49,44,47,51,51,49,49,48,51,52,53,47,50,46,48,50,49,55,48,52,51,49,52,50,49,48,53,52,52,51,49
49,48,51,52,53,47,50,46,48,50,49,55,48,52,51,49,52,50,49,48,53,52,52,51,49,49,49,45,46,48,49,45,40,46,48,51,51,50,50,54,51,48,54,49,49,45,47,51,51,50,49,48,51,52,54,47,50,46,48,50,49,54,48,52,51,49,52,51,49,48,53,52,52,51,48
49,48,51,52,54,47,50,46,48,50,49,54,48,52,51,49,52,51,49,48,53,52,52,51,48,49,49,45,45,48,50,46,40,46,48,51,51,50,50,54,51,49,54,50,49,45,47,51,52,50,49,49,51,52,54,48,50,46,48,50,50,55,48,53,51,50,52,51,49,49,52,53,51,52,48
49,49,51,52,54,48,50,46,48,50,50,55,48,53,51,50,52,51,49,49,52,53,51,52,48,50,50,45,45,48,50,46,40,46,49,51,51,51,51,55,51,49,55,50,50,45,47,52,52,50,49,49,51,52,54,48,50,47,48,50,50,55,49,53,52,50,52,51,50,49,52,53,51,52,48
49,49,51,52,54,48,50,47,48,50,50,55,49,53,52,50,52,51,50,49,52,53,51,52,48,50,50,45,44,49,51,46,40,46,49,52,52,51,51,55,51,49,55,50,50,46,47,52,52,51,50,50,51,52,55,49,50,47,48,51,50,55,49,53,52,50,53,51,50,50,52,53,51,53,47
50,50,51,52,55,49,50,47,48,51,50,55,49,53,52,50,53,51,50,50,52,53,51,53,47,50,51,45,44,49,51,46,40,45,49,52,52,52,52,55,52,50,55,51,50,46,47,52,53,51,50,50,52,52,55,49,49,48,48,51,50,55,50,54,52,51,53,51,50,50,51,54,51,53,47
50,50,52,52,55,49,49,48,48,51,50,55,50,54,52,51,53,51,50,50,51,54,51,53,47,50,51,45,44,50,52,46,40,45,50,52,52,52,52,55,52,50,56,51,51,47,47,53,53,52,50,50,52,52,55,50,49,48,48,52,51,55,50,54,52,51,53,52,50,51,51,54,50,54,46
50,50,52,52,55,50,49,48,48,52,51,55,50,54,52,51,53,52,50,51,51,54,50,54,46,51,52,45,44,50,52,47,40,45,50,53,53,53,53,55,52,51,56,51,51,47,47,53,54,53,51,51,52,53,55,50,49,49,48,52,51,55,50,54,53,52,53,52,51,51,51,55,50,54,46
51,51,52,53,55,50,49,49,48,52,51,55,50,54,53,52,53,52,51,51,51,55,50,54,46,51,53,45,43,51,53,47,40,45,50,53,53,53,53,55,53,51,56,52,51,48,47,54,54,53,51,51,52,53,56,50,49,49,47,52,52,56,51,55,53,52,53,52,51,52,51,55,50,55,46
51,51,52,53,56,50,49,49,47,52,52,56,51,55,53,52,53,52,51,52,51,55,50,55,46,51,53,45,43,51,54,47,40,45,50,54,54,54,54,55,53,52,57,52,52,48,47,54,55,54,51,52,53,53,56,51,49,50,47,52,52,56,51,55,53,53,53,53,52,52,51,56,50,55,46
51,52,53,53,56,51,49,50,47,52,52,56,51,55,53,53,53,53,52,52,51,56,50,55,46,52,54,45,43,52,54,47,40,45,50,54,54,54,54,54,54,52,57,53,52,49,47,55,55,54,52,52,53,54,56,51,49,50,47,52,52,56,52,56,54,53,52,53,52,53,51,56,50,56,45
52,52,53,54,56,51,49,50,47,52,52,56,52,56,54,53,52,53,52,53,51,56,50,56,45,52,54,45,43,52,55,47,40,45,50,55,55,55,55,54,54,53,58,53,53,50,47,55,56,55,52,53,54,54,57,51,49,51,47,52,53,57,52,56,54,54,52,54,53,53,51,57,50,56,45
52,53,54,54,57,51,49,51,47,52,53,57,52,56,54,54,52,54,53,53,51,57,50,56,45,53,55,45,42,53,55,47,40,45,50,55,55,55,55,54,55,53,58,54,53,50,47,56,56,55,52,53,54,55,57,51,49,51,47,52,53,57,53,56,54,54,52,54,53,54,50,57,50,57,45
52,53,54,55,57,51,49,51,47,52,53,57,53,56,54,54,52,54,53,54,50,57,50,57,45,53,55,45,42,53,56,47,40,45,50,56,55,56,55,54,55,54,59,54,54,51,47,56,57,56,53,54,54,55,57,51,49,52,47,52,53,57,54,57,54,55,52,55,53,54,50,58,49,57,45
53,54,54,55,57,51,49,52,47,52,53,57,54,57,54,55,52,55,53,54,50,58,49,57,45,54,56,45,42,54,56,47,40,44,50,56,55,56,55,53,56,55,59,55,54,51,46,57,57,57,53,54,55,55,58,51,49,53,47,52,53,58,54,57,54,56,52,55,54,55,50,59,49,58,45
53,54,55,55,58,51,49,53,47,52,53,58,54,57,54,56,52,55,54,55,50,59,49,58,45,54,57,45,42,55,56,47,40,44,50,57,55,57,55,53,56,55,59,55,55,52,46,57,58,57,54,55,55,56,58,51,49,53,47,53,53,58,55,58,54,56,52,56,55,55,50,59,49,58,44
54,55,55,56,58,51,49,53,47,53,53,58,55,58,54,56,52,56,55,55,50,59,49,58,44,55,57,45,42,55,56,47,40,44,50,58,55,58,55,53,57,56,59,56,55,53,46,58,58,58,54,56,55,57,59,51,49,54,47,53,53,59,55,58,54,57,52,56,55,56,50,59,49,59,44
54,56,55,57,59,51,49,54,47,53,53,59,55,58,54,57,52,56,55,56,50,59,49,59,44,55,58,45,42,56,56,47,40,44,50,57,55,58,55,53,57,57,59,56,56,53,46,59,58,58,54,56,55,57,59,51,49,54,47,53,53,59,56,59,54,57,52,57,56,56,50,60,49,59,45
54,56,55,57,59,51,49,54,47,53,53,59,56,59,54,57,52,57,56,56,50,60,49,59,45,56,58,45,42,57,56,47,39,45,50,57,56,59,55,52,58,57,58,57,57,54,46,59,58,58,55,57,55,58,60,51,49,55,46,53,53,60,56,59,54,58,52,57,56,56,50,60,49,59,45
55,57,55,58,60,51,49,55,46,53,53,60,56,59,54,58,52,57,56,56,50,60,49,59,45,57,59,45,42,57,56,48,39,45,50,57,56,59,56,52,58,58,57,57,57,55,46,59,58,58,55,57,55,58,60,52,49,55,46,53,53,60,57,60,54,59,52,58,57,56,49,60,48,60,45
55,57,55,58,60,52,49,55,46,53,53,60,57,60,54,59,52,58,57,56,49,60,48,60,45,57,59,46,41,58,55,48,39,44,50,57,56,59,55,52,59,58,57,58,57,55,46,58,58,58,56,58,54,58,60,52,49,56,46,53,54,60,58,60,54,59,51,58,57,56,49,61,48,60,45
56,58,54,58,60,52,49,56,46,53,54,60,58,60,54,59,51,58,57,56,49,61,48,60,45,58,60,46,41,58,55,48,40,44,50,56,56,59,55,52,60,59,56,59,57,56,46,58,58,58,56,59,54,59,60,52,49,56,46,53,54,59,58,62,54,59,51,59,58,56,48,61,48,60,46
56,59,54,59,60,52,49,56,46,53,54,59,58,62,54,59,51,59,58,56,48,61,48,60,46,58,60,45,41,59,55,49,40,44,50,56,56,60,55,52,60,59,56,59,57,57,46,58,57,58,56,59,54,59,61,52,49,56,46,53,54,58,59,61,55,60,51,59,59,56,48,61,49,60,46
56,59,54,59,61,52,49,56,46,53,54,58,59,61,55,60,51,59,59,56,48,61,49,60,46,59,60,46,41,59,53,49,41,45,50,56,56,60,55,52,60,59,55,60,57,57,46,58,57,58,56,60,54,60,61,53,49,56,45,54,54,58,59,60,55,60,51,60,59,56,48,61,49,61,47
56,60,54,60,61,53,49,56,45,54,54,58,59,60,55,60,51,60,59,56,48,61,49,61,47,59,59,46,42,60,53,50,41,45,50,56,55,60,55,52,61,59,55,60,57,58,45,57,57,58,56,60,54,60,61,53,49,56,45,54,54,58,59,58,55,59,51,60,59,56,48,61,48,61,47
56,60,54,60,61,53,49,56,45,54,54,58,59,58,55,59,51,60,59,56,48,61,48,61,47,59,59,46,42,60,52,50,42,45,50,56,55,59,55,52,61,59,55,60,57,58,45,56,56,58,56,60,55,60,61,54,49,56,44,54,54,58,60,57,55,59,50,60,59,56,47,61,48,61,48
56,60,55,60,61,54,49,56,44,54,54,58,60,57,55,59,50,60,59,56,47,61,48,61,48,60,58,46,43,60,51,50,42,45,49,56,55,58,55,51,61,60,55,60,58,59,46,55,56,58,56,61,54,60,61,54,49,56,44,53,54,57,60,56,56,59,50,61,60,56,47,61,48,61,48
56,61,54,60,61,54,49,56,44,53,54,57,60,56,56,59,50,61,60,56,47,61,48,61,48,60,58,46,43,60,51,50,43,45,48,55,55,57,55,51,61,59,54,59,58,59,45,55,56,57,55,61,54,61,60,54,49,56,44,53,54,57,60,54,56,59,50,60,60,55,47,61,47,61,48
55,61,54,61,60,54,49,56,44,53,54,57,60,54,56,59,50,60,60,55,47,61,47,61,48,60,57,46,44,60,51,50,43,45,47,54,55,56,55,51,61,59,54,59,58,60,45,54,55,57,55,61,54,61,61,54,48,57,44,53,53,57,60,53,56,59,50,60,60,55,47,61,47,61,49
55,61,54,61,61,54,48,57,44,53,53,57,60,53,56,59,50,60,60,55,47,61,47,61,49,61,56,46,44,62,51,50,43,45,47,54,55,56,54,50,61,59,54,59,57,60,45,53,55,57,55,61,55,61,61,55,48,57,44,52,53,57,60,51,56,59,49,60,61,55,46,61,47,60,49
55,61,55,61,61,55,48,57,44,52,53,57,60,51,56,59,49,60,61,55,46,61,47,60,49,62,56,46,44,61,51,49,44,45,47,53,55,55,52,49,61,59,53,59,57,60,45,52,54,56,55,60,54,61,61,55,48,57,44,52,53,57,61,49,56,59,49,61,61,55,46,61,47,62,49
55,60,54,61,61,55,48,57,44,52,53,57,61,49,56,59,49,61,61,55,46,61,47,62,49,61,55,46,44,60,51,49,44,44,47,53,55,54,52,49,61,59,52,58,56,61,45,51,54,56,55,59,52,61,61,56,47,56,45,52,53,56,62,49,56,59,48,61,61,54,46,61,47,63,49
55,59,52,61,61,56,47,56,45,52,53,56,62,49,56,59,48,61,61,54,46,61,47,63,49,61,55,46,45,62,51,49,44,45,48,53,54,53,51,49,60,59,52,58,56,62,45,50,54,54,55,58,52,61,62,56,47,55,45,51,53,56,62,49,55,59,48,61,61,54,46,61,47,61,49
55,58,52,61,62,56,47,55,45,51,53,56,62,49,55,59,48,61,61,54,46,61,47,61,49,62,55,46,45,61,51,49,45,45,48,53,53,52,51,49,59,59,51,58,56,60,45,50,53,53,55,57,52,61,61,54,47,54,45,51,53,56,62,48,55,59,48,61,61,54,46,61,47,61,49
55,57,52,61,61,54,47,54,45,51,53,56,62,48,55,59,48,61,61,54,46,61,47,61,49,62,54,46,45,62,51,49,44,44,49,52,52,52,51,48,59,58,50,58,55,59,45,49,53,53,55,56,52,61,60,54,46,54,44,51,53,55,61,48,55,59,48,61,60,54,46,61,47,61,49
55,56,52,61,60,54,46,54,44,51,53,55,61,48,55,59,48,61,60,54,46,61,47,61,49,62,54,46,44,61,52,49,44,44,49,52,52,51,51,48,58,58,49,58,55,59,45,48,53,52,55,56,52,61,59,54,46,53,44,50,53,53,61,48,55,58,48,61,60,54,46,60,48,61,49
55,56,52,61,59,54,46,53,44,50,53,53,61,48,55,58,48,61,60,54,46,60,48,61,49,61,53,46,44,61,52,49,44,44,49,52,52,51,50,48,57,58,49,58,54,58,44,47,53,52,52,55,52,61,58,53,46,53,44,50,53,53,61,48,54,58,48,61,60,53,46,60,48,61,49
52,55,52,61,58,53,46,53,44,50,53,53,61,48,54,58,48,61,60,53,46,60,48,61,49,62,52,46,44,62,52,49,43,43,49,52,52,51,50,48,57,57,48,58,54,56,44,47,52,51,51,55,52,61,58,54,46,52,44,49,52,52,60,48,54,58,48,60,59,53,46,60,48,61,49
51,55,52,61,58,54,46,52,44,49,52,52,60,48,54,58,48,60,59,53,46,60,48,61,49,62,51,46,44,62,52,49,42,42,48,51,52,51,50,48,57,55,47,58,53,55,44,47,52,51,51,54,52,61,58,54,46,52,45,49,52,52,60,48,54,58,49,60,59,52,46,60,49,61,49
51,54,52,61,58,54,46,52,45,49,52,52,60,48,54,58,49,60,59,52,46,60,49,61,49,61,51,46,44,61,52,49,41,41,48,51,52,51,50,48,57,54,47,58,52,54,44,47,52,50,51,54,52,60,57,54,45,52,45,49,51,51,59,48,54,57,48,59,59,52,46,60,49,61,49
51,54,52,60,57,54,45,52,45,49,51,51,59,48,54,57,48,59,59,52,46,60,49,61,49,59,51,46,44,60,51,48,41,41,48,51,52,50,49,48,57,53,47,57,52,54,44,47,51,50,51,53,52,60,57,54,45,52,45,49,51,51,58,48,53,57,48,58,59,52,46,61,49,61,49
51,53,52,60,57,54,45,52,45,49,51,51,58,48,53,57,48,58,59,52,46,61,49,61,49,58,51,46,44,58,51,48,42,41,47,50,51,50,49,48,57,53,47,57,51,53,44,46,50,49,50,52,51,58,57,53,45,52,44,49,51,50,58,48,53,56,48,57,58,52,46,59,49,60,49
50,52,51,58,57,53,45,52,44,49,51,50,58,48,53,56,48,57,58,52,46,59,49,60,49,58,51,46,44,56,50,48,42,41,47,50,51,50,49,48,57,52,47,56,50,52,43,46,50,49,50,51,51,57,56,53,45,52,44,49,51,50,57,48,51,55,48,56,57,51,46,57,49,59,49
50,51,51,57,56,53,45,52,44,49,51,50,57,48,51,55,48,56,57,51,46,57,49,59,49,56,50,46,44,55,50,48,42,40,46,49,50,50,49,47,56,51,47,56,49,51,43,46,49,49,49,51,50,55,54,53,45,51,44,49,50,50,57,47,51,55,47,55,56,51,46,57,49,57,49
49,51,50,55,54,53,45,51,44,49,50,50,57,47,51,55,47,55,56,51,46,57,49,57,49,55,49,46,44,53,49,48,42,40,46,48,50,49,49,47,55,51,47,55,49,50,43,46,49,49,49,50,49,54,54,53,45,50,44,49,50,50,56,47,51,53,47,54,54,50,46,56,49,56,49
49,50,49,54,54,53,45,50,44,49,50,50,56,47,51,53,47,54,54,50,46,56,49,56,49,55,49,46,44,51,48,47,42,40,46,48,50,49,48,47,55,50,47,54,49,49,43,46,49,49,49,49,48,53,53,53,46,49,44,48,50,49,56,47,51,53,47,53,54,50,46,55,49,56,49
49,49,48,53,53,53,46,49,44,48,50,49,56,47,51,53,47,53,54,50,46,55,49,56,49,54,49,46,45,50,48,47,42,40,46,47,50,49,48,47,54,50,47,54,49,49,43,46,49,49,49,49,48,53,53,53,46,49,45,48,49,49,55,47,51,52,47,52,52,49,46,55,50,55,49
49,49,48,53,53,53,46,49,45,48,49,49,55,47,51,52,47,52,52,49,46,55,50,55,49,53,49,47,45,49,47,48,43,40,45,47,50,49,49,48,54,50,47,54,49,49,43,46,49,49,48,49,48,52,53,53,46,49,45,48,49,49,55,47,51,52,48,52,51,49,47,54,50,54,49
48,49,48,52,53,53,46,49,45,48,49,49,55,47,51,52,48,52,51,49,47,54,50,54,49,52,49,47,45,48,47,48,43,40,45,47,50,50,49,48,54,50,47,54,49,49,43,46,50,50,48,49,48,52,52,53,46,49,45,48,49,49,55,47,51,52,48,52,51,49,47,54,50,54,50
48,49,48,52,52,53,46,49,45,48,49,49,55,47,51,52,48,52,51,49,47,54,50,54,50,52,49,47,45,48,47,48,43,40,45,47,50,50,49,48,54,50,47,54,49,49,43,46,50,50,48,49,48,52,52,53,46,49,45,48,49,49,55,47,51,51,48,52,51,49,47,54,51,53,50
48,49,48,52,52,53,46,49,45,48,49,49,55,47,51,51,48,52,51,49,47,54,51,53,50,51,49,48,45,47,47,48,44,40,45,47,50,50,49,49,54,50,48,54,49,49,44,47,50,50,48,48,48,52,52,53,46,49,45,48,49,49,54,47,52,51,48,52,51,49,47,54,51,53,50
48,48,48,52,52,53,46,49,45,48,49,49,54,47,52,51,48,52,51,49,47,54,51,53,50,50,49,48,45,47,47,49,44,40,46,48,50,50,49,49,54,50,48,54,49,49,44,47,50,51,48,49,48,52,52,53,47,50,46,48,49,49,54,47,52,51,48,52,51,49,48,53,51,53,51
48,49,48,52,52,53,47,50,46,48,49,49,54,47,52,51,48,52,51,49,48,53,51,53,51,50,49,48,45,46,48,49,45,40,46,48,50,50,50,49,54,50,48,54,49,49,44,47,50,51,48,49,48,51,52,53,47,50,46,48,50,49,54,48,52,51,49,52,50,49,48,53,52,52,51
48,49,48,51,52,53,47,50,46,48,50,49,54,48,52,51,49,52,50,49,48,53,52,52,51,49,49,49,45,46,48,49,45,40,46,48,51,51,50,50,54,51,48,54,49,49,45,47,51,51,48,49,48,51,52,54,47,50,46,48,50,49,54,48,52,51,49,52,51,49,48,53,52,52,51
48,49,48,51,52,54,47,50,46,48,50,49,54,48,52,51,49,52,51,49,48,53,52,52,51,49,49,49,45,45,48,50,46,40,46,48,51,51,50,50,54,51,49,54,50,49,45,47,51,52,49,49,49,51,52,54,48,50,46,48,50,50,55,48,53,51,50,52,51,49,49,52,53,51,52
49,49,49,51,52,54,48,50,46,48,50,50,55,48,53,51,50,52,51,49,49,52,53,51,52,48,50,50,45,45,48,50,46,41,46,49,51,51,51,51,54,51,49,55,50,50,45,47,52,52,49,49,49,51,52,54,48,50,47,48,50,50,55,49,53,52,50,52,51,50,49,52,53,51,52
49,49,49,51,52,54,48,50,47,48,50,50,55,49,53,52,50,52,51,50,49,52,53,51,52,48,50,50,45,44,49,51,46,41,46,49,52,52,51,51,55,51,49,55,50,50,46,47,52,52,49,50,50,51,52,55,49,50,47,48,51,50,55,49,53,52,50,53,51,50,50,52,53,51,53
49,50,50,51,52,55,49,50,47,48,51,50,55,49,53,52,50,53,51,50,50,52,53,51,53,47,50,51,45,44,49,51,47,41,45,49,52,52,52,52,55,52,50,55,51,50,46,47,52,53,49,50,50,52,52,55,49,50,48,48,51,50,55,50,54,52,51,53,51,50,50,51,54,51,53
49,50,50,52,52,55,49,50,48,48,51,50,55,50,54,52,51,53,51,50,50,51,54,51,53,47,50,51,45,44,50,52,47,42,45,50,52,52,52,52,55,52,50,56,51,51,47,47,53,53,49,50,50,52,52,55,50,49,48,48,52,51,55,50,54,52,51,53,52,50,51,51,54,50,54
49,50,50,52,52,55,50,49,48,48,52,51,55,50,54,52,51,53,52,50,51,51,54,50,54,46,51,52,45,44,50,52,47,42,45,50,53,53,53,53,55,52,51,56,51,51,47,47,53,54,50,51,51,52,53,55,50,49,49,48,52,51,55,50,54,53,52,53,52,51,51,51,55,50,54
50,51,51,52,53,55,50,49,49,48,52,51,55,50,54,53,52,53,52,51,51,51,55,50,54,46,51,53,45,43,51,53,47,42,45,50,53,53,53,53,55,53,51,56,52,51,48,47,54,54,50,51,51,52,53,56,50,49,49,48,52,52,56,51,55,53,52,53,52,51,52,51,55,50,55
50,51,51,52,53,56,50,49,49,48,52,52,56,51,55,53,52,53,52,51,52,51,55,50,55,46,51,53,45,43,51,54,47,43,45,50,54,54,54,54,55,53,52,57,52,52,49,47,54,55,50,51,52,53,53,56,51,49,50,47,52,52,56,51,55,53,53,53,53,52,52,51,56,50,55
50,51,52,53,53,56,51,49,50,47,52,52,56,51,55,53,53,53,53,52,52,51,56,50,55,46,52,54,45,43,52,54,47,43,45,50,54,54,54,54,55,54,52,57,53,52,49,47,55,55,51,52,52,53,54,56,51,49,50,47,52,52,56,52,56,54,53,53,53,52,53,51,56,50,56
51,52,52,53,54,56,51,49,50,47,52,52,56,52,56,54,53,53,53,52,53,51,56,50,56,46,52,54,45,44,52,55,47,44,45,50,55,55,55,55,54,54,53,58,53,53,50,47,55,56,51,52,53,54,54,57,51,49,51,47,52,53,57,53,56,54,54,52,54,53,53,51,57,50,56
51,52,53,54,54,57,51,49,51,47,52,53,57,53,56,54,54,52,54,53,53,51,57,50,56,45,53,55,45,44,53,55,47,44,45,50,55,55,55,55,54,55,53,58,54,53,50,47,56,56,52,52,53,54,55,57,51,49,51,47,52,53,57,53,56,54,54,52,54,53,54,51,57,50,57
52,52,53,54,55,57,51,49,51,47,52,53,57,53,56,54,54,52,54,53,54,51,57,50,57,45,53,55,45,44,53,56,47,44,45,50,56,55,56,55,54,55,54,59,54,54,51,47,56,57,52,53,54,54,55,57,51,49,52,47,52,54,57,54,57,54,55,52,55,54,54,50,58,49,57
52,53,54,54,55,57,51,49,52,47,52,54,57,54,57,54,55,52,55,54,54,50,58,49,57,45,54,56,45,45,54,56,47,45,45,50,56,55,56,55,53,56,55,59,55,54,51,47,57,57,52,53,54,55,55,58,51,49,53,47,53,53,58,54,57,54,56,52,55,54,55,50,59,49,58
52,53,54,55,55,58,51,49,53,47,53,53,58,54,57,54,56,52,55,54,55,50,59,49,58,45,54,57,45,45,55,56,47,45,45,50,57,55,57,55,53,56,55,59,55,55,52,46,57,58,52,54,55,55,56,58,51,49,53,47,53,53,58,55,58,54,56,52,56,55,55,50,59,49,58
52,54,55,55,56,58,51,49,53,47,53,53,58,55,58,54,56,52,56,55,55,50,59,49,58,46,55,57,46,46,55,56,47,46,46,50,58,55,58,55,53,57,56,59,56,55,53,46,58,58,52,54,56,55,57,59,51,49,54,47,53,53,59,55,58,54,57,52,56,55,56,50,59,49,59
52,54,56,55,57,59,51,49,54,47,53,53,59,55,58,54,57,52,56,55,56,50,59,49,59,46,55,58,46,46,56,56,47,46,46,50,57,56,58,55,53,57,57,59,56,56,53,46,59,58,52,55,56,55,57,59,51,49,55,47,53,53,59,56,59,54,57,52,57,56,56,50,60,49,59
52,55,56,55,57,59,51,49,55,47,53,53,59,56,59,54,57,52,57,56,56,50,60,49,59,47,56,58,47,47,57,56,47,47,47,50,57,56,59,56,52,58,57,58,57,57,54,47,59,58,52,55,57,55,58,60,51,49,55,47,53,53,60,57,59,54,58,52,57,56,56,50,60,49,59
52,55,57,55,58,60,51,49,55,47,53,53,60,57,59,54,58,52,57,56,56,50,60,49,59,47,57,59,47,47,57,56,48,47,47,50,57,56,59,56,52,58,58,57,57,57,55,47,59,58,52,55,57,55,58,60,52,49,55,47,53,54,60,57,60,54,59,52,58,57,56,49,60,48,60
52,55,57,55,58,60,52,49,55,47,53,54,60,57,60,54,59,52,58,57,56,49,60,48,60,48,57,59,48,47,58,55,48,47,47,50,57,56,59,56,52,59,58,57,58,57,55,47,59,58,52,56,58,55,58,60,52,49,56,48,53,54,60,58,60,54,59,51,58,57,56,49,61,48,60
52,56,58,55,58,60,52,49,56,48,53,54,60,58,60,54,59,51,58,57,56,49,61,48,60,48,58,60,48,48,58,55,48,48,48,50,56,56,59,55,52,60,59,56,59,57,56,48,58,58,53,56,59,54,59,60,52,49,56,48,53,54,59,58,62,54,59,51,59,58,56,48,61,48,60
53,56,59,54,59,60,52,49,56,48,53,54,59,58,62,54,59,51,59,58,56,48,61,48,60,48,58,60,48,48,59,55,49,48,48,50,56,56,60,55,52,60,59,56,59,57,57,48,58,58,53,56,59,54,59,61,52,49,56,48,53,54,58,59,61,55,60,51,59,59,56,48,61,49,60
53,56,59,54,59,61,52,49,56,48,53,54,58,59,61,55,60,51,59,59,56,48,61,49,60,48,59,60,48,48,59,54,49,48,48,50,56,56,60,55,52,60,59,55,60,57,57,48,58,57,53,56,60,54,60,61,53,49,56,48,54,54,58,59,60,55,60,51,60,59,56,49,61,49,61
53,56,60,54,60,61,53,49,56,48,54,54,58,59,60,55,60,51,60,59,56,49,61,49,61,49,59,59,49,48,60,53,50,48,48,50,56,55,60,55,52,61,59,55,60,57,58,48,57,57,54,56,60,54,60,61,53,49,56,49,54,54,58,59,58,55,59,51,60,59,56,49,61,49,61
54,56,60,54,60,61,53,49,56,49,54,54,58,59,58,55,59,51,60,59,56,49,61,49,61,49,59,59,49,49,60,52,50,49,49,50,56,55,59,55,52,61,59,55,60,57,58,49,56,56,54,56,60,55,60,61,54,49,56,49,54,54,58,60,57,55,59,50,60,59,56,49,61,49,61
54,56,60,55,60,61,54,49,56,49,54,54,58,60,57,55,59,50,60,59,56,49,61,49,61,49,60,58,49,49,60,52,50,49,49,49,56,55,58,55,51,61,60,55,60,58,59,49,55,56,55,56,61,54,60,61,54,49,56,49,53,54,57,60,56,56,59,50,61,60,56,49,61,49,61
55,56,61,54,60,61,54,49,56,49,53,54,57,60,56,56,59,50,61,60,56,49,61,49,61,49,60,58,49,49,60,51,50,49,49,49,55,55,57,55,51,61,59,54,59,58,59,49,55,56,55,55,61,54,61,60,54,49,56,49,53,54,57,60,54,56,59,50,60,60,55,49,61,49,61
55,55,61,54,61,60,54,49,56,49,53,54,57,60,54,56,59,50,60,60,55,49,61,49,61,49,60,57,49,49,60,51,50,49,49,49,54,55,56,55,51,61,59,54,59,58,60,49,54,55,55,55,61,54,61,61,54,49,57,49,53,53,57,60,53,56,59,50,60,60,55,49,61,49,61
55,55,61,54,61,61,54,49,57,49,53,53,57,60,53,56,59,50,60,60,55,49,61,49,61,49,61,56,49,49,62,51,50,49,49,49,54,55,56,54,50,61,59,54,59,57,60,49,53,55,56,55,61,54,61,61,55,49,57,49,52,53,57,60,51,56,59,49,60,61,55,49,61,49,60
56,55,61,54,61,61,55,49,57,49,52,53,57,60,51,56,59,49,60,61,55,49,61,49,60,49,62,56,49,49,61,51,49,49,49,49,53,55,55,52,49,61,59,53,59,57,60,49,52,54,56,55,60,54,61,61,55,49,57,49,52,53,57,61,49,56,59,49,61,61,54,49,61,49,62
56,55,60,54,61,61,55,49,57,49,52,53,57,61,49,56,59,49,61,61,54,49,61,49,62,49,61,55,49,49,60,51,49,49,49,49,53,55,54,52,49,60,59,52,58,56,61,49,51,54,56,55,59,52,61,61,56,49,56,49,52,53,56,62,49,56,59,49,61,61,54,49,61,49,63
56,55,59,52,61,61,56,49,56,49,52,53,56,62,49,56,59,49,61,61,54,49,61,49,63,49,61,55,49,49,62,51,49,49,49,49,53,54,53,51,50,60,59,52,58,56,62,49,50,54,56,55,58,52,61,62,56,49,55,49,51,53,56,62,49,55,59,49,61,61,54,49,61,49,61
56,55,58,52,61,62,56,49,55,49,51,53,56,62,49,55,59,49,61,61,54,49,61,49,61,50,62,55,49,49,61,51,49,49,49,49,53,53,52,51,49,59,59,51,58,56,60,49,50,53,56,55,57,52,61,61,54,49,54,49,51,53,56,62,49,55,59,49,61,61,54,49,61,49,61
56,55,57,52,61,61,54,49,54,49,51,53,56,62,49,55,59,49,61,61,54,49,61,49,61,49,62,54,49,49,62,51,49,49,49,49,52,52,51,51,49,59,58,50,58,55,59,49,49,53,55,55,56,52,61,60,54,48,54,48,51,53,55,61,49,55,59,48,61,60,54,48,61,48,61
55,55,56,52,61,60,54,48,54,48,51,53,55,61,49,55,59,48,61,60,54,48,61,48,61,49,62,54,48,48,61,52,49,48,48,49,52,52,51,51,49,58,58,49,58,55,59,48,49,53,55,55,56,52,61,59,54,48,53,48,50,53,53,61,48,55,58,48,61,60,54,48,60,48,61
55,55,56,52,61,59,54,48,53,48,50,53,53,61,48,55,58,48,61,60,54,48,60,48,61,49,61,53,48,48,61,52,49,48,48,49,52,52,51,50,48,57,58,49,58,54,58,48,48,53,55,52,55,52,61,58,53,48,53,48,50,53,53,61,48,54,58,48,61,60,53,48,60,48,61
55,52,55,52,61,58,53,48,53,48,50,53,53,61,48,54,58,48,61,60,53,48,60,48,61,49,62,52,48,48,62,52,49,48,48,49,52,52,51,50,48,57,57,48,58,54,56,48,48,52,53,51,55,52,61,58,54,48,52,48,49,52,52,60,48,54,58,48,60,59,53,48,60,48,61
53,51,55,52,61,58,54,48,52,48,49,52,52,60,48,54,58,48,60,59,53,48,60,48,61,49,62,51,48,48,62,52,49,48,48,48,51,52,51,50,48,57,55,48,58,53,55,48,48,52,53,51,54,52,61,58,54,48,52,48,49,52,52,60,48,54,58,49,60,59,52,48,60,49,61
53,51,54,52,61,58,54,48,52,48,49,52,52,60,48,54,58,49,60,59,52,48,60,49,61,49,61,51,48,48,61,52,49,48,48,48,51,52,51,50,48,57,54,48,58,52,54,48,48,52,52,51,54,52,60,57,54,48,52,48,49,51,51,59,48,54,57,48,59,59,52,48,60,49,61
52,51,54,52,60,57,54,48,52,48,49,51,51,59,48,54,57,48,59,59,52,48,60,49,61,49,59,51,48,48,60,51,48,47,48,48,51,52,50,49,48,57,53,48,57,52,54,48,48,51,52,51,53,52,60,57,54,48,52,48,49,51,51,58,48,53,57,48,58,59,52,48,61,49,61
52,51,53,52,60,57,54,48,52,48,49,51,51,58,48,53,57,48,58,59,52,48,61,49,61,49,59,51,48,48,58,51,48,48,48,48,51,51,50,49,48,57,53,48,57,51,53,48,48,50,52,50,52,51,58,57,53,48,52,48,49,51,50,58,48,53,56,48,57,58,52,48,59,49,60
52,50,52,51,58,57,53,48,52,48,49,51,50,58,48,53,56,48,57,58,52,48,59,49,60,49,58,51,48,48,56,50,48,48,48,48,50,51,50,49,48,57,52,48,56,50,52,48,48,50,51,50,51,51,57,56,53,48,52,48,49,51,50,57,48,51,55,48,56,57,51,48,57,49,59
51,50,51,51,57,56,53,48,52,48,49,51,50,57,48,51,55,48,56,57,51,48,57,49,59,49,56,50,48,48,55,50,48,48,48,48,49,50,50,49,48,56,51,48,56,49,51,48,48,49,51,49,51,50,55,54,53,48,51,48,49,50,50,57,48,51,55,48,55,56,51,48,57,49,58
51,49,51,50,55,54,53,48,51,48,49,50,50,57,48,51,55,48,55,56,51,48,57,49,58,49,55,49,48,48,53,49,48,48,48,48,49,50,49,49,48,55,51,48,55,49,50,48,48,49,51,49,50,49,54,54,53,48,50,48,49,50,50,56,48,51,53,48,54,54,50,48,56,49,56
51,49,50,49,54,54,53,48,50,48,49,50,50,56,48,51,53,48,54,54,50,48,56,49,56,49,55,49,48,48,52,48,48,48,48,48,48,50,49,49,48,55,50,48,54,49,49,48,48,49,51,49,49,48,53,53,53,48,49,48,49,50,49,56,48,51,53,48,53,54,50,48,55,49,56
51,49,49,48,53,53,53,48,49,48,49,50,49,56,48,51,53,48,53,54,50,48,55,49,56,49,54,49,48,48,50,48,48,48,48,48,48,50,49,49,48,54,50,48,54,49,49,48,48,49,51,49,49,48,53,53,53,48,49,48,48,49,49,55,48,51,52,48,52,52,49,48,55,50,55
51,49,49,48,53,53,53,48,49,48,48,49,49,55,48,51,52,48,52,52,49,48,55,50,55,49,53,49,48,48,49,48,48,48,48,48,48,50,49,49,48,54,50,48,54,49,49,48,48,49,51,49,49,49,52,53,53,48,49,48,49,49,49,55,48,51,52,48,52,51,49,48,54,50,55
51,49,49,49,52,53,53,48,49,48,49,49,49,55,48,51,52,48,52,51,49,48,54,50,55,49,52,49,48,48,49,48,49,48,48,48,48,50,50,49,49,54,50,49,54,49,49,48,48,50,51,49,49,49,52,52,53,49,49,49,49,49,49,55,49,51,52,49,52,51,49,49,54,50,54
51,49,49,49,52,52,53,49,49,49,49,49,49,55,49,51,52,49,52,51,49,49,54,50,54,50,52,49,49,49,49,49,49,49,49,49,49,50,50,49,49,54,50,49,54,49,49,49,49,50,51,49,49,49,52,52,53,49,49,49,49,49,49,55,49,51,51,49,52,51,49,49,54,51,54
51,49,49,49,52,52,53,49,49,49,49,49,49,55,49,51,51,49,52,51,49,49,54,51,54,50,51,49,49,49,49,49,49,49,49,49,49,50,50,49,49,54,50,49,54,49,49,49,49,50,51,49,50,49,52,52,53,49,50,49,49,50,50,54,49,52,51,49,52,51,49,49,54,51,53
51,49,50,49,52,52,53,49,50,49,49,50,50,54,49,52,51,49,52,51,49,49,54,51,53,50,50,50,49,49,49,49,49,49,49,49,49,50,50,50,50,54,50,49,54,49,49,49,49,50,51,50,50,50,52,52,53,50,50,50,50,50,50,54,50,52,51,50,52,51,50,50,53,51,53
51,50,50,50,52,52,53,50,50,50,50,50,50,54,50,52,51,50,52,51,50,50,53,51,53,51,50,50,50,50,50,50,50,49,50,50,50,50,50,50,50,54,50,50,54,50,50,50,50,50,51,50,50,50,52,52,53,50,50,50,50,50,50,54,50,52,51,50,52,51,50,50,53,52,52
51,50,50,50,52,52,53,50,50,50,50,50,50,54,50,52,51,50,52,51,50,50,53,52,52,51,50,50,50,50,50,50,50,50,50,50,50,51,51,50,50,54,50,50,54,50,50,50,50,51,51,50,50,50,51,52,54,50,51,50,50,51,50,54,50,52,51,50,52,51,50,50,53,52,52
51,50,50,50,51,52,54,50,51,50,50,51,50,54,50,52,51,50,52,51,50,50,53,52,52,51,50,50,50,50,50,50,51,50,50,50,50,51,51,51,51,54,51,50,54,50,50,50,50,51,51,51,51,51,51,52,54,51,51,51,51,51,51,55,51,53,51,51,52,51,51,51,52,53,52
51,51,51,51,51,52,54,51,51,51,51,51,51,55,51,53,51,51,52,51,51,51,52,53,52,52,51,51,51,51,51,51,51,51,51,51,51,51,51,51,51,54,51,51,55,51,51,51,51,52,51,51,51,51,51,52,54,51,51,51,51,51,51,55,51,53,52,51,52,51,51,51,52,53,51
51,51,51,51,51,52,54,51,51,51,51,51,51,55,51,53,52,51,52,51,51,51,52,53,51,52,51,51,51,51,51,51,51,51,51,51,51,52,52,51,52,55,52,51,55,51,51,51,51,52,52,52,52,52,52,52,55,52,52,51,52,52,52,55,52,53,52,52,53,52,52,52,52,53,52
52,52,52,52,52,52,55,52,52,51,52,52,52,55,52,53,52,52,53,52,52,52,52,53,52,53,52,52,52,51,52,52,52,51,52,52,52,52,52,52,52,55,52,52,55,52,52,51,52,52,52,52,52,52,52,52,55,52,52,52,52,52,52,55,52,54,52,52,53,52,52,52,52,54,52
52,52,52,52,52,52,55,52,52,52,52,52,52,55,52,54,52,52,53,52,52,52,52,54,52,53,52,52,52,52,52,52,52,52,52,52,52,52,52,52,52,55,52,52,56,52,52,52,52,53,53,52,53,53,53,53,55,52,53,52,53,53,53,55,53,54,53,53,53,53,53,52,53,54,53
53,52,53,53,53,53,55,52,53,52,53,53,53,55,53,54,53,53,53,53,53,52,53,54,53,54,53,53,53,52,53,53,53,52,52,52,53,53,53,53,53,55,53,53,56,53,53,52,52,53,53,53,53,53,53,53,55,53,53,53,53,53,53,55,53,54,53,53,53,53,53,53,53,55,53
53,53,53,53,53,53,55,53,53,53,53,53,53,55,53,54,53,53,53,53,53,53,53,55,53,54,53,53,53,53,53,53,53,53,53,53,53,53,53,53,53,55,53,53,56,53,53,53,53,54,54,53,54,54,54,53,56,53,54,53,54,54,53,56,53,55,54,54,54,54,53,53,54,55,54
54,53,54,54,54,53,56,53,54,53,54,54,53,56,53,55,54,54,54,54,53,53,54,55,54,55,53,53,54,53,53,54,54,53,53,53,54,54,54,54,54,55,54,54,57,54,54,53,53,54,54,54,54,54,54,54,56,54,54,54,54,54,54,56,54,55,54,54,54,54,54,54,54,56,54
54,54,54,54,54,54,56,54,54,54,54,54,54,56,54,55,54,54,54,54,54,54,54,56,54,55,54,54,54,54,54,54,54,54,54,54,54,54,54,54,54,55,54,54,57,54,54,54,54,55,55,55,55,55,55,55,56,55,55,54,55,55,54,56,55,56,55,55,55,55,55,55,55,56,55
55,55,55,55,55,55,56,55,55,54,55,55,54,56,55,56,55,55,55,55,55,55,55,56,55,56,55,55,55,55,54,55,55,54,54,54,55,55,55,55,55,55,55,55,58,55,55,54,55,55,55,55,55,55,55,55,57,55,55,55,55,55,55,57,55,56,55,55,55,55,55,55,55,57,55
55,55,55,55,55,55,57,55,55,55,55,55,55,57,55,56,55,55,55,55,55,55,55,57,55,56,55,55,55,55,55,55,55,55,55,55,55,55,55,55,56,55,55,55,58,55,55,55,55,56,56,56,56,56,56,56,57,56,56,56,56,56,55,57,56,56,56,56,56,56,56,56,56,57,56
56,56,56,56,56,56,57,56,56,56,56,56,55,57,56,56,56,56,56,56,56,56,56,57,56,57,56,56,56,56,56,56,56,55,55,56,56,56,56,56,56,56,56,56,59,56,56,56,56,56,56,56,56,56,56,56,57,56,56,56,56,56,56,57,56,57,56,56,56,56,56,56,56,58,56
56,56,56,56,56,56,57,56,56,56,56,56,56,57,56,57,56,56,56,56,56,56,56,58,56,57,56,56,56,56,56,56,56,56,56,56,56,56,56,57,56,56,56,56,59,56,56,56,56,57,57,57,57,57,57,57,58,57,57,57,57,57,57,58,57,57,57,57,57,57,57,57,57,59,57
57,57,57,57,57,57,58,57,57,57,57,57,57,58,57,57,57,57,57,57,57,57,57,59,57,58,57,57,57,57,57,57,57,57,57,57,57,57,57,57,57,57,57,57,60,57,57,57,57,58,57,57,57,57,57,57,58,57,57,57,57,57,57,58,57,58,57,57,57,57,57,57,57,59,57
57,57,57,57,57,57,58,57,57,57,57,57,57,58,57,58,57,57,57,57,57,57,57,59,57,58,57,57,58,57,57,57,57,57,57,57,57,58,57,58,57,57,57,57,59,57,57,57,57,58,58,58,58,58,58,58,59,58,58,58,58,58,58,59,58,58,58,58,58,58,58,58,58,59,58
58,58,58,58,58,58,59,58,58,58,58,58,58,59,58,58,58,58,58,58,58,58,58,59,58,59,58,58,58,58,58,58,58,58,58,58,58,58,58,58,58,58,58,58,59,58,58,58,58,59,59,59,59,59,59,59,59,59,59,59,59,59,58,59,59,59,59,59,59,59,59,59,59,60,59
59,59,59,59,59,59,59,59,59,59,59,59,58,59,59,59,59,59,59,59,59,59,59,60,59,59,59,59,59,59,59,59,59,59,58,59,59,59,59,59,59,59,59,59,59,59,59,59,59,59,59,59,59,59,59,59,60,59,59,59,59,59,59,60,59,59,59,59,59,59,59,59,59,60,59
59,59,59,59,59,59,60,59,59,59,59,59,59,60,59,59,59,59,59,59,59,59,59,60,59,60,59,59,59,59,59,59,59,59,59,59,59,59,59,59,59,59,59,59,59,59,59,59,59,59,60,60,60,60,60,60,60,60,60,60,60,60,60,60,60,60,60,60,60,60,60,60,60,60,60
60,60,60,60,60,60,60,60,60,60,60,60,60,60,60,60,60,60,60,60,60,60,60,60,60,60,60,60,60,60,60,60,60,60,60,60,60,60,60,60,60,60,60,60,60,60,60,60,60,60,60,60,60,60,60,60,61,60,60,60,60,60,60,60,60,61,60,60,60,60,60,60,60,61,60
60,60,60,60,60,60,61,60,60,60,60,60,60,60,60,61,60,60,60,60,60,60,60,61,60,61,60,60,60,60,60,60,60,60,60,60,60,60,60,61,60,60,60,60,60,60,60,60,60,60,60,61,61,61,61,61,61,61,61,61,60,61,61,60,61,62,61,61,61,61,61,61,61,61,61
60,61,61,61,61,61,61,61,61,61,60,61,61,60,61,62,61,61,61,61,61,61,61,61,61,61,61,61,61,61,60,61,60,60,60,60,60,60,61,61,61,61,61,61,61,61,61,61,60,61,60,61,61,61,61,61,62,61,61,61,60,61,61,60,61,62,61,61,61,61,61,61,61,62,61
60,61,61,61,61,61,62,61,61,61,60,61,61,60,61,62,61,61,61,61,61,61,61,62,61,61,61,61,61,61,61,61,61,61,60,61,60,61,61,61,61,61,61,61,61,61,61,61,60,61,60,60,60,61,60,60,61,60,61,60,60,61,60,60,61,61,61,61,60,61,61,60,60,61,60
60,60,60,61,60,60,61,60,61,60,60,61,60,60,61,61,61,61,60,61,61,60,60,61,60,62,60,61,60,60,60,61,60,60,60,60,60,60,60,61,60,60,61,61,60,61,61,60,60,60,60,60,60,61,60,61,61,60,60,60,60,60,60,60,60,60,60,61,60,61,60,60,60,61,60
60,60,60,61,60,61,61,60,60,60,60,60,60,60,60,60,60,61,60,61,60,60,60,61,60,62,60,60,60,60,60,61,60,60,60,60,60,60,60,60,60,60,61,61,60,61,60,60,60,60,60,60,60,61,60,61,61,60,60,60,60,60,60,60,61,60,61,61,60,61,61,60,60,61,60
60,60,60,61,60,61,61,60,60,60,60,60,60,60,61,60,61,61,60,61,61,60,60,61,60,62,60,61,60,60,60,61,60,60,60,60,60,60,60,60,60,60,61,61,60,61,60,60,60,60,60,60,60,61,60,61,61,60,60,60,60,60,60,60,61,60,60,61,60,61,60,60,60,61,60
60,60,60,61,60,61,61,60,60,60,60,60,60,60,61,60,60,61,60,61,60,60,60,61,60,61,60,61,60,60,60,61,60,60,60,60,60,60,60,60,60,60,62,60,60,61,60,60,60,60,60,60,60,61,60,61,61,60,60,60,60,60,60,60,60,60,60,60,60,60,60,60,60,61,60
60,60,60,61,60,61,61,60,60,60,60,60,60,60,60,60,60,60,60,60,60,60,60,61,60,61,60,60,60,60,60,60,60,60,60,60,60,60,60,60,60,60,61,60,60,60,60,60,60,60,60,60,60,61,60,61,61,60,60,60,60,60,60,60,60,60,60,60,60,60,60,60,60,61,60
60,60,60,61,60,61,61,60,60,60,60,60,60,60,60,60,60,60,60,60,60,60,60,61,60,61,60,61,60,60,60,62,60,60,60,60,60,60,60,60,60,60,61,60,60,60,60,60,60,60,59,59,59,61,59,61,61,59,59,59,59,59,59,59,60,59,59,59,59,60,61,59,59,61,59
59,59,59,61,59,61,61,59,59,59,59,59,59,59,60,59,59,59,59,60,61,59,59,61,59,60,59,62,59,59,59,61,59,59,59,59,59,59,59,59,59,59,61,60,59,59,59,60,59,59,58,59,58,60,58,61,61,59,58,59,58,58,58,58,61,58,59,59,58,61,61,58,58,61,58
58,59,58,60,58,61,61,59,58,59,58,58,58,58,61,58,59,59,58,61,61,58,58,61,58,62,58,61,58,58,58,60,58,58,58,58,58,58,59,58,58,58,61,59,58,59,58,61,58,58,58,58,58,59,58,61,61,58,58,58,58,58,58,58,62,58,58,59,58,61,61,58,58,61,58
58,58,58,59,58,61,61,58,58,58,58,58,58,58,62,58,58,59,58,61,61,58,58,61,58,63,58,61,58,58,58,62,58,58,58,58,58,58,58,58,58,58,60,59,58,58,58,62,58,58,58,58,58,58,58,61,62,58,58,58,58,58,58,58,62,58,58,59,58,61,61,58,58,61,58
58,58,58,58,58,61,62,58,58,58,58,58,58,58,62,58,58,59,58,61,61,58,58,61,58,61,58,62,58,58,58,61,58,58,58,58,58,58,58,58,58,58,59,59,58,59,58,60,58,58,58,58,58,58,58,61,61,58,58,58,58,58,58,58,62,58,58,59,58,61,61,58,58,61,58
58,58,58,58,58,61,61,58,58,58,58,58,58,58,62,58,58,59,58,61,61,58,58,61,58,61,58,62,58,58,58,62,58,58,58,58,58,58,58,58,58,58,59,59,58,59,58,60,58,58,58,59,59,59,59,61,60,59,59,59,58,59,59,58,61,59,59,59,58,61,61,59,59,61,59
58,59,59,59,59,61,60,59,59,59,58,59,59,58,61,59,59,59,58,61,61,59,59,61,59,61,59,62,59,59,58,61,58,58,58,58,58,58,59,59,59,58,59,59,58,59,58,59,58,59,58,59,59,59,59,61,60,59,59,59,58,59,59,58,61,59,59,59,58,61,60,59,59,61,59
58,59,59,59,59,61,60,59,59,59,58,59,59,58,61,59,59,59,58,61,60,59,59,61,59,61,59,61,59,59,58,61,58,58,58,58,58,58,59,59,59,58,59,59,58,59,58,59,58,59,59,59,59,59,59,61,59,59,59,59,59,59,59,59,61,59,59,59,59,61,60,59,59,60,59
59,59,59,59,59,61,59,59,59,59,59,59,59,59,61,59,59,59,59,61,60,59,59,60,59,61,59,62,59,59,59,62,59,59,59,59,59,59,59,59,59,59,59,59,59,59,59,59,59,59,58,58,58,58,58,61,58,58,58,58,58,58,58,58,60,58,58,58,58,61,60,58,58,60,58
58,58,58,58,58,61,58,58,58,58,58,58,58,58,60,58,58,58,58,61,60,58,58,60,58,61,58,62,58,58,58,62,58,58,58,58,58,58,58,58,58,58,58,58,58,58,58,58,58,58,58,58,58,58,58,61,58,58,58,58,58,58,58,58,60,58,58,58,58,60,59,58,58,60,58
58,58,58,58,58,61,58,58,58,58,58,58,58,58,60,58,58,58,58,60,59,58,58,60,58,61,58,61,58,58,58,61,58,58,58,58,58,58,58,58,58,58,58,58,58,58,58,58,58,58,58,58,58,58,58,61,58,58,58,58,58,58,58,58,59,58,58,58,58,59,59,58,58,60,58
58,58,58,58,58,61,58,58,58,58,58,58,58,58,59,58,58,58,58,59,59,58,58,60,58,61,58,59,58,58,58,60,58,58,58,58,58,58,58,58,58,58,58,58,58,58,58,58,58,58,58,58,58,58,58,60,58,58,58,58,58,58,58,58,58,58,58,58,58,58,59,58,58,61,58
58,58,58,58,58,60,58,58,58,58,58,58,58,58,58,58,58,58,58,58,59,58,58,61,58,61,58,59,58,58,58,58,58,58,58,58,58,58,58,58,58,58,58,58,58,58,58,58,58,58,58,58,58,58,58,58,58,58,58,58,58,58,58,58,58,58,58,58,58,58,58,58,58,59,58
58,58,58,58,58,58,58,58,58,58,58,58,58,58,58,58,58,58,58,58,58,58,58,59,58,60,58,58,58,58,58,58,58,58,58,58,58,58,58,58,58,58,58,58,58,58,58,58,58,58,58,58,58,58,58,58,58,58,58,58,58,58,58,58,58,58,58,58,58,58,58,58,58,58,58
58,58,58,58,58,58,58,58,58,58,58,58,58,58,58,58,58,58,58,58,58,58,58,58,58,59,58,58,58,58,58,58,58,58,58,58,58,58,58,58,58,58,58,58,58,58,58,58,58,58,57,58,57,58,57,58,57,58,57,57,57,57,57,57,58,57,58,57,57,58,58,57,57,58,57
57,58,57,58,57,58,57,58,57,57,57,57,57,57,58,57,58,57,57,58,58,57,57,58,57,58,57,57,57,57,57,58,57,57,57,57,57,57,57,57,57,57,58,57,57,58,57,57,57,57,57,57,57,57,57,57,57,57,57,57,57,57,57,57,57,57,57,57,57,57,57,57,57,58,57
57,57,57,57,57,57,57,57,57,57,57,57,57,57,57,57,57,57,57,57,57,57,57,58,57,58,57,57,57,57,57,57,57,57,57,57,57,57,57,57,57,57,58,57,57,57,57,57,57,57,57,58,57,58,57,58,57,58,57,57,57,58,57,57,58,57,58,57,57,58,57,57,57,58,57
57,58,57,58,57,58,57,58,57,57,57,58,57,57,58,57,58,57,57,58,57,57,57,58,57,58,57,57,57,57,57,57,57,57,57,57,57,57,57,57,57,57,58,57,57,58,57,57,57,57,57,57,57,57,57,57,57,57,57,57,57,57,57,57,57,57,57,57,57,57,57,57,57,57,57
57,57,57,57,57,57,57,57,57,57,57,57,57,57,57,57,57,57,57,57,57,57,57,57,57,57,57,57,57,57,57,57,57,57,57,57,57,57,57,57,57,57,58,57,57,57,57,57,57,57,57,57,57,57,57,57,57,57,57,57,57,57,57,57,57,57,57,57,57,57,57,57,57,57,57
57,57,57,57,57,57,57,57,57,57,57,57,57,57,57,57,57,57,57,57,57,57,57,57,57,57,57,57,57,57,57,57,57,57,57,57,57,57,57,57,57,57,57,57,57,57,57,57,57,57,57,57,57,57,57,57,57,57,57,57,57,57,57,57,57,57,57,57,57,57,57,57,57,57,57
57,57,57,57,57,57,57,57,57,57,57,57,57,57,57,57,57,57,57,57,57,57,57,57,57,57,57,57,57,57,57,57,57,57,57,57,57,57,57,57,57,57,57,57,57,57,57,57,57,57,56,56,56,56,56,56,56,56,56,56,56,56,56,56,56,56,56,56,56,56,56,56,56,56,56
56,56,56,56,56,56,56,56,56,56,56,56,56,56,56,56,56,56,56,56,56,56,56,56,56,56,56,56,56,56,56,56,56,56,56,56,56,56,56,56,56,56,56,56,56,56,56,56,56,56,56,56,56,56,56,56,56,56,56,56,56,56,56,56,56,56,56,56,56,56,56,56,56,56,56
56,56,56,56,56,56,56,56,56,56,56,56,56,56,56,56,56,56,56,56,56,56,56,56,56,56,56,56,56,56,56,56,56,56,56,56,56,56,56,56,56,56,56,56,56,56,56,56,56,56,56,56,56,56,56,56,56,56,56,56,56,56,56,56,56,56,56,56,56,56,56,56,56,56,56
56,56,56,56,56,56,56,56,56,56,56,56,56,56,56,56,56,56,56,56,56,56,56,56,56,56,56,56,56,56,56,56,56,56,56,56,56,56,56,56,56,56,56,56,56,56,56,56,56,56,56,56,56,56,56,56,56,56,56,56,56,56,56,56,56,56,56,56,56,56,56,56,56,56,56
56,56,56,56,56,56,56,56,56,56,56,56,56,56,56,56,56,56,56,56,56,56,56,56,56,56,56,56,56,56,56,56,56,56,56,56,56,56,56,56,56,56,57,56,56,56,56,56,56,56,56,57,56,57,56,57,57,57,57,57,56,57,56,56,57,56,57,57,56,57,56,57,56,57,57
56,57,56,57,56,57,57,57,57,57,56,57,56,56,57,56,57,57,56,57,56,57,56,57,57,57,56,56,56,56,56,57,56,56,56,56,56,56,57,56,56,56,57,57,56,57,56,56,56,56,56,57,57,57,57,57,57,57,57,57,56,57,57,56,57,57,57,57,57,57,57,57,57,57,57
56,57,57,57,57,57,57,57,57,57,56,57,57,56,57,57,57,57,57,57,57,57,57,57,57,57,57,57,57,57,57,57,57,57,56,57,56,57,57,57,57,57,57,57,57,57,57,57,56,57,57,57,57,57,57,57,57,57,57,57,57,57,57,57,57,57,57,57,57,57,57,57,57,57,57
57,57,57,57,57,57,57,57,57,57,57,57,57,57,57,57,57,57,57,57,57,57,57,57,57,57,57,57,57,57,57,57,57,57,57,57,57,57,57,57,57,57,57,57,57,57,57,57,57,57,57,57,57,57,57,57,57,57,57,57,57,57,57,57,57,57,57,57,57,57,57,57,57,57,57
57,57,57,57,57,57,57,57,57,57,57,57,57,57,57,57,57,57,57,57,57,57,57,57,57,57,57,57,57,57,57,57,57,57,57,57,57,57,57,57,57,57,57,57,57,57,57,57,57,57,57,58,57,57,57,57,57,58,57,57,57,57,57,57,58,57,58,57,57,57,57,57,57,58,57
57,58,57,57,57,57,57,58,57,57,57,57,57,57,58,57,58,57,57,57,57,57,57,58,57,58,57,57,57,57,57,57,57,57,57,57,57,57,57,57,57,57,58,57,57,57,57,57,57,57,58,58,58,58,58,58,58,58,58,58,58,58,58,58,58,58,58,58,58,58,58,58,58,58,58
58,58,58,58,58,58,58,58,58,58,58,58,58,58,58,58,58,58,58,58,58,58,58,58,58,58,58,58,58,58,58,58,58,58,58,58,58,58,58,58,58,58,58,58,58,58,58,58,58,58,58,58,58,58,58,58,58,58,58,58,58,58,58,58,58,58,58,58,58,58,58,58,58,58,58
58,58,58,58,58,58,58,58,58,58,58,58,58,58,58,58,58,58,58,58,58,58,58,58,58,58,58,58,58,58,58,58,58,58,58,58,58,58,58,58,58,58,58,58,58,58,58,58,58,58,58,59,58,58,58,59,58,59,58,58,58,58,58,58,59,58,59,58,58,58,58,58,58,59,58
58,59,58,58,58,59,58,59,58,58,58,58,58,58,59,58,59,58,58,58,58,58,58,59,58,58,58,58,58,58,58,58,58,58,58,58,58,58,58,58,58,58,58,58,58,59,58,58,58,58,59,59,59,59,59,59,59,59,59,59,59,59,59,59,59,59,59,59,59,59,59,59,59,59,59
59,59,59,59,59,59,59,59,59,59,59,59,59,59,59,59,59,59,59,59,59,59,59,59,59,59,59,59,59,59,59,59,59,59,59,59,59,59,59,59,59,59,59,59,59,59,59,59,59,59,59,59,59,59,59,59,59,59,59,59,59,59,59,59,59,59,59,59,59,59,59,59,59,59,59
59,59,59,59,59,59,59,59,59,59,59,59,59,59,59,59,59,59,59,59,59,59,59,59,59,59,59,59,59,59,59,59,59,59,59,59,59,59,59,59,59,59,59,59,59,59,59,59,59,59,59,60,59,60,59,60,59,60,59,60,59,60,59,59,60,59,60,60,59,60,59,60,59,60,60
59,60,59,60,59,60,59,60,59,60,59,60,59,59,60,59,60,60,59,60,59,60,59,60,60,60,59,59,59,59,59,59,59,59,59,59,59,59,60,59,59,59,59,59,59,60,59,59,59,59,60,60,60,60,60,60,60,60,60,60,60,60,60,60,60,60,60,60,60,60,60,60,60,60,60
60,60,60,60,60,60,60,60,60,60,60,60,60,60,60,60,60,60,60,60,60,60,60,60,60,60,60,60,60,60,60,60,60,60,60,60,60,60,60,60,60,60,60,60,60,60,60,60,60,60,60,60,60,60,60,60,60,60,60,60,60,60,60,60,60,60,60,60,60,60,60,60,60,60,60
60,60,60,60,60,60,60,60,60,60,60,60,60,60,60,60,60,60,60,60,60,60,60,60,60,60,60,60,60,60,60,60,60,60,60,60,60,60,60,60,60,60,60,60,60,60,60,60,60,60,60,60,60,60,60,60,60,60,60,60,60,60,60,60,60,60,60,60,60,60,60,60,60,60,60
60,60,60,60,60,60,60,60,60,60,60,60,60,60,60,60,60,60,60,60,60,60,60,60,60,60,61,60,60,60,60,60,60,60,60,60,60,60,60,60,60,60,60,60,60,61,60,60,60,60,60,60,60,60,60,60,60,61,60,60,60,60,60,60,61,60,60,60,60,60,60,60,60,60,61
60,60,60,60,60,60,60,61,60,60,60,60,60,60,61,60,60,60,60,60,60,60,60,60,61,60,61,60,60,61,60,60,60,60,60,60,60,60,60,60,60,60,60,60,60,60,60,60,60,60,60,60,60,60,60,60,60,61,60,60,60,60,60,60,61,60,60,60,60,60,60,60,60,60,61
60,60,60,60,60,60,60,61,60,60,60,60,60,60,61,60,60,60,60,60,60,60,60,60,61,60,61,60,60,61,60,60,60,60,60,60,60,60,60,60,61,60,60,60,60,60,60,60,60,60,60,60,60,60,60,60,60,61,60,60,60,60,60,60,61,60,61,60,60,60,60,60,60,60,61
60,60,60,60,60,60,60,61,60,60,60,60,60,60,61,60,61,60,60,60,60,60,60,60,61,60,61,60,60,61,60,60,60,60,60,60,60,60,60,60,61,60,60,60,60,60,60,60,60,60,60,60,60,60,60,60,60,61,60,60,60,60,60,60,61,60,61,60,60,60,60,60,60,60,61
60,60,60,60,60,60,60,61,60,60,60,60,60,60,61,60,61,60,60,60,60,60,60,60,61,60,61,60,60,61,60,60,60,60,60,60,60,60,60,60,61,60,60,60,60,60,60,60,60,60,60,60,60,60,60,60,60,60,60,60,60,60,60,60,60,60,60,60,60,60,60,60,60,60,61
60,60,60,60,60,60,60,60,60,60,60,60,60,60,60,60,60,60,60,60,60,60,60,60,61,60,60,60,60,60,60,60,60,60,60,60,60,60,60,60,60,60,60,60,60,60,60,60,60,60,60,60,60,60,60,60,60,60,60,60,60,60,60,60,60,60,60,60,60,60,60,60,60,60,61
60,60,60,60,60,60,60,60,60,60,60,60,60,60,60,60,60,60,60,60,60,60,60,60,61,60,60,60,60,60,60,60,60,60,60,60,60,60,60,60,60,60,60,60,60,60,60,60,60,60,60,60,60,60,60,60,60,61,60,60,60,60,60,60,60,60,62,60,60,60,60,60,60,60,61
60,60,60,60,60,60,60,61,60,60,60,60,60,60,60,60,62,60,60,60,60,60,60,60,61,60,61,60,60,61,60,60,60,60,60,60,60,60,60,60,61,60,60,61,61,60,61,60,60,60,60,60,60,60,61,60,60,62,60,60,60,60,60,60,60,61,62,61,61,60,61,61,60,60,62
60,60,60,60,61,60,60,62,60,60,60,60,60,60,60,61,62,61,61,60,61,61,60,60,62,60,61,60,60,60,60,60,61,60,60,60,60,60,60,60,61,60,60,61,61,60,61,60,60,60,60,60,60,60,60,60,60,61,60,60,60,60,60,60,60,60,61,60,61,60,61,60,60,60,61
60,60,60,60,60,60,60,61,60,60,60,60,60,60,60,60,61,60,61,60,61,60,60,60,61,60,62,60,60,60,60,60,61,60,60,60,60,60,60,60,61,60,60,61,60,60,61,60,60,60,60,60,60,60,60,60,60,61,60,60,60,60,60,60,60,60,60,60,60,60,60,60,60,60,61
60,60,60,60,60,60,60,61,60,60,60,60,60,60,60,60,60,60,60,60,60,60,60,60,61,60,61,60,60,60,60,60,60,60,60,60,60,60,60,60,60,60,60,61,60,60,60,60,60,60,60,60,60,60,61,60,61,61,60,60,60,60,60,60,60,60,60,60,61,60,61,60,60,60,61
60,60,60,60,61,60,61,61,60,60,60,60,60,60,60,60,60,60,61,60,61,60,60,60,61,60,62,60,61,60,60,60,61,60,60,60,60,60,60,60,60,60,60,61,60,60,60,60,60,60,60,60,60,60,61,60,60,61,60,60,60,60,60,60,60,60,60,60,60,60,61,60,60,60,61
60,60,60,60,61,60,60,61,60,60,60,60,60,60,60,60,60,60,60,60,61,60,60,60,61,60,61,60,60,60,60,60,60,60,60,60,60,60,60,60,60,60,60,61,60,60,60,60,60,60,60,60,60,60,61,60,61,61,60,60,60,60,60,60,60,61,60,60,60,60,61,60,60,60,61
60,60,60,60,61,60,61,61,60,60,60,60,60,60,60,61,60,60,60,60,61,60,60,60,61,60,61,60,61,60,60,60,60,60,60,60,60,60,60,60,60,60,60,61,60,60,60,60,60,60,60,60,60,60,61,60,61,61,60,60,60,60,60,60,60,60,60,60,60,60,60,60,60,60,61
60,60,60,60,61,60,61,61,60,60,60,60,60,60,60,60,60,60,60,60,60,60,60,60,61,60,61,60,61,60,60,60,62,60,60,60,60,60,60,60,60,60,60,61,60,60,60,60,60,60,60,60,60,60,61,60,61,61,60,60,60,60,60,60,60,60,60,60,60,60,61,61,60,60,61
60,60,60,60,61,60,61,61,60,60,60,60,60,60,60,60,60,60,60,60,61,61,60,60,61,60,61,60,62,60,60,60,61,60,60,60,60,60,60,60,60,60,60,61,60,60,60,60,61,60,60,60,60,60,61,60,61,61,60,60,60,60,60,60,60,61,60,60,61,60,61,61,60,60,61
60,60,60,60,61,60,61,61,60,60,60,60,60,60,60,61,60,60,61,60,61,61,60,60,61,60,63,60,61,60,60,60,61,60,60,60,60,60,60,60,60,60,60,61,60,60,60,60,62,60,60,60,60,60,60,60,61,61,60,60,60,60,60,60,60,62,60,60,60,60,61,61,60,60,61
60,60,60,60,60,60,61,61,60,60,60,60,60,60,60,62,60,60,60,60,61,61,60,60,61,60,63,60,62,60,60,60,63,60,60,60,60,60,60,60,60,60,60,61,60,60,60,60,62,60,60,60,60,60,60,60,61,62,60,60,60,60,60,60,60,62,60,60,60,60,61,61,60,60,62
60,60,60,60,60,60,61,62,60,60,60,60,60,60,60,62,60,60,60,60,61,61,60,60,62,60,62,60,62,60,60,60,61,60,60,60,60,60,60,60,60,60,60,61,60,60,60,60,61,60,59,59,59,59,59,59,61,61,59,59,59,59,59,59,59,62,59,59,59,59,61,61,59,59,61
59,59,59,59,59,59,61,61,59,59,59,59,59,59,59,62,59,59,59,59,61,61,59,59,61,59,61,59,62,59,59,59,62,59,59,59,59,59,59,59,59,59,59,59,59,59,59,59,60,59,58,58,58,58,58,58,61,60,58,58,58,58,58,58,58,61,58,58,59,58,61,61,58,58,61
58,58,58,58,58,58,61,60,58,58,58,58,58,58,58,61,58,58,59,58,61,61,58,58,61,58,61,58,62,58,58,58,61,58,58,58,58,58,58,58,58,58,58,58,58,58,58,58,59,58,57,57,57,57,57,57,61,59,57,57,57,57,57,57,57,61,57,57,58,57,61,60,57,57,61
57,57,57,57,57,57,61,59,57,57,57,57,57,57,57,61,57,57,58,57,61,60,57,57,61,57,61,57,61,57,57,57,61,57,57,57,57,57,57,57,57,57,57,58,58,57,58,57,58,57,56,56,57,56,56,56,61,58,56,56,56,56,56,56,56,61,56,56,58,56,61,60,56,56,60
56,56,57,56,56,56,61,58,56,56,56,56,56,56,56,61,56,56,58,56,61,60,56,56,60,56,61,56,62,56,56,56,62,56,56,56,56,56,56,56,56,56,56,57,57,56,58,56,56,56,56,56,56,56,56,56,61,58,56,56,56,56,56,56,56,60,56,56,58,56,60,59,56,56,60
56,56,56,56,56,56,61,58,56,56,56,56,56,56,56,60,56,56,58,56,60,59,56,56,60,56,61,56,62,56,56,56,62,56,56,56,56,56,56,56,56,56,56,57,56,56,58,56,56,56,54,54,54,54,55,54,61,58,55,54,54,54,54,54,54,60,54,54,58,54,60,59,54,54,60
54,54,54,54,55,54,61,58,55,54,54,54,54,54,54,60,54,54,58,54,60,59,54,54,60,54,61,54,61,54,54,54,61,54,54,54,54,54,54,54,54,54,54,57,54,54,58,54,55,54,53,53,53,53,54,53,60,57,54,53,53,53,53,53,53,59,53,54,57,53,59,59,53,53,60
53,53,53,53,54,53,60,57,54,53,53,53,53,53,53,59,53,54,57,53,59,59,53,53,60,53,61,53,59,53,53,53,60,53,53,53,53,53,53,53,53,53,53,57,54,53,57,53,54,53,53,52,53,52,53,52,60,57,54,52,53,52,53,53,52,58,52,53,57,52,58,58,53,52,61
53,52,53,52,53,52,60,57,54,52,53,52,53,53,52,58,52,53,57,52,58,58,53,52,61,52,60,52,58,52,52,52,58,52,52,52,52,52,52,52,52,52,52,57,53,52,57,52,53,52,52,52,52,52,52,52,58,57,53,52,52,52,52,52,52,58,52,53,56,52,57,58,52,52,59
52,52,52,52,52,52,58,57,53,52,52,52,52,52,52,58,52,53,56,52,57,58,52,52,59,52,60,52,58,52,52,52,56,52,52,52,52,52,52,52,52,52,52,57,52,52,56,52,52,52,52,51,52,51,52,51,57,56,53,51,52,51,51,52,51,57,51,52,55,51,56,57,52,51,57
52,51,52,51,52,51,57,56,53,51,52,51,51,52,51,57,51,52,55,51,56,57,52,51,57,51,59,52,56,51,51,51,55,51,51,51,51,51,51,52,51,51,51,56,52,51,56,51,51,51,52,51,51,51,51,51,55,54,53,51,51,51,51,51,51,56,51,51,55,51,55,56,51,51,57
52,51,51,51,51,51,55,54,53,51,51,51,51,51,51,56,51,51,55,51,55,56,51,51,57,51,57,51,55,51,51,51,53,51,51,51,51,51,51,51,51,51,51,55,51,51,55,51,51,51,51,49,51,49,50,49,54,54,53,49,50,49,49,50,50,56,49,51,53,49,54,54,50,49,56
51,49,51,49,50,49,54,54,53,49,50,49,49,50,50,56,49,51,53,49,54,54,50,49,56,49,56,50,54,49,49,49,51,49,49,49,49,49,49,50,49,49,49,55,50,49,54,49,49,49,52,48,51,49,49,49,53,53,53,48,49,48,49,50,49,56,48,51,53,48,53,54,50,48,55
52,48,51,49,49,49,53,53,53,48,49,48,49,50,49,56,48,51,53,48,53,54,50,48,55,49,56,49,54,49,49,48,50,49,49,48,48,48,49,50,49,49,49,54,50,49,54,49,49,48,51,48,51,49,49,48,53,53,53,48,49,48,48,49,49,55,48,51,52,48,52,52,49,48,55
51,48,51,49,49,48,53,53,53,48,49,48,48,49,49,55,48,51,52,48,52,52,49,48,55,50,55,49,53,49,48,48,49,48,48,48,48,48,48,50,49,49,48,54,50,48,54,49,49,48,51,47,51,48,48,48,52,52,53,47,49,47,48,49,49,55,47,51,52,47,52,51,49,47,54
51,47,51,48,48,48,52,52,53,47,49,47,48,49,49,55,47,51,52,47,52,51,49,47,54,50,54,49,52,49,47,47,48,47,48,47,47,47,47,50,49,49,48,54,50,47,54,49,49,47,51,47,51,48,48,48,52,52,52,46,49,47,48,49,49,55,47,51,51,48,52,51,49,47,54
51,47,51,48,48,48,52,52,52,46,49,47,48,49,49,55,47,51,51,48,52,51,49,47,54,50,54,50,52,49,47,47,48,47,48,46,46,47,47,50,50,49,48,54,50,47,54,49,49,46,50,46,51,48,48,47,52,52,53,46,49,46,48,49,49,55,47,51,51,48,52,51,49,47,54
50,46,51,48,48,47,52,52,53,46,49,46,48,49,49,55,47,51,51,48,52,51,49,47,54,51,53,50,51,49,48,46,47,47,48,46,46,46,47,50,50,49,49,54,50,47,54,49,49,46,50,46,51,48,48,48,52,52,53,46,49,46,48,49,49,54,47,52,51,48,52,51,49,47,53
50,46,51,48,48,48,52,52,53,46,49,46,48,49,49,54,47,52,51,48,52,51,49,47,53,51,53,50,50,49,48,46,47,47,49,46,46,46,48,50,50,49,49,54,50,48,54,49,49,46,50,46,51,48,48,48,52,52,53,47,49,46,48,49,49,54,47,52,51,48,52,50,49,48,53
50,46,51,48,48,48,52,52,53,47,49,46,48,49,49,54,47,52,51,48,52,50,49,48,53,51,52,51,50,49,48,46,46,48,49,46,46,46,48,50,50,50,49,54,50,48,54,49,49,46,50,47,51,48,49,48,51,52,53,47,50,46,48,50,49,54,48,52,51,49,52,50,49,48,53
50,47,51,48,49,48,51,52,53,47,50,46,48,50,49,54,48,52,51,49,52,50,49,48,53,52,52,51,49,49,49,46,46,48,49,46,46,46,48,51,50,50,50,54,50,48,54,49,49,46,51,47,51,48,49,48,51,52,54,47,50,46,48,50,49,54,48,52,51,49,52,50,49,48,52
51,47,51,48,49,48,51,52,54,47,50,46,48,50,49,54,48,52,51,49,52,50,49,48,52,52,52,51,48,49,49,46,46,48,50,46,46,46,48,51,51,50,50,54,51,49,54,50,49,46,51,47,51,48,49,49,51,52,54,48,50,46,48,50,49,54,48,52,51,49,52,50,49,49,52
51,47,51,48,49,49,51,52,54,48,50,46,48,50,49,54,48,52,51,49,52,50,49,49,52,52,51,52,48,50,50,46,46,48,50,46,46,46,49,51,51,51,51,54,51,49,55,50,50,46,51,48,50,49,49,49,51,52,54,48,50,47,48,50,50,55,49,53,51,50,52,51,49,49,52
51,48,50,49,49,49,51,52,54,48,50,47,48,50,50,55,49,53,51,50,52,51,49,49,52,53,51,52,47,50,50,46,46,49,51,46,46,46,49,52,51,51,51,55,51,49,55,50,50,46,51,48,50,49,49,49,51,52,54,49,50,47,48,51,50,55,49,53,52,50,53,51,50,50,51
51,48,50,49,49,49,51,52,54,49,50,47,48,51,50,55,49,53,52,50,53,51,50,50,51,53,51,53,47,50,51,46,46,49,51,46,46,46,49,52,52,52,52,55,52,50,55,51,50,46,52,49,50,49,50,50,51,52,55,49,49,48,48,51,50,55,49,53,52,51,53,51,50,50,51
52,49,50,49,50,50,51,52,55,49,49,48,48,51,50,55,49,53,52,51,53,51,50,50,51,54,50,53,47,50,51,46,46,50,52,46,46,46,50,52,52,52,52,55,52,50,56,51,50,47,52,49,50,49,50,50,52,52,55,49,49,48,48,51,51,55,50,54,52,51,53,51,50,51,51
52,49,50,49,50,50,52,52,55,49,49,48,48,51,51,55,50,54,52,51,53,51,50,51,51,54,50,54,46,51,52,46,46,50,52,46,46,46,50,53,53,53,53,55,52,51,56,51,51,47,52,50,50,50,50,51,52,53,55,50,49,49,47,52,51,55,50,54,52,52,53,52,51,51,51
52,50,50,50,50,51,52,53,55,50,49,49,47,52,51,55,50,54,52,52,53,52,51,51,51,55,50,54,46,51,53,46,46,51,53,46,46,46,50,53,53,53,53,55,53,51,56,52,51,48,53,50,50,50,51,51,52,53,56,50,49,49,47,52,52,56,51,55,53,52,52,52,51,52,51
53,50,50,50,51,51,52,53,56,50,49,49,47,52,52,56,51,55,53,52,52,52,51,52,51,55,50,55,46,51,53,46,46,51,54,47,46,46,50,54,54,54,54,54,53,52,57,52,52,48,53,51,50,50,51,52,53,53,56,50,49,50,47,52,52,56,51,55,53,53,52,53,51,52,51
53,51,50,50,51,52,53,53,56,50,49,50,47,52,52,56,51,55,53,53,52,53,51,52,51,56,50,55,46,52,54,46,46,52,54,47,46,46,50,54,54,54,54,54,54,52,57,53,52,49,53,51,50,51,51,52,53,54,56,50,49,50,47,52,52,56,52,56,54,53,52,53,52,53,50
53,51,50,51,51,52,53,54,56,50,49,50,47,52,52,56,52,56,54,53,52,53,52,53,50,56,50,56,46,52,54,46,46,52,55,47,46,46,50,55,55,55,55,54,54,53,58,53,53,49,54,52,49,51,52,53,53,54,57,50,49,51,47,52,53,57,52,56,54,54,52,54,52,53,50
54,52,49,51,52,53,53,54,57,50,49,51,47,52,53,57,52,56,54,54,52,54,52,53,50,57,50,56,46,52,55,46,46,53,55,47,46,46,50,55,55,55,55,54,55,53,58,54,53,50,54,52,49,52,52,53,54,54,57,51,49,51,47,52,53,57,53,56,54,54,52,54,53,54,50
54,52,49,52,52,53,54,54,57,51,49,51,47,52,53,57,53,56,54,54,52,54,53,54,50,57,49,57,46,53,55,46,46,53,56,47,46,46,50,56,55,56,55,53,55,54,59,54,54,51,54,52,49,52,53,54,54,55,57,51,49,52,47,52,53,57,53,57,54,55,52,55,53,54,50
54,52,49,52,53,54,54,55,57,51,49,52,47,52,53,57,53,57,54,55,52,55,53,54,50,58,49,57,46,54,56,46,46,54,56,47,46,46,50,56,55,56,55,53,56,55,59,55,54,51,55,53,49,52,53,54,55,55,58,51,49,52,47,52,53,58,54,57,54,55,52,55,54,55,50
55,53,49,52,53,54,55,55,58,51,49,52,47,52,53,58,54,57,54,55,52,55,54,55,50,59,49,58,46,54,57,46,46,55,56,47,46,46,50,57,55,57,55,53,56,55,59,55,55,52,55,53,49,52,54,55,55,56,58,51,49,53,47,52,53,58,55,58,54,56,52,56,54,55,50
55,53,49,52,54,55,55,56,58,51,49,53,47,52,53,58,55,58,54,56,52,56,54,55,50,59,49,58,46,55,57,46,46,55,56,47,46,46,50,57,55,58,55,53,57,56,59,56,55,52,56,53,49,52,54,55,55,56,59,51,49,54,47,53,53,59,55,58,54,57,52,56,55,55,50
56,53,49,52,54,55,55,56,59,51,49,54,47,53,53,59,55,58,54,57,52,56,55,55,50,59,49,59,46,55,58,46,46,56,56,47,46,46,50,57,55,58,55,52,57,56,59,56,56,53,56,53,48,52,54,56,54,57,59,51,49,54,46,53,53,59,56,59,54,57,52,57,55,55,50
56,53,48,52,54,56,54,57,59,51,49,54,46,53,53,59,56,59,54,57,52,57,55,55,50,60,49,59,46,56,58,46,46,57,55,47,46,46,50,57,56,59,55,52,58,57,58,57,56,54,57,53,48,52,55,57,54,57,60,51,49,55,46,52,53,60,56,59,54,58,52,57,56,55,49
57,53,48,52,55,57,54,57,60,51,49,55,46,52,53,60,56,59,54,58,52,57,56,55,49,60,48,59,46,56,59,46,46,57,55,47,46,46,50,56,56,59,55,51,58,58,57,57,57,55,57,53,48,52,55,57,54,58,60,51,49,55,46,53,53,60,57,60,54,58,51,58,57,55,49
57,53,48,52,55,57,54,58,60,51,49,55,46,53,53,60,57,60,54,58,51,58,57,55,49,60,48,60,47,57,59,47,46,58,55,48,46,46,50,56,56,59,55,52,59,58,56,58,57,55,57,53,48,52,56,58,54,58,60,51,49,55,47,53,53,59,58,60,54,59,51,58,57,55,48
57,53,48,52,56,58,54,58,60,51,49,55,47,53,53,59,58,60,54,59,51,58,57,55,48,61,48,60,47,58,60,47,47,58,55,48,47,47,50,56,56,59,55,51,60,59,56,59,57,56,58,54,47,53,56,58,54,59,60,52,49,55,46,53,53,59,58,62,54,59,51,59,58,55,48
58,54,47,53,56,58,54,59,60,52,49,55,46,53,53,59,58,62,54,59,51,59,58,55,48,61,48,60,47,58,60,47,46,59,55,48,46,46,50,56,56,59,55,52,60,59,55,59,57,56,58,54,47,53,55,59,54,59,61,52,49,55,47,53,54,58,59,61,54,60,51,59,59,55,48
58,54,47,53,55,59,54,59,61,52,49,55,47,53,54,58,59,61,54,60,51,59,59,55,48,61,48,60,47,59,59,47,47,59,53,49,47,47,49,56,55,60,54,52,60,59,55,60,57,57,59,54,47,53,55,60,54,60,61,52,49,55,47,53,54,57,59,60,55,60,51,60,59,55,47
59,54,47,53,55,60,54,60,61,52,49,55,47,53,54,57,59,60,55,60,51,60,59,55,47,61,49,61,47,59,59,47,47,60,52,50,47,47,49,56,55,59,55,52,61,59,55,60,57,57,59,54,47,53,56,60,54,60,61,53,49,55,47,54,54,57,59,58,55,59,50,60,59,56,47
59,54,47,53,56,60,54,60,61,53,49,55,47,54,54,57,59,58,55,59,50,60,59,56,47,61,48,61,47,59,58,47,47,60,52,50,47,47,49,55,55,58,55,52,61,59,55,60,57,58,59,54,47,54,55,60,54,60,61,54,48,56,47,54,54,57,60,57,55,59,50,60,59,56,47
59,54,47,54,55,60,54,60,61,54,48,56,47,54,54,57,60,57,55,59,50,60,59,56,47,61,48,61,47,60,58,47,47,60,51,50,47,47,49,55,55,58,55,51,61,59,55,60,57,59,59,55,47,54,55,61,54,60,61,54,49,56,47,53,54,57,60,55,55,59,50,61,60,55,47
59,55,47,54,55,61,54,60,61,54,49,56,47,53,54,57,60,55,55,59,50,61,60,55,47,61,48,61,48,60,58,47,47,60,51,50,47,47,48,55,55,57,54,51,61,59,54,59,58,59,59,55,47,55,55,61,54,61,60,54,48,56,47,53,54,57,60,54,56,59,50,60,60,55,48
59,55,47,55,55,61,54,61,60,54,48,56,47,53,54,57,60,54,56,59,50,60,60,55,48,61,48,61,48,60,57,47,47,60,51,50,47,47,47,54,55,56,54,50,61,59,54,59,58,60,59,55,47,55,55,61,54,61,61,54,48,56,47,52,53,57,60,52,56,59,50,60,60,55,48
59,55,47,55,55,61,54,61,61,54,48,56,47,52,53,57,60,52,56,59,50,60,60,55,48,61,48,61,48,61,56,48,47,62,51,49,47,47,48,53,55,55,53,50,61,59,54,59,57,60,60,54,47,55,55,61,54,61,61,55,48,56,47,52,53,57,60,51,56,59,49,60,61,55,47
60,54,47,55,55,61,54,61,61,55,48,56,47,52,53,57,60,51,56,59,49,60,61,55,47,61,47,60,49,62,55,47,47,61,51,49,47,47,47,53,55,54,52,49,61,59,53,58,57,60,60,53,46,55,55,60,54,61,61,55,48,56,46,52,53,57,61,49,56,59,48,61,61,54,46
60,53,46,55,55,60,54,61,61,55,48,56,46,52,53,57,61,49,56,59,48,61,61,54,46,61,47,62,49,61,55,46,46,60,50,49,45,46,47,53,55,53,52,49,60,59,52,58,56,61,60,52,46,56,55,59,52,61,61,56,47,56,43,51,52,56,62,48,55,59,48,61,61,54,46
60,52,46,56,55,59,52,61,61,56,47,56,43,51,52,56,62,48,55,59,48,61,61,54,46,61,46,63,49,61,55,46,43,62,51,49,42,42,47,53,54,52,51,49,60,59,51,58,56,61,62,52,46,56,55,58,52,61,62,56,46,55,43,51,53,56,62,49,55,59,48,61,61,54,45
62,52,46,56,55,58,52,61,62,56,46,55,43,51,53,56,62,49,55,59,48,61,61,54,45,61,47,61,49,62,55,45,42,61,51,49,41,41,48,52,53,52,51,48,59,58,51,58,56,60,62,52,45,55,55,57,52,61,60,54,46,54,43,51,53,56,62,48,55,59,47,61,60,54,45
62,52,45,55,55,57,52,61,60,54,46,54,43,51,53,56,62,48,55,59,47,61,60,54,45,61,47,61,49,62,54,45,42,62,51,48,41,40,48,52,52,51,51,48,59,58,50,58,55,59,61,52,45,55,55,56,51,61,60,54,46,53,43,50,53,54,61,48,54,58,47,61,60,54,45
61,52,45,55,55,56,51,61,60,54,46,53,43,50,53,54,61,48,54,58,47,61,60,54,45,61,47,61,49,62,53,46,43,61,51,48,41,40,48,52,52,51,50,48,58,58,49,58,54,58,61,52,44,55,54,55,51,61,59,53,46,53,43,49,53,53,61,48,54,58,47,61,60,53,45
61,52,44,55,54,55,51,61,59,53,46,53,43,49,53,53,61,48,54,58,47,61,60,53,45,60,47,61,49,61,52,46,43,61,51,48,40,40,48,51,52,50,50,48,57,58,48,58,54,57,61,52,44,54,51,55,52,61,58,53,45,52,44,49,53,53,61,48,54,58,48,61,59,53,46
61,52,44,54,51,55,52,61,58,53,45,52,44,49,53,53,61,48,54,58,48,61,59,53,46,60,48,61,49,62,52,46,43,62,51,48,41,40,48,51,51,50,50,48,57,57,48,58,54,55,62,52,44,53,50,54,51,61,58,53,46,52,44,49,52,52,60,48,54,57,48,60,59,52,45
62,52,44,53,50,54,51,61,58,53,46,52,44,49,52,52,60,48,54,57,48,60,59,52,45,60,48,61,48,62,51,45,43,61,51,49,41,40,48,51,51,50,49,48,57,55,47,58,53,55,62,51,44,52,50,54,51,60,57,53,45,52,44,49,52,52,59,48,54,57,48,60,59,52,46
62,51,44,52,50,54,51,60,57,53,45,52,44,49,52,52,59,48,54,57,48,60,59,52,46,60,48,61,49,60,50,45,43,60,51,48,41,40,48,50,51,50,49,47,57,54,47,57,52,54,61,51,44,52,50,53,51,60,57,53,45,51,44,49,51,51,59,48,53,57,48,59,58,52,46
61,51,44,52,50,53,51,60,57,53,45,51,44,49,51,51,59,48,53,57,48,59,58,52,46,60,48,61,49,59,50,46,43,60,51,48,41,39,47,50,51,50,49,47,56,53,47,57,51,53,61,51,44,52,50,53,51,59,57,53,45,51,44,49,51,50,58,47,53,57,48,58,58,52,46
61,51,44,52,50,53,51,59,57,53,45,51,44,49,51,50,58,47,53,57,48,58,58,52,46,60,48,60,49,58,50,46,43,58,51,48,41,39,47,50,51,50,49,47,56,53,46,57,50,53,61,52,45,51,50,52,51,58,57,53,45,51,44,49,51,50,58,48,52,56,47,57,57,51,46
61,52,45,51,50,52,51,58,57,53,45,51,44,49,51,50,58,48,52,56,47,57,57,51,46,59,49,59,49,57,50,46,43,56,50,48,41,39,46,49,50,49,49,47,56,52,47,56,49,52,61,51,45,51,49,51,50,56,56,53,45,52,44,49,50,50,57,47,51,55,47,56,56,51,46
61,51,45,51,49,51,50,56,56,53,45,52,44,49,50,50,57,47,51,55,47,56,56,51,46,57,49,58,49,56,49,46,44,54,50,48,41,39,46,49,50,49,48,47,55,51,47,56,49,51,62,51,45,51,49,50,50,55,54,53,45,50,44,48,50,50,56,46,51,54,47,54,55,50,45
62,51,45,51,49,50,50,55,54,53,45,50,44,48,50,50,56,46,51,54,47,54,55,50,45,57,49,57,49,55,49,46,44,53,48,47,41,39,46,48,50,49,48,47,55,50,47,55,49,50,61,51,45,51,49,49,49,54,53,53,45,49,44,48,50,49,56,46,51,53,47,54,54,50,46
61,51,45,51,49,49,49,54,53,53,45,49,44,48,50,49,56,46,51,53,47,54,54,50,46,56,49,56,49,54,49,46,44,51,48,47,42,40,45,47,49,49,48,47,54,50,46,54,49,49,61,51,45,50,49,49,48,53,53,53,45,49,44,48,49,49,55,46,51,52,47,53,53,49,46
61,51,45,50,49,49,48,53,53,53,45,49,44,48,49,49,55,46,51,52,47,53,53,49,46,55,49,55,49,53,49,46,44,49,47,47,42,40,45,47,49,49,48,47,54,50,46,54,49,49,61,51,45,51,48,48,48,52,53,53,45,49,44,48,49,49,55,46,51,52,47,52,51,49,46
61,51,45,51,48,48,48,52,53,53,45,49,44,48,49,49,55,46,51,52,47,52,51,49,46,55,49,54,49,52,49,46,44,48,47,47,42,39,45,47,49,49,48,47,54,50,47,54,49,49,60,51,45,50,48,48,47,52,52,52,45,49,44,47,49,49,55,46,51,51,47,51,51,49,46
60,51,45,50,48,48,47,52,52,52,45,49,44,47,49,49,55,46,51,51,47,51,51,49,46,54,50,54,49,52,49,47,44,48,47,48,43,39,45,47,50,49,48,48,54,50,47,54,49,49,59,51,45,50,48,48,47,52,52,52,45,49,44,47,49,49,55,46,51,51,47,51,51,48,47
59,51,45,50,48,48,47,52,52,52,45,49,44,47,49,49,55,46,51,51,47,51,51,48,47,54,50,53,50,51,48,47,44,47,47,48,43,40,45,47,50,49,49,48,54,50,47,54,49,48,59,50,46,50,48,48,47,51,52,52,46,49,45,47,49,49,54,47,51,51,48,51,51,48,47
59,50,46,50,48,48,47,51,52,52,46,49,45,47,49,49,54,47,51,51,48,51,51,48,47,53,50,53,50,50,48,47,44,46,47,48,43,40,45,47,50,50,49,48,54,50,47,54,49,49,59,50,46,50,48,48,47,51,52,53,46,49,45,47,49,49,54,47,51,51,48,51,50,48,47
59,50,46,50,48,48,47,51,52,53,46,49,45,47,49,49,54,47,51,51,48,51,50,48,47,53,51,52,50,50,49,48,44,46,47,48,44,40,45,47,50,50,49,49,54,50,47,54,49,49,59,50,46,50,48,48,48,51,52,53,46,49,45,47,49,49,54,47,52,51,48,51,50,48,47
59,50,46,50,48,48,48,51,52,53,46,49,45,47,49,49,54,47,52,51,48,51,50,48,47,53,51,52,51,49,49,48,44,45,47,49,44,40,45,47,50,50,50,49,54,50,48,54,49,49,59,50,47,50,48,48,48,51,52,53,47,49,45,47,49,49,54,47,52,51,48,52,50,49,48
59,50,47,50,48,48,48,51,52,53,47,49,45,47,49,49,54,47,52,51,48,52,50,49,48,52,52,52,51,48,49,49,44,45,47,49,45,40,45,48,50,50,50,49,54,50,48,54,49,49,59,50,47,50,48,49,48,51,52,53,47,49,46,47,50,49,54,48,52,51,49,52,50,49,48
59,50,47,50,48,49,48,51,52,53,47,49,46,47,50,49,54,48,52,51,49,52,50,49,48,52,52,51,51,48,49,49,44,44,48,50,45,40,45,48,51,51,50,50,54,51,48,54,50,49,59,50,47,50,48,49,48,51,51,54,48,49,46,47,50,49,54,48,52,51,49,52,50,49,49
59,50,47,50,48,49,48,51,51,54,48,49,46,47,50,49,54,48,52,51,49,52,50,49,49,52,52,51,52,47,49,50,44,44,48,50,46,39,45,48,51,51,51,50,54,51,49,55,50,49,59,51,48,50,48,49,49,51,52,54,48,49,46,47,50,50,54,48,53,51,50,52,50,49,49
59,51,48,50,48,49,49,51,52,54,48,49,46,47,50,50,54,48,53,51,50,52,50,49,49,51,53,50,52,47,50,50,44,44,48,51,46,39,45,49,51,51,51,51,55,51,49,55,50,50,59,51,48,50,49,49,49,51,52,54,48,49,47,47,51,50,55,49,53,51,50,52,51,49,49
59,51,48,50,49,49,49,51,52,54,48,49,47,47,51,50,55,49,53,51,50,52,51,49,49,51,53,50,53,46,50,51,44,43,49,51,46,39,45,49,52,52,51,51,55,52,50,55,50,50,59,51,49,50,49,50,50,51,52,55,49,49,47,47,51,50,55,49,53,52,50,52,51,50,50
59,51,49,50,49,50,50,51,52,55,49,49,47,47,51,50,55,49,53,52,50,52,51,50,50,51,54,50,53,46,50,51,44,43,49,52,46,39,45,49,52,52,52,52,54,52,50,56,51,50,59,52,49,50,49,50,50,51,52,55,49,49,48,47,51,51,55,50,54,52,51,52,51,50,50
59,52,49,50,49,50,50,51,52,55,49,49,48,47,51,51,55,50,54,52,51,52,51,50,50,51,54,50,54,46,50,52,44,43,50,52,46,39,44,50,53,52,52,52,54,52,51,56,51,51,59,52,50,49,49,50,51,52,53,55,50,49,48,47,52,51,55,50,54,52,51,52,52,50,51
59,52,50,49,49,50,51,52,53,55,50,49,48,47,52,51,55,50,54,52,51,52,52,50,51,50,55,50,54,45,51,52,44,43,50,53,46,39,44,50,53,53,53,53,54,53,51,56,52,51,59,52,50,49,50,51,51,52,53,56,50,49,49,47,52,51,56,51,55,53,52,52,52,51,51
59,52,50,49,50,51,51,52,53,56,50,49,49,47,52,51,56,51,55,53,52,52,52,51,51,50,55,49,54,45,51,53,44,42,51,54,46,39,44,50,54,53,54,54,54,53,52,57,52,51,59,53,51,49,50,51,52,52,53,56,50,49,49,47,52,52,56,51,55,53,52,52,53,51,52
59,53,51,49,50,51,52,52,53,56,50,49,49,47,52,52,56,51,55,53,52,52,53,51,52,50,56,49,55,45,51,54,44,42,51,54,46,39,44,49,54,54,54,54,54,54,52,57,53,52,59,53,51,49,51,51,52,53,54,56,50,48,50,47,52,52,56,52,55,53,53,52,53,52,52
59,53,51,49,51,51,52,53,54,56,50,48,50,47,52,52,56,52,55,53,53,52,53,52,52,50,56,49,56,45,52,54,44,42,52,55,46,39,44,49,55,55,55,55,54,54,53,58,53,52,59,53,52,49,51,52,53,53,54,57,50,48,50,47,52,53,57,52,56,54,53,52,53,52,53
59,53,52,49,51,52,53,53,54,57,50,48,50,47,52,53,57,52,56,54,53,52,53,52,53,50,57,49,56,45,52,55,44,42,53,55,46,39,44,49,55,55,55,55,53,55,53,58,54,53,59,54,52,49,51,52,53,54,54,57,50,48,51,47,52,53,57,53,56,54,54,52,54,53,53
59,54,52,49,51,52,53,54,54,57,50,48,51,47,52,53,57,53,56,54,54,52,54,53,53,50,57,49,57,44,53,55,44,42,53,55,46,39,44,49,56,55,56,55,53,55,54,59,54,53,59,54,52,49,51,52,54,54,55,57,50,48,52,46,52,53,57,53,57,54,55,51,54,53,54
59,54,52,49,51,52,54,54,55,57,50,48,52,46,52,53,57,53,57,54,55,51,54,53,54,50,58,49,57,44,54,56,44,42,54,55,46,39,44,49,56,55,56,55,53,56,54,59,55,54,59,55,52,48,51,53,54,54,55,58,50,48,52,46,52,53,58,54,57,53,55,51,55,54,55
59,55,52,48,51,53,54,54,55,58,50,48,52,46,52,53,58,54,57,53,55,51,55,54,55,50,58,49,58,44,54,57,44,41,54,55,46,39,44,49,57,55,57,55,52,56,55,59,55,55,59,55,52,48,51,53,55,54,56,58,50,48,53,46,52,53,58,54,58,53,56,51,56,54,55
59,55,52,48,51,53,55,54,56,58,50,48,53,46,52,53,58,54,58,53,56,51,56,54,55,50,59,49,58,44,55,57,44,41,55,55,46,39,44,49,57,55,58,55,52,57,56,59,55,55,59,56,52,48,51,54,55,54,56,59,50,48,54,46,52,52,58,55,58,53,56,51,56,55,55
59,56,52,48,51,54,55,54,56,59,50,48,54,46,52,52,58,55,58,53,56,51,56,55,55,50,59,49,59,44,55,58,44,41,56,55,47,39,44,49,57,55,58,55,52,57,56,58,55,56,59,56,52,48,51,54,56,54,57,59,50,48,54,46,52,52,59,56,59,53,57,51,57,55,55
59,56,52,48,51,54,56,54,57,59,50,48,54,46,52,52,59,56,59,53,57,51,57,55,55,49,60,48,59,44,56,58,45,41,56,55,47,39,44,49,56,55,59,55,51,58,57,57,56,56,59,57,52,48,51,55,57,54,57,60,51,48,55,46,52,53,59,56,59,53,58,51,57,56,55
59,57,52,48,51,55,57,54,57,60,51,48,55,46,52,53,59,56,59,53,58,51,57,56,55,49,60,48,59,44,56,59,45,41,57,55,47,39,44,49,56,55,59,55,51,58,58,57,57,57,60,57,53,48,51,55,57,54,58,60,51,48,55,45,52,53,59,57,60,53,58,51,58,57,55
60,57,53,48,51,55,57,54,58,60,51,48,55,45,52,53,59,57,60,53,58,51,58,57,55,48,60,48,60,45,57,59,45,41,58,55,47,39,44,49,56,55,59,55,51,59,58,56,58,56,60,57,53,47,52,55,58,54,58,60,51,48,55,45,52,53,59,57,60,54,59,50,58,57,55
60,57,53,47,52,55,58,54,58,60,51,48,55,45,52,53,59,57,60,54,59,50,58,57,55,48,61,48,60,45,57,60,45,41,58,54,48,39,44,49,56,55,59,55,51,60,58,55,58,56,60,58,53,47,52,55,58,54,59,60,51,48,55,45,53,53,58,58,62,53,59,50,59,58,55
60,58,53,47,52,55,58,54,59,60,51,48,55,45,53,53,58,58,62,53,59,50,59,58,55,48,61,48,60,45,58,59,45,41,59,54,48,39,44,49,56,55,59,54,51,60,58,55,59,56,60,58,53,46,53,55,59,54,59,61,52,48,55,45,53,53,58,58,60,54,60,50,59,58,55
60,58,53,46,53,55,59,54,59,61,52,48,55,45,53,53,58,58,60,54,60,50,59,58,55,47,61,48,60,45,59,59,45,41,59,53,49,38,44,49,55,55,59,54,51,60,58,55,59,56,60,59,53,46,53,55,60,54,60,61,52,49,55,44,53,53,57,59,59,54,59,50,60,59,55
60,59,53,46,53,55,60,54,60,61,52,49,55,44,53,53,57,59,59,54,59,50,60,59,55,47,61,48,61,46,59,58,45,40,60,52,49,38,44,49,55,55,59,54,51,61,59,54,60,56,60,59,54,46,53,55,60,54,60,61,53,48,55,44,53,53,57,59,58,55,59,50,60,59,55
60,59,54,46,53,55,60,54,60,61,53,48,55,44,53,53,57,59,58,55,59,50,60,59,55,47,61,48,61,46,59,58,45,40,60,51,49,38,44,49,55,54,58,54,51,61,59,54,59,57,60,59,54,46,53,55,60,54,60,61,53,48,56,43,53,53,57,60,57,55,59,50,60,59,55
60,59,54,46,53,55,60,54,60,61,53,48,56,43,53,53,57,60,57,55,59,50,60,59,55,47,61,48,61,47,60,57,45,41,60,51,50,38,44,48,55,54,57,54,50,60,59,54,59,57,60,59,54,45,54,55,61,53,60,61,53,48,55,43,52,54,56,60,55,55,59,50,60,60,55
60,59,54,45,54,55,61,53,60,61,53,48,55,43,52,54,56,60,55,55,59,50,60,60,55,47,61,47,61,47,60,57,45,41,60,51,49,39,44,48,55,54,57,54,50,61,59,54,59,57,60,59,54,45,54,54,61,53,61,60,54,48,55,43,52,53,56,60,53,55,58,50,60,60,54
60,59,54,45,54,54,61,53,61,60,54,48,55,43,52,53,56,60,53,55,58,50,60,60,54,46,61,47,61,48,60,56,45,41,60,51,49,39,44,47,54,54,56,54,50,61,58,54,59,57,61,59,54,45,55,54,60,54,61,61,54,48,56,43,52,53,57,60,52,56,58,49,60,60,54
61,59,54,45,55,54,60,54,61,61,54,48,56,43,52,53,57,60,52,56,58,49,60,60,54,46,61,47,61,48,61,56,45,41,62,50,49,39,44,46,53,55,55,53,50,61,59,54,58,57,62,60,53,45,55,54,60,54,61,61,54,48,56,43,52,53,57,60,50,56,58,48,60,61,54
62,60,53,45,55,54,60,54,61,61,54,48,56,43,52,53,57,60,50,56,58,48,60,61,54,45,61,47,60,48,62,55,46,42,61,50,49,40,44,46,53,55,54,52,49,60,59,53,58,56,64,60,52,45,55,55,59,53,61,61,55,47,56,43,51,52,56,61,49,56,58,48,61,61,54
64,60,52,45,55,55,59,53,61,61,55,47,56,43,51,52,56,61,49,56,58,48,61,61,54,45,61,46,62,48,61,55,46,42,60,50,48,40,43,47,53,54,53,51,48,60,59,52,58,56,62,60,52,45,55,55,59,52,61,61,55,47,55,43,51,52,55,62,48,55,59,48,61,61,54
62,60,52,45,55,55,59,52,61,61,55,47,55,43,51,52,55,62,48,55,59,48,61,61,54,45,61,46,63,49,61,54,46,42,62,50,48,41,41,47,53,54,52,51,48,60,59,51,58,56,62,62,52,45,55,54,57,52,61,61,55,46,54,43,51,52,56,62,48,55,58,47,61,61,54
62,62,52,45,55,54,57,52,61,61,55,46,54,43,51,52,56,62,48,55,58,47,61,61,54,45,61,46,61,49,62,54,45,42,61,50,49,41,41,48,52,52,51,51,48,59,58,50,58,56,62,62,52,45,55,55,56,52,61,60,54,46,53,43,50,52,55,62,48,54,58,47,61,60,54
62,62,52,45,55,55,56,52,61,60,54,46,53,43,50,52,55,62,48,54,58,47,61,60,54,45,61,47,61,49,62,54,45,42,62,51,48,41,40,48,52,52,51,50,48,58,58,50,58,55,62,61,52,45,55,55,56,51,61,60,53,46,53,43,50,52,54,61,47,54,58,47,61,60,54
62,61,52,45,55,55,56,51,61,60,53,46,53,43,50,52,54,61,47,54,58,47,61,60,54,45,61,47,61,49,62,53,45,42,61,51,48,40,40,48,51,51,51,50,48,58,58,49,58,54,61,61,52,44,54,54,55,51,61,59,53,45,53,43,49,53,53,61,47,54,58,47,61,60,53
61,61,52,44,54,54,55,51,61,59,53,45,53,43,49,53,53,61,47,54,58,47,61,60,53,45,60,47,61,49,61,52,45,43,61,51,48,40,40,48,51,51,50,50,48,57,57,48,58,54,61,61,52,44,54,51,55,51,61,58,53,45,52,43,49,52,52,61,47,54,58,48,61,59,53
61,61,52,44,54,51,55,51,61,58,53,45,52,43,49,52,52,61,47,54,58,48,61,59,53,45,60,48,61,49,62,52,45,43,62,51,48,40,40,48,51,51,50,50,48,57,56,47,58,54,61,62,52,44,53,50,54,51,60,57,53,45,52,44,49,52,52,60,47,54,57,48,60,59,52
61,62,52,44,53,50,54,51,60,57,53,45,52,44,49,52,52,60,47,54,57,48,60,59,52,45,60,48,61,48,62,51,45,43,61,51,48,40,40,48,51,51,50,49,47,57,55,47,57,53,61,62,51,44,52,50,53,51,60,57,53,45,51,44,48,51,51,59,47,54,57,48,60,58,52
61,62,51,44,52,50,53,51,60,57,53,45,51,44,48,51,51,59,47,54,57,48,60,58,52,45,60,48,61,49,60,50,45,43,60,51,48,41,39,48,50,51,50,49,47,56,54,47,57,52,61,61,51,44,52,50,53,51,60,57,53,45,51,44,48,51,51,59,47,53,57,48,59,58,52
61,61,51,44,52,50,53,51,60,57,53,45,51,44,48,51,51,59,47,53,57,48,59,58,52,46,60,48,60,49,59,50,45,43,59,51,48,41,39,47,50,51,50,49,47,56,53,46,57,51,62,61,51,44,51,50,53,51,59,57,53,44,51,44,48,51,50,58,47,53,57,47,58,58,52
62,61,51,44,51,50,53,51,59,57,53,44,51,44,48,51,50,58,47,53,57,47,58,58,52,46,60,48,60,49,58,50,45,43,57,50,48,41,39,46,50,51,49,49,47,56,53,46,56,50,62,61,52,44,51,50,52,51,58,56,53,45,51,44,49,51,50,58,48,52,56,47,57,57,51
62,61,52,44,51,50,52,51,58,56,53,45,51,44,49,51,50,58,48,52,56,47,57,57,51,46,59,49,59,49,57,50,46,43,55,50,48,41,39,46,49,50,49,49,47,56,52,46,56,49,61,61,51,45,51,49,51,50,56,56,53,45,51,44,48,50,50,57,47,51,55,47,56,56,51
61,61,51,45,51,49,51,50,56,56,53,45,51,44,48,50,50,57,47,51,55,47,56,56,51,45,57,49,58,49,56,49,46,43,54,49,48,41,39,46,48,50,49,48,47,55,51,46,55,49,60,62,51,45,51,49,50,49,55,54,53,45,50,44,48,50,50,56,46,51,54,47,54,55,50
60,62,51,45,51,49,50,49,55,54,53,45,50,44,48,50,50,56,46,51,54,47,54,55,50,45,57,49,57,49,55,49,46,44,53,48,47,41,39,46,48,49,49,48,47,55,50,46,55,49,59,61,51,45,51,49,49,49,54,53,53,45,49,44,48,50,49,56,46,51,53,47,54,54,50
59,61,51,45,51,49,49,49,54,53,53,45,49,44,48,50,49,56,46,51,53,47,54,54,50,46,56,49,56,49,54,49,46,44,51,48,47,42,39,45,47,49,49,48,47,54,50,46,54,49,58,61,51,44,50,49,49,48,53,53,53,45,49,44,48,49,49,55,46,50,52,47,53,53,49
58,61,51,44,50,49,49,48,53,53,53,45,49,44,48,49,49,55,46,50,52,47,53,53,49,46,55,49,55,49,53,49,46,44,49,47,47,42,39,45,47,49,49,48,47,54,50,46,54,49,56,61,51,45,50,48,48,48,52,53,53,45,49,44,47,49,49,55,46,51,52,47,52,51,49
56,61,51,45,50,48,48,48,52,53,53,45,49,44,47,49,49,55,46,51,52,47,52,51,49,46,55,49,54,49,52,49,46,44,48,47,47,42,39,45,47,49,49,48,47,54,50,46,54,48,55,60,51,45,50,48,48,47,52,52,52,45,49,44,47,49,49,55,46,51,51,47,51,51,49
55,60,51,45,50,48,48,47,52,52,52,45,49,44,47,49,49,55,46,51,51,47,51,51,49,46,54,50,54,49,52,48,47,44,48,47,48,43,39,45,47,49,49,48,48,54,50,47,54,49,55,59,50,45,50,48,48,47,52,52,52,45,49,44,47,49,49,54,46,51,51,47,51,51,48
55,59,50,45,50,48,48,47,52,52,52,45,49,44,47,49,49,54,46,51,51,47,51,51,48,46,54,50,53,50,51,48,47,44,47,47,48,43,39,45,47,50,49,49,48,54,50,47,54,49,54,59,50,46,50,48,48,47,51,52,52,46,49,45,47,49,49,54,46,51,51,47,51,51,48
54,59,50,46,50,48,48,47,51,52,52,46,49,45,47,49,49,54,46,51,51,47,51,51,48,47,53,50,53,50,50,48,47,44,46,47,48,43,39,45,47,50,49,49,48,54,50,47,54,49,54,59,50,46,50,48,48,47,51,52,53,46,49,45,47,49,49,54,47,51,51,48,51,50,48
54,59,50,46,50,48,48,47,51,52,53,46,49,45,47,49,49,54,47,51,51,48,51,50,48,47,53,51,52,50,50,49,48,44,46,47,48,44,39,45,47,50,50,49,49,54,50,47,54,49,54,59,50,46,50,48,48,48,51,52,53,46,49,45,47,49,49,54,47,51,51,48,51,50,48
54,59,50,46,50,48,48,48,51,52,53,46,49,45,47,49,49,54,47,51,51,48,51,50,48,47,53,51,52,51,49,49,48,44,45,47,49,44,39,45,47,50,50,49,49,54,50,48,54,49,54,59,50,47,50,48,48,48,51,52,53,47,49,45,47,49,49,54,47,52,51,48,52,50,49
54,59,50,47,50,48,48,48,51,52,53,47,49,45,47,49,49,54,47,52,51,48,52,50,49,48,52,51,51,51,48,49,49,44,45,47,49,45,39,45,48,50,50,50,49,54,50,48,54,49,54,59,50,47,50,48,49,48,51,51,53,47,49,46,47,50,49,54,48,52,51,49,52,50,49
54,59,50,47,50,48,49,48,51,51,53,47,49,46,47,50,49,54,48,52,51,49,52,50,49,48,52,52,51,51,48,49,49,44,44,48,50,45,39,45,48,51,50,50,50,54,51,48,54,49,53,59,50,47,50,48,49,48,51,51,54,47,49,46,47,50,49,54,48,52,51,49,52,50,49
53,59,50,47,50,48,49,48,51,51,54,47,49,46,47,50,49,54,48,52,51,49,52,50,49,48,51,52,51,52,47,49,50,44,44,48,50,46,39,45,48,51,51,51,50,54,51,49,55,50,53,59,51,48,50,48,49,49,51,52,54,48,49,46,47,50,50,54,48,53,51,49,52,50,49
53,59,51,48,50,48,49,49,51,52,54,48,49,46,47,50,50,54,48,53,51,49,52,50,49,49,51,53,50,52,47,50,50,44,44,48,51,46,39,45,48,51,51,51,51,55,51,49,55,50,53,59,51,48,50,49,49,49,51,52,54,48,49,47,47,51,50,54,49,53,51,50,52,51,49
53,59,51,48,50,49,49,49,51,52,54,48,49,47,47,51,50,54,49,53,51,50,52,51,49,49,51,53,50,53,46,50,51,44,43,49,51,46,39,45,49,52,52,51,51,55,52,50,55,50,53,59,51,49,50,49,50,50,51,52,55,49,49,47,47,51,50,55,49,53,52,50,52,51,50
53,59,51,49,50,49,50,50,51,52,55,49,49,47,47,51,50,55,49,53,52,50,52,51,50,50,51,54,50,53,46,50,51,44,43,49,52,46,39,44,49,52,52,52,52,54,52,50,56,51,53,59,52,49,49,49,50,50,51,52,55,49,49,48,47,51,51,55,50,54,52,51,52,51,50
53,59,52,49,49,49,50,50,51,52,55,49,49,48,47,51,51,55,50,54,52,51,52,51,50,50,51,54,50,53,46,50,52,44,43,50,52,46,39,44,50,53,52,52,52,54,52,51,56,51,53,59,52,50,49,49,50,51,52,53,55,50,49,48,47,52,51,55,50,54,52,51,52,52,50
53,59,52,50,49,49,50,51,52,53,55,50,49,48,47,52,51,55,50,54,52,51,52,52,50,51,50,55,49,54,45,51,52,44,43,50,53,46,39,44,50,53,53,53,53,54,53,51,56,52,54,59,52,50,49,50,50,51,52,53,56,50,49,49,47,52,51,56,51,55,53,52,52,52,51
54,59,52,50,49,50,50,51,52,53,56,50,49,49,47,52,51,56,51,55,53,52,52,52,51,51,50,55,49,54,45,51,53,44,42,51,53,46,39,44,49,54,53,53,54,54,53,52,57,52,54,59,53,51,49,50,51,51,52,53,56,50,48,49,47,52,52,56,51,55,53,52,52,52,51
54,59,53,51,49,50,51,51,52,53,56,50,48,49,47,52,52,56,51,55,53,52,52,52,51,52,50,56,49,55,45,51,54,44,42,51,54,46,39,44,49,54,54,54,54,54,54,52,57,53,54,59,53,51,49,50,51,52,53,54,56,50,48,50,47,52,52,56,52,55,53,53,52,53,52
54,59,53,51,49,50,51,52,53,54,56,50,48,50,47,52,52,56,52,55,53,53,52,53,52,52,50,56,49,55,45,52,54,44,42,52,55,46,39,44,49,55,54,55,54,53,54,53,58,53,54,59,53,52,49,51,52,53,53,54,57,50,48,50,47,52,53,57,52,56,54,53,52,53,52
54,59,53,52,49,51,52,53,53,54,57,50,48,50,47,52,53,57,52,56,54,53,52,53,52,53,50,57,49,56,44,52,55,44,42,53,55,46,39,44,49,55,54,55,54,53,55,53,58,54,55,59,54,52,49,51,52,53,54,54,57,50,48,51,46,52,53,57,53,56,54,54,51,54,53
55,59,54,52,49,51,52,53,54,54,57,50,48,51,46,52,53,57,53,56,54,54,51,54,53,53,50,57,49,57,44,53,55,44,42,53,55,46,39,44,49,56,55,56,54,53,55,54,59,54,55,59,54,52,48,51,52,54,54,55,57,50,48,52,46,52,53,57,53,57,53,55,51,54,53
55,59,54,52,48,51,52,54,54,55,57,50,48,52,46,52,53,57,53,57,53,55,51,54,53,54,50,58,48,57,44,54,56,44,41,54,55,46,39,44,49,56,55,56,55,53,56,54,59,55,55,59,55,52,48,51,53,54,54,55,58,50,48,52,46,52,53,58,54,57,53,55,51,55,54
55,59,55,52,48,51,53,54,54,55,58,50,48,52,46,52,53,58,54,57,53,55,51,55,54,55,50,58,48,58,44,54,57,44,41,54,55,46,39,44,49,57,54,57,55,52,56,55,59,55,56,59,55,52,48,51,53,55,54,56,58,50,48,53,46,52,52,58,54,58,53,56,51,56,54
56,59,55,52,48,51,53,55,54,56,58,50,48,53,46,52,52,58,54,58,53,56,51,56,54,55,50,59,49,58,44,55,57,44,41,55,55,46,39,44,49,57,54,58,55,52,57,56,58,55,56,59,56,52,48,51,54,55,54,56,59,50,48,54,46,52,52,58,55,58,53,56,51,56,55
56,59,56,52,48,51,54,55,54,56,59,50,48,54,46,52,52,58,55,58,53,56,51,56,55,55,49,59,48,59,43,55,58,44,41,56,55,46,39,44,49,57,55,58,55,52,57,56,58,55,56,59,56,52,48,51,54,56,54,57,59,50,48,54,46,52,52,59,56,59,53,57,51,57,55
56,59,56,52,48,51,54,56,54,57,59,50,48,54,46,52,52,59,56,59,53,57,51,57,55,55,49,60,48,59,44,56,58,44,41,56,55,47,39,44,49,56,55,59,55,51,58,57,57,56,57,59,57,52,48,51,55,57,54,57,60,51,48,55,46,52,53,59,56,59,53,58,51,57,56
57,59,57,52,48,51,55,57,54,57,60,51,48,55,46,52,53,59,56,59,53,58,51,57,56,55,49,60,48,59,44,56,59,45,41,57,55,47,39,44,49,56,55,59,55,51,58,58,57,57,57,60,57,53,48,51,55,57,54,58,60,51,48,55,45,52,53,59,57,60,53,58,51,58,57
57,60,57,53,48,51,55,57,54,58,60,51,48,55,45,52,53,59,57,60,53,58,51,58,57,55,48,60,48,60,45,57,59,45,41,58,55,47,39,44,49,56,55,58,55,51,59,58,56,57,57,60,57,53,47,52,55,58,54,58,60,51,48,55,45,52,53,59,57,60,53,59,50,58,57
57,60,57,53,47,52,55,58,54,58,60,51,48,55,45,52,53,59,57,60,53,59,50,58,57,55,48,61,47,60,45,57,59,45,40,58,54,48,38,44,49,56,55,58,55,51,60,58,55,58,58,60,58,53,47,52,55,58,54,59,60,51,48,55,45,52,53,58,58,62,53,59,50,59,58
58,60,58,53,47,52,55,58,54,59,60,51,48,55,45,52,53,58,58,62,53,59,50,59,58,55,48,61,48,60,45,58,59,45,41,59,54,48,39,44,49,55,55,59,54,51,60,58,55,59,58,60,58,53,46,52,55,59,54,59,61,52,48,55,45,52,53,58,58,60,54,60,50,59,58
58,60,58,53,46,52,55,59,54,59,61,52,48,55,45,52,53,58,58,60,54,60,50,59,58,55,47,61,48,60,45,59,59,45,40,59,53,49,38,44,49,55,55,59,54,51,60,58,55,59,59,60,59,53,46,53,55,60,54,60,61,52,48,55,44,53,53,57,59,59,54,59,50,60,59
59,60,59,53,46,53,55,60,54,60,61,52,48,55,44,53,53,57,59,59,54,59,50,60,59,55,47,61,48,61,46,59,58,45,40,60,52,49,38,44,49,55,54,59,54,51,61,58,54,59,59,60,59,54,46,53,55,60,54,60,61,53,48,55,44,53,53,57,59,58,55,59,50,60,59
59,60,59,54,46,53,55,60,54,60,61,53,48,55,44,53,53,57,59,58,55,59,50,60,59,55,47,61,48,61,46,59,58,45,40,60,51,49,38,44,49,55,54,58,54,51,61,59,54,59,59,60,59,54,46,53,55,60,54,60,61,53,48,56,43,53,53,57,60,57,55,59,50,60,59
59,60,59,54,46,53,55,60,54,60,61,53,48,56,43,53,53,57,60,57,55,59,50,60,59,55,47,61,48,61,47,60,57,45,41,60,51,50,38,44,48,55,54,57,54,50,60,59,54,59,60,60,59,54,45,54,55,61,53,60,61,53,48,55,43,52,54,56,60,55,55,59,50,60,60
60,60,59,54,45,54,55,61,53,60,61,53,48,55,43,52,54,56,60,55,55,59,50,60,60,55,46,61,47,61,47,60,57,45,41,60,51,49,38,44,48,55,54,57,54,50,61,59,54,59,60,60,59,54,45,54,54,61,53,61,60,54,48,55,43,52,53,56,60,53,55,58,50,60,60
60,60,59,54,45,54,54,61,53,61,60,54,48,55,43,52,53,56,60,53,55,58,50,60,60,54,46,61,47,61,48,60,56,45,41,60,51,49,39,44,47,54,54,56,54,50,61,58,54,59,60,61,59,54,45,54,54,60,54,61,61,54,48,56,43,52,53,56,60,52,56,58,49,60,60
60,61,59,54,45,54,54,60,54,61,61,54,48,56,43,52,53,56,60,52,56,58,49,60,60,54,46,61,47,61,48,61,56,45,41,62,50,49,39,44,46,53,54,55,53,49,61,58,54,58,60,62,60,53,45,55,54,60,54,61,61,54,48,56,43,52,52,57,60,50,56,58,48,60,61
60,62,60,53,45,55,54,60,54,61,61,54,48,56,43,52,52,57,60,50,56,58,48,60,61,54,45,61,47,60,48,62,55,46,42,61,50,49,40,44,46,53,55,54,52,49,60,59,53,58,60,64,60,52,45,55,54,59,53,61,61,55,47,56,43,51,52,56,61,49,56,58,48,61,61
60,64,60,52,45,55,54,59,53,61,61,55,47,56,43,51,52,56,61,49,56,58,48,61,61,54,45,61,46,62,48,61,55,46,42,60,50,48,40,43,47,53,54,53,51,48,60,59,52,58,60,62,60,52,45,55,55,59,52,61,61,55,47,55,43,51,52,55,62,48,55,59,47,61,61
60,62,60,52,45,55,55,59,52,61,61,55,47,55,43,51,52,55,62,48,55,59,47,61,61,54,45,61,46,63,49,61,54,46,42,62,50,48,41,41,47,53,54,52,51,48,60,59,51,58,60,62,62,51,45,55,54,57,52,61,61,55,46,54,43,51,52,56,62,48,55,58,47,61,61
60,62,62,51,45,55,54,57,52,61,61,55,46,54,43,51,52,56,62,48,55,58,47,61,61,54,45,61,46,61,49,62,54,45,42,61,50,48,41,41,47,52,52,51,51,48,59,58,50,58,60,62,62,52,45,55,54,56,52,61,60,54,46,53,43,50,52,55,62,48,54,58,47,61,60
60,62,62,52,45,55,54,56,52,61,60,54,46,53,43,50,52,55,62,48,54,58,47,61,60,54,45,61,47,61,49,62,54,45,42,62,51,48,41,40,48,51,52,51,50,48,58,58,50,58,60,62,61,52,45,55,55,55,51,61,59,53,46,53,43,50,52,54,61,47,54,58,47,61,60
60,62,61,52,45,55,55,55,51,61,59,53,46,53,43,50,52,54,61,47,54,58,47,61,60,53,45,60,47,61,49,62,53,45,42,61,51,48,40,40,48,51,51,51,50,48,58,58,49,58,59,61,61,52,44,54,54,55,51,61,59,53,45,53,43,49,53,53,61,47,54,58,47,61,60
59,61,61,52,44,54,54,55,51,61,59,53,45,53,43,49,53,53,61,47,54,58,47,61,60,53,45,60,47,61,49,61,52,45,43,61,51,48,40,40,48,51,51,50,50,48,57,57,48,58,59,61,61,52,44,54,51,55,51,61,58,53,45,52,43,49,52,52,60,47,54,57,47,60,59
59,61,61,52,44,54,51,55,51,61,58,53,45,52,43,49,52,52,60,47,54,57,47,60,59,53,45,60,48,61,49,62,51,45,43,62,51,48,40,40,48,51,51,50,49,48,57,56,47,58,58,61,62,52,44,53,50,54,51,60,57,53,45,52,44,49,52,52,60,47,54,57,48,60,59
58,61,62,52,44,53,50,54,51,60,57,53,45,52,44,49,52,52,60,47,54,57,48,60,59,52,45,60,48,61,48,62,51,45,43,61,51,48,40,40,48,51,51,50,49,47,56,55,47,57,58,61,62,51,44,52,50,53,51,60,57,53,45,51,44,48,51,51,59,47,53,57,48,60,58
58,61,62,51,44,52,50,53,51,60,57,53,45,51,44,48,51,51,59,47,53,57,48,60,58,52,45,60,48,60,49,60,50,45,43,60,51,48,41,39,48,50,51,50,49,47,56,54,47,57,57,61,61,51,44,52,50,53,51,60,57,53,45,51,44,48,51,51,59,47,53,57,48,59,58
57,61,61,51,44,52,50,53,51,60,57,53,45,51,44,48,51,51,59,47,53,57,48,59,58,52,46,60,48,60,49,59,50,45,43,59,51,48,41,39,47,50,51,50,49,47,56,53,46,57,57,62,61,51,44,51,50,52,51,59,57,53,44,51,44,48,51,50,58,47,53,57,47,58,58
57,62,61,51,44,51,50,52,51,59,57,53,44,51,44,48,51,50,58,47,53,57,47,58,58,52,46,60,48,60,49,58,50,45,43,57,50,48,41,39,46,50,51,49,49,47,56,52,46,56,57,62,61,51,44,51,50,52,51,57,56,53,45,51,44,48,51,50,57,47,52,56,47,57,57
57,62,61,51,44,51,50,52,51,57,56,53,45,51,44,48,51,50,57,47,52,56,47,57,57,51,46,59,49,59,49,57,50,46,43,55,50,48,41,39,46,49,50,49,48,47,56,52,46,56,56,61,61,51,45,51,49,51,50,56,55,53,45,51,44,48,50,49,57,47,51,55,47,55,56
56,61,61,51,45,51,49,51,50,56,55,53,45,51,44,48,50,49,57,47,51,55,47,55,56,51,45,57,49,58,49,56,49,46,43,54,49,47,41,39,46,48,50,49,48,47,55,51,46,55,55,60,62,51,45,51,49,50,49,55,54,53,45,50,44,48,50,49,56,46,50,54,47,54,55
55,60,62,51,45,51,49,50,49,55,54,53,45,50,44,48,50,49,56,46,50,54,47,54,55,50,45,57,49,57,49,55,48,46,44,52,48,47,41,39,45,48,49,49,48,47,55,50,46,55,54,59,61,51,44,50,49,49,49,53,53,53,45,49,44,48,50,49,56,46,50,53,46,53,54
54,59,61,51,44,50,49,49,49,53,53,53,45,49,44,48,50,49,56,46,50,53,46,53,54,50,45,56,49,56,49,54,48,46,44,51,47,47,42,39,45,47,49,49,48,47,54,50,46,54,54,57,61,51,44,50,49,49,48,52,53,53,45,49,44,48,49,49,55,46,50,52,46,53,53
54,57,61,51,44,50,49,49,48,52,53,53,45,49,44,48,49,49,55,46,50,52,46,53,53,49,46,55,49,55,49,53,48,46,44,49,47,47,42,39,45,47,49,49,48,47,54,50,46,54,53,56,61,51,45,50,48,48,47,52,52,53,45,49,44,47,49,49,55,46,50,52,47,52,51
53,56,61,51,45,50,48,48,47,52,52,53,45,49,44,47,49,49,55,46,50,52,47,52,51,49,46,55,49,54,49,52,48,46,44,48,47,47,42,39,45,46,49,49,48,47,54,50,46,54,52,55,60,50,45,50,48,48,47,52,52,52,45,49,44,47,48,49,55,46,51,51,47,51,51
52,55,60,50,45,50,48,48,47,52,52,52,45,49,44,47,48,49,55,46,51,51,47,51,51,48,46,54,50,54,49,51,48,47,44,47,47,47,43,39,45,46,49,49,48,47,54,50,47,54,52,55,59,50,45,50,47,48,47,51,52,52,45,49,44,47,48,49,54,46,51,51,47,51,50
52,55,59,50,45,50,47,48,47,51,52,52,45,49,44,47,48,49,54,46,51,51,47,51,50,48,46,54,50,53,49,51,48,47,44,47,47,48,43,39,45,47,50,49,49,48,53,50,47,54,51,54,59,50,45,50,47,48,47,51,52,52,45,49,44,47,49,49,54,46,51,51,47,51,50
51,54,59,50,45,50,47,48,47,51,52,52,45,49,44,47,49,49,54,46,51,51,47,51,50,48,47,53,50,53,50,50,48,47,44,46,47,48,43,39,45,47,50,49,49,48,54,50,47,54,51,54,59,50,46,50,48,48,47,51,52,53,46,49,45,47,49,49,54,47,51,51,48,51,50
51,54,59,50,46,50,48,48,47,51,52,53,46,49,45,47,49,49,54,47,51,51,48,51,50,48,47,53,51,52,50,49,48,48,44,46,47,48,44,39,45,47,50,50,49,49,54,50,47,54,51,54,59,50,46,50,48,48,48,51,52,53,46,49,45,47,49,49,54,47,51,51,48,51,50
51,54,59,50,46,50,48,48,48,51,52,53,46,49,45,47,49,49,54,47,51,51,48,51,50,48,47,52,51,52,50,49,49,48,44,45,47,49,44,39,45,47,50,50,49,49,54,50,48,54,51,54,59,50,46,50,48,48,48,51,51,53,47,49,45,47,49,49,54,47,52,51,48,52,50
51,54,59,50,46,50,48,48,48,51,51,53,47,49,45,47,49,49,54,47,52,51,48,52,50,48,48,52,51,51,51,48,49,49,44,45,47,49,45,39,45,47,50,50,50,49,54,50,48,54,51,53,59,50,47,50,48,48,48,51,51,53,47,49,46,47,49,49,54,48,52,51,49,52,50
51,53,59,50,47,50,48,48,48,51,51,53,47,49,46,47,49,49,54,48,52,51,49,52,50,49,48,52,52,51,51,48,49,49,44,44,48,50,45,39,45,48,51,50,50,50,54,51,48,54,51,53,59,50,47,50,48,49,48,51,51,54,47,49,46,47,50,49,54,48,52,51,49,52,50
51,53,59,50,47,50,48,49,48,51,51,54,47,49,46,47,50,49,54,48,52,51,49,52,50,49,48,51,52,50,52,47,49,50,44,44,48,50,45,39,45,48,51,51,50,50,54,51,49,55,51,53,59,50,48,50,48,49,49,51,52,54,48,49,46,47,50,49,54,48,53,51,49,52,50
51,53,59,50,48,50,48,49,49,51,52,54,48,49,46,47,50,49,54,48,53,51,49,52,50,49,49,51,53,50,52,47,49,50,44,43,48,51,45,39,45,48,51,51,51,51,55,51,49,55,51,53,59,51,48,49,48,49,49,51,52,54,48,49,47,47,51,50,54,49,53,51,50,52,50
51,53,59,51,48,49,48,49,49,51,52,54,48,49,47,47,51,50,54,49,53,51,50,52,50,49,49,51,53,50,52,46,50,51,44,43,49,51,45,39,44,49,52,51,51,51,54,51,50,55,51,53,59,51,49,49,49,49,50,51,52,55,49,49,47,47,51,50,55,49,53,52,50,52,51
51,53,59,51,49,49,49,49,50,51,52,55,49,49,47,47,51,50,55,49,53,52,50,52,51,50,50,50,54,50,53,46,50,51,44,43,49,52,45,39,44,49,52,52,52,52,54,52,50,55,51,53,59,52,49,49,49,50,50,51,52,55,49,48,48,47,51,50,55,50,54,52,51,52,51
51,53,59,52,49,49,49,50,50,51,52,55,49,48,48,47,51,50,55,50,54,52,51,52,51,50,50,50,54,49,53,45,50,52,44,43,50,52,46,39,44,49,53,52,52,52,54,52,50,56,51,53,59,52,50,49,49,50,50,52,52,55,49,48,48,47,51,51,55,50,54,52,51,52,52
51,53,59,52,50,49,49,50,50,52,52,55,49,48,48,47,51,51,55,50,54,52,51,52,52,50,51,50,55,49,54,45,51,52,44,42,50,53,46,39,44,49,53,53,53,53,54,53,51,56,51,54,59,52,50,49,50,50,51,52,53,56,50,48,49,46,51,51,56,51,55,53,52,52,52
51,54,59,52,50,49,50,50,51,52,53,56,50,48,49,46,51,51,56,51,55,53,52,52,52,51,51,50,55,49,54,45,51,53,44,42,51,53,46,39,44,49,54,53,53,53,54,53,51,57,51,54,59,53,51,49,50,51,51,52,53,56,50,48,49,46,51,52,56,51,55,53,52,51,52
51,54,59,53,51,49,50,51,51,52,53,56,50,48,49,46,51,52,56,51,55,53,52,51,52,51,52,50,56,49,55,45,51,54,44,42,51,54,46,39,44,49,54,54,54,54,53,54,52,57,52,54,59,53,51,49,50,51,52,53,54,56,50,48,50,46,51,52,56,52,55,53,53,51,53
52,54,59,53,51,49,50,51,52,53,54,56,50,48,50,46,51,52,56,52,55,53,53,51,53,52,52,50,56,49,55,44,52,54,44,42,52,55,46,39,44,49,55,54,55,54,53,54,53,58,52,54,59,53,51,49,51,52,52,53,54,57,50,48,50,46,51,53,57,52,56,53,53,51,53
52,54,59,53,51,49,51,52,52,53,54,57,50,48,50,46,51,53,57,52,56,53,53,51,53,52,53,50,57,49,56,44,52,55,44,41,52,55,46,39,44,49,55,54,55,54,53,55,53,58,52,55,59,54,51,48,51,52,53,54,54,57,50,48,51,46,51,53,57,53,56,53,54,51,54
52,55,59,54,51,48,51,52,53,54,54,57,50,48,51,46,51,53,57,53,56,53,54,51,54,53,53,50,57,49,57,44,53,55,44,41,53,55,46,39,44,49,56,54,56,54,53,55,54,59,52,55,59,54,52,48,51,52,54,54,55,57,50,48,52,46,51,52,57,53,57,53,54,51,54
52,55,59,54,52,48,51,52,54,54,55,57,50,48,52,46,51,52,57,53,57,53,54,51,54,53,54,49,58,48,57,44,53,56,44,41,54,55,46,39,43,49,56,54,56,54,52,56,54,59,53,55,59,54,52,48,51,53,54,54,55,58,50,48,52,46,51,52,58,54,57,53,55,51,55
53,55,59,54,52,48,51,53,54,54,55,58,50,48,52,46,51,52,58,54,57,53,55,51,55,54,55,49,58,48,58,44,54,57,44,41,54,55,46,39,43,49,57,54,57,54,52,56,55,58,53,56,59,55,52,48,51,53,55,54,56,58,50,48,53,46,52,52,58,54,58,53,56,51,56
53,56,59,55,52,48,51,53,55,54,56,58,50,48,53,46,52,52,58,54,58,53,56,51,56,54,55,49,59,48,58,43,55,57,44,41,55,55,46,39,43,49,57,54,58,54,52,57,56,58,54,56,59,55,52,48,51,54,55,54,56,59,50,48,54,46,52,52,58,55,58,53,56,51,56
54,56,59,55,52,48,51,54,55,54,56,59,50,48,54,46,52,52,58,55,58,53,56,51,56,55,55,49,59,48,59,43,55,58,44,41,56,55,46,39,43,49,56,54,58,54,52,57,56,58,54,56,59,56,52,48,51,54,56,54,57,59,50,48,54,46,52,52,59,56,59,53,57,51,57
54,56,59,56,52,48,51,54,56,54,57,59,50,48,54,46,52,52,59,56,59,53,57,51,57,55,55,49,60,48,59,44,56,58,44,41,56,55,46,39,44,49,56,55,59,54,51,58,57,57,55,57,59,57,52,47,51,55,57,54,57,60,50,48,54,45,52,52,59,56,59,53,58,51,57
55,57,59,57,52,47,51,55,57,54,57,60,50,48,54,45,52,52,59,56,59,53,58,51,57,56,55,49,60,48,59,44,56,59,44,41,57,54,47,38,44,49,56,55,58,55,51,58,58,56,55,57,59,57,52,47,51,55,57,53,58,60,51,48,54,45,52,52,59,57,60,53,58,51,58
55,57,59,57,52,47,51,55,57,53,58,60,51,48,54,45,52,52,59,57,60,53,58,51,58,57,55,48,60,47,60,44,57,59,45,40,58,54,47,38,43,49,56,55,58,54,51,59,58,56,55,57,60,57,53,47,51,55,58,53,58,60,51,48,55,45,52,53,59,57,60,53,59,50,58
55,57,60,57,53,47,51,55,58,53,58,60,51,48,55,45,52,53,59,57,60,53,59,50,58,57,55,48,61,47,60,45,57,59,45,40,58,54,47,38,43,49,55,55,58,54,51,59,58,55,56,58,60,58,53,46,52,55,58,53,59,60,51,48,55,45,52,53,58,58,62,53,59,50,59
56,58,60,58,53,46,52,55,58,53,59,60,51,48,55,45,52,53,58,58,62,53,59,50,59,58,55,47,61,47,60,45,58,59,44,40,59,54,48,38,43,49,55,55,59,54,51,60,58,55,56,58,60,58,53,46,52,55,59,53,59,61,51,48,55,45,52,53,57,58,60,54,59,50,59
56,58,60,58,53,46,52,55,59,53,59,61,51,48,55,45,52,53,57,58,60,54,59,50,59,58,55,47,61,48,60,45,59,59,44,40,59,52,48,38,44,49,55,55,59,54,51,60,58,54,57,59,60,59,53,46,52,55,59,53,59,61,52,48,55,44,53,53,57,59,59,54,59,50,60
57,59,60,59,53,46,52,55,59,53,59,61,52,48,55,44,53,53,57,59,59,54,59,50,60,59,55,47,61,48,61,46,59,58,45,40,60,52,49,38,44,49,55,54,59,54,51,61,58,54,57,59,60,59,53,46,53,55,60,53,60,61,52,48,55,44,53,53,57,59,57,55,58,50,60
57,59,60,59,53,46,53,55,60,53,60,61,52,48,55,44,53,53,57,59,57,55,58,50,60,59,55,47,61,47,61,46,59,58,45,40,60,51,49,38,44,49,55,54,58,54,51,61,58,54,58,59,60,59,54,45,53,55,60,54,60,61,53,48,55,43,53,53,57,60,56,54,58,49,60
58,59,60,59,54,45,53,55,60,54,60,61,53,48,55,43,53,53,57,60,56,54,58,49,60,59,55,46,61,47,61,47,60,57,45,40,60,50,49,38,44,48,55,54,57,54,50,60,59,54,58,60,60,59,54,45,54,55,61,53,60,61,53,48,55,43,52,53,56,60,54,55,58,49,60
58,60,60,59,54,45,54,55,61,53,60,61,53,48,55,43,52,53,56,60,54,55,58,49,60,60,55,46,61,47,61,47,60,57,45,41,60,50,49,38,44,47,54,54,56,54,50,61,58,53,58,60,60,59,54,45,54,54,61,53,61,60,53,48,55,43,52,53,56,60,53,55,58,49,60
58,60,60,59,54,45,54,54,61,53,61,60,53,48,55,43,52,53,56,60,53,55,58,49,60,60,54,46,61,47,61,48,60,56,45,41,60,50,49,39,44,46,53,54,55,54,50,61,58,53,59,60,61,59,54,45,54,54,60,53,61,61,54,47,56,43,52,53,56,60,52,55,58,49,60
59,60,61,59,54,45,54,54,60,53,61,61,54,47,56,43,52,53,56,60,52,55,58,49,60,60,54,46,61,47,61,48,61,55,45,41,62,50,49,39,44,46,53,54,55,53,49,61,58,53,59,60,62,60,53,45,55,54,60,54,61,61,54,47,56,43,51,52,56,60,50,55,58,48,60
59,60,62,60,53,45,55,54,60,54,61,61,54,47,56,43,51,52,56,60,50,55,58,48,60,61,54,45,61,46,60,48,62,55,45,41,61,50,48,40,44,46,52,54,54,52,48,60,59,52,60,60,64,60,52,45,55,54,59,53,61,61,55,47,56,43,51,52,56,61,48,56,58,47,61
60,60,64,60,52,45,55,54,59,53,61,61,55,47,56,43,51,52,56,61,48,56,58,47,61,61,54,45,61,46,62,48,61,54,46,41,60,50,48,40,43,46,52,54,53,51,48,60,59,51,60,60,62,60,51,45,55,54,58,51,61,61,55,46,55,43,50,52,55,62,48,55,58,47,61
60,60,62,60,51,45,55,54,58,51,61,61,55,46,55,43,50,52,55,62,48,55,58,47,61,61,53,45,61,46,63,48,61,54,46,42,62,50,48,40,41,47,52,53,52,51,48,59,58,51,61,60,62,62,51,45,55,54,57,51,61,61,55,46,54,42,50,52,55,62,48,54,58,47,61
61,60,62,62,51,45,55,54,57,51,61,61,55,46,54,42,50,52,55,62,48,54,58,47,61,60,53,45,61,46,61,49,62,54,45,41,61,50,48,40,40,47,52,52,51,50,48,59,58,50,62,60,62,62,51,45,55,54,56,51,61,60,54,46,53,42,50,52,55,62,47,54,58,47,61
62,60,62,62,51,45,55,54,56,51,61,60,54,46,53,42,50,52,55,62,47,54,58,47,61,60,53,45,61,46,61,49,62,53,45,42,62,50,48,41,40,48,51,51,51,50,48,58,58,49,62,59,62,61,52,44,54,54,55,51,61,59,53,45,53,43,50,52,54,61,47,54,58,47,61
62,59,62,61,52,44,54,54,55,51,61,59,53,45,53,43,50,52,54,61,47,54,58,47,61,59,53,45,60,47,61,49,62,53,45,42,61,50,48,40,40,48,51,51,50,50,47,57,57,48,62,59,61,61,52,44,54,54,55,51,61,59,53,45,52,43,49,52,53,61,47,54,57,47,61
62,59,61,61,52,44,54,54,55,51,61,59,53,45,52,43,49,52,53,61,47,54,57,47,61,59,53,45,60,47,61,49,61,52,45,42,61,51,48,40,39,48,51,51,50,50,47,57,57,48,61,58,61,61,52,44,54,51,54,51,61,58,53,45,52,43,48,52,52,60,47,54,57,47,60
61,58,61,61,52,44,54,51,54,51,61,58,53,45,52,43,48,52,52,60,47,54,57,47,60,59,52,45,60,47,61,49,62,51,45,42,62,51,48,40,39,48,51,51,50,49,47,56,56,47,61,58,61,62,51,44,52,50,53,51,60,57,53,45,51,43,48,52,52,59,47,53,57,47,60
61,58,61,62,51,44,52,50,53,51,60,57,53,45,51,43,48,52,52,59,47,53,57,47,60,59,52,45,60,48,61,48,62,51,45,42,61,51,48,40,39,47,50,51,50,49,47,56,55,47,62,58,61,62,51,44,52,50,53,51,60,57,53,45,51,44,48,51,51,59,47,53,57,48,60
62,58,61,62,51,44,52,50,53,51,60,57,53,45,51,44,48,51,51,59,47,53,57,48,60,58,52,45,60,48,60,48,60,50,45,43,60,51,48,40,39,47,50,51,50,49,47,56,54,46,62,57,61,61,51,44,51,50,53,51,60,57,53,44,51,44,48,50,50,59,47,53,56,47,59
62,57,61,61,51,44,51,50,53,51,60,57,53,44,51,44,48,50,50,59,47,53,56,47,59,58,52,45,60,48,60,49,58,50,45,43,59,50,48,41,39,47,50,51,49,49,47,56,53,46,62,57,62,61,51,44,51,50,52,51,59,57,53,44,51,44,48,51,50,58,47,53,56,47,58
62,57,62,61,51,44,51,50,52,51,59,57,53,44,51,44,48,51,50,58,47,53,56,47,58,58,52,45,60,48,60,49,57,50,45,43,57,50,48,41,39,46,49,50,49,48,47,56,52,46,62,57,62,61,51,44,51,49,51,50,57,56,53,45,51,43,48,51,49,57,47,52,55,47,56
62,57,62,61,51,44,51,49,51,50,57,56,53,45,51,43,48,51,49,57,47,52,55,47,56,57,51,45,58,48,59,49,57,50,45,43,55,50,48,41,39,46,49,50,49,48,47,56,52,46,62,56,61,61,51,44,51,49,50,50,56,55,53,45,51,43,48,50,49,57,47,51,55,47,55
62,56,61,61,51,44,51,49,50,50,56,55,53,45,51,43,48,50,49,57,47,51,55,47,55,56,51,45,57,49,58,49,55,49,45,43,54,49,47,41,39,46,48,50,49,48,47,55,51,46,62,55,60,62,51,44,51,49,50,49,55,54,53,45,50,44,48,50,49,56,46,50,54,47,54
62,55,60,62,51,44,51,49,50,49,55,54,53,45,50,44,48,50,49,56,46,50,54,47,54,55,50,45,56,49,56,49,54,48,45,43,52,48,47,41,39,45,47,49,49,48,47,55,50,46,61,54,59,61,51,44,50,48,49,48,53,53,53,45,49,44,48,50,49,56,46,50,53,46,53
61,54,59,61,51,44,50,48,49,48,53,53,53,45,49,44,48,50,49,56,46,50,53,46,53,54,50,45,56,49,55,49,54,48,46,44,50,47,47,41,39,45,47,49,49,48,47,54,50,46,59,53,57,61,51,44,50,49,48,48,52,53,53,45,49,44,48,49,49,55,46,50,52,46,53
59,53,57,61,51,44,50,49,48,48,52,53,53,45,49,44,48,49,49,55,46,50,52,46,53,53,49,46,55,49,55,49,53,48,46,44,49,47,47,42,39,45,46,49,49,48,47,54,50,46,58,53,56,61,51,44,50,48,48,47,52,52,52,45,49,44,47,49,49,55,46,50,52,47,52
58,53,56,61,51,44,50,48,48,47,52,52,52,45,49,44,47,49,49,55,46,50,52,47,52,51,49,46,54,49,54,49,52,48,46,44,48,47,47,42,39,45,46,49,49,48,47,54,50,46,57,52,55,60,50,45,50,48,48,47,52,52,52,45,49,44,47,48,49,55,46,51,51,47,51
57,52,55,60,50,45,50,48,48,47,52,52,52,45,49,44,47,48,49,55,46,51,51,47,51,50,48,46,54,50,53,49,51,48,47,44,47,47,47,43,39,45,46,49,49,48,47,53,50,46,56,52,55,59,50,45,50,47,48,47,51,52,52,45,48,44,47,48,49,54,46,51,51,47,51
56,52,55,59,50,45,50,47,48,47,51,52,52,45,48,44,47,48,49,54,46,51,51,47,51,50,48,46,53,50,53,49,51,48,47,44,47,47,48,43,39,45,47,50,49,48,48,53,50,47,55,51,54,59,50,45,50,47,48,47,51,52,52,45,49,44,47,49,49,54,46,51,51,47,51
55,51,54,59,50,45,50,47,48,47,51,52,52,45,49,44,47,49,49,54,46,51,51,47,51,50,48,47,53,50,52,50,50,48,47,44,46,47,48,43,39,45,47,50,49,49,48,53,50,47,55,51,54,59,50,46,50,48,48,47,51,52,53,46,49,45,47,49,49,54,47,51,51,47,51
55,51,54,59,50,46,50,48,48,47,51,52,53,46,49,45,47,49,49,54,47,51,51,47,51,50,48,47,53,51,52,50,49,48,48,44,45,47,48,44,39,45,47,50,49,49,48,54,50,47,55,51,54,59,50,46,50,48,48,47,51,52,53,46,49,45,47,49,49,54,47,51,51,48,51
55,51,54,59,50,46,50,48,48,47,51,52,53,46,49,45,47,49,49,54,47,51,51,48,51,50,48,47,52,51,52,50,49,49,48,44,45,47,49,44,39,45,47,50,50,49,49,54,50,48,54,51,53,59,50,46,50,48,48,48,51,51,53,47,49,45,47,49,49,54,47,52,51,48,51
54,51,53,59,50,46,50,48,48,48,51,51,53,47,49,45,47,49,49,54,47,52,51,48,51,50,48,48,52,51,51,51,48,49,49,44,44,47,49,45,39,45,47,50,50,50,49,54,50,48,54,51,53,59,50,47,50,48,48,48,51,51,53,47,49,45,47,49,49,54,48,52,51,48,52
54,51,53,59,50,47,50,48,48,48,51,51,53,47,49,45,47,49,49,54,48,52,51,48,52,50,49,48,51,52,51,51,47,49,49,44,44,48,50,45,39,45,48,51,50,50,50,54,51,48,54,51,53,59,50,47,50,48,48,48,51,51,54,47,49,46,47,50,49,54,48,52,51,49,52
54,51,53,59,50,47,50,48,48,48,51,51,54,47,49,46,47,50,49,54,48,52,51,49,52,50,49,48,51,52,50,52,47,49,50,44,44,48,50,45,39,45,48,51,51,50,50,54,51,49,54,51,53,59,50,48,50,48,49,49,51,51,54,48,49,46,47,50,49,54,48,53,51,49,52
54,51,53,59,50,48,50,48,49,49,51,51,54,48,49,46,47,50,49,54,48,53,51,49,52,50,49,49,51,53,50,52,46,49,50,44,43,48,51,45,39,44,48,51,51,51,51,54,51,49,54,51,53,59,51,48,49,48,49,49,51,52,54,48,49,47,47,51,50,54,49,53,51,50,52
54,51,53,59,51,48,49,48,49,49,51,52,54,48,49,47,47,51,50,54,49,53,51,50,52,50,49,49,51,53,50,52,46,50,51,44,43,49,51,45,39,44,49,52,51,51,51,54,51,50,54,51,53,59,51,49,49,49,49,50,51,52,55,49,48,47,47,51,50,55,49,53,52,50,52
54,51,53,59,51,49,49,49,49,50,51,52,55,49,48,47,47,51,50,55,49,53,52,50,52,51,50,50,50,54,50,53,46,50,51,44,43,49,52,45,39,44,49,52,52,52,52,54,52,50,54,51,53,59,51,49,49,49,50,50,51,52,55,49,48,48,47,51,50,55,50,54,52,51,52
54,51,53,59,51,49,49,49,50,50,51,52,55,49,48,48,47,51,50,55,50,54,52,51,52,51,50,50,50,54,49,53,45,50,52,44,43,50,52,45,39,44,49,53,52,52,52,54,52,50,55,51,53,59,52,50,49,49,50,50,52,52,55,49,48,48,46,51,51,55,50,54,52,51,52
55,51,53,59,52,50,49,49,50,50,52,52,55,49,48,48,46,51,51,55,50,54,52,51,52,52,50,51,50,55,49,54,45,51,52,44,42,50,53,45,39,44,49,53,53,53,53,54,53,51,55,51,54,59,52,50,49,50,50,51,52,53,56,49,48,49,46,51,51,56,51,55,53,52,51
55,51,54,59,52,50,49,50,50,51,52,53,56,49,48,49,46,51,51,56,51,55,53,52,51,52,51,51,50,55,49,54,45,51,53,44,42,51,53,46,39,44,49,54,53,53,53,54,53,51,55,51,54,59,52,51,49,50,51,51,52,53,56,50,48,49,46,51,52,56,51,55,53,52,51
55,51,54,59,52,51,49,50,51,51,52,53,56,50,48,49,46,51,52,56,51,55,53,52,51,52,51,52,50,56,49,55,45,51,54,44,42,51,54,46,39,44,49,54,54,54,54,53,54,52,55,52,54,59,53,51,49,50,51,52,53,54,56,50,48,50,46,51,52,56,52,55,53,53,51
55,52,54,59,53,51,49,50,51,52,53,54,56,50,48,50,46,51,52,56,52,55,53,53,51,53,52,52,50,56,49,55,44,52,54,44,42,52,55,46,39,44,49,55,54,55,54,53,54,53,55,52,54,59,53,51,48,51,52,52,53,54,57,50,48,50,46,51,53,56,52,56,53,53,51
55,52,54,59,53,51,48,51,52,52,53,54,57,50,48,50,46,51,53,56,52,56,53,53,51,53,52,53,50,57,49,56,44,52,55,44,41,52,55,46,39,44,49,55,54,55,54,53,55,53,56,52,55,59,54,51,48,51,52,53,54,54,57,50,48,51,46,51,53,57,53,56,53,54,51
56,52,55,59,54,51,48,51,52,53,54,54,57,50,48,51,46,51,53,57,53,56,53,54,51,54,53,53,50,57,49,57,44,53,55,44,41,53,55,46,39,44,49,56,54,56,54,53,55,54,56,52,55,59,54,52,48,51,52,54,54,55,57,50,48,52,46,51,52,57,53,57,53,54,51
56,52,55,59,54,52,48,51,52,54,54,55,57,50,48,52,46,51,52,57,53,57,53,54,51,54,53,54,49,58,48,57,44,53,56,44,41,54,55,46,39,43,49,56,54,56,54,52,56,54,56,53,55,59,54,52,48,51,53,54,54,55,58,50,48,52,46,51,52,58,54,57,53,55,51
56,53,55,59,54,52,48,51,53,54,54,55,58,50,48,52,46,51,52,58,54,57,53,55,51,55,54,54,49,58,48,58,44,54,57,44,41,54,55,46,39,43,49,57,54,57,54,52,56,55,57,53,55,59,55,52,48,51,53,55,54,56,58,50,48,53,46,52,52,58,54,58,53,56,51
57,53,55,59,55,52,48,51,53,55,54,56,58,50,48,53,46,52,52,58,54,58,53,56,51,55,54,55,49,59,48,58,43,55,57,44,41,55,55,46,39,43,49,56,54,58,54,52,57,56,57,54,56,59,55,52,48,51,54,55,54,56,59,50,48,53,46,52,52,58,55,58,53,56,51
57,54,56,59,55,52,48,51,54,55,54,56,59,50,48,53,46,52,52,58,55,58,53,56,51,56,55,55,49,59,48,59,43,55,58,44,41,56,55,46,39,43,49,56,54,58,54,52,57,56,58,54,56,59,56,52,48,51,54,56,54,57,59,50,48,54,46,52,52,59,56,59,53,57,51
58,54,56,59,56,52,48,51,54,56,54,57,59,50,48,54,46,52,52,59,56,59,53,57,51,57,55,55,49,60,48,59,44,56,58,44,41,56,55,46,39,44,49,56,55,59,54,51,58,57,58,55,57,59,57,52,47,51,55,57,54,57,60,50,48,54,45,52,52,59,56,59,53,58,51
58,55,57,59,57,52,47,51,55,57,54,57,60,50,48,54,45,52,52,59,56,59,53,58,51,57,56,55,49,60,48,59,44,56,59,44,41,57,54,47,38,44,49,56,55,58,55,51,58,58,59,55,57,59,57,52,47,51,55,57,54,58,60,51,48,54,45,52,52,59,57,60,53,58,51
59,55,57,59,57,52,47,51,55,57,54,58,60,51,48,54,45,52,52,59,57,60,53,58,51,58,57,55,48,60,47,60,44,57,59,45,40,58,54,47,38,43,49,56,55,58,54,51,59,58,59,55,57,60,57,53,47,51,55,58,53,58,60,51,48,55,45,52,53,59,57,60,53,59,50
59,55,57,60,57,53,47,51,55,58,53,58,60,51,48,55,45,52,53,59,57,60,53,59,50,58,57,55,48,61,47,60,45,57,59,45,40,58,54,47,38,43,49,55,55,58,54,51,59,58,59,56,58,59,58,53,46,52,55,58,53,59,60,51,48,55,45,52,53,58,58,62,53,59,50
59,56,58,59,58,53,46,52,55,58,53,59,60,51,48,55,45,52,53,58,58,62,53,59,50,59,58,55,47,61,47,60,45,58,59,44,40,59,54,48,38,43,49,55,55,59,54,51,60,58,60,56,58,60,58,53,46,52,55,59,53,59,61,51,48,55,45,52,53,57,58,60,54,59,50
60,56,58,60,58,53,46,52,55,59,53,59,61,51,48,55,45,52,53,57,58,60,54,59,50,59,58,55,47,61,48,60,45,59,59,44,40,59,52,48,38,44,49,55,54,59,54,51,60,58,60,57,58,60,59,53,46,52,55,59,53,59,61,52,48,55,44,53,53,57,59,59,54,59,50
60,57,58,60,59,53,46,52,55,59,53,59,61,52,48,55,44,53,53,57,59,59,54,59,50,60,59,55,47,61,48,61,46,59,58,45,40,60,52,49,38,44,49,55,54,59,54,51,61,58,60,57,59,60,59,53,46,53,55,60,53,60,61,52,48,55,44,53,53,57,59,57,55,58,50
60,57,59,60,59,53,46,53,55,60,53,60,61,52,48,55,44,53,53,57,59,57,55,58,50,60,59,55,47,61,47,61,46,59,58,45,40,60,51,49,38,44,49,55,54,58,54,51,61,58,61,58,59,60,59,54,45,53,55,60,54,60,61,53,48,55,43,53,53,57,60,56,54,58,49
61,58,59,60,59,54,45,53,55,60,54,60,61,53,48,55,43,53,53,57,60,56,54,58,49,60,59,55,46,61,47,61,47,60,57,45,40,60,50,49,38,44,48,55,54,57,54,50,60,59,61,58,60,60,59,54,45,54,55,61,53,60,61,53,48,55,43,52,53,56,60,54,55,58,49
61,58,60,60,59,54,45,54,55,61,53,60,61,53,48,55,43,52,53,56,60,54,55,58,49,60,60,55,46,61,47,61,47,60,57,45,41,60,50,49,38,44,47,54,54,56,54,50,61,58,61,58,60,60,59,54,45,54,54,61,53,61,60,53,48,55,43,52,53,56,60,53,55,58,49
61,58,60,60,59,54,45,54,54,61,53,61,60,53,48,55,43,52,53,56,60,53,55,58,49,60,60,54,46,61,47,61,48,60,56,45,41,60,50,49,39,44,46,53,54,55,54,50,61,58,61,59,60,61,59,54,45,54,54,60,53,61,61,54,47,56,43,52,53,56,60,52,55,58,49
61,59,60,61,59,54,45,54,54,60,53,61,61,54,47,56,43,52,53,56,60,52,55,58,49,60,60,54,46,61,47,61,48,61,55,45,41,62,50,49,39,44,46,53,54,55,53,49,61,58,61,59,60,62,60,53,45,55,54,60,54,61,61,54,47,56,43,51,52,56,60,50,56,58,48
61,59,60,62,60,53,45,55,54,60,54,61,61,54,47,56,43,51,52,56,60,50,56,58,48,60,61,54,45,61,46,60,48,62,55,45,41,61,50,48,40,44,46,52,54,54,52,49,60,59,61,60,60,64,60,52,45,55,54,59,53,61,61,55,47,56,43,51,52,56,61,48,56,58,47
61,60,60,64,60,52,45,55,54,59,53,61,61,55,47,56,43,51,52,56,61,48,56,58,47,61,61,53,45,61,46,62,48,61,54,46,41,60,50,48,40,43,46,52,54,53,51,48,60,59,60,60,60,62,60,51,45,55,54,58,51,61,61,55,46,55,43,50,52,55,62,48,55,58,47
60,60,60,62,60,51,45,55,54,58,51,61,61,55,46,55,43,50,52,55,62,48,55,58,47,61,61,53,45,61,46,63,48,61,54,46,42,62,50,48,40,41,47,52,53,52,51,48,59,58,60,61,60,62,62,51,45,55,54,57,51,61,61,55,46,54,42,50,52,55,62,48,54,58,47
60,61,60,62,62,51,45,55,54,57,51,61,61,55,46,54,42,50,52,55,62,48,54,58,47,61,60,53,45,61,46,61,49,62,54,45,41,61,50,48,40,40,47,52,52,51,50,48,59,58,59,62,60,62,62,51,45,55,54,56,51,61,60,54,46,53,42,50,52,55,62,47,54,58,47
59,62,60,62,62,51,45,55,54,56,51,61,60,54,46,53,42,50,52,55,62,47,54,58,47,61,60,53,45,61,46,61,49,62,53,45,42,62,50,48,41,40,48,51,51,51,50,48,58,58,58,62,59,62,61,52,44,54,54,55,51,61,59,53,45,53,43,50,52,54,61,47,54,58,47
58,62,59,62,61,52,44,54,54,55,51,61,59,53,45,53,43,50,52,54,61,47,54,58,47,61,59,53,45,60,47,61,49,62,53,45,42,61,51,48,40,40,48,51,51,50,50,48,57,57,58,62,59,61,61,52,44,54,54,55,51,61,59,53,45,52,43,49,52,53,61,47,54,57,47
58,62,59,61,61,52,44,54,54,55,51,61,59,53,45,52,43,49,52,53,61,47,54,57,47,61,59,53,45,60,47,61,49,61,52,45,42,61,51,48,40,39,48,51,51,50,50,48,57,57,58,61,58,61,61,52,44,54,51,54,51,61,58,53,45,52,43,48,52,52,60,47,54,57,47
58,61,58,61,61,52,44,54,51,54,51,61,58,53,45,52,43,48,52,52,60,47,54,57,47,60,59,52,45,60,48,61,49,62,51,45,42,62,51,48,40,39,48,51,51,50,49,47,56,56,58,61,58,61,62,51,44,52,50,53,51,60,57,53,45,51,43,48,52,52,59,47,54,57,47
58,61,58,61,62,51,44,52,50,53,51,60,57,53,45,51,43,48,52,52,59,47,54,57,47,60,59,52,45,60,48,61,48,62,51,45,42,61,51,48,40,39,47,50,51,50,49,47,56,55,57,62,58,61,62,51,44,52,50,53,51,60,57,53,45,51,44,48,51,51,59,47,53,57,48
57,62,58,61,62,51,44,52,50,53,51,60,57,53,45,51,44,48,51,51,59,47,53,57,48,60,58,51,45,60,48,60,48,60,50,45,43,60,51,48,40,39,47,50,51,50,49,47,56,54,56,62,57,61,61,51,44,51,50,52,51,59,57,53,44,51,44,48,50,50,58,47,53,56,47
56,62,57,61,61,51,44,51,50,52,51,59,57,53,44,51,44,48,50,50,58,47,53,56,47,59,58,52,45,60,48,60,49,58,50,45,43,59,50,48,41,39,47,50,51,49,49,47,56,53,55,62,57,62,61,51,44,51,50,52,51,59,57,53,44,51,44,48,51,50,58,47,53,56,47
55,62,57,62,61,51,44,51,50,52,51,59,57,53,44,51,44,48,51,50,58,47,53,56,47,58,58,52,45,60,48,60,49,57,50,45,43,57,50,48,41,39,46,49,50,49,48,47,56,52,54,62,57,62,61,51,44,51,49,51,51,57,56,53,44,51,43,48,51,49,57,47,52,55,47
54,62,57,62,61,51,44,51,49,51,51,57,56,53,44,51,43,48,51,49,57,47,52,55,47,56,57,51,45,58,48,59,49,57,50,45,43,55,50,48,41,39,46,49,50,49,48,47,56,52,54,62,56,61,61,51,45,51,49,51,50,56,55,53,45,51,43,48,50,49,57,47,51,55,47
54,62,56,61,61,51,45,51,49,51,50,56,55,53,45,51,43,48,50,49,57,47,51,55,47,55,56,51,45,57,49,58,49,56,49,46,43,54,49,47,41,39,46,48,50,49,48,47,55,51,54,62,55,60,62,51,45,51,49,50,49,55,54,53,45,50,44,48,50,49,56,46,50,54,47
54,62,55,60,62,51,45,51,49,50,49,55,54,53,45,50,44,48,50,49,56,46,50,54,47,54,55,50,45,57,49,56,49,54,48,46,43,52,48,47,41,39,45,48,49,49,48,47,55,50,54,61,54,59,61,51,44,50,49,49,49,53,53,53,45,49,44,48,50,49,56,46,50,53,46
54,61,54,59,61,51,44,50,49,49,49,53,53,53,45,49,44,48,50,49,56,46,50,53,46,54,54,50,45,56,49,55,49,54,48,46,44,50,47,47,42,39,45,47,49,49,48,47,54,50,54,59,54,57,61,51,44,50,49,48,48,52,53,53,45,49,44,48,49,49,55,46,50,52,46
54,59,54,57,61,51,44,50,49,48,48,52,53,53,45,49,44,48,49,49,55,46,50,52,46,53,53,49,46,55,49,55,49,53,48,46,44,49,47,47,42,39,45,47,49,49,48,47,54,50,53,58,53,56,61,51,45,50,48,48,48,52,53,53,45,49,44,47,49,49,55,46,51,52,47
53,58,53,56,61,51,45,50,48,48,48,52,53,53,45,49,44,47,49,49,55,46,51,52,47,52,51,49,46,55,49,54,49,52,48,46,44,48,47,47,42,39,45,46,49,49,48,47,54,50,53,57,52,55,60,50,45,50,48,48,47,52,52,52,45,49,44,47,48,49,55,46,51,51,47
53,57,52,55,60,50,45,50,48,48,47,52,52,52,45,49,44,47,48,49,55,46,51,51,47,51,50,48,46,54,50,53,49,51,48,47,44,47,47,48,43,39,45,46,49,49,48,48,54,50,52,56,52,55,59,50,45,50,47,48,47,51,52,52,45,48,44,47,48,49,54,46,51,51,47
52,56,52,55,59,50,45,50,47,48,47,51,52,52,45,48,44,47,48,49,54,46,51,51,47,51,50,48,46,54,50,53,49,51,48,47,44,47,47,48,43,39,45,47,50,49,49,48,54,50,52,55,51,54,59,50,45,50,47,48,47,51,52,52,45,49,44,47,49,49,54,46,51,51,47
52,55,51,54,59,50,45,50,47,48,47,51,52,52,45,49,44,47,49,49,54,46,51,51,47,51,50,48,47,53,50,52,50,50,48,47,44,46,47,48,43,39,45,47,50,49,49,48,54,50,52,55,51,54,59,50,46,50,48,48,47,51,52,53,46,49,45,47,49,49,54,47,51,51,47
52,55,51,54,59,50,46,50,48,48,47,51,52,53,46,49,45,47,49,49,54,47,51,51,47,51,50,48,47,53,51,52,50,49,48,48,44,46,47,48,44,39,45,47,50,49,49,49,54,50,52,55,51,54,59,50,46,50,48,48,48,51,52,53,46,49,45,47,49,49,54,47,51,51,48
52,55,51,54,59,50,46,50,48,48,48,51,52,53,46,49,45,47,49,49,54,47,51,51,48,51,50,48,47,52,51,52,50,49,49,48,44,45,47,49,44,39,45,47,50,50,49,49,54,50,52,54,51,54,59,50,46,50,48,48,48,51,51,53,47,49,45,47,49,49,54,47,52,51,48
52,54,51,54,59,50,46,50,48,48,48,51,51,53,47,49,45,47,49,49,54,47,52,51,48,52,50,48,48,52,52,51,51,48,49,49,44,45,47,49,45,39,45,47,50,50,50,49,54,50,52,54,51,53,59,50,47,50,48,48,48,51,51,53,47,49,46,47,50,49,54,48,52,51,49
52,54,51,53,59,50,47,50,48,48,48,51,51,53,47,49,46,47,50,49,54,48,52,51,49,52,50,49,48,52,52,51,51,48,49,49,44,44,48,50,45,39,45,48,51,50,50,50,54,51,52,54,51,53,59,50,47,50,48,49,48,51,51,54,47,49,46,47,50,49,54,48,52,51,49
52,54,51,53,59,50,47,50,48,49,48,51,51,54,47,49,46,47,50,49,54,48,52,51,49,52,50,49,48,51,52,50,52,47,49,50,44,44,48,50,45,39,45,48,51,51,51,50,54,51,52,54,51,53,59,50,48,50,48,49,49,51,52,54,48,49,46,47,50,50,54,48,53,51,49
52,54,51,53,59,50,48,50,48,49,49,51,52,54,48,49,46,47,50,50,54,48,53,51,49,52,50,49,49,51,53,50,52,47,49,50,44,43,48,51,45,39,45,48,51,51,51,51,55,51,52,54,51,53,59,51,48,49,48,49,49,51,52,54,48,49,47,47,51,50,54,49,53,51,50
52,54,51,53,59,51,48,49,48,49,49,51,52,54,48,49,47,47,51,50,54,49,53,51,50,52,50,49,49,51,53,50,52,46,50,51,44,43,49,51,45,39,44,49,52,51,51,51,54,52,52,54,51,53,59,51,49,49,49,49,50,51,52,55,49,49,47,47,51,50,55,49,53,52,50
52,54,51,53,59,51,49,49,49,49,50,51,52,55,49,49,47,47,51,50,55,49,53,52,50,52,51,50,50,51,54,50,53,46,50,51,44,43,49,52,46,39,44,49,52,52,52,52,54,52,52,54,51,53,59,51,49,49,49,50,50,51,52,55,49,49,48,47,51,51,55,50,54,52,51
52,54,51,53,59,51,49,49,49,50,50,51,52,55,49,49,48,47,51,51,55,50,54,52,51,52,51,50,50,50,54,49,53,45,50,52,44,43,50,52,46,39,44,49,53,52,52,52,54,52,52,55,51,53,59,52,50,49,49,50,51,52,52,55,49,48,48,47,52,51,55,50,54,52,51
52,55,51,53,59,52,50,49,49,50,51,52,52,55,49,48,48,47,52,51,55,50,54,52,51,52,52,50,51,50,55,49,54,45,51,52,44,42,50,53,46,39,44,49,53,53,53,53,54,53,52,55,51,54,59,52,50,49,50,50,51,52,53,56,50,48,49,47,52,51,56,51,55,53,52
52,55,51,54,59,52,50,49,50,50,51,52,53,56,50,48,49,47,52,51,56,51,55,53,52,52,52,51,51,50,55,49,54,45,51,53,44,42,51,53,46,39,44,49,54,53,53,54,54,53,51,55,51,54,59,53,51,49,50,51,51,52,53,56,50,48,49,46,51,52,56,51,55,53,52
51,55,51,54,59,53,51,49,50,51,51,52,53,56,50,48,49,46,51,52,56,51,55,53,52,52,52,51,52,50,56,49,55,45,51,54,44,42,51,54,46,39,44,49,54,54,54,54,54,54,51,55,52,54,59,53,51,49,50,51,52,53,54,56,50,48,50,46,51,52,56,52,55,53,53
51,55,52,54,59,53,51,49,50,51,52,53,54,56,50,48,50,46,51,52,56,52,55,53,53,52,53,52,52,50,56,49,56,45,52,54,44,42,52,55,46,39,44,49,55,54,55,54,53,54,51,55,52,54,59,53,51,49,51,52,52,53,54,57,50,48,50,46,51,53,56,52,56,53,53
51,55,52,54,59,53,51,49,51,52,52,53,54,57,50,48,50,46,51,53,56,52,56,53,53,51,53,52,53,50,57,49,56,44,52,55,44,42,52,55,46,39,44,49,55,54,55,54,53,55,50,56,52,55,59,54,52,48,51,52,53,54,54,57,50,48,51,46,51,53,57,53,56,53,54
50,56,52,55,59,54,52,48,51,52,53,54,54,57,50,48,51,46,51,53,57,53,56,53,54,51,54,53,53,50,57,49,57,44,53,55,44,41,53,55,46,39,44,49,56,54,56,54,53,55,50,56,52,55,59,54,52,48,51,52,54,54,55,57,50,48,52,46,51,53,57,53,57,53,54
50,56,52,55,59,54,52,48,51,52,54,54,55,57,50,48,52,46,51,53,57,53,57,53,54,51,54,53,54,50,58,48,57,44,53,56,44,41,54,55,46,39,44,49,56,54,56,54,53,56,50,56,53,55,59,54,52,48,51,53,54,54,55,58,50,48,52,46,52,52,58,54,57,53,55
50,56,53,55,59,54,52,48,51,53,54,54,55,58,50,48,52,46,52,52,58,54,57,53,55,51,55,54,54,49,59,48,58,44,54,57,44,41,54,55,46,39,44,49,57,54,57,54,52,56,50,57,53,55,59,55,52,48,51,53,55,54,56,58,50,48,53,46,52,52,58,54,58,53,56
50,57,53,55,59,55,52,48,51,53,55,54,56,58,50,48,53,46,52,52,58,54,58,53,56,51,55,54,55,49,59,48,58,44,55,57,44,41,55,55,46,39,44,49,57,54,58,54,52,57,50,57,53,56,59,55,52,48,51,54,55,54,56,59,50,48,53,46,52,52,58,55,58,53,56
50,57,53,56,59,55,52,48,51,54,55,54,56,59,50,48,53,46,52,52,58,55,58,53,56,51,56,55,55,49,59,48,59,43,55,58,44,41,56,55,46,39,44,49,56,55,58,54,52,57,49,58,54,56,59,56,52,48,51,54,56,54,57,59,50,48,54,46,52,52,59,56,59,53,57
49,58,54,56,59,56,52,48,51,54,56,54,57,59,50,48,54,46,52,52,59,56,59,53,57,51,57,55,55,49,60,48,59,44,56,58,44,41,56,55,46,39,44,49,56,55,59,55,51,58,49,58,55,56,59,57,52,48,51,55,57,54,57,60,50,48,54,46,52,52,59,56,59,53,58
49,58,55,56,59,57,52,48,51,55,57,54,57,60,50,48,54,46,52,52,59,56,59,53,58,51,57,56,55,49,60,48,59,44,56,59,45,41,57,55,47,39,44,49,56,55,59,55,51,58,49,59,55,57,59,57,52,47,51,55,57,54,58,60,51,48,55,45,52,53,59,57,60,53,58
49,59,55,57,59,57,52,47,51,55,57,54,58,60,51,48,55,45,52,53,59,57,60,53,58,51,58,56,55,48,60,47,60,44,57,59,45,40,58,54,47,38,44,49,56,55,58,55,51,59,49,59,55,57,60,57,53,47,51,55,58,54,58,60,51,48,55,45,52,53,59,57,60,53,59
49,59,55,57,60,57,53,47,51,55,58,54,58,60,51,48,55,45,52,53,59,57,60,53,59,50,58,57,55,48,61,47,60,45,57,59,45,40,58,54,47,38,43,49,56,55,58,54,51,59,48,59,56,58,60,58,53,47,52,55,58,54,59,60,51,48,55,45,52,53,58,58,62,53,59
48,59,56,58,60,58,53,47,52,55,58,54,59,60,51,48,55,45,52,53,58,58,62,53,59,50,59,58,55,47,61,47,60,45,58,59,45,40,59,54,48,38,44,49,55,55,59,54,51,60,48,59,56,58,60,58,53,46,52,55,59,53,59,61,51,48,55,45,52,53,57,58,60,54,60
48,59,56,58,60,58,53,46,52,55,59,53,59,61,51,48,55,45,52,53,57,58,60,54,60,50,59,58,55,47,61,48,60,45,59,59,45,40,59,53,48,38,44,49,55,55,59,54,51,60,48,60,57,58,60,59,53,46,53,55,59,53,59,61,52,48,55,44,53,53,57,59,59,54,59
48,60,57,58,60,59,53,46,53,55,59,53,59,61,52,48,55,44,53,53,57,59,59,54,59,50,60,59,55,47,61,48,61,46,59,58,45,40,60,52,49,38,44,49,55,54,59,54,51,61,48,60,57,59,60,59,54,46,53,55,60,53,60,61,53,48,55,44,53,53,57,59,58,55,59
48,60,57,59,60,59,54,46,53,55,60,53,60,61,53,48,55,44,53,53,57,59,58,55,59,50,60,59,55,47,61,47,61,46,59,58,45,40,60,51,49,38,44,49,55,54,58,54,51,61,48,61,58,59,60,59,54,45,53,55,60,54,60,61,53,48,55,43,53,53,57,60,56,54,58
48,61,58,59,60,59,54,45,53,55,60,54,60,61,53,48,55,43,53,53,57,60,56,54,58,50,60,59,55,47,61,48,61,47,60,57,45,41,60,51,50,38,44,48,55,54,57,54,50,60,48,61,58,60,60,59,54,45,54,55,61,53,60,61,53,48,55,43,52,54,56,60,55,55,58
48,61,58,60,60,59,54,45,54,55,61,53,60,61,53,48,55,43,52,54,56,60,55,55,58,50,60,60,55,46,61,47,61,47,60,57,45,41,60,50,49,38,44,47,54,54,57,54,50,61,48,61,58,60,60,59,54,45,54,54,61,53,61,60,53,48,55,43,52,53,56,60,53,55,58
48,61,58,60,60,59,54,45,54,54,61,53,61,60,53,48,55,43,52,53,56,60,53,55,58,49,60,60,54,46,61,47,61,48,60,56,45,41,60,51,49,39,44,47,54,54,55,54,50,61,48,61,59,60,61,59,54,45,54,54,60,53,61,61,54,48,56,43,52,53,56,60,52,56,58
48,61,59,60,61,59,54,45,54,54,60,53,61,61,54,48,56,43,52,53,56,60,52,56,58,49,60,60,54,46,61,47,61,48,61,56,45,41,62,50,49,39,44,46,53,54,55,53,49,61,48,61,59,60,62,60,53,45,55,54,60,54,61,61,54,48,56,43,52,52,57,60,50,56,58
48,61,59,60,62,60,53,45,55,54,60,54,61,61,54,48,56,43,52,52,57,60,50,56,58,48,60,61,54,45,61,47,60,48,62,55,46,41,61,50,49,40,44,46,53,55,54,52,49,60,48,61,60,60,64,60,52,45,55,54,59,53,61,61,55,47,56,43,51,52,56,61,49,56,58
48,61,60,60,64,60,52,45,55,54,59,53,61,61,55,47,56,43,51,52,56,61,49,56,58,48,61,61,54,45,61,46,62,48,61,54,46,42,60,50,48,40,43,47,53,54,53,51,48,60,47,61,60,60,62,60,52,45,55,54,58,52,61,61,55,47,55,43,51,52,55,62,48,55,58
47,61,60,60,62,60,52,45,55,54,58,52,61,61,55,47,55,43,51,52,55,62,48,55,58,47,61,61,54,45,61,46,63,49,61,54,46,42,62,50,48,41,41,47,53,54,52,51,48,60,47,60,61,60,62,62,51,45,55,54,57,52,61,61,55,46,54,43,51,52,55,62,48,55,58
47,60,61,60,62,62,51,45,55,54,57,52,61,61,55,46,54,43,51,52,55,62,48,55,58,47,61,61,54,45,61,46,61,49,62,54,45,42,61,50,48,41,40,47,52,52,51,51,48,59,46,59,62,60,62,62,52,45,55,54,56,51,61,60,54,46,53,43,50,52,55,62,48,54,58
46,59,62,60,62,62,52,45,55,54,56,51,61,60,54,46,53,43,50,52,55,62,48,54,58,47,61,60,53,45,61,47,61,49,62,54,45,42,62,51,48,41,40,48,51,52,51,50,48,58,46,58,62,59,62,61,52,45,55,55,55,51,61,59,53,45,53,43,50,52,54,61,47,54,58
46,58,62,59,62,61,52,45,55,55,55,51,61,59,53,45,53,43,50,52,54,61,47,54,58,47,61,60,53,45,60,47,61,49,62,53,45,42,61,51,48,40,40,48,51,51,50,50,48,58,47,58,62,59,61,61,52,44,54,54,55,51,61,59,53,45,52,43,49,53,53,61,47,54,57
47,58,62,59,61,61,52,44,54,54,55,51,61,59,53,45,52,43,49,53,53,61,47,54,57,47,61,59,53,45,60,47,61,49,61,52,45,42,61,51,48,40,40,48,51,51,50,50,48,57,47,58,61,59,61,61,52,44,54,51,54,51,61,58,53,45,52,43,49,52,52,60,47,54,57
47,58,61,59,61,61,52,44,54,51,54,51,61,58,53,45,52,43,49,52,52,60,47,54,57,47,60,59,53,45,60,48,61,49,62,51,45,43,62,51,48,40,40,48,51,51,50,49,48,57,47,58,61,58,61,62,52,44,53,50,54,51,60,57,53,45,51,44,48,52,52,60,47,54,57
47,58,61,58,61,62,52,44,53,50,54,51,60,57,53,45,51,44,48,52,52,60,47,54,57,48,60,59,52,45,60,48,61,48,62,51,45,43,61,51,48,40,40,48,51,51,50,49,47,56,47,57,62,58,61,62,51,44,52,50,53,51,60,57,53,45,51,44,48,51,51,59,47,53,57
47,57,62,58,61,62,51,44,52,50,53,51,60,57,53,45,51,44,48,51,51,59,47,53,57,48,60,58,52,45,60,48,60,49,60,50,45,43,60,51,48,41,39,47,50,51,50,49,47,56,47,56,62,57,61,61,51,44,51,50,53,51,60,57,53,45,51,44,48,51,51,59,47,53,57
47,56,62,57,61,61,51,44,51,50,53,51,60,57,53,45,51,44,48,51,51,59,47,53,57,47,59,58,52,45,60,48,60,49,58,50,45,43,59,51,48,41,39,47,50,51,50,49,47,56,47,55,62,57,62,61,51,44,51,50,52,51,59,57,53,44,51,44,48,51,50,58,47,53,56
47,55,62,57,62,61,51,44,51,50,52,51,59,57,53,44,51,44,48,51,50,58,47,53,56,47,58,58,52,45,60,48,60,49,58,50,45,43,57,50,48,41,39,46,50,51,49,49,47,56,47,54,62,57,62,61,51,44,51,50,52,51,57,56,53,45,51,44,48,51,49,57,47,52,56
47,54,62,57,62,61,51,44,51,50,52,51,57,56,53,45,51,44,48,51,49,57,47,52,56,47,57,57,51,45,59,49,59,49,57,50,46,43,55,50,48,41,39,46,49,50,49,48,47,56,47,54,62,56,61,61,51,45,51,49,51,50,56,56,53,45,51,44,48,50,50,57,47,51,55
47,54,62,56,61,61,51,45,51,49,51,50,56,56,53,45,51,44,48,50,50,57,47,51,55,47,56,56,51,45,57,49,58,49,56,49,46,43,54,49,48,41,39,46,48,50,49,48,47,55,46,54,62,55,60,62,51,45,51,49,50,49,55,54,53,45,50,44,48,50,49,56,46,51,54
46,54,62,55,60,62,51,45,51,49,50,49,55,54,53,45,50,44,48,50,49,56,46,51,54,47,54,55,50,45,57,49,57,49,55,49,46,44,52,48,47,41,39,46,48,49,49,48,47,55,46,54,61,54,59,61,51,45,50,49,49,49,53,53,53,45,49,44,48,50,49,56,46,51,53
46,54,61,54,59,61,51,45,50,49,49,49,53,53,53,45,49,44,48,50,49,56,46,51,53,46,54,54,50,45,56,49,56,49,54,48,46,44,51,47,47,42,39,45,47,49,49,48,47,54,46,54,59,54,57,61,51,44,50,49,49,48,53,53,53,45,49,44,48,49,49,55,46,50,52
46,54,59,54,57,61,51,44,50,49,49,48,53,53,53,45,49,44,48,49,49,55,46,50,52,46,53,53,49,46,55,49,55,49,53,49,46,44,49,47,47,42,39,45,47,49,49,48,47,54,45,53,58,53,56,61,51,45,50,48,48,48,52,53,53,45,49,44,47,49,49,55,46,51,52
45,53,58,53,56,61,51,45,50,48,48,48,52,53,53,45,49,44,47,49,49,55,46,51,52,47,52,51,49,46,55,49,54,49,52,49,46,44,48,47,47,42,39,45,47,49,49,48,47,54,45,53,57,52,55,60,50,45,50,48,48,47,52,52,52,45,49,44,47,48,49,55,46,51,51
45,53,57,52,55,60,50,45,50,48,48,47,52,52,52,45,49,44,47,48,49,55,46,51,51,47,51,51,48,46,54,50,54,49,52,48,47,44,48,47,48,43,39,45,47,49,49,48,48,54,45,52,56,52,55,59,50,45,50,47,48,47,51,52,52,45,49,44,47,49,49,54,46,51,51
45,52,56,52,55,59,50,45,50,47,48,47,51,52,52,45,49,44,47,49,49,54,46,51,51,47,51,50,48,46,54,50,53,50,51,48,47,44,47,47,48,43,39,45,47,50,49,49,48,54,45,52,56,51,54,59,50,46,50,48,48,47,51,52,52,46,49,44,47,49,49,54,46,51,51
45,52,56,51,54,59,50,46,50,48,48,47,51,52,52,46,49,44,47,49,49,54,46,51,51,47,51,51,48,47,53,50,53,50,50,48,47,44,46,47,48,43,39,45,47,50,49,49,48,54,45,52,55,51,54,59,50,46,50,48,48,47,51,52,53,46,49,45,47,49,49,54,47,51,51
45,52,55,51,54,59,50,46,50,48,48,47,51,52,53,46,49,45,47,49,49,54,47,51,51,48,51,50,48,47,53,51,52,50,50,49,48,44,46,47,48,44,39,45,47,50,50,49,49,54,45,52,55,51,54,59,50,46,50,48,48,48,51,52,53,46,49,45,47,49,49,54,47,52,51
45,52,55,51,54,59,50,46,50,48,48,48,51,52,53,46,49,45,47,49,49,54,47,52,51,48,51,50,48,47,52,51,52,51,49,49,48,44,45,47,49,44,39,45,47,50,50,50,49,54,46,52,54,51,54,59,50,47,50,48,48,48,51,52,53,47,49,45,47,49,49,54,47,52,51
46,52,54,51,54,59,50,47,50,48,48,48,51,52,53,47,49,45,47,49,49,54,47,52,51,48,52,50,48,48,52,52,51,51,48,49,49,44,45,47,49,45,39,45,48,50,50,50,49,54,46,52,54,51,53,59,50,47,50,48,48,48,51,51,53,47,49,46,47,50,49,54,48,52,51
46,52,54,51,53,59,50,47,50,48,48,48,51,51,53,47,49,46,47,50,49,54,48,52,51,49,52,50,49,48,52,52,51,51,48,49,49,44,44,48,50,45,39,45,48,51,50,50,50,54,47,52,55,51,53,59,50,47,50,48,49,48,51,51,54,47,49,46,47,50,49,54,48,52,51
47,52,55,51,53,59,50,47,50,48,49,48,51,51,54,47,49,46,47,50,49,54,48,52,51,49,52,50,49,48,51,52,51,52,47,49,50,44,44,48,50,45,39,45,48,51,51,51,50,54,47,52,54,51,53,59,50,48,50,48,49,49,51,52,54,48,49,46,47,50,50,54,48,53,51
47,52,54,51,53,59,50,48,50,48,49,49,51,52,54,48,49,46,47,50,50,54,48,53,51,49,52,50,49,49,51,53,50,52,47,50,50,44,44,48,51,46,39,45,48,51,51,51,51,55,47,52,54,51,53,59,51,48,50,48,49,49,51,52,54,48,49,47,47,51,50,54,49,53,51
47,52,54,51,53,59,51,48,50,48,49,49,51,52,54,48,49,47,47,51,50,54,49,53,51,50,52,51,49,49,51,53,50,53,46,50,51,44,43,49,51,46,39,45,49,52,51,51,51,54,48,52,54,51,53,59,51,49,50,49,49,50,51,52,55,49,49,47,47,51,50,55,49,53,52
48,52,54,51,53,59,51,49,50,49,49,50,51,52,55,49,49,47,47,51,50,55,49,53,52,50,52,51,50,50,51,54,50,53,46,50,51,44,43,49,52,46,39,44,49,52,52,52,52,54,48,52,54,51,53,59,52,49,49,49,50,50,51,52,55,49,49,48,47,51,51,55,50,54,52
48,52,54,51,53,59,52,49,49,49,50,50,51,52,55,49,49,48,47,51,51,55,50,54,52,51,52,51,50,50,50,54,50,54,46,50,52,44,43,50,52,46,39,44,50,53,52,52,52,54,49,52,55,51,53,59,52,50,49,49,50,51,52,52,55,50,49,48,47,52,51,55,50,54,52
49,52,55,51,53,59,52,50,49,49,50,51,52,52,55,50,49,48,47,52,51,55,50,54,52,51,52,52,50,51,50,55,49,54,45,51,52,44,43,50,53,46,39,44,49,53,53,53,53,54,49,52,55,51,54,59,52,50,49,50,50,51,52,53,56,50,48,49,47,52,51,56,51,55,53
49,52,55,51,54,59,52,50,49,50,50,51,52,53,56,50,48,49,47,52,51,56,51,55,53,52,52,52,51,51,50,55,49,55,45,51,53,44,42,51,54,46,39,44,49,54,53,54,54,54,50,51,55,51,54,59,53,51,49,50,51,51,52,53,56,50,48,49,47,52,52,56,51,55,53
50,51,55,51,54,59,53,51,49,50,51,51,52,53,56,50,48,49,47,52,52,56,51,55,53,52,52,52,51,52,50,56,49,55,45,51,54,44,42,51,54,46,39,44,49,54,54,54,54,54,50,51,55,52,54,59,53,51,49,50,51,52,53,54,56,50,48,50,47,52,52,56,52,55,53
50,51,55,52,54,59,53,51,49,50,51,52,53,54,56,50,48,50,47,52,52,56,52,55,53,53,52,53,52,52,50,56,49,56,45,52,54,44,42,52,55,46,39,44,49,55,54,55,54,53,51,51,55,52,54,59,53,51,49,51,52,53,53,54,57,50,48,50,46,52,53,57,52,56,54
51,51,55,52,54,59,53,51,49,51,52,53,53,54,57,50,48,50,46,52,53,57,52,56,54,53,52,53,52,53,50,57,49,56,44,52,55,44,42,53,55,46,39,44,49,55,54,55,54,53,51,51,56,52,55,59,54,52,49,51,52,53,54,54,57,50,48,51,46,52,53,57,53,56,53
51,51,56,52,55,59,54,52,49,51,52,53,54,54,57,50,48,51,46,52,53,57,53,56,53,54,51,54,53,53,50,57,49,57,44,53,55,44,41,53,55,46,39,44,49,56,54,56,54,53,52,50,56,52,55,59,54,52,48,51,52,54,54,55,57,50,48,52,46,52,53,57,53,57,53
52,50,56,52,55,59,54,52,48,51,52,54,54,55,57,50,48,52,46,52,53,57,53,57,53,54,51,54,53,54,50,58,48,57,44,54,56,44,41,54,55,46,39,44,49,56,54,56,54,53,52,50,56,53,55,59,54,52,48,51,53,54,54,55,58,50,48,52,46,52,53,58,54,57,53
52,50,56,53,55,59,54,52,48,51,53,54,54,55,58,50,48,52,46,52,53,58,54,57,53,55,51,55,54,55,50,59,48,58,44,54,57,44,41,54,55,46,39,44,49,57,54,57,54,52,53,50,57,53,55,59,55,52,48,51,53,55,54,56,58,50,48,53,46,52,52,58,54,58,53
53,50,57,53,55,59,55,52,48,51,53,55,54,56,58,50,48,53,46,52,52,58,54,58,53,56,51,56,54,55,49,59,48,58,44,55,57,44,41,55,55,46,39,44,49,57,54,58,54,52,54,50,57,53,56,59,55,52,48,51,54,55,54,56,59,50,48,53,46,52,52,58,55,58,53
54,50,57,53,56,59,55,52,48,51,54,55,54,56,59,50,48,53,46,52,52,58,55,58,53,56,51,56,55,55,49,59,48,59,43,55,58,44,41,56,55,46,39,44,49,56,55,58,54,52,54,49,58,54,56,59,56,52,48,51,54,56,54,57,59,50,48,54,46,52,52,59,56,59,53
54,49,58,54,56,59,56,52,48,51,54,56,54,57,59,50,48,54,46,52,52,59,56,59,53,57,51,57,55,55,49,60,48,59,44,56,58,44,41,56,55,47,39,44,49,56,55,59,55,51,55,49,58,55,57,59,57,52,48,51,55,57,54,57,60,50,48,54,46,52,53,59,56,59,53
55,49,58,55,57,59,57,52,48,51,55,57,54,57,60,50,48,54,46,52,53,59,56,59,53,58,51,57,56,55,49,60,48,59,44,56,59,45,41,57,55,47,39,44,49,56,55,59,55,51,56,49,59,55,57,59,57,52,47,51,55,57,54,58,60,51,48,55,45,52,53,59,57,60,53
56,49,59,55,57,59,57,52,47,51,55,57,54,58,60,51,48,55,45,52,53,59,57,60,53,58,51,58,56,55,48,60,48,60,45,57,59,45,40,58,54,47,38,44,49,56,55,58,55,51,56,49,59,55,57,60,57,53,47,52,55,58,54,58,60,51,48,55,45,52,53,59,57,60,53
56,49,59,55,57,60,57,53,47,52,55,58,54,58,60,51,48,55,45,52,53,59,57,60,53,59,50,58,57,55,48,61,47,60,45,57,59,45,40,58,54,47,38,44,49,56,55,58,54,51,57,49,59,56,58,60,58,53,47,52,55,58,54,59,60,51,48,55,45,52,53,58,58,62,53
57,49,59,56,58,60,58,53,47,52,55,58,54,59,60,51,48,55,45,52,53,58,58,62,53,59,50,59,58,55,47,61,47,60,45,58,59,45,40,59,54,48,38,44,49,55,55,59,54,51,57,48,59,56,58,60,58,53,46,52,55,59,54,59,61,52,48,55,45,52,53,58,58,60,54
57,48,59,56,58,60,58,53,46,52,55,59,54,59,61,52,48,55,45,52,53,58,58,60,54,60,50,59,58,55,47,61,48,60,45,59,59,45,40,59,53,48,38,44,49,55,55,59,54,51,58,48,60,57,58,60,59,53,46,53,55,59,53,59,61,52,48,55,44,53,53,57,59,59,54
58,48,60,57,58,60,59,53,46,53,55,59,53,59,61,52,48,55,44,53,53,57,59,59,54,59,50,60,59,55,47,61,48,61,46,59,58,45,40,60,52,49,38,44,49,55,54,59,54,51,59,48,60,57,59,60,59,54,46,53,55,60,54,60,61,53,48,55,44,53,53,57,59,58,55
59,48,60,57,59,60,59,54,46,53,55,60,54,60,61,53,48,55,44,53,53,57,59,58,55,59,50,60,59,55,47,61,47,61,46,59,58,45,40,60,51,49,38,44,49,55,54,58,54,51,59,48,61,58,59,60,59,54,46,53,55,60,54,60,61,53,48,55,43,53,53,57,60,56,54
59,48,61,58,59,60,59,54,46,53,55,60,54,60,61,53,48,55,43,53,53,57,60,56,54,58,50,60,59,55,47,61,48,61,47,60,57,45,41,60,51,50,38,44,48,55,54,57,54,50,59,48,61,58,60,60,59,54,45,54,55,61,53,60,61,53,48,55,43,52,54,56,60,55,55
59,48,61,58,60,60,59,54,45,54,55,61,53,60,61,53,48,55,43,52,54,56,60,55,55,58,50,60,60,55,46,61,47,61,47,60,57,45,41,60,50,49,38,44,48,54,54,57,54,50,60,48,61,58,60,60,59,54,45,54,54,61,53,61,60,53,48,55,43,52,53,56,60,53,55
60,48,61,58,60,60,59,54,45,54,54,61,53,61,60,53,48,55,43,52,53,56,60,53,55,58,49,60,60,54,46,61,47,61,48,60,56,45,41,60,51,49,39,44,47,54,54,55,54,50,60,48,61,59,60,61,59,54,45,54,54,60,54,61,61,54,48,56,43,52,53,56,60,52,56
60,48,61,59,60,61,59,54,45,54,54,60,54,61,61,54,48,56,43,52,53,56,60,52,56,58,49,60,60,54,46,61,47,61,48,61,56,45,41,62,50,49,39,44,46,53,54,55,53,49,60,48,61,59,60,62,60,53,45,55,54,60,54,61,61,54,48,56,43,52,52,57,60,50,56
60,48,61,59,60,62,60,53,45,55,54,60,54,61,61,54,48,56,43,52,52,57,60,50,56,58,48,60,61,54,45,61,47,60,48,62,55,46,41,61,50,49,40,44,46,53,55,54,52,49,60,48,61,60,60,64,60,52,45,55,54,59,53,61,61,55,47,56,43,51,52,56,61,49,56
60,48,61,60,60,64,60,52,45,55,54,59,53,61,61,55,47,56,43,51,52,56,61,49,56,58,48,61,61,54,45,61,46,62,48,61,54,46,42,60,50,48,40,43,47,53,54,53,51,48,60,47,61,60,60,62,60,52,45,55,54,58,52,61,61,55,47,55,43,51,52,55,62,48,55
60,47,61,60,60,62,60,52,45,55,54,58,52,61,61,55,47,55,43,51,52,55,62,48,55,58,47,61,61,54,45,61,46,63,49,61,54,46,42,62,50,48,41,41,47,53,54,52,51,48,60,47,60,61,60,62,62,51,45,55,54,57,52,61,61,55,46,54,43,50,52,55,62,48,55
60,47,60,61,60,62,62,51,45,55,54,57,52,61,61,55,46,54,43,50,52,55,62,48,55,58,47,61,61,54,45,61,46,61,49,62,54,45,42,61,50,48,41,40,47,52,52,51,51,48,60,46,59,62,60,62,62,51,45,55,54,56,51,61,60,54,46,53,43,50,52,55,62,48,54
60,46,59,62,60,62,62,51,45,55,54,56,51,61,60,54,46,53,43,50,52,55,62,48,54,58,47,61,60,53,45,61,47,61,49,62,54,45,42,62,51,48,41,40,48,51,52,51,50,48,59,46,58,62,59,62,61,52,45,55,55,55,51,61,59,53,45,53,43,50,52,54,61,47,54
59,46,58,62,59,62,61,52,45,55,55,55,51,61,59,53,45,53,43,50,52,54,61,47,54,58,47,61,60,53,45,60,47,61,49,62,53,45,42,61,51,48,40,40,48,51,51,50,50,48,59,47,58,62,59,61,61,52,44,54,54,55,51,61,59,53,45,52,43,49,53,53,61,47,54
59,47,58,62,59,61,61,52,44,54,54,55,51,61,59,53,45,52,43,49,53,53,61,47,54,57,47,61,59,53,45,60,47,61,49,61,52,45,42,61,51,48,40,40,48,51,51,50,50,48,58,47,58,61,59,61,61,52,44,54,51,54,51,61,58,53,45,52,43,49,52,52,60,47,54
58,47,58,61,59,61,61,52,44,54,51,54,51,61,58,53,45,52,43,49,52,52,60,47,54,57,47,60,59,53,45,60,48,61,49,62,51,45,43,62,51,48,40,40,48,51,51,50,49,48,58,47,58,61,58,61,62,52,44,53,50,54,51,60,57,53,45,51,44,48,52,52,60,47,54
58,47,58,61,58,61,62,52,44,53,50,54,51,60,57,53,45,51,44,48,52,52,60,47,54,57,48,60,59,52,45,60,48,61,48,62,51,45,43,61,51,48,40,40,48,51,51,50,49,47,58,47,57,62,58,61,62,51,44,52,50,53,51,60,57,53,45,51,44,48,51,51,59,47,53
58,47,57,62,58,61,62,51,44,52,50,53,51,60,57,53,45,51,44,48,51,51,59,47,53,57,48,60,58,52,45,60,48,60,49,60,50,45,43,60,51,48,41,39,47,50,51,50,49,47,57,47,56,62,57,61,61,51,44,51,50,53,51,60,57,53,45,51,44,48,51,51,59,47,53
57,47,56,62,57,61,61,51,44,51,50,53,51,60,57,53,45,51,44,48,51,51,59,47,53,57,48,59,58,52,45,60,48,60,49,59,50,45,43,59,51,48,41,39,47,50,51,50,49,47,57,47,55,62,57,62,61,51,44,51,50,52,51,59,57,53,44,51,44,48,51,50,58,47,53
57,47,55,62,57,62,61,51,44,51,50,52,51,59,57,53,44,51,44,48,51,50,58,47,53,56,47,58,58,52,45,60,48,60,49,58,50,45,43,57,50,48,41,39,46,50,51,49,49,47,56,47,54,62,57,62,61,51,44,51,50,52,51,57,56,53,45,51,44,48,51,50,57,47,52
56,47,54,62,57,62,61,51,44,51,50,52,51,57,56,53,45,51,44,48,51,50,57,47,52,56,47,57,57,51,45,59,49,59,49,57,50,46,43,55,50,48,41,39,46,49,50,49,48,47,56,47,54,62,56,61,61,51,45,51,49,51,50,56,56,53,45,51,44,48,50,50,57,47,51
56,47,54,62,56,61,61,51,45,51,49,51,50,56,56,53,45,51,44,48,50,50,57,47,51,55,47,56,56,51,45,57,49,58,49,56,49,46,43,54,49,48,41,39,46,48,50,49,48,47,55,46,54,62,55,60,62,51,45,51,49,50,49,55,54,53,45,50,44,48,50,50,56,46,51
55,46,54,62,55,60,62,51,45,51,49,50,49,55,54,53,45,50,44,48,50,50,56,46,51,54,47,54,55,50,45,57,49,57,49,55,49,46,44,52,48,47,41,39,46,48,50,49,48,47,55,46,54,61,54,59,61,51,45,50,49,49,49,54,53,53,45,49,44,48,50,49,56,46,51
55,46,54,61,54,59,61,51,45,50,49,49,49,54,53,53,45,49,44,48,50,49,56,46,51,53,47,54,54,50,45,56,49,56,49,54,49,46,44,51,48,47,42,39,45,47,49,49,48,47,54,46,54,59,54,57,61,51,44,50,49,49,48,53,53,53,45,49,44,48,49,49,55,46,51
54,46,54,59,54,57,61,51,44,50,49,49,48,53,53,53,45,49,44,48,49,49,55,46,51,52,47,53,53,49,46,55,49,55,49,53,49,46,44,49,47,47,42,39,45,47,49,49,48,47,54,45,53,58,53,56,61,51,45,50,48,48,48,52,53,53,45,49,44,47,49,49,55,46,51
54,45,53,58,53,56,61,51,45,50,48,48,48,52,53,53,45,49,44,47,49,49,55,46,51,52,47,52,51,49,46,55,49,54,49,52,49,46,44,48,47,47,42,39,45,47,49,49,48,47,54,45,53,57,52,55,60,51,45,50,48,48,47,52,52,52,45,49,44,47,49,49,55,46,51
54,45,53,57,52,55,60,51,45,50,48,48,47,52,52,52,45,49,44,47,49,49,55,46,51,51,47,51,51,48,46,54,50,54,49,52,48,47,44,48,47,48,43,39,45,47,49,49,48,48,54,45,52,56,52,55,59,50,45,50,47,48,47,51,52,52,45,49,44,47,49,49,54,46,51
54,45,52,56,52,55,59,50,45,50,47,48,47,51,52,52,45,49,44,47,49,49,54,46,51,51,47,51,51,48,46,54,50,53,50,51,48,47,44,47,47,48,43,39,45,47,50,49,49,48,54,45,52,56,51,54,59,50,46,50,48,48,47,51,52,52,46,49,45,47,49,49,54,46,51
54,45,52,56,51,54,59,50,46,50,48,48,47,51,52,52,46,49,45,47,49,49,54,46,51,51,47,51,51,48,47,53,50,53,50,50,48,47,44,46,47,48,43,39,45,47,50,49,49,48,54,45,52,55,51,54,59,50,46,50,48,48,47,51,52,53,46,49,45,47,49,49,54,47,51
54,45,52,55,51,54,59,50,46,50,48,48,47,51,52,53,46,49,45,47,49,49,54,47,51,51,48,51,50,48,47,53,51,52,50,50,49,48,44,46,47,48,44,39,45,47,50,50,49,49,54,45,52,55,51,54,59,50,46,50,48,48,48,51,52,53,46,49,45,47,49,49,54,47,52
54,45,52,55,51,54,59,50,46,50,48,48,48,51,52,53,46,49,45,47,49,49,54,47,52,51,48,51,50,48,47,52,51,52,51,49,49,48,44,45,47,49,44,39,45,47,50,50,50,49,54,46,52,54,51,54,59,50,47,50,48,48,48,51,52,53,47,49,45,47,49,49,54,47,52
54,46,52,54,51,54,59,50,47,50,48,48,48,51,52,53,47,49,45,47,49,49,54,47,52,51,48,52,50,48,48,52,52,51,51,48,49,49,44,45,47,49,45,39,45,48,50,50,50,49,54,46,52,54,51,53,59,50,47,50,48,48,48,51,51,53,47,49,46,47,50,49,54,48,52
54,46,52,54,51,53,59,50,47,50,48,48,48,51,51,53,47,49,46,47,50,49,54,48,52,51,49,52,50,49,48,52,52,51,51,48,49,49,44,44,48,50,45,39,45,48,51,50,50,50,54,47,52,55,51,53,59,50,47,50,48,49,48,51,51,54,47,49,46,47,50,49,54,48,52
54,47,52,55,51,53,59,50,47,50,48,49,48,51,51,54,47,49,46,47,50,49,54,48,52,51,49,52,50,49,48,51,52,51,52,47,49,50,44,44,48,50,46,39,45,48,51,51,51,50,54,47,52,54,51,53,59,50,48,50,48,49,49,51,52,54,48,49,46,47,50,50,54,48,53
54,47,52,54,51,53,59,50,48,50,48,49,49,51,52,54,48,49,46,47,50,50,54,48,53,51,49,52,50,49,49,51,53,50,52,47,50,50,44,44,48,51,46,39,45,48,51,51,51,51,54,47,52,54,51,53,59,51,48,50,48,49,49,51,52,54,48,49,47,47,51,50,54,49,53
54,47,52,54,51,53,59,51,48,50,48,49,49,51,52,54,48,49,47,47,51,50,54,49,53,51,50,52,51,49,49,51,53,50,53,46,50,51,44,43,49,51,46,39,45,49,52,51,51,51,55,48,52,54,51,53,59,51,49,50,49,49,50,51,52,55,49,49,47,47,51,50,55,49,53
55,48,52,54,51,53,59,51,49,50,49,49,50,51,52,55,49,49,47,47,51,50,55,49,53,52,50,52,51,50,50,51,54,50,53,46,50,51,44,43,49,52,46,39,44,49,52,52,52,52,55,48,52,54,51,53,59,52,49,49,49,50,50,51,52,55,49,49,48,47,51,51,55,50,54
55,48,52,54,51,53,59,52,49,49,49,50,50,51,52,55,49,49,48,47,51,51,55,50,54,52,51,52,51,50,50,50,54,50,54,46,50,52,44,43,50,52,46,39,44,50,53,52,52,52,55,49,52,55,51,53,59,52,50,49,49,50,51,52,53,55,50,49,48,47,52,51,55,50,54
55,49,52,55,51,53,59,52,50,49,49,50,51,52,53,55,50,49,48,47,52,51,55,50,54,52,51,52,52,50,51,50,55,49,54,45,51,52,44,43,50,53,46,39,44,49,53,53,53,53,55,49,52,55,51,54,59,52,50,49,50,50,51,52,53,56,50,48,49,47,52,51,56,51,55
55,49,52,55,51,54,59,52,50,49,50,50,51,52,53,56,50,48,49,47,52,51,56,51,55,53,52,52,52,51,51,50,55,49,55,45,51,53,44,42,51,54,46,39,44,49,54,53,54,54,56,50,51,55,51,54,59,53,51,49,50,51,51,52,53,56,50,48,49,47,52,52,56,51,55
56,50,51,55,51,54,59,53,51,49,50,51,51,52,53,56,50,48,49,47,52,52,56,51,55,53,52,52,52,51,52,50,56,49,55,45,51,54,44,42,51,54,46,39,44,49,54,54,54,54,56,50,51,55,52,54,59,53,51,49,50,51,52,53,54,56,50,48,50,47,52,52,56,52,55
56,50,51,55,52,54,59,53,51,49,50,51,52,53,54,56,50,48,50,47,52,52,56,52,55,53,53,52,53,52,52,50,56,49,56,45,52,54,44,42,52,55,46,39,44,49,55,54,55,54,56,51,51,55,52,54,59,53,51,49,51,52,53,53,54,57,50,48,50,46,52,53,57,52,56
56,51,51,55,52,54,59,53,51,49,51,52,53,53,54,57,50,48,50,46,52,53,57,52,56,54,53,52,53,52,53,50,57,49,56,44,52,55,44,42,53,55,46,39,44,49,55,54,55,54,56,51,51,56,52,55,59,54,52,49,51,52,53,54,54,57,50,48,51,46,52,53,57,53,56
56,51,51,56,52,55,59,54,52,49,51,52,53,54,54,57,50,48,51,46,52,53,57,53,56,54,54,52,54,53,53,50,57,49,57,44,53,55,44,42,53,55,46,39,44,49,56,55,56,54,56,52,50,56,52,55,59,54,52,49,51,52,54,54,55,57,50,48,52,46,52,53,57,53,57
56,52,50,56,52,55,59,54,52,49,51,52,54,54,55,57,50,48,52,46,52,53,57,53,57,53,55,51,54,53,54,50,58,48,57,44,54,56,44,41,54,55,46,39,44,49,56,55,56,55,57,52,50,56,53,55,59,55,52,48,51,53,54,54,55,58,50,48,52,46,52,53,58,54,57
57,52,50,56,53,55,59,55,52,48,51,53,54,54,55,58,50,48,52,46,52,53,58,54,57,53,55,51,55,54,55,50,59,48,58,44,54,57,44,41,54,55,46,39,44,49,57,55,57,55,57,53,50,57,53,56,59,55,52,48,51,53,55,54,56,58,50,48,53,46,52,52,58,54,58
57,53,50,57,53,56,59,55,52,48,51,53,55,54,56,58,50,48,53,46,52,52,58,54,58,53,56,51,56,54,55,50,59,49,58,44,55,57,44,41,55,55,46,39,44,49,57,54,58,55,57,54,50,57,54,56,59,55,52,48,51,54,55,54,56,59,50,48,54,46,52,52,58,55,58
57,54,50,57,54,56,59,55,52,48,51,54,55,54,56,59,50,48,54,46,52,52,58,55,58,53,56,51,56,55,55,49,59,48,59,43,55,58,44,41,56,55,47,39,44,49,57,55,58,55,57,54,50,58,54,56,59,56,52,48,51,54,56,54,57,59,50,48,54,46,52,52,59,56,59
57,54,50,58,54,56,59,56,52,48,51,54,56,54,57,59,50,48,54,46,52,52,59,56,59,53,57,51,57,55,55,49,60,48,59,44,56,58,45,41,56,55,47,39,44,49,56,55,59,55,56,55,49,58,55,57,59,57,52,48,51,55,57,54,57,60,51,48,55,46,52,53,59,56,59
56,55,49,58,55,57,59,57,52,48,51,55,57,54,57,60,51,48,55,46,52,53,59,56,59,53,58,51,57,56,55,49,60,48,59,44,56,59,45,41,57,55,47,39,44,49,56,55,59,55,56,56,49,59,55,57,60,57,53,48,51,55,57,54,58,60,51,48,55,45,52,53,59,57,60
56,56,49,59,55,57,60,57,53,48,51,55,57,54,58,60,51,48,55,45,52,53,59,57,60,53,58,51,58,57,55,48,60,48,60,45,57,59,45,41,58,55,47,39,44,49,56,55,59,55,55,56,49,59,55,57,60,57,53,47,52,55,58,54,58,60,51,48,55,45,52,53,59,57,60
55,56,49,59,55,57,60,57,53,47,52,55,58,54,58,60,51,48,55,45,52,53,59,57,60,54,59,50,58,57,55,48,61,47,60,45,57,59,45,41,58,54,48,38,44,49,56,55,59,55,55,57,49,59,56,58,60,58,53,47,52,55,58,54,59,60,51,48,55,45,52,53,58,58,62
55,57,49,59,56,58,60,58,53,47,52,55,58,54,59,60,51,48,55,45,52,53,58,58,62,53,59,50,59,58,55,48,61,48,60,45,58,59,45,41,59,54,48,39,44,49,56,55,59,54,55,57,49,59,56,58,60,58,53,46,52,55,59,54,59,61,52,48,55,45,52,53,58,58,60
55,57,49,59,56,58,60,58,53,46,52,55,59,54,59,61,52,48,55,45,52,53,58,58,60,54,60,50,59,58,55,47,61,48,60,45,59,59,45,41,59,53,49,38,44,49,55,55,59,54,55,58,48,60,57,58,60,59,53,46,53,55,59,54,59,61,52,48,55,44,53,53,57,59,59
55,58,48,60,57,58,60,59,53,46,53,55,59,54,59,61,52,48,55,44,53,53,57,59,59,54,59,50,60,59,55,47,61,48,61,46,59,58,45,40,60,52,49,38,44,49,55,55,59,54,54,59,48,60,57,59,60,59,54,46,53,55,60,54,60,61,53,48,55,44,53,53,57,59,58
54,59,48,60,57,59,60,59,54,46,53,55,60,54,60,61,53,48,55,44,53,53,57,59,58,55,59,50,60,59,55,47,61,48,61,46,59,58,45,40,60,51,49,38,44,49,55,54,58,54,54,59,48,61,58,59,60,59,54,46,53,55,60,54,60,61,53,48,56,43,53,53,57,60,57
54,59,48,61,58,59,60,59,54,46,53,55,60,54,60,61,53,48,56,43,53,53,57,60,57,55,59,50,60,59,55,47,61,48,61,47,60,57,45,41,60,51,50,38,44,48,55,54,57,54,54,59,48,61,58,60,60,59,54,45,54,55,61,53,60,61,53,48,55,43,52,54,56,60,55
54,59,48,61,58,60,60,59,54,45,54,55,61,53,60,61,53,48,55,43,52,54,56,60,55,55,59,50,60,60,55,47,61,47,61,47,60,57,45,41,60,51,49,39,44,48,55,54,57,54,54,60,48,61,58,60,60,59,54,45,54,54,61,53,61,60,54,48,55,43,52,53,56,60,53
54,60,48,61,58,60,60,59,54,45,54,54,61,53,61,60,54,48,55,43,52,53,56,60,53,55,58,50,60,60,54,46,61,47,61,48,60,56,45,41,60,51,49,39,44,47,54,54,56,54,0,0,16710738,8499509,886658528,395,803474048,395,0,0,0,0,0,0,0,0,0,0,0,0,0,0,0,0,0