0cont_fund,0ins_pout,0ins_price,0infra_npv,0debt_serv,0gross_rev,0cont_contrib,0drought_cost,0water_price
0,0,0,0,2.31943e-52,1.93691e+07,0,0,1.24265e+07
0,0,0,0,0,1.93768e+07,0,0,1.24265e+07
0,0,0,0,0,1.93845e+07,0,0,1.24265e+07
0,0,0,0,0,1.93922e+07,0,0,1.24265e+07
0,0,0,0,0,2.14808e+07,0,0,1.24265e+07
0,0,0,0,0,2.14893e+07,0,0,1.24265e+07
0,0,0,0,0,2.14978e+07,0,0,1.24265e+07
0,0,0,0,0,2.15064e+07,0,0,1.24265e+07
0,0,0,0,0,1.86356e+07,0,0,1.24265e+07
0,0,0,0,0,1.8643e+07,0,0,1.24265e+07
0,0,0,0,0,1.86504e+07,0,0,1.24265e+07
0,0,0,0,0,1.86578e+07,0,0,1.24265e+07
0,0,0,0,0,1.86652e+07,0,0,1.24265e+07
0,0,0,0,0,1.93882e+07,0,0,1.24265e+07
0,0,0,0,0,1.93959e+07,0,0,1.24265e+07
0,0,0,0,0,1.94036e+07,0,0,1.24265e+07
0,0,0,0,0,1.94113e+07,0,0,1.24265e+07
0,0,0,0,0,1.91397e+07,0,0,1.24265e+07
0,0,0,0,0,1.91473e+07,0,0,1.24265e+07
0,0,0,0,0,1.91548e+07,0,0,1.24265e+07
0,0,0,0,0,1.91624e+07,0,0,1.24265e+07
0,0,0,0,0,2.01412e+07,0,0,1.24265e+07
0,0,0,0,0,2.01491e+07,0,0,1.24265e+07
0,0,0,0,0,2.01571e+07,0,0,1.24265e+07
0,0,0,0,0,2.01651e+07,0,0,1.24265e+07
0,0,0,0,0,2.01731e+07,0,0,1.24265e+07
0,0,0,0,0,2.03659e+07,0,0,1.24265e+07
0,0,0,0,0,2.0374e+07,0,0,1.24265e+07
0,0,0,0,0,2.03821e+07,0,0,1.24265e+07
0,0,0,0,0,2.03901e+07,0,0,1.24265e+07
0,0,0,0,0,2.08854e+07,0,0,1.24265e+07
0,0,0,0,0,2.08936e+07,0,0,1.24265e+07
0,0,0,0,0,2.09019e+07,0,0,1.24265e+07
0,0,0,0,0,2.09101e+07,0,0,1.24265e+07
0,0,0,0,0,2.25163e+07,0,0,1.24265e+07
0,0,0,0,0,2.25252e+07,0,0,1.24265e+07
0,0,0,0,0,2.25341e+07,0,0,1.24265e+07
0,0,0,0,0,2.2543e+07,0,0,1.24265e+07
0,0,0,0,0,2.25519e+07,0,0,1.24265e+07
0,0,0,0,0,2.16732e+07,0,0,1.24265e+07
0,0,0,0,0,2.16817e+07,0,0,1.24265e+07
0,0,0,0,0,2.16903e+07,0,0,1.24265e+07
0,0,0,0,0,2.16988e+07,0,0,1.24265e+07
0,0,0,0,0,2.09289e+07,0,0,1.24265e+07
0,0,0,0,0,2.09372e+07,0,0,1.24265e+07
0,0,0,0,0,2.09454e+07,0,0,1.24265e+07
0,0,0,0,0,2.09537e+07,0,0,1.24265e+07
0,0,0,0,0,1.91241e+07,0,0,1.24265e+07
0,0,0,0,0,1.91317e+07,0,0,1.24265e+07
0,0,0,0,0,1.91392e+07,0,0,1.24265e+07
0,0,0,0,0,1.91467e+07,0,0,1.24265e+07
0,0,35858.4,0,0,1.91543e+07,0,35858.4,1.24265e+07
0,0,0,0,2.31943e-52,1.97713e+07,0,0,1.24265e+07
0,0,0,0,0,1.97789e+07,0,0,1.24265e+07
0,0,0,0,0,1.97864e+07,0,0,1.24265e+07
0,0,0,0,0,1.9794e+07,0,0,1.24265e+07
0,0,0,0,0,2.19255e+07,0,0,1.24265e+07
0,0,0,0,0,2.19339e+07,0,0,1.24265e+07
0,0,0,0,0,2.19422e+07,0,0,1.24265e+07
0,0,0,0,0,2.19506e+07,0,0,1.24265e+07
0,0,0,0,0,1.90203e+07,0,0,1.24265e+07
0,0,0,0,0,1.90276e+07,0,0,1.24265e+07
0,0,0,0,0,1.90348e+07,0,0,1.24265e+07
0,0,0,0,0,1.90421e+07,0,0,1.24265e+07
0,0,0,0,0,1.90493e+07,0,0,1.24265e+07
0,0,0,0,0,1.97869e+07,0,0,1.24265e+07
0,0,0,0,0,1.97945e+07,0,0,1.24265e+07
0,0,0,0,0,1.9802e+07,0,0,1.24265e+07
0,0,0,0,0,1.98096e+07,0,0,1.24265e+07
0,0,0,0,0,1.95321e+07,0,0,1.24265e+07
0,0,0,0,0,1.95395e+07,0,0,1.24265e+07
0,0,0,0,0,1.9547e+07,0,0,1.24265e+07
0,0,0,0,0,1.95544e+07,0,0,1.24265e+07
0,0,0,0,0,2.05529e+07,0,0,1.24265e+07
0,0,0,0,0,2.05607e+07,0,0,1.24265e+07
0,0,0,0,0,2.05685e+07,0,0,1.24265e+07
0,0,0,0,0,2.05764e+07,0,0,1.24265e+07
0,0,0,0,0,2.05842e+07,0,0,1.24265e+07
0,0,0,0,0,2.07807e+07,0,0,1.24265e+07
0,0,0,0,0,2.07886e+07,0,0,1.24265e+07
0,0,0,0,0,2.07965e+07,0,0,1.24265e+07
0,0,0,0,0,2.08044e+07,0,0,1.24265e+07
0,0,0,0,0,2.13094e+07,0,0,1.24265e+07
0,0,0,0,0,2.13175e+07,0,0,1.24265e+07
0,0,0,0,0,2.13256e+07,0,0,1.24265e+07
0,0,0,0,0,2.13337e+07,0,0,1.24265e+07
0,0,0,0,0,2.29721e+07,0,0,1.24265e+07
0,0,0,0,0,2.29808e+07,0,0,1.24265e+07
0,0,0,0,0,2.29896e+07,0,0,1.24265e+07
0,0,0,0,0,2.29983e+07,0,0,1.24265e+07
0,0,0,0,0,2.36992e+07,-444906,444906,1.24265e+07
0,0,0,0,0,2.28002e+07,-443443,443443,1.24265e+07
0,0,0,0,0,2.21187e+07,0,0,1.24265e+07
0,0,0,0,0,2.31008e+07,-625857,625857,1.24265e+07
0,0,0,0,0,2.3107e+07,-624464,624464,1.24265e+07
0,0,0,0,0,2.23191e+07,-623071,623071,1.24265e+07
0,0,0,0,0,2.25878e+07,-790575,790575,1.24265e+07
0,0,0,0,0,2.25939e+07,-789245,789245,1.24265e+07
0,0,0,0,0,2.25999e+07,-787915,787915,1.24265e+07
0,0,0,0,0,2.07313e+07,-786585,786585,1.24265e+07
0,0,0,0,0,2.12847e+07,-1.13755e+06,1.13755e+06,1.24265e+07
0,0,0,0,0,2.12902e+07,-1.13635e+06,1.13635e+06,1.24265e+07
0,0,0,0,0,2.12958e+07,-1.13516e+06,1.13516e+06,1.24265e+07
0,0,37753.6,0,0,2.13013e+07,-1.13396e+06,1.17171e+06,1.24265e+07
0,0,0,0,2.31943e-52,2.01662e+07,0,0,1.24265e+07
0,0,0,0,0,2.01735e+07,0,0,1.24265e+07
0,0,0,0,0,2.01809e+07,0,0,1.24265e+07
0,0,0,0,0,2.01883e+07,0,0,1.24265e+07
0,0,0,0,0,2.2362e+07,0,0,1.24265e+07
0,0,0,0,0,2.23702e+07,0,0,1.24265e+07
0,0,0,0,0,2.23784e+07,0,0,1.24265e+07
0,0,0,0,0,2.23866e+07,0,0,1.24265e+07
0,0,0,0,0,1.93978e+07,0,0,1.24265e+07
0,0,0,0,0,1.94049e+07,0,0,1.24265e+07
0,0,0,0,0,1.9412e+07,0,0,1.24265e+07
0,0,0,0,0,1.94191e+07,0,0,1.24265e+07
0,0,0,0,0,1.94262e+07,0,0,1.24265e+07
0,0,0,0,0,2.01781e+07,0,0,1.24265e+07
0,0,0,0,0,2.01855e+07,0,0,1.24265e+07
0,0,0,0,0,2.01929e+07,0,0,1.24265e+07
0,0,0,0,0,2.02003e+07,0,0,1.24265e+07
0,0,0,0,0,1.9917e+07,0,0,1.24265e+07
0,0,0,0,0,1.99243e+07,0,0,1.24265e+07
0,0,0,0,0,1.99316e+07,0,0,1.24265e+07
0,0,0,0,0,1.99389e+07,0,0,1.24265e+07
0,0,0,0,0,2.09567e+07,0,0,1.24265e+07
0,0,0,0,0,2.09643e+07,0,0,1.24265e+07
0,0,0,0,0,2.0972e+07,0,0,1.24265e+07
0,0,0,0,0,2.09797e+07,0,0,1.24265e+07
0,0,0,0,0,2.09873e+07,0,0,1.24265e+07
0,0,0,0,0,2.11874e+07,0,0,1.24265e+07
0,0,0,0,0,2.11951e+07,0,0,1.24265e+07
0,0,0,0,0,2.12029e+07,0,0,1.24265e+07
0,0,0,0,0,2.12106e+07,0,0,1.24265e+07
0,0,0,0,0,2.17251e+07,0,0,1.24265e+07
0,0,0,0,0,2.17331e+07,0,0,1.24265e+07
0,0,0,0,0,2.1741e+07,0,0,1.24265e+07
0,0,0,0,0,2.17489e+07,0,0,1.24265e+07
0,0,0,0,0,2.34188e+07,0,0,1.24265e+07
0,0,0,0,0,2.34274e+07,0,0,1.24265e+07
0,0,0,0,0,2.34359e+07,0,0,1.24265e+07
0,0,0,0,0,2.34445e+07,0,0,1.24265e+07
0,0,0,0,0,2.3453e+07,0,0,1.24265e+07
0,0,0,0,0,2.25386e+07,0,0,1.24265e+07
0,0,0,0,0,2.25468e+07,0,0,1.24265e+07
0,0,0,0,0,2.34183e+07,-554886,554886,1.24265e+07
0,0,0,0,0,2.34244e+07,-553522,553522,1.24265e+07
0,0,0,0,0,2.2621e+07,-552158,552158,1.24265e+07
0,0,0,0,0,2.28947e+07,-722952,722952,1.24265e+07
0,0,0,0,0,2.29006e+07,-721650,721650,1.24265e+07
0,0,0,0,0,2.29065e+07,-720348,720348,1.24265e+07
0,0,0,0,0,2.10017e+07,-719045,719045,1.24265e+07
0,0,0,0,0,2.15656e+07,-1.07682e+06,1.07682e+06,1.24265e+07
0,0,0,0,0,2.1571e+07,-1.07565e+06,1.07565e+06,1.24265e+07
0,0,0,0,0,2.15764e+07,-1.07448e+06,1.07448e+06,1.24265e+07
0,0,38460.7,0,0,2.15818e+07,-1.0733e+06,1.11176e+06,1.24265e+07
0,0,0,0,2.31943e-52,2.05528e+07,0,0,1.24265e+07
0,0,0,0,0,2.056e+07,0,0,1.24265e+07
0,0,0,0,0,2.05673e+07,0,0,1.24265e+07
0,0,0,0,0,2.05745e+07,0,0,1.24265e+07
0,0,0,0,0,2.27894e+07,0,0,1.24265e+07
0,0,0,0,0,2.27974e+07,0,0,1.24265e+07
0,0,0,0,0,2.28054e+07,0,0,1.24265e+07
0,0,0,0,0,2.28134e+07,0,0,1.24265e+07
0,0,0,0,0,1.97673e+07,0,0,1.24265e+07
0,0,0,0,0,1.97743e+07,0,0,1.24265e+07
0,0,0,0,0,1.97812e+07,0,0,1.24265e+07
0,0,0,0,0,1.97882e+07,0,0,1.24265e+07
0,0,0,0,0,1.97951e+07,0,0,1.24265e+07
0,0,0,0,0,2.0561e+07,0,0,1.24265e+07
0,0,0,0,0,2.05682e+07,0,0,1.24265e+07
0,0,0,0,0,2.05754e+07,0,0,1.24265e+07
0,0,0,0,0,2.05827e+07,0,0,1.24265e+07
0,0,0,0,0,2.02937e+07,0,0,1.24265e+07
0,0,0,0,0,2.03009e+07,0,0,1.24265e+07
0,0,0,0,0,2.0308e+07,0,0,1.24265e+07
0,0,0,0,0,2.03151e+07,0,0,1.24265e+07
0,0,0,0,0,2.13518e+07,0,0,1.24265e+07
0,0,0,0,0,2.13592e+07,0,0,1.24265e+07
0,0,0,0,0,2.13667e+07,0,0,1.24265e+07
0,0,0,0,0,2.13742e+07,0,0,1.24265e+07
0,0,0,0,0,2.13817e+07,0,0,1.24265e+07
0,0,0,0,0,2.15852e+07,0,0,1.24265e+07
0,0,0,0,0,2.15928e+07,0,0,1.24265e+07
0,0,0,0,0,2.16003e+07,0,0,1.24265e+07
0,0,0,0,0,2.16079e+07,0,0,1.24265e+07
0,0,0,0,0,2.21317e+07,0,0,1.24265e+07
0,0,0,0,0,2.21395e+07,0,0,1.24265e+07
0,0,0,0,0,2.21472e+07,0,0,1.24265e+07
0,0,0,0,0,2.2155e+07,0,0,1.24265e+07
0,0,0,0,0,2.38557e+07,0,0,1.24265e+07
0,0,0,0,0,2.38641e+07,0,0,1.24265e+07
0,0,0,0,0,2.38724e+07,0,0,1.24265e+07
0,0,0,0,0,2.38808e+07,0,0,1.24265e+07
0,0,0,0,0,2.38891e+07,0,0,1.24265e+07
0,0,0,0,0,2.29573e+07,0,0,1.24265e+07
0,0,0,0,0,2.29654e+07,0,0,1.24265e+07
0,0,0,0,0,2.29734e+07,0,0,1.24265e+07
0,0,0,0,0,2.37347e+07,-484165,484165,1.24265e+07
0,0,0,0,0,2.29162e+07,-482832,482832,1.24265e+07
0,0,0,0,0,2.31947e+07,-656845,656845,1.24265e+07
0,0,0,0,0,2.21805e+07,0,0,1.24265e+07
0,0,0,0,0,2.21883e+07,0,0,1.24265e+07
0,0,0,0,0,2.025e+07,0,0,1.24265e+07
0,0,0,0,0,2.02571e+07,0,0,1.24265e+07
0,0,0,0,0,2.02642e+07,0,0,1.24265e+07
0,0,0,0,0,2.02712e+07,0,0,1.24265e+07
0,0,38840.4,0,0,2.02783e+07,0,38840.4,1.24265e+07
0,0,0,0,2.31943e-52,2.09306e+07,0,0,1.24265e+07
0,0,0,0,0,2.09377e+07,0,0,1.24265e+07
0,0,0,0,0,2.09447e+07,0,0,1.24265e+07
0,0,0,0,0,2.09518e+07,0,0,1.24265e+07
0,0,0,0,0,2.3207e+07,0,0,1.24265e+07
0,0,0,0,0,2.32148e+07,0,0,1.24265e+07
0,0,0,0,0,2.32226e+07,0,0,1.24265e+07
0,0,0,0,0,2.32304e+07,0,0,1.24265e+07
0,0,0,0,0,2.01283e+07,0,0,1.24265e+07
0,0,0,0,0,2.01351e+07,0,0,1.24265e+07
0,0,0,0,0,2.01419e+07,0,0,1.24265e+07
0,0,0,0,0,2.01487e+07,0,0,1.24265e+07
0,0,0,0,0,2.01555e+07,0,0,1.24265e+07
0,0,0,0,0,2.0935e+07,0,0,1.24265e+07
0,0,0,0,0,2.0942e+07,0,0,1.24265e+07
0,0,0,0,0,2.09491e+07,0,0,1.24265e+07
0,0,0,0,0,2.09561e+07,0,0,1.24265e+07
0,0,0,0,0,2.06617e+07,0,0,1.24265e+07
0,0,0,0,0,2.06686e+07,0,0,1.24265e+07
0,0,0,0,0,2.06756e+07,0,0,1.24265e+07
0,0,0,0,0,2.06825e+07,0,0,1.24265e+07
0,0,0,0,0,2.17376e+07,0,0,1.24265e+07
0,0,0,0,0,2.17449e+07,0,0,1.24265e+07
0,0,0,0,0,2.17522e+07,0,0,1.24265e+07
0,0,0,0,0,2.17595e+07,0,0,1.24265e+07
0,0,0,0,0,2.17668e+07,0,0,1.24265e+07
0,0,0,0,0,2.19736e+07,0,0,1.24265e+07
0,0,0,0,0,2.1981e+07,0,0,1.24265e+07
0,0,0,0,0,2.19884e+07,0,0,1.24265e+07
0,0,0,0,0,2.19958e+07,0,0,1.24265e+07
0,0,0,0,0,2.25287e+07,0,0,1.24265e+07
0,0,0,0,0,2.25362e+07,0,0,1.24265e+07
0,0,0,0,0,2.25438e+07,0,0,1.24265e+07
0,0,0,0,0,2.25514e+07,0,0,1.24265e+07
0,0,0,0,0,2.42822e+07,0,0,1.24265e+07
0,0,0,0,0,2.46483e+07,-230110,230110,1.24265e+07
0,0,0,0,0,2.46544e+07,-228746,228746,1.24265e+07
0,0,0,0,0,2.46604e+07,-227383,227383,1.24265e+07
0,0,0,0,0,2.46664e+07,-226018,226018,1.24265e+07
0,0,0,0,0,2.37155e+07,-224654,224654,1.24265e+07
0,0,0,0,0,2.40259e+07,-419079,419079,1.24265e+07
0,0,0,0,0,2.40317e+07,-417780,417780,1.24265e+07
0,0,0,0,0,2.40375e+07,-416480,416480,1.24265e+07
0,0,0,0,0,2.32042e+07,-415180,415180,1.24265e+07
0,0,0,0,0,2.34874e+07,-592337,592337,1.24265e+07
0,0,0,0,0,2.3493e+07,-591097,591097,1.24265e+07
0,0,0,0,0,2.34987e+07,-589855,589855,1.24265e+07
0,0,0,0,0,2.15239e+07,-588614,588614,1.24265e+07
0,0,0,0,0,2.21079e+07,-959546,959546,1.24265e+07
0,0,0,0,0,2.2113e+07,-958429,958429,1.24265e+07
0,0,0,0,0,2.21182e+07,-957312,957312,1.24265e+07
0,0,0,0,0,2.21234e+07,-956194,956194,1.24265e+07
0,0,315712,0,0,2.27851e+07,-955076,1.27079e+06,1.24265e+07
0,0,0,0,2.31943e-52,2.26224e+07,-846036,846036,1.24265e+07
0,0,0,0,0,2.26275e+07,-844924,844924,1.24265e+07
0,0,0,0,0,2.26327e+07,-843812,843812,1.24265e+07
0,0,0,0,0,2.49254e+07,-842699,842699,1.24265e+07
0,0,0,0,0,2.43e+07,-435825,435825,1.24265e+07
0,0,0,0,0,2.43056e+07,-434581,434581,1.24265e+07
0,0,0,0,0,2.36371e+07,0,0,1.24265e+07
0,0,0,0,0,2.04805e+07,0,0,1.24265e+07
0,0,0,0,0,2.04871e+07,0,0,1.24265e+07
0,0,0,0,0,2.04937e+07,0,0,1.24265e+07
0,0,0,0,0,2.05003e+07,0,0,1.24265e+07
0,0,0,0,0,2.05069e+07,0,0,1.24265e+07
0,0,0,0,0,2.12997e+07,0,0,1.24265e+07
0,0,0,0,0,2.13066e+07,0,0,1.24265e+07
0,0,0,0,0,2.13134e+07,0,0,1.24265e+07
0,0,0,0,0,2.13203e+07,0,0,1.24265e+07
0,0,0,0,0,2.10204e+07,0,0,1.24265e+07
0,0,0,0,0,2.10272e+07,0,0,1.24265e+07
0,0,0,0,0,2.10339e+07,0,0,1.24265e+07
0,0,0,0,0,2.10407e+07,0,0,1.24265e+07
0,0,0,0,0,2.21137e+07,0,0,1.24265e+07
0,0,0,0,0,2.21209e+07,0,0,1.24265e+07
0,0,0,0,0,2.2128e+07,0,0,1.24265e+07
0,0,0,0,0,2.21351e+07,0,0,1.24265e+07
0,0,0,0,0,2.21422e+07,0,0,1.24265e+07
0,0,0,0,0,2.23523e+07,0,0,1.24265e+07
0,0,0,0,0,2.23595e+07,0,0,1.24265e+07
0,0,0,0,0,2.23667e+07,0,0,1.24265e+07
0,0,0,0,0,2.23739e+07,0,0,1.24265e+07
0,0,0,0,0,2.29156e+07,0,0,1.24265e+07
0,0,0,0,0,2.2923e+07,0,0,1.24265e+07
0,0,0,0,0,2.29304e+07,0,0,1.24265e+07
0,0,0,0,0,2.29377e+07,0,0,1.24265e+07
0,0,0,0,0,2.46978e+07,0,0,1.24265e+07
0,0,0,0,0,2.47058e+07,0,0,1.24265e+07
0,0,0,0,0,2.49615e+07,-159243,159243,1.24265e+07
0,0,0,0,0,2.49673e+07,-157915,157915,1.24265e+07
0,0,0,0,0,2.49732e+07,-156586,156586,1.24265e+07
0,0,0,0,0,2.40058e+07,-155257,155257,1.24265e+07
0,0,0,0,0,2.43212e+07,-353055,353055,1.24265e+07
0,0,0,0,0,2.43269e+07,-351789,351789,1.24265e+07
0,0,0,0,0,2.43326e+07,-350523,350523,1.24265e+07
0,0,0,0,0,2.34849e+07,-349257,349257,1.24265e+07
0,0,0,0,0,2.37726e+07,-529479,529479,1.24265e+07
0,0,0,0,0,2.37781e+07,-528271,528271,1.24265e+07
0,0,0,0,0,2.37836e+07,-527062,527062,1.24265e+07
0,0,0,0,0,2.17751e+07,-525853,525853,1.24265e+07
0,0,0,0,0,2.23688e+07,-903118,903118,1.24265e+07
0,0,0,0,0,2.23738e+07,-902030,902030,1.24265e+07
0,0,0,0,0,2.23789e+07,-900942,900942,1.24265e+07
0,0,0,0,0,2.23839e+07,-899853,899853,1.24265e+07
0,0,317194,0,0,2.23822e+07,-898764,1.21596e+06,1.24265e+07
0,0,0,0,2.31943e-52,2.30566e+07,-898764,898764,1.24265e+07
0,0,0,0,0,2.28909e+07,-787933,787933,1.24265e+07
0,0,0,0,0,2.28959e+07,-786851,786851,1.24265e+07
0,0,0,0,0,2.29009e+07,-785770,785770,1.24265e+07
0,0,0,0,0,2.52319e+07,-784687,784687,1.24265e+07
0,0,0,0,0,2.45957e+07,-371026,371026,1.24265e+07
0,0,0,0,0,2.46012e+07,-369816,369816,1.24265e+07
0,0,0,0,0,2.46067e+07,-368606,368606,1.24265e+07
0,0,0,0,0,2.08234e+07,0,0,1.24265e+07
0,0,0,0,0,2.08298e+07,0,0,1.24265e+07
0,0,0,0,0,2.08363e+07,0,0,1.24265e+07
0,0,0,0,0,2.08427e+07,0,0,1.24265e+07
0,0,0,0,0,2.08491e+07,0,0,1.24265e+07
0,0,0,0,0,2.16548e+07,0,0,1.24265e+07
0,0,0,0,0,2.16615e+07,0,0,1.24265e+07
0,0,0,0,0,2.16682e+07,0,0,1.24265e+07
0,0,0,0,0,2.16749e+07,0,0,1.24265e+07
0,0,0,0,0,2.13697e+07,0,0,1.24265e+07
0,0,0,0,0,2.13763e+07,0,0,1.24265e+07
0,0,0,0,0,2.13829e+07,0,0,1.24265e+07
0,0,0,0,0,2.13895e+07,0,0,1.24265e+07
0,0,0,0,0,2.248e+07,0,0,1.24265e+07
0,0,0,0,0,2.24869e+07,0,0,1.24265e+07
0,0,0,0,0,2.24938e+07,0,0,1.24265e+07
0,0,0,0,0,2.25007e+07,0,0,1.24265e+07
0,0,0,0,0,2.25077e+07,0,0,1.24265e+07
0,0,0,0,0,2.27209e+07,0,0,1.24265e+07
0,0,0,0,0,2.27279e+07,0,0,1.24265e+07
0,0,0,0,0,2.27349e+07,0,0,1.24265e+07
0,0,0,0,0,2.27419e+07,0,0,1.24265e+07
0,0,0,0,0,2.32922e+07,0,0,1.24265e+07
0,0,0,0,0,2.32993e+07,0,0,1.24265e+07
0,0,0,0,0,2.33065e+07,0,0,1.24265e+07
0,0,0,0,0,2.33137e+07,0,0,1.24265e+07
0,0,0,0,0,2.51023e+07,0,0,1.24265e+07
0,0,0,0,0,2.511e+07,0,0,1.24265e+07
0,0,0,0,0,2.52603e+07,-91613.4,91613.4,1.24265e+07
0,0,0,0,0,2.5266e+07,-90321.4,90321.4,1.24265e+07
0,0,0,0,0,2.52717e+07,-89029.1,89029.1,1.24265e+07
0,0,0,0,0,2.42883e+07,-87736.8,87736.8,1.24265e+07
0,0,0,0,0,2.46086e+07,-288819,288819,1.24265e+07
0,0,0,0,0,2.46141e+07,-287588,287588,1.24265e+07
0,0,0,0,0,2.46196e+07,-286357,286357,1.24265e+07
0,0,0,0,0,2.37579e+07,-285125,285125,1.24265e+07
0,0,0,0,0,2.40501e+07,-468332,468332,1.24265e+07
0,0,0,0,0,2.40554e+07,-467157,467157,1.24265e+07
0,0,0,0,0,2.40607e+07,-465981,465981,1.24265e+07
0,0,0,0,0,2.20195e+07,-464805,464805,1.24265e+07
0,0,0,0,0,2.26226e+07,-848233,848233,1.24265e+07
0,0,0,0,0,2.26275e+07,-847175,847175,1.24265e+07
0,0,0,0,0,2.1316e+07,0,0,1.24265e+07
0,0,321477,0,0,2.13225e+07,0,321477,1.24265e+07
0,0,0,0,2.31943e-52,2.20075e+07,0,0,1.24265e+07
0,0,0,0,0,2.2014e+07,0,0,1.24265e+07
0,0,0,0,0,2.20205e+07,0,0,1.24265e+07
0,0,0,0,0,2.20269e+07,0,0,1.24265e+07
0,0,0,0,0,2.43968e+07,0,0,1.24265e+07
0,0,0,0,0,2.4404e+07,0,0,1.24265e+07
0,0,0,0,0,2.44112e+07,0,0,1.24265e+07
0,0,0,0,0,2.44184e+07,0,0,1.24265e+07
0,0,0,0,0,2.11568e+07,0,0,1.24265e+07
0,0,0,0,0,2.1163e+07,0,0,1.24265e+07
0,0,0,0,0,2.11693e+07,0,0,1.24265e+07
0,0,0,0,0,2.11755e+07,0,0,1.24265e+07
0,0,0,0,0,2.11817e+07,0,0,1.24265e+07
0,0,0,0,0,2.2e+07,0,0,1.24265e+07
0,0,0,0,0,2.20065e+07,0,0,1.24265e+07
0,0,0,0,0,2.2013e+07,0,0,1.24265e+07
0,0,0,0,0,2.20195e+07,0,0,1.24265e+07
0,0,0,0,0,2.17091e+07,0,0,1.24265e+07
0,0,0,0,0,2.17155e+07,0,0,1.24265e+07
0,0,0,0,0,2.17219e+07,0,0,1.24265e+07
0,0,0,0,0,2.17283e+07,0,0,1.24265e+07
0,0,0,0,0,2.28358e+07,0,0,1.24265e+07
0,0,0,0,0,2.28425e+07,0,0,1.24265e+07
0,0,0,0,0,2.28492e+07,0,0,1.24265e+07
0,0,0,0,0,2.28559e+07,0,0,1.24265e+07
0,0,0,0,0,2.28627e+07,0,0,1.24265e+07
0,0,0,0,0,2.30789e+07,0,0,1.24265e+07
0,0,0,0,0,2.30857e+07,0,0,1.24265e+07
0,0,0,0,0,2.30925e+07,0,0,1.24265e+07
0,0,0,0,0,2.30993e+07,0,0,1.24265e+07
0,0,0,0,0,2.36579e+07,0,0,1.24265e+07
0,0,0,0,0,2.36649e+07,0,0,1.24265e+07
0,0,0,0,0,2.36719e+07,0,0,1.24265e+07
0,0,0,0,0,2.36788e+07,0,0,1.24265e+07
0,0,0,0,0,2.54951e+07,0,0,1.24265e+07
0,0,0,0,0,2.55026e+07,0,0,1.24265e+07
0,0,0,0,0,2.55504e+07,-25937.1,25937.1,1.24265e+07
0,0,0,0,0,2.55559e+07,-24683.1,24683.1,1.24265e+07
0,0,0,0,0,2.55615e+07,-23429.2,23429.2,1.24265e+07
0,0,0,0,0,2.45625e+07,-22174.9,22174.9,1.24265e+07
0,0,0,0,0,2.48875e+07,-226448,226448,1.24265e+07
0,0,0,0,0,2.48929e+07,-225253,225253,1.24265e+07
0,0,0,0,0,2.48982e+07,-224059,224059,1.24265e+07
0,0,0,0,0,2.40229e+07,-222864,222864,1.24265e+07
0,0,0,0,0,2.43194e+07,-408970,408970,1.24265e+07
0,0,0,0,0,2.43246e+07,-407830,407830,1.24265e+07
0,0,0,0,0,2.43298e+07,-406689,406689,1.24265e+07
0,0,0,0,0,2.22567e+07,-405548,405548,1.24265e+07
0,0,0,0,0,2.28689e+07,-794959,794959,1.24265e+07
0,0,0,0,0,2.28736e+07,-793932,793932,1.24265e+07
0,0,0,0,0,2.28784e+07,-792906,792906,1.24265e+07
0,0,323916,0,0,2.28831e+07,-791879,1.11579e+06,1.24265e+07
0,0,0,0,2.31943e-52,2.35768e+07,-790851,790851,1.24265e+07
0,0,0,0,0,2.34053e+07,-676595,676595,1.24265e+07
0,0,0,0,0,2.341e+07,-675577,675577,1.24265e+07
0,0,0,0,0,2.34147e+07,-674560,674560,1.24265e+07
0,0,0,0,0,2.5819e+07,-673542,673542,1.24265e+07
0,0,0,0,0,2.51622e+07,-246884,246884,1.24265e+07
0,0,0,0,0,2.51674e+07,-245746,245746,1.24265e+07
0,0,0,0,0,2.51726e+07,-244608,244608,1.24265e+07
0,0,0,0,0,2.18591e+07,-243469,243469,1.24265e+07
0,0,0,0,0,2.2753e+07,-814186,814186,1.24265e+07
0,0,0,0,0,2.27576e+07,-813208,813208,1.24265e+07
0,0,0,0,0,2.14984e+07,0,0,1.24265e+07
0,0,0,0,0,2.15044e+07,0,0,1.24265e+07
0,0,0,0,0,2.23349e+07,0,0,1.24265e+07
0,0,0,0,0,2.23412e+07,0,0,1.24265e+07
0,0,0,0,0,2.23474e+07,0,0,1.24265e+07
0,0,0,0,0,2.23537e+07,0,0,1.24265e+07
0,0,0,0,0,2.20384e+07,0,0,1.24265e+07
0,0,0,0,0,2.20446e+07,0,0,1.24265e+07
0,0,0,0,0,2.20508e+07,0,0,1.24265e+07
0,0,0,0,0,2.2057e+07,0,0,1.24265e+07
0,0,0,0,0,2.31809e+07,0,0,1.24265e+07
0,0,0,0,0,2.31874e+07,0,0,1.24265e+07
0,0,0,0,0,2.31939e+07,0,0,1.24265e+07
0,0,0,0,0,2.32004e+07,0,0,1.24265e+07
0,0,0,0,0,2.32069e+07,0,0,1.24265e+07
0,0,0,0,0,2.34261e+07,0,0,1.24265e+07
0,0,0,0,0,2.34327e+07,0,0,1.24265e+07
0,0,0,0,0,2.34393e+07,0,0,1.24265e+07
0,0,0,0,0,2.34459e+07,0,0,1.24265e+07
0,0,0,0,0,2.40126e+07,0,0,1.24265e+07
0,0,0,0,0,2.40193e+07,0,0,1.24265e+07
0,0,0,0,0,2.40261e+07,0,0,1.24265e+07
0,0,0,0,0,2.40328e+07,0,0,1.24265e+07
0,0,0,0,0,2.58759e+07,0,0,1.24265e+07
0,0,0,0,0,2.58831e+07,0,0,1.24265e+07
0,0,0,0,0,2.58904e+07,0,0,1.24265e+07
0,0,0,0,0,2.58976e+07,0,0,1.24265e+07
0,0,0,0,0,2.59049e+07,0,0,1.24265e+07
0,0,0,0,0,2.48927e+07,0,0,1.24265e+07
0,0,0,0,0,2.51579e+07,-165993,165993,1.24265e+07
0,0,0,0,0,2.51631e+07,-164835,164835,1.24265e+07
0,0,0,0,0,2.51683e+07,-163678,163678,1.24265e+07
0,0,0,0,0,2.42798e+07,-162520,162520,1.24265e+07
0,0,0,0,0,2.45804e+07,-351439,351439,1.24265e+07
0,0,0,0,0,2.45854e+07,-350334,350334,1.24265e+07
0,0,0,0,0,2.40471e+07,0,0,1.24265e+07
0,0,0,0,0,2.19449e+07,0,0,1.24265e+07
0,0,0,0,0,2.19511e+07,0,0,1.24265e+07
0,0,0,0,0,2.19572e+07,0,0,1.24265e+07
0,0,0,0,0,2.19634e+07,0,0,1.24265e+07
0,0,330120,0,0,2.19695e+07,0,330120,1.24265e+07
0,0,0,0,2.31943e-52,2.26747e+07,0,0,1.24265e+07
0,0,0,0,0,2.26808e+07,0,0,1.24265e+07
0,0,0,0,0,2.26868e+07,0,0,1.24265e+07
0,0,0,0,0,2.26929e+07,0,0,1.24265e+07
0,0,0,0,0,2.51338e+07,0,0,1.24265e+07
0,0,0,0,0,2.51405e+07,0,0,1.24265e+07
0,0,0,0,0,2.51473e+07,0,0,1.24265e+07
0,0,0,0,0,2.5154e+07,0,0,1.24265e+07
0,0,0,0,0,2.17936e+07,0,0,1.24265e+07
0,0,0,0,0,2.17994e+07,0,0,1.24265e+07
0,0,0,0,0,2.18053e+07,0,0,1.24265e+07
0,0,0,0,0,2.18111e+07,0,0,1.24265e+07
0,0,0,0,0,2.1817e+07,0,0,1.24265e+07
0,0,0,0,0,2.26592e+07,0,0,1.24265e+07
0,0,0,0,0,2.26653e+07,0,0,1.24265e+07
0,0,0,0,0,2.26713e+07,0,0,1.24265e+07
0,0,0,0,0,2.26774e+07,0,0,1.24265e+07
0,0,0,0,0,2.23572e+07,0,0,1.24265e+07
0,0,0,0,0,2.23632e+07,0,0,1.24265e+07
0,0,0,0,0,2.23692e+07,0,0,1.24265e+07
0,0,0,0,0,2.23752e+07,0,0,1.24265e+07
0,0,0,0,0,2.3515e+07,0,0,1.24265e+07
0,0,0,0,0,2.35213e+07,0,0,1.24265e+07
0,0,0,0,0,2.35276e+07,0,0,1.24265e+07
0,0,0,0,0,2.35339e+07,0,0,1.24265e+07
0,0,0,0,0,2.35402e+07,0,0,1.24265e+07
0,0,0,0,0,2.37623e+07,0,0,1.24265e+07
0,0,0,0,0,2.37687e+07,0,0,1.24265e+07
0,0,0,0,0,2.3775e+07,0,0,1.24265e+07
0,0,0,0,0,2.37814e+07,0,0,1.24265e+07
0,0,0,0,0,2.49029e+07,-351583,351583,1.24265e+07
0,0,0,0,0,2.47579e+07,-254203,254203,1.24265e+07
0,0,0,0,0,2.47627e+07,-253122,253122,1.24265e+07
0,0,0,0,0,2.47676e+07,-252041,252041,1.24265e+07
0,0,0,0,0,2.66349e+07,-250959,250959,1.24265e+07
0,0,0,0,0,2.62515e+07,0,0,1.24265e+07
0,0,0,0,0,2.62585e+07,0,0,1.24265e+07
0,0,0,0,0,2.62655e+07,0,0,1.24265e+07
0,0,0,0,0,2.62725e+07,0,0,1.24265e+07
0,0,0,0,0,2.52456e+07,0,0,1.24265e+07
0,0,0,0,0,2.54196e+07,-107484,107484,1.24265e+07
0,0,0,0,0,2.54246e+07,-106365,106365,1.24265e+07
0,0,0,0,0,2.54296e+07,-105245,105245,1.24265e+07
0,0,0,0,0,2.45283e+07,-104126,104126,1.24265e+07
0,0,0,0,0,2.4833e+07,-295766,295766,1.24265e+07
0,0,0,0,0,2.48378e+07,-294698,294698,1.24265e+07
0,0,0,0,0,2.48427e+07,-293629,293629,1.24265e+07
0,0,0,0,0,2.27089e+07,-292560,292560,1.24265e+07
0,0,0,0,0,2.33385e+07,-693385,693385,1.24265e+07
0,0,0,0,0,2.33429e+07,-692423,692423,1.24265e+07
0,0,0,0,0,2.33474e+07,-691461,691461,1.24265e+07
0,0,3.13937e+06,0,0,2.33519e+07,-690498,3.82987e+06,1.24265e+07
0,0,0,0,2.31943e-52,2.40651e+07,-689536,689536,1.24265e+07
0,0,0,0,0,2.38882e+07,-572067,572067,1.24265e+07
0,0,0,0,0,2.38927e+07,-571114,571114,1.24265e+07
0,0,0,0,0,2.38971e+07,-570160,570160,1.24265e+07
0,0,0,0,0,2.54846e+07,0,0,1.24265e+07
0,0,0,0,0,2.54912e+07,0,0,1.24265e+07
0,0,0,0,0,2.54977e+07,0,0,1.24265e+07
0,0,0,0,0,2.55042e+07,0,0,1.24265e+07
0,0,0,0,0,2.20968e+07,0,0,1.24265e+07
0,0,0,0,0,2.21024e+07,0,0,1.24265e+07
0,0,0,0,0,2.21081e+07,0,0,1.24265e+07
0,0,0,0,0,2.21137e+07,0,0,1.24265e+07
0,0,0,0,0,2.21194e+07,0,0,1.24265e+07
0,0,0,0,0,2.2973e+07,0,0,1.24265e+07
0,0,0,0,0,2.29789e+07,0,0,1.24265e+07
0,0,0,0,0,2.29848e+07,0,0,1.24265e+07
0,0,0,0,0,2.29907e+07,0,0,1.24265e+07
0,0,0,0,0,2.26658e+07,0,0,1.24265e+07
0,0,0,0,0,2.26716e+07,0,0,1.24265e+07
0,0,0,0,0,2.26774e+07,0,0,1.24265e+07
0,0,0,0,0,2.26832e+07,0,0,1.24265e+07
0,0,0,0,0,2.38384e+07,0,0,1.24265e+07
0,0,0,0,0,2.38445e+07,0,0,1.24265e+07
0,0,0,0,0,2.38506e+07,0,0,1.24265e+07
0,0,0,0,0,2.38567e+07,0,0,1.24265e+07
0,0,0,0,0,2.38628e+07,0,0,1.24265e+07
0,0,0,0,0,2.40876e+07,0,0,1.24265e+07
0,0,0,0,0,2.40938e+07,0,0,1.24265e+07
0,0,0,0,0,2.40999e+07,0,0,1.24265e+07
0,0,0,0,0,2.41061e+07,0,0,1.24265e+07
0,0,0,0,0,2.46881e+07,0,0,1.24265e+07
0,0,0,0,0,2.46944e+07,0,0,1.24265e+07
0,0,0,0,0,2.47008e+07,0,0,1.24265e+07
0,0,0,0,0,2.47071e+07,0,0,1.24265e+07
0,0,0,0,0,2.69061e+07,-195974,195974,1.24265e+07
0,0,0,0,0,2.6608e+07,0,0,1.24265e+07
0,0,0,0,0,2.66148e+07,0,0,1.24265e+07
0,0,0,0,0,2.66216e+07,0,0,1.24265e+07
0,0,0,0,0,2.66284e+07,0,0,1.24265e+07
0,0,0,0,0,2.55873e+07,0,0,1.24265e+07
0,0,0,0,0,2.56729e+07,-50853.2,50853.2,1.24265e+07
0,0,0,0,0,2.56778e+07,-49769.7,49769.7,1.24265e+07
0,0,0,0,0,2.56826e+07,-48686.1,48686.1,1.24265e+07
0,0,0,0,0,2.47689e+07,-47602.2,47602.2,1.24265e+07
0,0,0,0,0,2.50775e+07,-241878,241878,1.24265e+07
0,0,0,0,0,2.50822e+07,-240844,240844,1.24265e+07
0,0,0,0,0,2.50869e+07,-239809,239809,1.24265e+07
0,0,0,0,0,2.29242e+07,-238774,238774,1.24265e+07
0,0,0,0,0,2.3562e+07,-645033,645033,1.24265e+07
0,0,0,0,0,2.35663e+07,-644102,644102,1.24265e+07
0,0,0,0,0,2.35707e+07,-643170,643170,1.24265e+07
0,0,0,0,0,2.3575e+07,-642239,642239,1.24265e+07
0,0,3.24713e+06,0,0,2.42976e+07,-641307,3.88843e+06,1.24265e+07
0,0,0,0,2.31943e-52,2.41181e+07,-522309,522309,1.24265e+07
0,0,0,0,0,2.41224e+07,-521386,521386,1.24265e+07
0,0,0,0,0,2.41267e+07,-520462,520462,1.24265e+07
0,0,0,0,0,2.66326e+07,-519538,519538,1.24265e+07
0,0,0,0,0,2.59471e+07,-74878.9,74878.9,1.24265e+07
0,0,0,0,0,2.59518e+07,-73846.3,73846.3,1.24265e+07
0,0,0,0,0,2.59566e+07,-72813.5,72813.5,1.24265e+07
0,0,0,0,0,2.25019e+07,-71780.3,71780.3,1.24265e+07
0,0,0,0,0,2.34332e+07,-666829,666829,1.24265e+07
0,0,0,0,0,2.34373e+07,-665941,665941,1.24265e+07
0,0,0,0,0,2.34414e+07,-665054,665054,1.24265e+07
0,0,0,0,0,2.34455e+07,-664166,664166,1.24265e+07
0,0,0,0,0,2.43088e+07,-663278,663278,1.24265e+07
0,0,0,0,0,2.32825e+07,0,0,1.24265e+07
0,0,0,0,0,2.32882e+07,0,0,1.24265e+07
0,0,0,0,0,2.32939e+07,0,0,1.24265e+07
0,0,0,0,0,2.29645e+07,0,0,1.24265e+07
0,0,0,0,0,2.29701e+07,0,0,1.24265e+07
0,0,0,0,0,2.29757e+07,0,0,1.24265e+07
0,0,0,0,0,2.29814e+07,0,0,1.24265e+07
0,0,0,0,0,2.41515e+07,0,0,1.24265e+07
0,0,0,0,0,2.41574e+07,0,0,1.24265e+07
0,0,0,0,0,2.41633e+07,0,0,1.24265e+07
0,0,0,0,0,2.41692e+07,0,0,1.24265e+07
0,0,0,0,0,2.41751e+07,0,0,1.24265e+07
0,0,0,0,0,2.44026e+07,0,0,1.24265e+07
0,0,0,0,0,2.44085e+07,0,0,1.24265e+07
0,0,0,0,0,2.44145e+07,0,0,1.24265e+07
0,0,0,0,0,2.44205e+07,0,0,1.24265e+07
0,0,0,0,0,2.50098e+07,0,0,1.24265e+07
0,0,0,0,0,2.52427e+07,-145775,145775,1.24265e+07
0,0,0,0,0,2.52473e+07,-144761,144761,1.24265e+07
0,0,0,0,0,2.52518e+07,-143748,143748,1.24265e+07
0,0,0,0,0,2.71686e+07,-142734,142734,1.24265e+07
0,0,0,0,0,2.69532e+07,0,0,1.24265e+07
0,0,0,0,0,2.69597e+07,0,0,1.24265e+07
0,0,0,0,0,2.69663e+07,0,0,1.24265e+07
0,0,0,0,0,2.69729e+07,0,0,1.24265e+07
0,0,0,0,0,2.5918e+07,0,0,1.24265e+07
0,0,0,0,0,2.59244e+07,0,0,1.24265e+07
0,0,0,0,0,2.59307e+07,0,0,1.24265e+07
0,0,0,0,0,2.5937e+07,0,0,1.24265e+07
0,0,0,0,0,2.5013e+07,0,0,1.24265e+07
0,0,0,0,0,2.53142e+07,-189697,189697,1.24265e+07
0,0,0,0,0,2.53187e+07,-188696,188696,1.24265e+07
0,0,0,0,0,2.53233e+07,-187694,187694,1.24265e+07
0,0,0,0,0,2.31327e+07,-186692,186692,1.24265e+07
0,0,0,0,0,2.37785e+07,-598211,598211,1.24265e+07
0,0,0,0,0,2.37827e+07,-597310,597310,1.24265e+07
0,0,0,0,0,2.37869e+07,-596408,596408,1.24265e+07
0,0,0,0,0,2.3791e+07,-595507,595507,1.24265e+07
0,0,3.24404e+06,0,0,2.37896e+07,-594605,3.83864e+06,1.24265e+07
0,0,0,0,2.31943e-52,2.45227e+07,-594605,594605,1.24265e+07
0,0,0,0,0,2.43408e+07,-474127,474127,1.24265e+07
0,0,0,0,0,2.43449e+07,-473234,473234,1.24265e+07
0,0,0,0,0,2.4349e+07,-472341,472341,1.24265e+07
0,0,0,0,0,2.68867e+07,-471448,471448,1.24265e+07
0,0,0,0,0,2.61593e+07,0,0,1.24265e+07
0,0,0,0,0,2.61654e+07,0,0,1.24265e+07
0,0,0,0,0,2.61715e+07,0,0,1.24265e+07
0,0,0,0,0,2.26744e+07,0,0,1.24265e+07
0,0,0,0,0,2.26797e+07,0,0,1.24265e+07
0,0,0,0,0,2.2685e+07,0,0,1.24265e+07
0,0,0,0,0,2.26903e+07,0,0,1.24265e+07
0,0,0,0,0,2.26956e+07,0,0,1.24265e+07
0,0,0,0,0,2.35709e+07,0,0,1.24265e+07
0,0,0,0,0,2.35764e+07,0,0,1.24265e+07
0,0,0,0,0,2.35819e+07,0,0,1.24265e+07
0,0,0,0,0,2.35874e+07,0,0,1.24265e+07
0,0,0,0,0,2.32536e+07,0,0,1.24265e+07
0,0,0,0,0,2.3259e+07,0,0,1.24265e+07
0,0,0,0,0,2.32645e+07,0,0,1.24265e+07
0,0,0,0,0,2.32699e+07,0,0,1.24265e+07
0,0,0,0,0,2.44544e+07,0,0,1.24265e+07
0,0,0,0,0,2.44601e+07,0,0,1.24265e+07
0,0,0,0,0,2.44659e+07,0,0,1.24265e+07
0,0,0,0,0,2.44716e+07,0,0,1.24265e+07
0,0,0,0,0,2.44773e+07,0,0,1.24265e+07
0,0,0,0,0,2.51917e+07,-311332,311332,1.24265e+07
0,0,0,0,0,2.50213e+07,-198142,198142,1.24265e+07
0,0,0,0,0,2.50256e+07,-197186,197186,1.24265e+07
0,0,0,0,0,2.50299e+07,-196231,196231,1.24265e+07
0,0,0,0,0,2.56248e+07,-195275,195275,1.24265e+07
0,0,0,0,0,2.54735e+07,-94176.4,94176.4,1.24265e+07
0,0,0,0,0,2.54778e+07,-93196.9,93196.9,1.24265e+07
0,0,0,0,0,2.54822e+07,-92217.4,92217.4,1.24265e+07
0,0,0,0,0,2.74226e+07,-91237.6,91237.6,1.24265e+07
0,0,0,0,0,2.7287e+07,0,0,1.24265e+07
0,0,0,0,0,2.72934e+07,0,0,1.24265e+07
0,0,0,0,0,2.72997e+07,0,0,1.24265e+07
0,0,0,0,0,2.73061e+07,0,0,1.24265e+07
0,0,0,0,0,2.62379e+07,0,0,1.24265e+07
0,0,0,0,0,2.6244e+07,0,0,1.24265e+07
0,0,0,0,0,2.62502e+07,0,0,1.24265e+07
0,0,0,0,0,2.62563e+07,0,0,1.24265e+07
0,0,0,0,0,2.53206e+07,0,0,1.24265e+07
0,0,0,0,0,2.55431e+07,-139242,139242,1.24265e+07
0,0,0,0,0,2.55475e+07,-138273,138273,1.24265e+07
0,0,0,0,0,2.55519e+07,-137306,137306,1.24265e+07
0,0,0,0,0,2.33342e+07,-136337,136337,1.24265e+07
0,0,0,0,0,2.39878e+07,-552945,552945,1.24265e+07
0,0,0,0,0,2.39918e+07,-552073,552073,1.24265e+07
0,0,0,0,0,2.39958e+07,-551202,551202,1.24265e+07
0,0,3.27033e+06,0,0,2.39999e+07,-550330,3.82066e+06,1.24265e+07
0,0,0,0,2.31943e-52,2.47403e+07,-549458,549458,1.24265e+07
0,0,0,0,2.31943e-52,2.45559e+07,-427552,427552,1.24265e+07
0,0,0,0,0,2.45599e+07,-426690,426690,1.24265e+07
0,0,0,0,0,2.45639e+07,-425828,425828,1.24265e+07
0,0,0,0,0,2.71322e+07,-424966,424966,1.24265e+07
0,0,0,0,0,2.64769e+07,0,0,1.24265e+07
0,0,0,0,0,2.64828e+07,0,0,1.24265e+07
0,0,0,0,0,2.64887e+07,0,0,1.24265e+07
0,0,0,0,0,2.2949e+07,0,0,1.24265e+07
0,0,0,0,0,2.38508e+07,-576356,576356,1.24265e+07
0,0,0,0,0,2.38546e+07,-575527,575527,1.24265e+07
0,0,0,0,0,2.38584e+07,-574699,574699,1.24265e+07
0,0,0,0,0,2.38623e+07,-573871,573871,1.24265e+07
0,0,0,0,0,2.3855e+07,0,0,1.24265e+07
0,0,0,0,0,2.38604e+07,0,0,1.24265e+07
0,0,0,0,0,2.38657e+07,0,0,1.24265e+07
0,0,0,0,0,2.3871e+07,0,0,1.24265e+07
0,0,0,0,0,2.35329e+07,0,0,1.24265e+07
0,0,0,0,0,2.35381e+07,0,0,1.24265e+07
0,0,0,0,0,2.35434e+07,0,0,1.24265e+07
0,0,0,0,0,2.35486e+07,0,0,1.24265e+07
0,0,0,0,0,2.47471e+07,0,0,1.24265e+07
0,0,0,0,0,2.47526e+07,0,0,1.24265e+07
0,0,0,0,0,2.47581e+07,0,0,1.24265e+07
0,0,0,0,0,2.47636e+07,0,0,1.24265e+07
0,0,0,0,0,2.47691e+07,0,0,1.24265e+07
0,0,0,0,0,2.50016e+07,0,0,1.24265e+07
0,0,0,0,0,2.50072e+07,0,0,1.24265e+07
0,0,0,0,0,2.50128e+07,0,0,1.24265e+07
0,0,0,0,0,2.52479e+07,-147520,147520,1.24265e+07
0,0,0,0,0,2.58496e+07,-146598,146598,1.24265e+07
0,0,0,0,0,2.56963e+07,-44344.2,44344.2,1.24265e+07
0,0,0,0,0,2.57005e+07,-43399.1,43399.1,1.24265e+07
0,0,0,0,0,2.57047e+07,-42453.6,42453.6,1.24265e+07
0,0,0,0,0,2.76679e+07,-41508.1,41508.1,1.24265e+07
0,0,0,0,0,2.76094e+07,0,0,1.24265e+07
0,0,0,0,0,2.76156e+07,0,0,1.24265e+07
0,0,0,0,0,2.76217e+07,0,0,1.24265e+07
0,0,0,0,0,2.76278e+07,0,0,1.24265e+07
0,0,0,0,0,2.65468e+07,0,0,1.24265e+07
0,0,0,0,0,2.65527e+07,0,0,1.24265e+07
0,0,0,0,0,2.65586e+07,0,0,1.24265e+07
0,0,0,0,0,2.65645e+07,0,0,1.24265e+07
0,0,0,0,0,2.56175e+07,0,0,1.24265e+07
0,0,0,0,0,2.57641e+07,-90532.9,90532.9,1.24265e+07
0,0,0,0,0,2.57683e+07,-89598.7,89598.7,1.24265e+07
0,0,0,0,0,2.57725e+07,-88664.6,88664.6,1.24265e+07
0,0,0,0,0,2.35288e+07,-87730.1,87730.1,1.24265e+07
0,0,0,0,0,2.41898e+07,-509250,509250,1.24265e+07
0,0,0,0,0,2.41937e+07,-508410,508410,1.24265e+07
0,0,0,0,0,2.41976e+07,-507569,507569,1.24265e+07
0,0,3.31176e+06,0,0,2.42014e+07,-506728,3.81849e+06,1.24265e+07
0,0,0,0,0,2.49503e+07,-505886,505886,1.24265e+07
0,0,0,0,0,2.47636e+07,-382602,382602,1.24265e+07
0,0,0,0,0,2.47674e+07,-381772,381772,1.24265e+07
0,0,0,0,0,2.41786e+07,0,0,1.24265e+07
0,0,0,0,0,2.67777e+07,0,0,1.24265e+07
0,0,0,0,0,2.67834e+07,0,0,1.24265e+07
0,0,0,0,0,2.67891e+07,0,0,1.24265e+07
0,0,0,0,0,2.67948e+07,0,0,1.24265e+07
0,0,0,0,0,2.32139e+07,0,0,1.24265e+07
0,0,0,0,0,2.32188e+07,0,0,1.24265e+07
0,0,0,0,0,2.32237e+07,0,0,1.24265e+07
0,0,0,0,0,2.32286e+07,0,0,1.24265e+07
0,0,0,0,0,2.32336e+07,0,0,1.24265e+07
0,0,0,0,0,2.41291e+07,0,0,1.24265e+07
0,0,0,0,0,2.41343e+07,0,0,1.24265e+07
0,0,0,0,0,2.41394e+07,0,0,1.24265e+07
0,0,0,0,0,2.41445e+07,0,0,1.24265e+07
0,0,0,0,0,2.38023e+07,0,0,1.24265e+07
0,0,0,0,0,2.38073e+07,0,0,1.24265e+07
0,0,0,0,0,2.38124e+07,0,0,1.24265e+07
0,0,0,0,0,2.38174e+07,0,0,1.24265e+07
0,0,0,0,0,2.50293e+07,0,0,1.24265e+07
0,0,0,0,0,2.50346e+07,0,0,1.24265e+07
0,0,0,0,0,2.50399e+07,0,0,1.24265e+07
0,0,0,0,0,2.50452e+07,0,0,1.24265e+07
0,0,0,0,0,2.50505e+07,0,0,1.24265e+07
0,0,0,0,0,2.52854e+07,0,0,1.24265e+07
0,0,0,0,0,2.52908e+07,0,0,1.24265e+07
0,0,0,0,0,2.52961e+07,0,0,1.24265e+07
0,0,0,0,0,2.54579e+07,-100564,100564,1.24265e+07
0,0,0,0,0,2.60663e+07,-99675.9,99675.9,1.24265e+07
0,0,0,0,0,2.59168e+07,0,0,1.24265e+07
0,0,0,0,0,2.59222e+07,0,0,1.24265e+07
0,0,0,0,0,2.59277e+07,0,0,1.24265e+07
0,0,0,0,0,2.79142e+07,0,0,1.24265e+07
0,0,0,0,0,2.79201e+07,0,0,1.24265e+07
0,0,0,0,0,2.7926e+07,0,0,1.24265e+07
0,0,0,0,0,2.79319e+07,0,0,1.24265e+07
0,0,0,0,0,2.79378e+07,0,0,1.24265e+07
0,0,0,0,0,2.68444e+07,0,0,1.24265e+07
0,0,0,0,0,2.68501e+07,0,0,1.24265e+07
0,0,0,0,0,2.68557e+07,0,0,1.24265e+07
0,0,0,0,0,2.68614e+07,0,0,1.24265e+07
0,0,0,0,0,2.59036e+07,0,0,1.24265e+07
0,0,0,0,0,2.59769e+07,-43607.5,43607.5,1.24265e+07
0,0,0,0,0,2.5981e+07,-42708,42708,1.24265e+07
0,0,0,0,0,2.59851e+07,-41808.2,41808.2,1.24265e+07
0,0,0,0,0,2.37161e+07,-40908.5,40908.5,1.24265e+07
0,0,0,0,0,2.43843e+07,-467163,467163,1.24265e+07
0,0,0,0,0,2.43881e+07,-466353,466353,1.24265e+07
0,0,0,0,0,2.43918e+07,-465544,465544,1.24265e+07
0,0,1.47327e+07,0,0,2.43956e+07,-464734,1.51975e+07,1.24265e+07
0,0,0,0,0,2.44307e+07,0,0,1.24265e+07
0,0,0,0,0,2.44356e+07,0,0,1.24265e+07
0,0,0,0,0,2.44406e+07,0,0,1.24265e+07
0,0,0,0,0,2.44455e+07,0,0,1.24265e+07
0,0,0,0,0,2.75972e+07,-336925,336925,1.24265e+07
0,0,0,0,0,2.70785e+07,0,0,1.24265e+07
0,0,0,0,0,2.70839e+07,0,0,1.24265e+07
0,0,0,0,0,2.70894e+07,0,0,1.24265e+07
0,0,0,0,0,2.34689e+07,0,0,1.24265e+07
0,0,0,0,0,2.34736e+07,0,0,1.24265e+07
0,0,0,0,0,2.34783e+07,0,0,1.24265e+07
0,0,0,0,0,2.3483e+07,0,0,1.24265e+07
0,0,0,0,0,2.34878e+07,0,0,1.24265e+07
0,0,0,0,0,2.43929e+07,0,0,1.24265e+07
0,0,0,0,0,2.43978e+07,0,0,1.24265e+07
0,0,0,0,0,2.44027e+07,0,0,1.24265e+07
0,0,0,0,0,2.44076e+07,0,0,1.24265e+07
0,0,0,0,0,2.40614e+07,0,0,1.24265e+07
0,0,0,0,0,2.40662e+07,0,0,1.24265e+07
0,0,0,0,0,2.40711e+07,0,0,1.24265e+07
0,0,0,0,0,2.40759e+07,0,0,1.24265e+07
0,0,0,0,0,2.53007e+07,0,0,1.24265e+07
0,0,0,0,0,2.53058e+07,0,0,1.24265e+07
0,0,0,0,0,2.53109e+07,0,0,1.24265e+07
0,0,0,0,0,2.5316e+07,0,0,1.24265e+07
0,0,0,0,0,2.53211e+07,0,0,1.24265e+07
0,0,0,0,0,2.55582e+07,0,0,1.24265e+07
0,0,0,0,0,2.55634e+07,0,0,1.24265e+07
0,0,0,0,0,2.56561e+07,-56276,56276,1.24265e+07
0,0,0,0,0,2.56599e+07,-55423.6,55423.6,1.24265e+07
0,0,0,0,0,2.62746e+07,-54570.8,54570.8,1.24265e+07
0,0,0,0,0,2.6195e+07,0,0,1.24265e+07
0,0,0,0,0,2.62003e+07,0,0,1.24265e+07
0,0,0,0,0,2.62055e+07,0,0,1.24265e+07
0,0,0,0,0,2.8213e+07,0,0,1.24265e+07
0,0,0,0,0,2.82187e+07,0,0,1.24265e+07
0,0,0,0,0,2.82243e+07,0,0,1.24265e+07
0,0,0,0,0,2.823e+07,0,0,1.24265e+07
0,0,0,0,0,2.82357e+07,0,0,1.24265e+07
0,0,0,0,0,2.71303e+07,0,0,1.24265e+07
0,0,0,0,0,2.71357e+07,0,0,1.24265e+07
0,0,0,0,0,2.71412e+07,0,0,1.24265e+07
0,0,0,0,0,2.71466e+07,0,0,1.24265e+07
0,0,0,0,0,2.61783e+07,0,0,1.24265e+07
0,0,0,0,0,2.61836e+07,0,0,1.24265e+07
0,0,0,0,0,2.61889e+07,0,0,1.24265e+07
0,0,0,0,0,2.61941e+07,0,0,1.24265e+07
0,0,0,0,0,2.39024e+07,0,0,1.24265e+07
0,0,0,0,0,2.45711e+07,-426753,426753,1.24265e+07
0,0,0,0,0,2.45747e+07,-425975,425975,1.24265e+07
0,0,0,0,0,2.45783e+07,-425198,425198,1.24265e+07
0,0,1.48686e+07,0,0,2.45819e+07,-424421,1.5293e+07,1.24265e+07
0,0,0,0,0,2.53466e+07,-423644,423644,1.24265e+07
0,0,0,0,0,2.51555e+07,-297767,297767,1.24265e+07
0,0,0,0,0,2.5159e+07,-297005,297005,1.24265e+07
0,0,0,0,0,2.51625e+07,-296242,296242,1.24265e+07
0,0,0,0,0,2.78161e+07,-295480,295480,1.24265e+07
0,0,0,0,0,2.73616e+07,0,0,1.24265e+07
0,0,0,0,0,2.73668e+07,0,0,1.24265e+07
0,0,0,0,0,2.7372e+07,0,0,1.24265e+07
0,0,0,0,0,2.37135e+07,0,0,1.24265e+07
0,0,0,0,0,2.3718e+07,0,0,1.24265e+07
0,0,0,0,0,2.37225e+07,0,0,1.24265e+07
0,0,0,0,0,2.37271e+07,0,0,1.24265e+07
0,0,0,0,0,2.37316e+07,0,0,1.24265e+07
0,0,0,0,0,2.46458e+07,0,0,1.24265e+07
0,0,0,0,0,2.46505e+07,0,0,1.24265e+07
0,0,0,0,0,2.46552e+07,0,0,1.24265e+07
0,0,0,0,0,2.46599e+07,0,0,1.24265e+07
0,0,0,0,0,2.43099e+07,0,0,1.24265e+07
0,0,0,0,0,2.43145e+07,0,0,1.24265e+07
0,0,0,0,0,2.43191e+07,0,0,1.24265e+07
0,0,0,0,0,2.43238e+07,0,0,1.24265e+07
0,0,0,0,0,2.55609e+07,0,0,1.24265e+07
0,0,0,0,0,2.55657e+07,0,0,1.24265e+07
0,0,0,0,0,2.55706e+07,0,0,1.24265e+07
0,0,0,0,0,2.55755e+07,0,0,1.24265e+07
0,0,0,0,0,2.55804e+07,0,0,1.24265e+07
0,0,0,0,0,2.58197e+07,0,0,1.24265e+07
0,0,0,0,0,2.58246e+07,0,0,1.24265e+07
0,0,0,0,0,2.58497e+07,-12990.8,12990.8,1.24265e+07
0,0,0,0,0,2.58534e+07,-12175.4,12175.4,1.24265e+07
0,0,0,0,0,2.64742e+07,-11359.6,11359.6,1.24265e+07
0,0,0,0,0,2.64615e+07,0,0,1.24265e+07
0,0,0,0,0,2.64666e+07,0,0,1.24265e+07
0,0,0,0,0,2.64716e+07,0,0,1.24265e+07
0,0,0,0,0,2.84991e+07,0,0,1.24265e+07
0,0,0,0,0,2.85045e+07,0,0,1.24265e+07
0,0,0,0,0,2.851e+07,0,0,1.24265e+07
0,0,0,0,0,2.85154e+07,0,0,1.24265e+07
0,0,0,0,0,2.85208e+07,0,0,1.24265e+07
0,0,0,0,0,2.7404e+07,0,0,1.24265e+07
0,0,0,0,0,2.74092e+07,0,0,1.24265e+07
0,0,0,0,0,2.74144e+07,0,0,1.24265e+07
0,0,0,0,0,2.74196e+07,0,0,1.24265e+07
0,0,0,0,0,2.64413e+07,0,0,1.24265e+07
0,0,0,0,0,2.64463e+07,0,0,1.24265e+07
0,0,0,0,0,2.64514e+07,0,0,1.24265e+07
0,0,0,0,0,2.64564e+07,0,0,1.24265e+07
0,0,0,0,0,2.24617e+07,-1.67971e+06,1.67971e+06,1.29655e+07
0,0,0,0,0,2.30935e+07,-2.04439e+06,2.04439e+06,1.29655e+07
0,0,0,0,0,2.30966e+07,-2.04401e+06,2.04401e+06,1.29655e+07
0,0,0,0,0,2.30997e+07,-2.04364e+06,2.04364e+06,1.29655e+07
0,0,0,0,0,2.31027e+07,-2.04326e+06,2.04326e+06,1.29655e+07
0,0,1.52218e+07,0,0,2.3821e+07,-2.09638e+06,1.73182e+07,1.29655e+07
0,0,0,0,0,2.36197e+07,-1.97737e+06,1.97737e+06,1.29655e+07
0,0,0,0,0,2.36227e+07,-1.977e+06,1.977e+06,1.29655e+07
0,0,0,0,0,2.53457e+07,-256571,256571,1.24265e+07
0,0,0,0,0,2.80254e+07,-255844,255844,1.24265e+07
0,0,0,0,0,2.76323e+07,0,0,1.24265e+07
0,0,0,0,0,2.76373e+07,0,0,1.24265e+07
0,0,0,0,0,2.57186e+07,-1.92367e+06,1.92367e+06,1.29655e+07
0,0,0,0,0,2.22811e+07,-1.66625e+06,1.66625e+06,1.29655e+07
0,0,0,0,0,2.29556e+07,-2.05588e+06,2.05588e+06,1.29655e+07
0,0,0,0,0,2.46001e+07,-413981,413981,1.24265e+07
0,0,0,0,0,2.46033e+07,-413282,413282,1.24265e+07
0,0,0,0,0,2.46065e+07,-412583,412583,1.24265e+07
0,0,0,0,0,2.55284e+07,-411884,411884,1.24265e+07
0,0,0,0,0,2.52889e+07,-255079,255079,1.24265e+07
0,0,0,0,0,2.52923e+07,-254352,254352,1.24265e+07
0,0,0,0,0,2.52956e+07,-253624,253624,1.24265e+07
0,0,0,0,0,2.45473e+07,0,0,1.24265e+07
0,0,0,0,0,2.45517e+07,0,0,1.24265e+07
0,0,0,0,0,2.45561e+07,0,0,1.24265e+07
0,0,0,0,0,2.45606e+07,0,0,1.24265e+07
0,0,0,0,0,2.58094e+07,0,0,1.24265e+07
0,0,0,0,0,2.58141e+07,0,0,1.24265e+07
0,0,0,0,0,2.58187e+07,0,0,1.24265e+07
0,0,0,0,0,2.58234e+07,0,0,1.24265e+07
0,0,0,0,0,2.5828e+07,0,0,1.24265e+07
0,0,0,0,0,2.60694e+07,0,0,1.24265e+07
0,0,0,0,0,2.60741e+07,0,0,1.24265e+07
0,0,0,0,0,2.60788e+07,0,0,1.24265e+07
0,0,0,0,0,2.60835e+07,0,0,1.24265e+07
0,0,0,0,0,2.67112e+07,0,0,1.24265e+07
0,0,0,0,0,2.6716e+07,0,0,1.24265e+07
0,0,0,0,0,2.67208e+07,0,0,1.24265e+07
0,0,0,0,0,2.67257e+07,0,0,1.24265e+07
2.09342e+06,2.71947e+06,0,0,0,2.81463e+07,-626048,0,1.24265e+07
4.18673e+06,2.71947e+06,0,0,0,2.81513e+07,-626161,0,1.24265e+07
6.27992e+06,2.71947e+06,0,0,0,2.81564e+07,-626274,0,1.24265e+07
5.86746e+06,2.71947e+06,0,0,0,2.56559e+07,-3.13193e+06,0,1.24265e+07
5.45443e+06,2.71947e+06,0,0,0,2.56605e+07,-3.1325e+06,0,1.24265e+07
5.45443e+06,0,0,0,0,2.76652e+07,0,0,1.24265e+07
5.45443e+06,0,0,0,0,2.76702e+07,0,0,1.24265e+07
5.45443e+06,0,0,0,0,2.76752e+07,0,0,1.24265e+07
5.45443e+06,0,0,0,0,2.76802e+07,0,0,1.24265e+07
3.59671e+06,0,0,0,0,2.48345e+07,-1.85772e+06,0,1.29655e+07
1.73865e+06,0,0,0,0,2.4839e+07,-1.85806e+06,0,1.29655e+07
0,0,0,0,0,2.48435e+07,-1.85839e+06,119742,1.29655e+07
0,0,0,0,0,2.48479e+07,-1.85873e+06,1.85873e+06,1.29655e+07
0,0,0,0,0,2.2674e+07,-1.69558e+06,1.69558e+06,1.29655e+07
0,0,0,0,0,2.32459e+07,-2.02561e+06,2.02561e+06,1.29655e+07
0,0,0,0,0,2.32488e+07,-2.02525e+06,2.02525e+06,1.29655e+07
0,0,0,0,0,2.32518e+07,-2.02489e+06,2.02489e+06,1.29655e+07
0,0,0,0,0,2.49302e+07,-349067,349067,1.24265e+07
0,0,1.48614e+07,0,0,2.49291e+07,-348358,1.52098e+07,1.24265e+07
0,0,0,0,0,2.57093e+07,-348358,348358,1.24265e+07
0,0,0,0,0,2.55141e+07,-220118,220118,1.24265e+07
0,0,0,0,0,2.55173e+07,-219425,219425,1.24265e+07
0,0,0,0,0,2.55205e+07,-218733,218733,1.24265e+07
0,0,0,0,0,2.8225e+07,-218041,218041,1.24265e+07
0,0,0,0,0,2.78905e+07,0,0,1.24265e+07
0,0,0,0,0,2.78953e+07,0,0,1.24265e+07
0,0,0,0,0,2.79e+07,0,0,1.24265e+07
0,0,0,0,0,2.41704e+07,0,0,1.24265e+07
0,0,0,0,0,2.47635e+07,-378567,378567,1.24265e+07
0,0,0,0,0,2.41786e+07,0,0,1.24265e+07
0,0,0,0,0,2.41827e+07,0,0,1.24265e+07
0,0,0,0,0,2.41868e+07,0,0,1.24265e+07
0,0,0,0,0,2.5118e+07,0,0,1.24265e+07
0,0,0,0,0,2.51223e+07,0,0,1.24265e+07
0,0,0,0,0,2.51266e+07,0,0,1.24265e+07
0,0,0,0,0,2.51308e+07,0,0,1.24265e+07
0,0,0,0,0,2.47736e+07,0,0,1.24265e+07
0,0,0,0,0,2.47778e+07,0,0,1.24265e+07
0,0,0,0,0,2.4782e+07,0,0,1.24265e+07
0,0,0,0,0,2.47862e+07,0,0,1.24265e+07
0,0,0,0,0,2.60463e+07,0,0,1.24265e+07
0,0,0,0,0,2.60507e+07,0,0,1.24265e+07
0,0,0,0,0,2.60551e+07,0,0,1.24265e+07
0,0,0,0,0,2.60596e+07,0,0,1.24265e+07
0,0,0,0,0,2.6148e+07,-53971.5,53971.5,1.24265e+07
0,0,0,0,0,2.63901e+07,-53252.1,53252.1,1.24265e+07
0,0,0,0,0,2.63117e+07,0,0,1.24265e+07
0,0,0,0,0,2.63162e+07,0,0,1.24265e+07
0,0,0,0,0,2.63207e+07,0,0,1.24265e+07
0,0,0,0,0,2.69539e+07,0,0,1.24265e+07
0,0,0,0,0,2.69584e+07,0,0,1.24265e+07
0,0,0,0,0,2.6963e+07,0,0,1.24265e+07
0,0,0,0,0,2.69676e+07,0,0,1.24265e+07
2.02337e+06,2.65508e+06,0,0,0,2.84008e+07,-631709,0,1.24265e+07
4.04664e+06,2.65508e+06,0,0,0,2.84056e+07,-631816,0,1.24265e+07
6.06979e+06,2.65508e+06,0,0,0,2.84104e+07,-631924,0,1.24265e+07
8.09284e+06,2.65508e+06,0,0,0,2.84152e+07,-632031,0,1.24265e+07
1.01158e+07,2.65508e+06,0,0,0,2.84201e+07,-632138,0,1.24265e+07
1.01158e+07,0,0,0,0,2.79139e+07,0,0,1.24265e+07
1.01158e+07,0,0,0,0,2.79187e+07,0,0,1.24265e+07
1.01158e+07,0,0,0,0,2.79234e+07,0,0,1.24265e+07
1.01158e+07,0,0,0,0,2.79281e+07,0,0,1.24265e+07
1.01158e+07,0,0,0,0,2.69311e+07,0,0,1.24265e+07
1.01158e+07,0,0,0,0,2.69357e+07,0,0,1.24265e+07
1.01158e+07,0,0,0,0,2.69403e+07,0,0,1.24265e+07
1.01158e+07,0,0,0,0,2.69448e+07,0,0,1.24265e+07
1.01158e+07,0,0,0,0,2.45866e+07,0,0,1.24265e+07
9.7997e+06,0,0,0,0,2.50825e+07,-316088,0,1.24265e+07
9.7997e+06,0,0,0,0,2.45949e+07,0,0,1.24265e+07
9.7997e+06,0,0,0,0,2.45991e+07,0,0,1.24265e+07
0,0,1.52706e+07,0,0,2.46033e+07,0,5.47093e+06,1.24265e+07
0,0,0,0,0,2.53902e+07,0,0,1.24265e+07
0,0,0,0,0,2.56806e+07,-184055,184055,1.24265e+07
0,0,0,0,0,2.53983e+07,0,0,1.24265e+07
0,0,0,0,0,2.56867e+07,-182742,182742,1.24265e+07
0,0,0,0,0,2.84149e+07,-182086,182086,1.24265e+07
0,0,0,0,0,2.81361e+07,0,0,1.24265e+07
0,0,0,0,0,2.81406e+07,0,0,1.24265e+07
0,0,0,0,0,2.81451e+07,0,0,1.24265e+07
0,0,0,0,0,2.43824e+07,0,0,1.24265e+07
0,0,0,0,0,2.49219e+07,-344230,344230,1.24265e+07
0,0,0,0,0,2.49248e+07,-343599,343599,1.24265e+07
0,0,0,0,0,2.49277e+07,-342969,342969,1.24265e+07
0,0,0,0,0,2.49306e+07,-342338,342338,1.24265e+07
0,0,0,0,0,2.58687e+07,-341707,341707,1.24265e+07
0,0,0,0,0,2.56246e+07,-182151,182151,1.24265e+07
0,0,0,0,0,2.56276e+07,-181495,181495,1.24265e+07
0,0,0,0,0,2.56306e+07,-180839,180839,1.24265e+07
0,0,0,0,0,2.49886e+07,0,0,1.24265e+07
0,0,0,0,0,2.49926e+07,0,0,1.24265e+07
0,0,0,0,0,2.49966e+07,0,0,1.24265e+07
0,0,0,0,0,2.50006e+07,0,0,1.24265e+07
0,0,0,0,0,2.62713e+07,0,0,1.24265e+07
0,0,0,0,0,2.62755e+07,0,0,1.24265e+07
0,0,0,0,0,2.62797e+07,0,0,1.24265e+07
0,0,0,0,0,2.63122e+07,-18165.5,18165.5,1.24265e+07
0,0,0,0,0,2.63153e+07,-17483.4,17483.4,1.24265e+07
0,0,0,0,0,2.65593e+07,-16801.1,16801.1,1.24265e+07
0,0,0,0,0,2.65374e+07,0,0,1.24265e+07
0,0,0,0,0,2.65417e+07,0,0,1.24265e+07
0,0,0,0,0,2.65459e+07,0,0,1.24265e+07
0,0,0,0,0,2.71842e+07,0,0,1.24265e+07
0,0,0,0,0,2.71886e+07,0,0,1.24265e+07
0,0,0,0,0,2.71929e+07,0,0,1.24265e+07
0,0,0,0,0,2.71973e+07,0,0,1.24265e+07
2.0911e+06,2.72819e+06,0,0,0,2.86424e+07,-637082,0,1.24265e+07
1.63337e+06,2.72819e+06,0,0,0,2.60982e+07,-3.18592e+06,0,1.24265e+07
1.17513e+06,2.72819e+06,0,0,0,2.61024e+07,-3.18643e+06,0,1.24265e+07
716376,2.72819e+06,0,0,0,2.61065e+07,-3.18694e+06,0,1.24265e+07
257117,2.72819e+06,0,0,0,2.61107e+07,-3.18745e+06,0,1.24265e+07
0,0,0,0,0,2.61903e+07,-1.9596e+06,1.70249e+06,1.29655e+07
0,0,0,0,0,2.61945e+07,-1.95992e+06,1.95992e+06,1.29655e+07
0,0,0,0,0,2.61987e+07,-1.96023e+06,1.96023e+06,1.29655e+07
0,0,0,0,0,2.62029e+07,-1.96054e+06,1.96054e+06,1.29655e+07
0,0,0,0,0,2.52676e+07,-1.89012e+06,1.89012e+06,1.29655e+07
0,0,0,0,0,2.52716e+07,-1.89042e+06,1.89042e+06,1.29655e+07
0,0,0,0,0,2.52757e+07,-1.89072e+06,1.89072e+06,1.29655e+07
0,0,0,0,0,2.52797e+07,-1.89102e+06,1.89102e+06,1.29655e+07
0,0,0,0,0,2.30675e+07,-1.725e+06,1.725e+06,1.29655e+07
0,0,0,0,0,2.35284e+07,-1.99079e+06,1.99079e+06,1.29655e+07
0,0,0,0,0,2.3531e+07,-1.99046e+06,1.99046e+06,1.29655e+07
0,0,0,0,0,2.35337e+07,-1.99014e+06,1.99014e+06,1.29655e+07
0,0,3.11632e+07,0,0,2.35363e+07,-1.98981e+06,3.3153e+07,1.29655e+07
0,0,0,0,0,2.42733e+07,-2.04442e+06,2.04442e+06,1.29655e+07
0,0,0,0,0,2.40661e+07,-1.92228e+06,1.92228e+06,1.29655e+07
0,0,0,0,0,2.58413e+07,-149246,149246,1.24265e+07
0,0,0,0,0,2.58442e+07,-148627,148627,1.24265e+07
0,0,0,0,0,2.83645e+07,0,0,1.24265e+07
0,0,0,0,0,2.83688e+07,0,0,1.24265e+07
0,0,0,0,0,2.8373e+07,0,0,1.24265e+07
0,0,0,0,0,2.83773e+07,0,0,1.24265e+07
0,0,0,0,0,2.45833e+07,0,0,1.24265e+07
0,0,0,0,0,2.4587e+07,0,0,1.24265e+07
0,0,0,0,0,2.45907e+07,0,0,1.24265e+07
0,0,0,0,0,2.45943e+07,0,0,1.24265e+07
0,0,0,0,0,2.4598e+07,0,0,1.24265e+07
0,0,0,0,0,2.55446e+07,0,0,1.24265e+07
0,0,0,0,0,2.55484e+07,0,0,1.24265e+07
0,0,0,0,0,2.55522e+07,0,0,1.24265e+07
0,0,0,0,0,2.5556e+07,0,0,1.24265e+07
0,0,0,0,0,2.51922e+07,0,0,1.24265e+07
0,0,0,0,0,2.5196e+07,0,0,1.24265e+07
0,0,0,0,0,2.51997e+07,0,0,1.24265e+07
0,0,0,0,0,2.52035e+07,0,0,1.24265e+07
0,0,0,0,0,2.64843e+07,0,0,1.24265e+07
0,0,0,0,0,2.64882e+07,0,0,1.24265e+07
0,0,0,0,0,2.64922e+07,0,0,1.24265e+07
0,0,0,0,0,2.64961e+07,0,0,1.24265e+07
0,0,0,0,0,2.65001e+07,0,0,1.24265e+07
0,0,0,0,0,2.67469e+07,0,0,1.24265e+07
0,0,0,0,0,2.67509e+07,0,0,1.24265e+07
0,0,0,0,0,2.67549e+07,0,0,1.24265e+07
0,0,0,0,0,2.67589e+07,0,0,1.24265e+07
0,0,0,0,0,2.74021e+07,0,0,1.24265e+07
0,0,0,0,0,2.74062e+07,0,0,1.24265e+07
0,0,0,0,0,2.74102e+07,0,0,1.24265e+07
0,0,0,0,0,2.74143e+07,0,0,1.24265e+07
2.04867e+06,2.69083e+06,0,0,0,2.88707e+07,-642161,0,1.24265e+07
4.09725e+06,2.69083e+06,0,0,0,2.8875e+07,-642257,0,1.24265e+07
6.14573e+06,2.69083e+06,0,0,0,2.88793e+07,-642353,0,1.24265e+07
8.19411e+06,2.69083e+06,0,0,0,2.88836e+07,-642449,0,1.24265e+07
1.02424e+07,2.69083e+06,0,0,0,2.88879e+07,-642545,0,1.24265e+07
1.02424e+07,0,0,0,0,2.83729e+07,0,0,1.24265e+07
1.02424e+07,0,0,0,0,2.83771e+07,0,0,1.24265e+07
1.02424e+07,0,0,0,0,2.83814e+07,0,0,1.24265e+07
1.02424e+07,0,0,0,0,2.83856e+07,0,0,1.24265e+07
1.02424e+07,0,0,0,0,2.73717e+07,0,0,1.24265e+07
1.02424e+07,0,0,0,0,2.73758e+07,0,0,1.24265e+07
1.02424e+07,0,0,0,0,2.73799e+07,0,0,1.24265e+07
1.02424e+07,0,0,0,0,2.7384e+07,0,0,1.24265e+07
1.02424e+07,0,0,0,0,2.49868e+07,0,0,1.24265e+07
9.99103e+06,0,0,0,0,2.53816e+07,-251363,0,1.24265e+07
9.74027e+06,0,0,0,0,2.53844e+07,-250760,0,1.24265e+07
9.49011e+06,0,0,0,0,2.53872e+07,-250157,0,1.24265e+07
0,0,3.19796e+07,0,0,2.50017e+07,0,2.24895e+07,1.24265e+07
0,0,0,0,0,2.58009e+07,0,0,1.24265e+07
0,0,0,0,0,2.58045e+07,0,0,1.24265e+07
0,0,0,0,0,2.58081e+07,0,0,1.24265e+07
0,0,0,0,0,2.58116e+07,0,0,1.24265e+07
0,0,0,0,0,2.87645e+07,-115859,115859,1.24265e+07
0,0,0,0,0,2.85882e+07,0,0,1.24265e+07
0,0,0,0,0,2.85922e+07,0,0,1.24265e+07
0,0,0,0,0,2.85962e+07,0,0,1.24265e+07
0,0,0,0,0,2.47728e+07,0,0,1.24265e+07
0,0,0,0,0,2.47762e+07,0,0,1.24265e+07
0,0,0,0,0,2.47797e+07,0,0,1.24265e+07
0,0,0,0,0,2.47831e+07,0,0,1.24265e+07
0,0,0,0,0,2.47866e+07,0,0,1.24265e+07
0,0,0,0,0,2.57401e+07,0,0,1.24265e+07
0,0,0,0,0,2.57437e+07,0,0,1.24265e+07
0,0,0,0,0,2.57473e+07,0,0,1.24265e+07
0,0,0,0,0,2.57509e+07,0,0,1.24265e+07
0,0,0,0,0,2.5384e+07,0,0,1.24265e+07
0,0,0,0,0,2.53876e+07,0,0,1.24265e+07
0,0,0,0,0,2.53911e+07,0,0,1.24265e+07
0,0,0,0,0,2.53947e+07,0,0,1.24265e+07
0,0,0,0,0,2.66848e+07,0,0,1.24265e+07
0,0,0,0,0,2.66886e+07,0,0,1.24265e+07
0,0,0,0,0,2.66923e+07,0,0,1.24265e+07
0,0,0,0,0,2.6696e+07,0,0,1.24265e+07
0,0,0,0,0,2.66997e+07,0,0,1.24265e+07
0,0,0,0,0,2.69481e+07,0,0,1.24265e+07
0,0,0,0,0,2.69519e+07,0,0,1.24265e+07
0,0,0,0,0,2.69556e+07,0,0,1.24265e+07
0,0,0,0,0,2.69594e+07,0,0,1.24265e+07
0,0,0,0,0,2.76071e+07,0,0,1.24265e+07
0,0,0,0,0,2.76109e+07,0,0,1.24265e+07
0,0,0,0,0,2.76148e+07,0,0,1.24265e+07
0,0,0,0,0,2.76186e+07,0,0,1.24265e+07
2.11438e+06,2.76132e+06,0,0,0,2.90855e+07,-646940,0,1.24265e+07
4.22867e+06,2.76132e+06,0,0,0,2.90896e+07,-647030,0,1.24265e+07
6.34287e+06,2.76132e+06,0,0,0,2.90936e+07,-647120,0,1.24265e+07
8.45699e+06,2.76132e+06,0,0,0,2.90977e+07,-647210,0,1.24265e+07
1.0571e+07,2.76132e+06,0,0,0,2.91017e+07,-647301,0,1.24265e+07
1.0571e+07,0,0,0,0,2.85826e+07,0,0,1.24265e+07
1.0571e+07,0,0,0,0,2.85866e+07,0,0,1.24265e+07
8.58073e+06,0,0,0,0,2.66003e+07,-1.99028e+06,0,1.29655e+07
6.59018e+06,0,0,0,0,2.6604e+07,-1.99055e+06,0,1.29655e+07
4.67116e+06,0,0,0,0,2.56539e+07,-1.91901e+06,0,1.29655e+07
2.75188e+06,0,0,0,0,2.56575e+07,-1.91928e+06,0,1.29655e+07
832332,0,0,0,0,2.5661e+07,-1.91955e+06,0,1.29655e+07
0,0,0,0,0,2.56646e+07,-1.91982e+06,1.08748e+06,1.29655e+07
0,0,0,0,0,2.34182e+07,-1.75123e+06,1.75123e+06,1.29655e+07
0,0,0,0,0,2.55181e+07,-221822,221822,1.24265e+07
0,0,0,0,0,2.55207e+07,-221255,221255,1.24265e+07
0,0,0,0,0,2.55233e+07,-220689,220689,1.24265e+07
0,0,0,0,0,2.55259e+07,-220122,220122,1.24265e+07
0,0,3.25878e+07,0,0,2.63298e+07,-219555,3.28073e+07,1.24265e+07
0,0,0,0,0,2.61274e+07,-87295.9,87295.9,1.24265e+07
0,0,0,0,0,2.61299e+07,-86750.3,86750.3,1.24265e+07
0,0,0,0,0,2.61324e+07,-86204.7,86204.7,1.24265e+07
0,0,0,0,0,2.89239e+07,-85659.1,85659.1,1.24265e+07
0,0,0,0,0,2.87944e+07,0,0,1.24265e+07
0,0,0,0,0,2.87981e+07,0,0,1.24265e+07
0,0,0,0,0,2.88019e+07,0,0,1.24265e+07
0,0,0,0,0,2.49507e+07,0,0,1.24265e+07
0,0,0,0,0,2.49539e+07,0,0,1.24265e+07
0,0,0,0,0,2.49571e+07,0,0,1.24265e+07
0,0,0,0,0,2.49604e+07,0,0,1.24265e+07
0,0,0,0,0,2.53536e+07,-250641,250641,1.24265e+07
0,0,0,0,0,2.59237e+07,0,0,1.24265e+07
0,0,0,0,0,2.59271e+07,0,0,1.24265e+07
0,0,0,0,0,2.59304e+07,0,0,1.24265e+07
0,0,0,0,0,2.59338e+07,0,0,1.24265e+07
0,0,0,0,0,2.55641e+07,0,0,1.24265e+07
0,0,0,0,0,2.55674e+07,0,0,1.24265e+07
0,0,0,0,0,2.55707e+07,0,0,1.24265e+07
0,0,0,0,0,2.5574e+07,0,0,1.24265e+07
0,0,0,0,0,2.68731e+07,0,0,1.24265e+07
0,0,0,0,0,2.68766e+07,0,0,1.24265e+07
0,0,0,0,0,2.68801e+07,0,0,1.24265e+07
0,0,0,0,0,2.68835e+07,0,0,1.24265e+07
0,0,0,0,0,2.6887e+07,0,0,1.24265e+07
0,0,0,0,0,2.71369e+07,0,0,1.24265e+07
0,0,0,0,0,2.71404e+07,0,0,1.24265e+07
0,0,0,0,0,2.71439e+07,0,0,1.24265e+07
0,0,0,0,0,2.71475e+07,0,0,1.24265e+07
0,0,0,0,0,2.77994e+07,0,0,1.24265e+07
0,0,0,0,0,2.7803e+07,0,0,1.24265e+07
0,0,0,0,0,2.78066e+07,0,0,1.24265e+07
0,0,0,0,0,2.78102e+07,0,0,1.24265e+07
2.16241e+06,2.81384e+06,0,0,0,2.9287e+07,-651422,0,1.24265e+07
4.32475e+06,2.81384e+06,0,0,0,2.92908e+07,-651506,0,1.24265e+07
6.48699e+06,2.81384e+06,0,0,0,2.92946e+07,-651591,0,1.24265e+07
6.04245e+06,2.81384e+06,0,0,0,2.66917e+07,-3.25838e+06,0,1.24265e+07
8.20453e+06,2.81384e+06,0,0,0,2.93022e+07,-651759,0,1.24265e+07
8.20453e+06,0,0,0,0,2.87792e+07,0,0,1.24265e+07
8.20453e+06,0,0,0,0,2.8783e+07,0,0,1.24265e+07
6.2006e+06,0,0,0,0,2.67828e+07,-2.00393e+06,0,1.29655e+07
4.19641e+06,0,0,0,0,2.67862e+07,-2.00419e+06,0,1.29655e+07
2.26427e+06,0,0,0,0,2.58294e+07,-1.93214e+06,0,1.29655e+07
331883,0,0,0,0,2.58327e+07,-1.93239e+06,0,1.29655e+07
0,0,0,0,0,2.5836e+07,-1.93264e+06,1.60076e+06,1.29655e+07
0,0,0,0,0,2.58394e+07,-1.93289e+06,1.93289e+06,1.29655e+07
0,0,0,0,0,2.35775e+07,-1.76314e+06,1.76314e+06,1.29655e+07
0,0,0,0,0,2.38944e+07,-1.94564e+06,1.94564e+06,1.29655e+07
0,0,0,0,0,2.38966e+07,-1.94537e+06,1.94537e+06,1.29655e+07
0,0,0,0,0,2.38988e+07,-1.9451e+06,1.9451e+06,1.29655e+07
0,0,0,0,0,2.3901e+07,-1.94483e+06,1.94483e+06,1.29655e+07
0,0,3.20314e+07,0,0,2.46537e+07,-2.0007e+06,3.40321e+07,1.29655e+07
0,0,0,0,0,2.62584e+07,-58901,58901,1.24265e+07
0,0,0,0,0,2.44435e+07,-1.87569e+06,1.87569e+06,1.29655e+07
0,0,0,0,0,2.44456e+07,-1.87543e+06,1.87543e+06,1.29655e+07
0,0,0,0,0,2.70597e+07,-2.07091e+06,2.07091e+06,1.29655e+07
0,0,0,0,0,2.69702e+07,-2.01728e+06,2.01728e+06,1.29655e+07
0,0,0,0,0,2.69734e+07,-2.01753e+06,2.01753e+06,1.29655e+07
0,0,0,0,0,2.69767e+07,-2.01777e+06,2.01777e+06,1.29655e+07
0,0,0,0,0,2.33696e+07,-1.74764e+06,1.74764e+06,1.29655e+07
0,0,0,0,0,2.37366e+07,-1.95933e+06,1.95933e+06,1.29655e+07
0,0,0,0,0,2.37386e+07,-1.95908e+06,1.95908e+06,1.29655e+07
806964,2.76579e+06,0,0,0,2.37406e+07,-1.95883e+06,0,1.29655e+07
0,0,0,0,0,2.37427e+07,-1.95858e+06,1.15162e+06,1.29655e+07
0,0,0,0,0,2.46408e+07,-2.02542e+06,2.02542e+06,1.29655e+07
0,0,0,0,0,2.61907e+07,-59110.1,59110.1,1.24265e+07
0,0,0,0,0,2.6193e+07,-58600.9,58600.9,1.24265e+07
0,0,0,0,0,2.61953e+07,-58091.9,58091.9,1.24265e+07
0,0,0,0,0,2.58222e+07,-57582.7,57582.7,1.24265e+07
0,0,0,0,0,2.59234e+07,-120677,120677,1.24265e+07
0,0,0,0,0,2.59258e+07,-120175,120175,1.24265e+07
0,0,0,0,0,2.59281e+07,-119674,119674,1.24265e+07
0,0,0,0,0,2.72346e+07,-119172,119172,1.24265e+07
0,0,0,0,0,2.70525e+07,0,0,1.24265e+07
0,0,0,0,0,2.70557e+07,0,0,1.24265e+07
0,0,0,0,0,2.7059e+07,0,0,1.24265e+07
0,0,0,0,0,2.70622e+07,0,0,1.24265e+07
0,0,0,0,0,2.73134e+07,0,0,1.24265e+07
0,0,0,0,0,2.54151e+07,-1.90159e+06,1.90159e+06,1.29655e+07
0,0,0,0,0,2.54182e+07,-1.90182e+06,1.90182e+06,1.29655e+07
0,0,0,0,0,2.73233e+07,0,0,1.24265e+07
0,0,0,0,0,2.60315e+07,-1.94773e+06,1.94773e+06,1.29655e+07
0,0,0,0,0,2.60346e+07,-1.94796e+06,1.94796e+06,1.29655e+07
0,0,0,0,0,2.60378e+07,-1.9482e+06,1.9482e+06,1.29655e+07
0,0,0,0,0,2.60409e+07,-1.94843e+06,1.94843e+06,1.29655e+07
0,2.76579e+06,0,0,0,2.68529e+07,-3.27805e+06,0,1.24265e+07
0,2.76579e+06,0,0,0,2.68561e+07,-3.27845e+06,0,1.24265e+07
0,2.76579e+06,0,0,0,2.68594e+07,-3.27884e+06,0,1.24265e+07
0,2.76579e+06,0,0,0,2.68626e+07,-3.27923e+06,0,1.24265e+07
0,2.76579e+06,0,0,0,2.68658e+07,-3.27963e+06,0,1.24265e+07
0,2.76579e+06,0,0,0,2.58119e+07,-3.15098e+06,0,1.24265e+07
0,2.76579e+06,0,0,0,2.5815e+07,-3.15136e+06,0,1.24265e+07
0,2.76579e+06,0,0,0,2.58181e+07,-3.15173e+06,0,1.24265e+07
0,2.76579e+06,0,0,0,2.58212e+07,-3.15211e+06,0,1.24265e+07
0,0,0,0,0,2.59932e+07,-1.9444e+06,1.9444e+06,1.29655e+07
0,0,0,0,0,2.59964e+07,-1.94463e+06,1.94463e+06,1.29655e+07
0,0,0,0,0,2.59995e+07,-1.94487e+06,1.94487e+06,1.29655e+07
0,0,0,0,0,2.60026e+07,-1.9451e+06,1.9451e+06,1.29655e+07
0,0,0,0,0,2.37262e+07,-1.77426e+06,1.77426e+06,1.29655e+07
0,0,0,0,0,2.40011e+07,-1.93248e+06,1.93248e+06,1.29655e+07
0,0,0,0,0,2.40032e+07,-1.93223e+06,1.93223e+06,1.29655e+07
0,0,0,0,0,2.40052e+07,-1.93198e+06,1.93198e+06,1.29655e+07
0,0,0,0,0,2.40073e+07,-1.93172e+06,1.93172e+06,1.29655e+07
0,0,3.10217e+07,0,0,2.40065e+07,-1.93126e+06,3.29529e+07,1.29655e+07
0,0,0,0,0,2.47645e+07,-1.98796e+06,1.98796e+06,1.29655e+07
0,0,0,0,0,2.45507e+07,-1.86244e+06,1.86244e+06,1.29655e+07
0,0,0,0,0,2.45527e+07,-1.8622e+06,1.8622e+06,1.29655e+07
0,0,0,0,0,2.45546e+07,-1.86196e+06,1.86196e+06,1.29655e+07
0,0,0,0,0,2.71848e+07,-2.05868e+06,2.05868e+06,1.29655e+07
0,0,0,0,0,2.91676e+07,0,0,1.24265e+07
0,0,0,0,0,2.91708e+07,0,0,1.24265e+07
0,0,0,0,0,2.9174e+07,0,0,1.24265e+07
0,0,0,0,0,2.52726e+07,0,0,1.24265e+07
0,0,0,0,0,2.55867e+07,-200081,200081,1.24265e+07
0,0,0,0,0,2.55888e+07,-199626,199626,1.24265e+07
0,0,0,0,0,2.55909e+07,-199172,199172,1.24265e+07
0,0,0,0,0,2.5593e+07,-198717,198717,1.24265e+07
0,0,0,0,0,2.65642e+07,-198263,198263,1.24265e+07
0,0,0,0,0,2.63102e+07,-33121.1,33121.1,1.24265e+07
0,0,0,0,0,2.63124e+07,-32648.2,32648.2,1.24265e+07
0,0,0,0,0,2.63146e+07,-32175.3,32175.3,1.24265e+07
0,0,0,0,0,2.58896e+07,0,0,1.24265e+07
0,0,0,0,0,2.58925e+07,0,0,1.24265e+07
0,0,0,0,0,2.58954e+07,0,0,1.24265e+07
0,0,0,0,0,2.58982e+07,0,0,1.24265e+07
0,0,0,0,0,2.72132e+07,0,0,1.24265e+07
0,0,0,0,0,2.72163e+07,0,0,1.24265e+07
0,0,0,0,0,2.72193e+07,0,0,1.24265e+07
0,0,0,0,0,2.72223e+07,0,0,1.24265e+07
0,0,0,0,0,2.72253e+07,0,0,1.24265e+07
0,0,0,0,0,2.74778e+07,0,0,1.24265e+07
0,0,0,0,0,2.74809e+07,0,0,1.24265e+07
0,0,0,0,0,2.74839e+07,0,0,1.24265e+07
0,0,0,0,0,2.7487e+07,0,0,1.24265e+07
0,0,0,0,0,2.81466e+07,0,0,1.24265e+07
0,0,0,0,0,2.81497e+07,0,0,1.24265e+07
0,0,0,0,0,2.6193e+07,-1.95981e+06,1.95981e+06,1.29655e+07
0,0,0,0,0,2.61959e+07,-1.96003e+06,1.96003e+06,1.29655e+07
0,2.67861e+06,0,0,0,2.70125e+07,-3.29754e+06,0,1.24265e+07
0,2.67861e+06,0,0,0,2.70155e+07,-3.2979e+06,0,1.24265e+07
0,2.67861e+06,0,0,0,2.70185e+07,-3.29827e+06,0,1.24265e+07
0,2.67861e+06,0,0,0,2.70215e+07,-3.29863e+06,0,1.24265e+07
0,2.67861e+06,0,0,0,2.70245e+07,-3.299e+06,0,1.24265e+07
0,2.67861e+06,0,0,0,2.59642e+07,-3.16956e+06,0,1.24265e+07
0,2.67861e+06,0,0,0,2.5967e+07,-3.16991e+06,0,1.24265e+07
0,2.67861e+06,0,0,0,2.59699e+07,-3.17026e+06,0,1.24265e+07
0,2.67861e+06,0,0,0,2.59728e+07,-3.17061e+06,0,1.24265e+07
722817,2.67861e+06,0,0,0,2.61456e+07,-1.95579e+06,0,1.29655e+07
1.44542e+06,2.67861e+06,0,0,0,2.61485e+07,-1.95601e+06,0,1.29655e+07
2.1678e+06,2.67861e+06,0,0,0,2.61514e+07,-1.95623e+06,0,1.29655e+07
2.88997e+06,2.67861e+06,0,0,0,2.61543e+07,-1.95644e+06,0,1.29655e+07
3.78398e+06,2.67861e+06,0,0,0,2.38643e+07,-1.7846e+06,0,1.29655e+07
4.54234e+06,2.67861e+06,0,0,0,2.41003e+07,-1.92025e+06,0,1.29655e+07
5.30094e+06,2.67861e+06,0,0,0,2.41022e+07,-1.92001e+06,0,1.29655e+07
6.05977e+06,2.67861e+06,0,0,0,2.41041e+07,-1.91978e+06,0,1.29655e+07
0,2.73657e+06,4.28739e+07,0,0,2.4106e+07,-1.91955e+06,3.32605e+07,1.29655e+07
760436,2.73657e+06,0,0,0,2.48674e+07,-1.97613e+06,0,1.29655e+07
1.6471e+06,2.73657e+06,0,0,0,2.46522e+07,-1.8499e+06,0,1.29655e+07
2.53399e+06,2.73657e+06,0,0,0,2.4654e+07,-1.84968e+06,0,1.29655e+07
3.42109e+06,2.73657e+06,0,0,0,2.46558e+07,-1.84946e+06,0,1.29655e+07
4.11034e+06,2.73657e+06,0,0,0,2.7301e+07,-2.04732e+06,0,1.29655e+07
4.80545e+06,2.73657e+06,0,0,0,2.72933e+07,-2.04145e+06,0,1.29655e+07
5.50036e+06,2.73657e+06,0,0,0,2.72961e+07,-2.04166e+06,0,1.29655e+07
6.19506e+06,2.73657e+06,0,0,0,2.72988e+07,-2.04187e+06,0,1.29655e+07
7.16314e+06,2.73657e+06,0,0,0,2.36483e+07,-1.76849e+06,0,1.29655e+07
7.96511e+06,2.73657e+06,0,0,0,2.39365e+07,-1.9346e+06,0,1.29655e+07
8.76729e+06,2.73657e+06,0,0,0,2.39382e+07,-1.93439e+06,0,1.29655e+07
9.56968e+06,2.73657e+06,0,0,0,2.39399e+07,-1.93417e+06,0,1.29655e+07
1.03723e+07,2.73657e+06,0,0,0,2.39417e+07,-1.93396e+06,0,1.29655e+07
1.11072e+07,2.73657e+06,0,0,0,2.48501e+07,-2.00163e+06,0,1.29655e+07
1.19979e+07,2.73657e+06,0,0,0,2.45841e+07,-1.84592e+06,0,1.29655e+07
1.28887e+07,2.73657e+06,0,0,0,2.45859e+07,-1.8457e+06,0,1.29655e+07
1.10433e+07,0,0,0,0,2.45877e+07,-1.84548e+06,0,1.29655e+07
9.22447e+06,0,0,0,0,2.42361e+07,-1.8188e+06,0,1.29655e+07
7.34548e+06,0,0,0,0,2.43419e+07,-1.87899e+06,0,1.29655e+07
5.46671e+06,0,0,0,0,2.43437e+07,-1.87877e+06,0,1.29655e+07
3.58816e+06,0,0,0,0,2.43454e+07,-1.87855e+06,0,1.29655e+07
1.6179e+06,0,0,0,0,2.55747e+07,-1.97027e+06,0,1.29655e+07
0,0,0,0,0,2.54636e+07,-1.90442e+06,286529,1.29655e+07
0,0,0,0,0,2.54662e+07,-1.90462e+06,1.90462e+06,1.29655e+07
0,0,0,0,0,2.54688e+07,-1.90481e+06,1.90481e+06,1.29655e+07
0,0,0,0,0,2.54714e+07,-1.90501e+06,1.90501e+06,1.29655e+07
0,0,0,0,0,2.57066e+07,-1.9234e+06,1.9234e+06,1.29655e+07
0,0,0,0,0,2.57093e+07,-1.92359e+06,1.92359e+06,1.29655e+07
0,0,0,0,0,2.57119e+07,-1.92379e+06,1.92379e+06,1.29655e+07
0,0,0,0,0,2.57145e+07,-1.92399e+06,1.92399e+06,1.29655e+07
0,0,0,0,0,2.63313e+07,-1.97016e+06,1.97016e+06,1.29655e+07
0,0,0,0,0,2.6334e+07,-1.97036e+06,1.97036e+06,1.29655e+07
0,0,0,0,0,2.63367e+07,-1.97056e+06,1.97056e+06,1.29655e+07
0,0,0,0,0,2.63394e+07,-1.97076e+06,1.97076e+06,1.29655e+07
0,2.73657e+06,0,0,0,2.71602e+07,-3.31556e+06,0,1.24265e+07
0,2.73657e+06,0,0,0,2.7163e+07,-3.3159e+06,0,1.24265e+07
0,2.73657e+06,0,0,0,2.71657e+07,-3.31624e+06,0,1.24265e+07
0,2.73657e+06,0,0,0,2.71685e+07,-3.31658e+06,0,1.24265e+07
0,2.73657e+06,0,0,0,2.71713e+07,-3.31691e+06,0,1.24265e+07
0,2.73657e+06,0,0,0,2.61049e+07,-3.18674e+06,0,1.24265e+07
0,2.73657e+06,0,0,0,2.61076e+07,-3.18707e+06,0,1.24265e+07
0,2.73657e+06,0,0,0,2.61102e+07,-3.18739e+06,0,1.24265e+07
0,2.73657e+06,0,0,0,2.61129e+07,-3.18772e+06,0,1.24265e+07
770242,2.73657e+06,0,0,0,2.62863e+07,-1.96632e+06,0,1.29655e+07
1.54028e+06,2.73657e+06,0,0,0,2.6289e+07,-1.96652e+06,0,1.29655e+07
2.31013e+06,2.73657e+06,0,0,0,2.62917e+07,-1.96673e+06,0,1.29655e+07
3.07977e+06,2.73657e+06,0,0,0,2.62944e+07,-1.96693e+06,0,1.29655e+07
4.0222e+06,2.73657e+06,0,0,0,2.3992e+07,-1.79414e+06,0,1.29655e+07
4.84982e+06,2.73657e+06,0,0,0,2.41918e+07,-1.90895e+06,0,1.29655e+07
5.67765e+06,2.73657e+06,0,0,0,2.41936e+07,-1.90873e+06,0,1.29655e+07
6.5057e+06,2.73657e+06,0,0,0,2.41953e+07,-1.90852e+06,0,1.29655e+07
0,2.65006e+06,4.15186e+07,0,0,2.41971e+07,-1.9083e+06,3.16211e+07,1.29655e+07
684858,2.65006e+06,0,0,0,2.49624e+07,-1.9652e+06,0,1.29655e+07
1.48257e+06,2.65006e+06,0,0,0,2.47701e+07,-1.85235e+06,0,1.29655e+07
2.28012e+06,2.65006e+06,0,0,0,2.47724e+07,-1.85252e+06,0,1.29655e+07
3.07749e+06,2.65006e+06,0,0,0,2.47747e+07,-1.85269e+06,0,1.29655e+07
2.51964e+06,2.65006e+06,0,0,0,2.62783e+07,-3.20791e+06,0,1.24265e+07
1.96149e+06,2.65006e+06,0,0,0,2.62808e+07,-3.20821e+06,0,1.24265e+07
1.40305e+06,2.65006e+06,0,0,0,2.62832e+07,-3.20851e+06,0,1.24265e+07
844303,2.65006e+06,0,0,0,2.62857e+07,-3.20881e+06,0,1.24265e+07
1.71663e+06,2.65006e+06,0,0,0,2.3772e+07,-1.77774e+06,0,1.29655e+07
2.44307e+06,2.65006e+06,0,0,0,2.40251e+07,-1.92362e+06,0,1.29655e+07
3.1697e+06,2.65006e+06,0,0,0,2.40267e+07,-1.92343e+06,0,1.29655e+07
3.89654e+06,2.65006e+06,0,0,0,2.40283e+07,-1.92323e+06,0,1.29655e+07
4.62356e+06,2.65006e+06,0,0,0,2.40299e+07,-1.92303e+06,0,1.29655e+07
5.28255e+06,2.65006e+06,0,0,0,2.49429e+07,-1.99107e+06,0,1.29655e+07
6.08565e+06,2.65006e+06,0,0,0,2.46968e+07,-1.84697e+06,0,1.29655e+07
4.23851e+06,0,0,0,0,2.46991e+07,-1.84714e+06,0,1.29655e+07
2.3912e+06,0,0,0,0,2.47013e+07,-1.84731e+06,0,1.29655e+07
570310,0,0,0,0,2.43484e+07,-1.82089e+06,0,1.29655e+07
0,0,0,0,0,2.44313e+07,-1.86789e+06,1.29758e+06,1.29655e+07
0,0,0,0,0,2.62511e+07,-49490.5,49490.5,1.24265e+07
0,0,0,0,0,2.62529e+07,-49096,49096,1.24265e+07
0,0,0,0,0,2.7581e+07,-48701.4,48701.4,1.24265e+07
0,0,0,0,0,2.75078e+07,0,0,1.24265e+07
0,0,0,0,0,2.75103e+07,0,0,1.24265e+07
0,0,0,0,0,2.75129e+07,0,0,1.24265e+07
0,0,0,0,0,2.75154e+07,0,0,1.24265e+07
0,0,0,0,0,2.77701e+07,0,0,1.24265e+07
0,0,0,0,0,2.77727e+07,0,0,1.24265e+07
0,0,0,0,0,2.77753e+07,0,0,1.24265e+07
0,0,0,0,0,2.77779e+07,0,0,1.24265e+07
0,0,0,0,0,2.84439e+07,0,0,1.24265e+07
0,0,0,0,0,2.84466e+07,0,0,1.24265e+07
0,0,0,0,0,2.64688e+07,-1.98045e+06,1.98045e+06,1.29655e+07
0,0,0,0,0,2.64712e+07,-1.98063e+06,1.98063e+06,1.29655e+07
0,2.65006e+06,0,0,0,2.72959e+07,-3.33213e+06,0,1.24265e+07
0,2.65006e+06,0,0,0,2.72985e+07,-3.33244e+06,0,1.24265e+07
0,2.65006e+06,0,0,0,2.7301e+07,-3.33275e+06,0,1.24265e+07
0,2.65006e+06,0,0,0,2.73035e+07,-3.33306e+06,0,1.24265e+07
0,2.65006e+06,0,0,0,2.73061e+07,-3.33337e+06,0,1.24265e+07
0,2.65006e+06,0,0,0,2.62342e+07,-3.20253e+06,0,1.24265e+07
0,2.65006e+06,0,0,0,2.62367e+07,-3.20283e+06,0,1.24265e+07
0,2.65006e+06,0,0,0,2.62391e+07,-3.20312e+06,0,1.24265e+07
0,2.65006e+06,0,0,0,2.62415e+07,-3.20342e+06,0,1.24265e+07
0,0,0,0,0,2.64156e+07,-1.97599e+06,1.97599e+06,1.29655e+07
0,0,0,0,0,2.64181e+07,-1.97618e+06,1.97618e+06,1.29655e+07
0,0,0,0,0,2.64205e+07,-1.97636e+06,1.97636e+06,1.29655e+07
0,0,0,0,0,2.6423e+07,-1.97655e+06,1.97655e+06,1.29655e+07
0,0,0,0,0,2.41091e+07,-1.8029e+06,1.8029e+06,1.29655e+07
0,0,0,0,0,2.42758e+07,-1.89857e+06,1.89857e+06,1.29655e+07
0,0,0,0,0,2.42774e+07,-1.89838e+06,1.89838e+06,1.29655e+07
0,0,0,0,0,2.4279e+07,-1.89818e+06,1.89818e+06,1.29655e+07
0,0,4.23461e+07,0,0,2.42807e+07,-1.89798e+06,4.42441e+07,1.29655e+07
0,0,0,0,0,2.50495e+07,-1.95518e+06,1.95518e+06,1.29655e+07
0,0,0,0,0,2.48897e+07,-1.86129e+06,1.86129e+06,1.29655e+07
0,0,0,0,0,2.67532e+07,0,0,1.24265e+07
0,0,0,0,0,2.67555e+07,0,0,1.24265e+07
2.05822e+06,2.70288e+06,0,0,0,2.89832e+07,-644663,0,1.24265e+07
1.53751e+06,2.70288e+06,0,0,0,2.64068e+07,-3.22359e+06,0,1.24265e+07
3.59561e+06,2.70288e+06,0,0,0,2.89881e+07,-644772,0,1.24265e+07
5.65367e+06,2.70288e+06,0,0,0,2.89905e+07,-644826,0,1.24265e+07
5.65367e+06,0,0,0,0,2.56715e+07,0,0,1.24265e+07
5.51819e+06,0,0,0,0,2.58845e+07,-135481,0,1.24265e+07
5.38305e+06,0,0,0,0,2.58861e+07,-135131,0,1.24265e+07
5.24827e+06,0,0,0,0,2.58877e+07,-134780,0,1.24265e+07
5.11385e+06,0,0,0,0,2.58893e+07,-134429,0,1.24265e+07
4.97977e+06,0,0,0,0,2.68752e+07,-134079,0,1.24265e+07
4.97977e+06,0,0,0,0,2.66689e+07,0,0,1.24265e+07
4.97977e+06,0,0,0,0,2.66711e+07,0,0,1.24265e+07
4.97977e+06,0,0,0,0,2.66734e+07,0,0,1.24265e+07
4.97977e+06,0,0,0,0,2.6292e+07,0,0,1.24265e+07
4.97977e+06,0,0,0,0,2.62942e+07,0,0,1.24265e+07
4.97977e+06,0,0,0,0,2.62964e+07,0,0,1.24265e+07
4.97977e+06,0,0,0,0,2.62986e+07,0,0,1.24265e+07
4.97977e+06,0,0,0,0,2.76332e+07,0,0,1.24265e+07
4.97977e+06,0,0,0,0,2.76355e+07,0,0,1.24265e+07
4.97977e+06,0,0,0,0,2.76379e+07,0,0,1.24265e+07
4.97977e+06,0,0,0,0,2.76402e+07,0,0,1.24265e+07
4.97977e+06,0,0,0,0,2.76425e+07,0,0,1.24265e+07
4.97977e+06,0,0,0,0,2.78982e+07,0,0,1.24265e+07
4.97977e+06,0,0,0,0,2.79005e+07,0,0,1.24265e+07
4.97977e+06,0,0,0,0,2.79029e+07,0,0,1.24265e+07
4.97977e+06,0,0,0,0,2.79052e+07,0,0,1.24265e+07
4.97977e+06,0,0,0,0,2.85741e+07,0,0,1.24265e+07
4.97977e+06,0,0,0,0,2.85765e+07,0,0,1.24265e+07
4.97977e+06,0,0,0,0,2.85789e+07,0,0,1.24265e+07
4.97977e+06,0,0,0,0,2.85813e+07,0,0,1.24265e+07
7.01319e+06,2.70288e+06,0,0,0,3.00977e+07,-669453,0,1.24265e+07
9.04656e+06,2.70288e+06,0,0,0,3.01002e+07,-669510,0,1.24265e+07
1.10799e+07,2.70288e+06,0,0,0,3.01028e+07,-669566,0,1.24265e+07
1.31131e+07,2.70288e+06,0,0,0,3.01053e+07,-669623,0,1.24265e+07
1.51463e+07,2.70288e+06,0,0,0,3.01079e+07,-669679,0,1.24265e+07
1.72058e+07,2.70288e+06,0,0,0,2.89258e+07,-643386,0,1.24265e+07
1.92653e+07,2.70288e+06,0,0,0,2.89282e+07,-643441,0,1.24265e+07
2.13246e+07,2.70288e+06,0,0,0,2.89306e+07,-643495,0,1.24265e+07
2.3384e+07,2.70288e+06,0,0,0,2.89331e+07,-643549,0,1.24265e+07
2.3384e+07,0,0,0,0,2.85183e+07,0,0,1.24265e+07
2.3384e+07,0,0,0,0,2.85207e+07,0,0,1.24265e+07
2.3384e+07,0,0,0,0,2.85231e+07,0,0,1.24265e+07
2.3384e+07,0,0,0,0,2.85255e+07,0,0,1.24265e+07
2.3384e+07,0,0,0,0,2.60267e+07,0,0,1.24265e+07
2.33008e+07,0,0,0,0,2.61583e+07,-83168.4,0,1.24265e+07
2.3218e+07,0,0,0,0,2.616e+07,-82813.6,0,1.24265e+07
2.31355e+07,0,0,0,0,2.61616e+07,-82459.1,0,1.24265e+07
2.30534e+07,0,0,0,0,2.61633e+07,-82104.2,0,1.24265e+07
0,0,4.56688e+07,0,0,2.69932e+07,-81749.4,2.26972e+07,1.24265e+07
0,0,0,0,0,2.6868e+07,0,0,1.24265e+07
0,0,0,0,0,2.68701e+07,0,0,1.24265e+07
0,0,0,0,0,2.68721e+07,0,0,1.24265e+07
2.2675e+06,2.91496e+06,0,0,0,2.91093e+07,-647468,0,1.24265e+07
4.53494e+06,2.91496e+06,0,0,0,2.91115e+07,-647517,0,1.24265e+07
6.80234e+06,2.91496e+06,0,0,0,2.91137e+07,-647566,0,1.24265e+07
9.06969e+06,2.91496e+06,0,0,0,2.91159e+07,-647615,0,1.24265e+07
9.06969e+06,0,0,0,0,2.57823e+07,0,0,1.24265e+07
9.06969e+06,0,0,0,0,2.57843e+07,0,0,1.24265e+07
8.95247e+06,0,0,0,0,2.59686e+07,-117223,0,1.24265e+07
8.83556e+06,0,0,0,0,2.59701e+07,-116907,0,1.24265e+07
8.71897e+06,0,0,0,0,2.59715e+07,-116591,0,1.24265e+07
8.71897e+06,0,0,0,0,2.67806e+07,0,0,1.24265e+07
8.71897e+06,0,0,0,0,2.67826e+07,0,0,1.24265e+07
8.71897e+06,0,0,0,0,2.67846e+07,0,0,1.24265e+07
8.71897e+06,0,0,0,0,2.67867e+07,0,0,1.24265e+07
8.71897e+06,0,0,0,0,2.64034e+07,0,0,1.24265e+07
8.71897e+06,0,0,0,0,2.64054e+07,0,0,1.24265e+07
8.71897e+06,0,0,0,0,2.64074e+07,0,0,1.24265e+07
8.71897e+06,0,0,0,0,2.64094e+07,0,0,1.24265e+07
8.71897e+06,0,0,0,0,2.77494e+07,0,0,1.24265e+07
8.71897e+06,0,0,0,0,2.77515e+07,0,0,1.24265e+07
8.71897e+06,0,0,0,0,2.77536e+07,0,0,1.24265e+07
8.71897e+06,0,0,0,0,2.77557e+07,0,0,1.24265e+07
8.71897e+06,0,0,0,0,2.77578e+07,0,0,1.24265e+07
8.71897e+06,0,0,0,0,2.80142e+07,0,0,1.24265e+07
8.71897e+06,0,0,0,0,2.80164e+07,0,0,1.24265e+07
8.71897e+06,0,0,0,0,2.80185e+07,0,0,1.24265e+07
8.71897e+06,0,0,0,0,2.80206e+07,0,0,1.24265e+07
8.71897e+06,0,0,0,0,2.8692e+07,0,0,1.24265e+07
8.71897e+06,0,0,0,0,2.86942e+07,0,0,1.24265e+07
8.71897e+06,0,0,0,0,2.86964e+07,0,0,1.24265e+07
8.71897e+06,0,0,0,0,2.86985e+07,0,0,1.24265e+07
1.09617e+07,2.91496e+06,0,0,0,3.02209e+07,-672193,0,1.24265e+07
1.05155e+07,2.91496e+06,0,0,0,2.75342e+07,-3.36122e+06,0,1.24265e+07
1.27582e+07,2.91496e+06,0,0,0,3.02255e+07,-672295,0,1.24265e+07
1.23114e+07,2.91496e+06,0,0,0,2.75384e+07,-3.36173e+06,0,1.24265e+07
1.18644e+07,2.91496e+06,0,0,0,2.75404e+07,-3.36198e+06,0,1.24265e+07
1.15494e+07,2.91496e+06,0,0,0,2.64589e+07,-3.22996e+06,0,1.24265e+07
1.38183e+07,2.91496e+06,0,0,0,2.90451e+07,-646041,0,1.24265e+07
1.35028e+07,2.91496e+06,0,0,0,2.64629e+07,-3.23045e+06,0,1.24265e+07
1.31871e+07,2.91496e+06,0,0,0,2.64649e+07,-3.23069e+06,0,1.24265e+07
1.11943e+07,0,0,0,0,2.664e+07,-1.99278e+06,0,1.29655e+07
9.20138e+06,0,0,0,0,2.66421e+07,-1.99293e+06,0,1.29655e+07
7.2083e+06,0,0,0,0,2.66441e+07,-1.99308e+06,0,1.29655e+07
8.13003e+06,2.91496e+06,0,0,0,2.66461e+07,-1.99323e+06,0,1.29655e+07
9.2269e+06,2.91496e+06,0,0,0,2.43123e+07,-1.81809e+06,0,1.29655e+07
1.02613e+07,2.91496e+06,0,0,0,2.44215e+07,-1.88058e+06,0,1.29655e+07
1.12958e+07,2.91496e+06,0,0,0,2.44228e+07,-1.88042e+06,0,1.29655e+07
1.23305e+07,2.91496e+06,0,0,0,2.44241e+07,-1.88026e+06,0,1.29655e+07
1.33654e+07,2.91496e+06,0,0,0,2.44255e+07,-1.88009e+06,0,1.29655e+07
0,2.82396e+06,4.4243e+07,0,0,2.52004e+07,-1.93781e+06,2.71675e+07,1.29655e+07
947177,2.82396e+06,0,0,0,2.50968e+07,-1.87678e+06,0,1.29655e+07
0,0,0,0,0,2.50985e+07,-1.87691e+06,929731,1.29655e+07
946924,2.82396e+06,0,0,0,2.51002e+07,-1.87703e+06,0,1.29655e+07
520907,2.82396e+06,0,0,0,2.66229e+07,-3.24998e+06,0,1.24265e+07
94671.9,2.82396e+06,0,0,0,2.66247e+07,-3.25019e+06,0,1.24265e+07
2.26855e+06,2.82396e+06,0,0,0,2.92268e+07,-650082,0,1.24265e+07
4.44238e+06,2.82396e+06,0,0,0,2.92288e+07,-650126,0,1.24265e+07
4.44238e+06,0,0,0,0,2.58821e+07,0,0,1.24265e+07
4.34099e+06,0,0,0,0,2.60416e+07,-101387,0,1.24265e+07
4.23989e+06,0,0,0,0,2.60429e+07,-101105,0,1.24265e+07
4.13906e+06,0,0,0,0,2.60442e+07,-100823,0,1.24265e+07
4.03852e+06,0,0,0,0,2.60455e+07,-100542,0,1.24265e+07
3.93826e+06,0,0,0,0,2.7039e+07,-100260,0,1.24265e+07
3.93826e+06,0,0,0,0,2.68849e+07,0,0,1.24265e+07
3.93826e+06,0,0,0,0,2.68867e+07,0,0,1.24265e+07
3.93826e+06,0,0,0,0,2.68885e+07,0,0,1.24265e+07
3.93826e+06,0,0,0,0,2.65035e+07,0,0,1.24265e+07
3.93826e+06,0,0,0,0,2.65053e+07,0,0,1.24265e+07
3.93826e+06,0,0,0,0,2.65071e+07,0,0,1.24265e+07
3.93826e+06,0,0,0,0,2.65089e+07,0,0,1.24265e+07
3.93826e+06,0,0,0,0,2.78537e+07,0,0,1.24265e+07
3.93826e+06,0,0,0,0,2.78555e+07,0,0,1.24265e+07
3.93826e+06,0,0,0,0,2.78574e+07,0,0,1.24265e+07
3.93826e+06,0,0,0,0,2.78593e+07,0,0,1.24265e+07
3.93826e+06,0,0,0,0,2.78611e+07,0,0,1.24265e+07
3.93826e+06,0,0,0,0,2.81183e+07,0,0,1.24265e+07
3.93826e+06,0,0,0,0,2.81202e+07,0,0,1.24265e+07
3.93826e+06,0,0,0,0,2.81221e+07,0,0,1.24265e+07
3.93826e+06,0,0,0,0,2.8124e+07,0,0,1.24265e+07
3.93826e+06,0,0,0,0,2.87976e+07,0,0,1.24265e+07
3.93826e+06,0,0,0,0,2.87995e+07,0,0,1.24265e+07
3.93826e+06,0,0,0,0,2.88015e+07,0,0,1.24265e+07
3.93826e+06,0,0,0,0,2.88034e+07,0,0,1.24265e+07
6.08758e+06,2.82396e+06,0,0,0,3.03311e+07,-674644,0,1.24265e+07
8.23685e+06,2.82396e+06,0,0,0,3.03331e+07,-674689,0,1.24265e+07
1.03861e+07,2.82396e+06,0,0,0,3.03351e+07,-674734,0,1.24265e+07
1.25352e+07,2.82396e+06,0,0,0,3.03372e+07,-674780,0,1.24265e+07
1.46844e+07,2.82396e+06,0,0,0,3.03392e+07,-674825,0,1.24265e+07
1.686e+07,2.82396e+06,0,0,0,2.91475e+07,-648319,0,1.24265e+07
1.90356e+07,2.82396e+06,0,0,0,2.91495e+07,-648363,0,1.24265e+07
2.12112e+07,2.82396e+06,0,0,0,2.91515e+07,-648406,0,1.24265e+07
2.33867e+07,2.82396e+06,0,0,0,2.91534e+07,-648450,0,1.24265e+07
2.33867e+07,0,0,0,0,2.8735e+07,0,0,1.24265e+07
2.33867e+07,0,0,0,0,2.87369e+07,0,0,1.24265e+07
2.33867e+07,0,0,0,0,2.87389e+07,0,0,1.24265e+07
2.33867e+07,0,0,0,0,2.87408e+07,0,0,1.24265e+07
2.33867e+07,0,0,0,0,2.62227e+07,0,0,1.24265e+07
2.33352e+07,0,0,0,0,2.63046e+07,-51475.2,0,1.24265e+07
2.3284e+07,0,0,0,0,2.63059e+07,-51190.4,0,1.24265e+07
2.32331e+07,0,0,0,0,2.63072e+07,-50905.6,0,1.24265e+07
2.31825e+07,0,0,0,0,2.63085e+07,-50620.8,0,1.24265e+07
0,0,5.21961e+07,0,0,2.63081e+07,-50335.6,2.90639e+07,1.24265e+07
0,0,0,0,0,2.71443e+07,-50335.6,50335.6,1.24265e+07
0,0,0,0,0,2.70676e+07,0,0,1.24265e+07
0,0,0,0,0,2.70691e+07,0,0,1.24265e+07
0,0,0,0,0,2.70707e+07,0,0,1.24265e+07
2.22302e+06,2.87526e+06,0,0,0,2.93239e+07,-652243,0,1.24265e+07
4.446e+06,2.87526e+06,0,0,0,2.93257e+07,-652281,0,1.24265e+07
6.66894e+06,2.87526e+06,0,0,0,2.93274e+07,-652319,0,1.24265e+07
8.89185e+06,2.87526e+06,0,0,0,2.93291e+07,-652358,0,1.24265e+07
8.89185e+06,0,0,0,0,2.59707e+07,0,0,1.24265e+07
8.89185e+06,0,0,0,0,2.59722e+07,0,0,1.24265e+07
8.89185e+06,0,0,0,0,2.59737e+07,0,0,1.24265e+07
8.89185e+06,0,0,0,0,2.59753e+07,0,0,1.24265e+07
8.89185e+06,0,0,0,0,2.59768e+07,0,0,1.24265e+07
8.89185e+06,0,0,0,0,2.69739e+07,0,0,1.24265e+07
8.89185e+06,0,0,0,0,2.69755e+07,0,0,1.24265e+07
8.89185e+06,0,0,0,0,2.69771e+07,0,0,1.24265e+07
8.89185e+06,0,0,0,0,2.69787e+07,0,0,1.24265e+07
8.89185e+06,0,0,0,0,2.65922e+07,0,0,1.24265e+07
8.89185e+06,0,0,0,0,2.65938e+07,0,0,1.24265e+07
8.89185e+06,0,0,0,0,2.65954e+07,0,0,1.24265e+07
8.89185e+06,0,0,0,0,2.65969e+07,0,0,1.24265e+07
8.89185e+06,0,0,0,0,2.79459e+07,0,0,1.24265e+07
8.89185e+06,0,0,0,0,2.79476e+07,0,0,1.24265e+07
8.89185e+06,0,0,0,0,2.79492e+07,0,0,1.24265e+07
8.89185e+06,0,0,0,0,2.79509e+07,0,0,1.24265e+07
8.89185e+06,0,0,0,0,2.79525e+07,0,0,1.24265e+07
8.89185e+06,0,0,0,0,2.82103e+07,0,0,1.24265e+07
8.89185e+06,0,0,0,0,2.82119e+07,0,0,1.24265e+07
8.89185e+06,0,0,0,0,2.82136e+07,0,0,1.24265e+07
8.89185e+06,0,0,0,0,2.82153e+07,0,0,1.24265e+07
8.89185e+06,0,0,0,0,2.88908e+07,0,0,1.24265e+07
8.89185e+06,0,0,0,0,2.88925e+07,0,0,1.24265e+07
8.89185e+06,0,0,0,0,2.88942e+07,0,0,1.24265e+07
8.89185e+06,0,0,0,0,2.88959e+07,0,0,1.24265e+07
1.10903e+07,2.87526e+06,0,0,0,3.04282e+07,-676805,0,1.24265e+07
1.32887e+07,2.87526e+06,0,0,0,3.043e+07,-676845,0,1.24265e+07
1.54871e+07,2.87526e+06,0,0,0,3.04318e+07,-676884,0,1.24265e+07
1.76854e+07,2.87526e+06,0,0,0,3.04336e+07,-676924,0,1.24265e+07
1.98837e+07,2.87526e+06,0,0,0,3.04354e+07,-676964,0,1.24265e+07
2.21086e+07,2.87526e+06,0,0,0,2.92397e+07,-650368,0,1.24265e+07
2.43335e+07,2.87526e+06,0,0,0,2.92414e+07,-650407,0,1.24265e+07
2.65583e+07,2.87526e+06,0,0,0,2.92431e+07,-650445,0,1.24265e+07
2.87831e+07,2.87526e+06,0,0,0,2.92448e+07,-650483,0,1.24265e+07
2.87831e+07,0,0,0,0,2.88249e+07,0,0,1.24265e+07
2.87831e+07,0,0,0,0,2.88265e+07,0,0,1.24265e+07
2.87831e+07,0,0,0,0,2.88282e+07,0,0,1.24265e+07
2.87831e+07,0,0,0,0,2.88299e+07,0,0,1.24265e+07
2.87831e+07,0,0,0,0,2.63038e+07,0,0,1.24265e+07
2.87447e+07,0,0,0,0,2.6365e+07,-38357.8,0,1.24265e+07
2.87066e+07,0,0,0,0,2.63662e+07,-38108,0,1.24265e+07
2.86687e+07,0,0,0,0,2.63673e+07,-37858.2,0,1.24265e+07
0,0,5.27951e+07,0,0,2.63685e+07,-37608.4,2.4164e+07,1.24265e+07
0,0,0,0,0,2.72067e+07,-37358.6,37358.6,1.24265e+07
0,0,0,0,0,2.71499e+07,0,0,1.24265e+07
0,0,0,0,0,2.71513e+07,0,0,1.24265e+07
0,0,0,0,0,2.71526e+07,0,0,1.24265e+07
2.25405e+06,2.90826e+06,0,0,0,2.94124e+07,-654211,0,1.24265e+07
4.50806e+06,2.90826e+06,0,0,0,2.94139e+07,-654244,0,1.24265e+07
6.76204e+06,2.90826e+06,0,0,0,2.94154e+07,-654277,0,1.24265e+07
9.01599e+06,2.90826e+06,0,0,0,2.94169e+07,-654310,0,1.24265e+07
9.01599e+06,0,0,0,0,2.60482e+07,0,0,1.24265e+07
8.9415e+06,0,0,0,0,2.61654e+07,-74487.3,0,1.24265e+07
8.86723e+06,0,0,0,0,2.61664e+07,-74274.2,0,1.24265e+07
8.86723e+06,0,0,0,0,2.60521e+07,0,0,1.24265e+07
8.86723e+06,0,0,0,0,2.60534e+07,0,0,1.24265e+07
8.86723e+06,0,0,0,0,2.70533e+07,0,0,1.24265e+07
8.86723e+06,0,0,0,0,2.70547e+07,0,0,1.24265e+07
8.86723e+06,0,0,0,0,2.7056e+07,0,0,1.24265e+07
8.86723e+06,0,0,0,0,2.70574e+07,0,0,1.24265e+07
8.86723e+06,0,0,0,0,2.66696e+07,0,0,1.24265e+07
8.86723e+06,0,0,0,0,2.66709e+07,0,0,1.24265e+07
8.86723e+06,0,0,0,0,2.66723e+07,0,0,1.24265e+07
8.86723e+06,0,0,0,0,2.66736e+07,0,0,1.24265e+07
8.86723e+06,0,0,0,0,2.80263e+07,0,0,1.24265e+07
8.86723e+06,0,0,0,0,2.80277e+07,0,0,1.24265e+07
8.86723e+06,0,0,0,0,2.80291e+07,0,0,1.24265e+07
8.86723e+06,0,0,0,0,2.80306e+07,0,0,1.24265e+07
8.86723e+06,0,0,0,0,2.8032e+07,0,0,1.24265e+07
8.86723e+06,0,0,0,0,2.82902e+07,0,0,1.24265e+07
8.86723e+06,0,0,0,0,2.82917e+07,0,0,1.24265e+07
8.86723e+06,0,0,0,0,2.82931e+07,0,0,1.24265e+07
8.86723e+06,0,0,0,0,2.82945e+07,0,0,1.24265e+07
1.11451e+07,2.90826e+06,0,0,0,2.83414e+07,-630388,0,1.24265e+07
1.34229e+07,2.90826e+06,0,0,0,2.83428e+07,-630420,0,1.24265e+07
1.57007e+07,2.90826e+06,0,0,0,2.83442e+07,-630451,0,1.24265e+07
1.54566e+07,2.90826e+06,0,0,0,2.58237e+07,-3.15242e+06,0,1.24265e+07
1.49715e+07,2.90826e+06,0,0,0,2.77977e+07,-3.39339e+06,0,1.24265e+07
1.44861e+07,2.90826e+06,0,0,0,2.77991e+07,-3.39356e+06,0,1.24265e+07
1.40007e+07,2.90826e+06,0,0,0,2.78005e+07,-3.39373e+06,0,1.24265e+07
1.3515e+07,2.90826e+06,0,0,0,2.78019e+07,-3.3939e+06,0,1.24265e+07
1.30292e+07,2.90826e+06,0,0,0,2.78033e+07,-3.39407e+06,0,1.24265e+07
1.26768e+07,2.90826e+06,0,0,0,2.67108e+07,-3.26071e+06,0,1.24265e+07
1.23241e+07,2.90826e+06,0,0,0,2.67122e+07,-3.26087e+06,0,1.24265e+07
1.19714e+07,2.90826e+06,0,0,0,2.67135e+07,-3.26104e+06,0,1.24265e+07
1.16184e+07,2.90826e+06,0,0,0,2.67149e+07,-3.2612e+06,0,1.24265e+07
9.60688e+06,0,0,0,0,2.68909e+07,-2.01155e+06,0,1.29655e+07
7.59522e+06,0,0,0,0,2.68923e+07,-2.01165e+06,0,1.29655e+07
5.58347e+06,0,0,0,0,2.68936e+07,-2.01175e+06,0,1.29655e+07
3.57162e+06,0,0,0,0,2.6895e+07,-2.01185e+06,0,1.29655e+07
1.73659e+06,0,0,0,0,2.45387e+07,-1.83503e+06,0,1.29655e+07
0,0,0,0,0,2.45837e+07,-1.86051e+06,123920,1.29655e+07
0,0,0,0,0,2.45846e+07,-1.8604e+06,1.8604e+06,1.29655e+07
0,0,0,0,0,2.45855e+07,-1.86029e+06,1.86029e+06,1.29655e+07
0,0,5.13369e+07,0,0,2.64202e+07,-26397.3,5.13633e+07,1.24265e+07
0,0,0,0,0,2.53681e+07,-1.91848e+06,1.91848e+06,1.29655e+07
0,0,0,0,0,2.72208e+07,0,0,1.24265e+07
0,0,0,0,0,2.72219e+07,0,0,1.24265e+07
0,0,0,0,0,2.72231e+07,0,0,1.24265e+07
2.17203e+06,2.82793e+06,0,0,0,2.94885e+07,-655902,0,1.24265e+07
4.34404e+06,2.82793e+06,0,0,0,2.94897e+07,-655930,0,1.24265e+07
6.51601e+06,2.82793e+06,0,0,0,2.94909e+07,-655957,0,1.24265e+07
8.68796e+06,2.82793e+06,0,0,0,2.94922e+07,-655985,0,1.24265e+07
8.68796e+06,0,0,0,0,2.61147e+07,0,0,1.24265e+07
8.62424e+06,0,0,0,0,2.62149e+07,-63722.1,0,1.24265e+07
8.56069e+06,0,0,0,0,2.62157e+07,-63543.7,0,1.24265e+07
8.49733e+06,0,0,0,0,2.62166e+07,-63365,0,1.24265e+07
8.49733e+06,0,0,0,0,2.61191e+07,0,0,1.24265e+07
8.49733e+06,0,0,0,0,2.71212e+07,0,0,1.24265e+07
8.49733e+06,0,0,0,0,2.71224e+07,0,0,1.24265e+07
8.49733e+06,0,0,0,0,2.71235e+07,0,0,1.24265e+07
8.49733e+06,0,0,0,0,2.71247e+07,0,0,1.24265e+07
8.49733e+06,0,0,0,0,2.67357e+07,0,0,1.24265e+07
8.49733e+06,0,0,0,0,2.67368e+07,0,0,1.24265e+07
8.49733e+06,0,0,0,0,2.67379e+07,0,0,1.24265e+07
8.49733e+06,0,0,0,0,2.67391e+07,0,0,1.24265e+07
8.49733e+06,0,0,0,0,2.80948e+07,0,0,1.24265e+07
8.49733e+06,0,0,0,0,2.8096e+07,0,0,1.24265e+07
8.49733e+06,0,0,0,0,2.80972e+07,0,0,1.24265e+07
8.49733e+06,0,0,0,0,2.80984e+07,0,0,1.24265e+07
8.49733e+06,0,0,0,0,2.80996e+07,0,0,1.24265e+07
8.49733e+06,0,0,0,0,2.83582e+07,0,0,1.24265e+07
8.49733e+06,0,0,0,0,2.83594e+07,0,0,1.24265e+07
8.49733e+06,0,0,0,0,2.83606e+07,0,0,1.24265e+07
8.49733e+06,0,0,0,0,2.83618e+07,0,0,1.24265e+07
1.06934e+07,2.82793e+06,0,0,0,2.84085e+07,-631882,0,1.24265e+07
1.28894e+07,2.82793e+06,0,0,0,2.84097e+07,-631909,0,1.24265e+07
1.50854e+07,2.82793e+06,0,0,0,2.84109e+07,-631935,0,1.24265e+07
1.72814e+07,2.82793e+06,0,0,0,2.84121e+07,-631962,0,1.24265e+07
1.9429e+07,2.82793e+06,0,0,0,3.05838e+07,-680264,0,1.24265e+07
1.88555e+07,2.82793e+06,0,0,0,2.78639e+07,-3.40147e+06,0,1.24265e+07
2.10031e+07,2.82793e+06,0,0,0,3.05863e+07,-680322,0,1.24265e+07
2.31507e+07,2.82793e+06,0,0,0,3.05876e+07,-680350,0,1.24265e+07
2.25767e+07,2.82793e+06,0,0,0,2.78674e+07,-3.4019e+06,0,1.24265e+07
2.21365e+07,2.82793e+06,0,0,0,2.67721e+07,-3.26819e+06,0,1.24265e+07
2.43108e+07,2.82793e+06,0,0,0,2.93879e+07,-653666,0,1.24265e+07
2.6485e+07,2.82793e+06,0,0,0,2.93892e+07,-653694,0,1.24265e+07
2.60443e+07,2.82793e+06,0,0,0,2.67755e+07,-3.26861e+06,0,1.24265e+07
2.40282e+07,0,0,0,0,2.69518e+07,-2.0161e+06,0,1.29655e+07
2.2012e+07,0,0,0,0,2.69529e+07,-2.01619e+06,0,1.29655e+07
1.99958e+07,0,0,0,0,2.69541e+07,-2.01627e+06,0,1.29655e+07
1.79794e+07,0,0,0,0,2.69552e+07,-2.01636e+06,0,1.29655e+07
1.61403e+07,0,0,0,0,2.45935e+07,-1.83912e+06,0,1.29655e+07
1.42846e+07,0,0,0,0,2.46228e+07,-1.85566e+06,0,1.29655e+07
1.24291e+07,0,0,0,0,2.46236e+07,-1.85556e+06,0,1.29655e+07
1.05736e+07,0,0,0,0,2.46243e+07,-1.85547e+06,0,1.29655e+07
8.71821e+06,0,0,0,0,2.46251e+07,-1.85538e+06,0,1.29655e+07
0,0,5.28638e+07,0,0,2.54083e+07,-1.91383e+06,4.60595e+07,1.29655e+07
0,0,0,0,0,2.5382e+07,-1.89811e+06,1.89811e+06,1.29655e+07
0,0,0,0,0,2.53829e+07,-1.89817e+06,1.89817e+06,1.29655e+07
0,0,0,0,0,2.53837e+07,-1.89824e+06,1.89824e+06,1.29655e+07
0,2.91204e+06,0,0,0,2.69227e+07,-3.28658e+06,0,1.24265e+07
0,2.91204e+06,0,0,0,2.69237e+07,-3.28669e+06,0,1.24265e+07
0,2.91204e+06,0,0,0,2.69246e+07,-3.2868e+06,0,1.24265e+07
0,2.91204e+06,0,0,0,2.69255e+07,-3.28691e+06,0,1.24265e+07
0,0,0,0,0,2.43492e+07,-1.8209e+06,1.8209e+06,1.29655e+07
0,0,0,0,0,2.44385e+07,-1.87236e+06,1.87236e+06,1.29655e+07
0,0,0,0,0,2.44391e+07,-1.87229e+06,1.87229e+06,1.29655e+07
0,0,0,0,0,2.44397e+07,-1.87222e+06,1.87222e+06,1.29655e+07
0,0,0,0,0,2.44403e+07,-1.87215e+06,1.87215e+06,1.29655e+07
0,0,0,0,0,2.53742e+07,-1.94194e+06,1.94194e+06,1.29655e+07
0,0,0,0,0,2.52874e+07,-1.89114e+06,1.89114e+06,1.29655e+07
0,0,0,0,0,2.52883e+07,-1.89121e+06,1.89121e+06,1.29655e+07
0,0,0,0,0,2.52892e+07,-1.89127e+06,1.89127e+06,1.29655e+07
0,0,0,0,0,2.49263e+07,-1.86411e+06,1.86411e+06,1.29655e+07
0,0,0,0,0,2.49271e+07,-1.86417e+06,1.86417e+06,1.29655e+07
0,0,0,0,0,2.4928e+07,-1.86423e+06,1.86423e+06,1.29655e+07
0,0,0,0,0,2.49288e+07,-1.8643e+06,1.8643e+06,1.29655e+07
0,0,0,0,0,2.81514e+07,0,0,1.24265e+07
0,0,0,0,0,2.81524e+07,0,0,1.24265e+07
0,0,0,0,0,2.61942e+07,-1.95907e+06,1.95907e+06,1.29655e+07
0,0,0,0,0,2.61951e+07,-1.95914e+06,1.95914e+06,1.29655e+07
0,0,0,0,0,2.6196e+07,-1.9592e+06,1.9592e+06,1.29655e+07
0,0,0,0,0,2.64362e+07,-1.97798e+06,1.97798e+06,1.29655e+07
0,0,0,0,0,2.64371e+07,-1.97805e+06,1.97805e+06,1.29655e+07
0,0,0,0,0,2.6438e+07,-1.97812e+06,1.97812e+06,1.29655e+07
0,0,0,0,0,2.64389e+07,-1.97818e+06,1.97818e+06,1.29655e+07
0,2.91204e+06,0,0,0,2.59312e+07,-3.16553e+06,0,1.24265e+07
0,2.91204e+06,0,0,0,2.59321e+07,-3.16564e+06,0,1.24265e+07
0,2.91204e+06,0,0,0,2.59329e+07,-3.16575e+06,0,1.24265e+07
0,2.91204e+06,0,0,0,2.59338e+07,-3.16586e+06,0,1.24265e+07
0,2.91204e+06,0,0,0,2.79158e+07,-3.4078e+06,0,1.24265e+07
0,2.91204e+06,0,0,0,2.79167e+07,-3.40792e+06,0,1.24265e+07
0,2.91204e+06,0,0,0,2.79177e+07,-3.40803e+06,0,1.24265e+07
0,2.91204e+06,0,0,0,2.79186e+07,-3.40815e+06,0,1.24265e+07
0,2.91204e+06,0,0,0,2.79196e+07,-3.40826e+06,0,1.24265e+07
0,2.91204e+06,0,0,0,2.6822e+07,-3.27428e+06,0,1.24265e+07
0,2.91204e+06,0,0,0,2.68229e+07,-3.2744e+06,0,1.24265e+07
0,2.91204e+06,0,0,0,2.68239e+07,-3.27451e+06,0,1.24265e+07
0,2.91204e+06,0,0,0,2.68248e+07,-3.27462e+06,0,1.24265e+07
892252,2.91204e+06,0,0,0,2.70011e+07,-2.01979e+06,0,1.29655e+07
1.78444e+06,2.91204e+06,0,0,0,2.7002e+07,-2.01986e+06,0,1.29655e+07
2.67655e+06,2.91204e+06,0,0,0,2.70029e+07,-2.01993e+06,0,1.29655e+07
3.5686e+06,2.91204e+06,0,0,0,2.70039e+07,-2.02e+06,0,1.29655e+07
4.63822e+06,2.91204e+06,0,0,0,2.46377e+07,-1.84242e+06,0,1.29655e+07
5.69853e+06,2.91204e+06,0,0,0,2.46544e+07,-1.85173e+06,0,1.29655e+07
6.75891e+06,2.91204e+06,0,0,0,2.4655e+07,-1.85166e+06,0,1.29655e+07
7.81937e+06,2.91204e+06,0,0,0,2.46556e+07,-1.85159e+06,0,1.29655e+07
8.8799e+06,2.91204e+06,0,0,0,2.46562e+07,-1.85151e+06,0,1.29655e+07
0,2.70966e+06,4.91898e+07,0,0,2.54407e+07,-1.91008e+06,3.68007e+07,1.29655e+07
808235,2.70966e+06,0,0,0,2.54263e+07,-1.90142e+06,0,1.29655e+07
0,0,0,0,0,2.5427e+07,-1.90147e+06,1.09324e+06,1.29655e+07
0,0,0,0,0,2.54277e+07,-1.90152e+06,1.90152e+06,1.29655e+07
0,2.70966e+06,0,0,0,2.69691e+07,-3.29224e+06,0,1.24265e+07
2.0512e+06,2.70966e+06,0,0,0,2.96037e+07,-658464,0,1.24265e+07
4.10237e+06,2.70966e+06,0,0,0,2.96044e+07,-658481,0,1.24265e+07
6.15353e+06,2.70966e+06,0,0,0,2.96052e+07,-658498,0,1.24265e+07
6.15353e+06,0,0,0,0,2.62143e+07,0,0,1.24265e+07
6.10594e+06,0,0,0,0,2.6289e+07,-47592.2,0,1.24265e+07
6.05846e+06,0,0,0,0,2.62895e+07,-47483.5,0,1.24265e+07
6.01108e+06,0,0,0,0,2.629e+07,-47375.1,0,1.24265e+07
5.96382e+06,0,0,0,0,2.62905e+07,-47266.4,0,1.24265e+07
5.91666e+06,0,0,0,0,2.72958e+07,-47158,0,1.24265e+07
5.91666e+06,0,0,0,0,2.72231e+07,0,0,1.24265e+07
5.91666e+06,0,0,0,0,2.72238e+07,0,0,1.24265e+07
5.91666e+06,0,0,0,0,2.72245e+07,0,0,1.24265e+07
5.91666e+06,0,0,0,0,2.68336e+07,0,0,1.24265e+07
5.91666e+06,0,0,0,0,2.68343e+07,0,0,1.24265e+07
5.91666e+06,0,0,0,0,2.6835e+07,0,0,1.24265e+07
5.91666e+06,0,0,0,0,2.68357e+07,0,0,1.24265e+07
5.91666e+06,0,0,0,0,2.81959e+07,0,0,1.24265e+07
5.91666e+06,0,0,0,0,2.81966e+07,0,0,1.24265e+07
5.91666e+06,0,0,0,0,2.81973e+07,0,0,1.24265e+07
5.91666e+06,0,0,0,0,2.81981e+07,0,0,1.24265e+07
5.91666e+06,0,0,0,0,2.81988e+07,0,0,1.24265e+07
5.91666e+06,0,0,0,0,2.84579e+07,0,0,1.24265e+07
5.91666e+06,0,0,0,0,2.84586e+07,0,0,1.24265e+07
5.91666e+06,0,0,0,0,2.84593e+07,0,0,1.24265e+07
5.91666e+06,0,0,0,0,2.84601e+07,0,0,1.24265e+07
7.99226e+06,2.70966e+06,0,0,0,2.85065e+07,-634060,0,1.24265e+07
1.00678e+07,2.70966e+06,0,0,0,2.85072e+07,-634076,0,1.24265e+07
1.21434e+07,2.70966e+06,0,0,0,2.85079e+07,-634093,0,1.24265e+07
1.4219e+07,2.70966e+06,0,0,0,2.85087e+07,-634109,0,1.24265e+07
1.62461e+07,2.70966e+06,0,0,0,3.06871e+07,-682564,0,1.24265e+07
1.82731e+07,2.70966e+06,0,0,0,3.06879e+07,-682581,0,1.24265e+07
1.75698e+07,2.70966e+06,0,0,0,2.79583e+07,-3.41299e+06,0,1.24265e+07
1.68664e+07,2.70966e+06,0,0,0,2.7959e+07,-3.41308e+06,0,1.24265e+07
1.61629e+07,2.70966e+06,0,0,0,2.79597e+07,-3.41317e+06,0,1.24265e+07
1.82167e+07,2.70966e+06,0,0,0,2.94836e+07,-655794,0,1.24265e+07
2.02706e+07,2.70966e+06,0,0,0,2.94843e+07,-655811,0,1.24265e+07
1.97011e+07,2.70966e+06,0,0,0,2.68618e+07,-3.27914e+06,0,1.24265e+07
1.91315e+07,2.70966e+06,0,0,0,2.68625e+07,-3.27922e+06,0,1.24265e+07
1.71089e+07,0,0,0,0,2.70389e+07,-2.02261e+06,0,1.29655e+07
1.50863e+07,0,0,0,0,2.70395e+07,-2.02267e+06,0,1.29655e+07
1.50863e+07,0,0,0,0,2.9063e+07,0,0,1.24265e+07
1.30635e+07,0,0,0,0,2.70409e+07,-2.02277e+06,0,1.29655e+07
1.30635e+07,0,0,0,0,2.65162e+07,0,0,1.24265e+07
1.30595e+07,0,0,0,0,2.65231e+07,-4005.87,0,1.24265e+07
1.30556e+07,0,0,0,0,2.65236e+07,-3896.15,0,1.24265e+07
1.30518e+07,0,0,0,0,2.65241e+07,-3786.43,0,1.24265e+07
1.30481e+07,0,0,0,0,2.65246e+07,-3676.71,0,1.24265e+07
0,0,5.54717e+07,0,0,2.73688e+07,-3566.98,4.24272e+07,1.24265e+07
0,0,0,0,0,2.73637e+07,0,0,1.24265e+07
0,0,0,0,0,2.73642e+07,0,0,1.24265e+07
0,0,0,0,0,2.73646e+07,0,0,1.24265e+07
2.21025e+06,2.86955e+06,0,0,0,2.96411e+07,-659297,0,1.24265e+07
4.42049e+06,2.86955e+06,0,0,0,2.96416e+07,-659308,0,1.24265e+07
6.63072e+06,2.86955e+06,0,0,0,2.96421e+07,-659320,0,1.24265e+07
8.84094e+06,2.86955e+06,0,0,0,2.96426e+07,-659331,0,1.24265e+07
8.84094e+06,0,0,0,0,2.62472e+07,0,0,1.24265e+07
8.79868e+06,0,0,0,0,2.63134e+07,-42256.5,0,1.24265e+07
8.7565e+06,0,0,0,0,2.63138e+07,-42182.8,0,1.24265e+07
8.7565e+06,0,0,0,0,2.62486e+07,0,0,1.24265e+07
8.7565e+06,0,0,0,0,2.6249e+07,0,0,1.24265e+07
8.7565e+06,0,0,0,0,2.72555e+07,0,0,1.24265e+07
8.7565e+06,0,0,0,0,2.7256e+07,0,0,1.24265e+07
8.7565e+06,0,0,0,0,2.72565e+07,0,0,1.24265e+07
8.7565e+06,0,0,0,0,2.72569e+07,0,0,1.24265e+07
8.7565e+06,0,0,0,0,2.68654e+07,0,0,1.24265e+07
8.7565e+06,0,0,0,0,2.68658e+07,0,0,1.24265e+07
8.7565e+06,0,0,0,0,2.68663e+07,0,0,1.24265e+07
8.7565e+06,0,0,0,0,2.68668e+07,0,0,1.24265e+07
8.7565e+06,0,0,0,0,2.82283e+07,0,0,1.24265e+07
8.7565e+06,0,0,0,0,2.82288e+07,0,0,1.24265e+07
8.7565e+06,0,0,0,0,2.82293e+07,0,0,1.24265e+07
8.7565e+06,0,0,0,0,2.82298e+07,0,0,1.24265e+07
8.7565e+06,0,0,0,0,2.82303e+07,0,0,1.24265e+07
8.7565e+06,0,0,0,0,2.84894e+07,0,0,1.24265e+07
8.7565e+06,0,0,0,0,2.84899e+07,0,0,1.24265e+07
8.7565e+06,0,0,0,0,2.84904e+07,0,0,1.24265e+07
8.7565e+06,0,0,0,0,2.84909e+07,0,0,1.24265e+07
1.09913e+07,2.86955e+06,0,0,0,2.85371e+07,-634742,0,1.24265e+07
1.32261e+07,2.86955e+06,0,0,0,2.85376e+07,-634753,0,1.24265e+07
1.54609e+07,2.86955e+06,0,0,0,2.85381e+07,-634764,0,1.24265e+07
1.76957e+07,2.86955e+06,0,0,0,2.85386e+07,-634775,0,1.24265e+07
1.98819e+07,2.86955e+06,0,0,0,3.07192e+07,-683276,0,1.24265e+07
2.20682e+07,2.86955e+06,0,0,0,3.07197e+07,-683288,0,1.24265e+07
2.42544e+07,2.86955e+06,0,0,0,3.07202e+07,-683300,0,1.24265e+07
2.64407e+07,2.86955e+06,0,0,0,3.07208e+07,-683312,0,1.24265e+07
2.86269e+07,2.86955e+06,0,0,0,3.07213e+07,-683323,0,1.24265e+07
3.084e+07,2.86955e+06,0,0,0,2.95131e+07,-656451,0,1.24265e+07
3.30531e+07,2.86955e+06,0,0,0,2.95136e+07,-656462,0,1.24265e+07
3.52662e+07,2.86955e+06,0,0,0,2.95142e+07,-656474,0,1.24265e+07
3.74792e+07,2.86955e+06,0,0,0,2.95147e+07,-656485,0,1.24265e+07
3.74792e+07,0,0,0,0,2.90896e+07,0,0,1.24265e+07
3.74792e+07,0,0,0,0,2.90901e+07,0,0,1.24265e+07
3.74792e+07,0,0,0,0,2.90906e+07,0,0,1.24265e+07
3.74792e+07,0,0,0,0,2.90911e+07,0,0,1.24265e+07
3.74792e+07,0,0,0,0,2.6541e+07,0,0,1.24265e+07
3.74792e+07,0,0,0,0,2.65415e+07,0,0,1.24265e+07
3.74792e+07,0,0,0,0,2.6542e+07,0,0,1.24265e+07
3.56325e+07,0,0,0,0,2.46957e+07,-1.84676e+06,0,1.29655e+07
3.37857e+07,0,0,0,0,2.46961e+07,-1.84679e+06,0,1.29655e+07
0,0,5.65314e+07,0,0,2.46961e+07,-1.84679e+06,2.45926e+07,1.29655e+07
0,0,0,0,0,2.54821e+07,-1.9056e+06,1.9056e+06,1.29655e+07
0,0,0,0,0,2.54824e+07,-1.90561e+06,1.90561e+06,1.29655e+07
0,0,0,0,0,2.73882e+07,0,0,1.24265e+07
0,0,0,0,0,2.73885e+07,0,0,1.24265e+07
2.2645e+06,2.92437e+06,0,0,0,2.96667e+07,-659866,0,1.24265e+07
4.529e+06,2.92437e+06,0,0,0,2.96669e+07,-659872,0,1.24265e+07
6.79348e+06,2.92437e+06,0,0,0,2.96672e+07,-659878,0,1.24265e+07
9.05797e+06,2.92437e+06,0,0,0,2.96675e+07,-659884,0,1.24265e+07
9.05797e+06,0,0,0,0,2.6269e+07,0,0,1.24265e+07
9.01924e+06,0,0,0,0,2.63295e+07,-38726,0,1.24265e+07
8.98055e+06,0,0,0,0,2.63297e+07,-38686.6,0,1.24265e+07
8.98055e+06,0,0,0,0,2.62698e+07,0,0,1.24265e+07
8.98055e+06,0,0,0,0,2.627e+07,0,0,1.24265e+07
8.98055e+06,0,0,0,0,2.72771e+07,0,0,1.24265e+07
8.98055e+06,0,0,0,0,2.72773e+07,0,0,1.24265e+07
8.98055e+06,0,0,0,0,2.72776e+07,0,0,1.24265e+07
8.98055e+06,0,0,0,0,2.72778e+07,0,0,1.24265e+07
8.98055e+06,0,0,0,0,2.68857e+07,0,0,1.24265e+07
8.98055e+06,0,0,0,0,2.6886e+07,0,0,1.24265e+07
8.98055e+06,0,0,0,0,2.68862e+07,0,0,1.24265e+07
8.98055e+06,0,0,0,0,2.68865e+07,0,0,1.24265e+07
8.98055e+06,0,0,0,0,2.82488e+07,0,0,1.24265e+07
8.98055e+06,0,0,0,0,2.82491e+07,0,0,1.24265e+07
8.98055e+06,0,0,0,0,2.82493e+07,0,0,1.24265e+07
8.98055e+06,0,0,0,0,2.82496e+07,0,0,1.24265e+07
8.98055e+06,0,0,0,0,2.82499e+07,0,0,1.24265e+07
8.98055e+06,0,0,0,0,2.8509e+07,0,0,1.24265e+07
8.98055e+06,0,0,0,0,2.85092e+07,0,0,1.24265e+07
8.98055e+06,0,0,0,0,2.85095e+07,0,0,1.24265e+07
8.98055e+06,0,0,0,0,2.85097e+07,0,0,1.24265e+07
1.12698e+07,2.92437e+06,0,0,0,2.85558e+07,-635157,0,1.24265e+07
1.3559e+07,2.92437e+06,0,0,0,2.8556e+07,-635163,0,1.24265e+07
1.58482e+07,2.92437e+06,0,0,0,2.85563e+07,-635168,0,1.24265e+07
1.81374e+07,2.92437e+06,0,0,0,2.85566e+07,-635174,0,1.24265e+07
2.0378e+07,2.92437e+06,0,0,0,3.07382e+07,-683700,0,1.24265e+07
2.26187e+07,2.92437e+06,0,0,0,3.07385e+07,-683706,0,1.24265e+07
2.48593e+07,2.92437e+06,0,0,0,3.07388e+07,-683712,0,1.24265e+07
2.71e+07,2.92437e+06,0,0,0,3.07391e+07,-683719,0,1.24265e+07
2.93406e+07,2.92437e+06,0,0,0,3.07393e+07,-683725,0,1.24265e+07
3.16082e+07,2.92437e+06,0,0,0,2.95303e+07,-656832,0,1.24265e+07
3.38757e+07,2.92437e+06,0,0,0,2.95305e+07,-656838,0,1.24265e+07
3.61432e+07,2.92437e+06,0,0,0,2.95308e+07,-656844,0,1.24265e+07
3.84107e+07,2.92437e+06,0,0,0,2.95311e+07,-656850,0,1.24265e+07
3.84107e+07,0,0,0,0,2.91056e+07,0,0,1.24265e+07
3.84107e+07,0,0,0,0,2.91058e+07,0,0,1.24265e+07
3.84107e+07,0,0,0,0,2.91061e+07,0,0,1.24265e+07
3.84107e+07,0,0,0,0,2.91064e+07,0,0,1.24265e+07
3.84107e+07,0,0,0,0,2.65547e+07,0,0,1.24265e+07
3.84107e+07,0,0,0,0,2.6555e+07,0,0,1.24265e+07
3.84107e+07,0,0,0,0,2.65552e+07,0,0,1.24265e+07
3.84107e+07,0,0,0,0,2.65554e+07,0,0,1.24265e+07
0,0,5.64933e+07,0,0,2.65557e+07,0,1.80826e+07,1.24265e+07
0,0,0,0,0,2.74007e+07,0,0,1.24265e+07
0,0,0,0,0,2.74008e+07,0,0,1.24265e+07
0,0,0,0,0,2.74008e+07,0,0,1.24265e+07
0,0,0,0,0,2.74008e+07,0,0,1.24265e+07
2.26224e+06,2.92239e+06,0,0,0,2.96798e+07,-660158,0,1.24265e+07
4.52447e+06,2.92239e+06,0,0,0,2.96798e+07,-660159,0,1.24265e+07
6.78671e+06,2.92239e+06,0,0,0,2.96799e+07,-660159,0,1.24265e+07
9.04894e+06,2.92239e+06,0,0,0,2.96799e+07,-660160,0,1.24265e+07
9.04894e+06,0,0,0,0,2.62798e+07,0,0,1.24265e+07
9.01196e+06,0,0,0,0,2.63374e+07,-36980.1,0,1.24265e+07
8.97499e+06,0,0,0,0,2.63374e+07,-36974.8,0,1.24265e+07
8.97499e+06,0,0,0,0,2.62799e+07,0,0,1.24265e+07
8.97499e+06,0,0,0,0,2.62799e+07,0,0,1.24265e+07
8.97499e+06,0,0,0,0,2.72872e+07,0,0,1.24265e+07
8.97499e+06,0,0,0,0,2.72872e+07,0,0,1.24265e+07
8.97499e+06,0,0,0,0,2.72872e+07,0,0,1.24265e+07
8.97499e+06,0,0,0,0,2.72873e+07,0,0,1.24265e+07
8.97499e+06,0,0,0,0,2.68948e+07,0,0,1.24265e+07
8.97499e+06,0,0,0,0,2.68949e+07,0,0,1.24265e+07
8.97499e+06,0,0,0,0,2.68949e+07,0,0,1.24265e+07
8.97499e+06,0,0,0,0,2.68949e+07,0,0,1.24265e+07
8.97499e+06,0,0,0,0,2.82574e+07,0,0,1.24265e+07
8.97499e+06,0,0,0,0,2.82575e+07,0,0,1.24265e+07
8.97499e+06,0,0,0,0,2.82575e+07,0,0,1.24265e+07
8.97499e+06,0,0,0,0,2.82576e+07,0,0,1.24265e+07
8.97499e+06,0,0,0,0,2.82576e+07,0,0,1.24265e+07
8.97499e+06,0,0,0,0,2.85165e+07,0,0,1.24265e+07
8.97499e+06,0,0,0,0,2.85166e+07,0,0,1.24265e+07
8.97499e+06,0,0,0,0,2.85166e+07,0,0,1.24265e+07
8.97499e+06,0,0,0,0,2.85166e+07,0,0,1.24265e+07
1.12621e+07,2.92239e+06,0,0,0,2.85624e+07,-635305,0,1.24265e+07
1.35492e+07,2.92239e+06,0,0,0,2.85625e+07,-635306,0,1.24265e+07
1.58363e+07,2.92239e+06,0,0,0,2.85625e+07,-635307,0,1.24265e+07
1.81233e+07,2.92239e+06,0,0,0,2.85626e+07,-635308,0,1.24265e+07
2.03619e+07,2.92239e+06,0,0,0,3.07444e+07,-683838,0,1.24265e+07
1.98651e+07,2.92239e+06,0,0,0,2.80091e+07,-3.41919e+06,0,1.24265e+07
2.21037e+07,2.92239e+06,0,0,0,3.07445e+07,-683839,0,1.24265e+07
2.43422e+07,2.92239e+06,0,0,0,3.07445e+07,-683840,0,1.24265e+07
2.38454e+07,2.92239e+06,0,0,0,2.80092e+07,-3.41921e+06,0,1.24265e+07
2.34831e+07,2.92239e+06,0,0,0,2.69073e+07,-3.28469e+06,0,1.24265e+07
2.57486e+07,2.92239e+06,0,0,0,2.95351e+07,-656938,0,1.24265e+07
2.8014e+07,2.92239e+06,0,0,0,2.95351e+07,-656939,0,1.24265e+07
2.76517e+07,2.92239e+06,0,0,0,2.69074e+07,-3.2847e+06,0,1.24265e+07
2.56258e+07,0,0,0,0,2.70834e+07,-2.02595e+06,0,1.29655e+07
2.35998e+07,0,0,0,0,2.70834e+07,-2.02595e+06,0,1.29655e+07
2.15739e+07,0,0,0,0,2.70834e+07,-2.02595e+06,0,1.29655e+07
1.95479e+07,0,0,0,0,2.70835e+07,-2.02595e+06,0,1.29655e+07
1.77001e+07,0,0,0,0,2.47095e+07,-1.8478e+06,0,1.29655e+07
1.58523e+07,0,0,0,0,2.47095e+07,-1.8478e+06,0,1.29655e+07
1.58523e+07,0,0,0,0,2.65574e+07,0,0,1.24265e+07
1.58523e+07,0,0,0,0,2.65574e+07,0,0,1.24265e+07
0,0,5.58566e+07,0,0,2.47096e+07,-1.84781e+06,4.18521e+07,1.29655e+07
0,0,0,0,0,2.74023e+07,0,0,1.24265e+07
0,0,0,0,0,2.74021e+07,0,0,1.24265e+07
0,0,0,0,0,2.54953e+07,-1.90658e+06,1.90658e+06,1.29655e+07
0,0,0,0,0,2.54952e+07,-1.90657e+06,1.90657e+06,1.29655e+07
0,2.88946e+06,0,0,0,2.70398e+07,-3.30087e+06,0,1.24265e+07
0,2.88946e+06,0,0,0,2.70396e+07,-3.30085e+06,0,1.24265e+07
0,2.88946e+06,0,0,0,2.70395e+07,-3.30083e+06,0,1.24265e+07
0,2.88946e+06,0,0,0,2.70393e+07,-3.3008e+06,0,1.24265e+07
0,0,0,0,0,2.44511e+07,-1.82852e+06,1.82852e+06,1.29655e+07
0,0,0,0,0,2.45108e+07,-1.86326e+06,1.86326e+06,1.29655e+07
0,0,0,0,0,2.45107e+07,-1.86327e+06,1.86327e+06,1.29655e+07
0,0,0,0,0,2.45105e+07,-1.86329e+06,1.86329e+06,1.29655e+07
0,0,0,0,0,2.45104e+07,-1.8633e+06,1.8633e+06,1.29655e+07
0,0,0,0,0,2.54473e+07,-1.93346e+06,1.93346e+06,1.29655e+07
0,0,0,0,0,2.72857e+07,0,0,1.24265e+07
0,0,0,0,0,2.72855e+07,0,0,1.24265e+07
0,0,0,0,0,2.72853e+07,0,0,1.24265e+07
0,0,0,0,0,2.68927e+07,0,0,1.24265e+07
0,0,0,0,0,2.68925e+07,0,0,1.24265e+07
0,0,0,0,0,2.68923e+07,0,0,1.24265e+07
0,0,0,0,0,2.68921e+07,0,0,1.24265e+07
0,0,0,0,0,2.82543e+07,0,0,1.24265e+07
0,0,0,0,0,2.6288e+07,-1.96608e+06,1.96608e+06,1.29655e+07
0,0,0,0,0,2.62878e+07,-1.96607e+06,1.96607e+06,1.29655e+07
0,0,0,0,0,2.82537e+07,0,0,1.24265e+07
0,0,0,0,0,2.82535e+07,0,0,1.24265e+07
0,0,0,0,0,2.85122e+07,0,0,1.24265e+07
0,0,0,0,0,2.8512e+07,0,0,1.24265e+07
0,0,0,0,0,2.85118e+07,0,0,1.24265e+07
0,0,0,0,0,2.65269e+07,-1.98477e+06,1.98477e+06,1.29655e+07
0,2.88946e+06,0,0,0,2.60164e+07,-3.17594e+06,0,1.24265e+07
0,2.88946e+06,0,0,0,2.60163e+07,-3.17592e+06,0,1.24265e+07
0,2.88946e+06,0,0,0,2.60161e+07,-3.1759e+06,0,1.24265e+07
0,2.88946e+06,0,0,0,2.60159e+07,-3.17588e+06,0,1.24265e+07
0,2.88946e+06,0,0,0,2.8003e+07,-3.41845e+06,0,1.24265e+07
0,2.88946e+06,0,0,0,2.80028e+07,-3.41843e+06,0,1.24265e+07
0,2.88946e+06,0,0,0,2.80026e+07,-3.4184e+06,0,1.24265e+07
0,2.88946e+06,0,0,0,2.80024e+07,-3.41838e+06,0,1.24265e+07
0,2.88946e+06,0,0,0,2.80022e+07,-3.41836e+06,0,1.24265e+07
0,2.88946e+06,0,0,0,2.69004e+07,-3.28385e+06,0,1.24265e+07
0,2.88946e+06,0,0,0,2.69002e+07,-3.28382e+06,0,1.24265e+07
0,2.88946e+06,0,0,0,2.69e+07,-3.2838e+06,0,1.24265e+07
0,2.88946e+06,0,0,0,2.68998e+07,-3.28378e+06,0,1.24265e+07
0,0,0,0,0,2.70756e+07,-2.02536e+06,2.02536e+06,1.29655e+07
0,0,0,0,0,2.91007e+07,0,0,1.24265e+07
0,0,0,0,0,2.70752e+07,-2.02533e+06,2.02533e+06,1.29655e+07
0,0,0,0,0,2.7075e+07,-2.02532e+06,2.02532e+06,1.29655e+07
0,0,0,0,0,2.47016e+07,-1.8472e+06,1.8472e+06,1.29655e+07
0,0,0,0,0,2.65486e+07,0,0,1.24265e+07
0,0,0,0,0,2.65484e+07,0,0,1.24265e+07
0,0,0,0,0,2.65482e+07,0,0,1.24265e+07
0,0,0,0,0,2.65481e+07,0,0,1.24265e+07
0,0,5.48359e+07,0,0,2.73924e+07,0,5.48359e+07,1.24265e+07
0,0,0,0,0,2.7392e+07,0,0,1.24265e+07
0,0,0,0,0,2.73916e+07,0,0,1.24265e+07
0,0,0,0,0,2.73912e+07,0,0,1.24265e+07
2.17674e+06,2.83666e+06,0,0,0,2.96689e+07,-659915,0,1.24265e+07
4.3535e+06,2.83666e+06,0,0,0,2.96685e+07,-659906,0,1.24265e+07
6.53026e+06,2.83666e+06,0,0,0,2.9668e+07,-659896,0,1.24265e+07
8.70703e+06,2.83666e+06,0,0,0,2.96676e+07,-659886,0,1.24265e+07
8.70703e+06,0,0,0,0,2.62685e+07,0,0,1.24265e+07
8.66822e+06,0,0,0,0,2.63285e+07,-38815.4,0,1.24265e+07
8.62934e+06,0,0,0,0,2.63282e+07,-38878.1,0,1.24265e+07
8.62934e+06,0,0,0,0,2.62673e+07,0,0,1.24265e+07
8.62934e+06,0,0,0,0,2.62669e+07,0,0,1.24265e+07
8.62934e+06,0,0,0,0,2.72732e+07,0,0,1.24265e+07
8.62934e+06,0,0,0,0,2.72728e+07,0,0,1.24265e+07
8.62934e+06,0,0,0,0,2.72724e+07,0,0,1.24265e+07
8.62934e+06,0,0,0,0,2.7272e+07,0,0,1.24265e+07
8.62934e+06,0,0,0,0,2.68794e+07,0,0,1.24265e+07
8.62934e+06,0,0,0,0,2.6879e+07,0,0,1.24265e+07
8.62934e+06,0,0,0,0,2.68786e+07,0,0,1.24265e+07
8.62934e+06,0,0,0,0,2.68782e+07,0,0,1.24265e+07
8.62934e+06,0,0,0,0,2.82394e+07,0,0,1.24265e+07
8.62934e+06,0,0,0,0,2.8239e+07,0,0,1.24265e+07
8.62934e+06,0,0,0,0,2.82386e+07,0,0,1.24265e+07
8.62934e+06,0,0,0,0,2.82381e+07,0,0,1.24265e+07
8.62934e+06,0,0,0,0,2.82377e+07,0,0,1.24265e+07
8.62934e+06,0,0,0,0,2.8496e+07,0,0,1.24265e+07
8.62934e+06,0,0,0,0,2.84956e+07,0,0,1.24265e+07
8.62934e+06,0,0,0,0,2.84952e+07,0,0,1.24265e+07
8.62934e+06,0,0,0,0,2.84948e+07,0,0,1.24265e+07
1.08312e+07,2.83666e+06,0,0,0,2.85401e+07,-634808,0,1.24265e+07
1.30331e+07,2.83666e+06,0,0,0,2.85397e+07,-634798,0,1.24265e+07
1.52349e+07,2.83666e+06,0,0,0,2.85392e+07,-634789,0,1.24265e+07
1.74368e+07,2.83666e+06,0,0,0,2.85388e+07,-634780,0,1.24265e+07
1.68572e+07,2.83666e+06,0,0,0,2.79853e+07,-3.41629e+06,0,1.24265e+07
1.62776e+07,2.83666e+06,0,0,0,2.79849e+07,-3.41624e+06,0,1.24265e+07
1.56981e+07,2.83666e+06,0,0,0,2.79845e+07,-3.41619e+06,0,1.24265e+07
1.51186e+07,2.83666e+06,0,0,0,2.79841e+07,-3.41614e+06,0,1.24265e+07
1.45391e+07,2.83666e+06,0,0,0,2.79837e+07,-3.41609e+06,0,1.24265e+07
1.40942e+07,2.83666e+06,0,0,0,2.68823e+07,-3.28164e+06,0,1.24265e+07
1.36492e+07,2.83666e+06,0,0,0,2.68819e+07,-3.2816e+06,0,1.24265e+07
1.32043e+07,2.83666e+06,0,0,0,2.68815e+07,-3.28155e+06,0,1.24265e+07
1.27595e+07,2.83666e+06,0,0,0,2.68811e+07,-3.2815e+06,0,1.24265e+07
1.07356e+07,0,0,0,0,2.70565e+07,-2.02394e+06,0,1.29655e+07
1.15483e+07,2.83666e+06,0,0,0,2.70561e+07,-2.02391e+06,0,1.29655e+07
1.23611e+07,2.83666e+06,0,0,0,2.70557e+07,-2.02388e+06,0,1.29655e+07
1.31739e+07,2.83666e+06,0,0,0,2.70553e+07,-2.02385e+06,0,1.29655e+07
1.41647e+07,2.83666e+06,0,0,0,2.46834e+07,-1.84585e+06,0,1.29655e+07
1.51538e+07,2.83666e+06,0,0,0,2.46861e+07,-1.8476e+06,0,1.29655e+07
1.33061e+07,0,0,0,0,2.46859e+07,-1.84763e+06,0,1.29655e+07
1.14585e+07,0,0,0,0,2.46856e+07,-1.84766e+06,0,1.29655e+07
9.61079e+06,0,0,0,0,2.46853e+07,-1.84769e+06,0,1.29655e+07
