0rest_m,1rest_m,0transf,1transf
1.000000,1.000000,0,-0
1.000000,1.000000,0,-0
1.000000,1.000000,0,-0
1.000000,1.000000,0,-0
1.000000,1.000000,0,-0
1.000000,1.000000,0,-0
1.000000,1.000000,0,-0
1.000000,1.000000,0,-0
1.000000,1.000000,0,-0
1.000000,1.000000,0,-0
1.000000,1.000000,0,-0
1.000000,1.000000,0,-0
1.000000,1.000000,0,-0
1.000000,1.000000,0,-0
1.000000,1.000000,0,-0
1.000000,1.000000,0,-0
1.000000,1.000000,0,-0
1.000000,1.000000,0,-0
1.000000,1.000000,0,-0
1.000000,1.000000,0,-0
1.000000,1.000000,0,-0
1.000000,1.000000,0,-0
1.000000,1.000000,0,-0
1.000000,1.000000,0,-0
1.000000,1.000000,0,-0
1.000000,1.000000,0,-0
1.000000,1.000000,0,-0
1.000000,1.000000,0,-0
1.000000,1.000000,0,-0
1.000000,1.000000,0,-0
1.000000,1.000000,0,-0
1.000000,1.000000,0,-0
1.000000,1.000000,0,-0
1.000000,1.000000,0,-0
1.000000,1.000000,0,-0
1.000000,1.000000,0,-0
1.000000,1.000000,0,-0
1.000000,1.000000,0,-0
1.000000,1.000000,0,-0
1.000000,1.000000,0,-0
1.000000,1.000000,0,-0
1.000000,1.000000,0,-0
1.000000,1.000000,0,-0
1.000000,1.000000,0,-0
1.000000,1.000000,0,-0
1.000000,1.000000,0,-0
1.000000,1.000000,0,-0
1.000000,1.000000,0,-0
1.000000,1.000000,0,-0
1.000000,1.000000,0,-0
1.000000,1.000000,0,-0
1.000000,1.000000,0,-0
1.000000,1.000000,0,-0
1.000000,1.000000,0,-0
1.000000,1.000000,0,-0
1.000000,1.000000,0,-0
1.000000,1.000000,0,-0
1.000000,1.000000,0,-0
1.000000,1.000000,0,-0
1.000000,1.000000,0,-0
1.000000,1.000000,0,-0
1.000000,1.000000,0,-0
1.000000,1.000000,0,-0
1.000000,1.000000,0,-0
1.000000,1.000000,0,-0
1.000000,1.000000,0,-0
1.000000,1.000000,0,-0
1.000000,1.000000,0,-0
1.000000,1.000000,0,-0
1.000000,1.000000,0,-0
1.000000,1.000000,0,-0
1.000000,1.000000,0,-0
1.000000,1.000000,0,-0
1.000000,1.000000,0,-0
1.000000,1.000000,0,-0
1.000000,1.000000,0,-0
1.000000,1.000000,0,-0
1.000000,1.000000,0,-0
1.000000,1.000000,0,-0
1.000000,1.000000,0,-0
1.000000,1.000000,0,-0
1.000000,1.000000,0,-0
1.000000,1.000000,0,-0
1.000000,1.000000,0,-0
1.000000,1.000000,0,-0
1.000000,1.000000,0,-0
1.000000,1.000000,0,-0
1.000000,1.000000,0,-0
1.000000,1.000000,0,-0
1.000000,1.000000,0,-0
1.000000,1.000000,0,-0
1.000000,1.000000,0,-0
1.000000,1.000000,0,-0
1.000000,1.000000,0,-0
1.000000,1.000000,0,-0
1.000000,1.000000,0,-0
1.000000,1.000000,0,-0
1.000000,1.000000,0,-0
1.000000,1.000000,0,-0
1.000000,1.000000,0,-0
1.000000,1.000000,0,-0
1.000000,1.000000,0,-0
1.000000,1.000000,0,-0
1.000000,1.000000,0,-0
1.000000,1.000000,0,-0
1.000000,1.000000,0,-0
1.000000,1.000000,0,-0
1.000000,1.000000,0,-0
1.000000,1.000000,0,-0
1.000000,1.000000,0,-0
1.000000,1.000000,0,-0
1.000000,1.000000,0,-0
1.000000,1.000000,0,-0
1.000000,1.000000,0,-0
1.000000,1.000000,0,-0
1.000000,1.000000,0,-0
1.000000,1.000000,0,-0
1.000000,1.000000,0,-0
1.000000,1.000000,0,-0
1.000000,1.000000,0,-0
1.000000,1.000000,0,-0
1.000000,1.000000,0,-0
1.000000,1.000000,0,-0
1.000000,1.000000,0,-0
1.000000,1.000000,0,-0
1.000000,1.000000,0,-0
1.000000,1.000000,0,-0
1.000000,1.000000,0,-0
1.000000,1.000000,0,-0
1.000000,1.000000,0,-0
1.000000,1.000000,0,-0
1.000000,1.000000,0,-0
1.000000,1.000000,0,-0
1.000000,1.000000,0,-0
1.000000,1.000000,0,-0
1.000000,1.000000,0,-0
1.000000,1.000000,0,-0
1.000000,1.000000,0,-0
1.000000,1.000000,0,-0
1.000000,1.000000,0,-0
1.000000,1.000000,0,-0
1.000000,1.000000,0,-0
1.000000,1.000000,0,-0
1.000000,1.000000,0,-0
1.000000,1.000000,0,-0
1.000000,1.000000,0,-0
1.000000,1.000000,0,-0
1.000000,1.000000,0,-0
1.000000,1.000000,0,-0
1.000000,1.000000,0,-0
1.000000,1.000000,0,-0
1.000000,1.000000,0,-0
1.000000,1.000000,0,-0
1.000000,1.000000,0,-0
1.000000,1.000000,0,-0
1.000000,1.000000,0,-0
1.000000,1.000000,0,-0
1.000000,1.000000,0,-0
1.000000,1.000000,0,-0
1.000000,1.000000,0,-0
1.000000,1.000000,0,-0
1.000000,1.000000,0,-0
1.000000,1.000000,0,-0
1.000000,1.000000,0,-0
1.000000,1.000000,0,-0
1.000000,1.000000,0,-0
1.000000,1.000000,0,-0
1.000000,1.000000,0,-0
1.000000,1.000000,0,-0
1.000000,1.000000,0,-0
1.000000,1.000000,0,-0
1.000000,1.000000,0,-0
1.000000,1.000000,0,-0
1.000000,1.000000,0,-0
1.000000,1.000000,0,-0
1.000000,1.000000,0,-0
1.000000,1.000000,0,-0
1.000000,1.000000,0,-0
1.000000,1.000000,0,-0
1.000000,1.000000,0,-0
1.000000,1.000000,0,-0
1.000000,1.000000,0,-0
1.000000,1.000000,0,-0
1.000000,1.000000,0,-0
1.000000,1.000000,0,-0
1.000000,1.000000,0,-0
1.000000,1.000000,0,-0
1.000000,1.000000,0,-0
1.000000,1.000000,0,-0
1.000000,1.000000,0,-0
1.000000,1.000000,0,-0
1.000000,1.000000,0,-0
1.000000,1.000000,0,-0
1.000000,1.000000,0,-0
1.000000,1.000000,0,-0
1.000000,1.000000,0,-0
1.000000,1.000000,0,-0
1.000000,1.000000,0,-0
1.000000,1.000000,0,-0
1.000000,1.000000,0,-0
1.000000,1.000000,0,-0
1.000000,1.000000,0,-0
1.000000,1.000000,0,-0
1.000000,1.000000,0,-0
1.000000,1.000000,0,-0
1.000000,1.000000,0,-0
1.000000,1.000000,0,-0
1.000000,1.000000,0,-0
1.000000,1.000000,0,-0
1.000000,1.000000,0,-0
1.000000,1.000000,0,-0
1.000000,1.000000,0,-0
1.000000,1.000000,0,-0
1.000000,1.000000,0,-0
1.000000,1.000000,0,-0
1.000000,1.000000,0,-0
1.000000,1.000000,0,-0
1.000000,1.000000,0,-0
1.000000,1.000000,0,-0
1.000000,1.000000,0,-0
1.000000,1.000000,0,-0
1.000000,1.000000,0,-0
1.000000,1.000000,0,-0
1.000000,1.000000,0,-0
1.000000,1.000000,0,-0
1.000000,1.000000,0,-0
1.000000,1.000000,0,-0
1.000000,1.000000,0,-0
1.000000,1.000000,0,-0
1.000000,1.000000,0,-0
1.000000,1.000000,0,-0
1.000000,1.000000,0,-0
1.000000,1.000000,0,-0
1.000000,1.000000,0,-0
1.000000,1.000000,0,-0
1.000000,1.000000,0,-0
1.000000,1.000000,0,-0
1.000000,1.000000,0,-0
1.000000,1.000000,0,-0
1.000000,1.000000,0,-0
1.000000,1.000000,0,-0
1.000000,1.000000,0,-0
1.000000,1.000000,0,-0
1.000000,1.000000,0,-0
1.000000,1.000000,0,-0
1.000000,1.000000,0,-0
1.000000,1.000000,0,-0
1.000000,1.000000,0,-0
1.000000,1.000000,0,-0
1.000000,1.000000,0,-0
1.000000,1.000000,0,-0
1.000000,1.000000,0,-0
1.000000,1.000000,0,-0
1.000000,1.000000,0,-0
1.000000,1.000000,0,-0
1.000000,1.000000,0,-0
1.000000,1.000000,0,-0
1.000000,1.000000,0,-0
1.000000,1.000000,0,-0
1.000000,1.000000,0,-0
1.000000,1.000000,0,-0
1.000000,1.000000,0,-0
1.000000,1.000000,0,-0
1.000000,1.000000,0,-0
1.000000,1.000000,0,-0
1.000000,1.000000,0,-0
1.000000,1.000000,0,-0
1.000000,1.000000,0,-0
1.000000,1.000000,0,-0
1.000000,1.000000,0,-0
1.000000,1.000000,0,-0
1.000000,1.000000,0,-0
1.000000,1.000000,0,-0
1.000000,1.000000,0,-0
1.000000,1.000000,0,-0
1.000000,1.000000,0,-0
1.000000,1.000000,0,-0
1.000000,1.000000,0,-0
1.000000,1.000000,0,-0
1.000000,1.000000,0,-0
1.000000,1.000000,0,-0
1.000000,1.000000,0,-0
1.000000,1.000000,0,-0
1.000000,1.000000,0,-0
1.000000,1.000000,0,-0
1.000000,1.000000,0,-0
1.000000,1.000000,0,-0
1.000000,1.000000,0,-0
1.000000,1.000000,0,-0
1.000000,1.000000,0,-0
1.000000,1.000000,0,-0
1.000000,1.000000,0,-0
1.000000,1.000000,0,-0
1.000000,1.000000,0,-0
1.000000,1.000000,0,-0
1.000000,1.000000,0,-0
1.000000,1.000000,0,-0
1.000000,1.000000,0,-0
1.000000,1.000000,0,-0
1.000000,1.000000,0,-0
1.000000,1.000000,0,-0
1.000000,1.000000,0,-0
1.000000,1.000000,0,-0
1.000000,1.000000,0,-0
1.000000,1.000000,0,-0
1.000000,1.000000,0,-0
1.000000,1.000000,0,-0
1.000000,1.000000,0,-0
1.000000,1.000000,0,-0
1.000000,1.000000,0,-0
1.000000,1.000000,0,-0
1.000000,1.000000,0,-0
1.000000,1.000000,0,-0
1.000000,1.000000,0,-0
1.000000,1.000000,0,-0
1.000000,1.000000,0,-0
1.000000,1.000000,0,-0
1.000000,1.000000,0,-0
1.000000,1.000000,0,-0
1.000000,1.000000,0,-0
1.000000,1.000000,0,-0
1.000000,1.000000,0,-0
1.000000,1.000000,0,-0
1.000000,1.000000,0,-0
1.000000,1.000000,0,-0
1.000000,1.000000,0,-0
1.000000,1.000000,0,-0
1.000000,1.000000,0,-0
1.000000,1.000000,0,-0
1.000000,1.000000,0,-0
1.000000,1.000000,0,-0
1.000000,1.000000,0,-0
1.000000,1.000000,0,-0
1.000000,1.000000,0,-0
1.000000,1.000000,0,-0
1.000000,1.000000,0,-0
1.000000,1.000000,0,-0
1.000000,1.000000,0,-0
1.000000,1.000000,0,-0
1.000000,1.000000,0,-0
1.000000,1.000000,0,-0
1.000000,1.000000,0,-0
1.000000,1.000000,0,-0
1.000000,1.000000,0,-0
1.000000,1.000000,0,-0
1.000000,1.000000,0,-0
1.000000,1.000000,0,-0
1.000000,1.000000,0,-0
1.000000,1.000000,0,-0
1.000000,1.000000,0,-0
1.000000,1.000000,0,-0
1.000000,1.000000,0,-0
1.000000,1.000000,0,-0
1.000000,1.000000,0,-0
1.000000,1.000000,0,-0
1.000000,1.000000,0,-0
1.000000,1.000000,0,-0
1.000000,1.000000,0,-0
1.000000,1.000000,0,-0
1.000000,1.000000,0,-0
1.000000,1.000000,0,-0
1.000000,1.000000,0,-0
1.000000,1.000000,0,-0
1.000000,1.000000,0,-0
1.000000,1.000000,0,-0
1.000000,1.000000,0,-0
1.000000,1.000000,0,-0
1.000000,1.000000,0,-0
1.000000,1.000000,0,-0
1.000000,1.000000,0,-0
1.000000,1.000000,0,-0
1.000000,1.000000,0,-0
1.000000,1.000000,0,-0
1.000000,1.000000,0,-0
1.000000,1.000000,0,-0
1.000000,1.000000,0,-0
1.000000,1.000000,0,-0
1.000000,1.000000,0,-0
1.000000,1.000000,0,-0
1.000000,1.000000,0,-0
1.000000,1.000000,0,-0
1.000000,1.000000,0,-0
1.000000,1.000000,0,-0
1.000000,1.000000,0,-0
1.000000,1.000000,0,-0
1.000000,1.000000,0,-0
1.000000,1.000000,0,-0
1.000000,1.000000,0,-0
1.000000,1.000000,0,-0
1.000000,1.000000,0,-0
1.000000,1.000000,0,-0
1.000000,1.000000,0,-0
1.000000,1.000000,0,-0
1.000000,1.000000,0,-0
1.000000,1.000000,0,-0
1.000000,1.000000,0,-0
1.000000,1.000000,0,-0
1.000000,1.000000,0,-0
1.000000,1.000000,0,-0
1.000000,1.000000,0,-0
1.000000,1.000000,0,-0
1.000000,1.000000,0,-0
1.000000,1.000000,0,-0
1.000000,1.000000,0,-0
1.000000,1.000000,0,-0
1.000000,1.000000,0,-0
1.000000,1.000000,0,-0
1.000000,1.000000,0,-0
1.000000,1.000000,0,-0
1.000000,1.000000,0,-0
1.000000,1.000000,0,-0
1.000000,1.000000,0,-0
1.000000,1.000000,0,-0
1.000000,1.000000,0,-0
1.000000,1.000000,0,-0
1.000000,1.000000,0,-0
1.000000,1.000000,0,-0
1.000000,1.000000,0,-0
1.000000,1.000000,0,-0
1.000000,1.000000,0,-0
1.000000,1.000000,0,-0
1.000000,1.000000,0,-0
1.000000,1.000000,0,-0
1.000000,1.000000,0,-0
1.000000,1.000000,0,-0
1.000000,1.000000,0,-0
1.000000,1.000000,0,-0
1.000000,1.000000,0,-0
1.000000,1.000000,0,-0
1.000000,1.000000,0,-0
1.000000,1.000000,0,-0
1.000000,1.000000,0,-0
1.000000,1.000000,0,-0
1.000000,1.000000,0,-0
1.000000,1.000000,0,-0
1.000000,1.000000,0,-0
1.000000,1.000000,0,-0
1.000000,1.000000,0,-0
1.000000,1.000000,0,-0
1.000000,1.000000,0,-0
1.000000,1.000000,0,-0
1.000000,1.000000,0,-0
1.000000,1.000000,0,-0
1.000000,1.000000,0,-0
1.000000,1.000000,0,-0
1.000000,1.000000,0,-0
1.000000,1.000000,0,-0
1.000000,1.000000,0,-0
1.000000,1.000000,0,-0
1.000000,1.000000,0,-0
1.000000,1.000000,0,-0
1.000000,1.000000,0,-0
1.000000,1.000000,0,-0
1.000000,1.000000,0,-0
1.000000,1.000000,0,-0
1.000000,1.000000,0,-0
1.000000,1.000000,0,-0
1.000000,1.000000,0,-0
1.000000,1.000000,0,-0
1.000000,1.000000,0,-0
1.000000,1.000000,0,-0
1.000000,1.000000,0,-0
1.000000,1.000000,0,-0
1.000000,1.000000,0,-0
1.000000,1.000000,0,-0
1.000000,1.000000,0,-0
1.000000,1.000000,0,-0
1.000000,1.000000,0,-0
1.000000,1.000000,0,-0
1.000000,1.000000,0,-0
1.000000,1.000000,0,-0
1.000000,1.000000,0,-0
1.000000,1.000000,0,-0
1.000000,1.000000,0,-0
1.000000,1.000000,0,-0
1.000000,1.000000,0,-0
1.000000,1.000000,0,-0
1.000000,1.000000,0,-0
1.000000,1.000000,0,-0
1.000000,1.000000,0,-0
1.000000,1.000000,0,-0
1.000000,1.000000,0,-0
1.000000,1.000000,0,-0
1.000000,1.000000,0,-0
1.000000,1.000000,0,-0
1.000000,1.000000,0,-0
1.000000,1.000000,0,-0
1.000000,1.000000,0,-0
1.000000,1.000000,0,-0
1.000000,1.000000,0,-0
1.000000,1.000000,0,-0
1.000000,1.000000,0,-0
1.000000,1.000000,0,-0
1.000000,1.000000,0,-0
1.000000,1.000000,0,-0
1.000000,1.000000,0,-0
1.000000,1.000000,0,-0
1.000000,1.000000,0,-0
1.000000,1.000000,0,-0
1.000000,1.000000,0,-0
1.000000,1.000000,0,-0
1.000000,1.000000,0,-0
1.000000,1.000000,0,-0
1.000000,1.000000,0,-0
1.000000,1.000000,0,-0
1.000000,1.000000,0,-0
1.000000,1.000000,0,-0
1.000000,1.000000,0,-0
1.000000,1.000000,0,-0
1.000000,1.000000,0,-0
1.000000,1.000000,0,-0
1.000000,1.000000,0,-0
1.000000,1.000000,0,-0
1.000000,1.000000,0,-0
1.000000,1.000000,0,-0
1.000000,1.000000,0,-0
1.000000,1.000000,0,-0
1.000000,1.000000,0,-0
1.000000,1.000000,0,-0
1.000000,1.000000,0,-0
1.000000,1.000000,0,-0
1.000000,1.000000,0,-0
1.000000,1.000000,0,-0
1.000000,1.000000,0,-0
1.000000,1.000000,0,-0
1.000000,1.000000,0,-0
1.000000,1.000000,0,-0
1.000000,1.000000,0,-0
1.000000,1.000000,0,-0
1.000000,1.000000,0,-0
1.000000,1.000000,0,-0
1.000000,1.000000,0,-0
1.000000,1.000000,0,-0
1.000000,1.000000,0,-0
1.000000,1.000000,0,-0
1.000000,1.000000,0,-0
1.000000,1.000000,0,-0
1.000000,1.000000,0,-0
1.000000,1.000000,0,-0
1.000000,1.000000,0,-0
1.000000,1.000000,0,-0
1.000000,1.000000,0,-0
1.000000,1.000000,0,-0
1.000000,1.000000,0,-0
1.000000,1.000000,0,-0
1.000000,1.000000,0,-0
1.000000,1.000000,0,-0
1.000000,1.000000,0,-0
1.000000,1.000000,0,-0
1.000000,1.000000,0,-0
1.000000,1.000000,0,-0
1.000000,1.000000,0,-0
1.000000,1.000000,0,-0
1.000000,1.000000,0,-0
1.000000,1.000000,0,-0
1.000000,1.000000,0,-0
1.000000,1.000000,0,-0
1.000000,1.000000,0,-0
1.000000,1.000000,0,-0
1.000000,1.000000,0,-0
1.000000,1.000000,0,-0
1.000000,1.000000,0,-0
1.000000,1.000000,0,-0
1.000000,1.000000,0,-0
1.000000,1.000000,0,-0
1.000000,1.000000,0,-0
1.000000,1.000000,0,-0
1.000000,1.000000,0,-0
1.000000,1.000000,0,-0
1.000000,1.000000,0,-0
1.000000,1.000000,0,-0
1.000000,1.000000,0,-0
1.000000,1.000000,0,-0
1.000000,1.000000,0,-0
1.000000,1.000000,0,-0
1.000000,1.000000,0,-0
1.000000,1.000000,0,-0
1.000000,1.000000,0,-0
1.000000,1.000000,0,-0
1.000000,1.000000,0,-0
1.000000,1.000000,0,-0
1.000000,1.000000,0,-0
1.000000,1.000000,0,-0
1.000000,1.000000,0,-0
1.000000,1.000000,0,-0
1.000000,1.000000,0,-0
1.000000,1.000000,0,-0
1.000000,1.000000,0,-0
1.000000,1.000000,0,-0
1.000000,1.000000,0,-0
1.000000,1.000000,0,-0
1.000000,1.000000,0,-0
1.000000,1.000000,0,-0
1.000000,1.000000,0,-0
1.000000,1.000000,0,-0
1.000000,1.000000,0,-0
1.000000,1.000000,0,-0
1.000000,1.000000,0,-0
1.000000,1.000000,0,-0
1.000000,1.000000,0,-0
1.000000,1.000000,0,-0
1.000000,1.000000,0,-0
1.000000,1.000000,0,-0
1.000000,1.000000,0,-0
1.000000,1.000000,0,-0
1.000000,1.000000,0,-0
1.000000,1.000000,0,-0
1.000000,1.000000,0,-0
1.000000,1.000000,0,-0
1.000000,1.000000,0,-0
1.000000,1.000000,0,-0
1.000000,1.000000,0,-0
1.000000,1.000000,0,-0
1.000000,1.000000,0,-0
1.000000,1.000000,0,-0
1.000000,1.000000,0,-0
1.000000,1.000000,0,-0
1.000000,1.000000,0,-0
1.000000,1.000000,0,-0
1.000000,1.000000,0,-0
1.000000,1.000000,0,-0
1.000000,1.000000,0,-0
1.000000,1.000000,0,-0
1.000000,1.000000,0,-0
1.000000,1.000000,0,-0
1.000000,1.000000,0,-0
1.000000,1.000000,0,-0
1.000000,1.000000,0,-0
1.000000,1.000000,0,-0
1.000000,1.000000,0,-0
1.000000,1.000000,0,-0
1.000000,1.000000,0,-0
1.000000,1.000000,0,-0
1.000000,1.000000,0,-0
1.000000,1.000000,0,-0
1.000000,1.000000,0,-0
1.000000,1.000000,0,-0
1.000000,1.000000,0,-0
1.000000,1.000000,0,-0
1.000000,1.000000,0,-0
1.000000,1.000000,0,-0
1.000000,1.000000,0,-0
1.000000,1.000000,0,-0
1.000000,1.000000,0,-0
1.000000,1.000000,0,-0
1.000000,1.000000,0,-0
1.000000,1.000000,0,-0
1.000000,1.000000,0,-0
1.000000,1.000000,0,-0
1.000000,1.000000,0,-0
1.000000,1.000000,0,-0
1.000000,1.000000,0,-0
1.000000,1.000000,0,-0
1.000000,1.000000,0,-0
1.000000,1.000000,0,-0
1.000000,1.000000,0,-0
1.000000,1.000000,0,-0
1.000000,1.000000,0,-0
1.000000,1.000000,0,-0
1.000000,1.000000,0,-0
1.000000,1.000000,0,-0
1.000000,1.000000,0,-0
1.000000,1.000000,0,-0
1.000000,1.000000,0,-0
1.000000,1.000000,0,-0
1.000000,1.000000,0,-0
1.000000,1.000000,0,-0
1.000000,1.000000,0,-0
1.000000,1.000000,0,-0
1.000000,1.000000,0,-0
1.000000,1.000000,0,-0
1.000000,1.000000,0,-0
1.000000,1.000000,0,-0
1.000000,1.000000,0,-0
1.000000,1.000000,0,-0
1.000000,1.000000,0,-0
1.000000,1.000000,0,-0
1.000000,1.000000,0,-0
1.000000,1.000000,0,-0
1.000000,1.000000,0,-0
1.000000,1.000000,0,-0
1.000000,1.000000,0,-0
1.000000,1.000000,0,-0
1.000000,1.000000,0,-0
1.000000,1.000000,0,-0
1.000000,1.000000,0,-0
1.000000,1.000000,0,-0
1.000000,1.000000,0,-0
1.000000,1.000000,0,-0
1.000000,1.000000,0,-0
1.000000,1.000000,0,-0
1.000000,1.000000,0,-0
1.000000,1.000000,0,-0
1.000000,1.000000,0,-0
1.000000,1.000000,0,-0
1.000000,1.000000,0,-0
1.000000,1.000000,0,-0
1.000000,1.000000,0,-0
1.000000,1.000000,0,-0
1.000000,1.000000,0,-0
1.000000,1.000000,0,-0
1.000000,1.000000,0,-0
1.000000,1.000000,0,-0
1.000000,1.000000,0,-0
1.000000,1.000000,0,-0
1.000000,1.000000,0,-0
1.000000,1.000000,0,-0
1.000000,1.000000,0,-0
1.000000,1.000000,0,-0
1.000000,1.000000,0,-0
1.000000,1.000000,0,-0
1.000000,1.000000,0,-0
1.000000,1.000000,0,-0
1.000000,1.000000,0,-0
1.000000,1.000000,0,-0
0.977018,0.977018,0,-0
0.977018,0.977018,0,-0
1.000000,1.000000,0,-0
1.000000,1.000000,0,-0
1.000000,1.000000,0,-0
1.000000,1.000000,0,-0
1.000000,1.000000,0,-0
0.954037,0.954037,0,-0
0.954037,0.954037,0,-0
0.977018,0.977018,0,-0
0.977018,0.977018,0,-0
1.000000,1.000000,0,-0
1.000000,1.000000,0,-0
1.000000,1.000000,0,-0
1.000000,1.000000,0,-0
1.000000,1.000000,0,-0
1.000000,1.000000,0,-0
1.000000,1.000000,0,-0
1.000000,1.000000,0,-0
1.000000,1.000000,0,-0
1.000000,1.000000,0,-0
1.000000,1.000000,0,-0
1.000000,1.000000,0,-0
1.000000,1.000000,0,-0
1.000000,1.000000,0,-0
1.000000,1.000000,0,-0
1.000000,1.000000,0,-0
1.000000,1.000000,0,-0
1.000000,1.000000,0,-0
1.000000,1.000000,0,-0
1.000000,1.000000,0,-0
1.000000,1.000000,0,-0
1.000000,1.000000,0,-0
1.000000,1.000000,0,-0
1.000000,1.000000,0,-0
1.000000,1.000000,0,-0
1.000000,1.000000,0,-0
1.000000,1.000000,0,-0
1.000000,1.000000,0,-0
1.000000,1.000000,0,-0
1.000000,1.000000,0,-0
1.000000,1.000000,0,-0
1.000000,1.000000,0,-0
1.000000,1.000000,0,-0
1.000000,1.000000,0,-0
1.000000,1.000000,0,-0
1.000000,1.000000,0,-0
1.000000,1.000000,0,-0
1.000000,1.000000,0,-0
1.000000,1.000000,0,-0
1.000000,1.000000,0,-0
1.000000,1.000000,0,-0
1.000000,1.000000,0,-0
1.000000,1.000000,0,-0
1.000000,1.000000,0,-0
1.000000,1.000000,0,-0
1.000000,1.000000,0,-0
1.000000,1.000000,0,-0
1.000000,1.000000,0,-0
1.000000,1.000000,0,-0
1.000000,1.000000,0,-0
1.000000,1.000000,0,-0
1.000000,1.000000,0,-0
1.000000,1.000000,0,-0
1.000000,1.000000,0,-0
1.000000,1.000000,0,-0
1.000000,1.000000,0,-0
1.000000,1.000000,0,-0
1.000000,1.000000,0,-0
1.000000,1.000000,0,-0
1.000000,1.000000,0,-0
1.000000,1.000000,0,-0
1.000000,1.000000,0,-0
1.000000,1.000000,0,-0
1.000000,1.000000,0,-0
1.000000,1.000000,0,-0
1.000000,1.000000,0,-0
1.000000,1.000000,0,-0
1.000000,1.000000,0,-0
1.000000,1.000000,0,-0
1.000000,1.000000,0,-0
1.000000,1.000000,0,-0
1.000000,1.000000,0,-0
1.000000,1.000000,0,-0
1.000000,1.000000,0,-0
1.000000,1.000000,0,-0
1.000000,1.000000,0,-0
1.000000,1.000000,0,-0
1.000000,1.000000,0,-0
1.000000,1.000000,0,-0
1.000000,1.000000,0,-0
1.000000,1.000000,0,-0
1.000000,1.000000,0,-0
1.000000,1.000000,0,-0
1.000000,1.000000,0,-0
1.000000,1.000000,0,-0
1.000000,1.000000,0,-0
1.000000,1.000000,0,-0
1.000000,1.000000,0,-0
1.000000,1.000000,0,-0
1.000000,1.000000,0,-0
1.000000,1.000000,0,-0
1.000000,1.000000,0,-0
1.000000,1.000000,0,-0
1.000000,1.000000,0,-0
1.000000,1.000000,0,-0
1.000000,1.000000,0,-0
1.000000,1.000000,0,-0
1.000000,1.000000,0,-0
1.000000,1.000000,0,-0
1.000000,1.000000,0,-0
1.000000,1.000000,0,-0
1.000000,1.000000,0,-0
1.000000,1.000000,0,-0
1.000000,1.000000,0,-0
1.000000,1.000000,0,-0
1.000000,1.000000,0,-0
1.000000,1.000000,0,-0
1.000000,1.000000,0,-0
1.000000,1.000000,0,-0
1.000000,1.000000,0,-0
1.000000,1.000000,0,-0
1.000000,1.000000,0,-0
1.000000,1.000000,0,-0
1.000000,1.000000,0,-0
1.000000,1.000000,0,-0
1.000000,1.000000,0,-0
1.000000,1.000000,0,-0
1.000000,1.000000,0,-0
1.000000,1.000000,0,-0
1.000000,1.000000,0,-0
1.000000,1.000000,0,-0
1.000000,1.000000,0,-0
1.000000,1.000000,0,-0
1.000000,1.000000,0,-0
1.000000,1.000000,0,-0
1.000000,1.000000,0,-0
1.000000,1.000000,0,-0
1.000000,1.000000,0,-0
1.000000,1.000000,0,-0
1.000000,1.000000,0,-0
1.000000,1.000000,0,-0
1.000000,1.000000,0,-0
1.000000,1.000000,0,-0
1.000000,1.000000,0,-0
1.000000,1.000000,0,-0
1.000000,1.000000,0,-0
1.000000,1.000000,0,-0
1.000000,1.000000,0,-0
1.000000,1.000000,0,-0
1.000000,1.000000,0,-0
1.000000,1.000000,0,-0
1.000000,1.000000,0,-0
1.000000,1.000000,0,-0
1.000000,1.000000,0,-0
1.000000,1.000000,0,-0
1.000000,1.000000,0,-0
1.000000,1.000000,0,-0
1.000000,1.000000,0,-0
1.000000,1.000000,0,-0
1.000000,1.000000,0,-0
1.000000,1.000000,0,-0
1.000000,1.000000,0,-0
1.000000,1.000000,0,-0
1.000000,1.000000,0,-0
1.000000,1.000000,0,-0
1.000000,1.000000,0,-0
1.000000,1.000000,0,-0
1.000000,1.000000,0,-0
1.000000,1.000000,0,-0
1.000000,1.000000,0,-0
1.000000,1.000000,0,-0
1.000000,1.000000,0,-0
1.000000,1.000000,0,-0
1.000000,1.000000,0,-0
1.000000,1.000000,0,-0
1.000000,1.000000,0,-0
1.000000,1.000000,0,-0
1.000000,1.000000,0,-0
1.000000,1.000000,0,-0
1.000000,1.000000,0,-0
1.000000,1.000000,0,-0
1.000000,1.000000,0,-0
1.000000,1.000000,0,-0
1.000000,1.000000,0,-0
1.000000,1.000000,0,-0
1.000000,1.000000,0,-0
1.000000,1.000000,0,-0
1.000000,1.000000,0,-0
1.000000,1.000000,0,-0
1.000000,1.000000,0,-0
1.000000,1.000000,0,-0
1.000000,1.000000,0,-0
1.000000,1.000000,0,-0
1.000000,1.000000,0,-0
1.000000,1.000000,0,-0
1.000000,1.000000,0,-0
1.000000,1.000000,0,-0
1.000000,1.000000,0,-0
1.000000,1.000000,0,-0
1.000000,1.000000,0,-0
1.000000,1.000000,0,-0
1.000000,1.000000,0,-0
1.000000,1.000000,0,-0
1.000000,1.000000,0,-0
1.000000,1.000000,0,-0
1.000000,1.000000,0,-0
1.000000,1.000000,0,-0
1.000000,1.000000,0,-0
1.000000,1.000000,0,-0
1.000000,1.000000,0,-0
1.000000,1.000000,0,-0
1.000000,1.000000,0,-0
1.000000,1.000000,0,-0
1.000000,1.000000,0,-0
1.000000,1.000000,0,-0
1.000000,1.000000,0,-0
1.000000,1.000000,0,-0
1.000000,1.000000,0,-0
1.000000,1.000000,0,-0
1.000000,1.000000,0,-0
1.000000,1.000000,0,-0
1.000000,1.000000,0,-0
1.000000,1.000000,0,-0
1.000000,1.000000,0,-0
1.000000,1.000000,0,-0
1.000000,1.000000,0,-0
1.000000,1.000000,0,-0
1.000000,1.000000,0,-0
1.000000,1.000000,0,-0
1.000000,1.000000,0,-0
1.000000,1.000000,0,-0
1.000000,1.000000,0,-0
1.000000,1.000000,0,-0
1.000000,1.000000,0,-0
1.000000,1.000000,0,-0
1.000000,1.000000,0,-0
1.000000,1.000000,0,-0
1.000000,1.000000,0,-0
1.000000,1.000000,0,-0
1.000000,1.000000,0,-0
1.000000,1.000000,0,-0
1.000000,1.000000,0,-0
1.000000,1.000000,0,-0
1.000000,1.000000,0,-0
1.000000,1.000000,0,-0
1.000000,1.000000,0,-0
1.000000,1.000000,0,-0
1.000000,1.000000,0,-0
1.000000,1.000000,0,-0
1.000000,1.000000,0,-0
1.000000,1.000000,0,-0
1.000000,1.000000,0,-0
1.000000,1.000000,0,-0
1.000000,1.000000,0,-0
1.000000,1.000000,0,-0
1.000000,1.000000,0,-0
1.000000,1.000000,0,-0
1.000000,1.000000,0,-0
1.000000,1.000000,0,-0
1.000000,1.000000,0,-0
1.000000,1.000000,0,-0
1.000000,1.000000,0,-0
1.000000,1.000000,0,-0
1.000000,1.000000,0,-0
1.000000,1.000000,0,-0
1.000000,1.000000,0,-0
1.000000,1.000000,0,-0
1.000000,1.000000,0,-0
1.000000,1.000000,0,-0
1.000000,1.000000,0,-0
1.000000,1.000000,0,-0
1.000000,1.000000,0,-0
1.000000,1.000000,0,-0
1.000000,1.000000,0,-0
1.000000,1.000000,0,-0
1.000000,1.000000,0,-0
1.000000,1.000000,0,-0
0.977018,0.977018,0,-0
0.885092,0.885092,0,-0
1.000000,1.000000,0,-0
1.000000,1.000000,0,-0
1.000000,1.000000,0,-0
1.000000,1.000000,0,-0
0.885092,0.885092,0,-0
1.000000,1.000000,0,-0
0.977018,0.977018,0,-0
0.954037,0.954037,0,-0
0.885092,0.885092,0,-0
0.885092,0.885092,0,-0
0.885092,0.885092,0,-0
1.000000,1.000000,0,-0
1.000000,1.000000,0,-0
1.000000,1.000000,0,-0
1.000000,1.000000,0,-0
1.000000,1.000000,0,-0
1.000000,1.000000,0,-0
1.000000,1.000000,0,-0
1.000000,1.000000,0,-0
1.000000,1.000000,0,-0
1.000000,1.000000,0,-0
1.000000,1.000000,0,-0
1.000000,1.000000,0,-0
1.000000,1.000000,0,-0
1.000000,1.000000,0,-0
1.000000,1.000000,0,-0
1.000000,1.000000,0,-0
1.000000,1.000000,0,-0
1.000000,1.000000,0,-0
1.000000,1.000000,0,-0
1.000000,1.000000,0,-0
0.885092,0.885092,0,-0
0.885092,0.885092,0,-0
0.885092,0.885092,0,-0
0.954037,0.954037,0,-0
0.954037,0.954037,0,-0
0.954037,0.954037,0,-0
0.885092,0.885092,0,-0
0.885092,0.885092,0,-0
0.885092,0.885092,0,-0
0.885092,0.885092,0,-0
0.885092,0.885092,0,-0
0.885092,0.885092,0,-0
0.885092,0.885092,0,-0
1.000000,1.000000,0,-0
1.000000,1.000000,0,-0
1.000000,1.000000,0,-0
1.000000,1.000000,0,-0
1.000000,1.000000,0,-0
1.000000,1.000000,0,-0
1.000000,1.000000,0,-0
1.000000,1.000000,0,-0
1.000000,1.000000,0,-0
1.000000,1.000000,0,-0
1.000000,1.000000,0,-0
1.000000,1.000000,0,-0
1.000000,1.000000,0,-0
1.000000,1.000000,0,-0
1.000000,1.000000,0,-0
1.000000,1.000000,0,-0
1.000000,1.000000,0,-0
1.000000,1.000000,0,-0
1.000000,1.000000,0,-0
1.000000,1.000000,0,-0
1.000000,1.000000,0,-0
1.000000,1.000000,0,-0
1.000000,1.000000,0,-0
1.000000,1.000000,0,-0
1.000000,1.000000,0,-0
1.000000,1.000000,0,-0
1.000000,1.000000,0,-0
1.000000,1.000000,0,-0
1.000000,1.000000,0,-0
1.000000,1.000000,0,-0
1.000000,1.000000,0,-0
1.000000,1.000000,0,-0
1.000000,1.000000,0,-0
1.000000,1.000000,0,-0
1.000000,1.000000,0,-0
0.954037,0.954037,0,-0
0.954037,0.954037,0,-0
0.954037,0.954037,0,-0
0.885092,0.885092,0,-0
0.885092,0.885092,0,-0
0.885092,0.885092,0,-0
0.885092,0.885092,0,-0
0.885092,0.885092,0,-0
0.885092,0.885092,0,-0
0.885092,0.885092,0,-0
0.885092,0.885092,0,-0
0.885092,0.885092,0,-0
0.885092,0.885092,0,-0
0.885092,0.885092,0,-0
0.885092,0.885092,0,-0
0.885092,0.885092,0,-0
0.885092,0.885092,0,-0
0.885092,0.885092,0.6048,-0.6048
0.885092,0.885092,0.6048,-0.6048
0.885092,0.885092,0.6048,-0.6048
0.885092,0.885092,0.6048,-0.6048
0.885092,0.885092,0.6048,-0.6048
0.885092,0.885092,0,-0
0.885092,0.885092,0.6048,-0.6048
0.885092,0.885092,0,-0
0.885092,0.885092,0,-0
0.954037,0.954037,0,-0
0.885092,0.885092,0,-0
1.000000,1.000000,0,-0
1.000000,1.000000,0,-0
1.000000,1.000000,0,-0
1.000000,1.000000,0,-0
1.000000,1.000000,0,-0
1.000000,1.000000,0,-0
1.000000,1.000000,0,-0
1.000000,1.000000,0,-0
1.000000,1.000000,0,-0
1.000000,1.000000,0,-0
1.000000,1.000000,0,-0
1.000000,1.000000,0,-0
1.000000,1.000000,0,-0
1.000000,1.000000,0,-0
1.000000,1.000000,0,-0
1.000000,1.000000,0,-0
1.000000,1.000000,0,-0
1.000000,1.000000,0,-0
1.000000,1.000000,0,-0
1.000000,1.000000,0,-0
1.000000,1.000000,0,-0
1.000000,1.000000,0,-0
1.000000,1.000000,0,-0
1.000000,1.000000,0,-0
1.000000,1.000000,0,-0
1.000000,1.000000,0,-0
1.000000,1.000000,0,-0
1.000000,1.000000,0,-0
1.000000,1.000000,0,-0
1.000000,1.000000,0,-0
1.000000,1.000000,0,-0
1.000000,1.000000,0,-0
1.000000,1.000000,0,-0
1.000000,1.000000,0,-0
1.000000,1.000000,0,-0
1.000000,1.000000,0,-0
1.000000,1.000000,0,-0
1.000000,1.000000,0,-0
1.000000,1.000000,0,-0
1.000000,1.000000,0,-0
1.000000,1.000000,0,-0
1.000000,1.000000,0,-0
1.000000,1.000000,0,-0
1.000000,1.000000,0,-0
1.000000,1.000000,0,-0
1.000000,1.000000,0,-0
1.000000,1.000000,0,-0
1.000000,1.000000,0,-0
1.000000,1.000000,0,-0
1.000000,1.000000,0,-0
1.000000,1.000000,0,-0
1.000000,1.000000,0,-0
1.000000,1.000000,0,-0
1.000000,1.000000,0,-0
1.000000,1.000000,0,-0
1.000000,1.000000,0,-0
1.000000,1.000000,0,-0
1.000000,1.000000,0,-0
1.000000,1.000000,0,-0
1.000000,1.000000,0,-0
1.000000,1.000000,0,-0
1.000000,1.000000,0,-0
1.000000,1.000000,0,-0
1.000000,1.000000,0,-0
1.000000,1.000000,0,-0
1.000000,1.000000,0,-0
1.000000,1.000000,0,-0
1.000000,1.000000,0,-0
1.000000,1.000000,0,-0
1.000000,1.000000,0,-0
1.000000,1.000000,0,-0
1.000000,1.000000,0,-0
1.000000,1.000000,0,-0
1.000000,1.000000,0,-0
1.000000,1.000000,0,-0
1.000000,1.000000,0,-0
1.000000,1.000000,0,-0
1.000000,1.000000,0,-0
1.000000,1.000000,0,-0
1.000000,1.000000,0,-0
1.000000,1.000000,0,-0
1.000000,1.000000,0,-0
1.000000,1.000000,0,-0
1.000000,1.000000,0,-0
1.000000,1.000000,0,-0
1.000000,1.000000,0,-0
1.000000,1.000000,0,-0
1.000000,1.000000,0,-0
1.000000,1.000000,0,-0
1.000000,1.000000,0,-0
1.000000,1.000000,0,-0
1.000000,1.000000,0,-0
1.000000,1.000000,0,-0
1.000000,1.000000,0,-0
1.000000,1.000000,0,-0
1.000000,1.000000,0,-0
1.000000,1.000000,0,-0
1.000000,1.000000,0,-0
1.000000,1.000000,0,-0
1.000000,1.000000,0,-0
1.000000,1.000000,0,-0
1.000000,1.000000,0,-0
1.000000,1.000000,0,-0
1.000000,1.000000,0,-0
1.000000,1.000000,0,-0
1.000000,1.000000,0,-0
1.000000,1.000000,0,-0
1.000000,1.000000,0,-0
1.000000,1.000000,0,-0
1.000000,1.000000,0,-0
1.000000,1.000000,0,-0
1.000000,1.000000,0,-0
1.000000,1.000000,0,-0
1.000000,1.000000,0,-0
1.000000,1.000000,0,-0
1.000000,1.000000,0,-0
1.000000,1.000000,0,-0
1.000000,1.000000,0,-0
1.000000,1.000000,0,-0
1.000000,1.000000,0,-0
1.000000,1.000000,0,-0
1.000000,1.000000,0,-0
1.000000,1.000000,0,-0
1.000000,1.000000,0,-0
1.000000,1.000000,0,-0
1.000000,1.000000,0,-0
1.000000,1.000000,0,-0
1.000000,1.000000,0,-0
1.000000,1.000000,0,-0
1.000000,1.000000,0,-0
1.000000,1.000000,0,-0
1.000000,1.000000,0,-0
1.000000,1.000000,0,-0
1.000000,1.000000,0,-0
1.000000,1.000000,0,-0
1.000000,1.000000,0,-0
0.954037,0.954037,0,-0
0.977018,0.977018,0,-0
1.000000,1.000000,0,-0
1.000000,1.000000,0,-0
0.885092,0.885092,0,-0
0.885092,0.885092,0,-0
0.954037,0.954037,0,-0
0.954037,0.954037,0,-0
0.954037,0.954037,0,-0
0.954037,0.954037,0,-0
0.954037,0.954037,0,-0
0.954037,0.954037,0,-0
0.954037,0.954037,0,-0
1.000000,1.000000,0,-0
0.977018,0.977018,0,-0
0.977018,0.977018,0,-0
0.977018,0.977018,0,-0
0.977018,0.977018,0,-0
0.977018,0.977018,0,-0
1.000000,1.000000,0,-0
1.000000,1.000000,0,-0
1.000000,1.000000,0,-0
1.000000,1.000000,0,-0
1.000000,1.000000,0,-0
1.000000,1.000000,0,-0
1.000000,1.000000,0,-0
1.000000,1.000000,0,-0
1.000000,1.000000,0,-0
1.000000,1.000000,0,-0
1.000000,1.000000,0,-0
1.000000,1.000000,0,-0
1.000000,1.000000,0,-0
1.000000,1.000000,0,-0
1.000000,1.000000,0,-0
1.000000,1.000000,0,-0
1.000000,1.000000,0,-0
1.000000,1.000000,0,-0
1.000000,1.000000,0,-0
1.000000,1.000000,0,-0
1.000000,1.000000,0,-0
1.000000,1.000000,0,-0
1.000000,1.000000,0,-0
1.000000,1.000000,0,-0
1.000000,1.000000,0,-0
1.000000,1.000000,0,-0
1.000000,1.000000,0,-0
1.000000,1.000000,0,-0
1.000000,1.000000,0,-0
1.000000,1.000000,0,-0
1.000000,1.000000,0,-0
1.000000,1.000000,0,-0
1.000000,1.000000,0,-0
1.000000,1.000000,0,-0
0.977018,0.977018,0,-0
1.000000,1.000000,0,-0
1.000000,1.000000,0,-0
1.000000,1.000000,0,-0
0.954037,0.954037,0,-0
0.954037,0.954037,0,-0
0.954037,0.954037,0,-0
0.954037,0.954037,0,-0
1.000000,1.000000,0,-0
1.000000,1.000000,0,-0
1.000000,1.000000,0,-0
1.000000,1.000000,0,-0
1.000000,1.000000,0,-0
1.000000,1.000000,0,-0
1.000000,1.000000,0,-0
1.000000,1.000000,0,-0
1.000000,1.000000,0,-0
1.000000,1.000000,0,-0
1.000000,1.000000,0,-0
1.000000,1.000000,0,-0
1.000000,1.000000,0,-0
1.000000,1.000000,0,-0
1.000000,1.000000,0,-0
1.000000,1.000000,0,-0
1.000000,1.000000,0,-0
1.000000,1.000000,0,-0
1.000000,1.000000,0,-0
1.000000,1.000000,0,-0
1.000000,1.000000,0,-0
1.000000,1.000000,0,-0
1.000000,1.000000,0,-0
1.000000,1.000000,0,-0
1.000000,1.000000,0,-0
1.000000,1.000000,0,-0
1.000000,1.000000,0,-0
1.000000,1.000000,0,-0
1.000000,1.000000,0,-0
1.000000,1.000000,0,-0
1.000000,1.000000,0,-0
1.000000,1.000000,0,-0
1.000000,1.000000,0,-0
1.000000,1.000000,0,-0
1.000000,1.000000,0,-0
1.000000,1.000000,0,-0
1.000000,1.000000,0,-0
1.000000,1.000000,0,-0
1.000000,1.000000,0,-0
1.000000,1.000000,0,-0
1.000000,1.000000,0,-0
1.000000,1.000000,0,-0
1.000000,1.000000,0,-0
1.000000,1.000000,0,-0
1.000000,1.000000,0,-0
1.000000,1.000000,0,-0
1.000000,1.000000,0,-0
1.000000,1.000000,0,-0
1.000000,1.000000,0,-0
1.000000,1.000000,0,-0
1.000000,1.000000,0,-0
1.000000,1.000000,0,-0
1.000000,1.000000,0,-0
1.000000,1.000000,0,-0
1.000000,1.000000,0,-0
1.000000,1.000000,0,-0
1.000000,1.000000,0,-0
1.000000,1.000000,0,-0
1.000000,1.000000,0,-0
1.000000,1.000000,0,-0
1.000000,1.000000,0,-0
1.000000,1.000000,0,-0
1.000000,1.000000,0,-0
1.000000,1.000000,0,-0
1.000000,1.000000,0,-0
1.000000,1.000000,0,-0
1.000000,1.000000,0,-0
1.000000,1.000000,0,-0
1.000000,1.000000,0,-0
1.000000,1.000000,0,-0
1.000000,1.000000,0,-0
1.000000,1.000000,0,-0
1.000000,1.000000,0,-0
1.000000,1.000000,0,-0
1.000000,1.000000,0,-0
1.000000,1.000000,0,-0
1.000000,1.000000,0,-0
1.000000,1.000000,0,-0
1.000000,1.000000,0,-0
1.000000,1.000000,0,-0
1.000000,1.000000,0,-0
1.000000,1.000000,0,-0
1.000000,1.000000,0,-0
1.000000,1.000000,0,-0
1.000000,1.000000,0,-0
1.000000,1.000000,0,-0
1.000000,1.000000,0,-0
1.000000,1.000000,0,-0
1.000000,1.000000,0,-0
0.954037,0.954037,0,-0
0.885092,0.885092,0,-0
0.954037,0.954037,0,-0
0.885092,0.885092,0,-0
0.885092,0.885092,0,-0
0.885092,0.885092,0,-0
0.885092,0.885092,0,-0
0.885092,0.885092,0,-0
0.885092,0.885092,0,-0
0.885092,0.885092,0,-0
0.885092,0.885092,0,-0
0.885092,0.885092,0,-0
0.885092,0.885092,0,-0
0.885092,0.885092,0,-0
0.885092,0.885092,0,-0
0.885092,0.885092,0,-0
0.885092,0.885092,0,-0
0.885092,0.885092,0,-0
0.885092,0.885092,0,-0
0.885092,0.885092,0,-0
0.885092,0.885092,0,-0
0.885092,0.885092,0,-0
0.885092,0.885092,0,-0
0.885092,0.885092,0,-0
0.977018,0.977018,0,-0
0.977018,0.977018,0,-0
0.954037,0.954037,0,-0
1.000000,1.000000,0,-0
1.000000,1.000000,0,-0
1.000000,1.000000,0,-0
1.000000,1.000000,0,-0
1.000000,1.000000,0,-0
1.000000,1.000000,0,-0
1.000000,1.000000,0,-0
1.000000,1.000000,0,-0
1.000000,1.000000,0,-0
1.000000,1.000000,0,-0
1.000000,1.000000,0,-0
1.000000,1.000000,0,-0
1.000000,1.000000,0,-0
1.000000,1.000000,0,-0
1.000000,1.000000,0,-0
1.000000,1.000000,0,-0
1.000000,1.000000,0,-0
1.000000,1.000000,0,-0
1.000000,1.000000,0,-0
1.000000,1.000000,0,-0
1.000000,1.000000,0,-0
1.000000,1.000000,0,-0
1.000000,1.000000,0,-0
1.000000,1.000000,0,-0
1.000000,1.000000,0,-0
1.000000,1.000000,0,-0
1.000000,1.000000,0,-0
1.000000,1.000000,0,-0
1.000000,1.000000,0,-0
1.000000,1.000000,0,-0
1.000000,1.000000,0,-0
1.000000,1.000000,0,-0
1.000000,1.000000,0,-0
1.000000,1.000000,0,-0
1.000000,1.000000,0,-0
1.000000,1.000000,0,-0
1.000000,1.000000,0,-0
1.000000,1.000000,0,-0
1.000000,1.000000,0,-0
1.000000,1.000000,0,-0
1.000000,1.000000,0,-0
1.000000,1.000000,0,-0
1.000000,1.000000,0,-0
1.000000,1.000000,0,-0
1.000000,1.000000,0,-0
1.000000,1.000000,0,-0
1.000000,1.000000,0,-0
1.000000,1.000000,0,-0
1.000000,1.000000,0,-0
1.000000,1.000000,0,-0
1.000000,1.000000,0,-0
1.000000,1.000000,0,-0
1.000000,1.000000,0,-0
1.000000,1.000000,0,-0
1.000000,1.000000,0,-0
1.000000,1.000000,0,-0
1.000000,1.000000,0,-0
1.000000,1.000000,0,-0
1.000000,1.000000,0,-0
1.000000,1.000000,0,-0
1.000000,1.000000,0,-0
1.000000,1.000000,0,-0
1.000000,1.000000,0,-0
1.000000,1.000000,0,-0
1.000000,1.000000,0,-0
1.000000,1.000000,0,-0
1.000000,1.000000,0,-0
1.000000,1.000000,0,-0
1.000000,1.000000,0,-0
1.000000,1.000000,0,-0
1.000000,1.000000,0,-0
1.000000,1.000000,0,-0
1.000000,1.000000,0,-0
1.000000,1.000000,0,-0
1.000000,1.000000,0,-0
1.000000,1.000000,0,-0
1.000000,1.000000,0,-0
1.000000,1.000000,0,-0
1.000000,1.000000,0,-0
1.000000,1.000000,0,-0
1.000000,1.000000,0,-0
1.000000,1.000000,0,-0
1.000000,1.000000,0,-0
1.000000,1.000000,0,-0
1.000000,1.000000,0,-0
1.000000,1.000000,0,-0
1.000000,1.000000,0,-0
1.000000,1.000000,0,-0
1.000000,1.000000,0,-0
1.000000,1.000000,0,-0
1.000000,1.000000,0,-0
1.000000,1.000000,0,-0
1.000000,1.000000,0,-0
1.000000,1.000000,0,-0
1.000000,1.000000,0,-0
1.000000,1.000000,0,-0
1.000000,1.000000,0,-0
1.000000,1.000000,0,-0
1.000000,1.000000,0,-0
1.000000,1.000000,0,-0
1.000000,1.000000,0,-0
1.000000,1.000000,0,-0
1.000000,1.000000,0,-0
1.000000,1.000000,0,-0
1.000000,1.000000,0,-0
1.000000,1.000000,0,-0
1.000000,1.000000,0,-0
1.000000,1.000000,0,-0
1.000000,1.000000,0,-0
1.000000,1.000000,0,-0
1.000000,1.000000,0,-0
1.000000,1.000000,0,-0
1.000000,1.000000,0,-0
1.000000,1.000000,0,-0
1.000000,1.000000,0,-0
1.000000,1.000000,0,-0
1.000000,1.000000,0,-0
1.000000,1.000000,0,-0
1.000000,1.000000,0,-0
1.000000,1.000000,0,-0
1.000000,1.000000,0,-0
1.000000,1.000000,0,-0
1.000000,1.000000,0,-0
1.000000,1.000000,0,-0
1.000000,1.000000,0,-0
1.000000,1.000000,0,-0
1.000000,1.000000,0,-0
1.000000,1.000000,0,-0
1.000000,1.000000,0,-0
1.000000,1.000000,0,-0
1.000000,1.000000,0,-0
1.000000,1.000000,0,-0
1.000000,1.000000,0,-0
1.000000,1.000000,0,-0
1.000000,1.000000,0,-0
1.000000,1.000000,0,-0
1.000000,1.000000,0,-0
1.000000,1.000000,0,-0
1.000000,1.000000,0,-0
1.000000,1.000000,0,-0
1.000000,1.000000,0,-0
1.000000,1.000000,0,-0
1.000000,1.000000,0,-0
1.000000,1.000000,0,-0
1.000000,1.000000,0,-0
1.000000,1.000000,0,-0
1.000000,1.000000,0,-0
1.000000,1.000000,0,-0
1.000000,1.000000,0,-0
1.000000,1.000000,0,-0
1.000000,1.000000,0,-0
1.000000,1.000000,0,-0
1.000000,1.000000,0,-0
1.000000,1.000000,0,-0
1.000000,1.000000,0,-0
1.000000,1.000000,0,-0
1.000000,1.000000,0,-0
1.000000,1.000000,0,-0
1.000000,1.000000,0,-0
1.000000,1.000000,0,-0
1.000000,1.000000,0,-0
1.000000,1.000000,0,-0
1.000000,1.000000,0,-0
1.000000,1.000000,0,-0
1.000000,1.000000,0,-0
1.000000,1.000000,0,-0
1.000000,1.000000,0,-0
1.000000,1.000000,0,-0
1.000000,1.000000,0,-0
1.000000,1.000000,0,-0
1.000000,1.000000,0,-0
1.000000,1.000000,0,-0
1.000000,1.000000,0,-0
1.000000,1.000000,0,-0
1.000000,1.000000,0,-0
1.000000,1.000000,0,-0
1.000000,1.000000,0,-0
1.000000,1.000000,0,-0
1.000000,1.000000,0,-0
1.000000,1.000000,0,-0
1.000000,1.000000,0,-0
1.000000,1.000000,0,-0
1.000000,1.000000,0,-0
1.000000,1.000000,0,-0
1.000000,1.000000,0,-0
1.000000,1.000000,0,-0
1.000000,1.000000,0,-0
1.000000,1.000000,0,-0
1.000000,1.000000,0,-0
1.000000,1.000000,0,-0
1.000000,1.000000,0,-0
1.000000,1.000000,0,-0
1.000000,1.000000,0,-0
1.000000,1.000000,0,-0
1.000000,1.000000,0,-0
1.000000,1.000000,0,-0
1.000000,1.000000,0,-0
1.000000,1.000000,0,-0
1.000000,1.000000,0,-0
1.000000,1.000000,0,-0
1.000000,1.000000,0,-0
1.000000,1.000000,0,-0
1.000000,1.000000,0,-0
1.000000,1.000000,0,-0
1.000000,1.000000,0,-0
1.000000,1.000000,0,-0
1.000000,1.000000,0,-0
1.000000,1.000000,0,-0
1.000000,1.000000,0,-0
1.000000,1.000000,0,-0
1.000000,1.000000,0,-0
1.000000,1.000000,0,-0
1.000000,1.000000,0,-0
1.000000,1.000000,0,-0
1.000000,1.000000,0,-0
1.000000,1.000000,0,-0
1.000000,1.000000,0,-0
1.000000,1.000000,0,-0
1.000000,1.000000,0,-0
1.000000,1.000000,0,-0
1.000000,1.000000,0,-0
1.000000,1.000000,0,-0
1.000000,1.000000,0,-0
1.000000,1.000000,0,-0
1.000000,1.000000,0,-0
1.000000,1.000000,0,-0
1.000000,1.000000,0,-0
1.000000,1.000000,0,-0
1.000000,1.000000,0,-0
1.000000,1.000000,0,-0
1.000000,1.000000,0,-0
1.000000,1.000000,0,-0
1.000000,1.000000,0,-0
1.000000,1.000000,0,-0
1.000000,1.000000,0,-0
1.000000,1.000000,0,-0
1.000000,1.000000,0,-0
1.000000,1.000000,0,-0
1.000000,1.000000,0,-0
1.000000,1.000000,0,-0
1.000000,1.000000,0,-0
1.000000,1.000000,0,-0
1.000000,1.000000,0,-0
1.000000,1.000000,0,-0
1.000000,1.000000,0,-0
1.000000,1.000000,0,-0
1.000000,1.000000,0,-0
1.000000,1.000000,0,-0
1.000000,1.000000,0,-0
1.000000,1.000000,0,-0
1.000000,1.000000,0,-0
1.000000,1.000000,0,-0
1.000000,1.000000,0,-0
1.000000,1.000000,0,-0
1.000000,1.000000,0,-0
1.000000,1.000000,0,-0
1.000000,1.000000,0,-0
1.000000,1.000000,0,-0
1.000000,1.000000,0,-0
1.000000,1.000000,0,-0
1.000000,1.000000,0,-0
1.000000,1.000000,0,-0
1.000000,1.000000,0,-0
1.000000,1.000000,0,-0
1.000000,1.000000,0,-0
1.000000,1.000000,0,-0
1.000000,1.000000,0,-0
1.000000,1.000000,0,-0
1.000000,1.000000,0,-0
1.000000,1.000000,0,-0
1.000000,1.000000,0,-0
1.000000,1.000000,0,-0
1.000000,1.000000,0,-0
1.000000,1.000000,0,-0
1.000000,1.000000,0,-0
1.000000,1.000000,0,-0
1.000000,1.000000,0,-0
1.000000,1.000000,0,-0
1.000000,1.000000,0,-0
1.000000,1.000000,0,-0
1.000000,1.000000,0,-0
1.000000,1.000000,0,-0
1.000000,1.000000,0,-0
1.000000,1.000000,0,-0
1.000000,1.000000,0,-0
1.000000,1.000000,0,-0
1.000000,1.000000,0,-0
1.000000,1.000000,0,-0
1.000000,1.000000,0,-0
1.000000,1.000000,0,-0
1.000000,1.000000,0,-0
1.000000,1.000000,0,-0
1.000000,1.000000,0,-0
1.000000,1.000000,0,-0
1.000000,1.000000,0,-0
1.000000,1.000000,0,-0
1.000000,1.000000,0,-0
1.000000,1.000000,0,-0
1.000000,1.000000,0,-0
1.000000,1.000000,0,-0
1.000000,1.000000,0,-0
1.000000,1.000000,0,-0
1.000000,1.000000,0,-0
1.000000,1.000000,0,-0
1.000000,1.000000,0,-0
1.000000,1.000000,0,-0
1.000000,1.000000,0,-0
1.000000,1.000000,0,-0
1.000000,1.000000,0,-0
1.000000,1.000000,0,-0
1.000000,1.000000,0,-0
1.000000,1.000000,0,-0
1.000000,1.000000,0,-0
1.000000,1.000000,0,-0
1.000000,1.000000,0,-0
1.000000,1.000000,0,-0
1.000000,1.000000,0,-0
1.000000,1.000000,0,-0
1.000000,1.000000,0,-0
1.000000,1.000000,0,-0
1.000000,1.000000,0,-0
1.000000,1.000000,0,-0
1.000000,1.000000,0,-0
1.000000,1.000000,0,-0
1.000000,1.000000,0,-0
1.000000,1.000000,0,-0
1.000000,1.000000,0,-0
1.000000,1.000000,0,-0
1.000000,1.000000,0,-0
1.000000,1.000000,0,-0
1.000000,1.000000,0,-0
1.000000,1.000000,0,-0
1.000000,1.000000,0,-0
1.000000,1.000000,0,-0
1.000000,1.000000,0,-0
1.000000,1.000000,0,-0
1.000000,1.000000,0,-0
1.000000,1.000000,0,-0
1.000000,1.000000,0,-0
1.000000,1.000000,0,-0
1.000000,1.000000,0,-0
1.000000,1.000000,0,-0
1.000000,1.000000,0,-0
1.000000,1.000000,0,-0
1.000000,1.000000,0,-0
1.000000,1.000000,0,-0
1.000000,1.000000,0,-0
1.000000,1.000000,0,-0
1.000000,1.000000,0,-0
1.000000,1.000000,0,-0
1.000000,1.000000,0,-0
1.000000,1.000000,0,-0
1.000000,1.000000,0,-0
1.000000,1.000000,0,-0
1.000000,1.000000,0,-0
1.000000,1.000000,0,-0
1.000000,1.000000,0,-0
1.000000,1.000000,0,-0
1.000000,1.000000,0,-0
1.000000,1.000000,0,-0
1.000000,1.000000,0,-0
1.000000,1.000000,0,-0
1.000000,1.000000,0,-0
1.000000,1.000000,0,-0
1.000000,1.000000,0,-0
1.000000,1.000000,0,-0
1.000000,1.000000,0,-0
1.000000,1.000000,0,-0
1.000000,1.000000,0,-0
1.000000,1.000000,0,-0
1.000000,1.000000,0,-0
1.000000,1.000000,0,-0
1.000000,1.000000,0,-0
1.000000,1.000000,0,-0
1.000000,1.000000,0,-0
1.000000,1.000000,0,-0
1.000000,1.000000,0,-0
1.000000,1.000000,0,-0
1.000000,1.000000,0,-0
1.000000,1.000000,0,-0
1.000000,1.000000,0,-0
1.000000,1.000000,0,-0
1.000000,1.000000,0,-0
1.000000,1.000000,0,-0
1.000000,1.000000,0,-0
1.000000,1.000000,0,-0
1.000000,1.000000,0,-0
1.000000,1.000000,0,-0
1.000000,1.000000,0,-0
1.000000,1.000000,0,-0
1.000000,1.000000,0,-0
1.000000,1.000000,0,-0
1.000000,1.000000,0,-0
1.000000,1.000000,0,-0
1.000000,1.000000,0,-0
1.000000,1.000000,0,-0
1.000000,1.000000,0,-0
0.977018,0.977018,0,-0
1.000000,1.000000,0,-0
1.000000,1.000000,0,-0
1.000000,1.000000,0,-0
1.000000,1.000000,0,-0
0.954037,0.954037,0,-0
0.954037,0.954037,0,-0
1.000000,1.000000,0,-0
1.000000,1.000000,0,-0
1.000000,1.000000,0,-0
1.000000,1.000000,0,-0
1.000000,1.000000,0,-0
1.000000,1.000000,0,-0
1.000000,1.000000,0,-0
1.000000,1.000000,0,-0
1.000000,1.000000,0,-0
1.000000,1.000000,0,-0
1.000000,1.000000,0,-0
1.000000,1.000000,0,-0
1.000000,1.000000,0,-0
1.000000,1.000000,0,-0
1.000000,1.000000,0,-0
1.000000,1.000000,0,-0
1.000000,1.000000,0,-0
1.000000,1.000000,0,-0
1.000000,1.000000,0,-0
1.000000,1.000000,0,-0
1.000000,1.000000,0,-0
1.000000,1.000000,0,-0
1.000000,1.000000,0,-0
1.000000,1.000000,0,-0
1.000000,1.000000,0,-0
1.000000,1.000000,0,-0
1.000000,1.000000,0,-0
1.000000,1.000000,0,-0
1.000000,1.000000,0,-0
1.000000,1.000000,0,-0
1.000000,1.000000,0,-0
1.000000,1.000000,0,-0
1.000000,1.000000,0,-0
1.000000,1.000000,0,-0
1.000000,1.000000,0,-0
1.000000,1.000000,0,-0
1.000000,1.000000,0,-0
1.000000,1.000000,0,-0
1.000000,1.000000,0,-0
1.000000,1.000000,0,-0
1.000000,1.000000,0,-0
1.000000,1.000000,0,-0
1.000000,1.000000,0,-0
1.000000,1.000000,0,-0
1.000000,1.000000,0,-0
1.000000,1.000000,0,-0
1.000000,1.000000,0,-0
1.000000,1.000000,0,-0
1.000000,1.000000,0,-0
1.000000,1.000000,0,-0
1.000000,1.000000,0,-0
1.000000,1.000000,0,-0
1.000000,1.000000,0,-0
1.000000,1.000000,0,-0
1.000000,1.000000,0,-0
1.000000,1.000000,0,-0
1.000000,1.000000,0,-0
1.000000,1.000000,0,-0
1.000000,1.000000,0,-0
1.000000,1.000000,0,-0
1.000000,1.000000,0,-0
1.000000,1.000000,0,-0
1.000000,1.000000,0,-0
1.000000,1.000000,0,-0
1.000000,1.000000,0,-0
1.000000,1.000000,0,-0
1.000000,1.000000,0,-0
1.000000,1.000000,0,-0
1.000000,1.000000,0,-0
1.000000,1.000000,0,-0
1.000000,1.000000,0,-0
1.000000,1.000000,0,-0
1.000000,1.000000,0,-0
1.000000,1.000000,0,-0
1.000000,1.000000,0,-0
1.000000,1.000000,0,-0
1.000000,1.000000,0,-0
1.000000,1.000000,0,-0
1.000000,1.000000,0,-0
1.000000,1.000000,0,-0
1.000000,1.000000,0,-0
1.000000,1.000000,0,-0
1.000000,1.000000,0,-0
1.000000,1.000000,0,-0
1.000000,1.000000,0,-0
1.000000,1.000000,0,-0
1.000000,1.000000,0,-0
1.000000,1.000000,0,-0
1.000000,1.000000,0,-0
1.000000,1.000000,0,-0
1.000000,1.000000,0,-0
1.000000,1.000000,0,-0
1.000000,1.000000,0,-0
1.000000,1.000000,0,-0
1.000000,1.000000,0,-0
1.000000,1.000000,0,-0
1.000000,1.000000,0,-0
1.000000,1.000000,0,-0
1.000000,1.000000,0,-0
1.000000,1.000000,0,-0
1.000000,1.000000,0,-0
1.000000,1.000000,0,-0
1.000000,1.000000,0,-0
1.000000,1.000000,0,-0
1.000000,1.000000,0,-0
1.000000,1.000000,0,-0
1.000000,1.000000,0,-0
1.000000,1.000000,0,-0
1.000000,1.000000,0,-0
1.000000,1.000000,0,-0
1.000000,1.000000,0,-0
1.000000,1.000000,0,-0
1.000000,1.000000,0,-0
1.000000,1.000000,0,-0
1.000000,1.000000,0,-0
1.000000,1.000000,0,-0
1.000000,1.000000,0,-0
1.000000,1.000000,0,-0
1.000000,1.000000,0,-0
1.000000,1.000000,0,-0
1.000000,1.000000,0,-0
1.000000,1.000000,0,-0
1.000000,1.000000,0,-0
1.000000,1.000000,0,-0
1.000000,1.000000,0,-0
1.000000,1.000000,0,-0
1.000000,1.000000,0,-0
1.000000,1.000000,0,-0
1.000000,1.000000,0,-0
1.000000,1.000000,0,-0
1.000000,1.000000,0,-0
1.000000,1.000000,0,-0
1.000000,1.000000,0,-0
1.000000,1.000000,0,-0
1.000000,1.000000,0,-0
1.000000,1.000000,0,-0
1.000000,1.000000,0,-0
1.000000,1.000000,0,-0
1.000000,1.000000,0,-0
1.000000,1.000000,0,-0
1.000000,1.000000,0,-0
1.000000,1.000000,0,-0
1.000000,1.000000,0,-0
1.000000,1.000000,0,-0
1.000000,1.000000,0,-0
1.000000,1.000000,0,-0
1.000000,1.000000,0,-0
1.000000,1.000000,0,-0
1.000000,1.000000,0,-0
1.000000,1.000000,0,-0
1.000000,1.000000,0,-0
1.000000,1.000000,0,-0
1.000000,1.000000,0,-0
1.000000,1.000000,0,-0
1.000000,1.000000,0,-0
1.000000,1.000000,0,-0
1.000000,1.000000,0,-0
1.000000,1.000000,0,-0
1.000000,1.000000,0,-0
1.000000,1.000000,0,-0
1.000000,1.000000,0,-0
1.000000,1.000000,0,-0
1.000000,1.000000,0,-0
1.000000,1.000000,0,-0
1.000000,1.000000,0,-0
1.000000,1.000000,0,-0
1.000000,1.000000,0,-0
1.000000,1.000000,0,-0
1.000000,1.000000,0,-0
1.000000,1.000000,0,-0
1.000000,1.000000,0,-0
1.000000,1.000000,0,-0
1.000000,1.000000,0,-0
1.000000,1.000000,0,-0
1.000000,1.000000,0,-0
1.000000,1.000000,0,-0
1.000000,1.000000,0,-0
1.000000,1.000000,0,-0
1.000000,1.000000,0,-0
1.000000,1.000000,0,-0
1.000000,1.000000,0,-0
1.000000,1.000000,0,-0
1.000000,1.000000,0,-0
1.000000,1.000000,0,-0
1.000000,1.000000,0,-0
1.000000,1.000000,0,-0
1.000000,1.000000,0,-0
1.000000,1.000000,0,-0
1.000000,1.000000,0,-0
1.000000,1.000000,0,-0
1.000000,1.000000,0,-0
1.000000,1.000000,0,-0
1.000000,1.000000,0,-0
1.000000,1.000000,0,-0
1.000000,1.000000,0,-0
1.000000,1.000000,0,-0
1.000000,1.000000,0,-0
1.000000,1.000000,0,-0
1.000000,1.000000,0,-0
1.000000,1.000000,0,-0
1.000000,1.000000,0,-0
1.000000,1.000000,0,-0
1.000000,1.000000,0,-0
1.000000,1.000000,0,-0
1.000000,1.000000,0,-0
1.000000,1.000000,0,-0
1.000000,1.000000,0,-0
0.954037,0.954037,0,-0
0.954037,0.954037,0,-0
0.954037,0.954037,0,-0
0.885092,0.885092,0,-0
0.885092,0.885092,0,-0
1.000000,1.000000,0,-0
1.000000,1.000000,0,-0
1.000000,1.000000,0,-0
1.000000,1.000000,0,-0
0.977018,0.977018,0,-0
0.977018,0.977018,0,-0
0.977018,0.977018,0,-0
0.977018,0.977018,0,-0
1.000000,1.000000,0,-0
1.000000,1.000000,0,-0
1.000000,1.000000,0,-0
1.000000,1.000000,0,-0
1.000000,1.000000,0,-0
1.000000,1.000000,0,-0
1.000000,1.000000,0,-0
0.954037,0.954037,0,-0
1.000000,1.000000,0,-0
1.000000,1.000000,0,-0
1.000000,1.000000,0,-0
1.000000,1.000000,0,-0
1.000000,1.000000,0,-0
1.000000,1.000000,0,-0
1.000000,1.000000,0,-0
1.000000,1.000000,0,-0
1.000000,1.000000,0,-0
1.000000,1.000000,0,-0
1.000000,1.000000,0,-0
1.000000,1.000000,0,-0
1.000000,1.000000,0,-0
1.000000,1.000000,0,-0
1.000000,1.000000,0,-0
1.000000,1.000000,0,-0
1.000000,1.000000,0,-0
1.000000,1.000000,0,-0
1.000000,1.000000,0,-0
1.000000,1.000000,0,-0
0.954037,0.954037,0,-0
0.954037,0.954037,0,-0
0.977018,0.977018,0,-0
0.977018,0.977018,0,-0
0.977018,0.977018,0,-0
1.000000,1.000000,0,-0
1.000000,1.000000,0,-0
1.000000,1.000000,0,-0
0.954037,0.954037,0,-0
0.954037,0.954037,0,-0
0.954037,0.954037,0,-0
0.977018,0.977018,0,-0
0.954037,0.954037,0,-0
