0volume,0demand,0up_spill,0ww_inflow,0catch_inflow,0evap,0ds_spill,0treat_cap,1volume,1demand,1up_spill,1ww_inflow,1catch_inflow,1evap,1ds_spill,1treat_cap,2volume,2s_area,2demand,2up_spill,2ww_inflow,2catch_inflow,2evap,2ds_spill,2treat_cap,2valloc_0,2talloc_0,2valloc_1,2talloc_1,3volume,3demand,3up_spill,3ww_inflow,3catch_inflow,3evap,3ds_spill,3treat_cap,3valloc_0,3talloc_0,3valloc_1,3talloc_1,3valloc_2,3talloc_2,4demand,4up_spill,4ww_inflow,4catch_inflow,4ds_spill,4treat_cap,11volume,11s_area,11demand,11up_spill,11ww_inflow,11catch_inflow,11evap,11ds_spill,11treat_cap
72.0143,2.09704,0,0,2.48282,0.298551,0.36288,3.6288,61.308,0,0,0,1.77821,0.16212,1.61609,0.66528,12.849,1,0.372733,0.36288,0,59.3451,2.48829,56.8469,0.84672,12.849,0.84672,3695.15,0,18.483,0,2.97559,0,9.78592,0.860642,11.9009,0.42336,0,0,18.483,0.42336,442.007,0,1.12031,0,0,4.0959,2.97559,1.028160,1,0,70.3639,0,0,0,70.3639,0
71.8308,2.09634,0,0,2.57355,0.297927,0.36288,3.6288,61.308,0.0710094,0,0,1.55797,0.16212,1.32484,0.66528,12.849,1,0.374034,0.36288,0,97.2348,2.48829,94.7354,0.84672,12.849,0.84672,3695.15,0,18.483,0.0214078,2.29606,1.32838,9.48309,0.860642,12.2255,0.42336,0,0,18.483,0.42336,442.007,0,1.02816,0,0,3.32422,2.29606,1.028160,1,0,108.286,0,0,0,108.286,0
71.2182,2.09603,0,0,2.14388,0.297511,0.36288,3.6288,61.308,0.0712177,0,0,1.35321,0.16212,1.11988,0.66528,12.849,1,0.374936,0.36288,0,50.9253,2.48829,48.4249,0.84672,12.849,0.84672,3695.15,0,18.483,0.0214706,1.8266,1.32871,7.33778,0.860642,9.61097,0.42336,0,0,18.483,0.42336,442.007,0,1.02816,0,0,2.85476,1.8266,1.028160,1,0,59.1558,0,0,0,59.1558,0
70.2821,2.09381,0,0,1.81672,0.296123,0.36288,3.6288,61.308,0.0714261,0,0,1.19935,0.16212,0.965806,0.66528,12.849,1,0.377759,0.36288,0,39.6059,2.48829,37.1028,0.84672,12.849,0.84672,3695.15,0,18.483,0.0215334,1.46684,1.32903,6.32124,0.860642,8.23493,0.42336,0,0,18.483,0.42336,442.007,0,1.02816,0,0,2.495,1.46684,1.028160,1,0,46.3035,0,0,0,46.3035,0
69.8806,2.29392,0,0,2.57558,0.320253,0.36288,3.6288,61.308,0.172944,0,0,1.39972,0.126352,1.10043,0.66528,12.849,1,0.419375,0.36288,0,65.5765,2.7204,62.7996,0.84672,12.849,0.84672,3695.15,0,18.483,0.0521387,1.93381,1.32935,7.71206,0.673475,10.2496,0.42336,0,0,18.483,0.42336,442.007,0,1.02816,0,0,2.96197,1.93381,1.028160,1,0,74.1496,0,0,0,74.1496,0
69.5431,2.29244,0,0,2.6121,0.294344,0.36288,3.6288,61.308,0.173177,0,0,1.30613,0.15027,0.982688,0.66528,12.849,1,0.421512,0.36288,0,73.0451,2.64453,70.3419,0.84672,12.849,0.84672,3695.15,0,18.483,0.0522089,1.8098,1.47673,7.13759,0.802816,9.5691,0.42336,0,0,18.483,0.42336,442.007,0,1.02816,0,0,2.83796,1.8098,1.028160,1,0,80.8937,0,0,0,80.8937,0
70.0814,2.29126,0,0,3.51482,0.322314,0.36288,3.6288,61.308,0.17341,0,0,1.59583,0.148029,1.2744,0.66528,12.849,1,0.423341,0.36288,0,81.2082,2.87952,78.2682,0.84672,12.849,0.84672,3695.15,0,18.483,0.0522792,2.44459,1.47708,7.99131,0.836705,11.024,0.42336,0,0,18.483,0.42336,442.007,0,1.02816,0,0,3.47275,2.44459,1.028160,1,0,90.5666,0,0,0,90.5666,0
70.174,2.29457,0,0,3.07362,0.323659,0.36288,3.6288,61.308,0.173643,0,0,1.25715,0.148029,0.935474,0.66528,12.849,1,0.420695,0.36288,0,98.375,2.87952,95.4377,0.84672,12.849,0.84672,3695.15,0,18.483,0.0523495,2.15922,1.47744,7.30477,0.836705,10.0524,0.42336,0,0,18.483,0.42336,442.007,0,1.02816,0,0,3.18738,2.15922,1.028160,1,0,106.426,0,0,0,106.426,0
72.1292,2.00461,0,0,4.65369,0.330965,0.36288,3.6288,61.308,0.0377863,0,0,2.61408,0.184615,2.39167,0.66528,12.849,1,0.367049,0.36288,0,137.843,3.5061,134.332,0.84672,12.849,0.84672,3695.15,0,18.483,0.0113917,3.88849,1.4778,10.2824,0.945634,14.6916,0.42336,0,0,18.483,0.42336,442.007,0,1.02816,0,0,4.91665,3.88849,1.028160,1,0,151.416,0,0,0,151.416,0
72.29,2.01354,0,0,5.34455,0.341342,2.82885,3.6288,61.308,0.0379866,0,0,2.93582,0.212054,2.68578,0.66528,12.849,1,0.35869,2.82885,0,151.121,3.97603,149.615,0.84672,12.849,0.84672,3695.15,0,18.483,0.0114521,4.08669,1.2768,9.99959,1.02733,14.3243,0.42336,0,0,18.483,0.42336,442.007,0,1.02816,0,0,5.11485,4.08669,1.028160,1,0,166.625,0,0,0,166.625,0
72.29,2.01471,0,0,5.32267,0.341759,2.9662,3.6288,61.308,0.0381869,0,0,3.55624,0.212054,3.306,0.66528,12.849,1,0.358099,2.9662,0,174.351,3.97603,172.983,0.84672,12.849,0.84672,3695.15,0,18.483,0.0115125,6.17009,1.27711,12.4496,1.02733,18.858,0.42336,0,0,18.483,0.42336,442.007,0,1.02816,0,0,7.19825,6.17009,1.028160,1,0,195.147,0,0,0,195.147,0
72.29,2.0152,0,0,5.77244,0.341759,3.41548,3.6288,61.308,0.0383873,0,0,3.77183,0.212054,3.52138,0.66528,12.849,1,0.358186,3.41548,0,184.781,3.97603,183.862,0.84672,12.849,0.84672,3695.15,0,18.483,0.0115729,4.94173,1.27742,15.2998,1.02733,20.48,0.42336,0,0,18.483,0.42336,442.007,0,1.02816,0,0,5.96989,4.94173,1.028160,1,0,207.864,0,0,0,207.864,0
72.29,2.01568,0,0,6.20296,0.338579,3.8487,3.6288,61.308,0.0385877,0,0,4.19314,0.215384,3.93917,0.66528,12.849,1,0.358272,3.8487,0,161.94,4.35153,161.079,0.84672,12.849,0.84672,3695.15,0,18.483,0.0116333,5.61095,1.27773,13.5936,1.06193,19.4087,0.42336,0,0,18.483,0.42336,442.007,0,1.02816,0,0,6.63911,5.61095,1.028160,1,0,184.427,0,0,0,184.427,0
72.29,2.08984,0,0,7.01782,0.377884,4.5501,3.6288,61.308,0.0721211,0,0,3.52778,0.152935,3.30273,0.66528,12.849,1,0.371453,4.5501,0,157.361,4.24641,157.293,0.84672,12.849,0.84672,3695.15,0,18.483,0.0217429,6.15728,1.27804,15.0297,0.93248,21.5108,0.42336,0,0,18.483,0.42336,442.007,0,1.02816,0,0,7.18544,6.15728,1.028160,1,0,182.107,0,0,0,182.107,0
72.29,2.09034,0,0,5.92225,0.368956,3.46295,3.6288,61.308,0.0723298,0,0,4.72387,0.157692,4.49385,0.66528,12.849,1,0.371543,3.46295,0,183.686,4.30458,182.473,0.84672,12.849,0.84672,3695.15,0,18.483,0.0218058,7.68455,1.32812,14.568,0.94393,22.6149,0.42336,0,0,18.483,0.42336,442.007,0,1.02816,0,0,8.71271,7.68455,1.028160,1,0,209.582,0,0,0,209.582,0
72.29,2.09085,0,0,4.74233,0.30128,2.3502,3.6288,61.308,0.0725384,0,0,2.76081,0.199647,2.48862,0.66528,12.849,1,0.371633,2.3502,0,182.949,4.62642,180.302,0.84672,12.849,0.84672,3695.15,0,18.483,0.0218687,4.4604,1.32844,9.71957,1.0515,14.435,0.42336,0,0,18.483,0.42336,442.007,0,1.02816,0,0,5.48856,4.4604,1.028160,1,0,197.225,0,0,0,197.225,0
72.29,2.09136,0,0,4.62984,0.266012,2.27247,3.6288,61.308,0.0727471,0,0,2.43409,0.233168,2.12817,0.66528,12.849,1,0.371723,2.27247,0,138.029,4.55847,135.371,0.84672,12.849,0.84672,3695.15,0,18.483,0.0219316,3.94839,1.32876,9.25741,1.14867,13.364,0.42336,0,0,18.483,0.42336,442.007,0,1.02816,0,0,4.97655,3.94839,1.028160,1,0,150.864,0,0,0,150.864,0
72.29,2.06303,0,0,3.88822,0.260016,1.56517,3.6288,61.308,0.0599972,0,0,1.67297,0.224229,1.38875,0.66528,12.849,1,0.366688,1.56517,0,104.193,4.93359,100.458,0.84672,12.849,0.84672,3695.15,0,18.483,0.0180878,3.00914,1.32909,7.96867,1.19986,11.0889,0.42336,0,0,18.483,0.42336,442.007,0,1.02816,0,0,4.0373,3.00914,1.028160,1,0,112.936,0,0,0,112.936,0
72.29,2.06353,0,0,3.52225,0.259017,1.19971,3.6288,61.308,0.0602028,0,0,1.3811,0.222739,1.09816,0.66528,12.849,1,0.366777,1.19971,0,85.5334,4.99611,81.3702,0.84672,12.849,0.84672,3695.15,0,18.483,0.0181498,2.52446,1.31001,6.9006,1.20839,9.50853,0.42336,0,0,18.483,0.42336,442.007,0,1.02816,0,0,3.55262,2.52446,1.028160,1,0,91.9769,0,0,0,91.9769,0
72.29,2.06403,0,0,3.3103,0.263154,0.983112,3.6288,61.308,0.0604086,0,0,1.31196,0.212536,1.03901,0.66528,12.849,1,0.366865,0.983112,0,81.8312,4.91236,77.5351,0.84672,12.849,0.84672,3695.15,0,18.483,0.0182118,2.33185,1.31033,6.81964,1.18423,9.25937,0.42336,0,0,18.483,0.42336,442.007,0,1.02816,0,0,3.36001,2.33185,1.028160,1,0,87.8334,0,0,0,87.8334,0
72.29,2.06453,0,0,2.94077,0.28798,0.588263,3.6288,61.308,0.0606144,0,0,1.39737,0.151312,1.18545,0.66528,12.849,1,0.366954,0.588263,0,78.5972,4.4099,74.4086,0.84672,12.849,0.84672,3695.15,0,18.483,0.0182739,2.8244,1.31065,7.08005,1.03929,10.1575,0.42336,0,0,18.483,0.42336,442.007,0,1.02816,0,0,3.85256,2.8244,1.028160,1,0,85.7516,0,0,0,85.7516,0
72.29,2.16299,0,0,2.81859,0.187616,0.467991,3.6288,61.308,0.10682,0,0,1.23886,0.216485,0.91555,0.66528,12.849,1,0.384454,0.467991,0,69.785,4.9554,64.9132,0.84672,12.849,0.84672,3695.15,0,18.483,0.0322038,2.50925,1.31097,6.82735,1.17034,9.44501,0.42336,0,0,18.483,0.42336,442.007,0,1.02816,0,0,3.53741,2.50925,1.028160,1,0,75.2737,0,0,0,75.2737,0
71.8698,2.16351,0,0,2.30778,0.2016,0.36288,3.6288,61.308,0.107037,0,0,0.974523,0.250816,0.616671,0.66528,12.849,1,0.384547,0.36288,0,51.4822,4.97742,46.4831,0.84672,12.849,0.84672,3695.15,0,18.483,0.0322692,1.62599,1.37916,5.2133,1.20318,6.983,0.42336,0,0,18.483,0.42336,442.007,0,1.02816,0,0,2.65415,1.62599,1.028160,1,0,54.0828,0,0,0,54.0828,0
71.353,2.16213,0,0,2.20914,0.200957,0.36288,3.6288,61.308,0.107254,0,0,0.910535,0.250816,0.552466,0.66528,12.849,1,0.386548,0.36288,0,48.3955,4.97742,43.3944,0.84672,12.849,0.84672,3695.15,0,18.483,0.0323347,1.39237,1.37949,4.82241,1.20318,6.35876,0.42336,0,0,18.483,0.42336,442.007,0,1.02816,0,0,2.42053,1.39237,1.028160,1,0,50.3056,0,0,0,50.3056,0
70.5957,2.16028,0,0,1.96604,0.200167,0.36288,3.6288,61.308,0.107471,0,0,0.835402,0.250816,0.477115,0.66528,12.849,1,0.389015,0.36288,0,43.6425,4.97742,38.6389,0.84672,12.849,0.84672,3695.15,0,18.483,0.0324001,1.17825,1.37982,4.64719,1.20318,5.96968,0.42336,0,0,18.483,0.42336,442.007,0,1.02816,0,0,2.20641,1.17825,1.028160,1,0,45.0857,0,0,0,45.0857,0
69.807,2.15727,0,0,1.87679,0.145342,0.36288,3.6288,61.308,0.107688,0,0,0.791052,0.280479,0.402886,0.66528,12.849,1,0.392641,0.36288,0,40.0442,5.28104,34.7334,0.84672,12.849,0.84672,3695.15,0,18.483,0.0324656,0.998006,1.38016,4.44071,1.271,5.51541,0.42336,0,0,18.483,0.42336,442.007,0,1.02816,0,0,2.02617,0.998006,1.028160,1,0,40.6517,0,0,0,40.6517,0
69.1493,2.13475,0,0,1.96096,0.121042,0.36288,3.6288,61.308,0.133218,0,0,0.708152,0.260146,0.314788,0.66528,12.849,1,0.392932,0.36288,0,48.1141,4.85362,43.2304,0.84672,12.849,0.84672,3695.15,0,18.483,0.0401623,0.44534,1.38049,4.49742,1.1033,5.17979,0.42336,0,0,18.483,0.42336,442.007,0,1.02816,0,0,1.4735,0.44534,1.028160,1,0,48.725,0,0,0,48.725,0
68.4485,2.13211,0,0,1.91469,0.120426,0.36288,3.6288,61.308,0.133442,0,0,0.666023,0.260146,0.272436,0.66528,12.849,1,0.39618,0.36288,0,45.2743,4.85362,40.3874,0.84672,12.849,0.84672,3695.15,0,18.483,0.0402297,0.440122,1.402,4.64587,1.1033,5.34446,0.42336,0,0,18.483,0.42336,442.007,0,1.02816,0,0,1.46828,0.440122,1.028160,1,0,46.0043,0,0,0,46.0043,0
67.6429,2.12921,0,0,1.783,0.0965469,0.36288,3.6288,61.308,0.133665,0,0,0.652692,0.299007,0.220019,0.66528,12.849,1,0.399691,0.36288,0,43.0016,5.39655,37.5683,0.84672,12.849,0.84672,3695.15,0,18.483,0.040297,0.358448,1.40234,4.45106,1.28705,4.8845,0.42336,0,0,18.483,0.42336,442.007,0,1.02816,0,0,1.38661,0.358448,1.028160,1,0,42.6728,0,0,0,42.6728,0
66.6383,2.12573,0,0,1.57126,0.0873041,0.36288,3.6288,61.308,0.133889,0,0,0.616946,0.306513,0.176544,0.66528,12.849,1,0.403789,0.36288,0,39.4877,6.02052,33.4263,0.84672,12.849,0.84672,3695.15,0,18.483,0.0403644,0.355432,1.40268,4.45644,1.51143,4.66275,0.42336,0,0,18.483,0.42336,442.007,0,1.02816,0,0,1.38359,0.355432,1.028160,1,0,38.2656,0,0,0,38.2656,0
65.6782,2.17064,0,0,1.65516,0.0816508,0.36288,3.6288,61.308,0.156693,0,0,0.653883,0.320537,0.176652,0.66528,12.849,1,0.418537,0.36288,0,37.0531,6.00177,30.9956,0.84672,12.849,0.84672,3695.15,0,18.483,0.0472395,0.470863,1.40302,4.20218,1.5012,4.52761,0.42336,0,0,18.483,0.42336,442.007,0,1.02816,0,0,1.49902,0.470863,1.028160,1,0,35.6999,0,0,0,35.6999,0
64.7087,2.16605,0,0,1.63839,0.07902,0.36288,3.6288,61.308,0.156922,0,0,0.661098,0.326683,0.177493,0.66528,12.849,1,0.423756,0.36288,0,35.3243,5.96715,29.2963,0.84672,12.849,0.84672,3695.15,0,18.483,0.0473086,0.542981,1.43713,4.24426,1.48705,4.69001,0.42336,0,0,18.483,0.42336,442.007,0,1.02816,0,0,1.57114,0.542981,1.028160,1,0,34.1638,0,0,0,34.1638,0
63.5347,2.16127,0,0,1.42863,0.078408,0.36288,3.6288,61.308,0.157151,0,0,0.623411,0.326683,0.139576,0.66528,12.849,1,0.429157,0.36288,0,33.4671,5.96715,27.4337,0.84672,12.849,0.84672,3695.15,0,18.483,0.0473777,0.397068,1.43747,4.05546,1.48705,4.35558,0.42336,0,0,18.483,0.42336,442.007,0,1.02816,0,0,1.42523,0.397068,1.028160,1,0,31.9288,0,0,0,31.9288,0
62.2611,2.1552,0,0,1.31753,0.0730912,0.36288,3.6288,61.308,0.157381,0,0,0.612697,0.329273,0.126043,0.66528,12.849,1,0.435858,0.36288,0,31.5733,6.04193,25.4584,0.84672,12.849,0.84672,3695.15,0,18.483,0.0474468,0.3341,1.43782,4.01855,1.50199,4.24104,0.42336,0,0,18.483,0.42336,442.007,0,1.02816,0,0,1.36226,0.3341,1.028160,1,0,29.8255,0,0,0,29.8255,0
60.5815,2.29181,0,0,1.036,0.0609306,0.36288,3.6288,61.308,0.239195,0,0,0.600019,0.332422,0.0284023,0.66528,12.849,1,0.472966,0.36288,0,27.9283,6.24483,21.5734,0.84672,12.849,0.84672,3695.15,0,18.483,0.0721119,0.313174,1.43817,3.68963,1.49939,3.86947,0.42336,0,0,18.483,0.42336,442.007,0,1.02816,0,0,1.34133,0.313174,1.028160,1,0,25.4712,0,0,0,25.4712,0
58.7364,2.28154,0,0,0.859481,0.0601889,0.36288,3.6288,61.245,0.250603,0,0,0.523681,0.336029,0,0.66528,12.849,1,0.483902,0.36288,0,21.1404,6.23196,14.7874,0.84672,12.849,0.84672,3695.15,0,18.483,0.0755513,0.227405,1.55299,3.18247,1.58076,3.30655,0.42336,0,0,18.483,0.42336,442.007,0,1.01364,0,0,1.24104,0.227405,1.028160,1,0,18.0939,0,0,0,18.0939,0
56.886,2.26962,0,0,0.84126,0.0591517,0.36288,3.6288,61.1121,0.286692,0,0,0.489631,0.335896,0,0.66528,12.849,1,0.496495,0.36288,0,19.2913,6.23196,12.9257,0.84672,12.849,0.84672,3695.15,0,18.483,0.0865202,0.204422,1.55337,3.19423,1.58076,3.28473,0.42336,0,0,18.483,0.42336,442.007,0,0.966902,0,0,1.17132,0.204422,1.028160,1,0,16.2105,0,0,0,16.2105,0
55.4302,2.25699,0,0,1.22222,0.0580922,0.36288,3.6288,61.0993,0.239764,0,0,0.562612,0.335613,0,0.66528,12.849,1,0.509792,0.36288,0,21.9715,6.23196,15.5926,0.84672,12.849,0.84672,3695.15,0,18.483,0.0725153,0.351337,1.55374,3.54151,1.58076,3.79331,0.42336,0,0,18.483,0.42336,442.007,0,1.02816,0,0,1.3795,0.351337,1.028160,1,0,19.386,0,0,0,19.386,0
54.4984,2.24666,0,0,1.76163,0.0838759,0.36288,3.6288,61.2778,0.240002,0,0,0.744673,0.326221,0,0.66528,12.849,1,0.520787,0.36288,0,35.8476,6.10055,29.5892,0.84672,12.849,0.84672,3695.15,0,18.483,0.0726023,0.467217,1.55412,3.94276,1.55424,4.33725,0.42336,0,0,18.483,0.42336,442.007,0,1.02816,0,0,1.49538,0.467217,1.028160,1,0,33.9264,0,0,0,33.9264,0
52.9263,2.17165,0,0,1.04203,0.07967,0.36288,3.6288,61.308,0.19084,0,0,0.828775,0.265387,0.342324,0.66528,12.849,1,0.512007,0.36288,0,20.8632,4.69487,16.0192,0.84672,12.849,0.84672,3695.15,0,18.483,0.0575625,1.04279,1.55449,6.02234,1.2689,7.29316,0.42336,0,0,18.483,0.42336,442.007,0,1.02816,0,0,2.07095,1.04279,1.028160,1,0,23.6547,0,0,0,23.6547,0
51.1897,2.15994,0,0,0.864639,0.0784056,0.36288,3.6288,61.1646,0.323692,0,0,0.445753,0.265437,0,0.66528,12.849,1,0.524372,0.36288,0,19.9898,4.69487,15.1335,0.84672,12.849,0.84672,3695.15,0,18.483,0.097586,0.216518,1.48919,4.48507,1.2689,4.82429,0.42336,0,0,18.483,0.42336,442.007,0,0.855593,0,0,1.07211,0.216518,1.028160,1,0,19.9578,0,0,0,19.9578,0
49.7983,2.14624,0,0,1.24358,0.125883,0.36288,3.6288,61.2738,0.219319,0,0,0.548291,0.219754,0,0.66528,12.849,1,0.538722,0.36288,0,23.3302,4.07197,19.0824,0.84672,12.849,0.84672,3695.15,0,18.483,0.0662748,0.216518,1.48955,4.93532,1.07421,5.50091,0.42336,0,0,18.483,0.42336,442.007,0,0.991587,0,0,1.20811,0.216518,1.028160,1,0,24.5833,0,0,0,24.5833,0
50.1505,2.13479,0,0,3.03816,0.188273,0.36288,3.6288,61.308,0.19155,0,0,1.12664,0.159274,0.741656,0.66528,12.849,1,0.550821,0.36288,0,70.36,3.24146,66.9306,0.84672,12.849,0.84672,3695.15,0,18.483,0.0577802,0.896115,1.48991,13.1455,0.814616,14.6591,0.42336,0,0,18.483,0.42336,442.007,0,1.02816,0,0,1.92427,0.896115,1.028160,1,0,82.3314,0,0,0,82.3314,0
50.529,2.08315,0,0,3.03374,0.209181,0.36288,3.6288,61.308,0.146639,0,0,1.53283,0.196678,1.18952,0.66528,12.849,1,0.533721,0.36288,0,76.5252,3.61903,72.7353,0.84672,12.849,0.84672,3695.15,0,18.483,0.0442085,2.10203,1.49027,11.0092,0.943728,13.6136,0.42336,0,0,18.483,0.42336,442.007,0,1.02816,0,0,3.13019,2.10203,1.028160,1,0,87.5384,0,0,0,87.5384,0
50.393,2.08684,0,0,2.53892,0.225232,0.36288,3.6288,61.308,0.146866,0,0,1.75318,0.224705,1.38161,0.66528,12.849,1,0.530662,0.36288,0,81.7971,3.90222,77.7271,0.84672,12.849,0.84672,3695.15,0,18.483,0.0442768,1.68948,1.43221,13.109,1.04056,15.1458,0.42336,0,0,18.483,0.42336,442.007,0,1.02816,0,0,2.71764,1.68948,1.028160,1,0,94.2545,0,0,0,94.2545,0
51.1502,2.0862,0,0,3.43119,0.224909,0.36288,3.6288,61.308,0.147093,0,0,1.78472,0.224705,1.41292,0.66528,12.849,1,0.531932,0.36288,0,85.6457,3.90222,81.5745,0.84672,12.849,0.84672,3695.15,0,18.483,0.0443452,2.49972,1.43255,14.5956,1.04056,17.4429,0.42336,0,0,18.483,0.42336,442.007,0,1.02816,0,0,3.52788,2.49972,1.028160,1,0,100.43,0,0,0,100.43,0
51.0278,2.093,0,0,2.5602,0.226703,0.36288,3.6288,61.308,0.14732,0,0,1.03732,0.224705,0.665294,0.66528,12.849,1,0.525766,0.36288,0,80.7097,3.90222,76.6446,0.84672,12.849,0.84672,3695.15,0,18.483,0.0444136,1.24343,1.4329,12.119,1.04056,13.7103,0.42336,0,0,18.483,0.42336,442.007,0,1.02816,0,0,2.27159,1.24343,1.028160,1,0,91.0202,0,0,0,91.0202,0
51.4139,1.93491,0,0,2.9635,0.279616,0.36288,3.6288,61.308,0.0533737,0,0,1.51546,0.164733,1.29736,0.66528,12.849,1,0.487219,0.36288,0,81.9703,3.35998,78.4859,0.84672,12.849,0.84672,3695.15,0,18.483,0.016091,2.02516,1.43325,13.6496,0.853485,16.2385,0.42336,0,0,18.483,0.42336,442.007,0,1.02816,0,0,3.05332,2.02516,1.028160,1,0,96.0218,0,0,0,96.0218,0
52.729,1.93831,0,0,3.86647,0.25016,0.36288,3.6288,61.308,0.0535778,0,0,2.36497,0.162897,2.14849,0.66528,12.849,1,0.484409,0.36288,0,140.98,3.73716,137.121,0.84672,12.849,0.84672,3695.15,0,18.483,0.0161525,2.56243,1.30193,17.6068,0.954325,20.5007,0.42336,0,0,18.483,0.42336,442.007,0,1.02816,0,0,3.59059,2.56243,1.028160,1,0,159.77,0,0,0,159.77,0
54.697,1.9485,0,0,4.53298,0.253587,0.36288,3.6288,61.308,0.053782,0,0,3.3016,0.162897,3.08492,0.66528,12.849,1,0.474809,0.36288,0,234.733,3.73716,230.884,0.84672,12.849,0.84672,3695.15,0,18.483,0.0162141,3.46734,1.30225,22.2278,0.954325,26.0268,0.42336,0,0,18.483,0.42336,442.007,0,1.02816,0,0,4.4955,3.46734,1.028160,1,0,259.996,0,0,0,259.996,0
55.8176,1.9628,0,0,3.70671,0.260424,0.36288,3.6288,61.308,0.0539863,0,0,2.94398,0.187001,2.70299,0.66528,12.849,1,0.461087,0.36288,0,154.136,4.09847,149.939,0.84672,12.849,0.84672,3695.15,0,18.483,0.0162757,2.8705,1.30256,17.2675,1.09683,20.3274,0.42336,0,0,18.483,0.42336,442.007,0,1.02816,0,0,3.89866,2.8705,1.028160,1,0,172.97,0,0,0,172.97,0
58.703,1.97081,0,0,5.48472,0.265667,0.36288,3.6288,61.308,0.0541906,0,0,2.81615,0.21914,2.54282,0.66528,12.849,1,0.453672,0.36288,0,183.191,4.5802,178.52,0.84672,12.849,0.84672,3695.15,0,18.483,0.0163373,4.10345,1.30288,22.5027,1.28683,26.6059,0.42336,0,0,18.483,0.42336,442.007,0,1.02816,0,0,5.13161,4.10345,1.028160,1,0,207.669,0,0,0,207.669,0
58.7986,2.0519,0,0,2.78614,0.27571,0.36288,3.6288,61.308,0.0816945,0,0,1.26178,0.195585,0.984498,0.66528,12.849,1,0.449124,0.36288,0,90.0443,3.96118,85.9969,0.84672,12.849,0.84672,3695.15,0,18.483,0.0246291,2.52071,1.30319,11.0392,0.881121,13.9574,0.42336,0,0,18.483,0.42336,442.007,0,1.02816,0,0,3.54887,2.52071,1.028160,1,0,100.939,0,0,0,100.939,0
58.8623,2.05298,0,0,2.75596,0.276367,0.36288,3.6288,61.308,0.0818989,0,0,1.30925,0.191659,1.0357,0.66528,12.849,1,0.44863,0.36288,0,90.3269,3.85801,86.3831,0.84672,12.849,0.84672,3695.15,0,18.483,0.0246907,1.60814,1.34519,7.65729,0.813502,9.77243,0.42336,0,0,18.483,0.42336,442.007,0,1.02816,0,0,2.6363,1.60814,1.028160,1,0,97.1912,0,0,0,97.1912,0
62.316,2.05386,0,0,6.1469,0.276538,0.36288,3.6288,61.308,0.0821036,0,0,1.73324,0.191659,1.45948,0.66528,12.849,1,0.448336,0.36288,0,99.7263,3.85801,95.7829,0.84672,12.849,0.84672,3695.15,0,18.483,0.0247524,2.65264,1.34551,12.1102,0.813502,15.2701,0.42336,0,0,18.483,0.42336,442.007,0,1.02816,0,0,3.6808,2.65264,1.028160,1,0,112.512,0,0,0,112.512,0
68.6799,2.07495,0,0,9.04588,0.244097,0.36288,3.6288,61.308,0.0823081,0,0,2.17346,0.174233,1.91692,0.66528,12.849,1,0.427837,0.36288,0,159.032,3.65987,155.307,0.84672,12.849,0.84672,3695.15,0,18.483,0.0248141,3.39732,1.34583,17.4224,0.79621,21.3445,0.42336,0,0,18.483,0.42336,442.007,0,1.02816,0,0,4.42548,3.39732,1.028160,1,0,178.569,0,0,0,178.569,0
72.29,2.31453,0,0,6.96056,0.23615,0.799796,3.6288,61.308,0.185101,0,0,1.73881,0.206346,1.34736,0.66528,12.849,1,0.433015,0.799796,0,190.45,3.708,187.109,0.84672,12.849,0.84672,3695.15,0,18.483,0.0558039,3.44393,1.34614,14.457,0.890681,18.3006,0.42336,0,0,18.483,0.42336,442.007,0,1.02816,0,0,4.47209,3.44393,1.028160,1,0,206.756,0,0,0,206.756,0
72.29,2.33344,0,0,5.20411,0.298226,2.57245,3.6288,61.308,0.18533,0,0,1.26279,0.239884,0.837574,0.66528,12.849,1,0.414752,2.57245,0,172.399,4.00775,170.549,0.84672,12.849,0.84672,3695.15,0,18.483,0.0558728,2.80448,1.49537,11.0047,1.14408,14.1046,0.42336,0,0,18.483,0.42336,442.007,0,1.02816,0,0,3.83264,2.80448,1.028160,1,0,185.491,0,0,0,185.491,0
72.29,2.33399,0,0,5.62769,0.298226,2.99547,3.6288,61.308,0.185559,0,0,1.49701,0.239884,1.07157,0.66528,12.849,1,0.414849,2.99547,0,141.318,4.00775,139.89,0.84672,12.849,0.84672,3695.15,0,18.483,0.0559418,3.24981,1.49572,12.3035,1.14408,15.849,0.42336,0,0,18.483,0.42336,442.007,0,1.02816,0,0,4.27797,3.24981,1.028160,1,0,156.811,0,0,0,156.811,0
72.29,2.33454,0,0,6.19142,0.298226,3.55865,3.6288,61.308,0.185788,0,0,1.48045,0.239884,1.05478,0.66528,12.849,1,0.414946,3.55865,0,140.68,4.00775,139.816,0.84672,12.849,0.84672,3695.15,0,18.483,0.0560108,3.30167,1.49607,12.2687,1.14408,15.8664,0.42336,0,0,18.483,0.42336,442.007,0,1.02816,0,0,4.32983,3.30167,1.028160,1,0,156.737,0,0,0,156.737,0
72.29,2.0391,0,0,7.16099,0.306417,4.81547,3.6288,61.308,0.0482126,0,0,1.75949,0.249056,1.46222,0.66528,12.849,1,0.362434,4.81547,0,173.537,3.98691,174.003,0.84672,12.849,0.84672,3695.15,0,18.483,0.014535,3.81658,1.49642,12.3887,1.12264,16.5646,0.42336,0,0,18.483,0.42336,442.007,0,1.02816,0,0,4.84474,3.81658,1.028160,1,0,192.03,0,0,0,192.03,0
72.29,2.03958,0,0,8.24774,0.317497,5.89067,3.6288,61.308,0.0484092,0,0,2.09081,0.279572,1.76283,0.66528,12.849,1,0.362519,5.89067,0,206.016,4.11274,207.431,0.84672,12.849,0.84672,3695.15,0,18.483,0.0145943,3.93455,1.29288,12.8584,1.16818,16.9031,0.42336,0,0,18.483,0.42336,442.007,0,1.02816,0,0,4.96271,3.93455,1.028160,1,0,226.097,0,0,0,226.097,0
72.29,2.04005,0,0,6.36987,0.317497,4.01232,3.6288,61.308,0.048606,0,0,1.38231,0.279572,1.05414,0.66528,12.849,1,0.362604,4.01232,0,164.533,4.11274,164.07,0.84672,12.849,0.84672,3695.15,0,18.483,0.0146536,2.72626,1.29319,9.13213,1.16818,11.9687,0.42336,0,0,18.483,0.42336,442.007,0,1.02816,0,0,3.75442,2.72626,1.028160,1,0,177.093,0,0,0,177.093,0
72.29,2.04053,0,0,5.93293,0.335732,3.55667,3.6288,61.308,0.0488027,0,0,1.26763,0.232001,0.986822,0.66528,12.849,1,0.362689,3.55667,0,176.691,4.02176,175.863,0.84672,12.849,0.84672,3695.15,0,18.483,0.0147129,2.51236,1.29349,8.40257,1.05872,11.135,0.42336,0,0,18.483,0.42336,442.007,0,1.02816,0,0,3.54052,2.51236,1.028160,1,0,187.985,0,0,0,187.985,0
72.29,2.04101,0,0,5.28168,0.331196,2.90948,3.6288,61.308,0.0489995,0,0,1.16351,0.231877,0.882638,0.66528,12.849,1,0.362774,2.90948,0,110.208,3.24377,109.51,0.84672,12.849,0.84672,3695.15,0,18.483,0.0147723,2.25522,1.29379,8.66644,0.947206,11.2535,0.42336,0,0,18.483,0.42336,442.007,0,1.02816,0,0,3.28338,2.25522,1.028160,1,0,121.647,0,0,0,121.647,0
72.29,2.11608,0,0,6.42438,0.309298,3.999,3.6288,61.308,0.082948,0,0,1.55004,0.237597,1.2295,0.66528,12.849,1,0.376118,3.999,0,194.935,3.948,194.61,0.84672,12.849,0.84672,3695.15,0,18.483,0.025007,4.70966,1.2941,10.7434,1.14767,15.5745,0.42336,0,0,18.483,0.42336,442.007,0,1.02816,0,0,5.73782,4.70966,1.028160,1,0,211.414,0,0,0,211.414,0
72.29,2.11658,0,0,4.58473,0.309298,2.15885,3.6288,61.308,0.0831528,0,0,1.18003,0.237597,0.859276,0.66528,12.849,1,0.376206,2.15885,0,123.986,3.948,121.82,0.84672,12.849,0.84672,3695.15,0,18.483,0.0250687,1.83375,1.3448,6.05231,1.14767,8.05813,0.42336,0,0,18.483,0.42336,442.007,0,1.02816,0,0,2.86191,1.83375,1.028160,1,0,130.738,0,0,0,130.738,0
72.29,2.11708,0,0,5.60849,0.309298,3.18212,3.6288,61.308,0.0833577,0,0,1.59945,0.237597,1.2785,0.66528,12.849,1,0.376294,3.18212,0,129.289,3.948,128.147,0.84672,12.849,0.84672,3695.15,0,18.483,0.0251305,3.05984,1.34512,9.82524,1.14767,13.0574,0.42336,0,0,18.483,0.42336,442.007,0,1.02816,0,0,4.088,3.05984,1.028160,1,0,142.483,0,0,0,142.483,0
72.29,2.11757,0,0,4.42693,0.264031,2.04533,3.6288,61.308,0.0835626,0,0,1.17748,0.232602,0.861312,0.66528,12.849,1,0.376382,2.04533,0,110.549,4.24455,107.973,0.84672,12.849,0.84672,3695.15,0,18.483,0.0251923,2.22236,1.34543,5.58281,1.16695,7.95846,0.42336,0,0,18.483,0.42336,442.007,0,1.02816,0,0,3.25052,2.22236,1.028160,1,0,116.793,0,0,0,116.793,0
72.29,2.08888,0,0,4.36395,0.25191,2.02316,3.6288,61.308,0.0706465,0,0,1.12565,0.213519,0.841479,0.66528,12.849,1,0.371282,2.02316,0,102.149,4.14073,99.6601,0.84672,12.849,0.84672,3695.15,0,18.483,0.0212984,2.45146,1.34575,6.14609,1.13762,8.78438,0.42336,0,0,18.483,0.42336,442.007,0,1.02816,0,0,3.47962,2.45146,1.028160,1,0,109.286,0,0,0,109.286,0
72.29,2.08937,0,0,4.29035,0.227743,1.97324,3.6288,61.308,0.0708484,0,0,1.0536,0.197727,0.785029,0.66528,12.849,1,0.371369,1.97324,0,94.3531,4.26584,91.6892,0.84672,12.849,0.84672,3695.15,0,18.483,0.0213592,2.02497,1.32643,6.46696,1.12226,8.67473,0.42336,0,0,18.483,0.42336,442.007,0,1.02816,0,0,3.05313,2.02497,1.028160,1,0,101.149,0,0,0,101.149,0
72.29,2.08986,0,0,3.94019,0.227743,1.62259,3.6288,61.308,0.0710505,0,0,0.983379,0.197727,0.714601,0.66528,12.849,1,0.371456,1.62259,0,86.5503,4.26584,83.5356,0.84672,12.849,0.84672,3695.15,0,18.483,0.0214201,1.95064,1.32674,5.47361,1.12226,7.60731,0.42336,0,0,18.483,0.42336,442.007,0,1.02816,0,0,2.9788,1.95064,1.028160,1,0,91.8576,0,0,0,91.8576,0
72.29,2.09035,0,0,3.64603,0.190194,1.36549,3.6288,61.308,0.0712525,0,0,0.929042,0.22929,0.6285,0.66528,12.849,1,0.371544,1.36549,0,76.1054,4.53555,72.5638,0.84672,12.849,0.84672,3695.15,0,18.483,0.0214811,1.85509,1.32705,5.4856,1.11357,7.53269,0.42336,0,0,18.483,0.42336,442.007,0,1.02816,0,0,2.88325,1.85509,1.028160,1,0,80.725,0,0,0,80.725,0
72.29,2.19002,0,0,3.72297,0.171934,1.36101,3.6288,61.308,0.118029,0,0,0.8985,0.249265,0.531206,0.66528,12.849,1,0.38926,1.36101,0,78.7571,4.60251,75.1263,0.84672,12.849,0.84672,3695.15,0,18.483,0.0355831,1.61367,1.32736,5.86191,1.12633,7.64103,0.42336,0,0,18.483,0.42336,442.007,0,1.02816,0,0,2.64183,1.61367,1.028160,1,0,83.2985,0,0,0,83.2985,0
72.29,2.19054,0,0,3.22615,0.174655,0.860959,3.6288,61.308,0.118242,0,0,0.835212,0.252016,0.464953,0.66528,12.849,1,0.389351,0.860959,0,75.5979,4.54915,71.5204,0.84672,12.849,0.84672,3695.15,0,18.483,0.0356474,1.42949,1.39639,4.71605,1.08885,6.41744,0.42336,0,0,18.483,0.42336,442.007,0,1.02816,0,0,2.45765,1.42949,1.028160,1,0,78.4028,0,0,0,78.4028,0
72.29,2.19105,0,0,2.92937,0.106152,0.632165,3.6288,61.308,0.118455,0,0,0.769548,0.27307,0.378023,0.66528,12.849,1,0.389442,0.632165,0,55.0246,4.90718,50.3602,0.84672,12.849,0.84672,3695.15,0,18.483,0.0357116,1.06269,1.39672,4.41268,1.24097,5.59541,0.42336,0,0,18.483,0.42336,442.007,0,1.02816,0,0,2.09085,1.06269,1.028160,1,0,56.3336,0,0,0,56.3336,0
72.29,2.19156,0,0,2.80847,0.106152,0.510751,3.6288,61.308,0.118669,0,0,0.750773,0.27307,0.359035,0.66528,12.849,1,0.389534,0.510751,0,50.9136,4.90718,46.1277,0.84672,12.849,0.84672,3695.15,0,18.483,0.0357759,1.05962,1.39705,4.26364,1.24097,5.44356,0.42336,0,0,18.483,0.42336,442.007,0,1.02816,0,0,2.08778,1.05962,1.028160,1,0,51.9303,0,0,0,51.9303,0
72.29,2.19208,0,0,2.68319,0.106152,0.384957,3.6288,61.308,0.118882,0,0,0.753702,0.27307,0.36175,0.66528,12.849,1,0.389625,0.384957,0,48.6475,4.90718,43.7357,0.84672,12.849,0.84672,3695.15,0,18.483,0.0358402,1.24535,1.39738,4.06053,1.24097,5.42645,0.42336,0,0,18.483,0.42336,442.007,0,1.02816,0,0,2.27351,1.24535,1.028160,1,0,49.5239,0,0,0,49.5239,0
71.5937,2.17295,0,0,1.96006,0.120575,0.36288,3.6288,61.308,0.144723,0,0,0.967283,0.275917,0.546643,0.66528,12.849,1,0.386226,0.36288,0,42.7294,5.30768,37.3984,0.84672,12.849,0.84672,3695.15,0,18.483,0.0436308,1.15763,1.39771,4.22156,1.1948,5.53847,0.42336,0,0,18.483,0.42336,442.007,0,1.02816,0,0,2.18579,1.15763,1.028160,1,0,43.4835,0,0,0,43.4835,0
70.8176,2.17028,0,0,1.85182,0.094682,0.36288,3.6288,61.308,0.144942,0,0,0.91063,0.311285,0.454403,0.66528,12.849,1,0.389503,0.36288,0,40.6412,5.34565,35.2689,0.84672,12.849,0.84672,3695.15,0,18.483,0.0436969,1.08459,1.41947,4.32168,1.31197,5.47008,0.42336,0,0,18.483,0.42336,442.007,0,1.02816,0,0,2.11275,1.08459,1.028160,1,0,41.1934,0,0,0,41.1934,0
69.9555,2.16717,0,0,1.76208,0.0941215,0.36288,3.6288,61.308,0.145162,0,0,0.847109,0.311285,0.390662,0.66528,12.849,1,0.393208,0.36288,0,36.841,5.34565,31.4651,0.84672,12.849,0.84672,3695.15,0,18.483,0.0437631,1.00803,1.4198,4.11501,1.31197,5.18711,0.42336,0,0,18.483,0.42336,442.007,0,1.02816,0,0,2.03619,1.00803,1.028160,1,0,37.0428,0,0,0,37.0428,0
68.962,2.16359,0,0,1.62645,0.0934989,0.36288,3.6288,61.308,0.145381,0,0,0.757538,0.311285,0.300872,0.66528,12.849,1,0.397395,0.36288,0,34.8624,5.34565,29.4822,0.84672,12.849,0.84672,3695.15,0,18.483,0.0438293,0.906664,1.42014,3.84908,1.31197,4.82008,0.42336,0,0,18.483,0.42336,442.007,0,1.02816,0,0,1.93482,0.906664,1.028160,1,0,34.6032,0,0,0,34.6032,0
67.6715,2.20966,0,0,1.36286,0.080845,0.36288,3.6288,61.308,0.168463,0,0,0.580654,0.311006,0.101185,0.66528,12.849,1,0.411704,0.36288,0,28.7372,5.68831,23.0001,0.84672,12.849,0.84672,3695.15,0,18.483,0.0507878,0.27483,1.42047,3.12063,1.36736,3.39778,0.42336,0,0,18.483,0.42336,442.007,0,1.02816,0,0,1.30299,0.27483,1.028160,1,0,26.4991,0,0,0,26.4991,0
66.4277,2.20358,0,0,1.39387,0.0711705,0.36288,3.6288,61.308,0.308729,0,0,0.655872,0.310797,0.0363458,0.66528,12.849,1,0.418401,0.36288,0,33.9991,5.94531,27.9983,0.84672,12.849,0.84672,3695.15,0,18.483,0.0930749,0.261274,1.45499,3.15006,1.40891,3.36434,0.42336,0,0,18.483,0.42336,442.007,0,0.845899,0,0,1.10717,0.261274,1.028160,1,0,31.3989,0,0,0,31.3989,0
65.0656,2.19753,0,0,1.26874,0.0704744,0.36288,3.6288,61.2736,0.264562,0,0,0.540966,0.310797,0,0.66528,12.849,1,0.425065,0.36288,0,27.3844,5.94531,21.3769,0.84672,12.849,0.84672,3695.15,0,18.483,0.0797595,0.227405,1.45533,2.92711,1.40891,3.12118,0.42336,0,0,18.483,0.42336,442.007,0,0.903675,0,0,1.13108,0.227405,1.028160,1,0,24.4981,0,0,0,24.4981,0
63.5963,2.19062,0,0,1.15392,0.0697122,0.36288,3.6288,61.0665,0.400195,0,0,0.503797,0.31073,0,0.66528,12.849,1,0.432598,0.36288,0,25.5284,5.94531,19.5134,0.84672,12.849,0.84672,3695.15,0,18.483,0.120718,0.227405,1.45568,2.60864,1.40891,2.7621,0.42336,0,0,18.483,0.42336,442.007,0,0.727376,0,0,0.95478,0.227405,1.028160,1,0,22.2755,0,0,0,22.2755,0
62.048,2.32859,0,0,1.19948,0.0563136,0.36288,3.6288,61.0342,0.299111,0,0,0.585962,0.319174,0,0.66528,12.849,1,0.470469,0.36288,0,25.3365,6.14913,19.0797,0.84672,12.849,0.84672,3695.15,0,18.483,0.0905321,0.227405,1.45602,3.45112,1.46472,3.57929,0.42336,0,0,18.483,0.42336,442.007,0,0.966436,0,0,1.19384,0.227405,1.028160,1,0,22.659,0,0,0,22.659,0
60.1456,2.31941,0,0,0.824299,0.0443761,0.36288,3.6288,60.7835,0.417324,0,0,0.502717,0.336009,0,0.66528,12.849,1,0.480308,0.36288,0,22.1034,6.3252,15.6607,0.84672,12.849,0.84672,3695.15,0,18.483,0.126378,0.227405,1.57225,2.40827,1.59043,2.49112,0.42336,0,0,18.483,0.42336,442.007,0,0.812696,0,0,1.0401,0.227405,1.028160,1,0,18.1519,0,0,0,18.1519,0
58.2113,2.30744,0,0,0.779656,0.0436731,0.36288,3.6288,60.4611,0.449348,0,0,0.462368,0.335476,0,0.66528,12.849,1,0.492941,0.36288,0,19.8643,6.3252,13.4091,0.84672,12.849,0.84672,3695.15,0,18.483,0.136637,0.204422,1.57262,2.38095,1.59043,2.43092,0.42336,0,0,18.483,0.42336,442.007,0,0.770731,0,0,0.975154,0.204422,1.028160,1,0,15.84,0,0,0,15.84,0
56.5877,2.29456,0,0,1.07667,0.0428663,0.36288,3.6288,60.29,0.348321,0,0,0.512057,0.33479,0,0.66528,12.849,1,0.506478,0.36288,0,21.3076,6.3252,14.8388,0.84672,12.849,0.84672,3695.15,0,18.483,0.106482,0.204422,1.57299,2.65423,1.59043,2.73472,0.42336,0,0,18.483,0.42336,442.007,0,0.902232,0,0,1.10665,0.204422,1.028160,1,0,17.5735,0,0,0,17.5735,0
55.4423,2.28325,0,0,1.56754,0.0668112,0.36288,3.6288,60.3926,0.251952,0,0,0.681621,0.327102,0,0.66528,12.849,1,0.518443,0.36288,0,35.5558,6.18528,29.215,0.84672,12.849,0.84672,3695.15,0,18.483,0.0772406,0.216873,1.57336,2.95167,1.56807,3.09658,0.42336,0,0,18.483,0.42336,442.007,0,1.02816,0,0,1.24503,0.216873,1.028160,1,0,32.3116,0,0,0,32.3116,0
53.6226,2.20567,0,0,0.822703,0.0738532,0.36288,3.6288,60.2928,0.293745,0,0,0.492533,0.298626,0,0.66528,12.849,1,0.511174,0.36288,0,31.3146,6.14731,25.0189,0.84672,12.849,0.84672,3695.15,0,18.483,0.0898998,0.204422,1.57373,1.91741,1.67836,1.9273,0.42336,0,0,18.483,0.42336,442.007,0,0.908703,0,0,1.11313,0.204422,1.028160,1,0,26.9462,0,0,0,26.9462,0
52.1786,2.19219,0,0,1.1863,0.0751586,0.36288,3.6288,60.5182,0.202434,0,0,0.722643,0.294764,0,0.66528,12.849,1,0.525291,0.36288,0,28.8712,6.10774,22.601,0.84672,12.849,0.84672,3695.15,0,18.483,0.0620571,1.03524,1.5076,2.80443,1.69786,3.58736,0.42336,0,0,18.483,0.42336,442.007,0,1.02816,0,0,2.0634,1.03524,1.028160,1,0,26.1884,0,0,0,26.1884,0
50.143,2.18104,0,0,0.582358,0.0740534,0.36288,3.6288,60.4632,0.202844,0,0,0.443056,0.295187,0,0.66528,12.849,1,0.537082,0.36288,0,29.0881,6.10774,22.8062,0.84672,12.849,0.84672,3695.15,0,18.483,0.061951,0.217918,1.50796,1.60805,1.69786,1.57411,0.42336,0,0,18.483,0.42336,442.007,0,1.02816,0,0,1.24608,0.217918,1.028160,1,0,24.3803,0,0,0,24.3803,0
48.1424,2.16419,0,0,0.598947,0.0724952,0.36288,3.6288,60.3064,0.343073,0,0,0.481305,0.295084,0,0.66528,12.849,1,0.554568,0.36288,0,18.9698,6.10774,12.6704,0.84672,12.849,0.84672,3695.15,0,18.483,0.104874,0.216518,1.50831,1.30433,1.69786,1.22642,0.42336,0,0,18.483,0.42336,442.007,0,0.845312,0,0,1.06183,0.216518,1.028160,1,0,13.8968,0,0,0,13.8968,0
47.2115,2.09106,0,0,1.69764,0.174565,0.36288,3.6288,60.831,0.157587,0,0,0.923568,0.241351,0,0.66528,12.849,1,0.558094,0.36288,0,44.9888,4.92937,39.8642,0.84672,12.849,0.84672,3695.15,0,18.483,0.0482981,1.19299,1.50867,3.43334,1.33412,4.75257,0.42336,0,0,18.483,0.42336,442.007,0,1.02816,0,0,2.22115,1.19299,1.028160,1,0,44.6168,0,0,0,44.6168,0
46.937,2.08289,0,0,2.36898,0.197716,0.36288,3.6288,61.308,0.158129,0,0,1.01451,0.163506,0.215881,0.66528,12.849,1,0.566876,0.36288,0,62.3731,4.21911,57.95,0.84672,12.849,0.84672,3695.15,0,18.483,0.0480461,1.60696,1.44987,5.4427,1.02513,7.42636,0.42336,0,0,18.483,0.42336,442.007,0,1.02816,0,0,2.63512,1.60696,1.028160,1,0,65.5922,0,0,0,65.5922,0
46.6673,2.08078,0,0,2.37101,0.197119,0.36288,3.6288,61.308,0.158639,0,0,1.02473,0.164,0.702091,0.66528,12.849,1,0.569613,0.36288,0,63.6936,4.21911,59.2677,0.84672,12.849,0.84672,3695.15,0,18.483,0.047826,1.6711,1.45021,6.76958,1.02513,8.81793,0.42336,0,0,18.483,0.42336,442.007,0,1.02816,0,0,2.69926,1.6711,1.028160,1,0,68.7877,0,0,0,68.7877,0
46.62,2.07869,0,0,2.59084,0.196532,0.36288,3.6288,61.308,0.158861,0,0,1.82488,0.164,1.50202,0.66528,12.849,1,0.572329,0.36288,0,66.1688,4.21911,61.7403,0.84672,12.849,0.84672,3695.15,0,18.483,0.0478931,2.52941,1.45055,7.22262,1.02513,10.1296,0.42336,0,0,18.483,0.42336,442.007,0,1.02816,0,0,3.55757,2.52941,1.028160,1,0,73.3719,0,0,0,73.3719,0
46.7258,1.92217,0,0,2.59974,0.208902,0.36288,3.6288,61.308,0.0637522,0,0,1.3712,0.176715,1.13074,0.66528,12.849,1,0.529771,0.36288,0,65.6637,3.77487,61.722,0.84672,12.849,0.84672,3695.15,0,18.483,0.0192199,1.97065,1.45089,6.95872,0.932589,9.42846,0.42336,0,0,18.483,0.42336,442.007,0,1.02816,0,0,2.99881,1.97065,1.028160,1,0,72.2812,0,0,0,72.2812,0
50.9019,1.92356,0,0,6.66007,0.197563,0.36288,3.6288,61.308,0.0639526,0,0,1.3136,0.22072,1.02893,0.66528,12.849,1,0.528954,0.36288,0,87.1465,3.5973,83.3831,0.84672,12.849,0.84672,3695.15,0,18.483,0.0192803,3.12434,1.31795,8.70735,0.906505,12.2239,0.42336,0,0,18.483,0.42336,442.007,0,1.02816,0,0,4.1525,3.12434,1.028160,1,0,96.6359,0,0,0,96.6359,0
52.0405,1.95867,0,0,3.66688,0.206662,0.36288,3.6288,61.308,0.064153,0,0,1.0212,0.22072,0.736332,0.66528,12.849,1,0.494421,0.36288,0,76.7154,3.5973,72.9866,0.84672,12.849,0.84672,3695.15,0,18.483,0.0193407,2.2613,1.31826,4.87786,0.906505,7.53158,0.42336,0,0,18.483,0.42336,442.007,0,1.02816,0,0,3.28946,2.2613,1.028160,1,0,81.2545,0,0,0,81.2545,0
53.3113,1.96781,0,0,3.81057,0.209127,0.36288,3.6288,61.308,0.0643535,0,0,0.925266,0.22072,0.640193,0.66528,12.849,1,0.485859,0.36288,0,78.4512,3.5973,74.7309,0.84672,12.849,0.84672,3695.15,0,18.483,0.0194011,2.08478,1.31857,5.17333,0.906505,7.65078,0.42336,0,0,18.483,0.42336,442.007,0,1.02816,0,0,3.11294,2.08478,1.028160,1,0,83.0219,0,0,0,83.0219,0
53.9785,1.9776,0,0,3.21528,0.207623,0.36288,3.6288,61.308,0.0645541,0,0,0.950668,0.259478,0.626635,0.66528,12.849,1,0.476639,0.36288,0,86.7828,4.54433,82.1247,0.84672,12.849,0.84672,3695.15,0,18.483,0.0194616,1.70966,1.31888,5.45553,1.33676,7.12784,0.42336,0,0,18.483,0.42336,442.007,0,1.02816,0,0,2.73782,1.70966,1.028160,1,0,89.8791,0,0,0,89.8791,0
55.7444,2.04494,0,0,4.39057,0.216804,0.36288,3.6288,61.308,0.0923889,0,0,2.34713,0.265058,1.98969,0.66528,12.849,1,0.486775,0.36288,0,114.786,4.91901,109.743,0.84672,12.849,0.84672,3695.15,0,18.483,0.0278532,2.28808,1.31919,10.1185,1.43493,12.263,0.42336,0,0,18.483,0.42336,442.007,0,1.02816,0,0,3.31624,2.28808,1.028160,1,0,123.996,0,0,0,123.996,0
61.8079,2.05794,0,0,8.70885,0.224549,0.36288,3.6288,61.308,0.0925892,0,0,3.72254,0.261088,3.36886,0.66528,12.849,1,0.474351,0.36288,0,188.564,4.91736,183.535,0.84672,12.849,0.84672,3695.15,0,18.483,0.0279136,3.43277,1.3617,16.1938,1.40535,19.555,0.42336,0,0,18.483,0.42336,442.007,0,1.02816,0,0,4.46093,3.43277,1.028160,1,0,206.459,0,0,0,206.459,0
69.075,2.09694,0,0,9.9646,0.237704,0.36288,3.6288,61.308,0.0927895,0,0,4.56028,0.261088,4.2064,0.66528,12.849,1,0.435924,0.36288,0,398.32,4.91736,393.33,0.84672,12.849,0.84672,3695.15,0,18.483,0.027974,3.04111,1.36201,21.9492,1.40535,24.919,0.42336,0,0,18.483,0.42336,442.007,0,1.02816,0,0,4.06927,3.04111,1.028160,1,0,422.455,0,0,0,422.455,0
71.6361,2.13609,0,0,5.31204,0.251944,0.36288,3.6288,61.308,0.0929899,0,0,2.18222,0.261088,1.82814,0.66528,12.849,1,0.397345,0.36288,0,158.706,4.91736,153.755,0.84672,12.849,0.84672,3695.15,0,18.483,0.0280344,1.78092,1.36232,10.1536,1.40535,11.8634,0.42336,0,0,18.483,0.42336,442.007,0,1.02816,0,0,2.80908,1.78092,1.028160,1,0,167.446,0,0,0,167.446,0
72.29,2.3582,0,0,6.0155,0.260425,2.74299,3.6288,61.308,0.197034,0,0,2.4274,0.187295,2.04307,0.66528,12.849,1,0.422977,2.74299,0,164.672,4.00854,162.984,0.84672,12.849,0.84672,3695.15,0,18.483,0.0594014,2.11461,1.36263,11.5631,1.09011,13.8908,0.42336,0,0,18.483,0.42336,442.007,0,1.02816,0,0,3.14277,2.11461,1.028160,1,0,178.918,0,0,0,178.918,0
72.29,2.36198,0,0,19.0216,0.290572,16.369,3.6288,61.308,0.197258,0,0,5.9251,0.129385,5.59846,0.66528,12.849,1,0.419824,16.369,0,465.972,2.83448,479.087,0.84672,12.849,0.84672,3695.15,0,18.483,0.059469,6.62402,1.51367,41.5321,0.851567,48.7588,0.42336,0,0,18.483,0.42336,442.007,0,1.02816,0,0,7.65218,6.62402,1.028160,1,0,533.444,0,0,0,533.444,0
72.29,2.36252,0,0,7.45105,0.290572,4.79796,3.6288,61.308,0.197482,0,0,2.76528,0.129385,2.43842,0.66528,12.849,1,0.419919,4.79796,0,383.681,2.83448,385.224,0.84672,12.849,0.84672,3695.15,0,18.483,0.0595365,2.95795,1.51401,17.2167,0.851567,20.7775,0.42336,0,0,18.483,0.42336,442.007,0,1.02816,0,0,3.98611,2.95795,1.028160,1,0,408.44,0,0,0,408.44,0
72.29,2.36305,0,0,5.92428,0.299249,3.26197,3.6288,61.308,0.197706,0,0,2.57627,0.193678,2.18488,0.66528,12.849,1,0.420015,3.26197,0,238.836,3.6047,238.074,0.84672,12.849,0.84672,3695.15,0,18.483,0.0596041,2.72433,1.51436,15.2966,0.984701,18.491,0.42336,0,0,18.483,0.42336,442.007,0,1.02816,0,0,3.75249,2.72433,1.028160,1,0,258.75,0,0,0,258.75,0
72.29,2.06399,0,0,5.89289,0.315274,3.51362,3.6288,61.308,0.0584447,0,0,5.22899,0.191752,4.97879,0.66528,12.849,1,0.366858,3.51362,0,235.969,3.33434,235.781,0.84672,12.849,0.84672,3695.15,0,18.483,0.0176198,4.25288,1.5147,21.4497,0.865009,26.3346,0.42336,0,0,18.483,0.42336,442.007,0,1.02816,0,0,5.28104,4.25288,1.028160,1,0,267.095,0,0,0,267.095,0
72.29,2.06446,0,0,5.22664,0.315168,2.84701,3.6288,61.308,0.0586373,0,0,2.83881,0.152833,2.62734,0.66528,12.849,1,0.366942,2.84701,0,139.929,2.62563,139.784,0.84672,12.849,0.84672,3695.15,0,18.483,0.0176778,2.22566,1.30866,14.1063,0.730551,16.8924,0.42336,0,0,18.483,0.42336,442.007,0,1.02816,0,0,3.25382,2.22566,1.028160,1,0,159.303,0,0,0,159.303,0
72.29,2.06493,0,0,5.38293,0.315168,3.00283,3.6288,61.308,0.0588299,0,0,2.63479,0.152833,2.42313,0.66528,12.849,1,0.367025,3.00283,0,136.693,2.62563,136.703,0.84672,12.849,0.84672,3695.15,0,18.483,0.0177359,2.71839,1.30896,15.7929,0.730551,19.072,0.42336,0,0,18.483,0.42336,442.007,0,1.02816,0,0,3.74655,2.71839,1.028160,1,0,158.198,0,0,0,158.198,0
72.29,2.0654,0,0,7.17224,0.315168,4.79167,3.6288,61.308,0.0590226,0,0,3.12635,0.152833,2.91449,0.66528,12.849,1,0.367108,4.79167,0,191.621,2.62563,193.419,0.84672,12.849,0.84672,3695.15,0,18.483,0.017794,2.95938,1.30926,17.9938,0.730551,21.5141,0.42336,0,0,18.483,0.42336,442.007,0,1.02816,0,0,3.98754,2.95938,1.028160,1,0,217.848,0,0,0,217.848,0
72.29,2.06586,0,0,7.96092,0.314631,5.58043,3.6288,61.308,0.0592154,0,0,3.28958,0.151362,3.07901,0.66528,12.849,1,0.367192,5.58043,0,228.093,2.78694,230.52,0.84672,12.849,0.84672,3695.15,0,18.483,0.0178521,3.08472,1.30956,23.8964,0.790916,27.4819,0.42336,0,0,18.483,0.42336,442.007,0,1.02816,0,0,4.11288,3.08472,1.028160,1,0,261.081,0,0,0,261.081,0
72.29,2.14183,0,0,10.0186,0.335726,7.54104,3.6288,61.308,0.0935705,0,0,4.03491,0.150099,3.79124,0.66528,12.849,1,0.380695,7.54104,0,233.46,2.91641,237.704,0.84672,12.849,0.84672,3695.15,0,18.483,0.0282094,3.50533,1.30985,23.209,0.755835,27.2402,0.42336,0,0,18.483,0.42336,442.007,0,1.02816,0,0,4.53349,3.50533,1.028160,1,0,268.735,0,0,0,268.735,0
72.29,2.14232,0,0,10.8096,0.310354,8.35692,3.6288,61.308,0.0937711,0,0,4.20614,0.149676,3.96269,0.66528,12.849,1,0.380781,8.35692,0,160.945,3.36707,165.554,0.84672,12.849,0.84672,3695.15,0,18.483,0.0282699,3.48447,1.36117,18.5277,0.835758,22.5093,0.42336,0,0,18.483,0.42336,442.007,0,1.02816,0,0,4.51263,3.48447,1.028160,1,0,192.026,0,0,0,192.026,0
72.29,2.14281,0,0,7.58514,0.298516,5.14382,3.6288,61.308,0.0939718,0,0,3.02756,0.147016,2.78657,0.66528,12.849,1,0.380867,5.14382,0,131.589,3.4861,132.866,0.84672,12.849,0.84672,3695.15,0,18.483,0.0283304,2.82247,1.36147,14.0428,0.858876,17.3395,0.42336,0,0,18.483,0.42336,442.007,0,1.02816,0,0,3.85063,2.82247,1.028160,1,0,152.992,0,0,0,152.992,0
72.29,2.14329,0,0,6.7074,0.298516,4.2656,3.6288,61.308,0.0941724,0,0,3.24361,0.147016,3.00242,0.66528,12.849,1,0.380954,4.2656,0,113.799,3.4861,114.198,0.84672,12.849,0.84672,3695.15,0,18.483,0.0283909,2.58512,1.36178,13.7493,0.858876,16.8089,0.42336,0,0,18.483,0.42336,442.007,0,1.02816,0,0,3.61328,2.58512,1.028160,1,0,134.009,0,0,0,134.009,0
72.29,2.11423,0,0,5.82462,0.288021,3.42237,3.6288,61.308,0.0810928,0,0,2.76258,0.179061,2.50243,0.66528,12.849,1,0.375789,3.42237,0,118.746,3.72046,118.072,0.84672,12.849,0.84672,3695.15,0,18.483,0.0244477,2.20717,1.36209,15.3767,0.948755,17.9728,0.42336,0,0,18.483,0.42336,442.007,0,1.02816,0,0,3.23533,2.20717,1.028160,1,0,138.547,0,0,0,138.547,0
72.29,2.11471,0,0,5.30408,0.28015,2.90922,3.6288,61.308,0.0812907,0,0,2.02238,0.203094,1.738,0.66528,12.849,1,0.375874,2.90922,0,99.2961,3.89624,97.9332,0.84672,12.849,0.84672,3695.15,0,18.483,0.0245073,1.54532,1.34253,10.343,1.01616,12.1902,0.42336,0,0,18.483,0.42336,442.007,0,1.02816,0,0,2.57348,1.54532,1.028160,1,0,111.861,0,0,0,111.861,0
72.29,2.11519,0,0,4.90807,0.28015,2.51273,3.6288,61.308,0.0814885,0,0,1.89789,0.203094,1.61331,0.66528,12.849,1,0.375959,2.51273,0,91.1226,3.89624,89.3632,0.84672,12.849,0.84672,3695.15,0,18.483,0.024567,1.3586,1.34283,9.08764,1.01616,10.7483,0.42336,0,0,18.483,0.42336,442.007,0,1.02816,0,0,2.38676,1.3586,1.028160,1,0,101.725,0,0,0,101.725,0
72.29,2.11567,0,0,4.50586,0.249629,2.14056,3.6288,61.308,0.0816863,0,0,1.75672,0.227157,1.44788,0.66528,12.849,1,0.376045,2.14056,0,80.5421,4.17006,78.1365,0.84672,12.849,0.84672,3695.15,0,18.483,0.0246266,1.28049,1.34314,8.51221,1.02665,10.0846,0.42336,0,0,18.483,0.42336,442.007,0,1.02816,0,0,2.30865,1.28049,1.028160,1,0,89.669,0,0,0,89.669,0
72.29,2.21654,0,0,4.37111,0.229136,1.92543,3.6288,61.308,0.129023,0,0,1.7166,0.240676,1.3469,0.66528,12.849,1,0.393973,1.92543,0,73.4702,4.14101,70.8607,0.84672,12.849,0.84672,3695.15,0,18.483,0.0388975,1.16637,1.34344,8.97471,1.0075,10.4381,0.42336,0,0,18.483,0.42336,442.007,0,1.02816,0,0,2.19453,1.16637,1.028160,1,0,82.6457,0,0,0,82.6457,0
72.29,2.21704,0,0,4.29233,0.162795,1.9125,3.6288,61.308,0.129231,0,0,1.69406,0.244694,1.32014,0.66528,12.849,1,0.394062,1.9125,0,77.7419,4.70526,74.555,0.84672,12.849,0.84672,3695.15,0,18.483,0.0389604,0.885885,1.4133,7.7531,1.11748,8.89585,0.42336,0,0,18.483,0.42336,442.007,0,1.02816,0,0,1.91405,0.885885,1.028160,1,0,84.771,0,0,0,84.771,0
72.29,2.21754,0,0,4.22653,0.162795,1.84619,3.6288,61.308,0.12944,0,0,1.69663,0.244694,1.32249,0.66528,12.849,1,0.394151,1.84619,0,73.1013,4.70526,69.8481,0.84672,12.849,0.84672,3695.15,0,18.483,0.0390233,0.92429,1.41362,7.41934,1.11748,8.60075,0.42336,0,0,18.483,0.42336,442.007,0,1.02816,0,0,1.95245,0.92429,1.028160,1,0,79.7713,0,0,0,79.7713,0
72.29,2.21805,0,0,3.77877,0.172629,1.3881,3.6288,61.308,0.129649,0,0,1.63185,0.24206,1.26015,0.66528,12.849,1,0.394241,1.3881,0,69.3014,4.53603,65.7593,0.84672,12.849,0.84672,3695.15,0,18.483,0.0390862,1.01131,1.41394,6.8561,1.12401,8.11826,0.42336,0,0,18.483,0.42336,442.007,0,1.02816,0,0,2.03947,1.01131,1.028160,1,0,75.1377,0,0,0,75.1377,0
72.29,2.21855,0,0,3.61529,0.174996,1.22174,3.6288,61.308,0.129858,0,0,1.59821,0.243778,1.22457,0.66528,12.849,1,0.394331,1.22174,0,64.3455,4.17707,60.9959,0.84672,12.849,0.84672,3695.15,0,18.483,0.0391492,0.993332,1.41426,6.48302,1.15937,7.6921,0.42336,0,0,18.483,0.42336,442.007,0,1.02816,0,0,2.02149,0.993332,1.028160,1,0,69.9126,0,0,0,69.9126,0
72.29,2.19918,0,0,3.12426,0.125698,0.799381,3.6288,61.308,0.156004,0,0,1.33053,0.28049,0.89404,0.66528,12.849,1,0.390887,0.799381,0,44.236,5.13384,39.5107,0.84672,12.849,0.84672,3695.15,0,18.483,0.0470317,0.992192,1.41458,5.93116,1.28791,7.003,0.42336,0,0,18.483,0.42336,442.007,0,1.02816,0,0,2.02035,0.992192,1.028160,1,0,47.4077,0,0,0,47.4077,0
72.29,2.19968,0,0,2.76176,0.12674,0.43534,3.6288,61.308,0.156219,0,0,1.14969,0.28315,0.710322,0.66528,12.849,1,0.390976,0.43534,0,54.1873,5.26659,48.9651,0.84672,12.849,0.84672,3695.15,0,18.483,0.0470965,0.95091,1.4366,6.44519,1.3014,7.48421,0.42336,0,0,18.483,0.42336,442.007,0,1.02816,0,0,1.97907,0.95091,1.028160,1,0,57.1596,0,0,0,57.1596,0
72.0592,2.20018,0,0,2.45901,0.12674,0.36288,3.6288,61.308,0.156434,0,0,1.03718,0.28315,0.597597,0.66528,12.849,1,0.391065,0.36288,0,55.5494,5.26659,50.2546,0.84672,12.849,0.84672,3695.15,0,18.483,0.0471612,0.822286,1.43693,6.43576,1.3014,7.34642,0.42336,0,0,18.483,0.42336,442.007,0,1.02816,0,0,1.85045,0.822286,1.028160,1,0,58.1987,0,0,0,58.1987,0
71.6711,2.19961,0,0,2.30089,0.126518,0.36288,3.6288,61.308,0.156649,0,0,0.990282,0.28315,0.550484,0.66528,12.849,1,0.392217,0.36288,0,51.8523,5.26659,46.5563,0.84672,12.849,0.84672,3695.15,0,18.483,0.047226,0.780261,1.43725,6.13996,1.3014,7.00885,0.42336,0,0,18.483,0.42336,442.007,0,1.02816,0,0,1.80842,0.780261,1.028160,1,0,54.1157,0,0,0,54.1157,0
71.3242,2.24962,0,0,2.37035,0.104762,0.36288,3.6288,61.308,0.18,0,0,1.12018,0.311799,0.628377,0.66528,12.849,1,0.403305,0.36288,0,55.8536,5.56512,50.2481,0.84672,12.849,0.84672,3695.15,0,18.483,0.0542661,0.747645,1.43758,5.67888,1.43202,6.37782,0.42336,0,0,18.483,0.42336,442.007,0,1.02816,0,0,1.77581,0.747645,1.028160,1,0,57.2543,0,0,0,57.2543,0
70.9781,2.24847,0,0,2.35239,0.0871313,0.36288,3.6288,61.308,0.180221,0,0,1.15435,0.331862,0.642264,0.66528,12.849,1,0.405059,0.36288,0,43.3941,5.70979,37.6422,0.84672,12.849,0.84672,3695.15,0,18.483,0.0543325,0.823349,1.47251,5.18175,1.52044,5.90283,0.42336,0,0,18.483,0.42336,442.007,0,1.02816,0,0,1.85151,0.823349,1.028160,1,0,44.1873,0,0,0,44.1873,0
70.4801,2.2473,0,0,2.19905,0.0869008,0.36288,3.6288,61.308,0.180441,0,0,1.06803,0.331862,0.55573,0.66528,12.849,1,0.406824,0.36288,0,41.2616,5.70979,35.5079,0.84672,12.849,0.84672,3695.15,0,18.483,0.0543989,0.664027,1.47284,4.54682,1.52044,5.10885,0.42336,0,0,18.483,0.42336,442.007,0,1.02816,0,0,1.69219,0.664027,1.028160,1,0,41.1725,0,0,0,41.1725,0
69.9547,2.24538,0,0,2.1695,0.0865691,0.36288,3.6288,61.308,0.180661,0,0,1.1555,0.331862,0.642981,0.66528,12.849,1,0.409348,0.36288,0,38.2866,5.70979,32.5303,0.84672,12.849,0.84672,3695.15,0,18.483,0.0544654,0.778084,1.47318,5.1419,1.52044,5.81825,0.42336,0,0,18.483,0.42336,442.007,0,1.02816,0,0,1.80624,0.778084,1.028160,1,0,38.9916,0,0,0,38.9916,0
69.4709,2.39311,0,0,2.34097,0.0688026,0.36288,3.6288,61.308,0.26447,0,0,1.22074,0.3125,0.643767,0.66528,12.849,1,0.439557,0.36288,0,39.4626,5.95137,33.4345,0.84672,12.849,0.84672,3695.15,0,18.483,0.0797318,0.9666,1.47351,6.34287,1.59023,7.11303,0.42336,0,0,18.483,0.42336,442.007,0,1.02816,0,0,1.99476,0.9666,1.028160,1,0,41.1913,0,0,0,41.1913,0
68.4548,2.39107,0,0,1.76887,0.0310035,0.36288,3.6288,61.308,0.26471,0,0,1.12882,0.325633,0.538482,0.66528,12.849,1,0.442241,0.36288,0,37.8886,5.50274,32.3065,0.84672,12.849,0.84672,3695.15,0,18.483,0.0798041,0.667811,1.59113,4.59113,1.57027,5.2,0.42336,0,0,18.483,0.42336,442.007,0,1.02816,0,0,1.69597,0.667811,1.028160,1,0,38.045,0,0,0,38.045,0
67.2465,2.38609,0,0,1.57139,0.0307592,0.36288,3.6288,61.308,0.264949,0,0,1.01084,0.325633,0.420254,0.66528,12.849,1,0.44787,0.36288,0,33.8643,5.50274,28.2766,0.84672,12.849,0.84672,3695.15,0,18.483,0.0798763,0.573031,1.59149,4.48366,1.57027,4.99803,0.42336,0,0,18.483,0.42336,442.007,0,1.02816,0,0,1.60119,0.573031,1.028160,1,0,33.6949,0,0,0,33.6949,0
66.1801,2.37987,0,0,1.70684,0.0304688,0.36288,3.6288,61.308,0.265189,0,0,1.02282,0.325633,0.431999,0.66528,12.849,1,0.45473,0.36288,0,32.3654,5.50274,26.7708,0.84672,12.849,0.84672,3695.15,0,18.483,0.0799485,0.584945,1.59185,4.76235,1.57027,5.28893,0.42336,0,0,18.483,0.42336,442.007,0,1.02816,0,0,1.61311,0.584945,1.028160,1,0,32.4917,0,0,0,32.4917,0
66.0345,2.37427,0,0,2.63632,0.0447757,0.36288,3.6288,61.308,0.265428,0,0,1.23028,0.322415,0.642441,0.66528,12.849,1,0.46097,0.36288,0,52.2742,5.41368,46.7625,0.84672,12.849,0.84672,3695.15,0,18.483,0.0800207,0.905481,1.59221,5.0329,1.55935,5.89123,0.42336,0,0,18.483,0.42336,442.007,0,1.02816,0,0,1.93364,0.905481,1.028160,1,0,53.2961,0,0,0,53.2961,0
66.5785,2.30153,0,0,3.24589,0.0374951,0.36288,3.6288,61.308,0.214875,0,0,1.34077,0.262828,0.863069,0.66528,12.849,1,0.447832,0.36288,0,55.6747,4.61294,50.9768,0.84672,12.849,0.84672,3695.15,0,18.483,0.0647802,0.773574,1.59258,5.99927,1.32316,6.97748,0.42336,0,0,18.483,0.42336,442.007,0,1.02816,0,0,1.80173,0.773574,1.028160,1,0,58.8174,0,0,0,58.8174,0
66.2754,2.30512,0,0,2.43257,0.0677091,0.36288,3.6288,61.308,0.215104,0,0,1.274,0.223373,0.835526,0.66528,12.849,1,0.444866,0.36288,0,43.4427,3.51999,39.8407,0.84672,12.849,0.84672,3695.15,0,18.483,0.064849,0.555448,1.52565,6.21325,1.0154,7.21409,0.42336,0,0,18.483,0.42336,442.007,0,1.02816,0,0,1.58361,0.555448,1.028160,1,0,47.8903,0,0,0,47.8903,0
66.416,2.30394,0,0,2.87987,0.0724044,0.36288,3.6288,61.308,0.215332,0,0,2.17671,0.2223,1.73908,0.66528,12.849,1,0.446672,0.36288,0,51.5351,3.49031,47.961,0.84672,12.849,0.84672,3695.15,0,18.483,0.0649178,1.38167,1.526,8.90093,1.01176,10.7319,0.42336,0,0,18.483,0.42336,442.007,0,1.02816,0,0,2.40983,1.38167,1.028160,1,0,60.432,0,0,0,60.432,0
66.477,2.30526,0,0,2.80168,0.0724854,0.36288,3.6288,61.308,0.21556,0,0,1.86356,0.2223,1.4257,0.66528,12.849,1,0.44598,0.36288,0,50.2688,3.49031,46.6954,0.84672,12.849,0.84672,3695.15,0,18.483,0.0649866,1.27075,1.52634,7.27203,1.01176,8.99238,0.42336,0,0,18.483,0.42336,442.007,0,1.02816,0,0,2.29891,1.27075,1.028160,1,0,57.1135,0,0,0,57.1135,0
66.3861,2.24655,0,0,2.62259,0.10411,0.36288,3.6288,61.308,0.169513,0,0,1.96684,0.207707,1.58962,0.66528,12.849,1,0.434224,0.36288,0,55.9996,3.74398,52.1843,0.84672,12.849,0.84672,3695.15,0,18.483,0.0511043,1.58354,1.52669,7.05109,1.02739,9.08282,0.42336,0,0,18.483,0.42336,442.007,0,1.02816,0,0,2.6117,1.58354,1.028160,1,0,62.8568,0,0,0,62.8568,0
69.0943,2.24656,0,0,5.50059,0.18295,0.36288,3.6288,61.308,0.169731,0,0,1.98863,0.171226,1.64768,0.66528,12.849,1,0.434821,0.36288,0,79.1433,4.37818,74.6931,0.84672,12.849,0.84672,3695.15,0,18.483,0.05117,1.35991,1.46718,6.12584,1.06646,7.8353,0.42336,0,0,18.483,0.42336,442.007,0,1.02816,0,0,2.38807,1.35991,1.028160,1,0,84.1761,0,0,0,84.1761,0
71.442,2.26145,0,0,5.15888,0.186886,0.36288,3.6288,61.308,0.169949,0,0,1.47979,0.171226,1.13862,0.66528,12.849,1,0.420546,0.36288,0,75.8117,4.37818,71.3758,0.84672,12.849,0.84672,3695.15,0,18.483,0.0512357,1.14932,1.46752,8.2596,1.06646,9.75874,0.42336,0,0,18.483,0.42336,442.007,0,1.02816,0,0,2.17748,1.14932,1.028160,1,0,82.2732,0,0,0,82.2732,0
72.29,2.27368,0,0,4.92248,0.190297,1.61047,3.6288,61.308,0.170167,0,0,2.64348,0.171226,2.30209,0.66528,12.849,1,0.408926,1.61047,0,91.641,4.37818,88.4644,0.84672,12.849,0.84672,3695.15,0,18.483,0.0513014,1.65213,1.46785,9.17833,1.06646,11.1806,0.42336,0,0,18.483,0.42336,442.007,0,1.02816,0,0,2.68029,1.65213,1.028160,1,0,101.947,0,0,0,101.947,0
72.29,2.10669,0,0,4.98564,0.196737,2.68222,3.6288,61.308,0.0739178,0,0,2.14028,0.172763,1.8936,0.66528,12.849,1,0.374448,2.68222,0,69.9814,4.25972,68.0295,0.84672,12.849,0.84672,3695.15,0,18.483,0.0222846,1.94064,1.46818,11.3812,1.04126,13.7265,0.42336,0,0,18.483,0.42336,442.007,0,1.02816,0,0,2.9688,1.94064,1.028160,1,0,83.6496,0,0,0,83.6496,0
72.29,2.10716,0,0,8.29233,0.177821,6.00734,3.6288,61.308,0.074114,0,0,4.05581,0.198246,3.78346,0.66528,12.849,1,0.374533,6.00734,0,204.408,3.6292,206.411,0.84672,12.849,0.84672,3695.15,0,18.483,0.0223437,2.51129,1.33365,14.3785,0.869189,17.3319,0.42336,0,0,18.483,0.42336,442.007,0,1.02816,0,0,3.53945,2.51129,1.028160,1,0,227.527,0,0,0,227.527,0
72.29,2.10764,0,0,7.88193,0.200483,5.5738,3.6288,61.308,0.0743102,0,0,4.3363,0.184326,4.07766,0.66528,12.849,1,0.374618,5.5738,0,124.654,3.37134,126.481,0.84672,12.849,0.84672,3695.15,0,18.483,0.0224029,2.69222,1.33395,12.9049,0.850279,16.0584,0.42336,0,0,18.483,0.42336,442.007,0,1.02816,0,0,3.72038,2.69222,1.028160,1,0,146.617,0,0,0,146.617,0
72.29,2.10812,0,0,7.54695,0.277787,5.16104,3.6288,61.308,0.0745066,0,0,3.97117,0.157011,3.73965,0.66528,12.849,1,0.374703,5.16104,0,86.3663,3.66114,87.4915,0.84672,12.849,0.84672,3695.15,0,18.483,0.0224621,2.20927,1.33425,12.0913,0.873276,14.7391,0.42336,0,0,18.483,0.42336,442.007,0,1.02816,0,0,3.23743,2.20927,1.028160,1,0,105.97,0,0,0,105.97,0
72.29,2.1086,0,0,7.99537,0.277787,5.60898,3.6288,61.308,0.0747028,0,0,4.93788,0.157011,4.70617,0.66528,12.849,1,0.374788,5.60898,0,128.558,3.66114,130.131,0.84672,12.849,0.84672,3695.15,0,18.483,0.0225212,2.40256,1.33456,12.9805,0.873276,15.8218,0.42336,0,0,18.483,0.42336,442.007,0,1.02816,0,0,3.43072,2.40256,1.028160,1,0,150.659,0,0,0,150.659,0
72.29,2.17514,0,0,5.34109,0.259419,2.90653,3.6288,61.308,0.102861,0,0,2.94356,0.169186,2.67151,0.66528,12.849,1,0.386615,2.90653,0,68.6501,3.42084,67.7491,0.84672,12.849,0.84672,3695.15,0,18.483,0.0310104,1.88012,1.33486,9.86456,0.790632,12.2579,0.42336,0,0,18.483,0.42336,442.007,0,1.02816,0,0,2.90828,1.88012,1.028160,1,0,82.6786,0,0,0,82.6786,0
70.9765,2.17562,0,0,1.47067,0.245642,0.36288,3.6288,61.308,0.103057,0,0,0.98915,0.178317,0.707775,0.66528,12.849,1,0.3867,0.36288,0,36.5318,3.24061,33.2674,0.84672,12.849,0.84672,3695.15,0,18.483,0.0310695,0.751421,1.37786,5.80774,0.728649,7.1773,0.42336,0,0,18.483,0.42336,442.007,0,1.02816,0,0,1.77958,0.751421,1.028160,1,0,41.1525,0,0,0,41.1525,0
69.5579,2.17004,0,0,1.35753,0.243194,0.36288,3.6288,61.308,0.103253,0,0,1.07461,0.178317,0.793039,0.66528,12.849,1,0.392845,0.36288,0,34.0432,3.24061,30.7727,0.84672,12.849,0.84672,3695.15,0,18.483,0.0311285,0.670801,1.37816,4.83441,0.728649,6.12359,0.42336,0,0,18.483,0.42336,442.007,0,1.02816,0,0,1.69896,0.670801,1.028160,1,0,37.6893,0,0,0,37.6893,0
69.5851,2.16375,0,0,2.79432,0.24055,0.36288,3.6288,61.308,0.103449,0,0,1.45388,0.178317,1.17211,0.66528,12.849,1,0.399696,0.36288,0,41.8192,3.24061,38.5417,0.84672,12.849,0.84672,3695.15,0,18.483,0.0311876,1.3457,1.37846,8.72009,0.728649,10.6844,0.42336,0,0,18.483,0.42336,442.007,0,1.02816,0,0,2.37386,1.3457,1.028160,1,0,50.3983,0,0,0,50.3983,0
70.0705,2.37546,0,0,3.49057,0.266817,0.36288,3.6288,61.308,0.208718,0,0,1.18458,0.183285,0.792576,0.66528,12.849,1,0.438633,0.36288,0,63.0816,3.46185,59.544,0.84672,12.849,0.84672,3695.15,0,18.483,0.0629238,0.865184,1.37877,7.06812,0.831714,8.41743,0.42336,0,0,18.483,0.42336,442.007,0,1.02816,0,0,1.89334,0.865184,1.028160,1,0,68.754,0,0,0,68.754,0
68.3333,2.37855,0,0,1.26739,0.263182,0.36288,3.6288,61.2217,0.472483,0,0,0.582847,0.19665,0,0.66528,12.849,1,0.436161,0.36288,0,39.0805,3.84594,35.1613,0.84672,12.849,0.84672,3695.15,0,18.483,0.142443,0.503194,1.53159,3.94459,0.922291,4.91464,0.42336,0,0,18.483,0.42336,442.007,0,0.685161,0,0,1.18835,0.503194,1.028160,1,0,40.076,0,0,0,40.076,0
68.2625,2.36974,0,0,2.92148,0.259653,0.36288,3.6288,61.308,0.209088,0,0,1.17774,0.196543,0.685818,0.66528,12.849,1,0.445592,0.36288,0,60.305,3.84594,56.3763,0.84672,12.849,0.84672,3695.15,0,18.483,0.0631241,1.74271,1.53192,6.4723,0.922291,8.76152,0.42336,0,0,18.483,0.42336,442.007,0,1.02816,0,0,2.77087,1.74271,1.028160,1,0,65.8236,0,0,0,65.8236,0
67.8923,2.36987,0,0,2.6221,0.25951,0.36288,3.6288,61.308,0.209375,0,0,0.758883,0.19665,0.352858,0.66528,12.849,1,0.446078,0.36288,0,58.4328,3.84594,54.5036,0.84672,12.849,0.84672,3695.15,0,18.483,0.0631219,1.2411,1.53226,5.75549,0.922291,7.54344,0.42336,0,0,18.483,0.42336,442.007,0,1.02816,0,0,2.26926,1.2411,1.028160,1,0,62.3999,0,0,0,62.3999,0
67.4411,2.06814,0,0,2.23927,0.259522,0.36288,3.6288,61.308,0.0684613,0,0,0.774626,0.19739,0.508775,0.66528,12.849,1,0.391407,0.36288,0,50.6503,3.80639,46.8154,0.84672,12.849,0.84672,3695.15,0,18.483,0.0206396,0.824515,1.5326,4.6056,0.912941,6.02913,0.42336,0,0,18.483,0.42336,442.007,0,1.02816,0,0,1.85268,0.824515,1.028160,1,0,53.3533,0,0,0,53.3533,0
70.3415,2.06639,0,0,5.67417,0.344479,0.36288,3.6288,61.308,0.0686496,0,0,1.67518,0.172988,1.43354,0.66528,12.849,1,0.393693,0.36288,0,116.958,3.74398,113.183,0.84672,12.849,0.84672,3695.15,0,18.483,0.0206963,2.74272,1.32411,8.74584,0.973996,11.818,0.42336,0,0,18.483,0.42336,442.007,0,1.02816,0,0,3.77088,2.74272,1.028160,1,0,126.435,0,0,0,126.435,0
72.29,2.08057,0,0,5.85313,0.35235,1.47169,3.6288,61.308,0.0688378,0,0,1.71108,0.172988,1.46926,0.66528,12.849,1,0.38005,1.47169,0,110.578,3.74398,107.926,0.84672,12.849,0.84672,3695.15,0,18.483,0.0207531,2.50175,1.32441,9.86567,0.973996,12.6971,0.42336,0,0,18.483,0.42336,442.007,0,1.02816,0,0,3.52991,2.50175,1.028160,1,0,122.092,0,0,0,122.092,0
72.29,2.08973,0,0,7.73859,0.357638,5.29122,3.6288,61.308,0.0690262,0,0,2.52329,0.172988,2.28127,0.66528,12.849,1,0.371434,5.29122,0,164.612,3.74398,165.788,0.84672,12.849,0.84672,3695.15,0,18.483,0.0208099,4.45049,1.3247,14.9361,0.973996,19.7164,0.42336,0,0,18.483,0.42336,442.007,0,1.02816,0,0,5.47865,4.45049,1.028160,1,0,187.785,0,0,0,187.785,0
72.29,2.09019,0,0,8.51809,0.360143,6.06776,3.6288,61.308,0.0692146,0,0,3.01917,0.203584,2.74637,0.66528,12.849,1,0.371515,6.06776,0,170.628,4.61021,171.714,0.84672,12.849,0.84672,3695.15,0,18.483,0.0208667,5.82024,1.32499,20.677,1.10739,26.694,0.42336,0,0,18.483,0.42336,442.007,0,1.02816,0,0,6.8484,5.82024,1.028160,1,0,201.154,0,0,0,201.154,0
72.29,2.16704,0,0,6.20903,0.307509,3.73449,3.6288,61.308,0.103967,0,0,2.09142,0.196396,1.79106,0.66528,12.849,1,0.385174,3.73449,0,144.694,5.05497,142.988,0.84672,12.849,0.84672,3695.15,0,18.483,0.0313438,3.33797,1.32528,11.6896,1.2253,15.0962,0.42336,0,0,18.483,0.42336,442.007,0,1.02816,0,0,4.36613,3.33797,1.028160,1,0,159.876,0,0,0,159.876,0
72.29,2.16751,0,0,6.57958,0.285704,4.12637,3.6288,61.308,0.104163,0,0,2.27951,0.184342,1.991,0.66528,12.849,1,0.385259,4.12637,0,144.253,4.97301,143.021,0.84672,12.849,0.84672,3695.15,0,18.483,0.0314029,3.61884,1.37718,12.0607,1.23244,15.7929,0.42336,0,0,18.483,0.42336,442.007,0,1.02816,0,0,4.647,3.61884,1.028160,1,0,160.805,0,0,0,160.805,0
72.29,2.16799,0,0,6.54451,0.285704,4.09082,3.6288,61.308,0.104359,0,0,2.28046,0.184342,1.99176,0.66528,12.849,1,0.385343,4.09082,0,129.117,4.97301,127.849,0.84672,12.849,0.84672,3695.15,0,18.483,0.031462,3.48855,1.37748,11.0109,1.23244,14.613,0.42336,0,0,18.483,0.42336,442.007,0,1.02816,0,0,4.51671,3.48855,1.028160,1,0,144.454,0,0,0,144.454,0
72.29,2.16846,0,0,7.43161,0.262505,5.00064,3.6288,61.308,0.104556,0,0,2.26215,0.194782,1.96281,0.66528,12.849,1,0.385428,5.00064,0,288.763,5.11371,288.265,0.84672,12.849,0.84672,3695.15,0,18.483,0.0315212,4.02164,1.37779,12.311,1.25219,16.4268,0.42336,0,0,18.483,0.42336,442.007,0,1.02816,0,0,5.0498,4.02164,1.028160,1,0,306.655,0,0,0,306.655,0
72.29,2.13904,0,0,5.4985,0.173673,3.18578,3.6288,61.308,0.0913156,0,0,1.85507,0.221163,1.54259,0.66528,12.849,1,0.380199,3.18578,0,133.368,5.3616,130.812,0.84672,12.849,0.84672,3695.15,0,18.483,0.0275296,2.78816,1.37809,9.73028,1.26069,12.6083,0.42336,0,0,18.483,0.42336,442.007,0,1.02816,0,0,3.81632,2.78816,1.028160,1,0,144.963,0,0,0,144.963,0
72.29,2.13951,0,0,4.64789,0.132558,2.37582,3.6288,61.308,0.0915088,0,0,1.27295,0.22154,0.9599,0.66528,12.849,1,0.380282,2.37582,0,108.505,5.22312,105.278,0.84672,12.849,0.84672,3695.15,0,18.483,0.0275879,1.45886,1.35828,8.64251,1.20619,10.2259,0.42336,0,0,18.483,0.42336,442.007,0,1.02816,0,0,2.48702,1.45886,1.028160,1,0,116.464,0,0,0,116.464,0
72.29,2.13998,0,0,3.71089,0.132558,1.43835,3.6288,61.308,0.0917022,0,0,1.02435,0.22154,0.711108,0.66528,12.849,1,0.380366,1.43835,0,107.4,5.22312,103.234,0.84672,12.849,0.84672,3695.15,0,18.483,0.0276462,1.09725,1.35858,6.41408,1.20619,7.63607,0.42336,0,0,18.483,0.42336,442.007,0,1.02816,0,0,2.12541,1.09725,1.028160,1,0,111.582,0,0,0,111.582,0
72.29,2.14045,0,0,3.94774,0.132558,1.67473,3.6288,61.308,0.0918957,0,0,1.24001,0.22154,0.926577,0.66528,12.849,1,0.380449,1.67473,0,111.157,5.22312,107.228,0.84672,12.849,0.84672,3695.15,0,18.483,0.0277045,2.33607,1.35888,6.84495,1.20619,9.306,0.42336,0,0,18.483,0.42336,442.007,0,1.02816,0,0,3.36423,2.33607,1.028160,1,0,117.461,0,0,0,117.461,0
72.29,2.24248,0,0,3.58938,0.0754723,1.27143,3.6288,61.308,0.139779,0,0,1.11967,0.239084,0.740811,0.66528,12.849,1,0.398584,1.27143,0,96.1831,5.52147,91.5345,0.84672,12.849,0.84672,3695.15,0,18.483,0.0421403,2.19594,1.35918,5.9622,1.33296,8.14222,0.42336,0,0,18.483,0.42336,442.007,0,1.02816,0,0,3.2241,2.19594,1.028160,1,0,100.417,0,0,0,100.417,0
72.29,2.24297,0,0,2.74812,0.0911994,0.413954,3.6288,61.308,0.139983,0,0,0.888659,0.209083,0.539592,0.66528,12.849,1,0.398671,0.413954,0,67.2326,4.87574,62.3721,0.84672,12.849,0.84672,3695.15,0,18.483,0.0422018,1.31434,1.42984,5.11019,1.15748,6.65469,0.42336,0,0,18.483,0.42336,442.007,0,1.02816,0,0,2.3425,1.31434,1.028160,1,0,69.5664,0,0,0,69.5664,0
72.2001,2.24346,0,0,2.55052,0.0341135,0.36288,3.6288,61.308,0.140187,0,0,0.816152,0.226628,0.449337,0.66528,12.849,1,0.398759,0.36288,0,51.4154,5.17409,46.2055,0.84672,12.849,0.84672,3695.15,0,18.483,0.0422633,0.998784,1.43016,4.872,1.28425,5.97443,0.42336,0,0,18.483,0.42336,442.007,0,1.02816,0,0,2.02694,0.998784,1.028160,1,0,52.6292,0,0,0,52.6292,0
72.0089,2.24353,0,0,2.44934,0.0340902,0.36288,3.6288,61.308,0.140391,0,0,0.807598,0.226628,0.440579,0.66528,12.849,1,0.399268,0.36288,0,47.7222,5.17409,42.5117,0.84672,12.849,0.84672,3695.15,0,18.483,0.0423248,1.00592,1.43047,4.67555,1.28425,5.78537,0.42336,0,0,18.483,0.42336,442.007,0,1.02816,0,0,2.03408,1.00592,1.028160,1,0,48.7376,0,0,0,48.7376,0
71.6885,2.24313,0,0,2.32451,0.0389474,0.36288,3.6288,61.308,0.140595,0,0,0.79482,0.225311,0.428913,0.66528,12.849,1,0.400255,0.36288,0,45.714,5.08947,40.5871,0.84672,12.849,0.84672,3695.15,0,18.483,0.0423863,1.17198,1.43078,4.37667,1.28752,5.64953,0.42336,0,0,18.483,0.42336,442.007,0,1.02816,0,0,2.20014,1.17198,1.028160,1,0,46.6656,0,0,0,46.6656,0
71.2281,2.22202,0,0,2.17881,0.0542927,0.36288,3.6288,61.308,0.167039,0,0,0.706735,0.265365,0.27433,0.66528,12.849,1,0.398261,0.36288,0,49.5332,5.4001,44.0977,0.84672,12.849,0.84672,3695.15,0,18.483,0.0503586,0.643913,1.4311,3.79623,1.34828,4.4726,0.42336,0,0,18.483,0.42336,442.007,0,1.02816,0,0,1.67207,0.643913,1.028160,1,0,48.8447,0,0,0,48.8447,0
70.6126,2.22033,0,0,2.01626,0.0485505,0.36288,3.6288,61.308,0.167249,0,0,0.667941,0.284548,0.216144,0.66528,12.849,1,0.40053,0.36288,0,47.7275,5.72744,41.9624,0.84672,12.849,0.84672,3695.15,0,18.483,0.0504219,0.434402,1.45336,3.46855,1.36476,3.94114,0.42336,0,0,18.483,0.42336,442.007,0,1.02816,0,0,1.46256,0.434402,1.028160,1,0,46.1197,0,0,0,46.1197,0
69.8598,2.21786,0,0,1.87625,0.0483219,0.36288,3.6288,61.308,0.167459,0,0,0.622106,0.284548,0.170099,0.66528,12.849,1,0.403572,0.36288,0,43.4261,5.72744,37.658,0.84672,12.849,0.84672,3695.15,0,18.483,0.0504852,0.297743,1.45368,3.39771,1.36476,3.73389,0.42336,0,0,18.483,0.42336,442.007,0,1.02816,0,0,1.3259,0.297743,1.028160,1,0,41.562,0,0,0,41.562,0
69.0608,2.21467,0,0,1.82662,0.0480423,0.36288,3.6288,61.308,0.216085,0,0,0.592292,0.284548,0.0916598,0.66528,12.849,1,0.407335,0.36288,0,38.8591,5.72744,33.0872,0.84672,12.849,0.84672,3695.15,0,18.483,0.0651447,0.261274,1.454,3.36252,1.36476,3.64788,0.42336,0,0,18.483,0.42336,442.007,0,0.965148,0,0,1.22642,0.261274,1.028160,1,0,36.8267,0,0,0,36.8267,0
68.0811,2.26279,0,0,1.676,0.0300683,0.36288,3.6288,61.2486,0.297921,0,0,0.552749,0.314237,0,0.66528,12.849,1,0.420999,0.36288,0,41.1194,5.90862,35.1527,0.84672,12.849,0.84672,3695.15,0,18.483,0.0898167,0.261274,1.45432,3.10144,1.45828,3.26894,0.42336,0,0,18.483,0.42336,442.007,0,0.889376,0,0,1.15065,0.261274,1.028160,1,0,38.4216,0,0,0,38.4216,0
66.81,2.25819,0,0,1.38877,0.0387559,0.36288,3.6288,61.1907,0.209292,0,0,0.493124,0.341685,0,0.66528,12.849,1,0.426189,0.36288,0,31.8257,5.96295,25.7994,0.84672,12.849,0.84672,3695.15,0,18.483,0.0631579,0.261274,1.48964,2.55864,1.45594,2.79046,0.42336,0,0,18.483,0.42336,442.007,0,1.00494,0,0,1.26622,0.261274,1.028160,1,0,28.5899,0,0,0,28.5899,0
65.4551,2.25188,0,0,1.29824,0.0383698,0.36288,3.6288,61.0383,0.267125,0,0,0.456252,0.34156,0,0.66528,12.849,1,0.433085,0.36288,0,30.2615,5.96295,24.2284,0.84672,12.849,0.84672,3695.15,0,18.483,0.0806865,0.227405,1.48997,2.24512,1.45594,2.42587,0.42336,0,0,18.483,0.42336,442.007,0,0.929863,0,0,1.15727,0.227405,1.028160,1,0,26.6542,0,0,0,26.6542,0
64.0902,2.24488,0,0,1.28079,0.0379582,0.36288,3.6288,60.9834,0.20732,0,0,0.493626,0.341231,0,0.66528,12.849,1,0.440675,0.36288,0,28.0797,5.96295,22.039,0.84672,12.849,0.84672,3695.15,0,18.483,0.0627785,0.227405,1.49029,2.53897,1.45594,2.73795,0.42336,0,0,18.483,0.42336,442.007,0,1.00786,0,0,1.23526,0.227405,1.028160,1,0,24.7769,0,0,0,24.7769,0
62.7014,2.38699,0,0,1.38203,0.0209165,0.36288,3.6288,60.9067,0.276364,0,0,0.521485,0.32179,0,0.66528,12.849,1,0.478551,0.36288,0,28.9422,6.20452,22.622,0.84672,12.849,0.84672,3695.15,0,18.483,0.0837611,0.336035,1.49062,3.13198,1.52572,3.34915,0.42336,0,0,18.483,0.42336,442.007,0,1.02816,0,0,1.3642,0.336035,1.028160,1,0,25.9711,0,0,0,25.9711,0
60.9894,2.37871,0,0,1.08626,0.056707,0.36288,3.6288,60.4108,0.539953,0,0,0.368451,0.324404,0,0.66528,12.849,1,0.487454,0.36288,0,20.2708,5.95033,14.1959,0.84672,12.849,0.84672,3695.15,0,18.483,0.163856,0.227405,1.60959,2.2504,1.51485,2.40869,0.42336,0,0,18.483,0.42336,442.007,0,0.68478,0,0,0.912185,0.227405,1.028160,1,0,16.6046,0,0,0,16.6046,0
59.3886,2.36793,0,0,1.1866,0.0566407,0.36288,3.6288,60.0868,0.418324,0,0,0.423021,0.328734,0,0.66528,12.849,1,0.498866,0.36288,0,22.9959,5.99655,16.8633,0.84672,12.849,0.84672,3695.15,0,18.483,0.127989,0.204422,1.60994,2.27163,1.5293,2.42871,0.42336,0,0,18.483,0.42336,442.007,0,0.842581,0,0,1.047,0.204422,1.028160,1,0,19.292,0,0,0,19.292,0
57.5533,2.35739,0,0,0.940844,0.0558265,0.36288,3.6288,59.4589,0.617351,0,0,0.317515,0.328057,0,0.66528,12.849,1,0.510033,0.36288,0,25.2505,5.99655,19.1068,0.84672,12.849,0.84672,3695.15,0,18.483,0.1899,0.204422,1.6103,1.82396,1.5293,1.91948,0.42336,0,0,18.483,0.42336,442.007,0,0.581947,0,0,0.78637,0.204422,1.028160,1,0,21.0263,0,0,0,21.0263,0
55.9345,2.34461,0,0,1.14356,0.0548409,0.36288,3.6288,59.367,0.275655,0,0,0.510479,0.326744,0,0.66528,12.849,1,0.523443,0.36288,0,22.0106,5.99655,15.8535,0.84672,12.849,0.84672,3695.15,0,18.483,0.0856884,0.275581,1.61065,2.62808,1.5293,2.89932,0.42336,0,0,18.483,0.42336,442.007,0,1.02816,0,0,1.30374,0.275581,1.028160,1,0,18.7528,0,0,0,18.7528,0
54.4715,2.26163,0,0,1.24562,0.0841808,0.36288,3.6288,59.0802,0.41999,0,0,0.437416,0.304218,0,0.66528,12.849,1,0.519529,0.36288,0,27.521,5.43483,21.9295,0.84672,12.849,0.84672,3695.15,0,18.483,0.130757,0.204422,1.611,2.80854,1.44434,3.04887,0.42336,0,0,18.483,0.42336,442.007,0,0.772191,0,0,0.976614,0.204422,1.028160,1,0,24.9784,0,0,0,24.9784,0
53.4475,2.25083,0,0,1.69498,0.105282,0.36288,3.6288,58.9586,0.385052,0,0,0.550415,0.28694,0,0.66528,12.849,1,0.530937,0.36288,0,28.9358,5.01354,23.7542,0.84672,12.849,0.84672,3695.15,0,18.483,0.120462,0.216518,1.54329,3.10652,1.38062,3.36524,0.42336,0,0,18.483,0.42336,442.007,0,0.817716,0,0,1.03423,0.216518,1.028160,1,0,27.1194,0,0,0,27.1194,0
52.1464,2.24312,0,0,1.40914,0.104194,0.36288,3.6288,59.2244,0.224866,0,0,0.777413,0.286716,0,0.66528,12.849,1,0.539256,0.36288,0,26.7292,5.01354,21.5393,0.84672,12.849,0.84672,3695.15,0,18.483,0.0704935,0.794612,1.54363,3.52227,1.38062,4.40939,0.42336,0,0,18.483,0.42336,442.007,0,1.02816,0,0,1.82277,0.794612,1.028160,1,0,25.9487,0,0,0,25.9487,0
50.6427,2.23282,0,0,1.19485,0.102811,0.36288,3.6288,58.9196,0.439714,0,0,0.422065,0.287205,0,0.66528,12.849,1,0.550171,0.36288,0,26.6918,5.01354,21.491,0.84672,12.849,0.84672,3695.15,0,18.483,0.137228,0.216518,1.54397,2.60525,1.38062,2.84789,0.42336,0,0,18.483,0.42336,442.007,0,0.746868,0,0,0.963386,0.216518,1.028160,1,0,24.3389,0,0,0,24.3389,0
49.3846,2.16292,0,0,1.38337,0.115669,0.36288,3.6288,58.8708,0.251625,0,0,0.46247,0.259622,0,0.66528,12.849,1,0.548772,0.36288,0,25.6467,4.73772,20.7231,0.84672,12.849,0.84672,3695.15,0,18.483,0.0789345,0.216518,1.54431,2.9063,1.28387,3.30432,0.42336,0,0,18.483,0.42336,442.007,0,0.932619,0,0,1.14914,0.216518,1.028160,1,0,24.0274,0,0,0,24.0274,0
48.1487,2.1523,0,0,1.44295,0.163673,0.36288,3.6288,59.3415,0.179074,0,0,0.824636,0.174864,0,0.66528,12.849,1,0.559989,0.36288,0,46.5254,3.66718,42.6611,0.84672,12.849,0.84672,3695.15,0,18.483,0.0562217,0.885298,1.4841,4.81709,0.927318,6.20295,0.42336,0,0,18.483,0.42336,442.007,0,1.02816,0,0,1.91346,0.885298,1.028160,1,0,48.864,0,0,0,48.864,0
47.6838,2.14142,0,0,2.23284,0.193451,0.36288,3.6288,59.9567,0.179625,0,0,0.985651,0.190842,0,0.66528,12.849,1,0.57146,0.36288,0,36.91,3.3412,33.3602,0.84672,12.849,0.84672,3695.15,0,18.483,0.0559476,0.804972,1.48443,5.52205,0.774043,6.98146,0.42336,0,0,18.483,0.42336,442.007,0,1.02816,0,0,1.83313,0.804972,1.028160,1,0,40.3417,0,0,0,40.3417,0
47.6074,2.1375,0,0,2.62849,0.204575,0.36288,3.6288,60.5141,0.180276,0,0,0.912695,0.174993,0,0.66528,12.849,1,0.575976,0.36288,0,54.4431,3.15892,51.071,0.84672,12.849,0.84672,3695.15,0,18.483,0.0555741,1.00968,1.48475,6.23198,0.717319,7.95352,0.42336,0,0,18.483,0.42336,442.007,0,1.02816,0,0,2.03784,1.00968,1.028160,1,0,59.0246,0,0,0,59.0246,0
47.6191,1.97628,0,0,2.5553,0.204404,0.36288,3.6288,61.308,0.0835996,0,0,1.69892,0.175615,0.645794,0.66528,12.849,1,0.533389,0.36288,0,78.9414,3.15892,75.612,0.84672,12.849,0.84672,3695.15,0,18.483,0.0255341,1.07952,1.48508,8.50211,0.717319,10.3239,0.42336,0,0,18.483,0.42336,442.007,0,1.02816,0,0,2.10768,1.07952,1.028160,1,0,86.5817,0,0,0,86.5817,0
47.621,1.97682,0,0,2.54321,0.20159,0.36288,3.6288,61.308,0.0840455,0,0,1.06069,0.215455,0.76119,0.66528,12.849,1,0.533402,0.36288,0,59.3926,3.90692,55.3151,0.84672,12.849,0.84672,3695.15,0,18.483,0.0253378,1.23559,1.34899,6.79533,1.00156,8.353,0.42336,0,0,18.483,0.42336,442.007,0,1.02816,0,0,2.26375,1.23559,1.028160,1,0,64.4293,0,0,0,64.4293,0
47.3104,1.97727,0,0,2.23068,0.201121,0.36288,3.6288,61.308,0.0842372,0,0,0.912393,0.221947,0.606209,0.66528,12.849,1,0.533502,0.36288,0,59.0334,4.03158,54.8312,0.84672,12.849,0.84672,3695.15,0,18.483,0.0253956,0.939661,1.34928,5.28968,1.04893,6.50429,0.42336,0,0,18.483,0.42336,442.007,0,1.02816,0,0,1.96782,0.939661,1.028160,1,0,61.9417,0,0,0,61.9417,0
46.6048,1.97495,0,0,1.8326,0.200436,0.36288,3.6288,61.308,0.084429,0,0,0.7887,0.221947,0.482324,0.66528,12.849,1,0.536374,0.36288,0,71.6536,4.03158,67.4485,0.84672,12.849,0.84672,3695.15,0,18.483,0.0254535,1.73411,1.34958,5.10384,1.04893,7.11314,0.42336,0,0,18.483,0.42336,442.007,0,1.02816,0,0,2.76227,1.73411,1.028160,1,0,75.044,0,0,0,75.044,0
45.2704,1.96901,0,0,1.1964,0.198881,0.36288,3.6288,61.308,0.0863801,0,0,0.46791,0.221947,0.159584,0.66528,12.849,1,0.54286,0.36288,0,40.6608,4.03158,36.4492,0.84672,12.849,0.84672,3695.15,0,18.483,0.0260417,0.412474,1.34987,4.29162,1.04893,4.97899,0.42336,0,0,18.483,0.42336,442.007,0,1.02587,0,0,1.43834,0.412474,1.028160,1,0,41.5878,0,0,0,41.5878,0
46.3326,2.01828,0,0,3.65177,0.208408,0.36288,3.6288,61.308,0.113095,0,0,0.830923,0.229499,0.488328,0.66528,12.849,1,0.572844,0.36288,0,80.4361,4.40992,75.8162,0.84672,12.849,0.84672,3695.15,0,18.483,0.0340957,0.775941,1.35017,8.64726,1.1641,9.57517,0.42336,0,0,18.483,0.42336,442.007,0,1.02816,0,0,1.8041,0.775941,1.028160,1,0,85.8797,0,0,0,85.8797,0
55.501,2.02899,0,0,11.7778,0.217523,0.36288,3.6288,61.308,0.113286,0,0,2.5791,0.227126,2.23869,0.66528,12.849,1,0.562681,0.36288,0,199.861,4.64772,195.014,0.84672,12.849,0.84672,3695.15,0,18.483,0.0341533,3.30453,1.39365,18.6936,1.23448,22.1231,0.42336,0,0,18.483,0.42336,442.007,0,1.02816,0,0,4.33269,3.30453,1.028160,1,0,219.376,0,0,0,219.376,0
63.8411,2.10491,0,0,11.0475,0.239546,0.36288,3.6288,61.308,0.113477,0,0,2.18418,0.227126,1.84358,0.66528,12.849,1,0.487307,0.36288,0,171.73,4.64772,166.957,0.84672,12.849,0.84672,3695.15,0,18.483,0.0342109,2.99813,1.39395,18.8506,1.23448,21.974,0.42336,0,0,18.483,0.42336,442.007,0,1.02816,0,0,4.02629,2.99813,1.028160,1,0,190.775,0,0,0,190.775,0
72.29,2.15836,0,0,14.1939,0.258457,3.32815,3.6288,61.308,0.113669,0,0,2.50004,0.227126,2.15924,0.66528,12.849,1,0.434404,3.32815,0,236.844,4.64772,235.09,0.84672,12.849,0.84672,3695.15,0,18.483,0.0342686,3.80052,1.39424,20.1912,1.23448,24.1173,0.42336,0,0,18.483,0.42336,442.007,0,1.02816,0,0,4.82868,3.80052,1.028160,1,0,261.367,0,0,0,261.367,0
72.29,2.41671,0,0,10.0726,0.271466,7.38442,3.6288,61.308,0.220134,0,0,2.66084,0.220431,2.22028,0.66528,12.849,1,0.429552,7.38442,0,175.171,4.47969,177.646,0.84672,12.849,0.84672,3695.15,0,18.483,0.0663654,3.46737,1.39454,18.8635,1.18678,22.4723,0.42336,0,0,18.483,0.42336,442.007,0,1.02816,0,0,4.49553,3.46737,1.028160,1,0,202.339,0,0,0,202.339,0
72.29,2.41722,0,0,6.63797,0.302365,3.91838,3.6288,61.308,0.220347,0,0,2.37895,0.231941,1.92667,0.66528,12.849,1,0.429643,3.91838,0,79.0871,3.83208,78.7438,0.84672,12.849,0.84672,3695.15,0,18.483,0.0664299,2.03961,1.5491,10.3601,1.0482,12.8342,0.42336,0,0,18.483,0.42336,442.007,0,1.02816,0,0,3.06777,2.03961,1.028160,1,0,93.5046,0,0,0,93.5046,0
72.29,2.41773,0,0,7.19382,0.302365,4.47372,3.6288,61.308,0.220561,0,0,2.35763,0.231941,1.90513,0.66528,12.849,1,0.429734,4.47372,0,134.454,3.83208,134.666,0.84672,12.849,0.84672,3695.15,0,18.483,0.0664943,2.06214,1.54942,10.2734,1.0482,12.7703,0.42336,0,0,18.483,0.42336,442.007,0,1.02816,0,0,3.0903,2.06214,1.028160,1,0,149.341,0,0,0,149.341,0
72.29,2.41824,0,0,6.94235,0.302365,4.22174,3.6288,61.308,0.220775,0,0,1.80668,0.231941,1.35397,0.66528,12.849,1,0.429824,4.22174,0,136.674,3.83208,136.634,0.84672,12.849,0.84672,3695.15,0,18.483,0.0665588,1.52356,1.54975,9.60915,1.0482,11.5677,0.42336,0,0,18.483,0.42336,442.007,0,1.02816,0,0,2.55172,1.52356,1.028160,1,0,149.556,0,0,0,149.556,0
72.29,2.11216,0,0,5.62015,0.335077,3.17291,3.6288,61.308,0.0782472,0,0,1.22062,0.214643,0.927726,0.66528,12.849,1,0.375421,3.17291,0,77.1371,3.77628,76.1583,0.84672,12.849,0.84672,3695.15,0,18.483,0.0235898,1.65502,1.55008,8.76822,0.944423,11.0053,0.42336,0,0,18.483,0.42336,442.007,0,1.02816,0,0,2.68318,1.65502,1.028160,1,0,88.0913,0,0,0,88.0913,0
72.29,2.11261,0,0,4.5368,0.305291,2.1189,3.6288,61.308,0.0784309,0,0,1.44054,0.179174,1.18293,0.66528,12.849,1,0.3755,2.1189,0,118.878,2.96741,117.654,0.84672,12.849,0.84672,3695.15,0,18.483,0.0236452,1.3139,1.33921,9.95518,0.787391,11.7973,0.42336,0,0,18.483,0.42336,442.007,0,1.02816,0,0,2.34206,1.3139,1.028160,1,0,130.634,0,0,0,130.634,0
72.29,2.11306,0,0,5.91062,0.305291,3.49228,3.6288,61.308,0.0786146,0,0,1.46706,0.179174,1.20927,0.66528,12.849,1,0.37558,3.49228,0,93.3129,2.96741,93.4622,0.84672,12.849,0.84672,3695.15,0,18.483,0.0237006,1.42245,1.33949,10.6256,0.787391,12.5764,0.42336,0,0,18.483,0.42336,442.007,0,1.02816,0,0,2.45061,1.42245,1.028160,1,0,107.248,0,0,0,107.248,0
72.29,2.1135,0,0,5.06445,0.305291,2.64565,3.6288,61.308,0.0787983,0,0,1.16141,0.179174,0.903434,0.66528,12.849,1,0.375659,2.64565,0,89.6383,2.96741,88.9409,0.84672,12.849,0.84672,3695.15,0,18.483,0.023756,0.934865,1.33978,9.96045,0.787391,11.4239,0.42336,0,0,18.483,0.42336,442.007,0,1.02816,0,0,1.96303,0.934865,1.028160,1,0,101.268,0,0,0,101.268,0
72.29,2.11395,0,0,5.02781,0.275997,2.63786,3.6288,61.308,0.0789822,0,0,1.2506,0.179425,0.99219,0.66528,12.849,1,0.375739,2.63786,0,101.48,3.15554,100.587,0.84672,12.849,0.84672,3695.15,0,18.483,0.0238114,1.48362,1.34006,8.68121,0.846545,10.6345,0.42336,0,0,18.483,0.42336,442.007,0,1.02816,0,0,2.51178,1.48362,1.028160,1,0,112.214,0,0,0,112.214,0
72.29,2.19165,0,0,6.10797,0.310343,3.60597,3.6288,61.308,0.114123,0,0,2.00102,0.18828,1.69862,0.66528,12.849,1,0.38955,3.60597,0,136.851,3.72587,136.341,0.84672,12.849,0.84672,3695.15,0,18.483,0.0344055,2.02194,1.34034,11.6771,0.89752,14.1075,0.42336,0,0,18.483,0.42336,442.007,0,1.02816,0,0,3.0501,2.02194,1.028160,1,0,152.147,0,0,0,152.147,0
72.29,2.19212,0,0,5.7212,0.331557,3.19753,3.6288,61.308,0.114314,0,0,2.98909,0.162865,2.71191,0.66528,12.849,1,0.389632,3.19753,0,98.9997,3.3431,98.4645,0.84672,12.849,0.84672,3695.15,0,18.483,0.0344632,2.17931,1.39283,13.1134,0.75908,15.892,0.42336,0,0,18.483,0.42336,442.007,0,1.02816,0,0,3.20747,2.17931,1.028160,1,0,117.068,0,0,0,117.068,0
72.29,2.19258,0,0,5.02661,0.331557,2.50247,3.6288,61.308,0.114506,0,0,2.096,0.162865,1.81863,0.66528,12.849,1,0.389715,2.50247,0,110.383,3.3431,109.153,0.84672,12.849,0.84672,3695.15,0,18.483,0.0345209,1.58986,1.39312,11.5981,0.75908,13.7875,0.42336,0,0,18.483,0.42336,442.007,0,1.02816,0,0,2.61802,1.58986,1.028160,1,0,124.759,0,0,0,124.759,0
72.29,2.19304,0,0,4.26451,0.295845,1.77562,3.6288,61.308,0.114697,0,0,1.64534,0.181895,1.34875,0.66528,12.849,1,0.389797,1.77562,0,102.698,3.57577,100.508,0.84672,12.849,0.84672,3695.15,0,18.483,0.0345786,1.18682,1.39342,11.2983,0.804881,13.0391,0.42336,0,0,18.483,0.42336,442.007,0,1.02816,0,0,2.21498,1.18682,1.028160,1,0,114.895,0,0,0,114.895,0
72.29,2.16328,0,0,3.90512,0.278747,1.46309,3.6288,61.308,0.1013,0,0,1.79276,0.193388,1.49807,0.66528,12.849,1,0.384506,1.46309,0,72.023,3.76157,69.3401,0.84672,12.849,0.84672,3695.15,0,18.483,0.0305397,1.31294,1.39371,10.0735,0.853516,11.8961,0.42336,0,0,18.483,0.42336,442.007,0,1.02816,0,0,2.3411,1.31294,1.028160,1,0,82.7343,0,0,0,82.7343,0
72.29,2.16373,0,0,2.8357,0.302963,0.369003,3.6288,61.308,0.32284,0,0,1.00837,0.186437,0.499098,0.66528,12.849,1,0.384587,0.369003,0,52.4167,3.78976,48.6114,0.84672,12.849,0.84672,3695.15,0,18.483,0.097329,0.528595,1.37367,5.35159,0.889225,6.2673,0.42336,0,0,18.483,0.42336,442.007,0,0.740076,0,0,1.26867,0.528595,1.028160,1,0,55.3778,0,0,0,55.3778,0
72.0222,2.16419,0,0,2.56222,0.302963,0.36288,3.6288,61.308,0.225839,0,0,0.994291,0.186437,0.582016,0.66528,12.849,1,0.384669,0.36288,0,47.1085,3.78976,43.2969,0.84672,12.849,0.84672,3695.15,0,18.483,0.0680854,0.402797,1.37396,6.61985,0.889225,7.43929,0.42336,0,0,18.483,0.42336,442.007,0,0.866566,0,0,1.26936,0.402797,1.028160,1,0,51.3182,0,0,0,51.3182,0
72.29,2.16344,0,0,3.74035,0.302347,1.00675,3.6288,61.308,0.11108,0,0,1.16348,0.186437,0.865963,0.66528,12.849,1,0.385964,1.00675,0,55.5257,3.78976,52.3568,0.84672,12.849,0.84672,3695.15,0,18.483,0.0334882,0.402797,1.37425,5.96136,0.889225,6.81569,0.42336,0,0,18.483,0.42336,442.007,0,1.01617,0,0,1.41896,0.402797,1.028160,1,0,60.0384,0,0,0,60.0384,0
72.1852,2.26781,0,0,2.79076,0.264907,0.36288,3.6288,61.308,0.268603,0,0,1.06423,0.195362,0.600267,0.66528,12.849,1,0.403087,0.36288,0,53.8882,4.06066,49.7873,0.84672,12.849,0.84672,3695.15,0,18.483,0.0809779,0.402797,1.37454,5.30842,0.839077,6.16571,0.42336,0,0,18.483,0.42336,442.007,0,0.874169,0,0,1.27697,0.402797,1.028160,1,0,56.5533,0,0,0,56.5533,0
72.0715,2.2678,0,0,2.75463,0.237617,0.36288,3.6288,61.308,0.335726,0,0,0.97143,0.224907,0.410797,0.66528,12.849,1,0.403669,0.36288,0,46.5908,4.61281,41.9372,0.84672,12.849,0.84672,3695.15,0,18.483,0.101214,0.402797,1.446,4.71689,1.05246,5.412,0.42336,0,0,18.483,0.42336,442.007,0,0.787069,0,0,1.18987,0.402797,1.028160,1,0,47.76,0,0,0,47.76,0
71.8075,2.26774,0,0,2.57788,0.211242,0.36288,3.6288,61.308,0.288174,0,0,0.753356,0.213643,0.251539,0.66528,12.849,1,0.404295,0.36288,0,42.8972,4.2312,38.6246,0.84672,12.849,0.84672,3695.15,0,18.483,0.0868779,0.30119,1.4463,4.32067,1.08883,4.89245,0.42336,0,0,18.483,0.42336,442.007,0,0.849217,0,0,1.15041,0.30119,1.028160,1,0,43.7685,0,0,0,43.7685,0
71.3523,2.26696,0,0,2.35485,0.180252,0.36288,3.6288,61.308,0.288598,0,0,0.746971,0.217292,0.24108,0.66528,12.849,1,0.405641,0.36288,0,38.3401,4.3449,33.9524,0.84672,12.849,0.84672,3695.15,0,18.483,0.087006,0.30119,1.44661,4.12716,1.05331,4.73465,0.42336,0,0,18.483,0.42336,442.007,0,0.848923,0,0,1.15011,0.30119,1.028160,1,0,38.9282,0,0,0,38.9282,0
70.8527,2.26524,0,0,2.30816,0.179627,0.36288,3.6288,61.308,0.305467,0,0,0.807909,0.217292,0.28515,0.66528,12.849,1,0.407921,0.36288,0,36.7283,4.3449,32.3384,0.84672,12.849,0.84672,3695.15,0,18.483,0.0920915,0.30119,1.44691,4.44715,1.05331,5.04986,0.42336,0,0,18.483,0.42336,442.007,0,0.827228,0,0,1.12842,0.30119,1.028160,1,0,37.6734,0,0,0,37.6734,0
70.2109,2.24301,0,0,2.12903,0.164966,0.36288,3.6288,61.308,0.177814,0,0,1.06896,0.225293,0.665851,0.66528,12.849,1,0.406766,0.36288,0,41.2125,4.50276,36.6659,0.84672,12.849,0.84672,3695.15,0,18.483,0.053607,0.551742,1.44722,4.92266,1.08933,5.77869,0.42336,0,0,18.483,0.42336,442.007,0,1.02816,0,0,1.5799,0.551742,1.028160,1,0,43.1104,0,0,0,43.1104,0
69.356,2.24035,0,0,1.90206,0.153723,0.36288,3.6288,61.308,0.178019,0,0,1.32218,0.231293,0.912867,0.66528,12.849,1,0.409996,0.36288,0,45.0573,4.62115,40.3891,0.84672,12.849,0.84672,3695.15,0,18.483,0.0536687,0.98261,1.46972,5.53224,1.11634,6.81457,0.42336,0,0,18.483,0.42336,442.007,0,1.02816,0,0,2.01077,0.98261,1.028160,1,0,48.1165,0,0,0,48.1165,0
68.3248,2.23655,0,0,1.72092,0.15271,0.36288,3.6288,61.308,0.178224,0,0,1.22704,0.231293,0.817519,0.66528,12.849,1,0.414348,0.36288,0,40.4619,4.62115,35.7893,0.84672,12.849,0.84672,3695.15,0,18.483,0.0537305,0.733156,1.47003,5.30592,1.11634,6.33904,0.42336,0,0,18.483,0.42336,442.007,0,1.02816,0,0,1.76132,0.733156,1.028160,1,0,42.9458,0,0,0,42.9458,0
67.2459,2.23176,0,0,1.63955,0.123786,0.36288,3.6288,61.308,0.178429,0,0,1.161,0.297107,0.685464,0.66528,12.849,1,0.4197,0.36288,0,36.6554,5.46806,31.1305,0.84672,12.849,0.84672,3695.15,0,18.483,0.0537922,0.741804,1.47034,5.02703,1.42547,5.75991,0.42336,0,0,18.483,0.42336,442.007,0,1.02816,0,0,1.76996,0.741804,1.028160,1,0,37.5759,0,0,0,37.5759,0
65.9934,2.27854,0,0,1.50679,0.117875,0.36288,3.6288,61.308,0.202302,0,0,1.17143,0.309135,0.659991,0.66528,12.849,1,0.435373,0.36288,0,32.6674,5.62574,26.9692,0.84672,12.849,0.84672,3695.15,0,18.483,0.0609896,0.672598,1.47065,4.70331,1.47816,5.30742,0.42336,0,0,18.483,0.42336,442.007,0,1.02816,0,0,1.70076,0.672598,1.028160,1,0,32.9366,0,0,0,32.9366,0
64.653,2.27211,0,0,1.40964,0.115004,0.36288,3.6288,61.308,0.202512,0,0,1.04496,0.315489,0.526963,0.66528,12.849,1,0.442383,0.36288,0,36.7032,5.72491,30.8987,0.84672,12.849,0.84672,3695.15,0,18.483,0.061053,0.460892,1.50636,3.41456,1.48512,3.83564,0.42336,0,0,18.483,0.42336,442.007,0,1.02816,0,0,1.48905,0.460892,1.028160,1,0,35.2613,0,0,0,35.2613,0
63.2261,2.26494,0,0,1.31469,0.113775,0.36288,3.6288,61.308,0.202722,0,0,0.92556,0.315489,0.407349,0.66528,12.849,1,0.450129,0.36288,0,29.0356,5.72491,23.2234,0.84672,12.849,0.84672,3695.15,0,18.483,0.0611163,0.441703,1.50668,3.11671,1.48512,3.51886,0.42336,0,0,18.483,0.42336,442.007,0,1.02816,0,0,1.46986,0.441703,1.028160,1,0,27.1496,0,0,0,27.1496,0
61.6896,2.25697,0,0,1.19583,0.112468,0.36288,3.6288,61.308,0.215015,0,0,0.869391,0.315489,0.338888,0.66528,12.849,1,0.458669,0.36288,0,26.6992,5.72491,20.8785,0.84672,12.849,0.84672,3695.15,0,18.483,0.0648221,0.227405,1.507,2.85246,1.48512,3.03692,0.42336,0,0,18.483,0.42336,442.007,0,1.01244,0,0,1.23984,0.227405,1.028160,1,0,24.2543,0,0,0,24.2543,0
60.1797,2.39813,0,0,1.35295,0.101834,0.36288,3.6288,61.308,0.288647,0,0,1.05698,0.309298,0.459037,0.66528,12.849,1,0.499493,0.36288,0,27.4568,5.86641,21.4538,0.84672,12.849,0.84672,3695.15,0,18.483,0.0870208,0.648804,1.50732,4.18185,1.522,4.72895,0.42336,0,0,18.483,0.42336,442.007,0,1.02816,0,0,1.67696,0.648804,1.028160,1,0,26.6418,0,0,0,26.6418,0
58.3963,2.38831,0,0,1.07326,0.10549,0.36288,3.6288,61.308,0.288876,0,0,0.831937,0.310324,0.232738,0.66528,12.849,1,0.509928,0.36288,0,20.7176,5.72151,14.849,0.84672,12.849,0.84672,3695.15,0,18.483,0.0870896,0.385698,1.62761,3.11072,1.48709,3.54985,0.42336,0,0,18.483,0.42336,442.007,0,1.02816,0,0,1.41386,0.385698,1.028160,1,0,18.6316,0,0,0,18.6316,0
56.6399,2.37604,0,0,1.09101,0.108466,0.36288,3.6288,61.308,0.289104,0,0,0.924592,0.32055,0.314938,0.66528,12.849,1,0.522803,0.36288,0,22.9906,5.62674,17.2039,0.84672,12.849,0.84672,3695.15,0,18.483,0.0871584,0.549539,1.62796,3.17623,1.45716,3.8094,0.42336,0,0,18.483,0.42336,442.007,0,1.02816,0,0,1.5777,0.549539,1.028160,1,0,21.3283,0,0,0,21.3283,0
54.669,2.36333,0,0,0.861935,0.106616,0.36288,3.6288,61.2944,0.367933,0,0,0.674896,0.32055,0,0.66528,12.849,1,0.536131,0.36288,0,23.7256,5.62674,17.9256,0.84672,12.849,0.84672,3695.15,0,18.483,0.110924,0.204422,1.6283,2.51674,1.45716,2.78137,0.42336,0,0,18.483,0.42336,442.007,0,0.925862,0,0,1.13028,0.204422,1.028160,1,0,20.707,0,0,0,20.707,0
52.921,2.34818,0,0,1.06752,0.10454,0.36288,3.6288,61.308,0.289546,0,0,1.1228,0.320523,0.499146,0.66528,12.849,1,0.551898,0.36288,0,21.0261,5.62674,15.2104,0.84672,12.849,0.84672,3695.15,0,18.483,0.087311,0.98782,1.62865,3.78192,1.45716,4.85391,0.42336,0,0,18.483,0.42336,442.007,0,1.02816,0,0,2.01598,0.98782,1.028160,1,0,20.5634,0,0,0,20.5634,0
51.2898,2.26279,0,0,1.08507,0.0905704,0.36288,3.6288,61.308,0.237836,0,0,1.16085,0.326885,0.596132,0.66528,12.849,1,0.549396,0.36288,0,30.047,5.37378,24.4867,0.84672,12.849,0.84672,3695.15,0,18.483,0.0717023,0.976692,1.62899,5.51827,1.35144,6.70082,0.42336,0,0,18.483,0.42336,442.007,0,1.02816,0,0,2.00485,0.976692,1.028160,1,0,31.7836,0,0,0,31.7836,0
50.1514,2.24929,0,0,1.56683,0.0930761,0.36288,3.6288,61.308,0.238054,0,0,1.75029,0.346804,1.16543,0.66528,12.849,1,0.563487,0.36288,0,39.1134,5.73346,33.1793,0.84672,12.849,0.84672,3695.15,0,18.483,0.0717679,1.91697,1.56051,8.20385,1.48936,10.1202,0.42336,0,0,18.483,0.42336,442.007,0,1.02816,0,0,2.94513,1.91697,1.028160,1,0,44.4649,0,0,0,44.4649,0
49.4893,2.23958,0,0,2.06508,0.124701,0.36288,3.6288,61.308,0.238271,0,0,1.84015,0.319201,1.28268,0.66528,12.849,1,0.573791,0.36288,0,39.5559,5.5126,33.8324,0.84672,12.849,0.84672,3695.15,0,18.483,0.0718335,2.1249,1.56084,6.59832,1.4135,8.79873,0.42336,0,0,18.483,0.42336,442.007,0,1.02816,0,0,3.15306,2.1249,1.028160,1,0,43.9138,0,0,0,43.9138,0
49.7156,2.23396,0,0,2.94702,0.123829,0.36288,3.6288,61.308,0.238489,0,0,3.02861,0.319201,2.47092,0.66528,12.849,1,0.580008,0.36288,0,73.1665,5.5126,67.4368,0.84672,12.849,0.84672,3695.15,0,18.483,0.0718991,4.29545,1.56117,12.3699,1.4135,16.7411,0.42336,0,0,18.483,0.42336,442.007,0,1.02816,0,0,5.32361,4.29545,1.028160,1,0,86.6488,0,0,0,86.6488,0
49.5083,2.17876,0,0,2.4731,0.138803,0.36288,3.6288,61.308,0.191376,0,0,2.31258,0.31353,1.80768,0.66528,12.849,1,0.5631,0.36288,0,97.9448,5.4996,92.245,0.84672,12.849,0.84672,3695.15,0,18.483,0.0576956,3.00367,1.5615,8.15495,1.41934,11.2431,0.42336,0,0,18.483,0.42336,442.007,0,1.02816,0,0,4.03183,3.00367,1.028160,1,0,105.296,0,0,0,105.296,0
48.5975,2.17735,0,0,1.85926,0.229844,0.36288,3.6288,61.308,0.191584,0,0,1.37826,0.258705,0.927973,0.66528,12.849,1,0.565092,0.36288,0,43.2565,4.97763,38.0767,0.84672,12.849,0.84672,3695.15,0,18.483,0.0577582,1.71345,1.50061,8.46692,1.26885,10.3544,0.42336,0,0,18.483,0.42336,442.007,0,1.02816,0,0,2.74161,1.71345,1.028160,1,0,49.359,0,0,0,49.359,0
47.2071,2.16943,0,0,1.36948,0.227597,0.36288,3.6288,61.308,0.191791,0,0,1.56373,0.258705,1.11323,0.66528,12.849,1,0.573589,0.36288,0,38.5396,4.97763,33.3512,0.84672,12.849,0.84672,3695.15,0,18.483,0.0578209,2.43271,1.50093,10.6337,1.26885,13.2407,0.42336,0,0,18.483,0.42336,442.007,0,1.02816,0,0,3.46087,2.43271,1.028160,1,0,47.7051,0,0,0,47.7051,0
47.1325,2.15661,0,0,2.66907,0.224166,0.36288,3.6288,61.308,0.191999,0,0,2.08469,0.258705,1.63398,0.66528,12.849,1,0.586993,0.36288,0,69.6724,4.97763,64.4707,0.84672,12.849,0.84672,3695.15,0,18.483,0.0578835,3.52725,1.50125,12.5082,1.26885,16.21,0.42336,0,0,18.483,0.42336,442.007,0,1.02816,0,0,4.55541,3.52725,1.028160,1,0,82.3147,0,0,0,82.3147,0
47.6857,1.99394,0,0,3.13584,0.225835,0.36288,3.6288,61.308,0.0935482,0,0,2.18392,0.252569,1.8378,0.66528,12.849,1,0.543576,0.36288,0,103.286,4.99368,98.1116,0.84672,12.849,0.84672,3695.15,0,18.483,0.0282027,2.97122,1.50157,12.5364,1.24894,15.732,0.42336,0,0,18.483,0.42336,442.007,0,1.02816,0,0,3.99938,2.97122,1.028160,1,0,115.681,0,0,0,115.681,0
47.8716,1.99933,0,0,2.79018,0.242072,0.36288,3.6288,61.308,0.0937352,0,0,2.00819,0.193712,1.72074,0.66528,12.849,1,0.538722,0.36288,0,70.9875,4.0168,66.7949,0.84672,12.849,0.84672,3695.15,0,18.483,0.0282591,2.98374,1.36395,12.3641,0.977986,15.7055,0.42336,0,0,18.483,0.42336,442.007,0,1.02816,0,0,4.0119,2.98374,1.028160,1,0,84.2212,0,0,0,84.2212,0
47.4223,2.0014,0,0,2.15906,0.244039,0.36288,3.6288,61.308,0.0939222,0,0,2.31437,0.184894,2.03555,0.66528,12.849,1,0.537187,0.36288,0,60.3589,3.58754,56.597,0.84672,12.849,0.84672,3695.15,0,18.483,0.0283155,4.54149,1.36424,10.2074,0.917373,15.1674,0.42336,0,0,18.483,0.42336,442.007,0,1.02816,0,0,5.56965,4.54149,1.028160,1,0,73.8,0,0,0,73.8,0
47.4205,1.99782,0,0,2.60175,0.242841,0.36288,3.6288,61.308,0.0941093,0,0,2.44013,0.184894,2.16112,0.66528,12.849,1,0.541305,0.36288,0,69.1362,3.58754,65.3703,0.84672,12.849,0.84672,3695.15,0,18.483,0.0283719,4.27291,1.36453,13.9196,0.917373,18.6113,0.42336,0,0,18.483,0.42336,442.007,0,1.02816,0,0,5.30107,4.27291,1.028160,1,0,86.1427,0,0,0,86.1427,0
46.3217,1.99822,0,0,1.52595,0.263672,0.36288,3.6288,61.308,0.0942965,0,0,2.02332,0.178758,1.75027,0.66528,12.849,1,0.541436,0.36288,0,46.4479,3.84186,42.4275,0.84672,12.849,0.84672,3695.15,0,18.483,0.0284283,3.23908,1.36482,7.15435,0.877511,10.8523,0.42336,0,0,18.483,0.42336,442.007,0,1.02816,0,0,4.26724,3.23908,1.028160,1,0,55.0301,0,0,0,55.0301,0
47.1782,2.05088,0,0,3.53986,0.269569,0.36288,3.6288,61.308,0.123079,0,0,2.96216,0.223671,2.61541,0.66528,12.849,1,0.568886,0.36288,0,84.5474,4.55348,79.7879,0.84672,12.849,0.84672,3695.15,0,18.483,0.0371056,3.77871,1.36511,10.6833,1.1169,14.6731,0.42336,0,0,18.483,0.42336,442.007,0,1.02816,0,0,4.80687,3.77871,1.028160,1,0,97.0764,0,0,0,97.0764,0
51.4822,2.05942,0,0,6.99132,0.265064,0.36288,3.6288,61.308,0.123265,0,0,2.67815,0.201482,2.3534,0.66528,12.849,1,0.560883,0.36288,0,153.26,3.97058,149.091,0.84672,12.849,0.84672,3695.15,0,18.483,0.0371617,3.43381,1.40906,14.373,0.923976,18.2547,0.42336,0,0,18.483,0.42336,442.007,0,1.02816,0,0,4.46197,3.43381,1.028160,1,0,169.699,0,0,0,169.699,0
55.4924,2.09737,0,0,6.748,0.277569,0.36288,3.6288,61.308,0.123451,0,0,2.12748,0.201482,1.80255,0.66528,12.849,1,0.523465,0.36288,0,123.817,3.97058,119.686,0.84672,12.849,0.84672,3695.15,0,18.483,0.0372178,3.07622,1.40935,12.6334,0.923976,16.1578,0.42336,0,0,18.483,0.42336,442.007,0,1.02816,0,0,4.10438,3.07622,1.028160,1,0,137.646,0,0,0,137.646,0
58.0778,2.12852,0,0,5.33961,0.262781,0.36288,3.6288,61.308,0.123637,0,0,1.59771,0.210005,1.26407,0.66528,12.849,1,0.492849,0.36288,0,88.4373,4.28925,84.0181,0.84672,12.849,0.84672,3695.15,0,18.483,0.0372739,2.35012,1.40963,10.3321,1.00593,13.0486,0.42336,0,0,18.483,0.42336,442.007,0,1.02816,0,0,3.37828,2.35012,1.028160,1,0,98.3308,0,0,0,98.3308,0
60.0715,2.35633,0,0,4.97164,0.258748,0.36288,3.6288,61.308,0.231269,0,0,1.86094,0.213415,1.41626,0.66528,12.849,1,0.521309,0.36288,0,81.667,4.41672,77.0919,0.84672,12.849,0.84672,3695.15,0,18.483,0.0697226,2.22145,1.40992,10.2397,1.03872,12.7626,0.42336,0,0,18.483,0.42336,442.007,0,1.02816,0,0,3.24961,2.22145,1.028160,1,0,91.2707,0,0,0,91.2707,0
64.7461,2.37107,0,0,7.70156,0.29298,0.36288,3.6288,61.308,0.231478,0,0,4.55534,0.203232,4.12063,0.66528,12.849,1,0.507159,0.36288,0,157.141,4.09029,152.906,0.84672,12.849,0.84672,3695.15,0,18.483,0.0697854,5.87583,1.56617,24.4081,1.07274,30.7076,0.42336,0,0,18.483,0.42336,442.007,0,1.02816,0,0,6.90399,5.87583,1.028160,1,0,187.734,0,0,0,187.734,0
68.8688,2.40211,0,0,7.19724,0.309579,0.36288,3.6288,61.308,0.231686,0,0,3.50152,0.201535,3.0683,0.66528,12.849,1,0.476703,0.36288,0,115.507,4.03589,111.358,0.84672,12.849,0.84672,3695.15,0,18.483,0.0698481,4.7433,1.56649,17.0681,1.07841,22.2297,0.42336,0,0,18.483,0.42336,442.007,0,1.02816,0,0,5.77146,4.7433,1.028160,1,0,136.656,0,0,0,136.656,0
71.6019,2.42665,0,0,5.84521,0.322567,0.36288,3.6288,61.308,0.231894,0,0,3.32586,0.194956,2.89901,0.66528,12.849,1,0.452746,0.36288,0,122.443,3.94848,118.404,0.84672,12.849,0.84672,3695.15,0,18.483,0.0699109,4.1809,1.56681,14.2125,1.0598,18.8305,0.42336,0,0,18.483,0.42336,442.007,0,1.02816,0,0,5.20906,4.1809,1.028160,1,0,140.134,0,0,0,140.134,0
72.29,2.13229,0,0,6.74523,0.346076,3.57876,3.6288,61.308,0.0877916,0,0,3.39038,0.155484,3.1471,0.66528,12.849,1,0.38264,3.57876,0,151.996,3.42405,151.768,0.84672,12.849,0.84672,3695.15,0,18.483,0.0264672,4.34757,1.56713,14.9558,0.948157,19.8959,0.42336,0,0,18.483,0.42336,442.007,0,1.02816,0,0,5.37573,4.34757,1.028160,1,0,174.811,0,0,0,174.811,0
72.29,2.13582,0,0,6.2837,0.313629,3.83425,3.6288,61.308,0.0879706,0,0,1.7931,0.176872,1.52826,0.66528,12.849,1,0.379625,3.83425,0,148.112,3.56067,148.006,0.84672,12.849,0.84672,3695.15,0,18.483,0.0265212,2.77436,1.35393,12.8122,1.03695,15.877,0.42336,0,0,18.483,0.42336,442.007,0,1.02816,0,0,3.80252,2.77436,1.028160,1,0,165.411,0,0,0,165.411,0
72.29,2.13625,0,0,5.78628,0.32436,3.32567,3.6288,61.308,0.0881497,0,0,3.88526,0.176776,3.62034,0.66528,12.849,1,0.379703,3.32567,0,194.353,3.36066,193.939,0.84672,12.849,0.84672,3695.15,0,18.483,0.0265752,4.27175,1.35421,18.5786,0.932076,23.2459,0.42336,0,0,18.483,0.42336,442.007,0,1.02816,0,0,5.29991,4.27175,1.028160,1,0,220.805,0,0,0,220.805,0
72.29,2.13669,0,0,5.18307,0.328912,2.71747,3.6288,61.308,0.0883287,0,0,2.42316,0.16031,2.17452,0.66528,12.849,1,0.37978,2.71747,0,172.591,3.09183,171.837,0.84672,12.849,0.84672,3695.15,0,18.483,0.0266291,3.31237,1.35448,13.2294,0.853143,17.0165,0.42336,0,0,18.483,0.42336,442.007,0,1.02816,0,0,4.34053,3.31237,1.028160,1,0,191.028,0,0,0,191.028,0
72.29,2.13712,0,0,7.76544,0.328912,5.29941,3.6288,61.308,0.0885078,0,0,4.3485,0.16031,4.09969,0.66528,12.849,1,0.379857,5.29941,0,164.157,3.09183,165.985,0.84672,12.849,0.84672,3695.15,0,18.483,0.0266831,6.53326,1.35476,19.1614,0.853143,26.1695,0.42336,0,0,18.483,0.42336,442.007,0,1.02816,0,0,7.56142,6.53326,1.028160,1,0,196.254,0,0,0,196.254,0
72.29,2.21566,0,0,10.564,0.298332,8.04996,3.6288,61.308,0.124027,0,0,6.19013,0.179881,5.88622,0.66528,12.849,1,0.393817,8.04996,0,227.195,3.7639,231.087,0.84672,12.849,0.84672,3695.15,0,18.483,0.0373913,7.20274,1.35504,25.5103,1.00862,33.0221,0.42336,0,0,18.483,0.42336,442.007,0,1.02816,0,0,8.2309,7.20274,1.028160,1,0,269.995,0,0,0,269.995,0
72.29,2.21611,0,0,9.02223,0.257558,6.54856,3.6288,61.308,0.124213,0,0,3.58152,0.205975,3.25133,0.66528,12.849,1,0.393897,6.54856,0,210.928,4.66001,212.423,0.84672,12.849,0.84672,3695.15,0,18.483,0.0374475,4.94146,1.40808,17.8973,1.21592,22.9935,0.42336,0,0,18.483,0.42336,442.007,0,1.02816,0,0,5.96962,4.94146,1.028160,1,0,238.668,0,0,0,238.668,0
72.29,2.21656,0,0,5.77351,0.257558,3.29938,3.6288,61.308,0.1244,0,0,2.60434,0.205975,2.27396,0.66528,12.849,1,0.393978,3.29938,0,126.962,4.66001,125.208,0.84672,12.849,0.84672,3695.15,0,18.483,0.0375037,3.4369,1.40837,13.4647,1.21592,17.0566,0.42336,0,0,18.483,0.42336,442.007,0,1.02816,0,0,4.46506,3.4369,1.028160,1,0,144.538,0,0,0,144.538,0
72.29,2.21702,0,0,4.93843,0.257558,2.46386,3.6288,61.308,0.124586,0,0,2.36579,0.205975,2.03523,0.66528,12.849,1,0.394058,2.46386,0,106.041,4.66001,103.451,0.84672,12.849,0.84672,3695.15,0,18.483,0.0375599,3.44967,1.40866,12.1103,1.21592,15.7151,0.42336,0,0,18.483,0.42336,442.007,0,1.02816,0,0,4.47783,3.44967,1.028160,1,0,121.201,0,0,0,121.201,0
72.29,2.18691,0,0,4.58508,0.241438,2.15674,3.6288,61.308,0.111036,0,0,2.11605,0.204361,1.80065,0.66528,12.849,1,0.388706,2.15674,0,93.0303,4.38786,90.4105,0.84672,12.849,0.84672,3695.15,0,18.483,0.0334748,2.91041,1.40895,11.1654,1.19834,14.2529,0.42336,0,0,18.483,0.42336,442.007,0,1.02816,0,0,3.93857,2.91041,1.028160,1,0,106.464,0,0,0,106.464,0
72.29,2.18735,0,0,4.60283,0.188463,2.22702,3.6288,61.308,0.111219,0,0,1.8111,0.219547,1.48033,0.66528,12.849,1,0.388785,2.22702,0,97.3227,3.71879,95.4421,0.84672,12.849,0.84672,3695.15,0,18.483,0.0335302,2.87955,1.38867,8.63326,1.10686,11.7611,0.42336,0,0,18.483,0.42336,442.007,0,1.02816,0,0,3.90771,2.87955,1.028160,1,0,108.684,0,0,0,108.684,0
72.29,2.1878,0,0,4.15269,0.188463,1.77643,3.6288,61.308,0.111403,0,0,1.63884,0.219547,1.30788,0.66528,12.849,1,0.388865,1.77643,0,89.9053,3.71879,87.574,0.84672,12.849,0.84672,3695.15,0,18.483,0.0335856,2.28778,1.38896,8.1489,1.10686,10.6852,0.42336,0,0,18.483,0.42336,442.007,0,1.02816,0,0,3.31594,2.28778,1.028160,1,0,99.5671,0,0,0,99.5671,0
72.29,2.18824,0,0,4.86813,0.176299,2.50359,3.6288,61.308,0.111587,0,0,1.53255,0.225482,1.19549,0.66528,12.849,1,0.388944,2.50359,0,97.5387,4.18663,95.4667,0.84672,12.849,0.84672,3695.15,0,18.483,0.033641,2.28074,1.38924,10.8271,1.1253,13.3382,0.42336,0,0,18.483,0.42336,442.007,0,1.02816,0,0,3.3089,2.28074,1.028160,1,0,110,0,0,0,110,0
72.29,2.29252,0,0,3.89879,0.13447,1.47181,3.6288,61.308,0.160525,0,0,1.49032,0.243827,1.08597,0.66528,12.849,1,0.407477,1.47181,0,73.9746,5.41593,69.623,0.84672,12.849,0.84672,3695.15,0,18.483,0.0483947,2.28786,1.38952,8.31989,1.19677,10.7521,0.42336,0,0,18.483,0.42336,442.007,0,1.02816,0,0,3.31602,2.28786,1.028160,1,0,81.4611,0,0,0,81.4611,0
72.29,2.29298,0,0,3.35066,0.108517,0.949161,3.6288,61.308,0.160719,0,0,1.28522,0.233396,0.891102,0.66528,12.849,1,0.40756,0.949161,0,64.3661,4.95692,59.9508,0.84672,12.849,0.84672,3695.15,0,18.483,0.0484531,1.65163,1.46175,7.39515,1.08318,9.37689,0.42336,0,0,18.483,0.42336,442.007,0,1.02816,0,0,2.67979,1.65163,1.028160,1,0,70.2188,0,0,0,70.2188,0
72.29,2.29345,0,0,3.08016,0.0775882,0.709121,3.6288,61.308,0.160913,0,0,1.13897,0.23554,0.742515,0.66528,12.849,1,0.407643,0.709121,0,56.4679,4.88071,51.8887,0.84672,12.849,0.84672,3695.15,0,18.483,0.0485116,1.24152,1.46204,6.97887,1.08338,8.55055,0.42336,0,0,18.483,0.42336,442.007,0,1.02816,0,0,2.26968,1.24152,1.028160,1,0,61.1818,0,0,0,61.1818,0
72.29,2.29392,0,0,2.95797,0.0775882,0.586467,3.6288,61.308,0.161107,0,0,1.12702,0.23554,0.730372,0.66528,12.849,1,0.407727,0.586467,0,52.4117,4.88071,47.7097,0.84672,12.849,0.84672,3695.15,0,18.483,0.04857,1.24953,1.46234,6.69738,1.08338,8.2773,0.42336,0,0,18.483,0.42336,442.007,0,1.02816,0,0,2.27769,1.24953,1.028160,1,0,56.7174,0,0,0,56.7174,0
72.29,2.29439,0,0,2.80721,0.0825047,0.430323,3.6288,61.308,0.161301,0,0,1.10919,0.234223,0.713671,0.66528,12.849,1,0.40781,0.430323,0,50.2061,4.7961,45.4325,0.84672,12.849,0.84672,3695.15,0,18.483,0.0486285,1.43547,1.46264,6.2693,1.08665,8.03214,0.42336,0,0,18.483,0.42336,442.007,0,1.02816,0,0,2.46363,1.43547,1.028160,1,0,54.1783,0,0,0,54.1783,0
72.0148,2.2743,0,0,2.46419,0.102201,0.36288,3.6288,61.308,0.188318,0,0,0.944499,0.236142,0.520039,0.66528,12.849,1,0.40424,0.36288,0,46.3482,4.58996,41.7169,0.84672,12.849,0.84672,3695.15,0,18.483,0.0567737,0.971957,1.46294,5.12684,1.10701,6.39795,0.42336,0,0,18.483,0.42336,442.007,0,1.02816,0,0,2.00012,0.971957,1.028160,1,0,48.6349,0,0,0,48.6349,0
71.5265,2.27345,0,0,2.23694,0.0889443,0.36288,3.6288,61.308,0.188517,0,0,0.780002,0.249235,0.342249,0.66528,12.849,1,0.405633,0.36288,0,44.8682,4.99201,39.8334,0.84672,12.849,0.84672,3695.15,0,18.483,0.0568338,0.618028,1.48567,4.51151,1.10805,5.45032,0.42336,0,0,18.483,0.42336,442.007,0,1.02816,0,0,1.64619,0.618028,1.028160,1,0,45.626,0,0,0,45.626,0
70.9692,2.27157,0,0,2.16576,0.088614,0.36288,3.6288,61.308,0.188717,0,0,0.73974,0.249235,0.301787,0.66528,12.849,1,0.408064,0.36288,0,42.1227,4.99201,37.0855,0.84672,12.849,0.84672,3695.15,0,18.483,0.056894,0.615583,1.48598,4.57968,1.10805,5.51629,0.42336,0,0,18.483,0.42336,442.007,0,1.02816,0,0,1.64374,0.615583,1.028160,1,0,42.9036,0,0,0,42.9036,0
70.2113,2.26932,0,0,1.92949,0.0551894,0.36288,3.6288,61.308,0.188917,0,0,0.717414,0.302302,0.226195,0.66528,12.849,1,0.410861,0.36288,0,39.9665,5.81991,34.0986,0.84672,12.849,0.84672,3695.15,0,18.483,0.0569541,0.453125,1.48628,4.45378,1.39045,4.94578,0.42336,0,0,18.483,0.42336,442.007,0,1.02816,0,0,1.48128,0.453125,1.028160,1,0,39.2706,0,0,0,39.2706,0
69.2836,2.31892,0,0,1.80963,0.0554767,0.36288,3.6288,61.308,0.213041,0,0,0.6797,0.294263,0.172396,0.66528,12.849,1,0.424373,0.36288,0,36.5904,6.22671,30.3022,0.84672,12.849,0.84672,3695.15,0,18.483,0.0642272,0.525839,1.48658,4.36235,1.54134,4.76921,0.42336,0,0,18.483,0.42336,442.007,0,1.02816,0,0,1.554,0.525839,1.028160,1,0,35.2438,0,0,0,35.2438,0
68.8052,2.31459,0,0,2.24077,0.0416792,0.36288,3.6288,61.308,0.213246,0,0,0.71077,0.32513,0.172394,0.66528,12.849,1,0.429253,0.36288,0,39.1133,5.59755,33.4494,0.84672,12.849,0.84672,3695.15,0,18.483,0.0642889,0.531636,1.52267,4.13657,1.51917,4.60742,0.42336,0,0,18.483,0.42336,442.007,0,1.02816,0,0,1.5598,0.531636,1.028160,1,0,38.2292,0,0,0,38.2292,0
68.0369,2.31255,0,0,1.94861,0.0415244,0.36288,3.6288,61.308,0.21345,0,0,0.667967,0.32513,0.129387,0.66528,12.849,1,0.431856,0.36288,0,37.0053,5.59755,31.3388,0.84672,12.849,0.84672,3695.15,0,18.483,0.0643506,0.399971,1.52298,4.02551,1.51917,4.36494,0.42336,0,0,18.483,0.42336,442.007,0,1.02816,0,0,1.42813,0.399971,1.028160,1,0,35.8331,0,0,0,35.8331,0
67.1182,2.30892,0,0,1.79436,0.0412758,0.36288,3.6288,61.308,0.213655,0,0,0.654471,0.32513,0.115686,0.66528,12.849,1,0.436047,0.36288,0,34.9012,5.59755,29.2305,0.84672,12.849,0.84672,3695.15,0,18.483,0.0644123,0.326506,1.52329,3.98475,1.51917,4.25097,0.42336,0,0,18.483,0.42336,442.007,0,1.02816,0,0,1.35467,0.326506,1.028160,1,0,33.5971,0,0,0,33.5971,0
65.7632,2.45828,0,0,1.48973,0.0235903,0.36288,3.6288,61.308,0.300287,0,0,0.650912,0.330084,0.0205403,0.66528,12.849,1,0.470609,0.36288,0,33.0976,5.89183,27.098,0.84672,12.849,0.84672,3695.15,0,18.483,0.09053,0.318254,1.5236,3.79491,1.50489,4.04134,0.42336,0,0,18.483,0.42336,442.007,0,1.02816,0,0,1.34641,0.318254,1.028160,1,0,31.1599,0,0,0,31.1599,0
64.4037,2.45067,0,0,1.48309,0.0289991,0.36288,3.6288,61.2978,0.30051,0,0,0.630941,0.340613,0,0.66528,12.849,1,0.478819,0.36288,0,29.219,5.69994,23.4031,0.84672,12.849,0.84672,3695.15,0,18.483,0.090597,0.281154,1.64518,3.59819,1.46575,3.96817,0.42336,0,0,18.483,0.42336,442.007,0,1.02816,0,0,1.30931,0.281154,1.028160,1,0,27.3713,0,0,0,27.3713,0
63.3475,2.44274,0,0,1.77376,0.0243113,0.36288,3.6288,61.308,0.30072,0,0,0.775041,0.355898,0.10824,0.66528,12.849,1,0.487344,0.36288,0,32.5023,5.68491,26.6929,0.84672,12.849,0.84672,3695.15,0,18.483,0.0906756,0.536095,1.64551,3.78663,1.50324,4.37431,0.42336,0,0,18.483,0.42336,442.007,0,1.02816,0,0,1.56425,0.536095,1.028160,1,0,31.1755,0,0,0,31.1755,0
61.9305,2.43648,0,0,1.40638,0.0241041,0.36288,3.6288,61.1885,0.34532,0,0,0.581733,0.355921,0,0.66528,12.849,1,0.4942,0.36288,0,35.6887,5.68491,29.8725,0.84672,12.849,0.84672,3695.15,0,18.483,0.104106,0.204422,1.64585,3.0404,1.50324,3.28332,0.42336,0,0,18.483,0.42336,442.007,0,0.970419,0,0,1.17484,0.204422,1.028160,1,0,33.1558,0,0,0,33.1558,0
60.8255,2.42761,0,0,1.70941,0.023826,0.36288,3.6288,61.308,0.301041,0,0,0.935279,0.355653,0.159077,0.66528,12.849,1,0.503668,0.36288,0,31.1095,5.68491,25.2838,0.84672,12.849,0.84672,3695.15,0,18.483,0.0909344,0.91965,1.64618,4.38087,1.50324,5.35252,0.42336,0,0,18.483,0.42336,442.007,0,1.02816,0,0,1.94781,0.91965,1.028160,1,0,30.7954,0,0,0,30.7954,0
59.722,2.3467,0,0,1.6515,0.0454542,0.36288,3.6288,61.308,0.248888,0,0,0.696462,0.329057,0.118517,0.66528,12.849,1,0.495725,0.36288,0,36.3006,4.92822,31.2395,0.84672,12.849,0.84672,3695.15,0,18.483,0.0750341,0.537218,1.64652,4.76498,1.2753,5.59838,0.42336,0,0,18.483,0.42336,442.007,0,1.02816,0,0,1.56538,0.537218,1.028160,1,0,36.9564,0,0,0,36.9564,0
59.6384,2.33964,0,0,2.70994,0.0910521,0.36288,3.6288,61.308,0.2491,0,0,0.812186,0.31016,0.252926,0.66528,12.849,1,0.503365,0.36288,0,51.1949,4.33041,46.724,0.84672,12.849,0.84672,3695.15,0,18.483,0.075098,0.751464,1.57729,6.36747,1.20913,7.412,0.42336,0,0,18.483,0.42336,442.007,0,1.02816,0,0,1.77962,0.751464,1.028160,1,0,54.389,0,0,0,54.389,0
59.1846,2.33953,0,0,2.33964,0.0909791,0.36288,3.6288,61.308,0.249312,0,0,1.17591,0.31016,0.616441,0.66528,12.849,1,0.504049,0.36288,0,44.3108,4.33041,39.8392,0.84672,12.849,0.84672,3695.15,0,18.483,0.0751619,2.03734,1.57761,7.25641,1.20913,9.58707,0.42336,0,0,18.483,0.42336,442.007,0,1.02816,0,0,3.0655,2.03734,1.028160,1,0,50.0427,0,0,0,50.0427,0
58.4247,2.33683,0,0,2.03035,0.0905829,0.36288,3.6288,61.308,0.249524,0,0,0.650695,0.31016,0.0910114,0.66528,12.849,1,0.507327,0.36288,0,45.4985,4.33041,41.0236,0.84672,12.849,0.84672,3695.15,0,18.483,0.0752258,0.757598,1.57793,5.38231,1.20913,6.43348,0.42336,0,0,18.483,0.42336,442.007,0,1.02816,0,0,1.78576,0.757598,1.028160,1,0,47.5481,0,0,0,47.5481,0
57.6753,2.27166,0,0,1.97503,0.0899194,0.36288,3.6288,61.308,0.201898,0,0,0.601976,0.31016,0.0899189,0.66528,12.849,1,0.499593,0.36288,0,41.5619,4.33041,37.0947,0.84672,12.849,0.84672,3695.15,0,18.483,0.0608677,0.604774,1.57825,5.28866,1.20913,6.20169,0.42336,0,0,18.483,0.42336,442.007,0,1.02816,0,0,1.63293,0.604774,1.028160,1,0,43.3863,0,0,0,43.3863,0
55.7803,2.26682,0,0,0.970492,0.235715,0.36288,3.6288,61.308,0.2021,0,0,0.822761,0.22615,0.394512,0.66528,12.849,1,0.505005,0.36288,0,44.0596,4.69284,39.2246,0.84672,12.849,0.84672,3695.15,0,18.483,0.0609287,0.729423,1.5167,4.09382,1.09481,5.18421,0.42336,0,0,18.483,0.42336,442.007,0,1.02816,0,0,1.75758,0.729423,1.028160,1,0,44.8033,0,0,0,44.8033,0
54.0117,2.25333,0,0,1.07838,0.230785,0.36288,3.6288,61.308,0.202302,0,0,1.06207,0.227851,0.631919,0.66528,12.849,1,0.519055,0.36288,0,28.6035,4.94748,23.4998,0.84672,12.849,0.84672,3695.15,0,18.483,0.0609897,1.14782,1.51701,5.76284,1.1622,7.20447,0.42336,0,0,18.483,0.42336,442.007,0,1.02816,0,0,2.17598,1.14782,1.028160,1,0,31.3362,0,0,0,31.3362,0
55.5808,2.24006,0,0,4.38779,0.215763,0.36288,3.6288,61.308,0.202505,0,0,1.8862,0.195969,1.48772,0.66528,12.849,1,0.532893,0.36288,0,88.8761,4.23878,84.4673,0.84672,12.849,0.84672,3695.15,0,18.483,0.0610507,2.50988,1.51732,13.8334,1.11892,16.6806,0.42336,0,0,18.483,0.42336,442.007,0,1.02816,0,0,3.53804,2.50988,1.028160,1,0,102.636,0,0,0,102.636,0
55.1911,2.08308,0,0,2.29727,0.24108,0.36288,3.6288,61.308,0.102994,0,0,1.48856,0.169346,1.21622,0.66528,12.849,1,0.48156,0.36288,0,66.8493,3.67784,63.0528,0.84672,12.849,0.84672,3695.15,0,18.483,0.0310503,1.7149,1.51763,10.9877,0.975355,13.2139,0.42336,0,0,18.483,0.42336,442.007,0,1.02816,0,0,2.74306,1.7149,1.028160,1,0,77.4829,0,0,0,77.4829,0
54.348,2.08075,0,0,1.84035,0.239742,0.36288,3.6288,61.308,0.103176,0,0,1.213,0.180737,0.929091,0.66528,12.849,1,0.484417,0.36288,0,60.9331,3.5024,57.3092,0.84672,12.849,0.84672,3695.15,0,18.483,0.0311052,1.21561,1.37853,7.00513,0.89521,8.67296,0.42336,0,0,18.483,0.42336,442.007,0,1.02816,0,0,2.24377,1.21561,1.028160,1,0,66.9112,0,0,0,66.9112,0
53.8987,2.07509,0,0,2.22605,0.237419,0.36288,3.6288,61.308,0.103358,0,0,1.46446,0.189281,1.17182,0.66528,12.849,1,0.490594,0.36288,0,64.211,3.37082,60.7125,0.84672,12.849,0.84672,3695.15,0,18.483,0.0311601,1.77046,1.37881,8.49511,0.835102,10.7781,0.42336,0,0,18.483,0.42336,442.007,0,1.02816,0,0,2.79862,1.77046,1.028160,1,0,72.6624,0,0,0,72.6624,0
53.5569,2.07221,0,0,2.32966,0.23634,0.36288,3.6288,61.308,0.10354,0,0,2.29791,0.189281,2.00509,0.66528,12.849,1,0.493998,0.36288,0,73.9066,3.37082,70.4046,0.84672,12.849,0.84672,3695.15,0,18.483,0.0312151,3.1922,1.37909,11.5318,0.835102,15.2368,0.42336,0,0,18.483,0.42336,442.007,0,1.02816,0,0,4.22036,3.1922,1.028160,1,0,87.6465,0,0,0,87.6465,0
53.185,2.07009,0,0,2.29653,0.23552,0.36288,3.6288,61.308,0.103722,0,0,2.06182,0.189281,1.76882,0.66528,12.849,1,0.496641,0.36288,0,82.9829,3.37082,79.4783,0.84672,12.849,0.84672,3695.15,0,18.483,0.03127,2.492,1.37938,10.2488,0.835102,13.2538,0.42336,0,0,18.483,0.42336,442.007,0,1.02816,0,0,3.52016,2.492,1.028160,1,0,94.5009,0,0,0,94.5009,0
56.49,2.06729,0,0,5.98912,0.253931,0.36288,3.6288,61.308,0.103722,0,0,4.26608,0.18383,3.97853,0.66528,12.849,1,0.499439,0.36288,0,111.888,4.0846,107.667,0.84672,12.849,0.84672,3695.15,0,18.483,0.03127,4.5221,1.37966,19.6631,0.98689,24.5467,0.42336,0,0,18.483,0.42336,442.007,0,1.02816,0,0,5.55026,4.5221,1.028160,1,0,136.192,0,0,0,136.192,0
57.2858,2.15704,0,0,3.55247,0.236725,0.36288,3.6288,61.308,0.132805,0,0,1.83099,0.223805,1.47438,0.66528,12.849,1,0.490632,0.36288,0,86.2428,4.28327,81.8317,0.84672,12.849,0.84672,3695.15,0,18.483,0.0400377,1.22343,1.37966,7.75086,0.910608,9.4033,0.42336,0,0,18.483,0.42336,442.007,0,1.02816,0,0,2.25159,1.22343,1.028160,1,0,92.7094,0,0,0,92.7094,0
57.306,2.16303,0,0,2.78472,0.23859,0.36288,3.6288,61.308,0.132986,0,0,2.09296,0.223805,1.73617,0.66528,12.849,1,0.48516,0.36288,0,50.8516,4.28327,46.446,0.84672,12.849,0.84672,3695.15,0,18.483,0.0400923,1.65333,1.42407,5.57857,0.910608,7.70527,0.42336,0,0,18.483,0.42336,442.007,0,1.02816,0,0,2.68149,1.65333,1.028160,1,0,55.8875,0,0,0,55.8875,0
56.4573,2.1636,0,0,1.92565,0.247931,0.36288,3.6288,61.308,0.133167,0,0,1.26433,0.21719,0.913978,0.66528,12.849,1,0.485115,0.36288,0,43.2187,4.26123,38.8352,0.84672,12.849,0.84672,3695.15,0,18.483,0.0401469,0.525576,1.42435,4.96858,0.893176,5.98518,0.42336,0,0,18.483,0.42336,442.007,0,1.02816,0,0,1.55374,0.525576,1.028160,1,0,45.7344,0,0,0,45.7344,0
55.921,2.15808,0,0,2.28581,0.301165,0.36288,3.6288,61.308,0.133348,0,0,1.48057,0.177497,1.16972,0.66528,12.849,1,0.491153,0.36288,0,68.5015,4.12902,64.2443,0.84672,12.849,0.84672,3695.15,0,18.483,0.0402015,0.806355,1.42463,9.63714,0.788587,11.0393,0.42336,0,0,18.483,0.42336,442.007,0,1.02816,0,0,1.83451,0.806355,1.028160,1,0,76.4533,0,0,0,76.4533,0
55.1748,2.36483,0,0,2.30734,0.325754,0.36288,3.6288,61.308,0.242116,0,0,1.52519,0.194617,1.08846,0.66528,12.849,1,0.543369,0.36288,0,62.8886,4.04374,58.6643,0.84672,12.849,0.84672,3695.15,0,18.483,0.0729926,0.851593,1.42491,8.63993,0.927252,9.91619,0.42336,0,0,18.483,0.42336,442.007,0,1.02816,0,0,1.87975,0.851593,1.028160,1,0,69.669,0,0,0,69.669,0
55.9776,2.35933,0,0,3.85869,0.333733,0.36288,3.6288,61.308,0.242318,0,0,1.17218,0.201465,0.728396,0.66528,12.849,1,0.549437,0.36288,0,81.4837,4.00963,77.2875,0.84672,12.849,0.84672,3695.15,0,18.483,0.0730536,0.673488,1.58281,8.00332,0.982718,9.20384,0.42336,0,0,18.483,0.42336,442.007,0,1.02816,0,0,1.70165,0.673488,1.028160,1,0,87.2197,0,0,0,87.2197,0
54.6674,2.36621,0,0,1.75009,0.331164,0.36288,3.6288,61.107,0.733506,0,0,0.735985,0.203525,0,0.66528,12.849,1,0.543135,0.36288,0,40.1606,3.99714,35.9832,0.84672,12.849,0.84672,3695.15,0,18.483,0.221136,0.608429,1.58312,4.76755,0.974349,5.76361,0.42336,0,0,18.483,0.42336,442.007,0,0.389154,0,0,0.997583,0.608429,1.028160,1,0,41.7468,0,0,0,41.7468,0
53.6922,2.35613,0,0,2.03948,0.295731,0.36288,3.6288,60.9904,0.650224,0,0,0.749288,0.215609,0,0.66528,12.849,1,0.553783,0.36288,0,43.1404,3.92217,39.0273,0.84672,12.849,0.84672,3695.15,0,18.483,0.196673,0.608429,1.58343,5.95541,0.924139,7.02645,0.42336,0,0,18.483,0.42336,442.007,0,0.497163,0,0,1.10559,0.608429,1.028160,1,0,46.0538,0,0,0,46.0538,0
54.9524,2.05079,0,0,3.97957,0.305623,0.36288,3.6288,61.308,0.0969703,0,0,2.08714,0.187762,1.48482,0.66528,12.849,1,0.490772,0.36288,0,98.8694,3.28317,95.4584,0.84672,12.849,0.84672,3695.15,0,18.483,0.0293866,1.97761,1.58374,11.6861,0.957985,14.2601,0.42336,0,0,18.483,0.42336,442.007,0,1.02816,0,0,3.00577,1.97761,1.028160,1,0,111.203,0,0,0,111.203,0
57.0199,2.06032,0,0,4.80543,0.314728,0.36288,3.6288,61.308,0.0972613,0,0,2.08761,0.177042,1.81331,0.66528,12.849,1,0.481744,0.36288,0,106.212,3.02757,103.066,0.84672,12.849,0.84672,3695.15,0,18.483,0.0293221,2.0031,1.36827,10.947,0.971524,13.3175,0.42336,0,0,18.483,0.42336,442.007,0,1.02816,0,0,3.03126,2.0031,1.028160,1,0,118.197,0,0,0,118.197,0
60.0972,2.07498,0,0,5.83271,0.317594,0.36288,3.6288,61.308,0.0974354,0,0,3.45747,0.18293,3.1771,0.66528,12.849,1,0.46758,0.36288,0,137.608,3.19601,134.307,0.84672,12.849,0.84672,3695.15,0,18.483,0.0293746,2.6837,1.36854,18.0627,0.9956,21.09,0.42336,0,0,18.483,0.42336,442.007,0,1.02816,0,0,3.71186,2.6837,1.028160,1,0,158.574,0,0,0,158.574,0
62.2513,2.09511,0,0,4.91664,0.304514,0.36288,3.6288,61.308,0.0976096,0,0,2.17178,0.218256,1.85592,0.66528,12.849,1,0.447943,0.36288,0,75.6181,4.20661,71.3265,0.84672,12.849,0.84672,3695.15,0,18.483,0.0294271,1.84492,1.36881,11.7976,1.14006,13.8418,0.42336,0,0,18.483,0.42336,442.007,0,1.02816,0,0,2.87308,1.84492,1.028160,1,0,87.0242,0,0,0,87.0242,0
63.5626,2.10838,0,0,4.08781,0.305324,0.36288,3.6288,61.308,0.0977838,0,0,1.73718,0.203846,1.43555,0.66528,12.849,1,0.43518,0.36288,0,104.073,3.97543,100.025,0.84672,12.849,0.84672,3695.15,0,18.483,0.0294796,1.71922,1.36907,9.48577,1.11297,11.4316,0.42336,0,0,18.483,0.42336,442.007,0,1.02816,0,0,2.74738,1.71922,1.028160,1,0,112.893,0,0,0,112.893,0
66.3725,2.19358,0,0,5.66298,0.296603,0.36288,3.6288,61.308,0.133671,0,0,3.39485,0.167819,3.09336,0.66528,12.849,1,0.443427,0.36288,0,146.33,3.39749,142.852,0.84672,12.849,0.84672,3695.15,0,18.483,0.0402988,3.07225,1.36934,14.2401,1.04524,17.5962,0.42336,0,0,18.483,0.42336,442.007,0,1.02816,0,0,4.10041,3.07225,1.028160,1,0,163.541,0,0,0,163.541,0
67.4721,2.20975,0,0,3.97566,0.303376,0.36288,3.6288,61.308,0.133852,0,0,2.00314,0.167819,1.70147,0.66528,12.849,1,0.427783,0.36288,0,109.894,3.39749,106.432,0.84672,12.849,0.84672,3695.15,0,18.483,0.0403534,1.82822,1.42294,11.4287,1.04524,13.5943,0.42336,0,0,18.483,0.42336,442.007,0,1.02816,0,0,2.85638,1.82822,1.028160,1,0,121.727,0,0,0,121.727,0
68.1277,2.21604,0,0,3.5233,0.288823,0.36288,3.6288,61.308,0.134033,0,0,1.60048,0.177334,1.28911,0.66528,12.849,1,0.422009,0.36288,0,111.465,3.51382,107.892,0.84672,12.849,0.84672,3695.15,0,18.483,0.0404081,1.49399,1.42322,11.212,1.06814,13.0206,0.42336,0,0,18.483,0.42336,442.007,0,1.02816,0,0,2.52215,1.49399,1.028160,1,0,122.201,0,0,0,122.201,0
68.5912,2.21989,0,0,3.29333,0.247084,0.36288,3.6288,61.308,0.134215,0,0,1.91509,0.201123,1.57975,0.66528,12.849,1,0.418675,0.36288,0,84.5441,3.80468,80.6837,0.84672,12.849,0.84672,3695.15,0,18.483,0.0404627,1.75643,1.4235,11.3139,1.12539,13.328,0.42336,0,0,18.483,0.42336,442.007,0,1.02816,0,0,2.78459,1.75643,1.028160,1,0,95.5914,0,0,0,95.5914,0
69.2227,2.19207,0,0,3.37535,0.188922,0.36288,3.6288,61.308,0.120515,0,0,1.55377,0.205745,1.22751,0.66528,12.849,1,0.410635,0.36288,0,90.9567,3.43833,87.4706,0.84672,12.849,0.84672,3695.15,0,18.483,0.0363325,1.3002,1.42378,7.50427,1.07061,9.1213,0.42336,0,0,18.483,0.42336,442.007,0,1.02816,0,0,2.32836,1.3002,1.028160,1,0,97.8195,0,0,0,97.8195,0
69.5195,2.19566,0,0,3.04525,0.189853,0.36288,3.6288,61.308,0.120693,0,0,1.40599,0.205745,1.07955,0.66528,12.849,1,0.407556,0.36288,0,84.0257,3.43833,80.5427,0.84672,12.849,0.84672,3695.15,0,18.483,0.0363864,0.947601,1.40328,7.08324,1.07061,8.32713,0.42336,0,0,18.483,0.42336,442.007,0,1.02816,0,0,1.97576,0.947601,1.028160,1,0,89.9494,0,0,0,89.9494,0
70.3506,2.19756,0,0,3.56987,0.178382,0.36288,3.6288,61.308,0.120872,0,0,1.31481,0.211679,0.982258,0.66528,12.849,1,0.406166,0.36288,0,91.1606,3.90618,87.2112,0.84672,12.849,0.84672,3695.15,0,18.483,0.0364402,0.943393,1.40356,9.41129,1.08906,10.6327,0.42336,0,0,18.483,0.42336,442.007,0,1.02816,0,0,1.97155,0.943393,1.028160,1,0,98.8262,0,0,0,98.8262,0
70.5064,2.20205,0,0,2.85907,0.138319,0.36288,3.6288,61.308,0.121051,0,0,1.27857,0.230024,0.927498,0.66528,12.849,1,0.402188,0.36288,0,69.1381,5.13548,63.9634,0.84672,12.849,0.84672,3695.15,0,18.483,0.0364941,0.947644,1.40383,7.23185,1.16052,8.38631,0.42336,0,0,18.483,0.42336,442.007,0,1.02816,0,0,1.9758,0.947644,1.028160,1,0,73.2772,0,0,0,73.2772,0
70.3052,2.30775,0,0,2.572,0.102585,0.36288,3.6288,61.308,0.170495,0,0,1.12234,0.248516,0.703325,0.66528,12.849,1,0.420562,0.36288,0,54.8437,5.04985,49.7362,0.84672,12.849,0.84672,3695.15,0,18.483,0.0514005,0.632941,1.40411,6.55698,1.19221,7.35042,0.42336,0,0,18.483,0.42336,442.007,0,1.02816,0,0,1.6611,0.632941,1.028160,1,0,57.7899,0,0,0,57.7899,0
69.9465,2.30719,0,0,2.43755,0.126147,0.36288,3.6288,61.308,0.170684,0,0,1.03582,0.246595,0.618536,0.66528,12.849,1,0.421662,0.36288,0,53.7935,4.71713,49.0176,0.84672,12.849,0.84672,3695.15,0,18.483,0.0514573,0.587071,1.47708,6.23739,1.10189,7.14819,0.42336,0,0,18.483,0.42336,442.007,0,1.02816,0,0,1.61523,0.587071,1.028160,1,0,56.7843,0,0,0,56.7843,0
69.5071,2.30581,0,0,2.35513,0.125799,0.36288,3.6288,61.308,0.170872,0,0,1.05659,0.246595,0.639118,0.66528,12.849,1,0.423572,0.36288,0,51.2882,4.71713,46.5104,0.84672,12.849,0.84672,3695.15,0,18.483,0.0515142,0.763033,1.47737,5.96621,1.10189,7.05322,0.42336,0,0,18.483,0.42336,442.007,0,1.02816,0,0,1.79119,0.763033,1.028160,1,0,54.2028,0,0,0,54.2028,0
68.8525,2.304,0,0,2.16165,0.149438,0.36288,3.6288,61.308,0.171061,0,0,0.990429,0.240011,0.579357,0.66528,12.849,1,0.425915,0.36288,0,48.224,4.29405,43.8669,0.84672,12.849,0.84672,3695.15,0,18.483,0.051571,0.683035,1.47766,5.44087,1.11821,6.43178,0.42336,0,0,18.483,0.42336,442.007,0,1.02816,0,0,1.7112,0.683035,1.028160,1,0,50.878,0,0,0,50.878,0
68.0232,2.30104,0,0,1.94681,0.112148,0.36288,3.6288,61.308,0.171249,0,0,0.86738,0.26256,0.43357,0.66528,12.849,1,0.429413,0.36288,0,41.1164,4.57241,36.4774,0.84672,12.849,0.84672,3695.15,0,18.483,0.0516279,0.539974,1.47795,4.81974,1.19631,5.58973,0.42336,0,0,18.483,0.42336,442.007,0,1.02816,0,0,1.56813,0.539974,1.028160,1,0,42.5007,0,0,0,42.5007,0
66.8997,2.27652,0,0,1.62572,0.109772,0.36288,3.6288,61.1378,0.435553,0,0,0.547306,0.281934,0,0.66528,12.849,1,0.430015,0.36288,0,30.4633,5.35479,25.0413,0.84672,12.849,0.84672,3695.15,0,18.483,0.13131,0.30119,1.47824,3.55743,1.27526,3.93029,0.42336,0,0,18.483,0.42336,442.007,0,0.719695,0,0,1.02089,0.30119,1.028160,1,0,28.9716,0,0,0,28.9716,0
65.66,2.27091,0,0,1.50289,0.108805,0.36288,3.6288,60.9672,0.418091,0,0,0.529122,0.28163,0,0.66528,12.849,1,0.436158,0.36288,0,30.2792,5.35479,24.8512,0.84672,12.849,0.84672,3695.15,0,18.483,0.126396,0.261274,1.5012,3.60722,1.27526,3.96803,0.42336,0,0,18.483,0.42336,442.007,0,0.742323,0,0,1.0036,0.261274,1.028160,1,0,28.8192,0,0,0,28.8192,0
64.2893,2.26446,0,0,1.36438,0.107738,0.36288,3.6288,60.6922,0.493556,0,0,0.499858,0.281326,0,0.66528,12.849,1,0.443132,0.36288,0,29.3794,5.35479,23.9443,0.84672,12.849,0.84672,3695.15,0,18.483,0.149628,0.261274,1.50149,3.39075,1.27526,3.72863,0.42336,0,0,18.483,0.42336,442.007,0,0.643879,0,0,0.905152,0.261274,1.028160,1,0,27.673,0,0,0,27.673,0
62.8211,2.25703,0,0,1.24929,0.097615,0.36288,3.6288,60.3435,0.521696,0,0,0.475738,0.302689,0,0.66528,12.849,1,0.451095,0.36288,0,25.9089,5.63709,20.1835,0.84672,12.849,0.84672,3695.15,0,18.483,0.158876,0.261274,1.50179,3.29291,1.3783,3.51879,0.42336,0,0,18.483,0.42336,442.007,0,0.606744,0,0,0.868018,0.261274,1.028160,1,0,23.7023,0,0,0,23.7023,0
61.225,2.3012,0,0,1.1572,0.0891871,0.36288,3.6288,59.875,0.570591,0,0,0.436444,0.334373,0,0.66528,12.849,1,0.470672,0.36288,0,21.3884,6.12081,15.1598,0.84672,12.849,0.84672,3695.15,0,18.483,0.17477,0.261274,1.50208,2.81153,1.52143,2.87869,0.42336,0,0,18.483,0.42336,442.007,0,0.57367,0,0,0.834944,0.261274,1.028160,1,0,18.0385,0,0,0,18.0385,0
59.6263,2.29151,0,0,1.14615,0.0904616,0.36288,3.6288,59.4334,0.509005,0,0,0.397058,0.329695,0,0.66528,12.849,1,0.480908,0.36288,0,27.3047,6.0838,21.1029,0.84672,12.849,0.84672,3695.15,0,18.483,0.157126,0.261274,1.53853,2.99598,1.50235,3.13631,0.42336,0,0,18.483,0.42336,442.007,0,0.653158,0,0,0.914432,0.261274,1.028160,1,0,24.2392,0,0,0,24.2392,0
57.9661,2.28135,0,0,1.07319,0.0891908,0.36288,3.6288,58.9785,0.495408,0,0,0.369249,0.328766,0,0.66528,12.849,1,0.491612,0.36288,0,21.923,6.0838,15.7105,0.84672,12.849,0.84672,3695.15,0,18.483,0.154065,0.227405,1.53883,2.70063,1.50235,2.81046,0.42336,0,0,18.483,0.42336,442.007,0,0.670075,0,0,0.89748,0.227405,1.028160,1,0,18.521,0,0,0,18.521,0
56.2223,2.27027,0,0,0.977115,0.0877696,0.36288,3.6288,58.4014,0.599856,0,0,0.350555,0.327809,0,0.66528,12.849,1,0.503237,0.36288,0,19.9801,6.0838,13.7559,0.84672,12.849,0.84672,3695.15,0,18.483,0.187986,0.227405,1.53914,2.51909,1.50235,2.59529,0.42336,0,0,18.483,0.42336,442.007,0,0.531965,0,0,0.75937,0.227405,1.028160,1,0,16.3512,0,0,0,16.3512,0
54.4728,2.40881,0,0,1.10758,0.085367,0.36288,3.6288,57.8665,0.584197,0,0,0.376993,0.327694,0,0.66528,12.849,1,0.550507,0.36288,0,19.6761,6.05367,13.4348,0.84672,12.849,0.84672,3695.15,0,18.483,0.184888,0.227405,1.53944,3.11077,1.5402,3.15252,0.42336,0,0,18.483,0.42336,442.007,0,0.664633,0,0,0.892038,0.227405,1.028160,1,0,16.5874,0,0,0,16.5874,0
52.8255,2.39497,0,0,1.21287,0.102327,0.36288,3.6288,57.1389,0.756091,0,0,0.344689,0.316201,0,0.66528,12.849,1,0.564924,0.36288,0,20.9208,5.66454,15.0542,0.84672,12.849,0.84672,3695.15,0,18.483,0.241501,0.227405,1.66227,2.24309,1.52096,2.3703,0.42336,0,0,18.483,0.42336,442.007,0,0.436407,0,0,0.663812,0.227405,1.028160,1,0,17.4245,0,0,0,17.4245,0
50.9424,2.38127,0,0,0.961667,0.100625,0.36288,3.6288,56.2214,0.861479,0,0,0.258718,0.314715,0,0.66528,12.849,1,0.579208,0.36288,0,22.9719,5.66454,17.091,0.84672,12.849,0.84672,3695.15,0,18.483,0.278667,0.204422,1.66259,1.80103,1.52096,1.86842,0.42336,0,0,18.483,0.42336,442.007,0,0.294136,0,0,0.498558,0.204422,1.028160,1,0,18.9594,0,0,0,18.9594,0
49.2851,2.36464,0,0,1.16887,0.098679,0.36288,3.6288,55.7131,0.611401,0,0,0.415942,0.31284,0,0.66528,12.849,1,0.596423,0.36288,0,20.0242,5.66454,14.1262,0.84672,12.849,0.84672,3695.15,0,18.483,0.201001,0.204422,1.66292,2.59505,1.52096,2.74043,0.42336,0,0,18.483,0.42336,442.007,0,0.622161,0,0,0.826584,0.204422,1.028160,1,0,16.8666,0,0,0,16.8666,0
47.3549,2.34919,0,0,0.883626,0.101729,0.36288,3.6288,54.9356,0.782965,0,0,0.291787,0.286264,0,0.66528,12.849,1,0.612452,0.36288,0,17.6991,4.98276,12.4668,0.84672,12.849,0.84672,3695.15,0,18.483,0.259751,0.204422,1.66325,2.39082,1.27642,2.72231,0.42336,0,0,18.483,0.42336,442.007,0,0.392128,0,0,0.596551,0.204422,1.028160,1,0,15.1891,0,0,0,15.1891,0
45.7197,2.25892,0,0,1.09296,0.106375,0.36288,3.6288,54.4832,0.61702,0,0,0.435908,0.271322,0,0.66528,12.849,1,0.612922,0.36288,0,17.6129,4.77383,12.589,0.84672,12.849,0.84672,3695.15,0,18.483,0.207595,0.204422,1.66357,1.944,1.32025,2.28415,0.42336,0,0,18.483,0.42336,442.007,0,0.54146,0,0,0.745883,0.204422,1.028160,1,0,14.8732,0,0,0,14.8732,0
43.9506,2.24225,0,0,0.940464,0.104463,0.36288,3.6288,53.8277,0.720287,0,0,0.335321,0.270513,0,0.66528,12.849,1,0.630158,0.36288,0,20.5645,4.77383,15.5234,0.84672,12.849,0.84672,3695.15,0,18.483,0.244352,0.216518,1.59361,1.62421,1.32025,1.86974,0.42336,0,0,18.483,0.42336,442.007,0,0.401706,0,0,0.618224,0.216518,1.028160,1,0,17.3931,0,0,0,17.3931,0
42.0963,2.22306,0,0,0.834011,0.102395,0.36288,3.6288,53.1624,0.724239,0,0,0.328268,0.269341,0,0.66528,12.849,1,0.649913,0.36288,0,21.1414,4.77383,16.0805,0.84672,12.849,0.84672,3695.15,0,18.483,0.248684,0.216518,1.59393,1.61874,1.32025,1.86025,0.42336,0,0,18.483,0.42336,442.007,0,0.393689,0,0,0.610207,0.216518,1.028160,1,0,17.9408,0,0,0,17.9408,0
40.1608,2.20155,0,0,0.839117,0.210099,0.36288,3.6288,52.5723,0.720245,0,0,0.312892,0.182706,0,0.66528,12.849,1,0.671978,0.36288,0,24.7089,4.51984,19.88,0.84672,12.849,0.84672,3695.15,0,18.483,0.250408,0.216518,1.59424,1.72564,1.07061,2.21538,0.42336,0,0,18.483,0.42336,442.007,0,0.396227,0,0,0.612745,0.216518,1.028160,1,0,22.0954,0,0,0,22.0954,0
38.5947,2.1212,0,0,1.13959,0.221642,0.36288,3.6288,52.0061,0.65552,0,0,0.28148,0.19219,0,0.66528,12.849,1,0.678653,0.36288,0,24.8378,4.26447,20.2576,0.84672,12.849,0.84672,3695.15,0,18.483,0.230463,0.216518,1.59455,2.33271,0.989992,2.92332,0.42336,0,0,18.483,0.42336,442.007,0,0.418264,0,0,0.634783,0.216518,1.028160,1,0,23.1809,0,0,0,23.1809,0
37.777,2.10095,0,0,1.86634,0.220252,0.36288,3.6288,51.9074,0.409878,0,0,0.509014,0.197834,0,0.66528,12.849,1,0.699451,0.36288,0,28.9542,4.01478,24.6028,0.84672,12.849,0.84672,3695.15,0,18.483,0.145671,0.216518,1.53235,2.9204,0.948864,3.57473,0.42336,0,0,18.483,0.42336,442.007,0,0.748954,0,0,0.965472,0.216518,1.028160,1,0,28.1776,0,0,0,28.1776,0
36.6221,2.09006,0,0,1.51625,0.218158,0.36288,3.6288,52.1275,0.20397,0,0,0.621703,0.197677,0,0.66528,12.849,1,0.710889,0.36288,0,26.1833,4.01478,21.8205,0.84672,12.849,0.84672,3695.15,0,18.483,0.0726288,0.504999,1.53265,2.65443,0.948864,3.67059,0.42336,0,0,18.483,0.42336,442.007,0,1.02816,0,0,1.53316,0.504999,1.028160,1,0,25.4911,0,0,0,25.4911,0
35.3231,2.07387,0,0,1.37548,0.23772,0.36288,3.6288,51.9644,0.416024,0,0,0.460735,0.207753,0,0.66528,12.849,1,0.727626,0.36288,0,25.6829,4.18875,21.1294,0.84672,12.849,0.84672,3695.15,0,18.483,0.147511,0.292723,1.53295,3.12794,0.989479,3.81663,0.42336,0,0,18.483,0.42336,442.007,0,0.74148,0,0,1.0342,0.292723,1.028160,1,0,24.946,0,0,0,24.946,0
35.5041,1.89992,0,0,2.69601,0.252215,0.36288,3.6288,52.0744,0.215655,0,0,0.542455,0.216851,0,0.66528,12.849,1,0.691107,0.36288,0,63.6131,4.40671,58.8782,0.84672,12.849,0.84672,3695.15,0,18.483,0.0767055,0.292723,1.53326,5.09191,1.05598,5.7852,0.42336,0,0,18.483,0.42336,442.007,0,0.8818,0,0,1.17452,0.292723,1.028160,1,0,64.6634,0,0,0,64.6634,0
35.5684,1.90288,0,0,2.56761,0.237544,0.36288,3.6288,52.4738,0.107925,0,0,0.719607,0.212268,0,0.66528,12.849,1,0.688655,0.36288,0,93.3101,4.38806,88.5963,0.84672,12.849,0.84672,3695.15,0,18.483,0.0383063,0.573316,1.39271,6.78563,1.07243,7.64092,0.42336,0,0,18.483,0.42336,442.007,0,1.02816,0,0,1.60148,0.573316,1.028160,1,0,96.2372,0,0,0,96.2372,0
37.1072,1.90417,0,0,4.04355,0.237728,0.36288,3.6288,53.697,0.108311,0,0,1.54448,0.212951,0,0.66528,12.849,1,0.687875,0.36288,0,125.434,4.38806,120.721,0.84672,12.849,0.84672,3695.15,0,18.483,0.0381507,1.85509,1.39299,7.47754,1.07243,9.61504,0.42336,0,0,18.483,0.42336,442.007,0,1.02816,0,0,2.88325,1.85509,1.028160,1,0,130.336,0,0,0,130.336,0
38.4812,1.92573,0,0,3.89161,0.22901,0.36288,3.6288,53.9385,0.123758,0,0,0.573216,0.207991,0,0.66528,12.849,1,0.666818,0.36288,0,81.6644,4.00855,77.3519,0.84672,12.849,0.84672,3695.15,0,18.483,0.0425987,0.412474,1.39326,5.072,1.00953,5.8256,0.42336,0,0,18.483,0.42336,442.007,0,1.0085,0,0,1.42097,0.412474,1.028160,1,0,83.1775,0,0,0,83.1775,0
39.9073,1.94396,0,0,3.96037,0.227396,0.36288,3.6288,54.8167,0.109426,0,0,1.19315,0.205535,0,0.66528,12.849,1,0.649096,0.36288,0,69.1207,3.85676,64.9777,0.84672,12.849,0.84672,3695.15,0,18.483,0.0374969,0.648104,1.39353,5.9515,0.984375,6.97127,0.42336,0,0,18.483,0.42336,442.007,0,1.02816,0,0,1.67626,0.648104,1.028160,1,0,71.949,0,0,0,71.949,0
41.0232,2.02335,0,0,3.73167,0.229594,0.36288,3.6288,55.8674,0.138465,0,0,1.37197,0.182818,0,0.66528,12.849,1,0.65146,0.36288,0,110.6,3.85025,106.461,0.84672,12.849,0.84672,3695.15,0,18.483,0.0466873,1.34148,1.39381,11.3886,0.961036,13.1162,0.42336,0,0,18.483,0.42336,442.007,0,1.02816,0,0,2.36964,1.34148,1.028160,1,0,119.577,0,0,0,119.577,0
43.2664,2.03723,0,0,4.87602,0.232661,0.36288,3.6288,56.9797,0.139296,0,0,1.43571,0.184084,0,0.66528,12.849,1,0.638086,0.36288,0,120.288,3.85025,116.162,0.84672,12.849,0.84672,3695.15,0,18.483,0.0460844,1.73542,1.43866,9.91293,0.961036,12.0799,0.42336,0,0,18.483,0.42336,442.007,0,1.02816,0,0,2.76358,1.73542,1.028160,1,0,128.242,0,0,0,128.242,0
44.4419,2.06312,0,0,3.8403,0.238825,0.36288,3.6288,58.0096,0.140148,0,0,1.35547,0.185425,0,0.66528,12.849,1,0.612694,0.36288,0,115.163,3.85025,111.063,0.84672,12.849,0.84672,3695.15,0,18.483,0.0454611,1.06943,1.43894,8.67482,0.961036,10.1767,0.42336,0,0,18.483,0.42336,442.007,0,1.02816,0,0,2.09759,1.06943,1.028160,1,0,121.239,0,0,0,121.239,0
44.2614,2.07609,0,0,2.50051,0.242056,0.36288,3.6288,58.6654,0.140934,0,0,0.98337,0.186666,0,0.66528,12.849,1,0.600236,0.36288,0,62.3146,3.85025,58.227,0.84672,12.849,0.84672,3695.15,0,18.483,0.0449043,0.712273,1.43921,6.86664,0.961036,8.01218,0.42336,0,0,18.483,0.42336,442.007,0,1.02816,0,0,1.74043,0.712273,1.028160,1,0,66.2392,0,0,0,66.2392,0
44.9604,2.27693,0,0,3.58477,0.245949,0.36288,3.6288,59.6272,0.250053,0,0,1.41254,0.200615,0,0.66528,12.849,1,0.660989,0.36288,0,126.927,3.93253,122.696,0.84672,12.849,0.84672,3695.15,0,18.483,0.0787813,1.1731,1.43948,11.3483,1.08714,12.7949,0.42336,0,0,18.483,0.42336,442.007,0,1.02816,0,0,2.20126,1.1731,1.028160,1,0,135.491,0,0,0,135.491,0
47.3825,2.28535,0,0,5.28491,0.214608,0.36288,3.6288,61.0415,0.251219,0,0,1.82167,0.156206,0,0.66528,12.849,1,0.653119,0.36288,0,149.704,4.21281,145.201,0.84672,12.849,0.84672,3695.15,0,18.483,0.0778717,1.99193,1.59898,13.8275,1.02836,16.3121,0.42336,0,0,18.483,0.42336,442.007,0,1.02816,0,0,3.02009,1.99193,1.028160,1,0,161.513,0,0,0,161.513,0
48.6006,2.31205,0,0,4.14693,0.253869,0.36288,3.6288,61.308,0.2528,0,0,1.56379,0.209966,0.834487,0.66528,12.849,1,0.626974,0.36288,0,117.266,4.5954,112.406,0.84672,12.849,0.84672,3695.15,0,18.483,0.0765463,1.5385,1.59928,11.575,1.1619,13.4743,0.42336,0,0,18.483,0.42336,442.007,0,1.02816,0,0,2.56666,1.5385,1.028160,1,0,126.715,0,0,0,126.715,0
50.217,2.32492,0,0,4.56709,0.262907,0.36288,3.6288,61.308,0.253252,0,0,1.91647,0.21906,1.44416,0.66528,12.849,1,0.614661,0.36288,0,123.503,4.65917,118.592,0.84672,12.849,0.84672,3695.15,0,18.483,0.0763499,2.04126,1.59958,13.0629,1.18416,15.4432,0.42336,0,0,18.483,0.42336,442.007,0,1.02816,0,0,3.06942,2.04126,1.028160,1,0,135.479,0,0,0,135.479,0
52.1264,2.04436,0,0,4.58155,0.264895,0.36288,3.6288,61.308,0.106124,0,0,1.5324,0.227672,1.1986,0.66528,12.849,1,0.52309,0.36288,0,131.179,4.65922,126.36,0.84672,12.849,0.84672,3695.15,0,18.483,0.0319941,1.4215,1.59988,9.46754,1.17697,11.28,0.42336,0,0,18.483,0.42336,442.007,0,1.02816,0,0,2.44966,1.4215,1.028160,1,0,138.839,0,0,0,138.839,0
53.1361,2.06012,0,0,3.70093,0.268242,0.36288,3.6288,61.308,0.106293,0,0,0.907096,0.234132,0.566672,0.66528,12.849,1,0.507814,0.36288,0,108.352,4.65927,103.547,0.84672,12.849,0.84672,3695.15,0,18.483,0.032045,0.685523,1.38221,6.80642,1.17158,7.67053,0.42336,0,0,18.483,0.42336,442.007,0,1.02816,0,0,1.71368,0.685523,1.028160,1,0,111.785,0,0,0,111.785,0
54.2805,2.06828,0,0,3.84661,0.271043,0.36288,3.6288,61.308,0.106462,0,0,1.68318,0.234132,1.34259,0.66528,12.849,1,0.500138,0.36288,0,139.07,4.65927,134.274,0.84672,12.849,0.84672,3695.15,0,18.483,0.032096,2.33774,1.38247,13.4395,1.17158,15.956,0.42336,0,0,18.483,0.42336,442.007,0,1.02816,0,0,3.3659,2.33774,1.028160,1,0,151.572,0,0,0,151.572,0
55.3385,2.0772,0,0,3.79052,0.292447,0.36288,3.6288,61.308,0.106631,0,0,1.12594,0.178633,0.840675,0.66528,12.849,1,0.491705,0.36288,0,86.7837,4.55311,82.1018,0.84672,12.849,0.84672,3695.15,0,18.483,0.0321469,1.28368,1.38273,11.0437,1.04388,12.6341,0.42336,0,0,18.483,0.42336,442.007,0,1.02816,0,0,2.31184,1.28368,1.028160,1,0,95.5766,0,0,0,95.5766,0
58.51,2.08522,0,0,5.91033,0.290665,0.36288,3.6288,61.308,0.1068,0,0,3.50482,0.174802,3.22321,0.66528,12.849,1,0.484167,0.36288,0,103.706,4.59258,98.9921,0.84672,12.849,0.84672,3695.15,0,18.483,0.0321979,4.73354,1.38299,20.6901,1.05826,25.7162,0.42336,0,0,18.483,0.42336,442.007,0,1.02816,0,0,5.7617,4.73354,1.028160,1,0,127.931,0,0,0,127.931,0
63.7438,2.18413,0,0,8.05239,0.271587,0.36288,3.6288,61.308,0.143044,0,0,2.66793,0.198211,2.32667,0.66528,12.849,1,0.479642,0.36288,0,278.029,4.7868,273.126,0.84672,12.849,0.84672,3695.15,0,18.483,0.0431247,3.39365,1.38325,16.5154,1.09566,20.1535,0.42336,0,0,18.483,0.42336,442.007,0,1.02816,0,0,4.42181,3.39365,1.028160,1,0,295.606,0,0,0,295.606,0
66.4411,2.21732,0,0,5.56214,0.284615,0.36288,3.6288,61.308,0.14322,0,0,1.65993,0.205943,1.31076,0.66528,12.849,1,0.446951,0.36288,0,176.875,4.77971,172.011,0.84672,12.849,0.84672,3695.15,0,18.483,0.0431778,2.17569,1.43738,12.1268,1.08751,14.6092,0.42336,0,0,18.483,0.42336,442.007,0,1.02816,0,0,3.20385,2.17569,1.028160,1,0,187.931,0,0,0,187.931,0
67.7091,2.23295,0,0,4.15461,0.290844,0.36288,3.6288,61.308,0.143396,0,0,1.27894,0.205943,0.929605,0.66528,12.849,1,0.431828,0.36288,0,118.06,4.77971,113.211,0.84672,12.849,0.84672,3695.15,0,18.483,0.0432308,1.64341,1.43765,9.47281,1.08751,11.4231,0.42336,0,0,18.483,0.42336,442.007,0,1.02816,0,0,2.67157,1.64341,1.028160,1,0,125.564,0,0,0,125.564,0
68.4035,2.24017,0,0,3.59128,0.293772,0.36288,3.6288,61.308,0.143572,0,0,1.16655,0.205943,0.817031,0.66528,12.849,1,0.425112,0.36288,0,102.224,4.77971,97.3822,0.84672,12.849,0.84672,3695.15,0,18.483,0.0432839,1.55653,1.43792,8.42175,1.08751,10.2854,0.42336,0,0,18.483,0.42336,442.007,0,1.02816,0,0,2.58469,1.55653,1.028160,1,0,108.485,0,0,0,108.485,0
69.2411,2.21329,0,0,3.66127,0.247481,0.36288,3.6288,61.308,0.129727,0,0,1.18592,0.205392,0.850799,0.66528,12.849,1,0.415748,0.36288,0,95.891,4.50808,91.3301,0.84672,12.849,0.84672,3695.15,0,18.483,0.0391097,1.51946,1.43819,8.55844,1.09559,10.3814,0.42336,0,0,18.483,0.42336,442.007,0,1.02816,0,0,2.54762,1.51946,1.028160,1,0,102.562,0,0,0,102.562,0
69.5328,2.21795,0,0,3.11359,0.241067,0.36288,3.6288,61.308,0.1299,0,0,1.05938,0.2053,0.724185,0.66528,12.849,1,0.411583,0.36288,0,77.2191,4.46282,72.7076,0.84672,12.849,0.84672,3695.15,0,18.483,0.039162,1.18605,1.41748,6.55379,1.09694,8.02121,0.42336,0,0,18.483,0.42336,442.007,0,1.02816,0,0,2.21421,1.18605,1.028160,1,0,81.453,0,0,0,81.453,0
69.4564,2.21983,0,0,2.74787,0.241613,0.36288,3.6288,61.308,0.130074,0,0,0.991302,0.2053,0.655928,0.66528,12.849,1,0.410203,0.36288,0,67.3056,4.46282,62.7955,0.84672,12.849,0.84672,3695.15,0,18.483,0.0392143,0.90917,1.41775,5.79137,1.09694,6.98214,0.42336,0,0,18.483,0.42336,442.007,0,1.02816,0,0,1.93733,0.90917,1.028160,1,0,70.4335,0,0,0,70.4335,0
69.1082,2.21987,0,0,2.47604,0.24147,0.36288,3.6288,61.308,0.130247,0,0,0.878524,0.2053,0.542977,0.66528,12.849,1,0.410662,0.36288,0,58.7531,4.46282,54.2425,0.84672,12.849,0.84672,3695.15,0,18.483,0.0392666,0.712835,1.41802,5.22985,1.09694,6.2245,0.42336,0,0,18.483,0.42336,442.007,0,1.02816,0,0,1.74099,0.712835,1.028160,1,0,61.01,0,0,0,61.01,0
68.5888,2.32378,0,0,2.37114,0.203935,0.36288,3.6288,61.308,0.180183,0,0,0.800885,0.184084,0.436618,0.66528,12.849,1,0.432051,0.36288,0,57.2893,4.06082,53.1593,0.84672,12.849,0.84672,3695.15,0,18.483,0.0543212,0.495996,1.41828,4.74435,0.985567,5.61875,0.42336,0,0,18.483,0.42336,442.007,0,1.02816,0,0,1.52416,0.495996,1.028160,1,0,59.2147,0,0,0,59.2147,0
68.0762,2.32146,0,0,2.35915,0.18732,0.36288,3.6288,61.308,0.180366,0,0,0.830088,0.190714,0.459008,0.66528,12.849,1,0.434889,0.36288,0,55.2351,4.50594,50.6571,0.84672,12.849,0.84672,3695.15,0,18.483,0.0543763,0.558524,1.49198,5.07141,1.07514,5.9924,0.42336,0,0,18.483,0.42336,442.007,0,1.02816,0,0,1.58668,0.558524,1.028160,1,0,57.1085,0,0,0,57.1085,0
67.5606,2.31915,0,0,2.261,0.0945915,0.36288,3.6288,61.308,0.180549,0,0,0.765444,0.224507,0.360388,0.66528,12.849,1,0.437726,0.36288,0,55.5784,4.95936,50.5442,0.84672,12.849,0.84672,3695.15,0,18.483,0.0544315,0.520992,1.49226,5.00526,1.16636,5.79772,0.42336,0,0,18.483,0.42336,442.007,0,1.02816,0,0,1.54915,0.520992,1.028160,1,0,56.7023,0,0,0,56.7023,0
66.8212,2.31678,0,0,2.03442,0.0942092,0.36288,3.6288,61.308,0.198092,0,0,0.620797,0.224507,0.198198,0.66528,12.849,1,0.440615,0.36288,0,49.9276,4.95936,44.8905,0.84672,12.849,0.84672,3695.15,0,18.483,0.0597203,0.30119,1.49254,4.34472,1.16636,4.91237,0.42336,0,0,18.483,0.42336,442.007,0,1.00557,0,0,1.30676,0.30119,1.028160,1,0,50.0011,0,0,0,50.0011,0
66.0217,2.31312,0,0,1.97376,0.097237,0.36288,3.6288,61.308,0.235385,0,0,0.525762,0.227708,0.0626692,0.66528,12.849,1,0.444789,0.36288,0,46.6677,5.00727,41.5785,0.84672,12.849,0.84672,3695.15,0,18.483,0.0709633,0.30119,1.49282,4.34226,1.16464,4.90066,0.42336,0,0,18.483,0.42336,442.007,0,0.957269,0,0,1.25846,0.30119,1.028160,1,0,46.5418,0,0,0,46.5418,0
65.1241,2.28837,0,0,1.87157,0.117942,0.36288,3.6288,61.308,0.208474,0,0,0.640915,0.246916,0.185525,0.66528,12.849,1,0.445357,0.36288,0,50.2788,5.29473,44.9015,0.84672,12.849,0.84672,3695.15,0,18.483,0.0628503,0.423878,1.4931,5.03426,1.15432,5.73407,0.42336,0,0,18.483,0.42336,442.007,0,1.02816,0,0,1.45204,0.423878,1.028160,1,0,50.8211,0,0,0,50.8211,0
64.234,2.28367,0,0,1.87362,0.117099,0.36288,3.6288,61.308,0.208662,0,0,0.618911,0.246916,0.163332,0.66528,12.849,1,0.450569,0.36288,0,47.4741,5.29473,42.0917,0.84672,12.849,0.84672,3695.15,0,18.483,0.0629071,0.463346,1.51628,5.3445,1.15432,6.10689,0.42336,0,0,18.483,0.42336,442.007,0,1.02816,0,0,1.49151,0.463346,1.028160,1,0,48.3619,0,0,0,48.3619,0
63.2723,2.2789,0,0,1.78731,0.107279,0.36288,3.6288,61.308,0.208851,0,0,0.604212,0.262461,0.1329,0.66528,12.849,1,0.455858,0.36288,0,44.6428,5.5119,39.0379,0.84672,12.849,0.84672,3695.15,0,18.483,0.0629638,0.472651,1.51657,5.35309,1.22782,6.05153,0.42336,0,0,18.483,0.42336,442.007,0,1.02816,0,0,1.50081,0.472651,1.028160,1,0,45.2223,0,0,0,45.2223,0
62.1155,2.27357,0,0,1.56409,0.0844492,0.36288,3.6288,61.308,0.209039,0,0,0.570873,0.297303,0.064531,0.66528,12.849,1,0.461704,0.36288,0,41.9492,6.25822,35.5921,0.84672,12.849,0.84672,3695.15,0,18.483,0.0630207,0.326644,1.51685,5.20924,1.48702,5.5027,0.42336,0,0,18.483,0.42336,442.007,0,1.02816,0,0,1.3548,0.326644,1.028160,1,0,41.1594,0,0,0,41.1594,0
60.804,2.31978,0,0,1.45386,0.0826839,0.36288,3.6288,61.308,0.233644,0,0,0.587909,0.327385,0.0268793,0.66528,12.849,1,0.479861,0.36288,0,41.5136,6.3102,35.0864,0.84672,12.849,0.84672,3695.15,0,18.483,0.0704385,0.265568,1.51714,4.58959,1.52552,4.77633,0.42336,0,0,18.483,0.42336,442.007,0,1.02816,0,0,1.29373,0.265568,1.028160,1,0,39.8896,0,0,0,39.8896,0
59.3158,2.31167,0,0,1.26763,0.0812583,0.36288,3.6288,61.1882,0.255877,0,0,0.477651,0.341562,0,0.66528,12.849,1,0.488498,0.36288,0,32.3647,6.22251,26.0165,0.84672,12.849,0.84672,3695.15,0,18.483,0.0771413,0.261274,1.55394,4.17722,1.50069,4.4146,0.42336,0,0,18.483,0.42336,442.007,0,0.999475,0,0,1.26075,0.261274,1.028160,1,0,30.4311,0,0,0,30.4311,0
57.7428,2.30203,0,0,1.17202,0.0801575,0.36288,3.6288,60.9421,0.347784,0,0,0.442953,0.341303,0,0.66528,12.849,1,0.498665,0.36288,0,31.0349,6.22251,24.6766,0.84672,12.849,0.84672,3695.15,0,18.483,0.105054,0.227405,1.55424,3.63206,1.50069,3.80795,0.42336,0,0,18.483,0.42336,442.007,0,0.879906,0,0,1.10731,0.227405,1.028160,1,0,28.4845,0,0,0,28.4845,0
56.212,2.29135,0,0,1.19804,0.0745971,0.36288,3.6288,60.8567,0.233898,0,0,0.491914,0.343356,0,0.66528,12.849,1,0.509874,0.36288,0,29.5173,6.29728,23.073,0.84672,12.849,0.84672,3695.15,0,18.483,0.0709384,0.228588,1.55453,4.4926,1.51563,4.68915,0.42336,0,0,18.483,0.42336,442.007,0,1.02816,0,0,1.25675,0.228588,1.028160,1,0,27.7621,0,0,0,27.7621,0
54.6007,2.43278,0,0,1.25792,0.0736184,0.36288,3.6288,60.6922,0.322293,0,0,0.485339,0.3276,0,0.66528,12.849,1,0.556087,0.36288,0,28.0938,6.3814,21.5192,0.84672,12.849,0.84672,3695.15,0,18.483,0.0978845,0.227405,1.55482,4.78373,1.5464,4.92167,0.42336,0,0,18.483,0.42336,442.007,0,1.02786,0,0,1.25526,0.227405,1.028160,1,0,26.4409,0,0,0,26.4409,0
52.8649,2.41995,0,0,1.1255,0.0783849,0.36288,3.6288,60.2002,0.503935,0,0,0.377063,0.365078,0,0.66528,12.849,1,0.569479,0.36288,0,25.3425,6.57332,18.5626,0.84672,12.849,0.84672,3695.15,0,18.483,0.153467,0.227405,1.67887,3.06805,1.5594,3.26145,0.42336,0,0,18.483,0.42336,442.007,0,0.790906,0,0,1.01831,0.227405,1.028160,1,0,21.824,0,0,0,21.824,0
51.2182,2.40536,0,0,1.1985,0.077013,0.36288,3.6288,59.9784,0.321662,0,0,0.463806,0.363938,0,0.66528,12.849,1,0.584631,0.36288,0,32.2491,6.57332,25.454,0.84672,12.849,0.84672,3695.15,0,18.483,0.0987585,0.226904,1.67918,3.42689,1.5594,3.67481,0.42336,0,0,18.483,0.42336,442.007,0,1.02816,0,0,1.25506,0.226904,1.028160,1,0,29.1288,0,0,0,29.1288,0
49.3748,2.39079,0,0,0.985997,0.0757113,0.36288,3.6288,59.3447,0.608104,0,0,0.337784,0.363424,0,0.66528,12.849,1,0.599772,0.36288,0,29.5454,6.57332,22.7352,0.84672,12.849,0.84672,3695.15,0,18.483,0.187394,0.204422,1.6795,2.80677,1.5594,2.9439,0.42336,0,0,18.483,0.42336,442.007,0,0.653357,0,0,0.857779,0.204422,1.028160,1,0,25.6791,0,0,0,25.6791,0
47.7929,2.37347,0,0,1.22872,0.0742533,0.36288,3.6288,59.2469,0.320993,0,0,0.585147,0.361956,0,0.66528,12.849,1,0.617656,0.36288,0,28.7995,6.57332,21.9714,0.84672,12.849,0.84672,3695.15,0,18.483,0.0999739,0.666922,1.67982,4.37762,1.5594,5.06498,0.42336,0,0,18.483,0.42336,442.007,0,1.02816,0,0,1.69508,0.666922,1.028160,1,0,27.0363,0,0,0,27.0363,0
47.3382,2.28586,0,0,2.19883,0.00485288,0.36288,3.6288,59.2624,0.267921,0,0,0.665513,0.382124,0,0.66528,12.849,1,0.614547,0.36288,0,65.4756,6.72788,58.4961,0.84672,12.849,0.84672,3695.15,0,18.483,0.0835823,0.95034,1.68013,6.4596,1.63755,7.36894,0.42336,0,0,18.483,0.42336,442.007,0,1.02816,0,0,1.9785,0.95034,1.028160,1,0,65.865,0,0,0,65.865,0
46.6476,2.28165,0,0,2.06628,0.11233,0.36288,3.6288,59.4517,0.268136,0,0,0.751853,0.2944,0,0.66528,12.849,1,0.619307,0.36288,0,59.3755,4.53421,54.5849,0.84672,12.849,0.84672,3695.15,0,18.483,0.0836275,1.05973,1.60946,6.43059,1.08933,7.92682,0.42336,0,0,18.483,0.42336,442.007,0,1.02816,0,0,2.08789,1.05973,1.028160,1,0,62.5117,0,0,0,62.5117,0
46.2822,2.27489,0,0,2.39602,0.123662,0.36288,3.6288,59.8591,0.268538,0,0,0.975655,0.299729,0,0.66528,12.849,1,0.626614,0.36288,0,62.3636,4.61559,57.4843,0.84672,12.849,0.84672,3695.15,0,18.483,0.0834861,1.51133,1.60977,8.86818,1.13593,10.7699,0.42336,0,0,18.483,0.42336,442.007,0,1.02816,0,0,2.53949,1.51133,1.028160,1,0,68.2541,0,0,0,68.2541,0
45.8481,2.27144,0,0,2.32341,0.123162,0.36288,3.6288,60.2606,0.269171,0,0,0.971205,0.30051,0,0.66528,12.849,1,0.630605,0.36288,0,86.0691,4.61559,81.1858,0.84672,12.849,0.84672,3695.15,0,18.483,0.0831134,1.49636,1.61007,8.89186,1.13593,10.7792,0.42336,0,0,18.483,0.42336,442.007,0,1.02816,0,0,2.52452,1.49636,1.028160,1,0,91.965,0,0,0,91.965,0
45.1573,2.20864,0,0,2.03532,0.154593,0.36288,3.6288,60.7247,0.221179,0,0,0.92696,0.241629,0,0.66528,12.849,1,0.618974,0.36288,0,95.4651,4.08075,91.1282,0.84672,12.849,0.84672,3695.15,0,18.483,0.0678396,1.26325,1.61037,6.69821,1.0513,8.4527,0.42336,0,0,18.483,0.42336,442.007,0,1.02816,0,0,2.29141,1.26325,1.028160,1,0,99.5809,0,0,0,99.5809,0
45.5182,2.20168,0,0,3.10265,0.177234,0.36288,3.6288,61.2533,0.221767,0,0,0.947756,0.197473,0,0.66528,12.849,1,0.626464,0.36288,0,79.0284,3.67962,75.0851,0.84672,12.849,0.84672,3695.15,0,18.483,0.0675,0.912488,1.54755,5.9858,0.987826,7.39051,0.42336,0,0,18.483,0.42336,442.007,0,1.02816,0,0,1.94065,0.912488,1.028160,1,0,82.4757,0,0,0,82.4757,0
45.758,2.20597,0,0,2.98662,0.177954,0.36288,3.6288,61.308,0.222405,0,0,0.740932,0.198135,0.265648,0.66528,12.849,1,0.622708,0.36288,0,75.8998,3.67962,71.9604,0.84672,12.849,0.84672,3695.15,0,18.483,0.0671102,0.789566,1.54784,8.57621,0.987826,9.85868,0.42336,0,0,18.483,0.42336,442.007,0,1.02816,0,0,1.81773,0.789566,1.028160,1,0,82.0847,0,0,0,82.0847,0
45.7963,2.20894,0,0,2.78853,0.178432,0.36288,3.6288,61.308,0.222642,0,0,1.44438,0.198204,1.02354,0.66528,12.849,1,0.620277,0.36288,0,90.4962,3.67962,86.5592,0.84672,12.849,0.84672,3695.15,0,18.483,0.0671217,1.45411,1.54813,8.09722,0.987826,10.0445,0.42336,0,0,18.483,0.42336,442.007,0,1.02816,0,0,2.48227,1.45411,1.028160,1,0,97.6273,0,0,0,97.6273,0
45.906,2.04334,0,0,2.68011,0.164162,0.36288,3.6288,61.308,0.121098,0,0,0.916756,0.20578,0.589878,0.66528,12.849,1,0.573297,0.36288,0,61.9946,3.72357,58.0606,0.84672,12.849,0.84672,3695.15,0,18.483,0.0365084,1.11507,1.54842,9.86239,1.00482,11.4846,0.42336,0,0,18.483,0.42336,442.007,0,1.02816,0,0,2.14323,1.11507,1.028160,1,0,70.135,0,0,0,70.135,0
45.4014,2.04479,0,0,2.0948,0.191756,0.36288,3.6288,61.308,0.12127,0,0,0.754393,0.20661,0.426513,0.66528,12.849,1,0.572334,0.36288,0,51.178,3.81147,47.1571,0.84672,12.849,0.84672,3695.15,0,18.483,0.0365602,0.752613,1.40648,6.72278,1.02227,7.82305,0.42336,0,0,18.483,0.42336,442.007,0,1.02816,0,0,1.78077,0.752613,1.028160,1,0,55.4066,0,0,0,55.4066,0
47.1638,2.04022,0,0,4.38143,0.215854,0.36288,3.6288,61.308,0.121442,0,0,1.7832,0.199366,1.46239,0.66528,12.849,1,0.577401,0.36288,0,104.203,3.80268,100.186,0.84672,12.849,0.84672,3695.15,0,18.483,0.036612,2.61856,1.40675,9.6412,1.01225,12.6176,0.42336,0,0,18.483,0.42336,442.007,0,1.02816,0,0,3.64672,2.61856,1.028160,1,0,114.266,0,0,0,114.266,0
53.2758,2.05757,0,0,8.75248,0.220127,0.36288,3.6288,61.308,0.121614,0,0,1.7409,0.199366,1.41992,0.66528,12.849,1,0.56055,0.36288,0,138.454,3.80268,134.454,0.84672,12.849,0.84672,3695.15,0,18.483,0.0366639,2.40383,1.40701,10.854,1.01225,13.6159,0.42336,0,0,18.483,0.42336,442.007,0,1.02816,0,0,3.43199,2.40383,1.028160,1,0,149.49,0,0,0,149.49,0
55.1097,2.10978,0,0,4.54618,0.239529,0.36288,3.6288,61.308,0.121786,0,0,1.30482,0.192326,0.99071,0.66528,12.849,1,0.508834,0.36288,0,135.95,3.87059,131.933,0.84672,12.849,0.84672,3695.15,0,18.483,0.0367157,1.77928,1.40728,9.13213,0.954472,11.3275,0.42336,0,0,18.483,0.42336,442.007,0,1.02816,0,0,2.80744,1.77928,1.028160,1,0,144.251,0,0,0,144.251,0
57.4129,2.19044,0,0,5.10394,0.247442,0.36288,3.6288,61.308,0.151441,0,0,1.97461,0.239498,1.58367,0.66528,12.849,1,0.510707,0.36288,0,155.336,4.26136,150.927,0.84672,12.849,0.84672,3695.15,0,18.483,0.0456562,1.47082,1.40754,9.68233,0.96281,11.5522,0.42336,0,0,18.483,0.42336,442.007,0,1.02816,0,0,2.49898,1.47082,1.028160,1,0,164.063,0,0,0,164.063,0
58.1873,2.20758,0,0,3.59747,0.25266,0.36288,3.6288,61.308,0.151612,0,0,1.45944,0.248925,1.05891,0.66528,12.849,1,0.494055,0.36288,0,132.823,4.31792,128.374,0.84672,12.849,0.84672,3695.15,0,18.483,0.0457076,0.757123,1.45283,7.91623,0.977039,9.10343,0.42336,0,0,18.483,0.42336,442.007,0,1.02816,0,0,1.78528,0.757123,1.028160,1,0,138.536,0,0,0,138.536,0
59.5182,2.21336,0,0,4.16177,0.254578,0.36288,3.6288,61.308,0.151782,0,0,1.69752,0.248925,1.29681,0.66528,12.849,1,0.488758,0.36288,0,104.37,4.31141,99.9331,0.84672,12.849,0.84672,3695.15,0,18.483,0.0457589,1.1037,1.45309,8.83941,0.977039,10.3734,0.42336,0,0,18.483,0.42336,442.007,0,1.02816,0,0,2.13186,1.1037,1.028160,1,0,111.603,0,0,0,111.603,0
61.0113,2.22275,0,0,4.37536,0.296634,0.36288,3.6288,61.308,0.151953,0,0,1.57733,0.235657,1.18972,0.66528,12.849,1,0.479856,0.36288,0,127.329,4.40418,122.807,0.84672,12.849,0.84672,3695.15,0,18.483,0.0458103,0.959593,1.45335,8.76459,1.06148,10.0702,0.42336,0,0,18.483,0.42336,442.007,0,1.02816,0,0,1.98775,0.959593,1.028160,1,0,134.067,0,0,0,134.067,0
61.6973,2.45065,0,0,3.79035,0.290828,0.36288,3.6288,61.308,0.262896,0,0,1.6462,0.236458,1.14684,0.66528,12.849,1,0.516107,0.36288,0,114.018,4.3989,109.466,0.84672,12.849,0.84672,3695.15,0,18.483,0.0792573,1.12158,1.45362,9.82057,1.12189,11.1946,0.42336,0,0,18.483,0.42336,442.007,0,1.02816,0,0,2.14974,1.12158,1.028160,1,0,121.807,0,0,0,121.807,0
62.7923,2.45584,0,0,4.17191,0.258256,0.36288,3.6288,61.308,0.263086,0,0,1.69274,0.244603,1.18505,0.66528,12.849,1,0.51145,0.36288,0,128.456,4.34238,123.965,0.84672,12.849,0.84672,3695.15,0,18.483,0.0793147,1.35482,1.61467,11.0992,1.15739,12.832,0.42336,0,0,18.483,0.42336,442.007,0,1.02816,0,0,2.38298,1.35482,1.028160,1,0,137.982,0,0,0,137.982,0
63.9931,2.46369,0,0,4.28786,0.260463,0.36288,3.6288,61.308,0.263277,0,0,1.58506,0.228929,1.09285,0.66528,12.849,1,0.504138,0.36288,0,132.347,4.21071,127.995,0.84672,12.849,0.84672,3695.15,0,18.483,0.0793721,1.2583,1.61497,10.2776,1.09386,11.9777,0.42336,0,0,18.483,0.42336,442.007,0,1.02816,0,0,2.28646,1.2583,1.028160,1,0,141.065,0,0,0,141.065,0
65.3823,2.47201,0,0,4.51437,0.290241,0.36288,3.6288,61.308,0.263468,0,0,1.53225,0.208355,1.06043,0.66528,12.849,1,0.496349,0.36288,0,127.56,3.95316,123.473,0.84672,12.849,0.84672,3695.15,0,18.483,0.0794296,1.16331,1.61526,9.92805,1.00637,11.6208,0.42336,0,0,18.483,0.42336,442.007,0,1.02816,0,0,2.19147,1.16331,1.028160,1,0,136.155,0,0,0,136.155,0
65.7614,2.16676,0,0,3.22713,0.318434,0.36288,3.6288,61.308,0.114892,0,0,1.28237,0.194478,0.973005,0.66528,12.849,1,0.425814,0.36288,0,100.749,3.85167,96.8343,0.84672,12.849,0.84672,3695.15,0,18.483,0.0346374,0.900901,1.61555,8.09311,1.08952,9.4854,0.42336,0,0,18.483,0.42336,442.007,0,1.02816,0,0,1.92906,0.900901,1.028160,1,0,107.293,0,0,0,107.293,0
65.7106,2.16921,0,0,2.79818,0.31689,0.36288,3.6288,61.308,0.115056,0,0,1.00578,0.176295,0.714431,0.66528,12.849,1,0.423837,0.36288,0,66.1228,3.30663,62.7552,0.84672,12.849,0.84672,3695.15,0,18.483,0.0346867,0.756873,1.39573,6.76002,0.959448,7.91849,0.42336,0,0,18.483,0.42336,442.007,0,1.02816,0,0,1.78503,0.756873,1.028160,1,0,71.3881,0,0,0,71.3881,0
66.1287,2.16932,0,0,3.25138,0.301054,0.36288,3.6288,61.308,0.115219,0,0,1.15862,0.183978,0.859418,0.66528,12.849,1,0.424188,0.36288,0,86.6022,3.02799,83.5129,0.84672,12.849,0.84672,3695.15,0,18.483,0.0347361,0.840119,1.39598,9.04789,0.80728,10.442,0.42336,0,0,18.483,0.42336,442.007,0,1.02816,0,0,1.86828,0.840119,1.028160,1,0,94.8143,0,0,0,94.8143,0
67.6819,2.17196,0,0,4.39014,0.302059,0.36288,3.6288,61.308,0.115383,0,0,2.2858,0.183978,1.98644,0.66528,12.849,1,0.422019,0.36288,0,134.486,3.02799,131.399,0.84672,12.849,0.84672,3695.15,0,18.483,0.0347855,1.86019,1.39624,16.5223,0.80728,18.9366,0.42336,0,0,18.483,0.42336,442.007,0,1.02816,0,0,2.88835,1.86019,1.028160,1,0,152.322,0,0,0,152.322,0
68.6342,2.1805,0,0,3.80145,0.305794,0.36288,3.6288,61.308,0.115547,0,0,1.29821,0.183978,0.998687,0.66528,12.849,1,0.413954,0.36288,0,113.9,3.02799,110.821,0.84672,12.849,0.84672,3695.15,0,18.483,0.0348349,1.00622,1.39649,10.0439,0.80728,11.6045,0.42336,0,0,18.483,0.42336,442.007,0,1.02816,0,0,2.03438,1.00622,1.028160,1,0,123.424,0,0,0,123.424,0
69.6572,2.26559,0,0,3.94012,0.288647,0.36288,3.6288,61.308,0.152138,0,0,1.10528,0.154097,0.799046,0.66528,12.849,1,0.424141,0.36288,0,112.402,4.01604,108.325,0.84672,12.849,0.84672,3695.15,0,18.483,0.0458661,1.14061,1.39674,9.80588,1.01904,11.2783,0.42336,0,0,18.483,0.42336,442.007,0,1.02816,0,0,2.16877,1.14061,1.028160,1,0,120.402,0,0,0,120.402,0
70.6999,2.27126,0,0,3.96777,0.290951,0.36288,3.6288,61.308,0.152308,0,0,1.22379,0.154097,0.917382,0.66528,12.849,1,0.418958,0.36288,0,113.01,4.01604,108.938,0.84672,12.849,0.84672,3695.15,0,18.483,0.0459175,1.54644,1.45139,10.5452,1.01904,12.4781,0.42336,0,0,18.483,0.42336,442.007,0,1.02816,0,0,2.5746,1.54644,1.028160,1,0,122.334,0,0,0,122.334,0
70.6938,2.2769,0,0,2.92699,0.2933,0.36288,3.6288,61.308,0.152479,0,0,0.908055,0.154097,0.60148,0.66528,12.849,1,0.413804,0.36288,0,81.1443,4.01604,77.0773,0.84672,12.849,0.84672,3695.15,0,18.483,0.0459689,0.658843,1.45165,7.47144,1.01904,8.51692,0.42336,0,0,18.483,0.42336,442.007,0,1.02816,0,0,1.687,0.658843,1.028160,1,0,86.1957,0,0,0,86.1957,0
70.3782,2.27728,0,0,2.58602,0.261499,0.36288,3.6288,61.308,0.174868,0,0,0.759033,0.167554,0.41661,0.66528,12.849,1,0.413909,0.36288,0,71.1357,4.12824,66.9564,0.84672,12.849,0.84672,3695.15,0,18.483,0.052719,0.528595,1.45192,6.4571,1.03316,7.35174,0.42336,0,0,18.483,0.42336,442.007,0,0.999242,0,0,1.52784,0.528595,1.028160,1,0,74.7248,0,0,0,74.7248,0
70.0219,2.24476,0,0,2.48906,0.237708,0.36288,3.6288,61.308,0.138662,0,0,0.909654,0.176414,0.594578,0.66528,12.849,1,0.409827,0.36288,0,62.1337,3.67254,58.4142,0.84672,12.849,0.84672,3695.15,0,18.483,0.0418034,0.661228,1.45218,6.32604,1.03461,7.36303,0.42336,0,0,18.483,0.42336,442.007,0,1.02816,0,0,1.68939,0.661228,1.028160,1,0,66.3718,0,0,0,66.3718,0
69.3509,2.2434,0,0,2.14926,0.213909,0.36288,3.6288,61.308,0.13883,0,0,0.8849,0.179929,0.566141,0.66528,12.849,1,0.411663,0.36288,0,50.0931,3.39213,46.6522,0.84672,12.849,0.84672,3695.15,0,18.483,0.0418541,0.589948,1.43125,6.71273,1.03937,7.65271,0.42336,0,0,18.483,0.42336,442.007,0,1.02816,0,0,1.61811,0.589948,1.028160,1,0,54.871,0,0,0,54.871,0
68.549,2.24044,0,0,2.01416,0.212801,0.36288,3.6288,61.308,0.138998,0,0,0.875483,0.179929,0.556556,0.66528,12.849,1,0.415098,0.36288,0,47.4612,3.39213,44.0168,0.84672,12.849,0.84672,3695.15,0,18.483,0.0419048,0.552269,1.43151,6.38789,1.03937,7.2904,0.42336,0,0,18.483,0.42336,442.007,0,1.02816,0,0,1.58043,0.552269,1.028160,1,0,51.8638,0,0,0,51.8638,0
68.9219,2.23676,0,0,3.17663,0.204081,0.36288,3.6288,61.308,0.139166,0,0,1.11885,0.181714,0.797965,0.66528,12.849,1,0.419264,0.36288,0,62.2757,3.44631,58.773,0.84672,12.849,0.84672,3695.15,0,18.483,0.0419554,0.925413,1.43177,6.32728,1.02934,7.61317,0.42336,0,0,18.483,0.42336,442.007,0,1.02816,0,0,1.95357,0.925413,1.028160,1,0,67.1842,0,0,0,67.1842,0
68.0427,2.34529,0,0,1.98444,0.15542,0.36288,3.6288,61.308,0.189579,0,0,0.8673,0.187108,0.490614,0.66528,12.849,1,0.437229,0.36288,0,48.1543,3.57915,44.5008,0.84672,12.849,0.84672,3695.15,0,18.483,0.0571537,0.537996,1.43203,5.48455,0.971372,6.42605,0.42336,0,0,18.483,0.42336,442.007,0,1.02816,0,0,1.56616,0.537996,1.028160,1,0,51.4174,0,0,0,51.4174,0
67.1547,2.34096,0,0,1.95833,0.142547,0.36288,3.6288,61.308,0.189756,0,0,0.78548,0.173818,0.421906,0.66528,12.849,1,0.442061,0.36288,0,46.9103,3.09855,43.7325,0.84672,12.849,0.84672,3695.15,0,18.483,0.0572071,0.465834,1.50643,5.22855,0.976903,6.1667,0.42336,0,0,18.483,0.42336,442.007,0,1.02816,0,0,1.49399,0.465834,1.028160,1,0,50.3211,0,0,0,50.3211,0
66.1956,2.33648,0,0,1.88184,0.141555,0.36288,3.6288,61.308,0.189933,0,0,0.800176,0.173818,0.436425,0.66528,12.849,1,0.447049,0.36288,0,44.2232,3.09855,41.0405,0.84672,12.849,0.84672,3695.15,0,18.483,0.0572606,0.39147,1.5067,5.21357,0.976903,6.07758,0.42336,0,0,18.483,0.42336,442.007,0,1.02816,0,0,1.41963,0.39147,1.028160,1,0,47.5545,0,0,0,47.5545,0
65.124,2.33148,0,0,1.76329,0.140483,0.36288,3.6288,61.308,0.195036,0,0,0.744699,0.173818,0.375845,0.66528,12.849,1,0.452555,0.36288,0,41.4287,3.09855,38.2405,0.84672,12.849,0.84672,3695.15,0,18.483,0.0587991,0.30119,1.50697,4.83386,0.976903,5.60631,0.42336,0,0,18.483,0.42336,442.007,0,1.02175,0,0,1.32294,0.30119,1.028160,1,0,44.2226,0,0,0,44.2226,0
64.019,2.32568,0,0,1.66641,0.0829086,0.36288,3.6288,61.308,0.190288,0,0,0.709301,0.224331,0.294682,0.66528,12.849,1,0.458857,0.36288,0,39.0776,4.26702,34.7146,0.84672,12.849,0.84672,3695.15,0,18.483,0.0573675,0.336951,1.50724,4.63044,1.14279,5.27448,0.42336,0,0,18.483,0.42336,442.007,0,1.02816,0,0,1.36511,0.336951,1.028160,1,0,40.2838,0,0,0,40.2838,0
62.8776,2.29873,0,0,1.61647,0.0962778,0.36288,3.6288,61.308,0.332794,0,0,0.573177,0.196479,0.0439039,0.66528,12.849,1,0.461369,0.36288,0,31.6945,3.80226,27.7937,0.84672,12.849,0.84672,3695.15,0,18.483,0.10033,0.30119,1.50752,3.40093,0.965791,4.14352,0.42336,0,0,18.483,0.42336,442.007,0,0.878895,0,0,1.18009,0.30119,1.028160,1,0,31.9811,0,0,0,31.9811,0
61.584,2.29219,0,0,1.45686,0.0953881,0.36288,3.6288,61.2275,0.417751,0,0,0.533756,0.196479,0,0.66528,12.849,1,0.468407,0.36288,0,29.3762,3.80226,25.4684,0.84672,12.849,0.84672,3695.15,0,18.483,0.125943,0.261274,1.53091,3.23813,0.965791,3.93858,0.42336,0,0,18.483,0.42336,442.007,0,0.768563,0,0,1.02984,0.261274,1.028160,1,0,29.407,0,0,0,29.407,0
60.2572,2.28446,0,0,1.39311,0.0725143,0.36288,3.6288,61.0531,0.427821,0,0,0.50461,0.251196,0,0.66528,12.849,1,0.476634,0.36288,0,26.4843,4.50801,21.8625,0.84672,12.849,0.84672,3695.15,0,18.483,0.129148,0.261274,1.53118,3.07655,1.2234,3.51646,0.42336,0,0,18.483,0.42336,442.007,0,0.755525,0,0,1.0168,0.261274,1.028160,1,0,25.379,0,0,0,25.379,0
58.7968,2.27622,0,0,1.24175,0.0630655,0.36288,3.6288,60.8103,0.443014,0,0,0.473008,0.272822,0,0.66528,12.849,1,0.485372,0.36288,0,24.0612,4.79031,19.1484,0.84672,12.849,0.84672,3695.15,0,18.483,0.134116,0.261274,1.53146,2.97609,1.32645,3.30826,0.42336,0,0,18.483,0.42336,442.007,0,0.735601,0,0,0.996875,0.261274,1.028160,1,0,22.4567,0,0,0,22.4567,0
57.2936,2.31964,0,0,1.24106,0.0617608,0.36288,3.6288,60.4726,0.504648,0,0,0.447851,0.280924,0,0.66528,12.849,1,0.506916,0.36288,0,23.5075,5.01039,18.3531,0.84672,12.849,0.84672,3695.15,0,18.483,0.153386,0.261274,1.53174,2.50744,1.3725,2.77457,0.42336,0,0,18.483,0.42336,442.007,0,0.687018,0,0,0.948292,0.261274,1.028160,1,0,21.1277,0,0,0,21.1277,0
55.7946,2.30919,0,0,1.23366,0.0605477,0.36288,3.6288,60.1046,0.514747,0,0,0.43351,0.2867,0,0.66528,12.849,1,0.517873,0.36288,0,22.8741,5.17545,17.5437,0.84672,12.849,0.84672,3695.15,0,18.483,0.157329,0.261274,1.56888,2.33177,1.40703,2.59757,0.42336,0,0,18.483,0.42336,442.007,0,0.67322,0,0,0.934494,0.261274,1.028160,1,0,20.1413,0,0,0,20.1413,0
54.1646,2.2983,0,0,1.09077,0.0596567,0.36288,3.6288,59.6644,0.562335,0,0,0.4081,0.286029,0,0.66528,12.849,1,0.529278,0.36288,0,21.6076,5.17545,16.2658,0.84672,12.849,0.84672,3695.15,0,18.483,0.172926,0.227405,1.56917,2.18748,1.40703,2.4041,0.42336,0,0,18.483,0.42336,442.007,0,0.610278,0,0,0.837683,0.227405,1.028160,1,0,18.6699,0,0,0,18.6699,0
52.4512,2.28584,0,0,0.985686,0.0502983,0.36288,3.6288,59.1974,0.580644,0,0,0.404069,0.290353,0,0.66528,12.849,1,0.54225,0.36288,0,20.4828,5.325,14.9784,0.84672,12.849,0.84672,3695.15,0,18.483,0.179874,0.227405,1.56945,2.18264,1.43691,2.36271,0.42336,0,0,18.483,0.42336,442.007,0,0.585265,0,0,0.81267,0.227405,1.028160,1,0,17.3411,0,0,0,17.3411,0
50.4705,2.42376,0,0,0.859879,0.0539341,0.36288,3.6288,58.6117,0.689875,0,0,0.391948,0.287803,0,0.66528,12.849,1,0.59375,0.36288,0,18.9283,5.41238,13.285,0.84672,12.849,0.84672,3695.15,0,18.483,0.215397,0.227405,1.56974,2.16373,1.34864,2.39684,0.42336,0,0,18.483,0.42336,442.007,0,0.556641,0,0,0.784045,0.227405,1.028160,1,0,15.6818,0,0,0,15.6818,0
48.777,2.40562,0,0,1.13033,0.0553539,0.36288,3.6288,57.9183,0.716337,0,0,0.354335,0.331423,0,0.66528,12.849,1,0.612434,0.36288,0,17.5448,6.22177,11.0735,0.84672,12.849,0.84672,3695.15,0,18.483,0.225894,0.227405,1.69496,2.1095,1.51531,2.29066,0.42336,0,0,18.483,0.42336,442.007,0,0.519947,0,0,0.747351,0.227405,1.028160,1,0,13.3641,0,0,0,13.3641,0
47.211,2.38923,0,0,1.24048,0.0543634,0.36288,3.6288,57.4662,0.559735,0,0,0.437551,0.329945,0,0.66528,12.849,1,0.629378,0.36288,0,22.564,6.22177,16.0757,0.84672,12.849,0.84672,3695.15,0,18.483,0.178624,0.204422,1.69526,2.30121,1.51531,2.50697,0.42336,0,0,18.483,0.42336,442.007,0,0.724084,0,0,0.928506,0.204422,1.028160,1,0,18.5827,0,0,0,18.5827,0
45.418,2.37325,0,0,0.996546,0.0534423,0.36288,3.6288,56.68,0.77368,0,0,0.316476,0.328981,0,0.66528,12.849,1,0.645905,0.36288,0,22.0486,6.22177,15.5438,0.84672,12.849,0.84672,3695.15,0,18.483,0.248841,0.204422,1.69557,1.84734,1.51531,1.98319,0.42336,0,0,18.483,0.42336,442.007,0,0.440186,0,0,0.644609,0.204422,1.028160,1,0,17.527,0,0,0,17.527,0
43.89,2.3538,0,0,1.24108,0.0523875,0.36288,3.6288,56.5557,0.337854,0,0,0.540916,0.327306,0,0.66528,12.849,1,0.665902,0.36288,0,20.1372,6.22177,13.6125,0.84672,12.849,0.84672,3695.15,0,18.483,0.110172,0.204422,1.69588,2.85637,1.51531,3.13119,0.42336,0,0,18.483,0.42336,442.007,0,1.01495,0,0,1.21937,0.204422,1.028160,1,0,16.7436,0,0,0,16.7436,0
41.9703,2.265,0,0,0.770705,0.0625404,0.36288,3.6288,56.1799,0.386431,0,0,0.38287,0.372309,0,0.66528,12.849,1,0.66309,0.36288,0,20.3563,6.3818,13.6743,0.84672,12.849,0.84672,3695.15,0,18.483,0.12629,0.204422,1.69618,1.56781,1.61254,1.72959,0.42336,0,0,18.483,0.42336,442.007,0,0.880114,0,0,1.08454,0.204422,1.028160,1,0,15.4039,0,0,0,15.4039,0
39.9748,2.24219,0,0,0.672583,0.0629703,0.36288,3.6288,55.6408,0.445548,0,0,0.285409,0.378923,0,0.66528,12.849,1,0.686435,0.36288,0,21.2238,6.40846,14.4918,0.84672,12.849,0.84672,3695.15,0,18.483,0.146584,0.216518,1.62483,1.19377,1.62874,1.25979,0.42336,0,0,18.483,0.42336,442.007,0,0.800954,0,0,1.01747,0.216518,1.028160,1,0,15.7516,0,0,0,15.7516,0
37.8821,2.21666,0,0,0.583895,0.0971219,0.36288,3.6288,55.0297,0.525132,0,0,0.261071,0.347029,0,0.66528,12.849,1,0.712494,0.36288,0,15.0962,5.90442,8.84212,0.84672,12.849,0.84672,3695.15,0,18.483,0.174441,0.216518,1.62512,1.74154,1.49796,1.91077,0.42336,0,0,18.483,0.42336,442.007,0,0.693766,0,0,0.910284,0.216518,1.028160,1,0,10.7529,0,0,0,10.7529,0
36.5277,2.18766,0,0,1.2371,0.0409401,0.36288,3.6288,54.7241,0.273552,0,0,0.356521,0.38858,0,0.66528,12.849,1,0.742021,0.36288,0,16.3113,6.81082,9.12132,0.84672,12.849,0.84672,3695.15,0,18.483,0.0918787,0.220994,1.62542,2.92293,1.50333,3.17414,0.42336,0,0,18.483,0.42336,442.007,0,1.02816,0,0,1.24915,0.220994,1.028160,1,0,12.2955,0,0,0,12.2955,0
36.5082,2.1117,0,0,2.57523,0.120144,0.36288,3.6288,54.7918,0.225418,0,0,0.576253,0.283149,0,0.66528,12.849,1,0.742814,0.36288,0,42.5707,5.44593,36.7448,0.84672,12.849,0.84672,3695.15,0,18.483,0.0761345,0.840465,1.62571,3.86945,1.16168,5.09781,0.42336,0,0,18.483,0.42336,442.007,0,1.02816,0,0,1.86862,0.840465,1.028160,1,0,41.8426,0,0,0,41.8426,0
34.9762,2.11179,0,0,1.09479,0.152073,0.36288,3.6288,54.727,0.225668,0,0,0.416921,0.256059,0,0.66528,12.849,1,0.743242,0.36288,0,34.9477,4.90203,29.6653,0.84672,12.849,0.84672,3695.15,0,18.483,0.0761249,0.368954,1.56227,1.87771,1.10322,2.62959,0.42336,0,0,18.483,0.42336,442.007,0,1.02816,0,0,1.39711,0.368954,1.028160,1,0,32.2949,0,0,0,32.2949,0
35.6333,2.08836,0,0,3.24296,0.134702,0.36288,3.6288,54.9364,0.22578,0,0,0.683518,0.248338,0,0.66528,12.849,1,0.767189,0.36288,0,45.6997,4.71003,40.5854,0.84672,12.849,0.84672,3695.15,0,18.483,0.076253,1.14643,1.56256,4.36994,1.14615,5.85653,0.42336,0,0,18.483,0.42336,442.007,0,1.02816,0,0,2.17459,1.14643,1.028160,1,0,46.4419,0,0,0,46.4419,0
38.2144,2.09914,0,0,5.19421,0.151043,0.36288,3.6288,55.5009,0.226178,0,0,0.995345,0.204637,0,0.66528,12.849,1,0.756929,0.36288,0,100.007,3.72462,95.8885,0.84672,12.849,0.84672,3695.15,0,18.483,0.0760962,1.96093,1.56284,8.49268,0.962992,10.9774,0.42336,0,0,18.483,0.42336,442.007,0,1.02816,0,0,2.98909,1.96093,1.028160,1,0,106.866,0,0,0,106.866,0
39.9616,1.97679,0,0,4.2527,0.165821,0.36288,3.6288,55.9578,0.126669,0,0,0.781358,0.197759,0,0.66528,12.849,1,0.664664,0.36288,0,64.2471,3.6406,60.3047,0.84672,12.849,0.84672,3695.15,0,18.483,0.0421837,1.27854,1.56312,6.33966,0.913213,8.22592,0.42336,0,0,18.483,0.42336,442.007,0,1.02816,0,0,2.3067,1.27854,1.028160,1,0,68.5307,0,0,0,68.5307,0
42.2082,1.99914,0,0,4.81191,0.203291,0.36288,3.6288,56.772,0.127091,0,0,1.13218,0.190967,0,0.66528,12.849,1,0.642791,0.36288,0,72.7678,3.97793,68.51,0.84672,12.849,0.84672,3695.15,0,18.483,0.0419785,2.3416,1.41982,5.83393,0.829885,8.72348,0.42336,0,0,18.483,0.42336,442.007,0,1.02816,0,0,3.36976,2.3416,1.028160,1,0,77.2335,0,0,0,77.2335,0
43.4654,2.02574,0,0,3.85459,0.208754,0.36288,3.6288,57.4285,0.127709,0,0,0.97619,0.191984,0,0.66528,12.849,1,0.616673,0.36288,0,68.4608,3.97793,64.2291,0.84672,12.849,0.84672,3695.15,0,18.483,0.0415776,2.05381,1.42008,4.99964,0.829885,7.60207,0.42336,0,0,18.483,0.42336,442.007,0,1.02816,0,0,3.08197,2.05381,1.028160,1,0,71.8311,0,0,0,71.8311,0
45.0898,2.03987,0,0,4.23814,0.211046,0.36288,3.6288,58.0174,0.128232,0,0,0.917594,0.200366,0,0.66528,12.849,1,0.603015,0.36288,0,82.2459,4.16733,77.8384,0.84672,12.849,0.84672,3695.15,0,18.483,0.0412708,1.79221,1.42033,5.62956,0.915937,7.8849,0.42336,0,0,18.483,0.42336,442.007,0,1.02816,0,0,2.82037,1.79221,1.028160,1,0,85.7233,0,0,0,85.7233,0
46.0492,2.05715,0,0,3.58972,0.210307,0.36288,3.6288,58.546,0.128715,0,0,0.90396,0.246673,0,0.66528,12.849,1,0.586215,0.36288,0,70.9076,5.30376,65.3805,0.84672,12.849,0.84672,3695.15,0,18.483,0.0410055,1.39743,1.42059,4.86204,1.43225,6.20681,0.42336,0,0,18.483,0.42336,442.007,0,1.02816,0,0,2.42559,1.39743,1.028160,1,0,71.5873,0,0,0,71.5873,0
52.09,2.13182,0,0,8.7522,0.216662,0.36288,3.6288,60.485,0.158601,0,0,2.34407,0.246523,0,0.66528,12.849,1,0.594838,0.36288,0,118.48,4.35959,113.889,0.84672,12.849,0.84672,3695.15,0,18.483,0.0500705,4.80102,1.42085,15.8784,1.25219,20.798,0.42336,0,0,18.483,0.42336,442.007,0,1.02816,0,0,5.82918,4.80102,1.028160,1,0,134.687,0,0,0,134.687,0
54.951,2.18753,0,0,5.64433,0.232934,0.36288,3.6288,61.308,0.159995,0,0,2.19215,0.249196,0.95992,0.66528,12.849,1,0.539597,0.36288,0,139.431,3.98192,135.272,0.84672,12.849,0.84672,3695.15,0,18.483,0.0488913,4.37401,1.46655,14.497,1.18016,19.1085,0.42336,0,0,18.483,0.42336,442.007,0,1.02816,0,0,5.40217,4.37401,1.028160,1,0,155.34,0,0,0,155.34,0
56.9741,2.21069,0,0,4.83654,0.239829,0.36288,3.6288,61.308,0.160664,0,0,2.2106,0.2505,1.79943,0.66528,12.849,1,0.516917,0.36288,0,102.884,3.98192,98.7483,0.84672,12.849,0.84672,3695.15,0,18.483,0.0484367,3.52119,1.46681,15.9659,1.18016,19.7253,0.42336,0,0,18.483,0.42336,442.007,0,1.02816,0,0,4.54935,3.52119,1.028160,1,0,120.273,0,0,0,120.273,0
61.4947,2.22605,0,0,7.37182,0.262339,0.36288,3.6288,61.308,0.160829,0,0,4.1519,0.245144,3.74593,0.66528,12.849,1,0.502027,0.36288,0,190.526,4.03889,186.348,0.84672,12.849,0.84672,3695.15,0,18.483,0.0484864,5.15644,1.46706,18.282,1.2795,23.5775,0.42336,0,0,18.483,0.42336,442.007,0,1.02816,0,0,6.1846,5.15644,1.028160,1,0,213.671,0,0,0,213.671,0
62.2527,2.47711,0,0,3.87133,0.273375,0.36288,3.6288,61.308,0.27281,0,0,2.10002,0.211936,1.61527,0.66528,12.849,1,0.517579,0.36288,0,121.605,3.48078,117.97,0.84672,12.849,0.84672,3695.15,0,18.483,0.0822461,2.74077,1.46732,9.57606,1.06133,12.6406,0.42336,0,0,18.483,0.42336,442.007,0,1.02816,0,0,3.76893,2.74077,1.028160,1,0,132.226,0,0,0,132.226,0
63.3096,2.48276,0,0,4.1673,0.264668,0.36288,3.6288,61.308,0.272994,0,0,2.70549,0.231513,2.20098,0.66528,12.849,1,0.512444,0.36288,0,77.0826,3.43413,73.4989,0.84672,12.849,0.84672,3695.15,0,18.483,0.0823017,2.9182,1.62988,12.5279,1.06882,15.9249,0.42336,0,0,18.483,0.42336,442.007,0,1.02816,0,0,3.94636,2.9182,1.028160,1,0,91.6248,0,0,0,91.6248,0
64.7058,2.49031,0,0,4.51628,0.266965,0.36288,3.6288,61.308,0.273179,0,0,2.68123,0.231513,2.17653,0.66528,12.849,1,0.50542,0.36288,0,131.047,3.43413,127.471,0.84672,12.849,0.84672,3695.15,0,18.483,0.0823573,2.94722,1.63016,12.4229,1.06882,15.8491,0.42336,0,0,18.483,0.42336,442.007,0,1.02816,0,0,3.97538,2.94722,1.028160,1,0,145.496,0,0,0,145.496,0
65.9314,2.49984,0,0,4.35836,0.27,0.36288,3.6288,61.308,0.273363,0,0,2.05468,0.231513,1.5498,0.66528,12.849,1,0.496408,0.36288,0,133.208,3.43413,129.64,0.84672,12.849,0.84672,3695.15,0,18.483,0.0824129,2.25436,1.63044,11.6198,1.06882,14.3533,0.42336,0,0,18.483,0.42336,442.007,0,1.02816,0,0,3.28252,2.25436,1.028160,1,0,145.544,0,0,0,145.544,0
67.102,2.19009,0,0,4.02528,0.301764,0.36288,3.6288,61.308,0.123385,0,0,1.52877,0.202733,1.20265,0.66528,12.849,1,0.426815,0.36288,0,87.0661,3.46095,83.5413,0.84672,12.849,0.84672,3695.15,0,18.483,0.0371978,2.55044,1.63073,10.9481,0.945855,14.1462,0.42336,0,0,18.483,0.42336,442.007,0,1.02816,0,0,3.5786,2.55044,1.028160,1,0,98.8901,0,0,0,98.8901,0
70.6928,2.19672,0,0,6.45516,0.304686,0.36288,3.6288,61.308,0.123543,0,0,2.00249,0.171145,1.7078,0.66528,12.849,1,0.420639,0.36288,0,126.732,3.6582,123.016,0.84672,12.849,0.84672,3695.15,0,18.483,0.0372456,2.99435,1.40883,10.3798,0.880585,13.8652,0.42336,0,0,18.483,0.42336,442.007,0,1.02816,0,0,4.02251,2.99435,1.028160,1,0,138.589,0,0,0,138.589,0
72.29,2.21519,0,0,4.52669,0.313328,0.401009,3.6288,61.308,0.123702,0,0,1.58215,0.171145,1.2873,0.66528,12.849,1,0.402628,0.401009,0,128.123,3.6582,124.463,0.84672,12.849,0.84672,3695.15,0,18.483,0.0372934,2.16455,1.40908,8.79137,0.880585,11.4471,0.42336,0,0,18.483,0.42336,442.007,0,1.02816,0,0,3.19271,2.16455,1.028160,1,0,137.197,0,0,0,137.197,0
72.29,2.22313,0,0,4.06083,0.271859,1.56585,3.6288,61.308,0.12386,0,0,1.05153,0.14708,0.780591,0.66528,12.849,1,0.395144,1.56585,0,107.581,3.30942,105.442,0.84672,12.849,0.84672,3695.15,0,18.483,0.0373411,1.42737,1.40932,7.76157,0.830483,9.73044,0.42336,0,0,18.483,0.42336,442.007,0,1.02816,0,0,2.45553,1.42737,1.028160,1,0,115.953,0,0,0,115.953,0
72.29,2.22351,0,0,4.28776,0.237874,1.82638,3.6288,61.308,0.124019,0,0,1.38615,0.129031,1.1331,0.66528,12.849,1,0.395212,1.82638,0,113.213,3.04784,111.596,0.84672,12.849,0.84672,3695.15,0,18.483,0.0373889,2.18525,1.40956,8.14571,0.792907,10.9102,0.42336,0,0,18.483,0.42336,442.007,0,1.02816,0,0,3.21341,2.18525,1.028160,1,0,123.639,0,0,0,123.639,0
72.29,2.30515,0,0,5.61568,0.297272,3.01326,3.6288,61.308,0.160945,0,0,1.2508,0.163733,0.926126,0.66528,12.849,1,0.409723,3.01326,0,145.966,3.61294,144.956,0.84672,12.849,0.84672,3695.15,0,18.483,0.0485212,2.20256,1.40981,12.676,0.884501,15.3554,0.42336,0,0,18.483,0.42336,442.007,0,1.02816,0,0,3.23072,2.20256,1.028160,1,0,161.238,0,0,0,161.238,0
72.29,2.30555,0,0,6.3557,0.307172,3.74297,3.6288,61.308,0.16111,0,0,1.8673,0.169517,1.53668,0.66528,12.849,1,0.409795,3.74297,0,170.992,3.70713,170.618,0.84672,12.849,0.84672,3695.15,0,18.483,0.048571,3.34304,1.46496,16.2143,0.899767,20.074,0.42336,0,0,18.483,0.42336,442.007,0,1.02816,0,0,4.3712,3.34304,1.028160,1,0,192.228,0,0,0,192.228,0
72.29,2.30595,0,0,5.52312,0.307172,2.91,3.6288,61.308,0.161275,0,0,1.51779,0.169517,1.187,0.66528,12.849,1,0.409866,2.91,0,141.515,3.70713,140.308,0.84672,12.849,0.84672,3695.15,0,18.483,0.0486207,2.40971,1.46521,12.801,0.899767,15.7276,0.42336,0,0,18.483,0.42336,442.007,0,1.02816,0,0,3.43787,2.40971,1.028160,1,0,157.223,0,0,0,157.223,0
72.29,2.30635,0,0,4.4392,0.276993,1.85585,3.6288,61.308,0.16144,0,0,1.09594,0.166187,0.768314,0.66528,12.849,1,0.409937,1.85585,0,113.476,3.90483,111.017,0.84672,12.849,0.84672,3695.15,0,18.483,0.0486704,1.65847,1.46547,8.58272,0.912623,10.7454,0.42336,0,0,18.483,0.42336,442.007,0,1.02816,0,0,2.68663,1.65847,1.028160,1,0,122.531,0,0,0,122.531,0
72.29,2.27496,0,0,3.94499,0.241826,1.4282,3.6288,61.308,0.147315,0,0,1.13848,0.189815,0.801355,0.66528,12.849,1,0.404357,1.4282,0,107.761,4.16627,104.618,0.84672,12.849,0.84672,3695.15,0,18.483,0.0444121,1.53968,1.46572,8.23418,0.999769,10.1954,0.42336,0,0,18.483,0.42336,442.007,0,1.02816,0,0,2.56784,1.53968,1.028160,1,0,115.615,0,0,0,115.615,0
72.29,2.27535,0,0,3.72041,0.232426,1.21263,3.6288,61.308,0.147477,0,0,1.1831,0.209408,0.826216,0.66528,12.849,1,0.404427,1.21263,0,97.9344,4.25113,94.4915,0.84672,12.849,0.84672,3695.15,0,18.483,0.0444611,1.48217,1.44459,7.81082,1.0579,9.63522,0.42336,0,0,18.483,0.42336,442.007,0,1.02816,0,0,2.51033,1.48217,1.028160,1,0,104.953,0,0,0,104.953,0
72.29,2.27575,0,0,3.48643,0.232426,0.978255,3.6288,61.308,0.14764,0,0,1.1001,0.209408,0.743048,0.66528,12.849,1,0.404497,0.978255,0,88.4831,4.25113,84.8057,0.84672,12.849,0.84672,3695.15,0,18.483,0.0445101,1.13957,1.44484,7.10018,1.0579,8.58218,0.42336,0,0,18.483,0.42336,442.007,0,1.02816,0,0,2.16773,1.13957,1.028160,1,0,94.131,0,0,0,94.131,0
72.29,2.27614,0,0,3.17367,0.208933,0.688594,3.6288,61.308,0.147803,0,0,1.01275,0.225971,0.638972,0.66528,12.849,1,0.404567,0.688594,0,80.7667,4.52907,76.5217,0.84672,12.849,0.84672,3695.15,0,18.483,0.0445592,1.04712,1.44509,6.15413,1.08756,7.51423,0.42336,0,0,18.483,0.42336,442.007,0,1.02816,0,0,2.07528,1.04712,1.028160,1,0,84.6749,0,0,0,84.6749,0
72.29,2.38453,0,0,3.01131,0.199738,0.427039,3.6288,61.308,0.198676,0,0,0.986792,0.236573,0.551542,0.66528,12.849,1,0.423832,0.427039,0,70.4506,4.31942,66.1344,0.84672,12.849,0.84672,3695.15,0,18.483,0.0598965,1.14153,1.44534,6.55983,1.0061,8.0807,0.42336,0,0,18.483,0.42336,442.007,0,1.02816,0,0,2.16969,1.14153,1.028160,1,0,74.7666,0,0,0,74.7666,0
72.157,2.38494,0,0,2.76603,0.151187,0.36288,3.6288,61.308,0.198848,0,0,0.904919,0.242064,0.464008,0.66528,12.849,1,0.423906,0.36288,0,64.3058,4.81541,59.4294,0.84672,12.849,0.84672,3695.15,0,18.483,0.0599482,0.847463,1.52042,6.03179,1.09814,7.24159,0.42336,0,0,18.483,0.42336,442.007,0,1.02816,0,0,1.87562,0.847463,1.028160,1,0,67.135,0,0,0,67.135,0
71.9147,2.38469,0,0,2.6563,0.151034,0.36288,3.6288,61.308,0.199019,0,0,0.895424,0.242064,0.454341,0.66528,12.849,1,0.424643,0.36288,0,59.6862,4.81541,54.809,0.84672,12.849,0.84672,3695.15,0,18.483,0.0599999,0.854064,1.52068,5.78856,1.09814,7.00517,0.42336,0,0,18.483,0.42336,442.007,0,1.02816,0,0,1.88222,0.854064,1.028160,1,0,62.2685,0,0,0,62.2685,0
71.5332,2.38389,0,0,2.52094,0.15566,0.36288,3.6288,61.308,0.199191,0,0,0.881254,0.240747,0.441316,0.66528,12.849,1,0.42593,0.36288,0,57.1744,4.73079,52.3806,0.84672,12.849,0.84672,3695.15,0,18.483,0.0600516,1.00774,1.52094,5.41856,1.1014,6.78579,0.42336,0,0,18.483,0.42336,442.007,0,1.02816,0,0,2.0359,1.00774,1.028160,1,0,59.6077,0,0,0,59.6077,0
70.9545,2.38238,0,0,2.34007,0.173495,0.36288,3.6288,61.308,0.199362,0,0,0.847005,0.236997,0.410646,0.66528,12.849,1,0.42793,0.36288,0,52.9205,4.25516,48.6003,0.84672,12.849,0.84672,3695.15,0,18.483,0.0601033,0.939678,1.52121,5.0402,1.13051,6.31047,0.42336,0,0,18.483,0.42336,442.007,0,1.02816,0,0,1.96784,0.939678,1.028160,1,0,55.3214,0,0,0,55.3214,0
70.3166,2.35853,0,0,2.20535,0.121889,0.36288,3.6288,61.308,0.22743,0,0,0.922277,0.268701,0.426146,0.66528,12.849,1,0.4271,0.36288,0,46.6548,5.00134,41.5892,0.84672,12.849,0.84672,3695.15,0,18.483,0.068565,0.909049,1.52147,4.65369,1.21796,5.79769,0.42336,0,0,18.483,0.42336,442.007,0,1.02816,0,0,1.93721,0.909049,1.028160,1,0,47.8131,0,0,0,47.8131,0
69.5438,2.35566,0,0,2.06954,0.123804,0.36288,3.6288,61.308,0.227606,0,0,0.882801,0.269835,0.38536,0.66528,12.849,1,0.430451,0.36288,0,45.7739,5.09366,40.6127,0.84672,12.849,0.84672,3695.15,0,18.483,0.0686182,0.774524,1.54507,4.8053,1.22301,5.83326,0.42336,0,0,18.483,0.42336,442.007,0,1.02816,0,0,1.80268,0.774524,1.028160,1,0,46.8313,0,0,0,46.8313,0
68.5903,2.35203,0,0,1.88446,0.123067,0.36288,3.6288,61.308,0.227783,0,0,0.873867,0.269835,0.376249,0.66528,12.849,1,0.434564,0.36288,0,45.4198,5.09366,40.2544,0.84672,12.849,0.84672,3695.15,0,18.483,0.0686715,0.777082,1.54534,4.62485,1.22301,5.65559,0.42336,0,0,18.483,0.42336,442.007,0,1.02816,0,0,1.80524,0.777082,1.028160,1,0,46.2863,0,0,0,46.2863,0
67.4629,2.34735,0,0,1.70501,0.122158,0.36288,3.6288,61.308,0.227959,0,0,0.810985,0.269835,0.313191,0.66528,12.849,1,0.439728,0.36288,0,40.7875,5.09366,35.6169,0.84672,12.849,0.84672,3695.15,0,18.483,0.0687247,0.553167,1.5456,4.43565,1.22301,5.24268,0.42336,0,0,18.483,0.42336,442.007,0,1.02816,0,0,1.58133,0.553167,1.028160,1,0,41.1728,0,0,0,41.1728,0
66.113,2.39623,0,0,1.50231,0.0930809,0.36288,3.6288,61.308,0.253014,0,0,0.731169,0.332688,0.145466,0.66528,12.849,1,0.456386,0.36288,0,34.2459,5.9748,28.1776,0.84672,12.849,0.84672,3695.15,0,18.483,0.0762783,0.422358,1.54587,3.77913,1.51972,4.15136,0.42336,0,0,18.483,0.42336,442.007,0,1.02816,0,0,1.45052,0.422358,1.028160,1,0,32.4745,0,0,0,32.4745,0
64.8427,2.38884,0,0,1.56828,0.0869128,0.36288,3.6288,61.308,0.253195,0,0,0.886162,0.339709,0.293257,0.66528,12.849,1,0.464269,0.36288,0,37.8568,6.16161,31.5939,0.84672,12.849,0.84672,3695.15,0,18.483,0.0763328,0.519826,1.58335,3.649,1.55468,4.12116,0.42336,0,0,18.483,0.42336,442.007,0,1.02816,0,0,1.54799,0.519826,1.028160,1,0,36.0083,0,0,0,36.0083,0
63.4558,2.38166,0,0,1.44367,0.0860339,0.36288,3.6288,61.308,0.253376,0,0,0.751257,0.339709,0.158171,0.66528,12.849,1,0.471942,0.36288,0,31.0951,6.16161,24.8244,0.84672,12.849,0.84672,3695.15,0,18.483,0.0763874,0.613708,1.58362,3.52825,1.55468,4.09451,0.42336,0,0,18.483,0.42336,442.007,0,1.02816,0,0,1.64187,0.613708,1.028160,1,0,29.0771,0,0,0,29.0771,0
61.9562,2.3735,0,0,1.32192,0.0850743,0.36288,3.6288,61.308,0.253557,0,0,0.695822,0.339709,0.102556,0.66528,12.849,1,0.480603,0.36288,0,29.5557,6.16161,23.2764,0.84672,12.849,0.84672,3695.15,0,18.483,0.0764419,0.375339,1.5839,3.10128,1.55468,3.4294,0.42336,0,0,18.483,0.42336,442.007,0,1.02816,0,0,1.4035,0.375339,1.028160,1,0,26.8083,0,0,0,26.8083,0
60.3929,2.52217,0,0,1.39668,0.0750027,0.36288,3.6288,61.308,0.343599,0,0,0.798803,0.344889,0.110314,0.66528,12.849,1,0.523069,0.36288,0,28.9871,6.31116,22.5158,0.84672,12.849,0.84672,3695.15,0,18.483,0.103588,0.656044,1.58417,4.10261,1.58456,4.65468,0.42336,0,0,18.483,0.42336,442.007,0,1.02816,0,0,1.6842,0.656044,1.028160,1,0,27.2808,0,0,0,27.2808,0
59.0505,2.51144,0,0,1.60491,0.0729321,0.36288,3.6288,61.308,0.343796,0,0,0.749589,0.342997,0.0627957,0.66528,12.849,1,0.534327,0.36288,0,31.9881,6.61416,25.2025,0.84672,12.849,0.84672,3695.15,0,18.483,0.103647,0.409942,1.71053,3.88009,1.51898,4.37795,0.42336,0,0,18.483,0.42336,442.007,0,1.02816,0,0,1.4381,0.409942,1.028160,1,0,29.6433,0,0,0,29.6433,0
57.8227,2.5019,0,0,1.70899,0.0720064,0.36288,3.6288,61.308,0.343993,0,0,0.922044,0.342997,0.235053,0.66528,12.849,1,0.544397,0.36288,0,40.7059,6.61416,33.9102,0.84672,12.849,0.84672,3695.15,0,18.483,0.103706,0.744319,1.71083,4.33394,1.51898,5.16641,0.42336,0,0,18.483,0.42336,442.007,0,1.02816,0,0,1.77248,0.744319,1.028160,1,0,39.3117,0,0,0,39.3117,0
56.3018,2.49288,0,0,1.40599,0.0711532,0.36288,3.6288,61.276,0.360467,0,0,0.671501,0.342997,0,0.66528,12.849,1,0.553951,0.36288,0,37.2933,6.61416,30.488,0.84672,12.849,0.84672,3695.15,0,18.483,0.108673,0.204422,1.71112,3.54966,1.51898,3.83756,0.42336,0,0,18.483,0.42336,442.007,0,1.00697,0,0,1.2114,0.204422,1.028160,1,0,34.3256,0,0,0,34.3256,0
55.1398,2.48112,0,0,1.75211,0.0700962,0.36288,3.6288,61.308,0.344345,0,0,1.16324,0.342928,0.444001,0.66528,12.849,1,0.566233,0.36288,0,36.3518,6.61416,29.5343,0.84672,12.849,0.84672,3695.15,0,18.483,0.103866,1.36574,1.71142,5.53625,1.51898,6.99057,0.42336,0,0,18.483,0.42336,442.007,0,1.02816,0,0,2.3939,1.36574,1.028160,1,0,36.9689,0,0,0,36.9689,0
53.9316,2.39645,0,0,1.60307,0.0519874,0.36288,3.6288,61.308,0.289994,0,0,0.831816,0.30301,0.238813,0.66528,12.849,1,0.558436,0.36288,0,25.1559,5.2724,19.6879,0.84672,12.849,0.84672,3695.15,0,18.483,0.0874266,0.929724,1.71172,4.49398,1.18286,5.86513,0.42336,0,0,18.483,0.42336,442.007,0,1.02816,0,0,1.95788,0.929724,1.028160,1,0,25.7919,0,0,0,25.7919,0
52.5869,2.38676,0,0,1.44643,0.0414872,0.36288,3.6288,61.308,0.290181,0,0,0.707815,0.30632,0.111314,0.66528,12.849,1,0.568638,0.36288,0,22.1473,5.25325,16.6882,0.84672,12.849,0.84672,3695.15,0,18.483,0.0874831,0.662031,1.6397,3.86396,1.24988,4.82833,0.42336,0,0,18.483,0.42336,442.007,0,1.02816,0,0,1.69019,0.662031,1.028160,1,0,21.6279,0,0,0,21.6279,0
51.8383,2.37549,0,0,2.08036,0.0905095,0.36288,3.6288,61.308,0.290368,0,0,0.870653,0.260836,0.319449,0.66528,12.849,1,0.580424,0.36288,0,25.8482,4.63037,21.0003,0.84672,12.849,0.84672,3695.15,0,18.483,0.0875396,0.876433,1.63998,4.25186,1.05519,5.62555,0.42336,0,0,18.483,0.42336,442.007,0,1.02816,0,0,1.90459,0.876433,1.028160,1,0,26.9453,0,0,0,26.9453,0
54.0333,2.36918,0,0,5.08248,0.155421,0.36288,3.6288,61.308,0.290556,0,0,1.78903,0.200191,1.29829,0.66528,12.849,1,0.587242,0.36288,0,77.9538,3.79984,73.9296,0.84672,12.849,0.84672,3695.15,0,18.483,0.0875961,2.00546,1.64027,11.325,0.795597,14.0875,0.42336,0,0,18.483,0.42336,442.007,0,1.02816,0,0,3.03362,2.00546,1.028160,1,0,89.3154,0,0,0,89.3154,0
53.7046,2.32716,0,0,2.52622,0.16491,0.36288,3.6288,61.308,0.241019,0,0,0.89818,0.193049,0.464112,0.66528,12.849,1,0.553394,0.36288,0,47.0969,3.77603,43.1304,0.84672,12.849,0.84672,3695.15,0,18.483,0.0726617,1.13141,1.64055,4.59584,0.830188,6.46495,0.42336,0,0,18.483,0.42336,442.007,0,1.02816,0,0,2.15957,1.13141,1.028160,1,0,50.0594,0,0,0,50.0594,0
54.7825,2.32483,0,0,3.94478,0.179187,0.36288,3.6288,61.308,0.241197,0,0,0.897256,0.175194,0.480864,0.66528,12.849,1,0.556223,0.36288,0,51.8463,3.71648,47.9365,0.84672,12.849,0.84672,3695.15,0,18.483,0.0727157,1.25934,1.57652,5.9799,0.916667,7.82638,0.42336,0,0,18.483,0.42336,442.007,0,1.02816,0,0,2.2875,1.25934,1.028160,1,0,56.2437,0,0,0,56.2437,0
56.2972,2.3341,0,0,4.39281,0.181152,0.36288,3.6288,61.308,0.241376,0,0,1.03588,0.175194,0.619313,0.66528,12.849,1,0.547454,0.36288,0,72.7358,3.71648,68.8348,0.84672,12.849,0.84672,3695.15,0,18.483,0.0727696,1.44969,1.5768,9.15987,0.916667,11.1969,0.42336,0,0,18.483,0.42336,442.007,0,1.02816,0,0,2.47785,1.44969,1.028160,1,0,80.651,0,0,0,80.651,0
58.0795,2.3465,0,0,4.67567,0.183914,0.36288,3.6288,61.308,0.241555,0,0,1.07265,0.175194,0.655898,0.66528,12.849,1,0.535554,0.36288,0,86.0518,3.71648,82.1627,0.84672,12.849,0.84672,3695.15,0,18.483,0.0728236,1.57156,1.57707,8.39082,0.916667,10.55,0.42336,0,0,18.483,0.42336,442.007,0,1.02816,0,0,2.59972,1.57156,1.028160,1,0,93.3685,0,0,0,93.3685,0
62.1852,2.18261,0,0,6.8892,0.238086,0.36288,3.6288,61.308,0.138101,0,0,2.21905,0.195142,1.88581,0.66528,12.849,1,0.48286,0.36288,0,120.477,4.20607,116.151,0.84672,12.849,0.84672,3695.15,0,18.483,0.0416342,1.98622,1.57734,9.98006,1.10418,12.3978,0.42336,0,0,18.483,0.42336,442.007,0,1.02816,0,0,3.01438,1.98622,1.028160,1,0,130.435,0,0,0,130.435,0
66.0999,2.20941,0,0,6.7386,0.251571,0.36288,3.6288,61.308,0.138262,0,0,2.70787,0.19747,2.37214,0.66528,12.849,1,0.456519,0.36288,0,83.7324,3.7254,79.9134,0.84672,12.849,0.84672,3695.15,0,18.483,0.0416828,2.513,1.43273,9.68527,0.93642,12.6529,0.42336,0,0,18.483,0.42336,442.007,0,1.02816,0,0,3.54116,2.513,1.028160,1,0,94.9384,0,0,0,94.9384,0
68.8312,2.23243,0,0,5.5863,0.259665,0.36288,3.6288,61.308,0.138423,0,0,1.58803,0.19747,1.25214,0.66528,12.849,1,0.433957,0.36288,0,73.7199,3.7254,69.9235,0.84672,12.849,0.84672,3695.15,0,18.483,0.0417313,1.89786,1.43298,9.74791,0.93642,12.1006,0.42336,0,0,18.483,0.42336,442.007,0,1.02816,0,0,2.92602,1.89786,1.028160,1,0,83.2762,0,0,0,83.2762,0
72.29,2.24733,0,0,9.75637,0.265311,3.78496,3.6288,61.308,0.138584,0,0,5.90937,0.19747,5.57332,0.66528,12.849,1,0.419519,3.78496,0,99.9233,3.7254,99.5634,0.84672,12.849,0.84672,3695.15,0,18.483,0.0417799,4.88529,1.43322,15.7585,0.93642,21.0988,0.42336,0,0,18.483,0.42336,442.007,0,1.02816,0,0,5.91345,4.88529,1.028160,1,0,126.235,0,0,0,126.235,0
72.29,2.26477,0,0,6.63722,0.304751,4.0677,3.6288,61.308,0.138745,0,0,3.81939,0.198797,3.48185,0.66528,12.849,1,0.402546,4.0677,0,103.247,3.80937,103.103,0.84672,12.849,0.84672,3695.15,0,18.483,0.0418285,3.63993,1.43347,12.9501,1.019,16.9626,0.42336,0,0,18.483,0.42336,442.007,0,1.02816,0,0,4.66809,3.63993,1.028160,1,0,123.547,0,0,0,123.547,0
72.29,2.33612,0,0,9.2303,0.281733,6.61245,3.6288,61.308,0.168938,0,0,4.63754,0.211957,4.25664,0.66528,12.849,1,0.415227,6.61245,0,188.469,3.75405,190.912,0.84672,12.849,0.84672,3695.15,0,18.483,0.0509311,6.18024,1.43372,20.2212,1.07621,26.708,0.42336,0,0,18.483,0.42336,442.007,0,1.02816,0,0,7.2084,6.18024,1.028160,1,0,221.877,0,0,0,221.877,0
72.29,2.33651,0,0,11.265,0.269852,8.65865,3.6288,61.308,0.169098,0,0,6.32611,0.222049,5.93497,0.66528,12.849,1,0.415296,8.65865,0,217.365,3.72655,221.882,0.84672,12.849,0.84672,3695.15,0,18.483,0.0509792,7.60253,1.47983,21.2046,1.13289,29.1031,0.42336,0,0,18.483,0.42336,442.007,0,1.02816,0,0,8.63069,7.60253,1.028160,1,0,256.92,0,0,0,256.92,0
72.29,2.3369,0,0,7.31393,0.269852,4.70719,3.6288,61.308,0.169257,0,0,3.79448,0.222049,3.40317,0.66528,12.849,1,0.415365,4.70719,0,153.706,3.72655,154.272,0.84672,12.849,0.84672,3695.15,0,18.483,0.0510273,3.49341,1.48008,10.0017,1.13289,13.7913,0.42336,0,0,18.483,0.42336,442.007,0,1.02816,0,0,4.52157,3.49341,1.028160,1,0,171.466,0,0,0,171.466,0
72.29,2.33728,0,0,6.34624,0.275674,3.73328,3.6288,61.308,0.169417,0,0,3.0669,0.214319,2.68316,0.66528,12.849,1,0.415435,3.73328,0,131.082,3.59776,130.802,0.84672,12.849,0.84672,3695.15,0,18.483,0.0510755,2.20915,1.48032,8.492,1.10278,11.0276,0.42336,0,0,18.483,0.42336,442.007,0,1.02816,0,0,3.23731,2.20915,1.028160,1,0,144.513,0,0,0,144.513,0
72.29,2.56568,0,0,6.50011,0.299089,3.63534,3.6288,61.308,0.282402,0,0,3.96409,0.184584,3.49711,0.66528,12.849,1,0.456031,3.63534,0,145.183,3.03516,145.327,0.84672,12.849,0.84672,3695.15,0,18.483,0.0851379,3.28202,1.48057,10.1612,0.977144,13.8615,0.42336,0,0,18.483,0.42336,442.007,0,1.02816,0,0,4.31018,3.28202,1.028160,1,0,162.686,0,0,0,162.686,0
72.29,2.56611,0,0,7.41951,0.27073,4.58267,3.6288,61.308,0.28258,0,0,5.67416,0.230329,5.16125,0.66528,12.849,1,0.456107,4.58267,0,217.727,3.39444,218.459,0.84672,12.849,0.84672,3695.15,0,18.483,0.0851917,5.43861,1.64459,16.2791,1.09634,22.1807,0.42336,0,0,18.483,0.42336,442.007,0,1.02816,0,0,6.46677,5.43861,1.028160,1,0,245.801,0,0,0,245.801,0
72.29,2.56654,0,0,6.13194,0.27073,3.29467,3.6288,61.308,0.282759,0,0,4.58287,0.230329,4.06978,0.66528,12.849,1,0.456183,3.29467,0,177.2,3.39444,176.644,0.84672,12.849,0.84672,3695.15,0,18.483,0.0852455,4.20546,1.64486,11.6974,1.09634,16.3662,0.42336,0,0,18.483,0.42336,442.007,0,1.02816,0,0,5.23362,4.20546,1.028160,1,0,197.08,0,0,0,197.08,0
72.29,2.56697,0,0,7.82187,0.27073,4.98417,3.6288,61.308,0.282937,0,0,5.49912,0.230329,4.98585,0.66528,12.849,1,0.456259,4.98417,0,220.105,3.39444,221.238,0.84672,12.849,0.84672,3695.15,0,18.483,0.0852993,5.80306,1.64513,16.3554,1.09634,22.622,0.42336,0,0,18.483,0.42336,442.007,0,1.02816,0,0,6.83122,5.80306,1.028160,1,0,248.846,0,0,0,248.846,0
72.29,2.24196,0,0,9.72147,0.269883,7.20963,3.6288,61.308,0.131602,0,0,8.59989,0.250842,8.21745,0.66528,12.849,1,0.398491,7.20963,0,234.296,4.05011,237.057,0.84672,12.849,0.84672,3695.15,0,18.483,0.0396752,8.92477,1.64541,26.9026,1.28575,36.1474,0.42336,0,0,18.483,0.42336,442.007,0,1.02816,0,0,9.95293,8.92477,1.028160,1,0,281.422,0,0,0,281.422,0
72.29,2.24233,0,0,6.01586,0.336121,3.43741,3.6288,61.308,0.131756,0,0,3.0566,0.19337,2.73147,0.66528,12.849,1,0.398558,3.43741,0,160.73,3.50215,160.267,0.84672,12.849,0.84672,3695.15,0,18.483,0.0397215,4.76191,1.42151,14.2418,0.980866,19.4047,0.42336,0,0,18.483,0.42336,442.007,0,1.02816,0,0,5.79007,4.76191,1.028160,1,0,182.403,0,0,0,182.403,0
72.29,2.24271,0,0,4.82743,0.321434,2.26329,3.6288,61.308,0.131909,0,0,2.8967,0.20319,2.5616,0.66528,12.849,1,0.398624,2.26329,0,123.826,3.5805,122.11,0.84672,12.849,0.84672,3695.15,0,18.483,0.0397677,3.97964,1.42174,11.6407,0.976034,16.0263,0.42336,0,0,18.483,0.42336,442.007,0,1.02816,0,0,5.0078,3.97964,1.028160,1,0,140.698,0,0,0,140.698,0
72.29,2.24308,0,0,4.32877,0.321434,1.76426,3.6288,61.308,0.132063,0,0,2.56841,0.20319,2.23316,0.66528,12.849,1,0.39869,1.76426,0,108.763,3.5805,106.548,0.84672,12.849,0.84672,3695.15,0,18.483,0.039814,4.20032,1.42198,10.6853,0.976034,15.2917,0.42336,0,0,18.483,0.42336,442.007,0,1.02816,0,0,5.22848,4.20032,1.028160,1,0,124.073,0,0,0,124.073,0
72.29,2.24345,0,0,6.00705,0.321434,3.44216,3.6288,61.308,0.132216,0,0,2.97764,0.20319,2.64223,0.66528,12.849,1,0.398757,3.44216,0,138.01,3.5805,137.473,0.84672,12.849,0.84672,3695.15,0,18.483,0.0398602,4.8107,1.42222,14.5631,0.976034,19.7801,0.42336,0,0,18.483,0.42336,442.007,0,1.02816,0,0,5.83886,4.8107,1.028160,1,0,159.895,0,0,0,159.895,0
72.29,2.32581,0,0,7.09381,0.327434,4.44057,3.6288,61.308,0.169466,0,0,3.84657,0.190144,3.48696,0.66528,12.849,1,0.413395,4.44057,0,205.128,3.8775,205.278,0.84672,12.849,0.84672,3695.15,0,18.483,0.0510903,6.65718,1.42245,17.2639,0.908885,24.3836,0.42336,0,0,18.483,0.42336,442.007,0,1.02816,0,0,7.68534,6.65718,1.028160,1,0,233.149,0,0,0,233.149,0
72.29,2.3262,0,0,6.97041,0.329834,4.31437,3.6288,61.308,0.169626,0,0,3.9956,0.184926,3.64105,0.66528,12.849,1,0.413464,4.31437,0,211.703,3.9963,211.608,0.84672,12.849,0.84672,3695.15,0,18.483,0.0511385,6.1294,1.47809,20.5486,0.882025,27.2229,0.42336,0,0,18.483,0.42336,442.007,0,1.02816,0,0,7.15756,6.1294,1.028160,1,0,242.472,0,0,0,242.472,0
72.29,2.32658,0,0,6.13522,0.314745,3.49389,3.6288,61.308,0.169786,0,0,3.01736,0.183261,2.66431,0.66528,12.849,1,0.413533,3.49389,0,158.054,4.09515,157.039,0.84672,12.849,0.84672,3695.15,0,18.483,0.0511866,4.90404,1.47833,12.9156,0.888453,18.3583,0.42336,0,0,18.483,0.42336,442.007,0,1.02816,0,0,5.9322,4.90404,1.028160,1,0,178.062,0,0,0,178.062,0
72.29,2.32697,0,0,4.8964,0.277022,2.29241,3.6288,61.308,0.169946,0,0,2.29134,0.179099,1.94229,0.66528,12.849,1,0.413602,2.29241,0,149.044,4.34228,146.581,0.84672,12.849,0.84672,3695.15,0,18.483,0.0512348,3.19545,1.47858,10.0315,0.904522,13.7497,0.42336,0,0,18.483,0.42336,442.007,0,1.02816,0,0,4.22361,3.19545,1.028160,1,0,162.273,0,0,0,162.273,0
72.29,2.29528,0,0,4.53379,0.273354,1.96515,3.6288,61.308,0.155688,0,0,2.50812,0.172883,2.17955,0.66528,12.849,1,0.407969,1.96515,0,127.342,4.14684,124.752,0.84672,12.849,0.84672,3695.15,0,18.483,0.0469364,3.02101,1.47882,9.85297,0.935577,13.3703,0.42336,0,0,18.483,0.42336,442.007,0,1.02816,0,0,4.04917,3.02101,1.028160,1,0,140.302,0,0,0,140.302,0
72.29,2.29566,0,0,4.59304,0.237661,2.05972,3.6288,61.308,0.155845,0,0,2.81789,0.18385,2.4782,0.66528,12.849,1,0.408037,2.05972,0,125.936,4.15168,123.436,0.84672,12.849,0.84672,3695.15,0,18.483,0.0469838,3.49521,1.45749,10.3047,0.99267,14.2177,0.42336,0,0,18.483,0.42336,442.007,0,1.02816,0,0,4.52337,3.49521,1.028160,1,0,140.132,0,0,0,140.132,0
72.29,2.29605,0,0,4.07056,0.21518,1.55934,3.6288,61.308,0.156002,0,0,2.40126,0.196846,2.04842,0.66528,12.849,1,0.408105,1.55934,0,111.221,4.41055,107.962,0.84672,12.849,0.84672,3695.15,0,18.483,0.0470313,3.54399,1.45774,9.45009,0.992297,13.4125,0.42336,0,0,18.483,0.42336,442.007,0,1.02816,0,0,4.57215,3.54399,1.028160,1,0,123.423,0,0,0,123.423,0
72.29,2.29643,0,0,3.85203,0.205765,1.34984,3.6288,61.308,0.15616,0,0,2.24391,0.199966,1.88779,0.66528,12.849,1,0.408173,1.34984,0,104.376,4.43835,100.879,0.84672,12.849,0.84672,3695.15,0,18.483,0.0470788,3.41125,1.45798,8.75552,0.994238,12.5834,0.42336,0,0,18.483,0.42336,442.007,0,1.02816,0,0,4.43941,3.41125,1.028160,1,0,115.35,0,0,0,115.35,0
72.29,2.40576,0,0,3.56393,0.205765,0.952401,3.6288,61.308,0.20748,0,0,2.44033,0.199966,2.03289,0.66528,12.849,1,0.427606,0.952401,0,94.9441,4.43835,91.0305,0.84672,12.849,0.84672,3695.15,0,18.483,0.0625506,3.8232,1.45822,9.03718,0.994238,13.2618,0.42336,0,0,18.483,0.42336,442.007,0,1.02816,0,0,4.85136,3.8232,1.028160,1,0,106.325,0,0,0,106.325,0
72.29,2.40616,0,0,3.43315,0.171881,0.855101,3.6288,61.308,0.207646,0,0,2.0018,0.169121,1.62503,0.66528,12.849,1,0.427678,0.855101,0,84.4491,3.58187,81.2946,0.84672,12.849,0.84672,3695.15,0,18.483,0.0626007,2.81642,1.53396,8.22597,0.859664,11.6541,0.42336,0,0,18.483,0.42336,442.007,0,1.02816,0,0,3.84458,2.81642,1.028160,1,0,94.5738,0,0,0,94.5738,0
72.29,2.40657,0,0,3.2238,0.171881,0.645353,3.6288,61.308,0.207812,0,0,1.87664,0.169121,1.49971,0.66528,12.849,1,0.427749,0.645353,0,78.0529,3.58187,74.6886,0.84672,12.849,0.84672,3695.15,0,18.483,0.0626507,2.3471,1.53421,7.67664,0.859664,10.6356,0.42336,0,0,18.483,0.42336,442.007,0,1.02816,0,0,3.37526,2.3471,1.028160,1,0,86.824,0,0,0,86.824,0
72.29,2.40697,0,0,3.05308,0.129782,0.516334,3.6288,61.308,0.207978,0,0,1.76781,0.229102,1.33073,0.66528,12.849,1,0.42782,0.516334,0,72.2399,4.39678,67.9316,0.84672,12.849,0.84672,3695.15,0,18.483,0.0627008,1.89056,1.53447,6.49051,1.07788,8.77495,0.42336,0,0,18.483,0.42336,442.007,0,1.02816,0,0,2.91872,1.89056,1.028160,1,0,78.0373,0,0,0,78.0373,0
72.2568,2.40737,0,0,2.83529,0.0982078,0.36288,3.6288,61.308,0.208144,0,0,1.66754,0.274087,1.18531,0.66528,12.849,1,0.427891,0.36288,0,67.7333,5.00797,62.6603,0.84672,12.849,0.84672,3695.15,0,18.483,0.0627509,1.74129,1.53472,6.18134,1.24154,8.15306,0.42336,0,0,18.483,0.42336,442.007,0,1.02816,0,0,2.76945,1.74129,1.028160,1,0,71.9987,0,0,0,71.9987,0
72.1747,2.38604,0,0,2.78566,0.118903,0.36288,3.6288,61.308,0.236454,0,0,1.71428,0.282554,1.19527,0.66528,12.849,1,0.424295,0.36288,0,61.3808,5.30318,56.0162,0.84672,12.849,0.84672,3695.15,0,18.483,0.0712855,1.93282,1.53498,6.72828,1.25658,8.86821,0.42336,0,0,18.483,0.42336,442.007,0,1.02816,0,0,2.96098,1.93282,1.028160,1,0,66.0797,0,0,0,66.0797,0
72.0112,2.38602,0,0,2.69142,0.105972,0.36288,3.6288,61.308,0.236625,0,0,1.61496,0.315413,1.06293,0.66528,12.849,1,0.424775,0.36288,0,58.1501,5.45291,52.6353,0.84672,12.849,0.84672,3695.15,0,18.483,0.071337,1.93651,1.55877,6.82327,1.36024,8.88698,0.42336,0,0,18.483,0.42336,442.007,0,1.02816,0,0,2.96467,1.93651,1.028160,1,0,62.5852,0,0,0,62.5852,0
71.7199,2.3856,0,0,2.55457,0.097395,0.36288,3.6288,61.308,0.236795,0,0,1.56989,0.327203,1.00589,0.66528,12.849,1,0.425664,0.36288,0,53.8904,5.46556,48.362,0.84672,12.849,0.84672,3695.15,0,18.483,0.0713885,1.83322,1.55903,6.76452,1.39929,8.68609,0.42336,0,0,18.483,0.42336,442.007,0,1.02816,0,0,2.86138,1.83322,1.028160,1,0,58.054,0,0,0,58.054,0
71.2612,2.38453,0,0,2.38588,0.0971792,0.36288,3.6288,61.308,0.236966,0,0,1.3747,0.327203,0.810533,0.66528,12.849,1,0.427202,0.36288,0,49.6235,5.46556,44.0936,0.84672,12.849,0.84672,3695.15,0,18.483,0.0714401,1.72185,1.55929,6.41192,1.39929,8.22233,0.42336,0,0,18.483,0.42336,442.007,0,1.02816,0,0,2.75001,1.72185,1.028160,1,0,53.1265,0,0,0,53.1265,0
70.5141,2.43821,0,0,2.14814,0.0941417,0.36288,3.6288,61.308,0.262236,0,0,1.17508,0.322439,0.590409,0.66528,12.849,1,0.439629,0.36288,0,44.443,5.55025,38.8159,0.84672,12.849,0.84672,3695.15,0,18.483,0.0790583,1.34938,1.55955,5.43812,1.39764,6.87035,0.42336,0,0,18.483,0.42336,442.007,0,1.02816,0,0,2.37754,1.34938,1.028160,1,0,46.2767,0,0,0,46.2767,0
69.7957,2.43467,0,0,2.16609,0.0868978,0.36288,3.6288,61.308,0.262411,0,0,1.22818,0.310529,0.655236,0.66528,12.849,1,0.443643,0.36288,0,49.6461,5.76198,43.8034,0.84672,12.849,0.84672,3695.15,0,18.483,0.0791111,1.20112,1.59735,4.5434,1.3935,5.86925,0.42336,0,0,18.483,0.42336,442.007,0,1.02816,0,0,2.22928,1.20112,1.028160,1,0,50.3279,0,0,0,50.3279,0
68.8869,2.43122,0,0,1.97163,0.0864177,0.36288,3.6288,61.308,0.262586,0,0,1.013,0.310529,0.439881,0.66528,12.849,1,0.447574,0.36288,0,39.9871,5.76198,34.1405,0.84672,12.849,0.84672,3695.15,0,18.483,0.0791639,1.24927,1.59761,4.22183,1.3935,5.59605,0.42336,0,0,18.483,0.42336,442.007,0,1.02816,0,0,2.27743,1.24927,1.028160,1,0,40.1764,0,0,0,40.1764,0
67.8047,2.42665,0,0,1.7932,0.0858102,0.36288,3.6288,61.308,0.262761,0,0,0.943384,0.310529,0.370094,0.66528,12.849,1,0.452626,0.36288,0,37.277,5.76198,31.4253,0.84672,12.849,0.84672,3695.15,0,18.483,0.0792167,0.8943,1.59788,3.7625,1.3935,4.78195,0.42336,0,0,18.483,0.42336,442.007,0,1.02816,0,0,1.92246,0.8943,1.028160,1,0,36.5773,0,0,0,36.5773,0
66.7341,2.58266,0,0,1.95278,0.0778743,0.36288,3.6288,61.308,0.353589,0,0,1.11354,0.308729,0.451222,0.66528,12.849,1,0.489415,0.36288,0,37.4533,5.87011,31.4566,0.84672,12.849,0.84672,3695.15,0,18.483,0.106599,1.39454,1.59814,5.31998,1.41941,6.78666,0.42336,0,0,18.483,0.42336,442.007,0,1.02816,0,0,2.4227,1.39454,1.028160,1,0,38.6945,0,0,0,38.6945,0
65.564,2.57651,0,0,1.83653,0.067256,0.36288,3.6288,61.308,0.35378,0,0,0.869711,0.337697,0.178235,0.66528,12.849,1,0.496082,0.36288,0,31.2254,6.04455,25.0476,0.84672,12.849,0.84672,3695.15,0,18.483,0.106657,1.08257,1.72561,3.737,1.4925,4.94601,0.42336,0,0,18.483,0.42336,442.007,0,1.02816,0,0,2.11073,1.08257,1.028160,1,0,30.1719,0,0,0,30.1719,0
64.5613,2.56953,0,0,1.99635,0.0666471,0.36288,3.6288,61.308,0.35397,0,0,1.03315,0.347346,0.331829,0.66528,12.849,1,0.503568,0.36288,0,38.9238,6.05273,32.7304,0.84672,12.849,0.84672,3695.15,0,18.483,0.106714,1.52596,1.72589,3.8692,1.49621,5.51813,0.42336,0,0,18.483,0.42336,442.007,0,1.02816,0,0,2.55412,1.52596,1.028160,1,0,38.5804,0,0,0,38.5804,0
63.1726,2.56344,0,0,1.60379,0.0661128,0.36288,3.6288,61.308,0.354161,0,0,0.747265,0.347346,0.045758,0.66528,12.849,1,0.510176,0.36288,0,38.0348,6.05273,31.8348,0.84672,12.849,0.84672,3695.15,0,18.483,0.106772,0.745053,1.72618,3.10609,1.49621,3.97434,0.42336,0,0,18.483,0.42336,442.007,0,1.02816,0,0,1.77321,0.745053,1.028160,1,0,35.8549,0,0,0,35.8549,0
62.1872,2.55454,0,0,1.99734,0.0653728,0.36288,3.6288,61.308,0.354351,0,0,1.27722,0.347346,0.575519,0.66528,12.849,1,0.519581,0.36288,0,34.7375,6.05273,28.528,0.84672,12.849,0.84672,3695.15,0,18.483,0.106829,2.32607,1.72647,4.80263,1.49621,7.25213,0.42336,0,0,18.483,0.42336,442.007,0,1.02816,0,0,3.35423,2.32607,1.028160,1,0,36.3557,0,0,0,36.3557,0
61.0931,2.4704,0,0,1.7795,0.0402892,0.36288,3.6288,61.308,0.299473,0,0,1.00481,0.364478,0.340864,0.66528,12.849,1,0.510429,0.36288,0,36.5251,5.80964,30.5679,0.84672,12.849,0.84672,3695.15,0,18.483,0.0902844,1.75852,1.72675,5.80365,1.4672,7.73143,0.42336,0,0,18.483,0.42336,442.007,0,1.02816,0,0,2.78668,1.75852,1.028160,1,0,38.6402,0,0,0,38.6402,0
60.1395,2.46325,0,0,1.93575,0.0632071,0.36288,3.6288,61.308,0.299654,0,0,1.03997,0.366954,0.373363,0.66528,12.849,1,0.518067,0.36288,0,35.3825,5.9982,29.2291,0.84672,12.849,0.84672,3695.15,0,18.483,0.0903391,1.85905,1.65409,5.58129,1.60247,7.40163,0.42336,0,0,18.483,0.42336,442.007,0,1.02816,0,0,2.88721,1.85905,1.028160,1,0,37.0041,0,0,0,37.0041,0
60.1421,2.45689,0,0,2.90319,0.0807851,0.36288,3.6288,61.308,0.299836,0,0,1.19692,0.353152,0.543928,0.66528,12.849,1,0.524923,0.36288,0,43.0907,5.88777,37.0409,0.84672,12.849,0.84672,3695.15,0,18.483,0.0903938,2.56436,1.65436,5.93641,1.56454,8.5002,0.42336,0,0,18.483,0.42336,442.007,0,1.02816,0,0,3.59252,2.56436,1.028160,1,0,46.085,0,0,0,46.085,0
61.161,2.45732,0,0,3.9198,0.0807871,0.36288,3.6288,61.308,0.300017,0,0,1.93414,0.353152,1.28097,0.66528,12.849,1,0.524992,0.36288,0,85.9886,5.88777,79.9388,0.84672,12.849,0.84672,3695.15,0,18.483,0.0904485,4.81315,1.65464,9.3512,1.56454,14.164,0.42336,0,0,18.483,0.42336,442.007,0,1.02816,0,0,5.84131,4.81315,1.028160,1,0,95.3837,0,0,0,95.3837,0
61.7111,2.40128,0,0,3.43057,0.116241,0.36288,3.6288,61.308,0.250039,0,0,1.39082,0.330246,0.81054,0.66528,12.849,1,0.504474,0.36288,0,82.8939,5.74489,77.0074,0.84672,12.849,0.84672,3695.15,0,18.483,0.0753812,2.83766,1.65492,5.82951,1.5372,8.70951,0.42336,0,0,18.483,0.42336,442.007,0,1.02816,0,0,3.86582,2.83766,1.028160,1,0,86.5275,0,0,0,86.5275,0
63.3894,2.40541,0,0,4.61123,0.164617,0.36288,3.6288,61.308,0.250212,0,0,1.45069,0.188484,1.01199,0.66528,12.849,1,0.500835,0.36288,0,64.1155,4.15831,59.8193,0.84672,12.849,0.84672,3695.15,0,18.483,0.0754334,1.47993,1.59031,5.75492,1.00781,7.74192,0.42336,0,0,18.483,0.42336,442.007,0,1.02816,0,0,2.50809,1.47993,1.028160,1,0,68.5732,0,0,0,68.5732,0
64.9505,2.41683,0,0,4.53588,0.19513,0.36288,3.6288,61.308,0.250385,0,0,2.23755,0.154997,1.83217,0.66528,12.849,1,0.489891,0.36288,0,105.435,3.79376,101.514,0.84672,12.849,0.84672,3695.15,0,18.483,0.0754856,2.12979,1.59058,8.97083,0.89436,11.7213,0.42336,0,0,18.483,0.42336,442.007,0,1.02816,0,0,3.15795,2.12979,1.028160,1,0,115.067,0,0,0,115.067,0
66.6565,2.42707,0,0,4.69354,0.197609,0.36288,3.6288,61.308,0.250558,0,0,2.19877,0.154997,1.79321,0.66528,12.849,1,0.480141,0.36288,0,105.434,3.79376,101.523,0.84672,12.849,0.84672,3695.15,0,18.483,0.0755378,3.53533,1.59084,11.7728,0.89436,15.9291,0.42336,0,0,18.483,0.42336,442.007,0,1.02816,0,0,4.56349,3.53533,1.028160,1,0,119.245,0,0,0,119.245,0
71.4211,2.25418,0,0,7.58938,0.207672,0.36288,3.6288,61.308,0.146194,0,0,1.76351,0.153768,1.46355,0.66528,12.849,1,0.434527,0.36288,0,119.073,3.96868,115.033,0.84672,12.849,0.84672,3695.15,0,18.483,0.0440743,2.90348,1.59111,10.1241,0.93666,13.6379,0.42336,0,0,18.483,0.42336,442.007,0,1.02816,0,0,3.93164,2.90348,1.028160,1,0,130.134,0,0,0,130.134,0
72.29,2.27913,0,0,4.93281,0.201191,1.5836,3.6288,61.308,0.14635,0,0,1.39864,0.20765,1.04464,0.66528,12.849,1,0.410027,1.5836,0,83.1435,3.52014,80.7969,0.84672,12.849,0.84672,3695.15,0,18.483,0.0441213,2.32447,1.44522,7.37247,0.880403,10.2176,0.42336,0,0,18.483,0.42336,442.007,0,1.02816,0,0,3.35263,2.32447,1.028160,1,0,92.0592,0,0,0,92.0592,0
72.29,2.2837,0,0,4.20257,0.28711,1.63177,3.6288,61.308,0.146506,0,0,1.11575,0.185274,0.783972,0.66528,12.849,1,0.40591,1.63177,0,44.837,3.7106,42.3523,0.84672,12.849,0.84672,3695.15,0,18.483,0.0441683,1.8047,1.44546,5.85963,0.880232,8.18539,0.42336,0,0,18.483,0.42336,442.007,0,1.02816,0,0,2.83286,1.8047,1.028160,1,0,51.3216,0,0,0,51.3216,0
72.29,2.28408,0,0,5.20541,0.28711,2.63422,3.6288,61.308,0.146662,0,0,1.64544,0.185274,1.31351,0.66528,12.849,1,0.405977,2.63422,0,80.4254,3.7106,78.943,0.84672,12.849,0.84672,3695.15,0,18.483,0.0442153,2.07122,1.4457,7.53555,0.880232,10.128,0.42336,0,0,18.483,0.42336,442.007,0,1.02816,0,0,3.09938,2.07122,1.028160,1,0,90.3845,0,0,0,90.3845,0
72.29,2.28446,0,0,6.52298,0.28711,3.95141,3.6288,61.308,0.146818,0,0,2.06761,0.185274,1.73552,0.66528,12.849,1,0.406045,3.95141,0,83.2029,3.7106,83.0376,0.84672,12.849,0.84672,3695.15,0,18.483,0.0442623,2.79398,1.44594,9.29915,0.880232,12.6146,0.42336,0,0,18.483,0.42336,442.007,0,1.02816,0,0,3.82214,2.79398,1.028160,1,0,97.3877,0,0,0,97.3877,0
72.29,2.35641,0,0,6.06535,0.255645,3.4533,3.6288,61.308,0.177267,0,0,2.38581,0.247265,1.96127,0.66528,12.849,1,0.418834,3.4533,0,155.722,4.57478,154.182,0.84672,12.849,0.84672,3695.15,0,18.483,0.0534421,2.82547,1.44618,11.0633,1.14931,14.1322,0.42336,0,0,18.483,0.42336,442.007,0,1.02816,0,0,3.85363,2.82547,1.028160,1,0,170.275,0,0,0,170.275,0
72.29,2.35678,0,0,4.30135,0.295528,1.64904,3.6288,61.308,0.177422,0,0,1.85262,0.263129,1.41207,0.66528,12.849,1,0.418901,1.64904,0,95.8746,4.68678,92.418,0.84672,12.849,0.84672,3695.15,0,18.483,0.0534887,1.18746,1.49268,6.37544,1.2993,7.70279,0.42336,0,0,18.483,0.42336,442.007,0,1.02816,0,0,2.21562,1.18746,1.028160,1,0,101.533,0,0,0,101.533,0
72.29,2.35716,0,0,4.73781,0.295528,2.08512,3.6288,61.308,0.177576,0,0,1.62587,0.263129,1.18516,0.66528,12.849,1,0.418968,2.08512,0,97.8592,4.68678,94.8386,0.84672,12.849,0.84672,3695.15,0,18.483,0.0535353,0.902146,1.49292,6.30559,1.2993,7.34782,0.42336,0,0,18.483,0.42336,442.007,0,1.02816,0,0,1.93031,0.902146,1.028160,1,0,103.372,0,0,0,103.372,0
72.29,2.35754,0,0,4.62086,0.295528,1.9678,3.6288,61.308,0.177731,0,0,1.47943,0.263129,1.03857,0.66528,12.849,1,0.419035,1.9678,0,120.302,4.68678,117.164,0.84672,12.849,0.84672,3695.15,0,18.483,0.0535819,0.722572,1.49316,6.53218,1.2993,7.39502,0.42336,0,0,18.483,0.42336,442.007,0,1.02816,0,0,1.75073,0.722572,1.028160,1,0,125.597,0,0,0,125.597,0
72.29,2.5879,0,0,4.91504,0.287489,2.03965,3.6288,61.308,0.291688,0,0,1.56446,0.258312,1.01446,0.66528,12.849,1,0.45998,2.03965,0,104.567,4.40205,101.745,0.84672,12.849,0.84672,3695.15,0,18.483,0.0879373,0.855524,1.4934,6.59595,1.24097,7.61596,0.42336,0,0,18.483,0.42336,442.007,0,1.02816,0,0,1.88368,0.855524,1.028160,1,0,110.375,0,0,0,110.375,0
72.29,2.58831,0,0,3.30774,0.291996,0.427428,3.6288,61.308,0.29186,0,0,1.63343,0.181659,1.15991,0.66528,12.849,1,0.460053,0.427428,0,93.2135,3.56559,89.6153,0.84672,12.849,0.84672,3695.15,0,18.483,0.0879894,1.29245,1.65883,7.37433,0.839096,9.39852,0.42336,0,0,18.483,0.42336,442.007,0,1.02816,0,0,2.32061,1.29245,1.028160,1,0,100.174,0,0,0,100.174,0
72.29,2.58873,0,0,4.97419,0.291996,2.09346,3.6288,61.308,0.292033,0,0,1.74626,0.181659,1.27257,0.66528,12.849,1,0.460127,2.09346,0,98.7466,3.56559,96.8143,0.84672,12.849,0.84672,3695.15,0,18.483,0.0880416,1.69715,1.65909,8.28922,0.839096,10.7183,0.42336,0,0,18.483,0.42336,442.007,0,1.02816,0,0,2.72531,1.69715,1.028160,1,0,108.805,0,0,0,108.805,0
72.29,2.58914,0,0,5.22418,0.268262,2.36678,3.6288,61.308,0.292206,0,0,2.20047,0.223237,1.68503,0.66528,12.849,1,0.4602,2.36678,0,163.36,3.30426,161.962,0.84672,12.849,0.84672,3695.15,0,18.483,0.0880937,2.23114,1.65936,10.5787,0.904398,13.4767,0.42336,0,0,18.483,0.42336,442.007,0,1.02816,0,0,3.2593,2.23114,1.028160,1,0,177.124,0,0,0,177.124,0
72.29,2.26131,0,0,3.90328,0.298354,1.34361,3.6288,61.308,0.139558,0,0,1.83953,0.233861,1.46611,0.66528,12.849,1,0.401931,1.34361,0,108.454,3.14768,106.248,0.84672,12.849,0.84672,3695.15,0,18.483,0.0420736,1.68639,1.65962,8.37043,0.997226,10.6771,0.42336,0,0,18.483,0.42336,442.007,0,1.02816,0,0,2.71455,1.68639,1.028160,1,0,118.392,0,0,0,118.392,0
72.29,2.26167,0,0,4.05268,0.363964,1.42704,3.6288,61.308,0.139706,0,0,1.30552,0.1555,1.01031,0.66528,12.849,1,0.401995,1.42704,0,61.5542,2.63361,59.9456,0.84672,12.849,0.84672,3695.15,0,18.483,0.0421184,0.912203,1.43378,6.59198,0.759026,8.13682,0.42336,0,0,18.483,0.42336,442.007,0,1.02816,0,0,1.94036,0.912203,1.028160,1,0,69.0928,0,0,0,69.0928,0
72.29,2.26204,0,0,5.15284,0.363964,2.52684,3.6288,61.308,0.139855,0,0,1.71134,0.1555,1.41599,0.66528,12.849,1,0.40206,2.52684,0,73.1928,2.63361,72.684,0.84672,12.849,0.84672,3695.15,0,18.483,0.0421632,1.45917,1.43401,8.24962,0.759026,10.3416,0.42336,0,0,18.483,0.42336,442.007,0,1.02816,0,0,2.48733,1.45917,1.028160,1,0,84.4416,0,0,0,84.4416,0
72.29,2.2624,0,0,5.84576,0.350854,3.23251,3.6288,61.308,0.140004,0,0,2.49496,0.152266,2.20269,0.66528,12.849,1,0.402124,3.23251,0,113.526,2.66859,113.688,0.84672,12.849,0.84672,3695.15,0,18.483,0.042208,2.85945,1.43423,13.2397,0.766571,16.7246,0.42336,0,0,18.483,0.42336,442.007,0,1.02816,0,0,3.88761,2.85945,1.028160,1,0,132.615,0,0,0,132.615,0
72.29,2.26276,0,0,6.79224,0.351486,4.178,3.6288,61.308,0.140152,0,0,2.50245,0.174975,2.18733,0.66528,12.849,1,0.402188,4.178,0,158.102,3.48883,158.389,0.84672,12.849,0.84672,3695.15,0,18.483,0.0422528,2.85051,1.43446,17.2632,0.899523,20.6063,0.42336,0,0,18.483,0.42336,442.007,0,1.02816,0,0,3.87867,2.85051,1.028160,1,0,181.183,0,0,0,181.183,0
72.29,2.34581,0,0,6.30506,0.31607,3.64318,3.6288,61.308,0.177717,0,0,2.8619,0.166619,2.51757,0.66528,12.849,1,0.41695,3.64318,0,103.912,3.98866,103.149,0.84672,12.849,0.84672,3695.15,0,18.483,0.0535776,2.68716,1.43469,11.8508,0.981142,14.9379,0.42336,0,0,18.483,0.42336,442.007,0,1.02816,0,0,3.71532,2.68716,1.028160,1,0,120.605,0,0,0,120.605,0
72.29,2.34618,0,0,7.54799,0.280933,4.92087,3.6288,61.308,0.177871,0,0,2.77115,0.146277,2.447,0.66528,12.849,1,0.417016,4.92087,0,170.783,3.74588,171.541,0.84672,12.849,0.84672,3695.15,0,18.483,0.0536242,3.74319,1.4908,13.5892,0.937833,17.8317,0.42336,0,0,18.483,0.42336,442.007,0,1.02816,0,0,4.77135,3.74319,1.028160,1,0,191.82,0,0,0,191.82,0
72.29,2.34656,0,0,5.20985,0.280933,2.58236,3.6288,61.308,0.178026,0,0,2.01931,0.146277,1.69501,0.66528,12.849,1,0.417083,2.58236,0,142.117,3.74588,140.536,0.84672,12.849,0.84672,3695.15,0,18.483,0.0536708,2.14423,1.49103,8.8071,0.937833,11.4509,0.42336,0,0,18.483,0.42336,442.007,0,1.02816,0,0,3.17239,2.14423,1.028160,1,0,153.682,0,0,0,153.682,0
72.29,2.34693,0,0,5.21764,0.280933,2.58977,3.6288,61.308,0.178181,0,0,2.00179,0.146277,1.67733,0.66528,12.849,1,0.41715,2.58977,0,98.4372,3.74588,96.864,0.84672,12.849,0.84672,3695.15,0,18.483,0.0537175,2.1936,1.49127,9.49009,0.937833,12.1834,0.42336,0,0,18.483,0.42336,442.007,0,1.02816,0,0,3.22176,2.1936,1.028160,1,0,110.725,0,0,0,110.725,0
72.29,2.31496,0,0,4.8755,0.2521,2.30844,3.6288,61.308,0.163794,0,0,2.01422,0.194029,1.65639,0.66528,12.849,1,0.411466,2.30844,0,98.4321,4.48368,95.8454,0.84672,12.849,0.84672,3695.15,0,18.483,0.0493803,2.20075,1.49151,9.39118,1.02402,12.01,0.42336,0,0,18.483,0.42336,442.007,0,1.02816,0,0,3.22891,2.20075,1.028160,1,0,109.512,0,0,0,109.512,0
72.29,2.31533,0,0,4.37153,0.163384,1.89282,3.6288,61.308,0.163947,0,0,1.56346,0.228738,1.17078,0.66528,12.849,1,0.411532,1.89282,0,92.6329,4.53695,89.5772,0.84672,12.849,0.84672,3695.15,0,18.483,0.0494262,1.55579,1.46999,5.94449,1.0858,7.83504,0.42336,0,0,18.483,0.42336,442.007,0,1.02816,0,0,2.58395,1.55579,1.028160,1,0,98.5831,0,0,0,98.5831,0
72.29,2.3157,0,0,3.8557,0.163384,1.37662,3.6288,61.308,0.164099,0,0,1.72242,0.228738,1.32958,0.66528,12.849,1,0.411598,1.37662,0,86.5979,4.53695,83.0259,0.84672,12.849,0.84672,3695.15,0,18.483,0.0494722,1.82702,1.47022,6.19517,1.0858,8.35715,0.42336,0,0,18.483,0.42336,442.007,0,1.02816,0,0,2.85518,1.82702,1.028160,1,0,92.7127,0,0,0,92.7127,0
72.29,2.31607,0,0,3.48262,0.163384,1.00317,3.6288,61.308,0.164251,0,0,1.50439,0.228738,1.1114,0.66528,12.849,1,0.411663,1.00317,0,80.7175,4.53695,76.772,0.84672,12.849,0.84672,3695.15,0,18.483,0.0495182,1.3076,1.47046,5.8031,1.0858,7.44584,0.42336,0,0,18.483,0.42336,442.007,0,1.02816,0,0,2.33576,1.3076,1.028160,1,0,85.3293,0,0,0,85.3293,0
72.29,2.42632,0,0,4.1849,0.145137,1.61344,3.6288,61.308,0.216004,0,0,1.45368,0.23764,1.00004,0.66528,12.849,1,0.43126,1.61344,0,86.8864,5.23872,82.8299,0.84672,12.849,0.84672,3695.15,0,18.483,0.0651203,1.39896,1.47069,7.79587,1.11347,9.48694,0.42336,0,0,18.483,0.42336,442.007,0,1.02816,0,0,2.42712,1.39896,1.028160,1,0,93.3169,0,0,0,93.3169,0
72.29,2.42671,0,0,3.44433,0.14461,0.873007,3.6288,61.308,0.216165,0,0,1.23685,0.237664,0.783022,0.66528,12.849,1,0.431329,0.873007,0,79.3316,4.94493,74.8284,0.84672,12.849,0.84672,3695.15,0,18.483,0.0651688,1.21098,1.54706,5.57681,1.11028,7.15941,0.42336,0,0,18.483,0.42336,442.007,0,1.02816,0,0,2.23914,1.21098,1.028160,1,0,82.7708,0,0,0,82.7708,0
72.29,2.4271,0,0,2.91142,0.0914911,0.392832,3.6288,61.308,0.216325,0,0,1.15131,0.253235,0.681754,0.66528,12.849,1,0.431398,0.392832,0,51.2623,5.03837,46.1854,0.84672,12.849,0.84672,3695.15,0,18.483,0.0652173,0.986982,1.54731,4.924,1.23037,6.16271,0.42336,0,0,18.483,0.42336,442.007,0,1.02816,0,0,2.01514,0.986982,1.028160,1,0,53.0299,0,0,0,53.0299,0
72.2096,2.42749,0,0,2.7786,0.0686567,0.36288,3.6288,61.308,0.216486,0,0,1.07488,0.260253,0.598137,0.66528,12.849,1,0.431467,0.36288,0,45.7719,5.15771,40.5456,0.84672,12.849,0.84672,3695.15,0,18.483,0.0652658,0.822658,1.54756,4.77984,1.28107,5.80372,0.42336,0,0,18.483,0.42336,442.007,0,1.02816,0,0,1.85082,0.822658,1.028160,1,0,46.9474,0,0,0,46.9474,0
72.0539,2.42747,0,0,2.70333,0.0686148,0.36288,3.6288,61.308,0.216647,0,0,1.09031,0.260253,0.613408,0.66528,12.849,1,0.431944,0.36288,0,43.4935,5.15771,38.2667,0.84672,12.849,0.84672,3695.15,0,18.483,0.0653143,0.9727,1.54781,4.55179,1.28107,5.72591,0.42336,0,0,18.483,0.42336,442.007,0,1.02816,0,0,2.00086,0.9727,1.028160,1,0,44.6061,0,0,0,44.6061,0
71.5516,2.40532,0,0,2.33317,0.0672591,0.36288,3.6288,61.308,0.245191,0,0,0.841182,0.237531,0.35846,0.66528,12.849,1,0.428929,0.36288,0,39.9449,5.03038,34.8484,0.84672,12.849,0.84672,3695.15,0,18.483,0.0739195,0.699131,1.54805,4.38119,1.19407,5.36039,0.42336,0,0,18.483,0.42336,442.007,0,1.02816,0,0,1.72729,0.699131,1.028160,1,0,40.5673,0,0,0,40.5673,0
70.8353,2.40316,0,0,2.11572,0.0660499,0.36288,3.6288,61.308,0.245356,0,0,0.677065,0.22049,0.211219,0.66528,12.849,1,0.43155,0.36288,0,38.3985,4.93489,33.3949,0.84672,12.849,0.84672,3695.15,0,18.483,0.0739694,0.548182,1.57204,4.35862,1.12881,5.27606,0.42336,0,0,18.483,0.42336,442.007,0,1.02816,0,0,1.57634,0.548182,1.028160,1,0,38.8822,0,0,0,38.8822,0
69.9276,2.39985,0,0,1.92072,0.0656889,0.36288,3.6288,61.308,0.245522,0,0,0.639619,0.22049,0.173608,0.66528,12.849,1,0.435314,0.36288,0,37.2574,4.93489,32.2501,0.84672,12.849,0.84672,3695.15,0,18.483,0.0740193,0.393561,1.57229,4.09705,1.12881,4.86007,0.42336,0,0,18.483,0.42336,442.007,0,1.02816,0,0,1.42172,0.393561,1.028160,1,0,37.2838,0,0,0,37.2838,0
68.8721,2.39545,0,0,1.75872,0.0558816,0.36288,3.6288,61.308,0.245687,0,0,0.608755,0.242428,0.12064,0.66528,12.849,1,0.440158,0.36288,0,32.8561,5.2172,27.5616,0.84672,12.849,0.84672,3695.15,0,18.483,0.0740692,0.335215,1.57254,3.97886,1.23186,4.58069,0.42336,0,0,18.483,0.42336,442.007,0,1.02816,0,0,1.36337,0.335215,1.028160,1,0,32.263,0,0,0,32.263,0
67.7353,2.44593,0,0,1.70706,0.0350267,0.36288,3.6288,61.3014,0.271164,0,0,0.561208,0.296651,0,0.66528,12.849,1,0.456321,0.36288,0,29.7041,5.86962,23.741,0.84672,12.849,0.84672,3695.15,0,18.483,0.08175,0.297657,1.57279,3.7212,1.47485,4.03505,0.42336,0,0,18.483,0.42336,442.007,0,1.02816,0,0,1.32582,0.297657,1.028160,1,0,27.776,0,0,0,27.776,0
66.6522,2.43989,0,0,1.77098,0.0512771,0.36288,3.6288,61.2585,0.271327,0,0,0.521303,0.292901,0,0.66528,12.849,1,0.462832,0.36288,0,29.6887,5.54967,24.0391,0.84672,12.849,0.84672,3695.15,0,18.483,0.0818078,0.309312,1.6109,3.40145,1.38715,3.85271,0.42336,0,0,18.483,0.42336,442.007,0,1.02816,0,0,1.33747,0.309312,1.028160,1,0,27.8918,0,0,0,27.8918,0
65.4246,2.43397,0,0,1.62009,0.0508407,0.36288,3.6288,61.1842,0.271452,0,0,0.489964,0.292822,0,0.66528,12.849,1,0.469213,0.36288,0,27.9141,5.54967,22.2581,0.84672,12.849,0.84672,3695.15,0,18.483,0.0819031,0.284196,1.61116,3.46218,1.38715,3.88848,0.42336,0,0,18.483,0.42336,442.007,0,1.02816,0,0,1.31236,0.284196,1.028160,1,0,26.1466,0,0,0,26.1466,0
64.0513,2.427,0,0,1.4669,0.0503459,0.36288,3.6288,61.0289,0.330688,0,0,0.468138,0.292684,0,0.66528,12.849,1,0.476648,0.36288,0,26.2897,5.54967,20.6263,0.84672,12.849,0.84672,3695.15,0,18.483,0.0998968,0.227405,1.61142,3.21907,1.38715,3.57085,0.42336,0,0,18.483,0.42336,442.007,0,0.951152,0,0,1.17856,0.227405,1.028160,1,0,24.1971,0,0,0,24.1971,0
62.3549,2.58042,0,0,1.28285,0.0360076,0.36288,3.6288,60.7572,0.436402,0,0,0.464818,0.300153,0,0.66528,12.849,1,0.517644,0.36288,0,25.0334,5.77399,19.1046,0.84672,12.849,0.84672,3695.15,0,18.483,0.132167,0.227405,1.61167,3.25352,1.43196,3.52847,0.42336,0,0,18.483,0.42336,442.007,0,0.932368,0,0,1.15977,0.227405,1.028160,1,0,22.6331,0,0,0,22.6331,0
60.5637,2.56915,0,0,1.18962,0.0487519,0.36288,3.6288,60.5862,0.362685,0,0,0.493115,0.301394,0,0.66528,12.849,1,0.529406,0.36288,0,24.5139,5.56395,18.7834,0.84672,12.849,0.84672,3695.15,0,18.483,0.110333,0.264237,1.7402,3.21471,1.49083,3.61799,0.42336,0,0,18.483,0.42336,442.007,0,1.02816,0,0,1.2924,0.264237,1.028160,1,0,22.4014,0,0,0,22.4014,0
58.693,2.55664,0,0,1.09891,0.0500593,0.36288,3.6288,60.3776,0.36263,0,0,0.460859,0.306825,0,0.66528,12.849,1,0.542409,0.36288,0,21.9249,5.52069,16.2247,0.84672,12.849,0.84672,3695.15,0,18.483,0.110627,0.242585,1.74048,3.153,1.57367,3.45177,0.42336,0,0,18.483,0.42336,442.007,0,1.02816,0,0,1.27075,0.242585,1.028160,1,0,19.6765,0,0,0,19.6765,0
56.969,2.54287,0,0,1.23095,0.0491834,0.36288,3.6288,60.1814,0.362521,0,0,0.472762,0.306419,0,0.66528,12.849,1,0.556681,0.36288,0,21.7935,5.52069,16.079,0.84672,12.849,0.84672,3695.15,0,18.483,0.110976,0.277975,1.74076,3.37941,1.57367,3.71349,0.42336,0,0,18.483,0.42336,442.007,0,1.02816,0,0,1.30613,0.277975,1.028160,1,0,19.7925,0,0,0,19.7925,0
55.9804,2.52953,0,0,1.97006,0.0662829,0.36288,3.6288,60.0983,0.362428,0,0,0.58102,0.301776,0,0.66528,12.849,1,0.570518,0.36288,0,36.2056,5.40195,30.596,0.84672,12.849,0.84672,3695.15,0,18.483,0.111309,0.558662,1.74104,3.68384,1.55911,4.31312,0.42336,0,0,18.483,0.42336,442.007,0,1.02816,0,0,1.58682,0.558662,1.028160,1,0,34.9091,0,0,0,34.9091,0
55.5382,2.44479,0,0,2.45301,0.087534,0.36288,3.6288,60.1703,0.307219,0,0,0.667163,0.287888,0,0.66528,12.849,1,0.561145,0.36288,0,30.9817,5.01081,25.7726,0.84672,12.849,0.84672,3695.15,0,18.483,0.0944841,0.575078,1.74131,3.96887,1.49035,4.70043,0.42336,0,0,18.483,0.42336,442.007,0,1.02816,0,0,1.60324,0.575078,1.028160,1,0,30.473,0,0,0,30.473,0
54.0018,2.44155,0,0,1.38149,0.1135,0.36288,3.6288,60.259,0.307481,0,0,0.676666,0.280459,0,0.66528,12.849,1,0.564864,0.36288,0,18.6684,4.3407,14.1257,0.84672,12.849,0.84672,3695.15,0,18.483,0.0944513,1.4391,1.66803,4.19925,1.41684,5.79508,0.42336,0,0,18.483,0.42336,442.007,0,1.02816,0,0,2.46726,1.4391,1.028160,1,0,19.9208,0,0,0,19.9208,0
52.3171,2.42896,0,0,1.21897,0.111758,0.36288,3.6288,60.0634,0.307762,0,0,0.392706,0.280618,0,0.66528,12.849,1,0.577939,0.36288,0,19.122,4.3407,14.5663,0.84672,12.849,0.84672,3695.15,0,18.483,0.0943985,0.520862,1.66829,3.22544,1.41684,3.90335,0.42336,0,0,18.483,0.42336,442.007,0,1.02816,0,0,1.54902,0.520862,1.028160,1,0,18.4696,0,0,0,18.4696,0
50.4373,2.41441,0,0,1.0073,0.109848,0.36288,3.6288,59.8214,0.307702,0,0,0.345968,0.280268,0,0.66528,12.849,1,0.592974,0.36288,0,17.6554,4.3407,13.0846,0.84672,12.849,0.84672,3695.15,0,18.483,0.0946875,0.349186,1.66856,2.987,1.41684,3.49322,0.42336,0,0,18.483,0.42336,442.007,0,1.02816,0,0,1.37735,0.349186,1.028160,1,0,16.5778,0,0,0,16.5778,0
49.4231,2.33525,0,0,1.87243,0.188534,0.36288,3.6288,59.8976,0.257292,0,0,0.538236,0.204742,0,0.66528,12.849,1,0.59491,0.36288,0,31.1734,3.30255,27.6388,0.84672,12.849,0.84672,3695.15,0,18.483,0.0794955,0.692677,1.66883,5.18619,1.09235,6.37585,0.42336,0,0,18.483,0.42336,442.007,0,1.02816,0,0,1.72084,0.692677,1.028160,1,0,34.0146,0,0,0,34.0146,0
47.2947,2.32593,0,0,0.790591,0.230121,0.36288,3.6288,59.5853,0.475584,0,0,0.35362,0.190305,0,0.66528,12.849,1,0.604696,0.36288,0,16.7761,4.12671,12.4076,0.84672,12.849,0.84672,3695.15,0,18.483,0.146754,0.216518,1.60367,2.90054,0.922835,3.65114,0.42336,0,0,18.483,0.42336,442.007,0,0.742827,0,0,0.959346,0.216518,1.028160,1,0,16.0587,0,0,0,16.0587,0
46.2,2.3049,0,0,1.79793,0.224858,0.36288,3.6288,59.6406,0.257385,0,0,0.502587,0.189926,0,0.66528,12.849,1,0.626194,0.36288,0,32.7688,4.12671,28.3787,0.84672,12.849,0.84672,3695.15,0,18.483,0.0798392,0.226074,1.60393,5.03254,0.922835,5.85987,0.42336,0,0,18.483,0.42336,442.007,0,1.02816,0,0,1.25423,0.226074,1.028160,1,0,34.2386,0,0,0,34.2386,0
46.1731,2.29366,0,0,2.85178,0.222151,0.36288,3.6288,60.2452,0.257608,0,0,1.05219,0.189993,0,0.66528,12.849,1,0.637905,0.36288,0,44.5849,4.12671,40.1832,0.84672,12.849,0.84672,3695.15,0,18.483,0.0798344,1.12096,1.60418,8.10305,0.922835,9.82553,0.42336,0,0,18.483,0.42336,442.007,0,1.02816,0,0,2.14912,1.12096,1.028160,1,0,50.0087,0,0,0,50.0087,0
45.2994,2.12099,0,0,1.83222,0.222085,0.36288,3.6288,60.6856,0.153405,0,0,0.784519,0.190727,0,0.66528,12.849,1,0.590227,0.36288,0,30.6645,4.12671,26.3104,0.84672,12.849,0.84672,3695.15,0,18.483,0.047064,0.835946,1.60444,7.99485,0.922835,9.46534,0.42336,0,0,18.483,0.42336,442.007,0,1.02816,0,0,1.86411,0.835946,1.028160,1,0,35.7758,0,0,0,35.7758,0
44.7044,2.11246,0,0,2.11976,0.239439,0.36288,3.6288,60.9739,0.153817,0,0,0.656487,0.214279,0,0.66528,12.849,1,0.599191,0.36288,0,36.255,3.90684,32.1118,0.84672,12.849,0.84672,3695.15,0,18.483,0.046848,0.705467,1.45732,4.80324,0.940247,5.97893,0.42336,0,0,18.483,0.42336,442.007,0,1.02816,0,0,1.73363,0.705467,1.028160,1,0,38.0908,0,0,0,38.0908,0
45.6689,2.1066,0,0,3.65647,0.222497,0.36288,3.6288,61.308,0.154138,0,0,0.958167,0.214257,0.255715,0.66528,12.849,1,0.605483,0.36288,0,70.7534,3.65652,66.8543,0.84672,12.849,0.84672,3695.15,0,18.483,0.0467237,1.5867,1.45755,5.27492,0.909304,7.36315,0.42336,0,0,18.483,0.42336,442.007,0,1.02816,0,0,2.61486,1.5867,1.028160,1,0,74.4731,0,0,0,74.4731,0
45.1095,2.11692,0,0,2.14533,0.224926,0.36288,3.6288,61.308,0.154484,0,0,0.639026,0.214711,0.269831,0.66528,12.849,1,0.595599,0.36288,0,59.1027,3.65652,55.2135,0.84672,12.849,0.84672,3695.15,0,18.483,0.0465736,1.07897,1.45779,4.56912,0.909304,6.15,0.42336,0,0,18.483,0.42336,442.007,0,1.02816,0,0,2.10713,1.07897,1.028160,1,0,61.6333,0,0,0,61.6333,0
43.961,2.11151,0,0,1.54944,0.223517,0.36288,3.6288,61.1814,0.279952,0,0,0.368104,0.214711,0,0.66528,12.849,1,0.601443,0.36288,0,33.7065,3.65652,29.8115,0.84672,12.849,0.84672,3695.15,0,18.483,0.0843994,0.412474,1.45802,4.59157,0.909304,5.46836,0.42336,0,0,18.483,0.42336,442.007,0,0.865063,0,0,1.27754,0.412474,1.028160,1,0,35.2798,0,0,0,35.2798,0
44.5479,2.09935,0,0,3.29143,0.242249,0.36288,3.6288,61.308,0.154561,0,0,0.864314,0.248194,0.334999,0.66528,12.849,1,0.613602,0.36288,0,50.5163,4.55281,45.7127,0.84672,12.849,0.84672,3695.15,0,18.483,0.0466932,1.60243,1.45825,5.22726,1.2288,7.01246,0.42336,0,0,18.483,0.42336,442.007,0,1.02816,0,0,2.63059,1.60243,1.028160,1,0,53.0602,0,0,0,53.0602,0
46.2376,2.17193,0,0,4.44779,0.223331,0.36288,3.6288,61.308,0.185332,0,0,1.54494,0.239268,1.12034,0.66528,12.849,1,0.626452,0.36288,0,60.8868,4.79357,55.8296,0.84672,12.849,0.84672,3695.15,0,18.483,0.0558736,2.22442,1.45825,6.71082,1.40364,8.93398,0.42336,0,0,18.483,0.42336,442.007,0,1.02816,0,0,3.25258,2.22442,1.028160,1,0,65.884,0,0,0,65.884,0
46.4404,2.19018,0,0,2.98348,0.22761,0.36288,3.6288,61.308,0.185482,0,0,1.31631,0.239268,0.891563,0.66528,12.849,1,0.608631,0.36288,0,53.8492,4.79357,48.8099,0.84672,12.849,0.84672,3695.15,0,18.483,0.0559186,1.86634,1.50513,6.39033,1.40364,8.30224,0.42336,0,0,18.483,0.42336,442.007,0,1.02816,0,0,2.8945,1.86634,1.028160,1,0,58.0037,0,0,0,58.0037,0
46.0209,2.1926,0,0,2.36409,0.228123,0.36288,3.6288,61.308,0.185631,0,0,1.07978,0.239268,0.654876,0.66528,12.849,1,0.606642,0.36288,0,48.4644,4.79357,43.427,0.84672,12.849,0.84672,3695.15,0,18.483,0.0559637,1.41773,1.50536,5.3541,1.40364,6.81758,0.42336,0,0,18.483,0.42336,442.007,0,1.02816,0,0,2.44589,1.41773,1.028160,1,0,50.8995,0,0,0,50.8995,0
45.9687,2.18861,0,0,2.71248,0.213185,0.36288,3.6288,61.308,0.185781,0,0,1.33541,0.231971,0.917655,0.66528,12.849,1,0.611058,0.36288,0,49.692,4.74587,44.698,0.84672,12.849,0.84672,3695.15,0,18.483,0.0560087,1.69795,1.50559,6.106,1.32138,7.93215,0.42336,0,0,18.483,0.42336,442.007,0,1.02816,0,0,2.72611,1.69795,1.028160,1,0,53.5478,0,0,0,53.5478,0
46.662,2.40186,0,0,3.66521,0.207174,0.36288,3.6288,61.308,0.300678,0,0,1.52384,0.238328,0.984831,0.66528,12.849,1,0.671358,0.36288,0,77.6577,4.02868,73.3205,0.84672,12.849,0.84672,3695.15,0,18.483,0.0906478,1.96821,1.50582,7.51069,1.12072,9.77336,0.42336,0,0,18.483,0.42336,442.007,0,1.02816,0,0,2.99637,1.96821,1.028160,1,0,84.0787,0,0,0,84.0787,0
48.0689,2.41005,0,0,4.39071,0.210893,0.36288,3.6288,61.308,0.300845,0,0,1.74341,0.241009,1.20156,0.66528,12.849,1,0.663638,0.36288,0,90.866,3.91976,86.6455,0.84672,12.849,0.84672,3695.15,0,18.483,0.0906981,2.42392,1.67261,9.28454,1.10555,12.1848,0.42336,0,0,18.483,0.42336,442.007,0,1.02816,0,0,3.45208,2.42392,1.028160,1,0,100.032,0,0,0,100.032,0
49.6127,2.42574,0,0,4.56813,0.235687,0.36288,3.6288,61.308,0.301012,0,0,2.02734,0.227659,1.49867,0.66528,12.849,1,0.648411,0.36288,0,94.7747,3.91543,90.5738,0.84672,12.849,0.84672,3695.15,0,18.483,0.0907485,3.09398,1.67287,10.3755,1.12012,13.9315,0.42336,0,0,18.483,0.42336,442.007,0,1.02816,0,0,4.12214,3.09398,1.028160,1,0,106.004,0,0,0,106.004,0
51.5584,2.44214,0,0,5.00672,0.256054,0.36288,3.6288,61.308,0.30118,0,0,2.09962,0.217646,1.58079,0.66528,12.849,1,0.632481,0.36288,0,83.5583,3.91219,79.3765,0.84672,12.849,0.84672,3695.15,0,18.483,0.0907989,3.83172,1.67313,11.041,1.13104,15.324,0.42336,0,0,18.483,0.42336,442.007,0,1.02816,0,0,4.85988,3.83172,1.028160,1,0,96.2813,0,0,0,96.2813,0
54.7341,2.1496,0,0,5.96388,0.275634,0.36288,3.6288,61.308,0.147259,0,0,1.96463,0.203217,1.61416,0.66528,12.849,1,0.535708,0.36288,0,127.243,3.13532,123.935,0.84672,12.849,0.84672,3695.15,0,18.483,0.0443954,2.25056,1.67338,9.39531,0.796288,12.4786,0.42336,0,0,18.483,0.42336,442.007,0,1.02816,0,0,3.27872,2.25056,1.028160,1,0,138.028,0,0,0,138.028,0
56.7661,2.17511,0,0,4.85711,0.287201,0.36288,3.6288,61.308,0.147403,0,0,1.88997,0.200812,1.54175,0.66528,12.849,1,0.510613,0.36288,0,88.2058,3.00583,85.0522,0.84672,12.849,0.84672,3695.15,0,18.483,0.0444387,1.34212,1.44566,8.94897,0.740496,10.9518,0.42336,0,0,18.483,0.42336,442.007,0,1.02816,0,0,2.37028,1.34212,1.028160,1,0,97.5457,0,0,0,97.5457,0
57.3646,2.19035,0,0,3.44484,0.293078,0.36288,3.6288,61.308,0.147547,0,0,1.466,0.200812,1.11764,0.66528,12.849,1,0.495785,0.36288,0,80.5542,3.00583,77.4154,0.84672,12.849,0.84672,3695.15,0,18.483,0.044482,1.2871,1.44588,7.05787,0.740496,9.00587,0.42336,0,0,18.483,0.42336,442.007,0,1.02816,0,0,2.31526,1.2871,1.028160,1,0,87.5389,0,0,0,87.5389,0
59.152,2.19491,0,0,4.62999,0.284799,0.36288,3.6288,61.308,0.14769,0,0,1.56612,0.194796,1.22364,0.66528,12.849,1,0.491634,0.36288,0,92.874,2.91864,89.8266,0.84672,12.849,0.84672,3695.15,0,18.483,0.0445253,1.02428,1.4461,7.7798,0.72797,9.47769,0.42336,0,0,18.483,0.42336,442.007,0,1.02816,0,0,2.05244,1.02428,1.028160,1,0,100.528,0,0,0,100.528,0
60.6375,2.20745,0,0,4.30808,0.25221,0.36288,3.6288,61.308,0.147834,0,0,1.83043,0.188623,1.49397,0.66528,12.849,1,0.479503,0.36288,0,110.757,3.66145,106.979,0.84672,12.849,0.84672,3695.15,0,18.483,0.0445686,1.87662,1.44632,7.3408,0.874875,9.7443,0.42336,0,0,18.483,0.42336,442.007,0,1.02816,0,0,2.90478,1.87662,1.028160,1,0,118.217,0,0,0,118.217,0
62.5695,2.29851,0,0,4.8298,0.23642,0.36288,3.6288,61.308,0.185702,0,0,1.86747,0.143417,1.53835,0.66528,12.849,1,0.48705,0.36288,0,109.121,3.47025,105.527,0.84672,12.849,0.84672,3695.15,0,18.483,0.055985,1.46355,1.44654,6.89446,0.78856,8.96,0.42336,0,0,18.483,0.42336,442.007,0,1.02816,0,0,2.49171,1.46355,1.028160,1,0,116.025,0,0,0,116.025,0
63.9442,2.31134,0,0,4.28909,0.240222,0.36288,3.6288,61.308,0.185851,0,0,1.48538,0.143417,1.15611,0.66528,12.849,1,0.474646,0.36288,0,99.703,3.47025,96.121,0.84672,12.849,0.84672,3695.15,0,18.483,0.0560301,1.37591,1.5031,5.64407,0.78856,7.67849,0.42336,0,0,18.483,0.42336,442.007,0,1.02816,0,0,2.40407,1.37591,1.028160,1,0,104.956,0,0,0,104.956,0
67.4292,2.32019,0,0,6.41431,0.246189,0.36288,3.6288,61.308,0.186001,0,0,1.68227,0.127952,1.36832,0.66528,12.849,1,0.466221,0.36288,0,137.533,3.0342,134.396,0.84672,12.849,0.84672,3695.15,0,18.483,0.0560752,2.16658,1.50333,15.0548,0.700606,17.968,0.42336,0,0,18.483,0.42336,442.007,0,1.02816,0,0,3.19474,2.16658,1.028160,1,0,153.732,0,0,0,153.732,0
68.707,2.34079,0,0,4.18471,0.203274,0.36288,3.6288,61.308,0.186151,0,0,1.37271,0.152011,1.03454,0.66528,12.849,1,0.44605,0.36288,0,101.502,2.89812,98.5206,0.84672,12.849,0.84672,3695.15,0,18.483,0.0561203,1.58484,1.50356,7.48672,0.732519,9.78649,0.42336,0,0,18.483,0.42336,442.007,0,1.02816,0,0,2.613,1.58484,1.028160,1,0,109.342,0,0,0,109.342,0
68.531,2.31577,0,0,2.66623,0.163592,0.36288,3.6288,61.308,0.171639,0,0,0.923435,0.182987,0.568808,0.66528,12.849,1,0.433076,0.36288,0,65.8904,4.16304,61.6571,0.84672,12.849,0.84672,3695.15,0,18.483,0.0517455,1.52683,1.50379,6.81216,0.995787,8.79525,0.42336,0,0,18.483,0.42336,442.007,0,1.02816,0,0,2.55499,1.52683,1.028160,1,0,71.0212,0,0,0,71.0212,0
68.4378,2.31519,0,0,2.7483,0.163368,0.36288,3.6288,61.308,0.171787,0,0,0.974523,0.182987,0.619749,0.66528,12.849,1,0.434079,0.36288,0,63.4651,4.16304,59.2309,0.84672,12.849,0.84672,3695.15,0,18.483,0.0517899,1.50593,1.48208,5.87428,0.995787,7.8147,0.42336,0,0,18.483,0.42336,442.007,0,1.02816,0,0,2.53409,1.50593,1.028160,1,0,67.6653,0,0,0,67.6653,0
69.3881,2.31505,0,0,3.7766,0.148472,0.36288,3.6288,61.308,0.171934,0,0,1.0717,0.186557,0.713205,0.66528,12.849,1,0.434643,0.36288,0,82.7453,4.2714,78.4021,0.84672,12.849,0.84672,3695.15,0,18.483,0.0518343,1.81418,1.48231,5.86752,0.975727,8.13644,0.42336,0,0,18.483,0.42336,442.007,0,1.02816,0,0,2.84234,1.81418,1.028160,1,0,87.2518,0,0,0,87.2518,0
68.9984,2.32043,0,0,2.40601,0.112357,0.36288,3.6288,61.308,0.172082,0,0,0.904219,0.195483,0.536655,0.66528,12.849,1,0.429687,0.36288,0,60.5669,4.5423,55.9578,0.84672,12.849,0.84672,3695.15,0,18.483,0.0518788,1.32233,1.48253,5.20494,0.925579,7.03235,0.42336,0,0,18.483,0.42336,442.007,0,1.02816,0,0,2.35049,1.32233,1.028160,1,0,63.5268,0,0,0,63.5268,0
68.3711,2.42873,0,0,2.28401,0.119697,0.36288,3.6288,61.308,0.224252,0,0,0.817068,0.216318,0.376498,0.66528,12.849,1,0.452282,0.36288,0,48.3881,4.53375,43.765,0.84672,12.849,0.84672,3695.15,0,18.483,0.0676069,1.19011,1.48276,5.00766,1.06405,6.54887,0.42336,0,0,18.483,0.42336,442.007,0,1.02816,0,0,2.21827,1.19011,1.028160,1,0,50.6904,0,0,0,50.6904,0
67.7275,2.42561,0,0,2.26706,0.12217,0.36288,3.6288,61.308,0.224407,0,0,0.752656,0.224652,0.303598,0.66528,12.849,1,0.455845,0.36288,0,42.1291,4.53033,37.5058,0.84672,12.849,0.84672,3695.15,0,18.483,0.0676538,1.00129,1.55975,4.85695,1.11944,6.2309,0.42336,0,0,18.483,0.42336,442.007,0,1.02816,0,0,2.02945,1.00129,1.028160,1,0,44.0403,0,0,0,44.0403,0
66.8661,2.42234,0,0,2.01761,0.0937606,0.36288,3.6288,61.308,0.224563,0,0,0.714407,0.243538,0.246306,0.66528,12.849,1,0.459557,0.36288,0,37.2704,4.74453,32.4292,0.84672,12.849,0.84672,3695.15,0,18.483,0.0677007,0.915944,1.55999,4.72478,1.17417,5.95885,0.42336,0,0,18.483,0.42336,442.007,0,1.02816,0,0,1.9441,0.915944,1.028160,1,0,38.6343,0,0,0,38.6343,0
65.9233,2.41774,0,0,1.91021,0.0724209,0.36288,3.6288,61.308,0.224718,0,0,0.684642,0.257703,0.202221,0.66528,12.849,1,0.464594,0.36288,0,35.5128,4.90518,30.5059,0.84672,12.849,0.84672,3695.15,0,18.483,0.0677475,0.801127,1.56023,4.67264,1.21521,5.75103,0.42336,0,0,18.483,0.42336,442.007,0,1.02816,0,0,1.82929,0.801127,1.028160,1,0,36.4592,0,0,0,36.4592,0
64.9995,2.41255,0,0,1.92059,0.0689671,0.36288,3.6288,61.308,0.224874,0,0,0.624072,0.273147,0.126051,0.66528,12.849,1,0.470226,0.36288,0,33.8581,5.01795,28.7328,0.84672,12.849,0.84672,3695.15,0,18.483,0.0677944,0.506416,1.56047,3.64421,1.23549,4.40782,0.42336,0,0,18.483,0.42336,442.007,0,1.02816,0,0,1.53458,0.506416,1.028160,1,0,33.2667,0,0,0,33.2667,0
64.1817,2.38578,0,0,1.99547,0.0646031,0.36288,3.6288,61.2386,0.343975,0,0,0.5683,0.293738,0,0.66528,12.849,1,0.471617,0.36288,0,32.1894,5.16831,26.9124,0.84672,12.849,0.84672,3695.15,0,18.483,0.103701,0.30119,1.5607,2.11988,1.26252,2.61556,0.42336,0,0,18.483,0.42336,442.007,0,0.910596,0,0,1.21179,0.30119,1.028160,1,0,29.528,0,0,0,29.528,0
63.234,2.38114,0,0,1.86045,0.0641787,0.36288,3.6288,61.1401,0.350887,0,0,0.546051,0.29361,0,0.66528,12.849,1,0.476697,0.36288,0,31.7638,5.16831,26.4816,0.84672,12.849,0.84672,3695.15,0,18.483,0.105905,0.261274,1.58488,2.16614,1.26252,2.64387,0.42336,0,0,18.483,0.42336,442.007,0,0.901688,0,0,1.16296,0.261274,1.028160,1,0,29.1255,0,0,0,29.1255,0
62.1171,2.37556,0,0,1.6853,0.063687,0.36288,3.6288,60.9732,0.395294,0,0,0.521794,0.293427,0,0.66528,12.849,1,0.482709,0.36288,0,31.2155,5.16831,25.9274,0.84672,12.849,0.84672,3695.15,0,18.483,0.119499,0.261274,1.58512,2.04638,1.26252,2.51075,0.42336,0,0,18.483,0.42336,442.007,0,0.843895,0,0,1.10517,0.261274,1.028160,1,0,28.4382,0,0,0,28.4382,0
60.8613,2.36874,0,0,1.53448,0.0587146,0.36288,3.6288,60.6864,0.476203,0,0,0.49347,0.304063,0,0.66528,12.849,1,0.489976,0.36288,0,27.479,5.30946,22.0424,0.84672,12.849,0.84672,3695.15,0,18.483,0.144353,0.261274,1.58536,1.98616,1.31404,2.37441,0.42336,0,0,18.483,0.42336,442.007,0,0.73834,0,0,0.999613,0.261274,1.028160,1,0,24.4169,0,0,0,24.4169,0
59.8306,2.41584,0,0,1.79239,0.0443706,0.36288,3.6288,60.6028,0.389032,0,0,0.613024,0.307565,0,0.66528,12.849,1,0.510032,0.36288,0,31.3835,5.75264,25.4837,0.84672,12.849,0.84672,3695.15,0,18.483,0.118486,0.261274,1.58561,2.32254,1.38386,2.66708,0.42336,0,0,18.483,0.42336,442.007,0,0.884797,0,0,1.14607,0.261274,1.028160,1,0,28.1508,0,0,0,28.1508,0
58.6139,2.40898,0,0,1.59913,0.0439655,0.36288,3.6288,60.4723,0.403961,0,0,0.580771,0.307402,0,0.66528,12.849,1,0.517344,0.36288,0,30.0964,5.75264,24.1893,0.84672,12.849,0.84672,3695.15,0,18.483,0.123202,0.261274,1.62401,2.23896,1.38386,2.61719,0.42336,0,0,18.483,0.42336,442.007,0,0.865365,0,0,1.12664,0.261274,1.028160,1,0,26.8065,0,0,0,26.8065,0
57.3016,2.40054,0,0,1.49458,0.0434531,0.36288,3.6288,60.2524,0.470247,0,0,0.557587,0.307147,0,0.66528,12.849,1,0.526233,0.36288,0,28.0536,5.75264,22.1376,0.84672,12.849,0.84672,3695.15,0,18.483,0.143728,0.227405,1.62426,2.17401,1.38386,2.49809,0.42336,0,0,18.483,0.42336,442.007,0,0.778766,0,0,1.00617,0.227405,1.028160,1,0,24.6357,0,0,0,24.6357,0
55.8794,2.39106,0,0,1.37469,0.0429005,0.36288,3.6288,59.9723,0.505891,0,0,0.532507,0.306718,0,0.66528,12.849,1,0.536159,0.36288,0,22.4104,5.75264,16.4845,0.84672,12.849,0.84672,3695.15,0,18.483,0.155187,0.227405,1.62451,2.03187,1.38386,2.34474,0.42336,0,0,18.483,0.42336,442.007,0,0.731877,0,0,0.959282,0.227405,1.028160,1,0,18.8293,0,0,0,18.8293,0
54.4213,2.5393,0,0,1.49354,0.0495176,0.36288,3.6288,59.7767,0.503662,0,0,0.601283,0.293267,0,0.66528,12.849,1,0.583892,0.36288,0,23.2778,5.36198,17.6948,0.84672,12.849,0.84672,3695.15,0,18.483,0.155225,0.227405,1.62476,2.23038,1.36956,2.55776,0.42336,0,0,18.483,0.42336,442.007,0,0.854228,0,0,1.08163,0.227405,1.028160,1,0,20.2526,0,0,0,20.2526,0
52.9593,2.52704,0,0,1.48427,0.056383,0.36288,3.6288,59.6693,0.471153,0,0,0.64317,0.27939,0,0.66528,12.849,1,0.596639,0.36288,0,26.6918,5.06068,21.3974,0.84672,12.849,0.84672,3695.15,0,18.483,0.145681,0.227405,1.75432,2.41044,1.29474,2.95174,0.42336,0,0,18.483,0.42336,442.007,0,0.896512,0,0,1.12392,0.227405,1.028160,1,0,24.3491,0,0,0,24.3491,0
51.5759,2.51417,0,0,1.54922,0.0555503,0.36288,3.6288,59.6546,0.379727,0,0,0.644181,0.279199,0,0.66528,12.849,1,0.609988,0.36288,0,26.6378,5.06068,21.33,0.84672,12.849,0.84672,3695.15,0,18.483,0.117623,0.204422,1.75459,2.70399,1.29474,3.25064,0.42336,0,0,18.483,0.42336,442.007,0,1.01623,0,0,1.22065,0.204422,1.028160,1,0,24.5807,0,0,0,24.5807,0
50.453,2.50145,0,0,1.7962,0.0547623,0.36288,3.6288,59.6375,0.411346,0,0,0.673445,0.279172,0,0.66528,12.849,1,0.623182,0.36288,0,25.4165,5.06068,20.0956,0.84672,12.849,0.84672,3695.15,0,18.483,0.127449,0.204422,1.75486,3.37374,1.29474,3.91083,0.42336,0,0,18.483,0.42336,442.007,0,0.975015,0,0,1.17944,0.204422,1.028160,1,0,24.0064,0,0,0,24.0064,0
49.3106,2.49078,0,0,1.77798,0.0667592,0.36288,3.6288,59.6559,0.370924,0,0,0.668066,0.278763,0,0.66528,12.849,1,0.634333,0.36288,0,36.6053,5.14349,31.1903,0.84672,12.849,0.84672,3695.15,0,18.483,0.114958,0.425987,1.75513,3.14041,1.33162,3.87494,0.42336,0,0,18.483,0.42336,442.007,0,1.02816,0,0,1.45415,0.425987,1.028160,1,0,35.0653,0,0,0,35.0653,0
49.8709,2.40385,0,0,3.41705,0.0900192,0.36288,3.6288,60.0534,0.315504,0,0,0.990723,0.277707,0,0.66528,12.849,1,0.626378,0.36288,0,50.5437,5.31164,44.9686,0.84672,12.849,0.84672,3695.15,0,18.483,0.0977517,1.95146,1.75539,6.07128,1.43143,8.24896,0.42336,0,0,18.483,0.42336,442.007,0,1.02816,0,0,2.97962,1.95146,1.028160,1,0,53.2176,0,0,0,53.2176,0
50.2231,2.40981,0,0,3.2155,0.0905582,0.36288,3.6288,60.4704,0.316168,0,0,1.01161,0.278412,0,0.66528,12.849,1,0.620877,0.36288,0,67.1261,5.31164,61.5565,0.84672,12.849,0.84672,3695.15,0,18.483,0.0973089,2.42992,1.6815,5.64589,1.43143,8.22857,0.42336,0,0,18.483,0.42336,442.007,0,1.02816,0,0,3.45808,2.42992,1.028160,1,0,69.7851,0,0,0,69.7851,0
49.2654,2.41365,0,0,1.90972,0.090896,0.36288,3.6288,60.5656,0.316851,0,0,0.691217,0.279152,0,0.66528,12.849,1,0.617504,0.36288,0,46.6663,5.31164,41.1,0.84672,12.849,0.84672,3695.15,0,18.483,0.0968466,1.00022,1.68176,3.67006,1.43143,4.82376,0.42336,0,0,18.483,0.42336,442.007,0,1.02816,0,0,2.02838,1.00022,1.028160,1,0,45.9238,0,0,0,45.9238,0
49.0099,2.4045,0,0,2.63715,0.125225,0.36288,3.6288,60.9173,0.317137,0,0,0.948387,0.279559,0,0.66528,12.849,1,0.627121,0.36288,0,49.1162,5.03692,43.815,0.84672,12.849,0.84672,3695.15,0,18.483,0.0967817,1.31242,1.68202,4.9261,1.38014,6.44362,0.42336,0,0,18.483,0.42336,442.007,0,1.02816,0,0,2.34058,1.31242,1.028160,1,0,50.2586,0,0,0,50.2586,0
50.8208,2.34022,0,0,4.69891,0.184996,0.36288,3.6288,61.308,0.266823,0,0,1.76514,0.275931,0.83172,0.66528,12.849,1,0.613538,0.36288,0,69.6447,4.77315,64.6209,0.84672,12.849,0.84672,3695.15,0,18.483,0.080957,4.35043,1.68228,6.35405,1.27879,11.027,0.42336,0,0,18.483,0.42336,442.007,0,1.02816,0,0,5.37859,4.35043,1.028160,1,0,76.4796,0,0,0,76.4796,0
53.1132,2.35803,0,0,5.2018,0.188453,0.36288,3.6288,61.308,0.267381,0,0,2.50146,0.27263,1.96145,0.66528,12.849,1,0.59618,0.36288,0,92.9249,4.79336,87.8983,0.84672,12.849,0.84672,3695.15,0,18.483,0.0806094,5.67112,1.61658,12.7699,1.28151,18.6955,0.42336,0,0,18.483,0.42336,442.007,0,1.02816,0,0,6.69928,5.67112,1.028160,1,0,108.555,0,0,0,108.555,0
54.8943,2.37911,0,0,4.71613,0.192982,0.36288,3.6288,61.308,0.267543,0,0,2.09725,0.27263,1.55707,0.66528,12.849,1,0.575549,0.36288,0,94.538,4.79336,89.532,0.84672,12.849,0.84672,3695.15,0,18.483,0.0806583,4.59704,1.61683,9.01948,1.28151,13.8712,0.42336,0,0,18.483,0.42336,442.007,0,1.02816,0,0,5.6252,4.59704,1.028160,1,0,104.96,0,0,0,104.96,0
61.292,2.39461,0,0,9.36144,0.20631,0.36288,3.6288,61.308,0.267705,0,0,2.99097,0.264799,2.45846,0.66528,12.849,1,0.560502,0.36288,0,199.75,4.68453,194.868,0.84672,12.849,0.84672,3695.15,0,18.483,0.0807072,6.48615,1.61708,14.0139,1.25068,20.7858,0.42336,0,0,18.483,0.42336,442.007,0,1.02816,0,0,7.51431,6.48615,1.028160,1,0,218.112,0,0,0,218.112,0
64.8886,2.25934,0,0,6.47131,0.252433,0.36288,3.6288,61.308,0.161609,0,0,4.59841,0.257967,4.17883,0.66528,12.849,1,0.473639,0.36288,0,100.501,4.09872,96.2919,0.84672,12.849,0.84672,3695.15,0,18.483,0.0487214,6.67024,1.61733,12.4982,1.06718,19.6699,0.42336,0,0,18.483,0.42336,442.007,0,1.02816,0,0,7.6984,6.67024,1.028160,1,0,120.141,0,0,0,120.141,0
67.7975,2.2816,0,0,5.7905,0.237197,0.36288,3.6288,61.308,0.161754,0,0,5.96276,0.288082,5.51292,0.66528,12.849,1,0.451795,0.36288,0,164.141,4.14907,159.903,0.84672,12.849,0.84672,3695.15,0,18.483,0.0487654,8.32533,1.46902,18.1818,1.06828,26.8591,0.42336,0,0,18.483,0.42336,442.007,0,1.02816,0,0,9.35349,8.32533,1.028160,1,0,192.275,0,0,0,192.275,0
72.29,2.29825,0,0,8.33273,0.242744,1.29919,3.6288,61.308,0.1619,0,0,13.7465,0.288082,13.2965,0.66528,12.849,1,0.435566,1.29919,0,178.645,4.14907,175.36,0.84672,12.849,0.84672,3695.15,0,18.483,0.0488094,16.7702,1.46924,35.8021,1.06828,52.9245,0.42336,0,0,18.483,0.42336,442.007,0,1.02816,0,0,17.7984,16.7702,1.028160,1,0,241.58,0,0,0,241.58,0
72.29,2.32159,0,0,10.3631,0.25131,7.79017,3.6288,61.308,0.162046,0,0,7.51692,0.288082,7.06679,0.66528,12.849,1,0.412645,7.79017,0,241.921,4.14907,245.149,0.84672,12.849,0.84672,3695.15,0,18.483,0.0488533,10.013,1.46947,23.7063,1.06828,34.0716,0.42336,0,0,18.483,0.42336,442.007,0,1.02816,0,0,11.0411,10.013,1.028160,1,0,286.288,0,0,0,286.288,0
72.29,2.32195,0,0,8.32257,0.249151,5.75147,3.6288,61.308,0.162192,0,0,5.39326,0.243026,4.98804,0.66528,12.849,1,0.412709,5.75147,0,177.619,4.24773,178.71,0.84672,12.849,0.84672,3695.15,0,18.483,0.0488974,7.76882,1.46969,16.8659,1.10078,24.9547,0.42336,0,0,18.483,0.42336,442.007,0,1.02816,0,0,8.79698,7.76882,1.028160,1,0,208.652,0,0,0,208.652,0
72.29,2.39505,0,0,6.74954,0.282505,4.07199,3.6288,61.308,0.193128,0,0,2.23442,0.184519,1.85677,0.66528,12.849,1,0.425702,4.07199,0,165.559,3.40274,165.802,0.84672,12.849,0.84672,3695.15,0,18.483,0.0582239,4.3827,1.46992,12.8909,0.971768,17.7135,0.42336,0,0,18.483,0.42336,442.007,0,1.02816,0,0,5.41086,4.3827,1.028160,1,0,185.373,0,0,0,185.373,0
72.29,2.3954,0,0,6.61286,0.282505,3.93495,3.6288,61.308,0.193273,0,0,2.10895,0.184519,1.73115,0.66528,12.849,1,0.425764,3.93495,0,185.024,3.40274,185.13,0.84672,12.849,0.84672,3695.15,0,18.483,0.0582674,4.41789,1.51716,12.0873,0.971768,16.9923,0.42336,0,0,18.483,0.42336,442.007,0,1.02816,0,0,5.44605,4.41789,1.028160,1,0,203.854,0,0,0,203.854,0
72.29,2.39575,0,0,9.55111,0.282505,6.87285,3.6288,61.308,0.193417,0,0,2.00262,0.184519,1.62469,0.66528,12.849,1,0.425827,6.87285,0,206.7,3.40274,209.744,0.84672,12.849,0.84672,3695.15,0,18.483,0.0583109,4.54109,1.51738,13.6819,0.971768,18.7103,0.42336,0,0,18.483,0.42336,442.007,0,1.02816,0,0,5.56925,4.54109,1.028160,1,0,230.079,0,0,0,230.079,0
72.29,2.3961,0,0,9.79154,0.27291,7.12253,3.6288,61.308,0.193561,0,0,2.97315,0.217757,2.56183,0.66528,12.849,1,0.425889,7.12253,0,334.877,4.14361,337.43,0.84672,12.849,0.84672,3695.15,0,18.483,0.0583544,5.79919,1.51761,16.6018,1.0306,22.8296,0.42336,0,0,18.483,0.42336,442.007,0,1.02816,0,0,6.82735,5.79919,1.028160,1,0,362.821,0,0,0,362.821,0
72.29,2.6302,0,0,7.90254,0.264047,5.0083,3.6288,61.308,0.309368,0,0,2.6318,0.193377,2.12905,0.66528,12.849,1,0.467498,5.0083,0,271.843,4.43193,271.952,0.84672,12.849,0.84672,3695.15,0,18.483,0.0932675,5.23457,1.51783,14.1798,1.14652,19.6924,0.42336,0,0,18.483,0.42336,442.007,0,1.02816,0,0,6.26273,5.23457,1.028160,1,0,293.773,0,0,0,293.773,0
72.29,2.63059,0,0,7.07002,0.261451,4.17798,3.6288,61.308,0.309529,0,0,2.66604,0.188649,2.16787,0.66528,12.849,1,0.467567,4.17798,0,208.061,4.59134,207.18,0.84672,12.849,0.84672,3695.15,0,18.483,0.0933161,4.98243,1.68594,14.3059,1.20869,19.6722,0.42336,0,0,18.483,0.42336,442.007,0,1.02816,0,0,6.01059,4.98243,1.028160,1,0,229.02,0,0,0,229.02,0
72.29,2.63097,0,0,6.89785,0.326176,3.9407,3.6288,61.308,0.30969,0,0,2.63826,0.196908,2.13166,0.66528,12.849,1,0.467635,3.9407,0,195.516,4.45933,194.53,0.84672,12.849,0.84672,3695.15,0,18.483,0.0933648,4.65693,1.68619,13.8533,1.17388,18.9292,0.42336,0,0,18.483,0.42336,442.007,0,1.02816,0,0,5.68509,4.65693,1.028160,1,0,215.591,0,0,0,215.591,0
72.29,2.63136,0,0,6.74462,0.352066,3.76119,3.6288,61.308,0.309852,0,0,1.74125,0.200212,1.23119,0.66528,12.849,1,0.467704,3.76119,0,238.772,4.40654,237.659,0.84672,12.849,0.84672,3695.15,0,18.483,0.0934134,3.57451,1.68644,9.89755,1.15995,13.9051,0.42336,0,0,18.483,0.42336,442.007,0,1.02816,0,0,4.60267,3.57451,1.028160,1,0,252.795,0,0,0,252.795,0
72.29,2.29815,0,0,5.02295,0.333205,2.39159,3.6288,61.308,0.154702,0,0,1.40971,0.208992,1.04602,0.66528,12.849,1,0.408479,2.39159,0,276.817,4.48004,274.32,0.84672,12.849,0.84672,3695.15,0,18.483,0.0466392,3.02103,1.68668,8.81868,1.1228,12.3569,0.42336,0,0,18.483,0.42336,442.007,0,1.02816,0,0,4.04919,3.02103,1.028160,1,0,287.723,0,0,0,287.723,0
72.29,2.29849,0,0,5.53023,0.32566,2.90608,3.6288,61.308,0.154841,0,0,0.958884,0.212504,0.59154,0.66528,12.849,1,0.408539,2.90608,0,239.867,4.50944,237.855,0.84672,12.849,0.84672,3695.15,0,18.483,0.046681,3.95928,1.45714,9.50314,1.10794,13.7649,0.42336,0,0,18.483,0.42336,442.007,0,1.02816,0,0,4.98744,3.95928,1.028160,1,0,252.212,0,0,0,252.212,0
72.29,2.29883,0,0,9.87361,0.32566,7.24912,3.6288,61.308,0.154979,0,0,2.27315,0.212504,1.90567,0.66528,12.849,1,0.408599,7.24912,0,264.321,4.50944,266.652,0.84672,12.849,0.84672,3695.15,0,18.483,0.0467228,6.11502,1.45735,13.8509,1.10794,20.2686,0.42336,0,0,18.483,0.42336,442.007,0,1.02816,0,0,7.14318,6.11502,1.028160,1,0,288.826,0,0,0,288.826,0
72.29,2.29917,0,0,7.26486,0.326991,4.6387,3.6288,61.308,0.155118,0,0,1.46883,0.155731,1.15799,0.66528,12.849,1,0.408659,4.6387,0,242.569,4.24896,242.55,0.84672,12.849,0.84672,3695.15,0,18.483,0.0467646,3.97482,1.45756,11.4882,1.01407,15.8597,0.42336,0,0,18.483,0.42336,442.007,0,1.02816,0,0,5.00298,3.97482,1.028160,1,0,259.568,0,0,0,259.568,0
72.29,2.2995,0,0,5.90194,0.3251,3.27734,3.6288,61.308,0.155257,0,0,1.40524,0.156412,1.09358,0.66528,12.849,1,0.408719,3.27734,0,213.798,4.25853,212.408,0.84672,12.849,0.84672,3695.15,0,18.483,0.0468064,4.41405,1.45778,10.6148,1.01205,15.4277,0.42336,0,0,18.483,0.42336,442.007,0,1.02816,0,0,5.44221,4.41405,1.028160,1,0,228.929,0,0,0,228.929,0
72.29,2.38387,0,0,7.36396,0.319043,4.66104,3.6288,61.308,0.193418,0,0,2.59794,0.214888,2.18964,0.66528,12.849,1,0.423715,4.66104,0,271.479,4.54293,271.174,0.84672,12.849,0.84672,3695.15,0,18.483,0.0583113,8.39886,1.45799,17.3749,1.10085,26.0725,0.42336,0,0,18.483,0.42336,442.007,0,1.02816,0,0,9.42702,8.39886,1.028160,1,0,299.436,0,0,0,299.436,0
72.29,2.38422,0,0,5.80686,0.319043,3.10359,3.6288,61.308,0.193562,0,0,1.96595,0.214888,1.5575,0.66528,12.849,1,0.423777,3.10359,0,211.703,4.54293,209.84,0.84672,12.849,0.84672,3695.15,0,18.483,0.0583548,7.55343,1.51498,11.8413,1.10085,19.7505,0.42336,0,0,18.483,0.42336,442.007,0,1.02816,0,0,8.58159,7.55343,1.028160,1,0,231.148,0,0,0,231.148,0
72.29,2.38457,0,0,5.32271,0.319043,2.61909,3.6288,61.308,0.193707,0,0,1.89346,0.214888,1.48487,0.66528,12.849,1,0.423839,2.61909,0,196.161,4.54293,193.813,0.84672,12.849,0.84672,3695.15,0,18.483,0.0583983,7.45286,1.51521,10.7126,1.10085,18.5214,0.42336,0,0,18.483,0.42336,442.007,0,1.02816,0,0,8.48102,7.45286,1.028160,1,0,213.819,0,0,0,213.819,0
72.29,2.38492,0,0,5.23414,0.247321,2.6019,3.6288,61.308,0.193851,0,0,1.65329,0.206532,1.25291,0.66528,12.849,1,0.423902,2.6019,0,185.712,4.69875,183.191,0.84672,12.849,0.84672,3695.15,0,18.483,0.0584418,7.52717,1.51543,9.75741,0.951499,17.7901,0.42336,0,0,18.483,0.42336,442.007,0,1.02816,0,0,8.55533,7.52717,1.028160,1,0,202.234,0,0,0,202.234,0
72.29,2.3524,0,0,4.2315,0.248955,1.63015,3.6288,61.308,0.179219,0,0,1.06757,0.20297,0.685377,0.66528,12.849,1,0.418121,1.63015,0,132.181,3.30729,130.086,0.84672,12.849,0.84672,3695.15,0,18.483,0.0540306,3.19793,1.51565,5.9751,0.990515,9.64413,0.42336,0,0,18.483,0.42336,442.007,0,1.02816,0,0,4.22609,3.19793,1.028160,1,0,140.415,0,0,0,140.415,0
72.29,2.35274,0,0,3.76362,0.248955,1.16192,3.6288,61.308,0.179361,0,0,1.01667,0.20297,0.634337,0.66528,12.849,1,0.418182,1.16192,0,115.99,3.30729,113.427,0.84672,12.849,0.84672,3695.15,0,18.483,0.0540735,2.88068,1.49376,5.7159,0.990515,9.04575,0.42336,0,0,18.483,0.42336,442.007,0,1.02816,0,0,3.90884,2.88068,1.028160,1,0,123.107,0,0,0,123.107,0
72.29,2.35309,0,0,3.58604,0.193833,1.03912,3.6288,61.308,0.179504,0,0,0.975689,0.215458,0.580728,0.66528,12.849,1,0.418243,1.03912,0,107.003,3.55786,104.066,0.84672,12.849,0.84672,3695.15,0,18.483,0.0541163,2.54012,1.49398,5.48992,1.07942,8.39048,0.42336,0,0,18.483,0.42336,442.007,0,1.02816,0,0,3.56828,2.54012,1.028160,1,0,113.037,0,0,0,113.037,0
72.29,2.35343,0,0,3.49372,0.217451,0.922839,3.6288,61.308,0.179646,0,0,0.976208,0.209664,0.586898,0.66528,12.849,1,0.418305,0.922839,0,102.308,4.75366,98.0588,0.84672,12.849,0.84672,3695.15,0,18.483,0.0541592,2.82753,1.4942,5.26439,1.0453,8.48665,0.42336,0,0,18.483,0.42336,442.007,0,1.02816,0,0,3.85569,2.82753,1.028160,1,0,107.132,0,0,0,107.132,0
72.29,2.46543,0,0,3.37532,0.178757,0.73113,3.6288,61.308,0.23222,0,0,0.980476,0.189538,0.558718,0.66528,12.849,1,0.438212,0.73113,0,100.438,4.2604,96.4708,0.84672,12.849,0.84672,3695.15,0,18.483,0.0700091,2.13924,1.49442,4.67781,0.917307,7.32415,0.42336,0,0,18.483,0.42336,442.007,0,1.02816,0,0,3.1674,2.13924,1.028160,1,0,104.354,0,0,0,104.354,0
72.29,2.46579,0,0,3.44976,0.138553,0.845414,3.6288,61.308,0.23237,0,0,0.987319,0.225041,0.529908,0.66528,12.849,1,0.438276,0.845414,0,97.1361,4.21338,93.3298,0.84672,12.849,0.84672,3695.15,0,18.483,0.0700543,1.69373,1.572,4.68993,1.00546,6.88015,0.42336,0,0,18.483,0.42336,442.007,0,1.02816,0,0,2.72189,1.69373,1.028160,1,0,100.74,0,0,0,100.74,0
72.29,2.46616,0,0,3.07327,0.0990513,0.508066,3.6288,61.308,0.23252,0,0,0.911485,0.25246,0.426506,0.66528,12.849,1,0.438341,0.508066,0,89.9493,4.63795,85.3811,0.84672,12.849,0.84672,3695.15,0,18.483,0.0700995,1.53655,1.57223,4.19712,1.10868,6.12712,0.42336,0,0,18.483,0.42336,442.007,0,1.02816,0,0,2.56471,1.53655,1.028160,1,0,91.9347,0,0,0,91.9347,0
72.29,2.46652,0,0,2.94924,0.0990513,0.383668,3.6288,61.308,0.23267,0,0,0.879647,0.25246,0.394517,0.66528,12.849,1,0.438405,0.383668,0,84.9718,4.63795,80.2791,0.84672,12.849,0.84672,3695.15,0,18.483,0.0701448,1.02755,1.57246,3.90484,1.10868,5.32603,0.42336,0,0,18.483,0.42336,442.007,0,1.02816,0,0,2.05571,1.02755,1.028160,1,0,85.9997,0,0,0,85.9997,0
72.2195,2.46688,0,0,2.86009,0.100826,0.36288,3.6288,61.308,0.23282,0,0,0.867102,0.255975,0.378307,0.66528,12.849,1,0.438469,0.36288,0,77.7393,4.85664,72.807,0.84672,12.849,0.84672,3695.15,0,18.483,0.07019,2.19117,1.57269,4.17925,1.15671,6.71622,0.42336,0,0,18.483,0.42336,442.007,0,1.02816,0,0,3.21933,2.19117,1.028160,1,0,79.9016,0,0,0,79.9016,0
72.1102,2.44479,0,0,2.79937,0.100983,0.36288,3.6288,61.308,0.261808,0,0,0.884002,0.272341,0.349852,0.66528,12.849,1,0.434966,0.36288,0,64.3568,5.35552,58.9292,0.84672,12.849,0.84672,3695.15,0,18.483,0.0789294,1.17001,1.57292,5.07127,1.27697,6.4583,0.42336,0,0,18.483,0.42336,442.007,0,1.02816,0,0,2.19817,1.17001,1.028160,1,0,65.7373,0,0,0,65.7373,0
71.9033,2.44458,0,0,2.7014,0.100899,0.36288,3.6288,61.308,0.261963,0,0,0.823193,0.272341,0.288889,0.66528,12.849,1,0.43559,0.36288,0,58.8763,5.35552,53.4481,0.84672,12.849,0.84672,3695.15,0,18.483,0.0789759,0.910613,1.59728,4.91143,1.27697,6.06338,0.42336,0,0,18.483,0.42336,442.007,0,1.02816,0,0,1.93877,0.910613,1.028160,1,0,59.8004,0,0,0,59.8004,0
71.6004,2.44388,0,0,2.59943,0.0955647,0.36288,3.6288,61.308,0.262117,0,0,0.787389,0.276784,0.248488,0.66528,12.849,1,0.436717,0.36288,0,52.7466,5.39349,47.2793,0.84672,12.849,0.84672,3695.15,0,18.483,0.0790225,0.807088,1.59751,4.8867,1.29946,5.91281,0.42336,0,0,18.483,0.42336,442.007,0,1.02816,0,0,1.83525,0.807088,1.028160,1,0,53.4406,0,0,0,53.4406,0
71.5787,2.44267,0,0,2.84824,0.0643594,0.36288,3.6288,61.308,0.262271,0,0,0.982333,0.303438,0.416624,0.66528,12.849,1,0.438348,0.36288,0,64.4799,5.62128,58.7831,0.84672,12.849,0.84672,3695.15,0,18.483,0.079069,1.02241,1.59774,5.29326,1.43439,6.39996,0.42336,0,0,18.483,0.42336,442.007,0,1.02816,0,0,2.05057,1.02241,1.028160,1,0,65.5997,0,0,0,65.5997,0
71.1301,2.49993,0,0,2.48849,0.0742589,0.36288,3.6288,61.308,0.288142,0,0,0.829345,0.314601,0.226601,0.66528,12.849,1,0.448759,0.36288,0,49.2326,6.04899,43.0978,0.84672,12.849,0.84672,3695.15,0,18.483,0.0868685,0.62748,1.59798,4.69477,1.45772,5.37564,0.42336,0,0,18.483,0.42336,442.007,0,1.02816,0,0,1.65564,0.62748,1.028160,1,0,48.7,0,0,0,48.7,0
71.0196,2.4979,0,0,2.81391,0.0636417,0.36288,3.6288,61.308,0.288301,0,0,1.09969,0.326828,0.484562,0.66528,12.849,1,0.451222,0.36288,0,63.446,6.20886,57.1488,0.84672,12.849,0.84672,3695.15,0,18.483,0.0869162,0.953865,1.63667,5.35341,1.51408,6.34295,0.42336,0,0,18.483,0.42336,442.007,0,1.02816,0,0,1.98202,0.953865,1.028160,1,0,63.9763,0,0,0,63.9763,0
70.6568,2.49767,0,0,2.56129,0.0635878,0.36288,3.6288,61.308,0.288459,0,0,0.907001,0.326828,0.291715,0.66528,12.849,1,0.451883,0.36288,0,51.1023,6.20886,44.8045,0.84672,12.849,0.84672,3695.15,0,18.483,0.0869639,0.996676,1.63691,4.97453,1.51408,6.00707,0.42336,0,0,18.483,0.42336,442.007,0,1.02816,0,0,2.02484,0.996676,1.028160,1,0,51.1032,0,0,0,51.1032,0
70.0639,2.49607,0,0,2.32949,0.0634111,0.36288,3.6288,61.308,0.288617,0,0,0.84469,0.326828,0.229245,0.66528,12.849,1,0.453913,0.36288,0,47.639,6.20886,41.3391,0.84672,12.849,0.84672,3695.15,0,18.483,0.0870117,0.681065,1.63715,4.43328,1.51408,5.1504,0.42336,0,0,18.483,0.42336,442.007,0,1.02816,0,0,1.70923,0.681065,1.028160,1,0,46.7187,0,0,0,46.7187,0
69.1645,2.6597,0,0,2.18633,0.0631067,0.36288,3.6288,61.308,0.381653,0,0,0.962211,0.331327,0.249231,0.66528,12.849,1,0.487762,0.36288,0,43.1276,6.28343,36.7193,0.84672,12.849,0.84672,3695.15,0,18.483,0.11506,1.01955,1.63739,5.22715,1.5037,6.26534,0.42336,0,0,18.483,0.42336,442.007,0,1.02816,0,0,2.04771,1.01955,1.028160,1,0,43.2339,0,0,0,43.2339,0
67.7597,2.65474,0,0,1.67546,0.0626481,0.36288,3.6288,61.308,0.381825,0,0,0.859982,0.337325,0.140832,0.66528,12.849,1,0.493184,0.36288,0,33.8939,6.38285,27.3808,0.84672,12.849,0.84672,3695.15,0,18.483,0.115112,0.69781,1.76795,4.4455,1.48985,5.3063,0.42336,0,0,18.483,0.42336,442.007,0,1.02816,0,0,1.72597,0.69781,1.028160,1,0,32.8279,0,0,0,32.8279,0
66.6937,2.64654,0,0,2.00535,0.0619641,0.36288,3.6288,61.308,0.381997,0,0,0.923841,0.337325,0.204518,0.66528,12.849,1,0.501852,0.36288,0,35.0781,6.38285,28.5563,0.84672,12.849,0.84672,3695.15,0,18.483,0.115164,0.846288,1.76821,4.87616,1.48985,5.88564,0.42336,0,0,18.483,0.42336,442.007,0,1.02816,0,0,1.87445,0.846288,1.028160,1,0,34.6465,0,0,0,34.6465,0
67.0337,2.6402,0,0,3.42894,0.0858133,0.36288,3.6288,61.308,0.382169,0,0,1.18659,0.331962,0.472461,0.66528,12.849,1,0.508653,0.36288,0,58.2955,6.23442,51.9154,0.84672,12.849,0.84672,3695.15,0,18.483,0.115215,1.15524,1.76847,5.39752,1.47164,6.73437,0.42336,0,0,18.483,0.42336,442.007,0,1.02816,0,0,2.1834,1.15524,1.028160,1,0,59.1222,0,0,0,59.1222,0
67.5973,2.64275,0,0,3.64948,0.08027,0.36288,3.6288,61.308,0.382341,0,0,1.22602,0.317227,0.526449,0.66528,12.849,1,0.506562,0.36288,0,67.8631,6.38381,61.3356,0.84672,12.849,0.84672,3695.15,0,18.483,0.115267,1.08018,1.76873,5.20333,1.4641,6.47288,0.42336,0,0,18.483,0.42336,442.007,0,1.02816,0,0,2.10834,1.08018,1.028160,1,0,68.335,0,0,0,68.335,0
67.1461,2.56594,0,0,2.56425,0.0866093,0.36288,3.6288,61.308,0.326098,0,0,0.729553,0.280927,0.122528,0.66528,12.849,1,0.487737,0.36288,0,57.737,6.03235,51.5798,0.84672,12.849,0.84672,3695.15,0,18.483,0.0983114,0.794604,1.76899,5.47868,1.48417,6.45979,0.42336,0,0,18.483,0.42336,442.007,0,1.02816,0,0,1.82276,0.794604,1.028160,1,0,58.1621,0,0,0,58.1621,0
69.2441,2.56356,0,0,5.11066,0.0863019,0.36288,3.6288,61.308,0.326262,0,0,1.20938,0.280927,0.602195,0.66528,12.849,1,0.49056,0.36288,0,62.0116,6.03235,55.8516,0.84672,12.849,0.84672,3695.15,0,18.483,0.0983608,2.5052,1.69451,8.96212,1.48417,11.5793,0.42336,0,0,18.483,0.42336,442.007,0,1.02816,0,0,3.53336,2.5052,1.028160,1,0,68.0331,0,0,0,68.0331,0
68.5137,2.57648,0,0,2.29675,0.0877315,0.36288,3.6288,61.308,0.326426,0,0,0.707737,0.280927,0.100384,0.66528,12.849,1,0.478094,0.36288,0,53.2533,6.03235,47.1058,0.84672,12.849,0.84672,3695.15,0,18.483,0.0984102,0.896746,1.69476,4.84484,1.48417,5.85376,0.42336,0,0,18.483,0.42336,442.007,0,1.02816,0,0,1.92491,0.896746,1.028160,1,0,53.0599,0,0,0,53.0599,0
68.0901,2.57256,0,0,2.59909,0.0872338,0.36288,3.6288,61.308,0.32659,0,0,0.829604,0.280927,0.222087,0.66528,12.849,1,0.482456,0.36288,0,42.7492,6.03235,36.5972,0.84672,12.849,0.84672,3695.15,0,18.483,0.0984596,0.783795,1.69501,5.39491,1.48417,6.29109,0.42336,0,0,18.483,0.42336,442.007,0,1.02816,0,0,1.81195,0.783795,1.028160,1,0,43.1104,0,0,0,43.1104,0
67.1659,2.50401,0,0,2.14383,0.201179,0.36288,3.6288,61.308,0.275372,0,0,0.768757,0.262566,0.230819,0.66528,12.849,1,0.472522,0.36288,0,36.0814,4.46952,31.5023,0.84672,12.849,0.84672,3695.15,0,18.483,0.0830186,0.724395,1.69526,5.40753,1.16119,6.58298,0.42336,0,0,18.483,0.42336,442.007,0,1.02816,0,0,1.75255,0.724395,1.028160,1,0,38.316,0,0,0,38.316,0
65.6171,2.49892,0,0,1.49974,0.186769,0.36288,3.6288,60.8525,0.649039,0,0,0.448389,0.254886,0,0.66528,12.849,1,0.47805,0.36288,0,26.2376,4.22898,21.8935,0.84672,12.849,0.84672,3695.15,0,18.483,0.195671,0.216518,1.62905,4.8631,1.10382,5.40919,0.42336,0,0,18.483,0.42336,442.007,0,0.542044,0,0,0.758563,0.216518,1.028160,1,0,27.3026,0,0,0,27.3026,0
65.6548,2.48985,0,0,3.075,0.184485,0.36288,3.6288,61.308,0.275208,0,0,0.990036,0.254152,0.00513999,0.66528,12.849,1,0.487558,0.36288,0,40.5284,4.22898,36.1748,0.84672,12.849,0.84672,3695.15,0,18.483,0.0835902,0.84748,1.62929,6.9532,1.10382,8.24257,0.42336,0,0,18.483,0.42336,442.007,0,1.02816,0,0,1.87564,0.84748,1.028160,1,0,44.4225,0,0,0,44.4225,0
68.7577,2.49045,0,0,6.14076,0.184541,0.36288,3.6288,61.308,0.275841,0,0,1.90526,0.254886,1.37453,0.66528,12.849,1,0.487395,0.36288,0,74.709,4.22898,70.3555,0.84672,12.849,0.84672,3695.15,0,18.483,0.0831601,3.03886,1.62953,11.1865,1.10382,14.6679,0.42336,0,0,18.483,0.42336,442.007,0,1.02816,0,0,4.06702,3.03886,1.028160,1,0,86.3979,0,0,0,86.3979,0
69.7736,2.32037,0,0,3.92994,0.230827,0.36288,3.6288,61.308,0.168923,0,0,1.64906,0.249682,1.23045,0.66528,12.849,1,0.433616,0.36288,0,38.2476,3.93503,34.2419,0.84672,12.849,0.84672,3695.15,0,18.483,0.0509264,1.69203,1.62977,8.28819,1.01853,10.5405,0.42336,0,0,18.483,0.42336,442.007,0,1.02816,0,0,2.72019,1.69203,1.028160,1,0,46.0129,0,0,0,46.0129,0
69.2532,2.32604,0,0,2.4463,0.277775,0.36288,3.6288,61.308,0.169063,0,0,2.3849,0.218101,1.99773,0.66528,12.849,1,0.428347,0.36288,0,78.8988,3.9627,74.8706,0.84672,12.849,0.84672,3695.15,0,18.483,0.0509688,2.55773,1.48031,11.2723,1.04162,14.2177,0.42336,0,0,18.483,0.42336,442.007,0,1.02816,0,0,3.58589,2.55773,1.028160,1,0,91.086,0,0,0,91.086,0
68.6538,2.32367,0,0,2.36382,0.276657,0.36288,3.6288,61.308,0.169204,0,0,2.01696,0.218101,1.62965,0.66528,12.849,1,0.431125,0.36288,0,53.4551,3.9627,49.4241,0.84672,12.849,0.84672,3695.15,0,18.483,0.0510113,2.0094,1.48053,9.48344,1.04162,11.8807,0.42336,0,0,18.483,0.42336,442.007,0,1.02816,0,0,3.03756,2.0094,1.028160,1,0,62.9345,0,0,0,62.9345,0
67.8042,2.32084,0,0,2.10953,0.275369,0.36288,3.6288,61.308,0.169345,0,0,2.10079,0.218101,1.71334,0.66528,12.849,1,0.43436,0.36288,0,68.421,3.9627,64.3868,0.84672,12.849,0.84672,3695.15,0,18.483,0.0510537,2.17339,1.48074,9.94766,1.04162,12.5091,0.42336,0,0,18.483,0.42336,442.007,0,1.02816,0,0,3.20155,2.17339,1.028160,1,0,78.6093,0,0,0,78.6093,0
68.4943,2.3166,0,0,3.64035,0.270823,0.36288,3.6288,61.308,0.169486,0,0,2.20682,0.250421,1.78691,0.66528,12.849,1,0.439,0.36288,0,59.8978,4.95495,54.8668,0.84672,12.849,0.84672,3695.15,0,18.483,0.0510961,2.62775,1.48096,10.8409,1.34966,13.5488,0.42336,0,0,18.483,0.42336,442.007,0,1.02816,0,0,3.65591,2.62775,1.028160,1,0,70.2025,0,0,0,70.2025,0
70.383,2.39336,0,0,4.87743,0.232508,0.36288,3.6288,61.308,0.200652,0,0,1.54481,0.198064,1.1461,0.66528,12.849,1,0.448976,0.36288,0,91.2669,4.08397,87.0968,0.84672,12.849,0.84672,3695.15,0,18.483,0.0604923,4.57078,1.48118,9.41535,0.789837,14.617,0.42336,0,0,18.483,0.42336,442.007,0,1.02816,0,0,5.59894,4.57078,1.028160,1,0,102.86,0,0,0,102.86,0
71.4709,2.40389,0,0,4.09065,0.235939,0.36288,3.6288,61.308,0.200791,0,0,1.31858,0.198064,0.919729,0.66528,12.849,1,0.43885,0.36288,0,75.8091,4.08397,71.6491,0.84672,12.849,0.84672,3695.15,0,18.483,0.0605341,3.78094,1.52877,8.51429,0.789837,12.9736,0.42336,0,0,18.483,0.42336,442.007,0,1.02816,0,0,4.8091,3.78094,1.028160,1,0,85.5425,0,0,0,85.5425,0
72.29,2.40989,0,0,3.91065,0.237915,0.443754,3.6288,61.308,0.20093,0,0,1.33513,0.198064,0.936136,0.66528,12.849,1,0.433248,0.443754,0,71.9703,4.08397,67.8969,0.84672,12.849,0.84672,3695.15,0,18.483,0.060576,3.86014,1.52899,8.7035,0.789837,13.2422,0.42336,0,0,18.483,0.42336,442.007,0,1.02816,0,0,4.8883,3.86014,1.028160,1,0,82.0752,0,0,0,82.0752,0
72.29,2.41439,0,0,4.18968,0.311872,1.46342,3.6288,61.308,0.201069,0,0,1.28384,0.208174,0.8746,0.66528,12.849,1,0.42914,1.46342,0,76.8554,4.57003,73.3196,0.84672,12.849,0.84672,3695.15,0,18.483,0.0606179,3.71173,1.5292,8.82688,1.06722,12.94,0.42336,0,0,18.483,0.42336,442.007,0,1.02816,0,0,4.73989,3.71173,1.028160,1,0,87.1342,0,0,0,87.1342,0
72.29,2.65026,0,0,3.40186,0.325256,0.426345,3.6288,61.308,0.317753,0,0,1.06265,0.219738,0.52516,0.66528,12.849,1,0.471064,0.426345,0,61.4701,4.55299,56.8723,0.84672,12.849,0.84672,3695.15,0,18.483,0.0957954,2.63142,1.52941,7.75578,1.20617,10.6147,0.42336,0,0,18.483,0.42336,442.007,0,1.02816,0,0,3.65958,2.63142,1.028160,1,0,68.0122,0,0,0,68.0122,0
71.9049,2.65063,0,0,2.94611,0.317724,0.36288,3.6288,61.308,0.317908,0,0,0.911529,0.205405,0.388215,0.66528,12.849,1,0.47113,0.36288,0,53.1978,4.18953,48.9,0.84672,12.849,0.84672,3695.15,0,18.483,0.0958422,1.41824,1.6988,6.62067,1.06694,8.57493,0.42336,0,0,18.483,0.42336,442.007,0,1.02816,0,0,2.4464,1.41824,1.028160,1,0,57.8631,0,0,0,57.8631,0
71.483,2.64886,0,0,2.90478,0.314913,0.36288,3.6288,61.308,0.318063,0,0,0.846012,0.194283,0.333665,0.66528,12.849,1,0.473337,0.36288,0,53.0836,4.28001,48.6931,0.84672,12.849,0.84672,3695.15,0,18.483,0.0958891,1.79396,1.69904,7.15426,1.08711,9.46426,0.42336,0,0,18.483,0.42336,442.007,0,1.02816,0,0,2.82212,1.79396,1.028160,1,0,58.491,0,0,0,58.491,0
71.9359,2.64687,0,0,3.7766,0.313902,0.36288,3.6288,61.308,0.318219,0,0,0.975819,0.194283,0.463317,0.66528,12.849,1,0.475772,0.36288,0,72.012,4.28001,67.6191,0.84672,12.849,0.84672,3695.15,0,18.483,0.0959359,2.1348,1.69928,8.54116,1.08711,11.1922,0.42336,0,0,18.483,0.42336,442.007,0,1.02816,0,0,3.16296,2.1348,1.028160,1,0,79.2746,0,0,0,79.2746,0
72.29,2.3139,0,0,5.23096,0.299083,2.26392,3.6288,61.308,0.161883,0,0,2.35585,0.19005,2.00392,0.66528,12.849,1,0.413303,2.26392,0,99.7652,3.91947,97.6964,0.84672,12.849,0.84672,3695.15,0,18.483,0.048804,3.79915,1.69951,15.4536,0.986948,19.9165,0.42336,0,0,18.483,0.42336,442.007,0,1.02816,0,0,4.82731,3.79915,1.028160,1,0,119.617,0,0,0,119.617,0
72.29,2.31595,0,0,4.7722,0.287927,2.16833,3.6288,61.308,0.162016,0,0,1.77223,0.186876,1.42334,0.66528,12.849,1,0.411642,2.16833,0,91.4052,3.64907,89.5128,0.84672,12.849,0.84672,3695.15,0,18.483,0.0488443,3.40195,1.46821,12.3422,0.911831,16.2516,0.42336,0,0,18.483,0.42336,442.007,0,1.02816,0,0,4.43011,3.40195,1.028160,1,0,107.188,0,0,0,107.188,0
72.29,2.31627,0,0,3.90081,0.287927,1.29661,3.6288,61.308,0.16215,0,0,1.48147,0.186876,1.13245,0.66528,12.849,1,0.4117,1.29661,0,79.3783,3.64907,76.6141,0.84672,12.849,0.84672,3695.15,0,18.483,0.0488845,2.47234,1.46842,9.37138,0.911831,12.3514,0.42336,0,0,18.483,0.42336,442.007,0,1.02816,0,0,3.5005,2.47234,1.028160,1,0,90.098,0,0,0,90.098,0
72.29,2.3166,0,0,4.87373,0.287927,2.26921,3.6288,61.308,0.162283,0,0,1.94599,0.186876,1.59683,0.66528,12.849,1,0.411757,2.26921,0,105.227,3.64907,103.435,0.84672,12.849,0.84672,3695.15,0,18.483,0.0489248,3.46779,1.46862,10.6605,0.911831,14.6361,0.42336,0,0,18.483,0.42336,442.007,0,1.02816,0,0,4.49595,3.46779,1.028160,1,0,119.668,0,0,0,119.668,0
72.29,2.31692,0,0,6.41428,0.289001,3.80836,3.6288,61.308,0.162417,0,0,2.25113,0.159335,1.92938,0.66528,12.849,1,0.411815,3.80836,0,155.742,3.25958,155.879,0.84672,12.849,0.84672,3695.15,0,18.483,0.0489651,4.98543,1.46883,15.5354,0.859016,21.0817,0.42336,0,0,18.483,0.42336,442.007,0,1.02816,0,0,6.01359,4.98543,1.028160,1,0,178.89,0,0,0,178.89,0
72.29,2.40191,0,0,3.55664,0.314562,0.840164,3.6288,61.308,0.200861,0,0,1.1555,0.154451,0.800185,0.66528,12.849,1,0.426922,0.840164,0,86.26,3.43297,83.2403,0.84672,12.849,0.84672,3695.15,0,18.483,0.0605551,2.10013,1.46904,8.72096,0.972067,11.2575,0.42336,0,0,18.483,0.42336,442.007,0,1.02816,0,0,3.12829,2.10013,1.028160,1,0,95.298,0,0,0,95.298,0
72.29,2.40225,0,0,4.24654,0.314562,1.52973,3.6288,61.308,0.201,0,0,1.88333,0.154451,1.52788,0.66528,12.849,1,0.426982,1.52973,0,98.8831,3.43297,96.5528,0.84672,12.849,0.84672,3695.15,0,18.483,0.060597,2.56685,1.52645,9.1965,0.972067,12.2571,0.42336,0,0,18.483,0.42336,442.007,0,1.02816,0,0,3.59501,2.56685,1.028160,1,0,110.338,0,0,0,110.338,0
72.2044,2.40259,0,0,2.99438,0.314562,0.36288,3.6288,61.308,0.201139,0,0,0.966142,0.154451,0.610552,0.66528,12.849,1,0.427042,0.36288,0,67.6538,3.43297,64.1567,0.84672,12.849,0.84672,3695.15,0,18.483,0.0606389,1.31428,1.52666,7.11495,0.972067,8.92319,0.42336,0,0,18.483,0.42336,442.007,0,1.02816,0,0,2.34244,1.31428,1.028160,1,0,73.6904,0,0,0,73.6904,0
71.8367,2.40249,0,0,2.70313,0.305435,0.36288,3.6288,61.308,0.201278,0,0,1.05849,0.159208,0.698,0.66528,12.849,1,0.427532,0.36288,0,73.7165,3.49114,70.1607,0.84672,12.849,0.84672,3695.15,0,18.483,0.0606808,1.38574,1.52688,7.44492,0.983517,9.31334,0.42336,0,0,18.483,0.42336,442.007,0,1.02816,0,0,2.4139,1.38574,1.028160,1,0,80.172,0,0,0,80.172,0
71.2184,2.36788,0,0,2.40926,0.296754,0.36288,3.6288,61.308,0.186529,0,0,0.700201,0.176897,0.336775,0.66528,12.849,1,0.423529,0.36288,0,53.0824,3.70472,49.3171,0.84672,12.849,0.84672,3695.15,0,18.483,0.0562344,0.821111,1.52709,5.68177,1.01542,6.95831,0.42336,0,0,18.483,0.42336,442.007,0,1.02816,0,0,1.84927,0.821111,1.028160,1,0,56.6122,0,0,0,56.6122,0
70.2938,2.3651,0,0,2.10624,0.302914,0.36288,3.6288,61.308,0.186666,0,0,0.643386,0.175087,0.281633,0.66528,12.849,1,0.426704,0.36288,0,44.442,3.68214,40.696,0.84672,12.849,0.84672,3695.15,0,18.483,0.0562757,0.790007,1.50503,6.59812,1.00929,7.82759,0.42336,0,0,18.483,0.42336,442.007,0,1.02816,0,0,1.81817,0.790007,1.028160,1,0,48.8053,0,0,0,48.8053,0
70.3442,2.36069,0,0,3.07473,0.300771,0.36288,3.6288,61.308,0.186803,0,0,0.752866,0.175087,0.390976,0.66528,12.849,1,0.43151,0.36288,0,52.3834,3.68214,48.6326,0.84672,12.849,0.84672,3695.15,0,18.483,0.056317,1.00433,1.50524,5.94174,1.00929,7.3857,0.42336,0,0,18.483,0.42336,442.007,0,1.02816,0,0,2.03249,1.00433,1.028160,1,0,56.4093,0,0,0,56.4093,0
69.6507,2.36128,0,0,2.29414,0.263394,0.36288,3.6288,61.308,0.18694,0,0,0.688653,0.184013,0.3177,0.66528,12.849,1,0.431309,0.36288,0,50.8377,3.95304,46.8162,0.84672,12.849,0.84672,3695.15,0,18.483,0.0563583,0.800885,1.50545,5.29103,0.959142,6.58187,0.42336,0,0,18.483,0.42336,442.007,0,1.02816,0,0,1.82904,0.800885,1.028160,1,0,53.7158,0,0,0,53.7158,0
68.6111,2.46984,0,0,2.04002,0.246978,0.36288,3.6288,61.308,0.239903,0,0,0.604835,0.195488,0.169444,0.66528,12.849,1,0.45563,0.36288,0,40.5143,4.19724,36.2243,0.84672,12.849,0.84672,3695.15,0,18.483,0.0723254,0.603495,1.50566,4.81333,1.00222,5.84793,0.42336,0,0,18.483,0.42336,442.007,0,1.02816,0,0,1.63166,0.603495,1.028160,1,0,42.2416,0,0,0,42.2416,0
67.6144,2.46437,0,0,2.03742,0.206815,0.36288,3.6288,61.308,0.240047,0,0,0.557759,0.198661,0.11905,0.66528,12.849,1,0.46151,0.36288,0,36.8238,4.1685,32.5566,0.84672,12.849,0.84672,3695.15,0,18.483,0.072369,0.653486,1.58382,4.44239,1.05769,5.54964,0.42336,0,0,18.483,0.42336,442.007,0,1.02816,0,0,1.68165,0.653486,1.028160,1,0,38.2253,0,0,0,38.2253,0
66.517,2.459,0,0,1.91501,0.190524,0.36288,3.6288,61.308,0.240192,0,0,0.580863,0.202231,0.13844,0.66528,12.849,1,0.467292,0.36288,0,33.9185,4.27686,29.5372,0.84672,12.849,0.84672,3695.15,0,18.483,0.0724125,0.657694,1.58404,4.51495,1.03763,5.64665,0.42336,0,0,18.483,0.42336,442.007,0,1.02816,0,0,1.68585,0.657694,1.028160,1,0,35.3223,0,0,0,35.3223,0
65.3526,2.45288,0,0,1.84019,0.188879,0.36288,3.6288,61.308,0.240336,0,0,0.591736,0.202231,0.149169,0.66528,12.849,1,0.47382,0.36288,0,31.9755,4.27686,27.5877,0.84672,12.849,0.84672,3695.15,0,18.483,0.0724561,0.573791,1.58426,4.50204,1.03763,5.55,0.42336,0,0,18.483,0.42336,442.007,0,1.02816,0,0,1.60195,0.573791,1.028160,1,0,33.2869,0,0,0,33.2869,0
64.0253,2.44617,0,0,1.67186,0.190132,0.36288,3.6288,61.308,0.240481,0,0,0.546664,0.207221,0.0989623,0.66528,12.849,1,0.480942,0.36288,0,30.3422,4.34791,25.8762,0.84672,12.849,0.84672,3695.15,0,18.483,0.0724997,0.487348,1.58448,4.02593,1.05981,4.96545,0.42336,0,0,18.483,0.42336,442.007,0,1.02816,0,0,1.51551,0.487348,1.028160,1,0,30.9406,0,0,0,30.9406,0
62.3343,2.41637,0,0,1.2734,0.185082,0.36288,3.6288,61.3026,0.26968,0,0,0.509737,0.24546,0,0.66528,12.849,1,0.484933,0.36288,0,30.676,4.83835,25.7156,0.84672,12.849,0.84672,3695.15,0,18.483,0.0813024,0.686059,1.58471,3.0731,1.21192,4.05064,0.42336,0,0,18.483,0.42336,442.007,0,1.02816,0,0,1.71422,0.686059,1.028160,1,0,29.7662,0,0,0,29.7662,0
60.6318,2.4058,0,0,1.19736,0.131257,0.36288,3.6288,61.2748,0.269823,0,0,0.508226,0.266205,0,0.66528,12.849,1,0.495909,0.36288,0,28.5401,4.99863,23.4084,0.84672,12.849,0.84672,3695.15,0,18.483,0.0813528,0.615151,1.60923,3.05306,1.25953,3.93656,0.42336,0,0,18.483,0.42336,442.007,0,1.02816,0,0,1.64331,0.615151,1.028160,1,0,27.345,0,0,0,27.345,0
58.8561,2.39465,0,0,1.11123,0.129363,0.36288,3.6288,61.2439,0.269943,0,0,0.505203,0.266158,0,0.66528,12.849,1,0.50747,0.36288,0,26.2297,4.99863,21.0864,0.84672,12.849,0.84672,3695.15,0,18.483,0.081426,0.647378,1.60946,2.79798,1.25953,3.71386,0.42336,0,0,18.483,0.42336,442.007,0,1.02816,0,0,1.67554,0.647378,1.028160,1,0,24.8003,0,0,0,24.8003,0
57.0166,2.38241,0,0,1.03304,0.127227,0.36288,3.6288,61.2111,0.27006,0,0,0.503386,0.266106,0,0.66528,12.849,1,0.52011,0.36288,0,24.4872,4.99863,19.3314,0.84672,12.849,0.84672,3695.15,0,18.483,0.0815024,0.664943,1.60968,2.72094,1.25953,3.65454,0.42336,0,0,18.483,0.42336,442.007,0,1.02816,0,0,1.6931,0.664943,1.028160,1,0,22.9859,0,0,0,22.9859,0
55.0693,2.42434,0,0,0.959567,0.119702,0.36288,3.6288,61.1423,0.296074,0,0,0.535637,0.308392,0,0.66528,12.849,1,0.546338,0.36288,0,21.0289,5.63583,15.2096,0.84672,12.849,0.84672,3695.15,0,18.483,0.089401,0.700937,1.60991,2.65749,1.43249,3.44645,0.42336,0,0,18.483,0.42336,442.007,0,1.02816,0,0,1.7291,0.700937,1.028160,1,0,18.6561,0,0,0,18.6561,0
53.1008,2.40901,0,0,0.91984,0.116406,0.36288,3.6288,61.0242,0.296149,0,0,0.493676,0.315597,0,0.66528,12.849,1,0.562082,0.36288,0,26.2069,5.76986,20.2379,0.84672,12.849,0.84672,3695.15,0,18.483,0.0895244,0.859792,1.64888,2.87435,1.47268,3.82082,0.42336,0,0,18.483,0.42336,442.007,0,1.02816,0,0,1.88795,0.859792,1.028160,1,0,24.0587,0,0,0,24.0587,0
51.0925,2.39257,0,0,0.861304,0.114107,0.36288,3.6288,60.8718,0.296168,0,0,0.459101,0.315361,0,0.66528,12.849,1,0.57894,0.36288,0,21.0415,5.76986,15.0556,0.84672,12.849,0.84672,3695.15,0,18.483,0.0897034,0.824774,1.64911,2.59099,1.47268,3.50249,0.42336,0,0,18.483,0.42336,442.007,0,1.02816,0,0,1.85293,0.824774,1.028160,1,0,18.5581,0,0,0,18.5581,0
49.0274,2.37472,0,0,0.784192,0.11176,0.36288,3.6288,60.6964,0.296148,0,0,0.435855,0.315057,0,0.66528,12.849,1,0.597207,0.36288,0,19.1765,5.76986,13.1723,0.84672,12.849,0.84672,3695.15,0,18.483,0.0899219,0.539646,1.64934,2.41682,1.47268,3.04321,0.42336,0,0,18.483,0.42336,442.007,0,1.02816,0,0,1.56781,0.539646,1.028160,1,0,16.2155,0,0,0,16.2155,0
46.8993,2.51241,0,0,0.84945,0.10223,0.36288,3.6288,60.4985,0.389451,0,0,0.52035,0.328793,0,0.66528,12.849,1,0.658447,0.36288,0,18.6305,6.02652,12.3084,0.84672,12.849,0.84672,3695.15,0,18.483,0.118594,1.0309,1.64957,3.64324,1.53497,4.67015,0.42336,0,0,18.483,0.42336,442.007,0,1.02816,0,0,2.05906,1.0309,1.028160,1,0,16.9786,0,0,0,16.9786,0
44.5767,2.48931,0,0,0.649599,0.120063,0.36288,3.6288,60.2154,0.389319,0,0,0.424818,0.31863,0,0.66528,12.849,1,0.681995,0.36288,0,13.4716,5.92503,7.22743,0.84672,12.849,0.84672,3695.15,0,18.483,0.118941,0.46389,1.78109,2.72283,1.55729,3.29158,0.42336,0,0,18.483,0.42336,442.007,0,1.02816,0,0,1.49205,0.46389,1.028160,1,0,10.519,0,0,0,10.519,0
42.3644,2.46207,0,0,0.725861,0.113198,0.36288,3.6288,60.0278,0.389056,0,0,0.522037,0.320629,0,0.66528,12.849,1,0.709679,0.36288,0,17.1424,5.99981,10.7958,0.84672,12.849,0.84672,3695.15,0,18.483,0.11942,0.845562,1.78134,2.89011,1.57223,3.82536,0.42336,0,0,18.483,0.42336,442.007,0,1.02816,0,0,1.87372,0.845562,1.028160,1,0,14.6211,0,0,0,14.6211,0
40.0306,2.43397,0,0,0.57345,0.110359,0.36288,3.6288,59.6996,0.388935,0,0,0.381065,0.320246,0,0.66528,12.849,1,0.738218,0.36288,0,17.6906,5.99981,11.3154,0.84672,12.849,0.84672,3695.15,0,18.483,0.119756,0.314185,1.78159,2.29004,1.57223,2.69383,0.42336,0,0,18.483,0.42336,442.007,0,1.02816,0,0,1.34234,0.314185,1.028160,1,0,14.0093,0,0,0,14.0093,0
37.8689,2.40173,0,0,0.710225,0.107365,0.36288,3.6288,59.6254,0.388597,0,0,0.633961,0.319576,0,0.66528,12.849,1,0.770906,0.36288,0,15.6778,5.99981,9.26997,0.84672,12.849,0.84672,3695.15,0,18.483,0.12031,1.36606,1.78184,3.44124,1.57223,4.89661,0.42336,0,0,18.483,0.42336,442.007,0,1.02816,0,0,2.39422,1.36606,1.028160,1,0,14.1666,0,0,0,14.1666,0
36.3461,2.29692,0,0,1.20061,0.0635979,0.36288,3.6288,59.5025,0.332185,0,0,0.588227,0.378954,0,0.66528,12.849,1,0.77935,0.36288,0,25.3882,6.51283,18.4589,0.84672,12.849,0.84672,3695.15,0,18.483,0.102972,0.706838,1.78209,4.02304,1.6523,4.7567,0.42336,0,0,18.483,0.42336,442.007,0,1.02816,0,0,1.735,0.706838,1.028160,1,0,23.2156,0,0,0,23.2156,0
34.6811,2.27311,0,0,1.12823,0.157153,0.36288,3.6288,59.5441,0.332179,0,0,0.664524,0.29076,0,0.66528,12.849,1,0.803587,0.36288,0,23.0228,4.31918,18.263,0.84672,12.849,0.84672,3695.15,0,18.483,0.103183,0.80276,1.70705,4.00503,1.10409,5.30757,0.42336,0,0,18.483,0.42336,442.007,0,1.02816,0,0,1.83092,0.80276,1.028160,1,0,23.5705,0,0,0,23.5705,0
33.2166,2.24528,0,0,1.30828,0.16463,0.36288,3.6288,59.7782,0.332391,0,0,0.862341,0.295812,0,0.66528,12.849,1,0.831852,0.36288,0,24.1814,4.40055,19.3119,0.84672,12.849,0.84672,3695.15,0,18.483,0.103177,1.19878,1.70729,5.52317,1.15068,7.17538,0.42336,0,0,18.483,0.42336,442.007,0,1.02816,0,0,2.22694,1.19878,1.028160,1,0,26.4872,0,0,0,26.4872,0
31.7298,2.23084,0,0,1.26863,0.161694,0.36288,3.6288,60.0075,0.332856,0,0,0.858401,0.296255,0,0.66528,12.849,1,0.84672,0.36288,0,33.3732,4.40055,28.4888,0.84672,12.849,0.84672,3695.15,0,18.483,0.102917,1.18565,1.70753,5.53783,1.15068,7.17741,0.42336,0,0,18.483,0.42336,442.007,0,1.02816,0,0,2.21381,1.18565,1.028160,1,0,35.6662,0,0,0,35.6662,0
30.8036,2.15176,0,0,1.76126,0.172824,0.36288,3.6288,60.466,0.281812,0,0,0.999743,0.259453,0,0.66528,12.849,1,0.84672,0.36288,0,43.2862,4.35267,38.4497,0.84672,12.849,0.84672,3695.15,0,18.483,0.0868014,1.75198,1.70777,8.15047,1.08072,10.4427,0.42336,0,0,18.483,0.42336,442.007,0,1.02816,0,0,2.78014,1.75198,1.028160,1,0,48.8924,0,0,0,48.8924,0
29.656,2.15218,0,0,1.54863,0.181237,0.36288,3.6288,60.629,0.282466,0,0,0.677682,0.232203,0,0.66528,12.849,1,0.84672,0.36288,0,33.6254,4.31676,28.8248,0.84672,12.849,0.84672,3695.15,0,18.483,0.0863432,0.278009,1.64106,7.84028,1.02825,8.64476,0.42336,0,0,18.483,0.42336,442.007,0,1.02816,0,0,1.30617,0.278009,1.028160,1,0,37.4696,0,0,0,37.4696,0
30.3445,2.1526,0,0,3.38249,0.17848,0.36288,3.6288,61.2905,0.282795,0,0,1.17675,0.232444,0,0.66528,12.849,1,0.84672,0.36288,0,47.45,4.31676,42.6494,0.84672,12.849,0.84672,3695.15,0,18.483,0.0862111,1.5339,1.64129,11.2167,1.02825,13.2774,0.42336,0,0,18.483,0.42336,442.007,0,1.02816,0,0,2.56206,1.5339,1.028160,1,0,55.9269,0,0,0,55.9269,0
34.8474,2.15302,0,0,7.19897,0.180134,0.36288,3.6288,61.308,0.28366,0,0,2.4391,0.23342,1.90455,0.66528,12.849,1,0.84672,0.36288,0,103.696,4.31676,98.8958,0.84672,12.849,0.84672,3695.15,0,18.483,0.0855416,5.09535,1.64152,18.208,1.02825,23.8311,0.42336,0,0,18.483,0.42336,442.007,0,1.02816,0,0,6.12351,5.09535,1.028160,1,0,124.631,0,0,0,124.631,0
36.3977,2.02687,0,0,4.14661,0.206563,0.36288,3.6288,61.308,0.175967,0,0,2.07503,0.239287,1.65978,0.66528,12.849,1,0.74735,0.36288,0,48.6308,4.18029,44.0661,0.84672,12.849,0.84672,3695.15,0,18.483,0.0530503,3.28034,1.64175,10.9565,1.00437,14.8211,0.42336,0,0,18.483,0.42336,442.007,0,1.02816,0,0,4.3085,3.28034,1.028160,1,0,60.547,0,0,0,60.547,0
40.1236,2.05068,0,0,6.3562,0.216761,0.36288,3.6288,61.308,0.176103,0,0,1.97675,0.237699,1.56294,0.66528,12.849,1,0.723925,0.36288,0,121.269,4.26898,116.639,0.84672,12.849,0.84672,3695.15,0,18.483,0.0530911,3.21903,1.49118,12.3599,1.09314,15.9239,0.42336,0,0,18.483,0.42336,442.007,0,1.02816,0,0,4.24719,3.21903,1.028160,1,0,134.126,0,0,0,134.126,0
44.2664,2.1019,0,0,6.83403,0.226432,0.36288,3.6288,61.308,0.176239,0,0,2.79355,0.237699,2.37962,0.66528,12.849,1,0.673101,0.36288,0,125.378,4.26898,120.799,0.84672,12.849,0.84672,3695.15,0,18.483,0.053132,3.21126,1.49139,13.4681,1.09314,17.0245,0.42336,0,0,18.483,0.42336,442.007,0,1.02816,0,0,4.23942,3.21126,1.028160,1,0,140.203,0,0,0,140.203,0
45.5574,2.15102,0,0,4.05142,0.246499,0.36288,3.6288,61.308,0.176374,0,0,1.45692,0.192309,1.08824,0.66528,12.849,1,0.624366,0.36288,0,87.8793,3.77399,83.8438,0.84672,12.849,0.84672,3695.15,0,18.483,0.0531729,1.92249,1.4916,10.771,0.958924,13.173,0.42336,0,0,18.483,0.42336,442.007,0,1.02816,0,0,2.95065,1.92249,1.028160,1,0,98.105,0,0,0,98.105,0
45.6397,2.16512,0,0,2.86189,0.251619,0.36288,3.6288,61.308,0.17651,0,0,1.04389,0.184744,0.68264,0.66528,12.849,1,0.610651,0.36288,0,49.8969,3.69148,45.9577,0.84672,12.849,0.84672,3695.15,0,18.483,0.0532137,1.10471,1.49181,10.4466,0.936556,12.0534,0.42336,0,0,18.483,0.42336,442.007,0,1.02816,0,0,2.13287,1.10471,1.028160,1,0,58.6937,0,0,0,58.6937,0
47.6218,2.23415,0,0,4.8303,0.251233,0.36288,3.6288,61.308,0.207898,0,0,2.56947,0.236552,2.12502,0.66528,12.849,1,0.628982,0.36288,0,72.9714,4.80325,67.902,0.84672,12.849,0.84672,3695.15,0,18.483,0.0626767,4.48876,1.49202,13.1425,1.13782,17.9228,0.42336,0,0,18.483,0.42336,442.007,0,1.02816,0,0,5.51692,4.48876,1.028160,1,0,87.9498,0,0,0,87.9498,0
49.0462,2.25506,0,0,4.29907,0.256705,0.36288,3.6288,61.308,0.208031,0,0,2.09432,0.245186,1.6411,0.66528,12.849,1,0.608447,0.36288,0,89.8258,4.98855,84.5916,0.84672,12.849,0.84672,3695.15,0,18.483,0.0627169,3.11869,1.53995,12.4422,1.17136,15.8668,0.42336,0,0,18.483,0.42336,442.007,0,1.02816,0,0,4.14685,3.11869,1.028160,1,0,102.1,0,0,0,102.1,0
49.5277,2.26937,0,0,3.37446,0.260712,0.36288,3.6288,61.308,0.208165,0,0,1.70209,0.245186,1.24874,0.66528,12.849,1,0.594524,0.36288,0,86.2341,4.98855,81.0139,0.84672,12.849,0.84672,3695.15,0,18.483,0.0627571,2.4536,1.54016,9.94818,1.17136,12.7078,0.42336,0,0,18.483,0.42336,442.007,0,1.02816,0,0,3.48176,2.4536,1.028160,1,0,94.9705,0,0,0,94.9705,0
49.8143,2.27426,0,0,3.18851,0.264741,0.36288,3.6288,61.308,0.208298,0,0,1.46832,0.21625,1.04378,0.66528,12.849,1,0.590014,0.36288,0,64.902,4.16836,60.5065,0.84672,12.849,0.84672,3695.15,0,18.483,0.0627973,1.93145,1.54036,7.20375,0.973418,9.63935,0.42336,0,0,18.483,0.42336,442.007,0,1.02816,0,0,2.95961,1.93145,1.028160,1,0,71.1896,0,0,0,71.1896,0
49.6145,2.49938,0,0,2.92314,0.260647,0.36288,3.6288,61.308,0.325825,0,0,1.57265,0.198309,1.04852,0.66528,12.849,1,0.644686,0.36288,0,55.8459,3.83861,51.7255,0.84672,12.849,0.84672,3695.15,0,18.483,0.0982291,3.57436,1.54057,6.69582,1.03645,10.6761,0.42336,0,0,18.483,0.42336,442.007,0,1.02816,0,0,4.60252,3.57436,1.028160,1,0,63.4501,0,0,0,63.4501,0
49.4418,2.49766,0,0,2.93191,0.244071,0.36288,3.6288,61.308,0.325975,0,0,1.60575,0.226066,1.05371,0.66528,12.849,1,0.646835,0.36288,0,45.3319,3.99431,41.0537,0.84672,12.849,0.84672,3695.15,0,18.483,0.0982741,2.4426,1.71118,6.44761,1.05043,9.45269,0.42336,0,0,18.483,0.42336,442.007,0,1.02816,0,0,3.47076,2.4426,1.028160,1,0,51.5601,0,0,0,51.5601,0
50.2765,2.4962,0,0,3.93737,0.243622,0.36288,3.6288,61.308,0.326124,0,0,1.54422,0.226066,0.992029,0.66528,12.849,1,0.648715,0.36288,0,54.7055,3.99431,50.4253,0.84672,12.849,0.84672,3695.15,0,18.483,0.0983191,2.34039,1.71141,10.6634,1.05043,13.5665,0.42336,0,0,18.483,0.42336,442.007,0,1.02816,0,0,3.36855,2.34039,1.028160,1,0,64.9838,0,0,0,64.9838,0
51.7789,2.50511,0,0,4.61612,0.245675,0.36288,3.6288,61.308,0.326273,0,0,2.4151,0.210392,1.87843,0.66528,12.849,1,0.640223,0.36288,0,132.502,3.86264,128.362,0.84672,12.849,0.84672,3695.15,0,18.483,0.0983641,3.67784,1.71164,14.3262,0.986886,18.6305,0.42336,0,0,18.483,0.42336,442.007,0,1.02816,0,0,4.706,3.67784,1.028160,1,0,148.871,0,0,0,148.871,0
54.2637,2.20086,0,0,5.30896,0.260434,0.36288,3.6288,61.308,0.168794,0,0,2.47757,0.188102,2.12068,0.66528,12.849,1,0.546146,0.36288,0,116.34,3.52491,112.632,0.84672,12.849,0.84672,3695.15,0,18.483,0.0508877,3.82836,1.71187,10.2853,0.882568,14.8921,0.42336,0,0,18.483,0.42336,442.007,0,1.02816,0,0,4.85652,3.82836,1.028160,1,0,129.645,0,0,0,129.645,0
56.7132,2.22138,0,0,5.3161,0.2824,0.36288,3.6288,61.308,0.168922,0,0,1.77709,0.210624,1.39755,0.66528,12.849,1,0.525996,0.36288,0,99.4654,3.51351,95.7888,0.84672,12.849,0.84672,3695.15,0,18.483,0.0509264,3.23933,1.47887,9.53338,0.955276,13.2454,0.42336,0,0,18.483,0.42336,442.007,0,1.02816,0,0,4.26749,3.23933,1.028160,1,0,110.432,0,0,0,110.432,0
58.1461,2.2402,0,0,4.3254,0.289399,0.36288,3.6288,61.308,0.169051,0,0,1.59732,0.210624,1.21765,0.66528,12.849,1,0.507542,0.36288,0,86.2644,3.51351,82.6062,0.84672,12.849,0.84672,3695.15,0,18.483,0.050965,2.43985,1.47907,7.3633,0.955276,10.276,0.42336,0,0,18.483,0.42336,442.007,0,1.02816,0,0,3.46801,2.43985,1.028160,1,0,94.0998,0,0,0,94.0998,0
61.0924,2.25075,0,0,5.85344,0.293493,0.36288,3.6288,61.308,0.169179,0,0,2.22568,0.210624,1.84588,0.66528,12.849,1,0.497365,0.36288,0,135.469,3.51351,131.821,0.84672,12.849,0.84672,3695.15,0,18.483,0.0510037,4.09103,1.47927,9.25355,0.955276,13.8176,0.42336,0,0,18.483,0.42336,442.007,0,1.02816,0,0,5.11919,4.09103,1.028160,1,0,147.485,0,0,0,147.485,0
65.4675,2.27087,0,0,7.30676,0.297884,0.36288,3.6288,61.308,0.169307,0,0,2.44077,0.176262,2.09521,0.66528,12.849,1,0.47761,0.36288,0,177.483,2.97558,174.393,0.84672,12.849,0.84672,3695.15,0,18.483,0.0510424,4.99534,1.47947,12.2987,0.863146,17.8593,0.42336,0,0,18.483,0.42336,442.007,0,1.02816,0,0,6.0235,4.99534,1.028160,1,0,194.347,0,0,0,194.347,0
68.3934,2.38181,0,0,5.94,0.269431,0.36288,3.6288,61.308,0.208023,0,0,2.02972,0.177251,1.64444,0.66528,12.849,1,0.467467,0.36288,0,119.644,3.25962,116.28,0.84672,12.849,0.84672,3695.15,0,18.483,0.0627143,2.86979,1.47966,11.6467,0.926258,15.0072,0.42336,0,0,18.483,0.42336,442.007,0,1.02816,0,0,3.89795,2.86979,1.028160,1,0,132.932,0,0,0,132.932,0
69.4233,2.39897,0,0,4.06751,0.275739,0.36288,3.6288,61.308,0.208156,0,0,1.78252,0.177251,1.39711,0.66528,12.849,1,0.450692,0.36288,0,96.9572,3.25962,93.6098,0.84672,12.849,0.84672,3695.15,0,18.483,0.0627545,2.44102,1.53748,7.72001,0.926258,10.7095,0.42336,0,0,18.483,0.42336,442.007,0,1.02816,0,0,3.46918,2.44102,1.028160,1,0,105.716,0,0,0,105.716,0
69.6525,2.40493,0,0,3.27496,0.27796,0.36288,3.6288,61.308,0.20829,0,0,1.48209,0.177251,1.09655,0.66528,12.849,1,0.44511,0.36288,0,67.3082,3.25962,63.9663,0.84672,12.849,0.84672,3695.15,0,18.483,0.0627947,1.83388,1.53769,6.12802,0.926258,8.51053,0.42336,0,0,18.483,0.42336,442.007,0,1.02816,0,0,2.86204,1.83388,1.028160,1,0,73.5734,0,0,0,73.5734,0
69.7466,2.40649,0,0,3.13689,0.273413,0.36288,3.6288,61.308,0.208423,0,0,1.41218,0.177921,1.02584,0.66528,12.849,1,0.443933,0.36288,0,66.088,3.21857,62.7883,0.84672,12.849,0.84672,3695.15,0,18.483,0.0628349,2.0488,1.53789,5.24546,0.942385,7.82693,0.42336,0,0,18.483,0.42336,442.007,0,1.02816,0,0,3.07696,2.0488,1.028160,1,0,71.6411,0,0,0,71.6411,0
70.2007,2.37414,0,0,3.39589,0.204748,0.36288,3.6288,61.308,0.193562,0,0,1.2849,0.201722,0.889614,0.66528,12.849,1,0.437374,0.36288,0,77.3755,3.90268,73.3983,0.84672,12.849,0.84672,3695.15,0,18.483,0.0583545,2.52203,1.5381,6.56532,1.05959,9.50751,0.42336,0,0,18.483,0.42336,442.007,0,1.02816,0,0,3.55019,2.52203,1.028160,1,0,83.7955,0,0,0,83.7955,0
70.1606,2.37685,0,0,2.88951,0.189972,0.36288,3.6288,61.308,0.193693,0,0,0.937086,0.209633,0.533759,0.66528,12.849,1,0.43504,0.36288,0,63.7412,4.27486,59.3941,0.84672,12.849,0.84672,3695.15,0,18.483,0.0583942,1.76539,1.51586,5.71384,1.06776,7.86893,0.42336,0,0,18.483,0.42336,442.007,0,1.02816,0,0,2.79355,1.76539,1.028160,1,0,67.7968,0,0,0,67.7968,0
69.6244,2.37696,0,0,2.39361,0.189913,0.36288,3.6288,61.308,0.193825,0,0,0.855386,0.209633,0.451928,0.66528,12.849,1,0.435309,0.36288,0,55.0282,4.27486,50.6809,0.84672,12.849,0.84672,3695.15,0,18.483,0.0584338,1.52901,1.51607,5.06912,1.06776,6.98801,0.42336,0,0,18.483,0.42336,442.007,0,1.02816,0,0,2.55717,1.52901,1.028160,1,0,58.1208,0,0,0,58.1208,0
68.8575,2.37445,0,0,2.15958,0.189128,0.36288,3.6288,61.308,0.193956,0,0,0.731538,0.209633,0.327948,0.66528,12.849,1,0.438198,0.36288,0,53.4865,4.27486,49.1363,0.84672,12.849,0.84672,3695.15,0,18.483,0.0584735,0.906362,1.51627,5.16508,1.06776,6.46148,0.42336,0,0,18.483,0.42336,442.007,0,1.02816,0,0,1.93452,0.906362,1.028160,1,0,55.9258,0,0,0,55.9258,0
68.5413,2.48311,0,0,2.70015,0.170377,0.36288,3.6288,61.308,0.247292,0,0,0.899122,0.222094,0.429735,0.66528,12.849,1,0.463354,0.36288,0,58.1852,4.40659,53.6781,0.84672,12.849,0.84672,3695.15,0,18.483,0.0745532,1.29897,1.51647,5.43258,1.07805,7.09543,0.42336,0,0,18.483,0.42336,442.007,0,1.02816,0,0,2.32713,1.29897,1.028160,1,0,61.2033,0,0,0,61.2033,0
67.8612,2.48164,0,0,2.29044,0.125995,0.36288,3.6288,61.308,0.247431,0,0,0.874817,0.253247,0.374139,0.66528,12.849,1,0.465217,0.36288,0,44.3898,4.73592,39.5516,0.84672,12.849,0.84672,3695.15,0,18.483,0.074595,1.50494,1.59518,4.95682,1.10376,6.87859,0.42336,0,0,18.483,0.42336,442.007,0,1.02816,0,0,2.5331,1.50494,1.028160,1,0,46.8043,0,0,0,46.8043,0
66.9544,2.47805,0,0,2.05937,0.125326,0.36288,3.6288,61.308,0.24757,0,0,0.818467,0.253247,0.31765,0.66528,12.849,1,0.469199,0.36288,0,40.9312,4.73592,36.089,0.84672,12.849,0.84672,3695.15,0,18.483,0.0746368,1.31315,1.59539,4.60002,1.10376,6.33017,0.42336,0,0,18.483,0.42336,442.007,0,1.02816,0,0,2.34131,1.31315,1.028160,1,0,42.7368,0,0,0,42.7368,0
65.9933,2.47305,0,0,1.9993,0.124434,0.36288,3.6288,61.308,0.247709,0,0,0.752855,0.253247,0.251899,0.66528,12.849,1,0.474595,0.36288,0,38.2645,4.73592,33.4169,0.84672,12.849,0.84672,3695.15,0,18.483,0.0746786,1.06885,1.59561,4.22505,1.10376,5.71107,0.42336,0,0,18.483,0.42336,442.007,0,1.02816,0,0,2.09701,1.06885,1.028160,1,0,39.3798,0,0,0,39.3798,0
64.8279,2.46759,0,0,1.76799,0.102924,0.36288,3.6288,61.308,0.247847,0,0,0.706631,0.267412,0.191372,0.66528,12.849,1,0.480444,0.36288,0,34.0146,4.89657,29.0004,0.84672,12.849,0.84672,3695.15,0,18.483,0.0747204,0.950452,1.59582,4.12593,1.14481,5.45267,0.42336,0,0,18.483,0.42336,442.007,0,1.02816,0,0,1.97861,0.950452,1.028160,1,0,34.6445,0,0,0,34.6445,0
63.5459,2.43867,0,0,1.59727,0.0777032,0.36288,3.6288,61.308,0.277248,0,0,0.69317,0.26141,0.154513,0.66528,12.849,1,0.483349,0.36288,0,34.0044,5.08179,28.8022,0.84672,12.849,0.84672,3695.15,0,18.483,0.083584,0.795977,1.59603,3.03847,1.20557,4.14133,0.42336,0,0,18.483,0.42336,442.007,0,1.02816,0,0,1.82414,0.795977,1.028160,1,0,33.098,0,0,0,33.098,0
62.1709,2.43089,0,0,1.49571,0.076902,0.36288,3.6288,61.308,0.27739,0,0,0.658964,0.26141,0.120164,0.66528,12.849,1,0.491526,0.36288,0,33.96,5.08179,28.7496,0.84672,12.849,0.84672,3695.15,0,18.483,0.083627,0.685895,1.62072,3.12252,1.20557,4.13994,0.42336,0,0,18.483,0.42336,442.007,0,1.02816,0,0,1.71406,0.685895,1.028160,1,0,33.0097,0,0,0,33.0097,0
60.6701,2.4222,0,0,1.36026,0.0760427,0.36288,3.6288,61.308,0.277533,0,0,0.642578,0.26141,0.103635,0.66528,12.849,1,0.500602,0.36288,0,33.2954,5.08179,28.0759,0.84672,12.849,0.84672,3695.15,0,18.483,0.0836701,0.663673,1.62094,2.99195,1.20557,3.98732,0.42336,0,0,18.483,0.42336,442.007,0,1.02816,0,0,1.69183,0.663673,1.028160,1,0,32.1668,0,0,0,32.1668,0
59.0544,2.41231,0,0,1.23464,0.0751047,0.36288,3.6288,61.308,0.277676,0,0,0.602827,0.26141,0.063742,0.66528,12.849,1,0.51089,0.36288,0,29.6689,5.08179,24.4391,0.84672,12.849,0.84672,3695.15,0,18.483,0.0837131,0.472885,1.62116,2.8943,1.20557,3.69906,0.42336,0,0,18.483,0.42336,442.007,0,1.02816,0,0,1.50104,0.472885,1.028160,1,0,28.2019,0,0,0,28.2019,0
57.3607,2.45718,0,0,1.17796,0.0516186,0.36288,3.6288,61.2477,0.303911,0,0,0.569368,0.325807,0,0.66528,12.849,1,0.534632,0.36288,0,27.374,6.05466,21.1476,0.84672,12.849,0.84672,3695.15,0,18.483,0.0916225,0.460132,1.62137,2.82258,1.50275,3.3097,0.42336,0,0,18.483,0.42336,442.007,0,1.02816,0,0,1.48829,0.460132,1.028160,1,0,24.4573,0,0,0,24.4573,0
55.8754,2.44461,0,0,1.3785,0.0563562,0.36288,3.6288,61.308,0.303988,0,0,0.757408,0.316397,0.0766737,0.66528,12.849,1,0.547602,0.36288,0,36.3786,6.04327,30.1506,0.84672,12.849,0.84672,3695.15,0,18.483,0.091736,0.800548,1.66061,3.37855,1.45515,4.29282,0.42336,0,0,18.483,0.42336,442.007,0,1.02816,0,0,1.82871,0.800548,1.028160,1,0,34.5201,0,0,0,34.5201,0
54.2786,2.4331,0,0,1.25477,0.055535,0.36288,3.6288,61.308,0.304204,0,0,0.62471,0.316517,0.00398887,0.66528,12.849,1,0.559512,0.36288,0,29.3011,6.04327,23.0612,0.84672,12.849,0.84672,3695.15,0,18.483,0.0917107,0.840033,1.66083,3.13943,1.45515,4.09343,0.42336,0,0,18.483,0.42336,442.007,0,1.02816,0,0,1.86819,0.840033,1.028160,1,0,27.1586,0,0,0,27.1586,0
52.5821,2.42012,0,0,1.14119,0.0546521,0.36288,3.6288,61.2689,0.30435,0,0,0.581794,0.316517,0,0.66528,12.849,1,0.572898,0.36288,0,27.3152,6.04327,21.0619,0.84672,12.849,0.84672,3695.15,0,18.483,0.0917548,0.548839,1.66106,2.79786,1.45515,3.46084,0.42336,0,0,18.483,0.42336,442.007,0,1.02816,0,0,1.577,0.548839,1.028160,1,0,24.5227,0,0,0,24.5227,0
50.8277,2.56625,0,0,1.22428,0.0496392,0.36288,3.6288,61.221,0.398668,0,0,0.673765,0.323028,0,0.66528,12.849,1,0.627089,0.36288,0,26.8434,6.13538,20.4438,0.84672,12.849,0.84672,3695.15,0,18.483,0.120266,0.923305,1.66128,3.88921,1.47501,4.87852,0.42336,0,0,18.483,0.42336,442.007,0,1.02816,0,0,1.95147,0.923305,1.028160,1,0,25.3223,0,0,0,25.3223,0
48.9659,2.54931,0,0,1.10349,0.0531023,0.36288,3.6288,61.043,0.398755,0,0,0.565047,0.344329,0,0.66528,12.849,1,0.644453,0.36288,0,22.8348,6.16455,16.3887,0.84672,12.849,0.84672,3695.15,0,18.483,0.120387,0.699227,1.79372,3.13126,1.48958,4.01424,0.42336,0,0,18.483,0.42336,442.007,0,1.02816,0,0,1.72739,0.699227,1.028160,1,0,20.4029,0,0,0,20.4029,0
47.2317,2.53024,0,0,1.21102,0.052063,0.36288,3.6288,60.9981,0.398644,0,0,0.697745,0.343941,0,0.66528,12.849,1,0.663952,0.36288,0,29.3674,6.16455,22.9017,0.84672,12.849,0.84672,3695.15,0,18.483,0.120704,1.11794,1.79396,3.41584,1.48958,4.71745,0.42336,0,0,18.483,0.42336,442.007,0,1.02816,0,0,2.1461,1.11794,1.028160,1,0,27.6192,0,0,0,27.6192,0
45.2792,2.51141,0,0,0.972881,0.0510881,0.36288,3.6288,60.7602,0.398735,0,0,0.504668,0.343844,0,0.66528,12.849,1,0.683208,0.36288,0,28.6968,6.16455,22.2119,0.84672,12.849,0.84672,3695.15,0,18.483,0.12082,0.461782,1.7942,2.74215,1.48958,3.38773,0.42336,0,0,18.483,0.42336,442.007,0,1.02816,0,0,1.48994,0.461782,1.028160,1,0,25.5997,0,0,0,25.5997,0
43.5891,2.48879,0,0,1.2116,0.0499904,0.36288,3.6288,60.8809,0.398531,0,0,0.862578,0.343325,0,0.66528,12.849,1,0.706251,0.36288,0,26.2089,6.16455,19.701,0.84672,12.849,0.84672,3695.15,0,18.483,0.121231,1.79026,1.79444,4.23989,1.48958,6.21378,0.42336,0,0,18.483,0.42336,442.007,0,1.02816,0,0,2.81842,1.79026,1.028160,1,0,25.9148,0,0,0,25.9148,0
42.6333,2.39267,0,0,1.87256,0.0728472,0.36288,3.6288,61.082,0.341734,0,0,0.838017,0.295194,0,0.66528,12.849,1,0.7053,0.36288,0,39.0904,5.35185,33.3961,0.84672,12.849,0.84672,3695.15,0,18.483,0.103748,1.1331,1.79468,5.07432,1.37835,6.52,0.42336,0,0,18.483,0.42336,442.007,0,1.02816,0,0,2.16126,1.1331,1.028160,1,0,39.9161,0,0,0,39.9161,0
41.5254,2.38084,0,0,1.71183,0.0759733,0.36288,3.6288,61.308,0.342148,0,0,1.25982,0.287494,0.404192,0.66528,12.849,1,0.717547,0.36288,0,35.8746,5.2164,30.3035,0.84672,12.849,0.84672,3695.15,0,18.483,0.103532,2.73416,1.7191,6.04619,1.35981,9.0361,0.42336,0,0,18.483,0.42336,442.007,0,1.02816,0,0,3.76232,2.73416,1.028160,1,0,39.7438,0,0,0,39.7438,0
40.2066,2.36654,0,0,1.48553,0.0749977,0.36288,3.6288,61.308,0.342592,0,0,0.697136,0.287906,0.0666378,0.66528,12.849,1,0.732265,0.36288,0,36.8363,5.2164,31.2505,0.84672,12.849,0.84672,3695.15,0,18.483,0.103284,1.16355,1.71933,4.48468,1.35981,5.90446,0.42336,0,0,18.483,0.42336,442.007,0,1.02816,0,0,2.19171,1.16355,1.028160,1,0,37.2216,0,0,0,37.2216,0
38.8662,2.34865,0,0,1.44503,0.0738363,0.36288,3.6288,61.308,0.342744,0,0,0.644918,0.287906,0.0142688,0.66528,12.849,1,0.750568,0.36288,0,33.6492,5.2164,28.0451,0.84672,12.849,0.84672,3695.15,0,18.483,0.10333,0.975992,1.71956,4.40664,1.35981,5.63905,0.42336,0,0,18.483,0.42336,442.007,0,1.02816,0,0,2.00415,0.975992,1.028160,1,0,33.6984,0,0,0,33.6984,0
38.3683,2.26933,0,0,2.30468,0.170442,0.36288,3.6288,61.308,0.290771,0,0,1.05767,0.167706,0.599197,0.66528,12.849,1,0.75023,0.36288,0,61.2,3.85668,56.9559,0.84672,12.849,0.84672,3695.15,0,18.483,0.087661,1.72255,1.71979,5.71455,0.938283,8.13094,0.42336,0,0,18.483,0.42336,442.007,0,1.02816,0,0,2.75071,1.72255,1.028160,1,0,65.6861,0,0,0,65.6861,0
40.1068,2.26234,0,0,4.53115,0.16742,0.36288,3.6288,61.308,0.290915,0,0,1.34741,0.148945,0.907548,0.66528,12.849,1,0.757626,0.36288,0,68.8478,3.9816,64.4715,0.84672,12.849,0.84672,3695.15,0,18.483,0.0877045,2.2214,1.6526,6.87976,0.981957,9.68409,0.42336,0,0,18.483,0.42336,442.007,0,1.02816,0,0,3.24956,2.2214,1.028160,1,0,75.0631,0,0,0,75.0631,0
41.5352,2.28752,0,0,4.24964,0.170838,0.36288,3.6288,61.308,0.29106,0,0,1.00265,0.148945,0.562641,0.66528,12.849,1,0.732851,0.36288,0,65.9491,3.9816,61.5975,0.84672,12.849,0.84672,3695.15,0,18.483,0.0877481,1.93483,1.65282,9.27602,0.981957,11.794,0.42336,0,0,18.483,0.42336,442.007,0,1.02816,0,0,2.96299,1.93483,1.028160,1,0,73.9542,0,0,0,73.9542,0
42.7464,2.30707,0,0,4.05492,0.173752,0.36288,3.6288,61.308,0.291205,0,0,1.79108,0.148945,1.35093,0.66528,12.849,1,0.713698,0.36288,0,79.7187,3.9816,75.3863,0.84672,12.849,0.84672,3695.15,0,18.483,0.0877917,2.61902,1.65304,10.3077,0.981957,13.51,0.42336,0,0,18.483,0.42336,442.007,0,1.02816,0,0,3.64718,2.61902,1.028160,1,0,90.2472,0,0,0,90.2472,0
44.3031,2.14799,0,0,4.24131,0.173723,0.36288,3.6288,61.308,0.182732,0,0,1.60168,0.163763,1.25519,0.66528,12.849,1,0.645657,0.36288,0,63.6823,4.04056,59.359,0.84672,12.849,0.84672,3695.15,0,18.483,0.0550896,3.2702,1.65326,13.1883,1.00231,17.0543,0.42336,0,0,18.483,0.42336,442.007,0,1.02816,0,0,4.29836,3.2702,1.028160,1,0,77.6685,0,0,0,77.6685,0
47.5091,2.16586,0,0,5.86048,0.125796,0.36288,3.6288,61.308,0.182862,0,0,2.8593,0.259262,2.41718,0.66528,12.849,1,0.628154,0.36288,0,85.2561,4.29566,80.6951,0.84672,12.849,0.84672,3695.15,0,18.483,0.0551288,4.92218,1.50163,17.0135,1.09803,22.2841,0.42336,0,0,18.483,0.42336,442.007,0,1.02816,0,0,5.95034,4.92218,1.028160,1,0,105.396,0,0,0,105.396,0
51.0889,2.19952,0,0,6.36282,0.220592,0.36288,3.6288,61.308,0.182992,0,0,3.55247,0.233907,3.13558,0.66528,12.849,1,0.594869,0.36288,0,148.126,4.26489,143.629,0.84672,12.849,0.84672,3695.15,0,18.483,0.055168,6.36768,1.50183,22.2778,1.06298,29.0292,0.42336,0,0,18.483,0.42336,442.007,0,1.02816,0,0,7.39584,6.36768,1.028160,1,0,175.794,0,0,0,175.794,0
55.0215,2.23313,0,0,6.75786,0.229217,0.36288,3.6288,61.308,0.183122,0,0,3.45533,0.233907,3.03831,0.66528,12.849,1,0.561638,0.36288,0,148.807,4.26489,144.343,0.84672,12.849,0.84672,3695.15,0,18.483,0.0552072,5.67599,1.50203,19.7752,1.06298,25.8351,0.42336,0,0,18.483,0.42336,442.007,0,1.02816,0,0,6.70415,5.67599,1.028160,1,0,173.216,0,0,0,173.216,0
57.783,2.26597,0,0,5.62903,0.238641,0.36288,3.6288,61.308,0.183252,0,0,3.36921,0.233907,2.95205,0.66528,12.849,1,0.529166,0.36288,0,148.213,4.26489,143.782,0.84672,12.849,0.84672,3695.15,0,18.483,0.0552465,5.33036,1.50223,19.7532,1.06298,25.4676,0.42336,0,0,18.483,0.42336,442.007,0,1.02816,0,0,6.35852,5.33036,1.028160,1,0,172.202,0,0,0,172.202,0
60.9467,2.35861,0,0,6.135,0.249869,0.36288,3.6288,61.308,0.214853,0,0,2.00555,0.224002,1.5667,0.66528,12.849,1,0.524475,0.36288,0,117.467,3.71116,113.594,0.84672,12.849,0.84672,3695.15,0,18.483,0.0647734,4.97558,1.50243,13.8745,1.05188,19.2359,0.42336,0,0,18.483,0.42336,442.007,0,1.02816,0,0,6.00374,4.97558,1.028160,1,0,134.397,0,0,0,134.397,0
61.3318,2.38139,0,0,3.38872,0.259299,0.36288,3.6288,61.308,0.21498,0,0,0.821552,0.22004,0.386531,0.66528,12.849,1,0.502054,0.36288,0,73.4132,3.48968,69.7844,0.84672,12.849,0.84672,3695.15,0,18.483,0.0648118,2.30023,1.55069,11.1471,1.04744,13.8857,0.42336,0,0,18.483,0.42336,442.007,0,1.02816,0,0,3.32839,2.30023,1.028160,1,0,84.0566,0,0,0,84.0566,0
64.2264,2.3843,0,0,5.90623,0.264449,0.36288,3.6288,61.308,0.215108,0,0,2.44306,0.202055,2.0259,0.66528,12.849,1,0.499511,0.36288,0,111.853,3.37099,108.346,0.84672,12.849,0.84672,3695.15,0,18.483,0.0648503,4.9713,1.55088,15.7656,1.01911,21.2038,0.42336,0,0,18.483,0.42336,442.007,0,1.02816,0,0,5.99946,4.9713,1.028160,1,0,131.576,0,0,0,131.576,0
66.0169,2.40337,0,0,4.83855,0.281844,0.36288,3.6288,61.308,0.215236,0,0,1.42446,0.157091,1.05213,0.66528,12.849,1,0.480813,0.36288,0,140.899,3.0743,137.706,0.84672,12.849,0.84672,3695.15,0,18.483,0.0648888,3.19877,1.55108,10.7477,0.948293,14.4844,0.42336,0,0,18.483,0.42336,442.007,0,1.02816,0,0,4.22693,3.19877,1.028160,1,0,153.243,0,0,0,153.243,0
70.1384,2.6501,0,0,7.43091,0.296413,0.36288,3.6288,61.308,0.333572,0,0,2.3979,0.157344,1.90699,0.66528,12.849,1,0.515795,0.36288,0,178.144,3.31439,174.677,0.84672,12.849,0.84672,3695.15,0,18.483,0.100565,4.67577,1.55128,15.8162,0.979523,20.9632,0.42336,0,0,18.483,0.42336,442.007,0,1.02816,0,0,5.70393,4.67577,1.028160,1,0,197.547,0,0,0,197.547,0
72.29,2.67606,0,0,10.5284,0.333232,5.36746,3.6288,61.308,0.333715,0,0,2.99204,0.157975,2.50035,0.66528,12.849,1,0.490241,5.36746,0,253.4,3.91461,254.363,0.84672,12.849,0.84672,3695.15,0,18.483,0.100608,6.02372,1.72306,21.2809,1.0576,27.8695,0.42336,0,0,18.483,0.42336,442.007,0,1.02816,0,0,7.05188,6.02372,1.028160,1,0,284.732,0,0,0,284.732,0
72.29,2.68879,0,0,8.51152,0.339518,5.48321,3.6288,61.308,0.333858,0,0,2.84085,0.153597,2.35339,0.66528,12.849,1,0.477912,5.48321,0,194.087,3.839,195.254,0.84672,12.849,0.84672,3695.15,0,18.483,0.100651,6.48389,1.72328,18.4206,1.03592,25.4912,0.42336,0,0,18.483,0.42336,442.007,0,1.02816,0,0,7.51205,6.48389,1.028160,1,0,223.098,0,0,0,223.098,0
72.29,2.68913,0,0,8.14432,0.329365,5.12583,3.6288,61.308,0.334,0,0,2.73492,0.137153,2.26377,0.66528,12.849,1,0.477973,5.12583,0,187.943,3.46365,189.128,0.84672,12.849,0.84672,3695.15,0,18.483,0.100694,6.30228,1.7235,18.5147,0.900994,25.5387,0.42336,0,0,18.483,0.42336,442.007,0,1.02816,0,0,7.33044,6.30228,1.028160,1,0,216.93,0,0,0,216.93,0
72.29,2.34857,0,0,6.84407,0.321524,4.17398,3.6288,61.308,0.175425,0,0,2.63961,0.14336,2.32082,0.66528,12.849,1,0.41744,4.17398,0,136.438,3.71172,136.483,0.84672,12.849,0.84672,3695.15,0,18.483,0.0528867,6.21181,1.72372,16.7521,0.917653,23.7171,0.42336,0,0,18.483,0.42336,442.007,0,1.02816,0,0,7.23997,6.21181,1.028160,1,0,162.52,0,0,0,162.52,0
72.29,2.34886,0,0,6.27555,0.35088,3.57581,3.6288,61.308,0.175548,0,0,2.26056,0.126144,1.95887,0.66528,12.849,1,0.417493,3.57581,0,119.235,4.07075,118.323,0.84672,12.849,0.84672,3695.15,0,18.483,0.0529237,5.48645,1.4891,14.5385,0.975409,20.4857,0.42336,0,0,18.483,0.42336,442.007,0,1.02816,0,0,6.51461,5.48645,1.028160,1,0,140.768,0,0,0,140.768,0
72.29,2.34916,0,0,4.40298,0.35088,1.70294,3.6288,61.308,0.17567,0,0,1.71285,0.126144,1.41104,0.66528,12.849,1,0.417546,1.70294,0,116.1,4.07075,113.315,0.84672,12.849,0.84672,3695.15,0,18.483,0.0529607,4.60946,1.48929,13.1299,0.975409,18.2002,0.42336,0,0,18.483,0.42336,442.007,0,1.02816,0,0,5.63762,4.60946,1.028160,1,0,132.926,0,0,0,132.926,0
72.29,2.34946,0,0,4.49406,0.294239,1.85036,3.6288,61.308,0.175793,0,0,1.30194,0.0960627,1.03008,0.66528,12.849,1,0.417599,1.85036,0,101.016,3.63477,98.8143,0.84672,12.849,0.84672,3695.15,0,18.483,0.0529977,3.61555,1.48948,11.9627,0.912782,16.1019,0.42336,0,0,18.483,0.42336,442.007,0,1.02816,0,0,4.64371,3.61555,1.028160,1,0,115.946,0,0,0,115.946,0
72.29,2.34976,0,0,4.17745,0.271583,1.55611,3.6288,61.308,0.175916,0,0,1.55502,0.0840301,1.29507,0.66528,12.849,1,0.417652,1.55611,0,105.54,3.46038,103.218,0.84672,12.849,0.84672,3695.15,0,18.483,0.0530346,4.50267,1.48967,11.8724,0.887731,16.924,0.42336,0,0,18.483,0.42336,442.007,0,1.02816,0,0,5.53083,4.50267,1.028160,1,0,121.437,0,0,0,121.437,0
72.29,2.43592,0,0,6.99598,0.319916,4.24014,3.6288,61.308,0.214891,0,0,2.3183,0.141737,1.96167,0.66528,12.849,1,0.432967,4.24014,0,165.487,4.63038,164.664,0.84672,12.849,0.84672,3695.15,0,18.483,0.064785,6.41347,1.48986,12.9094,1.01698,19.7309,0.42336,0,0,18.483,0.42336,442.007,0,1.02816,0,0,7.44163,6.41347,1.028160,1,0,186.357,0,0,0,186.357,0
72.29,2.43623,0,0,5.30584,0.327971,2.54164,3.6288,61.308,0.215019,0,0,1.78957,0.151355,1.42319,0.66528,12.849,1,0.433022,2.54164,0,112.411,4.82538,109.694,0.84672,12.849,0.84672,3695.15,0,18.483,0.0648234,5.61972,1.54806,10.9428,1.03853,17.0073,0.42336,0,0,18.483,0.42336,442.007,0,1.02816,0,0,6.64788,5.61972,1.028160,1,0,128.124,0,0,0,128.124,0
72.29,2.43654,0,0,4.6862,0.327971,1.92168,3.6288,61.308,0.215147,0,0,1.62745,0.151355,1.26095,0.66528,12.849,1,0.433077,1.92168,0,95.5869,4.82538,92.2501,0.84672,12.849,0.84672,3695.15,0,18.483,0.0648619,5.15166,1.54826,9.92589,1.03853,15.5224,0.42336,0,0,18.483,0.42336,442.007,0,1.02816,0,0,6.17982,5.15166,1.028160,1,0,109.034,0,0,0,109.034,0
72.29,2.43685,0,0,5.25918,0.290477,2.53185,3.6288,61.308,0.215274,0,0,1.65518,0.130035,1.30987,0.66528,12.849,1,0.433132,2.53185,0,97.5802,3.99927,95.6796,0.84672,12.849,0.84672,3695.15,0,18.483,0.0649004,4.99056,1.54846,10.5869,1.02651,16.0345,0.42336,0,0,18.483,0.42336,442.007,0,1.02816,0,0,6.01872,4.99056,1.028160,1,0,113.024,0,0,0,113.024,0
72.29,2.40357,0,0,4.32407,0.260547,1.65995,3.6288,61.308,0.200304,0,0,1.19165,0.177862,0.813488,0.66528,12.849,1,0.427217,1.65995,0,88.0986,3.92969,85.4017,0.84672,12.849,0.84672,3695.15,0,18.483,0.0603872,4.20734,1.54865,7.84227,1.05081,12.4871,0.42336,0,0,18.483,0.42336,442.007,0,1.02816,0,0,5.2355,4.20734,1.028160,1,0,98.7022,0,0,0,98.7022,0
72.29,2.40388,0,0,3.5199,0.242787,0.873238,3.6288,61.308,0.20043,0,0,1.01528,0.216398,0.59845,0.66528,12.849,1,0.427271,0.873238,0,72.0628,3.98076,68.528,0.84672,12.849,0.84672,3695.15,0,18.483,0.0604252,3.32166,1.52626,6.80832,1.07053,10.5253,0.42336,0,0,18.483,0.42336,442.007,0,1.02816,0,0,4.34982,3.32166,1.028160,1,0,79.6517,0,0,0,79.6517,0
72.29,2.40418,0,0,3.29898,0.242787,0.652008,3.6288,61.308,0.200556,0,0,0.868821,0.216398,0.451867,0.66528,12.849,1,0.427325,0.652008,0,68.2102,3.98076,64.4541,0.84672,12.849,0.84672,3695.15,0,18.483,0.0604631,2.50828,1.52645,6.44509,1.07053,9.34883,0.42336,0,0,18.483,0.42336,442.007,0,1.02816,0,0,3.53644,2.50828,1.028160,1,0,74.2548,0,0,0,74.2548,0
72.29,2.40449,0,0,3.90531,0.218458,1.28237,3.6288,61.308,0.200682,0,0,0.863257,0.228267,0.434309,0.66528,12.849,1,0.427379,1.28237,0,72.1578,4.91646,68.0964,0.84672,12.849,0.84672,3695.15,0,18.483,0.060501,2.68809,1.52664,8.48647,1.10742,11.5333,0.42336,0,0,18.483,0.42336,442.007,0,1.02816,0,0,3.71625,2.68809,1.028160,1,0,80.0639,0,0,0,80.0639,0
72.199,2.51887,0,0,2.96026,0.169497,0.36288,3.6288,61.308,0.254375,0,0,0.815892,0.245802,0.315715,0.66528,12.849,1,0.44771,0.36288,0,50.3901,5.57481,44.7305,0.84672,12.849,0.84672,3695.15,0,18.483,0.0766885,2.45673,1.52684,6.32085,1.19786,9.02987,0.42336,0,0,18.483,0.42336,442.007,0,1.02816,0,0,3.48489,2.45673,1.028160,1,0,54.0761,0,0,0,54.0761,0
71.8434,2.51871,0,0,2.67089,0.144953,0.36288,3.6288,61.308,0.254508,0,0,0.709811,0.248475,0.206828,0.66528,12.849,1,0.448246,0.36288,0,48.8744,4.47888,44.3102,0.84672,12.849,0.84672,3695.15,0,18.483,0.0767285,1.51805,1.60607,5.51617,1.21956,7.34401,0.42336,0,0,18.483,0.42336,442.007,0,1.02816,0,0,2.54621,1.51805,1.028160,1,0,51.861,0,0,0,51.861,0
71.1786,2.51715,0,0,2.35985,0.144562,0.36288,3.6288,61.308,0.254641,0,0,0.663068,0.248475,0.159953,0.66528,12.849,1,0.450185,0.36288,0,44.9705,4.47888,40.4043,0.84672,12.849,0.84672,3695.15,0,18.483,0.0767685,1.30548,1.60628,4.91784,1.21956,6.53326,0.42336,0,0,18.483,0.42336,442.007,0,1.02816,0,0,2.33364,1.30548,1.028160,1,0,47.0975,0,0,0,47.0975,0
70.417,2.51391,0,0,2.25897,0.14383,0.36288,3.6288,61.308,0.254773,0,0,0.619533,0.248475,0.116285,0.66528,12.849,1,0.453804,0.36288,0,42.2742,4.47888,37.7044,0.84672,12.849,0.84672,3695.15,0,18.483,0.0768085,1.10008,1.60648,4.5491,1.21956,5.95929,0.42336,0,0,18.483,0.42336,442.007,0,1.02816,0,0,2.12824,1.10008,1.028160,1,0,43.78,0,0,0,43.78,0
69.4114,2.51007,0,0,2.01039,0.142992,0.36288,3.6288,61.308,0.254906,0,0,0.568421,0.248475,0.0650402,0.66528,12.849,1,0.458014,0.36288,0,38.1224,4.47888,33.5483,0.84672,12.849,0.84672,3695.15,0,18.483,0.0768485,0.911796,1.60669,4.3838,1.21956,5.60587,0.42336,0,0,18.483,0.42336,442.007,0,1.02816,0,0,1.93996,0.911796,1.028160,1,0,39.2193,0,0,0,39.2193,0
68.0722,2.48236,0,0,1.61764,0.111629,0.36288,3.6288,61.2925,0.295765,0,0,0.517301,0.237083,0,0.66528,12.849,1,0.459518,0.36288,0,30.7094,4.41426,26.1985,0.84672,12.849,0.84672,3695.15,0,18.483,0.0891666,0.30119,1.60689,2.91123,1.15096,3.57918,0.42336,0,0,18.483,0.42336,442.007,0,1.0135,0,0,1.31469,0.30119,1.028160,1,0,29.7777,0,0,0,29.7777,0
66.5481,2.47507,0,0,1.42747,0.113608,0.36288,3.6288,61.0529,0.484934,0,0,0.475046,0.229653,0,0.66528,12.849,1,0.467183,0.36288,0,28.1724,4.34102,23.7271,0.84672,12.849,0.84672,3695.15,0,18.483,0.146234,0.261274,1.63173,2.57214,1.12357,3.19534,0.42336,0,0,18.483,0.42336,442.007,0,0.767439,0,0,1.02871,0.261274,1.028160,1,0,26.9225,0,0,0,26.9225,0
64.9374,2.46641,0,0,1.3126,0.094041,0.36288,3.6288,60.7459,0.484113,0,0,0.450173,0.273111,0,0.66528,12.849,1,0.476211,0.36288,0,25.2239,4.90561,20.2049,0.84672,12.849,0.84672,3695.15,0,18.483,0.146559,0.261274,1.63194,2.44904,1.32966,2.86604,0.42336,0,0,18.483,0.42336,442.007,0,0.768113,0,0,1.02939,0.261274,1.028160,1,0,23.071,0,0,0,23.071,0
63.269,2.45686,0,0,1.23071,0.0793564,0.36288,3.6288,60.3599,0.503124,0,0,0.422558,0.30537,0,0.66528,12.849,1,0.486134,0.36288,0,22.6706,5.32907,17.2183,0.84672,12.849,0.84672,3695.15,0,18.483,0.153084,0.261274,1.63215,2.35989,1.48422,2.616,0.42336,0,0,18.483,0.42336,442.007,0,0.742755,0,0,1.00403,0.261274,1.028160,1,0,19.8343,0,0,0,19.8343,0
61.3448,2.50362,0,0,1.01878,0.0764418,0.36288,3.6288,59.7659,0.63955,0,0,0.361462,0.315983,0,0.66528,12.849,1,0.508448,0.36288,0,20.2357,5.5938,14.4964,0.84672,12.849,0.84672,3695.15,0,18.483,0.195839,0.261274,1.63236,2.14404,1.50969,2.33214,0.42336,0,0,18.483,0.42336,442.007,0,0.59794,0,0,0.859213,0.261274,1.028160,1,0,16.8285,0,0,0,16.8285,0
59.4442,2.49075,0,0,1.02584,0.072815,0.36288,3.6288,59.2211,0.639661,0,0,0.424753,0.329879,0,0.66528,12.849,1,0.5217,0.36288,0,23.5985,5.94678,17.4929,0.84672,12.849,0.84672,3695.15,0,18.483,0.19782,0.261274,1.67185,2.35062,1.54365,2.54227,0.42336,0,0,18.483,0.42336,442.007,0,0.59603,0,0,0.857304,0.261274,1.028160,1,0,20.0352,0,0,0,20.0352,0
57.4768,2.47735,0,0,0.944352,0.0715955,0.36288,3.6288,58.6795,0.572973,0,0,0.360091,0.328731,0,0.66528,12.849,1,0.535484,0.36288,0,19.3834,5.94678,13.264,0.84672,12.849,0.84672,3695.15,0,18.483,0.178826,0.227405,1.67206,2.27282,1.54365,2.44982,0.42336,0,0,18.483,0.42336,442.007,0,0.681895,0,0,0.909299,0.227405,1.028160,1,0,15.7138,0,0,0,15.7138,0
55.4457,2.46268,0,0,0.864708,0.0702412,0.36288,3.6288,58.0131,0.672246,0,0,0.333522,0.327591,0,0.66528,12.849,1,0.550535,0.36288,0,18.4238,5.94678,12.2894,0.84672,12.849,0.84672,3695.15,0,18.483,0.211746,0.227405,1.67228,1.99778,1.54365,2.14207,0.42336,0,0,18.483,0.42336,442.007,0,0.549884,0,0,0.777289,0.227405,1.028160,1,0,14.4315,0,0,0,14.4315,0
53.326,2.61001,0,0,0.913602,0.0603457,0.36288,3.6288,57.4185,0.64627,0,0,0.382877,0.33126,0,0.66528,12.849,1,0.604846,0.36288,0,18.0697,6.09633,11.7314,0.84672,12.849,0.84672,3695.15,0,18.483,0.205902,0.227405,1.67249,2.64282,1.57353,2.76329,0.42336,0,0,18.483,0.42336,442.007,0,0.705352,0,0,0.932757,0.227405,1.028160,1,0,14.4947,0,0,0,14.4947,0
50.9765,2.59097,0,0,0.659431,0.0551544,0.36288,3.6288,56.7592,0.687317,0,0,0.351808,0.323744,0,0.66528,12.849,1,0.624299,0.36288,0,19.7999,6.59253,12.9459,0.84672,12.849,0.84672,3695.15,0,18.483,0.221247,0.227405,1.80581,2.4664,1.53528,2.74309,0.42336,0,0,18.483,0.42336,442.007,0,0.649158,0,0,0.876563,0.227405,1.028160,1,0,15.689,0,0,0,15.689,0
48.5762,2.56831,0,0,0.584756,0.0538306,0.36288,3.6288,56.0451,0.708548,0,0,0.316728,0.322361,0,0.66528,12.849,1,0.647363,0.36288,0,17.5961,6.59253,10.7191,0.84672,12.849,0.84672,3695.15,0,18.483,0.23073,0.204422,1.80604,2.39373,1.53528,2.63818,0.42336,0,0,18.483,0.42336,442.007,0,0.618641,0,0,0.823064,0.204422,1.028160,1,0,13.3573,0,0,0,13.3573,0
46.2725,2.54334,0,0,0.655017,0.0524732,0.36288,3.6288,55.3598,0.689255,0,0,0.324907,0.320862,0,0.66528,12.849,1,0.672745,0.36288,0,17.4907,6.59253,10.5883,0.84672,12.849,0.84672,3695.15,0,18.483,0.227308,0.204422,1.80627,2.56558,1.53528,2.81368,0.42336,0,0,18.483,0.42336,442.007,0,0.641555,0,0,0.845977,0.204422,1.028160,1,0,13.402,0,0,0,13.402,0
44.3733,2.51745,0,0,1.04829,0.067191,0.36288,3.6288,54.8929,0.550984,0,0,0.399308,0.315295,0,0.66528,12.849,1,0.699047,0.36288,0,29.0574,6.47379,22.2475,0.84672,12.849,0.84672,3695.15,0,18.483,0.183957,0.204422,1.8065,2.79671,1.52071,3.10295,0.42336,0,0,18.483,0.42336,442.007,0,0.823375,0,0,1.0278,0.204422,1.028160,1,0,25.3504,0,0,0,25.3504,0
42.8495,2.41845,0,0,1.30577,0.0482703,0.36288,3.6288,54.6401,0.340662,0,0,0.350035,0.262194,0,0.66528,12.849,1,0.700301,0.36288,0,16.1324,6.09127,9.70374,0.84672,12.849,0.84672,3695.15,0,18.483,0.114704,0.209736,1.80673,2.85185,1.44477,3.30884,0.42336,0,0,18.483,0.42336,442.007,0,1.02816,0,0,1.2379,0.209736,1.028160,1,0,13.0126,0,0,0,13.0126,0
40.6156,2.3996,0,0,0.567194,0.0385396,0.36288,3.6288,53.9338,0.610362,0,0,0.147492,0.243424,0,0.66528,12.849,1,0.719552,0.36288,0,18.6564,5.92043,12.3793,0.84672,12.849,0.84672,3695.15,0,18.483,0.206466,0.216518,1.73063,1.50339,1.41948,1.8246,0.42336,0,0,18.483,0.42336,442.007,0,0.666887,0,0,0.883405,0.216518,1.028160,1,0,14.2038,0,0,0,14.2038,0
38.3104,2.36983,0,0,0.465071,0.0375442,0.36288,3.6288,53.0134,0.812781,0,0,0.134685,0.242289,0,0.66528,12.849,1,0.749711,0.36288,0,10.8232,5.92043,4.5159,0.84672,12.849,0.84672,3695.15,0,18.483,0.278539,0.216518,1.73085,1.07433,1.41948,1.32368,0.42336,0,0,18.483,0.42336,442.007,0,0.392583,0,0,0.609102,0.216518,1.028160,1,0,5.83958,0,0,0,5.83958,0
36.6635,2.33635,0,0,1.14424,0.0919562,0.36288,3.6288,52.6434,0.338066,0,0,0.21423,0.246153,0,0.66528,12.849,1,0.783592,0.36288,0,14.4099,5.45722,8.53194,0.84672,12.849,0.84672,3695.15,0,18.483,0.117866,0.341142,1.73107,2.79442,1.31991,3.42885,0.42336,0,0,18.483,0.42336,442.007,0,1.02816,0,0,1.3693,0.341142,1.028160,1,0,11.9608,0,0,0,11.9608,0
34.9521,2.25089,0,0,1.03594,0.133606,0.36288,3.6288,52.3725,0.334912,0,0,0.298288,0.234307,0,0.66528,12.849,1,0.788841,0.36288,0,23.8984,4.86099,18.6115,0.84672,12.849,0.84672,3695.15,0,18.483,0.117587,0.216518,1.73129,2.25244,1.15748,2.92518,0.42336,0,0,18.483,0.42336,442.007,0,0.96349,0,0,1.18001,0.216518,1.028160,1,0,21.5366,0,0,0,21.5366,0
33.5396,2.22293,0,0,1.3394,0.166083,0.36288,3.6288,52.2981,0.286795,0,0,0.385608,0.173205,0,0.66528,12.849,1,0.817188,0.36288,0,27.7802,3.86169,23.4642,0.84672,12.849,0.84672,3695.15,0,18.483,0.101214,0.242345,1.66364,2.77282,0.924845,3.65274,0.42336,0,0,18.483,0.42336,442.007,0,1.02816,0,0,1.27051,0.242345,1.028160,1,0,27.1169,0,0,0,27.1169,0
33.3942,2.19833,0,0,2.57907,0.163235,0.36288,3.6288,52.421,0.286821,0,0,0.582905,0.173102,0,0.66528,12.849,1,0.842178,0.36288,0,50.5817,3.86169,46.2407,0.84672,12.849,0.84672,3695.15,0,18.483,0.101367,0.511358,1.66385,4.39182,0.924845,5.54082,0.42336,0,0,18.483,0.42336,442.007,0,1.02816,0,0,1.53952,0.511358,1.028160,1,0,51.7815,0,0,0,51.7815,0
34.5787,2.19596,0,0,3.9063,0.162942,0.36288,3.6288,53.0715,0.28713,0,0,1.11083,0.173273,0,0.66528,12.849,1,0.844932,0.36288,0,55.3848,3.86169,51.0411,0.84672,12.849,0.84672,3695.15,0,18.483,0.101238,1.79528,1.66406,6.40974,0.924845,8.843,0.42336,0,0,18.483,0.42336,442.007,0,1.02816,0,0,2.82344,1.79528,1.028160,1,0,59.8841,0,0,0,59.8841,0
34.4107,2.05035,0,0,2.41784,0.172654,0.36288,3.6288,53.4553,0.182638,0,0,0.743878,0.177445,0,0.66528,12.849,1,0.761883,0.36288,0,46.0551,3.91968,41.7364,0.84672,12.849,0.84672,3695.15,0,18.483,0.0636067,1.26239,1.66427,6.34824,0.938384,8.27291,0.42336,0,0,18.483,0.42336,442.007,0,1.02816,0,0,2.29055,1.26239,1.028160,1,0,50.0093,0,0,0,50.0093,0
34.6828,2.0479,0,0,2.88607,0.203222,0.36288,3.6288,53.7782,0.183098,0,0,0.701222,0.195211,0,0.66528,12.849,1,0.764689,0.36288,0,66.3726,3.64696,62.3238,0.84672,12.849,0.84672,3695.15,0,18.483,0.0633089,1.24552,1.51162,5.64458,0.904332,7.43407,0.42336,0,0,18.483,0.42336,442.007,0,1.02816,0,0,2.27368,1.24552,1.028160,1,0,69.7579,0,0,0,69.7579,0
35.7247,2.05254,0,0,3.66126,0.203898,0.36288,3.6288,54.2956,0.183501,0,0,0.896685,0.195713,0,0.66528,12.849,1,0.760409,0.36288,0,63.3477,3.64696,59.3032,0.84672,12.849,0.84672,3695.15,0,18.483,0.0630674,1.90513,1.51181,6.78413,0.904332,9.23367,0.42336,0,0,18.483,0.42336,442.007,0,1.02816,0,0,2.93329,1.90513,1.028160,1,0,68.5369,0,0,0,68.5369,0
36.8577,2.06911,0,0,3.77143,0.206485,0.36288,3.6288,55.2404,0.18407,0,0,1.32519,0.196399,0,0.66528,12.849,1,0.744192,0.36288,0,73.9878,3.64696,69.9595,0.84672,12.849,0.84672,3695.15,0,18.483,0.0626601,3.13258,1.512,8.85099,0.904332,12.5286,0.42336,0,0,18.483,0.42336,442.007,0,1.02816,0,0,4.16074,3.13258,1.028160,1,0,82.4881,0,0,0,82.4881,0
37.7859,2.08634,0,0,3.59052,0.213097,0.36288,3.6288,56.1213,0.184995,0,0,1.26374,0.197839,0,0.66528,12.849,1,0.727322,0.36288,0,79.8008,3.66096,75.7754,0.84672,12.849,0.84672,3695.15,0,18.483,0.0618978,2.57906,1.51219,8.00513,0.918095,11.1164,0.42336,0,0,18.483,0.42336,442.007,0,1.02816,0,0,3.60722,2.57906,1.028160,1,0,86.8918,0,0,0,86.8918,0
44.7545,2.16572,0,0,9.70333,0.206094,0.36288,3.6288,57.5561,0.216862,0,0,1.85197,0.20031,0,0.66528,12.849,1,0.736448,0.36288,0,148.582,4.25151,143.957,0.84672,12.849,0.84672,3695.15,0,18.483,0.0714215,2.70558,1.51239,12.7412,1.07812,15.8097,0.42336,0,0,18.483,0.42336,442.007,0,1.02816,0,0,3.73374,2.70558,1.028160,1,0,159.767,0,0,0,159.767,0
48.084,2.25508,0,0,6.15262,0.205174,0.36288,3.6288,57.9882,0.21833,0,0,0.881133,0.230696,0,0.66528,12.849,1,0.647434,0.36288,0,130.423,4.35992,125.778,0.84672,12.849,0.84672,3695.15,0,18.483,0.0701124,1.64641,1.56095,8.30209,1.17462,10.2647,0.42336,0,0,18.483,0.42336,442.007,0,1.02816,0,0,2.67457,1.64641,1.028160,1,0,136.043,0,0,0,136.043,0
50.8623,2.29074,0,0,5.6448,0.212902,0.36288,3.6288,58.3844,0.218846,0,0,0.846461,0.231342,0,0.66528,12.849,1,0.612131,0.36288,0,109.237,4.35992,104.628,0.84672,12.849,0.84672,3695.15,0,18.483,0.0697545,1.44172,1.56114,7.8694,1.17462,9.62788,0.42336,0,0,18.483,0.42336,442.007,0,1.02816,0,0,2.46988,1.44172,1.028160,1,0,114.256,0,0,0,114.256,0
52.9356,2.31771,0,0,4.97873,0.224843,0.36288,3.6288,58.4916,0.219326,0,0,0.5567,0.230181,0,0.66528,12.849,1,0.585508,0.36288,0,88.9298,4.3789,84.3283,0.84672,12.849,0.84672,3695.15,0,18.483,0.069433,0.898931,1.56133,7.32041,1.20773,8.5035,0.42336,0,0,18.483,0.42336,442.007,0,1.02816,0,0,1.92709,0.898931,1.028160,1,0,92.8318,0,0,0,92.8318,0
55.4889,2.56433,0,0,5.7446,0.264024,0.36288,3.6288,58.5773,0.337219,0,0,0.637027,0.214109,0,0.66528,12.849,1,0.622439,0.36288,0,119.194,4.2497,114.685,0.84672,12.849,0.84672,3695.15,0,18.483,0.106559,0.995406,1.56151,7.89484,1.31537,9.02983,0.42336,0,0,18.483,0.42336,442.007,0,1.02816,0,0,2.02357,0.995406,1.028160,1,0,123.715,0,0,0,123.715,0
56.8715,2.5879,0,0,4.6069,0.273577,0.36288,3.6288,58.7178,0.337472,0,0,0.657831,0.179939,0,0.66528,12.849,1,0.599254,0.36288,0,94.3782,2.7908,91.351,0.84672,12.849,0.84672,3695.15,0,18.483,0.106483,0.733147,1.73442,6.76229,0.769133,8.35425,0.42336,0,0,18.483,0.42336,442.007,0,1.02816,0,0,1.76131,0.733147,1.028160,1,0,99.7053,0,0,0,99.7053,0
58.2288,2.6001,0,0,4.59768,0.277357,0.36288,3.6288,58.8653,0.337801,0,0,0.665415,0.180102,0,0.66528,12.849,1,0.587442,0.36288,0,92.4238,2.7908,89.4084,0.84672,12.849,0.84672,3695.15,0,18.483,0.106332,0.61878,1.73463,5.35842,0.769133,6.83637,0.42336,0,0,18.483,0.42336,442.007,0,1.02816,0,0,1.64694,0.61878,1.028160,1,0,96.2448,0,0,0,96.2448,0
59.1904,2.61163,0,0,4.20327,0.26717,0.36288,3.6288,59.0375,0.338138,0,0,0.712489,0.202141,0,0.66528,12.849,1,0.576293,0.36288,0,87.3158,3.57293,83.5295,0.84672,12.849,0.84672,3695.15,0,18.483,0.106171,0.693222,1.73484,6.20296,1.03015,7.49469,0.42336,0,0,18.483,0.42336,442.007,0,1.02816,0,0,1.72138,0.693222,1.028160,1,0,91.0242,0,0,0,91.0242,0
61.4059,2.28758,0,0,5.12199,0.256034,0.36288,3.6288,59.4807,0.18016,0,0,0.825051,0.201629,0,0.66528,12.849,1,0.496587,0.36288,0,97.9284,3.7981,93.9965,0.84672,12.849,0.84672,3695.15,0,18.483,0.056403,0.86711,1.73505,7.20014,1.08077,8.66513,0.42336,0,0,18.483,0.42336,442.007,0,1.02816,0,0,1.89527,0.86711,1.028160,1,0,102.662,0,0,0,102.662,0
64.9939,2.30268,0,0,6.56658,0.313019,0.36288,3.6288,60.2002,0.180597,0,0,1.07762,0.177554,0,0.66528,12.849,1,0.481828,0.36288,0,105.84,2.97308,102.748,0.84672,12.849,0.84672,3695.15,0,18.483,0.0561184,1.18371,1.49888,6.38776,0.762042,8.25219,0.42336,0,0,18.483,0.42336,442.007,0,1.02816,0,0,2.21187,1.18371,1.028160,1,0,111,0,0,0,111,0
67.2045,2.32517,0,0,5.22093,0.322308,0.36288,3.6288,60.5699,0.269383,0,0,0.817482,0.178371,0,0.66528,12.849,1,0.459675,0.36288,0,120.388,2.97308,117.318,0.84672,12.849,0.84672,3695.15,0,18.483,0.0827074,0.608429,1.49906,4.70458,0.762042,5.96732,0.42336,0,0,18.483,0.42336,442.007,0,0.912937,0,0,1.52137,0.608429,1.028160,1,0,123.285,0,0,0,123.285,0
67.7238,2.33814,0,0,3.53746,0.31714,0.36288,3.6288,60.5296,0.432472,0,0,0.564914,0.172803,0,0.66528,12.849,1,0.447035,0.36288,0,97.1162,2.88588,94.1462,0.84672,12.849,0.84672,3695.15,0,18.483,0.131969,0.558835,1.49924,4.24851,0.749516,5.4251,0.42336,0,0,18.483,0.42336,442.007,0,0.700739,0,0,1.25957,0.558835,1.028160,1,0,99.5713,0,0,0,99.5713,0
69.5758,2.3413,0,0,4.80907,0.252825,0.36288,3.6288,60.8129,0.253248,0,0,0.673374,0.136838,0,0.66528,12.849,1,0.444208,0.36288,0,99.354,2.36271,96.9099,0.84672,12.849,0.84672,3695.15,0,18.483,0.0773306,0.558835,1.49942,4.5535,0.674363,5.86006,0.42336,0,0,18.483,0.42336,442.007,0,0.934753,0,0,1.49359,0.558835,1.028160,1,0,102.77,0,0,0,102.77,0
71.5906,2.43749,0,0,5.11571,0.300595,0.36288,3.6288,61.3059,0.22104,0,0,0.869392,0.155337,0,0.66528,12.849,1,0.450146,0.36288,0,127.756,2.75669,124.912,0.84672,12.849,0.84672,3695.15,0,18.483,0.0671811,0.652873,1.4996,8.14871,0.670191,9.56381,0.42336,0,0,18.483,0.42336,442.007,0,1.02816,0,0,1.68103,0.652873,1.028160,1,0,134.476,0,0,0,134.476,0
72.29,2.44852,0,0,4.35681,0.323198,0.885654,3.6288,61.308,0.253276,0,0,0.853649,0.163147,0.435112,0.66528,12.849,1,0.439459,0.885654,0,100.71,2.91428,98.2424,0.84672,12.849,0.84672,3695.15,0,18.483,0.0763597,0.558835,1.55818,7.14139,0.668522,8.51352,0.42336,0,0,18.483,0.42336,442.007,0,0.986904,0,0,1.54574,0.558835,1.028160,1,0,107.191,0,0,0,107.191,0
72.29,2.45243,0,0,3.76902,0.324922,0.991667,3.6288,61.308,0.386217,0,0,0.735471,0.163149,0.186105,0.66528,12.849,1,0.435901,0.991667,0,78.9463,2.91428,76.5878,0.84672,12.849,0.84672,3695.15,0,18.483,0.116436,0.528595,1.55837,5.97973,0.668522,7.28173,0.42336,0,0,18.483,0.42336,442.007,0,0.814044,0,0,1.34264,0.528595,1.028160,1,0,84.0556,0,0,0,84.0556,0
72.29,2.45272,0,0,3.71983,0.309493,0.957614,3.6288,61.308,0.221822,0,0,0.724481,0.16516,0.3375,0.66528,12.849,1,0.435953,0.957614,0,85.7131,2.79111,83.4437,0.84672,12.849,0.84672,3695.15,0,18.483,0.0668744,0.671553,1.55855,5.38993,0.716904,6.83625,0.42336,0,0,18.483,0.42336,442.007,0,1.02816,0,0,1.69971,0.671553,1.028160,1,0,90.6174,0,0,0,90.6174,0
72.29,2.41921,0,0,3.68563,0.275686,0.990736,3.6288,61.308,0.206748,0,0,0.777885,0.184565,0.386572,0.66528,12.849,1,0.429996,0.990736,0,84.4586,3.21913,81.8002,0.84672,12.849,0.84672,3695.15,0,18.483,0.0623299,0.678188,1.55874,5.74679,0.817709,7.10368,0.42336,0,0,18.483,0.42336,442.007,0,1.02816,0,0,1.70635,0.678188,1.028160,1,0,89.2905,0,0,0,89.2905,0
72.0508,2.4195,0,0,2.80119,0.258041,0.36288,3.6288,61.308,0.308306,0,0,0.60434,0.206864,0.0891704,0.66528,12.849,1,0.430048,0.36288,0,64.0154,4.00879,59.9394,0.84672,12.849,0.84672,3695.15,0,18.483,0.0929473,0.528595,1.53619,4.38855,0.866103,5.49428,0.42336,0,0,18.483,0.42336,442.007,0,0.896141,0,0,1.42474,0.528595,1.028160,1,0,65.5229,0,0,0,65.5229,0
71.3322,2.41858,0,0,2.32043,0.257573,0.36288,3.6288,61.2517,0.401054,0,0,0.55165,0.206864,0,0.66528,12.849,1,0.431312,0.36288,0,55.2658,4.00879,51.1885,0.84672,12.849,0.84672,3695.15,0,18.483,0.120909,0.528595,1.53637,3.89333,0.866103,4.97129,0.42336,0,0,18.483,0.42336,442.007,0,0.775587,0,0,1.30418,0.528595,1.028160,1,0,56.1598,0,0,0,56.1598,0
70.3915,2.41519,0,0,2.09355,0.256166,0.36288,3.6288,60.9683,0.548395,0,0,0.471785,0.206791,0,0.66528,12.849,1,0.435046,0.36288,0,53.7175,4.00879,49.6365,0.84672,12.849,0.84672,3695.15,0,18.483,0.165481,0.402797,1.53656,3.967,0.866103,4.87477,0.42336,0,0,18.483,0.42336,442.007,0,0.583831,0,0,0.986628,0.402797,1.028160,1,0,54.5113,0,0,0,54.5113,0
69.8676,2.52491,0,0,2.59234,0.228461,0.36288,3.6288,60.7838,0.531982,0,0,0.565961,0.218511,0,0.66528,12.849,1,0.460889,0.36288,0,59.4963,4.16641,55.2319,0.84672,12.849,0.84672,3695.15,0,18.483,0.161274,0.402797,1.53674,4.03194,0.900322,4.90988,0.42336,0,0,18.483,0.42336,442.007,0,0.674775,0,0,1.07757,0.402797,1.028160,1,0,60.1418,0,0,0,60.1418,0
68.7911,2.5223,0,0,1.99664,0.18794,0.36288,3.6288,60.4699,0.540836,0,0,0.440982,0.214015,0,0.66528,12.849,1,0.463864,0.36288,0,45.0856,3.96889,41.0157,0.84672,12.849,0.84672,3695.15,0,18.483,0.164456,0.402797,1.61648,2.7524,1.05331,3.55392,0.42336,0,0,18.483,0.42336,442.007,0,0.662904,0,0,1.0657,0.402797,1.028160,1,0,44.5696,0,0,0,44.5696,0
67.6824,2.51649,0,0,1.95704,0.186376,0.36288,3.6288,60.1776,0.555714,0,0,0.476949,0.213589,0,0.66528,12.849,1,0.470036,0.36288,0,43.1902,3.96889,39.1142,0.84672,12.849,0.84672,3695.15,0,18.483,0.169857,0.402797,1.61668,2.96579,1.05331,3.7621,0.42336,0,0,18.483,0.42336,442.007,0,0.64279,0,0,1.04559,0.402797,1.028160,1,0,42.8763,0,0,0,42.8763,0
66.451,2.51032,0,0,1.8266,0.184766,0.36288,3.6288,59.8654,0.534877,0,0,0.435868,0.213192,0,0.66528,12.849,1,0.476565,0.36288,0,40.375,3.96889,36.2924,0.84672,12.849,0.84672,3695.15,0,18.483,0.164283,0.30119,1.61687,2.62626,1.05331,3.32673,0.42336,0,0,18.483,0.42336,442.007,0,0.669367,0,0,0.970557,0.30119,1.028160,1,0,39.6191,0,0,0,39.6191,0
65.1612,2.50322,0,0,1.7213,0.144994,0.36288,3.6288,59.5064,0.527997,0,0,0.415187,0.246137,0,0.66528,12.849,1,0.484023,0.36288,0,37.8571,4.74787,32.9881,0.84672,12.849,0.84672,3695.15,0,18.483,0.163015,0.30119,1.61706,2.56671,1.1639,3.15805,0.42336,0,0,18.483,0.42336,442.007,0,0.677678,0,0,0.978869,0.30119,1.028160,1,0,36.1461,0,0,0,36.1461,0
64.2336,2.47316,0,0,2.02751,0.119114,0.36288,3.6288,59.2538,0.467378,0,0,0.491219,0.276451,0,0.66528,12.849,1,0.487678,0.36288,0,41.841,4.97395,36.7423,0.84672,12.849,0.84672,3695.15,0,18.483,0.14517,0.30119,1.61726,3.25797,1.3344,3.69685,0.42336,0,0,18.483,0.42336,442.007,0,0.794897,0,0,1.09609,0.30119,1.028160,1,0,40.4391,0,0,0,40.4391,0
63.3646,2.46759,0,0,2.07572,0.114175,0.36288,3.6288,59.0461,0.439125,0,0,0.517871,0.286509,0,0.66528,12.849,1,0.493606,0.36288,0,41.2405,4.83956,36.2703,0.84672,12.849,0.84672,3695.15,0,18.483,0.136976,0.30119,1.64225,3.59241,1.39676,4.00211,0.42336,0,0,18.483,0.42336,442.007,0,0.831514,0,0,1.1327,0.30119,1.028160,1,0,40.2724,0,0,0,40.2724,0
62.3743,2.46226,0,0,1.94819,0.113373,0.36288,3.6288,58.7753,0.440413,0,0,0.455754,0.286128,0,0.66528,12.849,1,0.499294,0.36288,0,37.6819,4.83956,32.7059,0.84672,12.849,0.84672,3695.15,0,18.483,0.137861,0.261274,1.64245,3.40929,1.39676,3.77839,0.42336,0,0,18.483,0.42336,442.007,0,0.829509,0,0,1.09078,0.261274,1.028160,1,0,36.4843,0,0,0,36.4843,0
61.2676,2.45598,0,0,1.82464,0.112459,0.36288,3.6288,58.4287,0.48582,0,0,0.424931,0.285631,0,0.66528,12.849,1,0.505928,0.36288,0,36.0596,4.83956,31.077,0.84672,12.849,0.84672,3695.15,0,18.483,0.152775,0.261274,1.64265,3.22692,1.39676,3.5813,0.42336,0,0,18.483,0.42336,442.007,0,0.769357,0,0,1.03063,0.261274,1.028160,1,0,34.6583,0,0,0,34.6583,0
59.9726,2.50587,0,0,1.6776,0.103843,0.36288,3.6288,57.9264,0.634883,0,0,0.4231,0.290528,0,0.66528,12.849,1,0.52553,0.36288,0,31.8728,5.03141,26.6787,0.84672,12.849,0.84672,3695.15,0,18.483,0.200835,0.261274,1.64285,2.78791,1.42331,3.06788,0.42336,0,0,18.483,0.42336,442.007,0,0.606813,0,0,0.868087,0.261274,1.028160,1,0,29.7466,0,0,0,29.7466,0
58.7359,2.49683,0,0,1.70694,0.0839132,0.36288,3.6288,57.5424,0.587281,0,0,0.506635,0.303378,0,0.66528,12.849,1,0.53494,0.36288,0,38.0093,5.51103,32.3263,0.84672,12.849,0.84672,3695.15,0,18.483,0.187388,0.261274,1.68258,2.55349,1.48969,2.82028,0.42336,0,0,18.483,0.42336,442.007,0,0.668036,0,0,0.92931,0.261274,1.028160,1,0,35.1465,0,0,0,35.1465,0
57.3736,2.48789,0,0,1.57132,0.0829205,0.36288,3.6288,57.1255,0.543815,0,0,0.429512,0.302625,0,0.66528,12.849,1,0.544247,0.36288,0,31.2204,5.51103,25.528,0.84672,12.849,0.84672,3695.15,0,18.483,0.174677,0.261274,1.68279,2.46899,1.48969,2.74869,0.42336,0,0,18.483,0.42336,442.007,0,0.724386,0,0,0.98566,0.261274,1.028160,1,0,28.2767,0,0,0,28.2767,0
55.89,2.47763,0,0,1.43878,0.0818269,0.36288,3.6288,56.596,0.625509,0,0,0.39782,0.301808,0,0.66528,12.849,1,0.554872,0.36288,0,29.6748,5.51103,23.9717,0.84672,12.849,0.84672,3695.15,0,18.483,0.202384,0.227405,1.68299,2.1702,1.48969,2.38853,0.42336,0,0,18.483,0.42336,442.007,0,0.615159,0,0,0.842564,0.227405,1.028160,1,0,26.3603,0,0,0,26.3603,0
54.3446,2.63064,0,0,1.52017,0.0721005,0.36288,3.6288,56.156,0.590843,0,0,0.45669,0.305796,0,0.66528,12.849,1,0.604778,0.36288,0,29.1041,5.66058,23.2016,0.84672,12.849,0.84672,3695.15,0,18.483,0.192956,0.227405,1.68319,2.8709,1.51957,3.06897,0.42336,0,0,18.483,0.42336,442.007,0,0.783683,0,0,1.01109,0.227405,1.028160,1,0,26.2706,0,0,0,26.2706,0
52.5566,2.61704,0,0,1.2893,0.0973743,0.36288,3.6288,55.5717,0.709105,0,0,0.403565,0.278796,0,0.66528,12.849,1,0.618762,0.36288,0,24.685,5.47565,18.9535,0.84672,12.849,0.84672,3695.15,0,18.483,0.233392,0.227405,1.81735,2.2379,1.38257,2.66669,0.42336,0,0,18.483,0.42336,442.007,0,0.625173,0,0,0.852578,0.227405,1.028160,1,0,21.6202,0,0,0,21.6202,0
50.6312,2.60044,0,0,1.13422,0.096263,0.36288,3.6288,54.8978,0.762865,0,0,0.371043,0.282075,0,0.66528,12.849,1,0.635754,0.36288,0,24.1137,5.51806,18.3228,0.84672,12.849,0.84672,3695.15,0,18.483,0.253727,0.227405,1.81757,1.99187,1.36935,2.41377,0.42336,0,0,18.483,0.42336,442.007,0,0.551267,0,0,0.778671,0.227405,1.028160,1,0,20.7365,0,0,0,20.7365,0
48.8855,2.58147,0,0,1.293,0.0943547,0.36288,3.6288,54.3029,0.694824,0,0,0.380784,0.280828,0,0.66528,12.849,1,0.655115,0.36288,0,24.4283,5.51806,18.618,0.84672,12.849,0.84672,3695.15,0,18.483,0.233933,0.204422,1.81779,2.81241,1.36935,3.23134,0.42336,0,0,18.483,0.42336,442.007,0,0.639291,0,0,0.843713,0.204422,1.028160,1,0,21.8493,0,0,0,21.8493,0
47.1467,2.56325,0,0,1.27991,0.0926185,0.36288,3.6288,53.6989,0.711797,0,0,0.387465,0.279727,0,0.66528,12.849,1,0.673721,0.36288,0,22.6001,5.51806,16.7712,0.84672,12.849,0.84672,3695.15,0,18.483,0.242273,0.204422,1.81801,2.2331,1.36935,2.64391,0.42336,0,0,18.483,0.42336,442.007,0,0.614166,0,0,0.818588,0.204422,1.028160,1,0,19.4151,0,0,0,19.4151,0
45.6178,2.46641,0,0,1.38961,0.0892247,0.36288,3.6288,53.3942,0.512883,0,0,0.458355,0.250188,0,0.66528,12.849,1,0.672177,0.36288,0,27.2599,5.7958,21.1548,0.84672,12.849,0.84672,3695.15,0,18.483,0.176533,0.204422,1.81823,3.70085,1.29062,4.25635,0.42336,0,0,18.483,0.42336,442.007,0,0.803546,0,0,1.00797,0.204422,1.028160,1,0,25.4111,0,0,0,25.4111,0
45.4804,2.44913,0,0,2.75766,0.0830715,0.36288,3.6288,53.5963,0.345413,0,0,0.775829,0.228286,0,0.66528,12.849,1,0.689837,0.36288,0,31.4855,5.98468,25.1739,0.84672,12.849,0.84672,3695.15,0,18.483,0.119569,0.252245,1.74163,3.64151,1.23537,4.28045,0.42336,0,0,18.483,0.42336,442.007,0,1.02816,0,0,1.2804,0.252245,1.028160,1,0,29.4543,0,0,0,29.4543,0
44.3345,2.4478,0,0,1.74773,0.0829436,0.36288,3.6288,53.688,0.345882,0,0,0.666274,0.228654,0,0.66528,12.849,1,0.691545,0.36288,0,34.4643,5.98468,28.1509,0.84672,12.849,0.84672,3695.15,0,18.483,0.119279,0.296171,1.74184,3.44464,1.23537,4.128,0.42336,0,0,18.483,0.42336,442.007,0,1.02816,0,0,1.32433,0.296171,1.028160,1,0,32.2789,0,0,0,32.2789,0
43.0104,2.43423,0,0,1.55488,0.0818772,0.36288,3.6288,53.529,0.451806,0,0,0.521635,0.228821,0,0.66528,12.849,1,0.705488,0.36288,0,32.4008,5.98468,26.0735,0.84672,12.849,0.84672,3695.15,0,18.483,0.155542,0.216518,1.74205,3.20771,1.23537,3.77537,0.42336,0,0,18.483,0.42336,442.007,0,0.886153,0,0,1.10267,0.216518,1.028160,1,0,29.8489,0,0,0,29.8489,0
42.1641,2.35534,0,0,2.06893,0.196976,0.36288,3.6288,53.7281,0.294953,0,0,0.706452,0.212444,0,0.66528,12.849,1,0.70364,0.36288,0,33.3677,4.87695,28.15,0.84672,12.849,0.84672,3695.15,0,18.483,0.101844,0.427559,1.74226,4.07689,1.07721,5.06765,0.42336,0,0,18.483,0.42336,442.007,0,1.02816,0,0,1.45572,0.427559,1.028160,1,0,33.2176,0,0,0,33.2176,0
40.519,2.3448,0,0,1.25414,0.191544,0.36288,3.6288,53.1211,0.715339,0,0,0.311043,0.202728,0,0.66528,12.849,1,0.71455,0.36288,0,17.1357,4.54681,12.2372,0.84672,12.849,0.84672,3695.15,0,18.483,0.246084,0.216518,1.67417,2.63635,1.07879,3.20217,0.42336,0,0,18.483,0.42336,442.007,0,0.463705,0,0,0.680224,0.216518,1.028160,1,0,15.4394,0,0,0,15.4394,0
38.711,2.32305,0,0,1.06574,0.187872,0.36288,3.6288,52.669,0.599371,0,0,0.349077,0.201749,0,0.66528,12.849,1,0.736665,0.36288,0,14.0077,4.54681,9.08709,0.84672,12.849,0.84672,3695.15,0,18.483,0.208546,0.216518,1.67438,2.93031,1.07879,3.53387,0.42336,0,0,18.483,0.42336,442.007,0,0.617382,0,0,0.833901,0.216518,1.028160,1,0,12.621,0,0,0,12.621,0
39.1492,2.2975,0,0,3.28256,0.183942,0.36288,3.6288,53.291,0.294103,0,0,1.11711,0.20102,0,0.66528,12.849,1,0.762589,0.36288,0,48.5318,4.54681,43.5853,0.84672,12.849,0.84672,3695.15,0,18.483,0.103209,1.63877,1.67458,6.96777,1.07879,9.09912,0.42336,0,0,18.483,0.42336,442.007,0,1.02816,0,0,2.66693,1.63877,1.028160,1,0,52.6844,0,0,0,52.6844,0
39.1412,2.13067,0,0,2.69519,0.209624,0.36288,3.6288,53.7589,0.305081,0,0,0.952678,0.179736,0,0.66528,12.849,1,0.699299,0.36288,0,39.3657,4.22034,34.8089,0.84672,12.849,0.84672,3695.15,0,18.483,0.105812,0.292723,1.67478,5.26877,0.986312,6.14415,0.42336,0,0,18.483,0.42336,442.007,0,0.87155,0,0,1.16427,0.292723,1.028160,1,0,40.953,0,0,0,40.953,0
38.9589,2.13082,0,0,2.51809,0.206727,0.36288,3.6288,54.0243,0.189339,0,0,0.627611,0.172878,0,0.66528,12.849,1,0.69949,0.36288,0,44.8728,4.16268,40.3735,0.84672,12.849,0.84672,3695.15,0,18.483,0.0650972,0.380929,1.52115,5.59322,0.955043,6.47516,0.42336,0,0,18.483,0.42336,442.007,0,1.02816,0,0,1.40909,0.380929,1.028160,1,0,46.8487,0,0,0,46.8487,0
39.1902,2.12861,0,0,2.92311,0.200326,0.36288,3.6288,54.2752,0.189692,0,0,0.61757,0.176922,0,0.66528,12.849,1,0.702037,0.36288,0,54.5238,4.22562,49.959,0.84672,12.849,0.84672,3695.15,0,18.483,0.0648984,0.393466,1.52133,4.64974,0.970382,5.52926,0.42336,0,0,18.483,0.42336,442.007,0,1.02816,0,0,1.42163,0.393466,1.028160,1,0,55.4882,0,0,0,55.4882,0
38.784,2.13199,0,0,2.28913,0.200383,0.36288,3.6288,54.3102,0.340764,0,0,0.550591,0.174875,0,0.66528,12.849,1,0.699001,0.36288,0,45.169,4.1759,40.657,0.84672,12.849,0.84672,3695.15,0,18.483,0.116045,0.412474,1.52152,3.84415,0.954387,4.70771,0.42336,0,0,18.483,0.42336,442.007,0,0.826096,0,0,1.23857,0.412474,1.028160,1,0,45.3647,0,0,0,45.3647,0
39.3831,2.12675,0,0,3.28275,0.194032,0.36288,3.6288,54.5805,0.190178,0,0,0.667855,0.20739,0,0.66528,12.849,1,0.704583,0.36288,0,44.5188,3.58563,40.5915,0.84672,12.849,0.84672,3695.15,0,18.483,0.0647219,0.626979,1.5217,5.45402,0.77336,6.76461,0.42336,0,0,18.483,0.42336,442.007,0,1.02816,0,0,1.65514,0.626979,1.028160,1,0,47.3561,0,0,0,47.3561,0
39.8723,2.13483,0,0,3.17842,0.191514,0.36288,3.6288,54.8791,0.190417,0,0,0.663046,0.173954,0,0.66528,12.849,1,0.696502,0.36288,0,48.5332,3.39313,44.8065,0.84672,12.849,0.84672,3695.15,0,18.483,0.0644825,0.468677,1.52188,4.56437,0.783719,5.70673,0.42336,0,0,18.483,0.42336,442.007,0,1.02816,0,0,1.49684,0.468677,1.028160,1,0,50.5132,0,0,0,50.5132,0
41.4978,2.20863,0,0,4.38702,0.190026,0.36288,3.6288,55.5744,0.221831,0,0,1.05723,0.140112,0,0.66528,12.849,1,0.71174,0.36288,0,69.5723,3.34478,65.8787,0.84672,12.849,0.84672,3695.15,0,18.483,0.0747115,0.596445,1.52188,7.65901,0.857436,8.8452,0.42336,0,0,18.483,0.42336,442.007,0,1.02816,0,0,1.62461,0.596445,1.028160,1,0,74.7239,0,0,0,74.7239,0
46.2439,2.23018,0,0,7.53286,0.193724,0.36288,3.6288,57.8059,0.222646,0,0,2.59486,0.140753,0,0.66528,12.849,1,0.690531,0.36288,0,145.309,3.34478,141.637,0.84672,12.849,0.84672,3695.15,0,18.483,0.0740477,2.49521,1.57074,14.3452,0.857436,17.4796,0.42336,0,0,18.483,0.42336,442.007,0,1.02816,0,0,3.52337,2.49521,1.028160,1,0,159.116,0,0,0,159.116,0
52.0335,2.2859,0,0,8.67434,0.235952,0.36288,3.6288,59.7824,0.224926,0,0,2.36307,0.161635,0,0.66528,12.849,1,0.635143,0.36288,0,171.293,3.7106,167.31,0.84672,12.849,0.84672,3695.15,0,18.483,0.0719183,3.30974,1.57092,14.116,0.951305,17.9735,0.42336,0,0,18.483,0.42336,442.007,0,1.02816,0,0,4.3379,3.30974,1.028160,1,0,185.284,0,0,0,185.284,0
57.9473,2.34284,0,0,8.89566,0.276167,0.36288,3.6288,61.308,0.226857,0,0,2.53848,0.177997,0.60802,0.66528,12.849,1,0.578534,0.36288,0,264.276,3.98496,260.075,0.84672,12.849,0.84672,3695.15,0,18.483,0.0701377,3.96632,1.5711,14.8774,1.02171,19.323,0.42336,0,0,18.483,0.42336,442.007,0,1.02816,0,0,4.99448,3.96632,1.028160,1,0,280.006,0,0,0,280.006,0
62.0056,2.62469,0,0,7.34089,0.295034,0.36288,3.6288,61.308,0.348045,0,0,2.30837,0.150792,1.80954,0.66528,12.849,1,0.581989,0.36288,0,210,3.6371,206.144,0.84672,12.849,0.84672,3695.15,0,18.483,0.104928,2.78771,1.57128,11.9,1.04157,15.1125,0.42336,0,0,18.483,0.42336,442.007,0,1.02816,0,0,3.81587,2.78771,1.028160,1,0,223.066,0,0,0,223.066,0
64.6828,2.65655,0,0,6.00275,0.306105,0.36288,3.6288,61.308,0.348175,0,0,1.80245,0.150792,1.30348,0.66528,12.849,1,0.550499,0.36288,0,149.357,3.6371,145.532,0.84672,12.849,0.84672,3695.15,0,18.483,0.104967,1.56419,1.74526,8.95467,1.04157,11.1176,0.42336,0,0,18.483,0.42336,442.007,0,1.02816,0,0,2.59235,1.56419,1.028160,1,0,157.953,0,0,0,157.953,0
66.6757,2.67586,0,0,5.3261,0.294434,0.36288,3.6288,61.308,0.348305,0,0,1.83297,0.177845,1.30682,0.66528,12.849,1,0.53155,0.36288,0,129.77,3.68923,125.912,0.84672,12.849,0.84672,3695.15,0,18.483,0.105006,1.60783,1.74545,8.46858,1.08743,10.6294,0.42336,0,0,18.483,0.42336,442.007,0,1.02816,0,0,2.63599,1.60783,1.028160,1,0,137.849,0,0,0,137.849,0
70.9761,2.68949,0,0,7.63793,0.285127,0.36288,3.6288,61.308,0.348434,0,0,2.17715,0.198134,1.63058,0.66528,12.849,1,0.518288,0.36288,0,148.946,3.72834,145.062,0.84672,12.849,0.84672,3695.15,0,18.483,0.105045,2.44241,1.74565,20.5701,1.12183,23.5313,0.42336,0,0,18.483,0.42336,442.007,0,1.02816,0,0,3.47057,2.44241,1.028160,1,0,170.224,0,0,0,170.224,0
72.29,2.37207,0,0,5.18877,0.338639,1.16421,3.6288,61.308,0.18781,0,0,1.66783,0.187026,1.293,0.66528,12.849,1,0.429422,1.16421,0,80.7157,3.30162,78.1489,0.84672,12.849,0.84672,3695.15,0,18.483,0.0566204,1.22036,1.74585,10.1809,0.886372,12.2042,0.42336,0,0,18.483,0.42336,442.007,0,1.02816,0,0,2.24852,1.22036,1.028160,1,0,91.6461,0,0,0,91.6461,0
72.29,2.37896,0,0,8.00212,0.342049,5.2811,3.6288,61.308,0.187921,0,0,3.49339,0.187026,3.11844,0.66528,12.849,1,0.422843,5.2811,0,158.761,3.30162,160.318,0.84672,12.849,0.84672,3695.15,0,18.483,0.056654,3.07968,1.5082,12.518,0.886372,16.1628,0.42336,0,0,18.483,0.42336,442.007,0,1.02816,0,0,4.10784,3.07968,1.028160,1,0,179.599,0,0,0,179.599,0
72.29,2.37924,0,0,4.03524,0.308064,1.34794,3.6288,61.308,0.188032,0,0,1.35111,0.168977,0.994097,0.66528,12.849,1,0.422891,1.34794,0,115.436,3.04004,113.321,0.84672,12.849,0.84672,3695.15,0,18.483,0.0566875,0.691658,1.50837,5.94009,0.848796,7.23464,0.42336,0,0,18.483,0.42336,442.007,0,1.02816,0,0,1.71982,0.691658,1.028160,1,0,121.55,0,0,0,121.55,0
72.29,2.37951,0,0,3.5438,0.291426,0.872867,3.6288,61.308,0.26705,0,0,1.15449,0.227625,0.659811,0.66528,12.849,1,0.422939,0.872867,0,95.7476,4.78069,91.4169,0.84672,12.849,0.84672,3695.15,0,18.483,0.0805097,0.558835,1.50855,4.55636,1.21628,5.32695,0.42336,0,0,18.483,0.42336,442.007,0,0.925465,0,0,1.4843,0.558835,1.028160,1,0,97.4036,0,0,0,97.4036,0
72.29,2.37978,0,0,6.96019,0.294056,4.28636,3.6288,61.308,0.188255,0,0,3.80822,0.221599,3.39836,0.66528,12.849,1,0.422987,4.28636,0,192.025,4.89206,190.996,0.84672,12.849,0.84672,3695.15,0,18.483,0.0567547,2.81758,1.50872,13.6295,1.191,16.7081,0.42336,0,0,18.483,0.42336,442.007,0,1.02816,0,0,3.84574,2.81758,1.028160,1,0,211.103,0,0,0,211.103,0
72.29,2.46701,0,0,7.70943,0.292444,4.94997,3.6288,61.308,0.227715,0,0,2.47025,0.206741,2.03579,0.66528,12.849,1,0.438492,4.94997,0,204.447,4.71439,204.244,0.84672,12.849,0.84672,3695.15,0,18.483,0.0686511,2.20882,1.50889,10.766,1.11985,13.2953,0.42336,0,0,18.483,0.42336,442.007,0,1.02816,0,0,3.23698,2.20882,1.028160,1,0,219.575,0,0,0,219.575,0
72.29,2.46729,0,0,4.93342,0.292444,2.17369,3.6288,61.308,0.227831,0,0,1.79627,0.206741,1.3617,0.66528,12.849,1,0.438542,2.17369,0,123.063,4.71439,120.084,0.84672,12.849,0.84672,3695.15,0,18.483,0.068686,1.39299,1.56782,8.09965,1.11985,9.87194,0.42336,0,0,18.483,0.42336,442.007,0,1.02816,0,0,2.42115,1.39299,1.028160,1,0,131.317,0,0,0,131.317,0
72.29,2.46757,0,0,4.21985,0.292444,1.45984,3.6288,61.308,0.227947,0,0,1.63173,0.206741,1.19705,0.66528,12.849,1,0.438592,1.45984,0,102.784,4.71439,99.0909,0.84672,12.849,0.84672,3695.15,0,18.483,0.0687209,1.39991,1.568,7.28499,1.11985,9.06433,0.42336,0,0,18.483,0.42336,442.007,0,1.02816,0,0,2.42807,1.39991,1.028160,1,0,109.352,0,0,0,109.352,0
72.29,2.46785,0,0,4.00091,0.27737,1.25569,3.6288,61.308,0.228063,0,0,1.49747,0.204296,1.06511,0.66528,12.849,1,0.438642,1.25569,0,90.199,4.43267,86.5834,0.84672,12.849,0.84672,3695.15,0,18.483,0.0687558,1.25477,1.56818,6.71897,1.09314,8.38002,0.42336,0,0,18.483,0.42336,442.007,0,1.02816,0,0,2.28293,1.25477,1.028160,1,0,96.0285,0,0,0,96.0285,0
72.29,2.43412,0,0,3.9907,0.239685,1.3169,3.6288,61.308,0.212889,0,0,1.65986,0.198182,1.24879,0.66528,12.849,1,0.432646,1.3169,0,89.151,3.72834,86.3069,0.84672,12.849,0.84672,3695.15,0,18.483,0.0641813,1.75449,1.56836,6.15734,1.02638,8.38962,0.42336,0,0,18.483,0.42336,442.007,0,1.02816,0,0,2.78265,1.75449,1.028160,1,0,95.9453,0,0,0,95.9453,0
72.29,2.43439,0,0,3.60456,0.239685,0.930487,3.6288,61.308,0.213003,0,0,1.44976,0.198182,1.03857,0.66528,12.849,1,0.432695,0.930487,0,83.0935,3.72834,79.8629,0.84672,12.849,0.84672,3695.15,0,18.483,0.0642157,1.24827,1.54565,5.76781,1.02638,7.47114,0.42336,0,0,18.483,0.42336,442.007,0,1.02816,0,0,2.27643,1.24827,1.028160,1,0,88.3726,0,0,0,88.3726,0
72.29,2.43467,0,0,4.3314,0.221438,1.6753,3.6288,61.308,0.213117,0,0,1.40089,0.207084,0.980688,0.66528,12.849,1,0.432744,1.6753,0,89.4465,4.43011,86.2589,0.84672,12.849,0.84672,3695.15,0,18.483,0.0642501,1.3373,1.54583,7.74844,1.05405,9.51327,0.42336,0,0,18.483,0.42336,442.007,0,1.02816,0,0,2.36546,1.3373,1.028160,1,0,96.7529,0,0,0,96.7529,0
72.29,2.43495,0,0,3.33375,0.174275,0.72453,3.6288,61.308,0.213232,0,0,1.34732,0.225971,0.908119,0.66528,12.849,1,0.432794,0.72453,0,64.2506,5.48515,59.0572,0.84672,12.849,0.84672,3695.15,0,18.483,0.0642846,1.28128,1.546,5.82062,1.14164,7.44197,0.42336,0,0,18.483,0.42336,442.007,0,1.02816,0,0,2.30944,1.28128,1.028160,1,0,67.4073,0,0,0,67.4073,0
72.29,2.55074,0,0,3.21609,0.142662,0.522686,3.6288,61.308,0.267592,0,0,1.34546,0.194122,0.88375,0.66528,12.849,1,0.453376,0.522686,0,57.8944,4.66238,53.3013,0.84672,12.849,0.84672,3695.15,0,18.483,0.0806729,1.15455,1.54618,5.70267,1.09973,7.223,0.42336,0,0,18.483,0.42336,442.007,0,1.02816,0,0,2.18271,1.15455,1.028160,1,0,61.4081,0,0,0,61.4081,0
72.1714,2.55104,0,0,2.94218,0.146907,0.36288,3.6288,61.308,0.267712,0,0,1.11699,0.18589,0.663386,0.66528,12.849,1,0.453427,0.36288,0,53.4414,4.47552,48.8754,0.84672,12.849,0.84672,3695.15,0,18.483,0.0807092,0.854099,1.6264,5.0574,1.07162,6.38557,0.42336,0,0,18.483,0.42336,442.007,0,1.02816,0,0,1.88226,0.854099,1.028160,1,0,55.9243,0,0,0,55.9243,0
71.9616,2.55069,0,0,2.85063,0.146775,0.36288,3.6288,61.308,0.267832,0,0,0.904176,0.18589,0.450453,0.66528,12.849,1,0.454112,0.36288,0,48.8178,4.47552,44.2511,0.84672,12.849,0.84672,3695.15,0,18.483,0.0807455,0.746496,1.62658,4.88921,1.07162,6.10993,0.42336,0,0,18.483,0.42336,442.007,0,1.02816,0,0,1.77466,0.746496,1.028160,1,0,50.8114,0,0,0,50.8114,0
71.5493,2.54986,0,0,2.64387,0.143519,0.36288,3.6288,61.308,0.267953,0,0,0.823107,0.28276,0.272394,0.66528,12.849,1,0.455286,0.36288,0,45.4005,6.12123,39.1869,0.84672,12.849,0.84672,3695.15,0,18.483,0.0807818,0.680564,1.62677,4.71087,1.41018,5.52725,0.42336,0,0,18.483,0.42336,442.007,0,1.02816,0,0,1.70872,0.680564,1.028160,1,0,44.9865,0,0,0,44.9865,0
71.1167,2.54793,0,0,2.59706,0.118783,0.36288,3.6288,61.308,0.268073,0,0,0.855775,0.248022,0.339679,0.66528,12.849,1,0.457563,0.36288,0,44.1017,5.48212,38.5249,0.84672,12.849,0.84672,3695.15,0,18.483,0.0808181,0.6703,1.62695,4.5054,1.27559,5.44624,0.42336,0,0,18.483,0.42336,442.007,0,1.02816,0,0,1.69846,0.6703,1.028160,1,0,44.3108,0,0,0,44.3108,0
70.7736,2.52306,0,0,2.64842,0.105659,0.36288,3.6288,61.308,0.298025,0,0,0.885133,0.220817,0.366292,0.66528,12.849,1,0.455853,0.36288,0,43.6622,4.98834,38.5809,0.84672,12.849,0.84672,3695.15,0,18.483,0.0898479,0.689783,1.62714,4.71572,1.17016,5.77263,0.42336,0,0,18.483,0.42336,442.007,0,1.02816,0,0,1.71794,0.689783,1.028160,1,0,44.7198,0,0,0,44.7198,0
70.3593,2.52147,0,0,2.57545,0.105382,0.36288,3.6288,61.308,0.298149,0,0,0.837501,0.220817,0.318536,0.66528,12.849,1,0.457776,0.36288,0,41.0073,4.98834,35.924,0.84672,12.849,0.84672,3695.15,0,18.483,0.0898853,0.688582,1.65227,4.85885,1.17016,5.93966,0.42336,0,0,18.483,0.42336,442.007,0,1.02816,0,0,1.71674,0.688582,1.028160,1,0,42.1822,0,0,0,42.1822,0
69.7489,2.51948,0,0,2.34874,0.0767626,0.36288,3.6288,61.308,0.298273,0,0,0.815435,0.26745,0.249711,0.66528,12.849,1,0.460107,0.36288,0,38.9967,5.63985,33.2596,0.84672,12.849,0.84672,3695.15,0,18.483,0.0899226,0.548165,1.65246,4.68299,1.39066,5.40304,0.42336,0,0,18.483,0.42336,442.007,0,1.02816,0,0,1.57632,0.548165,1.028160,1,0,38.9124,0,0,0,38.9124,0
68.9869,2.51637,0,0,2.18976,0.0725068,0.36288,3.6288,61.308,0.298397,0,0,0.759093,0.269169,0.191527,0.66528,12.849,1,0.46356,0.36288,0,35.8308,6.17086,29.5592,0.84672,12.849,0.84672,3695.15,0,18.483,0.08996,0.570015,1.65265,4.51918,1.5748,5.07708,0.42336,0,0,18.483,0.42336,442.007,0,1.02816,0,0,1.59818,0.570015,1.028160,1,0,34.8278,0,0,0,34.8278,0
68.33,2.57097,0,0,2.34955,0.0726168,0.36288,3.6288,61.308,0.325119,0,0,0.664165,0.289116,0.0499302,0.66528,12.849,1,0.47885,0.36288,0,32.787,5.85784,26.8132,0.84672,12.849,0.84672,3695.15,0,18.483,0.0980162,0.470007,1.65284,3.78492,1.40293,4.40682,0.42336,0,0,18.483,0.42336,442.007,0,1.02816,0,0,1.49817,0.470007,1.028160,1,0,31.2699,0,0,0,31.2699,0
67.3762,2.56739,0,0,2.04878,0.0722456,0.36288,3.6288,61.308,0.325246,0,0,0.626331,0.289116,0.0119686,0.66528,12.849,1,0.48278,0.36288,0,31.0632,5.85784,25.0855,0.84672,12.849,0.84672,3695.15,0,18.483,0.0980545,0.330877,1.69281,3.61657,1.40293,4.13926,0.42336,0,0,18.483,0.42336,442.007,0,1.02816,0,0,1.35904,0.330877,1.028160,1,0,29.2367,0,0,0,29.2367,0
66.2739,2.56194,0,0,1.88943,0.066988,0.36288,3.6288,61.3065,0.325373,0,0,0.615561,0.291706,0,0.66528,12.849,1,0.488575,0.36288,0,29.3054,5.93262,23.2471,0.84672,12.849,0.84672,3695.15,0,18.483,0.0980927,0.270804,1.693,3.58364,1.41787,4.03148,0.42336,0,0,18.483,0.42336,442.007,0,1.02816,0,0,1.29896,0.270804,1.028160,1,0,27.2786,0,0,0,27.2786,0
64.8396,2.55542,0,0,1.5417,0.057679,0.36288,3.6288,61.3031,0.325498,0,0,0.612918,0.290774,0,0.66528,12.849,1,0.495439,0.36288,0,27.7095,6.09485,21.4821,0.84672,12.849,0.84672,3695.15,0,18.483,0.0981329,0.271305,1.69319,3.44672,1.35895,3.95414,0.42336,0,0,18.483,0.42336,442.007,0,1.02816,0,0,1.29946,0.271305,1.028160,1,0,25.4363,0,0,0,25.4363,0
63.4634,2.71664,0,0,1.75832,0.0549971,0.36288,3.6288,61.0363,0.449823,0,0,0.475394,0.292374,0,0.66528,12.849,1,0.538346,0.36288,0,23.938,5.96595,17.7966,0.84672,12.849,0.84672,3695.15,0,18.483,0.135622,0.227405,1.69339,3.63399,1.40287,4.01629,0.42336,0,0,18.483,0.42336,442.007,0,0.991518,0,0,1.21892,0.227405,1.028160,1,0,21.8129,0,0,0,21.8129,0
62.4001,2.70724,0,0,2.05096,0.0441615,0.36288,3.6288,60.8184,0.421381,0,0,0.502227,0.298773,0,0.66528,12.849,1,0.548117,0.36288,0,25.8218,6.06491,19.5716,0.84672,12.849,0.84672,3695.15,0,18.483,0.127602,0.393068,1.82835,3.62836,1.46512,4.25705,0.42336,0,0,18.483,0.42336,442.007,0,1.02816,0,0,1.42123,0.393068,1.028160,1,0,23.8287,0,0,0,23.8287,0
60.9392,2.6998,0,0,1.64557,0.0437797,0.36288,3.6288,60.4229,0.492102,0,0,0.394915,0.298361,0,0.66528,12.849,1,0.555925,0.36288,0,30.3718,6.06491,24.1138,0.84672,12.849,0.84672,3695.15,0,18.483,0.149552,0.204422,1.82855,3.01406,1.46512,3.43236,0.42336,0,0,18.483,0.42336,442.007,0,0.935669,0,0,1.14009,0.204422,1.028160,1,0,27.5462,0,0,0,27.5462,0
59.7928,2.6891,0,0,1.94888,0.043255,0.36288,3.6288,60.3074,0.420664,0,0,0.602824,0.297612,0,0.66528,12.849,1,0.566996,0.36288,0,26.069,6.06491,19.7999,0.84672,12.849,0.84672,3695.15,0,18.483,0.128679,0.686863,1.82876,4.07591,1.46512,4.99773,0.42336,0,0,18.483,0.42336,442.007,0,1.02816,0,0,1.71502,0.686863,1.028160,1,0,24.7977,0,0,0,24.7977,0
58.2325,2.68046,0,0,1.53255,0.0495443,0.36288,3.6288,60.048,0.420903,0,0,0.442237,0.280684,0,0.66528,12.849,1,0.576009,0.36288,0,29.2528,5.70473,23.3349,0.84672,12.849,0.84672,3695.15,0,18.483,0.128998,0.204422,1.82897,3.29399,1.47679,3.72159,0.42336,0,0,18.483,0.42336,442.007,0,1.02778,0,0,1.2322,0.204422,1.028160,1,0,27.0565,0,0,0,27.0565,0
57.8459,2.58671,0,0,2.62062,0.0576393,0.36288,3.6288,60.1856,0.362274,0,0,0.757765,0.257978,0,0.66528,12.849,1,0.570758,0.36288,0,27.5996,5.22449,22.1673,0.84672,12.849,0.84672,3695.15,0,18.483,0.111509,0.930105,1.82918,3.55944,1.49235,4.71486,0.42336,0,0,18.483,0.42336,442.007,0,1.02816,0,0,1.95826,0.930105,1.028160,1,0,26.8821,0,0,0,26.8821,0
56.2783,2.58388,0,0,1.43666,0.0574225,0.36288,3.6288,60.0549,0.3626,0,0,0.490169,0.258204,0,0.66528,12.849,1,0.573945,0.36288,0,34.9318,5.22449,29.4962,0.84672,12.849,0.84672,3695.15,0,18.483,0.111355,0.315559,1.75211,2.21626,1.49235,2.68023,0.42336,0,0,18.483,0.42336,442.007,0,1.02816,0,0,1.34372,0.315559,1.028160,1,0,32.1765,0,0,0,32.1765,0
54.6207,2.57116,0,0,1.33291,0.0565436,0.36288,3.6288,59.77,0.524488,0,0,0.497582,0.257989,0,0.66528,12.849,1,0.587026,0.36288,0,20.7484,5.22449,15.2997,0.84672,12.849,0.84672,3695.15,0,18.483,0.161421,0.216518,1.75231,1.67482,1.49235,1.98988,0.42336,0,0,18.483,0.42336,442.007,0,0.816376,0,0,1.03289,0.216518,1.028160,1,0,17.2896,0,0,0,17.2896,0
55.0912,2.55703,0,0,3.52693,0.136511,0.36288,3.6288,60.0349,0.36227,0,0,0.893312,0.266194,0,0.66528,12.849,1,0.601518,0.36288,0,30.9266,4.66704,26.0209,0.84672,12.849,0.84672,3695.15,0,18.483,0.112027,1.59853,1.75251,4.89269,1.36865,6.76306,0.42336,0,0,18.483,0.42336,442.007,0,1.02816,0,0,2.62669,1.59853,1.028160,1,0,32.784,0,0,0,32.784,0
53.0747,2.49532,0,0,1.01319,0.17149,0.36288,3.6288,59.5402,0.657395,0,0,0.398054,0.235323,0,0.66528,12.849,1,0.581987,0.36288,0,29.9271,3.9375,25.7705,0.84672,12.849,0.84672,3695.15,0,18.483,0.202393,0.216518,1.75271,3.14524,1.02429,3.88778,0.42336,0,0,18.483,0.42336,442.007,0,0.573704,0,0,0.790222,0.216518,1.028160,1,0,29.6583,0,0,0,29.6583,0
52.2649,2.4778,0,0,2.19895,0.16802,0.36288,3.6288,59.8271,0.309437,0,0,0.83089,0.234582,0,0.66528,12.849,1,0.599857,0.36288,0,44.7797,3.9375,40.6052,0.84672,12.849,0.84672,3695.15,0,18.483,0.0960582,0.74139,1.6842,4.54859,1.02429,5.85383,0.42336,0,0,18.483,0.42336,442.007,0,1.02816,0,0,1.76955,0.74139,1.028160,1,0,46.459,0,0,0,46.459,0
53.7579,2.47062,0,0,4.49313,0.166627,0.36288,3.6288,60.8901,0.309914,0,0,1.60793,0.235012,0,0.66528,12.849,1,0.607386,0.36288,0,89.6981,3.9375,85.5161,0.84672,12.849,0.84672,3695.15,0,18.483,0.0957448,2.83675,1.68439,7.30294,1.02429,10.704,0.42336,0,0,18.483,0.42336,442.007,0,1.02816,0,0,3.86491,2.83675,1.028160,1,0,96.2201,0,0,0,96.2201,0
54.445,2.48452,0,0,3.73336,0.198924,0.36288,3.6288,61.308,0.311321,0,0,1.29664,0.248141,0.319268,0.66528,12.849,1,0.593839,0.36288,0,47.8939,3.63045,44.0325,0.84672,12.849,0.84672,3695.15,0,18.483,0.0945005,1.76945,1.68459,5.15608,0.918227,7.59739,0.42336,0,0,18.483,0.42336,442.007,0,1.02816,0,0,2.79761,1.76945,1.028160,1,0,51.9492,0,0,0,51.9492,0
54.3491,2.30327,0,0,2.80028,0.229979,0.36288,3.6288,61.308,0.201256,0,0,0.9429,0.227459,0.514186,0.66528,12.849,1,0.543572,0.36288,0,49.4233,3.67976,45.5629,0.84672,12.849,0.84672,3695.15,0,18.483,0.0606741,1.51212,1.68478,5.54531,0.989957,7.69158,0.42336,0,0,18.483,0.42336,442.007,0,1.02816,0,0,2.54028,1.51212,1.028160,1,0,53.7686,0,0,0,53.7686,0
54.7612,2.30276,0,0,3.31455,0.236826,0.36288,3.6288,61.308,0.201368,0,0,0.867828,0.217073,0.449386,0.66528,12.849,1,0.544409,0.36288,0,65.7394,3.7486,61.8093,0.84672,12.849,0.84672,3695.15,0,18.483,0.0607081,1.2495,1.53022,5.06237,1.03562,6.74577,0.42336,0,0,18.483,0.42336,442.007,0,1.02816,0,0,2.27766,1.2495,1.028160,1,0,69.0044,0,0,0,69.0044,0
54.7328,2.30634,0,0,2.87864,0.237813,0.36288,3.6288,61.308,0.201481,0,0,0.846461,0.217073,0.427907,0.66528,12.849,1,0.541153,0.36288,0,55.2776,3.7486,51.3507,0.84672,12.849,0.84672,3695.15,0,18.483,0.0607422,1.15031,1.5304,4.9432,1.03562,6.52755,0.42336,0,0,18.483,0.42336,442.007,0,1.02816,0,0,2.17847,1.15031,1.028160,1,0,58.3062,0,0,0,58.3062,0
55.7929,2.30638,0,0,3.96629,0.236937,0.36288,3.6288,61.308,0.201594,0,0,0.805092,0.227846,0.375652,0.66528,12.849,1,0.541442,0.36288,0,56.6736,4.07935,52.4156,0.84672,12.849,0.84672,3695.15,0,18.483,0.0607762,1.23879,1.53057,4.87358,1.1383,6.44386,0.42336,0,0,18.483,0.42336,442.007,0,1.02816,0,0,2.26695,1.23879,1.028160,1,0,59.2352,0,0,0,59.2352,0
57.5345,2.315,0,0,4.66133,0.241858,0.36288,3.6288,61.308,0.201707,0,0,0.971473,0.245665,0.524101,0.66528,12.849,1,0.533141,0.36288,0,78.2199,4.78809,73.2616,0.84672,12.849,0.84672,3695.15,0,18.483,0.0608102,1.76959,1.53074,5.37207,1.32174,7.28986,0.42336,0,0,18.483,0.42336,442.007,0,1.02816,0,0,2.79775,1.76959,1.028160,1,0,81.0755,0,0,0,81.0755,0
60.3054,2.4014,0,0,5.79249,0.257332,0.36288,3.6288,61.308,0.233887,0,0,1.464,0.222879,1.00724,0.66528,12.849,1,0.536297,0.36288,0,141.485,4.49274,136.819,0.84672,12.849,0.84672,3695.15,0,18.483,0.0705117,2.74935,1.53092,7.31039,1.13859,10.3816,0.42336,0,0,18.483,0.42336,442.007,0,1.02816,0,0,3.77751,2.74935,1.028160,1,0,148.208,0,0,0,148.208,0
62.6242,2.42197,0,0,5.36799,0.264315,0.36288,3.6288,61.308,0.233997,0,0,1.45556,0.222879,0.998688,0.66528,12.849,1,0.516039,0.36288,0,113.086,4.49274,108.44,0.84672,12.849,0.84672,3695.15,0,18.483,0.0705448,2.39618,1.58006,6.93719,1.13859,9.7043,0.42336,0,0,18.483,0.42336,442.007,0,1.02816,0,0,3.42434,2.39618,1.028160,1,0,119.143,0,0,0,119.143,0
64.9956,2.43809,0,0,5.46038,0.287998,0.36288,3.6288,61.308,0.234107,0,0,0.962479,0.217523,0.510849,0.66528,12.849,1,0.500238,0.36288,0,110.966,4.54971,106.279,0.84672,12.849,0.84672,3695.15,0,18.483,0.070578,1.72068,1.58023,7.00409,1.23793,8.99649,0.42336,0,0,18.483,0.42336,442.007,0,1.02816,0,0,2.74884,1.72068,1.028160,1,0,115.786,0,0,0,115.786,0
66.6628,2.45359,0,0,4.80251,0.318826,0.36288,3.6288,61.308,0.234217,0,0,1.11241,0.210383,0.667809,0.66528,12.849,1,0.485051,0.36288,0,114.059,4.62567,109.311,0.84672,12.849,0.84672,3695.15,0,18.483,0.0706111,1.78312,1.5804,6.87678,1.37038,8.79931,0.42336,0,0,18.483,0.42336,442.007,0,1.02816,0,0,2.81128,1.78312,1.028160,1,0,118.779,0,0,0,118.779,0
67.4873,2.70436,0,0,4.21444,0.322684,0.36288,3.6288,61.308,0.354765,0,0,0.950054,0.153167,0.442122,0.66528,12.849,1,0.521255,0.36288,0,108.559,3.10998,105.291,0.84672,12.849,0.84672,3695.15,0,18.483,0.106954,0.85441,1.58057,6.79851,0.837676,8.28886,0.42336,0,0,18.483,0.42336,442.007,0,1.02816,0,0,1.88257,0.85441,1.028160,1,0,114.022,0,0,0,114.022,0
67.3329,2.71,0,0,3.24322,0.324724,0.36288,3.6288,61.308,0.354888,0,0,0.882135,0.143631,0.383616,0.66528,12.849,1,0.51596,0.36288,0,114.549,2.85737,111.539,0.84672,12.849,0.84672,3695.15,0,18.483,0.106991,0.635757,1.75556,6.72261,0.748891,8.25805,0.42336,0,0,18.483,0.42336,442.007,0,1.02816,0,0,1.66392,0.635757,1.028160,1,0,120.18,0,0,0,120.18,0
70.4383,2.7093,0,0,6.48689,0.309332,0.36288,3.6288,61.308,0.35501,0,0,1.77473,0.176828,1.24289,0.66528,12.849,1,0.517009,0.36288,0,157.169,3.64361,153.372,0.84672,12.849,0.84672,3695.15,0,18.483,0.107028,2.70807,1.75575,9.65356,0.994867,13.0155,0.42336,0,0,18.483,0.42336,442.007,0,1.02816,0,0,3.73623,2.70807,1.028160,1,0,167.63,0,0,0,167.63,0
72.29,2.72887,0,0,8.4135,0.314344,3.51861,3.6288,61.308,0.355133,0,0,2.34708,0.182361,1.80959,0.66528,12.849,1,0.497786,3.51861,0,184.336,3.77465,183.582,0.84672,12.849,0.84672,3695.15,0,18.483,0.107065,4.99541,1.75594,11.4156,1.03586,17.024,0.42336,0,0,18.483,0.42336,442.007,0,1.02816,0,0,6.02357,4.99541,1.028160,1,0,202.416,0,0,0,202.416,0
72.29,2.39268,0,0,6.25172,0.333361,3.52569,3.6288,61.308,0.193557,0,0,3.22628,0.113861,2.91886,0.66528,12.849,1,0.42528,3.52569,0,172.187,2.77654,172.511,0.84672,12.849,0.84672,3695.15,0,18.483,0.0583532,2.76319,1.75613,15.8826,0.78991,19.5536,0.42336,0,0,18.483,0.42336,442.007,0,1.02816,0,0,3.79135,2.76319,1.028160,1,0,194.984,0,0,0,194.984,0
72.29,2.39293,0,0,5.41942,0.335783,2.69071,3.6288,61.308,0.193663,0,0,3.27577,0.102444,2.97966,0.66528,12.849,1,0.425326,2.69071,0,145.625,2.61019,145.28,0.84672,12.849,0.84672,3695.15,0,18.483,0.058385,2.37395,1.51707,14.6491,0.748918,17.7328,0.42336,0,0,18.483,0.42336,442.007,0,1.02816,0,0,3.40211,2.37395,1.028160,1,0,165.992,0,0,0,165.992,0
72.29,2.39319,0,0,5.58153,0.335783,2.85256,3.6288,61.308,0.193768,0,0,3.04035,0.102444,2.74413,0.66528,12.849,1,0.425371,2.85256,0,142.258,2.61019,142.075,0.84672,12.849,0.84672,3695.15,0,18.483,0.0584169,2.88916,1.51723,16.4005,0.748918,19.9996,0.42336,0,0,18.483,0.42336,442.007,0,1.02816,0,0,3.91732,2.88916,1.028160,1,0,164.818,0,0,0,164.818,0
72.29,2.39345,0,0,7.43688,0.335783,4.70765,3.6288,61.308,0.193874,0,0,3.60756,0.102444,3.31124,0.66528,12.849,1,0.425417,4.70765,0,199.422,2.61019,201.094,0.84672,12.849,0.84672,3695.15,0,18.483,0.0584487,3.14113,1.51739,18.6863,0.748918,22.5375,0.42336,0,0,18.483,0.42336,442.007,0,1.02816,0,0,4.16929,3.14113,1.028160,1,0,226.942,0,0,0,226.942,0
72.29,2.3937,0,0,7.93451,0.338097,5.20271,3.6288,61.308,0.193979,0,0,4.19607,0.121283,3.88081,0.66528,12.849,1,0.425463,5.20271,0,235.142,2.74644,237.173,0.84672,12.849,0.84672,3695.15,0,18.483,0.0584805,3.38514,1.51756,20.4556,0.764126,24.5357,0.42336,0,0,18.483,0.42336,442.007,0,1.02816,0,0,4.4133,3.38514,1.028160,1,0,265.589,0,0,0,265.589,0
72.29,2.48143,0,0,8.00997,0.308372,5.22017,3.6288,61.308,0.233664,0,0,4.82502,0.159326,4.43203,0.66528,12.849,1,0.441055,5.22017,0,188.084,3.50492,189.358,0.84672,12.849,0.84672,3695.15,0,18.483,0.0704445,3.60145,1.51772,17.3127,0.872286,21.4892,0.42336,0,0,18.483,0.42336,442.007,0,1.02816,0,0,4.62961,3.60145,1.028160,1,0,215.28,0,0,0,215.28,0
72.29,2.4817,0,0,5.91417,0.302453,3.13002,3.6288,61.308,0.233774,0,0,3.58873,0.157996,3.19696,0.66528,12.849,1,0.441103,3.13002,0,157.662,3.56444,156.786,0.84672,12.849,0.84672,3695.15,0,18.483,0.0704776,2.97169,1.57698,13.6573,0.883845,17.2517,0.42336,0,0,18.483,0.42336,442.007,0,1.02816,0,0,3.99985,2.97169,1.028160,1,0,177.235,0,0,0,177.235,0
72.29,2.48196,0,0,5.42926,0.302453,2.64485,3.6288,61.308,0.233884,0,0,4.05821,0.157996,3.66633,0.66528,12.849,1,0.44115,2.64485,0,144.709,3.56444,143.348,0.84672,12.849,0.84672,3695.15,0,18.483,0.0705107,2.80407,1.57715,16.6404,0.883845,20.0672,0.42336,0,0,18.483,0.42336,442.007,0,1.02816,0,0,3.83223,2.80407,1.028160,1,0,167.082,0,0,0,167.082,0
72.29,2.48223,0,0,4.81982,0.281676,2.05592,3.6288,61.308,0.233994,0,0,3.63499,0.175333,3.22567,0.66528,12.849,1,0.441197,2.05592,0,124.864,3.5604,122.918,0.84672,12.849,0.84672,3695.15,0,18.483,0.0705439,2.68101,1.57732,13.5427,0.892206,16.8383,0.42336,0,0,18.483,0.42336,442.007,0,1.02816,0,0,3.70917,2.68101,1.028160,1,0,142.982,0,0,0,142.982,0
72.29,2.44828,0,0,3.98113,0.206811,1.32604,3.6288,61.308,0.218725,0,0,1.60085,0.214695,1.16743,0.66528,12.849,1,0.435163,1.32604,0,102.017,4.14593,98.7618,0.84672,12.849,0.84672,3695.15,0,18.483,0.0659407,1.95496,1.57749,9.04409,1.0185,11.4921,0.42336,0,0,18.483,0.42336,442.007,0,1.02816,0,0,2.98312,1.95496,1.028160,1,0,111.421,0,0,0,111.421,0
72.29,2.44854,0,0,3.7537,0.206811,1.09835,3.6288,61.308,0.218833,0,0,1.45476,0.214695,1.02123,0.66528,12.849,1,0.43521,1.09835,0,89.4862,4.14593,86.0034,0.84672,12.849,0.84672,3695.15,0,18.483,0.0659733,1.45975,1.55465,8.31272,1.0185,10.2426,0.42336,0,0,18.483,0.42336,442.007,0,1.02816,0,0,2.48791,1.45975,1.028160,1,0,97.2673,0,0,0,97.2673,0
72.29,2.44881,0,0,3.44025,0.196821,0.794622,3.6288,61.308,0.218941,0,0,1.35796,0.221101,0.917915,0.66528,12.849,1,0.435257,0.794622,0,81.7655,4.28592,77.8389,0.84672,12.849,0.84672,3695.15,0,18.483,0.0660059,1.38837,1.55481,7.07452,1.03813,8.91357,0.42336,0,0,18.483,0.42336,442.007,0,1.02816,0,0,2.41653,1.38837,1.028160,1,0,87.6704,0,0,0,87.6704,0
72.29,2.44907,0,0,3.21866,0.175739,0.593851,3.6288,61.308,0.21905,0,0,1.29984,0.243601,0.837186,0.66528,12.849,1,0.435304,0.593851,0,71.5755,4.27359,67.4604,0.84672,12.849,0.84672,3695.15,0,18.483,0.0660386,1.41723,1.55498,7.30823,0.980583,9.23382,0.42336,0,0,18.483,0.42336,442.007,0,1.02816,0,0,2.44539,1.41723,1.028160,1,0,77.5314,0,0,0,77.5314,0
71.9654,2.56552,0,0,2.80279,0.198953,0.36288,3.6288,61.308,0.273718,0,0,1.01024,0.228265,0.508257,0.66528,12.849,1,0.456002,0.36288,0,57.4615,4.4547,52.9137,0.84672,12.849,0.84672,3695.15,0,18.483,0.0825199,0.901731,1.55515,5.73208,1.08151,7.02492,0.42336,0,0,18.483,0.42336,442.007,0,1.02816,0,0,1.92989,0.901731,1.028160,1,0,60.4469,0,0,0,60.4469,0
71.2623,2.56405,0,0,2.38241,0.158609,0.36288,3.6288,61.308,0.273832,0,0,0.805749,0.21924,0.312676,0.66528,12.849,1,0.457796,0.36288,0,46.5975,4.47636,42.0262,0.84672,12.849,0.84672,3695.15,0,18.483,0.0825543,0.773842,1.63582,4.74548,1.09268,5.9799,0.42336,0,0,18.483,0.42336,442.007,0,1.02816,0,0,1.802,0.773842,1.028160,1,0,48.3188,0,0,0,48.3188,0
70.4686,2.5605,0,0,2.27991,0.150208,0.36288,3.6288,61.308,0.273946,0,0,0.847178,0.221026,0.352206,0.66528,12.849,1,0.461673,0.36288,0,43.7815,4.53054,39.1521,0.84672,12.849,0.84672,3695.15,0,18.483,0.0825887,0.763741,1.63599,4.94383,1.08265,6.17832,0.42336,0,0,18.483,0.42336,442.007,0,1.02816,0,0,1.7919,0.763741,1.028160,1,0,45.6827,0,0,0,45.6827,0
69.5781,2.55638,0,0,2.17804,0.149297,0.36288,3.6288,61.308,0.274061,0,0,0.850763,0.221026,0.355677,0.66528,12.849,1,0.46612,0.36288,0,41.1353,4.53054,36.5015,0.84672,12.849,0.84672,3695.15,0,18.483,0.0826232,0.684798,1.63617,4.75381,1.08265,5.90951,0.42336,0,0,18.483,0.42336,442.007,0,1.02816,0,0,1.71296,0.684798,1.028160,1,0,42.7667,0,0,0,42.7667,0
68.593,2.55161,0,0,2.08577,0.156385,0.36288,3.6288,61.308,0.274175,0,0,0.72678,0.227212,0.225393,0.66528,12.849,1,0.471207,0.36288,0,40.8477,4.57815,36.1612,0.84672,12.849,0.84672,3695.15,0,18.483,0.0826576,0.395522,1.63635,4.56939,1.11718,5.40143,0.42336,0,0,18.483,0.42336,442.007,0,1.02816,0,0,1.42368,0.395522,1.028160,1,0,41.788,0,0,0,41.788,0
67.6362,2.52338,0,0,2.05219,0.122731,0.36288,3.6288,61.2553,0.422838,0,0,0.622184,0.252063,0,0.66528,12.849,1,0.472686,0.36288,0,41.8341,4.76985,36.9544,0.84672,12.849,0.84672,3695.15,0,18.483,0.127476,0.30119,1.63652,4.63387,1.20129,5.24282,0.42336,0,0,18.483,0.42336,442.007,0,0.873875,0,0,1.17507,0.30119,1.028160,1,0,42.1973,0,0,0,42.1973,0
66.5642,2.51803,0,0,1.89863,0.0897263,0.36288,3.6288,61.1609,0.445663,0,0,0.615686,0.264428,0,0.66528,12.849,1,0.478356,0.36288,0,38.5616,4.86601,33.5801,0.84672,12.849,0.84672,3695.15,0,18.483,0.134473,0.261274,1.66179,4.50404,1.22986,5.06278,0.42336,0,0,18.483,0.42336,442.007,0,0.844206,0,0,1.10548,0.261274,1.028160,1,0,38.6429,0,0,0,38.6429,0
65.3745,2.51185,0,0,1.77394,0.0889062,0.36288,3.6288,61.1094,0.404744,0,0,0.617556,0.26427,0,0.66528,12.849,1,0.484866,0.36288,0,35.7197,4.86601,30.7317,0.84672,12.849,0.84672,3695.15,0,18.483,0.122315,0.261274,1.66197,4.16398,1.22986,4.73505,0.42336,0,0,18.483,0.42336,442.007,0,0.897437,0,0,1.15871,0.261274,1.028160,1,0,35.4667,0,0,0,35.4667,0
64.0869,2.50474,0,0,1.66721,0.0872335,0.36288,3.6288,61.022,0.420245,0,0,0.60385,0.271032,0,0.66528,12.849,1,0.492293,0.36288,0,33.2237,4.95234,28.1419,0.84672,12.849,0.84672,3695.15,0,18.483,0.127106,0.261274,1.66215,4.06339,1.25057,4.60914,0.42336,0,0,18.483,0.42336,442.007,0,0.877297,0,0,1.13857,0.261274,1.028160,1,0,32.751,0,0,0,32.751,0
63.0744,2.55504,0,0,1.98088,0.0754544,0.36288,3.6288,60.9292,0.429371,0,0,0.653011,0.31641,0,0.66528,12.849,1,0.512269,0.36288,0,35.4974,5.44341,29.9046,0.84672,12.849,0.84672,3695.15,0,18.483,0.130053,0.261274,1.66233,3.8028,1.53112,4.06523,0.42336,0,0,18.483,0.42336,442.007,0,0.900193,0,0,1.16147,0.261274,1.028160,1,0,33.9698,0,0,0,33.9698,0
61.8424,2.54848,0,0,1.75421,0.0748362,0.36288,3.6288,60.7353,0.490877,0,0,0.613219,0.316224,0,0.66528,12.849,1,0.519156,0.36288,0,33.445,5.44341,27.8453,0.84672,12.849,0.84672,3695.15,0,18.483,0.148909,0.261274,1.70251,3.76579,1.53112,4.04955,0.42336,0,0,18.483,0.42336,442.007,0,0.819988,0,0,1.08126,0.261274,1.028160,1,0,31.8949,0,0,0,31.8949,0
60.4587,2.54019,0,0,1.59349,0.0740841,0.36288,3.6288,60.4979,0.518202,0,0,0.596604,0.315836,0,0.66528,12.849,1,0.527776,0.36288,0,31.4831,5.44341,25.8748,0.84672,12.849,0.84672,3695.15,0,18.483,0.1577,0.227405,1.7027,3.63136,1.53112,3.87264,0.42336,0,0,18.483,0.42336,442.007,0,0.784028,0,0,1.01143,0.227405,1.028160,1,0,29.7475,0,0,0,29.7475,0
58.8574,2.5305,0,0,1.34965,0.057538,0.36288,3.6288,60.2458,0.524506,0,0,0.593359,0.320989,0,0.66528,12.849,1,0.537795,0.36288,0,30.0039,5.7202,24.1087,0.84672,12.849,0.84672,3695.15,0,18.483,0.160244,0.227405,1.70288,3.56344,1.53162,3.80186,0.42336,0,0,18.483,0.42336,442.007,0,0.775336,0,0,1.00274,0.227405,1.028160,1,0,27.9106,0,0,0,27.9106,0
56.8634,2.68698,0,0,1.12085,0.0650794,0.36288,3.6288,59.7998,0.651459,0,0,0.504789,0.299302,0,0.66528,12.849,1,0.586586,0.36288,0,24.7664,5.415,19.1277,0.84672,12.849,0.84672,3695.15,0,18.483,0.199863,0.227405,1.70306,3.38538,1.46241,3.65357,0.42336,0,0,18.483,0.42336,442.007,0,0.734642,0,0,0.962047,0.227405,1.028160,1,0,22.7813,0,0,0,22.7813,0
54.6929,2.67049,0,0,0.92543,0.0625518,0.36288,3.6288,59.2288,0.692763,0,0,0.412236,0.290482,0,0.66528,12.849,1,0.60343,0.36288,0,20.9503,5.30187,15.4079,0.84672,12.849,0.84672,3695.15,0,18.483,0.21412,0.227405,1.83878,3.2671,1.48844,3.63073,0.42336,0,0,18.483,0.42336,442.007,0,0.679251,0,0,0.906656,0.227405,1.028160,1,0,19.0386,0,0,0,19.0386,0
52.5622,2.65138,0,0,0.944758,0.0612133,0.36288,3.6288,58.6322,0.701928,0,0,0.394799,0.289423,0,0.66528,12.849,1,0.622888,0.36288,0,19.3288,5.30187,13.7669,0.84672,12.849,0.84672,3695.15,0,18.483,0.219044,0.204422,1.83898,3.34936,1.48844,3.68528,0.42336,0,0,18.483,0.42336,442.007,0,0.665332,0,0,0.869754,0.204422,1.028160,1,0,17.4522,0,0,0,17.4522,0
50.9117,2.63137,0,0,1.40794,0.0641849,0.36288,3.6288,58.2474,0.564992,0,0,0.467402,0.287262,0,0.66528,12.849,1,0.643248,0.36288,0,24.8811,5.27218,19.3286,0.84672,12.849,0.84672,3695.15,0,18.483,0.178106,0.204422,1.83918,3.67079,1.4848,4.05149,0.42336,0,0,18.483,0.42336,442.007,0,0.843376,0,0,1.0478,0.204422,1.028160,1,0,23.3801,0,0,0,23.3801,0
49.7065,2.615,0,0,1.86622,0.0935511,0.36288,3.6288,57.9329,0.59798,0,0,0.549615,0.266134,0,0.66528,12.849,1,0.659969,0.36288,0,33.9343,4.7532,28.884,0.84672,12.849,0.84672,3695.15,0,18.483,0.18975,0.204422,1.83937,4.25212,1.34531,4.76085,0.42336,0,0,18.483,0.42336,442.007,0,0.798915,0,0,1.00334,0.204422,1.028160,1,0,33.6449,0,0,0,33.6449,0
48.3557,2.52316,0,0,1.66204,0.126758,0.36288,3.6288,57.8437,0.477416,0,0,0.618178,0.229928,0,0.66528,12.849,1,0.65223,0.36288,0,31.4814,3.66345,27.5286,0.84672,12.849,0.84672,3695.15,0,18.483,0.152315,0.204422,1.83957,5.55511,1.04026,6.40652,0.42336,0,0,18.483,0.42336,442.007,0,0.880736,0,0,1.08516,0.204422,1.028160,1,0,33.9351,0,0,0,33.9351,0
47.2278,2.50903,0,0,1.86896,0.124926,0.36288,3.6288,58.1493,0.365636,0,0,0.901031,0.229795,0,0.66528,12.849,1,0.666696,0.36288,0,35.366,3.66345,31.3988,0.84672,12.849,0.84672,3695.15,0,18.483,0.116833,0.452511,1.76205,7.30252,1.04026,8.35999,0.42336,0,0,18.483,0.42336,442.007,0,1.02816,0,0,1.48067,0.452511,1.028160,1,0,39.7587,0,0,0,39.7587,0
45.9039,2.49678,0,0,1.65911,0.123395,0.36288,3.6288,58.2209,0.399858,0,0,0.70172,0.230249,0,0.66528,12.849,1,0.679285,0.36288,0,30.8476,3.66345,26.8677,0.84672,12.849,0.84672,3695.15,0,18.483,0.127096,0.216518,1.76224,5.60285,1.04026,6.41425,0.42336,0,0,18.483,0.42336,442.007,0,0.983837,0,0,1.20036,0.216518,1.028160,1,0,33.282,0,0,0,33.282,0
45.0904,2.48174,0,0,2.16785,0.136667,0.36288,3.6288,58.6728,0.366457,0,0,1.04671,0.228352,0,0.66528,12.849,1,0.694667,0.36288,0,42.5028,3.68292,38.4881,0.84672,12.849,0.84672,3695.15,0,18.483,0.116336,0.899571,1.76243,8.8617,1.06507,10.3423,0.42336,0,0,18.483,0.42336,442.007,0,1.02816,0,0,1.92773,0.899571,1.028160,1,0,48.8304,0,0,0,48.8304,0
43.5018,2.40839,0,0,1.37426,0.191611,0.36288,3.6288,58.7139,0.31439,0,0,0.613055,0.257553,0,0.66528,12.849,1,0.686297,0.36288,0,23.9782,4.91682,18.738,0.84672,12.849,0.84672,3695.15,0,18.483,0.0990387,0.38766,1.76262,4.52213,1.1888,5.38458,0.42336,0,0,18.483,0.42336,442.007,0,1.02816,0,0,1.41582,0.38766,1.028160,1,0,24.1226,0,0,0,24.1226,0
42.2483,2.3893,0,0,1.68134,0.182711,0.36288,3.6288,58.9072,0.314561,0,0,0.772223,0.264388,0,0.66528,12.849,1,0.70572,0.36288,0,32.3984,5.103,26.9525,0.84672,12.849,0.84672,3695.15,0,18.483,0.099023,0.713362,1.69372,7.7367,1.18462,8.86013,0.42336,0,0,18.483,0.42336,442.007,0,1.02816,0,0,1.74152,0.713362,1.028160,1,0,35.8126,0,0,0,35.8126,0
41.9489,2.3735,0,0,2.64778,0.210741,0.36288,3.6288,59.4452,0.314926,0,0,1.10572,0.252788,0,0.66528,12.849,1,0.721854,0.36288,0,45.772,4.74555,40.6674,0.84672,12.849,0.84672,3695.15,0,18.483,0.0988126,1.13924,1.6939,7.1919,1.1327,8.79353,0.42336,0,0,18.483,0.42336,442.007,0,1.02816,0,0,2.1674,1.13924,1.028160,1,0,49.461,0,0,0,49.461,0
43.4014,2.36981,0,0,4.40737,0.222227,0.36288,3.6288,60.3645,0.315726,0,0,1.48388,0.248873,0,0.66528,12.849,1,0.725875,0.36288,0,48.3244,4.60257,43.3588,0.84672,12.849,0.84672,3695.15,0,18.483,0.0981671,1.58946,1.69408,11.9804,1.11194,14.0538,0.42336,0,0,18.483,0.42336,442.007,0,1.02816,0,0,2.61762,1.58946,1.028160,1,0,57.4126,0,0,0,57.4126,0
43.622,2.2089,0,0,3.02795,0.235495,0.36288,3.6288,60.7466,0.206083,0,0,0.800029,0.211848,0,0.66528,12.849,1,0.653947,0.36288,0,45.1665,4.23807,40.6373,0.84672,12.849,0.84672,3695.15,0,18.483,0.0631004,0.922571,1.69426,6.79726,1.08034,8.27065,0.42336,0,0,18.483,0.42336,442.007,0,1.02816,0,0,1.95073,0.922571,1.028160,1,0,48.908,0,0,0,48.908,0
43.5026,2.2117,0,0,2.69832,0.243233,0.36288,3.6288,61.308,0.206494,0,0,1.24605,0.183427,0.294736,0.66528,12.849,1,0.651462,0.36288,0,54.9894,3.9647,50.7361,0.84672,12.849,0.84672,3695.15,0,18.483,0.0628286,1.74205,1.53883,9.16332,1.05665,11.3247,0.42336,0,0,18.483,0.42336,442.007,0,1.02816,0,0,2.77021,1.74205,1.028160,1,0,62.3555,0,0,0,62.3555,0
43.7036,2.21055,0,0,3.01739,0.2429,0.36288,3.6288,61.308,0.207043,0,0,1.21212,0.18408,0.821,0.66528,12.849,1,0.652913,0.36288,0,82.6456,3.9647,78.3908,0.84672,12.849,0.84672,3695.15,0,18.483,0.0624188,2.57857,1.53899,10.5386,1.05665,13.5371,0.42336,0,0,18.483,0.42336,442.007,0,1.02816,0,0,3.60673,2.57857,1.028160,1,0,92.749,0,0,0,92.749,0
43.7853,2.21311,0,0,2.9011,0.24346,0.36288,3.6288,61.308,0.20715,0,0,1.32485,0.18408,0.933619,0.66528,12.849,1,0.650662,0.36288,0,59.1028,3.9647,54.8503,0.84672,12.849,0.84672,3695.15,0,18.483,0.0624511,2.18767,1.53916,9.37976,1.05665,11.9875,0.42336,0,0,18.483,0.42336,442.007,0,1.02816,0,0,3.21583,2.18767,1.028160,1,0,67.7714,0,0,0,67.7714,0
43.9244,2.21429,0,0,2.96011,0.243803,0.36288,3.6288,61.308,0.207257,0,0,1.16439,0.181265,0.775865,0.66528,12.849,1,0.649793,0.36288,0,68.4189,3.93715,64.1948,0.84672,12.849,0.84672,3695.15,0,18.483,0.0624833,1.68815,1.53932,8.92659,1.02633,11.0652,0.42336,0,0,18.483,0.42336,442.007,0,1.02816,0,0,2.71631,1.68815,1.028160,1,0,76.0359,0,0,0,76.0359,0
44.3737,2.28554,0,0,3.31258,0.214862,0.36288,3.6288,61.308,0.23961,0,0,1.01246,0.181912,0.590939,0.66528,12.849,1,0.668577,0.36288,0,41.3886,3.75327,37.3297,0.84672,12.849,0.84672,3695.15,0,18.483,0.0722371,2.08266,1.53949,8.46798,1.04029,10.9776,0.42336,0,0,18.483,0.42336,442.007,0,1.02816,0,0,3.11082,2.08266,1.028160,1,0,48.8982,0,0,0,48.8982,0
46.6367,2.29102,0,0,5.11974,0.202895,0.36288,3.6288,61.308,0.239714,0,0,1.19023,0.152051,0.798464,0.66528,12.849,1,0.663394,0.36288,0,85.6265,3.12133,82.2047,0.84672,12.849,0.84672,3695.15,0,18.483,0.0722683,2.0796,1.58889,9.62548,0.871619,12.3501,0.42336,0,0,18.483,0.42336,442.007,0,1.02816,0,0,3.10776,2.0796,1.028160,1,0,95.3533,0,0,0,95.3533,0
47.8258,2.31649,0,0,4.07664,0.208112,0.36288,3.6288,61.308,0.239817,0,0,0.963032,0.152051,0.571163,0.66528,12.849,1,0.638222,0.36288,0,65.8129,3.12133,62.4162,0.84672,12.849,0.84672,3695.15,0,18.483,0.0722996,1.45011,1.58905,7.25147,0.871619,9.34671,0.42336,0,0,18.483,0.42336,442.007,0,1.02816,0,0,2.47827,1.45011,1.028160,1,0,72.3341,0,0,0,72.3341,0
48.1186,2.32923,0,0,3.19577,0.210853,0.36288,3.6288,61.308,0.239921,0,0,0.859395,0.152051,0.467423,0.66528,12.849,1,0.625777,0.36288,0,37.6967,3.12133,34.3124,0.84672,12.849,0.84672,3695.15,0,18.483,0.0723308,1.16006,1.58921,6.05321,0.871619,7.85853,0.42336,0,0,18.483,0.42336,442.007,0,1.02816,0,0,2.18822,1.16006,1.028160,1,0,42.6384,0,0,0,42.6384,0
49.7186,2.55997,0,0,4.75778,0.234943,0.36288,3.6288,61.308,0.361133,0,0,1.39425,0.157587,0.875525,0.66528,12.849,1,0.683584,0.36288,0,108.607,3.30486,104.981,0.84672,12.849,0.84672,3695.15,0,18.483,0.108874,2.29012,1.58937,10.2087,0.872182,13.1071,0.42336,0,0,18.483,0.42336,442.007,0,1.02816,0,0,3.31828,2.29012,1.028160,1,0,118.964,0,0,0,118.964,0
51.8845,2.57771,0,0,5.35507,0.248564,0.36288,3.6288,61.308,0.361249,0,0,1.1993,0.159801,0.678251,0.66528,12.849,1,0.66617,0.36288,0,81.3568,3.37827,77.6753,0.84672,12.849,0.84672,3695.15,0,18.483,0.108909,1.4309,1.76533,11.0212,0.872407,13.2361,0.42336,0,0,18.483,0.42336,442.007,0,1.02816,0,0,2.45906,1.4309,1.028160,1,0,91.5896,0,0,0,91.5896,0
55.7642,2.60027,0,0,7.09493,0.252102,0.36288,3.6288,61.308,0.361365,0,0,1.80765,0.165334,1.28095,0.66528,12.849,1,0.643946,0.36288,0,117.681,3.50931,113.891,0.84672,12.849,0.84672,3695.15,0,18.483,0.108943,3.01164,1.7655,12.7284,0.913403,16.4832,0.42336,0,0,18.483,0.42336,442.007,0,1.02816,0,0,4.0398,3.01164,1.028160,1,0,131.655,0,0,0,131.655,0
60.3935,2.63694,0,0,7.87783,0.24869,0.36288,3.6288,61.308,0.361481,0,0,2.38243,0.19853,1.82242,0.66528,12.849,1,0.607595,0.36288,0,120.166,4.29555,115.626,0.84672,12.849,0.84672,3695.15,0,18.483,0.108978,5.18594,1.76568,15.658,1.15938,21.3413,0.42336,0,0,18.483,0.42336,442.007,0,1.02816,0,0,6.2141,5.18594,1.028160,1,0,138.789,0,0,0,138.789,0
66.3123,2.33646,0,0,8.89639,0.278263,0.36288,3.6288,61.308,0.199003,0,0,4.01289,0.233528,3.58036,0.66528,12.849,1,0.497094,0.36288,0,210.613,4.37572,206.103,0.84672,12.849,0.84672,3695.15,0,18.483,0.0599949,5.93433,1.76586,17.3426,1.10546,23.8774,0.42336,0,0,18.483,0.42336,442.007,0,1.02816,0,0,6.96249,5.93433,1.028160,1,0,233.561,0,0,0,233.561,0
69.0554,2.37387,0,0,5.8156,0.335712,0.36288,3.6288,61.308,0.199102,0,0,3.99032,0.241721,3.5495,0.66528,12.849,1,0.459973,0.36288,0,173.109,4.55438,168.458,0.84672,12.849,0.84672,3695.15,0,18.483,0.0600249,4.65363,1.52547,16.4809,1.07105,21.5289,0.42336,0,0,18.483,0.42336,442.007,0,1.02816,0,0,5.68179,4.65363,1.028160,1,0,193.536,0,0,0,193.536,0
72.29,2.38952,0,0,7.49838,0.343031,1.53128,3.6288,61.308,0.199202,0,0,5.99992,0.241721,5.559,0.66528,12.849,1,0.444612,1.53128,0,201.686,4.55438,198.218,0.84672,12.849,0.84672,3695.15,0,18.483,0.0600549,6.73263,1.52562,23.6684,1.07105,30.7956,0.42336,0,0,18.483,0.42336,442.007,0,1.02816,0,0,7.76079,6.73263,1.028160,1,0,234.573,0,0,0,234.573,0
72.29,2.40665,0,0,5.57866,0.351662,2.82035,3.6288,61.308,0.199301,0,0,3.79236,0.241721,3.35134,0.66528,12.849,1,0.427764,2.82035,0,156.108,4.55438,153.947,0.84672,12.849,0.84672,3695.15,0,18.483,0.060085,4.46604,1.52577,15.7439,1.07105,20.6046,0.42336,0,0,18.483,0.42336,442.007,0,1.02816,0,0,5.4942,4.46604,1.028160,1,0,177.903,0,0,0,177.903,0
72.29,2.40689,0,0,5.35304,0.349028,2.59712,3.6288,61.308,0.199401,0,0,3.57621,0.199946,3.17686,0.66528,12.849,1,0.427807,2.59712,0,159.062,4.50281,156.729,0.84672,12.849,0.84672,3695.15,0,18.483,0.060115,4.48129,1.52593,14.2224,1.03396,19.1355,0.42336,0,0,18.483,0.42336,442.007,0,1.02816,0,0,5.50945,4.48129,1.028160,1,0,179.041,0,0,0,179.041,0
72.29,2.49509,0,0,7.03651,0.323128,4.2183,3.6288,61.308,0.239297,0,0,5.73649,0.189669,5.30753,0.66528,12.849,1,0.443483,4.2183,0,212.573,4.44456,211.903,0.84672,12.849,0.84672,3695.15,0,18.483,0.0721429,6.92138,1.52608,15.1481,1.02819,22.4952,0.42336,0,0,18.483,0.42336,442.007,0,1.02816,0,0,7.94954,6.92138,1.028160,1,0,239.705,0,0,0,239.705,0
72.29,2.49534,0,0,5.42068,0.323912,2.60143,3.6288,61.308,0.239401,0,0,2.78435,0.205134,2.33982,0.66528,12.849,1,0.443527,2.60143,0,147.497,4.43037,145.224,0.84672,12.849,0.84672,3695.15,0,18.483,0.0721741,3.9588,1.58566,9.49519,1.0119,13.9556,0.42336,0,0,18.483,0.42336,442.007,0,1.02816,0,0,4.98696,3.9588,1.028160,1,0,161.52,0,0,0,161.52,0
72.29,2.49559,0,0,3.55925,0.323912,0.739747,3.6288,61.308,0.239505,0,0,2.08593,0.205134,1.64129,0.66528,12.849,1,0.443572,0.739747,0,94.8586,4.43037,90.7244,0.84672,12.849,0.84672,3695.15,0,18.483,0.0722054,2.89075,1.58582,7.21656,1.0119,10.609,0.42336,0,0,18.483,0.42336,442.007,0,1.02816,0,0,3.91891,2.89075,1.028160,1,0,102.975,0,0,0,102.975,0
72.1764,2.49584,0,0,3.069,0.323912,0.36288,3.6288,61.308,0.239609,0,0,1.91505,0.205134,1.4703,0.66528,12.849,1,0.443617,0.36288,0,81.2367,4.43037,76.7256,0.84672,12.849,0.84672,3695.15,0,18.483,0.0722366,2.91068,1.58598,6.52329,1.0119,9.93581,0.42336,0,0,18.483,0.42336,442.007,0,1.02816,0,0,3.93884,2.91068,1.028160,1,0,88.1317,0,0,0,88.1317,0
72.29,2.4611,0,0,3.60821,0.220083,0.813388,3.6288,61.308,0.224249,0,0,1.20236,0.231571,0.746539,0.66528,12.849,1,0.438131,0.813388,0,90.7183,5.08736,86.0062,0.84672,12.849,0.84672,3695.15,0,18.483,0.0676062,2.25408,1.58614,6.92496,1.22124,9.47633,0.42336,0,0,18.483,0.42336,442.007,0,1.02816,0,0,3.28224,2.25408,1.028160,1,0,96.229,0,0,0,96.229,0
72.29,2.46194,0,0,3.34851,0.220273,0.666299,3.6288,61.308,0.224351,0,0,1.16071,0.231571,0.704783,0.66528,12.849,1,0.437591,0.666299,0,77.6503,5.08736,72.7916,0.84672,12.849,0.84672,3695.15,0,18.483,0.067637,1.99977,1.56316,6.347,1.22124,8.62105,0.42336,0,0,18.483,0.42336,442.007,0,1.02816,0,0,3.02793,1.99977,1.028160,1,0,82.1175,0,0,0,82.1175,0
72.29,2.46219,0,0,3.23018,0.220273,0.547718,3.6288,61.308,0.224454,0,0,1.07569,0.231571,0.619663,0.66528,12.849,1,0.437635,0.547718,0,71.6982,5.08736,66.7209,0.84672,12.849,0.84672,3695.15,0,18.483,0.0676678,1.75876,1.56332,6.30737,1.22124,8.34054,0.42336,0,0,18.483,0.42336,442.007,0,1.02816,0,0,2.78692,1.75876,1.028160,1,0,75.6811,0,0,0,75.6811,0
72.0204,2.46243,0,0,2.8008,0.245099,0.36288,3.6288,61.308,0.224556,0,0,1.07734,0.170348,0.682435,0.66528,12.849,1,0.437679,0.36288,0,67.8197,4.58488,63.16,0.84672,12.849,0.84672,3695.15,0,18.483,0.0676986,1.8556,1.56348,6.06493,1.0763,8.34001,0.42336,0,0,18.483,0.42336,442.007,0,1.02816,0,0,2.88376,1.8556,1.028160,1,0,72.1824,0,0,0,72.1824,0
71.5297,2.57805,0,0,2.66052,0.210273,0.36288,3.6288,61.308,0.279516,0,0,1.05327,0.206427,0.567326,0.66528,12.849,1,0.459944,0.36288,0,60.8991,4.85751,55.9446,0.84672,12.849,0.84672,3695.15,0,18.483,0.0842677,1.81301,1.56363,5.99751,1.07444,8.21545,0.42336,0,0,18.483,0.42336,442.007,0,1.02816,0,0,2.84117,1.81301,1.028160,1,0,64.7273,0,0,0,64.7273,0
70.6174,2.57563,0,0,2.21045,0.184214,0.36288,3.6288,61.308,0.279623,0,0,0.668451,0.215689,0.173138,0.66528,12.849,1,0.462665,0.36288,0,46.1845,4.53696,41.5478,0.84672,12.849,0.84672,3695.15,0,18.483,0.0843002,1.1477,1.64473,4.71333,1.06202,6.35945,0.42336,0,0,18.483,0.42336,442.007,0,1.02816,0,0,2.17586,1.1477,1.028160,1,0,48.0804,0,0,0,48.0804,0
69.5503,2.57083,0,0,2.01921,0.152643,0.36288,3.6288,61.308,0.279731,0,0,0.662826,0.219338,0.163757,0.66528,12.849,1,0.467769,0.36288,0,41.2778,4.65066,36.5222,0.84672,12.849,0.84672,3695.15,0,18.483,0.0843327,1.14715,1.6449,4.50223,1.02649,6.18346,0.42336,0,0,18.483,0.42336,442.007,0,1.02816,0,0,2.17531,1.14715,1.028160,1,0,42.8694,0,0,0,42.8694,0
68.4502,2.56503,0,0,1.97916,0.151391,0.36288,3.6288,61.308,0.279839,0,0,0.716861,0.219338,0.217684,0.66528,12.849,1,0.473875,0.36288,0,39.5429,4.65066,34.7813,0.84672,12.849,0.84672,3695.15,0,18.483,0.0843652,1.10609,1.64507,4.85129,1.02649,6.4916,0.42336,0,0,18.483,0.42336,442.007,0,1.02816,0,0,2.13425,1.10609,1.028160,1,0,41.4906,0,0,0,41.4906,0
67.4581,2.55888,0,0,2.0727,0.143034,0.36288,3.6288,61.308,0.279946,0,0,0.648043,0.217325,0.150772,0.66528,12.849,1,0.480336,0.36288,0,39.3982,4.77387,34.5069,0.84672,12.849,0.84672,3695.15,0,18.483,0.0843976,0.768347,1.64523,4.25187,1.02612,5.55494,0.42336,0,0,18.483,0.42336,442.007,0,1.02816,0,0,1.79651,0.768347,1.028160,1,0,40.2126,0,0,0,40.2126,0
66.796,2.53034,0,0,2.35556,0.124396,0.36288,3.6288,61.308,0.403081,0,0,0.642776,0.21229,0.0274055,0.66528,12.849,1,0.481963,0.36288,0,44.3974,5.0819,39.1964,0.84672,12.849,0.84672,3695.15,0,18.483,0.12152,0.30119,1.6454,4.13961,1.02518,4.9395,0.42336,0,0,18.483,0.42336,442.007,0,0.907304,0,0,1.20849,0.30119,1.028160,1,0,44.1633,0,0,0,44.1633,0
65.914,2.52658,0,0,2.13125,0.123748,0.36288,3.6288,61.2045,0.487708,0,0,0.596518,0.21229,0,0.66528,12.849,1,0.486018,0.36288,0,39.8693,5.0819,34.6642,0.84672,12.849,0.84672,3695.15,0,18.483,0.147033,0.261274,1.67079,3.97025,1.02518,4.7301,0.42336,0,0,18.483,0.42336,442.007,0,0.797308,0,0,1.05858,0.261274,1.028160,1,0,39.3944,0,0,0,39.3944,0
64.9645,2.5214,0,0,2.03047,0.0957037,0.36288,3.6288,61.0074,0.483653,0,0,0.564418,0.277922,0,0.66528,12.849,1,0.49151,0.36288,0,36.1186,5.9288,30.0611,0.84672,12.849,0.84672,3695.15,0,18.483,0.146057,0.261274,1.67096,3.76158,1.33432,4.21344,0.42336,0,0,18.483,0.42336,442.007,0,0.802483,0,0,1.06376,0.261274,1.028160,1,0,34.2746,0,0,0,34.2746,0
63.7981,2.51565,0,0,1.8026,0.0904835,0.36288,3.6288,60.7409,0.505715,0,0,0.527748,0.288524,0,0.66528,12.849,1,0.497558,0.36288,0,33.0343,6.06995,26.8297,0.84672,12.849,0.84672,3695.15,0,18.483,0.153213,0.261274,1.67113,3.63758,1.38584,4.03093,0.42336,0,0,18.483,0.42336,442.007,0,0.77341,0,0,1.03468,0.261274,1.028160,1,0,30.8607,0,0,0,30.8607,0
62.6202,2.56687,0,0,1.84404,0.0922299,0.36288,3.6288,60.4339,0.569872,0,0,0.556278,0.293386,0,0.66528,12.849,1,0.51697,0.36288,0,32.1027,6.00165,25.947,0.84672,12.849,0.84672,3695.15,0,18.483,0.173408,0.261274,1.6713,3.89868,1.41338,4.24447,0.42336,0,0,18.483,0.42336,442.007,0,0.724205,0,0,0.985478,0.261274,1.028160,1,0,30.1914,0,0,0,30.1914,0
61.5704,2.55906,0,0,1.95836,0.0861654,0.36288,3.6288,60.322,0.42097,0,0,0.607917,0.298858,0,0.66528,12.849,1,0.525092,0.36288,0,44.0552,6.03456,37.8584,0.84672,12.849,0.84672,3695.15,0,18.483,0.128749,0.261274,1.71169,4.48733,1.4442,4.88734,0.42336,0,0,18.483,0.42336,442.007,0,0.917914,0,0,1.17919,0.261274,1.028160,1,0,42.7458,0,0,0,42.7458,0
60.3967,2.55191,0,0,1.82645,0.0854248,0.36288,3.6288,60.1552,0.406615,0,0,0.538456,0.298646,0,0.66528,12.849,1,0.532553,0.36288,0,34.8516,6.03456,28.6474,0.84672,12.849,0.84672,3695.15,0,18.483,0.124589,0.227405,1.71186,4.09589,1.4442,4.46636,0.42336,0,0,18.483,0.42336,442.007,0,0.936576,0,0,1.16398,0.227405,1.028160,1,0,33.1137,0,0,0,33.1137,0
59.0669,2.54363,0,0,1.66134,0.0845966,0.36288,3.6288,59.8168,0.545794,0,0,0.505776,0.298329,0,0.66528,12.849,1,0.541141,0.36288,0,32.0472,6.03456,25.8344,0.84672,12.849,0.84672,3695.15,0,18.483,0.167698,0.227405,1.71204,3.74861,1.4442,4.07615,0.42336,0,0,18.483,0.42336,442.007,0,0.754436,0,0,0.981841,0.227405,1.028160,1,0,29.9106,0,0,0,29.9106,0
57.4207,2.70311,0,0,1.50776,0.0879975,0.36288,3.6288,59.6667,0.432631,0,0,0.567088,0.28461,0,0.66528,12.849,1,0.588015,0.36288,0,28.9786,6.01245,22.7411,0.84672,12.849,0.84672,3695.15,0,18.483,0.13368,0.245005,1.71221,4.7817,1.48813,5.11711,0.42336,0,0,18.483,0.42336,442.007,0,1.02816,0,0,1.27316,0.245005,1.028160,1,0,27.8582,0,0,0,27.8582,0
55.1956,2.6896,0,0,0.930001,0.102568,0.36288,3.6288,59.2581,0.593565,0,0,0.445922,0.260939,0,0.66528,12.849,1,0.601851,0.36288,0,20.7088,5.8085,14.6613,0.84672,12.849,0.84672,3695.15,0,18.483,0.183869,0.227405,1.84865,3.89502,1.51183,4.27537,0.42336,0,0,18.483,0.42336,442.007,0,0.817197,0,0,1.0446,0.227405,1.028160,1,0,18.9367,0,0,0,18.9367,0
53.0724,2.67019,0,0,1.01015,0.10033,0.36288,3.6288,58.8798,0.569276,0,0,0.451212,0.260258,0,0.66528,12.849,1,0.621595,0.36288,0,19.7922,5.8085,13.725,0.84672,12.849,0.84672,3695.15,0,18.483,0.177561,0.204422,1.84883,4.13712,1.51183,4.50098,0.42336,0,0,18.483,0.42336,442.007,0,0.847956,0,0,1.05238,0.204422,1.028160,1,0,18.2259,0,0,0,18.2259,0
51.5082,2.65044,0,0,1.56024,0.11112,0.36288,3.6288,58.7347,0.431379,0,0,0.542731,0.256459,0,0.66528,12.849,1,0.64168,0.36288,0,31.9677,5.71944,25.9694,0.84672,12.849,0.84672,3695.15,0,18.483,0.135414,0.233332,1.84902,4.37215,1.50091,4.81818,0.42336,0,0,18.483,0.42336,442.007,0,1.02816,0,0,1.26149,0.233332,1.028160,1,0,30.7876,0,0,0,30.7876,0
50.4801,2.63511,0,0,2.08806,0.118157,0.36288,3.6288,58.714,0.431246,0,0,0.656116,0.245584,0,0.66528,12.849,1,0.657342,0.36288,0,37.3052,5.61801,31.3927,0.84672,12.849,0.84672,3695.15,0,18.483,0.135707,0.235233,1.8492,4.79263,1.47016,5.2712,0.42336,0,0,18.483,0.42336,442.007,0,1.02816,0,0,1.26339,0.235233,1.028160,1,0,36.6639,0,0,0,36.6639,0
48.9242,2.54462,0,0,1.47699,0.125365,0.36288,3.6288,58.4178,0.453893,0,0,0.390568,0.2328,0,0.66528,12.849,1,0.647697,0.36288,0,30.1532,4.65255,25.2158,0.84672,12.849,0.84672,3695.15,0,18.483,0.142884,0.204422,1.84939,4.2845,1.3875,4.80793,0.42336,0,0,18.483,0.42336,442.007,0,0.921741,0,0,1.12616,0.204422,1.028160,1,0,30.0237,0,0,0,30.0237,0
47.124,2.52856,0,0,1.2145,0.123306,0.36288,3.6288,58.3587,0.372618,0,0,0.545893,0.232357,0,0.66528,12.849,1,0.664077,0.36288,0,29.2715,4.65255,24.3177,0.84672,12.849,0.84672,3695.15,0,18.483,0.117894,0.893177,1.77145,4.83742,1.3875,5.99666,0.42336,0,0,18.483,0.42336,442.007,0,1.02816,0,0,1.92134,0.893177,1.028160,1,0,30.3144,0,0,0,30.3144,0
45.139,2.50888,0,0,1.00774,0.120908,0.36288,3.6288,57.8576,0.562522,0,0,0.293607,0.232268,0,0.66528,12.849,1,0.68408,0.36288,0,28.0464,4.65255,23.0726,0.84672,12.849,0.84672,3695.15,0,18.483,0.178158,0.216518,1.77163,3.60261,1.3875,4.0251,0.42336,0,0,18.483,0.42336,442.007,0,0.778144,0,0,0.994663,0.216518,1.028160,1,0,27.0977,0,0,0,27.0977,0
43.5758,2.48571,0,0,1.44939,0.164027,0.36288,3.6288,57.5658,0.465839,0,0,0.361142,0.187027,0,0.66528,12.849,1,0.707568,0.36288,0,32.7328,4.02966,28.3585,0.84672,12.849,0.84672,3695.15,0,18.483,0.148816,0.216518,1.7718,3.96427,1.19281,4.61097,0.42336,0,0,18.483,0.42336,442.007,0,0.904323,0,0,1.12084,0.216518,1.028160,1,0,32.9694,0,0,0,32.9694,0
42.1528,2.40265,0,0,1.51724,0.17474,0.36288,3.6288,57.4618,0.342098,0,0,0.435396,0.197323,0,0.66528,12.849,1,0.708457,0.36288,0,37.876,3.42924,34.1012,0.84672,12.849,0.84672,3695.15,0,18.483,0.10984,0.216518,1.77198,5.61633,0.988835,6.50616,0.42336,0,0,18.483,0.42336,442.007,0,0.997298,0,0,1.21382,0.216518,1.028160,1,0,40.6074,0,0,0,40.6074,0
40.2571,2.38456,0,0,1.00543,0.153654,0.36288,3.6288,57.0319,0.504306,0,0,0.299475,0.225115,0,0.66528,12.849,1,0.72686,0.36288,0,16.3336,3.52128,12.4483,0.84672,12.849,0.84672,3695.15,0,18.483,0.162214,0.216518,1.7027,3.09175,1.01108,3.83768,0.42336,0,0,18.483,0.42336,442.007,0,0.782862,0,0,0.99938,0.216518,1.028160,1,0,16.286,0,0,0,16.286,0
39.2638,2.35885,0,0,1.87863,0.150259,0.36288,3.6288,57.3062,0.318234,0,0,0.81708,0.224488,0,0.66528,12.849,1,0.752882,0.36288,0,32.541,3.52128,28.6297,0.84672,12.849,0.84672,3695.15,0,18.483,0.103134,2.03312,1.70287,6.82091,1.01108,9.44268,0.42336,0,0,18.483,0.42336,442.007,0,1.02816,0,0,3.06128,2.03312,1.028160,1,0,38.0724,0,0,0,38.0724,0
39.8477,2.34473,0,0,3.44836,0.156783,0.36288,3.6288,58.2498,0.318718,0,0,1.47951,0.217255,0,0.66528,12.849,1,0.76731,0.36288,0,62.5665,3.41246,58.7496,0.84672,12.849,0.84672,3695.15,0,18.483,0.102796,1.98686,1.70304,8.92675,0.980257,11.5336,0.42336,0,0,18.483,0.42336,442.007,0,1.02816,0,0,3.01502,1.98686,1.028160,1,0,70.2832,0,0,0,70.2832,0
39.3278,2.17623,0,0,2.22398,0.204828,0.36288,3.6288,58.9281,0.209542,0,0,1.09668,0.208755,0,0.66528,12.849,1,0.701731,0.36288,0,37.6741,3.58131,33.754,0.84672,12.849,0.84672,3695.15,0,18.483,0.0664888,1.53077,1.70321,6.26022,0.902317,8.5254,0.42336,0,0,18.483,0.42336,442.007,0,1.02816,0,0,2.55893,1.53077,1.028160,1,0,42.2794,0,0,0,42.2794,0
40.636,2.16946,0,0,4.05797,0.217385,0.36288,3.6288,59.6092,0.210224,0,0,1.1329,0.241645,0,0.66528,12.849,1,0.708795,0.36288,0,86.9753,4.51699,82.1123,0.84672,12.849,0.84672,3695.15,0,18.483,0.0659375,1.92418,1.54695,6.63241,1.06999,8.96761,0.42336,0,0,18.483,0.42336,442.007,0,1.02816,0,0,2.95234,1.92418,1.028160,1,0,91.08,0,0,0,91.08,0
44.2086,2.18701,0,0,6.34327,0.220757,0.36288,3.6288,61.308,0.210899,0,0,2.64659,0.242702,0.494161,0.66528,12.849,1,0.691528,0.36288,0,104.153,4.51699,99.3078,0.84672,12.849,0.84672,3695.15,0,18.483,0.0653935,4.05966,1.5471,15.064,1.06999,19.5354,0.42336,0,0,18.483,0.42336,442.007,0,1.02816,0,0,5.08782,4.05966,1.028160,1,0,119.337,0,0,0,119.337,0
46.5097,2.23054,0,0,5.12456,0.230115,0.36288,3.6288,61.308,0.212393,0,0,1.1245,0.245336,0.666776,0.66528,12.849,1,0.648294,0.36288,0,87.6511,4.51699,82.8487,0.84672,12.849,0.84672,3695.15,0,18.483,0.0640317,2.92861,1.54726,8.23186,1.06999,11.5737,0.42336,0,0,18.483,0.42336,442.007,0,1.02816,0,0,3.95677,2.92861,1.028160,1,0,95.0891,0,0,0,95.0891,0
48.8311,2.2559,0,0,5.17497,0.23474,0.36288,3.6288,61.308,0.212494,0,0,0.662368,0.252353,0.197521,0.66528,12.849,1,0.623225,0.36288,0,83.6024,4.54288,78.7991,0.84672,12.849,0.84672,3695.15,0,18.483,0.0640621,1.24034,1.54741,8.83811,1.08997,10.4718,0.42336,0,0,18.483,0.42336,442.007,0,1.02816,0,0,2.2685,1.24034,1.028160,1,0,89.4685,0,0,0,89.4685,0
54.505,2.35099,0,0,8.59041,0.202678,0.36288,3.6288,61.308,0.24501,0,0,3.01627,0.216841,2.55442,0.66528,12.849,1,0.618619,0.36288,0,103.363,4.30788,98.7993,0.84672,12.849,0.84672,3695.15,0,18.483,0.073865,3.14748,1.54757,12.0347,1.2655,15.3903,0.42336,0,0,18.483,0.42336,442.007,0,1.02816,0,0,4.17564,3.14748,1.028160,1,0,116.744,0,0,0,116.744,0
56.4813,2.40333,0,0,4.9892,0.246685,0.36288,3.6288,61.308,0.245107,0,0,1.26282,0.242862,0.774853,0.66528,12.849,1,0.56656,0.36288,0,144.121,4.44927,139.468,0.84672,12.849,0.84672,3695.15,0,18.483,0.0738944,1.53596,1.59722,7.45295,1.39967,9.11257,0.42336,0,0,18.483,0.42336,442.007,0,1.02816,0,0,2.56412,1.53596,1.028160,1,0,149.356,0,0,0,149.356,0
58.2658,2.41971,0,0,4.81866,0.251606,0.36288,3.6288,61.308,0.245205,0,0,1.14913,0.242862,0.661062,0.66528,12.849,1,0.550462,0.36288,0,148.129,4.44927,143.492,0.84672,12.849,0.84672,3695.15,0,18.483,0.0739238,0.970453,1.59737,7.20537,1.39967,8.2996,0.42336,0,0,18.483,0.42336,442.007,0,1.02816,0,0,1.99861,0.970453,1.028160,1,0,152.453,0,0,0,152.453,0
59.9464,2.43375,0,0,4.73335,0.25605,0.36288,3.6288,61.308,0.245302,0,0,1.0077,0.242862,0.519536,0.66528,12.849,1,0.5367,0.36288,0,122.142,4.44927,117.519,0.84672,12.849,0.84672,3695.15,0,18.483,0.0739532,1.19702,1.59752,6.49101,1.39967,7.81193,0.42336,0,0,18.483,0.42336,442.007,0,1.02816,0,0,2.22518,1.19702,1.028160,1,0,125.85,0,0,0,125.85,0
61.0279,2.68498,0,0,4.3625,0.233135,0.36288,3.6288,61.308,0.36714,0,0,1.41807,0.232591,0.818335,0.66528,12.849,1,0.575503,0.36288,0,128.899,4.32777,124.359,0.84672,12.849,0.84672,3695.15,0,18.483,0.110685,1.55186,1.59767,6.95556,1.20499,8.78943,0.42336,0,0,18.483,0.42336,442.007,0,1.02816,0,0,2.58002,1.55186,1.028160,1,0,133.967,0,0,0,133.967,0
63.3156,2.69366,0,0,5.55904,0.214831,0.36288,3.6288,61.308,0.367249,0,0,1.39334,0.224887,0.801202,0.66528,12.849,1,0.567131,0.36288,0,98.4105,4.23665,93.9696,0.84672,12.849,0.84672,3695.15,0,18.483,0.110717,1.39177,1.77454,5.11409,1.05898,7.11069,0.42336,0,0,18.483,0.42336,442.007,0,1.02816,0,0,2.41993,1.39177,1.028160,1,0,101.881,0,0,0,101.881,0
64.2595,2.71095,0,0,4.22522,0.207528,0.36288,3.6288,61.308,0.367358,0,0,1.25309,0.227761,0.657966,0.66528,12.849,1,0.550149,0.36288,0,101.421,4.13185,97.1015,0.84672,12.849,0.84672,3695.15,0,18.483,0.11075,0.961062,1.77471,4.42835,1.03064,6.02272,0.42336,0,0,18.483,0.42336,442.007,0,1.02816,0,0,1.98922,0.961062,1.028160,1,0,103.782,0,0,0,103.782,0
64.9826,2.71794,0,0,4.06316,0.259218,0.36288,3.6288,61.308,0.367467,0,0,1.14766,0.201749,0.578444,0.66528,12.849,1,0.543466,0.36288,0,107.015,3.76551,103.069,0.84672,12.849,0.84672,3695.15,0,18.483,0.110783,0.928558,1.77487,5.87174,1.03632,7.42807,0.42336,0,0,18.483,0.42336,442.007,0,1.02816,0,0,1.95672,0.928558,1.028160,1,0,111.075,0,0,0,111.075,0
66.3907,2.37806,0,0,4.41636,0.267297,0.36288,3.6288,61.308,0.204137,0,0,0.980752,0.21565,0.560965,0.66528,12.849,1,0.470213,0.36288,0,103.021,3.79035,99.1231,0.84672,12.849,0.84672,3695.15,0,18.483,0.0615429,0.935686,1.77504,7.45805,0.969346,9.13788,0.42336,0,0,18.483,0.42336,442.007,0,1.02816,0,0,1.96385,0.935686,1.028160,1,0,108.822,0,0,0,108.822,0
68.2467,2.38664,0,0,4.88086,0.275299,0.36288,3.6288,61.308,0.204231,0,0,1.26191,0.226076,0.831599,0.66528,12.849,1,0.4619,0.36288,0,93.3846,3.80898,89.4766,0.84672,12.849,0.84672,3695.15,0,18.483,0.0615711,1.47184,1.53339,7.43389,0.919112,9.45843,0.42336,0,0,18.483,0.42336,442.007,0,1.02816,0,0,2.5,1.47184,1.028160,1,0,99.7666,0,0,0,99.7666,0
69.9051,2.39743,0,0,4.69806,0.279358,0.36288,3.6288,61.308,0.204325,0,0,1.17429,0.226076,0.743887,0.66528,12.849,1,0.451371,0.36288,0,95.294,3.80898,91.3965,0.84672,12.849,0.84672,3695.15,0,18.483,0.0615993,1.10196,1.53353,6.05026,0.919112,7.70505,0.42336,0,0,18.483,0.42336,442.007,0,1.02816,0,0,2.13012,1.10196,1.028160,1,0,99.8455,0,0,0,99.8455,0
71.5071,2.40671,0,0,4.65597,0.284445,0.36288,3.6288,61.308,0.204418,0,0,1.29092,0.225174,0.861327,0.66528,12.849,1,0.442368,0.36288,0,96.8311,3.91315,92.8384,0.84672,12.849,0.84672,3695.15,0,18.483,0.0616276,1.36051,1.53368,6.61351,0.924911,8.52115,0.42336,0,0,18.483,0.42336,442.007,0,1.02816,0,0,2.38867,1.36051,1.028160,1,0,102.221,0,0,0,102.221,0
72.29,2.41533,0,0,4.52357,0.291381,1.03392,3.6288,61.308,0.204512,0,0,1.19406,0.215129,0.774415,0.66528,12.849,1,0.434008,1.03392,0,114.54,3.93665,111.203,0.84672,12.849,0.84672,3695.15,0,18.483,0.0616558,1.41555,1.53382,7.9647,0.908011,9.9444,0.42336,0,0,18.483,0.42336,442.007,0,1.02816,0,0,2.44371,1.41555,1.028160,1,0,121.922,0,0,0,121.922,0
72.29,2.50796,0,0,5.4503,0.301829,2.64051,3.6288,61.308,0.244608,0,0,2.71044,0.162078,2.30375,0.66528,12.849,1,0.445771,2.64051,0,117.635,3.24419,116.586,0.84672,12.849,0.84672,3695.15,0,18.483,0.0737437,2.96369,1.53396,9.90818,0.760221,13.5719,0.42336,0,0,18.483,0.42336,442.007,0,1.02816,0,0,3.99185,2.96369,1.028160,1,0,132.462,0,0,0,132.462,0
72.29,2.50819,0,0,3.73213,0.301829,0.922111,3.6288,61.308,0.244705,0,0,2.38034,0.162078,1.97355,0.66528,12.849,1,0.445813,0.922111,0,95.3277,3.24419,92.5598,0.84672,12.849,0.84672,3695.15,0,18.483,0.0737731,2.52459,1.59384,6.56764,0.760221,9.85208,0.42336,0,0,18.483,0.42336,442.007,0,1.02816,0,0,3.55275,2.52459,1.028160,1,0,104.385,0,0,0,104.385,0
72.1218,2.50843,0,0,3.00493,0.301829,0.36288,3.6288,61.308,0.244802,0,0,1.97915,0.162078,1.57227,0.66528,12.849,1,0.445855,0.36288,0,66.1795,3.24419,62.8523,0.84672,12.849,0.84672,3695.15,0,18.483,0.0738025,1.90285,1.59399,5.21333,0.760221,7.87615,0.42336,0,0,18.483,0.42336,442.007,0,1.02816,0,0,2.93101,1.90285,1.028160,1,0,72.3007,0,0,0,72.3007,0
71.8331,2.50778,0,0,2.87824,0.296307,0.36288,3.6288,61.308,0.2449,0,0,1.88579,0.162748,1.47814,0.66528,12.849,1,0.446779,0.36288,0,64.9766,3.20313,61.6896,0.84672,12.849,0.84672,3695.15,0,18.483,0.0738318,2.12293,1.59414,4.46246,0.776349,7.32935,0.42336,0,0,18.483,0.42336,442.007,0,1.02816,0,0,3.15109,2.12293,1.028160,1,0,70.4971,0,0,0,70.4971,0
72.131,2.47195,0,0,3.36048,0.227684,0.36288,3.6288,61.308,0.229455,0,0,1.53516,0.200126,1.10557,0.66528,12.849,1,0.442165,0.36288,0,83.2499,4.26045,78.9101,0.84672,12.849,0.84672,3695.15,0,18.483,0.0691756,1.91917,1.59429,6.0414,1.03988,8.4458,0.42336,0,0,18.483,0.42336,442.007,0,1.02816,0,0,2.94733,1.91917,1.028160,1,0,88.4615,0,0,0,88.4615,0
71.9554,2.47373,0,0,2.88295,0.221982,0.36288,3.6288,61.308,0.229551,0,0,1.30023,0.205686,0.864988,0.66528,12.849,1,0.440657,0.36288,0,67.4309,4.47772,62.8754,0.84672,12.849,0.84672,3695.15,0,18.483,0.0692045,1.4181,1.57118,4.82636,1.06768,6.67876,0.42336,0,0,18.483,0.42336,442.007,0,1.02816,0,0,2.44626,1.4181,1.028160,1,0,70.4191,0,0,0,70.4191,0
71.4421,2.47305,0,0,2.54434,0.221686,0.36288,3.6288,61.308,0.229647,0,0,1.21667,0.205686,0.781335,0.66528,12.849,1,0.441611,0.36288,0,58.7739,4.47772,54.2175,0.84672,12.849,0.84672,3695.15,0,18.483,0.0692335,1.11218,1.57133,4.26489,1.06768,5.81149,0.42336,0,0,18.483,0.42336,442.007,0,1.02816,0,0,2.14034,1.11218,1.028160,1,0,60.8103,0,0,0,60.8103,0
70.6804,2.4706,0,0,2.29263,0.220821,0.36288,3.6288,61.308,0.229743,0,0,1.07825,0.205686,0.642817,0.66528,12.849,1,0.444342,0.36288,0,51.3053,4.47772,46.7461,0.84672,12.849,0.84672,3695.15,0,18.483,0.0692624,0.895277,1.57148,3.85138,1.06768,5.1812,0.42336,0,0,18.483,0.42336,442.007,0,1.02816,0,0,1.92344,0.895277,1.028160,1,0,52.5701,0,0,0,52.5701,0
69.7078,2.5838,0,0,2.14273,0.168645,0.36288,3.6288,61.308,0.284977,0,0,0.992693,0.189183,0.518533,0.66528,12.849,1,0.469708,0.36288,0,47.6704,4.10111,43.4625,0.84672,12.849,0.84672,3695.15,0,18.483,0.0859141,0.954409,1.57163,3.62327,1.0022,5.06119,0.42336,0,0,18.483,0.42336,442.007,0,1.02816,0,0,1.98257,0.954409,1.028160,1,0,49.0422,0,0,0,49.0422,0
68.6153,2.5785,0,0,1.98845,0.139575,0.36288,3.6288,61.308,0.285078,0,0,0.912557,0.220276,0.407203,0.66528,12.849,1,0.475287,0.36288,0,41.2717,4.69991,36.4594,0.84672,12.849,0.84672,3695.15,0,18.483,0.0859446,1.01089,1.65313,3.52762,1.19413,4.91157,0.42336,0,0,18.483,0.42336,442.007,0,1.02816,0,0,2.03905,1.01089,1.028160,1,0,41.7782,0,0,0,41.7782,0
67.4763,2.57237,0,0,1.93463,0.138395,0.36288,3.6288,61.308,0.285179,0,0,0.845294,0.220276,0.33984,0.66528,12.849,1,0.481706,0.36288,0,38.3712,4.69991,33.5525,0.84672,12.849,0.84672,3695.15,0,18.483,0.0859751,0.815348,1.65329,3.24896,1.19413,4.43749,0.42336,0,0,18.483,0.42336,442.007,0,1.02816,0,0,1.84351,0.815348,1.028160,1,0,38.3298,0,0,0,38.3298,0
66.1203,2.56578,0,0,1.69593,0.123294,0.36288,3.6288,61.308,0.28528,0,0,0.787484,0.229719,0.272485,0.66528,12.849,1,0.488583,0.36288,0,34.2826,4.807,29.3499,0.84672,12.849,0.84672,3695.15,0,18.483,0.0860057,0.690621,1.65344,3.15218,1.22149,4.18875,0.42336,0,0,18.483,0.42336,442.007,0,1.02816,0,0,1.71878,0.690621,1.028160,1,0,33.8111,0,0,0,33.8111,0
64.803,2.55763,0,0,1.6918,0.0885476,0.36288,3.6288,61.308,0.285382,0,0,0.810536,0.255243,0.269911,0.66528,12.849,1,0.497019,0.36288,0,34.2757,5.09224,29.0493,0.84672,12.849,0.84672,3695.15,0,18.483,0.0860362,0.675095,1.6536,3.00764,1.28314,3.96717,0.42336,0,0,18.483,0.42336,442.007,0,1.02816,0,0,1.70326,0.675095,1.028160,1,0,33.2863,0,0,0,33.2863,0
63.8705,2.52661,0,0,2.04977,0.0928194,0.36288,3.6288,61.308,0.315802,0,0,1.10616,0.266739,0.523622,0.66528,12.849,1,0.500971,0.36288,0,50.1846,5.19719,44.8493,0.84672,12.849,0.84672,3695.15,0,18.483,0.0952071,0.980528,1.65376,3.0646,1.24255,4.36113,0.42336,0,0,18.483,0.42336,442.007,0,1.02816,0,0,2.00869,0.980528,1.028160,1,0,49.734,0,0,0,49.734,0
62.9101,2.52076,0,0,2.01532,0.0921231,0.36288,3.6288,61.308,0.315906,0,0,1.11338,0.266739,0.53074,0.66528,12.849,1,0.507108,0.36288,0,47.4254,5.19719,42.084,0.84672,12.849,0.84672,3695.15,0,18.483,0.0952385,1.12238,1.67927,3.29711,1.24255,4.76098,0.42336,0,0,18.483,0.42336,442.007,0,1.02816,0,0,2.15054,1.12238,1.028160,1,0,47.3757,0,0,0,47.3757,0
61.8924,2.51457,0,0,1.95121,0.0914059,0.36288,3.6288,61.308,0.31601,0,0,1.05593,0.266739,0.47318,0.66528,12.849,1,0.513585,0.36288,0,44.5235,5.19719,39.1756,0.84672,12.849,0.84672,3695.15,0,18.483,0.0952699,1.11917,1.67943,3.34695,1.24255,4.80773,0.42336,0,0,18.483,0.42336,442.007,0,1.02816,0,0,2.14733,1.11917,1.028160,1,0,44.4565,0,0,0,44.4565,0
60.7002,2.50781,0,0,1.73834,0.059895,0.36288,3.6288,61.308,0.316114,0,0,1.02406,0.319805,0.388145,0.66528,12.849,1,0.520627,0.36288,0,42.2442,6.02508,36.0613,0.84672,12.849,0.84672,3695.15,0,18.483,0.0953013,0.906941,1.67959,3.25492,1.52494,4.22121,0.42336,0,0,18.483,0.42336,442.007,0,1.02816,0,0,1.9351,0.906941,1.028160,1,0,40.6707,0,0,0,40.6707,0
59.3511,2.55794,0,0,1.63588,0.064151,0.36288,3.6288,61.308,0.343249,0,0,0.956612,0.309904,0.30346,0.66528,12.849,1,0.541464,0.36288,0,40.5648,6.07691,34.3093,0.84672,12.849,0.84672,3695.15,0,18.483,0.103482,0.736076,1.67974,2.44484,1.47937,3.27781,0.42336,0,0,18.483,0.42336,442.007,0,1.02816,0,0,1.76424,0.736076,1.028160,1,0,37.8906,0,0,0,37.8906,0
57.8947,2.54806,0,0,1.51965,0.0650493,0.36288,3.6288,61.308,0.343356,0,0,0.803805,0.309158,0.151291,0.66528,12.849,1,0.551634,0.36288,0,38.2142,5.93491,32.0905,0.84672,12.849,0.84672,3695.15,0,18.483,0.103514,0.682439,1.72033,2.22346,1.40079,3.12193,0.42336,0,0,18.483,0.42336,442.007,0,1.02816,0,0,1.7106,0.682439,1.028160,1,0,35.3638,0,0,0,35.3638,0
56.3528,2.53695,0,0,1.42204,0.0641377,0.36288,3.6288,61.308,0.343462,0,0,0.744042,0.309158,0.0914215,0.66528,12.849,1,0.563043,0.36288,0,34.4977,5.93491,28.3626,0.84672,12.849,0.84672,3695.15,0,18.483,0.103546,0.609016,1.72049,1.98441,1.40079,2.80959,0.42336,0,0,18.483,0.42336,442.007,0,1.02816,0,0,1.63718,0.609016,1.028160,1,0,31.2636,0,0,0,31.2636,0
54.7076,2.52464,0,0,1.30549,0.0631725,0.36288,3.6288,61.308,0.343569,0,0,0.73586,0.309158,0.0831327,0.66528,12.849,1,0.575643,0.36288,0,31.5352,5.93491,25.3875,0.84672,12.849,0.84672,3695.15,0,18.483,0.103578,0.474561,1.72065,1.94082,1.40079,2.63167,0.42336,0,0,18.483,0.42336,442.007,0,1.02816,0,0,1.50272,0.474561,1.028160,1,0,28.1023,0,0,0,28.1023,0
53.2776,2.67855,0,0,1.65904,0.0475897,0.36288,3.6288,61.308,0.44128,0,0,0.883509,0.304864,0.137365,0.66528,12.849,1,0.629101,0.36288,0,33.1716,5.92643,26.9789,0.84672,12.849,0.84672,3695.15,0,18.483,0.133036,0.940689,1.72082,2.97861,1.46871,4.03837,0.42336,0,0,18.483,0.42336,442.007,0,1.02816,0,0,1.96885,0.940689,1.028160,1,0,31.1546,0,0,0,31.1546,0
51.799,2.66519,0,0,1.59176,0.0423181,0.36288,3.6288,61.2856,0.441396,0,0,0.699399,0.28039,0,0.66528,12.849,1,0.642766,0.36288,0,30.9799,5.34842,25.3516,0.84672,12.849,0.84672,3695.15,0,18.483,0.133071,0.42533,1.85793,2.18239,1.52298,2.80959,0.42336,0,0,18.483,0.42336,442.007,0,1.02816,0,0,1.45349,0.42533,1.028160,1,0,28.1612,0,0,0,28.1612,0
50.5109,2.65074,0,0,1.76509,0.0395357,0.36288,3.6288,61.308,0.441475,0,0,0.835142,0.27596,0.095321,0.66528,12.849,1,0.657529,0.36288,0,37.1419,5.38178,31.4655,0.84672,12.849,0.84672,3695.15,0,18.483,0.133143,0.765262,1.8581,2.18319,1.53395,3.13946,0.42336,0,0,18.483,0.42336,442.007,0,1.02816,0,0,1.79342,0.765262,1.028160,1,0,34.7003,0,0,0,34.7003,0
48.871,2.63762,0,0,1.39953,0.0390072,0.36288,3.6288,61.2172,0.441628,0,0,0.626848,0.275999,0,0.66528,12.849,1,0.67096,0.36288,0,40.7832,5.38178,35.0934,0.84672,12.849,0.84672,3695.15,0,18.483,0.133141,0.318781,1.85828,1.75294,1.53395,2.26291,0.42336,0,0,18.483,0.42336,442.007,0,1.02816,0,0,1.34694,0.318781,1.028160,1,0,37.3563,0,0,0,37.3563,0
47.5508,2.62004,0,0,1.70107,0.0383318,0.36288,3.6288,61.308,0.441592,0,0,1.00779,0.275841,0.199578,0.66528,12.849,1,0.688853,0.36288,0,35.5506,5.38178,29.8428,0.84672,12.849,0.84672,3695.15,0,18.483,0.133328,1.205,1.85845,2.52577,1.53395,3.92196,0.42336,0,0,18.483,0.42336,442.007,0,1.02816,0,0,2.23316,1.205,1.028160,1,0,33.9644,0,0,0,33.9644,0
46.1311,2.52574,0,0,1.49207,0.0231202,0.36288,3.6288,61.308,0.38259,0,0,1.06251,0.253451,0.426465,0.66528,12.849,1,0.682496,0.36288,0,31.2292,5.20548,25.7041,0.84672,12.849,0.84672,3695.15,0,18.483,0.115342,1.17837,1.85863,2.28347,1.46135,3.74377,0.42336,0,0,18.483,0.42336,442.007,0,1.02816,0,0,2.20653,1.17837,1.028160,1,0,29.8743,0,0,0,29.8743,0
43.9684,2.50955,0,0,0.732465,0.0227602,0.36288,3.6288,61.308,0.3827,0,0,0.651422,0.253451,0.0152712,0.66528,12.849,1,0.69899,0.36288,0,31.4639,5.20548,25.9223,0.84672,12.849,0.84672,3695.15,0,18.483,0.115376,0.304335,1.78028,1.30931,1.46135,1.81721,0.42336,0,0,18.483,0.42336,442.007,0,1.02816,0,0,1.3325,0.304335,1.028160,1,0,27.7547,0,0,0,27.7547,0
41.8534,2.48318,0,0,0.753328,0.0222119,0.36288,3.6288,61.2955,0.466716,0,0,0.707664,0.253451,0,0.66528,12.849,1,0.725665,0.36288,0,20.5191,5.20548,14.9509,0.84672,12.849,0.84672,3695.15,0,18.483,0.140705,0.216518,1.78045,1.06203,1.46135,1.45695,0.42336,0,0,18.483,0.42336,442.007,0,0.918959,0,0,1.13548,0.216518,1.028160,1,0,16.4078,0,0,0,16.4078,0
41.0355,2.45535,0,0,2.10502,0.104761,0.36288,3.6288,61.308,0.382903,0,0,1.31705,0.265027,0.656613,0.66528,12.849,1,0.753792,0.36288,0,33.4142,4.55379,28.4695,0.84672,12.849,0.84672,3695.15,0,18.483,0.11546,1.93367,1.78062,3.27547,1.31351,5.56078,0.42336,0,0,18.483,0.42336,442.007,0,1.02816,0,0,2.96183,1.93367,1.028160,1,0,34.6868,0,0,0,34.6868,0
39.1932,2.381,0,0,1.03354,0.131941,0.36288,3.6288,61.308,0.329061,0,0,0.675228,0.239168,0.106999,0.66528,12.849,1,0.745537,0.36288,0,39.1974,4.44616,34.3686,0.84672,12.849,0.84672,3695.15,0,18.483,0.0992046,0.246551,1.78079,1.58465,1.10841,2.40438,0.42336,0,0,18.483,0.42336,442.007,0,1.02816,0,0,1.27471,0.246551,1.028160,1,0,36.88,0,0,0,36.88,0
37.5572,2.35483,0,0,1.22748,0.145763,0.36288,3.6288,61.1649,0.377022,0,0,0.447444,0.213549,0,0.66528,12.849,1,0.772002,0.36288,0,35.1176,4.37147,30.337,0.84672,12.849,0.84672,3695.15,0,18.483,0.113664,0.216518,1.71115,1.83504,0.97041,2.67863,0.42336,0,0,18.483,0.42336,442.007,0,0.965877,0,0,1.1824,0.216518,1.028160,1,0,33.0157,0,0,0,33.0157,0
37.1324,2.32999,0,0,2.41105,0.14301,0.36288,3.6288,61.308,0.329093,0,0,0.779482,0.213355,0.0939065,0.66528,12.849,1,0.797133,0.36288,0,51.4116,4.37147,46.6059,0.84672,12.849,0.84672,3695.15,0,18.483,0.0994465,0.418651,1.71131,3.14498,0.97041,4.20508,0.42336,0,0,18.483,0.42336,442.007,0,1.02816,0,0,1.44681,0.418651,1.028160,1,0,50.9049,0,0,0,50.9049,0
37.1372,2.32344,0,0,2.83343,0.142295,0.36288,3.6288,61.308,0.329377,0,0,1.28669,0.213549,0.743769,0.66528,12.849,1,0.803984,0.36288,0,55.6563,4.37147,50.8437,0.84672,12.849,0.84672,3695.15,0,18.483,0.0992999,1.67479,1.71147,3.82217,0.97041,6.13872,0.42336,0,0,18.483,0.42336,442.007,0,1.02816,0,0,2.70295,1.67479,1.028160,1,0,57.7262,0,0,0,57.7262,0
36.2096,2.14873,0,0,1.75051,0.166456,0.36288,3.6288,61.308,0.217035,0,0,0.794019,0.206459,0.370525,0.66528,12.849,1,0.743433,0.36288,0,43.4348,4.15301,38.9013,0.84672,12.849,0.84672,3695.15,0,18.483,0.0654312,0.851083,1.71163,3.94283,0.994374,5.44574,0.42336,0,0,18.483,0.42336,442.007,0,1.02816,0,0,1.87924,0.851083,1.028160,1,0,44.7175,0,0,0,44.7175,0
34.5751,2.13487,0,0,1.04732,0.184073,0.36288,3.6288,61.308,0.21713,0,0,0.7041,0.221244,0.265726,0.66528,12.849,1,0.757561,0.36288,0,30.1702,4.0235,25.752,0.84672,12.849,0.84672,3695.15,0,18.483,0.0654598,1.91348,1.55458,3.66197,1.02163,6.04294,0.42336,0,0,18.483,0.42336,442.007,0,1.02816,0,0,2.94164,1.91348,1.028160,1,0,32.0607,0,0,0,32.0607,0
33.5512,2.10896,0,0,1.62965,0.181755,0.36288,3.6288,61.308,0.217225,0,0,0.677637,0.201599,0.258813,0.66528,12.849,1,0.783744,0.36288,0,49.0863,4.10477,44.5606,0.84672,12.849,0.84672,3695.15,0,18.483,0.0654884,1.60332,1.55473,3.74125,1.08988,5.74394,0.42336,0,0,18.483,0.42336,442.007,0,1.02816,0,0,2.63148,1.60332,1.028160,1,0,50.5634,0,0,0,50.5634,0
32.7109,2.09186,0,0,1.7939,0.179486,0.36288,3.6288,61.308,0.217319,0,0,0.680455,0.201599,0.261537,0.66528,12.849,1,0.801115,0.36288,0,54.0079,4.10477,49.4649,0.84672,12.849,0.84672,3695.15,0,18.483,0.065517,0.667613,1.55487,3.03396,1.08988,4.10105,0.42336,0,0,18.483,0.42336,442.007,0,1.02816,0,0,1.69577,0.667613,1.028160,1,0,53.8275,0,0,0,53.8275,0
32.0186,2.07728,0,0,1.92555,0.177623,0.36288,3.6288,61.308,0.217414,0,0,1.68109,0.201599,1.26208,0.66528,12.849,1,0.815968,0.36288,0,57.9213,4.10477,53.3634,0.84672,12.849,0.84672,3695.15,0,18.483,0.0655456,1.53504,1.55502,4.19138,1.08988,6.12602,0.42336,0,0,18.483,0.42336,442.007,0,1.02816,0,0,2.5632,1.53504,1.028160,1,0,60.7515,0,0,0,60.7515,0
36.9367,2.13744,0,0,7.60144,0.18305,0.36288,3.6288,61.308,0.250083,0,0,5.86037,0.219164,5.39113,0.66528,12.849,1,0.84672,0.36288,0,171.354,4.07101,166.799,0.84672,12.849,0.84672,3695.15,0,18.483,0.0753946,3.50617,1.55517,12.988,1.1436,16.8304,0.42336,0,0,18.483,0.42336,442.007,0,1.02816,0,0,4.53433,3.50617,1.028160,1,0,189.021,0,0,0,189.021,0
39.4136,2.21419,0,0,5.24956,0.195612,0.36288,3.6288,61.308,0.250175,0,0,2.76369,0.222091,2.29142,0.66528,12.849,1,0.770239,0.36288,0,140.702,4.06539,136.229,0.84672,12.849,0.84672,3695.15,0,18.483,0.0754221,2.75256,1.60505,10.7265,1.15256,13.8561,0.42336,0,0,18.483,0.42336,442.007,0,1.02816,0,0,3.78072,2.75256,1.028160,1,0,152.376,0,0,0,152.376,0
41.2118,2.25089,0,0,4.61339,0.201355,0.36288,3.6288,61.308,0.250266,0,0,2.44451,0.222091,1.97215,0.66528,12.849,1,0.7338,0.36288,0,115.257,4.06539,110.82,0.84672,12.849,0.84672,3695.15,0,18.483,0.0754496,2.50643,1.60519,9.48205,1.15256,12.3657,0.42336,0,0,18.483,0.42336,442.007,0,1.02816,0,0,3.53459,2.50643,1.028160,1,0,125.158,0,0,0,125.158,0
42.2801,2.2755,0,0,3.91234,0.205672,0.36288,3.6288,61.308,0.250357,0,0,1.64576,0.222091,1.17332,0.66528,12.849,1,0.709453,0.36288,0,90.8306,4.06539,86.4186,0.84672,12.849,0.84672,3695.15,0,18.483,0.0754772,1.72763,1.60533,9.44404,1.15256,11.549,0.42336,0,0,18.483,0.42336,442.007,0,1.02816,0,0,2.75579,1.72763,1.028160,1,0,99.1409,0,0,0,99.1409,0
44.174,2.51275,0,0,5.01286,0.243298,0.36288,3.6288,61.308,0.372783,0,0,2.96187,0.22574,2.36335,0.66528,12.849,1,0.76363,0.36288,0,118.323,4.61597,113.306,0.84672,12.849,0.84672,3695.15,0,18.483,0.112386,2.42997,1.60548,10.0242,1.39676,12.5505,0.42336,0,0,18.483,0.42336,442.007,0,1.02816,0,0,3.45813,2.42997,1.028160,1,0,128.22,0,0,0,128.22,0
45.9513,2.53834,0,0,4.92698,0.248487,0.36288,3.6288,61.308,0.372885,0,0,3.55973,0.247265,2.93958,0.66528,12.849,1,0.738332,0.36288,0,99.7566,5.17283,94.2083,0.84672,12.849,0.84672,3695.15,0,18.483,0.112416,2.45811,1.78319,9.42114,1.41331,12.1367,0.42336,0,0,18.483,0.42336,442.007,0,1.02816,0,0,3.48627,2.45811,1.028160,1,0,109.285,0,0,0,109.285,0
48.4893,2.56088,0,0,5.71526,0.253516,0.36288,3.6288,61.308,0.372987,0,0,3.21267,0.247265,2.59242,0.66528,12.849,1,0.716078,0.36288,0,146.906,5.17283,141.38,0.84672,12.849,0.84672,3695.15,0,18.483,0.112447,2.19686,1.78335,12.8001,1.41331,15.2545,0.42336,0,0,18.483,0.42336,442.007,0,1.02816,0,0,3.22502,2.19686,1.028160,1,0,159.227,0,0,0,159.227,0
49.1477,2.59074,0,0,3.8502,0.238165,0.36288,3.6288,61.308,0.373089,0,0,2.73364,0.206192,2.15436,0.66528,12.849,1,0.68651,0.36288,0,116.018,4.2438,111.45,0.84672,12.849,0.84672,3695.15,0,18.483,0.112478,2.11762,1.7835,7.50747,1.13936,10.1568,0.42336,0,0,18.483,0.42336,442.007,0,1.02816,0,0,3.14578,2.11762,1.028160,1,0,123.762,0,0,0,123.762,0
50.9088,2.26891,0,0,4.64047,0.247585,0.36288,3.6288,61.308,0.20896,0,0,2.75787,0.201897,2.34701,0.66528,12.849,1,0.593175,0.36288,0,100.382,4.19979,95.952,0.84672,12.849,0.84672,3695.15,0,18.483,0.0629967,2.63841,1.78366,19.825,1.06662,23.1175,0.42336,0,0,18.483,0.42336,442.007,0,1.02816,0,0,3.66657,2.63841,1.028160,1,0,121.417,0,0,0,121.417,0
52.4595,2.2855,0,0,4.45637,0.257345,0.36288,3.6288,61.308,0.209047,0,0,2.51349,0.245834,2.05861,0.66528,12.849,1,0.576842,0.36288,0,104.154,4.6956,99.2448,0.84672,12.849,0.84672,3695.15,0,18.483,0.0630232,2.65976,1.54082,12.332,1.08795,15.3817,0.42336,0,0,18.483,0.42336,442.007,0,1.02816,0,0,3.68792,2.65976,1.028160,1,0,116.685,0,0,0,116.685,0
54.1257,2.29939,0,0,4.5897,0.261182,0.36288,3.6288,61.308,0.209135,0,0,2.83065,0.198815,2.4227,0.66528,12.849,1,0.563195,0.36288,0,107.181,4.30059,102.68,0.84672,12.849,0.84672,3695.15,0,18.483,0.0630496,2.96793,1.54096,13.4261,0.89733,16.9746,0.42336,0,0,18.483,0.42336,442.007,0,1.02816,0,0,3.99609,2.96793,1.028160,1,0,122.077,0,0,0,122.077,0
55.3007,2.31361,0,0,4.11712,0.26561,0.36288,3.6288,61.308,0.209223,0,0,2.33497,0.190978,1.93477,0.66528,12.849,1,0.549232,0.36288,0,95.2318,4.23475,90.8107,0.84672,12.849,0.84672,3695.15,0,18.483,0.063076,2.18284,1.5411,11.501,0.86556,14.2964,0.42336,0,0,18.483,0.42336,442.007,0,1.02816,0,0,3.211,2.18284,1.028160,1,0,107.042,0,0,0,107.042,0
56.923,2.32328,0,0,4.5772,0.268772,0.36288,3.6288,61.308,0.209311,0,0,2.37081,0.190978,1.97052,0.66528,12.849,1,0.539809,0.36288,0,107.044,4.23475,102.632,0.84672,12.849,0.84672,3695.15,0,18.483,0.0631025,2.09078,1.54123,11.6888,0.86556,14.3922,0.42336,0,0,18.483,0.42336,442.007,0,1.02816,0,0,3.11894,2.09078,1.028160,1,0,118.995,0,0,0,118.995,0
58.6925,2.42139,0,0,4.79007,0.23634,0.36288,3.6288,61.308,0.249593,0,0,2.44193,0.221224,1.97111,0.66528,12.849,1,0.546571,0.36288,0,111.088,5.16621,105.738,0.84672,12.849,0.84672,3695.15,0,18.483,0.0752468,2.36124,1.54137,11.2759,1.01706,14.0862,0.42336,0,0,18.483,0.42336,442.007,0,1.02816,0,0,3.3894,2.36124,1.028160,1,0,121.795,0,0,0,121.795,0
59.4043,2.43512,0,0,3.7503,0.240461,0.36288,3.6288,61.308,0.249684,0,0,1.87186,0.221224,1.40096,0.66528,12.849,1,0.533099,0.36288,0,90.0979,5.16621,84.7615,0.84672,12.849,0.84672,3695.15,0,18.483,0.0752743,1.91794,1.60152,8.55792,1.01706,10.9851,0.42336,0,0,18.483,0.42336,442.007,0,1.02816,0,0,2.9461,1.91794,1.028160,1,0,97.1475,0,0,0,97.1475,0
61.5875,2.44059,0,0,5.2288,0.242119,0.36288,3.6288,61.308,0.249776,0,0,2.69774,0.221224,2.22674,0.66528,12.849,1,0.527894,0.36288,0,121.383,5.16621,116.052,0.84672,12.849,0.84672,3695.15,0,18.483,0.0753018,3.12738,1.60166,13.79,1.01706,17.4266,0.42336,0,0,18.483,0.42336,442.007,0,1.02816,0,0,4.15554,3.12738,1.028160,1,0,135.706,0,0,0,135.706,0
63.6893,2.45629,0,0,5.13349,0.212536,0.36288,3.6288,61.308,0.249867,0,0,2.71125,0.241547,2.21984,0.66528,12.849,1,0.512456,0.36288,0,128.257,5.30573,122.802,0.84672,12.849,0.84672,3695.15,0,18.483,0.0753293,3.54684,1.60181,13.052,1.06791,17.0574,0.42336,0,0,18.483,0.42336,442.007,0,1.02816,0,0,4.575,3.54684,1.028160,1,0,142.079,0,0,0,142.079,0
64.1851,2.43653,0,0,3.51218,0.216983,0.36288,3.6288,61.308,0.234342,0,0,1.80292,0.251818,1.31676,0.66528,12.849,1,0.491557,0.36288,0,88.4226,4.6603,83.6336,0.84672,12.849,0.84672,3695.15,0,18.483,0.0706488,1.90541,1.60195,7.94007,1.10257,10.2742,0.42336,0,0,18.483,0.42336,442.007,0,1.02816,0,0,2.93357,1.90541,1.028160,1,0,95.2246,0,0,0,95.2246,0
64.2625,2.43991,0,0,3.08858,0.208393,0.36288,3.6288,61.308,0.234431,0,0,1.66781,0.260435,1.17295,0.66528,12.849,1,0.488437,0.36288,0,70.8601,4.7188,66.0157,0.84672,12.849,0.84672,3695.15,0,18.483,0.0706759,1.59932,1.57871,6.60312,1.12264,8.58784,0.42336,0,0,18.483,0.42336,442.007,0,1.02816,0,0,2.62748,1.59932,1.028160,1,0,75.7765,0,0,0,75.7765,0
64.0752,2.44061,0,0,2.81666,0.200408,0.36288,3.6288,61.308,0.234521,0,0,1.50473,0.249057,1.02116,0.66528,12.849,1,0.487989,0.36288,0,63.6517,4.48288,59.0438,0.84672,12.849,0.84672,3695.15,0,18.483,0.070703,1.39015,1.57885,6.09072,1.06281,7.92622,0.42336,0,0,18.483,0.42336,442.007,0,1.02816,0,0,2.41831,1.39015,1.028160,1,0,67.9911,0,0,0,67.9911,0
63.7118,2.43964,0,0,2.61897,0.179847,0.36288,3.6288,61.308,0.234611,0,0,1.42811,0.220613,0.97289,0.66528,12.849,1,0.48922,0.36288,0,60.4873,3.89308,56.4679,0.84672,12.849,0.84672,3695.15,0,18.483,0.0707301,1.38461,1.57899,5.61734,0.913216,7.597,0.42336,0,0,18.483,0.42336,442.007,0,1.02816,0,0,2.41277,1.38461,1.028160,1,0,65.0378,0,0,0,65.0378,0
63.3691,2.55316,0,0,2.74073,0.167408,0.36288,3.6288,61.308,0.290102,0,0,1.54579,0.232678,1.02301,0.66528,12.849,1,0.514905,0.36288,0,65.2631,4.08388,61.0272,0.84672,12.849,0.84672,3695.15,0,18.483,0.0874593,1.80349,1.57913,6.44632,0.966858,8.77462,0.42336,0,0,18.483,0.42336,442.007,0,1.02816,0,0,2.83165,1.80349,1.028160,1,0,70.8248,0,0,0,70.8248,0
63.0089,2.55107,0,0,2.69095,0.13725,0.36288,3.6288,61.308,0.290197,0,0,1.45871,0.26284,0.905672,0.66528,12.849,1,0.517265,0.36288,0,73.6292,4.56089,68.9139,0.84672,12.849,0.84672,3695.15,0,18.483,0.0874878,1.68514,1.66101,6.3009,1.10096,8.4586,0.42336,0,0,18.483,0.42336,442.007,0,1.02816,0,0,2.7133,1.68514,1.028160,1,0,78.2782,0,0,0,78.2782,0
62.2676,2.54883,0,0,2.30727,0.136848,0.36288,3.6288,61.308,0.290292,0,0,1.51122,0.26284,0.958091,0.66528,12.849,1,0.519767,0.36288,0,46.4737,4.56089,41.7559,0.84672,12.849,0.84672,3695.15,0,18.483,0.0875164,1.70633,1.66116,5.97948,1.10096,8.15849,0.42336,0,0,18.483,0.42336,442.007,0,1.02816,0,0,2.73449,1.70633,1.028160,1,0,50.8725,0,0,0,50.8725,0
61.5791,2.54393,0,0,2.35437,0.13602,0.36288,3.6288,61.308,0.290386,0,0,1.44719,0.26284,0.893965,0.66528,12.849,1,0.524943,0.36288,0,46.5081,4.56089,41.7851,0.84672,12.849,0.84672,3695.15,0,18.483,0.087545,0.923495,1.66131,5.2169,1.10096,6.6132,0.42336,0,0,18.483,0.42336,442.007,0,1.02816,0,0,1.95166,0.923495,1.028160,1,0,49.2923,0,0,0,49.2923,0
60.5455,2.53929,0,0,1.99685,0.128325,0.36288,3.6288,61.308,0.290481,0,0,1.16885,0.263298,0.615075,0.66528,12.849,1,0.529845,0.36288,0,47.2115,4.63392,42.4106,0.84672,12.849,0.84672,3695.15,0,18.483,0.0875736,0.811503,1.66145,4.99569,1.12846,6.25261,0.42336,0,0,18.483,0.42336,442.007,0,1.02816,0,0,1.83966,0.811503,1.028160,1,0,49.2783,0,0,0,49.2783,0
59.9869,2.50938,0,0,2.41521,0.101535,0.36288,3.6288,61.308,0.321038,0,0,1.33351,0.207705,0.804763,0.66528,12.849,1,0.532541,0.36288,0,44.363,4.58892,39.6044,0.84672,12.849,0.84672,3695.15,0,18.483,0.0967859,2.13269,1.6616,7.59318,1.00149,10.2892,0.42336,0,0,18.483,0.42336,442.007,0,1.02816,0,0,3.16085,2.13269,1.028160,1,0,50.6984,0,0,0,50.6984,0
59.1942,2.50551,0,0,2.1767,0.101023,0.36288,3.6288,61.308,0.321136,0,0,1.24179,0.207705,0.712952,0.66528,12.849,1,0.536673,0.36288,0,41.118,4.58892,36.3553,0.84672,12.849,0.84672,3695.15,0,18.483,0.0968154,1.7302,1.68722,7.22961,1.00149,9.54873,0.42336,0,0,18.483,0.42336,442.007,0,1.02816,0,0,2.75836,1.7302,1.028160,1,0,46.617,0,0,0,46.617,0
58.3341,2.49983,0,0,2.08147,0.078851,0.36288,3.6288,61.308,0.321234,0,0,1.17399,0.26255,0.590202,0.66528,12.849,1,0.542626,0.36288,0,37.0702,5.29467,31.5958,0.84672,12.849,0.84672,3695.15,0,18.483,0.0968448,1.69532,1.68737,6.86906,1.2591,8.8958,0.42336,0,0,18.483,0.42336,442.007,0,1.02816,0,0,2.72348,1.69532,1.028160,1,0,41.0818,0,0,0,41.0818,0
57.2633,2.49349,0,0,1.85531,0.0697058,0.36288,3.6288,61.308,0.321331,0,0,1.10046,0.284489,0.49464,0.66528,12.849,1,0.54923,0.36288,0,33.6786,5.57697,27.9153,0.84672,12.849,0.84672,3695.15,0,18.483,0.0968742,1.64196,1.68752,6.64468,1.36215,8.51514,0.42336,0,0,18.483,0.42336,442.007,0,1.02816,0,0,2.67012,1.64196,1.028160,1,0,36.9251,0,0,0,36.9251,0
56.1904,2.54332,0,0,1.90341,0.0701785,0.36288,3.6288,61.308,0.348587,0,0,1.09415,0.286888,0.458677,0.66528,12.849,1,0.570682,0.36288,0,34.5377,5.67705,28.6529,0.84672,12.849,0.84672,3695.15,0,18.483,0.105091,1.68686,1.68767,6.56873,1.37774,8.46043,0.42336,0,0,18.483,0.42336,442.007,0,1.02816,0,0,2.71502,1.68686,1.028160,1,0,37.572,0,0,0,37.572,0
55.2266,2.53468,0,0,2.00412,0.0703281,0.36288,3.6288,61.308,0.348687,0,0,1.1411,0.288688,0.503728,0.66528,12.849,1,0.579602,0.36288,0,33.556,5.75211,27.5872,0.84672,12.849,0.84672,3695.15,0,18.483,0.105121,1.86431,1.72843,6.6496,1.38943,8.7478,0.42336,0,0,18.483,0.42336,442.007,0,1.02816,0,0,2.89247,1.86431,1.028160,1,0,36.8387,0,0,0,36.8387,0
54.0701,2.52669,0,0,1.80268,0.0696554,0.36288,3.6288,61.308,0.348787,0,0,1.07033,0.288688,0.432857,0.66528,12.849,1,0.587859,0.36288,0,31.6248,5.75211,25.6477,0.84672,12.849,0.84672,3695.15,0,18.483,0.105151,1.7719,1.72858,6.78836,1.38943,8.79427,0.42336,0,0,18.483,0.42336,442.007,0,1.02816,0,0,2.80006,1.7719,1.028160,1,0,34.8749,0,0,0,34.8749,0
52.7621,2.51675,0,0,1.64052,0.0688481,0.36288,3.6288,61.308,0.348887,0,0,1.02681,0.288688,0.389238,0.66528,12.849,1,0.598071,0.36288,0,29.7038,5.75211,23.7165,0.84672,12.849,0.84672,3695.15,0,18.483,0.105182,1.5074,1.72874,6.31091,1.38943,8.05244,0.42336,0,0,18.483,0.42336,442.007,0,1.02816,0,0,2.53556,1.5074,1.028160,1,0,32.1582,0,0,0,32.1582,0
51.0726,2.67235,0,0,1.40484,0.0590878,0.36288,3.6288,61.308,0.447048,0,0,0.997998,0.296963,0.253986,0.66528,12.849,1,0.65079,0.36288,0,27.3868,6.03342,21.0655,0.84672,12.849,0.84672,3695.15,0,18.483,0.134775,1.4161,1.72889,6.19193,1.44085,7.7613,0.42336,0,0,18.483,0.42336,442.007,0,1.02816,0,0,2.44426,1.4161,1.028160,1,0,29.0808,0,0,0,29.0808,0
49.0414,2.65538,0,0,1.07825,0.0912298,0.36288,3.6288,61.308,0.447157,0,0,0.796332,0.292228,0.0569467,0.66528,12.849,1,0.668049,0.36288,0,21.1995,6.15101,14.7434,0.84672,12.849,0.84672,3695.15,0,18.483,0.134808,0.980795,1.86663,4.71303,1.43564,5.99001,0.42336,0,0,18.483,0.42336,442.007,0,1.02816,0,0,2.00896,0.980795,1.028160,1,0,20.7903,0,0,0,20.7903,0
46.9754,2.63369,0,0,1.01985,0.089288,0.36288,3.6288,61.3009,0.447265,0,0,0.732421,0.292228,0,0.66528,12.849,1,0.690035,0.36288,0,19.0521,6.15101,12.5739,0.84672,12.849,0.84672,3695.15,0,18.483,0.134841,0.855343,1.86679,4.65955,1.43564,5.8112,0.42336,0,0,18.483,0.42336,442.007,0,1.02816,0,0,1.8835,0.855343,1.028160,1,0,18.3851,0,0,0,18.3851,0
45.3234,2.61009,0,0,1.40835,0.0872976,0.36288,3.6288,61.308,0.447362,0,0,0.811132,0.292215,0.0644827,0.66528,12.849,1,0.713928,0.36288,0,20.4361,6.15101,13.9341,0.84672,12.849,0.84672,3695.15,0,18.483,0.134885,1.10933,1.86696,5.19435,1.43564,6.60011,0.42336,0,0,18.483,0.42336,442.007,0,1.02816,0,0,2.13749,1.10933,1.028160,1,0,20.5986,0,0,0,20.5986,0
44.3134,2.59004,0,0,2.05046,0.107576,0.36288,3.6288,61.308,0.447483,0,0,1.07971,0.284857,0.347375,0.66528,12.849,1,0.734266,0.36288,0,34.1017,6.01108,27.7193,0.84672,12.849,0.84672,3695.15,0,18.483,0.134906,1.37662,1.86712,5.7765,1.41328,7.47205,0.42336,0,0,18.483,0.42336,442.007,0,1.02816,0,0,2.40478,1.37662,1.028160,1,0,35.5387,0,0,0,35.5387,0
43.1071,2.49866,0,0,1.75217,0.0969066,0.36288,3.6288,61.308,0.388046,0,0,1.08634,0.27604,0.422256,0.66528,12.849,1,0.724505,0.36288,0,30.2645,5.77143,24.1315,0.84672,12.849,0.84672,3695.15,0,18.483,0.116987,1.08765,1.86729,7.54214,1.50121,8.87888,0.42336,0,0,18.483,0.42336,442.007,0,1.02816,0,0,2.11581,1.08765,1.028160,1,0,33.4326,0,0,0,33.4326,0
41.6109,2.48326,0,0,1.4452,0.0952496,0.36288,3.6288,61.308,0.388149,0,0,1.05214,0.275683,0.388303,0.66528,12.849,1,0.740188,0.36288,0,41.3971,5.69824,35.3215,0.84672,12.849,0.84672,3695.15,0,18.483,0.117018,1.26457,1.78857,7.07689,1.51699,8.49602,0.42336,0,0,18.483,0.42336,442.007,0,1.02816,0,0,2.29273,1.26457,1.028160,1,0,44.2059,0,0,0,44.2059,0
39.5496,2.46314,0,0,0.858306,0.0936068,0.36288,3.6288,61.308,0.388253,0,0,0.718908,0.275683,0.0549725,0.66528,12.849,1,0.76059,0.36288,0,28.7794,5.69824,22.6835,0.84672,12.849,0.84672,3695.15,0,18.483,0.11705,0.316665,1.78872,4.60026,1.51699,5.0716,0.42336,0,0,18.483,0.42336,442.007,0,1.02816,0,0,1.34482,0.316665,1.028160,1,0,27.81,0,0,0,27.81,0
37.8156,2.43343,0,0,1.18526,0.122924,0.36288,3.6288,61.308,0.388356,0,0,0.986386,0.275923,0.322107,0.66528,12.849,1,0.790581,0.36288,0,30.2904,5.42353,24.4391,0.84672,12.849,0.84672,3695.15,0,18.483,0.117081,0.523662,1.78888,6.17468,1.4657,6.90444,0.42336,0,0,18.483,0.42336,442.007,0,1.02816,0,0,1.55182,0.523662,1.028160,1,0,31.6657,0,0,0,31.6657,0
38.6347,2.34442,0,0,3.68838,0.162042,0.36288,3.6288,61.308,0.334239,0,0,1.74096,0.259149,1.14757,0.66528,12.849,1,0.796587,0.36288,0,42.5895,4.38085,37.7749,0.84672,12.849,0.84672,3695.15,0,18.483,0.100766,3.19739,1.78904,15.6256,1.21967,19.2916,0.42336,0,0,18.483,0.42336,442.007,0,1.02816,0,0,4.22555,3.19739,1.028160,1,0,58.2141,0,0,0,58.2141,0
39.8447,2.3573,0,0,4.07762,0.147407,0.36288,3.6288,61.308,0.334338,0,0,2.17185,0.210603,1.6269,0.66528,12.849,1,0.783983,0.36288,0,82.3963,3.50396,78.4713,0.84672,12.849,0.84672,3695.15,0,18.483,0.100795,4.01425,1.71907,14.1197,1.0485,18.7037,0.42336,0,0,18.483,0.42336,442.007,0,1.02816,0,0,5.04241,4.01425,1.028160,1,0,98.8018,0,0,0,98.8018,0
39.9679,2.37551,0,0,3.01106,0.149482,0.36288,3.6288,61.308,0.334437,0,0,2.00317,0.210603,1.45813,0.66528,12.849,1,0.766047,0.36288,0,75.2694,3.50396,71.3623,0.84672,12.849,0.84672,3695.15,0,18.483,0.100825,2.27153,1.71922,12.6287,1.0485,15.4701,0.42336,0,0,18.483,0.42336,442.007,0,1.02816,0,0,3.29969,2.27153,1.028160,1,0,88.2905,0,0,0,88.2905,0
41.2421,2.3775,0,0,4.1643,0.149703,0.36288,3.6288,61.308,0.334535,0,0,1.97264,0.210603,1.4275,0.66528,12.849,1,0.764327,0.36288,0,74.4343,3.50396,70.5289,0.84672,12.849,0.84672,3695.15,0,18.483,0.100855,3.35271,1.71937,14.0593,1.0485,17.982,0.42336,0,0,18.483,0.42336,442.007,0,1.02816,0,0,4.38087,3.35271,1.028160,1,0,89.9384,0,0,0,89.9384,0
41.7466,2.2153,0,0,3.24274,0.160073,0.36288,3.6288,61.308,0.221669,0,0,1.24443,0.213265,0.809494,0.66528,12.849,1,0.690176,0.36288,0,73.1264,3.56916,69.2299,0.84672,12.849,0.84672,3695.15,0,18.483,0.0668282,1.73003,1.71952,11.4223,1.0535,13.7515,0.42336,0,0,18.483,0.42336,442.007,0,1.02816,0,0,2.75819,1.73003,1.028160,1,0,83.7909,0,0,0,83.7909,0
43.7021,2.22187,0,0,4.75013,0.209845,0.36288,3.6288,61.308,0.221758,0,0,2.20395,0.229236,1.75296,0.66528,12.849,1,0.683859,0.36288,0,83.7066,3.96039,79.4252,0.84672,12.849,0.84672,3695.15,0,18.483,0.066855,2.84466,1.56173,17.5778,1.08352,20.8338,0.42336,0,0,18.483,0.42336,442.007,0,1.02816,0,0,3.87282,2.84466,1.028160,1,0,102.012,0,0,0,102.012,0
45.783,2.24571,0,0,4.90407,0.214651,0.36288,3.6288,61.308,0.221847,0,0,2.32673,0.229236,1.87564,0.66528,12.849,1,0.660269,0.36288,0,93.6559,3.96039,89.3981,0.84672,12.849,0.84672,3695.15,0,18.483,0.0668818,3.12218,1.56187,22.2283,1.08352,25.762,0.42336,0,0,18.483,0.42336,442.007,0,1.02816,0,0,4.15034,3.12218,1.028160,1,0,117.036,0,0,0,117.036,0
47.6482,2.26934,0,0,4.71876,0.221268,0.36288,3.6288,61.308,0.221935,0,0,2.06912,0.221671,1.62551,0.66528,12.849,1,0.636892,0.36288,0,180.387,3.87789,176.235,0.84672,12.849,0.84672,3695.15,0,18.483,0.0669086,2.62628,1.56201,13.9636,1.06115,17.0239,0.42336,0,0,18.483,0.42336,442.007,0,1.02816,0,0,3.65444,2.62628,1.028160,1,0,194.884,0,0,0,194.884,0
49.0217,2.28918,0,0,4.253,0.227441,0.36288,3.6288,61.308,0.222024,0,0,1.77504,0.19025,1.36276,0.66528,12.849,1,0.617309,0.36288,0,146.274,3.44949,142.57,0.84672,12.849,0.84672,3695.15,0,18.483,0.0669354,1.91514,1.56215,11.2361,1.01655,13.6299,0.42336,0,0,18.483,0.42336,442.007,0,1.02816,0,0,2.9433,1.91514,1.028160,1,0,157.563,0,0,0,157.563,0
50.8737,2.37523,0,0,4.83985,0.249747,0.36288,3.6288,61.308,0.254836,0,0,1.43332,0.243444,0.935035,0.66528,12.849,1,0.622568,0.36288,0,93.0684,4.25567,88.553,0.84672,12.849,0.84672,3695.15,0,18.483,0.0768275,1.84026,1.56228,12.0033,1.19347,14.1355,0.42336,0,0,18.483,0.42336,442.007,0,1.02816,0,0,2.86842,1.84026,1.028160,1,0,103.624,0,0,0,103.624,0
51.8433,2.39352,0,0,3.99076,0.264782,0.36288,3.6288,61.308,0.254922,0,0,1.02462,0.260531,0.509165,0.66528,12.849,1,0.604524,0.36288,0,96.4138,4.55815,91.614,0.84672,12.849,0.84672,3695.15,0,18.483,0.0768532,1.14719,1.61239,9.31262,1.23736,10.758,0.42336,0,0,18.483,0.42336,442.007,0,1.02816,0,0,2.17535,1.14719,1.028160,1,0,102.881,0,0,0,102.881,0
52.4326,2.40278,0,0,3.62961,0.274616,0.36288,3.6288,61.308,0.255007,0,0,0.873824,0.250004,0.368812,0.66528,12.849,1,0.595512,0.36288,0,65.6554,3.98269,61.44,0.84672,12.849,0.84672,3695.15,0,18.483,0.0768789,0.778023,1.61252,6.54878,1.08244,7.78001,0.42336,0,0,18.483,0.42336,442.007,0,1.02816,0,0,1.80618,0.778023,1.028160,1,0,69.5888,0,0,0,69.5888,0
52.1148,2.40835,0,0,2.72672,0.273334,0.36288,3.6288,61.308,0.255092,0,0,0.95218,0.184098,0.51299,0.66528,12.849,1,0.590184,0.36288,0,56.7761,3.22767,53.3211,0.84672,12.849,0.84672,3695.15,0,18.483,0.0769046,0.716152,1.61265,5.27118,1.06971,6.45336,0.42336,0,0,18.483,0.42336,442.007,0,1.02816,0,0,1.74431,0.716152,1.028160,1,0,60.2875,0,0,0,60.2875,0
52.8551,2.6403,0,0,4.01566,0.27218,0.36288,3.6288,61.308,0.378067,0,0,1.08766,0.198251,0.511337,0.66528,12.849,1,0.650972,0.36288,0,73.5714,3.45758,69.8257,0.84672,12.849,0.84672,3695.15,0,18.483,0.113979,1.52054,1.61278,9.80441,1.09094,11.7328,0.42336,0,0,18.483,0.42336,442.007,0,1.02816,0,0,2.5487,1.52054,1.028160,1,0,82.0699,0,0,0,82.0699,0
53.363,2.64785,0,0,3.77751,0.258866,0.36288,3.6288,61.308,0.378163,0,0,0.893307,0.211786,0.303358,0.66528,12.849,1,0.643689,0.36288,0,54.7758,3.87293,50.6221,0.84672,12.849,0.84672,3695.15,0,18.483,0.114008,2.67389,1.7913,7.01568,1.08836,10.2785,0.42336,0,0,18.483,0.42336,442.007,0,1.02816,0,0,3.70205,2.67389,1.028160,1,0,61.2039,0,0,0,61.2039,0
53.1368,2.65301,0,0,3.04988,0.260215,0.36288,3.6288,61.308,0.378258,0,0,0.849684,0.211786,0.259639,0.66528,12.849,1,0.638804,0.36288,0,44.9665,3.87293,40.8177,0.84672,12.849,0.84672,3695.15,0,18.483,0.114036,1.30889,1.79144,5.56514,1.08836,7.46308,0.42336,0,0,18.483,0.42336,442.007,0,1.02816,0,0,2.33705,1.30889,1.028160,1,0,48.5404,0,0,0,48.5404,0
54.9972,2.65103,0,0,5.13397,0.259614,0.36288,3.6288,61.308,0.378353,0,0,1.14733,0.211786,0.557192,0.66528,12.849,1,0.641046,0.36288,0,93.4055,3.87293,89.2544,0.84672,12.849,0.84672,3695.15,0,18.483,0.114065,1.82317,1.79159,15.2438,1.08836,17.6562,0.42336,0,0,18.483,0.42336,442.007,0,1.02816,0,0,2.85133,1.82317,1.028160,1,0,107.468,0,0,0,107.468,0
57.1237,2.33054,0,0,5.08639,0.266467,0.36288,3.6288,61.308,0.213475,0,0,1.29545,0.175268,0.906704,0.66528,12.849,1,0.544484,0.36288,0,126.363,3.60849,122.573,0.84672,12.849,0.84672,3695.15,0,18.483,0.064358,2.23919,1.79173,9.10518,0.9643,12.1074,0.42336,0,0,18.483,0.42336,442.007,0,1.02816,0,0,3.26735,2.23919,1.028160,1,0,135.587,0,0,0,135.587,0
60.718,2.34728,0,0,6.58213,0.27766,0.36288,3.6288,61.308,0.213557,0,0,1.93049,0.166255,1.55067,0.66528,12.849,1,0.52798,0.36288,0,119.837,3.63867,116.033,0.84672,12.849,0.84672,3695.15,0,18.483,0.0643827,3.37033,1.54779,17.3308,0.987744,21.1968,0.42336,0,0,18.483,0.42336,442.007,0,1.02816,0,0,4.39849,3.37033,1.028160,1,0,138.78,0,0,0,138.78,0
63.8913,2.37327,0,0,6.19673,0.287335,0.36288,3.6288,61.308,0.213639,0,0,1.75721,0.166255,1.37732,0.66528,12.849,1,0.502225,0.36288,0,97.5447,3.63867,93.7667,0.84672,12.849,0.84672,3695.15,0,18.483,0.0644073,3.5383,1.54792,11.5193,0.987744,15.5533,0.42336,0,0,18.483,0.42336,442.007,0,1.02816,0,0,4.56646,3.5383,1.028160,1,0,110.697,0,0,0,110.697,0
70.0356,2.39423,0,0,9.17248,0.271111,0.36288,3.6288,61.308,0.213721,0,0,2.91635,0.156928,2.5457,0.66528,12.849,1,0.481497,0.36288,0,164.079,3.45712,160.503,0.84672,12.849,0.84672,3695.15,0,18.483,0.064432,6.66494,1.54804,25.8306,0.968826,33.0103,0.42336,0,0,18.483,0.42336,442.007,0,1.02816,0,0,7.6931,6.66494,1.028160,1,0,196.059,0,0,0,196.059,0
72.29,2.43012,0,0,8.35097,0.335071,3.33133,3.6288,61.308,0.213803,0,0,2.98868,0.209259,2.56562,0.66528,12.849,1,0.44584,3.33133,0,127.881,3.93736,126.829,0.84672,12.849,0.84672,3695.15,0,18.483,0.0644567,5.12359,1.54817,19.48,1.08077,25.0065,0.42336,0,0,18.483,0.42336,442.007,0,1.02816,0,0,6.15175,5.12359,1.028160,1,0,154.401,0,0,0,154.401,0
72.29,2.53136,0,0,7.72088,0.32092,4.8686,3.6288,61.308,0.25426,0,0,2.48283,0.157227,2.07135,0.66528,12.849,1,0.449929,4.8686,0,116.897,3.52045,117.796,0.84672,12.849,0.84672,3695.15,0,18.483,0.0766536,4.28439,1.54829,14.4612,0.876222,19.341,0.42336,0,0,18.483,0.42336,442.007,0,1.02816,0,0,5.31255,4.28439,1.028160,1,0,139.208,0,0,0,139.208,0
72.29,2.53156,0,0,6.45718,0.325142,3.60048,3.6288,61.308,0.254345,0,0,2.94656,0.152565,2.53965,0.66528,12.849,1,0.449966,3.60048,0,122.16,3.5091,121.802,0.84672,12.849,0.84672,3695.15,0,18.483,0.0766793,4.30394,1.60871,18.4198,0.85048,23.4053,0.42336,0,0,18.483,0.42336,442.007,0,1.02816,0,0,5.3321,4.30394,1.028160,1,0,147.746,0,0,0,147.746,0
72.29,2.53177,0,0,7.29921,0.325142,4.4423,3.6288,61.308,0.25443,0,0,2.91039,0.152565,2.5034,0.66528,12.849,1,0.450003,4.4423,0,126.242,3.5091,126.725,0.84672,12.849,0.84672,3695.15,0,18.483,0.076705,3.62314,1.60884,17.7392,0.85048,22.044,0.42336,0,0,18.483,0.42336,442.007,0,1.02816,0,0,4.6513,3.62314,1.028160,1,0,151.272,0,0,0,151.272,0
72.29,2.53198,0,0,5.90696,0.317597,3.05739,3.6288,61.308,0.254515,0,0,2.55109,0.151733,2.14484,0.66528,12.849,1,0.450039,3.05739,0,92.7979,3.55852,91.8467,0.84672,12.849,0.84672,3695.15,0,18.483,0.0767307,3.85562,1.60898,12.9253,0.853694,17.4594,0.42336,0,0,18.483,0.42336,442.007,0,1.02816,0,0,4.88378,3.85562,1.028160,1,0,111.451,0,0,0,111.451,0
72.29,2.49728,0,0,5.12658,0.259555,2.36974,3.6288,61.308,0.238914,0,0,1.40416,0.179526,0.985724,0.66528,12.849,1,0.443873,2.36974,0,96.0872,3.96968,94.0434,0.84672,12.849,0.84672,3695.15,0,18.483,0.0720273,2.08434,1.60911,11.0527,0.979593,13.6945,0.42336,0,0,18.483,0.42336,442.007,0,1.02816,0,0,3.1125,2.08434,1.028160,1,0,108.724,0,0,0,108.724,0
72.29,2.49749,0,0,4.4066,0.249975,1.65914,3.6288,61.308,0.238998,0,0,0.877288,0.204117,0.434174,0.66528,12.849,1,0.443909,1.65914,0,73.1843,4.05562,70.3439,0.84672,12.849,0.84672,3695.15,0,18.483,0.0720526,1.38128,1.58576,7.93299,1.05955,9.76842,0.42336,0,0,18.483,0.42336,442.007,0,1.02816,0,0,2.40944,1.38128,1.028160,1,0,80.5465,0,0,0,80.5465,0
72.29,2.49769,0,0,3.81074,0.249975,1.06308,3.6288,61.308,0.239082,0,0,0.836594,0.204117,0.393395,0.66528,12.849,1,0.443945,1.06308,0,64.8285,4.05562,61.392,0.84672,12.849,0.84672,3695.15,0,18.483,0.0720779,1.14277,1.58589,6.94068,1.05955,8.53771,0.42336,0,0,18.483,0.42336,442.007,0,1.02816,0,0,2.17093,1.14277,1.028160,1,0,70.3231,0,0,0,70.3231,0
72.29,2.49789,0,0,3.3995,0.249975,0.651635,3.6288,61.308,0.239166,0,0,0.742841,0.204117,0.299559,0.66528,12.849,1,0.443982,0.651635,0,55.6795,4.05562,51.8316,0.84672,12.849,0.84672,3695.15,0,18.483,0.0721032,0.864372,1.58602,6.0272,1.05955,7.34594,0.42336,0,0,18.483,0.42336,442.007,0,1.02816,0,0,1.89253,0.864372,1.028160,1,0,59.4771,0,0,0,59.4771,0
72.2251,2.6166,0,0,3.14586,0.23129,0.36288,3.6288,61.308,0.294896,0,0,0.682404,0.189473,0.198036,0.66528,12.849,1,0.465081,0.36288,0,51.4488,3.77287,47.5737,0.84672,12.849,0.84672,3695.15,0,18.483,0.0889047,0.751896,1.58615,5.59906,0.966617,6.88158,0.42336,0,0,18.483,0.42336,442.007,0,1.02816,0,0,1.78006,0.751896,1.028160,1,0,54.6533,0,0,0,54.6533,0
72.29,2.61646,0,0,3.40318,0.209585,0.51222,3.6288,61.308,0.294985,0,0,0.81553,0.217582,0.302962,0.66528,12.849,1,0.465474,0.51222,0,52.697,4.45052,48.2932,0.84672,12.849,0.84672,3695.15,0,18.483,0.0889314,0.717008,1.66839,6.49426,1.04187,7.74885,0.42336,0,0,18.483,0.42336,442.007,0,1.02816,0,0,1.74517,0.717008,1.028160,1,0,56.345,0,0,0,56.345,0
72.1856,2.61703,0,0,3.04576,0.170232,0.36288,3.6288,61.308,0.295073,0,0,0.646237,0.20556,0.145604,0.66528,12.849,1,0.465157,0.36288,0,46.7902,4.1033,42.5846,0.84672,12.849,0.84672,3695.15,0,18.483,0.0889581,0.698838,1.66852,5.96085,1.01927,7.21998,0.42336,0,0,18.483,0.42336,442.007,0,1.02816,0,0,1.727,0.698838,1.028160,1,0,49.9502,0,0,0,49.9502,0
71.914,2.61667,0,0,2.86277,0.154887,0.36288,3.6288,61.308,0.295162,0,0,0.673004,0.20913,0.168712,0.66528,12.849,1,0.465766,0.36288,0,43.0987,4.21165,38.7842,0.84672,12.849,0.84672,3695.15,0,18.483,0.0889848,0.703149,1.66866,6.05827,0.99921,7.34189,0.42336,0,0,18.483,0.42336,442.007,0,1.02816,0,0,1.73131,0.703149,1.028160,1,0,46.2948,0,0,0,46.2948,0
71.5321,2.61539,0,0,2.75093,0.154567,0.36288,3.6288,61.308,0.29525,0,0,0.685601,0.20913,0.181221,0.66528,12.849,1,0.467297,0.36288,0,40.63,4.21165,36.314,0.84672,12.849,0.84672,3695.15,0,18.483,0.0890114,0.616982,1.6688,6.04089,0.99921,7.23845,0.42336,0,0,18.483,0.42336,442.007,0,1.02816,0,0,1.64514,0.616982,1.028160,1,0,43.7336,0,0,0,43.7336,0
70.576,2.59008,0,0,2.11311,0.116188,0.36288,3.6288,61.1601,0.45582,0,0,0.565002,0.257118,0,0.66528,12.849,1,0.465245,0.36288,0,35.078,4.96882,30.0068,0.84672,12.849,0.84672,3695.15,0,18.483,0.13742,0.30119,1.66893,3.46619,1.24388,4.05501,0.42336,0,0,18.483,0.42336,442.007,0,0.859118,0,0,1.16031,0.30119,1.028160,1,0,34.0618,0,0,0,34.0618,0
69.4324,2.58496,0,0,1.91325,0.109064,0.36288,3.6288,60.8607,0.558722,0,0,0.524245,0.264868,0,0.66528,12.849,1,0.470615,0.36288,0,34.4964,5.09502,29.2937,0.84672,12.849,0.84672,3695.15,0,18.483,0.16885,0.30119,1.69466,3.3291,1.28466,3.87144,0.42336,0,0,18.483,0.42336,442.007,0,0.724905,0,0,1.0261,0.30119,1.028160,1,0,33.1651,0,0,0,33.1651,0
68.1253,2.57863,0,0,1.74252,0.108105,0.36288,3.6288,60.597,0.515602,0,0,0.516268,0.264366,0,0.66528,12.849,1,0.477195,0.36288,0,33.6941,5.09502,28.4848,0.84672,12.849,0.84672,3695.15,0,18.483,0.156585,0.261274,1.6948,3.21124,1.28466,3.72606,0.42336,0,0,18.483,0.42336,442.007,0,0.780408,0,0,1.04168,0.261274,1.028160,1,0,32.2108,0,0,0,32.2108,0
66.6547,2.57114,0,0,1.57045,0.107009,0.36288,3.6288,60.197,0.61681,0,0,0.480763,0.263924,0,0.66528,12.849,1,0.484938,0.36288,0,31.2295,5.09502,26.0124,0.84672,12.849,0.84672,3695.15,0,18.483,0.188136,0.261274,1.69494,3.05751,1.28466,3.54093,0.42336,0,0,18.483,0.42336,442.007,0,0.647767,0,0,0.90904,0.261274,1.028160,1,0,29.5533,0,0,0,29.5533,0
64.9501,2.62218,0,0,1.37136,0.090909,0.36288,3.6288,59.5422,0.743431,0,0,0.393346,0.304809,0,0.66528,12.849,1,0.505476,0.36288,0,26.0224,5.74285,20.1369,0.84672,12.849,0.84672,3695.15,0,18.483,0.228264,0.261274,1.69507,2.54777,1.48185,2.79401,0.42336,0,0,18.483,0.42336,442.007,0,0.516637,0,0,0.777911,0.261274,1.028160,1,0,22.9309,0,0,0,22.9309,0
63.2975,2.61131,0,0,1.41275,0.0911036,0.36288,3.6288,58.9284,0.724676,0,0,0.418988,0.308096,0,0.66528,12.849,1,0.516593,0.36288,0,29.5818,5.94794,23.4802,0.84672,12.849,0.84672,3695.15,0,18.483,0.224953,0.261274,1.73601,2.47101,1.50433,2.73901,0.42336,0,0,18.483,0.42336,442.007,0,0.538825,0,0,0.800099,0.261274,1.028160,1,0,26.2192,0,0,0,26.2192,0
61.5304,2.60032,0,0,1.28593,0.0898939,0.36288,3.6288,58.2572,0.709844,0,0,0.345578,0.306887,0,0.66528,12.849,1,0.527848,0.36288,0,23.8266,5.94794,17.7137,0.84672,12.849,0.84672,3695.15,0,18.483,0.222644,0.261274,1.73615,2.29614,1.50433,2.56659,0.42336,0,0,18.483,0.42336,442.007,0,0.556088,0,0,0.817361,0.261274,1.028160,1,0,20.2803,0,0,0,20.2803,0
59.6605,2.58799,0,0,1.16955,0.0886003,0.36288,3.6288,57.4945,0.778984,0,0,0.321834,0.305565,0,0.66528,12.849,1,0.540433,0.36288,0,22.2118,5.94794,16.0863,0.84672,12.849,0.84672,3695.15,0,18.483,0.247145,0.227405,1.73629,2.04631,1.50433,2.25853,0.42336,0,0,18.483,0.42336,442.007,0,0.462568,0,0,0.689973,0.227405,1.028160,1,0,18.3448,0,0,0,18.3448,0
57.7446,2.74618,0,0,1.27362,0.0804175,0.36288,3.6288,56.8343,0.737733,0,0,0.379884,0.302306,0,0.66528,12.849,1,0.591442,0.36288,0,22.3169,6.05607,16.0322,0.84672,12.849,0.84672,3695.15,0,18.483,0.237162,0.227405,1.73643,2.89334,1.53024,3.08977,0.42336,0,0,18.483,0.42336,442.007,0,0.642104,0,0,0.869509,0.227405,1.028160,1,0,19.122,0,0,0,19.122,0
55.6129,2.73035,0,0,1.05285,0.0913207,0.36288,3.6288,55.8888,0.942142,0,0,0.297208,0.300608,0,0.66528,12.849,1,0.607543,0.36288,0,18.211,6.20172,11.7647,0.84672,12.849,0.84672,3695.15,0,18.483,0.306392,0.227405,1.87476,1.51293,1.49591,1.8128,0.42336,0,0,18.483,0.42336,442.007,0,0.368597,0,0,0.596002,0.227405,1.028160,1,0,13.5775,0,0,0,13.5775,0
53.5701,2.71166,0,0,1.12113,0.089418,0.36288,3.6288,55.1214,0.834197,0,0,0.365579,0.298758,0,0.66528,12.849,1,0.626511,0.36288,0,23.1742,6.20172,16.7089,0.84672,12.849,0.84672,3695.15,0,18.483,0.275877,0.227405,1.87492,1.68989,1.49591,2.02043,0.42336,0,0,18.483,0.42336,442.007,0,0.50719,0,0,0.734594,0.227405,1.028160,1,0,18.7293,0,0,0,18.7293,0
51.3494,2.69261,0,0,0.922355,0.0875946,0.36288,3.6288,54.1021,0.988358,0,0,0.266245,0.297258,0,0.66528,12.849,1,0.645833,0.36288,0,21.2312,6.20172,14.7466,0.84672,12.849,0.84672,3695.15,0,18.483,0.331411,0.204422,1.87507,1.38409,1.49591,1.63627,0.42336,0,0,18.483,0.42336,442.007,0,0.297626,0,0,0.502049,0.204422,1.028160,1,0,16.3828,0,0,0,16.3828,0
49.3798,2.67049,0,0,1.14941,0.0856124,0.36288,3.6288,53.6495,0.618514,0,0,0.461216,0.295264,0,0.66528,12.849,1,0.668228,0.36288,0,20.6955,6.20172,14.1884,0.84672,12.849,0.84672,3695.15,0,18.483,0.211304,0.204422,1.87522,2.15872,1.49591,2.53116,0.42336,0,0,18.483,0.42336,442.007,0,0.787709,0,0,0.992131,0.204422,1.028160,1,0,16.7196,0,0,0,16.7196,0
47.299,2.56871,0,0,0.956068,0.105275,0.36288,3.6288,53.0475,0.695053,0,0,0.378453,0.285438,0,0.66528,12.849,1,0.668398,0.36288,0,30.0408,5.6512,24.084,0.84672,12.849,0.84672,3695.15,0,18.483,0.239455,0.204422,1.87538,1.50276,1.26282,2.08028,0.42336,0,0,18.483,0.42336,442.007,0,0.605318,0,0,0.809741,0.204422,1.028160,1,0,26.1643,0,0,0,26.1643,0
45.3782,2.5458,0,0,1.09635,0.108471,0.36288,3.6288,52.7357,0.544067,0,0,0.531162,0.298817,0,0.66528,12.849,1,0.691578,0.36288,0,37.1318,5.94857,30.8545,0.84672,12.849,0.84672,3695.15,0,18.483,0.189566,0.204422,1.7963,1.60539,1.37106,2.04549,0.42336,0,0,18.483,0.42336,442.007,0,0.806319,0,0,1.01074,0.204422,1.028160,1,0,32.9,0,0,0,32.9,0
43.2271,2.52319,0,0,0.841182,0.10618,0.36288,3.6288,52.1162,0.688296,0,0,0.366793,0.298072,0,0.66528,12.849,1,0.71445,0.36288,0,27.9081,5.94857,21.608,0.84672,12.849,0.84672,3695.15,0,18.483,0.241236,0.216518,1.79645,1.58158,1.37106,1.98225,0.42336,0,0,18.483,0.42336,442.007,0,0.610546,0,0,0.827064,0.216518,1.028160,1,0,23.5903,0,0,0,23.5903,0
41.2743,2.49599,0,0,1.03505,0.129011,0.36288,3.6288,51.497,0.69721,0,0,0.351804,0.273798,0,0.66528,12.849,1,0.741916,0.36288,0,24.3374,5.67444,18.2839,0.84672,12.849,0.84672,3695.15,0,18.483,0.247266,0.216518,1.7966,1.82487,1.16862,2.42211,0.42336,0,0,18.483,0.42336,442.007,0,0.595728,0,0,0.812246,0.216518,1.028160,1,0,20.706,0,0,0,20.706,0
41.6871,2.40563,0,0,3.30894,0.127646,0.36288,3.6288,51.7109,0.324744,0,0,0.812206,0.27357,0,0.66528,12.849,1,0.74889,0.36288,0,37.2019,5.77331,31.0426,0.84672,12.849,0.84672,3695.15,0,18.483,0.116555,0.662014,1.79674,4.79961,1.14206,5.99975,0.42336,0,0,18.483,0.42336,442.007,0,1.02816,0,0,1.69017,0.662014,1.028160,1,0,37.0424,0,0,0,37.0424,0
39.8462,2.41149,0,0,1.13831,0.204796,0.36288,3.6288,51.7523,0.325187,0,0,0.611169,0.244496,0,0.66528,12.849,1,0.743282,0.36288,0,42.0722,4.96723,36.7246,0.84672,12.849,0.84672,3695.15,0,18.483,0.116232,0.281439,1.72646,2.01364,1.08162,2.82369,0.42336,0,0,18.483,0.42336,442.007,0,1.02816,0,0,1.3096,0.281439,1.028160,1,0,39.5483,0,0,0,39.5483,0
39.2228,2.38572,0,0,2.3178,0.192648,0.36288,3.6288,52.0015,0.325344,0,0,0.815397,0.240858,0,0.66528,12.849,1,0.769311,0.36288,0,33.7719,4.87124,28.4942,0.84672,12.849,0.84672,3695.15,0,18.483,0.116195,0.692055,1.7266,3.55414,1.10308,4.75352,0.42336,0,0,18.483,0.42336,442.007,0,1.02816,0,0,1.72022,0.692055,1.028160,1,0,33.2477,0,0,0,33.2477,0
43.1416,2.3767,0,0,6.84874,0.190376,0.36288,3.6288,52.8977,0.325844,0,0,1.42901,0.207025,0,0.66528,12.849,1,0.778585,0.36288,0,99.6702,4.07029,95.1842,0.84672,12.849,0.84672,3695.15,0,18.483,0.115815,1.71215,1.72674,8.60719,1.01318,10.9171,0.42336,0,0,18.483,0.42336,442.007,0,1.02816,0,0,2.74031,1.71215,1.028160,1,0,106.101,0,0,0,106.101,0
43.8073,2.24828,0,0,3.49054,0.213681,0.36288,3.6288,53.5271,0.217968,0,0,1.03702,0.189638,0,0.66528,12.849,1,0.669614,0.36288,0,64.5691,3.64959,60.6128,0.84672,12.849,0.84672,3695.15,0,18.483,0.0761603,0.93757,1.72688,4.8235,0.9055,6.5063,0.42336,0,0,18.483,0.42336,442.007,0,1.02816,0,0,1.96573,0.93757,1.028160,1,0,67.1191,0,0,0,67.1191,0
42.4404,2.25634,0,0,1.48864,0.236316,0.36288,3.6288,54.0125,0.218714,0,0,0.916574,0.212493,0,0.66528,12.849,1,0.6618,0.36288,0,61.7844,4.40633,57.0791,0.84672,12.849,0.84672,3695.15,0,18.483,0.0755223,0.726987,1.56841,3.56127,1.01635,4.76479,0.42336,0,0,18.483,0.42336,442.007,0,1.02816,0,0,1.75515,0.726987,1.028160,1,0,61.8439,0,0,0,61.8439,0
41.5402,2.24016,0,0,1.93546,0.232622,0.36288,3.6288,54.3685,0.2193,0,0,0.788564,0.213264,0,0.66528,12.849,1,0.678217,0.36288,0,68.1668,4.40633,63.4452,0.84672,12.849,0.84672,3695.15,0,18.483,0.0750442,0.716532,1.56854,3.59479,1.01635,4.78847,0.42336,0,0,18.483,0.42336,442.007,0,1.02816,0,0,1.74469,0.716532,1.028160,1,0,68.2336,0,0,0,68.2336,0
41.7305,2.22911,0,0,3.01247,0.230189,0.36288,3.6288,55.2708,0.219747,0,0,1.33583,0.213767,0,0.66528,12.849,1,0.689498,0.36288,0,74.2699,4.40633,69.5369,0.84672,12.849,0.84672,3695.15,0,18.483,0.0747048,1.78553,1.56867,5.3439,1.01635,7.60705,0.42336,0,0,18.483,0.42336,442.007,0,1.02816,0,0,2.81369,1.78553,1.028160,1,0,77.144,0,0,0,77.144,0
44.1443,2.2317,0,0,5.21434,0.20594,0.36288,3.6288,55.8421,0.220742,0,0,0.953234,0.161167,0,0.66528,12.849,1,0.687151,0.36288,0,96.1908,3.62017,92.2464,0.84672,12.849,0.84672,3695.15,0,18.483,0.0738179,1.05529,1.5688,4.42758,0.929487,6.04836,0.42336,0,0,18.483,0.42336,442.007,0,1.02816,0,0,2.08345,1.05529,1.028160,1,0,98.2948,0,0,0,98.2948,0
48.8709,2.2608,0,0,7.56326,0.212979,0.36288,3.6288,57.4269,0.221309,0,0,1.99894,0.192818,0,0.66528,12.849,1,0.658048,0.36288,0,123.67,3.89247,119.482,0.84672,12.849,0.84672,3695.15,0,18.483,0.0732505,3.55646,1.56893,10.147,0.994673,14.2044,0.42336,0,0,18.483,0.42336,442.007,0,1.02816,0,0,4.58462,3.55646,1.028160,1,0,133.686,0,0,0,133.686,0
52.0469,2.38379,0,0,6.1515,0.228762,0.36288,3.6288,58.6455,0.255276,0,0,1.69909,0.225174,0,0.66528,12.849,1,0.62674,0.36288,0,131.873,4.20147,127.408,0.84672,12.849,0.84672,3695.15,0,18.483,0.0821613,3.41871,1.56893,10.4137,1.05442,14.2648,0.42336,0,0,18.483,0.42336,442.007,0,1.02816,0,0,4.44687,3.41871,1.028160,1,0,141.673,0,0,0,141.673,0
55.7823,2.41465,0,0,6.74948,0.236554,0.36288,3.6288,59.9164,0.256653,0,0,1.75444,0.226952,0,0.66528,12.849,1,0.596111,0.36288,0,102.331,4.19496,97.9031,0.84672,12.849,0.84672,3695.15,0,18.483,0.0808878,3.72677,1.61923,10.9849,1.05442,15.1956,0.42336,0,0,18.483,0.42336,442.007,0,1.02816,0,0,4.75493,3.72677,1.028160,1,0,113.099,0,0,0,113.099,0
60.7242,2.44727,0,0,8.02756,0.275594,0.36288,3.6288,61.308,0.258043,0,0,1.97351,0.218286,0.105568,0.66528,12.849,1,0.563709,0.36288,0,122.106,4.26918,117.636,0.84672,12.849,0.84672,3695.15,0,18.483,0.0796009,4.10367,1.61936,12.3061,1.12197,16.8276,0.42336,0,0,18.483,0.42336,442.007,0,1.02816,0,0,5.13183,4.10367,1.028160,1,0,134.569,0,0,0,134.569,0
64.6711,2.48533,0,0,7.1002,0.305024,0.36288,3.6288,61.308,0.25951,0,0,1.92256,0.211379,1.45167,0.66528,12.849,1,0.525885,0.36288,0,115.647,4.21686,111.267,0.84672,12.849,0.84672,3695.15,0,18.483,0.0782365,3.74526,1.61948,13.0636,1.16147,17.1886,0.42336,0,0,18.483,0.42336,442.007,0,1.02816,0,0,4.77342,3.74526,1.028160,1,0,129.908,0,0,0,129.908,0
69.6703,2.75733,0,0,8.38789,0.268484,0.36288,3.6288,61.308,0.382998,0,0,2.77427,0.206072,2.1852,0.66528,12.849,1,0.547833,0.36288,0,148.868,3.56895,145.114,0.84672,12.849,0.84672,3695.15,0,18.483,0.115465,6.34283,1.6196,16.0939,1.09447,22.8464,0.42336,0,0,18.483,0.42336,442.007,0,1.02816,0,0,7.37099,6.34283,1.028160,1,0,170.146,0,0,0,170.146,0
72.29,2.79073,0,0,6.64572,0.279293,0.955999,3.6288,61.308,0.383086,0,0,2.18495,0.206072,1.59579,0.66528,12.849,1,0.514683,0.955999,0,188.359,3.56895,185.231,0.84672,12.849,0.84672,3695.15,0,18.483,0.115492,3.77203,1.79886,14.7594,1.09447,19.1203,0.42336,0,0,18.483,0.42336,442.007,0,1.02816,0,0,4.80019,3.77203,1.028160,1,0,205.947,0,0,0,205.947,0
72.29,2.80678,0,0,4.81931,0.288736,1.7238,3.6288,61.308,0.383175,0,0,1.62118,0.184185,1.05382,0.66528,12.849,1,0.498884,1.7238,0,121.87,3.19088,119.904,0.84672,12.849,0.84672,3695.15,0,18.483,0.115519,1.40138,1.79899,8.13387,0.98606,10.2327,0.42336,0,0,18.483,0.42336,442.007,0,1.02816,0,0,2.42954,1.40138,1.028160,1,0,131.19,0,0,0,131.19,0
72.29,2.80699,0,0,5.17827,0.254752,2.11653,3.6288,61.308,0.383264,0,0,1.2056,0.228747,0.59359,0.66528,12.849,1,0.498922,2.11653,0,84.4966,3.93424,82.18,0.84672,12.849,0.84672,3695.15,0,18.483,0.115545,1.04549,1.79913,10.009,1.03988,11.6982,0.42336,0,0,18.483,0.42336,442.007,0,1.02816,0,0,2.07365,1.04549,1.028160,1,0,94.4718,0,0,0,94.4718,0
72.29,2.45137,0,0,6.56294,0.293455,3.81811,3.6288,61.308,0.217686,0,0,1.25065,0.182623,0.850339,0.66528,12.849,1,0.435713,3.81811,0,105.562,2.94158,106.003,0.84672,12.849,0.84672,3695.15,0,18.483,0.0656275,1.6327,1.79926,15.3021,0.759569,17.9089,0.42336,0,0,18.483,0.42336,442.007,0,1.02816,0,0,2.66086,1.6327,1.028160,1,0,124.762,0,0,0,124.762,0
72.29,2.45156,0,0,4.3187,0.293455,1.57368,3.6288,61.308,0.217762,0,0,1.13952,0.182623,0.739136,0.66528,12.849,1,0.435746,1.57368,0,87.1283,2.94158,85.3247,0.84672,12.849,0.84672,3695.15,0,18.483,0.0656505,0.86743,1.55428,10.3208,0.759569,11.9173,0.42336,0,0,18.483,0.42336,442.007,0,1.02816,0,0,1.89559,0.86743,1.028160,1,0,97.9812,0,0,0,97.9812,0
72.29,2.45174,0,0,5.27631,0.293455,2.53111,3.6288,61.308,0.217838,0,0,2.66651,0.182623,2.26605,0.66528,12.849,1,0.435779,2.53111,0,125.241,2.94158,124.395,0.84672,12.849,0.84672,3695.15,0,18.483,0.0656734,1.71914,1.5544,12.2506,0.759569,14.6989,0.42336,0,0,18.483,0.42336,442.007,0,1.02816,0,0,2.7473,1.71914,1.028160,1,0,141.36,0,0,0,141.36,0
72.29,2.45193,0,0,5.50804,0.252382,2.80373,3.6288,61.308,0.217914,0,0,2.17259,0.189902,1.76477,0.66528,12.849,1,0.435812,2.80373,0,94.0982,3.04847,93.4177,0.84672,12.849,0.84672,3695.15,0,18.483,0.0656963,1.3009,1.55452,11.348,0.777121,13.3606,0.42336,0,0,18.483,0.42336,442.007,0,1.02816,0,0,2.32906,1.3009,1.028160,1,0,108.543,0,0,0,108.543,0
72.29,2.45211,0,0,4.70261,0.329027,1.92147,3.6288,61.308,0.21799,0,0,2.03445,0.179178,1.63728,0.66528,12.849,1,0.435845,1.92147,0,117.831,3.33497,115.982,0.84672,12.849,0.84672,3695.15,0,18.483,0.0657193,1.17371,1.55464,10.0113,0.810094,11.8638,0.42336,0,0,18.483,0.42336,442.007,0,1.02816,0,0,2.20187,1.17371,1.028160,1,0,129.483,0,0,0,129.483,0
72.29,2.5419,0,0,5.03159,0.359685,2.13,3.6288,61.308,0.25861,0,0,2.62359,0.174889,2.19009,0.66528,12.849,1,0.451804,2.13,0,113.241,3.44957,111.47,0.84672,12.849,0.84672,3695.15,0,18.483,0.0779651,1.56401,1.55475,10.2764,0.823283,12.4939,0.42336,0,0,18.483,0.42336,442.007,0,1.02816,0,0,2.59217,1.56401,1.028160,1,0,126.154,0,0,0,126.154,0
72.29,2.54209,0,0,6.22741,0.359685,3.32563,3.6288,61.308,0.258689,0,0,2.89958,0.174889,2.466,0.66528,12.849,1,0.451838,3.32563,0,86.9297,3.44957,86.3539,0.84672,12.849,0.84672,3695.15,0,18.483,0.077989,2.21834,1.61541,10.7667,0.823283,13.6992,0.42336,0,0,18.483,0.42336,442.007,0,1.02816,0,0,3.2465,2.21834,1.028160,1,0,102.519,0,0,0,102.519,0
72.29,2.54229,0,0,4.12522,0.261372,1.32156,3.6288,61.308,0.258768,0,0,1.63235,0.220667,1.15291,0.66528,12.849,1,0.451872,1.32156,0,57.3191,3.85318,54.3356,0.84672,12.849,0.84672,3695.15,0,18.483,0.0780128,0.888227,1.61554,8.24679,0.847383,9.82516,0.42336,0,0,18.483,0.42336,442.007,0,1.02816,0,0,1.91639,0.888227,1.028160,1,0,65.3137,0,0,0,65.3137,0
72.29,2.54248,0,0,3.53893,0.273382,0.723068,3.6288,61.308,0.258847,0,0,1.59506,0.209665,1.12654,0.66528,12.849,1,0.451906,0.723068,0,62.2904,3.75832,58.8033,0.84672,12.849,0.84672,3695.15,0,18.483,0.0780367,1.27827,1.61566,6.30576,0.861147,8.2605,0.42336,0,0,18.483,0.42336,442.007,0,1.02816,0,0,2.30643,1.27827,1.028160,1,0,68.1903,0,0,0,68.1903,0
72.29,2.50762,0,0,3.16396,0.289395,0.36694,3.6288,61.308,0.243175,0,0,1.65767,0.194995,1.2195,0.66528,12.849,1,0.445711,0.36694,0,72.144,3.63185,68.4334,0.84672,12.849,0.84672,3695.15,0,18.483,0.0733119,1.73811,1.61578,5.30921,0.879498,7.71029,0.42336,0,0,18.483,0.42336,442.007,0,1.02816,0,0,2.76627,1.73811,1.028160,1,0,77.3632,0,0,0,77.3632,0
72.29,2.50781,0,0,3.80159,0.289395,1.00438,3.6288,61.308,0.243253,0,0,1.72591,0.194995,1.28766,0.66528,12.849,1,0.445745,1.00438,0,79.113,3.63185,76.0398,0.84672,12.849,0.84672,3695.15,0,18.483,0.0733354,1.88549,1.59233,6.94748,0.879498,9.47246,0.42336,0,0,18.483,0.42336,442.007,0,1.02816,0,0,2.91365,1.88549,1.028160,1,0,86.7999,0,0,0,86.7999,0
72.29,2.508,0,0,3.23323,0.272237,0.452995,3.6288,61.308,0.243331,0,0,1.59888,0.188798,1.16675,0.66528,12.849,1,0.445779,0.452995,0,69.5736,3.33107,66.2498,0.84672,12.849,0.84672,3695.15,0,18.483,0.0733589,1.73439,1.59245,6.17776,0.847267,8.58397,0.42336,0,0,18.483,0.42336,442.007,0,1.02816,0,0,2.76255,1.73439,1.028160,1,0,76.0005,0,0,0,76.0005,0
72.1507,2.50819,0,0,2.92211,0.190374,0.36288,3.6288,61.308,0.243409,0,0,1.57642,0.242602,1.09041,0.66528,12.849,1,0.445812,0.36288,0,67.4412,4.13008,63.2282,0.84672,12.849,0.84672,3695.15,0,18.483,0.0733824,1.64297,1.59257,5.52432,1.04833,7.63816,0.42336,0,0,18.483,0.42336,442.007,0,1.02816,0,0,2.67113,1.64297,1.028160,1,0,71.9568,0,0,0,71.9568,0
71.4752,2.62661,0,0,2.52811,0.214039,0.36288,3.6288,61.308,0.299362,0,0,1.10831,0.21677,0.592181,0.66528,12.849,1,0.467761,0.36288,0,45.5145,3.91472,41.4949,0.84672,12.849,0.84672,3695.15,0,18.483,0.0902511,1.42086,1.59269,4.42573,0.972319,6.3767,0.42336,0,0,18.483,0.42336,442.007,0,1.02816,0,0,2.44902,1.42086,1.028160,1,0,48.4638,0,0,0,48.4638,0
70.6677,2.62306,0,0,2.37622,0.197812,0.36288,3.6288,61.308,0.299445,0,0,1.15423,0.22034,0.634442,0.66528,12.849,1,0.471543,0.36288,0,41.9234,4.02308,37.7917,0.84672,12.849,0.84672,3695.15,0,18.483,0.0902759,1.42697,1.67526,4.49802,0.95226,6.5577,0.42336,0,0,18.483,0.42336,442.007,0,1.02816,0,0,2.45513,1.42697,1.028160,1,0,44.9838,0,0,0,44.9838,0
69.7729,2.6187,0,0,2.28337,0.196593,0.36288,3.6288,61.308,0.299527,0,0,1.17583,0.22034,0.655968,0.66528,12.849,1,0.476139,0.36288,0,39.522,4.02308,35.3856,0.84672,12.849,0.84672,3695.15,0,18.483,0.0903007,1.30476,1.67538,4.48515,0.95226,6.42273,0.42336,0,0,18.483,0.42336,442.007,0,1.02816,0,0,2.33292,1.30476,1.028160,1,0,42.4643,0,0,0,42.4643,0
68.7406,2.61374,0,0,2.13955,0.195241,0.36288,3.6288,61.308,0.299609,0,0,1.0943,0.22034,0.57435,0.66528,12.849,1,0.481331,0.36288,0,37.0246,4.02308,32.8831,0.84672,12.849,0.84672,3695.15,0,18.483,0.0903255,1.14586,1.67551,4.15847,0.95226,5.93725,0.42336,0,0,18.483,0.42336,442.007,0,1.02816,0,0,2.17402,1.14586,1.028160,1,0,39.3947,0,0,0,39.3947,0
67.9418,2.60784,0,0,2.31601,0.144088,0.36288,3.6288,61.308,0.299691,0,0,1.07873,0.215304,0.563735,0.66528,12.849,1,0.487458,0.36288,0,43.9206,4.44102,39.355,0.84672,12.849,0.84672,3695.15,0,18.483,0.0903503,1.79366,1.67564,4.83405,1.04642,7.16659,0.42336,0,0,18.483,0.42336,442.007,0,1.02816,0,0,2.82182,1.79366,1.028160,1,0,47.0853,0,0,0,47.0853,0
67.0779,2.5799,0,0,2.21583,0.136928,0.36288,3.6288,61.308,0.330495,0,0,1.0341,0.201503,0.502106,0.66528,12.849,1,0.487906,0.36288,0,46.2174,4.33556,41.7569,0.84672,12.849,0.84672,3695.15,0,18.483,0.099637,1.67879,1.67576,4.85959,1.04537,7.06913,0.42336,0,0,18.483,0.42336,442.007,0,1.02816,0,0,2.70695,1.67879,1.028160,1,0,49.3281,0,0,0,49.3281,0
66.0423,2.57483,0,0,2.02894,0.126856,0.36288,3.6288,61.308,0.33058,0,0,0.984217,0.223441,0.430196,0.66528,12.849,1,0.493216,0.36288,0,40.7581,4.61786,36.0099,0.84672,12.849,0.84672,3695.15,0,18.483,0.0996625,1.56772,1.70158,4.71939,1.14842,6.74062,0.42336,0,0,18.483,0.42336,442.007,0,1.02816,0,0,2.59588,1.56772,1.028160,1,0,43.1807,0,0,0,43.1807,0
64.9232,2.56854,0,0,1.91549,0.103145,0.36288,3.6288,61.308,0.330664,0,0,0.918484,0.278286,0.309533,0.66528,12.849,1,0.499729,0.36288,0,36.2509,5.32361,30.7905,0.84672,12.849,0.84672,3695.15,0,18.483,0.099688,1.52232,1.70171,4.50171,1.40603,6.22003,0.42336,0,0,18.483,0.42336,442.007,0,1.02816,0,0,2.55048,1.52232,1.028160,1,0,37.32,0,0,0,37.32,0
63.6495,2.56155,0,0,1.74844,0.097734,0.36288,3.6288,61.308,0.330749,0,0,0.900573,0.288126,0.281698,0.66528,12.849,1,0.506958,0.36288,0,39.4339,5.51993,33.7699,0.84672,12.849,0.84672,3695.15,0,18.483,0.0997135,1.5534,1.70184,4.17768,1.42764,5.90557,0.42336,0,0,18.483,0.42336,442.007,0,1.02816,0,0,2.58156,1.5534,1.028160,1,0,39.9572,0,0,0,39.9572,0
62.2154,2.61289,0,0,1.62731,0.0856189,0.36288,3.6288,61.308,0.358222,0,0,0.778516,0.312725,0.107569,0.66528,12.849,1,0.527467,0.36288,0,35.0691,6.01073,28.8938,0.84672,12.849,0.84672,3695.15,0,18.483,0.107996,1.39913,1.70197,3.67533,1.48167,5.18677,0.42336,0,0,18.483,0.42336,442.007,0,1.02816,0,0,2.42729,1.39913,1.028160,1,0,34.1881,0,0,0,34.1881,0
60.6877,2.60301,0,0,1.52279,0.0846219,0.36288,3.6288,61.308,0.358308,0,0,0.720636,0.312725,0.0496027,0.66528,12.849,1,0.537584,0.36288,0,31.6585,6.01073,25.4731,0.84672,12.849,0.84672,3695.15,0,18.483,0.108022,1.29496,1.74306,3.28021,1.48167,4.72854,0.42336,0,0,18.483,0.42336,442.007,0,1.02816,0,0,2.32312,1.29496,1.028160,1,0,30.2512,0,0,0,30.2512,0
59.0472,2.59203,0,0,1.398,0.0835598,0.36288,3.6288,61.308,0.358395,0,0,0.712722,0.312725,0.0416018,0.66528,12.849,1,0.548794,0.36288,0,28.9397,6.01073,22.743,0.84672,12.849,0.84672,3695.15,0,18.483,0.108048,1.10414,1.74319,3.20817,1.48167,4.46578,0.42336,0,0,18.483,0.42336,442.007,0,1.02816,0,0,2.1323,1.10414,1.028160,1,0,27.2504,0,0,0,27.2504,0
57.7155,2.57971,0,0,1.67957,0.0686734,0.36288,3.6288,61.308,0.358482,0,0,0.867871,0.297754,0.211635,0.66528,12.849,1,0.561359,0.36288,0,30.3064,6.21894,23.889,0.84672,12.849,0.84672,3695.15,0,18.483,0.108074,1.86145,1.74332,4.79031,1.54049,6.74652,0.42336,0,0,18.483,0.42336,442.007,0,1.02816,0,0,2.88961,1.86145,1.028160,1,0,30.8472,0,0,0,30.8472,0
55.9223,2.7409,0,0,1.38235,0.071762,0.36288,3.6288,61.1607,0.457455,0,0,0.610848,0.300673,0,0.66528,12.849,1,0.610197,0.36288,0,25.1494,6.25784,18.6442,0.84672,12.849,0.84672,3695.15,0,18.483,0.137912,1.5596,1.74345,3.53373,1.49273,5.20614,0.42336,0,0,18.483,0.42336,442.007,0,1.02816,0,0,2.58776,1.5596,1.028160,1,0,23.8504,0,0,0,23.8504,0
54.2305,2.7252,0,0,1.46778,0.0715602,0.36288,3.6288,61.1347,0.457294,0,0,0.734787,0.303503,0,0.66528,12.849,1,0.626155,0.36288,0,30.9811,6.2601,24.4577,0.84672,12.849,0.84672,3695.15,0,18.483,0.138196,2.2308,1.88233,3.99025,1.48178,6.48341,0.42336,0,0,18.483,0.42336,442.007,0,1.02816,0,0,3.25896,2.2308,1.028160,1,0,30.9411,0,0,0,30.9411,0
52.2952,2.70961,0,0,1.20754,0.0703554,0.36288,3.6288,60.909,0.457343,0,0,0.535131,0.303453,0,0.66528,12.849,1,0.641996,0.36288,0,28.3834,6.2601,21.8442,0.84672,12.849,0.84672,3695.15,0,18.483,0.13827,1.19914,1.88247,3.26821,1.48178,4.72977,0.42336,0,0,18.483,0.42336,442.007,0,1.02816,0,0,2.2273,1.19914,1.028160,1,0,26.574,0,0,0,26.574,0
50.6774,2.69074,0,0,1.50479,0.0689772,0.36288,3.6288,61.076,0.457044,0,0,0.926996,0.30302,0,0.66528,12.849,1,0.661118,0.36288,0,27.6671,6.2601,21.1088,0.84672,12.849,0.84672,3695.15,0,18.483,0.138691,3.37339,1.88262,5.09731,1.48178,8.73285,0.42336,0,0,18.483,0.42336,442.007,0,1.02816,0,0,4.40155,3.37339,1.028160,1,0,29.8416,0,0,0,29.8416,0
49.373,2.6741,0,0,1.80399,0.0714251,0.36288,3.6288,61.2073,0.457429,0,0,0.848464,0.259693,0,0.66528,12.849,1,0.678006,0.36288,0,20.4821,4.98329,15.1837,0.84672,12.849,0.84672,3695.15,0,18.483,0.138429,2.33714,1.88276,5.14259,1.24326,7.98079,0.42336,0,0,18.483,0.42336,442.007,0,1.02816,0,0,3.3653,2.33714,1.028160,1,0,23.1645,0,0,0,23.1645,0
47.6398,2.57893,0,0,1.27633,0.0676882,0.36288,3.6288,61.1579,0.397731,0,0,0.611599,0.26332,0,0.66528,12.849,1,0.67115,0.36288,0,33.1748,4.99611,27.8705,0.84672,12.849,0.84672,3695.15,0,18.483,0.120104,1.68547,1.8829,3.30519,1.44214,5.31132,0.42336,0,0,18.483,0.42336,442.007,0,1.02816,0,0,2.71363,1.68547,1.028160,1,0,33.1818,0,0,0,33.1818,0
45.5017,2.55989,0,0,0.851118,0.0664269,0.36288,3.6288,60.9623,0.397746,0,0,0.465407,0.263238,0,0.66528,12.849,1,0.690432,0.36288,0,20.8107,4.99611,15.4871,0.84672,12.849,0.84672,3695.15,0,18.483,0.120206,0.672589,1.8035,2.23063,1.44214,3.14438,0.42336,0,0,18.483,0.42336,442.007,0,1.02816,0,0,1.70075,0.672589,1.028160,1,0,18.6315,0,0,0,18.6315,0
44.1625,2.53478,0,0,1.67034,0.111896,0.36288,3.6288,60.9926,0.39754,0,0,0.69384,0.265984,0,0.66528,12.849,1,0.715785,0.36288,0,24.3537,4.62715,19.3736,0.84672,12.849,0.84672,3695.15,0,18.483,0.120529,1.51847,1.80364,3.49269,1.36671,5.32755,0.42336,0,0,18.483,0.42336,442.007,0,1.02816,0,0,2.54663,1.51847,1.028160,1,0,24.7011,0,0,0,24.7011,0
44.029,2.51816,0,0,2.9119,0.164357,0.36288,3.6288,61.308,0.397675,0,0,1.37501,0.279725,0.38222,0.66528,12.849,1,0.732654,0.36288,0,43.5421,4.39854,38.7738,0.84672,12.849,0.84672,3695.15,0,18.483,0.12051,4.06408,1.80377,7.47226,1.25568,11.9639,0.42336,0,0,18.483,0.42336,442.007,0,1.02816,0,0,5.09224,4.06408,1.028160,1,0,51.12,0,0,0,51.12,0
43.6988,2.45162,0,0,2.70495,0.22062,0.36288,3.6288,61.308,0.343571,0,0,1.24552,0.261801,0.640145,0.66528,12.849,1,0.715457,0.36288,0,52.5379,4.77141,47.4139,0.84672,12.849,0.84672,3695.15,0,18.483,0.103579,3.01395,1.80391,5.19191,1.15057,8.75562,0.42336,0,0,18.483,0.42336,442.007,0,1.02816,0,0,4.04211,3.01395,1.028160,1,0,56.8096,0,0,0,56.8096,0
44.6214,2.44763,0,0,3.95289,0.21979,0.36288,3.6288,61.308,0.343656,0,0,1.6965,0.261801,1.09104,0.66528,12.849,1,0.719689,0.36288,0,75.437,4.77141,70.3087,0.84672,12.849,0.84672,3695.15,0,18.483,0.103605,4.03758,1.73333,11.9184,1.15057,16.4352,0.42336,0,0,18.483,0.42336,442.007,0,1.02816,0,0,5.06574,4.03758,1.028160,1,0,87.835,0,0,0,87.835,0
45.0282,2.45937,0,0,3.44238,0.213313,0.36288,3.6288,61.308,0.343742,0,0,1.78455,0.288772,1.15204,0.66528,12.849,1,0.708189,0.36288,0,73.9194,4.94961,68.6245,0.84672,12.849,0.84672,3695.15,0,18.483,0.103631,4.50033,1.73347,9.61675,1.30319,14.4437,0.42336,0,0,18.483,0.42336,442.007,0,1.02816,0,0,5.52849,4.50033,1.028160,1,0,84.2203,0,0,0,84.2203,0
46.0265,2.46453,0,0,4.05808,0.232422,0.36288,3.6288,61.308,0.343828,0,0,1.97166,0.308812,1.31902,0.66528,12.849,1,0.703264,0.36288,0,67.37,4.77525,62.2543,0.84672,12.849,0.84672,3695.15,0,18.483,0.103656,4.68908,1.7336,8.67085,1.27939,13.7105,0.42336,0,0,18.483,0.42336,442.007,0,1.02816,0,0,5.71724,4.68908,1.028160,1,0,77.2838,0,0,0,77.2838,0
48.4452,2.29012,0,0,5.28491,0.213176,0.36288,3.6288,61.308,0.230016,0,0,1.6485,0.212958,1.20553,0.66528,12.849,1,0.639322,0.36288,0,98.826,4.01304,94.5366,0.84672,12.849,0.84672,3695.15,0,18.483,0.0693447,3.74747,1.73373,9.49813,1.01028,13.8997,0.42336,0,0,18.483,0.42336,442.007,0,1.02816,0,0,4.77563,3.74747,1.028160,1,0,109.642,0,0,0,109.642,0
51.5192,2.31552,0,0,5.96472,0.212373,0.36288,3.6288,61.308,0.230093,0,0,1.96902,0.195826,1.5431,0.66528,12.849,1,0.614141,0.36288,0,142.043,3.91671,137.875,0.84672,12.849,0.84672,3695.15,0,18.483,0.0693679,3.3254,1.57462,9.69762,0.976034,13.5522,0.42336,0,0,18.483,0.42336,442.007,0,1.02816,0,0,4.35356,3.3254,1.028160,1,0,152.971,0,0,0,152.971,0
51.4576,2.34503,0,0,2.86573,0.219416,0.36288,3.6288,61.308,0.23017,0,0,1.27183,0.195826,0.84583,0.66528,12.849,1,0.584856,0.36288,0,85.6181,3.91671,81.4794,0.84672,12.849,0.84672,3695.15,0,18.483,0.0693911,1.35469,1.57474,7.07652,0.976034,8.96053,0.42336,0,0,18.483,0.42336,442.007,0,1.02816,0,0,2.38285,1.35469,1.028160,1,0,91.2858,0,0,0,91.2858,0
52.4781,2.34465,0,0,3.95652,0.228423,0.36288,3.6288,61.308,0.230247,0,0,1.15933,0.204009,0.725077,0.66528,12.849,1,0.58546,0.36288,0,68.9161,3.56324,65.1303,0.84672,12.849,0.84672,3695.15,0,18.483,0.0694143,1.8918,1.57486,6.43969,0.977699,8.85923,0.42336,0,0,18.483,0.42336,442.007,0,1.02816,0,0,2.91996,1.8918,1.028160,1,0,74.7146,0,0,0,74.7146,0
55.8549,2.35397,0,0,6.34832,0.254746,0.36288,3.6288,61.308,0.230324,0,0,1.59553,0.204387,1.16082,0.66528,12.849,1,0.576358,0.36288,0,120.006,3.43239,116.36,0.84672,12.849,0.84672,3695.15,0,18.483,0.0694375,3.40911,1.57498,9.64157,1.03023,13.526,0.42336,0,0,18.483,0.42336,442.007,0,1.02816,0,0,4.43727,3.40911,1.028160,1,0,131.047,0,0,0,131.047,0
58.137,2.45711,0,0,5.37781,0.275671,0.36288,3.6288,61.308,0.263392,0,0,1.28542,0.207994,0.814033,0.66528,12.849,1,0.56524,0.36288,0,83.8011,4.07883,79.5199,0.84672,12.849,0.84672,3695.15,0,18.483,0.0794069,1.8441,1.5751,7.21363,1.14952,9.40391,0.42336,0,0,18.483,0.42336,442.007,0,1.02816,0,0,2.87226,1.8441,1.028160,1,0,89.7378,0,0,0,89.7378,0
58.3273,2.47545,0,0,3.31053,0.281936,0.36288,3.6288,61.308,0.263465,0,0,0.482941,0.207994,0.0114808,0.66528,12.849,1,0.547106,0.36288,0,61.0152,4.07883,56.7522,0.84672,12.849,0.84672,3695.15,0,18.483,0.0794289,0.667621,1.62559,3.31044,1.14952,4.37471,0.42336,0,0,18.483,0.42336,442.007,0,1.02816,0,0,1.69578,0.667621,1.028160,1,0,61.1384,0,0,0,61.1384,0
57.6369,2.47709,0,0,2.43206,0.282459,0.36288,3.6288,61.1544,0.348114,0,0,0.402535,0.207994,0,0.66528,12.849,1,0.545681,0.36288,0,55.5425,4.07883,51.2809,0.84672,12.849,0.84672,3695.15,0,18.483,0.104949,0.503194,1.6257,2.68477,1.14952,3.5592,0.42336,0,0,18.483,0.42336,442.007,0,0.918086,0,0,1.42128,0.503194,1.028160,1,0,54.8401,0,0,0,54.8401,0
57.5815,2.47191,0,0,3.05994,0.280563,0.36288,3.6288,61.308,0.263458,0,0,0.8135,0.207792,0.188675,0.66528,12.849,1,0.551064,0.36288,0,97.0876,4.07883,92.8206,0.84672,12.849,0.84672,3695.15,0,18.483,0.0796263,0.96603,1.62582,7.5817,1.14952,8.94441,0.42336,0,0,18.483,0.42336,442.007,0,1.02816,0,0,1.99419,0.96603,1.028160,1,0,101.954,0,0,0,101.954,0
58.6833,2.71273,0,0,4.50684,0.329391,0.36288,3.6288,61.308,0.387575,0,0,0.927746,0.19461,0.345561,0.66528,12.849,1,0.605332,0.36288,0,90.9066,4.19685,86.4673,0.84672,12.849,0.84672,3695.15,0,18.483,0.116845,1.57725,1.62593,4.56956,0.936066,6.71983,0.42336,0,0,18.483,0.42336,442.007,0,1.02816,0,0,2.60541,1.57725,1.028160,1,0,93.5327,0,0,0,93.5327,0
58.3696,2.72225,0,0,3.1044,0.332944,0.36288,3.6288,61.308,0.387657,0,0,0.587203,0.19461,0.00493631,0.66528,12.849,1,0.596049,0.36288,0,62.6061,4.19685,58.1761,0.84672,12.849,0.84672,3695.15,0,18.483,0.11687,0.821794,1.80588,4.34133,0.936066,5.91607,0.42336,0,0,18.483,0.42336,442.007,0,1.02816,0,0,1.84995,0.821794,1.028160,1,0,64.0971,0,0,0,64.0971,0
57.7006,2.71981,0,0,2.7084,0.294751,0.36288,3.6288,61.2013,0.387739,0,0,0.487582,0.206561,0,0.66528,12.849,1,0.598716,0.36288,0,66.6229,4.2741,62.1129,0.84672,12.849,0.84672,3695.15,0,18.483,0.116895,0.643844,1.806,4.21219,1.01839,5.52675,0.42336,0,0,18.483,0.42336,442.007,0,1.02816,0,0,1.672,0.643844,1.028160,1,0,67.6397,0,0,0,67.6397,0
57.1114,2.71432,0,0,2.7661,0.278059,0.36288,3.6288,61.2691,0.406344,0,0,0.68534,0.211199,0,0.66528,12.849,1,0.604435,0.36288,0,88.7691,4.305,84.2225,0.84672,12.849,0.84672,3695.15,0,18.483,0.122717,0.608429,1.80613,3.72406,1.05132,4.96458,0.42336,0,0,18.483,0.42336,442.007,0,1.00384,0,0,1.61227,0.608429,1.028160,1,0,89.1871,0,0,0,89.1871,0
57.2955,2.36598,0,0,3.24875,0.335868,0.36288,3.6288,61.308,0.221561,0,0,0.791363,0.163628,0.367252,0.66528,12.849,1,0.532301,0.36288,0,56.0837,3.28482,52.6295,0.84672,12.849,0.84672,3695.15,0,18.483,0.0668382,0.902232,1.80625,5.89151,0.751038,7.78212,0.42336,0,0,18.483,0.42336,442.007,0,1.02816,0,0,1.93039,0.902232,1.028160,1,0,60.7788,0,0,0,60.7788,0
59.1982,2.36754,0,0,4.96968,0.336476,0.36288,3.6288,61.308,0.221664,0,0,0.943825,0.163668,0.558493,0.66528,12.849,1,0.530942,0.36288,0,98.6126,3.28482,95.1598,0.84672,12.849,0.84672,3695.15,0,18.483,0.0668267,1.10269,1.56031,7.35886,0.751038,9.204,0.42336,0,0,18.483,0.42336,442.007,0,1.02816,0,0,2.13085,1.10269,1.028160,1,0,104.922,0,0,0,104.922,0
62.0904,2.38173,0,0,5.97955,0.342762,0.36288,3.6288,61.308,0.221734,0,0,0.849182,0.163668,0.46378,0.66528,12.849,1,0.516955,0.36288,0,102.171,3.28482,98.7317,0.84672,12.849,0.84672,3695.15,0,18.483,0.0668479,1.21146,1.56042,8.17776,0.751038,10.1318,0.42336,0,0,18.483,0.42336,442.007,0,1.02816,0,0,2.23962,1.21146,1.028160,1,0,109.327,0,0,0,109.327,0
64.0814,2.40185,0,0,5.09736,0.341626,0.36288,3.6288,61.308,0.221804,0,0,0.945924,0.221974,0.502147,0.66528,12.849,1,0.497039,0.36288,0,86.1175,4.58062,81.4027,0.84672,12.849,0.84672,3695.15,0,18.483,0.0668691,1.21778,1.56053,8.17439,1.10425,9.78158,0.42336,0,0,18.483,0.42336,442.007,0,1.02816,0,0,2.24594,1.21778,1.028160,1,0,91.6864,0,0,0,91.6864,0
64.6622,2.41488,0,0,3.68568,0.327096,0.36288,3.6288,61.308,0.221875,0,0,0.790045,0.199659,0.368511,0.66528,12.849,1,0.484209,0.36288,0,54.4317,3.94787,50.3625,0.84672,12.849,0.84672,3695.15,0,18.483,0.0668903,0.713733,1.56064,5.80086,0.987527,7.02081,0.42336,0,0,18.483,0.42336,442.007,0,1.02816,0,0,1.74189,0.713733,1.028160,1,0,57.7518,0,0,0,57.7518,0
65.7187,2.50705,0,0,4.23982,0.313468,0.36288,3.6288,61.308,0.262644,0,0,1.17655,0.182923,0.730985,0.66528,12.849,1,0.498174,0.36288,0,52.8953,3.4733,49.2867,0.84672,12.849,0.84672,3695.15,0,18.483,0.0791814,1.271,1.56075,6.17706,0.899985,8.02964,0.42336,0,0,18.483,0.42336,442.007,0,1.02816,0,0,2.29916,1.271,1.028160,1,0,58.0473,0,0,0,58.0473,0
65.2547,2.51392,0,0,2.72894,0.316135,0.36288,3.6288,61.308,0.262717,0,0,0.778049,0.182923,0.332409,0.66528,12.849,1,0.49151,0.36288,0,40.7521,3.4733,37.1502,0.84672,12.849,0.84672,3695.15,0,18.483,0.0792034,0.537304,1.62163,3.39032,0.899985,4.57006,0.42336,0,0,18.483,0.42336,442.007,0,1.02816,0,0,1.56546,0.537304,1.028160,1,0,42.0527,0,0,0,42.0527,0
64.1161,2.51118,0,0,2.05043,0.314964,0.36288,3.6288,61.188,0.543823,0,0,0.606784,0.182923,0,0.66528,12.849,1,0.494464,0.36288,0,26.2144,3.4733,22.6095,0.84672,12.849,0.84672,3695.15,0,18.483,0.16395,0.528595,1.62174,3.06083,0.899985,4.14723,0.42336,0,0,18.483,0.42336,442.007,0,0.662403,0,0,1.191,0.528595,1.028160,1,0,26.7567,0,0,0,26.7567,0
62.8336,2.50403,0,0,1.86803,0.283642,0.36288,3.6288,60.95,0.612015,0,0,0.553634,0.179682,0,0.66528,12.849,1,0.501814,0.36288,0,28.0599,3.39866,24.5223,0.84672,12.849,0.84672,3695.15,0,18.483,0.184871,0.528595,1.62185,2.92243,0.929716,3.95829,0.42336,0,0,18.483,0.42336,442.007,0,0.573385,0,0,1.10198,0.528595,1.028160,1,0,28.4806,0,0,0,28.4806,0
61.6601,2.46131,0,0,1.88376,0.233007,0.36288,3.6288,60.5879,0.68997,0,0,0.517921,0.190049,0,0.66528,12.849,1,0.503319,0.36288,0,27.9882,3.90203,23.9457,0.84672,12.849,0.84672,3695.15,0,18.483,0.209233,0.528595,1.62197,2.52939,1.08025,3.39047,0.42336,0,0,18.483,0.42336,442.007,0,0.450585,0,0,0.97918,0.528595,1.028160,1,0,27.3362,0,0,0,27.3362,0
60.4249,2.45355,0,0,1.73451,0.1533,0.36288,3.6288,60.0668,0.748998,0,0,0.456584,0.228673,0,0.66528,12.849,1,0.511281,0.36288,0,25.5868,4.24799,21.1904,0.84672,12.849,0.84672,3695.15,0,18.483,0.22849,0.528595,1.59842,2.3575,1.10091,3.15512,0.42336,0,0,18.483,0.42336,442.007,0,0.372393,0,0,0.900988,0.528595,1.028160,1,0,24.3455,0,0,0,24.3455,0
59.1568,2.4451,0,0,1.69163,0.151737,0.36288,3.6288,59.7859,0.563358,0,0,0.510373,0.227916,0,0.66528,12.849,1,0.519936,0.36288,0,24.7844,4.24799,20.3794,0.84672,12.849,0.84672,3695.15,0,18.483,0.17335,0.402797,1.59853,2.79049,1.10091,3.51755,0.42336,0,0,18.483,0.42336,442.007,0,0.613267,0,0,1.01606,0.402797,1.028160,1,0,23.897,0,0,0,23.897,0
57.871,2.43611,0,0,1.6631,0.149925,0.36288,3.6288,59.4014,0.666073,0,0,0.509091,0.227508,0,0.66528,12.849,1,0.52913,0.36288,0,23.9783,4.24799,19.5641,0.84672,12.849,0.84672,3695.15,0,18.483,0.205919,0.402797,1.59864,2.39349,1.10091,3.0881,0.42336,0,0,18.483,0.42336,442.007,0,0.478077,0,0,0.880874,0.402797,1.028160,1,0,22.6522,0,0,0,22.6522,0
56.442,2.54178,0,0,1.59949,0.123782,0.36288,3.6288,59.0185,0.664942,0,0,0.490336,0.208331,0,0.66528,12.849,1,0.564346,0.36288,0,26.3893,4.21244,21.9754,0.84672,12.849,0.84672,3695.15,0,18.483,0.206899,0.402797,1.59875,2.15426,1.12841,2.8205,0.42336,0,0,18.483,0.42336,442.007,0,0.551318,0,0,0.954115,0.402797,1.028160,1,0,24.7959,0,0,0,24.7959,0
54.9578,2.53031,0,0,1.52704,0.118064,0.36288,3.6288,58.5523,0.721598,0,0,0.460142,0.204725,0,0.66528,12.849,1,0.576024,0.36288,0,24.4966,4.20651,20.077,0.84672,12.849,0.84672,3695.15,0,18.483,0.225985,0.402797,1.68162,2.01101,1.133,2.73645,0.42336,0,0,18.483,0.42336,442.007,0,0.475675,0,0,0.878472,0.402797,1.028160,1,0,22.8134,0,0,0,22.8134,0
53.3761,2.51788,0,0,1.3843,0.08528,0.36288,3.6288,58.0993,0.664893,0,0,0.439267,0.22731,0,0.66528,12.849,1,0.588674,0.36288,0,21.5995,4.47426,16.8994,0.84672,12.849,0.84672,3695.15,0,18.483,0.209885,0.30119,1.68174,1.95877,1.20141,2.53041,0.42336,0,0,18.483,0.42336,442.007,0,0.548579,0,0,0.84977,0.30119,1.028160,1,0,19.4298,0,0,0,19.4298,0
51.7456,2.50399,0,0,1.30811,0.0717023,0.36288,3.6288,57.5757,0.707381,0,0,0.419613,0.2359,0,0.66528,12.849,1,0.602776,0.36288,0,20.9051,4.58136,16.0838,0.84672,12.849,0.84672,3695.15,0,18.483,0.225037,0.30119,1.68185,1.95332,1.22877,2.48256,0.42336,0,0,18.483,0.42336,442.007,0,0.491037,0,0,0.792228,0.30119,1.028160,1,0,18.5664,0,0,0,18.5664,0
49.9737,2.48895,0,0,1.15687,0.0769939,0.36288,3.6288,56.9814,0.773475,0,0,0.408446,0.229287,0,0.66528,12.849,1,0.618034,0.36288,0,19.2005,4.67388,14.2715,0.84672,12.849,0.84672,3695.15,0,18.483,0.248302,0.30119,1.68197,1.89285,1.12687,2.50084,0.42336,0,0,18.483,0.42336,442.007,0,0.401777,0,0,0.702968,0.30119,1.028160,1,0,16.7723,0,0,0,16.7723,0
48.0624,2.44955,0,0,0.981539,0.0803518,0.36288,3.6288,56.3003,0.856707,0,0,0.399743,0.22406,0,0.66528,12.849,1,0.629818,0.36288,0,17.509,4.74327,12.4988,0.84672,12.849,0.84672,3695.15,0,18.483,0.277889,0.30119,1.68209,1.74885,1.05045,2.40378,0.42336,0,0,18.483,0.42336,442.007,0,0.329192,0,0,0.630382,0.30119,1.028160,1,0,14.9026,0,0,0,14.9026,0
46.0884,2.42996,0,0,0.893713,0.0748938,0.36288,3.6288,55.5752,0.869535,0,0,0.378045,0.23369,0,0.66528,12.849,1,0.649625,0.36288,0,15.4131,4.88442,10.2419,0.84672,12.849,0.84672,3695.15,0,18.483,0.285462,0.261274,1.708,1.6974,1.10198,2.27923,0.42336,0,0,18.483,0.42336,442.007,0,0.308892,0,0,0.570166,0.261274,1.028160,1,0,12.5211,0,0,0,12.5211,0
44.1148,2.40837,0,0,0.848474,0.0508457,0.36288,3.6288,54.7723,0.860954,0,0,0.354132,0.296013,0,0.66528,12.849,1,0.67143,0.36288,0,13.9017,5.73132,7.8618,0.84672,12.849,0.84672,3695.15,0,18.483,0.286333,0.261274,1.70812,1.61859,1.41111,1.89054,0.42336,0,0,18.483,0.42336,442.007,0,0.316704,0,0,0.577977,0.261274,1.028160,1,0,9.75234,0,0,0,9.75234,0
42.0651,2.38527,0,0,0.748034,0.0495179,0.36288,3.6288,53.9377,0.872355,0,0,0.336015,0.298296,0,0.66528,12.849,1,0.694741,0.36288,0,13.0804,5.78868,6.9599,0.84672,12.849,0.84672,3695.15,0,18.483,0.294378,0.261274,1.70823,1.54489,1.42737,1.79266,0.42336,0,0,18.483,0.42336,442.007,0,0.297359,0,0,0.558633,0.261274,1.028160,1,0,8.75256,0,0,0,8.75256,0
40.0206,2.41457,0,0,0.780028,0.0471338,0.36288,3.6288,53.137,0.911277,0,0,0.430167,0.319576,0,0.66528,12.849,1,0.737542,0.36288,0,15.9856,6.13284,9.47805,0.84672,12.849,0.84672,3695.15,0,18.483,0.31227,0.261274,1.70835,1.60525,1.5249,1.73771,0.42336,0,0,18.483,0.42336,442.007,0,0.276426,0,0,0.537699,0.261274,1.028160,1,0,11.2158,0,0,0,11.2158,0
37.9648,2.38621,0,0,0.739264,0.0460095,0.36288,3.6288,52.3353,0.868983,0,0,0.384841,0.317589,0,0.66528,12.849,1,0.766117,0.36288,0,14.1246,6.13284,7.58851,0.84672,12.849,0.84672,3695.15,0,18.483,0.302264,0.261274,1.74958,1.67664,1.5249,1.86034,0.42336,0,0,18.483,0.42336,442.007,0,0.328829,0,0,0.590102,0.261274,1.028160,1,0,9.44885,0,0,0,9.44885,0
35.8926,2.35538,0,0,0.69107,0.044923,0.36288,3.6288,51.4976,0.878134,0,0,0.356066,0.315555,0,0.66528,12.849,1,0.797168,0.36288,0,13.4305,6.13284,6.86341,0.84672,12.849,0.84672,3695.15,0,18.483,0.310126,0.227405,1.74971,1.47118,1.5249,1.61327,0.42336,0,0,18.483,0.42336,442.007,0,0.31192,0,0,0.539325,0.227405,1.028160,1,0,8.47668,0,0,0,8.47668,0
33.8461,2.32165,0,0,0.681791,0.043833,0.36288,3.6288,50.7217,0.847752,0,0,0.385228,0.313429,0,0.66528,12.849,1,0.831115,0.36288,0,12.4621,6.13284,5.861,0.84672,12.849,0.84672,3695.15,0,18.483,0.304266,0.227405,1.74983,1.66376,1.5249,1.81183,0.42336,0,0,18.483,0.42336,442.007,0,0.348267,0,0,0.575672,0.227405,1.028160,1,0,7.67283,0,0,0,7.67283,0
31.7361,2.51684,0,0,0.802518,0.0327986,0.36288,3.6288,49.9799,0.894449,0,0,0.455456,0.302768,0,0.66528,12.849,1,0.84672,0.36288,0,15.6324,6.37276,8.77575,0.84672,12.849,0.84672,3695.15,0,18.483,0.325938,0.227405,1.74995,2.02313,1.6371,2.03744,0.42336,0,0,18.483,0.42336,442.007,0,0.409179,0,0,0.636584,0.227405,1.028160,1,0,10.8132,0,0,0,10.8132,0
29.4415,2.51708,0,0,0.62261,0.0371648,0.36288,3.6288,49.0213,1.00946,0,0,0.341621,0.290785,0,0.66528,12.849,1,0.84672,0.36288,0,18.286,6.25937,11.5428,0.84672,12.849,0.84672,3695.15,0,18.483,0.373306,0.227405,1.88933,1.49445,1.64015,1.59773,0.42336,0,0,18.483,0.42336,442.007,0,0.246917,0,0,0.474322,0.227405,1.028160,1,0,13.1405,0,0,0,13.1405,0
27.3185,2.46149,0,0,0.737366,0.0360594,0.36288,3.6288,48.4601,0.794205,0,0,0.521464,0.2885,0,0.66528,12.849,1,0.84672,0.36288,0,15.6953,6.25937,8.95213,0.84672,12.849,0.84672,3695.15,0,18.483,0.299447,0.204422,1.88947,2.02094,1.64015,2.17523,0.42336,0,0,18.483,0.42336,442.007,0,0.509099,0,0,0.713521,0.204422,1.028160,1,0,11.1274,0,0,0,11.1274,0
25.0725,2.46172,0,0,0.616074,0.0374038,0.36288,3.6288,47.6737,0.90078,0,0,0.382696,0.268297,0,0.66528,12.849,1,0.84672,0.36288,0,14.3228,5.70483,8.13412,0.84672,12.849,0.84672,3695.15,0,18.483,0.343564,0.204422,1.85824,2.09378,1.42429,2.3886,0.42336,0,0,18.483,0.42336,442.007,0,0.358519,0,0,0.562941,0.204422,1.028160,1,0,10.5227,0,0,0,10.5227,0
22.9514,2.46195,0,0,0.745183,0.0414813,0.36288,3.6288,46.9426,0.878549,0,0,0.388467,0.241007,0,0.66528,12.849,1,0.84672,0.36288,0,11.4889,5.25795,5.74708,0.84672,12.849,0.84672,3695.15,0,18.483,0.340612,0.204422,1.85837,2.24522,1.23599,2.73141,0.42336,0,0,18.483,0.42336,442.007,0,0.383813,0,0,0.588235,0.204422,1.028160,1,0,8.47849,0,0,0,8.47849,0
21.02,2.3071,0,0,0.781574,0.0430494,0.36288,3.6288,46.803,0.454834,0,0,0.554086,0.238807,0,0.66528,12.849,1,0.84672,0.36288,0,13.7386,5.64795,7.60685,0.84672,12.849,0.84672,3695.15,0,18.483,0.179085,0.204422,1.8585,2.23116,1.36867,2.74633,0.42336,0,0,18.483,0.42336,442.007,0,0.86629,0,0,1.07071,0.204422,1.028160,1,0,10.3532,0,0,0,10.3532,0
19.1187,2.14494,0,0,0.648527,0.04194,0.36288,3.6288,46.0845,0.778029,0,0,0.298013,0.238526,0,0.66528,12.849,1,0.84672,0.36288,0,13.1636,5.64795,7.03185,0.84672,12.849,0.84672,3695.15,0,18.483,0.307251,0.216518,1.75009,1.66164,1.36867,1.95232,0.42336,0,0,18.483,0.42336,442.007,0,0.33779,0,0,0.554309,0.216518,1.028160,1,0,8.98418,0,0,0,8.98418,0
17.4698,2.14515,0,0,0.932754,0.0736528,0.36288,3.6288,45.5303,0.724495,0,0,0.366562,0.196316,0,0.66528,12.849,1,0.84672,0.36288,0,15.3631,5.02506,9.85423,0.84672,12.849,0.84672,3695.15,0,18.483,0.290571,0.216518,1.6601,1.82844,1.17398,2.24051,0.42336,0,0,18.483,0.42336,442.007,0,0.408103,0,0,0.624621,0.216518,1.028160,1,0,12.0947,0,0,0,12.0947,0
16.9633,2.30776,0,0,2.27881,0.114671,0.36288,3.6288,45.6284,0.513652,0,0,0.753225,0.141393,0,0.66528,12.849,1,0.84672,0.36288,0,46.3325,4.19454,41.6541,0.84672,12.849,0.84672,3695.15,0,18.483,0.208517,0.216518,1.66022,4.87016,0.914385,5.62399,0.42336,0,0,18.483,0.42336,442.007,0,0.778352,0,0,0.99487,0.216518,1.028160,1,0,47.2781,0,0,0,47.2781,0
15.9272,2.06826,0,0,1.54401,0.148999,0.36288,3.6288,45.5324,0.39237,0,0,0.493313,0.197022,0,0.66528,12.849,1,0.84672,0.36288,0,30.7174,4.4582,25.7754,0.84672,12.849,0.84672,3695.15,0,18.483,0.15894,0.216518,1.75045,4.01263,1.08882,4.73184,0.42336,0,0,18.483,0.42336,442.007,0,0.806568,0,0,1.02309,0.216518,1.028160,1,0,30.5073,0,0,0,30.5073,0
15.1682,2.06847,0,0,1.81893,0.146515,0.36288,3.6288,45.1094,0.603519,0,0,0.377385,0.196846,0,0.66528,12.849,1,0.84672,0.36288,0,35.5692,4.4582,30.6272,0.84672,12.849,0.84672,3695.15,0,18.483,0.244987,0.216518,1.59536,4.17044,1.08882,4.64852,0.42336,0,0,18.483,0.42336,442.007,0,0.509466,0,0,0.725985,0.216518,1.028160,1,0,35.2757,0,0,0,35.2757,0
17.9806,2.06867,0,0,5.3881,0.144217,0.36288,3.6288,45.9211,0.23402,0,0,1.24182,0.196071,0,0.66528,12.849,1,0.84672,0.36288,0,66.8612,4.4582,61.9191,0.84672,12.849,0.84672,3695.15,0,18.483,0.0958867,1.53884,1.59548,7.34561,1.08882,9.29522,0.42336,0,0,18.483,0.42336,442.007,0,1.02816,0,0,2.567,1.53884,1.028160,1,0,71.2143,0,0,0,71.2143,0
19.6293,2.06887,0,0,4.23549,0.155021,0.36288,3.6288,46.4462,0.235296,0,0,0.960008,0.199622,0,0.66528,12.849,1,0.84672,0.36288,0,75.5266,4.39678,70.6459,0.84672,12.849,0.84672,3695.15,0,18.483,0.0947052,1.29506,1.59559,7.01936,1.06761,8.74769,0.42336,0,0,18.483,0.42336,442.007,0,1.02816,0,0,2.32322,1.29506,1.028160,1,0,79.3936,0,0,0,79.3936,0
21.0737,1.84948,0,0,3.82473,0.167966,0.36288,3.6288,47.0568,0.138534,0,0,0.9302,0.181061,0,0.66528,12.849,1,0.84672,0.36288,0,67.572,3.7569,63.3312,0.84672,12.849,0.84672,3695.15,0,18.483,0.0551288,0.747775,1.5957,4.36702,0.905341,5.75002,0.42336,0,0,18.483,0.42336,442.007,0,1.02816,0,0,1.77593,0.747775,1.028160,1,0,69.0812,0,0,0,69.0812,0
20.9458,1.84967,0,0,2.25021,0.165561,0.36288,3.6288,47.395,0.139109,0,0,0.646445,0.169178,0,0.66528,12.849,1,0.84672,0.36288,0,36.0306,3.64833,31.8984,0.84672,12.849,0.84672,3695.15,0,18.483,0.0546391,0.41574,1.44925,3.64106,0.891344,4.56006,0.42336,0,0,18.483,0.42336,442.007,0,1.02816,0,0,1.4439,0.41574,1.028160,1,0,36.4585,0,0,0,36.4585,0
23.8461,1.84985,0,0,5.27831,0.165272,0.36288,3.6288,48.3732,0.13945,0,0,1.28733,0.169658,0,0.66528,12.849,1,0.84672,0.36288,0,53.5495,3.64833,49.4173,0.84672,12.849,0.84672,3695.15,0,18.483,0.0543825,1.35143,1.44935,6.09917,0.891344,7.95423,0.42336,0,0,18.483,0.42336,442.007,0,1.02816,0,0,2.37959,1.35143,1.028160,1,0,57.3716,0,0,0,57.3716,0
30.1289,2.094,0,0,8.92296,0.183246,0.36288,3.6288,50.5029,0.220297,0,0,2.53718,0.187153,0,0.66528,12.849,1,0.84672,0.36288,0,158.583,3.98381,154.115,0.84672,12.849,0.84672,3695.15,0,18.483,0.0841738,2.95711,1.44945,12.0324,0.940588,15.4142,0.42336,0,0,18.483,0.42336,442.007,0,1.02816,0,0,3.98527,2.95711,1.028160,1,0,169.529,0,0,0,169.529,0
34.7489,2.09421,0,0,7.2834,0.206321,0.36288,3.6288,53.2534,0.222964,0,0,3.18233,0.208862,0,0.66528,12.849,1,0.84672,0.36288,0,182.544,4.38694,177.673,0.84672,12.849,0.84672,3695.15,0,18.483,0.0816,3.23532,1.58068,11.8015,1.03198,15.504,0.42336,0,0,18.483,0.42336,442.007,0,1.02816,0,0,4.26348,3.23532,1.028160,1,0,193.177,0,0,0,193.177,0
40.7418,2.21444,0,0,8.762,0.191858,0.36288,3.6288,57.5549,0.258151,0,0,4.76434,0.20472,0,0.66528,12.849,1,0.818825,0.36288,0,203.805,4.27654,199.072,0.84672,12.849,0.84672,3695.15,0,18.483,0.089598,4.34182,1.58079,16.5974,1.09632,21.3341,0.42336,0,0,18.483,0.42336,442.007,0,1.02816,0,0,5.36998,4.34182,1.028160,1,0,220.406,0,0,0,220.406,0
43.598,2.30615,0,0,5.73124,0.205948,0.36288,3.6288,59.5298,0.263285,0,0,2.44896,0.210746,0,0.66528,12.849,1,0.727306,0.36288,0,150.276,4.27654,145.635,0.84672,12.849,0.84672,3695.15,0,18.483,0.0845507,4.12899,1.63146,13.4125,1.09632,17.9921,0.42336,0,0,18.483,0.42336,442.007,0,1.02816,0,0,5.15715,4.12899,1.028160,1,0,163.627,0,0,0,163.627,0
46.0812,2.3431,0,0,5.4021,0.212919,0.36288,3.6288,61.308,0.265493,0,0,2.41317,0.213441,0.156037,0.66528,12.849,1,0.690547,0.36288,0,124.109,4.27654,119.505,0.84672,12.849,0.84672,3695.15,0,18.483,0.082431,3.70908,1.63156,12.8464,1.09632,17.0083,0.42336,0,0,18.483,0.42336,442.007,0,1.02816,0,0,4.73724,3.70908,1.028160,1,0,136.669,0,0,0,136.669,0
48.0592,2.37235,0,0,4.94268,0.229471,0.36288,3.6288,61.308,0.267397,0,0,1.56342,0.212298,1.08372,0.66528,12.849,1,0.661491,0.36288,0,109.605,4.31452,104.992,0.84672,12.849,0.84672,3695.15,0,18.483,0.0806141,2.70163,1.63167,12.0179,1.16254,15.108,0.42336,0,0,18.483,0.42336,442.007,0,1.02816,0,0,3.72979,2.70163,1.028160,1,0,121.184,0,0,0,121.184,0
49.5299,2.62749,0,0,4.70009,0.23903,0.36288,3.6288,61.308,0.391798,0,0,2.16941,0.237188,1.54042,0.66528,12.849,1,0.702479,0.36288,0,117.859,4.51954,113,0.84672,12.849,0.84672,3695.15,0,18.483,0.118118,2.91516,1.63177,8.01278,1.18404,11.2576,0.42336,0,0,18.483,0.42336,442.007,0,1.02816,0,0,3.94332,2.91516,1.028160,1,0,125.798,0,0,0,125.798,0
52.1334,2.64422,0,0,5.8497,0.239085,0.36288,3.6288,61.308,0.391873,0,0,2.47818,0.242824,1.84348,0.66528,12.849,1,0.68596,0.36288,0,108.813,4.53789,103.952,0.84672,12.849,0.84672,3695.15,0,18.483,0.118141,3.05994,1.81235,8.38176,1.16003,11.9759,0.42336,0,0,18.483,0.42336,442.007,0,1.02816,0,0,4.0881,3.05994,1.028160,1,0,117.771,0,0,0,117.771,0
56.0672,2.67187,0,0,7.21424,0.2457,0.36288,3.6288,61.308,0.391948,0,0,3.31279,0.242824,2.67802,0.66528,12.849,1,0.658519,0.36288,0,159.854,4.53789,155.02,0.84672,12.849,0.84672,3695.15,0,18.483,0.118164,3.08812,1.81247,10.29,1.16003,13.9124,0.42336,0,0,18.483,0.42336,442.007,0,1.02816,0,0,4.11628,3.08812,1.028160,1,0,171.611,0,0,0,171.611,0
59.7594,2.70963,0,0,7.02041,0.255696,0.36288,3.6288,61.308,0.392023,0,0,2.76586,0.242824,2.13102,0.66528,12.849,1,0.620969,0.36288,0,160.223,4.53789,155.427,0.84672,12.849,0.84672,3695.15,0,18.483,0.118186,3.48507,1.81258,13.2773,1.16003,17.2968,0.42336,0,0,18.483,0.42336,442.007,0,1.02816,0,0,4.51323,3.48507,1.028160,1,0,174.855,0,0,0,174.855,0
62.9166,2.39389,0,0,6.22603,0.312028,0.36288,3.6288,61.308,0.225197,0,0,3.97448,0.260357,3.48892,0.66528,12.849,1,0.514716,0.36288,0,192.839,4.31424,188.373,0.84672,12.849,0.84672,3695.15,0,18.483,0.067892,3.62713,1.8127,15.6898,1.03646,20.0253,0.42336,0,0,18.483,0.42336,442.007,0,1.02816,0,0,4.65529,3.62713,1.028160,1,0,211.887,0,0,0,211.887,0
66.5374,2.41549,0,0,6.72763,0.328537,0.36288,3.6288,61.308,0.225262,0,0,5.19741,0.263279,4.70887,0.66528,12.849,1,0.493298,0.36288,0,206.985,4.27697,202.578,0.84672,12.849,0.84672,3695.15,0,18.483,0.0679115,4.4589,1.56587,16.0187,1.01587,20.9597,0.42336,0,0,18.483,0.42336,442.007,0,1.02816,0,0,5.48706,4.4589,1.028160,1,0,228.246,0,0,0,228.246,0
71.0889,2.43815,0,0,7.6908,0.338254,0.36288,3.6288,61.308,0.225326,0,0,6.81839,0.263279,6.32979,0.66528,12.849,1,0.47083,0.36288,0,254.687,4.27697,250.302,0.84672,12.849,0.84672,3695.15,0,18.483,0.0679309,5.08255,1.56597,20.1211,1.01587,25.6858,0.42336,0,0,18.483,0.42336,442.007,0,1.02816,0,0,6.11071,5.08255,1.028160,1,0,282.318,0,0,0,282.318,0
72.29,2.46383,0,0,7.86387,0.316794,3.88213,3.6288,61.308,0.225391,0,0,6.86834,0.24523,6.39772,0.66528,12.849,1,0.445327,3.88213,0,259.908,4.01538,259.329,0.84672,12.849,0.84672,3695.15,0,18.483,0.0679503,6.66106,1.56607,20.4631,0.978289,27.644,0.42336,0,0,18.483,0.42336,442.007,0,1.02816,0,0,7.68922,6.66106,1.028160,1,0,293.371,0,0,0,293.371,0
72.29,2.47027,0,0,4.95457,0.321019,2.16328,3.6288,61.308,0.225455,0,0,3.59807,0.211946,3.16067,0.66528,12.849,1,0.439072,2.16328,0,163.632,3.63598,161.72,0.84672,12.849,0.84672,3695.15,0,18.483,0.0679697,3.56614,1.56617,12.9096,0.854696,17.1193,0.42336,0,0,18.483,0.42336,442.007,0,1.02816,0,0,4.5943,3.56614,1.028160,1,0,182,0,0,0,182,0
72.29,2.56069,0,0,5.96606,0.348742,3.05662,3.6288,61.308,0.266363,0,0,3.6876,0.177732,3.2435,0.66528,12.849,1,0.455144,3.05662,0,199.468,3.6243,198.445,0.84672,12.849,0.84672,3695.15,0,18.483,0.0803024,3.69566,1.56627,14.592,0.770732,19.0029,0.42336,0,0,18.483,0.42336,442.007,0,1.02816,0,0,4.72382,3.69566,1.028160,1,0,220.692,0,0,0,220.692,0
72.29,2.56086,0,0,5.32323,0.314119,2.44825,3.6288,61.308,0.26643,0,0,3.65074,0.177976,3.20633,0.66528,12.849,1,0.455173,2.44825,0,149.954,4.15623,147.791,0.84672,12.849,0.84672,3695.15,0,18.483,0.0803226,3.57589,1.62736,10.8865,0.87821,15.1312,0.42336,0,0,18.483,0.42336,442.007,0,1.02816,0,0,4.60405,3.57589,1.028160,1,0,166.128,0,0,0,166.128,0
72.29,2.56102,0,0,3.93049,0.3082,1.06127,3.6288,61.308,0.266497,0,0,2.71529,0.176646,2.27215,0.66528,12.849,1,0.455202,1.06127,0,125.701,4.21575,122.091,0.84672,12.849,0.84672,3695.15,0,18.483,0.0803429,2.94961,1.62746,8.58799,0.889769,12.1949,0.42336,0,0,18.483,0.42336,442.007,0,1.02816,0,0,3.97777,2.94961,1.028160,1,0,136.558,0,0,0,136.558,0
72.29,2.56118,0,0,3.72841,0.30648,0.860748,3.6288,61.308,0.266564,0,0,3.01529,0.173591,2.57514,0.66528,12.849,1,0.455231,0.860748,0,112.375,4.01673,108.764,0.84672,12.849,0.84672,3695.15,0,18.483,0.0803631,3.03021,1.62756,9.1133,0.884901,12.8058,0.42336,0,0,18.483,0.42336,442.007,0,1.02816,0,0,4.05837,3.03021,1.028160,1,0,124.145,0,0,0,124.145,0
72.29,2.52604,0,0,3.92059,0.237734,1.15681,3.6288,61.308,0.250764,0,0,2.42555,0.193619,1.98117,0.66528,12.849,1,0.448985,1.15681,0,104.519,3.5784,101.648,0.84672,12.849,0.84672,3695.15,0,18.483,0.0755997,3.85029,1.62767,10.1485,0.995107,14.5558,0.42336,0,0,18.483,0.42336,442.007,0,1.02816,0,0,4.87845,3.85029,1.028160,1,0,118.185,0,0,0,118.185,0
72.29,2.5262,0,0,3.28443,0.237734,0.52049,3.6288,61.308,0.25083,0,0,1.19421,0.193619,0.749763,0.66528,12.849,1,0.449014,0.52049,0,88.4857,3.5784,84.9788,0.84672,12.849,0.84672,3695.15,0,18.483,0.0756196,1.45581,1.60403,6.28836,0.995107,8.27748,0.42336,0,0,18.483,0.42336,442.007,0,1.02816,0,0,2.48397,1.45581,1.028160,1,0,94.006,0,0,0,94.006,0
72.0683,2.52636,0,0,2.90528,0.237734,0.36288,3.6288,61.308,0.250896,0,0,1.17746,0.193619,0.732944,0.66528,12.849,1,0.449042,0.36288,0,82.5612,3.5784,78.8967,0.84672,12.849,0.84672,3695.15,0,18.483,0.0756395,1.32564,1.60413,5.52199,0.995107,7.38101,0.42336,0,0,18.483,0.42336,442.007,0,1.02816,0,0,2.3538,1.32564,1.028160,1,0,87.0106,0,0,0,87.0106,0
72.29,2.52535,0,0,3.49078,0.237334,0.506399,3.6288,61.308,0.250962,0,0,1.22594,0.193619,0.781357,0.66528,12.849,1,0.450243,0.506399,0,90.5377,3.5784,87.0155,0.84672,12.849,0.84672,3695.15,0,18.483,0.0756594,1.45101,1.60423,7.2258,0.995107,9.21028,0.42336,0,0,18.483,0.42336,442.007,0,1.02816,0,0,2.47917,1.45101,1.028160,1,0,97.0071,0,0,0,97.0071,0
71.9326,2.64654,0,0,2.84616,0.194119,0.36288,3.6288,61.308,0.307311,0,0,1.25412,0.187211,0.7596,0.66528,12.849,1,0.470403,0.36288,0,72.1734,3.7496,68.3163,0.84672,12.849,0.84672,3695.15,0,18.483,0.0926475,1.64275,1.60433,6.22473,0.915794,8.46337,0.42336,0,0,18.483,0.42336,442.007,0,1.02816,0,0,2.67091,1.64275,1.028160,1,0,77.5392,0,0,0,77.5392,0
71.3606,2.64473,0,0,2.61578,0.180187,0.36288,3.6288,61.308,0.307381,0,0,1.14645,0.186094,0.652976,0.66528,12.849,1,0.472416,0.36288,0,65.2078,3.88825,61.21,0.84672,12.849,0.84672,3695.15,0,18.483,0.0926685,1.59944,1.68748,5.91564,0.891589,8.21829,0.42336,0,0,18.483,0.42336,442.007,0,1.02816,0,0,2.6276,1.59944,1.028160,1,0,70.0813,0,0,0,70.0813,0
70.5756,2.64169,0,0,2.38479,0.165253,0.36288,3.6288,61.308,0.30745,0,0,1.10629,0.200911,0.59793,0.66528,12.849,1,0.475655,0.36288,0,60.319,4.1817,56.0245,0.84672,12.849,0.84672,3695.15,0,18.483,0.0926895,1.56932,1.68759,5.73887,0.971667,7.93142,0.42336,0,0,18.483,0.42336,442.007,0,1.02816,0,0,2.59748,1.56932,1.028160,1,0,64.5538,0,0,0,64.5538,0
69.7149,2.63738,0,0,2.28506,0.145508,0.36288,3.6288,61.308,0.30752,0,0,0.980528,0.220667,0.452341,0.66528,12.849,1,0.480161,0.36288,0,59.5627,4.57296,54.8724,0.84672,12.849,0.84672,3695.15,0,18.483,0.0927105,1.24187,1.68769,5.35252,1.07844,7.11094,0.42336,0,0,18.483,0.42336,442.007,0,1.02816,0,0,2.27003,1.24187,1.028160,1,0,62.4357,0,0,0,62.4357,0
68.9575,2.63254,0,0,2.37032,0.132242,0.36288,3.6288,61.308,0.30759,0,0,0.983042,0.241569,0.433883,0.66528,12.849,1,0.485198,0.36288,0,52.6194,4.85133,47.6458,0.84672,12.849,0.84672,3695.15,0,18.483,0.0927315,1.27072,1.6878,4.73925,1.13193,6.4731,0.42336,0,0,18.483,0.42336,442.007,0,1.02816,0,0,2.29888,1.27072,1.028160,1,0,54.5528,0,0,0,54.5528,0
68.5634,2.60467,0,0,2.6886,0.115159,0.36288,3.6288,61.308,0.338603,0,0,1.01469,0.269438,0.406649,0.66528,12.849,1,0.485334,0.36288,0,48.5603,5.22249,43.2154,0.84672,12.849,0.84672,3695.15,0,18.483,0.102081,1.25096,1.68791,4.45171,1.20326,6.08524,0.42336,0,0,18.483,0.42336,442.007,0,1.02816,0,0,2.27912,1.25096,1.028160,1,0,49.7073,0,0,0,49.7073,0
67.9899,2.60249,0,0,2.50667,0.114806,0.36288,3.6288,61.308,0.338675,0,0,0.974964,0.269438,0.36685,0.66528,12.849,1,0.487715,0.36288,0,47.918,5.22249,42.5707,0.84672,12.849,0.84672,3695.15,0,18.483,0.102103,1.15912,1.7139,4.54884,1.20326,6.11649,0.42336,0,0,18.483,0.42336,442.007,0,1.02816,0,0,2.18728,1.15912,1.028160,1,0,49.0541,0,0,0,49.0541,0
67.1842,2.5992,0,0,2.2707,0.114292,0.36288,3.6288,61.308,0.338747,0,0,0.931651,0.269438,0.323466,0.66528,12.849,1,0.491206,0.36288,0,47.0914,5.22249,41.7406,0.84672,12.849,0.84672,3695.15,0,18.483,0.102125,1.05041,1.71401,4.29732,1.20326,5.75635,0.42336,0,0,18.483,0.42336,442.007,0,1.02816,0,0,2.07857,1.05041,1.028160,1,0,47.8204,0,0,0,47.8204,0
66.1854,2.59442,0,0,2.06748,0.108993,0.36288,3.6288,61.308,0.338818,0,0,0.881073,0.280407,0.261847,0.66528,12.849,1,0.496182,0.36288,0,41.4542,5.36364,35.9573,0.84672,12.849,0.84672,3695.15,0,18.483,0.102146,0.851869,1.71411,4.17089,1.25478,5.37995,0.42336,0,0,18.483,0.42336,442.007,0,1.02816,0,0,1.88003,0.851869,1.028160,1,0,41.5991,0,0,0,41.5991,0
65.2188,2.64871,0,0,2.1237,0.0787636,0.36288,3.6288,61.308,0.366475,0,0,0.839722,0.297718,0.175529,0.66528,12.849,1,0.514212,0.36288,0,41.4272,5.94899,35.3269,0.84672,12.849,0.84672,3695.15,0,18.483,0.110484,0.631895,1.71422,3.58406,1.46828,4.35142,0.42336,0,0,18.483,0.42336,442.007,0,1.02816,0,0,1.66006,0.631895,1.028160,1,0,39.8539,0,0,0,39.8539,0
64.148,2.64252,0,0,2.01275,0.0781579,0.36288,3.6288,61.308,0.366548,0,0,0.751231,0.297718,0.0869648,0.66528,12.849,1,0.520612,0.36288,0,36.6045,5.94899,30.4978,0.84672,12.849,0.84672,3695.15,0,18.483,0.110506,0.793714,1.75559,3.74343,1.46828,4.71395,0.42336,0,0,18.483,0.42336,442.007,0,1.02816,0,0,1.82187,0.793714,1.028160,1,0,35.2987,0,0,0,35.2987,0
62.9537,2.63544,0,0,1.88156,0.0774868,0.36288,3.6288,61.308,0.366621,0,0,0.695079,0.297718,0.03074,0.66528,12.849,1,0.527886,0.36288,0,34.8055,5.94899,28.6915,0.84672,12.849,0.84672,3695.15,0,18.483,0.110528,0.636924,1.7557,3.28472,1.46828,4.09854,0.42336,0,0,18.483,0.42336,442.007,0,1.02816,0,0,1.66508,0.636924,1.028160,1,0,32.8207,0,0,0,32.8207,0
61.7431,2.62729,0,0,1.85627,0.0767384,0.36288,3.6288,61.308,0.366695,0,0,0.751991,0.297718,0.0875783,0.66528,12.849,1,0.536236,0.36288,0,32.2961,5.94899,26.1738,0.84672,12.849,0.84672,3695.15,0,18.483,0.11055,0.74914,1.75581,3.71467,1.46828,4.6408,0.42336,0,0,18.483,0.42336,442.007,0,1.02816,0,0,1.7773,0.74914,1.028160,1,0,30.9022,0,0,0,30.9022,0
60.0246,2.79365,0,0,1.49735,0.0593414,0.36288,3.6288,61.2193,0.466361,0,0,0.671614,0.293928,0,0.66528,12.849,1,0.581371,0.36288,0,26.4892,6.32046,19.9503,0.84672,12.849,0.84672,3695.15,0,18.483,0.140597,0.668719,1.75592,3.87493,1.52794,4.63103,0.42336,0,0,18.483,0.42336,442.007,0,1.02816,0,0,1.69688,0.668719,1.028160,1,0,24.5813,0,0,0,24.5813,0
57.957,2.78012,0,0,1.13346,0.0580307,0.36288,3.6288,61.0174,0.466284,0,0,0.558419,0.294072,0,0.66528,12.849,1,0.595119,0.36288,0,19.9503,6.40983,13.3082,0.84672,12.849,0.84672,3695.15,0,18.483,0.140778,0.479192,1.89577,3.05991,1.52734,3.76675,0.42336,0,0,18.483,0.42336,442.007,0,1.02816,0,0,1.50735,0.479192,1.028160,1,0,17.075,0,0,0,17.075,0
56.421,2.76291,0,0,1.64672,0.0568835,0.36288,3.6288,60.8993,0.466006,0,0,0.64164,0.293696,0,0.66528,12.849,1,0.612535,0.36288,0,22.722,6.40983,16.0625,0.84672,12.849,0.84672,3695.15,0,18.483,0.14116,0.747084,1.89589,3.3926,1.52734,4.36707,0.42336,0,0,18.483,0.42336,442.007,0,1.02816,0,0,1.77524,0.747084,1.028160,1,0,20.4296,0,0,0,20.4296,0
55.5992,2.74951,0,0,2.37345,0.082914,0.36288,3.6288,60.9986,0.465876,0,0,0.849312,0.284123,0,0.66528,12.849,1,0.626157,0.36288,0,37.072,6.27841,30.5303,0.84672,12.849,0.84672,3695.15,0,18.483,0.141394,0.896227,1.89601,3.77698,1.50083,4.927,0.42336,0,0,18.483,0.42336,442.007,0,1.02816,0,0,1.92439,0.896227,1.028160,1,0,35.4573,0,0,0,35.4573,0
54.2479,2.74216,0,0,1.84159,0.0877904,0.36288,3.6288,60.994,0.466132,0,0,0.736007,0.274523,0,0.66528,12.849,1,0.633715,0.36288,0,40.136,6.41854,33.4466,0.84672,12.849,0.84672,3695.15,0,18.483,0.141241,0.717561,1.89613,2.9157,1.45165,3.9365,0.42336,0,0,18.483,0.42336,442.007,0,1.02816,0,0,1.74572,0.717561,1.028160,1,0,37.3831,0,0,0,37.3831,0
52.5217,2.64629,0,0,1.40962,0.126654,0.36288,3.6288,60.9359,0.405807,0,0,0.60939,0.261725,0,0.66528,12.849,1,0.626792,0.36288,0,30.4906,6.29149,23.9352,0.84672,12.849,0.84672,3695.15,0,18.483,0.122972,0.656597,1.89625,2.50336,1.33517,3.59807,0.42336,0,0,18.483,0.42336,442.007,0,1.02816,0,0,1.68476,0.656597,1.028160,1,0,27.5333,0,0,0,27.5333,0
52.0689,2.62991,0,0,2.66444,0.124442,0.36288,3.6288,61.308,0.405793,0,0,1.04446,0.261628,0.00489282,0.66528,12.849,1,0.643385,0.36288,0,36.3501,6.29149,29.7781,0.84672,12.849,0.84672,3695.15,0,18.483,0.123085,2.15406,1.81627,4.29121,1.33517,6.80328,0.42336,0,0,18.483,0.42336,442.007,0,1.02816,0,0,3.18222,2.15406,1.028160,1,0,36.5863,0,0,0,36.5863,0
50.1514,2.62559,0,0,1.19473,0.123861,0.36288,3.6288,61.2319,0.406443,0,0,0.592561,0.262245,0,0.66528,12.849,1,0.647913,0.36288,0,27.6388,6.29149,21.0623,0.84672,12.849,0.84672,3695.15,0,18.483,0.122534,0.59851,1.81638,2.20647,1.33517,3.16366,0.42336,0,0,18.483,0.42336,442.007,0,1.02816,0,0,1.62667,0.59851,1.028160,1,0,24.226,0,0,0,24.226,0
48.5357,2.60603,0,0,1.49632,0.143097,0.36288,3.6288,61.308,0.406402,0,0,0.749834,0.25952,0.00778451,0.66528,12.849,1,0.667677,0.36288,0,26.3688,6.11103,19.953,0.84672,12.849,0.84672,3695.15,0,18.483,0.122673,0.671648,1.8165,2.6994,1.30801,3.75687,0.42336,0,0,18.483,0.42336,442.007,0,1.02816,0,0,1.69981,0.671648,1.028160,1,0,23.7177,0,0,0,23.7177,0
48.6127,2.52175,0,0,3.1985,0.236784,0.36288,3.6288,61.308,0.35154,0,0,1.65981,0.276034,1.03224,0.66528,12.849,1,0.667591,0.36288,0,54.9833,4.43577,50.2428,0.84672,12.849,0.84672,3695.15,0,18.483,0.105982,2.94119,1.81661,6.31125,1.29131,9.67176,0.42336,0,0,18.483,0.42336,442.007,0,1.02816,0,0,3.96935,2.94119,1.028160,1,0,60.9468,0,0,0,60.9468,0
49.1444,2.52275,0,0,3.65791,0.240636,0.36288,3.6288,61.308,0.351612,0,0,2.31504,0.275019,1.6884,0.66528,12.849,1,0.666796,0.36288,0,61.5776,4.23644,57.0373,0.84672,12.849,0.84672,3695.15,0,18.483,0.106003,5.49587,1.74552,7.77427,1.31216,13.5975,0.42336,0,0,18.483,0.42336,442.007,0,1.02816,0,0,6.52403,5.49587,1.028160,1,0,72.3232,0,0,0,72.3232,0
49.5687,2.52863,0,0,3.55787,0.242023,0.36288,3.6288,61.308,0.351685,0,0,2.1106,0.275019,1.48389,0.66528,12.849,1,0.66112,0.36288,0,75.6665,4.23644,71.1319,0.84672,12.849,0.84672,3695.15,0,18.483,0.106025,3.84029,1.74563,8.1578,1.31216,12.3255,0.42336,0,0,18.483,0.42336,442.007,0,1.02816,0,0,4.86845,3.84029,1.028160,1,0,84.9413,0,0,0,84.9413,0
50.2591,2.53328,0,0,3.82504,0.238509,0.36288,3.6288,61.308,0.351757,0,0,1.78261,0.219537,1.21132,0.66528,12.849,1,0.656667,0.36288,0,72.2278,3.83835,68.0957,0.84672,12.849,0.84672,3695.15,0,18.483,0.106047,2.99915,1.74574,7.14787,1.1287,10.658,0.42336,0,0,18.483,0.42336,442.007,0,1.02816,0,0,4.02731,2.99915,1.028160,1,0,79.965,0,0,0,79.965,0
51.402,2.34929,0,0,4.09074,0.235672,0.36288,3.6288,61.308,0.237137,0,0,1.92065,0.225318,1.45819,0.66528,12.849,1,0.600608,0.36288,0,76.648,3.75753,72.6528,0.84672,12.849,0.84672,3695.15,0,18.483,0.0714916,2.48403,1.74585,6.23758,1.093,9.30297,0.42336,0,0,18.483,0.42336,442.007,0,1.02816,0,0,3.51219,2.48403,1.028160,1,0,83.4139,0,0,0,83.4139,0
52.1999,2.36012,0,0,3.77422,0.253316,0.36288,3.6288,61.308,0.237203,0,0,1.40318,0.242187,0.92379,0.66528,12.849,1,0.589962,0.36288,0,60.6305,4.20735,56.1961,0.84672,12.849,0.84672,3695.15,0,18.483,0.0715113,1.03092,1.58561,4.35097,1.11036,5.78562,0.42336,0,0,18.483,0.42336,442.007,0,1.02816,0,0,2.05908,1.03092,1.028160,1,0,62.9055,0,0,0,62.9055,0
54.1038,2.36751,0,0,4.88258,0.248245,0.36288,3.6288,61.308,0.237268,0,0,1.71419,0.245128,1.2318,0.66528,12.849,1,0.582762,0.36288,0,70.3331,3.78231,66.3309,0.84672,12.849,0.84672,3695.15,0,18.483,0.071531,2.01104,1.58571,5.50866,1.05784,7.97604,0.42336,0,0,18.483,0.42336,442.007,0,1.02816,0,0,3.0392,2.01104,1.028160,1,0,75.5387,0,0,0,75.5387,0
57.9614,2.38423,0,0,6.85457,0.24988,0.36288,3.6288,61.308,0.237333,0,0,2.32206,0.255331,1.8294,0.66528,12.849,1,0.566226,0.36288,0,106.425,4.11946,102.102,0.84672,12.849,0.84672,3695.15,0,18.483,0.0715506,2.78048,1.58582,7.63102,1.0654,10.8604,0.42336,0,0,18.483,0.42336,442.007,0,1.02816,0,0,3.80864,2.78048,1.028160,1,0,114.792,0,0,0,114.792,0
63.9115,2.41523,0,0,8.99012,0.261923,0.36288,3.6288,61.308,0.237398,0,0,2.54631,0.242117,2.06679,0.66528,12.849,1,0.535413,0.36288,0,137.078,4.05862,132.847,0.84672,12.849,0.84672,3695.15,0,18.483,0.0715703,5.83108,1.58592,7.72496,1.01304,14.0574,0.42336,0,0,18.483,0.42336,442.007,0,1.02816,0,0,6.85924,5.83108,1.028160,1,0,148.971,0,0,0,148.971,0
63.6144,2.53385,0,0,2.88998,0.290351,0.36288,3.6288,61.1571,0.394201,0,0,0.406175,0.162833,0,0.66528,12.849,1,0.509415,0.36288,0,44.0874,3.69359,40.2473,0.84672,12.849,0.84672,3695.15,0,18.483,0.118843,0.412474,1.58602,5.76739,0.698898,6.94814,0.42336,0,0,18.483,0.42336,442.007,0,0.867404,0,0,1.27988,0.412474,1.028160,1,0,47.1954,0,0,0,47.1954,0
62.4712,2.53202,0,0,2.04134,0.289652,0.36288,3.6288,60.9354,0.492677,0,0,0.433576,0.162677,0,0.66528,12.849,1,0.511424,0.36288,0,38.0649,3.69359,34.2228,0.84672,12.849,0.84672,3695.15,0,18.483,0.148898,0.503194,1.63684,4.5274,0.698898,5.81964,0.42336,0,0,18.483,0.42336,442.007,0,0.738953,0,0,1.24215,0.503194,1.028160,1,0,40.0424,0,0,0,40.0424,0
64.7641,2.5244,0,0,5.46716,0.286963,0.36288,3.6288,61.308,0.270422,0,0,1.24006,0.162449,0.434547,0.66528,12.849,1,0.519216,0.36288,0,116.773,3.69359,112.923,0.84672,12.849,0.84672,3695.15,0,18.483,0.0820249,1.82752,1.63694,11.4297,0.698898,14.1132,0.42336,0,0,18.483,0.42336,442.007,0,1.02816,0,0,2.85568,1.82752,1.028160,1,0,127.471,0,0,0,127.471,0
66.687,2.53989,0,0,5.12745,0.301772,0.36288,3.6288,61.308,0.270867,0,0,1.33974,0.167645,0.901233,0.66528,12.849,1,0.503906,0.36288,0,108.442,3.78504,104.516,0.84672,12.849,0.84672,3695.15,0,18.483,0.0816603,2.52151,1.63703,9.93194,0.722365,13.2865,0.42336,0,0,18.483,0.42336,442.007,0,1.02816,0,0,3.54967,2.52151,1.028160,1,0,118.704,0,0,0,118.704,0
68.5962,2.80116,0,0,5.41797,0.344693,0.36288,3.6288,61.308,0.39567,0,0,1.50353,0.174373,0.93349,0.66528,12.849,1,0.539716,0.36288,0,142.672,3.78934,138.706,0.84672,12.849,0.84672,3695.15,0,18.483,0.119286,3.18626,1.63713,12.3219,0.847022,16.179,0.42336,0,0,18.483,0.42336,442.007,0,1.02816,0,0,4.21442,3.18626,1.028160,1,0,155.819,0,0,0,155.819,0
69.4082,2.81397,0,0,4.33096,0.342148,0.36288,3.6288,61.308,0.395738,0,0,0.91222,0.165516,0.350966,0.66528,12.849,1,0.527095,0.36288,0,93.3967,3.57157,89.6609,0.84672,12.849,0.84672,3695.15,0,18.483,0.119306,1.35853,1.81829,7.69098,0.840563,9.90793,0.42336,0,0,18.483,0.42336,442.007,0,1.02816,0,0,2.38669,1.35853,1.028160,1,0,99.9198,0,0,0,99.9198,0
69.6493,2.81934,0,0,3.76252,0.339236,0.36288,3.6288,61.308,0.395806,0,0,0.977193,0.176582,0.404805,0.66528,12.849,1,0.521922,0.36288,0,85.5973,3.83366,81.6046,0.84672,12.849,0.84672,3695.15,0,18.483,0.119327,1.41483,1.8184,8.26813,0.922555,10.4595,0.42336,0,0,18.483,0.42336,442.007,0,1.02816,0,0,2.44299,1.41483,1.028160,1,0,92.4689,0,0,0,92.4689,0
70.5896,2.82102,0,0,4.44372,0.319467,0.36288,3.6288,61.308,0.395875,0,0,1.00818,0.187888,0.424422,0.66528,12.849,1,0.520427,0.36288,0,86.8666,4.86965,81.8394,0.84672,12.849,0.84672,3695.15,0,18.483,0.119347,1.68122,1.8185,9.49553,1.29566,11.5803,0.42336,0,0,18.483,0.42336,442.007,0,1.02816,0,0,2.70938,1.68122,1.028160,1,0,93.844,0,0,0,93.844,0
71.0077,2.4687,0,0,3.57641,0.326762,0.36288,3.6288,61.308,0.228499,0,0,0.917231,0.191791,0.496941,0.66528,12.849,1,0.449363,0.36288,0,70.5065,3.402,67.018,0.84672,12.849,0.84672,3695.15,0,18.483,0.0688875,1.18664,1.8186,7.10709,0.857471,9.18598,0.42336,0,0,18.483,0.42336,442.007,0,1.02816,0,0,2.2148,1.18664,1.028160,1,0,76.7009,0,0,0,76.7009,0
72.29,2.47109,0,0,5.05742,0.345604,0.958406,3.6288,61.308,0.228558,0,0,1.14542,0.187272,0.729592,0.66528,12.849,1,0.447149,0.958406,0,110.349,3.04962,107.811,0.84672,12.849,0.84672,3695.15,0,18.483,0.0689052,1.20306,1.57096,7.06514,0.813013,8.95724,0.42336,0,0,18.483,0.42336,442.007,0,1.02816,0,0,2.23122,1.20306,1.028160,1,0,117.498,0,0,0,117.498,0
72.29,2.47797,0,0,6.4734,0.349,3.64643,3.6288,61.308,0.228617,0,0,1.02184,0.187272,0.605947,0.66528,12.849,1,0.44044,3.64643,0,118.519,3.04962,118.676,0.84672,12.849,0.84672,3695.15,0,18.483,0.0689229,1.30227,1.57105,8.12713,0.813013,10.1185,0.42336,0,0,18.483,0.42336,442.007,0,1.02816,0,0,2.33043,1.30227,1.028160,1,0,129.4,0,0,0,129.4,0
72.29,2.47811,0,0,4.94375,0.33975,2.12589,3.6288,61.308,0.228675,0,0,1.08657,0.237248,0.620643,0.66528,12.849,1,0.440465,2.12589,0,98.0113,4.16031,95.5364,0.84672,12.849,0.84672,3695.15,0,18.483,0.0689406,1.24281,1.57114,7.83156,1.11577,9.46081,0.42336,0,0,18.483,0.42336,442.007,0,1.02816,0,0,2.27097,1.24281,1.028160,1,0,105.618,0,0,0,105.618,0
72.29,2.47825,0,0,5.34878,0.343416,2.52712,3.6288,61.308,0.228734,0,0,1.14294,0.229993,0.684215,0.66528,12.849,1,0.44049,2.52712,0,87.6659,4.1423,85.6103,0.84672,12.849,0.84672,3695.15,0,18.483,0.0689583,1.17833,1.57124,7.44768,1.10763,9.02066,0.42336,0,0,18.483,0.42336,442.007,0,1.02816,0,0,2.20649,1.17833,1.028160,1,0,95.3151,0,0,0,95.3151,0
72.29,2.56895,0,0,5.58554,0.356434,2.66016,3.6288,61.308,0.269768,0,0,1.73225,0.191032,1.27145,0.66528,12.849,1,0.456611,2.66016,0,101.391,3.63447,99.9603,0.84672,12.849,0.84672,3695.15,0,18.483,0.0813289,3.01254,1.57133,9.57563,0.961145,13.117,0.42336,0,0,18.483,0.42336,442.007,0,1.02816,0,0,4.0407,3.01254,1.028160,1,0,114.349,0,0,0,114.349,0
72.29,2.5691,0,0,4.47142,0.356434,1.54589,3.6288,61.308,0.269829,0,0,1.57386,0.191032,1.113,0.66528,12.849,1,0.456637,1.54589,0,84.5554,3.63447,82.0101,0.84672,12.849,0.84672,3695.15,0,18.483,0.0813473,2.03246,1.6326,8.45839,0.961145,11.081,0.42336,0,0,18.483,0.42336,442.007,0,1.02816,0,0,3.06062,2.03246,1.028160,1,0,94.2041,0,0,0,94.2041,0
72.29,2.56924,0,0,3.3254,0.273577,0.482576,3.6288,61.308,0.26989,0,0,1.19581,0.251105,0.674816,0.66528,12.849,1,0.456664,0.482576,0,69.4837,4.52224,64.9874,0.84672,12.849,0.84672,3695.15,0,18.483,0.0813658,1.19343,1.6327,6.65334,1.26722,8.13089,0.42336,0,0,18.483,0.42336,442.007,0,1.02816,0,0,2.22159,1.19343,1.028160,1,0,73.7931,0,0,0,73.7931,0
72.1417,2.56939,0,0,3.05757,0.273577,0.36288,3.6288,61.308,0.269951,0,0,0.970393,0.251105,0.449337,0.66528,12.849,1,0.45669,0.36288,0,64.1362,4.52224,59.5201,0.84672,12.849,0.84672,3695.15,0,18.483,0.0813842,0.792841,1.63279,5.68781,1.26722,6.76484,0.42336,0,0,18.483,0.42336,442.007,0,1.02816,0,0,1.821,0.792841,1.028160,1,0,66.7343,0,0,0,66.7343,0
72.08,2.53334,0,0,3.06518,0.230684,0.36288,3.6288,61.308,0.254094,0,0,0.858635,0.140757,0.463784,0.66528,12.849,1,0.451208,0.36288,0,64.9181,3.85543,60.9743,0.84672,12.849,0.84672,3695.15,0,18.483,0.0766037,1.08073,1.63289,5.24486,1.14864,6.73323,0.42336,0,0,18.483,0.42336,442.007,0,1.02816,0,0,2.10889,1.08073,1.028160,1,0,68.1714,0,0,0,68.1714,0
71.4369,2.53316,0,0,2.52517,0.272229,0.36288,3.6288,61.308,0.254154,0,0,0.77639,0.161687,0.36055,0.66528,12.849,1,0.451562,0.36288,0,52.202,4.14172,47.9716,0.84672,12.849,0.84672,3695.15,0,18.483,0.0766219,0.754618,1.60916,4.54849,1.17777,5.65787,0.42336,0,0,18.483,0.42336,442.007,0,1.02816,0,0,1.78278,0.754618,1.028160,1,0,53.99,0,0,0,53.99,0
70.687,2.52986,0,0,2.31604,0.173222,0.36288,3.6288,61.308,0.254214,0,0,0.664857,0.207464,0.203178,0.66528,12.849,1,0.455033,0.36288,0,47.657,4.54535,43.0195,0.84672,12.849,0.84672,3695.15,0,18.483,0.07664,0.611436,1.60925,4.2391,1.20187,5.18127,0.42336,0,0,18.483,0.42336,442.007,0,1.02816,0,0,1.6396,0.611436,1.028160,1,0,48.404,0,0,0,48.404,0
69.879,2.52592,0,0,2.25308,0.17223,0.36288,3.6288,61.308,0.254275,0,0,0.733355,0.207464,0.271616,0.66528,12.849,1,0.459145,0.36288,0,46.0584,4.54535,41.4168,0.84672,12.849,0.84672,3695.15,0,18.483,0.0766581,0.791415,1.60934,4.91499,1.20187,6.03721,0.42336,0,0,18.483,0.42336,442.007,0,1.02816,0,0,1.81958,0.791415,1.028160,1,0,47.7256,0,0,0,47.7256,0
68.7122,2.6412,0,0,2.02908,0.191843,0.36288,3.6288,61.308,0.310797,0,0,0.603197,0.204574,0.0878264,0.66528,12.849,1,0.48565,0.36288,0,39.3839,4.1215,35.1396,0.84672,12.849,0.84672,3695.15,0,18.483,0.0936983,0.508602,1.60944,3.84529,1.09084,4.7788,0.42336,0,0,18.483,0.42336,442.007,0,1.02816,0,0,1.53676,0.508602,1.028160,1,0,40.0062,0,0,0,40.0062,0
67.403,2.6344,0,0,1.84132,0.153255,0.36288,3.6288,61.308,0.31086,0,0,0.565068,0.208792,0.0454156,0.66528,12.849,1,0.492626,0.36288,0,34.022,4.0026,29.8896,0.84672,12.849,0.84672,3695.15,0,18.483,0.0937174,0.46974,1.69284,3.28774,0.945386,4.41121,0.42336,0,0,18.483,0.42336,442.007,0,1.02816,0,0,1.4979,0.46974,1.028160,1,0,34.3463,0,0,0,34.3463,0
66.0492,2.62652,0,0,1.7873,0.15169,0.36288,3.6288,61.308,0.310924,0,0,0.600092,0.208792,0.0803761,0.66528,12.849,1,0.500692,0.36288,0,32.4281,4.0026,28.2877,0.84672,12.849,0.84672,3695.15,0,18.483,0.0937365,0.452555,1.69294,3.49746,0.945386,4.60383,0.42336,0,0,18.483,0.42336,442.007,0,1.02816,0,0,1.48071,0.452555,1.028160,1,0,32.9719,0,0,0,32.9719,0
64.6137,2.61807,0,0,1.69559,0.150072,0.36288,3.6288,61.308,0.310987,0,0,0.58314,0.208792,0.0633602,0.66528,12.849,1,0.509312,0.36288,0,30.4576,4.0026,26.3085,0.84672,12.849,0.84672,3695.15,0,18.483,0.0937556,0.389517,1.69304,3.23361,0.945386,4.27702,0.42336,0,0,18.483,0.42336,442.007,0,1.02816,0,0,1.41768,0.389517,1.028160,1,0,30.6489,0,0,0,30.6489,0
63.0583,2.60879,0,0,1.5557,0.139489,0.36288,3.6288,61.308,0.31105,0,0,0.567454,0.218879,0.0375247,0.66528,12.849,1,0.51878,0.36288,0,30.6199,4.36539,26.0986,0.84672,12.849,0.84672,3695.15,0,18.483,0.0937748,0.355631,1.69313,3.37972,1.00379,4.33091,0.42336,0,0,18.483,0.42336,442.007,0,1.02816,0,0,1.38379,0.355631,1.028160,1,0,30.467,0,0,0,30.467,0
61.4179,2.57504,0,0,1.41334,0.115852,0.36288,3.6288,61.2969,0.342155,0,0,0.575164,0.244094,0,0.66528,12.849,1,0.524699,0.36288,0,35.1987,5.27237,29.7645,0.84672,12.849,0.84672,3695.15,0,18.483,0.103152,0.442092,1.69323,4.03285,1.14981,4.91521,0.42336,0,0,18.483,0.42336,442.007,0,1.02816,0,0,1.47025,0.442092,1.028160,1,0,34.6797,0,0,0,34.6797,0
59.6693,2.56359,0,0,1.29218,0.114302,0.36288,3.6288,61.272,0.342206,0,0,0.56136,0.244077,0,0.66528,12.849,1,0.53632,0.36288,0,34.7018,5.27237,29.256,0.84672,12.849,0.84672,3695.15,0,18.483,0.103186,0.469083,1.71929,3.98326,1.14981,4.91864,0.42336,0,0,18.483,0.42336,442.007,0,1.02816,0,0,1.49724,0.469083,1.028160,1,0,34.1746,0,0,0,34.1746,0
57.824,2.55081,0,0,1.18096,0.112563,0.36288,3.6288,61.2031,0.349819,0,0,0.524953,0.244038,0,0.66528,12.849,1,0.549283,0.36288,0,32.64,5.27237,27.1813,0.84672,12.849,0.84672,3695.15,0,18.483,0.105525,0.261274,1.71939,3.7904,1.14981,4.51573,0.42336,0,0,18.483,0.42336,442.007,0,1.01829,0,0,1.27957,0.261274,1.028160,1,0,31.697,0,0,0,31.697,0
55.9167,2.53661,0,0,1.08594,0.09367,0.36288,3.6288,61.0636,0.34915,0,0,0.497467,0.287779,0,0.66528,12.849,1,0.563658,0.36288,0,29.2239,5.83696,23.1861,0.84672,12.849,0.84672,3695.15,0,18.483,0.105441,0.261274,1.71949,3.60901,1.3559,4.12842,0.42336,0,0,18.483,0.42336,442.007,0,1.01913,0,0,1.2804,0.261274,1.028160,1,0,27.3145,0,0,0,27.3145,0
54.016,2.57996,0,0,1.1184,0.0763118,0.36288,3.6288,61.0051,0.390643,0,0,0.653768,0.321688,0,0.66528,12.849,1,0.592845,0.36288,0,25.6495,6.17699,19.2425,0.84672,12.849,0.84672,3695.15,0,18.483,0.118242,0.261274,1.71959,3.15147,1.57046,3.44363,0.42336,0,0,18.483,0.42336,442.007,0,1.00094,0,0,1.26221,0.261274,1.028160,1,0,22.6862,0,0,0,22.6862,0
52.1118,2.56326,0,0,1.09624,0.0743492,0.36288,3.6288,60.944,0.369729,0,0,0.630418,0.321786,0,0.66528,12.849,1,0.609732,0.36288,0,33.3499,6.16308,26.9399,0.84672,12.849,0.84672,3695.15,0,18.483,0.112019,0.362232,1.76107,3.40977,1.58046,3.84059,0.42336,0,0,18.483,0.42336,442.007,0,1.02816,0,0,1.39039,0.362232,1.028160,1,0,30.7805,0,0,0,30.7805,0
50.1569,2.54553,0,0,1.02648,0.072913,0.36288,3.6288,60.8389,0.369709,0,0,0.586257,0.321662,0,0.66528,12.849,1,0.627642,0.36288,0,26.7767,6.16308,20.3488,0.84672,12.849,0.84672,3695.15,0,18.483,0.112125,0.33645,1.76117,3.07363,1.58046,3.47866,0.42336,0,0,18.483,0.42336,442.007,0,1.02816,0,0,1.36461,0.33645,1.028160,1,0,23.8275,0,0,0,23.8275,0
48.1309,2.5262,0,0,0.934563,0.0714387,0.36288,3.6288,60.6269,0.447035,0,0,0.556573,0.321447,0,0.66528,12.849,1,0.647153,0.36288,0,24.4034,6.16308,17.9561,0.84672,12.849,0.84672,3695.15,0,18.483,0.13581,0.227405,1.76127,2.86703,1.58046,3.13944,0.42336,0,0,18.483,0.42336,442.007,0,0.927236,0,0,1.15464,0.227405,1.028160,1,0,21.0955,0,0,0,21.0955,0
46.0776,2.67213,0,0,1.04513,0.0634847,0.36288,3.6288,60.483,0.469035,0,0,0.675786,0.350717,0,0.66528,12.849,1,0.713351,0.36288,0,24.5018,6.29933,17.852,0.84672,12.849,0.84672,3695.15,0,18.483,0.142992,0.47666,1.76138,4.20234,1.57428,4.72311,0.42336,0,0,18.483,0.42336,442.007,0,1.02816,0,0,1.50482,0.47666,1.028160,1,0,22.5751,0,0,0,22.5751,0
44.0042,2.64743,0,0,0.999579,0.0626825,0.36288,3.6288,60.2834,0.468847,0,0,0.653231,0.38395,0,0.66528,12.849,1,0.738251,0.36288,0,23.7244,6.30651,17.0425,0.84672,12.849,0.84672,3695.15,0,18.483,0.143275,0.263105,1.90165,3.36338,1.53117,3.85368,0.42336,0,0,18.483,0.42336,442.007,0,1.02816,0,0,1.29127,0.263105,1.028160,1,0,20.8962,0,0,0,20.8962,0
41.8366,2.62066,0,0,0.877185,0.061234,0.36288,3.6288,60.0616,0.468556,0,0,0.630188,0.383463,0,0.66528,12.849,1,0.765219,0.36288,0,30.158,6.30651,23.4492,0.84672,12.849,0.84672,3695.15,0,18.483,0.14366,0.205572,1.90176,3.2298,1.53117,3.66229,0.42336,0,0,18.483,0.42336,442.007,0,1.02816,0,0,1.23373,0.205572,1.028160,1,0,27.1114,0,0,0,27.1114,0
39.7194,2.59047,0,0,0.895864,0.0597196,0.36288,3.6288,59.9333,0.468223,0,0,0.722894,0.382922,0,0.66528,12.849,1,0.795596,0.36288,0,26.1243,6.30651,19.385,0.84672,12.849,0.84672,3695.15,0,18.483,0.144088,0.275504,1.90187,3.35407,1.53117,3.85618,0.42336,0,0,18.483,0.42336,442.007,0,1.02816,0,0,1.30366,0.275504,1.028160,1,0,23.2412,0,0,0,23.2412,0
37.7426,2.55858,0,0,0.998447,0.0537172,0.36288,3.6288,59.7901,0.468059,0,0,0.710409,0.385626,0,0.66528,12.849,1,0.827687,0.36288,0,27.9745,6.34938,21.1603,0.84672,12.849,0.84672,3695.15,0,18.483,0.144346,0.603089,1.90198,4.32851,1.53633,5.1529,0.42336,0,0,18.483,0.42336,442.007,0,1.02816,0,0,1.63125,0.603089,1.028160,1,0,26.3132,0,0,0,26.3132,0
36.261,2.4493,0,0,1.36961,0.039084,0.36288,3.6288,59.5727,0.407568,0,0,0.580696,0.390497,0,0.66528,12.849,1,0.833834,0.36288,0,31.6375,6.28857,24.878,0.84672,12.849,0.84672,3695.15,0,18.483,0.125992,0.422954,1.90209,4.43892,1.48631,5.15166,0.42336,0,0,18.483,0.42336,442.007,0,1.02816,0,0,1.45111,0.422954,1.028160,1,0,30.0297,0,0,0,30.0297,0
34.6944,2.43661,0,0,1.3552,0.122264,0.36288,3.6288,59.5512,0.407286,0,0,0.701714,0.315861,0,0.66528,12.849,1,0.84672,0.36288,0,28.9655,4.42922,24.0525,0.84672,12.849,0.84672,3695.15,0,18.483,0.126364,0.669108,1.82185,5.06462,1.02839,6.40082,0.42336,0,0,18.483,0.42336,442.007,0,1.02816,0,0,1.69727,0.669108,1.028160,1,0,30.4533,0,0,0,30.4533,0
33.2342,2.43679,0,0,1.46792,0.128457,0.36288,3.6288,59.6617,0.40732,0,0,0.837544,0.319798,0,0.66528,12.849,1,0.84672,0.36288,0,31.783,4.49431,26.8049,0.84672,12.849,0.84672,3695.15,0,18.483,0.12642,0.739904,1.82195,5.80535,1.06567,7.17512,0.42336,0,0,18.483,0.42336,442.007,0,1.02816,0,0,1.76806,0.739904,1.028160,1,0,33.98,0,0,0,33.98,0
31.8025,2.43698,0,0,1.49433,0.126173,0.36288,3.6288,59.7904,0.407568,0,0,0.856328,0.320023,0,0.66528,12.849,1,0.84672,0.36288,0,45.1863,4.49431,40.2082,0.84672,12.849,0.84672,3695.15,0,18.483,0.126263,0.860095,1.82206,6.25298,1.06567,7.7432,0.42336,0,0,18.483,0.42336,442.007,0,1.02816,0,0,1.88825,0.860095,1.028160,1,0,47.9514,0,0,0,47.9514,0
31.0394,2.35234,0,0,2.11615,0.164082,0.36288,3.6288,59.9623,0.352944,0,0,0.764802,0.239994,0,0.66528,12.849,1,0.84672,0.36288,0,59.5581,4.46687,54.6074,0.84672,12.849,0.84672,3695.15,0,18.483,0.109106,0.77747,1.82216,7.89742,1.1824,9.20554,0.42336,0,0,18.483,0.42336,442.007,0,1.02816,0,0,1.80563,0.77747,1.028160,1,0,63.8129,0,0,0,63.8129,0
31.1765,2.35253,0,0,3.03091,0.178402,0.36288,3.6288,60.2605,0.353249,0,0,0.859526,0.208105,0,0.66528,12.849,1,0.84672,0.36288,0,65.8503,4.45589,60.9106,0.84672,12.849,0.84672,3695.15,0,18.483,0.108887,0.585593,1.75084,7.55571,1.2291,8.55416,0.42336,0,0,18.483,0.42336,442.007,0,1.02816,0,0,1.61375,0.585593,1.028160,1,0,69.4647,0,0,0,69.4647,0
31.0761,2.35271,0,0,2.79393,0.178717,0.36288,3.6288,60.7887,0.353727,0,0,1.09043,0.2085,0,0.66528,12.849,1,0.84672,0.36288,0,56.2865,4.45589,51.3468,0.84672,12.849,0.84672,3695.15,0,18.483,0.108495,1.1144,1.75094,10.4249,1.2291,11.9526,0.42336,0,0,18.483,0.42336,442.007,0,1.02816,0,0,2.14256,1.1144,1.028160,1,0,63.2994,0,0,0,63.2994,0
31.0916,2.3529,0,0,2.93028,0.199029,0.36288,3.6288,61.308,0.354516,0,0,1.42212,0.218394,0.32986,0.66528,12.849,1,0.84672,0.36288,0,81.0589,3.74506,76.83,0.84672,12.849,0.84672,3695.15,0,18.483,0.107792,1.10116,1.75104,9.65034,1.07791,11.3168,0.42336,0,0,18.483,0.42336,442.007,0,1.02816,0,0,2.12932,1.10116,1.028160,1,0,88.4767,0,0,0,88.4767,0
32.7563,2.1121,0,0,4.33871,0.199037,0.36288,3.6288,61.308,0.240244,0,0,1.49997,0.211182,1.04855,0.66528,12.849,1,0.84672,0.36288,0,77.5498,3.73508,73.3309,0.84672,12.849,0.84672,3695.15,0,18.483,0.0724282,1.8492,1.75114,12.1389,1.03609,14.6307,0.42336,0,0,18.483,0.42336,442.007,0,1.02816,0,0,2.87736,1.8492,1.028160,1,0,89.0101,0,0,0,89.0101,0
32.2581,2.12531,0,0,2.21384,0.223856,0.36288,3.6288,61.308,0.240303,0,0,1.95172,0.190105,1.52131,0.66528,12.849,1,0.833677,0.36288,0,69.3732,3.86946,65.0329,0.84672,12.849,0.84672,3695.15,0,18.483,0.0724461,1.76912,1.59041,11.6682,1.00225,13.9531,0.42336,0,0,18.483,0.42336,442.007,0,1.02816,0,0,2.79728,1.76912,1.028160,1,0,80.5073,0,0,0,80.5073,0
31.6957,2.11623,0,0,2.13919,0.222465,0.36288,3.6288,61.308,0.240363,0,0,1.65061,0.190105,1.22014,0.66528,12.849,1,0.842933,0.36288,0,46.9999,3.86946,42.6504,0.84672,12.849,0.84672,3695.15,0,18.483,0.072464,1.34137,1.5905,9.81642,1.00225,11.6736,0.42336,0,0,18.483,0.42336,442.007,0,1.02816,0,0,2.36953,1.34137,1.028160,1,0,55.5441,0,0,0,55.5441,0
30.9084,2.11261,0,0,1.90909,0.220895,0.36288,3.6288,61.308,0.240422,0,0,1.71922,0.190105,1.28869,0.66528,12.849,1,0.84672,0.36288,0,60.1579,3.86946,55.8046,0.84672,12.849,0.84672,3695.15,0,18.483,0.0724819,1.46928,1.59059,10.2971,1.00225,12.2822,0.42336,0,0,18.483,0.42336,442.007,0,1.02816,0,0,2.49744,1.46928,1.028160,1,0,69.3755,0,0,0,69.3755,0
31.5103,2.11278,0,0,3.29442,0.216832,0.36288,3.6288,61.308,0.240481,0,0,1.80596,0.222425,1.34305,0.66528,12.849,1,0.84672,0.36288,0,52.664,4.86171,47.3184,0.84672,12.849,0.84672,3695.15,0,18.483,0.0724998,1.82373,1.59068,11.2218,1.31029,13.2534,0.42336,0,0,18.483,0.42336,442.007,0,1.02816,0,0,2.85189,1.82373,1.028160,1,0,61.9149,0,0,0,61.9149,0
32.4159,2.20566,0,0,3.64154,0.167452,0.36288,3.6288,61.308,0.27386,0,0,0.767551,0.196067,0.297624,0.66528,12.849,1,0.84672,0.36288,0,58.1242,3.34499,54.2954,0.84672,12.849,0.84672,3695.15,0,18.483,0.0825628,0.512577,1.59078,7.50032,0.675695,8.84542,0.42336,0,0,18.483,0.42336,442.007,0,1.02816,0,0,1.54074,0.512577,1.028160,1,0,63.4384,0,0,0,63.4384,0
37.334,2.20582,0,0,7.6562,0.169372,0.36288,3.6288,61.308,0.273915,0,0,2.02507,0.196067,1.55509,0.66528,12.849,1,0.84672,0.36288,0,141.04,3.34499,137.211,0.84672,12.849,0.84672,3695.15,0,18.483,0.0825794,2.259,1.64175,16.075,0.675695,19.2174,0.42336,0,0,18.483,0.42336,442.007,0,1.02816,0,0,3.28716,2.259,1.028160,1,0,157.984,0,0,0,157.984,0
42.1219,2.27108,0,0,7.62294,0.201067,0.36288,3.6288,61.308,0.273971,0,0,1.83996,0.210503,1.35548,0.66528,12.849,1,0.781623,0.36288,0,152.105,3.61935,148.067,0.84672,12.849,0.84672,3695.15,0,18.483,0.082596,3.09096,1.64183,14.405,0.746097,18.3091,0.42336,0,0,18.483,0.42336,442.007,0,1.02816,0,0,4.11912,3.09096,1.028160,1,0,167.732,0,0,0,167.732,0
48.5049,2.33928,0,0,9.32783,0.24266,0.36288,3.6288,61.308,0.274026,0,0,1.82473,0.22975,1.32096,0.66528,12.849,1,0.713581,0.36288,0,265.18,3.98517,260.844,0.84672,12.849,0.84672,3695.15,0,18.483,0.0826126,3.56814,1.64192,17.3428,0.839966,21.6303,0.42336,0,0,18.483,0.42336,442.007,0,1.02816,0,0,4.5963,3.56814,1.028160,1,0,283.795,0,0,0,283.795,0
51.3732,2.64906,0,0,6.1392,0.258995,0.36288,3.6288,61.308,0.399193,0,0,1.62904,0.228015,1.00183,0.66528,12.849,1,0.701739,0.36288,0,131.394,4.19643,126.858,0.84672,12.849,0.84672,3695.15,0,18.483,0.120348,3.39345,1.642,12.0155,1.10498,15.8256,0.42336,0,0,18.483,0.42336,442.007,0,1.02816,0,0,4.42161,3.39345,1.028160,1,0,143.686,0,0,0,143.686,0
52.9235,2.68054,0,0,4.85939,0.265671,0.36288,3.6288,61.308,0.399255,0,0,1.18217,0.226714,0.556199,0.66528,12.849,1,0.670433,0.36288,0,112.369,4.35487,107.707,0.84672,12.849,0.84672,3695.15,0,18.483,0.120367,2.07704,1.82369,11.488,1.30373,13.9646,0.42336,0,0,18.483,0.42336,442.007,0,1.02816,0,0,3.1052,2.07704,1.028160,1,0,122.228,0,0,0,122.228,0
55.1171,2.69648,0,0,5.5136,0.260649,0.36288,3.6288,61.308,0.399317,0,0,1.14637,0.231835,0.51522,0.66528,12.849,1,0.654665,0.36288,0,99.0688,4.16911,94.6079,0.84672,12.849,0.84672,3695.15,0,18.483,0.120385,2.05385,1.82379,10.2235,1.20229,12.7785,0.42336,0,0,18.483,0.42336,442.007,0,1.02816,0,0,3.08201,2.05385,1.028160,1,0,107.902,0,0,0,107.902,0
58.1755,2.71775,0,0,6.38177,0.242704,0.36288,3.6288,61.308,0.399378,0,0,1.10265,0.24464,0.458627,0.66528,12.849,1,0.633568,0.36288,0,145.055,3.70472,141.08,0.84672,12.849,0.84672,3695.15,0,18.483,0.120404,1.89363,1.82388,10.5214,0.948673,13.1699,0.42336,0,0,18.483,0.42336,442.007,0,1.02816,0,0,2.92179,1.89363,1.028160,1,0,154.708,0,0,0,154.708,0
59.5757,2.39721,0,0,4.43748,0.277153,0.36288,3.6288,61.308,0.231503,0,0,0.974411,0.206655,0.536253,0.66528,12.849,1,0.529463,0.36288,0,102.464,3.3236,98.9735,0.84672,12.849,0.84672,3695.15,0,18.483,0.0697929,1.40977,1.82398,8.78792,0.914206,11.0377,0.42336,0,0,18.483,0.42336,442.007,0,1.02816,0,0,2.43793,1.40977,1.028160,1,0,110.547,0,0,0,110.547,0
59.9703,2.40757,0,0,3.46644,0.301458,0.36288,3.6288,61.308,0.231556,0,0,0.99303,0.178167,0.583307,0.66528,12.849,1,0.519253,0.36288,0,93.1875,3.03775,89.9934,0.84672,12.849,0.84672,3695.15,0,18.483,0.0698089,1.21256,1.5756,9.24782,0.888356,11.0778,0.42336,0,0,18.483,0.42336,442.007,0,1.02816,0,0,2.24072,1.21256,1.028160,1,0,101.654,0,0,0,101.654,0
61.6818,2.41051,0,0,4.78757,0.3026,0.36288,3.6288,61.308,0.231608,0,0,0.919529,0.178167,0.509754,0.66528,12.849,1,0.516467,0.36288,0,106.916,3.03775,103.724,0.84672,12.849,0.84672,3695.15,0,18.483,0.0698248,1.27535,1.57568,10.5043,0.888356,12.3972,0.42336,0,0,18.483,0.42336,442.007,0,1.02816,0,0,2.30351,1.27535,1.028160,1,0,116.631,0,0,0,116.631,0
62.089,2.4225,0,0,3.49246,0.299972,0.36288,3.6288,61.308,0.231661,0,0,0.90053,0.219814,0.449055,0.66528,12.849,1,0.504632,0.36288,0,82.9734,3.96333,78.8683,0.84672,12.849,0.84672,3695.15,0,18.483,0.0698408,1.30988,1.57576,9.98663,1.14065,11.6618,0.42336,0,0,18.483,0.42336,442.007,0,1.02816,0,0,2.33804,1.30988,1.028160,1,0,90.9791,0,0,0,90.9791,0
63.8625,2.42536,0,0,4.8592,0.297384,0.36288,3.6288,61.308,0.231714,0,0,1.22389,0.229773,0.762403,0.66528,12.849,1,0.501917,0.36288,0,103.567,4.30812,99.1197,0.84672,12.849,0.84672,3695.15,0,18.483,0.0698568,1.69546,1.57584,11.6524,1.23305,13.6208,0.42336,0,0,18.483,0.42336,442.007,0,1.02816,0,0,2.72362,1.69546,1.028160,1,0,113.503,0,0,0,113.503,0
66.4267,2.52614,0,0,5.75039,0.297154,0.36288,3.6288,61.308,0.272862,0,0,1.30632,0.189581,0.843874,0.66528,12.849,1,0.508254,0.36288,0,179.842,4.15548,175.541,0.84672,12.849,0.84672,3695.15,0,18.483,0.0822618,2.3203,1.57592,16.1189,1.18193,18.7509,0.42336,0,0,18.483,0.42336,442.007,0,1.02816,0,0,3.34846,2.3203,1.028160,1,0,195.136,0,0,0,195.136,0
67.8754,2.54271,0,0,4.65758,0.30333,0.36288,3.6288,61.308,0.272917,0,0,0.817664,0.189581,0.355166,0.66528,12.849,1,0.49184,0.36288,0,115.531,4.15548,111.246,0.84672,12.849,0.84672,3695.15,0,18.483,0.0822784,1.26209,1.63737,9.36973,1.18193,11.005,0.42336,0,0,18.483,0.42336,442.007,0,1.02816,0,0,2.29025,1.26209,1.028160,1,0,122.606,0,0,0,122.606,0
69.0768,2.55167,0,0,4.38241,0.266484,0.36288,3.6288,61.308,0.272972,0,0,0.71515,0.216976,0.225202,0.66528,12.849,1,0.483038,0.36288,0,125.045,4.69533,120.23,0.84672,12.849,0.84672,3695.15,0,18.483,0.082295,0.943021,1.63746,8.4297,1.28151,9.64638,0.42336,0,0,18.483,0.42336,442.007,0,1.02816,0,0,1.97118,0.943021,1.028160,1,0,130.101,0,0,0,130.101,0
69.6148,2.55889,0,0,3.71254,0.25271,0.36288,3.6288,61.308,0.273027,0,0,0.669332,0.227935,0.16837,0.66528,12.849,1,0.475979,0.36288,0,91.0215,4.91127,85.9972,0.84672,12.849,0.84672,3695.15,0,18.483,0.0823116,0.69533,1.63754,7.45528,1.32134,8.3845,0.42336,0,0,18.483,0.42336,442.007,0,1.02816,0,0,1.72349,0.69533,1.028160,1,0,94.55,0,0,0,94.55,0
70.3251,2.52681,0,0,3.81651,0.216547,0.36288,3.6288,61.308,0.257118,0,0,0.777358,0.229082,0.291157,0.66528,12.849,1,0.466381,0.36288,0,85.2621,4.17327,80.9853,0.84672,12.849,0.84672,3695.15,0,18.483,0.0775154,0.800859,1.63762,7.35532,1.20841,8.50787,0.42336,0,0,18.483,0.42336,442.007,0,1.02816,0,0,1.82902,0.800859,1.028160,1,0,89.7844,0,0,0,89.7844,0
70.6999,2.53093,0,0,3.48014,0.211501,0.36288,3.6288,61.308,0.257172,0,0,0.876321,0.229274,0.389874,0.66528,12.849,1,0.462422,0.36288,0,82.6537,4.05027,78.5039,0.84672,12.849,0.84672,3695.15,0,18.483,0.0775318,1.01375,1.61382,7.7112,1.18959,9.07164,0.42336,0,0,18.483,0.42336,442.007,0,1.02816,0,0,2.04191,1.01375,1.028160,1,0,87.9654,0,0,0,87.9654,0
70.7352,2.53313,0,0,3.1434,0.212112,0.36288,3.6288,61.308,0.257227,0,0,0.7654,0.229274,0.2789,0.66528,12.849,1,0.460371,0.36288,0,77.0386,4.05027,72.8908,0.84672,12.849,0.84672,3695.15,0,18.483,0.0775482,0.642289,1.6139,7.22321,1.18959,8.21226,0.42336,0,0,18.483,0.42336,442.007,0,1.02816,0,0,1.67045,0.642289,1.028160,1,0,81.382,0,0,0,81.382,0
71.422,2.53346,0,0,3.77727,0.194138,0.36288,3.6288,61.308,0.257281,0,0,0.739593,0.238175,0.244136,0.66528,12.849,1,0.460201,0.36288,0,82.9276,4.75204,78.0782,0.84672,12.849,0.84672,3695.15,0,18.483,0.0775645,0.707633,1.61399,9.70358,1.21726,10.7304,0.42336,0,0,18.483,0.42336,442.007,0,1.02816,0,0,1.73579,0.707633,1.028160,1,0,89.0527,0,0,0,89.0527,0
71.3414,2.6577,0,0,3.09766,0.157675,0.36288,3.6288,61.308,0.31396,0,0,0.798932,0.24608,0.238893,0.66528,12.849,1,0.478127,0.36288,0,69.1508,5.18402,63.8515,0.84672,12.849,0.84672,3695.15,0,18.483,0.0946518,1.03988,1.61407,7.86836,1.14944,9.27821,0.42336,0,0,18.483,0.42336,442.007,0,1.02816,0,0,2.06804,1.03988,1.028160,1,0,73.3686,0,0,0,73.3686,0
71.4879,2.65738,0,0,3.30657,0.13983,0.36288,3.6288,61.308,0.314017,0,0,0.840923,0.240794,0.286111,0.66528,12.849,1,0.47861,0.36288,0,69.787,4.51237,65.1589,0.84672,12.849,0.84672,3695.15,0,18.483,0.0946691,0.995976,1.6977,7.54471,1.00983,9.13389,0.42336,0,0,18.483,0.42336,442.007,0,1.02816,0,0,2.02414,0.995976,1.028160,1,0,74.5789,0,0,0,74.5789,0
71.3169,2.65835,0,0,2.9902,0.139987,0.36288,3.6288,61.308,0.314074,0,0,0.808868,0.240794,0.254,0.66528,12.849,1,0.477804,0.36288,0,67.1259,4.51237,62.4986,0.84672,12.849,0.84672,3695.15,0,18.483,0.0946863,0.466629,1.69779,7.20351,1.00983,8.26342,0.42336,0,0,18.483,0.42336,442.007,0,1.02816,0,0,1.49479,0.466629,1.028160,1,0,71.016,0,0,0,71.016,0
70.816,2.65752,0,0,2.65931,0.139804,0.36288,3.6288,61.308,0.335826,0,0,0.72102,0.240794,0.144399,0.66528,12.849,1,0.478799,0.36288,0,58.6716,4.51237,54.0434,0.84672,12.849,0.84672,3695.15,0,18.483,0.101244,0.30119,1.69788,6.79545,1.00983,7.68344,0.42336,0,0,18.483,0.42336,442.007,0,0.999925,0,0,1.30111,0.30119,1.028160,1,0,61.8712,0,0,0,61.8712,0
70.1289,2.65479,0,0,2.45678,0.126201,0.36288,3.6288,61.308,0.314188,0,0,0.698203,0.252567,0.131447,0.66528,12.849,1,0.481691,0.36288,0,50.8255,4.70097,46.0057,0.84672,12.849,0.84672,3695.15,0,18.483,0.0947208,0.333331,1.69797,6.34381,1.05776,7.22262,0.42336,0,0,18.483,0.42336,442.007,0,1.02816,0,0,1.36149,0.333331,1.028160,1,0,53.3598,0,0,0,53.3598,0
69.6212,2.6272,0,0,2.58349,0.101101,0.36288,3.6288,61.168,0.486605,0,0,0.632094,0.285458,0,0.66528,12.849,1,0.481354,0.36288,0,41.8043,5.22627,36.4596,0.84672,12.849,0.84672,3695.15,0,18.483,0.146701,0.30119,1.69806,4.74117,1.1953,5.39841,0.42336,0,0,18.483,0.42336,442.007,0,0.844353,0,0,1.14554,0.30119,1.028160,1,0,41.858,0,0,0,41.858,0
68.9774,2.62437,0,0,2.44411,0.100705,0.36288,3.6288,60.9552,0.544821,0,0,0.617174,0.285205,0,0.66528,12.849,1,0.484343,0.36288,0,40.5478,5.22627,35.2,0.84672,12.849,0.84672,3695.15,0,18.483,0.164627,0.30119,1.72418,4.33064,1.1953,4.99608,0.42336,0,0,18.483,0.42336,442.007,0,0.768286,0,0,1.06948,0.30119,1.028160,1,0,40.1961,0,0,0,40.1961,0
68.2295,2.62069,0,0,2.32657,0.0908728,0.36288,3.6288,60.7282,0.522501,0,0,0.595859,0.300331,0,0.66528,12.849,1,0.488179,0.36288,0,38.9225,5.44344,33.3538,0.84672,12.849,0.84672,3695.15,0,18.483,0.158434,0.261274,1.72427,4.17165,1.2688,4.72996,0.42336,0,0,18.483,0.42336,442.007,0,0.796876,0,0,1.05815,0.261274,1.028160,1,0,38.0837,0,0,0,38.0837,0
67.3686,2.61633,0,0,2.19504,0.0767069,0.36288,3.6288,60.4846,0.498743,0,0,0.574849,0.319754,0,0.66528,12.849,1,0.492708,0.36288,0,36.869,6.00466,30.7345,0.84672,12.849,0.84672,3695.15,0,18.483,0.151796,0.261274,1.72436,4.13776,1.40715,4.56445,0.42336,0,0,18.483,0.42336,442.007,0,0.827349,0,0,1.08862,0.261274,1.028160,1,0,35.299,0,0,0,35.299,0
66.4168,2.67211,0,0,2.15224,0.0690415,0.36288,3.6288,60.0581,0.617175,0,0,0.520427,0.329705,0,0.66528,12.849,1,0.509644,0.36288,0,35.683,6.04041,29.4959,0.84672,12.849,0.84672,3695.15,0,18.483,0.188598,0.261274,1.72445,3.89245,1.4647,4.22487,0.42336,0,0,18.483,0.42336,442.007,0,0.708307,0,0,0.969581,0.261274,1.028160,1,0,33.7207,0,0,0,33.7207,0
65.3908,2.66613,0,0,2.06714,0.064179,0.36288,3.6288,59.4999,0.692235,0,0,0.470051,0.335983,0,0.66528,12.849,1,0.51579,0.36288,0,33.1258,6.05178,26.9212,0.84672,12.849,0.84672,3695.15,0,18.483,0.213037,0.261274,1.76604,3.46205,1.49498,3.78134,0.42336,0,0,18.483,0.42336,442.007,0,0.608887,0,0,0.87016,0.261274,1.028160,1,0,30.7025,0,0,0,30.7025,0
64.2025,2.65951,0,0,1.89773,0.0636561,0.36288,3.6288,58.8847,0.745294,0,0,0.464889,0.334788,0,0.66528,12.849,1,0.522581,0.36288,0,30.281,6.05178,24.0695,0.84672,12.849,0.84672,3695.15,0,18.483,0.231517,0.261274,1.76613,3.38602,1.49498,3.68692,0.42336,0,0,18.483,0.42336,442.007,0,0.537425,0,0,0.798699,0.261274,1.028160,1,0,27.7564,0,0,0,27.7564,0
63.4191,2.65158,0,0,2.27997,0.0488166,0.36288,3.6288,58.6303,0.501821,0,0,0.566095,0.318729,0,0.66528,12.849,1,0.530668,0.36288,0,31.711,6.26,25.2833,0.84672,12.849,0.84672,3695.15,0,18.483,0.157514,0.227405,1.76622,5.05584,1.5538,5.33816,0.42336,0,0,18.483,0.42336,442.007,0,0.85498,0,0,1.08238,0.227405,1.028160,1,0,30.6214,0,0,0,30.6214,0
62.3284,2.823,0,0,2.14407,0.0489,0.36288,3.6288,58.047,0.736881,0,0,0.464367,0.310753,0,0.66528,12.849,1,0.571953,0.36288,0,30.7077,6.30228,24.1963,0.84672,12.849,0.84672,3695.15,0,18.483,0.232299,0.227405,1.76631,3.59307,1.56026,3.79423,0.42336,0,0,18.483,0.42336,442.007,0,0.675596,0,0,0.903001,0.227405,1.028160,1,0,27.9906,0,0,0,27.9906,0
61.5505,2.81485,0,0,2.45568,0.0559005,0.36288,3.6288,57.3353,0.810971,0,0,0.428895,0.329611,0,0.66528,12.849,1,0.580282,0.36288,0,28.8054,6.34473,22.2433,0.84672,12.849,0.84672,3695.15,0,18.483,0.258225,0.227405,1.90697,2.9836,1.5315,3.32825,0.42336,0,0,18.483,0.42336,442.007,0,0.575666,0,0,0.803071,0.227405,1.028160,1,0,25.5715,0,0,0,25.5715,0
60.3453,2.80893,0,0,2.0222,0.0555436,0.36288,3.6288,56.5012,0.879307,0,0,0.373302,0.328097,0,0.66528,12.849,1,0.58638,0.36288,0,35.76,6.34473,29.1918,0.84672,12.849,0.84672,3695.15,0,18.483,0.283459,0.227405,1.90707,2.66184,1.5315,2.98135,0.42336,0,0,18.483,0.42336,442.007,0,0.482181,0,0,0.709586,0.227405,1.028160,1,0,32.1731,0,0,0,32.1731,0
59.3651,2.79942,0,0,2.23708,0.0549906,0.36288,3.6288,55.9941,0.69364,0,0,0.512793,0.326322,0,0.66528,12.849,1,0.596065,0.36288,0,30.6594,6.34473,24.0815,0.84672,12.849,0.84672,3695.15,0,18.483,0.226907,0.204422,1.90717,3.18094,1.5315,3.53412,0.42336,0,0,18.483,0.42336,442.007,0,0.724485,0,0,0.928907,0.204422,1.028160,1,0,27.6156,0,0,0,27.6156,0
58.2317,2.79147,0,0,2.0777,0.0567648,0.36288,3.6288,55.3468,0.74748,0,0,0.412165,0.311917,0,0.66528,12.849,1,0.604187,0.36288,0,29.4146,5.97504,23.1983,0.84672,12.849,0.84672,3695.15,0,18.483,0.246735,0.204422,1.90727,3.61401,1.38759,4.09137,0.42336,0,0,18.483,0.42336,442.007,0,0.650903,0,0,0.855325,0.204422,1.028160,1,0,27.2896,0,0,0,27.2896,0
57.1442,2.6971,0,0,2.10062,0.128143,0.36288,3.6288,54.9251,0.712345,0,0,0.541124,0.250481,0,0.66528,12.849,1,0.595124,0.36288,0,28.8907,4.47006,24.1884,0.84672,12.849,0.84672,3695.15,0,18.483,0.237887,0.204422,1.90736,4.70623,1.05684,5.52329,0.42336,0,0,18.483,0.42336,442.007,0,0.615813,0,0,0.820235,0.204422,1.028160,1,0,29.7117,0,0,0,29.7117,0
56.6195,2.688,0,0,2.65296,0.126787,0.36288,3.6288,54.298,0.868744,0,0,0.491363,0.249787,0,0.66528,12.849,1,0.604402,0.36288,0,37.5539,4.47006,32.8424,0.84672,12.849,0.84672,3695.15,0,18.483,0.292343,0.204422,1.82689,4.8957,1.05684,5.57783,0.42336,0,0,18.483,0.42336,442.007,0,0.405038,0,0,0.60946,0.204422,1.028160,1,0,38.4202,0,0,0,38.4202,0
56.4816,2.68357,0,0,3.03467,0.126133,0.36288,3.6288,54.282,0.464875,0,0,0.697683,0.248755,0,0.66528,12.849,1,0.608999,0.36288,0,39.8636,4.47006,35.1474,0.84672,12.849,0.84672,3695.15,0,18.483,0.158243,0.216518,1.82698,4.49454,1.05684,5.32296,0.42336,0,0,18.483,0.42336,442.007,0,0.943089,0,0,1.15961,0.216518,1.028160,1,0,40.4704,0,0,0,40.4704,0
57.5064,2.6825,0,0,4.19621,0.125961,0.36288,3.6288,54.9093,0.401439,0,0,1.27748,0.248729,0,0.66528,12.849,1,0.610242,0.36288,0,39.2696,4.47006,34.5522,0.84672,12.849,0.84672,3695.15,0,18.483,0.13669,1.70399,1.82708,6.67912,1.05684,9.01666,0.42336,0,0,18.483,0.42336,442.007,0,1.02816,0,0,2.73215,1.70399,1.028160,1,0,43.5688,0,0,0,43.5688,0
59.6303,2.622,0,0,5.21001,0.101275,0.36288,3.6288,55.4812,0.348749,0,0,1.14672,0.226132,0,0.66528,12.849,1,0.585848,0.36288,0,64.1721,4.03428,59.9149,0.84672,12.849,0.84672,3695.15,0,18.483,0.117392,1.04329,1.82717,6.164,0.942351,7.97472,0.42336,0,0,18.483,0.42336,442.007,0,1.02816,0,0,2.07145,1.04329,1.028160,1,0,67.8896,0,0,0,67.8896,0
58.8433,2.6393,0,0,2.42023,0.205048,0.36288,3.6288,55.4918,0.349715,0,0,0.555764,0.195422,0,0.66528,12.849,1,0.568711,0.36288,0,33.6986,3.84374,29.649,0.84672,12.849,0.84672,3695.15,0,18.483,0.116504,0.293959,1.75565,4.60091,1.0301,5.50391,0.42336,0,0,18.483,0.42336,442.007,0,1.02816,0,0,1.32212,0.293959,1.028160,1,0,35.1529,0,0,0,35.1529,0
57.6447,2.63319,0,0,2.00101,0.203499,0.36288,3.6288,55.4254,0.349789,0,0,0.47888,0.195435,0,0.66528,12.849,1,0.574983,0.36288,0,27.0257,3.84374,22.9699,0.84672,12.849,0.84672,3695.15,0,18.483,0.116507,0.407039,1.75574,4.46285,1.0301,5.47902,0.42336,0,0,18.483,0.42336,442.007,0,1.02816,0,0,1.4352,0.407039,1.028160,1,0,28.4489,0,0,0,28.4489,0
59.5452,2.62355,0,0,5.08801,0.201141,0.36288,3.6288,56.4135,0.349743,0,0,1.53315,0.19535,0,0.66528,12.849,1,0.58479,0.36288,0,75.3994,3.84374,71.3337,0.84672,12.849,0.84672,3695.15,0,18.483,0.116631,3.33907,1.75583,10.4297,1.0301,14.3779,0.42336,0,0,18.483,0.42336,442.007,0,1.02816,0,0,4.36723,3.33907,1.028160,1,0,85.7116,0,0,0,85.7116,0
62.7192,2.44029,0,0,6.19475,0.217492,0.36288,3.6288,58.3851,0.23826,0,0,2.40666,0.19685,0,0.66528,12.849,1,0.52658,0.36288,0,90.8159,3.95938,86.6928,0.84672,12.849,0.84672,3695.15,0,18.483,0.0780622,2.30323,1.75592,12.578,1.07614,15.483,0.42336,0,0,18.483,0.42336,442.007,0,1.02816,0,0,3.33139,2.30323,1.028160,1,0,102.176,0,0,0,102.176,0
64.8702,2.46254,0,0,5.23229,0.255895,0.36288,3.6288,59.9527,0.240315,0,0,2.00788,0.199972,0,0.66528,12.849,1,0.504489,0.36288,0,63.0203,4.24851,58.6302,0.84672,12.849,0.84672,3695.15,0,18.483,0.0760767,2.26681,1.59474,15.276,1.19122,17.8703,0.42336,0,0,18.483,0.42336,442.007,0,1.02816,0,0,3.29497,2.26681,1.028160,1,0,76.5005,0,0,0,76.5005,0
65.8753,2.47663,0,0,4.10493,0.260398,0.36288,3.6288,60.3196,0.241889,0,0,0.810839,0.201991,0,0.66528,12.849,1,0.490552,0.36288,0,54.8473,4.24851,50.4711,0.84672,12.849,0.84672,3695.15,0,18.483,0.0745727,0.877314,1.59482,8.43052,1.19122,9.63686,0.42336,0,0,18.483,0.42336,442.007,0,1.02816,0,0,1.90547,0.877314,1.028160,1,0,60.108,0,0,0,60.108,0
66.6442,2.48302,0,0,3.87058,0.255743,0.36288,3.6288,60.6296,0.242289,0,0,0.782606,0.230356,0,0.66528,12.849,1,0.484314,0.36288,0,47.935,4.35207,43.4615,0.84672,12.849,0.84672,3695.15,0,18.483,0.0742418,0.442308,1.5949,6.77335,1.27113,7.46519,0.42336,0,0,18.483,0.42336,442.007,0,1.02816,0,0,1.47047,0.442308,1.028160,1,0,50.9267,0,0,0,50.9267,0
67.8176,2.48783,0,0,4.27631,0.252211,0.36288,3.6288,60.934,0.242634,0,0,0.79881,0.251772,0,0.66528,12.849,1,0.479654,0.36288,0,70.7063,4.42974,66.1598,0.84672,12.849,0.84672,3695.15,0,18.483,0.0739672,0.416318,1.59499,8.76553,1.33107,9.3718,0.42336,0,0,18.483,0.42336,442.007,0,1.02816,0,0,1.44448,0.416318,1.028160,1,0,75.5316,0,0,0,75.5316,0
69.4519,2.5731,0,0,4.85469,0.284434,0.36288,3.6288,61.15,0.276333,0,0,0.69153,0.199217,0,0.66528,12.849,1,0.487509,0.36288,0,54.4713,3.29538,51.0513,0.84672,12.849,0.84672,3695.15,0,18.483,0.0838195,0.689446,1.59507,8.40145,0.858399,9.74375,0.42336,0,0,18.483,0.42336,442.007,0,1.02816,0,0,1.71761,0.689446,1.028160,1,0,60.7951,0,0,0,60.7951,0
70.9289,2.5829,0,0,4.71598,0.293128,0.36288,3.6288,61.2471,0.276609,0,0,0.564383,0.190638,0,0.66528,12.849,1,0.477851,0.36288,0,71.3282,3.10632,68.1069,0.84672,12.849,0.84672,3695.15,0,18.483,0.083607,0.419653,1.64617,7.47965,0.779621,8.68224,0.42336,0,0,18.483,0.42336,442.007,0,1.02816,0,0,1.44781,0.419653,1.028160,1,0,76.7892,0,0,0,76.7892,0
72.29,2.59144,0,0,6.86033,0.296486,2.61134,3.6288,61.308,0.27676,0,0,1.07349,0.190755,0.545075,0.66528,12.849,1,0.469447,2.61134,0,88.1297,3.10632,87.1653,0.84672,12.849,0.84672,3695.15,0,18.483,0.08352,0.884546,1.64624,8.5606,0.779621,10.2282,0.42336,0,0,18.483,0.42336,442.007,0,1.02816,0,0,1.91271,0.884546,1.028160,1,0,97.9386,0,0,0,97.9386,0
72.29,2.59906,0,0,8.64268,0.299579,5.74403,3.6288,61.308,0.276873,0,0,1.44226,0.190828,0.974557,0.66528,12.849,1,0.461964,5.74403,0,96.7697,3.10632,98.9455,0.84672,12.849,0.84672,3695.15,0,18.483,0.083471,1.55834,1.64632,10.7116,0.779621,13.0532,0.42336,0,0,18.483,0.42336,442.007,0,1.02816,0,0,2.5865,1.55834,1.028160,1,0,112.973,0,0,0,112.973,0
72.29,2.8527,0,0,7.72149,0.340697,4.52809,3.6288,61.308,0.402369,0,0,1.69666,0.178814,1.11548,0.66528,12.849,1,0.507046,4.52809,0,134.2,3.31098,134.91,0.84672,12.849,0.84672,3695.15,0,18.483,0.121305,2.60919,1.64639,10.0754,0.774912,13.4348,0.42336,0,0,18.483,0.42336,442.007,0,1.02816,0,0,3.63735,2.60919,1.028160,1,0,149.46,0,0,0,149.46,0
72.29,2.85283,0,0,5.41584,0.346803,2.2162,3.6288,61.308,0.402424,0,0,0.965632,0.185912,0.377297,0.66528,12.849,1,0.50707,2.2162,0,90.4686,3.2403,88.9374,0.84672,12.849,0.84672,3695.15,0,18.483,0.121322,0.94843,1.82856,8.12376,0.84453,9.9349,0.42336,0,0,18.483,0.42336,442.007,0,1.02816,0,0,1.97659,0.94843,1.028160,1,0,99.2496,0,0,0,99.2496,0
72.29,2.85296,0,0,4.53361,0.339011,1.34163,3.6288,61.308,0.402478,0,0,1.09612,0.20251,0.491134,0.66528,12.849,1,0.507093,1.34163,0,82.6269,3.63342,79.828,0.84672,12.849,0.84672,3695.15,0,18.483,0.121338,1.09043,1.82865,9.23331,0.967518,11.0635,0.42336,0,0,18.483,0.42336,442.007,0,1.02816,0,0,2.11859,1.09043,1.028160,1,0,91.3827,0,0,0,91.3827,0
72.29,2.8531,0,0,5.36062,0.313972,2.19355,3.6288,61.308,0.402533,0,0,1.04014,0.208118,0.429492,0.66528,12.849,1,0.507116,2.19355,0,85.0401,4.50895,82.2175,0.84672,12.849,0.84672,3695.15,0,18.483,0.121355,1.20734,1.82873,10.4697,1.27692,12.1075,0.42336,0,0,18.483,0.42336,442.007,0,1.02816,0,0,2.2355,1.20734,1.028160,1,0,94.7545,0,0,0,94.7545,0
72.29,2.49156,0,0,6.76055,0.299706,3.96928,3.6288,61.308,0.234206,0,0,1.34571,0.219871,0.891629,0.66528,12.849,1,0.442856,3.96928,0,115.296,4.08064,114.741,0.84672,12.849,0.84672,3695.15,0,18.483,0.070608,1.52111,1.82882,11.8709,1.06149,14.0888,0.42336,0,0,18.483,0.42336,442.007,0,1.02816,0,0,2.54927,1.52111,1.028160,1,0,129.722,0,0,0,129.722,0
72.29,2.49168,0,0,7.91502,0.324773,5.09857,3.6288,61.308,0.234254,0,0,2.6194,0.215054,2.17009,0.66528,12.849,1,0.442877,5.09857,0,157.845,4.2526,158.248,0.84672,12.849,0.84672,3695.15,0,18.483,0.0706222,2.49696,1.57977,15.4393,1.18003,18.2654,0.42336,0,0,18.483,0.42336,442.007,0,1.02816,0,0,3.52512,2.49696,1.028160,1,0,178.684,0,0,0,178.684,0
72.29,2.49179,0,0,7.68334,0.324773,4.86677,3.6288,61.308,0.234301,0,0,1.93367,0.215054,1.48431,0.66528,12.849,1,0.442897,4.86677,0,128.904,4.2526,129.076,0.84672,12.849,0.84672,3695.15,0,18.483,0.0706365,1.83583,1.57984,12.4633,1.18003,14.6283,0.42336,0,0,18.483,0.42336,442.007,0,1.02816,0,0,2.86399,1.83583,1.028160,1,0,145.188,0,0,0,145.188,0
72.29,2.49191,0,0,5.88514,0.324773,3.06846,3.6288,61.308,0.234348,0,0,1.98121,0.215054,1.53181,0.66528,12.849,1,0.442918,3.06846,0,122.951,4.2526,121.324,0.84672,12.849,0.84672,3695.15,0,18.483,0.0706507,2.92367,1.57991,13.6978,1.18003,16.9507,0.42336,0,0,18.483,0.42336,442.007,0,1.02816,0,0,3.95183,2.92367,1.028160,1,0,139.806,0,0,0,139.806,0
72.29,2.49202,0,0,6.87338,0.33693,4.04443,3.6288,61.308,0.234395,0,0,2.53434,0.18334,2.1166,0.66528,12.849,1,0.442938,4.04443,0,129.383,4.19195,128.793,0.84672,12.849,0.84672,3695.15,0,18.483,0.0706649,3.07858,1.57998,23.9464,1.10706,27.4272,0.42336,0,0,18.483,0.42336,442.007,0,1.02816,0,0,4.10674,3.07858,1.028160,1,0,158.336,0,0,0,158.336,0
72.29,2.58319,0,0,5.27253,0.299479,2.38985,3.6288,61.308,0.275644,0,0,1.62654,0.191783,1.15911,0.66528,12.849,1,0.459143,2.38985,0,85.8932,4.18191,83.642,0.84672,12.849,0.84672,3695.15,0,18.483,0.0831006,1.38512,1.58006,7.38348,1.01866,9.2469,0.42336,0,0,18.483,0.42336,442.007,0,1.02816,0,0,2.41328,1.38512,1.028160,1,0,94.048,0,0,0,94.048,0
72.29,2.58331,0,0,3.33327,0.333499,0.416457,3.6288,61.308,0.292316,0,0,1.21838,0.182071,0.74399,0.66528,12.849,1,0.459164,0.416457,0,52.208,3.82389,48.3414,0.84672,12.849,0.84672,3695.15,0,18.483,0.0881269,0.558835,1.64166,5.98428,1.06108,7.03557,0.42336,0,0,18.483,0.42336,442.007,0,1.00653,0,0,1.56536,0.558835,1.028160,1,0,56.1209,0,0,0,56.1209,0
71.9363,2.58343,0,0,2.92609,0.333499,0.36288,3.6288,61.308,0.275742,0,0,1.25264,0.182071,0.794822,0.66528,12.849,1,0.459185,0.36288,0,45.1045,3.82389,41.1843,0.84672,12.849,0.84672,3695.15,0,18.483,0.0831302,0.647032,1.64173,6.197,1.06108,7.34155,0.42336,0,0,18.483,0.42336,442.007,0,1.02816,0,0,1.67519,0.647032,1.028160,1,0,49.3207,0,0,0,49.3207,0
71.4472,2.58163,0,0,2.788,0.332604,0.36288,3.6288,61.308,0.275791,0,0,1.40247,0.182071,0.944608,0.66528,12.849,1,0.461122,0.36288,0,42.7545,3.82389,38.8324,0.84672,12.849,0.84672,3695.15,0,18.483,0.083145,0.95491,1.64181,7.16558,1.06108,8.61808,0.42336,0,0,18.483,0.42336,442.007,0,1.02816,0,0,1.98307,0.95491,1.028160,1,0,48.3951,0,0,0,48.3951,0
71.3754,2.54353,0,0,3.08991,0.255219,0.36288,3.6288,61.308,0.259835,0,0,1.18274,0.197214,0.725689,0.66528,12.849,1,0.457427,0.36288,0,49.9369,4.09233,45.75,0.84672,12.849,0.84672,3695.15,0,18.483,0.0783345,0.784115,1.64188,7.16561,1.16306,8.35021,0.42336,0,0,18.483,0.42336,442.007,0,1.02816,0,0,1.81227,0.784115,1.028160,1,0,54.8259,0,0,0,54.8259,0
71.4564,2.54326,0,0,3.2366,0.249462,0.36288,3.6288,61.308,0.259883,0,0,1.20112,0.18995,0.751282,0.66528,12.849,1,0.457837,0.36288,0,49.9917,4.03683,45.8599,0.84672,12.849,0.84672,3695.15,0,18.483,0.0783491,0.66947,1.61801,5.9555,1.17179,6.99283,0.42336,0,0,18.483,0.42336,442.007,0,1.02816,0,0,1.69763,0.66947,1.028160,1,0,53.6041,0,0,0,53.6041,0
72.29,2.54382,0,0,4.4476,0.23449,0.835737,3.6288,61.308,0.259932,0,0,1.32087,0.19352,0.867423,0.66528,12.849,1,0.457419,0.835737,0,65.1806,4.14519,61.4137,0.84672,12.849,0.84672,3695.15,0,18.483,0.0783637,0.875975,1.61808,5.94867,1.15174,7.21263,0.42336,0,0,18.483,0.42336,442.007,0,1.02816,0,0,1.90413,0.875975,1.028160,1,0,69.4938,0,0,0,69.4938,0
72.0143,2.54841,0,0,2.83351,0.197927,0.36288,3.6288,61.308,0.25998,0,0,1.11446,0.202446,0.652031,0.66528,12.849,1,0.452961,0.36288,0,47.7091,4.41609,43.203,0.84672,12.849,0.84672,3695.15,0,18.483,0.0783782,0.54648,1.61815,5.27692,1.10159,6.26159,0.42336,0,0,18.483,0.42336,442.007,0,1.02816,0,0,1.57464,0.54648,1.028160,1,0,50.1166,0,0,0,50.1166,0
71.4044,2.66788,0,0,2.60937,0.188508,0.36288,3.6288,61.308,0.316798,0,0,0.954202,0.201768,0.435636,0.66528,12.849,1,0.476011,0.36288,0,42.2468,4.11459,38.0191,0.84672,12.849,0.84672,3695.15,0,18.483,0.0955076,0.478699,1.61823,4.72947,1.06241,5.66848,0.42336,0,0,18.483,0.42336,442.007,0,1.02816,0,0,1.50686,0.478699,1.028160,1,0,44.1232,0,0,0,44.1232,0
70.9974,2.66456,0,0,2.78573,0.165227,0.36288,3.6288,61.308,0.316849,0,0,0.881124,0.200073,0.364202,0.66528,12.849,1,0.479479,0.36288,0,40.4425,3.36084,36.965,0.84672,12.849,0.84672,3695.15,0,18.483,0.095523,0.624594,1.70207,4.89577,0.964459,6.16245,0.42336,0,0,18.483,0.42336,442.007,0,1.02816,0,0,1.65275,0.624594,1.028160,1,0,43.4917,0,0,0,43.4917,0
70.4844,2.66235,0,0,2.67689,0.164714,0.36288,3.6288,61.308,0.3169,0,0,0.897627,0.200073,0.380654,0.66528,12.849,1,0.481829,0.36288,0,38.1256,3.36084,34.6459,0.84672,12.849,0.84672,3695.15,0,18.483,0.0955384,0.542333,1.70215,4.88176,0.964459,6.06624,0.42336,0,0,18.483,0.42336,442.007,0,1.02816,0,0,1.57049,0.542333,1.028160,1,0,41.0927,0,0,0,41.0927,0
69.8062,2.65951,0,0,2.50826,0.164066,0.36288,3.6288,61.308,0.316951,0,0,0.835376,0.200073,0.318352,0.66528,12.849,1,0.484817,0.36288,0,35.7165,3.36084,32.2337,0.84672,12.849,0.84672,3695.15,0,18.483,0.0955537,0.43537,1.70223,4.5262,0.964459,5.60379,0.42336,0,0,18.483,0.42336,442.007,0,1.02816,0,0,1.46353,0.43537,1.028160,1,0,38.1558,0,0,0,38.1558,0
69.0534,2.65566,0,0,2.37044,0.104718,0.36288,3.6288,61.308,0.317002,0,0,0.795675,0.250586,0.228087,0.66528,12.849,1,0.488818,0.36288,0,33.6893,4.52931,29.034,0.84672,12.849,0.84672,3695.15,0,18.483,0.0955691,0.482034,1.7023,4.33574,1.13034,5.29417,0.42336,0,0,18.483,0.42336,442.007,0,1.02816,0,0,1.51019,0.482034,1.028160,1,0,34.5563,0,0,0,34.5563,0
67.964,2.62754,0,0,2.02117,0.120088,0.36288,3.6288,61.308,0.348262,0,0,0.770221,0.212408,0.209552,0.66528,12.849,1,0.488915,0.36288,0,28.7471,4.68531,23.9357,0.84672,12.849,0.84672,3695.15,0,18.483,0.104993,0.411385,1.70238,4.20785,1.01777,5.19886,0.42336,0,0,18.483,0.42336,442.007,0,1.02816,0,0,1.43954,0.411385,1.028160,1,0,29.3442,0,0,0,29.3442,0
66.7008,2.62107,0,0,1.83976,0.11907,0.36288,3.6288,61.308,0.411368,0,0,0.720403,0.212408,0.0966277,0.66528,12.849,1,0.495528,0.36288,0,27.5973,4.68531,22.7793,0.84672,12.849,0.84672,3695.15,0,18.483,0.124018,0.30119,1.72856,3.95291,1.01777,4.84088,0.42336,0,0,18.483,0.42336,442.007,0,0.946097,0,0,1.24729,0.30119,1.028160,1,0,27.7168,0,0,0,27.7168,0
65.3121,2.61332,0,0,1.69172,0.104215,0.36288,3.6288,61.308,0.385516,0,0,0.687787,0.245315,0.056956,0.66528,12.849,1,0.503421,0.36288,0,24.4657,5.10876,19.2164,0.84672,12.849,0.84672,3695.15,0,18.483,0.116225,0.261274,1.72864,3.80354,1.17233,4.5049,0.42336,0,0,18.483,0.42336,442.007,0,0.979811,0,0,1.24108,0.261274,1.028160,1,0,23.7783,0,0,0,23.7783,0
63.8496,2.6045,0,0,1.58992,0.0850355,0.36288,3.6288,61.2572,0.403247,0,0,0.641624,0.289191,0,0.66528,12.849,1,0.512389,0.36288,0,21.7189,5.67336,15.896,0.84672,12.849,0.84672,3695.15,0,18.483,0.12157,0.261274,1.72872,3.66161,1.37842,4.15162,0.42336,0,0,18.483,0.42336,442.007,0,0.956802,0,0,1.21808,0.261274,1.028160,1,0,20.0476,0,0,0,20.0476,0
62.2689,2.6554,0,0,1.52209,0.0844997,0.36288,3.6288,61.251,0.376218,0,0,0.667281,0.29724,0,0.66528,12.849,1,0.534369,0.36288,0,20.5109,5.79342,14.546,0.84672,12.849,0.84672,3695.15,0,18.483,0.113516,0.264522,1.7288,3.60678,1.40559,4.08099,0.42336,0,0,18.483,0.42336,442.007,0,1.02816,0,0,1.29268,0.264522,1.028160,1,0,18.627,0,0,0,18.627,0
60.6792,2.64428,0,0,1.50125,0.0837579,0.36288,3.6288,61.1618,0.376263,0,0,0.590422,0.303334,0,0.66528,12.849,1,0.545639,0.36288,0,25.9187,5.88347,19.8525,0.84672,12.849,0.84672,3695.15,0,18.483,0.11354,0.391893,1.77049,3.94839,1.42597,4.57125,0.42336,0,0,18.483,0.42336,442.007,0,1.02816,0,0,1.42005,0.391893,1.028160,1,0,24.4237,0,0,0,24.4237,0
59.0068,2.63261,0,0,1.40572,0.0826645,0.36288,3.6288,61.0315,0.37619,0,0,0.549069,0.303163,0,0.66528,12.849,1,0.557462,0.36288,0,20.8104,5.88347,14.7323,0.84672,12.849,0.84672,3695.15,0,18.483,0.113684,0.365558,1.77057,3.55916,1.42597,4.15563,0.42336,0,0,18.483,0.42336,442.007,0,1.02816,0,0,1.39372,0.365558,1.028160,1,0,18.888,0,0,0,18.888,0
57.2226,2.61975,0,0,1.27985,0.0813865,0.36288,3.6288,60.8153,0.434621,0,0,0.521269,0.302913,0,0.66528,12.849,1,0.570463,0.36288,0,18.9659,5.88347,12.8749,0.84672,12.849,0.84672,3695.15,0,18.483,0.131622,0.227405,1.77065,3.31989,1.42597,3.76036,0.42336,0,0,18.483,0.42336,442.007,0,0.95186,0,0,1.17926,0.227405,1.028160,1,0,16.6352,0,0,0,16.6352,0
55.4811,2.77935,0,0,1.47073,0.070011,0.36288,3.6288,60.6912,0.476043,0,0,0.646493,0.294524,0,0.66528,12.849,1,0.624085,0.36288,0,20.3808,5.99133,14.1283,0.84672,12.849,0.84672,3695.15,0,18.483,0.144679,0.630556,1.77073,4.94747,1.46827,5.73581,0.42336,0,0,18.483,0.42336,442.007,0,1.02816,0,0,1.65872,0.630556,1.028160,1,0,19.8641,0,0,0,19.8641,0
53.4999,2.76357,0,0,1.21608,0.0708939,0.36288,3.6288,60.5012,0.475874,0,0,0.575511,0.289653,0,0.66528,12.849,1,0.640021,0.36288,0,21.9329,5.64806,16.0077,0.84672,12.849,0.84672,3695.15,0,18.483,0.144923,0.334256,1.91173,3.88283,1.4639,4.51999,0.42336,0,0,18.483,0.42336,442.007,0,1.02816,0,0,1.36242,0.334256,1.028160,1,0,20.5277,0,0,0,20.5277,0
51.4132,2.74458,0,0,1.09031,0.06949,0.36288,3.6288,60.258,0.475584,0,0,0.521694,0.289304,0,0.66528,12.849,1,0.659163,0.36288,0,19.5796,5.64806,13.6353,0.84672,12.849,0.84672,3695.15,0,18.483,0.14529,0.245808,1.91182,3.78635,1.4639,4.33478,0.42336,0,0,18.483,0.42336,442.007,0,1.02816,0,0,1.27397,0.245808,1.028160,1,0,17.9701,0,0,0,17.9701,0
49.564,2.7233,0,0,1.30497,0.0680113,0.36288,3.6288,60.0544,0.475193,0,0,0.560435,0.288857,0,0.66528,12.849,1,0.680598,0.36288,0,20.2637,5.64806,14.2979,0.84672,12.849,0.84672,3695.15,0,18.483,0.145756,0.355398,1.9119,4.15317,1.4639,4.81082,0.42336,0,0,18.483,0.42336,442.007,0,1.02816,0,0,1.38356,0.355398,1.028160,1,0,19.1087,0,0,0,19.1087,0
48.6418,2.70326,0,0,2.23137,0.0874701,0.36288,3.6288,60.0162,0.474873,0,0,0.719833,0.283162,0,0.66528,12.849,1,0.700795,0.36288,0,33.676,5.49963,27.8385,0.84672,12.849,0.84672,3695.15,0,18.483,0.146152,0.583425,1.91199,4.59723,1.4457,5.5008,0.42336,0,0,18.483,0.42336,442.007,0,1.02816,0,0,1.61158,0.583425,1.028160,1,0,33.3393,0,0,0,33.3393,0
47.9071,2.61071,0,0,2.3499,0.11096,0.36288,3.6288,59.9578,0.414191,0,0,0.598845,0.243038,0,0.66528,12.849,1,0.689635,0.36288,0,22.7943,4.59722,17.8703,0.84672,12.849,0.84672,3695.15,0,18.483,0.127557,0.320484,1.91208,4.58632,1.12245,5.56887,0.42336,0,0,18.483,0.42336,442.007,0,1.02816,0,0,1.34864,0.320484,1.028160,1,0,23.4392,0,0,0,23.4392,0
47.0979,2.60249,0,0,2.28544,0.129324,0.36288,3.6288,60.1753,0.414151,0,0,0.865668,0.233986,0,0.66528,12.849,1,0.698006,0.36288,0,22.361,4.30826,17.7176,0.84672,12.849,0.84672,3695.15,0,18.483,0.127669,0.961476,1.8314,6.15496,1.05765,7.76251,0.42336,0,0,18.483,0.42336,442.007,0,1.02816,0,0,1.98964,0.961476,1.028160,1,0,25.4801,0,0,0,25.4801,0
46.2785,2.59319,0,0,2.26487,0.128181,0.36288,3.6288,60.5356,0.41456,0,0,1.00919,0.234311,0,0.66528,12.849,1,0.707461,0.36288,0,21.8858,4.30826,17.233,0.84672,12.849,0.84672,3695.15,0,18.483,0.127333,1.28406,1.83148,6.22588,1.05765,8.15643,0.42336,0,0,18.483,0.42336,442.007,0,1.02816,0,0,2.31222,1.28406,1.028160,1,0,25.3894,0,0,0,25.3894,0
45.2007,2.58351,0,0,1.99562,0.127024,0.36288,3.6288,60.7793,0.415196,0,0,0.893661,0.234849,0,0.66528,12.849,1,0.717298,0.36288,0,18.7758,4.30826,14.1132,0.84672,12.849,0.84672,3695.15,0,18.483,0.126769,1.12202,1.83156,5.42886,1.05765,7.19803,0.42336,0,0,18.483,0.42336,442.007,0,1.02816,0,0,2.15018,1.12202,1.028160,1,0,21.3112,0,0,0,21.3112,0
44.6641,2.50391,0,0,2.47973,0.149543,0.36288,3.6288,61.1426,0.360243,0,0,0.95327,0.229687,0,0.66528,12.849,1,0.711775,0.36288,0,30.3542,4.12137,25.884,0.84672,12.849,0.84672,3695.15,0,18.483,0.10955,1.02445,1.83165,7.66011,1.00904,9.39763,0.42336,0,0,18.483,0.42336,442.007,0,1.02816,0,0,2.05261,1.02445,1.028160,1,0,35.2816,0,0,0,35.2816,0
44.8116,2.49738,0,0,3.1883,0.180502,0.36288,3.6288,61.2352,0.360795,0,0,0.676205,0.222833,0,0.66528,12.849,1,0.718449,0.36288,0,38.8345,3.87219,34.6067,0.84672,12.849,0.84672,3695.15,0,18.483,0.109066,0.254206,1.75994,7.18164,0.944218,8.1425,0.42336,0,0,18.483,0.42336,442.007,0,1.02816,0,0,1.28237,0.254206,1.028160,1,0,42.7492,0,0,0,42.7492,0
50.1256,2.49934,0,0,8.35702,0.180803,0.36288,3.6288,61.308,0.360975,0,0,2.02251,0.222963,1.36575,0.66528,12.849,1,0.716644,0.36288,0,86.2991,3.87219,82.0731,0.84672,12.849,0.84672,3695.15,0,18.483,0.108955,3.37751,1.76002,14.5258,0.944218,18.6102,0.42336,0,0,18.483,0.42336,442.007,0,1.02816,0,0,4.40567,3.37751,1.028160,1,0,102.049,0,0,0,102.049,0
52.78,2.55993,0,0,5.78027,0.203104,0.36288,3.6288,61.308,0.361128,0,0,1.37397,0.227692,0.785148,0.66528,12.849,1,0.656201,0.36288,0,64.9845,3.74937,60.9418,0.84672,12.849,0.84672,3695.15,0,18.483,0.108872,1.97231,1.7601,8.45294,0.901793,11.1747,0.42336,0,0,18.483,0.42336,442.007,0,1.02816,0,0,3.00047,1.97231,1.028160,1,0,72.9016,0,0,0,72.9016,0
57.7427,2.39179,0,0,7.95389,0.236519,0.36288,3.6288,61.308,0.245549,0,0,1.79057,0.235565,1.30946,0.66528,12.849,1,0.582267,0.36288,0,60.5679,3.59499,56.7535,0.84672,12.849,0.84672,3695.15,0,18.483,0.0740275,2.59775,1.76018,11.8677,0.846941,15.3047,0.42336,0,0,18.483,0.42336,442.007,0,1.02816,0,0,3.62591,2.59775,1.028160,1,0,73.3676,0,0,0,73.3676,0
64.9901,2.43283,0,0,10.2809,0.237789,0.36288,3.6288,61.308,0.245597,0,0,1.83232,0.213415,1.37331,0.66528,12.849,1,0.541358,0.36288,0,88.5133,4.51101,83.8239,0.84672,12.849,0.84672,3695.15,0,18.483,0.0740419,2.43387,1.5986,15.7731,1.15419,18.5773,0.42336,0,0,18.483,0.42336,442.007,0,1.02816,0,0,3.46203,2.43387,1.028160,1,0,103.775,0,0,0,103.775,0
69.5797,2.48335,0,0,7.68908,0.253278,0.36288,3.6288,61.308,0.245644,0,0,1.58249,0.213415,1.12343,0.66528,12.849,1,0.490976,0.36288,0,80.9412,4.51101,76.3021,0.84672,12.849,0.84672,3695.15,0,18.483,0.0740563,2.00937,1.59867,9.6374,1.15419,12.0172,0.42336,0,0,18.483,0.42336,442.007,0,1.02816,0,0,3.03753,2.00937,1.028160,1,0,89.4428,0,0,0,89.4428,0
72.29,2.5108,0,0,7.31488,0.262615,1.83113,3.6288,61.308,0.245692,0,0,1.81393,0.213415,1.35483,0.66528,12.849,1,0.46366,1.83113,0,102.802,4.51101,99.6586,0.84672,12.849,0.84672,3695.15,0,18.483,0.0740707,2.31853,1.59875,12.6436,1.15419,15.3326,0.42336,0,0,18.483,0.42336,442.007,0,1.02816,0,0,3.34669,2.31853,1.028160,1,0,116.346,0,0,0,116.346,0
72.29,2.52568,0,0,9.55674,0.272099,6.75896,3.6288,61.308,0.24574,0,0,2.10791,0.261623,1.60055,0.66528,12.849,1,0.448921,6.75896,0,76.2731,5.23362,77.3495,0.84672,12.849,0.84672,3695.15,0,18.483,0.074085,2.97198,1.59882,12.0817,1.4392,15.1393,0.42336,0,0,18.483,0.42336,442.007,0,1.02816,0,0,4.00014,2.97198,1.028160,1,0,94.0893,0,0,0,94.0893,0
72.29,2.52568,0,0,5.42733,0.258924,2.64272,3.6288,61.308,0.24574,0,0,1.88011,0.206609,1.42776,0.66528,12.849,1,0.448921,2.64272,0,109.699,3.99817,107.894,0.84672,12.849,0.84672,3695.15,0,18.483,0.074085,2.84316,1.59889,10.8172,1.07295,14.1122,0.42336,0,0,18.483,0.42336,442.007,0,1.02816,0,0,3.87132,2.84316,1.028160,1,0,123.434,0,0,0,123.434,0
72.29,2.60492,0,0,4.37575,0.233779,1.53705,3.6288,61.308,0.279277,0,0,2.52441,0.184782,2.06035,0.66528,12.849,1,0.463005,1.53705,0,103.204,3.45209,100.826,0.84672,12.849,0.84672,3695.15,0,18.483,0.0841957,3.66318,1.59889,14.268,0.956308,18.4896,0.42336,0,0,18.483,0.42336,442.007,0,1.02816,0,0,4.69134,3.66318,1.028160,1,0,121.376,0,0,0,121.376,0
72.29,2.60502,0,0,5.21616,0.233779,2.37735,3.6288,61.308,0.27932,0,0,1.9957,0.184782,1.5316,0.66528,12.849,1,0.463023,2.37735,0,54.0394,3.45209,52.5016,0.84672,12.849,0.84672,3695.15,0,18.483,0.0842086,3.214,1.6501,11.5071,0.956308,15.3307,0.42336,0,0,18.483,0.42336,442.007,0,1.02816,0,0,4.24216,3.214,1.028160,1,0,69.3639,0,0,0,69.3639,0
72.29,2.60513,0,0,7.16221,0.254734,4.30234,3.6288,61.308,0.279363,0,0,2.11676,0.211,1.62639,0.66528,12.849,1,0.463042,4.30234,0,165.628,3.64338,165.824,0.84672,12.849,0.84672,3695.15,0,18.483,0.0842216,3.55141,1.65017,17.1648,1.02308,21.2591,0.42336,0,0,18.483,0.42336,442.007,0,1.02816,0,0,4.57957,3.55141,1.028160,1,0,188.709,0,0,0,188.709,0
72.29,2.60523,0,0,6.92265,0.281631,4.03579,3.6288,61.308,0.279406,0,0,3.55666,0.194671,3.08259,0.66528,12.849,1,0.463061,4.03579,0,187.148,3.91347,186.807,0.84672,12.849,0.84672,3695.15,0,18.483,0.0842346,5.08884,1.65024,19.0173,1.02151,24.6507,0.42336,0,0,18.483,0.42336,442.007,0,1.02816,0,0,6.117,5.08884,1.028160,1,0,214.54,0,0,0,214.54,0
72.29,2.85946,0,0,3.76813,0.284254,0.624416,3.6288,61.308,0.405193,0,0,2.07764,0.189682,1.48277,0.66528,12.849,1,0.508247,0.624416,0,100.078,4.19359,96.0006,0.84672,12.849,0.84672,3695.15,0,18.483,0.122157,2.34639,1.6503,11.5029,1.06651,14.3109,0.42336,0,0,18.483,0.42336,442.007,0,1.02816,0,0,3.37455,2.34639,1.028160,1,0,111.794,0,0,0,111.794,0
72.29,2.85957,0,0,3.94707,0.284254,0.803244,3.6288,61.308,0.405241,0,0,2.14819,0.189682,1.55327,0.66528,12.849,1,0.508268,0.803244,0,105.615,4.19359,101.717,0.84672,12.849,0.84672,3695.15,0,18.483,0.122171,3.02961,1.83289,12.5975,1.06651,16.2713,0.42336,0,0,18.483,0.42336,442.007,0,1.02816,0,0,4.05777,3.02961,1.028160,1,0,119.541,0,0,0,119.541,0
72.29,2.85969,0,0,3.91739,0.284254,0.77345,3.6288,61.308,0.405289,0,0,2.04378,0.189682,1.44881,0.66528,12.849,1,0.508288,0.77345,0,104.635,4.19359,100.706,0.84672,12.849,0.84672,3695.15,0,18.483,0.122186,2.43753,1.83297,11.6662,1.06651,14.748,0.42336,0,0,18.483,0.42336,442.007,0,1.02816,0,0,3.46569,2.43753,1.028160,1,0,116.903,0,0,0,116.903,0
72.29,2.8598,0,0,5.15181,0.266633,2.02537,3.6288,61.308,0.405337,0,0,2.2873,0.189261,1.6927,0.66528,12.849,1,0.508309,2.02537,0,143.086,4.00921,140.594,0.84672,12.849,0.84672,3695.15,0,18.483,0.1222,3.58048,1.83304,13.8147,1.01948,18.0865,0.42336,0,0,18.483,0.42336,442.007,0,1.02816,0,0,4.60864,3.58048,1.028160,1,0,160.373,0,0,0,160.373,0
72.29,2.49741,0,0,5.74845,0.306636,2.94441,3.6288,61.308,0.236608,0,0,2.46046,0.205407,2.01844,0.66528,12.849,1,0.443895,2.94441,0,153.883,4.56907,151.814,0.84672,12.849,0.84672,3695.15,0,18.483,0.0713322,4.18268,1.83312,13.5562,1.15544,18.3453,0.42336,0,0,18.483,0.42336,442.007,0,1.02816,0,0,5.21084,4.18268,1.028160,1,0,172.178,0,0,0,172.178,0
72.29,2.49751,0,0,7.35698,0.306636,4.55283,3.6288,61.308,0.23665,0,0,3.74134,0.205407,3.29928,0.66528,12.849,1,0.443913,4.55283,0,161.553,4.56907,161.093,0.84672,12.849,0.84672,3695.15,0,18.483,0.0713447,6.19931,1.58347,20.0383,1.15544,26.5943,0.42336,0,0,18.483,0.42336,442.007,0,1.02816,0,0,7.22747,6.19931,1.028160,1,0,190.987,0,0,0,190.987,0
72.29,2.49761,0,0,5.48615,0.306636,2.68191,3.6288,61.308,0.236691,0,0,2.51215,0.205407,2.07005,0.66528,12.849,1,0.443931,2.68191,0,139.86,4.56907,137.529,0.84672,12.849,0.84672,3695.15,0,18.483,0.0713571,4.26422,1.58354,13.653,1.15544,18.274,0.42336,0,0,18.483,0.42336,442.007,0,1.02816,0,0,5.29238,4.26422,1.028160,1,0,157.873,0,0,0,157.873,0
72.29,2.49771,0,0,5.62281,0.315753,2.80935,3.6288,61.308,0.236733,0,0,2.21146,0.181622,1.79311,0.66528,12.849,1,0.443949,2.80935,0,137.71,4.52358,135.551,0.84672,12.849,0.84672,3695.15,0,18.483,0.0713696,3.91529,1.5836,12.8083,1.10071,17.1351,0.42336,0,0,18.483,0.42336,442.007,0,1.02816,0,0,4.94345,3.91529,1.028160,1,0,154.48,0,0,0,154.48,0
72.29,2.49781,0,0,6.86665,0.294555,4.07428,3.6288,61.308,0.236774,0,0,3.31133,0.179913,2.89464,0.66528,12.849,1,0.443967,4.07428,0,229.599,5.04426,228.185,0.84672,12.849,0.84672,3695.15,0,18.483,0.071382,4.65874,1.58366,15.6358,1.03709,20.7697,0.42336,0,0,18.483,0.42336,442.007,0,1.02816,0,0,5.6869,4.65874,1.028160,1,0,251.85,0,0,0,251.85,0
72.29,2.58918,0,0,6.11323,0.283947,3.24011,3.6288,61.308,0.278113,0,0,3.17146,0.190116,2.70323,0.66528,12.849,1,0.460207,3.24011,0,135.731,4.6326,133.878,0.84672,12.849,0.84672,3695.15,0,18.483,0.0838448,4.36866,1.58373,17.7098,0.976468,22.6019,0.42336,0,0,18.483,0.42336,442.007,0,1.02816,0,0,5.39682,4.36866,1.028160,1,0,159.183,0,0,0,159.183,0
72.29,2.58928,0,0,5.67104,0.283947,2.79781,3.6288,61.308,0.278156,0,0,2.97282,0.190116,2.50454,0.66528,12.849,1,0.460225,2.79781,0,108.69,4.6326,106.395,0.84672,12.849,0.84672,3695.15,0,18.483,0.0838578,4.18314,1.64546,17.956,0.976468,22.7243,0.42336,0,0,18.483,0.42336,442.007,0,1.02816,0,0,5.2113,4.18314,1.028160,1,0,131.624,0,0,0,131.624,0
72.29,2.58939,0,0,5.91425,0.283947,3.04092,3.6288,61.308,0.278199,0,0,2.99305,0.190116,2.52474,0.66528,12.849,1,0.460244,3.04092,0,190.008,4.6326,187.956,0.84672,12.849,0.84672,3695.15,0,18.483,0.0838707,4.24113,1.64553,19.3742,0.976468,24.2005,0.42336,0,0,18.483,0.42336,442.007,0,1.02816,0,0,5.26929,4.24113,1.028160,1,0,214.682,0,0,0,214.682,0
72.29,2.58949,0,0,4.92717,0.247943,2.08973,3.6288,61.308,0.278242,0,0,2.18259,0.193645,1.7107,0.66528,12.849,1,0.460262,2.08973,0,145.793,4.61412,142.808,0.84672,12.849,0.84672,3695.15,0,18.483,0.0838837,3.53492,1.64559,15.45,1.06883,19.4778,0.42336,0,0,18.483,0.42336,442.007,0,1.02816,0,0,4.56308,3.53492,1.028160,1,0,163.997,0,0,0,163.997,0
72.29,2.5539,0,0,4.24907,0.220941,1.47423,3.6288,61.308,0.262243,0,0,1.6506,0.196292,1.19207,0.66528,12.849,1,0.453937,1.47423,0,113.778,4.60026,110.198,0.84672,12.849,0.84672,3695.15,0,18.483,0.0790604,2.66712,1.64566,11.5614,1.1381,14.6571,0.42336,0,0,18.483,0.42336,442.007,0,1.02816,0,0,3.69528,2.66712,1.028160,1,0,126.048,0,0,0,126.048,0
72.29,2.55401,0,0,3.98184,0.220941,1.20689,3.6288,61.308,0.262285,0,0,1.53481,0.196292,1.07623,0.66528,12.849,1,0.453955,1.20689,0,102.796,4.60026,98.9488,0.84672,12.849,0.84672,3695.15,0,18.483,0.0790731,2.16286,1.62172,10.5097,1.1381,13.0771,0.42336,0,0,18.483,0.42336,442.007,0,1.02816,0,0,3.19102,2.16286,1.028160,1,0,113.102,0,0,0,113.102,0
72.29,2.55411,0,0,3.62465,0.197447,0.873096,3.6288,61.308,0.262327,0,0,1.41292,0.212855,0.937734,0.66528,12.849,1,0.453974,0.873096,0,93.8339,4.8782,89.3748,0.84672,12.849,0.84672,3695.15,0,18.483,0.0790859,2.02674,1.62178,9.10924,1.16777,11.5109,0.42336,0,0,18.483,0.42336,442.007,0,1.02816,0,0,3.0549,2.02674,1.028160,1,0,101.823,0,0,0,101.823,0
72.29,2.55421,0,0,3.55385,0.195458,0.804178,3.6288,61.308,0.26237,0,0,1.35666,0.226522,0.86777,0.66528,12.849,1,0.453992,0.804178,0,86.6445,4.60137,82.3933,0.84672,12.849,0.84672,3695.15,0,18.483,0.0790987,2.14224,1.62185,9.85798,1.06034,12.4826,0.42336,0,0,18.483,0.42336,442.007,0,1.02816,0,0,3.1704,2.14224,1.028160,1,0,95.7437,0,0,0,95.7437,0
72.29,2.67548,0,0,3.45314,0.190133,0.587523,3.6288,61.308,0.319311,0,0,1.17847,0.250403,0.608756,0.66528,12.849,1,0.475547,0.587523,0,92.9336,4.69434,88.3512,0.84672,12.849,0.84672,3695.15,0,18.483,0.0962652,1.76884,1.62191,8.73513,0.996547,11.0331,0.42336,0,0,18.483,0.42336,442.007,0,1.02816,0,0,2.797,1.76884,1.028160,1,0,99.993,0,0,0,99.993,0
72.1958,2.67559,0,0,3.05447,0.110211,0.36288,3.6288,61.308,0.319356,0,0,1.09761,0.274966,0.503287,0.66528,12.849,1,0.475566,0.36288,0,63.2478,5.11203,58.0231,0.84672,12.849,0.84672,3695.15,0,18.483,0.0962786,1.37433,1.70593,8.04384,1.17402,9.8538,0.42336,0,0,18.483,0.42336,442.007,0,1.02816,0,0,2.40249,1.37433,1.028160,1,0,68.3802,0,0,0,68.3802,0
71.9698,2.67517,0,0,2.9222,0.110133,0.36288,3.6288,61.308,0.3194,0,0,1.04862,0.274966,0.454254,0.66528,12.849,1,0.476112,0.36288,0,58.2617,5.11203,53.0364,0.84672,12.849,0.84672,3695.15,0,18.483,0.0962921,1.28573,1.706,7.77937,1.17402,9.50078,0.42336,0,0,18.483,0.42336,442.007,0,1.02816,0,0,2.31389,1.28573,1.028160,1,0,62.9915,0,0,0,62.9915,0
71.6211,2.67401,0,0,2.79809,0.109944,0.36288,3.6288,61.308,0.319445,0,0,1.06604,0.274966,0.471627,0.66528,12.849,1,0.4774,0.36288,0,55.5873,5.11203,50.3607,0.84672,12.849,0.84672,3695.15,0,18.483,0.0963056,1.56609,1.70607,7.40681,1.17402,9.40864,0.42336,0,0,18.483,0.42336,442.007,0,1.02816,0,0,2.59425,1.56609,1.028160,1,0,60.241,0,0,0,60.241,0
71.8736,2.67215,0,0,3.38304,0.0954287,0.36288,3.6288,61.308,0.31949,0,0,0.936775,0.294922,0.322363,0.66528,12.849,1,0.47939,0.36288,0,44.6979,5.39913,39.1823,0.84672,12.849,0.84672,3695.15,0,18.483,0.0963191,0.882541,1.70614,5.3097,1.25199,6.55007,0.42336,0,0,18.483,0.42336,442.007,0,1.02816,0,0,1.9107,0.882541,1.028160,1,0,46.0547,0,0,0,46.0547,0
71.9436,2.64974,0,0,3.17578,0.0932374,0.36288,3.6288,61.308,0.350813,0,0,0.8295,0.298248,0.180439,0.66528,12.849,1,0.473699,0.36288,0,56.5053,5.44698,50.9475,0.84672,12.849,0.84672,3695.15,0,18.483,0.105762,0.751412,1.70621,5.51451,1.26499,6.60138,0.42336,0,0,18.483,0.42336,442.007,0,1.02816,0,0,1.77957,0.751412,1.028160,1,0,57.7294,0,0,0,57.7294,0
71.6648,2.65024,0,0,2.82765,0.093287,0.36288,3.6288,61.308,0.350859,0,0,0.748328,0.298248,0.0992204,0.66528,12.849,1,0.473328,0.36288,0,57.9246,5.44698,52.3672,0.84672,12.849,0.84672,3695.15,0,18.483,0.105776,0.635757,1.73244,5.50648,1.26499,6.50391,0.42336,0,0,18.483,0.42336,442.007,0,1.02816,0,0,1.66392,0.635757,1.028160,1,0,58.9703,0,0,0,58.9703,0
71.2059,2.64878,0,0,2.64583,0.0930892,0.36288,3.6288,61.308,0.350905,0,0,0.714493,0.298248,0.0653402,0.66528,12.849,1,0.474908,0.36288,0,54.0687,5.44698,48.5097,0.84672,12.849,0.84672,3695.15,0,18.483,0.10579,0.597957,1.73251,5.25335,1.26499,6.21304,0.42336,0,0,18.483,0.42336,442.007,0,1.02816,0,0,1.62612,0.597957,1.028160,1,0,54.7881,0,0,0,54.7881,0
70.8109,2.6463,0,0,2.69446,0.0803049,0.36288,3.6288,61.308,0.350951,0,0,0.758592,0.310705,0.0969355,0.66528,12.849,1,0.47752,0.36288,0,59.8707,5.75122,54.0048,0.84672,12.849,0.84672,3695.15,0,18.483,0.105804,0.566352,1.73258,5.12179,1.35641,5.95851,0.42336,0,0,18.483,0.42336,442.007,0,1.02816,0,0,1.59451,0.566352,1.028160,1,0,60.0603,0,0,0,60.0603,0
70.4019,2.70586,0,0,2.73436,0.0745374,0.36288,3.6288,61.308,0.378878,0,0,0.826865,0.30918,0.138808,0.66528,12.849,1,0.490992,0.36288,0,47.1685,5.90352,41.1369,0.84672,12.849,0.84672,3695.15,0,18.483,0.114223,0.792962,1.73265,5.0076,1.39255,6.02643,0.42336,0,0,18.483,0.42336,442.007,0,1.02816,0,0,1.82112,0.792962,1.028160,1,0,47.3021,0,0,0,47.3021,0
69.7893,2.70355,0,0,2.52808,0.0743035,0.36288,3.6288,61.308,0.378925,0,0,0.766791,0.30918,0.0786868,0.66528,12.849,1,0.493423,0.36288,0,45.2305,5.90352,39.1964,0.84672,12.849,0.84672,3695.15,0,18.483,0.114237,0.571329,1.77442,4.35407,1.39255,5.19302,0.42336,0,0,18.483,0.42336,442.007,0,1.02816,0,0,1.59949,0.571329,1.028160,1,0,44.4681,0,0,0,44.4681,0
69.2415,2.70001,0,0,2.58425,0.0691452,0.36288,3.6288,61.308,0.378972,0,0,0.851541,0.31177,0.160799,0.66528,12.849,1,0.497102,0.36288,0,43.0187,5.9783,36.9062,0.84672,12.849,0.84672,3695.15,0,18.483,0.114252,0.787164,1.77449,5.38561,1.40749,6.42552,0.42336,0,0,18.483,0.42336,442.007,0,1.02816,0,0,1.81532,0.787164,1.028160,1,0,43.4925,0,0,0,43.4925,0
68.8159,2.6968,0,0,2.69263,0.0586002,0.36288,3.6288,61.308,0.379019,0,0,0.87302,0.282837,0.211164,0.66528,12.849,1,0.500439,0.36288,0,43.0841,6.10368,36.8429,0.84672,12.849,0.84672,3695.15,0,18.483,0.114266,0.904245,1.77456,5.87888,1.45837,6.98505,0.42336,0,0,18.483,0.42336,442.007,0,1.02816,0,0,1.93241,0.904245,1.028160,1,0,44.0391,0,0,0,44.0391,0
68.1829,2.87424,0,0,2.66321,0.0590141,0.36288,3.6288,61.113,0.479717,0,0,0.579877,0.295136,0,0.66528,12.849,1,0.536665,0.36288,0,37.0599,5.861,31.0251,0.84672,12.849,0.84672,3695.15,0,18.483,0.144624,0.443664,1.77463,4.77361,1.47648,5.3708,0.42336,0,0,18.483,0.42336,442.007,0,1.02816,0,0,1.47182,0.443664,1.028160,1,0,36.3959,0,0,0,36.3959,0
67.8139,2.87016,0,0,2.92275,0.058723,0.36288,3.6288,61.0549,0.479414,0,0,0.716055,0.294773,0,0.66528,12.849,1,0.540879,0.36288,0,47.6617,5.861,41.6227,0.84672,12.849,0.84672,3695.15,0,18.483,0.144994,0.800427,1.91593,5.20742,1.47648,6.3023,0.42336,0,0,18.483,0.42336,442.007,0,1.02816,0,0,1.82859,0.800427,1.028160,1,0,47.925,0,0,0,47.925,0
66.8727,2.8678,0,0,2.34801,0.0585533,0.36288,3.6288,60.7988,0.479359,0,0,0.517913,0.294664,0,0.66528,12.849,1,0.543375,0.36288,0,46.5731,5.861,40.5317,0.84672,12.849,0.84672,3695.15,0,18.483,0.145115,0.241333,1.916,4.1804,1.47648,4.71614,0.42336,0,0,18.483,0.42336,442.007,0,1.02816,0,0,1.26949,0.241333,1.028160,1,0,45.2478,0,0,0,45.2478,0
66.5144,2.8615,0,0,2.92418,0.0581204,0.36288,3.6288,60.9108,0.478941,0,0,0.885191,0.294186,0,0.66528,12.849,1,0.549812,0.36288,0,42.5357,5.861,36.4877,0.84672,12.849,0.84672,3695.15,0,18.483,0.1456,1.37326,1.91608,6.46375,1.47648,8.13101,0.42336,0,0,18.483,0.42336,442.007,0,1.02816,0,0,2.40142,1.37326,1.028160,1,0,44.6187,0,0,0,44.6187,0
66.7809,2.85914,0,0,3.57584,0.0873066,0.36288,3.6288,61.216,0.479198,0,0,1.01963,0.235321,0,0.66528,12.849,1,0.552317,0.36288,0,41.5524,4.69237,36.6705,0.84672,12.849,0.84672,3695.15,0,18.483,0.14541,1.33286,1.91616,9.79023,1.15844,11.7354,0.42336,0,0,18.483,0.42336,442.007,0,1.02816,0,0,2.36102,1.33286,1.028160,1,0,48.4059,0,0,0,48.4059,0
66.843,2.7738,0,0,3.29639,0.0975548,0.36288,3.6288,61.308,0.418723,0,0,0.898785,0.221748,0.16627,0.66528,12.849,1,0.533695,0.36288,0,36.9119,4.48371,32.2574,0.84672,12.849,0.84672,3695.15,0,18.483,0.126426,0.97689,1.91623,8.06406,1.13196,9.69879,0.42336,0,0,18.483,0.42336,442.007,0,1.02816,0,0,2.00505,0.97689,1.028160,1,0,42.1224,0,0,0,42.1224,0
66.5934,2.77433,0,0,2.98519,0.0976028,0.36288,3.6288,61.308,0.418918,0,0,1.07091,0.221877,0.430116,0.66528,12.849,1,0.5333,0.36288,0,38.0654,4.48371,33.4113,0.84672,12.849,0.84672,3695.15,0,18.483,0.126294,1.18407,1.83536,8.68761,1.13196,10.4488,0.42336,0,0,18.483,0.42336,442.007,0,1.02816,0,0,2.21223,1.18407,1.028160,1,0,44.2902,0,0,0,44.2902,0
68.0589,2.77277,0,0,4.74225,0.141123,0.36288,3.6288,61.308,0.418967,0,0,1.45669,0.21405,0.82367,0.66528,12.849,1,0.534997,0.36288,0,91.9911,4.06476,87.7542,0.84672,12.849,0.84672,3695.15,0,18.483,0.126309,2.26267,1.83544,12.0658,1.02817,15.0094,0.42336,0,0,18.483,0.42336,442.007,0,1.02816,0,0,3.29083,2.26267,1.028160,1,0,103.587,0,0,0,103.587,0
72.1665,2.78257,0,0,7.41188,0.158797,0.36288,3.6288,61.308,0.419015,0,0,1.37225,0.211546,0.741686,0.66528,12.849,1,0.525328,0.36288,0,86.11,3.912,82.0356,0.84672,12.849,0.84672,3695.15,0,18.483,0.126324,1.60288,1.83551,13.6493,1.04474,15.9166,0.42336,0,0,18.483,0.42336,442.007,0,1.02816,0,0,2.63104,1.60288,1.028160,1,0,98.6939,0,0,0,98.6939,0
71.5822,2.73553,0,0,2.72187,0.207776,0.36288,3.6288,61.308,0.363436,0,0,0.695736,0.19552,0.13678,0.66528,12.849,1,0.487051,0.36288,0,40.6485,3.61179,36.9126,0.84672,12.849,0.84672,3695.15,0,18.483,0.109568,0.286425,1.83559,3.83435,0.897104,4.94968,0.42336,0,0,18.483,0.42336,442.007,0,1.02816,0,0,1.31458,0.286425,1.028160,1,0,41.999,0,0,0,41.999,0
72.29,2.73227,0,0,4.09138,0.206854,0.444469,3.6288,61.308,0.363482,0,0,1.12856,0.19552,0.569555,0.66528,12.849,1,0.490441,0.444469,0,124.597,3.61179,120.94,0.84672,12.849,0.84672,3695.15,0,18.483,0.109582,1.5018,1.76371,10.3557,0.897104,12.6146,0.42336,0,0,18.483,0.42336,442.007,0,1.02816,0,0,2.52996,1.5018,1.028160,1,0,134.124,0,0,0,134.124,0
72.29,2.73645,0,0,5.62026,0.207971,2.67584,3.6288,61.308,0.363528,0,0,1.23761,0.19552,0.678562,0.66528,12.849,1,0.486384,2.67584,0,84.8996,3.61179,83.4772,0.84672,12.849,0.84672,3695.15,0,18.483,0.109596,1.64628,1.76378,12.785,0.897104,15.1883,0.42336,0,0,18.483,0.42336,442.007,0,1.02816,0,0,2.67444,1.64628,1.028160,1,0,99.3441,0,0,0,99.3441,0
72.29,2.73656,0,0,5.77789,0.207971,2.83335,3.6288,61.308,0.363575,0,0,1.2324,0.19552,0.673306,0.66528,12.849,1,0.486403,2.83335,0,60.8389,3.61179,59.5741,0.84672,12.849,0.84672,3695.15,0,18.483,0.10961,1.54821,1.76385,11.9403,0.897104,14.2457,0.42336,0,0,18.483,0.42336,442.007,0,1.02816,0,0,2.57637,1.54821,1.028160,1,0,74.493,0,0,0,74.493,0
72.29,2.53057,0,0,4.56427,0.282444,1.75126,3.6288,61.308,0.247745,0,0,1.20712,0.231213,0.728163,0.66528,12.849,1,0.44979,1.75126,0,98.5375,4.34847,95.4905,0.84672,12.849,0.84672,3695.15,0,18.483,0.0746895,2.10217,1.76392,9.33742,1.29387,11.835,0.42336,0,0,18.483,0.42336,442.007,0,1.02816,0,0,3.13033,2.10217,1.028160,1,0,108.054,0,0,0,108.054,0
72.29,2.53067,0,0,5.52816,0.282444,2.71504,3.6288,61.308,0.247786,0,0,1.8141,0.231213,1.3351,0.66528,12.849,1,0.449808,2.71504,0,90.7027,4.34847,88.6195,0.84672,12.849,0.84672,3695.15,0,18.483,0.0747021,2.556,1.60199,17.0135,1.29387,19.8029,0.42336,0,0,18.483,0.42336,442.007,0,1.02816,0,0,3.58416,2.556,1.028160,1,0,109.757,0,0,0,109.757,0
72.29,2.53077,0,0,8.35552,0.282444,5.5423,3.6288,61.308,0.247828,0,0,1.40214,0.231213,0.923102,0.66528,12.849,1,0.449826,5.5423,0,216.167,4.34847,216.911,0.84672,12.849,0.84672,3695.15,0,18.483,0.0747147,3.01741,1.60205,17.636,1.29387,20.8868,0.42336,0,0,18.483,0.42336,442.007,0,1.02816,0,0,4.04557,3.01741,1.028160,1,0,238.721,0,0,0,238.721,0
72.29,2.53088,0,0,10.5392,0.282444,7.72584,3.6288,61.308,0.24787,0,0,2.07472,0.231213,1.59564,0.66528,12.849,1,0.449844,7.72584,0,202.112,4.34847,205.04,0.84672,12.849,0.84672,3695.15,0,18.483,0.0747273,3.50025,1.60212,20.6579,1.29387,24.3917,0.42336,0,0,18.483,0.42336,442.007,0,1.02816,0,0,4.52841,3.50025,1.028160,1,0,231.027,0,0,0,231.027,0
72.29,2.53098,0,0,5.3216,0.259685,2.53094,3.6288,61.308,0.247912,0,0,0.881976,0.189431,0.444634,0.66528,12.849,1,0.449862,2.53094,0,175.328,3.53619,173.873,0.84672,12.849,0.84672,3695.15,0,18.483,0.0747399,2.08094,1.60218,11.6339,1.00666,14.2356,0.42336,0,0,18.483,0.42336,442.007,0,1.02816,0,0,3.1091,2.08094,1.028160,1,0,188.553,0,0,0,188.553,0
71.3428,2.61037,0,0,2.26529,0.239254,0.36288,3.6288,61.308,0.281513,0,0,0.569684,0.171333,0.116839,0.66528,12.849,1,0.463973,0.36288,0,35.2274,3.07136,32.0549,0.84672,12.849,0.84672,3695.15,0,18.483,0.0848699,1.32532,1.60225,3.74661,0.830402,5.75891,0.42336,0,0,18.483,0.42336,442.007,0,1.02816,0,0,2.35348,1.32532,1.028160,1,0,37.9307,0,0,0,37.9307,0
71.9509,2.60524,0,0,3.81382,0.237534,0.36288,3.6288,61.308,0.28155,0,0,0.952437,0.171333,0.499555,0.66528,12.849,1,0.469209,0.36288,0,80.4752,3.07136,77.2975,0.84672,12.849,0.84672,3695.15,0,18.483,0.0848811,2.62106,1.65356,7.44708,0.830402,10.8064,0.42336,0,0,18.483,0.42336,442.007,0,1.02816,0,0,3.64922,2.62106,1.028160,1,0,88.6035,0,0,0,88.6035,0
72.29,2.60869,0,0,5.87661,0.238638,2.69023,3.6288,61.308,0.281587,0,0,2.18905,0.171333,1.73613,0.66528,12.849,1,0.465861,2.69023,0,145.065,3.07136,144.218,0.84672,12.849,0.84672,3695.15,0,18.483,0.0848923,6.78298,1.65361,13.6282,0.830402,21.1495,0.42336,0,0,18.483,0.42336,442.007,0,1.02816,0,0,7.81114,6.78298,1.028160,1,0,167.103,0,0,0,167.103,0
72.29,2.61064,0,0,7.48843,0.286931,4.59086,3.6288,61.308,0.281624,0,0,2.22657,0.188295,1.75665,0.66528,12.849,1,0.464021,4.59086,0,199.015,3.53946,199.603,0.84672,12.849,0.84672,3695.15,0,18.483,0.0849035,8.78591,1.65367,14.7707,0.944645,24.1807,0.42336,0,0,18.483,0.42336,442.007,0,1.02816,0,0,9.81407,8.78591,1.028160,1,0,225.54,0,0,0,225.54,0
72.29,2.86537,0,0,7.59836,0.293411,4.43958,3.6288,61.308,0.407665,0,0,2.31761,0.155334,1.75461,0.66528,12.849,1,0.509299,4.43958,0,198.9,3.78735,199.043,0.84672,12.849,0.84672,3695.15,0,18.483,0.122902,10.0912,1.65373,15.2401,0.973018,25.8891,0.42336,0,0,18.483,0.42336,442.007,0,1.02816,0,0,11.1194,10.0912,1.028160,1,0,226.686,0,0,0,226.686,0
72.29,2.86547,0,0,5.92495,0.293411,2.76606,3.6288,61.308,0.407707,0,0,1.56217,0.155334,0.999131,0.66528,12.849,1,0.509316,2.76606,0,142.011,3.78735,140.481,0.84672,12.849,0.84672,3695.15,0,18.483,0.122915,4.6452,1.83669,9.74316,0.973018,15.1291,0.42336,0,0,18.483,0.42336,442.007,0,1.02816,0,0,5.67336,4.6452,1.028160,1,0,156.609,0,0,0,156.609,0
72.29,2.86557,0,0,4.98703,0.283639,1.83781,3.6288,61.308,0.407748,0,0,1.3824,0.168861,0.805791,0.66528,12.849,1,0.509334,1.83781,0,107.895,3.81342,105.411,0.84672,12.849,0.84672,3695.15,0,18.483,0.122927,3.57486,1.83675,8.2436,0.99595,12.5363,0.42336,0,0,18.483,0.42336,442.007,0,1.02816,0,0,4.60302,3.57486,1.028160,1,0,118.753,0,0,0,118.753,0
72.29,2.86567,0,0,6.45158,0.273306,3.3126,3.6288,61.308,0.40779,0,0,2.11041,0.196322,1.5063,0.66528,12.849,1,0.509352,3.3126,0,129.645,3.83754,128.611,0.84672,12.849,0.84672,3695.15,0,18.483,0.12294,6.58949,1.83681,19.2933,1.04742,26.5492,0.42336,0,0,18.483,0.42336,442.007,0,1.02816,0,0,7.61765,6.58949,1.028160,1,0,156.666,0,0,0,156.666,0
72.29,2.50252,0,0,5.12466,0.357884,2.26426,3.6288,61.308,0.238709,0,0,1.55786,0.1582,1.16095,0.66528,12.849,1,0.444803,2.26426,0,110.182,3.59121,108.41,0.84672,12.849,0.84672,3695.15,0,18.483,0.0719655,4.00155,1.83688,9.99285,1.01225,14.7471,0.42336,0,0,18.483,0.42336,442.007,0,1.02816,0,0,5.02971,4.00155,1.028160,1,0,124.318,0,0,0,124.318,0
72.29,2.5026,0,0,5.85997,0.357884,2.99948,3.6288,61.308,0.238745,0,0,2.27572,0.1582,1.87878,0.66528,12.849,1,0.444819,2.99948,0,130.497,3.59121,129.46,0.84672,12.849,0.84672,3695.15,0,18.483,0.0719762,4.23501,1.58671,15.7316,1.01225,20.4691,0.42336,0,0,18.483,0.42336,442.007,0,1.02816,0,0,5.26317,4.23501,1.028160,1,0,151.808,0,0,0,151.808,0
72.29,2.50269,0,0,5.1642,0.332862,2.32864,3.6288,61.308,0.23878,0,0,1.70228,0.193526,1.26997,0.66528,12.849,1,0.444834,2.32864,0,78.154,4.60182,75.436,0.84672,12.849,0.84672,3695.15,0,18.483,0.071987,3.45831,1.58677,10.6555,1.15671,14.4718,0.42336,0,0,18.483,0.42336,442.007,0,1.02816,0,0,4.48647,3.45831,1.028160,1,0,91.1778,0,0,0,91.1778,0
72.29,2.50278,0,0,4.50077,0.328692,1.6693,3.6288,61.308,0.238816,0,0,1.33981,0.199414,0.901583,0.66528,12.849,1,0.44485,1.6693,0,87.9431,4.77026,84.3973,0.84672,12.849,0.84672,3695.15,0,18.483,0.0719977,2.98897,1.58682,7.80348,1.18079,11.1265,0.42336,0,0,18.483,0.42336,442.007,0,1.02816,0,0,4.01713,2.98897,1.028160,1,0,96.4254,0,0,0,96.4254,0
72.29,2.50286,0,0,8.47826,0.301457,5.67394,3.6288,61.308,0.238852,0,0,2.25471,0.179731,1.83613,0.66528,12.849,1,0.444865,5.67394,0,213.304,4.61328,213.92,0.84672,12.849,0.84672,3695.15,0,18.483,0.0720084,5.10347,1.58688,15.0241,1.11356,20.5289,0.42336,0,0,18.483,0.42336,442.007,0,1.02816,0,0,6.13163,5.10347,1.028160,1,0,236.285,0,0,0,236.285,0
72.29,2.5944,0,0,5.84823,0.290564,2.96326,3.6288,61.308,0.280268,0,0,1.7156,0.171858,1.26348,0.66528,12.849,1,0.461135,2.96326,0,159.021,4.55049,156.973,0.84672,12.849,0.84672,3695.15,0,18.483,0.0844946,3.85422,1.58693,12.5232,1.08667,16.7931,0.42336,0,0,18.483,0.42336,442.007,0,1.02816,0,0,4.88238,3.85422,1.028160,1,0,175.029,0,0,0,175.029,0
72.29,2.59449,0,0,4.88138,0.290564,1.99633,3.6288,61.308,0.280305,0,0,1.46966,0.171858,1.0175,0.66528,12.849,1,0.461151,1.99633,0,114.708,4.55049,111.693,0.84672,12.849,0.84672,3695.15,0,18.483,0.0845057,3.6471,1.64878,11.1063,1.08667,15.231,0.42336,0,0,18.483,0.42336,442.007,0,1.02816,0,0,4.67526,3.6471,1.028160,1,0,127.941,0,0,0,127.941,0
72.29,2.59458,0,0,4.31131,0.290564,1.42616,3.6288,61.308,0.280342,0,0,1.3365,0.171858,0.884305,0.66528,12.849,1,0.461167,1.42616,0,97.5387,4.55049,93.9532,0.84672,12.849,0.84672,3695.15,0,18.483,0.0845169,3.31785,1.64884,10.0744,1.08667,13.8699,0.42336,0,0,18.483,0.42336,442.007,0,1.02816,0,0,4.34601,3.31785,1.028160,1,0,108.707,0,0,0,108.707,0
72.29,2.59467,0,0,4.00942,0.256112,1.15863,3.6288,61.308,0.280379,0,0,1.07929,0.16224,0.636673,0.66528,12.849,1,0.461183,1.15863,0,75.7572,3.85092,72.6038,0.84672,12.849,0.84672,3695.15,0,18.483,0.0845281,2.43405,1.64889,8.48914,1.08651,11.401,0.42336,0,0,18.483,0.42336,442.007,0,1.02816,0,0,3.46221,2.43405,1.028160,1,0,84.6415,0,0,0,84.6415,0
71.9426,2.559,0,0,2.82843,0.25392,0.36288,3.6288,61.308,0.264342,0,0,0.713172,0.174289,0.27454,0.66528,12.849,1,0.454843,0.36288,0,54.4721,3.88195,50.4982,0.84672,12.849,0.84672,3695.15,0,18.483,0.0796933,1.59868,1.64895,7.48555,1.10031,9.55317,0.42336,0,0,18.483,0.42336,442.007,0,1.02816,0,0,2.62684,1.59868,1.028160,1,0,60.3259,0,0,0,60.3259,0
72.29,2.55722,0,0,4.47551,0.253251,1.31767,3.6288,61.308,0.264379,0,0,0.885298,0.174289,0.44663,0.66528,12.849,1,0.456722,1.31767,0,70.8608,3.88195,67.8398,0.84672,12.849,0.84672,3695.15,0,18.483,0.0797043,2.04566,1.62495,6.50775,1.10031,8.99835,0.42336,0,0,18.483,0.42336,442.007,0,1.02816,0,0,3.07382,2.04566,1.028160,1,0,77.2848,0,0,0,77.2848,0
71.9806,2.55918,0,0,2.81331,0.200642,0.36288,3.6288,61.308,0.264415,0,0,0.74622,0.186785,0.29502,0.66528,12.849,1,0.454874,0.36288,0,55.985,4.26122,51.6317,0.84672,12.849,0.84672,3695.15,0,18.483,0.0797153,1.60757,1.62501,5.76307,1.0301,7.88583,0.42336,0,0,18.483,0.42336,442.007,0,1.02816,0,0,2.63573,1.60757,1.028160,1,0,59.8126,0,0,0,59.8126,0
71.3182,2.55761,0,0,2.45824,0.200171,0.36288,3.6288,61.308,0.264452,0,0,0.630365,0.186785,0.179129,0.66528,12.849,1,0.456549,0.36288,0,47.4583,4.26122,43.1034,0.84672,12.849,0.84672,3695.15,0,18.483,0.0797263,1.1866,1.62506,5.03185,1.0301,6.73369,0.42336,0,0,18.483,0.42336,442.007,0,1.02816,0,0,2.21476,1.1866,1.028160,1,0,50.0162,0,0,0,50.0162,0
70.8086,2.67526,0,0,2.70918,0.180605,0.36288,3.6288,61.308,0.321499,0,0,0.555514,0.230967,0.00304785,0.66528,12.849,1,0.481987,0.36288,0,52.7992,4.22247,48.4576,0.84672,12.849,0.84672,3695.15,0,18.483,0.0969248,1.10577,1.62512,4.81097,1.15175,6.29318,0.42336,0,0,18.483,0.42336,442.007,0,1.02816,0,0,2.13393,1.10577,1.028160,1,0,54.7539,0,0,0,54.7539,0
70.1224,2.67242,0,0,2.50642,0.157325,0.36288,3.6288,61.308,0.321538,0,0,0.564735,0.236322,0.00687476,0.66528,12.849,1,0.484939,0.36288,0,47.8327,4.38501,43.3256,0.84672,12.849,0.84672,3695.15,0,18.483,0.0969364,1.10991,1.7093,4.74704,1.12167,6.34765,0.42336,0,0,18.483,0.42336,442.007,0,1.02816,0,0,2.13807,1.10991,1.028160,1,0,49.6801,0,0,0,49.6801,0
69.3629,2.6685,0,0,2.42834,0.156496,0.36288,3.6288,61.308,0.321576,0,0,0.591762,0.236322,0.033864,0.66528,12.849,1,0.488967,0.36288,0,45.3864,4.38501,40.8753,0.84672,12.849,0.84672,3695.15,0,18.483,0.096948,1.03211,1.70936,4.9277,1.12167,6.45056,0.42336,0,0,18.483,0.42336,442.007,0,1.02816,0,0,2.06027,1.03211,1.028160,1,0,47.3598,0,0,0,47.3598,0
68.4545,2.66407,0,0,2.27414,0.155579,0.36288,3.6288,61.296,0.321615,0,0,0.545911,0.236322,0,0.66528,12.849,1,0.493501,0.36288,0,42.5402,4.38501,38.0246,0.84672,12.849,0.84672,3695.15,0,18.483,0.0969596,0.845182,1.70942,4.46482,1.12167,5.8008,0.42336,0,0,18.483,0.42336,442.007,0,1.02816,0,0,1.87334,0.845182,1.028160,1,0,43.8254,0,0,0,43.8254,0
67.3795,2.65865,0,0,2.06969,0.123129,0.36288,3.6288,61.308,0.321638,0,0,0.59258,0.233538,0.0253773,0.66528,12.849,1,0.499033,0.36288,0,37.3207,4.60926,32.5753,0.84672,12.849,0.84672,3695.15,0,18.483,0.0969859,0.908306,1.70948,3.98534,1.13878,5.36735,0.42336,0,0,18.483,0.42336,442.007,0,1.02816,0,0,1.93647,0.908306,1.028160,1,0,37.9681,0,0,0,37.9681,0
66.1523,2.6283,0,0,1.87364,0.109658,0.36288,3.6288,61.308,0.353031,0,0,0.608465,0.23245,0.0229841,0.66528,12.849,1,0.501207,0.36288,0,35.8697,4.69896,31.0324,0.84672,12.849,0.84672,3695.15,0,18.483,0.106431,0.920246,1.70954,3.85307,1.14563,5.23079,0.42336,0,0,18.483,0.42336,442.007,0,1.02816,0,0,1.94841,0.920246,1.028160,1,0,36.2861,0,0,0,36.2861,0
64.7612,2.62061,0,0,1.70097,0.108598,0.36288,3.6288,61.2973,0.353071,0,0,0.574807,0.23245,0,0.66528,12.849,1,0.50901,0.36288,0,34.8036,4.69896,29.9586,0.84672,12.849,0.84672,3695.15,0,18.483,0.106443,0.729104,1.73581,3.62185,1.14563,4.83469,0.42336,0,0,18.483,0.42336,442.007,0,1.02816,0,0,1.75726,0.729104,1.028160,1,0,34.7933,0,0,0,34.7933,0
63.2458,2.61158,0,0,1.55748,0.0984194,0.36288,3.6288,61.2369,0.353096,0,0,0.547078,0.254371,0,0.66528,12.849,1,0.518152,0.36288,0,30.6924,4.98126,25.5559,0.84672,12.849,0.84672,3695.15,0,18.483,0.106469,0.657011,1.73587,3.51736,1.24867,4.5551,0.42336,0,0,18.483,0.42336,442.007,0,1.02816,0,0,1.68517,0.657011,1.028160,1,0,30.111,0,0,0,30.111,0
61.6346,2.60135,0,0,1.42843,0.0753748,0.36288,3.6288,61.0798,0.353055,0,0,0.503954,0.308043,0,0.66528,12.849,1,0.528489,0.36288,0,29.3542,5.65131,23.5373,0.84672,12.849,0.84672,3695.15,0,18.483,0.106562,0.49559,1.73593,3.18875,1.48063,3.83307,0.42336,0,0,18.483,0.42336,442.007,0,1.02816,0,0,1.52375,0.49559,1.028160,1,0,27.3704,0,0,0,27.3704,0
59.6465,2.65045,0,0,1.10036,0.0751793,0.36288,3.6288,60.6165,0.541256,0,0,0.383067,0.305113,0,0.66528,12.849,1,0.552541,0.36288,0,23.7321,5.56206,17.9804,0.84672,12.849,0.84672,3695.15,0,18.483,0.163787,0.261274,1.73599,2.66752,1.41649,3.08451,0.42336,0,0,18.483,0.42336,442.007,0,0.819141,0,0,1.08041,0.261274,1.028160,1,0,21.0649,0,0,0,21.0649,0
57.604,2.63539,0,0,1.02966,0.0738868,0.36288,3.6288,60.091,0.575866,0,0,0.354584,0.304218,0,0.66528,12.849,1,0.567713,0.36288,0,21.424,5.56206,15.6571,0.84672,12.849,0.84672,3695.15,0,18.483,0.175592,0.261274,1.77783,2.38074,1.41649,2.82776,0.42336,0,0,18.483,0.42336,442.007,0,0.772779,0,0,1.03405,0.261274,1.028160,1,0,18.4849,0,0,0,18.4849,0
55.4949,2.61902,0,0,0.945285,0.0724386,0.36288,3.6288,59.5247,0.613783,0,0,0.350688,0.303203,0,0.66528,12.849,1,0.584192,0.36288,0,19.5841,5.56206,13.8007,0.84672,12.849,0.84672,3695.15,0,18.483,0.18879,0.227405,1.77789,2.32845,1.41649,2.72847,0.42336,0,0,18.483,0.42336,442.007,0,0.721716,0,0,0.949121,0.227405,1.028160,1,0,16.5292,0,0,0,16.5292,0
53.6089,2.60108,0,0,1.13568,0.0577906,0.36288,3.6288,59.2858,0.378618,0,0,0.427032,0.287306,0,0.66528,12.849,1,0.602241,0.36288,0,20.5092,5.77028,14.4996,0.84672,12.849,0.84672,3695.15,0,18.483,0.117565,0.258042,1.77795,3.47674,1.4753,3.91986,0.42336,0,0,18.483,0.42336,442.007,0,1.02816,0,0,1.2862,0.258042,1.028160,1,0,18.4194,0,0,0,18.4194,0
51.4244,2.75666,0,0,1.00704,0.071987,0.36288,3.6288,58.7942,0.51528,0,0,0.352651,0.328925,0,0.66528,12.849,1,0.660718,0.36288,0,19.1442,6.18402,12.6623,0.84672,12.849,0.84672,3695.15,0,18.483,0.160644,0.227405,1.77801,2.48097,1.53538,2.79036,0.42336,0,0,18.483,0.42336,442.007,0,0.979715,0,0,1.20712,0.227405,1.028160,1,0,15.4527,0,0,0,15.4527,0
49.3752,2.7343,0,0,1.12125,0.073264,0.36288,3.6288,58.4152,0.477444,0,0,0.435872,0.337462,0,0.66528,12.849,1,0.683198,0.36288,0,24.3801,6.24876,17.811,0.84672,12.849,0.84672,3695.15,0,18.483,0.150093,0.487538,1.91956,2.71603,1.5424,3.43064,0.42336,0,0,18.483,0.42336,442.007,0,1.02816,0,0,1.5157,0.487538,1.028160,1,0,21.2417,0,0,0,21.2417,0
47.1295,2.71189,0,0,0.900746,0.0716991,0.36288,3.6288,57.7801,0.613717,0,0,0.315264,0.336641,0,0.66528,12.849,1,0.705722,0.36288,0,23.8232,6.24876,17.2316,0.84672,12.849,0.84672,3695.15,0,18.483,0.194185,0.204422,1.91963,2.18036,1.5424,2.56783,0.42336,0,0,18.483,0.42336,442.007,0,0.847852,0,0,1.05227,0.204422,1.028160,1,0,19.7995,0,0,0,19.7995,0
45.1328,2.68556,0,0,1.12179,0.069968,0.36288,3.6288,57.5081,0.475535,0,0,0.538841,0.335264,0,0.66528,12.849,1,0.732171,0.36288,0,21.758,6.24876,15.14,0.84672,12.849,0.84672,3695.15,0,18.483,0.152117,0.962358,1.9197,3.37127,1.5424,4.55881,0.42336,0,0,18.483,0.42336,442.007,0,1.02816,0,0,1.99052,0.962358,1.028160,1,0,19.6988,0,0,0,19.6988,0
42.9284,2.66044,0,0,0.904228,0.0852973,0.36288,3.6288,57.0578,0.475034,0,0,0.353691,0.329012,0,0.66528,12.849,1,0.757409,0.36288,0,22.3336,5.72223,16.2169,0.84672,12.849,0.84672,3695.15,0,18.483,0.152675,0.541305,1.91976,3.20922,1.42636,4.09125,0.42336,0,0,18.483,0.42336,442.007,0,1.02816,0,0,1.56946,0.541305,1.028160,1,0,20.3081,0,0,0,20.3081,0
40.951,2.55034,0,0,1.0506,0.114809,0.36288,3.6288,56.6498,0.413987,0,0,0.333165,0.327155,0,0.66528,12.849,1,0.763347,0.36288,0,20.3329,5.80864,14.1238,0.84672,12.849,0.84672,3695.15,0,18.483,0.134105,0.701404,1.91983,3.35481,1.53427,4.30767,0.42336,0,0,18.483,0.42336,442.007,0,1.02816,0,0,1.72956,0.701404,1.028160,1,0,18.4315,0,0,0,18.4315,0
39.3087,2.52237,0,0,1.38468,0.141708,0.36288,3.6288,56.2873,0.4133,0,0,0.350269,0.299498,0,0.66528,12.849,1,0.791431,0.36288,0,20.5629,5.58778,14.5466,0.84672,12.849,0.84672,3695.15,0,18.483,0.134846,0.823522,1.8388,2.69827,1.45841,3.76733,0.42336,0,0,18.483,0.42336,442.007,0,1.02816,0,0,1.85168,0.823522,1.028160,1,0,18.3139,0,0,0,18.3139,0
38.2854,2.49754,0,0,1.97603,0.138994,0.36288,3.6288,56.1523,0.412687,0,0,0.576483,0.298791,0,0.66528,12.849,1,0.816379,0.36288,0,38.0352,5.58778,31.9939,0.84672,12.849,0.84672,3695.15,0,18.483,0.135514,2.09823,1.83886,5.05841,1.45841,7.40158,0.42336,0,0,18.483,0.42336,442.007,0,1.02816,0,0,3.12639,2.09823,1.028160,1,0,39.3955,0,0,0,39.3955,0
37.405,2.48128,0,0,2.09765,0.133876,0.36288,3.6288,56.1844,0.412483,0,0,0.734429,0.28979,0,0.66528,12.849,1,0.832747,0.36288,0,75.5141,5.25365,69.7906,0.84672,12.849,0.84672,3695.15,0,18.483,0.135772,2.46757,1.83892,4.91201,1.38834,7.69439,0.42336,0,0,18.483,0.42336,442.007,0,1.02816,0,0,3.49573,2.46757,1.028160,1,0,77.485,0,0,0,77.485,0
39.0996,2.40306,0,0,4.60764,0.147053,0.36288,3.6288,57.5168,0.358004,0,0,1.93807,0.247675,0,0.66528,12.849,1,0.825475,0.36288,0,157.548,3.73107,153.354,0.84672,12.849,0.84672,3695.15,0,18.483,0.117773,6.58901,1.83899,12.7851,1.06057,20.0348,0.42336,0,0,18.483,0.42336,442.007,0,1.02816,0,0,7.61717,6.58901,1.028160,1,0,173.389,0,0,0,173.389,0
40.4012,2.43007,0,0,4.29235,0.19787,0.36288,3.6288,58.3203,0.360109,0,0,1.42722,0.263629,0,0.66528,12.849,1,0.798574,0.36288,0,72.9253,4.37409,68.1155,0.84672,12.849,0.84672,3695.15,0,18.483,0.115721,3.26638,1.76697,8.73236,1.18408,12.4659,0.42336,0,0,18.483,0.42336,442.007,0,1.02816,0,0,4.29454,3.26638,1.028160,1,0,80.5814,0,0,0,80.5814,0
42.453,2.44967,0,0,5.06527,0.200908,0.36288,3.6288,59.2127,0.361359,0,0,1.51879,0.265001,0,0.66528,12.849,1,0.779083,0.36288,0,44.9252,4.37409,40.1349,0.84672,12.849,0.84672,3695.15,0,18.483,0.114523,5.10799,1.76703,8.64371,1.18408,14.2201,0.42336,0,0,18.483,0.42336,442.007,0,1.02816,0,0,6.13615,5.10799,1.028160,1,0,54.3551,0,0,0,54.3551,0
43.9846,2.47866,0,0,4.57895,0.205812,0.36288,3.6288,60.2385,0.362714,0,0,1.65498,0.266525,0,0.66528,12.849,1,0.750203,0.36288,0,53.768,4.37409,49.0066,0.84672,12.849,0.84672,3695.15,0,18.483,0.11322,4.70953,1.76709,9.55152,1.18408,14.7308,0.42336,0,0,18.483,0.42336,442.007,0,1.02816,0,0,5.73769,4.70953,1.028160,1,0,63.7374,0,0,0,63.7374,0
46.6793,2.31077,0,0,5.5742,0.205816,0.36288,3.6288,61.308,0.248616,0,0,3.25972,0.223435,1.71813,0.66528,12.849,1,0.675033,0.36288,0,87.6312,4.19616,83.1229,0.84672,12.849,0.84672,3695.15,0,18.483,0.076283,7.42277,1.76715,13.2608,1.163,21.2114,0.42336,0,0,18.483,0.42336,442.007,0,1.02816,0,0,8.45093,7.42277,1.028160,1,0,106.052,0,0,0,106.052,0
50.7462,2.34141,0,0,6.98273,0.211517,0.36288,3.6288,61.308,0.249675,0,0,4.57813,0.217432,4.11102,0.66528,12.849,1,0.644498,0.36288,0,117.71,4.1665,113.262,0.84672,12.849,0.84672,3695.15,0,18.483,0.0752713,9.17127,1.60491,17.5696,1.15949,27.111,0.42336,0,0,18.483,0.42336,442.007,0,1.02816,0,0,10.1994,9.17127,1.028160,1,0,144.484,0,0,0,144.484,0
53.6263,2.3827,0,0,5.8467,0.221013,0.36288,3.6288,61.308,0.249711,0,0,2.66791,0.217432,2.20077,0.66528,12.849,1,0.603303,0.36288,0,147.402,4.1665,142.995,0.84672,12.849,0.84672,3695.15,0,18.483,0.0752822,6.21451,1.60497,14.2339,1.15949,20.8186,0.42336,0,0,18.483,0.42336,442.007,0,1.02816,0,0,7.24267,6.21451,1.028160,1,0,166.014,0,0,0,166.014,0
56.331,2.40893,0,0,5.7303,0.25378,0.36288,3.6288,61.308,0.249747,0,0,1.34503,0.215577,0.879708,0.66528,12.849,1,0.577184,0.36288,0,117.246,4.66601,112.365,0.84672,12.849,0.84672,3695.15,0,18.483,0.0752931,3.79702,1.60502,9.57822,1.21965,13.6853,0.42336,0,0,18.483,0.42336,442.007,0,1.02816,0,0,4.82518,3.79702,1.028160,1,0,126.93,0,0,0,126.93,0
59.4416,2.43158,0,0,6.16522,0.260181,0.36288,3.6288,61.308,0.249783,0,0,1.66635,0.199657,1.21691,0.66528,12.849,1,0.554638,0.36288,0,156.653,4.35838,152.103,0.84672,12.849,0.84672,3695.15,0,18.483,0.0753039,3.7617,1.60508,11.3707,1.15269,15.5095,0.42336,0,0,18.483,0.42336,442.007,0,1.02816,0,0,4.78986,3.7617,1.028160,1,0,168.829,0,0,0,168.829,0
60.1556,2.53245,0,0,3.85773,0.248377,0.36288,3.6288,61.308,0.283438,0,0,1.63187,0.187518,1.16091,0.66528,12.849,1,0.547418,0.36288,0,74.0394,3.69884,70.156,0.84672,12.849,0.84672,3695.15,0,18.483,0.0854503,1.85702,1.60513,10.8055,1.0345,13.1477,0.42336,0,0,18.483,0.42336,442.007,0,1.02816,0,0,2.88518,1.85702,1.028160,1,0,84.4646,0,0,0,84.4646,0
62.3329,2.53788,0,0,5.32814,0.250082,0.36288,3.6288,61.308,0.283469,0,0,1.41591,0.187518,0.944927,0.66528,12.849,1,0.54208,0.36288,0,123.382,3.69884,119.503,0.84672,12.849,0.84672,3695.15,0,18.483,0.0854597,1.66355,1.65653,12.6806,1.0345,14.8807,0.42336,0,0,18.483,0.42336,442.007,0,1.02816,0,0,2.69171,1.66355,1.028160,1,0,135.329,0,0,0,135.329,0
65.5767,2.55365,0,0,6.45901,0.298774,0.36288,3.6288,61.308,0.283501,0,0,2.08437,0.220528,1.58034,0.66528,12.849,1,0.526396,0.36288,0,205.225,4.08975,200.972,0.84672,12.849,0.84672,3695.15,0,18.483,0.0854691,2.44815,1.65657,13.7287,1.12824,16.6197,0.42336,0,0,18.483,0.42336,442.007,0,1.02816,0,0,3.47631,2.44815,1.028160,1,0,219.172,0,0,0,219.172,0
72.29,2.57549,0,0,11.2875,0.305878,1.69276,3.6288,61.308,0.283532,0,0,5.37028,0.199403,4.88734,0.66528,12.849,1,0.504639,1.69276,0,231.763,4.04817,228.903,0.84672,12.849,0.84672,3695.15,0,18.483,0.0854785,8.86343,1.65662,29.7782,1.0817,39.1311,0.42336,0,0,18.483,0.42336,442.007,0,1.02816,0,0,9.89159,8.86343,1.028160,1,0,272.921,0,0,0,272.921,0
72.29,2.87046,0,0,15.0256,0.308428,11.8467,3.6288,61.308,0.40979,0,0,4.50982,0.112095,3.98794,0.66528,12.849,1,0.510202,11.8467,0,258.697,2.52221,267.511,0.84672,12.849,0.84672,3695.15,0,18.483,0.123543,7.18914,1.65667,35.0241,0.833255,42.9131,0.42336,0,0,18.483,0.42336,442.007,0,1.02816,0,0,8.2173,7.18914,1.028160,1,0,314.412,0,0,0,314.412,0
72.29,2.87054,0,0,6.36026,0.308428,3.18129,3.6288,61.308,0.409825,0,0,2.33778,0.112095,1.81586,0.66528,12.849,1,0.510217,3.18129,0,410.815,2.52221,410.964,0.84672,12.849,0.84672,3695.15,0,18.483,0.123553,3.58721,1.83995,17.7944,0.833255,22.2648,0.42336,0,0,18.483,0.42336,442.007,0,1.02816,0,0,4.61537,3.58721,1.028160,1,0,435.044,0,0,0,435.044,0
72.29,2.87062,0,0,4.73734,0.312767,1.55395,3.6288,61.308,0.40986,0,0,1.85211,0.144242,1.29801,0.66528,12.849,1,0.510232,1.55395,0,192.166,2.90732,190.302,0.84672,12.849,0.84672,3695.15,0,18.483,0.123564,2.89977,1.84,13.3082,0.899821,17.0246,0.42336,0,0,18.483,0.42336,442.007,0,1.02816,0,0,3.92793,2.89977,1.028160,1,0,208.625,0,0,0,208.625,0
72.29,2.87071,0,0,4.55928,0.330441,1.35814,3.6288,61.308,0.409895,0,0,3.88301,0.19991,3.27321,0.66528,12.849,1,0.510247,1.35814,0,201.313,3.46685,198.694,0.84672,12.849,0.84672,3695.15,0,18.483,0.123574,4.77319,1.84005,19.1224,0.947839,24.6642,0.42336,0,0,18.483,0.42336,442.007,0,1.02816,0,0,5.80135,4.77319,1.028160,1,0,226.631,0,0,0,226.631,0
72.29,2.5069,0,0,5.82663,0.33769,2.98204,3.6288,61.308,0.240511,0,0,3.06199,0.152447,2.66903,0.66528,12.849,1,0.445583,2.98204,0,163.685,3.21836,163.003,0.84672,12.849,0.84672,3695.15,0,18.483,0.0725087,3.55532,1.84011,16.1998,0.925253,20.5975,0.42336,0,0,18.483,0.42336,442.007,0,1.02816,0,0,4.58348,3.55532,1.028160,1,0,186.269,0,0,0,186.269,0
72.29,2.50697,0,0,5.05988,0.33769,2.21521,3.6288,61.308,0.240541,0,0,2.72317,0.152447,2.33018,0.66528,12.849,1,0.445595,2.21521,0,136.03,3.21836,134.581,0.84672,12.849,0.84672,3695.15,0,18.483,0.0725177,3.29473,1.58949,14.344,0.925253,18.2305,0.42336,0,0,18.483,0.42336,442.007,0,1.02816,0,0,4.32289,3.29473,1.028160,1,0,155.142,0,0,0,155.142,0
72.29,2.50705,0,0,5.89085,0.33769,3.04611,3.6288,61.308,0.240571,0,0,2.77935,0.152447,2.38633,0.66528,12.849,1,0.445608,3.04611,0,152.797,3.21836,152.179,0.84672,12.849,0.84672,3695.15,0,18.483,0.0725268,3.86731,1.58954,17.4163,0.925253,21.8753,0.42336,0,0,18.483,0.42336,442.007,0,1.02816,0,0,4.89547,3.86731,1.028160,1,0,176.44,0,0,0,176.44,0
72.29,2.50712,0,0,6.69148,0.337007,3.84736,3.6288,61.308,0.240601,0,0,2.95529,0.14672,2.56797,0.66528,12.849,1,0.445621,3.84736,0,181.537,3.1287,181.81,0.84672,12.849,0.84672,3695.15,0,18.483,0.0725358,3.98533,1.58958,17.446,0.909898,22.0385,0.42336,0,0,18.483,0.42336,442.007,0,1.02816,0,0,5.01349,3.98533,1.028160,1,0,206.416,0,0,0,206.416,0
72.29,2.50719,0,0,5.9159,0.293475,3.11524,3.6288,61.308,0.240631,0,0,2.87205,0.161497,2.46992,0.66528,12.849,1,0.445634,3.11524,0,165.703,3.73185,164.641,0.84672,12.849,0.84672,3695.15,0,18.483,0.0725448,3.47146,1.58963,18.2158,1.07405,22.1303,0.42336,0,0,18.483,0.42336,442.007,0,1.02816,0,0,4.49962,3.47146,1.028160,1,0,189.241,0,0,0,189.241,0
72.29,2.59887,0,0,6.48982,0.260783,3.63016,3.6288,61.308,0.282113,0,0,5.47924,0.169571,5.02755,0.66528,12.849,1,0.46193,3.63016,0,167.333,3.97582,166.525,0.84672,12.849,0.84672,3695.15,0,18.483,0.0850507,5.97492,1.58968,23.6522,1.13283,29.9989,0.42336,0,0,18.483,0.42336,442.007,0,1.02816,0,0,7.00308,5.97492,1.028160,1,0,201.551,0,0,0,201.551,0
72.29,2.59895,0,0,7.68822,0.260783,4.82849,3.6288,61.308,0.282144,0,0,3.67068,0.169571,3.21896,0.66528,12.849,1,0.461944,4.82849,0,153.501,3.97582,153.892,0.84672,12.849,0.84672,3695.15,0,18.483,0.08506,4.66719,1.65162,19.3962,1.13283,24.4971,0.42336,0,0,18.483,0.42336,442.007,0,1.02816,0,0,5.69535,4.66719,1.028160,1,0,181.608,0,0,0,181.608,0
72.29,2.59902,0,0,5.97294,0.260783,3.11313,3.6288,61.308,0.282175,0,0,2.81825,0.169571,2.3665,0.66528,12.849,1,0.461957,3.11313,0,128.987,3.97582,127.663,0.84672,12.849,0.84672,3695.15,0,18.483,0.0850694,3.63949,1.65167,16.5088,1.13283,20.582,0.42336,0,0,18.483,0.42336,442.007,0,1.02816,0,0,4.66765,3.63949,1.028160,1,0,150.611,0,0,0,150.611,0
72.29,2.5991,0,0,5.00848,0.14521,2.26417,3.6288,61.308,0.282206,0,0,2.38179,0.205456,1.89413,0.66528,12.849,1,0.46197,2.26417,0,117.638,4.12899,115.311,0.84672,12.849,0.84672,3695.15,0,18.483,0.0850788,2.50421,1.65172,13.394,1.16425,16.3006,0.42336,0,0,18.483,0.42336,442.007,0,1.02816,0,0,3.53237,2.50421,1.028160,1,0,133.506,0,0,0,133.506,0
72.29,2.56335,0,0,3.8142,0.145844,1.105,3.6288,61.308,0.266135,0,0,1.57014,0.21124,1.09276,0.66528,12.849,1,0.455616,1.105,0,103.055,4.42397,99.2807,0.84672,12.849,0.84672,3695.15,0,18.483,0.0802339,1.11929,1.65176,8.90257,1.12846,10.4649,0.42336,0,0,18.483,0.42336,442.007,0,1.02816,0,0,2.14745,1.11929,1.028160,1,0,110.838,0,0,0,110.838,0
72.29,2.56343,0,0,4.05765,0.145844,1.34838,3.6288,61.308,0.266166,0,0,1.90071,0.21124,1.42331,0.66528,12.849,1,0.45563,1.34838,0,106.66,4.42397,103.129,0.84672,12.849,0.84672,3695.15,0,18.483,0.0802431,2.37095,1.62772,9.50054,1.12846,12.2905,0.42336,0,0,18.483,0.42336,442.007,0,1.02816,0,0,3.39911,2.37095,1.028160,1,0,116.843,0,0,0,116.843,0
72.29,2.5635,0,0,3.6893,0.0887601,1.03704,3.6288,61.308,0.266197,0,0,1.71626,0.228785,1.22128,0.66528,12.849,1,0.455643,1.03704,0,92.2916,4.72231,88.1507,0.84672,12.849,0.84672,3695.15,0,18.483,0.0802524,2.22937,1.62776,8.27539,1.25523,10.797,0.42336,0,0,18.483,0.42336,442.007,0,1.02816,0,0,3.25753,2.22937,1.028160,1,0,100.169,0,0,0,100.169,0
72.29,2.56358,0,0,3.25114,0.0659264,0.621636,3.6288,61.308,0.266227,0,0,1.4978,0.235803,0.995775,0.66528,12.849,1,0.455656,0.621636,0,81.3352,4.84165,76.6596,0.84672,12.849,0.84672,3695.15,0,18.483,0.0802616,1.87418,1.62781,7.71924,1.30593,9.83503,0.42336,0,0,18.483,0.42336,442.007,0,1.02816,0,0,2.90234,1.87418,1.028160,1,0,87.4904,0,0,0,87.4904,0
72.1209,2.68526,0,0,2.96831,0.0892891,0.36288,3.6288,61.308,0.323364,0,0,1.51711,0.19091,1.00284,0.66528,12.849,1,0.477285,0.36288,0,70.2415,4.57673,65.5503,0.84672,12.849,0.84672,3695.15,0,18.483,0.0974872,1.34576,1.62786,6.78845,1.12911,8.53547,0.42336,0,0,18.483,0.42336,442.007,0,1.02816,0,0,2.37392,1.34576,1.028160,1,0,75.0887,0,0,0,75.0887,0
71.5947,2.68439,0,0,2.59574,0.0746109,0.36288,3.6288,61.308,0.323397,0,0,1.30147,0.189998,0.788074,0.66528,12.849,1,0.478249,0.36288,0,63.3369,4.62073,58.6008,0.84672,12.849,0.84672,3695.15,0,18.483,0.097497,1.00157,1.71217,5.66951,1.11737,7.16837,0.42336,0,0,18.483,0.42336,442.007,0,1.02816,0,0,2.02973,1.00157,1.028160,1,0,66.5572,0,0,0,66.5572,0
70.9244,2.68149,0,0,2.4483,0.0743127,0.36288,3.6288,61.308,0.323429,0,0,1.03937,0.189998,0.525939,0.66528,12.849,1,0.481242,0.36288,0,58.5163,4.62073,53.7772,0.84672,12.849,0.84672,3695.15,0,18.483,0.0975067,0.769919,1.71222,5.32455,1.11737,6.5918,0.42336,0,0,18.483,0.42336,442.007,0,1.02816,0,0,1.79808,0.769919,1.028160,1,0,60.8949,0,0,0,60.8949,0
70.1667,2.67771,0,0,2.35824,0.0753134,0.36288,3.6288,61.308,0.323461,0,0,0.900893,0.244694,0.332737,0.66528,12.849,1,0.485108,0.36288,0,53.1772,5.55288,47.5021,0.84672,12.849,0.84672,3695.15,0,18.483,0.0975164,0.698345,1.71227,5.1346,1.30827,6.13942,0.42336,0,0,18.483,0.42336,442.007,0,1.02816,0,0,1.72651,0.698345,1.028160,1,0,53.9743,0,0,0,53.9743,0
69.4833,2.67336,0,0,2.42876,0.0758665,0.36288,3.6288,61.308,0.323494,0,0,0.8161,0.244154,0.248452,0.66528,12.849,1,0.489549,0.36288,0,50.1214,5.24352,44.7512,0.84672,12.849,0.84672,3695.15,0,18.483,0.0975261,0.623385,1.71232,4.86378,1.29765,5.8043,0.42336,0,0,18.483,0.42336,442.007,0,1.02816,0,0,1.65154,0.623385,1.028160,1,0,50.804,0,0,0,50.804,0
68.8253,2.64547,0,0,2.43511,0.0848087,0.36288,3.6288,61.308,0.354917,0,0,0.777185,0.210967,0.211301,0.66528,12.849,1,0.489206,0.36288,0,48.0262,4.46187,43.438,0.84672,12.849,0.84672,3695.15,0,18.483,0.107,0.625631,1.71237,4.57368,1.17446,5.63022,0.42336,0,0,18.483,0.42336,442.007,0,1.02816,0,0,1.65379,0.625631,1.028160,1,0,49.2795,0,0,0,49.2795,0
67.962,2.6416,0,0,2.22552,0.0843761,0.36288,3.6288,61.308,0.35495,0,0,0.726788,0.210967,0.160871,0.66528,12.849,1,0.493161,0.36288,0,45.1729,4.46187,40.5808,0.84672,12.849,0.84672,3695.15,0,18.483,0.10701,0.38518,1.73867,4.35224,1.17446,5.19463,0.42336,0,0,18.483,0.42336,442.007,0,1.02816,0,0,1.41334,0.38518,1.028160,1,0,45.9363,0,0,0,45.9363,0
66.9437,2.63641,0,0,2.04643,0.0653927,0.36288,3.6288,61.308,0.354984,0,0,0.688746,0.254843,0.0789194,0.66528,12.849,1,0.498445,0.36288,0,40.445,5.02647,35.283,0.84672,12.849,0.84672,3695.15,0,18.483,0.10702,0.386122,1.73872,4.14394,1.38055,4.78122,0.42336,0,0,18.483,0.42336,442.007,0,1.02816,0,0,1.41428,0.386122,1.028160,1,0,40.1432,0,0,0,40.1432,0
65.8121,2.63013,0,0,1.91314,0.0516998,0.36288,3.6288,61.295,0.355017,0,0,0.631529,0.289535,0,0.66528,12.849,1,0.50482,0.36288,0,36.0022,5.48736,30.3729,0.84672,12.849,0.84672,3695.15,0,18.483,0.10703,0.306444,1.73877,3.93731,1.52479,4.35071,0.42336,0,0,18.483,0.42336,442.007,0,1.02816,0,0,1.3346,0.306444,1.028160,1,0,34.7236,0,0,0,34.7236,0
64.6982,2.68416,0,0,1.98751,0.0543941,0.36288,3.6288,61.2807,0.404187,0,0,0.690134,0.300221,0,0.66528,12.849,1,0.524048,0.36288,0,42.1358,5.712,36.2626,0.84672,12.849,0.84672,3695.15,0,18.483,0.121879,0.261274,1.73882,3.76313,1.46281,4.17854,0.42336,0,0,18.483,0.42336,442.007,0,1.0006,0,0,1.26187,0.261274,1.028160,1,0,40.4412,0,0,0,40.4412,0
63.4884,2.67671,0,0,1.88367,0.0539106,0.36288,3.6288,61.2149,0.383024,0,0,0.617426,0.300194,0,0.66528,12.849,1,0.531591,0.36288,0,37.2305,5.712,31.3498,0.84672,12.849,0.84672,3695.15,0,18.483,0.115525,0.35672,1.78072,3.93048,1.46281,4.48958,0.42336,0,0,18.483,0.42336,442.007,0,1.02816,0,0,1.38488,0.35672,1.028160,1,0,35.8394,0,0,0,35.8394,0
62.1646,2.66836,0,0,1.76089,0.0533854,0.36288,3.6288,61.1031,0.382963,0,0,0.571259,0.300069,0,0.66528,12.849,1,0.540032,0.36288,0,35.4008,5.712,29.5117,0.84672,12.849,0.84672,3695.15,0,18.483,0.11563,0.23754,1.78077,3.44885,1.46281,3.88871,0.42336,0,0,18.483,0.42336,442.007,0,1.02816,0,0,1.2657,0.23754,1.028160,1,0,33.4004,0,0,0,33.4004,0
60.8273,2.65891,0,0,1.73723,0.0528109,0.36288,3.6288,61.0385,0.382834,0,0,0.618049,0.299857,0,0.66528,12.849,1,0.549577,0.36288,0,32.8484,5.712,26.9497,0.84672,12.849,0.84672,3695.15,0,18.483,0.115803,0.322842,1.78082,3.90029,1.46281,4.42533,0.42336,0,0,18.483,0.42336,442.007,0,1.02816,0,0,1.351,0.322842,1.028160,1,0,31.3751,0,0,0,31.3751,0
59.1976,2.82592,0,0,1.61419,0.0550958,0.36288,3.6288,60.7182,0.533401,0,0,0.521161,0.308011,0,0.66528,12.849,1,0.596941,0.36288,0,29.7994,5.85105,23.7143,0.84672,12.849,0.84672,3695.15,0,18.483,0.161518,0.227405,1.78087,3.98072,1.53025,4.29723,0.42336,0,0,18.483,0.42336,442.007,0,0.963377,0,0,1.19078,0.227405,1.028160,1,0,28.0116,0,0,0,28.0116,0
57.6379,2.8125,0,0,1.68346,0.0677488,0.36288,3.6288,60.4956,0.48312,0,0,0.563976,0.303465,0,0.66528,12.849,1,0.610461,0.36288,0,33.1058,5.6973,27.1609,0.84672,12.849,0.84672,3695.15,0,18.483,0.147065,0.289241,1.92264,3.66238,1.51539,4.21182,0.42336,0,0,18.483,0.42336,442.007,0,1.02816,0,0,1.3174,0.289241,1.028160,1,0,31.3727,0,0,0,31.3727,0
55.744,2.79908,0,0,1.33479,0.0667305,0.36288,3.6288,59.9469,0.668986,0,0,0.423313,0.303036,0,0.66528,12.849,1,0.623987,0.36288,0,36.3516,5.6973,30.3932,0.84672,12.849,0.84672,3695.15,0,18.483,0.204393,0.204422,1.9227,2.94062,1.51539,3.34796,0.42336,0,0,18.483,0.42336,442.007,0,0.785013,0,0,0.989435,0.204422,1.028160,1,0,33.7411,0,0,0,33.7411,0
54.1561,2.78193,0,0,1.62238,0.065494,0.36288,3.6288,59.8438,0.481747,0,0,0.680569,0.301979,0,0.66528,12.849,1,0.641235,0.36288,0,31.6874,5.6973,25.7117,0.84672,12.849,0.84672,3695.15,0,18.483,0.148534,0.612256,1.92276,4.23707,1.51539,5.10816,0.42336,0,0,18.483,0.42336,442.007,0,1.02816,0,0,1.64042,0.612256,1.028160,1,0,30.8199,0,0,0,30.8199,0
52.9839,2.76681,0,0,2.01061,0.0530953,0.36288,3.6288,59.7808,0.481588,0,0,0.735699,0.317125,0,0.66528,12.849,1,0.65645,0.36288,0,36.3128,5.65596,30.3633,0.84672,12.849,0.84672,3695.15,0,18.483,0.148741,0.967628,1.92281,5.9729,1.46055,7.25405,0.42336,0,0,18.483,0.42336,442.007,0,1.02816,0,0,1.99579,0.967628,1.028160,1,0,37.6173,0,0,0,37.6173,0
52.6063,2.67114,0,0,2.75359,0.0972299,0.36288,3.6288,60.1214,0.420551,0,0,1.0631,0.301927,0,0.66528,12.849,1,0.647771,0.36288,0,40.5045,4.76003,35.4596,0.84672,12.849,0.84672,3695.15,0,18.483,0.130026,1.92959,1.92287,7.99727,1.23141,10.4883,0.42336,0,0,18.483,0.42336,442.007,0,1.02816,0,0,2.95775,1.92959,1.028160,1,0,45.9479,0,0,0,45.9479,0
52.5195,2.66748,0,0,3.10257,0.158933,0.36288,3.6288,60.9194,0.42115,0,0,1.48911,0.2699,0,0.66528,12.849,1,0.651528,0.36288,0,39.0572,3.90359,34.865,0.84672,12.849,0.84672,3695.15,0,18.483,0.129473,2.82702,1.8417,10.6799,1.04439,14.1747,0.42336,0,0,18.483,0.42336,442.007,0,1.02816,0,0,3.85518,2.82702,1.028160,1,0,49.0397,0,0,0,49.0397,0
52.2391,2.66669,0,0,2.91049,0.161385,0.36288,3.6288,61.308,0.422486,0,0,1.51286,0.272276,0.429533,0.66528,12.849,1,0.652411,0.36288,0,48.0733,3.91986,43.8639,0.84672,12.849,0.84672,3695.15,0,18.483,0.128183,2.71234,1.84175,10.8058,1.05371,14.178,0.42336,0,0,18.483,0.42336,442.007,0,1.02816,0,0,3.7405,2.71234,1.028160,1,0,58.4714,0,0,0,58.4714,0
52.3189,2.66396,0,0,3.26755,0.160919,0.36288,3.6288,61.308,0.423146,0,0,1.88411,0.272946,1.18802,0.66528,12.849,1,0.655241,0.36288,0,77.3411,3.91986,73.1289,0.84672,12.849,0.84672,3695.15,0,18.483,0.127569,3.43877,1.8418,13.7565,1.05371,17.8558,0.42336,0,0,18.483,0.42336,442.007,0,1.02816,0,0,4.46693,3.43877,1.028160,1,0,92.1727,0,0,0,92.1727,0
50.648,2.596,0,0,1.46851,0.18052,0.36288,3.6288,61.308,0.373437,0,0,0.696391,0.238395,0.0845588,0.66528,12.849,1,0.637552,0.36288,0,35.2404,4.48801,30.4777,0.84672,12.849,0.84672,3695.15,0,18.483,0.112583,0.216518,1.84186,6.72313,1.02404,7.64488,0.42336,0,0,18.483,0.42336,442.007,0,1.02025,0,0,1.23677,0.216518,1.028160,1,0,38.2071,0,0,0,38.2071,0
51.1747,2.5793,0,0,3.64625,0.177407,0.36288,3.6288,61.308,0.367396,0,0,1.84703,0.238395,1.24124,0.66528,12.849,1,0.654347,0.36288,0,58.1883,4.48801,53.4088,0.84672,12.849,0.84672,3695.15,0,18.483,0.110762,2.39083,1.76971,10.2847,1.02404,13.3104,0.42336,0,0,18.483,0.42336,442.007,0,1.02816,0,0,3.41899,2.39083,1.028160,1,0,67.9605,0,0,0,67.9605,0
53.1237,2.58475,0,0,5.07505,0.178388,0.36288,3.6288,61.308,0.36743,0,0,2.56147,0.238395,1.95565,0.66528,12.849,1,0.648983,0.36288,0,87.8253,4.48801,83.0512,0.84672,12.849,0.84672,3695.15,0,18.483,0.110772,5.09093,1.76977,13.9295,1.02404,19.6554,0.42336,0,0,18.483,0.42336,442.007,0,1.02816,0,0,6.11909,5.09093,1.028160,1,0,104.662,0,0,0,104.662,0
54.4708,2.604,0,0,4.53735,0.22337,0.36288,3.6288,61.308,0.367463,0,0,2.24395,0.254586,1.6219,0.66528,12.849,1,0.629829,0.36288,0,44.6319,4.05815,40.3068,0.84672,12.849,0.84672,3695.15,0,18.483,0.110782,3.41423,1.76982,11.3621,0.875559,15.5598,0.42336,0,0,18.483,0.42336,442.007,0,1.02816,0,0,4.44239,3.41423,1.028160,1,0,57.4885,0,0,0,57.4885,0
55.0856,2.41961,0,0,3.61935,0.222059,0.36288,3.6288,61.308,0.251231,0,0,1.5809,0.216111,1.11355,0.66528,12.849,1,0.570758,0.36288,0,62.9635,3.72777,59.0278,0.84672,12.849,0.84672,3695.15,0,18.483,0.0757405,2.88611,1.76987,11.5376,0.986549,15.1313,0.42336,0,0,18.483,0.42336,442.007,0,1.02816,0,0,3.91427,2.88611,1.028160,1,0,75.2727,0,0,0,75.2727,0
59.1961,2.42485,0,0,7.11992,0.22167,0.36288,3.6288,61.308,0.251261,0,0,3.82751,0.200721,3.37553,0.66528,12.849,1,0.565609,0.36288,0,133.24,3.59562,129.442,0.84672,12.849,0.84672,3695.15,0,18.483,0.0757496,5.9819,1.60737,19.4433,1.03094,25.9259,0.42336,0,0,18.483,0.42336,442.007,0,1.02816,0,0,7.01006,5.9819,1.028160,1,0,158.743,0,0,0,158.743,0
63.7681,2.45719,0,0,7.6229,0.230814,0.36288,3.6288,61.308,0.251291,0,0,2.30011,0.200721,1.8481,0.66528,12.849,1,0.533354,0.36288,0,132.792,3.59562,129.026,0.84672,12.849,0.84672,3695.15,0,18.483,0.0757587,4.92617,1.60742,15.5237,1.03094,20.9505,0.42336,0,0,18.483,0.42336,442.007,0,1.02816,0,0,5.95433,4.92617,1.028160,1,0,151.824,0,0,0,151.824,0
69.6453,2.48909,0,0,8.96918,0.240025,0.36288,3.6288,61.308,0.251321,0,0,2.35403,0.200721,1.90199,0.66528,12.849,1,0.501541,0.36288,0,113.737,3.59562,110.003,0.84672,12.849,0.84672,3695.15,0,18.483,0.0757678,5.08486,1.60746,13.8618,1.03094,19.4475,0.42336,0,0,18.483,0.42336,442.007,0,1.02816,0,0,6.11302,5.08486,1.028160,1,0,131.352,0,0,0,131.352,0
72.29,2.5249,0,0,7.45632,0.239477,2.04724,3.6288,61.308,0.251352,0,0,3.56816,0.216662,3.10014,0.66528,12.849,1,0.465823,2.04724,0,64.1631,3.83052,61.914,0.84672,12.849,0.84672,3695.15,0,18.483,0.0757769,5.25262,1.60751,13.3791,1.0186,19.1449,0.42336,0,0,18.483,0.42336,442.007,0,1.02816,0,0,6.28078,5.25262,1.028160,1,0,84.1591,0,0,0,84.1591,0
72.29,2.61899,0,0,6.17481,0.225704,3.33012,3.6288,61.308,0.285052,0,0,3.11426,0.222718,2.60649,0.66528,12.849,1,0.465506,3.33012,0,91.2286,3.25815,90.8351,0.84672,12.849,0.84672,3695.15,0,18.483,0.0859368,4.29633,1.60756,11.7049,0.719276,16.8035,0.42336,0,0,18.483,0.42336,442.007,0,1.02816,0,0,5.32449,4.29633,1.028160,1,0,110.245,0,0,0,110.245,0
72.29,2.61905,0,0,5.99176,0.225704,3.14701,3.6288,61.308,0.285077,0,0,2.28391,0.222718,1.77611,0.66528,12.849,1,0.465516,3.14701,0,107.578,3.25815,107.002,0.84672,12.849,0.84672,3695.15,0,18.483,0.0859444,3.67814,1.65902,9.87742,0.719276,14.4094,0.42336,0,0,18.483,0.42336,442.007,0,1.02816,0,0,4.7063,3.67814,1.028160,1,0,123.187,0,0,0,123.187,0
72.29,2.61911,0,0,4.9549,0.243476,2.09231,3.6288,61.308,0.285102,0,0,1.85857,0.252361,1.3211,0.66528,12.849,1,0.465527,2.09231,0,104.956,3.74869,102.834,0.84672,12.849,0.84672,3695.15,0,18.483,0.0859519,2.30552,1.65906,9.02172,0.939529,11.9608,0.42336,0,0,18.483,0.42336,442.007,0,1.02816,0,0,3.33368,2.30552,1.028160,1,0,116.116,0,0,0,116.116,0
72.29,2.61917,0,0,5.91315,0.274051,3.01992,3.6288,61.308,0.285127,0,0,2.23701,0.269457,1.68242,0.66528,12.849,1,0.465538,3.01992,0,91.7577,4.13546,90.1766,0.84672,12.849,0.84672,3695.15,0,18.483,0.0859595,3.32132,1.65909,10.8857,1.13006,14.6501,0.42336,0,0,18.483,0.42336,442.007,0,1.02816,0,0,4.34948,3.32132,1.028160,1,0,106.509,0,0,0,106.509,0
72.29,2.87471,0,0,5.27958,0.281229,2.12364,3.6288,61.308,0.411566,0,0,2.83236,0.238217,2.18258,0.66528,12.849,1,0.510958,2.12364,0,93.4537,3.84111,91.2253,0.84672,12.849,0.84672,3695.15,0,18.483,0.124078,3.18629,1.65913,8.88255,1.01545,12.5885,0.42336,0,0,18.483,0.42336,442.007,0,1.02816,0,0,4.21445,3.18629,1.028160,1,0,105.996,0,0,0,105.996,0
72.29,2.87477,0,0,3.58087,0.281565,0.424534,3.6288,61.308,0.411594,0,0,1.86504,0.235813,1.21763,0.66528,12.849,1,0.510969,0.424534,0,71.8793,3.82546,67.9674,0.84672,12.849,0.84672,3695.15,0,18.483,0.124087,2.11167,1.84267,6.13386,1.00924,8.95488,0.42336,0,0,18.483,0.42336,442.007,0,1.02816,0,0,3.13983,2.11167,1.028160,1,0,78.1399,0,0,0,78.1399,0
71.4074,2.87484,0,0,2.62834,0.273231,0.36288,3.6288,61.308,0.411622,0,0,1.03943,0.238204,0.3896,0.66528,12.849,1,0.510981,0.36288,0,53.6654,3.84092,49.6764,0.84672,12.849,0.84672,3695.15,0,18.483,0.124095,0.974964,1.84271,5.11715,1.0257,6.78503,0.42336,0,0,18.483,0.42336,442.007,0,1.02816,0,0,2.00312,0.974964,1.028160,1,0,56.851,0,0,0,56.851,0
70.5003,2.86956,0,0,2.54709,0.221731,0.36288,3.6288,61.308,0.41165,0,0,1.23108,0.252546,0.566883,0.66528,12.849,1,0.516346,0.36288,0,79.4958,3.93361,75.4087,0.84672,12.849,0.84672,3695.15,0,18.483,0.124103,1.55049,1.84275,5.49768,1.12449,7.64234,0.42336,0,0,18.483,0.42336,442.007,0,1.02816,0,0,2.57865,1.55049,1.028160,1,0,83.6179,0,0,0,83.6179,0
71.5325,2.50097,0,0,4.22318,0.327161,0.36288,3.6288,61.308,0.242013,0,0,1.66251,0.233232,1.18726,0.66528,12.849,1,0.455814,0.36288,0,99.6702,3.66505,95.9122,0.84672,12.849,0.84672,3695.15,0,18.483,0.0729616,2.4334,1.8428,6.60622,1.00884,9.80062,0.42336,0,0,18.483,0.42336,442.007,0,1.02816,0,0,3.46156,2.4334,1.028160,1,0,106.9,0,0,0,106.9,0
72.29,2.50661,0,0,4.27851,0.347727,0.666653,3.6288,61.308,0.242037,0,0,1.91488,0.230013,1.44283,0.66528,12.849,1,0.450248,0.666653,0,115.965,3.6203,112.561,0.84672,12.849,0.84672,3695.15,0,18.483,0.0729688,2.96686,1.59181,7.35784,0.989565,10.854,0.42336,0,0,18.483,0.42336,442.007,0,1.02816,0,0,3.99502,2.96686,1.028160,1,0,124.858,0,0,0,124.858,0
72.29,2.51067,0,0,4.22772,0.304425,1.41262,3.6288,61.308,0.242061,0,0,1.83726,0.205948,1.38925,0.66528,12.849,1,0.446253,1.41262,0,124.159,3.27152,121.853,0.84672,12.849,0.84672,3695.15,0,18.483,0.0729761,3.04665,1.59184,7.03712,0.939463,10.6632,0.42336,0,0,18.483,0.42336,442.007,0,1.02816,0,0,4.07481,3.04665,1.028160,1,0,133.906,0,0,0,133.906,0
72.29,2.51073,0,0,5.70868,0.284653,2.9133,3.6288,61.308,0.242085,0,0,3.59072,0.219007,3.12963,0.66528,12.849,1,0.446263,2.9133,0,132.507,3.7429,131.231,0.84672,12.849,0.84672,3695.15,0,18.483,0.0729833,4.9913,1.59188,10.1962,0.993163,15.7132,0.42336,0,0,18.483,0.42336,442.007,0,1.02816,0,0,6.01946,4.9913,1.028160,1,0,150.074,0,0,0,150.074,0
72.29,2.51079,0,0,7.11192,0.32364,4.27749,3.6288,61.308,0.242109,0,0,4.64745,0.209269,4.19607,0.66528,12.849,1,0.446274,4.27749,0,149.084,4.00462,148.911,0.84672,12.849,0.84672,3695.15,0,18.483,0.0729906,5.80052,1.59192,12.8387,1.03422,19.1239,0.42336,0,0,18.483,0.42336,442.007,0,1.02816,0,0,6.82868,5.80052,1.028160,1,0,172.231,0,0,0,172.231,0
72.29,2.60259,0,0,4.25697,0.370766,1.28362,3.6288,61.308,0.283645,0,0,2.55248,0.199821,2.06901,0.66528,12.849,1,0.46259,1.28362,0,128.465,3.99178,125.294,0.84672,12.849,0.84672,3695.15,0,18.483,0.0855126,4.02255,1.59196,8.88192,1.11895,13.292,0.42336,0,0,18.483,0.42336,442.007,0,1.02816,0,0,5.05071,4.02255,1.028160,1,0,140.655,0,0,0,140.655,0
72.29,2.60265,0,0,3.84543,0.343816,0.898966,3.6288,61.308,0.28367,0,0,2.00374,0.199838,1.52023,0.66528,12.849,1,0.462601,0.898966,0,92.3564,3.91882,88.874,0.84672,12.849,0.84672,3695.15,0,18.483,0.0855201,3.10978,1.65398,6.78672,1.11498,10.35,0.42336,0,0,18.483,0.42336,442.007,0,1.02816,0,0,4.13794,3.10978,1.028160,1,0,100.744,0,0,0,100.744,0
72.29,2.60271,0,0,3.59479,0.276442,0.715642,3.6288,61.308,0.283695,0,0,1.81395,0.19988,1.33038,0.66528,12.849,1,0.462612,0.715642,0,86.4346,3.73642,82.9512,0.84672,12.849,0.84672,3695.15,0,18.483,0.0855276,2.42519,1.65402,7.67007,1.10506,10.5587,0.42336,0,0,18.483,0.42336,442.007,0,1.02816,0,0,3.45335,2.42519,1.028160,1,0,94.8402,0,0,0,94.8402,0
72.29,2.60277,0,0,3.35957,0.282097,0.474702,3.6288,61.308,0.28372,0,0,1.71592,0.201135,1.23107,0.66528,12.849,1,0.462623,0.474702,0,85.1463,3.78925,81.3692,0.84672,12.849,0.84672,3695.15,0,18.483,0.0855352,2.21716,1.65406,6.06017,1.10807,8.73779,0.42336,0,0,18.483,0.42336,442.007,0,1.02816,0,0,3.24532,2.21716,1.028160,1,0,91.338,0,0,0,91.338,0
72.0854,2.56696,0,0,3.0413,0.316029,0.36288,3.6288,61.308,0.267621,0,0,1.49024,0.208664,1.01396,0.66528,12.849,1,0.456257,0.36288,0,72.2848,4.10623,68.0852,0.84672,12.849,0.84672,3695.15,0,18.483,0.0806817,1.71364,1.6541,5.73685,1.12609,7.89781,0.42336,0,0,18.483,0.42336,442.007,0,1.02816,0,0,2.7418,1.71364,1.028160,1,0,76.997,0,0,0,76.997,0
71.8003,2.56592,0,0,2.95925,0.315539,0.36288,3.6288,61.308,0.267645,0,0,1.33713,0.208664,0.860817,0.66528,12.849,1,0.457367,0.36288,0,64.9806,4.10623,60.7799,0.84672,12.849,0.84672,3695.15,0,18.483,0.0806891,1.29704,1.63,5.70401,1.12609,7.42427,0.42336,0,0,18.483,0.42336,442.007,0,1.02816,0,0,2.3252,1.29704,1.028160,1,0,69.0649,0,0,0,69.0649,0
71.1524,2.56444,0,0,2.54785,0.268435,0.36288,3.6288,61.308,0.26767,0,0,1.12343,0.23164,0.624124,0.66528,12.849,1,0.458918,0.36288,0,60.4088,4.03214,56.2806,0.84672,12.849,0.84672,3695.15,0,18.483,0.0806965,1.55344,1.63004,5.0278,1.08515,7.04543,0.42336,0,0,18.483,0.42336,442.007,0,1.02816,0,0,2.5816,1.55344,1.028160,1,0,63.9502,0,0,0,63.9502,0
70.1988,2.56096,0,0,2.20262,0.232467,0.36288,3.6288,61.308,0.267694,0,0,1.09196,0.248871,0.575392,0.66528,12.849,1,0.462468,0.36288,0,45.7424,3.97656,41.6663,0.84672,12.849,0.84672,3695.15,0,18.483,0.0807039,1.60343,1.63008,4.49325,1.05445,6.59161,0.42336,0,0,18.483,0.42336,442.007,0,1.02816,0,0,2.63159,1.60343,1.028160,1,0,48.8333,0,0,0,48.8333,0
68.9259,2.67694,0,0,1.96315,0.196197,0.36288,3.6288,61.308,0.324905,0,0,1.02625,0.258316,0.44303,0.66528,12.849,1,0.48998,0.36288,0,37.6511,4.39411,33.1299,0.84672,12.849,0.84672,3695.15,0,18.483,0.0979515,1.06491,1.63012,3.95289,1.14703,5.40295,0.42336,0,0,18.483,0.42336,442.007,0,1.02816,0,0,2.09307,1.06491,1.028160,1,0,38.9759,0,0,0,38.9759,0
67.5682,2.66938,0,0,1.83958,0.165002,0.36288,3.6288,61.308,0.324931,0,0,0.884062,0.267007,0.292125,0.66528,12.849,1,0.497619,0.36288,0,36.619,4.64467,31.8396,0.84672,12.849,0.84672,3695.15,0,18.483,0.0979594,0.617164,1.71454,3.60418,1.21956,4.61837,0.42336,0,0,18.483,0.42336,442.007,0,1.02816,0,0,1.64532,0.617164,1.028160,1,0,36.7501,0,0,0,36.7501,0
66.1955,2.66104,0,0,1.81442,0.163258,0.36288,3.6288,61.308,0.324957,0,0,0.886654,0.267007,0.294691,0.66528,12.849,1,0.506032,0.36288,0,34.6512,4.64467,29.8634,0.84672,12.849,0.84672,3695.15,0,18.483,0.0979672,0.686949,1.71458,3.43136,1.21956,4.51536,0.42336,0,0,18.483,0.42336,442.007,0,1.02816,0,0,1.71511,0.686949,1.028160,1,0,34.6735,0,0,0,34.6735,0
64.6323,2.65231,0,0,1.62757,0.175563,0.36288,3.6288,61.308,0.324983,0,0,0.845467,0.263056,0.257428,0.66528,12.849,1,0.514832,0.36288,0,32.7245,4.39083,28.1817,0.84672,12.849,0.84672,3695.15,0,18.483,0.097975,0.696548,1.71462,3.16034,1.22935,4.24418,0.42336,0,0,18.483,0.42336,442.007,0,1.02816,0,0,1.72471,0.696548,1.028160,1,0,32.6833,0,0,0,32.6833,0
63.0197,2.64199,0,0,1.5503,0.157998,0.36288,3.6288,61.308,0.325009,0,0,0.837328,0.282274,0.230045,0.66528,12.849,1,0.525231,0.36288,0,33.7746,4.65317,28.9591,0.84672,12.849,0.84672,3695.15,0,18.483,0.0979829,0.805732,1.71466,3.47416,1.31917,4.5774,0.42336,0,0,18.483,0.42336,442.007,0,1.02816,0,0,1.83389,0.805732,1.028160,1,0,33.7665,0,0,0,33.7665,0
61.3559,2.60732,0,0,1.41769,0.111323,0.36288,3.6288,61.308,0.356468,0,0,0.790413,0.314921,0.119024,0.66528,12.849,1,0.531603,0.36288,0,35.0467,5.45422,29.4237,0.84672,12.849,0.84672,3695.15,0,18.483,0.107467,0.725535,1.7147,3.59277,1.42152,4.50402,0.42336,0,0,18.483,0.42336,442.007,0,1.02816,0,0,1.7537,0.725535,1.028160,1,0,34.0468,0,0,0,34.0468,0
59.5715,2.59546,0,0,1.28381,0.109811,0.36288,3.6288,61.308,0.356495,0,0,0.764372,0.314921,0.0929558,0.66528,12.849,1,0.543535,0.36288,0,31.6824,5.45422,26.0475,0.84672,12.849,0.84672,3695.15,0,18.483,0.107475,0.649028,1.74103,3.52682,1.42152,4.38789,0.42336,0,0,18.483,0.42336,442.007,0,1.02816,0,0,1.67719,0.649028,1.028160,1,0,30.5283,0,0,0,30.5283,0
57.7573,2.58213,0,0,1.23889,0.108094,0.36288,3.6288,61.308,0.356522,0,0,0.711789,0.314921,0.0403461,0.66528,12.849,1,0.55694,0.36288,0,28.9847,5.45422,23.3364,0.84672,12.849,0.84672,3695.15,0,18.483,0.107483,0.451112,1.74107,3.41565,1.42152,4.07883,0.42336,0,0,18.483,0.42336,442.007,0,1.02816,0,0,1.47927,0.451112,1.028160,1,0,27.4556,0,0,0,27.4556,0
55.9171,2.56788,0,0,1.19213,0.101606,0.36288,3.6288,61.308,0.356548,0,0,0.680858,0.319364,0.0049457,0.66528,12.849,1,0.571264,0.36288,0,25.9669,5.49219,20.2663,0.84672,12.849,0.84672,3695.15,0,18.483,0.107491,0.372125,1.74111,3.39845,1.444,3.96019,0.42336,0,0,18.483,0.42336,442.007,0,1.02816,0,0,1.40028,0.372125,1.028160,1,0,24.2315,0,0,0,24.2315,0
54.0382,2.61222,0,0,1.17146,0.0752051,0.36288,3.6288,61.308,0.384592,0,0,0.756674,0.330122,0.0419601,0.66528,12.849,1,0.600254,0.36288,0,27.2801,5.94069,21.102,0.84672,12.849,0.84672,3695.15,0,18.483,0.115946,0.496307,1.74115,3.06635,1.47664,3.71122,0.42336,0,0,18.483,0.42336,442.007,0,1.02816,0,0,1.52447,0.496307,1.028160,1,0,24.8552,0,0,0,24.8552,0
52.1278,2.59542,0,0,1.12162,0.0737989,0.36288,3.6288,61.308,0.38462,0,0,0.739688,0.330122,0.0249465,0.66528,12.849,1,0.617129,0.36288,0,25.5278,5.94069,19.3329,0.84672,12.849,0.84672,3695.15,0,18.483,0.115954,0.527075,1.78309,3.15151,1.47664,3.86908,0.42336,0,0,18.483,0.42336,442.007,0,1.02816,0,0,1.55523,0.527075,1.028160,1,0,23.2269,0,0,0,23.2269,0
50.0932,2.57734,0,0,0.978031,0.072369,0.36288,3.6288,61.2908,0.384647,0,0,0.697524,0.330122,0,0.66528,12.849,1,0.635289,0.36288,0,24.1857,5.94069,17.9726,0.84672,12.849,0.84672,3695.15,0,18.483,0.115962,0.382666,1.78313,3.01131,1.47664,3.5845,0.42336,0,0,18.483,0.42336,442.007,0,1.02816,0,0,1.41083,0.382666,1.028160,1,0,21.5571,0,0,0,21.5571,0
48.0086,2.55686,0,0,0.901973,0.0668245,0.36288,3.6288,61.259,0.384649,0,0,0.685532,0.332675,0,0.66528,12.849,1,0.65584,0.36288,0,22.817,6.01546,16.5086,0.84672,12.849,0.84672,3695.15,0,18.483,0.115996,0.320302,1.78317,2.9839,1.49158,3.4798,0.42336,0,0,18.483,0.42336,442.007,0,1.02816,0,0,1.34846,0.320302,1.028160,1,0,19.9884,0,0,0,19.9884,0
45.7439,2.70372,0,0,0.845787,0.0438959,0.36288,3.6288,61.0697,0.485748,0,0,0.611459,0.314973,0,0.66528,12.849,1,0.723623,0.36288,0,19.6924,6.04688,13.2848,0.84672,12.849,0.84672,3695.15,0,18.483,0.146559,0.335111,1.78322,3.2179,1.46493,3.72473,0.42336,0,0,18.483,0.42336,442.007,0,1.02816,0,0,1.36327,0.335111,1.028160,1,0,17.0095,0,0,0,17.0095,0
43.6453,2.67582,0,0,0.972199,0.0321224,0.36288,3.6288,60.8804,0.485429,0,0,0.596183,0.300029,0,0.66528,12.849,1,0.751609,0.36288,0,19.1642,5.96505,12.8104,0.84672,12.849,0.84672,3695.15,0,18.483,0.146917,0.496212,1.92516,3.18701,1.45586,4.00561,0.42336,0,0,18.483,0.42336,442.007,0,1.02816,0,0,1.52437,0.496212,1.028160,1,0,16.816,0,0,0,16.816,0
41.4037,2.64796,0,0,0.800574,0.0313682,0.36288,3.6288,60.6146,0.485108,0,0,0.518905,0.299669,0,0.66528,12.849,1,0.779548,0.36288,0,23.7911,5.96505,17.4094,0.84672,12.849,0.84672,3695.15,0,18.483,0.147276,0.318773,1.92521,2.84331,1.45586,3.48416,0.42336,0,0,18.483,0.42336,442.007,0,1.02816,0,0,1.34693,0.318773,1.028160,1,0,20.8935,0,0,0,20.8935,0
39.2801,2.61581,0,0,0.885652,0.0305627,0.36288,3.6288,60.5436,0.484643,0,0,0.712807,0.299164,0,0.66528,12.849,1,0.811777,0.36288,0,20.3978,5.96505,13.9839,0.84672,12.849,0.84672,3695.15,0,18.483,0.147781,0.735091,1.92525,3.39781,1.45586,4.45451,0.42336,0,0,18.483,0.42336,442.007,0,1.02816,0,0,1.76325,0.735091,1.028160,1,0,18.4384,0,0,0,18.4384,0
37.2224,2.5828,0,0,0.918104,0.0301216,0.36288,3.6288,60.3869,0.48454,0,0,0.598329,0.270458,0,0.66528,12.849,1,0.844866,0.36288,0,19.5147,5.65012,13.3825,0.84672,12.849,0.84672,3695.15,0,18.483,0.147922,0.638591,1.9253,4.08359,1.38208,5.11747,0.42336,0,0,18.483,0.42336,442.007,0,1.02816,0,0,1.66675,0.638591,1.028160,1,0,18.5,0,0,0,18.5,0
35.3821,2.47644,0,0,1.07338,0.0743163,0.36288,3.6288,60.5701,0.423099,0,0,0.805352,0.199062,0,0.66528,12.849,1,0.84672,0.36288,0,17.1183,5.01249,11.622,0.84672,12.849,0.84672,3695.15,0,18.483,0.1295,0.798595,1.92534,4.72445,1.14101,6.17787,0.42336,0,0,18.483,0.42336,442.007,0,1.02816,0,0,1.82676,0.798595,1.028160,1,0,17.7999,0,0,0,17.7999,0
33.5964,2.47652,0,0,1.12636,0.0727008,0.36288,3.6288,60.8254,0.423427,0,0,0.878005,0.199294,0,0.66528,12.849,1,0.84672,0.36288,0,19.9375,5.01249,14.4412,0.84672,12.849,0.84672,3695.15,0,18.483,0.129209,0.716394,1.84405,4.55919,1.14101,5.84942,0.42336,0,0,18.483,0.42336,442.007,0,1.02816,0,0,1.74455,0.716394,1.028160,1,0,20.2906,0,0,0,20.2906,0
32.3506,2.47659,0,0,1.6648,0.0711332,0.36288,3.6288,61.308,0.423871,0,0,1.21588,0.199617,0.109755,0.66528,12.849,1,0.84672,0.36288,0,18.1627,5.01249,12.6663,0.84672,12.849,0.84672,3695.15,0,18.483,0.128802,1.09181,1.8441,5.41004,1.14101,7.07614,0.42336,0,0,18.483,0.42336,442.007,0,1.02816,0,0,2.11997,1.09181,1.028160,1,0,19.8522,0,0,0,19.8522,0
31.2679,2.47667,0,0,1.82695,0.0700395,0.36288,3.6288,61.308,0.424678,0,0,1.94263,0.200228,1.31772,0.66528,12.849,1,0.84672,0.36288,0,47.8172,5.01249,42.3209,0.84672,12.849,0.84672,3695.15,0,18.483,0.128031,1.54498,1.84414,7.23954,1.14101,9.35962,0.42336,0,0,18.483,0.42336,442.007,0,1.02816,0,0,2.57314,1.54498,1.028160,1,0,52.9982,0,0,0,52.9982,0
29.7683,2.3909,0,0,1.40559,0.151475,0.36288,3.6288,61.308,0.368818,0,0,0.880092,0.215038,0.296235,0.66528,12.849,1,0.84672,0.36288,0,27.1523,4.78218,21.8863,0.84672,12.849,0.84672,3695.15,0,18.483,0.111191,0.38251,1.84418,5.09655,1.11246,6.0996,0.42336,0,0,18.483,0.42336,442.007,0,1.02816,0,0,1.41067,0.38251,1.028160,1,0,28.2821,0,0,0,28.2821,0
27.9888,2.39097,0,0,1.13635,0.161956,0.36288,3.6288,61.1592,0.47345,0,0,0.542113,0.217507,0,0.66528,12.849,1,0.84672,0.36288,0,20.1957,4.74379,14.9681,0.84672,12.849,0.84672,3695.15,0,18.483,0.142735,0.216518,1.77194,4.31505,1.1077,5.05307,0.42336,0,0,18.483,0.42336,442.007,0,0.89202,0,0,1.10854,0.216518,1.028160,1,0,20.0212,0,0,0,20.0212,0
27.2,2.39105,0,0,2.12326,0.158084,0.36288,3.6288,61.308,0.368665,0,0,1.47908,0.217302,0.744272,0.66528,12.849,1,0.84672,0.36288,0,40.2359,4.74379,35.0082,0.84672,12.849,0.84672,3695.15,0,18.483,0.111415,2.36746,1.77198,9.51964,1.1077,12.44,0.42336,0,0,18.483,0.42336,442.007,0,1.02816,0,0,3.39562,2.36746,1.028160,1,0,48.1925,0,0,0,48.1925,0
28.18,2.39112,0,0,3.89743,0.163464,0.36288,3.6288,61.308,0.368899,0,0,2.6782,0.209675,2.09963,0.66528,12.849,1,0.84672,0.36288,0,77.3604,4.63497,72.2416,0.84672,12.849,0.84672,3695.15,0,18.483,0.111215,2.3162,1.77202,12.4587,1.07687,15.3588,0.42336,0,0,18.483,0.42336,442.007,0,1.02816,0,0,3.34436,2.3162,1.028160,1,0,89.7001,0,0,0,89.7001,0
27.5712,2.14735,0,0,2.09023,0.188786,0.36288,3.6288,61.308,0.252517,0,0,1.46365,0.176644,1.03449,0.66528,12.849,1,0.84672,0.36288,0,44.4691,4.15548,39.8298,0.84672,12.849,0.84672,3695.15,0,18.483,0.0761282,0.357972,1.77206,6.71855,1.01679,7.75567,0.42336,0,0,18.483,0.42336,442.007,0,1.02816,0,0,1.38613,0.357972,1.028160,1,0,48.62,0,0,0,48.62,0
29.1412,2.14742,0,0,4.25254,0.172283,0.36288,3.6288,61.308,0.252541,0,0,2.73045,0.187111,2.29079,0.66528,12.849,1,0.84672,0.36288,0,76.2568,4.28557,71.4874,0.84672,12.849,0.84672,3695.15,0,18.483,0.0761355,1.87921,1.60936,12.2592,1.11044,14.5612,0.42336,0,0,18.483,0.42336,442.007,0,1.02816,0,0,2.90737,1.87921,1.028160,1,0,88.3394,0,0,0,88.3394,0
30.1628,2.14749,0,0,3.70795,0.176028,0.36288,3.6288,61.308,0.252565,0,0,3.3594,0.187111,2.91972,0.66528,12.849,1,0.84672,0.36288,0,100.397,4.28557,95.6274,0.84672,12.849,0.84672,3695.15,0,18.483,0.0761428,2.71934,1.60939,11.5614,1.11044,14.7035,0.42336,0,0,18.483,0.42336,442.007,0,1.02816,0,0,3.7475,2.71934,1.028160,1,0,113.251,0,0,0,113.251,0
30.6825,2.14755,0,0,3.22272,0.192496,0.36288,3.6288,61.308,0.25259,0,0,3.72032,0.20732,3.26041,0.66528,12.849,1,0.84672,0.36288,0,72.2269,4.48405,67.259,0.84672,12.849,0.84672,3695.15,0,18.483,0.0761501,2.78337,1.60943,11.1182,1.15013,14.2847,0.42336,0,0,18.483,0.42336,442.007,0,1.02816,0,0,3.81153,2.78337,1.028160,1,0,84.8042,0,0,0,84.8042,0
31.5605,2.14762,0,0,3.58906,0.200562,0.36288,3.6288,61.308,0.252614,0,0,3.08572,0.21508,2.61802,0.66528,12.849,1,0.84672,0.36288,0,86.5304,4.75773,81.2888,0.84672,12.849,0.84672,3695.15,0,18.483,0.0761575,2.76684,1.60947,11.4617,1.15716,14.6046,0.42336,0,0,18.483,0.42336,442.007,0,1.02816,0,0,3.795,2.76684,1.028160,1,0,98.5115,0,0,0,98.5115,0
31.0276,2.2415,0,0,2.28995,0.218553,0.36288,3.6288,61.308,0.286349,0,0,1.41954,0.113301,1.01989,0.66528,12.849,1,0.84672,0.36288,0,44.6099,3.42069,40.7053,0.84672,12.849,0.84672,3695.15,0,18.483,0.0863278,2.16022,1.60951,10.5511,0.589919,13.6446,0.42336,0,0,18.483,0.42336,442.007,0,1.02816,0,0,3.18838,2.16022,1.028160,1,0,55.3698,0,0,0,55.3698,0
31.3616,2.24155,0,0,3.15558,0.217073,0.36288,3.6288,61.308,0.286368,0,0,1.77265,0.113301,1.37298,0.66528,12.849,1,0.84672,0.36288,0,85.7686,3.42069,81.8641,0.84672,12.849,0.84672,3695.15,0,18.483,0.0863335,1.99895,1.66102,11.3427,0.589919,14.3264,0.42336,0,0,18.483,0.42336,442.007,0,1.02816,0,0,3.02711,1.99895,1.028160,1,0,97.5634,0,0,0,97.5634,0
31.486,2.24161,0,0,2.9469,0.218003,0.36288,3.6288,61.308,0.286387,0,0,2.64782,0.113301,2.24814,0.66528,12.849,1,0.84672,0.36288,0,81.1676,3.42069,77.2631,0.84672,12.849,0.84672,3695.15,0,18.483,0.0863393,3.17449,1.66105,12.8021,0.589919,16.9614,0.42336,0,0,18.483,0.42336,442.007,0,1.02816,0,0,4.20265,3.17449,1.028160,1,0,96.4727,0,0,0,96.4727,0
32.8995,2.24166,0,0,4.2398,0.221797,0.36288,3.6288,61.308,0.286406,0,0,3.79118,0.110824,3.39395,0.66528,12.849,1,0.84672,0.36288,0,104.547,3.4575,100.606,0.84672,12.849,0.84672,3695.15,0,18.483,0.0863449,3.63472,1.66108,15.6325,0.581787,20.2602,0.42336,0,0,18.483,0.42336,442.007,0,1.02816,0,0,4.66288,3.63472,1.028160,1,0,124.26,0,0,0,124.26,0
32.165,2.54295,0,0,2.4149,0.243531,0.36288,3.6288,61.308,0.412989,0,0,2.75612,0.149841,2.19329,0.66528,12.849,1,0.84672,0.36288,0,84.1856,4.29051,79.4112,0.84672,12.849,0.84672,3695.15,0,18.483,0.124507,4.43306,1.66111,9.6748,0.891119,14.7533,0.42336,0,0,18.483,0.42336,442.007,0,1.02816,0,0,5.46122,4.43306,1.028160,1,0,96.3579,0,0,0,96.3579,0
33.6219,2.54301,0,0,4.60275,0.239994,0.36288,3.6288,61.308,0.41301,0,0,3.26176,0.171392,2.67735,0.66528,12.849,1,0.84672,0.36288,0,91.7904,4.53537,86.7712,0.84672,12.849,0.84672,3695.15,0,18.483,0.124513,4.4118,1.84485,12.1498,1.03437,17.2476,0.42336,0,0,18.483,0.42336,442.007,0,1.02816,0,0,5.43996,4.4118,1.028160,1,0,106.696,0,0,0,106.696,0
33.7573,2.54307,0,0,3.28577,0.244386,0.36288,3.6288,61.308,0.413031,0,0,1.84902,0.171392,1.2646,0.66528,12.849,1,0.84672,0.36288,0,71.6931,4.53537,66.6739,0.84672,12.849,0.84672,3695.15,0,18.483,0.12452,2.60299,1.84488,8.54703,1.03437,11.836,0.42336,0,0,18.483,0.42336,442.007,0,1.02816,0,0,3.63115,2.60299,1.028160,1,0,79.7745,0,0,0,79.7745,0
32.6551,2.54313,0,0,2.03222,0.228397,0.36288,3.6288,61.308,0.413052,0,0,1.32158,0.179631,0.7289,0.66528,12.849,1,0.84672,0.36288,0,43.5127,4.48539,38.5435,0.84672,12.849,0.84672,3695.15,0,18.483,0.124526,1.38448,1.84491,6.17534,1.00089,8.27932,0.42336,0,0,18.483,0.42336,442.007,0,1.02816,0,0,2.41264,1.38448,1.028160,1,0,47.5517,0,0,0,47.5517,0
33.984,2.12434,0,0,4.03412,0.218041,0.36288,3.6288,61.308,0.243211,0,0,2.09792,0.236669,1.61804,0.66528,12.849,1,0.835876,0.36288,0,101.877,4.63848,96.7652,0.84672,12.849,0.84672,3695.15,0,18.483,0.0733227,2.76152,1.84495,11.0165,1.14069,14.409,0.42336,0,0,18.483,0.42336,442.007,0,1.02816,0,0,3.78968,2.76152,1.028160,1,0,112.792,0,0,0,112.792,0
35.9524,2.11246,0,0,4.66741,0.223641,0.36288,3.6288,61.308,0.226086,0,0,2.13593,0.257012,1.65283,0.66528,12.849,1,0.798698,0.36288,0,128.713,4.71471,123.562,0.84672,12.849,0.84672,3695.15,0,18.483,0.0681599,2.91239,1.59366,9.8998,1.20665,13.131,0.42336,0,0,18.483,0.42336,442.007,0,1.02816,0,0,3.94055,2.91239,1.028160,1,0,138.346,0,0,0,138.346,0
37.1488,2.10852,0,0,3.89678,0.229048,0.36288,3.6288,61.308,0.208961,0,0,1.96459,0.257012,1.49862,0.66528,12.849,1,0.753563,0.36288,0,106.668,4.71471,101.562,0.84672,12.849,0.84672,3695.15,0,18.483,0.062997,3.59355,1.56724,9.7041,1.20665,13.5952,0.42336,0,0,18.483,0.42336,442.007,0,1.02816,0,0,4.62171,3.59355,1.028160,1,0,116.656,0,0,0,116.656,0
39.3097,2.01711,0,0,4.77843,0.237512,0.36288,3.6288,61.308,0.157547,0,0,2.97463,0.236666,2.58042,0.66528,12.849,1,0.697677,0.36288,0,131.981,4.48725,127.159,0.84672,12.849,0.84672,3695.15,0,18.483,0.047497,3.97448,1.54083,15.2134,1.1234,19.5578,0.42336,0,0,18.483,0.42336,442.007,0,1.02816,0,0,5.00264,3.97448,1.028160,1,0,149.297,0,0,0,149.297,0
40.849,2.23114,0,0,4.38808,0.254781,0.36288,3.6288,61.308,0.243284,0,0,1.8856,0.195887,1.44643,0.66528,12.849,1,0.729284,0.36288,0,129.155,3.90093,124.888,0.84672,12.849,0.84672,3695.15,0,18.483,0.0733446,2.42595,1.46152,10.0565,0.989894,12.8808,0.42336,0,0,18.483,0.42336,442.007,0,1.02816,0,0,3.45411,2.42595,1.028160,1,0,139.215,0,0,0,139.215,0
41.9172,2.33437,0,0,4.01962,0.254158,0.36288,3.6288,61.308,0.28486,0,0,1.88597,0.221106,1.38,0.66528,12.849,1,0.734275,0.36288,0,131.165,3.85676,126.937,0.84672,12.849,0.84672,3695.15,0,18.483,0.085879,3.8537,1.59377,11.3652,1.1765,15.5503,0.42336,0,0,18.483,0.42336,442.007,0,1.02816,0,0,4.88186,3.8537,1.028160,1,0,143.867,0,0,0,143.867,0
42.9917,2.34874,0,0,4.04349,0.257371,0.36288,3.6288,61.308,0.284879,0,0,2.10321,0.221106,1.59722,0.66528,12.849,1,0.719965,0.36288,0,111.541,3.85676,107.327,0.84672,12.849,0.84672,3695.15,0,18.483,0.0858847,4.42682,1.65585,10.1149,1.1765,14.9352,0.42336,0,0,18.483,0.42336,442.007,0,1.02816,0,0,5.45498,4.42682,1.028160,1,0,123.859,0,0,0,123.859,0
45.9203,2.36263,0,0,5.90921,0.255073,0.36288,3.6288,61.308,0.284898,0,0,2.90563,0.182676,2.43806,0.66528,12.849,1,0.706124,0.36288,0,200.203,3.5521,196.307,0.84672,12.849,0.84672,3695.15,0,18.483,0.0858904,5.38172,1.65588,21.6188,1.16019,27.4104,0.42336,0,0,18.483,0.42336,442.007,0,1.02816,0,0,6.40988,5.38172,1.028160,1,0,226.156,0,0,0,226.156,0
46.8342,2.39786,0,0,3.89485,0.220232,0.36288,3.6288,61.308,0.284917,0,0,2.25978,0.180772,1.79409,0.66528,12.849,1,0.670948,0.36288,0,172.155,3.78296,168.064,0.84672,12.849,0.84672,3695.15,0,18.483,0.0858961,3.66637,1.65591,12.0423,1.31667,15.962,0.42336,0,0,18.483,0.42336,442.007,0,1.02816,0,0,4.69453,3.66637,1.028160,1,0,185.82,0,0,0,185.82,0
47.3902,2.37499,0,0,3.46313,0.169228,0.36288,3.6288,61.308,0.268794,0,0,1.7563,0.178917,1.30859,0.66528,12.849,1,0.65158,0.36288,0,86.4251,3.93225,82.2041,0.84672,12.849,0.84672,3695.15,0,18.483,0.0810354,3.04748,1.65594,10.1927,1.18348,13.6316,0.42336,0,0,18.483,0.42336,442.007,0,1.02816,0,0,4.07564,3.04748,1.028160,1,0,97.1443,0,0,0,97.1443,0
47.4232,2.38104,0,0,2.94719,0.170268,0.36288,3.6288,61.308,0.268812,0,0,1.03821,0.178917,0.590479,0.66528,12.849,1,0.645577,0.36288,0,75.6855,3.93225,71.4706,0.84672,12.849,0.84672,3695.15,0,18.483,0.081041,1.44609,1.63181,7.0213,1.18348,8.83468,0.42336,0,0,18.483,0.42336,442.007,0,1.02816,0,0,2.47425,1.44609,1.028160,1,0,80.8957,0,0,0,80.8957,0
47.5436,2.38144,0,0,3.03506,0.17033,0.36288,3.6288,61.308,0.268831,0,0,1.06211,0.178917,0.614359,0.66528,12.849,1,0.645235,0.36288,0,71.7206,3.93225,67.506,0.84672,12.849,0.84672,3695.15,0,18.483,0.0810466,1.38834,1.63184,6.95746,1.18348,8.71313,0.42336,0,0,18.483,0.42336,442.007,0,1.02816,0,0,2.4165,1.38834,1.028160,1,0,76.8335,0,0,0,76.8335,0
47.5385,2.38277,0,0,2.90879,0.168273,0.36288,3.6288,61.308,0.26885,0,0,1.0456,0.177884,0.598862,0.66528,12.849,1,0.64396,0.36288,0,79.3213,3.88212,75.1581,0.84672,12.849,0.84672,3695.15,0,18.483,0.0810522,1.43662,1.63187,8.09905,1.17811,9.90838,0.42336,0,0,18.483,0.42336,442.007,0,1.02816,0,0,2.46478,1.43662,1.028160,1,0,85.6653,0,0,0,85.6653,0
47.171,2.49579,0,0,2.62243,0.131208,0.36288,3.6288,61.308,0.326116,0,0,1.02334,0.187978,0.509245,0.66528,12.849,1,0.674576,0.36288,0,69.4734,4.01586,65.1458,0.84672,12.849,0.84672,3695.15,0,18.483,0.0983168,1.13878,1.6319,6.92487,1.14976,8.44748,0.42336,0,0,18.483,0.42336,442.007,0,1.02816,0,0,2.16694,1.13878,1.028160,1,0,74.1025,0,0,0,74.1025,0
46.6459,2.4917,0,0,2.44266,0.11323,0.36288,3.6288,61.308,0.326136,0,0,1.0179,0.200196,0.491573,0.66528,12.849,1,0.678718,0.36288,0,65.9647,4.34175,61.3071,0.84672,12.849,0.84672,3695.15,0,18.483,0.0983227,1.39145,1.7164,6.04537,1.15267,7.90224,0.42336,0,0,18.483,0.42336,442.007,0,1.02816,0,0,2.41961,1.39145,1.028160,1,0,69.7009,0,0,0,69.7009,0
45.9513,2.48575,0,0,2.26663,0.112575,0.36288,3.6288,61.308,0.326155,0,0,0.887665,0.200196,0.361314,0.66528,12.849,1,0.684721,0.36288,0,58.5553,4.34175,53.8917,0.84672,12.849,0.84672,3695.15,0,18.483,0.0983286,0.951152,1.71643,5.79385,1.15267,7.21044,0.42336,0,0,18.483,0.42336,442.007,0,1.02816,0,0,1.97931,0.951152,1.028160,1,0,61.4634,0,0,0,61.4634,0
45.2766,2.47771,0,0,2.23581,0.0699357,0.36288,3.6288,61.308,0.326175,0,0,0.850738,0.268916,0.255647,0.66528,12.849,1,0.692822,0.36288,0,56.1135,5.11367,50.6699,0.84672,12.849,0.84672,3695.15,0,18.483,0.0983345,1.31242,1.71646,6.40898,1.40175,7.93778,0.42336,0,0,18.483,0.42336,442.007,0,1.02816,0,0,2.34058,1.31242,1.028160,1,0,58.8633,0,0,0,58.8633,0
44.4024,2.46971,0,0,2.01995,0.0615984,0.36288,3.6288,61.308,0.326195,0,0,0.780434,0.264193,0.190046,0.66528,12.849,1,0.700876,0.36288,0,45.3171,5.14263,39.8364,0.84672,12.849,0.84672,3695.15,0,18.483,0.0983404,0.537857,1.71649,4.51711,1.335,5.33812,0.42336,0,0,18.483,0.42336,442.007,0,1.02816,0,0,1.56602,0.537857,1.028160,1,0,45.3646,0,0,0,45.3646,0
43.2613,2.43703,0,0,1.7301,0.0712457,0.36288,3.6288,61.308,0.357681,0,0,0.66922,0.264886,0.0466528,0.66528,12.849,1,0.705218,0.36288,0,38.678,5.17818,33.1575,0.84672,12.849,0.84672,3695.15,0,18.483,0.107833,0.341047,1.71652,4.29641,1.26224,4.9839,0.42336,0,0,18.483,0.42336,442.007,0,1.02816,0,0,1.36921,0.341047,1.028160,1,0,38.188,0,0,0,38.188,0
42.1278,2.42273,0,0,1.72239,0.0703224,0.36288,3.6288,61.308,0.357701,0,0,0.643861,0.264886,0.0212742,0.66528,12.849,1,0.719572,0.36288,0,36.4957,5.17818,30.9608,0.84672,12.849,0.84672,3695.15,0,18.483,0.107839,0.373058,1.74287,4.5493,1.26224,5.29514,0.42336,0,0,18.483,0.42336,442.007,0,1.02816,0,0,1.40122,0.373058,1.028160,1,0,36.2772,0,0,0,36.2772,0
40.9371,2.40793,0,0,1.63879,0.0586286,0.36288,3.6288,61.2906,0.357722,0,0,0.628543,0.288203,0,0.66528,12.849,1,0.734421,0.36288,0,34.3995,5.50393,28.524,0.84672,12.849,0.84672,3695.15,0,18.483,0.107845,0.353946,1.7429,4.42236,1.37249,5.03887,0.42336,0,0,18.483,0.42336,442.007,0,1.02816,0,0,1.38211,0.353946,1.028160,1,0,33.5629,0,0,0,33.5629,0
39.5567,2.39172,0,0,1.41808,0.0439503,0.36288,3.6288,61.2082,0.359922,0,0,0.591391,0.313898,0,0.66528,12.849,1,0.750692,0.36288,0,32.0922,6.20947,25.495,0.84672,12.849,0.84672,3695.15,0,18.483,0.108539,0.261274,1.74293,4.41679,1.62008,4.69237,0.42336,0,0,18.483,0.42336,442.007,0,1.02529,0,0,1.28657,0.261274,1.028160,1,0,30.1873,0,0,0,30.1873,0
38.0809,2.42734,0,0,1.36199,0.0474918,0.36288,3.6288,60.9775,0.513892,0,0,0.610837,0.327626,0,0.66528,12.849,1,0.788462,0.36288,0,26.5137,6.28032,19.8078,0.84672,12.849,0.84672,3695.15,0,18.483,0.15518,0.261274,1.74296,3.44661,1.5017,3.79396,0.42336,0,0,18.483,0.42336,442.007,0,0.861209,0,0,1.12248,0.261274,1.028160,1,0,23.6017,0,0,0,23.6017,0
36.6961,2.40454,0,0,1.42562,0.0430082,0.36288,3.6288,60.9184,0.385345,0,0,0.661582,0.3353,0,0.66528,12.849,1,0.811322,0.36288,0,35.5745,6.30252,28.8235,0.84672,12.849,0.84672,3695.15,0,18.483,0.116803,0.285094,1.78494,3.73919,1.49564,4.19678,0.42336,0,0,18.483,0.42336,442.007,0,1.02816,0,0,1.31325,0.285094,1.028160,1,0,33.0203,0,0,0,33.0203,0
35.2386,2.3819,0,0,1.32959,0.0423118,0.36288,3.6288,60.784,0.385279,0,0,0.585974,0.335175,0,0.66528,12.849,1,0.834014,0.36288,0,28.1426,6.30252,21.369,0.84672,12.849,0.84672,3695.15,0,18.483,0.116896,0.26816,1.78497,3.41303,1.49564,3.85363,0.42336,0,0,18.483,0.42336,442.007,0,1.02816,0,0,1.29632,0.26816,1.028160,1,0,25.2226,0,0,0,25.2226,0
33.6743,2.36925,0,0,1.20938,0.0415788,0.36288,3.6288,60.4901,0.509406,0,0,0.550413,0.334889,0,0.66528,12.849,1,0.84672,0.36288,0,25.8781,6.30252,19.0917,0.84672,12.849,0.84672,3695.15,0,18.483,0.154899,0.227405,1.785,3.12365,1.49564,3.48551,0.42336,0,0,18.483,0.42336,442.007,0,0.866056,0,0,1.09346,0.227405,1.028160,1,0,22.5772,0,0,0,22.5772,0
32.0391,2.58409,0,0,1.34234,0.0305447,0.36288,3.6288,60.262,0.485609,0,0,0.612481,0.355001,0,0.66528,12.849,1,0.84672,0.36288,0,24.835,6.51508,17.8361,0.84672,12.849,0.84672,3695.15,0,18.483,0.14838,0.344252,1.78503,4.01795,1.55082,4.44803,0.42336,0,0,18.483,0.42336,442.007,0,1.02816,0,0,1.37241,0.344252,1.028160,1,0,22.2841,0,0,0,22.2841,0
30.4599,2.58416,0,0,1.392,0.0241515,0.36288,3.6288,59.9413,0.510479,0,0,0.565936,0.37609,0,0.66528,12.849,1,0.84672,0.36288,0,23.9215,6.62403,16.8136,0.84672,12.849,0.84672,3695.15,0,18.483,0.156569,0.227405,1.92711,3.24416,1.58954,3.65257,0.42336,0,0,18.483,0.42336,442.007,0,0.995129,0,0,1.22253,0.227405,1.028160,1,0,20.4662,0,0,0,20.4662,0
28.6355,2.58422,0,0,1.14629,0.0236646,0.36288,3.6288,59.44,0.618618,0,0,0.492576,0.375322,0,0.66528,12.849,1,0.84672,0.36288,0,29.6974,6.62403,22.5895,0.84672,12.849,0.84672,3695.15,0,18.483,0.190752,0.227405,1.92714,2.89429,1.58954,3.26855,0.42336,0,0,18.483,0.42336,442.007,0,0.852837,0,0,1.08024,0.227405,1.028160,1,0,25.8581,0,0,0,25.8581,0
26.9333,2.58428,0,0,1.26809,0.0230898,0.36288,3.6288,59.2588,0.483676,0,0,0.676653,0.374122,0,0.66528,12.849,1,0.84672,0.36288,0,25.4613,6.62403,18.3534,0.84672,12.849,0.84672,3695.15,0,18.483,0.1504,0.385957,1.92718,3.45874,1.58954,4.03194,0.42336,0,0,18.483,0.42336,442.007,0,1.02816,0,0,1.41412,0.385957,1.028160,1,0,22.3854,0,0,0,22.3854,0
25.1558,2.58434,0,0,1.19328,0.0235916,0.36288,3.6288,58.9961,0.483348,0,0,0.577778,0.357148,0,0.66528,12.849,1,0.84672,0.36288,0,28.35,6.25842,21.6077,0.84672,12.849,0.84672,3695.15,0,18.483,0.150758,0.322125,1.92721,3.79943,1.48389,4.41412,0.42336,0,0,18.483,0.42336,442.007,0,1.02816,0,0,1.35029,0.322125,1.028160,1,0,26.0219,0,0,0,26.0219,0
23.5044,2.47971,0,0,1.21484,0.0236981,0.36288,3.6288,59.3334,0.421958,0,0,1.06431,0.305025,0,0.66528,12.849,1,0.84672,0.36288,0,49.059,5.35868,43.2164,0.84672,12.849,0.84672,3695.15,0,18.483,0.132196,0.847308,1.92725,4.1169,1.35367,5.40559,0.42336,0,0,18.483,0.42336,442.007,0,1.02816,0,0,1.87547,0.847308,1.028160,1,0,48.622,0,0,0,48.622,0
21.5976,2.47977,0,0,0.958997,0.0231374,0.36288,3.6288,59.3421,0.422552,0,0,0.736914,0.305685,0,0.66528,12.849,1,0.84672,0.36288,0,38.6093,5.35868,32.7668,0.84672,12.849,0.84672,3695.15,0,18.483,0.13163,0.514823,1.84587,3.84883,1.35367,4.72422,0.42336,0,0,18.483,0.42336,442.007,0,1.02816,0,0,1.54298,0.514823,1.028160,1,0,37.491,0,0,0,37.491,0
19.8057,2.47983,0,0,1.09489,0.044001,0.36288,3.6288,59.3446,0.422588,0,0,0.705024,0.279912,0,0.66528,12.849,1,0.84672,0.36288,0,32.281,5.02707,26.7701,0.84672,12.849,0.84672,3695.15,0,18.483,0.131622,0.449496,1.8459,4.7375,1.16914,5.73213,0.42336,0,0,18.483,0.42336,442.007,0,1.02816,0,0,1.47766,0.449496,1.028160,1,0,32.5023,0,0,0,32.5023,0
21.0507,2.42469,0,0,4.05651,0.0240025,0.36288,3.6288,60.1246,0.402594,0,0,1.46806,0.285494,0,0.66528,12.849,1,0.84672,0.36288,0,55.0675,5.39647,49.1872,0.84672,12.849,0.84672,3695.15,0,18.483,0.125389,1.86556,1.84593,12.0286,1.11481,14.4999,0.42336,0,0,18.483,0.42336,442.007,0,1.02816,0,0,2.89372,1.86556,1.028160,1,0,63.6871,0,0,0,63.6871,0
21.6599,2.34024,0,0,3.38973,0.0774154,0.36288,3.6288,60.656,0.349095,0,0,1.13375,0.25324,0,0.66528,12.849,1,0.84672,0.36288,0,74.9201,4.7145,69.7218,0.84672,12.849,0.84672,3695.15,0,18.483,0.107316,1.24501,1.81534,7.06171,1.07968,8.93505,0.42336,0,0,18.483,0.42336,442.007,0,1.02816,0,0,2.27317,1.24501,1.028160,1,0,78.6568,0,0,0,78.6568,0
22.0182,2.39406,0,0,3.25841,0.143118,0.36288,3.6288,61.308,0.369034,0,0,1.23273,0.157206,0.0544933,0.66528,12.849,1,0.84672,0.36288,0,58.5668,3.53031,54.5527,0.84672,12.849,0.84672,3695.15,0,18.483,0.112451,1.63808,1.74422,8.43705,0.782012,10.9249,0.42336,0,0,18.483,0.42336,442.007,0,1.02816,0,0,2.66624,1.63808,1.028160,1,0,65.5321,0,0,0,65.5321,0
22.4769,2.39412,0,0,3.35945,0.143814,0.36288,3.6288,61.308,0.369973,0,0,2.06161,0.157857,1.53378,0.66528,12.849,1,0.84672,0.36288,0,105.309,3.53031,101.294,0.84672,12.849,0.84672,3695.15,0,18.483,0.111539,2.78042,1.77367,12.6979,0.782012,16.3584,0.42336,0,0,18.483,0.42336,442.007,0,1.02816,0,0,3.80858,2.78042,1.028160,1,0,119.187,0,0,0,119.187,0
23.318,2.39418,0,0,3.74288,0.144705,0.36288,3.6288,61.308,0.369993,0,0,1.68696,0.157857,1.15911,0.66528,12.849,1,0.84672,0.36288,0,97.7331,3.53031,93.7189,0.84672,12.849,0.84672,3695.15,0,18.483,0.111545,3.60698,1.77371,15.5725,0.782012,20.0596,0.42336,0,0,18.483,0.42336,442.007,0,1.02816,0,0,4.63514,3.60698,1.028160,1,0,114.938,0,0,0,114.938,0
25.8157,2.15015,0,0,5.15698,0.146207,0.36288,3.6288,61.308,0.253495,0,0,1.26746,0.209353,0.804614,0.66528,12.849,1,0.84672,0.36288,0,95.872,3.97697,91.4112,0.84672,12.849,0.84672,3695.15,0,18.483,0.076423,2.19701,1.77374,9.49939,0.884439,12.5093,0.42336,0,0,18.483,0.42336,442.007,0,1.02816,0,0,3.22517,2.19701,1.028160,1,0,104.725,0,0,0,104.725,0
26.8942,2.15021,0,0,3.75464,0.163048,0.36288,3.6288,61.308,0.253513,0,0,1.04615,0.201993,0.590642,0.66528,12.849,1,0.84672,0.36288,0,80.1835,4.04037,75.6593,0.84672,12.849,0.84672,3695.15,0,18.483,0.0764286,1.42436,1.61087,4.84226,0.906005,6.89506,0.42336,0,0,18.483,0.42336,442.007,0,1.02816,0,0,2.45252,1.42436,1.028160,1,0,83.145,0,0,0,83.145,0
27.8839,2.15026,0,0,3.67537,0.172507,0.36288,3.6288,61.308,0.253531,0,0,1.22213,0.171011,0.797585,0.66528,12.849,1,0.84672,0.36288,0,99.4905,3.90915,95.0975,0.84672,12.849,0.84672,3695.15,0,18.483,0.0764341,1.56212,1.61089,5.8846,0.879743,8.10144,0.42336,0,0,18.483,0.42336,442.007,0,1.02816,0,0,2.59028,1.56212,1.028160,1,0,103.996,0,0,0,103.996,0
31.8639,2.15031,0,0,6.66802,0.174893,0.36288,3.6288,61.308,0.25355,0,0,2.96182,0.171011,2.53726,0.66528,12.849,1,0.84672,0.36288,0,138.397,3.90915,134.004,0.84672,12.849,0.84672,3695.15,0,18.483,0.0764396,4.6165,1.61092,10.8521,0.879743,16.1233,0.42336,0,0,18.483,0.42336,442.007,0,1.02816,0,0,5.64466,4.6165,1.028160,1,0,152.665,0,0,0,152.665,0
33.4791,2.15037,0,0,4.30977,0.181298,0.36288,3.6288,61.308,0.253568,0,0,1.42953,0.211285,0.964678,0.66528,12.849,1,0.84672,0.36288,0,140.434,4.38612,135.564,0.84672,12.849,0.84672,3695.15,0,18.483,0.0764452,2.22177,1.61095,7.3678,1.0031,10.121,0.42336,0,0,18.483,0.42336,442.007,0,1.02816,0,0,3.24993,2.22177,1.028160,1,0,146.649,0,0,0,146.649,0
36.2821,2.24431,0,0,5.5662,0.155974,0.36288,3.6288,61.308,0.287328,0,0,0.885531,0.218752,0.379451,0.66528,12.849,1,0.84672,0.36288,0,103.042,4.20565,98.352,0.84672,12.849,0.84672,3695.15,0,18.483,0.086623,3.37333,1.61098,5.02507,0.98585,8.93691,0.42336,0,0,18.483,0.42336,442.007,0,1.02816,0,0,4.40149,3.37333,1.028160,1,0,107.668,0,0,0,107.668,0
43.109,2.28267,0,0,9.6565,0.184078,0.36288,3.6288,61.308,0.287341,0,0,1.3328,0.204722,0.840735,0.66528,12.849,1,0.808389,0.36288,0,150.67,3.58701,146.638,0.84672,12.849,0.84672,3695.15,0,18.483,0.0866269,3.9792,1.66253,7.13287,0.980354,11.7076,0.42336,0,0,18.483,0.42336,442.007,0,1.02816,0,0,5.00736,3.9792,1.028160,1,0,159.186,0,0,0,159.186,0
48.4832,2.38133,0,0,8.31781,0.199419,0.36288,3.6288,61.308,0.287354,0,0,1.50493,0.204722,1.01286,0.66528,12.849,1,0.709774,0.36288,0,160.676,3.58701,156.742,0.84672,12.849,0.84672,3695.15,0,18.483,0.0866308,4.36193,1.66255,8.75896,0.980354,13.7165,0.42336,0,0,18.483,0.42336,442.007,0,1.02816,0,0,5.39009,4.36193,1.028160,1,0,171.472,0,0,0,171.472,0
53.6144,2.44355,0,0,8.14942,0.211773,0.36288,3.6288,61.308,0.287367,0,0,1.42043,0.204722,0.928345,0.66528,12.849,1,0.647588,0.36288,0,179.567,3.58701,175.695,0.84672,12.849,0.84672,3695.15,0,18.483,0.0866346,4.39702,1.66257,8.21292,0.980354,13.2055,0.42336,0,0,18.483,0.42336,442.007,0,1.02816,0,0,5.42518,4.39702,1.028160,1,0,189.829,0,0,0,189.829,0
59.8719,2.73679,0,0,9.60393,0.246774,0.36288,3.6288,61.308,0.414056,0,0,1.04899,0.192721,0.442214,0.66528,12.849,1,0.655888,0.36288,0,253.509,3.63351,249.582,0.84672,12.849,0.84672,3695.15,0,18.483,0.124829,2.77801,1.66259,7.45766,0.91218,10.8612,0.42336,0,0,18.483,0.42336,442.007,0,1.02816,0,0,3.80617,2.77801,1.028160,1,0,260.886,0,0,0,260.886,0
62.0924,2.79326,0,0,5.65771,0.28109,0.36288,3.6288,61.308,0.41407,0,0,0.692154,0.183721,0.0943628,0.66528,12.849,1,0.599457,0.36288,0,88.6706,3.66838,84.7656,0.84672,12.849,0.84672,3695.15,0,18.483,0.124833,1.05802,1.84649,4.76534,0.86105,6.68396,0.42336,0,0,18.483,0.42336,442.007,0,1.02816,0,0,2.08618,1.05802,1.028160,1,0,91.544,0,0,0,91.544,0
63.8237,2.81106,0,0,5.1917,0.286469,0.36288,3.6288,61.308,0.414085,0,0,0.76248,0.183721,0.164674,0.66528,12.849,1,0.581702,0.36288,0,81.5383,3.66838,77.6511,0.84672,12.849,0.84672,3695.15,0,18.483,0.124837,1.30526,1.84651,5.05483,0.86105,7.22072,0.42336,0,0,18.483,0.42336,442.007,0,1.02816,0,0,2.33342,1.30526,1.028160,1,0,85.0365,0,0,0,85.0365,0
64.9888,2.82423,0,0,4.68335,0.331138,0.36288,3.6288,61.308,0.414099,0,0,0.673488,0.161111,0.098278,0.66528,12.849,1,0.568574,0.36288,0,75.4773,3.79969,71.4719,0.84672,12.849,0.84672,3695.15,0,18.483,0.124842,1.03083,1.84653,4.85419,0.80355,6.80315,0.42336,0,0,18.483,0.42336,442.007,0,1.02816,0,0,2.05899,1.03083,1.028160,1,0,78.3734,0,0,0,78.3734,0
68.4986,2.4737,0,0,6.65693,0.310578,0.36288,3.6288,61.308,0.244104,0,0,1.37465,0.159828,0.970718,0.66528,12.849,1,0.489078,0.36288,0,90.936,3.90348,86.9063,0.84672,12.849,0.84672,3695.15,0,18.483,0.073592,5.01417,1.84655,12.5286,0.897632,18.4181,0.42336,0,0,18.483,0.42336,442.007,0,1.02816,0,0,6.04233,5.01417,1.028160,1,0,106.295,0,0,0,106.295,0
71.2465,2.49483,0,0,5.90149,0.2958,0.36288,3.6288,61.308,0.244116,0,0,0.820342,0.161692,0.414534,0.66528,12.849,1,0.467982,0.36288,0,93.3379,3.96491,89.2679,0.84672,12.849,0.84672,3695.15,0,18.483,0.0735957,1.33242,1.59503,7.4714,0.975382,9.34987,0.42336,0,0,18.483,0.42336,442.007,0,1.02816,0,0,2.36058,1.33242,1.028160,1,0,99.0323,0,0,0,99.0323,0
72.29,2.51015,0,0,5.14253,0.30215,1.28676,3.6288,61.308,0.244129,0,0,0.875362,0.161692,0.469541,0.66528,12.849,1,0.452695,1.28676,0,82.5889,3.96491,79.4581,0.84672,12.849,0.84672,3695.15,0,18.483,0.0735994,1.16917,1.59505,6.43309,0.975382,8.14834,0.42336,0,0,18.483,0.42336,442.007,0,1.02816,0,0,2.19733,1.16917,1.028160,1,0,88.0759,0,0,0,88.0759,0
72.29,2.51573,0,0,8.6207,0.303879,5.80109,3.6288,61.308,0.244141,0,0,1.26712,0.155965,0.86701,0.66528,12.849,1,0.447152,5.80109,0,167.964,3.87525,169.443,0.84672,12.849,0.84672,3695.15,0,18.483,0.0736031,2.87772,1.59507,10.653,0.960027,14.0922,0.42336,0,0,18.483,0.42336,442.007,0,1.02816,0,0,3.90588,2.87772,1.028160,1,0,184.402,0,0,0,184.402,0
72.29,2.51576,0,0,8.13714,0.300299,5.32108,3.6288,61.308,0.244154,0,0,1.17065,0.123138,0.803359,0.66528,12.849,1,0.447158,5.32108,0,159.934,3.36939,161.439,0.84672,12.849,0.84672,3695.15,0,18.483,0.0736069,2.35029,1.59509,11.0912,0.867877,14.0951,0.42336,0,0,18.483,0.42336,442.007,0,1.02816,0,0,3.37845,2.35029,1.028160,1,0,176.337,0,0,0,176.337,0
72.29,2.60771,0,0,8.29435,0.303402,5.38323,3.6288,61.308,0.285759,0,0,1.95015,0.132352,1.53204,0.66528,12.849,1,0.463501,5.38323,0,148.077,3.56181,149.435,0.84672,12.849,0.84672,3695.15,0,18.483,0.08615,3.36012,1.59511,11.3296,0.867761,15.331,0.42336,0,0,18.483,0.42336,442.007,0,1.02816,0,0,4.38828,3.36012,1.028160,1,0,166.298,0,0,0,166.298,0
72.29,2.60774,0,0,5.82287,0.303402,2.91172,3.6288,61.308,0.285772,0,0,1.15068,0.132352,0.732552,0.66528,12.849,1,0.463507,2.91172,0,111.205,3.56181,110.091,0.84672,12.849,0.84672,3695.15,0,18.483,0.0861539,2.02873,1.65724,9.09282,0.867761,11.8249,0.42336,0,0,18.483,0.42336,442.007,0,1.02816,0,0,3.05689,2.02873,1.028160,1,0,122.648,0,0,0,122.648,0
72.29,2.60778,0,0,5.16035,0.285546,2.26703,3.6288,61.308,0.285785,0,0,0.919382,0.141867,0.491731,0.66528,12.849,1,0.463512,2.26703,0,112.795,3.67815,110.921,0.84672,12.849,0.84672,3695.15,0,18.483,0.0861577,1.67106,1.65726,8.92045,0.890661,11.272,0.42336,0,0,18.483,0.42336,442.007,0,1.02816,0,0,2.69922,1.67106,1.028160,1,0,122.684,0,0,0,122.684,0
72.29,2.60781,0,0,4.82354,0.240906,1.97483,3.6288,61.308,0.285798,0,0,1.10011,0.165655,0.648652,0.66528,12.849,1,0.463518,1.97483,0,85.5541,3.969,83.0965,0.84672,12.849,0.84672,3695.15,0,18.483,0.0861616,1.95191,1.65728,9.00158,0.947913,11.5767,0.42336,0,0,18.483,0.42336,442.007,0,1.02816,0,0,2.98007,1.95191,1.028160,1,0,95.3218,0,0,0,95.3218,0
72.29,2.5719,0,0,4.48884,0.27468,1.64227,3.6288,61.308,0.269655,0,0,0.77646,0.217867,0.288937,0.66528,12.849,1,0.457135,1.64227,0,82.7124,5.35095,78.5466,0.84672,12.849,0.84672,3695.15,0,18.483,0.0812951,1.40911,1.6573,6.8557,1.17926,8.66155,0.42336,0,0,18.483,0.42336,442.007,0,1.02816,0,0,2.43727,1.40911,1.028160,1,0,87.4971,0,0,0,87.4971,0
72.29,2.57193,0,0,4.2115,0.203331,1.43624,3.6288,61.308,0.269668,0,0,0.801939,0.202799,0.329472,0.66528,12.849,1,0.45714,1.43624,0,85.072,4.31665,81.7345,0.84672,12.849,0.84672,3695.15,0,18.483,0.0812989,1.19121,1.63314,6.64502,1.0723,8.31578,0.42336,0,0,18.483,0.42336,442.007,0,1.02816,0,0,2.21937,1.19121,1.028160,1,0,90.3797,0,0,0,90.3797,0
72.29,2.57196,0,0,3.89155,0.203331,1.11626,3.6288,61.308,0.269681,0,0,0.840802,0.202799,0.368322,0.66528,12.849,1,0.457146,1.11626,0,71.9531,4.31665,68.2955,0.84672,12.849,0.84672,3695.15,0,18.483,0.0813027,1.0074,1.63316,6.14339,1.0723,7.63035,0.42336,0,0,18.483,0.42336,442.007,0,1.02816,0,0,2.03556,1.0074,1.028160,1,0,76.2942,0,0,0,76.2942,0
72.29,2.57199,0,0,3.7604,0.203331,0.985086,3.6288,61.308,0.269693,0,0,0.75168,0.202799,0.279188,0.66528,12.849,1,0.457151,0.985086,0,65.0713,4.31665,61.2826,0.84672,12.849,0.84672,3695.15,0,18.483,0.0813065,0.826813,1.63318,5.97646,1.0723,7.28285,0.42336,0,0,18.483,0.42336,442.007,0,1.02816,0,0,1.85497,0.826813,1.028160,1,0,68.8446,0,0,0,68.8446,0
72.29,2.69403,0,0,3.51088,0.211422,0.605433,3.6288,61.308,0.326999,0,0,0.794016,0.187414,0.279603,0.66528,12.849,1,0.478843,0.605433,0,64.0031,4.3693,59.7604,0.84672,12.849,0.84672,3695.15,0,18.483,0.0985829,0.876632,1.6332,5.59043,1.01577,6.98591,0.42336,0,0,18.483,0.42336,442.007,0,1.02816,0,0,1.90479,0.876632,1.028160,1,0,67.0259,0,0,0,67.0259,0
72.29,2.69406,0,0,3.59106,0.194356,0.702646,3.6288,61.308,0.327012,0,0,0.663859,0.202338,0.134509,0.66528,12.849,1,0.478849,0.702646,0,63.1318,4.47242,58.8832,0.84672,12.849,0.84672,3695.15,0,18.483,0.0985869,0.889142,1.71776,5.07864,1.06148,6.52548,0.42336,0,0,18.483,0.42336,442.007,0,1.02816,0,0,1.9173,0.889142,1.028160,1,0,65.5432,0,0,0,65.5432,0
72.2341,2.69409,0,0,3.14907,0.147988,0.36288,3.6288,61.308,0.327026,0,0,0.619186,0.202574,0.0895859,0.66528,12.849,1,0.478854,0.36288,0,53.8183,4.48843,49.2139,0.84672,12.849,0.84672,3695.15,0,18.483,0.098591,0.900832,1.71778,4.71493,1.01508,6.21988,0.42336,0,0,18.483,0.42336,442.007,0,1.02816,0,0,1.92899,0.900832,1.028160,1,0,55.5234,0,0,0,55.5234,0
72.1404,2.69381,0,0,3.1109,0.147926,0.36288,3.6288,61.308,0.327039,0,0,0.667717,0.202574,0.138103,0.66528,12.849,1,0.479175,0.36288,0,52.2143,4.48843,47.6096,0.84672,12.849,0.84672,3695.15,0,18.483,0.098595,0.865503,1.7178,5.10875,1.01508,6.57838,0.42336,0,0,18.483,0.42336,442.007,0,1.02816,0,0,1.89366,0.865503,1.028160,1,0,54.326,0,0,0,54.326,0
71.8287,2.69331,0,0,2.89572,0.15121,0.36288,3.6288,61.308,0.327052,0,0,0.622783,0.207251,0.0884796,0.66528,12.849,1,0.479709,0.36288,0,48.6108,4.61714,43.8768,0.84672,12.849,0.84672,3695.15,0,18.483,0.098599,0.805239,1.71782,4.4327,1.03812,5.81904,0.42336,0,0,18.483,0.42336,442.007,0,1.02816,0,0,1.8334,0.805239,1.028160,1,0,49.7844,0,0,0,49.7844,0
71.2319,2.66747,0,0,2.58257,0.148998,0.36288,3.6288,61.308,0.358557,0,0,0.608812,0.243617,0.00663863,0.66528,12.849,1,0.477168,0.36288,0,44.074,5.45345,38.5063,0.84672,12.849,0.84672,3695.15,0,18.483,0.108097,0.943626,1.71784,3.64183,1.19543,4.99977,0.42336,0,0,18.483,0.42336,442.007,0,1.02816,0,0,1.97179,0.943626,1.028160,1,0,43.5127,0,0,0,43.5127,0
70.54,2.66412,0,0,2.42838,0.0932838,0.36288,3.6288,61.2921,0.35857,0,0,0.60701,0.264372,0,0.66528,12.849,1,0.48056,0.36288,0,41.0054,5.61372,35.274,0.84672,12.849,0.84672,3695.15,0,18.483,0.108101,0.862056,1.7442,3.61809,1.24303,4.8732,0.42336,0,0,18.483,0.42336,442.007,0,1.02816,0,0,1.89022,0.862056,1.028160,1,0,40.1472,0,0,0,40.1472,0
69.6779,2.66016,0,0,2.25366,0.0927245,0.36288,3.6288,61.2726,0.358562,0,0,0.603403,0.264345,0,0.66528,12.849,1,0.484553,0.36288,0,37.6857,5.61372,31.9503,0.84672,12.849,0.84672,3695.15,0,18.483,0.108127,0.899139,1.74422,3.3158,1.24303,4.608,0.42336,0,0,18.483,0.42336,442.007,0,1.02816,0,0,1.9273,0.899139,1.028160,1,0,36.5583,0,0,0,36.5583,0
68.6629,2.65513,0,0,2.09508,0.0921098,0.36288,3.6288,61.2509,0.35855,0,0,0.60123,0.264312,0,0.66528,12.849,1,0.489621,0.36288,0,35.1822,5.61372,29.4417,0.84672,12.849,0.84672,3695.15,0,18.483,0.108157,0.919348,1.74424,3.2245,1.24303,4.5369,0.42336,0,0,18.483,0.42336,442.007,0,1.02816,0,0,1.94751,0.919348,1.028160,1,0,33.9786,0,0,0,33.9786,0
67.4691,2.71089,0,0,1.97055,0.0906037,0.36288,3.6288,61.1198,0.386595,0,0,0.573941,0.31851,0,0.66528,12.849,1,0.507293,0.36288,0,29.5977,6.13775,23.3155,0.84672,12.849,0.84672,3695.15,0,18.483,0.116658,0.679268,1.74426,2.7956,1.46403,3.63844,0.42336,0,0,18.483,0.42336,442.007,0,1.02816,0,0,1.70743,0.679268,1.028160,1,0,26.954,0,0,0,26.954,0
66.2112,2.70338,0,0,1.89905,0.0906364,0.36288,3.6288,60.911,0.386417,0,0,0.50801,0.330333,0,0.66528,12.849,1,0.51484,0.36288,0,36.5267,6.2265,30.1483,0.84672,12.849,0.84672,3695.15,0,18.483,0.116855,0.719228,1.78626,2.86794,1.52343,3.73314,0.42336,0,0,18.483,0.42336,442.007,0,1.02816,0,0,1.74739,0.719228,1.028160,1,0,33.8814,0,0,0,33.8814,0
64.8416,2.69522,0,0,1.77818,0.0897385,0.36288,3.6288,60.6674,0.386124,0,0,0.472429,0.329897,0,0.66528,12.849,1,0.523037,0.36288,0,29.3275,6.2265,22.9409,0.84672,12.849,0.84672,3695.15,0,18.483,0.117166,0.686828,1.78628,2.58522,1.52343,3.41773,0.42336,0,0,18.483,0.42336,442.007,0,1.02816,0,0,1.71499,0.686828,1.028160,1,0,26.3586,0,0,0,26.3586,0
63.3229,2.68603,0,0,1.61898,0.0887608,0.36288,3.6288,60.4008,0.385777,0,0,0.448508,0.329388,0,0.66528,12.849,1,0.532264,0.36288,0,26.7282,6.2265,20.3323,0.84672,12.849,0.84672,3695.15,0,18.483,0.117531,0.422928,1.7863,2.41144,1.52343,2.97971,0.42336,0,0,18.483,0.42336,442.007,0,1.02816,0,0,1.45109,0.422928,1.028160,1,0,23.312,0,0,0,23.312,0
61.8946,2.85414,0,0,1.87475,0.0860164,0.36288,3.6288,60.1208,0.486354,0,0,0.535804,0.329472,0,0.66528,12.849,1,0.57914,0.36288,0,27.4994,6.23622,21.0469,0.84672,12.849,0.84672,3695.15,0,18.483,0.148827,0.907589,1.78632,3.4754,1.53607,4.48441,0.42336,0,0,18.483,0.42336,442.007,0,1.02816,0,0,1.93575,0.907589,1.028160,1,0,25.5313,0,0,0,25.5313,0
60.3312,2.8431,0,0,1.73184,0.0891907,0.36288,3.6288,59.7217,0.485839,0,0,0.432507,0.345739,0,0.66528,12.849,1,0.590214,0.36288,0,27.1211,6.14376,20.75,0.84672,12.849,0.84672,3695.15,0,18.483,0.149362,0.485006,1.92849,2.22087,1.52927,2.95573,0.42336,0,0,18.483,0.42336,442.007,0,1.02816,0,0,1.51317,0.485006,1.028160,1,0,23.7058,0,0,0,23.7058,0
58.8939,2.83053,0,0,1.84416,0.0880421,0.36288,3.6288,59.4237,0.485092,0,0,0.532001,0.34486,0,0.66528,12.849,1,0.60283,0.36288,0,34.5127,6.14376,28.129,0.84672,12.849,0.84672,3695.15,0,18.483,0.150129,0.836853,1.92852,2.48062,1.52927,3.56659,0.42336,0,0,18.483,0.42336,442.007,0,1.02816,0,0,1.86501,0.836853,1.028160,1,0,31.6956,0,0,0,31.6956,0
57.1429,2.81849,0,0,1.51718,0.0868379,0.36288,3.6288,58.9825,0.484533,0,0,0.387451,0.344204,0,0.66528,12.849,1,0.614914,0.36288,0,31.619,6.14376,25.2232,0.84672,12.849,0.84672,3695.15,0,18.483,0.150708,0.246473,1.92854,2.03173,1.52927,2.52676,0.42336,0,0,18.483,0.42336,442.007,0,1.02816,0,0,1.27463,0.246473,1.028160,1,0,27.75,0,0,0,27.75,0
55.7822,2.80314,0,0,1.89067,0.0853683,0.36288,3.6288,58.8267,0.483689,0,0,0.671172,0.343232,0,0.66528,12.849,1,0.630305,0.36288,0,30.8211,6.14376,24.4099,0.84672,12.849,0.84672,3695.15,0,18.483,0.151571,1.49073,1.92856,3.16884,1.52927,4.90729,0.42336,0,0,18.483,0.42336,442.007,0,1.02816,0,0,2.51889,1.49073,1.028160,1,0,29.3172,0,0,0,29.3172,0
54.6666,2.70553,0,0,1.99339,0.0405752,0.36288,3.6288,58.6328,0.422498,0,0,0.572764,0.344207,0,0.66528,12.849,1,0.623197,0.36288,0,33.6804,5.19445,28.2257,0.84672,12.849,0.84672,3695.15,0,18.483,0.132746,1.36553,1.92859,2.85343,1.3684,4.6464,0.42336,0,0,18.483,0.42336,442.007,0,1.02816,0,0,2.39369,1.36553,1.028160,1,0,32.8721,0,0,0,32.8721,0
53.3255,2.69526,0,0,1.87323,0.156222,0.36288,3.6288,58.6013,0.422179,0,0,0.647045,0.256371,0,0.66528,12.849,1,0.633502,0.36288,0,30.5423,3.00079,27.2709,0.84672,12.849,0.84672,3695.15,0,18.483,0.133085,1.49788,1.84714,2.84066,0.820186,5.23241,0.42336,0,0,18.483,0.42336,442.007,0,1.02816,0,0,2.52604,1.49788,1.028160,1,0,32.5033,0,0,0,32.5033,0
52.2851,2.68245,0,0,2.17217,0.167192,0.36288,3.6288,58.7575,0.422139,0,0,0.839661,0.261264,0,0.66528,12.849,1,0.646348,0.36288,0,32.0794,3.08217,28.7137,0.84672,12.849,0.84672,3695.15,0,18.483,0.133144,2.04423,1.84716,3.91744,0.866783,6.80891,0.42336,0,0,18.483,0.42336,442.007,0,1.02816,0,0,3.07239,2.04423,1.028160,1,0,35.5226,0,0,0,35.5226,0
51.191,2.67216,0,0,2.10633,0.165415,0.36288,3.6288,58.9094,0.422423,0,0,0.835842,0.261526,0,0.66528,12.849,1,0.65668,0.36288,0,44.2735,3.08217,40.8976,0.84672,12.849,0.84672,3695.15,0,18.483,0.132879,2.02613,1.84719,3.92781,0.866783,6.80147,0.42336,0,0,18.483,0.42336,442.007,0,1.02816,0,0,3.05429,2.02613,1.028160,1,0,47.699,0,0,0,47.699,0
49.6377,2.59223,0,0,1.58287,0.181097,0.36288,3.6288,59.0133,0.367242,0,0,0.722067,0.250925,0,0.66528,12.849,1,0.650654,0.36288,0,53.541,4.03377,49.2195,0.84672,12.849,0.84672,3695.15,0,18.483,0.115223,1.50092,1.84721,3.21152,1.07318,5.37125,0.42336,0,0,18.483,0.42336,442.007,0,1.02816,0,0,2.52908,1.50092,1.028160,1,0,54.5907,0,0,0,54.5907,0
47.7362,2.57609,0,0,1.2286,0.19111,0.36288,3.6288,58.9832,0.36741,0,0,0.580288,0.242944,0,0.66528,12.849,1,0.666836,0.36288,0,26.1955,4.74747,21.1441,0.84672,12.849,0.84672,3695.15,0,18.483,0.115073,0.885177,1.77483,2.49469,1.22798,3.81163,0.42336,0,0,18.483,0.42336,442.007,0,1.02816,0,0,1.91334,0.885177,1.028160,1,0,24.9557,0,0,0,24.9557,0
49.4817,2.55519,0,0,4.8305,0.16688,0.36288,3.6288,59.332,0.367379,0,0,0.940732,0.224601,0,0.66528,12.849,1,0.687773,0.36288,0,65.7862,4.31923,61.142,0.84672,12.849,0.84672,3695.15,0,18.483,0.115122,1.87949,1.77485,6.67504,1.25648,8.95777,0.42336,0,0,18.483,0.42336,442.007,0,1.02816,0,0,2.90765,1.87949,1.028160,1,0,70.0998,0,0,0,70.0998,0
49.9914,2.57448,0,0,3.64357,0.196582,0.36288,3.6288,59.7895,0.367909,0,0,1.00917,0.183706,0,0.66528,12.849,1,0.66852,0.36288,0,77.6862,3.42983,73.9507,0.84672,12.849,0.84672,3695.15,0,18.483,0.11461,1.95698,1.77487,6.99087,1.05187,9.55624,0.42336,0,0,18.483,0.42336,442.007,0,1.02816,0,0,2.98514,1.95698,1.028160,1,0,83.507,0,0,0,83.507,0
49.8716,2.38564,0,0,2.84337,0.214612,0.36288,3.6288,60.3931,0.25268,0,0,1.04292,0.186652,0,0.66528,12.849,1,0.613167,0.36288,0,66.5088,3.67339,62.5851,0.84672,12.849,0.84672,3695.15,0,18.483,0.0781122,1.74812,1.77489,5.30354,1.07198,7.67646,0.42336,0,0,18.483,0.42336,442.007,0,1.02816,0,0,2.77628,1.74812,1.028160,1,0,70.2616,0,0,0,70.2616,0
51.4379,2.3845,0,0,4.57036,0.2567,0.36288,3.6288,61.308,0.253291,0,0,1.67474,0.193415,0.313171,0.66528,12.849,1,0.614345,0.36288,0,98.1487,4.28232,93.6149,0.84672,12.849,0.84672,3695.15,0,18.483,0.0775182,2.88754,1.6119,9.6215,1.12226,12.9212,0.42336,0,0,18.483,0.42336,442.007,0,1.02816,0,0,3.9157,2.88754,1.028160,1,0,106.849,0,0,0,106.849,0
52.4314,2.39949,0,0,4.01681,0.260957,0.36288,3.6288,61.308,0.254192,0,0,1.23079,0.19454,0.782053,0.66528,12.849,1,0.599384,0.36288,0,94.2002,4.28232,89.6814,0.84672,12.849,0.84672,3695.15,0,18.483,0.0766332,1.63902,1.61192,7.25174,1.12226,9.30378,0.42336,0,0,18.483,0.42336,442.007,0,1.02816,0,0,2.66718,1.63902,1.028160,1,0,99.7672,0,0,0,99.7672,0
54.2454,2.40864,0,0,4.84917,0.263658,0.36288,3.6288,61.308,0.254204,0,0,1.86791,0.19454,1.41916,0.66528,12.849,1,0.59027,0.36288,0,129.374,4.28232,124.864,0.84672,12.849,0.84672,3695.15,0,18.483,0.0766369,2.80896,1.61194,8.91225,1.12226,12.1342,0.42336,0,0,18.483,0.42336,442.007,0,1.02816,0,0,3.83712,2.80896,1.028160,1,0,138.417,0,0,0,138.417,0
56.2558,2.42463,0,0,5.06657,0.268589,0.36288,3.6288,61.308,0.254217,0,0,1.87699,0.19454,1.42823,0.66528,12.849,1,0.574318,0.36288,0,151.88,4.28232,147.386,0.84672,12.849,0.84672,3695.15,0,18.483,0.0766407,2.4676,1.61196,11.4867,1.12226,14.3674,0.42336,0,0,18.483,0.42336,442.007,0,1.02816,0,0,3.49576,2.4676,1.028160,1,0,163.182,0,0,0,163.182,0
57.4808,2.44134,0,0,4.29211,0.262883,0.36288,3.6288,61.308,0.254217,0,0,2.34007,0.18276,1.9031,0.66528,12.849,1,0.557609,0.36288,0,121.749,3.12645,118.428,0.84672,12.849,0.84672,3695.15,0,18.483,0.0766407,3.31741,1.61198,9.02154,0.890052,12.9842,0.42336,0,0,18.483,0.42336,442.007,0,1.02816,0,0,4.34557,3.31741,1.028160,1,0,133.315,0,0,0,133.315,0
58.5023,2.52786,0,0,4.17639,0.264192,0.36288,3.6288,61.308,0.287992,0,0,2.33316,0.180797,1.86437,0.66528,12.849,1,0.565067,0.36288,0,100.965,2.9338,97.8293,0.84672,12.849,0.84672,3695.15,0,18.483,0.0868231,3.30032,1.61198,8.74835,0.85135,12.7225,0.42336,0,0,18.483,0.42336,442.007,0,1.02816,0,0,4.32848,3.30032,1.028160,1,0,112.416,0,0,0,112.416,0
63.811,2.53597,0,0,8.47437,0.266837,0.36288,3.6288,61.308,0.287998,0,0,3.4339,0.180797,2.9651,0.66528,12.849,1,0.556981,0.36288,0,159.549,2.9338,156.421,0.84672,12.849,0.84672,3695.15,0,18.483,0.0868251,5.0496,1.66355,14.2105,0.85135,19.9855,0.42336,0,0,18.483,0.42336,442.007,0,1.02816,0,0,6.07776,5.0496,1.028160,1,0,179.371,0,0,0,179.371,0
72.29,2.57456,0,0,11.7278,0.306316,0.367962,3.6288,61.308,0.288005,0,0,3.36925,0.186428,2.89482,0.66528,12.849,1,0.518413,0.367962,0,270.684,3.63395,266.9,0.84672,12.849,0.84672,3695.15,0,18.483,0.0868272,6.14925,1.66356,20.6863,1.01686,27.3955,0.42336,0,0,18.483,0.42336,442.007,0,1.02816,0,0,7.17741,6.14925,1.028160,1,0,297.19,0,0,0,297.19,0
72.29,2.6262,0,0,9.32584,0.328745,6.3709,3.6288,61.308,0.288012,0,0,3.65028,0.1735,3.18877,0.66528,12.849,1,0.466787,6.3709,0,265.228,3.9016,267.231,0.84672,12.849,0.84672,3695.15,0,18.483,0.0868293,5.50981,1.66357,18.0864,1.09062,24.0823,0.42336,0,0,18.483,0.42336,442.007,0,1.02816,0,0,6.53797,5.50981,1.028160,1,0,294.502,0,0,0,294.502,0
72.29,2.88237,0,0,19.0852,0.301855,15.9009,3.6288,61.308,0.414771,0,0,7.97251,0.150632,7.40711,0.66528,12.849,1,0.51232,15.9009,0,280.733,3.55834,292.564,0.84672,12.849,0.84672,3695.15,0,18.483,0.125044,10.8176,1.66359,41.1367,1.02347,52.4694,0.42336,0,0,18.483,0.42336,442.007,0,1.02816,0,0,11.8458,10.8176,1.028160,1,0,352.44,0,0,0,352.44,0
72.29,2.88239,0,0,7.55879,0.301855,4.37454,3.6288,61.308,0.414778,0,0,3.82965,0.150632,3.26424,0.66528,12.849,1,0.512323,4.37454,0,330.382,3.55834,330.686,0.84672,12.849,0.84672,3695.15,0,18.483,0.125046,5.27768,1.84758,17.989,1.02347,23.9657,0.42336,0,0,18.483,0.42336,442.007,0,1.02816,0,0,6.30584,5.27768,1.028160,1,0,357.916,0,0,0,357.916,0
72.29,2.88241,0,0,5.80991,0.308363,2.61913,3.6288,61.308,0.414786,0,0,3.21176,0.198852,2.59813,0.66528,12.849,1,0.512327,2.61913,0,173.667,4.13601,171.638,0.84672,12.849,0.84672,3695.15,0,18.483,0.125049,4.52858,1.84759,15.0208,1.12332,20.1486,0.42336,0,0,18.483,0.42336,442.007,0,1.02816,0,0,5.55674,4.52858,1.028160,1,0,194.385,0,0,0,194.385,0
72.29,2.88243,0,0,4.86063,0.311317,1.66688,3.6288,61.308,0.414794,0,0,3.732,0.215539,3.10166,0.66528,12.849,1,0.51233,1.66688,0,160.748,4.35975,157.543,0.84672,12.849,0.84672,3695.15,0,18.483,0.125051,4.4143,1.84761,14.0106,1.09474,19.0527,0.42336,0,0,18.483,0.42336,442.007,0,1.02816,0,0,5.44246,4.4143,1.028160,1,0,179.697,0,0,0,179.697,0
72.29,2.51708,0,0,4.69352,0.298375,1.87807,3.6288,61.308,0.244695,0,0,1.7863,0.171274,1.37033,0.66528,12.849,1,0.447392,1.87807,0,114.894,3.94474,112.38,0.84672,12.849,0.84672,3695.15,0,18.483,0.0737701,2.26893,1.84762,12.3169,0.971198,15.3885,0.42336,0,0,18.483,0.42336,442.007,0,1.02816,0,0,3.29709,2.26893,1.028160,1,0,129.139,0,0,0,129.139,0
72.29,2.51709,0,0,3.4659,0.298375,0.650431,3.6288,61.308,0.244702,0,0,1.67661,0.171274,1.26063,0.66528,12.849,1,0.447395,0.650431,0,122.845,3.94474,119.104,0.84672,12.849,0.84672,3695.15,0,18.483,0.0737721,2.14701,1.59594,9.24152,0.971198,11.9395,0.42336,0,0,18.483,0.42336,442.007,0,1.02816,0,0,3.17517,2.14701,1.028160,1,0,132.304,0,0,0,132.304,0
72.29,2.51711,0,0,6.14386,0.287047,3.3397,3.6288,61.308,0.244708,0,0,2.28316,0.165257,1.8732,0.66528,12.849,1,0.447397,3.3397,0,135.647,3.85755,134.682,0.84672,12.849,0.84672,3695.15,0,18.483,0.0737741,3.58329,1.59595,18.4842,0.958672,22.631,0.42336,0,0,18.483,0.42336,442.007,0,1.02816,0,0,4.61145,3.58329,1.028160,1,0,159.186,0,0,0,159.186,0
72.29,2.51713,0,0,5.20678,0.318501,2.37115,3.6288,61.308,0.244715,0,0,3.02162,0.20285,2.57405,0.66528,12.849,1,0.4474,2.37115,0,164.157,4.17056,161.911,0.84672,12.849,0.84672,3695.15,0,18.483,0.0737761,4.7068,1.59596,14.1814,1.03944,19.371,0.42336,0,0,18.483,0.42336,442.007,0,1.02816,0,0,5.73496,4.7068,1.028160,1,0,183.856,0,0,0,183.856,0
72.29,2.51714,0,0,4.50787,0.340572,1.65015,3.6288,61.308,0.244721,0,0,1.38377,0.174755,0.964288,0.66528,12.849,1,0.447403,1.65015,0,126.167,3.96217,123.408,0.84672,12.849,0.84672,3695.15,0,18.483,0.0737781,1.81623,1.59597,8.51662,0.985245,10.8698,0.42336,0,0,18.483,0.42336,442.007,0,1.02816,0,0,2.84439,1.81623,1.028160,1,0,135.242,0,0,0,135.242,0
72.29,2.60913,0,0,3.5094,0.340572,0.559692,3.6288,61.308,0.286344,0,0,1.38854,0.174755,0.927444,0.66528,12.849,1,0.463753,0.559692,0,88.141,3.96217,84.2747,0.84672,12.849,0.84672,3695.15,0,18.483,0.0863263,2.01709,1.59599,5.97902,0.985245,8.52053,0.42336,0,0,18.483,0.42336,442.007,0,1.02816,0,0,3.04525,2.01709,1.028160,1,0,93.7227,0,0,0,93.7227,0
72.2429,2.60915,0,0,3.26548,0.340572,0.36288,3.6288,61.308,0.286351,0,0,1.50247,0.174755,1.04136,0.66528,12.849,1,0.463756,0.36288,0,75.1792,3.96217,71.1162,0.84672,12.849,0.84672,3695.15,0,18.483,0.0863284,1.90401,1.65814,7.77235,0.985245,10.2629,0.42336,0,0,18.483,0.42336,442.007,0,1.02816,0,0,2.93217,1.90401,1.028160,1,0,82.4205,0,0,0,82.4205,0
71.9289,2.60891,0,0,2.98852,0.330733,0.36288,3.6288,61.308,0.286357,0,0,1.9173,0.171274,1.45967,0.66528,12.849,1,0.464016,0.36288,0,71.6118,3.74508,67.7656,0.84672,12.849,0.84672,3695.15,0,18.483,0.0863304,2.67999,1.65815,6.8707,0.940903,10.1816,0.42336,0,0,18.483,0.42336,442.007,0,1.02816,0,0,3.70815,2.67999,1.028160,1,0,79.4068,0,0,0,79.4068,0
71.7871,2.60721,0,0,3.12894,0.300615,0.36288,3.6288,61.308,0.286364,0,0,1.63515,0.188621,1.16017,0.66528,12.849,1,0.465738,0.36288,0,69.2375,3.87882,65.2558,0.84672,12.849,0.84672,3695.15,0,18.483,0.0863325,2.16049,1.65816,5.5558,0.991001,8.29712,0.42336,0,0,18.483,0.42336,442.007,0,1.02816,0,0,3.18865,2.16049,1.028160,1,0,74.7131,0,0,0,74.7131,0
71.4317,2.57052,0,0,2.87321,0.295224,0.36288,3.6288,61.308,0.270208,0,0,1.72501,0.191177,1.26363,0.66528,12.849,1,0.460091,0.36288,0,63.1165,3.84594,59.1733,0.84672,12.849,0.84672,3695.15,0,18.483,0.0814616,2.34869,1.65817,5.32005,0.995107,8.25035,0.42336,0,0,18.483,0.42336,442.007,0,1.02816,0,0,3.37685,2.34869,1.028160,1,0,68.6873,0,0,0,68.6873,0
70.7981,2.56859,0,0,2.59228,0.294424,0.36288,3.6288,61.308,0.270215,0,0,1.47523,0.191177,1.01384,0.66528,12.849,1,0.462034,0.36288,0,61.3481,3.84594,57.403,0.84672,12.849,0.84672,3695.15,0,18.483,0.0814637,1.52646,1.63399,5.42078,0.995107,7.50466,0.42336,0,0,18.483,0.42336,442.007,0,1.02816,0,0,2.55462,1.52646,1.028160,1,0,65.9215,0,0,0,65.9215,0
70.8129,2.56511,0,0,3.20988,0.267055,0.36288,3.6288,61.308,0.270221,0,0,1.76975,0.203293,1.29623,0.66528,12.849,1,0.465537,0.36288,0,67.9486,4.00356,63.8424,0.84672,12.849,0.84672,3695.15,0,18.483,0.0814657,1.76193,1.634,5.50949,1.02933,7.79464,0.42336,0,0,18.483,0.42336,442.007,0,1.02816,0,0,2.79009,1.76193,1.028160,1,0,72.9332,0,0,0,72.9332,0
70.1515,2.56521,0,0,2.47429,0.207581,0.36288,3.6288,61.308,0.270228,0,0,1.33841,0.215704,0.852473,0.66528,12.849,1,0.465457,0.36288,0,56.1879,4.11024,51.9751,0.84672,12.849,0.84672,3695.15,0,18.483,0.0814678,2.01515,1.63401,4.82683,1.05092,7.3436,0.42336,0,0,18.483,0.42336,442.007,0,1.02816,0,0,3.04331,2.01515,1.028160,1,0,60.1712,0,0,0,60.1712,0
69.2075,2.68303,0,0,2.32171,0.219872,0.36288,3.6288,61.308,0.327556,0,0,1.24965,0.171001,0.751089,0.66528,12.849,1,0.491425,0.36288,0,52.0591,3.39182,48.5387,0.84672,12.849,0.84672,3695.15,0,18.483,0.098751,1.6549,1.63402,4.96033,0.891046,7.25945,0.42336,0,0,18.483,0.42336,442.007,0,1.02816,0,0,2.68306,1.6549,1.028160,1,0,56.5493,0,0,0,56.5493,0
68.1082,2.67739,0,0,2.15924,0.218271,0.36288,3.6288,61.308,0.327564,0,0,1.20302,0.171001,0.704461,0.66528,12.849,1,0.497082,0.36288,0,47.4844,3.39182,43.9584,0.84672,12.849,0.84672,3695.15,0,18.483,0.0987531,1.29897,1.71861,4.40724,0.891046,6.43503,0.42336,0,0,18.483,0.42336,442.007,0,1.02816,0,0,2.32713,1.29897,1.028160,1,0,51.0979,0,0,0,51.0979,0
66.9611,2.67066,0,0,2.04175,0.155262,0.36288,3.6288,61.308,0.327571,0,0,1.13077,0.260972,0.542226,0.66528,12.849,1,0.503835,0.36288,0,45.3804,4.61419,40.6252,0.84672,12.849,0.84672,3695.15,0,18.483,0.0987553,1.06087,1.71863,3.8893,1.21837,5.35167,0.42336,0,0,18.483,0.42336,442.007,0,1.02816,0,0,2.08903,1.06087,1.028160,1,0,46.5191,0,0,0,46.5191,0
65.6862,2.66343,0,0,1.89511,0.143767,0.36288,3.6288,61.308,0.327578,0,0,1.07064,0.275967,0.467098,0.66528,12.849,1,0.51108,0.36288,0,41.3545,4.81792,36.3884,0.84672,12.849,0.84672,3695.15,0,18.483,0.0987574,0.956534,1.71864,3.69484,1.27292,4.99833,0.42336,0,0,18.483,0.42336,442.007,0,1.02816,0,0,1.98469,0.956534,1.028160,1,0,41.8538,0,0,0,41.8538,0
65.1497,2.65515,0,0,2.58734,0.105732,0.36288,3.6288,61.308,0.327585,0,0,1.05373,0.271243,0.454906,0.66528,12.849,1,0.51938,0.36288,0,41.5833,5.25861,36.1682,0.84672,12.849,0.84672,3695.15,0,18.483,0.0987596,1.03309,1.71865,4.90708,1.30941,6.25065,0.42336,0,0,18.483,0.42336,442.007,0,1.02816,0,0,2.06125,1.03309,1.028160,1,0,42.8737,0,0,0,42.8737,0
64.5015,2.62785,0,0,2.44776,0.105279,0.36288,3.6288,61.308,0.359098,0,0,0.999994,0.271243,0.369652,0.66528,12.849,1,0.518272,0.36288,0,41.7176,5.25861,36.3036,0.84672,12.849,0.84672,3695.15,0,18.483,0.10826,0.876243,1.71866,5.22303,1.30941,6.40026,0.42336,0,0,18.483,0.42336,442.007,0,1.02816,0,0,1.9044,0.876243,1.028160,1,0,43.0735,0,0,0,43.0735,0
63.6397,2.62352,0,0,2.22933,0.104732,0.36288,3.6288,61.308,0.359105,0,0,0.984796,0.271243,0.354447,0.66528,12.849,1,0.522618,0.36288,0,40.7476,5.25861,35.3293,0.84672,12.849,0.84672,3695.15,0,18.483,0.108262,0.90517,1.74502,5.03813,1.30941,6.27065,0.42336,0,0,18.483,0.42336,442.007,0,1.02816,0,0,1.93333,0.90517,1.028160,1,0,41.9544,0,0,0,41.9544,0
62.5643,2.61765,0,0,2.00921,0.104004,0.36288,3.6288,61.308,0.359113,0,0,0.91705,0.271243,0.286694,0.66528,12.849,1,0.52851,0.36288,0,37.7669,5.25861,32.3427,0.84672,12.849,0.84672,3695.15,0,18.483,0.108264,0.65899,1.74503,4.79695,1.30941,5.78329,0.42336,0,0,18.483,0.42336,442.007,0,1.02816,0,0,1.68715,0.65899,1.028160,1,0,38.4127,0,0,0,38.4127,0
61.7245,2.61013,0,0,2.21403,0.0808312,0.36288,3.6288,61.308,0.35912,0,0,0.910544,0.313727,0.237697,0.66528,12.849,1,0.53605,0.36288,0,38.7121,5.8101,32.7289,0.84672,12.849,0.84672,3695.15,0,18.483,0.108267,0.68586,1.74504,4.76019,1.46912,5.61371,0.42336,0,0,18.483,0.42336,442.007,0,1.02816,0,0,1.71402,0.68586,1.028160,1,0,38.5803,0,0,0,38.5803,0
61.006,2.66489,0,0,2.3806,0.0713536,0.36288,3.6288,61.308,0.387207,0,0,0.941734,0.326394,0.228134,0.66528,12.849,1,0.554741,0.36288,0,38.8652,5.97671,32.6967,0.84672,12.849,0.84672,3695.15,0,18.483,0.116734,0.843134,1.74505,5.04573,1.49873,6.01845,0.42336,0,0,18.483,0.42336,442.007,0,1.02816,0,0,1.87129,0.843134,1.028160,1,0,38.9432,0,0,0,38.9432,0
60.0209,2.65951,0,0,2.10818,0.0709307,0.36288,3.6288,61.308,0.387214,0,0,0.884347,0.326394,0.170739,0.66528,12.849,1,0.560142,0.36288,0,36.6181,5.97671,30.4442,0.84672,12.849,0.84672,3695.15,0,18.483,0.116737,0.713906,1.78706,4.99663,1.49873,5.88213,0.42336,0,0,18.483,0.42336,442.007,0,1.02816,0,0,1.74207,0.713906,1.028160,1,0,36.497,0,0,0,36.497,0
58.8508,2.65195,0,0,1.91505,0.0703266,0.36288,3.6288,61.308,0.387222,0,0,0.86038,0.326394,0.146764,0.66528,12.849,1,0.567718,0.36288,0,34.4701,5.97671,28.2885,0.84672,12.849,0.84672,3695.15,0,18.483,0.116739,0.60137,1.78707,4.81824,1.49873,5.59121,0.42336,0,0,18.483,0.42336,442.007,0,1.02816,0,0,1.62953,0.60137,1.028160,1,0,34.0265,0,0,0,34.0265,0
57.4157,2.6427,0,0,1.62239,0.0519013,0.36288,3.6288,61.308,0.387229,0,0,0.847584,0.33148,0.128875,0.66528,12.849,1,0.576987,0.36288,0,32.4055,6.26109,25.9303,0.84672,12.849,0.84672,3695.15,0,18.483,0.116741,0.671855,1.78708,4.831,1.52017,5.65302,0.42336,0,0,18.483,0.42336,442.007,0,1.02816,0,0,1.70002,0.671855,1.028160,1,0,31.7122,0,0,0,31.7122,0
55.5422,2.80665,0,0,1.34436,0.0483109,0.36288,3.6288,61.2274,0.488591,0,0,0.72544,0.31746,0,0.66528,12.849,1,0.628097,0.36288,0,26.0837,6.15226,19.6662,0.84672,12.849,0.84672,3695.15,0,18.483,0.147299,1.06469,1.78709,5.20082,1.54191,6.3634,0.42336,0,0,18.483,0.42336,442.007,0,1.02816,0,0,2.09285,1.06469,1.028160,1,0,26.0296,0,0,0,26.0296,0
53.7149,2.78946,0,0,1.37245,0.0474234,0.36288,3.6288,61.1164,0.488451,0,0,0.694742,0.317298,0,0.66528,12.849,1,0.645306,0.36288,0,24.0648,6.15226,17.6301,0.84672,12.849,0.84672,3695.15,0,18.483,0.147451,0.979491,1.92932,5.33179,1.54191,6.55124,0.42336,0,0,18.483,0.42336,442.007,0,1.02816,0,0,2.00765,0.979491,1.028160,1,0,24.1814,0,0,0,24.1814,0
52.5746,2.77176,0,0,2.04528,0.0508943,0.36288,3.6288,61.1346,0.488253,0,0,0.822519,0.316004,0,0.66528,12.849,1,0.663026,0.36288,0,30.9777,6.12258,24.555,0.84672,12.849,0.84672,3695.15,0,18.483,0.147659,1.39053,1.92933,5.84343,1.53827,7.47736,0.42336,0,0,18.483,0.42336,442.007,0,1.02816,0,0,2.41869,1.39053,1.028160,1,0,32.0323,0,0,0,32.0323,0
52.2989,2.76022,0,0,2.91718,0.069803,0.36288,3.6288,61.308,0.488295,0,0,1.06294,0.306812,0.0944736,0.66528,12.849,1,0.674586,0.36288,0,45.4412,6.05904,39.0705,0.84672,12.849,0.84672,3695.15,0,18.483,0.147628,1.50566,1.92934,6.39803,1.51487,8.17053,0.42336,0,0,18.483,0.42336,442.007,0,1.02816,0,0,2.53382,1.50566,1.028160,1,0,47.3355,0,0,0,47.3355,0
50.1811,2.75738,0,0,1.08258,0.0801579,0.36288,3.6288,61.0193,0.488624,0,0,0.466586,0.266616,0,0.66528,12.849,1,0.677445,0.36288,0,32.234,5.85477,26.0647,0.84672,12.849,0.84672,3695.15,0,18.483,0.147309,0.262017,1.92935,3.06798,1.46621,3.64583,0.42336,0,0,18.483,0.42336,442.007,0,1.02816,0,0,1.29018,0.262017,1.028160,1,0,29.7105,0,0,0,29.7105,0
48.7782,2.6512,0,0,1.69272,0.0814735,0.36288,3.6288,60.9541,0.426644,0,0,0.6214,0.260008,0,0.66528,12.849,1,0.678848,0.36288,0,26.3451,5.79526,20.2339,0.84672,12.849,0.84672,3695.15,0,18.483,0.129232,1.06931,1.92937,4.3331,1.45844,5.7441,0.42336,0,0,18.483,0.42336,442.007,0,1.02816,0,0,2.09747,1.06931,1.028160,1,0,25.978,0,0,0,25.978,0
46.5303,2.63577,0,0,0.830961,0.0802611,0.36288,3.6288,60.6486,0.426546,0,0,0.380983,0.2599,0,0.66528,12.849,1,0.694305,0.36288,0,26.5431,5.79526,20.4164,0.84672,12.849,0.84672,3695.15,0,18.483,0.129341,0.238481,1.84788,2.48454,1.45844,2.98311,0.42336,0,0,18.483,0.42336,442.007,0,1.02816,0,0,1.26664,0.238481,1.028160,1,0,23.3995,0,0,0,23.3995,0
44.3342,2.6095,0,0,0.854634,0.0783089,0.36288,3.6288,60.2503,0.552765,0,0,0.413872,0.259397,0,0.66528,12.849,1,0.720594,0.36288,0,17.3101,5.79526,11.1571,0.84672,12.849,0.84672,3695.15,0,18.483,0.168458,0.216518,1.84789,2.01527,1.45844,2.45278,0.42336,0,0,18.483,0.42336,442.007,0,0.862834,0,0,1.07935,0.216518,1.028160,1,0,13.6099,0,0,0,13.6099,0
42.6517,2.58184,0,0,1.43071,0.16855,0.36288,3.6288,60.116,0.425405,0,0,0.542988,0.251918,0,0.66528,12.849,1,0.748272,0.36288,0,28.45,4.77003,23.2945,0.84672,12.849,0.84672,3695.15,0,18.483,0.130502,1.01626,1.8479,4.27722,1.2621,5.74879,0.42336,0,0,18.483,0.42336,442.007,0,1.02816,0,0,2.04442,1.01626,1.028160,1,0,29.0433,0,0,0,29.0433,0
40.3359,2.49306,0,0,0.719851,0.179628,0.36288,3.6288,59.6829,0.596089,0,0,0.398498,0.235482,0,0.66528,12.849,1,0.751046,0.36288,0,26.0042,4.26394,21.3521,0.84672,12.849,0.84672,3695.15,0,18.483,0.183271,0.216518,1.84791,4.08819,1.17631,4.79304,0.42336,0,0,18.483,0.42336,442.007,0,0.731834,0,0,0.948352,0.216518,1.028160,1,0,26.1452,0,0,0,26.1452,0
38.9101,2.46038,0,0,1.57226,0.174807,0.36288,3.6288,59.7712,0.368824,0,0,0.691972,0.234833,0,0.66528,12.849,1,0.783752,0.36288,0,36.6955,4.26394,32.0106,0.84672,12.849,0.84672,3695.15,0,18.483,0.11422,0.831997,1.77549,5.84893,1.17631,7.16589,0.42336,0,0,18.483,0.42336,442.007,0,1.02816,0,0,1.86016,0.831997,1.028160,1,0,39.1765,0,0,0,39.1765,0
39.2827,2.4388,0,0,3.34619,0.171921,0.36288,3.6288,60.6016,0.36896,0,0,1.43428,0.234965,0,0.66528,12.849,1,0.805347,0.36288,0,80.193,4.26394,75.4866,0.84672,12.849,0.84672,3695.15,0,18.483,0.114093,3.41771,1.77551,9.49437,1.17631,13.3972,0.42336,0,0,18.483,0.42336,442.007,0,1.02816,0,0,4.44587,3.41771,1.028160,1,0,88.8838,0,0,0,88.8838,0
38.934,2.44458,0,0,2.6512,0.192503,0.36288,3.6288,60.989,0.370165,0,0,1.0046,0.246997,0,0.66528,12.849,1,0.799597,0.36288,0,44.5292,4.1542,39.9383,0.84672,12.849,0.84672,3695.15,0,18.483,0.112897,1.81885,1.77552,6.05543,1.11348,8.42342,0.42336,0,0,18.483,0.42336,442.007,0,1.02816,0,0,2.84701,1.81885,1.028160,1,0,48.3617,0,0,0,48.3617,0
39.6849,2.25551,0,0,3.57366,0.204342,0.36288,3.6288,61.308,0.254229,0,0,1.17422,0.264004,0.33703,0.66528,12.849,1,0.744362,0.36288,0,73.3509,4.78538,68.1841,0.84672,12.849,0.84672,3695.15,0,18.483,0.0770452,3.06171,1.77553,10.4028,1.18196,13.9811,0.42336,0,0,18.483,0.42336,442.007,0,1.02816,0,0,4.08987,3.06171,1.028160,1,0,82.5022,0,0,0,82.5022,0
39.4555,2.26616,0,0,2.60579,0.206119,0.36288,3.6288,61.308,0.254544,0,0,0.937757,0.264538,0.418676,0.66528,12.849,1,0.733727,0.36288,0,63.8724,4.78538,58.7162,0.84672,12.849,0.84672,3695.15,0,18.483,0.0767393,2.44758,1.61247,11.9958,1.18196,14.7971,0.42336,0,0,18.483,0.42336,442.007,0,1.02816,0,0,3.47574,2.44758,1.028160,1,0,73.932,0,0,0,73.932,0
38.6161,2.26296,0,0,1.98032,0.193881,0.36288,3.6288,61.308,0.25455,0,0,0.59608,0.213042,0.128487,0.66528,12.849,1,0.736949,0.36288,0,45.5365,3.84802,41.3144,0.84672,12.849,0.84672,3695.15,0,18.483,0.0767413,1.20982,1.61248,6.6352,0.91239,8.46837,0.42336,0,0,18.483,0.42336,442.007,0,1.02816,0,0,2.23798,1.20982,1.028160,1,0,49.9113,0,0,0,49.9113,0
37.3203,2.25095,0,0,1.50803,0.190078,0.36288,3.6288,61.308,0.254557,0,0,0.743381,0.204459,0.284365,0.66528,12.849,1,0.748974,0.36288,0,45.2559,3.6918,41.178,0.84672,12.849,0.84672,3695.15,0,18.483,0.0767433,0.754419,1.61249,6.62234,0.867462,8.04504,0.42336,0,0,18.483,0.42336,442.007,0,1.02816,0,0,1.78258,0.754419,1.028160,1,0,49.5074,0,0,0,49.5074,0
37.7251,2.23162,0,0,3.19658,0.197305,0.36288,3.6288,61.308,0.254564,0,0,0.496353,0.175962,0.0658279,0.66528,12.849,1,0.768325,0.36288,0,49.5924,3.5319,45.655,0.84672,12.849,0.84672,3695.15,0,18.483,0.0767453,0.412603,1.61251,6.46572,0.780847,7.63323,0.42336,0,0,18.483,0.42336,442.007,0,1.02816,0,0,1.44076,0.412603,1.028160,1,0,53.3541,0,0,0,53.3541,0
37.251,2.30788,0,0,2.39903,0.202303,0.36288,3.6288,60.9447,0.538633,0,0,0.339886,0.164563,0,0.66528,12.849,1,0.786056,0.36288,0,32.0112,3.46794,28.1201,0.84672,12.849,0.84672,3695.15,0,18.483,0.162386,0.412474,1.61252,3.26969,0.746201,4.38609,0.42336,0,0,18.483,0.42336,442.007,0,0.702415,0,0,1.11489,0.412474,1.028160,1,0,32.5062,0,0,0,32.5062,0
39.1295,2.30045,0,0,4.74299,0.201177,0.36288,3.6288,61.169,0.287947,0,0,0.676412,0.164185,0,0.66528,12.849,1,0.793494,0.36288,0,82.9146,3.46794,79.0161,0.84672,12.849,0.84672,3695.15,0,18.483,0.0873271,0.959524,1.6641,7.23696,0.746201,9.02705,0.42336,0,0,18.483,0.42336,442.007,0,1.02816,0,0,1.98768,0.959524,1.028160,1,0,88.0431,0,0,0,88.0431,0
42.9001,2.32913,0,0,6.66821,0.205639,0.36288,3.6288,61.308,0.288194,0,0,1.37595,0.164418,0.784313,0.66528,12.849,1,0.764818,0.36288,0,133.917,3.46794,130.047,0.84672,12.849,0.84672,3695.15,0,18.483,0.0870815,2.86114,1.6641,12.4977,0.746201,16.1896,0.42336,0,0,18.483,0.42336,442.007,0,1.02816,0,0,3.8893,2.86114,1.028160,1,0,147.021,0,0,0,147.021,0
49.0413,2.38086,0,0,9.14172,0.256718,0.36288,3.6288,61.308,0.288347,0,0,1.25864,0.176577,0.793717,0.66528,12.849,1,0.713091,0.36288,0,167.259,3.99147,162.917,0.84672,12.849,0.84672,3695.15,0,18.483,0.0869301,3.13725,1.6641,12.3104,0.906793,16.118,0.42336,0,0,18.483,0.42336,442.007,0,1.02816,0,0,4.16541,3.13725,1.028160,1,0,179.829,0,0,0,179.829,0
50.8629,2.69074,0,0,5.14857,0.273397,0.36288,3.6288,61.308,0.500689,0,0,0.813924,0.139245,0.17399,0.66528,12.849,1,0.704984,0.36288,0,96.7982,4.01992,92.4362,0.84672,12.849,0.84672,3695.15,0,18.483,0.150947,0.503194,1.6641,8.83449,0.979729,9.8711,0.42336,0,0,18.483,0.42336,442.007,0,0.916816,0,0,1.42001,0.503194,1.028160,1,0,102.481,0,0,0,102.481,0
53.4092,2.7109,0,0,5.8988,0.27873,0.36288,3.6288,61.308,0.415139,0,0,0.998767,0.139245,0.444383,0.66528,12.849,1,0.684829,0.36288,0,124.366,4.01992,120.024,0.84672,12.849,0.84672,3695.15,0,18.483,0.125155,1.88557,1.84815,13.9102,0.979729,16.5391,0.42336,0,0,18.483,0.42336,442.007,0,1.02816,0,0,2.91373,1.88557,1.028160,1,0,137.007,0,0,0,137.007,0
55.4858,2.73722,0,0,5.4875,0.310727,0.36288,3.6288,61.308,0.41514,0,0,0.686405,0.124172,0.147094,0.66528,12.849,1,0.658512,0.36288,0,135.02,4.10747,130.617,0.84672,12.849,0.84672,3695.15,0,18.483,0.125155,1.10263,1.84815,10.2293,0.941396,12.1136,0.42336,0,0,18.483,0.42336,442.007,0,1.02816,0,0,2.13079,1.10263,1.028160,1,0,142.877,0,0,0,142.877,0
60.0637,2.75724,0,0,8.03501,0.33707,0.36288,3.6288,61.308,0.415141,0,0,0.750425,0.149355,0.185929,0.66528,12.849,1,0.6385,0.36288,0,125.315,4.12326,120.916,0.84672,12.849,0.84672,3695.15,0,18.483,0.125156,2.00538,1.84815,11.4238,0.988412,14.1638,0.42336,0,0,18.483,0.42336,442.007,0,1.02816,0,0,3.03354,2.00538,1.028160,1,0,135.266,0,0,0,135.266,0
59.4287,2.44275,0,0,2.46117,0.290493,0.36288,3.6288,61.2748,0.477551,0,0,0.588903,0.144563,0,0.66528,12.849,1,0.52256,0.36288,0,67.1177,4.26279,62.6952,0.84672,12.849,0.84672,3695.15,0,18.483,0.143971,0.608429,1.84815,6.28321,1.03393,7.56188,0.42336,0,0,18.483,0.42336,442.007,0,0.725484,0,0,1.33391,0.608429,1.028160,1,0,70.2571,0,0,0,70.2571,0
60.7446,2.43816,0,0,4.40564,0.28873,0.36288,3.6288,61.308,0.244958,0,0,1.12609,0.144533,0.70339,0.66528,12.849,1,0.527151,0.36288,0,62.4858,4.26279,58.0587,0.84672,12.849,0.84672,3695.15,0,18.483,0.0738893,1.10875,1.5964,9.53034,1.03393,11.1277,0.42336,0,0,18.483,0.42336,442.007,0,1.02816,0,0,2.13691,1.10875,1.028160,1,0,69.8898,0,0,0,69.8898,0
65.3569,2.44759,0,0,7.71503,0.292233,0.36288,3.6288,61.308,0.244989,0,0,1.88417,0.144563,1.49462,0.66528,12.849,1,0.517726,0.36288,0,139.442,4.26279,135.024,0.84672,12.849,0.84672,3695.15,0,18.483,0.0738588,2.18195,1.5964,18.6539,1.03393,21.3245,0.42336,0,0,18.483,0.42336,442.007,0,1.02816,0,0,3.21011,2.18195,1.028160,1,0,157.843,0,0,0,157.843,0
70.0503,2.47812,0,0,7.84002,0.305668,0.36288,3.6288,61.308,0.24499,0,0,1.53255,0.190959,1.0966,0.66528,12.849,1,0.487193,0.36288,0,229.649,4.22022,225.304,0.84672,12.849,0.84672,3695.15,0,18.483,0.073859,1.74067,1.5964,15.4583,0.98505,17.7365,0.42336,0,0,18.483,0.42336,442.007,0,1.02816,0,0,2.76883,1.74067,1.028160,1,0,244.137,0,0,0,244.137,0
72.29,2.50571,0,0,7.01171,0.280219,1.98604,3.6288,61.308,0.244991,0,0,1.23969,0.196373,0.79833,0.66528,12.849,1,0.45961,1.98604,0,110.325,4.62487,107.227,0.84672,12.849,0.84672,3695.15,0,18.483,0.0738593,1.05398,1.5964,12.8654,1.13049,14.3114,0.42336,0,0,18.483,0.42336,442.007,0,1.02816,0,0,2.08214,1.05398,1.028160,1,0,122.336,0,0,0,122.336,0
72.29,2.6098,0,0,9.24048,0.278736,6.35195,3.6288,61.308,0.286618,0,0,3.37769,0.195986,2.89508,0.66528,12.849,1,0.463871,6.35195,0,163.807,4.6935,165.002,0.84672,12.849,0.84672,3695.15,0,18.483,0.086409,3.74706,1.5964,24.4674,1.15609,28.5683,0.42336,0,0,18.483,0.42336,442.007,0,1.02816,0,0,4.77522,3.74706,1.028160,1,0,196.465,0,0,0,196.465,0
72.29,2.6098,0,0,6.79087,0.278736,3.90233,3.6288,61.308,0.286619,0,0,1.45392,0.195986,0.971317,0.66528,12.849,1,0.463872,3.90233,0,211.873,4.6935,210.618,0.84672,12.849,0.84672,3695.15,0,18.483,0.0864093,1.71564,1.65856,14.9091,1.15609,17.0408,0.42336,0,0,18.483,0.42336,442.007,0,1.02816,0,0,2.7438,1.71564,1.028160,1,0,228.63,0,0,0,228.63,0
72.29,2.6098,0,0,5.91225,0.278736,3.02371,3.6288,61.308,0.28662,0,0,1.09706,0.195986,0.614458,0.66528,12.849,1,0.463872,3.02371,0,145.24,4.6935,143.106,0.84672,12.849,0.84672,3695.15,0,18.483,0.0864095,1.12457,1.65856,9.96529,1.15609,11.5059,0.42336,0,0,18.483,0.42336,442.007,0,1.02816,0,0,2.15273,1.12457,1.028160,1,0,155.227,0,0,0,155.227,0
72.29,2.6098,0,0,5.05928,0.230222,2.21926,3.6288,61.308,0.286621,0,0,0.94894,0.203015,0.459304,0.66528,12.849,1,0.463873,2.21926,0,133.183,4.5108,130.428,0.84672,12.849,0.84672,3695.15,0,18.483,0.0864098,1.20618,1.65857,9.4189,1.15835,11.0389,0.42336,0,0,18.483,0.42336,442.007,0,1.02816,0,0,2.23434,1.20618,1.028160,1,0,141.926,0,0,0,141.926,0
72.29,2.57383,0,0,4.41726,0.22305,1.62038,3.6288,61.308,0.270455,0,0,0.835531,0.189109,0.375967,0.66528,12.849,1,0.45748,1.62038,0,102.197,3.99588,99.3644,0.84672,12.849,0.84672,3695.15,0,18.483,0.081536,1.05945,1.65857,8.95968,1.09034,10.5058,0.42336,0,0,18.483,0.42336,442.007,0,1.02816,0,0,2.08761,1.05945,1.028160,1,0,110.246,0,0,0,110.246,0
72.29,2.57384,0,0,4.06362,0.22305,1.26673,3.6288,61.308,0.270455,0,0,0.782447,0.189109,0.322882,0.66528,12.849,1,0.45748,1.26673,0,93.8218,3.99588,90.6351,0.84672,12.849,0.84672,3695.15,0,18.483,0.0815363,0.954556,1.63437,7.67422,1.09034,9.09127,0.42336,0,0,18.483,0.42336,442.007,0,1.02816,0,0,1.98272,0.954556,1.028160,1,0,100.049,0,0,0,100.049,0
72.29,2.57384,0,0,3.73787,0.189015,0.975017,3.6288,61.308,0.270456,0,0,0.730711,0.216922,0.243332,0.66528,12.849,1,0.45748,0.975017,0,82.8706,4.26765,79.1204,0.84672,12.849,0.84672,3695.15,0,18.483,0.0815366,0.898033,1.63437,7.48509,1.09123,8.84473,0.42336,0,0,18.483,0.42336,442.007,0,1.02816,0,0,1.92619,0.898033,1.028160,1,0,88.2085,0,0,0,88.2085,0
72.29,2.57384,0,0,3.63271,0.165491,0.893381,3.6288,61.308,0.270457,0,0,0.708532,0.22575,0.212324,0.66528,12.849,1,0.457481,0.893381,0,72.7894,4.22283,69.0025,0.84672,12.849,0.84672,3695.15,0,18.483,0.0815369,0.818942,1.63438,7.86675,1.0682,9.17033,0.42336,0,0,18.483,0.42336,442.007,0,1.02816,0,0,1.8471,0.818942,1.028160,1,0,78.3851,0,0,0,78.3851,0
72.2713,2.69594,0,0,3.19214,0.152057,0.36288,3.6288,61.308,0.327792,0,0,0.607983,0.160144,0.120047,0.66528,12.849,1,0.479183,0.36288,0,60.7448,3.68949,56.939,0.84672,12.849,0.84672,3695.15,0,18.483,0.098822,0.783916,1.63438,5.79508,0.856539,7.25801,0.42336,0,0,18.483,0.42336,442.007,0,1.02816,0,0,1.81208,0.783916,1.028160,1,0,64.3171,0,0,0,64.3171,0
72.0293,2.69584,0,0,2.96876,0.152035,0.36288,3.6288,61.308,0.327793,0,0,0.585286,0.160144,0.097349,0.66528,12.849,1,0.479289,0.36288,0,55.4066,3.68949,51.6007,0.84672,12.849,0.84672,3695.15,0,18.483,0.0988222,0.543508,1.71898,5.14891,0.856539,6.45604,0.42336,0,0,18.483,0.42336,442.007,0,1.02816,0,0,1.57167,0.543508,1.028160,1,0,58.1541,0,0,0,58.1541,0
71.6904,2.69447,0,0,2.80723,0.0887301,0.36288,3.6288,61.2802,0.327794,0,0,0.550146,0.250115,0,0.66528,12.849,1,0.480655,0.36288,0,52.9512,4.91187,47.9215,0.84672,12.849,0.84672,3695.15,0,18.483,0.0988225,0.382717,1.71898,4.54382,1.18386,5.36283,0.42336,0,0,18.483,0.42336,442.007,0,1.02816,0,0,1.41088,0.382717,1.028160,1,0,53.2844,0,0,0,53.2844,0
71.1626,2.69255,0,0,2.6056,0.0780242,0.36288,3.6288,61.2083,0.32776,0,0,0.520891,0.265064,0,0.66528,12.849,1,0.482582,0.36288,0,48.2539,5.1156,43.0186,0.84672,12.849,0.84672,3695.15,0,18.483,0.0988572,0.31225,1.71898,4.31662,1.23842,5.01058,0.42336,0,0,18.483,0.42336,442.007,0,1.02816,0,0,1.34041,0.31225,1.028160,1,0,48.0292,0,0,0,48.0292,0
70.6094,2.68952,0,0,2.58282,0.0835753,0.36288,3.6288,61.2298,0.327672,0,0,0.636466,0.287324,0,0.66528,12.849,1,0.485615,0.36288,0,57.3422,5.64957,51.5699,0.84672,12.849,0.84672,3695.15,0,18.483,0.0989467,0.740068,1.71898,4.69319,1.372,5.68129,0.42336,0,0,18.483,0.42336,442.007,0,1.02816,0,0,1.76823,0.740068,1.028160,1,0,57.2512,0,0,0,57.2512,0
69.7979,2.66224,0,0,2.29776,0.0841949,0.36288,3.6288,61.1865,0.359202,0,0,0.607012,0.291093,0,0.66528,12.849,1,0.484456,0.36288,0,53.4929,5.73856,47.6328,0.84672,12.849,0.84672,3695.15,0,18.483,0.10843,0.578595,1.71898,4.05904,1.39426,4.85392,0.42336,0,0,18.483,0.42336,442.007,0,1.02816,0,0,1.60675,0.578595,1.028160,1,0,52.4867,0,0,0,52.4867,0
68.8159,2.65749,0,0,2.1221,0.0836698,0.36288,3.6288,61.1156,0.359144,0,0,0.579309,0.291013,0,0.66528,12.849,1,0.489213,0.36288,0,48.4892,5.73856,42.6243,0.84672,12.849,0.84672,3695.15,0,18.483,0.108489,0.48943,1.74534,4.0424,1.39426,4.77441,0.42336,0,0,18.483,0.42336,442.007,0,1.02816,0,0,1.51759,0.48943,1.028160,1,0,47.3988,0,0,0,47.3988,0
67.7722,2.65161,0,0,2.05382,0.0830344,0.36288,3.6288,61.0115,0.359048,0,0,0.545822,0.290883,0,0.66528,12.849,1,0.495096,0.36288,0,43.8476,5.73856,37.9768,0.84672,12.849,0.84672,3695.15,0,18.483,0.108586,0.320328,1.74534,3.94518,1.39426,4.508,0.42336,0,0,18.483,0.42336,442.007,0,1.02816,0,0,1.34849,0.320328,1.028160,1,0,42.4848,0,0,0,42.4848,0
66.4947,2.6452,0,0,1.8037,0.0731634,0.36288,3.6288,60.7788,0.418965,0,0,0.486788,0.300575,0,0.66528,12.849,1,0.501506,0.36288,0,37.4399,5.76003,31.5412,0.84672,12.849,0.84672,3695.15,0,18.483,0.126923,0.261274,1.74534,3.37236,1.4416,3.81046,0.42336,0,0,18.483,0.42336,442.007,0,0.949908,0,0,1.21118,0.261274,1.028160,1,0,35.3517,0,0,0,35.3517,0
65.1559,2.69867,0,0,1.78303,0.0602913,0.36288,3.6288,60.6571,0.386616,0,0,0.578273,0.313291,0,0.66528,12.849,1,0.521474,0.36288,0,44.02,5.78865,38.0728,0.84672,12.849,0.84672,3695.15,0,18.483,0.117571,0.312085,1.74534,3.12217,1.50471,3.55732,0.42336,0,0,18.483,0.42336,442.007,0,1.02816,0,0,1.34025,0.312085,1.028160,1,0,41.6301,0,0,0,41.6301,0
63.685,2.68972,0,0,1.64138,0.0596507,0.36288,3.6288,60.4479,0.386437,0,0,0.490247,0.31305,0,0.66528,12.849,1,0.530425,0.36288,0,36.1574,5.78865,30.2013,0.84672,12.849,0.84672,3695.15,0,18.483,0.117752,0.393371,1.78735,3.01883,1.50471,3.57709,0.42336,0,0,18.483,0.42336,442.007,0,1.02816,0,0,1.42153,0.393371,1.028160,1,0,33.7783,0,0,0,33.7783,0
62.0866,2.67953,0,0,1.50293,0.0589468,0.36288,3.6288,60.1723,0.417079,0,0,0.454068,0.312634,0,0.66528,12.849,1,0.540619,0.36288,0,34.3674,5.78865,28.401,0.84672,12.849,0.84672,3695.15,0,18.483,0.127529,0.227405,1.78735,2.65353,1.50471,3.03604,0.42336,0,0,18.483,0.42336,442.007,0,0.987742,0,0,1.21515,0.227405,1.028160,1,0,31.4371,0,0,0,31.4371,0
60.5945,2.668,0,0,1.58795,0.0491391,0.36288,3.6288,59.9906,0.385713,0,0,0.521264,0.317229,0,0.66528,12.849,1,0.552151,0.36288,0,33.7064,5.9382,27.5789,0.84672,12.849,0.84672,3695.15,0,18.483,0.118479,0.43003,1.78735,3.51026,1.53459,4.07457,0.42336,0,0,18.483,0.42336,442.007,0,1.02816,0,0,1.45819,0.43003,1.028160,1,0,31.6535,0,0,0,31.6535,0
58.9518,2.83422,0,0,1.59564,0.0412166,0.36288,3.6288,59.4489,0.609591,0,0,0.391032,0.323097,0,0.66528,12.849,1,0.600994,0.36288,0,31.1509,5.90625,25.0066,0.84672,12.849,0.84672,3695.15,0,18.483,0.187814,0.227405,1.78735,2.91591,1.53444,3.20842,0.42336,0,0,18.483,0.42336,442.007,0,0.866877,0,0,1.09428,0.227405,1.028160,1,0,28.215,0,0,0,28.215,0
57.479,2.82048,0,0,1.75113,0.0405865,0.36288,3.6288,59.1246,0.485255,0,0,0.482866,0.321981,0,0.66528,12.849,1,0.614745,0.36288,0,40.0626,5.90625,33.9045,0.84672,12.849,0.84672,3695.15,0,18.483,0.150868,0.33137,1.92958,3.18092,1.53444,3.75657,0.42336,0,0,18.483,0.42336,442.007,0,1.02816,0,0,1.35953,0.33137,1.028160,1,0,37.6611,0,0,0,37.6611,0
55.6753,2.80761,0,0,1.40677,0.040009,0.36288,3.6288,58.4479,0.704586,0,0,0.34925,0.321313,0,0.66528,12.849,1,0.627619,0.36288,0,39.1477,5.90625,32.9767,0.84672,12.849,0.84672,3695.15,0,18.483,0.220261,0.204422,1.92959,2.55356,1.53444,2.93287,0.42336,0,0,18.483,0.42336,442.007,0,0.739437,0,0,0.94386,0.204422,1.028160,1,0,35.9096,0,0,0,35.9096,0
54.234,2.79109,0,0,1.75199,0.0393018,0.36288,3.6288,58.2416,0.483294,0,0,0.596928,0.319919,0,0.66528,12.849,1,0.64414,0.36288,0,35.7539,5.90625,29.5664,0.84672,12.849,0.84672,3695.15,0,18.483,0.152832,0.757261,1.92959,3.9483,1.53444,4.94788,0.42336,0,0,18.483,0.42336,442.007,0,1.02816,0,0,1.78542,0.757261,1.028160,1,0,34.5142,0,0,0,34.5142,0
52.4956,2.77725,0,0,1.43536,0.0336611,0.36288,3.6288,58.3545,0.482884,0,0,0.875207,0.279465,0,0.66528,12.849,1,0.65798,0.36288,0,27.2383,5.10955,21.8336,0.84672,12.849,0.84672,3695.15,0,18.483,0.153243,1.25963,1.92959,3.96038,1.29773,5.69862,0.42336,0,0,18.483,0.42336,442.007,0,1.02816,0,0,2.28779,1.25963,1.028160,1,0,27.5323,0,0,0,27.5323,0
50.7308,2.67554,0,0,1.30322,0.0295801,0.36288,3.6288,58.1688,0.422296,0,0,0.509774,0.273117,0,0.66528,12.849,1,0.654876,0.36288,0,25.299,5.04966,19.9574,0.84672,12.849,0.84672,3695.15,0,18.483,0.133757,0.297812,1.92959,2.89126,1.30379,3.68111,0.42336,0,0,18.483,0.42336,442.007,0,1.02816,0,0,1.32597,0.297812,1.028160,1,0,23.6385,0,0,0,23.6385,0
48.9492,2.65737,0,0,1.26772,0.0290423,0.36288,3.6288,57.9213,0.446397,0,0,0.471601,0.27279,0,0.66528,12.849,1,0.673054,0.36288,0,23.1103,5.04966,17.7504,0.84672,12.849,0.84672,3695.15,0,18.483,0.141841,0.216518,1.84808,2.84094,1.30379,3.45992,0.42336,0,0,18.483,0.42336,442.007,0,0.995976,0,0,1.21249,0.216518,1.028160,1,0,21.2104,0,0,0,21.2104,0
48.357,2.63797,0,0,2.54851,0.139864,0.36288,3.6288,58.3427,0.42154,0,0,1.01147,0.168498,0,0.66528,12.849,1,0.692457,0.36288,0,62.8361,3.59625,58.9103,0.84672,12.849,0.84672,3695.15,0,18.483,0.134516,0.71458,1.84808,7.15806,0.849502,8.73671,0.42336,0,0,18.483,0.42336,442.007,0,1.02816,0,0,1.74274,0.71458,1.028160,1,0,67.647,0,0,0,67.647,0
49.1825,2.63127,0,0,3.96001,0.140346,0.36288,3.6288,58.7576,0.422279,0,0,1.01324,0.176023,0,0.66528,12.849,1,0.699158,0.36288,0,89.1376,3.55578,85.2455,0.84672,12.849,0.84672,3695.15,0,18.483,0.133778,1.20613,1.84809,5.70203,0.865308,7.75716,0.42336,0,0,18.483,0.42336,442.007,0,1.02816,0,0,2.23429,1.20613,1.028160,1,0,93.0027,0,0,0,93.0027,0
48.226,2.57236,0,0,2.12378,0.145079,0.36288,3.6288,59.0618,0.36755,0,0,0.865944,0.194207,0,0.66528,12.849,1,0.672034,0.36288,0,114.369,3.45461,110.605,0.84672,12.849,0.84672,3695.15,0,18.483,0.115618,1.02592,1.84809,6.7055,0.904821,8.55907,0.42336,0,0,18.483,0.42336,442.007,0,1.02816,0,0,2.05408,1.02592,1.028160,1,0,119.164,0,0,0,119.164,0
48.2599,2.56184,0,0,3.10217,0.143584,0.36288,3.6288,59.6915,0.368005,0,0,1.19225,0.194587,0,0.66528,12.849,1,0.682559,0.36288,0,114.759,3.45461,110.985,0.84672,12.849,0.84672,3695.15,0,18.483,0.115165,1.58026,1.77565,8.78869,0.904821,11.1246,0.42336,0,0,18.483,0.42336,442.007,0,1.02816,0,0,2.60842,1.58026,1.028160,1,0,122.109,0,0,0,122.109,0
48.6757,2.56222,0,0,3.49814,0.157166,0.36288,3.6288,60.3793,0.368934,0,0,1.20609,0.149374,0,0.66528,12.849,1,0.682182,0.36288,0,98.9876,3.25778,95.4105,0.84672,12.849,0.84672,3695.15,0,18.483,0.114237,1.59132,1.77565,9.35496,0.865428,11.7423,0.42336,0,0,18.483,0.42336,442.007,0,1.02816,0,0,2.61948,1.59132,1.028160,1,0,107.153,0,0,0,107.153,0
53.4216,2.56684,0,0,7.85159,0.175997,0.36288,3.6288,61.308,0.369931,0,0,2.75501,0.08843,1.36791,0.66528,12.849,1,0.677571,0.36288,0,89.405,2.99534,86.095,0.84672,12.849,0.84672,3695.15,0,18.483,0.113241,3.07182,1.77566,15.9587,0.812904,19.88,0.42336,0,0,18.483,0.42336,442.007,0,1.02816,0,0,4.09998,3.07182,1.028160,1,0,107.343,0,0,0,107.343,0
52.3306,2.41839,0,0,1.92299,0.23271,0.36288,3.6288,61.308,0.254607,0,0,1.16592,0.197272,0.714038,0.66528,12.849,1,0.581674,0.36288,0,55.1699,4.24147,50.7097,0.84672,12.849,0.84672,3695.15,0,18.483,0.0767583,0.909611,1.77566,7.32482,1.14778,8.78555,0.42336,0,0,18.483,0.42336,442.007,0,1.02816,0,0,1.93777,0.909611,1.028160,1,0,60.2093,0,0,0,60.2093,0
53.1555,2.40866,0,0,3.82653,0.230119,0.36288,3.6288,61.308,0.254608,0,0,1.85685,0.197272,1.40497,0.66528,12.849,1,0.591411,0.36288,0,82.4826,4.24147,78.0126,0.84672,12.849,0.84672,3695.15,0,18.483,0.0767586,2.33393,1.61258,11.0134,1.14778,13.7354,0.42336,0,0,18.483,0.42336,442.007,0,1.02816,0,0,3.36209,2.33393,1.028160,1,0,93.153,0,0,0,93.153,0
52.4319,2.41605,0,0,2.28742,0.232078,0.36288,3.6288,61.308,0.254609,0,0,2.00747,0.197272,1.55559,0.66528,12.849,1,0.58402,0.36288,0,94.4637,4.24147,90.0011,0.84672,12.849,0.84672,3695.15,0,18.483,0.0767588,2.78021,1.61258,9.32481,1.14778,12.4931,0.42336,0,0,18.483,0.42336,442.007,0,1.02816,0,0,3.80837,2.78021,1.028160,1,0,104.05,0,0,0,104.05,0
52.4813,2.40958,0,0,3.07708,0.255234,0.36288,3.6288,61.308,0.25461,0,0,2.59894,0.230317,2.11401,0.66528,12.849,1,0.590494,0.36288,0,84.8163,4.63853,79.9502,0.84672,12.849,0.84672,3695.15,0,18.483,0.0767591,3.56639,1.61258,11.3901,1.22782,15.2645,0.42336,0,0,18.483,0.42336,442.007,0,1.02816,0,0,4.59455,3.56639,1.028160,1,0,97.3287,0,0,0,97.3287,0
53.4988,2.41003,0,0,4.02503,0.234575,0.36288,3.6288,61.308,0.25461,0,0,1.99166,0.225058,1.51199,0.66528,12.849,1,0.590048,0.36288,0,83.7285,3.84261,79.6587,0.84672,12.849,0.84672,3695.15,0,18.483,0.0767594,3.10219,1.61259,9.28161,0.968131,12.9515,0.42336,0,0,18.483,0.42336,442.007,0,1.02816,0,0,4.13035,3.10219,1.028160,1,0,94.1222,0,0,0,94.1222,0
56.5418,2.49486,0,0,6.12306,0.222331,0.36288,3.6288,61.308,0.288386,0,0,2.91577,0.212199,2.41518,0.66528,12.849,1,0.5992,0.36288,0,103.691,3.02222,100.433,0.84672,12.849,0.84672,3695.15,0,18.483,0.086942,4.58864,1.61259,12.1783,0.727454,17.5652,0.42336,0,0,18.483,0.42336,442.007,0,1.02816,0,0,5.6168,4.58864,1.028160,1,0,120.413,0,0,0,120.413,0
59.37,2.52113,0,0,5.94144,0.22923,0.36288,3.6288,61.308,0.288381,0,0,2.13834,0.212199,1.63776,0.66528,12.849,1,0.57292,0.36288,0,122.277,3.02222,119.044,0.84672,12.849,0.84672,3695.15,0,18.483,0.0869405,3.93646,1.66416,10.277,0.727454,15.0632,0.42336,0,0,18.483,0.42336,442.007,0,1.02816,0,0,4.96462,3.93646,1.028160,1,0,135.745,0,0,0,135.745,0
61.1253,2.54355,0,0,4.91334,0.251653,0.36288,3.6288,61.308,0.288376,0,0,1.7401,0.241842,1.20988,0.66528,12.849,1,0.550481,0.36288,0,119.295,3.51276,115.595,0.84672,12.849,0.84672,3695.15,0,18.483,0.086939,2.48855,1.66415,9.38667,0.947707,12.5047,0.42336,0,0,18.483,0.42336,442.007,0,1.02816,0,0,3.51671,2.48855,1.028160,1,0,129.309,0,0,0,129.309,0
63.5151,2.5566,0,0,5.59712,0.287852,0.36288,3.6288,61.308,0.288371,0,0,2.10726,0.251782,1.56711,0.66528,12.849,1,0.537417,0.36288,0,105.486,3.9148,101.396,0.84672,12.849,0.84672,3695.15,0,18.483,0.0869374,3.73345,1.66415,10.7349,1.12428,14.9213,0.42336,0,0,18.483,0.42336,442.007,0,1.02816,0,0,4.76161,3.73345,1.028160,1,0,117.885,0,0,0,117.885,0
65.9195,2.82441,0,0,5.91588,0.324131,0.36288,3.6288,61.308,0.415158,0,0,1.79291,0.192023,1.18573,0.66528,12.849,1,0.571374,0.36288,0,76.3258,3.80604,72.3112,0.84672,12.849,0.84672,3695.15,0,18.483,0.125161,3.69929,1.66414,7.15955,0.963182,11.4346,0.42336,0,0,18.483,0.42336,442.007,0,1.02816,0,0,4.72745,3.69929,1.028160,1,0,84.9316,0,0,0,84.9316,0
66.7345,2.84184,0,0,4.34221,0.322535,0.36288,3.6288,61.308,0.415153,0,0,0.999225,0.194413,0.389659,0.66528,12.849,1,0.55393,0.36288,0,56.9847,3.82149,52.9721,0.84672,12.849,0.84672,3695.15,0,18.483,0.125159,1.98783,1.84818,5.97273,0.979647,8.70393,0.42336,0,0,18.483,0.42336,442.007,0,1.02816,0,0,3.01599,1.98783,1.028160,1,0,62.0657,0,0,0,62.0657,0
67.4553,2.8475,0,0,4.20798,0.276733,0.36288,3.6288,61.308,0.415147,0,0,1.18346,0.208755,0.559562,0.66528,12.849,1,0.548255,0.36288,0,84.4137,3.91419,80.3141,0.84672,12.849,0.84672,3695.15,0,18.483,0.125158,2.85434,1.84817,6.41685,1.07844,9.91577,0.42336,0,0,18.483,0.42336,442.007,0,1.02816,0,0,3.8825,2.85434,1.028160,1,0,90.7894,0,0,0,90.7894,0
68.5989,2.85241,0,0,4.63978,0.280906,0.36288,3.6288,61.308,0.415141,0,0,2.02789,0.201863,1.41088,0.66528,12.849,1,0.543331,0.36288,0,76.7942,3.9951,72.6187,0.84672,12.849,0.84672,3695.15,0,18.483,0.125156,2.03084,1.84816,5.8104,1.06905,8.4952,0.42336,0,0,18.483,0.42336,442.007,0,1.02816,0,0,3.059,2.03084,1.028160,1,0,82.5247,0,0,0,82.5247,0
67.6349,2.4975,0,0,2.1955,0.299133,0.36288,3.6288,61.308,0.244982,0,0,0.898595,0.160508,0.493104,0.66528,12.849,1,0.467796,0.36288,0,58.2191,4.48056,53.6336,0.84672,12.849,0.84672,3695.15,0,18.483,0.0738567,1.30586,1.84815,4.59436,1.01271,6.6618,0.42336,0,0,18.483,0.42336,442.007,0,1.02816,0,0,2.33402,1.30586,1.028160,1,0,60.7885,0,0,0,60.7885,0
68.4133,2.49188,0,0,3.93004,0.296882,0.36288,3.6288,61.308,0.244977,0,0,1.71831,0.160508,1.31282,0.66528,12.849,1,0.473397,0.36288,0,54.2005,4.48056,49.6095,0.84672,12.849,0.84672,3695.15,0,18.483,0.0738552,2.71091,1.59639,6.96866,1.01271,10.1894,0.42336,0,0,18.483,0.42336,442.007,0,1.02816,0,0,3.73907,2.71091,1.028160,1,0,61.1117,0,0,0,61.1117,0
72.1375,2.4964,0,0,6.88218,0.298699,0.36288,3.6288,61.308,0.244973,0,0,2.87507,0.160508,2.46959,0.66528,12.849,1,0.468861,0.36288,0,120.952,4.48056,116.366,0.84672,12.849,0.84672,3695.15,0,18.483,0.0738538,4.58879,1.59638,13.6401,1.01271,18.7387,0.42336,0,0,18.483,0.42336,442.007,0,1.02816,0,0,5.61695,4.58879,1.028160,1,0,137.574,0,0,0,137.574,0
72.29,2.51694,0,0,6.99379,0.309743,4.01463,3.6288,61.308,0.244968,0,0,2.33851,0.206903,1.88664,0.66528,12.849,1,0.448312,4.01463,0,199.199,4.43799,198.327,0.84672,12.849,0.84672,3695.15,0,18.483,0.0738523,3.81667,1.59637,11.3034,0.96383,15.6787,0.42336,0,0,18.483,0.42336,442.007,0,1.02816,0,0,4.84483,3.81667,1.028160,1,0,215.892,0,0,0,215.892,0
72.29,2.51773,0,0,7.22822,0.270755,4.43974,3.6288,61.308,0.244963,0,0,3.35528,0.141745,2.96858,0.66528,12.849,1,0.447507,4.43974,0,142.687,4.97892,141.7,0.84672,12.849,0.84672,3695.15,0,18.483,0.0738509,4.47638,1.59636,15.964,1.09545,20.8674,0.42336,0,0,18.483,0.42336,442.007,0,1.02816,0,0,5.50454,4.47638,1.028160,1,0,165.536,0,0,0,165.536,0
72.29,2.60971,0,0,7.6667,0.257602,4.79939,3.6288,61.308,0.286583,0,0,2.55003,0.166716,2.09673,0.66528,12.849,1,0.463856,4.79939,0,198.26,5.14846,197.447,0.84672,12.849,0.84672,3695.15,0,18.483,0.0863984,3.53345,1.59636,13.1657,1.09433,17.1148,0.42336,0,0,18.483,0.42336,442.007,0,1.02816,0,0,4.56161,3.53345,1.028160,1,0,216.659,0,0,0,216.659,0
72.29,2.6097,0,0,4.86128,0.257602,1.99398,3.6288,61.308,0.286578,0,0,1.57884,0.166716,1.12555,0.66528,12.849,1,0.463854,1.99398,0,121.682,5.14846,118.064,0.84672,12.849,0.84672,3695.15,0,18.483,0.0863969,2.08832,1.65851,9.21517,1.09433,11.7813,0.42336,0,0,18.483,0.42336,442.007,0,1.02816,0,0,3.11648,2.08832,1.028160,1,0,130.971,0,0,0,130.971,0
72.29,2.60969,0,0,3.93483,0.257602,1.06754,3.6288,61.308,0.286573,0,0,1.30617,0.166716,0.852881,0.66528,12.849,1,0.463852,1.06754,0,84.4119,5.14846,79.8672,0.84672,12.849,0.84672,3695.15,0,18.483,0.0863954,1.84141,1.6585,7.69954,1.09433,10.0187,0.42336,0,0,18.483,0.42336,442.007,0,1.02816,0,0,2.86957,1.84141,1.028160,1,0,90.7388,0,0,0,90.7388,0
72.29,2.60967,0,0,3.68595,0.236802,0.839469,3.6288,61.308,0.286568,0,0,1.20682,0.184094,0.736156,0.66528,12.849,1,0.46385,0.839469,0,80.3883,4.97985,75.7841,0.84672,12.849,0.84672,3695.15,0,18.483,0.0863939,1.69283,1.65849,6.92954,1.11804,9.07642,0.42336,0,0,18.483,0.42336,442.007,0,1.02816,0,0,2.72099,1.69283,1.028160,1,0,85.5966,0,0,0,85.5966,0
72.29,2.57369,0,0,3.51395,0.209069,0.731185,3.6288,61.308,0.270396,0,0,1.204,0.207266,0.726339,0.66528,12.849,1,0.457455,0.731185,0,81.508,4.75503,77.0267,0.84672,12.849,0.84672,3695.15,0,18.483,0.0815185,1.46032,1.65848,6.71475,1.14965,8.60239,0.42336,0,0,18.483,0.42336,442.007,0,1.02816,0,0,2.48848,1.46032,1.028160,1,0,86.3555,0,0,0,86.3555,0
72.26,2.57368,0,0,3.11559,0.209069,0.36288,3.6288,61.308,0.270392,0,0,1.09363,0.207266,0.615968,0.66528,12.849,1,0.457452,0.36288,0,70.6234,4.75503,65.7738,0.84672,12.849,0.84672,3695.15,0,18.483,0.081517,1.14472,1.63428,5.80671,1.14965,7.35455,0.42336,0,0,18.483,0.42336,442.007,0,1.02816,0,0,2.17288,1.14472,1.028160,1,0,73.7443,0,0,0,73.7443,0
71.9419,2.57351,0,0,2.82305,0.204702,0.36288,3.6288,61.308,0.270387,0,0,0.980536,0.201577,0.508573,0.66528,12.849,1,0.457612,0.36288,0,62.2236,4.63707,57.4918,0.84672,12.849,0.84672,3695.15,0,18.483,0.0815155,0.947367,1.63428,5.31118,1.11973,6.69158,0.42336,0,0,18.483,0.42336,442.007,0,1.02816,0,0,1.97553,0.947367,1.028160,1,0,64.6919,0,0,0,64.6919,0
71.4165,2.57178,0,0,2.58764,0.178351,0.36288,3.6288,61.308,0.270382,0,0,0.926692,0.167444,0.488866,0.66528,12.849,1,0.459326,0.36288,0,59.9104,3.92931,55.8847,0.84672,12.849,0.84672,3695.15,0,18.483,0.0815141,0.85123,1.63427,4.83597,0.940223,6.29973,0.42336,0,0,18.483,0.42336,442.007,0,1.02816,0,0,1.87939,0.85123,1.028160,1,0,62.6733,0,0,0,62.6733,0
70.9915,2.69077,0,0,2.78856,0.159923,0.36288,3.6288,61.308,0.327706,0,0,0.983854,0.24075,0.415398,0.66528,12.849,1,0.484113,0.36288,0,66.7863,4.94408,61.721,0.84672,12.849,0.84672,3695.15,0,18.483,0.0987961,0.95034,1.63426,5.49818,1.04903,6.93495,0.42336,0,0,18.483,0.42336,442.007,0,1.02816,0,0,1.9785,0.95034,1.028160,1,0,69.0714,0,0,0,69.0714,0
70.4649,2.6883,0,0,2.66134,0.136794,0.36288,3.6288,61.308,0.327701,0,0,0.918544,0.247768,0.343076,0.66528,12.849,1,0.486564,0.36288,0,59.6329,5.06342,54.4458,0.84672,12.849,0.84672,3695.15,0,18.483,0.0987945,0.789022,1.71884,5.33721,1.09974,6.64655,0.42336,0,0,18.483,0.42336,442.007,0,1.02816,0,0,1.81718,0.789022,1.028160,1,0,61.4355,0,0,0,61.4355,0
69.8698,2.68521,0,0,2.58923,0.136242,0.36288,3.6288,61.308,0.327696,0,0,0.931729,0.247768,0.356265,0.66528,12.849,1,0.489638,0.36288,0,56.6652,5.06342,51.475,0.84672,12.849,0.84672,3695.15,0,18.483,0.0987929,0.936325,1.71884,5.08257,1.09974,6.5392,0.42336,0,0,18.483,0.42336,442.007,0,1.02816,0,0,1.96449,0.936325,1.028160,1,0,58.3705,0,0,0,58.3705,0
69.0213,2.68168,0,0,2.351,0.154926,0.36288,3.6288,61.308,0.32769,0,0,0.877029,0.242501,0.306838,0.66528,12.849,1,0.493158,0.36288,0,53.4026,4.72496,48.5474,0.84672,12.849,0.84672,3695.15,0,18.483,0.0987914,0.876182,1.71883,4.65013,1.1128,6.03355,0.42336,0,0,18.483,0.42336,442.007,0,1.02816,0,0,1.90434,0.876182,1.028160,1,0,54.8878,0,0,0,54.8878,0
68.0175,2.67655,0,0,2.16479,0.1292,0.36288,3.6288,61.308,0.327685,0,0,0.824334,0.228244,0.268405,0.66528,12.849,1,0.498267,0.36288,0,40.6878,4.97428,35.5782,0.84672,12.849,0.84672,3695.15,0,18.483,0.0987898,0.692885,1.71882,4.26069,1.08032,5.49328,0.42336,0,0,18.483,0.42336,442.007,0,1.02816,0,0,1.72104,0.692885,1.028160,1,0,41.3398,0,0,0,41.3398,0
66.8779,2.64644,0,0,1.98241,0.112675,0.36288,3.6288,61.308,0.359188,0,0,0.789696,0.224121,0.206386,0.66528,12.849,1,0.499932,0.36288,0,36.5667,5.17555,31.2541,0.84672,12.849,0.84672,3695.15,0,18.483,0.108287,0.643749,1.71881,4.04359,1.06341,5.23445,0.42336,0,0,18.483,0.42336,442.007,0,1.02816,0,0,1.67191,0.643749,1.028160,1,0,36.695,0,0,0,36.695,0
65.5758,2.63928,0,0,1.81177,0.111668,0.36288,3.6288,61.308,0.359183,0,0,0.738478,0.224121,0.155174,0.66528,12.849,1,0.507075,0.36288,0,34.3943,5.17555,29.0745,0.84672,12.849,0.84672,3695.15,0,18.483,0.108286,0.400671,1.74516,3.84782,1.06341,4.82195,0.42336,0,0,18.483,0.42336,442.007,0,1.02816,0,0,1.42883,0.400671,1.028160,1,0,34.0517,0,0,0,34.0517,0
64.1556,2.63085,0,0,1.66598,0.0924459,0.36288,3.6288,61.308,0.359178,0,0,0.699805,0.267998,0.0726304,0.66528,12.849,1,0.515491,0.36288,0,30.7947,5.74016,24.9019,0.84672,12.849,0.84672,3695.15,0,18.483,0.108284,0.401622,1.74515,3.66365,1.2695,4.43264,0.42336,0,0,18.483,0.42336,442.007,0,1.02816,0,0,1.42978,0.401622,1.028160,1,0,29.4072,0,0,0,29.4072,0
62.6629,2.62133,0,0,1.57366,0.0822158,0.36288,3.6288,61.2943,0.359172,0,0,0.643274,0.297783,0,0.66528,12.849,1,0.524996,0.36288,0,27.0854,6.00058,20.9227,0.84672,12.849,0.84672,3695.15,0,18.483,0.108282,0.329115,1.74514,3.37147,1.4331,3.90435,0.42336,0,0,18.483,0.42336,442.007,0,1.02816,0,0,1.35727,0.329115,1.028160,1,0,24.8271,0,0,0,24.8271,0
61.0412,2.67187,0,0,1.50477,0.0916449,0.36288,3.6288,61.2356,0.387227,0,0,0.6185,0.289953,0,0.66528,12.849,1,0.547867,0.36288,0,23.9024,5.59303,18.1244,0.84672,12.849,0.84672,3695.15,0,18.483,0.116766,0.303031,1.74513,2.99227,1.45567,3.468,0.42336,0,0,18.483,0.42336,442.007,0,1.02816,0,0,1.33119,0.303031,1.028160,1,0,21.5924,0,0,0,21.5924,0
59.26,2.65984,0,0,1.3319,0.0904284,0.36288,3.6288,61.119,0.407298,0,0,0.580519,0.289846,0,0.66528,12.849,1,0.559888,0.36288,0,22.5635,5.59303,16.7735,0.84672,12.849,0.84672,3695.15,0,18.483,0.122936,0.261274,1.78712,2.99394,1.45567,3.46373,0.42336,0,0,18.483,0.42336,442.007,0,1.00191,0,0,1.26319,0.261274,1.028160,1,0,20.2372,0,0,0,20.2372,0
57.3799,2.64599,0,0,1.21774,0.08898,0.36288,3.6288,60.9328,0.457364,0,0,0.560765,0.289632,0,0.66528,12.849,1,0.573715,0.36288,0,21.1895,5.59303,15.3856,0.84672,12.849,0.84672,3695.15,0,18.483,0.138311,0.227405,1.78711,2.85259,1.45567,3.27313,0.42336,0,0,18.483,0.42336,442.007,0,0.936464,0,0,1.16387,0.227405,1.028160,1,0,18.6588,0,0,0,18.6588,0
55.3585,2.63062,0,0,1.04497,0.0728742,0.36288,3.6288,60.7298,0.465785,0,0,0.558475,0.295638,0,0.66528,12.849,1,0.589072,0.36288,0,20.212,5.85234,14.1335,0.84672,12.849,0.84672,3695.15,0,18.483,0.141288,0.227405,1.7871,2.83448,1.47094,3.23676,0.42336,0,0,18.483,0.42336,442.007,0,0.925059,0,0,1.15246,0.227405,1.028160,1,0,17.3702,0,0,0,17.3702,0
53.0054,2.78767,0,0,0.888097,0.0906229,0.36288,3.6288,60.3939,0.572112,0,0,0.515912,0.27971,0,0.66528,12.849,1,0.647034,0.36288,0,18.0755,5.38616,12.4052,0.84672,12.849,0.84672,3695.15,0,18.483,0.174121,0.227405,1.7871,2.58624,1.42734,2.99927,0.42336,0,0,18.483,0.42336,442.007,0,0.917801,0,0,1.14521,0.227405,1.028160,1,0,15.4045,0,0,0,15.4045,0
50.73,2.76454,0,0,0.942157,0.0901378,0.36288,3.6288,60.0492,0.577755,0,0,0.511426,0.278398,0,0.66528,12.849,1,0.67015,0.36288,0,17.0834,5.33127,11.4449,0.84672,12.849,0.84672,3695.15,0,18.483,0.176817,0.227405,1.9293,2.70681,1.43986,3.24684,0.42336,0,0,18.483,0.42336,442.007,0,0.909455,0,0,1.13686,0.227405,1.028160,1,0,14.6917,0,0,0,14.6917,0
48.9442,2.74054,0,0,1.4141,0.0964457,0.36288,3.6288,59.8963,0.486206,0,0,0.608966,0.27566,0,0.66528,12.849,1,0.694131,0.36288,0,25.2266,5.2719,19.6234,0.84672,12.849,0.84672,3695.15,0,18.483,0.149653,0.33334,1.92929,2.87657,1.43257,3.55697,0.42336,0,0,18.483,0.42336,442.007,0,1.02816,0,0,1.3615,0.33334,1.028160,1,0,23.1804,0,0,0,23.1804,0
47.7448,2.72047,0,0,1.99118,0.107281,0.36288,3.6288,59.9256,0.485908,0,0,0.781618,0.266372,0,0.66528,12.849,1,0.714187,0.36288,0,32.9274,5.27624,27.2998,0.84672,12.849,0.84672,3695.15,0,18.483,0.149943,0.397941,1.92928,3.16716,1.41231,3.93214,0.42336,0,0,18.483,0.42336,442.007,0,1.02816,0,0,1.4261,0.397941,1.028160,1,0,31.232,0,0,0,31.232,0
45.8458,2.70632,0,0,1.25495,0.0846975,0.36288,3.6288,59.7779,0.485958,0,0,0.610318,0.272117,0,0.66528,12.849,1,0.728321,0.36288,0,30.2206,5.29805,24.5571,0.84672,12.849,0.84672,3695.15,0,18.483,0.149885,0.44852,1.92927,2.70117,1.41434,3.51473,0.42336,0,0,18.483,0.42336,442.007,0,1.02816,0,0,1.47668,0.44852,1.028160,1,0,28.0718,0,0,0,28.0718,0
43.9134,2.60089,0,0,1.10303,0.0717116,0.36288,3.6288,59.6095,0.424516,0,0,0.534338,0.278209,0,0.66528,12.849,1,0.72894,0.36288,0,24.731,5.22847,19.1364,0.84672,12.849,0.84672,3695.15,0,18.483,0.131258,0.347069,1.92926,2.74704,1.41703,3.47508,0.42336,0,0,18.483,0.42336,442.007,0,1.02816,0,0,1.37523,0.347069,1.028160,1,0,22.6115,0,0,0,22.6115,0
42.1708,2.57606,0,0,1.29661,0.100251,0.36288,3.6288,59.4802,0.424227,0,0,0.542879,0.247913,0,0.66528,12.849,1,0.753753,0.36288,0,24.9114,4.81321,19.7073,0.84672,12.849,0.84672,3695.15,0,18.483,0.131539,0.381845,1.84776,2.86878,1.28724,3.67961,0.42336,0,0,18.483,0.42336,442.007,0,1.02816,0,0,1.41,0.381845,1.028160,1,0,23.3869,0,0,0,23.3869,0
42.7368,2.55218,0,0,3.65303,0.171979,0.36288,3.6288,60.2014,0.424003,0,0,1.3179,0.172778,0,0.66528,12.849,1,0.777623,0.36288,0,79.5963,3.77507,75.4065,0.84672,12.849,0.84672,3695.15,0,18.483,0.131756,1.28543,1.84775,7.63578,0.962748,9.67446,0.42336,0,0,18.483,0.42336,442.007,0,1.02816,0,0,2.31359,1.28543,1.028160,1,0,85.0809,0,0,0,85.0809,0
42.1643,2.56009,0,0,2.52535,0.174895,0.36288,3.6288,60.3832,0.425205,0,0,0.791391,0.184364,0,0.66528,12.849,1,0.769701,0.36288,0,56.368,3.76628,52.1949,0.84672,12.849,0.84672,3695.15,0,18.483,0.130546,0.946814,1.84774,4.29839,0.968876,5.99352,0.42336,0,0,18.483,0.42336,442.007,0,1.02816,0,0,1.97497,0.946814,1.028160,1,0,58.1884,0,0,0,58.1884,0
44.5284,2.48614,0,0,5.39749,0.184356,0.36288,3.6288,61.1242,0.369704,0,0,1.36009,0.249386,0,0.66528,12.849,1,0.757617,0.36288,0,85.8237,3.71353,81.7154,0.84672,12.849,0.84672,3695.15,0,18.483,0.113165,2.65148,1.84773,7.01952,1.00565,10.3999,0.42336,0,0,18.483,0.42336,442.007,0,1.02816,0,0,3.67964,2.65148,1.028160,1,0,92.1154,0,0,0,92.1154,0
45.3321,2.51734,0,0,3.87334,0.189435,0.36288,3.6288,61.308,0.370752,0,0,1.162,0.250561,0.356864,0.66528,12.849,1,0.726398,0.36288,0,75.3148,3.71353,71.2377,0.84672,12.849,0.84672,3695.15,0,18.483,0.11211,1.3126,1.7753,5.97092,1.00565,7.94106,0.42336,0,0,18.483,0.42336,442.007,0,1.02816,0,0,2.34076,1.3126,1.028160,1,0,79.5357,0,0,0,79.5357,0
47.4852,2.52736,0,0,5.23458,0.191162,0.36288,3.6288,61.308,0.371005,0,0,1.18292,0.250853,0.561062,0.66528,12.849,1,0.71636,0.36288,0,78.8599,3.71353,74.7929,0.84672,12.849,0.84672,3695.15,0,18.483,0.11185,2.01048,1.77529,6.64796,1.00565,9.31624,0.42336,0,0,18.483,0.42336,442.007,0,1.02816,0,0,3.03864,2.01048,1.028160,1,0,84.6702,0,0,0,84.6702,0
48.2795,2.55292,0,0,3.90581,0.195788,0.36288,3.6288,61.308,0.370999,0,0,0.687533,0.250853,0.0656808,0.66528,12.849,1,0.690792,0.36288,0,74.3143,3.71353,70.2728,0.84672,12.849,0.84672,3695.15,0,18.483,0.111848,0.928411,1.77528,5.51995,1.00565,7.10615,0.42336,0,0,18.483,0.42336,442.007,0,1.02816,0,0,1.95657,0.928411,1.028160,1,0,77.4447,0,0,0,77.4447,0
49.5574,2.36894,0,0,4.26705,0.257322,0.36288,3.6288,61.308,0.254377,0,0,2.70669,0.215194,2.23712,0.66528,12.849,1,0.630465,0.36288,0,82.0843,4.09188,77.7249,0.84672,12.849,0.84672,3695.15,0,18.483,0.0766889,3.58052,1.77528,11.3046,1.09622,15.4874,0.42336,0,0,18.483,0.42336,442.007,0,1.02816,0,0,4.60868,3.58052,1.028160,1,0,95.4494,0,0,0,95.4494,0
49.8738,2.38184,0,0,3.32141,0.260277,0.36288,3.6288,61.308,0.254372,0,0,1.27273,0.219124,0.799237,0.66528,12.849,1,0.617552,0.36288,0,67.5985,4.27045,63.0734,0.84672,12.849,0.84672,3695.15,0,18.483,0.0766874,2.74255,1.61223,6.15716,1.14922,9.28603,0.42336,0,0,18.483,0.42336,442.007,0,1.02816,0,0,3.77071,2.74255,1.028160,1,0,73.1586,0,0,0,73.1586,0
50.2203,2.38494,0,0,3.35408,0.259697,0.36288,3.6288,61.308,0.254367,0,0,0.749669,0.226141,0.269161,0.66528,12.849,1,0.614434,0.36288,0,64.4747,4.29634,59.9268,0.84672,12.849,0.84672,3695.15,0,18.483,0.0766859,1.13366,1.61222,6.61056,1.16919,8.11056,0.42336,0,0,18.483,0.42336,442.007,0,1.02816,0,0,2.16182,1.13366,1.028160,1,0,68.3065,0,0,0,68.3065,0
50.133,2.38831,0,0,2.91578,0.251894,0.36288,3.6288,61.308,0.254362,0,0,0.830138,0.268244,0.307532,0.66528,12.849,1,0.611055,0.36288,0,68.8262,4.45169,64.1263,0.84672,12.849,0.84672,3695.15,0,18.483,0.0766845,0.92759,1.61221,3.79012,1.28906,4.96417,0.42336,0,0,18.483,0.42336,442.007,0,1.02816,0,0,1.95575,0.92759,1.028160,1,0,69.398,0,0,0,69.398,0
52.5642,2.38745,0,0,5.43619,0.254665,0.36288,3.6288,61.308,0.254357,0,0,1.69835,0.252693,1.1913,0.66528,12.849,1,0.611899,0.36288,0,95.1463,4.62995,90.2673,0.84672,12.849,0.84672,3695.15,0,18.483,0.076683,2.22746,1.6122,10.0094,1.2634,12.5089,0.42336,0,0,18.483,0.42336,442.007,0,1.02816,0,0,3.25562,2.22746,1.028160,1,0,103.968,0,0,0,103.968,0
59.1744,2.48568,0,0,9.71292,0.254231,0.36288,3.6288,61.308,0.288119,0,0,1.89116,0.244715,1.35832,0.66528,12.849,1,0.60761,0.36288,0,101.638,5.33117,96.0625,0.84672,12.849,0.84672,3695.15,0,18.483,0.0868614,2.70593,1.6122,9.79983,1.32493,12.7062,0.42336,0,0,18.483,0.42336,442.007,0,1.02816,0,0,3.73409,2.70593,1.028160,1,0,110.127,0,0,0,110.127,0
62.6667,2.54142,0,0,6.66818,0.271532,0.36288,3.6288,61.308,0.288108,0,0,1.09502,0.244715,0.562202,0.66528,12.849,1,0.55184,0.36288,0,93.712,5.33117,88.1919,0.84672,12.849,0.84672,3695.15,0,18.483,0.0868581,1.0353,1.66375,5.83869,1.32493,7.12595,0.42336,0,0,18.483,0.42336,442.007,0,1.02816,0,0,2.06346,1.0353,1.028160,1,0,95.8801,0,0,0,95.8801,0
65.3124,2.56692,0,0,5.85541,0.279904,0.36288,3.6288,61.308,0.288097,0,0,0.95294,0.244715,0.420128,0.66528,12.849,1,0.526313,0.36288,0,113.201,5.33117,107.707,0.84672,12.849,0.84672,3695.15,0,18.483,0.0868548,0.84348,1.66373,6.70594,1.32493,7.80138,0.42336,0,0,18.483,0.42336,442.007,0,1.02816,0,0,1.87164,0.84348,1.028160,1,0,115.928,0,0,0,115.928,0
66.9418,2.58471,0,0,4.86966,0.292713,0.36288,3.6288,61.308,0.34227,0,0,0.770049,0.235943,0.191836,0.66528,12.849,1,0.508493,0.36288,0,75.1853,4.85161,70.1881,0.84672,12.849,0.84672,3695.15,0,18.483,0.103187,0.503194,1.66372,4.18789,1.19583,5.05579,0.42336,0,0,18.483,0.42336,442.007,0,0.95764,0,0,1.46083,0.503194,1.028160,1,0,75.4357,0,0,0,75.4357,0
69.4477,2.84818,0,0,5.97095,0.253929,0.36288,3.6288,61.308,0.414833,0,0,1.62323,0.248533,0.959865,0.66528,12.849,1,0.546688,0.36288,0,111.827,4.51389,107.129,0.84672,12.849,0.84672,3695.15,0,18.483,0.125063,2.28277,1.6637,10.3802,1.29034,12.9113,0.42336,0,0,18.483,0.42336,442.007,0,1.02816,0,0,3.31093,2.28277,1.028160,1,0,121,0,0,0,121,0
72.29,2.8648,0,0,7.63355,0.260644,1.66584,3.6288,61.308,0.414821,0,0,1.66171,0.242926,1.00396,0.66528,12.849,1,0.530036,1.66584,0,145.039,4.44707,141.728,0.84672,12.849,0.84672,3695.15,0,18.483,0.125059,2.58249,1.84768,10.3753,1.26455,13.4158,0.42336,0,0,18.483,0.42336,442.007,0,1.02816,0,0,3.61065,2.58249,1.028160,1,0,156.147,0,0,0,156.147,0
72.29,2.88246,0,0,6.48419,0.266389,3.33534,3.6288,61.308,0.414808,0,0,2.12623,0.242926,1.46849,0.66528,12.849,1,0.512336,3.33534,0,121.593,4.44707,119.969,0.84672,12.849,0.84672,3695.15,0,18.483,0.125056,2.78567,1.84766,11.6053,1.26455,14.8491,0.42336,0,0,18.483,0.42336,442.007,0,1.02816,0,0,3.81383,2.78567,1.028160,1,0,136.287,0,0,0,136.287,0
72.29,2.88243,0,0,6.37758,0.303594,3.19155,3.6288,61.308,0.414796,0,0,2.12057,0.237185,1.46859,0.66528,12.849,1,0.512331,3.19155,0,119.253,4.47758,117.454,0.84672,12.849,0.84672,3695.15,0,18.483,0.125052,2.51736,1.84764,10.517,1.27283,13.4841,0.42336,0,0,18.483,0.42336,442.007,0,1.02816,0,0,3.54552,2.51736,1.028160,1,0,132.407,0,0,0,132.407,0
72.29,2.51704,0,0,5.51564,0.367348,2.63125,3.6288,61.308,0.24468,0,0,1.64552,0.138554,1.26229,0.66528,12.849,1,0.447385,2.63125,0,128.027,2.22401,127.987,0.84672,12.849,0.84672,3695.15,0,18.483,0.0737656,2.55294,1.84762,10.5407,0.764922,14.1026,0.42336,0,0,18.483,0.42336,442.007,0,1.02816,0,0,3.5811,2.55294,1.028160,1,0,143.351,0,0,0,143.351,0
72.29,2.51702,0,0,7.29251,0.367348,4.40814,3.6288,61.308,0.24467,0,0,2.42663,0.138554,2.04341,0.66528,12.849,1,0.447381,4.40814,0,190.585,2.22401,192.321,0.84672,12.849,0.84672,3695.15,0,18.483,0.0737625,4.52995,1.59592,15.9582,0.764922,21.2454,0.42336,0,0,18.483,0.42336,442.007,0,1.02816,0,0,5.55811,4.52995,1.028160,1,0,215.61,0,0,0,215.61,0
72.29,2.51699,0,0,8.02691,0.369853,5.14006,3.6288,61.308,0.244659,0,0,2.90352,0.16915,2.48971,0.66528,12.849,1,0.447376,5.14006,0,197.55,3.09023,199.153,0.84672,12.849,0.84672,3695.15,0,18.483,0.0737593,5.91951,1.59591,22.0919,0.898319,28.6352,0.42336,0,0,18.483,0.42336,442.007,0,1.02816,0,0,6.94767,5.91951,1.028160,1,0,230.278,0,0,0,230.278,0
72.29,2.51697,0,0,5.55719,0.371733,2.66849,3.6288,61.308,0.244649,0,0,1.74717,0.192098,1.31043,0.66528,12.849,1,0.447372,2.66849,0,164.042,3.73989,162.524,0.84672,12.849,0.84672,3695.15,0,18.483,0.0737561,3.10899,1.59589,11.5811,0.998368,15.2138,0.42336,0,0,18.483,0.42336,442.007,0,1.02816,0,0,4.13715,3.10899,1.028160,1,0,179.048,0,0,0,179.048,0
72.29,2.51694,0,0,9.1445,0.35459,6.27297,3.6288,61.308,0.244638,0,0,4.46391,0.161119,4.05815,0.66528,12.849,1,0.447367,6.27297,0,160.919,3.38733,163.357,0.84672,12.849,0.84672,3695.15,0,18.483,0.073753,5.87571,1.59587,19.1891,0.831496,25.7554,0.42336,0,0,18.483,0.42336,442.007,0,1.02816,0,0,6.90387,5.87571,1.028160,1,0,193.171,0,0,0,193.171,0
72.29,2.60888,0,0,11.1931,0.341732,8.24251,3.6288,61.308,0.286239,0,0,4.61607,0.137885,4.19194,0.66528,12.849,1,0.463708,8.24251,0,169.017,3.12291,173.673,0.84672,12.849,0.84672,3695.15,0,18.483,0.0862948,5.30495,1.59586,25.8539,0.706343,31.9621,0.42336,0,0,18.483,0.42336,442.007,0,1.02816,0,0,6.33311,5.30495,1.028160,1,0,209.827,0,0,0,209.827,0
72.29,2.60885,0,0,8.05913,0.338841,5.11144,3.6288,61.308,0.286228,0,0,3.41634,0.129984,3.00013,0.66528,12.849,1,0.463703,5.11144,0,177.495,2.90707,179.236,0.84672,12.849,0.84672,3695.15,0,18.483,0.0862915,5.93338,1.65798,16.7342,0.676149,23.5631,0.42336,0,0,18.483,0.42336,442.007,0,1.02816,0,0,6.96154,5.93338,1.028160,1,0,205.799,0,0,0,205.799,0
72.29,2.60882,0,0,6.90958,0.294067,4.00669,3.6288,61.308,0.286217,0,0,2.60439,0.112186,2.20599,0.66528,12.849,1,0.463699,4.00669,0,128.815,1.9943,130.364,0.84672,12.849,0.84672,3695.15,0,18.483,0.0862882,4.2978,1.65796,13.7296,0.601916,18.9971,0.42336,0,0,18.483,0.42336,442.007,0,1.02816,0,0,5.32596,4.2978,1.028160,1,0,151.567,0,0,0,151.567,0
72.29,2.6088,0,0,5.65614,0.263269,2.78407,3.6288,61.308,0.286207,0,0,2.13961,0.161819,1.69158,0.66528,12.849,1,0.463694,2.78407,0,108.683,2.92135,108.082,0.84672,12.849,0.84672,3695.15,0,18.483,0.0862849,3.86935,1.65795,9.92581,0.796944,14.5699,0.42336,0,0,18.483,0.42336,442.007,0,1.02816,0,0,4.89751,3.86935,1.028160,1,0,124.344,0,0,0,124.344,0
72.29,2.57282,0,0,4.37665,0.221208,1.58263,3.6288,61.308,0.270035,0,0,1.34106,0.205951,0.865072,0.66528,12.849,1,0.457299,1.58263,0,85.568,4.13167,82.5616,0.84672,12.849,0.84672,3695.15,0,18.483,0.0814095,2.28175,1.65793,7.4444,0.939723,10.3629,0.42336,0,0,18.483,0.42336,442.007,0,1.02816,0,0,3.30991,2.28175,1.028160,1,0,93.7896,0,0,0,93.7896,0
72.29,2.57279,0,0,4.14171,0.211793,1.35712,3.6288,61.308,0.270024,0,0,1.25316,0.209071,0.774068,0.66528,12.849,1,0.457294,1.35712,0,80.3019,4.15947,77.0422,0.84672,12.849,0.84672,3695.15,0,18.483,0.0814062,2.18566,1.63373,6.89714,0.941664,9.69346,0.42336,0,0,18.483,0.42336,442.007,0,1.02816,0,0,3.21382,2.18566,1.028160,1,0,87.5098,0,0,0,87.5098,0
72.29,2.57276,0,0,3.83194,0.211793,1.04739,3.6288,61.308,0.270013,0,0,1.36286,0.209071,0.883781,0.66528,12.849,1,0.457289,1.04739,0,73.0426,4.15947,69.4732,0.84672,12.849,0.84672,3695.15,0,18.483,0.081403,2.48388,1.63371,7.11901,0.941664,10.2135,0.42336,0,0,18.483,0.42336,442.007,0,1.02816,0,0,3.51204,2.48388,1.028160,1,0,80.5705,0,0,0,80.5705,0
72.29,2.57274,0,0,3.62582,0.222652,0.830429,3.6288,61.308,0.270002,0,0,1.46586,0.185789,1.01007,0.66528,12.849,1,0.457285,0.830429,0,68.3761,3.93813,64.8111,0.84672,12.849,0.84672,3695.15,0,18.483,0.0813997,2.61563,1.63369,7.72494,0.859548,11.0333,0.42336,0,0,18.483,0.42336,442.007,0,1.02816,0,0,3.64379,2.61563,1.028160,1,0,76.8545,0,0,0,76.8545,0
72.1906,2.69475,0,0,3.13468,0.176414,0.36288,3.6288,61.308,0.3273,0,0,1.11239,0.211276,0.573815,0.66528,12.849,1,0.478972,0.36288,0,55.7923,4.71174,50.9644,0.84672,12.849,0.84672,3695.15,0,18.483,0.0986737,1.35594,1.63368,5.6836,0.882697,7.69184,0.42336,0,0,18.483,0.42336,442.007,0,1.02816,0,0,2.3841,1.35594,1.028160,1,0,59.2301,0,0,0,59.2301,0
71.772,2.69417,0,0,2.77047,0.132005,0.36288,3.6288,61.308,0.327289,0,0,0.842962,0.207926,0.307747,0.66528,12.849,1,0.479527,0.36288,0,48.9864,4.42848,44.4413,0.84672,12.849,0.84672,3695.15,0,18.483,0.0986703,1.20595,1.71822,5.10677,0.912793,7.01947,0.42336,0,0,18.483,0.42336,442.007,0,1.02816,0,0,2.23411,1.20595,1.028160,1,0,51.7685,0,0,0,51.7685,0
71.1717,2.69177,0,0,2.56313,0.108842,0.36288,3.6288,61.308,0.327277,0,0,0.856958,0.213281,0.3164,0.66528,12.849,1,0.481894,0.36288,0,44.3783,4.59102,39.6683,0.84672,12.849,0.84672,3695.15,0,18.483,0.0986669,1.21029,1.7182,5.03891,0.882704,6.98603,0.42336,0,0,18.483,0.42336,442.007,0,1.02816,0,0,2.23845,1.21029,1.028160,1,0,46.9707,0,0,0,46.9707,0
70.4954,2.6883,0,0,2.48328,0.108344,0.36288,3.6288,61.308,0.327266,0,0,0.897972,0.213281,0.357426,0.66528,12.849,1,0.485332,0.36288,0,42.1089,4.59102,37.3954,0.84672,12.849,0.84672,3695.15,0,18.483,0.0986635,1.12882,1.71818,5.23066,0.882704,7.09631,0.42336,0,0,18.483,0.42336,442.007,0,1.02816,0,0,2.15698,1.12882,1.028160,1,0,44.8491,0,0,0,44.8491,0
70.0198,2.68433,0,0,2.67742,0.105871,0.36288,3.6288,61.308,0.327255,0,0,0.762402,0.245582,0.189565,0.66528,12.849,1,0.489265,0.36288,0,40.9431,4.68006,36.1366,0.84672,12.849,0.84672,3695.15,0,18.483,0.0986601,0.655232,1.71817,4.29142,1.02939,5.53677,0.42336,0,0,18.483,0.42336,442.007,0,1.02816,0,0,1.68339,0.655232,1.028160,1,0,41.8629,0,0,0,41.8629,0
69.7181,2.65748,0,0,2.82277,0.104055,0.36288,3.6288,61.308,0.358739,0,0,0.682949,0.269808,0.0544016,0.66528,12.849,1,0.487661,0.36288,0,41.6167,4.74684,36.7451,0.84672,12.849,0.84672,3695.15,0,18.483,0.108152,0.339906,1.71815,4.02703,1.13941,4.83753,0.42336,0,0,18.483,0.42336,442.007,0,1.02816,0,0,1.36807,0.339906,1.028160,1,0,41.637,0,0,0,41.637,0
69.1898,2.65567,0,0,2.59405,0.103813,0.36288,3.6288,61.308,0.358728,0,0,0.66331,0.269808,0.0347744,0.66528,12.849,1,0.489438,0.36288,0,40.9594,4.74684,36.086,0.84672,12.849,0.84672,3695.15,0,18.483,0.108148,0.340476,1.74448,4.06077,1.13941,4.89816,0.42336,0,0,18.483,0.42336,442.007,0,1.02816,0,0,1.36864,0.340476,1.028160,1,0,41.0189,0,0,0,41.0189,0
68.4323,2.65249,0,0,2.36121,0.103389,0.36288,3.6288,61.2203,0.438333,0,0,0.620412,0.269808,0,0.66528,12.849,1,0.492585,0.36288,0,39.3211,4.74684,34.4445,0.84672,12.849,0.84672,3695.15,0,18.483,0.132148,0.261274,1.74446,3.81472,1.13941,4.5489,0.42336,0,0,18.483,0.42336,442.007,0,0.92454,0,0,1.18581,0.261274,1.028160,1,0,38.9934,0,0,0,38.9934,0
67.4549,2.64787,0,0,2.12505,0.0916457,0.36288,3.6288,61.0106,0.474789,0,0,0.563903,0.298822,0,0.66528,12.849,1,0.497171,0.36288,0,33.9137,5.19588,28.5836,0.84672,12.849,0.84672,3695.15,0,18.483,0.143343,0.261274,1.74444,3.48897,1.29258,4.05876,0.42336,0,0,18.483,0.42336,442.007,0,0.876874,0,0,1.13815,0.261274,1.028160,1,0,32.6423,0,0,0,32.6423,0
66.2964,2.70345,0,0,1.99664,0.0888571,0.36288,3.6288,60.6138,0.589476,0,0,0.512595,0.3199,0,0.66528,12.849,1,0.514961,0.36288,0,33.7045,5.91402,27.6384,0.84672,12.849,0.84672,3695.15,0,18.483,0.17858,0.261274,1.74442,2.72157,1.49028,3.05841,0.42336,0,0,18.483,0.42336,442.007,0,0.763465,0,0,1.02474,0.261274,1.028160,1,0,30.6968,0,0,0,30.6968,0
65.0419,2.69589,0,0,1.89232,0.0880463,0.36288,3.6288,60.2413,0.512023,0,0,0.458588,0.319096,0,0.66528,12.849,1,0.522493,0.36288,0,29.7809,5.91402,23.7072,0.84672,12.849,0.84672,3695.15,0,18.483,0.156131,0.261274,1.78638,2.84261,1.49028,3.24385,0.42336,0,0,18.483,0.42336,442.007,0,0.863352,0,0,1.12463,0.261274,1.028160,1,0,26.9511,0,0,0,26.9511,0
63.6734,2.68744,0,0,1.76898,0.0871682,0.36288,3.6288,59.7619,0.585334,0,0,0.424297,0.318341,0,0.66528,12.849,1,0.530903,0.36288,0,28.3173,5.91402,22.2352,0.84672,12.849,0.84672,3695.15,0,18.483,0.17959,0.261274,1.78637,2.49431,1.49028,2.87207,0.42336,0,0,18.483,0.42336,442.007,0,0.766567,0,0,1.02784,0.261274,1.028160,1,0,25.1073,0,0,0,25.1073,0
62.2916,2.67792,0,0,1.74521,0.0862104,0.36288,3.6288,59.3981,0.505442,0,0,0.459048,0.31737,0,0.66528,12.849,1,0.540392,0.36288,0,26.2756,5.91402,20.1841,0.84672,12.849,0.84672,3695.15,0,18.483,0.156322,0.227405,1.78635,2.82074,1.49028,3.18789,0.42336,0,0,18.483,0.42336,442.007,0,0.869711,0,0,1.09712,0.227405,1.028160,1,0,23.372,0,0,0,23.372,0
60.1908,2.84614,0,0,1.20044,0.0921592,0.36288,3.6288,58.739,0.724116,0,0,0.376884,0.311848,0,0.66528,12.849,1,0.587078,0.36288,0,21.3505,6.01174,15.1145,0.84672,12.849,0.84672,3695.15,0,18.483,0.225324,0.227405,1.78633,2.56649,1.51149,2.84341,0.42336,0,0,18.483,0.42336,442.007,0,0.713871,0,0,0.941276,0.227405,1.028160,1,0,17.9579,0,0,0,17.9579,0
57.732,2.82922,0,0,0.839048,0.105737,0.36288,3.6288,57.9116,0.832321,0,0,0.306335,0.301492,0,0.66528,12.849,1,0.603957,0.36288,0,16.4046,5.84146,10.3221,0.84672,12.849,0.84672,3695.15,0,18.483,0.261901,0.227405,1.92846,2.01538,1.47814,2.43121,0.42336,0,0,18.483,0.42336,442.007,0,0.569074,0,0,0.796478,0.227405,1.028160,1,0,12.7533,0,0,0,12.7533,0
55.462,2.80816,0,0,1.00426,0.103255,0.36288,3.6288,57.1632,0.777532,0,0,0.329084,0.299889,0,0.66528,12.849,1,0.624991,0.36288,0,16.9778,5.84146,10.8742,0.84672,12.849,0.84672,3695.15,0,18.483,0.248157,0.227405,1.92844,2.21063,1.47814,2.64018,0.42336,0,0,18.483,0.42336,442.007,0,0.637589,0,0,0.864994,0.227405,1.028160,1,0,13.5144,0,0,0,13.5144,0
53.9059,2.78736,0,0,1.71719,0.123033,0.36288,3.6288,56.6427,0.64997,0,0,0.42268,0.293216,0,0.66528,12.849,1,0.645753,0.36288,0,28.2149,5.69304,22.239,0.84672,12.849,0.84672,3695.15,0,18.483,0.21016,0.204422,1.92842,2.44699,1.45993,2.90974,0.42336,0,0,18.483,0.42336,442.007,0,0.803131,0,0,1.00755,0.204422,1.028160,1,0,25.1487,0,0,0,25.1487,0
52.4861,2.77228,0,0,1.81355,0.0982583,0.36288,3.6288,56.2135,0.566558,0,0,0.454772,0.317437,0,0.66528,12.849,1,0.660799,0.36288,0,29.6919,6.0059,23.3881,0.84672,12.849,0.84672,3695.15,0,18.483,0.184873,0.204422,1.9284,2.61046,1.4919,3.06651,0.42336,0,0,18.483,0.42336,442.007,0,0.911814,0,0,1.11624,0.204422,1.028160,1,0,26.4546,0,0,0,26.4546,0
50.7564,2.67374,0,0,1.44361,0.136631,0.36288,3.6288,55.8862,0.424717,0,0,0.40845,0.310996,0,0.66528,12.849,1,0.654553,0.36288,0,24.0619,4.87363,18.8966,0.84672,12.849,0.84672,3695.15,0,18.483,0.139647,0.204422,1.92838,2.7207,1.22514,3.48872,0.42336,0,0,18.483,0.42336,442.007,0,1.01884,0,0,1.22326,0.204422,1.028160,1,0,22.3853,0,0,0,22.3853,0
49.1691,2.65592,0,0,1.62656,0.195094,0.36288,3.6288,55.7627,0.417085,0,0,0.572124,0.27853,0,0.66528,12.849,1,0.672346,0.36288,0,23.2023,4.0172,18.8756,0.84672,12.849,0.84672,3695.15,0,18.483,0.137941,0.566257,1.8469,3.6334,1.03812,4.8705,0.42336,0,0,18.483,0.42336,442.007,0,1.02816,0,0,1.59442,0.566257,1.028160,1,0,23.7461,0,0,0,23.7461,0
47.499,2.63868,0,0,1.52586,0.194344,0.36288,3.6288,55.6479,0.416844,0,0,0.581242,0.279276,0,0.66528,12.849,1,0.689547,0.36288,0,28.5582,4.03347,24.1981,0.84672,12.849,0.84672,3695.15,0,18.483,0.138166,0.518823,1.84689,3.67622,1.04744,4.85633,0.42336,0,0,18.483,0.42336,442.007,0,1.02816,0,0,1.54698,0.518823,1.028160,1,0,29.0544,0,0,0,29.0544,0
46.0388,2.61957,0,0,1.71304,0.190847,0.36288,3.6288,55.6761,0.416618,0,0,0.7239,0.279065,0,0.66528,12.849,1,0.708622,0.36288,0,45.945,4.03347,41.5658,0.84672,12.849,0.84672,3695.15,0,18.483,0.138376,0.819236,1.84687,4.68011,1.04744,6.1604,0.42336,0,0,18.483,0.42336,442.007,0,1.02816,0,0,1.8474,0.819236,1.028160,1,0,47.7262,0,0,0,47.7262,0
44.1148,2.53476,0,0,1.21279,0.239152,0.36288,3.6288,55.7431,0.361972,0,0,0.679697,0.250682,0,0.66528,12.849,1,0.707428,0.36288,0,48.7444,5.28381,43.116,0.84672,12.849,0.84672,3695.15,0,18.483,0.120165,0.689593,1.84685,2.64339,1.2135,3.84617,0.42336,0,0,18.483,0.42336,442.007,0,1.02816,0,0,1.71775,0.689593,1.028160,1,0,46.9622,0,0,0,46.9622,0
42.2112,2.51084,0,0,1.20417,0.234021,0.36288,3.6288,55.8467,0.362069,0,0,0.716491,0.250792,0,0.66528,12.849,1,0.731314,0.36288,0,30.1742,5.28381,24.522,0.84672,12.849,0.84672,3695.15,0,18.483,0.120053,0.841182,1.77444,2.60715,1.2135,3.88922,0.42336,0,0,18.483,0.42336,442.007,0,1.02816,0,0,1.86934,0.841182,1.028160,1,0,28.4112,0,0,0,28.4112,0
43.8873,2.48553,0,0,4.73437,0.209837,0.36288,3.6288,56.413,0.362225,0,0,1.16155,0.233034,0,0.66528,12.849,1,0.75659,0.36288,0,75.778,4.85557,70.5287,0.84672,12.849,0.84672,3695.15,0,18.483,0.119882,1.81262,1.77442,6.97591,1.242,9.20107,0.42336,0,0,18.483,0.42336,442.007,0,1.02816,0,0,2.84078,1.81262,1.028160,1,0,79.7298,0,0,0,79.7298,0
